5896358955358513046
8016731149625864370
1779281120235042110
7196266411674554368
3896010399170147587
4204471460018303910
3159643892569801110
3737635650877940855
546960236124654608
2776888858026346365
5820706265677719135
420292943029515637
7158228594698779781
7376625660721489042
5839509821751272860
5210833456475221841
7899493300157142034
697073105759480269
5809399052914872227
2057909903460133994
1221345081614209477
7252074906178545503
3712956461027657442
2008907309570689453
3928363649402512180
4275183120444302794
7102506122751228813
3442520487102279065
2404411545535534280
6990155264863631615
5192245877720377991
8033569224504949185
8619543593757090233
1023525827562816677
868345193988332467
5300881956419103460
1993971700290982859
2254113481559975435
3568231548795854174
5756508426186236398
1086328549291446253
