484806185843093489
4219457405427907235
7309940385334237743
1420052706459400740
3132326258768729143
3394979529978938239
7956536540478288960
6452900031824671063
6772603432636054556
1424665327171895173
1431348066566932968
3941336756034580715
1503191614089492773
8110663468741290990
9147129661833587558
5221797255719614626
55411538136720492
2881060639005617760
2120090046821723763
5499991615272674611
6105563283321887062
5888965561877447036
4291706568640266163
7194306251949794638
8869018158643600458
6791828356968382696
4245042552790771277
4528391889290670831
1284945672489363765
2027745333831851761
226216363256580172
6895378818991516291
8727485397340111755
657070463987715267
7753940112227685379
7965293553015376524
6189391917187610042
5130844505531187853
6636232377391960297
3937612914725950854
4855668352291734553
6181536930444734779
6617179428660612426
7024236687192545299
6469489248687525114
8650194206863455706
219602589878935038
7335201056252104502
2202158810409137126
2506108877001422316
6507800679503166357
5718196445725297835
2280823119808743756
5397005882441633319
445452966031145345
1541097410654331810
5818100544690602936
3987827014520816348
1096718949685239825
