timestamp,event,pod_name,pod_uid,priority,time_s
2026/02/03/23:56:09,apply-time,rs-000128-s8bww,a04b5e0b-3244-4ceb-a259-4348da1f3f02,3,21.431576
2026/02/03/23:56:09,running-time,rs-000128-s8bww,a04b5e0b-3244-4ceb-a259-4348da1f3f02,3,21.431576
2026/02/03/23:56:10,apply-time,rs-000128-8km62,2d6ad1ac-1db5-4d1d-ac7a-fb750ea1fa9c,3,21.431576
2026/02/03/23:56:10,running-time,rs-000128-8km62,2d6ad1ac-1db5-4d1d-ac7a-fb750ea1fa9c,3,21.431576
2026/02/03/23:56:10,apply-time,rs-000128-pb68l,38ea4538-e4ba-4445-997f-32ffa78c7633,3,21.431576
2026/02/03/23:56:10,running-time,rs-000128-pb68l,38ea4538-e4ba-4445-997f-32ffa78c7633,3,21.431576
2026/02/03/23:56:12,apply-time,rs-000130-l2w2g,51df06fd-12cd-4d15-8f83-6a7f30b340d4,4,23.431576
2026/02/03/23:56:12,running-time,rs-000130-l2w2g,51df06fd-12cd-4d15-8f83-6a7f30b340d4,4,23.431576
2026/02/03/23:56:50,apply-time,rs-000133-9rrcc,dc0ac2ef-9d38-415f-a524-ea7b1fdeb05b,1,62.431576
2026/02/03/23:56:50,apply-time,rs-000133-bmx4d,99176041-9c99-4d66-9fad-1b10e03dcd76,1,62.431576
2026/02/03/23:56:51,running-time,rs-000133-9rrcc,dc0ac2ef-9d38-415f-a524-ea7b1fdeb05b,1,62.431576
2026/02/03/23:56:51,running-time,rs-000133-bmx4d,99176041-9c99-4d66-9fad-1b10e03dcd76,1,62.431576
2026/02/03/23:57:07,apply-time,rs-000134-625b7,e001bd5d-d6fe-4fd4-a0b8-0195ee331897,3,80.431576
2026/02/03/23:57:07,apply-time,rs-000134-bwh6g,26028b3c-c67d-49a8-81a2-fe21b57904cf,3,80.431576
2026/02/03/23:57:07,apply-time,rs-000134-zcbqj,17c6b49a-b438-48bb-9a59-7a8c0c2f9b7e,3,80.431576
2026/02/03/23:57:09,running-time,rs-000134-625b7,e001bd5d-d6fe-4fd4-a0b8-0195ee331897,3,80.431576
2026/02/03/23:57:09,running-time,rs-000134-bwh6g,26028b3c-c67d-49a8-81a2-fe21b57904cf,3,80.431576
2026/02/03/23:57:09,running-time,rs-000134-zcbqj,17c6b49a-b438-48bb-9a59-7a8c0c2f9b7e,3,80.431576
2026/02/03/23:57:09,apply-time,rs-000135-5tzvw,e05f671e-40ce-4592-b3ef-0b606793753d,1,81.431576
2026/02/03/23:57:09,running-time,rs-000135-5tzvw,e05f671e-40ce-4592-b3ef-0b606793753d,1,81.431576
2026/02/03/23:57:09,apply-time,rs-000136-2kcwb,686f80de-f4b0-4558-8334-ddb5951ba49b,1,81.431576
2026/02/03/23:57:09,running-time,rs-000136-2kcwb,686f80de-f4b0-4558-8334-ddb5951ba49b,1,81.431576
2026/02/03/23:57:09,apply-time,rs-000136-ghph4,a579055f-e8bc-4ef8-86be-8d7f9823b24a,1,80.431576
2026/02/03/23:57:09,running-time,rs-000136-ghph4,a579055f-e8bc-4ef8-86be-8d7f9823b24a,1,81.431576
2026/02/03/23:57:09,apply-time,rs-000137-lb9vj,6aa99727-d44a-4fbc-9f8d-0694f0305e21,3,81.431576
2026/02/03/23:57:09,running-time,rs-000137-lb9vj,6aa99727-d44a-4fbc-9f8d-0694f0305e21,3,81.431576
2026/02/03/23:57:09,apply-time,rs-000138-gpfvr,bb6512f3-d81d-4ad8-9eb8-ae7181240e44,3,81.431576
2026/02/03/23:57:09,running-time,rs-000138-gpfvr,bb6512f3-d81d-4ad8-9eb8-ae7181240e44,3,81.431576
2026/02/03/23:57:09,apply-time,rs-000138-h2gkb,b3cb08bc-d494-41e2-812a-2850819c5803,3,81.431576
2026/02/03/23:57:09,running-time,rs-000138-h2gkb,b3cb08bc-d494-41e2-812a-2850819c5803,3,81.431576
2026/02/03/23:57:09,apply-time,rs-000139-pfhpl,60aaa039-d513-42d2-a1eb-4a725ceb4481,1,81.431576
2026/02/03/23:57:09,running-time,rs-000139-pfhpl,60aaa039-d513-42d2-a1eb-4a725ceb4481,1,81.431576
2026/02/03/23:57:13,apply-time,rs-000140-gq8zs,6b03c9b7-fe82-42de-a883-d8794d7dbc1e,1,85.431576
2026/02/03/23:57:13,apply-time,rs-000140-kvz4b,6f87b565-543d-42d8-9075-58c07c5bf0fa,1,85.431576
2026/02/03/23:57:13,apply-time,rs-000140-nrf2j,efcea4a5-5a38-49ab-a556-235026fbc212,1,85.431576
2026/02/03/23:57:13,apply-time,rs-000141-5m42q,c8b4e862-f573-48f9-93d0-db16ad11c43e,1,85.431576
2026/02/03/23:57:13,running-time,rs-000141-5m42q,c8b4e862-f573-48f9-93d0-db16ad11c43e,1,85.431576
2026/02/03/23:57:14,apply-time,rs-000142-9vm4n,64fb2c9f-31d1-4136-bd0a-7e144bb0b4a7,2,85.431576
2026/02/03/23:57:14,running-time,rs-000142-9vm4n,64fb2c9f-31d1-4136-bd0a-7e144bb0b4a7,2,86.431576
2026/02/03/23:57:14,apply-time,rs-000142-sgcmw,0447a8d5-084b-4d34-bb91-55fb8df0d8c1,2,85.431576
2026/02/03/23:57:14,running-time,rs-000142-sgcmw,0447a8d5-084b-4d34-bb91-55fb8df0d8c1,2,85.431576
2026/02/03/23:57:14,apply-time,rs-000143-xvvw8,7652ba11-8efb-4ec3-a294-a3fcfb4d150a,3,85.431576
2026/02/03/23:57:14,running-time,rs-000143-xvvw8,7652ba11-8efb-4ec3-a294-a3fcfb4d150a,3,85.431576
2026/02/03/23:57:14,apply-time,rs-000144-6kckh,f35d3496-0e47-47ce-a914-072f92df2267,1,85.431576
2026/02/03/23:57:14,running-time,rs-000144-6kckh,f35d3496-0e47-47ce-a914-072f92df2267,1,86.431576
2026/02/03/23:57:14,apply-time,rs-000145-wjmkq,a5987d4d-424c-4faf-a211-1aa426d49004,1,85.431576
2026/02/03/23:57:14,running-time,rs-000145-wjmkq,a5987d4d-424c-4faf-a211-1aa426d49004,1,86.431576
2026/02/03/23:57:14,apply-time,rs-000146-45l28,de7731cb-16ec-49f6-93af-189fba80a53c,2,86.431576
2026/02/03/23:57:14,running-time,rs-000146-45l28,de7731cb-16ec-49f6-93af-189fba80a53c,2,86.431576
2026/02/03/23:57:14,apply-time,rs-000146-ctqwv,5784f765-2443-45a6-b698-c5beb08cdd64,2,85.431576
2026/02/03/23:57:14,running-time,rs-000146-ctqwv,5784f765-2443-45a6-b698-c5beb08cdd64,2,86.431576
2026/02/03/23:57:14,apply-time,rs-000147-6zdjv,91f3882c-57dd-4b60-ab28-33d6e79b5eee,1,86.431576
2026/02/03/23:57:16,apply-time,rs-000148-4ndcn,42cad978-1d63-440c-9b5d-db6d35be179b,1,87.431576
2026/02/03/23:57:16,running-time,rs-000148-4ndcn,42cad978-1d63-440c-9b5d-db6d35be179b,1,87.431576
2026/02/03/23:57:16,apply-time,rs-000149-ds47r,41ab9b75-62ec-46c5-8624-c3a996cfd874,2,88.431576
2026/02/03/23:57:16,running-time,rs-000149-ds47r,41ab9b75-62ec-46c5-8624-c3a996cfd874,2,88.431576
2026/02/03/23:57:16,apply-time,rs-000149-mctth,8ba8df84-de59-437f-999c-18aa3a1e3c32,2,87.431576
2026/02/03/23:57:16,running-time,rs-000149-mctth,8ba8df84-de59-437f-999c-18aa3a1e3c32,2,88.431576
2026/02/03/23:57:16,apply-time,rs-000150-t792j,fd412507-35ee-41fc-92b9-b088079cf036,2,87.431576
2026/02/03/23:57:16,apply-time,rs-000151-2h4s5,407fa367-0f97-42ae-8a2f-fa598e6616a7,3,87.431576
2026/02/03/23:57:16,running-time,rs-000151-2h4s5,407fa367-0f97-42ae-8a2f-fa598e6616a7,3,88.431576
2026/02/03/23:57:16,apply-time,rs-000151-ptjf2,3e93617f-a29d-4cc3-8f23-d146c174bb04,3,87.431576
2026/02/03/23:57:16,running-time,rs-000151-ptjf2,3e93617f-a29d-4cc3-8f23-d146c174bb04,3,87.431576
2026/02/03/23:57:16,apply-time,rs-000152-5bddt,fd398192-f94a-4c12-90be-51a3f7a36042,2,87.431576
2026/02/03/23:57:16,running-time,rs-000152-5bddt,fd398192-f94a-4c12-90be-51a3f7a36042,2,88.431576
2026/02/03/23:57:16,apply-time,rs-000152-wkmzj,3d5b9f1e-36ea-42b4-b3cf-19f7672ffd3d,2,88.431576
2026/02/03/23:57:16,running-time,rs-000152-wkmzj,3d5b9f1e-36ea-42b4-b3cf-19f7672ffd3d,2,88.431576
2026/02/03/23:57:16,apply-time,rs-000152-zm4bx,61901b4b-8793-4c57-bdc2-3871d26f620a,2,88.431576
2026/02/03/23:57:16,running-time,rs-000152-zm4bx,61901b4b-8793-4c57-bdc2-3871d26f620a,2,88.431576
2026/02/03/23:57:16,apply-time,rs-000153-2lxmj,8a2694a0-3e25-4af3-9e34-577397d10c36,4,88.431576
2026/02/03/23:57:16,running-time,rs-000153-2lxmj,8a2694a0-3e25-4af3-9e34-577397d10c36,4,88.431576
2026/02/03/23:57:16,apply-time,rs-000153-sbs7c,0e984636-bbe5-4fd5-add2-0c76649e650c,4,88.431576
2026/02/03/23:57:16,running-time,rs-000153-sbs7c,0e984636-bbe5-4fd5-add2-0c76649e650c,4,88.431576
2026/02/03/23:57:19,apply-time,rs-000154-lrdzx,1b9775df-8910-4175-936c-d5cad76353f5,2,90.431576
2026/02/03/23:57:19,running-time,rs-000154-lrdzx,1b9775df-8910-4175-936c-d5cad76353f5,2,90.431576
2026/02/03/23:57:19,apply-time,rs-000155-6spcs,c0c0beab-ed9e-4222-9fa8-e7df87cef389,2,90.431576
2026/02/03/23:57:19,running-time,rs-000155-6spcs,c0c0beab-ed9e-4222-9fa8-e7df87cef389,2,90.431576
2026/02/03/23:57:24,apply-time,rs-000156-grxx7,9de805ae-6d44-42ce-bf47-c8a99b7a46d9,2,96.431576
2026/02/03/23:57:24,running-time,rs-000156-grxx7,9de805ae-6d44-42ce-bf47-c8a99b7a46d9,2,96.431576
2026/02/03/23:57:30,apply-time,rs-000157-frr7c,127d8dd1-a9ba-4b91-a234-99d9fd8e2905,2,102.431576
2026/02/03/23:57:30,apply-time,rs-000157-vcq6p,ba53e60a-f0a7-42cf-b735-cfe3ddd77e3f,2,102.431576
2026/02/03/23:57:30,apply-time,rs-000158-5whgl,bd5e67dc-9fce-45c2-89ab-35e479cc5fa4,2,101.431576
2026/02/03/23:57:30,running-time,rs-000158-5whgl,bd5e67dc-9fce-45c2-89ab-35e479cc5fa4,2,102.431576
2026/02/03/23:57:30,apply-time,rs-000158-d7sqn,4a372d2f-6e73-4905-9613-03483ae3b283,2,102.431576
2026/02/03/23:57:30,running-time,rs-000158-d7sqn,4a372d2f-6e73-4905-9613-03483ae3b283,2,102.431576
2026/02/03/23:57:30,apply-time,rs-000159-d7qwj,457da61e-ddd3-43f2-872d-49f14397eee9,2,101.431576
2026/02/03/23:57:30,apply-time,rs-000159-nrlbs,63218560-6701-4c05-95da-483c436a7876,2,101.431576
2026/02/03/23:57:30,apply-time,rs-000159-nvtgp,5ddcc6cd-0839-46a0-b905-fc7379b16192,2,101.431576
2026/02/03/23:57:30,apply-time,rs-000160-5l5df,ce0e0034-4f57-4af3-bfe7-51c68b9fab77,2,101.431576
2026/02/03/23:57:30,running-time,rs-000160-5l5df,ce0e0034-4f57-4af3-bfe7-51c68b9fab77,2,102.431576
2026/02/03/23:57:30,apply-time,rs-000160-j657p,045860a7-60be-4f02-b41c-5161b3d754b3,2,101.431576
2026/02/03/23:57:30,running-time,rs-000160-j657p,045860a7-60be-4f02-b41c-5161b3d754b3,2,102.431576
2026/02/03/23:57:30,apply-time,rs-000161-29p9f,17081877-a9d0-467f-8c20-cf27520f46e2,1,102.431576
2026/02/03/23:57:30,running-time,rs-000161-29p9f,17081877-a9d0-467f-8c20-cf27520f46e2,1,102.431576
2026/02/03/23:57:44,apply-time,rs-000162-4p27z,e1a29bca-5855-49f7-8bbf-4d0242dd3068,4,115.431576
2026/02/03/23:57:44,running-time,rs-000162-4p27z,e1a29bca-5855-49f7-8bbf-4d0242dd3068,4,116.431576
2026/02/03/23:57:44,apply-time,rs-000162-5q5lw,fcc6eb45-22b1-4b0c-968b-6f040ff28d4d,4,115.431576
2026/02/03/23:57:44,running-time,rs-000162-5q5lw,fcc6eb45-22b1-4b0c-968b-6f040ff28d4d,4,116.431576
2026/02/03/23:57:44,apply-time,rs-000163-qh7lj,785d9633-7188-4cdf-9ae8-1a608765fa26,2,115.431576
2026/02/03/23:57:44,apply-time,rs-000163-zp2gc,868cff08-dbf1-49e5-9f60-6b6ca9698436,2,115.431576
2026/02/03/23:57:44,running-time,rs-000163-zp2gc,868cff08-dbf1-49e5-9f60-6b6ca9698436,2,115.431576
2026/02/03/23:57:44,apply-time,rs-000164-dkp8j,b8d6fa43-ae74-4583-b469-b43afae5df9b,4,116.431576
2026/02/03/23:57:44,running-time,rs-000164-dkp8j,b8d6fa43-ae74-4583-b469-b43afae5df9b,4,116.431576
2026/02/03/23:57:44,apply-time,rs-000165-4gwlp,645d6023-8224-4216-9c73-22093f216d88,1,116.431576
2026/02/03/23:57:44,running-time,rs-000165-4gwlp,645d6023-8224-4216-9c73-22093f216d88,1,116.431576
2026/02/03/23:57:44,apply-time,rs-000166-dlnrh,c921a418-b5f2-42f2-9275-686392e9aa0d,3,116.431576
2026/02/03/23:57:44,running-time,rs-000166-dlnrh,c921a418-b5f2-42f2-9275-686392e9aa0d,3,116.431576
2026/02/03/23:57:44,apply-time,rs-000167-p7cbf,0fcd7d5b-d2c9-4fc1-82c3-e0f43389be40,1,116.431576
2026/02/03/23:57:44,running-time,rs-000167-p7cbf,0fcd7d5b-d2c9-4fc1-82c3-e0f43389be40,1,116.431576
2026/02/03/23:57:44,apply-time,rs-000167-rvfr5,2bf810ba-05cf-4e27-8db3-25f057a5e357,1,116.431576
2026/02/03/23:57:44,running-time,rs-000167-rvfr5,2bf810ba-05cf-4e27-8db3-25f057a5e357,1,116.431576
2026/02/03/23:57:44,apply-time,rs-000168-ksw68,a8cf7927-f489-4f65-a60c-97eed40d8587,4,116.431576
2026/02/03/23:57:44,running-time,rs-000168-ksw68,a8cf7927-f489-4f65-a60c-97eed40d8587,4,116.431576
2026/02/03/23:57:45,apply-time,rs-000169-dfzfw,232657cd-442a-4ba3-afc9-eacad92620a6,1,116.431576
2026/02/03/23:57:45,running-time,rs-000169-dfzfw,232657cd-442a-4ba3-afc9-eacad92620a6,1,116.431576
2026/02/03/23:57:45,apply-time,rs-000169-w8g8s,3b28a3ae-4966-4d8c-bfca-dfe983c38c87,1,117.431576
2026/02/03/23:57:45,running-time,rs-000169-w8g8s,3b28a3ae-4966-4d8c-bfca-dfe983c38c87,1,117.431576
2026/02/03/23:57:45,apply-time,rs-000170-7dzqp,8593e213-32ea-4557-9250-f20cf15b2c9e,1,117.431576
2026/02/03/23:57:45,running-time,rs-000170-7dzqp,8593e213-32ea-4557-9250-f20cf15b2c9e,1,117.431576
2026/02/03/23:57:45,apply-time,rs-000170-zs4lf,2262b9ac-22d9-404b-99b7-af9439998dc8,1,117.431576
2026/02/03/23:57:45,running-time,rs-000170-zs4lf,2262b9ac-22d9-404b-99b7-af9439998dc8,1,117.431576
2026/02/03/23:57:46,apply-time,rs-000171-7h27r,9426403f-c0c3-4541-ae50-ab23e427022d,2,118.431576
2026/02/03/23:57:46,apply-time,rs-000171-bsc6z,ebf4c8a2-a9b4-464e-8c3a-ac05774a6d7c,2,118.431576
2026/02/03/23:57:46,apply-time,rs-000172-76jxc,b6674e3c-f5bd-4a83-a035-5ffab4256972,3,118.431576
2026/02/03/23:57:46,running-time,rs-000172-76jxc,b6674e3c-f5bd-4a83-a035-5ffab4256972,3,118.431576
2026/02/03/23:57:46,apply-time,rs-000172-p7drc,97b5196b-4f8c-4158-8a21-987692ffbd71,3,118.431576
2026/02/03/23:57:46,running-time,rs-000172-p7drc,97b5196b-4f8c-4158-8a21-987692ffbd71,3,118.431576
2026/02/03/23:57:46,apply-time,rs-000173-rcp29,47dc0574-d4a3-4a3d-a253-c4da00766032,3,118.431576
2026/02/03/23:57:46,running-time,rs-000173-rcp29,47dc0574-d4a3-4a3d-a253-c4da00766032,3,118.431576
2026/02/03/23:57:46,apply-time,rs-000174-fcfvr,72a52b52-574e-41b1-a317-cf8259cd4723,3,118.431576
2026/02/03/23:57:46,running-time,rs-000174-fcfvr,72a52b52-574e-41b1-a317-cf8259cd4723,3,118.431576
2026/02/03/23:57:51,running-time,rs-000163-qh7lj,785d9633-7188-4cdf-9ae8-1a608765fa26,2,123.431576
2026/02/03/23:58:01,apply-time,rs-000175-2vcgs,7dbfb051-5028-4bb6-a292-db51a97964e1,4,133.431576
2026/02/03/23:58:01,running-time,rs-000175-2vcgs,7dbfb051-5028-4bb6-a292-db51a97964e1,4,133.431576
2026/02/03/23:58:01,apply-time,rs-000175-bz7dd,4ff83348-ea35-4b22-b57c-8e78640c623d,4,133.431576
2026/02/03/23:58:01,running-time,rs-000175-bz7dd,4ff83348-ea35-4b22-b57c-8e78640c623d,4,133.431576
2026/02/03/23:58:01,apply-time,rs-000176-mrwgd,feb53584-d9f5-4e9f-9298-28f982d8e773,2,133.431576
2026/02/03/23:58:01,running-time,rs-000176-mrwgd,feb53584-d9f5-4e9f-9298-28f982d8e773,2,133.431576
2026/02/03/23:58:02,apply-time,rs-000177-q4s2w,3112764c-6a7d-4b2d-87b2-08f6038129cc,1,133.431576
2026/02/03/23:58:02,running-time,rs-000177-q4s2w,3112764c-6a7d-4b2d-87b2-08f6038129cc,1,133.431576
2026/02/03/23:58:02,apply-time,rs-000178-b6bcp,80ca5fbf-c320-4cef-b2c3-cd202ec665f8,1,133.431576
2026/02/03/23:58:02,apply-time,rs-000178-f6v4m,88ab7be2-bbba-4222-9707-8e70953844b3,1,133.431576
2026/02/03/23:58:02,apply-time,rs-000178-jqcsz,fba8d087-1270-4770-b3ea-90cb562c90ab,1,133.431576
2026/02/03/23:58:02,apply-time,rs-000179-d6fd7,2baf2846-ff70-41bb-a6be-e9c2046d7808,3,133.431576
2026/02/03/23:58:02,running-time,rs-000179-d6fd7,2baf2846-ff70-41bb-a6be-e9c2046d7808,3,134.431576
2026/02/03/23:58:02,apply-time,rs-000179-gxmqk,912699a0-a0c0-41d6-9403-874ef1ff66f0,3,133.431576
2026/02/03/23:58:02,running-time,rs-000179-gxmqk,912699a0-a0c0-41d6-9403-874ef1ff66f0,3,134.431576
2026/02/03/23:58:02,apply-time,rs-000179-n5gk4,6f4c799b-6405-4a34-9ff3-a3f13c8cd2d1,3,133.431576
2026/02/03/23:58:02,running-time,rs-000179-n5gk4,6f4c799b-6405-4a34-9ff3-a3f13c8cd2d1,3,133.431576
2026/02/03/23:58:32,apply-time,rs-000180-bhz2r,96cdaef9-f407-4c9c-850b-385b2da9b5f0,3,164.431576
2026/02/03/23:58:32,running-time,rs-000180-bhz2r,96cdaef9-f407-4c9c-850b-385b2da9b5f0,3,164.431576
2026/02/03/23:58:33,apply-time,rs-000181-92p28,b1399737-cf78-495c-88a7-44ac3a78b111,1,164.431576
2026/02/03/23:58:33,apply-time,rs-000181-ctm2t,e29b35c0-3fc9-451c-9909-945a2255c59c,1,164.431576
2026/02/03/23:58:33,apply-time,rs-000182-z7s9w,4cd46e12-210a-40ce-97ef-9a9c4425dabf,2,164.431576
2026/02/03/23:58:33,running-time,rs-000182-z7s9w,4cd46e12-210a-40ce-97ef-9a9c4425dabf,2,164.431576
2026/02/03/23:58:33,apply-time,rs-000183-nk446,2df876be-e8ad-4e63-b8b0-d92c1f8ca7b7,3,165.431576
2026/02/03/23:58:33,running-time,rs-000183-nk446,2df876be-e8ad-4e63-b8b0-d92c1f8ca7b7,3,165.431576
2026/02/03/23:58:33,apply-time,rs-000184-dvxbr,f6b7ef32-235a-4776-8f74-487d8a73e7b0,2,165.431576
2026/02/03/23:58:33,running-time,rs-000184-dvxbr,f6b7ef32-235a-4776-8f74-487d8a73e7b0,2,165.431576
2026/02/03/23:58:33,apply-time,rs-000184-nvxl2,9ab26a0a-ac8f-4019-92ea-b10b6f997b6a,2,165.431576
2026/02/03/23:58:33,running-time,rs-000184-nvxl2,9ab26a0a-ac8f-4019-92ea-b10b6f997b6a,2,165.431576
2026/02/03/23:58:33,apply-time,rs-000185-hs88b,8928deaa-b5ff-4e6a-a058-536e9aece526,4,165.431576
2026/02/03/23:58:33,running-time,rs-000185-hs88b,8928deaa-b5ff-4e6a-a058-536e9aece526,4,165.431576
2026/02/03/23:58:33,apply-time,rs-000185-tsv7l,6591cccd-26a7-4825-8d49-3929094e4605,4,165.431576
2026/02/03/23:58:33,running-time,rs-000185-tsv7l,6591cccd-26a7-4825-8d49-3929094e4605,4,165.431576
2026/02/03/23:58:33,apply-time,rs-000186-2qxjg,cace3eb4-767c-41f3-8ccd-0a9d4c4ae344,4,165.431576
2026/02/03/23:58:33,running-time,rs-000186-2qxjg,cace3eb4-767c-41f3-8ccd-0a9d4c4ae344,4,165.431576
2026/02/03/23:58:33,apply-time,rs-000187-fcbwr,84a0c659-1bf3-43db-a391-3b12a993368a,4,165.431576
2026/02/03/23:58:33,running-time,rs-000187-fcbwr,84a0c659-1bf3-43db-a391-3b12a993368a,4,165.431576
2026/02/03/23:58:33,apply-time,rs-000187-v26j7,892a63a1-733c-43c8-ab5d-7942de39dd3d,4,165.431576
2026/02/03/23:58:33,running-time,rs-000187-v26j7,892a63a1-733c-43c8-ab5d-7942de39dd3d,4,165.431576
2026/02/03/23:58:33,apply-time,rs-000188-plhsz,bd68576a-e13b-44c8-97cf-82ff6f3e3f63,1,165.431576
2026/02/03/23:58:33,running-time,rs-000188-plhsz,bd68576a-e13b-44c8-97cf-82ff6f3e3f63,1,165.431576
2026/02/03/23:58:33,apply-time,rs-000188-qlsg7,e451ce57-9f90-456f-995d-564f575f4055,1,165.431576
2026/02/03/23:58:33,running-time,rs-000188-qlsg7,e451ce57-9f90-456f-995d-564f575f4055,1,165.431576
2026/02/03/23:58:33,apply-time,rs-000188-s6bh6,e0081a67-a530-433a-8211-92fe55b8c7c5,1,165.431576
2026/02/03/23:58:33,running-time,rs-000188-s6bh6,e0081a67-a530-433a-8211-92fe55b8c7c5,1,165.431576
2026/02/03/23:58:36,apply-time,rs-000189-58wc2,0de4d9d5-f5d9-4689-83ad-9d5b0a47c82d,2,167.431576
2026/02/03/23:58:36,running-time,rs-000189-58wc2,0de4d9d5-f5d9-4689-83ad-9d5b0a47c82d,2,167.431576
2026/02/03/23:58:36,apply-time,rs-000189-5kjxr,85cc5161-f7b2-4a26-823e-a2c055facb3d,2,167.431576
2026/02/03/23:58:36,running-time,rs-000189-5kjxr,85cc5161-f7b2-4a26-823e-a2c055facb3d,2,167.431576
2026/02/03/23:58:36,apply-time,rs-000189-ccn4q,9890e605-539b-4349-af95-7ca90d0f1472,2,167.431576
2026/02/03/23:58:36,running-time,rs-000189-ccn4q,9890e605-539b-4349-af95-7ca90d0f1472,2,167.431576
2026/02/03/23:58:36,apply-time,rs-000190-5cgkr,6dfc68c1-c682-4bfd-9f57-02514f86e227,4,167.431576
2026/02/03/23:58:36,running-time,rs-000190-5cgkr,6dfc68c1-c682-4bfd-9f57-02514f86e227,4,167.431576
2026/02/03/23:58:36,apply-time,rs-000190-tkj6c,96f23bfe-20af-45c5-aba0-ac9b6540bb65,4,167.431576
2026/02/03/23:58:36,running-time,rs-000190-tkj6c,96f23bfe-20af-45c5-aba0-ac9b6540bb65,4,167.431576
2026/02/03/23:58:36,apply-time,rs-000191-jxrb9,8306c125-5e08-4991-b40b-801e4a86a2db,2,168.431576
2026/02/03/23:58:36,running-time,rs-000191-jxrb9,8306c125-5e08-4991-b40b-801e4a86a2db,2,168.431576
2026/02/03/23:58:36,apply-time,rs-000191-pgzh9,c42f9005-5bbc-4538-ae04-6137bdb41af0,2,168.431576
2026/02/03/23:58:36,running-time,rs-000191-pgzh9,c42f9005-5bbc-4538-ae04-6137bdb41af0,2,168.431576
2026/02/03/23:58:36,apply-time,rs-000191-znlhk,ff160f15-d8fb-4e06-86b7-761eccdcb910,2,168.431576
2026/02/03/23:58:36,running-time,rs-000191-znlhk,ff160f15-d8fb-4e06-86b7-761eccdcb910,2,168.431576
2026/02/03/23:58:36,apply-time,rs-000192-g5g7k,c29a16b7-86fc-49f4-82a5-8a205b8f4294,2,168.431576
2026/02/03/23:58:36,running-time,rs-000192-g5g7k,c29a16b7-86fc-49f4-82a5-8a205b8f4294,2,168.431576
2026/02/03/23:58:36,apply-time,rs-000192-pwz8b,5134d348-88fc-4cf6-92a1-31bb1664a31e,2,168.431576
2026/02/03/23:58:36,running-time,rs-000192-pwz8b,5134d348-88fc-4cf6-92a1-31bb1664a31e,2,168.431576
2026/02/03/23:59:04,running-time,rs-000147-6zdjv,91f3882c-57dd-4b60-ab28-33d6e79b5eee,1,195.431576
2026/02/03/23:59:04,running-time,rs-000150-t792j,fd412507-35ee-41fc-92b9-b088079cf036,2,195.431576
2026/02/03/23:59:29,apply-time,rs-000193-989zb,ae74fee2-5860-4749-9522-1e354f1e2c10,4,220.431576
2026/02/03/23:59:29,running-time,rs-000193-989zb,ae74fee2-5860-4749-9522-1e354f1e2c10,4,220.431576
2026/02/03/23:59:33,apply-time,rs-000194-6fq7c,a223aa4b-e0eb-4114-83e9-a4d4e350d689,3,224.431576
2026/02/03/23:59:33,running-time,rs-000194-6fq7c,a223aa4b-e0eb-4114-83e9-a4d4e350d689,3,224.431576
2026/02/03/23:59:33,apply-time,rs-000194-lqnx4,d3aa4188-5466-482b-8f0f-cd46b0816719,3,224.431576
2026/02/03/23:59:33,running-time,rs-000194-lqnx4,d3aa4188-5466-482b-8f0f-cd46b0816719,3,224.431576
2026/02/03/23:59:33,apply-time,rs-000194-wgsvk,99efdc3e-bb58-474c-bb5a-e3645f23377a,3,224.431576
2026/02/03/23:59:33,running-time,rs-000194-wgsvk,99efdc3e-bb58-474c-bb5a-e3645f23377a,3,224.431576
2026/02/03/23:59:33,apply-time,rs-000195-bvkq9,8f9a1696-927e-4f67-8280-ebc4f62b4ac4,3,224.431576
2026/02/03/23:59:33,apply-time,rs-000195-px69q,b798a034-f0c4-48f0-ae4e-cda85131288b,3,224.431576
2026/02/03/23:59:33,apply-time,rs-000196-b85fw,aac6f15f-cb35-4d30-bbd4-0c44ddfca9fb,4,224.431576
2026/02/03/23:59:33,running-time,rs-000196-b85fw,aac6f15f-cb35-4d30-bbd4-0c44ddfca9fb,4,224.431576
2026/02/03/23:59:33,apply-time,rs-000196-qpqgg,f6d2244f-a48c-4cf3-91aa-079a17f757bc,4,224.431576
2026/02/03/23:59:33,running-time,rs-000196-qpqgg,f6d2244f-a48c-4cf3-91aa-079a17f757bc,4,224.431576
2026/02/03/23:59:33,apply-time,rs-000196-v9k5d,ae6a8b28-1c9d-4c77-ba91-0644ff6d1505,4,224.431576
2026/02/03/23:59:33,running-time,rs-000196-v9k5d,ae6a8b28-1c9d-4c77-ba91-0644ff6d1505,4,224.431576
2026/02/03/23:59:33,apply-time,rs-000197-cr5z5,d8a603ec-bc35-450e-aeb6-16af3a010973,1,224.431576
2026/02/03/23:59:33,running-time,rs-000197-cr5z5,d8a603ec-bc35-450e-aeb6-16af3a010973,1,224.431576
2026/02/03/23:59:33,apply-time,rs-000197-hjxgj,c0e1b455-1cad-4f1b-a34a-440fb4c5a56e,1,224.431576
2026/02/03/23:59:33,apply-time,rs-000197-lmnc8,8ba1b382-466e-4d69-8703-fe24847012ca,1,224.431576
2026/02/03/23:59:41,apply-time,rs-000198-6slnn,55f823bc-8f32-4879-9bd8-e8580ae35ab8,2,232.431576
2026/02/03/23:59:41,running-time,rs-000198-6slnn,55f823bc-8f32-4879-9bd8-e8580ae35ab8,2,232.431576
2026/02/03/23:59:41,apply-time,rs-000198-vl966,2c844118-abfa-4c24-badb-09f002425260,2,232.431576
2026/02/03/23:59:41,running-time,rs-000198-vl966,2c844118-abfa-4c24-badb-09f002425260,2,232.431576
2026/02/03/23:59:41,apply-time,rs-000199-9t6qs,3538e67a-f9c4-48c9-92ca-491aa85989e0,1,232.431576
2026/02/03/23:59:41,running-time,rs-000199-9t6qs,3538e67a-f9c4-48c9-92ca-491aa85989e0,1,232.431576
2026/02/03/23:59:41,apply-time,rs-000200-h667s,3e2637d4-0b12-416a-bf00-c60cbe792b47,1,232.431576
2026/02/03/23:59:41,running-time,rs-000200-h667s,3e2637d4-0b12-416a-bf00-c60cbe792b47,1,232.431576
2026/02/03/23:59:41,apply-time,rs-000200-hwk2m,5dd5c982-029b-49b8-863d-c93f09d9f8bb,1,232.431576
2026/02/03/23:59:41,running-time,rs-000200-hwk2m,5dd5c982-029b-49b8-863d-c93f09d9f8bb,1,232.431576
2026/02/03/23:59:41,apply-time,rs-000200-tk4hv,8fc5a60d-8bfb-4faf-b0fd-6aa46280ccbc,1,232.431576
2026/02/03/23:59:41,running-time,rs-000200-tk4hv,8fc5a60d-8bfb-4faf-b0fd-6aa46280ccbc,1,232.431576
2026/02/03/23:59:41,apply-time,rs-000201-7gc4t,72484387-a0fc-4707-966c-266251744205,1,233.431576
2026/02/03/23:59:41,apply-time,rs-000201-88wf9,f5904e66-e1c8-414c-b6b5-c2819bf8729b,1,233.431576
2026/02/03/23:59:41,apply-time,rs-000202-pzvhv,4963e93b-2717-4fd9-be64-3b8d20ea11f2,2,233.431576
2026/02/03/23:59:41,running-time,rs-000202-pzvhv,4963e93b-2717-4fd9-be64-3b8d20ea11f2,2,233.431576
2026/02/03/23:59:47,apply-time,rs-000203-vssz2,f3fee739-7d68-4d0c-9489-e18a13854134,4,238.431576
2026/02/03/23:59:47,running-time,rs-000203-vssz2,f3fee739-7d68-4d0c-9489-e18a13854134,4,238.431576
2026/02/03/23:59:47,apply-time,rs-000203-zc86n,27da777c-d95b-46d4-8467-d85f39c2eb9f,4,238.431576
2026/02/03/23:59:47,running-time,rs-000203-zc86n,27da777c-d95b-46d4-8467-d85f39c2eb9f,4,238.431576
2026/02/03/23:59:47,apply-time,rs-000204-gz2th,e99a11f2-6b7e-449b-900e-dcbcd79e66f5,4,238.431576
2026/02/03/23:59:47,apply-time,rs-000204-s9htz,01da003a-6536-40f3-a8b4-9ea8df67768f,4,238.431576
2026/02/03/23:59:47,apply-time,rs-000204-vrt5r,4f55c91f-711b-4791-9f14-aa514edd8191,4,238.431576
2026/02/03/23:59:52,apply-time,rs-000205-c4wm2,80fc51c2-0de9-4c40-9d6e-ff130548b133,2,243.431576
2026/02/03/23:59:52,apply-time,rs-000205-jzqps,7e5f5239-e031-4e98-bb83-0b2afe3a448f,2,243.431576
2026/02/03/23:59:52,apply-time,rs-000205-tt6fq,ffc50443-7631-448d-a88d-b7e9c500e60f,2,243.431576
2026/02/03/23:59:52,apply-time,rs-000206-wk5c7,051b037d-b9f7-4b3a-a84f-11c033b0dffd,2,243.431576
2026/02/03/23:59:52,apply-time,rs-000207-psxcj,10ce6d15-4589-44a1-97ad-8b756b24e0f9,1,243.431576
2026/02/03/23:59:52,running-time,rs-000207-psxcj,10ce6d15-4589-44a1-97ad-8b756b24e0f9,1,244.431576
2026/02/03/23:59:52,apply-time,rs-000207-vh8jk,170f5b4c-1a39-49d6-85b5-760912ad3ba6,1,243.431576
2026/02/03/23:59:52,apply-time,rs-000208-lcwdm,d145df8d-0a5a-4de7-9491-544a45136f4c,2,243.431576
2026/02/03/23:59:52,apply-time,rs-000209-dqt7g,7329cd34-1755-4675-8abb-c3729e1a6caf,1,243.431576
2026/02/03/23:59:52,apply-time,rs-000210-klhcn,24f91a66-a82f-4005-a73e-8c52f97b9dde,2,244.431576
2026/02/03/23:59:52,apply-time,rs-000211-lvbpg,7f9c3440-1415-42a6-994d-2b4894c5edd8,1,244.431576
2026/02/03/23:59:52,running-time,rs-000211-lvbpg,7f9c3440-1415-42a6-994d-2b4894c5edd8,1,244.431576
2026/02/03/23:59:55,running-time,rs-000205-jzqps,7e5f5239-e031-4e98-bb83-0b2afe3a448f,2,246.431576
2026/02/03/23:59:55,running-time,rs-000208-lcwdm,d145df8d-0a5a-4de7-9491-544a45136f4c,2,246.431576
2026/02/03/23:59:56,apply-time,rs-000212-6gn9p,e409d572-ee42-47f3-8626-c905e75a88a9,3,248.431576
2026/02/03/23:59:56,apply-time,rs-000212-lvq8p,8266b995-2a56-497c-9c6f-ae7f2ff7561f,3,248.431576
2026/02/03/23:59:56,apply-time,rs-000212-s8v4p,f96fc5fb-09ed-4657-aec5-21b232b190ad,3,248.431576
2026/02/03/23:59:56,running-time,rs-000212-s8v4p,f96fc5fb-09ed-4657-aec5-21b232b190ad,3,248.431576
2026/02/03/23:59:56,apply-time,rs-000213-c7xtl,6a5c38c9-1fd3-4ff3-bab9-ee3114d7a3a4,2,248.431576
2026/02/03/23:59:56,apply-time,rs-000213-jtws4,b45fa20b-1343-4534-9d87-e5340f563c6c,2,248.431576
2026/02/03/23:59:57,running-time,rs-000207-vh8jk,170f5b4c-1a39-49d6-85b5-760912ad3ba6,1,248.431576
2026/02/03/23:59:57,running-time,rs-000212-6gn9p,e409d572-ee42-47f3-8626-c905e75a88a9,3,248.431576
2026/02/03/23:59:57,running-time,rs-000212-lvq8p,8266b995-2a56-497c-9c6f-ae7f2ff7561f,3,248.431576
2026/02/03/23:59:57,running-time,rs-000213-c7xtl,6a5c38c9-1fd3-4ff3-bab9-ee3114d7a3a4,2,248.431576
2026/02/03/23:59:57,running-time,rs-000213-jtws4,b45fa20b-1343-4534-9d87-e5340f563c6c,2,248.431576
2026/02/03/23:59:57,apply-time,rs-000214-ftx2c,7bb87f39-2f3c-4abb-87b7-f13b50dca8d9,2,249.431576
2026/02/03/23:59:57,apply-time,rs-000214-sh4r2,7ca3a048-08da-443a-89ac-d3c86c521f4b,2,249.431576
2026/02/03/23:59:57,apply-time,rs-000215-8glgt,15a3cd88-1fe8-4df7-b686-9c8b1d3ab8b2,1,249.431576
2026/02/03/23:59:57,apply-time,rs-000215-d7c4z,cb3d645e-630a-487c-ab8d-6f4b8d4d5f77,1,249.431576
2026/02/03/23:59:57,apply-time,rs-000215-xcrgb,8d744bfc-e6b6-4ac3-bcb5-24ce423e969d,1,249.431576
2026/02/03/23:59:57,apply-time,rs-000216-2kzl8,ec082a13-2a1c-4e92-a959-99b7ca92c7a6,1,249.431576
2026/02/03/23:59:57,apply-time,rs-000217-v6wnb,4103993e-528b-4c9c-b0b4-a89ae4c7c4f3,1,249.431576
2026/02/03/23:59:57,apply-time,rs-000218-scvln,7719b761-db79-45ab-8637-80ead2370c18,3,249.431576
2026/02/03/23:59:58,apply-time,rs-000219-mqdbh,46a5d45b-067f-4d70-8fef-5393ca1fa5dc,2,249.431576
2026/02/03/23:59:58,apply-time,rs-000219-s2ngh,64a6bddf-28c9-42f6-9b1a-d66fab4a31fd,2,249.431576
2026/02/03/23:59:58,apply-time,rs-000219-xj896,879ccc49-d33b-4f94-8436-00cc6792d9a1,2,249.431576
2026/02/03/23:59:58,apply-time,rs-000220-6l4s4,e753026f-6d42-4326-8fb9-2ef0ccb7a41b,2,249.431576
2026/02/03/23:59:58,apply-time,rs-000220-lv5k4,263800b5-279e-49a7-bf8c-6a802a1484d1,2,250.431576
2026/02/03/23:59:59,apply-time,rs-000221-2pqbt,270ebbbe-8ecd-4bd2-9fb1-de85edd7be5a,3,250.431576
2026/02/03/23:59:59,apply-time,rs-000221-vsghb,23f929c2-21d2-4421-bc2e-22790b0f89a1,3,250.431576
2026/02/03/23:59:59,apply-time,rs-000222-ptwhw,f9b79b78-8e6f-4121-a486-e83425e0cec1,2,250.431576
2026/02/03/23:59:59,apply-time,rs-000222-rwrrw,be4d7eff-f07e-4597-9bd2-1e90267a6045,2,250.431576
2026/02/03/23:59:59,apply-time,rs-000223-62k7r,bfcea332-a419-4e98-ab2c-79ed3e700c7f,1,250.431576
2026/02/03/23:59:59,apply-time,rs-000223-jdbd4,8739fcbf-a262-45ef-9a0b-b0938023387e,1,250.431576
2026/02/03/23:59:59,apply-time,rs-000223-kx2zr,b90b05d1-ba0d-420c-8877-c7508cf45925,1,250.431576
2026/02/04/00:00:00,running-time,rs-000219-mqdbh,46a5d45b-067f-4d70-8fef-5393ca1fa5dc,2,251.431576
2026/02/04/00:00:00,running-time,rs-000219-s2ngh,64a6bddf-28c9-42f6-9b1a-d66fab4a31fd,2,251.431576
2026/02/04/00:00:00,running-time,rs-000220-6l4s4,e753026f-6d42-4326-8fb9-2ef0ccb7a41b,2,251.431576
2026/02/04/00:00:00,running-time,rs-000221-2pqbt,270ebbbe-8ecd-4bd2-9fb1-de85edd7be5a,3,251.431576
2026/02/04/00:00:02,apply-time,rs-000224-2zwx2,c848763c-2667-4a61-b26c-03044aef6a2b,1,253.431576
2026/02/04/00:00:02,apply-time,rs-000224-q6h4h,edb3bcb9-aa3b-488f-ab99-f33064328b18,1,253.431576
2026/02/04/00:00:02,apply-time,rs-000225-klxsf,31f60908-e2e7-4629-963c-eaa4ca6ab275,4,253.431576
2026/02/04/00:00:02,running-time,rs-000225-klxsf,31f60908-e2e7-4629-963c-eaa4ca6ab275,4,253.431576
2026/02/04/00:00:02,apply-time,rs-000226-txnn5,466ac68a-0bc5-4603-bdf7-71590081e771,2,253.431576
2026/02/04/00:00:02,apply-time,rs-000226-vf8p8,f243bc08-7ae1-43f0-a08d-83d7ddecf7f7,2,253.431576
2026/02/04/00:00:02,apply-time,rs-000227-ld8qb,0fbb5046-c0bd-4037-8238-0f55925ec68b,1,253.431576
2026/02/04/00:00:02,running-time,rs-000227-ld8qb,0fbb5046-c0bd-4037-8238-0f55925ec68b,1,253.431576
2026/02/04/00:00:02,apply-time,rs-000227-qx7sz,0ad50509-48c7-4b7c-a9fe-152d06f6f170,1,253.431576
2026/02/04/00:00:02,running-time,rs-000227-qx7sz,0ad50509-48c7-4b7c-a9fe-152d06f6f170,1,253.431576
2026/02/04/00:00:03,running-time,rs-000226-vf8p8,f243bc08-7ae1-43f0-a08d-83d7ddecf7f7,2,255.431576
2026/02/04/00:00:03,apply-time,rs-000228-crwlz,3dcfe95c-3cba-4305-bda0-a9c43dbea832,2,254.431576
2026/02/04/00:00:03,apply-time,rs-000229-5sfgb,3dddcfef-1792-4984-8865-e35440d19ab8,1,254.431576
2026/02/04/00:00:05,apply-time,rs-000230-d6h5d,b084e690-8074-474d-9616-07eb9179cef3,1,257.431576
2026/02/04/00:00:05,apply-time,rs-000230-qzsgm,1772368c-6246-4675-badc-c9b9ccb109c0,1,257.431576
2026/02/04/00:00:05,apply-time,rs-000230-x74v5,bf5be001-80e0-4168-910e-fd8f76b5a5fe,1,257.431576
2026/02/04/00:00:06,running-time,rs-000224-2zwx2,c848763c-2667-4a61-b26c-03044aef6a2b,1,258.431576
2026/02/04/00:00:06,running-time,rs-000226-txnn5,466ac68a-0bc5-4603-bdf7-71590081e771,2,257.431576
2026/02/04/00:00:06,apply-time,rs-000231-5htr7,bd84be5c-90b8-496d-a578-7e6c0046be3e,1,257.431576
2026/02/04/00:00:06,apply-time,rs-000231-m6fc9,9155d1d3-1fcd-402a-9219-a1091fc58872,1,257.431576
2026/02/04/00:00:06,apply-time,rs-000232-b6kjd,53cde23e-b68b-477b-af06-06414ca019e5,4,257.431576
2026/02/04/00:00:06,apply-time,rs-000233-b9tkx,4cf75946-b5b5-4611-aa02-fa30764eeea2,1,257.431576
2026/02/04/00:00:06,apply-time,rs-000233-f4dhm,354aaea9-dfcf-45cb-9e00-650a095ee372,1,257.431576
2026/02/04/00:00:06,apply-time,rs-000234-kpxww,00fab87c-f267-4c1e-9b03-7062b39e42a6,1,257.431576
2026/02/04/00:00:06,apply-time,rs-000234-wxxs8,c5a5eb0b-4c67-4d82-9646-ef5a1aa71924,1,257.431576
2026/02/04/00:00:06,apply-time,rs-000235-bqlzm,25e808c0-2191-4998-978a-67badee2c443,2,257.431576
2026/02/04/00:00:06,apply-time,rs-000236-927dd,1e7d833c-5476-4a42-aaa3-d61501aa03dc,2,257.431576
2026/02/04/00:00:06,apply-time,rs-000236-zbsnm,19da1fa8-c9d4-4e53-ac2f-12be602fe461,2,257.431576
2026/02/04/00:00:06,apply-time,rs-000237-fvj62,7aacf7dd-ad8c-46f5-abb1-461f7e0ef5eb,1,257.431576
2026/02/04/00:00:06,running-time,rs-000237-fvj62,7aacf7dd-ad8c-46f5-abb1-461f7e0ef5eb,1,257.431576
2026/02/04/00:00:07,running-time,rs-000228-crwlz,3dcfe95c-3cba-4305-bda0-a9c43dbea832,2,259.431576
2026/02/04/00:00:07,running-time,rs-000233-b9tkx,4cf75946-b5b5-4611-aa02-fa30764eeea2,1,258.431576
2026/02/04/00:00:07,running-time,rs-000235-bqlzm,25e808c0-2191-4998-978a-67badee2c443,2,258.431576
2026/02/04/00:00:12,running-time,rs-000221-vsghb,23f929c2-21d2-4421-bc2e-22790b0f89a1,3,264.431576
2026/02/04/00:00:12,running-time,rs-000236-927dd,1e7d833c-5476-4a42-aaa3-d61501aa03dc,2,264.431576
2026/02/04/00:00:12,running-time,rs-000236-zbsnm,19da1fa8-c9d4-4e53-ac2f-12be602fe461,2,264.431576
2026/02/04/00:00:13,running-time,rs-000219-xj896,879ccc49-d33b-4f94-8436-00cc6792d9a1,2,265.431576
2026/02/04/00:00:14,running-time,rs-000217-v6wnb,4103993e-528b-4c9c-b0b4-a89ae4c7c4f3,1,265.431576
2026/02/04/00:00:14,running-time,rs-000224-q6h4h,edb3bcb9-aa3b-488f-ab99-f33064328b18,1,265.431576
2026/02/04/00:00:15,apply-time,rs-000238-425qf,2bcd40fc-cf4a-4b71-a2e9-3b8aa6863c4a,3,266.431576
2026/02/04/00:00:15,apply-time,rs-000238-84jrv,79d8e54e-6ba5-4408-9c95-5d778a8063b1,3,266.431576
2026/02/04/00:00:15,apply-time,rs-000238-vtgtf,2d662f63-5668-4ad9-b32e-480eb9dfc1f5,3,266.431576
2026/02/04/00:00:15,apply-time,rs-000239-2s768,9175205d-3330-4b0a-861b-82736584e8f6,3,266.431576
2026/02/04/00:00:15,running-time,rs-000239-2s768,9175205d-3330-4b0a-861b-82736584e8f6,3,266.431576
2026/02/04/00:00:15,apply-time,rs-000240-5wfr2,cc05e769-1cf6-4307-a081-721b7a732181,1,266.431576
2026/02/04/00:00:15,apply-time,rs-000240-hqhhx,ba8fe08b-1630-4508-b0b9-4355f0e4408c,1,266.431576
2026/02/04/00:00:15,apply-time,rs-000240-ldhnn,f6bf6957-057b-4d05-a03c-746df32e4f4b,1,266.431576
2026/02/04/00:00:17,running-time,rs-000216-2kzl8,ec082a13-2a1c-4e92-a959-99b7ca92c7a6,1,268.431576
2026/02/04/00:00:28,apply-time,rs-000241-6x66w,b8a569d6-fa8c-47b3-a7a7-ac77590cf4c5,3,279.431576
2026/02/04/00:00:28,running-time,rs-000241-6x66w,b8a569d6-fa8c-47b3-a7a7-ac77590cf4c5,3,279.431576
2026/02/04/00:00:28,apply-time,rs-000242-lnlsq,52251cf6-d7e0-4d2f-b919-93a456194ca4,4,279.431576
2026/02/04/00:00:28,running-time,rs-000242-lnlsq,52251cf6-d7e0-4d2f-b919-93a456194ca4,4,279.431576
2026/02/04/00:00:28,apply-time,rs-000242-rgmcv,8f67e149-ea2b-4183-9143-358c3a167fa0,4,279.431576
2026/02/04/00:00:28,running-time,rs-000242-rgmcv,8f67e149-ea2b-4183-9143-358c3a167fa0,4,279.431576
2026/02/04/00:00:30,apply-time,rs-000243-8t64q,5c7afe25-8eaf-47f7-b45d-4163cae9d391,2,282.431576
2026/02/04/00:00:30,running-time,rs-000243-8t64q,5c7afe25-8eaf-47f7-b45d-4163cae9d391,2,282.431576
2026/02/04/00:00:30,apply-time,rs-000243-ls9q9,01a07945-17c1-44b1-83a9-4d6cbd973cbf,2,282.431576
2026/02/04/00:00:30,running-time,rs-000243-ls9q9,01a07945-17c1-44b1-83a9-4d6cbd973cbf,2,282.431576
2026/02/04/00:00:30,apply-time,rs-000244-xj6wj,283a1143-2ce6-42e1-88a6-4183e2544b98,2,282.431576
2026/02/04/00:00:30,apply-time,rs-000244-zgrl7,8756fe56-6b3b-4142-b905-f1c3869a9cce,2,282.431576
2026/02/04/00:00:30,apply-time,rs-000245-hnkvz,a6c54ea2-3cc3-4c06-8a6c-ec4b8cf0a7ed,1,282.431576
2026/02/04/00:00:30,apply-time,rs-000245-srlmt,b7d86669-701a-4c49-b430-61958c743629,1,282.431576
2026/02/04/00:00:30,apply-time,rs-000246-txwtx,9db034af-942e-4a60-8b84-17a1391d3d73,3,282.431576
2026/02/04/00:00:31,apply-time,rs-000247-bx8gh,76a2e61d-80e4-4121-b9e9-27fcaf423ee7,1,282.431576
2026/02/04/00:00:31,apply-time,rs-000247-nh4g5,426bb89f-f808-4b0a-93f2-4946305d9abb,1,282.431576
2026/02/04/00:00:31,apply-time,rs-000247-vmltq,f9655028-cae0-470c-bca6-310d4785d56d,1,282.431576
2026/02/04/00:00:31,apply-time,rs-000249-kw98p,4862a9fb-ed3c-4972-9de6-89b38327f63f,2,283.431576
2026/02/04/00:00:31,apply-time,rs-000249-rjc4w,1ba915d7-f79c-43b5-b475-a821bcc33904,2,283.431576
2026/02/04/00:00:32,apply-time,rs-000248-hqk94,6dacfd3a-0366-4531-be24-cb0b63efb7de,3,283.431576
2026/02/04/00:00:32,running-time,rs-000248-hqk94,6dacfd3a-0366-4531-be24-cb0b63efb7de,3,283.431576
2026/02/04/00:00:33,running-time,rs-000247-nh4g5,426bb89f-f808-4b0a-93f2-4946305d9abb,1,284.431576
2026/02/04/00:00:36,running-time,rs-000244-zgrl7,8756fe56-6b3b-4142-b905-f1c3869a9cce,2,287.431576
2026/02/04/00:00:40,apply-time,rs-000251-fnkvf,51c9bb46-fcb0-4bb5-8e3e-b1c6f2346033,4,292.431576
2026/02/04/00:00:44,apply-time,rs-000250-6kmth,524052bf-25ca-436d-a03c-b13b5950224c,2,293.431576
2026/02/04/00:00:44,apply-time,rs-000250-tqtzj,d025777c-88e3-4301-9754-753918177a71,2,293.431576
2026/02/04/00:00:44,running-time,rs-000251-fnkvf,51c9bb46-fcb0-4bb5-8e3e-b1c6f2346033,4,293.431576
2026/02/04/00:00:44,apply-time,rs-000252-bsqcp,0973832d-61e1-4387-9d19-897878fb236e,3,294.431576
2026/02/04/00:00:44,running-time,rs-000252-bsqcp,0973832d-61e1-4387-9d19-897878fb236e,3,294.431576
2026/02/04/00:00:44,apply-time,rs-000252-wrbzc,7d355d14-3819-41e1-8628-21928c27e7a8,3,294.431576
2026/02/04/00:00:44,running-time,rs-000252-wrbzc,7d355d14-3819-41e1-8628-21928c27e7a8,3,294.431576
2026/02/04/00:00:50,running-time,rs-000250-tqtzj,d025777c-88e3-4301-9754-753918177a71,2,302.431576
2026/02/04/00:00:51,apply-time,rs-000253-488j6,bbdfa984-ef46-42c9-ae84-4bb80e6928d9,4,303.431576
2026/02/04/00:00:51,apply-time,rs-000253-6lc28,9bbeb192-0faa-4088-8919-f32321b09667,4,303.431576
2026/02/04/00:00:52,apply-time,rs-000254-qghmp,67ebbdad-55cf-4aae-a6c6-ee60f15127da,2,304.431576
2026/02/04/00:00:52,apply-time,rs-000255-b56bl,69b53b66-9e16-4edf-9f0f-4adbad724ca6,3,304.431576
2026/02/04/00:00:52,apply-time,rs-000255-dmjjg,2f475648-515b-4773-9973-9073887aaf3a,3,304.431576
2026/02/04/00:00:52,apply-time,rs-000256-zdgqf,a09eeb7d-4071-42c2-a22f-c25ac34a4d2d,2,304.431576
2026/02/04/00:00:52,running-time,rs-000256-zdgqf,a09eeb7d-4071-42c2-a22f-c25ac34a4d2d,2,304.431576
2026/02/04/00:00:52,apply-time,rs-000257-c79fc,3c7832d7-35e5-4a52-8370-1b81bca78088,4,304.431576
2026/02/04/00:00:52,apply-time,rs-000257-gnwpw,b2f84163-27ef-4645-8e7a-5b1fadce02ee,4,304.431576
2026/02/04/00:00:52,apply-time,rs-000257-k9ktj,62bf47d2-94ca-4fb3-a437-3a0de95a5552,4,304.431576
2026/02/04/00:00:52,running-time,rs-000257-k9ktj,62bf47d2-94ca-4fb3-a437-3a0de95a5552,4,304.431576
2026/02/04/00:00:52,apply-time,rs-000258-5w4b4,c8a2fa88-3a9d-4e04-a919-62100bfc0541,2,304.431576
2026/02/04/00:00:52,apply-time,rs-000258-lzjrd,b6e5fe38-0341-46f2-9762-2fdd6a32b00f,2,304.431576
2026/02/04/00:00:52,apply-time,rs-000258-wp5mr,645e2251-fb07-41c0-8b3b-1eadf8c326c4,2,304.431576
2026/02/04/00:00:53,running-time,rs-000257-c79fc,3c7832d7-35e5-4a52-8370-1b81bca78088,4,305.431576
2026/02/04/00:00:53,running-time,rs-000257-gnwpw,b2f84163-27ef-4645-8e7a-5b1fadce02ee,4,305.431576
2026/02/04/00:00:53,apply-time,rs-000259-5tvjt,83741d23-45d1-4582-8590-6c6b1d5a7f55,4,305.431576
2026/02/04/00:00:53,apply-time,rs-000259-xhm8p,7e1843a9-bf38-4931-8a46-825d2c9a28a3,4,305.431576
2026/02/04/00:00:55,running-time,rs-000255-b56bl,69b53b66-9e16-4edf-9f0f-4adbad724ca6,3,307.431576
2026/02/04/00:00:57,running-time,rs-000250-6kmth,524052bf-25ca-436d-a03c-b13b5950224c,2,309.431576
2026/02/04/00:00:57,running-time,rs-000255-dmjjg,2f475648-515b-4773-9973-9073887aaf3a,3,309.431576
2026/02/04/00:01:12,running-time,rs-000244-xj6wj,283a1143-2ce6-42e1-88a6-4183e2544b98,2,324.431576
2026/02/04/00:01:13,running-time,rs-000259-5tvjt,83741d23-45d1-4582-8590-6c6b1d5a7f55,4,325.431576
2026/02/04/00:01:13,running-time,rs-000259-xhm8p,7e1843a9-bf38-4931-8a46-825d2c9a28a3,4,325.431576
2026/02/04/00:01:42,apply-time,rs-000260-lprx7,2c0633f9-44b6-408a-a9b3-df63df92b04e,4,354.431576
2026/02/04/00:01:42,running-time,rs-000260-lprx7,2c0633f9-44b6-408a-a9b3-df63df92b04e,4,354.431576
2026/02/04/00:01:42,apply-time,rs-000260-nbjb5,61e9f0bc-2df9-4e58-a383-aa3a5e4cc630,4,354.431576
2026/02/04/00:01:42,running-time,rs-000260-nbjb5,61e9f0bc-2df9-4e58-a383-aa3a5e4cc630,4,354.431576
2026/02/04/00:01:42,apply-time,rs-000260-sm7zs,65b2634a-ee81-4aeb-aee4-20eec018e029,4,354.431576
2026/02/04/00:01:42,running-time,rs-000260-sm7zs,65b2634a-ee81-4aeb-aee4-20eec018e029,4,354.431576
2026/02/04/00:01:42,apply-time,rs-000261-rnw7p,edfe0c9f-e4cf-4ee1-b978-8c64b051e794,4,354.431576
2026/02/04/00:01:42,running-time,rs-000261-rnw7p,edfe0c9f-e4cf-4ee1-b978-8c64b051e794,4,354.431576
2026/02/04/00:01:42,apply-time,rs-000262-9xfbl,08ce0243-b189-4dd6-ace1-e5cbadc86617,4,354.431576
2026/02/04/00:01:42,running-time,rs-000262-9xfbl,08ce0243-b189-4dd6-ace1-e5cbadc86617,4,354.431576
2026/02/04/00:01:42,apply-time,rs-000262-lscbd,623bf078-18fa-4a8c-a602-2bf491cbabc1,4,354.431576
2026/02/04/00:01:42,running-time,rs-000262-lscbd,623bf078-18fa-4a8c-a602-2bf491cbabc1,4,354.431576
2026/02/04/00:01:42,apply-time,rs-000262-v97v7,1e72ec97-a957-4d9c-8e41-6d21bd9d232a,4,354.431576
2026/02/04/00:01:42,running-time,rs-000262-v97v7,1e72ec97-a957-4d9c-8e41-6d21bd9d232a,4,354.431576
2026/02/04/00:01:42,apply-time,rs-000263-xwzlk,fcae4dde-9ba1-4b32-9cde-a0e23d1d8812,1,354.431576
2026/02/04/00:01:42,running-time,rs-000263-xwzlk,fcae4dde-9ba1-4b32-9cde-a0e23d1d8812,1,354.431576
2026/02/04/00:01:42,apply-time,rs-000264-6txnn,083315e3-98df-4091-8b7d-ffee33b22c9c,4,354.431576
2026/02/04/00:01:42,apply-time,rs-000264-cqlzf,0ec977bb-db40-4e68-b17b-db17f4655e3b,4,354.431576
2026/02/04/00:01:42,apply-time,rs-000264-jhnz2,35056286-fe4d-4dda-8fb0-f752d93ac3d8,4,354.431576
2026/02/04/00:01:42,apply-time,rs-000265-6gzjf,3f17c97e-5982-47a6-8f64-a55cafeff99b,3,354.431576
2026/02/04/00:01:42,running-time,rs-000265-6gzjf,3f17c97e-5982-47a6-8f64-a55cafeff99b,3,354.431576
2026/02/04/00:01:42,apply-time,rs-000266-jrmgk,949cb21b-da24-44a7-887f-08bc66fb04c9,2,354.431576
2026/02/04/00:01:42,running-time,rs-000266-jrmgk,949cb21b-da24-44a7-887f-08bc66fb04c9,2,354.431576
2026/02/04/00:01:42,apply-time,rs-000267-lsnc2,7a90c35c-811b-4312-8767-17d657699244,1,354.431576
2026/02/04/00:01:42,apply-time,rs-000269-z9glx,443e5287-0cc1-45e2-8948-fbf73d561595,1,354.431576
2026/02/04/00:01:42,running-time,rs-000269-z9glx,443e5287-0cc1-45e2-8948-fbf73d561595,1,354.431576
2026/02/04/00:01:42,apply-time,rs-000270-nbpw7,a1276623-e535-43c4-82d2-166dcc6ec509,4,355.431576
2026/02/04/00:01:43,apply-time,rs-000267-hrkvp,5a033853-eeb0-481a-b38f-391d527cbacd,1,355.431576
2026/02/04/00:01:43,apply-time,rs-000268-ldqqs,e3912524-7683-4752-8ded-a11896f20e84,3,355.431576
2026/02/04/00:01:43,running-time,rs-000268-ldqqs,e3912524-7683-4752-8ded-a11896f20e84,3,355.431576
2026/02/04/00:01:44,apply-time,rs-000271-j55ff,59343b71-487e-4c50-8bf2-644c89dc3662,4,356.431576
2026/02/04/00:01:44,apply-time,rs-000271-wx8sn,a8e0f83b-9321-4ae1-bad2-7225257a15b3,4,356.431576
2026/02/04/00:01:44,apply-time,rs-000271-x885l,5fc9bb2f-34f0-4574-96f5-e198624af31c,4,356.431576
2026/02/04/00:01:44,apply-time,rs-000272-8ngzw,6d528a50-8ed1-407e-bcca-469704e86ebb,3,356.431576
2026/02/04/00:01:44,apply-time,rs-000272-qcj6t,ea5f1e5f-a69c-4f06-bd13-0257dc7b3b13,3,356.431576
2026/02/04/00:01:44,apply-time,rs-000272-xlzdl,8474c012-ac21-438d-b2d3-fdf95f882d1c,3,356.431576
2026/02/04/00:01:45,running-time,rs-000267-hrkvp,5a033853-eeb0-481a-b38f-391d527cbacd,1,357.431576
2026/02/04/00:01:45,running-time,rs-000271-j55ff,59343b71-487e-4c50-8bf2-644c89dc3662,4,357.431576
2026/02/04/00:01:45,running-time,rs-000271-x885l,5fc9bb2f-34f0-4574-96f5-e198624af31c,4,357.431576
2026/02/04/00:01:45,apply-time,rs-000273-j7kv4,7c89682d-91fe-47b5-a4fd-515d56ed1bad,2,358.431576
2026/02/04/00:01:46,running-time,rs-000273-j7kv4,7c89682d-91fe-47b5-a4fd-515d56ed1bad,2,358.431576
2026/02/04/00:01:46,apply-time,rs-000273-tgcbj,8d1f2dcc-9de3-4590-82f0-af0bb1f9b792,2,358.431576
2026/02/04/00:01:46,running-time,rs-000273-tgcbj,8d1f2dcc-9de3-4590-82f0-af0bb1f9b792,2,358.431576
2026/02/04/00:01:46,apply-time,rs-000273-xbjjh,25eaeba9-defc-4468-a072-68af36a23178,2,358.431576
2026/02/04/00:01:46,running-time,rs-000273-xbjjh,25eaeba9-defc-4468-a072-68af36a23178,2,358.431576
2026/02/04/00:01:46,apply-time,rs-000274-hxpnt,33d6576c-623c-4b73-92d3-35b995f8c5f2,1,358.431576
2026/02/04/00:01:46,apply-time,rs-000275-tpw6x,0f54ef11-9196-44d4-9f28-0f9c36fbb2bf,2,358.431576
2026/02/04/00:01:46,apply-time,rs-000275-vxdrn,3cf2dcd3-5a95-4a3d-908e-8b3041d20c10,2,358.431576
2026/02/04/00:01:46,running-time,rs-000275-vxdrn,3cf2dcd3-5a95-4a3d-908e-8b3041d20c10,2,358.431576
2026/02/04/00:01:46,apply-time,rs-000276-8v9vv,f7e28a4d-6e7d-4665-b132-d698406e4480,1,358.431576
2026/02/04/00:01:46,running-time,rs-000276-8v9vv,f7e28a4d-6e7d-4665-b132-d698406e4480,1,358.431576
2026/02/04/00:01:46,apply-time,rs-000276-h8htj,c775cadb-0663-4335-89cc-7c59113698bf,1,358.431576
2026/02/04/00:01:46,running-time,rs-000276-h8htj,c775cadb-0663-4335-89cc-7c59113698bf,1,358.431576
2026/02/04/00:01:46,apply-time,rs-000277-hmhf2,96663a0e-7f56-4315-a564-2f6004a41cd4,2,358.431576
2026/02/04/00:01:46,apply-time,rs-000277-lvbfd,66700ca2-9b78-4001-b093-f2f60215efab,2,358.431576
2026/02/04/00:01:46,running-time,rs-000277-lvbfd,66700ca2-9b78-4001-b093-f2f60215efab,2,358.431576
2026/02/04/00:01:46,apply-time,rs-000277-zkhn2,1dde86dd-9ce3-4604-9c0b-56469e38dad7,2,358.431576
2026/02/04/00:01:46,running-time,rs-000277-zkhn2,1dde86dd-9ce3-4604-9c0b-56469e38dad7,2,358.431576
2026/02/04/00:01:52,running-time,rs-000271-wx8sn,a8e0f83b-9321-4ae1-bad2-7225257a15b3,4,364.431576
2026/02/04/00:01:52,running-time,rs-000277-hmhf2,96663a0e-7f56-4315-a564-2f6004a41cd4,2,364.431576
2026/02/04/00:01:55,running-time,rs-000275-tpw6x,0f54ef11-9196-44d4-9f28-0f9c36fbb2bf,2,367.431576
2026/02/04/00:02:06,running-time,rs-000264-jhnz2,35056286-fe4d-4dda-8fb0-f752d93ac3d8,4,378.431576
2026/02/04/00:02:09,apply-time,rs-000278-5bmf5,cb5627ed-497f-4e3f-b1c1-1b76f730da5d,4,380.431576
2026/02/04/00:02:09,running-time,rs-000278-5bmf5,cb5627ed-497f-4e3f-b1c1-1b76f730da5d,4,380.431576
2026/02/04/00:02:09,apply-time,rs-000278-qgfvj,36a2514a-d4f3-4baa-8364-a3ecbd67501a,4,380.431576
2026/02/04/00:02:09,apply-time,rs-000279-64mwd,4543e061-4759-4999-aebc-49d46154625f,1,380.431576
2026/02/04/00:02:09,running-time,rs-000279-64mwd,4543e061-4759-4999-aebc-49d46154625f,1,380.431576
2026/02/04/00:02:09,apply-time,rs-000279-kpmk4,8d8a94bc-a6a2-40ec-8528-667de7e0384f,1,380.431576
2026/02/04/00:02:09,running-time,rs-000279-kpmk4,8d8a94bc-a6a2-40ec-8528-667de7e0384f,1,380.431576
2026/02/04/00:02:09,apply-time,rs-000279-sfqtv,bbfda5cc-4948-46d3-bc93-4939971e3a69,1,380.431576
2026/02/04/00:02:09,running-time,rs-000279-sfqtv,bbfda5cc-4948-46d3-bc93-4939971e3a69,1,380.431576
2026/02/04/00:02:10,running-time,rs-000264-6txnn,083315e3-98df-4091-8b7d-ffee33b22c9c,4,381.431576
2026/02/04/00:02:10,running-time,rs-000264-cqlzf,0ec977bb-db40-4e68-b17b-db17f4655e3b,4,381.431576
2026/02/04/00:02:14,running-time,rs-000278-qgfvj,36a2514a-d4f3-4baa-8364-a3ecbd67501a,4,385.431576
2026/02/04/00:02:32,apply-time,rs-000280-hg2bt,bb98fec0-b914-44b0-9d15-27b3cfcca95b,4,403.431576
2026/02/04/00:02:32,running-time,rs-000280-hg2bt,bb98fec0-b914-44b0-9d15-27b3cfcca95b,4,403.431576
2026/02/04/00:02:32,apply-time,rs-000281-2b9jt,ce9e0cfb-6906-45f5-ac01-42f868da73c0,1,403.431576
2026/02/04/00:02:32,running-time,rs-000281-2b9jt,ce9e0cfb-6906-45f5-ac01-42f868da73c0,1,403.431576
2026/02/04/00:02:32,apply-time,rs-000281-jgt48,c0191899-868d-495c-8fe7-77a360890ba5,1,403.431576
2026/02/04/00:02:32,running-time,rs-000281-jgt48,c0191899-868d-495c-8fe7-77a360890ba5,1,403.431576
2026/02/04/00:02:32,apply-time,rs-000281-r4mfs,56addf1d-d019-4399-8fec-c4e716404640,1,403.431576
2026/02/04/00:02:32,running-time,rs-000281-r4mfs,56addf1d-d019-4399-8fec-c4e716404640,1,403.431576
2026/02/04/00:02:37,apply-time,rs-000282-fnvsv,41dc237c-3ee8-4c77-afdc-d67bee73a6fb,2,408.431576
2026/02/04/00:02:37,running-time,rs-000282-fnvsv,41dc237c-3ee8-4c77-afdc-d67bee73a6fb,2,408.431576
2026/02/04/00:02:37,apply-time,rs-000282-jnrss,1360aa18-345c-4767-bb36-46099afe71c3,2,408.431576
2026/02/04/00:02:37,apply-time,rs-000282-qt85n,2a0f1ff0-ac17-4333-8a21-e048c561764d,2,408.431576
2026/02/04/00:02:37,apply-time,rs-000283-f2v5q,9acad41e-4c88-4624-a041-c2c112821367,3,408.431576
2026/02/04/00:02:37,running-time,rs-000283-f2v5q,9acad41e-4c88-4624-a041-c2c112821367,3,408.431576
2026/02/04/00:02:37,apply-time,rs-000283-mj4cn,dc8f002b-3ee2-40ca-b2a1-07186bd49d6e,3,408.431576
2026/02/04/00:02:37,running-time,rs-000283-mj4cn,dc8f002b-3ee2-40ca-b2a1-07186bd49d6e,3,408.431576
2026/02/04/00:02:37,apply-time,rs-000284-2nxxx,db97c0cb-08a5-4f02-b1b9-52ae21a6733b,2,409.431576
2026/02/04/00:02:37,running-time,rs-000284-2nxxx,db97c0cb-08a5-4f02-b1b9-52ae21a6733b,2,409.431576
2026/02/04/00:02:37,apply-time,rs-000284-q65hh,3df1cccc-5d8e-45f3-bfe9-916e87574693,2,409.431576
2026/02/04/00:02:37,apply-time,rs-000285-hx6cn,08bbe8dd-7d60-4405-b40f-b479b9dd55cd,3,409.431576
2026/02/04/00:02:37,running-time,rs-000285-hx6cn,08bbe8dd-7d60-4405-b40f-b479b9dd55cd,3,409.431576
2026/02/04/00:02:37,apply-time,rs-000285-tsmwm,94235174-770c-4c97-bc6b-0875ef8b042b,3,409.431576
2026/02/04/00:02:37,running-time,rs-000285-tsmwm,94235174-770c-4c97-bc6b-0875ef8b042b,3,409.431576
2026/02/04/00:02:37,apply-time,rs-000286-4wtw5,a29a3ce6-ca1e-441b-aa11-7b8dfba33cdc,2,409.431576
2026/02/04/00:02:37,running-time,rs-000286-4wtw5,a29a3ce6-ca1e-441b-aa11-7b8dfba33cdc,2,409.431576
2026/02/04/00:02:37,apply-time,rs-000286-cwvk6,8ec11241-04ea-4b17-ad56-8fbb3053d1bd,2,409.431576
2026/02/04/00:02:37,running-time,rs-000286-cwvk6,8ec11241-04ea-4b17-ad56-8fbb3053d1bd,2,409.431576
2026/02/04/00:02:37,apply-time,rs-000286-n6gxj,1ef2a948-e6ea-46ce-b427-bad0d2370eaf,2,409.431576
2026/02/04/00:02:37,running-time,rs-000286-n6gxj,1ef2a948-e6ea-46ce-b427-bad0d2370eaf,2,409.431576
2026/02/04/00:02:42,running-time,rs-000284-q65hh,3df1cccc-5d8e-45f3-bfe9-916e87574693,2,413.431576
2026/02/04/00:02:43,apply-time,rs-000287-7dxq8,59974c7f-4936-4bea-95db-4b608f476aaf,4,414.431576
2026/02/04/00:02:43,apply-time,rs-000287-blpmc,81a5d258-0c74-4025-b4b3-aaa1a5565314,4,414.431576
2026/02/04/00:02:43,apply-time,rs-000287-pp4nr,df394ed1-ca2d-4d9c-b7a8-db94ab6d9a6e,4,414.431576
2026/02/04/00:02:43,apply-time,rs-000288-rz9jf,72905394-cfce-4eff-98ee-b25f5438392a,4,414.431576
2026/02/04/00:02:43,running-time,rs-000288-rz9jf,72905394-cfce-4eff-98ee-b25f5438392a,4,415.431576
2026/02/04/00:03:05,running-time,rs-000282-jnrss,1360aa18-345c-4767-bb36-46099afe71c3,2,436.431576
2026/02/04/00:03:05,running-time,rs-000282-qt85n,2a0f1ff0-ac17-4333-8a21-e048c561764d,2,436.431576
2026/02/04/00:03:31,apply-time,rs-000289-rzt8z,57d9bd2c-1400-4903-9a94-f7a429f134ac,1,463.431576
2026/02/04/00:03:31,running-time,rs-000289-rzt8z,57d9bd2c-1400-4903-9a94-f7a429f134ac,1,463.431576
2026/02/04/00:03:31,apply-time,rs-000290-29782,8205f1a6-99d1-4d36-ac9a-a953a069d90d,4,463.431576
2026/02/04/00:03:31,apply-time,rs-000290-9k2gl,3b92a0b9-b865-43cd-923f-91abb179f4e1,4,463.431576
2026/02/04/00:03:31,running-time,rs-000290-9k2gl,3b92a0b9-b865-43cd-923f-91abb179f4e1,4,463.431576
2026/02/04/00:03:31,apply-time,rs-000291-krkxd,ea059d85-9060-4a39-8aa3-8b3194158fa5,1,463.431576
2026/02/04/00:03:31,running-time,rs-000291-krkxd,ea059d85-9060-4a39-8aa3-8b3194158fa5,1,463.431576
2026/02/04/00:03:31,apply-time,rs-000291-sn6fb,e39eeaa0-b6d9-4676-a793-f8053ba68d2e,1,463.431576
2026/02/04/00:03:31,apply-time,rs-000292-5cnfj,ea95f8c9-29be-46fe-9706-5482c0117199,2,463.431576
2026/02/04/00:03:32,running-time,rs-000291-sn6fb,e39eeaa0-b6d9-4676-a793-f8053ba68d2e,1,463.431576
2026/02/04/00:03:32,running-time,rs-000292-5cnfj,ea95f8c9-29be-46fe-9706-5482c0117199,2,463.431576
2026/02/04/00:03:32,apply-time,rs-000292-8wzjq,460cc5a5-6a98-433a-beb2-6cafacb29e1c,2,463.431576
2026/02/04/00:03:32,running-time,rs-000292-8wzjq,460cc5a5-6a98-433a-beb2-6cafacb29e1c,2,463.431576
2026/02/04/00:03:32,apply-time,rs-000293-5jhfd,02b29a22-5550-4fee-b2a5-314e8c992636,1,463.431576
2026/02/04/00:03:32,running-time,rs-000293-5jhfd,02b29a22-5550-4fee-b2a5-314e8c992636,1,463.431576
2026/02/04/00:03:32,apply-time,rs-000293-smszl,66edeb97-762d-4670-b4e6-16b80d2ff644,1,463.431576
2026/02/04/00:03:32,apply-time,rs-000293-vpw8f,dfcc22b9-4c09-49b1-9985-75cb525420bf,1,463.431576
2026/02/04/00:03:35,running-time,rs-000293-smszl,66edeb97-762d-4670-b4e6-16b80d2ff644,1,466.431576
2026/02/04/00:03:36,apply-time,rs-000294-6ptk5,d9be383a-e995-47cd-a354-5d62f1842176,3,467.431576
2026/02/04/00:03:36,running-time,rs-000294-6ptk5,d9be383a-e995-47cd-a354-5d62f1842176,3,467.431576
2026/02/04/00:03:36,apply-time,rs-000294-9hhzp,7cb67d31-772d-4f8a-bb41-e66e9e17352e,3,467.431576
2026/02/04/00:03:36,running-time,rs-000294-9hhzp,7cb67d31-772d-4f8a-bb41-e66e9e17352e,3,467.431576
2026/02/04/00:03:40,running-time,rs-000293-vpw8f,dfcc22b9-4c09-49b1-9985-75cb525420bf,1,471.431576
2026/02/04/00:03:51,apply-time,rs-000295-cb97l,77bc7317-227c-4e85-b733-55992a8959d0,2,482.431576
2026/02/04/00:03:51,apply-time,rs-000295-l8dzj,956d68ba-c96d-4556-aa32-d9c664926a85,2,482.431576
2026/02/04/00:03:51,running-time,rs-000295-l8dzj,956d68ba-c96d-4556-aa32-d9c664926a85,2,482.431576
2026/02/04/00:03:51,apply-time,rs-000296-bllrt,588c2599-30b2-4b12-aa3e-602472b2d72d,1,482.431576
2026/02/04/00:03:51,running-time,rs-000296-bllrt,588c2599-30b2-4b12-aa3e-602472b2d72d,1,482.431576
2026/02/04/00:03:51,apply-time,rs-000296-j96hm,82f635bd-f528-4a9f-a54c-0e7ee15f9a14,1,482.431576
2026/02/04/00:03:51,running-time,rs-000296-j96hm,82f635bd-f528-4a9f-a54c-0e7ee15f9a14,1,482.431576
2026/02/04/00:03:51,apply-time,rs-000296-ktm4g,9f3b0b60-4a73-4856-9747-da5cb4915e8c,1,482.431576
2026/02/04/00:03:51,running-time,rs-000296-ktm4g,9f3b0b60-4a73-4856-9747-da5cb4915e8c,1,482.431576
2026/02/04/00:03:51,apply-time,rs-000297-d6mpz,13f7ca56-78f9-4389-a15a-79415612633d,1,482.431576
2026/02/04/00:03:51,apply-time,rs-000297-g7rp7,087abf70-9bed-4501-88c8-53a0db69314e,1,482.431576
2026/02/04/00:03:51,running-time,rs-000297-g7rp7,087abf70-9bed-4501-88c8-53a0db69314e,1,482.431576
2026/02/04/00:03:51,apply-time,rs-000298-kjfn2,0901d21d-142d-4c48-84f7-472b70f2af8e,3,482.431576
2026/02/04/00:03:51,running-time,rs-000298-kjfn2,0901d21d-142d-4c48-84f7-472b70f2af8e,3,482.431576
2026/02/04/00:03:53,running-time,rs-000297-d6mpz,13f7ca56-78f9-4389-a15a-79415612633d,1,484.431576
2026/02/04/00:03:53,apply-time,rs-000299-5vscv,0e695712-6965-47d4-adc5-d6c171867792,1,484.431576
2026/02/04/00:03:53,apply-time,rs-000300-zl9nr,b291943a-6026-44e6-8a2f-228e2f0fe8e6,3,484.431576
2026/02/04/00:03:54,running-time,rs-000300-zl9nr,b291943a-6026-44e6-8a2f-228e2f0fe8e6,3,485.431576
2026/02/04/00:04:07,apply-time,rs-000301-75r98,b92163ba-e87a-4a71-83a2-467c60cdb3c2,2,499.431576
2026/02/04/00:04:07,running-time,rs-000301-75r98,b92163ba-e87a-4a71-83a2-467c60cdb3c2,2,499.431576
2026/02/04/00:04:13,apply-time,rs-000302-475wq,e9a3dc48-6cf9-4496-b01d-f233d5b77ad2,2,504.431576
2026/02/04/00:04:13,running-time,rs-000302-475wq,e9a3dc48-6cf9-4496-b01d-f233d5b77ad2,2,504.431576
2026/02/04/00:04:13,apply-time,rs-000302-rt5dd,ac6b0ce3-5846-4c57-b18c-cc35aef5763c,2,504.431576
2026/02/04/00:04:13,running-time,rs-000302-rt5dd,ac6b0ce3-5846-4c57-b18c-cc35aef5763c,2,504.431576
2026/02/04/00:04:13,apply-time,rs-000302-wzpgz,93fac23a-2c32-43b1-b670-6113a724c8b5,2,504.431576
2026/02/04/00:04:13,running-time,rs-000302-wzpgz,93fac23a-2c32-43b1-b670-6113a724c8b5,2,504.431576
2026/02/04/00:04:13,apply-time,rs-000303-hpjtr,ea9cb807-b191-4d23-9967-09cba3cd8b85,3,504.431576
2026/02/04/00:04:13,apply-time,rs-000303-hqggz,8e9794f7-3c4f-4c9a-bc70-df443417b2c1,3,504.431576
2026/02/04/00:04:13,apply-time,rs-000303-kwsfh,e7b54096-66fd-416e-a111-c334f29dacc2,3,504.431576
2026/02/04/00:04:13,running-time,rs-000303-kwsfh,e7b54096-66fd-416e-a111-c334f29dacc2,3,504.431576
2026/02/04/00:04:13,apply-time,rs-000304-qbtcz,a717ecb8-19d1-4caa-b88f-70df0dc00198,1,504.431576
2026/02/04/00:04:13,running-time,rs-000304-qbtcz,a717ecb8-19d1-4caa-b88f-70df0dc00198,1,504.431576
2026/02/04/00:04:13,apply-time,rs-000304-qwvhb,fd0e8efb-9979-4bb8-a858-903f2e9b33cf,1,504.431576
2026/02/04/00:04:13,running-time,rs-000304-qwvhb,fd0e8efb-9979-4bb8-a858-903f2e9b33cf,1,504.431576
2026/02/04/00:04:13,apply-time,rs-000304-sm927,9b77f776-2ccd-4f27-816e-80dc86aefe71,1,504.431576
2026/02/04/00:04:13,running-time,rs-000304-sm927,9b77f776-2ccd-4f27-816e-80dc86aefe71,1,504.431576
2026/02/04/00:04:15,running-time,rs-000303-hpjtr,ea9cb807-b191-4d23-9967-09cba3cd8b85,3,507.431576
2026/02/04/00:04:15,running-time,rs-000303-hqggz,8e9794f7-3c4f-4c9a-bc70-df443417b2c1,3,507.431576
2026/02/04/00:04:26,apply-time,rs-000305-4fdjw,67e5f8b2-24ad-46f4-90d1-fc11e4a8f355,3,517.431576
2026/02/04/00:04:26,running-time,rs-000305-4fdjw,67e5f8b2-24ad-46f4-90d1-fc11e4a8f355,3,517.431576
2026/02/04/00:04:26,apply-time,rs-000305-wqkh8,c1c8101c-f753-4b36-9800-b3940b2a0029,3,517.431576
2026/02/04/00:04:26,running-time,rs-000305-wqkh8,c1c8101c-f753-4b36-9800-b3940b2a0029,3,517.431576
2026/02/04/00:04:26,apply-time,rs-000306-qhj8j,9bccc081-3aab-4676-8f8d-3d4bdf1e8bcb,2,517.431576
2026/02/04/00:04:26,running-time,rs-000306-qhj8j,9bccc081-3aab-4676-8f8d-3d4bdf1e8bcb,2,518.431576
2026/02/04/00:04:26,apply-time,rs-000306-tscnt,dd6d8820-a861-4b9e-b18e-7c3f921f7e85,2,517.431576
2026/02/04/00:04:26,running-time,rs-000306-tscnt,dd6d8820-a861-4b9e-b18e-7c3f921f7e85,2,518.431576
2026/02/04/00:04:26,apply-time,rs-000307-swtj7,dd0104f9-9a72-4f78-a60d-0d2f347c0ec3,2,517.431576
2026/02/04/00:04:26,apply-time,rs-000308-4kgng,5d29345a-4709-4026-abf1-76e14e8055d6,3,517.431576
2026/02/04/00:04:26,apply-time,rs-000308-sb6ff,c1923e8e-6795-458f-90de-1b952d3cd056,3,517.431576
2026/02/04/00:04:26,apply-time,rs-000309-c5dsg,7a418c29-1e5c-499a-8134-d51d63574b13,2,517.431576
2026/02/04/00:04:26,running-time,rs-000309-c5dsg,7a418c29-1e5c-499a-8134-d51d63574b13,2,517.431576
2026/02/04/00:04:26,apply-time,rs-000310-f27r8,203bf220-29bf-4176-95b5-fdb2e433b5e6,3,518.431576
2026/02/04/00:04:26,running-time,rs-000310-f27r8,203bf220-29bf-4176-95b5-fdb2e433b5e6,3,518.431576
2026/02/04/00:04:46,apply-time,rs-000311-jtc88,adc13ab3-c504-457d-91cf-72ddde239968,1,538.431576
2026/02/04/00:04:46,running-time,rs-000311-jtc88,adc13ab3-c504-457d-91cf-72ddde239968,1,538.431576
2026/02/04/00:04:46,apply-time,rs-000312-vclnv,89d7a6a4-21cc-49dd-81a4-62692c10395f,1,538.431576
2026/02/04/00:04:46,running-time,rs-000312-vclnv,89d7a6a4-21cc-49dd-81a4-62692c10395f,1,538.431576
2026/02/04/00:04:46,apply-time,rs-000313-lrb25,cf984646-d3e8-45d3-9a17-f51003595996,4,538.431576
2026/02/04/00:04:46,apply-time,rs-000313-vkpdk,985f5b66-c1f6-4a3e-b16a-cce171dba990,4,538.431576
2026/02/04/00:04:46,apply-time,rs-000314-6dbj4,58c71422-bb67-483d-8ab1-9ccc6ba07328,1,538.431576
2026/02/04/00:04:46,running-time,rs-000314-6dbj4,58c71422-bb67-483d-8ab1-9ccc6ba07328,1,538.431576
2026/02/04/00:04:46,apply-time,rs-000314-pmtjz,0cf8d3b1-af86-46af-b775-1633d5aa84e6,1,538.431576
2026/02/04/00:04:46,running-time,rs-000314-pmtjz,0cf8d3b1-af86-46af-b775-1633d5aa84e6,1,538.431576
2026/02/04/00:04:46,apply-time,rs-000314-xb6lk,380e1795-ac57-4c9b-8f06-d5d92c7b63f7,1,538.431576
2026/02/04/00:04:46,running-time,rs-000314-xb6lk,380e1795-ac57-4c9b-8f06-d5d92c7b63f7,1,538.431576
2026/02/04/00:04:46,apply-time,rs-000315-jtlfb,2eef23a5-7d5f-4c61-8c94-affbed6ce4ae,1,538.431576
2026/02/04/00:04:46,apply-time,rs-000315-tlnqq,2494b527-8c46-4d7e-ace8-2afebd0909ad,1,538.431576
2026/02/04/00:04:46,running-time,rs-000315-tlnqq,2494b527-8c46-4d7e-ace8-2afebd0909ad,1,538.431576
2026/02/04/00:04:47,apply-time,rs-000316-2hj7t,e10c7aa8-d719-441d-856a-da4521dc32d1,2,538.431576
2026/02/04/00:04:47,running-time,rs-000316-2hj7t,e10c7aa8-d719-441d-856a-da4521dc32d1,2,538.431576
2026/02/04/00:04:47,apply-time,rs-000316-b7cxw,e41c8db4-e3a9-4318-9ed5-0b97fa7aeb8a,2,538.431576
2026/02/04/00:04:47,apply-time,rs-000317-67nk2,bc264804-2db2-405b-a7ff-32a86435eb00,2,538.431576
2026/02/04/00:04:47,apply-time,rs-000317-q5bkw,a5d73fdc-ce3d-4df4-8c9f-8a66645a85ed,2,538.431576
2026/02/04/00:04:47,apply-time,rs-000317-s4hm9,45d35f66-f671-4278-b15e-63fc4602f1d3,2,538.431576
2026/02/04/00:04:47,apply-time,rs-000318-9c4b7,038bd61b-33fc-40d9-890c-a0fee3658664,2,538.431576
2026/02/04/00:04:47,apply-time,rs-000319-hmz4q,5c720bd3-d980-4578-970f-18d87b8e037b,3,538.431576
2026/02/04/00:04:47,running-time,rs-000319-hmz4q,5c720bd3-d980-4578-970f-18d87b8e037b,3,538.431576
2026/02/04/00:04:47,apply-time,rs-000320-2x8zk,a36ae100-1bd9-4792-b115-afee19d57b60,1,539.431576
2026/02/04/00:04:47,apply-time,rs-000320-9t47d,fc23c7aa-fc81-48b8-be69-4bb26e76e897,1,539.431576
2026/02/04/00:04:47,running-time,rs-000320-9t47d,fc23c7aa-fc81-48b8-be69-4bb26e76e897,1,539.431576
2026/02/04/00:04:49,running-time,rs-000316-b7cxw,e41c8db4-e3a9-4318-9ed5-0b97fa7aeb8a,2,540.431576
2026/02/04/00:04:49,apply-time,rs-000321-5g78r,7a8272a7-6753-4985-88a6-7ab582f800f6,4,540.431576
2026/02/04/00:04:49,running-time,rs-000321-5g78r,7a8272a7-6753-4985-88a6-7ab582f800f6,4,540.431576
2026/02/04/00:04:49,apply-time,rs-000321-9v298,aa992ea3-1acf-4f93-8b43-03fa204c440e,4,540.431576
2026/02/04/00:04:49,running-time,rs-000321-9v298,aa992ea3-1acf-4f93-8b43-03fa204c440e,4,540.431576
2026/02/04/00:04:49,apply-time,rs-000321-xxwqf,dad43450-6600-4633-a191-362a8f31cb6b,4,540.431576
2026/02/04/00:04:49,running-time,rs-000321-xxwqf,dad43450-6600-4633-a191-362a8f31cb6b,4,540.431576
2026/02/04/00:04:49,apply-time,rs-000322-8kzsh,6fe05b6c-2364-45dc-bfcf-c1108556f8a8,2,540.431576
2026/02/04/00:04:49,apply-time,rs-000322-fcqlk,76dd29ff-647e-419e-ab18-2c472c72f76d,2,540.431576
2026/02/04/00:04:49,apply-time,rs-000322-wgwx4,534fcf43-5f71-4454-b978-3506e2f5fd01,2,540.431576
2026/02/04/00:04:50,running-time,rs-000308-4kgng,5d29345a-4709-4026-abf1-76e14e8055d6,3,541.431576
2026/02/04/00:04:50,running-time,rs-000308-sb6ff,c1923e8e-6795-458f-90de-1b952d3cd056,3,541.431576
2026/02/04/00:04:50,apply-time,rs-000323-7d62v,261539c7-a28a-4aca-9707-c93b5cc575ad,4,541.431576
2026/02/04/00:04:54,running-time,rs-000322-fcqlk,76dd29ff-647e-419e-ab18-2c472c72f76d,2,545.431576
2026/02/04/00:04:54,running-time,rs-000322-wgwx4,534fcf43-5f71-4454-b978-3506e2f5fd01,2,545.431576
2026/02/04/00:04:56,apply-time,rs-000324-nj7sn,9d2281d5-e37b-46dc-9b27-af608b34e6c1,3,547.431576
2026/02/04/00:04:58,running-time,rs-000322-8kzsh,6fe05b6c-2364-45dc-bfcf-c1108556f8a8,2,549.431576
2026/02/04/00:05:04,running-time,rs-000315-jtlfb,2eef23a5-7d5f-4c61-8c94-affbed6ce4ae,1,555.431576
2026/02/04/00:05:04,apply-time,rs-000325-dvv8f,c7086676-5f8a-42e1-b366-8ab109055910,1,555.431576
2026/02/04/00:05:04,running-time,rs-000325-dvv8f,c7086676-5f8a-42e1-b366-8ab109055910,1,555.431576
2026/02/04/00:05:06,running-time,rs-000323-7d62v,261539c7-a28a-4aca-9707-c93b5cc575ad,4,558.431576
2026/02/04/00:05:15,apply-time,rs-000326-9wjcd,0685d0ae-cc29-45d9-9892-fc75fe95d65f,1,567.431576
2026/02/04/00:05:15,apply-time,rs-000326-g22fb,9aecb7d2-451d-49f0-a4ea-b2a97cfc78b5,1,567.431576
2026/02/04/00:05:15,apply-time,rs-000327-jdml9,6a1370dd-366c-4a26-a714-bb1a8ae74c6b,2,567.431576
2026/02/04/00:05:16,apply-time,rs-000328-27zl7,a5f2c2eb-6901-458b-b584-0d3b8cfcf25d,3,567.431576
2026/02/04/00:05:16,running-time,rs-000328-27zl7,a5f2c2eb-6901-458b-b584-0d3b8cfcf25d,3,567.431576
2026/02/04/00:05:16,apply-time,rs-000328-kk2bn,d68c1b42-f701-42c6-9bb4-103f54a84df8,3,567.431576
2026/02/04/00:05:16,apply-time,rs-000329-2rqm7,71584044-5f7d-45af-8bea-a905b931958f,3,567.431576
2026/02/04/00:05:16,running-time,rs-000329-2rqm7,71584044-5f7d-45af-8bea-a905b931958f,3,567.431576
2026/02/04/00:05:16,apply-time,rs-000329-2v6pr,b290032b-7cf0-4064-9b0b-d46f313c86e8,3,567.431576
2026/02/04/00:05:16,apply-time,rs-000329-mmndq,8c4de46c-904e-40a6-854b-d462e4098c2b,3,567.431576
2026/02/04/00:05:16,running-time,rs-000329-mmndq,8c4de46c-904e-40a6-854b-d462e4098c2b,3,567.431576
2026/02/04/00:05:19,apply-time,rs-000330-rcsgc,9e80651d-6654-4070-8097-5fbf80ede100,1,570.431576
2026/02/04/00:05:19,apply-time,rs-000330-vgc95,4454c916-89c1-48bf-845c-d8550433dd76,1,570.431576
2026/02/04/00:05:19,apply-time,rs-000331-mld69,e2d45445-be1f-4464-aa3e-fa405000a1a4,3,570.431576
2026/02/04/00:05:19,apply-time,rs-000331-pd99k,97ed2188-9dfd-4d6c-8971-0efb5e8d695c,3,570.431576
2026/02/04/00:05:19,apply-time,rs-000332-8bgbl,65f506e4-2a98-4617-b45b-ae2971b1def3,1,570.431576
2026/02/04/00:05:19,apply-time,rs-000332-8r244,46ccfeab-eb9f-41ea-b42a-73deefb5817d,1,570.431576
2026/02/04/00:05:20,apply-time,rs-000333-7zvtp,b4852240-5a48-4820-affb-4794a4a0a2dc,2,572.431576
2026/02/04/00:05:20,apply-time,rs-000333-xgqtp,2c86985b-110a-4861-9de7-162fdcf8c896,2,572.431576
2026/02/04/00:05:21,apply-time,rs-000334-zgxfw,bb10de72-3126-4c50-97db-4909d535ca74,2,573.431576
2026/02/04/00:05:21,apply-time,rs-000335-5sj7r,5e55eb04-2264-421a-90ba-e24434dc364a,2,573.431576
2026/02/04/00:05:21,apply-time,rs-000335-7x2jh,00b79e4b-fffb-4828-ae58-66f4c76152ed,2,573.431576
2026/02/04/00:05:21,apply-time,rs-000335-phqqf,dfd0d9f5-0c9d-46d5-84e1-fddcfb32303b,2,573.431576
2026/02/04/00:05:21,apply-time,rs-000336-2298j,2e87b074-d513-4981-bf2a-36d48c748822,4,573.431576
2026/02/04/00:05:21,apply-time,rs-000337-jh7lf,03b34869-b6fa-4f4e-895c-52950ef40c03,4,573.431576
2026/02/04/00:05:22,running-time,rs-000331-mld69,e2d45445-be1f-4464-aa3e-fa405000a1a4,3,573.431576
2026/02/04/00:05:22,apply-time,rs-000338-65pk4,e52cee49-c90a-4537-bc23-046709da4034,2,573.431576
2026/02/04/00:05:22,apply-time,rs-000338-tjllm,bb51b41c-8c37-46eb-8a76-a8e9bf3f9878,2,573.431576
2026/02/04/00:05:22,apply-time,rs-000339-87xth,9dd85ccc-392b-4e79-aac8-877151900c49,3,573.431576
2026/02/04/00:05:23,running-time,rs-000333-xgqtp,2c86985b-110a-4861-9de7-162fdcf8c896,2,575.431576
2026/02/04/00:05:31,running-time,rs-000333-7zvtp,b4852240-5a48-4820-affb-4794a4a0a2dc,2,582.431576
2026/02/04/00:05:31,running-time,rs-000336-2298j,2e87b074-d513-4981-bf2a-36d48c748822,4,582.431576
2026/02/04/00:05:37,running-time,rs-000332-8r244,46ccfeab-eb9f-41ea-b42a-73deefb5817d,1,588.431576
2026/02/04/00:05:37,running-time,rs-000334-zgxfw,bb10de72-3126-4c50-97db-4909d535ca74,2,588.431576
2026/02/04/00:05:45,apply-time,rs-000340-fvgc9,70cc2e75-fb2f-43cd-9457-00a34f98f303,2,597.431576
2026/02/04/00:05:45,apply-time,rs-000340-jzqs7,86b443e1-33c4-4f44-bd39-d80595c8ace2,2,597.431576
2026/02/04/00:05:45,apply-time,rs-000340-s9qqv,a34aee44-55ca-41df-af7a-43fb31ab1989,2,597.431576
2026/02/04/00:05:45,apply-time,rs-000341-5fddd,37dcc753-2ee2-4b88-892b-63fd4f88a253,2,597.431576
2026/02/04/00:05:45,apply-time,rs-000341-jpk62,b6b83636-8383-4738-8ec1-3d92a321338d,2,597.431576
2026/02/04/00:05:45,apply-time,rs-000342-9s9w5,3e70a29a-747a-4eef-a570-61b9ad992a5c,2,597.431576
2026/02/04/00:05:45,apply-time,rs-000342-j29g9,87463655-d1d1-40c6-9b69-928068de4fea,2,597.431576
2026/02/04/00:05:45,apply-time,rs-000342-x6cxj,79534300-9697-4da6-af55-c49665a590cc,2,597.431576
2026/02/04/00:05:45,apply-time,rs-000343-bsmww,2199907f-89e0-481a-8da3-023e119af95a,2,597.431576
2026/02/04/00:05:45,apply-time,rs-000344-42rdd,d3014ca1-625c-449b-958e-90bee4bd5616,2,597.431576
2026/02/04/00:05:45,apply-time,rs-000344-4bpg7,97174175-98f3-4d4b-83f1-3f2da43a323c,2,597.431576
2026/02/04/00:05:45,apply-time,rs-000344-sh584,f039fc8c-7e60-4880-afb8-8ee57ea7a407,2,597.431576
2026/02/04/00:05:46,running-time,rs-000344-42rdd,d3014ca1-625c-449b-958e-90bee4bd5616,2,597.431576
2026/02/04/00:05:46,apply-time,rs-000345-6b8dd,f837340c-78ea-4463-8a19-4a2bfe6d56da,1,597.431576
2026/02/04/00:05:46,apply-time,rs-000345-pz76w,8b9757ec-a072-4292-9c9f-856ea235338d,1,597.431576
2026/02/04/00:05:46,apply-time,rs-000345-t56xn,8eec114b-cf94-4736-9304-759d233461ea,1,597.431576
2026/02/04/00:05:51,running-time,rs-000340-s9qqv,a34aee44-55ca-41df-af7a-43fb31ab1989,2,602.431576
2026/02/04/00:05:51,running-time,rs-000342-j29g9,87463655-d1d1-40c6-9b69-928068de4fea,2,602.431576
2026/02/04/00:05:53,apply-time,rs-000346-g9j9d,7856891e-8feb-441a-ada5-5ba6489289a3,3,604.431576
2026/02/04/00:05:53,apply-time,rs-000346-wc87n,ca888b12-4cab-4129-acdd-6a6e4fbf40d4,3,604.431576
2026/02/04/00:05:53,apply-time,rs-000347-j5df9,249966ff-cf55-4392-8f9a-5b34c648095e,4,604.431576
2026/02/04/00:05:53,apply-time,rs-000348-2k488,ce867d9c-0425-435e-af9e-548782ed2799,1,604.431576
2026/02/04/00:05:53,apply-time,rs-000348-kw2vj,e3b48a85-56b2-4729-8966-9953e590b48b,1,604.431576
2026/02/04/00:05:53,apply-time,rs-000348-r2rtv,f5c2fa5a-8d48-4fff-9dc2-1969367e0806,1,604.431576
2026/02/04/00:05:53,running-time,rs-000348-r2rtv,f5c2fa5a-8d48-4fff-9dc2-1969367e0806,1,604.431576
2026/02/04/00:05:53,apply-time,rs-000349-fthj9,936e848e-85a8-4c03-90d3-cfc6641c59ef,2,604.431576
2026/02/04/00:05:53,apply-time,rs-000349-v442b,26a34f77-ecb0-4951-a038-c5d450b456e3,2,604.431576
2026/02/04/00:05:53,apply-time,rs-000349-x2h58,de161607-e96d-4973-86e0-de7c292275fb,2,604.431576
2026/02/04/00:05:53,apply-time,rs-000350-ffb4d,f5973d4a-9858-4625-9bd2-d7ea2a4c0021,3,604.431576
2026/02/04/00:05:53,apply-time,rs-000351-2j9wt,060a780d-9e33-4c61-9273-8a72dce0a62f,4,604.431576
2026/02/04/00:05:54,running-time,rs-000351-2j9wt,060a780d-9e33-4c61-9273-8a72dce0a62f,4,605.431576
2026/02/04/00:06:01,running-time,rs-000347-j5df9,249966ff-cf55-4392-8f9a-5b34c648095e,4,612.431576
2026/02/04/00:06:07,running-time,rs-000318-9c4b7,038bd61b-33fc-40d9-890c-a0fee3658664,2,618.431576
2026/02/04/00:06:07,running-time,rs-000332-8bgbl,65f506e4-2a98-4617-b45b-ae2971b1def3,1,618.431576
2026/02/04/00:06:07,running-time,rs-000342-9s9w5,3e70a29a-747a-4eef-a570-61b9ad992a5c,2,618.431576
2026/02/04/00:06:07,running-time,rs-000342-x6cxj,79534300-9697-4da6-af55-c49665a590cc,2,618.431576
2026/02/04/00:06:07,running-time,rs-000343-bsmww,2199907f-89e0-481a-8da3-023e119af95a,2,618.431576
2026/02/04/00:06:07,running-time,rs-000345-t56xn,8eec114b-cf94-4736-9304-759d233461ea,1,619.431576
2026/02/04/00:06:07,running-time,rs-000348-2k488,ce867d9c-0425-435e-af9e-548782ed2799,1,618.431576
2026/02/04/00:06:07,running-time,rs-000348-kw2vj,e3b48a85-56b2-4729-8966-9953e590b48b,1,618.431576
2026/02/04/00:06:10,running-time,rs-000340-fvgc9,70cc2e75-fb2f-43cd-9457-00a34f98f303,2,621.431576
2026/02/04/00:06:10,running-time,rs-000340-jzqs7,86b443e1-33c4-4f44-bd39-d80595c8ace2,2,621.431576
2026/02/04/00:06:10,running-time,rs-000345-6b8dd,f837340c-78ea-4463-8a19-4a2bfe6d56da,1,621.431576
2026/02/04/00:06:10,running-time,rs-000345-pz76w,8b9757ec-a072-4292-9c9f-856ea235338d,1,621.431576
2026/02/04/00:06:31,apply-time,rs-000352-8nlx2,74dbd649-0bd0-4b30-82aa-95815d899b78,3,642.431576
2026/02/04/00:06:31,running-time,rs-000352-8nlx2,74dbd649-0bd0-4b30-82aa-95815d899b78,3,642.431576
2026/02/04/00:06:31,apply-time,rs-000352-9rzjn,8d46987c-c9d8-4542-a721-cacfef30bf26,3,642.431576
2026/02/04/00:06:31,running-time,rs-000352-9rzjn,8d46987c-c9d8-4542-a721-cacfef30bf26,3,642.431576
2026/02/04/00:06:31,apply-time,rs-000352-pwxks,90297a81-6fb4-4e7e-8609-4ed6998b35d3,3,642.431576
2026/02/04/00:06:31,running-time,rs-000352-pwxks,90297a81-6fb4-4e7e-8609-4ed6998b35d3,3,642.431576
2026/02/04/00:06:31,apply-time,rs-000353-5czsq,0fb23b6f-51cd-4d88-892a-f2c5949ffddc,1,642.431576
2026/02/04/00:06:31,running-time,rs-000353-5czsq,0fb23b6f-51cd-4d88-892a-f2c5949ffddc,1,642.431576
2026/02/04/00:06:31,apply-time,rs-000353-bzth6,5256b7b7-48d7-48b2-9187-00369225ae97,1,642.431576
2026/02/04/00:06:31,running-time,rs-000353-bzth6,5256b7b7-48d7-48b2-9187-00369225ae97,1,642.431576
2026/02/04/00:06:31,apply-time,rs-000353-zjzpw,08e98f00-ecf5-4b93-836f-fca57147154e,1,642.431576
2026/02/04/00:06:31,running-time,rs-000353-zjzpw,08e98f00-ecf5-4b93-836f-fca57147154e,1,642.431576
2026/02/04/00:06:31,apply-time,rs-000354-lbsx9,bbb9ef34-6062-42a0-82e2-361a5ac32e51,3,642.431576
2026/02/04/00:06:31,running-time,rs-000354-lbsx9,bbb9ef34-6062-42a0-82e2-361a5ac32e51,3,642.431576
2026/02/04/00:06:31,apply-time,rs-000355-rrz9s,106b4107-56cf-4ab2-b560-337a58f1741c,4,642.431576
2026/02/04/00:06:31,running-time,rs-000355-rrz9s,106b4107-56cf-4ab2-b560-337a58f1741c,4,642.431576
2026/02/04/00:07:08,apply-time,rs-000356-cxvzh,89cba8de-5318-4f2d-b5aa-29de0318eba2,2,679.431576
2026/02/04/00:07:08,running-time,rs-000356-cxvzh,89cba8de-5318-4f2d-b5aa-29de0318eba2,2,680.431576
2026/02/04/00:07:08,apply-time,rs-000357-rk2mv,2995e82e-19d7-4c3e-9018-448750178e14,1,679.431576
2026/02/04/00:07:08,running-time,rs-000357-rk2mv,2995e82e-19d7-4c3e-9018-448750178e14,1,680.431576
2026/02/04/00:07:08,apply-time,rs-000358-2w9nj,db4fcfc0-1640-42c1-b43c-9ed1f32b10f2,4,680.431576
2026/02/04/00:07:08,running-time,rs-000358-2w9nj,db4fcfc0-1640-42c1-b43c-9ed1f32b10f2,4,680.431576
2026/02/04/00:07:08,apply-time,rs-000358-xphqb,1c1e0fc8-b5d5-4447-a292-834a21ca4d99,4,679.431576
2026/02/04/00:07:08,running-time,rs-000358-xphqb,1c1e0fc8-b5d5-4447-a292-834a21ca4d99,4,680.431576
2026/02/04/00:07:14,apply-time,rs-000359-8pkss,78874030-6849-4477-a488-993046173b71,1,685.431576
2026/02/04/00:07:14,running-time,rs-000359-8pkss,78874030-6849-4477-a488-993046173b71,1,685.431576
2026/02/04/00:07:14,apply-time,rs-000359-tgdlz,7c97d42b-d8bc-4ebb-b50a-2e260a4fc6d1,1,685.431576
2026/02/04/00:07:14,running-time,rs-000359-tgdlz,7c97d42b-d8bc-4ebb-b50a-2e260a4fc6d1,1,685.431576
2026/02/04/00:07:14,apply-time,rs-000359-ztsv9,3b68a15b-daa6-441e-a383-2e616e7ca276,1,685.431576
2026/02/04/00:07:14,running-time,rs-000359-ztsv9,3b68a15b-daa6-441e-a383-2e616e7ca276,1,685.431576
2026/02/04/00:07:14,apply-time,rs-000360-chx7c,0eb35871-f8e1-4b2c-a534-b960b0b2f647,1,686.431576
2026/02/04/00:07:14,apply-time,rs-000360-jk2rz,b2a0ae3c-7595-4b82-9b0c-be59ea5ab8e2,1,686.431576
2026/02/04/00:07:14,apply-time,rs-000361-2vm4c,35a63e11-cb6c-4506-a8ca-a3b978083df5,3,686.431576
2026/02/04/00:07:14,apply-time,rs-000361-kxn4l,5a6524b6-3082-40b3-b32f-cf5b8f8b6942,3,686.431576
2026/02/04/00:07:14,apply-time,rs-000361-mntfw,6387b21e-e597-48fe-8360-5b06bfaf6026,3,686.431576
2026/02/04/00:07:14,apply-time,rs-000362-84dnj,bbaffb75-55e1-4cee-a1f7-9367707feb4a,2,686.431576
2026/02/04/00:07:14,apply-time,rs-000362-8wsmx,550de467-d14a-4aeb-af12-4282631d2f3b,2,686.431576
2026/02/04/00:07:14,apply-time,rs-000363-dl2hd,3e87696c-7d1c-4148-9499-c5cdb20d254e,1,686.431576
2026/02/04/00:07:14,apply-time,rs-000363-dzh5m,83183169-1752-4e83-bfea-547c2228e37e,1,686.431576
2026/02/04/00:07:14,apply-time,rs-000363-zhnm5,a8b76746-c034-4f7d-962b-eda39a9f7a36,1,686.431576
2026/02/04/00:07:14,apply-time,rs-000364-64r49,fd8593bb-9942-4d7e-85d7-f7b8f0f78202,2,686.431576
2026/02/04/00:07:14,apply-time,rs-000364-fm7jm,26d79b31-be8d-4acb-8bbf-ff199b1688a9,2,686.431576
2026/02/04/00:07:15,running-time,rs-000360-chx7c,0eb35871-f8e1-4b2c-a534-b960b0b2f647,1,686.431576
2026/02/04/00:07:15,running-time,rs-000360-jk2rz,b2a0ae3c-7595-4b82-9b0c-be59ea5ab8e2,1,686.431576
2026/02/04/00:07:15,running-time,rs-000361-2vm4c,35a63e11-cb6c-4506-a8ca-a3b978083df5,3,686.431576
2026/02/04/00:07:15,running-time,rs-000361-kxn4l,5a6524b6-3082-40b3-b32f-cf5b8f8b6942,3,686.431576
2026/02/04/00:07:15,running-time,rs-000361-mntfw,6387b21e-e597-48fe-8360-5b06bfaf6026,3,686.431576
2026/02/04/00:07:15,running-time,rs-000362-84dnj,bbaffb75-55e1-4cee-a1f7-9367707feb4a,2,686.431576
2026/02/04/00:07:15,running-time,rs-000363-dl2hd,3e87696c-7d1c-4148-9499-c5cdb20d254e,1,686.431576
2026/02/04/00:07:15,running-time,rs-000363-dzh5m,83183169-1752-4e83-bfea-547c2228e37e,1,686.431576
2026/02/04/00:07:15,running-time,rs-000363-zhnm5,a8b76746-c034-4f7d-962b-eda39a9f7a36,1,686.431576
2026/02/04/00:07:15,running-time,rs-000364-64r49,fd8593bb-9942-4d7e-85d7-f7b8f0f78202,2,686.431576
2026/02/04/00:07:15,apply-time,rs-000365-9dbnj,1580472a-7962-46e2-a0b8-c9020c59bf7f,1,687.431576
2026/02/04/00:07:15,running-time,rs-000365-9dbnj,1580472a-7962-46e2-a0b8-c9020c59bf7f,1,687.431576
2026/02/04/00:07:15,apply-time,rs-000366-h89q8,cedac85a-21d0-4de0-a468-4c4a04ef6036,2,686.431576
2026/02/04/00:07:15,running-time,rs-000366-h89q8,cedac85a-21d0-4de0-a468-4c4a04ef6036,2,686.431576
2026/02/04/00:07:15,apply-time,rs-000367-twlll,5f47cde2-5619-4a7c-bc28-0177495c64b8,3,686.431576
2026/02/04/00:07:15,running-time,rs-000367-twlll,5f47cde2-5619-4a7c-bc28-0177495c64b8,3,686.431576
2026/02/04/00:07:16,apply-time,rs-000368-cjkk2,b3a17381-3c85-482c-af18-f2a547b36313,2,687.431576
2026/02/04/00:07:16,running-time,rs-000368-cjkk2,b3a17381-3c85-482c-af18-f2a547b36313,2,687.431576
2026/02/04/00:07:16,apply-time,rs-000369-4phqd,59b56813-b803-499d-812c-05b7b818ee57,2,688.431576
2026/02/04/00:07:16,running-time,rs-000369-4phqd,59b56813-b803-499d-812c-05b7b818ee57,2,688.431576
2026/02/04/00:07:16,apply-time,rs-000369-ggxgq,b3034834-73e4-481b-a153-a2ad1b5baeb0,2,687.431576
2026/02/04/00:07:16,running-time,rs-000369-ggxgq,b3034834-73e4-481b-a153-a2ad1b5baeb0,2,687.431576
2026/02/04/00:07:16,apply-time,rs-000369-zw2wn,a64ea10d-8cf9-4daa-94ed-3045728c6182,2,688.431576
2026/02/04/00:07:16,running-time,rs-000369-zw2wn,a64ea10d-8cf9-4daa-94ed-3045728c6182,2,688.431576
2026/02/04/00:07:17,running-time,rs-000362-8wsmx,550de467-d14a-4aeb-af12-4282631d2f3b,2,688.431576
2026/02/04/00:07:32,apply-time,rs-000370-tp5f9,289e7b44-6900-4ee0-972b-5f693545f70e,3,704.431576
2026/02/04/00:07:33,running-time,rs-000370-tp5f9,289e7b44-6900-4ee0-972b-5f693545f70e,3,704.431576
2026/02/04/00:07:34,apply-time,rs-000371-52jf8,19afc795-48ec-42d0-9ba0-4ca02e3fd445,1,705.431576
2026/02/04/00:07:34,running-time,rs-000371-52jf8,19afc795-48ec-42d0-9ba0-4ca02e3fd445,1,705.431576
2026/02/04/00:07:34,apply-time,rs-000371-xxpgh,f3249aa6-795a-4abd-97ad-3dbfec8f697e,1,705.431576
2026/02/04/00:07:34,running-time,rs-000371-xxpgh,f3249aa6-795a-4abd-97ad-3dbfec8f697e,1,705.431576
2026/02/04/00:07:34,apply-time,rs-000372-bjf5n,3fd82125-58c5-4575-a216-c8958a7259cd,4,705.431576
2026/02/04/00:07:34,running-time,rs-000372-bjf5n,3fd82125-58c5-4575-a216-c8958a7259cd,4,705.431576
2026/02/04/00:07:34,apply-time,rs-000373-bct5b,c927e8ca-2b27-4dfd-8e69-a1327a7dab4c,1,705.431576
2026/02/04/00:07:34,running-time,rs-000373-bct5b,c927e8ca-2b27-4dfd-8e69-a1327a7dab4c,1,705.431576
2026/02/04/00:07:34,apply-time,rs-000374-99rnc,896487a0-f379-4084-ba09-c784b08e03d2,3,706.431576
2026/02/04/00:07:34,apply-time,rs-000374-hjwzr,6d6f25fe-09e2-49a5-ae87-9a5772804ae6,3,706.431576
2026/02/04/00:07:34,apply-time,rs-000374-pj55g,85174e56-c32e-4af7-ac1c-f3e539736d42,3,706.431576
2026/02/04/00:07:46,running-time,rs-000374-hjwzr,6d6f25fe-09e2-49a5-ae87-9a5772804ae6,3,718.431576
2026/02/04/00:07:53,apply-time,rs-000375-5p5xf,118318d7-ea65-4a2f-9ed6-16a6a759f47d,1,724.431576
2026/02/04/00:07:53,running-time,rs-000375-5p5xf,118318d7-ea65-4a2f-9ed6-16a6a759f47d,1,724.431576
2026/02/04/00:07:53,apply-time,rs-000375-mc5sr,03a82e28-6d50-4203-8857-61faac0dc4b8,1,724.431576
2026/02/04/00:07:53,running-time,rs-000375-mc5sr,03a82e28-6d50-4203-8857-61faac0dc4b8,1,724.431576
2026/02/04/00:07:53,apply-time,rs-000375-vk5m6,d64ec410-e414-441e-9178-e921bb73fe67,1,724.431576
2026/02/04/00:07:53,running-time,rs-000375-vk5m6,d64ec410-e414-441e-9178-e921bb73fe67,1,724.431576
2026/02/04/00:07:53,apply-time,rs-000376-j4d8z,40f434f9-7050-4895-a0ba-3e4e7c14f8b5,1,724.431576
2026/02/04/00:07:53,running-time,rs-000376-j4d8z,40f434f9-7050-4895-a0ba-3e4e7c14f8b5,1,724.431576
2026/02/04/00:07:57,apply-time,rs-000377-snn5k,30e1ba5b-369b-45b7-ba69-72e1d8890cc7,1,729.431576
2026/02/04/00:07:57,apply-time,rs-000378-vzcvm,7d8ba909-b267-4f74-b888-b6a86d7ca944,4,729.431576
2026/02/04/00:07:57,running-time,rs-000378-vzcvm,7d8ba909-b267-4f74-b888-b6a86d7ca944,4,729.431576
2026/02/04/00:07:59,apply-time,rs-000379-n9blq,02d6ed64-f326-4232-be8a-3a07724432ea,4,730.431576
2026/02/04/00:07:59,running-time,rs-000379-n9blq,02d6ed64-f326-4232-be8a-3a07724432ea,4,730.431576
2026/02/04/00:07:59,apply-time,rs-000380-qpjrv,ed2b871e-44f4-4717-9e4e-673a3ad1c6a8,2,730.431576
2026/02/04/00:07:59,running-time,rs-000380-qpjrv,ed2b871e-44f4-4717-9e4e-673a3ad1c6a8,2,730.431576
2026/02/04/00:07:59,apply-time,rs-000381-5drvk,a9388ddf-b541-432e-a12c-cb4830833153,3,730.431576
2026/02/04/00:07:59,apply-time,rs-000381-rtv6z,71025590-9203-4a9f-b81c-8e3151f4cb5f,3,730.431576
2026/02/04/00:07:59,apply-time,rs-000381-t9tgt,22b135cd-ea45-4b81-b642-88a53a2df50a,3,730.431576
2026/02/04/00:07:59,apply-time,rs-000382-skxbh,c8caa8b2-df3a-42bc-8be8-46f26570e00c,4,730.431576
2026/02/04/00:07:59,running-time,rs-000382-skxbh,c8caa8b2-df3a-42bc-8be8-46f26570e00c,4,730.431576
2026/02/04/00:07:59,apply-time,rs-000383-s66jx,95d281a0-87ca-49ca-bf3a-5335a7a342bb,4,730.431576
2026/02/04/00:07:59,running-time,rs-000383-s66jx,95d281a0-87ca-49ca-bf3a-5335a7a342bb,4,731.431576
2026/02/04/00:07:59,apply-time,rs-000384-mw6jk,74fbabf7-5afa-4c77-ab26-007cc9657661,1,731.431576
2026/02/04/00:07:59,running-time,rs-000384-mw6jk,74fbabf7-5afa-4c77-ab26-007cc9657661,1,731.431576
2026/02/04/00:07:59,apply-time,rs-000385-d9xcq,1db54bbf-726a-471f-90e1-ffb30a3e72c9,2,731.431576
2026/02/04/00:07:59,running-time,rs-000385-d9xcq,1db54bbf-726a-471f-90e1-ffb30a3e72c9,2,731.431576
2026/02/04/00:07:59,apply-time,rs-000385-mzrg8,66967d97-5a26-437c-a8eb-7a74d27fbff2,2,731.431576
2026/02/04/00:08:00,apply-time,rs-000385-4qndt,032b0eab-66aa-4507-bc1c-b9d2d5c4d24f,2,731.431576
2026/02/04/00:08:00,apply-time,rs-000386-76x8k,83b7f394-892f-44d5-8601-fb61f713b524,4,732.431576
2026/02/04/00:08:00,running-time,rs-000386-76x8k,83b7f394-892f-44d5-8601-fb61f713b524,4,732.431576
2026/02/04/00:08:00,apply-time,rs-000386-lrqz6,0fc16fed-933c-487c-98a3-f47af8b4c185,4,731.431576
2026/02/04/00:08:00,running-time,rs-000386-lrqz6,0fc16fed-933c-487c-98a3-f47af8b4c185,4,731.431576
2026/02/04/00:08:01,running-time,rs-000374-pj55g,85174e56-c32e-4af7-ac1c-f3e539736d42,3,732.431576
2026/02/04/00:08:01,apply-time,rs-000387-klz94,cbfedd65-be91-43c2-a9d9-53e0fd2e48e8,3,733.431576
2026/02/04/00:08:02,apply-time,rs-000388-84wds,f6dd86ec-8a7b-49dc-abb1-58478ccbc3c9,1,733.431576
2026/02/04/00:08:02,apply-time,rs-000388-mzhc2,77ed011b-19c3-4b63-a038-84ea044b5dbc,1,733.431576
2026/02/04/00:08:03,apply-time,rs-000389-7m5p9,116d46fd-3e60-42e3-a570-a5c4217742a2,1,735.431576
2026/02/04/00:08:03,apply-time,rs-000389-zgrsl,7d0d67a8-514b-466e-a921-04834ba63239,1,735.431576
2026/02/04/00:08:05,running-time,rs-000387-klz94,cbfedd65-be91-43c2-a9d9-53e0fd2e48e8,3,736.431576
2026/02/04/00:08:05,running-time,rs-000389-7m5p9,116d46fd-3e60-42e3-a570-a5c4217742a2,1,736.431576
2026/02/04/00:08:05,running-time,rs-000389-zgrsl,7d0d67a8-514b-466e-a921-04834ba63239,1,736.431576
2026/02/04/00:08:05,apply-time,rs-000390-wtnvf,66823e46-4482-4ad9-a871-30d59e28ce68,3,736.431576
2026/02/04/00:08:05,running-time,rs-000390-wtnvf,66823e46-4482-4ad9-a871-30d59e28ce68,3,736.431576
2026/02/04/00:08:05,apply-time,rs-000391-l9frm,acde3e1c-bc62-4f47-b096-30c7a055035b,1,736.431576
2026/02/04/00:08:05,running-time,rs-000391-l9frm,acde3e1c-bc62-4f47-b096-30c7a055035b,1,736.431576
2026/02/04/00:08:05,apply-time,rs-000391-tsljv,41f63a77-a337-4470-980e-fb1be6833a03,1,736.431576
2026/02/04/00:08:05,running-time,rs-000391-tsljv,41f63a77-a337-4470-980e-fb1be6833a03,1,737.431576
2026/02/04/00:08:05,apply-time,rs-000392-2qxm5,6e20bc5e-e089-4937-9769-3251c3b62e1c,3,736.431576
2026/02/04/00:08:05,running-time,rs-000392-2qxm5,6e20bc5e-e089-4937-9769-3251c3b62e1c,3,736.431576
2026/02/04/00:08:05,apply-time,rs-000392-vgltn,54d8a166-c83a-487b-a020-0e3a9f006123,3,736.431576
2026/02/04/00:08:05,running-time,rs-000392-vgltn,54d8a166-c83a-487b-a020-0e3a9f006123,3,736.431576
2026/02/04/00:08:17,running-time,rs-000385-4qndt,032b0eab-66aa-4507-bc1c-b9d2d5c4d24f,2,749.431576
2026/02/04/00:08:33,running-time,rs-000377-snn5k,30e1ba5b-369b-45b7-ba69-72e1d8890cc7,1,766.431576
2026/02/04/00:08:33,running-time,rs-000385-mzrg8,66967d97-5a26-437c-a8eb-7a74d27fbff2,2,766.431576
2026/02/04/00:08:34,running-time,rs-000374-99rnc,896487a0-f379-4084-ba09-c784b08e03d2,3,766.431576
2026/02/04/00:08:47,apply-time,rs-000393-9vflj,84e0d975-692c-4624-980a-df3b1c4e10d1,2,779.431576
2026/02/04/00:08:47,running-time,rs-000393-9vflj,84e0d975-692c-4624-980a-df3b1c4e10d1,2,779.431576
2026/02/04/00:08:47,apply-time,rs-000393-wmqjj,f95cebad-9810-4201-9c14-ced2b134bcb8,2,779.431576
2026/02/04/00:08:47,running-time,rs-000393-wmqjj,f95cebad-9810-4201-9c14-ced2b134bcb8,2,779.431576
2026/02/04/00:08:47,apply-time,rs-000394-65msd,f8ac0268-e129-4fcb-b637-b65c6bf0019e,2,779.431576
2026/02/04/00:08:47,apply-time,rs-000394-jv7s7,ab697b35-7776-4798-89ba-e7b94a161b18,2,779.431576
2026/02/04/00:08:47,apply-time,rs-000394-pphz4,8223f3c0-b882-43d8-9ac6-6f29fea6a3e6,2,779.431576
2026/02/04/00:08:47,running-time,rs-000394-pphz4,8223f3c0-b882-43d8-9ac6-6f29fea6a3e6,2,779.431576
2026/02/04/00:08:59,apply-time,rs-000395-bmc9s,28371b3f-e94b-4aa0-99c9-c3148b8d0086,1,792.431576
2026/02/04/00:08:59,apply-time,rs-000395-g9pwb,7a320351-6059-4dca-8c98-5808dc04f8b5,1,792.431576
2026/02/04/00:09:00,running-time,rs-000395-bmc9s,28371b3f-e94b-4aa0-99c9-c3148b8d0086,1,792.431576
2026/02/04/00:09:00,running-time,rs-000395-g9pwb,7a320351-6059-4dca-8c98-5808dc04f8b5,1,792.431576
2026/02/04/00:09:00,apply-time,rs-000396-c44fp,7f0bedff-90fe-4821-a203-aed1bbb5cbd9,3,792.431576
2026/02/04/00:09:00,running-time,rs-000396-c44fp,7f0bedff-90fe-4821-a203-aed1bbb5cbd9,3,792.431576
2026/02/04/00:09:00,apply-time,rs-000396-clsvm,2c2b4fc9-98f6-4f33-9d76-0bf0a2135a39,3,792.431576
2026/02/04/00:09:00,running-time,rs-000396-clsvm,2c2b4fc9-98f6-4f33-9d76-0bf0a2135a39,3,792.431576
2026/02/04/00:09:00,apply-time,rs-000396-vg6cr,b6213282-784c-4479-91cc-01934e94d407,3,792.431576
2026/02/04/00:09:00,running-time,rs-000396-vg6cr,b6213282-784c-4479-91cc-01934e94d407,3,792.431576
2026/02/04/00:09:00,apply-time,rs-000397-7zxsh,642c6010-4a9a-46d9-8679-669fdc3f3d1a,1,792.431576
2026/02/04/00:09:00,running-time,rs-000397-7zxsh,642c6010-4a9a-46d9-8679-669fdc3f3d1a,1,792.431576
2026/02/04/00:09:26,apply-time,rs-000398-gqx9w,df03c9fc-4788-4715-8084-8f0b5b47f0ad,1,818.431576
2026/02/04/00:09:26,running-time,rs-000398-gqx9w,df03c9fc-4788-4715-8084-8f0b5b47f0ad,1,818.431576
2026/02/04/00:09:26,apply-time,rs-000398-s2bkg,3af12193-b3c3-4ed8-a473-d479e553d302,1,818.431576
2026/02/04/00:09:26,running-time,rs-000398-s2bkg,3af12193-b3c3-4ed8-a473-d479e553d302,1,818.431576
2026/02/04/00:09:26,apply-time,rs-000399-7f4vv,cbc54681-d5e3-4bde-9cbf-ef803f874048,1,818.431576
2026/02/04/00:09:59,apply-time,rs-000400-8lw94,6939d2d6-010f-443b-b1ab-fc6fff65a2a9,1,851.431576
2026/02/04/00:09:59,running-time,rs-000400-8lw94,6939d2d6-010f-443b-b1ab-fc6fff65a2a9,1,851.431576
2026/02/04/00:09:59,apply-time,rs-000400-qz92p,e4921df0-5a82-4a66-901a-ba171b368e0f,1,851.431576
2026/02/04/00:09:59,running-time,rs-000400-qz92p,e4921df0-5a82-4a66-901a-ba171b368e0f,1,851.431576
2026/02/04/00:09:59,apply-time,rs-000400-tx5mt,0759a23a-b49a-4bf2-a104-6fce7d9bd227,1,851.431576
2026/02/04/00:09:59,running-time,rs-000400-tx5mt,0759a23a-b49a-4bf2-a104-6fce7d9bd227,1,851.431576
2026/02/04/00:09:59,apply-time,rs-000401-2v5qc,ffc3e7f5-aa21-45fd-ba42-7995f43987b6,1,851.431576
2026/02/04/00:09:59,running-time,rs-000401-2v5qc,ffc3e7f5-aa21-45fd-ba42-7995f43987b6,1,851.431576
2026/02/04/00:10:03,apply-time,rs-000402-8nlb5,cf24d731-57b3-4c74-a4ad-73e53e0567b0,3,855.431576
2026/02/04/00:10:03,running-time,rs-000402-8nlb5,cf24d731-57b3-4c74-a4ad-73e53e0567b0,3,855.431576
2026/02/04/00:10:03,apply-time,rs-000403-g7p42,a21dc3c2-91da-4e10-9ccc-f3987cedc617,1,855.431576
2026/02/04/00:10:03,running-time,rs-000403-g7p42,a21dc3c2-91da-4e10-9ccc-f3987cedc617,1,855.431576
2026/02/04/00:10:03,apply-time,rs-000403-vmh2k,877e6e7b-4bed-4c3f-96ac-4f8c043eaf25,1,855.431576
2026/02/04/00:10:03,running-time,rs-000403-vmh2k,877e6e7b-4bed-4c3f-96ac-4f8c043eaf25,1,855.431576
2026/02/04/00:10:03,apply-time,rs-000404-cw9vj,6079f9b3-930e-4074-85bf-0350f251e928,1,855.431576
2026/02/04/00:10:03,apply-time,rs-000405-6v6bc,84bb341f-7b49-4bfd-a1f2-2537c55e8100,2,855.431576
2026/02/04/00:10:03,running-time,rs-000405-6v6bc,84bb341f-7b49-4bfd-a1f2-2537c55e8100,2,855.431576
2026/02/04/00:10:03,apply-time,rs-000405-qlwd9,b5be7751-618d-44de-aabc-79ab9a620168,2,855.431576
2026/02/04/00:10:03,running-time,rs-000405-qlwd9,b5be7751-618d-44de-aabc-79ab9a620168,2,855.431576
2026/02/04/00:10:03,apply-time,rs-000406-dzlrn,fd028429-d14e-43d4-8d49-6c4376b05d6e,2,855.431576
2026/02/04/00:10:03,running-time,rs-000406-dzlrn,fd028429-d14e-43d4-8d49-6c4376b05d6e,2,855.431576
2026/02/04/00:10:03,apply-time,rs-000407-8nvb6,829ff125-fd42-4556-aff7-065b95d42137,1,855.431576
2026/02/04/00:10:03,running-time,rs-000407-8nvb6,829ff125-fd42-4556-aff7-065b95d42137,1,855.431576
2026/02/04/00:10:03,apply-time,rs-000407-qxmg2,dfe889f4-b164-472f-9037-fc0df515feed,1,855.431576
2026/02/04/00:10:03,running-time,rs-000407-qxmg2,dfe889f4-b164-472f-9037-fc0df515feed,1,856.431576
2026/02/04/00:10:03,apply-time,rs-000407-w66rd,c31413e9-c835-4f16-8ec8-0e80d708c706,1,855.431576
2026/02/04/00:10:03,running-time,rs-000407-w66rd,c31413e9-c835-4f16-8ec8-0e80d708c706,1,855.431576
2026/02/04/00:10:09,apply-time,rs-000408-ng599,7b66ab54-67e6-44d5-8ceb-01a4e24b9c5a,3,861.431576
2026/02/04/00:10:09,running-time,rs-000408-ng599,7b66ab54-67e6-44d5-8ceb-01a4e24b9c5a,3,861.431576
2026/02/04/00:10:09,apply-time,rs-000408-vltrz,36781f02-85f9-446d-8af9-a9145793911b,3,861.431576
2026/02/04/00:10:09,running-time,rs-000408-vltrz,36781f02-85f9-446d-8af9-a9145793911b,3,861.431576
2026/02/04/00:10:09,apply-time,rs-000408-vxchc,2a0b083a-78fa-45d7-8f38-20e2f2daefa4,3,861.431576
2026/02/04/00:10:09,running-time,rs-000408-vxchc,2a0b083a-78fa-45d7-8f38-20e2f2daefa4,3,861.431576
2026/02/04/00:10:11,apply-time,rs-000409-5j6nb,121f8c05-5772-49b7-bb41-903a5658bdd5,2,863.431576
2026/02/04/00:10:11,running-time,rs-000409-5j6nb,121f8c05-5772-49b7-bb41-903a5658bdd5,2,863.431576
2026/02/04/00:10:11,apply-time,rs-000410-672wt,ee049501-d087-4145-8403-dae8f4c95736,1,863.431576
2026/02/04/00:10:11,running-time,rs-000410-672wt,ee049501-d087-4145-8403-dae8f4c95736,1,863.431576
2026/02/04/00:10:11,apply-time,rs-000410-hlgld,02c59a7a-1ad1-4e3b-8c54-2237df9f2a2a,1,863.431576
2026/02/04/00:10:11,running-time,rs-000410-hlgld,02c59a7a-1ad1-4e3b-8c54-2237df9f2a2a,1,863.431576
2026/02/04/00:10:11,apply-time,rs-000411-l972c,e615d1d0-7365-4219-96d4-418787c84d13,1,863.431576
2026/02/04/00:10:11,running-time,rs-000411-l972c,e615d1d0-7365-4219-96d4-418787c84d13,1,863.431576
2026/02/04/00:10:11,apply-time,rs-000411-lcfpf,5c1bb6e1-1a34-4f42-a82c-493f209f4954,1,863.431576
2026/02/04/00:10:11,running-time,rs-000411-lcfpf,5c1bb6e1-1a34-4f42-a82c-493f209f4954,1,863.431576
2026/02/04/00:10:11,apply-time,rs-000412-fm4lg,65d02fa7-16c4-4e72-948e-d8fe165ca0bb,2,863.431576
2026/02/04/00:10:11,running-time,rs-000412-fm4lg,65d02fa7-16c4-4e72-948e-d8fe165ca0bb,2,863.431576
2026/02/04/00:10:11,apply-time,rs-000412-lf4fc,e6f39c39-4ad7-426a-9eed-808ec9f584b2,2,863.431576
2026/02/04/00:10:11,running-time,rs-000412-lf4fc,e6f39c39-4ad7-426a-9eed-808ec9f584b2,2,863.431576
2026/02/04/00:10:15,apply-time,rs-000414-94pkb,01fa32f6-d3d6-4a6a-978d-ebe13152aeb2,3,868.431576
2026/02/04/00:10:15,apply-time,rs-000414-nnmc5,a949af64-8ee6-4061-869b-9dd0f17869b0,3,868.431576
2026/02/04/00:10:15,apply-time,rs-000414-s8lxf,47fc305d-ff9e-41d3-9287-3b0af17cfd6b,3,868.431576
2026/02/04/00:10:17,apply-time,rs-000413-d9dln,27ce8980-44c1-41c2-94c4-91ba9fc1f33d,2,868.431576
2026/02/04/00:10:17,running-time,rs-000413-d9dln,27ce8980-44c1-41c2-94c4-91ba9fc1f33d,2,868.431576
2026/02/04/00:10:17,apply-time,rs-000413-xt79k,b9dff409-b52d-4694-9edd-1de37fb728c4,2,868.431576
2026/02/04/00:10:17,running-time,rs-000413-xt79k,b9dff409-b52d-4694-9edd-1de37fb728c4,2,868.431576
2026/02/04/00:10:17,running-time,rs-000414-94pkb,01fa32f6-d3d6-4a6a-978d-ebe13152aeb2,3,868.431576
2026/02/04/00:10:17,running-time,rs-000414-nnmc5,a949af64-8ee6-4061-869b-9dd0f17869b0,3,868.431576
2026/02/04/00:10:17,running-time,rs-000414-s8lxf,47fc305d-ff9e-41d3-9287-3b0af17cfd6b,3,868.431576
2026/02/04/00:10:30,apply-time,rs-000415-fd992,ba6dd315-3d0e-4c63-b859-2ee690bd7b14,2,882.431576
2026/02/04/00:10:30,running-time,rs-000415-fd992,ba6dd315-3d0e-4c63-b859-2ee690bd7b14,2,882.431576
2026/02/04/00:10:30,apply-time,rs-000415-jhg9t,5a121842-6c79-498a-a1f6-6eead65d3a42,2,882.431576
2026/02/04/00:10:30,running-time,rs-000415-jhg9t,5a121842-6c79-498a-a1f6-6eead65d3a42,2,882.431576
2026/02/04/00:10:30,apply-time,rs-000415-m8mhz,a9e1a06f-9ea1-43a4-9d69-f207680adeeb,2,882.431576
2026/02/04/00:10:30,running-time,rs-000415-m8mhz,a9e1a06f-9ea1-43a4-9d69-f207680adeeb,2,882.431576
2026/02/04/00:10:33,apply-time,rs-000416-7xt6x,80c5b371-9f27-41b1-8b6d-8e9ac996ccba,1,884.431576
2026/02/04/00:10:33,apply-time,rs-000416-k9nsz,8b4ce8f2-5cbd-45c4-a384-8ffd633b6a4b,1,884.431576
2026/02/04/00:10:33,apply-time,rs-000416-kb57d,eee8fc40-7a01-4860-ad12-747b37211ca3,1,884.431576
2026/02/04/00:10:33,apply-time,rs-000417-c56zx,37f97001-3023-420a-a150-c5e20a689981,1,884.431576
2026/02/04/00:10:33,running-time,rs-000417-c56zx,37f97001-3023-420a-a150-c5e20a689981,1,884.431576
2026/02/04/00:10:33,apply-time,rs-000418-8j4nh,430307f1-fcbe-48f3-a1c7-c891537dc7bc,4,884.431576
2026/02/04/00:10:33,running-time,rs-000418-8j4nh,430307f1-fcbe-48f3-a1c7-c891537dc7bc,4,884.431576
2026/02/04/00:10:33,apply-time,rs-000418-9sq7d,df5449c1-c445-4ee7-bd9e-25925dfff9c6,4,884.431576
2026/02/04/00:10:33,running-time,rs-000418-9sq7d,df5449c1-c445-4ee7-bd9e-25925dfff9c6,4,884.431576
2026/02/04/00:10:33,apply-time,rs-000419-fzgn2,69887d71-4c49-4885-ad05-df8162d9c039,3,884.431576
2026/02/04/00:10:33,running-time,rs-000419-fzgn2,69887d71-4c49-4885-ad05-df8162d9c039,3,884.431576
2026/02/04/00:10:43,apply-time,rs-000420-sjmmv,1370026e-fdfe-438a-8653-f03aa61eea57,1,894.431576
2026/02/04/00:10:43,running-time,rs-000420-sjmmv,1370026e-fdfe-438a-8653-f03aa61eea57,1,894.431576
2026/02/04/00:10:43,apply-time,rs-000421-56bw9,8cfceaf1-0df6-4cb9-8583-c9ac21f8bca1,3,894.431576
2026/02/04/00:10:43,running-time,rs-000421-56bw9,8cfceaf1-0df6-4cb9-8583-c9ac21f8bca1,3,894.431576
2026/02/04/00:10:43,apply-time,rs-000421-xvcrh,dec0e2ce-294b-4607-ba07-eaf793008c85,3,894.431576
2026/02/04/00:10:43,running-time,rs-000421-xvcrh,dec0e2ce-294b-4607-ba07-eaf793008c85,3,894.431576
2026/02/04/00:10:43,apply-time,rs-000422-rn477,af382be9-900a-4db4-bdd2-04b9869f0e13,2,894.431576
2026/02/04/00:10:43,running-time,rs-000422-rn477,af382be9-900a-4db4-bdd2-04b9869f0e13,2,894.431576
2026/02/04/00:10:43,apply-time,rs-000423-8n9jg,48788144-f0a8-4b14-8e63-2d63e27e558d,4,894.431576
2026/02/04/00:10:43,apply-time,rs-000423-c7k62,958a4b90-c61a-44e2-9adb-2fddf79a255b,4,894.431576
2026/02/04/00:10:43,apply-time,rs-000424-dqrk6,379624ed-d85e-48f5-8bc1-688738dfdddf,1,894.431576
2026/02/04/00:10:43,running-time,rs-000424-dqrk6,379624ed-d85e-48f5-8bc1-688738dfdddf,1,894.431576
2026/02/04/00:10:43,apply-time,rs-000425-drwrb,f0ea2c1a-7991-4d95-985c-2a908a3608ef,4,894.431576
2026/02/04/00:10:43,running-time,rs-000425-drwrb,f0ea2c1a-7991-4d95-985c-2a908a3608ef,4,894.431576
2026/02/04/00:10:43,apply-time,rs-000425-gwmpg,03b45653-1bb4-4eb1-8882-acdf71c5716e,4,895.431576
2026/02/04/00:10:43,running-time,rs-000425-gwmpg,03b45653-1bb4-4eb1-8882-acdf71c5716e,4,895.431576
2026/02/04/00:10:43,apply-time,rs-000426-9lqg9,466fd0c9-c3a1-4c4c-a4f1-baa11f8cd5c1,2,894.431576
2026/02/04/00:10:43,running-time,rs-000426-9lqg9,466fd0c9-c3a1-4c4c-a4f1-baa11f8cd5c1,2,895.431576
2026/02/04/00:10:43,apply-time,rs-000426-hbbrl,ee8dfa66-b75e-4b0b-bcef-09bf4dc52c0f,2,894.431576
2026/02/04/00:10:43,running-time,rs-000426-hbbrl,ee8dfa66-b75e-4b0b-bcef-09bf4dc52c0f,2,894.431576
2026/02/04/00:10:43,apply-time,rs-000427-nbxhj,bbd1b9ba-cb35-4fcd-bc0a-7c4aacbb8412,1,895.431576
2026/02/04/00:10:43,running-time,rs-000427-nbxhj,bbd1b9ba-cb35-4fcd-bc0a-7c4aacbb8412,1,895.431576
2026/02/04/00:10:43,apply-time,rs-000428-7646q,b666faf3-ef55-4b19-8a40-1432ad2486e5,1,895.431576
2026/02/04/00:10:43,running-time,rs-000428-7646q,b666faf3-ef55-4b19-8a40-1432ad2486e5,1,895.431576
2026/02/04/00:10:44,apply-time,rs-000428-2znp2,2024adf4-c05e-47f5-841c-c560df3f30f3,1,895.431576
2026/02/04/00:10:44,running-time,rs-000428-2znp2,2024adf4-c05e-47f5-841c-c560df3f30f3,1,895.431576
2026/02/04/00:10:44,apply-time,rs-000428-b98st,208a53ce-c8b2-4a14-9484-e6e572fe8b9f,1,895.431576
2026/02/04/00:10:44,running-time,rs-000428-b98st,208a53ce-c8b2-4a14-9484-e6e572fe8b9f,1,895.431576
2026/02/04/00:10:44,apply-time,rs-000429-z5l92,4a54d25d-9ebc-42db-aa46-c47a668168b9,2,895.431576
2026/02/04/00:10:45,running-time,rs-000429-z5l92,4a54d25d-9ebc-42db-aa46-c47a668168b9,2,896.431576
2026/02/04/00:11:42,apply-time,rs-000430-w84x6,33085e1d-5192-49c8-944a-dfef2564c802,2,953.431576
2026/02/04/00:11:42,running-time,rs-000430-w84x6,33085e1d-5192-49c8-944a-dfef2564c802,2,953.431576
2026/02/04/00:12:08,apply-time,rs-000431-4fh4m,c8f850bc-bba7-4cfc-818d-b3fe062c1f1b,2,979.431576
2026/02/04/00:12:08,apply-time,rs-000431-vjwc5,b992271a-d7b2-4e09-9bb7-c3a54631f1b0,2,979.431576
2026/02/04/00:12:08,apply-time,rs-000431-zhnb8,8d1c65c0-5ebb-4e1f-b126-5dd12eff1ad7,2,979.431576
2026/02/04/00:12:33,apply-time,rs-000432-7dg8p,40994b78-54cd-4726-a7a7-55415fcf7a28,1,1005.431576
2026/02/04/00:12:33,running-time,rs-000432-7dg8p,40994b78-54cd-4726-a7a7-55415fcf7a28,1,1005.431576
2026/02/04/00:12:33,apply-time,rs-000432-hpp9t,757ae0a2-5d14-48f8-bc61-ced86f3ada16,1,1005.431576
2026/02/04/00:12:33,running-time,rs-000432-hpp9t,757ae0a2-5d14-48f8-bc61-ced86f3ada16,1,1005.431576
2026/02/04/00:12:35,apply-time,rs-000433-84767,a4f964c8-8af7-4302-b763-39e5730d82cc,4,1006.431576
2026/02/04/00:12:35,running-time,rs-000433-84767,a4f964c8-8af7-4302-b763-39e5730d82cc,4,1006.431576
2026/02/04/00:13:27,apply-time,rs-000434-f7dzt,0609bc30-3111-469c-80f8-190050429f13,3,1059.431576
2026/02/04/00:13:27,running-time,rs-000434-f7dzt,0609bc30-3111-469c-80f8-190050429f13,3,1059.431576
2026/02/04/00:13:27,apply-time,rs-000435-d2cx9,75e967a5-9bfc-4cd8-8f3d-f1eba873aa77,4,1059.431576
2026/02/04/00:13:27,running-time,rs-000435-d2cx9,75e967a5-9bfc-4cd8-8f3d-f1eba873aa77,4,1059.431576
2026/02/04/00:13:27,apply-time,rs-000436-npc2c,c068d177-6bb3-4ece-bfa4-bd633afe3512,3,1059.431576
2026/02/04/00:13:27,running-time,rs-000436-npc2c,c068d177-6bb3-4ece-bfa4-bd633afe3512,3,1059.431576
2026/02/04/00:13:27,apply-time,rs-000436-wj6cr,cbafa3b0-c9a2-43c7-9964-06eb40406523,3,1059.431576
2026/02/04/00:13:27,running-time,rs-000436-wj6cr,cbafa3b0-c9a2-43c7-9964-06eb40406523,3,1059.431576
2026/02/04/00:13:41,apply-time,rs-000437-dmhz2,06cf7ad8-f767-481c-a509-f59707d16e3a,1,1072.431576
2026/02/04/00:13:41,running-time,rs-000437-dmhz2,06cf7ad8-f767-481c-a509-f59707d16e3a,1,1072.431576
2026/02/04/00:13:41,apply-time,rs-000438-b4vzs,1912eeea-802d-4ffe-80de-18d2ae6c4480,2,1072.431576
2026/02/04/00:13:41,running-time,rs-000438-b4vzs,1912eeea-802d-4ffe-80de-18d2ae6c4480,2,1072.431576
2026/02/04/00:13:41,apply-time,rs-000438-hxctg,4130b2ab-6df7-453d-9be6-57cc4f4dbb83,2,1072.431576
2026/02/04/00:13:41,running-time,rs-000438-hxctg,4130b2ab-6df7-453d-9be6-57cc4f4dbb83,2,1072.431576
2026/02/04/00:13:41,apply-time,rs-000438-w5827,12b43540-3c64-4c19-8209-af65a40c3109,2,1072.431576
2026/02/04/00:13:41,running-time,rs-000438-w5827,12b43540-3c64-4c19-8209-af65a40c3109,2,1072.431576
2026/02/04/00:13:42,apply-time,rs-000439-7nqnx,043327f5-abd8-4568-a795-801d7eb23642,2,1074.431576
2026/02/04/00:13:42,running-time,rs-000439-7nqnx,043327f5-abd8-4568-a795-801d7eb23642,2,1074.431576
2026/02/04/00:13:42,apply-time,rs-000440-5hwqr,ecba2217-c470-4ba0-a3df-ecb79d2a2cda,2,1074.431576
2026/02/04/00:13:42,running-time,rs-000440-5hwqr,ecba2217-c470-4ba0-a3df-ecb79d2a2cda,2,1074.431576
2026/02/04/00:13:42,apply-time,rs-000440-g8t7v,1afae5e0-527c-4b90-b9b7-bc2ab5f6c47a,2,1073.431576
2026/02/04/00:13:42,running-time,rs-000440-g8t7v,1afae5e0-527c-4b90-b9b7-bc2ab5f6c47a,2,1074.431576
2026/02/04/00:13:42,apply-time,rs-000441-n2hw7,798e6513-7537-4d5e-b91a-ba61d34f85f8,1,1074.431576
2026/02/04/00:13:42,running-time,rs-000441-n2hw7,798e6513-7537-4d5e-b91a-ba61d34f85f8,1,1074.431576
2026/02/04/00:13:42,apply-time,rs-000441-w68mz,a6d8258b-176a-4a77-97d1-46e8c27a6bcf,1,1074.431576
2026/02/04/00:13:42,running-time,rs-000441-w68mz,a6d8258b-176a-4a77-97d1-46e8c27a6bcf,1,1074.431576
2026/02/04/00:13:42,apply-time,rs-000442-wb4tx,5fd36da0-1c57-4b4a-9ca8-80d53c5a43bc,1,1074.431576
2026/02/04/00:13:42,running-time,rs-000442-wb4tx,5fd36da0-1c57-4b4a-9ca8-80d53c5a43bc,1,1074.431576
2026/02/04/00:13:42,apply-time,rs-000443-drcmk,8ca0338b-c64d-4a01-a077-fda77710d0e7,1,1074.431576
2026/02/04/00:13:42,running-time,rs-000443-drcmk,8ca0338b-c64d-4a01-a077-fda77710d0e7,1,1074.431576
2026/02/04/00:13:42,apply-time,rs-000444-4gn7h,5c297f19-bead-4135-b1ab-bdc51673d486,1,1074.431576
2026/02/04/00:13:42,running-time,rs-000444-4gn7h,5c297f19-bead-4135-b1ab-bdc51673d486,1,1074.431576
2026/02/04/00:13:42,apply-time,rs-000444-56ksb,97f21756-598a-40f3-b755-5d646353a970,1,1074.431576
2026/02/04/00:13:42,running-time,rs-000444-56ksb,97f21756-598a-40f3-b755-5d646353a970,1,1074.431576
2026/02/04/00:13:42,apply-time,rs-000444-r8z8q,40ff0827-ad64-4306-ae1a-c107b1e3cbc6,1,1074.431576
2026/02/04/00:13:42,running-time,rs-000444-r8z8q,40ff0827-ad64-4306-ae1a-c107b1e3cbc6,1,1074.431576
2026/02/04/00:13:54,apply-time,rs-000445-c4zsl,d42ead4c-84c2-484a-9a85-beb39534a951,2,1085.431576
2026/02/04/00:13:54,running-time,rs-000445-c4zsl,d42ead4c-84c2-484a-9a85-beb39534a951,2,1085.431576
2026/02/04/00:13:54,apply-time,rs-000446-8fpwf,6637da62-1814-420f-a7b0-07790447f894,2,1085.431576
2026/02/04/00:13:54,running-time,rs-000446-8fpwf,6637da62-1814-420f-a7b0-07790447f894,2,1085.431576
2026/02/04/00:13:54,apply-time,rs-000446-hnwr8,536d8891-4c4f-46d2-ab13-5374680bbf46,2,1085.431576
2026/02/04/00:13:54,running-time,rs-000446-hnwr8,536d8891-4c4f-46d2-ab13-5374680bbf46,2,1085.431576
2026/02/04/00:13:54,apply-time,rs-000446-rj72s,741e70b0-2a62-4904-a550-e1560ac0c722,2,1085.431576
2026/02/04/00:13:54,running-time,rs-000446-rj72s,741e70b0-2a62-4904-a550-e1560ac0c722,2,1085.431576
2026/02/04/00:13:54,apply-time,rs-000447-7gfhn,b143f4f2-fd2a-49eb-8be4-efe51eba3b17,1,1085.431576
2026/02/04/00:13:54,running-time,rs-000447-7gfhn,b143f4f2-fd2a-49eb-8be4-efe51eba3b17,1,1085.431576
2026/02/04/00:13:54,apply-time,rs-000447-xg9rc,c1275a66-921e-4f86-b426-9b1fc66f1d36,1,1085.431576
2026/02/04/00:13:54,running-time,rs-000447-xg9rc,c1275a66-921e-4f86-b426-9b1fc66f1d36,1,1085.431576
2026/02/04/00:13:54,apply-time,rs-000448-477d7,525ba7cc-64a7-46fd-98ea-017296679b4b,1,1085.431576
2026/02/04/00:13:54,apply-time,rs-000448-4qckn,884d5f60-dab7-451a-9c31-620669dad64c,1,1085.431576
2026/02/04/00:13:54,apply-time,rs-000448-9nt8q,266862d3-5485-4dca-a196-d3392aa7b811,1,1085.431576
2026/02/04/00:13:57,apply-time,rs-000449-s298h,2d5445f9-066c-4a56-86d6-eaca12a2f42c,3,1088.431576
2026/02/04/00:13:57,running-time,rs-000449-s298h,2d5445f9-066c-4a56-86d6-eaca12a2f42c,3,1088.431576
2026/02/04/00:13:57,apply-time,rs-000450-5hxk6,5da8bd82-6203-4f77-892c-9e8d3a2fb1a7,2,1088.431576
2026/02/04/00:13:57,running-time,rs-000450-5hxk6,5da8bd82-6203-4f77-892c-9e8d3a2fb1a7,2,1088.431576
2026/02/04/00:13:57,apply-time,rs-000450-hjt86,a15b5c3c-f080-4770-a5d7-8d0a440ffd2d,2,1088.431576
2026/02/04/00:13:59,running-time,rs-000450-hjt86,a15b5c3c-f080-4770-a5d7-8d0a440ffd2d,2,1091.431576
2026/02/04/00:13:59,apply-time,rs-000452-qqmqw,18cc6946-14f4-4f2b-9768-d03afdaa1a4e,2,1091.431576
2026/02/04/00:13:59,running-time,rs-000452-qqmqw,18cc6946-14f4-4f2b-9768-d03afdaa1a4e,2,1091.431576
2026/02/04/00:13:59,apply-time,rs-000454-59klk,6a04bd82-b559-4544-8d24-a74f7bf4b0d6,3,1091.431576
2026/02/04/00:13:59,apply-time,rs-000454-p8nml,1e9e184e-375e-47a3-873b-c0f8989b410b,3,1091.431576
2026/02/04/00:14:00,apply-time,rs-000451-f9pmx,a2e4e5c4-88d7-4605-a866-c941b504b8d1,4,1091.431576
2026/02/04/00:14:00,apply-time,rs-000451-r54q4,315b4507-1a02-459a-9af6-f61e382610ac,4,1091.431576
2026/02/04/00:14:00,apply-time,rs-000453-84z6z,ee8159e9-e798-4d6f-bf48-3fbb4a59bd2e,4,1091.431576
2026/02/04/00:14:00,running-time,rs-000453-84z6z,ee8159e9-e798-4d6f-bf48-3fbb4a59bd2e,4,1091.431576
2026/02/04/00:14:00,apply-time,rs-000453-mdcps,b0e08f83-e1f7-44c9-8a8f-24e874148ad4,4,1091.431576
2026/02/04/00:14:00,running-time,rs-000453-mdcps,b0e08f83-e1f7-44c9-8a8f-24e874148ad4,4,1091.431576
2026/02/04/00:14:00,running-time,rs-000454-59klk,6a04bd82-b559-4544-8d24-a74f7bf4b0d6,3,1091.431576
2026/02/04/00:14:00,running-time,rs-000454-p8nml,1e9e184e-375e-47a3-873b-c0f8989b410b,3,1091.431576
2026/02/04/00:14:00,apply-time,rs-000455-9kkcm,a983e94d-c849-4e95-bcaa-9dce2fe7e3e3,3,1092.431576
2026/02/04/00:14:00,apply-time,rs-000455-xs9sv,a6dbd7f6-31b9-4264-87b3-30f183d11964,3,1092.431576
2026/02/04/00:14:00,apply-time,rs-000456-4cq2x,735e2f88-1224-4ac6-aa31-d2a31c44a330,4,1092.431576
2026/02/04/00:14:00,apply-time,rs-000456-bw256,3a03eb01-53fc-48d7-8c84-2679abc254fe,4,1092.431576
2026/02/04/00:14:00,apply-time,rs-000457-s4gxj,2cc84fde-0318-418b-b3cf-ba825302a7e0,1,1092.431576
2026/02/04/00:14:00,apply-time,rs-000458-24779,5af756de-2866-4cc4-b53a-e69e75d4f99b,1,1092.431576
2026/02/04/00:14:00,running-time,rs-000458-24779,5af756de-2866-4cc4-b53a-e69e75d4f99b,1,1092.431576
2026/02/04/00:14:01,apply-time,rs-000456-6shqc,eda2c842-37cd-4b86-a90e-86c5768aae39,4,1092.431576
2026/02/04/00:14:01,apply-time,rs-000457-9l7tm,e7381fc5-4114-492c-8435-5a942cf78848,1,1092.431576
2026/02/04/00:14:01,apply-time,rs-000458-59qhg,33a66a37-6e1f-447a-8460-f4281abf0c76,1,1092.431576
2026/02/04/00:14:01,running-time,rs-000458-59qhg,33a66a37-6e1f-447a-8460-f4281abf0c76,1,1092.431576
2026/02/04/00:14:01,apply-time,rs-000458-bz9f5,91c5d6fe-9649-40c7-b160-b978b90866bc,1,1092.431576
2026/02/04/00:14:01,running-time,rs-000458-bz9f5,91c5d6fe-9649-40c7-b160-b978b90866bc,1,1092.431576
2026/02/04/00:14:01,apply-time,rs-000459-n9rs6,ea8bc372-1801-4d39-94f5-41ff729c493d,2,1092.431576
2026/02/04/00:14:01,running-time,rs-000459-n9rs6,ea8bc372-1801-4d39-94f5-41ff729c493d,2,1093.431576
2026/02/04/00:14:01,apply-time,rs-000460-lkzl2,188b56f2-fdee-418b-b29e-1a9f02abdd8a,2,1093.431576
2026/02/04/00:14:01,running-time,rs-000460-lkzl2,188b56f2-fdee-418b-b29e-1a9f02abdd8a,2,1093.431576
2026/02/04/00:14:01,apply-time,rs-000460-qj49t,b0d71338-25c6-48f0-aed7-147690a105bc,2,1093.431576
2026/02/04/00:14:01,running-time,rs-000460-qj49t,b0d71338-25c6-48f0-aed7-147690a105bc,2,1093.431576
2026/02/04/00:14:01,apply-time,rs-000461-qd8hk,ff85b576-cd24-4c02-9fd0-479874478982,2,1093.431576
2026/02/04/00:14:01,running-time,rs-000461-qd8hk,ff85b576-cd24-4c02-9fd0-479874478982,2,1093.431576
2026/02/04/00:14:01,apply-time,rs-000462-dbnr2,0a91e342-76a3-47f2-96f3-289557fbad9f,4,1093.431576
2026/02/04/00:14:02,apply-time,rs-000461-8k8sg,8d95a76b-3c1d-4cef-91ab-cbf28bb43d94,2,1093.431576
2026/02/04/00:14:02,running-time,rs-000461-8k8sg,8d95a76b-3c1d-4cef-91ab-cbf28bb43d94,2,1093.431576
2026/02/04/00:14:02,apply-time,rs-000462-hstbb,bb954838-4763-47ae-b286-fde5b7114337,4,1093.431576
2026/02/04/00:14:02,apply-time,rs-000463-jr25k,654f6b73-8c0c-4db8-a00c-1b486dc6f03f,1,1094.431576
2026/02/04/00:14:02,apply-time,rs-000463-t4kpb,2cc8a080-09d3-4891-bb58-d876eb979b16,1,1094.431576
2026/02/04/00:14:02,apply-time,rs-000464-k7bxm,136c4d7d-5eb6-4f74-a0fd-2aae240c002a,3,1094.431576
2026/02/04/00:14:03,running-time,rs-000462-dbnr2,0a91e342-76a3-47f2-96f3-289557fbad9f,4,1095.431576
2026/02/04/00:14:03,apply-time,rs-000464-24v75,9ff7363e-4b37-4b44-992b-423c5c80dc8b,3,1094.431576
2026/02/04/00:14:03,running-time,rs-000464-24v75,9ff7363e-4b37-4b44-992b-423c5c80dc8b,3,1094.431576
2026/02/04/00:14:03,apply-time,rs-000465-f9d6g,76a3575f-94f5-4b01-a056-b665ab4c855c,1,1094.431576
2026/02/04/00:14:03,apply-time,rs-000465-zpj5m,99eff14f-f0fb-41a2-9766-2f90d423de05,1,1094.431576
2026/02/04/00:14:03,apply-time,rs-000466-gg8gx,5ddb5160-6f6c-4eea-8fef-3514a8245866,2,1095.431576
2026/02/04/00:14:03,apply-time,rs-000466-spj46,d3c995b3-fa56-46f6-a387-c2d99b832fa7,2,1095.431576
2026/02/04/00:14:03,running-time,rs-000466-spj46,d3c995b3-fa56-46f6-a387-c2d99b832fa7,2,1095.431576
2026/02/04/00:14:04,running-time,rs-000466-gg8gx,5ddb5160-6f6c-4eea-8fef-3514a8245866,2,1096.431576
2026/02/04/00:14:04,apply-time,rs-000467-qsqq9,61ce50bb-9b50-4ea7-a77a-8f80b546cb32,3,1095.431576
2026/02/04/00:14:04,running-time,rs-000467-qsqq9,61ce50bb-9b50-4ea7-a77a-8f80b546cb32,3,1095.431576
2026/02/04/00:14:04,apply-time,rs-000468-6wmjn,f112ec7b-5a9a-4863-85f7-edf37a9b64f7,1,1095.431576
2026/02/04/00:14:04,apply-time,rs-000468-mnq4x,66c27d44-8fc0-44df-af6b-ade96ea00592,1,1095.431576
2026/02/04/00:14:04,apply-time,rs-000468-spgrq,24cc2ce2-5c51-45a9-8378-cce671fe351f,1,1095.431576
2026/02/04/00:14:09,running-time,rs-000462-hstbb,bb954838-4763-47ae-b286-fde5b7114337,4,1100.431576
2026/02/04/00:14:09,running-time,rs-000468-6wmjn,f112ec7b-5a9a-4863-85f7-edf37a9b64f7,1,1100.431576
2026/02/04/00:14:09,running-time,rs-000468-mnq4x,66c27d44-8fc0-44df-af6b-ade96ea00592,1,1100.431576
2026/02/04/00:14:09,running-time,rs-000468-spgrq,24cc2ce2-5c51-45a9-8378-cce671fe351f,1,1101.431576
2026/02/04/00:14:57,running-time,rs-000463-jr25k,654f6b73-8c0c-4db8-a00c-1b486dc6f03f,1,1149.431576
2026/02/04/00:14:57,running-time,rs-000463-t4kpb,2cc8a080-09d3-4891-bb58-d876eb979b16,1,1149.431576
2026/02/04/00:15:01,apply-time,rs-000469-gdpfp,f7ce4752-3722-4417-9604-14a9c8647435,4,1153.431576
2026/02/04/00:15:01,running-time,rs-000469-gdpfp,f7ce4752-3722-4417-9604-14a9c8647435,4,1153.431576
2026/02/04/00:15:54,apply-time,rs-000470-rz9cv,c5dfd755-f12d-4b8b-a9de-f7c0179f7c3d,3,1206.431576
2026/02/04/00:15:54,running-time,rs-000470-rz9cv,c5dfd755-f12d-4b8b-a9de-f7c0179f7c3d,3,1206.431576
2026/02/04/00:15:54,apply-time,rs-000471-6gxs4,9a19fc39-50fc-4804-b43f-0fe47f8e8a5e,1,1206.431576
2026/02/04/00:15:54,apply-time,rs-000471-9b5pd,871e36a6-7f74-436c-acaf-787d02eafb14,1,1206.431576
2026/02/04/00:15:54,apply-time,rs-000471-fw78f,e0730d3f-5a41-47b8-963e-22090d5c0367,1,1206.431576
2026/02/04/00:15:54,apply-time,rs-000472-ctrmc,7abed88b-70b6-4773-ac7d-60c3b7c9ba49,4,1206.431576
2026/02/04/00:15:54,running-time,rs-000472-ctrmc,7abed88b-70b6-4773-ac7d-60c3b7c9ba49,4,1206.431576
2026/02/04/00:15:55,running-time,rs-000471-6gxs4,9a19fc39-50fc-4804-b43f-0fe47f8e8a5e,1,1207.431576
2026/02/04/00:15:55,running-time,rs-000471-9b5pd,871e36a6-7f74-436c-acaf-787d02eafb14,1,1207.431576
2026/02/04/00:15:55,running-time,rs-000471-fw78f,e0730d3f-5a41-47b8-963e-22090d5c0367,1,1207.431576
2026/02/04/00:15:56,apply-time,rs-000473-bbcqq,41eccb75-32dc-4ad0-8932-652b9f7e9079,1,1208.431576
2026/02/04/00:15:56,running-time,rs-000473-bbcqq,41eccb75-32dc-4ad0-8932-652b9f7e9079,1,1208.431576
2026/02/04/00:15:56,apply-time,rs-000474-ft9k5,2d2f7249-9dd7-4a93-9341-aedadfffbf9b,3,1208.431576
2026/02/04/00:15:56,running-time,rs-000474-ft9k5,2d2f7249-9dd7-4a93-9341-aedadfffbf9b,3,1208.431576
2026/02/04/00:15:56,apply-time,rs-000475-8vvdg,796a2cc3-e56e-44fd-a0f1-37a3cbbb9f74,1,1208.431576
2026/02/04/00:15:56,running-time,rs-000475-8vvdg,796a2cc3-e56e-44fd-a0f1-37a3cbbb9f74,1,1208.431576
2026/02/04/00:15:56,apply-time,rs-000475-zplln,7abc6a1d-2bc3-4395-938c-5621d5a26a04,1,1208.431576
2026/02/04/00:15:56,running-time,rs-000475-zplln,7abc6a1d-2bc3-4395-938c-5621d5a26a04,1,1208.431576
2026/02/04/00:15:56,apply-time,rs-000476-8vxmd,c6198faf-33bb-4301-96b1-5f2d2889d832,3,1208.431576
2026/02/04/00:15:56,running-time,rs-000476-8vxmd,c6198faf-33bb-4301-96b1-5f2d2889d832,3,1208.431576
2026/02/04/00:15:56,apply-time,rs-000476-q5cg6,b84f3cbf-426d-4931-be17-bf0910b03cd9,3,1208.431576
2026/02/04/00:15:56,running-time,rs-000476-q5cg6,b84f3cbf-426d-4931-be17-bf0910b03cd9,3,1208.431576
2026/02/04/00:15:56,apply-time,rs-000476-whh4t,4e5f2a4e-3ba5-48ea-8cbf-1bd55ed01b7e,3,1208.431576
2026/02/04/00:15:56,running-time,rs-000476-whh4t,4e5f2a4e-3ba5-48ea-8cbf-1bd55ed01b7e,3,1208.431576
2026/02/04/00:15:56,apply-time,rs-000477-24q4z,0f5f13ae-bf81-4095-9fe4-420c54458d30,2,1208.431576
2026/02/04/00:15:56,running-time,rs-000477-24q4z,0f5f13ae-bf81-4095-9fe4-420c54458d30,2,1208.431576
2026/02/04/00:15:56,apply-time,rs-000478-42mq6,0cc42638-6197-47cb-897b-d5434079831f,4,1208.431576
2026/02/04/00:15:56,apply-time,rs-000478-6n8x9,7d0ef3c7-4427-4b10-a139-2cd456277fba,4,1208.431576
2026/02/04/00:15:56,apply-time,rs-000478-bmbdr,8df86819-5639-440c-89fc-41770158fc6f,4,1208.431576
2026/02/04/00:15:56,apply-time,rs-000479-kbpv6,63bd9b0e-fadd-48f6-91be-579cab1c3593,2,1208.431576
2026/02/04/00:15:57,apply-time,rs-000481-2nfjv,bddc933a-6b76-4989-bea0-9fe47ff5e5cf,4,1209.431576
2026/02/04/00:15:57,running-time,rs-000481-2nfjv,bddc933a-6b76-4989-bea0-9fe47ff5e5cf,4,1209.431576
2026/02/04/00:15:57,apply-time,rs-000481-p6hpc,44eb7b09-f5a4-4faa-a364-6574acca919c,4,1209.431576
2026/02/04/00:15:57,running-time,rs-000481-p6hpc,44eb7b09-f5a4-4faa-a364-6574acca919c,4,1209.431576
2026/02/04/00:15:57,apply-time,rs-000481-sblzm,d3eb49e3-4667-4965-859b-3056af1f248a,4,1209.431576
2026/02/04/00:15:57,running-time,rs-000481-sblzm,d3eb49e3-4667-4965-859b-3056af1f248a,4,1209.431576
2026/02/04/00:15:57,apply-time,rs-000482-snm47,d9e1844e-3e4e-4192-b5c1-aa07bc8f965d,1,1209.431576
2026/02/04/00:15:57,running-time,rs-000482-snm47,d9e1844e-3e4e-4192-b5c1-aa07bc8f965d,1,1209.431576
2026/02/04/00:15:57,apply-time,rs-000482-v6sql,c9239133-0ee7-48be-8870-1216e155416e,1,1209.431576
2026/02/04/00:15:57,running-time,rs-000482-v6sql,c9239133-0ee7-48be-8870-1216e155416e,1,1209.431576
2026/02/04/00:15:57,apply-time,rs-000483-ql7rz,627c86c4-c40e-4188-8e61-3663011d21b1,2,1209.431576
2026/02/04/00:15:57,running-time,rs-000483-ql7rz,627c86c4-c40e-4188-8e61-3663011d21b1,2,1209.431576
2026/02/04/00:15:58,apply-time,rs-000480-h8mw5,42020b64-cad0-4640-92f8-511de469d97a,4,1210.431576
2026/02/04/00:15:58,running-time,rs-000480-h8mw5,42020b64-cad0-4640-92f8-511de469d97a,4,1210.431576
2026/02/04/00:15:58,apply-time,rs-000484-twjsf,8716f913-93c6-42b7-9e02-2f93555ffc52,1,1210.431576
2026/02/04/00:15:58,running-time,rs-000484-twjsf,8716f913-93c6-42b7-9e02-2f93555ffc52,1,1210.431576
2026/02/04/00:15:58,apply-time,rs-000485-2zxhx,41fb357d-e82a-473c-aafa-eb17df5d5387,3,1210.431576
2026/02/04/00:15:58,running-time,rs-000485-2zxhx,41fb357d-e82a-473c-aafa-eb17df5d5387,3,1210.431576
2026/02/04/00:15:58,apply-time,rs-000485-dk8r2,62e6036c-deba-4db9-a4df-3baffe14982f,3,1210.431576
2026/02/04/00:15:58,running-time,rs-000485-dk8r2,62e6036c-deba-4db9-a4df-3baffe14982f,3,1210.431576
2026/02/04/00:15:58,apply-time,rs-000485-sk67j,720817af-63b8-4e13-b902-2876ed29bd5b,3,1210.431576
2026/02/04/00:15:59,running-time,rs-000485-sk67j,720817af-63b8-4e13-b902-2876ed29bd5b,3,1211.431576
2026/02/04/00:16:11,apply-time,rs-000486-9c6sg,69f30ba8-74b9-48b6-abf6-cc310c3f4c2c,2,1223.431576
2026/02/04/00:16:11,running-time,rs-000486-9c6sg,69f30ba8-74b9-48b6-abf6-cc310c3f4c2c,2,1223.431576
2026/02/04/00:16:11,apply-time,rs-000487-9bwcm,91a20216-9490-48ba-bb88-0a6bce468806,2,1223.431576
2026/02/04/00:16:11,running-time,rs-000487-9bwcm,91a20216-9490-48ba-bb88-0a6bce468806,2,1223.431576
2026/02/04/00:16:11,apply-time,rs-000487-lzrbs,d639d414-2c7e-4b55-8955-5fa9ef3d7e24,2,1223.431576
2026/02/04/00:16:11,running-time,rs-000487-lzrbs,d639d414-2c7e-4b55-8955-5fa9ef3d7e24,2,1223.431576
2026/02/04/00:16:11,apply-time,rs-000487-vznfv,9ce5c912-c7d6-468b-b4cc-483c39ff1060,2,1223.431576
2026/02/04/00:16:11,running-time,rs-000487-vznfv,9ce5c912-c7d6-468b-b4cc-483c39ff1060,2,1223.431576
2026/02/04/00:16:11,apply-time,rs-000488-75kjw,f70dc3f2-07c7-406b-8932-4d6adb72c92b,1,1223.431576
2026/02/04/00:16:11,running-time,rs-000488-75kjw,f70dc3f2-07c7-406b-8932-4d6adb72c92b,1,1223.431576
2026/02/04/00:16:11,apply-time,rs-000488-bb76q,c59bfca3-63ca-4eeb-ab42-bd6ce5276db3,1,1223.431576
2026/02/04/00:16:11,running-time,rs-000488-bb76q,c59bfca3-63ca-4eeb-ab42-bd6ce5276db3,1,1223.431576
2026/02/04/00:16:11,apply-time,rs-000488-k7vjg,1477551f-be3b-4bce-ac77-1bf53436926c,1,1223.431576
2026/02/04/00:16:11,running-time,rs-000488-k7vjg,1477551f-be3b-4bce-ac77-1bf53436926c,1,1223.431576
2026/02/04/00:16:11,apply-time,rs-000489-5wgkq,cc47b869-2c88-4298-a019-274b4e4a7375,4,1223.431576
2026/02/04/00:16:11,running-time,rs-000489-5wgkq,cc47b869-2c88-4298-a019-274b4e4a7375,4,1223.431576
2026/02/04/00:16:11,apply-time,rs-000489-s85wb,85c1f65f-bff2-40ef-9f89-8b17e212664d,4,1223.431576
2026/02/04/00:16:11,running-time,rs-000489-s85wb,85c1f65f-bff2-40ef-9f89-8b17e212664d,4,1223.431576
2026/02/04/00:16:25,apply-time,rs-000490-fp4ht,ee50cade-6b60-4c4a-8908-fb9cde282907,3,1237.431576
2026/02/04/00:16:25,running-time,rs-000490-fp4ht,ee50cade-6b60-4c4a-8908-fb9cde282907,3,1237.431576
2026/02/04/00:16:25,apply-time,rs-000490-sstht,b12673ad-139f-4b48-9fc0-ca085531696e,3,1237.431576
2026/02/04/00:16:25,running-time,rs-000490-sstht,b12673ad-139f-4b48-9fc0-ca085531696e,3,1237.431576
2026/02/04/00:16:25,apply-time,rs-000490-ts5pd,c9cfeeee-8caf-4730-90b5-37723fe66817,3,1237.431576
2026/02/04/00:16:25,running-time,rs-000490-ts5pd,c9cfeeee-8caf-4730-90b5-37723fe66817,3,1237.431576
2026/02/04/00:16:25,apply-time,rs-000491-hgg8f,e24ad2f1-03e8-4b11-8aa7-b39eb8a9a457,1,1237.431576
2026/02/04/00:16:25,running-time,rs-000491-hgg8f,e24ad2f1-03e8-4b11-8aa7-b39eb8a9a457,1,1237.431576
2026/02/04/00:16:25,apply-time,rs-000492-7k22v,90d80dde-2664-4f64-9c68-af41ea46d7dd,4,1237.431576
2026/02/04/00:16:25,running-time,rs-000492-7k22v,90d80dde-2664-4f64-9c68-af41ea46d7dd,4,1237.431576
2026/02/04/00:16:25,apply-time,rs-000492-khtdx,ac1f7df8-d296-4b4b-8ede-78d69b25e0fc,4,1237.431576
2026/02/04/00:16:25,running-time,rs-000492-khtdx,ac1f7df8-d296-4b4b-8ede-78d69b25e0fc,4,1237.431576
2026/02/04/00:16:25,apply-time,rs-000493-5x4kc,f4a68d58-2fc2-40c1-9bae-5ad03c0b4caf,2,1237.431576
2026/02/04/00:16:25,apply-time,rs-000493-wxwrx,7038e230-502e-456c-9b58-f365a31830ad,2,1237.431576
2026/02/04/00:16:25,apply-time,rs-000494-c4dw2,7b2ca7e8-2120-48bd-a4f5-bc337ddbd23d,1,1237.431576
2026/02/04/00:16:25,running-time,rs-000494-c4dw2,7b2ca7e8-2120-48bd-a4f5-bc337ddbd23d,1,1237.431576
2026/02/04/00:16:25,apply-time,rs-000494-w74qz,8635ddc1-5ed2-4ffa-9603-694092dd2404,1,1237.431576
2026/02/04/00:16:25,running-time,rs-000494-w74qz,8635ddc1-5ed2-4ffa-9603-694092dd2404,1,1237.431576
2026/02/04/00:16:25,apply-time,rs-000495-5dgtz,8313aa02-e268-42e7-b4dd-ca54dd0c0892,2,1237.431576
2026/02/04/00:16:25,running-time,rs-000495-5dgtz,8313aa02-e268-42e7-b4dd-ca54dd0c0892,2,1237.431576
2026/02/04/00:16:25,apply-time,rs-000495-5jwzj,42864817-5d87-40a6-8bfc-316a6b4fa7d6,2,1237.431576
2026/02/04/00:16:25,running-time,rs-000495-5jwzj,42864817-5d87-40a6-8bfc-316a6b4fa7d6,2,1237.431576
2026/02/04/00:16:25,apply-time,rs-000496-qfpkk,e4a54dbb-3aa4-404b-8e0a-0017a6c7a11f,2,1237.431576
2026/02/04/00:16:25,running-time,rs-000496-qfpkk,e4a54dbb-3aa4-404b-8e0a-0017a6c7a11f,2,1237.431576
2026/02/04/00:16:25,apply-time,rs-000497-6bp28,1679a8c0-dfdc-475d-bf55-5cd9ac8559e8,1,1237.431576
2026/02/04/00:16:25,running-time,rs-000497-6bp28,1679a8c0-dfdc-475d-bf55-5cd9ac8559e8,1,1237.431576
2026/02/04/00:16:25,apply-time,rs-000498-4dtz9,d0fecada-551b-4eea-a8fe-69d880f4513b,1,1237.431576
2026/02/04/00:16:25,running-time,rs-000498-4dtz9,d0fecada-551b-4eea-a8fe-69d880f4513b,1,1237.431576
2026/02/04/00:16:26,apply-time,rs-000496-4ww2k,cc1fb2d7-a584-4634-9bcc-119a3439debd,2,1238.431576
2026/02/04/00:16:26,running-time,rs-000496-4ww2k,cc1fb2d7-a584-4634-9bcc-119a3439debd,2,1238.431576
2026/02/04/00:16:27,apply-time,rs-000500-k8h7d,4a06cdd9-192c-420f-904b-e0b5e1d5148f,3,1239.431576
2026/02/04/00:16:27,apply-time,rs-000500-v4kkt,907ebc25-6fb8-4594-be98-af6e41dad1eb,3,1239.431576
2026/02/04/00:16:27,apply-time,rs-000501-9hvgs,7005bc4e-d207-4387-96cf-05771ccc5348,2,1239.431576
2026/02/04/00:16:28,apply-time,rs-000499-qq874,09168794-ee6a-45bf-a355-18c653c365c8,1,1239.431576
2026/02/04/00:16:28,running-time,rs-000499-qq874,09168794-ee6a-45bf-a355-18c653c365c8,1,1240.431576
2026/02/04/00:16:28,apply-time,rs-000499-x92d7,e6d0ee7e-e139-4aac-af8e-94cde7d61f71,1,1240.431576
2026/02/04/00:16:28,running-time,rs-000499-x92d7,e6d0ee7e-e139-4aac-af8e-94cde7d61f71,1,1240.431576
2026/02/04/00:16:28,apply-time,rs-000499-xq2np,22b02ab2-952f-4704-b77d-50fe6d779dae,1,1240.431576
2026/02/04/00:16:28,running-time,rs-000499-xq2np,22b02ab2-952f-4704-b77d-50fe6d779dae,1,1240.431576
2026/02/04/00:16:28,running-time,rs-000501-9hvgs,7005bc4e-d207-4387-96cf-05771ccc5348,2,1240.431576
2026/02/04/00:17:03,apply-time,rs-000502-6gtng,7fdb352d-7037-43b9-8e83-54a724b4240d,3,1275.431576
2026/02/04/00:17:03,apply-time,rs-000502-hdj56,72672608-4992-4bcc-a273-375cde5d6616,3,1275.431576
2026/02/04/00:17:03,apply-time,rs-000503-pxhkm,7e36de36-8469-4622-a241-c518e3fadc85,4,1275.431576
2026/02/04/00:17:03,running-time,rs-000503-pxhkm,7e36de36-8469-4622-a241-c518e3fadc85,4,1275.431576
2026/02/04/00:17:03,apply-time,rs-000503-vtqll,476c68ce-edf6-4e6f-964d-0147d2aa406a,4,1275.431576
2026/02/04/00:17:03,running-time,rs-000503-vtqll,476c68ce-edf6-4e6f-964d-0147d2aa406a,4,1275.431576
2026/02/04/00:17:03,apply-time,rs-000503-xgqxf,5d7eb93c-0633-472f-867e-63e2a4ac5aa7,4,1275.431576
2026/02/04/00:17:03,running-time,rs-000503-xgqxf,5d7eb93c-0633-472f-867e-63e2a4ac5aa7,4,1275.431576
2026/02/04/00:17:03,apply-time,rs-000504-t7xqt,81c08f52-e8b0-43d0-bf6b-e7751bb51562,2,1275.431576
2026/02/04/00:17:03,running-time,rs-000504-t7xqt,81c08f52-e8b0-43d0-bf6b-e7751bb51562,2,1275.431576
2026/02/04/00:17:03,apply-time,rs-000505-59kpd,691de027-7623-4baa-9cc9-1d76097163d4,2,1275.431576
2026/02/04/00:17:03,apply-time,rs-000505-t5zz4,3f70d033-531e-4994-9882-4d041b245698,2,1275.431576
2026/02/04/00:17:03,apply-time,rs-000505-xd5s9,13172eaf-0643-4859-9f0b-ddd271de9fc7,2,1275.431576
2026/02/04/00:17:03,apply-time,rs-000506-476tp,daf866ca-479c-4811-b4b7-cbb8873a2fea,2,1275.431576
2026/02/04/00:17:03,running-time,rs-000506-476tp,daf866ca-479c-4811-b4b7-cbb8873a2fea,2,1275.431576
2026/02/04/00:17:03,apply-time,rs-000506-7k7k7,87cb4399-3120-4a3d-b3a1-5c6ead2f2a38,2,1275.431576
2026/02/04/00:17:03,running-time,rs-000506-7k7k7,87cb4399-3120-4a3d-b3a1-5c6ead2f2a38,2,1275.431576
2026/02/04/00:17:03,apply-time,rs-000506-zjzsh,75903223-e03b-4016-a5b2-d1540764fd5f,2,1275.431576
2026/02/04/00:17:19,apply-time,rs-000507-szp89,c1614d77-30a8-4b4e-8b3b-070f52d566d5,4,1291.431576
2026/02/04/00:17:19,running-time,rs-000507-szp89,c1614d77-30a8-4b4e-8b3b-070f52d566d5,4,1291.431576
2026/02/04/00:17:19,apply-time,rs-000508-458pf,53042c9d-b6ae-4824-8e65-f0eb057f74f2,3,1291.431576
2026/02/04/00:17:19,running-time,rs-000508-458pf,53042c9d-b6ae-4824-8e65-f0eb057f74f2,3,1291.431576
2026/02/04/00:17:19,apply-time,rs-000508-5zksx,b9035348-0007-4916-bedc-9799c9e68cb6,3,1291.431576
2026/02/04/00:17:19,running-time,rs-000508-5zksx,b9035348-0007-4916-bedc-9799c9e68cb6,3,1291.431576
2026/02/04/00:17:19,apply-time,rs-000508-8lhvd,7e4fc35e-9ca1-41fc-9ca8-8b1d61a02e20,3,1291.431576
2026/02/04/00:17:19,running-time,rs-000508-8lhvd,7e4fc35e-9ca1-41fc-9ca8-8b1d61a02e20,3,1291.431576
2026/02/04/00:17:24,apply-time,rs-000509-pv97t,28848ff7-2327-4621-9bd5-4fc6dc5ad321,2,1296.431576
2026/02/04/00:17:24,running-time,rs-000509-pv97t,28848ff7-2327-4621-9bd5-4fc6dc5ad321,2,1296.431576
2026/02/04/00:17:24,apply-time,rs-000509-sf6x8,f7dd4425-bf00-418e-8250-8a27845ae35d,2,1296.431576
2026/02/04/00:17:24,running-time,rs-000509-sf6x8,f7dd4425-bf00-418e-8250-8a27845ae35d,2,1296.431576
2026/02/04/00:17:24,apply-time,rs-000509-vzhdh,39848c76-5687-47ee-9173-f09abe4d0964,2,1296.431576
2026/02/04/00:17:24,running-time,rs-000509-vzhdh,39848c76-5687-47ee-9173-f09abe4d0964,2,1296.431576
2026/02/04/00:17:24,apply-time,rs-000510-5slts,95e72c72-f23b-4185-bb63-901c7586d3db,1,1296.431576
2026/02/04/00:17:24,running-time,rs-000510-5slts,95e72c72-f23b-4185-bb63-901c7586d3db,1,1296.431576
2026/02/04/00:17:24,apply-time,rs-000511-9vwjr,709c3140-ee52-4f24-9149-f4b4eefb8fcf,2,1296.431576
2026/02/04/00:17:24,running-time,rs-000511-9vwjr,709c3140-ee52-4f24-9149-f4b4eefb8fcf,2,1296.431576
2026/02/04/00:17:25,apply-time,rs-000512-qwkhz,e716019f-d8ec-4d5d-881a-2fba19d705c0,2,1297.431576
2026/02/04/00:17:25,running-time,rs-000512-qwkhz,e716019f-d8ec-4d5d-881a-2fba19d705c0,2,1297.431576
2026/02/04/00:17:25,apply-time,rs-000513-npqzk,9581c472-459c-42e3-a03f-4f80e34044f9,2,1297.431576
2026/02/04/00:17:25,apply-time,rs-000513-xb29k,2423ebfc-c3c9-472d-858c-2618c798b989,2,1297.431576
2026/02/04/00:17:26,running-time,rs-000513-npqzk,9581c472-459c-42e3-a03f-4f80e34044f9,2,1298.431576
2026/02/04/00:17:27,running-time,rs-000513-xb29k,2423ebfc-c3c9-472d-858c-2618c798b989,2,1299.431576
2026/02/04/00:18:26,apply-time,rs-000514-gfds6,13b6063d-5a71-4079-9fd5-f624fa4c02cc,1,1358.431576
2026/02/04/00:18:26,running-time,rs-000514-gfds6,13b6063d-5a71-4079-9fd5-f624fa4c02cc,1,1358.431576
2026/02/04/00:18:26,apply-time,rs-000514-jfhrr,bd4c3da2-c122-4bbb-a83f-0185a4cb3e35,1,1358.431576
2026/02/04/00:18:26,running-time,rs-000514-jfhrr,bd4c3da2-c122-4bbb-a83f-0185a4cb3e35,1,1358.431576
2026/02/04/00:18:26,apply-time,rs-000514-t9mbw,0ddd0fb3-06e2-4b2e-9842-fd7560db1dc4,1,1358.431576
2026/02/04/00:18:26,running-time,rs-000514-t9mbw,0ddd0fb3-06e2-4b2e-9842-fd7560db1dc4,1,1358.431576
2026/02/04/00:18:26,apply-time,rs-000515-fl8tr,a6e4d1fa-2d29-4e82-93e2-fed46946e8d8,4,1358.431576
2026/02/04/00:18:26,running-time,rs-000515-fl8tr,a6e4d1fa-2d29-4e82-93e2-fed46946e8d8,4,1358.431576
2026/02/04/00:18:26,apply-time,rs-000515-zkwzx,ee905e15-963c-486f-899c-ed1e505c72ec,4,1358.431576
2026/02/04/00:18:26,running-time,rs-000515-zkwzx,ee905e15-963c-486f-899c-ed1e505c72ec,4,1358.431576
2026/02/04/00:18:26,apply-time,rs-000516-cmdnp,27e7d6e1-0f4b-440a-bc19-0c306cad9a79,3,1359.431576
2026/02/04/00:18:26,apply-time,rs-000516-rrqwr,7f6912f6-674d-4d5f-991b-b822340a078b,3,1359.431576
2026/02/04/00:18:26,apply-time,rs-000516-t2n62,868fb7ce-fb3e-4355-a5fe-e3d5819839e6,3,1359.431576
2026/02/04/00:18:27,running-time,rs-000516-cmdnp,27e7d6e1-0f4b-440a-bc19-0c306cad9a79,3,1359.431576
2026/02/04/00:18:27,running-time,rs-000516-rrqwr,7f6912f6-674d-4d5f-991b-b822340a078b,3,1359.431576
2026/02/04/00:18:27,running-time,rs-000516-t2n62,868fb7ce-fb3e-4355-a5fe-e3d5819839e6,3,1359.431576
2026/02/04/00:18:27,apply-time,rs-000517-zj5nj,4c815e8e-0e6b-45a3-b8f4-6346c6463ff7,2,1359.431576
2026/02/04/00:18:27,running-time,rs-000517-zj5nj,4c815e8e-0e6b-45a3-b8f4-6346c6463ff7,2,1359.431576
2026/02/04/00:18:32,apply-time,rs-000518-ts82n,79df2ef4-573c-43c2-8efd-caf5efba109d,3,1364.431576
2026/02/04/00:18:32,running-time,rs-000518-ts82n,79df2ef4-573c-43c2-8efd-caf5efba109d,3,1364.431576
2026/02/04/00:18:32,apply-time,rs-000519-c5d2f,4ad3fab1-3035-4a67-bf37-cb9cf704935f,1,1364.431576
2026/02/04/00:18:32,apply-time,rs-000519-mvmhb,bf3936b6-15bd-4c19-bb1e-fdccad3cb0e6,1,1364.431576
2026/02/04/00:18:32,apply-time,rs-000520-sdj6t,55ab74c4-2376-429d-99b8-a5979e2b30a7,3,1364.431576
2026/02/04/00:18:32,running-time,rs-000520-sdj6t,55ab74c4-2376-429d-99b8-a5979e2b30a7,3,1364.431576
2026/02/04/00:18:32,apply-time,rs-000521-hjd5f,f24b7773-6956-4ea5-b3b1-6289930dbc37,1,1364.431576
2026/02/04/00:18:32,running-time,rs-000521-hjd5f,f24b7773-6956-4ea5-b3b1-6289930dbc37,1,1364.431576
2026/02/04/00:18:32,apply-time,rs-000522-pc87b,1f94b5a7-219a-4924-97c2-b02042cadeb0,2,1364.431576
2026/02/04/00:18:32,running-time,rs-000522-pc87b,1f94b5a7-219a-4924-97c2-b02042cadeb0,2,1364.431576
2026/02/04/00:18:36,apply-time,rs-000523-wwxgv,47263da4-8775-426d-8e96-6176b0495517,2,1368.431576
2026/02/04/00:18:36,running-time,rs-000523-wwxgv,47263da4-8775-426d-8e96-6176b0495517,2,1368.431576
2026/02/04/00:18:36,apply-time,rs-000524-jfvmr,0575446f-932b-4a37-91d8-c7599fe1c478,2,1368.431576
2026/02/04/00:18:36,running-time,rs-000524-jfvmr,0575446f-932b-4a37-91d8-c7599fe1c478,2,1368.431576
2026/02/04/00:18:36,apply-time,rs-000525-4mctt,e2bbf879-2596-4131-bce5-3d78c5e12006,3,1368.431576
2026/02/04/00:18:36,running-time,rs-000525-4mctt,e2bbf879-2596-4131-bce5-3d78c5e12006,3,1368.431576
2026/02/04/00:18:36,apply-time,rs-000525-n5zx7,aa79e2fd-f244-4a4a-b55e-556dc769dd81,3,1368.431576
2026/02/04/00:18:36,running-time,rs-000525-n5zx7,aa79e2fd-f244-4a4a-b55e-556dc769dd81,3,1368.431576
2026/02/04/00:18:36,apply-time,rs-000526-q6x6n,1088d7c0-5f6d-4190-a9f2-2040a502173e,2,1368.431576
2026/02/04/00:18:36,apply-time,rs-000527-89vkb,9551d68b-0fe6-4c8a-9b02-9fabe5b81340,3,1368.431576
2026/02/04/00:18:36,running-time,rs-000527-89vkb,9551d68b-0fe6-4c8a-9b02-9fabe5b81340,3,1368.431576
2026/02/04/00:18:36,apply-time,rs-000527-gzdhv,f67f103e-c46c-4c9e-bb0f-377bcb900295,3,1368.431576
2026/02/04/00:18:36,running-time,rs-000527-gzdhv,f67f103e-c46c-4c9e-bb0f-377bcb900295,3,1368.431576
2026/02/04/00:18:36,apply-time,rs-000527-mvh9q,d12252a4-d3fa-4881-9ba6-9641a93aa5a1,3,1368.431576
2026/02/04/00:18:36,running-time,rs-000527-mvh9q,d12252a4-d3fa-4881-9ba6-9641a93aa5a1,3,1368.431576
2026/02/04/00:18:36,apply-time,rs-000528-rvk54,4a0d47ec-3aa8-4b6e-963b-b98e9a38f83d,1,1368.431576
2026/02/04/00:18:36,running-time,rs-000528-rvk54,4a0d47ec-3aa8-4b6e-963b-b98e9a38f83d,1,1368.431576
2026/02/04/00:18:39,apply-time,rs-000529-ds8cp,9bbd7cdc-5a11-404a-af2e-2fe37ec68738,1,1371.431576
2026/02/04/00:18:39,running-time,rs-000529-ds8cp,9bbd7cdc-5a11-404a-af2e-2fe37ec68738,1,1371.431576
2026/02/04/00:18:39,apply-time,rs-000529-xxw92,d78894f7-9fc9-486f-8f00-063f2736b452,1,1371.431576
2026/02/04/00:18:39,running-time,rs-000529-xxw92,d78894f7-9fc9-486f-8f00-063f2736b452,1,1371.431576
2026/02/04/00:18:39,apply-time,rs-000529-zzzvz,7b0d1473-f279-4dd5-bfe6-fe53a3881049,1,1371.431576
2026/02/04/00:18:39,running-time,rs-000529-zzzvz,7b0d1473-f279-4dd5-bfe6-fe53a3881049,1,1371.431576
2026/02/04/00:18:55,apply-time,rs-000530-fvt7s,25ee8728-825f-4390-b723-f2f03c125cda,1,1387.431576
2026/02/04/00:18:55,running-time,rs-000530-fvt7s,25ee8728-825f-4390-b723-f2f03c125cda,1,1387.431576
2026/02/04/00:18:57,running-time,rs-000526-q6x6n,1088d7c0-5f6d-4190-a9f2-2040a502173e,2,1389.431576
2026/02/04/00:19:05,apply-time,rs-000531-ww9lk,b86feef6-6c01-47eb-9321-6288d783d60d,3,1397.431576
2026/02/04/00:19:05,apply-time,rs-000532-2bw2h,ad7e6b23-15aa-4c60-88be-59f8e7bea08b,1,1397.431576
2026/02/04/00:19:05,running-time,rs-000532-2bw2h,ad7e6b23-15aa-4c60-88be-59f8e7bea08b,1,1397.431576
2026/02/04/00:19:05,apply-time,rs-000532-kvprg,4aac1611-e964-4998-8184-efe323fec169,1,1397.431576
2026/02/04/00:19:05,running-time,rs-000532-kvprg,4aac1611-e964-4998-8184-efe323fec169,1,1397.431576
2026/02/04/00:19:26,apply-time,rs-000533-k2bj8,6512ed5e-b470-44a6-9e45-aaf6c92cbf6f,3,1418.431576
2026/02/04/00:19:26,running-time,rs-000533-k2bj8,6512ed5e-b470-44a6-9e45-aaf6c92cbf6f,3,1418.431576
2026/02/04/00:19:26,apply-time,rs-000534-4g49c,58f9153f-a015-45a3-85fb-0b454c53c63f,1,1418.431576
2026/02/04/00:19:26,apply-time,rs-000534-ngdbr,cfd32544-4113-4725-ba7e-e1c5676cd50e,1,1418.431576
2026/02/04/00:19:26,apply-time,rs-000535-k27pk,5545a2f5-e567-4b10-90b6-be8a855b1d97,4,1418.431576
2026/02/04/00:19:26,apply-time,rs-000535-xw669,599f3aee-44c5-4ab2-af63-b6c2a99d2f0c,4,1419.431576
2026/02/04/00:19:26,apply-time,rs-000536-8hzfg,efbc6d33-9ae4-4f2b-90bc-d108626c2c07,1,1419.431576
2026/02/04/00:19:26,apply-time,rs-000536-zd8f5,929e1bef-4b57-4324-931f-5d2618124e79,1,1419.431576
2026/02/04/00:19:26,apply-time,rs-000537-hlgfx,135abbe2-5ada-4b86-ac9c-f18ebf0d246d,1,1419.431576
2026/02/04/00:19:26,apply-time,rs-000537-jshjq,4799df93-a71d-41b6-85a0-ed3cff6554e3,1,1419.431576
2026/02/04/00:19:26,apply-time,rs-000537-t69hx,e9e2ec50-08d6-4bed-9707-4919c2f79a5d,1,1418.431576
2026/02/04/00:19:27,running-time,rs-000535-k27pk,5545a2f5-e567-4b10-90b6-be8a855b1d97,4,1419.431576
2026/02/04/00:19:27,running-time,rs-000535-xw669,599f3aee-44c5-4ab2-af63-b6c2a99d2f0c,4,1419.431576
2026/02/04/00:19:27,running-time,rs-000537-hlgfx,135abbe2-5ada-4b86-ac9c-f18ebf0d246d,1,1419.431576
2026/02/04/00:19:27,running-time,rs-000537-jshjq,4799df93-a71d-41b6-85a0-ed3cff6554e3,1,1419.431576
2026/02/04/00:19:27,running-time,rs-000537-t69hx,e9e2ec50-08d6-4bed-9707-4919c2f79a5d,1,1419.431576
2026/02/04/00:19:27,apply-time,rs-000538-bx7hb,aabbe3a7-2d08-4fbd-ba92-0a562217183f,4,1419.431576
2026/02/04/00:19:27,running-time,rs-000538-bx7hb,aabbe3a7-2d08-4fbd-ba92-0a562217183f,4,1419.431576
2026/02/04/00:19:27,apply-time,rs-000539-mk2kx,974f4e33-b071-4eaa-bafb-48d226d2455f,2,1419.431576
2026/02/04/00:19:27,running-time,rs-000539-mk2kx,974f4e33-b071-4eaa-bafb-48d226d2455f,2,1419.431576
2026/02/04/00:19:39,apply-time,rs-000540-9khn9,a7a99ce4-afb0-4606-b99c-a541d2926874,4,1431.431576
2026/02/04/00:19:39,running-time,rs-000540-9khn9,a7a99ce4-afb0-4606-b99c-a541d2926874,4,1431.431576
2026/02/04/00:19:39,apply-time,rs-000540-kkfzr,bc489f4c-d583-4783-8b0b-822c7f546072,4,1431.431576
2026/02/04/00:19:39,running-time,rs-000540-kkfzr,bc489f4c-d583-4783-8b0b-822c7f546072,4,1431.431576
2026/02/04/00:19:39,apply-time,rs-000541-s5jp2,9685da28-6662-4e0d-b590-e6ece0e524d3,4,1431.431576
2026/02/04/00:19:39,running-time,rs-000541-s5jp2,9685da28-6662-4e0d-b590-e6ece0e524d3,4,1431.431576
2026/02/04/00:19:39,apply-time,rs-000542-gjjtg,6ae2e645-5b87-4681-90af-a3d9c55862bb,1,1431.431576
2026/02/04/00:19:39,running-time,rs-000542-gjjtg,6ae2e645-5b87-4681-90af-a3d9c55862bb,1,1431.431576
2026/02/04/00:19:39,apply-time,rs-000543-ggnpk,8a111792-4a2e-4fa8-bcd9-846cae1c8192,4,1431.431576
2026/02/04/00:19:39,running-time,rs-000543-ggnpk,8a111792-4a2e-4fa8-bcd9-846cae1c8192,4,1431.431576
2026/02/04/00:19:39,apply-time,rs-000543-qqtcf,634c0959-d4ef-457f-913f-203d95f2b550,4,1431.431576
2026/02/04/00:19:39,running-time,rs-000543-qqtcf,634c0959-d4ef-457f-913f-203d95f2b550,4,1431.431576
2026/02/04/00:19:39,apply-time,rs-000543-w6cpd,3ed2a12b-94d7-4a62-8297-09d39c96f44f,4,1431.431576
2026/02/04/00:19:39,running-time,rs-000543-w6cpd,3ed2a12b-94d7-4a62-8297-09d39c96f44f,4,1431.431576
2026/02/04/00:19:39,apply-time,rs-000544-gnwkt,3c4fbee0-dbec-42d8-94ce-1c7080fabe8b,1,1431.431576
2026/02/04/00:19:39,running-time,rs-000544-gnwkt,3c4fbee0-dbec-42d8-94ce-1c7080fabe8b,1,1431.431576
2026/02/04/00:19:39,apply-time,rs-000544-pjf7m,b1e91a1c-dbe5-4582-9a21-3ef9d04184eb,1,1431.431576
2026/02/04/00:19:39,running-time,rs-000544-pjf7m,b1e91a1c-dbe5-4582-9a21-3ef9d04184eb,1,1431.431576
2026/02/04/00:19:39,apply-time,rs-000545-59vj6,14191313-d3b2-4ba2-ae7e-b8d84e2f216b,1,1431.431576
2026/02/04/00:19:39,running-time,rs-000545-59vj6,14191313-d3b2-4ba2-ae7e-b8d84e2f216b,1,1431.431576
2026/02/04/00:19:39,apply-time,rs-000545-jbjlp,b085329c-a336-41c4-a08b-67ae3a84a5c0,1,1431.431576
2026/02/04/00:19:39,running-time,rs-000545-jbjlp,b085329c-a336-41c4-a08b-67ae3a84a5c0,1,1431.431576
2026/02/04/00:19:39,apply-time,rs-000546-rhp6n,6d7e9eed-cee8-4b21-b8c0-b520616636cb,2,1431.431576
2026/02/04/00:19:40,apply-time,rs-000547-v7rkj,2302e7c4-4d6a-4eb6-bf5d-202138110be9,3,1432.431576
2026/02/04/00:19:40,apply-time,rs-000548-lnkt8,d03ef93d-b760-4af7-975f-f535e0c7663c,1,1432.431576
2026/02/04/00:19:40,running-time,rs-000548-lnkt8,d03ef93d-b760-4af7-975f-f535e0c7663c,1,1432.431576
2026/02/04/00:19:40,apply-time,rs-000548-n5lfq,5782d5da-2850-45b2-a8ea-0f6d14de6331,1,1432.431576
2026/02/04/00:19:40,running-time,rs-000548-n5lfq,5782d5da-2850-45b2-a8ea-0f6d14de6331,1,1432.431576
2026/02/04/00:19:40,apply-time,rs-000548-pw8qz,5ea3847c-847a-40fe-911e-16328354a484,1,1432.431576
2026/02/04/00:19:40,running-time,rs-000548-pw8qz,5ea3847c-847a-40fe-911e-16328354a484,1,1432.431576
2026/02/04/00:19:40,apply-time,rs-000549-f58b8,3ec86b9d-4d43-4b92-add6-af2b1598f411,2,1432.431576
2026/02/04/00:19:40,running-time,rs-000549-f58b8,3ec86b9d-4d43-4b92-add6-af2b1598f411,2,1432.431576
2026/02/04/00:19:40,apply-time,rs-000549-hwshs,3b12fea5-430f-4285-9eac-68f324606bfd,2,1432.431576
2026/02/04/00:19:40,running-time,rs-000549-hwshs,3b12fea5-430f-4285-9eac-68f324606bfd,2,1432.431576
2026/02/04/00:19:40,apply-time,rs-000549-vqcxf,2ce1deb4-7fa6-4309-b381-84b8ae13da1c,2,1432.431576
2026/02/04/00:19:40,running-time,rs-000549-vqcxf,2ce1deb4-7fa6-4309-b381-84b8ae13da1c,2,1432.431576
2026/02/04/00:19:40,apply-time,rs-000550-dj6x4,26f88510-4696-4432-a861-c4ec774f74f7,3,1432.431576
2026/02/04/00:19:40,running-time,rs-000550-dj6x4,26f88510-4696-4432-a861-c4ec774f74f7,3,1432.431576
2026/02/04/00:19:40,apply-time,rs-000550-ks5gj,295ad855-bf60-4d68-9f32-beeae13a1327,3,1432.431576
2026/02/04/00:19:40,running-time,rs-000550-ks5gj,295ad855-bf60-4d68-9f32-beeae13a1327,3,1432.431576
2026/02/04/00:19:41,apply-time,rs-000551-hrrwq,d56bdbdb-ed05-4e94-9379-11199184cb18,3,1433.431576
2026/02/04/00:19:41,running-time,rs-000551-hrrwq,d56bdbdb-ed05-4e94-9379-11199184cb18,3,1433.431576
2026/02/04/00:20:15,apply-time,rs-000552-msqrd,96829cb5-d167-4fe9-8744-af51a0097197,2,1467.431576
2026/02/04/00:20:15,running-time,rs-000552-msqrd,96829cb5-d167-4fe9-8744-af51a0097197,2,1467.431576
2026/02/04/00:20:15,apply-time,rs-000553-4jt75,4b595876-8b16-4d0a-b258-0e03bdc8c3a5,3,1467.431576
2026/02/04/00:20:15,running-time,rs-000553-4jt75,4b595876-8b16-4d0a-b258-0e03bdc8c3a5,3,1467.431576
2026/02/04/00:20:15,apply-time,rs-000553-r2dn8,6ccd5673-3184-482a-b4db-0247c9f7ef54,3,1467.431576
2026/02/04/00:20:15,running-time,rs-000553-r2dn8,6ccd5673-3184-482a-b4db-0247c9f7ef54,3,1467.431576
2026/02/04/00:20:15,apply-time,rs-000554-4c28p,f2254ba3-7609-4a14-846e-84ea9f85e974,3,1467.431576
2026/02/04/00:20:15,running-time,rs-000554-4c28p,f2254ba3-7609-4a14-846e-84ea9f85e974,3,1467.431576
2026/02/04/00:20:15,apply-time,rs-000554-4dvl7,389aa6ed-9e17-414b-8d94-118893f850b0,3,1467.431576
2026/02/04/00:20:15,running-time,rs-000554-4dvl7,389aa6ed-9e17-414b-8d94-118893f850b0,3,1467.431576
2026/02/04/00:20:15,apply-time,rs-000554-csm4m,707cbaa1-6eea-4b28-a76c-a334465b449b,3,1467.431576
2026/02/04/00:20:15,running-time,rs-000554-csm4m,707cbaa1-6eea-4b28-a76c-a334465b449b,3,1467.431576
2026/02/04/00:20:15,apply-time,rs-000555-g2gnb,79fd6779-712b-4e5f-b2a4-22b0bf55755b,1,1467.431576
2026/02/04/00:20:15,running-time,rs-000555-g2gnb,79fd6779-712b-4e5f-b2a4-22b0bf55755b,1,1467.431576
2026/02/04/00:20:15,apply-time,rs-000556-khc94,37b9c4ff-0dac-4070-9e08-cd28bfc8fc87,1,1467.431576
2026/02/04/00:20:15,running-time,rs-000556-khc94,37b9c4ff-0dac-4070-9e08-cd28bfc8fc87,1,1467.431576
2026/02/04/00:20:15,apply-time,rs-000556-knctd,3f0d717f-51ad-4e21-9332-35c771fb9e3b,1,1467.431576
2026/02/04/00:20:15,running-time,rs-000556-knctd,3f0d717f-51ad-4e21-9332-35c771fb9e3b,1,1467.431576
2026/02/04/00:20:15,apply-time,rs-000557-6pnqz,9a7f2097-16e8-4984-9990-de8c916dd7ff,3,1467.431576
2026/02/04/00:20:15,running-time,rs-000557-6pnqz,9a7f2097-16e8-4984-9990-de8c916dd7ff,3,1467.431576
2026/02/04/00:20:16,apply-time,rs-000557-tpl9s,0fb915fb-5ab5-4194-bf18-737fcbaca419,3,1468.431576
2026/02/04/00:20:16,running-time,rs-000557-tpl9s,0fb915fb-5ab5-4194-bf18-737fcbaca419,3,1468.431576
2026/02/04/00:20:16,apply-time,rs-000557-w4fph,09350831-9cda-4a01-b17e-9d8fa2bb9194,3,1468.431576
2026/02/04/00:20:16,running-time,rs-000557-w4fph,09350831-9cda-4a01-b17e-9d8fa2bb9194,3,1468.431576
2026/02/04/00:20:16,apply-time,rs-000558-2jgkk,bed6d21a-71a6-4593-8abd-690d12266c9d,3,1468.431576
2026/02/04/00:20:16,apply-time,rs-000558-kkgr4,f24ab1fb-4e99-4328-89e9-f65c40568fc6,3,1468.431576
2026/02/04/00:20:16,apply-time,rs-000558-zt8dx,8aaa0047-4a26-485e-8603-f3b6bef9caf8,3,1468.431576
2026/02/04/00:20:20,running-time,rs-000558-zt8dx,8aaa0047-4a26-485e-8603-f3b6bef9caf8,3,1472.431576
2026/02/04/00:20:33,running-time,rs-000558-2jgkk,bed6d21a-71a6-4593-8abd-690d12266c9d,3,1485.431576
2026/02/04/00:20:33,running-time,rs-000558-kkgr4,f24ab1fb-4e99-4328-89e9-f65c40568fc6,3,1485.431576
2026/02/04/00:20:45,apply-time,rs-000559-fhdkv,ed213959-d380-46f3-b72e-a8f01df5c4ec,1,1497.431576
2026/02/04/00:20:45,running-time,rs-000559-fhdkv,ed213959-d380-46f3-b72e-a8f01df5c4ec,1,1497.431576
2026/02/04/00:20:45,apply-time,rs-000559-g5vkr,56b639ac-fb80-4515-90b9-7a9f26f936f1,1,1497.431576
2026/02/04/00:20:45,running-time,rs-000559-g5vkr,56b639ac-fb80-4515-90b9-7a9f26f936f1,1,1497.431576
2026/02/04/00:20:45,apply-time,rs-000559-ldjvj,16bcf28f-5754-4abe-bc7b-c34568cbbf23,1,1497.431576
2026/02/04/00:20:45,running-time,rs-000559-ldjvj,16bcf28f-5754-4abe-bc7b-c34568cbbf23,1,1497.431576
2026/02/04/00:21:32,apply-time,rs-000560-9kkrx,8e121c27-933a-487a-953c-e1979fd80679,2,1544.431576
2026/02/04/00:21:32,running-time,rs-000560-9kkrx,8e121c27-933a-487a-953c-e1979fd80679,2,1544.431576
2026/02/04/00:21:32,apply-time,rs-000560-mw69v,cc12f2c1-ffe3-449c-aacb-c500136d41ac,2,1544.431576
2026/02/04/00:21:32,running-time,rs-000560-mw69v,cc12f2c1-ffe3-449c-aacb-c500136d41ac,2,1544.431576
2026/02/04/00:21:32,apply-time,rs-000560-sd9q7,d6a906d9-15f4-45d6-a1a6-b94a39b3a8c2,2,1544.431576
2026/02/04/00:21:32,running-time,rs-000560-sd9q7,d6a906d9-15f4-45d6-a1a6-b94a39b3a8c2,2,1544.431576
2026/02/04/00:21:32,apply-time,rs-000561-msr74,d778f342-3cc3-488a-a708-c3e719f6cfeb,1,1544.431576
2026/02/04/00:21:32,running-time,rs-000561-msr74,d778f342-3cc3-488a-a708-c3e719f6cfeb,1,1544.431576
2026/02/04/00:21:32,apply-time,rs-000562-dqrg5,6bb52a2a-f687-49bf-897d-8deebecf99a1,1,1544.431576
2026/02/04/00:21:32,running-time,rs-000562-dqrg5,6bb52a2a-f687-49bf-897d-8deebecf99a1,1,1544.431576
2026/02/04/00:21:32,apply-time,rs-000562-tn79l,18a1f8bb-035f-4c6d-a6d8-f71b6b28499a,1,1544.431576
2026/02/04/00:21:32,running-time,rs-000562-tn79l,18a1f8bb-035f-4c6d-a6d8-f71b6b28499a,1,1544.431576
2026/02/04/00:21:37,apply-time,rs-000563-f84qx,329e1361-1d21-417c-adb6-08dbb44f6858,1,1549.431576
2026/02/04/00:21:37,running-time,rs-000563-f84qx,329e1361-1d21-417c-adb6-08dbb44f6858,1,1549.431576
2026/02/04/00:21:51,apply-time,rs-000564-l2kbd,634a2778-0b70-46ec-8d1f-8156f0206f47,1,1563.431576
2026/02/04/00:21:51,running-time,rs-000564-l2kbd,634a2778-0b70-46ec-8d1f-8156f0206f47,1,1563.431576
2026/02/04/00:21:51,apply-time,rs-000564-tzbx4,86b21601-a66e-4cff-86c3-ce27b9f2ca71,1,1563.431576
2026/02/04/00:21:51,running-time,rs-000564-tzbx4,86b21601-a66e-4cff-86c3-ce27b9f2ca71,1,1563.431576
2026/02/04/00:21:51,apply-time,rs-000565-7rxzw,20634bfe-b487-4300-905e-16a1ea235d21,2,1563.431576
2026/02/04/00:21:51,running-time,rs-000565-7rxzw,20634bfe-b487-4300-905e-16a1ea235d21,2,1563.431576
2026/02/04/00:21:51,apply-time,rs-000565-c5h56,c41654c1-f8f2-4dd9-8c4e-06e2a8be2937,2,1563.431576
2026/02/04/00:21:51,running-time,rs-000565-c5h56,c41654c1-f8f2-4dd9-8c4e-06e2a8be2937,2,1563.431576
2026/02/04/00:21:51,apply-time,rs-000565-vhdp4,924d665c-286e-454f-ac06-82736c8d7291,2,1563.431576
2026/02/04/00:21:51,running-time,rs-000565-vhdp4,924d665c-286e-454f-ac06-82736c8d7291,2,1563.431576
2026/02/04/00:21:51,apply-time,rs-000566-4lldx,44cd64dd-bdb4-44cb-8a61-5a8f78465f5d,2,1563.431576
2026/02/04/00:21:51,running-time,rs-000566-4lldx,44cd64dd-bdb4-44cb-8a61-5a8f78465f5d,2,1563.431576
2026/02/04/00:21:51,apply-time,rs-000566-52trv,c7877145-f879-4c9d-989c-6ca3f47e6527,2,1563.431576
2026/02/04/00:21:51,apply-time,rs-000566-ps9fz,bf603c86-4ec6-43e4-9b47-8b21c52dc450,2,1563.431576
2026/02/04/00:21:51,apply-time,rs-000567-dnrnr,1b438abb-9570-4f24-b7db-3e07fa13d481,3,1563.431576
2026/02/04/00:21:51,apply-time,rs-000567-vkplh,89cf41e9-c3ae-40ec-badd-06b3146182e6,3,1563.431576
2026/02/04/00:21:51,running-time,rs-000567-vkplh,89cf41e9-c3ae-40ec-badd-06b3146182e6,3,1564.431576
2026/02/04/00:21:51,apply-time,rs-000568-rpd8v,e4a242d2-699e-4432-8661-e8f8c2a16862,2,1563.431576
2026/02/04/00:21:51,running-time,rs-000568-rpd8v,e4a242d2-699e-4432-8661-e8f8c2a16862,2,1564.431576
2026/02/04/00:21:51,apply-time,rs-000569-29f4q,2828f843-e4f8-40ee-b595-ab9b8ec75c99,3,1563.431576
2026/02/04/00:21:51,apply-time,rs-000569-x7m44,37579862-0303-4068-96ec-2e4d9e4ef5e3,3,1563.431576
2026/02/04/00:21:51,running-time,rs-000569-x7m44,37579862-0303-4068-96ec-2e4d9e4ef5e3,3,1564.431576
2026/02/04/00:21:51,apply-time,rs-000569-ztfc8,39a50af1-f5be-4e9c-b425-c40e1cdcc441,3,1563.431576
2026/02/04/00:21:51,apply-time,rs-000570-d2s9h,7a8daab1-f663-43fe-88d8-3fc981187dfe,1,1563.431576
2026/02/04/00:21:51,apply-time,rs-000570-ptgj2,93d554b0-6356-48de-88bf-95e06d2fd9d1,1,1563.431576
2026/02/04/00:21:51,apply-time,rs-000570-qxfhr,5f2b9127-e8eb-4895-a54d-27b7d62a3ca6,1,1563.431576
2026/02/04/00:21:52,running-time,rs-000566-52trv,c7877145-f879-4c9d-989c-6ca3f47e6527,2,1564.431576
2026/02/04/00:21:52,running-time,rs-000566-ps9fz,bf603c86-4ec6-43e4-9b47-8b21c52dc450,2,1564.431576
2026/02/04/00:21:52,running-time,rs-000569-29f4q,2828f843-e4f8-40ee-b595-ab9b8ec75c99,3,1564.431576
2026/02/04/00:21:52,running-time,rs-000569-ztfc8,39a50af1-f5be-4e9c-b425-c40e1cdcc441,3,1564.431576
2026/02/04/00:21:52,running-time,rs-000570-d2s9h,7a8daab1-f663-43fe-88d8-3fc981187dfe,1,1564.431576
2026/02/04/00:21:52,running-time,rs-000570-ptgj2,93d554b0-6356-48de-88bf-95e06d2fd9d1,1,1564.431576
2026/02/04/00:21:52,running-time,rs-000570-qxfhr,5f2b9127-e8eb-4895-a54d-27b7d62a3ca6,1,1564.431576
2026/02/04/00:21:52,apply-time,rs-000571-4tw2r,7ddc7df7-8a08-4bdb-bf5b-288dce53ac7b,2,1564.431576
2026/02/04/00:21:52,running-time,rs-000571-4tw2r,7ddc7df7-8a08-4bdb-bf5b-288dce53ac7b,2,1564.431576
2026/02/04/00:21:52,apply-time,rs-000571-pfg7v,936a062e-bf30-4d22-ba58-2f5fc83ca913,2,1564.431576
2026/02/04/00:21:52,running-time,rs-000571-pfg7v,936a062e-bf30-4d22-ba58-2f5fc83ca913,2,1564.431576
2026/02/04/00:21:52,apply-time,rs-000571-snxx7,a04155c8-ac12-4609-af80-2576a87d7368,2,1564.431576
2026/02/04/00:21:52,running-time,rs-000571-snxx7,a04155c8-ac12-4609-af80-2576a87d7368,2,1564.431576
2026/02/04/00:21:52,apply-time,rs-000572-lr9nv,ee667147-5051-4c18-bc1e-fdf0a8a06a68,1,1564.431576
2026/02/04/00:21:52,running-time,rs-000572-lr9nv,ee667147-5051-4c18-bc1e-fdf0a8a06a68,1,1565.431576
2026/02/04/00:21:52,apply-time,rs-000573-hfrxj,1ccd471a-ad1c-4806-9651-465a27870012,2,1564.431576
2026/02/04/00:21:52,apply-time,rs-000573-xvcrm,e3a0025b-c905-445f-9e59-3fedc808d360,2,1564.431576
2026/02/04/00:21:52,running-time,rs-000573-xvcrm,e3a0025b-c905-445f-9e59-3fedc808d360,2,1564.431576
2026/02/04/00:21:53,apply-time,rs-000572-2b29v,ec93fe1b-c50a-4a52-930d-b06cfb6c8352,1,1565.431576
2026/02/04/00:21:53,running-time,rs-000572-2b29v,ec93fe1b-c50a-4a52-930d-b06cfb6c8352,1,1565.431576
2026/02/04/00:21:53,running-time,rs-000573-hfrxj,1ccd471a-ad1c-4806-9651-465a27870012,2,1565.431576
2026/02/04/00:21:53,apply-time,rs-000574-gddlf,23d7148a-4d90-41f2-8fa6-8f8e9eb1e86d,4,1565.431576
2026/02/04/00:21:53,apply-time,rs-000575-ccznd,bfa69782-899c-4a99-996c-baa67b50d429,1,1566.431576
2026/02/04/00:21:53,apply-time,rs-000575-gvm7f,2c6d3dde-02c6-454e-9cef-6ecd5197cd42,1,1565.431576
2026/02/04/00:21:53,running-time,rs-000575-gvm7f,2c6d3dde-02c6-454e-9cef-6ecd5197cd42,1,1565.431576
2026/02/04/00:21:53,apply-time,rs-000576-6h9q7,4d9b9f7d-2324-442f-bb83-2275e0dd318c,4,1565.431576
2026/02/04/00:21:53,running-time,rs-000576-6h9q7,4d9b9f7d-2324-442f-bb83-2275e0dd318c,4,1565.431576
2026/02/04/00:21:53,apply-time,rs-000576-9mncw,6f01b75f-31d4-4cea-a851-5523689c31e2,4,1565.431576
2026/02/04/00:21:53,running-time,rs-000576-9mncw,6f01b75f-31d4-4cea-a851-5523689c31e2,4,1565.431576
2026/02/04/00:21:53,apply-time,rs-000576-jrgsw,b362727b-3399-42c4-a218-e6b78d780d20,4,1565.431576
2026/02/04/00:21:53,running-time,rs-000576-jrgsw,b362727b-3399-42c4-a218-e6b78d780d20,4,1565.431576
2026/02/04/00:21:53,apply-time,rs-000577-787b8,5677aba4-dd2a-42d0-a7fb-35261347abc0,2,1565.431576
2026/02/04/00:21:54,running-time,rs-000575-ccznd,bfa69782-899c-4a99-996c-baa67b50d429,1,1566.431576
2026/02/04/00:21:54,apply-time,rs-000577-frnnp,881cc35a-8a02-4157-ae70-c706124d1275,2,1566.431576
2026/02/04/00:21:54,apply-time,rs-000578-mhf77,17c80244-4399-4071-9cd5-4add8b06939f,1,1566.431576
2026/02/04/00:21:54,apply-time,rs-000579-dzj6g,9efb3569-d8a7-4da1-8fa5-3381da34e21c,1,1566.431576
2026/02/04/00:21:54,apply-time,rs-000579-lmfkv,91d08441-3491-4ecf-a560-e5d6cea144b2,1,1566.431576
2026/02/04/00:21:55,running-time,rs-000577-787b8,5677aba4-dd2a-42d0-a7fb-35261347abc0,2,1567.431576
2026/02/04/00:21:55,running-time,rs-000578-mhf77,17c80244-4399-4071-9cd5-4add8b06939f,1,1567.431576
2026/02/04/00:21:56,running-time,rs-000577-frnnp,881cc35a-8a02-4157-ae70-c706124d1275,2,1568.431576
2026/02/04/00:21:56,running-time,rs-000579-dzj6g,9efb3569-d8a7-4da1-8fa5-3381da34e21c,1,1568.431576
2026/02/04/00:21:56,running-time,rs-000579-lmfkv,91d08441-3491-4ecf-a560-e5d6cea144b2,1,1568.431576
2026/02/04/00:22:18,apply-time,rs-000580-slw2h,bed037ef-e767-4119-9f22-58be4d2e561f,2,1590.431576
2026/02/04/00:22:18,running-time,rs-000580-slw2h,bed037ef-e767-4119-9f22-58be4d2e561f,2,1590.431576
2026/02/04/00:22:18,apply-time,rs-000581-hzr8w,e94a1062-34e2-474d-8b45-6e2327f8a9a1,2,1590.431576
2026/02/04/00:22:18,running-time,rs-000581-hzr8w,e94a1062-34e2-474d-8b45-6e2327f8a9a1,2,1590.431576
2026/02/04/00:22:19,apply-time,rs-000582-9pqb4,216ae021-391d-4a7e-927b-1c0c5b7fe658,3,1591.431576
2026/02/04/00:22:19,running-time,rs-000582-9pqb4,216ae021-391d-4a7e-927b-1c0c5b7fe658,3,1591.431576
2026/02/04/00:22:19,apply-time,rs-000582-dtgzv,7a25dde3-3f19-4921-8a1f-b1b7388b2ad5,3,1591.431576
2026/02/04/00:22:19,running-time,rs-000582-dtgzv,7a25dde3-3f19-4921-8a1f-b1b7388b2ad5,3,1591.431576
2026/02/04/00:22:21,apply-time,rs-000583-8b6mw,e3bb1046-4ea1-49e5-ac30-8792c55161ae,2,1593.431576
2026/02/04/00:22:21,running-time,rs-000583-8b6mw,e3bb1046-4ea1-49e5-ac30-8792c55161ae,2,1594.431576
2026/02/04/00:22:21,apply-time,rs-000583-pv7s7,3925444d-f576-473a-864a-96ddc4262367,2,1593.431576
2026/02/04/00:22:21,running-time,rs-000583-pv7s7,3925444d-f576-473a-864a-96ddc4262367,2,1594.431576
2026/02/04/00:22:21,apply-time,rs-000583-zcqns,c76ecec9-fdae-4aaf-92e6-841ca3cc9ad6,2,1593.431576
2026/02/04/00:22:21,running-time,rs-000583-zcqns,c76ecec9-fdae-4aaf-92e6-841ca3cc9ad6,2,1593.431576
2026/02/04/00:22:21,apply-time,rs-000584-4gfx4,f1b69989-97aa-41ee-acbd-c424c03a34f2,4,1593.431576
2026/02/04/00:22:21,apply-time,rs-000584-vhtxc,bca9765c-5aeb-4bea-aa00-947fca9cc5d9,4,1594.431576
2026/02/04/00:22:21,apply-time,rs-000585-xgjgg,50e3c654-adf3-4df6-96ea-9692da7cefc9,2,1594.431576
2026/02/04/00:22:21,apply-time,rs-000586-5pg95,bf93318f-092b-4582-b3d0-f4f3d5e27267,3,1593.431576
2026/02/04/00:22:21,running-time,rs-000586-5pg95,bf93318f-092b-4582-b3d0-f4f3d5e27267,3,1594.431576
2026/02/04/00:22:22,running-time,rs-000584-4gfx4,f1b69989-97aa-41ee-acbd-c424c03a34f2,4,1594.431576
2026/02/04/00:22:22,running-time,rs-000584-vhtxc,bca9765c-5aeb-4bea-aa00-947fca9cc5d9,4,1594.431576
2026/02/04/00:22:22,apply-time,rs-000585-t4ks9,9ac6f4ad-4bbe-4015-8cc1-47779a3e3619,2,1594.431576
2026/02/04/00:22:22,running-time,rs-000585-t4ks9,9ac6f4ad-4bbe-4015-8cc1-47779a3e3619,2,1594.431576
2026/02/04/00:22:22,running-time,rs-000585-xgjgg,50e3c654-adf3-4df6-96ea-9692da7cefc9,2,1594.431576
2026/02/04/00:22:23,apply-time,rs-000587-dqspx,5c3c1578-af0f-480b-8db8-91c05abc8044,1,1595.431576
2026/02/04/00:22:23,apply-time,rs-000587-gnj5v,f38df71a-602d-43c8-a77e-81522986eca1,1,1596.431576
2026/02/04/00:22:24,running-time,rs-000587-dqspx,5c3c1578-af0f-480b-8db8-91c05abc8044,1,1596.431576
2026/02/04/00:22:27,apply-time,rs-000588-dlc92,39c5b315-773d-40a8-ba95-6999af6662e7,3,1599.431576
2026/02/04/00:22:27,running-time,rs-000588-dlc92,39c5b315-773d-40a8-ba95-6999af6662e7,3,1599.431576
2026/02/04/00:22:50,apply-time,rs-000589-45gn8,32425ce4-f32e-4f4f-97bc-bcb0022ce75a,1,1622.431576
2026/02/04/00:22:50,running-time,rs-000589-45gn8,32425ce4-f32e-4f4f-97bc-bcb0022ce75a,1,1622.431576
2026/02/04/00:22:50,apply-time,rs-000590-79hxh,16a80f3d-b606-40c8-a7fd-b0fd886c7694,3,1622.431576
2026/02/04/00:22:50,running-time,rs-000590-79hxh,16a80f3d-b606-40c8-a7fd-b0fd886c7694,3,1622.431576
2026/02/04/00:22:50,apply-time,rs-000590-hlcmr,b22e20da-07c3-4093-acfa-579891f77770,3,1622.431576
2026/02/04/00:22:50,running-time,rs-000590-hlcmr,b22e20da-07c3-4093-acfa-579891f77770,3,1622.431576
2026/02/04/00:22:50,apply-time,rs-000591-55dq4,19af63b0-0d0a-48e1-9a04-28594be089da,2,1622.431576
2026/02/04/00:22:51,running-time,rs-000591-55dq4,19af63b0-0d0a-48e1-9a04-28594be089da,2,1623.431576
2026/02/04/00:22:51,apply-time,rs-000592-npgvh,fc39fbc4-ce53-4e69-a758-a89d6b3f4b0c,1,1623.431576
2026/02/04/00:22:51,running-time,rs-000592-npgvh,fc39fbc4-ce53-4e69-a758-a89d6b3f4b0c,1,1623.431576
2026/02/04/00:23:19,apply-time,rs-000593-6zsbq,d3454efb-f147-4ade-a7c2-900872d656e1,1,1651.431576
2026/02/04/00:23:19,running-time,rs-000593-6zsbq,d3454efb-f147-4ade-a7c2-900872d656e1,1,1651.431576
2026/02/04/00:23:19,apply-time,rs-000593-g6wv8,761b8d6a-887b-4f01-b20f-167206dd04ed,1,1651.431576
2026/02/04/00:23:19,running-time,rs-000593-g6wv8,761b8d6a-887b-4f01-b20f-167206dd04ed,1,1651.431576
2026/02/04/00:23:19,apply-time,rs-000593-r477p,363003d3-b268-4c4a-a658-b9712934bec4,1,1651.431576
2026/02/04/00:23:19,running-time,rs-000593-r477p,363003d3-b268-4c4a-a658-b9712934bec4,1,1651.431576
2026/02/04/00:23:19,apply-time,rs-000594-csnn6,0463cdd8-a597-4080-b33d-9303501362d4,1,1651.431576
2026/02/04/00:23:19,running-time,rs-000594-csnn6,0463cdd8-a597-4080-b33d-9303501362d4,1,1651.431576
2026/02/04/00:23:19,apply-time,rs-000594-jbn9q,099cda88-1d62-4918-9472-fb0b5fb6bef2,1,1651.431576
2026/02/04/00:23:19,running-time,rs-000594-jbn9q,099cda88-1d62-4918-9472-fb0b5fb6bef2,1,1651.431576
2026/02/04/00:23:19,apply-time,rs-000594-l6wkq,fe895db0-cf76-416c-9a64-2b959b17e14c,1,1651.431576
2026/02/04/00:23:19,running-time,rs-000594-l6wkq,fe895db0-cf76-416c-9a64-2b959b17e14c,1,1651.431576
2026/02/04/00:23:47,apply-time,rs-000595-5kq8s,05410134-187d-4a87-9925-34c64a55adb2,2,1679.431576
2026/02/04/00:23:47,apply-time,rs-000595-lgmz6,023b2366-3af9-4205-be17-4bd6240bef48,2,1679.431576
2026/02/04/00:23:47,running-time,rs-000595-lgmz6,023b2366-3af9-4205-be17-4bd6240bef48,2,1680.431576
2026/02/04/00:23:48,running-time,rs-000595-5kq8s,05410134-187d-4a87-9925-34c64a55adb2,2,1680.431576
2026/02/04/00:23:58,apply-time,rs-000596-8x2g7,298dfed7-3e2d-4ba5-931d-5c86325eff1f,4,1690.431576
2026/02/04/00:23:58,running-time,rs-000596-8x2g7,298dfed7-3e2d-4ba5-931d-5c86325eff1f,4,1690.431576
2026/02/04/00:23:58,apply-time,rs-000596-d65w9,3c457f02-9f27-424b-a553-3fe74ee088b1,4,1690.431576
2026/02/04/00:23:58,running-time,rs-000596-d65w9,3c457f02-9f27-424b-a553-3fe74ee088b1,4,1690.431576
2026/02/04/00:23:58,apply-time,rs-000596-wm6sj,358f8300-a618-4879-8215-1c89bd9d6883,4,1690.431576
2026/02/04/00:23:58,running-time,rs-000596-wm6sj,358f8300-a618-4879-8215-1c89bd9d6883,4,1690.431576
2026/02/04/00:23:58,apply-time,rs-000597-ct42v,21015efd-2b08-416f-910f-daa77afea03d,3,1690.431576
2026/02/04/00:23:58,apply-time,rs-000597-n9ngm,f2b25f6e-87f1-4d58-8540-d7dfe80fb955,3,1690.431576
2026/02/04/00:23:58,running-time,rs-000597-n9ngm,f2b25f6e-87f1-4d58-8540-d7dfe80fb955,3,1690.431576
2026/02/04/00:23:58,apply-time,rs-000598-rbmgh,70b4aa2e-e2b1-4303-83a8-c6d8404e1226,2,1690.431576
2026/02/04/00:23:58,running-time,rs-000598-rbmgh,70b4aa2e-e2b1-4303-83a8-c6d8404e1226,2,1690.431576
2026/02/04/00:24:05,running-time,rs-000597-ct42v,21015efd-2b08-416f-910f-daa77afea03d,3,1697.431576
2026/02/04/00:24:36,apply-time,rs-000599-ncbfz,79130cfd-9e66-4ad8-9667-990e840dd651,1,1728.431576
2026/02/04/00:24:36,running-time,rs-000599-ncbfz,79130cfd-9e66-4ad8-9667-990e840dd651,1,1728.431576
2026/02/04/00:24:36,apply-time,rs-000599-nzvck,7a0e3115-13ab-4f7a-aad2-2e730639bde5,1,1728.431576
2026/02/04/00:24:36,running-time,rs-000599-nzvck,7a0e3115-13ab-4f7a-aad2-2e730639bde5,1,1728.431576
2026/02/04/00:24:36,apply-time,rs-000600-q5lch,972fb4b0-7ac7-4568-81eb-c9f9c641fc7d,1,1728.431576
2026/02/04/00:24:36,running-time,rs-000600-q5lch,972fb4b0-7ac7-4568-81eb-c9f9c641fc7d,1,1728.431576
2026/02/04/00:24:36,apply-time,rs-000600-xkzt7,a9340959-f3eb-44c4-ba99-c6fb36e3ba72,1,1728.431576
2026/02/04/00:24:36,running-time,rs-000600-xkzt7,a9340959-f3eb-44c4-ba99-c6fb36e3ba72,1,1728.431576
2026/02/04/00:24:36,apply-time,rs-000601-d67vm,7a04a797-3bb0-4153-b4b0-480c4ae30b22,1,1728.431576
2026/02/04/00:24:36,running-time,rs-000601-d67vm,7a04a797-3bb0-4153-b4b0-480c4ae30b22,1,1728.431576
2026/02/04/00:24:36,apply-time,rs-000601-grkn9,bac3eec7-5fc4-492a-871e-44a2aa9f243b,1,1728.431576
2026/02/04/00:24:36,running-time,rs-000601-grkn9,bac3eec7-5fc4-492a-871e-44a2aa9f243b,1,1728.431576
2026/02/04/00:24:36,apply-time,rs-000601-mnjrc,f6e83952-ba86-41b8-9ee5-f3a0e6f38d50,1,1728.431576
2026/02/04/00:24:36,running-time,rs-000601-mnjrc,f6e83952-ba86-41b8-9ee5-f3a0e6f38d50,1,1728.431576
2026/02/04/00:24:36,apply-time,rs-000602-d82xq,bdb263f3-6481-476b-a9bb-db87faad60c2,2,1728.431576
2026/02/04/00:24:36,apply-time,rs-000603-8nflp,0b4fb716-c402-42e0-902d-ce2f00aae8cb,2,1728.431576
2026/02/04/00:24:36,apply-time,rs-000603-9jxdp,bc6e934c-86ec-412e-8a80-33fdd5ed31de,2,1728.431576
2026/02/04/00:24:36,apply-time,rs-000603-x9vks,af380830-d891-4c31-a3bf-e02df44f590b,2,1728.431576
2026/02/04/00:24:37,running-time,rs-000602-d82xq,bdb263f3-6481-476b-a9bb-db87faad60c2,2,1729.431576
2026/02/04/00:24:37,running-time,rs-000603-8nflp,0b4fb716-c402-42e0-902d-ce2f00aae8cb,2,1729.431576
2026/02/04/00:24:37,running-time,rs-000603-9jxdp,bc6e934c-86ec-412e-8a80-33fdd5ed31de,2,1729.431576
2026/02/04/00:24:37,running-time,rs-000603-x9vks,af380830-d891-4c31-a3bf-e02df44f590b,2,1729.431576
2026/02/04/00:24:37,apply-time,rs-000604-7p9hp,4d651f6b-9cb7-4181-931e-98ce84e9abf4,1,1729.431576
2026/02/04/00:24:37,running-time,rs-000604-7p9hp,4d651f6b-9cb7-4181-931e-98ce84e9abf4,1,1729.431576
2026/02/04/00:24:37,apply-time,rs-000604-8mfw4,caac3f1a-484a-4991-8348-4bfb0241c43f,1,1729.431576
2026/02/04/00:24:37,running-time,rs-000604-8mfw4,caac3f1a-484a-4991-8348-4bfb0241c43f,1,1729.431576
2026/02/04/00:24:38,apply-time,rs-000605-4v7rx,0fbe7b50-9ce6-41a1-ab24-9b6229cab601,1,1730.431576
2026/02/04/00:24:38,running-time,rs-000605-4v7rx,0fbe7b50-9ce6-41a1-ab24-9b6229cab601,1,1730.431576
2026/02/04/00:24:38,apply-time,rs-000605-thg4l,8303f6a3-5f66-4483-b0a2-cd4d2aef0f41,1,1730.431576
2026/02/04/00:24:38,running-time,rs-000605-thg4l,8303f6a3-5f66-4483-b0a2-cd4d2aef0f41,1,1730.431576
2026/02/04/00:24:38,apply-time,rs-000606-bg4xh,fb766af7-0d74-4e58-8654-7d86d14479b7,1,1730.431576
2026/02/04/00:24:38,running-time,rs-000606-bg4xh,fb766af7-0d74-4e58-8654-7d86d14479b7,1,1730.431576
2026/02/04/00:24:38,apply-time,rs-000606-f6fhx,a3c3657c-fc5b-4436-a29b-b3fb7033673c,1,1730.431576
2026/02/04/00:24:38,running-time,rs-000606-f6fhx,a3c3657c-fc5b-4436-a29b-b3fb7033673c,1,1730.431576
2026/02/04/00:24:38,apply-time,rs-000606-nqg99,a48ac6b5-af18-4378-8a8e-9b2beba1e44e,1,1730.431576
2026/02/04/00:24:38,running-time,rs-000606-nqg99,a48ac6b5-af18-4378-8a8e-9b2beba1e44e,1,1730.431576
2026/02/04/00:24:38,apply-time,rs-000607-qw5zf,dea112da-5b20-48c6-b6c1-a132f1af69e3,3,1730.431576
2026/02/04/00:24:38,running-time,rs-000607-qw5zf,dea112da-5b20-48c6-b6c1-a132f1af69e3,3,1730.431576
2026/02/04/00:24:38,apply-time,rs-000608-59s75,2f515ae6-588d-4406-b910-92980bf610ff,2,1730.431576
2026/02/04/00:24:38,running-time,rs-000608-59s75,2f515ae6-588d-4406-b910-92980bf610ff,2,1730.431576
2026/02/04/00:24:38,apply-time,rs-000608-9bsf6,f2f92a3f-57fb-4831-897d-180c046624a7,2,1730.431576
2026/02/04/00:24:38,running-time,rs-000608-9bsf6,f2f92a3f-57fb-4831-897d-180c046624a7,2,1730.431576
2026/02/04/00:24:38,apply-time,rs-000608-nkk25,be4e8009-0b35-42a1-91ae-ff198b40fab5,2,1730.431576
2026/02/04/00:24:38,running-time,rs-000608-nkk25,be4e8009-0b35-42a1-91ae-ff198b40fab5,2,1730.431576
2026/02/04/00:24:38,apply-time,rs-000609-wm4gm,c90737b7-ada8-4df2-b78c-423f774e5626,4,1730.431576
2026/02/04/00:24:38,running-time,rs-000609-wm4gm,c90737b7-ada8-4df2-b78c-423f774e5626,4,1730.431576
2026/02/04/00:24:38,apply-time,rs-000610-4p2rx,af0510eb-3c27-451a-9c20-45d63a8571a4,4,1731.431576
2026/02/04/00:24:38,apply-time,rs-000611-spj8f,b7ae1064-f288-40ec-a083-870c978f9b48,1,1731.431576
2026/02/04/00:24:39,running-time,rs-000610-4p2rx,af0510eb-3c27-451a-9c20-45d63a8571a4,4,1731.431576
2026/02/04/00:24:39,running-time,rs-000611-spj8f,b7ae1064-f288-40ec-a083-870c978f9b48,1,1731.431576
2026/02/04/00:24:41,apply-time,rs-000612-nzqr7,c776a515-487e-420f-9b3a-fb25ef5c0d8c,3,1733.431576
2026/02/04/00:24:41,apply-time,rs-000612-tvrsv,73aeb07a-ce64-49a3-93a9-68ce003799d8,3,1734.431576
2026/02/04/00:24:41,apply-time,rs-000613-2b8dc,f62a5040-2c93-47c2-a98e-43d721ec935d,1,1733.431576
2026/02/04/00:24:41,apply-time,rs-000613-ghl89,cc35e87f-bd20-4c70-ac59-792f44fbe677,1,1733.431576
2026/02/04/00:24:41,apply-time,rs-000613-sqx9r,c74d8d5b-4225-41b2-9b3f-a0859c79ffca,1,1733.431576
2026/02/04/00:24:42,running-time,rs-000613-2b8dc,f62a5040-2c93-47c2-a98e-43d721ec935d,1,1734.431576
2026/02/04/00:24:42,running-time,rs-000613-ghl89,cc35e87f-bd20-4c70-ac59-792f44fbe677,1,1734.431576
2026/02/04/00:24:42,running-time,rs-000613-sqx9r,c74d8d5b-4225-41b2-9b3f-a0859c79ffca,1,1734.431576
2026/02/04/00:24:42,apply-time,rs-000614-5pp8t,c47e1bd5-56b2-4d6b-84ec-573eb0636277,3,1734.431576
2026/02/04/00:24:42,running-time,rs-000614-5pp8t,c47e1bd5-56b2-4d6b-84ec-573eb0636277,3,1734.431576
2026/02/04/00:24:42,apply-time,rs-000614-lbb8g,bd448c0d-0071-4b5a-930f-fcbc09832ba3,3,1734.431576
2026/02/04/00:24:42,running-time,rs-000614-lbb8g,bd448c0d-0071-4b5a-930f-fcbc09832ba3,3,1734.431576
2026/02/04/00:24:42,apply-time,rs-000614-vmrgd,ce8aecf4-1b02-4fbf-9646-62fd9047a954,3,1734.431576
2026/02/04/00:24:42,running-time,rs-000614-vmrgd,ce8aecf4-1b02-4fbf-9646-62fd9047a954,3,1734.431576
2026/02/04/00:24:46,apply-time,rs-000615-25z4w,483e0ba7-8167-4ea0-a883-684ceea53bc6,3,1738.431576
2026/02/04/00:24:46,running-time,rs-000615-25z4w,483e0ba7-8167-4ea0-a883-684ceea53bc6,3,1738.431576
2026/02/04/00:24:46,apply-time,rs-000615-pzmcw,7f94ce5d-4e28-4286-bbaa-e4064850b47c,3,1738.431576
2026/02/04/00:24:46,running-time,rs-000615-pzmcw,7f94ce5d-4e28-4286-bbaa-e4064850b47c,3,1738.431576
2026/02/04/00:24:46,apply-time,rs-000615-xsnmw,329e7b68-5820-46e9-a09d-e81482e27da9,3,1738.431576
2026/02/04/00:24:46,running-time,rs-000615-xsnmw,329e7b68-5820-46e9-a09d-e81482e27da9,3,1738.431576
2026/02/04/00:24:46,apply-time,rs-000616-fdgnn,c10d97c2-8ab3-4a9e-a9f4-e82fc7591138,2,1738.431576
2026/02/04/00:24:46,apply-time,rs-000616-gg42s,f682ed0d-2042-4ccb-9fc3-d09e47859be3,2,1738.431576
2026/02/04/00:24:46,apply-time,rs-000616-gq9jx,febf6c06-a624-4278-acf1-699228788499,2,1738.431576
2026/02/04/00:24:46,apply-time,rs-000617-5zwkb,d0795e87-7356-4b86-9b19-75e729a8a773,4,1738.431576
2026/02/04/00:24:46,running-time,rs-000617-5zwkb,d0795e87-7356-4b86-9b19-75e729a8a773,4,1738.431576
2026/02/04/00:24:46,apply-time,rs-000617-r7csd,a7051844-a792-4fa3-bef7-955c2fb09bec,4,1738.431576
2026/02/04/00:24:46,running-time,rs-000617-r7csd,a7051844-a792-4fa3-bef7-955c2fb09bec,4,1738.431576
2026/02/04/00:24:46,apply-time,rs-000618-lxf42,4fdd51e9-d12a-4655-8fed-db7746084d38,1,1738.431576
2026/02/04/00:24:46,running-time,rs-000618-lxf42,4fdd51e9-d12a-4655-8fed-db7746084d38,1,1738.431576
2026/02/04/00:24:48,running-time,rs-000616-gg42s,f682ed0d-2042-4ccb-9fc3-d09e47859be3,2,1740.431576
2026/02/04/00:24:51,running-time,rs-000616-fdgnn,c10d97c2-8ab3-4a9e-a9f4-e82fc7591138,2,1743.431576
2026/02/04/00:24:51,running-time,rs-000616-gq9jx,febf6c06-a624-4278-acf1-699228788499,2,1743.431576
2026/02/04/00:25:18,apply-time,rs-000619-j8hgb,1cae6cb1-bb83-4edb-bd85-87bf84096d4d,4,1770.431576
2026/02/04/00:25:18,running-time,rs-000619-j8hgb,1cae6cb1-bb83-4edb-bd85-87bf84096d4d,4,1770.431576
2026/02/04/00:25:18,apply-time,rs-000619-jzw6j,8b4e50b2-f070-4121-a02d-b6447940ecdc,4,1770.431576
2026/02/04/00:25:18,apply-time,rs-000619-tbg82,d7a36593-2000-434b-9594-aadf8490bcf1,4,1770.431576
2026/02/04/00:25:29,apply-time,rs-000620-7wjwh,85f198e8-d302-4b73-99fc-4da1e61c75c1,1,1781.431576
2026/02/04/00:25:29,running-time,rs-000620-7wjwh,85f198e8-d302-4b73-99fc-4da1e61c75c1,1,1781.431576
2026/02/04/00:25:29,apply-time,rs-000620-qjlwk,99344b6f-3b2b-4960-ab44-f3f8c07a4117,1,1781.431576
2026/02/04/00:25:29,running-time,rs-000620-qjlwk,99344b6f-3b2b-4960-ab44-f3f8c07a4117,1,1781.431576
2026/02/04/00:25:29,apply-time,rs-000621-cg8cb,77cdc614-8928-43c6-82db-9eb9552c47c1,3,1782.431576
2026/02/04/00:25:30,running-time,rs-000621-cg8cb,77cdc614-8928-43c6-82db-9eb9552c47c1,3,1782.431576
2026/02/04/00:25:30,apply-time,rs-000621-rkkqf,4b94e212-2fad-4c44-bf19-bfdef5554674,3,1782.431576
2026/02/04/00:25:30,running-time,rs-000621-rkkqf,4b94e212-2fad-4c44-bf19-bfdef5554674,3,1782.431576
2026/02/04/00:25:30,apply-time,rs-000622-tvzk8,ac6d510e-e9db-48cc-b082-3d0df774bf39,2,1782.431576
2026/02/04/00:25:30,running-time,rs-000622-tvzk8,ac6d510e-e9db-48cc-b082-3d0df774bf39,2,1782.431576
2026/02/04/00:25:30,apply-time,rs-000622-vbjqg,ac5c3105-07bf-41b8-9275-b5a8e0feb26a,2,1782.431576
2026/02/04/00:25:30,running-time,rs-000622-vbjqg,ac5c3105-07bf-41b8-9275-b5a8e0feb26a,2,1782.431576
2026/02/04/00:25:30,apply-time,rs-000623-dldf2,efcc86eb-ab5b-410a-9fbc-cdd9e31bbf16,1,1782.431576
2026/02/04/00:25:30,running-time,rs-000623-dldf2,efcc86eb-ab5b-410a-9fbc-cdd9e31bbf16,1,1782.431576
2026/02/04/00:25:30,apply-time,rs-000623-ltf8t,3e04869d-54d7-40c0-8124-762b2a8fc627,1,1782.431576
2026/02/04/00:25:30,running-time,rs-000623-ltf8t,3e04869d-54d7-40c0-8124-762b2a8fc627,1,1782.431576
2026/02/04/00:25:33,apply-time,rs-000624-z8qj7,bbc572ec-3d77-40a3-9906-163d521c7847,2,1785.431576
2026/02/04/00:25:33,apply-time,rs-000625-9nmkz,e100dff6-6236-41e3-88ff-9414252d90bb,1,1785.431576
2026/02/04/00:25:33,running-time,rs-000625-9nmkz,e100dff6-6236-41e3-88ff-9414252d90bb,1,1785.431576
2026/02/04/00:25:33,apply-time,rs-000626-qrqp6,b53e9b34-898a-46d4-82ed-2ea2229c86be,1,1785.431576
2026/02/04/00:25:33,running-time,rs-000626-qrqp6,b53e9b34-898a-46d4-82ed-2ea2229c86be,1,1785.431576
2026/02/04/00:25:33,apply-time,rs-000627-bx6n6,2f47c6ed-fbca-42f0-9bd6-b345df8d2547,1,1785.431576
2026/02/04/00:25:33,running-time,rs-000627-bx6n6,2f47c6ed-fbca-42f0-9bd6-b345df8d2547,1,1785.431576
2026/02/04/00:25:33,apply-time,rs-000627-kpsfp,c325ea37-8527-4a1e-8dca-5424295aa49a,1,1785.431576
2026/02/04/00:25:33,running-time,rs-000627-kpsfp,c325ea37-8527-4a1e-8dca-5424295aa49a,1,1785.431576
2026/02/04/00:25:33,apply-time,rs-000627-ll8m7,5bb52910-f9b1-4098-a9ed-a93d6dc47892,1,1785.431576
2026/02/04/00:25:33,running-time,rs-000627-ll8m7,5bb52910-f9b1-4098-a9ed-a93d6dc47892,1,1785.431576
2026/02/04/00:25:52,apply-time,rs-000620-666nj,bbfadaf4-68a5-4da5-ad6c-d97308dc198c,1,1804.431576
2026/02/04/00:25:52,running-time,rs-000620-666nj,bbfadaf4-68a5-4da5-ad6c-d97308dc198c,1,1804.431576
2026/02/04/00:25:52,running-time,rs-000624-z8qj7,bbc572ec-3d77-40a3-9906-163d521c7847,2,1804.431576
2026/02/04/00:26:31,apply-time,rs-000628-6pgrr,bf9824a8-4f06-4423-915b-3343b0f09908,1,1843.431576
2026/02/04/00:26:31,running-time,rs-000628-6pgrr,bf9824a8-4f06-4423-915b-3343b0f09908,1,1843.431576
2026/02/04/00:26:31,apply-time,rs-000629-85n9b,a4d60eaa-0e12-4753-abce-867c5ba82845,3,1843.431576
2026/02/04/00:26:31,running-time,rs-000629-85n9b,a4d60eaa-0e12-4753-abce-867c5ba82845,3,1843.431576
2026/02/04/00:26:31,apply-time,rs-000629-kq7vx,4753efa3-9526-4b9f-bb81-5d33b0def22b,3,1843.431576
2026/02/04/00:26:31,running-time,rs-000629-kq7vx,4753efa3-9526-4b9f-bb81-5d33b0def22b,3,1843.431576
2026/02/04/00:26:31,apply-time,rs-000629-lbnxw,444b2bb5-467b-4912-a488-3a2489b1688d,3,1843.431576
2026/02/04/00:26:31,running-time,rs-000629-lbnxw,444b2bb5-467b-4912-a488-3a2489b1688d,3,1843.431576
2026/02/04/00:26:34,apply-time,rs-000630-jdxlz,ea166ebc-754b-4664-8500-91a779390a85,2,1847.431576
2026/02/04/00:26:35,apply-time,rs-000630-c4kjx,f2b45d62-af7d-42e3-90f2-5118d1a6ea57,2,1847.431576
2026/02/04/00:26:35,apply-time,rs-000630-hnv56,22a947f6-72fb-4718-87a5-286ee2871841,2,1847.431576
2026/02/04/00:26:35,running-time,rs-000630-jdxlz,ea166ebc-754b-4664-8500-91a779390a85,2,1847.431576
2026/02/04/00:26:36,apply-time,rs-000631-4f6l5,8b32fdcf-436f-4ae0-bddf-c8e2ec0c81fe,2,1849.431576
2026/02/04/00:26:36,apply-time,rs-000631-gx7nq,f0ee3771-edce-49da-99c4-1566a83aea63,2,1849.431576
2026/02/04/00:26:36,apply-time,rs-000631-m7bpc,5dabb2d3-0471-41a5-b8e1-2d5aed98f916,2,1849.431576
2026/02/04/00:26:37,running-time,rs-000631-gx7nq,f0ee3771-edce-49da-99c4-1566a83aea63,2,1849.431576
2026/02/04/00:26:37,running-time,rs-000631-m7bpc,5dabb2d3-0471-41a5-b8e1-2d5aed98f916,2,1849.431576
2026/02/04/00:26:37,apply-time,rs-000632-8plwn,d2a97463-b1f4-4fb3-866c-494c9fefa9ea,1,1849.431576
2026/02/04/00:26:37,running-time,rs-000632-8plwn,d2a97463-b1f4-4fb3-866c-494c9fefa9ea,1,1849.431576
2026/02/04/00:26:37,apply-time,rs-000632-zq9qf,a4ec004b-de16-4295-a3c2-5b8c09c6402b,1,1849.431576
2026/02/04/00:26:37,running-time,rs-000632-zq9qf,a4ec004b-de16-4295-a3c2-5b8c09c6402b,1,1849.431576
2026/02/04/00:26:38,apply-time,rs-000633-cctz4,d5a2cc70-a350-42e4-aa67-b63e865e94f3,3,1851.431576
2026/02/04/00:26:38,apply-time,rs-000633-rrm6v,032da7b9-a07f-4af3-ac40-db90e2a39385,3,1851.431576
2026/02/04/00:26:39,running-time,rs-000633-cctz4,d5a2cc70-a350-42e4-aa67-b63e865e94f3,3,1851.431576
2026/02/04/00:26:39,running-time,rs-000633-rrm6v,032da7b9-a07f-4af3-ac40-db90e2a39385,3,1851.431576
2026/02/04/00:26:42,apply-time,rs-000634-vmtx6,44515580-7fc2-4b0c-917f-69036ceaba66,2,1855.431576
2026/02/04/00:26:42,running-time,rs-000634-vmtx6,44515580-7fc2-4b0c-917f-69036ceaba66,2,1855.431576
2026/02/04/00:26:49,running-time,rs-000630-c4kjx,f2b45d62-af7d-42e3-90f2-5118d1a6ea57,2,1861.431576
2026/02/04/00:26:49,running-time,rs-000630-hnv56,22a947f6-72fb-4718-87a5-286ee2871841,2,1861.431576
2026/02/04/00:27:29,apply-time,rs-000635-6q88h,f83ff7e8-58c3-4d94-8cd1-6296bbd436f6,4,1901.431576
2026/02/04/00:27:29,running-time,rs-000635-6q88h,f83ff7e8-58c3-4d94-8cd1-6296bbd436f6,4,1901.431576
2026/02/04/00:27:46,apply-time,rs-000636-fc6l2,fe5a38af-6406-4de3-994c-32a0d91ca364,1,1918.431576
2026/02/04/00:27:46,running-time,rs-000636-fc6l2,fe5a38af-6406-4de3-994c-32a0d91ca364,1,1918.431576
2026/02/04/00:27:46,apply-time,rs-000636-sxh7b,caccdaff-db39-4657-a2da-de7560d6b4fe,1,1918.431576
2026/02/04/00:27:46,running-time,rs-000636-sxh7b,caccdaff-db39-4657-a2da-de7560d6b4fe,1,1918.431576
2026/02/04/00:27:46,apply-time,rs-000636-vscbh,fc283136-985c-4635-94ab-7fb77d91ae62,1,1918.431576
2026/02/04/00:27:46,running-time,rs-000636-vscbh,fc283136-985c-4635-94ab-7fb77d91ae62,1,1918.431576
2026/02/04/00:27:47,apply-time,rs-000637-264zd,236ad44e-6d0d-4303-9211-8fe0dccc29f5,1,1919.431576
2026/02/04/00:27:47,running-time,rs-000637-264zd,236ad44e-6d0d-4303-9211-8fe0dccc29f5,1,1919.431576
2026/02/04/00:27:47,apply-time,rs-000637-snmrf,47070aa5-01a3-4363-8777-b4ed1c62e042,1,1919.431576
2026/02/04/00:27:47,running-time,rs-000637-snmrf,47070aa5-01a3-4363-8777-b4ed1c62e042,1,1919.431576
2026/02/04/00:27:48,apply-time,rs-000638-2vxcw,4f8adc86-c624-4a23-8939-ca6a98e5ec7f,2,1920.431576
2026/02/04/00:27:48,running-time,rs-000638-2vxcw,4f8adc86-c624-4a23-8939-ca6a98e5ec7f,2,1920.431576
2026/02/04/00:27:48,apply-time,rs-000639-dbhgf,c01c2c37-fea5-4b6e-91ff-b761596dc567,1,1920.431576
2026/02/04/00:27:48,running-time,rs-000639-dbhgf,c01c2c37-fea5-4b6e-91ff-b761596dc567,1,1920.431576
2026/02/04/00:27:48,apply-time,rs-000639-f7rs9,19c8492c-29e8-48b8-81ee-da22d3166330,1,1920.431576
2026/02/04/00:27:48,running-time,rs-000639-f7rs9,19c8492c-29e8-48b8-81ee-da22d3166330,1,1920.431576
2026/02/04/00:27:48,apply-time,rs-000640-bbwkb,fc3879e8-eddd-4e52-b912-0d98c64979ed,4,1920.431576
2026/02/04/00:27:48,running-time,rs-000640-bbwkb,fc3879e8-eddd-4e52-b912-0d98c64979ed,4,1920.431576
2026/02/04/00:27:48,apply-time,rs-000640-pxght,3e42cf3e-c4c6-4c0f-817f-05dfee4992f1,4,1920.431576
2026/02/04/00:27:48,running-time,rs-000640-pxght,3e42cf3e-c4c6-4c0f-817f-05dfee4992f1,4,1920.431576
2026/02/04/00:27:48,apply-time,rs-000640-x4lmg,3a68be78-ec69-4420-8d33-e3ee3de2656e,4,1920.431576
2026/02/04/00:27:48,running-time,rs-000640-x4lmg,3a68be78-ec69-4420-8d33-e3ee3de2656e,4,1920.431576
2026/02/04/00:27:48,apply-time,rs-000641-5brc5,84eae1de-00d9-451c-87bf-92f5e628473d,1,1920.431576
2026/02/04/00:27:48,running-time,rs-000641-5brc5,84eae1de-00d9-451c-87bf-92f5e628473d,1,1920.431576
2026/02/04/00:27:48,apply-time,rs-000642-2xhcm,351af6fe-338e-43b5-bf3c-a35c8dcbc937,4,1920.431576
2026/02/04/00:27:48,running-time,rs-000642-2xhcm,351af6fe-338e-43b5-bf3c-a35c8dcbc937,4,1920.431576
2026/02/04/00:27:48,apply-time,rs-000642-5x8xs,ab2d9292-54c6-489b-94ba-07be896badec,4,1920.431576
2026/02/04/00:27:48,running-time,rs-000642-5x8xs,ab2d9292-54c6-489b-94ba-07be896badec,4,1920.431576
2026/02/04/00:27:48,apply-time,rs-000642-k2phv,966a31f8-2b5b-4454-b8c9-46fb7d4cc3ec,4,1920.431576
2026/02/04/00:27:48,running-time,rs-000642-k2phv,966a31f8-2b5b-4454-b8c9-46fb7d4cc3ec,4,1920.431576
2026/02/04/00:27:49,apply-time,rs-000643-5v7pt,5d2f1563-68a5-4c37-8595-f734de5f4925,4,1921.431576
2026/02/04/00:27:49,running-time,rs-000643-5v7pt,5d2f1563-68a5-4c37-8595-f734de5f4925,4,1921.431576
2026/02/04/00:27:49,apply-time,rs-000644-2wjn9,fa15d1a3-f277-40fb-8b30-e0c1ff741e44,1,1921.431576
2026/02/04/00:27:49,running-time,rs-000644-2wjn9,fa15d1a3-f277-40fb-8b30-e0c1ff741e44,1,1921.431576
2026/02/04/00:28:17,apply-time,rs-000645-x7glh,71e3a520-b76e-43f8-910a-3c919ab6b6d1,4,1949.431576
2026/02/04/00:28:17,running-time,rs-000645-x7glh,71e3a520-b76e-43f8-910a-3c919ab6b6d1,4,1949.431576
2026/02/04/00:28:17,apply-time,rs-000645-xlfl5,ab005ffd-fc95-4caa-a1a0-267528ca3c79,4,1949.431576
2026/02/04/00:28:17,running-time,rs-000645-xlfl5,ab005ffd-fc95-4caa-a1a0-267528ca3c79,4,1949.431576
2026/02/04/00:28:17,apply-time,rs-000646-xg46l,58c3acc8-63fd-4818-b3a2-1cfa2cd8ffae,2,1949.431576
2026/02/04/00:28:17,running-time,rs-000646-xg46l,58c3acc8-63fd-4818-b3a2-1cfa2cd8ffae,2,1949.431576
2026/02/04/00:28:18,apply-time,rs-000647-nlq9t,0171268f-fa9f-4085-a5c9-31fc28650cd2,4,1950.431576
2026/02/04/00:28:18,running-time,rs-000647-nlq9t,0171268f-fa9f-4085-a5c9-31fc28650cd2,4,1950.431576
2026/02/04/00:28:18,apply-time,rs-000648-zbrtx,8748044b-24d2-458a-a488-0cb9352bcf19,1,1950.431576
2026/02/04/00:28:18,apply-time,rs-000649-b6992,7bcbabe2-1d81-44ed-a6a3-9c211079948f,2,1950.431576
2026/02/04/00:28:18,running-time,rs-000649-b6992,7bcbabe2-1d81-44ed-a6a3-9c211079948f,2,1950.431576
2026/02/04/00:28:19,apply-time,rs-000650-k9kfb,0a0a0846-2705-44e0-a336-9f9e54a88ce8,1,1951.431576
2026/02/04/00:28:19,running-time,rs-000650-k9kfb,0a0a0846-2705-44e0-a336-9f9e54a88ce8,1,1951.431576
2026/02/04/00:28:19,apply-time,rs-000651-pr4jv,46382d95-6b0a-4c5e-8ba0-d2fcdb50f3a2,1,1951.431576
2026/02/04/00:28:19,running-time,rs-000651-pr4jv,46382d95-6b0a-4c5e-8ba0-d2fcdb50f3a2,1,1951.431576
2026/02/04/00:28:31,apply-time,rs-000652-wpkvv,3a1b5588-83d6-468b-b2f8-cf8ffe0a8b25,3,1964.431576
2026/02/04/00:28:31,apply-time,rs-000653-4vkvv,25c120c0-a032-4450-9513-d70a988b06a0,4,1964.431576
2026/02/04/00:28:32,running-time,rs-000652-wpkvv,3a1b5588-83d6-468b-b2f8-cf8ffe0a8b25,3,1964.431576
2026/02/04/00:28:32,running-time,rs-000653-4vkvv,25c120c0-a032-4450-9513-d70a988b06a0,4,1964.431576
2026/02/04/00:28:32,apply-time,rs-000654-k4g8p,5cceb5b4-4d9a-43eb-8ab8-690f37d7e3e2,2,1964.431576
2026/02/04/00:28:32,running-time,rs-000654-k4g8p,5cceb5b4-4d9a-43eb-8ab8-690f37d7e3e2,2,1964.431576
2026/02/04/00:28:32,apply-time,rs-000654-mr8qv,9015eca4-db3d-4a10-aeb8-da83579d4801,2,1964.431576
2026/02/04/00:28:32,running-time,rs-000654-mr8qv,9015eca4-db3d-4a10-aeb8-da83579d4801,2,1964.431576
2026/02/04/00:28:33,running-time,rs-000648-zbrtx,8748044b-24d2-458a-a488-0cb9352bcf19,1,1965.431576
2026/02/04/00:28:47,apply-time,rs-000655-869wf,0ee78e19-3fce-4c74-88a6-3044a9d7c18d,1,1979.431576
2026/02/04/00:28:47,running-time,rs-000655-869wf,0ee78e19-3fce-4c74-88a6-3044a9d7c18d,1,1979.431576
2026/02/04/00:28:47,apply-time,rs-000655-h754k,07b9e03d-f43e-45b8-a260-55e258ea5ea7,1,1979.431576
2026/02/04/00:28:47,running-time,rs-000655-h754k,07b9e03d-f43e-45b8-a260-55e258ea5ea7,1,1979.431576
2026/02/04/00:28:47,apply-time,rs-000655-nrrbc,c027586b-27b6-42d0-9d2c-008e6ac6a8dc,1,1979.431576
2026/02/04/00:28:47,running-time,rs-000655-nrrbc,c027586b-27b6-42d0-9d2c-008e6ac6a8dc,1,1979.431576
2026/02/04/00:29:04,apply-time,rs-000656-m8pbl,4800b9b7-0ca6-4a52-a04c-a803f7c44a6d,1,1995.431576
2026/02/04/00:29:29,apply-time,rs-000657-g8h56,ee5dc507-36f0-48be-a9e8-c04e4448947e,1,2020.431576
2026/02/04/00:29:29,running-time,rs-000657-g8h56,ee5dc507-36f0-48be-a9e8-c04e4448947e,1,2020.431576
2026/02/04/00:30:06,apply-time,rs-000658-fpx47,c8abe574-d635-44d4-81a3-bf56364d6077,4,2057.431576
2026/02/04/00:30:06,running-time,rs-000658-fpx47,c8abe574-d635-44d4-81a3-bf56364d6077,4,2057.431576
2026/02/04/00:30:06,apply-time,rs-000659-6bjmw,03bdf8da-c5d4-4ad7-944f-17834883e67a,1,2057.431576
2026/02/04/00:30:06,running-time,rs-000659-6bjmw,03bdf8da-c5d4-4ad7-944f-17834883e67a,1,2057.431576
2026/02/04/00:30:06,apply-time,rs-000660-m67jn,0ea3a218-9143-4867-91bd-726a6906280a,3,2057.431576
2026/02/04/00:30:06,running-time,rs-000660-m67jn,0ea3a218-9143-4867-91bd-726a6906280a,3,2057.431576
2026/02/04/00:30:06,apply-time,rs-000660-s5rmw,0d2b26c0-a711-44e4-b9c1-d1912119bb67,3,2057.431576
2026/02/04/00:30:06,running-time,rs-000660-s5rmw,0d2b26c0-a711-44e4-b9c1-d1912119bb67,3,2057.431576
2026/02/04/00:30:06,apply-time,rs-000660-xvz2h,3f1023fc-2283-427a-9a81-e12d3b984c44,3,2057.431576
2026/02/04/00:30:06,running-time,rs-000660-xvz2h,3f1023fc-2283-427a-9a81-e12d3b984c44,3,2057.431576
2026/02/04/00:30:06,apply-time,rs-000661-qrm8d,1f88c12e-5d24-4004-9da1-d2ff1e86ce07,3,2057.431576
2026/02/04/00:30:06,running-time,rs-000661-qrm8d,1f88c12e-5d24-4004-9da1-d2ff1e86ce07,3,2057.431576
2026/02/04/00:30:06,apply-time,rs-000661-rhg8c,19e92592-389a-4c10-a880-720ed85b2d09,3,2057.431576
2026/02/04/00:30:06,apply-time,rs-000662-ps6qp,51eeab37-05b1-479d-90f1-3448d213a443,2,2057.431576
2026/02/04/00:30:06,apply-time,rs-000662-zdwnj,9da1013f-7aa1-4379-8dd3-bd3ec1b9b377,2,2057.431576
2026/02/04/00:30:06,running-time,rs-000662-zdwnj,9da1013f-7aa1-4379-8dd3-bd3ec1b9b377,2,2057.431576
2026/02/04/00:30:13,running-time,rs-000662-ps6qp,51eeab37-05b1-479d-90f1-3448d213a443,2,2064.431576
2026/02/04/00:30:29,apply-time,rs-000663-v5c89,8259fd79-5470-478d-95ad-73e13d6351bd,3,2080.431576
2026/02/04/00:30:29,running-time,rs-000663-v5c89,8259fd79-5470-478d-95ad-73e13d6351bd,3,2080.431576
2026/02/04/00:30:29,apply-time,rs-000664-5zqgx,ea9b098b-16bc-40fa-a767-8c2e2bf8d427,3,2081.431576
2026/02/04/00:30:29,running-time,rs-000664-5zqgx,ea9b098b-16bc-40fa-a767-8c2e2bf8d427,3,2081.431576
2026/02/04/00:30:29,apply-time,rs-000664-fvjgm,d2b86ba1-6ff3-495c-aeb2-e4743477a93e,3,2081.431576
2026/02/04/00:30:29,running-time,rs-000664-fvjgm,d2b86ba1-6ff3-495c-aeb2-e4743477a93e,3,2081.431576
2026/02/04/00:30:29,apply-time,rs-000664-wthrv,a7b697ff-3080-4a62-bc3b-79fea7563029,3,2081.431576
2026/02/04/00:30:29,running-time,rs-000664-wthrv,a7b697ff-3080-4a62-bc3b-79fea7563029,3,2081.431576
2026/02/04/00:30:29,apply-time,rs-000665-7fr2f,1769eeae-54fa-4719-b6a8-9cfdcdc8dc32,4,2081.431576
2026/02/04/00:30:29,running-time,rs-000665-7fr2f,1769eeae-54fa-4719-b6a8-9cfdcdc8dc32,4,2081.431576
2026/02/04/00:30:31,apply-time,rs-000666-6bxkn,4f34bcf7-c4fa-4b18-9b1d-0d7675251735,4,2082.431576
2026/02/04/00:30:31,running-time,rs-000666-6bxkn,4f34bcf7-c4fa-4b18-9b1d-0d7675251735,4,2082.431576
2026/02/04/00:30:33,apply-time,rs-000667-p9wm4,2cb0bdca-9fca-4969-bac1-6c8e9511bde2,2,2084.431576
2026/02/04/00:30:33,apply-time,rs-000668-5qfvp,b8c88af4-5516-4612-b860-39067e452533,1,2084.431576
2026/02/04/00:30:33,apply-time,rs-000668-7hkjr,945f01d4-3dc8-4939-bbf0-3ef79382a8d4,1,2084.431576
2026/02/04/00:30:33,apply-time,rs-000668-wqb62,b23e9dcb-deef-44b9-8068-677f23ce22f8,1,2084.431576
2026/02/04/00:30:33,apply-time,rs-000669-mphtq,99d0d8e8-05a4-4006-90f5-659c7a572e0b,3,2084.431576
2026/02/04/00:30:33,running-time,rs-000669-mphtq,99d0d8e8-05a4-4006-90f5-659c7a572e0b,3,2085.431576
2026/02/04/00:30:33,apply-time,rs-000670-x5f2q,97a60544-0f97-4cf6-a4a4-e48f0424695e,1,2084.431576
2026/02/04/00:30:33,running-time,rs-000670-x5f2q,97a60544-0f97-4cf6-a4a4-e48f0424695e,1,2085.431576
2026/02/04/00:30:33,apply-time,rs-000671-27qw7,f3641505-30c3-4718-9c54-7ddaab000943,1,2084.431576
2026/02/04/00:30:33,running-time,rs-000671-27qw7,f3641505-30c3-4718-9c54-7ddaab000943,1,2084.431576
2026/02/04/00:30:33,apply-time,rs-000671-qqtkv,0e9fcef9-6958-47f2-857e-6b0311d76693,1,2084.431576
2026/02/04/00:30:33,running-time,rs-000671-qqtkv,0e9fcef9-6958-47f2-857e-6b0311d76693,1,2085.431576
2026/02/04/00:30:33,apply-time,rs-000671-xjh77,4a41684a-6c3b-423f-a4ec-aa3891022259,1,2084.431576
2026/02/04/00:30:33,running-time,rs-000671-xjh77,4a41684a-6c3b-423f-a4ec-aa3891022259,1,2084.431576
2026/02/04/00:30:40,apply-time,rs-000672-bb2hg,b7d4c997-4de5-4c46-974b-ad78223640e4,1,2091.431576
2026/02/04/00:30:52,apply-time,rs-000673-8njs6,c11d2179-7481-4bb2-a110-fc895dbb0bf6,2,2102.431576
2026/02/04/00:30:52,apply-time,rs-000674-jxxnx,919ae811-a62e-4c87-8bab-a54ba71ba058,1,2102.431576
2026/02/04/00:30:52,running-time,rs-000674-jxxnx,919ae811-a62e-4c87-8bab-a54ba71ba058,1,2102.431576
2026/02/04/00:30:52,apply-time,rs-000674-n52mh,dc4e9dec-1d60-4edd-b5cc-e02845369198,1,2102.431576
2026/02/04/00:30:52,running-time,rs-000674-n52mh,dc4e9dec-1d60-4edd-b5cc-e02845369198,1,2102.431576
2026/02/04/00:30:52,apply-time,rs-000675-stmc2,f505be03-a048-4733-9c11-57fa4f12dfc7,3,2103.431576
2026/02/04/00:30:52,running-time,rs-000675-stmc2,f505be03-a048-4733-9c11-57fa4f12dfc7,3,2103.431576
2026/02/04/00:30:52,apply-time,rs-000676-rrsgc,84bb8f58-63df-4044-b259-56eef089f36b,2,2102.431576
2026/02/04/00:30:52,running-time,rs-000676-rrsgc,84bb8f58-63df-4044-b259-56eef089f36b,2,2103.431576
2026/02/04/00:30:56,apply-time,rs-000444-sdjzz,3b0014a6-c71c-4ff5-950f-8b97064a8228,1,2107.431576
2026/02/04/00:30:56,running-time,rs-000444-sdjzz,3b0014a6-c71c-4ff5-950f-8b97064a8228,1,2107.431576
2026/02/04/00:30:56,apply-time,rs-000628-wzx6b,098c6e2f-ab67-4488-bf58-18ad1af15ff1,1,2107.431576
2026/02/04/00:30:56,running-time,rs-000628-wzx6b,098c6e2f-ab67-4488-bf58-18ad1af15ff1,1,2107.431576
2026/02/04/00:30:56,running-time,rs-000668-5qfvp,b8c88af4-5516-4612-b860-39067e452533,1,2107.431576
2026/02/04/00:30:56,running-time,rs-000668-7hkjr,945f01d4-3dc8-4939-bbf0-3ef79382a8d4,1,2107.431576
2026/02/04/00:30:56,running-time,rs-000668-wqb62,b23e9dcb-deef-44b9-8068-677f23ce22f8,1,2107.431576
2026/02/04/00:31:34,apply-time,rs-000677-6t5f2,a64d4d24-e671-4423-ac24-813094c3447d,3,2146.431576
2026/02/04/00:31:34,running-time,rs-000677-6t5f2,a64d4d24-e671-4423-ac24-813094c3447d,3,2146.431576
2026/02/04/00:31:34,apply-time,rs-000678-xgpz2,83879d5b-fbfa-43b2-8e14-a68e41316e87,4,2146.431576
2026/02/04/00:31:34,running-time,rs-000678-xgpz2,83879d5b-fbfa-43b2-8e14-a68e41316e87,4,2146.431576
2026/02/04/00:31:34,apply-time,rs-000679-btvcs,813ffa88-21ad-4b5f-bd7b-16645103a550,4,2146.431576
2026/02/04/00:31:34,apply-time,rs-000679-v76b6,cc605e93-387e-479e-b0c6-5a3b68159765,4,2146.431576
2026/02/04/00:31:34,running-time,rs-000679-v76b6,cc605e93-387e-479e-b0c6-5a3b68159765,4,2146.431576
2026/02/04/00:31:34,apply-time,rs-000679-wz4hz,5abcc079-dc0d-43a8-b2cb-e545050a6aae,4,2146.431576
2026/02/04/00:31:34,running-time,rs-000679-wz4hz,5abcc079-dc0d-43a8-b2cb-e545050a6aae,4,2146.431576
2026/02/04/00:31:35,running-time,rs-000679-btvcs,813ffa88-21ad-4b5f-bd7b-16645103a550,4,2146.431576
2026/02/04/00:31:37,apply-time,rs-000680-47n66,fcdc3b59-3c41-4969-8435-71cc899d233e,1,2148.431576
2026/02/04/00:31:37,apply-time,rs-000680-rxh66,f9626a86-fb5d-4273-8f2e-1ba5d3baa815,1,2148.431576
2026/02/04/00:31:37,apply-time,rs-000680-rz9qr,87085dfd-7148-4854-8e5d-0d9d774f7194,1,2148.431576
2026/02/04/00:31:41,apply-time,rs-000681-4k5nw,7baef596-11dc-48b3-92e3-1e7701a72e83,3,2153.431576
2026/02/04/00:31:41,running-time,rs-000681-4k5nw,7baef596-11dc-48b3-92e3-1e7701a72e83,3,2153.431576
2026/02/04/00:31:41,apply-time,rs-000681-cp462,1665bf15-a41c-4a31-8c21-b19ce9a44173,3,2153.431576
2026/02/04/00:31:41,running-time,rs-000681-cp462,1665bf15-a41c-4a31-8c21-b19ce9a44173,3,2153.431576
2026/02/04/00:31:41,apply-time,rs-000682-8j9v8,84814509-f14b-41ea-bd48-7a65085d1af4,2,2153.431576
2026/02/04/00:31:41,apply-time,rs-000682-h6g9n,47152eba-bc3c-490b-a717-379ef1358bb4,2,2153.431576
2026/02/04/00:31:41,apply-time,rs-000683-889lp,8be35ee8-3b5a-4764-93d6-86d0b615f6fb,2,2153.431576
2026/02/04/00:31:41,apply-time,rs-000684-fcgfn,00dc511c-a826-45ac-9b04-fa3aa6188891,3,2153.431576
2026/02/04/00:31:41,running-time,rs-000684-fcgfn,00dc511c-a826-45ac-9b04-fa3aa6188891,3,2153.431576
2026/02/04/00:31:41,apply-time,rs-000685-zbq72,578c48f3-fe87-4f23-80b1-f742b71dc6ca,1,2153.431576
2026/02/04/00:31:41,apply-time,rs-000686-44sg4,335cf87e-b5ed-40c3-a67c-ae914aea492e,1,2153.431576
2026/02/04/00:31:41,running-time,rs-000686-44sg4,335cf87e-b5ed-40c3-a67c-ae914aea492e,1,2153.431576
2026/02/04/00:31:41,apply-time,rs-000686-fn8w9,4f6a49ff-21ce-4d58-b86e-22f19304282a,1,2153.431576
2026/02/04/00:31:41,apply-time,rs-000686-w4ttz,0175cf61-4d99-4350-be05-587b3794109b,1,2153.431576
2026/02/04/00:31:42,apply-time,rs-000687-8tcx7,915950ea-0d2d-4f92-a4d9-bd6571d662ce,3,2153.431576
2026/02/04/00:31:42,running-time,rs-000687-8tcx7,915950ea-0d2d-4f92-a4d9-bd6571d662ce,3,2153.431576
2026/02/04/00:31:42,apply-time,rs-000687-bdhbh,23221c83-cb1f-4de7-a2d1-755ba0be3d96,3,2153.431576
2026/02/04/00:31:42,running-time,rs-000687-bdhbh,23221c83-cb1f-4de7-a2d1-755ba0be3d96,3,2153.431576
2026/02/04/00:31:42,apply-time,rs-000687-hjxrb,3a32a294-098d-4eec-aec5-792ccbf5214f,3,2153.431576
2026/02/04/00:31:42,running-time,rs-000687-hjxrb,3a32a294-098d-4eec-aec5-792ccbf5214f,3,2153.431576
2026/02/04/00:31:42,apply-time,rs-000688-2llkm,e0cd7015-c34f-4d80-b877-c5486e8210f8,4,2154.431576
2026/02/04/00:31:42,running-time,rs-000688-2llkm,e0cd7015-c34f-4d80-b877-c5486e8210f8,4,2154.431576
2026/02/04/00:31:42,apply-time,rs-000688-6r5np,b549e99d-29eb-40e8-87c8-dc9a8e0df6cc,4,2153.431576
2026/02/04/00:31:42,running-time,rs-000688-6r5np,b549e99d-29eb-40e8-87c8-dc9a8e0df6cc,4,2153.431576
2026/02/04/00:31:42,apply-time,rs-000689-5s9wm,42d73ac6-0918-47c7-b260-11cfb2f35627,3,2154.431576
2026/02/04/00:31:42,running-time,rs-000689-5s9wm,42d73ac6-0918-47c7-b260-11cfb2f35627,3,2154.431576
2026/02/04/00:31:42,apply-time,rs-000689-qbmr7,f39cd5e8-fda7-4cdd-9b54-b38bc5ec52fb,3,2153.431576
2026/02/04/00:31:42,running-time,rs-000689-qbmr7,f39cd5e8-fda7-4cdd-9b54-b38bc5ec52fb,3,2154.431576
2026/02/04/00:31:42,apply-time,rs-000689-ttgcn,0dc3df35-af27-4f54-a315-70b824619d18,3,2154.431576
2026/02/04/00:31:42,running-time,rs-000689-ttgcn,0dc3df35-af27-4f54-a315-70b824619d18,3,2154.431576
2026/02/04/00:31:42,apply-time,rs-000690-6g8fx,d7c7008f-8ee5-458b-8f43-7ba86adc2627,3,2154.431576
2026/02/04/00:31:42,running-time,rs-000690-6g8fx,d7c7008f-8ee5-458b-8f43-7ba86adc2627,3,2154.431576
2026/02/04/00:31:42,apply-time,rs-000691-b9qpd,885f094c-b992-4404-9203-e3093b33aca3,1,2154.431576
2026/02/04/00:31:43,apply-time,rs-000692-2lrsh,85f5c357-514d-45db-9ebf-4f5123201727,1,2155.431576
2026/02/04/00:31:43,running-time,rs-000692-2lrsh,85f5c357-514d-45db-9ebf-4f5123201727,1,2155.431576
2026/02/04/00:31:43,apply-time,rs-000692-lrtxb,cf80c3ec-78b1-46be-b2ae-cf3a5de3bbcb,1,2154.431576
2026/02/04/00:31:43,running-time,rs-000692-lrtxb,cf80c3ec-78b1-46be-b2ae-cf3a5de3bbcb,1,2154.431576
2026/02/04/00:31:44,running-time,rs-000686-fn8w9,4f6a49ff-21ce-4d58-b86e-22f19304282a,1,2156.431576
2026/02/04/00:31:44,apply-time,rs-000693-bj247,6027a5d2-175d-4359-80c9-4a4d57e472f8,4,2156.431576
2026/02/04/00:31:44,apply-time,rs-000693-rngbx,7b291d8b-45d3-445c-ba1c-a0ad288bc93a,4,2156.431576
2026/02/04/00:31:44,apply-time,rs-000694-hvp6h,1b41cf3d-426c-442f-b744-e7a8db6ac363,3,2156.431576
2026/02/04/00:31:45,running-time,rs-000691-b9qpd,885f094c-b992-4404-9203-e3093b33aca3,1,2156.431576
2026/02/04/00:31:45,running-time,rs-000693-bj247,6027a5d2-175d-4359-80c9-4a4d57e472f8,4,2156.431576
2026/02/04/00:31:45,running-time,rs-000693-rngbx,7b291d8b-45d3-445c-ba1c-a0ad288bc93a,4,2156.431576
2026/02/04/00:31:49,running-time,rs-000680-rxh66,f9626a86-fb5d-4273-8f2e-1ba5d3baa815,1,2161.431576
2026/02/04/00:31:49,running-time,rs-000686-w4ttz,0175cf61-4d99-4350-be05-587b3794109b,1,2161.431576
2026/02/04/00:31:51,apply-time,rs-000695-k9bkg,788cdbab-0463-44f2-b384-8d5fc26a63f2,1,2162.431576
2026/02/04/00:31:51,running-time,rs-000695-k9bkg,788cdbab-0463-44f2-b384-8d5fc26a63f2,1,2162.431576
2026/02/04/00:31:51,apply-time,rs-000696-mbtpf,ca180caa-4e84-4460-b9e9-3e854ef6f2a5,1,2162.431576
2026/02/04/00:31:51,running-time,rs-000696-mbtpf,ca180caa-4e84-4460-b9e9-3e854ef6f2a5,1,2162.431576
2026/02/04/00:31:52,apply-time,rs-000697-c4kjs,4ec75760-b5df-402c-9110-7f6356f8d4d5,2,2163.431576
2026/02/04/00:31:52,apply-time,rs-000697-z5qs5,a2f03c46-d310-47c3-9ed3-9e9ea7c07ea9,2,2163.431576
2026/02/04/00:31:52,apply-time,rs-000697-zrns8,2aafcbac-745e-4cf0-9984-1416b718b10e,2,2163.431576
2026/02/04/00:31:52,running-time,rs-000697-zrns8,2aafcbac-745e-4cf0-9984-1416b718b10e,2,2164.431576
2026/02/04/00:31:52,apply-time,rs-000698-65z4v,82e9326d-e719-439e-b4c5-c2c3fd5ff163,4,2164.431576
2026/02/04/00:31:52,apply-time,rs-000698-ngk2s,4b9582ca-44b2-4b12-a68d-bd6899f4fd4e,4,2164.431576
2026/02/04/00:31:52,apply-time,rs-000698-nxmz5,2ff728b2-8d46-4dcd-b3be-c5eb4b63f08c,4,2164.431576
2026/02/04/00:31:52,apply-time,rs-000699-ml9zn,a09ec894-7206-4a0a-91ae-eb609d015f89,1,2163.431576
2026/02/04/00:31:52,running-time,rs-000699-ml9zn,a09ec894-7206-4a0a-91ae-eb609d015f89,1,2163.431576
2026/02/04/00:31:52,apply-time,rs-000700-6gfzj,09cd6427-76c1-4f17-b1aa-b5ecbd396b9c,4,2164.431576
2026/02/04/00:31:52,apply-time,rs-000700-ffgbq,b87bd37c-4518-4c8a-bfac-7d9d7d210daf,4,2164.431576
2026/02/04/00:31:52,apply-time,rs-000700-gkxw2,35d4f133-11d9-4c28-87e4-667d54707f5d,4,2164.431576
2026/02/04/00:31:54,running-time,rs-000698-nxmz5,2ff728b2-8d46-4dcd-b3be-c5eb4b63f08c,4,2166.431576
2026/02/04/00:31:55,running-time,rs-000698-ngk2s,4b9582ca-44b2-4b12-a68d-bd6899f4fd4e,4,2167.431576
2026/02/04/00:31:57,running-time,rs-000698-65z4v,82e9326d-e719-439e-b4c5-c2c3fd5ff163,4,2169.431576
2026/02/04/00:32:01,running-time,rs-000700-6gfzj,09cd6427-76c1-4f17-b1aa-b5ecbd396b9c,4,2173.431576
2026/02/04/00:32:13,apply-time,rs-000701-6srgj,95457fb9-cc44-4538-b6e2-22053461c5e2,3,2185.431576
2026/02/04/00:32:13,running-time,rs-000701-6srgj,95457fb9-cc44-4538-b6e2-22053461c5e2,3,2185.431576
2026/02/04/00:32:13,apply-time,rs-000702-52qt5,1231fed8-54d6-4e89-837e-e32b213b67ed,4,2185.431576
2026/02/04/00:32:13,running-time,rs-000702-52qt5,1231fed8-54d6-4e89-837e-e32b213b67ed,4,2185.431576
2026/02/04/00:32:13,apply-time,rs-000703-48thc,cb6541e4-6b82-4acd-9dbb-67be0ad190d9,1,2185.431576
2026/02/04/00:32:13,running-time,rs-000703-48thc,cb6541e4-6b82-4acd-9dbb-67be0ad190d9,1,2185.431576
2026/02/04/00:32:13,apply-time,rs-000703-c2r2b,8031f1e6-ab62-4f9b-96ef-5843d5eb8a43,1,2185.431576
2026/02/04/00:32:13,running-time,rs-000703-c2r2b,8031f1e6-ab62-4f9b-96ef-5843d5eb8a43,1,2185.431576
2026/02/04/00:32:13,apply-time,rs-000704-2cxh5,726ec206-3ebf-46cb-9036-b6f12cfde84b,1,2185.431576
2026/02/04/00:32:13,running-time,rs-000704-2cxh5,726ec206-3ebf-46cb-9036-b6f12cfde84b,1,2185.431576
2026/02/04/00:32:15,apply-time,rs-000705-6vgs6,04462919-9a05-4f16-a1e0-f5bc05f8d066,1,2186.431576
2026/02/04/00:32:15,running-time,rs-000705-6vgs6,04462919-9a05-4f16-a1e0-f5bc05f8d066,1,2186.431576
2026/02/04/00:32:15,apply-time,rs-000705-7lmzg,b1f48fbe-882d-457e-89b4-612868765852,1,2186.431576
2026/02/04/00:32:15,running-time,rs-000705-7lmzg,b1f48fbe-882d-457e-89b4-612868765852,1,2186.431576
2026/02/04/00:32:16,apply-time,rs-000706-ccctn,05acd5fa-95d1-4454-9ca5-ace9094d73d5,1,2188.431576
2026/02/04/00:32:16,running-time,rs-000706-ccctn,05acd5fa-95d1-4454-9ca5-ace9094d73d5,1,2188.431576
2026/02/04/00:32:16,apply-time,rs-000706-gx5rp,4735f537-b2de-47df-9050-e90d2442020b,1,2188.431576
2026/02/04/00:32:16,running-time,rs-000706-gx5rp,4735f537-b2de-47df-9050-e90d2442020b,1,2188.431576
2026/02/04/00:32:16,apply-time,rs-000706-r7j7s,7afdecf1-a4d9-4f88-8dfa-657d403a57eb,1,2188.431576
2026/02/04/00:32:17,running-time,rs-000706-r7j7s,7afdecf1-a4d9-4f88-8dfa-657d403a57eb,1,2189.431576
2026/02/04/00:32:21,apply-time,rs-000708-wwsq8,40819e36-6a12-4c3f-821c-91427d9c9e03,4,2193.431576
2026/02/04/00:32:21,running-time,rs-000708-wwsq8,40819e36-6a12-4c3f-821c-91427d9c9e03,4,2193.431576
2026/02/04/00:32:21,apply-time,rs-000709-kf2pf,f7fdce3e-e436-4e3c-89cc-05cc75673de7,2,2193.431576
2026/02/04/00:32:21,running-time,rs-000709-kf2pf,f7fdce3e-e436-4e3c-89cc-05cc75673de7,2,2193.431576
2026/02/04/00:32:21,apply-time,rs-000709-kgptt,29d1786d-1393-4fa9-a101-5a2bb9e8aa3f,2,2193.431576
2026/02/04/00:32:21,running-time,rs-000709-kgptt,29d1786d-1393-4fa9-a101-5a2bb9e8aa3f,2,2193.431576
2026/02/04/00:32:21,apply-time,rs-000709-qlr4t,da1b981e-3c4b-40d7-84e1-933d2fbd7bc0,2,2193.431576
2026/02/04/00:32:21,running-time,rs-000709-qlr4t,da1b981e-3c4b-40d7-84e1-933d2fbd7bc0,2,2193.431576
2026/02/04/00:32:22,apply-time,rs-000707-jkh48,160d297c-b439-4187-9bfc-7a1cdd5b2c02,1,2193.431576
2026/02/04/00:32:22,apply-time,rs-000710-5lxfl,7351e8ec-aa7e-443c-ba93-a85c41dff5f2,4,2193.431576
2026/02/04/00:32:22,running-time,rs-000710-5lxfl,7351e8ec-aa7e-443c-ba93-a85c41dff5f2,4,2193.431576
2026/02/04/00:32:22,apply-time,rs-000710-xbrg8,8e4533bc-0e8f-40b8-b079-50c88fba4302,4,2193.431576
2026/02/04/00:32:22,running-time,rs-000710-xbrg8,8e4533bc-0e8f-40b8-b079-50c88fba4302,4,2193.431576
2026/02/04/00:32:22,apply-time,rs-000711-65br9,97cbc0a1-4da8-480a-b12c-75105eb11920,1,2193.431576
2026/02/04/00:32:22,running-time,rs-000711-65br9,97cbc0a1-4da8-480a-b12c-75105eb11920,1,2193.431576
2026/02/04/00:32:22,apply-time,rs-000711-gdgzn,38857928-5265-444d-847d-98ed5c7dd1d1,1,2193.431576
2026/02/04/00:32:22,running-time,rs-000711-gdgzn,38857928-5265-444d-847d-98ed5c7dd1d1,1,2193.431576
2026/02/04/00:32:22,apply-time,rs-000711-rbhf4,a43d9ba8-a2ae-44c4-8634-243011ecac28,1,2193.431576
2026/02/04/00:32:22,running-time,rs-000711-rbhf4,a43d9ba8-a2ae-44c4-8634-243011ecac28,1,2193.431576
2026/02/04/00:32:22,apply-time,rs-000712-pnfkd,d177dd7c-22cb-46fd-8893-b9956180095b,4,2194.431576
2026/02/04/00:32:22,running-time,rs-000712-pnfkd,d177dd7c-22cb-46fd-8893-b9956180095b,4,2194.431576
2026/02/04/00:32:22,apply-time,rs-000713-k92vd,f244c1bb-160b-4eae-978f-750ac33b3c34,2,2194.431576
2026/02/04/00:32:22,running-time,rs-000713-k92vd,f244c1bb-160b-4eae-978f-750ac33b3c34,2,2194.431576
2026/02/04/00:32:23,running-time,rs-000707-jkh48,160d297c-b439-4187-9bfc-7a1cdd5b2c02,1,2195.431576
2026/02/04/00:32:26,apply-time,rs-000714-gn787,8782143b-9d4a-4625-af15-1b783bacb890,1,2197.431576
2026/02/04/00:32:26,running-time,rs-000714-gn787,8782143b-9d4a-4625-af15-1b783bacb890,1,2197.431576
2026/02/04/00:32:26,apply-time,rs-000715-9p4z7,96761d01-6def-4188-9731-7a25f86e4d00,1,2197.431576
2026/02/04/00:32:26,running-time,rs-000715-9p4z7,96761d01-6def-4188-9731-7a25f86e4d00,1,2197.431576
2026/02/04/00:32:26,apply-time,rs-000715-nw96d,f23bfa1c-705a-4aa4-b534-6e314f5be2d9,1,2197.431576
2026/02/04/00:32:26,running-time,rs-000715-nw96d,f23bfa1c-705a-4aa4-b534-6e314f5be2d9,1,2197.431576
2026/02/04/00:32:26,apply-time,rs-000715-px7fj,0b5ca09d-03ba-4087-a9ae-85f389d2fc2c,1,2197.431576
2026/02/04/00:32:26,running-time,rs-000715-px7fj,0b5ca09d-03ba-4087-a9ae-85f389d2fc2c,1,2197.431576
2026/02/04/00:32:26,apply-time,rs-000716-dkfv9,918d0afc-fb4e-43e9-b4cd-e42213f59064,2,2197.431576
2026/02/04/00:32:26,apply-time,rs-000716-pfddg,2e96c2d3-1c8b-45d3-9f4c-94dba284a582,2,2197.431576
2026/02/04/00:32:26,apply-time,rs-000716-pgnq9,102e42f7-4438-4bed-a8eb-10a18d2cedf5,2,2197.431576
2026/02/04/00:32:26,running-time,rs-000716-pgnq9,102e42f7-4438-4bed-a8eb-10a18d2cedf5,2,2197.431576
2026/02/04/00:32:26,apply-time,rs-000717-7cgbq,b8d5ac63-a2b0-43cf-8217-635508543b8c,1,2197.431576
2026/02/04/00:32:26,running-time,rs-000717-7cgbq,b8d5ac63-a2b0-43cf-8217-635508543b8c,1,2197.431576
2026/02/04/00:32:26,apply-time,rs-000718-dsx56,578dd7be-a6af-49cb-85b2-da73443618d7,3,2197.431576
2026/02/04/00:32:26,running-time,rs-000718-dsx56,578dd7be-a6af-49cb-85b2-da73443618d7,3,2197.431576
2026/02/04/00:32:26,apply-time,rs-000718-gxjzp,e5090ca6-3216-41b8-b6a4-984e58ba5a86,3,2197.431576
2026/02/04/00:32:26,running-time,rs-000718-gxjzp,e5090ca6-3216-41b8-b6a4-984e58ba5a86,3,2197.431576
2026/02/04/00:32:26,apply-time,rs-000718-lfsxr,8bbe3fb2-952d-4b19-a2e3-cef95ebfa063,3,2197.431576
2026/02/04/00:32:26,running-time,rs-000718-lfsxr,8bbe3fb2-952d-4b19-a2e3-cef95ebfa063,3,2197.431576
2026/02/04/00:32:26,apply-time,rs-000719-nphms,3a420b31-5d99-4926-9324-ba9d0927b343,4,2197.431576
2026/02/04/00:32:26,apply-time,rs-000719-zx7sc,d2bd6565-2ca4-46ec-b07c-110d95fd79e6,4,2197.431576
2026/02/04/00:32:27,apply-time,rs-000332-q6bgf,fe3a41c6-3cde-4e93-bebd-8bb07533fea3,1,2198.431576
2026/02/04/00:32:27,running-time,rs-000332-q6bgf,fe3a41c6-3cde-4e93-bebd-8bb07533fea3,1,2198.431576
2026/02/04/00:32:31,running-time,rs-000716-dkfv9,918d0afc-fb4e-43e9-b4cd-e42213f59064,2,2202.431576
2026/02/04/00:32:31,running-time,rs-000716-pfddg,2e96c2d3-1c8b-45d3-9f4c-94dba284a582,2,2202.431576
2026/02/04/00:32:42,apply-time,rs-000332-wjwq6,a6e6f9b4-4df3-422b-9ae7-ee32dd7b8503,1,2213.431576
2026/02/04/00:32:42,running-time,rs-000332-wjwq6,a6e6f9b4-4df3-422b-9ae7-ee32dd7b8503,1,2213.431576
2026/02/04/00:32:42,running-time,rs-000694-hvp6h,1b41cf3d-426c-442f-b744-e7a8db6ac363,3,2213.431576
2026/02/04/00:33:14,apply-time,rs-000720-fm5p6,7b777902-78a9-4e21-a922-ac8c15928d35,1,2245.431576
2026/02/04/00:33:14,running-time,rs-000720-fm5p6,7b777902-78a9-4e21-a922-ac8c15928d35,1,2245.431576
2026/02/04/00:33:15,apply-time,rs-000721-6htgb,e3c91f97-d042-4abe-998d-b5eb0ba2c8f2,1,2246.431576
2026/02/04/00:33:15,running-time,rs-000721-6htgb,e3c91f97-d042-4abe-998d-b5eb0ba2c8f2,1,2246.431576
2026/02/04/00:33:15,apply-time,rs-000721-h54j7,1544dbfc-5c71-4184-80f0-677811355c7c,1,2246.431576
2026/02/04/00:33:15,running-time,rs-000721-h54j7,1544dbfc-5c71-4184-80f0-677811355c7c,1,2246.431576
2026/02/04/00:33:15,apply-time,rs-000722-chvs7,50a44777-7acb-4268-adf7-13a67a0b5cbe,2,2246.431576
2026/02/04/00:33:15,running-time,rs-000722-chvs7,50a44777-7acb-4268-adf7-13a67a0b5cbe,2,2246.431576
2026/02/04/00:33:15,apply-time,rs-000723-5799b,aaaf9bb4-f348-4dbe-bfba-ef069be11665,2,2246.431576
2026/02/04/00:33:15,apply-time,rs-000723-9xrt9,54dfc1d7-6bd8-4d86-9623-545154c24fa1,2,2246.431576
2026/02/04/00:33:15,apply-time,rs-000723-rj2s7,fc51c3ff-2a58-4a26-9dd2-319cb55e0a5b,2,2246.431576
2026/02/04/00:33:15,apply-time,rs-000724-qvdzj,4f3e8473-e1a7-4abc-a918-27346fbddd0f,2,2246.431576
2026/02/04/00:33:15,running-time,rs-000724-qvdzj,4f3e8473-e1a7-4abc-a918-27346fbddd0f,2,2246.431576
2026/02/04/00:33:17,apply-time,rs-000725-rxsp4,5beb8a73-69db-48f4-b0cc-b7976c9b2f5e,1,2248.431576
2026/02/04/00:33:17,apply-time,rs-000726-9x855,805a08d6-1213-4b0e-806d-63a236afff10,3,2248.431576
2026/02/04/00:33:17,running-time,rs-000726-9x855,805a08d6-1213-4b0e-806d-63a236afff10,3,2248.431576
2026/02/04/00:33:17,apply-time,rs-000726-hdzc2,0f5fee92-4c1c-4317-801d-eda7b95f34f0,3,2248.431576
2026/02/04/00:33:17,running-time,rs-000726-hdzc2,0f5fee92-4c1c-4317-801d-eda7b95f34f0,3,2248.431576
2026/02/04/00:33:17,apply-time,rs-000727-654wg,06512d60-b1a9-4cf4-aa5d-986d07506625,1,2248.431576
2026/02/04/00:33:17,running-time,rs-000727-654wg,06512d60-b1a9-4cf4-aa5d-986d07506625,1,2248.431576
2026/02/04/00:33:17,apply-time,rs-000727-fggpc,25505f8c-50d4-4cb6-a12e-68ce1da0ec0b,1,2248.431576
2026/02/04/00:33:17,apply-time,rs-000727-ztk5m,0894d4dc-30ad-43b5-9606-d7c5775f8f8a,1,2248.431576
2026/02/04/00:33:17,apply-time,rs-000728-p6z7x,904ca8b9-b250-4a0d-bcc7-0925fa9015c1,3,2248.431576
2026/02/04/00:33:17,running-time,rs-000728-p6z7x,904ca8b9-b250-4a0d-bcc7-0925fa9015c1,3,2248.431576
2026/02/04/00:33:17,apply-time,rs-000729-8jj6d,1fe7a79e-2c28-4ae1-946b-ab431dbc3b0b,1,2248.431576
2026/02/04/00:33:17,apply-time,rs-000729-kk7tq,7b1f1ff9-9e7a-4977-85a2-3444b26ee18b,1,2248.431576
2026/02/04/00:33:17,apply-time,rs-000729-wfxhp,7086316e-b741-4f96-a636-4e4393b70c86,1,2248.431576
2026/02/04/00:33:17,apply-time,rs-000730-9vn56,65b3c6d0-e5a5-4150-bec7-17b655e1e9cd,1,2248.431576
2026/02/04/00:33:17,running-time,rs-000730-9vn56,65b3c6d0-e5a5-4150-bec7-17b655e1e9cd,1,2248.431576
2026/02/04/00:33:17,apply-time,rs-000730-fn4mc,839d56ab-68ff-4994-ac59-208fb40ae641,1,2249.431576
2026/02/04/00:33:17,running-time,rs-000730-fn4mc,839d56ab-68ff-4994-ac59-208fb40ae641,1,2249.431576
2026/02/04/00:33:17,apply-time,rs-000730-wjvj5,1ac5f8f6-55a3-4d3c-924d-439468f6b3d6,1,2249.431576
2026/02/04/00:33:17,apply-time,rs-000731-gpcrv,54ad3e7d-c442-4541-b4fb-9c1ae081ffe0,2,2248.431576
2026/02/04/00:33:17,apply-time,rs-000732-hb6gm,25c5eb5a-1b9b-4e35-971c-9e7a2d51f762,3,2248.431576
2026/02/04/00:33:17,apply-time,rs-000733-lv9m6,537bfe17-ead9-49a2-8877-a178f9fa9b9d,2,2248.431576
2026/02/04/00:33:18,running-time,rs-000730-wjvj5,1ac5f8f6-55a3-4d3c-924d-439468f6b3d6,1,2249.431576
2026/02/04/00:33:18,apply-time,rs-000731-q8nxg,366b7f1a-f6e8-486c-9d93-27a9345d4653,2,2249.431576
2026/02/04/00:33:18,apply-time,rs-000734-5k585,4bfd394b-5be3-4e6f-b853-1581d52912d8,1,2249.431576
2026/02/04/00:33:18,apply-time,rs-000735-d94nb,e32926b5-413b-4bfb-95e3-571758691530,4,2249.431576
2026/02/04/00:33:18,apply-time,rs-000735-txm25,15f9534c-fb61-407a-8900-d970057b43ea,4,2250.431576
2026/02/04/00:33:18,apply-time,rs-000736-9js8c,cf02b3c1-d781-43f2-b539-79438f7ad593,2,2249.431576
2026/02/04/00:33:18,apply-time,rs-000737-hkwfz,894c4c3d-47d7-4cc0-a6c6-cb39355aa355,4,2249.431576
2026/02/04/00:33:18,apply-time,rs-000738-4n89j,dacb0017-099c-49eb-9198-61fab48a1fae,1,2250.431576
2026/02/04/00:33:18,apply-time,rs-000739-l4xmq,0d478621-02ea-4061-a49b-5c8447438e19,2,2249.431576
2026/02/04/00:33:19,apply-time,rs-000736-nfjc5,abe1ee7c-9c5a-4864-ab24-ccff00d2dc5f,2,2250.431576
2026/02/04/00:33:19,apply-time,rs-000737-gn4cm,64b4d861-9e3b-4403-ae6e-280fac4750e7,4,2250.431576
2026/02/04/00:33:19,apply-time,rs-000739-c6r6f,748c717d-c2c7-4e5f-94e6-6ecb785665ba,2,2250.431576
2026/02/04/00:33:19,apply-time,rs-000739-sv82c,e8bc8d1f-76a9-4fe3-99c9-09b0d20b226e,2,2250.431576
2026/02/04/00:33:24,running-time,rs-000735-d94nb,e32926b5-413b-4bfb-95e3-571758691530,4,2255.431576
2026/02/04/00:33:24,running-time,rs-000735-txm25,15f9534c-fb61-407a-8900-d970057b43ea,4,2255.431576
2026/02/04/00:33:26,running-time,rs-000727-ztk5m,0894d4dc-30ad-43b5-9606-d7c5775f8f8a,1,2257.431576
2026/02/04/00:33:26,running-time,rs-000739-c6r6f,748c717d-c2c7-4e5f-94e6-6ecb785665ba,2,2257.431576
2026/02/04/00:33:26,running-time,rs-000739-l4xmq,0d478621-02ea-4061-a49b-5c8447438e19,2,2257.431576
2026/02/04/00:33:42,running-time,rs-000727-fggpc,25505f8c-50d4-4cb6-a12e-68ce1da0ec0b,1,2273.431576
2026/02/04/00:33:45,running-time,rs-000731-q8nxg,366b7f1a-f6e8-486c-9d93-27a9345d4653,2,2276.431576
2026/02/04/00:33:55,apply-time,rs-000740-vsh7c,1ec56933-b621-49bc-8725-00f0bf0cc40e,2,2286.431576
2026/02/04/00:33:55,running-time,rs-000740-vsh7c,1ec56933-b621-49bc-8725-00f0bf0cc40e,2,2286.431576
2026/02/04/00:33:55,apply-time,rs-000741-5k2gs,e32d76d3-b816-40e4-92b1-b6306f8d2098,4,2286.431576
2026/02/04/00:33:55,running-time,rs-000741-5k2gs,e32d76d3-b816-40e4-92b1-b6306f8d2098,4,2286.431576
2026/02/04/00:33:55,apply-time,rs-000741-pwbpc,21ea488a-97c4-434f-bc23-07d25584d187,4,2286.431576
2026/02/04/00:33:55,running-time,rs-000741-pwbpc,21ea488a-97c4-434f-bc23-07d25584d187,4,2286.431576
2026/02/04/00:33:55,apply-time,rs-000742-kg9vl,de44089d-afce-43f5-982d-182ec3be0e72,4,2286.431576
2026/02/04/00:33:55,running-time,rs-000742-kg9vl,de44089d-afce-43f5-982d-182ec3be0e72,4,2286.431576
2026/02/04/00:34:03,running-time,rs-000731-gpcrv,54ad3e7d-c442-4541-b4fb-9c1ae081ffe0,2,2294.431576
2026/02/04/00:34:16,apply-time,rs-000743-dxw55,4c5936f0-14d4-4e4b-aaa5-5b709710794f,3,2307.431576
2026/02/04/00:34:16,apply-time,rs-000743-gzft6,3c188a47-131f-4206-b71f-edc3364fea22,3,2307.431576
2026/02/04/00:34:16,running-time,rs-000743-gzft6,3c188a47-131f-4206-b71f-edc3364fea22,3,2307.431576
2026/02/04/00:34:16,apply-time,rs-000743-mcz7t,c4c56a0c-427d-4bcd-8441-5d2bd8437863,3,2307.431576
2026/02/04/00:34:16,running-time,rs-000743-mcz7t,c4c56a0c-427d-4bcd-8441-5d2bd8437863,3,2307.431576
2026/02/04/00:34:16,apply-time,rs-000744-8m5wq,d29771fc-c2e7-44bd-918a-d2f3ad7fb56c,3,2307.431576
2026/02/04/00:34:16,apply-time,rs-000744-f6wkl,830787de-0f57-46ee-aeaf-eac3a4184ff6,3,2307.431576
2026/02/04/00:34:16,apply-time,rs-000745-ffp9j,1741ab24-32d7-4561-9282-b0ab95126039,4,2307.431576
2026/02/04/00:34:16,running-time,rs-000745-ffp9j,1741ab24-32d7-4561-9282-b0ab95126039,4,2307.431576
2026/02/04/00:34:16,apply-time,rs-000746-d756v,a7ff22fd-5f3d-4bf1-82ab-d260ad237bf9,1,2307.431576
2026/02/04/00:34:16,apply-time,rs-000746-dpd5k,1dd4bc71-b909-4bd6-ab3c-a637823b8dc5,1,2307.431576
2026/02/04/00:34:16,apply-time,rs-000747-7hnbj,1b82196f-67ab-42e8-bf26-fb838f0374bd,2,2307.431576
2026/02/04/00:34:16,running-time,rs-000747-7hnbj,1b82196f-67ab-42e8-bf26-fb838f0374bd,2,2307.431576
2026/02/04/00:34:16,apply-time,rs-000748-szqk7,d33eba9f-b8bf-4712-8ead-9b6851edcb98,2,2308.431576
2026/02/04/00:34:16,running-time,rs-000748-szqk7,d33eba9f-b8bf-4712-8ead-9b6851edcb98,2,2308.431576
2026/02/04/00:34:16,apply-time,rs-000748-tf4m2,19190250-ce62-4e61-be10-7668814bab82,2,2307.431576
2026/02/04/00:34:16,running-time,rs-000748-tf4m2,19190250-ce62-4e61-be10-7668814bab82,2,2307.431576
2026/02/04/00:34:16,apply-time,rs-000749-jcncp,a4cd9785-471c-4a5f-b5c1-1cddfe9457ea,1,2307.431576
2026/02/04/00:34:17,apply-time,rs-000750-9zlzz,724b8b3a-8c78-4eec-83be-b0afa5635705,4,2308.431576
2026/02/04/00:34:17,apply-time,rs-000750-lw9t5,955bad82-ea8a-41a0-afd7-586a3ae6f13f,4,2308.431576
2026/02/04/00:34:17,apply-time,rs-000751-55pwg,80a8107e-72e4-4211-833d-185c97aac0a8,3,2308.431576
2026/02/04/00:34:17,apply-time,rs-000751-6ncnx,ea722d4e-48c1-4da5-b56d-b063820efafc,3,2308.431576
2026/02/04/00:34:19,running-time,rs-000743-dxw55,4c5936f0-14d4-4e4b-aaa5-5b709710794f,3,2310.431576
2026/02/04/00:34:59,apply-time,rs-000752-pn68h,b26b5ffe-39f8-4256-9447-f870b25903a3,2,2350.431576
2026/02/04/00:34:59,apply-time,rs-000752-v2qtt,7417d3aa-1ed5-439a-a5f9-59059e7a6e21,2,2350.431576
2026/02/04/00:34:59,apply-time,rs-000752-vv7c7,d9f0b794-32e3-4090-ae12-7e3e2cf014e3,2,2350.431576
2026/02/04/00:34:59,apply-time,rs-000753-7dxqf,44802d89-d9fd-4023-9717-a89c734a988f,3,2350.431576
2026/02/04/00:34:59,running-time,rs-000753-7dxqf,44802d89-d9fd-4023-9717-a89c734a988f,3,2350.431576
2026/02/04/00:34:59,apply-time,rs-000753-spmlq,c24bd117-f758-488f-996c-df3a80668c68,3,2350.431576
2026/02/04/00:34:59,running-time,rs-000753-spmlq,c24bd117-f758-488f-996c-df3a80668c68,3,2350.431576
2026/02/04/00:34:59,apply-time,rs-000753-tkbtw,170353f7-3c96-474b-bea1-c9b371940de4,3,2350.431576
2026/02/04/00:34:59,running-time,rs-000753-tkbtw,170353f7-3c96-474b-bea1-c9b371940de4,3,2350.431576
2026/02/04/00:34:59,apply-time,rs-000754-d4s9f,34a0ec92-1296-472c-8439-b379713f9fcb,2,2350.431576
2026/02/04/00:34:59,running-time,rs-000754-d4s9f,34a0ec92-1296-472c-8439-b379713f9fcb,2,2350.431576
2026/02/04/00:34:59,apply-time,rs-000754-dj8nj,36074a3c-232b-4847-9127-49022c23d056,2,2350.431576
2026/02/04/00:34:59,running-time,rs-000754-dj8nj,36074a3c-232b-4847-9127-49022c23d056,2,2350.431576
2026/02/04/00:34:59,apply-time,rs-000755-p997k,25c7721d-06ba-45b4-9139-3d9f1318a844,3,2350.431576
2026/02/04/00:34:59,running-time,rs-000755-p997k,25c7721d-06ba-45b4-9139-3d9f1318a844,3,2350.431576
2026/02/04/00:34:59,apply-time,rs-000755-vcxz8,0ab9e498-d6c8-441a-93c9-943b20c80177,3,2350.431576
2026/02/04/00:34:59,running-time,rs-000755-vcxz8,0ab9e498-d6c8-441a-93c9-943b20c80177,3,2350.431576
2026/02/04/00:34:59,apply-time,rs-000756-4ngg2,f405e44a-d058-43bf-855a-a07d37fd8770,3,2350.431576
2026/02/04/00:34:59,running-time,rs-000756-4ngg2,f405e44a-d058-43bf-855a-a07d37fd8770,3,2350.431576
2026/02/04/00:34:59,apply-time,rs-000756-9tcsq,8c5f8b5e-d423-41dd-8a3a-f36a54d37421,3,2350.431576
2026/02/04/00:34:59,running-time,rs-000756-9tcsq,8c5f8b5e-d423-41dd-8a3a-f36a54d37421,3,2350.431576
2026/02/04/00:34:59,apply-time,rs-000756-d4mtz,23a7b404-02c6-4f8b-8470-928bf0c50eed,3,2350.431576
2026/02/04/00:34:59,running-time,rs-000756-d4mtz,23a7b404-02c6-4f8b-8470-928bf0c50eed,3,2350.431576
2026/02/04/00:34:59,apply-time,rs-000757-bq8z4,6f20f3a2-e6c8-4d92-9786-c08e9183c0fc,2,2350.431576
2026/02/04/00:34:59,apply-time,rs-000758-xx5sx,61c9f889-7aaa-4a81-8ef6-96c92aec7143,1,2351.431576
2026/02/04/00:34:59,apply-time,rs-000759-cw4w9,55caaba9-2c2d-4c1c-8b06-75a80b93b6a0,1,2351.431576
2026/02/04/00:35:00,apply-time,rs-000758-xlhjf,10252da1-e2e9-4806-91c4-932f511c4173,1,2351.431576
2026/02/04/00:35:00,apply-time,rs-000759-58lv9,b61bbd08-5c9d-4812-b0a1-0bd6a437cda3,1,2351.431576
2026/02/04/00:35:00,running-time,rs-000759-58lv9,b61bbd08-5c9d-4812-b0a1-0bd6a437cda3,1,2351.431576
2026/02/04/00:35:00,running-time,rs-000759-cw4w9,55caaba9-2c2d-4c1c-8b06-75a80b93b6a0,1,2351.431576
2026/02/04/00:35:00,apply-time,rs-000760-dvt4g,aa515313-2b5e-4b51-9f64-63ed81f23968,2,2351.431576
2026/02/04/00:35:00,apply-time,rs-000760-wsdjb,19a122a0-a673-49f5-883b-e39f0f77d10f,2,2351.431576
2026/02/04/00:35:00,running-time,rs-000760-wsdjb,19a122a0-a673-49f5-883b-e39f0f77d10f,2,2351.431576
2026/02/04/00:35:00,apply-time,rs-000760-zgqnh,90780677-a4de-42a2-9b26-3e364f78aa99,2,2351.431576
2026/02/04/00:35:00,running-time,rs-000760-zgqnh,90780677-a4de-42a2-9b26-3e364f78aa99,2,2351.431576
2026/02/04/00:35:00,apply-time,rs-000761-2qm62,8d9a0d23-abf5-4ca0-81f8-241ad4a71bda,2,2351.431576
2026/02/04/00:35:00,running-time,rs-000761-2qm62,8d9a0d23-abf5-4ca0-81f8-241ad4a71bda,2,2351.431576
2026/02/04/00:35:00,apply-time,rs-000761-nj4zj,5edc3cb0-d4d9-4118-963c-5a73d7b0ed57,2,2351.431576
2026/02/04/00:35:00,running-time,rs-000761-nj4zj,5edc3cb0-d4d9-4118-963c-5a73d7b0ed57,2,2351.431576
2026/02/04/00:35:00,apply-time,rs-000762-65qs4,7162c339-c35f-496a-b0a3-211743363ab4,3,2351.431576
2026/02/04/00:35:02,running-time,rs-000757-bq8z4,6f20f3a2-e6c8-4d92-9786-c08e9183c0fc,2,2353.431576
2026/02/04/00:35:02,running-time,rs-000760-dvt4g,aa515313-2b5e-4b51-9f64-63ed81f23968,2,2353.431576
2026/02/04/00:35:03,running-time,rs-000758-xlhjf,10252da1-e2e9-4806-91c4-932f511c4173,1,2354.431576
2026/02/04/00:35:03,apply-time,rs-000763-52cnc,959fb0c5-5278-4367-a78c-694b57977d57,2,2355.431576
2026/02/04/00:35:03,running-time,rs-000763-52cnc,959fb0c5-5278-4367-a78c-694b57977d57,2,2355.431576
2026/02/04/00:35:04,apply-time,rs-000764-xvt4m,dbface7c-51fb-4a1e-bd1c-da947d5b4576,1,2355.431576
2026/02/04/00:35:04,apply-time,rs-000765-5pj9n,02de0369-0119-473e-8c18-bcc07bcfc36d,2,2355.431576
2026/02/04/00:35:04,running-time,rs-000765-5pj9n,02de0369-0119-473e-8c18-bcc07bcfc36d,2,2355.431576
2026/02/04/00:35:05,apply-time,rs-000766-9jfmk,0774c13e-f713-49fd-b908-c4b1187cce39,4,2356.431576
2026/02/04/00:35:05,apply-time,rs-000766-hcn5r,b18b02fd-6cf2-41f5-963f-1db8a9295736,4,2356.431576
2026/02/04/00:35:15,apply-time,rs-000767-4pq7b,306c286e-0908-45e3-943c-83457059901e,2,2366.431576
2026/02/04/00:35:15,running-time,rs-000767-4pq7b,306c286e-0908-45e3-943c-83457059901e,2,2366.431576
2026/02/04/00:35:15,apply-time,rs-000767-ctzsh,c3be190e-ca56-4697-a9d0-03e9d63509e1,2,2366.431576
2026/02/04/00:35:15,running-time,rs-000767-ctzsh,c3be190e-ca56-4697-a9d0-03e9d63509e1,2,2366.431576
2026/02/04/00:35:15,apply-time,rs-000767-lnrck,b9cd9350-e6b0-48fe-a3f9-d0ed4248bb66,2,2366.431576
2026/02/04/00:35:15,running-time,rs-000767-lnrck,b9cd9350-e6b0-48fe-a3f9-d0ed4248bb66,2,2366.431576
2026/02/04/00:35:19,apply-time,rs-000768-7dplb,c46c08b7-9e5c-46b1-b06a-ec7308bc7693,2,2370.431576
2026/02/04/00:35:19,running-time,rs-000768-7dplb,c46c08b7-9e5c-46b1-b06a-ec7308bc7693,2,2370.431576
2026/02/04/00:35:19,apply-time,rs-000768-fkwbt,05fd124f-3ff1-41f1-82d3-1b8f1d0aa6d7,2,2370.431576
2026/02/04/00:35:19,running-time,rs-000768-fkwbt,05fd124f-3ff1-41f1-82d3-1b8f1d0aa6d7,2,2370.431576
2026/02/04/00:35:19,apply-time,rs-000768-g42f2,ef36f78b-15b7-47af-8d31-cba8b6ed2f59,2,2370.431576
2026/02/04/00:35:19,running-time,rs-000768-g42f2,ef36f78b-15b7-47af-8d31-cba8b6ed2f59,2,2370.431576
2026/02/04/00:35:19,apply-time,rs-000769-8tf9n,41619f9e-6a7a-4cf1-b601-33f0fdfa2514,2,2370.431576
2026/02/04/00:35:19,apply-time,rs-000769-fdkz2,f23d84e7-5e47-4835-b1c5-8fb43025563f,2,2370.431576
2026/02/04/00:35:20,apply-time,rs-000770-7zws9,5b41b90f-7f68-4916-bc5c-8d975f6b2e3d,3,2371.431576
2026/02/04/00:35:20,running-time,rs-000770-7zws9,5b41b90f-7f68-4916-bc5c-8d975f6b2e3d,3,2371.431576
2026/02/04/00:35:20,apply-time,rs-000771-n48ck,fa2c8f04-5ecf-43ba-9ee9-eeaba0b8eb01,1,2371.431576
2026/02/04/00:35:20,running-time,rs-000771-n48ck,fa2c8f04-5ecf-43ba-9ee9-eeaba0b8eb01,1,2371.431576
2026/02/04/00:35:21,running-time,rs-000769-8tf9n,41619f9e-6a7a-4cf1-b601-33f0fdfa2514,2,2372.431576
2026/02/04/00:35:21,apply-time,rs-000772-blmp4,841e80c2-a2b5-4aeb-a037-a2d9dbd0c57f,3,2372.431576
2026/02/04/00:35:21,apply-time,rs-000772-cw4g7,43bcaea8-21af-40df-835f-0ab8dde86c19,3,2372.431576
2026/02/04/00:35:21,running-time,rs-000772-cw4g7,43bcaea8-21af-40df-835f-0ab8dde86c19,3,2372.431576
2026/02/04/00:35:21,apply-time,rs-000772-t75l9,60719b83-c0bb-4334-93d1-9f9b0fac0726,3,2372.431576
2026/02/04/00:35:21,running-time,rs-000772-t75l9,60719b83-c0bb-4334-93d1-9f9b0fac0726,3,2372.431576
2026/02/04/00:35:23,running-time,rs-000766-hcn5r,b18b02fd-6cf2-41f5-963f-1db8a9295736,4,2375.431576
2026/02/04/00:35:23,running-time,rs-000772-blmp4,841e80c2-a2b5-4aeb-a037-a2d9dbd0c57f,3,2374.431576
2026/02/04/00:35:23,apply-time,rs-000773-9cts7,96c72f31-7b54-42e8-839f-20d6f630c8f7,1,2374.431576
2026/02/04/00:35:23,apply-time,rs-000773-pjjzw,3a8d5dd5-8398-46fc-85ed-cb41ab298dd9,1,2374.431576
2026/02/04/00:35:23,apply-time,rs-000774-wrkbd,52d7c4c4-91ff-45f3-9a2e-3f3a25bcf0b3,3,2374.431576
2026/02/04/00:35:23,running-time,rs-000774-wrkbd,52d7c4c4-91ff-45f3-9a2e-3f3a25bcf0b3,3,2374.431576
2026/02/04/00:35:23,apply-time,rs-000775-kszgq,694bf80c-499b-4dcd-a12b-69e10669c17d,1,2374.431576
2026/02/04/00:35:23,running-time,rs-000775-kszgq,694bf80c-499b-4dcd-a12b-69e10669c17d,1,2375.431576
2026/02/04/00:35:23,apply-time,rs-000775-qvp9n,2b500c1b-f80e-4854-ae7f-3b377793cd70,1,2374.431576
2026/02/04/00:35:26,running-time,rs-000766-9jfmk,0774c13e-f713-49fd-b908-c4b1187cce39,4,2376.431576
2026/02/04/00:35:43,apply-time,rs-000776-8z2tz,f952b24b-8655-48c3-8ed0-9240188e323a,3,2395.431576
2026/02/04/00:35:43,apply-time,rs-000776-cnmwf,406d91ac-2618-4d0d-b668-ac7f7dce993b,3,2395.431576
2026/02/04/00:35:43,apply-time,rs-000777-cnwc7,a45b60e2-aee5-4b39-abb9-49f8c9896af0,2,2395.431576
2026/02/04/00:35:43,running-time,rs-000777-cnwc7,a45b60e2-aee5-4b39-abb9-49f8c9896af0,2,2395.431576
2026/02/04/00:35:43,apply-time,rs-000777-x72ll,47abebb0-a4c2-4588-aca3-c11dcd2bf998,2,2395.431576
2026/02/04/00:35:43,running-time,rs-000777-x72ll,47abebb0-a4c2-4588-aca3-c11dcd2bf998,2,2395.431576
2026/02/04/00:35:43,apply-time,rs-000778-hjpfw,bdd000aa-f645-4222-82eb-eaf36af9c6d6,3,2395.431576
2026/02/04/00:35:43,apply-time,rs-000779-7pqjh,99e4ae6a-32d3-43fb-878d-878ea2343b2b,1,2395.431576
2026/02/04/00:35:43,running-time,rs-000779-7pqjh,99e4ae6a-32d3-43fb-878d-878ea2343b2b,1,2395.431576
2026/02/04/00:35:43,apply-time,rs-000779-tgqqh,7046cf79-b3aa-4120-97a6-52a5f19bd06f,1,2395.431576
2026/02/04/00:35:43,running-time,rs-000779-tgqqh,7046cf79-b3aa-4120-97a6-52a5f19bd06f,1,2395.431576
2026/02/04/00:35:43,apply-time,rs-000779-vmv2t,7cbcb9ee-1cb5-4cda-902d-ebeb3381f72f,1,2395.431576
2026/02/04/00:35:43,running-time,rs-000779-vmv2t,7cbcb9ee-1cb5-4cda-902d-ebeb3381f72f,1,2395.431576
2026/02/04/00:35:43,apply-time,rs-000780-cwsp4,3f87955f-61df-440b-8f3e-27ca2f8149f5,3,2395.431576
2026/02/04/00:35:43,running-time,rs-000780-cwsp4,3f87955f-61df-440b-8f3e-27ca2f8149f5,3,2395.431576
2026/02/04/00:35:44,running-time,rs-000776-8z2tz,f952b24b-8655-48c3-8ed0-9240188e323a,3,2396.431576
2026/02/04/00:35:44,running-time,rs-000776-cnmwf,406d91ac-2618-4d0d-b668-ac7f7dce993b,3,2396.431576
2026/02/04/00:35:44,apply-time,rs-000781-9q9fd,de4b2779-55e8-4186-978c-523e4d84f2cb,2,2396.431576
2026/02/04/00:35:44,running-time,rs-000781-9q9fd,de4b2779-55e8-4186-978c-523e4d84f2cb,2,2396.431576
2026/02/04/00:35:44,apply-time,rs-000781-dlkl8,aa1e0145-e002-4410-b10b-52fb9a2ad4af,2,2396.431576
2026/02/04/00:35:44,running-time,rs-000781-dlkl8,aa1e0145-e002-4410-b10b-52fb9a2ad4af,2,2396.431576
2026/02/04/00:35:44,apply-time,rs-000781-vx9hr,679fb90a-36dd-47aa-89e5-b987521e4ba9,2,2395.431576
2026/02/04/00:35:44,running-time,rs-000781-vx9hr,679fb90a-36dd-47aa-89e5-b987521e4ba9,2,2395.431576
2026/02/04/00:35:44,apply-time,rs-000782-lzmt8,b521dfd9-fa2d-4dfe-a3fa-375086a4ef17,4,2395.431576
2026/02/04/00:35:44,running-time,rs-000782-lzmt8,b521dfd9-fa2d-4dfe-a3fa-375086a4ef17,4,2395.431576
2026/02/04/00:35:44,apply-time,rs-000782-r5lkn,0683b2da-9499-4452-9d84-196e1ca42ded,4,2396.431576
2026/02/04/00:35:44,apply-time,rs-000783-gqszk,8475088a-571f-4689-a655-4edbc5b740fb,2,2395.431576
2026/02/04/00:35:44,running-time,rs-000783-gqszk,8475088a-571f-4689-a655-4edbc5b740fb,2,2395.431576
2026/02/04/00:35:44,apply-time,rs-000783-mqv8l,97a11376-dbc7-4708-a323-3d13b50ce10d,2,2396.431576
2026/02/04/00:35:44,running-time,rs-000783-mqv8l,97a11376-dbc7-4708-a323-3d13b50ce10d,2,2396.431576
2026/02/04/00:35:44,apply-time,rs-000783-nqbxs,08cc56d6-8ace-4c77-9269-ed2f797794c8,2,2396.431576
2026/02/04/00:35:44,running-time,rs-000783-nqbxs,08cc56d6-8ace-4c77-9269-ed2f797794c8,2,2396.431576
2026/02/04/00:35:44,apply-time,rs-000784-ctbhs,8dbdcf2b-520e-4433-ba43-b6f92bc07194,4,2396.431576
2026/02/04/00:35:45,running-time,rs-000784-ctbhs,8dbdcf2b-520e-4433-ba43-b6f92bc07194,4,2396.431576
2026/02/04/00:35:45,apply-time,rs-000784-xg7lh,a39a41c3-664a-4e80-b6ca-2416e7626a31,4,2396.431576
2026/02/04/00:35:45,running-time,rs-000784-xg7lh,a39a41c3-664a-4e80-b6ca-2416e7626a31,4,2397.431576
2026/02/04/00:35:45,apply-time,rs-000784-xjr2f,a5b92fea-e713-438f-86f9-019030063e5f,4,2396.431576
2026/02/04/00:35:45,apply-time,rs-000785-2ps8p,93c0db2f-a1e1-4719-9a8b-acc605c8b301,3,2396.431576
2026/02/04/00:35:45,apply-time,rs-000785-xjmfs,b2754c9e-eb3e-489c-ae6d-dea410e98da3,3,2397.431576
2026/02/04/00:35:45,apply-time,rs-000786-gknlw,1381fce8-cf6c-4a13-9647-50b1c5c8bbc1,2,2397.431576
2026/02/04/00:35:45,apply-time,rs-000786-kbm2f,48950c00-35e5-41df-89aa-48472edd7585,2,2396.431576
2026/02/04/00:35:45,apply-time,rs-000786-zg58k,956e1fd9-249f-4789-9184-335ab0006958,2,2397.431576
2026/02/04/00:35:46,running-time,rs-000782-r5lkn,0683b2da-9499-4452-9d84-196e1ca42ded,4,2398.431576
2026/02/04/00:35:46,running-time,rs-000784-xjr2f,a5b92fea-e713-438f-86f9-019030063e5f,4,2398.431576
2026/02/04/00:36:29,apply-time,rs-000787-gjvhr,d7696151-ac07-4883-97fb-e27ab677ead6,1,2440.431576
2026/02/04/00:36:29,running-time,rs-000787-gjvhr,d7696151-ac07-4883-97fb-e27ab677ead6,1,2441.431576
2026/02/04/00:36:29,apply-time,rs-000787-n7psx,69585627-65f5-4fed-a787-02cb7fbe0de8,1,2440.431576
2026/02/04/00:36:29,running-time,rs-000787-n7psx,69585627-65f5-4fed-a787-02cb7fbe0de8,1,2441.431576
2026/02/04/00:36:30,apply-time,rs-000788-729fp,9fd9d8c9-5f76-4b45-be69-f907f09dc973,2,2442.431576
2026/02/04/00:36:30,running-time,rs-000788-729fp,9fd9d8c9-5f76-4b45-be69-f907f09dc973,2,2442.431576
2026/02/04/00:36:30,apply-time,rs-000788-g9ttg,d646eafc-c353-42cf-bc9b-77a54ce50805,2,2442.431576
2026/02/04/00:36:30,running-time,rs-000788-g9ttg,d646eafc-c353-42cf-bc9b-77a54ce50805,2,2442.431576
2026/02/04/00:36:30,apply-time,rs-000789-7mdcg,fc62534b-4495-4aed-b7ad-54a679ec66f3,2,2442.431576
2026/02/04/00:36:30,running-time,rs-000789-7mdcg,fc62534b-4495-4aed-b7ad-54a679ec66f3,2,2442.431576
2026/02/04/00:36:30,apply-time,rs-000790-4jhfj,e958997e-a41a-477b-a669-bd10a1c4d8ef,1,2442.431576
2026/02/04/00:36:30,running-time,rs-000790-4jhfj,e958997e-a41a-477b-a669-bd10a1c4d8ef,1,2442.431576
2026/02/04/00:36:30,apply-time,rs-000790-87k5v,18399c77-2c18-402b-abab-b9dec6eed9d6,1,2442.431576
2026/02/04/00:36:30,running-time,rs-000790-87k5v,18399c77-2c18-402b-abab-b9dec6eed9d6,1,2442.431576
2026/02/04/00:36:43,apply-time,rs-000791-bksrg,c99e5bca-dd07-4cdd-b405-3a0e2de9625a,1,2455.431576
2026/02/04/00:36:43,running-time,rs-000791-bksrg,c99e5bca-dd07-4cdd-b405-3a0e2de9625a,1,2455.431576
2026/02/04/00:36:43,apply-time,rs-000791-q6v5b,05ddab7a-af6b-4d6d-8a4f-32885286dca2,1,2455.431576
2026/02/04/00:36:43,running-time,rs-000791-q6v5b,05ddab7a-af6b-4d6d-8a4f-32885286dca2,1,2455.431576
2026/02/04/00:36:46,apply-time,rs-000792-8nmbx,6e1e4be5-1470-4073-82ba-bbbe71f6b98c,3,2457.431576
2026/02/04/00:36:46,running-time,rs-000792-8nmbx,6e1e4be5-1470-4073-82ba-bbbe71f6b98c,3,2457.431576
2026/02/04/00:36:46,apply-time,rs-000793-kc9r2,92a175e7-0e99-43fb-8b27-46f3eb93c9b9,1,2457.431576
2026/02/04/00:36:46,running-time,rs-000793-kc9r2,92a175e7-0e99-43fb-8b27-46f3eb93c9b9,1,2457.431576
2026/02/04/00:36:46,apply-time,rs-000793-mq48f,b38689cf-2435-4159-b65c-0cec23320007,1,2457.431576
2026/02/04/00:36:46,running-time,rs-000793-mq48f,b38689cf-2435-4159-b65c-0cec23320007,1,2457.431576
2026/02/04/00:36:46,apply-time,rs-000793-zvrnm,882e300c-3754-4273-bed1-c2bf29a682ac,1,2457.431576
2026/02/04/00:36:46,running-time,rs-000793-zvrnm,882e300c-3754-4273-bed1-c2bf29a682ac,1,2457.431576
2026/02/04/00:36:46,apply-time,rs-000794-bjxrf,7791d98d-b45c-4060-8c07-281bbda07193,2,2457.431576
2026/02/04/00:36:46,apply-time,rs-000794-gv8xz,f66a99d6-2fc1-4013-a538-60fc1dd98ac1,2,2457.431576
2026/02/04/00:36:46,apply-time,rs-000795-2nkx7,d79c0cbe-3e25-42d0-a8f5-8b28be2bbddb,2,2457.431576
2026/02/04/00:36:46,apply-time,rs-000795-r7tzh,1067e425-2fee-49d0-ab59-5909ef8b9cbc,2,2457.431576
2026/02/04/00:36:46,apply-time,rs-000796-6ms57,3259de9c-cb15-4afc-a4f5-56dff4a0d996,2,2457.431576
2026/02/04/00:36:46,running-time,rs-000796-6ms57,3259de9c-cb15-4afc-a4f5-56dff4a0d996,2,2457.431576
2026/02/04/00:36:46,apply-time,rs-000796-gpvf6,c461c201-0d74-4212-b5c9-dedfbd86b21c,2,2457.431576
2026/02/04/00:36:46,running-time,rs-000796-gpvf6,c461c201-0d74-4212-b5c9-dedfbd86b21c,2,2457.431576
2026/02/04/00:36:46,apply-time,rs-000797-kn4j8,b8ea1d2d-ac80-4c77-96e8-66d31c793851,1,2458.431576
2026/02/04/00:36:46,apply-time,rs-000797-mnbmp,ac630204-ad01-4b1e-87bc-489fcd534d9e,1,2458.431576
2026/02/04/00:36:46,apply-time,rs-000797-qvf7w,ac025ca0-f358-479d-8594-c337f3bc62bf,1,2457.431576
2026/02/04/00:36:46,apply-time,rs-000798-5x2vr,795620d8-609e-4e76-9f5d-000796fde039,2,2458.431576
2026/02/04/00:36:46,running-time,rs-000798-5x2vr,795620d8-609e-4e76-9f5d-000796fde039,2,2458.431576
2026/02/04/00:36:46,apply-time,rs-000799-nznpc,067c07d0-cb61-494d-86d9-66d4e2207362,1,2458.431576
2026/02/04/00:36:46,running-time,rs-000799-nznpc,067c07d0-cb61-494d-86d9-66d4e2207362,1,2458.431576
2026/02/04/00:36:46,apply-time,rs-000801-hszph,a31d8f77-6460-4382-9283-6315020a3656,2,2458.431576
2026/02/04/00:36:46,apply-time,rs-000801-pfgjb,e4652842-0416-4f22-8d04-ab4eb763dd52,2,2458.431576
2026/02/04/00:36:47,apply-time,rs-000799-6c4k6,03d5aaa7-c0cf-40e8-a91a-06d0b4797888,1,2458.431576
2026/02/04/00:36:47,running-time,rs-000799-6c4k6,03d5aaa7-c0cf-40e8-a91a-06d0b4797888,1,2458.431576
2026/02/04/00:36:47,apply-time,rs-000800-fqx48,18ac318c-0545-4452-b4a3-ea3062aa638a,4,2458.431576
2026/02/04/00:36:47,running-time,rs-000800-fqx48,18ac318c-0545-4452-b4a3-ea3062aa638a,4,2458.431576
2026/02/04/00:36:47,apply-time,rs-000800-n4qwb,72be1e5c-42ca-42a7-af5e-2ecd3e8c2d30,4,2458.431576
2026/02/04/00:36:47,running-time,rs-000800-n4qwb,72be1e5c-42ca-42a7-af5e-2ecd3e8c2d30,4,2458.431576
2026/02/04/00:36:47,apply-time,rs-000802-fjjjv,45059501-f941-4f86-81bc-9a8ecbe51438,1,2458.431576
2026/02/04/00:36:47,apply-time,rs-000802-thmdb,40c0441e-1e72-4fc9-8710-fd0a8748e40c,1,2458.431576
2026/02/04/00:36:52,apply-time,rs-000803-2626t,91479438-e98d-40fb-b312-971308b15e58,1,2463.431576
2026/02/04/00:36:52,running-time,rs-000803-2626t,91479438-e98d-40fb-b312-971308b15e58,1,2463.431576
2026/02/04/00:36:52,apply-time,rs-000803-nmgmg,f9c807ed-de7d-4b4f-a85b-9b17cff955d0,1,2463.431576
2026/02/04/00:36:52,running-time,rs-000803-nmgmg,f9c807ed-de7d-4b4f-a85b-9b17cff955d0,1,2463.431576
2026/02/04/00:36:52,apply-time,rs-000804-28pdj,829affdc-5e88-4b52-a887-79dd4811c935,1,2463.431576
2026/02/04/00:36:52,apply-time,rs-000804-9d64v,edc6e03b-7ecd-4c36-98b8-bcce541c8e5b,1,2463.431576
2026/02/04/00:36:52,apply-time,rs-000804-v8kqv,c9d6557d-a8d1-4bde-aa5c-938d967612de,1,2463.431576
2026/02/04/00:36:52,apply-time,rs-000805-h4g5h,52344b10-a3dc-47cb-b7a5-95a4d8a08f93,2,2463.431576
2026/02/04/00:36:52,running-time,rs-000805-h4g5h,52344b10-a3dc-47cb-b7a5-95a4d8a08f93,2,2463.431576
2026/02/04/00:36:52,apply-time,rs-000805-zr59t,fce5ea71-d0db-46c1-8f38-df96256c40bd,2,2463.431576
2026/02/04/00:36:52,running-time,rs-000805-zr59t,fce5ea71-d0db-46c1-8f38-df96256c40bd,2,2463.431576
2026/02/04/00:36:52,apply-time,rs-000806-5qjhv,40adc6d7-2657-4570-8993-99e5b6638fd0,3,2463.431576
2026/02/04/00:36:52,running-time,rs-000806-5qjhv,40adc6d7-2657-4570-8993-99e5b6638fd0,3,2463.431576
2026/02/04/00:36:52,apply-time,rs-000806-876ls,6fcb6926-7bcb-483b-abeb-5b25d5dbee48,3,2463.431576
2026/02/04/00:36:52,running-time,rs-000806-876ls,6fcb6926-7bcb-483b-abeb-5b25d5dbee48,3,2464.431576
2026/02/04/00:36:54,running-time,rs-000804-v8kqv,c9d6557d-a8d1-4bde-aa5c-938d967612de,1,2466.431576
2026/02/04/00:36:57,running-time,rs-000804-28pdj,829affdc-5e88-4b52-a887-79dd4811c935,1,2469.431576
2026/02/04/00:37:05,running-time,rs-000804-9d64v,edc6e03b-7ecd-4c36-98b8-bcce541c8e5b,1,2476.431576
2026/02/04/00:37:30,apply-time,rs-000807-6lfhd,2c4c0e0f-5f43-4ffa-9cc4-a7ae1862d63f,1,2501.431576
2026/02/04/00:37:30,running-time,rs-000807-6lfhd,2c4c0e0f-5f43-4ffa-9cc4-a7ae1862d63f,1,2501.431576
2026/02/04/00:37:30,apply-time,rs-000807-7tdpc,b0be1946-4da8-4e43-b965-a5c3a3a746ad,1,2501.431576
2026/02/04/00:37:30,running-time,rs-000807-7tdpc,b0be1946-4da8-4e43-b965-a5c3a3a746ad,1,2501.431576
2026/02/04/00:37:30,apply-time,rs-000807-gdbcp,6f326818-e254-4566-999c-e41b1eda496c,1,2501.431576
2026/02/04/00:37:30,running-time,rs-000807-gdbcp,6f326818-e254-4566-999c-e41b1eda496c,1,2501.431576
2026/02/04/00:37:30,apply-time,rs-000808-qczsd,2d61b82c-efbf-4f50-bc7d-1a08ef1d6223,1,2501.431576
2026/02/04/00:37:30,running-time,rs-000808-qczsd,2d61b82c-efbf-4f50-bc7d-1a08ef1d6223,1,2501.431576
2026/02/04/00:37:30,apply-time,rs-000808-tdg55,cf11d237-7676-4eba-a9dd-bf371e783f6a,1,2501.431576
2026/02/04/00:37:30,running-time,rs-000808-tdg55,cf11d237-7676-4eba-a9dd-bf371e783f6a,1,2501.431576
2026/02/04/00:37:30,apply-time,rs-000809-gcvvg,75a3891c-76c0-493e-8473-b01151b80fa1,1,2501.431576
2026/02/04/00:37:30,running-time,rs-000809-gcvvg,75a3891c-76c0-493e-8473-b01151b80fa1,1,2501.431576
2026/02/04/00:38:17,apply-time,rs-000810-bdlqb,224b6294-de2b-409e-b28e-b68523dd71ed,3,2549.431576
2026/02/04/00:38:17,running-time,rs-000810-bdlqb,224b6294-de2b-409e-b28e-b68523dd71ed,3,2549.431576
2026/02/04/00:38:17,apply-time,rs-000810-f76fx,a57551eb-cf40-4272-a6a1-49811bf15768,3,2549.431576
2026/02/04/00:38:17,running-time,rs-000810-f76fx,a57551eb-cf40-4272-a6a1-49811bf15768,3,2549.431576
2026/02/04/00:38:17,apply-time,rs-000811-cvc96,d6bcb90e-8d83-45f2-832e-641c88a5f0db,1,2549.431576
2026/02/04/00:38:17,running-time,rs-000811-cvc96,d6bcb90e-8d83-45f2-832e-641c88a5f0db,1,2549.431576
2026/02/04/00:38:17,apply-time,rs-000811-z4bpw,9b912147-7dc7-4381-9942-0f800b681bc2,1,2549.431576
2026/02/04/00:38:17,running-time,rs-000811-z4bpw,9b912147-7dc7-4381-9942-0f800b681bc2,1,2549.431576
2026/02/04/00:38:17,apply-time,rs-000812-7mj96,4847856c-abd2-4152-a999-e0cf55522325,4,2549.431576
2026/02/04/00:38:17,running-time,rs-000812-7mj96,4847856c-abd2-4152-a999-e0cf55522325,4,2549.431576
2026/02/04/00:38:17,apply-time,rs-000812-x6986,716bf780-94fe-474f-9b0d-476fe5b76f6f,4,2549.431576
2026/02/04/00:38:17,apply-time,rs-000813-l2zrr,7ebc53cb-9a03-43f0-9a5d-c168eccb0116,4,2549.431576
2026/02/04/00:38:17,running-time,rs-000813-l2zrr,7ebc53cb-9a03-43f0-9a5d-c168eccb0116,4,2549.431576
2026/02/04/00:38:17,apply-time,rs-000813-qn6s5,954d38ea-25d5-46e4-a6ad-5dc7cb2cf030,4,2549.431576
2026/02/04/00:38:17,running-time,rs-000813-qn6s5,954d38ea-25d5-46e4-a6ad-5dc7cb2cf030,4,2549.431576
2026/02/04/00:38:33,running-time,rs-000812-x6986,716bf780-94fe-474f-9b0d-476fe5b76f6f,4,2565.431576
2026/02/04/00:38:41,apply-time,rs-000814-srlff,9305250e-9edd-469f-ad49-a28605574b76,1,2572.431576
2026/02/04/00:38:41,running-time,rs-000814-srlff,9305250e-9edd-469f-ad49-a28605574b76,1,2572.431576
2026/02/04/00:38:41,apply-time,rs-000815-6p6k9,fa6188da-2756-4aca-80df-23b132394289,4,2572.431576
2026/02/04/00:38:41,running-time,rs-000815-6p6k9,fa6188da-2756-4aca-80df-23b132394289,4,2572.431576
2026/02/04/00:38:41,apply-time,rs-000816-xwvmr,647841c5-a3d3-48c6-9613-5cafdd8984dc,4,2572.431576
2026/02/04/00:38:41,running-time,rs-000816-xwvmr,647841c5-a3d3-48c6-9613-5cafdd8984dc,4,2572.431576
2026/02/04/00:38:52,apply-time,rs-000817-7q4zv,513fe8b5-a3b4-4f03-b713-991400a82a25,2,2584.431576
2026/02/04/00:38:52,running-time,rs-000817-7q4zv,513fe8b5-a3b4-4f03-b713-991400a82a25,2,2584.431576
2026/02/04/00:38:52,apply-time,rs-000818-g2f6x,99abccf9-80d5-4b83-a4ab-bce2a5c4148a,4,2584.431576
2026/02/04/00:38:52,running-time,rs-000818-g2f6x,99abccf9-80d5-4b83-a4ab-bce2a5c4148a,4,2584.431576
2026/02/04/00:38:52,apply-time,rs-000819-hzzfc,cb551321-8126-48f5-8f3a-30d810acb1a2,2,2584.431576
2026/02/04/00:38:52,running-time,rs-000819-hzzfc,cb551321-8126-48f5-8f3a-30d810acb1a2,2,2584.431576
2026/02/04/00:38:52,apply-time,rs-000819-prwff,7abe4d41-93f4-4125-ba88-c71a6df1e84d,2,2584.431576
2026/02/04/00:38:52,running-time,rs-000819-prwff,7abe4d41-93f4-4125-ba88-c71a6df1e84d,2,2584.431576
2026/02/04/00:38:52,apply-time,rs-000819-zpm6j,8072b131-c21e-43bc-bf5d-ad68f8c13860,2,2584.431576
2026/02/04/00:38:52,running-time,rs-000819-zpm6j,8072b131-c21e-43bc-bf5d-ad68f8c13860,2,2584.431576
2026/02/04/00:38:52,apply-time,rs-000820-7krsn,6c4b4368-0a4a-4637-98f0-c764547bb2a1,4,2584.431576
2026/02/04/00:38:52,apply-time,rs-000820-ftnjr,c106a3eb-dc21-4cf9-8446-1f1add97250c,4,2584.431576
2026/02/04/00:38:52,running-time,rs-000820-ftnjr,c106a3eb-dc21-4cf9-8446-1f1add97250c,4,2584.431576
2026/02/04/00:38:52,apply-time,rs-000820-rsw76,7fc5ac82-3654-4b25-91c9-53c7991b437d,4,2584.431576
2026/02/04/00:38:53,apply-time,rs-000821-cbsl4,13e4b49d-5b9e-49a1-bff0-b09f504886f4,2,2585.431576
2026/02/04/00:38:53,running-time,rs-000821-cbsl4,13e4b49d-5b9e-49a1-bff0-b09f504886f4,2,2585.431576
2026/02/04/00:38:53,apply-time,rs-000821-f95bm,7d78a6ec-01e6-447e-9e35-4223c78e1069,2,2585.431576
2026/02/04/00:38:53,running-time,rs-000821-f95bm,7d78a6ec-01e6-447e-9e35-4223c78e1069,2,2585.431576
2026/02/04/00:38:53,apply-time,rs-000822-vfsxn,7aa89ea1-69b6-4105-a949-d03ff612f386,3,2585.431576
2026/02/04/00:38:53,running-time,rs-000822-vfsxn,7aa89ea1-69b6-4105-a949-d03ff612f386,3,2585.431576
2026/02/04/00:38:53,apply-time,rs-000823-6dplq,e7a35eed-43d9-4193-816c-00bd5918afb1,1,2585.431576
2026/02/04/00:38:53,running-time,rs-000823-6dplq,e7a35eed-43d9-4193-816c-00bd5918afb1,1,2585.431576
2026/02/04/00:38:53,apply-time,rs-000824-vq775,9541b9c6-6cb0-415e-9c94-0019a858c05d,1,2585.431576
2026/02/04/00:38:54,apply-time,rs-000823-4hjsg,f38780f7-a827-47c2-9bd3-a0058b5f8411,1,2585.431576
2026/02/04/00:38:54,running-time,rs-000823-4hjsg,f38780f7-a827-47c2-9bd3-a0058b5f8411,1,2585.431576
2026/02/04/00:38:54,apply-time,rs-000823-5rpwd,39c3fb36-6109-4386-8e29-798e07639902,1,2585.431576
2026/02/04/00:38:54,running-time,rs-000823-5rpwd,39c3fb36-6109-4386-8e29-798e07639902,1,2585.431576
2026/02/04/00:38:54,apply-time,rs-000824-r5cjd,1a4bbef3-f916-4d65-915e-516211fcb6e7,1,2585.431576
2026/02/04/00:38:54,apply-time,rs-000825-m6ddz,9c6b7f99-812f-4015-99ea-0d31eb6e34ac,2,2586.431576
2026/02/04/00:38:54,apply-time,rs-000826-8tl8p,cd816f90-843c-48e9-bc61-0a780291fe71,2,2586.431576
2026/02/04/00:38:54,running-time,rs-000826-8tl8p,cd816f90-843c-48e9-bc61-0a780291fe71,2,2586.431576
2026/02/04/00:38:54,apply-time,rs-000826-gmdv9,116e4641-f6bb-43ad-838b-ce21b68a6075,2,2586.431576
2026/02/04/00:38:54,running-time,rs-000826-gmdv9,116e4641-f6bb-43ad-838b-ce21b68a6075,2,2586.431576
2026/02/04/00:38:54,apply-time,rs-000827-b2bjj,d5218bc4-2664-4f71-bca0-babf162b0e5b,3,2585.431576
2026/02/04/00:38:54,running-time,rs-000827-b2bjj,d5218bc4-2664-4f71-bca0-babf162b0e5b,3,2585.431576
2026/02/04/00:38:54,apply-time,rs-000827-ct6w5,b586a0b0-1ae1-4eee-8b21-e74a05f3c020,3,2586.431576
2026/02/04/00:38:54,running-time,rs-000827-ct6w5,b586a0b0-1ae1-4eee-8b21-e74a05f3c020,3,2586.431576
2026/02/04/00:38:54,apply-time,rs-000827-qtkwz,a522181a-f8b2-4515-bcad-789ae2943573,3,2586.431576
2026/02/04/00:38:54,running-time,rs-000827-qtkwz,a522181a-f8b2-4515-bcad-789ae2943573,3,2586.431576
2026/02/04/00:38:54,apply-time,rs-000828-9gsgk,30d8b422-9fae-4adc-a6b4-9ad0679738ea,1,2585.431576
2026/02/04/00:38:54,running-time,rs-000828-9gsgk,30d8b422-9fae-4adc-a6b4-9ad0679738ea,1,2586.431576
2026/02/04/00:38:54,apply-time,rs-000829-96qgt,2a17addb-dd7e-483d-bc30-eee8d2543dc3,3,2585.431576
2026/02/04/00:38:54,running-time,rs-000829-96qgt,2a17addb-dd7e-483d-bc30-eee8d2543dc3,3,2585.431576
2026/02/04/00:38:55,apply-time,rs-000830-c9mfp,fc122eea-94a1-4352-b408-036b0b0cdb84,3,2586.431576
2026/02/04/00:38:55,apply-time,rs-000831-lvdjb,85a0cd63-8cef-413a-a47d-45c2d5b77e47,3,2587.431576
2026/02/04/00:38:55,apply-time,rs-000831-r9cf4,676036f4-9ed5-489b-b2cf-3b110eae0b52,3,2587.431576
2026/02/04/00:38:55,apply-time,rs-000832-5xrd7,f04a6d30-2789-41c4-a1cc-a3e01bf1d900,1,2587.431576
2026/02/04/00:38:55,running-time,rs-000832-5xrd7,f04a6d30-2789-41c4-a1cc-a3e01bf1d900,1,2587.431576
2026/02/04/00:38:55,apply-time,rs-000832-p9qrl,043dce9e-8987-42cb-8b96-88770bc937ff,1,2586.431576
2026/02/04/00:38:55,running-time,rs-000832-p9qrl,043dce9e-8987-42cb-8b96-88770bc937ff,1,2586.431576
2026/02/04/00:38:55,apply-time,rs-000833-pkv7j,e4563a5d-4ed9-4578-b191-6b3fa7d6c561,2,2586.431576
2026/02/04/00:38:55,apply-time,rs-000834-d8h9h,c7ee3dc2-92ad-4579-b6bb-cbff1b93d004,1,2586.431576
2026/02/04/00:38:55,apply-time,rs-000834-snwzv,21dd3125-2614-4ee9-9815-e3a0b51417cf,1,2587.431576
2026/02/04/00:38:55,apply-time,rs-000834-znkg6,499b0ae2-e606-4285-a0f9-06b9a11f4fee,1,2587.431576
2026/02/04/00:38:55,apply-time,rs-000835-n6fbl,284cff45-e88b-46a3-9370-107f3ca7755e,1,2587.431576
2026/02/04/00:38:55,apply-time,rs-000836-vb9cw,60fa8506-5ec9-4453-a1ed-725023db9401,1,2587.431576
2026/02/04/00:38:56,running-time,rs-000835-n6fbl,284cff45-e88b-46a3-9370-107f3ca7755e,1,2587.431576
2026/02/04/00:38:56,apply-time,rs-000836-gp9sx,2ff2c975-347d-457a-96f7-0818639ac2b5,1,2587.431576
2026/02/04/00:38:56,apply-time,rs-000836-xvpm2,de2b8f0e-f323-4530-a9ba-589eb2a92d7a,1,2587.431576
2026/02/04/00:39:01,apply-time,rs-000837-4lkfn,da94a971-4a7d-4281-830b-88518d3f8ec9,1,2593.431576
2026/02/04/00:39:02,apply-time,rs-000838-76jfh,894ea172-9919-4c23-9214-c10553cc4947,1,2593.431576
2026/02/04/00:39:02,apply-time,rs-000838-grvvm,097c79ad-6025-4030-85e0-dc5b76e647f4,1,2593.431576
2026/02/04/00:39:02,apply-time,rs-000838-rnczw,027359b0-6ffe-4af4-bb80-73c61347b25f,1,2593.431576
2026/02/04/00:39:02,apply-time,rs-000839-m7tcb,cf6ae2f1-cf88-465a-b96b-312591c4d957,3,2593.431576
2026/02/04/00:39:02,running-time,rs-000839-m7tcb,cf6ae2f1-cf88-465a-b96b-312591c4d957,3,2593.431576
2026/02/04/00:39:02,apply-time,rs-000839-xsn2p,38923977-9217-477a-a31b-14d1829aef4e,3,2593.431576
2026/02/04/00:39:02,running-time,rs-000839-xsn2p,38923977-9217-477a-a31b-14d1829aef4e,3,2593.431576
2026/02/04/00:39:03,apply-time,rs-000840-2wcqq,04f1a62c-df76-42ff-a173-0f74bca02779,4,2595.431576
2026/02/04/00:39:03,apply-time,rs-000840-r5dqh,bae80a79-4a3a-46f6-99f7-95a553c30b46,4,2595.431576
2026/02/04/00:39:03,apply-time,rs-000840-xxjzg,f9b0d376-e82b-48ff-84f4-53de9a1e7b8b,4,2595.431576
2026/02/04/00:39:03,apply-time,rs-000841-28lz5,7cc37fdf-9938-4bd2-b13b-e474e5958d98,3,2595.431576
2026/02/04/00:39:03,running-time,rs-000841-28lz5,7cc37fdf-9938-4bd2-b13b-e474e5958d98,3,2595.431576
2026/02/04/00:39:06,running-time,rs-000824-vq775,9541b9c6-6cb0-415e-9c94-0019a858c05d,1,2597.431576
2026/02/04/00:39:15,running-time,rs-000824-r5cjd,1a4bbef3-f916-4d65-915e-516211fcb6e7,1,2607.431576
2026/02/04/00:39:19,apply-time,rs-000842-gxk9p,284600dc-5255-4196-8d68-1865c06a02e5,4,2611.431576
2026/02/04/00:39:19,running-time,rs-000842-gxk9p,284600dc-5255-4196-8d68-1865c06a02e5,4,2611.431576
2026/02/04/00:39:19,apply-time,rs-000843-scjmj,39ce30a9-6079-4059-a883-a3a6ad024a74,2,2611.431576
2026/02/04/00:39:19,running-time,rs-000843-scjmj,39ce30a9-6079-4059-a883-a3a6ad024a74,2,2611.431576
2026/02/04/00:39:24,apply-time,rs-000844-2mx5x,93d79cbe-602e-498a-ab8d-063e93c5de12,1,2615.431576
2026/02/04/00:39:24,apply-time,rs-000844-lwrn6,0a785e28-8a72-438d-824d-a2c2215fdd61,1,2615.431576
2026/02/04/00:39:24,apply-time,rs-000844-qph4b,3000d82d-f187-4ab8-85b5-c1e54a07343d,1,2615.431576
2026/02/04/00:39:24,apply-time,rs-000845-q2hnh,7f3d5074-fba9-4eb3-a5e3-c5b2f0f264ed,2,2616.431576
2026/02/04/00:39:24,running-time,rs-000845-q2hnh,7f3d5074-fba9-4eb3-a5e3-c5b2f0f264ed,2,2616.431576
2026/02/04/00:39:24,apply-time,rs-000845-t8dlj,bba28e77-7ff9-4ca4-9b01-ef560beed8aa,2,2616.431576
2026/02/04/00:39:24,running-time,rs-000845-t8dlj,bba28e77-7ff9-4ca4-9b01-ef560beed8aa,2,2616.431576
2026/02/04/00:39:24,apply-time,rs-000846-m8clv,e559524c-1dd7-48f0-b6a6-7e0e469d07cb,2,2616.431576
2026/02/04/00:39:24,running-time,rs-000846-m8clv,e559524c-1dd7-48f0-b6a6-7e0e469d07cb,2,2616.431576
2026/02/04/00:39:24,apply-time,rs-000847-l2ff9,0567a0fa-0cf3-45c8-b7a3-399870e12481,2,2616.431576
2026/02/04/00:39:24,running-time,rs-000847-l2ff9,0567a0fa-0cf3-45c8-b7a3-399870e12481,2,2616.431576
2026/02/04/00:39:24,apply-time,rs-000847-nbczj,f116918d-2107-4611-86e6-074bcedbcced,2,2616.431576
2026/02/04/00:39:24,running-time,rs-000847-nbczj,f116918d-2107-4611-86e6-074bcedbcced,2,2616.431576
2026/02/04/00:39:24,apply-time,rs-000847-qv4v6,beb251f3-d368-4904-acf0-027f67ae3e59,2,2616.431576
2026/02/04/00:39:24,running-time,rs-000847-qv4v6,beb251f3-d368-4904-acf0-027f67ae3e59,2,2616.431576
2026/02/04/00:39:24,apply-time,rs-000848-4xw7q,3880ba5d-1058-4b08-a914-446030338dbc,3,2616.431576
2026/02/04/00:39:24,apply-time,rs-000848-ccgdl,0838fb03-4867-4351-89c4-194bc5213982,3,2616.431576
2026/02/04/00:39:24,apply-time,rs-000849-6c6fj,ff40cbbe-756a-4aeb-9559-dfd3b821be42,1,2616.431576
2026/02/04/00:39:24,apply-time,rs-000849-8s7wb,0d7cc951-e1a1-4846-9488-eef56135cf77,1,2616.431576
2026/02/04/00:39:24,apply-time,rs-000849-hwqjq,6d233f31-bff4-44c8-bc15-dce6beebc0af,1,2616.431576
2026/02/04/00:39:25,apply-time,rs-000850-fbsnj,aa2808b8-1b28-4dbe-9f69-d80069791a77,3,2616.431576
2026/02/04/00:39:25,apply-time,rs-000850-gxdmh,5d6ed26a-393f-4dc5-8458-f16c5f6c5e5b,3,2616.431576
2026/02/04/00:39:25,apply-time,rs-000850-mdltb,08b0fc12-d521-4d1c-ac44-3971edfdaec3,3,2616.431576
2026/02/04/00:39:25,apply-time,rs-000851-hj4nr,335240b9-c6f8-4665-bc33-e008a78ac967,4,2617.431576
2026/02/04/00:39:25,apply-time,rs-000851-rflc4,df3711db-541b-4451-9386-00ebed0e14fc,4,2616.431576
2026/02/04/00:39:25,running-time,rs-000851-rflc4,df3711db-541b-4451-9386-00ebed0e14fc,4,2616.431576
2026/02/04/00:39:25,apply-time,rs-000852-kt9nb,c80cbaf1-62a6-4833-81b8-a468e8db5049,3,2617.431576
2026/02/04/00:39:25,running-time,rs-000852-kt9nb,c80cbaf1-62a6-4833-81b8-a468e8db5049,3,2617.431576
2026/02/04/00:39:25,apply-time,rs-000853-mnz7p,8384c43a-1020-4885-bd19-015195c51025,2,2617.431576
2026/02/04/00:39:26,apply-time,rs-000854-55jnd,62226724-75e6-40b6-82d5-75fd414964f0,3,2617.431576
2026/02/04/00:39:26,running-time,rs-000854-55jnd,62226724-75e6-40b6-82d5-75fd414964f0,3,2617.431576
2026/02/04/00:39:27,apply-time,rs-000855-lbjhq,947ba10e-c609-4d01-9f6d-9a7ac7cb9464,3,2619.431576
2026/02/04/00:39:27,apply-time,rs-000856-c5nrb,743b1360-6ee6-47f2-a218-00a61aa5c035,2,2619.431576
2026/02/04/00:39:44,running-time,rs-000825-m6ddz,9c6b7f99-812f-4015-99ea-0d31eb6e34ac,2,2635.431576
2026/02/04/00:39:44,running-time,rs-000833-pkv7j,e4563a5d-4ed9-4578-b191-6b3fa7d6c561,2,2635.431576
2026/02/04/00:39:44,apply-time,rs-000857-gqk9g,100b5148-784d-4686-b755-86b779d15384,2,2636.431576
2026/02/04/00:39:44,apply-time,rs-000857-hbd8r,94f22233-cbc6-4041-801c-ee3f783e11b1,2,2636.431576
2026/02/04/00:39:44,apply-time,rs-000858-w5n58,912abbc2-d2cc-49e4-92c8-73774025aef6,2,2636.431576
2026/02/04/00:39:44,running-time,rs-000858-w5n58,912abbc2-d2cc-49e4-92c8-73774025aef6,2,2636.431576
2026/02/04/00:39:49,running-time,rs-000857-hbd8r,94f22233-cbc6-4041-801c-ee3f783e11b1,2,2641.431576
2026/02/04/00:39:53,apply-time,rs-000859-cmghd,fee58a54-a80f-43f9-bbaa-d4835d1dfee3,4,2645.431576
2026/02/04/00:39:53,running-time,rs-000859-cmghd,fee58a54-a80f-43f9-bbaa-d4835d1dfee3,4,2645.431576
2026/02/04/00:39:59,apply-time,rs-000860-m8dm6,2c1029bb-597d-4d4f-af23-e90fd9f9241d,3,2651.431576
2026/02/04/00:39:59,running-time,rs-000860-m8dm6,2c1029bb-597d-4d4f-af23-e90fd9f9241d,3,2651.431576
2026/02/04/00:39:59,apply-time,rs-000861-chl2q,6506750e-b7de-4998-8041-09d0d8f2e461,4,2651.431576
2026/02/04/00:39:59,apply-time,rs-000861-xqnwg,cf41af88-01a4-4856-9ccf-28c5939ccbb1,4,2651.431576
2026/02/04/00:39:59,apply-time,rs-000862-dvmt4,516274aa-2007-47d3-aacc-cdf18f403a1a,2,2651.431576
2026/02/04/00:39:59,apply-time,rs-000862-qdtgz,5421779c-0c57-41f0-b137-13959be681c8,2,2651.431576
2026/02/04/00:39:59,running-time,rs-000862-qdtgz,5421779c-0c57-41f0-b137-13959be681c8,2,2651.431576
2026/02/04/00:39:59,apply-time,rs-000865-w5f5h,95baded8-7b37-47af-8210-2e4c7da5acfb,1,2651.431576
2026/02/04/00:39:59,apply-time,rs-000865-x4k2d,6034c97c-6bfd-4e04-844d-559bc6ed36d3,1,2651.431576
2026/02/04/00:39:59,apply-time,rs-000865-zpfdz,cc66db83-e8a5-4cb4-a134-38a9675ea452,1,2651.431576
2026/02/04/00:40:00,apply-time,rs-000863-lpmqt,ae11e09a-2bc0-4f17-86b7-a29bb340e8c2,2,2651.431576
2026/02/04/00:40:00,apply-time,rs-000863-vmkgn,ee2d099d-771b-4146-80f8-5d69a910792f,2,2651.431576
2026/02/04/00:40:00,running-time,rs-000863-vmkgn,ee2d099d-771b-4146-80f8-5d69a910792f,2,2651.431576
2026/02/04/00:40:00,apply-time,rs-000864-d78nc,1c5ca7ec-f99f-44bd-9cc9-7d3352dbbb66,2,2651.431576
2026/02/04/00:40:00,running-time,rs-000864-d78nc,1c5ca7ec-f99f-44bd-9cc9-7d3352dbbb66,2,2651.431576
2026/02/04/00:40:00,apply-time,rs-000864-qp8gr,e7a657ac-4cc1-4007-9872-8bf23dd2194f,2,2651.431576
2026/02/04/00:40:00,running-time,rs-000864-qp8gr,e7a657ac-4cc1-4007-9872-8bf23dd2194f,2,2651.431576
2026/02/04/00:40:00,apply-time,rs-000864-sbd6d,b9f76ebd-8dc4-4006-8bac-b7012b64e23d,2,2651.431576
2026/02/04/00:40:00,running-time,rs-000864-sbd6d,b9f76ebd-8dc4-4006-8bac-b7012b64e23d,2,2651.431576
2026/02/04/00:40:00,running-time,rs-000865-w5f5h,95baded8-7b37-47af-8210-2e4c7da5acfb,1,2651.431576
2026/02/04/00:40:00,running-time,rs-000865-x4k2d,6034c97c-6bfd-4e04-844d-559bc6ed36d3,1,2651.431576
2026/02/04/00:40:00,apply-time,rs-000866-sbclc,6495652a-e2e0-4096-bbe3-8b328599658d,3,2651.431576
2026/02/04/00:40:00,running-time,rs-000866-sbclc,6495652a-e2e0-4096-bbe3-8b328599658d,3,2651.431576
2026/02/04/00:40:00,apply-time,rs-000867-6x9m6,147dbc9d-ffe8-4927-8531-ba41b9eaf60b,3,2652.431576
2026/02/04/00:40:00,running-time,rs-000867-6x9m6,147dbc9d-ffe8-4927-8531-ba41b9eaf60b,3,2652.431576
2026/02/04/00:40:00,apply-time,rs-000867-pxmfq,0157e54d-f95b-408a-b378-1aeb2d567452,3,2652.431576
2026/02/04/00:40:00,running-time,rs-000867-pxmfq,0157e54d-f95b-408a-b378-1aeb2d567452,3,2652.431576
2026/02/04/00:40:00,apply-time,rs-000867-wv4ld,79d919e8-e0c1-4393-84e1-6276a5f27a43,3,2651.431576
2026/02/04/00:40:00,running-time,rs-000867-wv4ld,79d919e8-e0c1-4393-84e1-6276a5f27a43,3,2651.431576
2026/02/04/00:40:00,apply-time,rs-000868-wkb67,ce4be1f8-d823-41a1-bb42-5f2bf1c6eca9,1,2652.431576
2026/02/04/00:40:00,apply-time,rs-000869-ndt7f,1940f654-3881-4c1f-b01d-97f774911229,1,2652.431576
2026/02/04/00:40:01,apply-time,rs-000869-5pbdw,450a6778-f4a0-48d5-8161-ef8f32aaa458,1,2652.431576
2026/02/04/00:40:01,apply-time,rs-000869-mmj2n,77567c0b-576b-4a68-a3c7-3faff4fd3ffe,1,2652.431576
2026/02/04/00:40:02,running-time,rs-000868-wkb67,ce4be1f8-d823-41a1-bb42-5f2bf1c6eca9,1,2654.431576
2026/02/04/00:40:04,running-time,rs-000869-ndt7f,1940f654-3881-4c1f-b01d-97f774911229,1,2655.431576
2026/02/04/00:40:04,apply-time,rs-000870-22qfw,243160e9-fbe2-4927-aaa1-23d72fbafe4a,2,2655.431576
2026/02/04/00:40:04,apply-time,rs-000870-n79qh,39906e47-a66f-4441-8543-a1b75accde33,2,2655.431576
2026/02/04/00:40:04,apply-time,rs-000870-qwhvv,6c5f1880-9e60-43b0-a6b3-df59aaff51f8,2,2655.431576
2026/02/04/00:40:04,apply-time,rs-000871-q7njn,66c04c42-2362-4251-9525-6f23476b6f6e,2,2656.431576
2026/02/04/00:40:04,running-time,rs-000871-q7njn,66c04c42-2362-4251-9525-6f23476b6f6e,2,2656.431576
2026/02/04/00:40:04,apply-time,rs-000871-vc9v6,2f097cdd-0d37-4fc0-a0fe-547114f64318,2,2656.431576
2026/02/04/00:40:04,running-time,rs-000871-vc9v6,2f097cdd-0d37-4fc0-a0fe-547114f64318,2,2656.431576
2026/02/04/00:40:04,apply-time,rs-000871-zmscj,c1997c18-d215-4cb6-866b-20eef24c8e78,2,2656.431576
2026/02/04/00:40:04,running-time,rs-000871-zmscj,c1997c18-d215-4cb6-866b-20eef24c8e78,2,2656.431576
2026/02/04/00:40:04,apply-time,rs-000872-d6v2x,3bd62cf2-64fd-42d0-8662-bc269255db08,1,2656.431576
2026/02/04/00:40:05,apply-time,rs-000873-27nw6,d934a4cf-0f57-4236-8be3-2c6736fd7547,4,2657.431576
2026/02/04/00:40:05,running-time,rs-000873-27nw6,d934a4cf-0f57-4236-8be3-2c6736fd7547,4,2657.431576
2026/02/04/00:40:05,apply-time,rs-000873-mlmxn,fdf0ce80-ca79-471c-881d-6a155da52128,4,2657.431576
2026/02/04/00:40:05,running-time,rs-000873-mlmxn,fdf0ce80-ca79-471c-881d-6a155da52128,4,2657.431576
2026/02/04/00:40:05,apply-time,rs-000874-4jv7h,20f78390-48d5-4c06-ba9e-8a5535dfb76c,1,2657.431576
2026/02/04/00:40:05,running-time,rs-000874-4jv7h,20f78390-48d5-4c06-ba9e-8a5535dfb76c,1,2657.431576
2026/02/04/00:40:05,apply-time,rs-000875-dch5t,a612cfde-6cfe-40c2-8433-786a9f7a4a2e,2,2657.431576
2026/02/04/00:40:05,apply-time,rs-000875-r4k4m,269f489b-9dc2-471f-a0f9-436d7eec74be,2,2657.431576
2026/02/04/00:40:05,apply-time,rs-000875-vknvs,ee284e54-c267-43bc-8881-84f87cff0690,2,2657.431576
2026/02/04/00:40:05,apply-time,rs-000876-xt9f7,e2b45329-3ba6-47d0-bac3-c5c1bd906e4f,3,2657.431576
2026/02/04/00:40:05,apply-time,rs-000877-c8qmq,4bfbc31c-aad8-4eb2-913c-1bdc61bb0d64,2,2657.431576
2026/02/04/00:40:05,apply-time,rs-000877-pw5pz,59b989ce-ab17-41e0-a9f3-04e492021e8e,2,2657.431576
2026/02/04/00:40:05,apply-time,rs-000877-t7cn6,f8423fd0-98ae-4bf2-9c9b-13f1fb25f776,2,2657.431576
2026/02/04/00:40:05,apply-time,rs-000878-v9nk6,e4511b41-03f7-4c6c-ba8d-43ff59f99ce8,4,2657.431576
2026/02/04/00:40:06,apply-time,rs-000879-4vh2q,9f7411df-4f65-42ce-a2a5-10375be2b261,3,2657.431576
2026/02/04/00:40:06,running-time,rs-000879-4vh2q,9f7411df-4f65-42ce-a2a5-10375be2b261,3,2657.431576
2026/02/04/00:40:06,apply-time,rs-000879-gvp8t,e53fcace-a49b-46fb-a97a-21696f168ead,3,2658.431576
2026/02/04/00:40:06,running-time,rs-000879-gvp8t,e53fcace-a49b-46fb-a97a-21696f168ead,3,2658.431576
2026/02/04/00:40:06,apply-time,rs-000880-sz77d,a2e94dc2-9679-47d0-bdc1-1943f7bbfa8c,3,2657.431576
2026/02/04/00:40:06,running-time,rs-000880-sz77d,a2e94dc2-9679-47d0-bdc1-1943f7bbfa8c,3,2657.431576
2026/02/04/00:40:06,apply-time,rs-000880-vtnxt,8810040a-fe9f-458f-abca-16fdd8e4d77b,3,2658.431576
2026/02/04/00:40:06,running-time,rs-000880-vtnxt,8810040a-fe9f-458f-abca-16fdd8e4d77b,3,2658.431576
2026/02/04/00:40:06,apply-time,rs-000881-qlwxc,3d4b4411-5d37-41cc-b649-8593d09ac719,1,2658.431576
2026/02/04/00:40:06,running-time,rs-000881-qlwxc,3d4b4411-5d37-41cc-b649-8593d09ac719,1,2658.431576
2026/02/04/00:40:06,apply-time,rs-000882-vfkkm,67688610-2747-4a5b-8ec6-7928a8dba7b2,3,2658.431576
2026/02/04/00:40:06,running-time,rs-000882-vfkkm,67688610-2747-4a5b-8ec6-7928a8dba7b2,3,2658.431576
2026/02/04/00:40:09,running-time,rs-000872-d6v2x,3bd62cf2-64fd-42d0-8662-bc269255db08,1,2661.431576
2026/02/04/00:40:10,apply-time,rs-000883-95kgh,a9661265-1a18-47bc-be20-f9e9e171163c,3,2661.431576
2026/02/04/00:40:10,apply-time,rs-000884-2spgt,eee2e0dd-0652-47df-9e7d-8577895d480e,1,2661.431576
2026/02/04/00:40:10,apply-time,rs-000884-pbbrx,3f078941-3727-4440-ba32-75315729bffd,1,2661.431576
2026/02/04/00:40:10,apply-time,rs-000885-mx9hg,d1527e73-fc2d-43cf-bf84-4a43bdd54118,3,2661.431576
2026/02/04/00:40:10,apply-time,rs-000885-zdzbz,155b38f2-a882-4a35-9619-5b559859869a,3,2661.431576
2026/02/04/00:40:10,running-time,rs-000885-zdzbz,155b38f2-a882-4a35-9619-5b559859869a,3,2662.431576
2026/02/04/00:40:10,apply-time,rs-000886-4jrjr,3fba2040-95e4-4b43-85d7-026489ea2477,1,2661.431576
2026/02/04/00:40:10,running-time,rs-000886-4jrjr,3fba2040-95e4-4b43-85d7-026489ea2477,1,2661.431576
2026/02/04/00:40:10,apply-time,rs-000886-hkt2k,c100c915-630e-4b08-8737-8e07f86dab82,1,2661.431576
2026/02/04/00:40:10,running-time,rs-000886-hkt2k,c100c915-630e-4b08-8737-8e07f86dab82,1,2661.431576
2026/02/04/00:40:10,apply-time,rs-000886-qmw9s,44cc37c6-2cd1-4f43-a104-3bd751d307aa,1,2661.431576
2026/02/04/00:40:10,running-time,rs-000886-qmw9s,44cc37c6-2cd1-4f43-a104-3bd751d307aa,1,2661.431576
2026/02/04/00:40:10,apply-time,rs-000887-9xj2m,aae3f987-d005-43f0-8a87-1911b25b31ab,1,2661.431576
2026/02/04/00:40:10,apply-time,rs-000887-cggzn,7b895e5c-d659-45a3-9b74-c4ace9f58363,1,2661.431576
2026/02/04/00:40:10,running-time,rs-000887-cggzn,7b895e5c-d659-45a3-9b74-c4ace9f58363,1,2661.431576
2026/02/04/00:40:10,apply-time,rs-000887-s78km,1544fe8c-ed9a-4a4d-9f89-fd02e39d16c4,1,2661.431576
2026/02/04/00:40:10,running-time,rs-000887-s78km,1544fe8c-ed9a-4a4d-9f89-fd02e39d16c4,1,2661.431576
2026/02/04/00:40:12,running-time,rs-000885-mx9hg,d1527e73-fc2d-43cf-bf84-4a43bdd54118,3,2663.431576
2026/02/04/00:40:12,apply-time,rs-000888-jxbfn,82cf34bc-35d3-4c3f-955f-7a160fdbffb4,1,2663.431576
2026/02/04/00:40:12,running-time,rs-000888-jxbfn,82cf34bc-35d3-4c3f-955f-7a160fdbffb4,1,2663.431576
2026/02/04/00:40:12,apply-time,rs-000889-rxd5r,add13008-bfd7-46e5-8992-66da83ecf1f5,4,2663.431576
2026/02/04/00:40:12,apply-time,rs-000890-2jl6d,632ff791-bd05-479c-abb4-1deb6a40f9c1,1,2663.431576
2026/02/04/00:40:12,apply-time,rs-000891-pc5v9,2e3b2da4-14b1-4c27-99ba-1b47c2d64c60,4,2663.431576
2026/02/04/00:40:12,apply-time,rs-000892-6ltmr,07d8301f-5635-4b4e-aa90-20bf3b98004b,3,2664.431576
2026/02/04/00:40:12,apply-time,rs-000892-b8sq6,96ecb99b-69b2-40eb-8cfe-c3277b46d4a3,3,2664.431576
2026/02/04/00:40:12,apply-time,rs-000892-kjstt,73227d68-2a1c-4369-863c-2210d4c7dac6,3,2664.431576
2026/02/04/00:40:13,running-time,rs-000889-rxd5r,add13008-bfd7-46e5-8992-66da83ecf1f5,4,2664.431576
2026/02/04/00:40:13,running-time,rs-000890-2jl6d,632ff791-bd05-479c-abb4-1deb6a40f9c1,1,2664.431576
2026/02/04/00:40:13,running-time,rs-000892-b8sq6,96ecb99b-69b2-40eb-8cfe-c3277b46d4a3,3,2664.431576
2026/02/04/00:40:13,apply-time,rs-000893-4nsrv,1d1ed606-6c02-47b8-aa1c-221e1c9bcb4c,2,2664.431576
2026/02/04/00:40:13,apply-time,rs-000893-k7jwn,e33e361b-3603-4f27-8fb3-157508cd3d95,2,2664.431576
2026/02/04/00:40:15,running-time,rs-000892-kjstt,73227d68-2a1c-4369-863c-2210d4c7dac6,3,2666.431576
2026/02/04/00:40:16,running-time,rs-000892-6ltmr,07d8301f-5635-4b4e-aa90-20bf3b98004b,3,2668.431576
2026/02/04/00:40:18,running-time,rs-000893-k7jwn,e33e361b-3603-4f27-8fb3-157508cd3d95,2,2669.431576
2026/02/04/00:40:20,apply-time,rs-000894-tq8dq,60842210-5da0-4f78-9214-5e5a87c3aa37,4,2671.431576
2026/02/04/00:40:20,running-time,rs-000894-tq8dq,60842210-5da0-4f78-9214-5e5a87c3aa37,4,2671.431576
2026/02/04/00:40:20,apply-time,rs-000895-km82w,dc9b938e-9faf-4b1d-b7f0-a41ee925f4f7,1,2671.431576
2026/02/04/00:40:20,apply-time,rs-000895-nkgtq,37f94950-a1d7-410a-a71b-8ff60da0845d,1,2671.431576
2026/02/04/00:40:20,apply-time,rs-000895-sx46l,3a5a87c2-c1cd-4c3a-a42a-24ba368e9731,1,2671.431576
2026/02/04/00:40:20,apply-time,rs-000896-grwpv,13a0314c-58a2-4537-851a-c8145f4b80e6,1,2672.431576
2026/02/04/00:40:20,running-time,rs-000896-grwpv,13a0314c-58a2-4537-851a-c8145f4b80e6,1,2672.431576
2026/02/04/00:40:22,running-time,rs-000893-4nsrv,1d1ed606-6c02-47b8-aa1c-221e1c9bcb4c,2,2674.431576
2026/02/04/00:40:27,running-time,rs-000883-95kgh,a9661265-1a18-47bc-be20-f9e9e171163c,3,2679.431576
2026/02/04/00:40:29,apply-time,rs-000897-tz9ng,026c5d5d-d520-4ccc-8e87-fa01edcdefe0,1,2681.431576
2026/02/04/00:40:29,running-time,rs-000897-tz9ng,026c5d5d-d520-4ccc-8e87-fa01edcdefe0,1,2681.431576
2026/02/04/00:40:29,apply-time,rs-000898-2lkcw,906fe529-5d12-45f4-98da-76e6cd2f2a2e,1,2681.431576
2026/02/04/00:40:29,running-time,rs-000898-2lkcw,906fe529-5d12-45f4-98da-76e6cd2f2a2e,1,2681.431576
2026/02/04/00:40:29,apply-time,rs-000898-p2c28,fc4a761c-23d6-482e-a165-b8ed757071e2,1,2681.431576
2026/02/04/00:40:29,apply-time,rs-000898-vblcb,5cf55935-c775-47c4-a33c-367b328089ce,1,2681.431576
2026/02/04/00:40:29,apply-time,rs-000899-7xnj9,da8cadcc-13b1-4e50-90c5-47082bc4c7e1,1,2681.431576
2026/02/04/00:40:29,running-time,rs-000899-7xnj9,da8cadcc-13b1-4e50-90c5-47082bc4c7e1,1,2681.431576
2026/02/04/00:40:29,apply-time,rs-000899-cfz52,29b44aeb-0fc6-411b-9655-c5d1f32f81a4,1,2681.431576
2026/02/04/00:40:29,running-time,rs-000899-cfz52,29b44aeb-0fc6-411b-9655-c5d1f32f81a4,1,2681.431576
2026/02/04/00:40:29,apply-time,rs-000899-m5r68,f82346df-03e2-478c-a2d5-d92f28b73678,1,2681.431576
2026/02/04/00:40:29,running-time,rs-000899-m5r68,f82346df-03e2-478c-a2d5-d92f28b73678,1,2681.431576
2026/02/04/00:40:29,apply-time,rs-000900-442xd,45979464-4704-4bdb-8d70-7a46a9cb9fbf,2,2681.431576
2026/02/04/00:40:29,running-time,rs-000900-442xd,45979464-4704-4bdb-8d70-7a46a9cb9fbf,2,2681.431576
2026/02/04/00:40:29,apply-time,rs-000901-mg59d,042d923f-1e04-437b-8d8e-07af5c536726,3,2681.431576
2026/02/04/00:40:29,apply-time,rs-000901-s5pb7,cd1e8b4b-594c-426f-ab4a-21cefd062c0c,3,2681.431576
2026/02/04/00:40:29,running-time,rs-000901-s5pb7,cd1e8b4b-594c-426f-ab4a-21cefd062c0c,3,2681.431576
2026/02/04/00:40:29,apply-time,rs-000901-vpxb9,7356f698-ce92-4831-b34a-5c40561e9c71,3,2681.431576
2026/02/04/00:40:32,running-time,rs-000898-p2c28,fc4a761c-23d6-482e-a165-b8ed757071e2,1,2683.431576
2026/02/04/00:40:32,running-time,rs-000901-mg59d,042d923f-1e04-437b-8d8e-07af5c536726,3,2683.431576
2026/02/04/00:40:34,running-time,rs-000901-vpxb9,7356f698-ce92-4831-b34a-5c40561e9c71,3,2686.431576
2026/02/04/00:40:39,running-time,rs-000898-vblcb,5cf55935-c775-47c4-a33c-367b328089ce,1,2691.431576
2026/02/04/00:40:48,apply-time,rs-000902-9ng2z,683e755d-a1e8-4c16-af5a-62ad92e4e7b7,1,2699.431576
2026/02/04/00:40:48,running-time,rs-000902-9ng2z,683e755d-a1e8-4c16-af5a-62ad92e4e7b7,1,2699.431576
2026/02/04/00:40:48,apply-time,rs-000902-kqlss,803cc862-05b4-47a3-83b2-08ab203a366a,1,2699.431576
2026/02/04/00:40:48,running-time,rs-000902-kqlss,803cc862-05b4-47a3-83b2-08ab203a366a,1,2699.431576
2026/02/04/00:40:48,apply-time,rs-000902-tmbxm,bf5e966b-309b-41e9-be83-8cda215ca21e,1,2699.431576
2026/02/04/00:40:48,running-time,rs-000902-tmbxm,bf5e966b-309b-41e9-be83-8cda215ca21e,1,2699.431576
2026/02/04/00:40:57,apply-time,rs-000903-8szw5,92cd1fa7-daf2-4cc3-8788-117469e892ad,4,2708.431576
2026/02/04/00:40:57,running-time,rs-000903-8szw5,92cd1fa7-daf2-4cc3-8788-117469e892ad,4,2708.431576
2026/02/04/00:40:57,apply-time,rs-000903-pqhn8,7c680fc1-9fc8-4087-979d-90ecd6803e35,4,2708.431576
2026/02/04/00:40:57,running-time,rs-000903-pqhn8,7c680fc1-9fc8-4087-979d-90ecd6803e35,4,2708.431576
2026/02/04/00:40:57,apply-time,rs-000903-zr78d,bea72358-7840-4091-b200-1e21c35d439e,4,2708.431576
2026/02/04/00:40:57,running-time,rs-000903-zr78d,bea72358-7840-4091-b200-1e21c35d439e,4,2708.431576
2026/02/04/00:40:57,apply-time,rs-000904-42v9h,6fdd1285-630a-4457-8437-9820d425cdd8,4,2708.431576
2026/02/04/00:40:57,apply-time,rs-000905-lprwn,72f58dd0-a455-4698-b85f-a4ce2fa5e3d9,1,2708.431576
2026/02/04/00:40:57,running-time,rs-000905-lprwn,72f58dd0-a455-4698-b85f-a4ce2fa5e3d9,1,2708.431576
2026/02/04/00:40:57,apply-time,rs-000905-lwk6h,2cc9aeea-5ceb-47e2-8d4d-a7d804e4fbd6,1,2708.431576
2026/02/04/00:40:57,running-time,rs-000905-lwk6h,2cc9aeea-5ceb-47e2-8d4d-a7d804e4fbd6,1,2708.431576
2026/02/04/00:40:57,apply-time,rs-000905-sf5d7,157ac2a5-8ad2-48a5-89d5-8e7bd2f93416,1,2708.431576
2026/02/04/00:40:57,running-time,rs-000905-sf5d7,157ac2a5-8ad2-48a5-89d5-8e7bd2f93416,1,2708.431576
2026/02/04/00:40:57,apply-time,rs-000906-7l7jf,31a14a18-3cb8-47e0-9655-e8c1018dcaa6,1,2708.431576
2026/02/04/00:40:57,apply-time,rs-000906-8k4nb,291cbd71-d1bc-4cec-8f5b-ad6b125d34c9,1,2708.431576
2026/02/04/00:40:57,apply-time,rs-000906-tmrmg,2fdb58b1-a8b6-486a-a5af-998348547599,1,2708.431576
2026/02/04/00:40:58,apply-time,rs-000332-4fw76,bb99920a-52d6-4971-8c95-d15af63f08a1,1,2710.431576
2026/02/04/00:40:58,running-time,rs-000332-4fw76,bb99920a-52d6-4971-8c95-d15af63f08a1,1,2710.431576
2026/02/04/00:40:58,apply-time,rs-000790-nf62q,21c54b40-22bc-4f03-a71e-f175c8af2a2d,1,2710.431576
2026/02/04/00:40:58,running-time,rs-000790-nf62q,21c54b40-22bc-4f03-a71e-f175c8af2a2d,1,2710.431576
2026/02/04/00:40:58,running-time,rs-000895-sx46l,3a5a87c2-c1cd-4c3a-a42a-24ba368e9731,1,2710.431576
2026/02/04/00:40:58,apply-time,rs-000898-ww8h9,7202da97-8c58-4733-9f21-5ebc534f568c,1,2710.431576
2026/02/04/00:40:59,apply-time,rs-000907-4ts67,5d203556-d8e2-49be-8359-115b8763223f,2,2710.431576
2026/02/04/00:40:59,apply-time,rs-000908-2gl92,f0cf9b5b-b002-4f57-aa21-2d330c6581b5,4,2710.431576
2026/02/04/00:40:59,apply-time,rs-000908-t8rrh,6df670c9-661f-4770-b4d1-a9b573d11f88,4,2710.431576
2026/02/04/00:40:59,apply-time,rs-000909-6m8wk,5b8a5f36-6f6d-4e46-afc4-9a2afeec5f5e,3,2710.431576
2026/02/04/00:41:02,running-time,rs-000904-42v9h,6fdd1285-630a-4457-8437-9820d425cdd8,4,2714.431576
2026/02/04/00:41:02,running-time,rs-000909-6m8wk,5b8a5f36-6f6d-4e46-afc4-9a2afeec5f5e,3,2714.431576
2026/02/04/00:41:03,running-time,rs-000898-ww8h9,7202da97-8c58-4733-9f21-5ebc534f568c,1,2715.431576
2026/02/04/00:41:04,apply-time,rs-000910-ckgln,38472bda-4b0b-4155-9039-d790fe685c68,3,2716.431576
2026/02/04/00:41:04,running-time,rs-000910-ckgln,38472bda-4b0b-4155-9039-d790fe685c68,3,2716.431576
2026/02/04/00:41:04,apply-time,rs-000910-rr5bs,a2453045-d984-408b-985c-39a8d84a0292,3,2716.431576
2026/02/04/00:41:04,running-time,rs-000910-rr5bs,a2453045-d984-408b-985c-39a8d84a0292,3,2716.431576
2026/02/04/00:41:04,apply-time,rs-000910-xwvnk,5096dcc9-86c5-41ca-9e46-e4e59cbb8f3f,3,2716.431576
2026/02/04/00:41:04,running-time,rs-000910-xwvnk,5096dcc9-86c5-41ca-9e46-e4e59cbb8f3f,3,2716.431576
2026/02/04/00:41:04,apply-time,rs-000911-4wzp4,5bfdbccd-85e3-4376-b359-3853f7a3982b,2,2716.431576
2026/02/04/00:41:04,running-time,rs-000911-4wzp4,5bfdbccd-85e3-4376-b359-3853f7a3982b,2,2716.431576
2026/02/04/00:41:04,apply-time,rs-000912-b4cqw,d5699ae1-ee78-443f-8240-49105faf6d7e,3,2716.431576
2026/02/04/00:41:04,apply-time,rs-000912-rx8kv,8e29cafc-9488-4fa5-8ba2-ad57a1ab5806,3,2716.431576
2026/02/04/00:41:04,apply-time,rs-000913-8hmfh,ce8d370a-ee76-496b-8229-156ceee5ff47,4,2716.431576
2026/02/04/00:41:04,running-time,rs-000913-8hmfh,ce8d370a-ee76-496b-8229-156ceee5ff47,4,2716.431576
2026/02/04/00:41:04,apply-time,rs-000913-8w8qx,b14b277a-e88d-46fa-8b98-b7c173d863f9,4,2716.431576
2026/02/04/00:41:04,running-time,rs-000913-8w8qx,b14b277a-e88d-46fa-8b98-b7c173d863f9,4,2716.431576
2026/02/04/00:41:04,apply-time,rs-000913-x4zs9,02aaab61-79ab-4a98-86ec-5b69fc7f5a57,4,2716.431576
2026/02/04/00:41:04,running-time,rs-000913-x4zs9,02aaab61-79ab-4a98-86ec-5b69fc7f5a57,4,2716.431576
2026/02/04/00:41:04,apply-time,rs-000914-27547,4d916acb-dae0-480d-a9f1-2f9125047804,2,2716.431576
2026/02/04/00:41:04,running-time,rs-000914-27547,4d916acb-dae0-480d-a9f1-2f9125047804,2,2716.431576
2026/02/04/00:41:04,apply-time,rs-000914-b8vpw,c6471385-a7f7-4a04-8f23-07dc29993dc4,2,2716.431576
2026/02/04/00:41:04,running-time,rs-000914-b8vpw,c6471385-a7f7-4a04-8f23-07dc29993dc4,2,2716.431576
2026/02/04/00:41:04,apply-time,rs-000914-rnc7q,51d09683-d4e7-4bc1-8f0e-f23317edaf1c,2,2716.431576
2026/02/04/00:41:04,running-time,rs-000914-rnc7q,51d09683-d4e7-4bc1-8f0e-f23317edaf1c,2,2716.431576
2026/02/04/00:41:05,apply-time,rs-000915-7jjv6,467924cb-3710-4de0-b80b-5b1ad18ee8e3,2,2717.431576
2026/02/04/00:41:05,apply-time,rs-000915-btt74,c4f76d4b-14e2-44e9-a9d3-678c3288a561,2,2717.431576
2026/02/04/00:41:05,apply-time,rs-000915-sdkvq,ff1852b1-03b6-4004-9623-79f7d2e8cf80,2,2716.431576
2026/02/04/00:41:07,apply-time,rs-000916-278zz,bc9ae6c0-c7b5-4860-adf7-e5e8a467e657,2,2719.431576
2026/02/04/00:41:07,apply-time,rs-000916-8bvlr,9d938d6a-9f85-49bc-bd97-5ebc71f9698f,2,2719.431576
2026/02/04/00:41:07,running-time,rs-000916-8bvlr,9d938d6a-9f85-49bc-bd97-5ebc71f9698f,2,2719.431576
2026/02/04/00:41:07,apply-time,rs-000916-jn6m5,fbcc1f27-def4-4e81-9d60-c41d46762ffb,2,2719.431576
2026/02/04/00:41:07,running-time,rs-000916-jn6m5,fbcc1f27-def4-4e81-9d60-c41d46762ffb,2,2719.431576
2026/02/04/00:41:12,apply-time,rs-000917-878tm,a4b09a5f-7b58-4a7a-9386-ee3c66ceddd3,3,2724.431576
2026/02/04/00:41:12,running-time,rs-000917-878tm,a4b09a5f-7b58-4a7a-9386-ee3c66ceddd3,3,2724.431576
2026/02/04/00:41:12,apply-time,rs-000917-q7gp4,a00c820d-cce4-406e-a29e-5f70dc613fa0,3,2724.431576
2026/02/04/00:41:12,apply-time,rs-000918-25gvr,8477fd7c-d3a0-4b6c-8acb-e9fabff4e4d5,3,2724.431576
2026/02/04/00:41:12,apply-time,rs-000918-46ck8,92b2a550-1a66-4fc0-9f19-404ca1ad51cd,3,2724.431576
2026/02/04/00:41:12,apply-time,rs-000918-lpmjh,57fba5d0-6dec-4b97-960d-6a094286bc56,3,2724.431576
2026/02/04/00:41:12,apply-time,rs-000919-4xcsp,992c918f-5317-4c7c-b6af-e14660e4afa8,2,2724.431576
2026/02/04/00:41:12,apply-time,rs-000919-h6552,724d263c-56ec-4eb1-b5cb-dc464898a6f8,2,2724.431576
2026/02/04/00:41:12,apply-time,rs-000919-nxr5r,0779ae11-902c-4783-aeec-6eb66725faea,2,2724.431576
2026/02/04/00:41:23,running-time,rs-000915-sdkvq,ff1852b1-03b6-4004-9623-79f7d2e8cf80,2,2735.431576
2026/02/04/00:41:25,apply-time,rs-000920-gpxxl,2c88f6f6-8ae3-44fd-9d53-e507f796a2a7,4,2737.431576
2026/02/04/00:41:25,apply-time,rs-000920-jxw7m,ea19dce2-621e-45e4-8c18-7324e96a2aed,4,2737.431576
2026/02/04/00:41:25,apply-time,rs-000920-qwmf9,4e2d4c23-d944-44f8-9bdb-958dd71cd839,4,2737.431576
2026/02/04/00:41:28,running-time,rs-000919-h6552,724d263c-56ec-4eb1-b5cb-dc464898a6f8,2,2740.431576
2026/02/04/00:41:29,running-time,rs-000915-btt74,c4f76d4b-14e2-44e9-a9d3-678c3288a561,2,2741.431576
2026/02/04/00:41:55,apply-time,rs-000921-p6nbc,31863e87-a2d2-4558-bc59-2a0aba67fec4,3,2766.431576
2026/02/04/00:41:55,running-time,rs-000921-p6nbc,31863e87-a2d2-4558-bc59-2a0aba67fec4,3,2766.431576
2026/02/04/00:41:55,apply-time,rs-000922-sb8l9,12e4dad4-470e-4790-bbaa-7cb1e75d8327,1,2766.431576
2026/02/04/00:41:55,running-time,rs-000922-sb8l9,12e4dad4-470e-4790-bbaa-7cb1e75d8327,1,2766.431576
2026/02/04/00:42:02,apply-time,rs-000923-d4cvz,29e2dca1-1911-4b5e-9839-ca84fb92cdab,2,2774.431576
2026/02/04/00:42:02,apply-time,rs-000924-h9kbt,d6099e98-16b5-418a-9fa7-14506b54175e,2,2774.431576
2026/02/04/00:42:02,apply-time,rs-000925-khcpp,1712692f-f0b4-41da-b518-31b26787268a,3,2774.431576
2026/02/04/00:42:02,apply-time,rs-000925-n4f6l,e406d342-eca8-4ffd-940f-3a556473f33d,3,2774.431576
2026/02/04/00:42:02,apply-time,rs-000926-hmc4w,5fab0a8c-fd69-4b24-9617-e931ba4dc648,2,2774.431576
2026/02/04/00:42:02,apply-time,rs-000926-tfrz8,0b879044-0c31-4ee9-adc9-45578c24a5e9,2,2774.431576
2026/02/04/00:42:03,apply-time,rs-000923-snv24,59956ddc-0021-4fa9-821d-0836dcf4795d,2,2774.431576
2026/02/04/00:42:03,running-time,rs-000924-h9kbt,d6099e98-16b5-418a-9fa7-14506b54175e,2,2774.431576
2026/02/04/00:42:04,running-time,rs-000925-n4f6l,e406d342-eca8-4ffd-940f-3a556473f33d,3,2775.431576
2026/02/04/00:42:06,running-time,rs-000925-khcpp,1712692f-f0b4-41da-b518-31b26787268a,3,2777.431576
2026/02/04/00:42:07,running-time,rs-000915-7jjv6,467924cb-3710-4de0-b80b-5b1ad18ee8e3,2,2778.431576
2026/02/04/00:42:08,apply-time,rs-000927-74ffz,14ecd9d4-95bd-4b20-a10c-2d39d9382951,3,2779.431576
2026/02/04/00:42:08,apply-time,rs-000928-mcwm4,b8f2d6bf-d737-4b88-8e01-eefa513455d5,1,2779.431576
2026/02/04/00:42:08,apply-time,rs-000928-qwq8x,6b5a2f49-0f8b-443f-ab83-ca576eab426c,1,2779.431576
2026/02/04/00:42:08,apply-time,rs-000929-gkgr9,239c4f6e-c98e-47b2-84e9-33b529d6e571,1,2779.431576
2026/02/04/00:42:08,running-time,rs-000929-gkgr9,239c4f6e-c98e-47b2-84e9-33b529d6e571,1,2779.431576
2026/02/04/00:42:09,apply-time,rs-000930-r57vg,8992b0ac-0442-42e7-a9b9-97fbd72fc0b2,3,2780.431576
2026/02/04/00:42:09,running-time,rs-000930-r57vg,8992b0ac-0442-42e7-a9b9-97fbd72fc0b2,3,2780.431576
2026/02/04/00:42:14,apply-time,rs-000931-c8xkm,db72f0cf-3762-4d04-95d2-14e14bc22c36,2,2785.431576
2026/02/04/00:42:14,apply-time,rs-000931-q4jsz,d139a1e4-267a-4f0c-832e-e692649b29b1,2,2785.431576
2026/02/04/00:42:14,apply-time,rs-000932-6ns48,9bef1c6c-3d2c-4d11-9603-a73d11ab83cf,1,2785.431576
2026/02/04/00:42:14,apply-time,rs-000932-pzq2j,dcdcafee-456c-44b9-aa02-3eb3a61e9344,1,2785.431576
2026/02/04/00:42:14,apply-time,rs-000933-ktsbq,ae003db4-4940-481d-b7d1-7056e42a4e87,1,2785.431576
2026/02/04/00:42:14,running-time,rs-000933-ktsbq,ae003db4-4940-481d-b7d1-7056e42a4e87,1,2785.431576
2026/02/04/00:42:14,apply-time,rs-000933-wt2tl,bbed298a-c633-4945-9691-29c92727d735,1,2785.431576
2026/02/04/00:42:14,running-time,rs-000933-wt2tl,bbed298a-c633-4945-9691-29c92727d735,1,2785.431576
2026/02/04/00:42:14,apply-time,rs-000934-8bnmg,8fc225d5-ef8d-4dd6-9de8-c1168c35fec0,2,2785.431576
2026/02/04/00:42:14,running-time,rs-000934-8bnmg,8fc225d5-ef8d-4dd6-9de8-c1168c35fec0,2,2785.431576
2026/02/04/00:42:14,apply-time,rs-000934-8qjqd,bb7f3c27-b8c8-44e7-ba37-d6e88d73b70e,2,2785.431576
2026/02/04/00:42:14,running-time,rs-000934-8qjqd,bb7f3c27-b8c8-44e7-ba37-d6e88d73b70e,2,2785.431576
2026/02/04/00:42:20,running-time,rs-000919-4xcsp,992c918f-5317-4c7c-b6af-e14660e4afa8,2,2792.431576
2026/02/04/00:42:20,running-time,rs-000931-q4jsz,d139a1e4-267a-4f0c-832e-e692649b29b1,2,2792.431576
2026/02/04/00:42:30,running-time,rs-000919-nxr5r,0779ae11-902c-4783-aeec-6eb66725faea,2,2801.431576
2026/02/04/00:42:31,apply-time,rs-000935-ppk4g,f3309a99-0365-4aa5-9ae7-e37726215cdf,3,2802.431576
2026/02/04/00:42:31,apply-time,rs-000935-tbrd2,7aa2d977-03a7-4510-ae67-2f3f59c6a473,3,2802.431576
2026/02/04/00:42:37,apply-time,rs-000936-tzjfz,1fdc874a-f6dd-4b2b-b14a-099d854bd447,1,2809.431576
2026/02/04/00:42:37,apply-time,rs-000936-vm5hr,b8b5b118-490f-4065-b34a-927fc140f5e7,1,2809.431576
2026/02/04/00:42:39,apply-time,rs-000937-bmntr,edd2755c-a766-43bd-bada-71b7420b922a,2,2810.431576
2026/02/04/00:42:39,apply-time,rs-000937-lvbvg,9df0aa93-2895-4729-aec5-d0aced2112e1,2,2810.431576
2026/02/04/00:42:39,apply-time,rs-000937-v6sbq,87335f02-e9b1-4be2-afa4-b07673da6ece,2,2810.431576
2026/02/04/00:42:52,running-time,rs-000937-lvbvg,9df0aa93-2895-4729-aec5-d0aced2112e1,2,2823.431576
2026/02/04/00:42:58,running-time,rs-000937-bmntr,edd2755c-a766-43bd-bada-71b7420b922a,2,2829.431576
2026/02/04/00:43:16,apply-time,rs-000938-pzltg,97e6ca53-f555-4095-a567-db6cca51fdf1,2,2847.431576
2026/02/04/00:43:16,running-time,rs-000938-pzltg,97e6ca53-f555-4095-a567-db6cca51fdf1,2,2847.431576
2026/02/04/00:43:16,apply-time,rs-000939-s2xb6,1b47ceb5-c68d-470c-93ef-1aeb3f838b51,2,2847.431576
2026/02/04/00:43:16,running-time,rs-000939-s2xb6,1b47ceb5-c68d-470c-93ef-1aeb3f838b51,2,2847.431576
2026/02/04/00:43:16,apply-time,rs-000939-vxtbq,2278cc9d-555c-452a-89be-5985e892de27,2,2847.431576
2026/02/04/00:43:16,running-time,rs-000939-vxtbq,2278cc9d-555c-452a-89be-5985e892de27,2,2847.431576
2026/02/04/00:43:16,apply-time,rs-000940-sq6gl,4cbc4412-9f67-43d4-b371-e4e8321f267e,1,2847.431576
2026/02/04/00:43:16,running-time,rs-000940-sq6gl,4cbc4412-9f67-43d4-b371-e4e8321f267e,1,2847.431576
2026/02/04/00:43:18,apply-time,rs-000941-lfg76,f74ba142-8d8e-4f21-9471-040f2bf819ff,4,2849.431576
2026/02/04/00:43:18,running-time,rs-000941-lfg76,f74ba142-8d8e-4f21-9471-040f2bf819ff,4,2849.431576
2026/02/04/00:43:18,apply-time,rs-000942-4pzzl,e92b5946-0572-42a1-9963-7a0a6577303e,1,2849.431576
2026/02/04/00:43:18,running-time,rs-000942-4pzzl,e92b5946-0572-42a1-9963-7a0a6577303e,1,2849.431576
2026/02/04/00:43:18,apply-time,rs-000942-8n6dh,4ae378fe-2c74-4815-b0a1-0d21de49ea44,1,2849.431576
2026/02/04/00:43:18,apply-time,rs-000942-hrpd5,07725677-43bc-4275-b6a2-3769dbe470e3,1,2849.431576
2026/02/04/00:43:18,running-time,rs-000942-hrpd5,07725677-43bc-4275-b6a2-3769dbe470e3,1,2849.431576
2026/02/04/00:43:18,apply-time,rs-000943-6j257,bfba8c4e-4221-4833-8da1-71c6bf93f9be,1,2849.431576
2026/02/04/00:43:18,running-time,rs-000943-6j257,bfba8c4e-4221-4833-8da1-71c6bf93f9be,1,2849.431576
2026/02/04/00:43:18,apply-time,rs-000943-jk4gg,1b8adcdb-ea40-4aa5-ad8e-451fc0b33610,1,2849.431576
2026/02/04/00:43:18,running-time,rs-000943-jk4gg,1b8adcdb-ea40-4aa5-ad8e-451fc0b33610,1,2849.431576
2026/02/04/00:43:18,apply-time,rs-000943-r75v4,577d373b-73e4-4d19-824a-38034c0c4fbd,1,2849.431576
2026/02/04/00:43:18,running-time,rs-000943-r75v4,577d373b-73e4-4d19-824a-38034c0c4fbd,1,2849.431576
2026/02/04/00:43:45,apply-time,rs-000944-nsx8p,24eab25b-a7ca-4512-a552-5445c4eab643,2,2876.431576
2026/02/04/00:43:45,running-time,rs-000944-nsx8p,24eab25b-a7ca-4512-a552-5445c4eab643,2,2876.431576
2026/02/04/00:43:48,apply-time,rs-000945-jc9rv,a287657b-95cc-4bb7-8f7b-919470a54953,2,2879.431576
2026/02/04/00:43:48,running-time,rs-000945-jc9rv,a287657b-95cc-4bb7-8f7b-919470a54953,2,2879.431576
2026/02/04/00:43:48,apply-time,rs-000946-lc7c7,f7175016-b8b4-48f0-9b1a-19c000fa4cfa,1,2879.431576
2026/02/04/00:44:02,running-time,rs-000946-lc7c7,f7175016-b8b4-48f0-9b1a-19c000fa4cfa,1,2893.431576
2026/02/04/00:44:47,apply-time,rs-000947-kbsrk,45bcb848-2227-4871-b7b1-816852b292aa,1,2938.431576
2026/02/04/00:44:47,running-time,rs-000947-kbsrk,45bcb848-2227-4871-b7b1-816852b292aa,1,2938.431576
2026/02/04/00:44:47,apply-time,rs-000947-v9vnp,cbd7f229-a73e-4c97-aea1-2bfcc05d6455,1,2938.431576
2026/02/04/00:44:47,running-time,rs-000947-v9vnp,cbd7f229-a73e-4c97-aea1-2bfcc05d6455,1,2938.431576
2026/02/04/00:44:50,apply-time,rs-000948-2lbsf,8d27baaf-8628-4d9c-a79b-48a0cf9830fa,3,2942.431576
2026/02/04/00:44:50,running-time,rs-000948-2lbsf,8d27baaf-8628-4d9c-a79b-48a0cf9830fa,3,2942.431576
2026/02/04/00:44:50,apply-time,rs-000948-8mwxc,cdded65d-4c46-4a88-a004-0e4342ec9dd3,3,2942.431576
2026/02/04/00:44:50,running-time,rs-000948-8mwxc,cdded65d-4c46-4a88-a004-0e4342ec9dd3,3,2942.431576
2026/02/04/00:44:50,apply-time,rs-000948-qkvkk,3b8fa190-c93d-4ce3-8ae9-bb03065ad77e,3,2942.431576
2026/02/04/00:44:50,running-time,rs-000948-qkvkk,3b8fa190-c93d-4ce3-8ae9-bb03065ad77e,3,2942.431576
2026/02/04/00:44:52,apply-time,rs-000949-4rb25,3c67fc12-0e98-4c75-b4a9-c5bb7301b472,3,2943.431576
2026/02/04/00:44:52,running-time,rs-000949-4rb25,3c67fc12-0e98-4c75-b4a9-c5bb7301b472,3,2943.431576
2026/02/04/00:44:52,apply-time,rs-000949-cfsbh,08c1e77a-2e9a-4575-8569-b68916f9c55f,3,2943.431576
2026/02/04/00:44:52,running-time,rs-000949-cfsbh,08c1e77a-2e9a-4575-8569-b68916f9c55f,3,2943.431576
2026/02/04/00:44:52,apply-time,rs-000949-k5hxb,f46328f6-78fc-49bb-98ad-d128bf9c71b8,3,2943.431576
2026/02/04/00:44:52,running-time,rs-000949-k5hxb,f46328f6-78fc-49bb-98ad-d128bf9c71b8,3,2943.431576
2026/02/04/00:44:52,apply-time,rs-000950-bd6g5,6178ac41-e806-4a85-9898-d188ff042f44,2,2943.431576
2026/02/04/00:44:52,apply-time,rs-000950-pxmft,60521900-1151-4781-a37b-265ad950aa85,2,2943.431576
2026/02/04/00:44:52,running-time,rs-000950-pxmft,60521900-1151-4781-a37b-265ad950aa85,2,2943.431576
2026/02/04/00:45:46,apply-time,rs-000951-dcc5b,e198d513-c56c-4145-8377-a1edd2e2ba5a,3,2997.431576
2026/02/04/00:45:46,apply-time,rs-000951-f6j7l,3f985fa0-22ff-412c-8a75-d3f9a975b441,3,2997.431576
2026/02/04/00:45:46,running-time,rs-000951-f6j7l,3f985fa0-22ff-412c-8a75-d3f9a975b441,3,2997.431576
2026/02/04/00:45:46,apply-time,rs-000951-mnxml,c2550f2b-9629-45fa-9c95-29eb865194a7,3,2997.431576
2026/02/04/00:45:46,running-time,rs-000951-mnxml,c2550f2b-9629-45fa-9c95-29eb865194a7,3,2997.431576
2026/02/04/00:45:46,apply-time,rs-000952-r5dm5,1a8e38dd-a1b9-4915-b292-f86d397e7c2e,2,2997.431576
2026/02/04/00:45:46,running-time,rs-000952-r5dm5,1a8e38dd-a1b9-4915-b292-f86d397e7c2e,2,2997.431576
2026/02/04/00:45:46,apply-time,rs-000952-rkzk5,162773a6-4733-4397-845f-524aa8bafe8a,2,2997.431576
2026/02/04/00:45:46,running-time,rs-000952-rkzk5,162773a6-4733-4397-845f-524aa8bafe8a,2,2997.431576
2026/02/04/00:45:46,apply-time,rs-000952-srcqw,03363db2-7c62-4abd-8fd2-5e860e0cdc90,2,2997.431576
2026/02/04/00:45:46,running-time,rs-000952-srcqw,03363db2-7c62-4abd-8fd2-5e860e0cdc90,2,2997.431576
2026/02/04/00:45:46,apply-time,rs-000953-7vtlm,77a3755a-82fd-4437-98d4-650693d7a8f9,2,2998.431576
2026/02/04/00:45:46,apply-time,rs-000953-9t6fp,fc4270c7-70ed-4760-8ba8-2ae883529040,2,2998.431576
2026/02/04/00:46:08,apply-time,rs-000954-9xgfc,f777462c-6ee3-4f7d-8215-6674c867d282,3,3019.431576
2026/02/04/00:46:08,running-time,rs-000954-9xgfc,f777462c-6ee3-4f7d-8215-6674c867d282,3,3019.431576
2026/02/04/00:46:08,apply-time,rs-000954-j2ntb,12320adc-52ca-49f7-8520-ecf3ff760928,3,3019.431576
2026/02/04/00:46:08,running-time,rs-000954-j2ntb,12320adc-52ca-49f7-8520-ecf3ff760928,3,3019.431576
2026/02/04/00:46:08,apply-time,rs-000954-t7dzd,2fe3a901-35d6-46c1-9cae-fdc5647aef9a,3,3019.431576
2026/02/04/00:46:08,running-time,rs-000954-t7dzd,2fe3a901-35d6-46c1-9cae-fdc5647aef9a,3,3019.431576
2026/02/04/00:46:13,running-time,rs-000951-dcc5b,e198d513-c56c-4145-8377-a1edd2e2ba5a,3,3024.431576
2026/02/04/00:46:56,apply-time,rs-000955-8xvdf,7e95566c-a7a2-435f-abab-e318f38e76ae,1,3067.431576
2026/02/04/00:46:56,running-time,rs-000955-8xvdf,7e95566c-a7a2-435f-abab-e318f38e76ae,1,3067.431576
2026/02/04/00:46:56,apply-time,rs-000955-96dld,f216f329-01d1-406b-89a6-d9b5e1a22257,1,3067.431576
2026/02/04/00:46:56,running-time,rs-000955-96dld,f216f329-01d1-406b-89a6-d9b5e1a22257,1,3067.431576
2026/02/04/00:46:56,apply-time,rs-000956-kh87t,c4827ea3-3238-4cd8-b652-9f0a7ab1eadf,2,3067.431576
2026/02/04/00:46:56,running-time,rs-000956-kh87t,c4827ea3-3238-4cd8-b652-9f0a7ab1eadf,2,3067.431576
2026/02/04/00:47:37,apply-time,rs-000957-6mxvf,f84d0004-05e9-483e-ad0c-757c3dea59cb,3,3109.431576
2026/02/04/00:47:37,running-time,rs-000957-6mxvf,f84d0004-05e9-483e-ad0c-757c3dea59cb,3,3109.431576
2026/02/04/00:47:37,apply-time,rs-000957-nshfd,6d7fff8b-5ce6-4181-9c93-70f0ca978547,3,3109.431576
2026/02/04/00:47:37,running-time,rs-000957-nshfd,6d7fff8b-5ce6-4181-9c93-70f0ca978547,3,3109.431576
2026/02/04/00:47:37,apply-time,rs-000958-7sskd,1872d0ea-75e9-4d7f-a733-d8610fa2d700,4,3109.431576
2026/02/04/00:47:37,apply-time,rs-000958-fxn4c,a6ce3938-e4c4-42c4-bfe4-028b858537a5,4,3109.431576
2026/02/04/00:47:37,apply-time,rs-000958-hm694,010e47cd-6341-4aae-bc62-5736958912e7,4,3109.431576
2026/02/04/00:47:37,running-time,rs-000958-hm694,010e47cd-6341-4aae-bc62-5736958912e7,4,3109.431576
2026/02/04/00:47:37,apply-time,rs-000959-v8jd4,95442516-25df-4277-90c8-49d3cfa47e1a,1,3109.431576
2026/02/04/00:47:37,running-time,rs-000959-v8jd4,95442516-25df-4277-90c8-49d3cfa47e1a,1,3109.431576
2026/02/04/00:47:42,apply-time,rs-000960-8mlt9,60c2ec59-f25f-4603-8ac6-db3d7af556c8,3,3114.431576
2026/02/04/00:47:42,running-time,rs-000960-8mlt9,60c2ec59-f25f-4603-8ac6-db3d7af556c8,3,3114.431576
2026/02/04/00:47:42,apply-time,rs-000960-f4h8q,9f5dbe03-2e10-4d7d-97cb-a217b83404ce,3,3114.431576
2026/02/04/00:47:42,running-time,rs-000960-f4h8q,9f5dbe03-2e10-4d7d-97cb-a217b83404ce,3,3114.431576
2026/02/04/00:47:43,apply-time,rs-000961-9wfq8,e2babe1c-bf66-4d55-933a-743de44aba74,1,3114.431576
2026/02/04/00:47:43,running-time,rs-000961-9wfq8,e2babe1c-bf66-4d55-933a-743de44aba74,1,3114.431576
2026/02/04/00:47:43,apply-time,rs-000962-4k57v,e62dee7e-2fe0-4280-8997-98c3c5c435aa,1,3114.431576
2026/02/04/00:47:43,running-time,rs-000962-4k57v,e62dee7e-2fe0-4280-8997-98c3c5c435aa,1,3114.431576
2026/02/04/00:47:43,apply-time,rs-000962-6tfkl,00a62526-c1c7-4592-9ee1-e6ae8c08b01c,1,3114.431576
2026/02/04/00:47:43,running-time,rs-000962-6tfkl,00a62526-c1c7-4592-9ee1-e6ae8c08b01c,1,3114.431576
2026/02/04/00:47:43,apply-time,rs-000962-cj7zl,def3c2e6-b431-437f-bab7-b5f74fcac3c1,1,3114.431576
2026/02/04/00:47:43,running-time,rs-000962-cj7zl,def3c2e6-b431-437f-bab7-b5f74fcac3c1,1,3114.431576
2026/02/04/00:47:43,apply-time,rs-000963-rclgx,5333d522-576f-4996-b3f7-f1905513a1dc,1,3114.431576
2026/02/04/00:47:43,running-time,rs-000963-rclgx,5333d522-576f-4996-b3f7-f1905513a1dc,1,3114.431576
2026/02/04/00:47:46,running-time,rs-000958-7sskd,1872d0ea-75e9-4d7f-a733-d8610fa2d700,4,3118.431576
2026/02/04/00:47:47,running-time,rs-000958-fxn4c,a6ce3938-e4c4-42c4-bfe4-028b858537a5,4,3118.431576
2026/02/04/00:48:08,apply-time,rs-000964-74pw2,bf69d854-bae2-4125-b513-a59ba1cdabbb,1,3140.431576
2026/02/04/00:48:08,running-time,rs-000964-74pw2,bf69d854-bae2-4125-b513-a59ba1cdabbb,1,3140.431576
2026/02/04/00:48:08,apply-time,rs-000964-7fq5p,9d63ecf4-ece8-496f-8c88-6dd9192ee99a,1,3140.431576
2026/02/04/00:48:08,running-time,rs-000964-7fq5p,9d63ecf4-ece8-496f-8c88-6dd9192ee99a,1,3140.431576
2026/02/04/00:48:09,apply-time,rs-000965-6j8wt,0c937383-33b8-46a3-85b2-2ef5f9c92a4e,2,3140.431576
2026/02/04/00:48:09,running-time,rs-000965-6j8wt,0c937383-33b8-46a3-85b2-2ef5f9c92a4e,2,3140.431576
2026/02/04/00:48:09,apply-time,rs-000966-6sw8f,5b226905-38a8-42c1-b710-4e01fe39156d,1,3140.431576
2026/02/04/00:48:09,running-time,rs-000966-6sw8f,5b226905-38a8-42c1-b710-4e01fe39156d,1,3140.431576
2026/02/04/00:48:09,apply-time,rs-000967-8h44g,56299513-a269-449f-b900-9b4bf177eb04,1,3141.431576
2026/02/04/00:48:09,apply-time,rs-000967-pwh8k,a39c5e73-f0d2-4f25-9b2f-aa49cd9ae4e9,1,3141.431576
2026/02/04/00:48:09,apply-time,rs-000967-vdjwh,b168833a-796c-433d-b8c5-2ba704b8ae7b,1,3141.431576
2026/02/04/00:48:10,running-time,rs-000967-8h44g,56299513-a269-449f-b900-9b4bf177eb04,1,3141.431576
2026/02/04/00:48:10,running-time,rs-000967-vdjwh,b168833a-796c-433d-b8c5-2ba704b8ae7b,1,3141.431576
2026/02/04/00:48:34,apply-time,rs-000968-tdd2d,680f7e51-cb60-4bfd-9c0a-754618153be5,1,3165.431576
2026/02/04/00:48:34,running-time,rs-000968-tdd2d,680f7e51-cb60-4bfd-9c0a-754618153be5,1,3166.431576
2026/02/04/00:48:34,apply-time,rs-000968-zb2l7,b13bb047-46e8-462c-8679-eea6b4468722,1,3166.431576
2026/02/04/00:48:34,running-time,rs-000968-zb2l7,b13bb047-46e8-462c-8679-eea6b4468722,1,3166.431576
2026/02/04/00:48:34,apply-time,rs-000969-vvhqz,9f4005aa-1f6b-4fd6-ae99-db5c446736b4,2,3165.431576
2026/02/04/00:48:34,running-time,rs-000969-vvhqz,9f4005aa-1f6b-4fd6-ae99-db5c446736b4,2,3166.431576
2026/02/04/00:48:34,apply-time,rs-000970-dhzd6,e928e461-ddef-4a37-ad38-cf66f78d6eb1,4,3166.431576
2026/02/04/00:48:34,apply-time,rs-000970-zpp6h,aad1e505-05bf-42d5-a84b-494499c83f70,4,3166.431576
2026/02/04/00:48:34,running-time,rs-000970-zpp6h,aad1e505-05bf-42d5-a84b-494499c83f70,4,3166.431576
2026/02/04/00:48:35,running-time,rs-000970-dhzd6,e928e461-ddef-4a37-ad38-cf66f78d6eb1,4,3166.431576
2026/02/04/00:48:54,apply-time,rs-000971-bk9nd,9145057c-353a-4a85-b3c0-f58789cb8331,4,3185.431576
2026/02/04/00:48:54,running-time,rs-000971-bk9nd,9145057c-353a-4a85-b3c0-f58789cb8331,4,3185.431576
2026/02/04/00:48:54,apply-time,rs-000971-jjzmw,bd5696d7-9767-438f-8d92-fea38dd477da,4,3185.431576
2026/02/04/00:48:54,running-time,rs-000971-jjzmw,bd5696d7-9767-438f-8d92-fea38dd477da,4,3185.431576
2026/02/04/00:49:19,apply-time,rs-000972-lwv86,794f6621-586b-42b2-9120-cc0a39595b1d,1,3210.431576
2026/02/04/00:49:19,running-time,rs-000972-lwv86,794f6621-586b-42b2-9120-cc0a39595b1d,1,3211.431576
2026/02/04/00:49:19,apply-time,rs-000972-n6xm4,500f74e1-41ed-44ef-b3c2-19337a7f9565,1,3211.431576
2026/02/04/00:49:19,running-time,rs-000972-n6xm4,500f74e1-41ed-44ef-b3c2-19337a7f9565,1,3211.431576
2026/02/04/00:49:19,apply-time,rs-000972-qgq95,9134d599-e56a-489a-968f-fe528364723b,1,3211.431576
2026/02/04/00:49:19,running-time,rs-000972-qgq95,9134d599-e56a-489a-968f-fe528364723b,1,3211.431576
2026/02/04/00:49:23,apply-time,rs-000973-2krn4,7a1d151c-7abc-4ec8-a71b-3c732712f08a,3,3215.431576
2026/02/04/00:49:23,running-time,rs-000973-2krn4,7a1d151c-7abc-4ec8-a71b-3c732712f08a,3,3215.431576
2026/02/04/00:49:23,apply-time,rs-000973-vsvdv,69edf198-f5ce-4a13-b99f-abad19b8a4f4,3,3215.431576
2026/02/04/00:49:23,running-time,rs-000973-vsvdv,69edf198-f5ce-4a13-b99f-abad19b8a4f4,3,3215.431576
2026/02/04/00:49:23,apply-time,rs-000973-w2sgp,8eba3bac-d997-490c-92c9-23691f06183c,3,3215.431576
2026/02/04/00:49:23,running-time,rs-000973-w2sgp,8eba3bac-d997-490c-92c9-23691f06183c,3,3215.431576
2026/02/04/00:50:19,apply-time,rs-000974-6qnfw,20ab02e4-b3cf-48fb-a499-c9d3fcf537bf,1,3270.431576
2026/02/04/00:50:19,running-time,rs-000974-6qnfw,20ab02e4-b3cf-48fb-a499-c9d3fcf537bf,1,3270.431576
2026/02/04/00:50:19,apply-time,rs-000974-rmpzt,b7badee5-f881-404b-aeb6-fe399e6a4b2e,1,3270.431576
2026/02/04/00:50:19,running-time,rs-000974-rmpzt,b7badee5-f881-404b-aeb6-fe399e6a4b2e,1,3270.431576
2026/02/04/00:50:25,apply-time,rs-000975-jsxtw,625bda80-4d7b-4b1b-bdcd-017655386326,1,3277.431576
2026/02/04/00:50:25,running-time,rs-000975-jsxtw,625bda80-4d7b-4b1b-bdcd-017655386326,1,3277.431576
2026/02/04/00:50:25,apply-time,rs-000975-xjmbw,c0e9a41f-67cd-42da-aa22-ed1d4abd6fea,1,3277.431576
2026/02/04/00:50:25,running-time,rs-000975-xjmbw,c0e9a41f-67cd-42da-aa22-ed1d4abd6fea,1,3277.431576
2026/02/04/00:50:25,apply-time,rs-000976-22wqg,8489e6bf-b315-4224-a0db-ef6ab9bbc342,4,3277.431576
2026/02/04/00:50:25,running-time,rs-000976-22wqg,8489e6bf-b315-4224-a0db-ef6ab9bbc342,4,3277.431576
2026/02/04/00:50:25,apply-time,rs-000976-pn89m,d0bac319-41d0-41f6-b8c1-19c8ed6d5847,4,3277.431576
2026/02/04/00:50:25,running-time,rs-000976-pn89m,d0bac319-41d0-41f6-b8c1-19c8ed6d5847,4,3277.431576
2026/02/04/00:50:25,apply-time,rs-000977-wzrk2,b13803d2-1e2f-4a60-b30b-54d0b1fd4a6b,1,3277.431576
2026/02/04/00:50:25,running-time,rs-000977-wzrk2,b13803d2-1e2f-4a60-b30b-54d0b1fd4a6b,1,3277.431576
2026/02/04/00:50:25,apply-time,rs-000978-4g7p6,64640501-8be4-481a-8c98-1209990e5f5b,4,3277.431576
2026/02/04/00:50:25,running-time,rs-000978-4g7p6,64640501-8be4-481a-8c98-1209990e5f5b,4,3277.431576
2026/02/04/00:50:25,apply-time,rs-000979-ff5fl,6c452794-06ab-4319-92c2-e37ebf4fbe6e,3,3277.431576
2026/02/04/00:50:25,running-time,rs-000979-ff5fl,6c452794-06ab-4319-92c2-e37ebf4fbe6e,3,3277.431576
2026/02/04/00:50:26,apply-time,rs-000980-4cqkh,57a76e64-cbf0-4de4-aada-5a1afc2828cf,1,3277.431576
2026/02/04/00:50:26,running-time,rs-000980-4cqkh,57a76e64-cbf0-4de4-aada-5a1afc2828cf,1,3277.431576
2026/02/04/00:50:26,apply-time,rs-000981-dbr47,f5510660-51a8-4670-91ed-59a4e4fe1f25,1,3277.431576
2026/02/04/00:50:26,running-time,rs-000981-dbr47,f5510660-51a8-4670-91ed-59a4e4fe1f25,1,3277.431576
2026/02/04/00:50:55,apply-time,rs-000982-dlmzx,fecc9e8d-09cf-4986-9157-dfcb1761dcea,4,3306.431576
2026/02/04/00:50:55,running-time,rs-000982-dlmzx,fecc9e8d-09cf-4986-9157-dfcb1761dcea,4,3306.431576
2026/02/04/00:50:55,apply-time,rs-000982-nnwfr,a6dc6cf0-6927-47a6-861a-25646044696e,4,3306.431576
2026/02/04/00:50:55,running-time,rs-000982-nnwfr,a6dc6cf0-6927-47a6-861a-25646044696e,4,3306.431576
2026/02/04/00:50:55,apply-time,rs-000982-zm7lx,ecce5f5a-3405-490f-b12a-1a840574e3d2,4,3306.431576
2026/02/04/00:50:55,running-time,rs-000982-zm7lx,ecce5f5a-3405-490f-b12a-1a840574e3d2,4,3306.431576
2026/02/04/00:50:55,apply-time,rs-000983-2qx5t,c8e0c941-452e-40ff-9c5c-79d4a5cf816c,1,3306.431576
2026/02/04/00:50:55,running-time,rs-000983-2qx5t,c8e0c941-452e-40ff-9c5c-79d4a5cf816c,1,3306.431576
2026/02/04/00:50:55,apply-time,rs-000983-gmjst,91e6bacc-114e-46bf-b792-ac394d9f5bcb,1,3306.431576
2026/02/04/00:50:55,running-time,rs-000983-gmjst,91e6bacc-114e-46bf-b792-ac394d9f5bcb,1,3306.431576
2026/02/04/00:50:55,apply-time,rs-000983-hgwfp,0b23bc7c-61fc-4cf9-90c2-cff643137182,1,3306.431576
2026/02/04/00:50:55,running-time,rs-000983-hgwfp,0b23bc7c-61fc-4cf9-90c2-cff643137182,1,3306.431576
2026/02/04/00:50:55,apply-time,rs-000984-8rdxv,f4621058-248f-447a-8218-fe295b14b4f1,2,3306.431576
2026/02/04/00:50:55,running-time,rs-000984-8rdxv,f4621058-248f-447a-8218-fe295b14b4f1,2,3306.431576
2026/02/04/00:50:55,apply-time,rs-000984-knhbp,37f2bee3-4d58-4475-abc2-0ea8d3fc2a15,2,3306.431576
2026/02/04/00:50:55,running-time,rs-000984-knhbp,37f2bee3-4d58-4475-abc2-0ea8d3fc2a15,2,3306.431576
2026/02/04/00:50:56,apply-time,rs-000985-vdxxx,04233559-b868-4860-a649-04d45ab3f34e,1,3307.431576
2026/02/04/00:50:56,running-time,rs-000985-vdxxx,04233559-b868-4860-a649-04d45ab3f34e,1,3307.431576
2026/02/04/00:50:56,apply-time,rs-000986-6k7vw,e1092328-ffcc-49f9-a003-b10c144f0d98,4,3307.431576
2026/02/04/00:50:56,running-time,rs-000986-6k7vw,e1092328-ffcc-49f9-a003-b10c144f0d98,4,3307.431576
2026/02/04/00:51:11,apply-time,rs-000987-8rz97,5734f9c6-178b-47cd-a29a-9a06f1fe28e1,1,3323.431576
2026/02/04/00:51:11,running-time,rs-000987-8rz97,5734f9c6-178b-47cd-a29a-9a06f1fe28e1,1,3323.431576
2026/02/04/00:51:11,apply-time,rs-000987-vwmmn,231e53a3-b0fe-4c6f-82e9-d50d9c603499,1,3323.431576
2026/02/04/00:51:11,running-time,rs-000987-vwmmn,231e53a3-b0fe-4c6f-82e9-d50d9c603499,1,3323.431576
2026/02/04/00:51:11,apply-time,rs-000988-9tgnh,fd8a3543-0221-4e64-a5a5-bcc83d098116,4,3323.431576
2026/02/04/00:51:11,apply-time,rs-000988-cncqf,ef5e52d4-4b95-4868-81b6-824962cfec8f,4,3323.431576
2026/02/04/00:51:12,apply-time,rs-000989-tdwtm,6384501a-e59f-4d2f-bb18-d639c33ffd06,1,3323.431576
2026/02/04/00:51:12,running-time,rs-000989-tdwtm,6384501a-e59f-4d2f-bb18-d639c33ffd06,1,3323.431576
2026/02/04/00:51:13,apply-time,rs-000990-hm5b9,a3319422-5232-4a19-8436-9716381c2d19,4,3324.431576
2026/02/04/00:51:13,running-time,rs-000990-hm5b9,a3319422-5232-4a19-8436-9716381c2d19,4,3324.431576
2026/02/04/00:51:13,apply-time,rs-000990-n525d,10761e13-b7e3-42bc-9b7e-426b9d70edcc,4,3324.431576
2026/02/04/00:51:13,running-time,rs-000990-n525d,10761e13-b7e3-42bc-9b7e-426b9d70edcc,4,3324.431576
2026/02/04/00:51:13,apply-time,rs-000990-zrg49,a53f3c44-3607-4a00-8e01-85ec9590d381,4,3324.431576
2026/02/04/00:51:13,running-time,rs-000990-zrg49,a53f3c44-3607-4a00-8e01-85ec9590d381,4,3324.431576
2026/02/04/00:51:13,apply-time,rs-000991-268dp,72b3a738-ac36-4863-ba96-fd04aed85f3d,3,3324.431576
2026/02/04/00:51:13,running-time,rs-000991-268dp,72b3a738-ac36-4863-ba96-fd04aed85f3d,3,3324.431576
2026/02/04/00:51:13,apply-time,rs-000992-82w5m,7652124b-6fb5-4b7a-a25f-24cd1c58d3c5,1,3324.431576
2026/02/04/00:51:13,running-time,rs-000992-82w5m,7652124b-6fb5-4b7a-a25f-24cd1c58d3c5,1,3324.431576
2026/02/04/00:51:13,apply-time,rs-000993-r7mjr,60bbfbb5-6aba-4b09-897e-01e9fb9ca157,3,3324.431576
2026/02/04/00:51:13,running-time,rs-000993-r7mjr,60bbfbb5-6aba-4b09-897e-01e9fb9ca157,3,3324.431576
2026/02/04/00:51:13,apply-time,rs-000993-wkt5d,288a637f-5759-4bfd-ab1e-0ccc7edd83bf,3,3324.431576
2026/02/04/00:51:13,running-time,rs-000993-wkt5d,288a637f-5759-4bfd-ab1e-0ccc7edd83bf,3,3324.431576
2026/02/04/00:51:13,apply-time,rs-000994-g7xf8,c4b50ccf-eac2-4597-8f06-d13367b90efd,2,3324.431576
2026/02/04/00:51:13,running-time,rs-000994-g7xf8,c4b50ccf-eac2-4597-8f06-d13367b90efd,2,3324.431576
2026/02/04/00:51:13,apply-time,rs-000994-kfr6k,6cc6c253-46ad-44a3-befd-6ec15e127385,2,3324.431576
2026/02/04/00:51:13,running-time,rs-000994-kfr6k,6cc6c253-46ad-44a3-befd-6ec15e127385,2,3324.431576
2026/02/04/00:51:13,apply-time,rs-000995-fstnj,19c83880-a14d-4c4f-90c9-589131a9395c,2,3325.431576
2026/02/04/00:51:13,running-time,rs-000995-fstnj,19c83880-a14d-4c4f-90c9-589131a9395c,2,3325.431576
2026/02/04/00:51:13,apply-time,rs-000995-pz7mf,22ff4fc1-3a9a-4407-a489-7a0d8b7061a3,2,3325.431576
2026/02/04/00:51:13,running-time,rs-000995-pz7mf,22ff4fc1-3a9a-4407-a489-7a0d8b7061a3,2,3325.431576
2026/02/04/00:51:16,apply-time,rs-000996-mk8gt,dc2ff99a-b85b-4a00-bf12-098c85a673be,1,3327.431576
2026/02/04/00:51:16,running-time,rs-000996-mk8gt,dc2ff99a-b85b-4a00-bf12-098c85a673be,1,3327.431576
2026/02/04/00:51:16,apply-time,rs-000997-bthxt,80b78b14-cf77-495e-8230-005037f08dbf,3,3328.431576
2026/02/04/00:51:16,apply-time,rs-000997-ghdxk,0eab2aa4-8b83-44c5-9740-66c83b504d2a,3,3328.431576
2026/02/04/00:51:16,apply-time,rs-000998-rc76n,0cae2796-2c5a-4fef-98f2-f918730c2957,4,3328.431576
2026/02/04/00:51:16,running-time,rs-000998-rc76n,0cae2796-2c5a-4fef-98f2-f918730c2957,4,3328.431576
2026/02/04/00:51:16,apply-time,rs-000999-drndf,ce2b4a51-b0fc-4bf8-93c1-cc0b3b3ad7c1,1,3328.431576
2026/02/04/00:51:16,running-time,rs-000999-drndf,ce2b4a51-b0fc-4bf8-93c1-cc0b3b3ad7c1,1,3328.431576
2026/02/04/00:51:16,apply-time,rs-000999-xshsk,c55df0f5-6017-4383-bd5f-2ebd462d5370,1,3328.431576
2026/02/04/00:51:16,apply-time,rs-001000-6t2b7,c72df65e-67ed-42bd-8f03-d162c3bf513f,4,3328.431576
2026/02/04/00:51:16,running-time,rs-001000-6t2b7,c72df65e-67ed-42bd-8f03-d162c3bf513f,4,3328.431576
2026/02/04/00:51:16,apply-time,rs-001000-m6bhc,28ec3050-2217-4cac-94a4-868f760cc24e,4,3328.431576
2026/02/04/00:51:16,running-time,rs-001000-m6bhc,28ec3050-2217-4cac-94a4-868f760cc24e,4,3328.431576
2026/02/04/00:51:16,apply-time,rs-001000-qkl94,f866ecce-7b00-4beb-9b4d-8b213c0b2e6f,4,3328.431576
2026/02/04/00:51:16,running-time,rs-001000-qkl94,f866ecce-7b00-4beb-9b4d-8b213c0b2e6f,4,3328.431576
2026/02/04/00:51:17,apply-time,rs-001001-sm9nc,531542c9-810c-4303-a5f0-ef872504bff5,2,3329.431576
2026/02/04/00:51:17,running-time,rs-001001-sm9nc,531542c9-810c-4303-a5f0-ef872504bff5,2,3329.431576
2026/02/04/00:51:17,apply-time,rs-001002-47k5n,0b63f48c-e563-4211-adcd-3d80901f884e,4,3329.431576
2026/02/04/00:51:17,running-time,rs-001002-47k5n,0b63f48c-e563-4211-adcd-3d80901f884e,4,3329.431576
2026/02/04/00:51:17,apply-time,rs-001002-cv2kn,202ad2ee-6f5f-4e4b-9606-7f23ea32b2ac,4,3329.431576
2026/02/04/00:51:17,running-time,rs-001002-cv2kn,202ad2ee-6f5f-4e4b-9606-7f23ea32b2ac,4,3329.431576
2026/02/04/00:51:17,apply-time,rs-001002-czrg2,0a30cf84-bac1-4eae-837e-6dcf97f4c932,4,3329.431576
2026/02/04/00:51:17,running-time,rs-001002-czrg2,0a30cf84-bac1-4eae-837e-6dcf97f4c932,4,3329.431576
2026/02/04/00:51:28,apply-time,rs-001003-5g6nj,8659636c-7acf-477c-a965-49e73874784d,2,3340.431576
2026/02/04/00:51:28,running-time,rs-001003-5g6nj,8659636c-7acf-477c-a965-49e73874784d,2,3340.431576
2026/02/04/00:51:28,apply-time,rs-001003-qts2f,4271e322-be86-49a2-af48-9d46278fdf10,2,3340.431576
2026/02/04/00:51:28,running-time,rs-001003-qts2f,4271e322-be86-49a2-af48-9d46278fdf10,2,3340.431576
2026/02/04/00:51:28,apply-time,rs-001004-72k26,84e5b075-dde7-4462-92f6-577a3059b512,1,3340.431576
2026/02/04/00:51:28,running-time,rs-001004-72k26,84e5b075-dde7-4462-92f6-577a3059b512,1,3340.431576
2026/02/04/00:51:28,apply-time,rs-001005-j2r9t,7e3225f6-72e3-4b59-8493-9c1abcd2f920,3,3340.431576
2026/02/04/00:51:28,running-time,rs-001005-j2r9t,7e3225f6-72e3-4b59-8493-9c1abcd2f920,3,3340.431576
2026/02/04/00:51:28,apply-time,rs-001005-v7f9w,63f765cb-7ab4-463d-b6df-dffb1eaf2673,3,3340.431576
2026/02/04/00:51:28,running-time,rs-001005-v7f9w,63f765cb-7ab4-463d-b6df-dffb1eaf2673,3,3340.431576
2026/02/04/00:51:29,apply-time,rs-001006-d5569,eb197886-43a5-4736-9a3c-a50aa99e65b2,4,3340.431576
2026/02/04/00:51:29,running-time,rs-001006-d5569,eb197886-43a5-4736-9a3c-a50aa99e65b2,4,3340.431576
2026/02/04/00:51:29,apply-time,rs-001006-jvdfh,c8a9dca8-29dc-4afb-a037-dcb7801ec222,4,3340.431576
2026/02/04/00:51:29,running-time,rs-001006-jvdfh,c8a9dca8-29dc-4afb-a037-dcb7801ec222,4,3340.431576
2026/02/04/00:51:29,apply-time,rs-001007-2xq4f,42729577-ce46-4e7d-850c-3c7c550bd914,2,3340.431576
2026/02/04/00:51:29,running-time,rs-001007-2xq4f,42729577-ce46-4e7d-850c-3c7c550bd914,2,3340.431576
2026/02/04/00:51:29,apply-time,rs-001007-2zds9,d6f87106-091f-417f-b4f5-d1cc2aa607eb,2,3340.431576
2026/02/04/00:51:29,apply-time,rs-001008-rnjrn,dc28b53f-424f-4fdf-a604-43305755a6fc,3,3340.431576
2026/02/04/00:51:29,running-time,rs-001008-rnjrn,dc28b53f-424f-4fdf-a604-43305755a6fc,3,3340.431576
2026/02/04/00:51:30,running-time,rs-000988-cncqf,ef5e52d4-4b95-4868-81b6-824962cfec8f,4,3341.431576
2026/02/04/00:51:30,running-time,rs-001007-2zds9,d6f87106-091f-417f-b4f5-d1cc2aa607eb,2,3341.431576
2026/02/04/00:51:34,apply-time,rs-001009-vsjvs,864cc819-be65-4397-a879-55c1cc6a7741,1,3345.431576
2026/02/04/00:51:34,running-time,rs-001009-vsjvs,864cc819-be65-4397-a879-55c1cc6a7741,1,3345.431576
2026/02/04/00:51:34,apply-time,rs-001010-bktw4,2d1da5f5-eec8-4d56-aebd-b9543740b35e,1,3345.431576
2026/02/04/00:51:34,running-time,rs-001010-bktw4,2d1da5f5-eec8-4d56-aebd-b9543740b35e,1,3345.431576
2026/02/04/00:51:34,apply-time,rs-001010-lflv4,e08879b0-b220-4e00-8931-39741ed8c26a,1,3345.431576
2026/02/04/00:51:34,running-time,rs-001010-lflv4,e08879b0-b220-4e00-8931-39741ed8c26a,1,3345.431576
2026/02/04/00:51:34,apply-time,rs-001010-wmjmq,d7fffdf0-1489-494b-b342-7d20cdd60127,1,3345.431576
2026/02/04/00:51:34,running-time,rs-001010-wmjmq,d7fffdf0-1489-494b-b342-7d20cdd60127,1,3345.431576
2026/02/04/00:51:34,apply-time,rs-001011-bgtts,bb71207e-7b9d-4cc8-b9f7-1a6b5fab0a40,2,3345.431576
2026/02/04/00:51:34,running-time,rs-001011-bgtts,bb71207e-7b9d-4cc8-b9f7-1a6b5fab0a40,2,3345.431576
2026/02/04/00:51:43,running-time,rs-000988-9tgnh,fd8a3543-0221-4e64-a5a5-bcc83d098116,4,3355.431576
2026/02/04/00:51:46,apply-time,rs-000441-xxfjt,19dadbb8-2f21-4d98-b82f-96f69a8ca39f,1,3357.431576
2026/02/04/00:51:46,running-time,rs-000441-xxfjt,19dadbb8-2f21-4d98-b82f-96f69a8ca39f,1,3357.431576
2026/02/04/00:52:19,apply-time,rs-001012-44dp7,d8b0ea9d-6240-4939-b73f-71a70b08503d,2,3390.431576
2026/02/04/00:52:19,running-time,rs-001012-44dp7,d8b0ea9d-6240-4939-b73f-71a70b08503d,2,3390.431576
2026/02/04/00:52:19,apply-time,rs-001013-rxx46,a63c0382-d718-4873-b243-2b3b56390b8d,1,3391.431576
2026/02/04/00:52:19,running-time,rs-001013-rxx46,a63c0382-d718-4873-b243-2b3b56390b8d,1,3391.431576
2026/02/04/00:52:19,apply-time,rs-001014-9rjpf,01755f76-3dcd-40d4-9cb0-2d75940f353f,2,3391.431576
2026/02/04/00:52:19,apply-time,rs-001014-cq9qf,fd3a5c0e-fad3-4717-bce6-c27ef2fc19e7,2,3391.431576
2026/02/04/00:52:19,apply-time,rs-001015-4dw78,92dadd65-b35a-48be-847b-401264c33562,3,3391.431576
2026/02/04/00:52:19,running-time,rs-001015-4dw78,92dadd65-b35a-48be-847b-401264c33562,3,3391.431576
2026/02/04/00:52:19,apply-time,rs-001015-g9llp,0a439a82-c5a8-41b4-b498-f209cd0f5391,3,3391.431576
2026/02/04/00:52:19,running-time,rs-001015-g9llp,0a439a82-c5a8-41b4-b498-f209cd0f5391,3,3391.431576
2026/02/04/00:52:19,apply-time,rs-001015-xswq2,c09a37ea-8ea9-4ec0-9e10-7bd741ce30ea,3,3391.431576
2026/02/04/00:52:19,running-time,rs-001015-xswq2,c09a37ea-8ea9-4ec0-9e10-7bd741ce30ea,3,3391.431576
2026/02/04/00:52:19,apply-time,rs-001016-5mnqf,1c7b27e4-2130-40ce-b903-89651abea4ce,1,3391.431576
2026/02/04/00:52:19,apply-time,rs-001017-4drbt,0007f774-2e84-4c0b-9840-53fcdbdbccc4,1,3391.431576
2026/02/04/00:52:19,running-time,rs-001017-4drbt,0007f774-2e84-4c0b-9840-53fcdbdbccc4,1,3391.431576
2026/02/04/00:52:19,apply-time,rs-001017-hjbfc,6fbe052c-0d18-475c-aa40-980b2814fa46,1,3391.431576
2026/02/04/00:52:19,apply-time,rs-001017-mddz4,15eb6cae-d380-4e23-a13d-93392d73730b,1,3391.431576
2026/02/04/00:52:19,running-time,rs-001017-mddz4,15eb6cae-d380-4e23-a13d-93392d73730b,1,3391.431576
2026/02/04/00:52:19,apply-time,rs-001018-sgqpg,9933bfdb-51f1-4e4b-9217-ed7225042aa7,1,3391.431576
2026/02/04/00:52:19,running-time,rs-001018-sgqpg,9933bfdb-51f1-4e4b-9217-ed7225042aa7,1,3391.431576
2026/02/04/00:52:19,apply-time,rs-001018-w6v2d,32520a6f-1471-4f4c-93a5-e7d3910eefc4,1,3391.431576
2026/02/04/00:52:19,running-time,rs-001018-w6v2d,32520a6f-1471-4f4c-93a5-e7d3910eefc4,1,3391.431576
2026/02/04/00:52:22,running-time,rs-001017-hjbfc,6fbe052c-0d18-475c-aa40-980b2814fa46,1,3393.431576
2026/02/04/00:52:58,apply-time,rs-001019-pfg2r,15993c67-407e-4923-9f3c-e225d2029e94,4,3429.431576
2026/02/04/00:52:58,running-time,rs-001019-pfg2r,15993c67-407e-4923-9f3c-e225d2029e94,4,3429.431576
2026/02/04/00:52:58,apply-time,rs-001020-t4xtx,438b230a-1bd9-4d3a-b524-0d2dc8f747af,3,3430.431576
2026/02/04/00:52:58,running-time,rs-001020-t4xtx,438b230a-1bd9-4d3a-b524-0d2dc8f747af,3,3430.431576
2026/02/04/00:52:58,apply-time,rs-001021-2k8n4,f3a5dfe1-1680-4666-9af5-bf8287220123,1,3430.431576
2026/02/04/00:52:58,running-time,rs-001021-2k8n4,f3a5dfe1-1680-4666-9af5-bf8287220123,1,3430.431576
2026/02/04/00:52:58,apply-time,rs-001021-96hrp,b0782595-2caf-4d92-8769-1cc9f4ed986d,1,3430.431576
2026/02/04/00:52:58,running-time,rs-001021-96hrp,b0782595-2caf-4d92-8769-1cc9f4ed986d,1,3430.431576
2026/02/04/00:52:58,apply-time,rs-001022-2bfzb,53a59d6d-15d0-46cb-b648-bf4003fc2718,1,3430.431576
2026/02/04/00:52:58,running-time,rs-001022-2bfzb,53a59d6d-15d0-46cb-b648-bf4003fc2718,1,3430.431576
2026/02/04/00:52:58,apply-time,rs-001022-5l2qv,5531492f-62bd-4626-b038-b87ba77b7dc4,1,3430.431576
2026/02/04/00:52:58,running-time,rs-001022-5l2qv,5531492f-62bd-4626-b038-b87ba77b7dc4,1,3430.431576
2026/02/04/00:52:58,apply-time,rs-001023-ss4w5,99dc969d-8360-481a-b38e-6a5d7b4d7cc5,4,3429.431576
2026/02/04/00:53:36,apply-time,rs-001024-db6zl,5e298664-f754-4a9a-b6eb-07924fd4c3b4,4,3467.431576
2026/02/04/00:53:36,running-time,rs-001024-db6zl,5e298664-f754-4a9a-b6eb-07924fd4c3b4,4,3467.431576
2026/02/04/00:53:36,apply-time,rs-001024-p6lw9,5353bb95-3a56-4d2d-b60b-90eb8ade35c5,4,3467.431576
2026/02/04/00:53:37,apply-time,rs-001025-g4s7q,2e94b22d-18d1-4194-9f70-7d7a16f64781,1,3468.431576
2026/02/04/00:53:37,running-time,rs-001025-g4s7q,2e94b22d-18d1-4194-9f70-7d7a16f64781,1,3468.431576
2026/02/04/00:53:37,apply-time,rs-001026-5q5kn,b842b4d2-750a-47e7-9892-4b32f03fdb82,1,3468.431576
2026/02/04/00:53:37,running-time,rs-001026-5q5kn,b842b4d2-750a-47e7-9892-4b32f03fdb82,1,3468.431576
2026/02/04/00:53:39,apply-time,rs-001027-cskq9,159f0ab3-7b8e-43b7-b1ed-6e9aa9a00c3c,2,3470.431576
2026/02/04/00:53:39,running-time,rs-001027-cskq9,159f0ab3-7b8e-43b7-b1ed-6e9aa9a00c3c,2,3470.431576
2026/02/04/00:53:39,apply-time,rs-001028-8x7rt,8e4a58e5-54b5-4bb9-88a1-227dae47df8a,1,3470.431576
2026/02/04/00:53:39,running-time,rs-001028-8x7rt,8e4a58e5-54b5-4bb9-88a1-227dae47df8a,1,3470.431576
2026/02/04/00:53:39,apply-time,rs-001028-kmzzd,afa0ae49-3645-453b-a976-6a816efdc3d2,1,3470.431576
2026/02/04/00:53:39,running-time,rs-001028-kmzzd,afa0ae49-3645-453b-a976-6a816efdc3d2,1,3470.431576
2026/02/04/00:53:39,apply-time,rs-001028-wlfdv,b063646f-ad87-4026-a8cd-f9a7d091cb0a,1,3470.431576
2026/02/04/00:53:39,running-time,rs-001028-wlfdv,b063646f-ad87-4026-a8cd-f9a7d091cb0a,1,3470.431576
2026/02/04/00:53:39,apply-time,rs-001029-9zf8t,6f515dc9-c065-44b5-8552-7173ae41b589,1,3470.431576
2026/02/04/00:53:39,apply-time,rs-001029-lnx4z,6dbcb20c-08cd-47d3-8cdd-7228b3df72b9,1,3470.431576
2026/02/04/00:53:39,running-time,rs-001029-lnx4z,6dbcb20c-08cd-47d3-8cdd-7228b3df72b9,1,3470.431576
2026/02/04/00:53:39,apply-time,rs-001029-nx4lr,f24e91bf-6433-49c3-965e-320c03dbef89,1,3470.431576
2026/02/04/00:53:39,apply-time,rs-001030-ftmkt,02737f27-951c-46dc-aefe-c0f6038b1a0f,1,3470.431576
2026/02/04/00:53:39,apply-time,rs-001031-jd5pz,5f64bb3a-1f08-4ecb-8d06-2dcfe4670c0b,2,3470.431576
2026/02/04/00:53:39,running-time,rs-001031-jd5pz,5f64bb3a-1f08-4ecb-8d06-2dcfe4670c0b,2,3470.431576
2026/02/04/00:53:39,apply-time,rs-001031-pxfws,74141397-4bde-4a5b-be8f-b847b5682621,2,3470.431576
2026/02/04/00:53:39,running-time,rs-001031-pxfws,74141397-4bde-4a5b-be8f-b847b5682621,2,3470.431576
2026/02/04/00:53:39,apply-time,rs-001031-xqpn7,b26492e8-83d1-4529-ad36-4b2fe9961f09,2,3470.431576
2026/02/04/00:53:39,running-time,rs-001031-xqpn7,b26492e8-83d1-4529-ad36-4b2fe9961f09,2,3470.431576
2026/02/04/00:53:39,apply-time,rs-001032-9r4tw,84b0b7b7-22ec-481b-a161-cd487b16d6e8,2,3470.431576
2026/02/04/00:53:39,apply-time,rs-001032-fxsm2,81cdac1c-3390-4c33-a36f-6f0feee410b2,2,3470.431576
2026/02/04/00:53:39,running-time,rs-001032-fxsm2,81cdac1c-3390-4c33-a36f-6f0feee410b2,2,3470.431576
2026/02/04/00:53:39,apply-time,rs-001032-z4662,070e86c3-b7c1-4317-bcef-f99dbc404ece,2,3470.431576
2026/02/04/00:53:41,apply-time,rs-001033-4fvlg,e937d5de-37f0-46e2-b707-cae5cae4cf24,4,3472.431576
2026/02/04/00:53:41,running-time,rs-001033-4fvlg,e937d5de-37f0-46e2-b707-cae5cae4cf24,4,3472.431576
2026/02/04/00:53:41,apply-time,rs-001033-g4xnd,5090c69b-627a-4765-be9f-e27ff750b98a,4,3472.431576
2026/02/04/00:53:41,running-time,rs-001033-g4xnd,5090c69b-627a-4765-be9f-e27ff750b98a,4,3472.431576
2026/02/04/00:53:41,apply-time,rs-001034-56bgl,0fdba0ad-9143-4a8f-a7c5-decbc3954534,1,3472.431576
2026/02/04/00:53:41,running-time,rs-001034-56bgl,0fdba0ad-9143-4a8f-a7c5-decbc3954534,1,3472.431576
2026/02/04/00:53:41,apply-time,rs-001034-ghd58,55bcf46c-34d7-411c-9160-e43295837b8d,1,3472.431576
2026/02/04/00:53:41,running-time,rs-001034-ghd58,55bcf46c-34d7-411c-9160-e43295837b8d,1,3472.431576
2026/02/04/00:53:41,apply-time,rs-001034-wp4p9,67def852-3014-4767-942a-9cd81820ca5b,1,3472.431576
2026/02/04/00:53:41,running-time,rs-001034-wp4p9,67def852-3014-4767-942a-9cd81820ca5b,1,3472.431576
2026/02/04/00:53:41,apply-time,rs-001035-nchqg,a6540b3e-e0c5-41b8-9bea-80848116a1ee,2,3472.431576
2026/02/04/00:53:41,running-time,rs-001035-nchqg,a6540b3e-e0c5-41b8-9bea-80848116a1ee,2,3473.431576
2026/02/04/00:53:41,apply-time,rs-001035-wlcxh,5f848367-7eeb-4098-8c9c-78a32070725c,2,3472.431576
2026/02/04/00:53:41,running-time,rs-001035-wlcxh,5f848367-7eeb-4098-8c9c-78a32070725c,2,3472.431576
2026/02/04/00:53:41,apply-time,rs-001036-qt6vv,9ffabbd9-de31-4859-a468-e508f3212f08,4,3472.431576
2026/02/04/00:53:41,running-time,rs-001036-qt6vv,9ffabbd9-de31-4859-a468-e508f3212f08,4,3472.431576
2026/02/04/00:53:41,apply-time,rs-001037-5vv2n,9d59c975-954e-47e1-acc4-f0224f1028ef,2,3472.431576
2026/02/04/00:53:41,running-time,rs-001037-5vv2n,9d59c975-954e-47e1-acc4-f0224f1028ef,2,3473.431576
2026/02/04/00:53:41,apply-time,rs-001038-8fb46,7e6b77ed-44df-4aca-a2f6-f56533996176,1,3473.431576
2026/02/04/00:53:41,running-time,rs-001038-8fb46,7e6b77ed-44df-4aca-a2f6-f56533996176,1,3473.431576
2026/02/04/00:53:41,apply-time,rs-001039-8t2sc,8bca07df-3a88-419e-9e89-08bcdf1634a9,1,3473.431576
2026/02/04/00:53:42,apply-time,rs-001038-4xjqn,26057ae7-da19-4e32-a9cb-8dbe3e79f4de,1,3473.431576
2026/02/04/00:53:42,running-time,rs-001038-4xjqn,26057ae7-da19-4e32-a9cb-8dbe3e79f4de,1,3473.431576
2026/02/04/00:53:42,apply-time,rs-001038-z7n4t,52d42aff-f3db-4f6b-b86f-0b3296937c47,1,3473.431576
2026/02/04/00:53:42,running-time,rs-001038-z7n4t,52d42aff-f3db-4f6b-b86f-0b3296937c47,1,3473.431576
2026/02/04/00:53:42,running-time,rs-001039-8t2sc,8bca07df-3a88-419e-9e89-08bcdf1634a9,1,3473.431576
2026/02/04/00:53:42,apply-time,rs-001039-pmmkp,7c775725-3823-4f81-acf3-316dc3cee052,1,3473.431576
2026/02/04/00:53:43,apply-time,rs-001040-v5hf6,3f1ea914-6d09-46a3-8ab2-2c8f2b5c5975,1,3474.431576
2026/02/04/00:53:43,running-time,rs-001040-v5hf6,3f1ea914-6d09-46a3-8ab2-2c8f2b5c5975,1,3474.431576
2026/02/04/00:53:43,apply-time,rs-001041-7qbn2,412f48c5-5e28-40ae-9095-452b3c23cf1d,1,3474.431576
2026/02/04/00:53:43,apply-time,rs-001041-9r4bt,92c48f24-2238-44c9-a6b9-9e392b9aab1a,1,3474.431576
2026/02/04/00:53:43,apply-time,rs-001042-2cw64,23f5f545-0faa-476c-b162-6a6793e048b2,3,3474.431576
2026/02/04/00:53:43,running-time,rs-001042-2cw64,23f5f545-0faa-476c-b162-6a6793e048b2,3,3474.431576
2026/02/04/00:53:44,apply-time,rs-001043-2wx6n,75d6b5b0-bb51-4efc-a1af-891b00aac452,4,3476.431576
2026/02/04/00:53:44,apply-time,rs-001043-d9sfk,55c67124-fa4e-4d65-8445-8ca385b4f8c4,4,3476.431576
2026/02/04/00:53:44,apply-time,rs-001043-lzmhm,551bf380-d6a6-4c91-8865-44ae4d1078d1,4,3476.431576
2026/02/04/00:53:44,apply-time,rs-001044-9qf8j,048b4221-b23f-4e47-9851-a9a095628157,1,3476.431576
2026/02/04/00:53:44,running-time,rs-001044-9qf8j,048b4221-b23f-4e47-9851-a9a095628157,1,3476.431576
2026/02/04/00:53:47,apply-time,rs-001045-szpmd,44462426-a7b6-4c06-823e-8bcb26ded6ac,2,3478.431576
2026/02/04/00:53:47,running-time,rs-001045-szpmd,44462426-a7b6-4c06-823e-8bcb26ded6ac,2,3478.431576
2026/02/04/00:53:53,apply-time,rs-001046-cwcn5,aa9d1d36-f99e-4ae9-83c7-fea324e05683,3,3485.431576
2026/02/04/00:53:53,running-time,rs-001046-cwcn5,aa9d1d36-f99e-4ae9-83c7-fea324e05683,3,3485.431576
2026/02/04/00:53:53,apply-time,rs-001046-hgs4j,bb42f994-385a-48e3-a498-69a4bff0a664,3,3485.431576
2026/02/04/00:53:53,running-time,rs-001046-hgs4j,bb42f994-385a-48e3-a498-69a4bff0a664,3,3485.431576
2026/02/04/00:53:53,apply-time,rs-001046-qbtgl,b0ac7b8a-e45d-4644-86ac-6c6ac3fa89c2,3,3485.431576
2026/02/04/00:53:53,running-time,rs-001046-qbtgl,b0ac7b8a-e45d-4644-86ac-6c6ac3fa89c2,3,3485.431576
2026/02/04/00:54:09,apply-time,rs-001047-9vj6l,04036148-5247-4e2c-adc2-d2ce79eca7ad,1,3502.431576
2026/02/04/00:54:09,apply-time,rs-001048-lvfmf,3e4b6648-d6e8-463f-9ee5-c794b282dff2,4,3502.431576
2026/02/04/00:54:09,running-time,rs-001048-lvfmf,3e4b6648-d6e8-463f-9ee5-c794b282dff2,4,3503.431576
2026/02/04/00:54:09,apply-time,rs-001048-sms8p,531cbcb0-1c9f-4af6-a421-30ed48fd9295,4,3502.431576
2026/02/04/00:54:09,running-time,rs-001048-sms8p,531cbcb0-1c9f-4af6-a421-30ed48fd9295,4,3503.431576
2026/02/04/00:54:09,apply-time,rs-001048-tmxfg,c3a603e3-3584-46c6-88c8-fac3ffab3d1e,4,3502.431576
2026/02/04/00:54:09,running-time,rs-001048-tmxfg,c3a603e3-3584-46c6-88c8-fac3ffab3d1e,4,3503.431576
2026/02/04/00:54:13,apply-time,rs-001051-mgbtm,34055635-e4ad-4859-b39f-f20e3d325df9,1,3505.431576
2026/02/04/00:54:13,apply-time,rs-001051-pxsjj,7370a7af-fd17-4b02-bb60-7712b36df955,1,3505.431576
2026/02/04/00:54:13,apply-time,rs-001051-zkv5t,e56122f0-ab68-4e8a-add6-0ff3c1154b6b,1,3505.431576
2026/02/04/00:54:13,apply-time,rs-001052-grh6c,8d771ab1-8554-425b-b69a-5fcccef67f7d,1,3505.431576
2026/02/04/00:54:13,running-time,rs-001052-grh6c,8d771ab1-8554-425b-b69a-5fcccef67f7d,1,3505.431576
2026/02/04/00:54:13,apply-time,rs-001053-glghn,a83d24ab-bd97-42d0-8dcc-1f14b94a924d,1,3505.431576
2026/02/04/00:54:13,apply-time,rs-001053-lkgwv,c9216c28-5543-4475-a747-84f4393bfd3d,1,3505.431576
2026/02/04/00:54:13,running-time,rs-001053-lkgwv,c9216c28-5543-4475-a747-84f4393bfd3d,1,3505.431576
2026/02/04/00:54:13,apply-time,rs-001053-sftw7,f945f7fb-f73e-427d-a18e-722eac2e33af,1,3505.431576
2026/02/04/00:54:13,apply-time,rs-001054-mx6dw,49b2b4ff-5c77-44e5-b924-ca4bd496d41b,3,3505.431576
2026/02/04/00:54:13,running-time,rs-001054-mx6dw,49b2b4ff-5c77-44e5-b924-ca4bd496d41b,3,3505.431576
2026/02/04/00:54:13,apply-time,rs-001055-vj5gb,45f6b6bc-3438-4560-9ac8-7264f60c424e,4,3505.431576
2026/02/04/00:54:13,apply-time,rs-001056-5d5vg,9b6971f9-b0cb-4f18-90ab-9f209bb08b0d,2,3505.431576
2026/02/04/00:54:13,running-time,rs-001056-5d5vg,9b6971f9-b0cb-4f18-90ab-9f209bb08b0d,2,3505.431576
2026/02/04/00:54:13,apply-time,rs-001056-5gkz8,bde94188-e8b8-4a6b-81df-5bd77e71c201,2,3505.431576
2026/02/04/00:54:13,running-time,rs-001056-5gkz8,bde94188-e8b8-4a6b-81df-5bd77e71c201,2,3505.431576
2026/02/04/00:54:13,apply-time,rs-001056-npq6p,9e478048-e299-40d1-b6a1-6bc2c884af7d,2,3505.431576
2026/02/04/00:54:13,running-time,rs-001056-npq6p,9e478048-e299-40d1-b6a1-6bc2c884af7d,2,3505.431576
2026/02/04/00:54:13,apply-time,rs-001057-l4v57,b4882da5-fb2d-412a-9b2d-6b9f584f5774,3,3505.431576
2026/02/04/00:54:13,apply-time,rs-001057-lhwgm,6a7b6866-d626-4459-9f61-24129dafad59,3,3505.431576
2026/02/04/00:54:13,apply-time,rs-001058-xdwql,f1771ceb-297b-44ad-8ec6-bfeff5d0799e,1,3505.431576
2026/02/04/00:54:14,apply-time,rs-000491-nztj9,5a100ef3-9329-4e9e-bdfc-d59a92ae0b30,1,3506.431576
2026/02/04/00:54:14,running-time,rs-000491-nztj9,5a100ef3-9329-4e9e-bdfc-d59a92ae0b30,1,3506.431576
2026/02/04/00:54:14,apply-time,rs-000898-bnnpw,f0fded68-f73d-4577-aebe-aa74e0bda677,1,3506.431576
2026/02/04/00:54:14,running-time,rs-000898-bnnpw,f0fded68-f73d-4577-aebe-aa74e0bda677,1,3506.431576
2026/02/04/00:54:14,running-time,rs-001029-nx4lr,f24e91bf-6433-49c3-965e-320c03dbef89,1,3506.431576
2026/02/04/00:54:14,running-time,rs-001032-9r4tw,84b0b7b7-22ec-481b-a161-cd487b16d6e8,2,3506.431576
2026/02/04/00:54:14,running-time,rs-001039-pmmkp,7c775725-3823-4f81-acf3-316dc3cee052,1,3506.431576
2026/02/04/00:54:14,running-time,rs-001041-9r4bt,92c48f24-2238-44c9-a6b9-9e392b9aab1a,1,3505.431576
2026/02/04/00:54:14,apply-time,rs-001058-7fjlv,391c116b-4d49-468e-9ef5-b3ba6b3affa4,1,3506.431576
2026/02/04/00:54:14,apply-time,rs-001060-896kx,13c047a3-1d70-4c02-85b4-1dc17365cb17,4,3506.431576
2026/02/04/00:54:14,apply-time,rs-001060-ktm58,3e570bb3-644d-43a6-b1b5-d1ad8ecead13,4,3506.431576
2026/02/04/00:54:15,apply-time,rs-000332-b5d8m,aa24213c-7a9c-4b70-86c7-1ef89a232289,1,3507.431576
2026/02/04/00:54:15,apply-time,rs-001010-x5zf8,0bc93c96-13f5-4861-bd8f-a8b272f0551f,1,3507.431576
2026/02/04/00:54:15,running-time,rs-001010-x5zf8,0bc93c96-13f5-4861-bd8f-a8b272f0551f,1,3507.431576
2026/02/04/00:54:15,apply-time,rs-001061-lzt4x,8001f2eb-b2ff-4101-988f-bec343079ae9,2,3507.431576
2026/02/04/00:54:15,apply-time,rs-001062-tdjqw,3f05d644-a18d-4e52-8d5d-9bc60b48cccd,4,3507.431576
2026/02/04/00:54:16,running-time,rs-000332-b5d8m,aa24213c-7a9c-4b70-86c7-1ef89a232289,1,3507.431576
2026/02/04/00:54:16,running-time,rs-001029-9zf8t,6f515dc9-c065-44b5-8552-7173ae41b589,1,3508.431576
2026/02/04/00:54:18,running-time,rs-001055-vj5gb,45f6b6bc-3438-4560-9ac8-7264f60c424e,4,3509.431576
2026/02/04/00:54:18,running-time,rs-001060-896kx,13c047a3-1d70-4c02-85b4-1dc17365cb17,4,3509.431576
2026/02/04/00:54:18,running-time,rs-001060-ktm58,3e570bb3-644d-43a6-b1b5-d1ad8ecead13,4,3509.431576
2026/02/04/00:54:18,running-time,rs-001061-lzt4x,8001f2eb-b2ff-4101-988f-bec343079ae9,2,3509.431576
2026/02/04/00:54:20,running-time,rs-001053-glghn,a83d24ab-bd97-42d0-8dcc-1f14b94a924d,1,3512.431576
2026/02/04/00:54:21,running-time,rs-001053-sftw7,f945f7fb-f73e-427d-a18e-722eac2e33af,1,3513.431576
2026/02/04/00:54:25,running-time,rs-001057-l4v57,b4882da5-fb2d-412a-9b2d-6b9f584f5774,3,3517.431576
2026/02/04/00:54:25,running-time,rs-001057-lhwgm,6a7b6866-d626-4459-9f61-24129dafad59,3,3517.431576
2026/02/04/00:54:27,running-time,rs-001032-z4662,070e86c3-b7c1-4317-bcef-f99dbc404ece,2,3518.431576
2026/02/04/00:55:09,apply-time,rs-001063-49bqh,4e59b054-7713-48ed-8bf8-07f5af2b65ed,2,3561.431576
2026/02/04/00:55:09,running-time,rs-001063-49bqh,4e59b054-7713-48ed-8bf8-07f5af2b65ed,2,3561.431576
2026/02/04/00:55:09,apply-time,rs-001063-cz2dh,d19776ac-cc6c-4cd3-ba0d-b5144e3c2d90,2,3561.431576
2026/02/04/00:55:09,running-time,rs-001063-cz2dh,d19776ac-cc6c-4cd3-ba0d-b5144e3c2d90,2,3561.431576
2026/02/04/00:55:09,apply-time,rs-001064-mqwrs,e0ca4a9e-a361-480f-ba15-14b3f13ebb71,2,3561.431576
2026/02/04/00:55:09,running-time,rs-001064-mqwrs,e0ca4a9e-a361-480f-ba15-14b3f13ebb71,2,3561.431576
2026/02/04/00:55:13,apply-time,rs-001065-d8794,52b666f9-34eb-42d9-9e82-c969f1b4ed3a,1,3565.431576
2026/02/04/00:55:13,apply-time,rs-001065-lmp94,a5a74b45-ad20-49d4-8aad-394c8d66749e,1,3565.431576
2026/02/04/00:55:13,apply-time,rs-001066-bdbhx,392c223e-d175-4baa-9292-a8895dd446d7,3,3565.431576
2026/02/04/00:55:13,running-time,rs-001066-bdbhx,392c223e-d175-4baa-9292-a8895dd446d7,3,3565.431576
2026/02/04/00:55:13,apply-time,rs-001066-nxvxp,c82eb133-be72-4daf-b5b3-f6eba577317e,3,3565.431576
2026/02/04/00:55:13,running-time,rs-001066-nxvxp,c82eb133-be72-4daf-b5b3-f6eba577317e,3,3565.431576
2026/02/04/00:55:13,apply-time,rs-001066-vhp29,c7a6eac6-d62c-4265-9d54-82a07dca60ec,3,3565.431576
2026/02/04/00:55:13,running-time,rs-001066-vhp29,c7a6eac6-d62c-4265-9d54-82a07dca60ec,3,3565.431576
2026/02/04/00:55:13,apply-time,rs-001067-2l8zn,d5d8db46-0cf4-4f2c-bfed-fbb93f924495,3,3565.431576
2026/02/04/00:55:13,running-time,rs-001067-2l8zn,d5d8db46-0cf4-4f2c-bfed-fbb93f924495,3,3565.431576
2026/02/04/00:55:13,apply-time,rs-001067-kxqmf,405c021a-c2d4-4e28-aace-3c322f13fd90,3,3565.431576
2026/02/04/00:55:13,running-time,rs-001067-kxqmf,405c021a-c2d4-4e28-aace-3c322f13fd90,3,3565.431576
2026/02/04/00:55:47,apply-time,rs-001068-8sxv4,61306bec-fce2-4337-82cb-e9f36bfc1a84,2,3599.431576
2026/02/04/00:55:47,running-time,rs-001068-8sxv4,61306bec-fce2-4337-82cb-e9f36bfc1a84,2,3599.431576
2026/02/04/00:55:47,apply-time,rs-001068-cfdmp,7420012b-2dfc-4bd0-8904-25aedc0c8594,2,3599.431576
2026/02/04/00:55:47,running-time,rs-001068-cfdmp,7420012b-2dfc-4bd0-8904-25aedc0c8594,2,3599.431576
2026/02/04/00:55:47,apply-time,rs-001068-s5btz,60ad0164-b3eb-4608-b69e-cf4015b127b7,2,3599.431576
2026/02/04/00:55:47,running-time,rs-001068-s5btz,60ad0164-b3eb-4608-b69e-cf4015b127b7,2,3599.431576
2026/02/04/00:55:47,apply-time,rs-001069-5975p,81fd8e0e-139f-4003-94ee-f4fd62c1df9c,4,3599.431576
2026/02/04/00:55:47,running-time,rs-001069-5975p,81fd8e0e-139f-4003-94ee-f4fd62c1df9c,4,3599.431576
2026/02/04/00:55:47,apply-time,rs-001070-6sx7h,6a013e60-56de-480c-a3e7-886656186249,3,3599.431576
2026/02/04/00:55:47,running-time,rs-001070-6sx7h,6a013e60-56de-480c-a3e7-886656186249,3,3599.431576
2026/02/04/00:55:47,apply-time,rs-001071-kzjfw,9ebf1316-1356-4d1b-9781-60e7a5330565,3,3599.431576
2026/02/04/00:55:47,running-time,rs-001071-kzjfw,9ebf1316-1356-4d1b-9781-60e7a5330565,3,3599.431576
2026/02/04/00:55:47,apply-time,rs-001072-k9btb,2b759efa-bc2c-4b86-96c4-90991b60a3f8,1,3599.431576
2026/02/04/00:55:47,apply-time,rs-001072-qbw2s,0b2c83af-24e8-4950-b79f-21ade0324b29,1,3599.431576
2026/02/04/00:55:47,apply-time,rs-001073-skbjv,2c97bad3-ef19-44a6-b160-95b6f5390c37,2,3599.431576
2026/02/04/00:55:47,running-time,rs-001073-skbjv,2c97bad3-ef19-44a6-b160-95b6f5390c37,2,3599.431576
2026/02/04/00:55:47,apply-time,rs-001073-wfd64,653dac0c-c98e-44e3-9ff6-3212d4de52e3,2,3599.431576
2026/02/04/00:55:47,apply-time,rs-001074-lbm8x,a43dc2f8-24b0-4227-a88c-981a1812837f,3,3599.431576
2026/02/04/00:55:47,running-time,rs-001074-lbm8x,a43dc2f8-24b0-4227-a88c-981a1812837f,3,3599.431576
2026/02/04/00:55:47,apply-time,rs-001075-mbcbq,490a5450-9f1c-4931-b4cd-895fa3745c4d,2,3599.431576
2026/02/04/00:55:47,running-time,rs-001075-mbcbq,490a5450-9f1c-4931-b4cd-895fa3745c4d,2,3599.431576
2026/02/04/00:55:47,apply-time,rs-001076-ssrqp,2fe4e0f8-9134-486a-b2c4-780b7ff6c467,4,3599.431576
2026/02/04/00:55:47,running-time,rs-001076-ssrqp,2fe4e0f8-9134-486a-b2c4-780b7ff6c467,4,3599.431576
2026/02/04/00:55:48,apply-time,rs-001075-kmw7d,b11e314c-50b3-415a-b845-2c1d86fd8700,2,3599.431576
2026/02/04/00:55:48,apply-time,rs-001076-v9655,735e7f73-3e62-4a4f-a9c5-330dc5cc1f75,4,3599.431576
2026/02/04/00:55:48,running-time,rs-001076-v9655,735e7f73-3e62-4a4f-a9c5-330dc5cc1f75,4,3599.431576
2026/02/04/00:55:48,apply-time,rs-001077-7k4xk,3ddf4bce-33b9-447d-93b5-91468978c51f,4,3599.431576
2026/02/04/00:55:48,apply-time,rs-001077-qxc6r,88dfd793-0348-4b54-92cf-24bd6ffe4b2b,4,3600.431576
2026/02/04/00:55:48,apply-time,rs-001077-ss642,f10a5219-d23f-4de2-8f16-2b946a549339,4,3600.431576
2026/02/04/00:55:48,apply-time,rs-001078-4fxm6,a8a455ba-13d8-4de6-bb26-8950ea506e55,2,3600.431576
2026/02/04/00:55:48,apply-time,rs-001078-ct65x,149e07ab-f327-4194-8b29-70087dcbf92a,2,3600.431576
2026/02/04/00:55:48,apply-time,rs-001079-hknj8,6445b4bb-f9bd-4991-9343-6f8350c7cf44,2,3600.431576
2026/02/04/00:55:48,running-time,rs-001079-hknj8,6445b4bb-f9bd-4991-9343-6f8350c7cf44,2,3600.431576
2026/02/04/00:55:48,apply-time,rs-001080-nth2j,35aea56c-3769-4f25-8248-63d0bc43a8a9,3,3600.431576
2026/02/04/00:55:48,running-time,rs-001080-nth2j,35aea56c-3769-4f25-8248-63d0bc43a8a9,3,3600.431576
2026/02/04/00:55:48,apply-time,rs-001080-ppkdp,bf23e908-496f-436d-9a26-39c8d89d76f9,3,3600.431576
2026/02/04/00:55:48,running-time,rs-001080-ppkdp,bf23e908-496f-436d-9a26-39c8d89d76f9,3,3600.431576
2026/02/04/00:55:48,apply-time,rs-001081-54ldw,226521cc-dc56-4940-a535-e5018f03a88d,4,3600.431576
2026/02/04/00:55:49,apply-time,rs-001081-hnfv8,67bd645f-da4d-436a-bb73-da8904d0970c,4,3600.431576
2026/02/04/00:55:49,apply-time,rs-001082-wtwkr,9b0bd8b6-e4af-43f8-9d2c-b6453f89f7af,2,3600.431576
2026/02/04/00:55:49,running-time,rs-001082-wtwkr,9b0bd8b6-e4af-43f8-9d2c-b6453f89f7af,2,3600.431576
2026/02/04/00:55:49,apply-time,rs-001082-xh776,95cd7ab2-920f-402a-a1ea-f6aa5581a8d4,2,3601.431576
2026/02/04/00:55:49,running-time,rs-001082-xh776,95cd7ab2-920f-402a-a1ea-f6aa5581a8d4,2,3601.431576
2026/02/04/00:55:49,apply-time,rs-001084-8m977,1a3a22ef-d60d-46e0-8fac-7b3a96fadf25,4,3601.431576
2026/02/04/00:55:49,apply-time,rs-001084-r59vw,00a8d26d-5ec5-403a-9abf-d8c78b2715f9,4,3600.431576
2026/02/04/00:55:50,running-time,rs-001073-wfd64,653dac0c-c98e-44e3-9ff6-3212d4de52e3,2,3602.431576
2026/02/04/00:55:50,running-time,rs-001075-kmw7d,b11e314c-50b3-415a-b845-2c1d86fd8700,2,3602.431576
2026/02/04/00:55:55,apply-time,rs-001085-gq48f,77427371-c49b-413c-964a-3c83b5425661,1,3607.431576
2026/02/04/00:55:55,running-time,rs-001085-gq48f,77427371-c49b-413c-964a-3c83b5425661,1,3607.431576
2026/02/04/00:55:55,apply-time,rs-001085-m4h4b,a17bdaed-c588-433a-a19c-861b96764bdc,1,3607.431576
2026/02/04/00:55:55,running-time,rs-001085-m4h4b,a17bdaed-c588-433a-a19c-861b96764bdc,1,3607.431576
2026/02/04/00:55:55,apply-time,rs-001086-nsc4t,dc114fa8-3c37-439e-87fd-ce0e7db69fe6,3,3607.431576
2026/02/04/00:55:55,running-time,rs-001086-nsc4t,dc114fa8-3c37-439e-87fd-ce0e7db69fe6,3,3607.431576
2026/02/04/00:55:55,apply-time,rs-001087-bfbs8,4cfe4537-88a5-4f95-828b-cde40ec6c349,1,3607.431576
2026/02/04/00:55:55,running-time,rs-001087-bfbs8,4cfe4537-88a5-4f95-828b-cde40ec6c349,1,3607.431576
2026/02/04/00:55:56,running-time,rs-001072-qbw2s,0b2c83af-24e8-4950-b79f-21ade0324b29,1,3608.431576
2026/02/04/00:55:58,running-time,rs-001077-ss642,f10a5219-d23f-4de2-8f16-2b946a549339,4,3610.431576
2026/02/04/00:55:58,running-time,rs-001084-r59vw,00a8d26d-5ec5-403a-9abf-d8c78b2715f9,4,3610.431576
2026/02/04/00:56:05,running-time,rs-001084-8m977,1a3a22ef-d60d-46e0-8fac-7b3a96fadf25,4,3617.431576
2026/02/04/00:56:14,running-time,rs-001077-7k4xk,3ddf4bce-33b9-447d-93b5-91468978c51f,4,3626.431576
2026/02/04/00:56:14,running-time,rs-001077-qxc6r,88dfd793-0348-4b54-92cf-24bd6ffe4b2b,4,3626.431576
2026/02/04/00:56:21,apply-time,rs-000803-55vwd,7ea92485-3932-43f3-8d2e-77c7234b412c,1,3633.431576
2026/02/04/00:56:21,running-time,rs-000803-55vwd,7ea92485-3932-43f3-8d2e-77c7234b412c,1,3633.431576
2026/02/04/00:56:21,apply-time,rs-000868-s5p7z,da1ff4db-8270-47cd-82bf-5c9773cf09de,1,3633.431576
2026/02/04/00:56:21,running-time,rs-000868-s5p7z,da1ff4db-8270-47cd-82bf-5c9773cf09de,1,3633.431576
2026/02/04/00:56:21,apply-time,rs-000898-29s2t,c52fb000-28e6-4629-9e7f-d15228968bd3,1,3633.431576
2026/02/04/00:56:21,running-time,rs-000898-29s2t,c52fb000-28e6-4629-9e7f-d15228968bd3,1,3633.431576
2026/02/04/00:56:21,apply-time,rs-001028-ht9xh,00fc19e1-ba88-4eb5-b6c1-643ca762aedc,1,3633.431576
2026/02/04/00:56:21,running-time,rs-001028-ht9xh,00fc19e1-ba88-4eb5-b6c1-643ca762aedc,1,3633.431576
2026/02/04/00:56:21,running-time,rs-001072-k9btb,2b759efa-bc2c-4b86-96c4-90991b60a3f8,1,3633.431576
2026/02/04/00:56:45,apply-time,rs-001088-8pz4g,bcf9b30a-e149-4c3f-9874-02df04807040,2,3656.431576
2026/02/04/00:56:45,running-time,rs-001088-8pz4g,bcf9b30a-e149-4c3f-9874-02df04807040,2,3656.431576
2026/02/04/00:56:45,apply-time,rs-001088-f4rck,9d511bfc-259d-4f0c-ba2d-bd8006e9941f,2,3656.431576
2026/02/04/00:56:45,running-time,rs-001088-f4rck,9d511bfc-259d-4f0c-ba2d-bd8006e9941f,2,3656.431576
2026/02/04/00:57:14,apply-time,rs-001089-49nhh,665d4070-3203-42d7-9df3-f98a7676d36c,3,3685.431576
2026/02/04/00:57:14,running-time,rs-001089-49nhh,665d4070-3203-42d7-9df3-f98a7676d36c,3,3685.431576
2026/02/04/00:57:14,apply-time,rs-001090-fg8m9,72a6f763-c65e-4687-a08a-3e5236cd252c,2,3686.431576
2026/02/04/00:57:14,running-time,rs-001090-fg8m9,72a6f763-c65e-4687-a08a-3e5236cd252c,2,3686.431576
2026/02/04/00:57:14,apply-time,rs-001090-zl7d2,0af45c6b-bcd9-4970-a75a-f59395373893,2,3686.431576
2026/02/04/00:57:14,running-time,rs-001090-zl7d2,0af45c6b-bcd9-4970-a75a-f59395373893,2,3686.431576
2026/02/04/00:57:15,apply-time,rs-001091-r8jtz,92f68c33-6319-4841-9b29-35d45a664a55,2,3687.431576
2026/02/04/00:57:21,running-time,rs-001091-r8jtz,92f68c33-6319-4841-9b29-35d45a664a55,2,3692.431576
2026/02/04/00:57:37,apply-time,rs-001092-f5hd4,6bfb6f2c-acee-4b7e-8e06-4fca5ab05285,3,3709.431576
2026/02/04/00:57:37,running-time,rs-001092-f5hd4,6bfb6f2c-acee-4b7e-8e06-4fca5ab05285,3,3709.431576
2026/02/04/00:57:37,apply-time,rs-001092-jj5rj,dd364787-1fc4-466e-be7b-b1741344e4ea,3,3709.431576
2026/02/04/00:57:37,running-time,rs-001092-jj5rj,dd364787-1fc4-466e-be7b-b1741344e4ea,3,3709.431576
2026/02/04/00:57:37,apply-time,rs-001092-pfvn6,1fb2f9d2-33c7-44fb-81d1-917c8e0bd20e,3,3709.431576
2026/02/04/00:57:37,running-time,rs-001092-pfvn6,1fb2f9d2-33c7-44fb-81d1-917c8e0bd20e,3,3709.431576
2026/02/04/00:57:37,apply-time,rs-001093-f5wbj,67cecee3-b21e-48e3-bf42-307c904ac4dc,1,3709.431576
2026/02/04/00:57:37,running-time,rs-001093-f5wbj,67cecee3-b21e-48e3-bf42-307c904ac4dc,1,3709.431576
2026/02/04/00:57:37,apply-time,rs-001094-8bs85,8dbf284f-296d-488a-a505-19a5df847866,2,3709.431576
2026/02/04/00:57:37,apply-time,rs-001094-ptmsc,17d32b89-7065-415f-affc-c9aeed84166a,2,3709.431576
2026/02/04/00:57:37,running-time,rs-001094-ptmsc,17d32b89-7065-415f-affc-c9aeed84166a,2,3709.431576
2026/02/04/00:57:37,apply-time,rs-001095-4bt5x,bfe188e8-ddc2-44da-bf5b-a3f9343aef25,1,3709.431576
2026/02/04/00:57:37,running-time,rs-001095-4bt5x,bfe188e8-ddc2-44da-bf5b-a3f9343aef25,1,3709.431576
2026/02/04/00:57:37,apply-time,rs-001095-zbtsn,11aaabfb-f1f3-4dc9-821e-378a38e729ba,1,3709.431576
2026/02/04/00:57:37,running-time,rs-001095-zbtsn,11aaabfb-f1f3-4dc9-821e-378a38e729ba,1,3709.431576
2026/02/04/00:57:37,apply-time,rs-001096-gfz9s,02663414-8d99-4b9f-9b66-02092c4fb06e,1,3709.431576
2026/02/04/00:57:37,running-time,rs-001096-gfz9s,02663414-8d99-4b9f-9b66-02092c4fb06e,1,3709.431576
2026/02/04/00:57:37,apply-time,rs-001097-f6psd,62a49f9a-e077-4edc-9062-2f9a36400add,1,3709.431576
2026/02/04/00:57:37,apply-time,rs-001097-vk88d,1580a1b0-2621-4f16-bc94-f250234b1f4a,1,3709.431576
2026/02/04/00:57:37,running-time,rs-001097-vk88d,1580a1b0-2621-4f16-bc94-f250234b1f4a,1,3709.431576
2026/02/04/00:57:38,running-time,rs-001097-f6psd,62a49f9a-e077-4edc-9062-2f9a36400add,1,3709.431576
2026/02/04/00:57:38,apply-time,rs-001098-fpkqx,73c8b51b-82c7-4b7d-bdaa-5eac9a2021ab,4,3709.431576
2026/02/04/00:57:38,running-time,rs-001098-fpkqx,73c8b51b-82c7-4b7d-bdaa-5eac9a2021ab,4,3710.431576
2026/02/04/00:57:38,apply-time,rs-001098-vdgs5,9e43aa93-70c2-45ac-bb54-473a8927f2df,4,3710.431576
2026/02/04/00:57:38,running-time,rs-001098-vdgs5,9e43aa93-70c2-45ac-bb54-473a8927f2df,4,3710.431576
2026/02/04/00:57:38,apply-time,rs-001098-wlmjv,e298c366-8d11-4c02-8ef8-7c2287c80d60,4,3709.431576
2026/02/04/00:57:38,running-time,rs-001098-wlmjv,e298c366-8d11-4c02-8ef8-7c2287c80d60,4,3709.431576
2026/02/04/00:57:39,apply-time,rs-001099-5zmz6,43fd5e54-9afa-4a3c-9cb4-f137ab35e863,3,3711.431576
2026/02/04/00:57:39,running-time,rs-001099-5zmz6,43fd5e54-9afa-4a3c-9cb4-f137ab35e863,3,3711.431576
2026/02/04/00:57:39,apply-time,rs-001099-bgvms,83f95f10-590f-4438-a030-08b38f816d97,3,3711.431576
2026/02/04/00:57:39,running-time,rs-001099-bgvms,83f95f10-590f-4438-a030-08b38f816d97,3,3711.431576
2026/02/04/00:57:39,apply-time,rs-001099-zxzdp,c4a82cb4-100f-49f3-9a61-16de049bab9d,3,3711.431576
2026/02/04/00:57:39,running-time,rs-001099-zxzdp,c4a82cb4-100f-49f3-9a61-16de049bab9d,3,3711.431576
2026/02/04/00:57:47,apply-time,rs-001100-75srp,e8ac1c4f-225b-451a-ae99-2769f9805531,3,3719.431576
2026/02/04/00:57:47,running-time,rs-001100-75srp,e8ac1c4f-225b-451a-ae99-2769f9805531,3,3719.431576
2026/02/04/00:57:47,apply-time,rs-001100-cxlt8,3bbbd891-024e-4022-8de5-3a88358ec00a,3,3719.431576
2026/02/04/00:57:47,running-time,rs-001100-cxlt8,3bbbd891-024e-4022-8de5-3a88358ec00a,3,3719.431576
2026/02/04/00:57:47,apply-time,rs-001100-llgnh,b8fd4098-2b64-43df-a64e-afab5203d663,3,3719.431576
2026/02/04/00:57:47,running-time,rs-001100-llgnh,b8fd4098-2b64-43df-a64e-afab5203d663,3,3719.431576
2026/02/04/00:57:50,apply-time,rs-001101-pfx7m,14bd5e7b-e017-4e50-acdb-b62b8de26a60,1,3722.431576
2026/02/04/00:57:50,running-time,rs-001101-pfx7m,14bd5e7b-e017-4e50-acdb-b62b8de26a60,1,3722.431576
2026/02/04/00:57:50,apply-time,rs-001101-xs6md,86a19e49-448b-46f8-88d3-f580cebd6481,1,3722.431576
2026/02/04/00:57:50,running-time,rs-001101-xs6md,86a19e49-448b-46f8-88d3-f580cebd6481,1,3722.431576
2026/02/04/00:57:50,apply-time,rs-001101-zpc8f,82f3bcb4-c353-4eee-b2d0-1729cedb6859,1,3722.431576
2026/02/04/00:57:50,running-time,rs-001101-zpc8f,82f3bcb4-c353-4eee-b2d0-1729cedb6859,1,3722.431576
2026/02/04/00:57:51,apply-time,rs-001102-5hkw6,c23177e7-0d68-4b0e-ac8c-8a552b53ead2,2,3722.431576
2026/02/04/00:57:51,running-time,rs-001102-5hkw6,c23177e7-0d68-4b0e-ac8c-8a552b53ead2,2,3722.431576
2026/02/04/00:57:51,apply-time,rs-001102-8w48x,69d0ed13-5944-4930-b781-c2347f4ac841,2,3722.431576
2026/02/04/00:57:51,running-time,rs-001102-8w48x,69d0ed13-5944-4930-b781-c2347f4ac841,2,3722.431576
2026/02/04/00:57:51,apply-time,rs-001102-vh44q,fa531d1b-eb3e-46c5-a125-f33bdff49f0e,2,3722.431576
2026/02/04/00:57:51,running-time,rs-001102-vh44q,fa531d1b-eb3e-46c5-a125-f33bdff49f0e,2,3722.431576
2026/02/04/00:57:51,apply-time,rs-001103-6pbfm,825e4a5b-acb4-4f0f-a005-6983c9612031,2,3722.431576
2026/02/04/00:57:51,running-time,rs-001103-6pbfm,825e4a5b-acb4-4f0f-a005-6983c9612031,2,3722.431576
2026/02/04/00:57:51,apply-time,rs-001103-bghpf,6b91c988-6595-4aa9-92a7-f2f8f90c0709,2,3722.431576
2026/02/04/00:57:51,running-time,rs-001103-bghpf,6b91c988-6595-4aa9-92a7-f2f8f90c0709,2,3722.431576
2026/02/04/00:57:51,apply-time,rs-001103-h5t7t,46504f47-d37d-45cb-955b-f166187f9071,2,3722.431576
2026/02/04/00:57:51,running-time,rs-001103-h5t7t,46504f47-d37d-45cb-955b-f166187f9071,2,3722.431576
2026/02/04/00:57:51,apply-time,rs-001104-rxp8b,e3819e95-ba6a-4740-a5ab-4cd094703714,1,3723.431576
2026/02/04/00:57:51,running-time,rs-001104-rxp8b,e3819e95-ba6a-4740-a5ab-4cd094703714,1,3723.431576
2026/02/04/00:57:51,apply-time,rs-001105-t7h7g,37b7dace-559b-4d15-833d-4402b03aa71e,4,3723.431576
2026/02/04/00:57:53,running-time,rs-001105-t7h7g,37b7dace-559b-4d15-833d-4402b03aa71e,4,3725.431576
2026/02/04/00:57:54,apply-time,rs-000905-qkc7w,e272049f-91c9-42ee-86c2-b8a8e6e9c078,1,3726.431576
2026/02/04/00:57:54,running-time,rs-000905-qkc7w,e272049f-91c9-42ee-86c2-b8a8e6e9c078,1,3726.431576
2026/02/04/00:58:02,running-time,rs-001094-8bs85,8dbf284f-296d-488a-a505-19a5df847866,2,3734.431576
2026/02/04/00:58:14,apply-time,rs-001106-h8hkj,3d68e9d4-cec6-4e3d-88fe-cca2f45b6d71,4,3746.431576
2026/02/04/00:58:14,running-time,rs-001106-h8hkj,3d68e9d4-cec6-4e3d-88fe-cca2f45b6d71,4,3746.431576
2026/02/04/00:59:07,apply-time,rs-001107-jxrkr,10954b34-8871-4654-8879-23bc8ee4d41d,1,3799.431576
2026/02/04/00:59:07,running-time,rs-001107-jxrkr,10954b34-8871-4654-8879-23bc8ee4d41d,1,3799.431576
2026/02/04/00:59:07,apply-time,rs-001108-wqjbs,d15713ad-e10a-458c-b089-38b7d1575409,4,3799.431576
2026/02/04/00:59:07,running-time,rs-001108-wqjbs,d15713ad-e10a-458c-b089-38b7d1575409,4,3799.431576
2026/02/04/00:59:07,apply-time,rs-001109-slbrx,c78864ab-0903-4bde-9b6a-a694fb5b0f15,3,3799.431576
2026/02/04/00:59:07,running-time,rs-001109-slbrx,c78864ab-0903-4bde-9b6a-a694fb5b0f15,3,3799.431576
2026/02/04/00:59:14,apply-time,rs-001110-76mp8,e4d3846b-e804-4b11-baed-c94c71f2ded7,2,3806.431576
2026/02/04/00:59:14,running-time,rs-001110-76mp8,e4d3846b-e804-4b11-baed-c94c71f2ded7,2,3806.431576
2026/02/04/00:59:14,apply-time,rs-001110-qbz2f,ab8140d3-82d7-4d91-bf0f-a59250b975f9,2,3806.431576
2026/02/04/00:59:14,running-time,rs-001110-qbz2f,ab8140d3-82d7-4d91-bf0f-a59250b975f9,2,3806.431576
2026/02/04/00:59:14,apply-time,rs-001110-sqh2f,ac88c22f-bf90-49e6-9da1-1547796c8d48,2,3806.431576
2026/02/04/00:59:14,running-time,rs-001110-sqh2f,ac88c22f-bf90-49e6-9da1-1547796c8d48,2,3806.431576
2026/02/04/00:59:14,apply-time,rs-001111-6j28v,bf157403-74e8-4c73-8bec-a89139067e56,4,3806.431576
2026/02/04/00:59:14,apply-time,rs-001112-9ftfg,60a6ad3d-44f1-4308-8d39-eb63ece5718f,4,3806.431576
2026/02/04/00:59:14,running-time,rs-001112-9ftfg,60a6ad3d-44f1-4308-8d39-eb63ece5718f,4,3806.431576
2026/02/04/00:59:14,apply-time,rs-001113-jhwkc,d7564e9d-cb7c-43ac-b940-123e9b860956,1,3806.431576
2026/02/04/00:59:14,running-time,rs-001113-jhwkc,d7564e9d-cb7c-43ac-b940-123e9b860956,1,3806.431576
2026/02/04/00:59:14,apply-time,rs-001113-tdp29,47ffaae2-5f78-4b4f-aee0-89867fb32366,1,3806.431576
2026/02/04/00:59:14,running-time,rs-001113-tdp29,47ffaae2-5f78-4b4f-aee0-89867fb32366,1,3806.431576
2026/02/04/00:59:14,apply-time,rs-001114-4zdlx,0dd2fa5a-e179-4928-b8a6-729f154e8d43,1,3806.431576
2026/02/04/00:59:14,running-time,rs-001114-4zdlx,0dd2fa5a-e179-4928-b8a6-729f154e8d43,1,3806.431576
2026/02/04/00:59:14,apply-time,rs-001114-h47rg,56c83cb3-dfae-4941-bc61-8513b760355d,1,3806.431576
2026/02/04/00:59:14,running-time,rs-001114-h47rg,56c83cb3-dfae-4941-bc61-8513b760355d,1,3806.431576
2026/02/04/00:59:14,apply-time,rs-001114-w6prp,c0621529-b41d-4bea-a8b0-310b4fd53834,1,3806.431576
2026/02/04/00:59:14,running-time,rs-001114-w6prp,c0621529-b41d-4bea-a8b0-310b4fd53834,1,3806.431576
2026/02/04/00:59:15,apply-time,rs-001115-4hwdn,b12096eb-00a4-4ee2-81e7-f180773cccc9,2,3806.431576
2026/02/04/00:59:15,apply-time,rs-001115-sc4bk,f47ad8fa-da98-41e3-8747-9f0ab8fef21d,2,3807.431576
2026/02/04/00:59:17,apply-time,rs-001116-bfnhl,a4652376-c520-4e64-a559-d86747e99c56,2,3809.431576
2026/02/04/00:59:17,apply-time,rs-001116-p4hxk,0336c7d3-ae69-42ff-bdbe-4d5a1be0a3ae,2,3809.431576
2026/02/04/00:59:17,apply-time,rs-001117-6xjrr,b6caf768-0401-45d4-8ddc-4395e197ed85,3,3809.431576
2026/02/04/00:59:17,running-time,rs-001117-6xjrr,b6caf768-0401-45d4-8ddc-4395e197ed85,3,3809.431576
2026/02/04/00:59:18,apply-time,rs-001118-5wgb9,c1069307-59ec-4f10-abdf-b691cceee10f,3,3809.431576
2026/02/04/00:59:18,running-time,rs-001118-5wgb9,c1069307-59ec-4f10-abdf-b691cceee10f,3,3809.431576
2026/02/04/00:59:18,apply-time,rs-001118-b5gdp,37aeb640-5bab-42b5-9353-293077cf1d7e,3,3809.431576
2026/02/04/00:59:18,running-time,rs-001118-b5gdp,37aeb640-5bab-42b5-9353-293077cf1d7e,3,3809.431576
2026/02/04/00:59:18,apply-time,rs-001119-5r8l8,57c098a1-747e-43b8-9955-7546dc3e0fa5,3,3809.431576
2026/02/04/00:59:18,running-time,rs-001119-5r8l8,57c098a1-747e-43b8-9955-7546dc3e0fa5,3,3809.431576
2026/02/04/00:59:18,apply-time,rs-001119-hkmth,1415b82a-a215-4a7e-a0be-46ac367fd5a7,3,3809.431576
2026/02/04/00:59:18,running-time,rs-001119-hkmth,1415b82a-a215-4a7e-a0be-46ac367fd5a7,3,3809.431576
2026/02/04/00:59:18,apply-time,rs-001120-pxxlv,61f4347f-a7be-473c-8921-61ce2a8a0ae3,2,3809.431576
2026/02/04/00:59:18,running-time,rs-001120-pxxlv,61f4347f-a7be-473c-8921-61ce2a8a0ae3,2,3809.431576
2026/02/04/00:59:18,apply-time,rs-001121-d8bp7,ed88a297-f48e-4103-b24b-81fe8cb94efa,2,3809.431576
2026/02/04/00:59:18,running-time,rs-001121-d8bp7,ed88a297-f48e-4103-b24b-81fe8cb94efa,2,3809.431576
2026/02/04/00:59:18,apply-time,rs-001122-8j7nl,38b5c3f1-fbcf-49d0-b6dd-d6d31bce5900,1,3809.431576
2026/02/04/00:59:18,running-time,rs-001122-8j7nl,38b5c3f1-fbcf-49d0-b6dd-d6d31bce5900,1,3809.431576
2026/02/04/00:59:18,apply-time,rs-001122-svhq5,efd7116b-7604-470f-bccd-fb9f27b17cc9,1,3809.431576
2026/02/04/00:59:18,running-time,rs-001122-svhq5,efd7116b-7604-470f-bccd-fb9f27b17cc9,1,3809.431576
2026/02/04/00:59:18,apply-time,rs-001123-xh59l,2a0678ab-3756-4b97-9aaf-b7161ead435c,4,3810.431576
2026/02/04/00:59:18,running-time,rs-001123-xh59l,2a0678ab-3756-4b97-9aaf-b7161ead435c,4,3810.431576
2026/02/04/00:59:18,apply-time,rs-001123-zrmnl,3df89e40-e489-461d-b3dc-592dd6fc4f60,4,3810.431576
2026/02/04/00:59:18,running-time,rs-001123-zrmnl,3df89e40-e489-461d-b3dc-592dd6fc4f60,4,3810.431576
2026/02/04/00:59:18,apply-time,rs-001124-85pq6,f02d5600-b984-4506-be4b-674c4a636972,4,3810.431576
2026/02/04/00:59:18,running-time,rs-001124-85pq6,f02d5600-b984-4506-be4b-674c4a636972,4,3810.431576
2026/02/04/00:59:18,apply-time,rs-001124-f9s5b,abc4de82-703a-4852-9657-c598eb83ca7a,4,3810.431576
2026/02/04/00:59:18,running-time,rs-001124-f9s5b,abc4de82-703a-4852-9657-c598eb83ca7a,4,3810.431576
2026/02/04/00:59:18,apply-time,rs-001124-m4jjx,934b4a03-d40f-433f-b1a2-5ad6348567be,4,3810.431576
2026/02/04/00:59:18,running-time,rs-001124-m4jjx,934b4a03-d40f-433f-b1a2-5ad6348567be,4,3810.431576
2026/02/04/00:59:18,apply-time,rs-001125-5kqtc,71b4be3d-8e9f-41ab-a39f-0fa96e497b9a,4,3810.431576
2026/02/04/00:59:18,running-time,rs-001125-5kqtc,71b4be3d-8e9f-41ab-a39f-0fa96e497b9a,4,3810.431576
2026/02/04/00:59:18,apply-time,rs-001125-kzw96,93227987-5688-4506-b2e2-addb6517fe04,4,3810.431576
2026/02/04/00:59:18,running-time,rs-001125-kzw96,93227987-5688-4506-b2e2-addb6517fe04,4,3810.431576
2026/02/04/00:59:18,apply-time,rs-001125-tqh44,eca29bab-068a-4c58-8d2f-e0790aa7ef59,4,3810.431576
2026/02/04/00:59:18,running-time,rs-001125-tqh44,eca29bab-068a-4c58-8d2f-e0790aa7ef59,4,3810.431576
2026/02/04/00:59:19,apply-time,rs-001126-65gst,0f73751f-e659-47e4-a2ca-083db0e8437a,1,3811.431576
2026/02/04/00:59:19,running-time,rs-001126-65gst,0f73751f-e659-47e4-a2ca-083db0e8437a,1,3811.431576
2026/02/04/00:59:29,running-time,rs-001116-p4hxk,0336c7d3-ae69-42ff-bdbe-4d5a1be0a3ae,2,3821.431576
2026/02/04/00:59:42,apply-time,rs-001127-9cv5k,aac753f6-3890-4ff3-927f-e4ed82a6e235,2,3834.431576
2026/02/04/00:59:42,running-time,rs-001127-9cv5k,aac753f6-3890-4ff3-927f-e4ed82a6e235,2,3834.431576
2026/02/04/00:59:42,apply-time,rs-001127-hpvmk,31c1588a-e1ca-4842-8756-3c94c54e87a9,2,3834.431576
2026/02/04/00:59:42,running-time,rs-001127-hpvmk,31c1588a-e1ca-4842-8756-3c94c54e87a9,2,3834.431576
2026/02/04/00:59:42,apply-time,rs-001127-tkzv6,adf0221b-ef38-4cf5-9ea6-583f29bd8307,2,3834.431576
2026/02/04/00:59:45,apply-time,rs-001128-bct7r,86780ae8-e784-4281-ade1-3fd956a4efe0,1,3836.431576
2026/02/04/00:59:45,running-time,rs-001128-bct7r,86780ae8-e784-4281-ade1-3fd956a4efe0,1,3836.431576
2026/02/04/00:59:45,apply-time,rs-001128-dzfwk,c194fd75-32b1-4a33-95d9-2a6da2b74e8e,1,3836.431576
2026/02/04/00:59:45,running-time,rs-001128-dzfwk,c194fd75-32b1-4a33-95d9-2a6da2b74e8e,1,3836.431576
2026/02/04/00:59:45,apply-time,rs-001129-7ftpn,e4a1ee76-fca4-4f5c-b392-29f2eed95102,2,3836.431576
2026/02/04/00:59:45,running-time,rs-001129-7ftpn,e4a1ee76-fca4-4f5c-b392-29f2eed95102,2,3836.431576
2026/02/04/00:59:45,apply-time,rs-001129-hhrlq,8644d62a-799f-475f-aaa1-3501daa6cc41,2,3836.431576
2026/02/04/00:59:45,running-time,rs-001129-hhrlq,8644d62a-799f-475f-aaa1-3501daa6cc41,2,3836.431576
2026/02/04/00:59:45,apply-time,rs-001130-6z5np,89f36014-f933-4f97-87d6-3d0d5020d2c5,3,3836.431576
2026/02/04/00:59:45,running-time,rs-001130-6z5np,89f36014-f933-4f97-87d6-3d0d5020d2c5,3,3836.431576
2026/02/04/00:59:45,apply-time,rs-001130-kmvfg,fa92e0c6-e075-48f8-921b-b8ceea3731af,3,3836.431576
2026/02/04/00:59:45,running-time,rs-001130-kmvfg,fa92e0c6-e075-48f8-921b-b8ceea3731af,3,3836.431576
2026/02/04/00:59:45,apply-time,rs-001130-szrrm,72744fba-3059-4dd3-bcb0-81dfa5e21a89,3,3836.431576
2026/02/04/00:59:45,running-time,rs-001130-szrrm,72744fba-3059-4dd3-bcb0-81dfa5e21a89,3,3836.431576
2026/02/04/00:59:56,apply-time,rs-001131-5jxqj,4aeec8ed-6bd4-4c45-928d-1f9d383f2fb9,1,3848.431576
2026/02/04/00:59:56,apply-time,rs-001131-wc8nw,e0dd6efc-593b-4fe0-8229-e053343d8ad4,1,3848.431576
2026/02/04/00:59:56,apply-time,rs-001132-nspck,6a2ea363-b875-4753-a81f-4ad64af2a218,1,3848.431576
2026/02/04/00:59:56,running-time,rs-001132-nspck,6a2ea363-b875-4753-a81f-4ad64af2a218,1,3848.431576
2026/02/04/01:00:18,running-time,rs-001127-tkzv6,adf0221b-ef38-4cf5-9ea6-583f29bd8307,2,3870.431576
2026/02/04/01:00:25,apply-time,rs-001133-2lksx,66b0bb3c-418f-4409-b236-ac0d33b03779,2,3877.431576
2026/02/04/01:00:25,running-time,rs-001133-2lksx,66b0bb3c-418f-4409-b236-ac0d33b03779,2,3877.431576
2026/02/04/01:00:25,apply-time,rs-001133-6d474,fec9d58c-270a-41c7-90d1-c114a750d8f2,2,3877.431576
2026/02/04/01:00:25,running-time,rs-001133-6d474,fec9d58c-270a-41c7-90d1-c114a750d8f2,2,3877.431576
2026/02/04/01:00:25,apply-time,rs-001133-tjm29,593d2018-ee65-45f9-be8b-a7bc8439f590,2,3877.431576
2026/02/04/01:00:25,running-time,rs-001133-tjm29,593d2018-ee65-45f9-be8b-a7bc8439f590,2,3877.431576
2026/02/04/01:00:32,apply-time,rs-001134-hf8zd,6ed3625d-df73-45c9-9892-9b3708ef59fd,1,3884.431576
2026/02/04/01:00:32,running-time,rs-001134-hf8zd,6ed3625d-df73-45c9-9892-9b3708ef59fd,1,3884.431576
2026/02/04/01:00:38,apply-time,rs-001135-cfbb4,fbb96880-0d34-4f4d-8fa8-641d4a38d0a1,1,3890.431576
2026/02/04/01:00:38,running-time,rs-001135-cfbb4,fbb96880-0d34-4f4d-8fa8-641d4a38d0a1,1,3890.431576
2026/02/04/01:00:38,apply-time,rs-001136-jn928,b29f8122-43a0-4339-b618-84a39a3ed44a,1,3890.431576
2026/02/04/01:00:38,running-time,rs-001136-jn928,b29f8122-43a0-4339-b618-84a39a3ed44a,1,3890.431576
2026/02/04/01:00:43,apply-time,rs-001137-mq6rf,b64486c7-ea4d-4a38-8824-295fa70a1f8c,1,3895.431576
2026/02/04/01:00:43,running-time,rs-001137-mq6rf,b64486c7-ea4d-4a38-8824-295fa70a1f8c,1,3895.431576
2026/02/04/01:00:43,apply-time,rs-001137-tnqlt,5238baa9-e362-43e5-a7b4-d7d46ddc6953,1,3895.431576
2026/02/04/01:00:43,running-time,rs-001137-tnqlt,5238baa9-e362-43e5-a7b4-d7d46ddc6953,1,3895.431576
2026/02/04/01:00:45,apply-time,rs-001138-dxc4r,52003f66-fab8-4571-b361-b7a4d6e51306,4,3897.431576
2026/02/04/01:00:45,running-time,rs-001138-dxc4r,52003f66-fab8-4571-b361-b7a4d6e51306,4,3897.431576
2026/02/04/01:00:45,apply-time,rs-001138-lg4vb,dc9684c2-c45f-46e5-a028-813eaf4564c2,4,3896.431576
2026/02/04/01:00:45,running-time,rs-001138-lg4vb,dc9684c2-c45f-46e5-a028-813eaf4564c2,4,3897.431576
2026/02/04/01:00:45,apply-time,rs-001138-qzx86,b38e1085-e433-4463-917b-3e3d1d0852c8,4,3897.431576
2026/02/04/01:00:45,running-time,rs-001138-qzx86,b38e1085-e433-4463-917b-3e3d1d0852c8,4,3897.431576
2026/02/04/01:00:45,apply-time,rs-001139-57zft,2e739ae7-6e6b-418e-bbf8-747871e10fa6,1,3897.431576
2026/02/04/01:00:45,running-time,rs-001139-57zft,2e739ae7-6e6b-418e-bbf8-747871e10fa6,1,3897.431576
2026/02/04/01:00:45,apply-time,rs-001139-kg7w6,7926a61c-0c32-4bc8-b5e4-d3a3039ffe03,1,3897.431576
2026/02/04/01:00:45,running-time,rs-001139-kg7w6,7926a61c-0c32-4bc8-b5e4-d3a3039ffe03,1,3897.431576
2026/02/04/01:00:45,apply-time,rs-001139-w6jbt,41073b9b-b013-45c2-b001-00bdb6f2f533,1,3897.431576
2026/02/04/01:00:45,running-time,rs-001139-w6jbt,41073b9b-b013-45c2-b001-00bdb6f2f533,1,3897.431576
2026/02/04/01:01:48,apply-time,rs-001140-c6whf,0d8806f7-9d8b-406e-a6fe-efa0bd195ec0,2,3960.431576
2026/02/04/01:01:48,apply-time,rs-001140-mjcvl,dc899823-1e60-4d9e-90a8-d0dbe07c7339,2,3960.431576
2026/02/04/01:01:48,apply-time,rs-001141-6qzhz,d78036c7-2e0f-4629-921b-f5211a64b821,3,3960.431576
2026/02/04/01:01:48,running-time,rs-001141-6qzhz,d78036c7-2e0f-4629-921b-f5211a64b821,3,3960.431576
2026/02/04/01:01:48,apply-time,rs-001141-vvsxg,84446273-f334-4efb-8b6e-a9dd27ad2895,3,3960.431576
2026/02/04/01:01:48,running-time,rs-001141-vvsxg,84446273-f334-4efb-8b6e-a9dd27ad2895,3,3960.431576
2026/02/04/01:01:48,apply-time,rs-001142-k8tcg,a59b3cb0-7364-4106-9b0e-853c50ec12b1,2,3960.431576
2026/02/04/01:01:48,running-time,rs-001142-k8tcg,a59b3cb0-7364-4106-9b0e-853c50ec12b1,2,3960.431576
2026/02/04/01:01:48,apply-time,rs-001143-5ck4x,9e8cc125-40f7-428c-9fdf-e6eda2121b43,2,3960.431576
2026/02/04/01:01:48,running-time,rs-001143-5ck4x,9e8cc125-40f7-428c-9fdf-e6eda2121b43,2,3960.431576
2026/02/04/01:01:48,apply-time,rs-001143-hbn9s,4b63e111-61a9-4b28-b1a4-ef308606d378,2,3960.431576
2026/02/04/01:01:48,running-time,rs-001143-hbn9s,4b63e111-61a9-4b28-b1a4-ef308606d378,2,3960.431576
2026/02/04/01:01:48,apply-time,rs-001143-nzcnr,e477287d-1264-4192-a50d-73f2ef6fa377,2,3960.431576
2026/02/04/01:01:48,running-time,rs-001143-nzcnr,e477287d-1264-4192-a50d-73f2ef6fa377,2,3960.431576
2026/02/04/01:01:48,apply-time,rs-001144-59lh8,2545632e-8d5d-4bf6-ab12-938e5c0f371e,1,3960.431576
2026/02/04/01:01:48,running-time,rs-001144-59lh8,2545632e-8d5d-4bf6-ab12-938e5c0f371e,1,3960.431576
2026/02/04/01:01:48,apply-time,rs-001144-dcpzx,aa085c28-dae6-4733-8d1b-07aa111f4807,1,3960.431576
2026/02/04/01:01:48,running-time,rs-001144-dcpzx,aa085c28-dae6-4733-8d1b-07aa111f4807,1,3960.431576
2026/02/04/01:01:48,apply-time,rs-001144-hgv9v,c207938e-4909-4a60-bd3b-49084e98574f,1,3960.431576
2026/02/04/01:01:48,running-time,rs-001144-hgv9v,c207938e-4909-4a60-bd3b-49084e98574f,1,3960.431576
2026/02/04/01:01:49,apply-time,rs-001145-gqzbw,019d43e3-913d-4e14-b9d0-86719d27fd3b,3,3960.431576
2026/02/04/01:01:49,running-time,rs-001145-gqzbw,019d43e3-913d-4e14-b9d0-86719d27fd3b,3,3960.431576
2026/02/04/01:01:49,apply-time,rs-001145-w9cq8,e7962a85-3fdd-4c14-b160-e144bc68e76d,3,3961.431576
2026/02/04/01:01:49,running-time,rs-001145-w9cq8,e7962a85-3fdd-4c14-b160-e144bc68e76d,3,3961.431576
2026/02/04/01:01:49,apply-time,rs-001146-vmwg9,1300e1a7-8200-4089-804b-4c5b648c6e09,2,3961.431576
2026/02/04/01:01:49,running-time,rs-001146-vmwg9,1300e1a7-8200-4089-804b-4c5b648c6e09,2,3961.431576
2026/02/04/01:01:49,apply-time,rs-001147-928rx,17bd0b21-d076-4f3b-852d-091dcfd55062,1,3961.431576
2026/02/04/01:01:49,running-time,rs-001147-928rx,17bd0b21-d076-4f3b-852d-091dcfd55062,1,3961.431576
2026/02/04/01:01:49,apply-time,rs-001147-w9wxz,7a0976df-e308-494c-9165-1be774e08d30,1,3961.431576
2026/02/04/01:01:49,running-time,rs-001147-w9wxz,7a0976df-e308-494c-9165-1be774e08d30,1,3961.431576
2026/02/04/01:01:49,apply-time,rs-001148-qsmj9,c1268f30-9186-4e4e-9a40-318ebb341a18,4,3961.431576
2026/02/04/01:01:49,running-time,rs-001148-qsmj9,c1268f30-9186-4e4e-9a40-318ebb341a18,4,3961.431576
2026/02/04/01:01:49,apply-time,rs-001148-rvm78,b11e1043-2dc1-4845-8392-489dcbfaca9a,4,3961.431576
2026/02/04/01:01:49,running-time,rs-001148-rvm78,b11e1043-2dc1-4845-8392-489dcbfaca9a,4,3961.431576
2026/02/04/01:01:49,apply-time,rs-001149-m6rr8,d2ee3871-4bfc-4cfb-8135-78b29f5d0c87,1,3961.431576
2026/02/04/01:01:49,running-time,rs-001149-m6rr8,d2ee3871-4bfc-4cfb-8135-78b29f5d0c87,1,3961.431576
2026/02/04/01:01:51,apply-time,rs-001150-cvctw,8e03a395-98d8-4d78-830c-a8bd941edf4e,1,3963.431576
2026/02/04/01:01:51,running-time,rs-001150-cvctw,8e03a395-98d8-4d78-830c-a8bd941edf4e,1,3963.431576
2026/02/04/01:01:51,apply-time,rs-001150-hp6vn,39625aca-6b1f-4437-9fb2-f8e3f375105e,1,3963.431576
2026/02/04/01:01:51,apply-time,rs-001150-pshf4,a7f96884-24cd-41e0-9ea1-04be462c738a,1,3963.431576
2026/02/04/01:01:51,running-time,rs-001150-pshf4,a7f96884-24cd-41e0-9ea1-04be462c738a,1,3963.431576
2026/02/04/01:01:55,apply-time,rs-001151-8km67,400d8773-45d5-4122-a2fd-45d4f3103f86,4,3967.431576
2026/02/04/01:01:55,running-time,rs-001151-8km67,400d8773-45d5-4122-a2fd-45d4f3103f86,4,3967.431576
2026/02/04/01:01:55,apply-time,rs-001151-9867k,4231ec26-19eb-4fa9-b10f-df8e5f64aae1,4,3967.431576
2026/02/04/01:01:55,running-time,rs-001151-9867k,4231ec26-19eb-4fa9-b10f-df8e5f64aae1,4,3967.431576
2026/02/04/01:02:12,apply-time,rs-001152-8kt5x,30c4fecd-41a1-4150-aaef-cb0f04b0d7c1,1,3984.431576
2026/02/04/01:02:12,running-time,rs-001152-8kt5x,30c4fecd-41a1-4150-aaef-cb0f04b0d7c1,1,3984.431576
2026/02/04/01:02:12,apply-time,rs-001152-lj2sh,93c65693-cf77-44d1-9056-4295a63ef4b4,1,3984.431576
2026/02/04/01:02:12,running-time,rs-001152-lj2sh,93c65693-cf77-44d1-9056-4295a63ef4b4,1,3984.431576
2026/02/04/01:02:12,apply-time,rs-001153-n89gr,28123b11-a079-4c69-ac8b-e1df576bbc0c,2,3984.431576
2026/02/04/01:02:12,running-time,rs-001153-n89gr,28123b11-a079-4c69-ac8b-e1df576bbc0c,2,3984.431576
2026/02/04/01:02:12,apply-time,rs-001154-cl4zh,7b0d3633-2f24-4376-af8f-42ea862bd660,2,3984.431576
2026/02/04/01:02:12,apply-time,rs-001154-sv2h6,d732aecb-fc6e-4c3b-8022-48440a05ae99,2,3984.431576
2026/02/04/01:02:12,apply-time,rs-001154-w7fnh,a52c956b-35bb-4f26-b05c-2540b5e45428,2,3984.431576
2026/02/04/01:02:12,apply-time,rs-001155-ppbk7,9797633c-b67d-4f25-b74a-a850c7652bff,4,3984.431576
2026/02/04/01:02:12,running-time,rs-001155-ppbk7,9797633c-b67d-4f25-b74a-a850c7652bff,4,3984.431576
2026/02/04/01:02:25,apply-time,rs-001156-7fdnk,6a2c0366-79b4-449b-b7a0-920e6080fa5c,2,3997.431576
2026/02/04/01:02:25,running-time,rs-001156-7fdnk,6a2c0366-79b4-449b-b7a0-920e6080fa5c,2,3997.431576
2026/02/04/01:02:25,apply-time,rs-001156-rjsgl,dd4ffe52-4c46-4911-9615-debd7013717c,2,3997.431576
2026/02/04/01:02:25,running-time,rs-001156-rjsgl,dd4ffe52-4c46-4911-9615-debd7013717c,2,3997.431576
2026/02/04/01:02:39,apply-time,rs-001157-btk9p,6d875bbf-6d92-4e5a-bd8a-2cc4dcb683d6,3,4011.431576
2026/02/04/01:02:39,running-time,rs-001157-btk9p,6d875bbf-6d92-4e5a-bd8a-2cc4dcb683d6,3,4011.431576
2026/02/04/01:02:39,apply-time,rs-001157-ltgq4,3961cc8a-2978-49c8-ae30-0f79d33e5aad,3,4011.431576
2026/02/04/01:02:39,running-time,rs-001157-ltgq4,3961cc8a-2978-49c8-ae30-0f79d33e5aad,3,4011.431576
2026/02/04/01:02:39,apply-time,rs-001157-rdcsb,7966f7e1-2ec6-4049-8075-c647be0566c7,3,4011.431576
2026/02/04/01:02:39,running-time,rs-001157-rdcsb,7966f7e1-2ec6-4049-8075-c647be0566c7,3,4011.431576
2026/02/04/01:02:39,apply-time,rs-001158-kw5vq,4708a993-6971-4064-8962-ab20bc49f162,2,4011.431576
2026/02/04/01:02:39,running-time,rs-001158-kw5vq,4708a993-6971-4064-8962-ab20bc49f162,2,4011.431576
2026/02/04/01:02:42,apply-time,rs-001159-zfflx,41d8defc-afc0-46a7-9384-900ae3fbc235,4,4014.431576
2026/02/04/01:02:42,running-time,rs-001159-zfflx,41d8defc-afc0-46a7-9384-900ae3fbc235,4,4014.431576
2026/02/04/01:02:42,apply-time,rs-001160-44rlx,5b3b32b0-88ee-4de1-849e-f8bdd8a69f32,2,4014.431576
2026/02/04/01:02:42,running-time,rs-001160-44rlx,5b3b32b0-88ee-4de1-849e-f8bdd8a69f32,2,4014.431576
2026/02/04/01:02:42,apply-time,rs-001160-ll9sp,35453600-69d1-4d8b-a8fe-54931cd28737,2,4014.431576
2026/02/04/01:02:42,running-time,rs-001160-ll9sp,35453600-69d1-4d8b-a8fe-54931cd28737,2,4014.431576
2026/02/04/01:02:56,apply-time,rs-001161-j24rx,3417e039-4ae4-40f1-8f86-4d0d083bd45c,1,4028.431576
2026/02/04/01:02:56,running-time,rs-001161-j24rx,3417e039-4ae4-40f1-8f86-4d0d083bd45c,1,4028.431576
2026/02/04/01:02:56,apply-time,rs-001162-2s55m,4c84c6c0-95c4-4eff-b88e-ab61f68c7908,2,4028.431576
2026/02/04/01:02:56,running-time,rs-001162-2s55m,4c84c6c0-95c4-4eff-b88e-ab61f68c7908,2,4028.431576
2026/02/04/01:02:56,apply-time,rs-001163-4ndsn,02a8b185-44e6-47d6-adad-676b94cef7e6,4,4028.431576
2026/02/04/01:02:56,apply-time,rs-001163-b9z55,232e604d-6cf5-4b82-856e-203743e4e78b,4,4028.431576
2026/02/04/01:02:56,running-time,rs-001163-b9z55,232e604d-6cf5-4b82-856e-203743e4e78b,4,4028.431576
2026/02/04/01:02:56,apply-time,rs-001163-h2mx6,991136eb-1b14-4866-a321-c455132f5319,4,4028.431576
2026/02/04/01:02:56,running-time,rs-001163-h2mx6,991136eb-1b14-4866-a321-c455132f5319,4,4028.431576
2026/02/04/01:02:56,apply-time,rs-001164-c6wdk,de154357-d32a-4fb3-859e-cfdd7abb1510,4,4028.431576
2026/02/04/01:02:56,running-time,rs-001164-c6wdk,de154357-d32a-4fb3-859e-cfdd7abb1510,4,4028.431576
2026/02/04/01:02:56,apply-time,rs-001164-m2p69,0c8cc751-a049-467f-956d-c1ed18d837a1,4,4028.431576
2026/02/04/01:02:56,running-time,rs-001164-m2p69,0c8cc751-a049-467f-956d-c1ed18d837a1,4,4028.431576
2026/02/04/01:02:59,running-time,rs-001163-4ndsn,02a8b185-44e6-47d6-adad-676b94cef7e6,4,4030.431576
2026/02/04/01:03:02,apply-time,rs-001165-94s4m,a3df2a29-89b6-4a73-acfe-b77e18f5db18,1,4034.431576
2026/02/04/01:03:02,apply-time,rs-001166-7tr2g,00a0f158-e0f7-478c-9296-0d480dc3f740,2,4034.431576
2026/02/04/01:03:02,running-time,rs-001166-7tr2g,00a0f158-e0f7-478c-9296-0d480dc3f740,2,4034.431576
2026/02/04/01:03:02,apply-time,rs-001167-kpjdg,017e4b9f-56e5-4a01-815d-08b57122a87e,2,4034.431576
2026/02/04/01:03:02,running-time,rs-001167-kpjdg,017e4b9f-56e5-4a01-815d-08b57122a87e,2,4034.431576
2026/02/04/01:03:03,apply-time,rs-001168-glrmz,872ca7e7-fe41-4126-928e-24008c21992a,1,4034.431576
2026/02/04/01:03:03,apply-time,rs-001168-zgg87,b0b357f5-9ea9-4e57-b54d-34417684c1cb,1,4034.431576
2026/02/04/01:03:03,apply-time,rs-001169-4lw7c,d1595d9e-ad68-49dd-9fc4-a2974f636755,4,4034.431576
2026/02/04/01:03:03,apply-time,rs-001169-n9qc8,45b4f86b-83a9-40f8-99a3-04d4078e06a2,4,4034.431576
2026/02/04/01:03:03,apply-time,rs-001170-6h99c,3ce29af4-eb2e-40c4-af9f-4c688b98535c,1,4034.431576
2026/02/04/01:03:03,apply-time,rs-001170-f2vs4,916a1ab7-b93f-45cc-88d4-4ef3ca713e30,1,4034.431576
2026/02/04/01:03:03,running-time,rs-001170-f2vs4,916a1ab7-b93f-45cc-88d4-4ef3ca713e30,1,4034.431576
2026/02/04/01:03:03,apply-time,rs-001171-lcljg,edd29aa5-4251-4797-8ab8-0500ea1e9b99,1,4035.431576
2026/02/04/01:03:03,running-time,rs-001171-lcljg,edd29aa5-4251-4797-8ab8-0500ea1e9b99,1,4035.431576
2026/02/04/01:03:03,apply-time,rs-001171-m92zv,a2e318b4-3e89-42a4-8bc0-cd18fc068e0a,1,4034.431576
2026/02/04/01:03:03,running-time,rs-001171-m92zv,a2e318b4-3e89-42a4-8bc0-cd18fc068e0a,1,4035.431576
2026/02/04/01:03:03,apply-time,rs-001172-k5mzn,b307226c-a968-4a2d-935d-a04361ffb55e,4,4035.431576
2026/02/04/01:03:03,running-time,rs-001172-k5mzn,b307226c-a968-4a2d-935d-a04361ffb55e,4,4035.431576
2026/02/04/01:03:03,apply-time,rs-001173-hn4z8,069d28ef-6439-43e8-bc26-5935fd1ef21a,2,4035.431576
2026/02/04/01:03:03,running-time,rs-001173-hn4z8,069d28ef-6439-43e8-bc26-5935fd1ef21a,2,4035.431576
2026/02/04/01:03:03,apply-time,rs-001173-pq27z,fa948155-2676-4aea-b808-b637a653e40a,2,4035.431576
2026/02/04/01:03:03,running-time,rs-001173-pq27z,fa948155-2676-4aea-b808-b637a653e40a,2,4035.431576
2026/02/04/01:03:03,apply-time,rs-001173-wmhls,97fc19da-0221-4e41-aef6-aab223ebe843,2,4035.431576
2026/02/04/01:03:03,running-time,rs-001173-wmhls,97fc19da-0221-4e41-aef6-aab223ebe843,2,4035.431576
2026/02/04/01:03:03,apply-time,rs-001174-cgrzp,6b616215-c8ab-461e-99a8-fe35f97161b5,4,4035.431576
2026/02/04/01:03:03,running-time,rs-001174-cgrzp,6b616215-c8ab-461e-99a8-fe35f97161b5,4,4035.431576
2026/02/04/01:03:06,running-time,rs-001170-6h99c,3ce29af4-eb2e-40c4-af9f-4c688b98535c,1,4038.431576
2026/02/04/01:03:07,running-time,rs-001169-4lw7c,d1595d9e-ad68-49dd-9fc4-a2974f636755,4,4038.431576
2026/02/04/01:03:12,apply-time,rs-001175-d2jhm,b863d334-9be6-431a-af59-a68804a1c5fc,1,4043.431576
2026/02/04/01:03:12,running-time,rs-001175-d2jhm,b863d334-9be6-431a-af59-a68804a1c5fc,1,4043.431576
2026/02/04/01:03:12,apply-time,rs-001176-hbzdk,71b1dc85-96b3-412e-a61c-916b6bc48520,3,4043.431576
2026/02/04/01:03:12,running-time,rs-001176-hbzdk,71b1dc85-96b3-412e-a61c-916b6bc48520,3,4043.431576
2026/02/04/01:03:21,apply-time,rs-001010-n4mln,c1386f1e-9dfc-4c81-b0c5-50d81a7df7b2,1,4053.431576
2026/02/04/01:03:21,running-time,rs-001010-n4mln,c1386f1e-9dfc-4c81-b0c5-50d81a7df7b2,1,4053.431576
2026/02/04/01:03:33,apply-time,rs-001177-6z8dn,b5f237c6-d501-4500-8ac3-4bff7fcedf08,3,4064.431576
2026/02/04/01:03:33,apply-time,rs-001177-pld6j,250d48a3-57f8-49c9-9431-d4df3d508800,3,4064.431576
2026/02/04/01:03:33,apply-time,rs-001178-l4r9s,52e0ed4e-f84c-44b3-8928-15b4b0086cbc,1,4065.431576
2026/02/04/01:03:33,running-time,rs-001178-l4r9s,52e0ed4e-f84c-44b3-8928-15b4b0086cbc,1,4065.431576
2026/02/04/01:03:33,apply-time,rs-001179-lhr88,774a4ab0-181c-4891-bd7e-11077a58707a,1,4065.431576
2026/02/04/01:03:33,running-time,rs-001179-lhr88,774a4ab0-181c-4891-bd7e-11077a58707a,1,4065.431576
2026/02/04/01:03:33,apply-time,rs-001179-vvqg8,e24f293d-f9da-4da6-8543-b8d5bc98c99e,1,4065.431576
2026/02/04/01:03:33,running-time,rs-001179-vvqg8,e24f293d-f9da-4da6-8543-b8d5bc98c99e,1,4065.431576
2026/02/04/01:03:33,apply-time,rs-001180-ds62c,d5eb9a8f-20f4-4ec8-80cc-bc0f80b153e7,4,4065.431576
2026/02/04/01:03:33,running-time,rs-001180-ds62c,d5eb9a8f-20f4-4ec8-80cc-bc0f80b153e7,4,4065.431576
2026/02/04/01:03:33,apply-time,rs-001180-fq8hx,dd7a1a79-e597-43a0-8697-6bfce5ad56e4,4,4065.431576
2026/02/04/01:03:33,running-time,rs-001180-fq8hx,dd7a1a79-e597-43a0-8697-6bfce5ad56e4,4,4065.431576
2026/02/04/01:03:33,apply-time,rs-001181-cr8f5,2cd53c84-d039-4de3-a458-af3f80eab273,1,4065.431576
2026/02/04/01:03:33,running-time,rs-001181-cr8f5,2cd53c84-d039-4de3-a458-af3f80eab273,1,4065.431576
2026/02/04/01:03:33,apply-time,rs-001181-lhrp2,c73ae9af-bfd1-4215-86ed-ffab00c0e327,1,4065.431576
2026/02/04/01:03:33,running-time,rs-001181-lhrp2,c73ae9af-bfd1-4215-86ed-ffab00c0e327,1,4065.431576
2026/02/04/01:03:34,apply-time,rs-001182-n56pm,458e00f4-783a-4acf-93ab-007a12f2d134,3,4066.431576
2026/02/04/01:03:34,running-time,rs-001182-n56pm,458e00f4-783a-4acf-93ab-007a12f2d134,3,4066.431576
2026/02/04/01:03:34,apply-time,rs-001182-n6ckk,c8f2bc3d-e023-49b4-a887-4f25494192fb,3,4066.431576
2026/02/04/01:03:34,running-time,rs-001182-n6ckk,c8f2bc3d-e023-49b4-a887-4f25494192fb,3,4066.431576
2026/02/04/01:03:34,apply-time,rs-001182-z265k,359d92df-b62e-418d-a84b-5c47458fa3b1,3,4066.431576
2026/02/04/01:03:34,running-time,rs-001182-z265k,359d92df-b62e-418d-a84b-5c47458fa3b1,3,4066.431576
2026/02/04/01:03:35,apply-time,rs-001183-b2b68,2e776cc7-f2c1-4632-b13d-6e3586287df2,4,4067.431576
2026/02/04/01:03:36,apply-time,rs-001184-srl8n,0cd36dd7-3b2f-464c-9ed3-4d5086e146e6,3,4068.431576
2026/02/04/01:03:36,running-time,rs-001184-srl8n,0cd36dd7-3b2f-464c-9ed3-4d5086e146e6,3,4068.431576
2026/02/04/01:03:36,apply-time,rs-001185-9hz7x,764705a8-8c41-448a-8883-734b158f7470,2,4068.431576
2026/02/04/01:03:36,running-time,rs-001185-9hz7x,764705a8-8c41-448a-8883-734b158f7470,2,4068.431576
2026/02/04/01:03:36,apply-time,rs-001185-g6fbw,73288878-c9b7-4a76-a579-d78dd59ebf39,2,4068.431576
2026/02/04/01:03:36,running-time,rs-001185-g6fbw,73288878-c9b7-4a76-a579-d78dd59ebf39,2,4068.431576
2026/02/04/01:03:36,apply-time,rs-001186-wl7p5,c1d41976-0f14-4eed-a0e5-d9a936b78c18,1,4068.431576
2026/02/04/01:03:36,running-time,rs-001186-wl7p5,c1d41976-0f14-4eed-a0e5-d9a936b78c18,1,4068.431576
2026/02/04/01:03:36,apply-time,rs-001187-6cg7f,eb1881ad-6d0c-4712-b01b-961aa0045bd7,2,4068.431576
2026/02/04/01:03:36,apply-time,rs-001188-brbr2,00768bff-110e-4ba3-b87c-7148b0309589,4,4068.431576
2026/02/04/01:03:36,running-time,rs-001188-brbr2,00768bff-110e-4ba3-b87c-7148b0309589,4,4068.431576
2026/02/04/01:03:36,apply-time,rs-001189-8t97r,45194743-52c0-4807-a9e1-36f6536ce765,3,4068.431576
2026/02/04/01:03:36,running-time,rs-001189-8t97r,45194743-52c0-4807-a9e1-36f6536ce765,3,4068.431576
2026/02/04/01:03:36,apply-time,rs-001189-nh54b,31bfda20-d9fa-4f27-98b7-63aee7eccfe9,3,4068.431576
2026/02/04/01:03:36,running-time,rs-001189-nh54b,31bfda20-d9fa-4f27-98b7-63aee7eccfe9,3,4068.431576
2026/02/04/01:03:37,apply-time,rs-001190-645gp,0e143193-5ead-431a-8786-273dba5a7044,4,4069.431576
2026/02/04/01:03:37,apply-time,rs-001190-dvlfd,e6ce5182-21e2-4ec4-a91f-58d467e48ce4,4,4069.431576
2026/02/04/01:03:37,apply-time,rs-001190-f5hpc,e240da0e-8077-4559-babe-b724cbe58dd6,4,4069.431576
2026/02/04/01:03:37,apply-time,rs-001191-88tpc,8f3bb5d2-d98c-47af-b5be-9d12cba54c9c,1,4069.431576
2026/02/04/01:03:37,apply-time,rs-001191-xccsl,74008f9d-2c80-4596-90a2-8665d2a950e9,1,4069.431576
2026/02/04/01:03:37,running-time,rs-001191-xccsl,74008f9d-2c80-4596-90a2-8665d2a950e9,1,4069.431576
2026/02/04/01:03:37,apply-time,rs-001192-gs2qp,22a5efd1-8655-4f73-b7f3-1fea1b1e4947,4,4069.431576
2026/02/04/01:03:37,running-time,rs-001192-gs2qp,22a5efd1-8655-4f73-b7f3-1fea1b1e4947,4,4069.431576
2026/02/04/01:03:38,running-time,rs-001191-88tpc,8f3bb5d2-d98c-47af-b5be-9d12cba54c9c,1,4069.431576
2026/02/04/01:03:38,apply-time,rs-001191-ggjd6,fd671d3e-c444-4924-9074-96b870730670,1,4069.431576
2026/02/04/01:03:39,running-time,rs-001183-b2b68,2e776cc7-f2c1-4632-b13d-6e3586287df2,4,4071.431576
2026/02/04/01:03:50,apply-time,rs-001193-vskgw,dfe922e5-4a20-4870-bdd9-698adf8628d0,4,4082.431576
2026/02/04/01:03:50,running-time,rs-001193-vskgw,dfe922e5-4a20-4870-bdd9-698adf8628d0,4,4082.431576
2026/02/04/01:03:51,apply-time,rs-001194-7mwlw,ca182b87-58b5-4e89-be33-f73f1b1e7d6a,1,4083.431576
2026/02/04/01:03:51,running-time,rs-001194-7mwlw,ca182b87-58b5-4e89-be33-f73f1b1e7d6a,1,4083.431576
2026/02/04/01:03:51,apply-time,rs-001194-hcmv9,baf07324-f812-416a-9790-2f7abb196f90,1,4083.431576
2026/02/04/01:03:51,running-time,rs-001194-hcmv9,baf07324-f812-416a-9790-2f7abb196f90,1,4083.431576
2026/02/04/01:03:51,apply-time,rs-001194-nzchz,6ad683eb-b7b9-40af-944d-60b3a0a30cea,1,4083.431576
2026/02/04/01:03:51,running-time,rs-001194-nzchz,6ad683eb-b7b9-40af-944d-60b3a0a30cea,1,4083.431576
2026/02/04/01:04:02,apply-time,rs-001010-f8lgs,40354567-045f-4d3b-a897-eb3e1ee31d06,1,4094.431576
2026/02/04/01:04:02,running-time,rs-001010-f8lgs,40354567-045f-4d3b-a897-eb3e1ee31d06,1,4094.431576
2026/02/04/01:04:02,apply-time,rs-001029-jhfpb,1beab90d-d184-4834-a764-3dd1ab211ab0,1,4094.431576
2026/02/04/01:04:02,running-time,rs-001029-jhfpb,1beab90d-d184-4834-a764-3dd1ab211ab0,1,4094.431576
2026/02/04/01:04:02,running-time,rs-001177-6z8dn,b5f237c6-d501-4500-8ac3-4bff7fcedf08,3,4094.431576
2026/02/04/01:04:02,running-time,rs-001177-pld6j,250d48a3-57f8-49c9-9431-d4df3d508800,3,4094.431576
2026/02/04/01:04:09,apply-time,rs-001196-fwhl2,8f63a67a-37cf-46da-8548-3b26bc2417af,1,4101.431576
2026/02/04/01:04:10,apply-time,rs-001195-8ds4d,81a1f951-746c-40dd-8d25-93d29ca4a22d,1,4101.431576
2026/02/04/01:04:10,running-time,rs-001195-8ds4d,81a1f951-746c-40dd-8d25-93d29ca4a22d,1,4101.431576
2026/02/04/01:04:10,apply-time,rs-001195-9xlfn,3c3c4aaf-0bf3-49a9-93a5-eadc29e0664f,1,4101.431576
2026/02/04/01:04:10,running-time,rs-001195-9xlfn,3c3c4aaf-0bf3-49a9-93a5-eadc29e0664f,1,4101.431576
2026/02/04/01:04:10,running-time,rs-001196-fwhl2,8f63a67a-37cf-46da-8548-3b26bc2417af,1,4101.431576
2026/02/04/01:04:27,apply-time,rs-001197-bs52n,f39c08fb-0a54-4bcf-90a8-ef2ed435733e,1,4119.431576
2026/02/04/01:04:27,running-time,rs-001197-bs52n,f39c08fb-0a54-4bcf-90a8-ef2ed435733e,1,4119.431576
2026/02/04/01:04:37,apply-time,rs-001198-ggb7g,3175e36b-26a6-480b-bad9-2f52eec8376a,3,4129.431576
2026/02/04/01:04:37,running-time,rs-001198-ggb7g,3175e36b-26a6-480b-bad9-2f52eec8376a,3,4129.431576
2026/02/04/01:05:04,apply-time,rs-001199-9ct4m,9f55f227-c4bd-4146-9e7d-6127e90bc8b3,1,4156.431576
2026/02/04/01:05:04,running-time,rs-001199-9ct4m,9f55f227-c4bd-4146-9e7d-6127e90bc8b3,1,4156.431576
2026/02/04/01:05:04,apply-time,rs-001199-rtxln,bad6dc0a-99ee-4141-a8b9-1a03ccdfa06a,1,4156.431576
2026/02/04/01:05:04,running-time,rs-001199-rtxln,bad6dc0a-99ee-4141-a8b9-1a03ccdfa06a,1,4156.431576
2026/02/04/01:05:04,apply-time,rs-001200-t5tv8,839729ce-77dd-4c03-827c-d36c2cee6bf3,1,4156.431576
2026/02/04/01:05:04,running-time,rs-001200-t5tv8,839729ce-77dd-4c03-827c-d36c2cee6bf3,1,4156.431576
2026/02/04/01:05:14,apply-time,rs-001201-8bm7z,dbab1350-00af-4d0e-aec8-a205a67a3835,1,4166.431576
2026/02/04/01:05:14,apply-time,rs-001201-npx8b,5c011644-1c83-491e-b69a-b585bd1164e7,1,4166.431576
2026/02/04/01:05:14,apply-time,rs-001201-xgw5q,a008b9ad-4dc2-4df1-88c4-f3b0e6e4d359,1,4166.431576
2026/02/04/01:05:15,apply-time,rs-001202-9m4kw,446b2c44-d311-4705-b9dc-c64df73370ee,4,4166.431576
2026/02/04/01:05:15,running-time,rs-001202-9m4kw,446b2c44-d311-4705-b9dc-c64df73370ee,4,4167.431576
2026/02/04/01:05:15,apply-time,rs-001202-bjf2l,55ff9472-a2a0-4660-9f2f-7d9316190a45,4,4167.431576
2026/02/04/01:05:15,running-time,rs-001202-bjf2l,55ff9472-a2a0-4660-9f2f-7d9316190a45,4,4167.431576
2026/02/04/01:05:15,apply-time,rs-001202-lsn2v,be603f18-08fb-4aa1-aa93-ca419cd4f6e3,4,4167.431576
2026/02/04/01:05:15,running-time,rs-001202-lsn2v,be603f18-08fb-4aa1-aa93-ca419cd4f6e3,4,4167.431576
2026/02/04/01:05:17,apply-time,rs-001203-fxtm4,7987399c-acaa-44fb-a305-005e671db6cd,2,4169.431576
2026/02/04/01:05:17,running-time,rs-001203-fxtm4,7987399c-acaa-44fb-a305-005e671db6cd,2,4169.431576
2026/02/04/01:05:17,apply-time,rs-001203-pcwgk,5885786a-e4da-4e26-b918-72d7b0e73077,2,4169.431576
2026/02/04/01:05:17,running-time,rs-001203-pcwgk,5885786a-e4da-4e26-b918-72d7b0e73077,2,4169.431576
2026/02/04/01:05:50,apply-time,rs-001204-84bh9,50e4cde2-ce58-4f01-8304-11a55eee6b48,3,4202.431576
2026/02/04/01:05:50,running-time,rs-001204-84bh9,50e4cde2-ce58-4f01-8304-11a55eee6b48,3,4202.431576
2026/02/04/01:05:50,apply-time,rs-001204-bkjf6,013120cd-c727-4efa-8d4b-d1b3d1d457fe,3,4202.431576
2026/02/04/01:05:50,running-time,rs-001204-bkjf6,013120cd-c727-4efa-8d4b-d1b3d1d457fe,3,4202.431576
2026/02/04/01:05:50,apply-time,rs-001204-pm5kd,1dd75c84-1cd0-4621-9df7-21b5320aca7a,3,4202.431576
2026/02/04/01:05:50,running-time,rs-001204-pm5kd,1dd75c84-1cd0-4621-9df7-21b5320aca7a,3,4202.431576
2026/02/04/01:05:50,apply-time,rs-001205-4hj4m,a371e396-6844-4fcd-bc7a-00dc7db50888,3,4202.431576
2026/02/04/01:05:50,running-time,rs-001205-4hj4m,a371e396-6844-4fcd-bc7a-00dc7db50888,3,4202.431576
2026/02/04/01:05:50,apply-time,rs-001205-57ccw,40dbbb4b-9fb2-44a3-bf66-1f58aed79fa0,3,4202.431576
2026/02/04/01:05:50,apply-time,rs-001205-t578x,d38ac08b-d72f-4e51-aa44-6ab19b011ef4,3,4202.431576
2026/02/04/01:05:50,apply-time,rs-001206-6mvw4,e041cceb-569e-4b96-ba5f-aabcaa4cbf1e,2,4202.431576
2026/02/04/01:05:50,running-time,rs-001206-6mvw4,e041cceb-569e-4b96-ba5f-aabcaa4cbf1e,2,4202.431576
2026/02/04/01:05:50,apply-time,rs-001206-wnshc,77a98da0-65eb-4a76-9445-9b37e9af1ad8,2,4202.431576
2026/02/04/01:05:50,running-time,rs-001206-wnshc,77a98da0-65eb-4a76-9445-9b37e9af1ad8,2,4202.431576
2026/02/04/01:05:52,running-time,rs-001205-t578x,d38ac08b-d72f-4e51-aa44-6ab19b011ef4,3,4204.431576
2026/02/04/01:06:00,running-time,rs-001205-57ccw,40dbbb4b-9fb2-44a3-bf66-1f58aed79fa0,3,4212.431576
2026/02/04/01:06:03,apply-time,rs-001207-zzj5b,5cba81e8-c45c-4460-bb96-31f050f1464d,1,4215.431576
2026/02/04/01:06:03,apply-time,rs-001208-nqhnn,92acdf31-138d-4cc0-bdd6-931df58f0b89,2,4215.431576
2026/02/04/01:06:03,running-time,rs-001208-nqhnn,92acdf31-138d-4cc0-bdd6-931df58f0b89,2,4215.431576
2026/02/04/01:06:03,apply-time,rs-001209-8bxd8,42138aeb-5af0-4fe1-bc37-7a41388bafd7,3,4215.431576
2026/02/04/01:06:03,running-time,rs-001209-8bxd8,42138aeb-5af0-4fe1-bc37-7a41388bafd7,3,4215.431576
2026/02/04/01:06:03,apply-time,rs-001209-mstvq,fdb33b22-1cea-4c5b-9495-1674958958d5,3,4215.431576
2026/02/04/01:06:03,running-time,rs-001209-mstvq,fdb33b22-1cea-4c5b-9495-1674958958d5,3,4215.431576
2026/02/04/01:06:09,apply-time,rs-001210-dpzzm,609d070e-2900-460f-ab3d-3245dade4bfd,1,4221.431576
2026/02/04/01:06:09,running-time,rs-001210-dpzzm,609d070e-2900-460f-ab3d-3245dade4bfd,1,4221.431576
2026/02/04/01:06:09,apply-time,rs-001210-xmjph,fc03ce7b-316b-4477-acdc-2b51859ac170,1,4221.431576
2026/02/04/01:06:09,apply-time,rs-001211-nqst6,4d7c9b50-c01e-4366-80d4-ed3784f5366c,2,4221.431576
2026/02/04/01:06:09,running-time,rs-001211-nqst6,4d7c9b50-c01e-4366-80d4-ed3784f5366c,2,4221.431576
2026/02/04/01:06:09,apply-time,rs-001211-v486r,b7303418-4fde-4695-8295-483ea3a25dd1,2,4221.431576
2026/02/04/01:06:09,running-time,rs-001211-v486r,b7303418-4fde-4695-8295-483ea3a25dd1,2,4221.431576
2026/02/04/01:06:09,apply-time,rs-001212-vwdnb,6693fc0b-474c-4f26-baa5-9cf210660b37,1,4221.431576
2026/02/04/01:06:09,apply-time,rs-001212-xdjx4,f5cb8693-6b46-4fd2-a321-7645c9e7e912,1,4221.431576
2026/02/04/01:06:09,running-time,rs-001212-xdjx4,f5cb8693-6b46-4fd2-a321-7645c9e7e912,1,4221.431576
2026/02/04/01:06:09,apply-time,rs-001213-2xj8m,2fd8ec63-8b11-4789-a2aa-c28c061527dd,1,4221.431576
2026/02/04/01:06:09,apply-time,rs-001213-bc5cx,05f99595-8fb6-4362-a737-3741c3d232b5,1,4221.431576
2026/02/04/01:06:09,apply-time,rs-001213-nhznn,2c850953-e357-472d-a6ad-715c1e5751fd,1,4221.431576
2026/02/04/01:06:09,apply-time,rs-001214-cgzh2,ecae4849-77e6-45b6-9901-7384275a920a,1,4221.431576
2026/02/04/01:06:09,apply-time,rs-001215-d727q,df64323d-000d-49f0-8819-926d9dcde82f,4,4221.431576
2026/02/04/01:06:09,apply-time,rs-001216-n9jnp,d3243be8-35df-4ecb-9b53-768e8b3cbc92,3,4221.431576
2026/02/04/01:06:09,running-time,rs-001216-n9jnp,d3243be8-35df-4ecb-9b53-768e8b3cbc92,3,4221.431576
2026/02/04/01:06:10,apply-time,rs-001215-w9llx,c4358090-87f9-4a43-a0fc-69c518387b4d,4,4221.431576
2026/02/04/01:06:10,apply-time,rs-001215-xjkv5,36302d69-5255-4770-9929-0832c1a8ad91,4,4222.431576
2026/02/04/01:06:10,apply-time,rs-001217-wlcd2,0fda565f-c0bd-47b4-a79b-bdd31ad64298,3,4222.431576
2026/02/04/01:06:11,running-time,rs-001210-xmjph,fc03ce7b-316b-4477-acdc-2b51859ac170,1,4223.431576
2026/02/04/01:06:12,running-time,rs-001214-cgzh2,ecae4849-77e6-45b6-9901-7384275a920a,1,4224.431576
2026/02/04/01:06:12,running-time,rs-001217-wlcd2,0fda565f-c0bd-47b4-a79b-bdd31ad64298,3,4224.431576
2026/02/04/01:06:16,running-time,rs-001213-2xj8m,2fd8ec63-8b11-4789-a2aa-c28c061527dd,1,4228.431576
2026/02/04/01:06:19,apply-time,rs-001218-5j4hb,302a037c-13f5-4c86-9a4a-6b7f6b971c0c,3,4231.431576
2026/02/04/01:06:19,apply-time,rs-001218-f2nnj,2a6721f7-6a1f-49f8-a374-9a2e88e07e62,3,4231.431576
2026/02/04/01:06:19,running-time,rs-001218-f2nnj,2a6721f7-6a1f-49f8-a374-9a2e88e07e62,3,4231.431576
2026/02/04/01:06:19,apply-time,rs-001218-fc5kl,f55c2cb2-dc69-4fdc-b381-8b58bb1f6798,3,4231.431576
2026/02/04/01:06:19,running-time,rs-001218-fc5kl,f55c2cb2-dc69-4fdc-b381-8b58bb1f6798,3,4231.431576
2026/02/04/01:06:19,apply-time,rs-001219-2kt6h,e5328b67-fd1e-4982-8d4f-5c81318a4225,2,4231.431576
2026/02/04/01:06:19,apply-time,rs-001219-rz5lf,b7eed216-35f8-4dd3-871a-3ad9ce3e2243,2,4231.431576
2026/02/04/01:06:19,apply-time,rs-001219-wgsx8,317edb5f-a5ae-4c44-969a-3acdd850e23d,2,4231.431576
2026/02/04/01:06:19,apply-time,rs-001220-8dzlh,33001515-0553-4323-b26d-ba58ce669e78,2,4231.431576
2026/02/04/01:06:19,running-time,rs-001220-8dzlh,33001515-0553-4323-b26d-ba58ce669e78,2,4231.431576
2026/02/04/01:06:19,apply-time,rs-001220-h9nrz,1ed3bd79-3d3f-4025-9534-aa8b5111d454,2,4231.431576
2026/02/04/01:06:19,running-time,rs-001220-h9nrz,1ed3bd79-3d3f-4025-9534-aa8b5111d454,2,4231.431576
2026/02/04/01:06:23,running-time,rs-001218-5j4hb,302a037c-13f5-4c86-9a4a-6b7f6b971c0c,3,4235.431576
2026/02/04/01:06:27,apply-time,rs-001221-7g2b7,f8e57f24-3f74-48f0-bbe9-f1ea5476b93f,3,4239.431576
2026/02/04/01:06:27,apply-time,rs-001221-8bs8x,b006dd81-59ac-4e0f-843e-dda8058846c4,3,4239.431576
2026/02/04/01:06:27,running-time,rs-001221-8bs8x,b006dd81-59ac-4e0f-843e-dda8058846c4,3,4239.431576
2026/02/04/01:06:27,apply-time,rs-001221-vln4v,5616f1a7-3791-4aed-9856-016e05fceaad,3,4239.431576
2026/02/04/01:06:27,apply-time,rs-001222-kbk7h,b0f0f7eb-ce70-40cf-b434-79137cfe5011,4,4239.431576
2026/02/04/01:06:27,apply-time,rs-001223-mq279,d7503e3c-7668-4266-92aa-d8f937bc8c66,3,4239.431576
2026/02/04/01:06:27,running-time,rs-001223-mq279,d7503e3c-7668-4266-92aa-d8f937bc8c66,3,4239.431576
2026/02/04/01:06:27,apply-time,rs-001224-mjmfm,abbbaf93-3f0c-4a0b-b26b-186b5c3f9195,2,4239.431576
2026/02/04/01:06:27,apply-time,rs-001225-2mx7g,e11fefbd-e42d-40aa-a9d6-f1f05ccabe7a,3,4239.431576
2026/02/04/01:06:27,running-time,rs-001225-2mx7g,e11fefbd-e42d-40aa-a9d6-f1f05ccabe7a,3,4239.431576
2026/02/04/01:06:27,apply-time,rs-001225-4zkqx,f64ffdbc-b217-4643-8399-f31dc9856a6a,3,4239.431576
2026/02/04/01:06:27,running-time,rs-001225-4zkqx,f64ffdbc-b217-4643-8399-f31dc9856a6a,3,4239.431576
2026/02/04/01:06:27,apply-time,rs-001225-87xlb,7258295c-c2c4-416c-92eb-054eb33849dd,3,4239.431576
2026/02/04/01:06:27,running-time,rs-001225-87xlb,7258295c-c2c4-416c-92eb-054eb33849dd,3,4239.431576
2026/02/04/01:06:27,apply-time,rs-001226-hzqxj,d98a6327-15c1-4d4d-b9a1-77b468d039e2,1,4239.431576
2026/02/04/01:06:27,running-time,rs-001226-hzqxj,d98a6327-15c1-4d4d-b9a1-77b468d039e2,1,4239.431576
2026/02/04/01:06:27,apply-time,rs-001227-gn5h9,ae8dbf12-0aae-4958-9fbc-e05861f78403,2,4239.431576
2026/02/04/01:06:27,apply-time,rs-001228-frvr6,afe98278-b39d-4318-886a-02d22c60e116,1,4239.431576
2026/02/04/01:06:27,running-time,rs-001228-frvr6,afe98278-b39d-4318-886a-02d22c60e116,1,4239.431576
2026/02/04/01:06:30,running-time,rs-001221-7g2b7,f8e57f24-3f74-48f0-bbe9-f1ea5476b93f,3,4242.431576
2026/02/04/01:06:30,running-time,rs-001221-vln4v,5616f1a7-3791-4aed-9856-016e05fceaad,3,4242.431576
2026/02/04/01:06:31,running-time,rs-001224-mjmfm,abbbaf93-3f0c-4a0b-b26b-186b5c3f9195,2,4242.431576
2026/02/04/01:06:51,apply-time,rs-001010-gnc6b,e6b4e7ea-fcc4-4493-a61b-ea1cc7576fb8,1,4262.431576
2026/02/04/01:06:51,running-time,rs-001010-gnc6b,e6b4e7ea-fcc4-4493-a61b-ea1cc7576fb8,1,4262.431576
2026/02/04/01:06:51,running-time,rs-001213-bc5cx,05f99595-8fb6-4362-a737-3741c3d232b5,1,4262.431576
2026/02/04/01:06:51,running-time,rs-001213-nhznn,2c850953-e357-472d-a6ad-715c1e5751fd,1,4262.431576
2026/02/04/01:07:27,apply-time,rs-001229-9qrvp,3102579c-c4aa-4d09-b6e2-0ac68aaa0207,4,4299.431576
2026/02/04/01:07:27,running-time,rs-001229-9qrvp,3102579c-c4aa-4d09-b6e2-0ac68aaa0207,4,4299.431576
2026/02/04/01:07:27,apply-time,rs-001229-dv9fj,86a4b669-dcb4-43e5-9f82-09e5f872e3d6,4,4299.431576
2026/02/04/01:07:27,running-time,rs-001229-dv9fj,86a4b669-dcb4-43e5-9f82-09e5f872e3d6,4,4299.431576
2026/02/04/01:07:27,apply-time,rs-001229-ptwx7,069dc530-fd4a-4d50-956f-2b2caf08495c,4,4299.431576
2026/02/04/01:07:27,running-time,rs-001229-ptwx7,069dc530-fd4a-4d50-956f-2b2caf08495c,4,4299.431576
2026/02/04/01:07:29,apply-time,rs-001230-w78hc,15ca86a3-addf-4d23-865b-6149825241c1,2,4300.431576
2026/02/04/01:07:29,running-time,rs-001230-w78hc,15ca86a3-addf-4d23-865b-6149825241c1,2,4300.431576
2026/02/04/01:07:30,apply-time,rs-001231-cxz9h,a9f81116-d56e-4946-b21a-0a9937589a8c,3,4301.431576
2026/02/04/01:07:30,running-time,rs-001231-cxz9h,a9f81116-d56e-4946-b21a-0a9937589a8c,3,4301.431576
2026/02/04/01:07:30,apply-time,rs-001232-8psgw,758968b7-f4a0-469a-8a33-b20032852ff7,3,4301.431576
2026/02/04/01:07:30,running-time,rs-001232-8psgw,758968b7-f4a0-469a-8a33-b20032852ff7,3,4301.431576
2026/02/04/01:07:30,apply-time,rs-001232-h4qlc,0dd9888d-2411-4c70-b75c-cc7cfcd578af,3,4301.431576
2026/02/04/01:07:30,running-time,rs-001232-h4qlc,0dd9888d-2411-4c70-b75c-cc7cfcd578af,3,4301.431576
2026/02/04/01:07:30,apply-time,rs-001233-d6b5h,de863b07-5d19-414e-bc2e-f1c6486b71c1,4,4301.431576
2026/02/04/01:07:30,running-time,rs-001233-d6b5h,de863b07-5d19-414e-bc2e-f1c6486b71c1,4,4301.431576
2026/02/04/01:07:30,apply-time,rs-001233-gghr7,340de2ea-dce6-440c-ba34-6a4e0b5b900a,4,4301.431576
2026/02/04/01:07:30,running-time,rs-001233-gghr7,340de2ea-dce6-440c-ba34-6a4e0b5b900a,4,4301.431576
2026/02/04/01:07:30,apply-time,rs-001233-w2zcr,4ced3ecf-87f4-4608-b442-c125e3c2cb02,4,4301.431576
2026/02/04/01:07:30,running-time,rs-001233-w2zcr,4ced3ecf-87f4-4608-b442-c125e3c2cb02,4,4301.431576
2026/02/04/01:07:30,apply-time,rs-001234-8lgzb,b9fbb469-8695-4b48-a962-7fd7a9166d6b,1,4301.431576
2026/02/04/01:07:30,apply-time,rs-001235-pxdg8,b7065880-ae19-4a8e-9704-2ca4e5c1ebab,2,4301.431576
2026/02/04/01:07:30,running-time,rs-001235-pxdg8,b7065880-ae19-4a8e-9704-2ca4e5c1ebab,2,4301.431576
2026/02/04/01:07:30,apply-time,rs-001235-r6p52,3d833329-6931-46c8-93be-24e46a78e997,2,4301.431576
2026/02/04/01:07:30,running-time,rs-001235-r6p52,3d833329-6931-46c8-93be-24e46a78e997,2,4301.431576
2026/02/04/01:07:30,apply-time,rs-001235-rkhzs,43765de8-bbea-4c61-9dcf-351b0b7c72b3,2,4301.431576
2026/02/04/01:07:30,running-time,rs-001235-rkhzs,43765de8-bbea-4c61-9dcf-351b0b7c72b3,2,4301.431576
2026/02/04/01:07:35,apply-time,rs-001236-x6cxw,758671b5-9885-4e84-bf79-6ae2f59cb370,1,4307.431576
2026/02/04/01:07:35,running-time,rs-001236-x6cxw,758671b5-9885-4e84-bf79-6ae2f59cb370,1,4307.431576
2026/02/04/01:07:35,apply-time,rs-001237-58lvw,52775dd8-88cd-4b68-b444-bbeccea04c8e,2,4307.431576
2026/02/04/01:07:35,apply-time,rs-001237-fpj99,86bda569-bc93-4c49-874b-6bf35be7302f,2,4307.431576
2026/02/04/01:07:35,apply-time,rs-001237-j44wg,8777ec5d-559b-45f1-96ba-1fef985ff743,2,4307.431576
2026/02/04/01:07:35,apply-time,rs-001238-nlpq5,382fda75-3325-4cc4-89e4-a3acb9beb8e4,3,4307.431576
2026/02/04/01:07:36,apply-time,rs-001239-vzjf4,cf12ccd3-a880-4328-a5aa-9b8107dea5e9,4,4308.431576
2026/02/04/01:07:36,running-time,rs-001239-vzjf4,cf12ccd3-a880-4328-a5aa-9b8107dea5e9,4,4308.431576
2026/02/04/01:07:39,running-time,rs-001238-nlpq5,382fda75-3325-4cc4-89e4-a3acb9beb8e4,3,4310.431576
2026/02/04/01:08:31,apply-time,rs-001240-jnkmj,2f49695a-fdda-4daf-b6c3-c3403d0064bc,1,4362.431576
2026/02/04/01:08:31,running-time,rs-001240-jnkmj,2f49695a-fdda-4daf-b6c3-c3403d0064bc,1,4362.431576
2026/02/04/01:08:31,apply-time,rs-001241-2t9gm,56d4090b-eaa8-4f7c-a17c-bae6dd3d01bf,1,4362.431576
2026/02/04/01:08:31,running-time,rs-001241-2t9gm,56d4090b-eaa8-4f7c-a17c-bae6dd3d01bf,1,4362.431576
2026/02/04/01:08:33,apply-time,rs-001242-mphwx,7bc08a16-1d7a-4b0c-8654-9281a47f9e99,2,4364.431576
2026/02/04/01:08:33,running-time,rs-001242-mphwx,7bc08a16-1d7a-4b0c-8654-9281a47f9e99,2,4364.431576
2026/02/04/01:08:33,apply-time,rs-001242-mqwtn,57f73812-6510-4b4f-a65b-2a7723825953,2,4364.431576
2026/02/04/01:08:33,running-time,rs-001242-mqwtn,57f73812-6510-4b4f-a65b-2a7723825953,2,4364.431576
2026/02/04/01:08:33,apply-time,rs-001243-f6sn9,139c46fe-4aac-45ef-adef-78b1fbef09b1,4,4364.431576
2026/02/04/01:08:33,running-time,rs-001243-f6sn9,139c46fe-4aac-45ef-adef-78b1fbef09b1,4,4364.431576
2026/02/04/01:08:33,apply-time,rs-001244-bvxl5,935101a7-6aa5-4a62-b1f9-a937e8916602,2,4364.431576
2026/02/04/01:08:33,running-time,rs-001244-bvxl5,935101a7-6aa5-4a62-b1f9-a937e8916602,2,4364.431576
2026/02/04/01:08:33,apply-time,rs-001244-gnvw6,742f5902-3715-4371-885f-53272f732316,2,4364.431576
2026/02/04/01:08:33,running-time,rs-001244-gnvw6,742f5902-3715-4371-885f-53272f732316,2,4364.431576
2026/02/04/01:08:33,apply-time,rs-001244-z75cc,fed5d75c-d7c4-46b3-91c5-f1cf1eae7263,2,4364.431576
2026/02/04/01:08:33,running-time,rs-001244-z75cc,fed5d75c-d7c4-46b3-91c5-f1cf1eae7263,2,4364.431576
2026/02/04/01:08:34,apply-time,rs-001245-c68n7,855be2b8-3a68-4115-ae57-83aac6b6bb14,2,4365.431576
2026/02/04/01:08:34,apply-time,rs-001245-nnrqs,359b1976-0c20-4b5f-aca9-efac981b34bb,2,4365.431576
2026/02/04/01:08:34,apply-time,rs-001246-hdrw2,bbee93c8-3c05-4334-8601-c9b6c470db62,1,4365.431576
2026/02/04/01:08:34,running-time,rs-001246-hdrw2,bbee93c8-3c05-4334-8601-c9b6c470db62,1,4365.431576
2026/02/04/01:08:34,apply-time,rs-001246-kxv5d,e55fad04-4aaf-4a38-85d7-572c09e903f7,1,4365.431576
2026/02/04/01:08:34,running-time,rs-001246-kxv5d,e55fad04-4aaf-4a38-85d7-572c09e903f7,1,4365.431576
2026/02/04/01:08:34,apply-time,rs-001247-gbwxg,a9e2a8b4-fb81-4338-bc18-49a8b1b723b8,2,4365.431576
2026/02/04/01:08:34,running-time,rs-001247-gbwxg,a9e2a8b4-fb81-4338-bc18-49a8b1b723b8,2,4365.431576
2026/02/04/01:08:34,apply-time,rs-001247-jc4jm,89c9844b-45ef-4fc0-8e8a-59f046168fca,2,4365.431576
2026/02/04/01:08:34,running-time,rs-001247-jc4jm,89c9844b-45ef-4fc0-8e8a-59f046168fca,2,4365.431576
2026/02/04/01:08:43,apply-time,rs-001248-82n2s,b8ab237f-edac-4ba3-b58e-05a635fef44e,3,4375.431576
2026/02/04/01:08:43,apply-time,rs-001248-bfkb2,47b57fac-8c4c-4716-bcc3-5c6b2ad95686,3,4375.431576
2026/02/04/01:08:43,apply-time,rs-001250-j5hl4,ed3b4b49-eda2-4c0e-acee-9e6ba17ecdce,2,4375.431576
2026/02/04/01:08:44,running-time,rs-001248-82n2s,b8ab237f-edac-4ba3-b58e-05a635fef44e,3,4375.431576
2026/02/04/01:08:44,running-time,rs-001248-bfkb2,47b57fac-8c4c-4716-bcc3-5c6b2ad95686,3,4375.431576
2026/02/04/01:08:44,apply-time,rs-001249-vjx8x,64ea52e7-f553-4359-bcf1-9f5e3b18940f,2,4375.431576
2026/02/04/01:08:44,running-time,rs-001249-vjx8x,64ea52e7-f553-4359-bcf1-9f5e3b18940f,2,4375.431576
2026/02/04/01:08:44,running-time,rs-001250-j5hl4,ed3b4b49-eda2-4c0e-acee-9e6ba17ecdce,2,4375.431576
2026/02/04/01:08:44,apply-time,rs-001251-dgtzb,9920b280-3961-477c-bd9e-b025f13a124b,2,4375.431576
2026/02/04/01:08:44,apply-time,rs-001251-shlkq,8e0b5509-06cc-4751-b5b1-889415b367eb,2,4375.431576
2026/02/04/01:08:44,apply-time,rs-001251-t8plq,430c22f0-e1e6-46e2-a09b-48acd7e03f62,2,4375.431576
2026/02/04/01:08:48,running-time,rs-001251-shlkq,8e0b5509-06cc-4751-b5b1-889415b367eb,2,4379.431576
2026/02/04/01:08:48,apply-time,rs-001252-7l7g9,90c06063-abd7-491a-a9cb-1c9820bc8832,4,4379.431576
2026/02/04/01:08:48,running-time,rs-001252-7l7g9,90c06063-abd7-491a-a9cb-1c9820bc8832,4,4379.431576
2026/02/04/01:08:48,apply-time,rs-001252-kjs9l,29126146-e1fa-47c6-aad0-3bf92171bddb,4,4379.431576
2026/02/04/01:08:48,running-time,rs-001252-kjs9l,29126146-e1fa-47c6-aad0-3bf92171bddb,4,4379.431576
2026/02/04/01:09:03,apply-time,rs-001253-wldl7,056affd6-c6de-4212-8909-a1e1ab729a73,3,4394.431576
2026/02/04/01:09:03,running-time,rs-001253-wldl7,056affd6-c6de-4212-8909-a1e1ab729a73,3,4394.431576
2026/02/04/01:09:03,apply-time,rs-001253-z2pbn,f45be13f-22b0-48c1-a918-86179c323bed,3,4394.431576
2026/02/04/01:09:03,running-time,rs-001253-z2pbn,f45be13f-22b0-48c1-a918-86179c323bed,3,4394.431576
2026/02/04/01:09:05,apply-time,rs-001254-gctnn,a0b11b35-cb31-4b93-9805-7441b67bc548,3,4396.431576
2026/02/04/01:09:05,running-time,rs-001254-gctnn,a0b11b35-cb31-4b93-9805-7441b67bc548,3,4396.431576
2026/02/04/01:09:05,apply-time,rs-001254-jkqf8,a8806e77-49bc-48bf-acf2-ba041d532771,3,4396.431576
2026/02/04/01:09:05,running-time,rs-001254-jkqf8,a8806e77-49bc-48bf-acf2-ba041d532771,3,4396.431576
2026/02/04/01:09:05,apply-time,rs-001254-pn2ht,e589079b-ba9c-4532-8be3-d3b9180603b0,3,4396.431576
2026/02/04/01:09:05,running-time,rs-001254-pn2ht,e589079b-ba9c-4532-8be3-d3b9180603b0,3,4396.431576
2026/02/04/01:09:05,apply-time,rs-001255-6bpl9,1e351f98-3777-4f02-960e-0f83d5f9ed40,2,4396.431576
2026/02/04/01:09:05,running-time,rs-001255-6bpl9,1e351f98-3777-4f02-960e-0f83d5f9ed40,2,4396.431576
2026/02/04/01:09:05,apply-time,rs-001255-v5s7q,4b909b8e-eb6b-48db-bbae-aeece5931fb7,2,4396.431576
2026/02/04/01:09:05,running-time,rs-001255-v5s7q,4b909b8e-eb6b-48db-bbae-aeece5931fb7,2,4396.431576
2026/02/04/01:09:07,apply-time,rs-001256-h4bbd,81e05768-28d4-43af-ad8f-e6b350bdafa8,4,4398.431576
2026/02/04/01:09:07,running-time,rs-001256-h4bbd,81e05768-28d4-43af-ad8f-e6b350bdafa8,4,4398.431576
2026/02/04/01:09:07,apply-time,rs-001257-kzkc2,0ddc36f5-8411-40ed-89a2-c34c318819c5,3,4398.431576
2026/02/04/01:09:07,running-time,rs-001257-kzkc2,0ddc36f5-8411-40ed-89a2-c34c318819c5,3,4398.431576
2026/02/04/01:09:07,apply-time,rs-001257-qx64k,bd12377a-7cb7-4f06-ba8e-65c5dc322010,3,4398.431576
2026/02/04/01:09:07,running-time,rs-001257-qx64k,bd12377a-7cb7-4f06-ba8e-65c5dc322010,3,4398.431576
2026/02/04/01:09:12,apply-time,rs-001258-z9ns5,7d82b661-f900-4f2d-ac05-c8da651c0036,3,4404.431576
2026/02/04/01:09:12,running-time,rs-001258-z9ns5,7d82b661-f900-4f2d-ac05-c8da651c0036,3,4404.431576
2026/02/04/01:09:31,apply-time,rs-001259-g845c,b7944e63-1b7f-4c98-aad5-40a76b21ad57,3,4422.431576
2026/02/04/01:09:31,running-time,rs-001259-g845c,b7944e63-1b7f-4c98-aad5-40a76b21ad57,3,4422.431576
2026/02/04/01:09:31,apply-time,rs-001259-tmchd,92c106c8-366d-4bda-850a-39c9d4a48de4,3,4422.431576
2026/02/04/01:09:31,running-time,rs-001259-tmchd,92c106c8-366d-4bda-850a-39c9d4a48de4,3,4422.431576
2026/02/04/01:09:31,apply-time,rs-001260-8bgll,d5988a5e-c62a-43cd-8123-02b5e24976fb,1,4422.431576
2026/02/04/01:09:31,running-time,rs-001260-8bgll,d5988a5e-c62a-43cd-8123-02b5e24976fb,1,4422.431576
2026/02/04/01:09:31,apply-time,rs-001260-ptmh6,8e35717f-8c8a-49d0-a194-6ab170605e69,1,4422.431576
2026/02/04/01:09:31,running-time,rs-001260-ptmh6,8e35717f-8c8a-49d0-a194-6ab170605e69,1,4422.431576
2026/02/04/01:09:31,apply-time,rs-001260-vzn7g,7aa6684a-b4dd-49b3-b977-4ec302919cdb,1,4422.431576
2026/02/04/01:09:31,running-time,rs-001260-vzn7g,7aa6684a-b4dd-49b3-b977-4ec302919cdb,1,4422.431576
2026/02/04/01:09:51,apply-time,rs-001261-jhktm,21985835-94ff-4c19-8a0c-38ccbcd1b01a,3,4442.431576
2026/02/04/01:09:51,running-time,rs-001261-jhktm,21985835-94ff-4c19-8a0c-38ccbcd1b01a,3,4442.431576
2026/02/04/01:09:51,apply-time,rs-001261-n7rxf,6fc62f47-2800-43f5-be43-6e5c60d4e285,3,4442.431576
2026/02/04/01:09:51,running-time,rs-001261-n7rxf,6fc62f47-2800-43f5-be43-6e5c60d4e285,3,4442.431576
2026/02/04/01:09:51,apply-time,rs-001261-rtpcj,3b8fc0df-d777-449c-8694-dd09e0ea3d49,3,4442.431576
2026/02/04/01:09:51,running-time,rs-001261-rtpcj,3b8fc0df-d777-449c-8694-dd09e0ea3d49,3,4442.431576
2026/02/04/01:09:51,apply-time,rs-001262-q7wz2,97c24278-6626-45e3-9a44-62d05561a64b,3,4442.431576
2026/02/04/01:09:51,running-time,rs-001262-q7wz2,97c24278-6626-45e3-9a44-62d05561a64b,3,4442.431576
2026/02/04/01:09:51,apply-time,rs-001263-84dv4,544852d8-84e8-4ced-b1e0-f4af6a1ffa2e,1,4442.431576
2026/02/04/01:09:51,running-time,rs-001263-84dv4,544852d8-84e8-4ced-b1e0-f4af6a1ffa2e,1,4442.431576
2026/02/04/01:09:51,apply-time,rs-001263-8v88z,83b5fb0f-dd72-4641-a0ab-a2a575f3006d,1,4442.431576
2026/02/04/01:09:51,running-time,rs-001263-8v88z,83b5fb0f-dd72-4641-a0ab-a2a575f3006d,1,4442.431576
2026/02/04/01:09:51,apply-time,rs-001263-dchql,8d563f5c-c582-45a9-9c48-fa62a88f31b9,1,4442.431576
2026/02/04/01:09:51,running-time,rs-001263-dchql,8d563f5c-c582-45a9-9c48-fa62a88f31b9,1,4442.431576
2026/02/04/01:09:52,apply-time,rs-001264-sh8qs,3a1b443b-4c7e-4964-86d3-8046b2bee9b5,3,4443.431576
2026/02/04/01:09:52,running-time,rs-001264-sh8qs,3a1b443b-4c7e-4964-86d3-8046b2bee9b5,3,4443.431576
2026/02/04/01:09:52,apply-time,rs-001264-xttsd,afe4e518-ad18-4b29-931f-54402523b1cf,3,4443.431576
2026/02/04/01:09:52,running-time,rs-001264-xttsd,afe4e518-ad18-4b29-931f-54402523b1cf,3,4443.431576
2026/02/04/01:09:52,apply-time,rs-001265-qkz94,06be28ca-2961-4985-9ab0-cda4b6ba7bca,1,4443.431576
2026/02/04/01:09:52,apply-time,rs-001265-wpcsz,bb96770e-65d2-4415-aa28-982b16bcd00e,1,4443.431576
2026/02/04/01:09:52,apply-time,rs-001266-th8v5,39fd0d6d-75cb-4b71-84c6-03e8b0703046,2,4443.431576
2026/02/04/01:09:52,apply-time,rs-001266-z8mz6,e73ded9b-788d-4f05-b793-b7b19adf8d17,2,4443.431576
2026/02/04/01:09:52,apply-time,rs-001267-hc6gm,f2825904-b771-47a1-b9ba-2e39571f6186,2,4443.431576
2026/02/04/01:09:52,running-time,rs-001267-hc6gm,f2825904-b771-47a1-b9ba-2e39571f6186,2,4443.431576
2026/02/04/01:09:52,apply-time,rs-001268-rfxpl,3110af58-b151-4f1a-9fdd-5ca3f46c3591,2,4443.431576
2026/02/04/01:09:52,running-time,rs-001268-rfxpl,3110af58-b151-4f1a-9fdd-5ca3f46c3591,2,4443.431576
2026/02/04/01:09:53,running-time,rs-001265-qkz94,06be28ca-2961-4985-9ab0-cda4b6ba7bca,1,4444.431576
2026/02/04/01:09:53,running-time,rs-001265-wpcsz,bb96770e-65d2-4415-aa28-982b16bcd00e,1,4444.431576
2026/02/04/01:09:53,running-time,rs-001266-th8v5,39fd0d6d-75cb-4b71-84c6-03e8b0703046,2,4444.431576
2026/02/04/01:09:55,apply-time,rs-001269-6rxqt,f27aea26-0ffc-45c6-9335-4a2520dd0f4e,2,4446.431576
2026/02/04/01:09:55,running-time,rs-001269-6rxqt,f27aea26-0ffc-45c6-9335-4a2520dd0f4e,2,4446.431576
2026/02/04/01:09:55,apply-time,rs-001269-t9mln,7a7e7a22-2c9d-475d-b97e-e3ed01dd0df2,2,4446.431576
2026/02/04/01:09:55,running-time,rs-001269-t9mln,7a7e7a22-2c9d-475d-b97e-e3ed01dd0df2,2,4446.431576
2026/02/04/01:10:34,apply-time,rs-001270-rkjg6,c10f2e9b-d23f-487e-a09d-0868f0d03ae8,3,4486.431576
2026/02/04/01:10:34,running-time,rs-001270-rkjg6,c10f2e9b-d23f-487e-a09d-0868f0d03ae8,3,4486.431576
2026/02/04/01:10:34,apply-time,rs-001270-v7q6z,d24ad4ff-d72b-411d-8ff6-32abc7c31084,3,4486.431576
2026/02/04/01:10:34,running-time,rs-001270-v7q6z,d24ad4ff-d72b-411d-8ff6-32abc7c31084,3,4486.431576
2026/02/04/01:10:36,apply-time,rs-001271-4x8nc,1535e9ad-3eab-47a6-b4bb-257c69ed6e8c,1,4487.431576
2026/02/04/01:10:36,running-time,rs-001271-4x8nc,1535e9ad-3eab-47a6-b4bb-257c69ed6e8c,1,4487.431576
2026/02/04/01:10:36,apply-time,rs-001271-brz28,6fef4a31-ae05-4ef3-96e9-27e3b57d266b,1,4487.431576
2026/02/04/01:10:36,running-time,rs-001271-brz28,6fef4a31-ae05-4ef3-96e9-27e3b57d266b,1,4487.431576
2026/02/04/01:10:36,apply-time,rs-001271-xsshn,26cfe0f3-5df4-4a32-ac6a-87f90d269d6e,1,4487.431576
2026/02/04/01:10:36,running-time,rs-001271-xsshn,26cfe0f3-5df4-4a32-ac6a-87f90d269d6e,1,4487.431576
2026/02/04/01:10:38,apply-time,rs-001272-mlc5k,fa01da3c-ca90-410e-9286-9d946a5ac9e1,1,4489.431576
2026/02/04/01:10:38,running-time,rs-001272-mlc5k,fa01da3c-ca90-410e-9286-9d946a5ac9e1,1,4489.431576
2026/02/04/01:10:38,apply-time,rs-001273-52sxk,816ff113-27b7-4975-950c-4293ecd47712,4,4489.431576
2026/02/04/01:10:38,running-time,rs-001273-52sxk,816ff113-27b7-4975-950c-4293ecd47712,4,4489.431576
2026/02/04/01:10:38,apply-time,rs-001273-8rxgx,f8b4ede3-c2ea-48b8-ac42-8454613e9724,4,4489.431576
2026/02/04/01:10:38,running-time,rs-001273-8rxgx,f8b4ede3-c2ea-48b8-ac42-8454613e9724,4,4489.431576
2026/02/04/01:10:38,apply-time,rs-001273-tkhcb,9e96b0ca-f335-476c-81b9-fbceb73d9045,4,4489.431576
2026/02/04/01:10:38,running-time,rs-001273-tkhcb,9e96b0ca-f335-476c-81b9-fbceb73d9045,4,4489.431576
2026/02/04/01:10:38,apply-time,rs-001274-rtq5d,7d9c4932-b6fd-4ce1-b6e6-86920cc348d8,1,4489.431576
2026/02/04/01:10:39,running-time,rs-001274-rtq5d,7d9c4932-b6fd-4ce1-b6e6-86920cc348d8,1,4490.431576
2026/02/04/01:10:39,apply-time,rs-001275-gcfgw,dee8bc83-569b-43e9-b8c6-43571dfeceee,2,4491.431576
2026/02/04/01:10:44,running-time,rs-001275-gcfgw,dee8bc83-569b-43e9-b8c6-43571dfeceee,2,4495.431576
2026/02/04/01:10:49,apply-time,rs-001276-fsg46,a8d15268-d6ae-498a-bab2-597502853169,3,4500.431576
2026/02/04/01:10:49,running-time,rs-001276-fsg46,a8d15268-d6ae-498a-bab2-597502853169,3,4500.431576
2026/02/04/01:10:49,apply-time,rs-001276-vm4fg,03d878d9-a6d1-43e6-b7a2-b4999211c2d9,3,4500.431576
2026/02/04/01:10:49,running-time,rs-001276-vm4fg,03d878d9-a6d1-43e6-b7a2-b4999211c2d9,3,4500.431576
2026/02/04/01:10:49,apply-time,rs-001276-wd6gk,e5a83463-4372-4a2f-96e8-97d10031f131,3,4500.431576
2026/02/04/01:10:49,running-time,rs-001276-wd6gk,e5a83463-4372-4a2f-96e8-97d10031f131,3,4500.431576
2026/02/04/01:11:42,apply-time,rs-001277-jrs2r,3bf34a15-45ca-469a-a646-71e6e80aa9bb,3,4553.431576
2026/02/04/01:11:42,running-time,rs-001277-jrs2r,3bf34a15-45ca-469a-a646-71e6e80aa9bb,3,4553.431576
2026/02/04/01:11:42,apply-time,rs-001277-p74rw,2991b940-03aa-4bdb-81d3-d74852bab2f4,3,4553.431576
2026/02/04/01:11:42,running-time,rs-001277-p74rw,2991b940-03aa-4bdb-81d3-d74852bab2f4,3,4553.431576
2026/02/04/01:11:42,apply-time,rs-001277-tff6q,3313a6a9-2511-4543-b286-67924c95572e,3,4553.431576
2026/02/04/01:11:42,running-time,rs-001277-tff6q,3313a6a9-2511-4543-b286-67924c95572e,3,4553.431576
2026/02/04/01:11:47,apply-time,rs-001278-472qw,b2552395-abe9-48df-b342-7c929bbd4376,4,4558.431576
2026/02/04/01:11:47,running-time,rs-001278-472qw,b2552395-abe9-48df-b342-7c929bbd4376,4,4558.431576
2026/02/04/01:11:47,apply-time,rs-001278-mmsn6,006f5342-a91e-4e51-a37d-f45b111c43e2,4,4558.431576
2026/02/04/01:11:47,running-time,rs-001278-mmsn6,006f5342-a91e-4e51-a37d-f45b111c43e2,4,4558.431576
2026/02/04/01:11:47,apply-time,rs-001279-92rwp,6a818152-d687-485e-9b62-2f9be0ae49ca,2,4558.431576
2026/02/04/01:11:47,running-time,rs-001279-92rwp,6a818152-d687-485e-9b62-2f9be0ae49ca,2,4558.431576
2026/02/04/01:11:47,apply-time,rs-001279-9npz7,2c5840a5-eba6-4c52-a0ea-3db055d1c630,2,4558.431576
2026/02/04/01:11:47,running-time,rs-001279-9npz7,2c5840a5-eba6-4c52-a0ea-3db055d1c630,2,4558.431576
2026/02/04/01:12:08,apply-time,rs-001280-6vg9r,1ffa8a69-abae-46a3-b179-f14d493062bb,1,4579.431576
2026/02/04/01:12:08,running-time,rs-001280-6vg9r,1ffa8a69-abae-46a3-b179-f14d493062bb,1,4579.431576
2026/02/04/01:12:08,apply-time,rs-001280-lvj59,739b86dd-9692-4c47-93c4-8c428d697dd6,1,4579.431576
2026/02/04/01:12:08,running-time,rs-001280-lvj59,739b86dd-9692-4c47-93c4-8c428d697dd6,1,4579.431576
2026/02/04/01:12:08,apply-time,rs-001280-vxf8m,e634fd30-d242-4570-9d90-dbecf597d85e,1,4579.431576
2026/02/04/01:12:08,running-time,rs-001280-vxf8m,e634fd30-d242-4570-9d90-dbecf597d85e,1,4579.431576
2026/02/04/01:12:08,apply-time,rs-001281-gp2cg,c66954db-0153-44f2-9830-9bab819321d1,2,4579.431576
2026/02/04/01:12:08,running-time,rs-001281-gp2cg,c66954db-0153-44f2-9830-9bab819321d1,2,4579.431576
2026/02/04/01:12:08,apply-time,rs-001281-hw6bv,184e06aa-85c3-4606-a2c8-4de0349c2394,2,4579.431576
2026/02/04/01:12:08,running-time,rs-001281-hw6bv,184e06aa-85c3-4606-a2c8-4de0349c2394,2,4579.431576
2026/02/04/01:12:08,apply-time,rs-001281-z98lw,cfea7f57-0f63-4554-b129-5a9fd2a3335f,2,4579.431576
2026/02/04/01:12:08,running-time,rs-001281-z98lw,cfea7f57-0f63-4554-b129-5a9fd2a3335f,2,4579.431576
2026/02/04/01:12:08,apply-time,rs-001282-b92p7,50b21e29-95ea-4acc-be56-40af56505e2e,2,4580.431576
2026/02/04/01:12:08,running-time,rs-001282-b92p7,50b21e29-95ea-4acc-be56-40af56505e2e,2,4580.431576
2026/02/04/01:12:08,apply-time,rs-001283-jrmj8,d9f9bef7-6d92-41e2-a05b-d7adafe141c7,4,4580.431576
2026/02/04/01:12:08,apply-time,rs-001283-lgpch,15598be1-156e-40ac-bf17-1270d612347a,4,4580.431576
2026/02/04/01:12:09,running-time,rs-001283-jrmj8,d9f9bef7-6d92-41e2-a05b-d7adafe141c7,4,4580.431576
2026/02/04/01:12:09,running-time,rs-001283-lgpch,15598be1-156e-40ac-bf17-1270d612347a,4,4580.431576
2026/02/04/01:12:09,apply-time,rs-001284-d75b8,e8dded96-e978-4d38-9ad7-4566532e303d,2,4580.431576
2026/02/04/01:12:09,apply-time,rs-001284-lmm4l,44626234-cc43-4a7c-b66a-01a981420728,2,4580.431576
2026/02/04/01:12:09,apply-time,rs-001285-2ggcx,4284c137-efa1-49e4-aab3-3c436c651bf7,1,4580.431576
2026/02/04/01:12:09,running-time,rs-001285-2ggcx,4284c137-efa1-49e4-aab3-3c436c651bf7,1,4580.431576
2026/02/04/01:12:09,apply-time,rs-001285-kx46n,9c91efa4-15ab-496a-85d1-ad6a2c16190b,1,4580.431576
2026/02/04/01:12:09,running-time,rs-001285-kx46n,9c91efa4-15ab-496a-85d1-ad6a2c16190b,1,4580.431576
2026/02/04/01:12:09,apply-time,rs-001285-xv6k2,357721b9-e7fc-4971-83ea-906f2393b12f,1,4580.431576
2026/02/04/01:12:09,running-time,rs-001285-xv6k2,357721b9-e7fc-4971-83ea-906f2393b12f,1,4580.431576
2026/02/04/01:12:09,apply-time,rs-001286-2qfrt,dff31769-ceac-465e-8eb2-965df1700c7c,2,4580.431576
2026/02/04/01:12:09,running-time,rs-001286-2qfrt,dff31769-ceac-465e-8eb2-965df1700c7c,2,4580.431576
2026/02/04/01:12:09,apply-time,rs-001286-kbzd4,8b9776a0-a6dd-469a-9126-da4b7fbe422b,2,4580.431576
2026/02/04/01:12:09,running-time,rs-001286-kbzd4,8b9776a0-a6dd-469a-9126-da4b7fbe422b,2,4580.431576
2026/02/04/01:12:09,apply-time,rs-001286-p96zr,461ac146-bd79-4327-9abc-f2ab54b632bb,2,4580.431576
2026/02/04/01:12:09,running-time,rs-001286-p96zr,461ac146-bd79-4327-9abc-f2ab54b632bb,2,4580.431576
2026/02/04/01:12:09,apply-time,rs-001287-t8h5v,e3b1a7da-31f8-43c9-a099-f6059e11620e,1,4580.431576
2026/02/04/01:12:09,running-time,rs-001287-t8h5v,e3b1a7da-31f8-43c9-a099-f6059e11620e,1,4580.431576
2026/02/04/01:12:09,apply-time,rs-001287-x7glg,075f703e-2f81-4aed-b1cb-39c73b09fcc5,1,4580.431576
2026/02/04/01:12:09,running-time,rs-001287-x7glg,075f703e-2f81-4aed-b1cb-39c73b09fcc5,1,4580.431576
2026/02/04/01:12:09,apply-time,rs-001288-b2tqw,c12c9cea-8b22-49da-9815-bdbca5840f15,1,4580.431576
2026/02/04/01:12:09,running-time,rs-001288-b2tqw,c12c9cea-8b22-49da-9815-bdbca5840f15,1,4580.431576
2026/02/04/01:12:09,apply-time,rs-001288-dkr6f,32d454c1-cc34-4eec-aa7e-c92b1f59d98b,1,4581.431576
2026/02/04/01:12:09,running-time,rs-001288-dkr6f,32d454c1-cc34-4eec-aa7e-c92b1f59d98b,1,4581.431576
2026/02/04/01:12:09,apply-time,rs-001288-jqfqj,a548d686-c09a-4dec-99af-61957113c70f,1,4581.431576
2026/02/04/01:12:09,running-time,rs-001288-jqfqj,a548d686-c09a-4dec-99af-61957113c70f,1,4581.431576
2026/02/04/01:12:10,apply-time,rs-001289-dsqw5,7b7f0318-5645-4086-bc5b-1b8e772b65f4,2,4581.431576
2026/02/04/01:12:10,running-time,rs-001289-dsqw5,7b7f0318-5645-4086-bc5b-1b8e772b65f4,2,4581.431576
2026/02/04/01:12:10,apply-time,rs-001290-6kq8s,89c0bce5-1d9b-489a-b370-f964f2f58032,3,4581.431576
2026/02/04/01:12:10,running-time,rs-001290-6kq8s,89c0bce5-1d9b-489a-b370-f964f2f58032,3,4581.431576
2026/02/04/01:12:10,apply-time,rs-001290-9kwg9,6c40a33f-988e-4e0c-82f7-7558afc6d7cf,3,4581.431576
2026/02/04/01:12:10,running-time,rs-001290-9kwg9,6c40a33f-988e-4e0c-82f7-7558afc6d7cf,3,4581.431576
2026/02/04/01:12:10,apply-time,rs-001290-hr2jm,9638f019-82af-4716-962d-291165369484,3,4581.431576
2026/02/04/01:12:10,running-time,rs-001290-hr2jm,9638f019-82af-4716-962d-291165369484,3,4581.431576
2026/02/04/01:12:10,apply-time,rs-001291-mbj6b,8bf24fea-c0d1-4120-8fbd-93041bf9033b,2,4581.431576
2026/02/04/01:12:10,running-time,rs-001291-mbj6b,8bf24fea-c0d1-4120-8fbd-93041bf9033b,2,4581.431576
2026/02/04/01:12:11,apply-time,rs-001292-qbmll,ba52c48c-6247-43a2-9369-a511243a1cee,2,4582.431576
2026/02/04/01:12:11,running-time,rs-001292-qbmll,ba52c48c-6247-43a2-9369-a511243a1cee,2,4582.431576
2026/02/04/01:12:11,apply-time,rs-001293-j82dn,658b075d-3809-4c78-805f-115bc73b69f1,2,4582.431576
2026/02/04/01:12:11,running-time,rs-001293-j82dn,658b075d-3809-4c78-805f-115bc73b69f1,2,4582.431576
2026/02/04/01:12:11,apply-time,rs-001293-q5ll5,e76bfcdd-5fb2-4a50-aeb6-6d9454a4a7dd,2,4582.431576
2026/02/04/01:12:11,running-time,rs-001293-q5ll5,e76bfcdd-5fb2-4a50-aeb6-6d9454a4a7dd,2,4582.431576
2026/02/04/01:12:11,apply-time,rs-001293-zmtm2,9fb7651e-89d5-4975-b0e7-04cb727b8558,2,4582.431576
2026/02/04/01:12:11,running-time,rs-001293-zmtm2,9fb7651e-89d5-4975-b0e7-04cb727b8558,2,4582.431576
2026/02/04/01:12:11,apply-time,rs-001294-wfnsn,357d4067-fc6e-4e1f-84b0-54157b6df942,2,4582.431576
2026/02/04/01:12:11,running-time,rs-001294-wfnsn,357d4067-fc6e-4e1f-84b0-54157b6df942,2,4582.431576
2026/02/04/01:12:11,apply-time,rs-001295-ghbt8,f996352d-2068-4dd2-bf96-8251cd7ae2db,2,4582.431576
2026/02/04/01:12:11,running-time,rs-001295-ghbt8,f996352d-2068-4dd2-bf96-8251cd7ae2db,2,4582.431576
2026/02/04/01:12:11,apply-time,rs-001295-kvqd7,fe14a245-96ed-4fe3-b4dd-c3f8c67f9fa1,2,4583.431576
2026/02/04/01:12:11,running-time,rs-001295-kvqd7,fe14a245-96ed-4fe3-b4dd-c3f8c67f9fa1,2,4583.431576
2026/02/04/01:12:11,apply-time,rs-001295-vd5w6,83146040-46d0-4dfb-837e-568fe999ebf2,2,4583.431576
2026/02/04/01:12:11,running-time,rs-001295-vd5w6,83146040-46d0-4dfb-837e-568fe999ebf2,2,4583.431576
2026/02/04/01:12:11,apply-time,rs-001296-rk7tc,c32c178e-646f-4a0a-8506-f4be29919997,2,4583.431576
2026/02/04/01:12:11,apply-time,rs-001296-w8khh,bd586a73-2029-4486-b14e-93ee5cba538f,2,4583.431576
2026/02/04/01:12:11,running-time,rs-001296-w8khh,bd586a73-2029-4486-b14e-93ee5cba538f,2,4583.431576
2026/02/04/01:12:12,running-time,rs-001296-rk7tc,c32c178e-646f-4a0a-8506-f4be29919997,2,4583.431576
2026/02/04/01:12:18,apply-time,rs-001297-lbbxf,53351a87-67a4-44dc-aeb2-77976e3b94fd,4,4589.431576
2026/02/04/01:12:18,running-time,rs-001297-lbbxf,53351a87-67a4-44dc-aeb2-77976e3b94fd,4,4589.431576
2026/02/04/01:12:18,apply-time,rs-001298-zh5gq,ba54a6fb-db81-480b-aec6-ba94cb62dc0a,3,4589.431576
2026/02/04/01:12:18,running-time,rs-001298-zh5gq,ba54a6fb-db81-480b-aec6-ba94cb62dc0a,3,4590.431576
2026/02/04/01:12:18,apply-time,rs-001299-hwlp5,c9b953c3-d1a1-400a-b0a3-3d5922cacc1b,4,4589.431576
2026/02/04/01:12:18,running-time,rs-001299-hwlp5,c9b953c3-d1a1-400a-b0a3-3d5922cacc1b,4,4589.431576
2026/02/04/01:12:18,apply-time,rs-001299-r6jw7,ba4e4380-2d38-4850-8b5e-dc089a1f7c5a,4,4589.431576
2026/02/04/01:12:18,running-time,rs-001299-r6jw7,ba4e4380-2d38-4850-8b5e-dc089a1f7c5a,4,4590.431576
2026/02/04/01:12:20,apply-time,rs-001300-8mmsj,abc1956a-e5f8-45b5-9758-0e345097e69b,1,4591.431576
2026/02/04/01:12:20,running-time,rs-001300-8mmsj,abc1956a-e5f8-45b5-9758-0e345097e69b,1,4591.431576
2026/02/04/01:12:20,apply-time,rs-001300-lx289,583bcad9-b07c-4794-ac04-9d17d2ef6c35,1,4591.431576
2026/02/04/01:12:20,running-time,rs-001300-lx289,583bcad9-b07c-4794-ac04-9d17d2ef6c35,1,4591.431576
2026/02/04/01:12:20,apply-time,rs-001301-bq4rr,986c2293-5423-4c61-bd36-d14517cbe737,2,4591.431576
2026/02/04/01:12:20,running-time,rs-001301-bq4rr,986c2293-5423-4c61-bd36-d14517cbe737,2,4591.431576
2026/02/04/01:12:20,apply-time,rs-001301-dbk8w,f43e52f6-831f-428f-9cc8-a0a34e8be91e,2,4591.431576
2026/02/04/01:12:20,running-time,rs-001301-dbk8w,f43e52f6-831f-428f-9cc8-a0a34e8be91e,2,4591.431576
2026/02/04/01:12:58,apply-time,rs-001302-jrkdp,f3308b35-1f2c-4e1b-b12c-4064d3c077bf,2,4629.431576
2026/02/04/01:12:58,running-time,rs-001302-jrkdp,f3308b35-1f2c-4e1b-b12c-4064d3c077bf,2,4629.431576
2026/02/04/01:12:58,apply-time,rs-001302-kvhjd,9ccdeb99-ef44-40ae-9381-27a8f3a5f58c,2,4629.431576
2026/02/04/01:12:58,running-time,rs-001302-kvhjd,9ccdeb99-ef44-40ae-9381-27a8f3a5f58c,2,4629.431576
2026/02/04/01:12:58,apply-time,rs-001303-9rx2t,40e34a14-e994-4302-a60f-fa83ba63c620,2,4629.431576
2026/02/04/01:12:58,running-time,rs-001303-9rx2t,40e34a14-e994-4302-a60f-fa83ba63c620,2,4629.431576
2026/02/04/01:12:58,apply-time,rs-001303-grsxt,a2d3a3c8-5524-46fd-9f9f-f4a2a879c48b,2,4629.431576
2026/02/04/01:12:58,running-time,rs-001303-grsxt,a2d3a3c8-5524-46fd-9f9f-f4a2a879c48b,2,4629.431576
2026/02/04/01:12:58,apply-time,rs-001303-kn4qs,33c586fe-17e0-44af-b2d4-6ad5d70984f8,2,4629.431576
2026/02/04/01:12:58,running-time,rs-001303-kn4qs,33c586fe-17e0-44af-b2d4-6ad5d70984f8,2,4629.431576
2026/02/04/01:13:07,apply-time,rs-001304-47kq8,75569bd3-2986-4644-857b-3bdf42e9270c,1,4638.431576
2026/02/04/01:13:07,running-time,rs-001304-47kq8,75569bd3-2986-4644-857b-3bdf42e9270c,1,4638.431576
2026/02/04/01:13:07,apply-time,rs-001304-kpvr5,14c6f8c0-d7e8-4a64-839c-f4962be5bc54,1,4638.431576
2026/02/04/01:13:07,running-time,rs-001304-kpvr5,14c6f8c0-d7e8-4a64-839c-f4962be5bc54,1,4638.431576
2026/02/04/01:13:07,apply-time,rs-001304-w72r5,e92a1744-552d-4b2d-9c87-b63b9f5d47b6,1,4638.431576
2026/02/04/01:13:07,running-time,rs-001304-w72r5,e92a1744-552d-4b2d-9c87-b63b9f5d47b6,1,4638.431576
2026/02/04/01:13:07,apply-time,rs-001305-2tzdw,1c278ba3-0345-4a83-a478-d778f0c84d91,2,4638.431576
2026/02/04/01:13:07,running-time,rs-001305-2tzdw,1c278ba3-0345-4a83-a478-d778f0c84d91,2,4638.431576
2026/02/04/01:13:07,apply-time,rs-001305-5k9th,e93a2027-c5ee-4089-a693-6f14e23c664b,2,4638.431576
2026/02/04/01:13:07,running-time,rs-001305-5k9th,e93a2027-c5ee-4089-a693-6f14e23c664b,2,4638.431576
2026/02/04/01:13:07,apply-time,rs-001305-px2q7,0836f983-4872-49ef-922a-fd4f76f166b8,2,4638.431576
2026/02/04/01:13:07,running-time,rs-001305-px2q7,0836f983-4872-49ef-922a-fd4f76f166b8,2,4638.431576
2026/02/04/01:13:07,apply-time,rs-001306-2b868,90fd237a-0661-45e8-9a2d-5d5e6756b9de,1,4638.431576
2026/02/04/01:13:07,running-time,rs-001306-2b868,90fd237a-0661-45e8-9a2d-5d5e6756b9de,1,4638.431576
2026/02/04/01:13:07,apply-time,rs-001306-dd7ds,5860ef74-c9db-4107-8e14-50bfe7950016,1,4638.431576
2026/02/04/01:13:07,running-time,rs-001306-dd7ds,5860ef74-c9db-4107-8e14-50bfe7950016,1,4638.431576
2026/02/04/01:13:07,apply-time,rs-001306-wmxbq,58cd339c-5a03-4b37-930a-2e25f0a5e0c6,1,4638.431576
2026/02/04/01:13:07,running-time,rs-001306-wmxbq,58cd339c-5a03-4b37-930a-2e25f0a5e0c6,1,4638.431576
2026/02/04/01:13:08,apply-time,rs-001307-tk7wl,ad8df418-9c4f-4620-9648-bece38f5eb68,3,4639.431576
2026/02/04/01:13:08,running-time,rs-001307-tk7wl,ad8df418-9c4f-4620-9648-bece38f5eb68,3,4639.431576
2026/02/04/01:13:08,apply-time,rs-001308-92tsn,d99777a6-a482-421a-8d8e-1f889abf71ad,2,4639.431576
2026/02/04/01:13:08,running-time,rs-001308-92tsn,d99777a6-a482-421a-8d8e-1f889abf71ad,2,4639.431576
2026/02/04/01:13:08,apply-time,rs-001308-pcl4p,06394d31-5844-435a-8e4c-f9370607477f,2,4639.431576
2026/02/04/01:13:08,running-time,rs-001308-pcl4p,06394d31-5844-435a-8e4c-f9370607477f,2,4639.431576
2026/02/04/01:13:08,apply-time,rs-001308-xrh6c,14b3645e-430d-4e4c-abd0-0e95eeb79b61,2,4639.431576
2026/02/04/01:13:08,running-time,rs-001308-xrh6c,14b3645e-430d-4e4c-abd0-0e95eeb79b61,2,4639.431576
2026/02/04/01:13:08,apply-time,rs-001309-mm28m,c4748b57-8270-4357-8763-aaf05311d300,4,4639.431576
2026/02/04/01:13:08,running-time,rs-001309-mm28m,c4748b57-8270-4357-8763-aaf05311d300,4,4639.431576
2026/02/04/01:13:08,apply-time,rs-001310-jhpbb,46cf9d89-620a-48a3-b166-a84044601f3e,3,4639.431576
2026/02/04/01:13:08,running-time,rs-001310-jhpbb,46cf9d89-620a-48a3-b166-a84044601f3e,3,4639.431576
2026/02/04/01:13:08,apply-time,rs-001311-8wzdz,257f54e8-4030-47d4-87e6-7db84fe2fbf3,2,4639.431576
2026/02/04/01:13:08,running-time,rs-001311-8wzdz,257f54e8-4030-47d4-87e6-7db84fe2fbf3,2,4639.431576
2026/02/04/01:13:08,apply-time,rs-001311-xjdph,79c08a2f-1c13-4bf0-9adc-bbb1c76294e6,2,4639.431576
2026/02/04/01:13:08,running-time,rs-001311-xjdph,79c08a2f-1c13-4bf0-9adc-bbb1c76294e6,2,4639.431576
2026/02/04/01:13:08,apply-time,rs-001312-8vz2w,b0417563-d8a7-4fd3-9431-bdba9001f665,2,4639.431576
2026/02/04/01:13:08,running-time,rs-001312-8vz2w,b0417563-d8a7-4fd3-9431-bdba9001f665,2,4639.431576
2026/02/04/01:13:08,apply-time,rs-001312-kt4px,42219aa3-dee4-4dc7-be5c-861eeb0f3894,2,4639.431576
2026/02/04/01:13:08,running-time,rs-001312-kt4px,42219aa3-dee4-4dc7-be5c-861eeb0f3894,2,4639.431576
2026/02/04/01:13:23,apply-time,rs-001313-bldfv,954bf137-0433-4c59-a0c6-8e36337304e2,2,4654.431576
2026/02/04/01:13:23,running-time,rs-001313-bldfv,954bf137-0433-4c59-a0c6-8e36337304e2,2,4654.431576
2026/02/04/01:13:23,apply-time,rs-001313-rc27c,6674fe76-649a-4009-bb15-8ad0b3707654,2,4654.431576
2026/02/04/01:13:23,running-time,rs-001313-rc27c,6674fe76-649a-4009-bb15-8ad0b3707654,2,4654.431576
2026/02/04/01:13:29,apply-time,rs-001314-hqh9n,3d87a1c4-4ab6-492c-a4f1-9d0487887583,4,4660.431576
2026/02/04/01:13:29,running-time,rs-001314-hqh9n,3d87a1c4-4ab6-492c-a4f1-9d0487887583,4,4660.431576
2026/02/04/01:13:29,apply-time,rs-001314-l2q4h,76ccbb4e-a9d1-4d99-b5d6-353c5726a716,4,4660.431576
2026/02/04/01:13:29,running-time,rs-001314-l2q4h,76ccbb4e-a9d1-4d99-b5d6-353c5726a716,4,4660.431576
2026/02/04/01:13:29,apply-time,rs-001314-rkchh,3e7b6911-c096-4dca-87ed-3394d28f4ecb,4,4660.431576
2026/02/04/01:13:29,running-time,rs-001314-rkchh,3e7b6911-c096-4dca-87ed-3394d28f4ecb,4,4660.431576
2026/02/04/01:13:31,apply-time,rs-001315-8f4sx,4e105aa4-8538-4dea-bde2-9ca9a73262ec,1,4662.431576
2026/02/04/01:13:31,running-time,rs-001315-8f4sx,4e105aa4-8538-4dea-bde2-9ca9a73262ec,1,4662.431576
2026/02/04/01:13:31,apply-time,rs-001316-4r4k5,06a9200d-60d4-41f2-8db8-81836275958e,2,4662.431576
2026/02/04/01:13:31,running-time,rs-001316-4r4k5,06a9200d-60d4-41f2-8db8-81836275958e,2,4662.431576
2026/02/04/01:13:31,apply-time,rs-001317-sgktj,583e567d-7137-48e4-ad3e-a4ce6ce39d82,2,4662.431576
2026/02/04/01:13:31,running-time,rs-001317-sgktj,583e567d-7137-48e4-ad3e-a4ce6ce39d82,2,4662.431576
2026/02/04/01:13:31,apply-time,rs-001317-tdczs,235a76b0-8b65-424b-a85f-9b89a8f27f9a,2,4662.431576
2026/02/04/01:13:31,running-time,rs-001317-tdczs,235a76b0-8b65-424b-a85f-9b89a8f27f9a,2,4662.431576
2026/02/04/01:13:31,apply-time,rs-001318-28dnr,50c2e076-cce8-40ba-bfb4-03f40fe81ac4,1,4663.431576
2026/02/04/01:13:31,running-time,rs-001318-28dnr,50c2e076-cce8-40ba-bfb4-03f40fe81ac4,1,4663.431576
2026/02/04/01:13:34,apply-time,rs-001319-2mwmp,53807ac9-71b1-4221-8fae-940a149eff16,2,4666.431576
2026/02/04/01:13:34,running-time,rs-001319-2mwmp,53807ac9-71b1-4221-8fae-940a149eff16,2,4666.431576
2026/02/04/01:13:34,apply-time,rs-001319-6kdvk,03a1eaae-c344-470e-afe9-0ae1a1c0359d,2,4666.431576
2026/02/04/01:13:34,running-time,rs-001319-6kdvk,03a1eaae-c344-470e-afe9-0ae1a1c0359d,2,4666.431576
2026/02/04/01:13:34,apply-time,rs-001320-5rmhz,09cef5ab-9c5e-4609-a5f0-b8339580dc3f,1,4666.431576
2026/02/04/01:13:34,running-time,rs-001320-5rmhz,09cef5ab-9c5e-4609-a5f0-b8339580dc3f,1,4666.431576
2026/02/04/01:13:34,apply-time,rs-001320-mzb7m,adaea7d0-391f-4819-9fd4-97386c6d95e3,1,4666.431576
2026/02/04/01:13:34,running-time,rs-001320-mzb7m,adaea7d0-391f-4819-9fd4-97386c6d95e3,1,4666.431576
2026/02/04/01:13:34,apply-time,rs-001321-gg5ww,f1bcd595-6785-4738-945b-0770121606ce,1,4666.431576
2026/02/04/01:13:34,running-time,rs-001321-gg5ww,f1bcd595-6785-4738-945b-0770121606ce,1,4666.431576
2026/02/04/01:13:34,apply-time,rs-001321-kqbq6,0779679b-55da-4f00-ad0c-f40d4fb6f9cf,1,4666.431576
2026/02/04/01:13:34,running-time,rs-001321-kqbq6,0779679b-55da-4f00-ad0c-f40d4fb6f9cf,1,4666.431576
2026/02/04/01:13:34,apply-time,rs-001322-btxcr,a340e10d-8131-4253-8939-6186a4d1752f,1,4666.431576
2026/02/04/01:13:34,running-time,rs-001322-btxcr,a340e10d-8131-4253-8939-6186a4d1752f,1,4666.431576
2026/02/04/01:13:34,apply-time,rs-001323-9kw6r,c3c1142a-8715-4733-9219-f161bbc5855c,1,4666.431576
2026/02/04/01:13:34,running-time,rs-001323-9kw6r,c3c1142a-8715-4733-9219-f161bbc5855c,1,4666.431576
2026/02/04/01:13:34,apply-time,rs-001323-mzbzx,20f797c3-8121-4018-a842-2730f99ee103,1,4666.431576
2026/02/04/01:13:34,apply-time,rs-001323-rj7ft,1a3faf2b-d801-4500-a379-f678c562304e,1,4666.431576
2026/02/04/01:13:35,running-time,rs-001323-mzbzx,20f797c3-8121-4018-a842-2730f99ee103,1,4666.431576
2026/02/04/01:13:35,running-time,rs-001323-rj7ft,1a3faf2b-d801-4500-a379-f678c562304e,1,4666.431576
2026/02/04/01:13:35,apply-time,rs-001324-xspqz,a0355c2c-d0cb-4133-96c6-378841350b37,3,4666.431576
2026/02/04/01:13:35,running-time,rs-001324-xspqz,a0355c2c-d0cb-4133-96c6-378841350b37,3,4666.431576
2026/02/04/01:13:35,apply-time,rs-001325-rz89h,e87c3cc1-e98a-4ba5-8bf4-c5eb0d68dff5,3,4666.431576
2026/02/04/01:13:36,running-time,rs-001325-rz89h,e87c3cc1-e98a-4ba5-8bf4-c5eb0d68dff5,3,4667.431576
2026/02/04/01:14:03,apply-time,rs-001326-vwpqx,4942f1b1-da3e-4347-9371-919513c6feb8,3,4695.431576
2026/02/04/01:14:03,running-time,rs-001326-vwpqx,4942f1b1-da3e-4347-9371-919513c6feb8,3,4695.431576
2026/02/04/01:14:03,apply-time,rs-001327-ljvjp,dfbb0dd6-2984-41b4-9940-990fd95ef3c0,1,4695.431576
2026/02/04/01:14:03,running-time,rs-001327-ljvjp,dfbb0dd6-2984-41b4-9940-990fd95ef3c0,1,4695.431576
2026/02/04/01:14:03,apply-time,rs-001327-q9bsf,0e63a02e-fad7-46e6-914b-d1b505a8ed86,1,4695.431576
2026/02/04/01:14:03,running-time,rs-001327-q9bsf,0e63a02e-fad7-46e6-914b-d1b505a8ed86,1,4695.431576
2026/02/04/01:14:03,apply-time,rs-001327-qzxjh,3660a593-068c-4952-8296-4ce2c0c92364,1,4695.431576
2026/02/04/01:14:03,running-time,rs-001327-qzxjh,3660a593-068c-4952-8296-4ce2c0c92364,1,4695.431576
2026/02/04/01:14:34,apply-time,rs-001328-qz7m4,925b5210-b31b-4e95-8bc4-2960ef2b7bc5,2,4725.431576
2026/02/04/01:14:34,running-time,rs-001328-qz7m4,925b5210-b31b-4e95-8bc4-2960ef2b7bc5,2,4726.431576
2026/02/04/01:14:34,apply-time,rs-001329-sw6ns,5fe85ee8-cb96-444b-838e-24acf6065211,2,4725.431576
2026/02/04/01:14:34,running-time,rs-001329-sw6ns,5fe85ee8-cb96-444b-838e-24acf6065211,2,4725.431576
2026/02/04/01:14:34,apply-time,rs-001330-pgkrd,0f1e759d-ecd5-436e-bc44-749133b5f908,1,4726.431576
2026/02/04/01:14:34,running-time,rs-001330-pgkrd,0f1e759d-ecd5-436e-bc44-749133b5f908,1,4726.431576
2026/02/04/01:14:34,apply-time,rs-001330-tc2bh,92ae1079-91ac-470b-91a5-e418c3b6ba23,1,4726.431576
2026/02/04/01:14:34,running-time,rs-001330-tc2bh,92ae1079-91ac-470b-91a5-e418c3b6ba23,1,4726.431576
2026/02/04/01:14:34,apply-time,rs-001330-tgnsr,698b2234-9b67-44ce-8d29-1f5b43b5a4f6,1,4726.431576
2026/02/04/01:14:34,running-time,rs-001330-tgnsr,698b2234-9b67-44ce-8d29-1f5b43b5a4f6,1,4726.431576
2026/02/04/01:14:38,apply-time,rs-001331-674fj,52301118-a835-4ada-aabf-a3cf9ba7979d,2,4730.431576
2026/02/04/01:14:38,running-time,rs-001331-674fj,52301118-a835-4ada-aabf-a3cf9ba7979d,2,4730.431576
2026/02/04/01:14:38,apply-time,rs-001331-dcdpz,46ad5c21-5d78-45a7-a935-fc9760a8f40e,2,4730.431576
2026/02/04/01:14:38,running-time,rs-001331-dcdpz,46ad5c21-5d78-45a7-a935-fc9760a8f40e,2,4730.431576
2026/02/04/01:14:38,apply-time,rs-001332-5p2xt,95c1596d-f182-41d4-9df3-6b099b431ad1,1,4730.431576
2026/02/04/01:14:38,running-time,rs-001332-5p2xt,95c1596d-f182-41d4-9df3-6b099b431ad1,1,4730.431576
2026/02/04/01:14:38,apply-time,rs-001332-wggbv,41c641b4-af5b-4e7f-aa18-8476c4dbb87f,1,4730.431576
2026/02/04/01:14:38,running-time,rs-001332-wggbv,41c641b4-af5b-4e7f-aa18-8476c4dbb87f,1,4730.431576
2026/02/04/01:15:09,apply-time,rs-001333-2b7mk,ed2f5e26-86b9-4a12-b1ed-a1cad4d86547,2,4761.431576
2026/02/04/01:15:09,apply-time,rs-001333-hf6kq,ad8c83a5-a7aa-4415-9c96-c3f785815ca5,2,4761.431576
2026/02/04/01:15:09,running-time,rs-001333-hf6kq,ad8c83a5-a7aa-4415-9c96-c3f785815ca5,2,4761.431576
2026/02/04/01:15:09,apply-time,rs-001334-2t8ng,8f2e0ce6-1037-43c9-9a91-c044cf3c114e,2,4761.431576
2026/02/04/01:15:09,running-time,rs-001334-2t8ng,8f2e0ce6-1037-43c9-9a91-c044cf3c114e,2,4761.431576
2026/02/04/01:15:09,apply-time,rs-001335-dnwwn,19b237aa-ac20-446e-beed-1579d6183dfb,1,4761.431576
2026/02/04/01:15:09,running-time,rs-001335-dnwwn,19b237aa-ac20-446e-beed-1579d6183dfb,1,4761.431576
2026/02/04/01:15:09,apply-time,rs-001336-2t8jh,cbde5629-d007-4a26-bb7a-17e86d63abbb,1,4761.431576
2026/02/04/01:15:09,running-time,rs-001336-2t8jh,cbde5629-d007-4a26-bb7a-17e86d63abbb,1,4761.431576
2026/02/04/01:15:09,apply-time,rs-001336-j6vj7,cbd37994-63ba-4cac-9f1b-49a3eee45d5f,1,4761.431576
2026/02/04/01:15:09,running-time,rs-001336-j6vj7,cbd37994-63ba-4cac-9f1b-49a3eee45d5f,1,4761.431576
2026/02/04/01:15:09,apply-time,rs-001337-6k8jm,164a7bd9-857d-464b-84bf-e26c6865913f,3,4761.431576
2026/02/04/01:15:09,running-time,rs-001337-6k8jm,164a7bd9-857d-464b-84bf-e26c6865913f,3,4761.431576
2026/02/04/01:15:09,apply-time,rs-001337-wzvhm,9777c523-07c6-4b9d-9016-3bdc00a76100,3,4761.431576
2026/02/04/01:15:09,running-time,rs-001337-wzvhm,9777c523-07c6-4b9d-9016-3bdc00a76100,3,4761.431576
2026/02/04/01:15:10,apply-time,rs-001338-nplwx,84685835-7fc6-40b7-8528-5d07456ce8d2,2,4761.431576
2026/02/04/01:15:10,running-time,rs-001338-nplwx,84685835-7fc6-40b7-8528-5d07456ce8d2,2,4761.431576
2026/02/04/01:15:10,apply-time,rs-001339-8h7nw,656c594d-76f4-4dca-983c-017d2f3e1cd3,1,4761.431576
2026/02/04/01:15:16,running-time,rs-001333-2b7mk,ed2f5e26-86b9-4a12-b1ed-a1cad4d86547,2,4767.431576
2026/02/04/01:15:27,apply-time,rs-001340-r9nkh,1778f3ec-8854-433f-a89d-573eca900768,3,4778.431576
2026/02/04/01:15:27,running-time,rs-001340-r9nkh,1778f3ec-8854-433f-a89d-573eca900768,3,4778.431576
2026/02/04/01:15:27,apply-time,rs-001340-tmtsv,400dfb1d-0e28-4755-9302-a6ca2611331f,3,4778.431576
2026/02/04/01:15:27,running-time,rs-001340-tmtsv,400dfb1d-0e28-4755-9302-a6ca2611331f,3,4778.431576
2026/02/04/01:15:27,apply-time,rs-001341-9xsl5,5a99d741-5071-4d85-80a5-8df28b5aa547,2,4778.431576
2026/02/04/01:15:27,running-time,rs-001341-9xsl5,5a99d741-5071-4d85-80a5-8df28b5aa547,2,4778.431576
2026/02/04/01:15:27,apply-time,rs-001342-2c8h4,8289fd79-3be8-491a-a5df-5552af29b2ca,2,4778.431576
2026/02/04/01:15:27,running-time,rs-001342-2c8h4,8289fd79-3be8-491a-a5df-5552af29b2ca,2,4778.431576
2026/02/04/01:15:27,apply-time,rs-001342-v47bq,1c0a353e-bb45-4eb5-a127-063b310baf58,2,4778.431576
2026/02/04/01:15:27,running-time,rs-001342-v47bq,1c0a353e-bb45-4eb5-a127-063b310baf58,2,4778.431576
2026/02/04/01:15:27,apply-time,rs-001343-bgj9x,30a4f7bc-cd1c-428d-8099-bf697a1b5e87,2,4778.431576
2026/02/04/01:15:27,running-time,rs-001343-bgj9x,30a4f7bc-cd1c-428d-8099-bf697a1b5e87,2,4778.431576
2026/02/04/01:15:27,apply-time,rs-001343-vvlws,74454897-91ab-4fc9-810b-37417e24a7eb,2,4778.431576
2026/02/04/01:15:27,running-time,rs-001343-vvlws,74454897-91ab-4fc9-810b-37417e24a7eb,2,4778.431576
2026/02/04/01:15:27,apply-time,rs-001344-ghkwp,5147fa25-4b77-4420-bf25-9fc7c068ba66,2,4778.431576
2026/02/04/01:15:27,running-time,rs-001344-ghkwp,5147fa25-4b77-4420-bf25-9fc7c068ba66,2,4778.431576
2026/02/04/01:15:27,apply-time,rs-001344-wrxvr,563e0065-9030-49f4-8a1b-45f13a415611,2,4778.431576
2026/02/04/01:15:27,running-time,rs-001344-wrxvr,563e0065-9030-49f4-8a1b-45f13a415611,2,4778.431576
2026/02/04/01:15:28,apply-time,rs-001345-dqfkx,4f98e1b4-7427-46d5-98b7-844bc77100b3,3,4779.431576
2026/02/04/01:15:28,running-time,rs-001345-dqfkx,4f98e1b4-7427-46d5-98b7-844bc77100b3,3,4779.431576
2026/02/04/01:15:28,apply-time,rs-001346-5c7ls,5288ad4e-8118-46bd-b1c5-f3751bb9a273,1,4779.431576
2026/02/04/01:15:28,running-time,rs-001346-5c7ls,5288ad4e-8118-46bd-b1c5-f3751bb9a273,1,4779.431576
2026/02/04/01:15:28,apply-time,rs-001346-9sq7j,e6e9fb84-359a-4706-8529-8d5b2ae348ce,1,4779.431576
2026/02/04/01:15:28,running-time,rs-001346-9sq7j,e6e9fb84-359a-4706-8529-8d5b2ae348ce,1,4779.431576
2026/02/04/01:15:28,apply-time,rs-001346-k2nfz,4ed3e1b2-e67b-45dc-a09c-ef8d106e0aa8,1,4779.431576
2026/02/04/01:15:28,running-time,rs-001346-k2nfz,4ed3e1b2-e67b-45dc-a09c-ef8d106e0aa8,1,4779.431576
2026/02/04/01:15:28,apply-time,rs-001347-pcr7x,fcd55cb7-bdcd-4271-b15a-c0980eece5f4,2,4779.431576
2026/02/04/01:15:28,running-time,rs-001347-pcr7x,fcd55cb7-bdcd-4271-b15a-c0980eece5f4,2,4779.431576
2026/02/04/01:15:59,apply-time,rs-001348-6t72l,d4a59236-64f0-4d50-a191-fe180cd49e86,3,4810.431576
2026/02/04/01:15:59,running-time,rs-001348-6t72l,d4a59236-64f0-4d50-a191-fe180cd49e86,3,4810.431576
2026/02/04/01:15:59,apply-time,rs-001349-7mwzh,89493c7a-8abd-41b4-af54-d827a7974b41,4,4810.431576
2026/02/04/01:15:59,running-time,rs-001349-7mwzh,89493c7a-8abd-41b4-af54-d827a7974b41,4,4810.431576
2026/02/04/01:16:17,apply-time,rs-001350-cxpl5,000a39c2-469e-4cbd-a3fd-eb293ada4d77,1,4829.431576
2026/02/04/01:16:17,running-time,rs-001350-cxpl5,000a39c2-469e-4cbd-a3fd-eb293ada4d77,1,4829.431576
2026/02/04/01:16:17,apply-time,rs-001350-mn2jv,5a8c7da1-d32e-43e6-a216-5fef187e5711,1,4829.431576
2026/02/04/01:16:17,running-time,rs-001350-mn2jv,5a8c7da1-d32e-43e6-a216-5fef187e5711,1,4829.431576
2026/02/04/01:16:17,apply-time,rs-001350-rkkcj,08d24b64-acac-4e1b-9940-ff8aa87deadd,1,4829.431576
2026/02/04/01:16:17,running-time,rs-001350-rkkcj,08d24b64-acac-4e1b-9940-ff8aa87deadd,1,4829.431576
2026/02/04/01:16:18,apply-time,rs-001351-5hlp4,ddf60ebd-587a-49cf-badd-1755098176bd,4,4829.431576
2026/02/04/01:16:18,apply-time,rs-001351-gtt8p,9bc448a2-abaf-435a-8126-ea4878cb4298,4,4829.431576
2026/02/04/01:16:21,running-time,rs-001351-5hlp4,ddf60ebd-587a-49cf-badd-1755098176bd,4,4832.431576
2026/02/04/01:16:21,running-time,rs-001351-gtt8p,9bc448a2-abaf-435a-8126-ea4878cb4298,4,4832.431576
2026/02/04/01:16:27,apply-time,rs-001352-fdgws,9308bc70-b03e-4a86-beaa-b72b49e4ca54,3,4838.431576
2026/02/04/01:16:27,running-time,rs-001352-fdgws,9308bc70-b03e-4a86-beaa-b72b49e4ca54,3,4838.431576
2026/02/04/01:16:30,apply-time,rs-001353-8l8qj,649ac366-ba12-4afc-b2fa-de0e32c6623c,2,4841.431576
2026/02/04/01:16:30,running-time,rs-001353-8l8qj,649ac366-ba12-4afc-b2fa-de0e32c6623c,2,4841.431576
2026/02/04/01:16:30,apply-time,rs-001353-vwwjv,6655379a-67bf-4685-81fe-6a990840c7ce,2,4841.431576
2026/02/04/01:16:30,running-time,rs-001353-vwwjv,6655379a-67bf-4685-81fe-6a990840c7ce,2,4841.431576
2026/02/04/01:16:30,apply-time,rs-001354-sdkgm,0384cd8f-a3af-49f5-9585-a2f7f3589d3c,2,4841.431576
2026/02/04/01:16:30,running-time,rs-001354-sdkgm,0384cd8f-a3af-49f5-9585-a2f7f3589d3c,2,4841.431576
2026/02/04/01:16:30,apply-time,rs-001355-9bwpb,04ffba54-64d5-4064-aa11-45e02a131af5,4,4841.431576
2026/02/04/01:16:30,running-time,rs-001355-9bwpb,04ffba54-64d5-4064-aa11-45e02a131af5,4,4841.431576
2026/02/04/01:16:30,apply-time,rs-001355-cjgk5,0ebfd646-0325-4478-8ccf-178d5dc50f0a,4,4841.431576
2026/02/04/01:16:30,running-time,rs-001355-cjgk5,0ebfd646-0325-4478-8ccf-178d5dc50f0a,4,4841.431576
2026/02/04/01:16:30,apply-time,rs-001355-gtbtm,5c07dfa6-42fa-493b-80f0-0dfc96a272d9,4,4841.431576
2026/02/04/01:16:30,running-time,rs-001355-gtbtm,5c07dfa6-42fa-493b-80f0-0dfc96a272d9,4,4841.431576
2026/02/04/01:16:30,apply-time,rs-001356-bwf9n,db5e86de-cb78-4f17-a493-7e3741c3102c,1,4841.431576
2026/02/04/01:16:30,running-time,rs-001356-bwf9n,db5e86de-cb78-4f17-a493-7e3741c3102c,1,4841.431576
2026/02/04/01:16:30,apply-time,rs-001356-m26kv,6ce6f67c-7cc1-4712-837f-75ee5a2e5b1d,1,4841.431576
2026/02/04/01:16:30,running-time,rs-001356-m26kv,6ce6f67c-7cc1-4712-837f-75ee5a2e5b1d,1,4841.431576
2026/02/04/01:16:30,apply-time,rs-001356-qhpm6,94b2feb6-334b-4c08-8e4b-83c7a8e60c60,1,4841.431576
2026/02/04/01:16:30,running-time,rs-001356-qhpm6,94b2feb6-334b-4c08-8e4b-83c7a8e60c60,1,4841.431576
2026/02/04/01:16:30,apply-time,rs-001357-2zklq,eb16bfb7-b782-447f-a17f-0d64050e70d3,2,4841.431576
2026/02/04/01:16:30,running-time,rs-001357-2zklq,eb16bfb7-b782-447f-a17f-0d64050e70d3,2,4841.431576
2026/02/04/01:16:30,apply-time,rs-001357-rr2s5,8f680774-193f-4fc8-84bc-32b4b537e097,2,4841.431576
2026/02/04/01:16:30,running-time,rs-001357-rr2s5,8f680774-193f-4fc8-84bc-32b4b537e097,2,4841.431576
2026/02/04/01:16:30,apply-time,rs-001358-mrm6x,2cbbdefd-22e2-40c4-90cf-4b303b2bdd20,3,4842.431576
2026/02/04/01:16:30,apply-time,rs-001359-v5w7f,3dd76f33-915d-4a08-8516-ff0b99997320,4,4842.431576
2026/02/04/01:16:31,apply-time,rs-001359-fj47l,b53f3e20-3bf0-4406-bfbe-4bb72d70f08e,4,4842.431576
2026/02/04/01:16:31,apply-time,rs-001359-xznxg,0bf23ecf-b465-478d-89a3-d479bb7304b7,4,4842.431576
2026/02/04/01:16:33,running-time,rs-001358-mrm6x,2cbbdefd-22e2-40c4-90cf-4b303b2bdd20,3,4844.431576
2026/02/04/01:16:33,running-time,rs-001359-fj47l,b53f3e20-3bf0-4406-bfbe-4bb72d70f08e,4,4844.431576
2026/02/04/01:16:33,running-time,rs-001359-v5w7f,3dd76f33-915d-4a08-8516-ff0b99997320,4,4844.431576
2026/02/04/01:16:40,running-time,rs-001359-xznxg,0bf23ecf-b465-478d-89a3-d479bb7304b7,4,4851.431576
2026/02/04/01:17:03,apply-time,rs-001360-ql758,7eb6570f-c7f0-46f9-b3b5-815e6a3d06ae,2,4874.431576
2026/02/04/01:17:03,running-time,rs-001360-ql758,7eb6570f-c7f0-46f9-b3b5-815e6a3d06ae,2,4874.431576
2026/02/04/01:17:06,apply-time,rs-001361-75p4n,abe846bb-35ae-4de0-a9c1-898de41d7783,2,4877.431576
2026/02/04/01:17:06,running-time,rs-001361-75p4n,abe846bb-35ae-4de0-a9c1-898de41d7783,2,4877.431576
2026/02/04/01:17:06,apply-time,rs-001361-f24zm,51e5329b-6f7a-454d-a182-fcc567df3307,2,4877.431576
2026/02/04/01:17:06,running-time,rs-001361-f24zm,51e5329b-6f7a-454d-a182-fcc567df3307,2,4877.431576
2026/02/04/01:17:06,apply-time,rs-001362-55d6s,ca45e495-c519-42f6-a5ca-14b008947487,2,4877.431576
2026/02/04/01:17:06,running-time,rs-001362-55d6s,ca45e495-c519-42f6-a5ca-14b008947487,2,4877.431576
2026/02/04/01:17:06,apply-time,rs-001362-m8thx,8befd9f2-4f53-442e-bcd5-0f3f7be3adfe,2,4877.431576
2026/02/04/01:17:06,running-time,rs-001362-m8thx,8befd9f2-4f53-442e-bcd5-0f3f7be3adfe,2,4877.431576
2026/02/04/01:17:06,apply-time,rs-001362-x5kbx,e6319909-78d3-4547-a641-ca5274ceaad4,2,4877.431576
2026/02/04/01:17:06,running-time,rs-001362-x5kbx,e6319909-78d3-4547-a641-ca5274ceaad4,2,4877.431576
2026/02/04/01:17:06,apply-time,rs-001363-52wt7,7e447cc7-547a-4937-a8fe-7d5c2506e2b1,2,4877.431576
2026/02/04/01:17:06,running-time,rs-001363-52wt7,7e447cc7-547a-4937-a8fe-7d5c2506e2b1,2,4877.431576
2026/02/04/01:17:06,apply-time,rs-001363-gf6bz,16ca23b2-c3dc-4760-9777-63255d5ae940,2,4877.431576
2026/02/04/01:17:06,running-time,rs-001363-gf6bz,16ca23b2-c3dc-4760-9777-63255d5ae940,2,4877.431576
2026/02/04/01:17:06,apply-time,rs-001364-779gk,385001cd-2537-4886-9196-794da47a33de,1,4877.431576
2026/02/04/01:17:06,running-time,rs-001364-779gk,385001cd-2537-4886-9196-794da47a33de,1,4877.431576
2026/02/04/01:17:06,apply-time,rs-001364-mlnzp,974eb733-b7ac-4a0c-9604-d9c8b9b42e78,1,4878.431576
2026/02/04/01:17:06,running-time,rs-001364-mlnzp,974eb733-b7ac-4a0c-9604-d9c8b9b42e78,1,4878.431576
2026/02/04/01:17:06,apply-time,rs-001365-jhxld,a69ddb6b-c7fb-492e-a90d-22f0531808e3,3,4878.431576
2026/02/04/01:17:06,running-time,rs-001365-jhxld,a69ddb6b-c7fb-492e-a90d-22f0531808e3,3,4878.431576
2026/02/04/01:17:06,apply-time,rs-001365-zxtrd,b1a5b5ee-4bda-4077-90ef-6647bbaf3f00,3,4878.431576
2026/02/04/01:17:06,running-time,rs-001365-zxtrd,b1a5b5ee-4bda-4077-90ef-6647bbaf3f00,3,4878.431576
2026/02/04/01:17:07,apply-time,rs-001366-cjnh7,4c70ef23-eb26-434e-b612-da05f8d679ac,2,4878.431576
2026/02/04/01:17:07,running-time,rs-001366-cjnh7,4c70ef23-eb26-434e-b612-da05f8d679ac,2,4878.431576
2026/02/04/01:17:07,apply-time,rs-001367-7wcv9,5253caa8-937b-4f38-8324-584fd5253958,3,4878.431576
2026/02/04/01:17:07,apply-time,rs-001367-mqwft,1c4935e6-74fb-40e5-8edd-c957c69a22ae,3,4878.431576
2026/02/04/01:17:07,apply-time,rs-001367-t7vw6,80e4e34a-5991-4a5b-ba70-412b271f6f84,3,4878.431576
2026/02/04/01:17:07,running-time,rs-001367-t7vw6,80e4e34a-5991-4a5b-ba70-412b271f6f84,3,4878.431576
2026/02/04/01:17:07,apply-time,rs-001368-6whv6,9f08d8df-3c98-4d7b-bb35-10246bfa26fe,1,4878.431576
2026/02/04/01:17:07,running-time,rs-001368-6whv6,9f08d8df-3c98-4d7b-bb35-10246bfa26fe,1,4878.431576
2026/02/04/01:17:07,apply-time,rs-001369-h96g8,4e97b408-561a-446d-970d-11a2033b7b8b,3,4878.431576
2026/02/04/01:17:07,apply-time,rs-001369-hc7xk,7db272c2-2b34-4297-be1e-7f217ca7f31c,3,4878.431576
2026/02/04/01:17:07,apply-time,rs-001369-v5t45,1f4ea547-f0d9-4ac8-a489-28c331d6468d,3,4878.431576
2026/02/04/01:17:07,apply-time,rs-001370-4ccx8,db064107-9c91-43c8-bb85-1d4886a28c33,1,4879.431576
2026/02/04/01:17:07,apply-time,rs-001370-8pf7q,be75e468-6b83-44c5-8298-280add2b633d,1,4878.431576
2026/02/04/01:17:07,apply-time,rs-001370-jrztk,3c5fb878-0291-462f-9c72-24a7cc606e3a,1,4878.431576
2026/02/04/01:17:08,apply-time,rs-001371-jscg7,608d7bad-be12-48c2-8d31-c918264839bc,3,4879.431576
2026/02/04/01:17:08,running-time,rs-001371-jscg7,608d7bad-be12-48c2-8d31-c918264839bc,3,4879.431576
2026/02/04/01:17:08,apply-time,rs-001371-tq9mb,aecd6b32-75b1-40a3-b02a-7b029a13caca,3,4879.431576
2026/02/04/01:17:08,running-time,rs-001371-tq9mb,aecd6b32-75b1-40a3-b02a-7b029a13caca,3,4879.431576
2026/02/04/01:17:09,running-time,rs-001369-v5t45,1f4ea547-f0d9-4ac8-a489-28c331d6468d,3,4881.431576
2026/02/04/01:17:09,running-time,rs-001370-8pf7q,be75e468-6b83-44c5-8298-280add2b633d,1,4880.431576
2026/02/04/01:17:09,running-time,rs-001370-jrztk,3c5fb878-0291-462f-9c72-24a7cc606e3a,1,4880.431576
2026/02/04/01:17:10,running-time,rs-001369-hc7xk,7db272c2-2b34-4297-be1e-7f217ca7f31c,3,4881.431576
2026/02/04/01:17:10,apply-time,rs-001372-84lmj,e4d25ebb-a267-4444-917c-f8c24f427d61,2,4881.431576
2026/02/04/01:17:10,apply-time,rs-001372-k9vc2,63eb4f9c-2889-4e9e-bff2-683fbc83242d,2,4881.431576
2026/02/04/01:17:10,apply-time,rs-001372-v767n,a53bf1eb-5a79-4214-9387-9f9de1d3e5dd,2,4881.431576
2026/02/04/01:17:10,apply-time,rs-001373-6vgg8,ae82a73f-572f-4f70-94e3-8ebd65d0358a,1,4881.431576
2026/02/04/01:17:10,running-time,rs-001373-6vgg8,ae82a73f-572f-4f70-94e3-8ebd65d0358a,1,4881.431576
2026/02/04/01:17:10,apply-time,rs-001373-fhr5z,22110305-95dc-4832-aa6f-51ad8f073473,1,4881.431576
2026/02/04/01:17:10,apply-time,rs-001374-4vwx5,90052ef0-c468-463c-9f37-d94244c86471,3,4882.431576
2026/02/04/01:17:10,apply-time,rs-001374-brlxh,e73d697a-04a6-414e-bf74-0333e021ba38,3,4882.431576
2026/02/04/01:17:10,apply-time,rs-001375-nxsq4,109d00ce-b0d9-43f4-84e5-73a479fa3f66,2,4882.431576
2026/02/04/01:17:10,apply-time,rs-001375-sz9m5,6c51db55-1c9c-43de-b19a-e1458509244f,2,4882.431576
2026/02/04/01:17:11,apply-time,rs-001376-58wbh,c86de43c-0e43-47c8-9be9-5564e8728240,1,4882.431576
2026/02/04/01:17:11,running-time,rs-001376-58wbh,c86de43c-0e43-47c8-9be9-5564e8728240,1,4882.431576
2026/02/04/01:17:11,apply-time,rs-001376-bkzb6,65e8fd97-7399-4b5d-869c-15b3f7b641e3,1,4882.431576
2026/02/04/01:17:11,running-time,rs-001376-bkzb6,65e8fd97-7399-4b5d-869c-15b3f7b641e3,1,4882.431576
2026/02/04/01:17:11,apply-time,rs-001376-jw2g8,20dffdf5-97b3-4d2b-98f9-58d5cff2ee58,1,4882.431576
2026/02/04/01:17:11,running-time,rs-001376-jw2g8,20dffdf5-97b3-4d2b-98f9-58d5cff2ee58,1,4882.431576
2026/02/04/01:17:12,apply-time,rs-001377-r6lfq,0d759b29-7197-45a5-8804-348aa4eda659,3,4883.431576
2026/02/04/01:17:12,running-time,rs-001377-r6lfq,0d759b29-7197-45a5-8804-348aa4eda659,3,4883.431576
2026/02/04/01:17:12,apply-time,rs-001378-245bn,22d17e39-8c98-421d-95d6-778f3f65bc21,2,4883.431576
2026/02/04/01:17:12,running-time,rs-001378-245bn,22d17e39-8c98-421d-95d6-778f3f65bc21,2,4883.431576
2026/02/04/01:17:12,apply-time,rs-001378-r89rs,5575783b-e1ab-4807-9d97-f3fcb49533b8,2,4883.431576
2026/02/04/01:17:12,running-time,rs-001378-r89rs,5575783b-e1ab-4807-9d97-f3fcb49533b8,2,4883.431576
2026/02/04/01:17:12,apply-time,rs-001378-thn6f,d5c7cfc5-8f98-4584-952a-e82351ff9ee9,2,4883.431576
2026/02/04/01:17:12,running-time,rs-001378-thn6f,d5c7cfc5-8f98-4584-952a-e82351ff9ee9,2,4883.431576
2026/02/04/01:17:13,running-time,rs-001373-fhr5z,22110305-95dc-4832-aa6f-51ad8f073473,1,4884.431576
2026/02/04/01:17:25,apply-time,rs-001379-7qf62,97f57e2b-5772-4365-a269-7d3a2ce579cd,3,4897.431576
2026/02/04/01:17:25,apply-time,rs-001379-h2cxp,40fd3c98-87f0-4fef-ade2-72456886cb5c,3,4897.431576
2026/02/04/01:17:25,running-time,rs-001379-h2cxp,40fd3c98-87f0-4fef-ade2-72456886cb5c,3,4897.431576
2026/02/04/01:17:25,apply-time,rs-001380-kxf6q,ea73ffd2-8edf-4e5b-bad5-da6262ed24c6,2,4897.431576
2026/02/04/01:17:25,apply-time,rs-001381-grsdb,38b5d85c-b574-4446-b987-6fe48198d9cf,2,4897.431576
2026/02/04/01:17:25,running-time,rs-001381-grsdb,38b5d85c-b574-4446-b987-6fe48198d9cf,2,4897.431576
2026/02/04/01:17:25,apply-time,rs-001381-x8shk,cb881c91-0cfc-42e6-a9c6-c9afd41ca676,2,4897.431576
2026/02/04/01:17:25,running-time,rs-001381-x8shk,cb881c91-0cfc-42e6-a9c6-c9afd41ca676,2,4897.431576
2026/02/04/01:17:25,apply-time,rs-001382-qnstp,9dc4a465-3452-4a8c-be4f-6368f7230eed,1,4897.431576
2026/02/04/01:17:25,running-time,rs-001382-qnstp,9dc4a465-3452-4a8c-be4f-6368f7230eed,1,4897.431576
2026/02/04/01:17:25,apply-time,rs-001382-s7ln4,ce1dbe09-36d6-458d-942e-cf2ad7fecb45,1,4897.431576
2026/02/04/01:17:25,running-time,rs-001382-s7ln4,ce1dbe09-36d6-458d-942e-cf2ad7fecb45,1,4897.431576
2026/02/04/01:17:25,apply-time,rs-001383-q2dq6,934f0dfd-758a-424e-a58b-03689cf14eae,1,4897.431576
2026/02/04/01:17:25,running-time,rs-001383-q2dq6,934f0dfd-758a-424e-a58b-03689cf14eae,1,4897.431576
2026/02/04/01:17:25,apply-time,rs-001383-rjzvp,dfd169d2-4ddd-4814-9b83-bb3099787771,1,4897.431576
2026/02/04/01:17:25,running-time,rs-001383-rjzvp,dfd169d2-4ddd-4814-9b83-bb3099787771,1,4897.431576
2026/02/04/01:17:26,apply-time,rs-001384-lk58d,34b0ca63-c6f5-4cf0-ba2c-34d83490d4fe,1,4897.431576
2026/02/04/01:17:26,running-time,rs-001384-lk58d,34b0ca63-c6f5-4cf0-ba2c-34d83490d4fe,1,4897.431576
2026/02/04/01:17:26,apply-time,rs-001384-lzflb,6614abc9-4835-4b3d-b9f2-9a2e82ad6971,1,4897.431576
2026/02/04/01:17:26,running-time,rs-001384-lzflb,6614abc9-4835-4b3d-b9f2-9a2e82ad6971,1,4897.431576
2026/02/04/01:17:26,apply-time,rs-001384-xfbn8,a3193711-301e-4f43-b9ec-be51f239216a,1,4897.431576
2026/02/04/01:17:26,running-time,rs-001384-xfbn8,a3193711-301e-4f43-b9ec-be51f239216a,1,4897.431576
2026/02/04/01:17:29,apply-time,rs-001385-ffwbh,ccdf0b27-4e1e-468a-8a51-c8b12eb2484e,3,4900.431576
2026/02/04/01:17:29,apply-time,rs-001386-6cpcp,0e00a345-517b-4e26-ae16-7e426eba0cbe,2,4900.431576
2026/02/04/01:17:29,running-time,rs-001386-6cpcp,0e00a345-517b-4e26-ae16-7e426eba0cbe,2,4900.431576
2026/02/04/01:17:29,apply-time,rs-001386-6q5gg,582cccef-f1cc-4b2d-9249-de90ae77c927,2,4900.431576
2026/02/04/01:17:29,running-time,rs-001386-6q5gg,582cccef-f1cc-4b2d-9249-de90ae77c927,2,4900.431576
2026/02/04/01:17:29,apply-time,rs-001387-7pzjw,9d55cd19-1f42-4e0c-8360-bc611339f2ed,4,4900.431576
2026/02/04/01:17:29,running-time,rs-001387-7pzjw,9d55cd19-1f42-4e0c-8360-bc611339f2ed,4,4900.431576
2026/02/04/01:17:29,apply-time,rs-001387-hqq6d,002d7173-8049-4ec6-847c-7f8829b279c7,4,4900.431576
2026/02/04/01:17:29,apply-time,rs-001387-rp626,36b338a0-2397-4284-a39f-1b7fb2146ef7,4,4900.431576
2026/02/04/01:17:29,apply-time,rs-001388-m7575,74763497-b5b5-4bf1-b38e-8afd7fda14e9,1,4900.431576
2026/02/04/01:17:29,running-time,rs-001388-m7575,74763497-b5b5-4bf1-b38e-8afd7fda14e9,1,4900.431576
2026/02/04/01:17:29,apply-time,rs-001389-btgdp,e6babd1c-42a1-4a4e-abd8-6f859e7d38fb,1,4900.431576
2026/02/04/01:17:29,running-time,rs-001389-btgdp,e6babd1c-42a1-4a4e-abd8-6f859e7d38fb,1,4900.431576
2026/02/04/01:17:29,apply-time,rs-001389-j5nh6,eef6ff73-2b32-4cbb-85a7-5f308aae09b9,1,4900.431576
2026/02/04/01:17:29,running-time,rs-001389-j5nh6,eef6ff73-2b32-4cbb-85a7-5f308aae09b9,1,4900.431576
2026/02/04/01:17:29,apply-time,rs-001389-vcjkk,e0daa541-7925-488c-b270-b8f33532a309,1,4900.431576
2026/02/04/01:17:29,running-time,rs-001389-vcjkk,e0daa541-7925-488c-b270-b8f33532a309,1,4900.431576
2026/02/04/01:17:31,running-time,rs-001387-hqq6d,002d7173-8049-4ec6-847c-7f8829b279c7,4,4902.431576
2026/02/04/01:17:31,running-time,rs-001387-rp626,36b338a0-2397-4284-a39f-1b7fb2146ef7,4,4902.431576
2026/02/04/01:17:38,running-time,rs-001369-h96g8,4e97b408-561a-446d-970d-11a2033b7b8b,3,4909.431576
2026/02/04/01:17:56,apply-time,rs-001390-cf4sh,0b8b5a69-ff76-409c-b953-11bb95adbaba,4,4927.431576
2026/02/04/01:17:56,apply-time,rs-001390-r2bt2,274e034f-64e1-4aa0-a221-0bf4a025da26,4,4927.431576
2026/02/04/01:17:56,apply-time,rs-001390-xbnqp,6ce9ffc0-6a60-46bc-afaa-b5cf9a4f9c59,4,4927.431576
2026/02/04/01:17:56,running-time,rs-001390-xbnqp,6ce9ffc0-6a60-46bc-afaa-b5cf9a4f9c59,4,4927.431576
2026/02/04/01:17:57,apply-time,rs-001391-c62q2,b4eb474b-27e9-4738-8aaa-e2a9fae53fd4,1,4928.431576
2026/02/04/01:17:57,running-time,rs-001391-c62q2,b4eb474b-27e9-4738-8aaa-e2a9fae53fd4,1,4928.431576
2026/02/04/01:17:57,apply-time,rs-001392-dx8xd,d4415176-b888-4fc7-b6fa-4d6d80c36b97,2,4928.431576
2026/02/04/01:17:57,running-time,rs-001392-dx8xd,d4415176-b888-4fc7-b6fa-4d6d80c36b97,2,4928.431576
2026/02/04/01:17:58,apply-time,rs-001393-9whjh,4525d32d-928c-4416-9493-5787070a5456,1,4930.431576
2026/02/04/01:17:58,apply-time,rs-001393-crj2g,02bcdd3d-179a-41d5-aa6c-62a94317f301,1,4930.431576
2026/02/04/01:17:58,running-time,rs-001393-crj2g,02bcdd3d-179a-41d5-aa6c-62a94317f301,1,4930.431576
2026/02/04/01:17:59,running-time,rs-001393-9whjh,4525d32d-928c-4416-9493-5787070a5456,1,4930.431576
2026/02/04/01:17:59,apply-time,rs-001394-fbs2t,a9f1c0b9-03ee-4cde-bccf-5991381f3908,3,4930.431576
2026/02/04/01:17:59,apply-time,rs-001394-t7xsj,b88f9d38-c13a-4319-bf23-25088466a67e,3,4930.431576
2026/02/04/01:17:59,apply-time,rs-001395-d84tk,e345b2c5-2a26-4a8d-a796-137aaf1c2204,2,4930.431576
2026/02/04/01:17:59,running-time,rs-001395-d84tk,e345b2c5-2a26-4a8d-a796-137aaf1c2204,2,4930.431576
2026/02/04/01:17:59,apply-time,rs-001396-lhdq4,187149f8-6f35-4500-8621-dcc846696096,3,4930.431576
2026/02/04/01:17:59,running-time,rs-001396-lhdq4,187149f8-6f35-4500-8621-dcc846696096,3,4930.431576
2026/02/04/01:17:59,apply-time,rs-001396-wt4r6,ae60ab82-f417-4e4c-bb93-41ea38f1b84e,3,4930.431576
2026/02/04/01:17:59,running-time,rs-001396-wt4r6,ae60ab82-f417-4e4c-bb93-41ea38f1b84e,3,4930.431576
2026/02/04/01:17:59,apply-time,rs-001397-7klkv,064ff784-f3e8-40f6-a59d-43812ab229fa,2,4930.431576
2026/02/04/01:17:59,apply-time,rs-001397-jhb5z,dba3cfa2-c893-46ff-985c-5646ddf153b2,2,4930.431576
2026/02/04/01:17:59,running-time,rs-001397-jhb5z,dba3cfa2-c893-46ff-985c-5646ddf153b2,2,4931.431576
2026/02/04/01:17:59,apply-time,rs-001397-rnvzp,cc521c85-d663-46f9-b632-57922721fc28,2,4930.431576
2026/02/04/01:17:59,apply-time,rs-001398-b57fw,76678abd-9037-4cda-96eb-6126acd2a931,2,4930.431576
2026/02/04/01:17:59,running-time,rs-001398-b57fw,76678abd-9037-4cda-96eb-6126acd2a931,2,4930.431576
2026/02/04/01:17:59,apply-time,rs-001398-dckvw,38509895-0bc1-47da-928e-7ec2fd955de6,2,4930.431576
2026/02/04/01:17:59,running-time,rs-001398-dckvw,38509895-0bc1-47da-928e-7ec2fd955de6,2,4930.431576
2026/02/04/01:18:02,apply-time,rs-001399-x6xj8,6a2e6bdb-29b2-4ec4-8623-da811334f492,2,4934.431576
2026/02/04/01:18:02,running-time,rs-001399-x6xj8,6a2e6bdb-29b2-4ec4-8623-da811334f492,2,4934.431576
2026/02/04/01:18:02,apply-time,rs-001400-7scf8,cb39af1b-c093-40f5-a3fa-d3725577c6fb,1,4934.431576
2026/02/04/01:18:02,running-time,rs-001400-7scf8,cb39af1b-c093-40f5-a3fa-d3725577c6fb,1,4934.431576
2026/02/04/01:18:02,apply-time,rs-001401-hkf85,0cd92967-24ad-4b6f-b949-19fce89c15ee,1,4934.431576
2026/02/04/01:18:02,apply-time,rs-001401-n8v4f,85c0383f-6644-4d9e-95df-ddcaefcb6bbe,1,4934.431576
2026/02/04/01:18:02,apply-time,rs-001401-zh59p,d1505442-0875-40d5-89d7-32adf6f014ae,1,4934.431576
2026/02/04/01:18:02,running-time,rs-001401-zh59p,d1505442-0875-40d5-89d7-32adf6f014ae,1,4934.431576
2026/02/04/01:18:03,running-time,rs-001401-hkf85,0cd92967-24ad-4b6f-b949-19fce89c15ee,1,4934.431576
2026/02/04/01:18:03,running-time,rs-001401-n8v4f,85c0383f-6644-4d9e-95df-ddcaefcb6bbe,1,4934.431576
2026/02/04/01:18:03,apply-time,rs-001402-b6hfd,7f6e7af1-2ba6-47eb-a722-249409be37b4,3,4934.431576
2026/02/04/01:18:03,apply-time,rs-001403-c7snm,1de75f28-e87d-4719-85aa-00f808ae6ac1,1,4934.431576
2026/02/04/01:18:03,running-time,rs-001403-c7snm,1de75f28-e87d-4719-85aa-00f808ae6ac1,1,4934.431576
2026/02/04/01:18:03,apply-time,rs-001403-vptgh,1b85cb02-da1d-4aee-9e4a-5d6fa4cf93dd,1,4934.431576
2026/02/04/01:18:03,running-time,rs-001403-vptgh,1b85cb02-da1d-4aee-9e4a-5d6fa4cf93dd,1,4934.431576
2026/02/04/01:18:03,apply-time,rs-001404-g7rz6,9220e79a-cd86-46c0-a73f-985299aa2ed7,4,4934.431576
2026/02/04/01:18:03,apply-time,rs-001404-hf752,365723f0-67d0-4e20-928d-5337c12b7453,4,4934.431576
2026/02/04/01:18:03,apply-time,rs-001404-zhlbn,32fae7e6-334c-4bb8-b0fa-1ff9ab4decf7,4,4934.431576
2026/02/04/01:18:03,apply-time,rs-001405-kc7s8,51b5e6f3-7003-43b1-8fb9-04755447f67a,4,4934.431576
2026/02/04/01:18:03,apply-time,rs-001405-pjhmg,83ef69e1-faec-4488-ae15-d77e13f2f62b,4,4934.431576
2026/02/04/01:18:04,running-time,rs-001404-hf752,365723f0-67d0-4e20-928d-5337c12b7453,4,4935.431576
2026/02/04/01:18:27,apply-time,rs-001010-r869r,e7f67013-35a6-48d5-8547-a1cdd210a4fa,1,4959.431576
2026/02/04/01:18:27,running-time,rs-001010-r869r,e7f67013-35a6-48d5-8547-a1cdd210a4fa,1,4959.431576
2026/02/04/01:18:27,running-time,rs-001394-fbs2t,a9f1c0b9-03ee-4cde-bccf-5991381f3908,3,4959.431576
2026/02/04/01:18:27,running-time,rs-001394-t7xsj,b88f9d38-c13a-4319-bf23-25088466a67e,3,4959.431576
2026/02/04/01:18:45,apply-time,rs-001406-x4lmp,d92b5c84-60dc-4bff-b346-6deda5dabb02,4,4976.431576
2026/02/04/01:18:45,apply-time,rs-001407-9lsdj,d1a4068d-0e62-4db8-91d4-3ad14b802a51,1,4976.431576
2026/02/04/01:18:45,running-time,rs-001407-9lsdj,d1a4068d-0e62-4db8-91d4-3ad14b802a51,1,4976.431576
2026/02/04/01:18:45,apply-time,rs-001407-bfrsb,8455013b-9301-4fa4-92c8-a09955ab38fe,1,4976.431576
2026/02/04/01:18:45,running-time,rs-001407-bfrsb,8455013b-9301-4fa4-92c8-a09955ab38fe,1,4976.431576
2026/02/04/01:18:45,apply-time,rs-001407-crk9b,640f4674-8c1f-4b60-9771-3362f5c610dd,1,4976.431576
2026/02/04/01:18:45,running-time,rs-001407-crk9b,640f4674-8c1f-4b60-9771-3362f5c610dd,1,4976.431576
2026/02/04/01:18:45,apply-time,rs-001408-9l8ts,f1f1a949-8df4-446e-9525-98adc2a093e4,4,4976.431576
2026/02/04/01:18:45,running-time,rs-001408-9l8ts,f1f1a949-8df4-446e-9525-98adc2a093e4,4,4976.431576
2026/02/04/01:18:45,apply-time,rs-001408-jg9rz,2b865758-3792-4c38-ad5b-f08ec9aa2810,4,4976.431576
2026/02/04/01:18:45,running-time,rs-001408-jg9rz,2b865758-3792-4c38-ad5b-f08ec9aa2810,4,4976.431576
2026/02/04/01:18:45,apply-time,rs-001409-mlbhk,09704e8c-4555-45f4-9b57-c1736fc6931b,2,4976.431576
2026/02/04/01:18:45,running-time,rs-001409-mlbhk,09704e8c-4555-45f4-9b57-c1736fc6931b,2,4976.431576
2026/02/04/01:18:45,apply-time,rs-001410-7q8xn,ffedc3eb-835d-4c49-97e0-69d7cc120fcf,2,4976.431576
2026/02/04/01:18:45,running-time,rs-001410-7q8xn,ffedc3eb-835d-4c49-97e0-69d7cc120fcf,2,4976.431576
2026/02/04/01:18:45,apply-time,rs-001410-hczdf,66cbff54-6388-4949-a09d-304484376a06,2,4976.431576
2026/02/04/01:18:45,running-time,rs-001410-hczdf,66cbff54-6388-4949-a09d-304484376a06,2,4976.431576
2026/02/04/01:18:59,running-time,rs-001406-x4lmp,d92b5c84-60dc-4bff-b346-6deda5dabb02,4,4990.431576
2026/02/04/01:18:59,apply-time,rs-001411-tphs7,91bf1b16-3cbe-4844-a099-248b6a8a3870,2,4990.431576
2026/02/04/01:18:59,running-time,rs-001411-tphs7,91bf1b16-3cbe-4844-a099-248b6a8a3870,2,4990.431576
2026/02/04/01:18:59,apply-time,rs-001411-vpzwt,2c065ccd-aef8-4cc8-b588-cb34af7709ed,2,4990.431576
2026/02/04/01:18:59,running-time,rs-001411-vpzwt,2c065ccd-aef8-4cc8-b588-cb34af7709ed,2,4990.431576
2026/02/04/01:18:59,apply-time,rs-001411-wwgbx,31dd5e08-aca3-4575-b9a1-d3df7ba4dcd3,2,4990.431576
2026/02/04/01:18:59,running-time,rs-001411-wwgbx,31dd5e08-aca3-4575-b9a1-d3df7ba4dcd3,2,4990.431576
2026/02/04/01:19:01,apply-time,rs-001412-vp2tb,9eaba199-60ad-430d-b780-481ecad6e8ab,3,4992.431576
2026/02/04/01:19:01,running-time,rs-001412-vp2tb,9eaba199-60ad-430d-b780-481ecad6e8ab,3,4992.431576
2026/02/04/01:19:26,apply-time,rs-001413-528qj,d24534ed-2ab3-4047-bd5d-54f3232109e5,4,5017.431576
2026/02/04/01:19:26,running-time,rs-001413-528qj,d24534ed-2ab3-4047-bd5d-54f3232109e5,4,5017.431576
2026/02/04/01:19:26,apply-time,rs-001414-xcbjf,845443b7-02ba-4de2-9faa-aa778967e357,2,5017.431576
2026/02/04/01:19:26,running-time,rs-001414-xcbjf,845443b7-02ba-4de2-9faa-aa778967e357,2,5017.431576
2026/02/04/01:19:53,apply-time,rs-001415-9mbk8,eb7a5716-49a7-4ec0-ab96-3ec36fcce0c5,3,5044.431576
2026/02/04/01:19:53,running-time,rs-001415-9mbk8,eb7a5716-49a7-4ec0-ab96-3ec36fcce0c5,3,5044.431576
2026/02/04/01:19:53,apply-time,rs-001416-bv9xn,5f11f4c6-fa08-489d-80e3-0cd42ada7e9b,1,5044.431576
2026/02/04/01:19:53,running-time,rs-001416-bv9xn,5f11f4c6-fa08-489d-80e3-0cd42ada7e9b,1,5044.431576
2026/02/04/01:19:56,apply-time,rs-001417-qbppd,bfa437a7-e53b-4881-ad80-3b8a5bd3310c,1,5048.431576
2026/02/04/01:19:56,running-time,rs-001417-qbppd,bfa437a7-e53b-4881-ad80-3b8a5bd3310c,1,5048.431576
2026/02/04/01:20:19,apply-time,rs-001418-2pq7d,e73c3387-a785-4aec-b5d7-063a79d597fe,3,5071.431576
2026/02/04/01:20:19,running-time,rs-001418-2pq7d,e73c3387-a785-4aec-b5d7-063a79d597fe,3,5071.431576
2026/02/04/01:20:19,apply-time,rs-001418-g55nr,09e3ea40-2d16-487f-854c-5e80cdd7032e,3,5071.431576
2026/02/04/01:20:19,running-time,rs-001418-g55nr,09e3ea40-2d16-487f-854c-5e80cdd7032e,3,5071.431576
2026/02/04/01:20:19,apply-time,rs-001418-sxjjn,0a416e3e-c70c-4d0b-bcd7-15de681e7076,3,5071.431576
2026/02/04/01:20:19,running-time,rs-001418-sxjjn,0a416e3e-c70c-4d0b-bcd7-15de681e7076,3,5071.431576
2026/02/04/01:20:22,apply-time,rs-001419-82nvz,9bfa2919-d3d1-4e1a-8150-b91ff9923d15,3,5073.431576
2026/02/04/01:20:22,running-time,rs-001419-82nvz,9bfa2919-d3d1-4e1a-8150-b91ff9923d15,3,5073.431576
2026/02/04/01:20:22,apply-time,rs-001419-9smfl,cd96e8b5-ea1c-49f1-9c3d-ea7354cad3c3,3,5073.431576
2026/02/04/01:20:22,running-time,rs-001419-9smfl,cd96e8b5-ea1c-49f1-9c3d-ea7354cad3c3,3,5073.431576
2026/02/04/01:20:24,apply-time,rs-001420-58nqx,5276a7e9-8ff6-4ad7-947d-3ec41f19f430,2,5075.431576
2026/02/04/01:20:24,running-time,rs-001420-58nqx,5276a7e9-8ff6-4ad7-947d-3ec41f19f430,2,5075.431576
2026/02/04/01:20:24,apply-time,rs-001420-qw94h,e75c0c0a-e616-4d25-9dd5-8a51d3439e88,2,5075.431576
2026/02/04/01:20:24,running-time,rs-001420-qw94h,e75c0c0a-e616-4d25-9dd5-8a51d3439e88,2,5075.431576
2026/02/04/01:20:24,apply-time,rs-001421-hwzl5,0bdc1cf1-5841-469c-b03f-95c61d6a96a0,2,5075.431576
2026/02/04/01:20:24,running-time,rs-001421-hwzl5,0bdc1cf1-5841-469c-b03f-95c61d6a96a0,2,5075.431576
2026/02/04/01:20:24,apply-time,rs-001421-plmn5,a5300a40-a145-4ac1-8e27-418e1cf1fe8f,2,5075.431576
2026/02/04/01:20:24,running-time,rs-001421-plmn5,a5300a40-a145-4ac1-8e27-418e1cf1fe8f,2,5075.431576
2026/02/04/01:20:24,apply-time,rs-001421-rpj5n,29677587-9086-4a37-bb8c-65a032cbcc6e,2,5075.431576
2026/02/04/01:20:24,running-time,rs-001421-rpj5n,29677587-9086-4a37-bb8c-65a032cbcc6e,2,5075.431576
2026/02/04/01:20:25,apply-time,rs-001422-vc97k,65f39d23-b187-4122-a9be-79375b1066da,1,5076.431576
2026/02/04/01:20:25,running-time,rs-001422-vc97k,65f39d23-b187-4122-a9be-79375b1066da,1,5076.431576
2026/02/04/01:20:25,apply-time,rs-001423-vnl69,716cbfbd-2f80-4c5a-9dde-b91396bb94d1,2,5076.431576
2026/02/04/01:20:25,running-time,rs-001423-vnl69,716cbfbd-2f80-4c5a-9dde-b91396bb94d1,2,5076.431576
2026/02/04/01:20:25,apply-time,rs-001424-xvkg4,33ee8839-3ab4-4d4e-8000-07a6a25964b7,2,5076.431576
2026/02/04/01:20:25,running-time,rs-001424-xvkg4,33ee8839-3ab4-4d4e-8000-07a6a25964b7,2,5076.431576
2026/02/04/01:20:25,apply-time,rs-001424-zvkd7,71322c80-b2cb-487b-aac4-2cdbcc15d4f7,2,5076.431576
2026/02/04/01:20:25,running-time,rs-001424-zvkd7,71322c80-b2cb-487b-aac4-2cdbcc15d4f7,2,5076.431576
2026/02/04/01:20:33,apply-time,rs-001425-ltf22,a692dbcb-807c-4faa-8ac5-d8ff43afc6d4,2,5085.431576
2026/02/04/01:20:33,running-time,rs-001425-ltf22,a692dbcb-807c-4faa-8ac5-d8ff43afc6d4,2,5085.431576
2026/02/04/01:20:33,apply-time,rs-001425-m5wm6,8e1c1c6b-0ee3-4fc5-a502-3996d0732d3f,2,5085.431576
2026/02/04/01:20:33,running-time,rs-001425-m5wm6,8e1c1c6b-0ee3-4fc5-a502-3996d0732d3f,2,5085.431576
2026/02/04/01:20:33,apply-time,rs-001426-2k4mn,efe0d36a-860d-4336-b5ee-28ceeb964104,3,5085.431576
2026/02/04/01:20:33,running-time,rs-001426-2k4mn,efe0d36a-860d-4336-b5ee-28ceeb964104,3,5085.431576
2026/02/04/01:20:33,apply-time,rs-001426-hrszm,a7577d9a-0e67-4509-a1f4-a5efd330877f,3,5085.431576
2026/02/04/01:20:33,running-time,rs-001426-hrszm,a7577d9a-0e67-4509-a1f4-a5efd330877f,3,5085.431576
2026/02/04/01:20:33,apply-time,rs-001426-tzxzp,67ab7ccd-c3ad-4ce3-bd06-7adf6f047180,3,5085.431576
2026/02/04/01:20:33,running-time,rs-001426-tzxzp,67ab7ccd-c3ad-4ce3-bd06-7adf6f047180,3,5085.431576
2026/02/04/01:20:33,apply-time,rs-001427-2xprn,b6d68441-81b4-4eb6-96fc-79fc25a12070,4,5085.431576
2026/02/04/01:20:33,running-time,rs-001427-2xprn,b6d68441-81b4-4eb6-96fc-79fc25a12070,4,5085.431576
2026/02/04/01:20:33,apply-time,rs-001427-cjzmk,c34821bf-8da0-456e-a14e-fb8a881593d5,4,5085.431576
2026/02/04/01:20:33,running-time,rs-001427-cjzmk,c34821bf-8da0-456e-a14e-fb8a881593d5,4,5085.431576
2026/02/04/01:20:33,apply-time,rs-001427-pd2lw,dd96e094-8d8d-4886-9cf8-4734b93b5d01,4,5085.431576
2026/02/04/01:20:33,running-time,rs-001427-pd2lw,dd96e094-8d8d-4886-9cf8-4734b93b5d01,4,5085.431576
2026/02/04/01:20:33,apply-time,rs-001428-bf74t,b3f12297-7a55-4c01-8af4-05adea361484,4,5085.431576
2026/02/04/01:20:33,running-time,rs-001428-bf74t,b3f12297-7a55-4c01-8af4-05adea361484,4,5085.431576
2026/02/04/01:20:33,apply-time,rs-001428-fdv99,bba3dd94-7def-4e6a-9f60-680abec0d659,4,5085.431576
2026/02/04/01:20:33,running-time,rs-001428-fdv99,bba3dd94-7def-4e6a-9f60-680abec0d659,4,5085.431576
2026/02/04/01:21:33,apply-time,rs-001429-mzpsx,46f0c6ce-e2fa-40d8-a861-4f9d3d0bfca7,3,5144.431576
2026/02/04/01:21:33,running-time,rs-001429-mzpsx,46f0c6ce-e2fa-40d8-a861-4f9d3d0bfca7,3,5144.431576
2026/02/04/01:21:33,apply-time,rs-001429-wzwl7,20316a2c-eb83-429f-a2e4-15e576849980,3,5144.431576
2026/02/04/01:21:33,running-time,rs-001429-wzwl7,20316a2c-eb83-429f-a2e4-15e576849980,3,5144.431576
2026/02/04/01:21:35,apply-time,rs-001430-79pvc,7f912551-bed6-4783-bf3a-5919717c9e55,1,5147.431576
2026/02/04/01:21:35,running-time,rs-001430-79pvc,7f912551-bed6-4783-bf3a-5919717c9e55,1,5147.431576
2026/02/04/01:21:36,apply-time,rs-001431-wfmtn,3dc849af-c071-4c89-a6c8-cbbf29cf51dd,2,5147.431576
2026/02/04/01:21:36,running-time,rs-001431-wfmtn,3dc849af-c071-4c89-a6c8-cbbf29cf51dd,2,5147.431576
2026/02/04/01:21:57,apply-time,rs-001432-5vk89,f966e2ea-f799-4687-931c-d6304130ba5a,1,5169.431576
2026/02/04/01:21:57,apply-time,rs-001432-hb5pb,84accf3d-6187-4da7-8dd5-b11154a737fc,1,5169.431576
2026/02/04/01:21:57,apply-time,rs-001432-slfnv,0e7a3198-de6b-451d-95da-65dd5a33e2e8,1,5169.431576
2026/02/04/01:21:58,running-time,rs-001432-5vk89,f966e2ea-f799-4687-931c-d6304130ba5a,1,5169.431576
2026/02/04/01:21:58,running-time,rs-001432-hb5pb,84accf3d-6187-4da7-8dd5-b11154a737fc,1,5169.431576
2026/02/04/01:21:58,running-time,rs-001432-slfnv,0e7a3198-de6b-451d-95da-65dd5a33e2e8,1,5169.431576
2026/02/04/01:21:58,apply-time,rs-001433-gw2zx,8a0efc0c-4668-406a-be0d-b7d2d7a20c1a,3,5169.431576
2026/02/04/01:21:58,running-time,rs-001433-gw2zx,8a0efc0c-4668-406a-be0d-b7d2d7a20c1a,3,5169.431576
2026/02/04/01:21:58,apply-time,rs-001434-rcb22,179e65d8-1f42-4c2a-8202-95f2db8aedae,1,5169.431576
2026/02/04/01:21:58,running-time,rs-001434-rcb22,179e65d8-1f42-4c2a-8202-95f2db8aedae,1,5169.431576
2026/02/04/01:22:14,apply-time,rs-001435-6sk4k,a1e52dac-ac16-4e93-b94e-7fadcc97532b,1,5185.431576
2026/02/04/01:22:14,running-time,rs-001435-6sk4k,a1e52dac-ac16-4e93-b94e-7fadcc97532b,1,5185.431576
2026/02/04/01:22:14,apply-time,rs-001435-tthfl,25039737-009a-4dda-982c-a8bfdf6047a0,1,5185.431576
2026/02/04/01:22:14,running-time,rs-001435-tthfl,25039737-009a-4dda-982c-a8bfdf6047a0,1,5185.431576
2026/02/04/01:22:14,apply-time,rs-001435-v9955,98787465-e860-4e14-84ce-01e48a4cdcb1,1,5185.431576
2026/02/04/01:22:14,running-time,rs-001435-v9955,98787465-e860-4e14-84ce-01e48a4cdcb1,1,5185.431576
2026/02/04/01:22:14,apply-time,rs-001436-69d6f,c4e48221-ad39-4c10-83d9-b6f276ed936d,1,5185.431576
2026/02/04/01:22:14,running-time,rs-001436-69d6f,c4e48221-ad39-4c10-83d9-b6f276ed936d,1,5186.431576
2026/02/04/01:23:06,apply-time,rs-001437-7gz7f,36fa33a3-2a1c-43bf-b4c8-76af82402f5d,1,5238.431576
2026/02/04/01:23:06,running-time,rs-001437-7gz7f,36fa33a3-2a1c-43bf-b4c8-76af82402f5d,1,5238.431576
2026/02/04/01:23:06,apply-time,rs-001437-tmrwh,092541b8-e1a4-47d2-a348-7a1fe320f57d,1,5237.431576
2026/02/04/01:23:06,running-time,rs-001437-tmrwh,092541b8-e1a4-47d2-a348-7a1fe320f57d,1,5238.431576
2026/02/04/01:23:06,apply-time,rs-001438-sj97t,b5646919-5088-42e7-b0a4-1040a169d4c7,1,5238.431576
2026/02/04/01:23:06,running-time,rs-001438-sj97t,b5646919-5088-42e7-b0a4-1040a169d4c7,1,5238.431576
2026/02/04/01:23:06,apply-time,rs-001438-tjxw4,7cc58dcf-92c0-47cc-8eb3-1a6c38d06fc7,1,5238.431576
2026/02/04/01:23:06,running-time,rs-001438-tjxw4,7cc58dcf-92c0-47cc-8eb3-1a6c38d06fc7,1,5238.431576
2026/02/04/01:23:06,apply-time,rs-001438-v8vs7,86f2802f-4094-4b9c-b448-1ae70b06425f,1,5237.431576
2026/02/04/01:23:06,running-time,rs-001438-v8vs7,86f2802f-4094-4b9c-b448-1ae70b06425f,1,5238.431576
2026/02/04/01:23:07,apply-time,rs-001439-rdfh9,cdfcf9c5-23a3-4f99-a2f8-9b855170f3d4,3,5239.431576
2026/02/04/01:23:07,running-time,rs-001439-rdfh9,cdfcf9c5-23a3-4f99-a2f8-9b855170f3d4,3,5239.431576
2026/02/04/01:23:07,apply-time,rs-001439-txv2n,16e5e31e-3258-4786-960b-67009f0ef04b,3,5239.431576
2026/02/04/01:23:07,running-time,rs-001439-txv2n,16e5e31e-3258-4786-960b-67009f0ef04b,3,5239.431576
2026/02/04/01:23:07,apply-time,rs-001440-8bs55,39c225c0-393e-4946-89e8-bb4b8831c71b,1,5239.431576
2026/02/04/01:23:07,running-time,rs-001440-8bs55,39c225c0-393e-4946-89e8-bb4b8831c71b,1,5239.431576
2026/02/04/01:23:07,apply-time,rs-001440-w9j7d,988b8cea-6152-4a26-be5f-15f79d3dca02,1,5239.431576
2026/02/04/01:23:07,running-time,rs-001440-w9j7d,988b8cea-6152-4a26-be5f-15f79d3dca02,1,5239.431576
2026/02/04/01:23:07,apply-time,rs-001441-6gvtd,8b62bc1b-5d89-42ca-98ed-032b5a0db4ef,4,5239.431576
2026/02/04/01:23:07,running-time,rs-001441-6gvtd,8b62bc1b-5d89-42ca-98ed-032b5a0db4ef,4,5239.431576
2026/02/04/01:23:07,apply-time,rs-001441-f59gc,d703f9bb-82e1-4b0a-b475-be942732faa4,4,5239.431576
2026/02/04/01:23:07,running-time,rs-001441-f59gc,d703f9bb-82e1-4b0a-b475-be942732faa4,4,5239.431576
2026/02/04/01:23:07,apply-time,rs-001441-wl9sm,941cbc12-d4f3-4192-8eb0-a5db304b41de,4,5239.431576
2026/02/04/01:23:07,running-time,rs-001441-wl9sm,941cbc12-d4f3-4192-8eb0-a5db304b41de,4,5239.431576
2026/02/04/01:23:07,apply-time,rs-001442-44w5f,4f5cfa95-fa48-4489-9346-3c522d7d9a19,1,5239.431576
2026/02/04/01:23:07,running-time,rs-001442-44w5f,4f5cfa95-fa48-4489-9346-3c522d7d9a19,1,5239.431576
2026/02/04/01:23:07,apply-time,rs-001443-s6qbw,1fec3db3-c073-4242-8f13-a71afc299cff,2,5239.431576
2026/02/04/01:23:07,running-time,rs-001443-s6qbw,1fec3db3-c073-4242-8f13-a71afc299cff,2,5239.431576
2026/02/04/01:23:08,apply-time,rs-001444-k48t5,17bccebf-33ec-4c7f-bb4b-09d7893faf27,1,5239.431576
2026/02/04/01:23:08,apply-time,rs-001444-wh6s8,6836396a-7edd-49c3-8a42-b470e7806dff,1,5239.431576
2026/02/04/01:23:08,apply-time,rs-001444-xg6nf,aa1c1bdd-ba44-4795-a09f-204e2528a1d3,1,5239.431576
2026/02/04/01:23:08,running-time,rs-001444-xg6nf,aa1c1bdd-ba44-4795-a09f-204e2528a1d3,1,5239.431576
2026/02/04/01:23:08,apply-time,rs-001445-pjs4c,134f89a5-5f21-4fdf-8270-b8fc22a4397f,2,5240.431576
2026/02/04/01:23:08,running-time,rs-001445-pjs4c,134f89a5-5f21-4fdf-8270-b8fc22a4397f,2,5240.431576
2026/02/04/01:23:08,apply-time,rs-001445-vh942,1b0433e3-c37e-4db1-beea-7351b4c58762,2,5239.431576
2026/02/04/01:23:08,running-time,rs-001445-vh942,1b0433e3-c37e-4db1-beea-7351b4c58762,2,5239.431576
2026/02/04/01:23:09,running-time,rs-001444-k48t5,17bccebf-33ec-4c7f-bb4b-09d7893faf27,1,5241.431576
2026/02/04/01:23:09,apply-time,rs-001446-5fbj9,500eb272-66b4-4fad-87c1-6faa32f36d58,3,5240.431576
2026/02/04/01:23:09,running-time,rs-001446-5fbj9,500eb272-66b4-4fad-87c1-6faa32f36d58,3,5240.431576
2026/02/04/01:23:09,apply-time,rs-001447-hxkwl,89604d51-9782-4bdc-85c5-cf5ebceceac5,4,5240.431576
2026/02/04/01:23:09,apply-time,rs-001448-4kjvf,37b0530d-12d6-4448-86be-eb4220570b18,1,5241.431576
2026/02/04/01:23:09,running-time,rs-001448-4kjvf,37b0530d-12d6-4448-86be-eb4220570b18,1,5241.431576
2026/02/04/01:23:09,apply-time,rs-001448-7q4sc,e9f24a60-0f4c-45c6-9bd2-2ac754fd1cae,1,5240.431576
2026/02/04/01:23:09,running-time,rs-001448-7q4sc,e9f24a60-0f4c-45c6-9bd2-2ac754fd1cae,1,5240.431576
2026/02/04/01:23:09,apply-time,rs-001449-56l89,702571f3-3e60-49fa-8cb8-3bb4f3ca0221,1,5241.431576
2026/02/04/01:23:09,running-time,rs-001449-56l89,702571f3-3e60-49fa-8cb8-3bb4f3ca0221,1,5241.431576
2026/02/04/01:23:10,apply-time,rs-001449-zhtms,25387f67-19e2-474b-af5e-4408178037b1,1,5241.431576
2026/02/04/01:23:10,running-time,rs-001449-zhtms,25387f67-19e2-474b-af5e-4408178037b1,1,5241.431576
2026/02/04/01:23:10,apply-time,rs-001449-zlxnw,980f879a-95da-4d85-9ff8-e65075ccefaa,1,5241.431576
2026/02/04/01:23:11,running-time,rs-001449-zlxnw,980f879a-95da-4d85-9ff8-e65075ccefaa,1,5242.431576
2026/02/04/01:23:30,running-time,rs-001447-hxkwl,89604d51-9782-4bdc-85c5-cf5ebceceac5,4,5261.431576
2026/02/04/01:23:48,apply-time,rs-001450-5m7nf,9a933c66-750c-4626-9d93-88be28b542e5,2,5279.431576
2026/02/04/01:23:48,running-time,rs-001450-5m7nf,9a933c66-750c-4626-9d93-88be28b542e5,2,5279.431576
2026/02/04/01:23:48,apply-time,rs-001450-l8hs7,a38ee7e2-e145-4f68-88c4-309327bfcdeb,2,5279.431576
2026/02/04/01:23:48,running-time,rs-001450-l8hs7,a38ee7e2-e145-4f68-88c4-309327bfcdeb,2,5279.431576
2026/02/04/01:23:48,apply-time,rs-001451-rqgqp,ec43d7da-791f-479b-9726-7a374ee8cd49,1,5279.431576
2026/02/04/01:23:48,running-time,rs-001451-rqgqp,ec43d7da-791f-479b-9726-7a374ee8cd49,1,5279.431576
2026/02/04/01:23:48,apply-time,rs-001452-5f7c2,718948e3-7aa3-4913-9854-6b83f9e42a14,1,5279.431576
2026/02/04/01:23:48,running-time,rs-001452-5f7c2,718948e3-7aa3-4913-9854-6b83f9e42a14,1,5279.431576
2026/02/04/01:23:48,apply-time,rs-001452-cc6dn,419d5fb6-5702-45bc-aea5-645b2554d646,1,5279.431576
2026/02/04/01:23:48,running-time,rs-001452-cc6dn,419d5fb6-5702-45bc-aea5-645b2554d646,1,5279.431576
2026/02/04/01:23:48,apply-time,rs-001453-rcgmt,ee81b649-b871-4282-82dd-a8f602231e20,4,5279.431576
2026/02/04/01:23:48,running-time,rs-001453-rcgmt,ee81b649-b871-4282-82dd-a8f602231e20,4,5279.431576
2026/02/04/01:23:48,apply-time,rs-001454-tjh9g,f505af39-4076-4e74-8155-44f685f2f7d4,1,5280.431576
2026/02/04/01:23:48,running-time,rs-001454-tjh9g,f505af39-4076-4e74-8155-44f685f2f7d4,1,5280.431576
2026/02/04/01:23:48,apply-time,rs-001455-pjm7k,0b8ccf9c-f664-4e6e-8f2f-2e120761546a,3,5280.431576
2026/02/04/01:23:48,running-time,rs-001455-pjm7k,0b8ccf9c-f664-4e6e-8f2f-2e120761546a,3,5280.431576
2026/02/04/01:23:48,apply-time,rs-001455-tw25j,6f8cdef4-074e-4ba2-84e6-cd5b9274fb85,3,5280.431576
2026/02/04/01:23:49,apply-time,rs-001455-5zjds,d93673b0-482e-4d90-81c0-ad95de8f9fe3,3,5280.431576
2026/02/04/01:23:49,running-time,rs-001455-5zjds,d93673b0-482e-4d90-81c0-ad95de8f9fe3,3,5280.431576
2026/02/04/01:23:49,running-time,rs-001455-tw25j,6f8cdef4-074e-4ba2-84e6-cd5b9274fb85,3,5280.431576
2026/02/04/01:23:55,apply-time,rs-001456-6dw6q,c6ff35dd-2725-43ed-a639-5f69324385ff,4,5287.431576
2026/02/04/01:23:55,apply-time,rs-001456-88rgj,76cf88ad-dacb-472d-9a2a-b667f64ccf0c,4,5287.431576
2026/02/04/01:23:55,apply-time,rs-001456-95s8b,b1e15cbc-8473-4ae3-9542-e1de71a42012,4,5287.431576
2026/02/04/01:24:19,apply-time,rs-001457-f8k86,ace35b90-4cc5-4258-a321-689d2ba07c68,1,5310.431576
2026/02/04/01:24:19,running-time,rs-001457-f8k86,ace35b90-4cc5-4258-a321-689d2ba07c68,1,5310.431576
2026/02/04/01:24:19,apply-time,rs-001458-bkk59,9edf496c-cdf2-4caf-a7a3-771fbaa3faf0,4,5310.431576
2026/02/04/01:24:19,running-time,rs-001458-bkk59,9edf496c-cdf2-4caf-a7a3-771fbaa3faf0,4,5310.431576
2026/02/04/01:24:19,apply-time,rs-001458-gx5qg,d3162819-de21-42df-bed9-246378b44cab,4,5310.431576
2026/02/04/01:24:19,running-time,rs-001458-gx5qg,d3162819-de21-42df-bed9-246378b44cab,4,5310.431576
2026/02/04/01:24:19,apply-time,rs-001459-8trm4,8cdecae1-b803-4258-b654-d118214d7e5f,4,5311.431576
2026/02/04/01:24:19,running-time,rs-001459-8trm4,8cdecae1-b803-4258-b654-d118214d7e5f,4,5311.431576
2026/02/04/01:24:19,apply-time,rs-001459-qfw8v,fbabb171-1081-48fd-8989-2a3abaa42a75,4,5311.431576
2026/02/04/01:24:19,running-time,rs-001459-qfw8v,fbabb171-1081-48fd-8989-2a3abaa42a75,4,5311.431576
2026/02/04/01:24:20,apply-time,rs-001460-mhj8w,eedb84b9-e154-4384-b76e-77571426f471,2,5311.431576
2026/02/04/01:24:20,apply-time,rs-001460-qxjmv,d4b6b477-b5d4-4988-82ff-e731f1d09e14,2,5311.431576
2026/02/04/01:24:20,apply-time,rs-001461-7tclq,d890a369-ed86-4756-abbf-83da1c2feb86,3,5311.431576
2026/02/04/01:24:20,apply-time,rs-001461-zvlkf,038e0e5a-5c36-49cf-806c-0d94637aaa41,3,5311.431576
2026/02/04/01:24:21,apply-time,rs-001462-n6k79,f015f4ba-d15d-40c3-b4bb-ea79b1c44598,3,5312.431576
2026/02/04/01:24:21,running-time,rs-001462-n6k79,f015f4ba-d15d-40c3-b4bb-ea79b1c44598,3,5312.431576
2026/02/04/01:24:23,apply-time,rs-001463-2nxks,53b9d24a-7a48-44bf-b86e-e7288d0bdb19,4,5314.431576
2026/02/04/01:24:23,running-time,rs-001463-2nxks,53b9d24a-7a48-44bf-b86e-e7288d0bdb19,4,5314.431576
2026/02/04/01:24:23,apply-time,rs-001463-sqtf7,d3e0c262-d7c2-4a08-997a-1245bd1d179c,4,5314.431576
2026/02/04/01:24:23,running-time,rs-001463-sqtf7,d3e0c262-d7c2-4a08-997a-1245bd1d179c,4,5314.431576
2026/02/04/01:24:23,apply-time,rs-001464-q59pg,2bab7ec0-6636-4871-9915-22fdef54a9fc,3,5314.431576
2026/02/04/01:24:23,running-time,rs-001464-q59pg,2bab7ec0-6636-4871-9915-22fdef54a9fc,3,5314.431576
2026/02/04/01:24:23,apply-time,rs-001465-24ttp,c5229735-7f25-4a70-8b50-83b17724a014,3,5314.431576
2026/02/04/01:24:23,running-time,rs-001465-24ttp,c5229735-7f25-4a70-8b50-83b17724a014,3,5314.431576
2026/02/04/01:24:23,apply-time,rs-001465-2r2st,b154b1f1-1636-4f31-b4c5-6633f7450589,3,5314.431576
2026/02/04/01:24:23,running-time,rs-001465-2r2st,b154b1f1-1636-4f31-b4c5-6633f7450589,3,5314.431576
2026/02/04/01:24:23,apply-time,rs-001465-nhh5r,2393f096-efd5-480f-8c54-3670113483ff,3,5314.431576
2026/02/04/01:24:23,running-time,rs-001465-nhh5r,2393f096-efd5-480f-8c54-3670113483ff,3,5314.431576
2026/02/04/01:24:23,apply-time,rs-001466-brxn7,01bd209f-08eb-4059-a109-6450fc95a2f4,4,5314.431576
2026/02/04/01:24:23,running-time,rs-001466-brxn7,01bd209f-08eb-4059-a109-6450fc95a2f4,4,5314.431576
2026/02/04/01:24:23,apply-time,rs-001466-fxgzg,ac5a8e2f-0dc8-4921-a7a8-966379b640f4,4,5314.431576
2026/02/04/01:24:23,running-time,rs-001466-fxgzg,ac5a8e2f-0dc8-4921-a7a8-966379b640f4,4,5314.431576
2026/02/04/01:24:23,apply-time,rs-001466-vhq4f,1053574f-6d40-4d31-ab44-d69f1abc0f47,4,5314.431576
2026/02/04/01:24:23,running-time,rs-001466-vhq4f,1053574f-6d40-4d31-ab44-d69f1abc0f47,4,5314.431576
2026/02/04/01:24:29,apply-time,rs-001467-hj85f,43972961-c843-49ee-8ebc-663737673b24,3,5320.431576
2026/02/04/01:24:29,running-time,rs-001467-hj85f,43972961-c843-49ee-8ebc-663737673b24,3,5320.431576
2026/02/04/01:24:29,apply-time,rs-001467-z4s5q,980204c1-b0a5-4531-ade6-a4778d23fa9f,3,5320.431576
2026/02/04/01:24:29,running-time,rs-001467-z4s5q,980204c1-b0a5-4531-ade6-a4778d23fa9f,3,5320.431576
2026/02/04/01:24:29,apply-time,rs-001468-4tl8j,c89233de-93f2-4fa5-9954-6acbf866d44a,1,5320.431576
2026/02/04/01:24:29,running-time,rs-001468-4tl8j,c89233de-93f2-4fa5-9954-6acbf866d44a,1,5320.431576
2026/02/04/01:24:29,apply-time,rs-001469-8kmgc,42f74fc6-9843-4c36-b005-dd1543019a26,1,5320.431576
2026/02/04/01:24:29,running-time,rs-001469-8kmgc,42f74fc6-9843-4c36-b005-dd1543019a26,1,5320.431576
2026/02/04/01:24:29,apply-time,rs-001469-g656h,2d08f99f-2060-495e-a7dd-a563f949cb0e,1,5320.431576
2026/02/04/01:24:29,running-time,rs-001469-g656h,2d08f99f-2060-495e-a7dd-a563f949cb0e,1,5320.431576
2026/02/04/01:24:29,apply-time,rs-001470-4b24c,0b0faf8c-716e-4d78-a4c8-1070fa2625dc,1,5320.431576
2026/02/04/01:24:29,apply-time,rs-001470-jqql6,ce322644-6b44-4a23-9061-3ac95b346488,1,5320.431576
2026/02/04/01:24:29,apply-time,rs-001471-tmghv,2fa54487-e528-4e28-8add-b400a46dd7d3,1,5321.431576
2026/02/04/01:24:29,running-time,rs-001471-tmghv,2fa54487-e528-4e28-8add-b400a46dd7d3,1,5321.431576
2026/02/04/01:24:32,running-time,rs-001470-4b24c,0b0faf8c-716e-4d78-a4c8-1070fa2625dc,1,5324.431576
2026/02/04/01:24:53,apply-time,rs-001472-rfmn6,5545a244-27ff-4618-93fe-95de6e45a7e6,1,5344.431576
2026/02/04/01:24:53,running-time,rs-001472-rfmn6,5545a244-27ff-4618-93fe-95de6e45a7e6,1,5344.431576
2026/02/04/01:24:53,apply-time,rs-001472-w4j7v,ab367d80-7363-4220-b2b5-d3f39f769562,1,5344.431576
2026/02/04/01:24:53,running-time,rs-001472-w4j7v,ab367d80-7363-4220-b2b5-d3f39f769562,1,5344.431576
2026/02/04/01:24:53,apply-time,rs-001472-xmpzx,13a2230b-cfef-477a-ae03-0b2b19e2cea8,1,5344.431576
2026/02/04/01:24:53,running-time,rs-001472-xmpzx,13a2230b-cfef-477a-ae03-0b2b19e2cea8,1,5344.431576
2026/02/04/01:24:53,apply-time,rs-001473-4498f,a62d159a-ce5d-49d2-94e8-0b8c4cbf8874,1,5344.431576
2026/02/04/01:24:53,running-time,rs-001473-4498f,a62d159a-ce5d-49d2-94e8-0b8c4cbf8874,1,5344.431576
2026/02/04/01:24:53,apply-time,rs-001473-fnp6r,063a088c-9bfa-4d8a-ade4-9a583f1e5ee8,1,5344.431576
2026/02/04/01:24:53,running-time,rs-001473-fnp6r,063a088c-9bfa-4d8a-ade4-9a583f1e5ee8,1,5344.431576
2026/02/04/01:24:53,apply-time,rs-001474-ltjfg,a051eb04-375e-4c2f-8d0d-e9f0e002a6f1,1,5344.431576
2026/02/04/01:24:53,running-time,rs-001474-ltjfg,a051eb04-375e-4c2f-8d0d-e9f0e002a6f1,1,5344.431576
2026/02/04/01:24:53,apply-time,rs-001474-vgwrg,77567083-6370-44a8-bc30-599764542bd3,1,5344.431576
2026/02/04/01:24:53,running-time,rs-001474-vgwrg,77567083-6370-44a8-bc30-599764542bd3,1,5344.431576
2026/02/04/01:24:53,apply-time,rs-001475-72ksb,aebfa03e-7051-4186-904c-b2e893520684,1,5345.431576
2026/02/04/01:24:53,running-time,rs-001475-72ksb,aebfa03e-7051-4186-904c-b2e893520684,1,5345.431576
2026/02/04/01:24:53,apply-time,rs-001475-gdpkp,37d1989c-0bcc-428e-961a-723b20ad56be,1,5345.431576
2026/02/04/01:24:53,running-time,rs-001475-gdpkp,37d1989c-0bcc-428e-961a-723b20ad56be,1,5345.431576
2026/02/04/01:24:53,apply-time,rs-001475-z5g7k,711aecba-938c-4a5a-aee9-16971e9fcb97,1,5345.431576
2026/02/04/01:24:53,running-time,rs-001475-z5g7k,711aecba-938c-4a5a-aee9-16971e9fcb97,1,5345.431576
2026/02/04/01:24:53,apply-time,rs-001476-4s46g,d435a115-07de-4f27-a47e-81238f54505a,3,5345.431576
2026/02/04/01:24:53,running-time,rs-001476-4s46g,d435a115-07de-4f27-a47e-81238f54505a,3,5345.431576
2026/02/04/01:24:53,apply-time,rs-001476-tmnpv,76d5da1a-7577-4964-a957-72a0c2b3237c,3,5345.431576
2026/02/04/01:24:53,running-time,rs-001476-tmnpv,76d5da1a-7577-4964-a957-72a0c2b3237c,3,5345.431576
2026/02/04/01:24:54,apply-time,rs-001477-c458g,9b2d8d3e-afd1-45b0-b454-84f1ad722bb6,2,5345.431576
2026/02/04/01:24:54,running-time,rs-001477-c458g,9b2d8d3e-afd1-45b0-b454-84f1ad722bb6,2,5345.431576
2026/02/04/01:24:54,apply-time,rs-001477-d6st5,ea33a689-7c9c-4267-bbc0-f71356110054,2,5345.431576
2026/02/04/01:24:54,running-time,rs-001477-d6st5,ea33a689-7c9c-4267-bbc0-f71356110054,2,5345.431576
2026/02/04/01:24:54,apply-time,rs-001477-kvwrv,5148d702-f226-4c11-84e8-c169c43f0cbb,2,5345.431576
2026/02/04/01:24:54,running-time,rs-001477-kvwrv,5148d702-f226-4c11-84e8-c169c43f0cbb,2,5345.431576
2026/02/04/01:24:54,apply-time,rs-001478-rxgtz,0bf1b2ce-985a-4e1d-ad31-4429c95cc434,1,5346.431576
2026/02/04/01:24:54,running-time,rs-001478-rxgtz,0bf1b2ce-985a-4e1d-ad31-4429c95cc434,1,5346.431576
2026/02/04/01:24:55,apply-time,rs-001479-rg8hp,bdb54942-a209-4e49-8451-7770417fc1e7,2,5346.431576
2026/02/04/01:24:55,running-time,rs-001479-rg8hp,bdb54942-a209-4e49-8451-7770417fc1e7,2,5346.431576
2026/02/04/01:24:55,apply-time,rs-001479-vhgn7,47141b35-52a5-4f68-a5bc-8ec6d42f3919,2,5346.431576
2026/02/04/01:24:55,running-time,rs-001479-vhgn7,47141b35-52a5-4f68-a5bc-8ec6d42f3919,2,5346.431576
2026/02/04/01:24:55,apply-time,rs-001480-pkrv7,389f23be-0ada-4c38-be67-2914dbe99d3e,2,5347.431576
2026/02/04/01:24:55,apply-time,rs-001480-smffw,9ad04d26-a0da-4afa-91c2-0da7db37359c,2,5346.431576
2026/02/04/01:24:55,apply-time,rs-001480-tsr5l,a61d6f48-ac17-4e5e-8935-190f24b3b17b,2,5346.431576
2026/02/04/01:24:55,apply-time,rs-001481-hm458,ecb3dfc3-e96e-41a9-b5c3-c32d2a1bb99f,1,5346.431576
2026/02/04/01:24:55,running-time,rs-001481-hm458,ecb3dfc3-e96e-41a9-b5c3-c32d2a1bb99f,1,5346.431576
2026/02/04/01:24:55,apply-time,rs-001482-8pwqn,e9932510-ebff-4ff5-b3dc-ada63724c5ae,3,5346.431576
2026/02/04/01:24:55,running-time,rs-001482-8pwqn,e9932510-ebff-4ff5-b3dc-ada63724c5ae,3,5346.431576
2026/02/04/01:24:55,apply-time,rs-001483-5l84q,d7233170-fe5c-4cde-86c1-ad58ae43d54a,2,5346.431576
2026/02/04/01:24:55,apply-time,rs-001483-62vh5,2fc08831-faf2-4246-977b-1b827dfa7e14,2,5346.431576
2026/02/04/01:24:55,running-time,rs-001483-62vh5,2fc08831-faf2-4246-977b-1b827dfa7e14,2,5346.431576
2026/02/04/01:24:55,apply-time,rs-001484-pphmc,ace40d1c-afb8-433a-a86a-224b5866d6aa,4,5346.431576
2026/02/04/01:24:55,running-time,rs-001484-pphmc,ace40d1c-afb8-433a-a86a-224b5866d6aa,4,5346.431576
2026/02/04/01:24:55,apply-time,rs-001484-wr6tk,410dedd3-23b7-42ed-8259-268c315800e4,4,5347.431576
2026/02/04/01:24:55,running-time,rs-001484-wr6tk,410dedd3-23b7-42ed-8259-268c315800e4,4,5347.431576
2026/02/04/01:24:55,apply-time,rs-001485-dfg8f,443f7105-70c9-46ba-abf7-5a1486cae162,1,5347.431576
2026/02/04/01:24:55,running-time,rs-001485-dfg8f,443f7105-70c9-46ba-abf7-5a1486cae162,1,5347.431576
2026/02/04/01:24:57,running-time,rs-001483-5l84q,d7233170-fe5c-4cde-86c1-ad58ae43d54a,2,5349.431576
2026/02/04/01:24:57,apply-time,rs-001486-mkrxp,79ab878e-63a6-4dc0-aae4-189e2875c891,1,5348.431576
2026/02/04/01:24:57,apply-time,rs-001487-6k5v9,82ed291c-4a78-47f5-904c-6554290b21a4,2,5348.431576
2026/02/04/01:24:57,running-time,rs-001487-6k5v9,82ed291c-4a78-47f5-904c-6554290b21a4,2,5348.431576
2026/02/04/01:24:57,apply-time,rs-001487-6qwvp,f1194f35-5b1b-4b72-9a90-d480fb001c6f,2,5348.431576
2026/02/04/01:24:57,running-time,rs-001487-6qwvp,f1194f35-5b1b-4b72-9a90-d480fb001c6f,2,5348.431576
2026/02/04/01:24:57,apply-time,rs-001488-v2hlg,e3fff7b0-1faf-48f4-ac81-74df847b4cf8,2,5348.431576
2026/02/04/01:24:57,running-time,rs-001488-v2hlg,e3fff7b0-1faf-48f4-ac81-74df847b4cf8,2,5349.431576
2026/02/04/01:24:57,apply-time,rs-001488-x2rqw,eb2e5341-3484-4151-b01e-88e62fb78e41,2,5349.431576
2026/02/04/01:24:57,running-time,rs-001488-x2rqw,eb2e5341-3484-4151-b01e-88e62fb78e41,2,5349.431576
2026/02/04/01:25:02,apply-time,rs-001489-fsdfb,2f779e81-697e-4f20-85eb-a0108239eeb1,2,5354.431576
2026/02/04/01:25:02,running-time,rs-001489-fsdfb,2f779e81-697e-4f20-85eb-a0108239eeb1,2,5354.431576
2026/02/04/01:25:02,apply-time,rs-001490-4l8pd,00e32183-b934-4fb7-b30f-c9b2edb08f58,4,5354.431576
2026/02/04/01:25:02,running-time,rs-001490-4l8pd,00e32183-b934-4fb7-b30f-c9b2edb08f58,4,5354.431576
2026/02/04/01:25:02,apply-time,rs-001490-lmdc9,d00289c7-6a7e-4b2d-9fc6-920e44223a07,4,5354.431576
2026/02/04/01:25:03,running-time,rs-001490-lmdc9,d00289c7-6a7e-4b2d-9fc6-920e44223a07,4,5354.431576
2026/02/04/01:25:03,apply-time,rs-001491-prqg5,0f490259-90fc-409c-90b5-5409eef9def1,1,5354.431576
2026/02/04/01:25:03,apply-time,rs-001492-47vnd,03fe8c3d-54e6-4224-8e77-9b4a633afbc8,1,5354.431576
2026/02/04/01:25:03,running-time,rs-001492-47vnd,03fe8c3d-54e6-4224-8e77-9b4a633afbc8,1,5354.431576
2026/02/04/01:25:03,apply-time,rs-001492-wf8bw,cc6ca007-20cb-448a-8a57-70fb1b075a0a,1,5354.431576
2026/02/04/01:25:03,running-time,rs-001492-wf8bw,cc6ca007-20cb-448a-8a57-70fb1b075a0a,1,5354.431576
2026/02/04/01:25:03,apply-time,rs-001493-7gd4f,f1e849dc-3ea0-4aa6-8af5-a66e9c45879e,1,5354.431576
2026/02/04/01:25:03,running-time,rs-001493-7gd4f,f1e849dc-3ea0-4aa6-8af5-a66e9c45879e,1,5354.431576
2026/02/04/01:25:03,apply-time,rs-001494-qwsqb,90ec1dd4-299a-4a15-b131-a58b05df6157,1,5354.431576
2026/02/04/01:25:03,running-time,rs-001494-qwsqb,90ec1dd4-299a-4a15-b131-a58b05df6157,1,5354.431576
2026/02/04/01:25:03,apply-time,rs-001494-r87dc,e52f8280-5e5d-4bb4-8ea3-057bd2a5f5c8,1,5354.431576
2026/02/04/01:25:03,running-time,rs-001494-r87dc,e52f8280-5e5d-4bb4-8ea3-057bd2a5f5c8,1,5354.431576
2026/02/04/01:25:03,apply-time,rs-001494-rvvz2,51f4f912-8813-4dd3-b61c-51b09b3e348d,1,5354.431576
2026/02/04/01:25:03,running-time,rs-001494-rvvz2,51f4f912-8813-4dd3-b61c-51b09b3e348d,1,5354.431576
2026/02/04/01:25:03,apply-time,rs-001495-r74mr,1129d7ba-1423-4454-b43c-aceedb1ffce5,3,5354.431576
2026/02/04/01:25:03,running-time,rs-001495-r74mr,1129d7ba-1423-4454-b43c-aceedb1ffce5,3,5354.431576
2026/02/04/01:25:03,apply-time,rs-001495-sv9fs,c7bda728-e01c-4a32-8b12-12e3fc3c9bf5,3,5354.431576
2026/02/04/01:25:03,running-time,rs-001495-sv9fs,c7bda728-e01c-4a32-8b12-12e3fc3c9bf5,3,5354.431576
2026/02/04/01:25:05,running-time,rs-001491-prqg5,0f490259-90fc-409c-90b5-5409eef9def1,1,5356.431576
2026/02/04/01:25:15,apply-time,rs-000905-rvtt8,b23d1c00-8c27-4fa2-bfd7-6648a0211df2,1,5366.431576
2026/02/04/01:25:15,running-time,rs-000905-rvtt8,b23d1c00-8c27-4fa2-bfd7-6648a0211df2,1,5366.431576
2026/02/04/01:25:15,apply-time,rs-001010-6wqf9,6a353fb4-30ed-4e34-b64c-be1dc8450666,1,5366.431576
2026/02/04/01:25:15,running-time,rs-001010-6wqf9,6a353fb4-30ed-4e34-b64c-be1dc8450666,1,5366.431576
2026/02/04/01:25:15,apply-time,rs-001029-wnrdq,9fbdfb08-e8b7-453e-94a5-91551941622c,1,5366.431576
2026/02/04/01:25:15,running-time,rs-001029-wnrdq,9fbdfb08-e8b7-453e-94a5-91551941622c,1,5366.431576
2026/02/04/01:25:15,running-time,rs-001486-mkrxp,79ab878e-63a6-4dc0-aae4-189e2875c891,1,5366.431576
2026/02/04/01:25:28,apply-time,rs-001496-l7hbr,337f3b2f-3569-4d9e-9c4d-813874611725,2,5379.431576
2026/02/04/01:25:28,running-time,rs-001496-l7hbr,337f3b2f-3569-4d9e-9c4d-813874611725,2,5379.431576
2026/02/04/01:25:28,apply-time,rs-001496-xrjd7,f4705bde-dfdf-496e-ba01-34229fc2b714,2,5379.431576
2026/02/04/01:25:28,running-time,rs-001496-xrjd7,f4705bde-dfdf-496e-ba01-34229fc2b714,2,5379.431576
2026/02/04/01:25:28,apply-time,rs-001497-8jqng,f8bc1664-003c-435e-8840-f14711ed320a,1,5379.431576
2026/02/04/01:25:28,running-time,rs-001497-8jqng,f8bc1664-003c-435e-8840-f14711ed320a,1,5379.431576
2026/02/04/01:25:33,apply-time,rs-001498-n5z4z,a013a543-9c36-467c-9d6e-a7d31b4b59d8,2,5384.431576
2026/02/04/01:25:33,running-time,rs-001498-n5z4z,a013a543-9c36-467c-9d6e-a7d31b4b59d8,2,5384.431576
2026/02/04/01:25:33,apply-time,rs-001499-8ts5l,91f8d752-9560-440e-bdfd-9396c4c83cae,1,5384.431576
2026/02/04/01:25:33,running-time,rs-001499-8ts5l,91f8d752-9560-440e-bdfd-9396c4c83cae,1,5385.431576
2026/02/04/01:25:33,apply-time,rs-001500-2trcl,9d184ca2-dce8-42e1-8c2a-cbe7cec601bf,3,5385.431576
2026/02/04/01:25:33,apply-time,rs-001500-fzm5k,5688935b-4a4a-4a8b-bbdb-a84a63a41114,3,5385.431576
2026/02/04/01:25:33,running-time,rs-001500-fzm5k,5688935b-4a4a-4a8b-bbdb-a84a63a41114,3,5385.431576
2026/02/04/01:25:33,apply-time,rs-001500-m47l9,36c0af8c-f4a2-4189-96e4-d7603f6262a8,3,5385.431576
2026/02/04/01:25:33,apply-time,rs-001501-vm5kx,e1534bc1-0785-41fc-9868-a2605950416c,3,5385.431576
2026/02/04/01:25:34,running-time,rs-001500-2trcl,9d184ca2-dce8-42e1-8c2a-cbe7cec601bf,3,5385.431576
2026/02/04/01:25:34,running-time,rs-001500-m47l9,36c0af8c-f4a2-4189-96e4-d7603f6262a8,3,5385.431576
2026/02/04/01:25:34,running-time,rs-001501-vm5kx,e1534bc1-0785-41fc-9868-a2605950416c,3,5385.431576
2026/02/04/01:25:34,apply-time,rs-001502-4vxhg,07ee9234-232a-4af1-9457-9a7f71686cf5,1,5385.431576
2026/02/04/01:25:34,running-time,rs-001502-4vxhg,07ee9234-232a-4af1-9457-9a7f71686cf5,1,5385.431576
2026/02/04/01:25:34,apply-time,rs-001502-gb6hk,985b91f2-bb59-4b2b-a69f-0f37fa4d56c0,1,5385.431576
2026/02/04/01:25:34,running-time,rs-001502-gb6hk,985b91f2-bb59-4b2b-a69f-0f37fa4d56c0,1,5385.431576
2026/02/04/01:25:34,apply-time,rs-001502-kr7mq,f69f15d0-b968-4dd2-b43c-d41aefed420e,1,5385.431576
2026/02/04/01:25:34,running-time,rs-001502-kr7mq,f69f15d0-b968-4dd2-b43c-d41aefed420e,1,5385.431576
2026/02/04/01:25:36,apply-time,rs-001503-72sgr,49bbcacb-dd24-4958-a759-c96b61d9c762,3,5387.431576
2026/02/04/01:25:36,running-time,rs-001503-72sgr,49bbcacb-dd24-4958-a759-c96b61d9c762,3,5387.431576
2026/02/04/01:25:36,apply-time,rs-001503-948fr,74ca83db-b415-4f0e-a031-8c65c8c61bc8,3,5387.431576
2026/02/04/01:25:36,running-time,rs-001503-948fr,74ca83db-b415-4f0e-a031-8c65c8c61bc8,3,5387.431576
2026/02/04/01:25:36,apply-time,rs-001504-5f4kb,89da6daa-f005-4389-bd68-2f464a0f4783,1,5388.431576
2026/02/04/01:25:36,running-time,rs-001504-5f4kb,89da6daa-f005-4389-bd68-2f464a0f4783,1,5388.431576
2026/02/04/01:25:36,apply-time,rs-001504-7s8ns,18f268a0-0c99-4977-a61d-224aeb10d452,1,5388.431576
2026/02/04/01:25:36,running-time,rs-001504-7s8ns,18f268a0-0c99-4977-a61d-224aeb10d452,1,5388.431576
2026/02/04/01:25:36,apply-time,rs-001504-wh6r7,f8a662af-0057-4fda-aab2-64d9ed79a74a,1,5388.431576
2026/02/04/01:25:36,running-time,rs-001504-wh6r7,f8a662af-0057-4fda-aab2-64d9ed79a74a,1,5388.431576
2026/02/04/01:25:36,apply-time,rs-001505-6sdf7,9aae20e2-e3a6-472c-ac9e-8668d273e756,2,5388.431576
2026/02/04/01:25:36,running-time,rs-001505-6sdf7,9aae20e2-e3a6-472c-ac9e-8668d273e756,2,5388.431576
2026/02/04/01:25:36,apply-time,rs-001505-wg9fk,d2b64394-ba3c-4900-8598-151ed30417c7,2,5388.431576
2026/02/04/01:25:36,running-time,rs-001505-wg9fk,d2b64394-ba3c-4900-8598-151ed30417c7,2,5388.431576
2026/02/04/01:25:37,apply-time,rs-001506-5xzzj,3b9a8dfd-40a0-47b5-9ffc-a76b010de75c,2,5389.431576
2026/02/04/01:25:37,apply-time,rs-001506-fv68s,2a0e9fef-a1da-4624-90a2-3145096adb66,2,5389.431576
2026/02/04/01:25:37,apply-time,rs-001506-jkgcr,8ecdc751-f007-4cab-9b7c-3dc35cba9956,2,5389.431576
2026/02/04/01:25:46,apply-time,rs-001507-dddgb,60e540a1-d409-450c-b46b-d05e768ea652,1,5398.431576
2026/02/04/01:25:46,running-time,rs-001507-dddgb,60e540a1-d409-450c-b46b-d05e768ea652,1,5398.431576
2026/02/04/01:25:46,apply-time,rs-001507-phjtl,b48a1ff4-8004-4a1a-b1f8-43d48bdf23f0,1,5398.431576
2026/02/04/01:25:46,running-time,rs-001507-phjtl,b48a1ff4-8004-4a1a-b1f8-43d48bdf23f0,1,5398.431576
2026/02/04/01:25:46,apply-time,rs-001507-tglcc,aaab7664-9d9e-4658-b418-4c288f0c6b14,1,5398.431576
2026/02/04/01:25:46,running-time,rs-001507-tglcc,aaab7664-9d9e-4658-b418-4c288f0c6b14,1,5398.431576
2026/02/04/01:25:46,apply-time,rs-001508-qr9hj,288865e2-997e-472b-b4c5-1c590ff1a69e,2,5398.431576
2026/02/04/01:25:46,running-time,rs-001508-qr9hj,288865e2-997e-472b-b4c5-1c590ff1a69e,2,5398.431576
2026/02/04/01:26:08,apply-time,rs-001509-fwk9w,0ae6eab3-b0a0-4064-a513-2318e5bab972,4,5420.431576
2026/02/04/01:26:08,running-time,rs-001509-fwk9w,0ae6eab3-b0a0-4064-a513-2318e5bab972,4,5420.431576
2026/02/04/01:26:08,apply-time,rs-001509-qvqdp,b660ffea-5881-4d97-8822-94f99c8524b3,4,5420.431576
2026/02/04/01:26:08,running-time,rs-001509-qvqdp,b660ffea-5881-4d97-8822-94f99c8524b3,4,5420.431576
2026/02/04/01:26:20,apply-time,rs-001510-gq98f,abd90355-a5ed-4f1c-ac9a-24f9157c370d,4,5431.431576
2026/02/04/01:26:20,running-time,rs-001510-gq98f,abd90355-a5ed-4f1c-ac9a-24f9157c370d,4,5431.431576
2026/02/04/01:26:20,apply-time,rs-001510-x85s2,81dc9933-d68d-4076-bd28-344f23f5fcc9,4,5431.431576
2026/02/04/01:26:20,running-time,rs-001510-x85s2,81dc9933-d68d-4076-bd28-344f23f5fcc9,4,5431.431576
2026/02/04/01:26:36,apply-time,rs-001511-f4rdv,08526ad3-f03d-4867-9722-0e65244ee065,3,5447.431576
2026/02/04/01:26:36,running-time,rs-001511-f4rdv,08526ad3-f03d-4867-9722-0e65244ee065,3,5447.431576
2026/02/04/01:26:36,apply-time,rs-001511-xh8sr,2569c4f5-9148-41ca-bd0f-2c7c4d66b02f,3,5447.431576
2026/02/04/01:26:36,running-time,rs-001511-xh8sr,2569c4f5-9148-41ca-bd0f-2c7c4d66b02f,3,5447.431576
2026/02/04/01:26:36,apply-time,rs-001512-bbxzl,3fad6c56-027d-4b24-835a-5b9d55859fbc,1,5447.431576
2026/02/04/01:26:36,apply-time,rs-001512-j9wmg,e292faa9-15e4-4939-824e-063e3108e411,1,5447.431576
2026/02/04/01:26:36,apply-time,rs-001513-phxbn,f63bcaee-a0f9-4e23-a1db-624ba25b5d70,2,5447.431576
2026/02/04/01:26:36,running-time,rs-001513-phxbn,f63bcaee-a0f9-4e23-a1db-624ba25b5d70,2,5447.431576
2026/02/04/01:26:36,apply-time,rs-001514-zd9tc,0cba9008-b4f4-468b-b22e-4f69f2171983,1,5447.431576
2026/02/04/01:26:46,apply-time,rs-001515-f2hch,90c39b23-3e3a-4301-95ac-03df084d67bd,4,5458.431576
2026/02/04/01:26:46,running-time,rs-001515-f2hch,90c39b23-3e3a-4301-95ac-03df084d67bd,4,5458.431576
2026/02/04/01:26:46,apply-time,rs-001515-njkn9,f3ea8764-ce25-466a-a96d-6e2b0f65c29c,4,5458.431576
2026/02/04/01:26:46,running-time,rs-001515-njkn9,f3ea8764-ce25-466a-a96d-6e2b0f65c29c,4,5458.431576
2026/02/04/01:26:46,apply-time,rs-001516-rqw9k,52d4ef31-026e-4a4a-b63a-21d5e0757d3b,4,5458.431576
2026/02/04/01:26:46,running-time,rs-001516-rqw9k,52d4ef31-026e-4a4a-b63a-21d5e0757d3b,4,5458.431576
2026/02/04/01:26:46,apply-time,rs-001517-p748s,43392a01-36b1-425d-8ee6-f9dd11c61d45,3,5458.431576
2026/02/04/01:26:46,running-time,rs-001517-p748s,43392a01-36b1-425d-8ee6-f9dd11c61d45,3,5458.431576
2026/02/04/01:26:49,apply-time,rs-001518-sdvx6,4361155a-f020-4b54-b38f-4bf62ec0788d,4,5460.431576
2026/02/04/01:26:49,running-time,rs-001518-sdvx6,4361155a-f020-4b54-b38f-4bf62ec0788d,4,5460.431576
2026/02/04/01:26:59,apply-time,rs-001502-wqj44,57be91f4-4d86-475d-b238-d9bca8458370,1,5470.431576
2026/02/04/01:26:59,running-time,rs-001502-wqj44,57be91f4-4d86-475d-b238-d9bca8458370,1,5470.431576
2026/02/04/01:26:59,running-time,rs-001512-bbxzl,3fad6c56-027d-4b24-835a-5b9d55859fbc,1,5470.431576
2026/02/04/01:26:59,running-time,rs-001512-j9wmg,e292faa9-15e4-4939-824e-063e3108e411,1,5470.431576
2026/02/04/01:27:00,apply-time,rs-001519-bkbwz,14e45438-f385-472a-8feb-33a626fbaea6,1,5471.431576
2026/02/04/01:27:00,running-time,rs-001519-bkbwz,14e45438-f385-472a-8feb-33a626fbaea6,1,5471.431576
2026/02/04/01:27:00,apply-time,rs-001519-jwhmf,2f8c5bf3-cf9e-463f-acb7-ea148009bbfc,1,5471.431576
2026/02/04/01:27:00,running-time,rs-001519-jwhmf,2f8c5bf3-cf9e-463f-acb7-ea148009bbfc,1,5471.431576
2026/02/04/01:27:00,apply-time,rs-001519-qqvgm,1a3ebecf-9c7c-46ef-bfbe-6ae6c95a63d2,1,5471.431576
2026/02/04/01:27:00,running-time,rs-001519-qqvgm,1a3ebecf-9c7c-46ef-bfbe-6ae6c95a63d2,1,5471.431576
2026/02/04/01:27:09,apply-time,rs-001520-j9sz7,8086cea9-b056-4e03-92c1-516b8143f514,1,5481.431576
2026/02/04/01:27:09,running-time,rs-001520-j9sz7,8086cea9-b056-4e03-92c1-516b8143f514,1,5481.431576
2026/02/04/01:27:09,apply-time,rs-001520-sn998,b4307dde-f2bc-4d2b-8d3f-9c7b205bd146,1,5481.431576
2026/02/04/01:27:09,running-time,rs-001520-sn998,b4307dde-f2bc-4d2b-8d3f-9c7b205bd146,1,5481.431576
2026/02/04/01:27:10,apply-time,rs-001521-sqzm7,ed796a7c-be9b-4514-9d5d-8351fb91295e,3,5481.431576
2026/02/04/01:27:10,running-time,rs-001521-sqzm7,ed796a7c-be9b-4514-9d5d-8351fb91295e,3,5481.431576
2026/02/04/01:27:10,apply-time,rs-001522-92rv2,1898c2c6-d126-46a7-8209-42424bb76ff2,1,5481.431576
2026/02/04/01:27:10,running-time,rs-001522-92rv2,1898c2c6-d126-46a7-8209-42424bb76ff2,1,5481.431576
2026/02/04/01:27:10,apply-time,rs-001522-v6kt4,2d4c90ca-5abe-45b8-bfe6-8d1162203175,1,5481.431576
2026/02/04/01:27:10,running-time,rs-001522-v6kt4,2d4c90ca-5abe-45b8-bfe6-8d1162203175,1,5481.431576
2026/02/04/01:27:10,apply-time,rs-001522-vpbln,51b6cbe5-1669-4bc2-87a9-c1729eea776f,1,5481.431576
2026/02/04/01:27:10,running-time,rs-001522-vpbln,51b6cbe5-1669-4bc2-87a9-c1729eea776f,1,5481.431576
2026/02/04/01:27:10,apply-time,rs-001523-5z29n,9a462efc-0414-40ea-84a3-a180a783436f,1,5481.431576
2026/02/04/01:27:10,apply-time,rs-001523-rztfb,0f751c8b-e00b-4f1a-b619-c53ed24c79cd,1,5481.431576
2026/02/04/01:27:10,apply-time,rs-001524-h5qfh,4226b822-1987-4adb-80e4-3c54ec450f5b,1,5481.431576
2026/02/04/01:27:10,apply-time,rs-001525-gvdpx,a38d9ef8-25a7-4183-812d-1ed9f76233d0,2,5481.431576
2026/02/04/01:27:10,running-time,rs-001525-gvdpx,a38d9ef8-25a7-4183-812d-1ed9f76233d0,2,5481.431576
2026/02/04/01:27:10,apply-time,rs-001526-dqmkh,58e2a53a-8c13-49db-976d-93d2afc88f48,1,5482.431576
2026/02/04/01:27:10,running-time,rs-001526-dqmkh,58e2a53a-8c13-49db-976d-93d2afc88f48,1,5482.431576
2026/02/04/01:27:10,apply-time,rs-001526-xqvln,4086e85f-e7f5-4b6d-ac83-70274c353065,1,5482.431576
2026/02/04/01:27:12,running-time,rs-001524-h5qfh,4226b822-1987-4adb-80e4-3c54ec450f5b,1,5484.431576
2026/02/04/01:27:12,apply-time,rs-001527-bh6d6,fe1ea0b2-0bc2-42b5-b071-00258dfc715d,1,5483.431576
2026/02/04/01:27:12,running-time,rs-001527-bh6d6,fe1ea0b2-0bc2-42b5-b071-00258dfc715d,1,5483.431576
2026/02/04/01:27:12,apply-time,rs-001527-lzxww,899e514e-ef8d-4403-98ff-e5090611219f,1,5483.431576
2026/02/04/01:27:12,running-time,rs-001527-lzxww,899e514e-ef8d-4403-98ff-e5090611219f,1,5483.431576
2026/02/04/01:27:12,apply-time,rs-001527-rmbrc,8c871072-cc68-4071-9b87-ce7856ab1f65,1,5483.431576
2026/02/04/01:27:12,running-time,rs-001527-rmbrc,8c871072-cc68-4071-9b87-ce7856ab1f65,1,5484.431576
2026/02/04/01:27:13,running-time,rs-001526-xqvln,4086e85f-e7f5-4b6d-ac83-70274c353065,1,5485.431576
2026/02/04/01:27:13,apply-time,rs-001528-gqnst,bf8056ad-0b2f-4212-8bf0-03b54bb9c212,2,5484.431576
2026/02/04/01:27:13,apply-time,rs-001529-2pztt,500a6069-e242-40f6-83a6-8476b9352d52,1,5484.431576
2026/02/04/01:27:15,running-time,rs-001528-gqnst,bf8056ad-0b2f-4212-8bf0-03b54bb9c212,2,5487.431576
2026/02/04/01:27:15,running-time,rs-001529-2pztt,500a6069-e242-40f6-83a6-8476b9352d52,1,5486.431576
2026/02/04/01:27:19,apply-time,rs-001530-cfbgj,158f773a-5c30-4ac7-8b20-627f3cba0bb6,1,5490.431576
2026/02/04/01:27:19,running-time,rs-001530-cfbgj,158f773a-5c30-4ac7-8b20-627f3cba0bb6,1,5490.431576
2026/02/04/01:27:19,apply-time,rs-001530-l2g7r,c20eb9c7-8bc8-4954-9076-fcaeadde9aa7,1,5490.431576
2026/02/04/01:27:19,running-time,rs-001530-l2g7r,c20eb9c7-8bc8-4954-9076-fcaeadde9aa7,1,5490.431576
2026/02/04/01:27:19,apply-time,rs-001531-d2nqq,4afc0258-09fe-4058-9dc9-fd129e795013,4,5490.431576
2026/02/04/01:27:19,running-time,rs-001531-d2nqq,4afc0258-09fe-4058-9dc9-fd129e795013,4,5490.431576
2026/02/04/01:27:19,apply-time,rs-001531-h7zdk,84ccb841-7ea1-4397-b958-882c83aed1f8,4,5490.431576
2026/02/04/01:27:19,running-time,rs-001531-h7zdk,84ccb841-7ea1-4397-b958-882c83aed1f8,4,5490.431576
2026/02/04/01:27:19,apply-time,rs-001532-8mb8t,7b970b45-20d6-4692-92f4-8f1dd5e91a0b,3,5490.431576
2026/02/04/01:27:19,running-time,rs-001532-8mb8t,7b970b45-20d6-4692-92f4-8f1dd5e91a0b,3,5490.431576
2026/02/04/01:27:19,apply-time,rs-001532-zd7v2,6e9a5924-ff50-471e-88d3-6c21840b681f,3,5490.431576
2026/02/04/01:27:19,running-time,rs-001532-zd7v2,6e9a5924-ff50-471e-88d3-6c21840b681f,3,5490.431576
2026/02/04/01:27:19,apply-time,rs-001533-7nddw,74f6b7b9-1ffb-4fed-bad2-ffda526441e1,4,5490.431576
2026/02/04/01:27:19,running-time,rs-001533-7nddw,74f6b7b9-1ffb-4fed-bad2-ffda526441e1,4,5490.431576
2026/02/04/01:27:19,apply-time,rs-001533-h9fjr,6bfecad5-1a58-4167-8e91-1229b2393907,4,5490.431576
2026/02/04/01:27:19,running-time,rs-001533-h9fjr,6bfecad5-1a58-4167-8e91-1229b2393907,4,5490.431576
2026/02/04/01:27:19,apply-time,rs-001533-z5dhs,47081102-30a3-4919-9c7b-46c02f803d9f,4,5490.431576
2026/02/04/01:27:19,running-time,rs-001533-z5dhs,47081102-30a3-4919-9c7b-46c02f803d9f,4,5490.431576
2026/02/04/01:27:20,apply-time,rs-001534-fcln4,756a9485-7f63-4c97-b4ae-f4badef112b4,2,5492.431576
2026/02/04/01:27:20,apply-time,rs-001534-ht424,3e77a482-43dc-46ab-a43c-ba51560a80ee,2,5492.431576
2026/02/04/01:27:20,apply-time,rs-001534-vhz5h,df2ed3c6-cfc5-466d-aa87-2d38f7adbfad,2,5492.431576
2026/02/04/01:27:21,running-time,rs-001534-fcln4,756a9485-7f63-4c97-b4ae-f4badef112b4,2,5492.431576
2026/02/04/01:27:35,apply-time,rs-001535-d7mv6,32b9dc0a-80b3-4ae4-88a5-af2c09162fff,3,5506.431576
2026/02/04/01:27:35,running-time,rs-001535-d7mv6,32b9dc0a-80b3-4ae4-88a5-af2c09162fff,3,5506.431576
2026/02/04/01:27:35,apply-time,rs-001535-rrrs8,844e761e-4248-4191-9f96-9bf7412dccc2,3,5506.431576
2026/02/04/01:27:35,running-time,rs-001535-rrrs8,844e761e-4248-4191-9f96-9bf7412dccc2,3,5506.431576
2026/02/04/01:27:35,apply-time,rs-001535-zcfsf,52fb39d8-e81d-4ca5-a648-3036669f4421,3,5506.431576
2026/02/04/01:27:35,running-time,rs-001535-zcfsf,52fb39d8-e81d-4ca5-a648-3036669f4421,3,5506.431576
2026/02/04/01:27:35,apply-time,rs-001536-5977p,8e07a0d3-5c7f-4273-abba-f412519addd4,2,5506.431576
2026/02/04/01:27:35,running-time,rs-001536-5977p,8e07a0d3-5c7f-4273-abba-f412519addd4,2,5506.431576
2026/02/04/01:27:35,apply-time,rs-001536-d45jn,74c4c97e-2829-4c0d-b124-8ded4c172fac,2,5506.431576
2026/02/04/01:27:35,running-time,rs-001536-d45jn,74c4c97e-2829-4c0d-b124-8ded4c172fac,2,5506.431576
2026/02/04/01:27:35,apply-time,rs-001536-trcth,3b8fb91a-e5bc-4f8f-bd8d-bf979250e460,2,5506.431576
2026/02/04/01:27:35,running-time,rs-001536-trcth,3b8fb91a-e5bc-4f8f-bd8d-bf979250e460,2,5506.431576
2026/02/04/01:27:35,apply-time,rs-001537-bdp64,e300ec9e-ee51-41a9-a5f0-73feddbba0e6,1,5506.431576
2026/02/04/01:27:35,running-time,rs-001537-bdp64,e300ec9e-ee51-41a9-a5f0-73feddbba0e6,1,5506.431576
2026/02/04/01:27:35,apply-time,rs-001537-r6ntc,e4a77229-3f1f-4734-b020-ad6a585ded41,1,5506.431576
2026/02/04/01:27:35,apply-time,rs-001537-vnf6h,818a4ebc-49c6-4834-8811-4c08ff9c9b01,1,5506.431576
2026/02/04/01:27:35,running-time,rs-001537-vnf6h,818a4ebc-49c6-4834-8811-4c08ff9c9b01,1,5506.431576
2026/02/04/01:27:35,apply-time,rs-001538-w55ls,abb5bb56-985d-442d-b4c8-2b626e40b046,2,5507.431576
2026/02/04/01:27:35,apply-time,rs-001539-574hx,bac3fb6a-f88a-4f79-86cb-8761dc312082,3,5507.431576
2026/02/04/01:27:35,apply-time,rs-001539-r5xzf,46ba05fd-640b-44a0-b282-4a2eb188852d,3,5507.431576
2026/02/04/01:27:35,apply-time,rs-001539-wj6bv,f79a1f56-46d2-4ecd-8efa-b3d1ecc78e34,3,5507.431576
2026/02/04/01:27:36,apply-time,rs-001538-4g8kx,eb7a47b4-ea60-4085-ac38-127e98f71575,2,5507.431576
2026/02/04/01:27:36,apply-time,rs-001538-b5rt9,0f8fa079-c74c-4f27-9c8c-db4a9df5e273,2,5507.431576
2026/02/04/01:27:36,apply-time,rs-001540-c9kpg,03026848-ed46-4002-9cae-a5564e925ef8,1,5507.431576
2026/02/04/01:27:36,apply-time,rs-001541-4zgs5,08e2f865-760c-4a6b-b2e3-35667ea89f9b,3,5507.431576
2026/02/04/01:27:36,running-time,rs-001541-4zgs5,08e2f865-760c-4a6b-b2e3-35667ea89f9b,3,5507.431576
2026/02/04/01:27:36,apply-time,rs-001541-d8c49,1da08eac-12e1-481c-97c4-86299d99b23d,3,5507.431576
2026/02/04/01:27:36,running-time,rs-001541-d8c49,1da08eac-12e1-481c-97c4-86299d99b23d,3,5507.431576
2026/02/04/01:27:36,apply-time,rs-001541-vpnl7,1206e4ab-06c3-4ab0-9fd3-3a0dd2a0c112,3,5507.431576
2026/02/04/01:27:36,running-time,rs-001541-vpnl7,1206e4ab-06c3-4ab0-9fd3-3a0dd2a0c112,3,5507.431576
2026/02/04/01:27:36,apply-time,rs-001542-d5tmv,675a9c87-8563-4c0d-8e27-044fa3f8e97a,1,5507.431576
2026/02/04/01:27:36,running-time,rs-001542-d5tmv,675a9c87-8563-4c0d-8e27-044fa3f8e97a,1,5507.431576
2026/02/04/01:27:36,apply-time,rs-001543-bj7q6,3e3515b1-7c30-43bd-a645-4d6c3276bc25,2,5508.431576
2026/02/04/01:27:37,apply-time,rs-001543-8k4vl,6af4b16b-f324-47bf-8f4b-81f262410c4d,2,5508.431576
2026/02/04/01:27:38,running-time,rs-001537-r6ntc,e4a77229-3f1f-4734-b020-ad6a585ded41,1,5509.431576
2026/02/04/01:27:38,running-time,rs-001539-574hx,bac3fb6a-f88a-4f79-86cb-8761dc312082,3,5509.431576
2026/02/04/01:27:38,running-time,rs-001539-r5xzf,46ba05fd-640b-44a0-b282-4a2eb188852d,3,5509.431576
2026/02/04/01:27:38,running-time,rs-001539-wj6bv,f79a1f56-46d2-4ecd-8efa-b3d1ecc78e34,3,5509.431576
2026/02/04/01:27:38,running-time,rs-001543-8k4vl,6af4b16b-f324-47bf-8f4b-81f262410c4d,2,5510.431576
2026/02/04/01:27:38,running-time,rs-001543-bj7q6,3e3515b1-7c30-43bd-a645-4d6c3276bc25,2,5510.431576
2026/02/04/01:27:44,apply-time,rs-001544-tftlt,98c87d07-966e-40d8-b877-79d69c619c09,4,5516.431576
2026/02/04/01:27:45,apply-time,rs-001545-4wjpf,dbde6488-2f6c-48bf-9224-f78a3edc693a,4,5516.431576
2026/02/04/01:27:45,apply-time,rs-001545-8wwvd,78fbae2e-7e59-4806-93a0-1eee97bba712,4,5516.431576
2026/02/04/01:27:45,apply-time,rs-001545-hnrpz,97962d54-33a4-48a0-9432-b56728ff32ce,4,5516.431576
2026/02/04/01:28:02,running-time,rs-001544-tftlt,98c87d07-966e-40d8-b877-79d69c619c09,4,5533.431576
2026/02/04/01:28:44,apply-time,rs-001546-2j7jb,80e9eccd-94aa-469d-a924-2438766396eb,2,5575.431576
2026/02/04/01:28:44,running-time,rs-001546-2j7jb,80e9eccd-94aa-469d-a924-2438766396eb,2,5575.431576
2026/02/04/01:28:44,apply-time,rs-001546-55jl4,aab1fa8e-3de0-488a-b282-49a3ef7d38e8,2,5575.431576
2026/02/04/01:28:44,running-time,rs-001546-55jl4,aab1fa8e-3de0-488a-b282-49a3ef7d38e8,2,5575.431576
2026/02/04/01:28:44,apply-time,rs-001547-bpbt2,2ae4e30e-b829-4725-bbc0-31f930d3bd24,3,5576.431576
2026/02/04/01:28:44,running-time,rs-001547-bpbt2,2ae4e30e-b829-4725-bbc0-31f930d3bd24,3,5576.431576
2026/02/04/01:28:44,apply-time,rs-001547-khltp,d148e1a3-7c34-4827-a4b2-20ca2a04cef7,3,5576.431576
2026/02/04/01:28:44,apply-time,rs-001547-rmqlx,f3918747-2d63-4272-bbc4-1776584c879e,3,5576.431576
2026/02/04/01:28:44,running-time,rs-001547-rmqlx,f3918747-2d63-4272-bbc4-1776584c879e,3,5576.431576
2026/02/04/01:28:44,apply-time,rs-001548-dspkz,23748529-a924-498a-bcac-6a62fb408d37,1,5576.431576
2026/02/04/01:28:44,running-time,rs-001548-dspkz,23748529-a924-498a-bcac-6a62fb408d37,1,5576.431576
2026/02/04/01:28:44,apply-time,rs-001548-t9hbj,7c6a39a8-9d18-44bd-9073-d93871182c28,1,5576.431576
2026/02/04/01:28:44,running-time,rs-001548-t9hbj,7c6a39a8-9d18-44bd-9073-d93871182c28,1,5576.431576
2026/02/04/01:28:44,apply-time,rs-001548-wt6wt,370b8c92-2d6c-4d64-9e22-c90f45720f64,1,5576.431576
2026/02/04/01:28:44,running-time,rs-001548-wt6wt,370b8c92-2d6c-4d64-9e22-c90f45720f64,1,5576.431576
2026/02/04/01:28:44,apply-time,rs-001549-t4hsz,fbd02bf2-d63a-4fc2-8de4-a5014826fae2,3,5576.431576
2026/02/04/01:28:44,running-time,rs-001549-t4hsz,fbd02bf2-d63a-4fc2-8de4-a5014826fae2,3,5576.431576
2026/02/04/01:28:44,apply-time,rs-001549-vhrrl,4bc35b53-ad3b-4c68-afcc-76f4f4766c31,3,5576.431576
2026/02/04/01:28:44,running-time,rs-001549-vhrrl,4bc35b53-ad3b-4c68-afcc-76f4f4766c31,3,5576.431576
2026/02/04/01:28:45,apply-time,rs-001550-ll8dg,08e53186-82af-4222-88ab-0e7ed41ef42e,1,5576.431576
2026/02/04/01:28:45,running-time,rs-001550-ll8dg,08e53186-82af-4222-88ab-0e7ed41ef42e,1,5576.431576
2026/02/04/01:28:45,apply-time,rs-001551-xtgm4,a72388af-7196-4a6d-b986-37f4c9b12a85,2,5576.431576
2026/02/04/01:28:45,apply-time,rs-001552-pxzpz,0d9c98e5-316c-431f-b7ac-dd26f80ac9d1,4,5576.431576
2026/02/04/01:28:45,running-time,rs-001552-pxzpz,0d9c98e5-316c-431f-b7ac-dd26f80ac9d1,4,5576.431576
2026/02/04/01:28:45,apply-time,rs-001553-v7jc8,43a22f06-7ea7-4723-9df1-037b3703ee65,1,5576.431576
2026/02/04/01:28:45,running-time,rs-001553-v7jc8,43a22f06-7ea7-4723-9df1-037b3703ee65,1,5576.431576
2026/02/04/01:28:45,apply-time,rs-001553-xgrp2,5156f7a7-cb4e-4d09-8105-ec7b5e1022c4,1,5577.431576
2026/02/04/01:28:45,running-time,rs-001553-xgrp2,5156f7a7-cb4e-4d09-8105-ec7b5e1022c4,1,5577.431576
2026/02/04/01:28:45,apply-time,rs-001554-8dtp9,29af3421-925e-458e-969d-e73e65607b36,1,5577.431576
2026/02/04/01:28:45,apply-time,rs-001555-mbxgz,97ea4f30-c60b-4956-bec8-a1d31db05bea,1,5577.431576
2026/02/04/01:28:45,running-time,rs-001555-mbxgz,97ea4f30-c60b-4956-bec8-a1d31db05bea,1,5577.431576
2026/02/04/01:28:45,apply-time,rs-001556-t4h55,02271b18-40aa-4ad0-a856-01e6584615b4,4,5577.431576
2026/02/04/01:28:45,running-time,rs-001556-t4h55,02271b18-40aa-4ad0-a856-01e6584615b4,4,5577.431576
2026/02/04/01:28:46,apply-time,rs-001554-2zsrr,d02e6a19-dba4-4643-9170-0913e52162ca,1,5577.431576
2026/02/04/01:28:46,apply-time,rs-001554-tgbtp,5418f9db-1536-48d4-81b3-e95297a0bbf9,1,5577.431576
2026/02/04/01:28:46,apply-time,rs-001557-7wzxc,c3dfca28-0a13-44bb-9d35-7f73bea0dea7,2,5578.431576
2026/02/04/01:28:46,running-time,rs-001557-7wzxc,c3dfca28-0a13-44bb-9d35-7f73bea0dea7,2,5578.431576
2026/02/04/01:28:46,apply-time,rs-001557-dw5z4,dc2dbc13-1be6-403b-9499-c13ef6a6d574,2,5578.431576
2026/02/04/01:28:46,apply-time,rs-001557-rqcn7,a44ed704-4b3b-4e3e-b86b-a5ea945c4619,2,5578.431576
2026/02/04/01:28:46,running-time,rs-001557-rqcn7,a44ed704-4b3b-4e3e-b86b-a5ea945c4619,2,5578.431576
2026/02/04/01:28:46,apply-time,rs-001558-p9fm4,0b4bf77f-9534-46c2-afcb-a58d6b6f6c1d,3,5578.431576
2026/02/04/01:28:46,running-time,rs-001558-p9fm4,0b4bf77f-9534-46c2-afcb-a58d6b6f6c1d,3,5578.431576
2026/02/04/01:28:46,apply-time,rs-001559-2vl96,f1d5abb1-dde7-4e7d-9fb6-100166c274d3,2,5578.431576
2026/02/04/01:28:46,running-time,rs-001559-2vl96,f1d5abb1-dde7-4e7d-9fb6-100166c274d3,2,5578.431576
2026/02/04/01:28:49,running-time,rs-001547-khltp,d148e1a3-7c34-4827-a4b2-20ca2a04cef7,3,5580.431576
2026/02/04/01:28:53,apply-time,rs-001560-bplbn,0709d05c-2964-44bf-bde2-6a137d7e2ddc,4,5585.431576
2026/02/04/01:28:54,running-time,rs-001560-bplbn,0709d05c-2964-44bf-bde2-6a137d7e2ddc,4,5585.431576
2026/02/04/01:28:55,apply-time,rs-001561-hzlfq,f346cb4a-31b8-40ab-8350-a745983d82e6,4,5586.431576
2026/02/04/01:28:55,running-time,rs-001561-hzlfq,f346cb4a-31b8-40ab-8350-a745983d82e6,4,5586.431576
2026/02/04/01:28:55,apply-time,rs-001561-nxrwz,de592ba6-23f0-4e62-9af9-46bf7ee1e2f3,4,5586.431576
2026/02/04/01:28:55,running-time,rs-001561-nxrwz,de592ba6-23f0-4e62-9af9-46bf7ee1e2f3,4,5586.431576
2026/02/04/01:28:55,apply-time,rs-001562-5h7cw,e1b67124-70a0-417a-9daa-6fa461ac6210,2,5586.431576
2026/02/04/01:28:55,running-time,rs-001562-5h7cw,e1b67124-70a0-417a-9daa-6fa461ac6210,2,5586.431576
2026/02/04/01:28:55,apply-time,rs-001562-5mfxb,4b316b6d-6d47-4ecc-9f46-99205413fd57,2,5586.431576
2026/02/04/01:28:55,running-time,rs-001562-5mfxb,4b316b6d-6d47-4ecc-9f46-99205413fd57,2,5586.431576
2026/02/04/01:28:55,apply-time,rs-001562-rjl6t,d7919d40-0256-456a-9ff7-64560a6d8902,2,5586.431576
2026/02/04/01:28:55,running-time,rs-001562-rjl6t,d7919d40-0256-456a-9ff7-64560a6d8902,2,5586.431576
2026/02/04/01:28:55,apply-time,rs-001563-bw8fb,6fb82263-7b73-46a5-9a43-4d9a4c2ba6ff,4,5586.431576
2026/02/04/01:28:55,running-time,rs-001563-bw8fb,6fb82263-7b73-46a5-9a43-4d9a4c2ba6ff,4,5586.431576
2026/02/04/01:28:55,apply-time,rs-001563-k7vdj,5036ff5e-31c5-4b6b-acba-d5317f742595,4,5586.431576
2026/02/04/01:28:55,running-time,rs-001563-k7vdj,5036ff5e-31c5-4b6b-acba-d5317f742595,4,5586.431576
2026/02/04/01:28:55,apply-time,rs-001563-q4jbz,5a746a13-5a09-4d71-a2a7-1380bdbda95d,4,5586.431576
2026/02/04/01:28:55,running-time,rs-001563-q4jbz,5a746a13-5a09-4d71-a2a7-1380bdbda95d,4,5586.431576
2026/02/04/01:29:09,apply-time,rs-001564-cd9fb,4492de6b-a6bb-4e93-aba9-df2a3897d906,1,5600.431576
2026/02/04/01:29:09,apply-time,rs-001565-4xc9s,b473d515-8ec6-48b2-addb-f4e04e5e01d7,1,5600.431576
2026/02/04/01:29:09,running-time,rs-001565-4xc9s,b473d515-8ec6-48b2-addb-f4e04e5e01d7,1,5600.431576
2026/02/04/01:29:09,apply-time,rs-001565-cjp6m,1158cc9e-02e4-4d17-add3-05082ea84db3,1,5600.431576
2026/02/04/01:29:09,running-time,rs-001565-cjp6m,1158cc9e-02e4-4d17-add3-05082ea84db3,1,5600.431576
2026/02/04/01:29:09,apply-time,rs-001565-gkctc,df37da63-1309-40d6-ae8a-9e5a0813dc5c,1,5600.431576
2026/02/04/01:29:09,running-time,rs-001565-gkctc,df37da63-1309-40d6-ae8a-9e5a0813dc5c,1,5600.431576
2026/02/04/01:29:58,apply-time,rs-001566-z8j4g,a342391b-18a0-481c-869c-1fd3a0185784,2,5649.431576
2026/02/04/01:29:58,running-time,rs-001566-z8j4g,a342391b-18a0-481c-869c-1fd3a0185784,2,5649.431576
2026/02/04/01:29:58,apply-time,rs-001567-8hj2x,c87299a6-9125-4320-9de4-77850461089f,4,5649.431576
2026/02/04/01:29:58,running-time,rs-001567-8hj2x,c87299a6-9125-4320-9de4-77850461089f,4,5649.431576
2026/02/04/01:29:58,apply-time,rs-001568-hbhnw,baa93bed-b63e-4a27-a5fc-0bc6477fb628,4,5649.431576
2026/02/04/01:29:58,running-time,rs-001568-hbhnw,baa93bed-b63e-4a27-a5fc-0bc6477fb628,4,5649.431576
2026/02/04/01:29:58,apply-time,rs-001568-vfwh2,2de1ce38-abad-4a04-9453-1583cf2f3633,4,5649.431576
2026/02/04/01:29:58,running-time,rs-001568-vfwh2,2de1ce38-abad-4a04-9453-1583cf2f3633,4,5649.431576
2026/02/04/01:29:58,apply-time,rs-001569-2f5xb,c7fd2ee5-5a75-464f-90fe-8c5dade2e819,3,5649.431576
2026/02/04/01:29:58,running-time,rs-001569-2f5xb,c7fd2ee5-5a75-464f-90fe-8c5dade2e819,3,5649.431576
2026/02/04/01:29:58,apply-time,rs-001569-5ghsf,1e3516ab-f53f-4c1b-90fb-2db2dd33764c,3,5649.431576
2026/02/04/01:29:58,running-time,rs-001569-5ghsf,1e3516ab-f53f-4c1b-90fb-2db2dd33764c,3,5649.431576
2026/02/04/01:29:58,apply-time,rs-001569-qvkzm,30d180cb-31de-4369-9a8e-04ed81264f2b,3,5649.431576
2026/02/04/01:29:58,running-time,rs-001569-qvkzm,30d180cb-31de-4369-9a8e-04ed81264f2b,3,5649.431576
2026/02/04/01:29:58,apply-time,rs-001570-nlmz7,a8dbf79f-d740-4c91-bfa4-306926d459c2,1,5649.431576
2026/02/04/01:29:58,running-time,rs-001570-nlmz7,a8dbf79f-d740-4c91-bfa4-306926d459c2,1,5649.431576
2026/02/04/01:29:59,apply-time,rs-001571-ngn7h,5867a727-d8bd-4a81-bc92-9882baf95cc2,2,5651.431576
2026/02/04/01:29:59,running-time,rs-001571-ngn7h,5867a727-d8bd-4a81-bc92-9882baf95cc2,2,5651.431576
2026/02/04/01:29:59,apply-time,rs-001571-qm7db,53aea026-8fac-420a-a750-454f194e60f7,2,5651.431576
2026/02/04/01:29:59,running-time,rs-001571-qm7db,53aea026-8fac-420a-a750-454f194e60f7,2,5651.431576
2026/02/04/01:29:59,apply-time,rs-001572-2ng7s,3ae247ae-96d7-4fbe-aa0c-1c1ed0ea440a,4,5651.431576
2026/02/04/01:29:59,running-time,rs-001572-2ng7s,3ae247ae-96d7-4fbe-aa0c-1c1ed0ea440a,4,5651.431576
2026/02/04/01:29:59,apply-time,rs-001572-km5b9,0985a049-8b1c-441f-a7d5-9df73e155f1d,4,5651.431576
2026/02/04/01:29:59,running-time,rs-001572-km5b9,0985a049-8b1c-441f-a7d5-9df73e155f1d,4,5651.431576
2026/02/04/01:29:59,apply-time,rs-001572-pdpcl,2b675cc0-957e-401f-a8e3-ce266c6d49f4,4,5651.431576
2026/02/04/01:29:59,running-time,rs-001572-pdpcl,2b675cc0-957e-401f-a8e3-ce266c6d49f4,4,5651.431576
2026/02/04/01:30:00,apply-time,rs-001573-4nnws,949aabca-50b0-432f-abf4-e58db1330653,1,5652.431576
2026/02/04/01:30:00,running-time,rs-001573-4nnws,949aabca-50b0-432f-abf4-e58db1330653,1,5652.431576
2026/02/04/01:30:05,apply-time,rs-001574-n64p6,91e4e00f-f9c3-4fde-9c8b-ecd3a6e1d981,3,5656.431576
2026/02/04/01:30:05,running-time,rs-001574-n64p6,91e4e00f-f9c3-4fde-9c8b-ecd3a6e1d981,3,5656.431576
2026/02/04/01:30:05,apply-time,rs-001574-szpmx,d92ec5c2-4d93-40db-a278-435cdfe69cae,3,5656.431576
2026/02/04/01:30:05,running-time,rs-001574-szpmx,d92ec5c2-4d93-40db-a278-435cdfe69cae,3,5656.431576
2026/02/04/01:30:05,apply-time,rs-001575-hjzjd,b5901370-5b85-4d19-9e95-c7f2fa0f925e,1,5656.431576
2026/02/04/01:30:05,running-time,rs-001575-hjzjd,b5901370-5b85-4d19-9e95-c7f2fa0f925e,1,5656.431576
2026/02/04/01:30:05,apply-time,rs-001575-nsmq4,725595e0-c0a1-43e3-adf9-0a7713112460,1,5656.431576
2026/02/04/01:30:05,apply-time,rs-001576-smd4k,9f9180f7-a446-414d-bb3f-48436c25e9d3,1,5656.431576
2026/02/04/01:30:05,running-time,rs-001576-smd4k,9f9180f7-a446-414d-bb3f-48436c25e9d3,1,5656.431576
2026/02/04/01:30:05,apply-time,rs-001577-vh6wc,c382085d-9de2-41e0-bfd6-67665f2db8ef,3,5657.431576
2026/02/04/01:30:05,running-time,rs-001577-vh6wc,c382085d-9de2-41e0-bfd6-67665f2db8ef,3,5657.431576
2026/02/04/01:30:07,apply-time,rs-001578-44864,f7dff9e0-0ee0-481d-a1e7-1e5c29dfa02f,3,5658.431576
2026/02/04/01:30:07,running-time,rs-001578-44864,f7dff9e0-0ee0-481d-a1e7-1e5c29dfa02f,3,5658.431576
2026/02/04/01:30:07,apply-time,rs-001579-btb9p,f1c00e32-0c4c-4605-8e39-0e94504538e5,1,5659.431576
2026/02/04/01:30:07,apply-time,rs-001579-btgzn,7cef6c5f-4c48-411c-845b-7a14fb09eed4,1,5659.431576
2026/02/04/01:30:07,apply-time,rs-001579-ht9mp,0da61b27-c3ee-4868-9b68-22c6d0e57163,1,5658.431576
2026/02/04/01:30:07,apply-time,rs-001580-x7fnw,9d26eee8-62fb-4167-aa5a-b01b8b8dc250,3,5658.431576
2026/02/04/01:30:07,apply-time,rs-001581-9jnrt,3070ad79-86aa-4f75-80d5-f9ac0086056d,2,5658.431576
2026/02/04/01:30:07,running-time,rs-001581-9jnrt,3070ad79-86aa-4f75-80d5-f9ac0086056d,2,5659.431576
2026/02/04/01:30:07,apply-time,rs-001581-b2ftv,252fba7f-94fd-47d7-9019-f3cf4ae34a2f,2,5658.431576
2026/02/04/01:30:07,running-time,rs-001581-b2ftv,252fba7f-94fd-47d7-9019-f3cf4ae34a2f,2,5659.431576
2026/02/04/01:30:07,apply-time,rs-001582-bthzb,21329abe-27ff-44d4-b6c2-ea5d399f1c7c,2,5658.431576
2026/02/04/01:30:07,running-time,rs-001582-bthzb,21329abe-27ff-44d4-b6c2-ea5d399f1c7c,2,5659.431576
2026/02/04/01:30:08,running-time,rs-001580-x7fnw,9d26eee8-62fb-4167-aa5a-b01b8b8dc250,3,5659.431576
2026/02/04/01:30:08,apply-time,rs-001583-hj7c2,468edcda-0051-43e6-b503-bddbabd3583d,4,5659.431576
2026/02/04/01:30:08,running-time,rs-001583-hj7c2,468edcda-0051-43e6-b503-bddbabd3583d,4,5659.431576
2026/02/04/01:30:08,apply-time,rs-001584-fbbg4,64edcb02-396b-40a7-b4fe-09cb7c61b57d,2,5660.431576
2026/02/04/01:30:08,running-time,rs-001584-fbbg4,64edcb02-396b-40a7-b4fe-09cb7c61b57d,2,5660.431576
2026/02/04/01:30:11,apply-time,rs-001585-2fszz,8a65f340-d153-40b7-a44f-1778690e1cd7,3,5662.431576
2026/02/04/01:30:11,running-time,rs-001585-2fszz,8a65f340-d153-40b7-a44f-1778690e1cd7,3,5662.431576
2026/02/04/01:30:11,apply-time,rs-001585-sw5xc,b59eca4d-c2c5-4541-90af-fc2a9ac31809,3,5662.431576
2026/02/04/01:30:11,running-time,rs-001585-sw5xc,b59eca4d-c2c5-4541-90af-fc2a9ac31809,3,5662.431576
2026/02/04/01:30:24,apply-time,rs-001586-4rx9j,1d7b8525-a2e8-4c2f-bf47-8e5464260071,2,5676.431576
2026/02/04/01:30:24,running-time,rs-001586-4rx9j,1d7b8525-a2e8-4c2f-bf47-8e5464260071,2,5676.431576
2026/02/04/01:30:24,apply-time,rs-001586-7b7ns,7b6de38d-5f74-4540-8bc4-d601c1795513,2,5676.431576
2026/02/04/01:30:24,running-time,rs-001586-7b7ns,7b6de38d-5f74-4540-8bc4-d601c1795513,2,5676.431576
2026/02/04/01:30:24,apply-time,rs-001586-rv5cl,89819b86-5a10-49da-b3fe-13891f7ea344,2,5676.431576
2026/02/04/01:30:24,running-time,rs-001586-rv5cl,89819b86-5a10-49da-b3fe-13891f7ea344,2,5676.431576
2026/02/04/01:30:24,apply-time,rs-001587-7g5p9,c3314f11-d972-44f5-a281-4d0198dbe4ae,3,5676.431576
2026/02/04/01:30:24,running-time,rs-001587-7g5p9,c3314f11-d972-44f5-a281-4d0198dbe4ae,3,5676.431576
2026/02/04/01:30:24,apply-time,rs-001587-l99nx,b98b1246-1072-44c3-85c2-8c9f2196e78f,3,5675.431576
2026/02/04/01:30:24,running-time,rs-001587-l99nx,b98b1246-1072-44c3-85c2-8c9f2196e78f,3,5676.431576
2026/02/04/01:30:24,apply-time,rs-001587-nmx96,cf5876be-f588-4010-bff8-82436fd5605b,3,5676.431576
2026/02/04/01:30:24,running-time,rs-001587-nmx96,cf5876be-f588-4010-bff8-82436fd5605b,3,5676.431576
2026/02/04/01:31:11,apply-time,rs-001588-2nw9f,eafc3f2c-8a5e-4932-ba11-fd8a19d035ba,1,5722.431576
2026/02/04/01:31:11,running-time,rs-001588-2nw9f,eafc3f2c-8a5e-4932-ba11-fd8a19d035ba,1,5722.431576
2026/02/04/01:31:11,apply-time,rs-001588-j62th,88280619-8ed1-4f0b-b491-caec400bf981,1,5722.431576
2026/02/04/01:31:11,running-time,rs-001588-j62th,88280619-8ed1-4f0b-b491-caec400bf981,1,5722.431576
2026/02/04/01:31:11,apply-time,rs-001588-x6nzl,a8e5f813-2722-4097-89ff-effd62adff42,1,5722.431576
2026/02/04/01:31:11,running-time,rs-001588-x6nzl,a8e5f813-2722-4097-89ff-effd62adff42,1,5722.431576
2026/02/04/01:31:11,apply-time,rs-001589-zbdhk,5b0ae01f-4db2-4761-beaf-b9d0f3d14e00,1,5723.431576
2026/02/04/01:31:11,running-time,rs-001589-zbdhk,5b0ae01f-4db2-4761-beaf-b9d0f3d14e00,1,5723.431576
2026/02/04/01:31:11,apply-time,rs-001589-zf8gb,689d5a28-3143-424c-a96d-9a03ade4deee,1,5723.431576
2026/02/04/01:31:11,running-time,rs-001589-zf8gb,689d5a28-3143-424c-a96d-9a03ade4deee,1,5723.431576
2026/02/04/01:31:11,apply-time,rs-001590-hbh7v,680bb037-cab6-45d8-9889-c916bb65a699,1,5723.431576
2026/02/04/01:31:11,running-time,rs-001590-hbh7v,680bb037-cab6-45d8-9889-c916bb65a699,1,5723.431576
2026/02/04/01:31:11,apply-time,rs-001590-mklbd,6e8aff50-2595-4f1b-ad2b-86c33442ea44,1,5723.431576
2026/02/04/01:31:11,running-time,rs-001590-mklbd,6e8aff50-2595-4f1b-ad2b-86c33442ea44,1,5723.431576
2026/02/04/01:31:11,apply-time,rs-001590-rgjpt,91ab15b5-50a5-47fd-a859-121f2842f29a,1,5723.431576
2026/02/04/01:31:11,running-time,rs-001590-rgjpt,91ab15b5-50a5-47fd-a859-121f2842f29a,1,5723.431576
2026/02/04/01:31:35,apply-time,rs-001591-7lhlk,81c2a472-58b8-4483-a8a7-b76d03517e4d,2,5747.431576
2026/02/04/01:31:35,running-time,rs-001591-7lhlk,81c2a472-58b8-4483-a8a7-b76d03517e4d,2,5747.431576
2026/02/04/01:32:20,apply-time,rs-001592-8f2nb,26d61a89-79bf-451c-9777-e85919dbea62,2,5791.431576
2026/02/04/01:32:20,running-time,rs-001592-8f2nb,26d61a89-79bf-451c-9777-e85919dbea62,2,5791.431576
2026/02/04/01:32:20,apply-time,rs-001592-mdshx,70e43976-f39c-40af-83c5-460cd17ed69f,2,5791.431576
2026/02/04/01:32:20,running-time,rs-001592-mdshx,70e43976-f39c-40af-83c5-460cd17ed69f,2,5791.431576
2026/02/04/01:32:20,apply-time,rs-001593-8rtcn,eee951c8-f437-477e-9955-a4d3a40e552b,1,5792.431576
2026/02/04/01:32:20,running-time,rs-001593-8rtcn,eee951c8-f437-477e-9955-a4d3a40e552b,1,5792.431576
2026/02/04/01:33:09,apply-time,rs-001594-8692d,2baeb969-e64b-4418-be7a-d08e2dc13e7c,2,5840.431576
2026/02/04/01:33:09,running-time,rs-001594-8692d,2baeb969-e64b-4418-be7a-d08e2dc13e7c,2,5841.431576
2026/02/04/01:33:09,apply-time,rs-001595-4k7jl,b47f1843-8acb-4272-a4a0-388929981d31,1,5840.431576
2026/02/04/01:33:09,running-time,rs-001595-4k7jl,b47f1843-8acb-4272-a4a0-388929981d31,1,5841.431576
2026/02/04/01:33:09,apply-time,rs-001595-h7rgs,7d9bce26-4a49-44d6-b6aa-ff9f088b35da,1,5841.431576
2026/02/04/01:33:09,running-time,rs-001595-h7rgs,7d9bce26-4a49-44d6-b6aa-ff9f088b35da,1,5841.431576
2026/02/04/01:33:09,apply-time,rs-001596-7pphk,e9005d68-6368-467e-93db-d773a8972f6c,4,5841.431576
2026/02/04/01:33:09,running-time,rs-001596-7pphk,e9005d68-6368-467e-93db-d773a8972f6c,4,5841.431576
2026/02/04/01:33:09,apply-time,rs-001596-8w9h9,7f84763b-d450-4bca-ba75-7718f7b9f6f6,4,5841.431576
2026/02/04/01:33:09,running-time,rs-001596-8w9h9,7f84763b-d450-4bca-ba75-7718f7b9f6f6,4,5841.431576
2026/02/04/01:33:09,apply-time,rs-001596-cgxc7,34bdf739-6ced-4fd1-861b-c21dee3864ce,4,5841.431576
2026/02/04/01:33:09,running-time,rs-001596-cgxc7,34bdf739-6ced-4fd1-861b-c21dee3864ce,4,5841.431576
2026/02/04/01:33:09,apply-time,rs-001597-9lsjk,dd98c88f-fbc7-49f3-85ea-99a6575abe71,1,5840.431576
2026/02/04/01:33:09,running-time,rs-001597-9lsjk,dd98c88f-fbc7-49f3-85ea-99a6575abe71,1,5841.431576
2026/02/04/01:33:09,apply-time,rs-001597-f8npz,64793ab8-3c3f-4962-a75d-103f52571a15,1,5840.431576
2026/02/04/01:33:09,running-time,rs-001597-f8npz,64793ab8-3c3f-4962-a75d-103f52571a15,1,5841.431576
2026/02/04/01:33:09,apply-time,rs-001597-vxf26,7926f34e-0fbc-4c6e-8f50-82138d00f395,1,5840.431576
2026/02/04/01:33:09,running-time,rs-001597-vxf26,7926f34e-0fbc-4c6e-8f50-82138d00f395,1,5841.431576
2026/02/04/01:33:56,apply-time,rs-001598-7zf6z,5c1a6ad9-87b1-4ee0-921d-6e7c1be36a20,2,5888.431576
2026/02/04/01:33:56,running-time,rs-001598-7zf6z,5c1a6ad9-87b1-4ee0-921d-6e7c1be36a20,2,5888.431576
2026/02/04/01:33:56,apply-time,rs-001598-87zc8,d43ad009-7307-4b4a-bebc-832989bc98b7,2,5888.431576
2026/02/04/01:33:56,running-time,rs-001598-87zc8,d43ad009-7307-4b4a-bebc-832989bc98b7,2,5888.431576
2026/02/04/01:33:56,apply-time,rs-001598-9vcn9,a397d22c-d231-435f-9ae5-017e90e7a707,2,5888.431576
2026/02/04/01:33:56,running-time,rs-001598-9vcn9,a397d22c-d231-435f-9ae5-017e90e7a707,2,5888.431576
2026/02/04/01:33:56,apply-time,rs-001599-2brkx,439dc527-23e1-4206-bf0f-dcfb2b83190b,3,5888.431576
2026/02/04/01:33:56,running-time,rs-001599-2brkx,439dc527-23e1-4206-bf0f-dcfb2b83190b,3,5888.431576
2026/02/04/01:33:56,apply-time,rs-001599-75c2p,328184a3-7da4-4627-8656-efb1a71e4be9,3,5888.431576
2026/02/04/01:33:56,running-time,rs-001599-75c2p,328184a3-7da4-4627-8656-efb1a71e4be9,3,5888.431576
2026/02/04/01:33:56,apply-time,rs-001599-rtgl8,0e359151-8cd3-4e82-9ebc-b0deae0054ed,3,5888.431576
2026/02/04/01:33:56,running-time,rs-001599-rtgl8,0e359151-8cd3-4e82-9ebc-b0deae0054ed,3,5888.431576
2026/02/04/01:33:56,apply-time,rs-001600-cscd4,329f973f-4a7c-4ce1-95e8-acc3efb7dcbd,2,5888.431576
2026/02/04/01:33:56,running-time,rs-001600-cscd4,329f973f-4a7c-4ce1-95e8-acc3efb7dcbd,2,5888.431576
2026/02/04/01:33:56,apply-time,rs-001600-k67xf,ea058b8e-7539-48c8-9281-6aa3b6cf53a2,2,5888.431576
2026/02/04/01:33:56,apply-time,rs-001600-z2wh2,1617fe74-4d9a-4a93-9b0e-1e233ea3a8fe,2,5888.431576
2026/02/04/01:33:56,apply-time,rs-001601-9c869,5fac6e08-164d-488e-84a8-810ee912f217,3,5888.431576
2026/02/04/01:33:56,running-time,rs-001601-9c869,5fac6e08-164d-488e-84a8-810ee912f217,3,5888.431576
2026/02/04/01:33:56,apply-time,rs-001601-n9jjv,d24af008-8a59-44e4-a46c-e7ed86e25a8f,3,5888.431576
2026/02/04/01:33:56,running-time,rs-001601-n9jjv,d24af008-8a59-44e4-a46c-e7ed86e25a8f,3,5888.431576
2026/02/04/01:33:57,apply-time,rs-001602-s5gwt,86b5b994-6b22-4483-a52e-8c2813c8845c,3,5888.431576
2026/02/04/01:33:57,running-time,rs-001602-s5gwt,86b5b994-6b22-4483-a52e-8c2813c8845c,3,5888.431576
2026/02/04/01:34:00,apply-time,rs-001603-qwn5l,995ea701-e285-4e96-8ded-600dec582f80,2,5892.431576
2026/02/04/01:34:00,apply-time,rs-001604-h248k,f6ebbaf6-dbd2-4edf-8080-8ae849c95985,2,5892.431576
2026/02/04/01:34:00,running-time,rs-001604-h248k,f6ebbaf6-dbd2-4edf-8080-8ae849c95985,2,5892.431576
2026/02/04/01:34:00,apply-time,rs-001605-rht5h,4aa1decb-5d0a-43ac-a44a-d263f1c4f161,1,5892.431576
2026/02/04/01:34:00,running-time,rs-001605-rht5h,4aa1decb-5d0a-43ac-a44a-d263f1c4f161,1,5892.431576
2026/02/04/01:34:00,apply-time,rs-001606-k4pns,b845bd93-98d3-496d-b0cf-a73a5a315dba,2,5892.431576
2026/02/04/01:34:00,running-time,rs-001606-k4pns,b845bd93-98d3-496d-b0cf-a73a5a315dba,2,5892.431576
2026/02/04/01:34:00,apply-time,rs-001606-lpx56,85b8311b-24ea-4d79-a61c-662263bc1eeb,2,5892.431576
2026/02/04/01:34:00,running-time,rs-001606-lpx56,85b8311b-24ea-4d79-a61c-662263bc1eeb,2,5892.431576
2026/02/04/01:34:00,apply-time,rs-001606-rpv9p,b31dfd19-9b2a-44c3-8abe-f4d7f52a34b1,2,5892.431576
2026/02/04/01:34:00,running-time,rs-001606-rpv9p,b31dfd19-9b2a-44c3-8abe-f4d7f52a34b1,2,5892.431576
2026/02/04/01:34:00,apply-time,rs-001607-m2pfv,2b06e99b-9596-4f62-8f3c-8e1c4d32aae3,2,5892.431576
2026/02/04/01:34:00,apply-time,rs-001607-s89nr,3c0371f1-a46b-4149-837b-5e90d06838ea,2,5892.431576
2026/02/04/01:34:18,apply-time,rs-001608-4tjwq,99978464-358f-41e5-bdb2-4710a2a98951,3,5909.431576
2026/02/04/01:34:18,running-time,rs-001608-4tjwq,99978464-358f-41e5-bdb2-4710a2a98951,3,5909.431576
2026/02/04/01:34:18,apply-time,rs-001608-flsw7,5f788214-64bd-4dd6-813e-36ea9e7f1432,3,5909.431576
2026/02/04/01:34:18,running-time,rs-001608-flsw7,5f788214-64bd-4dd6-813e-36ea9e7f1432,3,5909.431576
2026/02/04/01:34:18,apply-time,rs-001609-bhrgc,5c2be9f9-149e-400b-845b-8aa9ae7d7623,3,5909.431576
2026/02/04/01:34:18,running-time,rs-001609-bhrgc,5c2be9f9-149e-400b-845b-8aa9ae7d7623,3,5909.431576
2026/02/04/01:34:18,apply-time,rs-001609-d5l4s,bb502ea4-1bde-4bb5-a943-ff3987d5e0ae,3,5909.431576
2026/02/04/01:34:18,running-time,rs-001609-d5l4s,bb502ea4-1bde-4bb5-a943-ff3987d5e0ae,3,5909.431576
2026/02/04/01:34:18,apply-time,rs-001609-mrgnn,dddfdd20-69a5-43e3-ab30-a4c0329f06f9,3,5909.431576
2026/02/04/01:34:18,running-time,rs-001609-mrgnn,dddfdd20-69a5-43e3-ab30-a4c0329f06f9,3,5909.431576
2026/02/04/01:34:26,running-time,rs-001603-qwn5l,995ea701-e285-4e96-8ded-600dec582f80,2,5918.431576
2026/02/04/01:34:28,apply-time,rs-001610-dgmzw,ff638a4f-3c86-4611-a3c2-95d267d09bf1,3,5919.431576
2026/02/04/01:34:28,running-time,rs-001610-dgmzw,ff638a4f-3c86-4611-a3c2-95d267d09bf1,3,5919.431576
2026/02/04/01:34:28,apply-time,rs-001610-kqdv5,026bf630-85e5-4c6b-b41c-ee68b2f6069e,3,5919.431576
2026/02/04/01:34:28,running-time,rs-001610-kqdv5,026bf630-85e5-4c6b-b41c-ee68b2f6069e,3,5919.431576
2026/02/04/01:34:28,apply-time,rs-001611-kgxtn,06a9381e-b18c-4fae-a61a-6c175ef9c0e3,1,5919.431576
2026/02/04/01:34:28,running-time,rs-001611-kgxtn,06a9381e-b18c-4fae-a61a-6c175ef9c0e3,1,5919.431576
2026/02/04/01:34:28,apply-time,rs-001611-n4zsd,9167b66c-3c13-49cc-947d-5ecec77ca5fc,1,5919.431576
2026/02/04/01:34:28,running-time,rs-001611-n4zsd,9167b66c-3c13-49cc-947d-5ecec77ca5fc,1,5919.431576
2026/02/04/01:34:28,apply-time,rs-001612-tzvtc,9316bbab-dccd-482d-a130-7b387b4141fd,4,5919.431576
2026/02/04/01:34:28,running-time,rs-001612-tzvtc,9316bbab-dccd-482d-a130-7b387b4141fd,4,5919.431576
2026/02/04/01:34:28,apply-time,rs-001613-dbmwv,a3110b70-2267-4689-98ff-9ef5ecd7ffe4,1,5919.431576
2026/02/04/01:34:28,running-time,rs-001613-dbmwv,a3110b70-2267-4689-98ff-9ef5ecd7ffe4,1,5919.431576
2026/02/04/01:34:28,apply-time,rs-001613-rptc2,bfc13303-074a-469f-a0c3-2e0d6afd340b,1,5919.431576
2026/02/04/01:34:28,running-time,rs-001613-rptc2,bfc13303-074a-469f-a0c3-2e0d6afd340b,1,5919.431576
2026/02/04/01:34:28,apply-time,rs-001614-2ph6n,7cebffd3-6e74-48ac-b21a-86ce3d61e149,1,5919.431576
2026/02/04/01:34:28,running-time,rs-001614-2ph6n,7cebffd3-6e74-48ac-b21a-86ce3d61e149,1,5919.431576
2026/02/04/01:34:28,apply-time,rs-001614-k4s7b,ddbbadaa-9773-407d-9490-eb00c6bae5b4,1,5919.431576
2026/02/04/01:34:28,running-time,rs-001614-k4s7b,ddbbadaa-9773-407d-9490-eb00c6bae5b4,1,5919.431576
2026/02/04/01:34:28,apply-time,rs-001614-zk78p,d85ca624-48d6-42c4-bd37-562025cb02c4,1,5919.431576
2026/02/04/01:34:28,running-time,rs-001614-zk78p,d85ca624-48d6-42c4-bd37-562025cb02c4,1,5919.431576
2026/02/04/01:34:28,apply-time,rs-001615-zmdzf,3febabc1-6eea-404d-8cc6-f6969004ec3f,1,5920.431576
2026/02/04/01:34:28,running-time,rs-001615-zmdzf,3febabc1-6eea-404d-8cc6-f6969004ec3f,1,5920.431576
2026/02/04/01:34:28,apply-time,rs-001617-8vhj6,a5f1f4b3-2602-475c-a902-a19643c201da,3,5920.431576
2026/02/04/01:34:28,running-time,rs-001617-8vhj6,a5f1f4b3-2602-475c-a902-a19643c201da,3,5920.431576
2026/02/04/01:34:29,apply-time,rs-001615-kp59r,7377015e-a471-4abc-8377-8d75c64d6854,1,5920.431576
2026/02/04/01:34:29,running-time,rs-001615-kp59r,7377015e-a471-4abc-8377-8d75c64d6854,1,5920.431576
2026/02/04/01:34:29,apply-time,rs-001616-7tp4k,9401732d-d446-4209-8721-23021916a47d,1,5920.431576
2026/02/04/01:34:29,running-time,rs-001616-7tp4k,9401732d-d446-4209-8721-23021916a47d,1,5920.431576
2026/02/04/01:34:29,apply-time,rs-001616-rd72g,3c025886-7dad-40a9-928b-025cd0591e17,1,5920.431576
2026/02/04/01:34:29,running-time,rs-001616-rd72g,3c025886-7dad-40a9-928b-025cd0591e17,1,5920.431576
2026/02/04/01:34:29,apply-time,rs-001616-wbrpx,d75db224-e7e1-4f70-9687-61b53237b84e,1,5920.431576
2026/02/04/01:34:29,running-time,rs-001616-wbrpx,d75db224-e7e1-4f70-9687-61b53237b84e,1,5920.431576
2026/02/04/01:34:29,apply-time,rs-001617-npjpk,5064e645-586a-431e-ae2d-828bd2097bcb,3,5920.431576
2026/02/04/01:34:29,running-time,rs-001617-npjpk,5064e645-586a-431e-ae2d-828bd2097bcb,3,5920.431576
2026/02/04/01:34:32,apply-time,rs-001618-b6qcn,d125746e-c3c2-4beb-82df-a3219116f962,1,5923.431576
2026/02/04/01:34:32,running-time,rs-001618-b6qcn,d125746e-c3c2-4beb-82df-a3219116f962,1,5923.431576
2026/02/04/01:34:32,apply-time,rs-001618-c7sb7,0b94c8a7-fe49-4d67-81ff-61367da8db18,1,5923.431576
2026/02/04/01:34:32,running-time,rs-001618-c7sb7,0b94c8a7-fe49-4d67-81ff-61367da8db18,1,5923.431576
2026/02/04/01:34:38,apply-time,rs-001619-4fjhs,2bbc5880-9799-4558-b48c-87990f98754e,4,5930.431576
2026/02/04/01:34:38,running-time,rs-001619-4fjhs,2bbc5880-9799-4558-b48c-87990f98754e,4,5930.431576
2026/02/04/01:34:38,apply-time,rs-001619-ctj4h,fd028a96-26b4-412b-b6de-e7f242fbb50e,4,5930.431576
2026/02/04/01:34:38,running-time,rs-001619-ctj4h,fd028a96-26b4-412b-b6de-e7f242fbb50e,4,5930.431576
2026/02/04/01:34:50,apply-time,rs-001620-s8p7s,7cfca0ca-2921-4b1c-b0d4-187070421652,4,5941.431576
2026/02/04/01:34:50,running-time,rs-001620-s8p7s,7cfca0ca-2921-4b1c-b0d4-187070421652,4,5941.431576
2026/02/04/01:34:50,apply-time,rs-001621-xv6tl,b92eacf8-eebf-4b6d-b121-144422e5e2b3,3,5941.431576
2026/02/04/01:34:50,running-time,rs-001621-xv6tl,b92eacf8-eebf-4b6d-b121-144422e5e2b3,3,5941.431576
2026/02/04/01:34:50,apply-time,rs-001622-z8nsw,3d175b68-0806-439c-afae-6188b2e0b536,3,5941.431576
2026/02/04/01:34:50,running-time,rs-001622-z8nsw,3d175b68-0806-439c-afae-6188b2e0b536,3,5941.431576
2026/02/04/01:34:50,apply-time,rs-001623-7wnnj,937ccaeb-7e43-4bce-b093-1bf39da9832c,2,5941.431576
2026/02/04/01:34:50,running-time,rs-001623-7wnnj,937ccaeb-7e43-4bce-b093-1bf39da9832c,2,5941.431576
2026/02/04/01:34:50,apply-time,rs-001623-dhp2t,f95d4cf9-50b4-43d7-83a3-70285e8b2a84,2,5941.431576
2026/02/04/01:34:50,running-time,rs-001623-dhp2t,f95d4cf9-50b4-43d7-83a3-70285e8b2a84,2,5941.431576
2026/02/04/01:34:50,apply-time,rs-001623-shp2s,6b9435e5-79a9-42a9-81a1-64104c6d5e18,2,5941.431576
2026/02/04/01:34:50,running-time,rs-001623-shp2s,6b9435e5-79a9-42a9-81a1-64104c6d5e18,2,5941.431576
2026/02/04/01:34:54,apply-time,rs-001624-9gdqw,b5afafab-235a-4bb7-ab57-b14964d0f765,2,5945.431576
2026/02/04/01:34:54,running-time,rs-001624-9gdqw,b5afafab-235a-4bb7-ab57-b14964d0f765,2,5945.431576
2026/02/04/01:34:54,apply-time,rs-001625-bllh2,f7dd9a20-4fbe-417e-8cba-1e4e6566e553,2,5945.431576
2026/02/04/01:34:54,apply-time,rs-001625-dzrbq,c7b66944-c95c-43d8-94a0-aa4b32a00f57,2,5945.431576
2026/02/04/01:34:54,apply-time,rs-001625-p9lt6,126049e3-fec3-4030-9701-1d0f90858dd5,2,5945.431576
2026/02/04/01:34:55,apply-time,rs-001626-dlt89,eeb9acf3-f8a3-41f1-bc82-6d29919ea875,4,5947.431576
2026/02/04/01:34:55,running-time,rs-001626-dlt89,eeb9acf3-f8a3-41f1-bc82-6d29919ea875,4,5947.431576
2026/02/04/01:34:55,apply-time,rs-001626-j96tv,495ea702-dbc3-4128-9169-fe5e0e217237,4,5947.431576
2026/02/04/01:34:55,running-time,rs-001626-j96tv,495ea702-dbc3-4128-9169-fe5e0e217237,4,5947.431576
2026/02/04/01:34:55,apply-time,rs-001627-mpb9t,68b2e43c-6073-4030-875b-412052ef93ea,1,5947.431576
2026/02/04/01:34:55,running-time,rs-001627-mpb9t,68b2e43c-6073-4030-875b-412052ef93ea,1,5947.431576
2026/02/04/01:34:55,apply-time,rs-001627-rqrs8,20f6001c-e6fe-4e2e-b44e-ff730dc0d309,1,5947.431576
2026/02/04/01:34:55,running-time,rs-001627-rqrs8,20f6001c-e6fe-4e2e-b44e-ff730dc0d309,1,5947.431576
2026/02/04/01:34:55,apply-time,rs-001628-4dch2,12d93843-ad20-475c-ae68-acff5a01a4cc,3,5947.431576
2026/02/04/01:34:55,running-time,rs-001628-4dch2,12d93843-ad20-475c-ae68-acff5a01a4cc,3,5947.431576
2026/02/04/01:34:57,apply-time,rs-001629-4w5ss,33df711e-f49e-483b-9603-1ca27f069686,2,5948.431576
2026/02/04/01:34:57,running-time,rs-001629-4w5ss,33df711e-f49e-483b-9603-1ca27f069686,2,5948.431576
2026/02/04/01:34:57,apply-time,rs-001630-9pq48,064bb03c-1270-4bf9-8135-235dc46de9e9,2,5948.431576
2026/02/04/01:34:57,running-time,rs-001630-9pq48,064bb03c-1270-4bf9-8135-235dc46de9e9,2,5948.431576
2026/02/04/01:34:57,apply-time,rs-001630-l9br7,703b667f-4e4c-429c-b930-e6cd26a5c935,2,5948.431576
2026/02/04/01:34:57,running-time,rs-001630-l9br7,703b667f-4e4c-429c-b930-e6cd26a5c935,2,5948.431576
2026/02/04/01:34:57,apply-time,rs-001631-5mhtd,674faa03-c240-44b0-8607-6e32b6be6511,4,5948.431576
2026/02/04/01:34:57,running-time,rs-001631-5mhtd,674faa03-c240-44b0-8607-6e32b6be6511,4,5948.431576
2026/02/04/01:34:57,apply-time,rs-001631-5q8bf,5f2473f3-4962-4fed-b147-1e5c26748591,4,5948.431576
2026/02/04/01:34:57,running-time,rs-001631-5q8bf,5f2473f3-4962-4fed-b147-1e5c26748591,4,5948.431576
2026/02/04/01:34:57,apply-time,rs-001631-mq5jz,d091e05a-fb10-4fc7-9d95-bf8f4477b3fd,4,5948.431576
2026/02/04/01:34:57,running-time,rs-001631-mq5jz,d091e05a-fb10-4fc7-9d95-bf8f4477b3fd,4,5948.431576
2026/02/04/01:34:57,apply-time,rs-001632-9sqk5,e68019f6-1848-4a3d-ab07-97b924705dc4,2,5948.431576
2026/02/04/01:34:57,running-time,rs-001632-9sqk5,e68019f6-1848-4a3d-ab07-97b924705dc4,2,5948.431576
2026/02/04/01:34:57,apply-time,rs-001633-7tkxl,58941829-b281-4c68-802f-e9a34e79c28e,4,5948.431576
2026/02/04/01:34:57,apply-time,rs-001633-jvhwb,1dfe27c6-fbc0-4740-8b73-87ef8ca4ebed,4,5948.431576
2026/02/04/01:35:09,running-time,rs-001633-7tkxl,58941829-b281-4c68-802f-e9a34e79c28e,4,5960.431576
2026/02/04/01:35:22,running-time,rs-001633-jvhwb,1dfe27c6-fbc0-4740-8b73-87ef8ca4ebed,4,5974.431576
2026/02/04/01:35:22,apply-time,rs-001634-szmtb,1998ccef-a159-4794-a5e0-02c24ddd289b,2,5974.431576
2026/02/04/01:35:22,apply-time,rs-001635-r59x9,b031c41a-09f4-4fc3-a9d3-052ff010aa36,4,5974.431576
2026/02/04/01:35:23,running-time,rs-001634-szmtb,1998ccef-a159-4794-a5e0-02c24ddd289b,2,5974.431576
2026/02/04/01:35:23,running-time,rs-001635-r59x9,b031c41a-09f4-4fc3-a9d3-052ff010aa36,4,5974.431576
2026/02/04/01:35:27,apply-time,rs-001636-zw4mk,6f577998-c040-448b-8518-58919e6d4981,1,5978.431576
2026/02/04/01:35:27,running-time,rs-001636-zw4mk,6f577998-c040-448b-8518-58919e6d4981,1,5978.431576
2026/02/04/01:35:32,apply-time,rs-001637-p9rqf,968d4ca8-fc80-445b-8796-3e654fc0f7d6,2,5983.431576
2026/02/04/01:35:32,running-time,rs-001637-p9rqf,968d4ca8-fc80-445b-8796-3e654fc0f7d6,2,5983.431576
2026/02/04/01:35:32,apply-time,rs-001638-5nwct,ea84051d-69b5-465a-9b4f-136d1bc30cba,1,5983.431576
2026/02/04/01:35:32,running-time,rs-001638-5nwct,ea84051d-69b5-465a-9b4f-136d1bc30cba,1,5983.431576
2026/02/04/01:35:32,apply-time,rs-001638-lgfws,bf054ed3-8d2b-4fa1-8de6-e694d5d0670e,1,5983.431576
2026/02/04/01:35:32,running-time,rs-001638-lgfws,bf054ed3-8d2b-4fa1-8de6-e694d5d0670e,1,5983.431576
2026/02/04/01:35:32,apply-time,rs-001638-nx5k6,28bc75ea-9e0c-494f-af44-71b1be381461,1,5983.431576
2026/02/04/01:35:32,running-time,rs-001638-nx5k6,28bc75ea-9e0c-494f-af44-71b1be381461,1,5983.431576
2026/02/04/01:35:32,apply-time,rs-001639-gbgvt,89a0fecd-cec0-40e6-8ba1-66896081f3c3,2,5983.431576
2026/02/04/01:35:32,apply-time,rs-001639-s52g8,7e509102-c50c-4e61-9b27-ffcdda75437d,2,5983.431576
2026/02/04/01:35:32,running-time,rs-001639-s52g8,7e509102-c50c-4e61-9b27-ffcdda75437d,2,5983.431576
2026/02/04/01:35:32,apply-time,rs-001639-zmlrd,2a266d83-071a-4926-9437-230e4698f488,2,5983.431576
2026/02/04/01:35:32,running-time,rs-001639-zmlrd,2a266d83-071a-4926-9437-230e4698f488,2,5983.431576
2026/02/04/01:35:32,apply-time,rs-001640-jmz28,77461dca-8444-40b6-9132-b2f7a01f8c11,4,5984.431576
2026/02/04/01:35:32,running-time,rs-001640-jmz28,77461dca-8444-40b6-9132-b2f7a01f8c11,4,5984.431576
2026/02/04/01:35:32,apply-time,rs-001640-zhj2n,ea73c889-39b2-427e-bba5-e8e6688663a4,4,5984.431576
2026/02/04/01:35:32,running-time,rs-001640-zhj2n,ea73c889-39b2-427e-bba5-e8e6688663a4,4,5984.431576
2026/02/04/01:35:32,apply-time,rs-001641-rn4nq,e12b81a5-173d-4d87-81ba-b743eab13579,1,5984.431576
2026/02/04/01:35:32,running-time,rs-001641-rn4nq,e12b81a5-173d-4d87-81ba-b743eab13579,1,5984.431576
2026/02/04/01:35:32,apply-time,rs-001642-zhdls,9258fbbd-77d7-4517-957f-79b35b116014,1,5984.431576
2026/02/04/01:35:32,running-time,rs-001642-zhdls,9258fbbd-77d7-4517-957f-79b35b116014,1,5984.431576
2026/02/04/01:35:33,apply-time,rs-001641-ctwpn,edd8eae0-3655-41db-bfa9-593b1b126540,1,5984.431576
2026/02/04/01:35:33,running-time,rs-001641-ctwpn,edd8eae0-3655-41db-bfa9-593b1b126540,1,5984.431576
2026/02/04/01:35:33,apply-time,rs-001642-f9wpn,cf68294c-0ea5-4fe3-9963-9d1e5dc157ea,1,5984.431576
2026/02/04/01:35:33,running-time,rs-001642-f9wpn,cf68294c-0ea5-4fe3-9963-9d1e5dc157ea,1,5984.431576
2026/02/04/01:35:33,apply-time,rs-001642-g79dh,0f23db39-8df2-42bd-9abb-46d16e8221db,1,5984.431576
2026/02/04/01:35:33,running-time,rs-001642-g79dh,0f23db39-8df2-42bd-9abb-46d16e8221db,1,5984.431576
2026/02/04/01:35:33,apply-time,rs-001643-5s7gq,9e09c029-1a95-4e0e-b66d-37db489f61e0,1,5984.431576
2026/02/04/01:35:33,running-time,rs-001643-5s7gq,9e09c029-1a95-4e0e-b66d-37db489f61e0,1,5984.431576
2026/02/04/01:35:33,apply-time,rs-001645-cnlgg,deb59880-2a88-442e-8992-cbb38aafae25,2,5985.431576
2026/02/04/01:35:34,apply-time,rs-001644-5n7hh,76de8948-d7b5-49f1-a54d-2bd2e0ab17e1,2,5986.431576
2026/02/04/01:35:34,running-time,rs-001644-5n7hh,76de8948-d7b5-49f1-a54d-2bd2e0ab17e1,2,5986.431576
2026/02/04/01:35:34,apply-time,rs-001644-645l8,e5c12795-d373-4df1-ba01-21ac354cb0f6,2,5985.431576
2026/02/04/01:35:34,running-time,rs-001644-645l8,e5c12795-d373-4df1-ba01-21ac354cb0f6,2,5985.431576
2026/02/04/01:35:34,running-time,rs-001645-cnlgg,deb59880-2a88-442e-8992-cbb38aafae25,2,5985.431576
2026/02/04/01:35:34,apply-time,rs-001645-ktsqk,3600792a-9724-424b-a3e6-851148c49275,2,5985.431576
2026/02/04/01:35:34,running-time,rs-001645-ktsqk,3600792a-9724-424b-a3e6-851148c49275,2,5985.431576
2026/02/04/01:35:34,apply-time,rs-001646-5hj2d,ee03e269-538a-406b-9679-2bbeef38084f,4,5985.431576
2026/02/04/01:35:34,running-time,rs-001646-5hj2d,ee03e269-538a-406b-9679-2bbeef38084f,4,5985.431576
2026/02/04/01:35:34,apply-time,rs-001646-h7slj,510e5740-ac3d-4785-9744-adf1b5fcb036,4,5985.431576
2026/02/04/01:35:34,running-time,rs-001646-h7slj,510e5740-ac3d-4785-9744-adf1b5fcb036,4,5985.431576
2026/02/04/01:35:34,apply-time,rs-001647-kft4z,da0eabe2-5bd1-47b3-aa6d-3ec8536bd76d,2,5985.431576
2026/02/04/01:35:34,running-time,rs-001647-kft4z,da0eabe2-5bd1-47b3-aa6d-3ec8536bd76d,2,5985.431576
2026/02/04/01:35:34,apply-time,rs-001647-q6pdw,f83c90fe-90ce-4633-8438-315f35864a2f,2,5985.431576
2026/02/04/01:35:34,running-time,rs-001647-q6pdw,f83c90fe-90ce-4633-8438-315f35864a2f,2,5985.431576
2026/02/04/01:35:35,running-time,rs-001639-gbgvt,89a0fecd-cec0-40e6-8ba1-66896081f3c3,2,5987.431576
2026/02/04/01:35:36,apply-time,rs-001648-rl82b,d80b62e7-09ab-4b33-8130-8cc2d59c106f,3,5987.431576
2026/02/04/01:35:36,running-time,rs-001648-rl82b,d80b62e7-09ab-4b33-8130-8cc2d59c106f,3,5987.431576
2026/02/04/01:35:36,apply-time,rs-001649-m7b5s,9454e9e9-bad9-4c68-96a8-4e4a13317379,2,5988.431576
2026/02/04/01:35:37,apply-time,rs-001650-5r7xl,a05fa51a-2296-4ec7-b81e-c4fdcc5162b1,1,5988.431576
2026/02/04/01:35:37,running-time,rs-001650-5r7xl,a05fa51a-2296-4ec7-b81e-c4fdcc5162b1,1,5988.431576
2026/02/04/01:35:37,apply-time,rs-001650-b45gj,2f509741-1748-4465-8301-867f2dba5273,1,5988.431576
2026/02/04/01:35:37,running-time,rs-001650-b45gj,2f509741-1748-4465-8301-867f2dba5273,1,5988.431576
2026/02/04/01:35:37,apply-time,rs-001650-rdzk4,6d7dd078-499c-4f89-be64-48097a890777,1,5988.431576
2026/02/04/01:35:37,running-time,rs-001650-rdzk4,6d7dd078-499c-4f89-be64-48097a890777,1,5988.431576
2026/02/04/01:35:37,apply-time,rs-001651-98rjn,ee1c369b-1c31-447f-9254-a3b4270c61da,3,5988.431576
2026/02/04/01:35:37,apply-time,rs-001651-mzpf8,fe66e8ec-7e74-494f-90df-65e33037252e,3,5988.431576
2026/02/04/01:35:37,apply-time,rs-001651-qkxrx,cd2fe764-e3c4-4007-ac24-bb7ef7877e95,3,5988.431576
2026/02/04/01:35:37,apply-time,rs-001652-k264c,227519f8-dd78-4804-ba82-8c7c995594fe,3,5988.431576
2026/02/04/01:35:37,running-time,rs-001652-k264c,227519f8-dd78-4804-ba82-8c7c995594fe,3,5989.431576
2026/02/04/01:35:40,apply-time,rs-001653-5znmj,5ad6c8ab-1bcb-464b-8213-c91c99834f01,2,5991.431576
2026/02/04/01:35:40,running-time,rs-001653-5znmj,5ad6c8ab-1bcb-464b-8213-c91c99834f01,2,5991.431576
2026/02/04/01:35:40,apply-time,rs-001653-ftgwx,58ce2e94-bf93-4846-a1f3-5f7c87488302,2,5991.431576
2026/02/04/01:35:40,running-time,rs-001653-ftgwx,58ce2e94-bf93-4846-a1f3-5f7c87488302,2,5991.431576
2026/02/04/01:35:43,apply-time,rs-001654-fw6ln,46ec15c5-7825-48bb-bc96-e7ea99857e06,1,5994.431576
2026/02/04/01:35:43,running-time,rs-001654-fw6ln,46ec15c5-7825-48bb-bc96-e7ea99857e06,1,5994.431576
2026/02/04/01:35:43,apply-time,rs-001654-qqqvn,d25b2485-b220-4701-921b-23cbc79a9511,1,5994.431576
2026/02/04/01:35:43,running-time,rs-001654-qqqvn,d25b2485-b220-4701-921b-23cbc79a9511,1,5994.431576
2026/02/04/01:36:31,apply-time,rs-001655-9hszl,7d4f0631-290b-4fda-8c3d-a4b36901b722,4,6042.431576
2026/02/04/01:36:31,running-time,rs-001655-9hszl,7d4f0631-290b-4fda-8c3d-a4b36901b722,4,6042.431576
2026/02/04/01:36:31,apply-time,rs-001655-l5qvm,12991bc3-4fc6-40d3-bcfe-cf3ebed4bfd0,4,6042.431576
2026/02/04/01:36:31,running-time,rs-001655-l5qvm,12991bc3-4fc6-40d3-bcfe-cf3ebed4bfd0,4,6042.431576
2026/02/04/01:36:31,apply-time,rs-001655-ssr9d,90121eee-f4a0-4e0f-bc3a-ad9668dbd5b4,4,6042.431576
2026/02/04/01:36:31,running-time,rs-001655-ssr9d,90121eee-f4a0-4e0f-bc3a-ad9668dbd5b4,4,6042.431576
2026/02/04/01:36:31,apply-time,rs-001656-nvdnl,4b9be570-ac04-4fd0-9dc2-ef98d986dd3c,3,6042.431576
2026/02/04/01:36:31,running-time,rs-001656-nvdnl,4b9be570-ac04-4fd0-9dc2-ef98d986dd3c,3,6042.431576
2026/02/04/01:36:31,apply-time,rs-001656-wb4ml,3ee95d21-ccfe-4ed6-9efa-e2be88684a27,3,6042.431576
2026/02/04/01:36:31,running-time,rs-001656-wb4ml,3ee95d21-ccfe-4ed6-9efa-e2be88684a27,3,6042.431576
2026/02/04/01:36:31,apply-time,rs-001657-878jm,6fdb9ba3-359d-4fe9-9750-1e5d24f202d9,2,6042.431576
2026/02/04/01:36:31,apply-time,rs-001657-jzb2s,743e352c-d60f-4adc-983a-f7bbef740809,2,6042.431576
2026/02/04/01:36:31,apply-time,rs-001657-xvlq7,90096313-6775-4486-afc2-18ac1584b224,2,6042.431576
2026/02/04/01:36:31,apply-time,rs-001658-44x57,5d8b5788-9842-437b-850b-91b000e2eaa2,3,6042.431576
2026/02/04/01:36:31,running-time,rs-001658-44x57,5d8b5788-9842-437b-850b-91b000e2eaa2,3,6042.431576
2026/02/04/01:36:31,apply-time,rs-001658-7h96r,7ab5b09f-8184-412e-8ce2-4fdaa7c10cba,3,6042.431576
2026/02/04/01:36:31,running-time,rs-001658-7h96r,7ab5b09f-8184-412e-8ce2-4fdaa7c10cba,3,6042.431576
2026/02/04/01:36:31,apply-time,rs-001658-ct967,c2625d97-602e-47d6-bed5-8e0de2ed119f,3,6042.431576
2026/02/04/01:36:31,running-time,rs-001658-ct967,c2625d97-602e-47d6-bed5-8e0de2ed119f,3,6042.431576
2026/02/04/01:36:31,apply-time,rs-001659-2qrdm,d5572e7b-daa8-4868-97af-08d7097cc236,1,6042.431576
2026/02/04/01:36:31,apply-time,rs-001659-z4krl,d51ce54d-00e0-46df-8a56-1c40be611a3e,1,6042.431576
2026/02/04/01:36:31,apply-time,rs-001660-cwdm9,2969f208-fdae-4ead-96ce-4f9d33ed933a,2,6042.431576
2026/02/04/01:36:31,apply-time,rs-001661-j72vs,573dca66-8cd2-4664-b239-cabf973f2ca2,1,6043.431576
2026/02/04/01:36:31,running-time,rs-001661-j72vs,573dca66-8cd2-4664-b239-cabf973f2ca2,1,6043.431576
2026/02/04/01:36:31,apply-time,rs-001661-lwmw8,17a9ad83-b012-4747-82e4-dbb6f39e4bca,1,6042.431576
2026/02/04/01:36:31,running-time,rs-001661-lwmw8,17a9ad83-b012-4747-82e4-dbb6f39e4bca,1,6042.431576
2026/02/04/01:36:31,apply-time,rs-001661-wqdjl,dc9322be-c040-4c9a-9d30-75caf06cca63,1,6043.431576
2026/02/04/01:36:31,running-time,rs-001661-wqdjl,dc9322be-c040-4c9a-9d30-75caf06cca63,1,6043.431576
2026/02/04/01:36:33,running-time,rs-001657-xvlq7,90096313-6775-4486-afc2-18ac1584b224,2,6045.431576
2026/02/04/01:36:45,apply-time,rs-001662-fkrkc,b2b05ac0-f985-4f84-9187-852e7107e1f9,4,6056.431576
2026/02/04/01:36:45,running-time,rs-001662-fkrkc,b2b05ac0-f985-4f84-9187-852e7107e1f9,4,6056.431576
2026/02/04/01:36:45,apply-time,rs-001663-nl5bm,81d938ab-0fce-44c9-aab8-59140138720b,1,6056.431576
2026/02/04/01:36:45,running-time,rs-001663-nl5bm,81d938ab-0fce-44c9-aab8-59140138720b,1,6057.431576
2026/02/04/01:36:45,apply-time,rs-001664-5xt8j,8fa8142e-6473-4c98-8c91-938992dcf034,4,6057.431576
2026/02/04/01:36:45,running-time,rs-001664-5xt8j,8fa8142e-6473-4c98-8c91-938992dcf034,4,6057.431576
2026/02/04/01:36:45,apply-time,rs-001664-mgl7l,a947ba41-5dad-4811-8adf-6fcc3a7d8d73,4,6057.431576
2026/02/04/01:36:45,running-time,rs-001664-mgl7l,a947ba41-5dad-4811-8adf-6fcc3a7d8d73,4,6057.431576
2026/02/04/01:36:45,apply-time,rs-001664-xmnd7,c1c4a2ed-4cb7-4707-b867-dfcf44d93971,4,6057.431576
2026/02/04/01:36:45,running-time,rs-001664-xmnd7,c1c4a2ed-4cb7-4707-b867-dfcf44d93971,4,6057.431576
2026/02/04/01:36:45,apply-time,rs-001665-z5svf,5fa12501-514b-4c24-839c-743e0f384d35,2,6056.431576
2026/02/04/01:36:45,running-time,rs-001665-z5svf,5fa12501-514b-4c24-839c-743e0f384d35,2,6057.431576
2026/02/04/01:36:45,apply-time,rs-001666-l96vq,22df7265-55ce-4a3f-9349-9e09da5684e8,1,6056.431576
2026/02/04/01:36:45,running-time,rs-001666-l96vq,22df7265-55ce-4a3f-9349-9e09da5684e8,1,6057.431576
2026/02/04/01:36:45,apply-time,rs-001667-htwv2,3506e8c9-597a-4111-8dcc-4dd2ccb38217,3,6057.431576
2026/02/04/01:36:45,running-time,rs-001667-htwv2,3506e8c9-597a-4111-8dcc-4dd2ccb38217,3,6057.431576
2026/02/04/01:36:45,apply-time,rs-001667-tzbnq,2e4468e8-c026-422e-a038-b4be0d0462a4,3,6057.431576
2026/02/04/01:36:45,running-time,rs-001667-tzbnq,2e4468e8-c026-422e-a038-b4be0d0462a4,3,6057.431576
2026/02/04/01:36:45,apply-time,rs-001668-b92d8,b56d4210-7f8f-4d66-903f-232a49065697,1,6057.431576
2026/02/04/01:36:45,running-time,rs-001668-b92d8,b56d4210-7f8f-4d66-903f-232a49065697,1,6057.431576
2026/02/04/01:36:45,apply-time,rs-001669-kmf89,b6129017-6a69-40da-b7a9-e7773174c6c4,3,6057.431576
2026/02/04/01:36:45,apply-time,rs-001669-rvlz8,7a5e9ddb-9138-4b95-b90c-e55a621ae24d,3,6057.431576
2026/02/04/01:36:45,running-time,rs-001669-rvlz8,7a5e9ddb-9138-4b95-b90c-e55a621ae24d,3,6057.431576
2026/02/04/01:36:46,apply-time,rs-001670-7gvzf,58268bec-38d5-459e-b1dc-34f2314d9f7c,1,6058.431576
2026/02/04/01:36:46,running-time,rs-001670-7gvzf,58268bec-38d5-459e-b1dc-34f2314d9f7c,1,6058.431576
2026/02/04/01:36:46,apply-time,rs-001670-7vf26,47892f89-f367-4800-8e09-7efd5727bafc,1,6057.431576
2026/02/04/01:36:46,running-time,rs-001670-7vf26,47892f89-f367-4800-8e09-7efd5727bafc,1,6057.431576
2026/02/04/01:36:46,apply-time,rs-001671-n5c2x,b9888fba-688c-4293-8dc5-7299bfa65eb2,4,6058.431576
2026/02/04/01:36:46,running-time,rs-001671-n5c2x,b9888fba-688c-4293-8dc5-7299bfa65eb2,4,6058.431576
2026/02/04/01:36:47,apply-time,rs-001672-2cjcr,f0a0ca25-1b6e-41fb-8202-38155c7cb48f,2,6059.431576
2026/02/04/01:36:47,running-time,rs-001672-2cjcr,f0a0ca25-1b6e-41fb-8202-38155c7cb48f,2,6059.431576
2026/02/04/01:36:47,apply-time,rs-001672-n284v,96424597-4525-4335-8af9-4e7c82fd951b,2,6059.431576
2026/02/04/01:36:47,running-time,rs-001672-n284v,96424597-4525-4335-8af9-4e7c82fd951b,2,6059.431576
2026/02/04/01:36:47,apply-time,rs-001673-kh9h4,af81400b-f083-472f-82c8-8f9f22cae348,3,6059.431576
2026/02/04/01:36:47,running-time,rs-001673-kh9h4,af81400b-f083-472f-82c8-8f9f22cae348,3,6059.431576
2026/02/04/01:36:47,apply-time,rs-001674-hb4gn,4403db2d-a400-4613-b83d-447b6b21e2fa,4,6059.431576
2026/02/04/01:36:47,running-time,rs-001674-hb4gn,4403db2d-a400-4613-b83d-447b6b21e2fa,4,6059.431576
2026/02/04/01:36:47,apply-time,rs-001674-kssjc,c10bac43-035d-4b1c-8704-7f5796fb3e5c,4,6059.431576
2026/02/04/01:36:47,running-time,rs-001674-kssjc,c10bac43-035d-4b1c-8704-7f5796fb3e5c,4,6059.431576
2026/02/04/01:36:47,apply-time,rs-001674-n925p,ff2b9a3b-50da-4a6c-91a9-26f96f94ca9f,4,6059.431576
2026/02/04/01:36:47,running-time,rs-001674-n925p,ff2b9a3b-50da-4a6c-91a9-26f96f94ca9f,4,6059.431576
2026/02/04/01:36:49,apply-time,rs-001675-68s7d,7e857533-b841-47f0-9a27-ba4981bf33c2,2,6060.431576
2026/02/04/01:36:49,running-time,rs-001675-68s7d,7e857533-b841-47f0-9a27-ba4981bf33c2,2,6060.431576
2026/02/04/01:36:49,apply-time,rs-001675-pksps,47544aaa-ba64-416d-a040-ab5c3ef8e3dd,2,6060.431576
2026/02/04/01:36:49,running-time,rs-001675-pksps,47544aaa-ba64-416d-a040-ab5c3ef8e3dd,2,6060.431576
2026/02/04/01:36:49,apply-time,rs-001676-chv27,f272aa86-fc9b-4570-b5d6-8712d8d491c9,1,6060.431576
2026/02/04/01:36:49,apply-time,rs-001676-w8trf,493c4d7d-9804-4fa9-9aca-581e1436c40a,1,6060.431576
2026/02/04/01:36:49,apply-time,rs-001677-g7hx9,fed939dc-a7af-414e-89f8-abc788353a61,2,6060.431576
2026/02/04/01:36:49,running-time,rs-001677-g7hx9,fed939dc-a7af-414e-89f8-abc788353a61,2,6060.431576
2026/02/04/01:36:49,apply-time,rs-001678-56hbv,e4716d9f-a834-480a-a80f-5c368f1145ce,2,6060.431576
2026/02/04/01:36:49,apply-time,rs-001678-778tc,e1b8f0ec-0579-47ff-b1e2-0e9e44bf3b56,2,6060.431576
2026/02/04/01:36:49,apply-time,rs-001678-pwlpl,16a99712-6ae8-4f6d-ba95-44296ade848a,2,6060.431576
2026/02/04/01:36:56,running-time,rs-001678-778tc,e1b8f0ec-0579-47ff-b1e2-0e9e44bf3b56,2,6067.431576
2026/02/04/01:36:59,apply-time,rs-001679-67n8d,d4bf6d98-bbf7-4e99-9458-d01a4861bf90,3,6070.431576
2026/02/04/01:36:59,running-time,rs-001679-67n8d,d4bf6d98-bbf7-4e99-9458-d01a4861bf90,3,6070.431576
2026/02/04/01:36:59,apply-time,rs-001680-bqwdj,41c7929b-2e51-4e23-a35e-9babf0723fc6,3,6070.431576
2026/02/04/01:36:59,running-time,rs-001680-bqwdj,41c7929b-2e51-4e23-a35e-9babf0723fc6,3,6070.431576
2026/02/04/01:36:59,apply-time,rs-001681-s7gtg,1bfc3a56-3473-4671-8100-d546bfb9f3b8,3,6070.431576
2026/02/04/01:36:59,running-time,rs-001681-s7gtg,1bfc3a56-3473-4671-8100-d546bfb9f3b8,3,6070.431576
2026/02/04/01:36:59,apply-time,rs-001682-lxdj7,52248141-4d5e-4da7-8953-c83bbe07f57d,1,6071.431576
2026/02/04/01:36:59,running-time,rs-001682-lxdj7,52248141-4d5e-4da7-8953-c83bbe07f57d,1,6071.431576
2026/02/04/01:36:59,apply-time,rs-001683-5rvcg,882a0e6a-b944-475a-934b-77e58bdfcf63,3,6071.431576
2026/02/04/01:36:59,apply-time,rs-001683-gvrv9,79895e9b-ac5f-47af-9992-4b662c70616e,3,6071.431576
2026/02/04/01:36:59,apply-time,rs-001683-sxpsj,b01ed61d-79d2-49bd-a658-7cbe76e576ba,3,6071.431576
2026/02/04/01:36:59,apply-time,rs-001684-kpcjn,ffccb629-965d-4dfc-a391-ce2b903a2337,2,6071.431576
2026/02/04/01:36:59,running-time,rs-001684-kpcjn,ffccb629-965d-4dfc-a391-ce2b903a2337,2,6071.431576
2026/02/04/01:36:59,apply-time,rs-001684-mmmnj,363850db-ab97-46d1-9bde-079e25ee5249,2,6071.431576
2026/02/04/01:36:59,running-time,rs-001684-mmmnj,363850db-ab97-46d1-9bde-079e25ee5249,2,6071.431576
2026/02/04/01:36:59,apply-time,rs-001685-2l5bd,d847ff8f-bf1e-4af1-9c8f-a46fdfa8ff78,1,6071.431576
2026/02/04/01:36:59,running-time,rs-001685-2l5bd,d847ff8f-bf1e-4af1-9c8f-a46fdfa8ff78,1,6071.431576
2026/02/04/01:36:59,apply-time,rs-001685-p87lf,33785fde-4298-4eb0-abfc-ca81d80f0ad4,1,6071.431576
2026/02/04/01:36:59,running-time,rs-001685-p87lf,33785fde-4298-4eb0-abfc-ca81d80f0ad4,1,6071.431576
2026/02/04/01:37:00,apply-time,rs-001686-n42cq,adb6276d-68a7-4068-99c8-793ba7f69f0b,2,6071.431576
2026/02/04/01:37:00,running-time,rs-001686-n42cq,adb6276d-68a7-4068-99c8-793ba7f69f0b,2,6071.431576
2026/02/04/01:37:00,apply-time,rs-001686-ngzfz,be56cf04-50f5-4163-be30-004d23ed46a7,2,6071.431576
2026/02/04/01:37:00,running-time,rs-001686-ngzfz,be56cf04-50f5-4163-be30-004d23ed46a7,2,6071.431576
2026/02/04/01:37:00,apply-time,rs-001687-44p2d,cb3b2c39-d0e9-4edd-9e4e-ca6ae0b102e9,3,6071.431576
2026/02/04/01:37:00,running-time,rs-001687-44p2d,cb3b2c39-d0e9-4edd-9e4e-ca6ae0b102e9,3,6071.431576
2026/02/04/01:37:00,apply-time,rs-001687-dn7q7,cf5f4461-d671-499c-a4d6-789c260a8a85,3,6071.431576
2026/02/04/01:37:00,running-time,rs-001687-dn7q7,cf5f4461-d671-499c-a4d6-789c260a8a85,3,6071.431576
2026/02/04/01:37:04,apply-time,rs-001688-xxkcw,9d6ca5f4-91ac-491c-b649-1e924c3af6c3,4,6076.431576
2026/02/04/01:37:04,running-time,rs-001688-xxkcw,9d6ca5f4-91ac-491c-b649-1e924c3af6c3,4,6076.431576
2026/02/04/01:37:17,running-time,rs-001657-jzb2s,743e352c-d60f-4adc-983a-f7bbef740809,2,6087.431576
2026/02/04/01:37:34,running-time,rs-001660-cwdm9,2969f208-fdae-4ead-96ce-4f9d33ed933a,2,6105.431576
2026/02/04/01:37:34,running-time,rs-001683-5rvcg,882a0e6a-b944-475a-934b-77e58bdfcf63,3,6105.431576
2026/02/04/01:37:34,running-time,rs-001683-gvrv9,79895e9b-ac5f-47af-9992-4b662c70616e,3,6105.431576
2026/02/04/01:37:43,running-time,rs-001657-878jm,6fdb9ba3-359d-4fe9-9750-1e5d24f202d9,2,6115.431576
2026/02/04/01:37:47,apply-time,rs-000444-4xwgp,21e34434-eacf-4fb3-8c4c-a6aff558bf17,1,6119.431576
2026/02/04/01:37:47,running-time,rs-000444-4xwgp,21e34434-eacf-4fb3-8c4c-a6aff558bf17,1,6119.431576
2026/02/04/01:37:47,apply-time,rs-001029-d5x5g,2425161a-54c6-4e88-852e-94937da3e225,1,6119.431576
2026/02/04/01:37:47,running-time,rs-001029-d5x5g,2425161a-54c6-4e88-852e-94937da3e225,1,6119.431576
2026/02/04/01:37:47,running-time,rs-001676-chv27,f272aa86-fc9b-4570-b5d6-8712d8d491c9,1,6119.431576
2026/02/04/01:37:47,running-time,rs-001676-w8trf,493c4d7d-9804-4fa9-9aca-581e1436c40a,1,6119.431576
2026/02/04/01:37:57,apply-time,rs-001689-x4sd4,01906d0f-c3e9-4df0-8bab-e550102657ac,2,6128.431576
2026/02/04/01:37:57,running-time,rs-001689-x4sd4,01906d0f-c3e9-4df0-8bab-e550102657ac,2,6129.431576
2026/02/04/01:37:57,apply-time,rs-001690-6lvck,ebf89c52-82fd-435d-aaeb-65169740aece,2,6129.431576
2026/02/04/01:37:57,running-time,rs-001690-6lvck,ebf89c52-82fd-435d-aaeb-65169740aece,2,6129.431576
2026/02/04/01:37:57,apply-time,rs-001690-kf449,f167f6cc-1686-48e9-92ca-8a53317dedba,2,6129.431576
2026/02/04/01:37:57,running-time,rs-001690-kf449,f167f6cc-1686-48e9-92ca-8a53317dedba,2,6129.431576
2026/02/04/01:37:57,apply-time,rs-001691-l9scq,5214a4d5-7773-4229-9512-23885428b87a,2,6129.431576
2026/02/04/01:37:57,running-time,rs-001691-l9scq,5214a4d5-7773-4229-9512-23885428b87a,2,6129.431576
2026/02/04/01:37:57,apply-time,rs-001691-lqh26,cf21825d-8837-43d7-8d2c-ea5952a36775,2,6129.431576
2026/02/04/01:37:57,running-time,rs-001691-lqh26,cf21825d-8837-43d7-8d2c-ea5952a36775,2,6129.431576
2026/02/04/01:37:57,apply-time,rs-001691-q6xvg,2cc5c4d8-e7e0-40ad-a205-1f7cb4c0687e,2,6129.431576
2026/02/04/01:37:57,running-time,rs-001691-q6xvg,2cc5c4d8-e7e0-40ad-a205-1f7cb4c0687e,2,6129.431576
2026/02/04/01:37:57,apply-time,rs-001692-2q9vr,ef749651-7bd0-4183-8710-940def244036,2,6129.431576
2026/02/04/01:37:57,running-time,rs-001692-2q9vr,ef749651-7bd0-4183-8710-940def244036,2,6129.431576
2026/02/04/01:37:57,apply-time,rs-001692-5qxns,0ed6269b-5ae8-490d-ad85-7b9dfa1dbb41,2,6129.431576
2026/02/04/01:37:57,running-time,rs-001692-5qxns,0ed6269b-5ae8-490d-ad85-7b9dfa1dbb41,2,6129.431576
2026/02/04/01:37:57,apply-time,rs-001692-kxmdv,71631ee4-5557-4990-a0c3-d3c3ef29c490,2,6129.431576
2026/02/04/01:37:57,running-time,rs-001692-kxmdv,71631ee4-5557-4990-a0c3-d3c3ef29c490,2,6129.431576
2026/02/04/01:37:57,apply-time,rs-001693-97n48,f2995d36-6014-492e-8b00-b41c3167c224,4,6129.431576
2026/02/04/01:37:57,running-time,rs-001693-97n48,f2995d36-6014-492e-8b00-b41c3167c224,4,6129.431576
2026/02/04/01:37:57,apply-time,rs-001693-cwrv7,88804455-83ac-481e-a55c-2e4ed00eb583,4,6129.431576
2026/02/04/01:37:57,running-time,rs-001693-cwrv7,88804455-83ac-481e-a55c-2e4ed00eb583,4,6129.431576
2026/02/04/01:37:57,apply-time,rs-001693-zkmvc,0c30543e-c373-43b4-8e21-887e0225588e,4,6129.431576
2026/02/04/01:37:57,running-time,rs-001693-zkmvc,0c30543e-c373-43b4-8e21-887e0225588e,4,6129.431576
2026/02/04/01:38:00,apply-time,rs-001694-qtcp6,1809d1f5-676c-4777-8f89-305bbf75d07b,2,6132.431576
2026/02/04/01:38:00,running-time,rs-001694-qtcp6,1809d1f5-676c-4777-8f89-305bbf75d07b,2,6132.431576
2026/02/04/01:38:00,apply-time,rs-001694-r976w,531256d2-5c94-4031-9370-d3c97a37c2ba,2,6132.431576
2026/02/04/01:38:00,running-time,rs-001694-r976w,531256d2-5c94-4031-9370-d3c97a37c2ba,2,6132.431576
2026/02/04/01:38:00,apply-time,rs-001694-wtblf,e251b4d7-6cb5-4834-996c-00f9f20836a6,2,6132.431576
2026/02/04/01:38:00,running-time,rs-001694-wtblf,e251b4d7-6cb5-4834-996c-00f9f20836a6,2,6132.431576
2026/02/04/01:38:05,apply-time,rs-001695-444tr,9143ad1f-8c57-4823-90a1-7c35777f428a,1,6137.431576
2026/02/04/01:38:05,running-time,rs-001695-444tr,9143ad1f-8c57-4823-90a1-7c35777f428a,1,6137.431576
2026/02/04/01:38:05,apply-time,rs-001695-ldklr,74ee9628-52bd-431d-912a-3e81297e22ce,1,6137.431576
2026/02/04/01:38:05,running-time,rs-001695-ldklr,74ee9628-52bd-431d-912a-3e81297e22ce,1,6137.431576
2026/02/04/01:38:05,apply-time,rs-001696-74kgl,457468ac-92fb-47d0-b5dc-60b6a0944775,2,6137.431576
2026/02/04/01:38:05,running-time,rs-001696-74kgl,457468ac-92fb-47d0-b5dc-60b6a0944775,2,6137.431576
2026/02/04/01:38:06,apply-time,rs-001697-ht429,6fd506f8-ad86-4b67-a3af-69861f425b3f,4,6137.431576
2026/02/04/01:38:06,running-time,rs-001697-ht429,6fd506f8-ad86-4b67-a3af-69861f425b3f,4,6137.431576
2026/02/04/01:38:06,apply-time,rs-001697-kd5x7,c3d3a68c-02f9-432c-b6fc-cb34d25595b1,4,6137.431576
2026/02/04/01:38:06,running-time,rs-001697-kd5x7,c3d3a68c-02f9-432c-b6fc-cb34d25595b1,4,6137.431576
2026/02/04/01:38:06,apply-time,rs-001697-nvkp7,53e74987-28b9-4402-85b1-69e1502c1164,4,6137.431576
2026/02/04/01:38:06,running-time,rs-001697-nvkp7,53e74987-28b9-4402-85b1-69e1502c1164,4,6137.431576
2026/02/04/01:38:06,apply-time,rs-001698-45m66,f43da601-22d4-4516-87e8-c12fb8c2a438,4,6137.431576
2026/02/04/01:38:06,running-time,rs-001698-45m66,f43da601-22d4-4516-87e8-c12fb8c2a438,4,6137.431576
2026/02/04/01:38:06,apply-time,rs-001698-cw8mk,d2f0c4f9-2ace-46fa-8d23-8652e83602a4,4,6137.431576
2026/02/04/01:38:06,running-time,rs-001698-cw8mk,d2f0c4f9-2ace-46fa-8d23-8652e83602a4,4,6137.431576
2026/02/04/01:38:06,apply-time,rs-001699-bhfv5,469b9e36-1e87-4deb-bac2-0df0726333c2,2,6137.431576
2026/02/04/01:38:06,running-time,rs-001699-bhfv5,469b9e36-1e87-4deb-bac2-0df0726333c2,2,6137.431576
2026/02/04/01:38:06,apply-time,rs-001700-xt5h7,59001fb2-8687-4989-8dbe-8710e0c64392,1,6138.431576
2026/02/04/01:38:06,running-time,rs-001700-xt5h7,59001fb2-8687-4989-8dbe-8710e0c64392,1,6138.431576
2026/02/04/01:38:09,apply-time,rs-001701-cn7bg,a578fe4d-0cb3-4c16-92cc-71716095be83,2,6140.431576
2026/02/04/01:38:09,running-time,rs-001701-cn7bg,a578fe4d-0cb3-4c16-92cc-71716095be83,2,6141.431576
2026/02/04/01:38:09,apply-time,rs-001701-w575n,6d5f3a1f-2dad-4bfc-8463-4b58fd972283,2,6140.431576
2026/02/04/01:38:09,running-time,rs-001701-w575n,6d5f3a1f-2dad-4bfc-8463-4b58fd972283,2,6141.431576
2026/02/04/01:38:11,apply-time,rs-001702-dgspx,6c600583-66d1-48c8-95db-686ca966cea3,1,6142.431576
2026/02/04/01:38:11,running-time,rs-001702-dgspx,6c600583-66d1-48c8-95db-686ca966cea3,1,6142.431576
2026/02/04/01:38:11,apply-time,rs-001702-h68cv,59bfeefb-c96c-4196-9098-c0bc44e3ff07,1,6142.431576
2026/02/04/01:38:11,running-time,rs-001702-h68cv,59bfeefb-c96c-4196-9098-c0bc44e3ff07,1,6142.431576
2026/02/04/01:38:11,apply-time,rs-001703-zhc96,6cbb69aa-110c-4dca-aedb-cb0cf250becf,3,6142.431576
2026/02/04/01:38:11,running-time,rs-001703-zhc96,6cbb69aa-110c-4dca-aedb-cb0cf250becf,3,6142.431576
2026/02/04/01:38:11,apply-time,rs-001704-nsrkl,e5bd3000-9a1f-43c2-862c-d70483bee0d1,3,6142.431576
2026/02/04/01:38:11,running-time,rs-001704-nsrkl,e5bd3000-9a1f-43c2-862c-d70483bee0d1,3,6142.431576
2026/02/04/01:38:11,apply-time,rs-001704-w2966,5b617bb2-650f-4b96-85fe-e4c3acc8810b,3,6142.431576
2026/02/04/01:38:11,running-time,rs-001704-w2966,5b617bb2-650f-4b96-85fe-e4c3acc8810b,3,6142.431576
2026/02/04/01:38:11,apply-time,rs-001705-hm4ns,6fb36bec-de66-4f36-aaff-92a2133f9a0e,2,6142.431576
2026/02/04/01:38:11,running-time,rs-001705-hm4ns,6fb36bec-de66-4f36-aaff-92a2133f9a0e,2,6142.431576
2026/02/04/01:38:11,apply-time,rs-001705-vzn8v,d4c12871-38ee-4377-8b25-64bb9dca7d76,2,6142.431576
2026/02/04/01:38:11,running-time,rs-001705-vzn8v,d4c12871-38ee-4377-8b25-64bb9dca7d76,2,6142.431576
2026/02/04/01:38:11,apply-time,rs-001705-w8ktn,4eab3877-14f7-4519-8352-9041f33b64ab,2,6142.431576
2026/02/04/01:38:11,running-time,rs-001705-w8ktn,4eab3877-14f7-4519-8352-9041f33b64ab,2,6142.431576
2026/02/04/01:38:11,apply-time,rs-001706-np57s,393eee27-b5d7-4ee2-a575-41cbd3ff3743,2,6142.431576
2026/02/04/01:38:11,apply-time,rs-001707-r9csk,cecf5325-dd1d-4e3a-98cd-a788dc7bc309,2,6143.431576
2026/02/04/01:38:11,apply-time,rs-001708-86qn7,28990ff3-d961-40a7-99b6-4397a239e2aa,1,6143.431576
2026/02/04/01:38:11,apply-time,rs-001708-s22z8,bfc3e103-6c9d-44b4-a3b3-df222df29860,1,6143.431576
2026/02/04/01:38:11,running-time,rs-001708-s22z8,bfc3e103-6c9d-44b4-a3b3-df222df29860,1,6143.431576
2026/02/04/01:38:12,running-time,rs-001707-r9csk,cecf5325-dd1d-4e3a-98cd-a788dc7bc309,2,6144.431576
2026/02/04/01:38:12,running-time,rs-001708-86qn7,28990ff3-d961-40a7-99b6-4397a239e2aa,1,6144.431576
2026/02/04/01:38:12,apply-time,rs-001709-jbk5r,1afd90bc-93de-4282-b9f8-f1e2c0141335,1,6144.431576
2026/02/04/01:38:12,running-time,rs-001709-jbk5r,1afd90bc-93de-4282-b9f8-f1e2c0141335,1,6144.431576
2026/02/04/01:38:12,apply-time,rs-001709-m7rl2,947c8b44-86b8-4775-8c16-858a6fac0c8f,1,6143.431576
2026/02/04/01:38:12,running-time,rs-001709-m7rl2,947c8b44-86b8-4775-8c16-858a6fac0c8f,1,6143.431576
2026/02/04/01:38:12,apply-time,rs-001710-6qhzj,99d5ec6b-3db9-44f0-9954-75569066f678,4,6144.431576
2026/02/04/01:38:12,running-time,rs-001710-6qhzj,99d5ec6b-3db9-44f0-9954-75569066f678,4,6144.431576
2026/02/04/01:38:12,apply-time,rs-001710-f6wbw,607bae11-df3d-43f9-b66b-1c2488fcf7cf,4,6143.431576
2026/02/04/01:38:12,running-time,rs-001710-f6wbw,607bae11-df3d-43f9-b66b-1c2488fcf7cf,4,6143.431576
2026/02/04/01:38:12,apply-time,rs-001711-gswll,f7e760ca-d076-4059-bbe5-bfe2150628a5,1,6144.431576
2026/02/04/01:38:12,running-time,rs-001711-gswll,f7e760ca-d076-4059-bbe5-bfe2150628a5,1,6144.431576
2026/02/04/01:38:12,apply-time,rs-001711-vzb22,1d421a59-1a21-4ab0-aab0-f0cd29b74af0,1,6144.431576
2026/02/04/01:38:13,running-time,rs-001711-vzb22,1d421a59-1a21-4ab0-aab0-f0cd29b74af0,1,6144.431576
2026/02/04/01:38:17,apply-time,rs-001712-4ghqt,a18958de-48fd-470f-87b8-30d3d1f1b827,1,6149.431576
2026/02/04/01:38:17,running-time,rs-001712-4ghqt,a18958de-48fd-470f-87b8-30d3d1f1b827,1,6149.431576
2026/02/04/01:38:17,apply-time,rs-001712-5dj65,ab245bde-af71-4f33-9ced-2376ad4066ff,1,6149.431576
2026/02/04/01:38:17,running-time,rs-001712-5dj65,ab245bde-af71-4f33-9ced-2376ad4066ff,1,6149.431576
2026/02/04/01:38:17,apply-time,rs-001712-tzhmd,22cdf327-5f91-495c-87ab-cc572fb0c6d3,1,6149.431576
2026/02/04/01:38:17,running-time,rs-001712-tzhmd,22cdf327-5f91-495c-87ab-cc572fb0c6d3,1,6149.431576
2026/02/04/01:38:22,apply-time,rs-001713-cnqrt,b8d8f7ec-5bd2-41c1-9bfa-ea7287bd4a59,1,6154.431576
2026/02/04/01:38:22,running-time,rs-001713-cnqrt,b8d8f7ec-5bd2-41c1-9bfa-ea7287bd4a59,1,6154.431576
2026/02/04/01:38:22,apply-time,rs-001713-q4mkq,1f01f91c-922d-46a8-805a-1280eab7420d,1,6154.431576
2026/02/04/01:38:22,running-time,rs-001713-q4mkq,1f01f91c-922d-46a8-805a-1280eab7420d,1,6154.431576
2026/02/04/01:38:22,apply-time,rs-001714-hmsst,7dc5d5eb-22ee-45de-9d53-59faefad0486,2,6154.431576
2026/02/04/01:38:22,running-time,rs-001714-hmsst,7dc5d5eb-22ee-45de-9d53-59faefad0486,2,6154.431576
2026/02/04/01:38:22,apply-time,rs-001714-swdfz,5e64c49c-3fc8-420c-bafb-d9e330e51788,2,6154.431576
2026/02/04/01:38:22,running-time,rs-001714-swdfz,5e64c49c-3fc8-420c-bafb-d9e330e51788,2,6154.431576
2026/02/04/01:38:22,apply-time,rs-001715-2rfjl,1e40801c-15b4-4aba-b46b-971aee3b6b6b,4,6154.431576
2026/02/04/01:38:22,running-time,rs-001715-2rfjl,1e40801c-15b4-4aba-b46b-971aee3b6b6b,4,6154.431576
2026/02/04/01:38:22,apply-time,rs-001715-vqljw,ac242de5-a0ff-4540-bd2a-27244fe6d39b,4,6154.431576
2026/02/04/01:38:22,running-time,rs-001715-vqljw,ac242de5-a0ff-4540-bd2a-27244fe6d39b,4,6154.431576
2026/02/04/01:38:23,apply-time,rs-001716-4r8bp,c549e755-8009-4bdc-ae83-8321b099ff8f,2,6154.431576
2026/02/04/01:38:23,apply-time,rs-001716-qtkvf,a33ca041-16af-4889-8e67-cd36edcde953,2,6154.431576
2026/02/04/01:38:23,apply-time,rs-001716-xb5jb,b2869bd6-513e-487c-a82b-eff079333bc5,2,6154.431576
2026/02/04/01:38:23,apply-time,rs-001717-lmwlw,260c9901-b407-4f15-9a54-97a45f51f830,1,6154.431576
2026/02/04/01:38:23,apply-time,rs-001718-c4hmd,9200f97a-4c28-44ac-938a-ba843ccd9408,1,6154.431576
2026/02/04/01:38:23,apply-time,rs-001718-k8pf9,7ef0f822-b01a-4ea2-901b-f4d1c10e7b36,1,6154.431576
2026/02/04/01:38:23,apply-time,rs-001718-mzr86,f2b59cb4-d963-4d8e-8062-8b8ca29abac3,1,6154.431576
2026/02/04/01:38:24,apply-time,rs-001719-2d6h8,fbbd97b9-38ee-4d80-beb7-650516f3fe88,4,6155.431576
2026/02/04/01:38:24,running-time,rs-001719-2d6h8,fbbd97b9-38ee-4d80-beb7-650516f3fe88,4,6155.431576
2026/02/04/01:38:24,apply-time,rs-001719-f54c4,e848ead1-6fc7-4d8a-98ad-77d9471e8a4d,4,6155.431576
2026/02/04/01:38:24,running-time,rs-001719-f54c4,e848ead1-6fc7-4d8a-98ad-77d9471e8a4d,4,6155.431576
2026/02/04/01:38:24,apply-time,rs-001719-kvbq5,b30352e2-93f7-4d61-a727-09d177394d40,4,6155.431576
2026/02/04/01:38:24,running-time,rs-001719-kvbq5,b30352e2-93f7-4d61-a727-09d177394d40,4,6155.431576
2026/02/04/01:38:24,apply-time,rs-001720-5ztml,51956bc8-a379-4d3a-b26f-91f227359579,3,6155.431576
2026/02/04/01:38:24,apply-time,rs-001720-dgb2q,20c3fd2e-49fa-4fe3-9ba5-d232d4abef47,3,6155.431576
2026/02/04/01:38:24,apply-time,rs-001720-shmkf,24cd927e-f092-4606-a21f-087748ed2409,3,6155.431576
2026/02/04/01:38:24,apply-time,rs-001721-pg2p7,22b68818-740f-45ee-876d-6192e51ed3de,1,6155.431576
2026/02/04/01:38:24,apply-time,rs-001722-b2x4z,7f38b3fd-de36-415c-bb6b-89217ea302d2,2,6155.431576
2026/02/04/01:38:24,apply-time,rs-001722-tzsbc,a30f917a-5c73-4da6-8c28-77b1b15aa735,2,6155.431576
2026/02/04/01:38:24,apply-time,rs-001723-7mlvn,37cd5648-baac-417d-a48b-317e9cbdecf1,4,6156.431576
2026/02/04/01:38:24,apply-time,rs-001723-82xsc,8cb8a533-faa9-4965-9f1c-12b5184742dd,4,6156.431576
2026/02/04/01:38:24,running-time,rs-001723-82xsc,8cb8a533-faa9-4965-9f1c-12b5184742dd,4,6156.431576
2026/02/04/01:38:24,apply-time,rs-001723-hf2wt,60c0fbd4-03ba-4534-a8a7-6f5da335b845,4,6156.431576
2026/02/04/01:38:24,running-time,rs-001723-hf2wt,60c0fbd4-03ba-4534-a8a7-6f5da335b845,4,6156.431576
2026/02/04/01:38:25,running-time,rs-001722-b2x4z,7f38b3fd-de36-415c-bb6b-89217ea302d2,2,6156.431576
2026/02/04/01:38:25,running-time,rs-001723-7mlvn,37cd5648-baac-417d-a48b-317e9cbdecf1,4,6156.431576
2026/02/04/01:38:25,apply-time,rs-001724-qzhmt,f1a36c67-7c83-4faf-ac02-68618a6e2455,1,6156.431576
2026/02/04/01:38:25,apply-time,rs-001725-5zvj4,dbf9f0fb-e3af-4eae-a8ad-9d559c68d46b,2,6156.431576
2026/02/04/01:38:25,running-time,rs-001725-5zvj4,dbf9f0fb-e3af-4eae-a8ad-9d559c68d46b,2,6156.431576
2026/02/04/01:38:27,running-time,rs-001724-qzhmt,f1a36c67-7c83-4faf-ac02-68618a6e2455,1,6158.431576
2026/02/04/01:38:27,apply-time,rs-001726-6pw2w,bb962ada-0288-4d14-b494-99d1ac79cbb0,3,6158.431576
2026/02/04/01:38:27,running-time,rs-001726-6pw2w,bb962ada-0288-4d14-b494-99d1ac79cbb0,3,6158.431576
2026/02/04/01:38:27,apply-time,rs-001726-gwm4k,59d2ae37-46ad-43c8-b8f5-b6d43502a2e4,3,6158.431576
2026/02/04/01:38:27,running-time,rs-001726-gwm4k,59d2ae37-46ad-43c8-b8f5-b6d43502a2e4,3,6158.431576
2026/02/04/01:38:27,apply-time,rs-001727-64cf7,8b0eeeb8-e2ed-4c6a-b721-17f259b2ff36,1,6158.431576
2026/02/04/01:38:27,running-time,rs-001727-64cf7,8b0eeeb8-e2ed-4c6a-b721-17f259b2ff36,1,6158.431576
2026/02/04/01:38:27,apply-time,rs-001728-75bnj,1e6256d4-4faf-4cd5-9119-072ee123f48f,3,6158.431576
2026/02/04/01:38:27,running-time,rs-001728-75bnj,1e6256d4-4faf-4cd5-9119-072ee123f48f,3,6158.431576
2026/02/04/01:38:29,running-time,rs-001722-tzsbc,a30f917a-5c73-4da6-8c28-77b1b15aa735,2,6161.431576
2026/02/04/01:38:31,running-time,rs-001720-shmkf,24cd927e-f092-4606-a21f-087748ed2409,3,6163.431576
2026/02/04/01:38:32,running-time,rs-001720-5ztml,51956bc8-a379-4d3a-b26f-91f227359579,3,6163.431576
2026/02/04/01:38:40,apply-time,rs-001729-g6d6q,5da6bedf-5c3a-4972-ade4-c226fa8e989f,3,6171.431576
2026/02/04/01:38:40,apply-time,rs-001730-9fhvt,5543719e-0d0c-4d53-96d0-513ba5d862d5,1,6171.431576
2026/02/04/01:38:40,running-time,rs-001730-9fhvt,5543719e-0d0c-4d53-96d0-513ba5d862d5,1,6171.431576
2026/02/04/01:38:40,apply-time,rs-001730-m6754,87374e08-85c0-43c7-a180-361242179c9e,1,6171.431576
2026/02/04/01:38:40,running-time,rs-001730-m6754,87374e08-85c0-43c7-a180-361242179c9e,1,6171.431576
2026/02/04/01:38:40,apply-time,rs-001730-mf5hc,95f4e124-f2b3-48e4-836f-a5411038ff8d,1,6171.431576
2026/02/04/01:38:40,running-time,rs-001730-mf5hc,95f4e124-f2b3-48e4-836f-a5411038ff8d,1,6171.431576
2026/02/04/01:38:40,apply-time,rs-001731-8shs6,44327aac-8f44-4a50-be1d-c5e9c1393393,3,6171.431576
2026/02/04/01:38:40,apply-time,rs-001731-jqj5g,067882e4-6327-4e3a-8300-179fce249ff5,3,6171.431576
2026/02/04/01:38:40,apply-time,rs-001731-r4z29,1fb9a257-93ad-4a64-91a2-22b3edc3850c,3,6171.431576
2026/02/04/01:38:48,apply-time,rs-001732-gdj95,7369126b-81af-4036-aead-3ff7dee550a7,1,6179.431576
2026/02/04/01:38:48,running-time,rs-001732-gdj95,7369126b-81af-4036-aead-3ff7dee550a7,1,6179.431576
2026/02/04/01:38:48,apply-time,rs-001732-tn4qs,5cca97ae-b403-4bfa-a527-6b0dd929aa57,1,6179.431576
2026/02/04/01:38:48,apply-time,rs-001732-vq7nb,5e47bf0c-7a54-4381-b23d-83b5c2c6e1e5,1,6179.431576
2026/02/04/01:38:54,running-time,rs-001732-tn4qs,5cca97ae-b403-4bfa-a527-6b0dd929aa57,1,6185.431576
2026/02/04/01:38:54,running-time,rs-001732-vq7nb,5e47bf0c-7a54-4381-b23d-83b5c2c6e1e5,1,6185.431576
2026/02/04/01:39:07,running-time,rs-001720-dgb2q,20c3fd2e-49fa-4fe3-9ba5-d232d4abef47,3,6196.431576
2026/02/04/01:39:07,apply-time,rs-001733-2mhcv,a9b28bea-85cb-4f60-8266-f31237919213,2,6196.431576
2026/02/04/01:39:07,running-time,rs-001733-2mhcv,a9b28bea-85cb-4f60-8266-f31237919213,2,6197.431576
2026/02/04/01:39:07,apply-time,rs-001733-56zxn,70d00101-0ca4-4890-864f-3a0f24bbe6b1,2,6197.431576
2026/02/04/01:39:07,running-time,rs-001733-56zxn,70d00101-0ca4-4890-864f-3a0f24bbe6b1,2,6197.431576
2026/02/04/01:39:07,apply-time,rs-001733-gjnn6,08233a6d-5d33-4439-a5ae-cd39f41f5c0b,2,6197.431576
2026/02/04/01:39:07,running-time,rs-001733-gjnn6,08233a6d-5d33-4439-a5ae-cd39f41f5c0b,2,6197.431576
2026/02/04/01:39:08,apply-time,rs-001734-6c87z,8e7e2ca8-ea28-472e-83b2-b4540abefbc1,4,6199.431576
2026/02/04/01:39:08,apply-time,rs-001735-5cvzm,5cdf7f9e-0760-4fbc-8faa-bbf9a4c0ef65,3,6199.431576
2026/02/04/01:39:08,running-time,rs-001735-5cvzm,5cdf7f9e-0760-4fbc-8faa-bbf9a4c0ef65,3,6199.431576
2026/02/04/01:39:08,apply-time,rs-001735-8wl7b,bf24f241-25d7-4b6c-a8b6-ea817cc4bed3,3,6199.431576
2026/02/04/01:39:08,running-time,rs-001735-8wl7b,bf24f241-25d7-4b6c-a8b6-ea817cc4bed3,3,6199.431576
2026/02/04/01:39:08,apply-time,rs-001735-t5s5f,762a6864-a65f-4291-a4b4-bf0c1a56e64a,3,6199.431576
2026/02/04/01:39:08,running-time,rs-001735-t5s5f,762a6864-a65f-4291-a4b4-bf0c1a56e64a,3,6199.431576
2026/02/04/01:39:08,apply-time,rs-001736-4bzlr,48a42d68-d37f-489a-b153-364fe3e0d54d,1,6199.431576
2026/02/04/01:39:08,apply-time,rs-001736-dqnqd,2e31f310-f874-4fd8-8887-8c2273067bb3,1,6199.431576
2026/02/04/01:39:29,apply-time,rs-001737-dfr72,78ee0b3f-0a7e-474a-a766-b211b34d35d1,3,6221.431576
2026/02/04/01:39:29,running-time,rs-001737-dfr72,78ee0b3f-0a7e-474a-a766-b211b34d35d1,3,6221.431576
2026/02/04/01:39:29,apply-time,rs-001737-wxv9f,26e1219e-741f-4e6a-98e5-9dada3c39700,3,6221.431576
2026/02/04/01:39:29,running-time,rs-001737-wxv9f,26e1219e-741f-4e6a-98e5-9dada3c39700,3,6221.431576
2026/02/04/01:39:31,apply-time,rs-000628-67rg2,343edb9b-f326-4b8d-944e-d6de0f41c731,1,6223.431576
2026/02/04/01:39:31,running-time,rs-000628-67rg2,343edb9b-f326-4b8d-944e-d6de0f41c731,1,6223.431576
2026/02/04/01:39:31,apply-time,rs-001472-9snhw,d86047f2-a8d8-4ef3-84ce-9ba1a78f6be2,1,6223.431576
2026/02/04/01:39:31,running-time,rs-001472-9snhw,d86047f2-a8d8-4ef3-84ce-9ba1a78f6be2,1,6223.431576
2026/02/04/01:39:31,running-time,rs-001718-c4hmd,9200f97a-4c28-44ac-938a-ba843ccd9408,1,6223.431576
2026/02/04/01:39:31,running-time,rs-001718-k8pf9,7ef0f822-b01a-4ea2-901b-f4d1c10e7b36,1,6223.431576
2026/02/04/01:39:31,running-time,rs-001729-g6d6q,5da6bedf-5c3a-4972-ade4-c226fa8e989f,3,6223.431576
2026/02/04/01:39:33,running-time,rs-001718-mzr86,f2b59cb4-d963-4d8e-8062-8b8ca29abac3,1,6225.431576
2026/02/04/01:39:38,apply-time,rs-001738-7z54n,562bac85-36bf-4b2f-b910-061113e1a522,1,6230.431576
2026/02/04/01:39:38,running-time,rs-001738-7z54n,562bac85-36bf-4b2f-b910-061113e1a522,1,6230.431576
2026/02/04/01:39:38,apply-time,rs-001738-m6spr,675aa8c8-5553-409b-ac7a-71e2704d9a0d,1,6230.431576
2026/02/04/01:39:38,running-time,rs-001738-m6spr,675aa8c8-5553-409b-ac7a-71e2704d9a0d,1,6230.431576
2026/02/04/01:39:38,apply-time,rs-001739-s26rm,833a5f5b-d4fb-4d1b-b326-2b8258945620,1,6230.431576
2026/02/04/01:39:41,apply-time,rs-001740-rw8fv,ef753029-659c-49e0-8626-84a69bc94648,1,6233.431576
2026/02/04/01:39:41,apply-time,rs-001741-zzqv8,5f13b583-f1d4-4b06-934c-c8db1ba75744,3,6233.431576
2026/02/04/01:39:41,running-time,rs-001741-zzqv8,5f13b583-f1d4-4b06-934c-c8db1ba75744,3,6233.431576
2026/02/04/01:39:41,apply-time,rs-001742-4fkrj,7dcc079b-eaab-4ec2-8c27-6b39e35fe088,2,6233.431576
2026/02/04/01:39:41,apply-time,rs-001742-zc8z4,f8fc0959-746b-48d2-9759-dbed7d723956,2,6233.431576
2026/02/04/01:39:41,apply-time,rs-001743-qs5rp,a29341ac-fb90-4d11-b9ea-b9ad85a39ff8,4,6233.431576
2026/02/04/01:39:41,apply-time,rs-001744-fmv86,d5fb8588-8c9f-48fa-a11d-471aa4240dc1,4,6233.431576
2026/02/04/01:39:41,running-time,rs-001744-fmv86,d5fb8588-8c9f-48fa-a11d-471aa4240dc1,4,6233.431576
2026/02/04/01:39:41,apply-time,rs-001744-fq7zd,3bc09943-4cec-49f4-8435-65b40b1d7428,4,6233.431576
2026/02/04/01:39:41,running-time,rs-001744-fq7zd,3bc09943-4cec-49f4-8435-65b40b1d7428,4,6233.431576
2026/02/04/01:39:41,apply-time,rs-001744-wj52w,71e56a04-39d8-4595-93a2-7d683c3cd83e,4,6233.431576
2026/02/04/01:39:41,running-time,rs-001744-wj52w,71e56a04-39d8-4595-93a2-7d683c3cd83e,4,6233.431576
2026/02/04/01:39:41,apply-time,rs-001745-rs9xr,9b3659a4-6a3f-4c11-a6ab-302959129c9e,2,6233.431576
2026/02/04/01:39:42,running-time,rs-001739-s26rm,833a5f5b-d4fb-4d1b-b326-2b8258945620,1,6234.431576
2026/02/04/01:39:42,running-time,rs-001742-zc8z4,f8fc0959-746b-48d2-9759-dbed7d723956,2,6234.431576
2026/02/04/01:39:42,apply-time,rs-001745-mxph6,b9213ed3-b52f-4551-a89e-54ddd462179d,2,6234.431576
2026/02/04/01:39:42,apply-time,rs-001746-224gs,94ad79c5-32dc-4b7c-94be-e077eb4a93e9,2,6234.431576
2026/02/04/01:39:42,running-time,rs-001746-224gs,94ad79c5-32dc-4b7c-94be-e077eb4a93e9,2,6234.431576
2026/02/04/01:39:42,apply-time,rs-001746-8rg6h,19ebf05d-7047-43a7-85c1-dd8e3051c95a,2,6234.431576
2026/02/04/01:39:42,running-time,rs-001746-8rg6h,19ebf05d-7047-43a7-85c1-dd8e3051c95a,2,6234.431576
2026/02/04/01:39:42,apply-time,rs-001746-zlqvf,25f7a100-7d1b-4d2d-8353-3906d55364e1,2,6234.431576
2026/02/04/01:39:42,running-time,rs-001746-zlqvf,25f7a100-7d1b-4d2d-8353-3906d55364e1,2,6234.431576
2026/02/04/01:39:47,running-time,rs-001745-mxph6,b9213ed3-b52f-4551-a89e-54ddd462179d,2,6239.431576
2026/02/04/01:39:49,running-time,rs-001740-rw8fv,ef753029-659c-49e0-8626-84a69bc94648,1,6241.431576
2026/02/04/01:39:50,running-time,rs-001745-rs9xr,9b3659a4-6a3f-4c11-a6ab-302959129c9e,2,6242.431576
2026/02/04/01:39:53,apply-time,rs-001747-92cs6,c1b77cc6-a7dd-4fab-879a-6d5c40fc3eb7,3,6245.431576
2026/02/04/01:39:53,running-time,rs-001747-92cs6,c1b77cc6-a7dd-4fab-879a-6d5c40fc3eb7,3,6245.431576
2026/02/04/01:39:53,apply-time,rs-001747-jv2bz,6c20c3e7-8709-4ab0-9321-2e8ad002261a,3,6245.431576
2026/02/04/01:39:53,running-time,rs-001747-jv2bz,6c20c3e7-8709-4ab0-9321-2e8ad002261a,3,6245.431576
2026/02/04/01:39:53,apply-time,rs-001748-t8vtm,800f4f84-0427-4cc1-896f-b07fa2ed5c52,1,6245.431576
2026/02/04/01:39:53,apply-time,rs-001749-l8hsk,f4f164d8-fc8e-475c-8bae-68dcea85ce8a,1,6245.431576
2026/02/04/01:39:53,running-time,rs-001749-l8hsk,f4f164d8-fc8e-475c-8bae-68dcea85ce8a,1,6245.431576
2026/02/04/01:39:53,apply-time,rs-001750-mzk2f,e96e88a9-affe-4e5d-802e-4efdd79d6b4a,4,6245.431576
2026/02/04/01:39:53,running-time,rs-001750-mzk2f,e96e88a9-affe-4e5d-802e-4efdd79d6b4a,4,6245.431576
2026/02/04/01:39:53,apply-time,rs-001751-qj6wq,f729e03a-e98b-4796-a7ff-138d1e886807,4,6245.431576
2026/02/04/01:39:53,running-time,rs-001751-qj6wq,f729e03a-e98b-4796-a7ff-138d1e886807,4,6245.431576
2026/02/04/01:39:53,apply-time,rs-001752-g25c4,4812f3e2-472d-4fde-9ad4-114f1e80c08f,1,6245.431576
2026/02/04/01:39:53,apply-time,rs-001752-x9gqs,ce6f1107-15e9-46b9-b762-c93413b64f16,1,6245.431576
2026/02/04/01:39:54,apply-time,rs-001753-bdzbc,a9dd5e9f-d1ab-4499-b49c-aabb688b718d,2,6246.431576
2026/02/04/01:39:54,apply-time,rs-001753-ltfnx,b7f8fae2-724b-4434-bd06-a58986103f39,2,6246.431576
2026/02/04/01:39:54,apply-time,rs-001753-npddt,be2833c7-5c73-4d17-a6ef-b94f72dcd903,2,6246.431576
2026/02/04/01:39:54,apply-time,rs-001754-hc9l7,8037ee30-7615-41d4-8294-df8b4b93539f,3,6246.431576
2026/02/04/01:39:54,apply-time,rs-001754-n7w96,140555f4-d56b-4908-9964-7b54eed86695,3,6246.431576
2026/02/04/01:39:54,running-time,rs-001754-n7w96,140555f4-d56b-4908-9964-7b54eed86695,3,6246.431576
2026/02/04/01:39:56,running-time,rs-001752-x9gqs,ce6f1107-15e9-46b9-b762-c93413b64f16,1,6248.431576
2026/02/04/01:39:56,running-time,rs-001754-hc9l7,8037ee30-7615-41d4-8294-df8b4b93539f,3,6248.431576
2026/02/04/01:39:59,running-time,rs-001752-g25c4,4812f3e2-472d-4fde-9ad4-114f1e80c08f,1,6251.431576
2026/02/04/01:39:59,running-time,rs-001753-npddt,be2833c7-5c73-4d17-a6ef-b94f72dcd903,2,6251.431576
2026/02/04/01:40:00,running-time,rs-001748-t8vtm,800f4f84-0427-4cc1-896f-b07fa2ed5c52,1,6252.431576
2026/02/04/01:40:00,apply-time,rs-001755-9p9k9,5664bac9-262c-4e75-91bb-5792fdbc2912,1,6252.431576
2026/02/04/01:40:02,apply-time,rs-001756-4dmwv,c77989b6-4ef6-4704-aa94-e7d5e980e9df,1,6254.431576
2026/02/04/01:40:02,apply-time,rs-001756-kckgk,c59503ae-988e-4139-b05d-8b0f99571f13,1,6254.431576
2026/02/04/01:40:02,running-time,rs-001756-kckgk,c59503ae-988e-4139-b05d-8b0f99571f13,1,6254.431576
2026/02/04/01:40:07,running-time,rs-001753-bdzbc,a9dd5e9f-d1ab-4499-b49c-aabb688b718d,2,6259.431576
2026/02/04/01:40:07,running-time,rs-001756-4dmwv,c77989b6-4ef6-4704-aa94-e7d5e980e9df,1,6259.431576
2026/02/04/01:40:09,running-time,rs-001753-ltfnx,b7f8fae2-724b-4434-bd06-a58986103f39,2,6261.431576
2026/02/04/01:40:13,apply-time,rs-001757-99674,31316124-f0e9-4163-8da1-7cd6688665b8,3,6265.431576
2026/02/04/01:40:13,running-time,rs-001757-99674,31316124-f0e9-4163-8da1-7cd6688665b8,3,6265.431576
2026/02/04/01:40:26,apply-time,rs-000905-qc6gq,9624e98d-867e-428e-bfa2-abdbd00bdf0f,1,6278.431576
2026/02/04/01:40:26,running-time,rs-000905-qc6gq,9624e98d-867e-428e-bfa2-abdbd00bdf0f,1,6278.431576
2026/02/04/01:40:26,running-time,rs-001755-9p9k9,5664bac9-262c-4e75-91bb-5792fdbc2912,1,6278.431576
2026/02/04/01:40:27,apply-time,rs-001758-9nw4t,b23c3f93-d838-4173-a34f-6fa315a81878,2,6279.431576
2026/02/04/01:40:27,running-time,rs-001758-9nw4t,b23c3f93-d838-4173-a34f-6fa315a81878,2,6279.431576
2026/02/04/01:40:28,apply-time,rs-001759-2cqz5,5462d210-7f01-4970-b106-8adc7edda728,3,6280.431576
2026/02/04/01:40:28,running-time,rs-001759-2cqz5,5462d210-7f01-4970-b106-8adc7edda728,3,6280.431576
2026/02/04/01:40:28,apply-time,rs-001759-pxrqn,3bc281b9-241e-4209-85e9-fa6cc3a9f184,3,6280.431576
2026/02/04/01:40:28,running-time,rs-001759-pxrqn,3bc281b9-241e-4209-85e9-fa6cc3a9f184,3,6280.431576
2026/02/04/01:40:28,apply-time,rs-001759-v6slh,f21249d3-7840-40fe-920c-1197228363b0,3,6280.431576
2026/02/04/01:40:28,running-time,rs-001759-v6slh,f21249d3-7840-40fe-920c-1197228363b0,3,6280.431576
2026/02/04/01:40:28,apply-time,rs-001760-6mfhp,c1835dd3-b6a1-4ad8-a783-327588a53d49,3,6280.431576
2026/02/04/01:40:28,apply-time,rs-001760-mwgnw,5d2be07b-372a-4865-82dd-c8c935706048,3,6280.431576
2026/02/04/01:40:28,apply-time,rs-001761-s77gg,6b106eaf-2caf-4ac5-a291-61263940e304,2,6280.431576
2026/02/04/01:40:35,running-time,rs-001760-6mfhp,c1835dd3-b6a1-4ad8-a783-327588a53d49,3,6287.431576
2026/02/04/01:40:35,running-time,rs-001760-mwgnw,5d2be07b-372a-4865-82dd-c8c935706048,3,6287.431576
2026/02/04/01:40:43,apply-time,rs-001762-4cmc7,bd092a01-f342-4fa3-b52d-550125df5ca0,1,6295.431576
2026/02/04/01:40:43,running-time,rs-001762-4cmc7,bd092a01-f342-4fa3-b52d-550125df5ca0,1,6295.431576
2026/02/04/01:40:43,apply-time,rs-001762-8kvvs,70e2787f-df59-4fd8-b4a5-384828062ca3,1,6295.431576
2026/02/04/01:40:43,running-time,rs-001762-8kvvs,70e2787f-df59-4fd8-b4a5-384828062ca3,1,6295.431576
2026/02/04/01:40:43,apply-time,rs-001763-mrpfp,cf777d0c-68e2-402d-9562-79676cdceda2,2,6295.431576
2026/02/04/01:40:44,apply-time,rs-001764-hz24z,d62ac032-703a-42fc-87b6-66a195234b36,2,6296.431576
2026/02/04/01:40:44,running-time,rs-001764-hz24z,d62ac032-703a-42fc-87b6-66a195234b36,2,6296.431576
2026/02/04/01:40:44,apply-time,rs-001764-rr9rs,d63aa22d-2698-4a93-b0b1-3b3aac65600b,2,6296.431576
2026/02/04/01:40:44,running-time,rs-001764-rr9rs,d63aa22d-2698-4a93-b0b1-3b3aac65600b,2,6296.431576
2026/02/04/01:40:44,apply-time,rs-001764-zwb5f,28b617b2-f7e1-4f3f-a2cb-52ba6c201d44,2,6296.431576
2026/02/04/01:40:44,running-time,rs-001764-zwb5f,28b617b2-f7e1-4f3f-a2cb-52ba6c201d44,2,6296.431576
2026/02/04/01:40:46,running-time,rs-001763-mrpfp,cf777d0c-68e2-402d-9562-79676cdceda2,2,6298.431576
2026/02/04/01:40:58,apply-time,rs-001765-kj5cb,4ea7122d-e847-4e5d-9b2d-0d6ff028ed9c,3,6310.431576
2026/02/04/01:40:58,running-time,rs-001765-kj5cb,4ea7122d-e847-4e5d-9b2d-0d6ff028ed9c,3,6310.431576
2026/02/04/01:40:58,apply-time,rs-001766-xq7g2,056f09b2-c736-4619-9614-dd14affe7f27,1,6310.431576
2026/02/04/01:40:58,running-time,rs-001766-xq7g2,056f09b2-c736-4619-9614-dd14affe7f27,1,6310.431576
2026/02/04/01:40:59,apply-time,rs-001767-sckmp,ac2771a9-0da1-46cf-8bfa-205cc92b0e95,3,6311.431576
2026/02/04/01:40:59,running-time,rs-001767-sckmp,ac2771a9-0da1-46cf-8bfa-205cc92b0e95,3,6311.431576
2026/02/04/01:40:59,apply-time,rs-001768-jtfvv,c10cacf1-e5ba-4088-a085-53d5b227dc27,1,6311.431576
2026/02/04/01:40:59,running-time,rs-001768-jtfvv,c10cacf1-e5ba-4088-a085-53d5b227dc27,1,6311.431576
2026/02/04/01:40:59,apply-time,rs-001769-f5dkz,dcc31bb2-5c82-4bf6-b0d2-c6f43d2905f9,2,6311.431576
2026/02/04/01:40:59,running-time,rs-001769-f5dkz,dcc31bb2-5c82-4bf6-b0d2-c6f43d2905f9,2,6311.431576
2026/02/04/01:40:59,apply-time,rs-001769-npnnc,32f43990-536c-47d9-afbf-e613e36b95a9,2,6311.431576
2026/02/04/01:40:59,running-time,rs-001769-npnnc,32f43990-536c-47d9-afbf-e613e36b95a9,2,6311.431576
2026/02/04/01:41:00,apply-time,rs-001770-j9j9w,f5e24673-716a-42c7-bc02-2c65bc8a612d,1,6312.431576
2026/02/04/01:41:00,apply-time,rs-001770-p7lc7,f5cb71df-b70c-41fb-b4bb-324fbbc8307e,1,6312.431576
2026/02/04/01:41:00,apply-time,rs-001771-c5fwv,0ca67e9b-7a6c-4e35-840e-d9179bbeadd1,2,6312.431576
2026/02/04/01:41:00,running-time,rs-001771-c5fwv,0ca67e9b-7a6c-4e35-840e-d9179bbeadd1,2,6312.431576
2026/02/04/01:41:00,apply-time,rs-001771-hkv5s,5c05e3ee-7890-47c6-8d0d-0d2a97135e63,2,6312.431576
2026/02/04/01:41:00,apply-time,rs-001771-l7dd5,2a05f052-851e-4cfc-8292-6277d7b04440,2,6312.431576
2026/02/04/01:41:00,apply-time,rs-001772-22tsz,9916d22d-534b-45af-93fd-c56540476aa0,2,6312.431576
2026/02/04/01:41:00,running-time,rs-001772-22tsz,9916d22d-534b-45af-93fd-c56540476aa0,2,6312.431576
2026/02/04/01:41:00,apply-time,rs-001772-8nc2v,832a3170-3d8f-44b8-9313-abbae3754b91,2,6312.431576
2026/02/04/01:41:00,running-time,rs-001772-8nc2v,832a3170-3d8f-44b8-9313-abbae3754b91,2,6312.431576
2026/02/04/01:41:03,running-time,rs-001770-p7lc7,f5cb71df-b70c-41fb-b4bb-324fbbc8307e,1,6315.431576
2026/02/04/01:41:06,running-time,rs-001770-j9j9w,f5e24673-716a-42c7-bc02-2c65bc8a612d,1,6318.431576
2026/02/04/01:41:56,apply-time,rs-001773-l9kk5,30cd5e91-4b46-452c-9bfb-c67827432064,4,6368.431576
2026/02/04/01:41:56,running-time,rs-001773-l9kk5,30cd5e91-4b46-452c-9bfb-c67827432064,4,6368.431576
2026/02/04/01:41:56,apply-time,rs-001773-sqjhh,ecf8cc1a-0bb1-4f7c-8db2-ed7d4b3cfc89,4,6368.431576
2026/02/04/01:41:56,running-time,rs-001773-sqjhh,ecf8cc1a-0bb1-4f7c-8db2-ed7d4b3cfc89,4,6368.431576
2026/02/04/01:41:56,apply-time,rs-001774-j9jwm,019e6c8f-d747-4529-a359-e2bc19254abe,1,6368.431576
2026/02/04/01:41:56,running-time,rs-001774-j9jwm,019e6c8f-d747-4529-a359-e2bc19254abe,1,6368.431576
2026/02/04/01:41:56,apply-time,rs-001775-jcgpj,5860105e-3b0d-451d-9dbe-1a4fc5d00a56,1,6368.431576
2026/02/04/01:41:56,apply-time,rs-001775-lq7rm,79fd1951-10c2-4fbd-855c-760337cbbac4,1,6368.431576
2026/02/04/01:41:56,running-time,rs-001775-lq7rm,79fd1951-10c2-4fbd-855c-760337cbbac4,1,6368.431576
2026/02/04/01:41:56,apply-time,rs-001775-zt8b5,336739ae-0916-4323-9f37-e707da70d21d,1,6368.431576
2026/02/04/01:41:56,apply-time,rs-001776-mw9k2,bc58a999-f633-46e5-bcf8-ce89e95d46dc,2,6368.431576
2026/02/04/01:41:56,running-time,rs-001776-mw9k2,bc58a999-f633-46e5-bcf8-ce89e95d46dc,2,6368.431576
2026/02/04/01:41:57,running-time,rs-001775-jcgpj,5860105e-3b0d-451d-9dbe-1a4fc5d00a56,1,6369.431576
2026/02/04/01:41:57,running-time,rs-001775-zt8b5,336739ae-0916-4323-9f37-e707da70d21d,1,6368.431576
2026/02/04/01:42:04,apply-time,rs-001777-nw57k,2e56c3d1-c761-45a2-8a10-5ce5ba31c436,2,6376.431576
2026/02/04/01:42:04,running-time,rs-001777-nw57k,2e56c3d1-c761-45a2-8a10-5ce5ba31c436,2,6376.431576
2026/02/04/01:42:08,apply-time,rs-001778-44wmp,a3deda11-1a3b-47b0-8605-c702745c991e,1,6380.431576
2026/02/04/01:42:17,running-time,rs-001778-44wmp,a3deda11-1a3b-47b0-8605-c702745c991e,1,6389.431576
2026/02/04/01:42:26,apply-time,rs-001779-nkk7m,c6ac21c2-db15-4ff3-a58c-99b76bd06b7e,1,6398.431576
2026/02/04/01:42:26,running-time,rs-001779-nkk7m,c6ac21c2-db15-4ff3-a58c-99b76bd06b7e,1,6398.431576
2026/02/04/01:42:26,apply-time,rs-001779-x7l7c,dbee42d9-8273-42c3-ac21-5bcd6ea0eb19,1,6398.431576
2026/02/04/01:42:26,running-time,rs-001779-x7l7c,dbee42d9-8273-42c3-ac21-5bcd6ea0eb19,1,6398.431576
2026/02/04/01:42:26,apply-time,rs-001780-hpkwv,6b5ab402-d55b-421d-8bba-66df4ebda84f,1,6398.431576
2026/02/04/01:42:26,apply-time,rs-001781-6rp4m,cabf591f-ced8-4d07-a6b3-3111146a1e21,1,6398.431576
2026/02/04/01:42:26,apply-time,rs-001781-cksfp,7eb0f763-5602-47a8-b204-683a1b4dcbdf,1,6398.431576
2026/02/04/01:42:26,apply-time,rs-001781-hw868,dfbe9618-3c8e-4960-9d78-e8c6da097cb2,1,6398.431576
2026/02/04/01:42:42,running-time,rs-001780-hpkwv,6b5ab402-d55b-421d-8bba-66df4ebda84f,1,6414.431576
2026/02/04/01:42:42,apply-time,rs-001782-f5khc,ba566f6d-a663-4b6d-891a-509ae622b7ac,1,6415.431576
2026/02/04/01:42:42,running-time,rs-001782-f5khc,ba566f6d-a663-4b6d-891a-509ae622b7ac,1,6415.431576
2026/02/04/01:42:43,apply-time,rs-001783-bw7xp,bd7322d0-41dc-4a21-94a0-eb960c462091,2,6415.431576
2026/02/04/01:42:43,apply-time,rs-001783-tggpz,a2a1b612-869c-4e9e-828f-64d411aac295,2,6415.431576
2026/02/04/01:42:43,apply-time,rs-001783-x26pf,e20968c9-0d21-4917-9265-06d1f2d6a4c1,2,6415.431576
2026/02/04/01:42:43,apply-time,rs-001784-87bzs,b4a71cbe-ede3-4098-b35b-b5e7d226252b,2,6415.431576
2026/02/04/01:42:43,running-time,rs-001784-87bzs,b4a71cbe-ede3-4098-b35b-b5e7d226252b,2,6415.431576
2026/02/04/01:42:43,apply-time,rs-001784-mzszv,2bde5d63-18bb-4e49-b484-14eb5ed4fb88,2,6415.431576
2026/02/04/01:42:43,running-time,rs-001784-mzszv,2bde5d63-18bb-4e49-b484-14eb5ed4fb88,2,6415.431576
2026/02/04/01:42:43,apply-time,rs-001785-wnqkk,e5e7fc52-262e-40df-bfb1-0d628b0e5ac9,4,6415.431576
2026/02/04/01:42:43,running-time,rs-001785-wnqkk,e5e7fc52-262e-40df-bfb1-0d628b0e5ac9,4,6415.431576
2026/02/04/01:42:43,apply-time,rs-001785-z2xjw,dd398e69-8650-49e0-9d35-aef5f0978e27,4,6415.431576
2026/02/04/01:42:43,running-time,rs-001785-z2xjw,dd398e69-8650-49e0-9d35-aef5f0978e27,4,6415.431576
2026/02/04/01:42:43,apply-time,rs-001785-zp7d8,22d3f881-b32c-43b4-b6d8-a73afcf03c68,4,6415.431576
2026/02/04/01:42:43,running-time,rs-001785-zp7d8,22d3f881-b32c-43b4-b6d8-a73afcf03c68,4,6415.431576
2026/02/04/01:42:52,apply-time,rs-001786-tbtdp,2f332697-191e-47f9-ade7-a65da7ea84eb,2,6424.431576
2026/02/04/01:42:52,running-time,rs-001786-tbtdp,2f332697-191e-47f9-ade7-a65da7ea84eb,2,6424.431576
2026/02/04/01:42:52,apply-time,rs-001787-6q6nb,68c0b98d-4a70-475c-b7a4-64759a7382b7,4,6424.431576
2026/02/04/01:42:52,apply-time,rs-001787-7qzkl,f5139b91-f7d2-4521-9f5b-1ce50470b876,4,6424.431576
2026/02/04/01:42:52,apply-time,rs-001787-97d54,7cd1fffd-955c-4a9c-92f6-a3d3ba46aba9,4,6424.431576
2026/02/04/01:42:52,running-time,rs-001787-97d54,7cd1fffd-955c-4a9c-92f6-a3d3ba46aba9,4,6424.431576
2026/02/04/01:42:53,running-time,rs-001787-6q6nb,68c0b98d-4a70-475c-b7a4-64759a7382b7,4,6425.431576
2026/02/04/01:42:54,apply-time,rs-001788-f9hd7,574c1548-76c5-4794-a5e4-ab9448777a40,4,6426.431576
2026/02/04/01:42:58,apply-time,rs-001789-hhmnv,11d3b7fd-0cbe-456e-9ced-f68e83f906ce,1,6430.431576
2026/02/04/01:42:58,running-time,rs-001789-hhmnv,11d3b7fd-0cbe-456e-9ced-f68e83f906ce,1,6430.431576
2026/02/04/01:42:58,apply-time,rs-001789-sp654,5f3fb808-ba40-4d33-bb79-0c2ed8dd7956,1,6430.431576
2026/02/04/01:42:58,apply-time,rs-001789-wt9q9,5471c2c3-23da-46bc-a2f9-0e8e16a937d4,1,6430.431576
2026/02/04/01:42:58,running-time,rs-001789-wt9q9,5471c2c3-23da-46bc-a2f9-0e8e16a937d4,1,6430.431576
2026/02/04/01:42:58,apply-time,rs-001790-j7hcd,125edfbf-beca-426a-baf4-b248f4838384,3,6430.431576
2026/02/04/01:42:58,running-time,rs-001790-j7hcd,125edfbf-beca-426a-baf4-b248f4838384,3,6430.431576
2026/02/04/01:42:58,apply-time,rs-001790-lj887,20a493d7-9b01-4c6e-8f9c-528c1def6e38,3,6430.431576
2026/02/04/01:42:58,running-time,rs-001790-lj887,20a493d7-9b01-4c6e-8f9c-528c1def6e38,3,6430.431576
2026/02/04/01:42:58,apply-time,rs-001790-p2s79,cfe1a197-8665-4d54-909c-a6519a5b9681,3,6430.431576
2026/02/04/01:42:58,running-time,rs-001790-p2s79,cfe1a197-8665-4d54-909c-a6519a5b9681,3,6430.431576
2026/02/04/01:42:58,apply-time,rs-001791-kbjpf,d5dc4c9b-9f96-49e1-bb11-2273033c5b23,2,6430.431576
2026/02/04/01:42:58,apply-time,rs-001791-qxptz,e99d7a5a-654e-4cb4-8739-6f0ade162a66,2,6430.431576
2026/02/04/01:43:00,apply-time,rs-001792-s7g88,f21a83bf-b314-4a65-886b-04ad453f51f0,1,6432.431576
2026/02/04/01:43:00,running-time,rs-001792-s7g88,f21a83bf-b314-4a65-886b-04ad453f51f0,1,6432.431576
2026/02/04/01:43:00,apply-time,rs-001793-2tn29,769e8e35-d01e-4529-a4cf-c017b9dbc7f6,4,6432.431576
2026/02/04/01:43:00,running-time,rs-001793-2tn29,769e8e35-d01e-4529-a4cf-c017b9dbc7f6,4,6432.431576
2026/02/04/01:43:00,apply-time,rs-001794-2szww,c9340be5-f78d-4275-b0b1-8fc551af8c59,3,6432.431576
2026/02/04/01:43:00,running-time,rs-001794-2szww,c9340be5-f78d-4275-b0b1-8fc551af8c59,3,6432.431576
2026/02/04/01:43:00,apply-time,rs-001794-dp9qc,d1ebb2e9-801f-494a-8a11-ec3774515604,3,6432.431576
2026/02/04/01:43:00,running-time,rs-001794-dp9qc,d1ebb2e9-801f-494a-8a11-ec3774515604,3,6432.431576
2026/02/04/01:43:00,apply-time,rs-001794-sxgkd,18f48781-2df6-448b-b9d5-cbe22d87a5b4,3,6432.431576
2026/02/04/01:43:00,running-time,rs-001794-sxgkd,18f48781-2df6-448b-b9d5-cbe22d87a5b4,3,6432.431576
2026/02/04/01:43:03,apply-time,rs-001795-4cxkt,d2a30f11-9701-4534-984c-74e84381b5a9,3,6435.431576
2026/02/04/01:43:03,running-time,rs-001795-4cxkt,d2a30f11-9701-4534-984c-74e84381b5a9,3,6435.431576
2026/02/04/01:43:03,apply-time,rs-001795-nrfkl,547e98fd-4044-460f-8a4a-89ee23ede1cc,3,6435.431576
2026/02/04/01:43:03,running-time,rs-001795-nrfkl,547e98fd-4044-460f-8a4a-89ee23ede1cc,3,6435.431576
2026/02/04/01:43:03,apply-time,rs-001795-z58bd,3aaf4640-712b-477c-a42b-84e13b231c96,3,6435.431576
2026/02/04/01:43:03,running-time,rs-001795-z58bd,3aaf4640-712b-477c-a42b-84e13b231c96,3,6435.431576
2026/02/04/01:43:03,apply-time,rs-001796-bjcdl,57a9a480-8aed-4da1-b139-1f2d989554d1,1,6435.431576
2026/02/04/01:43:03,running-time,rs-001796-bjcdl,57a9a480-8aed-4da1-b139-1f2d989554d1,1,6435.431576
2026/02/04/01:43:03,apply-time,rs-001796-ffdbq,9264d20e-51db-4e89-8a2f-06eba70e12d3,1,6435.431576
2026/02/04/01:43:03,running-time,rs-001796-ffdbq,9264d20e-51db-4e89-8a2f-06eba70e12d3,1,6435.431576
2026/02/04/01:43:03,apply-time,rs-001797-7w9fs,95e75846-7530-45e7-9689-acf75318a57c,2,6435.431576
2026/02/04/01:43:03,running-time,rs-001797-7w9fs,95e75846-7530-45e7-9689-acf75318a57c,2,6435.431576
2026/02/04/01:43:03,apply-time,rs-001797-zdmg4,8aa6102b-c033-4efc-a82e-22bf413630e2,2,6435.431576
2026/02/04/01:43:03,apply-time,rs-001798-c4tgv,e836f7f5-5c0c-47b4-a08f-e382d143fa80,3,6435.431576
2026/02/04/01:43:19,running-time,rs-001798-c4tgv,e836f7f5-5c0c-47b4-a08f-e382d143fa80,3,6451.431576
2026/02/04/01:43:29,apply-time,rs-001799-sx85s,a076983b-8acb-4081-86e7-73047a5df7f4,1,6461.431576
2026/02/04/01:43:29,running-time,rs-001799-sx85s,a076983b-8acb-4081-86e7-73047a5df7f4,1,6461.431576
2026/02/04/01:43:29,apply-time,rs-001800-ndcxb,91020746-67c2-4826-806e-1a4343b5f7b6,2,6461.431576
2026/02/04/01:43:29,apply-time,rs-001800-vxp8r,977cc00e-937e-4129-b133-d45d4f021134,2,6461.431576
2026/02/04/01:43:29,running-time,rs-001800-vxp8r,977cc00e-937e-4129-b133-d45d4f021134,2,6461.431576
2026/02/04/01:43:29,apply-time,rs-001800-wb7n7,645642a9-2452-44fb-9bae-43d9fa59cb11,2,6461.431576
2026/02/04/01:43:29,running-time,rs-001800-wb7n7,645642a9-2452-44fb-9bae-43d9fa59cb11,2,6461.431576
2026/02/04/01:43:29,apply-time,rs-001801-5l5cf,c14e7c79-107f-4db5-91c7-8ed6f18b407b,2,6461.431576
2026/02/04/01:43:29,running-time,rs-001801-5l5cf,c14e7c79-107f-4db5-91c7-8ed6f18b407b,2,6461.431576
2026/02/04/01:43:29,apply-time,rs-001801-lpsg6,6c645786-32bf-49ce-a1a0-63a32ea16195,2,6461.431576
2026/02/04/01:43:29,running-time,rs-001801-lpsg6,6c645786-32bf-49ce-a1a0-63a32ea16195,2,6461.431576
2026/02/04/01:43:29,apply-time,rs-001802-dwgnl,3703bc15-821a-41ef-a58a-7956b7f26b36,3,6461.431576
2026/02/04/01:43:29,running-time,rs-001802-dwgnl,3703bc15-821a-41ef-a58a-7956b7f26b36,3,6461.431576
2026/02/04/01:43:29,apply-time,rs-001802-zfwxj,8726ef73-217c-4b3d-b752-09847d74530b,3,6461.431576
2026/02/04/01:43:29,running-time,rs-001802-zfwxj,8726ef73-217c-4b3d-b752-09847d74530b,3,6461.431576
2026/02/04/01:43:31,running-time,rs-001800-ndcxb,91020746-67c2-4826-806e-1a4343b5f7b6,2,6463.431576
2026/02/04/01:43:38,running-time,rs-001788-f9hd7,574c1548-76c5-4794-a5e4-ab9448777a40,4,6470.431576
2026/02/04/01:44:19,apply-time,rs-001803-bm4sp,0b483b4a-e6ab-474b-96c3-c818ab219eb1,2,6511.431576
2026/02/04/01:44:19,running-time,rs-001803-bm4sp,0b483b4a-e6ab-474b-96c3-c818ab219eb1,2,6511.431576
2026/02/04/01:44:19,apply-time,rs-001803-m8l9c,d78418a2-28d7-42dd-9f9b-1561933b840b,2,6511.431576
2026/02/04/01:44:19,running-time,rs-001803-m8l9c,d78418a2-28d7-42dd-9f9b-1561933b840b,2,6511.431576
2026/02/04/01:44:21,apply-time,rs-001804-sm4ls,7e2e650e-7c49-4513-aa0b-972f787a2fbb,3,6513.431576
2026/02/04/01:44:21,running-time,rs-001804-sm4ls,7e2e650e-7c49-4513-aa0b-972f787a2fbb,3,6513.431576
2026/02/04/01:44:21,apply-time,rs-001805-2bg9p,777dcae0-c295-4889-b3c2-eb8c3b1ba414,2,6513.431576
2026/02/04/01:44:21,running-time,rs-001805-2bg9p,777dcae0-c295-4889-b3c2-eb8c3b1ba414,2,6513.431576
2026/02/04/01:44:21,apply-time,rs-001806-6sbgp,2f94e234-4e04-4714-8bb8-1b9c73d04291,1,6513.431576
2026/02/04/01:44:21,running-time,rs-001806-6sbgp,2f94e234-4e04-4714-8bb8-1b9c73d04291,1,6513.431576
2026/02/04/01:44:21,apply-time,rs-001806-gm2dl,2fc015f0-9278-4e48-9611-229a8d1bad83,1,6513.431576
2026/02/04/01:44:21,running-time,rs-001806-gm2dl,2fc015f0-9278-4e48-9611-229a8d1bad83,1,6513.431576
2026/02/04/01:44:21,apply-time,rs-001807-5hjxr,3953ee21-47a4-4e02-b3f6-14605fd167ee,4,6513.431576
2026/02/04/01:44:21,running-time,rs-001807-5hjxr,3953ee21-47a4-4e02-b3f6-14605fd167ee,4,6513.431576
2026/02/04/01:44:21,apply-time,rs-001807-jj9gg,d07e128a-e7fd-4db8-90c1-8a846f17b299,4,6513.431576
2026/02/04/01:44:21,running-time,rs-001807-jj9gg,d07e128a-e7fd-4db8-90c1-8a846f17b299,4,6513.431576
2026/02/04/01:44:42,apply-time,rs-001809-hcnts,4112cc18-9365-40d1-8f69-475ab72fe4e9,1,6534.431576
2026/02/04/01:44:42,running-time,rs-001809-hcnts,4112cc18-9365-40d1-8f69-475ab72fe4e9,1,6534.431576
2026/02/04/01:44:42,apply-time,rs-001809-p7dbg,81522e43-2499-430e-8515-eed430a3b4e7,1,6534.431576
2026/02/04/01:44:43,apply-time,rs-001808-7tswj,d358363f-bb69-4ea3-b8d9-c49cb8e6fe60,4,6534.431576
2026/02/04/01:44:43,running-time,rs-001808-7tswj,d358363f-bb69-4ea3-b8d9-c49cb8e6fe60,4,6534.431576
2026/02/04/01:44:43,apply-time,rs-001808-gtskw,e8927ad6-09ff-42bb-9c18-2890be9e49a3,4,6534.431576
2026/02/04/01:44:43,running-time,rs-001808-gtskw,e8927ad6-09ff-42bb-9c18-2890be9e49a3,4,6534.431576
2026/02/04/01:44:43,running-time,rs-001809-p7dbg,81522e43-2499-430e-8515-eed430a3b4e7,1,6534.431576
2026/02/04/01:44:49,apply-time,rs-001810-szbqp,1e6945a2-3c8b-4770-bbeb-2f452503e142,4,6540.431576
2026/02/04/01:44:49,apply-time,rs-001810-t7db5,e2ba61a3-d141-4def-92f8-a50543da1014,4,6540.431576
2026/02/04/01:44:49,running-time,rs-001810-t7db5,e2ba61a3-d141-4def-92f8-a50543da1014,4,6540.431576
2026/02/04/01:44:49,apply-time,rs-001811-rb8ds,b7c84f9b-83af-4dfb-bfd3-293376742cd8,3,6540.431576
2026/02/04/01:44:49,running-time,rs-001811-rb8ds,b7c84f9b-83af-4dfb-bfd3-293376742cd8,3,6540.431576
2026/02/04/01:44:49,apply-time,rs-001812-9g66w,7090a7fd-bfc6-47db-9ad8-d25b85cec5b0,2,6540.431576
2026/02/04/01:44:49,running-time,rs-001812-9g66w,7090a7fd-bfc6-47db-9ad8-d25b85cec5b0,2,6540.431576
2026/02/04/01:44:49,apply-time,rs-001813-2ppfg,256814a0-dc79-4cc7-8714-f2b5c06bbc29,3,6541.431576
2026/02/04/01:44:49,running-time,rs-001813-2ppfg,256814a0-dc79-4cc7-8714-f2b5c06bbc29,3,6541.431576
2026/02/04/01:44:50,apply-time,rs-001814-d7njt,c204d442-dc27-4f72-874a-8d26f0dc46bb,1,6541.431576
2026/02/04/01:44:50,running-time,rs-001814-d7njt,c204d442-dc27-4f72-874a-8d26f0dc46bb,1,6541.431576
2026/02/04/01:44:50,apply-time,rs-001814-knkzz,780b595a-f1c0-4ac9-b7e1-1ebacf4f3ebc,1,6541.431576
2026/02/04/01:44:50,apply-time,rs-001814-wzbbn,3a50be8b-e1ee-4c1b-99db-030965d0b8fb,1,6541.431576
2026/02/04/01:44:50,apply-time,rs-001815-j8bn5,466c0a8c-5c86-49cf-bd9c-d37cc2e7af20,4,6541.431576
2026/02/04/01:44:50,running-time,rs-001815-j8bn5,466c0a8c-5c86-49cf-bd9c-d37cc2e7af20,4,6541.431576
2026/02/04/01:44:50,apply-time,rs-001815-x7s8l,43f59687-7e6f-4be9-ab38-6ebde50ff27c,4,6541.431576
2026/02/04/01:44:50,running-time,rs-001815-x7s8l,43f59687-7e6f-4be9-ab38-6ebde50ff27c,4,6541.431576
2026/02/04/01:44:50,apply-time,rs-001816-9ndr8,11553c62-237c-4ec0-b81a-2f988e374a2f,2,6541.431576
2026/02/04/01:44:50,running-time,rs-001816-9ndr8,11553c62-237c-4ec0-b81a-2f988e374a2f,2,6541.431576
2026/02/04/01:44:50,apply-time,rs-001816-fjf24,2583f746-a4d8-4c16-a802-76acda4cec64,2,6541.431576
2026/02/04/01:44:50,running-time,rs-001816-fjf24,2583f746-a4d8-4c16-a802-76acda4cec64,2,6541.431576
2026/02/04/01:44:50,apply-time,rs-001816-wpk87,f6d1c9a5-8239-4fbb-b1d5-ede9294f6b57,2,6541.431576
2026/02/04/01:44:50,running-time,rs-001816-wpk87,f6d1c9a5-8239-4fbb-b1d5-ede9294f6b57,2,6541.431576
2026/02/04/01:45:15,apply-time,rs-001029-8hm95,96415cdb-fc49-4060-86e6-0d5be02dcbf7,1,6566.431576
2026/02/04/01:45:15,running-time,rs-001029-8hm95,96415cdb-fc49-4060-86e6-0d5be02dcbf7,1,6566.431576
2026/02/04/01:45:15,running-time,rs-001810-szbqp,1e6945a2-3c8b-4770-bbeb-2f452503e142,4,6566.431576
2026/02/04/01:45:15,apply-time,rs-001817-cq7jp,d54a30f6-aec8-4d8f-8517-81b6bbcf5062,1,6566.431576
2026/02/04/01:45:15,running-time,rs-001817-cq7jp,d54a30f6-aec8-4d8f-8517-81b6bbcf5062,1,6566.431576
2026/02/04/01:45:15,apply-time,rs-001818-blsmc,0f5f79ed-9d75-4581-9144-06479c5844d0,1,6566.431576
2026/02/04/01:45:15,running-time,rs-001818-blsmc,0f5f79ed-9d75-4581-9144-06479c5844d0,1,6566.431576
2026/02/04/01:45:15,apply-time,rs-001818-vxbw4,e900ce9f-f9e8-460c-a62c-a09521af9eea,1,6566.431576
2026/02/04/01:45:15,running-time,rs-001818-vxbw4,e900ce9f-f9e8-460c-a62c-a09521af9eea,1,6566.431576
2026/02/04/01:45:15,apply-time,rs-001819-pwgzd,1ce62661-ab65-4a30-8534-d7578cb3bdc9,1,6566.431576
2026/02/04/01:45:15,running-time,rs-001819-pwgzd,1ce62661-ab65-4a30-8534-d7578cb3bdc9,1,6566.431576
2026/02/04/01:45:15,apply-time,rs-001819-qnthl,0771eb44-2584-49a4-a838-23e2930fc6a3,1,6566.431576
2026/02/04/01:45:15,running-time,rs-001819-qnthl,0771eb44-2584-49a4-a838-23e2930fc6a3,1,6566.431576
2026/02/04/01:45:17,apply-time,rs-001820-fslf6,c4dae682-0ee4-4ce4-80eb-6b0f3f00961b,4,6568.431576
2026/02/04/01:45:17,apply-time,rs-001820-md8tb,0a53f9c3-5054-495b-92fd-dec2fd643f00,4,6568.431576
2026/02/04/01:45:17,apply-time,rs-001821-5gl45,be7ee4e3-cdd3-4990-85d6-7495283ac678,3,6568.431576
2026/02/04/01:45:17,apply-time,rs-001821-8mx42,063b0ce5-517a-4799-a89f-0b1b1daca64d,3,6568.431576
2026/02/04/01:45:23,apply-time,rs-001822-7v7xl,f75d6057-0df8-473d-ad14-5f1855ba6f9f,2,6574.431576
2026/02/04/01:45:23,running-time,rs-001822-7v7xl,f75d6057-0df8-473d-ad14-5f1855ba6f9f,2,6574.431576
2026/02/04/01:45:23,apply-time,rs-001822-b7k6r,199a4d2b-8793-4269-acd4-5a0478a006c9,2,6574.431576
2026/02/04/01:45:23,running-time,rs-001822-b7k6r,199a4d2b-8793-4269-acd4-5a0478a006c9,2,6574.431576
2026/02/04/01:45:23,apply-time,rs-001822-ldq47,fb145800-9f24-4b69-b5ec-afdbdb26f79e,2,6574.431576
2026/02/04/01:45:23,running-time,rs-001822-ldq47,fb145800-9f24-4b69-b5ec-afdbdb26f79e,2,6574.431576
2026/02/04/01:45:23,apply-time,rs-001823-5f4mg,90854fe1-8125-417c-a35a-e414e3ae9ef8,1,6575.431576
2026/02/04/01:45:23,running-time,rs-001823-5f4mg,90854fe1-8125-417c-a35a-e414e3ae9ef8,1,6575.431576
2026/02/04/01:45:23,apply-time,rs-001823-8lb4v,718a8e94-75e2-4825-a828-0f82232cbdb6,1,6575.431576
2026/02/04/01:45:23,apply-time,rs-001823-mr6tm,1e9e7671-a1fe-402c-af1b-eaf08c591a7b,1,6575.431576
2026/02/04/01:45:23,apply-time,rs-001824-7js9w,7515a10f-d862-4fd4-8004-bbc6a0191c28,2,6575.431576
2026/02/04/01:45:23,apply-time,rs-001824-ck2nn,315cfdf2-fefc-49a2-9118-9b6806766015,2,6575.431576
2026/02/04/01:45:23,apply-time,rs-001825-bd8ss,a2a8828e-fc50-4d04-a64f-d2766caf5c9d,4,6575.431576
2026/02/04/01:45:23,apply-time,rs-001825-l5bpg,012447a1-8c1a-445d-bee9-7131126a9d24,4,6575.431576
2026/02/04/01:45:24,running-time,rs-001823-8lb4v,718a8e94-75e2-4825-a828-0f82232cbdb6,1,6575.431576
2026/02/04/01:45:24,running-time,rs-001823-mr6tm,1e9e7671-a1fe-402c-af1b-eaf08c591a7b,1,6575.431576
2026/02/04/01:45:30,running-time,rs-001820-md8tb,0a53f9c3-5054-495b-92fd-dec2fd643f00,4,6581.431576
2026/02/04/01:45:30,running-time,rs-001825-bd8ss,a2a8828e-fc50-4d04-a64f-d2766caf5c9d,4,6581.431576
2026/02/04/01:45:30,running-time,rs-001825-l5bpg,012447a1-8c1a-445d-bee9-7131126a9d24,4,6581.431576
2026/02/04/01:45:32,running-time,rs-001820-fslf6,c4dae682-0ee4-4ce4-80eb-6b0f3f00961b,4,6583.431576
2026/02/04/01:46:17,apply-time,rs-001826-fcqcz,6beee858-fcd0-4a2f-a1ee-40c2e9f595de,2,6628.431576
2026/02/04/01:46:17,running-time,rs-001826-fcqcz,6beee858-fcd0-4a2f-a1ee-40c2e9f595de,2,6628.431576
2026/02/04/01:46:17,apply-time,rs-001827-7pngq,12762a3b-3cb1-4d48-8328-c018c67ff711,2,6629.431576
2026/02/04/01:46:17,apply-time,rs-001828-p2l6x,8610ad55-ce6c-4522-af1d-49abb0aadf66,3,6628.431576
2026/02/04/01:46:17,apply-time,rs-001829-8j5bq,65e6173e-abcf-41a3-a8dc-20f0b0dc16b8,4,6628.431576
2026/02/04/01:46:17,running-time,rs-001829-8j5bq,65e6173e-abcf-41a3-a8dc-20f0b0dc16b8,4,6629.431576
2026/02/04/01:46:17,apply-time,rs-001829-8mcvq,d0948d00-30f6-4f2f-aa3f-168dbd28f3c8,4,6629.431576
2026/02/04/01:46:17,apply-time,rs-001829-tgvhw,33962cf5-6735-4899-b07d-77aa7439bfaf,4,6629.431576
2026/02/04/01:46:18,running-time,rs-001827-7pngq,12762a3b-3cb1-4d48-8328-c018c67ff711,2,6629.431576
2026/02/04/01:46:23,apply-time,rs-001830-qdf7g,ab592442-173a-4097-8886-3bfc6bebe4ab,3,6634.431576
2026/02/04/01:46:23,running-time,rs-001830-qdf7g,ab592442-173a-4097-8886-3bfc6bebe4ab,3,6634.431576
2026/02/04/01:46:23,apply-time,rs-001830-xtx2j,d91b57d2-c29f-4dd3-8cd1-182f8da94ff3,3,6634.431576
2026/02/04/01:46:23,running-time,rs-001830-xtx2j,d91b57d2-c29f-4dd3-8cd1-182f8da94ff3,3,6634.431576
2026/02/04/01:46:38,apply-time,rs-001831-58lvs,231cdab2-1df4-4d68-bc96-987f609f0efe,2,6649.431576
2026/02/04/01:46:38,running-time,rs-001831-58lvs,231cdab2-1df4-4d68-bc96-987f609f0efe,2,6649.431576
2026/02/04/01:46:38,apply-time,rs-001831-tm4v4,ed226918-d6fb-47f0-8eb1-2dea23aa9f40,2,6649.431576
2026/02/04/01:46:38,running-time,rs-001831-tm4v4,ed226918-d6fb-47f0-8eb1-2dea23aa9f40,2,6649.431576
2026/02/04/01:46:38,apply-time,rs-001831-v6d2n,2021fc7d-05ca-4c64-8096-4ab26b945226,2,6649.431576
2026/02/04/01:46:38,running-time,rs-001831-v6d2n,2021fc7d-05ca-4c64-8096-4ab26b945226,2,6649.431576
2026/02/04/01:46:50,apply-time,rs-001832-2tqvt,19dfc22b-2b4f-4433-a3c2-2c51cbea7bc1,3,6661.431576
2026/02/04/01:46:50,running-time,rs-001832-2tqvt,19dfc22b-2b4f-4433-a3c2-2c51cbea7bc1,3,6661.431576
2026/02/04/01:46:50,apply-time,rs-001832-vwvr9,12087433-f12c-4af4-bd14-422b8a3b149c,3,6661.431576
2026/02/04/01:46:50,running-time,rs-001832-vwvr9,12087433-f12c-4af4-bd14-422b8a3b149c,3,6661.431576
2026/02/04/01:47:02,apply-time,rs-001833-gqdt5,6e678bb8-e918-4ee5-ad6f-5284f1419a82,3,6673.431576
2026/02/04/01:47:02,apply-time,rs-001833-lq5ln,7f46c980-56c6-4770-be93-a0ec63c62268,3,6673.431576
2026/02/04/01:47:02,apply-time,rs-001833-qtw9w,91efe5c2-e375-4dfa-9d4d-6eb2f1c9cea5,3,6673.431576
2026/02/04/01:47:02,apply-time,rs-001834-6krcx,6f14c3b3-1f13-4bb6-90db-4c9bc7d659e5,3,6673.431576
2026/02/04/01:47:02,running-time,rs-001834-6krcx,6f14c3b3-1f13-4bb6-90db-4c9bc7d659e5,3,6673.431576
2026/02/04/01:47:02,apply-time,rs-001834-k84vt,64bba91f-e4bc-42f8-8433-1028cec9d0fe,3,6673.431576
2026/02/04/01:47:02,running-time,rs-001834-k84vt,64bba91f-e4bc-42f8-8433-1028cec9d0fe,3,6673.431576
2026/02/04/01:47:02,apply-time,rs-001834-tm6xw,0f9d29a3-aeba-4ebf-b031-1e704724a97e,3,6673.431576
2026/02/04/01:47:02,running-time,rs-001834-tm6xw,0f9d29a3-aeba-4ebf-b031-1e704724a97e,3,6673.431576
2026/02/04/01:47:02,apply-time,rs-001835-nc7rx,1774f39a-7e00-46e3-b2ce-6d8deda0e1f3,4,6673.431576
2026/02/04/01:47:02,running-time,rs-001835-nc7rx,1774f39a-7e00-46e3-b2ce-6d8deda0e1f3,4,6673.431576
2026/02/04/01:47:02,apply-time,rs-001835-r4rhl,15232bc5-4bf9-4b1b-8d8c-9d170bdc653b,4,6673.431576
2026/02/04/01:47:02,running-time,rs-001835-r4rhl,15232bc5-4bf9-4b1b-8d8c-9d170bdc653b,4,6673.431576
2026/02/04/01:47:06,running-time,rs-001833-gqdt5,6e678bb8-e918-4ee5-ad6f-5284f1419a82,3,6677.431576
2026/02/04/01:47:06,running-time,rs-001833-lq5ln,7f46c980-56c6-4770-be93-a0ec63c62268,3,6677.431576
2026/02/04/01:47:06,running-time,rs-001833-qtw9w,91efe5c2-e375-4dfa-9d4d-6eb2f1c9cea5,3,6677.431576
2026/02/04/01:47:07,apply-time,rs-001836-xx52m,6077f75a-53b7-4deb-b870-6e56700d7718,2,6678.431576
2026/02/04/01:47:07,running-time,rs-001836-xx52m,6077f75a-53b7-4deb-b870-6e56700d7718,2,6678.431576
2026/02/04/01:47:07,apply-time,rs-001837-8xc77,f1b4c402-1fd2-4c81-b5b3-eebc441b281f,2,6678.431576
2026/02/04/01:47:07,running-time,rs-001837-8xc77,f1b4c402-1fd2-4c81-b5b3-eebc441b281f,2,6678.431576
2026/02/04/01:47:07,apply-time,rs-001837-d8mkf,9606b27d-f9b0-4929-a563-20779bdc3d09,2,6678.431576
2026/02/04/01:47:07,running-time,rs-001837-d8mkf,9606b27d-f9b0-4929-a563-20779bdc3d09,2,6678.431576
2026/02/04/01:47:07,apply-time,rs-001837-s4v46,8fe63a6f-45d7-45fa-8d86-947b17471962,2,6678.431576
2026/02/04/01:47:07,running-time,rs-001837-s4v46,8fe63a6f-45d7-45fa-8d86-947b17471962,2,6678.431576
2026/02/04/01:47:07,apply-time,rs-001838-4dxgw,7c30ffe2-2b5a-46d3-8d37-4c63a55d7ef9,1,6678.431576
2026/02/04/01:47:07,running-time,rs-001838-4dxgw,7c30ffe2-2b5a-46d3-8d37-4c63a55d7ef9,1,6678.431576
2026/02/04/01:47:07,apply-time,rs-001838-kpln9,21b11e32-e42c-4163-a49a-b405403daab9,1,6678.431576
2026/02/04/01:47:07,running-time,rs-001838-kpln9,21b11e32-e42c-4163-a49a-b405403daab9,1,6678.431576
2026/02/04/01:47:07,apply-time,rs-001838-qt9vv,4494b5d6-f648-401b-a71e-270a4dbc54d0,1,6678.431576
2026/02/04/01:47:07,running-time,rs-001838-qt9vv,4494b5d6-f648-401b-a71e-270a4dbc54d0,1,6678.431576
2026/02/04/01:47:07,apply-time,rs-001839-srkst,7f719ab9-2f53-4588-95d6-492366508cb1,1,6678.431576
2026/02/04/01:47:07,running-time,rs-001839-srkst,7f719ab9-2f53-4588-95d6-492366508cb1,1,6678.431576
2026/02/04/01:47:07,apply-time,rs-001840-7fxcv,6ce50e97-51d0-4d4b-9c2f-8cece202c1d6,1,6678.431576
2026/02/04/01:47:07,running-time,rs-001840-7fxcv,6ce50e97-51d0-4d4b-9c2f-8cece202c1d6,1,6678.431576
2026/02/04/01:47:07,apply-time,rs-001840-rdcrs,a0365de9-dff6-46fa-bf40-067a3c3b06d6,1,6678.431576
2026/02/04/01:47:07,running-time,rs-001840-rdcrs,a0365de9-dff6-46fa-bf40-067a3c3b06d6,1,6678.431576
2026/02/04/01:47:07,apply-time,rs-001841-kpplj,e56b41c1-796f-4e73-abd1-d68bfce50973,4,6678.431576
2026/02/04/01:47:07,running-time,rs-001841-kpplj,e56b41c1-796f-4e73-abd1-d68bfce50973,4,6678.431576
2026/02/04/01:47:08,apply-time,rs-001841-jtqjc,d6e9f753-3f5f-46a0-9834-be09df20fded,4,6679.431576
2026/02/04/01:47:08,running-time,rs-001841-jtqjc,d6e9f753-3f5f-46a0-9834-be09df20fded,4,6679.431576
2026/02/04/01:47:08,apply-time,rs-001842-hgzsg,ebf3ebe8-be3a-4ee7-994d-ba7cd7b220eb,1,6679.431576
2026/02/04/01:47:08,running-time,rs-001842-hgzsg,ebf3ebe8-be3a-4ee7-994d-ba7cd7b220eb,1,6679.431576
2026/02/04/01:47:12,apply-time,rs-001843-5xz9j,cf2aae31-57c9-430c-a506-66e81a1fa14d,4,6683.431576
2026/02/04/01:47:12,running-time,rs-001843-5xz9j,cf2aae31-57c9-430c-a506-66e81a1fa14d,4,6683.431576
2026/02/04/01:47:12,apply-time,rs-001843-stms4,b0e7b50a-47e6-41cf-ac1d-d5a968bf8cc0,4,6683.431576
2026/02/04/01:47:12,running-time,rs-001843-stms4,b0e7b50a-47e6-41cf-ac1d-d5a968bf8cc0,4,6683.431576
2026/02/04/01:47:12,apply-time,rs-001844-2jbmr,30940be3-e327-4d0d-b024-0180e478293a,2,6683.431576
2026/02/04/01:47:12,running-time,rs-001844-2jbmr,30940be3-e327-4d0d-b024-0180e478293a,2,6683.431576
2026/02/04/01:47:12,apply-time,rs-001844-9jxmq,1371e739-6584-4a36-8bde-7aebc98f4823,2,6683.431576
2026/02/04/01:47:12,running-time,rs-001844-9jxmq,1371e739-6584-4a36-8bde-7aebc98f4823,2,6683.431576
2026/02/04/01:47:12,apply-time,rs-001844-x8kk4,ed0b7376-351c-460e-84d2-668cdec916e4,2,6683.431576
2026/02/04/01:47:12,running-time,rs-001844-x8kk4,ed0b7376-351c-460e-84d2-668cdec916e4,2,6683.431576
2026/02/04/01:47:12,apply-time,rs-001845-rjf2z,c51e9b59-340b-4c72-bf2d-09540fea7a27,1,6683.431576
2026/02/04/01:47:12,apply-time,rs-001845-wtznk,a923315b-46b6-4d97-84f7-034e4ca7931d,1,6683.431576
2026/02/04/01:47:12,apply-time,rs-001845-zz2d4,5a40251b-59a4-4619-860e-940b87c86207,1,6683.431576
2026/02/04/01:47:12,running-time,rs-001845-zz2d4,5a40251b-59a4-4619-860e-940b87c86207,1,6683.431576
2026/02/04/01:47:12,apply-time,rs-001846-mjh52,0c52da34-9de6-4251-8c46-135e317bc63b,1,6683.431576
2026/02/04/01:47:12,running-time,rs-001846-mjh52,0c52da34-9de6-4251-8c46-135e317bc63b,1,6683.431576
2026/02/04/01:47:12,apply-time,rs-001847-mq9mz,bc73bc5b-e39c-423f-8a76-4a93cc0937bd,3,6683.431576
2026/02/04/01:47:12,running-time,rs-001847-mq9mz,bc73bc5b-e39c-423f-8a76-4a93cc0937bd,3,6683.431576
2026/02/04/01:47:13,apply-time,rs-001848-8fxm6,6125bc10-b88e-4383-a44c-71c5b46d8fcb,1,6684.431576
2026/02/04/01:47:13,apply-time,rs-001848-tjjw4,d7ca3f78-0b81-4f65-8161-5807b788ebfc,1,6684.431576
2026/02/04/01:47:13,apply-time,rs-001849-gv8rw,3549d12c-7c69-4d1d-83ed-7c15b1d9a942,4,6684.431576
2026/02/04/01:47:13,apply-time,rs-001850-5rv6p,2cd0180d-ca01-4456-8d77-5096fa53dd76,1,6684.431576
2026/02/04/01:47:13,running-time,rs-001850-5rv6p,2cd0180d-ca01-4456-8d77-5096fa53dd76,1,6684.431576
2026/02/04/01:47:21,running-time,rs-001848-8fxm6,6125bc10-b88e-4383-a44c-71c5b46d8fcb,1,6693.431576
2026/02/04/01:47:21,running-time,rs-001848-tjjw4,d7ca3f78-0b81-4f65-8161-5807b788ebfc,1,6693.431576
2026/02/04/01:48:09,apply-time,rs-001851-t4svf,22859233-b975-4d59-9b17-5d470941c764,1,6740.431576
2026/02/04/01:48:09,running-time,rs-001851-t4svf,22859233-b975-4d59-9b17-5d470941c764,1,6740.431576
2026/02/04/01:48:09,apply-time,rs-001851-wlpz2,09afdbec-63c8-4fc6-95ab-0efe63c82133,1,6740.431576
2026/02/04/01:48:09,running-time,rs-001851-wlpz2,09afdbec-63c8-4fc6-95ab-0efe63c82133,1,6740.431576
2026/02/04/01:48:09,apply-time,rs-001852-2x2lc,5716ff67-053f-4542-8ae7-f50e35958908,1,6740.431576
2026/02/04/01:48:09,running-time,rs-001852-2x2lc,5716ff67-053f-4542-8ae7-f50e35958908,1,6740.431576
2026/02/04/01:48:09,apply-time,rs-001852-frgvj,03d616e1-22b2-4777-876c-d09ff878f179,1,6740.431576
2026/02/04/01:48:09,running-time,rs-001852-frgvj,03d616e1-22b2-4777-876c-d09ff878f179,1,6740.431576
2026/02/04/01:48:09,apply-time,rs-001853-6c7dn,98694780-e38d-4cd7-a136-40fe827749fa,1,6740.431576
2026/02/04/01:48:09,running-time,rs-001853-6c7dn,98694780-e38d-4cd7-a136-40fe827749fa,1,6741.431576
2026/02/04/01:48:09,apply-time,rs-001853-6ljzm,a52d07a8-0508-40cf-9d53-2459b59a27d1,1,6740.431576
2026/02/04/01:48:09,running-time,rs-001853-6ljzm,a52d07a8-0508-40cf-9d53-2459b59a27d1,1,6741.431576
2026/02/04/01:48:09,apply-time,rs-001854-rjq6b,a975c46e-5dd6-4d5e-9d8c-97830e235495,1,6740.431576
2026/02/04/01:48:09,running-time,rs-001854-rjq6b,a975c46e-5dd6-4d5e-9d8c-97830e235495,1,6740.431576
2026/02/04/01:48:09,apply-time,rs-001854-s2wnx,17e6127b-1bb0-4a23-a74c-2f1e0092ccb9,1,6740.431576
2026/02/04/01:48:09,running-time,rs-001854-s2wnx,17e6127b-1bb0-4a23-a74c-2f1e0092ccb9,1,6740.431576
2026/02/04/01:48:09,apply-time,rs-001854-tln8j,6fddaeb8-74b3-45a3-8ecb-a8c639d6eced,1,6740.431576
2026/02/04/01:48:09,running-time,rs-001854-tln8j,6fddaeb8-74b3-45a3-8ecb-a8c639d6eced,1,6740.431576
2026/02/04/01:48:09,apply-time,rs-001855-npcnd,a8f87a93-a228-468e-81b3-54d313fb3821,3,6741.431576
2026/02/04/01:48:09,running-time,rs-001855-npcnd,a8f87a93-a228-468e-81b3-54d313fb3821,3,6741.431576
2026/02/04/01:48:10,apply-time,rs-001856-2r7rb,ed234ed0-487e-4d36-a6b0-ae1535a5d862,4,6741.431576
2026/02/04/01:48:10,running-time,rs-001856-2r7rb,ed234ed0-487e-4d36-a6b0-ae1535a5d862,4,6741.431576
2026/02/04/01:48:10,apply-time,rs-001856-hhfp4,26b0f2d4-7d25-4b1e-a40d-0458d71a8fc4,4,6741.431576
2026/02/04/01:48:10,apply-time,rs-001857-j9gsz,4f072566-f955-49fd-95d5-a2a5e81630ae,1,6741.431576
2026/02/04/01:48:10,running-time,rs-001857-j9gsz,4f072566-f955-49fd-95d5-a2a5e81630ae,1,6741.431576
2026/02/04/01:48:10,apply-time,rs-001857-nbzsx,2e72e45b-1a67-43b6-8b42-6a240eb70beb,1,6741.431576
2026/02/04/01:48:10,running-time,rs-001857-nbzsx,2e72e45b-1a67-43b6-8b42-6a240eb70beb,1,6741.431576
2026/02/04/01:48:12,running-time,rs-001856-hhfp4,26b0f2d4-7d25-4b1e-a40d-0458d71a8fc4,4,6743.431576
2026/02/04/01:48:33,apply-time,rs-001858-5zwqj,b45818ad-7ad6-4dc5-a494-f5e8fbcc36bf,1,6765.431576
2026/02/04/01:48:33,running-time,rs-001858-5zwqj,b45818ad-7ad6-4dc5-a494-f5e8fbcc36bf,1,6765.431576
2026/02/04/01:48:33,apply-time,rs-001859-nm5jk,1b83a85e-2f9c-45af-9d10-b48e186c17ff,1,6765.431576
2026/02/04/01:48:33,running-time,rs-001859-nm5jk,1b83a85e-2f9c-45af-9d10-b48e186c17ff,1,6765.431576
2026/02/04/01:48:33,apply-time,rs-001859-vjcmk,ee083751-f96b-4f68-b340-a46b404d04af,1,6765.431576
2026/02/04/01:48:33,running-time,rs-001859-vjcmk,ee083751-f96b-4f68-b340-a46b404d04af,1,6765.431576
2026/02/04/01:48:33,apply-time,rs-001859-vjzmd,f629d339-1cfe-4a04-8b9e-a421d8c0d3be,1,6765.431576
2026/02/04/01:48:33,running-time,rs-001859-vjzmd,f629d339-1cfe-4a04-8b9e-a421d8c0d3be,1,6765.431576
2026/02/04/01:48:43,apply-time,rs-001860-8xcz7,95b5d02f-4aa4-4f2d-bc69-a2908e2ae149,1,6774.431576
2026/02/04/01:48:43,running-time,rs-001860-8xcz7,95b5d02f-4aa4-4f2d-bc69-a2908e2ae149,1,6774.431576
2026/02/04/01:48:43,apply-time,rs-001860-sfxh6,2cac7e59-adf7-471b-a2df-722df28f0f93,1,6774.431576
2026/02/04/01:48:43,apply-time,rs-001860-x6z5v,0082a862-86ff-44c7-8f9f-a928454f6a52,1,6774.431576
2026/02/04/01:48:46,apply-time,rs-001861-lcqrf,4411afa3-f0e5-469e-87e8-9c6d3ddc9f66,1,6778.431576
2026/02/04/01:48:46,apply-time,rs-001861-lrpvx,dead7de3-2eda-48fc-a5bc-c7ff8cea53e1,1,6778.431576
2026/02/04/01:48:46,running-time,rs-001861-lrpvx,dead7de3-2eda-48fc-a5bc-c7ff8cea53e1,1,6778.431576
2026/02/04/01:48:49,running-time,rs-001860-sfxh6,2cac7e59-adf7-471b-a2df-722df28f0f93,1,6781.431576
2026/02/04/01:48:49,running-time,rs-001860-x6z5v,0082a862-86ff-44c7-8f9f-a928454f6a52,1,6781.431576
2026/02/04/01:48:51,apply-time,rs-001862-w42p2,bf6c3680-a1aa-46d4-bd01-25aec212809d,3,6782.431576
2026/02/04/01:48:51,running-time,rs-001862-w42p2,bf6c3680-a1aa-46d4-bd01-25aec212809d,3,6782.431576
2026/02/04/01:48:51,apply-time,rs-001862-zgtc6,ada3b284-24dd-472a-b189-eeb1e0d9576c,3,6782.431576
2026/02/04/01:48:51,running-time,rs-001862-zgtc6,ada3b284-24dd-472a-b189-eeb1e0d9576c,3,6782.431576
2026/02/04/01:48:51,apply-time,rs-001863-2kbdz,2cf27437-9d3a-4d8a-8fc1-d9c951eb743a,1,6783.431576
2026/02/04/01:48:51,running-time,rs-001863-2kbdz,2cf27437-9d3a-4d8a-8fc1-d9c951eb743a,1,6783.431576
2026/02/04/01:48:51,apply-time,rs-001863-j2xcw,c9a05d72-0fef-4a84-a1e7-32fb5cf1e177,1,6783.431576
2026/02/04/01:48:51,running-time,rs-001863-j2xcw,c9a05d72-0fef-4a84-a1e7-32fb5cf1e177,1,6783.431576
2026/02/04/01:48:51,apply-time,rs-001863-vhvxc,6ef3b6a9-5f2e-46d5-8c5b-a6d5ce3939c2,1,6783.431576
2026/02/04/01:48:51,running-time,rs-001863-vhvxc,6ef3b6a9-5f2e-46d5-8c5b-a6d5ce3939c2,1,6783.431576
2026/02/04/01:48:51,apply-time,rs-001864-jht7v,b46dbdc3-18c8-43d8-bb58-0c89386d998d,2,6783.431576
2026/02/04/01:48:51,running-time,rs-001864-jht7v,b46dbdc3-18c8-43d8-bb58-0c89386d998d,2,6783.431576
2026/02/04/01:48:57,apply-time,rs-001865-fskc6,891db7f1-bab3-4b25-a565-59c46cf8e807,1,6788.431576
2026/02/04/01:48:57,running-time,rs-001865-fskc6,891db7f1-bab3-4b25-a565-59c46cf8e807,1,6788.431576
2026/02/04/01:48:57,apply-time,rs-001865-mr76k,7860c2d6-aa56-458b-a62e-cbdbe40c4cb7,1,6788.431576
2026/02/04/01:48:57,running-time,rs-001865-mr76k,7860c2d6-aa56-458b-a62e-cbdbe40c4cb7,1,6788.431576
2026/02/04/01:48:59,apply-time,rs-001866-s9b7s,37e93480-59ac-4a9c-be30-fb72ed235506,2,6791.431576
2026/02/04/01:48:59,running-time,rs-001866-s9b7s,37e93480-59ac-4a9c-be30-fb72ed235506,2,6791.431576
2026/02/04/01:48:59,apply-time,rs-001866-whvjc,01eb8f45-eabd-4c51-9526-3caa2f467015,2,6791.431576
2026/02/04/01:48:59,running-time,rs-001866-whvjc,01eb8f45-eabd-4c51-9526-3caa2f467015,2,6791.431576
2026/02/04/01:48:59,apply-time,rs-001867-8zb7b,5624bd78-28f1-4730-9f17-29739d7c594c,3,6791.431576
2026/02/04/01:48:59,running-time,rs-001867-8zb7b,5624bd78-28f1-4730-9f17-29739d7c594c,3,6791.431576
2026/02/04/01:48:59,apply-time,rs-001867-p58fd,8fb1c68a-f0f0-48f2-97c5-a72d7b4d200f,3,6791.431576
2026/02/04/01:48:59,running-time,rs-001867-p58fd,8fb1c68a-f0f0-48f2-97c5-a72d7b4d200f,3,6791.431576
2026/02/04/01:48:59,apply-time,rs-001868-9zvvq,03195fce-a74d-4315-a11c-f2bbbf3eac74,1,6791.431576
2026/02/04/01:48:59,running-time,rs-001868-9zvvq,03195fce-a74d-4315-a11c-f2bbbf3eac74,1,6791.431576
2026/02/04/01:48:59,apply-time,rs-001869-6sc58,e686839e-e8b8-4c4d-9028-4d6cd4730de6,2,6791.431576
2026/02/04/01:48:59,running-time,rs-001869-6sc58,e686839e-e8b8-4c4d-9028-4d6cd4730de6,2,6791.431576
2026/02/04/01:48:59,apply-time,rs-001869-bqspp,cc1670ac-f43b-4951-917b-d5a6595111d4,2,6791.431576
2026/02/04/01:48:59,running-time,rs-001869-bqspp,cc1670ac-f43b-4951-917b-d5a6595111d4,2,6791.431576
2026/02/04/01:48:59,apply-time,rs-001870-frlqj,ad001812-f823-4794-aed0-cd9b05ce4e19,1,6791.431576
2026/02/04/01:48:59,apply-time,rs-001870-h2jnw,178803f6-cd39-4139-a8fe-d959d25e5c62,1,6791.431576
2026/02/04/01:48:59,apply-time,rs-001870-mq8mm,e931e1bb-ebd8-44f7-92fd-a8038d1aa085,1,6791.431576
2026/02/04/01:49:00,running-time,rs-001870-frlqj,ad001812-f823-4794-aed0-cd9b05ce4e19,1,6791.431576
2026/02/04/01:49:00,running-time,rs-001870-h2jnw,178803f6-cd39-4139-a8fe-d959d25e5c62,1,6791.431576
2026/02/04/01:49:00,running-time,rs-001870-mq8mm,e931e1bb-ebd8-44f7-92fd-a8038d1aa085,1,6791.431576
2026/02/04/01:49:00,apply-time,rs-001871-fbcmr,e8d38cf0-88cb-4957-9665-7dd096a1394e,4,6791.431576
2026/02/04/01:49:00,running-time,rs-001871-fbcmr,e8d38cf0-88cb-4957-9665-7dd096a1394e,4,6791.431576
2026/02/04/01:49:00,apply-time,rs-001871-gj9fc,3f1466f8-8c33-42b0-b2c8-c9ed91bdcd7b,4,6791.431576
2026/02/04/01:49:00,running-time,rs-001871-gj9fc,3f1466f8-8c33-42b0-b2c8-c9ed91bdcd7b,4,6791.431576
2026/02/04/01:49:00,apply-time,rs-001871-xtrrl,785e2300-df60-4079-956b-029931230fb9,4,6791.431576
2026/02/04/01:49:00,running-time,rs-001871-xtrrl,785e2300-df60-4079-956b-029931230fb9,4,6791.431576
2026/02/04/01:49:11,apply-time,rs-001872-lx6zq,de836b77-a565-4cb4-a165-3334a09b1c8a,1,6802.431576
2026/02/04/01:49:11,running-time,rs-001872-lx6zq,de836b77-a565-4cb4-a165-3334a09b1c8a,1,6802.431576
2026/02/04/01:49:11,apply-time,rs-001873-b557b,229c2957-67c3-4ec7-be1a-c35c397bf15c,4,6802.431576
2026/02/04/01:49:11,running-time,rs-001873-b557b,229c2957-67c3-4ec7-be1a-c35c397bf15c,4,6802.431576
2026/02/04/01:49:11,apply-time,rs-001873-lsvw2,55d4d03d-e727-4d0e-acba-b2f0a6979b21,4,6802.431576
2026/02/04/01:49:11,running-time,rs-001873-lsvw2,55d4d03d-e727-4d0e-acba-b2f0a6979b21,4,6802.431576
2026/02/04/01:49:11,apply-time,rs-001873-njpg6,8c99ded0-cf48-464b-a764-e864b5fa85c0,4,6802.431576
2026/02/04/01:49:11,running-time,rs-001873-njpg6,8c99ded0-cf48-464b-a764-e864b5fa85c0,4,6802.431576
2026/02/04/01:49:11,apply-time,rs-001874-tvvzd,55b570d2-850b-4a53-9e47-caebbd4a7061,4,6802.431576
2026/02/04/01:49:11,running-time,rs-001874-tvvzd,55b570d2-850b-4a53-9e47-caebbd4a7061,4,6802.431576
2026/02/04/01:49:11,apply-time,rs-001875-gfhm8,2e87a2a9-86c1-4c74-a71d-a89bff3fe421,2,6802.431576
2026/02/04/01:49:11,running-time,rs-001875-gfhm8,2e87a2a9-86c1-4c74-a71d-a89bff3fe421,2,6802.431576
2026/02/04/01:49:11,apply-time,rs-001875-m5xgw,a41039bb-23b9-4ad5-b0ac-b58012d277f3,2,6802.431576
2026/02/04/01:49:11,running-time,rs-001875-m5xgw,a41039bb-23b9-4ad5-b0ac-b58012d277f3,2,6802.431576
2026/02/04/01:49:14,apply-time,rs-001876-8s9br,a28155c7-cedd-4972-8215-0dfe58d5c1cb,3,6805.431576
2026/02/04/01:49:14,running-time,rs-001876-8s9br,a28155c7-cedd-4972-8215-0dfe58d5c1cb,3,6805.431576
2026/02/04/01:49:14,apply-time,rs-001876-ckq5x,be999520-3b95-40fd-a258-b7f98f45ea66,3,6805.431576
2026/02/04/01:49:14,running-time,rs-001876-ckq5x,be999520-3b95-40fd-a258-b7f98f45ea66,3,6805.431576
2026/02/04/01:49:17,apply-time,rs-001877-9x26w,d7463e27-675f-44fc-9d31-b327eee729a5,3,6808.431576
2026/02/04/01:49:17,running-time,rs-001877-9x26w,d7463e27-675f-44fc-9d31-b327eee729a5,3,6808.431576
2026/02/04/01:49:17,apply-time,rs-001877-skdbv,b9f91e30-b4f3-4a54-9e75-e0e18a4f106c,3,6808.431576
2026/02/04/01:49:17,running-time,rs-001877-skdbv,b9f91e30-b4f3-4a54-9e75-e0e18a4f106c,3,6808.431576
2026/02/04/01:49:17,apply-time,rs-001877-znbf6,51f6ed29-a93f-44e2-9d0a-97d06f7f334b,3,6808.431576
2026/02/04/01:49:17,running-time,rs-001877-znbf6,51f6ed29-a93f-44e2-9d0a-97d06f7f334b,3,6808.431576
2026/02/04/01:49:46,apply-time,rs-001878-hklf5,efa5d0ac-4a54-487f-a9fc-b6868b9bf882,1,6837.431576
2026/02/04/01:49:46,running-time,rs-001878-hklf5,efa5d0ac-4a54-487f-a9fc-b6868b9bf882,1,6837.431576
2026/02/04/01:49:46,apply-time,rs-001878-hwjsk,d7201b59-e992-4539-9e3a-e839b406bbb6,1,6837.431576
2026/02/04/01:49:46,running-time,rs-001878-hwjsk,d7201b59-e992-4539-9e3a-e839b406bbb6,1,6837.431576
2026/02/04/01:49:46,apply-time,rs-001878-l8k2s,54fbe11d-8fbc-433c-b5fe-16dbf5f05e64,1,6837.431576
2026/02/04/01:49:46,running-time,rs-001878-l8k2s,54fbe11d-8fbc-433c-b5fe-16dbf5f05e64,1,6837.431576
2026/02/04/01:49:58,apply-time,rs-001879-tzc8m,95cb0d69-d00b-4c6b-bf86-b47094789706,2,6849.431576
2026/02/04/01:49:58,running-time,rs-001879-tzc8m,95cb0d69-d00b-4c6b-bf86-b47094789706,2,6849.431576
2026/02/04/01:49:58,apply-time,rs-001880-4flpv,34a91dab-a22e-4b44-a2d1-b9ac4e487a8e,2,6849.431576
2026/02/04/01:49:58,running-time,rs-001880-4flpv,34a91dab-a22e-4b44-a2d1-b9ac4e487a8e,2,6849.431576
2026/02/04/01:49:58,apply-time,rs-001880-bmxrv,a0122346-6e74-46c1-ab2b-7ab75500284e,2,6849.431576
2026/02/04/01:49:58,running-time,rs-001880-bmxrv,a0122346-6e74-46c1-ab2b-7ab75500284e,2,6849.431576
2026/02/04/01:49:58,apply-time,rs-001881-c2njz,6db72c02-ec87-4b88-a066-96518d152353,3,6849.431576
2026/02/04/01:49:58,running-time,rs-001881-c2njz,6db72c02-ec87-4b88-a066-96518d152353,3,6849.431576
2026/02/04/01:49:58,apply-time,rs-001881-n8qb5,9ac8324a-7060-421a-b31e-2b12fbcaa2e8,3,6849.431576
2026/02/04/01:49:58,running-time,rs-001881-n8qb5,9ac8324a-7060-421a-b31e-2b12fbcaa2e8,3,6849.431576
2026/02/04/01:49:58,apply-time,rs-001882-fbm72,71fd8974-14f9-4042-b23e-6c77dc14b5a9,1,6849.431576
2026/02/04/01:49:58,running-time,rs-001882-fbm72,71fd8974-14f9-4042-b23e-6c77dc14b5a9,1,6849.431576
2026/02/04/01:49:58,apply-time,rs-001882-gnk8c,4258b09a-2ff8-4381-8fa4-1788990ce43d,1,6849.431576
2026/02/04/01:49:58,running-time,rs-001882-gnk8c,4258b09a-2ff8-4381-8fa4-1788990ce43d,1,6849.431576
2026/02/04/01:49:58,apply-time,rs-001882-pxt5p,5ecd33ec-36e3-46a4-99fc-3a55dbad54ac,1,6849.431576
2026/02/04/01:49:58,running-time,rs-001882-pxt5p,5ecd33ec-36e3-46a4-99fc-3a55dbad54ac,1,6849.431576
2026/02/04/01:50:02,apply-time,rs-001883-jctmr,7e389048-3c63-4676-ae0c-6a46a35237ee,2,6853.431576
2026/02/04/01:50:02,running-time,rs-001883-jctmr,7e389048-3c63-4676-ae0c-6a46a35237ee,2,6853.431576
2026/02/04/01:50:02,apply-time,rs-001883-jq7fr,35154c3f-b318-4ee3-8502-fbd0a9162d97,2,6853.431576
2026/02/04/01:50:02,running-time,rs-001883-jq7fr,35154c3f-b318-4ee3-8502-fbd0a9162d97,2,6853.431576
2026/02/04/01:50:03,apply-time,rs-001884-h2dlb,131a2583-d6d1-4fcc-a2d2-0c5fffa56e6a,1,6854.431576
2026/02/04/01:50:03,running-time,rs-001884-h2dlb,131a2583-d6d1-4fcc-a2d2-0c5fffa56e6a,1,6854.431576
2026/02/04/01:50:15,apply-time,rs-001885-p5rwm,f9a0f200-f634-4e39-a26c-90f0178eec8c,4,6867.431576
2026/02/04/01:50:15,apply-time,rs-001885-t5lxk,aec88000-d187-493e-965a-5d392b1ca73d,4,6867.431576
2026/02/04/01:50:15,running-time,rs-001885-t5lxk,aec88000-d187-493e-965a-5d392b1ca73d,4,6867.431576
2026/02/04/01:50:17,apply-time,rs-001886-9mpks,26a266f7-d920-41b5-9134-e505d602cc52,2,6868.431576
2026/02/04/01:50:17,running-time,rs-001886-9mpks,26a266f7-d920-41b5-9134-e505d602cc52,2,6868.431576
2026/02/04/01:50:17,apply-time,rs-001886-hfs74,09b80e84-42a4-40d8-80e5-0a5c89f9865d,2,6868.431576
2026/02/04/01:50:17,running-time,rs-001886-hfs74,09b80e84-42a4-40d8-80e5-0a5c89f9865d,2,6868.431576
2026/02/04/01:50:17,apply-time,rs-001886-pdvr2,6836508e-81d3-4064-ab72-9469cbf40848,2,6868.431576
2026/02/04/01:50:17,running-time,rs-001886-pdvr2,6836508e-81d3-4064-ab72-9469cbf40848,2,6868.431576
2026/02/04/01:50:20,apply-time,rs-001887-72ftn,6bc6ffbe-002c-4521-8fce-2fb2978d1a43,3,6871.431576
2026/02/04/01:50:20,running-time,rs-001887-72ftn,6bc6ffbe-002c-4521-8fce-2fb2978d1a43,3,6871.431576
2026/02/04/01:50:20,apply-time,rs-001887-kvnsh,6ea7f149-0142-4c8b-9d45-0167c1bdf26d,3,6871.431576
2026/02/04/01:50:20,running-time,rs-001887-kvnsh,6ea7f149-0142-4c8b-9d45-0167c1bdf26d,3,6871.431576
2026/02/04/01:50:20,apply-time,rs-001888-2rx4f,0e2abdd1-6105-4413-affd-76e281fd6df0,3,6871.431576
2026/02/04/01:50:20,running-time,rs-001888-2rx4f,0e2abdd1-6105-4413-affd-76e281fd6df0,3,6871.431576
2026/02/04/01:50:20,apply-time,rs-001889-d2zr8,6e8e5a67-92e4-43fe-92e7-48a5c3290809,1,6871.431576
2026/02/04/01:50:20,running-time,rs-001889-d2zr8,6e8e5a67-92e4-43fe-92e7-48a5c3290809,1,6871.431576
2026/02/04/01:50:20,apply-time,rs-001889-kdp6k,5951d136-6900-45ed-b712-e6189982be2e,1,6871.431576
2026/02/04/01:50:20,running-time,rs-001889-kdp6k,5951d136-6900-45ed-b712-e6189982be2e,1,6871.431576
2026/02/04/01:50:20,apply-time,rs-001889-wc7tv,fcd84fec-03fc-405a-a6c4-e4f24a8b4efa,1,6871.431576
2026/02/04/01:50:20,running-time,rs-001889-wc7tv,fcd84fec-03fc-405a-a6c4-e4f24a8b4efa,1,6871.431576
2026/02/04/01:50:20,apply-time,rs-001890-bc2wr,19e30a7c-f86d-4756-988a-ec84a2aa4d9c,2,6871.431576
2026/02/04/01:50:20,running-time,rs-001890-bc2wr,19e30a7c-f86d-4756-988a-ec84a2aa4d9c,2,6871.431576
2026/02/04/01:50:20,apply-time,rs-001890-j2jmh,deb1bc17-d6f3-4943-b0d5-5a973d97dcc7,2,6871.431576
2026/02/04/01:50:20,running-time,rs-001890-j2jmh,deb1bc17-d6f3-4943-b0d5-5a973d97dcc7,2,6871.431576
2026/02/04/01:50:20,apply-time,rs-001890-k57qm,ddbda484-4389-4a02-8251-bdcf196dedb1,2,6871.431576
2026/02/04/01:50:20,running-time,rs-001890-k57qm,ddbda484-4389-4a02-8251-bdcf196dedb1,2,6871.431576
2026/02/04/01:50:34,apply-time,rs-000905-ws5gh,266ffe49-daf1-453b-b76c-eed20a78c542,1,6885.431576
2026/02/04/01:50:34,running-time,rs-000905-ws5gh,266ffe49-daf1-453b-b76c-eed20a78c542,1,6885.431576
2026/02/04/01:50:34,running-time,rs-001885-p5rwm,f9a0f200-f634-4e39-a26c-90f0178eec8c,4,6885.431576
2026/02/04/01:50:55,apply-time,rs-001891-5d9p2,db1cfc08-16a0-437a-8727-e61f61368933,1,6906.431576
2026/02/04/01:50:55,running-time,rs-001891-5d9p2,db1cfc08-16a0-437a-8727-e61f61368933,1,6906.431576
2026/02/04/01:50:55,apply-time,rs-001892-2p6db,1d02afce-0256-4337-9b14-4a344f91d8ae,1,6906.431576
2026/02/04/01:50:55,running-time,rs-001892-2p6db,1d02afce-0256-4337-9b14-4a344f91d8ae,1,6906.431576
2026/02/04/01:50:55,apply-time,rs-001892-5lbz4,537135b5-256b-4bb5-8dd7-8e81beca9db2,1,6906.431576
2026/02/04/01:50:55,running-time,rs-001892-5lbz4,537135b5-256b-4bb5-8dd7-8e81beca9db2,1,6906.431576
2026/02/04/01:50:55,apply-time,rs-001892-x5zt7,99defc93-5001-4d8e-b4c6-1aab299b7dd6,1,6906.431576
2026/02/04/01:50:55,running-time,rs-001892-x5zt7,99defc93-5001-4d8e-b4c6-1aab299b7dd6,1,6906.431576
2026/02/04/01:50:55,apply-time,rs-001893-jcfzp,868a5c16-9ab5-42be-8fab-7d35ce85cd4c,3,6906.431576
2026/02/04/01:50:55,running-time,rs-001893-jcfzp,868a5c16-9ab5-42be-8fab-7d35ce85cd4c,3,6906.431576
2026/02/04/01:50:55,apply-time,rs-001893-r5qbf,8f5bae90-3df0-4759-8261-6aac67dea73c,3,6906.431576
2026/02/04/01:50:55,running-time,rs-001893-r5qbf,8f5bae90-3df0-4759-8261-6aac67dea73c,3,6906.431576
2026/02/04/01:50:55,apply-time,rs-001894-zk22s,f0aace25-19bd-4bbf-b9c4-a07c1f0c2bad,1,6906.431576
2026/02/04/01:50:55,running-time,rs-001894-zk22s,f0aace25-19bd-4bbf-b9c4-a07c1f0c2bad,1,6906.431576
2026/02/04/01:50:55,apply-time,rs-001895-49mp9,9fdac243-ecbc-4b60-a461-cc47a005603f,4,6906.431576
2026/02/04/01:50:55,running-time,rs-001895-49mp9,9fdac243-ecbc-4b60-a461-cc47a005603f,4,6907.431576
2026/02/04/01:50:56,apply-time,rs-001896-6k8pr,86b865b7-fd92-49d3-b22b-e06af4bb9703,1,6907.431576
2026/02/04/01:50:56,apply-time,rs-001896-rrsk2,57da68c1-50a1-4f01-8e14-0d756f1dbee4,1,6907.431576
2026/02/04/01:50:56,apply-time,rs-001897-26b6f,9c7d1249-ec7f-4309-8bd3-63aa25f28997,1,6907.431576
2026/02/04/01:50:56,running-time,rs-001897-26b6f,9c7d1249-ec7f-4309-8bd3-63aa25f28997,1,6907.431576
2026/02/04/01:50:56,apply-time,rs-001897-6w2gq,15c8796f-cae2-4c4b-9a46-e607249d1bc1,1,6907.431576
2026/02/04/01:50:56,running-time,rs-001897-6w2gq,15c8796f-cae2-4c4b-9a46-e607249d1bc1,1,6907.431576
2026/02/04/01:50:56,apply-time,rs-001897-8hdwp,9896a40a-60d5-47bd-ab7b-6ac4ef105eda,1,6907.431576
2026/02/04/01:50:56,running-time,rs-001897-8hdwp,9896a40a-60d5-47bd-ab7b-6ac4ef105eda,1,6907.431576
2026/02/04/01:50:56,apply-time,rs-001898-skksd,91281079-26d0-4144-b8f9-adde8987f14d,1,6907.431576
2026/02/04/01:50:56,running-time,rs-001898-skksd,91281079-26d0-4144-b8f9-adde8987f14d,1,6907.431576
2026/02/04/01:50:56,apply-time,rs-001898-v7chd,96c13128-dcd8-4b61-a23b-6664fd1a1cb0,1,6907.431576
2026/02/04/01:50:56,running-time,rs-001898-v7chd,96c13128-dcd8-4b61-a23b-6664fd1a1cb0,1,6907.431576
2026/02/04/01:50:56,apply-time,rs-001899-2ssjt,d97c3428-7504-4789-a648-e41c8fac82d3,1,6907.431576
2026/02/04/01:50:56,running-time,rs-001899-2ssjt,d97c3428-7504-4789-a648-e41c8fac82d3,1,6907.431576
2026/02/04/01:51:00,running-time,rs-001896-6k8pr,86b865b7-fd92-49d3-b22b-e06af4bb9703,1,6911.431576
2026/02/04/01:51:39,apply-time,rs-001900-d2nng,ed759b14-b000-4f17-9f66-5843ae7a2f96,2,6951.431576
2026/02/04/01:51:39,apply-time,rs-001901-j65bq,82c9b266-f8b1-416e-a678-a2c2dac49d98,1,6951.431576
2026/02/04/01:51:40,running-time,rs-001900-d2nng,ed759b14-b000-4f17-9f66-5843ae7a2f96,2,6951.431576
2026/02/04/01:51:40,running-time,rs-001901-j65bq,82c9b266-f8b1-416e-a678-a2c2dac49d98,1,6951.431576
2026/02/04/01:51:41,apply-time,rs-001902-chmht,80485380-ec93-4c0c-a8bb-94ecc7e3910e,3,6952.431576
2026/02/04/01:51:41,running-time,rs-001902-chmht,80485380-ec93-4c0c-a8bb-94ecc7e3910e,3,6952.431576
2026/02/04/01:51:54,apply-time,rs-001903-7j4pf,a1152f42-10be-4670-b352-5c9896adb705,1,6965.431576
2026/02/04/01:51:54,running-time,rs-001903-7j4pf,a1152f42-10be-4670-b352-5c9896adb705,1,6965.431576
2026/02/04/01:51:54,apply-time,rs-001903-hgprl,135f8047-1ec6-4cdb-82a7-c2d668217528,1,6965.431576
2026/02/04/01:51:54,running-time,rs-001903-hgprl,135f8047-1ec6-4cdb-82a7-c2d668217528,1,6965.431576
2026/02/04/01:51:54,apply-time,rs-001904-bhtpl,6e202253-cb54-4365-a4c8-ca5e5f872d78,1,6965.431576
2026/02/04/01:51:54,running-time,rs-001904-bhtpl,6e202253-cb54-4365-a4c8-ca5e5f872d78,1,6965.431576
2026/02/04/01:51:54,apply-time,rs-001904-dqvbh,b50f8de9-3f21-4733-833a-36969a3b888e,1,6965.431576
2026/02/04/01:51:54,running-time,rs-001904-dqvbh,b50f8de9-3f21-4733-833a-36969a3b888e,1,6965.431576
2026/02/04/01:51:54,apply-time,rs-001904-ztwkf,c171a743-1a34-492a-8704-2faada21e03a,1,6965.431576
2026/02/04/01:51:54,running-time,rs-001904-ztwkf,c171a743-1a34-492a-8704-2faada21e03a,1,6965.431576
2026/02/04/01:51:54,apply-time,rs-001905-7clfr,55b6c291-eb8d-49ed-8cb5-b932527210a0,2,6965.431576
2026/02/04/01:51:54,running-time,rs-001905-7clfr,55b6c291-eb8d-49ed-8cb5-b932527210a0,2,6965.431576
2026/02/04/01:51:54,apply-time,rs-001905-ztg66,e9684b6a-ddfd-4d19-823c-c2e7580bd67d,2,6965.431576
2026/02/04/01:51:54,running-time,rs-001905-ztg66,e9684b6a-ddfd-4d19-823c-c2e7580bd67d,2,6965.431576
2026/02/04/01:52:00,apply-time,rs-001906-2czqn,327189ce-e7e3-4d75-ac98-875c387933e7,3,6971.431576
2026/02/04/01:52:00,running-time,rs-001906-2czqn,327189ce-e7e3-4d75-ac98-875c387933e7,3,6971.431576
2026/02/04/01:52:00,apply-time,rs-001906-bpjvs,da2a91d1-bf5e-4108-a8f6-c000f5e592a1,3,6971.431576
2026/02/04/01:52:00,running-time,rs-001906-bpjvs,da2a91d1-bf5e-4108-a8f6-c000f5e592a1,3,6971.431576
2026/02/04/01:52:11,apply-time,rs-001907-rhm9t,46bc2e16-c617-46cd-94f5-4c1db2842ded,2,6982.431576
2026/02/04/01:52:11,running-time,rs-001907-rhm9t,46bc2e16-c617-46cd-94f5-4c1db2842ded,2,6982.431576
2026/02/04/01:52:11,apply-time,rs-001908-7q9mv,f40e42dd-999e-4221-a293-c8a12516205e,2,6982.431576
2026/02/04/01:52:11,running-time,rs-001908-7q9mv,f40e42dd-999e-4221-a293-c8a12516205e,2,6982.431576
2026/02/04/01:52:11,apply-time,rs-001908-dn29s,d85edf5f-c5e9-4359-8e4b-8ad2418c0657,2,6982.431576
2026/02/04/01:52:11,running-time,rs-001908-dn29s,d85edf5f-c5e9-4359-8e4b-8ad2418c0657,2,6982.431576
2026/02/04/01:52:11,apply-time,rs-001909-f7z4x,78c2e673-56bd-47ef-a550-52edad019262,4,6982.431576
2026/02/04/01:52:11,running-time,rs-001909-f7z4x,78c2e673-56bd-47ef-a550-52edad019262,4,6982.431576
2026/02/04/01:52:11,apply-time,rs-001910-5zv4b,6c232716-bd71-4931-84f2-ebcfc4ea40db,3,6982.431576
2026/02/04/01:52:11,apply-time,rs-001910-b4t7w,044b43d4-325c-4d9c-94e4-fd5a3f1a5ab5,3,6982.431576
2026/02/04/01:52:11,apply-time,rs-001910-gsnxb,9463ffa0-b5d9-492a-8d29-04ce6354a4df,3,6982.431576
2026/02/04/01:52:12,apply-time,rs-001911-qvfm4,eb1cb000-27a7-45c9-9a83-c19cd01ef48b,3,6983.431576
2026/02/04/01:52:12,running-time,rs-001911-qvfm4,eb1cb000-27a7-45c9-9a83-c19cd01ef48b,3,6983.431576
2026/02/04/01:52:15,apply-time,rs-001912-ddqxt,4e457bcb-45ab-4ee1-a02a-5e0b100d5722,3,6986.431576
2026/02/04/01:52:15,running-time,rs-001912-ddqxt,4e457bcb-45ab-4ee1-a02a-5e0b100d5722,3,6986.431576
2026/02/04/01:52:15,apply-time,rs-001913-6mz5b,aec24729-1b42-45be-a3f8-0f233c2b74b6,1,6986.431576
2026/02/04/01:52:15,running-time,rs-001913-6mz5b,aec24729-1b42-45be-a3f8-0f233c2b74b6,1,6986.431576
2026/02/04/01:52:15,apply-time,rs-001913-cws56,56a0297e-d8eb-4924-80d1-971cb10d6709,1,6986.431576
2026/02/04/01:52:15,running-time,rs-001913-cws56,56a0297e-d8eb-4924-80d1-971cb10d6709,1,6986.431576
2026/02/04/01:52:23,apply-time,rs-001914-q9fqw,0732383e-00d7-45b5-9920-213388a116f1,2,6994.431576
2026/02/04/01:52:23,running-time,rs-001914-q9fqw,0732383e-00d7-45b5-9920-213388a116f1,2,6994.431576
2026/02/04/01:52:23,apply-time,rs-001914-sc6fh,7dd5857a-ba99-4e77-9c55-6c42fe2763e7,2,6994.431576
2026/02/04/01:52:23,running-time,rs-001914-sc6fh,7dd5857a-ba99-4e77-9c55-6c42fe2763e7,2,6994.431576
2026/02/04/01:52:23,apply-time,rs-001915-hdbd8,fc53151b-b8b4-4561-a72f-716a953c3d86,4,6994.431576
2026/02/04/01:52:23,running-time,rs-001915-hdbd8,fc53151b-b8b4-4561-a72f-716a953c3d86,4,6994.431576
2026/02/04/01:52:23,apply-time,rs-001915-thpjj,70f4b7f6-5bf1-4086-b52e-cef129a9a19b,4,6994.431576
2026/02/04/01:52:23,running-time,rs-001915-thpjj,70f4b7f6-5bf1-4086-b52e-cef129a9a19b,4,6994.431576
2026/02/04/01:52:23,apply-time,rs-001915-x5f6d,b1688971-e62b-45ca-85c3-5fb8caa356e8,4,6994.431576
2026/02/04/01:52:23,running-time,rs-001915-x5f6d,b1688971-e62b-45ca-85c3-5fb8caa356e8,4,6994.431576
2026/02/04/01:52:31,apply-time,rs-001916-2stbp,40add719-1b59-4d8d-8d74-48a8a7b0c232,1,7002.431576
2026/02/04/01:52:31,running-time,rs-001916-2stbp,40add719-1b59-4d8d-8d74-48a8a7b0c232,1,7002.431576
2026/02/04/01:52:34,apply-time,rs-001917-jkrj4,f3bba1fb-1b43-4249-9644-65b57085a30e,1,7005.431576
2026/02/04/01:52:34,running-time,rs-001917-jkrj4,f3bba1fb-1b43-4249-9644-65b57085a30e,1,7006.431576
2026/02/04/01:52:34,apply-time,rs-001917-t4lnh,05893f06-6bc0-4d6d-9447-397ec226bf3c,1,7005.431576
2026/02/04/01:52:34,running-time,rs-001917-t4lnh,05893f06-6bc0-4d6d-9447-397ec226bf3c,1,7005.431576
2026/02/04/01:52:34,apply-time,rs-001918-7s46p,a0aed29f-b32b-41e1-93d8-e9854b73a637,1,7006.431576
2026/02/04/01:52:34,running-time,rs-001918-7s46p,a0aed29f-b32b-41e1-93d8-e9854b73a637,1,7006.431576
2026/02/04/01:52:34,apply-time,rs-001918-dr7kw,f13acafb-b874-4470-8db0-f6b8204beac9,1,7006.431576
2026/02/04/01:52:34,running-time,rs-001918-dr7kw,f13acafb-b874-4470-8db0-f6b8204beac9,1,7006.431576
2026/02/04/01:52:34,apply-time,rs-001918-xktvg,39112125-89aa-4143-a763-33f817e680da,1,7006.431576
2026/02/04/01:52:34,running-time,rs-001918-xktvg,39112125-89aa-4143-a763-33f817e680da,1,7006.431576
2026/02/04/01:53:37,apply-time,rs-001919-m2qzz,921f3624-69ab-4a58-856a-3f728e42a52a,1,7068.431576
2026/02/04/01:53:37,running-time,rs-001919-m2qzz,921f3624-69ab-4a58-856a-3f728e42a52a,1,7068.431576
2026/02/04/01:53:37,apply-time,rs-001920-2qxzg,7cac6a6f-ec95-41c3-9b40-011135c12095,1,7069.431576
2026/02/04/01:53:37,apply-time,rs-001920-sfkrf,ac98ace5-2664-4db2-9a82-03a11ff71a88,1,7069.431576
2026/02/04/01:53:38,running-time,rs-001920-2qxzg,7cac6a6f-ec95-41c3-9b40-011135c12095,1,7069.431576
2026/02/04/01:53:38,running-time,rs-001920-sfkrf,ac98ace5-2664-4db2-9a82-03a11ff71a88,1,7069.431576
2026/02/04/01:53:38,apply-time,rs-001921-f79kb,c0f99c9a-c147-41f7-a3d5-315e250a9dbc,3,7069.431576
2026/02/04/01:53:38,apply-time,rs-001921-jsxgw,54a94457-182f-4d56-8c05-728d4473faa0,3,7069.431576
2026/02/04/01:53:38,apply-time,rs-001922-vw74b,1eb29d9e-4d0d-40d2-af97-731b6f9500d8,1,7069.431576
2026/02/04/01:53:38,running-time,rs-001922-vw74b,1eb29d9e-4d0d-40d2-af97-731b6f9500d8,1,7069.431576
2026/02/04/01:53:38,apply-time,rs-001923-pm6f2,c3bf4bc3-f557-4f01-b4cb-904c76b2b953,4,7069.431576
2026/02/04/01:53:38,running-time,rs-001923-pm6f2,c3bf4bc3-f557-4f01-b4cb-904c76b2b953,4,7069.431576
2026/02/04/01:53:38,apply-time,rs-001924-p97z6,c3f179c8-2f7f-4aa0-b929-df514428bf85,1,7069.431576
2026/02/04/01:53:38,running-time,rs-001924-p97z6,c3f179c8-2f7f-4aa0-b929-df514428bf85,1,7069.431576
2026/02/04/01:53:38,apply-time,rs-001924-qltv6,4bb7ccc9-bd59-46ce-bfe1-382e5cfbe87d,1,7069.431576
2026/02/04/01:53:38,running-time,rs-001924-qltv6,4bb7ccc9-bd59-46ce-bfe1-382e5cfbe87d,1,7069.431576
2026/02/04/01:53:38,apply-time,rs-001925-9c7tr,3c0bcc63-3f03-4f2d-ad91-12cfc08faea7,1,7069.431576
2026/02/04/01:53:38,running-time,rs-001925-9c7tr,3c0bcc63-3f03-4f2d-ad91-12cfc08faea7,1,7069.431576
2026/02/04/01:53:38,apply-time,rs-001925-fnggq,3e10a909-1bf1-4304-afdb-736e49796493,1,7069.431576
2026/02/04/01:53:38,running-time,rs-001925-fnggq,3e10a909-1bf1-4304-afdb-736e49796493,1,7069.431576
2026/02/04/01:53:38,apply-time,rs-001926-56llb,c4af5adb-787f-43c3-9415-6c6a00a63272,1,7069.431576
2026/02/04/01:53:38,running-time,rs-001926-56llb,c4af5adb-787f-43c3-9415-6c6a00a63272,1,7069.431576
2026/02/04/01:53:38,apply-time,rs-001927-vggcf,1f9cf7cb-8e3e-496f-9e55-919ccf46023b,1,7069.431576
2026/02/04/01:53:38,running-time,rs-001927-vggcf,1f9cf7cb-8e3e-496f-9e55-919ccf46023b,1,7069.431576
2026/02/04/01:53:39,apply-time,rs-001926-br8sh,2cb89233-1364-46ee-99e4-3a8921a4a298,1,7070.431576
2026/02/04/01:53:39,running-time,rs-001926-br8sh,2cb89233-1364-46ee-99e4-3a8921a4a298,1,7070.431576
2026/02/04/01:53:39,apply-time,rs-001927-2gwwp,3af7019e-e811-4fe9-bfa8-66e4df0012f2,1,7070.431576
2026/02/04/01:53:39,running-time,rs-001927-2gwwp,3af7019e-e811-4fe9-bfa8-66e4df0012f2,1,7070.431576
2026/02/04/01:54:38,apply-time,rs-001928-5kstt,8bfc1de7-dd1f-42c9-9b2e-e7786609869e,3,7129.431576
2026/02/04/01:54:38,running-time,rs-001928-5kstt,8bfc1de7-dd1f-42c9-9b2e-e7786609869e,3,7129.431576
2026/02/04/01:54:38,apply-time,rs-001928-lwq5c,ec278ce5-a9c0-4c7b-9466-75b21ba81e42,3,7129.431576
2026/02/04/01:54:38,running-time,rs-001928-lwq5c,ec278ce5-a9c0-4c7b-9466-75b21ba81e42,3,7129.431576
2026/02/04/01:54:38,apply-time,rs-001929-bwx46,b9e1b345-c19f-48dc-821a-7f097593b1d1,4,7129.431576
2026/02/04/01:54:38,running-time,rs-001929-bwx46,b9e1b345-c19f-48dc-821a-7f097593b1d1,4,7129.431576
2026/02/04/01:54:38,apply-time,rs-001929-cn5c9,ca48714e-a086-4767-b0b9-ed8bf5006b88,4,7129.431576
2026/02/04/01:54:38,running-time,rs-001929-cn5c9,ca48714e-a086-4767-b0b9-ed8bf5006b88,4,7129.431576
2026/02/04/01:54:38,apply-time,rs-001929-t657q,38713055-df35-41fd-b8f3-f2ca70f5027e,4,7129.431576
2026/02/04/01:54:38,running-time,rs-001929-t657q,38713055-df35-41fd-b8f3-f2ca70f5027e,4,7129.431576
2026/02/04/01:54:38,apply-time,rs-001930-5jn4g,c92204ef-1425-420f-93fc-0110b3dd5dad,1,7129.431576
2026/02/04/01:54:38,running-time,rs-001930-5jn4g,c92204ef-1425-420f-93fc-0110b3dd5dad,1,7129.431576
2026/02/04/01:54:38,apply-time,rs-001930-g74p8,72870fa8-f971-404f-9447-1065639db327,1,7129.431576
2026/02/04/01:54:38,running-time,rs-001930-g74p8,72870fa8-f971-404f-9447-1065639db327,1,7129.431576
2026/02/04/01:54:38,apply-time,rs-001930-mljvw,e3d1b952-48f7-4b0c-a47a-c250b617f0df,1,7129.431576
2026/02/04/01:54:38,running-time,rs-001930-mljvw,e3d1b952-48f7-4b0c-a47a-c250b617f0df,1,7129.431576
2026/02/04/01:54:39,apply-time,rs-001931-jhzt5,475a2830-add8-4d6e-bc48-d828ee432bdd,2,7131.431576
2026/02/04/01:54:39,running-time,rs-001931-jhzt5,475a2830-add8-4d6e-bc48-d828ee432bdd,2,7131.431576
2026/02/04/01:54:39,apply-time,rs-001931-qd8d5,6982c415-afc9-4e23-9a52-f9fee1b651f8,2,7131.431576
2026/02/04/01:54:39,running-time,rs-001931-qd8d5,6982c415-afc9-4e23-9a52-f9fee1b651f8,2,7131.431576
2026/02/04/01:54:39,apply-time,rs-001931-r6qbh,19d24a46-b2b8-415b-97ff-6411e6c59dab,2,7131.431576
2026/02/04/01:54:39,running-time,rs-001931-r6qbh,19d24a46-b2b8-415b-97ff-6411e6c59dab,2,7131.431576
2026/02/04/01:54:39,apply-time,rs-001932-9pj5w,dbf4b2ba-e7da-4d44-9e2a-0f6ce610a615,4,7131.431576
2026/02/04/01:54:39,running-time,rs-001932-9pj5w,dbf4b2ba-e7da-4d44-9e2a-0f6ce610a615,4,7131.431576
2026/02/04/01:54:39,apply-time,rs-001932-g2b5r,dfe4ae3e-27f0-4b84-a63f-3b7f11837940,4,7131.431576
2026/02/04/01:54:39,running-time,rs-001932-g2b5r,dfe4ae3e-27f0-4b84-a63f-3b7f11837940,4,7131.431576
2026/02/04/01:54:49,apply-time,rs-001933-zhjkv,d2a92cb8-f2fd-49cd-b2a8-a12a4226b331,4,7140.431576
2026/02/04/01:54:49,running-time,rs-001933-zhjkv,d2a92cb8-f2fd-49cd-b2a8-a12a4226b331,4,7140.431576
2026/02/04/01:54:49,apply-time,rs-001934-78w8n,639ce9ff-ad2c-404f-849b-e18e5f4a6eeb,2,7140.431576
2026/02/04/01:54:49,apply-time,rs-001934-bbpdr,0ef474aa-21f7-43ab-8dc3-bf5de06f11e7,2,7140.431576
2026/02/04/01:54:49,apply-time,rs-001934-msj2n,0e0130b5-79f3-484b-b52b-4a0858941dc9,2,7140.431576
2026/02/04/01:54:49,apply-time,rs-001935-z47sc,c2cfc3b6-04ec-4668-b70a-f56333ee2242,1,7140.431576
2026/02/04/01:54:49,running-time,rs-001935-z47sc,c2cfc3b6-04ec-4668-b70a-f56333ee2242,1,7140.431576
2026/02/04/01:55:00,apply-time,rs-001936-4fmn8,ae23bee9-4c2c-4fb7-a08e-3fd655e8f03c,4,7151.431576
2026/02/04/01:55:00,running-time,rs-001936-4fmn8,ae23bee9-4c2c-4fb7-a08e-3fd655e8f03c,4,7151.431576
2026/02/04/01:55:20,apply-time,rs-001937-5fn88,6f6ffc03-8f54-482b-af58-82f4053b945c,1,7171.431576
2026/02/04/01:55:20,running-time,rs-001937-5fn88,6f6ffc03-8f54-482b-af58-82f4053b945c,1,7171.431576
2026/02/04/01:55:20,apply-time,rs-001938-kxgcj,d86ac75b-5aea-403f-80f5-3fce5a764e28,3,7171.431576
2026/02/04/01:55:20,running-time,rs-001938-kxgcj,d86ac75b-5aea-403f-80f5-3fce5a764e28,3,7171.431576
2026/02/04/01:55:20,apply-time,rs-001939-nhs2m,cce929c6-201e-424c-a67c-7055bc1d563f,3,7171.431576
2026/02/04/01:55:20,running-time,rs-001939-nhs2m,cce929c6-201e-424c-a67c-7055bc1d563f,3,7171.431576
2026/02/04/01:55:21,apply-time,rs-001940-2csk6,9b0bc114-339e-4859-a726-520a20814a81,4,7172.431576
2026/02/04/01:55:21,running-time,rs-001940-2csk6,9b0bc114-339e-4859-a726-520a20814a81,4,7172.431576
2026/02/04/01:55:21,apply-time,rs-001941-kf2w9,b6b9b6fb-c221-447c-9aea-fb54dc8773a4,2,7172.431576
2026/02/04/01:55:21,running-time,rs-001941-kf2w9,b6b9b6fb-c221-447c-9aea-fb54dc8773a4,2,7172.431576
2026/02/04/01:55:24,apply-time,rs-001942-bp5sq,8e4f7cdd-ecc9-48c4-b783-7473078c759d,1,7175.431576
2026/02/04/01:55:24,apply-time,rs-001942-psnlj,e71aed42-11cb-4d6e-9c8b-8471593964e2,1,7175.431576
2026/02/04/01:55:24,running-time,rs-001942-psnlj,e71aed42-11cb-4d6e-9c8b-8471593964e2,1,7175.431576
2026/02/04/01:55:31,running-time,rs-001942-bp5sq,8e4f7cdd-ecc9-48c4-b783-7473078c759d,1,7182.431576
2026/02/04/01:55:37,apply-time,rs-001943-ndrmx,190ef25f-8bf5-47cf-bf8a-24e0f28aa152,3,7188.431576
2026/02/04/01:55:37,running-time,rs-001943-ndrmx,190ef25f-8bf5-47cf-bf8a-24e0f28aa152,3,7188.431576
2026/02/04/01:55:37,apply-time,rs-001943-zftbw,c50b7739-f148-4090-bf5c-2126f002c09b,3,7188.431576
2026/02/04/01:55:37,running-time,rs-001943-zftbw,c50b7739-f148-4090-bf5c-2126f002c09b,3,7188.431576
2026/02/04/01:55:37,apply-time,rs-001944-gt9hx,61be11cd-8c37-44ed-8505-bd4d636fbcf8,3,7188.431576
2026/02/04/01:55:37,running-time,rs-001944-gt9hx,61be11cd-8c37-44ed-8505-bd4d636fbcf8,3,7188.431576
2026/02/04/01:55:37,apply-time,rs-001944-r9wpl,cea7b439-9571-4d35-bb06-0d027bf36c88,3,7188.431576
2026/02/04/01:55:37,apply-time,rs-001945-p9rx7,f59d2c84-da63-463e-ab49-ce6bd57956a6,3,7188.431576
2026/02/04/01:55:37,running-time,rs-001945-p9rx7,f59d2c84-da63-463e-ab49-ce6bd57956a6,3,7188.431576
2026/02/04/01:55:37,apply-time,rs-001945-pr55v,468fe606-172e-4310-9823-7cd2fb8caa29,3,7188.431576
2026/02/04/01:55:37,running-time,rs-001945-pr55v,468fe606-172e-4310-9823-7cd2fb8caa29,3,7188.431576
2026/02/04/01:55:37,apply-time,rs-001945-tvqd6,153e8112-4e9e-4bf6-9ad9-52e66d77c497,3,7188.431576
2026/02/04/01:55:37,running-time,rs-001945-tvqd6,153e8112-4e9e-4bf6-9ad9-52e66d77c497,3,7188.431576
2026/02/04/01:55:37,apply-time,rs-001946-5p4r6,b9b9273f-1861-497f-a717-53f5e15b8bfd,3,7188.431576
2026/02/04/01:55:37,running-time,rs-001946-5p4r6,b9b9273f-1861-497f-a717-53f5e15b8bfd,3,7188.431576
2026/02/04/01:55:37,apply-time,rs-001947-4hstd,2677f62e-5089-456e-95a7-8ae33e15a921,1,7188.431576
2026/02/04/01:55:37,apply-time,rs-001947-krdnj,f2cdad53-b8a3-4f2e-b2dd-824275c08607,1,7189.431576
2026/02/04/01:55:37,apply-time,rs-001947-q7ntn,7b3d6102-e996-412b-9e56-b17745e85659,1,7189.431576
2026/02/04/01:55:39,apply-time,rs-001948-nnbj5,b475680a-a9d1-4e1c-a1d6-40f89ad3d1ba,1,7190.431576
2026/02/04/01:55:39,running-time,rs-001948-nnbj5,b475680a-a9d1-4e1c-a1d6-40f89ad3d1ba,1,7190.431576
2026/02/04/01:55:39,apply-time,rs-001948-vpjr2,bbcf19f6-74e8-4a1f-85f3-d8e34b392a44,1,7190.431576
2026/02/04/01:55:39,running-time,rs-001948-vpjr2,bbcf19f6-74e8-4a1f-85f3-d8e34b392a44,1,7190.431576
2026/02/04/01:55:39,apply-time,rs-001949-k9nzx,aa7b7f73-0b6d-4abc-a18c-4037ac19c767,1,7190.431576
2026/02/04/01:55:39,running-time,rs-001949-k9nzx,aa7b7f73-0b6d-4abc-a18c-4037ac19c767,1,7190.431576
2026/02/04/01:55:39,apply-time,rs-001950-ggk2h,a7351d74-344e-4067-b09a-d4841d7db39f,4,7190.431576
2026/02/04/01:55:39,running-time,rs-001950-ggk2h,a7351d74-344e-4067-b09a-d4841d7db39f,4,7190.431576
2026/02/04/01:55:39,apply-time,rs-001950-jgl54,17126c94-db66-4c75-8ab8-e88564e42004,4,7190.431576
2026/02/04/01:55:39,running-time,rs-001950-jgl54,17126c94-db66-4c75-8ab8-e88564e42004,4,7190.431576
2026/02/04/01:55:39,apply-time,rs-001951-7qsjc,9a593a20-9e36-475e-8de8-abf8613d5a35,3,7190.431576
2026/02/04/01:55:39,apply-time,rs-001951-9hwv9,ac727ef2-a01d-4296-be21-39c573a9ba04,3,7190.431576
2026/02/04/01:55:39,apply-time,rs-001952-h4j4k,66af4cac-c69a-463a-a95d-f53619e00816,4,7190.431576
2026/02/04/01:55:39,running-time,rs-001952-h4j4k,66af4cac-c69a-463a-a95d-f53619e00816,4,7190.431576
2026/02/04/01:55:39,apply-time,rs-001952-zhjhg,ba860270-f302-4d6c-948f-6c82ad0c3336,4,7190.431576
2026/02/04/01:55:39,running-time,rs-001952-zhjhg,ba860270-f302-4d6c-948f-6c82ad0c3336,4,7190.431576
2026/02/04/01:55:39,apply-time,rs-001953-6hc78,b3f7106e-ab15-455f-bece-c0a9ee4a4bea,3,7191.431576
2026/02/04/01:55:39,running-time,rs-001953-6hc78,b3f7106e-ab15-455f-bece-c0a9ee4a4bea,3,7191.431576
2026/02/04/01:55:39,apply-time,rs-001953-xj79p,9933c981-bf7d-4d7d-aed4-6f22369155c2,3,7190.431576
2026/02/04/01:55:39,running-time,rs-001953-xj79p,9933c981-bf7d-4d7d-aed4-6f22369155c2,3,7190.431576
2026/02/04/01:55:39,apply-time,rs-001954-7ktgg,4bcf2e65-0fad-40b8-a668-4984e312ebc5,1,7191.431576
2026/02/04/01:55:39,running-time,rs-001954-7ktgg,4bcf2e65-0fad-40b8-a668-4984e312ebc5,1,7191.431576
2026/02/04/01:55:39,apply-time,rs-001954-qm26d,6bb10853-1ee6-4300-a9d3-4f5490f3c29f,1,7190.431576
2026/02/04/01:55:39,running-time,rs-001954-qm26d,6bb10853-1ee6-4300-a9d3-4f5490f3c29f,1,7190.431576
2026/02/04/01:55:40,apply-time,rs-001955-8jq9j,d75f3f13-3950-4389-9f32-73b410249c50,3,7191.431576
2026/02/04/01:55:40,running-time,rs-001955-8jq9j,d75f3f13-3950-4389-9f32-73b410249c50,3,7191.431576
2026/02/04/01:55:40,apply-time,rs-001956-c942t,1d69315f-8863-49b7-b477-659cca159a29,1,7191.431576
2026/02/04/01:55:40,running-time,rs-001956-c942t,1d69315f-8863-49b7-b477-659cca159a29,1,7191.431576
2026/02/04/01:55:40,apply-time,rs-001957-jhsrn,360fdf56-a785-43d6-a8fe-c0db454e5515,3,7191.431576
2026/02/04/01:55:40,apply-time,rs-001957-ssk9j,b83b7327-54d1-4204-a42c-18305cfdd2fd,3,7191.431576
2026/02/04/01:55:40,running-time,rs-001957-ssk9j,b83b7327-54d1-4204-a42c-18305cfdd2fd,3,7191.431576
2026/02/04/01:55:40,apply-time,rs-001958-2c82f,6a52e35c-57c9-4c17-bfe9-39bbcbae7a79,3,7191.431576
2026/02/04/01:55:40,running-time,rs-001958-2c82f,6a52e35c-57c9-4c17-bfe9-39bbcbae7a79,3,7191.431576
2026/02/04/01:55:40,apply-time,rs-001959-9h9p6,b9495c7e-c3b9-4dc8-8e19-544c262ee0ab,3,7191.431576
2026/02/04/01:55:40,running-time,rs-001959-9h9p6,b9495c7e-c3b9-4dc8-8e19-544c262ee0ab,3,7191.431576
2026/02/04/01:55:40,apply-time,rs-001960-jqwxj,1b56f321-c81c-4427-9acb-317e502de3f6,2,7192.431576
2026/02/04/01:55:40,running-time,rs-001960-jqwxj,1b56f321-c81c-4427-9acb-317e502de3f6,2,7192.431576
2026/02/04/01:55:41,running-time,rs-001957-jhsrn,360fdf56-a785-43d6-a8fe-c0db454e5515,3,7192.431576
2026/02/04/01:55:41,apply-time,rs-001960-j5mq8,c2f55317-2d7c-41fa-87e1-be52d28c3881,2,7192.431576
2026/02/04/01:55:41,running-time,rs-001960-j5mq8,c2f55317-2d7c-41fa-87e1-be52d28c3881,2,7192.431576
2026/02/04/01:55:41,apply-time,rs-001961-phx6n,8b8b5f8b-2544-40d5-9cc1-6867e602c2c3,1,7192.431576
2026/02/04/01:55:41,running-time,rs-001961-phx6n,8b8b5f8b-2544-40d5-9cc1-6867e602c2c3,1,7192.431576
2026/02/04/01:55:41,apply-time,rs-001962-49629,ee56ed4b-a95c-4798-9c3c-05f5309855e4,1,7192.431576
2026/02/04/01:55:41,running-time,rs-001962-49629,ee56ed4b-a95c-4798-9c3c-05f5309855e4,1,7192.431576
2026/02/04/01:55:41,apply-time,rs-001963-zxn4j,a5a45a63-5395-49e3-975e-7e88a32123f8,2,7192.431576
2026/02/04/01:55:42,apply-time,rs-001964-tgzxd,5a41a89a-a0b3-413a-94f5-2df0708f7804,1,7194.431576
2026/02/04/01:55:42,apply-time,rs-001965-h6v4w,90b32dad-8d89-433e-9ba5-7657fec21aa0,3,7194.431576
2026/02/04/01:55:42,apply-time,rs-001965-vsjzz,48fc9f30-6c44-4e43-ab9c-3d62bb8aab8e,3,7194.431576
2026/02/04/01:55:43,running-time,rs-001964-tgzxd,5a41a89a-a0b3-413a-94f5-2df0708f7804,1,7194.431576
2026/02/04/01:55:43,running-time,rs-001965-h6v4w,90b32dad-8d89-433e-9ba5-7657fec21aa0,3,7194.431576
2026/02/04/01:55:43,running-time,rs-001965-vsjzz,48fc9f30-6c44-4e43-ab9c-3d62bb8aab8e,3,7194.431576
2026/02/04/01:55:43,apply-time,rs-001966-w5k8c,0f065695-39b5-4b28-97ee-8a7ba6a258ea,2,7194.431576
2026/02/04/01:55:43,running-time,rs-001966-w5k8c,0f065695-39b5-4b28-97ee-8a7ba6a258ea,2,7194.431576
2026/02/04/01:55:44,running-time,rs-001951-7qsjc,9a593a20-9e36-475e-8de8-abf8613d5a35,3,7195.431576
2026/02/04/01:55:44,running-time,rs-001951-9hwv9,ac727ef2-a01d-4296-be21-39c573a9ba04,3,7195.431576
2026/02/04/01:55:48,running-time,rs-001947-q7ntn,7b3d6102-e996-412b-9e56-b17745e85659,1,7200.431576
