484806185843093489
7309940385334237743
1420052706459400740
7196266411674554368
3896010399170147587
6772603432636054556
3159643892569801110
3737635650877940855
3941336756034580715
5820706265677719135
9147129661833587558
917224645308210940
55411538136720492
7738711211195866853
8869018158643600458
4782248702426767105
4245042552790771277
4528391889290670831
1284945672489363765
2027745333831851761
6895378818991516291
5809399052914872227
657070463987715267
4559964496990583395
2057909903460133994
6189391917187610042
1221345081614209477
6636232377391960297
2008907309570689453
6181536930444734779
3928363649402512180
1120181360350854083
4275183120444302794
6013696950180590152
868345193988332467
2254113481559975435
7335201056252104502
2202158810409137126
5756508426186236398
1096718949685239825
2537210642284439781
447894098700000972
8720578957111805835
8694841941272457754
3035754826630143701
