484806185843093489
4219457405427907235
5896358955358513046
6994672214887366847
6772603432636054556
4204471460018303910
3159643892569801110
1431348066566932968
3941336756034580715
1503191614089492773
2776888858026346365
5820706265677719135
917224645308210940
55411538136720492
2881060639005617760
3532658037249897651
5499991615272674611
6105563283321887062
4291706568640266163
7194306251949794638
8869018158643600458
7899493300157142034
2027745333831851761
5809399052914872227
8727485397340111755
657070463987715267
7753940112227685379
6189391917187610042
3712956461027657442
3937612914725950854
5435020287124189294
6181536930444734779
4275183120444302794
7024236687192545299
5192245877720377991
7420528211910559118
8650194206863455706
8619543593757090233
1023525827562816677
868345193988332467
5300881956419103460
2254113481559975435
7335201056252104502
2202158810409137126
2506108877001422316
3568231548795854174
5718196445725297835
9126551470516884404
2280823119808743756
5397005882441633319
1541097410654331810
5818100544690602936
7730765085791097700
3987827014520816348
