7309940385334237743
1420052706459400740
3394979529978938239
7956536540478288960
6452900031824671063
8016731149625864370
1779281120235042110
7196266411674554368
3896010399170147587
1424665327171895173
546960236124654608
8110663468741290990
420292943029515637
7158228594698779781
7376625660721489042
1754007979673256872
5888965561877447036
5839509821751272860
4782248702426767105
6791828356968382696
4245042552790771277
4528391889290670831
697073105759480269
226216363256580172
6895378818991516291
4559964496990583395
2057909903460133994
7965293553015376524
5130844505531187853
1221345081614209477
7252074906178545503
4855668352291734553
3928363649402512180
1120181360350854083
6617179428660612426
7102506122751228813
3442520487102279065
2404411545535534280
6990155264863631615
6469489248687525114
8033569224504949185
219602589878935038
1993971700290982859
6507800679503166357
1086328549291446253
1096718949685239825
