4219457405427907235
3394979529978938239
6452900031824671063
1779281120235042110
1424665327171895173
3941336756034580715
1503191614089492773
2776888858026346365
8110663468741290990
7158228594698779781
2881060639005617760
3532658037249897651
6105563283321887062
4493970743770925510
226216363256580172
8727485397340111755
3712956461027657442
3937612914725950854
4855668352291734553
6181536930444734779
4275183120444302794
1023525827562816677
219602589878935038
2506108877001422316
6507800679503166357
5718196445725297835
9126551470516884404
5397005882441633319
1541097410654331810
7730765085791097700
3987827014520816348
