484806185843093489
4219457405427907235
7309940385334237743
5896358955358513046
1420052706459400740
6994672214887366847
3132326258768729143
3394979529978938239
6452900031824671063
1779281120235042110
7196266411674554368
6772603432636054556
4204471460018303910
1424665327171895173
546960236124654608
3941336756034580715
1503191614089492773
2776888858026346365
8110663468741290990
5820706265677719135
5221797255719614626
2881060639005617760
2120090046821723763
3532658037249897651
5499991615272674611
7376625660721489042
6105563283321887062
1754007979673256872
7738711211195866853
5888965561877447036
5839509821751272860
4782248702426767105
5210833456475221841
4493970743770925510
4528391889290670831
7899493300157142034
697073105759480269
1284945672489363765
226216363256580172
6895378818991516291
5809399052914872227
8727485397340111755
657070463987715267
2057909903460133994
7965293553015376524
5130844505531187853
1221345081614209477
6636232377391960297
7252074906178545503
3712956461027657442
2008907309570689453
3937612914725950854
5435020287124189294
6181536930444734779
1120181360350854083
4275183120444302794
6617179428660612426
3442520487102279065
2404411545535534280
7024236687192545299
6469489248687525114
5192245877720377991
7420528211910559118
8650194206863455706
8033569224504949185
8619543593757090233
1023525827562816677
868345193988332467
5300881956419103460
2254113481559975435
7335201056252104502
2202158810409137126
2506108877001422316
