7956536540478288960
8016731149625864370
3896010399170147587
3159643892569801110
3737635650877940855
1431348066566932968
420292943029515637
9147129661833587558
917224645308210940
55411538136720492
7158228594698779781
4291706568640266163
7194306251949794638
8869018158643600458
6791828356968382696
4245042552790771277
2027745333831851761
4559964496990583395
7753940112227685379
6189391917187610042
4855668352291734553
3928363649402512180
7102506122751228813
6990155264863631615
6013696950180590152
219602589878935038
1993971700290982859
