kmax=1 (w/o priorities)

                                  muA=4s                                            muA=8s                                           muA=16s
                SF      PR-8-B   PR-8-NB    SQ-2-B   SQ-2-NB      SF      PR-8-B   PR-8-NB    SQ-2-B   SQ-2-NB      SF      PR-8-B   PR-8-NB    SQ-2-B   SQ-2-NB
------------------------------------------------------------------------------------------------------------------------------------------------------------------
N=16
------------------------------------------------------------------------------------------------------------------------------------------------------------------
ΔD_tot        -571.0    -59.3      -9.0     +75.7     +68.7     -83.7     +32.7     +23.0     +106.7    +83.0     -11.7     +35.0     +27.3     +50.3     +52.7
------------------------------------------------------------------------------------------------------------------------------------------------------------------

N=32
------------------------------------------------------------------------------------------------------------------------------------------------------------------
ΔD_tot        -539.0    +63.7     +75.7     +89.7     +101.3    -202.0    +55.7     +66.3     +71.3     +67.7     -85.7      +1.0     +23.0     +23.7     +23.3
------------------------------------------------------------------------------------------------------------------------------------------------------------------


kmax=4 (w/ priorities)

                                  muA=4s                                            muA=8s                                           muA=16s
                SF      PR-8-B   PR-8-NB    SQ-2-B   SQ-2-NB      SF      PR-8-B   PR-8-NB    SQ-2-B   SQ-2-NB      SF      PR-8-B   PR-8-NB    SQ-2-B   SQ-2-NB
------------------------------------------------------------------------------------------------------------------------------------------------------------------
N=16
------------------------------------------------------------------------------------------------------------------------------------------------------------------
ΔD_tot       -1220.7    +177.7    +201.3    +353.3    +386.0    -391.7    +183.0    +193.7    +261.7    +274.0    -197.0    +117.7    +109.3    +176.0    +169.0
ΔD_p1         -422.3    +190.3    +216.7    +355.0    +389.7    -60.3     +189.3    +199.3    +264.0    +273.3    -33.7     +119.7    +113.0    +179.3    +173.7
ΔD_p2         -353.0     -4.3      -7.0      +1.3      -0.3     -135.7     -1.0      -1.0      -0.3      +1.3     -68.0      -1.3      -2.7      -2.0      -2.3
ΔD_p3         -253.0     -1.7      -4.0      +0.0      -0.7     -114.3     -3.7      -2.7      -1.3      -0.7     -62.0      -0.7      -0.7      -1.0      -1.7
ΔD_p4         -192.3     -6.7      -4.3      -3.0      -2.7     -81.3      -1.7      -2.0      -0.7      +0.0     -33.3      +0.0      -0.3      -0.3      -0.7
------------------------------------------------------------------------------------------------------------------------------------------------------------------

N=32
------------------------------------------------------------------------------------------------------------------------------------------------------------------
ΔD_tot        -990.7    +161.0    +173.3    +207.7    +203.7    -394.0    +86.0     +92.3     +123.3    +120.0    -171.0    +83.7     +82.0     +91.7     +90.0
ΔD_p1         -337.7    +173.3    +184.7    +213.0    +208.7    -139.7    +90.0     +96.0     +126.0    +118.0    -50.3     +87.0     +85.7     +91.0     +89.7
ΔD_p2         -297.0     -3.3      -7.0      -3.7      -2.7     -103.7     +0.7      +0.3      -1.0      +1.3     -45.7      -1.3      -1.0      +0.7      +0.7
ΔD_p3         -212.7     -4.0      +0.0      +0.3      -2.0     -89.0      -1.7      -2.0      -1.0      +0.7     -48.7      -1.7      -2.7      +0.3      +0.0
ΔD_p4         -143.3     -5.0      -4.3      -2.0      -0.3     -61.7      -3.0      -2.0      -0.7      +0.0     -26.3      -0.3      +0.0      -0.3      -0.3
------------------------------------------------------------------------------------------------------------------------------------------------------------------

