kmax=1 (w/o priorities) (w/o default preemption)

                                  muA=4s                                            muA=8s                                           muA=16s
                SF      PR-8-B   PR-8-NB    SQ-2-B   SQ-2-NB      SF      PR-8-B   PR-8-NB    SQ-2-B   SQ-2-NB      SF      PR-8-B   PR-8-NB    SQ-2-B   SQ-2-NB
------------------------------------------------------------------------------------------------------------------------------------------------------------------
N=16
------------------------------------------------------------------------------------------------------------------------------------------------------------------
ΔL_tot         +3.2      +0.2      +0.2      +0.1      -0.1      +2.6      +0.4      +0.2      +0.0      +0.0      -0.2      -2.0      -3.0      -3.4      -2.9
------------------------------------------------------------------------------------------------------------------------------------------------------------------

N=32
------------------------------------------------------------------------------------------------------------------------------------------------------------------
ΔL_tot         +2.5      -1.4      -1.6      -1.4      -1.3      +7.1      +0.2      -0.6      -0.9      -0.3      +3.5      -4.7      -4.3      -3.7      -4.8
------------------------------------------------------------------------------------------------------------------------------------------------------------------


kmax=4 (w/ priorities) (w/o default preemption)

                                  muA=4s                                            muA=8s                                           muA=16s
                SF      PR-8-B   PR-8-NB    SQ-2-B   SQ-2-NB      SF      PR-8-B   PR-8-NB    SQ-2-B   SQ-2-NB      SF      PR-8-B   PR-8-NB    SQ-2-B   SQ-2-NB
------------------------------------------------------------------------------------------------------------------------------------------------------------------
N=16
------------------------------------------------------------------------------------------------------------------------------------------------------------------
ΔL_tot         +3.3      +1.7      +1.6      +1.3      +1.3      +4.1      +2.8      +3.3      +2.4      +2.4      +6.2      +5.0      +5.4      +3.5      +2.8
ΔL_p1          +2.8      +1.1      +0.9      +0.8      +0.7      +4.4      +2.2      +2.5      +1.6      +1.8      +6.3      +2.8      +4.0      +0.4      +0.5
ΔL_p2          +3.7      +1.8      +1.7      +1.5      +1.4      +3.9      +2.5      +3.3      +2.7      +2.3      +6.0      +4.3      +4.2      +4.0      +3.5
ΔL_p3          +3.6      +2.0      +2.1      +1.5      +1.5      +3.1      +2.7      +3.2      +2.1      +2.4      +5.3      +7.5      +6.9      +6.2      +3.8
ΔL_p4          +3.1      +1.8      +1.8      +1.8      +1.8      +4.5      +4.1      +4.5      +3.3      +3.6      +6.5      +5.3      +5.9      +3.5      +4.1
------------------------------------------------------------------------------------------------------------------------------------------------------------------

N=32
------------------------------------------------------------------------------------------------------------------------------------------------------------------
ΔL_tot         +3.5      +1.2      +1.2      +0.8      +0.8      +4.3      +2.4      +1.8      +1.7      +2.0      +7.5      +3.7      +3.5      +2.6      +1.9
ΔL_p1          +3.5      +0.4      +0.3      +0.2      +0.2      +3.5      +1.1      +0.5      +0.3      +0.6      +5.9      -1.0      +0.4      +0.4      -1.0
ΔL_p2          +4.3      +1.8      +1.7      +1.2      +1.1      +5.2      +2.2      +2.1      +1.8      +2.1      +7.4      +3.7      +3.5      +2.6      +2.1
ΔL_p3          +3.1      +1.6      +1.8      +1.2      +1.1      +4.1      +3.7      +1.8      +2.8      +3.4      +4.9      +4.1      +5.8      +4.5      +3.3
ΔL_p4          +2.8      +1.3      +1.3      +0.9      +1.0      +4.2      +3.3      +3.3      +2.5      +2.7     +14.0     +11.9      +6.0      +3.5      +4.8
------------------------------------------------------------------------------------------------------------------------------------------------------------------

