kmax=1 (w/o priorities)

                                  muA=4s                                            muA=8s                                           muA=16s
                SF      PR-8-B   PR-8-NB    SQ-2-B   SQ-2-NB      SF      PR-8-B   PR-8-NB    SQ-2-B   SQ-2-NB      SF      PR-8-B   PR-8-NB    SQ-2-B   SQ-2-NB
------------------------------------------------------------------------------------------------------------------------------------------------------------------
N=16
------------------------------------------------------------------------------------------------------------------------------------------------------------------
ΔL_tot         +3.2      +0.2      +0.0      +0.0      +0.0      +2.6      +0.4      +0.0      -0.3      +0.0      -0.2      -2.8      -2.1      -2.6      -2.5
------------------------------------------------------------------------------------------------------------------------------------------------------------------

N=32
------------------------------------------------------------------------------------------------------------------------------------------------------------------
ΔL_tot         +2.5      -1.2      -1.5      -1.3      -1.4      +7.1      -0.3      +0.1      -1.1      -0.4      +3.5      -4.0      -2.4      -4.8      -4.7
------------------------------------------------------------------------------------------------------------------------------------------------------------------


kmax=4 (w/ priorities)

                                  muA=4s                                            muA=8s                                           muA=16s
                SF      PR-8-B   PR-8-NB    SQ-2-B   SQ-2-NB      SF      PR-8-B   PR-8-NB    SQ-2-B   SQ-2-NB      SF      PR-8-B   PR-8-NB    SQ-2-B   SQ-2-NB
------------------------------------------------------------------------------------------------------------------------------------------------------------------
N=16
------------------------------------------------------------------------------------------------------------------------------------------------------------------
ΔL_tot         +3.3      +0.0      +0.0      -0.1      +0.0      +4.1      +0.2      +0.1      +0.1      +0.0      +6.2      -0.4      +0.0      -0.3      -0.2
ΔL_p1          +2.8      -0.1      -0.1      -0.2      +0.0      +4.4      +0.6      +0.2      +0.2      -0.1      +6.3      -1.5      -0.3      -1.0      -0.9
ΔL_p2          +3.7      +0.0      +0.0      +0.0      +0.0      +3.9      +0.0      +0.0      +0.0      +0.0      +6.0      +0.0      +0.1      +0.0      +0.0
ΔL_p3          +3.6      +0.0      +0.0      +0.0      +0.0      +3.1      +0.0      +0.1      +0.0      +0.0      +5.3      +0.0      +0.1      +0.0      +0.0
ΔL_p4          +3.1      +0.0      +0.0      +0.0      +0.0      +4.5      +0.0      +0.0      +0.0      +0.0      +6.5      +0.0      +0.1      +0.0      +0.0
------------------------------------------------------------------------------------------------------------------------------------------------------------------

N=32
------------------------------------------------------------------------------------------------------------------------------------------------------------------
ΔL_tot         +3.5      +0.0      -0.1      -0.1      +0.0      +4.3      -0.2      -0.2      -0.3      -0.2      +7.5      -0.4      -0.3      -0.7      -0.6
ΔL_p1          +3.5      -0.2      -0.3      -0.2      -0.2      +3.5      -0.6      -0.7      -0.8      -0.6      +5.9      -1.2      -0.8      -2.0      -1.9
ΔL_p2          +4.3      +0.0      +0.0      +0.0      +0.0      +5.2      +0.0      +0.0      +0.0      +0.0      +7.4      +0.0      +0.0      +0.0      +0.0
ΔL_p3          +3.1      +0.0      +0.0      +0.0      +0.0      +4.1      +0.0      +0.0      +0.0      +0.0      +4.9      +0.0      +0.0      +0.0      +0.0
ΔL_p4          +2.8      +0.0      +0.0      +0.0      +0.0      +4.2      +0.0      +0.0      +0.0      +0.0     +14.0      +0.1      +0.1      +0.0      +0.0
------------------------------------------------------------------------------------------------------------------------------------------------------------------

