kmax=1 (w/o priorities)

                                  muA=4s                                            muA=8s                                           muA=16s
                SF      PR-8-B   PR-8-NB    SQ-2-B   SQ-2-NB      SF      PR-8-B   PR-8-NB    SQ-2-B   SQ-2-NB      SF      PR-8-B   PR-8-NB    SQ-2-B   SQ-2-NB
------------------------------------------------------------------------------------------------------------------------------------------------------------------
N=16
------------------------------------------------------------------------------------------------------------------------------------------------------------------
ΔR_tot         -0.2      +0.4      +0.5      +0.7      +0.6      +0.4      +0.8      +0.9      +1.0      +0.9      +1.1      +1.4      +1.3      +1.4      +1.4
------------------------------------------------------------------------------------------------------------------------------------------------------------------

N=32
------------------------------------------------------------------------------------------------------------------------------------------------------------------
ΔR_tot         -0.6      +1.0      +1.2      +1.2      +1.2      -0.4      +1.1      +0.9      +1.2      +1.1      +1.3      +2.1      +1.9      +2.2      +2.2
------------------------------------------------------------------------------------------------------------------------------------------------------------------


kmax=4 (w/ priorities)

                                  muA=4s                                            muA=8s                                           muA=16s
                SF      PR-8-B   PR-8-NB    SQ-2-B   SQ-2-NB      SF      PR-8-B   PR-8-NB    SQ-2-B   SQ-2-NB      SF      PR-8-B   PR-8-NB    SQ-2-B   SQ-2-NB
------------------------------------------------------------------------------------------------------------------------------------------------------------------
N=16
------------------------------------------------------------------------------------------------------------------------------------------------------------------
ΔR_tot         -0.6      +0.4      +0.4      +0.6      +0.5      +0.2      +0.7      +0.7      +0.8      +0.8      +0.5      +0.9      +0.7      +0.8      +0.9
ΔR_p1          +0.8      +0.5      +0.4      +0.6      +0.5      +0.9      +0.7      +0.7      +0.8      +0.8      +1.1      +0.9      +0.7      +0.8      +0.9
ΔR_p2          -0.6      +0.0      +0.0      +0.0      +0.0      -0.3      +0.0      +0.0      +0.0      +0.0      -0.2      +0.0      +0.0      +0.0      +0.0
ΔR_p3          -0.4      +0.0      +0.0      +0.0      +0.0      -0.2      +0.0      +0.0      +0.0      +0.0      -0.2      +0.0      +0.0      +0.0      +0.0
ΔR_p4          -0.3      +0.0      +0.0      +0.0      +0.0      -0.2      +0.0      +0.0      +0.0      +0.0      -0.1      +0.0      +0.0      +0.0      +0.0
------------------------------------------------------------------------------------------------------------------------------------------------------------------

N=32
------------------------------------------------------------------------------------------------------------------------------------------------------------------
ΔR_tot         -0.4      +0.8      +1.4      +1.0      +1.0      +0.1      +0.7      +0.6      +0.7      +0.8      +0.4      +1.0      +1.0      +1.2      +1.1
ΔR_p1          +1.0      +0.9      +0.9      +1.0      +1.0      +1.0      +0.7      +0.6      +0.7      +0.8      +1.2      +1.0      +1.1      +1.2      +1.1
ΔR_p2          -0.7      +0.0      +0.5      +0.0      +0.0      -0.4      +0.0      +0.0      +0.0      +0.0      -0.3      +0.0      +0.0      +0.0      +0.0
ΔR_p3          -0.4      +0.0      +0.0      +0.0      +0.0      -0.3      +0.0      +0.0      +0.0      +0.0      -0.2      +0.0      +0.0      +0.0      +0.0
ΔR_p4          -0.3      +0.0      +0.0      +0.0      +0.0      -0.2      +0.0      +0.0      +0.0      +0.0      -0.3      +0.0      +0.0      +0.0      +0.0
------------------------------------------------------------------------------------------------------------------------------------------------------------------

