kmax=1 (w/o priorities)

                                               inter-arrival = 4 s                                         inter-arrival = 8 s                                         inter-arrival = 16 s
                              SF-B     SF-NB     PR-8-B   PR-8-NB    SQ-2-B   SQ-2-NB     SF-B     SF-NB     PR-8-B   PR-8-NB    SQ-2-B   SQ-2-NB     SF-B     SF-NB     PR-8-B   PR-8-NB    SQ-2-B   SQ-2-NB
---------------------------------------------------------------------------------------------------------------------------------------------------------------------------------------------------------------
N=16
---------------------------------------------------------------------------------------------------------------------------------------------------------------------------------------------------------------
Δ usage (pp)                  +1.3      +2.3      +1.7      +1.8      +2.1      +2.0      +1.9      +2.0      +2.1      +2.2      +2.4      +2.4      +3.3      +3.3      +3.4      +3.3      +3.5      +3.4
Δ latency_total (ms)         +2579     +3048      +214      -44       +17        -7      +3107     +2908      +354      -44       -251      -49       +57       +33      -2845     -2134     -2552     -2463
Δ deletions_total (count)    -487.0    -555.0    -59.3      -9.0     +75.7     +68.7     -88.3     -91.7     +32.7     +23.0     +106.7    +83.0     -17.7     -13.0     +35.0     +27.3     +50.3     +52.7
# solver runs                 221       230        47        44       246       249       157       164        43        43       190       195       118       125        54        54       161       155
# plan activations            134       135        32        30        62        54        88        95        28        30        50        51        62        68        30        27        40        40
---------------------------------------------------------------------------------------------------------------------------------------------------------------------------------------------------------------

N=32
---------------------------------------------------------------------------------------------------------------------------------------------------------------------------------------------------------------
Δ usage (pp)                  +1.1      +1.4      +1.3      +1.5      +1.5      +1.5      +1.2      +1.0      +1.3      +1.2      +1.5      +1.4      +2.7      +2.7      +2.8      +2.5      +2.9      +2.8
Δ latency_total (ms)         +2696     +3458     -1249     -1487     -1257     -1351     +5589     +7210      -334      +134     -1057      -376     +1652     +1695     -3984     -2448     -4840     -4727
Δ deletions_total (count)    -553.3    -568.0    +63.7     +75.7     +89.7     +101.3    -196.7    -214.7    +55.7     +66.3     +71.3     +67.7     -81.7     -86.3      +1.0     +23.0     +23.7     +23.3
# solver runs                 192       215        65        60       272       271       149       154        68        74       216       213       111       118        69        75       151       160
# plan activations             99       108        33        34        40        38        55        54        19        23        27        24        35        36        19        18        20        21
---------------------------------------------------------------------------------------------------------------------------------------------------------------------------------------------------------------


kmax=4 (w/ priorities)

                                               inter-arrival = 4 s                                         inter-arrival = 8 s                                         inter-arrival = 16 s
                              SF-B     SF-NB     PR-8-B   PR-8-NB    SQ-2-B   SQ-2-NB     SF-B     SF-NB     PR-8-B   PR-8-NB    SQ-2-B   SQ-2-NB     SF-B     SF-NB     PR-8-B   PR-8-NB    SQ-2-B   SQ-2-NB
---------------------------------------------------------------------------------------------------------------------------------------------------------------------------------------------------------------
N=16
---------------------------------------------------------------------------------------------------------------------------------------------------------------------------------------------------------------
Δ usage (pp)                  +0.2      -0.1      +1.1      +1.0      +1.4      +1.3      +1.4      +1.3      +1.7      +1.7      +1.9      +2.0      +1.4      +1.4      +1.8      +1.5      +1.7      +1.9
Δ latency_total (ms)         +2725     +3037       -5        +4       -62        +3      +2901     +3135      +204      +70       +69       -30      +2996     +3634      -403      -36       -257      -238
Δ latency_p1 (ms)            +2863     +3053      -69       -58       -225      -13      +3055     +3587      +601      +159      +183      -143     +2184     +3284     -1495      -342      -992      -912
Δ latency_p2 (ms)            +2640     +3142      +33       +37        +7       +20      +2588     +2618      +44       +44        +4       +16      +3460     +3803      +27       +126       +2       +27
Δ latency_p3 (ms)            +2568     +2757      +26       +30       -13       +17      +2534     +2572      +46       +51       +22       +27      +3249     +3830      +11       +52       +46       +24
Δ latency_p4 (ms)            +2738     +3064      +23       +24       +20       +21      +3471     +3654      +12       +22        +0        +2      +2893     +3186      +31       +56       +12       -24
Δ deletions_total (count)    -749.7    -851.5    +177.7    +201.3    +353.3    +386.0    -158.7    -126.0    +183.0    +193.7    +261.7    +274.0    +26.7     -13.3     +117.7    +109.3    +176.0    +169.0
Δ deletions_p1 (count)       -58.7     -162.0    +190.3    +216.7    +355.0    +389.7    +116.3    +141.7    +189.3    +199.3    +264.0    +273.3    +144.7    +118.0    +119.7    +113.0    +179.3    +173.7
Δ deletions_p2 (count)       -306.7    -291.5     -4.3      -7.0      +1.3      -0.3     -111.0    -107.7     -1.0      -1.0      -0.3      +1.3     -44.3     -55.7      -1.3      -2.7      -2.0      -2.3
Δ deletions_p3 (count)       -210.0    -225.5     -1.7      -4.0      +0.0      -0.7     -97.3     -95.3      -3.7      -2.7      -1.3      -0.7     -46.3     -48.0      -0.7      -0.7      -1.0      -1.7
Δ deletions_p4 (count)       -174.3    -172.5     -6.7      -4.3      -3.0      -2.7     -66.7     -64.7      -1.7      -2.0      -0.7      +0.0     -27.3     -27.7      +0.0      -0.3      -0.3      -0.7
# solver runs                 279       413        66        73       352       396       194       198        75        64       324       246       143       134        61        74       238       210
# plan activations            185       153        51        53        94        94       122       127        47        52        72        69        78        72        35        32        53        47
---------------------------------------------------------------------------------------------------------------------------------------------------------------------------------------------------------------

N=32
---------------------------------------------------------------------------------------------------------------------------------------------------------------------------------------------------------------
Δ usage (pp)                  +0.6      +0.6      +1.1      +1.3      +1.2      +1.2      +0.5      +0.5      +0.8      +0.6      +0.8      +0.8      +1.0      +1.0      +1.1      +1.2      +1.3      +1.2
Δ latency_total (ms)         +2386     +2532      -42       -68       -71       -38      +2698     +3085      -173      -214      -266      -194     +2731     +3059      -359      -271      -666      -615
Δ latency_p1 (ms)            +2747     +2897      -200      -283      -247      -155     +2891     +4063      -568      -712      -840      -622     +2140     +3405     -1188      -822     -2015     -1859
Δ latency_p2 (ms)            +2409     +2533      +33       +29        +2        +8      +2653     +2730      +20       +29       +12        +7      +3204     +2836      +19       +46       -11       -20
Δ latency_p3 (ms)            +2077     +2279      +42       +37        +9       +31      +2426     +2431      +17       +27        +1        +5      +3171     +3021      +30       +18        -6       -19
Δ latency_p4 (ms)            +2122     +2211      +23       +28       +10        +5      +2723     +2628       +5       +34        -5        +4      +2627     +3064      +80       +63        -6       +39
Δ deletions_total (count)    -439.3    -456.0    +161.0    +173.3    +207.7    +203.7    -142.3    -181.0    +86.0     +92.3     +123.3    +120.0    -41.7     -34.7     +83.7     +82.0     +91.7     +90.0
Δ deletions_p1 (count)       +72.3     +76.3     +173.3    +184.7    +213.0    +208.7    +49.0     +25.3     +90.0     +96.0     +126.0    +118.0    +45.7     +54.0     +87.0     +85.7     +91.0     +89.7
Δ deletions_p2 (count)       -227.0    -233.0     -3.3      -7.0      -3.7      -2.7     -74.3     -78.7      +0.7      +0.3      -1.0      +1.3     -35.3     -39.3      -1.3      -1.0      +0.7      +0.7
Δ deletions_p3 (count)       -155.7    -170.3     -4.0      +0.0      +0.3      -2.0     -67.0     -74.0      -1.7      -2.0      -1.0      +0.7     -30.7     -30.0      -1.7      -2.7      +0.3      +0.0
Δ deletions_p4 (count)       -129.0    -129.0     -5.0      -4.3      -2.0      -0.3     -50.0     -53.7      -3.0      -2.0      -0.7      +0.0     -21.3     -19.3      -0.3      +0.0      -0.3      -0.3
# solver runs                 198       198        54        62       228       240       121       127        47        50       158       161        85        85        51        45       100        96
# plan activations            143       144        45        49        58        56        73        75        28        28        36        35        43        43        26        28        30        28
---------------------------------------------------------------------------------------------------------------------------------------------------------------------------------------------------------------

