kmax=1 (w/o priorities) (w/o default preemption)

                                   muA=4s                                            muA=8s                                           muA=16s
                 SF      PR-8-B   PR-8-NB    SQ-2-B   SQ-2-NB      SF      PR-8-B   PR-8-NB    SQ-2-B   SQ-2-NB      SF      PR-8-B   PR-8-NB    SQ-2-B   SQ-2-NB
-------------------------------------------------------------------------------------------------------------------------------------------------------------------
N=16
-------------------------------------------------------------------------------------------------------------------------------------------------------------------
ΔU              +1.9      +1.8      +1.9      +2.1      +2.0      +2.0      +2.1      +2.1      +2.3      +2.4      +3.4      +3.4      +3.5      +3.5      +3.5
ΔL_tot (ms)    +3218      +171      +174      +76       -67      +2582      +388      +205      -14       -22       -214     -1955     -2966     -3409     -2924
ΔD_tot         -571.0    -62.7     -29.7     +46.3     +79.3     -83.7      +6.7     +17.0     +99.0     +102.3    -11.7     +19.7     +20.0     +65.0     +69.7
#O              142        29        33        57        56       101        28        28        51        52        64        28        28        37        39
-------------------------------------------------------------------------------------------------------------------------------------------------------------------

N=32
-------------------------------------------------------------------------------------------------------------------------------------------------------------------
ΔU              +1.1      +1.6      +1.6      +1.5      +1.6      +0.9      +1.2      +1.4      +1.6      +1.3      +2.7      +2.8      +2.7      +2.6      +2.8
ΔL_tot (ms)    +2510     -1383     -1619     -1403     -1308     +7121      +163      -622      -855      -260     +3543     -4688     -4267     -3667     -4809
ΔD_tot         -539.0    +87.7     +86.0     +97.0     +98.7     -202.0    +46.0     +46.3     +66.7     +77.7     -85.7     +11.3      -6.3     +19.7     +25.0
#O               95        33        34        42        42        59        20        22        24        23        37        22        17        19        21
-------------------------------------------------------------------------------------------------------------------------------------------------------------------


kmax=4 (w/ priorities) (w/o default preemption)

                                   muA=4s                                            muA=8s                                           muA=16s
                 SF      PR-8-B   PR-8-NB    SQ-2-B   SQ-2-NB      SF      PR-8-B   PR-8-NB    SQ-2-B   SQ-2-NB      SF      PR-8-B   PR-8-NB    SQ-2-B   SQ-2-NB
-------------------------------------------------------------------------------------------------------------------------------------------------------------------
N=16
-------------------------------------------------------------------------------------------------------------------------------------------------------------------
ΔU              +0.9      +1.2      +1.2      +1.7      +1.7      +1.8      +1.9      +1.9      +2.1      +2.1      +1.8      +1.7      +1.7      +1.8      +1.9
ΔL_tot (ms)    +3274     +1665     +1588     +1343     +1280     +4054     +2775     +3253     +2383     +2439     +6158     +4961     +5366     +3507     +2848
ΔL_p1 (ms)     +2789     +1089      +912      +761      +665     +4420     +2238     +2457     +1631     +1815     +6302     +2782     +4016      +437      +485
ΔL_p2 (ms)     +3685     +1838     +1704     +1488     +1358     +3885     +2454     +3312     +2728     +2314     +5984     +4288     +4157     +3985     +3488
ΔL_p3 (ms)     +3560     +2049     +2086     +1528     +1536     +3142     +2714     +3217     +2117     +2438     +5322     +7464     +6949     +6166     +3762
ΔL_p4 (ms)     +3088     +1799     +1810     +1782     +1784     +4521     +4093     +4516     +3299     +3626     +6497     +5300     +5896     +3518     +4084
ΔD_tot        -1220.7   -1116.3   -1087.3    -916.7    -910.7    -391.7    -502.7    -512.3    -431.0    -407.7    -197.0    -250.7    -265.3    -166.0    -172.0
ΔD_p1          -422.3    -611.3    -600.3    -461.0    -472.7    -60.3     -250.0    -262.7    -193.3    -181.0    -33.7     -128.0    -127.7    -60.0     -65.7
ΔD_p2          -353.0    -214.7    -208.7    -195.3    -189.7    -135.7    -97.0     -96.0     -97.7     -86.3     -68.0     -48.7     -59.7     -44.7     -43.3
ΔD_p3          -253.0    -159.7    -147.0    -144.7    -134.7    -114.3    -91.3     -88.0     -81.3     -84.0     -62.0     -48.0     -48.3     -39.7     -39.3
ΔD_p4          -192.3    -130.7    -131.3    -115.7    -113.7    -81.3     -64.3     -65.7     -58.7     -56.3     -33.3     -26.0     -29.7     -21.7     -23.7
#O              190        42        40        82        79       127        44        39        64        64        70        25        29        48        51
-------------------------------------------------------------------------------------------------------------------------------------------------------------------

N=32
-------------------------------------------------------------------------------------------------------------------------------------------------------------------
ΔU              +1.0      +1.2      +1.1      +1.3      +1.3      +0.9      +0.8      +0.8      +0.9      +0.9      +1.0      +1.1      +1.1      +1.2      +1.2
ΔL_tot (ms)    +3453     +1219     +1195      +836      +804     +4265     +2378     +1760     +1675     +2026     +7539     +3715     +3473     +2552     +1879
ΔL_p1 (ms)     +3458      +435      +279      +223      +201     +3497     +1064      +505      +336      +588     +5928      -974      +394      +442      -974
ΔL_p2 (ms)     +4264     +1788     +1654     +1152     +1112     +5248     +2228     +2107     +1802     +2092     +7391     +3656     +3524     +2616     +2102
ΔL_p3 (ms)     +3075     +1586     +1836     +1216     +1130     +4129     +3658     +1845     +2755     +3425     +4868     +4053     +5768     +4511     +3325
ΔL_p4 (ms)     +2820     +1330     +1298      +923      +958     +4219     +3278     +3278     +2472     +2740     +13972    +11873    +6000     +3484     +4830
ΔD_tot         -990.7    -639.0    -627.3    -592.3    -603.0    -394.0    -303.7    -321.7    -279.3    -286.0    -171.0    -143.0    -125.7    -106.3    -107.7
ΔD_p1          -337.7    -334.0    -324.0    -303.0    -301.0    -139.7    -157.7    -173.7    -140.0    -150.3    -50.3     -67.3     -59.0     -46.3     -45.0
ΔD_p2          -297.0    -141.3    -139.7    -130.7    -132.7    -103.7    -55.3     -53.7     -50.3     -51.0     -45.7     -30.3     -22.0     -22.7     -22.3
ΔD_p3          -212.7    -87.0     -88.7     -89.3     -88.7     -89.0     -51.0     -55.7     -50.3     -47.3     -48.7     -26.3     -25.7     -20.7     -23.0
ΔD_p4          -143.3    -76.7     -75.0     -69.3     -80.7     -61.7     -39.7     -38.7     -38.7     -37.3     -26.3     -19.0     -19.0     -16.7     -17.3
#O              139        44        44        53        57        76        33        30        35        36        49        22        24        29        31
-------------------------------------------------------------------------------------------------------------------------------------------------------------------

