kmax=1 (w/o priorities) (w/o default preemption)

                                               inter-arrival = 4 s                                         inter-arrival = 8 s                                         inter-arrival = 16 s
                              SF-B     SF-NB     PR-8-B   PR-8-NB    SQ-2-B   SQ-2-NB     SF-B     SF-NB     PR-8-B   PR-8-NB    SQ-2-B   SQ-2-NB     SF-B     SF-NB     PR-8-B   PR-8-NB    SQ-2-B   SQ-2-NB
---------------------------------------------------------------------------------------------------------------------------------------------------------------------------------------------------------------
N=16
---------------------------------------------------------------------------------------------------------------------------------------------------------------------------------------------------------------
Δ usage (pp)                  +1.5      +1.1      +1.8      +1.9      +2.1      +2.0      +2.0      +1.9      +2.1      +2.1      +2.3      +2.4      +3.4      +3.4      +3.4      +3.5      +3.5      +3.5
Δ latency_total (ms)         +2220     +2690      +171      +174      +76       -67      +2863     +3000      +388      +205      -14       -22       -688      -235     -1955     -2966     -3409     -2924
Δ deletions_total (count)    -433.7    -420.0    -62.7     -29.7     +46.3     +79.3     -112.0    -110.3     +6.7     +17.0     +99.0     +102.3     +7.7      -1.3     +19.7     +20.0     +65.0     +69.7
# solver runs                 220       223        44        45       244       254       159       157        45        43       206       192       117       119        54        52       147       175
# plan activations            142       134        29        33        57        56        92        89        28        28        51        52        67        66        28        28        37        39
---------------------------------------------------------------------------------------------------------------------------------------------------------------------------------------------------------------

N=32
---------------------------------------------------------------------------------------------------------------------------------------------------------------------------------------------------------------
Δ usage (pp)                  +1.3      +1.2      +1.6      +1.6      +1.5      +1.6      +0.8      +0.9      +1.2      +1.4      +1.6      +1.3      +2.8      +2.7      +2.8      +2.7      +2.6      +2.8
Δ latency_total (ms)         +2798     +2198     -1383     -1619     -1403     -1308     +7610     +6973      +163      -622      -855      -260     +1304     +3281     -4687     -4267     -3667     -4809
Δ deletions_total (count)    -548.7    -497.0    +87.7     +86.0     +97.0     +98.7     -211.0    -196.3    +46.0     +46.3     +66.7     +77.7     -75.0     -97.0     +11.3      -6.3     +19.7     +25.0
# solver runs                 201       183        56        59       279       276       151       152        74        69       220       230       109       119        67        68       177       163
# plan activations            111        97        33        34        42        42        50        50        20        22        24        23        37        38        22        17        19        21
---------------------------------------------------------------------------------------------------------------------------------------------------------------------------------------------------------------


kmax=4 (w/ priorities) (w/o default preemption)

                                               inter-arrival = 4 s                                         inter-arrival = 8 s                                         inter-arrival = 16 s
                              SF-B     SF-NB     PR-8-B   PR-8-NB    SQ-2-B   SQ-2-NB     SF-B     SF-NB     PR-8-B   PR-8-NB    SQ-2-B   SQ-2-NB     SF-B     SF-NB     PR-8-B   PR-8-NB    SQ-2-B   SQ-2-NB
---------------------------------------------------------------------------------------------------------------------------------------------------------------------------------------------------------------
N=16
---------------------------------------------------------------------------------------------------------------------------------------------------------------------------------------------------------------
Δ usage (pp)                  +0.9      +0.1      +1.2      +1.2      +1.7      +1.7      +2.0      +1.7      +1.9      +1.9      +2.1      +2.1      +1.6      +1.5      +1.7      +1.7      +1.8      +1.9
Δ latency_total (ms)         +3480     +5129     +1665     +1588     +1343     +1280     +4721     +4147     +2775     +3253     +2383     +2439     +6691     +7667     +4961     +5366     +3507     +2848
Δ latency_p1 (ms)            +3327     +4369     +1089      +912      +761      +665     +5081     +4351     +2238     +2457     +1631     +1815     +6648     +10395    +2782     +4017      +437      +485
Δ latency_p2 (ms)            +3808     +4983     +1838     +1704     +1488     +1358     +4775     +3952     +2454     +3312     +2728     +2314     +5738     +7038     +4288     +4157     +3985     +3488
Δ latency_p3 (ms)            +3346     +6981     +2049     +2087     +1528     +1536     +3897     +3407     +2714     +3217     +2117     +2438     +7781     +5321     +7464     +6949     +6166     +3762
Δ latency_p4 (ms)            +3304     +4212     +1799     +1810     +1782     +1784     +4709     +4596     +4093     +4516     +3299     +3626     +5582     +5862     +5299     +5896     +3518     +4084
Δ deletions_total (count)   -1245.7   -1465.0   -1116.3   -1087.3    -916.7    -910.7    -443.3    -445.3    -502.7    -512.3    -431.0    -407.7    -222.7    -227.7    -250.7    -265.3    -166.0    -172.0
Δ deletions_p1 (count)       -439.3    -610.0    -611.3    -600.3    -461.0    -472.7    -100.3    -100.0    -250.0    -262.7    -193.3    -181.0    -48.0     -50.3     -128.0    -127.7    -60.0     -65.7
Δ deletions_p2 (count)       -354.3    -363.0    -214.7    -208.7    -195.3    -189.7    -137.3    -139.3    -97.0     -96.0     -97.7     -86.3     -72.7     -73.7     -48.7     -59.7     -44.7     -43.3
Δ deletions_p3 (count)       -251.7    -269.0    -159.7    -147.0    -144.7    -134.7    -125.3    -125.3    -91.3     -88.0     -81.3     -84.0     -66.0     -67.0     -48.0     -48.3     -39.7     -39.3
Δ deletions_p4 (count)       -200.3    -223.0    -130.7    -131.3    -115.7    -113.7    -80.3     -80.7     -64.3     -65.7     -58.7     -56.3     -36.0     -36.7     -26.0     -29.7     -21.7     -23.7
# solver runs                 291       254        54        52       278       326       206       189        57        65       225       242       126       129        50        54       233       216
# plan activations            186       148        42        40        82        79       130       122        44        39        64        64        65        67        25        29        48        51
---------------------------------------------------------------------------------------------------------------------------------------------------------------------------------------------------------------

N=32
---------------------------------------------------------------------------------------------------------------------------------------------------------------------------------------------------------------
Δ usage (pp)                  +1.0      +1.0      +1.2      +1.1      +1.3      +1.3      +0.8      +0.6      +0.8      +0.8      +0.9      +0.9      +1.1      +1.1      +1.1      +1.1      +1.2      +1.2
Δ latency_total (ms)         +3330     +3520     +1219     +1195      +835      +804     +5305     +6018     +2378     +1759     +1675     +2026     +7203     +6420     +3715     +3473     +2552     +1879
Δ latency_p1 (ms)            +3138     +3076      +435      +279      +223      +201     +5460     +8112     +1064      +505      +336      +588     +7407     +4435      -974      +394      +442      -974
Δ latency_p2 (ms)            +4107     +4530     +1788     +1654     +1152     +1112     +5620     +5739     +2228     +2107     +1802     +2092     +6231     +7143     +3656     +3524     +2616     +2102
Δ latency_p3 (ms)            +3324     +3627     +1586     +1836     +1216     +1130     +5489     +4815     +3658     +1845     +2755     +3425     +6362     +5558     +4053     +5768     +4511     +3325
Δ latency_p4 (ms)            +2675     +2802     +1330     +1298      +923      +958     +4146     +3863     +3279     +3278     +2472     +2740     +9682     +9769     +11873    +6000     +3484     +4830
Δ deletions_total (count)    -957.7    -995.3    -639.0    -627.3    -592.3    -603.0    -421.3    -437.0    -303.7    -321.7    -279.3    -286.0    -173.7    -187.3    -143.0    -125.7    -106.3    -107.7
Δ deletions_p1 (count)       -336.3    -346.7    -334.0    -324.0    -303.0    -301.0    -158.3    -169.0    -157.7    -173.7    -140.0    -150.3    -53.3     -65.3     -67.3     -59.0     -46.3     -45.0
Δ deletions_p2 (count)       -286.7    -293.7    -141.3    -139.7    -130.7    -132.7    -109.3    -107.7    -55.3     -53.7     -50.3     -51.0     -48.7     -49.3     -30.3     -22.0     -22.7     -22.3
Δ deletions_p3 (count)       -198.7    -218.3    -87.0     -88.7     -89.3     -88.7     -95.0     -98.0     -51.0     -55.7     -50.3     -47.3     -44.0     -46.7     -26.3     -25.7     -20.7     -23.0
Δ deletions_p4 (count)       -136.0    -136.7    -76.7     -75.0     -69.3     -80.7     -58.7     -62.3     -39.7     -38.7     -38.7     -37.3     -27.7     -26.0     -19.0     -19.0     -16.7     -17.3
# solver runs                 193       189        52        56       224       239       127       125        57        48       169       170        89        86        47        46       107       119
# plan activations            138       135        44        44        53        57        77        72        33        30        35        36        47        45        22        24        29        31
---------------------------------------------------------------------------------------------------------------------------------------------------------------------------------------------------------------

