kmax=1 (w/o priorities)

                             muA=4s                                  muA=8s                                 muA=16s
              PR-8-B   PR-8-NB    SQ-2-B   SQ-2-NB    PR-8-B   PR-8-NB    SQ-2-B   SQ-2-NB    PR-8-B   PR-8-NB    SQ-2-B   SQ-2-NB
------------------------------------------------------------------------------------------------------------------------------------
N=16
------------------------------------------------------------------------------------------------------------------------------------
ΔU             +1.7      +1.8      +2.1      +2.0      +2.1      +2.2      +2.4      +2.4      +3.4      +3.3      +3.5      +3.4
ΔL_tot         +0.2      +0.0      +0.0      +0.0      +0.4      +0.0      -0.3      +0.0      -2.8      -2.1      -2.6      -2.5
ΔD_tot        -59.3      -9.0     +75.7     +68.7     +32.7     +23.0     +106.7    +83.0     +35.0     +27.3     +50.3     +52.7
#O              32        30        62        54        28        30        50        51        30        27        40        40
------------------------------------------------------------------------------------------------------------------------------------

N=32
------------------------------------------------------------------------------------------------------------------------------------
ΔU             +1.4      +1.5      +1.5      +1.5      +1.3      +1.2      +1.5      +1.4      +2.8      +2.5      +2.9      +2.8
ΔL_tot         -1.2      -1.5      -1.3      -1.4      -0.3      +0.1      -1.1      -0.4      -4.0      -2.4      -4.8      -4.7
ΔD_tot        +63.7     +75.7     +89.7     +101.3    +55.7     +66.3     +71.3     +67.7      +1.0     +23.0     +23.7     +23.3
#O              33        34        40        38        19        23        27        24        19        18        20        21
------------------------------------------------------------------------------------------------------------------------------------


kmax=4 (w/ priorities)

                             muA=4s                                  muA=8s                                 muA=16s
              PR-8-B   PR-8-NB    SQ-2-B   SQ-2-NB    PR-8-B   PR-8-NB    SQ-2-B   SQ-2-NB    PR-8-B   PR-8-NB    SQ-2-B   SQ-2-NB
------------------------------------------------------------------------------------------------------------------------------------
N=16
------------------------------------------------------------------------------------------------------------------------------------
ΔU             +1.1      +1.0      +1.4      +1.2      +1.7      +1.7      +1.9      +2.0      +1.8      +1.5      +1.7      +1.9
ΔL_tot         +0.0      +0.0      -0.1      +0.0      +0.2      +0.1      +0.1      +0.0      -0.4      +0.0      -0.3      -0.2
ΔL_p1          -0.1      -0.1      -0.2      +0.0      +0.6      +0.2      +0.2      -0.1      -1.5      -0.3      -1.0      -0.9
ΔL_p2          +0.0      +0.0      +0.0      +0.0      +0.0      +0.0      +0.0      +0.0      +0.0      +0.1      +0.0      +0.0
ΔL_p3          +0.0      +0.0      +0.0      +0.0      +0.0      +0.1      +0.0      +0.0      +0.0      +0.1      +0.0      +0.0
ΔL_p4          +0.0      +0.0      +0.0      +0.0      +0.0      +0.0      +0.0      +0.0      +0.0      +0.1      +0.0      +0.0
ΔD_tot        +177.7    +201.3    +353.3    +386.0    +183.0    +193.7    +261.7    +274.0    +117.7    +109.3    +176.0    +169.0
ΔD_p1         +190.3    +216.7    +355.0    +389.7    +189.3    +199.3    +264.0    +273.3    +119.7    +113.0    +179.3    +173.7
ΔD_p2          -4.3      -7.0      +1.3      -0.3      -1.0      -1.0      -0.3      +1.3      -1.3      -2.7      -2.0      -2.3
ΔD_p3          -1.7      -4.0      +0.0      -0.7      -3.7      -2.7      -1.3      -0.7      -0.7      -0.7      -1.0      -1.7
ΔD_p4          -6.7      -4.3      -3.0      -2.7      -1.7      -2.0      -0.7      +0.0      +0.0      -0.3      -0.3      -0.7
#O              51        53        94        94        47        52        72        69        35        32        53        47
------------------------------------------------------------------------------------------------------------------------------------

N=32
------------------------------------------------------------------------------------------------------------------------------------
ΔU             +1.1      +1.3      +1.2      +1.2      +0.8      +0.6      +0.8      +0.8      +1.1      +1.2      +1.3      +1.2
ΔL_tot         +0.0      -0.1      -0.1      +0.0      -0.2      -0.2      -0.3      -0.2      -0.4      -0.3      -0.7      -0.6
ΔL_p1          -0.2      -0.3      -0.2      -0.2      -0.6      -0.7      -0.8      -0.6      -1.2      -0.8      -2.0      -1.9
ΔL_p2          +0.0      +0.0      +0.0      +0.0      +0.0      +0.0      +0.0      +0.0      +0.0      +0.0      +0.0      +0.0
ΔL_p3          +0.0      +0.0      +0.0      +0.0      +0.0      +0.0      +0.0      +0.0      +0.0      +0.0      +0.0      +0.0
ΔL_p4          +0.0      +0.0      +0.0      +0.0      +0.0      +0.0      +0.0      +0.0      +0.1      +0.1      +0.0      +0.0
ΔD_tot        +161.0    +173.3    +207.7    +203.7    +86.0     +92.3     +123.3    +120.0    +83.7     +82.0     +91.7     +90.0
ΔD_p1         +173.3    +184.7    +213.0    +208.7    +90.0     +96.0     +126.0    +118.0    +87.0     +85.7     +91.0     +89.7
ΔD_p2          -3.3      -7.0      -3.7      -2.7      +0.7      +0.3      -1.0      +1.3      -1.3      -1.0      +0.7      +0.7
ΔD_p3          -4.0      +0.0      +0.3      -2.0      -1.7      -2.0      -1.0      +0.7      -1.7      -2.7      +0.3      +0.0
ΔD_p4          -5.0      -4.3      -2.0      -0.3      -3.0      -2.0      -0.7      +0.0      -0.3      +0.0      -0.3      -0.3
#O              45        49        58        56        28        28        36        35        26        28        30        28
------------------------------------------------------------------------------------------------------------------------------------

