#priorities = 4 (w/ priorities)

                                  Δ usage     Δ latency_total   Δ latency_p1    Δ latency_p2    Δ latency_p3    Δ latency_p4  Δ deletions_tota Δ deletions_p1  Δ deletions_p2  Δ deletions_p3  Δ deletions_p4   #solver runs  #plan activation
                                    (pp)            (ms)            (ms)            (ms)            (ms)            (ms)          (count)         (count)         (count)         (count)         (count)
----------------------------------------------------------------------------------------------------------------------------------------------------------------------------------------------------------------------------------------------
#nodes = 16, inter-arrival = 4s
----------------------------------------------------------------------------------------------------------------------------------------------------------------------------------------------------------------------------------------------
Scheduling-failure (blocking)       +0.2           +2725           +2863           +2640           +2568           +2738           -749.7          -58.7           -306.7          -210.0          -174.3           279             185
Scheduling-failure (non-blocki      -0.1           +3037           +3053           +3142           +2757           +3064           -851.5          -162.0          -291.5          -225.5          -172.5           413             153
Periodic (blocking), 8s interv      +1.1             -5             -69             +33             +26             +23            +177.7          +190.3           -4.3            -1.7            -6.7             66              51
Periodic (non-blocking), 8s in      +1.0             +4             -58             +37             +30             +24            +201.3          +216.7           -7.0            -4.0            -4.3             73              53
Periodic (blocking), 32s inter      +0.3            -12             -17             -23             -12              -1            +49.3           +53.3            -2.0            -0.3            -1.7             17              16
Periodic (non-blocking), 32s i      +0.2            +52             +173             +5             -23              -1            +58.0           +61.0            -0.3            -1.3            -1.3             16              14
Stable-queue (blocking), 2s de      +1.4            -62             -225             +7             -13             +20            +353.3          +355.0           +1.3            +0.0            -3.0            352              94
Stable-queue (non-blocking), 2      +1.3             +3             -13             +20             +17             +21            +386.0          +389.7           -0.3            -0.7            -2.7            396              94
Stable-queue (blocking), 8s de      +1.1             -7             -12              +5             -21              -1            +189.7          +189.0           +0.7            +0.7            -0.7            104              49
Stable-queue (non-blocking), 8      +1.0            -16             -74             +11              -2             +12            +194.3          +194.3           +0.7            +1.0            -1.7            140              47
----------------------------------------------------------------------------------------------------------------------------------------------------------------------------------------------------------------------------------------------
#nodes = 16, inter-arrival = 8s
----------------------------------------------------------------------------------------------------------------------------------------------------------------------------------------------------------------------------------------------
Scheduling-failure (blocking)       +1.4           +2901           +3055           +2588           +2534           +3471           -158.7          +116.3          -111.0          -97.3           -66.7            194             122
Scheduling-failure (non-blocki      +1.3           +3135           +3587           +2618           +2572           +3654           -126.0          +141.7          -107.7          -95.3           -64.7            198             127
Periodic (blocking), 8s interv      +1.7            +204            +601            +44             +46             +12            +183.0          +189.3           -1.0            -3.7            -1.7             75              47
Periodic (non-blocking), 8s in      +1.7            +70             +159            +44             +51             +22            +193.7          +199.3           -1.0            -2.7            -2.0             64              52
Periodic (blocking), 32s inter      +1.0            +18             +68             +24              +4             -18            +48.0           +47.7            +0.0            +0.7            -0.3             20              14
Periodic (non-blocking), 32s i      +1.1            +70             +252             +3              +4             -26            +68.7           +67.3            +0.7            +0.7            +0.0             17              16
Stable-queue (blocking), 2s de      +1.9            +69             +183             +4             +22              +0            +261.7          +264.0           -0.3            -1.3            -0.7            324              72
Stable-queue (non-blocking), 2      +2.0            -30             -143            +16             +27              +2            +274.0          +273.3           +1.3            -0.7            +0.0            246              69
Stable-queue (blocking), 8s de      +1.6             +6             -17             +15              +6             -12            +161.3          +163.7           -2.0            -0.3            +0.0            187              42
Stable-queue (non-blocking), 8      +1.6            +20             +107            -15              -2             -21            +165.3          +165.7           +1.3            -1.0            -0.7            218              43
----------------------------------------------------------------------------------------------------------------------------------------------------------------------------------------------------------------------------------------------
#nodes = 16, inter-arrival = 16s
----------------------------------------------------------------------------------------------------------------------------------------------------------------------------------------------------------------------------------------------
Scheduling-failure (blocking)       +1.4           +2996           +2184           +3460           +3249           +2893           +26.7           +144.7          -44.3           -46.3           -27.3            143              78
Scheduling-failure (non-blocki      +1.4           +3634           +3284           +3803           +3830           +3186           -13.3           +118.0          -55.7           -48.0           -27.7            134              72
Periodic (blocking), 8s interv      +1.8            -403           -1495            +27             +11             +31            +117.7          +119.7           -1.3            -0.7            +0.0             61              35
Periodic (non-blocking), 8s in      +1.5            -36             -342            +126            +52             +56            +109.3          +113.0           -2.7            -0.7            -0.3             74              32
Periodic (blocking), 32s inter      +1.4            -186            -670             -8             +16             -37            +55.3           +56.7            -1.3            +0.0            +0.0             19              16
Periodic (non-blocking), 32s i      +1.4            -196            -704            +33             -11             +10            +57.3           +58.0            -0.7            +0.0            +0.0             18              15
Stable-queue (blocking), 2s de      +1.7            -257            -992             +2             +46             +12            +176.0          +179.3           -2.0            -1.0            -0.3            238              53
Stable-queue (non-blocking), 2      +1.9            -238            -912            +27             +24             -24            +169.0          +173.7           -2.3            -1.7            -0.7            210              47
Stable-queue (blocking), 8s de      +1.7            -262            -894             +5              +1             -24            +99.3           +101.0           -1.0            -0.7            +0.0             96              29
Stable-queue (non-blocking), 8      +1.6            -200            -719            -25              +3              -9            +127.3          +128.0           +0.0            -0.7            +0.0            124              31
----------------------------------------------------------------------------------------------------------------------------------------------------------------------------------------------------------------------------------------------
#nodes = 32, inter-arrival = 4s
----------------------------------------------------------------------------------------------------------------------------------------------------------------------------------------------------------------------------------------------
Scheduling-failure (blocking)       +0.6           +2386           +2747           +2409           +2077           +2122           -439.3          +72.3           -227.0          -155.7          -129.0           198             143
Scheduling-failure (non-blocki      +0.6           +2532           +2897           +2533           +2279           +2211           -456.0          +76.3           -233.0          -170.3          -129.0           198             144
Periodic (blocking), 8s interv      +1.1            -42             -200            +33             +42             +23            +161.0          +173.3           -3.3            -4.0            -5.0             54              45
Periodic (non-blocking), 8s in      +1.3            -68             -283            +29             +37             +28            +173.3          +184.7           -7.0            +0.0            -4.3             62              49
Periodic (blocking), 32s inter      +0.6             -8              -9              -8              +7              +0            +66.0           +66.0            +0.0            +1.0            -1.0             18              16
Periodic (non-blocking), 32s i      +0.5            -21             -72              +7             +11              +4            +74.7           +76.0            -1.0            +1.0            -1.3             17              16
Stable-queue (blocking), 2s de      +1.2            -71             -247             +2              +9             +10            +207.7          +213.0           -3.7            +0.3            -2.0            228              58
Stable-queue (non-blocking), 2      +1.2            -38             -155             +8             +31              +5            +203.7          +208.7           -2.7            -2.0            -0.3            240              56
Stable-queue (blocking), 8s de      +0.9             -4             -28              +0             +22              -7            +161.3          +161.3           -1.0            +1.3            -0.3             96              42
Stable-queue (non-blocking), 8      +1.0            -51             -170             +1             +24              -4            +167.0          +168.7           -1.3            +0.3            -0.7             81              39
----------------------------------------------------------------------------------------------------------------------------------------------------------------------------------------------------------------------------------------------
#nodes = 32, inter-arrival = 8s
----------------------------------------------------------------------------------------------------------------------------------------------------------------------------------------------------------------------------------------------
Scheduling-failure (blocking)       +0.5           +2698           +2891           +2653           +2426           +2723           -142.3          +49.0           -74.3           -67.0           -50.0            121              73
Scheduling-failure (non-blocki      +0.5           +3085           +4063           +2730           +2431           +2628           -181.0          +25.3           -78.7           -74.0           -53.7            127              75
Periodic (blocking), 8s interv      +0.8            -173            -568            +20             +17              +5            +86.0           +90.0            +0.7            -1.7            -3.0             47              28
Periodic (non-blocking), 8s in      +0.6            -214            -712            +29             +27             +34            +92.3           +96.0            +0.3            -2.0            -2.0             50              28
Periodic (blocking), 32s inter      +0.5            +40             +107             +8             +17              +7            +41.3           +42.0            +0.0            -0.7            +0.0             18              16
Periodic (non-blocking), 32s i      +0.5            +18             +79             -20              +6              +8            +55.0           +55.7            +0.3            -1.0            +0.0             16              15
Stable-queue (blocking), 2s de      +0.8            -266            -840            +12              +1              -5            +123.3          +126.0           -1.0            -1.0            -0.7            158              36
Stable-queue (non-blocking), 2      +0.8            -194            -622             +7              +5              +4            +120.0          +118.0           +1.3            +0.7            +0.0            161              35
Stable-queue (blocking), 8s de      +0.6            -281            -877             +3              -1              +7            +82.7           +84.0            +0.0            -1.3            +0.0             74              27
Stable-queue (non-blocking), 8      +0.6            -211            -656             -2             +19             -20            +88.0           +90.7            -0.3            -1.7            -0.7             71              25
----------------------------------------------------------------------------------------------------------------------------------------------------------------------------------------------------------------------------------------------
#nodes = 32, inter-arrival = 16s
----------------------------------------------------------------------------------------------------------------------------------------------------------------------------------------------------------------------------------------------
Scheduling-failure (blocking)       +1.0           +2731           +2140           +3204           +3171           +2627           -41.7           +45.7           -35.3           -30.7           -21.3             85              43
Scheduling-failure (non-blocki      +1.0           +3059           +3405           +2836           +3021           +3064           -34.7           +54.0           -39.3           -30.0           -19.3             85              43
Periodic (blocking), 8s interv      +1.1            -359           -1188            +19             +30             +80            +83.7           +87.0            -1.3            -1.7            -0.3             51              26
Periodic (non-blocking), 8s in      +1.2            -271            -822            +46             +18             +63            +82.0           +85.7            -1.0            -2.7            +0.0             45              28
Periodic (blocking), 32s inter      +1.0            -26             -15              -3              +4             +27            +41.7           +41.7            +0.0            +0.0            +0.0             16              13
Periodic (non-blocking), 32s i      +0.9            -42             -109            -31             -34             +21            +50.7           +50.3            +0.7            -0.3            +0.0             16              12
Stable-queue (blocking), 2s de      +1.3            -666           -2015            -11              -6              -6            +91.7           +91.0            +0.7            +0.3            -0.3            100              30
Stable-queue (non-blocking), 2      +1.2            -615           -1859            -20             -19             +39            +90.0           +89.7            +0.7            +0.0            -0.3             96              28
Stable-queue (blocking), 8s de      +1.1            -421           -1243             -9              -3             +10            +71.3           +71.0            +0.0            +0.3            +0.0             54              21
Stable-queue (non-blocking), 8      +1.1            -243            -788            +26              +7             +37            +86.7           +86.7            +0.0            +0.0            +0.0             50              22
----------------------------------------------------------------------------------------------------------------------------------------------------------------------------------------------------------------------------------------------
