484806185843093489
6452900031824671063
8016731149625864370
3896010399170147587
3941336756034580715
1503191614089492773
7158228594698779781
3532658037249897651
6105563283321887062
226216363256580172
6895378818991516291
5809399052914872227
8727485397340111755
4559964496990583395
2057909903460133994
7753940112227685379
1221345081614209477
6636232377391960297
7252074906178545503
3712956461027657442
2008907309570689453
226216363256580172
226216363256580172
8727485397340111755
2057909903460133994
7753940112227685379
868345193988332467
6507800679503166357
5718196445725297835
447894098700000972
3035754826630143701
1815117622121952975
7436749116488122155
1607623748038801266
7785083115903125942
2180054235356924103
