7309940385334237743
3394979529978938239
8016731149625864370
3159643892569801110
3737635650877940855
3941336756034580715
2776888858026346365
420292943029515637
3532658037249897651
5499991615272674611
6105563283321887062
1754007979673256872
5839509821751272860
4782248702426767105
226216363256580172
6895378818991516291
7753940112227685379
6189391917187610042
3712956461027657442
5435020287124189294
3928363649402512180
4275183120444302794
7102506122751228813
3442520487102279065
2404411545535534280
7024236687192545299
219602589878935038
5300881956419103460
1993971700290982859
2254113481559975435
2506108877001422316
6507800679503166357
5756508426186236398
445452966031145345
1541097410654331810
3987827014520816348
1086256223848041603
592614219853408301
75203836534193960
3035754826630143701
6835107565896807559
7548367792118511278
8560547988793028776
1607623748038801266
2613684745722214861
2180054235356924103
2868288887590448993
588145536620783130
1698664097058828665
6733503664178315144
624478758625209731
3920562215697765082
1732006772163400755
2368425410543488502
1936436755165458133
162265759987865334
8677615051692858930
5114925333385189190
8362696149246552476
3848688343875352574
81740943758694833
4695318278542285784
6909460207986567812
4849553283873096111
6407538530243994702
6792567081791202869
4263390196070078490
921194114050528004
6387065886498495637
8815001534067142780
3352887706071910834
691442983448347884
6041725746619886287
6096812685437590953
2860853286125819378
6494299470113813581
6364316797229653111
6572870192749863101
467087067000949770
4223365239690842024
1101034910533532210
5776059149618559180
751030943611324568
7443154641459346274
2593931680134166529
9106536935307504523
2429668940810259854
8774447360190742458
8871628612202091178
1880687976247778670
4579049946734460317
7880392588601069610
1097547719098991402
4504543645338059110
2656342832408036887
246828511574727899
3989872286655245239
1265957531372781380
6214240663321087620
528665819482444076