484806185843093489
4219457405427907235
5896358955358513046
1420052706459400740
6994672214887366847
3394979529978938239
6452900031824671063
8016731149625864370
3896010399170147587
6772603432636054556
3159643892569801110
3737635650877940855
546960236124654608
1503191614089492773
5820706265677719135
7158228594698779781
2881060639005617760
2120090046821723763
3532658037249897651
5499991615272674611
6105563283321887062
7738711211195866853
5888965561877447036
7194306251949794638
4782248702426767105
5210833456475221841
4245042552790771277
4493970743770925510
7899493300157142034
697073105759480269
1284945672489363765
2027745333831851761
226216363256580172
5809399052914872227
8727485397340111755
4559964496990583395
7753940112227685379
6189391917187610042
5130844505531187853
1221345081614209477
6636232377391960297
7252074906178545503
3712956461027657442
3937612914725950854
4855668352291734553
1120181360350854083
4275183120444302794
6617179428660612426
2404411545535534280
7024236687192545299
6469489248687525114
5192245877720377991
7420528211910559118
8033569224504949185
8619543593757090233
1023525827562816677
868345193988332467
5300881956419103460
1993971700290982859
2254113481559975435
7335201056252104502
2202158810409137126
2506108877001422316
6507800679503166357
5718196445725297835
445452966031145345
5818100544690602936
1086328549291446253
3987827014520816348
1096718949685239825
1086256223848041603
7268157541739304927
592614219853408301
8720578957111805835
8694841941272457754
75203836534193960
2564338243049378455
3035754826630143701
1815117622121952975
3931590007251420002
7533048769398230178
8560547988793028776
8831143984913122024
9183157670805661135
7785083115903125942
2613684745722214861
2180054235356924103
7286170649172610399
8972093099464316483
631372417048314822
588145536620783130
1698664097058828665
6733503664178315144
4439760097120997343
4524298854213712770
8779624488381174878
4375845240505340207
1732006772163400755
315726012862746149
8914186743876754225