1420052706459400740
7956536540478288960
6452900031824671063
7196266411674554368
3941336756034580715
5820706265677719135
5499991615272674611
7376625660721489042
6105563283321887062
8869018158643600458
5839509821751272860
4782248702426767105
5210833456475221841
4493970743770925510
7899493300157142034
6895378818991516291
7753940112227685379
6189391917187610042
7252074906178545503
3712956461027657442
3937612914725950854
5435020287124189294
4855668352291734553
4275183120444302794
7102506122751228813
3442520487102279065
2404411545535534280
7024236687192545299
219602589878935038
868345193988332467
5300881956419103460
1993971700290982859
2506108877001422316
6507800679503166357
5718196445725297835
5756508426186236398
445452966031145345
1541097410654331810
7730765085791097700
8694841941272457754
75203836534193960
3035754826630143701
3931590007251420002
8560547988793028776
1607623748038801266
2613684745722214861
2180054235356924103
2868288887590448993
3984219324367216793
631372417048314822
5627024181294474847
588145536620783130
1698664097058828665
6733503664178315144
2688552278184135963
624478758625209731
1732006772163400755
8539456522658358609
2368425410543488502
6989657577856155167
14487336315588145
3535191704097471617
8677615051692858930
8362696149246552476
4615135001983486707
6611199509778016686
3848688343875352574
957832121954353945
6909460207986567812
701306490824766434
9067284323766376597
4849553283873096111
6792567081791202869
3073920418893268118
921194114050528004
6387065886498495637
8815001534067142780
5461337097864890431
6041725746619886287
6096812685437590953
6494299470113813581
6364316797229653111
6572870192749863101
5423196085002074385
4223365239690842024
5776059149618559180
751030943611324568
7443154641459346274
2593931680134166529
9106536935307504523
6513344353787019301
8871628612202091178
1880687976247778670
6182320252838023741
4579049946734460317
2390032059988525454
6670187543701510139
7880392588601069610
6106332191492164573
6007410762998700636