484806185843093489
4219457405427907235
1420052706459400740
6994672214887366847
3394979529978938239
6452900031824671063
8016731149625864370
6772603432636054556
3159643892569801110
3737635650877940855
546960236124654608
3941336756034580715
1503191614089492773
8110663468741290990
5820706265677719135
5221797255719614626
55411538136720492
7158228594698779781
2881060639005617760
2120090046821723763
3532658037249897651
5499991615272674611
6105563283321887062
7738711211195866853
5888965561877447036
7194306251949794638
4782248702426767105
5210833456475221841
4493970743770925510
7899493300157142034
697073105759480269
2027745333831851761
226216363256580172
6895378818991516291
5809399052914872227
4559964496990583395
7753940112227685379
6189391917187610042
5130844505531187853
1221345081614209477
7252074906178545503
3712956461027657442
3937612914725950854
4855668352291734553
6181536930444734779
3928363649402512180
1120181360350854083
4275183120444302794
6617179428660612426
3442520487102279065
2404411545535534280
7024236687192545299
6469489248687525114
5192245877720377991
7420528211910559118
8650194206863455706
8033569224504949185
8619543593757090233
1023525827562816677
219602589878935038
868345193988332467
5300881956419103460
1993971700290982859
2254113481559975435
7335201056252104502
2202158810409137126
6507800679503166357
5718196445725297835
2280823119808743756
445452966031145345
1541097410654331810
5818100544690602936
1086328549291446253
3987827014520816348
1096718949685239825
1086256223848041603
7268157541739304927
2537210642284439781
592614219853408301
8694841941272457754
75203836534193960
2564338243049378455
3035754826630143701
1815117622121952975
7436749116488122155
3931590007251420002
8560547988793028776
1607623748038801266
8831143984913122024
7785083115903125942
2613684745722214861
2180054235356924103
7286170649172610399
618958844418947457
8972093099464316483
4613689335692475001
588145536620783130
1698664097058828665
6733503664178315144
4439760097120997343