3394979529978938239
7956536540478288960
3896010399170147587
1424665327171895173
3159643892569801110
3737635650877940855
546960236124654608
1503191614089492773
5820706265677719135
9147129661833587558
917224645308210940
5499991615272674611
1754007979673256872
7738711211195866853
7194306251949794638
8869018158643600458
5839509821751272860
6791828356968382696
4245042552790771277
7899493300157142034
697073105759480269
5809399052914872227
8727485397340111755
4559964496990583395
2057909903460133994
7753940112227685379
6189391917187610042
6636232377391960297
2008907309570689453
5435020287124189294
3928363649402512180
6617179428660612426
6990155264863631615
7024236687192545299
6469489248687525114
7335201056252104502
2506108877001422316
