3712956461027657442
7420528211910559118
445452966031145345
1541097410654331810
5818100544690602936
1086328549291446253
3987827014520816348
1096718949685239825
1086256223848041603
7268157541739304927
1098181851266756060
592614219853408301
447894098700000972
8720578957111805835
2564338243049378455
3035754826630143701
1815117622121952975
7436749116488122155
6835107565896807559
3931590007251420002
8560547988793028776
1607623748038801266
8831143984913122024
7785083115903125942
2613684745722214861
2180054235356924103
2868288887590448993
