7956536540478288960
6452900031824671063
6772603432636054556
3159643892569801110
3737635650877940855
546960236124654608
1503191614089492773
5820706265677719135
9147129661833587558
917224645308210940
5499991615272674611
1754007979673256872
7738711211195866853
4291706568640266163
7194306251949794638
6791828356968382696
4528391889290670831
7899493300157142034
1284945672489363765
5809399052914872227
8727485397340111755
4559964496990583395
6189391917187610042
6636232377391960297
3937612914725950854
5435020287124189294
1120181360350854083
7024236687192545299
8650194206863455706
