484806185843093489
4219457405427907235
7309940385334237743
5896358955358513046
1420052706459400740
6994672214887366847
3132326258768729143
3394979529978938239
8016731149625864370
1779281120235042110
7196266411674554368
3896010399170147587
4204471460018303910
1424665327171895173
1431348066566932968
3941336756034580715
2776888858026346365
8110663468741290990
420292943029515637
5221797255719614626
55411538136720492
7158228594698779781
2881060639005617760
2120090046821723763
3532658037249897651
7376625660721489042
6105563283321887062
5888965561877447036
8869018158643600458
5839509821751272860
4782248702426767105
5210833456475221841
4245042552790771277
4493970743770925510
697073105759480269
2027745333831851761
226216363256580172
6895378818991516291
657070463987715267
2057909903460133994
7753940112227685379
7965293553015376524
5130844505531187853
1221345081614209477
7252074906178545503
3712956461027657442
2008907309570689453
4855668352291734553
6181536930444734779
3928363649402512180
4275183120444302794
6617179428660612426
7102506122751228813
3442520487102279065
2404411545535534280
6990155264863631615
6469489248687525114
5192245877720377991
7420528211910559118
8033569224504949185
8619543593757090233
6013696950180590152
1023525827562816677
219602589878935038
868345193988332467
5300881956419103460
1993971700290982859
2254113481559975435
7335201056252104502
2202158810409137126
2506108877001422316
