3132326258768729143
3394979529978938239
6452900031824671063
1779281120235042110
7196266411674554368
4204471460018303910
3159643892569801110
3737635650877940855
546960236124654608
3941336756034580715
2776888858026346365
5820706265677719135
55411538136720492
5499991615272674611
7376625660721489042
6105563283321887062
7738711211195866853
6791828356968382696
4528391889290670831
7899493300157142034
1284945672489363765
2027745333831851761
657070463987715267
2057909903460133994
7753940112227685379
1221345081614209477
2008907309570689453
6181536930444734779
1120181360350854083
6617179428660612426
3442520487102279065
6469489248687525114
5192245877720377991
7420528211910559118
6013696950180590152
1023525827562816677
868345193988332467
5300881956419103460
2254113481559975435
2202158810409137126
2506108877001422316
6507800679503166357
2280823119808743756
5397005882441633319
7730765085791097700
1086328549291446253
3987827014520816348
1096718949685239825
1086256223848041603
1098181851266756060
2537210642284439781
592614219853408301
447894098700000972
8720578957111805835
8694841941272457754
7436749116488122155
7548367792118511278
3931590007251420002
7533048769398230178
8560547988793028776
1607623748038801266
8831143984913122024
2180054235356924103
8972093099464316483
6636232377391960297
7252074906178545503
