484806185843093489
7309940385334237743
8016731149625864370
6772603432636054556
420292943029515637
2881060639005617760
3532658037249897651
7194306251949794638
5210833456475221841
4493970743770925510
5809399052914872227
8727485397340111755
4559964496990583395
6189391917187610042
6636232377391960297
7252074906178545503
2008907309570689453
6636232377391960297
6636232377391960297
6636232377391960297
6636232377391960297
6636232377391960297
7252074906178545503
3937612914725950854
3928363649402512180
4275183120444302794
2404411545535534280
6990155264863631615
7024236687192545299
8033569224504949185
219602589878935038
7335201056252104502
5718196445725297835
445452966031145345
1541097410654331810
5818100544690602936
7268157541739304927
75203836534193960
3035754826630143701
1815117622121952975
9183157670805661135
7785083115903125942
7286170649172610399
