7309940385334237743
1420052706459400740
6452900031824671063
7196266411674554368
3896010399170147587
3737635650877940855
2776888858026346365
8110663468741290990
9147129661833587558
5221797255719614626
2120090046821723763
7738711211195866853
7194306251949794638
4493970743770925510
7899493300157142034
6895378818991516291
7753940112227685379
7965293553015376524
1221345081614209477
6636232377391960297
2008907309570689453
3937612914725950854
4855668352291734553
3928363649402512180
6617179428660612426
7102506122751228813
7024236687192545299
5192245877720377991
7420528211910559118
8619543593757090233
1023525827562816677
5300881956419103460
1993971700290982859
7335201056252104502
2506108877001422316
9126551470516884404
2280823119808743756
5818100544690602936
1086328549291446253
1096718949685239825
2537210642284439781
