484806185843093489
4219457405427907235
5896358955358513046
6994672214887366847
3132326258768729143
3394979529978938239
7956536540478288960
8016731149625864370
6772603432636054556
1424665327171895173
1431348066566932968
3941336756034580715
1503191614089492773
5820706265677719135
420292943029515637
917224645308210940
55411538136720492
7158228594698779781
2881060639005617760
3532658037249897651
5499991615272674611
7376625660721489042
6105563283321887062
8869018158643600458
5839509821751272860
4782248702426767105
5210833456475221841
6791828356968382696
1284945672489363765
2027745333831851761
226216363256580172
5809399052914872227
8727485397340111755
657070463987715267
4559964496990583395
2057909903460133994
6189391917187610042
7252074906178545503
6181536930444734779
1120181360350854083
4275183120444302794
2404411545535534280
6990155264863631615
6469489248687525114
6013696950180590152
219602589878935038
868345193988332467
2254113481559975435
2202158810409137126
3568231548795854174
5718196445725297835
5756508426186236398
5397005882441633319
1541097410654331810
7730765085791097700
3987827014520816348
1086256223848041603
7268157541739304927
447894098700000972
