484806185843093489
7309940385334237743
5896358955358513046
1420052706459400740
6994672214887366847
3132326258768729143
8016731149625864370
1779281120235042110
7196266411674554368
6772603432636054556
4204471460018303910
3737635650877940855
1431348066566932968
1503191614089492773
2776888858026346365
8110663468741290990
420292943029515637
917224645308210940
55411538136720492
7158228594698779781
2881060639005617760
2120090046821723763
3532658037249897651
7376625660721489042
6105563283321887062
1754007979673256872
5888965561877447036
4291706568640266163
8869018158643600458
4782248702426767105
5210833456475221841
4245042552790771277
4493970743770925510
4528391889290670831
1284945672489363765
2027745333831851761
226216363256580172
6895378818991516291
2057909903460133994
7965293553015376524
6189391917187610042
5130844505531187853
1221345081614209477
7252074906178545503
3712956461027657442
2008907309570689453
5435020287124189294
4855668352291734553
3928363649402512180
4275183120444302794
7102506122751228813
2404411545535534280
7024236687192545299
6469489248687525114
5192245877720377991
7420528211910559118
8033569224504949185
8619543593757090233
1023525827562816677
219602589878935038
868345193988332467
5300881956419103460
1993971700290982859
2254113481559975435
7335201056252104502
2202158810409137126
