4219457405427907235
3394979529978938239
7956536540478288960
6452900031824671063
3896010399170147587
1424665327171895173
3159643892569801110
546960236124654608
3941336756034580715
5820706265677719135
9147129661833587558
5221797255719614626
5499991615272674611
7738711211195866853
7194306251949794638
5839509821751272860
6791828356968382696
7899493300157142034
697073105759480269
5809399052914872227
8727485397340111755
657070463987715267
4559964496990583395
7753940112227685379
6636232377391960297
3937612914725950854
6181536930444734779
1120181360350854083
6617179428660612426
3442520487102279065
6990155264863631615
8650194206863455706
6013696950180590152
2506108877001422316
