484806185843093489
7309940385334237743
3132326258768729143
3394979529978938239
6452900031824671063
8016731149625864370
1779281120235042110
7196266411674554368
6772603432636054556
4204471460018303910
3159643892569801110
3737635650877940855
546960236124654608
3941336756034580715
2776888858026346365
5820706265677719135
420292943029515637
55411538136720492
2881060639005617760
3532658037249897651
5499991615272674611
7376625660721489042
6105563283321887062
7738711211195866853
7194306251949794638
5210833456475221841
6791828356968382696
4493970743770925510
4528391889290670831
7899493300157142034
1284945672489363765
2027745333831851761
5809399052914872227
8727485397340111755
657070463987715267
4559964496990583395
2057909903460133994
