7309940385334237743
1420052706459400740
3394979529978938239
6452900031824671063
7196266411674554368
3896010399170147587
6772603432636054556
1424665327171895173
546960236124654608
3941336756034580715
5820706265677719135
5221797255719614626
55411538136720492
7376625660721489042
4291706568640266163
7194306251949794638
5839509821751272860
6791828356968382696
4245042552790771277
4528391889290670831
7899493300157142034
1284945672489363765
2027745333831851761
8727485397340111755
657070463987715267
4559964496990583395
7252074906178545503
3712956461027657442
1120181360350854083
4275183120444302794
6617179428660612426
7102506122751228813
3442520487102279065
6469489248687525114
5192245877720377991
1023525827562816677
2254113481559975435
7335201056252104502
2506108877001422316
3568231548795854174
5756508426186236398
2280823119808743756
445452966031145345
592614219853408301
8720578957111805835
