4219457405427907235
1420052706459400740
3132326258768729143
3394979529978938239
7956536540478288960
8016731149625864370
1424665327171895173
3159643892569801110
3737635650877940855
546960236124654608
5820706265677719135
420292943029515637
9147129661833587558
5221797255719614626
917224645308210940
7158228594698779781
2120090046821723763
6105563283321887062
1754007979673256872
7738711211195866853
5888965561877447036
4291706568640266163
8869018158643600458
4782248702426767105
5210833456475221841
6791828356968382696
4245042552790771277
4528391889290670831
7899493300157142034
2027745333831851761
6895378818991516291
5809399052914872227
8727485397340111755
657070463987715267
4559964496990583395
7965293553015376524
6636232377391960297
7252074906178545503
3712956461027657442
2008907309570689453
3937612914725950854
3928363649402512180
1120181360350854083
6990155264863631615
6469489248687525114
8650194206863455706
8619543593757090233
6013696950180590152
219602589878935038
2202158810409137126
2506108877001422316
3568231548795854174
5718196445725297835
9126551470516884404
5397005882441633319
1541097410654331810
1086328549291446253
3987827014520816348
1096718949685239825
7268157541739304927
1098181851266756060
8720578957111805835
8694841941272457754
2564338243049378455
3035754826630143701
6835107565896807559
