484806185843093489
4219457405427907235
7309940385334237743
7956536540478288960
8016731149625864370
1779281120235042110
7196266411674554368
3896010399170147587
8110663468741290990
9147129661833587558
917224645308210940
3532658037249897651
5499991615272674611
7376625660721489042
6105563283321887062
5839509821751272860
1284945672489363765
6895378818991516291
5809399052914872227
4559964496990583395
2057909903460133994
7753940112227685379
7965293553015376524
7252074906178545503
3937612914725950854
4855668352291734553
6617179428660612426
7102506122751228813
3442520487102279065
2404411545535534280
5192245877720377991
6013696950180590152
1993971700290982859
2254113481559975435
2202158810409137126
3568231548795854174
2280823119808743756
1086328549291446253
1098181851266756060
8694841941272457754
3035754826630143701
7436749116488122155
7548367792118511278
8831143984913122024
2868288887590448993
618958844418947457
5627024181294474847
588145536620783130
