484806185843093489
7309940385334237743
6994672214887366847
3132326258768729143
6772603432636054556
4204471460018303910
3941336756034580715
2776888858026346365
8110663468741290990
5820706265677719135
2881060639005617760
5888965561877447036
697073105759480269
1284945672489363765
2027745333831851761
226216363256580172
8727485397340111755
657070463987715267
7965293553015376524
3712956461027657442
5435020287124189294
4855668352291734553
3928363649402512180
4275183120444302794
7024236687192545299
6469489248687525114
1023525827562816677
7335201056252104502
2506108877001422316
5718196445725297835
2280823119808743756
5818100544690602936
