4219457405427907235
5896358955358513046
3394979529978938239
7956536540478288960
6452900031824671063
8016731149625864370
7196266411674554368
3896010399170147587
1424665327171895173
3159643892569801110
3737635650877940855
1431348066566932968
546960236124654608
420292943029515637
9147129661833587558
5221797255719614626
917224645308210940
55411538136720492
7158228594698779781
2120090046821723763
3532658037249897651
5499991615272674611
7376625660721489042
6105563283321887062
7738711211195866853
4291706568640266163
7194306251949794638
8869018158643600458
5839509821751272860
4782248702426767105
5210833456475221841
6791828356968382696
4493970743770925510
4528391889290670831
7899493300157142034
6895378818991516291
5809399052914872227
4559964496990583395
2057909903460133994
7753940112227685379
6189391917187610042
1221345081614209477
6636232377391960297
7252074906178545503
2008907309570689453
3937612914725950854
6181536930444734779
1120181360350854083
6617179428660612426
3442520487102279065
2404411545535534280
6990155264863631615
5192245877720377991
8619543593757090233
6013696950180590152
219602589878935038
868345193988332467
5300881956419103460
1993971700290982859
2254113481559975435
2202158810409137126
6507800679503166357
3568231548795854174
5756508426186236398
9126551470516884404
5397005882441633319
445452966031145345
1541097410654331810
