7309940385334237743
5896358955358513046
1420052706459400740
6994672214887366847
3132326258768729143
1779281120235042110
7196266411674554368
4204471460018303910
1424665327171895173
3159643892569801110
3737635650877940855
3941336756034580715
1503191614089492773
5820706265677719135
420292943029515637
9147129661833587558
917224645308210940
55411538136720492
7376625660721489042
1754007979673256872
7738711211195866853
7194306251949794638
8869018158643600458
5210833456475221841
4245042552790771277
4493970743770925510
4528391889290670831
226216363256580172
6895378818991516291
5809399052914872227
8727485397340111755
4559964496990583395
7753940112227685379
6636232377391960297
5435020287124189294
4855668352291734553
6181536930444734779
3928363649402512180
6617179428660612426
6990155264863631615
6469489248687525114
8033569224504949185
8619543593757090233
6013696950180590152
1023525827562816677
868345193988332467
2202158810409137126
3568231548795854174
2280823119808743756
445452966031145345
