484806185843093489
4219457405427907235
3394979529978938239
7956536540478288960
6452900031824671063
8016731149625864370
3896010399170147587
6772603432636054556
1431348066566932968
546960236124654608
2776888858026346365
8110663468741290990
7158228594698779781
2881060639005617760
2120090046821723763
3532658037249897651
5499991615272674611
6105563283321887062
5888965561877447036
5839509821751272860
4782248702426767105
6791828356968382696
697073105759480269
1284945672489363765
2027745333831851761
657070463987715267
2057909903460133994
7965293553015376524
6189391917187610042
1221345081614209477
7252074906178545503
2008907309570689453
3937612914725950854
1120181360350854083
4275183120444302794
7102506122751228813
3442520487102279065
2404411545535534280
7024236687192545299
5192245877720377991
7420528211910559118
8650194206863455706
1993971700290982859
2254113481559975435
7335201056252104502
2506108877001422316
6507800679503166357
5718196445725297835
5756508426186236398
5397005882441633319
