484806185843093489
7309940385334237743
1420052706459400740
7956536540478288960
6452900031824671063
8016731149625864370
1779281120235042110
7196266411674554368
3896010399170147587
3159643892569801110
3737635650877940855
546960236124654608
2776888858026346365
5820706265677719135
420292943029515637
9147129661833587558
917224645308210940
55411538136720492
2881060639005617760
6105563283321887062
1754007979673256872
7738711211195866853
5888965561877447036
4291706568640266163
8869018158643600458
4782248702426767105
4245042552790771277
1284945672489363765
2027745333831851761
5809399052914872227
2057909903460133994
7753940112227685379
6189391917187610042
5130844505531187853
6636232377391960297
3937612914725950854
5435020287124189294
3928363649402512180
1120181360350854083
2404411545535534280
6990155264863631615
7024236687192545299
8619543593757090233
6013696950180590152
1023525827562816677
5300881956419103460
1993971700290982859
2254113481559975435
7335201056252104502
2202158810409137126
2506108877001422316
5718196445725297835
5756508426186236398
445452966031145345
1086328549291446253
1096718949685239825
1086256223848041603
7268157541739304927
1098181851266756060
2537210642284439781
447894098700000972
8694841941272457754
