4219457405427907235
5896358955358513046
3132326258768729143
3394979529978938239
6772603432636054556
4204471460018303910
3941336756034580715
1503191614089492773
8110663468741290990
5221797255719614626
7158228594698779781
2120090046821723763
3532658037249897651
5839509821751272860
4528391889290670831
697073105759480269
226216363256580172
6895378818991516291
657070463987715267
4559964496990583395
1221345081614209477
7252074906178545503
3712956461027657442
2008907309570689453
4855668352291734553
6181536930444734779
4275183120444302794
7102506122751228813
5192245877720377991
8033569224504949185
219602589878935038
6507800679503166357
5397005882441633319
1541097410654331810
5818100544690602936
7730765085791097700
3987827014520816348
8720578957111805835
