7309940385334237743
7956536540478288960
8016731149625864370
7196266411674554368
3896010399170147587
6772603432636054556
3737635650877940855
1431348066566932968
1754007979673256872
4291706568640266163
8869018158643600458
5839509821751272860
4782248702426767105
6791828356968382696
4245042552790771277
657070463987715267
6189391917187610042
6636232377391960297
3712956461027657442
5435020287124189294
7024236687192545299
8619543593757090233
6013696950180590152
219602589878935038
5300881956419103460
1993971700290982859
7335201056252104502
