timestamp,event,pod_name,pod_uid,priority,time_s
2026/02/04/13:25:07,apply-time,rs-000055-9m7kx,4163dc5f-98b4-4bb6-aeab-280160d2e057,1,10.426555
2026/02/04/13:25:07,running-time,rs-000055-9m7kx,4163dc5f-98b4-4bb6-aeab-280160d2e057,1,10.426555
2026/02/04/13:25:07,apply-time,rs-000055-lq7zj,77978090-0715-4025-96c9-ddc5e81f1034,1,10.426555
2026/02/04/13:25:07,running-time,rs-000055-lq7zj,77978090-0715-4025-96c9-ddc5e81f1034,1,10.426555
2026/02/04/13:25:07,apply-time,rs-000058-g54db,bc9f2d65-ac60-4ec3-9a54-29abe9ca58de,3,10.426555
2026/02/04/13:25:07,running-time,rs-000058-g54db,bc9f2d65-ac60-4ec3-9a54-29abe9ca58de,3,10.426555
2026/02/04/13:25:07,apply-time,rs-000060-vfdjw,2b7e4a6e-e888-4c95-857d-af8aacbccc72,1,10.426555
2026/02/04/13:25:07,running-time,rs-000060-vfdjw,2b7e4a6e-e888-4c95-857d-af8aacbccc72,1,10.426555
2026/02/04/13:25:09,apply-time,rs-000062-592gb,a02e010e-d0dd-4944-b680-ddbe168d2541,1,13.426555
2026/02/04/13:25:09,apply-time,rs-000063-52gtt,ae9ce450-9c72-4b3d-ac11-2348cce971c3,2,13.426555
2026/02/04/13:25:09,running-time,rs-000063-52gtt,ae9ce450-9c72-4b3d-ac11-2348cce971c3,2,13.426555
2026/02/04/13:25:09,apply-time,rs-000064-4pfkt,615dbd68-e1eb-45b9-8f13-f9d525ce5c59,4,13.426555
2026/02/04/13:25:09,running-time,rs-000064-4pfkt,615dbd68-e1eb-45b9-8f13-f9d525ce5c59,4,13.426555
2026/02/04/13:25:09,apply-time,rs-000065-6gtwd,08bc5044-1cff-419f-9154-7794f6dde2ee,1,13.426555
2026/02/04/13:25:09,running-time,rs-000065-6gtwd,08bc5044-1cff-419f-9154-7794f6dde2ee,1,13.426555
2026/02/04/13:25:10,apply-time,rs-000064-zj679,c411156c-3d0f-41d1-becf-0f7b36846f6a,4,13.426555
2026/02/04/13:25:10,running-time,rs-000064-zj679,c411156c-3d0f-41d1-becf-0f7b36846f6a,4,13.426555
2026/02/04/13:25:10,apply-time,rs-000065-4z5jp,83550276-0e7c-420b-b12c-40c04a1ea3ab,1,13.426555
2026/02/04/13:25:10,running-time,rs-000065-4z5jp,83550276-0e7c-420b-b12c-40c04a1ea3ab,1,13.426555
2026/02/04/13:25:10,apply-time,rs-000065-s795p,75eeb7e3-1e80-440b-9c80-e938591c433a,1,13.426555
2026/02/04/13:25:10,running-time,rs-000065-s795p,75eeb7e3-1e80-440b-9c80-e938591c433a,1,13.426555
2026/02/04/13:25:15,apply-time,rs-000066-9x9pb,e891f86f-fdb3-48db-af74-631e99cff86e,2,18.426555
2026/02/04/13:25:15,running-time,rs-000066-9x9pb,e891f86f-fdb3-48db-af74-631e99cff86e,2,18.426555
2026/02/04/13:25:15,apply-time,rs-000067-75zl7,b397c7fa-e5c3-4b0b-ae5c-3820f98365b2,2,18.426555
2026/02/04/13:25:15,running-time,rs-000067-75zl7,b397c7fa-e5c3-4b0b-ae5c-3820f98365b2,2,18.426555
2026/02/04/13:25:15,apply-time,rs-000067-gkj76,b9d8bb23-c98b-4c12-a71a-3871b2a7c33c,2,18.426555
2026/02/04/13:25:15,running-time,rs-000067-gkj76,b9d8bb23-c98b-4c12-a71a-3871b2a7c33c,2,18.426555
2026/02/04/13:25:15,apply-time,rs-000067-hnhz8,a43f5a55-ca4e-4c62-a599-00ea409d8611,2,18.426555
2026/02/04/13:25:15,running-time,rs-000067-hnhz8,a43f5a55-ca4e-4c62-a599-00ea409d8611,2,18.426555
2026/02/04/13:25:15,apply-time,rs-000068-fc74x,0c809270-030b-4935-9d83-bbb7dc7d09d9,1,18.426555
2026/02/04/13:25:15,apply-time,rs-000068-p7rrw,6fc7ca56-f686-4ee1-9e9e-c139c0b392dc,1,18.426555
2026/02/04/13:25:15,running-time,rs-000068-p7rrw,6fc7ca56-f686-4ee1-9e9e-c139c0b392dc,1,18.426555
2026/02/04/13:25:15,apply-time,rs-000069-x6dcd,20233007-7fa5-48e7-bdc5-1d5fce7c3e09,2,18.426555
2026/02/04/13:25:15,apply-time,rs-000070-p6vvh,4d7a0cf9-7012-4c48-96bb-2b5735d4ca06,2,18.426555
2026/02/04/13:25:24,running-time,rs-000068-fc74x,0c809270-030b-4935-9d83-bbb7dc7d09d9,1,28.426555
2026/02/04/13:25:31,apply-time,rs-000071-9p4m9,0a12a306-8b5d-4174-9ecf-e23b6a07b227,1,34.426555
2026/02/04/13:25:31,running-time,rs-000071-9p4m9,0a12a306-8b5d-4174-9ecf-e23b6a07b227,1,34.426555
2026/02/04/13:25:31,apply-time,rs-000071-jlt92,74a06523-2a0d-4210-8de5-531eda5c77ed,1,34.426555
2026/02/04/13:25:31,running-time,rs-000071-jlt92,74a06523-2a0d-4210-8de5-531eda5c77ed,1,34.426555
2026/02/04/13:25:49,apply-time,rs-000072-486nb,4f62e428-8086-45e0-9c02-2198c3efaaa2,2,53.426555
2026/02/04/13:25:49,apply-time,rs-000072-6m9n2,a83b44c7-62f2-4066-b034-8beb3e526387,2,53.426555
2026/02/04/13:25:49,apply-time,rs-000073-rcv6w,e50bd4c9-e311-409d-b3c5-55a5a2b5bc2b,4,53.426555
2026/02/04/13:25:49,running-time,rs-000073-rcv6w,e50bd4c9-e311-409d-b3c5-55a5a2b5bc2b,4,53.426555
2026/02/04/13:25:49,apply-time,rs-000073-zmghz,a7f724f2-1048-4057-bc8b-4ec33cfc6a1d,4,53.426555
2026/02/04/13:25:49,running-time,rs-000073-zmghz,a7f724f2-1048-4057-bc8b-4ec33cfc6a1d,4,53.426555
2026/02/04/13:25:49,apply-time,rs-000074-6plcf,2e9c856c-84e0-4275-b2d8-05a3c076af51,3,53.426555
2026/02/04/13:25:49,running-time,rs-000074-6plcf,2e9c856c-84e0-4275-b2d8-05a3c076af51,3,53.426555
2026/02/04/13:25:49,apply-time,rs-000074-8hnv9,9d896952-410d-4fe4-aea6-04f6716786e1,3,53.426555
2026/02/04/13:25:49,running-time,rs-000074-8hnv9,9d896952-410d-4fe4-aea6-04f6716786e1,3,53.426555
2026/02/04/13:25:49,apply-time,rs-000074-jcqzg,9bed49c5-6ac5-47e4-ade1-93bd307bd7fe,3,53.426555
2026/02/04/13:25:49,running-time,rs-000074-jcqzg,9bed49c5-6ac5-47e4-ade1-93bd307bd7fe,3,53.426555
2026/02/04/13:25:49,apply-time,rs-000075-6lfzd,bd7e5334-5570-43f7-b914-920459e23bf5,3,53.426555
2026/02/04/13:25:49,running-time,rs-000075-6lfzd,bd7e5334-5570-43f7-b914-920459e23bf5,3,53.426555
2026/02/04/13:25:49,apply-time,rs-000076-z5j4l,83b60b89-1304-4a00-a041-ce9c2b233c2d,4,53.426555
2026/02/04/13:25:50,running-time,rs-000076-z5j4l,83b60b89-1304-4a00-a041-ce9c2b233c2d,4,53.426555
2026/02/04/13:25:50,apply-time,rs-000077-ljrw6,1653d9d5-a73b-4315-87ff-a869ebe56c27,2,53.426555
2026/02/04/13:25:50,running-time,rs-000077-ljrw6,1653d9d5-a73b-4315-87ff-a869ebe56c27,2,54.426555
2026/02/04/13:25:50,apply-time,rs-000077-wzw27,52ebf52f-9a3d-48da-b18f-097415726310,2,53.426555
2026/02/04/13:25:50,running-time,rs-000077-wzw27,52ebf52f-9a3d-48da-b18f-097415726310,2,53.426555
2026/02/04/13:25:50,apply-time,rs-000078-2mgzp,f5876aa3-cba0-4a11-ae41-46341f913b23,1,54.426555
2026/02/04/13:25:50,running-time,rs-000078-2mgzp,f5876aa3-cba0-4a11-ae41-46341f913b23,1,54.426555
2026/02/04/13:25:50,apply-time,rs-000078-9z8g2,dd2220ad-81e8-471e-88bd-ceb82c8bcbf5,1,54.426555
2026/02/04/13:25:50,running-time,rs-000078-9z8g2,dd2220ad-81e8-471e-88bd-ceb82c8bcbf5,1,54.426555
2026/02/04/13:25:50,apply-time,rs-000078-ndg7g,7012d067-1b0a-4048-8449-8285e8389e5e,1,53.426555
2026/02/04/13:25:50,running-time,rs-000078-ndg7g,7012d067-1b0a-4048-8449-8285e8389e5e,1,53.426555
2026/02/04/13:25:50,apply-time,rs-000079-vzgzz,280ef79b-f0d0-4c8e-abdf-80b0da0524ab,3,53.426555
2026/02/04/13:25:50,running-time,rs-000079-vzgzz,280ef79b-f0d0-4c8e-abdf-80b0da0524ab,3,53.426555
2026/02/04/13:25:50,apply-time,rs-000080-69jpw,1862ad3c-4b9b-4201-b08b-07ecfb7f2378,3,54.426555
2026/02/04/13:25:50,running-time,rs-000080-69jpw,1862ad3c-4b9b-4201-b08b-07ecfb7f2378,3,54.426555
2026/02/04/13:25:59,running-time,rs-000072-486nb,4f62e428-8086-45e0-9c02-2198c3efaaa2,2,63.426555
2026/02/04/13:25:59,running-time,rs-000072-6m9n2,a83b44c7-62f2-4066-b034-8beb3e526387,2,63.426555
2026/02/04/13:26:13,apply-time,rs-000081-gttpn,07de89fa-353c-4bb5-9bed-d7e4084a00b8,1,76.426555
2026/02/04/13:26:13,running-time,rs-000081-gttpn,07de89fa-353c-4bb5-9bed-d7e4084a00b8,1,76.426555
2026/02/04/13:26:13,apply-time,rs-000081-mblkh,c705d4da-f311-4c81-ac63-18a9c08e7ff9,1,76.426555
2026/02/04/13:26:13,running-time,rs-000081-mblkh,c705d4da-f311-4c81-ac63-18a9c08e7ff9,1,76.426555
2026/02/04/13:26:13,apply-time,rs-000082-kmcbw,29113161-499e-47b2-985d-bd32ddf220f6,4,76.426555
2026/02/04/13:26:13,running-time,rs-000082-kmcbw,29113161-499e-47b2-985d-bd32ddf220f6,4,76.426555
2026/02/04/13:26:13,apply-time,rs-000083-s4n44,ce36218c-ef3b-4113-8e52-f56f8d3110b1,2,76.426555
2026/02/04/13:26:13,running-time,rs-000083-s4n44,ce36218c-ef3b-4113-8e52-f56f8d3110b1,2,76.426555
2026/02/04/13:26:25,apply-time,rs-000084-gnvvs,7b72c75c-fab8-4a30-b175-8a6cd1eccf8b,4,88.426555
2026/02/04/13:26:25,running-time,rs-000084-gnvvs,7b72c75c-fab8-4a30-b175-8a6cd1eccf8b,4,88.426555
2026/02/04/13:26:25,apply-time,rs-000084-v9wqx,e35c9848-5f88-4497-b51a-d02ca5a1bef2,4,88.426555
2026/02/04/13:26:25,running-time,rs-000084-v9wqx,e35c9848-5f88-4497-b51a-d02ca5a1bef2,4,88.426555
2026/02/04/13:26:25,apply-time,rs-000085-qkkmr,a5aa3afc-b67a-41bc-9652-480d82beac8f,3,88.426555
2026/02/04/13:26:25,running-time,rs-000085-qkkmr,a5aa3afc-b67a-41bc-9652-480d82beac8f,3,88.426555
2026/02/04/13:26:25,apply-time,rs-000086-mjzg2,bb0d2780-4bb3-4e07-93b6-48dda6c31ac2,4,88.426555
2026/02/04/13:26:25,running-time,rs-000086-mjzg2,bb0d2780-4bb3-4e07-93b6-48dda6c31ac2,4,88.426555
2026/02/04/13:26:25,apply-time,rs-000087-76d8r,26aaf5d0-362d-4714-a1a0-d991f0e14e8e,2,88.426555
2026/02/04/13:26:25,running-time,rs-000087-76d8r,26aaf5d0-362d-4714-a1a0-d991f0e14e8e,2,88.426555
2026/02/04/13:26:25,apply-time,rs-000087-wcpvt,a8dca332-57bb-46ce-be23-70c1a1300199,2,88.426555
2026/02/04/13:26:25,running-time,rs-000087-wcpvt,a8dca332-57bb-46ce-be23-70c1a1300199,2,88.426555
2026/02/04/13:26:25,apply-time,rs-000087-x82sz,2b8e0ce3-a30a-47d2-b173-3ceee9af34a2,2,88.426555
2026/02/04/13:26:25,running-time,rs-000087-x82sz,2b8e0ce3-a30a-47d2-b173-3ceee9af34a2,2,88.426555
2026/02/04/13:26:53,apply-time,rs-000088-b8wr9,52d3c4e8-bf02-4f48-966e-3c85f1deb265,2,117.426555
2026/02/04/13:26:53,running-time,rs-000088-b8wr9,52d3c4e8-bf02-4f48-966e-3c85f1deb265,2,117.426555
2026/02/04/13:26:53,apply-time,rs-000088-t87b7,85faf550-3045-404e-bbb6-3e6d3af8f13f,2,117.426555
2026/02/04/13:26:53,running-time,rs-000088-t87b7,85faf550-3045-404e-bbb6-3e6d3af8f13f,2,117.426555
2026/02/04/13:26:53,apply-time,rs-000089-79h6l,44b0d799-81d8-4b58-8e5c-a1a3a5f99941,2,117.426555
2026/02/04/13:26:53,running-time,rs-000089-79h6l,44b0d799-81d8-4b58-8e5c-a1a3a5f99941,2,117.426555
2026/02/04/13:26:53,apply-time,rs-000089-d9dd5,50bce45a-294b-4f31-acee-84f0171966c0,2,117.426555
2026/02/04/13:26:53,running-time,rs-000089-d9dd5,50bce45a-294b-4f31-acee-84f0171966c0,2,117.426555
2026/02/04/13:26:53,apply-time,rs-000089-wt86z,ff53e315-00a1-46f2-b106-b2a096b33840,2,117.426555
2026/02/04/13:26:53,running-time,rs-000089-wt86z,ff53e315-00a1-46f2-b106-b2a096b33840,2,117.426555
2026/02/04/13:26:53,apply-time,rs-000090-2xf48,bee04301-1536-4649-a375-bb3a41be3cd5,1,117.426555
2026/02/04/13:26:53,running-time,rs-000090-2xf48,bee04301-1536-4649-a375-bb3a41be3cd5,1,117.426555
2026/02/04/13:26:53,apply-time,rs-000090-cmqkm,82cd1767-55f2-4495-9475-bf31cd7fd3d2,1,117.426555
2026/02/04/13:26:53,running-time,rs-000090-cmqkm,82cd1767-55f2-4495-9475-bf31cd7fd3d2,1,117.426555
2026/02/04/13:26:53,apply-time,rs-000091-2r5w5,43f99534-ea6f-45cf-ae4a-47d95f249afa,3,117.426555
2026/02/04/13:26:53,running-time,rs-000091-2r5w5,43f99534-ea6f-45cf-ae4a-47d95f249afa,3,117.426555
2026/02/04/13:26:53,apply-time,rs-000091-rnpzw,acc64247-1834-4268-be22-b6843cf640e4,3,117.426555
2026/02/04/13:26:53,running-time,rs-000091-rnpzw,acc64247-1834-4268-be22-b6843cf640e4,3,117.426555
2026/02/04/13:26:53,apply-time,rs-000091-zfcbq,4bd21f4e-4df3-4134-95db-c20696c5177a,3,117.426555
2026/02/04/13:26:53,running-time,rs-000091-zfcbq,4bd21f4e-4df3-4134-95db-c20696c5177a,3,117.426555
2026/02/04/13:27:02,apply-time,rs-000092-vv8mc,df950494-3609-4c2c-9697-4f047df39693,4,125.426555
2026/02/04/13:27:02,running-time,rs-000092-vv8mc,df950494-3609-4c2c-9697-4f047df39693,4,125.426555
2026/02/04/13:27:02,apply-time,rs-000092-w27ks,3a57e2ea-2d1d-4d72-91a5-eb40ec54dc79,4,125.426555
2026/02/04/13:27:02,running-time,rs-000092-w27ks,3a57e2ea-2d1d-4d72-91a5-eb40ec54dc79,4,125.426555
2026/02/04/13:27:02,apply-time,rs-000093-wcvml,de9bf3e9-1eef-41a9-9b2e-c6dc278628ee,3,125.426555
2026/02/04/13:27:02,running-time,rs-000093-wcvml,de9bf3e9-1eef-41a9-9b2e-c6dc278628ee,3,125.426555
2026/02/04/13:27:02,apply-time,rs-000094-9gj2w,8b4c4bba-ac8f-47fe-b80c-1cba4482da9c,4,125.426555
2026/02/04/13:27:02,running-time,rs-000094-9gj2w,8b4c4bba-ac8f-47fe-b80c-1cba4482da9c,4,125.426555
2026/02/04/13:27:02,apply-time,rs-000094-v59st,fc16948b-5e44-4510-8bbd-758b2ac67033,4,125.426555
2026/02/04/13:27:02,running-time,rs-000094-v59st,fc16948b-5e44-4510-8bbd-758b2ac67033,4,125.426555
2026/02/04/13:27:02,apply-time,rs-000094-vr2pr,f51bf464-6317-40b5-9ecd-7e167d28776f,4,125.426555
2026/02/04/13:27:02,running-time,rs-000094-vr2pr,f51bf464-6317-40b5-9ecd-7e167d28776f,4,125.426555
2026/02/04/13:27:03,apply-time,rs-000095-qhb6t,efa9a1ec-6313-4bcc-9f3d-440020f21fb3,1,126.426555
2026/02/04/13:27:03,running-time,rs-000095-qhb6t,efa9a1ec-6313-4bcc-9f3d-440020f21fb3,1,126.426555
2026/02/04/13:27:03,apply-time,rs-000096-x86gt,02996e91-e8b0-4bab-ac72-873048f74761,1,126.426555
2026/02/04/13:27:03,running-time,rs-000096-x86gt,02996e91-e8b0-4bab-ac72-873048f74761,1,126.426555
2026/02/04/13:27:03,apply-time,rs-000097-6rxlc,2ae57948-1eb5-4cad-9b1e-d6964744f579,4,127.426555
2026/02/04/13:27:03,running-time,rs-000097-6rxlc,2ae57948-1eb5-4cad-9b1e-d6964744f579,4,127.426555
2026/02/04/13:27:03,apply-time,rs-000098-q6pq9,4f52950d-d0c1-41d5-a93f-8ddf12fbba9d,2,127.426555
2026/02/04/13:27:03,apply-time,rs-000098-thx9f,1a799d36-0377-4157-8423-aabfd1364be1,2,127.426555
2026/02/04/13:27:03,apply-time,rs-000098-zx7wk,75052ea4-8767-4478-9556-eccb6b8b24df,2,127.426555
2026/02/04/13:27:03,running-time,rs-000098-zx7wk,75052ea4-8767-4478-9556-eccb6b8b24df,2,127.426555
2026/02/04/13:27:03,apply-time,rs-000099-rw7nf,19f21d3b-e0d9-4fac-ab4f-1eb4f6c938fb,2,127.426555
2026/02/04/13:27:03,running-time,rs-000099-rw7nf,19f21d3b-e0d9-4fac-ab4f-1eb4f6c938fb,2,127.426555
2026/02/04/13:27:03,apply-time,rs-000099-wr2pw,3fd92715-d4da-429d-a17f-9cc5b6d2a755,2,127.426555
2026/02/04/13:27:03,running-time,rs-000099-wr2pw,3fd92715-d4da-429d-a17f-9cc5b6d2a755,2,127.426555
2026/02/04/13:27:03,apply-time,rs-000100-sk6lm,2c51a6a1-a13e-473a-a664-25705bc017e0,2,127.426555
2026/02/04/13:27:03,running-time,rs-000100-sk6lm,2c51a6a1-a13e-473a-a664-25705bc017e0,2,127.426555
2026/02/04/13:27:03,apply-time,rs-000101-5w85q,98b5fc34-305e-4845-983f-1b0d30ebe22e,1,127.426555
2026/02/04/13:27:03,running-time,rs-000101-5w85q,98b5fc34-305e-4845-983f-1b0d30ebe22e,1,127.426555
2026/02/04/13:27:03,apply-time,rs-000101-cp8rz,807eee29-31fb-46e9-8c7e-4070ff7d0bb8,1,127.426555
2026/02/04/13:27:03,running-time,rs-000101-cp8rz,807eee29-31fb-46e9-8c7e-4070ff7d0bb8,1,127.426555
2026/02/04/13:27:04,apply-time,rs-000102-fb7lx,1f5a3644-7f6d-4218-a488-0367b4484d0b,1,127.426555
2026/02/04/13:27:04,running-time,rs-000102-fb7lx,1f5a3644-7f6d-4218-a488-0367b4484d0b,1,127.426555
2026/02/04/13:27:04,apply-time,rs-000102-w44mb,553e7030-cebb-4168-b797-a75079f08eb5,1,127.426555
2026/02/04/13:27:04,running-time,rs-000102-w44mb,553e7030-cebb-4168-b797-a75079f08eb5,1,127.426555
2026/02/04/13:27:04,apply-time,rs-000103-lc46g,72a21c48-64d8-4d3e-99bd-a1b9c71c7dea,1,128.426555
2026/02/04/13:27:04,running-time,rs-000103-lc46g,72a21c48-64d8-4d3e-99bd-a1b9c71c7dea,1,128.426555
2026/02/04/13:27:04,apply-time,rs-000103-qljfv,84e5dbc9-72b5-4b6b-be16-fa9b6156a3af,1,128.426555
2026/02/04/13:27:04,running-time,rs-000103-qljfv,84e5dbc9-72b5-4b6b-be16-fa9b6156a3af,1,128.426555
2026/02/04/13:27:04,apply-time,rs-000103-rdrhg,117ae22f-d334-417d-b429-b4d434913ac7,1,128.426555
2026/02/04/13:27:04,running-time,rs-000103-rdrhg,117ae22f-d334-417d-b429-b4d434913ac7,1,128.426555
2026/02/04/13:27:04,apply-time,rs-000104-fnj8j,95058393-3bdb-48dd-bd91-d640bb8fbe80,1,128.426555
2026/02/04/13:27:04,running-time,rs-000104-fnj8j,95058393-3bdb-48dd-bd91-d640bb8fbe80,1,128.426555
2026/02/04/13:27:04,apply-time,rs-000105-8ssjs,4b070935-c13c-4b0d-bb18-095dbaedf443,1,128.426555
2026/02/04/13:27:04,running-time,rs-000105-8ssjs,4b070935-c13c-4b0d-bb18-095dbaedf443,1,128.426555
2026/02/04/13:27:04,apply-time,rs-000106-xxqlb,787c9ba1-c4a4-463f-a527-d8ddad4b5cff,3,128.426555
2026/02/04/13:27:05,apply-time,rs-000104-jjskx,88596514-a61b-48cd-9c06-d3715f298fc6,1,128.426555
2026/02/04/13:27:05,apply-time,rs-000104-kbnf5,53514ec6-f986-4a3e-af07-76d2e3402ae4,1,128.426555
2026/02/04/13:27:05,apply-time,rs-000105-rghlc,d50fcef7-5703-4ebb-b323-4dc1976159c9,1,128.426555
2026/02/04/13:27:05,apply-time,rs-000105-vm8q9,e935417b-e500-48b2-8de0-9556adc4bc71,1,128.426555
2026/02/04/13:27:05,running-time,rs-000105-vm8q9,e935417b-e500-48b2-8de0-9556adc4bc71,1,128.426555
2026/02/04/13:27:05,apply-time,rs-000106-pswfl,9b6f46f6-90ed-4102-b2a0-fceb2fd50f2d,3,128.426555
2026/02/04/13:27:06,running-time,rs-000104-jjskx,88596514-a61b-48cd-9c06-d3715f298fc6,1,129.426555
2026/02/04/13:27:06,running-time,rs-000104-kbnf5,53514ec6-f986-4a3e-af07-76d2e3402ae4,1,130.426555
2026/02/04/13:27:13,apply-time,rs-000108-p6qhs,61b5a4c0-59b9-4036-8e44-6749c36b6c27,2,136.426555
2026/02/04/13:27:13,running-time,rs-000108-p6qhs,61b5a4c0-59b9-4036-8e44-6749c36b6c27,2,136.426555
2026/02/04/13:27:13,apply-time,rs-000109-rksgd,7705707a-1b03-49bb-acdb-90de65bfd080,2,136.426555
2026/02/04/13:27:13,running-time,rs-000109-rksgd,7705707a-1b03-49bb-acdb-90de65bfd080,2,136.426555
2026/02/04/13:27:13,apply-time,rs-000110-7dfjj,3b7078d2-c9fa-40d6-bb34-2a396b9aa308,3,136.426555
2026/02/04/13:27:13,running-time,rs-000110-7dfjj,3b7078d2-c9fa-40d6-bb34-2a396b9aa308,3,136.426555
2026/02/04/13:27:13,apply-time,rs-000110-hvbt9,c410949e-bdfe-4ab5-909d-ec757590e82e,3,136.426555
2026/02/04/13:27:13,running-time,rs-000110-hvbt9,c410949e-bdfe-4ab5-909d-ec757590e82e,3,136.426555
2026/02/04/13:27:13,apply-time,rs-000111-2dbct,60da15ec-e331-425a-bf0f-a691ce663bb6,1,136.426555
2026/02/04/13:27:13,running-time,rs-000111-2dbct,60da15ec-e331-425a-bf0f-a691ce663bb6,1,136.426555
2026/02/04/13:27:13,apply-time,rs-000111-rxzpx,d21e6dbd-0fce-43e6-9047-e4b273a3ef54,1,136.426555
2026/02/04/13:27:13,running-time,rs-000111-rxzpx,d21e6dbd-0fce-43e6-9047-e4b273a3ef54,1,137.426555
2026/02/04/13:27:13,apply-time,rs-000111-sxkqj,894e2847-adad-4981-851a-bf4244b609d3,1,136.426555
2026/02/04/13:27:13,running-time,rs-000111-sxkqj,894e2847-adad-4981-851a-bf4244b609d3,1,137.426555
2026/02/04/13:27:14,apply-time,rs-000112-6ppqg,b734d212-5daa-47eb-a0e1-dbc8a1079c0e,3,137.426555
2026/02/04/13:27:14,running-time,rs-000112-6ppqg,b734d212-5daa-47eb-a0e1-dbc8a1079c0e,3,137.426555
2026/02/04/13:27:14,apply-time,rs-000112-lwkmc,f529d8f4-7b1c-48b3-8d11-7937a237c26a,3,137.426555
2026/02/04/13:27:14,running-time,rs-000112-lwkmc,f529d8f4-7b1c-48b3-8d11-7937a237c26a,3,137.426555
2026/02/04/13:27:14,apply-time,rs-000112-pnwrn,0ada138e-82f4-41d2-a2b8-bfa0ca3c1b8d,3,137.426555
2026/02/04/13:27:14,running-time,rs-000112-pnwrn,0ada138e-82f4-41d2-a2b8-bfa0ca3c1b8d,3,138.426555
2026/02/04/13:27:14,apply-time,rs-000113-fhwp4,a45d47ce-8554-4b40-96b3-c10b421a0a4b,3,138.426555
2026/02/04/13:27:14,running-time,rs-000113-fhwp4,a45d47ce-8554-4b40-96b3-c10b421a0a4b,3,138.426555
2026/02/04/13:27:14,apply-time,rs-000113-scqw2,f3ada13e-72e3-424b-b069-b9868ec57e5d,3,138.426555
2026/02/04/13:27:14,apply-time,rs-000114-jqkwk,1236e2e1-9160-4151-80e6-2a83d04b5493,2,138.426555
2026/02/04/13:27:14,running-time,rs-000114-jqkwk,1236e2e1-9160-4151-80e6-2a83d04b5493,2,138.426555
2026/02/04/13:27:14,apply-time,rs-000115-5z25k,558c368e-24b2-4961-9e1a-c29460153c91,3,138.426555
2026/02/04/13:27:14,running-time,rs-000115-5z25k,558c368e-24b2-4961-9e1a-c29460153c91,3,138.426555
2026/02/04/13:27:14,apply-time,rs-000115-94lr7,9cd76186-1136-4520-95c2-e350e25a6e80,3,138.426555
2026/02/04/13:27:14,apply-time,rs-000115-tr55j,53ab3926-3ac2-4157-890e-dae724e05dbb,3,138.426555
2026/02/04/13:27:14,apply-time,rs-000116-6h9gv,e5de39c8-4233-4de0-834f-d53cea884bda,1,138.426555
2026/02/04/13:27:14,running-time,rs-000116-6h9gv,e5de39c8-4233-4de0-834f-d53cea884bda,1,138.426555
2026/02/04/13:27:14,apply-time,rs-000117-jqbbn,0d2c6a74-fd7b-454d-9700-297b41c2ee6a,3,138.426555
2026/02/04/13:27:14,apply-time,rs-000119-nqclf,1c8e562e-bdac-4e1d-8a0f-b8ea80dc2230,4,138.426555
2026/02/04/13:27:14,running-time,rs-000119-nqclf,1c8e562e-bdac-4e1d-8a0f-b8ea80dc2230,4,138.426555
2026/02/04/13:27:15,apply-time,rs-000116-fzwxc,45367913-d341-4c51-a693-57b99b1f0e0f,1,138.426555
2026/02/04/13:27:15,running-time,rs-000116-fzwxc,45367913-d341-4c51-a693-57b99b1f0e0f,1,138.426555
2026/02/04/13:27:15,apply-time,rs-000117-wf6k5,4f91559f-673f-4cae-825c-f6835d7c9ae2,3,138.426555
2026/02/04/13:27:15,apply-time,rs-000118-h4gzc,b8932eaf-0611-407d-b3e4-b1eb7c7361a1,2,138.426555
2026/02/04/13:27:15,running-time,rs-000118-h4gzc,b8932eaf-0611-407d-b3e4-b1eb7c7361a1,2,138.426555
2026/02/04/13:27:15,apply-time,rs-000118-p8vhn,bf7514a6-1072-4454-b5fb-ef50c962e1ec,2,138.426555
2026/02/04/13:27:15,running-time,rs-000118-p8vhn,bf7514a6-1072-4454-b5fb-ef50c962e1ec,2,138.426555
2026/02/04/13:27:15,apply-time,rs-000119-5rh77,c9474557-06b0-4740-9bb6-040c877d37ee,4,138.426555
2026/02/04/13:27:15,running-time,rs-000119-5rh77,c9474557-06b0-4740-9bb6-040c877d37ee,4,139.426555
2026/02/04/13:27:18,running-time,rs-000113-scqw2,f3ada13e-72e3-424b-b069-b9868ec57e5d,3,142.426555
2026/02/04/13:27:19,apply-time,rs-000102-8xhz5,0a387804-4047-4012-921b-3d350a1a8b78,1,143.426555
2026/02/04/13:27:19,running-time,rs-000106-pswfl,9b6f46f6-90ed-4102-b2a0-fceb2fd50f2d,3,143.426555
2026/02/04/13:27:20,apply-time,rs-000120-jtg48,04fa33c4-ec45-4b07-a874-484f5a9b5c91,3,144.426555
2026/02/04/13:27:20,apply-time,rs-000120-qdmcz,264bcce0-d1f4-43f9-9b4d-233c84b69ea7,3,144.426555
2026/02/04/13:27:23,running-time,rs-000102-8xhz5,0a387804-4047-4012-921b-3d350a1a8b78,1,147.426555
2026/02/04/13:27:23,apply-time,rs-000121-vml72,cb9cfca7-f28e-40ed-8180-056d2d902750,2,147.426555
2026/02/04/13:27:23,running-time,rs-000121-vml72,cb9cfca7-f28e-40ed-8180-056d2d902750,2,147.426555
2026/02/04/13:27:23,apply-time,rs-000122-f6xdm,11b0842a-8ba1-4a59-befc-3b4c08eadc5a,2,147.426555
2026/02/04/13:27:23,running-time,rs-000122-f6xdm,11b0842a-8ba1-4a59-befc-3b4c08eadc5a,2,147.426555
2026/02/04/13:27:23,apply-time,rs-000122-mj7l6,df239ce2-8a84-4879-8395-dc0214f01db1,2,147.426555
2026/02/04/13:27:23,running-time,rs-000122-mj7l6,df239ce2-8a84-4879-8395-dc0214f01db1,2,147.426555
2026/02/04/13:27:23,apply-time,rs-000122-t8csr,119c8477-7c59-49a6-a9a0-9ad9eb6f39e7,2,147.426555
2026/02/04/13:27:23,running-time,rs-000122-t8csr,119c8477-7c59-49a6-a9a0-9ad9eb6f39e7,2,147.426555
2026/02/04/13:27:23,apply-time,rs-000123-nspn4,42f5d8e7-b567-4adf-859b-c1042fb6f106,2,147.426555
2026/02/04/13:27:23,running-time,rs-000123-nspn4,42f5d8e7-b567-4adf-859b-c1042fb6f106,2,147.426555
2026/02/04/13:27:23,apply-time,rs-000123-pp8f4,4a0c6e35-5486-4d5a-bdf6-71b169323d1a,2,147.426555
2026/02/04/13:27:23,running-time,rs-000123-pp8f4,4a0c6e35-5486-4d5a-bdf6-71b169323d1a,2,147.426555
2026/02/04/13:27:24,apply-time,rs-000124-tjwwc,9e56a806-2ec2-47c8-973a-bf3dfa796de7,2,148.426555
2026/02/04/13:27:24,running-time,rs-000124-tjwwc,9e56a806-2ec2-47c8-973a-bf3dfa796de7,2,148.426555
2026/02/04/13:27:24,apply-time,rs-000125-lqlc7,1218dc2d-ffd5-49b2-a134-4a46646261dc,3,148.426555
2026/02/04/13:27:24,running-time,rs-000125-lqlc7,1218dc2d-ffd5-49b2-a134-4a46646261dc,3,148.426555
2026/02/04/13:27:24,apply-time,rs-000125-z8hfq,e6cbf2e4-668f-4c98-9c39-e259c1b309ae,3,148.426555
2026/02/04/13:27:24,running-time,rs-000125-z8hfq,e6cbf2e4-668f-4c98-9c39-e259c1b309ae,3,148.426555
2026/02/04/13:27:25,apply-time,rs-000126-5qxnp,2b79c458-54b2-4717-bd54-a64d6005bbbc,1,149.426555
2026/02/04/13:27:25,running-time,rs-000126-5qxnp,2b79c458-54b2-4717-bd54-a64d6005bbbc,1,149.426555
2026/02/04/13:27:25,apply-time,rs-000126-98dnx,5e049a88-d299-4679-b965-446cf78680bc,1,149.426555
2026/02/04/13:27:25,running-time,rs-000126-98dnx,5e049a88-d299-4679-b965-446cf78680bc,1,149.426555
2026/02/04/13:27:25,apply-time,rs-000126-hbb7d,968c36d5-a0a4-4670-8636-c25ca5e81c65,1,149.426555
2026/02/04/13:27:25,running-time,rs-000126-hbb7d,968c36d5-a0a4-4670-8636-c25ca5e81c65,1,149.426555
2026/02/04/13:27:25,apply-time,rs-000127-7c2v7,fbf4cf40-9198-4237-9542-137e30ad6eeb,3,149.426555
2026/02/04/13:27:25,running-time,rs-000127-7c2v7,fbf4cf40-9198-4237-9542-137e30ad6eeb,3,149.426555
2026/02/04/13:27:25,apply-time,rs-000127-gnf4r,29a43cf5-52fa-4492-8891-c32429b589b9,3,149.426555
2026/02/04/13:27:25,running-time,rs-000127-gnf4r,29a43cf5-52fa-4492-8891-c32429b589b9,3,149.426555
2026/02/04/13:27:25,apply-time,rs-000127-rx6qm,812a8b07-ffca-4030-be44-90cdc588e109,3,149.426555
2026/02/04/13:27:25,running-time,rs-000127-rx6qm,812a8b07-ffca-4030-be44-90cdc588e109,3,149.426555
2026/02/04/13:27:25,apply-time,rs-000128-9x9lb,9cc4120a-e1d3-43c1-8182-64f22572cf56,1,149.426555
2026/02/04/13:27:25,running-time,rs-000128-9x9lb,9cc4120a-e1d3-43c1-8182-64f22572cf56,1,149.426555
2026/02/04/13:27:25,apply-time,rs-000128-cwzlw,825df2ce-5a2b-48f6-aace-a6582cdeba50,1,149.426555
2026/02/04/13:27:25,running-time,rs-000128-cwzlw,825df2ce-5a2b-48f6-aace-a6582cdeba50,1,149.426555
2026/02/04/13:27:25,apply-time,rs-000128-l5dqw,dcfc14da-8b48-4a72-9428-bf47253ab6a4,1,149.426555
2026/02/04/13:27:25,running-time,rs-000128-l5dqw,dcfc14da-8b48-4a72-9428-bf47253ab6a4,1,149.426555
2026/02/04/13:27:26,apply-time,rs-000129-645pk,0f480712-7452-43f0-944c-f9f1d1870388,3,150.426555
2026/02/04/13:27:26,apply-time,rs-000129-thq9c,b80f5f62-9092-4d94-8f24-4a63d18e7882,3,149.426555
2026/02/04/13:27:26,running-time,rs-000129-thq9c,b80f5f62-9092-4d94-8f24-4a63d18e7882,3,150.426555
2026/02/04/13:27:26,apply-time,rs-000130-5qq2z,0d046997-270b-47f5-8db4-35b1c52bc583,4,149.426555
2026/02/04/13:27:26,running-time,rs-000130-5qq2z,0d046997-270b-47f5-8db4-35b1c52bc583,4,149.426555
2026/02/04/13:27:28,running-time,rs-000129-645pk,0f480712-7452-43f0-944c-f9f1d1870388,3,152.426555
2026/02/04/13:27:56,apply-time,rs-000131-bkpvr,219e50cc-f4a7-4f6c-b3e2-bd259c9ed078,1,180.426555
2026/02/04/13:27:56,running-time,rs-000131-bkpvr,219e50cc-f4a7-4f6c-b3e2-bd259c9ed078,1,180.426555
2026/02/04/13:27:56,apply-time,rs-000132-djfjc,c11fddb4-a671-4d24-9e38-6b71181562cc,1,180.426555
2026/02/04/13:27:56,running-time,rs-000132-djfjc,c11fddb4-a671-4d24-9e38-6b71181562cc,1,180.426555
2026/02/04/13:27:56,apply-time,rs-000132-h4pwn,57c27915-7e0d-42f8-bd26-ffbb07bbc175,1,180.426555
2026/02/04/13:27:56,running-time,rs-000132-h4pwn,57c27915-7e0d-42f8-bd26-ffbb07bbc175,1,180.426555
2026/02/04/13:27:56,apply-time,rs-000132-jbxnp,60e0d51d-f29c-449b-9ba9-5954c6fe7569,1,180.426555
2026/02/04/13:27:56,running-time,rs-000132-jbxnp,60e0d51d-f29c-449b-9ba9-5954c6fe7569,1,180.426555
2026/02/04/13:27:57,apply-time,rs-000133-f5j4f,681a9cdc-1134-468e-bb91-b2341c5c45b2,4,181.426555
2026/02/04/13:27:57,running-time,rs-000133-f5j4f,681a9cdc-1134-468e-bb91-b2341c5c45b2,4,181.426555
2026/02/04/13:27:57,apply-time,rs-000133-pssjr,6a7f934a-f95c-464f-b078-ba213a4a3f2e,4,181.426555
2026/02/04/13:27:57,running-time,rs-000133-pssjr,6a7f934a-f95c-464f-b078-ba213a4a3f2e,4,181.426555
2026/02/04/13:27:57,apply-time,rs-000134-nxdqs,a96b2143-bc0d-4cfd-beb2-88283aa45388,1,181.426555
2026/02/04/13:27:57,running-time,rs-000134-nxdqs,a96b2143-bc0d-4cfd-beb2-88283aa45388,1,181.426555
2026/02/04/13:27:57,apply-time,rs-000135-f7vvp,daaab7f8-1619-499a-af2a-cc3751a7dd32,1,181.426555
2026/02/04/13:27:57,running-time,rs-000135-f7vvp,daaab7f8-1619-499a-af2a-cc3751a7dd32,1,181.426555
2026/02/04/13:27:57,apply-time,rs-000135-szsld,f27f6c75-9c9c-4ed1-8ea6-96c068ac7ad4,1,181.426555
2026/02/04/13:27:57,running-time,rs-000135-szsld,f27f6c75-9c9c-4ed1-8ea6-96c068ac7ad4,1,181.426555
2026/02/04/13:27:59,apply-time,rs-000136-4ffjg,24ee4fd1-2157-40b3-b705-38f0cac45493,3,183.426555
2026/02/04/13:27:59,running-time,rs-000136-4ffjg,24ee4fd1-2157-40b3-b705-38f0cac45493,3,183.426555
2026/02/04/13:27:59,apply-time,rs-000136-8fvqt,83d8eb33-ba49-4552-88e6-c8acfa7bfb5e,3,183.426555
2026/02/04/13:27:59,running-time,rs-000136-8fvqt,83d8eb33-ba49-4552-88e6-c8acfa7bfb5e,3,183.426555
2026/02/04/13:27:59,apply-time,rs-000137-l68f5,b9392753-42cf-4202-b18d-807d7c29e74f,2,183.426555
2026/02/04/13:27:59,running-time,rs-000137-l68f5,b9392753-42cf-4202-b18d-807d7c29e74f,2,183.426555
2026/02/04/13:28:05,apply-time,rs-000138-cs9ht,9832b238-7bf5-4e3c-a27d-236cdad56cee,2,189.426555
2026/02/04/13:28:05,running-time,rs-000138-cs9ht,9832b238-7bf5-4e3c-a27d-236cdad56cee,2,189.426555
2026/02/04/13:28:05,apply-time,rs-000139-ctrcv,db30c35d-5a30-4e53-845b-a22b8cd18a34,1,189.426555
2026/02/04/13:28:05,running-time,rs-000139-ctrcv,db30c35d-5a30-4e53-845b-a22b8cd18a34,1,189.426555
2026/02/04/13:28:05,apply-time,rs-000139-djsvv,169f73c6-2db1-4976-af69-948f60f7e985,1,189.426555
2026/02/04/13:28:05,running-time,rs-000139-djsvv,169f73c6-2db1-4976-af69-948f60f7e985,1,189.426555
2026/02/04/13:28:05,apply-time,rs-000140-b4vxx,eef5e014-6e66-4e82-b7a5-e54c6fd7735f,4,189.426555
2026/02/04/13:28:05,running-time,rs-000140-b4vxx,eef5e014-6e66-4e82-b7a5-e54c6fd7735f,4,189.426555
2026/02/04/13:28:05,apply-time,rs-000140-dzdml,2c02683a-9e1a-453e-ba00-e6ccc0376d1d,4,189.426555
2026/02/04/13:28:05,running-time,rs-000140-dzdml,2c02683a-9e1a-453e-ba00-e6ccc0376d1d,4,189.426555
2026/02/04/13:28:05,apply-time,rs-000140-lnvdt,a911dcdb-7b46-4536-9797-f9d09802fb9d,4,189.426555
2026/02/04/13:28:05,running-time,rs-000140-lnvdt,a911dcdb-7b46-4536-9797-f9d09802fb9d,4,189.426555
2026/02/04/13:28:05,apply-time,rs-000141-7c9qk,b98b7e03-60f2-483e-8f8d-d48f62e889e6,1,189.426555
2026/02/04/13:28:05,running-time,rs-000141-7c9qk,b98b7e03-60f2-483e-8f8d-d48f62e889e6,1,189.426555
2026/02/04/13:28:05,apply-time,rs-000141-p6kp7,bbe93244-5f61-45b9-b5fa-a5050ddaebe1,1,189.426555
2026/02/04/13:28:05,running-time,rs-000141-p6kp7,bbe93244-5f61-45b9-b5fa-a5050ddaebe1,1,189.426555
2026/02/04/13:28:05,apply-time,rs-000142-cw4rw,1a14eacc-851a-428e-b489-49969bb4f6fa,2,189.426555
2026/02/04/13:28:05,running-time,rs-000142-cw4rw,1a14eacc-851a-428e-b489-49969bb4f6fa,2,189.426555
2026/02/04/13:28:05,apply-time,rs-000142-nv5nl,537786db-58ec-44a5-a65a-62b28324c81f,2,189.426555
2026/02/04/13:28:05,running-time,rs-000142-nv5nl,537786db-58ec-44a5-a65a-62b28324c81f,2,189.426555
2026/02/04/13:28:06,apply-time,rs-000143-rr2ww,95f6d35c-2bd9-4697-a664-c9aa18b3e4ca,3,190.426555
2026/02/04/13:28:06,running-time,rs-000143-rr2ww,95f6d35c-2bd9-4697-a664-c9aa18b3e4ca,3,190.426555
2026/02/04/13:28:06,apply-time,rs-000143-tbm55,7e1ba2af-38c4-4bc1-b8d5-d58e232bbc48,3,190.426555
2026/02/04/13:28:06,running-time,rs-000143-tbm55,7e1ba2af-38c4-4bc1-b8d5-d58e232bbc48,3,190.426555
2026/02/04/13:28:06,apply-time,rs-000144-9d4dv,431302e8-5b1b-4f7f-9b98-0ef901c27cf5,4,190.426555
2026/02/04/13:28:06,apply-time,rs-000145-5rdx5,e0a7ef9b-aa97-4bc2-b01c-3fc71fe87e29,2,190.426555
2026/02/04/13:28:06,running-time,rs-000145-5rdx5,e0a7ef9b-aa97-4bc2-b01c-3fc71fe87e29,2,190.426555
2026/02/04/13:28:06,apply-time,rs-000145-whgt4,600df5ae-2829-498d-a342-9268fcccda06,2,190.426555
2026/02/04/13:28:06,running-time,rs-000145-whgt4,600df5ae-2829-498d-a342-9268fcccda06,2,190.426555
2026/02/04/13:28:08,running-time,rs-000144-9d4dv,431302e8-5b1b-4f7f-9b98-0ef901c27cf5,4,192.426555
2026/02/04/13:28:08,apply-time,rs-000146-frmpj,da87f861-3a32-4a6c-99cb-6d4fbc1c57c9,2,192.426555
2026/02/04/13:28:08,running-time,rs-000146-frmpj,da87f861-3a32-4a6c-99cb-6d4fbc1c57c9,2,192.426555
2026/02/04/13:28:08,apply-time,rs-000147-p4lk6,10eb9f73-9725-4e40-b7da-756acd1e76eb,4,192.426555
2026/02/04/13:28:08,running-time,rs-000147-p4lk6,10eb9f73-9725-4e40-b7da-756acd1e76eb,4,192.426555
2026/02/04/13:28:19,apply-time,rs-000148-489sh,cd2181f8-fdac-4c0d-9489-5df6d1c7be25,2,203.426555
2026/02/04/13:28:19,running-time,rs-000148-489sh,cd2181f8-fdac-4c0d-9489-5df6d1c7be25,2,203.426555
2026/02/04/13:28:19,apply-time,rs-000148-wxzqg,86e1bf2e-3470-4097-bd98-177aee9390b1,2,203.426555
2026/02/04/13:28:19,running-time,rs-000148-wxzqg,86e1bf2e-3470-4097-bd98-177aee9390b1,2,203.426555
2026/02/04/13:28:19,apply-time,rs-000148-zn5sb,a2450443-0477-4456-8d88-eaab181712a5,2,203.426555
2026/02/04/13:28:19,running-time,rs-000148-zn5sb,a2450443-0477-4456-8d88-eaab181712a5,2,203.426555
2026/02/04/13:28:19,apply-time,rs-000149-k9h7n,687d286d-cc9c-47f9-b2db-19f7541fba86,4,203.426555
2026/02/04/13:28:19,running-time,rs-000149-k9h7n,687d286d-cc9c-47f9-b2db-19f7541fba86,4,203.426555
2026/02/04/13:28:19,apply-time,rs-000149-qhpd8,23432491-efe5-40a5-8d4a-a3f37f8dee85,4,203.426555
2026/02/04/13:28:19,running-time,rs-000149-qhpd8,23432491-efe5-40a5-8d4a-a3f37f8dee85,4,203.426555
2026/02/04/13:28:19,apply-time,rs-000150-kl4wp,335fa9ed-e489-45b2-9f7e-566564520f1b,2,203.426555
2026/02/04/13:28:19,running-time,rs-000150-kl4wp,335fa9ed-e489-45b2-9f7e-566564520f1b,2,203.426555
2026/02/04/13:28:19,apply-time,rs-000151-6l5tz,7d68e7a3-b259-4834-9ce3-d497a179cc76,1,203.426555
2026/02/04/13:28:19,running-time,rs-000151-6l5tz,7d68e7a3-b259-4834-9ce3-d497a179cc76,1,203.426555
2026/02/04/13:28:19,apply-time,rs-000151-znxcv,c58d1b53-6639-4498-b3d3-93a8b453cfee,1,203.426555
2026/02/04/13:28:19,running-time,rs-000151-znxcv,c58d1b53-6639-4498-b3d3-93a8b453cfee,1,203.426555
2026/02/04/13:28:19,apply-time,rs-000152-f45h2,544154d5-ec14-4336-b008-8ec8fdb7775a,1,203.426555
2026/02/04/13:28:19,running-time,rs-000152-f45h2,544154d5-ec14-4336-b008-8ec8fdb7775a,1,203.426555
2026/02/04/13:28:20,apply-time,rs-000153-fhjwz,06340a2b-5f34-4698-8700-a458d4d8c3af,1,204.426555
2026/02/04/13:28:20,apply-time,rs-000153-mc24l,f3bb74ea-ca6f-4b1a-8613-e4af40b55ac5,1,204.426555
2026/02/04/13:28:20,apply-time,rs-000153-n4tql,504739cc-dc59-43f5-9e49-b67eaf137ef8,1,204.426555
2026/02/04/13:28:20,apply-time,rs-000154-4wvbk,68f2568b-8168-4798-8965-9f1dd291ca8d,4,204.426555
2026/02/04/13:28:20,running-time,rs-000154-4wvbk,68f2568b-8168-4798-8965-9f1dd291ca8d,4,204.426555
2026/02/04/13:28:20,apply-time,rs-000154-khgtl,3361c0ae-1b24-46a4-9c1e-ba3f3dbf32dd,4,204.426555
2026/02/04/13:28:20,running-time,rs-000154-khgtl,3361c0ae-1b24-46a4-9c1e-ba3f3dbf32dd,4,204.426555
2026/02/04/13:28:22,running-time,rs-000153-mc24l,f3bb74ea-ca6f-4b1a-8613-e4af40b55ac5,1,206.426555
2026/02/04/13:28:22,running-time,rs-000153-n4tql,504739cc-dc59-43f5-9e49-b67eaf137ef8,1,206.426555
2026/02/04/13:28:22,apply-time,rs-000155-pchsg,06b954e6-db86-40b7-8af5-26298eb4fb18,1,206.426555
2026/02/04/13:28:23,apply-time,rs-000156-7zm4c,e54f54a1-35f9-46c2-afb0-36d5605a7e07,3,207.426555
2026/02/04/13:28:23,running-time,rs-000156-7zm4c,e54f54a1-35f9-46c2-afb0-36d5605a7e07,3,207.426555
2026/02/04/13:28:23,apply-time,rs-000156-8l6jb,1c9e4a9a-8553-4cdd-9039-29a8f8dee93d,3,207.426555
2026/02/04/13:28:23,running-time,rs-000156-8l6jb,1c9e4a9a-8553-4cdd-9039-29a8f8dee93d,3,207.426555
2026/02/04/13:28:23,apply-time,rs-000156-fdv4r,5f62b7e0-9817-4a9e-b2cd-193ca2a81737,3,207.426555
2026/02/04/13:28:23,running-time,rs-000156-fdv4r,5f62b7e0-9817-4a9e-b2cd-193ca2a81737,3,207.426555
2026/02/04/13:28:24,running-time,rs-000155-pchsg,06b954e6-db86-40b7-8af5-26298eb4fb18,1,208.426555
2026/02/04/13:28:25,apply-time,rs-000157-wpq5r,d1243cf1-dd0a-4872-b8c4-e683d2fb9bbc,2,209.426555
2026/02/04/13:28:26,running-time,rs-000157-wpq5r,d1243cf1-dd0a-4872-b8c4-e683d2fb9bbc,2,209.426555
2026/02/04/13:28:26,apply-time,rs-000157-zxwdm,7f11f6c5-ca81-4976-a098-b9d9f48e3184,2,209.426555
2026/02/04/13:28:26,running-time,rs-000157-zxwdm,7f11f6c5-ca81-4976-a098-b9d9f48e3184,2,209.426555
2026/02/04/13:28:26,apply-time,rs-000158-f5qhw,59e6c7e8-c85c-4115-99dc-16566aea3f6c,2,209.426555
2026/02/04/13:28:26,apply-time,rs-000158-wrd5p,95323730-ae5a-4f3c-8499-2daea013e6e1,2,209.426555
2026/02/04/13:28:26,apply-time,rs-000159-vhpgt,76f28046-9897-414d-ba06-fc611e25a189,1,210.426555
2026/02/04/13:28:26,running-time,rs-000159-vhpgt,76f28046-9897-414d-ba06-fc611e25a189,1,210.426555
2026/02/04/13:28:26,apply-time,rs-000160-xp26h,f5f847a4-0685-4389-be49-42502d85a52c,3,210.426555
2026/02/04/13:28:26,running-time,rs-000160-xp26h,f5f847a4-0685-4389-be49-42502d85a52c,3,210.426555
2026/02/04/13:28:35,running-time,rs-000158-f5qhw,59e6c7e8-c85c-4115-99dc-16566aea3f6c,2,219.426555
2026/02/04/13:28:35,running-time,rs-000158-wrd5p,95323730-ae5a-4f3c-8499-2daea013e6e1,2,219.426555
2026/02/04/13:28:36,apply-time,rs-000161-gzsg9,9d7a85e8-4f8f-4b7f-b3d9-cad4e38dbf52,3,220.426555
2026/02/04/13:28:36,running-time,rs-000161-gzsg9,9d7a85e8-4f8f-4b7f-b3d9-cad4e38dbf52,3,220.426555
2026/02/04/13:28:37,apply-time,rs-000162-4g8pj,f033dd0e-8371-47d0-b452-4d717dcfec62,3,221.426555
2026/02/04/13:28:37,running-time,rs-000162-4g8pj,f033dd0e-8371-47d0-b452-4d717dcfec62,3,221.426555
2026/02/04/13:28:37,apply-time,rs-000162-kz9js,9470b3b3-20a4-4745-b8c2-4d4f4ef1155a,3,221.426555
2026/02/04/13:28:37,running-time,rs-000162-kz9js,9470b3b3-20a4-4745-b8c2-4d4f4ef1155a,3,221.426555
2026/02/04/13:28:37,apply-time,rs-000163-89nsq,a469c4f5-323b-4cd4-8da2-11154b4527b4,1,221.426555
2026/02/04/13:28:37,running-time,rs-000163-89nsq,a469c4f5-323b-4cd4-8da2-11154b4527b4,1,221.426555
2026/02/04/13:28:37,apply-time,rs-000163-mcd4q,fce72614-e9ae-49af-a747-7625a2fef93b,1,221.426555
2026/02/04/13:28:37,running-time,rs-000163-mcd4q,fce72614-e9ae-49af-a747-7625a2fef93b,1,221.426555
2026/02/04/13:28:37,apply-time,rs-000164-4zxx5,48fee530-4cb9-4dbd-85d7-53a24af7dbb4,3,221.426555
2026/02/04/13:28:37,apply-time,rs-000164-5nrwv,3c36c4c2-b17c-435e-bd5c-d9ac3b49f5a0,3,221.426555
2026/02/04/13:28:37,apply-time,rs-000164-gc8rx,0ac4a693-659b-407a-a1ad-ff62ff82ebdd,3,221.426555
2026/02/04/13:28:40,apply-time,rs-000165-stvsm,ece4c3ec-7fd2-4c38-adab-31fee4f40fa1,2,224.426555
2026/02/04/13:28:40,running-time,rs-000165-stvsm,ece4c3ec-7fd2-4c38-adab-31fee4f40fa1,2,224.426555
2026/02/04/13:28:40,apply-time,rs-000166-n8h9q,7a0b9b84-c877-419d-8d71-0a416ab9b132,1,224.426555
2026/02/04/13:28:40,running-time,rs-000166-n8h9q,7a0b9b84-c877-419d-8d71-0a416ab9b132,1,224.426555
2026/02/04/13:28:40,apply-time,rs-000166-p82lw,8b487a4e-5629-43fe-ad0c-a11c19ed2c2c,1,224.426555
2026/02/04/13:28:40,running-time,rs-000166-p82lw,8b487a4e-5629-43fe-ad0c-a11c19ed2c2c,1,224.426555
2026/02/04/13:28:40,apply-time,rs-000166-rhhhd,3fd7f0a4-dc92-4d80-b685-e3bfff399906,1,224.426555
2026/02/04/13:28:40,apply-time,rs-000167-k6mx6,97fd24c1-f5cd-457f-8d21-08b575c245e4,1,224.426555
2026/02/04/13:28:41,running-time,rs-000164-5nrwv,3c36c4c2-b17c-435e-bd5c-d9ac3b49f5a0,3,225.426555
2026/02/04/13:28:41,running-time,rs-000164-gc8rx,0ac4a693-659b-407a-a1ad-ff62ff82ebdd,3,225.426555
2026/02/04/13:28:41,running-time,rs-000166-rhhhd,3fd7f0a4-dc92-4d80-b685-e3bfff399906,1,225.426555
2026/02/04/13:28:45,running-time,rs-000164-4zxx5,48fee530-4cb9-4dbd-85d7-53a24af7dbb4,3,229.426555
2026/02/04/13:28:55,apply-time,rs-000168-k27n5,0cde6e18-0fa3-4e53-8d39-cec24ffd15d1,1,239.426555
2026/02/04/13:28:55,running-time,rs-000168-k27n5,0cde6e18-0fa3-4e53-8d39-cec24ffd15d1,1,239.426555
2026/02/04/13:28:55,apply-time,rs-000168-mx8sg,7f6af471-53c0-48b9-84bd-313ed72e51e4,1,239.426555
2026/02/04/13:28:55,apply-time,rs-000169-rgpth,80e3ae0c-04fa-41ee-bb7f-7244cb867d2a,2,239.426555
2026/02/04/13:28:55,running-time,rs-000169-rgpth,80e3ae0c-04fa-41ee-bb7f-7244cb867d2a,2,239.426555
2026/02/04/13:28:55,apply-time,rs-000169-sjdss,8fe5f500-9639-4235-8bdd-e408775fd667,2,239.426555
2026/02/04/13:28:55,running-time,rs-000169-sjdss,8fe5f500-9639-4235-8bdd-e408775fd667,2,239.426555
2026/02/04/13:28:55,apply-time,rs-000170-v2jpf,03b34c9e-50cd-4f4b-a4a3-22e78196ca35,1,239.426555
2026/02/04/13:28:55,running-time,rs-000170-v2jpf,03b34c9e-50cd-4f4b-a4a3-22e78196ca35,1,239.426555
2026/02/04/13:28:55,apply-time,rs-000170-v9k78,42df3725-0201-4625-b9cf-91dbd718ba8e,1,239.426555
2026/02/04/13:28:55,running-time,rs-000170-v9k78,42df3725-0201-4625-b9cf-91dbd718ba8e,1,239.426555
2026/02/04/13:28:55,apply-time,rs-000171-nk4nh,3ddd2137-04cb-4908-ac76-69323ebf2f7c,4,239.426555
2026/02/04/13:28:55,apply-time,rs-000171-nvmdv,e7d29f50-114c-46a8-a683-ba9c40900275,4,239.426555
2026/02/04/13:28:55,apply-time,rs-000171-xg67p,ebff1917-5c17-4ead-8d1a-6373343f249c,4,239.426555
2026/02/04/13:28:56,apply-time,rs-000172-jnzsg,d98c6075-d4bc-466f-a0ca-c4fbfcfd1f4c,3,240.426555
2026/02/04/13:28:56,running-time,rs-000172-jnzsg,d98c6075-d4bc-466f-a0ca-c4fbfcfd1f4c,3,240.426555
2026/02/04/13:28:56,apply-time,rs-000172-mtv9j,c9dce433-8b2e-46ac-8269-0820e54715ab,3,240.426555
2026/02/04/13:28:56,running-time,rs-000172-mtv9j,c9dce433-8b2e-46ac-8269-0820e54715ab,3,240.426555
2026/02/04/13:28:56,apply-time,rs-000173-p2xr5,c7a0df9c-09c8-423d-bf14-6cb1711b98e4,4,240.426555
2026/02/04/13:28:56,running-time,rs-000173-p2xr5,c7a0df9c-09c8-423d-bf14-6cb1711b98e4,4,240.426555
2026/02/04/13:28:56,apply-time,rs-000174-nmrgh,96e5862c-d0a1-4bd0-a6c3-7a067685daa9,1,240.426555
2026/02/04/13:28:56,apply-time,rs-000174-rqjk4,b509aea3-66a6-4292-a458-89e4085cc575,1,240.426555
2026/02/04/13:29:03,apply-time,rs-000139-fbkjk,b1a0824b-9815-4319-969b-e7cf7e367b22,1,247.426555
2026/02/04/13:29:03,running-time,rs-000139-fbkjk,b1a0824b-9815-4319-969b-e7cf7e367b22,1,247.426555
2026/02/04/13:29:03,running-time,rs-000171-nk4nh,3ddd2137-04cb-4908-ac76-69323ebf2f7c,4,247.426555
2026/02/04/13:29:03,running-time,rs-000171-nvmdv,e7d29f50-114c-46a8-a683-ba9c40900275,4,247.426555
2026/02/04/13:29:03,running-time,rs-000171-xg67p,ebff1917-5c17-4ead-8d1a-6373343f249c,4,247.426555
2026/02/04/13:29:05,apply-time,rs-000175-d8r2t,a0b65a8f-5fe6-423b-9f82-45d7fd77afc2,4,249.426555
2026/02/04/13:29:05,running-time,rs-000175-d8r2t,a0b65a8f-5fe6-423b-9f82-45d7fd77afc2,4,250.426555
2026/02/04/13:29:05,apply-time,rs-000175-f44cj,0e812576-5e74-4b71-91b4-3acfd1438c6c,4,249.426555
2026/02/04/13:29:05,running-time,rs-000175-f44cj,0e812576-5e74-4b71-91b4-3acfd1438c6c,4,249.426555
2026/02/04/13:29:05,apply-time,rs-000175-hlc86,1ce1b19f-b7a9-40e0-9ecb-da42ef6374e8,4,249.426555
2026/02/04/13:29:05,running-time,rs-000175-hlc86,1ce1b19f-b7a9-40e0-9ecb-da42ef6374e8,4,250.426555
2026/02/04/13:29:08,apply-time,rs-000176-4dcgd,70690320-ed83-4b62-a723-d8ae01c0ce7b,2,252.426555
2026/02/04/13:29:08,apply-time,rs-000176-xsjwr,785e461f-00b6-40da-87b1-36d4a3b9827b,2,252.426555
2026/02/04/13:29:08,apply-time,rs-000177-x6gdk,1e403488-f909-4cb3-b056-b971a791e389,2,252.426555
2026/02/04/13:29:08,running-time,rs-000177-x6gdk,1e403488-f909-4cb3-b056-b971a791e389,2,252.426555
2026/02/04/13:29:08,apply-time,rs-000178-q2swx,8abe5e53-50e2-41bc-9ef6-52fe5508f611,2,252.426555
2026/02/04/13:29:08,apply-time,rs-000179-brxrs,2da15a8c-753c-431e-a8e3-1b2bfaa0f28d,3,252.426555
2026/02/04/13:29:08,running-time,rs-000179-brxrs,2da15a8c-753c-431e-a8e3-1b2bfaa0f28d,3,252.426555
2026/02/04/13:29:08,apply-time,rs-000180-vp7p4,616dc870-f76e-421b-a670-038cb84912b7,4,252.426555
2026/02/04/13:29:08,running-time,rs-000180-vp7p4,616dc870-f76e-421b-a670-038cb84912b7,4,252.426555
2026/02/04/13:29:30,apply-time,rs-000181-qdgcm,7c3be08d-633d-4933-8362-501a513a766e,3,274.426555
2026/02/04/13:29:30,running-time,rs-000181-qdgcm,7c3be08d-633d-4933-8362-501a513a766e,3,274.426555
2026/02/04/13:29:30,apply-time,rs-000182-rjhpm,d08ed925-112f-4f6b-b779-e39b49fd1506,3,274.426555
2026/02/04/13:29:30,running-time,rs-000182-rjhpm,d08ed925-112f-4f6b-b779-e39b49fd1506,3,274.426555
2026/02/04/13:29:30,apply-time,rs-000182-w7v4p,c18bad8d-d301-4f47-926f-f6abc272aa69,3,274.426555
2026/02/04/13:29:30,running-time,rs-000182-w7v4p,c18bad8d-d301-4f47-926f-f6abc272aa69,3,274.426555
2026/02/04/13:29:30,apply-time,rs-000182-wc6p6,6373e675-2e82-4ba8-8633-8fddc4b614ff,3,274.426555
2026/02/04/13:29:30,running-time,rs-000182-wc6p6,6373e675-2e82-4ba8-8633-8fddc4b614ff,3,274.426555
2026/02/04/13:29:32,apply-time,rs-000183-m2fkr,d1a43261-7ddb-42f3-9b4b-6b656335e379,2,276.426555
2026/02/04/13:29:32,running-time,rs-000183-m2fkr,d1a43261-7ddb-42f3-9b4b-6b656335e379,2,276.426555
2026/02/04/13:29:32,apply-time,rs-000184-lwdkn,36fdc6ef-cc6c-4d01-8791-b60441c6bc0a,3,276.426555
2026/02/04/13:29:32,running-time,rs-000184-lwdkn,36fdc6ef-cc6c-4d01-8791-b60441c6bc0a,3,277.426555
2026/02/04/13:29:32,apply-time,rs-000185-qlxbd,2ddc5dc0-4aa7-416e-8d43-34a322e9fc47,2,276.426555
2026/02/04/13:29:32,running-time,rs-000185-qlxbd,2ddc5dc0-4aa7-416e-8d43-34a322e9fc47,2,276.426555
2026/02/04/13:29:32,apply-time,rs-000185-shv87,2c7389ee-7572-4645-b1f2-3b2ef41cff69,2,276.426555
2026/02/04/13:29:32,running-time,rs-000185-shv87,2c7389ee-7572-4645-b1f2-3b2ef41cff69,2,276.426555
2026/02/04/13:29:48,apply-time,rs-000186-hpxzf,70f1a4df-1c85-476c-9250-f7824a4399b0,2,291.426555
2026/02/04/13:29:48,running-time,rs-000186-hpxzf,70f1a4df-1c85-476c-9250-f7824a4399b0,2,291.426555
2026/02/04/13:29:49,apply-time,rs-000187-9dmfb,89a93160-a11b-4e34-b1ba-d636be7cfaba,1,292.426555
2026/02/04/13:29:49,running-time,rs-000187-9dmfb,89a93160-a11b-4e34-b1ba-d636be7cfaba,1,292.426555
2026/02/04/13:29:49,apply-time,rs-000188-vhvpn,2b03f4f3-65a5-4c75-af51-b0b7879cac64,1,292.426555
2026/02/04/13:29:49,running-time,rs-000188-vhvpn,2b03f4f3-65a5-4c75-af51-b0b7879cac64,1,292.426555
2026/02/04/13:29:49,apply-time,rs-000189-8sff9,b9ca61f4-836f-4a4c-993a-a309fe05ec5e,2,292.426555
2026/02/04/13:29:49,running-time,rs-000189-8sff9,b9ca61f4-836f-4a4c-993a-a309fe05ec5e,2,292.426555
2026/02/04/13:29:49,apply-time,rs-000189-lmw5k,d0900687-69cc-4362-a1ae-b523c7f97f3f,2,292.426555
2026/02/04/13:29:49,running-time,rs-000189-lmw5k,d0900687-69cc-4362-a1ae-b523c7f97f3f,2,292.426555
2026/02/04/13:29:49,apply-time,rs-000190-tdkvd,f1c82ebf-bd97-4185-9e05-4f8afee322cd,1,292.426555
2026/02/04/13:29:49,running-time,rs-000190-tdkvd,f1c82ebf-bd97-4185-9e05-4f8afee322cd,1,292.426555
2026/02/04/13:29:49,apply-time,rs-000190-tt26j,66d60641-da75-416f-a615-202da7d9356d,1,292.426555
2026/02/04/13:29:49,running-time,rs-000190-tt26j,66d60641-da75-416f-a615-202da7d9356d,1,292.426555
2026/02/04/13:30:17,apply-time,rs-000191-jnlrp,e5a87c8e-b046-42ce-9160-df44b91eb5a7,1,320.426555
2026/02/04/13:30:17,running-time,rs-000191-jnlrp,e5a87c8e-b046-42ce-9160-df44b91eb5a7,1,320.426555
2026/02/04/13:30:17,apply-time,rs-000192-h8zz2,ca29ba93-8ffc-46ee-8c5e-c218153b932d,4,320.426555
2026/02/04/13:30:17,running-time,rs-000192-h8zz2,ca29ba93-8ffc-46ee-8c5e-c218153b932d,4,320.426555
2026/02/04/13:30:17,apply-time,rs-000193-vpkh5,e2d26dd4-2b06-43a4-9c20-372713f795db,1,320.426555
2026/02/04/13:30:17,running-time,rs-000193-vpkh5,e2d26dd4-2b06-43a4-9c20-372713f795db,1,320.426555
2026/02/04/13:30:17,apply-time,rs-000193-xw24h,a2af9fb5-a169-4e34-8d9b-b53c2e4fb9dd,1,320.426555
2026/02/04/13:30:17,running-time,rs-000193-xw24h,a2af9fb5-a169-4e34-8d9b-b53c2e4fb9dd,1,320.426555
2026/02/04/13:30:20,apply-time,rs-000194-277wr,d11d06be-e20b-433c-913d-6fc372cc2c71,3,323.426555
2026/02/04/13:30:20,running-time,rs-000194-277wr,d11d06be-e20b-433c-913d-6fc372cc2c71,3,323.426555
2026/02/04/13:30:20,apply-time,rs-000194-pw7b5,5f5754eb-a793-4837-8f78-55f8d4588a58,3,323.426555
2026/02/04/13:30:20,running-time,rs-000194-pw7b5,5f5754eb-a793-4837-8f78-55f8d4588a58,3,323.426555
2026/02/04/13:30:20,apply-time,rs-000194-xk8tx,e4859714-e7a7-45cf-8d93-50ea9e50b3e7,3,323.426555
2026/02/04/13:30:20,running-time,rs-000194-xk8tx,e4859714-e7a7-45cf-8d93-50ea9e50b3e7,3,323.426555
2026/02/04/13:30:20,apply-time,rs-000195-ck4x9,bcc257c1-4446-4eb0-9659-ad14f7740487,3,323.426555
2026/02/04/13:30:20,running-time,rs-000195-ck4x9,bcc257c1-4446-4eb0-9659-ad14f7740487,3,323.426555
2026/02/04/13:30:20,apply-time,rs-000195-rnptj,d01ef8a0-19a1-4ab0-beea-c44964d27884,3,323.426555
2026/02/04/13:30:20,running-time,rs-000195-rnptj,d01ef8a0-19a1-4ab0-beea-c44964d27884,3,323.426555
2026/02/04/13:30:26,apply-time,rs-000196-hrq7s,49afb3dc-0493-4367-b9a3-027851cc6b69,3,330.426555
2026/02/04/13:30:26,apply-time,rs-000197-lx6rp,5614b3dc-d513-40b8-9570-df0506070175,2,330.426555
2026/02/04/13:30:27,running-time,rs-000196-hrq7s,49afb3dc-0493-4367-b9a3-027851cc6b69,3,330.426555
2026/02/04/13:30:27,apply-time,rs-000197-bw2w8,2b16e60a-a2d1-43a9-aacc-ec99462e1452,2,330.426555
2026/02/04/13:30:27,running-time,rs-000197-bw2w8,2b16e60a-a2d1-43a9-aacc-ec99462e1452,2,330.426555
2026/02/04/13:30:27,running-time,rs-000197-lx6rp,5614b3dc-d513-40b8-9570-df0506070175,2,330.426555
2026/02/04/13:30:27,apply-time,rs-000198-5vk25,cae8ba6b-63dd-4852-9b2b-924f305e2bde,2,330.426555
2026/02/04/13:30:27,running-time,rs-000198-5vk25,cae8ba6b-63dd-4852-9b2b-924f305e2bde,2,330.426555
2026/02/04/13:30:27,apply-time,rs-000199-fnqdr,96198716-e0c2-48b1-b8de-6b47d8195a62,2,330.426555
2026/02/04/13:30:27,running-time,rs-000199-fnqdr,96198716-e0c2-48b1-b8de-6b47d8195a62,2,330.426555
2026/02/04/13:30:27,apply-time,rs-000199-v6jhq,20bdf212-d112-459d-93b1-ed2049c8b431,2,330.426555
2026/02/04/13:30:27,running-time,rs-000199-v6jhq,20bdf212-d112-459d-93b1-ed2049c8b431,2,330.426555
2026/02/04/13:30:27,apply-time,rs-000200-mfz59,42686a56-9ffd-4079-8cd7-d11612f3dd4f,3,330.426555
2026/02/04/13:30:27,apply-time,rs-000201-68xz2,fe1767eb-5b90-4084-85dd-fefe5e760eaf,3,330.426555
2026/02/04/13:30:27,running-time,rs-000201-68xz2,fe1767eb-5b90-4084-85dd-fefe5e760eaf,3,330.426555
2026/02/04/13:30:28,running-time,rs-000200-mfz59,42686a56-9ffd-4079-8cd7-d11612f3dd4f,3,331.426555
2026/02/04/13:30:31,apply-time,rs-000202-9f57s,367abbbd-a22d-41fd-8cad-7ed3b388989e,4,334.426555
2026/02/04/13:30:31,running-time,rs-000202-9f57s,367abbbd-a22d-41fd-8cad-7ed3b388989e,4,334.426555
2026/02/04/13:30:31,apply-time,rs-000202-f9rkp,aa4816e9-4a49-42ab-83d6-4ef155ba279a,4,334.426555
2026/02/04/13:30:31,running-time,rs-000202-f9rkp,aa4816e9-4a49-42ab-83d6-4ef155ba279a,4,334.426555
2026/02/04/13:30:31,apply-time,rs-000203-hw57h,febb2317-3b18-46be-8420-4283219e721c,2,334.426555
2026/02/04/13:30:31,running-time,rs-000203-hw57h,febb2317-3b18-46be-8420-4283219e721c,2,334.426555
2026/02/04/13:30:31,apply-time,rs-000204-jb4xc,ef446cec-0fc7-48ce-bb65-71701ce97c65,2,334.426555
2026/02/04/13:30:31,running-time,rs-000204-jb4xc,ef446cec-0fc7-48ce-bb65-71701ce97c65,2,334.426555
2026/02/04/13:30:31,apply-time,rs-000204-z2d8h,182a35b9-be0c-4e6a-87bd-4a6150d2451a,2,334.426555
2026/02/04/13:30:31,running-time,rs-000204-z2d8h,182a35b9-be0c-4e6a-87bd-4a6150d2451a,2,334.426555
2026/02/04/13:30:34,apply-time,rs-000205-rfdtw,ce2f8518-d17f-4891-8a57-24173e9ae3e8,4,337.426555
2026/02/04/13:30:34,running-time,rs-000205-rfdtw,ce2f8518-d17f-4891-8a57-24173e9ae3e8,4,337.426555
2026/02/04/13:30:34,apply-time,rs-000205-v5v5t,5b7f71c3-39d0-4c27-b6fe-30f14fb44655,4,337.426555
2026/02/04/13:30:34,running-time,rs-000205-v5v5t,5b7f71c3-39d0-4c27-b6fe-30f14fb44655,4,337.426555
2026/02/04/13:30:34,apply-time,rs-000206-2nppj,3250594e-992b-4000-8b52-11bad1206746,3,337.426555
2026/02/04/13:30:34,apply-time,rs-000206-p9thj,1e28c809-8315-4ffa-960c-7f49fb253c11,3,337.426555
2026/02/04/13:30:34,apply-time,rs-000207-k4nnq,1565d22f-f262-4571-af67-47d79eab3586,2,337.426555
2026/02/04/13:30:34,running-time,rs-000207-k4nnq,1565d22f-f262-4571-af67-47d79eab3586,2,337.426555
2026/02/04/13:30:34,apply-time,rs-000208-z46p8,edfcd012-e36c-4ac5-bbd2-8b0cb8141da0,2,337.426555
2026/02/04/13:30:34,running-time,rs-000208-z46p8,edfcd012-e36c-4ac5-bbd2-8b0cb8141da0,2,337.426555
2026/02/04/13:30:34,apply-time,rs-000209-8t5px,7f0cc3d9-7611-46e7-8633-2b737f7cbc1d,3,337.426555
2026/02/04/13:30:34,running-time,rs-000209-8t5px,7f0cc3d9-7611-46e7-8633-2b737f7cbc1d,3,337.426555
2026/02/04/13:30:34,apply-time,rs-000209-kzrll,9c170d2a-f2d0-4478-aa6b-81b4aadeda3f,3,337.426555
2026/02/04/13:30:34,running-time,rs-000209-kzrll,9c170d2a-f2d0-4478-aa6b-81b4aadeda3f,3,337.426555
2026/02/04/13:30:35,apply-time,rs-000210-6ltbx,7226e400-0f60-4022-bf28-e0e6358c319a,2,338.426555
2026/02/04/13:30:35,running-time,rs-000210-6ltbx,7226e400-0f60-4022-bf28-e0e6358c319a,2,338.426555
2026/02/04/13:30:35,apply-time,rs-000210-kvg54,b4b33a29-7522-4569-bc5f-3783c226e97a,2,338.426555
2026/02/04/13:30:35,running-time,rs-000210-kvg54,b4b33a29-7522-4569-bc5f-3783c226e97a,2,338.426555
2026/02/04/13:30:39,apply-time,rs-000135-h8lnf,1199b087-ab9d-46c0-9353-1ab111eea720,1,343.426555
2026/02/04/13:30:39,running-time,rs-000206-2nppj,3250594e-992b-4000-8b52-11bad1206746,3,342.426555
2026/02/04/13:30:40,running-time,rs-000135-h8lnf,1199b087-ab9d-46c0-9353-1ab111eea720,1,343.426555
2026/02/04/13:30:40,running-time,rs-000206-p9thj,1e28c809-8315-4ffa-960c-7f49fb253c11,3,343.426555
2026/02/04/13:30:53,apply-time,rs-000211-bjxd6,00ca49f4-b14f-4fed-a6dc-046364bf2d12,1,356.426555
2026/02/04/13:30:53,running-time,rs-000211-bjxd6,00ca49f4-b14f-4fed-a6dc-046364bf2d12,1,356.426555
2026/02/04/13:30:53,apply-time,rs-000211-m9vlj,883cd7a6-9010-4e09-83d0-ae9a19da8129,1,356.426555
2026/02/04/13:30:53,running-time,rs-000211-m9vlj,883cd7a6-9010-4e09-83d0-ae9a19da8129,1,356.426555
2026/02/04/13:30:53,apply-time,rs-000211-wvr7f,3aed9c56-df88-4df4-aef4-f7de732e05f5,1,356.426555
2026/02/04/13:30:53,running-time,rs-000211-wvr7f,3aed9c56-df88-4df4-aef4-f7de732e05f5,1,356.426555
2026/02/04/13:30:53,apply-time,rs-000212-pjtmq,8b013394-6fd9-4976-b00d-008b30867b81,3,356.426555
2026/02/04/13:30:53,running-time,rs-000212-pjtmq,8b013394-6fd9-4976-b00d-008b30867b81,3,356.426555
2026/02/04/13:31:06,apply-time,rs-000213-zrlbq,948bc1a8-b5a2-46ff-9a0a-fd6d78248bd0,4,370.426555
2026/02/04/13:31:07,running-time,rs-000213-zrlbq,948bc1a8-b5a2-46ff-9a0a-fd6d78248bd0,4,370.426555
2026/02/04/13:31:12,apply-time,rs-000214-2kxjr,fd92cd33-2c04-4600-ab68-152b33451411,1,376.426555
2026/02/04/13:31:12,running-time,rs-000214-2kxjr,fd92cd33-2c04-4600-ab68-152b33451411,1,376.426555
2026/02/04/13:31:12,apply-time,rs-000214-6czn4,ea1272a4-aa60-4719-8ad5-371c77b1e550,1,376.426555
2026/02/04/13:31:12,running-time,rs-000214-6czn4,ea1272a4-aa60-4719-8ad5-371c77b1e550,1,376.426555
2026/02/04/13:31:12,apply-time,rs-000214-wtsk9,8edd196d-840a-43f1-b8ec-7fa2c5a6a234,1,376.426555
2026/02/04/13:31:12,running-time,rs-000214-wtsk9,8edd196d-840a-43f1-b8ec-7fa2c5a6a234,1,376.426555
2026/02/04/13:31:12,apply-time,rs-000215-7p4kh,5e050a1c-095a-4a72-8ca7-1136192ceed9,3,376.426555
2026/02/04/13:31:12,running-time,rs-000215-7p4kh,5e050a1c-095a-4a72-8ca7-1136192ceed9,3,376.426555
2026/02/04/13:31:12,apply-time,rs-000216-7f27p,5223c0af-1f82-4d48-adec-fe5ce21a8445,1,376.426555
2026/02/04/13:31:12,running-time,rs-000216-7f27p,5223c0af-1f82-4d48-adec-fe5ce21a8445,1,376.426555
2026/02/04/13:31:12,apply-time,rs-000216-9mndr,d4d5a9b9-5ff4-4319-9c73-0c0dd1f9508e,1,376.426555
2026/02/04/13:31:12,running-time,rs-000216-9mndr,d4d5a9b9-5ff4-4319-9c73-0c0dd1f9508e,1,376.426555
2026/02/04/13:31:12,apply-time,rs-000216-rjvbl,497aeba9-87f8-4d8a-8de8-d64bdc53e0c6,1,376.426555
2026/02/04/13:31:12,running-time,rs-000216-rjvbl,497aeba9-87f8-4d8a-8de8-d64bdc53e0c6,1,376.426555
2026/02/04/13:31:12,apply-time,rs-000217-kd54h,46deca7d-6c35-42cb-bb50-3d0ffd650750,1,376.426555
2026/02/04/13:31:12,running-time,rs-000217-kd54h,46deca7d-6c35-42cb-bb50-3d0ffd650750,1,376.426555
2026/02/04/13:31:13,apply-time,rs-000218-7znbs,df73e944-25b6-4396-98c8-4d911aa47722,2,377.426555
2026/02/04/13:31:13,running-time,rs-000218-7znbs,df73e944-25b6-4396-98c8-4d911aa47722,2,377.426555
2026/02/04/13:31:13,apply-time,rs-000219-jvz4z,029909ef-0da7-4a48-9a3f-1554fb559dc1,4,377.426555
2026/02/04/13:31:13,apply-time,rs-000219-zv9nn,5ccd94b6-4b63-45d1-b378-c8dbb48dcd9a,4,377.426555
2026/02/04/13:31:13,apply-time,rs-000220-j7zx6,64670abb-7951-4566-b99c-da9843cade48,1,377.426555
2026/02/04/13:31:13,running-time,rs-000220-j7zx6,64670abb-7951-4566-b99c-da9843cade48,1,377.426555
2026/02/04/13:31:13,apply-time,rs-000220-vrh65,4882814d-4104-4029-90f9-ac6ad63b3d9e,1,377.426555
2026/02/04/13:31:13,running-time,rs-000220-vrh65,4882814d-4104-4029-90f9-ac6ad63b3d9e,1,377.426555
2026/02/04/13:31:14,running-time,rs-000219-jvz4z,029909ef-0da7-4a48-9a3f-1554fb559dc1,4,378.426555
2026/02/04/13:31:14,apply-time,rs-000221-l5cks,483c8345-8bad-4443-8752-69b5200adb6d,3,377.426555
2026/02/04/13:31:14,apply-time,rs-000221-pcqv2,99098072-129f-4a6e-a88b-15288e6c5ba1,3,377.426555
2026/02/04/13:31:14,apply-time,rs-000221-xxhch,b026aa4e-42f2-4997-8d2f-5bb10d15956d,3,377.426555
2026/02/04/13:31:14,apply-time,rs-000222-2wff5,51577b48-a032-4216-8f7e-d21edcb1c220,3,377.426555
2026/02/04/13:31:14,running-time,rs-000222-2wff5,51577b48-a032-4216-8f7e-d21edcb1c220,3,377.426555
2026/02/04/13:31:14,apply-time,rs-000223-nlwmh,4947de05-bd9f-445c-a928-042431151abf,2,377.426555
2026/02/04/13:31:14,apply-time,rs-000224-vhlc7,5464227d-76ba-42ad-93e8-7df52142cc89,3,377.426555
2026/02/04/13:31:14,apply-time,rs-000225-zpcg8,ec900f3a-4abb-4779-bee8-f83a44116381,1,377.426555
2026/02/04/13:31:14,running-time,rs-000225-zpcg8,ec900f3a-4abb-4779-bee8-f83a44116381,1,377.426555
2026/02/04/13:31:14,apply-time,rs-000226-7tjv6,ef4f5a77-6bf9-4a95-844b-4c67b6d5d1eb,2,378.426555
2026/02/04/13:31:14,apply-time,rs-000227-zkx4m,a53f2442-9107-4c04-a939-3d5ed91e96a2,4,378.426555
2026/02/04/13:31:14,running-time,rs-000227-zkx4m,a53f2442-9107-4c04-a939-3d5ed91e96a2,4,378.426555
2026/02/04/13:31:15,apply-time,rs-000225-gpw8h,8cf0050a-aee9-4ea1-8302-a89bf25c5854,1,378.426555
2026/02/04/13:31:15,running-time,rs-000225-gpw8h,8cf0050a-aee9-4ea1-8302-a89bf25c5854,1,378.426555
2026/02/04/13:31:15,apply-time,rs-000227-kznff,b26d6406-927b-452d-b014-4d896acbf466,4,378.426555
2026/02/04/13:31:15,running-time,rs-000227-kznff,b26d6406-927b-452d-b014-4d896acbf466,4,378.426555
2026/02/04/13:31:15,apply-time,rs-000227-pl5dm,ab83327a-1eae-4a93-b6ab-3eba07ad22e8,4,378.426555
2026/02/04/13:31:15,running-time,rs-000227-pl5dm,ab83327a-1eae-4a93-b6ab-3eba07ad22e8,4,378.426555
2026/02/04/13:31:17,running-time,rs-000226-7tjv6,ef4f5a77-6bf9-4a95-844b-4c67b6d5d1eb,2,380.426555
2026/02/04/13:31:18,running-time,rs-000219-zv9nn,5ccd94b6-4b63-45d1-b378-c8dbb48dcd9a,4,381.426555
2026/02/04/13:31:19,running-time,rs-000221-l5cks,483c8345-8bad-4443-8752-69b5200adb6d,3,382.426555
2026/02/04/13:31:28,apply-time,rs-000135-rf4lt,f97924d1-0490-4f7a-957e-8bbf1c6bb475,1,391.426555
2026/02/04/13:31:28,running-time,rs-000135-rf4lt,f97924d1-0490-4f7a-957e-8bbf1c6bb475,1,391.426555
2026/02/04/13:31:28,running-time,rs-000221-pcqv2,99098072-129f-4a6e-a88b-15288e6c5ba1,3,391.426555
2026/02/04/13:31:28,running-time,rs-000221-xxhch,b026aa4e-42f2-4997-8d2f-5bb10d15956d,3,391.426555
2026/02/04/13:31:28,running-time,rs-000223-nlwmh,4947de05-bd9f-445c-a928-042431151abf,2,391.426555
2026/02/04/13:31:29,apply-time,rs-000228-r9wcd,d267b330-53b2-4a26-bccd-2ee41dac4796,2,392.426555
2026/02/04/13:31:29,apply-time,rs-000229-lfpnh,526a08ce-bf84-4626-a2c2-52ad28cfe728,4,392.426555
2026/02/04/13:31:29,running-time,rs-000229-lfpnh,526a08ce-bf84-4626-a2c2-52ad28cfe728,4,392.426555
2026/02/04/13:31:29,apply-time,rs-000229-wftvb,9b25c5b5-e49b-4055-816c-282f666c4f6f,4,392.426555
2026/02/04/13:31:29,running-time,rs-000229-wftvb,9b25c5b5-e49b-4055-816c-282f666c4f6f,4,392.426555
2026/02/04/13:31:29,apply-time,rs-000230-kxmqr,010054cb-d8c6-4dd0-8983-adfc0f7a741a,1,392.426555
2026/02/04/13:31:29,running-time,rs-000230-kxmqr,010054cb-d8c6-4dd0-8983-adfc0f7a741a,1,393.426555
2026/02/04/13:31:29,apply-time,rs-000230-xlxc9,b62c8e3e-7354-4a12-9f56-402b05b4d521,1,392.426555
2026/02/04/13:31:29,running-time,rs-000230-xlxc9,b62c8e3e-7354-4a12-9f56-402b05b4d521,1,392.426555
2026/02/04/13:31:29,apply-time,rs-000231-4zr26,5ad45551-df36-4cea-8da4-688d695b285a,1,392.426555
2026/02/04/13:31:29,apply-time,rs-000232-q8tqw,ce62962f-f9d3-4daf-98c6-7b9cc0cb354f,2,392.426555
2026/02/04/13:31:29,running-time,rs-000232-q8tqw,ce62962f-f9d3-4daf-98c6-7b9cc0cb354f,2,392.426555
2026/02/04/13:31:29,apply-time,rs-000232-qfp2j,6cedf761-4bc1-4864-b2ca-b4998f66abaf,2,392.426555
2026/02/04/13:31:29,apply-time,rs-000232-xf4x2,664d0321-9e25-4f1e-ae5c-2091d10b9abb,2,392.426555
2026/02/04/13:31:31,running-time,rs-000232-qfp2j,6cedf761-4bc1-4864-b2ca-b4998f66abaf,2,394.426555
2026/02/04/13:31:31,apply-time,rs-000233-6cdvb,d1fb6c23-1cb2-4b19-81db-6864af711f73,1,394.426555
2026/02/04/13:31:31,apply-time,rs-000234-8d46r,6d4644df-ccf2-448c-ba91-e46c7dcda96f,4,394.426555
2026/02/04/13:31:31,running-time,rs-000234-8d46r,6d4644df-ccf2-448c-ba91-e46c7dcda96f,4,394.426555
2026/02/04/13:31:34,running-time,rs-000233-6cdvb,d1fb6c23-1cb2-4b19-81db-6864af711f73,1,397.426555
2026/02/04/13:31:35,running-time,rs-000231-4zr26,5ad45551-df36-4cea-8da4-688d695b285a,1,398.426555
2026/02/04/13:31:43,running-time,rs-000228-r9wcd,d267b330-53b2-4a26-bccd-2ee41dac4796,2,407.426555
2026/02/04/13:31:43,apply-time,rs-000235-2pq8t,28e479c3-379c-4508-a565-844871a248af,2,406.426555
2026/02/04/13:31:43,running-time,rs-000235-2pq8t,28e479c3-379c-4508-a565-844871a248af,2,406.426555
2026/02/04/13:31:44,apply-time,rs-000236-xscng,97d3b57a-bfb5-4b04-964a-7d8792d48c3d,3,407.426555
2026/02/04/13:31:44,apply-time,rs-000237-w8452,b558a959-14bb-4ead-8c66-c26990d3f836,2,407.426555
2026/02/04/13:31:44,running-time,rs-000237-w8452,b558a959-14bb-4ead-8c66-c26990d3f836,2,407.426555
2026/02/04/13:31:44,apply-time,rs-000238-6k7zt,41bd8a5d-98ab-4d9e-9fd0-cfe1261634ec,1,407.426555
2026/02/04/13:31:44,apply-time,rs-000238-brg4p,848efd8e-c79e-4026-9142-02f1d133c7f2,1,407.426555
2026/02/04/13:31:44,apply-time,rs-000239-c6n4n,f5c3ed9e-4c88-4799-9746-5ae9b549813b,1,407.426555
2026/02/04/13:31:44,running-time,rs-000239-c6n4n,f5c3ed9e-4c88-4799-9746-5ae9b549813b,1,407.426555
2026/02/04/13:31:44,apply-time,rs-000240-r75n5,349eed2b-4053-4aac-9941-7367771a27dd,1,407.426555
2026/02/04/13:31:44,apply-time,rs-000240-rn8ph,aba9a91c-42db-4352-b852-165c7292a041,1,407.426555
2026/02/04/13:31:44,apply-time,rs-000241-6mk6z,9c4745d6-e2d6-45a3-9af2-efec39f0f292,1,407.426555
2026/02/04/13:31:44,running-time,rs-000241-6mk6z,9c4745d6-e2d6-45a3-9af2-efec39f0f292,1,407.426555
2026/02/04/13:31:44,apply-time,rs-000241-8mgt7,2534c6b0-1daf-4c0b-a2a3-ea6413b527a9,1,407.426555
2026/02/04/13:31:44,running-time,rs-000241-8mgt7,2534c6b0-1daf-4c0b-a2a3-ea6413b527a9,1,407.426555
2026/02/04/13:31:44,apply-time,rs-000241-dfrrw,95c8bf6d-a679-4020-9bb2-e140f6ed6b05,1,407.426555
2026/02/04/13:31:44,running-time,rs-000241-dfrrw,95c8bf6d-a679-4020-9bb2-e140f6ed6b05,1,407.426555
2026/02/04/13:31:44,apply-time,rs-000242-tt7rj,c0a3a3b4-3d60-406f-8acf-c516709eb712,1,408.426555
2026/02/04/13:31:44,running-time,rs-000242-tt7rj,c0a3a3b4-3d60-406f-8acf-c516709eb712,1,408.426555
2026/02/04/13:31:45,running-time,rs-000238-brg4p,848efd8e-c79e-4026-9142-02f1d133c7f2,1,409.426555
2026/02/04/13:31:45,apply-time,rs-000242-j4564,1a851c0b-7746-4b99-b1a5-efb6db7ce96a,1,408.426555
2026/02/04/13:31:45,apply-time,rs-000242-xsc6n,c1324aab-b7ca-4f55-908e-5ecc5693f72c,1,408.426555
2026/02/04/13:31:45,apply-time,rs-000243-f45nc,046d74c6-196f-44f9-bd0d-72dd64625489,1,408.426555
2026/02/04/13:31:45,apply-time,rs-000243-gpvld,fda2a062-4a07-4f13-b553-202df9c381ba,1,408.426555
2026/02/04/13:31:45,apply-time,rs-000243-lndf6,95cf2372-6f4a-4085-846e-669f07988cb8,1,408.426555
2026/02/04/13:31:45,running-time,rs-000243-lndf6,95cf2372-6f4a-4085-846e-669f07988cb8,1,408.426555
2026/02/04/13:31:45,apply-time,rs-000244-5pq74,70785a8f-aab4-457a-a779-39df54bd02cb,2,409.426555
2026/02/04/13:31:45,running-time,rs-000244-5pq74,70785a8f-aab4-457a-a779-39df54bd02cb,2,409.426555
2026/02/04/13:31:45,apply-time,rs-000244-8h74n,ae07c89b-a2af-48b2-a534-c8f6cec9d4b7,2,408.426555
2026/02/04/13:31:45,running-time,rs-000244-8h74n,ae07c89b-a2af-48b2-a534-c8f6cec9d4b7,2,408.426555
2026/02/04/13:31:45,apply-time,rs-000245-692x2,0e5cf80c-c112-47a9-90d0-b5c01ee8afe3,1,409.426555
2026/02/04/13:31:46,running-time,rs-000245-692x2,0e5cf80c-c112-47a9-90d0-b5c01ee8afe3,1,410.426555
2026/02/04/13:31:46,apply-time,rs-000246-hbw9n,f45fad13-4fcf-4fdd-b24b-adc3babcb212,4,410.426555
2026/02/04/13:31:46,apply-time,rs-000246-mmhlh,872f71ff-9a88-4c8a-b08f-8db00e465bd4,4,410.426555
2026/02/04/13:31:46,apply-time,rs-000247-7c4q6,701199a0-4dea-492a-97fb-8588eeb760c1,3,410.426555
2026/02/04/13:31:46,running-time,rs-000247-7c4q6,701199a0-4dea-492a-97fb-8588eeb760c1,3,410.426555
2026/02/04/13:31:46,apply-time,rs-000248-tk9vt,c1afc3e8-8b16-4984-81a1-14fbe9c7ea64,1,410.426555
2026/02/04/13:31:47,apply-time,rs-000246-jdp5q,5af46ccc-d3ac-410d-8614-89b62fe5da99,4,410.426555
2026/02/04/13:31:47,apply-time,rs-000247-2dvb5,967d7696-65e7-4b5c-9777-1f06af50a4d8,3,410.426555
2026/02/04/13:31:47,running-time,rs-000247-2dvb5,967d7696-65e7-4b5c-9777-1f06af50a4d8,3,410.426555
2026/02/04/13:31:47,apply-time,rs-000247-72fks,86b0b1e0-cf3c-44a6-b272-b1881cb470a8,3,410.426555
2026/02/04/13:31:47,running-time,rs-000247-72fks,86b0b1e0-cf3c-44a6-b272-b1881cb470a8,3,410.426555
2026/02/04/13:31:47,apply-time,rs-000249-4x24l,d5bf93b0-f678-48da-ad0c-23caef5fa680,4,410.426555
2026/02/04/13:31:47,apply-time,rs-000249-ncwfj,b98dacc4-425e-4444-81c6-627b86d6aff5,4,410.426555
2026/02/04/13:31:47,apply-time,rs-000250-6w4lx,f9174fcd-d8ce-4fd8-a9cd-0a737a0c0cb5,1,410.426555
2026/02/04/13:31:47,running-time,rs-000250-6w4lx,f9174fcd-d8ce-4fd8-a9cd-0a737a0c0cb5,1,410.426555
2026/02/04/13:31:47,apply-time,rs-000251-vrvqh,6da96fd0-6990-4a72-a730-56a14129a4b3,1,411.426555
2026/02/04/13:31:47,apply-time,rs-000252-m64hr,d4b38eb3-55cc-4c13-939e-07c4601fb8b1,3,411.426555
2026/02/04/13:31:48,running-time,rs-000238-6k7zt,41bd8a5d-98ab-4d9e-9fd0-cfe1261634ec,1,412.426555
2026/02/04/13:31:48,apply-time,rs-000252-d4r5l,8a0221be-78a8-48fd-bbc9-354cc91bd19d,3,411.426555
2026/02/04/13:31:48,running-time,rs-000252-d4r5l,8a0221be-78a8-48fd-bbc9-354cc91bd19d,3,412.426555
2026/02/04/13:31:48,running-time,rs-000252-m64hr,d4b38eb3-55cc-4c13-939e-07c4601fb8b1,3,412.426555
2026/02/04/13:31:48,apply-time,rs-000252-qx95n,e299507a-0cc4-4e10-91c6-391e3b069ffa,3,411.426555
2026/02/04/13:31:49,running-time,rs-000249-4x24l,d5bf93b0-f678-48da-ad0c-23caef5fa680,4,412.426555
2026/02/04/13:31:49,running-time,rs-000251-vrvqh,6da96fd0-6990-4a72-a730-56a14129a4b3,1,412.426555
2026/02/04/13:31:49,running-time,rs-000252-qx95n,e299507a-0cc4-4e10-91c6-391e3b069ffa,3,412.426555
2026/02/04/13:31:53,apply-time,rs-000253-l26hg,eba58f42-3b65-4999-8807-7c9971296f00,3,416.426555
2026/02/04/13:31:53,running-time,rs-000253-l26hg,eba58f42-3b65-4999-8807-7c9971296f00,3,416.426555
2026/02/04/13:31:53,apply-time,rs-000253-rr2hd,585775d4-c902-4ecd-b3e1-ff24c49485ac,3,416.426555
2026/02/04/13:31:53,running-time,rs-000253-rr2hd,585775d4-c902-4ecd-b3e1-ff24c49485ac,3,416.426555
2026/02/04/13:31:53,apply-time,rs-000253-wj7z4,6445ce93-6f64-4cf3-aa1a-7487fada975b,3,416.426555
2026/02/04/13:31:53,apply-time,rs-000254-dd95h,bf3c22dd-220c-4771-bbcf-ffa2248f6b63,2,416.426555
2026/02/04/13:31:53,apply-time,rs-000254-q6zlk,1d2becc5-7ca6-423d-850b-6ee98b19cdf3,2,416.426555
2026/02/04/13:31:53,apply-time,rs-000255-2cx9w,d93415fb-0c08-41b4-a055-9325dfd6dab8,4,416.426555
2026/02/04/13:31:53,apply-time,rs-000255-7fsd8,09802e49-c622-464e-8a25-5723c9261165,4,416.426555
2026/02/04/13:31:53,apply-time,rs-000255-ncvgb,f52acb46-13f6-49c5-881d-aaef17d43305,4,416.426555
2026/02/04/13:31:53,apply-time,rs-000256-4kzwz,442aee60-1a97-4780-9070-b9098600965d,1,416.426555
2026/02/04/13:31:53,apply-time,rs-000256-8xbqb,d838170a-ec66-4123-95d7-93f76366c7bd,1,416.426555
2026/02/04/13:31:53,apply-time,rs-000256-d6ztz,303ba9db-3345-42d5-9f32-a76f824935ff,1,416.426555
2026/02/04/13:31:54,apply-time,rs-000257-gtn82,6f4eda98-26c7-4dbe-b16d-3dc10c6f1247,1,417.426555
2026/02/04/13:31:54,apply-time,rs-000257-rgc6v,7de37e08-f0af-4de5-bc7e-723942ec543b,1,417.426555
2026/02/04/13:31:54,apply-time,rs-000257-vvktc,726128ad-d16e-4834-a055-b6a08cf3d7c3,1,417.426555
2026/02/04/13:31:54,apply-time,rs-000258-5nbbv,480e119f-e145-4465-864d-8e336bbaa80e,2,417.426555
2026/02/04/13:31:54,apply-time,rs-000258-8drr7,3abed0dc-16ee-441c-8344-6878f81b7523,2,417.426555
2026/02/04/13:31:54,apply-time,rs-000258-bv4kk,d3f216e9-033d-4701-b2d8-6a79bbbeca43,2,417.426555
2026/02/04/13:31:54,apply-time,rs-000259-997cz,76260305-ca4b-4fc5-abd7-64d6e5bc3650,2,417.426555
2026/02/04/13:31:54,running-time,rs-000259-997cz,76260305-ca4b-4fc5-abd7-64d6e5bc3650,2,417.426555
2026/02/04/13:31:54,apply-time,rs-000259-sp2cc,35d406bc-3abc-49cc-af14-34f714f9e7f0,2,417.426555
2026/02/04/13:31:54,running-time,rs-000259-sp2cc,35d406bc-3abc-49cc-af14-34f714f9e7f0,2,417.426555
2026/02/04/13:31:54,apply-time,rs-000260-pww4n,a590d413-bb1a-413b-8b68-e1b7d9f7335d,1,417.426555
2026/02/04/13:31:54,apply-time,rs-000261-jzbn2,74b01a94-8beb-4298-8af9-287a72400b38,4,417.426555
2026/02/04/13:31:54,apply-time,rs-000262-hdblp,9717bb9b-726d-4b3d-97ba-35c56f447f4a,3,418.426555
2026/02/04/13:31:55,running-time,rs-000258-bv4kk,d3f216e9-033d-4701-b2d8-6a79bbbeca43,2,418.426555
2026/02/04/13:31:55,running-time,rs-000262-hdblp,9717bb9b-726d-4b3d-97ba-35c56f447f4a,3,418.426555
2026/02/04/13:31:55,apply-time,rs-000263-s2vlt,5bdea2e3-6cc0-4132-9a35-d19e0f7b6d56,3,418.426555
2026/02/04/13:31:56,running-time,rs-000261-jzbn2,74b01a94-8beb-4298-8af9-287a72400b38,4,419.426555
2026/02/04/13:31:56,apply-time,rs-000264-csdwl,4788b34a-6309-46be-8cc5-2069b682b38a,1,420.426555
2026/02/04/13:31:56,apply-time,rs-000265-7clqx,0dc524b3-de86-43d6-a2cd-dcebc451b462,3,420.426555
2026/02/04/13:31:56,running-time,rs-000265-7clqx,0dc524b3-de86-43d6-a2cd-dcebc451b462,3,420.426555
2026/02/04/13:31:56,apply-time,rs-000265-pbnf7,b8f47d5a-3526-467e-91dd-ab189e5ee790,3,420.426555
2026/02/04/13:31:56,apply-time,rs-000265-x55s8,116e581f-f955-4d1e-a7b9-317af4b5a773,3,420.426555
2026/02/04/13:31:56,running-time,rs-000265-x55s8,116e581f-f955-4d1e-a7b9-317af4b5a773,3,420.426555
2026/02/04/13:31:56,apply-time,rs-000266-r98gz,1e308554-409b-4c3b-9748-94ad19c7dd0c,1,420.426555
2026/02/04/13:31:56,apply-time,rs-000266-vf8t5,57c13a65-8a32-45b3-a2f9-cb539caec829,1,420.426555
2026/02/04/13:31:56,running-time,rs-000266-vf8t5,57c13a65-8a32-45b3-a2f9-cb539caec829,1,420.426555
2026/02/04/13:31:57,running-time,rs-000264-csdwl,4788b34a-6309-46be-8cc5-2069b682b38a,1,420.426555
2026/02/04/13:31:57,apply-time,rs-000267-7rbnq,c5cb79d3-c1a9-478a-b6f2-bd763f7b8584,2,421.426555
2026/02/04/13:31:57,apply-time,rs-000267-dvqsd,9eee317e-1736-40b8-bbc6-e50777d04ba9,2,421.426555
2026/02/04/13:31:57,apply-time,rs-000267-f4cvx,c595a3db-3c14-4fd4-af9e-6a3ca8b1f60f,2,421.426555
2026/02/04/13:31:57,apply-time,rs-000268-xxd75,cf41d1fa-9ab4-46af-a38f-dbbf005646c8,3,421.426555
2026/02/04/13:31:59,running-time,rs-000265-pbnf7,b8f47d5a-3526-467e-91dd-ab189e5ee790,3,422.426555
2026/02/04/13:31:59,running-time,rs-000266-r98gz,1e308554-409b-4c3b-9748-94ad19c7dd0c,1,422.426555
2026/02/04/13:31:59,running-time,rs-000267-7rbnq,c5cb79d3-c1a9-478a-b6f2-bd763f7b8584,2,422.426555
2026/02/04/13:31:59,running-time,rs-000267-dvqsd,9eee317e-1736-40b8-bbc6-e50777d04ba9,2,422.426555
2026/02/04/13:31:59,running-time,rs-000267-f4cvx,c595a3db-3c14-4fd4-af9e-6a3ca8b1f60f,2,422.426555
2026/02/04/13:32:00,running-time,rs-000242-j4564,1a851c0b-7746-4b99-b1a5-efb6db7ce96a,1,423.426555
2026/02/04/13:32:00,running-time,rs-000242-xsc6n,c1324aab-b7ca-4f55-908e-5ecc5693f72c,1,423.426555
2026/02/04/13:32:00,running-time,rs-000246-hbw9n,f45fad13-4fcf-4fdd-b24b-adc3babcb212,4,423.426555
2026/02/04/13:32:00,running-time,rs-000246-jdp5q,5af46ccc-d3ac-410d-8614-89b62fe5da99,4,423.426555
2026/02/04/13:32:00,running-time,rs-000246-mmhlh,872f71ff-9a88-4c8a-b08f-8db00e465bd4,4,423.426555
2026/02/04/13:32:00,running-time,rs-000248-tk9vt,c1afc3e8-8b16-4984-81a1-14fbe9c7ea64,1,424.426555
2026/02/04/13:32:00,running-time,rs-000258-5nbbv,480e119f-e145-4465-864d-8e336bbaa80e,2,423.426555
2026/02/04/13:32:00,running-time,rs-000258-8drr7,3abed0dc-16ee-441c-8344-6878f81b7523,2,423.426555
2026/02/04/13:32:00,running-time,rs-000260-pww4n,a590d413-bb1a-413b-8b68-e1b7d9f7335d,1,423.426555
2026/02/04/13:32:00,running-time,rs-000268-xxd75,cf41d1fa-9ab4-46af-a38f-dbbf005646c8,3,423.426555
2026/02/04/13:32:02,apply-time,rs-000269-2ltw2,9f0a8fe5-8076-4e19-934f-aafd00721211,4,425.426555
2026/02/04/13:32:02,apply-time,rs-000269-58x89,14b73a33-32c7-4084-951b-7e455b7a3c7f,4,425.426555
2026/02/04/13:32:02,running-time,rs-000269-58x89,14b73a33-32c7-4084-951b-7e455b7a3c7f,4,425.426555
2026/02/04/13:32:02,apply-time,rs-000269-bs7c5,7e35a9a2-3e17-4505-8320-d622e73f4af2,4,425.426555
2026/02/04/13:32:02,running-time,rs-000269-bs7c5,7e35a9a2-3e17-4505-8320-d622e73f4af2,4,425.426555
2026/02/04/13:32:03,running-time,rs-000269-2ltw2,9f0a8fe5-8076-4e19-934f-aafd00721211,4,426.426555
2026/02/04/13:32:14,apply-time,rs-000270-cbrb6,501218ff-c24f-4c12-ac6e-d88a8a0c94c1,3,437.426555
2026/02/04/13:32:14,running-time,rs-000270-cbrb6,501218ff-c24f-4c12-ac6e-d88a8a0c94c1,3,437.426555
2026/02/04/13:32:14,apply-time,rs-000271-4rxgg,7bbf04d8-8329-4ca9-bfa5-e866544d12f4,4,437.426555
2026/02/04/13:32:14,running-time,rs-000271-4rxgg,7bbf04d8-8329-4ca9-bfa5-e866544d12f4,4,437.426555
2026/02/04/13:32:14,apply-time,rs-000271-bs27c,18a9d9b3-2a75-440d-a43c-12c2c2496038,4,437.426555
2026/02/04/13:32:14,running-time,rs-000271-bs27c,18a9d9b3-2a75-440d-a43c-12c2c2496038,4,437.426555
2026/02/04/13:32:14,apply-time,rs-000271-cm6qm,80b309e3-5f80-4456-929e-83ec349f3e9c,4,437.426555
2026/02/04/13:32:14,running-time,rs-000271-cm6qm,80b309e3-5f80-4456-929e-83ec349f3e9c,4,437.426555
2026/02/04/13:32:21,apply-time,rs-000272-92f7k,fc83392f-3f0f-49c5-b1c6-4a3a444887ec,1,444.426555
2026/02/04/13:32:21,running-time,rs-000272-92f7k,fc83392f-3f0f-49c5-b1c6-4a3a444887ec,1,444.426555
2026/02/04/13:32:21,apply-time,rs-000272-rb7xs,8893d362-e61b-4c3b-a397-db82a460fcb4,1,444.426555
2026/02/04/13:32:21,running-time,rs-000272-rb7xs,8893d362-e61b-4c3b-a397-db82a460fcb4,1,444.426555
2026/02/04/13:32:21,apply-time,rs-000272-zbjbd,707866dc-8c3e-4b67-bb6a-c8fac2b4d90c,1,444.426555
2026/02/04/13:32:21,running-time,rs-000272-zbjbd,707866dc-8c3e-4b67-bb6a-c8fac2b4d90c,1,444.426555
2026/02/04/13:32:21,apply-time,rs-000273-66jps,99dc3753-e4d2-4c57-b42b-922c6d06ec1f,1,444.426555
2026/02/04/13:32:21,running-time,rs-000273-66jps,99dc3753-e4d2-4c57-b42b-922c6d06ec1f,1,444.426555
2026/02/04/13:32:21,apply-time,rs-000274-5z5tx,6ab01d37-b1d6-4aac-80eb-a191647aa206,1,444.426555
2026/02/04/13:32:21,running-time,rs-000274-5z5tx,6ab01d37-b1d6-4aac-80eb-a191647aa206,1,444.426555
2026/02/04/13:32:21,apply-time,rs-000274-nd2r2,b7eec763-10a4-43ac-ac87-fc1cbacd17ea,1,444.426555
2026/02/04/13:32:21,running-time,rs-000274-nd2r2,b7eec763-10a4-43ac-ac87-fc1cbacd17ea,1,444.426555
2026/02/04/13:32:21,apply-time,rs-000275-ckct4,d154e705-2753-4bd6-b68a-35743a70f0c6,3,444.426555
2026/02/04/13:32:21,running-time,rs-000275-ckct4,d154e705-2753-4bd6-b68a-35743a70f0c6,3,444.426555
2026/02/04/13:32:21,apply-time,rs-000275-xfg7d,b4ae8eb8-a8d8-49a5-bced-173128bb172a,3,444.426555
2026/02/04/13:32:21,running-time,rs-000275-xfg7d,b4ae8eb8-a8d8-49a5-bced-173128bb172a,3,444.426555
2026/02/04/13:32:26,apply-time,rs-000276-zq6qt,2eff4b3e-17ad-4a11-9dc5-72818769a44b,4,449.426555
2026/02/04/13:32:26,running-time,rs-000276-zq6qt,2eff4b3e-17ad-4a11-9dc5-72818769a44b,4,449.426555
2026/02/04/13:32:26,apply-time,rs-000277-4krrb,ee1ec276-6252-4943-9546-c756a87d5efe,4,449.426555
2026/02/04/13:32:26,running-time,rs-000277-4krrb,ee1ec276-6252-4943-9546-c756a87d5efe,4,449.426555
2026/02/04/13:32:40,apply-time,rs-000278-jn2pj,6fa20f11-9287-49e5-b27a-ad6d2df4f731,1,464.426555
2026/02/04/13:32:40,running-time,rs-000278-jn2pj,6fa20f11-9287-49e5-b27a-ad6d2df4f731,1,464.426555
2026/02/04/13:32:40,apply-time,rs-000278-tgb8d,c842ef73-8cef-467e-9d8d-4f0ded90edb2,1,464.426555
2026/02/04/13:32:40,running-time,rs-000278-tgb8d,c842ef73-8cef-467e-9d8d-4f0ded90edb2,1,464.426555
2026/02/04/13:32:40,apply-time,rs-000278-w9qww,a3c1a0d5-4437-4598-9b04-5323b96cc19e,1,464.426555
2026/02/04/13:32:40,running-time,rs-000278-w9qww,a3c1a0d5-4437-4598-9b04-5323b96cc19e,1,464.426555
2026/02/04/13:32:47,apply-time,rs-000279-bvjfx,97746300-daaf-4f0e-85d9-168e04e35bf5,4,470.426555
2026/02/04/13:32:47,running-time,rs-000279-bvjfx,97746300-daaf-4f0e-85d9-168e04e35bf5,4,470.426555
2026/02/04/13:32:47,apply-time,rs-000279-gmdx7,dd7f9899-25c4-47d8-bcf7-cab8aea9e8c9,4,470.426555
2026/02/04/13:32:47,running-time,rs-000279-gmdx7,dd7f9899-25c4-47d8-bcf7-cab8aea9e8c9,4,470.426555
2026/02/04/13:32:47,apply-time,rs-000279-t96zx,e4ab3b70-e5e3-4275-b20c-5a1705822118,4,470.426555
2026/02/04/13:32:47,running-time,rs-000279-t96zx,e4ab3b70-e5e3-4275-b20c-5a1705822118,4,470.426555
2026/02/04/13:32:47,apply-time,rs-000280-mwssn,36b54a80-1587-4375-bc11-bd3162fe3d2d,3,470.426555
2026/02/04/13:32:47,apply-time,rs-000280-rmllk,ac10be61-1002-4861-950e-6d7f8ab8dd9e,3,470.426555
2026/02/04/13:32:47,apply-time,rs-000280-wmk9l,4682d2b3-2191-450e-811f-2cc3e8a471ca,3,470.426555
2026/02/04/13:32:47,apply-time,rs-000281-6hj8p,35c00dd5-ced7-4e6b-baaf-4df145f531d6,2,470.426555
2026/02/04/13:32:47,apply-time,rs-000282-j8vvp,cfcfec95-cb93-4f2d-b12f-7aa23471ad05,2,470.426555
2026/02/04/13:32:47,running-time,rs-000282-j8vvp,cfcfec95-cb93-4f2d-b12f-7aa23471ad05,2,470.426555
2026/02/04/13:32:47,apply-time,rs-000282-nk7sl,da8844a5-0086-4979-80ec-d2cb3e5e9955,2,470.426555
2026/02/04/13:32:47,running-time,rs-000282-nk7sl,da8844a5-0086-4979-80ec-d2cb3e5e9955,2,470.426555
2026/02/04/13:32:48,apply-time,rs-000283-bgq78,4a2f9bba-2403-4fe3-9869-7e93c85d6b0a,2,471.426555
2026/02/04/13:32:48,running-time,rs-000283-bgq78,4a2f9bba-2403-4fe3-9869-7e93c85d6b0a,2,471.426555
2026/02/04/13:32:48,apply-time,rs-000283-vxlvd,a950fcea-1d12-4bc8-a20a-0e4776ecc391,2,471.426555
2026/02/04/13:32:48,running-time,rs-000283-vxlvd,a950fcea-1d12-4bc8-a20a-0e4776ecc391,2,471.426555
2026/02/04/13:32:48,apply-time,rs-000284-h4ghn,86ebc262-f6cc-422f-91c8-b5189d4a9e5d,1,471.426555
2026/02/04/13:32:48,running-time,rs-000284-h4ghn,86ebc262-f6cc-422f-91c8-b5189d4a9e5d,1,471.426555
2026/02/04/13:32:48,apply-time,rs-000284-z9s8z,beaa7927-64d6-41d1-b4df-499f3c0e69c1,1,471.426555
2026/02/04/13:32:48,running-time,rs-000284-z9s8z,beaa7927-64d6-41d1-b4df-499f3c0e69c1,1,471.426555
2026/02/04/13:32:48,apply-time,rs-000285-2l2rh,816b9a4a-b51e-4021-9cb7-2fee2bf313d3,2,471.426555
2026/02/04/13:32:48,running-time,rs-000285-2l2rh,816b9a4a-b51e-4021-9cb7-2fee2bf313d3,2,471.426555
2026/02/04/13:33:11,apply-time,rs-000286-4z2zj,c0ac47be-eadc-4909-b41e-50906b59aa59,4,494.426555
2026/02/04/13:33:11,running-time,rs-000286-4z2zj,c0ac47be-eadc-4909-b41e-50906b59aa59,4,494.426555
2026/02/04/13:33:11,apply-time,rs-000287-7kzdn,feccec44-c672-44a6-b337-7d6145da5852,1,494.426555
2026/02/04/13:33:11,running-time,rs-000287-7kzdn,feccec44-c672-44a6-b337-7d6145da5852,1,494.426555
2026/02/04/13:33:11,apply-time,rs-000287-kcd59,4d58837f-c93a-4c0d-ae85-7de76e4213d6,1,494.426555
2026/02/04/13:33:11,apply-time,rs-000288-4f65z,cbf54710-280b-4c33-bae8-3ffb619414ed,2,494.426555
2026/02/04/13:33:11,running-time,rs-000288-4f65z,cbf54710-280b-4c33-bae8-3ffb619414ed,2,494.426555
2026/02/04/13:33:11,apply-time,rs-000288-k6rvn,d21521fa-44b4-487d-bdde-9ebc20241616,2,494.426555
2026/02/04/13:33:11,running-time,rs-000288-k6rvn,d21521fa-44b4-487d-bdde-9ebc20241616,2,494.426555
2026/02/04/13:33:11,apply-time,rs-000289-5pcvq,cd9c6ecc-c4af-445e-bf87-1542a3d53646,4,494.426555
2026/02/04/13:33:11,running-time,rs-000289-5pcvq,cd9c6ecc-c4af-445e-bf87-1542a3d53646,4,494.426555
2026/02/04/13:33:11,apply-time,rs-000289-6n8r6,b007ba07-7207-4ac9-86cf-9ec75a14aa68,4,494.426555
2026/02/04/13:33:11,apply-time,rs-000290-r5lwg,fff7f4c8-0756-4f2a-852a-6e9875d3d140,2,494.426555
2026/02/04/13:33:11,running-time,rs-000290-r5lwg,fff7f4c8-0756-4f2a-852a-6e9875d3d140,2,494.426555
2026/02/04/13:33:11,apply-time,rs-000291-vq44w,19079bb8-7f16-4f94-80a0-247a6773ace5,4,495.426555
2026/02/04/13:33:11,running-time,rs-000291-vq44w,19079bb8-7f16-4f94-80a0-247a6773ace5,4,495.426555
2026/02/04/13:33:11,apply-time,rs-000292-8z4cd,6693b6cd-71f3-4e71-8818-28d2bc69b1fd,1,495.426555
2026/02/04/13:33:11,running-time,rs-000292-8z4cd,6693b6cd-71f3-4e71-8818-28d2bc69b1fd,1,495.426555
2026/02/04/13:33:11,apply-time,rs-000293-ttqrh,b21dfd32-06ca-4c9d-be37-81cbba687df0,3,495.426555
2026/02/04/13:33:11,running-time,rs-000293-ttqrh,b21dfd32-06ca-4c9d-be37-81cbba687df0,3,495.426555
2026/02/04/13:33:12,apply-time,rs-000291-8ncrq,eb5cc630-d7b7-47a4-92c1-c8f20606406b,4,495.426555
2026/02/04/13:33:12,apply-time,rs-000291-khf9m,e2efde09-fa0a-452e-bb2a-b3e98057fe7a,4,495.426555
2026/02/04/13:33:12,apply-time,rs-000293-726k8,b91e27e9-91ec-41e5-b226-e136fb67f09d,3,495.426555
2026/02/04/13:33:12,running-time,rs-000293-726k8,b91e27e9-91ec-41e5-b226-e136fb67f09d,3,495.426555
2026/02/04/13:33:12,apply-time,rs-000293-kqcq8,24e16dba-a1a1-4b13-8ac3-164d2a17fe86,3,495.426555
2026/02/04/13:33:12,running-time,rs-000293-kqcq8,24e16dba-a1a1-4b13-8ac3-164d2a17fe86,3,495.426555
2026/02/04/13:33:12,apply-time,rs-000294-h9fw4,5cd77eca-9726-42d3-9540-467222e05a5c,2,495.426555
2026/02/04/13:33:12,apply-time,rs-000294-s9vt5,eaa6d8f5-4112-4f07-84e6-ad4b93a28a1e,2,495.426555
2026/02/04/13:33:13,apply-time,rs-000295-nvhd6,bbaa3ff9-0916-4a7c-9f6c-b3346646b4bd,1,496.426555
2026/02/04/13:33:13,running-time,rs-000295-nvhd6,bbaa3ff9-0916-4a7c-9f6c-b3346646b4bd,1,496.426555
2026/02/04/13:33:14,running-time,rs-000291-8ncrq,eb5cc630-d7b7-47a4-92c1-c8f20606406b,4,498.426555
2026/02/04/13:33:14,running-time,rs-000291-khf9m,e2efde09-fa0a-452e-bb2a-b3e98057fe7a,4,497.426555
2026/02/04/13:33:14,running-time,rs-000294-s9vt5,eaa6d8f5-4112-4f07-84e6-ad4b93a28a1e,2,498.426555
2026/02/04/13:33:18,running-time,rs-000294-h9fw4,5cd77eca-9726-42d3-9540-467222e05a5c,2,501.426555
2026/02/04/13:33:22,apply-time,rs-000296-b2fjt,d8e93057-b54f-4ba8-87c1-fd6ddd0d0a08,2,505.426555
2026/02/04/13:33:22,apply-time,rs-000296-h8zcf,33f9ff28-c7cf-4469-8a4a-e801c371324d,2,505.426555
2026/02/04/13:33:22,apply-time,rs-000296-m7rw5,b13af20d-23c6-443e-818a-6ce1d902cc39,2,505.426555
2026/02/04/13:33:22,apply-time,rs-000297-5flsz,004aa518-33ad-4783-a719-4da522c8ba50,3,505.426555
2026/02/04/13:33:22,running-time,rs-000297-5flsz,004aa518-33ad-4783-a719-4da522c8ba50,3,506.426555
2026/02/04/13:33:22,apply-time,rs-000297-mqzn8,6ee04599-d598-4f2c-9f53-5760373aadf4,3,505.426555
2026/02/04/13:33:22,running-time,rs-000297-mqzn8,6ee04599-d598-4f2c-9f53-5760373aadf4,3,506.426555
2026/02/04/13:33:24,running-time,rs-000289-6n8r6,b007ba07-7207-4ac9-86cf-9ec75a14aa68,4,507.426555
2026/02/04/13:33:24,apply-time,rs-000298-m59ck,ccdb4ed2-130a-40fc-8188-5fb0e75058ed,2,507.426555
2026/02/04/13:33:24,running-time,rs-000298-m59ck,ccdb4ed2-130a-40fc-8188-5fb0e75058ed,2,507.426555
2026/02/04/13:33:24,apply-time,rs-000299-pvgqh,90fea088-d4d3-4ed7-921e-27862e558c2f,4,507.426555
2026/02/04/13:33:24,running-time,rs-000299-pvgqh,90fea088-d4d3-4ed7-921e-27862e558c2f,4,507.426555
2026/02/04/13:33:24,apply-time,rs-000300-59cmj,e2e76341-1f00-495c-b45e-15de05fdc069,3,507.426555
2026/02/04/13:33:24,apply-time,rs-000300-nzpdx,4a6d8c06-17c6-4069-8cc4-1dbbdf73b293,3,507.426555
2026/02/04/13:33:32,apply-time,rs-000301-5hzgn,b2936ab7-952a-4fd5-b97b-84d9b611bb4d,4,515.426555
2026/02/04/13:33:32,apply-time,rs-000301-mldzs,6d933401-2bf1-4901-829a-b92a65dd29bf,4,515.426555
2026/02/04/13:33:32,apply-time,rs-000301-rqc88,8c81a35a-5d4e-4ab4-bbfe-6462f9c946f4,4,515.426555
2026/02/04/13:33:32,apply-time,rs-000302-lhgd8,a23e8255-1926-4d4e-a7cf-20311618e65a,4,515.426555
2026/02/04/13:33:32,running-time,rs-000302-lhgd8,a23e8255-1926-4d4e-a7cf-20311618e65a,4,516.426555
2026/02/04/13:33:32,apply-time,rs-000303-k5d8k,561c0655-06a1-44dd-b38c-f1dd9e98a6c7,2,516.426555
2026/02/04/13:33:32,running-time,rs-000303-k5d8k,561c0655-06a1-44dd-b38c-f1dd9e98a6c7,2,516.426555
2026/02/04/13:33:32,apply-time,rs-000303-p24ps,66a6e9e8-56c6-4e09-a762-dc2ca08137c6,2,516.426555
2026/02/04/13:33:32,running-time,rs-000303-p24ps,66a6e9e8-56c6-4e09-a762-dc2ca08137c6,2,516.426555
2026/02/04/13:33:40,running-time,rs-000301-5hzgn,b2936ab7-952a-4fd5-b97b-84d9b611bb4d,4,523.426555
2026/02/04/13:33:40,running-time,rs-000301-mldzs,6d933401-2bf1-4901-829a-b92a65dd29bf,4,523.426555
2026/02/04/13:33:40,running-time,rs-000301-rqc88,8c81a35a-5d4e-4ab4-bbfe-6462f9c946f4,4,523.426555
2026/02/04/13:33:43,apply-time,rs-000304-2l8dp,b4ed63f9-9dfa-4321-977f-aa0a2f19d2e3,1,527.426555
2026/02/04/13:33:43,running-time,rs-000304-2l8dp,b4ed63f9-9dfa-4321-977f-aa0a2f19d2e3,1,527.426555
2026/02/04/13:33:43,apply-time,rs-000304-gfqh6,5102ac91-bf8e-4c40-801e-7deb680c9ec5,1,527.426555
2026/02/04/13:33:43,running-time,rs-000304-gfqh6,5102ac91-bf8e-4c40-801e-7deb680c9ec5,1,527.426555
2026/02/04/13:33:43,apply-time,rs-000304-mxrdq,0dd1b867-74b5-4b3e-a37b-f13fc18e4272,1,527.426555
2026/02/04/13:33:43,running-time,rs-000304-mxrdq,0dd1b867-74b5-4b3e-a37b-f13fc18e4272,1,527.426555
2026/02/04/13:33:44,apply-time,rs-000305-6zcq5,8f75ecc0-b670-418d-a40b-00626613d41b,3,527.426555
2026/02/04/13:33:44,running-time,rs-000305-6zcq5,8f75ecc0-b670-418d-a40b-00626613d41b,3,527.426555
2026/02/04/13:33:44,apply-time,rs-000305-ldtxm,44934ffc-2441-4f6d-8095-6a63ce3b635b,3,527.426555
2026/02/04/13:33:44,running-time,rs-000305-ldtxm,44934ffc-2441-4f6d-8095-6a63ce3b635b,3,527.426555
2026/02/04/13:33:44,apply-time,rs-000306-shxmc,ad5c6952-0285-466b-a59c-9622a5acf428,3,527.426555
2026/02/04/13:33:44,running-time,rs-000306-shxmc,ad5c6952-0285-466b-a59c-9622a5acf428,3,527.426555
2026/02/04/13:33:44,apply-time,rs-000307-69pfs,7111d4fe-b240-4072-935e-0ea1e0b22f8d,3,527.426555
2026/02/04/13:33:44,apply-time,rs-000307-ctmm2,cfa55352-9745-4aeb-b830-8c4cca633738,3,527.426555
2026/02/04/13:33:46,running-time,rs-000307-69pfs,7111d4fe-b240-4072-935e-0ea1e0b22f8d,3,530.426555
2026/02/04/13:33:46,running-time,rs-000307-ctmm2,cfa55352-9745-4aeb-b830-8c4cca633738,3,530.426555
2026/02/04/13:33:56,apply-time,rs-000308-bbmtf,e5fc2387-fd20-4463-aca7-2f20ccb3c8c7,1,540.426555
2026/02/04/13:33:56,running-time,rs-000308-bbmtf,e5fc2387-fd20-4463-aca7-2f20ccb3c8c7,1,540.426555
2026/02/04/13:33:56,apply-time,rs-000308-k8wg7,ec1d3a72-011b-4a3b-a808-a7db12927806,1,540.426555
2026/02/04/13:33:56,running-time,rs-000308-k8wg7,ec1d3a72-011b-4a3b-a808-a7db12927806,1,540.426555
2026/02/04/13:33:56,apply-time,rs-000308-lh9mf,b4d33b3e-5b58-4ed4-bed3-4826a75f571e,1,540.426555
2026/02/04/13:33:56,running-time,rs-000308-lh9mf,b4d33b3e-5b58-4ed4-bed3-4826a75f571e,1,540.426555
2026/02/04/13:33:56,apply-time,rs-000309-6stxz,3ca2d534-fe02-4afa-94e5-c25774329654,1,540.426555
2026/02/04/13:33:56,running-time,rs-000309-6stxz,3ca2d534-fe02-4afa-94e5-c25774329654,1,540.426555
2026/02/04/13:33:56,apply-time,rs-000309-9nvlv,4fafe881-255b-4555-800d-c34b07446dd3,1,540.426555
2026/02/04/13:33:56,running-time,rs-000309-9nvlv,4fafe881-255b-4555-800d-c34b07446dd3,1,540.426555
2026/02/04/13:33:56,apply-time,rs-000309-knf75,2f0bd00e-d170-4b51-8b94-c9658b2f9629,1,540.426555
2026/02/04/13:33:56,running-time,rs-000309-knf75,2f0bd00e-d170-4b51-8b94-c9658b2f9629,1,540.426555
2026/02/04/13:33:56,apply-time,rs-000310-wzbbq,0ca70ddc-5cd7-4319-966f-207ed60cbb1b,1,540.426555
2026/02/04/13:33:56,running-time,rs-000310-wzbbq,0ca70ddc-5cd7-4319-966f-207ed60cbb1b,1,540.426555
2026/02/04/13:33:56,apply-time,rs-000311-cdq7f,c6eb9705-833c-4e55-9c1b-4f7563ceaf09,4,540.426555
2026/02/04/13:33:56,running-time,rs-000311-cdq7f,c6eb9705-833c-4e55-9c1b-4f7563ceaf09,4,540.426555
2026/02/04/13:33:56,apply-time,rs-000311-dq89k,8df6542a-57ea-47fa-994f-c60cb06cca00,4,540.426555
2026/02/04/13:33:56,running-time,rs-000311-dq89k,8df6542a-57ea-47fa-994f-c60cb06cca00,4,540.426555
2026/02/04/13:33:56,apply-time,rs-000311-nzr72,5d63d4c6-0148-4d02-9a39-c4aa2e9ea6bd,4,540.426555
2026/02/04/13:33:56,running-time,rs-000311-nzr72,5d63d4c6-0148-4d02-9a39-c4aa2e9ea6bd,4,540.426555
2026/02/04/13:33:56,apply-time,rs-000312-4twzl,68678330-ee0a-4020-9715-a525274b746b,3,540.426555
2026/02/04/13:33:56,running-time,rs-000312-4twzl,68678330-ee0a-4020-9715-a525274b746b,3,540.426555
2026/02/04/13:33:56,apply-time,rs-000312-98j2z,5332e0b3-368e-4b24-b605-a01b300b36c2,3,540.426555
2026/02/04/13:33:56,running-time,rs-000312-98j2z,5332e0b3-368e-4b24-b605-a01b300b36c2,3,540.426555
2026/02/04/13:33:56,apply-time,rs-000312-lkkvc,6ebc9955-ed7a-4933-9b6f-2d81008edcbf,3,540.426555
2026/02/04/13:33:59,running-time,rs-000312-lkkvc,6ebc9955-ed7a-4933-9b6f-2d81008edcbf,3,542.426555
2026/02/04/13:34:07,apply-time,rs-000313-77mxc,691198b2-10c8-4dbd-8945-dce43d8b3f9c,1,551.426555
2026/02/04/13:34:07,running-time,rs-000313-77mxc,691198b2-10c8-4dbd-8945-dce43d8b3f9c,1,551.426555
2026/02/04/13:34:07,apply-time,rs-000313-nrsl4,1bb9359b-5f82-4500-9959-c2ee08bfc465,1,551.426555
2026/02/04/13:34:07,running-time,rs-000313-nrsl4,1bb9359b-5f82-4500-9959-c2ee08bfc465,1,551.426555
2026/02/04/13:34:07,apply-time,rs-000313-zhkpk,505462f3-d104-4adc-9a24-edd43d056262,1,551.426555
2026/02/04/13:34:07,running-time,rs-000313-zhkpk,505462f3-d104-4adc-9a24-edd43d056262,1,551.426555
2026/02/04/13:34:08,apply-time,rs-000314-gqr29,e0960a5f-6189-4f48-a636-ed04eb97107a,4,551.426555
2026/02/04/13:34:08,running-time,rs-000314-gqr29,e0960a5f-6189-4f48-a636-ed04eb97107a,4,551.426555
2026/02/04/13:34:08,apply-time,rs-000315-6rlfs,4c41c3f0-7244-40ba-817c-6133d523c5f4,2,551.426555
2026/02/04/13:34:08,running-time,rs-000315-6rlfs,4c41c3f0-7244-40ba-817c-6133d523c5f4,2,551.426555
2026/02/04/13:34:08,apply-time,rs-000315-jpkqj,b7f5e2d8-1a6b-4f47-92f4-9059911c87af,2,551.426555
2026/02/04/13:34:08,running-time,rs-000315-jpkqj,b7f5e2d8-1a6b-4f47-92f4-9059911c87af,2,551.426555
2026/02/04/13:34:08,apply-time,rs-000315-t4tjv,d884a372-acbc-4e6f-a199-5274eb5840a6,2,551.426555
2026/02/04/13:34:08,running-time,rs-000315-t4tjv,d884a372-acbc-4e6f-a199-5274eb5840a6,2,551.426555
2026/02/04/13:34:08,apply-time,rs-000316-4mpsj,6dbae98b-7efe-49d5-8624-05f16338110f,1,552.426555
2026/02/04/13:34:08,running-time,rs-000316-4mpsj,6dbae98b-7efe-49d5-8624-05f16338110f,1,552.426555
2026/02/04/13:34:08,apply-time,rs-000317-htm58,5b942780-e2b3-410e-8d73-0c5be2c55df8,3,552.426555
2026/02/04/13:34:08,running-time,rs-000317-htm58,5b942780-e2b3-410e-8d73-0c5be2c55df8,3,552.426555
2026/02/04/13:34:08,apply-time,rs-000317-qcjrj,b1245365-d61c-4c53-8da1-ba66b65dab22,3,552.426555
2026/02/04/13:34:08,running-time,rs-000317-qcjrj,b1245365-d61c-4c53-8da1-ba66b65dab22,3,552.426555
2026/02/04/13:34:08,apply-time,rs-000318-lq8pn,d1078183-fd63-475f-b4fb-95bd7070cdda,2,552.426555
2026/02/04/13:34:08,running-time,rs-000318-lq8pn,d1078183-fd63-475f-b4fb-95bd7070cdda,2,552.426555
2026/02/04/13:34:08,apply-time,rs-000318-tkll8,95a35c4c-1ec9-4bc1-9b7c-d1a7cfc463e6,2,552.426555
2026/02/04/13:34:08,running-time,rs-000318-tkll8,95a35c4c-1ec9-4bc1-9b7c-d1a7cfc463e6,2,552.426555
2026/02/04/13:34:35,apply-time,rs-000319-btdnl,1f78c257-be62-4c74-a893-9cf010c5e6ca,2,579.426555
2026/02/04/13:34:35,running-time,rs-000319-btdnl,1f78c257-be62-4c74-a893-9cf010c5e6ca,2,579.426555
2026/02/04/13:34:35,apply-time,rs-000319-jptn7,be5ecdf5-af29-46ae-9a8a-5bee861faabd,2,579.426555
2026/02/04/13:34:35,running-time,rs-000319-jptn7,be5ecdf5-af29-46ae-9a8a-5bee861faabd,2,579.426555
2026/02/04/13:34:35,apply-time,rs-000319-nxxnp,9ce20eb8-a501-4227-963d-bf2177e596cb,2,579.426555
2026/02/04/13:34:35,running-time,rs-000319-nxxnp,9ce20eb8-a501-4227-963d-bf2177e596cb,2,579.426555
2026/02/04/13:34:35,apply-time,rs-000320-52cvn,ae23ace5-0eda-433b-9917-27ea584abfc5,2,579.426555
2026/02/04/13:34:35,running-time,rs-000320-52cvn,ae23ace5-0eda-433b-9917-27ea584abfc5,2,579.426555
2026/02/04/13:34:35,apply-time,rs-000320-kdlmm,4a42c9cc-ebe6-4148-8e12-ffe4139946d2,2,579.426555
2026/02/04/13:34:35,running-time,rs-000320-kdlmm,4a42c9cc-ebe6-4148-8e12-ffe4139946d2,2,579.426555
2026/02/04/13:34:36,apply-time,rs-000321-swb8x,9306abb7-ff9c-4e73-9799-17c29219c6e5,4,580.426555
2026/02/04/13:34:36,running-time,rs-000321-swb8x,9306abb7-ff9c-4e73-9799-17c29219c6e5,4,580.426555
2026/02/04/13:34:45,apply-time,rs-000322-b2lvk,bbc8719c-828e-4c0c-a8ae-098520c5c761,2,589.426555
2026/02/04/13:34:45,running-time,rs-000322-b2lvk,bbc8719c-828e-4c0c-a8ae-098520c5c761,2,589.426555
2026/02/04/13:34:45,apply-time,rs-000323-cm4hq,f9c71215-8c1f-4515-b7e5-d219eb6b5167,3,589.426555
2026/02/04/13:34:45,running-time,rs-000323-cm4hq,f9c71215-8c1f-4515-b7e5-d219eb6b5167,3,589.426555
2026/02/04/13:34:45,apply-time,rs-000323-fdv7k,be394f91-05d0-4000-a915-81a6e12376ca,3,589.426555
2026/02/04/13:34:45,running-time,rs-000323-fdv7k,be394f91-05d0-4000-a915-81a6e12376ca,3,589.426555
2026/02/04/13:34:45,apply-time,rs-000323-grmj6,a5444e8c-5db7-493d-ac13-8a731ba260c0,3,589.426555
2026/02/04/13:34:45,running-time,rs-000323-grmj6,a5444e8c-5db7-493d-ac13-8a731ba260c0,3,589.426555
2026/02/04/13:34:55,apply-time,rs-000324-2zt94,4c81c2c0-f3ce-4e8a-b8c3-a09d132a4817,1,599.426555
2026/02/04/13:34:55,running-time,rs-000324-2zt94,4c81c2c0-f3ce-4e8a-b8c3-a09d132a4817,1,599.426555
2026/02/04/13:34:55,apply-time,rs-000324-7stxb,fef45835-a215-446c-a365-f32ee74709dc,1,599.426555
2026/02/04/13:34:55,running-time,rs-000324-7stxb,fef45835-a215-446c-a365-f32ee74709dc,1,599.426555
2026/02/04/13:34:56,apply-time,rs-000325-ktlxw,ccf24753-0cda-40be-a1bc-0710c14d19c8,1,600.426555
2026/02/04/13:34:56,running-time,rs-000325-ktlxw,ccf24753-0cda-40be-a1bc-0710c14d19c8,1,600.426555
2026/02/04/13:34:56,apply-time,rs-000325-rvn4v,d824265a-9f25-4761-a5bd-b969f5ccb991,1,600.426555
2026/02/04/13:34:56,running-time,rs-000325-rvn4v,d824265a-9f25-4761-a5bd-b969f5ccb991,1,600.426555
2026/02/04/13:34:56,apply-time,rs-000326-6xqtp,e8a16fe9-dd22-4bf0-ba24-53c926e06532,3,600.426555
2026/02/04/13:34:56,running-time,rs-000326-6xqtp,e8a16fe9-dd22-4bf0-ba24-53c926e06532,3,600.426555
2026/02/04/13:34:57,apply-time,rs-000327-xjd7t,e6739f74-17fd-47a0-bcf3-90978d4c3ee7,2,601.426555
2026/02/04/13:34:57,running-time,rs-000327-xjd7t,e6739f74-17fd-47a0-bcf3-90978d4c3ee7,2,601.426555
2026/02/04/13:35:00,apply-time,rs-000328-lq87t,8543c96e-a222-4d47-9cf7-fc15a542d589,2,603.426555
2026/02/04/13:35:00,running-time,rs-000328-lq87t,8543c96e-a222-4d47-9cf7-fc15a542d589,2,604.426555
2026/02/04/13:35:00,apply-time,rs-000328-xjhjc,0ff8fdbd-4d84-4fa4-acd5-27ab903691b2,2,603.426555
2026/02/04/13:35:00,running-time,rs-000328-xjhjc,0ff8fdbd-4d84-4fa4-acd5-27ab903691b2,2,604.426555
2026/02/04/13:35:21,apply-time,rs-000329-bnr9j,c1da038c-fa6d-44f9-b0fe-d165228e0c6e,1,624.426555
2026/02/04/13:35:21,running-time,rs-000329-bnr9j,c1da038c-fa6d-44f9-b0fe-d165228e0c6e,1,624.426555
2026/02/04/13:35:21,apply-time,rs-000329-fnbjw,bb725431-5c9c-46d1-9e4c-65c7dee41c56,1,624.426555
2026/02/04/13:35:21,running-time,rs-000329-fnbjw,bb725431-5c9c-46d1-9e4c-65c7dee41c56,1,624.426555
2026/02/04/13:35:21,apply-time,rs-000329-t89bl,59e1f70a-2696-46f5-9f8b-029e1f9c73ee,1,624.426555
2026/02/04/13:35:21,running-time,rs-000329-t89bl,59e1f70a-2696-46f5-9f8b-029e1f9c73ee,1,624.426555
2026/02/04/13:35:21,apply-time,rs-000330-xsglb,872807d2-b649-4432-b3a0-ea7d915853bf,1,624.426555
2026/02/04/13:35:21,running-time,rs-000330-xsglb,872807d2-b649-4432-b3a0-ea7d915853bf,1,624.426555
2026/02/04/13:35:21,apply-time,rs-000331-48blg,9948a061-4841-4a9d-aafc-262c6d470fc4,1,625.426555
2026/02/04/13:35:21,apply-time,rs-000331-ngk5q,a8581feb-0d7f-4421-9c91-49abd278e39b,1,625.426555
2026/02/04/13:35:21,running-time,rs-000331-ngk5q,a8581feb-0d7f-4421-9c91-49abd278e39b,1,625.426555
2026/02/04/13:35:21,apply-time,rs-000331-tqdnq,98b5ba47-f082-4eaa-bca1-662e82f22415,1,625.426555
2026/02/04/13:35:21,running-time,rs-000331-tqdnq,98b5ba47-f082-4eaa-bca1-662e82f22415,1,625.426555
2026/02/04/13:35:21,apply-time,rs-000332-sdkh4,daf24696-4ba3-45c3-9e47-03ec8cf2a157,3,625.426555
2026/02/04/13:35:21,running-time,rs-000332-sdkh4,daf24696-4ba3-45c3-9e47-03ec8cf2a157,3,625.426555
2026/02/04/13:35:22,apply-time,rs-000333-nr97s,8ee3db78-fd79-4634-a517-248446757936,1,626.426555
2026/02/04/13:35:22,running-time,rs-000333-nr97s,8ee3db78-fd79-4634-a517-248446757936,1,626.426555
2026/02/04/13:35:22,apply-time,rs-000334-bpn7j,868fed2e-2880-43fe-ae2d-27dd75a17010,3,626.426555
2026/02/04/13:35:22,running-time,rs-000334-bpn7j,868fed2e-2880-43fe-ae2d-27dd75a17010,3,626.426555
2026/02/04/13:35:22,apply-time,rs-000335-dpj8r,85f445c3-03e8-40ea-834b-f244859ef84a,2,626.426555
2026/02/04/13:35:22,running-time,rs-000335-dpj8r,85f445c3-03e8-40ea-834b-f244859ef84a,2,626.426555
2026/02/04/13:35:22,apply-time,rs-000335-sh4sw,49a0a136-cd9c-40fd-a1fc-0a6ada3c3756,2,626.426555
2026/02/04/13:35:22,running-time,rs-000335-sh4sw,49a0a136-cd9c-40fd-a1fc-0a6ada3c3756,2,626.426555
2026/02/04/13:35:22,apply-time,rs-000336-8xbzc,492519b7-cb26-4aa3-94a5-08fd26b53f6c,1,626.426555
2026/02/04/13:35:22,running-time,rs-000336-8xbzc,492519b7-cb26-4aa3-94a5-08fd26b53f6c,1,626.426555
2026/02/04/13:35:22,apply-time,rs-000336-l9rfb,100f264d-f67d-4f61-a8fd-f2a19ca099b2,1,626.426555
2026/02/04/13:35:22,running-time,rs-000336-l9rfb,100f264d-f67d-4f61-a8fd-f2a19ca099b2,1,626.426555
2026/02/04/13:35:27,apply-time,rs-000337-jpffd,0e0a4822-9df9-47a5-9150-58fc60e9ed44,2,631.426555
2026/02/04/13:35:27,running-time,rs-000337-jpffd,0e0a4822-9df9-47a5-9150-58fc60e9ed44,2,631.426555
2026/02/04/13:35:27,apply-time,rs-000337-qvxdn,29e97720-5b51-4a08-9d4e-b130f65b2829,2,631.426555
2026/02/04/13:35:27,running-time,rs-000337-qvxdn,29e97720-5b51-4a08-9d4e-b130f65b2829,2,631.426555
2026/02/04/13:35:27,apply-time,rs-000337-zx98t,ec935296-192c-42fc-972c-8dc8ed6e5e2b,2,631.426555
2026/02/04/13:35:27,running-time,rs-000337-zx98t,ec935296-192c-42fc-972c-8dc8ed6e5e2b,2,631.426555
2026/02/04/13:35:27,apply-time,rs-000338-9pvzx,dca30c66-2663-4638-ae78-52e30e93e363,1,631.426555
2026/02/04/13:35:27,running-time,rs-000338-9pvzx,dca30c66-2663-4638-ae78-52e30e93e363,1,631.426555
2026/02/04/13:35:29,apply-time,rs-000339-mzjtr,b4c7b5ae-9622-4d6f-abf3-91204708ddb8,3,633.426555
2026/02/04/13:35:29,running-time,rs-000339-mzjtr,b4c7b5ae-9622-4d6f-abf3-91204708ddb8,3,633.426555
2026/02/04/13:35:32,apply-time,rs-000340-ns76v,cf5540c1-6005-48e5-bdd0-841612390773,2,636.426555
2026/02/04/13:35:32,apply-time,rs-000340-qk5q2,b6b8294e-f790-49af-8411-ffb66b9fd4a0,2,636.426555
2026/02/04/13:35:32,apply-time,rs-000340-ttf9p,f01908ed-981e-4c3b-90f2-fea099fc210a,2,636.426555
2026/02/04/13:35:32,apply-time,rs-000341-8r8fc,a5d56b94-b013-4a62-b67a-fe81cd148962,4,636.426555
2026/02/04/13:35:32,running-time,rs-000341-8r8fc,a5d56b94-b013-4a62-b67a-fe81cd148962,4,636.426555
2026/02/04/13:35:32,apply-time,rs-000341-mmq2x,e3812f15-88e0-4683-bce8-21da15ec3293,4,636.426555
2026/02/04/13:35:32,running-time,rs-000341-mmq2x,e3812f15-88e0-4683-bce8-21da15ec3293,4,636.426555
2026/02/04/13:35:33,running-time,rs-000340-ns76v,cf5540c1-6005-48e5-bdd0-841612390773,2,636.426555
2026/02/04/13:35:33,running-time,rs-000340-qk5q2,b6b8294e-f790-49af-8411-ffb66b9fd4a0,2,636.426555
2026/02/04/13:35:33,running-time,rs-000340-ttf9p,f01908ed-981e-4c3b-90f2-fea099fc210a,2,636.426555
2026/02/04/13:35:42,apply-time,rs-000342-zvf9x,e1f54bd9-ad88-45a1-8205-46617aacecdd,4,645.426555
2026/02/04/13:35:42,running-time,rs-000342-zvf9x,e1f54bd9-ad88-45a1-8205-46617aacecdd,4,645.426555
2026/02/04/13:35:42,apply-time,rs-000343-4k42m,dfead7c7-1e56-473b-bd14-e82aa88df965,1,645.426555
2026/02/04/13:35:42,running-time,rs-000343-4k42m,dfead7c7-1e56-473b-bd14-e82aa88df965,1,645.426555
2026/02/04/13:35:42,apply-time,rs-000343-g4kvs,40d6b782-2e8a-4346-a57a-b77ed71bc7fe,1,645.426555
2026/02/04/13:35:42,running-time,rs-000343-g4kvs,40d6b782-2e8a-4346-a57a-b77ed71bc7fe,1,645.426555
2026/02/04/13:35:42,apply-time,rs-000343-hxfk9,12b729b5-84b1-4eb0-b504-5eff5953f5c4,1,645.426555
2026/02/04/13:35:42,running-time,rs-000343-hxfk9,12b729b5-84b1-4eb0-b504-5eff5953f5c4,1,645.426555
2026/02/04/13:35:42,apply-time,rs-000344-9v5w9,ced4d51c-7258-47f1-815c-1f750232755d,1,645.426555
2026/02/04/13:35:42,running-time,rs-000344-9v5w9,ced4d51c-7258-47f1-815c-1f750232755d,1,645.426555
2026/02/04/13:35:42,apply-time,rs-000344-drskn,0284ff7c-0e0c-498c-b146-e5fa3c120ad6,1,645.426555
2026/02/04/13:35:42,running-time,rs-000344-drskn,0284ff7c-0e0c-498c-b146-e5fa3c120ad6,1,645.426555
2026/02/04/13:35:42,apply-time,rs-000345-t6fxt,018199fd-e702-40f5-9338-124c85ddb7a9,4,645.426555
2026/02/04/13:35:42,running-time,rs-000345-t6fxt,018199fd-e702-40f5-9338-124c85ddb7a9,4,645.426555
2026/02/04/13:35:42,apply-time,rs-000346-qjj9q,a6504336-1046-445f-9b05-b64421d83fce,2,645.426555
2026/02/04/13:35:42,running-time,rs-000346-qjj9q,a6504336-1046-445f-9b05-b64421d83fce,2,645.426555
2026/02/04/13:35:42,apply-time,rs-000346-z25kj,caea3aae-8b10-4898-a5c1-590499a6779e,2,645.426555
2026/02/04/13:35:42,running-time,rs-000346-z25kj,caea3aae-8b10-4898-a5c1-590499a6779e,2,645.426555
2026/02/04/13:35:42,apply-time,rs-000347-qp5hc,ce9bfa00-e055-496f-8ac3-e31e006ac34a,3,646.426555
2026/02/04/13:35:42,running-time,rs-000347-qp5hc,ce9bfa00-e055-496f-8ac3-e31e006ac34a,3,646.426555
2026/02/04/13:35:42,apply-time,rs-000347-rvhr8,0164ba88-26c5-4e54-a119-4f4fd9bdcfe2,3,646.426555
2026/02/04/13:35:42,running-time,rs-000347-rvhr8,0164ba88-26c5-4e54-a119-4f4fd9bdcfe2,3,646.426555
2026/02/04/13:35:42,apply-time,rs-000347-w4mkj,c77f0afa-e010-4076-83a2-f829788b6626,3,646.426555
2026/02/04/13:35:42,running-time,rs-000347-w4mkj,c77f0afa-e010-4076-83a2-f829788b6626,3,646.426555
2026/02/04/13:35:42,apply-time,rs-000348-glv76,a6912cff-f494-4d4e-891f-7b3d600fa6e1,2,646.426555
2026/02/04/13:35:42,running-time,rs-000348-glv76,a6912cff-f494-4d4e-891f-7b3d600fa6e1,2,646.426555
2026/02/04/13:35:42,apply-time,rs-000348-px9df,b5ed4ff1-0b3f-46cb-b4b4-d75c7ac3a197,2,646.426555
2026/02/04/13:35:42,running-time,rs-000348-px9df,b5ed4ff1-0b3f-46cb-b4b4-d75c7ac3a197,2,646.426555
2026/02/04/13:35:42,apply-time,rs-000349-v5gx9,b46379e4-077f-4664-917d-e98b4bd25469,1,646.426555
2026/02/04/13:35:42,running-time,rs-000349-v5gx9,b46379e4-077f-4664-917d-e98b4bd25469,1,646.426555
2026/02/04/13:35:43,apply-time,rs-000350-8krqk,7b077da4-6bae-40e1-a6ff-8487528c24b8,2,646.426555
2026/02/04/13:35:43,running-time,rs-000350-8krqk,7b077da4-6bae-40e1-a6ff-8487528c24b8,2,646.426555
2026/02/04/13:35:43,apply-time,rs-000350-qpk6d,c98c673a-7f3a-4c76-9139-514f6986d4a0,2,647.426555
2026/02/04/13:35:43,running-time,rs-000350-qpk6d,c98c673a-7f3a-4c76-9139-514f6986d4a0,2,647.426555
2026/02/04/13:35:43,apply-time,rs-000350-vfm2h,15d72689-0ec9-4db1-9af4-a3be7546016b,2,647.426555
2026/02/04/13:35:43,running-time,rs-000350-vfm2h,15d72689-0ec9-4db1-9af4-a3be7546016b,2,647.426555
2026/02/04/13:35:43,apply-time,rs-000351-xzqc9,013600e0-5a13-46fe-b49f-f843ba831972,2,646.426555
2026/02/04/13:35:43,running-time,rs-000351-xzqc9,013600e0-5a13-46fe-b49f-f843ba831972,2,646.426555
2026/02/04/13:35:43,apply-time,rs-000352-jrct4,0057fc4f-e46f-4430-9aa1-92ba9acb46fa,1,646.426555
2026/02/04/13:35:43,apply-time,rs-000352-nlhcb,79ebec1f-9fd3-4105-b034-ab28e085b715,1,647.426555
2026/02/04/13:35:43,apply-time,rs-000352-w886b,f908b567-281e-4c64-beb0-27eaaee769c0,1,647.426555
2026/02/04/13:35:43,apply-time,rs-000353-vjg95,b5a69ce6-1325-4421-b713-75fa4a91342e,1,647.426555
2026/02/04/13:35:43,running-time,rs-000353-vjg95,b5a69ce6-1325-4421-b713-75fa4a91342e,1,647.426555
2026/02/04/13:35:43,apply-time,rs-000354-hgzm8,f2c2f541-206c-4ef9-b3d5-88879b631906,4,647.426555
2026/02/04/13:35:43,running-time,rs-000354-hgzm8,f2c2f541-206c-4ef9-b3d5-88879b631906,4,647.426555
2026/02/04/13:35:43,apply-time,rs-000355-s68bv,2cedbb9f-c3ca-4380-984e-abef75b77069,1,647.426555
2026/02/04/13:35:43,running-time,rs-000355-s68bv,2cedbb9f-c3ca-4380-984e-abef75b77069,1,647.426555
2026/02/04/13:35:44,apply-time,rs-000355-b2g7h,3a07a519-65c2-4005-8668-879ffb9620af,1,647.426555
2026/02/04/13:35:44,running-time,rs-000355-b2g7h,3a07a519-65c2-4005-8668-879ffb9620af,1,647.426555
2026/02/04/13:35:44,apply-time,rs-000356-4xbfs,b453fed3-2a0a-49a4-bdbc-f8262fa6a5b0,4,647.426555
2026/02/04/13:35:44,running-time,rs-000356-4xbfs,b453fed3-2a0a-49a4-bdbc-f8262fa6a5b0,4,647.426555
2026/02/04/13:35:44,apply-time,rs-000356-6fn4r,c19c53fd-9cd3-4e6f-824d-51cf118dcbb4,4,648.426555
2026/02/04/13:35:44,running-time,rs-000356-6fn4r,c19c53fd-9cd3-4e6f-824d-51cf118dcbb4,4,648.426555
2026/02/04/13:35:44,apply-time,rs-000356-qchjk,25ca3243-fcfb-4a29-95df-0544ed577b3a,4,648.426555
2026/02/04/13:35:44,running-time,rs-000356-qchjk,25ca3243-fcfb-4a29-95df-0544ed577b3a,4,648.426555
2026/02/04/13:35:44,apply-time,rs-000357-jbdst,9ef05199-8ed2-4633-a627-802226ca248d,2,648.426555
2026/02/04/13:35:44,running-time,rs-000357-jbdst,9ef05199-8ed2-4633-a627-802226ca248d,2,648.426555
2026/02/04/13:35:44,apply-time,rs-000357-lj964,0e8a1fe6-25a0-422a-b94a-43eafd3be0aa,2,647.426555
2026/02/04/13:35:44,running-time,rs-000357-lj964,0e8a1fe6-25a0-422a-b94a-43eafd3be0aa,2,647.426555
2026/02/04/13:35:44,apply-time,rs-000358-4jgdt,8dae1bdd-eac4-4efe-a7b0-3c559bdb3a98,2,647.426555
2026/02/04/13:35:44,running-time,rs-000358-4jgdt,8dae1bdd-eac4-4efe-a7b0-3c559bdb3a98,2,647.426555
2026/02/04/13:35:44,apply-time,rs-000358-kdpx9,034db42b-88b3-4a84-af48-8e1b82bd5e82,2,648.426555
2026/02/04/13:35:44,running-time,rs-000358-kdpx9,034db42b-88b3-4a84-af48-8e1b82bd5e82,2,648.426555
2026/02/04/13:35:44,apply-time,rs-000359-88g4b,a5c37d1b-e534-4251-8f59-65078e2ecc1f,1,648.426555
2026/02/04/13:35:44,apply-time,rs-000359-fn8fx,9fb9d9f1-09f1-43ba-8dfb-843ba954839e,1,648.426555
2026/02/04/13:35:44,apply-time,rs-000359-tzznf,cdea932a-4676-4276-95da-7886031bf624,1,648.426555
2026/02/04/13:35:45,running-time,rs-000352-nlhcb,79ebec1f-9fd3-4105-b034-ab28e085b715,1,649.426555
2026/02/04/13:35:45,running-time,rs-000359-fn8fx,9fb9d9f1-09f1-43ba-8dfb-843ba954839e,1,649.426555
2026/02/04/13:35:45,running-time,rs-000359-tzznf,cdea932a-4676-4276-95da-7886031bf624,1,648.426555
2026/02/04/13:35:46,running-time,rs-000352-w886b,f908b567-281e-4c64-beb0-27eaaee769c0,1,650.426555
2026/02/04/13:35:46,running-time,rs-000359-88g4b,a5c37d1b-e534-4251-8f59-65078e2ecc1f,1,650.426555
2026/02/04/13:35:53,running-time,rs-000352-jrct4,0057fc4f-e46f-4430-9aa1-92ba9acb46fa,1,657.426555
2026/02/04/13:35:56,apply-time,rs-000360-4h945,208a6ce3-3935-4242-9341-a17ae6c443d9,3,660.426555
2026/02/04/13:35:56,running-time,rs-000360-4h945,208a6ce3-3935-4242-9341-a17ae6c443d9,3,660.426555
2026/02/04/13:35:56,apply-time,rs-000360-mpbrr,c737a1b0-af14-49ee-9409-d65f8f17724f,3,660.426555
2026/02/04/13:35:56,apply-time,rs-000361-n5mgn,974bde36-a450-43f9-ab9f-e8236360935c,3,660.426555
2026/02/04/13:35:56,apply-time,rs-000361-s7rjz,fa6a8e26-7c6f-4110-a9d0-67b6c6029161,3,660.426555
2026/02/04/13:35:56,apply-time,rs-000362-m2lhj,e2566783-c5a0-4674-80f2-fe4b83354e0b,2,660.426555
2026/02/04/13:35:56,apply-time,rs-000363-mfw6z,cf4be84b-f8f5-46d2-9aeb-6416c958ebd0,3,660.426555
2026/02/04/13:35:56,running-time,rs-000363-mfw6z,cf4be84b-f8f5-46d2-9aeb-6416c958ebd0,3,660.426555
2026/02/04/13:35:56,apply-time,rs-000364-2pnb8,2c796603-7083-4dc5-bc84-dedef714d02a,2,660.426555
2026/02/04/13:35:56,running-time,rs-000364-2pnb8,2c796603-7083-4dc5-bc84-dedef714d02a,2,660.426555
2026/02/04/13:35:56,apply-time,rs-000364-77rnv,045bee76-7881-4e86-b503-1359b1aac122,2,660.426555
2026/02/04/13:35:56,running-time,rs-000364-77rnv,045bee76-7881-4e86-b503-1359b1aac122,2,660.426555
2026/02/04/13:35:56,apply-time,rs-000364-bs94l,10dbc629-f085-4184-9374-a1d3848df1b3,2,660.426555
2026/02/04/13:35:56,apply-time,rs-000365-pdmgg,73bea567-962e-48cb-8eef-4789ec9a2f16,4,660.426555
2026/02/04/13:35:56,running-time,rs-000365-pdmgg,73bea567-962e-48cb-8eef-4789ec9a2f16,4,660.426555
2026/02/04/13:35:56,apply-time,rs-000366-95g4f,c1717533-6c9b-477f-9225-e01957b8fcf7,2,660.426555
2026/02/04/13:35:56,apply-time,rs-000367-rbkbz,b50fadc0-a8ba-4b24-8581-26fd06ee961a,4,660.426555
2026/02/04/13:35:56,running-time,rs-000367-rbkbz,b50fadc0-a8ba-4b24-8581-26fd06ee961a,4,660.426555
2026/02/04/13:35:57,apply-time,rs-000365-d6vnr,669c7c67-dcb2-41ae-9f81-f5a0650f9007,4,660.426555
2026/02/04/13:35:57,apply-time,rs-000365-m4cbn,e3a04bf9-0aa8-4f36-bc7c-d5c9e9d43a8f,4,660.426555
2026/02/04/13:35:57,apply-time,rs-000367-44cf6,a502b56f-8aa8-42df-a04d-8a076c0f828a,4,660.426555
2026/02/04/13:35:57,running-time,rs-000367-44cf6,a502b56f-8aa8-42df-a04d-8a076c0f828a,4,660.426555
2026/02/04/13:35:57,apply-time,rs-000367-k2cpp,0031abb4-152f-4628-b54a-86b8ec538f88,4,660.426555
2026/02/04/13:35:57,running-time,rs-000367-k2cpp,0031abb4-152f-4628-b54a-86b8ec538f88,4,660.426555
2026/02/04/13:36:00,running-time,rs-000360-mpbrr,c737a1b0-af14-49ee-9409-d65f8f17724f,3,663.426555
2026/02/04/13:36:00,running-time,rs-000365-m4cbn,e3a04bf9-0aa8-4f36-bc7c-d5c9e9d43a8f,4,664.426555
2026/02/04/13:36:01,running-time,rs-000361-s7rjz,fa6a8e26-7c6f-4110-a9d0-67b6c6029161,3,665.426555
2026/02/04/13:36:01,running-time,rs-000365-d6vnr,669c7c67-dcb2-41ae-9f81-f5a0650f9007,4,665.426555
2026/02/04/13:36:01,running-time,rs-000366-95g4f,c1717533-6c9b-477f-9225-e01957b8fcf7,2,665.426555
2026/02/04/13:36:02,running-time,rs-000361-n5mgn,974bde36-a450-43f9-ab9f-e8236360935c,3,666.426555
2026/02/04/13:36:09,apply-time,rs-000368-d8x96,5509415c-999b-4934-bc7d-d4c2dc8abf14,3,673.426555
2026/02/04/13:36:09,running-time,rs-000368-d8x96,5509415c-999b-4934-bc7d-d4c2dc8abf14,3,673.426555
2026/02/04/13:36:09,apply-time,rs-000368-p67pm,623654ca-6903-4c5d-8470-41772eac22e2,3,673.426555
2026/02/04/13:36:09,running-time,rs-000368-p67pm,623654ca-6903-4c5d-8470-41772eac22e2,3,673.426555
2026/02/04/13:36:09,apply-time,rs-000369-qsdlr,2923d1be-1fd0-481b-99d1-e0f1b7605510,3,673.426555
2026/02/04/13:36:09,running-time,rs-000369-qsdlr,2923d1be-1fd0-481b-99d1-e0f1b7605510,3,673.426555
2026/02/04/13:36:09,apply-time,rs-000369-tx7cb,e3812dd4-9689-4125-8088-29d546173265,3,673.426555
2026/02/04/13:36:09,running-time,rs-000369-tx7cb,e3812dd4-9689-4125-8088-29d546173265,3,673.426555
2026/02/04/13:36:28,apply-time,rs-000370-lrmrs,222a6910-1fb6-4615-9a6a-bca4237301cc,4,692.426555
2026/02/04/13:36:28,running-time,rs-000370-lrmrs,222a6910-1fb6-4615-9a6a-bca4237301cc,4,692.426555
2026/02/04/13:36:28,apply-time,rs-000371-28jsv,86d4cf73-3af3-43d1-b11c-2e24d3709c24,3,692.426555
2026/02/04/13:36:28,running-time,rs-000371-28jsv,86d4cf73-3af3-43d1-b11c-2e24d3709c24,3,692.426555
2026/02/04/13:36:28,apply-time,rs-000371-jct8k,9978f5b3-3687-4652-b22d-f01e7a4bce1e,3,692.426555
2026/02/04/13:36:28,running-time,rs-000371-jct8k,9978f5b3-3687-4652-b22d-f01e7a4bce1e,3,692.426555
2026/02/04/13:36:28,apply-time,rs-000371-pdlrm,9a1d48c6-eec0-4dd5-b899-289b8776cbc6,3,692.426555
2026/02/04/13:36:28,running-time,rs-000371-pdlrm,9a1d48c6-eec0-4dd5-b899-289b8776cbc6,3,692.426555
2026/02/04/13:36:31,apply-time,rs-000372-mxdsf,70b5bd42-3441-410f-87f4-b80f077cec7a,2,694.426555
2026/02/04/13:36:31,running-time,rs-000372-mxdsf,70b5bd42-3441-410f-87f4-b80f077cec7a,2,694.426555
2026/02/04/13:36:31,apply-time,rs-000373-dvzsw,eef76f26-da89-40b6-8ed3-6524a9a2c6d3,2,694.426555
2026/02/04/13:36:31,running-time,rs-000373-dvzsw,eef76f26-da89-40b6-8ed3-6524a9a2c6d3,2,695.426555
2026/02/04/13:36:31,apply-time,rs-000373-xvbbq,7f6537f5-304c-4476-b844-5bdd5c5da315,2,694.426555
2026/02/04/13:36:31,running-time,rs-000373-xvbbq,7f6537f5-304c-4476-b844-5bdd5c5da315,2,695.426555
2026/02/04/13:36:31,apply-time,rs-000374-bc4jl,e7ade639-ef21-405b-abfa-e2635c6feac3,4,694.426555
2026/02/04/13:36:31,running-time,rs-000374-bc4jl,e7ade639-ef21-405b-abfa-e2635c6feac3,4,695.426555
2026/02/04/13:36:31,apply-time,rs-000374-zxvfh,7c93a4c7-56ed-4787-8d2a-4d778125c870,4,694.426555
2026/02/04/13:36:31,running-time,rs-000374-zxvfh,7c93a4c7-56ed-4787-8d2a-4d778125c870,4,695.426555
2026/02/04/13:36:31,apply-time,rs-000375-n4vnh,2eedb8ab-c287-4a93-b80d-142423faaa1a,1,695.426555
2026/02/04/13:36:31,running-time,rs-000375-n4vnh,2eedb8ab-c287-4a93-b80d-142423faaa1a,1,695.426555
2026/02/04/13:36:31,apply-time,rs-000375-vdv9v,d49eabe9-d97e-44f7-97f9-8bb4f3b43ac9,1,695.426555
2026/02/04/13:36:31,running-time,rs-000375-vdv9v,d49eabe9-d97e-44f7-97f9-8bb4f3b43ac9,1,695.426555
2026/02/04/13:36:31,apply-time,rs-000376-67dr8,7df1c21c-7d25-4a44-b1ff-667fedad4095,3,695.426555
2026/02/04/13:36:31,running-time,rs-000376-67dr8,7df1c21c-7d25-4a44-b1ff-667fedad4095,3,695.426555
2026/02/04/13:36:31,apply-time,rs-000377-bmdnt,5be41172-5111-4ba1-be4f-e2410f678da0,3,695.426555
2026/02/04/13:36:31,running-time,rs-000377-bmdnt,5be41172-5111-4ba1-be4f-e2410f678da0,3,695.426555
2026/02/04/13:36:31,apply-time,rs-000377-d9tjt,77cc2764-09e5-44ed-bb29-f10f639656f8,3,695.426555
2026/02/04/13:36:31,running-time,rs-000377-d9tjt,77cc2764-09e5-44ed-bb29-f10f639656f8,3,695.426555
2026/02/04/13:36:31,apply-time,rs-000377-n5qs2,84d85be7-d88a-4af1-a85a-f42e995ed7f3,3,695.426555
2026/02/04/13:36:31,running-time,rs-000377-n5qs2,84d85be7-d88a-4af1-a85a-f42e995ed7f3,3,695.426555
2026/02/04/13:36:31,apply-time,rs-000378-b4mhn,15cdabf7-eb37-4893-9f3c-893258c87a9e,1,695.426555
2026/02/04/13:36:31,running-time,rs-000378-b4mhn,15cdabf7-eb37-4893-9f3c-893258c87a9e,1,695.426555
2026/02/04/13:36:31,apply-time,rs-000378-crglv,030f2ec3-1a92-4c0e-b4d3-1205c2c891f8,1,695.426555
2026/02/04/13:36:31,running-time,rs-000378-crglv,030f2ec3-1a92-4c0e-b4d3-1205c2c891f8,1,695.426555
2026/02/04/13:36:31,apply-time,rs-000378-kf7gq,866eaf80-969c-4a7b-b043-14552bad27c3,1,695.426555
2026/02/04/13:36:31,running-time,rs-000378-kf7gq,866eaf80-969c-4a7b-b043-14552bad27c3,1,695.426555
2026/02/04/13:36:32,apply-time,rs-000379-75vdr,535d03fb-e4f3-4e25-ba11-cc2693586ab9,4,695.426555
2026/02/04/13:36:32,running-time,rs-000379-75vdr,535d03fb-e4f3-4e25-ba11-cc2693586ab9,4,695.426555
2026/02/04/13:36:32,apply-time,rs-000380-dm42x,7eb738d4-cc50-4440-9b1f-8c585fc87755,3,696.426555
2026/02/04/13:36:32,running-time,rs-000380-dm42x,7eb738d4-cc50-4440-9b1f-8c585fc87755,3,696.426555
2026/02/04/13:36:32,apply-time,rs-000380-j29dn,bc4e086f-04f5-4e36-8c44-52ce6cd43599,3,695.426555
2026/02/04/13:36:32,running-time,rs-000380-j29dn,bc4e086f-04f5-4e36-8c44-52ce6cd43599,3,695.426555
2026/02/04/13:36:34,apply-time,rs-000381-5qfn6,bcb840f3-60de-47e4-9274-6bfc26d315d1,1,697.426555
2026/02/04/13:36:34,running-time,rs-000381-5qfn6,bcb840f3-60de-47e4-9274-6bfc26d315d1,1,698.426555
2026/02/04/13:36:34,apply-time,rs-000381-blx89,da364310-9a12-4943-8038-9a89d9ce0609,1,697.426555
2026/02/04/13:36:34,running-time,rs-000381-blx89,da364310-9a12-4943-8038-9a89d9ce0609,1,698.426555
2026/02/04/13:36:34,apply-time,rs-000381-mx96z,65501f17-7195-4ed5-a142-967d0943482a,1,697.426555
2026/02/04/13:36:34,running-time,rs-000381-mx96z,65501f17-7195-4ed5-a142-967d0943482a,1,698.426555
2026/02/04/13:36:35,apply-time,rs-000382-vvk5f,edde384f-61ba-496e-a1dc-6547a3e66f94,4,699.426555
2026/02/04/13:36:35,running-time,rs-000382-vvk5f,edde384f-61ba-496e-a1dc-6547a3e66f94,4,699.426555
2026/02/04/13:36:35,apply-time,rs-000383-4j9sx,addb64fb-d73f-488f-a7f6-60682b34cbfb,2,699.426555
2026/02/04/13:36:35,apply-time,rs-000383-bhx85,f7bc9d6e-8236-47e3-adda-c63c10c5140f,2,699.426555
2026/02/04/13:36:35,apply-time,rs-000383-flxjh,47859ca0-0ea0-465f-b449-f88423f73e09,2,699.426555
2026/02/04/13:36:35,apply-time,rs-000384-ckprr,0d553418-8844-4381-bbbe-182ce3d24bc2,1,699.426555
2026/02/04/13:36:35,running-time,rs-000384-ckprr,0d553418-8844-4381-bbbe-182ce3d24bc2,1,699.426555
2026/02/04/13:36:35,apply-time,rs-000384-hm7rp,780c952f-219e-4cfd-9504-72872a2fa1ad,1,699.426555
2026/02/04/13:36:35,apply-time,rs-000385-rccqt,5e2c0281-89d5-4a11-a6e1-09eba443c26e,4,699.426555
2026/02/04/13:36:35,running-time,rs-000385-rccqt,5e2c0281-89d5-4a11-a6e1-09eba443c26e,4,699.426555
2026/02/04/13:36:35,apply-time,rs-000385-xvfrb,247807d2-8941-42a2-8c49-36f62da52b08,4,699.426555
2026/02/04/13:36:35,running-time,rs-000385-xvfrb,247807d2-8941-42a2-8c49-36f62da52b08,4,699.426555
2026/02/04/13:36:39,apply-time,rs-000386-25bv4,30c0b0d7-151b-4ff7-9fe7-95465a79572f,1,703.426555
2026/02/04/13:36:39,running-time,rs-000386-25bv4,30c0b0d7-151b-4ff7-9fe7-95465a79572f,1,703.426555
2026/02/04/13:36:39,apply-time,rs-000387-b9qgd,8c83a12a-927d-47b9-9a46-e651dd82a70d,1,703.426555
2026/02/04/13:36:39,apply-time,rs-000387-tgp4x,f177f6a7-b237-4f35-a07e-c181b027d4da,1,703.426555
2026/02/04/13:36:39,apply-time,rs-000387-z9fpp,545a45e2-b4b8-4927-9be3-ee6bacf778ba,1,703.426555
2026/02/04/13:36:39,apply-time,rs-000388-7slrq,2efeeea7-444a-417c-a0a5-ec72423f9412,3,703.426555
2026/02/04/13:36:39,running-time,rs-000388-7slrq,2efeeea7-444a-417c-a0a5-ec72423f9412,3,703.426555
2026/02/04/13:36:39,apply-time,rs-000388-clbww,291aa314-0eae-48e9-9fb4-524cdb706199,3,703.426555
2026/02/04/13:36:39,running-time,rs-000388-clbww,291aa314-0eae-48e9-9fb4-524cdb706199,3,703.426555
2026/02/04/13:36:39,apply-time,rs-000389-k6kb4,55c74254-496d-4f67-9967-40415706a35a,3,703.426555
2026/02/04/13:36:39,running-time,rs-000389-k6kb4,55c74254-496d-4f67-9967-40415706a35a,3,703.426555
2026/02/04/13:36:39,apply-time,rs-000389-l4x9r,317bfc0f-b4b6-4e47-a0d7-718412183ec2,3,703.426555
2026/02/04/13:36:39,running-time,rs-000389-l4x9r,317bfc0f-b4b6-4e47-a0d7-718412183ec2,3,703.426555
2026/02/04/13:36:43,apply-time,rs-000390-794kv,9bc5b40b-4288-44c8-b392-54c376b60182,4,707.426555
2026/02/04/13:36:44,running-time,rs-000390-794kv,9bc5b40b-4288-44c8-b392-54c376b60182,4,707.426555
2026/02/04/13:36:44,apply-time,rs-000390-jsq69,ee453683-8506-4efc-a237-f7e9154e6d62,4,707.426555
2026/02/04/13:36:44,running-time,rs-000390-jsq69,ee453683-8506-4efc-a237-f7e9154e6d62,4,707.426555
2026/02/04/13:36:44,apply-time,rs-000391-tnbsc,46674a93-20ef-4ff7-8a37-d599266b1ada,1,708.426555
2026/02/04/13:36:44,running-time,rs-000391-tnbsc,46674a93-20ef-4ff7-8a37-d599266b1ada,1,708.426555
2026/02/04/13:36:46,apply-time,rs-000392-vvfgc,21e0536b-0b2f-417d-95a2-e97c7b2f9aea,3,710.426555
2026/02/04/13:36:47,running-time,rs-000392-vvfgc,21e0536b-0b2f-417d-95a2-e97c7b2f9aea,3,710.426555
2026/02/04/13:36:47,apply-time,rs-000393-87bdc,b11ecdb4-da3e-49e2-8144-3a6ef6e28b02,2,710.426555
2026/02/04/13:36:47,running-time,rs-000393-87bdc,b11ecdb4-da3e-49e2-8144-3a6ef6e28b02,2,710.426555
2026/02/04/13:36:47,apply-time,rs-000393-n7gc9,465a3bbf-8fcb-4f6f-80d4-24972c6096ee,2,710.426555
2026/02/04/13:36:47,running-time,rs-000393-n7gc9,465a3bbf-8fcb-4f6f-80d4-24972c6096ee,2,710.426555
2026/02/04/13:36:47,apply-time,rs-000394-zfctm,5b84d39c-fec9-4390-a5f9-56c96e229002,3,710.426555
2026/02/04/13:36:47,running-time,rs-000394-zfctm,5b84d39c-fec9-4390-a5f9-56c96e229002,3,710.426555
2026/02/04/13:36:47,apply-time,rs-000395-67dkp,9012fb36-ed7b-4e09-a628-de924088d3ea,1,710.426555
2026/02/04/13:36:47,running-time,rs-000395-67dkp,9012fb36-ed7b-4e09-a628-de924088d3ea,1,710.426555
2026/02/04/13:36:47,apply-time,rs-000396-hsr6x,5c7cbf81-2812-4aa2-a6e4-568376ad6984,4,710.426555
2026/02/04/13:36:47,running-time,rs-000396-hsr6x,5c7cbf81-2812-4aa2-a6e4-568376ad6984,4,710.426555
2026/02/04/13:36:47,apply-time,rs-000396-t2wfl,66c65d4d-cfee-43a3-aa57-c54e4a866b87,4,710.426555
2026/02/04/13:36:47,running-time,rs-000396-t2wfl,66c65d4d-cfee-43a3-aa57-c54e4a866b87,4,710.426555
2026/02/04/13:36:47,apply-time,rs-000396-wdcrw,545c7c2c-0bd6-41d9-b47f-8801f02b670c,4,710.426555
2026/02/04/13:36:47,running-time,rs-000396-wdcrw,545c7c2c-0bd6-41d9-b47f-8801f02b670c,4,710.426555
2026/02/04/13:36:47,apply-time,rs-000397-fbhz6,fd932172-b1c9-4b4e-ab31-ef2cdde823bb,4,711.426555
2026/02/04/13:36:47,running-time,rs-000397-fbhz6,fd932172-b1c9-4b4e-ab31-ef2cdde823bb,4,711.426555
2026/02/04/13:36:47,apply-time,rs-000399-rxh5z,30921dbb-bbe5-4955-b064-3c6cf4efa28e,2,711.426555
2026/02/04/13:36:47,running-time,rs-000399-rxh5z,30921dbb-bbe5-4955-b064-3c6cf4efa28e,2,711.426555
2026/02/04/13:36:47,apply-time,rs-000399-s8hs8,1345c663-a3c2-41de-ac2c-e50cc8aa386b,2,711.426555
2026/02/04/13:36:47,running-time,rs-000399-s8hs8,1345c663-a3c2-41de-ac2c-e50cc8aa386b,2,711.426555
2026/02/04/13:36:47,apply-time,rs-000399-tlkgx,33a0b360-4608-4461-8f6b-9d251e2461ec,2,711.426555
2026/02/04/13:36:47,running-time,rs-000399-tlkgx,33a0b360-4608-4461-8f6b-9d251e2461ec,2,711.426555
2026/02/04/13:36:47,apply-time,rs-000400-r69vn,c7b05636-f45c-4cec-9f56-426b1fd64e7e,2,711.426555
2026/02/04/13:36:47,running-time,rs-000400-r69vn,c7b05636-f45c-4cec-9f56-426b1fd64e7e,2,711.426555
2026/02/04/13:36:47,apply-time,rs-000400-zcrqx,97294104-02a5-4f53-b5f8-fd74c0bc8cfc,2,711.426555
2026/02/04/13:36:47,running-time,rs-000400-zcrqx,97294104-02a5-4f53-b5f8-fd74c0bc8cfc,2,711.426555
2026/02/04/13:36:47,apply-time,rs-000401-8kxxk,b979f582-7300-442e-82c0-1a12bbb6bce9,4,711.426555
2026/02/04/13:36:47,running-time,rs-000401-8kxxk,b979f582-7300-442e-82c0-1a12bbb6bce9,4,711.426555
2026/02/04/13:36:47,apply-time,rs-000401-rk474,cd61775e-ed63-479f-a833-f2ed3a01b4d5,4,711.426555
2026/02/04/13:36:47,running-time,rs-000401-rk474,cd61775e-ed63-479f-a833-f2ed3a01b4d5,4,711.426555
2026/02/04/13:36:47,apply-time,rs-000401-zxm8w,d9d55597-c7cc-4a42-b278-d413306a07e7,4,711.426555
2026/02/04/13:36:47,running-time,rs-000401-zxm8w,d9d55597-c7cc-4a42-b278-d413306a07e7,4,711.426555
2026/02/04/13:36:48,apply-time,rs-000398-2867m,d018c499-7d0f-47c4-babb-f5484841943f,4,711.426555
2026/02/04/13:36:48,running-time,rs-000398-2867m,d018c499-7d0f-47c4-babb-f5484841943f,4,711.426555
2026/02/04/13:36:48,apply-time,rs-000402-2fhll,ceb00b74-7295-493a-9ea5-444e659b6cb5,1,711.426555
2026/02/04/13:36:48,running-time,rs-000402-2fhll,ceb00b74-7295-493a-9ea5-444e659b6cb5,1,711.426555
2026/02/04/13:36:48,apply-time,rs-000402-dv4z8,42983b20-e3a6-4f60-a3ea-be29326b7876,1,712.426555
2026/02/04/13:36:48,running-time,rs-000402-dv4z8,42983b20-e3a6-4f60-a3ea-be29326b7876,1,712.426555
2026/02/04/13:36:48,apply-time,rs-000403-jmpzt,c4a51f32-1f48-46c5-823b-31d8da94d097,1,712.426555
2026/02/04/13:36:48,running-time,rs-000403-jmpzt,c4a51f32-1f48-46c5-823b-31d8da94d097,1,712.426555
2026/02/04/13:36:55,apply-time,rs-000404-kj8pq,a9a88f2a-3016-47a8-9b2f-ff039df569e8,3,718.426555
2026/02/04/13:36:55,running-time,rs-000404-kj8pq,a9a88f2a-3016-47a8-9b2f-ff039df569e8,3,719.426555
2026/02/04/13:37:01,apply-time,rs-000405-5g775,7e33d7e0-1e79-4038-9378-1c4e30533c3e,3,725.426555
2026/02/04/13:37:01,running-time,rs-000405-5g775,7e33d7e0-1e79-4038-9378-1c4e30533c3e,3,725.426555
2026/02/04/13:37:01,apply-time,rs-000405-dmrv6,4c2c67b9-9aab-424a-a4df-3bc2374c9844,3,725.426555
2026/02/04/13:37:01,running-time,rs-000405-dmrv6,4c2c67b9-9aab-424a-a4df-3bc2374c9844,3,725.426555
2026/02/04/13:37:01,apply-time,rs-000405-lwdb7,91684c3d-5ad9-4e27-8c70-904fbe352a49,3,725.426555
2026/02/04/13:37:01,running-time,rs-000405-lwdb7,91684c3d-5ad9-4e27-8c70-904fbe352a49,3,725.426555
2026/02/04/13:37:01,apply-time,rs-000406-4gd9t,c9b4a61d-b570-4f90-8d3e-9ff1248cb9f6,2,725.426555
2026/02/04/13:37:01,running-time,rs-000406-4gd9t,c9b4a61d-b570-4f90-8d3e-9ff1248cb9f6,2,725.426555
2026/02/04/13:37:01,apply-time,rs-000406-h4klb,6389decc-44e2-4a41-a75a-075128ef3399,2,725.426555
2026/02/04/13:37:01,running-time,rs-000406-h4klb,6389decc-44e2-4a41-a75a-075128ef3399,2,725.426555
2026/02/04/13:37:01,apply-time,rs-000406-h4qhj,561c4b54-7a8b-41a1-ad33-1ed86a06758c,2,725.426555
2026/02/04/13:37:01,running-time,rs-000406-h4qhj,561c4b54-7a8b-41a1-ad33-1ed86a06758c,2,725.426555
2026/02/04/13:37:01,apply-time,rs-000407-c8x7m,5b558ca8-a96a-4569-b7bb-f446bbbf1830,2,725.426555
2026/02/04/13:37:01,running-time,rs-000407-c8x7m,5b558ca8-a96a-4569-b7bb-f446bbbf1830,2,725.426555
2026/02/04/13:37:01,apply-time,rs-000407-pxrqz,9a991de7-a833-46e7-b996-c0b7ef1dbc31,2,725.426555
2026/02/04/13:37:01,running-time,rs-000407-pxrqz,9a991de7-a833-46e7-b996-c0b7ef1dbc31,2,725.426555
2026/02/04/13:37:01,apply-time,rs-000407-rlvxx,7e674f95-4a60-489d-a6df-ecb4b4c9191d,2,725.426555
2026/02/04/13:37:01,running-time,rs-000407-rlvxx,7e674f95-4a60-489d-a6df-ecb4b4c9191d,2,725.426555
2026/02/04/13:37:01,apply-time,rs-000408-frn9t,47c36f01-3745-4db6-be4e-aae829b7ad31,2,725.426555
2026/02/04/13:37:01,running-time,rs-000408-frn9t,47c36f01-3745-4db6-be4e-aae829b7ad31,2,725.426555
2026/02/04/13:37:01,apply-time,rs-000409-95gwr,19517bda-e945-4087-a612-3b0beb1de86f,1,725.426555
2026/02/04/13:37:01,running-time,rs-000409-95gwr,19517bda-e945-4087-a612-3b0beb1de86f,1,725.426555
2026/02/04/13:37:02,apply-time,rs-000408-dkmzw,e5cd0bda-34c6-4995-b7de-2f6fe70f4372,2,725.426555
2026/02/04/13:37:02,running-time,rs-000408-dkmzw,e5cd0bda-34c6-4995-b7de-2f6fe70f4372,2,725.426555
2026/02/04/13:37:02,apply-time,rs-000408-v9q22,4a3c9157-84f5-4d7f-8a86-33fe5473d252,2,725.426555
2026/02/04/13:37:02,running-time,rs-000408-v9q22,4a3c9157-84f5-4d7f-8a86-33fe5473d252,2,725.426555
2026/02/04/13:37:02,apply-time,rs-000410-m52rj,3b097ea7-b35a-4ddf-af3a-c9a15bd67dc6,1,726.426555
2026/02/04/13:37:04,apply-time,rs-000411-49d4d,21c08d86-7f3a-42dd-8697-4acfb945d147,2,727.426555
2026/02/04/13:37:04,running-time,rs-000411-49d4d,21c08d86-7f3a-42dd-8697-4acfb945d147,2,727.426555
2026/02/04/13:37:04,apply-time,rs-000411-dtmwc,09dc52ef-4624-4897-9d92-4f50f010c057,2,727.426555
2026/02/04/13:37:04,running-time,rs-000411-dtmwc,09dc52ef-4624-4897-9d92-4f50f010c057,2,727.426555
2026/02/04/13:37:04,apply-time,rs-000412-2lqqq,a6189a19-3afd-46a6-b825-864e70ffd4ff,3,727.426555
2026/02/04/13:37:04,running-time,rs-000412-2lqqq,a6189a19-3afd-46a6-b825-864e70ffd4ff,3,727.426555
2026/02/04/13:37:04,apply-time,rs-000412-fkm29,b6453dee-3218-4e41-a4ae-d5892a4e419c,3,727.426555
2026/02/04/13:37:04,running-time,rs-000412-fkm29,b6453dee-3218-4e41-a4ae-d5892a4e419c,3,727.426555
2026/02/04/13:37:04,apply-time,rs-000412-rn87t,d56affa5-6103-41ec-a717-dcdea609ac16,3,727.426555
2026/02/04/13:37:04,running-time,rs-000412-rn87t,d56affa5-6103-41ec-a717-dcdea609ac16,3,727.426555
2026/02/04/13:37:04,apply-time,rs-000413-5zg58,6d5f552f-82dc-49dd-ab70-250f23215d9e,1,728.426555
2026/02/04/13:37:04,running-time,rs-000413-5zg58,6d5f552f-82dc-49dd-ab70-250f23215d9e,1,728.426555
2026/02/04/13:37:04,apply-time,rs-000413-86mmp,947c3673-81b9-43fb-a022-68ed81afe4f0,1,728.426555
2026/02/04/13:37:04,running-time,rs-000413-86mmp,947c3673-81b9-43fb-a022-68ed81afe4f0,1,728.426555
2026/02/04/13:37:04,apply-time,rs-000414-8dj8f,467046f3-f847-48a6-aad8-8411676f0d40,3,728.426555
2026/02/04/13:37:04,running-time,rs-000414-8dj8f,467046f3-f847-48a6-aad8-8411676f0d40,3,728.426555
2026/02/04/13:37:21,apply-time,rs-000415-22flq,d6002ac8-d26e-406e-b10f-0afbe4c63d5b,1,745.426555
2026/02/04/13:37:21,running-time,rs-000415-22flq,d6002ac8-d26e-406e-b10f-0afbe4c63d5b,1,745.426555
2026/02/04/13:37:21,apply-time,rs-000415-nqr4w,b84690a6-67d6-4ae4-9634-10e58198b93d,1,745.426555
2026/02/04/13:37:21,running-time,rs-000415-nqr4w,b84690a6-67d6-4ae4-9634-10e58198b93d,1,745.426555
2026/02/04/13:37:21,apply-time,rs-000416-4nr7m,72283b9c-c18b-4058-b6cc-245486e7bc21,3,745.426555
2026/02/04/13:37:21,running-time,rs-000416-4nr7m,72283b9c-c18b-4058-b6cc-245486e7bc21,3,745.426555
2026/02/04/13:37:21,apply-time,rs-000416-7m7rh,b432e022-f9be-4e71-8601-387afbf0f589,3,745.426555
2026/02/04/13:37:21,running-time,rs-000416-7m7rh,b432e022-f9be-4e71-8601-387afbf0f589,3,745.426555
2026/02/04/13:37:21,apply-time,rs-000416-qkq6c,5405051d-77d5-49f9-9a00-cdee875f840b,3,745.426555
2026/02/04/13:37:21,running-time,rs-000416-qkq6c,5405051d-77d5-49f9-9a00-cdee875f840b,3,745.426555
2026/02/04/13:37:25,apply-time,rs-000417-lgj2v,f441aa33-d21c-49ee-b89b-2c1132522b7e,3,749.426555
2026/02/04/13:37:25,running-time,rs-000417-lgj2v,f441aa33-d21c-49ee-b89b-2c1132522b7e,3,749.426555
2026/02/04/13:37:25,apply-time,rs-000417-mkzw5,d7bbe89e-7283-45cd-8280-38870dae89af,3,749.426555
2026/02/04/13:37:25,running-time,rs-000417-mkzw5,d7bbe89e-7283-45cd-8280-38870dae89af,3,749.426555
2026/02/04/13:37:25,apply-time,rs-000418-h6phb,03afcdb1-09b5-4ac2-b725-e07eb2d28d28,1,749.426555
2026/02/04/13:37:25,running-time,rs-000418-h6phb,03afcdb1-09b5-4ac2-b725-e07eb2d28d28,1,749.426555
2026/02/04/13:37:25,apply-time,rs-000419-f5w4f,66ac7888-d572-49f6-aaa3-19e68edecdbb,3,749.426555
2026/02/04/13:37:25,running-time,rs-000419-f5w4f,66ac7888-d572-49f6-aaa3-19e68edecdbb,3,749.426555
2026/02/04/13:37:25,apply-time,rs-000419-gk22k,9b12daa3-ca0a-4655-9a76-22019e9115ab,3,749.426555
2026/02/04/13:37:25,running-time,rs-000419-gk22k,9b12daa3-ca0a-4655-9a76-22019e9115ab,3,749.426555
2026/02/04/13:37:25,apply-time,rs-000419-wrlq9,e09b7349-35d5-4382-89d1-b568f5f9c15e,3,749.426555
2026/02/04/13:37:25,running-time,rs-000419-wrlq9,e09b7349-35d5-4382-89d1-b568f5f9c15e,3,749.426555
2026/02/04/13:37:41,apply-time,rs-000420-5b8k7,49200431-8e62-4f94-8f9a-89d76ae9e63d,3,765.426555
2026/02/04/13:37:41,running-time,rs-000420-5b8k7,49200431-8e62-4f94-8f9a-89d76ae9e63d,3,765.426555
2026/02/04/13:37:41,apply-time,rs-000420-9dttk,788de4b4-41f7-4f39-a5b6-5df145948123,3,765.426555
2026/02/04/13:37:41,running-time,rs-000420-9dttk,788de4b4-41f7-4f39-a5b6-5df145948123,3,765.426555
2026/02/04/13:37:41,apply-time,rs-000420-mct8q,dc244a30-6153-4c55-90a9-e6a47eb913b3,3,765.426555
2026/02/04/13:37:41,running-time,rs-000420-mct8q,dc244a30-6153-4c55-90a9-e6a47eb913b3,3,765.426555
2026/02/04/13:37:41,apply-time,rs-000421-6xccf,885018cf-fd80-4739-b814-51d0d128b305,4,765.426555
2026/02/04/13:37:41,running-time,rs-000421-6xccf,885018cf-fd80-4739-b814-51d0d128b305,4,765.426555
2026/02/04/13:37:42,apply-time,rs-000422-5bwv2,e6d4c5f8-55fe-4f25-b808-476fa27288f8,3,766.426555
2026/02/04/13:37:42,running-time,rs-000422-5bwv2,e6d4c5f8-55fe-4f25-b808-476fa27288f8,3,766.426555
2026/02/04/13:37:42,apply-time,rs-000422-qnwtw,19abb158-ee87-4f75-9d10-3e8a5d843745,3,766.426555
2026/02/04/13:37:42,running-time,rs-000422-qnwtw,19abb158-ee87-4f75-9d10-3e8a5d843745,3,766.426555
2026/02/04/13:37:42,apply-time,rs-000423-8vjgv,da3b2358-4680-4565-bd64-30551112a2ee,4,766.426555
2026/02/04/13:37:42,running-time,rs-000423-8vjgv,da3b2358-4680-4565-bd64-30551112a2ee,4,766.426555
2026/02/04/13:37:42,apply-time,rs-000423-rjbzr,ac75c9ba-c3f0-49f3-853c-da85ff218fd2,4,766.426555
2026/02/04/13:37:42,running-time,rs-000423-rjbzr,ac75c9ba-c3f0-49f3-853c-da85ff218fd2,4,766.426555
2026/02/04/13:37:47,apply-time,rs-000424-ggq7b,ccb48f39-62fb-40ce-b37a-ad188d977108,3,771.426555
2026/02/04/13:37:47,running-time,rs-000424-ggq7b,ccb48f39-62fb-40ce-b37a-ad188d977108,3,771.426555
2026/02/04/13:37:47,apply-time,rs-000424-n9cjb,d7671b78-7e0a-41bb-bda7-d7513714480d,3,771.426555
2026/02/04/13:37:47,running-time,rs-000424-n9cjb,d7671b78-7e0a-41bb-bda7-d7513714480d,3,771.426555
2026/02/04/13:37:47,apply-time,rs-000425-7g9gb,f7d3787d-ad3c-4311-82a6-69500d020a95,1,771.426555
2026/02/04/13:37:47,running-time,rs-000425-7g9gb,f7d3787d-ad3c-4311-82a6-69500d020a95,1,771.426555
2026/02/04/13:37:49,apply-time,rs-000426-f8pw4,9cc47caf-ab7e-408c-9254-0f0be931e02d,2,772.426555
2026/02/04/13:37:49,apply-time,rs-000426-mmgt4,6bbfb90e-c9a5-42ae-9b6a-91ce994022b8,2,772.426555
2026/02/04/13:37:49,apply-time,rs-000426-pnnkn,a8c63846-6adb-4b47-ab3e-b1bd578f0a5c,2,772.426555
2026/02/04/13:37:49,apply-time,rs-000427-wfgkx,dc20f764-8cea-4b11-86e5-2fdccc88e3c8,1,773.426555
2026/02/04/13:37:49,running-time,rs-000427-wfgkx,dc20f764-8cea-4b11-86e5-2fdccc88e3c8,1,773.426555
2026/02/04/13:37:49,apply-time,rs-000428-9pbqb,aaaf4212-8722-4ab5-af02-7c33bf01b558,2,773.426555
2026/02/04/13:37:49,running-time,rs-000428-9pbqb,aaaf4212-8722-4ab5-af02-7c33bf01b558,2,773.426555
2026/02/04/13:37:49,apply-time,rs-000428-d77fq,52c55429-d1af-4bb1-b886-21ccbcf0d28e,2,773.426555
2026/02/04/13:37:49,running-time,rs-000428-d77fq,52c55429-d1af-4bb1-b886-21ccbcf0d28e,2,773.426555
2026/02/04/13:37:49,apply-time,rs-000429-kn26v,c30a7bd3-73c9-4454-b320-f8056dc465e3,4,773.426555
2026/02/04/13:37:49,running-time,rs-000429-kn26v,c30a7bd3-73c9-4454-b320-f8056dc465e3,4,773.426555
2026/02/04/13:37:49,apply-time,rs-000430-xcn7z,bf52be55-95e7-4ef4-a60b-704fa54f4571,3,773.426555
2026/02/04/13:37:50,apply-time,rs-000431-bm6fm,20f5a1af-7548-4925-bff0-27be106243a1,4,774.426555
2026/02/04/13:37:50,running-time,rs-000431-bm6fm,20f5a1af-7548-4925-bff0-27be106243a1,4,774.426555
2026/02/04/13:37:50,apply-time,rs-000432-hkflh,e028e0d2-1871-419b-b54d-df8431db27a8,4,774.426555
2026/02/04/13:37:50,running-time,rs-000432-hkflh,e028e0d2-1871-419b-b54d-df8431db27a8,4,774.426555
2026/02/04/13:37:50,apply-time,rs-000433-hmdl6,b715fbb6-6edc-40cd-b7ac-52ef963f9c53,1,774.426555
2026/02/04/13:37:50,running-time,rs-000433-hmdl6,b715fbb6-6edc-40cd-b7ac-52ef963f9c53,1,774.426555
2026/02/04/13:37:50,apply-time,rs-000433-nzbrw,b2ae613e-f3ff-4afc-8dac-5c383897a8ee,1,774.426555
2026/02/04/13:37:50,running-time,rs-000433-nzbrw,b2ae613e-f3ff-4afc-8dac-5c383897a8ee,1,774.426555
2026/02/04/13:37:50,apply-time,rs-000433-slqh6,34ec7d48-1b76-4b58-887a-a0de1da8270c,1,774.426555
2026/02/04/13:37:50,running-time,rs-000433-slqh6,34ec7d48-1b76-4b58-887a-a0de1da8270c,1,774.426555
2026/02/04/13:37:50,apply-time,rs-000434-9n47p,ec2af08f-5126-4b0c-b6e6-f557eb08520c,2,774.426555
2026/02/04/13:37:50,running-time,rs-000434-9n47p,ec2af08f-5126-4b0c-b6e6-f557eb08520c,2,774.426555
2026/02/04/13:37:50,apply-time,rs-000434-g46g5,f1d38a43-355b-4f12-98b3-09a6970fbe0d,2,774.426555
2026/02/04/13:37:50,running-time,rs-000434-g46g5,f1d38a43-355b-4f12-98b3-09a6970fbe0d,2,774.426555
2026/02/04/13:37:50,apply-time,rs-000435-4x6m8,27328a18-c54e-4f8b-b83f-71d6225ef8e7,1,774.426555
2026/02/04/13:37:50,running-time,rs-000435-4x6m8,27328a18-c54e-4f8b-b83f-71d6225ef8e7,1,774.426555
2026/02/04/13:37:50,apply-time,rs-000435-sbpsv,f836f19a-7b81-4558-8fac-6cabf1b53936,1,774.426555
2026/02/04/13:37:50,running-time,rs-000435-sbpsv,f836f19a-7b81-4558-8fac-6cabf1b53936,1,774.426555
2026/02/04/13:37:50,apply-time,rs-000436-s9llq,2dee9fec-eeac-4992-afa1-1e6617e4fba7,1,774.426555
2026/02/04/13:37:51,apply-time,rs-000437-jwhhh,f56436ca-fb3d-4923-9428-6f2312a50aeb,3,775.426555
2026/02/04/13:37:51,running-time,rs-000437-jwhhh,f56436ca-fb3d-4923-9428-6f2312a50aeb,3,775.426555
2026/02/04/13:37:51,apply-time,rs-000437-qs5z2,943b851b-b3fb-4627-acf0-a06865a9995e,3,775.426555
2026/02/04/13:37:51,running-time,rs-000437-qs5z2,943b851b-b3fb-4627-acf0-a06865a9995e,3,775.426555
2026/02/04/13:37:51,apply-time,rs-000438-p9d9r,cdd511eb-2266-4c7f-b20c-97730cdafb00,2,775.426555
2026/02/04/13:37:51,running-time,rs-000438-p9d9r,cdd511eb-2266-4c7f-b20c-97730cdafb00,2,775.426555
2026/02/04/13:37:51,apply-time,rs-000438-stv2f,58093126-4aa0-416f-b183-06bdfffbfaff,2,775.426555
2026/02/04/13:37:51,running-time,rs-000438-stv2f,58093126-4aa0-416f-b183-06bdfffbfaff,2,775.426555
2026/02/04/13:37:51,apply-time,rs-000439-4xf27,ba02422c-f869-4e75-94ce-422effe3b281,1,775.426555
2026/02/04/13:37:51,apply-time,rs-000439-8zmsv,5f6c492a-7ee3-4935-bf21-33ccf7578e15,1,775.426555
2026/02/04/13:37:51,running-time,rs-000439-8zmsv,5f6c492a-7ee3-4935-bf21-33ccf7578e15,1,775.426555
2026/02/04/13:37:51,apply-time,rs-000439-xbrdc,48607c71-3e64-47f6-9e16-535ecf6ab964,1,775.426555
2026/02/04/13:37:51,running-time,rs-000439-xbrdc,48607c71-3e64-47f6-9e16-535ecf6ab964,1,775.426555
2026/02/04/13:37:52,running-time,rs-000439-4xf27,ba02422c-f869-4e75-94ce-422effe3b281,1,775.426555
2026/02/04/13:37:52,apply-time,rs-000440-mfccp,0251d62b-e7bc-4813-b4f4-25db12b2cf02,2,776.426555
2026/02/04/13:37:52,running-time,rs-000440-mfccp,0251d62b-e7bc-4813-b4f4-25db12b2cf02,2,776.426555
2026/02/04/13:37:52,apply-time,rs-000440-pncws,88a9956e-2d0b-46fc-9901-7f6468b23d89,2,775.426555
2026/02/04/13:37:52,running-time,rs-000440-pncws,88a9956e-2d0b-46fc-9901-7f6468b23d89,2,775.426555
2026/02/04/13:37:52,apply-time,rs-000440-t92g7,948e2236-d5df-41c7-b785-1b1e3ebfa460,2,776.426555
2026/02/04/13:37:52,running-time,rs-000440-t92g7,948e2236-d5df-41c7-b785-1b1e3ebfa460,2,776.426555
2026/02/04/13:37:52,apply-time,rs-000441-dlhl5,699e0eee-bef1-4a6f-a1ee-6c75e725f6a1,1,776.426555
2026/02/04/13:37:52,running-time,rs-000441-dlhl5,699e0eee-bef1-4a6f-a1ee-6c75e725f6a1,1,776.426555
2026/02/04/13:37:52,apply-time,rs-000442-bwtwz,67545fb0-62e5-44c0-af75-91061daf5664,2,776.426555
2026/02/04/13:37:52,running-time,rs-000442-bwtwz,67545fb0-62e5-44c0-af75-91061daf5664,2,776.426555
2026/02/04/13:37:52,apply-time,rs-000442-p5jsc,5bde4cb4-4349-4433-bc18-ce1d165c95e8,2,776.426555
2026/02/04/13:37:52,running-time,rs-000442-p5jsc,5bde4cb4-4349-4433-bc18-ce1d165c95e8,2,776.426555
2026/02/04/13:37:52,apply-time,rs-000443-7x4h4,cc9e4049-1df1-45be-b4c8-740851c7a646,3,776.426555
2026/02/04/13:37:52,apply-time,rs-000443-mr6x8,46aaf293-5abb-4180-8e6c-6ee2ff7e5ac2,3,776.426555
2026/02/04/13:37:52,running-time,rs-000443-mr6x8,46aaf293-5abb-4180-8e6c-6ee2ff7e5ac2,3,776.426555
2026/02/04/13:37:52,apply-time,rs-000444-vl2gn,aa7e4006-82f4-4b27-aa60-18e6174bc827,1,776.426555
2026/02/04/13:37:52,running-time,rs-000444-vl2gn,aa7e4006-82f4-4b27-aa60-18e6174bc827,1,776.426555
2026/02/04/13:37:55,running-time,rs-000436-s9llq,2dee9fec-eeac-4992-afa1-1e6617e4fba7,1,778.426555
2026/02/04/13:37:59,apply-time,rs-000445-xfkv2,78931bf5-b67c-4a76-9c34-9600d820dbea,4,783.426555
2026/02/04/13:38:00,apply-time,rs-000445-j2rl6,d20defae-63d3-4b95-8af4-af3560c7d618,4,783.426555
2026/02/04/13:38:00,running-time,rs-000445-j2rl6,d20defae-63d3-4b95-8af4-af3560c7d618,4,783.426555
2026/02/04/13:38:00,running-time,rs-000445-xfkv2,78931bf5-b67c-4a76-9c34-9600d820dbea,4,783.426555
2026/02/04/13:38:00,apply-time,rs-000446-w92l2,eeb7839b-3ea6-4a6d-9626-86924d49e551,1,784.426555
2026/02/04/13:38:00,running-time,rs-000446-w92l2,eeb7839b-3ea6-4a6d-9626-86924d49e551,1,784.426555
2026/02/04/13:38:00,apply-time,rs-000447-fxz9q,4d5c0a9e-29a0-4d76-86ec-a072c3a6330c,2,784.426555
2026/02/04/13:38:00,running-time,rs-000447-fxz9q,4d5c0a9e-29a0-4d76-86ec-a072c3a6330c,2,784.426555
2026/02/04/13:38:00,apply-time,rs-000447-kxg5b,ece5ee0a-e772-4bf0-b973-d79358f270ac,2,784.426555
2026/02/04/13:38:00,running-time,rs-000447-kxg5b,ece5ee0a-e772-4bf0-b973-d79358f270ac,2,784.426555
2026/02/04/13:38:00,apply-time,rs-000447-lgjx7,9abcd558-d358-4610-9f29-b9481a843e1a,2,784.426555
2026/02/04/13:38:00,running-time,rs-000447-lgjx7,9abcd558-d358-4610-9f29-b9481a843e1a,2,784.426555
2026/02/04/13:38:00,apply-time,rs-000448-zv9n8,d8f768c5-89f3-4853-879d-ada3d49180ea,1,784.426555
2026/02/04/13:38:00,running-time,rs-000448-zv9n8,d8f768c5-89f3-4853-879d-ada3d49180ea,1,784.426555
2026/02/04/13:38:04,apply-time,rs-000449-xkhld,a3d1562f-7d1f-4c0e-9e22-a226e8efc4b1,3,788.426555
2026/02/04/13:38:04,running-time,rs-000449-xkhld,a3d1562f-7d1f-4c0e-9e22-a226e8efc4b1,3,788.426555
2026/02/04/13:38:04,apply-time,rs-000450-gggpm,2360c46c-d1a2-4291-9842-a6570d747d73,4,788.426555
2026/02/04/13:38:04,running-time,rs-000450-gggpm,2360c46c-d1a2-4291-9842-a6570d747d73,4,788.426555
2026/02/04/13:38:04,apply-time,rs-000451-g5scz,133237a1-6e24-4e33-a0a3-3005f8cd9757,4,788.426555
2026/02/04/13:38:04,apply-time,rs-000451-lslfs,e073b208-d252-4f08-8240-01e4ad93d85d,4,788.426555
2026/02/04/13:38:04,running-time,rs-000451-lslfs,e073b208-d252-4f08-8240-01e4ad93d85d,4,788.426555
2026/02/04/13:38:04,apply-time,rs-000452-h8z75,a5c4a072-da5e-4875-ba07-414479ce6f65,1,788.426555
2026/02/04/13:38:04,running-time,rs-000452-h8z75,a5c4a072-da5e-4875-ba07-414479ce6f65,1,788.426555
2026/02/04/13:38:04,apply-time,rs-000452-qmgld,a58bcf28-3cc3-4701-83b8-52f458893b4d,1,788.426555
2026/02/04/13:38:04,running-time,rs-000452-qmgld,a58bcf28-3cc3-4701-83b8-52f458893b4d,1,788.426555
2026/02/04/13:38:04,apply-time,rs-000452-strxq,167004c5-6fde-43d9-bb9f-0d274e952031,1,788.426555
2026/02/04/13:38:04,running-time,rs-000452-strxq,167004c5-6fde-43d9-bb9f-0d274e952031,1,788.426555
2026/02/04/13:38:04,apply-time,rs-000453-k5c4l,07491797-d730-4fa4-8f31-3f45ebd2c1ad,2,788.426555
2026/02/04/13:38:04,running-time,rs-000453-k5c4l,07491797-d730-4fa4-8f31-3f45ebd2c1ad,2,788.426555
2026/02/04/13:38:04,apply-time,rs-000454-vnlcd,5e59c8ea-c7f8-4dba-bc54-36da8c84cfad,1,788.426555
2026/02/04/13:38:04,running-time,rs-000454-vnlcd,5e59c8ea-c7f8-4dba-bc54-36da8c84cfad,1,788.426555
2026/02/04/13:38:04,apply-time,rs-000455-8mdsn,da743eb1-56dd-4cac-911b-b0d5a2ad5aa3,4,788.426555
2026/02/04/13:38:04,running-time,rs-000455-8mdsn,da743eb1-56dd-4cac-911b-b0d5a2ad5aa3,4,788.426555
2026/02/04/13:38:04,apply-time,rs-000455-vw5q8,314811c0-91ad-4cc1-a0aa-041e2cf32391,4,788.426555
2026/02/04/13:38:04,running-time,rs-000455-vw5q8,314811c0-91ad-4cc1-a0aa-041e2cf32391,4,788.426555
2026/02/04/13:38:04,apply-time,rs-000455-wv4lb,b9d68f55-26fd-4d5a-be0f-35fd21f99439,4,788.426555
2026/02/04/13:38:04,running-time,rs-000455-wv4lb,b9d68f55-26fd-4d5a-be0f-35fd21f99439,4,788.426555
2026/02/04/13:38:04,apply-time,rs-000456-g9hdd,112cf034-4d32-45dd-b960-adcc8851f07b,1,788.426555
2026/02/04/13:38:04,apply-time,rs-000456-xdl6l,92e10f3a-4e59-4954-96d5-5bf274051826,1,788.426555
2026/02/04/13:38:04,running-time,rs-000456-xdl6l,92e10f3a-4e59-4954-96d5-5bf274051826,1,788.426555
2026/02/04/13:38:04,apply-time,rs-000457-pztm7,2d1d3fb9-418f-4e2c-83a0-802c28436912,3,788.426555
2026/02/04/13:38:04,running-time,rs-000457-pztm7,2d1d3fb9-418f-4e2c-83a0-802c28436912,3,788.426555
2026/02/04/13:38:04,apply-time,rs-000458-j4gz7,673fec53-f2a3-47ed-9c9f-e5ca009fd02e,1,788.426555
2026/02/04/13:38:04,running-time,rs-000458-j4gz7,673fec53-f2a3-47ed-9c9f-e5ca009fd02e,1,788.426555
2026/02/04/13:38:05,running-time,rs-000456-g9hdd,112cf034-4d32-45dd-b960-adcc8851f07b,1,788.426555
2026/02/04/13:38:05,apply-time,rs-000458-cv9nx,b40d3e2a-049e-493e-b975-add2f2030c4f,1,788.426555
2026/02/04/13:38:05,running-time,rs-000458-cv9nx,b40d3e2a-049e-493e-b975-add2f2030c4f,1,788.426555
2026/02/04/13:38:05,apply-time,rs-000459-gb5dr,9c81b08c-0af5-4d46-ad62-ef5afb4e4a4e,1,789.426555
2026/02/04/13:38:05,apply-time,rs-000459-hn2wt,bfb7c252-9638-490b-b2b7-415b9b10501e,1,789.426555
2026/02/04/13:38:05,running-time,rs-000459-hn2wt,bfb7c252-9638-490b-b2b7-415b9b10501e,1,789.426555
2026/02/04/13:38:05,apply-time,rs-000460-lxgg6,83f1aa67-6cf8-4ac3-8367-a89cd4ee9b6a,4,789.426555
2026/02/04/13:38:05,running-time,rs-000460-lxgg6,83f1aa67-6cf8-4ac3-8367-a89cd4ee9b6a,4,789.426555
2026/02/04/13:38:05,apply-time,rs-000460-v94kg,e09e537a-b453-449c-8a00-972ab64d01c2,4,789.426555
2026/02/04/13:38:05,running-time,rs-000460-v94kg,e09e537a-b453-449c-8a00-972ab64d01c2,4,789.426555
2026/02/04/13:38:05,apply-time,rs-000461-6p4zp,7b5ff688-5528-4e9e-a178-f286dbe33ccc,1,789.426555
2026/02/04/13:38:05,apply-time,rs-000461-mdf68,8e7c8bee-a00e-4395-8cff-9eb5848d2405,1,789.426555
2026/02/04/13:38:06,apply-time,rs-000462-pblkq,e80a4d75-82fd-4154-81ca-dc87c01a32ac,4,790.426555
2026/02/04/13:38:06,running-time,rs-000462-pblkq,e80a4d75-82fd-4154-81ca-dc87c01a32ac,4,790.426555
2026/02/04/13:38:06,apply-time,rs-000462-zljlq,0f6f457a-4862-47cb-a886-3943363e251e,4,790.426555
2026/02/04/13:38:06,running-time,rs-000462-zljlq,0f6f457a-4862-47cb-a886-3943363e251e,4,790.426555
2026/02/04/13:38:06,apply-time,rs-000463-w22s9,419a4929-253b-45f3-bf6a-c779db5a59fe,2,790.426555
2026/02/04/13:38:06,running-time,rs-000463-w22s9,419a4929-253b-45f3-bf6a-c779db5a59fe,2,790.426555
2026/02/04/13:38:06,apply-time,rs-000464-9s562,891d8256-f982-4459-a890-65640c2acb1f,4,790.426555
2026/02/04/13:38:06,running-time,rs-000464-9s562,891d8256-f982-4459-a890-65640c2acb1f,4,790.426555
2026/02/04/13:38:06,apply-time,rs-000464-b8qhp,6158e884-e096-4ec4-98e3-96add1e2c83b,4,790.426555
2026/02/04/13:38:06,running-time,rs-000464-b8qhp,6158e884-e096-4ec4-98e3-96add1e2c83b,4,790.426555
2026/02/04/13:38:06,apply-time,rs-000464-qbp5s,b337ba0c-1ccc-4be8-afeb-18b10dc22c87,4,790.426555
2026/02/04/13:38:06,running-time,rs-000464-qbp5s,b337ba0c-1ccc-4be8-afeb-18b10dc22c87,4,790.426555
2026/02/04/13:38:07,running-time,rs-000461-6p4zp,7b5ff688-5528-4e9e-a178-f286dbe33ccc,1,791.426555
2026/02/04/13:38:07,running-time,rs-000461-mdf68,8e7c8bee-a00e-4395-8cff-9eb5848d2405,1,791.426555
2026/02/04/13:38:11,apply-time,rs-000465-44rb5,c9e318f8-4bb2-442c-9dde-8a2fc80226d2,3,795.426555
2026/02/04/13:38:11,running-time,rs-000465-44rb5,c9e318f8-4bb2-442c-9dde-8a2fc80226d2,3,795.426555
2026/02/04/13:38:11,apply-time,rs-000465-8wx52,950c164a-169a-4536-9105-7edc0dbf03f7,3,795.426555
2026/02/04/13:38:11,running-time,rs-000465-8wx52,950c164a-169a-4536-9105-7edc0dbf03f7,3,795.426555
2026/02/04/13:38:11,apply-time,rs-000465-x8rgt,5a5d593b-b033-469d-bca9-94c751f15115,3,795.426555
2026/02/04/13:38:11,running-time,rs-000465-x8rgt,5a5d593b-b033-469d-bca9-94c751f15115,3,795.426555
2026/02/04/13:38:11,apply-time,rs-000466-p2jrq,558da7d4-8c08-4d92-890c-8fde7898f529,4,795.426555
2026/02/04/13:38:11,running-time,rs-000466-p2jrq,558da7d4-8c08-4d92-890c-8fde7898f529,4,795.426555
2026/02/04/13:38:18,apply-time,rs-000467-pbq8f,c4852f13-7719-4f6f-909a-c8720d5e117b,3,802.426555
2026/02/04/13:38:18,running-time,rs-000467-pbq8f,c4852f13-7719-4f6f-909a-c8720d5e117b,3,802.426555
2026/02/04/13:38:18,apply-time,rs-000467-wbp87,9d87db09-2364-4308-a674-4f8d980757ba,3,802.426555
2026/02/04/13:38:18,running-time,rs-000467-wbp87,9d87db09-2364-4308-a674-4f8d980757ba,3,802.426555
2026/02/04/13:38:18,apply-time,rs-000467-zdt4x,746b70ec-e354-4b6f-9ad1-0bd757b2f8ee,3,802.426555
2026/02/04/13:38:18,running-time,rs-000467-zdt4x,746b70ec-e354-4b6f-9ad1-0bd757b2f8ee,3,802.426555
2026/02/04/13:38:18,apply-time,rs-000468-hkpwt,bc78c488-e744-4264-8109-55ad64a5cb38,2,802.426555
2026/02/04/13:38:18,running-time,rs-000468-hkpwt,bc78c488-e744-4264-8109-55ad64a5cb38,2,802.426555
2026/02/04/13:38:18,apply-time,rs-000468-lhldn,cb33c65b-7f3e-4115-ac7f-e7a6fbadb3e5,2,802.426555
2026/02/04/13:38:18,running-time,rs-000468-lhldn,cb33c65b-7f3e-4115-ac7f-e7a6fbadb3e5,2,802.426555
2026/02/04/13:38:18,apply-time,rs-000469-76hbv,9af5c5ed-c0b7-4e7d-9cf4-0f26607803b5,3,802.426555
2026/02/04/13:38:18,running-time,rs-000469-76hbv,9af5c5ed-c0b7-4e7d-9cf4-0f26607803b5,3,802.426555
2026/02/04/13:38:18,apply-time,rs-000469-x7hx7,c2b6ecc2-0079-45bc-9f9d-588ebb6b7d29,3,802.426555
2026/02/04/13:38:18,running-time,rs-000469-x7hx7,c2b6ecc2-0079-45bc-9f9d-588ebb6b7d29,3,802.426555
2026/02/04/13:38:19,apply-time,rs-000470-c6c5b,3d674a36-dd01-4a17-add3-bf89d32c3663,3,803.426555
2026/02/04/13:38:19,running-time,rs-000470-c6c5b,3d674a36-dd01-4a17-add3-bf89d32c3663,3,803.426555
2026/02/04/13:38:19,apply-time,rs-000471-fqmsg,22a2156f-282d-4486-81a3-c804d28a6783,2,803.426555
2026/02/04/13:38:19,running-time,rs-000471-fqmsg,22a2156f-282d-4486-81a3-c804d28a6783,2,803.426555
2026/02/04/13:38:19,apply-time,rs-000472-bmdn7,d89d27db-3edd-48c3-b5fa-afe0e823d124,3,803.426555
2026/02/04/13:38:19,running-time,rs-000472-bmdn7,d89d27db-3edd-48c3-b5fa-afe0e823d124,3,803.426555
2026/02/04/13:38:19,apply-time,rs-000472-lwc64,a8d1e2b4-47b8-4501-8c20-c1bbcf3ee8a3,3,803.426555
2026/02/04/13:38:19,running-time,rs-000472-lwc64,a8d1e2b4-47b8-4501-8c20-c1bbcf3ee8a3,3,803.426555
2026/02/04/13:38:19,apply-time,rs-000472-mgh62,48ccaf61-48bf-4689-837a-346b4c92a425,3,803.426555
2026/02/04/13:38:19,running-time,rs-000472-mgh62,48ccaf61-48bf-4689-837a-346b4c92a425,3,803.426555
2026/02/04/13:38:22,apply-time,rs-000473-92676,6ecaefe2-b316-473a-8808-e2649e835e51,4,806.426555
2026/02/04/13:38:22,running-time,rs-000473-92676,6ecaefe2-b316-473a-8808-e2649e835e51,4,806.426555
2026/02/04/13:38:22,apply-time,rs-000473-m6hq9,db07d10b-2c17-471e-b0cf-686f8056d669,4,806.426555
2026/02/04/13:38:22,running-time,rs-000473-m6hq9,db07d10b-2c17-471e-b0cf-686f8056d669,4,806.426555
2026/02/04/13:38:22,apply-time,rs-000474-9m2b5,5621d6e5-48fc-4d7d-96d7-712227989f22,2,806.426555
2026/02/04/13:38:22,running-time,rs-000474-9m2b5,5621d6e5-48fc-4d7d-96d7-712227989f22,2,806.426555
2026/02/04/13:38:22,apply-time,rs-000474-cnmv2,eb214da2-cfe4-47ab-82d6-645768f25aaf,2,806.426555
2026/02/04/13:38:22,running-time,rs-000474-cnmv2,eb214da2-cfe4-47ab-82d6-645768f25aaf,2,806.426555
2026/02/04/13:38:22,apply-time,rs-000474-fg5xf,cd9afccf-fde2-48a2-b3f9-f6d74ce172bc,2,806.426555
2026/02/04/13:38:22,running-time,rs-000474-fg5xf,cd9afccf-fde2-48a2-b3f9-f6d74ce172bc,2,806.426555
2026/02/04/13:38:22,apply-time,rs-000475-k8zdc,17bff51c-22b6-4c14-971d-65b541aa5099,1,806.426555
2026/02/04/13:38:22,running-time,rs-000475-k8zdc,17bff51c-22b6-4c14-971d-65b541aa5099,1,806.426555
2026/02/04/13:38:22,apply-time,rs-000475-sjjmh,1ad0b2a8-88bd-4c8e-ad82-f111675ee89d,1,806.426555
2026/02/04/13:38:22,running-time,rs-000475-sjjmh,1ad0b2a8-88bd-4c8e-ad82-f111675ee89d,1,806.426555
2026/02/04/13:38:22,apply-time,rs-000475-v9l96,f0c270cb-8af8-4dab-b2b0-aec276fff193,1,806.426555
2026/02/04/13:38:22,running-time,rs-000475-v9l96,f0c270cb-8af8-4dab-b2b0-aec276fff193,1,806.426555
2026/02/04/13:38:23,apply-time,rs-000476-rdwn8,150fc859-3094-45af-94d9-22bd028c8d6d,4,807.426555
2026/02/04/13:38:23,running-time,rs-000476-rdwn8,150fc859-3094-45af-94d9-22bd028c8d6d,4,807.426555
2026/02/04/13:38:23,apply-time,rs-000477-v5k6c,e4fc23f7-94d4-43f7-b999-e7f5d9e434fb,2,807.426555
2026/02/04/13:38:23,running-time,rs-000477-v5k6c,e4fc23f7-94d4-43f7-b999-e7f5d9e434fb,2,807.426555
2026/02/04/13:38:28,apply-time,rs-000478-6gg9t,7e4aa924-eb5e-406c-bee7-98a8c031fd3e,4,812.426555
2026/02/04/13:38:28,running-time,rs-000478-6gg9t,7e4aa924-eb5e-406c-bee7-98a8c031fd3e,4,812.426555
2026/02/04/13:38:28,apply-time,rs-000478-djxkq,7bef0d85-31fe-4004-aa2c-7e9dcf9e44ce,4,812.426555
2026/02/04/13:38:28,running-time,rs-000478-djxkq,7bef0d85-31fe-4004-aa2c-7e9dcf9e44ce,4,812.426555
2026/02/04/13:38:28,apply-time,rs-000478-wlgv2,069c0610-a8a7-4ef0-85c3-ff60d1cecf77,4,812.426555
2026/02/04/13:38:28,running-time,rs-000478-wlgv2,069c0610-a8a7-4ef0-85c3-ff60d1cecf77,4,812.426555
2026/02/04/13:38:29,apply-time,rs-000479-9pvlr,a9eb1e6d-a4d8-4680-9bd9-d4c2c4796c09,2,813.426555
2026/02/04/13:38:29,running-time,rs-000479-9pvlr,a9eb1e6d-a4d8-4680-9bd9-d4c2c4796c09,2,813.426555
2026/02/04/13:38:29,apply-time,rs-000479-knfmv,c7d4bf04-f335-4bd9-a947-d5feaef53cf2,2,813.426555
2026/02/04/13:38:29,running-time,rs-000479-knfmv,c7d4bf04-f335-4bd9-a947-d5feaef53cf2,2,813.426555
2026/02/04/13:38:29,apply-time,rs-000479-rhhb9,6c41b5d5-9108-45e6-ad42-017d00090c3a,2,813.426555
2026/02/04/13:38:29,running-time,rs-000479-rhhb9,6c41b5d5-9108-45e6-ad42-017d00090c3a,2,813.426555
2026/02/04/13:38:31,apply-time,rs-000480-n9wvs,9fcb89b9-7554-49ed-b2d2-6748baf959f5,3,815.426555
2026/02/04/13:38:31,running-time,rs-000480-n9wvs,9fcb89b9-7554-49ed-b2d2-6748baf959f5,3,815.426555
2026/02/04/13:38:31,apply-time,rs-000481-4cfhk,fcfdab35-4afa-4416-979f-57f5b90e7958,2,815.426555
2026/02/04/13:38:33,running-time,rs-000481-4cfhk,fcfdab35-4afa-4416-979f-57f5b90e7958,2,816.426555
2026/02/04/13:38:38,apply-time,rs-000482-d4l8p,f9c022f0-bcfb-473d-93bc-6b5093d03027,1,822.426555
2026/02/04/13:38:38,running-time,rs-000482-d4l8p,f9c022f0-bcfb-473d-93bc-6b5093d03027,1,822.426555
2026/02/04/13:38:38,apply-time,rs-000482-kmb2g,7abb2c83-3c6c-436a-a216-779019b35c0d,1,822.426555
2026/02/04/13:38:38,running-time,rs-000482-kmb2g,7abb2c83-3c6c-436a-a216-779019b35c0d,1,822.426555
2026/02/04/13:38:38,apply-time,rs-000483-2595x,55ad8824-3f77-48ec-b781-63cfd8dd6099,2,822.426555
2026/02/04/13:38:38,running-time,rs-000483-2595x,55ad8824-3f77-48ec-b781-63cfd8dd6099,2,822.426555
2026/02/04/13:38:38,apply-time,rs-000483-p5w5r,a8fab58c-5e8c-4da9-91a9-ee994f0ed208,2,822.426555
2026/02/04/13:38:38,running-time,rs-000483-p5w5r,a8fab58c-5e8c-4da9-91a9-ee994f0ed208,2,822.426555
2026/02/04/13:38:38,apply-time,rs-000484-jzzl9,cc258ba3-8abd-4de6-8d5e-950575ee4560,3,822.426555
2026/02/04/13:38:38,running-time,rs-000484-jzzl9,cc258ba3-8abd-4de6-8d5e-950575ee4560,3,822.426555
2026/02/04/13:38:38,apply-time,rs-000484-rv2wk,29df293a-803b-493b-938b-e0502761dfab,3,822.426555
2026/02/04/13:38:38,apply-time,rs-000485-d4rbp,bc10f73a-82ae-4e89-8487-bf042749c5fc,3,822.426555
2026/02/04/13:38:38,running-time,rs-000485-d4rbp,bc10f73a-82ae-4e89-8487-bf042749c5fc,3,822.426555
2026/02/04/13:38:38,apply-time,rs-000485-jxb8v,f61e87ac-f831-4138-8cab-551417ff5016,3,822.426555
2026/02/04/13:38:38,running-time,rs-000485-jxb8v,f61e87ac-f831-4138-8cab-551417ff5016,3,822.426555
2026/02/04/13:38:39,apply-time,rs-000486-wbfs7,b2b1e43d-38cc-4bf6-aa86-9b33a6b8ab14,3,823.426555
2026/02/04/13:38:39,running-time,rs-000486-wbfs7,b2b1e43d-38cc-4bf6-aa86-9b33a6b8ab14,3,823.426555
2026/02/04/13:38:40,apply-time,rs-000487-nh8vp,88b8366e-581b-46b4-b59d-e811a42d33ae,1,824.426555
2026/02/04/13:38:40,apply-time,rs-000488-4qsx9,f3d6c5d9-b361-4071-9d27-f6f30857ce0b,2,824.426555
2026/02/04/13:38:40,apply-time,rs-000488-xjh7b,46a0c6cc-505d-441d-919b-6dc70e70b8a6,2,824.426555
2026/02/04/13:38:40,running-time,rs-000488-xjh7b,46a0c6cc-505d-441d-919b-6dc70e70b8a6,2,824.426555
2026/02/04/13:38:41,running-time,rs-000487-nh8vp,88b8366e-581b-46b4-b59d-e811a42d33ae,1,824.426555
2026/02/04/13:38:41,running-time,rs-000488-4qsx9,f3d6c5d9-b361-4071-9d27-f6f30857ce0b,2,824.426555
2026/02/04/13:38:47,running-time,rs-000484-rv2wk,29df293a-803b-493b-938b-e0502761dfab,3,831.426555
2026/02/04/13:38:52,apply-time,rs-000489-nmtdc,eadb43da-2253-443d-8e2b-421ffa18b70b,2,836.426555
2026/02/04/13:38:52,running-time,rs-000489-nmtdc,eadb43da-2253-443d-8e2b-421ffa18b70b,2,836.426555
2026/02/04/13:38:52,apply-time,rs-000490-c5jw8,7a954e0f-3bcd-41cd-9e91-602cb32c19ba,3,836.426555
2026/02/04/13:38:52,running-time,rs-000490-c5jw8,7a954e0f-3bcd-41cd-9e91-602cb32c19ba,3,836.426555
2026/02/04/13:38:52,apply-time,rs-000491-5hslx,ca390642-f921-453f-8822-93bb0a384d32,3,836.426555
2026/02/04/13:38:52,running-time,rs-000491-5hslx,ca390642-f921-453f-8822-93bb0a384d32,3,836.426555
2026/02/04/13:38:52,apply-time,rs-000491-lr48q,df8a68b5-e81b-4271-b320-3901c16c50df,3,836.426555
2026/02/04/13:38:52,running-time,rs-000491-lr48q,df8a68b5-e81b-4271-b320-3901c16c50df,3,836.426555
2026/02/04/13:38:52,apply-time,rs-000491-nvmb7,14607698-867f-4917-8b26-9b48ca556a74,3,836.426555
2026/02/04/13:38:52,running-time,rs-000491-nvmb7,14607698-867f-4917-8b26-9b48ca556a74,3,836.426555
2026/02/04/13:38:52,apply-time,rs-000492-z7jmw,4b111837-7c4e-47a7-a8c9-45e7367e00bf,4,836.426555
2026/02/04/13:38:52,apply-time,rs-000493-7wvwk,9b1fd6c3-2126-4c4e-8870-8427304dc4e3,4,836.426555
2026/02/04/13:38:52,apply-time,rs-000493-htgd4,25e236da-8a18-40d4-a991-de63c3b563a6,4,836.426555
2026/02/04/13:38:53,running-time,rs-000493-7wvwk,9b1fd6c3-2126-4c4e-8870-8427304dc4e3,4,836.426555
2026/02/04/13:38:53,running-time,rs-000493-htgd4,25e236da-8a18-40d4-a991-de63c3b563a6,4,836.426555
2026/02/04/13:38:53,apply-time,rs-000494-kwvmg,867239ba-7c9f-4cbe-bd76-c39e18ed927e,1,837.426555
2026/02/04/13:38:53,running-time,rs-000494-kwvmg,867239ba-7c9f-4cbe-bd76-c39e18ed927e,1,837.426555
2026/02/04/13:38:53,apply-time,rs-000494-lbz6k,d6a258a8-fabb-45aa-88a5-a16843700d48,1,837.426555
2026/02/04/13:38:53,running-time,rs-000494-lbz6k,d6a258a8-fabb-45aa-88a5-a16843700d48,1,837.426555
2026/02/04/13:38:53,apply-time,rs-000494-mv4cq,923ec195-0e10-47fa-b71d-37bc68e122a6,1,837.426555
2026/02/04/13:38:53,running-time,rs-000494-mv4cq,923ec195-0e10-47fa-b71d-37bc68e122a6,1,837.426555
2026/02/04/13:38:53,apply-time,rs-000495-7qdv5,7b7b76ae-0d96-4c3e-9e48-3a327958c607,1,837.426555
2026/02/04/13:38:53,running-time,rs-000495-7qdv5,7b7b76ae-0d96-4c3e-9e48-3a327958c607,1,837.426555
2026/02/04/13:38:53,apply-time,rs-000495-fr757,f0ed060c-26c3-4f89-8cba-ae844bab66a0,1,837.426555
2026/02/04/13:38:53,running-time,rs-000495-fr757,f0ed060c-26c3-4f89-8cba-ae844bab66a0,1,837.426555
2026/02/04/13:38:53,apply-time,rs-000495-jbjb9,d2fe92f9-35b5-4e6a-93b5-bfa78245e459,1,837.426555
2026/02/04/13:38:53,running-time,rs-000495-jbjb9,d2fe92f9-35b5-4e6a-93b5-bfa78245e459,1,837.426555
2026/02/04/13:39:16,apply-time,rs-000496-lgbr2,f0fedea8-8f6d-467c-a04c-e882df7fbab1,2,860.426555
2026/02/04/13:39:16,running-time,rs-000496-lgbr2,f0fedea8-8f6d-467c-a04c-e882df7fbab1,2,860.426555
2026/02/04/13:39:16,apply-time,rs-000497-nvxqk,68e4ddfb-b67c-46d8-801d-d8ed460ba670,1,860.426555
2026/02/04/13:39:16,running-time,rs-000497-nvxqk,68e4ddfb-b67c-46d8-801d-d8ed460ba670,1,860.426555
2026/02/04/13:39:16,apply-time,rs-000498-bv8nb,e36c2243-f715-4a77-bce3-005124c05ec3,3,860.426555
2026/02/04/13:39:16,running-time,rs-000498-bv8nb,e36c2243-f715-4a77-bce3-005124c05ec3,3,860.426555
2026/02/04/13:39:16,apply-time,rs-000498-m2q7b,26495f6a-ee1c-4166-89c6-f2735ba0a34f,3,860.426555
2026/02/04/13:39:16,running-time,rs-000498-m2q7b,26495f6a-ee1c-4166-89c6-f2735ba0a34f,3,860.426555
2026/02/04/13:39:16,apply-time,rs-000498-z85ff,02350188-c34a-4cd2-a5cb-ba8d49b31eb2,3,860.426555
2026/02/04/13:39:16,running-time,rs-000498-z85ff,02350188-c34a-4cd2-a5cb-ba8d49b31eb2,3,860.426555
2026/02/04/13:39:16,apply-time,rs-000499-69lfn,aead37af-6b2f-4b30-9bc0-eed28ec590fa,2,860.426555
2026/02/04/13:39:16,running-time,rs-000499-69lfn,aead37af-6b2f-4b30-9bc0-eed28ec590fa,2,860.426555
2026/02/04/13:39:16,apply-time,rs-000499-f7tf5,9bf061cf-2d5c-4075-a57c-ed5dcc033168,2,860.426555
2026/02/04/13:39:16,running-time,rs-000499-f7tf5,9bf061cf-2d5c-4075-a57c-ed5dcc033168,2,860.426555
2026/02/04/13:39:17,apply-time,rs-000500-s95n9,5baaeb5b-0ddf-40c1-bb0b-d04778d593b0,1,861.426555
2026/02/04/13:39:17,running-time,rs-000500-s95n9,5baaeb5b-0ddf-40c1-bb0b-d04778d593b0,1,861.426555
2026/02/04/13:39:17,apply-time,rs-000501-8f7cd,6e256625-6dbc-4bee-a9d6-476ddb1aecd5,2,861.426555
2026/02/04/13:39:17,running-time,rs-000501-8f7cd,6e256625-6dbc-4bee-a9d6-476ddb1aecd5,2,861.426555
2026/02/04/13:39:17,apply-time,rs-000502-hnl4c,c2c75d42-af1f-49f1-9c35-333c489f057d,4,861.426555
2026/02/04/13:39:31,apply-time,rs-000503-mjvwf,08a55713-ec96-402d-b914-af13bfcf8feb,1,875.426555
2026/02/04/13:39:31,running-time,rs-000503-mjvwf,08a55713-ec96-402d-b914-af13bfcf8feb,1,875.426555
2026/02/04/13:39:31,apply-time,rs-000504-2mlrf,b4821d7b-a056-429e-894e-e6b5fdc5da5a,1,875.426555
2026/02/04/13:39:31,apply-time,rs-000504-7htrz,b37b9983-4cf4-4084-bd10-c75bae11e950,1,875.426555
2026/02/04/13:39:32,apply-time,rs-000505-jvgkb,bc1901c3-0f52-4eb2-8897-3b8632357651,3,876.426555
2026/02/04/13:39:32,running-time,rs-000505-jvgkb,bc1901c3-0f52-4eb2-8897-3b8632357651,3,876.426555
2026/02/04/13:39:32,apply-time,rs-000506-gcghs,7dc022e5-b64f-4d02-aeb8-7968b7c77b0e,2,876.426555
2026/02/04/13:39:32,apply-time,rs-000506-lwcbp,e9ba3327-2cb9-43af-a90f-90e3ae115a9f,2,876.426555
2026/02/04/13:39:32,apply-time,rs-000506-m4z7t,42e2f470-c370-41bf-981b-227df5b0d4d8,2,876.426555
2026/02/04/13:39:32,running-time,rs-000506-m4z7t,42e2f470-c370-41bf-981b-227df5b0d4d8,2,876.426555
2026/02/04/13:39:32,apply-time,rs-000507-8z7w4,bbfaa3ec-7a61-4123-9a13-1b5b0d38e33b,3,876.426555
2026/02/04/13:39:32,running-time,rs-000507-8z7w4,bbfaa3ec-7a61-4123-9a13-1b5b0d38e33b,3,876.426555
2026/02/04/13:39:35,running-time,rs-000504-2mlrf,b4821d7b-a056-429e-894e-e6b5fdc5da5a,1,879.426555
2026/02/04/13:39:35,running-time,rs-000506-gcghs,7dc022e5-b64f-4d02-aeb8-7968b7c77b0e,2,879.426555
2026/02/04/13:39:35,running-time,rs-000506-lwcbp,e9ba3327-2cb9-43af-a90f-90e3ae115a9f,2,879.426555
2026/02/04/13:39:57,apply-time,rs-000508-6nnmz,c17282b8-44c9-4e3d-a665-dcc12289bc1b,3,901.426555
2026/02/04/13:39:57,running-time,rs-000508-6nnmz,c17282b8-44c9-4e3d-a665-dcc12289bc1b,3,901.426555
2026/02/04/13:39:57,apply-time,rs-000508-bv74m,9e2007ba-a035-4258-902b-d27230d1e0c8,3,901.426555
2026/02/04/13:39:57,running-time,rs-000508-bv74m,9e2007ba-a035-4258-902b-d27230d1e0c8,3,901.426555
2026/02/04/13:39:57,apply-time,rs-000509-2t8qk,9de52338-bfeb-4354-9d22-51ca545962c2,3,901.426555
2026/02/04/13:39:57,running-time,rs-000509-2t8qk,9de52338-bfeb-4354-9d22-51ca545962c2,3,901.426555
2026/02/04/13:39:57,apply-time,rs-000509-64rm6,bec39dd8-09df-4c53-9484-d1c4686920b0,3,901.426555
2026/02/04/13:39:57,running-time,rs-000509-64rm6,bec39dd8-09df-4c53-9484-d1c4686920b0,3,901.426555
2026/02/04/13:39:57,apply-time,rs-000510-mzpjb,2aa0b249-435c-44e9-995e-3eae88c22def,1,901.426555
2026/02/04/13:39:57,running-time,rs-000510-mzpjb,2aa0b249-435c-44e9-995e-3eae88c22def,1,901.426555
2026/02/04/13:39:57,apply-time,rs-000511-v8lmx,b76752b5-6108-4735-b2e7-2cff27683c38,2,901.426555
2026/02/04/13:39:57,running-time,rs-000511-v8lmx,b76752b5-6108-4735-b2e7-2cff27683c38,2,901.426555
2026/02/04/13:39:57,apply-time,rs-000512-6qqfb,7193f7fb-33ad-4e0e-9e7d-7405f7a27176,3,901.426555
2026/02/04/13:39:57,running-time,rs-000512-6qqfb,7193f7fb-33ad-4e0e-9e7d-7405f7a27176,3,901.426555
2026/02/04/13:39:57,apply-time,rs-000512-mpk2b,90d0407b-546a-421c-b900-cc924d74d4fd,3,901.426555
2026/02/04/13:39:57,running-time,rs-000512-mpk2b,90d0407b-546a-421c-b900-cc924d74d4fd,3,901.426555
2026/02/04/13:39:58,apply-time,rs-000513-7tf4b,4322bf85-014f-4322-a36e-2ec250d9ea9c,3,902.426555
2026/02/04/13:39:58,running-time,rs-000513-7tf4b,4322bf85-014f-4322-a36e-2ec250d9ea9c,3,902.426555
2026/02/04/13:39:58,apply-time,rs-000513-dlt57,fd736162-9558-4267-8420-d19b83337485,3,902.426555
2026/02/04/13:39:58,running-time,rs-000513-dlt57,fd736162-9558-4267-8420-d19b83337485,3,902.426555
2026/02/04/13:39:58,apply-time,rs-000514-pngd9,d2d75776-cc43-4077-b83f-f0c339620ed3,4,902.426555
2026/02/04/13:39:58,running-time,rs-000514-pngd9,d2d75776-cc43-4077-b83f-f0c339620ed3,4,902.426555
2026/02/04/13:39:58,apply-time,rs-000515-4n4mb,2fa35f1d-19c6-4462-b3d6-fc06e1928861,3,902.426555
2026/02/04/13:39:58,apply-time,rs-000515-rd4r8,c8710b90-ce16-43e4-9100-ca3c9ef53136,3,902.426555
2026/02/04/13:39:58,running-time,rs-000515-rd4r8,c8710b90-ce16-43e4-9100-ca3c9ef53136,3,902.426555
2026/02/04/13:39:58,apply-time,rs-000516-pt2wr,878b60de-5aed-46e9-ab57-4094a72ef937,1,902.426555
2026/02/04/13:39:58,running-time,rs-000516-pt2wr,878b60de-5aed-46e9-ab57-4094a72ef937,1,902.426555
2026/02/04/13:39:58,apply-time,rs-000516-s8jnw,e7f7ed1c-52aa-4a11-9c78-8b054b79bc08,1,902.426555
2026/02/04/13:39:58,running-time,rs-000516-s8jnw,e7f7ed1c-52aa-4a11-9c78-8b054b79bc08,1,902.426555
2026/02/04/13:39:58,apply-time,rs-000517-fq94d,340a4d90-7e52-4146-9390-f984d863ceb1,2,902.426555
2026/02/04/13:39:58,running-time,rs-000517-fq94d,340a4d90-7e52-4146-9390-f984d863ceb1,2,902.426555
2026/02/04/13:39:58,apply-time,rs-000518-84lxr,00755675-6b09-44fd-9965-4c30c715ecf1,2,902.426555
2026/02/04/13:39:59,running-time,rs-000518-84lxr,00755675-6b09-44fd-9965-4c30c715ecf1,2,903.426555
2026/02/04/13:39:59,apply-time,rs-000518-bmfph,024bd40c-699c-4c6b-b514-c03f9bb4d90b,2,903.426555
2026/02/04/13:39:59,apply-time,rs-000518-xk7h2,6cd03153-171b-4288-8aa6-3e8403caf8dd,2,903.426555
2026/02/04/13:39:59,apply-time,rs-000519-cdk6z,b8bfbb95-41a8-43e9-a2ff-622cd68644c6,3,903.426555
2026/02/04/13:39:59,running-time,rs-000519-cdk6z,b8bfbb95-41a8-43e9-a2ff-622cd68644c6,3,903.426555
2026/02/04/13:39:59,apply-time,rs-000519-ht78s,283554ee-a58f-43cd-a691-7602be825ff5,3,903.426555
2026/02/04/13:39:59,running-time,rs-000519-ht78s,283554ee-a58f-43cd-a691-7602be825ff5,3,903.426555
2026/02/04/13:39:59,apply-time,rs-000519-v79jh,79b6e548-5443-48ef-84b6-513c420a09dc,3,903.426555
2026/02/04/13:39:59,running-time,rs-000519-v79jh,79b6e548-5443-48ef-84b6-513c420a09dc,3,903.426555
2026/02/04/13:40:00,running-time,rs-000515-4n4mb,2fa35f1d-19c6-4462-b3d6-fc06e1928861,3,904.426555
2026/02/04/13:40:03,apply-time,rs-000520-4lfgj,acf79484-7a45-4800-a2e9-491ef7927e69,1,907.426555
2026/02/04/13:40:03,running-time,rs-000520-4lfgj,acf79484-7a45-4800-a2e9-491ef7927e69,1,907.426555
2026/02/04/13:40:03,apply-time,rs-000520-p2h44,1df6e1b1-e6b0-4419-a5c3-3f70bc39ed3f,1,907.426555
2026/02/04/13:40:03,running-time,rs-000520-p2h44,1df6e1b1-e6b0-4419-a5c3-3f70bc39ed3f,1,907.426555
2026/02/04/13:40:03,apply-time,rs-000520-wlxs4,26f46adc-d04d-44be-b747-a2de9f175f33,1,907.426555
2026/02/04/13:40:03,running-time,rs-000520-wlxs4,26f46adc-d04d-44be-b747-a2de9f175f33,1,907.426555
2026/02/04/13:40:14,apply-time,rs-000521-28294,be42d2e7-5d6f-4cec-b7d6-418c6e8b641f,4,918.426555
2026/02/04/13:40:14,apply-time,rs-000521-m5hlf,53891665-9fb8-407f-a153-6855e5fa80ad,4,918.426555
2026/02/04/13:40:14,running-time,rs-000521-m5hlf,53891665-9fb8-407f-a153-6855e5fa80ad,4,918.426555
2026/02/04/13:40:16,running-time,rs-000521-28294,be42d2e7-5d6f-4cec-b7d6-418c6e8b641f,4,920.426555
2026/02/04/13:40:16,apply-time,rs-000522-npdnx,4b162fad-6f4d-4181-a9af-bcdbc9e2fd94,1,920.426555
2026/02/04/13:40:16,running-time,rs-000522-npdnx,4b162fad-6f4d-4181-a9af-bcdbc9e2fd94,1,920.426555
2026/02/04/13:40:25,apply-time,rs-000523-mwbq8,e15d22df-0201-40cb-ae56-cf1161a59794,3,929.426555
2026/02/04/13:40:25,running-time,rs-000523-mwbq8,e15d22df-0201-40cb-ae56-cf1161a59794,3,929.426555
2026/02/04/13:40:25,apply-time,rs-000525-8dg2h,08e1dbcf-f97f-450d-a0c2-bc6d1fd21e68,3,929.426555
2026/02/04/13:40:25,apply-time,rs-000525-qlhmc,502d9f25-7b24-40b7-8d60-0bba73bd8738,3,929.426555
2026/02/04/13:40:25,apply-time,rs-000527-d99jc,63b5d88f-959b-45ad-b462-148939d0837f,1,929.426555
2026/02/04/13:40:25,apply-time,rs-000527-jlv9l,aa9d1bce-6fba-4c6a-9b2c-2b97828e4fd5,1,929.426555
2026/02/04/13:40:25,apply-time,rs-000527-mfvxp,4d6060ae-9a6a-46fc-bd70-e7bab7bb3bcc,1,929.426555
2026/02/04/13:40:26,apply-time,rs-000524-rdgt5,d35649b2-318f-4de2-bc86-37badfb9788c,3,929.426555
2026/02/04/13:40:26,running-time,rs-000524-rdgt5,d35649b2-318f-4de2-bc86-37badfb9788c,3,930.426555
2026/02/04/13:40:26,running-time,rs-000525-8dg2h,08e1dbcf-f97f-450d-a0c2-bc6d1fd21e68,3,929.426555
2026/02/04/13:40:26,running-time,rs-000525-qlhmc,502d9f25-7b24-40b7-8d60-0bba73bd8738,3,929.426555
2026/02/04/13:40:26,apply-time,rs-000526-82nqn,76cb7f94-2453-4b0c-a65f-6266d475c579,2,929.426555
2026/02/04/13:40:26,running-time,rs-000527-d99jc,63b5d88f-959b-45ad-b462-148939d0837f,1,929.426555
2026/02/04/13:40:26,running-time,rs-000527-jlv9l,aa9d1bce-6fba-4c6a-9b2c-2b97828e4fd5,1,929.426555
2026/02/04/13:40:26,running-time,rs-000527-mfvxp,4d6060ae-9a6a-46fc-bd70-e7bab7bb3bcc,1,930.426555
2026/02/04/13:40:26,apply-time,rs-000528-rcv4j,9f3f6c4a-5c69-43c4-b0d3-25454b7c7e51,1,930.426555
2026/02/04/13:40:26,running-time,rs-000528-rcv4j,9f3f6c4a-5c69-43c4-b0d3-25454b7c7e51,1,930.426555
2026/02/04/13:40:26,apply-time,rs-000528-tskrj,2ac84efc-49b2-4599-8419-475096e88e58,1,930.426555
2026/02/04/13:40:26,running-time,rs-000528-tskrj,2ac84efc-49b2-4599-8419-475096e88e58,1,930.426555
2026/02/04/13:40:26,apply-time,rs-000528-z8hc6,bcb8cc10-d6fb-4984-9bca-8a2cf2e80a6e,1,930.426555
2026/02/04/13:40:26,running-time,rs-000528-z8hc6,bcb8cc10-d6fb-4984-9bca-8a2cf2e80a6e,1,930.426555
2026/02/04/13:40:26,apply-time,rs-000529-rnpbx,066b814c-622f-4708-aff9-e53e42153871,1,930.426555
2026/02/04/13:40:26,running-time,rs-000529-rnpbx,066b814c-622f-4708-aff9-e53e42153871,1,930.426555
2026/02/04/13:40:29,running-time,rs-000526-82nqn,76cb7f94-2453-4b0c-a65f-6266d475c579,2,933.426555
2026/02/04/13:40:29,apply-time,rs-000530-mmtkw,6ebf3839-1e3d-4118-a39d-16f28112d1b0,2,933.426555
2026/02/04/13:40:29,running-time,rs-000530-mmtkw,6ebf3839-1e3d-4118-a39d-16f28112d1b0,2,933.426555
2026/02/04/13:40:29,apply-time,rs-000531-jz78z,e3446245-9103-4f49-a614-e1751b129fe4,1,933.426555
2026/02/04/13:40:29,running-time,rs-000531-jz78z,e3446245-9103-4f49-a614-e1751b129fe4,1,933.426555
2026/02/04/13:40:29,apply-time,rs-000531-xkwk4,e208956e-7a4d-483f-ad91-0db62fe36b04,1,933.426555
2026/02/04/13:40:29,running-time,rs-000531-xkwk4,e208956e-7a4d-483f-ad91-0db62fe36b04,1,933.426555
2026/02/04/13:40:29,apply-time,rs-000532-ft92f,2968e2d9-e0b4-4df5-b9cf-4c842590b949,2,933.426555
2026/02/04/13:40:29,apply-time,rs-000532-nnmtr,471f1a8d-a094-4fd7-a0fa-fb658f160f65,2,933.426555
2026/02/04/13:40:29,apply-time,rs-000533-c7scq,e02988f1-b137-4483-bc0b-9c05761c6889,4,933.426555
2026/02/04/13:40:29,running-time,rs-000533-c7scq,e02988f1-b137-4483-bc0b-9c05761c6889,4,933.426555
2026/02/04/13:40:29,apply-time,rs-000533-gmjz7,4780ba29-23ca-448a-9027-617944237f0c,4,933.426555
2026/02/04/13:40:29,running-time,rs-000533-gmjz7,4780ba29-23ca-448a-9027-617944237f0c,4,933.426555
2026/02/04/13:40:36,apply-time,rs-000534-5cw2n,89dcd028-cf75-4f26-8d5a-0dc256d2259b,1,939.426555
2026/02/04/13:40:36,running-time,rs-000534-5cw2n,89dcd028-cf75-4f26-8d5a-0dc256d2259b,1,940.426555
2026/02/04/13:40:36,apply-time,rs-000534-jvtmz,156f2392-9f51-4412-aeb9-d49bcbf38872,1,939.426555
2026/02/04/13:40:36,running-time,rs-000534-jvtmz,156f2392-9f51-4412-aeb9-d49bcbf38872,1,940.426555
2026/02/04/13:40:36,apply-time,rs-000534-n2h8j,1761fab3-c126-445f-b962-6d3d454ee710,1,939.426555
2026/02/04/13:40:36,running-time,rs-000534-n2h8j,1761fab3-c126-445f-b962-6d3d454ee710,1,940.426555
2026/02/04/13:40:36,apply-time,rs-000535-8r78f,e7980cd3-ce55-47dc-8a6c-258ff13e6375,2,939.426555
2026/02/04/13:40:36,running-time,rs-000535-8r78f,e7980cd3-ce55-47dc-8a6c-258ff13e6375,2,940.426555
2026/02/04/13:40:36,apply-time,rs-000535-c2cxs,89dc0e60-40b0-4dcf-9171-c00de6098082,2,939.426555
2026/02/04/13:40:36,running-time,rs-000535-c2cxs,89dc0e60-40b0-4dcf-9171-c00de6098082,2,940.426555
2026/02/04/13:40:36,apply-time,rs-000535-r6rmm,fa9afff4-6a59-408e-a6ee-5262ca65fb06,2,939.426555
2026/02/04/13:40:36,running-time,rs-000535-r6rmm,fa9afff4-6a59-408e-a6ee-5262ca65fb06,2,939.426555
2026/02/04/13:40:37,apply-time,rs-000536-dlpkm,6fa3411c-6961-4dda-869a-b94d17a82be3,2,941.426555
2026/02/04/13:40:37,apply-time,rs-000537-qp2d6,36ad178a-0995-40f3-8874-056f761206c0,2,941.426555
2026/02/04/13:40:37,apply-time,rs-000538-44vlk,3cd73220-7f86-4758-85fa-ba437f1c67be,3,941.426555
2026/02/04/13:40:37,running-time,rs-000538-44vlk,3cd73220-7f86-4758-85fa-ba437f1c67be,3,941.426555
2026/02/04/13:40:37,apply-time,rs-000538-lbm4n,8a73d708-21bc-4c09-808e-283cd41a17f1,3,941.426555
2026/02/04/13:40:37,running-time,rs-000538-lbm4n,8a73d708-21bc-4c09-808e-283cd41a17f1,3,941.426555
2026/02/04/13:40:37,apply-time,rs-000538-vttbl,17d11e57-6ebf-4b95-8128-0cda347e9255,3,941.426555
2026/02/04/13:40:37,running-time,rs-000538-vttbl,17d11e57-6ebf-4b95-8128-0cda347e9255,3,941.426555
2026/02/04/13:40:37,apply-time,rs-000539-d9qmx,2c6bed8d-a9cd-4fd3-bad9-7e07ebdbd825,4,941.426555
2026/02/04/13:40:37,running-time,rs-000539-d9qmx,2c6bed8d-a9cd-4fd3-bad9-7e07ebdbd825,4,941.426555
2026/02/04/13:40:51,apply-time,rs-000433-hc2c7,cb0e058d-f4a6-42de-8880-0b62ce62c181,1,955.426555
2026/02/04/13:40:51,running-time,rs-000433-hc2c7,cb0e058d-f4a6-42de-8880-0b62ce62c181,1,955.426555
2026/02/04/13:40:51,apply-time,rs-000433-mp9w7,c5dfc556-6390-4b66-ba6e-10da3e256244,1,955.426555
2026/02/04/13:40:51,running-time,rs-000433-mp9w7,c5dfc556-6390-4b66-ba6e-10da3e256244,1,955.426555
2026/02/04/13:40:51,running-time,rs-000532-ft92f,2968e2d9-e0b4-4df5-b9cf-4c842590b949,2,955.426555
2026/02/04/13:40:51,running-time,rs-000532-nnmtr,471f1a8d-a094-4fd7-a0fa-fb658f160f65,2,955.426555
2026/02/04/13:40:54,apply-time,rs-000540-bnfnd,9cd874c2-5e71-4d1b-83f2-f1f5cb4b771e,2,958.426555
2026/02/04/13:40:54,running-time,rs-000540-bnfnd,9cd874c2-5e71-4d1b-83f2-f1f5cb4b771e,2,958.426555
2026/02/04/13:40:54,apply-time,rs-000540-pf2xt,bbde853d-c281-4d53-b360-9cf14be353d7,2,958.426555
2026/02/04/13:40:54,running-time,rs-000540-pf2xt,bbde853d-c281-4d53-b360-9cf14be353d7,2,958.426555
2026/02/04/13:40:54,apply-time,rs-000540-wspw9,924aab1a-1f36-4041-b4ca-28705e6b2134,2,958.426555
2026/02/04/13:40:54,running-time,rs-000540-wspw9,924aab1a-1f36-4041-b4ca-28705e6b2134,2,958.426555
2026/02/04/13:40:54,apply-time,rs-000541-mtx6k,e445dbc3-ba93-431f-8b50-37b6b2703e63,4,958.426555
2026/02/04/13:40:54,running-time,rs-000541-mtx6k,e445dbc3-ba93-431f-8b50-37b6b2703e63,4,958.426555
2026/02/04/13:40:55,apply-time,rs-000542-cmvzm,29bc32ef-81eb-42a8-8d59-08a57f270e2b,2,959.426555
2026/02/04/13:40:55,running-time,rs-000542-cmvzm,29bc32ef-81eb-42a8-8d59-08a57f270e2b,2,959.426555
2026/02/04/13:40:56,apply-time,rs-000543-dx64b,0edbd5e4-dbce-40f9-9547-84198b21fd93,3,960.426555
2026/02/04/13:40:56,running-time,rs-000543-dx64b,0edbd5e4-dbce-40f9-9547-84198b21fd93,3,960.426555
2026/02/04/13:40:56,apply-time,rs-000543-k77s5,823e19f5-ec62-4066-a962-3a8fcf323feb,3,960.426555
2026/02/04/13:40:56,running-time,rs-000543-k77s5,823e19f5-ec62-4066-a962-3a8fcf323feb,3,960.426555
2026/02/04/13:40:56,apply-time,rs-000544-2jlt5,95d7a282-04ef-456d-b663-a713a8087a73,2,960.426555
2026/02/04/13:40:56,running-time,rs-000544-2jlt5,95d7a282-04ef-456d-b663-a713a8087a73,2,960.426555
2026/02/04/13:40:56,apply-time,rs-000544-pkqjl,9feccd40-0cea-41d8-9942-9c6eac4b8a70,2,960.426555
2026/02/04/13:40:56,running-time,rs-000544-pkqjl,9feccd40-0cea-41d8-9942-9c6eac4b8a70,2,960.426555
2026/02/04/13:40:56,apply-time,rs-000544-zz2wf,f86ad14d-7181-40f2-9011-80609ef90fbe,2,960.426555
2026/02/04/13:40:56,running-time,rs-000544-zz2wf,f86ad14d-7181-40f2-9011-80609ef90fbe,2,960.426555
2026/02/04/13:40:56,apply-time,rs-000545-967b7,a837f7e8-b390-40a1-a7d1-c2130431479d,2,960.426555
2026/02/04/13:40:56,running-time,rs-000545-967b7,a837f7e8-b390-40a1-a7d1-c2130431479d,2,960.426555
2026/02/04/13:40:56,apply-time,rs-000545-gdqgg,546829e0-b1e0-4f35-97bd-deb6715c0a52,2,960.426555
2026/02/04/13:40:56,running-time,rs-000545-gdqgg,546829e0-b1e0-4f35-97bd-deb6715c0a52,2,960.426555
2026/02/04/13:40:56,apply-time,rs-000545-z5smn,86420b6e-342d-4941-9365-244e15de51aa,2,960.426555
2026/02/04/13:40:56,running-time,rs-000545-z5smn,86420b6e-342d-4941-9365-244e15de51aa,2,960.426555
2026/02/04/13:40:56,apply-time,rs-000546-7cqj8,1dbbddc3-2ee0-4704-907f-13865b69b9b4,1,960.426555
2026/02/04/13:40:56,running-time,rs-000546-7cqj8,1dbbddc3-2ee0-4704-907f-13865b69b9b4,1,960.426555
2026/02/04/13:40:56,apply-time,rs-000547-c4gd6,3e26747d-7afd-449e-98f9-c4a20f658667,3,960.426555
2026/02/04/13:40:56,running-time,rs-000547-c4gd6,3e26747d-7afd-449e-98f9-c4a20f658667,3,960.426555
2026/02/04/13:40:56,apply-time,rs-000547-md8lb,2850db33-1fa6-40fc-a8f8-49ed28197b2f,3,960.426555
2026/02/04/13:40:56,running-time,rs-000547-md8lb,2850db33-1fa6-40fc-a8f8-49ed28197b2f,3,960.426555
2026/02/04/13:40:56,apply-time,rs-000547-qkc58,464d627c-4532-4d33-b87f-c34729c8133a,3,960.426555
2026/02/04/13:40:56,running-time,rs-000547-qkc58,464d627c-4532-4d33-b87f-c34729c8133a,3,960.426555
2026/02/04/13:40:56,apply-time,rs-000548-b4lqk,26d1f289-4457-4ebe-83bb-a71b891ce259,3,960.426555
2026/02/04/13:40:56,apply-time,rs-000548-hj8rl,d470349a-442c-4a44-bdaf-ffaf0f6bdae4,3,960.426555
2026/02/04/13:40:56,apply-time,rs-000548-phkqd,5e5ae17d-8acd-496e-8d91-230f02d95560,3,960.426555
2026/02/04/13:40:57,running-time,rs-000548-phkqd,5e5ae17d-8acd-496e-8d91-230f02d95560,3,961.426555
2026/02/04/13:40:57,apply-time,rs-000549-cc4sd,6d63e235-0348-4234-af9c-0433e22b0625,2,961.426555
2026/02/04/13:40:57,running-time,rs-000549-cc4sd,6d63e235-0348-4234-af9c-0433e22b0625,2,961.426555
2026/02/04/13:40:57,apply-time,rs-000549-cfghd,949d2976-20df-4c1f-9cdf-057e9c1945c3,2,961.426555
2026/02/04/13:40:57,running-time,rs-000549-cfghd,949d2976-20df-4c1f-9cdf-057e9c1945c3,2,961.426555
2026/02/04/13:40:57,apply-time,rs-000550-59fcq,826611f6-a0af-449a-bd99-667ccf5293ff,3,961.426555
2026/02/04/13:40:57,running-time,rs-000550-59fcq,826611f6-a0af-449a-bd99-667ccf5293ff,3,961.426555
2026/02/04/13:40:57,apply-time,rs-000550-8bbr2,d3a01db3-a09c-4656-891f-f5f87eec4c0f,3,961.426555
2026/02/04/13:40:57,running-time,rs-000550-8bbr2,d3a01db3-a09c-4656-891f-f5f87eec4c0f,3,961.426555
2026/02/04/13:40:57,apply-time,rs-000550-9vktw,4bbd7d5a-68c9-4039-84e1-2d4ec017452b,3,961.426555
2026/02/04/13:40:57,apply-time,rs-000551-7jcpj,e0923e94-738a-4714-8bf1-ef27c9e4b583,2,961.426555
2026/02/04/13:40:57,apply-time,rs-000553-qfmjv,24341eff-ca6c-44e6-907c-8c7d1bc4776c,1,961.426555
2026/02/04/13:40:57,running-time,rs-000553-qfmjv,24341eff-ca6c-44e6-907c-8c7d1bc4776c,1,961.426555
2026/02/04/13:40:58,running-time,rs-000550-9vktw,4bbd7d5a-68c9-4039-84e1-2d4ec017452b,3,962.426555
2026/02/04/13:40:58,running-time,rs-000551-7jcpj,e0923e94-738a-4714-8bf1-ef27c9e4b583,2,962.426555
2026/02/04/13:40:58,apply-time,rs-000551-s5g95,0f1f8621-edc2-488f-8e75-7353bb13e407,2,962.426555
2026/02/04/13:40:58,apply-time,rs-000552-2rchq,2024386f-c2f4-4cd7-a2e9-6ace6e84f640,1,962.426555
2026/02/04/13:40:58,apply-time,rs-000552-6k8cx,291e45fa-f175-4431-a9fb-aa3412c662f2,1,962.426555
2026/02/04/13:40:58,apply-time,rs-000552-hsvlp,36fa2468-634f-419f-a817-11d7f2723f1f,1,962.426555
2026/02/04/13:40:58,apply-time,rs-000553-pzj42,b1d3fbe4-136a-47f7-9910-f72b84163f89,1,962.426555
2026/02/04/13:40:58,apply-time,rs-000554-2xj9g,4a09e1a9-8466-40e4-b496-1a5e9a0ad615,3,961.426555
2026/02/04/13:40:58,running-time,rs-000554-2xj9g,4a09e1a9-8466-40e4-b496-1a5e9a0ad615,3,962.426555
2026/02/04/13:40:58,apply-time,rs-000554-nc6gr,d5636b17-51e4-4cb3-b463-eca681a7a65d,3,962.426555
2026/02/04/13:41:00,running-time,rs-000551-s5g95,0f1f8621-edc2-488f-8e75-7353bb13e407,2,964.426555
2026/02/04/13:41:00,running-time,rs-000553-pzj42,b1d3fbe4-136a-47f7-9910-f72b84163f89,1,964.426555
2026/02/04/13:41:02,running-time,rs-000552-hsvlp,36fa2468-634f-419f-a817-11d7f2723f1f,1,966.426555
2026/02/04/13:41:05,running-time,rs-000552-2rchq,2024386f-c2f4-4cd7-a2e9-6ace6e84f640,1,969.426555
2026/02/04/13:41:05,apply-time,rs-000555-dxrpq,bbb12f41-2999-408b-9916-e01d455c38e1,1,969.426555
2026/02/04/13:41:05,running-time,rs-000555-dxrpq,bbb12f41-2999-408b-9916-e01d455c38e1,1,969.426555
2026/02/04/13:41:05,apply-time,rs-000556-7xdkx,872733b0-a328-465f-be9d-fda57501e837,1,969.426555
2026/02/04/13:41:05,running-time,rs-000556-7xdkx,872733b0-a328-465f-be9d-fda57501e837,1,969.426555
2026/02/04/13:41:05,apply-time,rs-000556-t6mls,0fdbed0f-5eea-4cad-baf8-550b41476bdb,1,969.426555
2026/02/04/13:41:05,running-time,rs-000556-t6mls,0fdbed0f-5eea-4cad-baf8-550b41476bdb,1,969.426555
2026/02/04/13:41:05,apply-time,rs-000557-dcfn2,6fd023a5-2d1f-4426-b24d-05872748121e,3,969.426555
2026/02/04/13:41:05,running-time,rs-000557-dcfn2,6fd023a5-2d1f-4426-b24d-05872748121e,3,969.426555
2026/02/04/13:41:05,apply-time,rs-000557-t7ghq,a507427f-20ca-4492-880a-69bb1ee1f542,3,969.426555
2026/02/04/13:41:05,running-time,rs-000557-t7ghq,a507427f-20ca-4492-880a-69bb1ee1f542,3,969.426555
2026/02/04/13:41:05,apply-time,rs-000557-xprmk,73472f89-487b-4e7d-8ae2-3d1c938331ef,3,969.426555
2026/02/04/13:41:05,running-time,rs-000557-xprmk,73472f89-487b-4e7d-8ae2-3d1c938331ef,3,969.426555
2026/02/04/13:41:05,apply-time,rs-000558-9pqbp,bfe9fc34-b3fe-444a-b7a4-3e0fcd71edac,1,969.426555
2026/02/04/13:41:05,running-time,rs-000558-9pqbp,bfe9fc34-b3fe-444a-b7a4-3e0fcd71edac,1,969.426555
2026/02/04/13:41:08,running-time,rs-000552-6k8cx,291e45fa-f175-4431-a9fb-aa3412c662f2,1,972.426555
2026/02/04/13:41:09,apply-time,rs-000559-smmqn,6066a64b-1188-4c76-9908-333eea3b05e0,4,973.426555
2026/02/04/13:41:09,running-time,rs-000559-smmqn,6066a64b-1188-4c76-9908-333eea3b05e0,4,973.426555
2026/02/04/13:41:09,apply-time,rs-000560-f9f29,a0602b5a-7d8a-45fa-bf04-45e6f0e9323f,2,973.426555
2026/02/04/13:41:09,running-time,rs-000560-f9f29,a0602b5a-7d8a-45fa-bf04-45e6f0e9323f,2,973.426555
2026/02/04/13:41:09,apply-time,rs-000560-jvpfb,7a650321-d3e6-4405-8cc9-45f39a645580,2,973.426555
2026/02/04/13:41:09,running-time,rs-000560-jvpfb,7a650321-d3e6-4405-8cc9-45f39a645580,2,973.426555
2026/02/04/13:41:09,apply-time,rs-000561-4nf8t,c7e90a4d-27c7-41d3-a564-7bac5edf6bc5,1,973.426555
2026/02/04/13:41:09,apply-time,rs-000561-7c8gf,b692ad6a-9598-481a-9038-a5bd467ca78e,1,973.426555
2026/02/04/13:41:09,apply-time,rs-000562-cxscf,7571fa84-b5d8-4301-8db3-c68e2ff1be18,1,973.426555
2026/02/04/13:41:09,running-time,rs-000562-cxscf,7571fa84-b5d8-4301-8db3-c68e2ff1be18,1,973.426555
2026/02/04/13:41:09,apply-time,rs-000562-tc9m6,a3fefef0-7183-4d42-889d-5f70f4116e87,1,973.426555
2026/02/04/13:41:09,running-time,rs-000562-tc9m6,a3fefef0-7183-4d42-889d-5f70f4116e87,1,973.426555
2026/02/04/13:41:09,apply-time,rs-000562-tfkcs,f1b27cee-8ad0-424d-9f38-0762cc33fdf7,1,973.426555
2026/02/04/13:41:09,running-time,rs-000562-tfkcs,f1b27cee-8ad0-424d-9f38-0762cc33fdf7,1,973.426555
2026/02/04/13:41:09,apply-time,rs-000563-qhzhl,adb39d40-1ae9-4005-8af0-44e791ed90db,1,973.426555
2026/02/04/13:41:09,running-time,rs-000563-qhzhl,adb39d40-1ae9-4005-8af0-44e791ed90db,1,973.426555
2026/02/04/13:41:14,apply-time,rs-000564-7spdf,33f45434-8de5-4584-af6e-d8df0cd95d01,4,978.426555
2026/02/04/13:41:14,apply-time,rs-000564-vdsjc,08ca72cc-9adc-49cd-a8e2-27b1737f1b43,4,978.426555
2026/02/04/13:41:14,apply-time,rs-000565-l2xdk,f09dd2e0-6fbf-469f-a8a5-995e0b0da2e0,1,978.426555
2026/02/04/13:41:14,running-time,rs-000565-l2xdk,f09dd2e0-6fbf-469f-a8a5-995e0b0da2e0,1,978.426555
2026/02/04/13:41:14,apply-time,rs-000565-swlbx,ce883557-0b8a-459a-bb05-f9645ff0ff90,1,978.426555
2026/02/04/13:41:14,running-time,rs-000565-swlbx,ce883557-0b8a-459a-bb05-f9645ff0ff90,1,978.426555
2026/02/04/13:41:14,apply-time,rs-000565-vb52t,08196334-a459-4c6e-bf29-f7eef2a59ac2,1,978.426555
2026/02/04/13:41:14,running-time,rs-000565-vb52t,08196334-a459-4c6e-bf29-f7eef2a59ac2,1,978.426555
2026/02/04/13:41:14,apply-time,rs-000566-c5t87,3d0d96ad-00e7-4819-99d1-ec8b99f29d12,2,978.426555
2026/02/04/13:41:14,running-time,rs-000566-c5t87,3d0d96ad-00e7-4819-99d1-ec8b99f29d12,2,978.426555
2026/02/04/13:41:14,apply-time,rs-000567-5prbv,45914962-5569-467d-b1ee-63cde1a66193,4,978.426555
2026/02/04/13:41:14,apply-time,rs-000567-c2xnb,f661aa16-3d77-4670-a737-dd4bad294bda,4,978.426555
2026/02/04/13:41:15,apply-time,rs-000568-dszpp,aabe2e2b-d839-4739-a2f5-ee43b625a039,2,979.426555
2026/02/04/13:41:15,apply-time,rs-000569-wvxf5,0d34fcef-fa94-4134-a973-bb8d2cf10a5f,2,979.426555
2026/02/04/13:41:15,apply-time,rs-000569-xfsnn,e84206ca-9bb8-44f1-844b-a680ae9c51b1,2,979.426555
2026/02/04/13:41:15,apply-time,rs-000570-qsjvh,185e1c2a-3c04-4279-b270-32142a052015,1,979.426555
2026/02/04/13:41:15,apply-time,rs-000571-c5xrn,ca550cff-77e3-42a1-9aa4-b7f612f4e1f2,3,979.426555
2026/02/04/13:41:15,apply-time,rs-000571-m9w7p,ba8a0df7-12e6-497b-a2f3-2124ded64a0b,3,979.426555
2026/02/04/13:41:15,apply-time,rs-000571-zv7fb,ac26e04f-7f56-4367-8259-c33a3d2edec9,3,979.426555
2026/02/04/13:41:15,running-time,rs-000571-zv7fb,ac26e04f-7f56-4367-8259-c33a3d2edec9,3,979.426555
2026/02/04/13:41:15,apply-time,rs-000572-hhlhl,b620d98c-82b1-42fd-8d09-4db50e44a544,4,979.426555
2026/02/04/13:41:15,running-time,rs-000572-hhlhl,b620d98c-82b1-42fd-8d09-4db50e44a544,4,979.426555
2026/02/04/13:41:15,apply-time,rs-000572-r96lq,7eee62f8-a5fb-4982-94cd-a490dceaccc2,4,979.426555
2026/02/04/13:41:17,running-time,rs-000572-r96lq,7eee62f8-a5fb-4982-94cd-a490dceaccc2,4,981.426555
2026/02/04/13:41:18,running-time,rs-000571-c5xrn,ca550cff-77e3-42a1-9aa4-b7f612f4e1f2,3,982.426555
2026/02/04/13:41:18,running-time,rs-000571-m9w7p,ba8a0df7-12e6-497b-a2f3-2124ded64a0b,3,982.426555
2026/02/04/13:41:22,apply-time,rs-000573-hpbkc,e1a208f0-07ce-4a4b-bca4-16810cf9f0db,4,986.426555
2026/02/04/13:41:22,running-time,rs-000573-hpbkc,e1a208f0-07ce-4a4b-bca4-16810cf9f0db,4,986.426555
2026/02/04/13:41:24,running-time,rs-000569-wvxf5,0d34fcef-fa94-4134-a973-bb8d2cf10a5f,2,988.426555
2026/02/04/13:41:24,running-time,rs-000569-xfsnn,e84206ca-9bb8-44f1-844b-a680ae9c51b1,2,988.426555
2026/02/04/13:41:25,apply-time,rs-000574-jvmjc,539e6348-22ca-44bd-98cd-4bd4611dd0d0,2,989.426555
2026/02/04/13:41:25,running-time,rs-000574-jvmjc,539e6348-22ca-44bd-98cd-4bd4611dd0d0,2,989.426555
2026/02/04/13:41:25,apply-time,rs-000574-wfzbv,0080040e-cadc-4cc4-9fce-f36877e7e99e,2,989.426555
2026/02/04/13:41:25,running-time,rs-000574-wfzbv,0080040e-cadc-4cc4-9fce-f36877e7e99e,2,989.426555
2026/02/04/13:41:26,apply-time,rs-000575-6pt6m,59a69230-0dcb-449f-83b5-5bf3656f3c74,3,990.426555
2026/02/04/13:41:26,running-time,rs-000575-6pt6m,59a69230-0dcb-449f-83b5-5bf3656f3c74,3,990.426555
2026/02/04/13:41:26,apply-time,rs-000575-gpx8r,60804afa-b261-4217-a6a9-5573b8243a18,3,990.426555
2026/02/04/13:41:26,running-time,rs-000575-gpx8r,60804afa-b261-4217-a6a9-5573b8243a18,3,990.426555
2026/02/04/13:41:26,apply-time,rs-000576-wm46c,0fe1b4be-af7e-487d-9e0d-0dbf9b51d7d8,2,990.426555
2026/02/04/13:41:26,running-time,rs-000576-wm46c,0fe1b4be-af7e-487d-9e0d-0dbf9b51d7d8,2,990.426555
2026/02/04/13:41:26,apply-time,rs-000577-tpkxs,1d4a69ea-5bd5-4248-a450-1454e5659fdc,4,990.426555
2026/02/04/13:41:26,apply-time,rs-000578-lvbvq,57f4f29e-5b19-4b57-8bfc-97e6a71937ea,1,990.426555
2026/02/04/13:41:26,apply-time,rs-000578-v5l9c,daee710b-90df-4158-8add-c6b051b416d3,1,990.426555
2026/02/04/13:41:26,apply-time,rs-000579-j44c2,9f37606b-598d-4800-b1f5-44e6f9ed5ded,2,990.426555
2026/02/04/13:41:26,apply-time,rs-000579-prcm6,bfe2f8d5-f65a-4cec-a64c-61016858d5f0,2,990.426555
2026/02/04/13:41:27,running-time,rs-000577-tpkxs,1d4a69ea-5bd5-4248-a450-1454e5659fdc,4,991.426555
2026/02/04/13:41:29,running-time,rs-000567-5prbv,45914962-5569-467d-b1ee-63cde1a66193,4,993.426555
2026/02/04/13:41:29,running-time,rs-000579-j44c2,9f37606b-598d-4800-b1f5-44e6f9ed5ded,2,993.426555
2026/02/04/13:41:30,running-time,rs-000579-prcm6,bfe2f8d5-f65a-4cec-a64c-61016858d5f0,2,994.426555
2026/02/04/13:41:35,running-time,rs-000567-c2xnb,f661aa16-3d77-4670-a737-dd4bad294bda,4,999.426555
2026/02/04/13:41:46,apply-time,rs-000580-pcjz5,e4225597-ba30-4d1f-8a97-920bd531efdd,4,1010.426555
2026/02/04/13:41:46,running-time,rs-000580-pcjz5,e4225597-ba30-4d1f-8a97-920bd531efdd,4,1010.426555
2026/02/04/13:41:46,apply-time,rs-000581-2llhv,d97ff30e-c2cb-4cc7-8752-1b111151a7ad,4,1010.426555
2026/02/04/13:41:46,running-time,rs-000581-2llhv,d97ff30e-c2cb-4cc7-8752-1b111151a7ad,4,1010.426555
2026/02/04/13:41:46,apply-time,rs-000581-2p72j,4c1989ff-edda-4326-88ff-91a9f001ce21,4,1010.426555
2026/02/04/13:41:46,running-time,rs-000581-2p72j,4c1989ff-edda-4326-88ff-91a9f001ce21,4,1010.426555
2026/02/04/13:41:46,apply-time,rs-000582-8hrxx,256e677f-60de-4257-a05e-8c093e562c3e,3,1010.426555
2026/02/04/13:41:46,running-time,rs-000582-8hrxx,256e677f-60de-4257-a05e-8c093e562c3e,3,1010.426555
2026/02/04/13:41:46,apply-time,rs-000583-lf54w,4cbd5260-60a0-4e91-8c09-7df3abf04cd5,1,1010.426555
2026/02/04/13:41:46,running-time,rs-000583-lf54w,4cbd5260-60a0-4e91-8c09-7df3abf04cd5,1,1010.426555
2026/02/04/13:41:46,apply-time,rs-000584-6rr44,2e2491f7-e57b-4a15-8fa7-12bf468998b6,2,1010.426555
2026/02/04/13:41:46,apply-time,rs-000584-78nzt,11cbe094-dd2f-49b0-a7cf-dbd105debb6c,2,1010.426555
2026/02/04/13:41:46,apply-time,rs-000584-xxxgl,78c65ab0-4bcc-4f54-9016-790b143ae650,2,1010.426555
2026/02/04/13:41:47,apply-time,rs-000585-jv9r4,49c418a7-24a7-4291-be2f-bf0ada52c90e,1,1011.426555
2026/02/04/13:41:47,running-time,rs-000585-jv9r4,49c418a7-24a7-4291-be2f-bf0ada52c90e,1,1011.426555
2026/02/04/13:41:47,apply-time,rs-000585-n9wd6,6678c608-241d-4cd9-bd69-54968cf5b6cb,1,1011.426555
2026/02/04/13:41:47,running-time,rs-000585-n9wd6,6678c608-241d-4cd9-bd69-54968cf5b6cb,1,1011.426555
2026/02/04/13:41:57,apply-time,rs-000586-rzmgk,5790de20-dea7-4601-99ae-ffaf45eb781e,4,1021.426555
2026/02/04/13:41:57,running-time,rs-000586-rzmgk,5790de20-dea7-4601-99ae-ffaf45eb781e,4,1021.426555
2026/02/04/13:42:05,apply-time,rs-000587-n2cq2,3d24c3a0-8a44-4045-88f0-19a3defd1ebc,3,1029.426555
2026/02/04/13:42:05,running-time,rs-000587-n2cq2,3d24c3a0-8a44-4045-88f0-19a3defd1ebc,3,1029.426555
2026/02/04/13:42:05,apply-time,rs-000587-rt829,5108e708-b7d6-4618-83f8-39111d898a74,3,1029.426555
2026/02/04/13:42:05,running-time,rs-000587-rt829,5108e708-b7d6-4618-83f8-39111d898a74,3,1029.426555
2026/02/04/13:42:06,apply-time,rs-000588-tz2c2,ec05495c-b56e-4744-abc0-c64b1cb5e18f,3,1030.426555
2026/02/04/13:42:06,running-time,rs-000588-tz2c2,ec05495c-b56e-4744-abc0-c64b1cb5e18f,3,1030.426555
2026/02/04/13:42:06,apply-time,rs-000589-57429,53ad5002-00bd-4bd1-9eb4-e22438767c88,3,1030.426555
2026/02/04/13:42:06,running-time,rs-000589-57429,53ad5002-00bd-4bd1-9eb4-e22438767c88,3,1030.426555
2026/02/04/13:42:06,apply-time,rs-000589-5mkvh,82608524-53d6-468e-b7ad-3504bb667969,3,1030.426555
2026/02/04/13:42:06,running-time,rs-000589-5mkvh,82608524-53d6-468e-b7ad-3504bb667969,3,1030.426555
2026/02/04/13:42:06,apply-time,rs-000589-vdgtw,e00e27f6-952a-4e18-8f6a-82a77a3419e4,3,1030.426555
2026/02/04/13:42:06,running-time,rs-000589-vdgtw,e00e27f6-952a-4e18-8f6a-82a77a3419e4,3,1030.426555
2026/02/04/13:42:06,apply-time,rs-000590-nzf2x,fffe8a40-72c6-44c6-9783-68ccc9f3e197,3,1030.426555
2026/02/04/13:42:06,running-time,rs-000590-nzf2x,fffe8a40-72c6-44c6-9783-68ccc9f3e197,3,1030.426555
2026/02/04/13:42:06,apply-time,rs-000591-jj6h9,af0637ca-5ced-495f-b547-afe37cf0b7e5,1,1030.426555
2026/02/04/13:42:06,apply-time,rs-000592-ksjnc,eba2daf5-d055-4e59-8362-1956af785977,1,1030.426555
2026/02/04/13:42:06,running-time,rs-000592-ksjnc,eba2daf5-d055-4e59-8362-1956af785977,1,1030.426555
2026/02/04/13:42:06,apply-time,rs-000592-n8jqq,1ab470c1-b459-416b-a25c-e74d1bf018ae,1,1030.426555
2026/02/04/13:42:06,running-time,rs-000592-n8jqq,1ab470c1-b459-416b-a25c-e74d1bf018ae,1,1030.426555
2026/02/04/13:42:21,apply-time,rs-000593-dpfhs,db5f58d9-cffc-40de-a319-e16a08365cec,1,1045.426555
2026/02/04/13:42:21,running-time,rs-000593-dpfhs,db5f58d9-cffc-40de-a319-e16a08365cec,1,1045.426555
2026/02/04/13:42:21,apply-time,rs-000593-smp2g,0cd3abd0-8b86-4795-8e1b-83de388c5c9c,1,1045.426555
2026/02/04/13:42:21,running-time,rs-000593-smp2g,0cd3abd0-8b86-4795-8e1b-83de388c5c9c,1,1045.426555
2026/02/04/13:42:21,apply-time,rs-000594-4pnfj,3bc0a5b2-bc0d-4512-bbe9-07b21ecbbff9,3,1045.426555
2026/02/04/13:42:21,running-time,rs-000594-4pnfj,3bc0a5b2-bc0d-4512-bbe9-07b21ecbbff9,3,1045.426555
2026/02/04/13:42:21,apply-time,rs-000595-5blzt,a844cd38-1a78-4a73-ae0b-f7b4a506fe62,2,1045.426555
2026/02/04/13:42:21,running-time,rs-000595-5blzt,a844cd38-1a78-4a73-ae0b-f7b4a506fe62,2,1045.426555
2026/02/04/13:42:21,apply-time,rs-000595-fr46w,80a4c213-1adb-4673-afe6-3dd7005e02f9,2,1045.426555
2026/02/04/13:42:21,running-time,rs-000595-fr46w,80a4c213-1adb-4673-afe6-3dd7005e02f9,2,1045.426555
2026/02/04/13:42:22,apply-time,rs-000596-npttj,8f7bd627-64fd-43cf-8791-090869556137,2,1046.426555
2026/02/04/13:42:22,running-time,rs-000596-npttj,8f7bd627-64fd-43cf-8791-090869556137,2,1046.426555
2026/02/04/13:42:25,apply-time,rs-000597-5g6gm,e8f0e90a-6353-4cc3-9475-8fe195050a0c,2,1049.426555
2026/02/04/13:42:25,running-time,rs-000597-5g6gm,e8f0e90a-6353-4cc3-9475-8fe195050a0c,2,1049.426555
2026/02/04/13:42:25,apply-time,rs-000597-sntv7,cd64cd6e-14a4-45d7-963c-58f8017fc6d4,2,1049.426555
2026/02/04/13:42:25,running-time,rs-000597-sntv7,cd64cd6e-14a4-45d7-963c-58f8017fc6d4,2,1049.426555
2026/02/04/13:42:45,apply-time,rs-000598-xqd4n,a70a84e2-d71c-41f9-a939-4fb0e1801ddc,3,1069.426555
2026/02/04/13:42:45,running-time,rs-000598-xqd4n,a70a84e2-d71c-41f9-a939-4fb0e1801ddc,3,1069.426555
2026/02/04/13:42:45,apply-time,rs-000599-4fhgv,b97abc23-da01-46ea-abb0-1d41bef39867,2,1069.426555
2026/02/04/13:42:45,running-time,rs-000599-4fhgv,b97abc23-da01-46ea-abb0-1d41bef39867,2,1069.426555
2026/02/04/13:42:45,apply-time,rs-000599-bkjgv,f6b14121-1d05-49f0-87e8-ebf31c04d022,2,1069.426555
2026/02/04/13:42:45,running-time,rs-000599-bkjgv,f6b14121-1d05-49f0-87e8-ebf31c04d022,2,1069.426555
2026/02/04/13:42:48,apply-time,rs-000600-hptct,042c65f4-e390-430c-a2da-ead86cde932a,1,1072.426555
2026/02/04/13:42:48,running-time,rs-000600-hptct,042c65f4-e390-430c-a2da-ead86cde932a,1,1072.426555
2026/02/04/13:42:48,apply-time,rs-000600-qngkp,f005e36c-1777-4913-8306-2e63c5a5d6bd,1,1072.426555
2026/02/04/13:42:48,running-time,rs-000600-qngkp,f005e36c-1777-4913-8306-2e63c5a5d6bd,1,1072.426555
2026/02/04/13:42:48,apply-time,rs-000601-2745m,16ce7ced-c4e4-4f0d-af52-1a30f290de34,2,1072.426555
2026/02/04/13:42:48,running-time,rs-000601-2745m,16ce7ced-c4e4-4f0d-af52-1a30f290de34,2,1072.426555
2026/02/04/13:42:48,apply-time,rs-000601-fh7p4,8616d385-a8e2-4d1f-b620-7e4947356870,2,1072.426555
2026/02/04/13:42:48,running-time,rs-000601-fh7p4,8616d385-a8e2-4d1f-b620-7e4947356870,2,1072.426555
2026/02/04/13:42:48,apply-time,rs-000601-qfjdt,4d3a6940-384c-4767-80bf-a51b255d1882,2,1072.426555
2026/02/04/13:42:48,running-time,rs-000601-qfjdt,4d3a6940-384c-4767-80bf-a51b255d1882,2,1072.426555
2026/02/04/13:42:48,apply-time,rs-000602-27s7k,4350850f-131f-4bf7-b011-acb8211b8e82,3,1072.426555
2026/02/04/13:42:48,running-time,rs-000602-27s7k,4350850f-131f-4bf7-b011-acb8211b8e82,3,1072.426555
2026/02/04/13:42:48,apply-time,rs-000602-v6rjx,374fc2b1-c553-42c7-8680-a07736295e55,3,1072.426555
2026/02/04/13:42:48,running-time,rs-000602-v6rjx,374fc2b1-c553-42c7-8680-a07736295e55,3,1072.426555
2026/02/04/13:42:48,apply-time,rs-000603-gkjst,d012e316-2e0a-4457-a6ef-9479be053b46,4,1072.426555
2026/02/04/13:42:48,running-time,rs-000603-gkjst,d012e316-2e0a-4457-a6ef-9479be053b46,4,1072.426555
2026/02/04/13:42:48,apply-time,rs-000603-nrpks,f584c38c-826f-473e-87b7-5faa5b91e20d,4,1072.426555
2026/02/04/13:42:48,running-time,rs-000603-nrpks,f584c38c-826f-473e-87b7-5faa5b91e20d,4,1072.426555
2026/02/04/13:42:48,apply-time,rs-000604-zsfcl,4279e423-dde6-4dec-b321-9bcc4e8c0763,2,1073.426555
2026/02/04/13:42:48,running-time,rs-000604-zsfcl,4279e423-dde6-4dec-b321-9bcc4e8c0763,2,1073.426555
2026/02/04/13:42:49,apply-time,rs-000605-tjg6x,bfd6a932-eaab-4a11-a930-b6c4c268bd25,4,1073.426555
2026/02/04/13:42:49,running-time,rs-000605-tjg6x,bfd6a932-eaab-4a11-a930-b6c4c268bd25,4,1073.426555
2026/02/04/13:42:49,apply-time,rs-000606-b525t,27047dda-cd9c-4058-af40-cdaef9eb2ddf,3,1073.426555
2026/02/04/13:42:49,running-time,rs-000606-b525t,27047dda-cd9c-4058-af40-cdaef9eb2ddf,3,1073.426555
2026/02/04/13:42:49,apply-time,rs-000607-66w44,bb6f6d1b-550c-4c5d-8697-ce864ce0f326,1,1073.426555
2026/02/04/13:42:49,apply-time,rs-000607-krrmr,3fc3de09-cd30-44c3-af4d-577f65d7b012,1,1073.426555
2026/02/04/13:42:49,running-time,rs-000607-krrmr,3fc3de09-cd30-44c3-af4d-577f65d7b012,1,1074.426555
2026/02/04/13:42:49,apply-time,rs-000607-prvkc,36fce39e-0525-4e5b-90c4-758a4914644e,1,1073.426555
2026/02/04/13:42:49,running-time,rs-000607-prvkc,36fce39e-0525-4e5b-90c4-758a4914644e,1,1073.426555
2026/02/04/13:42:49,apply-time,rs-000608-qw4vh,48cc6349-7ed6-4e04-8d02-0f453822eaff,2,1073.426555
2026/02/04/13:42:49,running-time,rs-000608-qw4vh,48cc6349-7ed6-4e04-8d02-0f453822eaff,2,1073.426555
2026/02/04/13:42:49,apply-time,rs-000608-vrfqh,248c80de-99f9-4df7-9e2f-4e5275d71998,2,1073.426555
2026/02/04/13:42:49,running-time,rs-000608-vrfqh,248c80de-99f9-4df7-9e2f-4e5275d71998,2,1073.426555
2026/02/04/13:42:49,apply-time,rs-000609-kkz5v,2d56dee0-c5da-4f7b-9444-309291559168,3,1073.426555
2026/02/04/13:42:49,running-time,rs-000609-kkz5v,2d56dee0-c5da-4f7b-9444-309291559168,3,1073.426555
2026/02/04/13:42:50,running-time,rs-000607-66w44,bb6f6d1b-550c-4c5d-8697-ce864ce0f326,1,1074.426555
2026/02/04/13:42:57,apply-time,rs-000610-9tztj,6099b4af-9a3d-454d-8aa9-d300bc28b4f2,1,1081.426555
2026/02/04/13:42:57,running-time,rs-000610-9tztj,6099b4af-9a3d-454d-8aa9-d300bc28b4f2,1,1081.426555
2026/02/04/13:42:57,apply-time,rs-000610-mdt7l,23cdb619-8940-485e-849a-6166d2884253,1,1081.426555
2026/02/04/13:42:57,running-time,rs-000610-mdt7l,23cdb619-8940-485e-849a-6166d2884253,1,1081.426555
2026/02/04/13:42:57,apply-time,rs-000610-r2q62,bc2454db-0bf0-4485-a5f0-391dacb1d3e4,1,1081.426555
2026/02/04/13:42:57,running-time,rs-000610-r2q62,bc2454db-0bf0-4485-a5f0-391dacb1d3e4,1,1081.426555
2026/02/04/13:42:57,apply-time,rs-000611-2c8z5,53b5187b-b265-45af-9c68-8d7fe352fc70,3,1081.426555
2026/02/04/13:42:57,running-time,rs-000611-2c8z5,53b5187b-b265-45af-9c68-8d7fe352fc70,3,1081.426555
2026/02/04/13:42:57,apply-time,rs-000611-whnb8,f3d4a940-0b67-4257-b021-af980fcefd6d,3,1081.426555
2026/02/04/13:42:57,running-time,rs-000611-whnb8,f3d4a940-0b67-4257-b021-af980fcefd6d,3,1081.426555
2026/02/04/13:42:57,apply-time,rs-000612-rfcd4,5347105a-4058-4614-a057-aff0aeedd7d7,3,1081.426555
2026/02/04/13:42:57,running-time,rs-000612-rfcd4,5347105a-4058-4614-a057-aff0aeedd7d7,3,1081.426555
2026/02/04/13:43:02,apply-time,rs-000613-29k9n,b16b3e5b-f73a-4511-a4f2-49116840a6bc,1,1086.426555
2026/02/04/13:43:02,running-time,rs-000613-29k9n,b16b3e5b-f73a-4511-a4f2-49116840a6bc,1,1086.426555
2026/02/04/13:43:02,apply-time,rs-000613-fclvq,8746eb15-4c3b-4f54-bf0c-8d1ea1d4af2a,1,1086.426555
2026/02/04/13:43:02,running-time,rs-000613-fclvq,8746eb15-4c3b-4f54-bf0c-8d1ea1d4af2a,1,1086.426555
2026/02/04/13:43:06,apply-time,rs-000614-ms64l,bb1328c4-21b3-472e-a6e0-0ed3365d667b,3,1090.426555
2026/02/04/13:43:06,running-time,rs-000614-ms64l,bb1328c4-21b3-472e-a6e0-0ed3365d667b,3,1090.426555
2026/02/04/13:43:06,apply-time,rs-000614-rl7gx,d75205c0-6c60-4491-8f2a-4f33298dd4d8,3,1090.426555
2026/02/04/13:43:06,running-time,rs-000614-rl7gx,d75205c0-6c60-4491-8f2a-4f33298dd4d8,3,1090.426555
2026/02/04/13:43:07,apply-time,rs-000615-dl7bp,d2d21701-b55b-4a49-9a03-c0b8eee8d4d1,1,1091.426555
2026/02/04/13:43:07,running-time,rs-000615-dl7bp,d2d21701-b55b-4a49-9a03-c0b8eee8d4d1,1,1091.426555
2026/02/04/13:43:07,apply-time,rs-000616-bgsvc,9be4b786-a691-4542-980a-91a30c769cae,3,1091.426555
2026/02/04/13:43:07,running-time,rs-000616-bgsvc,9be4b786-a691-4542-980a-91a30c769cae,3,1091.426555
2026/02/04/13:43:09,apply-time,rs-000617-87b8r,b9292078-57ab-414d-adfc-8752921cba46,2,1093.426555
2026/02/04/13:43:09,running-time,rs-000617-87b8r,b9292078-57ab-414d-adfc-8752921cba46,2,1093.426555
2026/02/04/13:43:09,apply-time,rs-000617-sm7n5,7f73d13b-6945-428b-a391-51b703352f78,2,1093.426555
2026/02/04/13:43:09,running-time,rs-000617-sm7n5,7f73d13b-6945-428b-a391-51b703352f78,2,1093.426555
2026/02/04/13:43:09,apply-time,rs-000617-snzgb,7d27ff34-1249-4155-bd9c-b89230ab713b,2,1093.426555
2026/02/04/13:43:09,running-time,rs-000617-snzgb,7d27ff34-1249-4155-bd9c-b89230ab713b,2,1093.426555
2026/02/04/13:43:09,apply-time,rs-000618-bfwww,8cd3985a-0f6b-4787-94ce-a59b10e63f7f,1,1093.426555
2026/02/04/13:43:09,running-time,rs-000618-bfwww,8cd3985a-0f6b-4787-94ce-a59b10e63f7f,1,1093.426555
2026/02/04/13:43:09,apply-time,rs-000618-fq84r,dc8656b0-e284-4bf6-b321-3ac2c7ab110f,1,1093.426555
2026/02/04/13:43:09,apply-time,rs-000618-zl586,f2b68503-6563-48bd-a3b4-e62db1be252d,1,1093.426555
2026/02/04/13:43:09,running-time,rs-000618-zl586,f2b68503-6563-48bd-a3b4-e62db1be252d,1,1093.426555
2026/02/04/13:43:09,apply-time,rs-000619-8mg2x,ece4c770-c0c6-4fe8-bf35-30043f3c74df,2,1093.426555
2026/02/04/13:43:09,running-time,rs-000619-8mg2x,ece4c770-c0c6-4fe8-bf35-30043f3c74df,2,1093.426555
2026/02/04/13:43:09,apply-time,rs-000620-2jhhg,9a64ae8c-0728-4ad3-9dff-feec942e55c5,3,1093.426555
2026/02/04/13:43:09,apply-time,rs-000620-hbfpc,16baab2a-fa68-414e-bf0d-7e700366b7d6,3,1093.426555
2026/02/04/13:43:09,apply-time,rs-000620-jdv98,be13c248-d202-42bf-88d4-a3e7c97652e9,3,1093.426555
2026/02/04/13:43:09,apply-time,rs-000621-ngjwp,72fb69bc-5637-442c-968a-878e156b3903,2,1093.426555
2026/02/04/13:43:09,running-time,rs-000621-ngjwp,72fb69bc-5637-442c-968a-878e156b3903,2,1093.426555
2026/02/04/13:43:09,apply-time,rs-000621-qqb2q,60030055-c50b-468c-8b76-9531b124e3e5,2,1093.426555
2026/02/04/13:43:09,running-time,rs-000621-qqb2q,60030055-c50b-468c-8b76-9531b124e3e5,2,1093.426555
2026/02/04/13:43:14,running-time,rs-000618-fq84r,dc8656b0-e284-4bf6-b321-3ac2c7ab110f,1,1098.426555
2026/02/04/13:43:30,apply-time,rs-000622-2mhl9,3ca29c90-a3ac-4f09-82a0-3caf022d6328,3,1114.426555
2026/02/04/13:43:30,running-time,rs-000622-2mhl9,3ca29c90-a3ac-4f09-82a0-3caf022d6328,3,1114.426555
2026/02/04/13:43:30,apply-time,rs-000622-2mt5b,15f01293-bdf9-412e-91f9-5b365722d596,3,1114.426555
2026/02/04/13:43:30,running-time,rs-000622-2mt5b,15f01293-bdf9-412e-91f9-5b365722d596,3,1114.426555
2026/02/04/13:43:30,apply-time,rs-000622-v7tp9,5adbcb51-e349-4f89-a6b6-be6fdf50c71c,3,1114.426555
2026/02/04/13:43:30,running-time,rs-000622-v7tp9,5adbcb51-e349-4f89-a6b6-be6fdf50c71c,3,1114.426555
2026/02/04/13:43:31,apply-time,rs-000623-ktnnd,929f58de-3d18-457f-b608-303ecce0cf80,1,1115.426555
2026/02/04/13:43:31,running-time,rs-000623-ktnnd,929f58de-3d18-457f-b608-303ecce0cf80,1,1115.426555
2026/02/04/13:43:32,apply-time,rs-000624-vvhnb,01857d06-c0b6-45ad-87f6-2d3fb023acae,1,1116.426555
2026/02/04/13:43:32,running-time,rs-000624-vvhnb,01857d06-c0b6-45ad-87f6-2d3fb023acae,1,1116.426555
2026/02/04/13:43:32,apply-time,rs-000625-scnlt,4ff980b5-2123-45bd-a877-98d725a01b06,4,1116.426555
2026/02/04/13:43:32,running-time,rs-000625-scnlt,4ff980b5-2123-45bd-a877-98d725a01b06,4,1116.426555
2026/02/04/13:43:32,apply-time,rs-000626-q7wj6,d074a2d1-df78-462c-a62f-0cf1422afcae,2,1116.426555
2026/02/04/13:43:32,running-time,rs-000626-q7wj6,d074a2d1-df78-462c-a62f-0cf1422afcae,2,1116.426555
2026/02/04/13:43:32,apply-time,rs-000627-26rph,a45932a0-2005-4bc1-9e32-af4ea6224c86,1,1116.426555
2026/02/04/13:43:32,running-time,rs-000627-26rph,a45932a0-2005-4bc1-9e32-af4ea6224c86,1,1116.426555
2026/02/04/13:43:32,apply-time,rs-000627-6fxvj,3cc275c7-6d11-4783-94d6-d1774b6a8b7a,1,1116.426555
2026/02/04/13:43:32,running-time,rs-000627-6fxvj,3cc275c7-6d11-4783-94d6-d1774b6a8b7a,1,1116.426555
2026/02/04/13:43:32,apply-time,rs-000627-mmp4s,5fc05d07-fb8b-4658-bfc9-59e0c9471b1f,1,1116.426555
2026/02/04/13:43:32,running-time,rs-000627-mmp4s,5fc05d07-fb8b-4658-bfc9-59e0c9471b1f,1,1116.426555
2026/02/04/13:43:47,apply-time,rs-000628-2dqct,4008ef21-fc1c-4476-9370-41338b0f9a0a,2,1131.426555
2026/02/04/13:43:47,running-time,rs-000628-2dqct,4008ef21-fc1c-4476-9370-41338b0f9a0a,2,1131.426555
2026/02/04/13:44:08,apply-time,rs-000629-69cbr,04d73baa-1579-4316-9892-ce2bd7b477c3,1,1151.426555
2026/02/04/13:44:08,running-time,rs-000629-69cbr,04d73baa-1579-4316-9892-ce2bd7b477c3,1,1151.426555
2026/02/04/13:44:08,apply-time,rs-000629-d79pf,66ac931a-a856-44da-a8a3-db0ca92c0015,1,1151.426555
2026/02/04/13:44:08,running-time,rs-000629-d79pf,66ac931a-a856-44da-a8a3-db0ca92c0015,1,1151.426555
2026/02/04/13:44:08,apply-time,rs-000630-lxm9s,3f07fd7e-cca3-4ddf-bfe9-3aa8ab36e54b,1,1151.426555
2026/02/04/13:44:08,running-time,rs-000630-lxm9s,3f07fd7e-cca3-4ddf-bfe9-3aa8ab36e54b,1,1151.426555
2026/02/04/13:44:08,apply-time,rs-000631-6ffq8,e723cb6f-8e18-459b-b53d-6c51abce714e,2,1151.426555
2026/02/04/13:44:08,running-time,rs-000631-6ffq8,e723cb6f-8e18-459b-b53d-6c51abce714e,2,1151.426555
2026/02/04/13:44:08,apply-time,rs-000631-smgp4,ddc0a463-983c-4d9f-9d29-6b29696caf75,2,1151.426555
2026/02/04/13:44:08,running-time,rs-000631-smgp4,ddc0a463-983c-4d9f-9d29-6b29696caf75,2,1151.426555
2026/02/04/13:44:08,apply-time,rs-000632-twkwt,da42fd87-58f7-41f3-aa0e-197f4d5dc844,1,1151.426555
2026/02/04/13:44:08,running-time,rs-000632-twkwt,da42fd87-58f7-41f3-aa0e-197f4d5dc844,1,1151.426555
2026/02/04/13:44:09,apply-time,rs-000633-77bzp,bfcadb9e-4200-4a58-9c36-a7b840dcb97b,3,1152.426555
2026/02/04/13:44:09,running-time,rs-000633-77bzp,bfcadb9e-4200-4a58-9c36-a7b840dcb97b,3,1152.426555
2026/02/04/13:44:09,apply-time,rs-000633-lq4gn,55872888-afca-4656-8994-64e9d93a8838,3,1152.426555
2026/02/04/13:44:09,running-time,rs-000633-lq4gn,55872888-afca-4656-8994-64e9d93a8838,3,1152.426555
2026/02/04/13:44:09,apply-time,rs-000634-5gnws,c86b2c37-476c-4cd2-b6b7-ad8a8758d99e,1,1152.426555
2026/02/04/13:44:09,running-time,rs-000634-5gnws,c86b2c37-476c-4cd2-b6b7-ad8a8758d99e,1,1152.426555
2026/02/04/13:44:09,apply-time,rs-000634-r4mkr,a5788bb2-bcd4-4671-82e2-7e1b12f3aeca,1,1152.426555
2026/02/04/13:44:09,running-time,rs-000634-r4mkr,a5788bb2-bcd4-4671-82e2-7e1b12f3aeca,1,1152.426555
2026/02/04/13:44:09,apply-time,rs-000634-x4qsz,1e40de21-0da6-48b2-a00f-c1cc680bcecd,1,1152.426555
2026/02/04/13:44:09,running-time,rs-000634-x4qsz,1e40de21-0da6-48b2-a00f-c1cc680bcecd,1,1152.426555
2026/02/04/13:44:09,apply-time,rs-000635-btwpm,358780c8-52b1-49e9-aa98-e41a10a8249c,2,1152.426555
2026/02/04/13:44:09,running-time,rs-000635-btwpm,358780c8-52b1-49e9-aa98-e41a10a8249c,2,1152.426555
2026/02/04/13:44:09,apply-time,rs-000635-gpn6s,25d7f64f-afea-4f1c-b1f2-60d58702ee2a,2,1152.426555
2026/02/04/13:44:09,running-time,rs-000635-gpn6s,25d7f64f-afea-4f1c-b1f2-60d58702ee2a,2,1152.426555
2026/02/04/13:44:09,apply-time,rs-000635-mvw97,9f5a9c32-e03d-4460-855b-e02d9c486359,2,1152.426555
2026/02/04/13:44:09,running-time,rs-000635-mvw97,9f5a9c32-e03d-4460-855b-e02d9c486359,2,1152.426555
2026/02/04/13:44:09,apply-time,rs-000636-j88pk,19305c75-28a7-427d-b037-4e98a9c07780,4,1152.426555
2026/02/04/13:44:09,running-time,rs-000636-j88pk,19305c75-28a7-427d-b037-4e98a9c07780,4,1152.426555
2026/02/04/13:44:09,apply-time,rs-000636-wc4hz,946953fe-50d0-41c3-8602-4b98d9db7b94,4,1152.426555
2026/02/04/13:44:09,running-time,rs-000636-wc4hz,946953fe-50d0-41c3-8602-4b98d9db7b94,4,1152.426555
2026/02/04/13:44:10,apply-time,rs-000637-8gxpn,a0f5a4eb-360c-4359-8926-7e66313b3835,2,1153.426555
2026/02/04/13:44:10,running-time,rs-000637-8gxpn,a0f5a4eb-360c-4359-8926-7e66313b3835,2,1153.426555
2026/02/04/13:44:10,apply-time,rs-000637-dh725,f9a43826-d1a0-47bb-b10b-bc88eb33c775,2,1153.426555
2026/02/04/13:44:10,running-time,rs-000637-dh725,f9a43826-d1a0-47bb-b10b-bc88eb33c775,2,1153.426555
2026/02/04/13:44:10,apply-time,rs-000637-lhjhk,f72d821e-5ed9-4327-9d7b-edeaba83b58a,2,1153.426555
2026/02/04/13:44:10,running-time,rs-000637-lhjhk,f72d821e-5ed9-4327-9d7b-edeaba83b58a,2,1153.426555
2026/02/04/13:44:11,apply-time,rs-000638-nj6r6,6ada3d98-98ee-4bf1-8d28-7584a9551c9c,2,1154.426555
2026/02/04/13:44:11,running-time,rs-000638-nj6r6,6ada3d98-98ee-4bf1-8d28-7584a9551c9c,2,1154.426555
2026/02/04/13:44:11,apply-time,rs-000638-qt26k,18baa16e-0ee3-4db5-824c-e8632e0805aa,2,1154.426555
2026/02/04/13:44:11,running-time,rs-000638-qt26k,18baa16e-0ee3-4db5-824c-e8632e0805aa,2,1154.426555
2026/02/04/13:44:11,apply-time,rs-000639-kdlrp,67f65a6a-480a-4aec-b6c1-7cd937b9c8df,3,1154.426555
2026/02/04/13:44:11,running-time,rs-000639-kdlrp,67f65a6a-480a-4aec-b6c1-7cd937b9c8df,3,1154.426555
2026/02/04/13:44:11,apply-time,rs-000639-v86fz,b626ea48-8577-4653-8886-4ae1d7d0349e,3,1154.426555
2026/02/04/13:44:13,running-time,rs-000639-v86fz,b626ea48-8577-4653-8886-4ae1d7d0349e,3,1156.426555
2026/02/04/13:44:18,apply-time,rs-000640-c8rd8,d73aacfe-5e79-4cb9-abb9-53ce112e6cdb,3,1161.426555
2026/02/04/13:44:18,running-time,rs-000640-c8rd8,d73aacfe-5e79-4cb9-abb9-53ce112e6cdb,3,1161.426555
2026/02/04/13:44:18,apply-time,rs-000640-g74j4,3be366a5-3e22-43d6-a92f-29ef609df116,3,1161.426555
2026/02/04/13:44:18,running-time,rs-000640-g74j4,3be366a5-3e22-43d6-a92f-29ef609df116,3,1161.426555
2026/02/04/13:44:27,apply-time,rs-000641-gcsdx,abfe7da7-e04c-4446-914a-70b9b4c8ff99,2,1170.426555
2026/02/04/13:44:27,running-time,rs-000641-gcsdx,abfe7da7-e04c-4446-914a-70b9b4c8ff99,2,1170.426555
2026/02/04/13:44:27,apply-time,rs-000641-sgqlv,99bdb338-915c-4713-86af-933146a1c317,2,1170.426555
2026/02/04/13:44:27,running-time,rs-000641-sgqlv,99bdb338-915c-4713-86af-933146a1c317,2,1170.426555
2026/02/04/13:44:27,apply-time,rs-000642-8qz6x,4688927b-bd19-47cc-8906-ff8ced0789ec,3,1170.426555
2026/02/04/13:44:27,running-time,rs-000642-8qz6x,4688927b-bd19-47cc-8906-ff8ced0789ec,3,1170.426555
2026/02/04/13:44:27,apply-time,rs-000643-p9rtw,52e666e9-e318-4721-8808-1d78575b80df,1,1170.426555
2026/02/04/13:44:27,running-time,rs-000643-p9rtw,52e666e9-e318-4721-8808-1d78575b80df,1,1171.426555
2026/02/04/13:44:27,apply-time,rs-000644-8s7xl,4e1a24af-3781-48f8-b818-e0148988612f,3,1170.426555
2026/02/04/13:44:27,running-time,rs-000644-8s7xl,4e1a24af-3781-48f8-b818-e0148988612f,3,1170.426555
2026/02/04/13:44:27,apply-time,rs-000644-bdbzh,e00960b9-6261-4747-ba03-9c68a5cf0510,3,1170.426555
2026/02/04/13:44:27,running-time,rs-000644-bdbzh,e00960b9-6261-4747-ba03-9c68a5cf0510,3,1170.426555
2026/02/04/13:44:27,apply-time,rs-000644-pt5k9,c3e5c1d7-f1cc-43ec-99bd-39b7132a9c41,3,1170.426555
2026/02/04/13:44:27,running-time,rs-000644-pt5k9,c3e5c1d7-f1cc-43ec-99bd-39b7132a9c41,3,1170.426555
2026/02/04/13:44:27,apply-time,rs-000645-8f27t,2cf71b3e-6cae-4c53-b70f-71492bb15a86,1,1170.426555
2026/02/04/13:44:27,running-time,rs-000645-8f27t,2cf71b3e-6cae-4c53-b70f-71492bb15a86,1,1171.426555
2026/02/04/13:44:27,apply-time,rs-000646-fd6k2,b93f3b02-be94-46d0-be38-ab6414c4bdaf,1,1170.426555
2026/02/04/13:44:27,running-time,rs-000646-fd6k2,b93f3b02-be94-46d0-be38-ab6414c4bdaf,1,1171.426555
2026/02/04/13:44:28,apply-time,rs-000647-pxqhg,5b5fa415-f9c3-4255-ab7a-46d5b0d139a9,1,1171.426555
2026/02/04/13:44:28,running-time,rs-000647-pxqhg,5b5fa415-f9c3-4255-ab7a-46d5b0d139a9,1,1171.426555
2026/02/04/13:44:28,apply-time,rs-000648-576sf,0ba64964-2e85-495f-9953-122e9578ccb0,1,1171.426555
2026/02/04/13:44:28,apply-time,rs-000648-gxzdx,ab5be6f3-255c-4ad3-9c84-fe08e6e8ea7c,1,1171.426555
2026/02/04/13:44:28,running-time,rs-000648-gxzdx,ab5be6f3-255c-4ad3-9c84-fe08e6e8ea7c,1,1171.426555
2026/02/04/13:44:28,apply-time,rs-000649-4k4hh,64155ea6-45c9-415d-9314-258a187ee37b,1,1171.426555
2026/02/04/13:44:28,running-time,rs-000649-4k4hh,64155ea6-45c9-415d-9314-258a187ee37b,1,1171.426555
2026/02/04/13:44:28,apply-time,rs-000649-r726n,9c64f63e-fd33-41ea-ab43-cf4ab3ffaa42,1,1171.426555
2026/02/04/13:44:28,running-time,rs-000649-r726n,9c64f63e-fd33-41ea-ab43-cf4ab3ffaa42,1,1171.426555
2026/02/04/13:44:28,apply-time,rs-000649-rz95k,77bab5e2-1ecf-4a0f-b3a2-eed1045a2d54,1,1171.426555
2026/02/04/13:44:28,running-time,rs-000649-rz95k,77bab5e2-1ecf-4a0f-b3a2-eed1045a2d54,1,1171.426555
2026/02/04/13:44:41,apply-time,rs-000650-2z7tp,5543922e-00ee-4a34-9da0-8f60a650b952,2,1184.426555
2026/02/04/13:44:41,running-time,rs-000650-2z7tp,5543922e-00ee-4a34-9da0-8f60a650b952,2,1184.426555
2026/02/04/13:44:41,apply-time,rs-000651-kbskc,238bcb86-9a6e-4fa2-b4ee-2a1065c11df6,3,1184.426555
2026/02/04/13:44:41,running-time,rs-000651-kbskc,238bcb86-9a6e-4fa2-b4ee-2a1065c11df6,3,1184.426555
2026/02/04/13:44:50,apply-time,rs-000652-5w6ws,fe7b81e5-3f34-4d00-8ea2-2f042b09748c,2,1193.426555
2026/02/04/13:44:50,running-time,rs-000652-5w6ws,fe7b81e5-3f34-4d00-8ea2-2f042b09748c,2,1193.426555
2026/02/04/13:44:50,apply-time,rs-000652-q5wqq,8cc7f3a6-aca5-4ad5-92aa-a6c83a764264,2,1193.426555
2026/02/04/13:44:50,running-time,rs-000652-q5wqq,8cc7f3a6-aca5-4ad5-92aa-a6c83a764264,2,1193.426555
2026/02/04/13:44:50,apply-time,rs-000652-xzrxj,aa323b86-9eb2-423c-acbb-01919cb3c74b,2,1193.426555
2026/02/04/13:44:50,running-time,rs-000652-xzrxj,aa323b86-9eb2-423c-acbb-01919cb3c74b,2,1193.426555
2026/02/04/13:44:55,apply-time,rs-000653-gkdzj,413ae16c-a52d-45de-8ba6-2a26ca801b12,4,1198.426555
2026/02/04/13:44:55,running-time,rs-000653-gkdzj,413ae16c-a52d-45de-8ba6-2a26ca801b12,4,1198.426555
2026/02/04/13:44:55,apply-time,rs-000654-k8pmq,655a99b3-d400-4972-a2d7-3a8be56bfc0d,2,1198.426555
2026/02/04/13:44:55,running-time,rs-000654-k8pmq,655a99b3-d400-4972-a2d7-3a8be56bfc0d,2,1198.426555
2026/02/04/13:44:55,apply-time,rs-000655-wbj5t,5748a687-92f7-4bfa-9e3a-a1a02bfe405a,1,1198.426555
2026/02/04/13:44:55,running-time,rs-000655-wbj5t,5748a687-92f7-4bfa-9e3a-a1a02bfe405a,1,1198.426555
2026/02/04/13:45:01,apply-time,rs-000656-g5jv2,f91ebb5d-d13f-4f9b-8673-12dad2144a84,1,1204.426555
2026/02/04/13:45:01,running-time,rs-000656-g5jv2,f91ebb5d-d13f-4f9b-8673-12dad2144a84,1,1204.426555
2026/02/04/13:45:01,apply-time,rs-000656-jnj4l,6c66c462-d32b-45b2-b0e2-30cae2b235cf,1,1204.426555
2026/02/04/13:45:01,apply-time,rs-000657-2qvns,ab9eec82-6fae-4793-a470-80e064ed12a7,4,1204.426555
2026/02/04/13:45:01,running-time,rs-000657-2qvns,ab9eec82-6fae-4793-a470-80e064ed12a7,4,1204.426555
2026/02/04/13:45:01,apply-time,rs-000657-lzqng,1bfbced6-adfb-4cde-8613-b4bd8e0d1dcf,4,1204.426555
2026/02/04/13:45:01,running-time,rs-000657-lzqng,1bfbced6-adfb-4cde-8613-b4bd8e0d1dcf,4,1204.426555
2026/02/04/13:45:01,apply-time,rs-000657-sd2ts,4fc4aa06-9bbd-41d4-8eef-ec1a6a9e8c8a,4,1204.426555
2026/02/04/13:45:01,running-time,rs-000657-sd2ts,4fc4aa06-9bbd-41d4-8eef-ec1a6a9e8c8a,4,1204.426555
2026/02/04/13:45:01,apply-time,rs-000658-4m6ft,3de4160a-83e0-4cf8-b953-cd90b3f0bf77,4,1204.426555
2026/02/04/13:45:01,running-time,rs-000658-4m6ft,3de4160a-83e0-4cf8-b953-cd90b3f0bf77,4,1204.426555
2026/02/04/13:45:01,apply-time,rs-000658-gh9n7,d98fd6ae-4ae3-4b26-97b1-a686a3450376,4,1204.426555
2026/02/04/13:45:01,running-time,rs-000658-gh9n7,d98fd6ae-4ae3-4b26-97b1-a686a3450376,4,1204.426555
2026/02/04/13:45:01,apply-time,rs-000658-m7dn2,020b1599-2fe5-4988-a102-f8702bb0aac6,4,1204.426555
2026/02/04/13:45:01,running-time,rs-000658-m7dn2,020b1599-2fe5-4988-a102-f8702bb0aac6,4,1204.426555
2026/02/04/13:45:01,apply-time,rs-000659-q7q5f,6492be15-086f-4931-a5fe-1940e53c3b84,4,1204.426555
2026/02/04/13:45:01,running-time,rs-000659-q7q5f,6492be15-086f-4931-a5fe-1940e53c3b84,4,1204.426555
2026/02/04/13:45:07,apply-time,rs-000660-2ttwz,e2b5fe80-db4b-45a9-b17d-7ef00981f1ce,2,1210.426555
2026/02/04/13:45:07,running-time,rs-000660-2ttwz,e2b5fe80-db4b-45a9-b17d-7ef00981f1ce,2,1210.426555
2026/02/04/13:45:08,apply-time,rs-000239-54l4m,4aa3414a-e777-4145-9383-914b25f99158,1,1211.426555
2026/02/04/13:45:08,running-time,rs-000239-54l4m,4aa3414a-e777-4145-9383-914b25f99158,1,1211.426555
2026/02/04/13:45:08,running-time,rs-000656-jnj4l,6c66c462-d32b-45b2-b0e2-30cae2b235cf,1,1211.426555
2026/02/04/13:45:08,apply-time,rs-000661-4zlfz,a558ca20-96cb-4b7a-afc6-1eb9c6325799,3,1211.426555
2026/02/04/13:45:08,running-time,rs-000661-4zlfz,a558ca20-96cb-4b7a-afc6-1eb9c6325799,3,1211.426555
2026/02/04/13:45:08,apply-time,rs-000661-zqhwj,13e24854-ebf8-4614-9352-918d40772d77,3,1211.426555
2026/02/04/13:45:08,running-time,rs-000661-zqhwj,13e24854-ebf8-4614-9352-918d40772d77,3,1211.426555
2026/02/04/13:45:08,apply-time,rs-000662-7jnw9,23b55de9-5c9d-4d26-8251-2c8b05e9aaa0,1,1211.426555
2026/02/04/13:45:08,running-time,rs-000662-7jnw9,23b55de9-5c9d-4d26-8251-2c8b05e9aaa0,1,1211.426555
2026/02/04/13:45:08,apply-time,rs-000662-l5xbs,7a9bb7ce-2178-4e4f-bbe6-eba484e4df63,1,1211.426555
2026/02/04/13:45:08,running-time,rs-000662-l5xbs,7a9bb7ce-2178-4e4f-bbe6-eba484e4df63,1,1211.426555
2026/02/04/13:45:08,apply-time,rs-000662-n49s2,01452e0f-66ff-4ef1-879e-99c1762b206b,1,1211.426555
2026/02/04/13:45:08,running-time,rs-000662-n49s2,01452e0f-66ff-4ef1-879e-99c1762b206b,1,1211.426555
2026/02/04/13:45:08,apply-time,rs-000663-8hm2g,400167f6-e3cb-4fa6-b2fa-fc29d07a0dc0,1,1212.426555
2026/02/04/13:45:08,running-time,rs-000663-8hm2g,400167f6-e3cb-4fa6-b2fa-fc29d07a0dc0,1,1212.426555
2026/02/04/13:45:08,apply-time,rs-000663-t27w8,5450a0e6-8f70-4c5b-86e3-d81c3cd061b3,1,1212.426555
2026/02/04/13:45:08,running-time,rs-000663-t27w8,5450a0e6-8f70-4c5b-86e3-d81c3cd061b3,1,1212.426555
2026/02/04/13:45:08,apply-time,rs-000664-7cj4f,0e5ce2f3-2c7f-42c0-bc51-42b33d6d1071,2,1212.426555
2026/02/04/13:45:08,running-time,rs-000664-7cj4f,0e5ce2f3-2c7f-42c0-bc51-42b33d6d1071,2,1212.426555
2026/02/04/13:45:08,apply-time,rs-000664-xlmvq,39515d16-e58f-451e-a860-c7fb5832f7c1,2,1212.426555
2026/02/04/13:45:08,running-time,rs-000664-xlmvq,39515d16-e58f-451e-a860-c7fb5832f7c1,2,1212.426555
2026/02/04/13:45:09,apply-time,rs-000665-2t8nn,547c1c2e-6f8d-47e6-be39-35184328c3cd,1,1212.426555
2026/02/04/13:45:09,running-time,rs-000665-2t8nn,547c1c2e-6f8d-47e6-be39-35184328c3cd,1,1212.426555
2026/02/04/13:45:22,apply-time,rs-000666-fgqk7,4d4aa85c-ea0f-4f78-8c3e-6a39347ea1a5,1,1226.426555
2026/02/04/13:45:22,apply-time,rs-000666-mtkx5,3c3e5694-adf4-4739-b6db-9c0165a9efa1,1,1226.426555
2026/02/04/13:45:22,apply-time,rs-000666-n526j,466ef6e5-9138-4e60-8695-3a0d3fc0c69e,1,1226.426555
2026/02/04/13:45:22,apply-time,rs-000667-54l8t,609a30ef-6dd3-4618-a195-19e7b6348b39,1,1226.426555
2026/02/04/13:45:22,apply-time,rs-000668-hppwv,4af8f856-db6e-4f6d-916c-59d26d199d2c,1,1226.426555
2026/02/04/13:45:22,apply-time,rs-000668-nzs2j,e495a65c-c59e-46a0-a4e1-1d974cfde87c,1,1226.426555
2026/02/04/13:45:22,apply-time,rs-000668-v8s26,fbf9e4ef-13f4-418d-b208-e8a640761e38,1,1226.426555
2026/02/04/13:45:23,running-time,rs-000666-fgqk7,4d4aa85c-ea0f-4f78-8c3e-6a39347ea1a5,1,1226.426555
2026/02/04/13:45:23,running-time,rs-000666-mtkx5,3c3e5694-adf4-4739-b6db-9c0165a9efa1,1,1226.426555
2026/02/04/13:45:23,running-time,rs-000666-n526j,466ef6e5-9138-4e60-8695-3a0d3fc0c69e,1,1226.426555
2026/02/04/13:45:23,running-time,rs-000667-54l8t,609a30ef-6dd3-4618-a195-19e7b6348b39,1,1226.426555
2026/02/04/13:45:23,apply-time,rs-000667-6mfdc,4022d222-65c9-4d2c-a9c5-f9fcdeec8e9f,1,1226.426555
2026/02/04/13:45:23,running-time,rs-000668-hppwv,4af8f856-db6e-4f6d-916c-59d26d199d2c,1,1226.426555
2026/02/04/13:45:23,running-time,rs-000668-nzs2j,e495a65c-c59e-46a0-a4e1-1d974cfde87c,1,1226.426555
2026/02/04/13:45:23,running-time,rs-000668-v8s26,fbf9e4ef-13f4-418d-b208-e8a640761e38,1,1226.426555
2026/02/04/13:45:25,apply-time,rs-000669-87jgh,ddd02bc7-436d-4cd7-a48c-0ad77dc7a876,1,1229.426555
2026/02/04/13:45:25,running-time,rs-000669-87jgh,ddd02bc7-436d-4cd7-a48c-0ad77dc7a876,1,1229.426555
2026/02/04/13:45:25,apply-time,rs-000669-dr92m,eb64b4c1-cf16-4253-904f-6b7f9231471a,1,1229.426555
2026/02/04/13:45:25,running-time,rs-000669-dr92m,eb64b4c1-cf16-4253-904f-6b7f9231471a,1,1229.426555
2026/02/04/13:45:25,apply-time,rs-000670-74cbb,7b3b6375-b7fa-4984-88df-8134b5e2d60b,3,1229.426555
2026/02/04/13:45:25,running-time,rs-000670-74cbb,7b3b6375-b7fa-4984-88df-8134b5e2d60b,3,1229.426555
2026/02/04/13:45:25,apply-time,rs-000670-7zlfb,9603c89a-3f18-4c97-b39b-ed72c03a0906,3,1229.426555
2026/02/04/13:45:25,running-time,rs-000670-7zlfb,9603c89a-3f18-4c97-b39b-ed72c03a0906,3,1229.426555
2026/02/04/13:45:26,running-time,rs-000667-6mfdc,4022d222-65c9-4d2c-a9c5-f9fcdeec8e9f,1,1229.426555
2026/02/04/13:45:42,apply-time,rs-000671-l9jn5,44c4d3cc-f7e4-4024-a389-d2d60fabd742,2,1245.426555
2026/02/04/13:45:42,running-time,rs-000671-l9jn5,44c4d3cc-f7e4-4024-a389-d2d60fabd742,2,1245.426555
2026/02/04/13:45:42,apply-time,rs-000672-52xjp,1d27676e-4422-4445-94b1-1e40ac230f61,3,1245.426555
2026/02/04/13:45:42,running-time,rs-000672-52xjp,1d27676e-4422-4445-94b1-1e40ac230f61,3,1245.426555
2026/02/04/13:45:42,apply-time,rs-000672-rlrz2,265482f6-b229-4f80-899c-b495b6886bb8,3,1245.426555
2026/02/04/13:45:42,running-time,rs-000672-rlrz2,265482f6-b229-4f80-899c-b495b6886bb8,3,1245.426555
2026/02/04/13:45:42,apply-time,rs-000672-w48nh,04148fff-954d-4b61-926e-e5afe8678434,3,1245.426555
2026/02/04/13:45:42,running-time,rs-000672-w48nh,04148fff-954d-4b61-926e-e5afe8678434,3,1245.426555
2026/02/04/13:45:42,apply-time,rs-000673-gp78w,6bb3344e-019b-4a41-91f4-aa6e0fb59f0b,1,1245.426555
2026/02/04/13:45:42,running-time,rs-000673-gp78w,6bb3344e-019b-4a41-91f4-aa6e0fb59f0b,1,1245.426555
2026/02/04/13:45:42,apply-time,rs-000673-gt2mv,c4a4f9d3-b97d-4781-83a9-5c37a0a66b1b,1,1245.426555
2026/02/04/13:45:42,running-time,rs-000673-gt2mv,c4a4f9d3-b97d-4781-83a9-5c37a0a66b1b,1,1245.426555
2026/02/04/13:45:42,apply-time,rs-000673-lw8t4,5b6bf8cf-594f-4e1c-9512-9a451b7e4c05,1,1245.426555
2026/02/04/13:45:42,running-time,rs-000673-lw8t4,5b6bf8cf-594f-4e1c-9512-9a451b7e4c05,1,1245.426555
2026/02/04/13:45:42,apply-time,rs-000674-ndvjm,6dcced98-21bf-4f68-948a-f3cb2e94af77,1,1245.426555
2026/02/04/13:45:42,running-time,rs-000674-ndvjm,6dcced98-21bf-4f68-948a-f3cb2e94af77,1,1245.426555
2026/02/04/13:45:45,apply-time,rs-000675-728jz,e6352771-a72e-4834-9405-411932c5b3bb,1,1248.426555
2026/02/04/13:45:45,running-time,rs-000675-728jz,e6352771-a72e-4834-9405-411932c5b3bb,1,1248.426555
2026/02/04/13:45:45,apply-time,rs-000675-btssm,86b789ed-c69c-4ba7-87e9-31389075b5ee,1,1248.426555
2026/02/04/13:45:45,apply-time,rs-000675-w6vg2,e0125012-d9f0-4c19-aeaf-d2e15f7b1255,1,1248.426555
2026/02/04/13:45:45,running-time,rs-000675-w6vg2,e0125012-d9f0-4c19-aeaf-d2e15f7b1255,1,1248.426555
2026/02/04/13:45:45,apply-time,rs-000676-gjt58,942a5658-978c-40d4-9213-21ff64b9634d,1,1249.426555
2026/02/04/13:45:45,running-time,rs-000676-gjt58,942a5658-978c-40d4-9213-21ff64b9634d,1,1249.426555
2026/02/04/13:45:45,apply-time,rs-000676-mqgbg,087d63c5-749f-4f62-98db-a6de6b53cd43,1,1249.426555
2026/02/04/13:45:45,running-time,rs-000676-mqgbg,087d63c5-749f-4f62-98db-a6de6b53cd43,1,1249.426555
2026/02/04/13:45:45,apply-time,rs-000676-zx45h,e442cccc-2098-44e7-b868-06b590711bfe,1,1249.426555
2026/02/04/13:45:45,running-time,rs-000676-zx45h,e442cccc-2098-44e7-b868-06b590711bfe,1,1249.426555
2026/02/04/13:45:45,apply-time,rs-000677-rwdv7,1a111512-38b2-486a-b075-a44146a30202,1,1249.426555
2026/02/04/13:45:45,running-time,rs-000677-rwdv7,1a111512-38b2-486a-b075-a44146a30202,1,1249.426555
2026/02/04/13:45:45,apply-time,rs-000677-swzh6,947f2543-d1d1-4777-a3a0-a0ac8ff4d8a6,1,1249.426555
2026/02/04/13:45:45,running-time,rs-000677-swzh6,947f2543-d1d1-4777-a3a0-a0ac8ff4d8a6,1,1249.426555
2026/02/04/13:45:48,running-time,rs-000675-btssm,86b789ed-c69c-4ba7-87e9-31389075b5ee,1,1252.426555
2026/02/04/13:45:51,apply-time,rs-000678-xrljz,2d94d393-a559-474e-b154-2b1ecd57bfc4,4,1254.426555
2026/02/04/13:45:51,running-time,rs-000678-xrljz,2d94d393-a559-474e-b154-2b1ecd57bfc4,4,1254.426555
2026/02/04/13:45:51,apply-time,rs-000679-ss8l6,25d87ae7-34b7-4b4b-952f-2d9fd2fda11f,2,1254.426555
2026/02/04/13:45:51,running-time,rs-000679-ss8l6,25d87ae7-34b7-4b4b-952f-2d9fd2fda11f,2,1254.426555
2026/02/04/13:45:51,apply-time,rs-000680-ddpmz,59b9e1a3-f2a1-4365-8cb4-aebc3351f4b7,3,1254.426555
2026/02/04/13:45:51,running-time,rs-000680-ddpmz,59b9e1a3-f2a1-4365-8cb4-aebc3351f4b7,3,1254.426555
2026/02/04/13:45:51,apply-time,rs-000681-fkq9h,f7ba40eb-53d8-431f-b470-5136163b74b8,2,1254.426555
2026/02/04/13:45:51,running-time,rs-000681-fkq9h,f7ba40eb-53d8-431f-b470-5136163b74b8,2,1254.426555
2026/02/04/13:45:52,apply-time,rs-000682-kw6sk,445ba111-a8dd-4237-82be-7116b9831bc7,2,1255.426555
2026/02/04/13:45:52,running-time,rs-000682-kw6sk,445ba111-a8dd-4237-82be-7116b9831bc7,2,1255.426555
2026/02/04/13:45:52,apply-time,rs-000682-xlnx2,70cab9a9-6588-4681-8afe-316ab1732693,2,1255.426555
2026/02/04/13:45:52,running-time,rs-000682-xlnx2,70cab9a9-6588-4681-8afe-316ab1732693,2,1255.426555
2026/02/04/13:45:52,apply-time,rs-000683-cftd2,663fbca2-8d8c-414e-9a09-1884bb345959,1,1255.426555
2026/02/04/13:45:52,running-time,rs-000683-cftd2,663fbca2-8d8c-414e-9a09-1884bb345959,1,1255.426555
2026/02/04/13:45:52,apply-time,rs-000683-hs8kc,69951e43-794c-4386-bc84-042c1b2b293b,1,1255.426555
2026/02/04/13:45:52,running-time,rs-000683-hs8kc,69951e43-794c-4386-bc84-042c1b2b293b,1,1255.426555
2026/02/04/13:45:54,apply-time,rs-000684-pwjnp,c8294bc0-1c28-4783-8aa9-7201fa0630ab,2,1257.426555
2026/02/04/13:45:54,running-time,rs-000684-pwjnp,c8294bc0-1c28-4783-8aa9-7201fa0630ab,2,1257.426555
2026/02/04/13:45:55,apply-time,rs-000685-9kptm,380d0f56-de1b-46e8-8a19-f77061473f89,2,1258.426555
2026/02/04/13:45:55,running-time,rs-000685-9kptm,380d0f56-de1b-46e8-8a19-f77061473f89,2,1258.426555
2026/02/04/13:45:55,apply-time,rs-000686-22h92,10f99744-c479-4dbc-9a9b-e5f359634aff,2,1258.426555
2026/02/04/13:45:55,running-time,rs-000686-22h92,10f99744-c479-4dbc-9a9b-e5f359634aff,2,1258.426555
2026/02/04/13:45:55,apply-time,rs-000686-kjzz7,517bd72e-98e3-4fb4-9993-8579dcbf13c5,2,1258.426555
2026/02/04/13:45:55,running-time,rs-000686-kjzz7,517bd72e-98e3-4fb4-9993-8579dcbf13c5,2,1258.426555
2026/02/04/13:45:55,apply-time,rs-000686-zr4br,46ff0aef-5eec-4586-a464-dc51e153280e,2,1258.426555
2026/02/04/13:45:55,running-time,rs-000686-zr4br,46ff0aef-5eec-4586-a464-dc51e153280e,2,1258.426555
2026/02/04/13:45:57,apply-time,rs-000687-szmsl,4593ee63-cde0-4a5a-ac76-e473a9788e69,2,1260.426555
2026/02/04/13:45:57,apply-time,rs-000688-sgbbp,001fcd5b-107a-469d-b9e1-a13d048c50ca,3,1260.426555
2026/02/04/13:45:57,running-time,rs-000688-sgbbp,001fcd5b-107a-469d-b9e1-a13d048c50ca,3,1260.426555
2026/02/04/13:45:57,apply-time,rs-000689-h469s,3f05832f-d2e4-450d-a69c-12aba81ca2f4,3,1260.426555
2026/02/04/13:45:57,running-time,rs-000689-h469s,3f05832f-d2e4-450d-a69c-12aba81ca2f4,3,1260.426555
2026/02/04/13:45:57,apply-time,rs-000690-2d8qv,ef436370-72b0-4e73-aec0-d38ec74e78b3,1,1260.426555
2026/02/04/13:45:57,running-time,rs-000690-2d8qv,ef436370-72b0-4e73-aec0-d38ec74e78b3,1,1260.426555
2026/02/04/13:45:57,apply-time,rs-000690-7vh65,9ae1836c-e101-441d-8cca-6c3e7abf4b65,1,1260.426555
2026/02/04/13:45:57,running-time,rs-000690-7vh65,9ae1836c-e101-441d-8cca-6c3e7abf4b65,1,1260.426555
2026/02/04/13:45:57,apply-time,rs-000690-88b68,1bd67c25-d641-4400-a6d8-c366e009c02b,1,1260.426555
2026/02/04/13:45:57,running-time,rs-000690-88b68,1bd67c25-d641-4400-a6d8-c366e009c02b,1,1260.426555
2026/02/04/13:45:57,apply-time,rs-000691-x8dvm,91bd33ba-0c9b-43dc-8373-3e687dc0de66,4,1260.426555
2026/02/04/13:45:57,running-time,rs-000691-x8dvm,91bd33ba-0c9b-43dc-8373-3e687dc0de66,4,1261.426555
2026/02/04/13:45:57,apply-time,rs-000692-8qz5h,e78cf06f-d3de-4f99-8594-d1874624c43b,4,1260.426555
2026/02/04/13:45:57,running-time,rs-000692-8qz5h,e78cf06f-d3de-4f99-8594-d1874624c43b,4,1260.426555
2026/02/04/13:45:57,apply-time,rs-000692-kgbwz,fa403cd6-3aee-46c1-8e4e-e7ffa2ff446d,4,1260.426555
2026/02/04/13:45:57,running-time,rs-000692-kgbwz,fa403cd6-3aee-46c1-8e4e-e7ffa2ff446d,4,1260.426555
2026/02/04/13:45:57,apply-time,rs-000693-hd2q7,3bb652da-60c0-476d-a6b2-2d548ba2c468,2,1260.426555
2026/02/04/13:45:57,running-time,rs-000693-hd2q7,3bb652da-60c0-476d-a6b2-2d548ba2c468,2,1260.426555
2026/02/04/13:45:57,apply-time,rs-000693-tz7mm,a7ba5586-3dc6-4ca1-9d21-4994235fc3a1,2,1261.426555
2026/02/04/13:45:57,apply-time,rs-000693-wkx69,c15576f9-1801-4fd5-84ad-ad925d62a226,2,1261.426555
2026/02/04/13:45:57,running-time,rs-000693-wkx69,c15576f9-1801-4fd5-84ad-ad925d62a226,2,1261.426555
2026/02/04/13:45:57,apply-time,rs-000694-4dhsp,7db00828-b96c-4177-be93-4b7806c2896b,1,1260.426555
2026/02/04/13:45:57,apply-time,rs-000695-zdvh6,4f1b1ef0-bc9d-4045-aec5-98ab4992e4a6,3,1260.426555
2026/02/04/13:45:57,running-time,rs-000695-zdvh6,4f1b1ef0-bc9d-4045-aec5-98ab4992e4a6,3,1260.426555
2026/02/04/13:45:58,running-time,rs-000693-tz7mm,a7ba5586-3dc6-4ca1-9d21-4994235fc3a1,2,1261.426555
2026/02/04/13:45:58,apply-time,rs-000695-bpdzc,8c92db43-d051-4657-8d60-8b66fb11c094,3,1261.426555
2026/02/04/13:45:58,apply-time,rs-000696-6f5nn,fd3c4160-c675-47ab-a877-5a36fbc8ceff,2,1261.426555
2026/02/04/13:45:58,running-time,rs-000696-6f5nn,fd3c4160-c675-47ab-a877-5a36fbc8ceff,2,1261.426555
2026/02/04/13:45:58,apply-time,rs-000696-rfwl6,b8618908-8040-43c8-b927-2395f6c786b3,2,1261.426555
2026/02/04/13:45:58,running-time,rs-000696-rfwl6,b8618908-8040-43c8-b927-2395f6c786b3,2,1261.426555
2026/02/04/13:45:58,apply-time,rs-000697-d296j,e8531a15-6e6a-4046-b124-7bcd02e80125,1,1262.426555
2026/02/04/13:45:58,apply-time,rs-000697-s9cdz,338fd3e3-f5e1-408f-b2c0-610fe18364f7,1,1262.426555
2026/02/04/13:45:58,apply-time,rs-000697-wh8nv,8d70cd89-16ac-4144-bc20-5a8e0841680d,1,1261.426555
2026/02/04/13:45:58,apply-time,rs-000698-65pw9,595b33d3-a1ec-4a81-b4aa-8868da00203e,3,1261.426555
2026/02/04/13:45:58,apply-time,rs-000698-shl9s,65073878-c275-493d-8bf2-6d02f9713499,3,1261.426555
2026/02/04/13:45:58,apply-time,rs-000698-tr82k,1222cd26-a428-420c-adfd-998f6fb6a97e,3,1261.426555
2026/02/04/13:45:58,running-time,rs-000698-tr82k,1222cd26-a428-420c-adfd-998f6fb6a97e,3,1261.426555
2026/02/04/13:45:58,apply-time,rs-000699-4dngv,cbccb2db-9128-466d-912b-15dc8aa4f991,1,1261.426555
2026/02/04/13:45:58,running-time,rs-000699-4dngv,cbccb2db-9128-466d-912b-15dc8aa4f991,1,1261.426555
2026/02/04/13:45:58,apply-time,rs-000699-52rnb,b08c2158-09f1-4a25-88de-5911aaaf4a79,1,1262.426555
2026/02/04/13:45:58,apply-time,rs-000700-p9sss,cdb85b74-ac07-4cd1-b669-d52b523a2860,4,1261.426555
2026/02/04/13:45:59,apply-time,rs-000700-w86gr,13335400-95b5-46fd-bbe4-33ce57ee8d9c,4,1262.426555
2026/02/04/13:45:59,apply-time,rs-000701-wx9lw,eae11981-10ee-419b-90d1-ecf34fe2479a,3,1262.426555
2026/02/04/13:46:00,apply-time,rs-000703-rqfkw,e2e0f4a0-0918-4cdd-a106-75efe003713b,2,1263.426555
2026/02/04/13:46:00,apply-time,rs-000704-29d8c,c73235d3-ee04-4c4d-a318-f9efd515a0c3,1,1263.426555
2026/02/04/13:46:00,apply-time,rs-000705-wnk6n,1d62a51c-405a-4783-bb21-bf4878877219,2,1263.426555
2026/02/04/13:46:00,apply-time,rs-000706-j7jll,608fa658-59dc-4287-b520-322bb4d2784a,1,1263.426555
2026/02/04/13:46:00,apply-time,rs-000706-x54xv,b2a8eb0f-1f4d-49fb-b7a9-d07c1213ff1a,1,1263.426555
2026/02/04/13:46:00,running-time,rs-000706-x54xv,b2a8eb0f-1f4d-49fb-b7a9-d07c1213ff1a,1,1263.426555
2026/02/04/13:46:00,apply-time,rs-000706-xb6f6,29773c58-dc68-4a1a-9488-e8f36175347b,1,1263.426555
2026/02/04/13:46:00,running-time,rs-000706-xb6f6,29773c58-dc68-4a1a-9488-e8f36175347b,1,1263.426555
2026/02/04/13:46:01,running-time,rs-000698-65pw9,595b33d3-a1ec-4a81-b4aa-8868da00203e,3,1264.426555
2026/02/04/13:46:02,running-time,rs-000704-29d8c,c73235d3-ee04-4c4d-a318-f9efd515a0c3,1,1265.426555
2026/02/04/13:46:03,apply-time,rs-000707-m5xw5,af2e624d-5b8c-41c4-b6d4-4004d9f349cb,1,1266.426555
2026/02/04/13:46:03,apply-time,rs-000707-qmqrj,5a3f14ab-4a41-41a0-b5d3-527cdcf55179,1,1266.426555
2026/02/04/13:46:03,apply-time,rs-000708-qqfkc,d78c64ef-17c0-4703-8a0c-3412e181862b,1,1266.426555
2026/02/04/13:46:03,apply-time,rs-000709-7xr88,e2c7a04c-3657-441d-8207-7cd2049dabfd,3,1266.426555
2026/02/04/13:46:03,apply-time,rs-000709-hwn67,daeaacc7-c18c-44e8-a231-d59de29b102d,3,1266.426555
2026/02/04/13:46:03,apply-time,rs-000710-5lqfp,044c9ece-7be9-46a3-8623-8bcab4e8b988,2,1266.426555
2026/02/04/13:46:03,apply-time,rs-000710-9j54x,7ffde9bb-7ae4-4dba-8461-ecdd8d92f1f4,2,1266.426555
2026/02/04/13:46:03,apply-time,rs-000710-q6pxt,a82ab1b5-d7b4-4833-b0b1-4e54c351fff3,2,1266.426555
2026/02/04/13:46:03,apply-time,rs-000711-bmbsr,0271d38e-a4b0-45c5-89b1-d48f8c3b8bcb,1,1266.426555
2026/02/04/13:46:03,apply-time,rs-000712-8rz6p,5c2afe9f-a476-4c7b-be05-0d48783b7a20,1,1266.426555
2026/02/04/13:46:03,apply-time,rs-000712-b9zzq,3ee85aa0-98e2-4de5-b114-b47d2b248be1,1,1266.426555
2026/02/04/13:46:04,running-time,rs-000701-wx9lw,eae11981-10ee-419b-90d1-ecf34fe2479a,3,1268.426555
2026/02/04/13:46:04,running-time,rs-000709-7xr88,e2c7a04c-3657-441d-8207-7cd2049dabfd,3,1267.426555
2026/02/04/13:46:05,running-time,rs-000698-shl9s,65073878-c275-493d-8bf2-6d02f9713499,3,1268.426555
2026/02/04/13:46:05,running-time,rs-000708-qqfkc,d78c64ef-17c0-4703-8a0c-3412e181862b,1,1268.426555
2026/02/04/13:46:07,running-time,rs-000705-wnk6n,1d62a51c-405a-4783-bb21-bf4878877219,2,1270.426555
2026/02/04/13:46:07,running-time,rs-000710-5lqfp,044c9ece-7be9-46a3-8623-8bcab4e8b988,2,1270.426555
2026/02/04/13:46:07,running-time,rs-000710-9j54x,7ffde9bb-7ae4-4dba-8461-ecdd8d92f1f4,2,1270.426555
2026/02/04/13:46:09,apply-time,rs-000713-bfj2k,e608d29c-541b-453a-bf07-a23c38892fb0,1,1272.426555
2026/02/04/13:46:09,apply-time,rs-000714-flfdt,3809f838-12ea-4272-a1d3-dd86a8788de7,3,1272.426555
2026/02/04/13:46:09,running-time,rs-000714-flfdt,3809f838-12ea-4272-a1d3-dd86a8788de7,3,1272.426555
2026/02/04/13:46:09,apply-time,rs-000714-nkm4r,15da5bd8-81e4-4908-bda2-a75e2a41ca5c,3,1272.426555
2026/02/04/13:46:09,running-time,rs-000714-nkm4r,15da5bd8-81e4-4908-bda2-a75e2a41ca5c,3,1272.426555
2026/02/04/13:46:09,apply-time,rs-000715-kfh8n,15e5ca2d-0e51-4f5e-81ac-ecab9f7bc59e,2,1272.426555
2026/02/04/13:46:09,running-time,rs-000715-kfh8n,15e5ca2d-0e51-4f5e-81ac-ecab9f7bc59e,2,1272.426555
2026/02/04/13:46:11,apply-time,rs-000716-2fpvk,4fe1daaf-7f76-4d4c-b83c-831919aeaeff,4,1274.426555
2026/02/04/13:46:11,apply-time,rs-000717-5ww6j,8efe3325-80d9-4422-adc8-fe875311916d,3,1274.426555
2026/02/04/13:46:11,running-time,rs-000717-5ww6j,8efe3325-80d9-4422-adc8-fe875311916d,3,1275.426555
2026/02/04/13:46:11,apply-time,rs-000717-dzsmw,84ec6e04-4833-439e-b483-110d2cc5333f,3,1274.426555
2026/02/04/13:46:11,running-time,rs-000717-dzsmw,84ec6e04-4833-439e-b483-110d2cc5333f,3,1274.426555
2026/02/04/13:46:11,apply-time,rs-000717-nv8w5,e515d59c-932f-40c7-89d3-44971157752f,3,1274.426555
2026/02/04/13:46:13,running-time,rs-000717-nv8w5,e515d59c-932f-40c7-89d3-44971157752f,3,1276.426555
2026/02/04/13:46:15,apply-time,rs-000718-xd6h4,91ed6f24-9ab4-48b8-9043-414a15e14de3,3,1279.426555
2026/02/04/13:46:15,running-time,rs-000718-xd6h4,91ed6f24-9ab4-48b8-9043-414a15e14de3,3,1279.426555
2026/02/04/13:46:20,running-time,rs-000710-q6pxt,a82ab1b5-d7b4-4833-b0b1-4e54c351fff3,2,1283.426555
2026/02/04/13:46:27,apply-time,rs-000719-d9d2p,05e6a77b-2946-45e9-b49a-1a3a4824bf8c,4,1290.426555
2026/02/04/13:46:27,running-time,rs-000719-d9d2p,05e6a77b-2946-45e9-b49a-1a3a4824bf8c,4,1290.426555
2026/02/04/13:46:27,apply-time,rs-000720-wm4lc,b9f6e5fb-ddb6-43e3-b6b9-477b4002b5a9,3,1290.426555
2026/02/04/13:46:27,running-time,rs-000720-wm4lc,b9f6e5fb-ddb6-43e3-b6b9-477b4002b5a9,3,1290.426555
2026/02/04/13:46:40,apply-time,rs-000721-8bms5,eaea23d6-c8f3-4b03-a9ab-e9fda122fb32,3,1303.426555
2026/02/04/13:46:40,running-time,rs-000721-8bms5,eaea23d6-c8f3-4b03-a9ab-e9fda122fb32,3,1303.426555
2026/02/04/13:46:40,apply-time,rs-000721-kxqdl,d0ef38ec-cabe-4173-8f16-5a9e8118cccb,3,1303.426555
2026/02/04/13:46:40,running-time,rs-000721-kxqdl,d0ef38ec-cabe-4173-8f16-5a9e8118cccb,3,1303.426555
2026/02/04/13:46:40,apply-time,rs-000721-vpphl,1971a07a-3ef5-4159-b23c-40e082538f8f,3,1303.426555
2026/02/04/13:46:40,running-time,rs-000721-vpphl,1971a07a-3ef5-4159-b23c-40e082538f8f,3,1303.426555
2026/02/04/13:46:40,apply-time,rs-000722-6nd2c,ed7865ec-18ad-4cb7-bcc8-7d0f32bb63ff,2,1303.426555
2026/02/04/13:46:40,running-time,rs-000722-6nd2c,ed7865ec-18ad-4cb7-bcc8-7d0f32bb63ff,2,1304.426555
2026/02/04/13:46:40,apply-time,rs-000722-brgd7,34a2495f-4a97-473a-8cac-395ed3be1f43,2,1303.426555
2026/02/04/13:46:40,running-time,rs-000722-brgd7,34a2495f-4a97-473a-8cac-395ed3be1f43,2,1303.426555
2026/02/04/13:46:40,apply-time,rs-000722-k84h8,50901850-2d84-4fe6-9201-35bf21731647,2,1303.426555
2026/02/04/13:46:40,running-time,rs-000722-k84h8,50901850-2d84-4fe6-9201-35bf21731647,2,1304.426555
2026/02/04/13:46:40,apply-time,rs-000723-74447,07f5be59-2e30-4c57-aa4d-1b4e3345752b,1,1304.426555
2026/02/04/13:46:40,running-time,rs-000723-74447,07f5be59-2e30-4c57-aa4d-1b4e3345752b,1,1304.426555
2026/02/04/13:46:40,apply-time,rs-000723-phld2,db567bda-78cd-4d9b-9dab-91185f5a1f3c,1,1304.426555
2026/02/04/13:46:40,running-time,rs-000723-phld2,db567bda-78cd-4d9b-9dab-91185f5a1f3c,1,1304.426555
2026/02/04/13:46:40,apply-time,rs-000723-z2dmd,080343a4-53ff-4d09-8ca6-ec16fd95c4b7,1,1304.426555
2026/02/04/13:46:40,running-time,rs-000723-z2dmd,080343a4-53ff-4d09-8ca6-ec16fd95c4b7,1,1304.426555
2026/02/04/13:46:40,apply-time,rs-000724-57dx6,856a98ec-62c8-4372-ba74-1026770e18d7,2,1304.426555
2026/02/04/13:46:40,apply-time,rs-000724-dr9bs,496df677-3884-4798-ac29-700d2543cb43,2,1304.426555
2026/02/04/13:46:40,running-time,rs-000724-dr9bs,496df677-3884-4798-ac29-700d2543cb43,2,1304.426555
2026/02/04/13:46:40,apply-time,rs-000724-sqc4n,4b69b716-f6fb-468b-b959-254eca3a0c62,2,1304.426555
2026/02/04/13:46:40,apply-time,rs-000725-7bmdt,2a820f70-2988-4731-afe6-3524f18bd4cf,3,1304.426555
2026/02/04/13:46:40,running-time,rs-000725-7bmdt,2a820f70-2988-4731-afe6-3524f18bd4cf,3,1304.426555
2026/02/04/13:46:40,apply-time,rs-000726-mshwf,ce1bde47-4113-47e4-8de9-253f4d28ac66,2,1304.426555
2026/02/04/13:46:40,apply-time,rs-000726-xdn98,064c32e1-5bd5-4ea3-b088-9a6349a374d5,2,1304.426555
2026/02/04/13:46:41,apply-time,rs-000727-2v6lr,868c6365-764d-4b23-bb48-be7bbc30bbfa,4,1305.426555
2026/02/04/13:46:41,apply-time,rs-000727-pf94c,250f0470-2d65-4b7b-89bb-303cc91ad4df,4,1305.426555
2026/02/04/13:46:41,apply-time,rs-000727-vfdzf,1c370266-b5b1-42cc-beaf-ecbe08c692c8,4,1305.426555
2026/02/04/13:46:41,apply-time,rs-000728-c2wpx,0be6c625-7ad4-4e4e-bdee-84d1f4ddeb7a,4,1305.426555
2026/02/04/13:46:41,running-time,rs-000728-c2wpx,0be6c625-7ad4-4e4e-bdee-84d1f4ddeb7a,4,1305.426555
2026/02/04/13:46:41,apply-time,rs-000729-nzswf,71b8ff52-e10a-4278-92fa-ba4982fc0d8c,1,1305.426555
2026/02/04/13:46:41,running-time,rs-000729-nzswf,71b8ff52-e10a-4278-92fa-ba4982fc0d8c,1,1305.426555
2026/02/04/13:46:41,apply-time,rs-000729-tv4lm,d06c3402-51ae-4fbd-ac86-7c072703422b,1,1305.426555
2026/02/04/13:46:41,running-time,rs-000729-tv4lm,d06c3402-51ae-4fbd-ac86-7c072703422b,1,1305.426555
2026/02/04/13:46:42,apply-time,rs-000728-787vd,664576c3-9b45-4a64-9c8e-19fdb394a576,4,1305.426555
2026/02/04/13:46:42,running-time,rs-000728-787vd,664576c3-9b45-4a64-9c8e-19fdb394a576,4,1305.426555
2026/02/04/13:46:42,apply-time,rs-000728-z5n2w,02ea4ed1-e098-4788-89dc-3872d73dc923,4,1305.426555
2026/02/04/13:46:42,running-time,rs-000728-z5n2w,02ea4ed1-e098-4788-89dc-3872d73dc923,4,1305.426555
2026/02/04/13:46:45,running-time,rs-000727-pf94c,250f0470-2d65-4b7b-89bb-303cc91ad4df,4,1309.426555
2026/02/04/13:46:45,running-time,rs-000727-vfdzf,1c370266-b5b1-42cc-beaf-ecbe08c692c8,4,1309.426555
2026/02/04/13:46:46,apply-time,rs-000730-cs8sj,0ba057fb-25a5-4a25-8d05-70291632fbab,3,1309.426555
2026/02/04/13:46:46,apply-time,rs-000730-l95hv,9e261d01-fc25-458e-81cf-d69b43859e6b,3,1310.426555
2026/02/04/13:46:46,apply-time,rs-000731-54fpt,f19003cd-12e5-46f1-b38f-06442efd1cf8,1,1309.426555
2026/02/04/13:46:46,running-time,rs-000731-54fpt,f19003cd-12e5-46f1-b38f-06442efd1cf8,1,1310.426555
2026/02/04/13:46:46,apply-time,rs-000732-m2n4s,3b1de53b-cd2b-4631-b789-3e868f7cb166,1,1310.426555
2026/02/04/13:46:46,apply-time,rs-000732-rhlx5,4811a87c-6a9f-4567-a268-0bcd3405d959,1,1310.426555
2026/02/04/13:46:46,apply-time,rs-000733-lbz5z,fba4e156-d074-4443-953b-0aa440239db9,2,1310.426555
2026/02/04/13:46:46,running-time,rs-000733-lbz5z,fba4e156-d074-4443-953b-0aa440239db9,2,1310.426555
2026/02/04/13:46:47,running-time,rs-000730-cs8sj,0ba057fb-25a5-4a25-8d05-70291632fbab,3,1310.426555
2026/02/04/13:46:47,running-time,rs-000732-rhlx5,4811a87c-6a9f-4567-a268-0bcd3405d959,1,1310.426555
2026/02/04/13:46:47,apply-time,rs-000734-hj7tz,42c01fac-daa3-476d-b64f-b17f07f994a1,3,1310.426555
2026/02/04/13:46:47,running-time,rs-000734-hj7tz,42c01fac-daa3-476d-b64f-b17f07f994a1,3,1310.426555
2026/02/04/13:46:47,apply-time,rs-000734-ngk2q,a95c0465-354d-4c1f-8374-703cca86e4fc,3,1310.426555
2026/02/04/13:46:47,running-time,rs-000734-ngk2q,a95c0465-354d-4c1f-8374-703cca86e4fc,3,1310.426555
2026/02/04/13:46:47,apply-time,rs-000734-qbmhc,0b276521-5fdb-41b3-b804-0573308bf76b,3,1310.426555
2026/02/04/13:46:49,running-time,rs-000734-qbmhc,0b276521-5fdb-41b3-b804-0573308bf76b,3,1313.426555
2026/02/04/13:46:50,running-time,rs-000727-2v6lr,868c6365-764d-4b23-bb48-be7bbc30bbfa,4,1313.426555
2026/02/04/13:46:54,apply-time,rs-000735-8zmnr,08361ab0-1265-47fe-a64b-411e68126823,1,1318.426555
2026/02/04/13:46:54,running-time,rs-000735-8zmnr,08361ab0-1265-47fe-a64b-411e68126823,1,1318.426555
2026/02/04/13:46:54,apply-time,rs-000736-kmh65,ec98668d-c4c2-4562-9c0a-1ca6924357f5,2,1318.426555
2026/02/04/13:46:54,running-time,rs-000736-kmh65,ec98668d-c4c2-4562-9c0a-1ca6924357f5,2,1318.426555
2026/02/04/13:46:54,apply-time,rs-000737-vpf6h,7744a5e6-c8e8-4adb-9c81-0f0436451e83,1,1318.426555
2026/02/04/13:46:54,apply-time,rs-000738-m42hr,fc4b27f9-aa5c-4839-8c62-fd03e7041a11,2,1318.426555
2026/02/04/13:46:54,apply-time,rs-000738-zqdfd,ee81bc2d-3327-4325-bee5-dda397af8624,2,1318.426555
2026/02/04/13:46:54,apply-time,rs-000738-zrxsz,7e7fd5b0-1e10-4874-b95d-dd116088044c,2,1318.426555
2026/02/04/13:46:54,running-time,rs-000738-zrxsz,7e7fd5b0-1e10-4874-b95d-dd116088044c,2,1318.426555
2026/02/04/13:46:55,running-time,rs-000737-vpf6h,7744a5e6-c8e8-4adb-9c81-0f0436451e83,1,1318.426555
2026/02/04/13:46:55,running-time,rs-000738-m42hr,fc4b27f9-aa5c-4839-8c62-fd03e7041a11,2,1318.426555
2026/02/04/13:46:55,running-time,rs-000738-zqdfd,ee81bc2d-3327-4325-bee5-dda397af8624,2,1318.426555
2026/02/04/13:46:55,apply-time,rs-000739-bbd4j,ebb9067d-9cbc-47ae-aec3-31895749a2be,4,1319.426555
2026/02/04/13:46:55,running-time,rs-000739-bbd4j,ebb9067d-9cbc-47ae-aec3-31895749a2be,4,1319.426555
2026/02/04/13:46:55,apply-time,rs-000739-hcp4f,8f3c46a3-5355-42e8-b310-e2cbf595a56e,4,1319.426555
2026/02/04/13:46:55,running-time,rs-000739-hcp4f,8f3c46a3-5355-42e8-b310-e2cbf595a56e,4,1319.426555
2026/02/04/13:46:59,running-time,rs-000732-m2n4s,3b1de53b-cd2b-4631-b789-3e868f7cb166,1,1322.426555
2026/02/04/13:47:23,apply-time,rs-000740-47nk7,6a469c75-df5f-4d0d-bc35-89575fd111c8,2,1346.426555
2026/02/04/13:47:23,running-time,rs-000740-47nk7,6a469c75-df5f-4d0d-bc35-89575fd111c8,2,1346.426555
2026/02/04/13:47:23,apply-time,rs-000741-27txg,c648bdfd-5f45-4e04-9cb4-3988aeb320eb,1,1346.426555
2026/02/04/13:47:23,running-time,rs-000741-27txg,c648bdfd-5f45-4e04-9cb4-3988aeb320eb,1,1346.426555
2026/02/04/13:47:23,apply-time,rs-000742-qkcqp,a5bf7070-4fff-4219-b080-a7b2905e567f,4,1346.426555
2026/02/04/13:47:23,apply-time,rs-000743-9hvhc,d14484fe-4a61-4a7d-8ee7-a3dcdec924b9,1,1346.426555
2026/02/04/13:47:23,apply-time,rs-000743-sv8f5,901e905d-71e4-4c4e-a1b3-7989d922bfec,1,1346.426555
2026/02/04/13:47:23,running-time,rs-000743-sv8f5,901e905d-71e4-4c4e-a1b3-7989d922bfec,1,1346.426555
2026/02/04/13:47:25,running-time,rs-000743-9hvhc,d14484fe-4a61-4a7d-8ee7-a3dcdec924b9,1,1348.426555
2026/02/04/13:47:32,apply-time,rs-000744-c9zkd,e491ffda-7b35-4fd1-9764-0a824bb6d895,3,1355.426555
2026/02/04/13:47:32,running-time,rs-000744-c9zkd,e491ffda-7b35-4fd1-9764-0a824bb6d895,3,1355.426555
2026/02/04/13:47:32,apply-time,rs-000745-6g4nv,752261b6-0dc9-4aa4-a8e7-7a5c275bbfc3,1,1355.426555
2026/02/04/13:47:32,apply-time,rs-000745-cbr27,0ac81f59-7d6c-459b-9648-9303974dc38f,1,1355.426555
2026/02/04/13:47:32,running-time,rs-000745-cbr27,0ac81f59-7d6c-459b-9648-9303974dc38f,1,1355.426555
2026/02/04/13:47:32,apply-time,rs-000746-k7ghx,97deec46-83f3-48b3-84e9-416aed110d0f,3,1355.426555
2026/02/04/13:47:32,running-time,rs-000746-k7ghx,97deec46-83f3-48b3-84e9-416aed110d0f,3,1355.426555
2026/02/04/13:47:32,apply-time,rs-000746-kqdgl,9d69af87-8998-4554-9ba6-31be1f86d246,3,1355.426555
2026/02/04/13:47:32,running-time,rs-000746-kqdgl,9d69af87-8998-4554-9ba6-31be1f86d246,3,1355.426555
2026/02/04/13:47:32,apply-time,rs-000747-6cswv,1e520540-e43d-44bf-9a10-e606e85062fc,4,1355.426555
2026/02/04/13:47:32,apply-time,rs-000747-bjs7w,21a70240-29a7-46b3-a844-b3d0dc057cae,4,1355.426555
2026/02/04/13:47:32,apply-time,rs-000747-jzqcs,35b024e0-be6a-4cd7-acb5-0151dd882298,4,1355.426555
2026/02/04/13:47:32,apply-time,rs-000748-pmckt,6ed0cbb9-1ec8-4bbf-801a-2517eea6441d,1,1355.426555
2026/02/04/13:47:32,running-time,rs-000748-pmckt,6ed0cbb9-1ec8-4bbf-801a-2517eea6441d,1,1355.426555
2026/02/04/13:47:32,apply-time,rs-000749-rnkgm,ed583e49-29ec-43af-be61-6a561dce5a04,2,1355.426555
2026/02/04/13:47:32,apply-time,rs-000751-t5w8z,5c69b0e6-bde3-4f80-b351-0db245ebcf39,1,1356.426555
2026/02/04/13:47:33,apply-time,rs-000750-stg5h,0be49a84-7273-412f-86ae-5b3f26994a33,2,1356.426555
2026/02/04/13:47:33,apply-time,rs-000751-d4v4q,24a2bb3a-3686-4ff8-a66b-d475afecc8f4,1,1356.426555
2026/02/04/13:47:33,apply-time,rs-000751-tlfnz,8fc11718-b0f6-4cd4-960a-64575d312b2d,1,1356.426555
2026/02/04/13:47:33,apply-time,rs-000752-2wclv,201e1c86-06b6-46da-b311-70320f98e88c,3,1356.426555
2026/02/04/13:47:33,running-time,rs-000752-2wclv,201e1c86-06b6-46da-b311-70320f98e88c,3,1356.426555
2026/02/04/13:47:33,apply-time,rs-000752-jqqtm,e89e55dd-6cf0-4a0e-b715-e1b7f500e59c,3,1356.426555
2026/02/04/13:47:33,running-time,rs-000752-jqqtm,e89e55dd-6cf0-4a0e-b715-e1b7f500e59c,3,1356.426555
2026/02/04/13:47:33,apply-time,rs-000752-t6nml,85865165-679d-4042-92d9-810feca937ed,3,1356.426555
2026/02/04/13:47:33,running-time,rs-000752-t6nml,85865165-679d-4042-92d9-810feca937ed,3,1356.426555
2026/02/04/13:47:33,apply-time,rs-000753-b296r,000ab01c-e8dd-4fc9-a07d-9b0ff231cbc8,1,1356.426555
2026/02/04/13:47:33,running-time,rs-000753-b296r,000ab01c-e8dd-4fc9-a07d-9b0ff231cbc8,1,1356.426555
2026/02/04/13:47:33,apply-time,rs-000753-nmqdf,ef3af8cf-c369-4d2b-a02b-a1402f129f74,1,1357.426555
2026/02/04/13:47:33,running-time,rs-000753-nmqdf,ef3af8cf-c369-4d2b-a02b-a1402f129f74,1,1357.426555
2026/02/04/13:47:33,apply-time,rs-000753-pjvxz,3a29dfe8-9ff5-4043-893b-75ebeae5825a,1,1357.426555
2026/02/04/13:47:33,running-time,rs-000753-pjvxz,3a29dfe8-9ff5-4043-893b-75ebeae5825a,1,1357.426555
2026/02/04/13:47:33,apply-time,rs-000754-2hdhd,75e09575-b61a-4ef0-9814-5b96ca2237e5,2,1357.426555
2026/02/04/13:47:33,running-time,rs-000754-2hdhd,75e09575-b61a-4ef0-9814-5b96ca2237e5,2,1357.426555
2026/02/04/13:47:33,apply-time,rs-000754-854ss,d0251fa4-b14d-484e-9e29-4c2f656d7718,2,1356.426555
2026/02/04/13:47:33,running-time,rs-000754-854ss,d0251fa4-b14d-484e-9e29-4c2f656d7718,2,1356.426555
2026/02/04/13:47:33,apply-time,rs-000755-pv6rc,30453bf9-b39b-48c4-ba62-c1ee59353858,1,1357.426555
2026/02/04/13:47:34,running-time,rs-000751-t5w8z,5c69b0e6-bde3-4f80-b351-0db245ebcf39,1,1358.426555
2026/02/04/13:47:34,apply-time,rs-000756-bm74m,9c0b4c72-edc3-4545-8d8f-1b2ca51eb3d7,4,1357.426555
2026/02/04/13:47:34,apply-time,rs-000756-m5xg8,4234d6d5-52f8-4759-8268-9b8c657b6638,4,1358.426555
2026/02/04/13:47:34,apply-time,rs-000756-nklj4,0d33a0b0-d035-448f-8df2-83896f854733,4,1357.426555
2026/02/04/13:47:34,apply-time,rs-000757-nfpjk,9f175ca1-ba5c-4c3c-af32-d1bf9f753395,3,1357.426555
2026/02/04/13:47:34,running-time,rs-000757-nfpjk,9f175ca1-ba5c-4c3c-af32-d1bf9f753395,3,1357.426555
2026/02/04/13:47:34,apply-time,rs-000758-5vtpl,c049a93e-1f81-4add-8595-3d784d673fd2,4,1358.426555
2026/02/04/13:47:34,apply-time,rs-000759-4vmz5,0758d091-752c-4058-81d5-f48e0064a90c,3,1357.426555
2026/02/04/13:47:34,apply-time,rs-000759-99d7z,4fab3839-5448-4dd4-a1e4-b3d2a669c130,3,1358.426555
2026/02/04/13:47:34,apply-time,rs-000760-qwjst,deec31eb-2a34-4519-88cb-c3060e819376,4,1357.426555
2026/02/04/13:47:34,running-time,rs-000760-qwjst,deec31eb-2a34-4519-88cb-c3060e819376,4,1358.426555
2026/02/04/13:47:34,apply-time,rs-000762-6js2c,f5e22d1f-90c0-43d4-9fcf-384012504988,4,1358.426555
2026/02/04/13:47:35,apply-time,rs-000758-twhwz,ae362586-805b-4acf-b442-64f155290bdf,4,1358.426555
2026/02/04/13:47:35,apply-time,rs-000761-bw8c7,b3d7e07e-b4f6-4f7f-a3f2-6957fdb3f49e,4,1358.426555
2026/02/04/13:47:35,apply-time,rs-000761-sdhgd,b690684d-c999-4a4e-b5f4-62847f60291c,4,1358.426555
2026/02/04/13:47:35,apply-time,rs-000761-xmvpv,befe8ca2-1fb8-4f21-87b7-95bed5455511,4,1358.426555
2026/02/04/13:47:35,apply-time,rs-000763-p4wf5,a812bf1d-c140-4e0a-a0bc-35f5580c6fb4,4,1358.426555
2026/02/04/13:47:35,apply-time,rs-000763-thdnr,ba9ddf58-6186-49f6-9961-bb4a5c1a33c1,4,1359.426555
2026/02/04/13:47:35,apply-time,rs-000763-z6wvg,68242d8b-fe6b-4f41-afc6-538fa35b2c6d,4,1358.426555
2026/02/04/13:47:37,running-time,rs-000756-bm74m,9c0b4c72-edc3-4545-8d8f-1b2ca51eb3d7,4,1361.426555
2026/02/04/13:47:37,running-time,rs-000756-m5xg8,4234d6d5-52f8-4759-8268-9b8c657b6638,4,1361.426555
2026/02/04/13:47:37,running-time,rs-000756-nklj4,0d33a0b0-d035-448f-8df2-83896f854733,4,1360.426555
2026/02/04/13:47:37,running-time,rs-000759-4vmz5,0758d091-752c-4058-81d5-f48e0064a90c,3,1361.426555
2026/02/04/13:47:37,running-time,rs-000759-99d7z,4fab3839-5448-4dd4-a1e4-b3d2a669c130,3,1360.426555
2026/02/04/13:47:37,running-time,rs-000762-6js2c,f5e22d1f-90c0-43d4-9fcf-384012504988,4,1360.426555
2026/02/04/13:47:38,apply-time,rs-000765-8rl4z,8f8c919f-3bbe-4be3-98ea-617a6dd99322,1,1362.426555
2026/02/04/13:47:38,running-time,rs-000765-8rl4z,8f8c919f-3bbe-4be3-98ea-617a6dd99322,1,1362.426555
2026/02/04/13:47:38,apply-time,rs-000766-2mfdh,4e09dac1-a962-4ebc-832d-fabb77a5dc03,4,1362.426555
2026/02/04/13:47:38,apply-time,rs-000766-8g266,daacd9a1-7a74-4e07-a03a-f8f2ec7fb949,4,1362.426555
2026/02/04/13:47:38,apply-time,rs-000766-dsd4j,0b9dcabe-850e-459e-b7fd-ef5eaa8b837d,4,1362.426555
2026/02/04/13:47:38,apply-time,rs-000767-5jkxx,2f2c81bb-9524-4879-ba6e-bd7ac26c1e63,4,1362.426555
2026/02/04/13:47:38,running-time,rs-000767-5jkxx,2f2c81bb-9524-4879-ba6e-bd7ac26c1e63,4,1362.426555
2026/02/04/13:47:38,apply-time,rs-000767-7j9zd,30d4dc74-0c66-44e1-b49d-82fce4b36904,4,1362.426555
2026/02/04/13:47:38,running-time,rs-000767-7j9zd,30d4dc74-0c66-44e1-b49d-82fce4b36904,4,1362.426555
2026/02/04/13:47:38,apply-time,rs-000767-hhj9s,720a331b-1dbd-461f-8939-abf988f65e5e,4,1362.426555
2026/02/04/13:47:39,apply-time,rs-000768-46gp9,de3d1aad-9488-4f87-8c70-42073eaffb19,1,1362.426555
2026/02/04/13:47:39,apply-time,rs-000768-smtf4,613f77a3-3224-4b85-b91a-140537a5d1ce,1,1362.426555
2026/02/04/13:47:41,running-time,rs-000751-d4v4q,24a2bb3a-3686-4ff8-a66b-d475afecc8f4,1,1364.426555
2026/02/04/13:47:44,running-time,rs-000766-2mfdh,4e09dac1-a962-4ebc-832d-fabb77a5dc03,4,1367.426555
2026/02/04/13:47:44,running-time,rs-000766-dsd4j,0b9dcabe-850e-459e-b7fd-ef5eaa8b837d,4,1367.426555
2026/02/04/13:47:45,running-time,rs-000751-tlfnz,8fc11718-b0f6-4cd4-960a-64575d312b2d,1,1369.426555
2026/02/04/13:47:45,running-time,rs-000766-8g266,daacd9a1-7a74-4e07-a03a-f8f2ec7fb949,4,1369.426555
2026/02/04/13:47:52,running-time,rs-000745-6g4nv,752261b6-0dc9-4aa4-a8e7-7a5c275bbfc3,1,1375.426555
2026/02/04/13:48:10,apply-time,rs-000769-4rbzj,6d69c610-819a-4cca-a8c9-e4a8dc2a6b9c,2,1393.426555
2026/02/04/13:48:10,running-time,rs-000769-4rbzj,6d69c610-819a-4cca-a8c9-e4a8dc2a6b9c,2,1393.426555
2026/02/04/13:48:10,apply-time,rs-000769-thlsn,c8806d7f-093a-47d2-83c9-1b265b167cde,2,1393.426555
2026/02/04/13:48:10,running-time,rs-000769-thlsn,c8806d7f-093a-47d2-83c9-1b265b167cde,2,1393.426555
2026/02/04/13:48:11,apply-time,rs-000770-dc878,0ce7aa26-a117-40ce-9a7a-198336371e22,1,1394.426555
2026/02/04/13:48:11,running-time,rs-000770-dc878,0ce7aa26-a117-40ce-9a7a-198336371e22,1,1394.426555
2026/02/04/13:48:11,apply-time,rs-000771-hp6nx,242c5a25-148e-4b38-bdd2-924b2ca4a27f,1,1394.426555
2026/02/04/13:48:11,running-time,rs-000771-hp6nx,242c5a25-148e-4b38-bdd2-924b2ca4a27f,1,1394.426555
2026/02/04/13:48:11,apply-time,rs-000772-m764n,6faec0a5-71c4-4aa2-b0bf-317bf146d546,4,1394.426555
2026/02/04/13:48:11,running-time,rs-000772-m764n,6faec0a5-71c4-4aa2-b0bf-317bf146d546,4,1394.426555
2026/02/04/13:48:11,apply-time,rs-000773-7wtjs,36dc7ad5-57ea-4aa6-96ab-5286cca082e6,4,1394.426555
2026/02/04/13:48:11,running-time,rs-000773-7wtjs,36dc7ad5-57ea-4aa6-96ab-5286cca082e6,4,1394.426555
2026/02/04/13:48:11,apply-time,rs-000774-77bmc,d9f97b24-938b-4d2c-9ebf-d135a11eecd4,1,1394.426555
2026/02/04/13:48:11,running-time,rs-000774-77bmc,d9f97b24-938b-4d2c-9ebf-d135a11eecd4,1,1394.426555
2026/02/04/13:48:11,apply-time,rs-000774-pdbnh,c28f2f5b-2608-4f3d-87ac-695f1d037cd3,1,1394.426555
2026/02/04/13:48:11,running-time,rs-000774-pdbnh,c28f2f5b-2608-4f3d-87ac-695f1d037cd3,1,1394.426555
2026/02/04/13:48:16,apply-time,rs-000775-gx8pv,31eab714-2039-4291-83a2-d59de751a9e0,1,1399.426555
2026/02/04/13:48:16,running-time,rs-000775-gx8pv,31eab714-2039-4291-83a2-d59de751a9e0,1,1399.426555
2026/02/04/13:48:16,apply-time,rs-000776-kc2t2,b6272f69-dc65-4cb3-9efb-b90dfc7ef2a4,3,1399.426555
2026/02/04/13:48:16,running-time,rs-000776-kc2t2,b6272f69-dc65-4cb3-9efb-b90dfc7ef2a4,3,1399.426555
2026/02/04/13:48:16,apply-time,rs-000776-ss8pq,26cbc411-70c3-4d3d-bad4-b248d4d38801,3,1399.426555
2026/02/04/13:48:16,running-time,rs-000776-ss8pq,26cbc411-70c3-4d3d-bad4-b248d4d38801,3,1399.426555
2026/02/04/13:48:16,apply-time,rs-000776-vh58h,47b06041-4a0b-4839-a9c8-2daa682740b7,3,1399.426555
2026/02/04/13:48:16,running-time,rs-000776-vh58h,47b06041-4a0b-4839-a9c8-2daa682740b7,3,1399.426555
2026/02/04/13:48:23,apply-time,rs-000777-8l79q,983f458b-b14f-4262-a1c1-805c89b34b90,2,1406.426555
2026/02/04/13:48:23,running-time,rs-000777-8l79q,983f458b-b14f-4262-a1c1-805c89b34b90,2,1406.426555
2026/02/04/13:48:23,apply-time,rs-000777-zgtp8,019eb71a-c401-40aa-849b-2218c7e81807,2,1406.426555
2026/02/04/13:48:23,running-time,rs-000777-zgtp8,019eb71a-c401-40aa-849b-2218c7e81807,2,1406.426555
2026/02/04/13:48:23,apply-time,rs-000778-4dgwq,309391f7-3099-46ad-b255-59845ed0a7c8,4,1406.426555
2026/02/04/13:48:23,running-time,rs-000778-4dgwq,309391f7-3099-46ad-b255-59845ed0a7c8,4,1406.426555
2026/02/04/13:48:23,apply-time,rs-000778-5ss8k,758b17b7-2c53-4eb3-b918-df1ea134bdfc,4,1406.426555
2026/02/04/13:48:23,running-time,rs-000778-5ss8k,758b17b7-2c53-4eb3-b918-df1ea134bdfc,4,1406.426555
2026/02/04/13:48:23,apply-time,rs-000778-rjmd4,426925cb-e2a4-4de9-aa53-a6e65dcace66,4,1406.426555
2026/02/04/13:48:23,running-time,rs-000778-rjmd4,426925cb-e2a4-4de9-aa53-a6e65dcace66,4,1406.426555
2026/02/04/13:48:23,apply-time,rs-000779-fhkzb,6a421406-4b39-4b3e-8847-2069bfafe951,1,1406.426555
2026/02/04/13:48:23,running-time,rs-000779-fhkzb,6a421406-4b39-4b3e-8847-2069bfafe951,1,1406.426555
2026/02/04/13:48:23,apply-time,rs-000779-grxwr,7e3cd8c7-3d70-47b3-a89b-13bc034a2319,1,1406.426555
2026/02/04/13:48:23,running-time,rs-000779-grxwr,7e3cd8c7-3d70-47b3-a89b-13bc034a2319,1,1406.426555
2026/02/04/13:48:23,apply-time,rs-000780-x9wvt,5be1dc0e-1411-4dbe-b158-67ab04bfd0e7,2,1406.426555
2026/02/04/13:48:23,running-time,rs-000780-x9wvt,5be1dc0e-1411-4dbe-b158-67ab04bfd0e7,2,1406.426555
2026/02/04/13:48:50,apply-time,rs-000781-5w2s7,8ecc978c-bfb9-46eb-9543-72fb8d82284b,3,1434.426555
2026/02/04/13:48:50,running-time,rs-000781-5w2s7,8ecc978c-bfb9-46eb-9543-72fb8d82284b,3,1434.426555
2026/02/04/13:48:50,apply-time,rs-000782-8nbrz,f6bbeb7a-d384-48ae-bbf4-4481f927f447,3,1434.426555
2026/02/04/13:48:50,running-time,rs-000782-8nbrz,f6bbeb7a-d384-48ae-bbf4-4481f927f447,3,1434.426555
2026/02/04/13:48:50,apply-time,rs-000782-gjrts,5212ec36-73e7-41ff-9f00-2ba106709b45,3,1434.426555
2026/02/04/13:48:50,running-time,rs-000782-gjrts,5212ec36-73e7-41ff-9f00-2ba106709b45,3,1434.426555
2026/02/04/13:48:50,apply-time,rs-000783-tfl5l,6a2f6a8e-152f-44f9-8a25-c85de60b1dec,1,1434.426555
2026/02/04/13:48:50,running-time,rs-000783-tfl5l,6a2f6a8e-152f-44f9-8a25-c85de60b1dec,1,1434.426555
2026/02/04/13:48:50,apply-time,rs-000783-zf7s8,c05c4fb8-c8e9-42d9-ada6-984b8b0359ff,1,1434.426555
2026/02/04/13:48:50,running-time,rs-000783-zf7s8,c05c4fb8-c8e9-42d9-ada6-984b8b0359ff,1,1434.426555
2026/02/04/13:49:01,apply-time,rs-000784-k9xs8,f67183b4-6ba7-4958-8284-44fc5b241a3f,3,1445.426555
2026/02/04/13:49:01,running-time,rs-000784-k9xs8,f67183b4-6ba7-4958-8284-44fc5b241a3f,3,1445.426555
2026/02/04/13:49:01,apply-time,rs-000784-pvphw,26e5e11f-3cc6-4475-bf99-ecf2ce430160,3,1445.426555
2026/02/04/13:49:01,running-time,rs-000784-pvphw,26e5e11f-3cc6-4475-bf99-ecf2ce430160,3,1445.426555
2026/02/04/13:49:01,apply-time,rs-000785-stvxj,162aca70-6f96-45d0-a1a2-d23b90281d6c,4,1445.426555
2026/02/04/13:49:01,running-time,rs-000785-stvxj,162aca70-6f96-45d0-a1a2-d23b90281d6c,4,1445.426555
2026/02/04/13:49:03,apply-time,rs-000786-5hlx2,ffbb87fd-5834-4ed7-9b80-bafd9eb91a1a,1,1447.426555
2026/02/04/13:49:03,running-time,rs-000786-5hlx2,ffbb87fd-5834-4ed7-9b80-bafd9eb91a1a,1,1447.426555
2026/02/04/13:49:03,apply-time,rs-000786-dvjlz,ee958c15-250c-4f8d-8bad-6f0f791c2b82,1,1447.426555
2026/02/04/13:49:03,running-time,rs-000786-dvjlz,ee958c15-250c-4f8d-8bad-6f0f791c2b82,1,1447.426555
2026/02/04/13:49:03,apply-time,rs-000786-mdl7c,f1f04f28-b740-498f-9dd8-a89cdbbc59be,1,1447.426555
2026/02/04/13:49:03,running-time,rs-000786-mdl7c,f1f04f28-b740-498f-9dd8-a89cdbbc59be,1,1447.426555
2026/02/04/13:49:04,apply-time,rs-000787-bfm5z,864b55b9-4736-4ecf-a42c-02b3ab3e10fc,1,1447.426555
2026/02/04/13:49:04,running-time,rs-000787-bfm5z,864b55b9-4736-4ecf-a42c-02b3ab3e10fc,1,1447.426555
2026/02/04/13:49:04,apply-time,rs-000787-pb9ng,3bdea61f-38b8-4ff1-8b22-096da7d09b2b,1,1447.426555
2026/02/04/13:49:04,running-time,rs-000787-pb9ng,3bdea61f-38b8-4ff1-8b22-096da7d09b2b,1,1447.426555
2026/02/04/13:49:04,apply-time,rs-000787-rvss4,dd31f0ee-d3fe-41f2-b6df-8ce3f68d9633,1,1447.426555
2026/02/04/13:49:04,running-time,rs-000787-rvss4,dd31f0ee-d3fe-41f2-b6df-8ce3f68d9633,1,1447.426555
2026/02/04/13:49:21,apply-time,rs-000788-7v2dn,a1673209-825f-4738-98d6-9f99746eb36f,3,1464.426555
2026/02/04/13:49:21,running-time,rs-000788-7v2dn,a1673209-825f-4738-98d6-9f99746eb36f,3,1464.426555
2026/02/04/13:49:21,apply-time,rs-000788-8mrtl,425f94f0-2c25-4b80-8bfa-368fee82281b,3,1464.426555
2026/02/04/13:49:21,running-time,rs-000788-8mrtl,425f94f0-2c25-4b80-8bfa-368fee82281b,3,1464.426555
2026/02/04/13:49:21,apply-time,rs-000789-bqld7,33c4adee-1162-4d28-a0bd-e41d3d61f797,4,1464.426555
2026/02/04/13:49:21,running-time,rs-000789-bqld7,33c4adee-1162-4d28-a0bd-e41d3d61f797,4,1464.426555
2026/02/04/13:49:21,apply-time,rs-000789-ch82p,82754a99-70b5-4ff8-a2a3-b6fc89f74d91,4,1464.426555
2026/02/04/13:49:21,running-time,rs-000789-ch82p,82754a99-70b5-4ff8-a2a3-b6fc89f74d91,4,1464.426555
2026/02/04/13:49:21,apply-time,rs-000789-mjpgm,40c63d1d-b86d-4192-909d-71ecdd4f11fa,4,1464.426555
2026/02/04/13:49:21,running-time,rs-000789-mjpgm,40c63d1d-b86d-4192-909d-71ecdd4f11fa,4,1464.426555
2026/02/04/13:49:23,apply-time,rs-000790-bqnl7,7a22150f-de0c-4522-8862-2c519af2f710,1,1466.426555
2026/02/04/13:49:23,running-time,rs-000790-bqnl7,7a22150f-de0c-4522-8862-2c519af2f710,1,1466.426555
2026/02/04/13:49:23,apply-time,rs-000791-4fmjn,0644ff8e-2223-4bf7-8279-2cb02d3cf494,3,1466.426555
2026/02/04/13:49:23,running-time,rs-000791-4fmjn,0644ff8e-2223-4bf7-8279-2cb02d3cf494,3,1466.426555
2026/02/04/13:49:23,apply-time,rs-000791-wwv7x,7fdc85ba-ea04-4ee9-9ab9-8745d03ffec0,3,1466.426555
2026/02/04/13:49:23,running-time,rs-000791-wwv7x,7fdc85ba-ea04-4ee9-9ab9-8745d03ffec0,3,1466.426555
2026/02/04/13:49:23,apply-time,rs-000791-xcqw9,d28cf46b-2e2c-48a5-a2c8-65d0628a3efa,3,1466.426555
2026/02/04/13:49:23,running-time,rs-000791-xcqw9,d28cf46b-2e2c-48a5-a2c8-65d0628a3efa,3,1466.426555
2026/02/04/13:49:28,apply-time,rs-000792-bsdkt,b30641cf-156d-4546-968c-7fbfbaf5389f,1,1471.426555
2026/02/04/13:49:28,running-time,rs-000792-bsdkt,b30641cf-156d-4546-968c-7fbfbaf5389f,1,1472.426555
2026/02/04/13:49:29,apply-time,rs-000793-fxtk5,72d3ee63-c785-4f05-a382-72cc1b44ba93,1,1473.426555
2026/02/04/13:49:29,apply-time,rs-000793-x95lk,841f4d36-f651-4791-877c-f52a19d2eee5,1,1473.426555
2026/02/04/13:49:29,running-time,rs-000793-x95lk,841f4d36-f651-4791-877c-f52a19d2eee5,1,1473.426555
2026/02/04/13:49:29,apply-time,rs-000794-5vj44,c954dab3-3a8a-4cd4-8be0-e5dbfec7ee95,4,1473.426555
2026/02/04/13:49:29,running-time,rs-000794-5vj44,c954dab3-3a8a-4cd4-8be0-e5dbfec7ee95,4,1473.426555
2026/02/04/13:49:29,apply-time,rs-000794-hx49x,bd4bc8f7-6786-4444-acf4-133fa31e2b53,4,1473.426555
2026/02/04/13:49:29,running-time,rs-000794-hx49x,bd4bc8f7-6786-4444-acf4-133fa31e2b53,4,1473.426555
2026/02/04/13:49:29,apply-time,rs-000794-ncm92,82c57bd0-fd35-44a1-afb3-71e6ac6dc5a6,4,1473.426555
2026/02/04/13:49:29,running-time,rs-000794-ncm92,82c57bd0-fd35-44a1-afb3-71e6ac6dc5a6,4,1473.426555
2026/02/04/13:49:29,apply-time,rs-000795-75q9f,cc7a9e64-305d-4f39-bd67-05adbd1a1ad1,1,1473.426555
2026/02/04/13:49:29,apply-time,rs-000795-9c4ck,6efd766f-1249-4643-bbbb-121df063f929,1,1473.426555
2026/02/04/13:49:29,apply-time,rs-000796-kjscf,489b10f5-1c4b-4de3-bc45-010bc9aea587,1,1473.426555
2026/02/04/13:49:29,apply-time,rs-000799-9kv56,5deb94ae-4b2a-4e99-8e3d-ce2e0273020d,3,1473.426555
2026/02/04/13:49:30,apply-time,rs-000796-ffx8g,62b1be90-6362-4fd4-a3e8-8618a13f16b1,1,1473.426555
2026/02/04/13:49:30,running-time,rs-000796-ffx8g,62b1be90-6362-4fd4-a3e8-8618a13f16b1,1,1473.426555
2026/02/04/13:49:30,running-time,rs-000796-kjscf,489b10f5-1c4b-4de3-bc45-010bc9aea587,1,1473.426555
2026/02/04/13:49:30,apply-time,rs-000796-q2qqq,32493f68-898a-4efd-a462-822ea786c6b8,1,1473.426555
2026/02/04/13:49:30,running-time,rs-000796-q2qqq,32493f68-898a-4efd-a462-822ea786c6b8,1,1473.426555
2026/02/04/13:49:30,apply-time,rs-000797-qkzrq,2f17f355-9bb5-497e-a569-9ceddd8cd22f,3,1473.426555
2026/02/04/13:49:30,running-time,rs-000797-qkzrq,2f17f355-9bb5-497e-a569-9ceddd8cd22f,3,1473.426555
2026/02/04/13:49:30,apply-time,rs-000797-qtn8h,efb6c154-1018-45b3-9e1e-392647fbe444,3,1473.426555
2026/02/04/13:49:30,apply-time,rs-000798-pxpcp,2a8fdd7f-14c5-481c-bcd3-d89dcde3f4fd,2,1473.426555
2026/02/04/13:49:30,running-time,rs-000798-pxpcp,2a8fdd7f-14c5-481c-bcd3-d89dcde3f4fd,2,1473.426555
2026/02/04/13:49:30,apply-time,rs-000799-8l2m6,67849e53-ca70-43f3-9ecd-26acadd02e05,3,1473.426555
2026/02/04/13:49:30,running-time,rs-000799-8l2m6,67849e53-ca70-43f3-9ecd-26acadd02e05,3,1473.426555
2026/02/04/13:49:30,running-time,rs-000799-9kv56,5deb94ae-4b2a-4e99-8e3d-ce2e0273020d,3,1473.426555
2026/02/04/13:49:30,apply-time,rs-000800-8fwcs,e1b9cd47-5672-456e-9c04-e2b3b5ef76f4,2,1474.426555
2026/02/04/13:49:30,apply-time,rs-000800-ggt9m,017b4156-81e8-4bfa-9179-eba32c568559,2,1474.426555
2026/02/04/13:49:30,running-time,rs-000800-ggt9m,017b4156-81e8-4bfa-9179-eba32c568559,2,1474.426555
2026/02/04/13:49:30,apply-time,rs-000800-rp2d7,7629db77-8086-4999-b732-c990f98af678,2,1474.426555
2026/02/04/13:49:30,running-time,rs-000800-rp2d7,7629db77-8086-4999-b732-c990f98af678,2,1474.426555
2026/02/04/13:49:30,apply-time,rs-000801-rdrn6,c26e439c-b420-4ff1-b774-d75e7df903c7,2,1474.426555
2026/02/04/13:49:30,running-time,rs-000801-rdrn6,c26e439c-b420-4ff1-b774-d75e7df903c7,2,1474.426555
2026/02/04/13:49:30,apply-time,rs-000801-vbdr2,a1da1b9f-6fd1-46b5-9936-55a2d21a0c45,2,1474.426555
2026/02/04/13:49:30,apply-time,rs-000801-z95md,6adab02a-e6d2-402b-a629-e23fa049f41d,2,1474.426555
2026/02/04/13:49:30,running-time,rs-000801-z95md,6adab02a-e6d2-402b-a629-e23fa049f41d,2,1474.426555
2026/02/04/13:49:30,apply-time,rs-000802-msxrd,6710654d-27b0-46d6-8a4f-a50c73900dc5,2,1474.426555
2026/02/04/13:49:30,apply-time,rs-000802-qk2xl,f0560e11-e4f0-4ea0-a2bb-8fe7dd995741,2,1473.426555
2026/02/04/13:49:31,running-time,rs-000801-vbdr2,a1da1b9f-6fd1-46b5-9936-55a2d21a0c45,2,1474.426555
2026/02/04/13:49:32,running-time,rs-000800-8fwcs,e1b9cd47-5672-456e-9c04-e2b3b5ef76f4,2,1475.426555
2026/02/04/13:49:32,running-time,rs-000802-msxrd,6710654d-27b0-46d6-8a4f-a50c73900dc5,2,1476.426555
2026/02/04/13:49:32,running-time,rs-000802-qk2xl,f0560e11-e4f0-4ea0-a2bb-8fe7dd995741,2,1475.426555
2026/02/04/13:49:36,apply-time,rs-000803-xhj6l,2aee51e6-1405-4532-a9e5-bda557b62eda,2,1480.426555
2026/02/04/13:49:36,running-time,rs-000803-xhj6l,2aee51e6-1405-4532-a9e5-bda557b62eda,2,1480.426555
2026/02/04/13:49:36,apply-time,rs-000804-6ggmk,d0e4d40a-7e84-4c13-bd7f-53e6f1ae252b,2,1480.426555
2026/02/04/13:49:36,apply-time,rs-000804-g9p9q,e45d7ab7-b666-4e64-a713-23fdb53bc4a0,2,1480.426555
2026/02/04/13:49:36,running-time,rs-000804-g9p9q,e45d7ab7-b666-4e64-a713-23fdb53bc4a0,2,1480.426555
2026/02/04/13:49:36,apply-time,rs-000804-l5rng,432923aa-e60a-43af-8b77-144994b28619,2,1480.426555
2026/02/04/13:49:36,running-time,rs-000804-l5rng,432923aa-e60a-43af-8b77-144994b28619,2,1480.426555
2026/02/04/13:49:37,running-time,rs-000804-6ggmk,d0e4d40a-7e84-4c13-bd7f-53e6f1ae252b,2,1480.426555
2026/02/04/13:49:37,apply-time,rs-000805-2dvrp,d864daac-4200-4793-8206-48c73de5e97a,1,1481.426555
2026/02/04/13:49:37,apply-time,rs-000806-cjz88,240213a1-b748-4b8c-8f7e-89e7997dff3b,2,1481.426555
2026/02/04/13:49:37,running-time,rs-000806-cjz88,240213a1-b748-4b8c-8f7e-89e7997dff3b,2,1481.426555
2026/02/04/13:49:37,apply-time,rs-000807-75p52,fd1480aa-3793-4529-a13f-1d6f91b4e127,3,1481.426555
2026/02/04/13:49:37,running-time,rs-000807-75p52,fd1480aa-3793-4529-a13f-1d6f91b4e127,3,1481.426555
2026/02/04/13:49:37,apply-time,rs-000807-hfqqw,af0e5c8c-5e9d-4178-9cbf-0530f6cdbee0,3,1481.426555
2026/02/04/13:49:37,running-time,rs-000807-hfqqw,af0e5c8c-5e9d-4178-9cbf-0530f6cdbee0,3,1481.426555
2026/02/04/13:49:37,apply-time,rs-000807-jmbdk,8df4aafa-b5d3-4d4b-ad85-e566a77dffb1,3,1481.426555
2026/02/04/13:49:37,running-time,rs-000807-jmbdk,8df4aafa-b5d3-4d4b-ad85-e566a77dffb1,3,1481.426555
2026/02/04/13:49:37,apply-time,rs-000808-r4j9c,83c1dabb-26ee-4b8c-862c-3c231edafa03,1,1481.426555
2026/02/04/13:49:37,apply-time,rs-000809-9f88c,5a0470c9-c130-4160-ac31-147957bcd349,3,1481.426555
2026/02/04/13:49:37,running-time,rs-000809-9f88c,5a0470c9-c130-4160-ac31-147957bcd349,3,1481.426555
2026/02/04/13:49:37,apply-time,rs-000809-lnrzr,18fea706-8651-41db-bfd0-3d4acc17d22c,3,1481.426555
2026/02/04/13:49:37,running-time,rs-000809-lnrzr,18fea706-8651-41db-bfd0-3d4acc17d22c,3,1481.426555
2026/02/04/13:49:37,apply-time,rs-000809-wv8xv,d7db0d24-c6f0-4eea-8145-908ff0c2ba82,3,1481.426555
2026/02/04/13:49:37,running-time,rs-000809-wv8xv,d7db0d24-c6f0-4eea-8145-908ff0c2ba82,3,1481.426555
2026/02/04/13:49:38,apply-time,rs-000810-lkwl2,916c0e0f-c364-48e9-9594-3f774ac8ed6a,4,1481.426555
2026/02/04/13:49:38,apply-time,rs-000810-z57pn,08c5b684-25cd-4aca-9aca-8344176b0254,4,1482.426555
2026/02/04/13:49:38,apply-time,rs-000811-gk8qp,cbd8b1f1-579b-4237-8f5d-c8b1fb15050e,2,1481.426555
2026/02/04/13:49:38,apply-time,rs-000812-k4qwr,c56476c2-07b2-41b0-b072-78940ea6a197,2,1482.426555
2026/02/04/13:49:38,running-time,rs-000812-k4qwr,c56476c2-07b2-41b0-b072-78940ea6a197,2,1482.426555
2026/02/04/13:49:38,apply-time,rs-000812-mtx9h,59a95127-6e3d-4a85-9c44-cb1080d5bab4,2,1481.426555
2026/02/04/13:49:38,running-time,rs-000812-mtx9h,59a95127-6e3d-4a85-9c44-cb1080d5bab4,2,1481.426555
2026/02/04/13:49:38,apply-time,rs-000813-8hwtt,f3c7ea2e-788b-4c5b-a316-bd4d5cb1282c,1,1481.426555
2026/02/04/13:49:40,running-time,rs-000808-r4j9c,83c1dabb-26ee-4b8c-862c-3c231edafa03,1,1483.426555
2026/02/04/13:49:40,running-time,rs-000810-lkwl2,916c0e0f-c364-48e9-9594-3f774ac8ed6a,4,1484.426555
2026/02/04/13:49:42,running-time,rs-000810-z57pn,08c5b684-25cd-4aca-9aca-8344176b0254,4,1485.426555
2026/02/04/13:49:42,apply-time,rs-000814-brqr9,e31340c5-a5e5-4353-a1b8-4f2dfb273f7b,2,1485.426555
2026/02/04/13:49:42,running-time,rs-000814-brqr9,e31340c5-a5e5-4353-a1b8-4f2dfb273f7b,2,1486.426555
2026/02/04/13:49:42,apply-time,rs-000814-wtxh8,fd85fd93-4bf1-436a-8a7f-d274a7b5e708,2,1485.426555
2026/02/04/13:49:42,running-time,rs-000814-wtxh8,fd85fd93-4bf1-436a-8a7f-d274a7b5e708,2,1486.426555
2026/02/04/13:49:42,apply-time,rs-000815-7mqxk,f8a4caff-bd3b-456a-b2bb-45a74b9dee12,3,1485.426555
2026/02/04/13:49:42,running-time,rs-000815-7mqxk,f8a4caff-bd3b-456a-b2bb-45a74b9dee12,3,1486.426555
2026/02/04/13:49:43,running-time,rs-000813-8hwtt,f3c7ea2e-788b-4c5b-a316-bd4d5cb1282c,1,1486.426555
2026/02/04/13:49:43,apply-time,rs-000816-r4v6n,817d3337-4f27-45d6-a29d-b15fad80ebc8,1,1486.426555
2026/02/04/13:49:43,apply-time,rs-000817-l8phx,a8fd7cb5-d12f-4913-8128-32116d4407a4,3,1486.426555
2026/02/04/13:49:43,running-time,rs-000817-l8phx,a8fd7cb5-d12f-4913-8128-32116d4407a4,3,1486.426555
2026/02/04/13:49:43,apply-time,rs-000817-qpdr4,83e6f02c-c029-4424-8f08-64e62b196337,3,1486.426555
2026/02/04/13:49:43,running-time,rs-000817-qpdr4,83e6f02c-c029-4424-8f08-64e62b196337,3,1486.426555
2026/02/04/13:49:43,apply-time,rs-000818-lv9hh,42f1ffe8-1644-40f8-bb21-2dd85b49dac5,3,1487.426555
2026/02/04/13:49:43,running-time,rs-000818-lv9hh,42f1ffe8-1644-40f8-bb21-2dd85b49dac5,3,1487.426555
2026/02/04/13:49:52,apply-time,rs-000433-xnj6l,198e2eef-1c63-4212-88b5-f5d321604c0e,1,1495.426555
2026/02/04/13:49:52,running-time,rs-000433-xnj6l,198e2eef-1c63-4212-88b5-f5d321604c0e,1,1495.426555
2026/02/04/13:49:52,running-time,rs-000805-2dvrp,d864daac-4200-4793-8206-48c73de5e97a,1,1495.426555
2026/02/04/13:49:55,apply-time,rs-000819-6k5vh,6195e72a-7c9f-431b-82c2-40ecd6d6b6d6,1,1498.426555
2026/02/04/13:49:55,running-time,rs-000819-6k5vh,6195e72a-7c9f-431b-82c2-40ecd6d6b6d6,1,1498.426555
2026/02/04/13:49:55,apply-time,rs-000820-rjt94,6d15f107-e5cd-43f0-93ff-5c2a67e9a802,3,1498.426555
2026/02/04/13:49:55,running-time,rs-000820-rjt94,6d15f107-e5cd-43f0-93ff-5c2a67e9a802,3,1498.426555
2026/02/04/13:49:55,apply-time,rs-000821-87xz9,fc632bce-bd0f-4729-8d13-b161d3d113de,2,1498.426555
2026/02/04/13:49:55,running-time,rs-000821-87xz9,fc632bce-bd0f-4729-8d13-b161d3d113de,2,1498.426555
2026/02/04/13:49:55,apply-time,rs-000821-r5cf2,1233941f-3931-4741-9093-3a80e2393fe3,2,1498.426555
2026/02/04/13:49:55,running-time,rs-000821-r5cf2,1233941f-3931-4741-9093-3a80e2393fe3,2,1498.426555
2026/02/04/13:49:55,apply-time,rs-000822-xl82w,22ddd526-b8a9-46eb-96d0-fb5b84ef7d01,1,1498.426555
2026/02/04/13:49:55,running-time,rs-000822-xl82w,22ddd526-b8a9-46eb-96d0-fb5b84ef7d01,1,1498.426555
2026/02/04/13:49:55,apply-time,rs-000823-gprkb,dab2df32-3e8a-4250-a6f0-d4b9ed657450,2,1498.426555
2026/02/04/13:49:55,running-time,rs-000823-gprkb,dab2df32-3e8a-4250-a6f0-d4b9ed657450,2,1498.426555
2026/02/04/13:49:55,apply-time,rs-000823-twz8h,f451ab19-1f82-4853-bd4e-7e6159a98c5b,2,1498.426555
2026/02/04/13:49:55,running-time,rs-000823-twz8h,f451ab19-1f82-4853-bd4e-7e6159a98c5b,2,1498.426555
2026/02/04/13:49:55,apply-time,rs-000823-xt67b,1f528a9d-300a-42c1-ab69-8af5f344b3ab,2,1498.426555
2026/02/04/13:49:55,running-time,rs-000823-xt67b,1f528a9d-300a-42c1-ab69-8af5f344b3ab,2,1498.426555
2026/02/04/13:49:55,apply-time,rs-000824-zh2t2,1d353181-665e-4f58-a717-da17acb0c8e9,1,1499.426555
2026/02/04/13:49:55,running-time,rs-000824-zh2t2,1d353181-665e-4f58-a717-da17acb0c8e9,1,1499.426555
2026/02/04/13:49:55,apply-time,rs-000825-98xnh,e4eb52c6-f107-4424-9ea8-b646369927b6,1,1499.426555
2026/02/04/13:49:55,running-time,rs-000825-98xnh,e4eb52c6-f107-4424-9ea8-b646369927b6,1,1499.426555
2026/02/04/13:49:55,apply-time,rs-000826-qfd98,f9566c15-3e02-4bd4-82a1-c0b9d811ca7b,1,1499.426555
2026/02/04/13:49:55,running-time,rs-000826-qfd98,f9566c15-3e02-4bd4-82a1-c0b9d811ca7b,1,1499.426555
2026/02/04/13:49:55,apply-time,rs-000827-gtxmc,0b7de288-d914-48de-a119-7cff928bc171,2,1499.426555
2026/02/04/13:49:55,running-time,rs-000827-gtxmc,0b7de288-d914-48de-a119-7cff928bc171,2,1499.426555
2026/02/04/13:49:56,apply-time,rs-000828-5jsfq,0be935e0-2a9f-413c-8957-7f263ed5df8e,4,1499.426555
2026/02/04/13:49:56,running-time,rs-000828-5jsfq,0be935e0-2a9f-413c-8957-7f263ed5df8e,4,1499.426555
2026/02/04/13:49:56,apply-time,rs-000828-j6lsw,121fb47e-f2cc-410f-bac2-94d6c4133fea,4,1500.426555
2026/02/04/13:49:56,running-time,rs-000828-j6lsw,121fb47e-f2cc-410f-bac2-94d6c4133fea,4,1500.426555
2026/02/04/13:49:56,apply-time,rs-000829-fzbj4,54010587-7f17-42f0-84bf-aae9875f0335,3,1499.426555
2026/02/04/13:49:58,running-time,rs-000829-fzbj4,54010587-7f17-42f0-84bf-aae9875f0335,3,1501.426555
2026/02/04/13:50:06,apply-time,rs-000830-cnwhd,16ba0f17-6fe9-48a2-a8a7-205bd54283b9,3,1510.426555
2026/02/04/13:50:06,running-time,rs-000830-cnwhd,16ba0f17-6fe9-48a2-a8a7-205bd54283b9,3,1510.426555
2026/02/04/13:50:06,apply-time,rs-000830-gwxwc,f44c55ce-afe9-43d4-a333-35b171ac35bb,3,1509.426555
2026/02/04/13:50:06,running-time,rs-000830-gwxwc,f44c55ce-afe9-43d4-a333-35b171ac35bb,3,1510.426555
2026/02/04/13:50:06,apply-time,rs-000831-5mdcl,c45bf958-0b02-40e0-8911-79c28fdeaaec,3,1509.426555
2026/02/04/13:50:06,running-time,rs-000831-5mdcl,c45bf958-0b02-40e0-8911-79c28fdeaaec,3,1509.426555
2026/02/04/13:50:06,apply-time,rs-000832-cdmhm,8d7034b6-6fbf-4c98-9976-46322fd42137,2,1509.426555
2026/02/04/13:50:06,running-time,rs-000832-cdmhm,8d7034b6-6fbf-4c98-9976-46322fd42137,2,1510.426555
2026/02/04/13:50:06,apply-time,rs-000832-csmtc,9f368704-3437-4826-b6bc-dbf560488bb9,2,1509.426555
2026/02/04/13:50:06,running-time,rs-000832-csmtc,9f368704-3437-4826-b6bc-dbf560488bb9,2,1510.426555
2026/02/04/13:50:06,apply-time,rs-000833-mpk79,a8ee2b97-0cba-4509-998e-acbda55d8b64,3,1509.426555
2026/02/04/13:50:06,running-time,rs-000833-mpk79,a8ee2b97-0cba-4509-998e-acbda55d8b64,3,1510.426555
2026/02/04/13:50:06,apply-time,rs-000834-fkppr,0d443638-bea0-42eb-bc3b-37793922b848,1,1509.426555
2026/02/04/13:50:06,running-time,rs-000834-fkppr,0d443638-bea0-42eb-bc3b-37793922b848,1,1509.426555
2026/02/04/13:50:06,apply-time,rs-000835-64btd,826f136c-d5ee-49b8-8312-1a25995cb74a,2,1510.426555
2026/02/04/13:50:06,running-time,rs-000835-64btd,826f136c-d5ee-49b8-8312-1a25995cb74a,2,1510.426555
2026/02/04/13:50:07,apply-time,rs-000835-8kvv7,cb3c1ab1-6ab3-404c-845d-3648ae73a7c7,2,1510.426555
2026/02/04/13:50:07,running-time,rs-000835-8kvv7,cb3c1ab1-6ab3-404c-845d-3648ae73a7c7,2,1510.426555
2026/02/04/13:50:09,apply-time,rs-000836-8b7rv,f6ef0d1e-86ec-47fe-9ade-14b9059a511b,3,1513.426555
2026/02/04/13:50:09,apply-time,rs-000837-4fwz4,01a04969-0b48-44d0-8aec-d9a964ce20a5,1,1513.426555
2026/02/04/13:50:09,running-time,rs-000837-4fwz4,01a04969-0b48-44d0-8aec-d9a964ce20a5,1,1513.426555
2026/02/04/13:50:09,apply-time,rs-000837-bbgw8,1af3c916-1070-4f91-a9ed-47612e70c5fc,1,1513.426555
2026/02/04/13:50:09,running-time,rs-000837-bbgw8,1af3c916-1070-4f91-a9ed-47612e70c5fc,1,1513.426555
2026/02/04/13:50:09,apply-time,rs-000837-pp9rc,1e4b1dfa-ff92-413a-bc36-a3a8b95272f3,1,1513.426555
2026/02/04/13:50:09,running-time,rs-000837-pp9rc,1e4b1dfa-ff92-413a-bc36-a3a8b95272f3,1,1513.426555
2026/02/04/13:50:09,apply-time,rs-000838-b5pnq,e926f750-c4e0-44fe-92ce-35dcf775fafa,4,1513.426555
2026/02/04/13:50:09,running-time,rs-000838-b5pnq,e926f750-c4e0-44fe-92ce-35dcf775fafa,4,1513.426555
2026/02/04/13:50:09,apply-time,rs-000838-kkkwz,1023bb25-ebe7-4d33-8b14-c5d93633936f,4,1513.426555
2026/02/04/13:50:09,running-time,rs-000838-kkkwz,1023bb25-ebe7-4d33-8b14-c5d93633936f,4,1513.426555
2026/02/04/13:50:09,apply-time,rs-000838-np9qv,0500a0dc-b36f-4b2e-a7aa-afecfab446d8,4,1513.426555
2026/02/04/13:50:09,running-time,rs-000838-np9qv,0500a0dc-b36f-4b2e-a7aa-afecfab446d8,4,1513.426555
2026/02/04/13:50:30,apply-time,rs-000839-ms5jw,4f030bc7-1dc0-4fce-a953-03175c4812a8,2,1533.426555
2026/02/04/13:50:30,running-time,rs-000839-ms5jw,4f030bc7-1dc0-4fce-a953-03175c4812a8,2,1533.426555
2026/02/04/13:50:30,apply-time,rs-000840-bgfpg,7a19f334-aed7-4597-bf11-a62c68923e3d,1,1534.426555
2026/02/04/13:50:30,running-time,rs-000840-bgfpg,7a19f334-aed7-4597-bf11-a62c68923e3d,1,1534.426555
2026/02/04/13:50:30,apply-time,rs-000840-fxqbc,bdef514b-2748-4949-8218-5b56b159d621,1,1533.426555
2026/02/04/13:50:30,running-time,rs-000840-fxqbc,bdef514b-2748-4949-8218-5b56b159d621,1,1534.426555
2026/02/04/13:50:30,apply-time,rs-000841-5nmnc,83bf890e-8528-48f4-9f6f-90afa744b23f,2,1534.426555
2026/02/04/13:50:30,running-time,rs-000841-5nmnc,83bf890e-8528-48f4-9f6f-90afa744b23f,2,1534.426555
2026/02/04/13:50:30,apply-time,rs-000842-5s5jf,0c1a6eee-2054-4ac7-84fb-4d9f9d0cef7e,3,1534.426555
2026/02/04/13:50:30,running-time,rs-000842-5s5jf,0c1a6eee-2054-4ac7-84fb-4d9f9d0cef7e,3,1534.426555
2026/02/04/13:50:30,apply-time,rs-000842-g7j8p,25dd3de5-6e1f-4a75-87a8-bf433bd7033f,3,1534.426555
2026/02/04/13:50:30,running-time,rs-000842-g7j8p,25dd3de5-6e1f-4a75-87a8-bf433bd7033f,3,1534.426555
2026/02/04/13:50:30,apply-time,rs-000842-xcg8k,385e726c-b5f9-4d8a-9d71-2149f94dd735,3,1534.426555
2026/02/04/13:50:30,running-time,rs-000842-xcg8k,385e726c-b5f9-4d8a-9d71-2149f94dd735,3,1534.426555
2026/02/04/13:50:30,apply-time,rs-000843-4p9s4,5e7a4b88-1488-46c3-b764-2f47095bf4cd,3,1534.426555
2026/02/04/13:50:30,running-time,rs-000843-4p9s4,5e7a4b88-1488-46c3-b764-2f47095bf4cd,3,1534.426555
2026/02/04/13:50:30,apply-time,rs-000843-7bhb7,ab1189da-a2d0-4c02-8d69-424313a531e8,3,1534.426555
2026/02/04/13:50:30,running-time,rs-000843-7bhb7,ab1189da-a2d0-4c02-8d69-424313a531e8,3,1534.426555
2026/02/04/13:50:30,apply-time,rs-000844-jwj9l,2f01e600-101e-4aaf-9e05-94fc81444d77,4,1534.426555
2026/02/04/13:50:30,running-time,rs-000844-jwj9l,2f01e600-101e-4aaf-9e05-94fc81444d77,4,1534.426555
2026/02/04/13:50:30,apply-time,rs-000844-zd5jv,8417e312-b2f4-48c4-8f3b-c8030375b860,4,1534.426555
2026/02/04/13:50:30,running-time,rs-000844-zd5jv,8417e312-b2f4-48c4-8f3b-c8030375b860,4,1534.426555
2026/02/04/13:50:30,apply-time,rs-000845-v6s4p,deee3cdc-58bb-40a1-86cf-184143287e20,1,1534.426555
2026/02/04/13:50:30,apply-time,rs-000846-vkvw7,63d3075e-d2b1-4ac5-b02e-c4b7f59c0a11,1,1534.426555
2026/02/04/13:50:32,apply-time,rs-000847-6hmmx,3ef2bd40-a43b-4d62-a59b-773de0b27932,1,1535.426555
2026/02/04/13:50:32,running-time,rs-000847-6hmmx,3ef2bd40-a43b-4d62-a59b-773de0b27932,1,1535.426555
2026/02/04/13:50:32,apply-time,rs-000847-fmjkm,b6ef0ee1-8644-4f10-a3ab-180d46cf37bb,1,1535.426555
2026/02/04/13:50:32,running-time,rs-000847-fmjkm,b6ef0ee1-8644-4f10-a3ab-180d46cf37bb,1,1535.426555
2026/02/04/13:50:32,apply-time,rs-000847-jd5g4,e3db4411-c998-40c1-b19e-88420fe1c6f5,1,1535.426555
2026/02/04/13:50:32,running-time,rs-000847-jd5g4,e3db4411-c998-40c1-b19e-88420fe1c6f5,1,1535.426555
2026/02/04/13:50:32,apply-time,rs-000848-t8z65,cf0eb5ae-2839-4be7-b1ad-83cccdb0903b,2,1535.426555
2026/02/04/13:50:32,running-time,rs-000848-t8z65,cf0eb5ae-2839-4be7-b1ad-83cccdb0903b,2,1535.426555
2026/02/04/13:50:32,apply-time,rs-000849-75knc,829bdf5f-2abe-4781-b9e2-4c0f201a68b4,1,1535.426555
2026/02/04/13:50:32,running-time,rs-000849-75knc,829bdf5f-2abe-4781-b9e2-4c0f201a68b4,1,1535.426555
2026/02/04/13:50:32,apply-time,rs-000850-hrqxq,bb7f5328-958f-4c96-91c8-74fd88519a19,1,1536.426555
2026/02/04/13:50:32,running-time,rs-000850-hrqxq,bb7f5328-958f-4c96-91c8-74fd88519a19,1,1536.426555
2026/02/04/13:50:32,apply-time,rs-000850-znvcv,28dade15-7a12-4335-896a-4e30b185a711,1,1536.426555
2026/02/04/13:50:32,running-time,rs-000850-znvcv,28dade15-7a12-4335-896a-4e30b185a711,1,1536.426555
2026/02/04/13:50:32,apply-time,rs-000851-4p8kl,20cc44b6-a2a7-4b73-9d14-ce570d0f0692,1,1536.426555
2026/02/04/13:50:32,running-time,rs-000851-4p8kl,20cc44b6-a2a7-4b73-9d14-ce570d0f0692,1,1536.426555
2026/02/04/13:50:32,apply-time,rs-000852-wncj9,e43f2c65-15c2-4a2d-99b5-f52c3ab60fec,2,1536.426555
2026/02/04/13:50:32,running-time,rs-000852-wncj9,e43f2c65-15c2-4a2d-99b5-f52c3ab60fec,2,1536.426555
2026/02/04/13:50:32,apply-time,rs-000853-twlzz,0b40d5ac-a53b-4052-aa62-d3a95aae1fb3,1,1536.426555
2026/02/04/13:50:32,running-time,rs-000853-twlzz,0b40d5ac-a53b-4052-aa62-d3a95aae1fb3,1,1536.426555
2026/02/04/13:50:33,apply-time,rs-000852-42gs6,9060ac8d-78fc-4730-ab73-b74ee8af8417,2,1536.426555
2026/02/04/13:50:33,running-time,rs-000852-42gs6,9060ac8d-78fc-4730-ab73-b74ee8af8417,2,1536.426555
2026/02/04/13:50:33,apply-time,rs-000853-gdcds,79dcd272-4336-44e1-8be7-389d7eace8c2,1,1536.426555
2026/02/04/13:50:33,apply-time,rs-000853-k4pf6,6517a11b-7399-48d2-b7f3-650fe16bd7aa,1,1536.426555
2026/02/04/13:50:33,running-time,rs-000853-k4pf6,6517a11b-7399-48d2-b7f3-650fe16bd7aa,1,1537.426555
2026/02/04/13:50:33,apply-time,rs-000854-7khgg,c11ce35e-bd19-4a43-bff5-7fb07dbc9f32,4,1537.426555
2026/02/04/13:50:33,running-time,rs-000854-7khgg,c11ce35e-bd19-4a43-bff5-7fb07dbc9f32,4,1537.426555
2026/02/04/13:50:33,apply-time,rs-000854-kpqsv,75428798-4072-4d38-88a5-a8dc1b652a9b,4,1537.426555
2026/02/04/13:50:33,running-time,rs-000854-kpqsv,75428798-4072-4d38-88a5-a8dc1b652a9b,4,1537.426555
2026/02/04/13:50:33,apply-time,rs-000854-wpg4p,2b101eb9-d342-4ed8-a879-0aae72ce878e,4,1536.426555
2026/02/04/13:50:33,running-time,rs-000854-wpg4p,2b101eb9-d342-4ed8-a879-0aae72ce878e,4,1536.426555
2026/02/04/13:50:33,apply-time,rs-000855-gplqm,207b8c93-6fc7-4d5d-9163-b170375f16d8,3,1537.426555
2026/02/04/13:50:33,apply-time,rs-000856-k64sb,6bb17f01-125a-4d3b-bddd-a7d9e61e02a5,4,1537.426555
2026/02/04/13:50:33,running-time,rs-000856-k64sb,6bb17f01-125a-4d3b-bddd-a7d9e61e02a5,4,1537.426555
2026/02/04/13:50:33,apply-time,rs-000857-cpqjw,b683f8ac-50d1-4d55-8e36-438f695fa30f,4,1537.426555
2026/02/04/13:50:33,apply-time,rs-000858-nq9h7,c82b371c-08d9-417a-9078-64152f3d6e21,3,1537.426555
2026/02/04/13:50:33,running-time,rs-000858-nq9h7,c82b371c-08d9-417a-9078-64152f3d6e21,3,1537.426555
2026/02/04/13:50:34,apply-time,rs-000856-9h97j,a9d89b19-5dce-4e85-bb07-113fceb0bb35,4,1537.426555
2026/02/04/13:50:34,running-time,rs-000856-9h97j,a9d89b19-5dce-4e85-bb07-113fceb0bb35,4,1537.426555
2026/02/04/13:50:34,running-time,rs-000857-cpqjw,b683f8ac-50d1-4d55-8e36-438f695fa30f,4,1537.426555
2026/02/04/13:50:34,apply-time,rs-000858-skc5x,c57e06d6-c03c-4feb-a669-979f61885f26,3,1537.426555
2026/02/04/13:50:34,running-time,rs-000858-skc5x,c57e06d6-c03c-4feb-a669-979f61885f26,3,1538.426555
2026/02/04/13:50:34,apply-time,rs-000860-8cdmf,450622e2-a5e2-40b4-b075-8f480aef5331,1,1538.426555
2026/02/04/13:50:34,apply-time,rs-000860-zk46n,e5ddf865-1b20-402e-8a63-69f8240aea1e,1,1537.426555
2026/02/04/13:50:34,running-time,rs-000860-zk46n,e5ddf865-1b20-402e-8a63-69f8240aea1e,1,1537.426555
2026/02/04/13:50:34,apply-time,rs-000861-458qt,97b6372a-0b32-44e5-b89a-c7499acb4aec,4,1538.426555
2026/02/04/13:50:34,apply-time,rs-000861-hbd2l,340b4d79-6f66-46b1-a0ca-bc3ba919b8fc,4,1538.426555
2026/02/04/13:50:35,running-time,rs-000853-gdcds,79dcd272-4336-44e1-8be7-389d7eace8c2,1,1538.426555
2026/02/04/13:50:35,running-time,rs-000855-gplqm,207b8c93-6fc7-4d5d-9163-b170375f16d8,3,1538.426555
2026/02/04/13:50:35,running-time,rs-000860-8cdmf,450622e2-a5e2-40b4-b075-8f480aef5331,1,1538.426555
2026/02/04/13:50:35,apply-time,rs-000862-lr8jd,57d2fe27-e17d-4403-be79-cce19d72541a,1,1539.426555
2026/02/04/13:50:35,running-time,rs-000862-lr8jd,57d2fe27-e17d-4403-be79-cce19d72541a,1,1539.426555
2026/02/04/13:50:35,apply-time,rs-000862-vv4bs,1c9fc0a5-04da-4e38-9384-b49714b9e91e,1,1538.426555
2026/02/04/13:50:35,running-time,rs-000862-vv4bs,1c9fc0a5-04da-4e38-9384-b49714b9e91e,1,1538.426555
2026/02/04/13:50:36,apply-time,rs-000863-fcc58,ff99b45c-1792-4741-a964-f533f339d252,1,1540.426555
2026/02/04/13:50:36,running-time,rs-000863-fcc58,ff99b45c-1792-4741-a964-f533f339d252,1,1540.426555
2026/02/04/13:50:36,apply-time,rs-000863-qh4lb,96948700-88bd-4119-9b89-75f791a23e07,1,1540.426555
2026/02/04/13:50:36,running-time,rs-000863-qh4lb,96948700-88bd-4119-9b89-75f791a23e07,1,1540.426555
2026/02/04/13:50:36,apply-time,rs-000864-m299g,4dde4aec-14fc-490b-85f5-f6fa5378a08b,4,1540.426555
2026/02/04/13:50:36,running-time,rs-000864-m299g,4dde4aec-14fc-490b-85f5-f6fa5378a08b,4,1540.426555
2026/02/04/13:50:36,apply-time,rs-000865-qs6fw,06c40252-c4cd-46b0-9e0b-67af47437e0b,2,1540.426555
2026/02/04/13:50:37,running-time,rs-000865-qs6fw,06c40252-c4cd-46b0-9e0b-67af47437e0b,2,1540.426555
2026/02/04/13:50:37,apply-time,rs-000866-4sx8p,83e7be2b-a3d4-40f2-b69d-e366652dcb22,1,1541.426555
2026/02/04/13:50:37,apply-time,rs-000866-jtsgm,dda165de-3f3c-40a1-a53d-d5348c849e6e,1,1540.426555
2026/02/04/13:50:37,running-time,rs-000866-jtsgm,dda165de-3f3c-40a1-a53d-d5348c849e6e,1,1541.426555
2026/02/04/13:50:37,apply-time,rs-000866-vbjb6,eb05dfd2-3f23-48ce-8d0f-118d70acac6b,1,1541.426555
2026/02/04/13:50:37,running-time,rs-000866-vbjb6,eb05dfd2-3f23-48ce-8d0f-118d70acac6b,1,1541.426555
2026/02/04/13:50:38,running-time,rs-000866-4sx8p,83e7be2b-a3d4-40f2-b69d-e366652dcb22,1,1541.426555
2026/02/04/13:50:39,apply-time,rs-000867-kds4z,f83f8957-ad70-4d0a-9d43-870e5b49fd24,1,1543.426555
2026/02/04/13:50:39,running-time,rs-000867-kds4z,f83f8957-ad70-4d0a-9d43-870e5b49fd24,1,1543.426555
2026/02/04/13:50:39,apply-time,rs-000867-s8m6t,3b705ea2-46e4-41ea-af81-b5c95319f7d7,1,1543.426555
2026/02/04/13:50:39,running-time,rs-000867-s8m6t,3b705ea2-46e4-41ea-af81-b5c95319f7d7,1,1543.426555
2026/02/04/13:50:39,apply-time,rs-000868-qx7nb,539cf331-5ee2-4f32-984b-165457e7cd44,3,1543.426555
2026/02/04/13:50:39,running-time,rs-000868-qx7nb,539cf331-5ee2-4f32-984b-165457e7cd44,3,1543.426555
2026/02/04/13:50:39,apply-time,rs-000869-b7xds,a424f207-1406-44bb-a5dd-41bc95e56f37,4,1543.426555
2026/02/04/13:50:39,running-time,rs-000869-b7xds,a424f207-1406-44bb-a5dd-41bc95e56f37,4,1543.426555
2026/02/04/13:50:39,apply-time,rs-000870-4gdsc,da589f89-9086-45a2-aa2b-d5bf35fb2ff9,2,1543.426555
2026/02/04/13:50:39,apply-time,rs-000870-bknnt,2ea52541-055a-4f52-bc55-314fd55ba93b,2,1543.426555
2026/02/04/13:50:39,apply-time,rs-000870-qfh6b,a3d313f4-748c-412a-886f-8cd5d59b5572,2,1543.426555
2026/02/04/13:50:39,apply-time,rs-000871-jpbdx,0ffe2e83-d643-4245-95a2-215044cb6941,2,1543.426555
2026/02/04/13:50:39,running-time,rs-000871-jpbdx,0ffe2e83-d643-4245-95a2-215044cb6941,2,1543.426555
2026/02/04/13:50:45,apply-time,rs-000872-bx5mx,2a705dfb-6fea-49c3-a222-60bd8884ccc1,1,1548.426555
2026/02/04/13:50:45,apply-time,rs-000872-fs5fg,10bc80d1-572f-47fb-98f6-951611166b14,1,1548.426555
2026/02/04/13:50:45,apply-time,rs-000872-nrz7r,65e6c15c-5b07-4a59-99cd-d8861c155086,1,1548.426555
2026/02/04/13:50:45,running-time,rs-000872-nrz7r,65e6c15c-5b07-4a59-99cd-d8861c155086,1,1548.426555
2026/02/04/13:50:45,apply-time,rs-000873-2lchz,039752e3-c2d1-43d1-b585-bc274c42eb1d,1,1548.426555
2026/02/04/13:50:45,running-time,rs-000873-2lchz,039752e3-c2d1-43d1-b585-bc274c42eb1d,1,1548.426555
2026/02/04/13:50:45,apply-time,rs-000874-4m25w,e865fa8a-458e-4133-ace8-658fde870389,4,1548.426555
2026/02/04/13:50:45,running-time,rs-000874-4m25w,e865fa8a-458e-4133-ace8-658fde870389,4,1549.426555
2026/02/04/13:50:45,apply-time,rs-000874-mhjkl,55422666-40b8-4c57-9e0b-5eb95626b3ea,4,1548.426555
2026/02/04/13:50:45,running-time,rs-000874-mhjkl,55422666-40b8-4c57-9e0b-5eb95626b3ea,4,1548.426555
2026/02/04/13:50:47,running-time,rs-000870-4gdsc,da589f89-9086-45a2-aa2b-d5bf35fb2ff9,2,1551.426555
2026/02/04/13:50:47,running-time,rs-000872-bx5mx,2a705dfb-6fea-49c3-a222-60bd8884ccc1,1,1550.426555
2026/02/04/13:50:47,running-time,rs-000872-fs5fg,10bc80d1-572f-47fb-98f6-951611166b14,1,1550.426555
2026/02/04/13:50:56,apply-time,rs-000783-vqkxt,610e7eea-e08d-4969-9cab-bd670ddde82c,1,1559.426555
2026/02/04/13:50:56,running-time,rs-000783-vqkxt,610e7eea-e08d-4969-9cab-bd670ddde82c,1,1559.426555
2026/02/04/13:50:56,running-time,rs-000845-v6s4p,deee3cdc-58bb-40a1-86cf-184143287e20,1,1559.426555
2026/02/04/13:51:16,apply-time,rs-000875-26tsb,f165c19d-71ff-4c54-93ae-878015c8aa9a,3,1580.426555
2026/02/04/13:51:16,running-time,rs-000875-26tsb,f165c19d-71ff-4c54-93ae-878015c8aa9a,3,1580.426555
2026/02/04/13:51:16,apply-time,rs-000875-p5jnd,49064b8b-dcbe-4047-a019-2a9dacf9a83e,3,1580.426555
2026/02/04/13:51:16,running-time,rs-000875-p5jnd,49064b8b-dcbe-4047-a019-2a9dacf9a83e,3,1580.426555
2026/02/04/13:51:16,apply-time,rs-000876-5dnfb,22295415-ee0a-492c-bba2-5aa9b6838a0c,1,1580.426555
2026/02/04/13:51:16,running-time,rs-000876-5dnfb,22295415-ee0a-492c-bba2-5aa9b6838a0c,1,1580.426555
2026/02/04/13:51:16,apply-time,rs-000876-m2q4k,a395afa5-1962-4489-ba8e-ebc7a3d8ae42,1,1580.426555
2026/02/04/13:51:16,running-time,rs-000876-m2q4k,a395afa5-1962-4489-ba8e-ebc7a3d8ae42,1,1580.426555
2026/02/04/13:51:27,apply-time,rs-000877-z8zv5,e721299d-bf8d-44f4-a9f0-5457db4533c1,4,1591.426555
2026/02/04/13:51:27,running-time,rs-000877-z8zv5,e721299d-bf8d-44f4-a9f0-5457db4533c1,4,1591.426555
2026/02/04/13:51:27,apply-time,rs-000878-mw7v4,cee22779-4ccc-4a38-ad75-969f259ee671,3,1591.426555
2026/02/04/13:51:27,running-time,rs-000878-mw7v4,cee22779-4ccc-4a38-ad75-969f259ee671,3,1591.426555
2026/02/04/13:51:27,apply-time,rs-000879-m4cxk,4e4379da-6e63-4793-b5e0-eae582101db9,3,1590.426555
2026/02/04/13:51:27,running-time,rs-000879-m4cxk,4e4379da-6e63-4793-b5e0-eae582101db9,3,1591.426555
2026/02/04/13:51:27,apply-time,rs-000880-5zk8f,336591a4-0d9f-424f-be5a-f3d6c7f64c36,1,1591.426555
2026/02/04/13:51:27,running-time,rs-000880-5zk8f,336591a4-0d9f-424f-be5a-f3d6c7f64c36,1,1591.426555
2026/02/04/13:51:27,apply-time,rs-000880-86sbh,a2744508-0bfb-46cb-b5b8-3f267495553f,1,1591.426555
2026/02/04/13:51:27,apply-time,rs-000880-js9f5,e1d8f501-82ba-4a86-91ec-1ef1efa00227,1,1590.426555
2026/02/04/13:51:27,running-time,rs-000880-js9f5,e1d8f501-82ba-4a86-91ec-1ef1efa00227,1,1591.426555
2026/02/04/13:51:52,apply-time,rs-000881-4l4ph,4dad9391-68d1-4e25-bd1f-b1899e11371a,4,1615.426555
2026/02/04/13:51:52,running-time,rs-000881-4l4ph,4dad9391-68d1-4e25-bd1f-b1899e11371a,4,1615.426555
2026/02/04/13:51:52,apply-time,rs-000881-5hjlk,73961a2d-7fe6-414c-acdb-4e8a8fc7b0c7,4,1615.426555
2026/02/04/13:51:52,running-time,rs-000881-5hjlk,73961a2d-7fe6-414c-acdb-4e8a8fc7b0c7,4,1615.426555
2026/02/04/13:51:52,apply-time,rs-000881-ncmcz,a7929469-7b7f-4b78-8956-5e03a986ae8c,4,1615.426555
2026/02/04/13:51:52,running-time,rs-000881-ncmcz,a7929469-7b7f-4b78-8956-5e03a986ae8c,4,1615.426555
2026/02/04/13:51:52,apply-time,rs-000882-gtbjb,008d051c-9cfc-44bb-9636-a5d27fddbeed,3,1615.426555
2026/02/04/13:51:52,running-time,rs-000882-gtbjb,008d051c-9cfc-44bb-9636-a5d27fddbeed,3,1615.426555
2026/02/04/13:52:13,apply-time,rs-000883-dkqfh,b13cc6e3-6b1f-4574-8877-0444c9b442b3,2,1637.426555
2026/02/04/13:52:13,running-time,rs-000883-dkqfh,b13cc6e3-6b1f-4574-8877-0444c9b442b3,2,1637.426555
2026/02/04/13:52:13,apply-time,rs-000883-wsk2r,7c937783-040c-46e3-80cf-9f7d57397009,2,1637.426555
2026/02/04/13:52:13,running-time,rs-000883-wsk2r,7c937783-040c-46e3-80cf-9f7d57397009,2,1637.426555
2026/02/04/13:52:13,apply-time,rs-000884-8d5r4,733d098f-5d21-4acf-ba5c-1d5be41d3c23,3,1637.426555
2026/02/04/13:52:13,running-time,rs-000884-8d5r4,733d098f-5d21-4acf-ba5c-1d5be41d3c23,3,1637.426555
2026/02/04/13:52:18,apply-time,rs-000885-9s24r,cbca1ab3-ce88-40d9-abcd-9543b9b295eb,3,1642.426555
2026/02/04/13:52:18,running-time,rs-000885-9s24r,cbca1ab3-ce88-40d9-abcd-9543b9b295eb,3,1642.426555
2026/02/04/13:52:18,apply-time,rs-000886-2tqx8,93414f2a-50bf-4884-9d67-40b7d0e894bf,3,1642.426555
2026/02/04/13:52:18,running-time,rs-000886-2tqx8,93414f2a-50bf-4884-9d67-40b7d0e894bf,3,1642.426555
2026/02/04/13:52:18,apply-time,rs-000886-d9rgq,63af54c7-8edb-449d-a51f-b01e9c8c4f99,3,1642.426555
2026/02/04/13:52:18,running-time,rs-000886-d9rgq,63af54c7-8edb-449d-a51f-b01e9c8c4f99,3,1642.426555
2026/02/04/13:52:18,apply-time,rs-000887-6lvzx,012e56c2-8d45-4920-ade7-09c2cb4ac28b,2,1642.426555
2026/02/04/13:52:18,running-time,rs-000887-6lvzx,012e56c2-8d45-4920-ade7-09c2cb4ac28b,2,1642.426555
2026/02/04/13:52:18,apply-time,rs-000887-7b2n2,492fd586-a9b0-41d6-98e0-1cdf526ac0c5,2,1642.426555
2026/02/04/13:52:18,running-time,rs-000887-7b2n2,492fd586-a9b0-41d6-98e0-1cdf526ac0c5,2,1642.426555
2026/02/04/13:52:18,apply-time,rs-000888-vgvqk,75d5e856-e30a-472f-93eb-a150f009175f,4,1642.426555
2026/02/04/13:52:18,running-time,rs-000888-vgvqk,75d5e856-e30a-472f-93eb-a150f009175f,4,1642.426555
2026/02/04/13:52:19,apply-time,rs-000889-t6hvz,ead43e1a-9310-4c19-b03c-b8559f0031f7,2,1643.426555
2026/02/04/13:52:19,running-time,rs-000889-t6hvz,ead43e1a-9310-4c19-b03c-b8559f0031f7,2,1643.426555
2026/02/04/13:52:19,apply-time,rs-000889-wdpwd,2b66df0e-d9a6-4845-8b44-8a51ff947ccd,2,1643.426555
2026/02/04/13:52:19,running-time,rs-000889-wdpwd,2b66df0e-d9a6-4845-8b44-8a51ff947ccd,2,1643.426555
2026/02/04/13:52:19,apply-time,rs-000890-ggr42,0cfbdf54-841c-4e29-867d-17bbb1f8e4ee,2,1643.426555
2026/02/04/13:52:19,running-time,rs-000890-ggr42,0cfbdf54-841c-4e29-867d-17bbb1f8e4ee,2,1643.426555
2026/02/04/13:52:19,apply-time,rs-000891-wghsb,6aada174-c245-4d3d-bf15-6473ba2cf646,2,1643.426555
2026/02/04/13:52:19,apply-time,rs-000892-94ss2,9e29c440-a6ea-4521-87d8-2a93950901c7,3,1643.426555
2026/02/04/13:52:19,running-time,rs-000892-94ss2,9e29c440-a6ea-4521-87d8-2a93950901c7,3,1643.426555
2026/02/04/13:52:19,apply-time,rs-000893-czg4z,86249c92-2786-498b-bcea-07c071b3a38b,1,1643.426555
2026/02/04/13:52:19,apply-time,rs-000893-ng6vz,bc55f436-b4e5-409a-b7c3-c35e43c9815f,1,1643.426555
2026/02/04/13:52:19,running-time,rs-000893-ng6vz,bc55f436-b4e5-409a-b7c3-c35e43c9815f,1,1643.426555
2026/02/04/13:52:19,apply-time,rs-000893-xl6bn,2a6ae1fa-8619-4b7b-8b7d-e329da8b405f,1,1643.426555
2026/02/04/13:52:19,running-time,rs-000893-xl6bn,2a6ae1fa-8619-4b7b-8b7d-e329da8b405f,1,1643.426555
2026/02/04/13:52:20,running-time,rs-000893-czg4z,86249c92-2786-498b-bcea-07c071b3a38b,1,1643.426555
2026/02/04/13:52:50,apply-time,rs-000894-q9ttx,adbae665-bf33-4368-b651-60d557ea5ea6,1,1673.426555
2026/02/04/13:52:50,running-time,rs-000894-q9ttx,adbae665-bf33-4368-b651-60d557ea5ea6,1,1673.426555
2026/02/04/13:52:51,apply-time,rs-000895-bqlzq,751a6771-50b6-4ed6-a537-9381dbd51d25,3,1675.426555
2026/02/04/13:52:51,running-time,rs-000895-bqlzq,751a6771-50b6-4ed6-a537-9381dbd51d25,3,1675.426555
2026/02/04/13:52:51,apply-time,rs-000896-cgz9b,3bfe5102-2f59-433b-8a85-53ef4e33fc62,1,1675.426555
2026/02/04/13:52:51,running-time,rs-000896-cgz9b,3bfe5102-2f59-433b-8a85-53ef4e33fc62,1,1675.426555
2026/02/04/13:53:14,apply-time,rs-000897-79b9x,26be8c58-4541-4880-b274-3f1f81873001,1,1698.426555
2026/02/04/13:53:14,running-time,rs-000897-79b9x,26be8c58-4541-4880-b274-3f1f81873001,1,1698.426555
2026/02/04/13:53:14,apply-time,rs-000897-hjb2b,912dcec4-ca54-4e98-9e2c-0176fd8e24b3,1,1698.426555
2026/02/04/13:53:14,running-time,rs-000897-hjb2b,912dcec4-ca54-4e98-9e2c-0176fd8e24b3,1,1698.426555
2026/02/04/13:53:14,apply-time,rs-000897-whc2c,d9fb4bae-b39d-417c-a38b-7991dcffd516,1,1698.426555
2026/02/04/13:53:14,running-time,rs-000897-whc2c,d9fb4bae-b39d-417c-a38b-7991dcffd516,1,1698.426555
2026/02/04/13:53:14,apply-time,rs-000898-9hhng,24ca5b93-b4f8-42c1-a570-b5ddaf3bf82e,3,1698.426555
2026/02/04/13:53:14,running-time,rs-000898-9hhng,24ca5b93-b4f8-42c1-a570-b5ddaf3bf82e,3,1698.426555
2026/02/04/13:53:16,apply-time,rs-000899-6gndm,c0f0f4ef-7cfa-4138-96f3-dd36eba4f10f,1,1699.426555
2026/02/04/13:53:16,running-time,rs-000899-6gndm,c0f0f4ef-7cfa-4138-96f3-dd36eba4f10f,1,1699.426555
2026/02/04/13:53:16,apply-time,rs-000899-dhrnd,bd0e5b6d-6b0e-40c9-bd88-8484d1cb5c7d,1,1699.426555
2026/02/04/13:53:16,running-time,rs-000899-dhrnd,bd0e5b6d-6b0e-40c9-bd88-8484d1cb5c7d,1,1699.426555
2026/02/04/13:53:16,apply-time,rs-000899-sbbhs,fd56e548-a5c6-4af0-887a-87003869dfe7,1,1699.426555
2026/02/04/13:53:16,running-time,rs-000899-sbbhs,fd56e548-a5c6-4af0-887a-87003869dfe7,1,1699.426555
2026/02/04/13:53:16,apply-time,rs-000900-4v7lv,b5bc83b5-9752-4519-bf14-98658cc86783,3,1699.426555
2026/02/04/13:53:16,running-time,rs-000900-4v7lv,b5bc83b5-9752-4519-bf14-98658cc86783,3,1699.426555
2026/02/04/13:53:16,apply-time,rs-000901-tq28j,763da8a6-0273-470b-8746-9a251a8ff742,1,1699.426555
2026/02/04/13:53:16,apply-time,rs-000902-4b2wv,e8b39dc4-897f-4985-8949-5235f6a50a7f,4,1699.426555
2026/02/04/13:53:16,apply-time,rs-000902-l486j,91867aee-f9b6-4fb2-816c-4b52f51c9085,4,1699.426555
2026/02/04/13:53:16,running-time,rs-000902-l486j,91867aee-f9b6-4fb2-816c-4b52f51c9085,4,1699.426555
2026/02/04/13:53:16,apply-time,rs-000903-5ltct,1ce3fff4-0995-4449-82d8-1ff3303b84e1,2,1699.426555
2026/02/04/13:53:16,running-time,rs-000903-5ltct,1ce3fff4-0995-4449-82d8-1ff3303b84e1,2,1699.426555
2026/02/04/13:53:16,apply-time,rs-000903-dnf4p,3c298d57-ab46-4c11-b4b6-415edc598ae1,2,1699.426555
2026/02/04/13:53:16,running-time,rs-000903-dnf4p,3c298d57-ab46-4c11-b4b6-415edc598ae1,2,1699.426555
2026/02/04/13:53:16,apply-time,rs-000904-4hgsv,59563630-df85-497e-93ed-4cc48ec78244,1,1700.426555
2026/02/04/13:53:16,running-time,rs-000904-4hgsv,59563630-df85-497e-93ed-4cc48ec78244,1,1700.426555
2026/02/04/13:53:16,apply-time,rs-000904-6ptlc,34a1a946-e3fa-4082-bfce-0f21e216eb2e,1,1700.426555
2026/02/04/13:53:16,running-time,rs-000904-6ptlc,34a1a946-e3fa-4082-bfce-0f21e216eb2e,1,1700.426555
2026/02/04/13:53:16,apply-time,rs-000905-pws47,62f113e2-27a5-43cc-becd-44f52f7b6fa1,3,1700.426555
2026/02/04/13:53:16,apply-time,rs-000906-pp2pf,3ec6c5d1-271a-46ba-a7b7-ff5f8fdda1fb,1,1700.426555
2026/02/04/13:53:16,running-time,rs-000906-pp2pf,3ec6c5d1-271a-46ba-a7b7-ff5f8fdda1fb,1,1700.426555
2026/02/04/13:53:18,running-time,rs-000905-pws47,62f113e2-27a5-43cc-becd-44f52f7b6fa1,3,1701.426555
2026/02/04/13:53:35,apply-time,rs-000907-5ph8v,b8c114cd-7fd8-4a5f-8090-a0a45502860a,1,1719.426555
2026/02/04/13:53:35,running-time,rs-000907-5ph8v,b8c114cd-7fd8-4a5f-8090-a0a45502860a,1,1719.426555
2026/02/04/13:53:35,apply-time,rs-000907-qk784,674427e3-44e7-41a7-bd62-d8dbcc59870a,1,1719.426555
2026/02/04/13:53:35,running-time,rs-000907-qk784,674427e3-44e7-41a7-bd62-d8dbcc59870a,1,1719.426555
2026/02/04/13:53:35,apply-time,rs-000908-tshb8,481cfeb4-94c6-4766-8334-7403a9132647,2,1719.426555
2026/02/04/13:53:35,running-time,rs-000908-tshb8,481cfeb4-94c6-4766-8334-7403a9132647,2,1719.426555
2026/02/04/13:53:35,apply-time,rs-000909-45646,c406a05d-dd61-40dc-8959-980c4c0e52e4,2,1719.426555
2026/02/04/13:53:35,running-time,rs-000909-45646,c406a05d-dd61-40dc-8959-980c4c0e52e4,2,1719.426555
2026/02/04/13:53:35,apply-time,rs-000909-45q8v,e42b9f45-c83d-41c2-a5fc-a044fdaa1c59,2,1719.426555
2026/02/04/13:53:35,running-time,rs-000909-45q8v,e42b9f45-c83d-41c2-a5fc-a044fdaa1c59,2,1719.426555
2026/02/04/13:53:35,apply-time,rs-000909-zpq56,baf020c3-3344-4319-8f6e-3bc5657bd0fd,2,1719.426555
2026/02/04/13:53:35,running-time,rs-000909-zpq56,baf020c3-3344-4319-8f6e-3bc5657bd0fd,2,1719.426555
2026/02/04/13:53:35,apply-time,rs-000910-hvgpw,d8c1bbaf-785f-4d83-9e75-2c9d2e97508e,1,1719.426555
2026/02/04/13:53:35,running-time,rs-000910-hvgpw,d8c1bbaf-785f-4d83-9e75-2c9d2e97508e,1,1719.426555
2026/02/04/13:53:38,apply-time,rs-000911-m9g7q,819a2bbc-aa1f-4d8c-87b4-dd354c51e701,4,1722.426555
2026/02/04/13:53:39,apply-time,rs-000912-954g5,8cc90dfb-dd20-406f-9769-69b0e7f0da5c,4,1722.426555
2026/02/04/13:53:39,running-time,rs-000912-954g5,8cc90dfb-dd20-406f-9769-69b0e7f0da5c,4,1722.426555
2026/02/04/13:53:51,apply-time,rs-000913-xgzxf,5f2f58c0-d36a-4457-ac21-a7890cedbd16,4,1735.426555
2026/02/04/13:53:51,running-time,rs-000913-xgzxf,5f2f58c0-d36a-4457-ac21-a7890cedbd16,4,1735.426555
2026/02/04/13:53:51,apply-time,rs-000914-66ltz,0bd2641d-58a0-4b1d-8379-80b4b1fb962e,1,1735.426555
2026/02/04/13:53:51,running-time,rs-000914-66ltz,0bd2641d-58a0-4b1d-8379-80b4b1fb962e,1,1735.426555
2026/02/04/13:53:51,apply-time,rs-000915-29ghp,b793ca1a-1304-4e96-91fe-9117bd45fcfb,2,1735.426555
2026/02/04/13:53:51,running-time,rs-000915-29ghp,b793ca1a-1304-4e96-91fe-9117bd45fcfb,2,1735.426555
2026/02/04/13:53:51,apply-time,rs-000916-q2mlg,1bf8cdfe-324f-412e-942b-ad4866218422,2,1735.426555
2026/02/04/13:53:51,running-time,rs-000916-q2mlg,1bf8cdfe-324f-412e-942b-ad4866218422,2,1735.426555
2026/02/04/13:53:51,apply-time,rs-000916-vbzcb,68c119b2-77e4-412f-a329-a91c3dcf43ce,2,1735.426555
2026/02/04/13:53:51,running-time,rs-000916-vbzcb,68c119b2-77e4-412f-a329-a91c3dcf43ce,2,1735.426555
2026/02/04/13:53:51,apply-time,rs-000916-zjhjm,807fdc40-a2ed-4876-916e-ddcaa77b95d8,2,1735.426555
2026/02/04/13:53:51,running-time,rs-000916-zjhjm,807fdc40-a2ed-4876-916e-ddcaa77b95d8,2,1735.426555
2026/02/04/13:53:51,apply-time,rs-000917-mbxh9,ae06ac10-3c8a-4846-a4af-6c5ab48da1dc,3,1735.426555
2026/02/04/13:53:51,running-time,rs-000917-mbxh9,ae06ac10-3c8a-4846-a4af-6c5ab48da1dc,3,1735.426555
2026/02/04/13:53:53,apply-time,rs-000918-c5vbs,e8307daf-5efc-446f-9a8d-efc07a758ff8,4,1737.426555
2026/02/04/13:53:53,running-time,rs-000918-c5vbs,e8307daf-5efc-446f-9a8d-efc07a758ff8,4,1737.426555
2026/02/04/13:53:53,apply-time,rs-000918-m2ccb,62d1dee6-092b-4b63-a0b2-2d1db04e5553,4,1737.426555
2026/02/04/13:53:53,running-time,rs-000918-m2ccb,62d1dee6-092b-4b63-a0b2-2d1db04e5553,4,1737.426555
2026/02/04/13:53:53,apply-time,rs-000918-t8jgd,b210266b-3f55-41f9-8edc-6a478818bb1a,4,1737.426555
2026/02/04/13:53:53,running-time,rs-000918-t8jgd,b210266b-3f55-41f9-8edc-6a478818bb1a,4,1737.426555
2026/02/04/13:53:55,apply-time,rs-000919-mgh6w,a06a274c-3ed2-477e-9b7e-0ffd2a94dabc,1,1739.426555
2026/02/04/13:53:55,apply-time,rs-000920-zc45c,75b5414e-2fbd-41c8-93f0-96ab57ce0d03,1,1739.426555
2026/02/04/13:53:55,running-time,rs-000920-zc45c,75b5414e-2fbd-41c8-93f0-96ab57ce0d03,1,1739.426555
2026/02/04/13:53:56,apply-time,rs-000919-24t94,a7239ab8-4d69-4b9f-9a51-e8577dfdf04a,1,1739.426555
2026/02/04/13:53:56,running-time,rs-000919-mgh6w,a06a274c-3ed2-477e-9b7e-0ffd2a94dabc,1,1739.426555
2026/02/04/13:53:56,apply-time,rs-000919-pbkp6,894ee608-0c21-4f50-956e-885149c509af,1,1739.426555
2026/02/04/13:53:56,apply-time,rs-000921-8sshf,607587bb-28e0-4a4f-8121-512ae4d0e69f,1,1739.426555
2026/02/04/13:53:56,apply-time,rs-000921-g7wd4,f047df49-68e4-46f3-8563-29b726981971,1,1739.426555
2026/02/04/13:53:56,apply-time,rs-000921-wfmxb,5a6cb0a2-440f-4be3-a87a-6be826460694,1,1739.426555
2026/02/04/13:53:56,apply-time,rs-000922-knbkj,b8794536-90c5-45b4-8e44-d4dae488bb0e,2,1739.426555
2026/02/04/13:53:56,running-time,rs-000922-knbkj,b8794536-90c5-45b4-8e44-d4dae488bb0e,2,1739.426555
2026/02/04/13:53:56,apply-time,rs-000922-knpd9,f9287ece-d65d-47f4-b672-049b00688783,2,1739.426555
2026/02/04/13:53:56,running-time,rs-000922-knpd9,f9287ece-d65d-47f4-b672-049b00688783,2,1739.426555
2026/02/04/13:53:56,apply-time,rs-000923-hww54,a6859a22-7c90-48a4-a80d-8b422ce28a01,4,1739.426555
2026/02/04/13:53:56,running-time,rs-000923-hww54,a6859a22-7c90-48a4-a80d-8b422ce28a01,4,1740.426555
2026/02/04/13:53:56,apply-time,rs-000924-bgpjd,05d2996b-aa95-4df6-8c84-f8f50b12e51b,1,1739.426555
2026/02/04/13:53:56,running-time,rs-000924-bgpjd,05d2996b-aa95-4df6-8c84-f8f50b12e51b,1,1740.426555
2026/02/04/13:53:56,apply-time,rs-000924-rhqgj,c2d68b73-ceab-4f7d-b09d-8b01df42083f,1,1739.426555
2026/02/04/13:53:56,running-time,rs-000924-rhqgj,c2d68b73-ceab-4f7d-b09d-8b01df42083f,1,1739.426555
2026/02/04/13:53:56,apply-time,rs-000925-svpzg,37a9bea9-aced-43e6-8bce-1c75f839dad5,2,1739.426555
2026/02/04/13:53:56,running-time,rs-000925-svpzg,37a9bea9-aced-43e6-8bce-1c75f839dad5,2,1739.426555
2026/02/04/13:53:56,apply-time,rs-000926-spb8j,024462b5-f7e7-4166-8e55-b31f9643edfe,1,1740.426555
2026/02/04/13:53:56,running-time,rs-000926-spb8j,024462b5-f7e7-4166-8e55-b31f9643edfe,1,1740.426555
2026/02/04/13:54:03,apply-time,rs-000927-bgc6z,5653a6e4-aa98-4730-8739-03578a419439,3,1747.426555
2026/02/04/13:54:03,running-time,rs-000927-bgc6z,5653a6e4-aa98-4730-8739-03578a419439,3,1747.426555
2026/02/04/13:54:03,apply-time,rs-000927-qwcb2,2ac3e2fd-8de6-4ae0-a3c2-7f8feb167a06,3,1747.426555
2026/02/04/13:54:03,running-time,rs-000927-qwcb2,2ac3e2fd-8de6-4ae0-a3c2-7f8feb167a06,3,1747.426555
2026/02/04/13:54:04,apply-time,rs-000928-994kr,bf2e0289-5a31-488c-8f82-1bf748757202,2,1747.426555
2026/02/04/13:54:04,running-time,rs-000928-994kr,bf2e0289-5a31-488c-8f82-1bf748757202,2,1747.426555
2026/02/04/13:54:04,apply-time,rs-000928-ffmp8,bc5d331a-dbc2-4f20-8095-682a62ad3156,2,1747.426555
2026/02/04/13:54:04,running-time,rs-000928-ffmp8,bc5d331a-dbc2-4f20-8095-682a62ad3156,2,1747.426555
2026/02/04/13:54:05,apply-time,rs-000929-zlsd7,71fb5455-cfbd-4a5f-8f2f-7bc3e2a31a00,4,1748.426555
2026/02/04/13:54:05,apply-time,rs-000930-7rqzc,a46366a6-d0fe-48d9-b70e-d2f7b4b7fdd9,2,1748.426555
2026/02/04/13:54:05,running-time,rs-000930-7rqzc,a46366a6-d0fe-48d9-b70e-d2f7b4b7fdd9,2,1748.426555
2026/02/04/13:54:05,apply-time,rs-000930-fw7jg,b8eb5bf6-d229-43b8-80b9-31d5a4dcd324,2,1748.426555
2026/02/04/13:54:05,running-time,rs-000930-fw7jg,b8eb5bf6-d229-43b8-80b9-31d5a4dcd324,2,1748.426555
2026/02/04/13:54:05,apply-time,rs-000930-zlcvf,7dc32020-6b76-43f8-bd0a-e634a55893a0,2,1748.426555
2026/02/04/13:54:05,running-time,rs-000930-zlcvf,7dc32020-6b76-43f8-bd0a-e634a55893a0,2,1748.426555
2026/02/04/13:54:07,running-time,rs-000929-zlsd7,71fb5455-cfbd-4a5f-8f2f-7bc3e2a31a00,4,1751.426555
2026/02/04/13:54:12,apply-time,rs-000931-hrxwq,e3afa2fb-ee45-434b-a092-bf8d2709d292,1,1756.426555
2026/02/04/13:54:12,running-time,rs-000931-hrxwq,e3afa2fb-ee45-434b-a092-bf8d2709d292,1,1756.426555
2026/02/04/13:54:12,apply-time,rs-000931-lrlpg,502bbc40-f9a3-4d0b-ac00-3de6170e2f74,1,1756.426555
2026/02/04/13:54:12,running-time,rs-000931-lrlpg,502bbc40-f9a3-4d0b-ac00-3de6170e2f74,1,1756.426555
2026/02/04/13:54:12,apply-time,rs-000932-6nslh,a96adc4e-8d33-4aaf-8f90-2f377c2115d4,1,1756.426555
2026/02/04/13:54:12,running-time,rs-000932-6nslh,a96adc4e-8d33-4aaf-8f90-2f377c2115d4,1,1756.426555
2026/02/04/13:54:12,apply-time,rs-000932-c27kh,3e62d5d4-4cff-42db-8e6d-08cc7e9ac9a8,1,1756.426555
2026/02/04/13:54:12,running-time,rs-000932-c27kh,3e62d5d4-4cff-42db-8e6d-08cc7e9ac9a8,1,1756.426555
2026/02/04/13:54:12,apply-time,rs-000932-p5kx4,f0f8481e-a22a-403f-b9c7-9f37e3ab1944,1,1756.426555
2026/02/04/13:54:12,running-time,rs-000932-p5kx4,f0f8481e-a22a-403f-b9c7-9f37e3ab1944,1,1756.426555
2026/02/04/13:54:12,apply-time,rs-000933-f567m,b04e406f-91f6-42a3-b32c-3ec899312e40,1,1756.426555
2026/02/04/13:54:13,apply-time,rs-000934-77ghh,bc5d53f8-6d12-4ffe-9a15-bae7bf8e012c,1,1756.426555
2026/02/04/13:54:13,running-time,rs-000934-77ghh,bc5d53f8-6d12-4ffe-9a15-bae7bf8e012c,1,1756.426555
2026/02/04/13:54:13,apply-time,rs-000934-c2wsr,40713782-3608-48b7-bb72-04f5604e3035,1,1756.426555
2026/02/04/13:54:13,running-time,rs-000934-c2wsr,40713782-3608-48b7-bb72-04f5604e3035,1,1756.426555
2026/02/04/13:54:13,apply-time,rs-000934-xgh9r,1106b182-b5f8-41d4-b31a-2a3176970102,1,1756.426555
2026/02/04/13:54:13,running-time,rs-000934-xgh9r,1106b182-b5f8-41d4-b31a-2a3176970102,1,1756.426555
2026/02/04/13:54:13,apply-time,rs-000935-cttnz,ae1f01a6-bcdf-4e26-95e2-266dfcc302ba,2,1757.426555
2026/02/04/13:54:13,running-time,rs-000935-cttnz,ae1f01a6-bcdf-4e26-95e2-266dfcc302ba,2,1757.426555
2026/02/04/13:54:13,apply-time,rs-000936-8lf2b,8728ea76-9391-4700-b5a1-b402ac2c718c,2,1757.426555
2026/02/04/13:54:13,running-time,rs-000936-8lf2b,8728ea76-9391-4700-b5a1-b402ac2c718c,2,1757.426555
2026/02/04/13:54:13,apply-time,rs-000936-gxpbb,a365e78e-f2ed-4626-9a7b-dc4de395e772,2,1757.426555
2026/02/04/13:54:13,running-time,rs-000936-gxpbb,a365e78e-f2ed-4626-9a7b-dc4de395e772,2,1757.426555
2026/02/04/13:54:13,apply-time,rs-000937-pn8ts,b77d0417-afed-4423-bdf1-79aa37cbe8a5,4,1757.426555
2026/02/04/13:54:13,running-time,rs-000937-pn8ts,b77d0417-afed-4423-bdf1-79aa37cbe8a5,4,1757.426555
2026/02/04/13:54:13,apply-time,rs-000938-h5mw7,d133362e-56b3-4745-a539-56ba3255122e,3,1757.426555
2026/02/04/13:54:13,running-time,rs-000938-h5mw7,d133362e-56b3-4745-a539-56ba3255122e,3,1757.426555
2026/02/04/13:54:14,apply-time,rs-000937-l9854,c38312a4-f5ee-48f7-96cb-fc8c1f6f88fc,4,1757.426555
2026/02/04/13:54:14,running-time,rs-000937-l9854,c38312a4-f5ee-48f7-96cb-fc8c1f6f88fc,4,1757.426555
2026/02/04/13:54:14,apply-time,rs-000937-lz987,f3d5d98b-1bbb-408d-9943-5054185ebcc6,4,1757.426555
2026/02/04/13:54:14,running-time,rs-000937-lz987,f3d5d98b-1bbb-408d-9943-5054185ebcc6,4,1757.426555
2026/02/04/13:54:14,apply-time,rs-000939-wcqq7,f310587f-c1e8-422e-a3da-7cdef0162638,3,1757.426555
2026/02/04/13:54:14,apply-time,rs-000940-kgh77,94e52dff-fcf3-4f89-82f9-36a025be387d,2,1758.426555
2026/02/04/13:54:14,running-time,rs-000940-kgh77,94e52dff-fcf3-4f89-82f9-36a025be387d,2,1758.426555
2026/02/04/13:54:14,apply-time,rs-000941-77rdp,42310ed4-4ce9-4fe1-a447-3104237ca692,4,1758.426555
2026/02/04/13:54:14,running-time,rs-000941-77rdp,42310ed4-4ce9-4fe1-a447-3104237ca692,4,1758.426555
2026/02/04/13:54:14,apply-time,rs-000941-xfnrk,319df5b4-fd6b-45a3-8d02-408028903c0a,4,1757.426555
2026/02/04/13:54:14,running-time,rs-000941-xfnrk,319df5b4-fd6b-45a3-8d02-408028903c0a,4,1757.426555
2026/02/04/13:54:14,apply-time,rs-000942-57wt8,fd17bf26-7230-4611-b008-6115a6860506,4,1758.426555
2026/02/04/13:54:14,apply-time,rs-000942-7xcd8,68a8cc5d-9ed8-4700-89b5-4c887780117d,4,1758.426555
2026/02/04/13:54:14,running-time,rs-000942-7xcd8,68a8cc5d-9ed8-4700-89b5-4c887780117d,4,1758.426555
2026/02/04/13:54:15,running-time,rs-000942-57wt8,fd17bf26-7230-4611-b008-6115a6860506,4,1758.426555
2026/02/04/13:54:15,apply-time,rs-000943-nn698,11e57de4-2d85-40d1-ae17-e8dc59334ec9,3,1759.426555
2026/02/04/13:54:15,running-time,rs-000943-nn698,11e57de4-2d85-40d1-ae17-e8dc59334ec9,3,1759.426555
2026/02/04/13:54:15,apply-time,rs-000944-8l6hp,49cbded4-4218-4a48-a401-f5a6cdd8dae1,2,1759.426555
2026/02/04/13:54:15,running-time,rs-000944-8l6hp,49cbded4-4218-4a48-a401-f5a6cdd8dae1,2,1759.426555
2026/02/04/13:54:15,apply-time,rs-000945-46dlx,505ccb7c-6fdf-46a3-b9c1-4fafdb9fe234,4,1759.426555
2026/02/04/13:54:15,running-time,rs-000945-46dlx,505ccb7c-6fdf-46a3-b9c1-4fafdb9fe234,4,1759.426555
2026/02/04/13:54:15,apply-time,rs-000945-x5sdx,8aa6a441-347c-462a-84fc-a7591ef1215f,4,1759.426555
2026/02/04/13:54:15,running-time,rs-000945-x5sdx,8aa6a441-347c-462a-84fc-a7591ef1215f,4,1759.426555
2026/02/04/13:54:16,apply-time,rs-000946-rplwj,f569479f-30f6-4f36-a992-01577d22d179,1,1760.426555
2026/02/04/13:54:16,running-time,rs-000946-rplwj,f569479f-30f6-4f36-a992-01577d22d179,1,1760.426555
2026/02/04/13:54:16,apply-time,rs-000947-nbl24,94b782fe-f3cd-42b7-9762-8bb2af7aee2a,3,1760.426555
2026/02/04/13:54:16,running-time,rs-000947-nbl24,94b782fe-f3cd-42b7-9762-8bb2af7aee2a,3,1760.426555
2026/02/04/13:54:16,apply-time,rs-000947-rkwxn,0216f887-b13a-49b6-833e-91d3dac09e5d,3,1760.426555
2026/02/04/13:54:16,running-time,rs-000947-rkwxn,0216f887-b13a-49b6-833e-91d3dac09e5d,3,1760.426555
2026/02/04/13:54:16,apply-time,rs-000947-rl7lp,dd039bba-3cf3-40e9-83ea-cb7436df8248,3,1760.426555
2026/02/04/13:54:16,running-time,rs-000947-rl7lp,dd039bba-3cf3-40e9-83ea-cb7436df8248,3,1760.426555
2026/02/04/13:54:19,running-time,rs-000939-wcqq7,f310587f-c1e8-422e-a3da-7cdef0162638,3,1763.426555
2026/02/04/13:54:19,apply-time,rs-000948-sbhd9,bd0c470a-1063-41bf-a69c-b55f25a082ed,2,1762.426555
2026/02/04/13:54:19,running-time,rs-000948-sbhd9,bd0c470a-1063-41bf-a69c-b55f25a082ed,2,1762.426555
2026/02/04/13:54:19,apply-time,rs-000949-gg68s,43d3417f-d931-4918-a78d-5565ce2562a2,1,1763.426555
2026/02/04/13:54:19,running-time,rs-000949-gg68s,43d3417f-d931-4918-a78d-5565ce2562a2,1,1763.426555
2026/02/04/13:54:19,apply-time,rs-000949-wmz45,0a343c9e-2a91-4106-af17-e534ce9575e6,1,1763.426555
2026/02/04/13:54:19,running-time,rs-000949-wmz45,0a343c9e-2a91-4106-af17-e534ce9575e6,1,1763.426555
2026/02/04/13:54:41,apply-time,rs-000950-d6lx9,1ba5ed68-6d58-49f4-861f-7bc039a7541a,2,1785.426555
2026/02/04/13:54:41,running-time,rs-000950-d6lx9,1ba5ed68-6d58-49f4-861f-7bc039a7541a,2,1785.426555
2026/02/04/13:54:41,apply-time,rs-000950-t9wbp,f61d7bdc-1976-4085-9975-f94cc42d1195,2,1785.426555
2026/02/04/13:54:41,running-time,rs-000950-t9wbp,f61d7bdc-1976-4085-9975-f94cc42d1195,2,1785.426555
2026/02/04/13:55:00,apply-time,rs-000951-x2bj9,e166677f-7a0c-4f89-b089-f04123651ca4,3,1804.426555
2026/02/04/13:55:00,running-time,rs-000951-x2bj9,e166677f-7a0c-4f89-b089-f04123651ca4,3,1804.426555
2026/02/04/13:55:00,apply-time,rs-000952-jndwl,a93f77f3-6d2a-47cd-97bd-66146e07c3a9,2,1804.426555
2026/02/04/13:55:00,running-time,rs-000952-jndwl,a93f77f3-6d2a-47cd-97bd-66146e07c3a9,2,1804.426555
2026/02/04/13:55:01,apply-time,rs-000953-mtjhp,decd4852-41be-4fc4-9125-a62bb0c4290c,1,1804.426555
2026/02/04/13:55:03,running-time,rs-000953-mtjhp,decd4852-41be-4fc4-9125-a62bb0c4290c,1,1806.426555
2026/02/04/13:55:05,apply-time,rs-000954-897pz,5b2b3c76-3665-4b3c-a8b5-5b6e04a66fc3,3,1809.426555
2026/02/04/13:55:05,running-time,rs-000954-897pz,5b2b3c76-3665-4b3c-a8b5-5b6e04a66fc3,3,1809.426555
2026/02/04/13:55:05,apply-time,rs-000954-gp7jj,aac33ce3-6e0f-49cc-b789-6fc901d684bb,3,1809.426555
2026/02/04/13:55:05,running-time,rs-000954-gp7jj,aac33ce3-6e0f-49cc-b789-6fc901d684bb,3,1809.426555
2026/02/04/13:55:05,apply-time,rs-000955-dcd2f,c60f4bd1-4912-47e1-8352-9812f33965a9,2,1809.426555
2026/02/04/13:55:05,running-time,rs-000955-dcd2f,c60f4bd1-4912-47e1-8352-9812f33965a9,2,1809.426555
2026/02/04/13:55:05,apply-time,rs-000955-mx5nr,af53d85f-d5b4-45ad-a82f-51ea9a5233d0,2,1809.426555
2026/02/04/13:55:05,running-time,rs-000955-mx5nr,af53d85f-d5b4-45ad-a82f-51ea9a5233d0,2,1809.426555
2026/02/04/13:55:05,apply-time,rs-000955-zwlxz,aa333b1e-3d09-4fe5-8b03-638ed2ec28c3,2,1809.426555
2026/02/04/13:55:05,running-time,rs-000955-zwlxz,aa333b1e-3d09-4fe5-8b03-638ed2ec28c3,2,1809.426555
2026/02/04/13:55:07,apply-time,rs-000956-8f66f,baff26b9-5cb2-4967-8e47-e203557f0174,1,1811.426555
2026/02/04/13:55:07,running-time,rs-000956-8f66f,baff26b9-5cb2-4967-8e47-e203557f0174,1,1811.426555
2026/02/04/13:55:07,apply-time,rs-000956-t92fk,813364c2-11ee-449b-905b-dd2652908572,1,1811.426555
2026/02/04/13:55:07,running-time,rs-000956-t92fk,813364c2-11ee-449b-905b-dd2652908572,1,1811.426555
2026/02/04/13:55:08,apply-time,rs-000957-h9pqg,f716bded-0971-476a-80b5-d5334651674b,3,1811.426555
2026/02/04/13:55:08,running-time,rs-000957-h9pqg,f716bded-0971-476a-80b5-d5334651674b,3,1811.426555
2026/02/04/13:55:08,apply-time,rs-000957-mn58k,888dd41a-fb74-4a41-9511-ce37d4b34895,3,1811.426555
2026/02/04/13:55:08,running-time,rs-000957-mn58k,888dd41a-fb74-4a41-9511-ce37d4b34895,3,1811.426555
2026/02/04/13:55:08,apply-time,rs-000958-b6gq4,25d1b8e4-09c4-41b7-af17-83915de0722d,2,1811.426555
2026/02/04/13:55:08,apply-time,rs-000958-h5m7j,2e33e84e-ac3d-4226-a8a0-31d1a5dea4cd,2,1811.426555
2026/02/04/13:55:08,running-time,rs-000958-h5m7j,2e33e84e-ac3d-4226-a8a0-31d1a5dea4cd,2,1811.426555
2026/02/04/13:55:08,apply-time,rs-000959-sbrhs,f57d91b3-4d00-4a2d-be21-583191fbee40,3,1811.426555
2026/02/04/13:55:08,running-time,rs-000959-sbrhs,f57d91b3-4d00-4a2d-be21-583191fbee40,3,1812.426555
2026/02/04/13:55:08,apply-time,rs-000960-2qv4q,288627c3-cf18-49db-8910-4c5158a0e384,4,1811.426555
2026/02/04/13:55:08,running-time,rs-000960-2qv4q,288627c3-cf18-49db-8910-4c5158a0e384,4,1812.426555
2026/02/04/13:55:08,apply-time,rs-000960-mr9nk,63b70003-1358-42d3-98a3-0942b8747fc0,4,1812.426555
2026/02/04/13:55:08,running-time,rs-000960-mr9nk,63b70003-1358-42d3-98a3-0942b8747fc0,4,1812.426555
2026/02/04/13:55:10,running-time,rs-000958-b6gq4,25d1b8e4-09c4-41b7-af17-83915de0722d,2,1813.426555
2026/02/04/13:55:11,apply-time,rs-000961-scsbq,fdfd130e-3fd6-4dab-8df1-57c9049edf2d,4,1815.426555
2026/02/04/13:55:11,running-time,rs-000961-scsbq,fdfd130e-3fd6-4dab-8df1-57c9049edf2d,4,1815.426555
2026/02/04/13:55:11,apply-time,rs-000961-srfnp,76f846e6-b007-49ce-969c-f6fcd83cad73,4,1815.426555
2026/02/04/13:55:11,running-time,rs-000961-srfnp,76f846e6-b007-49ce-969c-f6fcd83cad73,4,1815.426555
2026/02/04/13:55:11,apply-time,rs-000962-wpdp6,0231f197-5685-4d1a-8664-a5bc71ae7606,2,1815.426555
2026/02/04/13:55:11,running-time,rs-000962-wpdp6,0231f197-5685-4d1a-8664-a5bc71ae7606,2,1815.426555
2026/02/04/13:55:11,apply-time,rs-000963-m2v85,c438f703-6bb5-4440-93dc-42229973dde8,2,1815.426555
2026/02/04/13:55:11,running-time,rs-000963-m2v85,c438f703-6bb5-4440-93dc-42229973dde8,2,1815.426555
2026/02/04/13:55:11,apply-time,rs-000963-qtmq8,e076325e-37a5-4713-9f07-4f948045d296,2,1815.426555
2026/02/04/13:55:11,running-time,rs-000963-qtmq8,e076325e-37a5-4713-9f07-4f948045d296,2,1815.426555
2026/02/04/13:55:11,apply-time,rs-000963-wptj8,6a70ae8b-bd74-40b2-afbc-4d2568026c22,2,1815.426555
2026/02/04/13:55:11,running-time,rs-000963-wptj8,6a70ae8b-bd74-40b2-afbc-4d2568026c22,2,1815.426555
2026/02/04/13:55:11,apply-time,rs-000964-gztbk,759bf305-ff60-4473-b32d-cbf029fd725f,1,1815.426555
2026/02/04/13:55:11,running-time,rs-000964-gztbk,759bf305-ff60-4473-b32d-cbf029fd725f,1,1815.426555
2026/02/04/13:55:11,apply-time,rs-000964-jjrpg,22136b87-c0e7-4ad8-9e45-cf5bd1de6dde,1,1815.426555
2026/02/04/13:55:11,running-time,rs-000964-jjrpg,22136b87-c0e7-4ad8-9e45-cf5bd1de6dde,1,1815.426555
2026/02/04/13:55:11,apply-time,rs-000964-ngmwt,a2f7060d-4d22-4aec-ad6c-4fc66227dff1,1,1815.426555
2026/02/04/13:55:11,running-time,rs-000964-ngmwt,a2f7060d-4d22-4aec-ad6c-4fc66227dff1,1,1815.426555
2026/02/04/13:55:11,apply-time,rs-000965-g4fmv,1b277354-7379-49a4-8536-a3cf7bcafdc9,1,1815.426555
2026/02/04/13:55:11,running-time,rs-000965-g4fmv,1b277354-7379-49a4-8536-a3cf7bcafdc9,1,1815.426555
2026/02/04/13:55:25,apply-time,rs-000966-2nxkx,67c105df-4bbf-4c9e-859b-6d4fe4cd65ce,1,1829.426555
2026/02/04/13:55:25,running-time,rs-000966-2nxkx,67c105df-4bbf-4c9e-859b-6d4fe4cd65ce,1,1829.426555
2026/02/04/13:55:25,apply-time,rs-000966-cmtls,984b2937-c0e6-4a45-aaf5-150fedaa1f46,1,1829.426555
2026/02/04/13:55:25,apply-time,rs-000966-wdknr,533f65eb-e97e-4e72-88bd-e6698ad1613a,1,1829.426555
2026/02/04/13:55:25,running-time,rs-000966-wdknr,533f65eb-e97e-4e72-88bd-e6698ad1613a,1,1829.426555
2026/02/04/13:55:25,apply-time,rs-000967-b72v6,1c055b65-1de8-4ee8-ae8d-135705e80d9f,1,1829.426555
2026/02/04/13:55:25,running-time,rs-000967-b72v6,1c055b65-1de8-4ee8-ae8d-135705e80d9f,1,1829.426555
2026/02/04/13:55:30,apply-time,rs-000968-7cjmv,0c688211-a798-4ad0-a45c-859491562b93,2,1834.426555
2026/02/04/13:55:30,running-time,rs-000968-7cjmv,0c688211-a798-4ad0-a45c-859491562b93,2,1834.426555
2026/02/04/13:55:30,apply-time,rs-000968-nxz2j,27c2c5c0-8db9-498c-ba43-ea4d47ba4b43,2,1834.426555
2026/02/04/13:55:30,running-time,rs-000968-nxz2j,27c2c5c0-8db9-498c-ba43-ea4d47ba4b43,2,1834.426555
2026/02/04/13:55:31,apply-time,rs-000969-9rb6q,a7eb5e3f-4163-49a5-8baa-9bdd7d575f3d,2,1835.426555
2026/02/04/13:55:31,running-time,rs-000969-9rb6q,a7eb5e3f-4163-49a5-8baa-9bdd7d575f3d,2,1835.426555
2026/02/04/13:55:31,apply-time,rs-000969-l8zvv,e161f4c8-d5cb-4da4-8f53-c8b2a0ccf684,2,1835.426555
2026/02/04/13:55:31,running-time,rs-000969-l8zvv,e161f4c8-d5cb-4da4-8f53-c8b2a0ccf684,2,1835.426555
2026/02/04/13:55:31,apply-time,rs-000970-58mjh,ad5e0415-f04e-4ad9-ae8a-d8ecd1d6228b,1,1835.426555
2026/02/04/13:55:31,running-time,rs-000970-58mjh,ad5e0415-f04e-4ad9-ae8a-d8ecd1d6228b,1,1835.426555
2026/02/04/13:55:31,apply-time,rs-000971-h5m4j,71df496b-c749-42f3-9ef2-db8c7c577c61,3,1835.426555
2026/02/04/13:55:31,running-time,rs-000971-h5m4j,71df496b-c749-42f3-9ef2-db8c7c577c61,3,1835.426555
2026/02/04/13:55:31,apply-time,rs-000971-nbbmh,1046bc93-d955-47c2-a10b-c1f5c1bd0b4f,3,1835.426555
2026/02/04/13:55:31,running-time,rs-000971-nbbmh,1046bc93-d955-47c2-a10b-c1f5c1bd0b4f,3,1835.426555
2026/02/04/13:55:33,apply-time,rs-000972-974g4,0071c9c6-a2dd-4d75-b224-56cad1fa0e6d,4,1837.426555
2026/02/04/13:55:33,apply-time,rs-000972-c6sxh,bd689d33-5bc8-4be5-9b8b-8486d74e0bdd,4,1837.426555
2026/02/04/13:55:33,running-time,rs-000972-c6sxh,bd689d33-5bc8-4be5-9b8b-8486d74e0bdd,4,1837.426555
2026/02/04/13:55:33,apply-time,rs-000972-pdq26,1701cb07-0516-4d4f-b07a-f76fe53ec5b7,4,1837.426555
2026/02/04/13:55:36,apply-time,rs-000973-gkxgx,e398e4cd-470b-4e6d-b15c-7e8092db740b,4,1840.426555
2026/02/04/13:55:36,running-time,rs-000973-gkxgx,e398e4cd-470b-4e6d-b15c-7e8092db740b,4,1840.426555
2026/02/04/13:55:36,apply-time,rs-000973-hl2px,51071c06-f5d1-4ec0-861a-b147b5d3341d,4,1840.426555
2026/02/04/13:55:36,running-time,rs-000973-hl2px,51071c06-f5d1-4ec0-861a-b147b5d3341d,4,1840.426555
2026/02/04/13:55:36,apply-time,rs-000974-kmzh2,453df2ad-27c9-4b63-9b2a-1bf05e88e6a7,1,1840.426555
2026/02/04/13:55:36,running-time,rs-000974-kmzh2,453df2ad-27c9-4b63-9b2a-1bf05e88e6a7,1,1840.426555
2026/02/04/13:55:36,apply-time,rs-000974-rzzzb,fb9e43da-8b5b-431c-b7ca-02901a8d9c4a,1,1840.426555
2026/02/04/13:55:36,running-time,rs-000974-rzzzb,fb9e43da-8b5b-431c-b7ca-02901a8d9c4a,1,1840.426555
2026/02/04/13:55:36,apply-time,rs-000975-khfnx,bc4dc1d9-9c35-4b7d-a918-d7145fa45d4b,4,1840.426555
2026/02/04/13:55:36,running-time,rs-000975-khfnx,bc4dc1d9-9c35-4b7d-a918-d7145fa45d4b,4,1840.426555
2026/02/04/13:55:36,apply-time,rs-000976-k2bz2,1ce18263-85f8-439c-ba72-2182ed72c9aa,1,1840.426555
2026/02/04/13:55:36,running-time,rs-000976-k2bz2,1ce18263-85f8-439c-ba72-2182ed72c9aa,1,1840.426555
2026/02/04/13:55:36,apply-time,rs-000977-6nj6h,24e6770d-7f1a-4211-accc-5e7660f4a861,3,1840.426555
2026/02/04/13:55:36,running-time,rs-000977-6nj6h,24e6770d-7f1a-4211-accc-5e7660f4a861,3,1840.426555
2026/02/04/13:55:36,apply-time,rs-000977-g9rw4,971277a5-430d-410b-8a5a-94b49cf79e69,3,1840.426555
2026/02/04/13:55:36,running-time,rs-000977-g9rw4,971277a5-430d-410b-8a5a-94b49cf79e69,3,1840.426555
2026/02/04/13:55:49,apply-time,rs-000978-9ngz5,529372d7-4552-4da4-986c-31afb72c7581,1,1853.426555
2026/02/04/13:55:49,apply-time,rs-000978-k7s4s,5b4aca45-6e40-466d-8015-0deacc51312f,1,1853.426555
2026/02/04/13:55:49,running-time,rs-000978-k7s4s,5b4aca45-6e40-466d-8015-0deacc51312f,1,1853.426555
2026/02/04/13:55:49,apply-time,rs-000979-7c8zd,79fa3ae7-9e19-4a44-8982-94d2539f5115,1,1853.426555
2026/02/04/13:55:50,running-time,rs-000979-7c8zd,79fa3ae7-9e19-4a44-8982-94d2539f5115,1,1854.426555
2026/02/04/13:55:51,running-time,rs-000978-9ngz5,529372d7-4552-4da4-986c-31afb72c7581,1,1855.426555
2026/02/04/13:56:01,apply-time,rs-000980-8tt7z,ebc1f255-0630-494c-8cc7-769c8a12faa8,3,1865.426555
2026/02/04/13:56:01,running-time,rs-000980-8tt7z,ebc1f255-0630-494c-8cc7-769c8a12faa8,3,1865.426555
2026/02/04/13:56:01,apply-time,rs-000980-8z92b,8f7a59fd-6a7f-4844-b620-c155ed9ee809,3,1865.426555
2026/02/04/13:56:01,running-time,rs-000980-8z92b,8f7a59fd-6a7f-4844-b620-c155ed9ee809,3,1865.426555
2026/02/04/13:56:01,apply-time,rs-000981-gvdb4,e9795924-c850-4ebd-95aa-cb1c43cfc4d3,3,1865.426555
2026/02/04/13:56:01,running-time,rs-000981-gvdb4,e9795924-c850-4ebd-95aa-cb1c43cfc4d3,3,1865.426555
2026/02/04/13:56:01,apply-time,rs-000981-kp9c2,ae3a778a-a283-49c3-b297-da30802194f1,3,1865.426555
2026/02/04/13:56:01,running-time,rs-000981-kp9c2,ae3a778a-a283-49c3-b297-da30802194f1,3,1865.426555
2026/02/04/13:56:01,apply-time,rs-000982-cl6bz,37983735-df7b-4818-ad94-d2d4d4e5233b,4,1865.426555
2026/02/04/13:56:01,running-time,rs-000982-cl6bz,37983735-df7b-4818-ad94-d2d4d4e5233b,4,1865.426555
2026/02/04/13:56:01,apply-time,rs-000983-x7zd7,52960627-47c8-45f5-8f98-68f9ea712793,3,1865.426555
2026/02/04/13:56:01,apply-time,rs-000984-gf5q4,1d1d6fe0-9c8f-440c-8775-d7622756ca58,2,1865.426555
2026/02/04/13:56:01,running-time,rs-000984-gf5q4,1d1d6fe0-9c8f-440c-8775-d7622756ca58,2,1865.426555
2026/02/04/13:56:01,apply-time,rs-000984-mgxzw,b0fd8cdb-7b7b-4272-95d9-905cda9486a9,2,1865.426555
2026/02/04/13:56:01,running-time,rs-000984-mgxzw,b0fd8cdb-7b7b-4272-95d9-905cda9486a9,2,1865.426555
2026/02/04/13:56:07,apply-time,rs-000863-k2tws,cb2e11ec-164f-4b4c-a9bc-f094536b49ad,1,1871.426555
2026/02/04/13:56:07,running-time,rs-000863-k2tws,cb2e11ec-164f-4b4c-a9bc-f094536b49ad,1,1871.426555
2026/02/04/13:56:07,apply-time,rs-000934-4flfs,362d4e8b-20a9-46d2-abce-646779115c66,1,1871.426555
2026/02/04/13:56:07,running-time,rs-000934-4flfs,362d4e8b-20a9-46d2-abce-646779115c66,1,1871.426555
2026/02/04/13:56:07,running-time,rs-000983-x7zd7,52960627-47c8-45f5-8f98-68f9ea712793,3,1871.426555
2026/02/04/13:56:10,apply-time,rs-000985-d5vq7,b634177f-9ab0-419e-9161-c93685111f11,3,1874.426555
2026/02/04/13:56:10,running-time,rs-000985-d5vq7,b634177f-9ab0-419e-9161-c93685111f11,3,1874.426555
2026/02/04/13:56:10,apply-time,rs-000985-dd5k7,85211222-555b-40ec-907d-e3600444da2c,3,1874.426555
2026/02/04/13:56:10,running-time,rs-000985-dd5k7,85211222-555b-40ec-907d-e3600444da2c,3,1874.426555
2026/02/04/13:56:10,apply-time,rs-000986-6jhlx,ead1a3c4-8600-4a6c-9ad1-22664148d045,1,1874.426555
2026/02/04/13:56:10,running-time,rs-000986-6jhlx,ead1a3c4-8600-4a6c-9ad1-22664148d045,1,1874.426555
2026/02/04/13:56:10,apply-time,rs-000986-7hkmt,c6d12a81-1bdf-4c3d-93c8-6cb176c0a2e0,1,1874.426555
2026/02/04/13:56:10,running-time,rs-000986-7hkmt,c6d12a81-1bdf-4c3d-93c8-6cb176c0a2e0,1,1874.426555
2026/02/04/13:56:10,apply-time,rs-000986-858gr,32b27d44-1352-4057-b4c7-4c05c36e8263,1,1874.426555
2026/02/04/13:56:10,running-time,rs-000986-858gr,32b27d44-1352-4057-b4c7-4c05c36e8263,1,1874.426555
2026/02/04/13:56:10,apply-time,rs-000988-lcbht,93175eeb-db98-4106-9050-f848a0c4a1eb,4,1874.426555
2026/02/04/13:56:11,apply-time,rs-000987-5pbtr,3a5f1c57-e169-4b3b-ad13-39d1a3bf71b7,4,1874.426555
2026/02/04/13:56:11,running-time,rs-000987-5pbtr,3a5f1c57-e169-4b3b-ad13-39d1a3bf71b7,4,1875.426555
2026/02/04/13:56:11,apply-time,rs-000987-p6snx,dea3cdde-8955-4661-9d6e-500f98cddad1,4,1874.426555
2026/02/04/13:56:11,running-time,rs-000987-p6snx,dea3cdde-8955-4661-9d6e-500f98cddad1,4,1875.426555
2026/02/04/13:56:11,apply-time,rs-000987-zxjxk,8a85e266-2171-444a-b02e-7e4f3b2a6cf7,4,1874.426555
2026/02/04/13:56:11,running-time,rs-000987-zxjxk,8a85e266-2171-444a-b02e-7e4f3b2a6cf7,4,1874.426555
2026/02/04/13:56:11,running-time,rs-000988-lcbht,93175eeb-db98-4106-9050-f848a0c4a1eb,4,1874.426555
2026/02/04/13:56:11,apply-time,rs-000989-m76cn,aaa70343-ee0a-45a5-bdcb-01dbdb624f81,4,1874.426555
2026/02/04/13:56:11,running-time,rs-000989-m76cn,aaa70343-ee0a-45a5-bdcb-01dbdb624f81,4,1875.426555
2026/02/04/13:56:11,apply-time,rs-000989-v6g7l,2af8e8ff-4ea6-430e-ac15-bf84a79eb42d,4,1874.426555
2026/02/04/13:56:11,running-time,rs-000989-v6g7l,2af8e8ff-4ea6-430e-ac15-bf84a79eb42d,4,1874.426555
2026/02/04/13:56:11,apply-time,rs-000989-wp2wb,634ecab9-bb45-46b3-9ec1-2368a063d28d,4,1874.426555
2026/02/04/13:56:11,running-time,rs-000989-wp2wb,634ecab9-bb45-46b3-9ec1-2368a063d28d,4,1875.426555
2026/02/04/13:56:11,apply-time,rs-000990-6b9xj,6a240154-33ca-4e67-abff-e5a15cbcb72e,2,1875.426555
2026/02/04/13:56:11,apply-time,rs-000990-n5bh2,0787b96b-788a-4fea-a41b-2bb697ab4994,2,1875.426555
2026/02/04/13:56:11,running-time,rs-000990-n5bh2,0787b96b-788a-4fea-a41b-2bb697ab4994,2,1875.426555
2026/02/04/13:56:11,apply-time,rs-000990-wkqbc,b1539f2a-28af-41e7-ac36-6c79f62804ef,2,1875.426555
2026/02/04/13:56:11,apply-time,rs-000991-kb9cn,865aaac7-3ed9-4219-bfbc-bef79e398361,2,1875.426555
2026/02/04/13:56:11,running-time,rs-000991-kb9cn,865aaac7-3ed9-4219-bfbc-bef79e398361,2,1875.426555
2026/02/04/13:56:11,apply-time,rs-000992-8slgj,55f620fd-864e-4580-bb85-2fa621ee2bea,3,1875.426555
2026/02/04/13:56:11,apply-time,rs-000993-w666d,5afc86b8-8351-4c09-8687-2c1e7baee39a,2,1875.426555
2026/02/04/13:56:11,running-time,rs-000993-w666d,5afc86b8-8351-4c09-8687-2c1e7baee39a,2,1875.426555
2026/02/04/13:56:11,apply-time,rs-000994-kl6hm,797c91f2-3e37-49bb-ad47-71d8ff00ddf7,2,1875.426555
2026/02/04/13:56:12,apply-time,rs-000992-2zpq2,186ab38a-26ca-47e2-89ae-5955b21c3124,3,1875.426555
2026/02/04/13:56:12,apply-time,rs-000993-25n2z,99c7fdf7-e895-412d-8cc5-72898099683b,2,1876.426555
2026/02/04/13:56:12,running-time,rs-000993-25n2z,99c7fdf7-e895-412d-8cc5-72898099683b,2,1876.426555
2026/02/04/13:56:12,apply-time,rs-000994-h8kwq,2941f2b7-4ebe-4ba2-a1c9-75a06de941c7,2,1876.426555
2026/02/04/13:56:12,apply-time,rs-000994-hnmk9,22c79f3a-e9c1-4df0-b2a6-5de5c6f20441,2,1876.426555
2026/02/04/13:56:12,apply-time,rs-000995-64vfs,f32e3077-b9d5-4d35-ad27-bf62bcea1cfb,1,1876.426555
2026/02/04/13:56:12,apply-time,rs-000995-8lk2d,ea7a10d6-3123-4f1c-9875-29dff07045d8,1,1876.426555
2026/02/04/13:56:12,apply-time,rs-000995-v2bt2,f01461eb-9702-42a5-8353-de7469bb38d5,1,1876.426555
2026/02/04/13:56:13,running-time,rs-000995-8lk2d,ea7a10d6-3123-4f1c-9875-29dff07045d8,1,1877.426555
2026/02/04/13:56:13,running-time,rs-000995-v2bt2,f01461eb-9702-42a5-8353-de7469bb38d5,1,1877.426555
2026/02/04/13:56:14,apply-time,rs-000996-jm2tw,9444fa3a-c16e-41f5-840d-1fcfe86cd26c,1,1877.426555
2026/02/04/13:56:14,running-time,rs-000996-jm2tw,9444fa3a-c16e-41f5-840d-1fcfe86cd26c,1,1877.426555
2026/02/04/13:56:14,apply-time,rs-000996-l6hx7,771cc3b0-90c8-4ec5-aece-2e0115d5fd1e,1,1877.426555
2026/02/04/13:56:14,running-time,rs-000996-l6hx7,771cc3b0-90c8-4ec5-aece-2e0115d5fd1e,1,1877.426555
2026/02/04/13:56:14,apply-time,rs-000996-qfnth,6998eb88-38fa-4531-85a7-de3104a75c22,1,1877.426555
2026/02/04/13:56:14,running-time,rs-000996-qfnth,6998eb88-38fa-4531-85a7-de3104a75c22,1,1877.426555
2026/02/04/13:56:15,apply-time,rs-000997-mrxkg,41890c2d-fbcf-45dd-99b0-f5ceb4f28ad5,2,1879.426555
2026/02/04/13:56:15,running-time,rs-000997-mrxkg,41890c2d-fbcf-45dd-99b0-f5ceb4f28ad5,2,1879.426555
2026/02/04/13:56:15,apply-time,rs-000998-hpxvr,9afb4357-a050-4fbe-acba-de3b38f9a03e,3,1879.426555
2026/02/04/13:56:15,running-time,rs-000998-hpxvr,9afb4357-a050-4fbe-acba-de3b38f9a03e,3,1879.426555
2026/02/04/13:56:15,apply-time,rs-000998-wmpmr,8382bad8-f17a-46a3-adc0-0222b123e9b6,3,1879.426555
2026/02/04/13:56:15,running-time,rs-000998-wmpmr,8382bad8-f17a-46a3-adc0-0222b123e9b6,3,1879.426555
2026/02/04/13:56:16,apply-time,rs-000999-755kq,7a9e0476-98bb-43d2-806d-8382b72afdad,2,1880.426555
2026/02/04/13:56:16,running-time,rs-000999-755kq,7a9e0476-98bb-43d2-806d-8382b72afdad,2,1880.426555
2026/02/04/13:56:16,apply-time,rs-001000-l5rh5,f536e5a5-0335-4553-8d26-1b11ef5eecb8,1,1880.426555
2026/02/04/13:56:16,running-time,rs-001000-l5rh5,f536e5a5-0335-4553-8d26-1b11ef5eecb8,1,1880.426555
2026/02/04/13:56:16,apply-time,rs-001000-r8zxr,8a3446ca-bc67-47f3-886a-42126bb7058f,1,1880.426555
2026/02/04/13:56:16,running-time,rs-001000-r8zxr,8a3446ca-bc67-47f3-886a-42126bb7058f,1,1880.426555
2026/02/04/13:56:16,apply-time,rs-001001-6zwzp,b2867f7f-3a07-4edf-8f54-2b2104655dba,1,1880.426555
2026/02/04/13:56:16,running-time,rs-001001-6zwzp,b2867f7f-3a07-4edf-8f54-2b2104655dba,1,1880.426555
2026/02/04/13:56:16,apply-time,rs-001001-rjk92,2fc06f69-92cd-4c56-98ec-74ac16752927,1,1880.426555
2026/02/04/13:56:16,running-time,rs-001001-rjk92,2fc06f69-92cd-4c56-98ec-74ac16752927,1,1880.426555
2026/02/04/13:56:17,apply-time,rs-001002-8g2jp,c15ce25c-ecad-4f54-a467-ce4321eb85cc,3,1880.426555
2026/02/04/13:56:17,running-time,rs-001002-8g2jp,c15ce25c-ecad-4f54-a467-ce4321eb85cc,3,1881.426555
2026/02/04/13:56:17,apply-time,rs-001003-kx9c2,81428017-b664-42d6-957d-e12221869094,2,1881.426555
2026/02/04/13:56:17,running-time,rs-001003-kx9c2,81428017-b664-42d6-957d-e12221869094,2,1881.426555
2026/02/04/13:56:17,apply-time,rs-001003-q55vc,486a3a51-ad35-4879-8239-2cc3c3814b91,2,1881.426555
2026/02/04/13:56:17,running-time,rs-001003-q55vc,486a3a51-ad35-4879-8239-2cc3c3814b91,2,1881.426555
2026/02/04/13:56:17,apply-time,rs-001004-lqfx6,d35cea84-0a74-4d05-b920-4a3fd96f363b,1,1881.426555
2026/02/04/13:56:17,running-time,rs-001004-lqfx6,d35cea84-0a74-4d05-b920-4a3fd96f363b,1,1881.426555
2026/02/04/13:56:17,apply-time,rs-001004-tt4qf,a6279fd0-dfe9-47db-bfdb-a60126be3d35,1,1881.426555
2026/02/04/13:56:17,running-time,rs-001004-tt4qf,a6279fd0-dfe9-47db-bfdb-a60126be3d35,1,1881.426555
2026/02/04/13:56:17,apply-time,rs-001005-dlj9r,69c89000-eeb2-4363-ac94-70582c8ef9c4,3,1881.426555
2026/02/04/13:56:17,apply-time,rs-001006-xsfmn,f694ae53-bc03-4176-b053-aa7d3c966c1e,3,1881.426555
2026/02/04/13:56:17,apply-time,rs-001007-s6pvw,133652d6-0b52-4af7-bedc-e86a2faf50fe,4,1881.426555
2026/02/04/13:56:17,apply-time,rs-001007-sksl8,f368a030-63ad-4e78-81e9-ae0ba049b5d9,4,1881.426555
2026/02/04/13:56:17,apply-time,rs-001008-ds2nt,507461a2-c3d6-438d-b06d-9cce0bd50849,1,1881.426555
2026/02/04/13:56:18,running-time,rs-001007-sksl8,f368a030-63ad-4e78-81e9-ae0ba049b5d9,4,1882.426555
2026/02/04/13:56:18,apply-time,rs-001008-8298q,58682281-44bd-49b9-a412-2e307bb01380,1,1881.426555
2026/02/04/13:56:18,running-time,rs-001008-ds2nt,507461a2-c3d6-438d-b06d-9cce0bd50849,1,1882.426555
2026/02/04/13:56:18,apply-time,rs-001008-z8wxd,429e7bc3-3c08-44b6-967e-fa6faaef46ba,1,1881.426555
2026/02/04/13:56:18,running-time,rs-001008-z8wxd,429e7bc3-3c08-44b6-967e-fa6faaef46ba,1,1882.426555
2026/02/04/13:56:18,apply-time,rs-001009-29gmp,76e16668-824f-4cfc-bc5c-aef64c8625a1,3,1882.426555
2026/02/04/13:56:18,running-time,rs-001009-29gmp,76e16668-824f-4cfc-bc5c-aef64c8625a1,3,1882.426555
2026/02/04/13:56:18,apply-time,rs-001009-f75dw,fe937681-62f5-4ac1-ad1a-f1f56d6c6d68,3,1882.426555
2026/02/04/13:56:18,running-time,rs-001009-f75dw,fe937681-62f5-4ac1-ad1a-f1f56d6c6d68,3,1882.426555
2026/02/04/13:56:18,apply-time,rs-001009-pj8wf,91b8b4d3-b99d-409e-89b4-77283a187a76,3,1882.426555
2026/02/04/13:56:18,running-time,rs-001009-pj8wf,91b8b4d3-b99d-409e-89b4-77283a187a76,3,1882.426555
2026/02/04/13:56:19,running-time,rs-001007-s6pvw,133652d6-0b52-4af7-bedc-e86a2faf50fe,4,1883.426555
2026/02/04/13:56:19,running-time,rs-001008-8298q,58682281-44bd-49b9-a412-2e307bb01380,1,1883.426555
2026/02/04/13:56:22,running-time,rs-001005-dlj9r,69c89000-eeb2-4363-ac94-70582c8ef9c4,3,1886.426555
2026/02/04/13:56:40,apply-time,rs-001010-x8hjf,23fcec20-51de-4073-a217-05c87094f30b,2,1903.426555
2026/02/04/13:56:40,running-time,rs-001010-x8hjf,23fcec20-51de-4073-a217-05c87094f30b,2,1903.426555
2026/02/04/13:56:40,apply-time,rs-001011-7qmt2,ee67419a-6731-4711-be3c-bfae27da9ecc,3,1903.426555
2026/02/04/13:56:40,running-time,rs-001011-7qmt2,ee67419a-6731-4711-be3c-bfae27da9ecc,3,1903.426555
2026/02/04/13:56:40,apply-time,rs-001011-84lqc,346c17c7-e8a4-4d32-9c4d-e8ee5315feb4,3,1903.426555
2026/02/04/13:56:40,running-time,rs-001011-84lqc,346c17c7-e8a4-4d32-9c4d-e8ee5315feb4,3,1903.426555
2026/02/04/13:56:40,apply-time,rs-001011-bchpq,2d7c7231-1d13-4b11-99cd-b0fbaaf97247,3,1903.426555
2026/02/04/13:56:40,running-time,rs-001011-bchpq,2d7c7231-1d13-4b11-99cd-b0fbaaf97247,3,1903.426555
2026/02/04/13:56:46,apply-time,rs-001012-5cv8n,85c10711-2add-4550-9d1b-82bb3f3328be,2,1910.426555
2026/02/04/13:56:46,running-time,rs-001012-5cv8n,85c10711-2add-4550-9d1b-82bb3f3328be,2,1910.426555
2026/02/04/13:56:46,apply-time,rs-001012-hwxs5,70faeaa2-e789-4b4d-93b9-20537b669361,2,1910.426555
2026/02/04/13:56:46,running-time,rs-001012-hwxs5,70faeaa2-e789-4b4d-93b9-20537b669361,2,1910.426555
2026/02/04/13:56:46,apply-time,rs-001012-l9ksh,3a498d7b-bc15-4a2d-bc16-c5ca0ae6f2d7,2,1910.426555
2026/02/04/13:56:46,running-time,rs-001012-l9ksh,3a498d7b-bc15-4a2d-bc16-c5ca0ae6f2d7,2,1910.426555
2026/02/04/13:56:47,apply-time,rs-001013-5xxlb,89c555e2-e69e-4566-807b-68a9232cf660,2,1911.426555
2026/02/04/13:56:47,running-time,rs-001013-5xxlb,89c555e2-e69e-4566-807b-68a9232cf660,2,1911.426555
2026/02/04/13:56:47,apply-time,rs-001013-j9985,f9afb9c7-0d05-42bb-82eb-26d667c4552a,2,1911.426555
2026/02/04/13:56:47,apply-time,rs-001013-x4jr9,2cf26ab4-775d-4a67-b6dd-f65577e4db1c,2,1911.426555
2026/02/04/13:56:47,running-time,rs-001013-x4jr9,2cf26ab4-775d-4a67-b6dd-f65577e4db1c,2,1911.426555
2026/02/04/13:56:48,apply-time,rs-001014-2p7xz,be7716ba-1852-41c5-808c-20d428c04002,4,1912.426555
2026/02/04/13:56:48,running-time,rs-001014-2p7xz,be7716ba-1852-41c5-808c-20d428c04002,4,1912.426555
2026/02/04/13:56:48,apply-time,rs-001015-g9x6r,6ce81a3d-da80-4a4e-b36b-b1f75328ea9e,4,1912.426555
2026/02/04/13:56:48,running-time,rs-001015-g9x6r,6ce81a3d-da80-4a4e-b36b-b1f75328ea9e,4,1912.426555
2026/02/04/13:56:48,apply-time,rs-001016-74bp5,01f30302-2f6b-4d11-98c9-25b2b208a9ad,2,1912.426555
2026/02/04/13:56:49,running-time,rs-001016-74bp5,01f30302-2f6b-4d11-98c9-25b2b208a9ad,2,1912.426555
2026/02/04/13:57:05,apply-time,rs-001017-56djq,5a1af26c-f935-46b3-b16e-ee9221443786,4,1929.426555
2026/02/04/13:57:05,running-time,rs-001017-56djq,5a1af26c-f935-46b3-b16e-ee9221443786,4,1929.426555
2026/02/04/13:57:05,apply-time,rs-001017-bx9bm,cc334d26-734e-48f6-b335-8286604af5bc,4,1929.426555
2026/02/04/13:57:05,running-time,rs-001017-bx9bm,cc334d26-734e-48f6-b335-8286604af5bc,4,1929.426555
2026/02/04/13:57:05,apply-time,rs-001018-8kl9p,8fa2dac7-3901-455d-925a-6612b5b2d554,1,1929.426555
2026/02/04/13:57:05,running-time,rs-001018-8kl9p,8fa2dac7-3901-455d-925a-6612b5b2d554,1,1929.426555
2026/02/04/13:57:05,apply-time,rs-001019-c2gkg,9f4992e7-9b72-4650-b03b-51bf31f16dde,3,1929.426555
2026/02/04/13:57:05,running-time,rs-001019-c2gkg,9f4992e7-9b72-4650-b03b-51bf31f16dde,3,1929.426555
2026/02/04/13:57:05,apply-time,rs-001019-cnr44,fd69e26a-0d7c-471c-bf18-5908dc4edcb1,3,1929.426555
2026/02/04/13:57:05,running-time,rs-001019-cnr44,fd69e26a-0d7c-471c-bf18-5908dc4edcb1,3,1929.426555
2026/02/04/13:57:10,apply-time,rs-001020-9pxlz,66033498-e10f-40bf-9044-1500b2801328,1,1934.426555
2026/02/04/13:57:10,running-time,rs-001020-9pxlz,66033498-e10f-40bf-9044-1500b2801328,1,1934.426555
2026/02/04/13:57:10,apply-time,rs-001020-vjrh4,03fa1fa7-7ecf-46d1-9c13-25c45387d3ad,1,1934.426555
2026/02/04/13:57:10,running-time,rs-001020-vjrh4,03fa1fa7-7ecf-46d1-9c13-25c45387d3ad,1,1934.426555
2026/02/04/13:57:10,apply-time,rs-001021-sl9kt,1656c43a-f01b-4bd3-99c7-b7841c120fe0,1,1934.426555
2026/02/04/13:57:10,running-time,rs-001021-sl9kt,1656c43a-f01b-4bd3-99c7-b7841c120fe0,1,1934.426555
2026/02/04/13:57:14,apply-time,rs-001022-fqtx5,3f17cfbc-47c7-40a3-af79-a87edfc9f6e4,1,1938.426555
2026/02/04/13:57:14,running-time,rs-001022-fqtx5,3f17cfbc-47c7-40a3-af79-a87edfc9f6e4,1,1938.426555
2026/02/04/13:57:14,apply-time,rs-001022-hmqjv,18d248f4-7da5-45df-a2d1-225eb89fb0c3,1,1938.426555
2026/02/04/13:57:14,running-time,rs-001022-hmqjv,18d248f4-7da5-45df-a2d1-225eb89fb0c3,1,1938.426555
2026/02/04/13:57:14,apply-time,rs-001022-m7wgh,04b1b2a4-5d44-4076-938b-05c4c037ebb5,1,1938.426555
2026/02/04/13:57:14,running-time,rs-001022-m7wgh,04b1b2a4-5d44-4076-938b-05c4c037ebb5,1,1938.426555
2026/02/04/13:57:14,apply-time,rs-001023-pglcn,cab38a68-b3f8-4b41-ba69-cf72623f3780,4,1938.426555
2026/02/04/13:57:14,running-time,rs-001023-pglcn,cab38a68-b3f8-4b41-ba69-cf72623f3780,4,1938.426555
2026/02/04/13:57:14,apply-time,rs-001024-dlp69,a5111219-abdf-46d0-a7a1-85e7a134f65f,2,1938.426555
2026/02/04/13:57:14,running-time,rs-001024-dlp69,a5111219-abdf-46d0-a7a1-85e7a134f65f,2,1938.426555
2026/02/04/13:57:14,apply-time,rs-001024-qbdxf,5a025045-5a5e-4b38-b786-16162861bb52,2,1938.426555
2026/02/04/13:57:14,running-time,rs-001024-qbdxf,5a025045-5a5e-4b38-b786-16162861bb52,2,1938.426555
2026/02/04/13:57:14,apply-time,rs-001025-dxdp4,d8cdc6be-9a41-4139-9e23-44b6892df6aa,4,1938.426555
2026/02/04/13:57:14,running-time,rs-001025-dxdp4,d8cdc6be-9a41-4139-9e23-44b6892df6aa,4,1938.426555
2026/02/04/13:57:18,apply-time,rs-001026-d4j28,c6939679-f190-495b-a926-ca2f9b7237d6,4,1942.426555
2026/02/04/13:57:18,running-time,rs-001026-d4j28,c6939679-f190-495b-a926-ca2f9b7237d6,4,1942.426555
2026/02/04/13:57:18,apply-time,rs-001026-drv86,468c1233-a02b-467d-8455-3dcba73fd290,4,1942.426555
2026/02/04/13:57:18,running-time,rs-001026-drv86,468c1233-a02b-467d-8455-3dcba73fd290,4,1942.426555
2026/02/04/13:57:18,apply-time,rs-001026-f74h7,b21bff62-0ca8-477e-9307-14c673412397,4,1942.426555
2026/02/04/13:57:18,running-time,rs-001026-f74h7,b21bff62-0ca8-477e-9307-14c673412397,4,1942.426555
2026/02/04/13:57:29,apply-time,rs-001027-hv468,1ca1164f-42e0-44ea-ae3e-2024b2deff67,1,1953.426555
2026/02/04/13:57:29,running-time,rs-001027-hv468,1ca1164f-42e0-44ea-ae3e-2024b2deff67,1,1953.426555
2026/02/04/13:57:29,apply-time,rs-001027-zc2td,38f75f39-b5e1-4abc-8565-3094be016f41,1,1953.426555
2026/02/04/13:57:29,running-time,rs-001027-zc2td,38f75f39-b5e1-4abc-8565-3094be016f41,1,1953.426555
2026/02/04/13:57:29,apply-time,rs-001028-2mtps,dab95ac0-8f55-4154-85cc-711f218502f7,4,1953.426555
2026/02/04/13:57:29,running-time,rs-001028-2mtps,dab95ac0-8f55-4154-85cc-711f218502f7,4,1953.426555
2026/02/04/13:57:29,apply-time,rs-001028-72lw8,b892bfeb-5512-4967-b12a-905161f0c154,4,1953.426555
2026/02/04/13:57:29,running-time,rs-001028-72lw8,b892bfeb-5512-4967-b12a-905161f0c154,4,1953.426555
2026/02/04/13:57:29,apply-time,rs-001029-ch4gh,bce052f0-e015-4757-9117-8f780cb954f9,3,1953.426555
2026/02/04/13:57:29,running-time,rs-001029-ch4gh,bce052f0-e015-4757-9117-8f780cb954f9,3,1953.426555
2026/02/04/13:57:30,apply-time,rs-001030-7w2kp,8a3fe14d-a784-4ad1-b755-a88c54144e61,3,1954.426555
2026/02/04/13:57:30,running-time,rs-001030-7w2kp,8a3fe14d-a784-4ad1-b755-a88c54144e61,3,1954.426555
2026/02/04/13:57:30,apply-time,rs-001030-g2stn,baf8cee7-4d7e-4754-b140-cb27dccfb497,3,1954.426555
2026/02/04/13:57:30,running-time,rs-001030-g2stn,baf8cee7-4d7e-4754-b140-cb27dccfb497,3,1954.426555
2026/02/04/13:57:33,apply-time,rs-001031-7nw9v,d18d628a-5429-4d80-9a22-27fcbc8b53de,4,1957.426555
2026/02/04/13:57:33,apply-time,rs-001031-dctwz,f23f953d-c631-4fe3-91cd-3e6e5b323549,4,1957.426555
2026/02/04/13:57:33,apply-time,rs-001031-gxh8f,5320c768-eccb-4cdf-b515-53f8324ef291,4,1957.426555
2026/02/04/13:57:33,running-time,rs-001031-gxh8f,5320c768-eccb-4cdf-b515-53f8324ef291,4,1957.426555
2026/02/04/13:57:34,apply-time,rs-001032-pbzm6,3b9235a4-b0fa-46c9-a28f-b0b5db3c9e7a,4,1958.426555
2026/02/04/13:57:34,running-time,rs-001032-pbzm6,3b9235a4-b0fa-46c9-a28f-b0b5db3c9e7a,4,1958.426555
2026/02/04/13:57:34,apply-time,rs-001033-vc66r,61cd25f6-59e3-41bd-b94a-0f4071758c3b,4,1958.426555
2026/02/04/13:57:34,running-time,rs-001033-vc66r,61cd25f6-59e3-41bd-b94a-0f4071758c3b,4,1958.426555
2026/02/04/13:57:35,running-time,rs-001031-7nw9v,d18d628a-5429-4d80-9a22-27fcbc8b53de,4,1959.426555
2026/02/04/13:57:52,apply-time,rs-001034-q2frl,e050024e-9fae-4ba8-b133-cca510a51980,3,1976.426555
2026/02/04/13:57:52,running-time,rs-001034-q2frl,e050024e-9fae-4ba8-b133-cca510a51980,3,1976.426555
2026/02/04/13:57:52,apply-time,rs-001034-r2dqm,8593b289-01d7-4c40-833d-de9157f6840e,3,1976.426555
2026/02/04/13:57:52,running-time,rs-001034-r2dqm,8593b289-01d7-4c40-833d-de9157f6840e,3,1976.426555
2026/02/04/13:57:52,apply-time,rs-001034-ttpnb,adbaaf0c-7af2-4b57-a119-421c1307d6a5,3,1976.426555
2026/02/04/13:57:52,running-time,rs-001034-ttpnb,adbaaf0c-7af2-4b57-a119-421c1307d6a5,3,1976.426555
2026/02/04/13:57:52,apply-time,rs-001035-5xnnd,a3c3c1a1-648c-4f10-9397-6a541b844381,2,1976.426555
2026/02/04/13:57:52,running-time,rs-001035-5xnnd,a3c3c1a1-648c-4f10-9397-6a541b844381,2,1976.426555
2026/02/04/13:57:52,apply-time,rs-001035-t9kqj,0626f05f-211a-4d55-8e0b-5edb00e1059f,2,1976.426555
2026/02/04/13:57:52,running-time,rs-001035-t9kqj,0626f05f-211a-4d55-8e0b-5edb00e1059f,2,1976.426555
2026/02/04/13:57:52,apply-time,rs-001035-w9d9j,a1d80387-9e7c-425c-8cd3-3efb50cb101e,2,1976.426555
2026/02/04/13:57:52,running-time,rs-001035-w9d9j,a1d80387-9e7c-425c-8cd3-3efb50cb101e,2,1976.426555
2026/02/04/13:57:52,apply-time,rs-001036-g4bvg,0eef5f6b-4c02-4edc-a0e3-7bb8028e2da2,4,1976.426555
2026/02/04/13:57:52,running-time,rs-001036-g4bvg,0eef5f6b-4c02-4edc-a0e3-7bb8028e2da2,4,1976.426555
2026/02/04/13:57:52,apply-time,rs-001036-r6x9j,9f58836f-b822-42ab-95c7-d5fce9aa7581,4,1976.426555
2026/02/04/13:57:52,running-time,rs-001036-r6x9j,9f58836f-b822-42ab-95c7-d5fce9aa7581,4,1976.426555
2026/02/04/13:57:52,apply-time,rs-001037-z7n59,80b10d15-8f1f-4c4f-b37f-2dc94849c58d,4,1976.426555
2026/02/04/13:57:52,running-time,rs-001037-z7n59,80b10d15-8f1f-4c4f-b37f-2dc94849c58d,4,1976.426555
2026/02/04/13:57:52,apply-time,rs-001038-84tlx,400fcf5a-fd5a-4476-96e7-88eecf458d72,1,1976.426555
2026/02/04/13:57:52,apply-time,rs-001038-9cnh7,e7de89c9-b0a2-4b30-bd79-1e92561d0c6c,1,1976.426555
2026/02/04/13:57:52,apply-time,rs-001039-lh75h,064d35c5-1b7f-4f87-9c12-f6c3344e069a,4,1976.426555
2026/02/04/13:57:52,running-time,rs-001039-lh75h,064d35c5-1b7f-4f87-9c12-f6c3344e069a,4,1976.426555
2026/02/04/13:57:53,apply-time,rs-001040-cwnp5,afa4ed99-0e5f-45a2-a926-8f568988838f,2,1977.426555
2026/02/04/13:57:53,running-time,rs-001040-cwnp5,afa4ed99-0e5f-45a2-a926-8f568988838f,2,1977.426555
2026/02/04/13:57:53,apply-time,rs-001040-nqlvr,ffd1870d-9cf6-45dd-9156-5dc3f2e1bd36,2,1977.426555
2026/02/04/13:57:53,running-time,rs-001040-nqlvr,ffd1870d-9cf6-45dd-9156-5dc3f2e1bd36,2,1977.426555
2026/02/04/13:57:53,apply-time,rs-001040-plrk2,7b4a1972-3b92-4fbe-99e8-82457860570f,2,1977.426555
2026/02/04/13:57:53,running-time,rs-001040-plrk2,7b4a1972-3b92-4fbe-99e8-82457860570f,2,1977.426555
2026/02/04/13:57:53,apply-time,rs-001041-4bdfn,076234ea-2097-4620-84bf-c1976576c5cc,2,1977.426555
2026/02/04/13:57:53,running-time,rs-001041-4bdfn,076234ea-2097-4620-84bf-c1976576c5cc,2,1977.426555
2026/02/04/13:57:53,apply-time,rs-001041-d7szk,71277197-1279-4562-8094-b845d7a166f3,2,1977.426555
2026/02/04/13:57:53,running-time,rs-001041-d7szk,71277197-1279-4562-8094-b845d7a166f3,2,1977.426555
2026/02/04/13:57:53,apply-time,rs-001041-qnzk4,3e42e316-fc18-4f43-9565-dc7944aeda5b,2,1977.426555
2026/02/04/13:57:53,running-time,rs-001041-qnzk4,3e42e316-fc18-4f43-9565-dc7944aeda5b,2,1977.426555
2026/02/04/13:57:53,apply-time,rs-001042-65j9g,56cd5c43-709e-4540-ae3f-83ce048d7176,1,1977.426555
2026/02/04/13:57:53,apply-time,rs-001042-j9ptc,c3e4ea07-a2c5-4e1f-b611-75cb2e1948cf,1,1977.426555
2026/02/04/13:57:53,apply-time,rs-001043-wtx7r,0a336521-b74d-4639-bd0a-49b74c7a5f77,1,1977.426555
2026/02/04/13:57:53,running-time,rs-001043-wtx7r,0a336521-b74d-4639-bd0a-49b74c7a5f77,1,1977.426555
2026/02/04/13:57:53,apply-time,rs-001043-xxr9k,8f1c20ab-be2d-4f40-8770-3e8668aa64bf,1,1977.426555
2026/02/04/13:57:53,running-time,rs-001043-xxr9k,8f1c20ab-be2d-4f40-8770-3e8668aa64bf,1,1977.426555
2026/02/04/13:57:54,running-time,rs-001038-84tlx,400fcf5a-fd5a-4476-96e7-88eecf458d72,1,1978.426555
2026/02/04/13:57:55,running-time,rs-001038-9cnh7,e7de89c9-b0a2-4b30-bd79-1e92561d0c6c,1,1979.426555
2026/02/04/13:58:01,apply-time,rs-001044-p9prm,cf9c5d99-3270-4bd7-ac8a-ff503df9d4ed,2,1985.426555
2026/02/04/13:58:01,running-time,rs-001044-p9prm,cf9c5d99-3270-4bd7-ac8a-ff503df9d4ed,2,1985.426555
2026/02/04/13:58:01,apply-time,rs-001044-vbtnr,3fed98ad-d0e9-4004-a7d3-8c06adeee25c,2,1985.426555
2026/02/04/13:58:01,running-time,rs-001044-vbtnr,3fed98ad-d0e9-4004-a7d3-8c06adeee25c,2,1985.426555
2026/02/04/13:58:01,apply-time,rs-001045-2g7ns,1a49bce6-f124-4f7d-9288-2cbaef80f45f,1,1985.426555
2026/02/04/13:58:01,running-time,rs-001045-2g7ns,1a49bce6-f124-4f7d-9288-2cbaef80f45f,1,1985.426555
2026/02/04/13:58:01,apply-time,rs-001045-5hssw,e89c7af4-a424-4503-91c2-f2b039b1523b,1,1985.426555
2026/02/04/13:58:01,running-time,rs-001045-5hssw,e89c7af4-a424-4503-91c2-f2b039b1523b,1,1985.426555
2026/02/04/13:58:01,apply-time,rs-001045-wwfv6,776ce6b4-db8f-435e-96ce-450fe37a43f7,1,1985.426555
2026/02/04/13:58:01,running-time,rs-001045-wwfv6,776ce6b4-db8f-435e-96ce-450fe37a43f7,1,1985.426555
2026/02/04/13:58:01,apply-time,rs-001046-8mpmz,72636c80-8020-4491-a454-7ae07f56f1c7,1,1985.426555
2026/02/04/13:58:01,running-time,rs-001046-8mpmz,72636c80-8020-4491-a454-7ae07f56f1c7,1,1985.426555
2026/02/04/13:58:01,apply-time,rs-001046-dhmnk,18b82d5d-1f9c-4dff-927f-9a7387c40adb,1,1985.426555
2026/02/04/13:58:01,running-time,rs-001046-dhmnk,18b82d5d-1f9c-4dff-927f-9a7387c40adb,1,1985.426555
2026/02/04/13:58:01,apply-time,rs-001046-kckk5,7ae5e65d-f575-4085-80ac-ddfb3fdcef66,1,1985.426555
2026/02/04/13:58:01,running-time,rs-001046-kckk5,7ae5e65d-f575-4085-80ac-ddfb3fdcef66,1,1985.426555
2026/02/04/13:58:03,apply-time,rs-001047-c7flq,5c5b9ddf-eb61-4787-9061-384d80688aab,4,1987.426555
2026/02/04/13:58:03,running-time,rs-001047-c7flq,5c5b9ddf-eb61-4787-9061-384d80688aab,4,1987.426555
2026/02/04/13:58:03,apply-time,rs-001047-lbktp,5861c2d2-3df2-4c0c-bbc1-02bbd20ded9e,4,1987.426555
2026/02/04/13:58:03,running-time,rs-001047-lbktp,5861c2d2-3df2-4c0c-bbc1-02bbd20ded9e,4,1987.426555
2026/02/04/13:58:03,apply-time,rs-001047-q8gsq,d9d553a7-f1e6-4438-bd17-dc15c7b2deac,4,1987.426555
2026/02/04/13:58:03,running-time,rs-001047-q8gsq,d9d553a7-f1e6-4438-bd17-dc15c7b2deac,4,1987.426555
2026/02/04/13:58:03,apply-time,rs-001048-52s8x,9cc6d9ad-abf5-4ed2-a26e-6eaa65ce53cd,3,1987.426555
2026/02/04/13:58:03,running-time,rs-001048-52s8x,9cc6d9ad-abf5-4ed2-a26e-6eaa65ce53cd,3,1987.426555
2026/02/04/13:58:03,apply-time,rs-001048-zs67n,a3636044-9ba5-4ec1-ba8a-bbc6bc14ccfa,3,1987.426555
2026/02/04/13:58:03,running-time,rs-001048-zs67n,a3636044-9ba5-4ec1-ba8a-bbc6bc14ccfa,3,1987.426555
2026/02/04/13:58:03,apply-time,rs-001049-ssgxh,8ceb0526-34cc-42ae-af97-7c60ad2336af,1,1987.426555
2026/02/04/13:58:03,running-time,rs-001049-ssgxh,8ceb0526-34cc-42ae-af97-7c60ad2336af,1,1987.426555
2026/02/04/13:58:03,apply-time,rs-001050-pgtx2,da1fdbe1-4aee-492c-a0e2-9b6f4120ddf7,1,1987.426555
2026/02/04/13:58:03,apply-time,rs-001051-9kczz,c1970337-6f6a-4466-b1a7-d3d215288fbe,1,1987.426555
2026/02/04/13:58:03,apply-time,rs-001051-bc24z,88d939dd-2f49-407c-902c-ed9f32f05007,1,1987.426555
2026/02/04/13:58:03,apply-time,rs-001052-b8pzk,034d8c0c-402e-49a9-b80f-01cdb4aae130,4,1987.426555
2026/02/04/13:58:03,running-time,rs-001052-b8pzk,034d8c0c-402e-49a9-b80f-01cdb4aae130,4,1987.426555
2026/02/04/13:58:03,apply-time,rs-001053-f9bpb,049dba70-3ffc-4d6e-a127-a597d63280cd,3,1987.426555
2026/02/04/13:58:03,apply-time,rs-001053-jm797,fac221d4-bf89-49ca-a966-86fb9c9363c8,3,1987.426555
2026/02/04/13:58:03,running-time,rs-001053-jm797,fac221d4-bf89-49ca-a966-86fb9c9363c8,3,1987.426555
2026/02/04/13:58:03,apply-time,rs-001053-vv48p,d914ffe8-c806-4828-9652-7834e51d517b,3,1987.426555
2026/02/04/13:58:03,running-time,rs-001053-vv48p,d914ffe8-c806-4828-9652-7834e51d517b,3,1987.426555
2026/02/04/13:58:03,apply-time,rs-001054-rgk75,a7df28c2-9be1-4f1a-95c7-23ef7a197126,3,1987.426555
2026/02/04/13:58:04,running-time,rs-001050-pgtx2,da1fdbe1-4aee-492c-a0e2-9b6f4120ddf7,1,1988.426555
2026/02/04/13:58:04,apply-time,rs-001052-49hqd,c9bf9f03-4b19-4736-a37d-acb130cb741f,4,1988.426555
2026/02/04/13:58:04,running-time,rs-001052-49hqd,c9bf9f03-4b19-4736-a37d-acb130cb741f,4,1988.426555
2026/02/04/13:58:04,apply-time,rs-001052-gqwgk,eb6f8051-9a0d-4c6f-b839-c5472121059c,4,1988.426555
2026/02/04/13:58:04,running-time,rs-001052-gqwgk,eb6f8051-9a0d-4c6f-b839-c5472121059c,4,1988.426555
2026/02/04/13:58:04,running-time,rs-001053-f9bpb,049dba70-3ffc-4d6e-a127-a597d63280cd,3,1988.426555
2026/02/04/13:58:05,running-time,rs-001051-9kczz,c1970337-6f6a-4466-b1a7-d3d215288fbe,1,1989.426555
2026/02/04/13:58:05,running-time,rs-001051-bc24z,88d939dd-2f49-407c-902c-ed9f32f05007,1,1989.426555
2026/02/04/13:58:05,running-time,rs-001054-rgk75,a7df28c2-9be1-4f1a-95c7-23ef7a197126,3,1989.426555
2026/02/04/13:58:20,apply-time,rs-001055-46shl,168579d1-0b14-46fa-8947-ff8f2c7cd4df,1,2004.426555
2026/02/04/13:58:20,apply-time,rs-001055-h7nlk,d09b55a0-79e6-46f9-9c2f-c2530131b98f,1,2004.426555
2026/02/04/13:58:21,apply-time,rs-001056-hvct4,e30ac338-33cd-4737-83f0-2a2dd01de062,2,2005.426555
2026/02/04/13:58:21,running-time,rs-001056-hvct4,e30ac338-33cd-4737-83f0-2a2dd01de062,2,2005.426555
2026/02/04/13:58:21,apply-time,rs-001056-xtxtx,3580881f-1ad6-418d-8bf6-8bc27226e7e6,2,2005.426555
2026/02/04/13:58:21,running-time,rs-001056-xtxtx,3580881f-1ad6-418d-8bf6-8bc27226e7e6,2,2005.426555
2026/02/04/13:58:21,apply-time,rs-001057-mgbwc,b4536110-3fdc-484c-9286-60cab5bcc866,3,2005.426555
2026/02/04/13:58:21,running-time,rs-001057-mgbwc,b4536110-3fdc-484c-9286-60cab5bcc866,3,2005.426555
2026/02/04/13:58:21,apply-time,rs-001057-qpjzc,eb1f1ede-6c5c-4494-9b8b-2c55c16b14ed,3,2005.426555
2026/02/04/13:58:21,running-time,rs-001057-qpjzc,eb1f1ede-6c5c-4494-9b8b-2c55c16b14ed,3,2005.426555
2026/02/04/13:58:21,apply-time,rs-001057-zgk2r,e9515550-1fcb-4151-a374-695c1c889fa4,3,2005.426555
2026/02/04/13:58:21,running-time,rs-001057-zgk2r,e9515550-1fcb-4151-a374-695c1c889fa4,3,2005.426555
2026/02/04/13:58:21,apply-time,rs-001058-bszg4,0b5c0654-5982-4116-907a-eed8e4eeef11,2,2005.426555
2026/02/04/13:58:21,running-time,rs-001058-bszg4,0b5c0654-5982-4116-907a-eed8e4eeef11,2,2005.426555
2026/02/04/13:58:21,apply-time,rs-001058-pj7fp,196612ed-6d4a-44e7-a8f5-5e72110d7660,2,2005.426555
2026/02/04/13:58:21,running-time,rs-001058-pj7fp,196612ed-6d4a-44e7-a8f5-5e72110d7660,2,2005.426555
2026/02/04/13:58:21,apply-time,rs-001058-vx8ps,b4980470-cdda-46d6-aff1-8befeef35fe0,2,2005.426555
2026/02/04/13:58:21,running-time,rs-001058-vx8ps,b4980470-cdda-46d6-aff1-8befeef35fe0,2,2005.426555
2026/02/04/13:58:21,apply-time,rs-001059-sbmcz,6304d4aa-811a-49a4-9456-d761d1322666,1,2005.426555
2026/02/04/13:58:21,running-time,rs-001059-sbmcz,6304d4aa-811a-49a4-9456-d761d1322666,1,2005.426555
2026/02/04/13:58:21,apply-time,rs-001060-7c7ds,468b1d4c-d776-4cd4-898f-836d739a552d,1,2005.426555
2026/02/04/13:58:21,running-time,rs-001060-7c7ds,468b1d4c-d776-4cd4-898f-836d739a552d,1,2005.426555
2026/02/04/13:58:21,apply-time,rs-001060-ckrx8,62c6d7cc-58b2-4cc7-8536-6a481c65c97e,1,2005.426555
2026/02/04/13:58:21,running-time,rs-001060-ckrx8,62c6d7cc-58b2-4cc7-8536-6a481c65c97e,1,2005.426555
2026/02/04/13:58:25,apply-time,rs-001061-29cgh,238290f5-4831-4e8e-af06-bedf9fb10a53,2,2009.426555
2026/02/04/13:58:25,running-time,rs-001061-29cgh,238290f5-4831-4e8e-af06-bedf9fb10a53,2,2009.426555
2026/02/04/13:58:25,apply-time,rs-001061-699rv,94654576-a438-4550-9362-4ea35bba40bd,2,2009.426555
2026/02/04/13:58:25,running-time,rs-001061-699rv,94654576-a438-4550-9362-4ea35bba40bd,2,2009.426555
2026/02/04/13:58:25,apply-time,rs-001062-hnprc,8ed35186-3f37-4548-8c95-22bc3f1a283a,2,2009.426555
2026/02/04/13:58:25,apply-time,rs-001063-8jhgq,248ea723-f0a2-4049-a37d-abc3655a18d3,4,2009.426555
2026/02/04/13:58:25,running-time,rs-001063-8jhgq,248ea723-f0a2-4049-a37d-abc3655a18d3,4,2009.426555
2026/02/04/13:58:25,apply-time,rs-001063-jts8h,64c82912-a76b-430c-a844-0ec82d185299,4,2009.426555
2026/02/04/13:58:25,running-time,rs-001063-jts8h,64c82912-a76b-430c-a844-0ec82d185299,4,2009.426555
2026/02/04/13:58:25,apply-time,rs-001063-kfnzj,c269a337-ea8a-4ea6-aa2a-d8d0e9440b9c,4,2009.426555
2026/02/04/13:58:25,running-time,rs-001063-kfnzj,c269a337-ea8a-4ea6-aa2a-d8d0e9440b9c,4,2009.426555
2026/02/04/13:58:25,apply-time,rs-001064-rkc6q,086fb102-6b3c-4ff1-a293-a63090952a5d,4,2009.426555
2026/02/04/13:58:25,running-time,rs-001064-rkc6q,086fb102-6b3c-4ff1-a293-a63090952a5d,4,2009.426555
2026/02/04/13:58:25,apply-time,rs-001065-jt4vk,cce215a7-f5d0-43ad-919b-5f7cd9e8802b,4,2009.426555
2026/02/04/13:58:25,running-time,rs-001065-jt4vk,cce215a7-f5d0-43ad-919b-5f7cd9e8802b,4,2009.426555
2026/02/04/13:58:26,apply-time,rs-001066-q6rl7,aee6a05d-597c-4dfa-8484-3f757f246bdc,1,2010.426555
2026/02/04/13:58:26,running-time,rs-001066-q6rl7,aee6a05d-597c-4dfa-8484-3f757f246bdc,1,2010.426555
2026/02/04/13:58:26,apply-time,rs-001067-vsnqp,2b60e3a3-d4f1-40d7-9269-8e43963c255a,1,2010.426555
2026/02/04/13:58:26,running-time,rs-001067-vsnqp,2b60e3a3-d4f1-40d7-9269-8e43963c255a,1,2010.426555
2026/02/04/13:58:26,apply-time,rs-001068-274tt,55de5bb7-8b69-4008-ac43-656fd362ddeb,4,2010.426555
2026/02/04/13:58:26,running-time,rs-001068-274tt,55de5bb7-8b69-4008-ac43-656fd362ddeb,4,2010.426555
2026/02/04/13:58:26,apply-time,rs-001068-6xkmf,3ffb6dd7-f9ac-49b5-9436-51ec1023cf80,4,2010.426555
2026/02/04/13:58:26,running-time,rs-001068-6xkmf,3ffb6dd7-f9ac-49b5-9436-51ec1023cf80,4,2010.426555
2026/02/04/13:58:26,apply-time,rs-001069-n7blf,7c02ab2f-7df8-41fb-9dbb-9172888b1bc3,4,2010.426555
2026/02/04/13:58:26,running-time,rs-001069-n7blf,7c02ab2f-7df8-41fb-9dbb-9172888b1bc3,4,2010.426555
2026/02/04/13:58:34,apply-time,rs-001070-vw6rj,891ae396-e5f0-40ae-a696-5a355c580068,2,2018.426555
2026/02/04/13:58:34,running-time,rs-001070-vw6rj,891ae396-e5f0-40ae-a696-5a355c580068,2,2018.426555
2026/02/04/13:58:34,apply-time,rs-001071-577xc,7c58d7a2-e4b5-404d-ac37-4bfbf16f14d1,2,2018.426555
2026/02/04/13:58:34,running-time,rs-001071-577xc,7c58d7a2-e4b5-404d-ac37-4bfbf16f14d1,2,2018.426555
2026/02/04/13:58:34,apply-time,rs-001072-pdfxp,79b1567c-b876-49eb-8479-29bd3b8eca71,4,2018.426555
2026/02/04/13:58:34,running-time,rs-001072-pdfxp,79b1567c-b876-49eb-8479-29bd3b8eca71,4,2018.426555
2026/02/04/13:58:34,apply-time,rs-001072-s2svp,25c685ad-2544-4be9-b5bc-facb81008e54,4,2018.426555
2026/02/04/13:58:34,running-time,rs-001072-s2svp,25c685ad-2544-4be9-b5bc-facb81008e54,4,2018.426555
2026/02/04/13:58:34,apply-time,rs-001073-5n5lk,6760ce1b-9740-4380-8b14-e02ee5ff6615,1,2018.426555
2026/02/04/13:58:34,running-time,rs-001073-5n5lk,6760ce1b-9740-4380-8b14-e02ee5ff6615,1,2018.426555
2026/02/04/13:58:34,apply-time,rs-001073-jmrm2,2380b344-218d-42f0-8aaf-73e047e3a6b7,1,2018.426555
2026/02/04/13:58:34,running-time,rs-001073-jmrm2,2380b344-218d-42f0-8aaf-73e047e3a6b7,1,2018.426555
2026/02/04/13:58:34,apply-time,rs-001073-q7mdx,1a265cbf-9019-49f4-b953-e13118c968e6,1,2018.426555
2026/02/04/13:58:34,running-time,rs-001073-q7mdx,1a265cbf-9019-49f4-b953-e13118c968e6,1,2018.426555
2026/02/04/13:58:34,apply-time,rs-001074-x4cpf,0a42cf12-1520-42a9-8b5e-3343258bd980,1,2018.426555
2026/02/04/13:58:34,running-time,rs-001074-x4cpf,0a42cf12-1520-42a9-8b5e-3343258bd980,1,2018.426555
2026/02/04/13:58:34,apply-time,rs-001075-frnwn,4548735f-7df3-4062-a1a8-0940bb8a8c0c,3,2018.426555
2026/02/04/13:58:34,running-time,rs-001075-frnwn,4548735f-7df3-4062-a1a8-0940bb8a8c0c,3,2018.426555
2026/02/04/13:58:35,apply-time,rs-001075-cjwvt,bf1504b5-9ff7-457a-bb35-bfb30f37c8cb,3,2019.426555
2026/02/04/13:58:35,running-time,rs-001075-cjwvt,bf1504b5-9ff7-457a-bb35-bfb30f37c8cb,3,2019.426555
2026/02/04/13:58:35,apply-time,rs-001075-tpl4z,e9ba3416-be4b-491a-976f-9acb6867dcad,3,2019.426555
2026/02/04/13:58:35,running-time,rs-001075-tpl4z,e9ba3416-be4b-491a-976f-9acb6867dcad,3,2019.426555
2026/02/04/13:58:37,apply-time,rs-001076-vwm8h,8908e5e4-b2a7-4866-a004-306224f4a822,4,2021.426555
2026/02/04/13:58:37,running-time,rs-001076-vwm8h,8908e5e4-b2a7-4866-a004-306224f4a822,4,2021.426555
2026/02/04/13:58:37,apply-time,rs-001076-zr586,c0d31b6e-fbce-4cdf-a605-c90d0e3de8d1,4,2021.426555
2026/02/04/13:58:37,running-time,rs-001076-zr586,c0d31b6e-fbce-4cdf-a605-c90d0e3de8d1,4,2021.426555
2026/02/04/13:58:37,apply-time,rs-001077-4xltk,4680add8-0e9b-4d98-9152-2012e4029877,2,2021.426555
2026/02/04/13:58:37,apply-time,rs-001077-76rxz,0f297d5f-531f-43bb-ab7d-dbf81e3fa458,2,2021.426555
2026/02/04/13:58:37,apply-time,rs-001078-bscdf,1eec1a00-7288-4a3c-bc2b-18fc1c7dd995,4,2021.426555
2026/02/04/13:58:37,running-time,rs-001078-bscdf,1eec1a00-7288-4a3c-bc2b-18fc1c7dd995,4,2021.426555
2026/02/04/13:58:38,running-time,rs-001077-4xltk,4680add8-0e9b-4d98-9152-2012e4029877,2,2022.426555
2026/02/04/13:58:38,running-time,rs-001077-76rxz,0f297d5f-531f-43bb-ab7d-dbf81e3fa458,2,2022.426555
2026/02/04/13:58:38,apply-time,rs-001079-db56h,29c996e0-a61c-45a5-a72f-cb1249a950d4,1,2022.426555
2026/02/04/13:58:38,apply-time,rs-001079-k29hg,8f6a3513-37e7-45af-a563-b56e39365935,1,2022.426555
2026/02/04/13:58:38,apply-time,rs-001079-xm5xg,aec369c5-afd5-4790-8cac-f052184fc41d,1,2022.426555
2026/02/04/13:58:38,apply-time,rs-001080-cnnf5,534a6575-5ab5-44ac-9619-fe86dfb331d7,1,2022.426555
2026/02/04/13:58:38,running-time,rs-001080-cnnf5,534a6575-5ab5-44ac-9619-fe86dfb331d7,1,2022.426555
2026/02/04/13:58:38,apply-time,rs-001081-9cfdt,9fd4d5d2-fe36-4fd4-a2cd-4e8bb76495af,4,2022.426555
2026/02/04/13:58:38,running-time,rs-001081-9cfdt,9fd4d5d2-fe36-4fd4-a2cd-4e8bb76495af,4,2022.426555
2026/02/04/13:58:39,apply-time,rs-001082-hggth,2c7ff7ae-8e00-4b91-9327-b330248c1ede,1,2023.426555
2026/02/04/13:58:39,apply-time,rs-001082-knp8z,a0059a5e-32a9-4599-bdb2-58f240e53c90,1,2023.426555
2026/02/04/13:58:39,running-time,rs-001082-knp8z,a0059a5e-32a9-4599-bdb2-58f240e53c90,1,2023.426555
2026/02/04/13:58:39,apply-time,rs-001082-ptjgm,71950453-19a1-4632-b583-287e78ab9b9e,1,2023.426555
2026/02/04/13:58:40,running-time,rs-001082-hggth,2c7ff7ae-8e00-4b91-9327-b330248c1ede,1,2024.426555
2026/02/04/13:58:41,running-time,rs-001082-ptjgm,71950453-19a1-4632-b583-287e78ab9b9e,1,2025.426555
2026/02/04/13:58:41,apply-time,rs-001083-5cp5n,091ed594-6be3-4099-a800-99738e42b4ac,3,2025.426555
2026/02/04/13:58:41,running-time,rs-001083-5cp5n,091ed594-6be3-4099-a800-99738e42b4ac,3,2025.426555
2026/02/04/13:58:41,apply-time,rs-001083-smq7q,3d40f967-b532-4d98-87b7-e9fc6088e82f,3,2025.426555
2026/02/04/13:58:41,running-time,rs-001083-smq7q,3d40f967-b532-4d98-87b7-e9fc6088e82f,3,2025.426555
2026/02/04/13:58:41,apply-time,rs-001084-br5zc,a8ee71fd-51e6-4aec-9c83-b022f9257fc1,1,2025.426555
2026/02/04/13:58:41,running-time,rs-001084-br5zc,a8ee71fd-51e6-4aec-9c83-b022f9257fc1,1,2025.426555
2026/02/04/13:58:41,apply-time,rs-001084-gw26s,7b12dea0-ca31-4160-843b-8ff6149e1d76,1,2025.426555
2026/02/04/13:58:41,running-time,rs-001084-gw26s,7b12dea0-ca31-4160-843b-8ff6149e1d76,1,2025.426555
2026/02/04/13:58:41,apply-time,rs-001084-r45gp,72d4860e-a68d-4883-b40e-7583750716be,1,2025.426555
2026/02/04/13:58:41,running-time,rs-001084-r45gp,72d4860e-a68d-4883-b40e-7583750716be,1,2025.426555
2026/02/04/13:58:48,apply-time,rs-001085-6ckkz,7e02c983-a30b-4ca0-a918-214827638274,3,2032.426555
2026/02/04/13:58:48,running-time,rs-001085-6ckkz,7e02c983-a30b-4ca0-a918-214827638274,3,2032.426555
2026/02/04/13:58:48,apply-time,rs-001085-mmf5v,3fc47be9-ec2f-420d-8052-b41e6460c043,3,2032.426555
2026/02/04/13:58:48,apply-time,rs-001086-csnpf,45cb08c3-5526-418e-a332-b2ea8e940f7e,4,2032.426555
2026/02/04/13:58:48,running-time,rs-001086-csnpf,45cb08c3-5526-418e-a332-b2ea8e940f7e,4,2032.426555
2026/02/04/13:58:48,apply-time,rs-001086-qvg5v,711a5a8f-e53a-4e69-91b2-643de3ac44b7,4,2032.426555
2026/02/04/13:58:48,running-time,rs-001086-qvg5v,711a5a8f-e53a-4e69-91b2-643de3ac44b7,4,2032.426555
2026/02/04/13:58:48,apply-time,rs-001087-6l67x,f05959c7-830b-49b6-9481-cb89eae3a7cf,1,2032.426555
2026/02/04/13:58:48,running-time,rs-001087-6l67x,f05959c7-830b-49b6-9481-cb89eae3a7cf,1,2032.426555
2026/02/04/13:58:48,apply-time,rs-001087-9bcl8,72e134bf-1acb-439f-93ee-7ec895a3cf74,1,2032.426555
2026/02/04/13:58:48,running-time,rs-001087-9bcl8,72e134bf-1acb-439f-93ee-7ec895a3cf74,1,2032.426555
2026/02/04/13:58:48,apply-time,rs-001087-b7jvd,3c5a723f-45b5-4dff-8513-a7450ce0bcec,1,2032.426555
2026/02/04/13:58:48,running-time,rs-001087-b7jvd,3c5a723f-45b5-4dff-8513-a7450ce0bcec,1,2032.426555
2026/02/04/13:58:48,apply-time,rs-001088-r2g8v,0e523d51-fbee-47f7-9d57-1d28a680717c,4,2032.426555
2026/02/04/13:58:48,running-time,rs-001088-r2g8v,0e523d51-fbee-47f7-9d57-1d28a680717c,4,2032.426555
2026/02/04/13:58:48,apply-time,rs-001088-thq4l,1244d5bb-2455-46c7-a292-c17f24c2964a,4,2032.426555
2026/02/04/13:58:48,running-time,rs-001088-thq4l,1244d5bb-2455-46c7-a292-c17f24c2964a,4,2032.426555
2026/02/04/13:58:48,apply-time,rs-001089-s8b4b,6654e9fa-508a-46ac-8adb-a90046eaf362,1,2032.426555
2026/02/04/13:58:48,running-time,rs-001089-s8b4b,6654e9fa-508a-46ac-8adb-a90046eaf362,1,2032.426555
2026/02/04/13:58:48,apply-time,rs-001090-ms9ff,4f9fed0b-ecf4-488b-b035-603e6d6bc86c,2,2032.426555
2026/02/04/13:58:48,running-time,rs-001090-ms9ff,4f9fed0b-ecf4-488b-b035-603e6d6bc86c,2,2032.426555
2026/02/04/13:58:48,apply-time,rs-001091-c2ks4,8da2c915-d32b-444f-b0d5-d3a618484e1f,2,2032.426555
2026/02/04/13:58:49,running-time,rs-001085-mmf5v,3fc47be9-ec2f-420d-8052-b41e6460c043,3,2033.426555
2026/02/04/13:58:49,apply-time,rs-001090-qgp7m,2d456163-b0e9-4431-9a6b-8bd555c9023b,2,2033.426555
2026/02/04/13:58:49,running-time,rs-001090-qgp7m,2d456163-b0e9-4431-9a6b-8bd555c9023b,2,2033.426555
2026/02/04/13:58:49,running-time,rs-001091-c2ks4,8da2c915-d32b-444f-b0d5-d3a618484e1f,2,2033.426555
2026/02/04/13:58:49,apply-time,rs-001092-9b6m9,93eac8dd-36a5-4d90-b8f7-52f80827ea7a,3,2033.426555
2026/02/04/13:58:49,running-time,rs-001092-9b6m9,93eac8dd-36a5-4d90-b8f7-52f80827ea7a,3,2033.426555
2026/02/04/13:58:49,apply-time,rs-001092-s8jk2,ccf92d1b-17f2-4110-a82e-285db65ec5a8,3,2033.426555
2026/02/04/13:58:49,running-time,rs-001092-s8jk2,ccf92d1b-17f2-4110-a82e-285db65ec5a8,3,2033.426555
2026/02/04/13:58:49,apply-time,rs-001093-55gh7,84c2427c-bd85-4412-a213-7f8a09cc1e99,3,2033.426555
2026/02/04/13:58:49,running-time,rs-001093-55gh7,84c2427c-bd85-4412-a213-7f8a09cc1e99,3,2033.426555
2026/02/04/13:58:49,apply-time,rs-001094-8djhm,2ea6fc60-f0f6-441b-85e4-390c4ce2212c,1,2033.426555
2026/02/04/13:58:49,running-time,rs-001094-8djhm,2ea6fc60-f0f6-441b-85e4-390c4ce2212c,1,2033.426555
2026/02/04/13:58:49,apply-time,rs-001095-9n477,4293848f-ee10-4d35-9c0f-fd4c635c944f,1,2033.426555
2026/02/04/13:58:49,running-time,rs-001095-9n477,4293848f-ee10-4d35-9c0f-fd4c635c944f,1,2033.426555
2026/02/04/13:59:05,apply-time,rs-001096-2pdmv,ac4d64d4-9d69-4389-a1c9-5225efd87d5a,3,2049.426555
2026/02/04/13:59:05,running-time,rs-001096-2pdmv,ac4d64d4-9d69-4389-a1c9-5225efd87d5a,3,2049.426555
2026/02/04/13:59:05,apply-time,rs-001096-f4d4r,bb9ba9db-3c8b-432d-afe8-ba94ab0b862a,3,2049.426555
2026/02/04/13:59:05,running-time,rs-001096-f4d4r,bb9ba9db-3c8b-432d-afe8-ba94ab0b862a,3,2049.426555
2026/02/04/13:59:05,apply-time,rs-001096-zd4th,261985c6-c45b-4331-bab0-0030c4122b93,3,2049.426555
2026/02/04/13:59:05,running-time,rs-001096-zd4th,261985c6-c45b-4331-bab0-0030c4122b93,3,2049.426555
2026/02/04/13:59:05,apply-time,rs-001097-4pmtz,b8e2b465-7679-4238-b177-d6f013467050,1,2049.426555
2026/02/04/13:59:05,running-time,rs-001097-4pmtz,b8e2b465-7679-4238-b177-d6f013467050,1,2049.426555
2026/02/04/13:59:07,apply-time,rs-001099-5p4g7,b1ab5971-fd12-46b8-94b9-afe47ca3763d,1,2052.426555
2026/02/04/13:59:08,apply-time,rs-001098-qzsqn,552bdd21-cf9b-485e-af11-c0a858920a14,4,2052.426555
2026/02/04/13:59:08,apply-time,rs-001098-xq6c6,ff765cb3-f827-47f4-b492-9e7d1ceecb9a,4,2052.426555
2026/02/04/13:59:08,apply-time,rs-001099-5mxzg,43b1c51f-3671-4c6a-b67f-7c54260cdc6f,1,2052.426555
2026/02/04/13:59:08,running-time,rs-001099-5mxzg,43b1c51f-3671-4c6a-b67f-7c54260cdc6f,1,2052.426555
2026/02/04/13:59:08,running-time,rs-001099-5p4g7,b1ab5971-fd12-46b8-94b9-afe47ca3763d,1,2052.426555
2026/02/04/13:59:08,apply-time,rs-001099-p9j25,59de6ff1-d63e-4807-a2c1-b3657a996bd0,1,2052.426555
2026/02/04/13:59:08,running-time,rs-001099-p9j25,59de6ff1-d63e-4807-a2c1-b3657a996bd0,1,2052.426555
2026/02/04/13:59:08,apply-time,rs-001100-q7zgl,7cb366ad-66db-4a69-83d6-25a279e570e9,3,2052.426555
2026/02/04/13:59:12,running-time,rs-001098-qzsqn,552bdd21-cf9b-485e-af11-c0a858920a14,4,2056.426555
2026/02/04/13:59:17,apply-time,rs-001101-fp2xs,f0204b72-fb89-4261-a078-7205ec6334c7,4,2061.426555
2026/02/04/13:59:17,running-time,rs-001101-fp2xs,f0204b72-fb89-4261-a078-7205ec6334c7,4,2061.426555
2026/02/04/13:59:17,apply-time,rs-001102-2r6vz,6da51f72-39ff-45bb-96cf-17ff6fc3864c,2,2061.426555
2026/02/04/13:59:17,running-time,rs-001102-2r6vz,6da51f72-39ff-45bb-96cf-17ff6fc3864c,2,2061.426555
2026/02/04/13:59:17,apply-time,rs-001102-rwfdc,65596d24-046d-4d16-ad2f-f63cc048f9dc,2,2061.426555
2026/02/04/13:59:17,running-time,rs-001102-rwfdc,65596d24-046d-4d16-ad2f-f63cc048f9dc,2,2061.426555
2026/02/04/13:59:19,running-time,rs-001098-xq6c6,ff765cb3-f827-47f4-b492-9e7d1ceecb9a,4,2063.426555
2026/02/04/13:59:19,apply-time,rs-001103-9kdmx,c684e3e0-06db-4e35-9cb1-f8b85bafce35,3,2063.426555
2026/02/04/13:59:19,running-time,rs-001103-9kdmx,c684e3e0-06db-4e35-9cb1-f8b85bafce35,3,2063.426555
2026/02/04/13:59:19,apply-time,rs-001103-mr8nl,905e0762-5440-4c92-994e-7af4109c9120,3,2063.426555
2026/02/04/13:59:19,running-time,rs-001103-mr8nl,905e0762-5440-4c92-994e-7af4109c9120,3,2063.426555
2026/02/04/13:59:19,apply-time,rs-001103-pfhjt,1d3e1796-4c55-448c-b04e-ae8a7aac2da4,3,2063.426555
2026/02/04/13:59:19,running-time,rs-001103-pfhjt,1d3e1796-4c55-448c-b04e-ae8a7aac2da4,3,2063.426555
2026/02/04/13:59:19,apply-time,rs-001104-j6cvf,28e3dd00-c203-46d5-93d6-6280a12a424a,1,2063.426555
2026/02/04/13:59:19,apply-time,rs-001104-lbb9h,081925b7-7d77-42ea-9ed4-f1743e8c61a5,1,2063.426555
2026/02/04/13:59:19,apply-time,rs-001105-bhxcx,045d3c48-d4c6-46a8-8d27-3b93a188ed5a,1,2063.426555
2026/02/04/13:59:19,running-time,rs-001105-bhxcx,045d3c48-d4c6-46a8-8d27-3b93a188ed5a,1,2063.426555
2026/02/04/13:59:20,apply-time,rs-001106-lj4qh,accd6ad0-c00b-4ff0-a2cc-8b228866fd0e,1,2064.426555
2026/02/04/13:59:20,apply-time,rs-001106-sv2xj,329ca56d-6423-45b0-b8fd-47dbfd3f6c03,1,2064.426555
2026/02/04/13:59:20,apply-time,rs-001107-m92zl,d3a40c05-9390-44a7-98cd-46b69f670933,4,2064.426555
2026/02/04/13:59:20,running-time,rs-001107-m92zl,d3a40c05-9390-44a7-98cd-46b69f670933,4,2064.426555
2026/02/04/13:59:20,apply-time,rs-001107-vc4x4,fe929eb8-39e3-481e-9ab8-2994d03df17b,4,2064.426555
2026/02/04/13:59:20,running-time,rs-001107-vc4x4,fe929eb8-39e3-481e-9ab8-2994d03df17b,4,2064.426555
2026/02/04/13:59:20,apply-time,rs-001107-xx8k4,72f53cc5-4074-44b5-8051-4244daac13b2,4,2064.426555
2026/02/04/13:59:20,running-time,rs-001107-xx8k4,72f53cc5-4074-44b5-8051-4244daac13b2,4,2064.426555
2026/02/04/13:59:22,apply-time,rs-001108-6hmch,cde79c8b-1bbe-494d-8cef-a550d146e0ca,1,2066.426555
2026/02/04/13:59:22,apply-time,rs-001109-bh42t,c6c7ded7-2d5e-4ced-9330-87d8d1dee607,1,2066.426555
2026/02/04/13:59:22,running-time,rs-001109-bh42t,c6c7ded7-2d5e-4ced-9330-87d8d1dee607,1,2066.426555
2026/02/04/13:59:22,apply-time,rs-001109-qxtmd,7435eafc-9beb-47b6-bb58-4017a8252412,1,2066.426555
2026/02/04/13:59:22,running-time,rs-001109-qxtmd,7435eafc-9beb-47b6-bb58-4017a8252412,1,2066.426555
2026/02/04/13:59:22,apply-time,rs-001110-srv4v,c47d80b7-8896-4ba7-ba3b-53fd2d99e3bc,1,2066.426555
2026/02/04/13:59:22,running-time,rs-001110-srv4v,c47d80b7-8896-4ba7-ba3b-53fd2d99e3bc,1,2066.426555
2026/02/04/13:59:22,apply-time,rs-001111-7lc7k,42068d4a-dbd4-4831-9990-bf57c7bdd7d3,1,2066.426555
2026/02/04/13:59:22,running-time,rs-001111-7lc7k,42068d4a-dbd4-4831-9990-bf57c7bdd7d3,1,2066.426555
2026/02/04/13:59:22,apply-time,rs-001111-9lxjm,10300b67-81d9-4fdb-8395-aa7f523c061a,1,2066.426555
2026/02/04/13:59:22,running-time,rs-001111-9lxjm,10300b67-81d9-4fdb-8395-aa7f523c061a,1,2066.426555
2026/02/04/13:59:22,apply-time,rs-001111-ft2wk,c2d2aba7-ef91-4307-9223-91ff76925730,1,2066.426555
2026/02/04/13:59:22,running-time,rs-001111-ft2wk,c2d2aba7-ef91-4307-9223-91ff76925730,1,2066.426555
2026/02/04/13:59:22,apply-time,rs-001112-4sjxn,310cb6b2-db31-423a-aa31-7c8050f0782d,2,2066.426555
2026/02/04/13:59:22,running-time,rs-001112-4sjxn,310cb6b2-db31-423a-aa31-7c8050f0782d,2,2066.426555
2026/02/04/13:59:22,apply-time,rs-001112-52dlv,bcbd8806-8647-485f-bd19-37f87f180fc4,2,2066.426555
2026/02/04/13:59:22,running-time,rs-001112-52dlv,bcbd8806-8647-485f-bd19-37f87f180fc4,2,2066.426555
2026/02/04/13:59:23,apply-time,rs-001113-cvwzf,3c27770e-8b2f-4381-8dd5-d5055d113139,3,2067.426555
2026/02/04/13:59:23,running-time,rs-001113-cvwzf,3c27770e-8b2f-4381-8dd5-d5055d113139,3,2067.426555
2026/02/04/13:59:23,apply-time,rs-001113-hrb5w,00118364-0a01-453b-aadf-d6986299807a,3,2067.426555
2026/02/04/13:59:23,running-time,rs-001113-hrb5w,00118364-0a01-453b-aadf-d6986299807a,3,2067.426555
2026/02/04/13:59:23,apply-time,rs-001113-m6mbx,94e03171-611e-4738-a721-d0a78267dc04,3,2067.426555
2026/02/04/13:59:23,running-time,rs-001113-m6mbx,94e03171-611e-4738-a721-d0a78267dc04,3,2067.426555
2026/02/04/13:59:23,apply-time,rs-001114-d6k4l,2bd02802-fae4-4f14-87df-4a6ef1b7faf3,4,2067.426555
2026/02/04/13:59:23,running-time,rs-001114-d6k4l,2bd02802-fae4-4f14-87df-4a6ef1b7faf3,4,2067.426555
2026/02/04/13:59:24,apply-time,rs-001115-6dvbl,b3e2de30-7b1a-40a8-9df8-0eb148181ba9,4,2068.426555
2026/02/04/13:59:24,running-time,rs-001115-6dvbl,b3e2de30-7b1a-40a8-9df8-0eb148181ba9,4,2068.426555
2026/02/04/13:59:24,apply-time,rs-001115-9qg7j,eb2f85e2-322c-4aea-b2b8-d4d5f85199a9,4,2068.426555
2026/02/04/13:59:24,running-time,rs-001115-9qg7j,eb2f85e2-322c-4aea-b2b8-d4d5f85199a9,4,2068.426555
2026/02/04/13:59:24,apply-time,rs-001115-xqk8z,798fd16e-2beb-47b0-b527-2bb68b2920a2,4,2068.426555
2026/02/04/13:59:24,running-time,rs-001115-xqk8z,798fd16e-2beb-47b0-b527-2bb68b2920a2,4,2068.426555
2026/02/04/13:59:24,apply-time,rs-001116-d2gll,f2008d92-3b0f-47ea-a09d-22605a9e210f,3,2068.426555
2026/02/04/13:59:24,apply-time,rs-001116-r7cb8,6bbebfa3-52a0-4610-9e0e-fa6f7d4fcf8c,3,2068.426555
2026/02/04/13:59:24,running-time,rs-001116-r7cb8,6bbebfa3-52a0-4610-9e0e-fa6f7d4fcf8c,3,2068.426555
2026/02/04/13:59:24,apply-time,rs-001116-t6szb,37282d31-f757-4a00-9bd9-f1cb986c1444,3,2068.426555
2026/02/04/13:59:25,apply-time,rs-001117-xx648,4b478b34-fb08-4ff7-83b6-ae6ef3771db5,4,2069.426555
2026/02/04/13:59:25,running-time,rs-001117-xx648,4b478b34-fb08-4ff7-83b6-ae6ef3771db5,4,2069.426555
2026/02/04/13:59:25,apply-time,rs-001118-5vqhf,1c9b6c9f-2957-40b4-ac9e-942310c3f686,1,2069.426555
2026/02/04/13:59:25,running-time,rs-001118-5vqhf,1c9b6c9f-2957-40b4-ac9e-942310c3f686,1,2069.426555
2026/02/04/13:59:25,apply-time,rs-001119-4snwc,39c04073-9b24-4786-980d-3b0d180ddd98,2,2069.426555
2026/02/04/13:59:25,apply-time,rs-001119-b2nc7,a371349d-45e9-4d54-9dd5-94423e7012c8,2,2069.426555
2026/02/04/13:59:25,running-time,rs-001119-b2nc7,a371349d-45e9-4d54-9dd5-94423e7012c8,2,2069.426555
2026/02/04/13:59:25,apply-time,rs-001119-ptvf5,885fdddc-b60c-4710-ad7e-1b2e258b14ad,2,2069.426555
2026/02/04/13:59:25,apply-time,rs-001120-m8lmb,2403ef76-8e6e-4445-92d6-08e066a947af,3,2069.426555
2026/02/04/13:59:25,apply-time,rs-001121-hzgdf,afea2950-0fa7-4a9b-b7ec-0ae810b41297,3,2069.426555
2026/02/04/13:59:25,running-time,rs-001121-hzgdf,afea2950-0fa7-4a9b-b7ec-0ae810b41297,3,2069.426555
2026/02/04/13:59:25,apply-time,rs-001122-hkjxl,f13df3d3-a287-401e-9e81-043f916dea82,1,2069.426555
2026/02/04/13:59:26,apply-time,rs-001123-pjwp2,5beb095d-6998-4530-9bcf-33e07aa53f38,3,2070.426555
2026/02/04/13:59:26,apply-time,rs-001124-wp2k5,42df29fa-e783-4523-9e90-c22d57f7173d,2,2070.426555
2026/02/04/13:59:26,apply-time,rs-001125-b69dl,dd43755c-f8a2-4395-9069-8e924b44ea40,3,2070.426555
2026/02/04/13:59:26,running-time,rs-001125-b69dl,dd43755c-f8a2-4395-9069-8e924b44ea40,3,2070.426555
2026/02/04/13:59:26,apply-time,rs-001126-94mpx,4e4dad2b-02ce-4304-a012-e9152b7a527e,1,2070.426555
2026/02/04/13:59:26,apply-time,rs-001126-gdr5p,933ef87d-4b47-49f5-b4db-8fcb27d67a4c,1,2070.426555
2026/02/04/13:59:27,running-time,rs-001116-d2gll,f2008d92-3b0f-47ea-a09d-22605a9e210f,3,2071.426555
2026/02/04/13:59:27,running-time,rs-001119-4snwc,39c04073-9b24-4786-980d-3b0d180ddd98,2,2072.426555
2026/02/04/13:59:27,running-time,rs-001119-ptvf5,885fdddc-b60c-4710-ad7e-1b2e258b14ad,2,2072.426555
2026/02/04/13:59:27,apply-time,rs-001124-6jmkm,e9bc6f23-03d6-43a8-b79c-89e92c0be483,2,2071.426555
2026/02/04/13:59:27,running-time,rs-001124-6jmkm,e9bc6f23-03d6-43a8-b79c-89e92c0be483,2,2071.426555
2026/02/04/13:59:27,apply-time,rs-001124-76m6l,f991bd59-7e07-431e-b20a-74315148a187,2,2071.426555
2026/02/04/13:59:27,running-time,rs-001126-94mpx,4e4dad2b-02ce-4304-a012-e9152b7a527e,1,2072.426555
2026/02/04/13:59:29,running-time,rs-001124-76m6l,f991bd59-7e07-431e-b20a-74315148a187,2,2073.426555
2026/02/04/13:59:29,running-time,rs-001124-wp2k5,42df29fa-e783-4523-9e90-c22d57f7173d,2,2073.426555
2026/02/04/13:59:30,running-time,rs-001126-gdr5p,933ef87d-4b47-49f5-b4db-8fcb27d67a4c,1,2074.426555
2026/02/04/13:59:30,apply-time,rs-001127-2l7mr,81ba9956-4919-4e07-b917-08c2bb42cb4c,3,2075.426555
2026/02/04/13:59:30,apply-time,rs-001127-gqjx5,0d68c523-6daa-4f08-bff8-fffdea061097,3,2075.426555
2026/02/04/13:59:30,apply-time,rs-001127-hthcf,35c9cd15-ca02-4225-8e2b-c395ad703aca,3,2075.426555
2026/02/04/13:59:31,apply-time,rs-001128-csskt,39a6b56f-0205-47c6-961f-2753d9d9869c,2,2075.426555
2026/02/04/13:59:31,apply-time,rs-001129-6hqr4,3411b964-7249-4894-aace-c06b56ae557d,1,2075.426555
2026/02/04/13:59:31,apply-time,rs-001129-wv7bp,3fbed37e-4219-4f7a-90da-7bcc93457dd6,1,2075.426555
2026/02/04/13:59:34,apply-time,rs-001130-wphnz,e7e13181-199e-4693-8055-50207a8e660a,2,2077.426555
2026/02/04/13:59:34,apply-time,rs-001131-rdbnx,e29e344a-0a68-4c38-a30f-c89eeed74213,1,2077.426555
2026/02/04/13:59:34,apply-time,rs-001132-gmh6d,772c663e-0c8e-4f15-9237-c2f8f1d5e09d,2,2077.426555
2026/02/04/13:59:34,running-time,rs-001132-gmh6d,772c663e-0c8e-4f15-9237-c2f8f1d5e09d,2,2077.426555
2026/02/04/13:59:34,apply-time,rs-001133-529kd,776f0ae1-fe0e-4af8-88fc-3eea9fd4e042,3,2077.426555
2026/02/04/13:59:34,apply-time,rs-001133-b96zl,99f1413b-5d56-4a91-893e-6f8af9df6115,3,2077.426555
2026/02/04/13:59:35,apply-time,rs-001134-jnxfk,da46d21b-0e0a-4ac9-a08a-9cddc47bc2e7,1,2078.426555
2026/02/04/13:59:35,running-time,rs-001134-jnxfk,da46d21b-0e0a-4ac9-a08a-9cddc47bc2e7,1,2078.426555
2026/02/04/13:59:35,apply-time,rs-001134-xbrb4,e800af22-4603-4a2b-93ce-dc7244756344,1,2078.426555
2026/02/04/13:59:35,running-time,rs-001134-xbrb4,e800af22-4603-4a2b-93ce-dc7244756344,1,2078.426555
2026/02/04/13:59:36,running-time,rs-001131-rdbnx,e29e344a-0a68-4c38-a30f-c89eeed74213,1,2079.426555
2026/02/04/13:59:36,apply-time,rs-001135-2ncmm,ef8b312c-9f49-4cc2-9984-dcc5d7a5b9cc,3,2079.426555
2026/02/04/13:59:36,running-time,rs-001135-2ncmm,ef8b312c-9f49-4cc2-9984-dcc5d7a5b9cc,3,2079.426555
2026/02/04/13:59:36,apply-time,rs-001136-6q8x9,7c77481a-6e5f-4128-a6a3-9e268c9d9e64,1,2079.426555
2026/02/04/13:59:36,apply-time,rs-001137-gw64v,19744948-2c3c-456d-a106-a5c1109c75b4,4,2079.426555
2026/02/04/13:59:36,apply-time,rs-001137-m6jjq,31348717-98ec-4ec8-8850-1d982390f2ac,4,2079.426555
2026/02/04/13:59:36,apply-time,rs-001138-hnbfx,dbf8e61a-a552-463e-a220-25579960cec8,1,2079.426555
2026/02/04/13:59:36,apply-time,rs-001138-qqpwz,296f1fb0-131b-4706-b6af-209181dbda55,1,2079.426555
2026/02/04/13:59:36,apply-time,rs-001139-hjmxk,71062e1e-336a-4f96-8fe5-be267844b338,4,2079.426555
2026/02/04/13:59:36,apply-time,rs-001140-xfbl4,d1d5fa9a-4ac8-4f9e-b864-7b5fb081feb9,3,2079.426555
2026/02/04/13:59:36,running-time,rs-001140-xfbl4,d1d5fa9a-4ac8-4f9e-b864-7b5fb081feb9,3,2079.426555
2026/02/04/13:59:36,apply-time,rs-001140-zt6kr,7d33af56-c22d-4795-842f-0b145b5c3831,3,2079.426555
2026/02/04/13:59:36,running-time,rs-001140-zt6kr,7d33af56-c22d-4795-842f-0b145b5c3831,3,2079.426555
2026/02/04/13:59:37,running-time,rs-001136-6q8x9,7c77481a-6e5f-4128-a6a3-9e268c9d9e64,1,2080.426555
2026/02/04/13:59:37,apply-time,rs-001141-pqchc,382b663e-4c34-418d-87a3-2749a412c10d,1,2080.426555
2026/02/04/13:59:37,apply-time,rs-001141-znflh,79ac91b6-d72e-4b9b-aca0-5abe4d4e1115,1,2080.426555
2026/02/04/13:59:37,apply-time,rs-001142-d75kn,15f9d217-d579-4cb5-8a1d-c26a9170cc86,4,2080.426555
2026/02/04/13:59:37,apply-time,rs-001142-h7mzm,a65cf0e5-87f6-4350-9395-e257c44fc4b5,4,2080.426555
2026/02/04/13:59:38,running-time,rs-001141-pqchc,382b663e-4c34-418d-87a3-2749a412c10d,1,2082.426555
2026/02/04/13:59:39,apply-time,rs-001143-lgd6q,f237ea9c-5029-41d2-ae75-3e0d43e2d979,1,2082.426555
2026/02/04/13:59:39,running-time,rs-001143-lgd6q,f237ea9c-5029-41d2-ae75-3e0d43e2d979,1,2082.426555
2026/02/04/13:59:39,apply-time,rs-001143-ljhm4,cdcd89d7-791f-44f5-b018-87d195f488b8,1,2082.426555
2026/02/04/13:59:39,running-time,rs-001143-ljhm4,cdcd89d7-791f-44f5-b018-87d195f488b8,1,2082.426555
2026/02/04/13:59:39,apply-time,rs-001143-zcf8c,af1916d5-4c69-491e-8c58-c18d144ec1ea,1,2082.426555
2026/02/04/13:59:39,running-time,rs-001143-zcf8c,af1916d5-4c69-491e-8c58-c18d144ec1ea,1,2082.426555
2026/02/04/13:59:39,apply-time,rs-001144-rqbjw,9d7d26d6-afa0-46e7-b22b-3e153c165c4b,2,2082.426555
2026/02/04/13:59:39,apply-time,rs-001144-xjqs7,f45f9985-9f32-45e3-abcd-e594bcf3ba83,2,2082.426555
2026/02/04/13:59:39,apply-time,rs-001145-v8pl8,d34aab8d-5b06-408b-901b-7354c928ece1,2,2082.426555
2026/02/04/13:59:39,running-time,rs-001145-v8pl8,d34aab8d-5b06-408b-901b-7354c928ece1,2,2082.426555
2026/02/04/13:59:39,apply-time,rs-001146-5ndq2,d59729a8-95e4-4a8b-88d0-2b5e40547db4,3,2082.426555
2026/02/04/13:59:39,apply-time,rs-001146-7wlsq,e4417803-8dbd-4aec-ac61-72407166babc,3,2082.426555
2026/02/04/13:59:39,apply-time,rs-001146-8n8h5,a42ff7e3-59fc-486d-a4db-e521b1900fd3,3,2082.426555
2026/02/04/13:59:39,apply-time,rs-001147-8rp4p,9734a0b4-0b1c-490f-8a2a-4e385d0c98a9,1,2082.426555
2026/02/04/13:59:39,apply-time,rs-001147-lnf4x,60a02889-cd7d-44af-88ff-69c11ea275de,1,2082.426555
2026/02/04/13:59:39,running-time,rs-001147-lnf4x,60a02889-cd7d-44af-88ff-69c11ea275de,1,2082.426555
2026/02/04/13:59:39,apply-time,rs-001147-w8xd2,a4b468ce-2e0e-4b43-9c92-d2a79084318a,1,2082.426555
2026/02/04/13:59:39,running-time,rs-001147-w8xd2,a4b468ce-2e0e-4b43-9c92-d2a79084318a,1,2082.426555
2026/02/04/13:59:39,apply-time,rs-001148-jgz5b,810fc833-ed92-401e-bdfb-ebea28ae5e27,2,2082.426555
2026/02/04/13:59:39,apply-time,rs-001148-mlx4p,c4dbed9c-c1f1-4e39-ae2e-d31993ae8eae,2,2082.426555
2026/02/04/13:59:41,running-time,rs-001147-8rp4p,9734a0b4-0b1c-490f-8a2a-4e385d0c98a9,1,2084.426555
2026/02/04/13:59:48,apply-time,rs-001149-bwjgh,a13b2c95-46f5-42e2-abf3-702c3d56fd44,4,2091.426555
2026/02/04/13:59:48,running-time,rs-001149-bwjgh,a13b2c95-46f5-42e2-abf3-702c3d56fd44,4,2091.426555
2026/02/04/13:59:48,apply-time,rs-001150-cwnt8,7687695c-3cb4-4122-8b4b-3679db8b0703,2,2091.426555
2026/02/04/13:59:48,running-time,rs-001150-cwnt8,7687695c-3cb4-4122-8b4b-3679db8b0703,2,2091.426555
2026/02/04/13:59:48,apply-time,rs-001150-x95cx,360aa4e4-2505-425e-a5e2-c9cd76e17350,2,2091.426555
2026/02/04/13:59:48,running-time,rs-001150-x95cx,360aa4e4-2505-425e-a5e2-c9cd76e17350,2,2091.426555
2026/02/04/13:59:49,apply-time,rs-001151-95j84,ff86d08f-1a84-4a41-98fe-1baae957bf2e,4,2092.426555
2026/02/04/13:59:49,apply-time,rs-001152-2nj6f,046efffb-1596-4dc6-b1a3-18abb855830a,4,2092.426555
2026/02/04/13:59:49,running-time,rs-001152-2nj6f,046efffb-1596-4dc6-b1a3-18abb855830a,4,2092.426555
2026/02/04/13:59:49,apply-time,rs-001152-48kdm,648faf88-9e5f-405a-88fb-10f81011266b,4,2092.426555
2026/02/04/13:59:49,running-time,rs-001152-48kdm,648faf88-9e5f-405a-88fb-10f81011266b,4,2092.426555
2026/02/04/13:59:49,apply-time,rs-001153-z6rtg,0ac88e80-6f7e-4dc5-9313-e55938234aad,1,2092.426555
2026/02/04/13:59:49,running-time,rs-001153-z6rtg,0ac88e80-6f7e-4dc5-9313-e55938234aad,1,2092.426555
2026/02/04/13:59:49,apply-time,rs-001154-bdztx,502eabb8-e8d6-42b7-8abf-9d90bc3ae7ce,4,2092.426555
2026/02/04/13:59:49,apply-time,rs-001154-c9j2s,1f598624-1e59-4bf0-8023-01348932ae98,4,2092.426555
2026/02/04/13:59:49,apply-time,rs-001154-kj25g,f8bb134c-6f18-48f6-844e-f5fe092b94c1,4,2092.426555
2026/02/04/13:59:49,running-time,rs-001154-kj25g,f8bb134c-6f18-48f6-844e-f5fe092b94c1,4,2092.426555
2026/02/04/13:59:51,running-time,rs-001154-bdztx,502eabb8-e8d6-42b7-8abf-9d90bc3ae7ce,4,2094.426555
2026/02/04/13:59:53,running-time,rs-001116-t6szb,37282d31-f757-4a00-9bd9-f1cb986c1444,3,2096.426555
2026/02/04/13:59:53,running-time,rs-001154-c9j2s,1f598624-1e59-4bf0-8023-01348932ae98,4,2096.426555
2026/02/04/14:00:03,running-time,rs-001138-qqpwz,296f1fb0-131b-4706-b6af-209181dbda55,1,2106.426555
2026/02/04/14:00:05,running-time,rs-001138-hnbfx,dbf8e61a-a552-463e-a220-25579960cec8,1,2108.426555
2026/02/04/14:00:10,running-time,rs-001120-m8lmb,2403ef76-8e6e-4445-92d6-08e066a947af,3,2113.426555
2026/02/04/14:00:10,running-time,rs-001141-znflh,79ac91b6-d72e-4b9b-aca0-5abe4d4e1115,1,2112.426555
2026/02/04/14:00:16,apply-time,rs-001155-4255d,b9b821e2-6d7e-4f0e-846d-53a4502a8dfb,2,2120.426555
2026/02/04/14:00:16,running-time,rs-001155-4255d,b9b821e2-6d7e-4f0e-846d-53a4502a8dfb,2,2120.426555
2026/02/04/14:00:16,apply-time,rs-001155-sn6xd,320bc241-fc85-4874-aef5-035390d7262d,2,2120.426555
2026/02/04/14:00:16,running-time,rs-001155-sn6xd,320bc241-fc85-4874-aef5-035390d7262d,2,2120.426555
2026/02/04/14:00:16,apply-time,rs-001155-zrfm2,db9a1c8b-43f4-4196-a795-bd2be0139c77,2,2120.426555
2026/02/04/14:00:16,running-time,rs-001155-zrfm2,db9a1c8b-43f4-4196-a795-bd2be0139c77,2,2120.426555
2026/02/04/14:00:29,apply-time,rs-001156-4mbbr,adf24724-6163-41fc-b9f2-42c0f9f31dd8,4,2132.426555
2026/02/04/14:00:29,running-time,rs-001156-4mbbr,adf24724-6163-41fc-b9f2-42c0f9f31dd8,4,2132.426555
2026/02/04/14:00:29,apply-time,rs-001157-4f5vn,b9b18671-1c77-483a-8260-c13f5466d623,3,2132.426555
2026/02/04/14:00:29,apply-time,rs-001157-88bzs,bbbf6859-5abd-410b-8ee6-9291094259f7,3,2132.426555
2026/02/04/14:00:30,apply-time,rs-001158-c6bwg,a49767bc-9a07-4b79-ab3e-76bb82c25b68,1,2134.426555
2026/02/04/14:00:30,running-time,rs-001158-c6bwg,a49767bc-9a07-4b79-ab3e-76bb82c25b68,1,2134.426555
2026/02/04/14:00:30,apply-time,rs-001158-gz5x2,f390b215-3e98-4c11-80db-3d1c5a222775,1,2134.426555
2026/02/04/14:00:30,running-time,rs-001158-gz5x2,f390b215-3e98-4c11-80db-3d1c5a222775,1,2134.426555
2026/02/04/14:00:30,apply-time,rs-001158-v2t6r,e2ce0b16-742f-4229-9977-1d2908eb951a,1,2134.426555
2026/02/04/14:00:30,running-time,rs-001158-v2t6r,e2ce0b16-742f-4229-9977-1d2908eb951a,1,2134.426555
2026/02/04/14:00:31,apply-time,rs-001159-qqm87,9b9ba7d0-6bba-42dc-96e7-276d6835bccc,4,2134.426555
2026/02/04/14:00:31,running-time,rs-001159-qqm87,9b9ba7d0-6bba-42dc-96e7-276d6835bccc,4,2134.426555
2026/02/04/14:00:31,apply-time,rs-001160-bvppd,2a7856ba-f10e-43ca-9f9b-c6965e51553f,1,2134.426555
2026/02/04/14:00:31,running-time,rs-001160-bvppd,2a7856ba-f10e-43ca-9f9b-c6965e51553f,1,2134.426555
2026/02/04/14:00:31,apply-time,rs-001161-hg8gc,7e7fc62f-0cae-4b44-8122-372bdb46093e,1,2134.426555
2026/02/04/14:00:31,apply-time,rs-001161-kqxhp,b90a732d-2c12-4971-9d45-64499a0e289d,1,2134.426555
2026/02/04/14:00:31,apply-time,rs-001161-trk2v,666f8af1-b02e-426f-b86b-ec3014bb0848,1,2134.426555
2026/02/04/14:00:31,apply-time,rs-001162-4cl8s,9551cae7-97d2-46a4-97dc-fde2e3808cc2,2,2135.426555
2026/02/04/14:00:31,running-time,rs-001162-4cl8s,9551cae7-97d2-46a4-97dc-fde2e3808cc2,2,2135.426555
2026/02/04/14:00:31,apply-time,rs-001162-gktnl,d1fdfa3e-0b5f-432e-b441-4851433dd930,2,2135.426555
2026/02/04/14:00:31,running-time,rs-001162-gktnl,d1fdfa3e-0b5f-432e-b441-4851433dd930,2,2135.426555
2026/02/04/14:00:31,apply-time,rs-001162-m8qqv,6a3fb848-8301-4b2a-9c42-d65396343d27,2,2135.426555
2026/02/04/14:00:31,running-time,rs-001162-m8qqv,6a3fb848-8301-4b2a-9c42-d65396343d27,2,2135.426555
2026/02/04/14:00:31,apply-time,rs-001163-qtq9t,1e7e1327-cc86-465f-827e-423910615acb,4,2135.426555
2026/02/04/14:00:31,running-time,rs-001163-qtq9t,1e7e1327-cc86-465f-827e-423910615acb,4,2135.426555
2026/02/04/14:00:31,apply-time,rs-001164-bkwn2,fab058ca-4c8d-49f4-9183-a8c89cf77693,3,2135.426555
2026/02/04/14:00:31,running-time,rs-001164-bkwn2,fab058ca-4c8d-49f4-9183-a8c89cf77693,3,2135.426555
2026/02/04/14:00:31,apply-time,rs-001164-xvrds,1fc7e69d-ddfc-41c5-b4fd-41c469b66a56,3,2135.426555
2026/02/04/14:00:31,running-time,rs-001164-xvrds,1fc7e69d-ddfc-41c5-b4fd-41c469b66a56,3,2135.426555
2026/02/04/14:00:31,apply-time,rs-001164-zmrfv,4e62b2e9-c7c6-4b50-b119-780317bfc29d,3,2135.426555
2026/02/04/14:00:31,running-time,rs-001164-zmrfv,4e62b2e9-c7c6-4b50-b119-780317bfc29d,3,2135.426555
2026/02/04/14:00:31,apply-time,rs-001165-79g5v,e8173190-a847-49b2-bdab-ce948d043b7f,2,2135.426555
2026/02/04/14:00:31,running-time,rs-001165-79g5v,e8173190-a847-49b2-bdab-ce948d043b7f,2,2135.426555
2026/02/04/14:00:31,apply-time,rs-001165-lhr7n,a194f60c-3800-4776-88ff-0c26d42ac8b3,2,2135.426555
2026/02/04/14:00:31,running-time,rs-001165-lhr7n,a194f60c-3800-4776-88ff-0c26d42ac8b3,2,2135.426555
2026/02/04/14:00:31,apply-time,rs-001166-5g6g8,1f2813df-84f7-4a52-bd6a-8a9c87f8da14,4,2135.426555
2026/02/04/14:00:31,apply-time,rs-001167-dsmtp,f1e9070e-6cc9-45ca-902c-d1933d0cd217,3,2135.426555
2026/02/04/14:00:31,apply-time,rs-001167-r8mvv,7044a377-314e-4d26-9784-c820985eff75,3,2135.426555
2026/02/04/14:00:31,running-time,rs-001167-r8mvv,7044a377-314e-4d26-9784-c820985eff75,3,2135.426555
2026/02/04/14:00:32,apply-time,rs-001166-mbhw8,c8b2ed61-6bd3-4f7a-b8ab-fb925b59be67,4,2135.426555
2026/02/04/14:00:32,running-time,rs-001167-dsmtp,f1e9070e-6cc9-45ca-902c-d1933d0cd217,3,2135.426555
2026/02/04/14:00:32,apply-time,rs-001168-d4qgr,a8eec417-4827-4d95-add0-b5b1cf579247,2,2136.426555
2026/02/04/14:00:32,running-time,rs-001168-d4qgr,a8eec417-4827-4d95-add0-b5b1cf579247,2,2136.426555
2026/02/04/14:00:32,apply-time,rs-001168-gjrzf,196c931e-8fcf-4dd9-85b4-eab1612bfa90,2,2136.426555
2026/02/04/14:00:32,apply-time,rs-001168-n7zzf,43a17b31-3bb7-425e-940a-f08a41660eac,2,2136.426555
2026/02/04/14:00:33,apply-time,rs-001169-kndrv,b63f6814-95e2-4fa2-a6e1-a42109c03a50,3,2137.426555
2026/02/04/14:00:33,running-time,rs-001169-kndrv,b63f6814-95e2-4fa2-a6e1-a42109c03a50,3,2137.426555
2026/02/04/14:00:34,running-time,rs-001168-gjrzf,196c931e-8fcf-4dd9-85b4-eab1612bfa90,2,2137.426555
2026/02/04/14:00:34,running-time,rs-001168-n7zzf,43a17b31-3bb7-425e-940a-f08a41660eac,2,2137.426555
2026/02/04/14:00:35,apply-time,rs-001170-v65l4,a4eda464-fb7a-432d-87e3-1e6fbf174a26,3,2138.426555
2026/02/04/14:00:35,running-time,rs-001170-v65l4,a4eda464-fb7a-432d-87e3-1e6fbf174a26,3,2138.426555
2026/02/04/14:00:35,apply-time,rs-001170-xfw99,58fa4ffb-c672-4966-9fb2-dc130ab69489,3,2138.426555
2026/02/04/14:00:35,running-time,rs-001170-xfw99,58fa4ffb-c672-4966-9fb2-dc130ab69489,3,2138.426555
2026/02/04/14:00:35,apply-time,rs-001171-6n2x8,dbafd649-55d1-4b0c-97be-b7dc2d118c3d,4,2138.426555
2026/02/04/14:00:35,running-time,rs-001171-6n2x8,dbafd649-55d1-4b0c-97be-b7dc2d118c3d,4,2138.426555
2026/02/04/14:00:49,apply-time,rs-001172-2zftt,3357c43a-24cb-45c4-bedf-721a412e1d6d,1,2153.426555
2026/02/04/14:00:49,running-time,rs-001172-2zftt,3357c43a-24cb-45c4-bedf-721a412e1d6d,1,2153.426555
2026/02/04/14:00:49,apply-time,rs-001172-x57gs,28d7df75-358f-4516-b562-bcce1b7337dd,1,2153.426555
2026/02/04/14:00:49,running-time,rs-001172-x57gs,28d7df75-358f-4516-b562-bcce1b7337dd,1,2153.426555
2026/02/04/14:00:49,apply-time,rs-001172-xzlk6,91be2a4e-3662-48ca-a3fa-9ef94834330b,1,2153.426555
2026/02/04/14:00:49,running-time,rs-001172-xzlk6,91be2a4e-3662-48ca-a3fa-9ef94834330b,1,2153.426555
2026/02/04/14:00:49,apply-time,rs-001173-6g9rj,3ba836e7-38d9-4093-b72c-a197520c6e8e,3,2153.426555
2026/02/04/14:00:49,running-time,rs-001173-6g9rj,3ba836e7-38d9-4093-b72c-a197520c6e8e,3,2153.426555
2026/02/04/14:00:49,apply-time,rs-001173-lwbs6,16dad8fd-8b3a-46f1-a0d3-5f7907680691,3,2153.426555
2026/02/04/14:00:49,running-time,rs-001173-lwbs6,16dad8fd-8b3a-46f1-a0d3-5f7907680691,3,2153.426555
2026/02/04/14:00:49,apply-time,rs-001173-stjl7,6577e9fd-1b05-4f38-ab56-493f384bdca3,3,2153.426555
2026/02/04/14:00:49,running-time,rs-001173-stjl7,6577e9fd-1b05-4f38-ab56-493f384bdca3,3,2153.426555
2026/02/04/14:00:49,apply-time,rs-001174-k9vg7,77a4cf10-776c-47f2-a415-965cece183f2,1,2153.426555
2026/02/04/14:00:49,running-time,rs-001174-k9vg7,77a4cf10-776c-47f2-a415-965cece183f2,1,2153.426555
2026/02/04/14:00:49,apply-time,rs-001175-hnbk2,c35fb33b-3257-46ab-883a-d48f31014652,2,2153.426555
2026/02/04/14:00:49,running-time,rs-001175-hnbk2,c35fb33b-3257-46ab-883a-d48f31014652,2,2153.426555
2026/02/04/14:00:50,apply-time,rs-001176-4xb4c,5e62e35f-3c88-477e-b3d5-995287d55c48,4,2154.426555
2026/02/04/14:00:50,apply-time,rs-001176-dq6d7,2048bdce-e1de-40de-83cf-4856cb0ed28a,4,2154.426555
2026/02/04/14:00:50,apply-time,rs-001176-qbccb,c3321be3-4c26-4272-babd-8f83e251b847,4,2154.426555
2026/02/04/14:00:50,apply-time,rs-001177-5t5j6,b763cdb4-6128-4d60-8ddd-6a18fd79efc9,1,2154.426555
2026/02/04/14:00:50,apply-time,rs-001177-w5hwg,47b5ffdb-e7f9-47e7-b2c0-db43bc7c8a12,1,2154.426555
2026/02/04/14:00:50,apply-time,rs-001178-fj9tp,458623b7-1eed-414b-8808-f1aa496c5537,3,2154.426555
2026/02/04/14:00:50,running-time,rs-001178-fj9tp,458623b7-1eed-414b-8808-f1aa496c5537,3,2154.426555
2026/02/04/14:00:50,apply-time,rs-001179-5lcg7,b79614e3-ad4e-457e-a87c-038e8fce1a68,1,2154.426555
2026/02/04/14:00:50,running-time,rs-001179-5lcg7,b79614e3-ad4e-457e-a87c-038e8fce1a68,1,2154.426555
2026/02/04/14:00:50,apply-time,rs-001180-d976d,8c3c2bb4-1786-4fae-8e4a-9aff11fcaa10,1,2154.426555
2026/02/04/14:00:50,running-time,rs-001180-d976d,8c3c2bb4-1786-4fae-8e4a-9aff11fcaa10,1,2154.426555
2026/02/04/14:00:50,apply-time,rs-001181-tsgvb,4dad4894-ba55-425d-802b-319b834bb30c,3,2154.426555
2026/02/04/14:00:50,running-time,rs-001181-tsgvb,4dad4894-ba55-425d-802b-319b834bb30c,3,2154.426555
2026/02/04/14:00:51,apply-time,rs-001180-2l4ts,0e551f55-ebb6-496d-8501-8be0ced0e401,1,2154.426555
2026/02/04/14:00:51,running-time,rs-001180-2l4ts,0e551f55-ebb6-496d-8501-8be0ced0e401,1,2154.426555
2026/02/04/14:00:51,apply-time,rs-001182-c5kx4,d641dc67-e722-4265-98d8-9c963956625e,3,2155.426555
2026/02/04/14:00:51,running-time,rs-001182-c5kx4,d641dc67-e722-4265-98d8-9c963956625e,3,2155.426555
2026/02/04/14:00:51,apply-time,rs-001182-n5mrq,864a7e1b-7eb1-4ace-b7c9-a7cc12f7b43b,3,2155.426555
2026/02/04/14:00:51,running-time,rs-001182-n5mrq,864a7e1b-7eb1-4ace-b7c9-a7cc12f7b43b,3,2155.426555
2026/02/04/14:00:51,apply-time,rs-001183-9lzx2,c032a722-dbe4-442c-a72b-3e67defde45f,1,2155.426555
2026/02/04/14:00:51,apply-time,rs-001183-zwkr4,ff659b74-ceb9-4253-bd08-815c0c6d8c61,1,2155.426555
2026/02/04/14:00:51,running-time,rs-001183-zwkr4,ff659b74-ceb9-4253-bd08-815c0c6d8c61,1,2155.426555
2026/02/04/14:00:51,apply-time,rs-001184-9v6br,5ea6e48b-6ea4-46ac-bd8f-4d5b33d37002,1,2155.426555
2026/02/04/14:00:51,apply-time,rs-001185-6ckbj,7f58b93e-fbfe-46a6-bf11-374633a5ad95,2,2155.426555
2026/02/04/14:00:52,running-time,rs-001177-w5hwg,47b5ffdb-e7f9-47e7-b2c0-db43bc7c8a12,1,2155.426555
2026/02/04/14:00:52,running-time,rs-001183-9lzx2,c032a722-dbe4-442c-a72b-3e67defde45f,1,2155.426555
2026/02/04/14:00:52,apply-time,rs-001186-d5zbg,613c55b5-4ecb-4eee-a48d-733bcea1ec3d,1,2156.426555
2026/02/04/14:00:52,apply-time,rs-001186-vfsw9,3fec3629-7705-4b1c-9149-f9fc0c9d4b6f,1,2156.426555
2026/02/04/14:00:52,apply-time,rs-001187-zqvqk,480d2b5d-789e-4038-95c0-404df9704928,1,2156.426555
2026/02/04/14:00:52,running-time,rs-001187-zqvqk,480d2b5d-789e-4038-95c0-404df9704928,1,2156.426555
2026/02/04/14:00:52,apply-time,rs-001188-vlvff,584c729b-0f6b-4734-b50d-3d118cc5b11f,3,2156.426555
2026/02/04/14:00:53,running-time,rs-001188-vlvff,584c729b-0f6b-4734-b50d-3d118cc5b11f,3,2157.426555
2026/02/04/14:00:53,apply-time,rs-001189-vwmdw,388c7e43-81a5-43ab-9c95-6d7efdc32daa,3,2156.426555
2026/02/04/14:00:53,running-time,rs-001189-vwmdw,388c7e43-81a5-43ab-9c95-6d7efdc32daa,3,2156.426555
2026/02/04/14:00:53,apply-time,rs-001190-cl8nj,c298967f-d326-4036-a540-906922d49e01,1,2157.426555
2026/02/04/14:00:53,apply-time,rs-001190-r5rjm,33700edb-c9ef-4930-8471-168c02630083,1,2156.426555
2026/02/04/14:00:53,apply-time,rs-001191-bj8bx,8d433756-1ac2-4b62-9426-1660854a3a17,1,2156.426555
2026/02/04/14:00:53,running-time,rs-001191-bj8bx,8d433756-1ac2-4b62-9426-1660854a3a17,1,2156.426555
2026/02/04/14:00:53,apply-time,rs-001191-pvhmx,bf7be076-91b4-424b-819c-d01f8daac689,1,2157.426555
2026/02/04/14:00:53,running-time,rs-001191-pvhmx,bf7be076-91b4-424b-819c-d01f8daac689,1,2157.426555
2026/02/04/14:00:53,apply-time,rs-001191-qx4lr,71c97370-7284-41a1-aba5-0f81d2d864da,1,2157.426555
2026/02/04/14:00:53,running-time,rs-001191-qx4lr,71c97370-7284-41a1-aba5-0f81d2d864da,1,2157.426555
2026/02/04/14:00:54,running-time,rs-001186-d5zbg,613c55b5-4ecb-4eee-a48d-733bcea1ec3d,1,2157.426555
2026/02/04/14:00:54,running-time,rs-001190-r5rjm,33700edb-c9ef-4930-8471-168c02630083,1,2157.426555
2026/02/04/14:00:54,apply-time,rs-001192-4skkh,030e8202-91d0-4410-a15e-663eaa6241fa,3,2157.426555
2026/02/04/14:00:54,apply-time,rs-001192-wpjq8,fca16cec-45b4-4113-b57f-814246bb7aa6,3,2158.426555
2026/02/04/14:00:54,apply-time,rs-001192-zgmwp,9cabc767-513b-42d4-8983-07660b6cbb59,3,2158.426555
2026/02/04/14:00:54,apply-time,rs-001193-82wp7,befcf8f7-1439-4771-90d4-08ac16b93140,2,2157.426555
2026/02/04/14:00:54,apply-time,rs-001194-72w9b,61b9cb51-5071-40ae-943e-230897995898,2,2158.426555
2026/02/04/14:00:54,running-time,rs-001194-72w9b,61b9cb51-5071-40ae-943e-230897995898,2,2158.426555
2026/02/04/14:00:54,apply-time,rs-001194-nkqvx,00b50aab-7d6b-4945-a631-40ecda6ab1c5,2,2157.426555
2026/02/04/14:00:54,running-time,rs-001194-nkqvx,00b50aab-7d6b-4945-a631-40ecda6ab1c5,2,2158.426555
2026/02/04/14:00:54,apply-time,rs-001194-tcfgr,d34ad089-aa7b-4aaa-b60f-0c8762273e18,2,2158.426555
2026/02/04/14:00:54,running-time,rs-001194-tcfgr,d34ad089-aa7b-4aaa-b60f-0c8762273e18,2,2158.426555
2026/02/04/14:00:54,apply-time,rs-001195-z2wxw,ac92984b-805a-482c-8191-e9945469fb51,3,2158.426555
2026/02/04/14:00:55,running-time,rs-001186-vfsw9,3fec3629-7705-4b1c-9149-f9fc0c9d4b6f,1,2158.426555
2026/02/04/14:00:55,apply-time,rs-001196-qr7dc,9e6bbba2-c34b-4706-902b-f685058b530c,2,2158.426555
2026/02/04/14:00:55,running-time,rs-001196-qr7dc,9e6bbba2-c34b-4706-902b-f685058b530c,2,2158.426555
2026/02/04/14:00:56,running-time,rs-001190-cl8nj,c298967f-d326-4036-a540-906922d49e01,1,2159.426555
2026/02/04/14:00:56,running-time,rs-001195-z2wxw,ac92984b-805a-482c-8191-e9945469fb51,3,2160.426555
2026/02/04/14:01:01,apply-time,rs-001197-2hbls,933c1577-b943-41c5-aa70-0814cedf18bf,2,2165.426555
2026/02/04/14:01:01,running-time,rs-001197-2hbls,933c1577-b943-41c5-aa70-0814cedf18bf,2,2165.426555
2026/02/04/14:01:01,apply-time,rs-001197-5srfz,e0e8db52-5dd1-4d5a-9f33-428e561f90af,2,2165.426555
2026/02/04/14:01:01,apply-time,rs-001197-sz96x,78ab78ed-ea4e-43e9-a0ec-4f42a4385ae0,2,2165.426555
2026/02/04/14:01:01,apply-time,rs-001198-82x6x,c175e6be-116a-4e45-8fb3-a1d40e686a04,1,2165.426555
2026/02/04/14:01:01,running-time,rs-001198-82x6x,c175e6be-116a-4e45-8fb3-a1d40e686a04,1,2165.426555
2026/02/04/14:01:01,apply-time,rs-001199-fc2fq,605ca8cc-e9f1-4405-ab08-dcb4eb6ed8a4,4,2165.426555
2026/02/04/14:01:04,running-time,rs-001199-fc2fq,605ca8cc-e9f1-4405-ab08-dcb4eb6ed8a4,4,2167.426555
2026/02/04/14:01:07,running-time,rs-001197-sz96x,78ab78ed-ea4e-43e9-a0ec-4f42a4385ae0,2,2170.426555
2026/02/04/14:01:11,running-time,rs-001197-5srfz,e0e8db52-5dd1-4d5a-9f33-428e561f90af,2,2174.426555
2026/02/04/14:01:15,running-time,rs-001184-9v6br,5ea6e48b-6ea4-46ac-bd8f-4d5b33d37002,1,2178.426555
2026/02/04/14:01:24,apply-time,rs-001200-jg6q5,886d19a5-78a1-4227-ad17-5cfa4ec3abea,1,2187.426555
2026/02/04/14:01:24,running-time,rs-001200-jg6q5,886d19a5-78a1-4227-ad17-5cfa4ec3abea,1,2187.426555
2026/02/04/14:01:24,apply-time,rs-001200-tb6xl,d20cbc99-3c1a-4109-9076-f8915103e3d0,1,2187.426555
2026/02/04/14:01:24,running-time,rs-001200-tb6xl,d20cbc99-3c1a-4109-9076-f8915103e3d0,1,2187.426555
2026/02/04/14:01:24,apply-time,rs-001201-qzzgl,ed37d55c-f561-4360-9543-3b46b26b5900,3,2187.426555
2026/02/04/14:01:24,running-time,rs-001201-qzzgl,ed37d55c-f561-4360-9543-3b46b26b5900,3,2187.426555
2026/02/04/14:01:24,apply-time,rs-001202-5jl7k,7cdf9538-223b-4cdb-8ecd-1045df055df0,1,2187.426555
2026/02/04/14:01:24,running-time,rs-001202-5jl7k,7cdf9538-223b-4cdb-8ecd-1045df055df0,1,2187.426555
2026/02/04/14:01:24,apply-time,rs-001203-7g2sr,0ecd5df8-9654-470a-85a0-5a1a472ed510,2,2187.426555
2026/02/04/14:01:24,running-time,rs-001203-7g2sr,0ecd5df8-9654-470a-85a0-5a1a472ed510,2,2187.426555
2026/02/04/14:01:24,apply-time,rs-001203-kp6nq,b5645b4d-feb1-437a-9eb5-a89dc2777441,2,2187.426555
2026/02/04/14:01:24,running-time,rs-001203-kp6nq,b5645b4d-feb1-437a-9eb5-a89dc2777441,2,2187.426555
2026/02/04/14:01:28,apply-time,rs-001204-285k6,7cc22b65-0c77-4498-8e48-2bdaf061a6c8,4,2192.426555
2026/02/04/14:01:28,running-time,rs-001204-285k6,7cc22b65-0c77-4498-8e48-2bdaf061a6c8,4,2192.426555
2026/02/04/14:01:28,apply-time,rs-001205-7cj6n,204e2432-f124-498c-a99d-635d8595ad64,2,2192.426555
2026/02/04/14:01:28,apply-time,rs-001205-qgrss,f4cb3f6d-e54e-4e34-9536-db29b512ebda,2,2192.426555
2026/02/04/14:01:28,apply-time,rs-001206-s64cw,1b88c099-e1b4-4be8-a859-9b00494c45f5,4,2192.426555
2026/02/04/14:01:28,running-time,rs-001206-s64cw,1b88c099-e1b4-4be8-a859-9b00494c45f5,4,2192.426555
2026/02/04/14:01:29,apply-time,rs-001207-wr7p5,62f2cc00-51c3-4e75-a90b-0ee6bba3f177,4,2193.426555
2026/02/04/14:01:29,apply-time,rs-001208-6qbxj,933e0063-b346-4aa7-acc6-eb9a8a010de8,2,2193.426555
2026/02/04/14:01:29,running-time,rs-001208-6qbxj,933e0063-b346-4aa7-acc6-eb9a8a010de8,2,2193.426555
2026/02/04/14:01:29,apply-time,rs-001208-9qwtd,198c435a-5fcc-4102-acfb-3ff6c59b1304,2,2193.426555
2026/02/04/14:01:29,running-time,rs-001208-9qwtd,198c435a-5fcc-4102-acfb-3ff6c59b1304,2,2193.426555
2026/02/04/14:01:29,apply-time,rs-001208-gbckc,5c50e5f8-88ad-441f-8740-70d1da84fce0,2,2193.426555
2026/02/04/14:01:29,running-time,rs-001208-gbckc,5c50e5f8-88ad-441f-8740-70d1da84fce0,2,2193.426555
2026/02/04/14:01:30,running-time,rs-001205-7cj6n,204e2432-f124-498c-a99d-635d8595ad64,2,2194.426555
2026/02/04/14:01:31,running-time,rs-001207-wr7p5,62f2cc00-51c3-4e75-a90b-0ee6bba3f177,4,2195.426555
2026/02/04/14:01:54,apply-time,rs-001209-hjfpb,fac4642a-397d-40df-b85c-7cfba7229b77,1,2217.426555
2026/02/04/14:01:54,running-time,rs-001209-hjfpb,fac4642a-397d-40df-b85c-7cfba7229b77,1,2217.426555
2026/02/04/14:01:54,apply-time,rs-001209-k28vv,f8da0ebd-59b4-4f26-a197-6ce506d6b3fc,1,2217.426555
2026/02/04/14:01:54,running-time,rs-001209-k28vv,f8da0ebd-59b4-4f26-a197-6ce506d6b3fc,1,2217.426555
2026/02/04/14:01:54,apply-time,rs-001210-7zx7r,b7cd1184-c6fa-448e-9f3c-433c44250804,3,2218.426555
2026/02/04/14:01:54,running-time,rs-001210-7zx7r,b7cd1184-c6fa-448e-9f3c-433c44250804,3,2218.426555
2026/02/04/14:01:54,apply-time,rs-001210-f452n,f567893b-5bcc-461d-a951-7d7bead0c8c3,3,2218.426555
2026/02/04/14:01:54,running-time,rs-001210-f452n,f567893b-5bcc-461d-a951-7d7bead0c8c3,3,2218.426555
2026/02/04/14:01:54,apply-time,rs-001210-jhn88,aa0ce175-a1a4-4382-8516-e09e2124eec2,3,2218.426555
2026/02/04/14:01:54,running-time,rs-001210-jhn88,aa0ce175-a1a4-4382-8516-e09e2124eec2,3,2218.426555
2026/02/04/14:01:54,apply-time,rs-001211-5qvm9,22d6df9d-4e38-4e45-844a-4f33337e1612,1,2218.426555
2026/02/04/14:01:54,running-time,rs-001211-5qvm9,22d6df9d-4e38-4e45-844a-4f33337e1612,1,2218.426555
2026/02/04/14:01:54,apply-time,rs-001211-qbszq,8f00ea2b-e8e6-4bf9-849b-2683e7e07ce1,1,2218.426555
2026/02/04/14:01:54,running-time,rs-001211-qbszq,8f00ea2b-e8e6-4bf9-849b-2683e7e07ce1,1,2218.426555
2026/02/04/14:01:54,apply-time,rs-001211-v9gnj,be31a6bd-911c-4fb6-a8b7-9c5a613ea4f9,1,2218.426555
2026/02/04/14:01:54,running-time,rs-001211-v9gnj,be31a6bd-911c-4fb6-a8b7-9c5a613ea4f9,1,2218.426555
2026/02/04/14:02:19,apply-time,rs-001212-7w8xv,56287726-77bb-4310-95f9-194b79fbc4ec,3,2243.426555
2026/02/04/14:02:19,running-time,rs-001212-7w8xv,56287726-77bb-4310-95f9-194b79fbc4ec,3,2243.426555
2026/02/04/14:02:19,apply-time,rs-001213-b2l6j,d4a80d88-e99c-451e-8812-787f4a7b06d2,1,2243.426555
2026/02/04/14:02:19,running-time,rs-001213-b2l6j,d4a80d88-e99c-451e-8812-787f4a7b06d2,1,2243.426555
2026/02/04/14:02:19,apply-time,rs-001213-s6k42,99fb007c-2ace-4269-bed1-cf294b749297,1,2243.426555
2026/02/04/14:02:19,running-time,rs-001213-s6k42,99fb007c-2ace-4269-bed1-cf294b749297,1,2243.426555
2026/02/04/14:02:19,apply-time,rs-001213-wfvwq,1267408b-6c92-4b8d-bf93-a8d116677bee,1,2243.426555
2026/02/04/14:02:19,running-time,rs-001213-wfvwq,1267408b-6c92-4b8d-bf93-a8d116677bee,1,2243.426555
2026/02/04/14:02:22,apply-time,rs-001214-6b4vq,3aca98f9-4445-4252-a8ab-397216d4c260,3,2246.426555
2026/02/04/14:02:22,running-time,rs-001214-6b4vq,3aca98f9-4445-4252-a8ab-397216d4c260,3,2246.426555
2026/02/04/14:02:22,apply-time,rs-001214-6bdfl,3eeb8e2a-b283-4aba-af7d-ed8082b1500d,3,2246.426555
2026/02/04/14:02:22,running-time,rs-001214-6bdfl,3eeb8e2a-b283-4aba-af7d-ed8082b1500d,3,2246.426555
2026/02/04/14:02:22,apply-time,rs-001214-x8q6p,eecb61f6-076f-41f9-b699-8a52fe720880,3,2246.426555
2026/02/04/14:02:22,running-time,rs-001214-x8q6p,eecb61f6-076f-41f9-b699-8a52fe720880,3,2246.426555
2026/02/04/14:02:35,apply-time,rs-001215-cd9dn,e4badc7d-b85e-4fc0-8b07-4dc0b1944550,1,2259.426555
2026/02/04/14:02:35,running-time,rs-001215-cd9dn,e4badc7d-b85e-4fc0-8b07-4dc0b1944550,1,2259.426555
2026/02/04/14:02:35,apply-time,rs-001215-ss95j,51a8ab71-f9c5-4896-aaae-bbb997c09744,1,2259.426555
2026/02/04/14:02:35,running-time,rs-001215-ss95j,51a8ab71-f9c5-4896-aaae-bbb997c09744,1,2259.426555
2026/02/04/14:02:35,apply-time,rs-001216-9svv9,40a64a5f-e6b0-4744-a559-68da6453f62f,1,2259.426555
2026/02/04/14:02:35,running-time,rs-001216-9svv9,40a64a5f-e6b0-4744-a559-68da6453f62f,1,2259.426555
2026/02/04/14:02:35,apply-time,rs-001217-fhkk7,90f8243a-7817-4973-880d-a2c77f048efd,4,2259.426555
2026/02/04/14:02:35,running-time,rs-001217-fhkk7,90f8243a-7817-4973-880d-a2c77f048efd,4,2259.426555
2026/02/04/14:02:35,apply-time,rs-001217-gwjpt,4a01f0d4-71e6-42ca-99bf-cc0e8b9438bb,4,2259.426555
2026/02/04/14:02:35,running-time,rs-001217-gwjpt,4a01f0d4-71e6-42ca-99bf-cc0e8b9438bb,4,2259.426555
2026/02/04/14:02:35,apply-time,rs-001217-rpd9v,f4d29e8d-2cbb-4627-8b40-b4b57ac2a67b,4,2259.426555
2026/02/04/14:02:35,running-time,rs-001217-rpd9v,f4d29e8d-2cbb-4627-8b40-b4b57ac2a67b,4,2259.426555
2026/02/04/14:02:35,apply-time,rs-001218-gv9sv,7cd4bb80-4b6a-4212-9e23-65c5f10247bf,4,2259.426555
2026/02/04/14:02:35,running-time,rs-001218-gv9sv,7cd4bb80-4b6a-4212-9e23-65c5f10247bf,4,2259.426555
2026/02/04/14:02:35,apply-time,rs-001218-nc8zh,e744fd66-5843-48fe-b155-dfccac154294,4,2259.426555
2026/02/04/14:02:35,running-time,rs-001218-nc8zh,e744fd66-5843-48fe-b155-dfccac154294,4,2259.426555
2026/02/04/14:02:35,apply-time,rs-001219-6jxrt,d2c88521-816a-4ce3-9ff6-76e4ab42d0da,2,2259.426555
2026/02/04/14:02:35,running-time,rs-001219-6jxrt,d2c88521-816a-4ce3-9ff6-76e4ab42d0da,2,2259.426555
2026/02/04/14:02:35,apply-time,rs-001219-fdt66,6a43ab94-718b-441d-9fbe-1432cda8c625,2,2259.426555
2026/02/04/14:02:35,running-time,rs-001219-fdt66,6a43ab94-718b-441d-9fbe-1432cda8c625,2,2259.426555
2026/02/04/14:02:35,apply-time,rs-001220-sldcv,219098fe-3de8-440f-b015-a51c7a2a2c37,3,2259.426555
2026/02/04/14:02:35,running-time,rs-001220-sldcv,219098fe-3de8-440f-b015-a51c7a2a2c37,3,2259.426555
2026/02/04/14:02:35,apply-time,rs-001221-lx6fh,8eb5d1ac-ba09-4195-830d-6e6828168fc5,4,2259.426555
2026/02/04/14:02:35,running-time,rs-001221-lx6fh,8eb5d1ac-ba09-4195-830d-6e6828168fc5,4,2259.426555
2026/02/04/14:02:35,apply-time,rs-001222-tz6jq,19d04a0f-f7d9-4c44-ba33-715e8b93d3b4,1,2259.426555
2026/02/04/14:02:35,running-time,rs-001222-tz6jq,19d04a0f-f7d9-4c44-ba33-715e8b93d3b4,1,2259.426555
2026/02/04/14:02:36,apply-time,rs-001222-x5wmf,5ffd350f-1c00-43bf-b7cd-db05a7e47d0f,1,2259.426555
2026/02/04/14:02:36,running-time,rs-001222-x5wmf,5ffd350f-1c00-43bf-b7cd-db05a7e47d0f,1,2259.426555
2026/02/04/14:02:36,apply-time,rs-001223-5lln6,4bc76367-f959-45a1-abbb-c5fc5d754780,4,2260.426555
2026/02/04/14:02:36,running-time,rs-001223-5lln6,4bc76367-f959-45a1-abbb-c5fc5d754780,4,2260.426555
2026/02/04/14:02:36,apply-time,rs-001223-dbfrp,46e58746-98bc-45af-9cc2-930bf56f7b67,4,2260.426555
2026/02/04/14:02:36,running-time,rs-001223-dbfrp,46e58746-98bc-45af-9cc2-930bf56f7b67,4,2260.426555
2026/02/04/14:02:36,apply-time,rs-001224-q4bjk,cde39179-032c-4820-bb41-b9b87f80b032,1,2260.426555
2026/02/04/14:02:36,running-time,rs-001224-q4bjk,cde39179-032c-4820-bb41-b9b87f80b032,1,2260.426555
2026/02/04/14:02:36,apply-time,rs-001224-t68nh,6cd1bbfb-d483-4c7e-9c3f-6e623531ad54,1,2260.426555
2026/02/04/14:02:36,running-time,rs-001224-t68nh,6cd1bbfb-d483-4c7e-9c3f-6e623531ad54,1,2260.426555
2026/02/04/14:02:36,apply-time,rs-001225-clbs8,3983665e-3572-4010-a431-dfa883fbaf03,2,2260.426555
2026/02/04/14:02:36,running-time,rs-001225-clbs8,3983665e-3572-4010-a431-dfa883fbaf03,2,2260.426555
2026/02/04/14:02:46,apply-time,rs-001226-lgdfr,a7dd31b3-a5a5-4e43-a439-f1c74c764a26,1,2270.426555
2026/02/04/14:02:46,running-time,rs-001226-lgdfr,a7dd31b3-a5a5-4e43-a439-f1c74c764a26,1,2270.426555
2026/02/04/14:02:55,apply-time,rs-001227-wwd58,554971fc-d11e-455e-ba77-a8d563005189,4,2279.426555
2026/02/04/14:02:55,running-time,rs-001227-wwd58,554971fc-d11e-455e-ba77-a8d563005189,4,2279.426555
2026/02/04/14:02:57,apply-time,rs-001228-b62dt,bdf67dd2-7bf0-48a9-807d-713e85c4af4e,4,2281.426555
2026/02/04/14:02:57,running-time,rs-001228-b62dt,bdf67dd2-7bf0-48a9-807d-713e85c4af4e,4,2281.426555
2026/02/04/14:02:59,apply-time,rs-001229-5pngq,b9357c01-3156-4c5e-8529-e80923603c0c,2,2283.426555
2026/02/04/14:02:59,running-time,rs-001229-5pngq,b9357c01-3156-4c5e-8529-e80923603c0c,2,2283.426555
2026/02/04/14:02:59,apply-time,rs-001229-gqs7n,b8626c55-93d6-4128-a917-7c6e2dc252c0,2,2283.426555
2026/02/04/14:02:59,running-time,rs-001229-gqs7n,b8626c55-93d6-4128-a917-7c6e2dc252c0,2,2283.426555
2026/02/04/14:02:59,apply-time,rs-001229-twwkw,345653b2-4631-4372-8ac9-24a29fd0b34a,2,2283.426555
2026/02/04/14:02:59,running-time,rs-001229-twwkw,345653b2-4631-4372-8ac9-24a29fd0b34a,2,2283.426555
2026/02/04/14:02:59,apply-time,rs-001230-qp8gr,fa38862e-a0cc-4a37-b271-7039d25bdd96,4,2283.426555
2026/02/04/14:02:59,running-time,rs-001230-qp8gr,fa38862e-a0cc-4a37-b271-7039d25bdd96,4,2283.426555
2026/02/04/14:02:59,apply-time,rs-001231-98gkp,e17ea232-08f2-4315-af6b-edc7a714c7d0,1,2283.426555
2026/02/04/14:02:59,running-time,rs-001231-98gkp,e17ea232-08f2-4315-af6b-edc7a714c7d0,1,2283.426555
2026/02/04/14:02:59,apply-time,rs-001231-ztmqt,5426db6c-4f7d-4aa5-a6ea-d787cd96a261,1,2283.426555
2026/02/04/14:02:59,running-time,rs-001231-ztmqt,5426db6c-4f7d-4aa5-a6ea-d787cd96a261,1,2283.426555
2026/02/04/14:02:59,apply-time,rs-001232-jd6mx,7ed6697e-debe-419e-8c05-da3c888aab85,3,2283.426555
2026/02/04/14:02:59,apply-time,rs-001233-54bnf,d45ec74f-b615-471d-84c9-7fcdcf641749,2,2283.426555
2026/02/04/14:02:59,apply-time,rs-001233-6tgdt,2636e016-bb9a-4990-9e99-f230d8e1b61e,2,2283.426555
2026/02/04/14:02:59,apply-time,rs-001234-4xxvk,f1ad513c-2f4c-4d47-9ea8-afc7ea99aa1a,4,2283.426555
2026/02/04/14:02:59,running-time,rs-001234-4xxvk,f1ad513c-2f4c-4d47-9ea8-afc7ea99aa1a,4,2283.426555
2026/02/04/14:02:59,apply-time,rs-001235-8nmd9,68e4826b-dfa8-4c31-9788-69fcfd1274c2,1,2283.426555
2026/02/04/14:02:59,running-time,rs-001235-8nmd9,68e4826b-dfa8-4c31-9788-69fcfd1274c2,1,2283.426555
2026/02/04/14:03:00,running-time,rs-001233-6tgdt,2636e016-bb9a-4990-9e99-f230d8e1b61e,2,2283.426555
2026/02/04/14:03:03,running-time,rs-001232-jd6mx,7ed6697e-debe-419e-8c05-da3c888aab85,3,2286.426555
2026/02/04/14:03:08,apply-time,rs-001236-7lr9g,f2f8ea63-794a-402d-955e-3de06155d673,1,2291.426555
2026/02/04/14:03:08,running-time,rs-001236-7lr9g,f2f8ea63-794a-402d-955e-3de06155d673,1,2292.426555
2026/02/04/14:03:08,apply-time,rs-001236-km8xd,9f3558a9-85f8-4553-974b-7e3d0ae231d7,1,2291.426555
2026/02/04/14:03:08,running-time,rs-001236-km8xd,9f3558a9-85f8-4553-974b-7e3d0ae231d7,1,2292.426555
2026/02/04/14:03:08,apply-time,rs-001237-9cwhk,7e564fad-e73a-4b6f-a2ee-a77110784dfb,1,2292.426555
2026/02/04/14:03:08,running-time,rs-001237-9cwhk,7e564fad-e73a-4b6f-a2ee-a77110784dfb,1,2292.426555
2026/02/04/14:03:08,apply-time,rs-001237-v68qk,3aa570cf-7f67-48d8-bf2c-37749bf6ed97,1,2292.426555
2026/02/04/14:03:08,running-time,rs-001237-v68qk,3aa570cf-7f67-48d8-bf2c-37749bf6ed97,1,2292.426555
2026/02/04/14:03:08,apply-time,rs-001237-zdz79,92c8c522-636f-43d4-9d42-573321006570,1,2292.426555
2026/02/04/14:03:08,running-time,rs-001237-zdz79,92c8c522-636f-43d4-9d42-573321006570,1,2292.426555
2026/02/04/14:03:08,apply-time,rs-001238-lv482,219fe2b7-a009-46cf-b7d5-a171c836352b,4,2292.426555
2026/02/04/14:03:08,running-time,rs-001238-lv482,219fe2b7-a009-46cf-b7d5-a171c836352b,4,2292.426555
2026/02/04/14:03:08,apply-time,rs-001238-mc8m9,02b4bf79-612e-40df-964f-9f9bbbd07f50,4,2292.426555
2026/02/04/14:03:08,running-time,rs-001238-mc8m9,02b4bf79-612e-40df-964f-9f9bbbd07f50,4,2292.426555
2026/02/04/14:03:08,apply-time,rs-001238-sld5b,03a4d93d-1128-451b-8789-b6d272ec7917,4,2292.426555
2026/02/04/14:03:12,apply-time,rs-001239-pxhw7,97e4d73b-ce05-47bd-9a05-bacb2b3add72,3,2296.426555
2026/02/04/14:03:12,running-time,rs-001239-pxhw7,97e4d73b-ce05-47bd-9a05-bacb2b3add72,3,2296.426555
2026/02/04/14:03:12,apply-time,rs-001240-4tdff,a959c7fc-87c3-4f91-8242-fa29c6be5a21,3,2296.426555
2026/02/04/14:03:12,running-time,rs-001240-4tdff,a959c7fc-87c3-4f91-8242-fa29c6be5a21,3,2296.426555
2026/02/04/14:03:12,apply-time,rs-001240-77s9k,f7f89c3e-58b9-4166-a1d7-716ccb528fdd,3,2296.426555
2026/02/04/14:03:12,apply-time,rs-001241-bgc6f,91d25d72-75c6-4a1d-bbe2-3afff3505e63,1,2296.426555
2026/02/04/14:03:12,running-time,rs-001241-bgc6f,91d25d72-75c6-4a1d-bbe2-3afff3505e63,1,2296.426555
2026/02/04/14:03:12,apply-time,rs-001241-v7x7g,81d9a507-99a6-4882-b65c-c04a540f6b24,1,2296.426555
2026/02/04/14:03:12,apply-time,rs-001241-vrttj,950712af-cbbf-45be-821d-feff39454cba,1,2296.426555
2026/02/04/14:03:12,running-time,rs-001241-vrttj,950712af-cbbf-45be-821d-feff39454cba,1,2296.426555
2026/02/04/14:03:12,apply-time,rs-001242-98n2r,189f531a-15a9-4ef1-9ea4-79730bf6041c,2,2296.426555
2026/02/04/14:03:12,apply-time,rs-001243-wsndz,aea7cd07-8bcf-4d89-946b-b58cefc2493f,3,2296.426555
2026/02/04/14:03:13,running-time,rs-001240-77s9k,f7f89c3e-58b9-4166-a1d7-716ccb528fdd,3,2296.426555
2026/02/04/14:03:13,running-time,rs-001241-v7x7g,81d9a507-99a6-4882-b65c-c04a540f6b24,1,2296.426555
2026/02/04/14:03:13,running-time,rs-001243-wsndz,aea7cd07-8bcf-4d89-946b-b58cefc2493f,3,2296.426555
2026/02/04/14:03:13,apply-time,rs-001244-nx4rn,7cd19dc9-4a88-47a6-93ee-8ee12790da3d,3,2297.426555
2026/02/04/14:03:13,running-time,rs-001244-nx4rn,7cd19dc9-4a88-47a6-93ee-8ee12790da3d,3,2297.426555
2026/02/04/14:03:14,apply-time,rs-001245-mbxg6,7aa3d080-2d9e-448d-a3a7-d13c8294062f,2,2298.426555
2026/02/04/14:03:16,apply-time,rs-001246-679t9,e15d1820-cd0c-4382-8a3c-b3baaee01f47,4,2299.426555
2026/02/04/14:03:16,running-time,rs-001246-679t9,e15d1820-cd0c-4382-8a3c-b3baaee01f47,4,2300.426555
2026/02/04/14:03:16,apply-time,rs-001246-8zc5b,d62702a9-1c4f-4e08-800e-8048765be4bb,4,2299.426555
2026/02/04/14:03:16,running-time,rs-001246-8zc5b,d62702a9-1c4f-4e08-800e-8048765be4bb,4,2300.426555
2026/02/04/14:03:16,apply-time,rs-001246-9gllj,4ecdbdc6-68b7-49d5-be1c-9b29a2ed97cb,4,2299.426555
2026/02/04/14:03:16,running-time,rs-001246-9gllj,4ecdbdc6-68b7-49d5-be1c-9b29a2ed97cb,4,2300.426555
2026/02/04/14:03:16,apply-time,rs-001247-gpcv7,9b29a8eb-31ae-4a41-be7f-1829dfedfd0e,3,2299.426555
2026/02/04/14:03:16,running-time,rs-001247-gpcv7,9b29a8eb-31ae-4a41-be7f-1829dfedfd0e,3,2300.426555
2026/02/04/14:03:16,apply-time,rs-001248-kwcbt,4b90c4b3-82c7-4953-bd1a-2d6381151243,3,2299.426555
2026/02/04/14:03:16,running-time,rs-001248-kwcbt,4b90c4b3-82c7-4953-bd1a-2d6381151243,3,2299.426555
2026/02/04/14:03:16,apply-time,rs-001249-7jrfn,79ed7b40-9815-456c-9839-1bf7f82396b9,4,2299.426555
2026/02/04/14:03:16,running-time,rs-001249-7jrfn,79ed7b40-9815-456c-9839-1bf7f82396b9,4,2300.426555
2026/02/04/14:03:16,apply-time,rs-001249-lvwvh,55aa036f-cdc6-4c8a-b278-2841db512499,4,2299.426555
2026/02/04/14:03:16,running-time,rs-001249-lvwvh,55aa036f-cdc6-4c8a-b278-2841db512499,4,2300.426555
2026/02/04/14:03:16,apply-time,rs-001249-sxrjv,f0baaf76-4869-4355-aa2c-6ef0dd4787bc,4,2299.426555
2026/02/04/14:03:16,apply-time,rs-001250-mcvpz,c8662294-64a7-4c0f-bb55-27fd84ddeefc,4,2300.426555
2026/02/04/14:03:16,running-time,rs-001250-mcvpz,c8662294-64a7-4c0f-bb55-27fd84ddeefc,4,2300.426555
2026/02/04/14:03:16,apply-time,rs-001251-4r5mk,11654ef6-95a3-443f-a2dc-f040a0ac846e,1,2300.426555
2026/02/04/14:03:16,running-time,rs-001251-4r5mk,11654ef6-95a3-443f-a2dc-f040a0ac846e,1,2300.426555
2026/02/04/14:03:18,running-time,rs-001249-sxrjv,f0baaf76-4869-4355-aa2c-6ef0dd4787bc,4,2301.426555
2026/02/04/14:03:23,running-time,rs-001245-mbxg6,7aa3d080-2d9e-448d-a3a7-d13c8294062f,2,2306.426555
2026/02/04/14:03:36,apply-time,rs-001252-9np4j,5e9d29e2-0b84-40da-95e6-90d0077f9da4,3,2320.426555
2026/02/04/14:03:36,running-time,rs-001252-9np4j,5e9d29e2-0b84-40da-95e6-90d0077f9da4,3,2320.426555
2026/02/04/14:03:36,apply-time,rs-001252-k7ngb,c3849f01-52aa-4bce-b471-afa6ec800a4f,3,2320.426555
2026/02/04/14:03:36,running-time,rs-001252-k7ngb,c3849f01-52aa-4bce-b471-afa6ec800a4f,3,2320.426555
2026/02/04/14:03:36,apply-time,rs-001253-gvdqm,e81f9f02-769d-425f-89b2-bb8c69907288,1,2320.426555
2026/02/04/14:03:36,running-time,rs-001253-gvdqm,e81f9f02-769d-425f-89b2-bb8c69907288,1,2320.426555
2026/02/04/14:03:36,apply-time,rs-001254-5k58b,c22ffb44-ea34-475f-8137-06bf998283fa,4,2320.426555
2026/02/04/14:03:36,running-time,rs-001254-5k58b,c22ffb44-ea34-475f-8137-06bf998283fa,4,2320.426555
2026/02/04/14:03:36,apply-time,rs-001254-frwsp,e9d497b9-d45a-47c4-862c-2d376fc97dc1,4,2320.426555
2026/02/04/14:03:36,running-time,rs-001254-frwsp,e9d497b9-d45a-47c4-862c-2d376fc97dc1,4,2320.426555
2026/02/04/14:03:36,apply-time,rs-001254-j8vvs,e44e3eb1-8479-4b0b-bd02-d4e3272b7933,4,2320.426555
2026/02/04/14:03:36,running-time,rs-001254-j8vvs,e44e3eb1-8479-4b0b-bd02-d4e3272b7933,4,2320.426555
2026/02/04/14:03:36,apply-time,rs-001255-z5m99,6defc236-2652-46d7-920d-c8df4f308bf4,1,2320.426555
2026/02/04/14:03:36,running-time,rs-001255-z5m99,6defc236-2652-46d7-920d-c8df4f308bf4,1,2320.426555
2026/02/04/14:03:36,apply-time,rs-001256-svb4d,3156094e-0a34-4c5c-b03a-02f5467ea929,2,2320.426555
2026/02/04/14:03:36,running-time,rs-001256-svb4d,3156094e-0a34-4c5c-b03a-02f5467ea929,2,2320.426555
2026/02/04/14:03:36,apply-time,rs-001257-6rxwq,ba789293-b0a4-4efa-95d1-1199966d3654,1,2320.426555
2026/02/04/14:03:36,running-time,rs-001257-6rxwq,ba789293-b0a4-4efa-95d1-1199966d3654,1,2320.426555
2026/02/04/14:03:36,apply-time,rs-001257-99tvd,7c794cac-531c-4207-b4e4-8531625687dc,1,2320.426555
2026/02/04/14:03:36,running-time,rs-001257-99tvd,7c794cac-531c-4207-b4e4-8531625687dc,1,2320.426555
2026/02/04/14:03:36,apply-time,rs-001257-zt99t,24e18797-7af7-4bdc-bdca-457dd4cc0b4a,1,2320.426555
2026/02/04/14:03:36,running-time,rs-001257-zt99t,24e18797-7af7-4bdc-bdca-457dd4cc0b4a,1,2320.426555
2026/02/04/14:03:36,apply-time,rs-001258-tkh4t,0a17f38e-87aa-4274-9d59-92e4e3ecacc8,1,2320.426555
2026/02/04/14:03:36,running-time,rs-001258-tkh4t,0a17f38e-87aa-4274-9d59-92e4e3ecacc8,1,2320.426555
2026/02/04/14:03:41,apply-time,rs-001259-5bbzk,652adcb6-d806-4648-9c29-554dc24ca66f,2,2325.426555
2026/02/04/14:03:41,running-time,rs-001259-5bbzk,652adcb6-d806-4648-9c29-554dc24ca66f,2,2325.426555
2026/02/04/14:03:41,apply-time,rs-001259-5shtm,ddee162e-5398-4f06-b78c-61542cb207d8,2,2325.426555
2026/02/04/14:03:41,running-time,rs-001259-5shtm,ddee162e-5398-4f06-b78c-61542cb207d8,2,2325.426555
2026/02/04/14:03:41,apply-time,rs-001259-hjhsd,17c88d4e-5340-4fa9-b737-3ad8c0eb4099,2,2325.426555
2026/02/04/14:03:41,apply-time,rs-001260-hjjgn,b917c12c-2ebf-4b26-a361-bbd85a89aeb0,2,2325.426555
2026/02/04/14:03:41,running-time,rs-001260-hjjgn,b917c12c-2ebf-4b26-a361-bbd85a89aeb0,2,2325.426555
2026/02/04/14:03:41,apply-time,rs-001260-r6mkt,cf76b386-d2fa-4216-af0a-2c67cc8869b5,2,2325.426555
2026/02/04/14:03:41,running-time,rs-001260-r6mkt,cf76b386-d2fa-4216-af0a-2c67cc8869b5,2,2325.426555
2026/02/04/14:03:42,running-time,rs-001259-hjhsd,17c88d4e-5340-4fa9-b737-3ad8c0eb4099,2,2326.426555
2026/02/04/14:04:12,apply-time,rs-001261-8twh9,1126f2b6-8185-42a8-94f1-bb27cf711ce0,1,2356.426555
2026/02/04/14:04:12,running-time,rs-001261-8twh9,1126f2b6-8185-42a8-94f1-bb27cf711ce0,1,2356.426555
2026/02/04/14:04:12,apply-time,rs-001261-dv6nc,db4d7053-753c-4817-b2e2-1318b1603f6c,1,2356.426555
2026/02/04/14:04:12,running-time,rs-001261-dv6nc,db4d7053-753c-4817-b2e2-1318b1603f6c,1,2356.426555
2026/02/04/14:04:12,apply-time,rs-001261-gxvdp,6a4d3085-dc33-4530-8cf9-b3484a31a500,1,2356.426555
2026/02/04/14:04:12,running-time,rs-001261-gxvdp,6a4d3085-dc33-4530-8cf9-b3484a31a500,1,2356.426555
2026/02/04/14:04:16,apply-time,rs-001262-dxjrb,32c6bea9-56ac-455e-a612-995f24212eb5,2,2360.426555
2026/02/04/14:04:16,running-time,rs-001262-dxjrb,32c6bea9-56ac-455e-a612-995f24212eb5,2,2360.426555
2026/02/04/14:04:16,apply-time,rs-001262-g2vtb,ba57b811-d926-4090-9a2b-ab9ac46f80d9,2,2360.426555
2026/02/04/14:04:16,running-time,rs-001262-g2vtb,ba57b811-d926-4090-9a2b-ab9ac46f80d9,2,2360.426555
2026/02/04/14:04:16,apply-time,rs-001263-g5k2v,680a4f9f-a782-4366-ba90-3186bf74f653,3,2360.426555
2026/02/04/14:04:16,running-time,rs-001263-g5k2v,680a4f9f-a782-4366-ba90-3186bf74f653,3,2360.426555
2026/02/04/14:04:17,apply-time,rs-001264-bzdp7,f916304e-75c4-4456-91ab-ff5982dee817,2,2361.426555
2026/02/04/14:04:17,running-time,rs-001264-bzdp7,f916304e-75c4-4456-91ab-ff5982dee817,2,2361.426555
2026/02/04/14:04:17,apply-time,rs-001265-lv7qp,2e3c1d36-3a66-449e-80aa-7da7e7dfc338,2,2361.426555
2026/02/04/14:04:17,running-time,rs-001265-lv7qp,2e3c1d36-3a66-449e-80aa-7da7e7dfc338,2,2361.426555
2026/02/04/14:04:17,apply-time,rs-001266-4n772,b8636a3f-a76b-4e22-9be1-81898b332213,4,2361.426555
2026/02/04/14:04:17,running-time,rs-001266-4n772,b8636a3f-a76b-4e22-9be1-81898b332213,4,2361.426555
2026/02/04/14:04:17,apply-time,rs-001266-7sxx2,422e0345-b29a-4909-a745-87fe03e4dc3b,4,2361.426555
2026/02/04/14:04:17,running-time,rs-001266-7sxx2,422e0345-b29a-4909-a745-87fe03e4dc3b,4,2361.426555
2026/02/04/14:04:17,apply-time,rs-001266-qs992,2ba41b67-d70b-458d-80c9-f0048c0bcc2e,4,2361.426555
2026/02/04/14:04:17,running-time,rs-001266-qs992,2ba41b67-d70b-458d-80c9-f0048c0bcc2e,4,2361.426555
2026/02/04/14:04:18,apply-time,rs-001267-4qdl7,303cc9ec-c95b-42c6-b754-5535d6537dff,2,2362.426555
2026/02/04/14:04:18,apply-time,rs-001267-j7g8q,716b2535-24a7-4c86-a2f5-5c19a19f4da9,2,2362.426555
2026/02/04/14:04:18,apply-time,rs-001268-pnz84,5931d456-637e-48d3-b300-df756fed33ba,2,2362.426555
2026/02/04/14:04:18,running-time,rs-001268-pnz84,5931d456-637e-48d3-b300-df756fed33ba,2,2362.426555
2026/02/04/14:04:18,apply-time,rs-001268-xhdpx,15ebff91-4108-4a6b-ad24-ccb00b0ef461,2,2362.426555
2026/02/04/14:04:18,running-time,rs-001268-xhdpx,15ebff91-4108-4a6b-ad24-ccb00b0ef461,2,2362.426555
2026/02/04/14:04:19,apply-time,rs-001269-67p22,97fb1766-8ab2-49a0-8353-034406019d84,3,2363.426555
2026/02/04/14:04:19,running-time,rs-001269-67p22,97fb1766-8ab2-49a0-8353-034406019d84,3,2363.426555
2026/02/04/14:04:19,apply-time,rs-001269-cjprr,fc0b9243-30f5-43e6-a705-ac9cec2c0f1d,3,2363.426555
2026/02/04/14:04:19,running-time,rs-001269-cjprr,fc0b9243-30f5-43e6-a705-ac9cec2c0f1d,3,2363.426555
2026/02/04/14:04:19,apply-time,rs-001269-tgqgg,108bc8cb-5a97-45e1-b82b-54dd64a01c80,3,2363.426555
2026/02/04/14:04:19,running-time,rs-001269-tgqgg,108bc8cb-5a97-45e1-b82b-54dd64a01c80,3,2363.426555
2026/02/04/14:04:20,running-time,rs-001267-4qdl7,303cc9ec-c95b-42c6-b754-5535d6537dff,2,2364.426555
2026/02/04/14:04:23,apply-time,rs-001270-7bq92,fd750a80-9de6-4022-a220-ac15085661b7,4,2367.426555
2026/02/04/14:04:23,running-time,rs-001270-7bq92,fd750a80-9de6-4022-a220-ac15085661b7,4,2367.426555
2026/02/04/14:04:23,apply-time,rs-001270-g4tss,b55d10f6-cabe-42ce-b8f3-fb9358da65d8,4,2367.426555
2026/02/04/14:04:23,running-time,rs-001270-g4tss,b55d10f6-cabe-42ce-b8f3-fb9358da65d8,4,2367.426555
2026/02/04/14:04:23,apply-time,rs-001270-st2bn,c4f64e7a-841b-438d-aa31-7983c7566c15,4,2367.426555
2026/02/04/14:04:23,running-time,rs-001270-st2bn,c4f64e7a-841b-438d-aa31-7983c7566c15,4,2367.426555
2026/02/04/14:04:23,apply-time,rs-001271-p5mlv,8ce04ae0-fade-4348-876b-ca2d561c5024,3,2367.426555
2026/02/04/14:04:23,running-time,rs-001271-p5mlv,8ce04ae0-fade-4348-876b-ca2d561c5024,3,2367.426555
2026/02/04/14:04:23,apply-time,rs-001272-8sfqd,9f63f575-f03e-427d-936e-ed7bb3f046fc,1,2367.426555
2026/02/04/14:04:23,running-time,rs-001272-8sfqd,9f63f575-f03e-427d-936e-ed7bb3f046fc,1,2367.426555
2026/02/04/14:04:23,apply-time,rs-001273-9gvkn,c01a5a1e-bf06-43ec-bcea-bb936ea325b1,1,2367.426555
2026/02/04/14:04:23,running-time,rs-001273-9gvkn,c01a5a1e-bf06-43ec-bcea-bb936ea325b1,1,2367.426555
2026/02/04/14:04:23,apply-time,rs-001273-9mj84,58b443d2-2910-4560-9387-de27a7f915d3,1,2367.426555
2026/02/04/14:04:23,running-time,rs-001273-9mj84,58b443d2-2910-4560-9387-de27a7f915d3,1,2367.426555
2026/02/04/14:04:23,apply-time,rs-001273-d9b7c,aff3be1f-10e3-4125-9eb1-eabf8558675d,1,2367.426555
2026/02/04/14:04:23,running-time,rs-001273-d9b7c,aff3be1f-10e3-4125-9eb1-eabf8558675d,1,2367.426555
2026/02/04/14:04:27,running-time,rs-001267-j7g8q,716b2535-24a7-4c86-a2f5-5c19a19f4da9,2,2371.426555
2026/02/04/14:04:39,apply-time,rs-001274-fjmcf,782969b6-386e-40f7-8d4e-5ba11f3dad91,3,2383.426555
2026/02/04/14:04:39,running-time,rs-001274-fjmcf,782969b6-386e-40f7-8d4e-5ba11f3dad91,3,2383.426555
2026/02/04/14:04:39,apply-time,rs-001274-kxs4c,133b57e0-eb72-4b99-a1ad-517b7ea6ed1d,3,2383.426555
2026/02/04/14:04:39,running-time,rs-001274-kxs4c,133b57e0-eb72-4b99-a1ad-517b7ea6ed1d,3,2383.426555
2026/02/04/14:04:39,apply-time,rs-001274-xhvrp,b9861f02-e92f-4627-92f9-1b6c1de93f3b,3,2383.426555
2026/02/04/14:04:39,running-time,rs-001274-xhvrp,b9861f02-e92f-4627-92f9-1b6c1de93f3b,3,2383.426555
2026/02/04/14:04:39,apply-time,rs-001275-j5xlk,e77caed2-78af-4044-a9bb-359ca75df990,2,2383.426555
2026/02/04/14:04:39,running-time,rs-001275-j5xlk,e77caed2-78af-4044-a9bb-359ca75df990,2,2383.426555
2026/02/04/14:04:39,apply-time,rs-001276-22rfh,a74077aa-1e47-4320-8a08-eaadda4e38a8,1,2383.426555
2026/02/04/14:04:39,running-time,rs-001276-22rfh,a74077aa-1e47-4320-8a08-eaadda4e38a8,1,2383.426555
2026/02/04/14:04:39,apply-time,rs-001277-6wrfz,574482ba-71ec-4081-b50b-537b292abe72,1,2383.426555
2026/02/04/14:04:39,running-time,rs-001277-6wrfz,574482ba-71ec-4081-b50b-537b292abe72,1,2383.426555
2026/02/04/14:04:39,apply-time,rs-001277-7jcs8,a4642702-b39b-41a1-b7c0-32c80e42caa5,1,2383.426555
2026/02/04/14:04:39,running-time,rs-001277-7jcs8,a4642702-b39b-41a1-b7c0-32c80e42caa5,1,2383.426555
2026/02/04/14:04:39,apply-time,rs-001278-d6l7s,be0ce04a-9e95-46df-a400-b45aaf952b46,4,2383.426555
2026/02/04/14:04:39,apply-time,rs-001279-qk95f,3e8641e8-748f-4c97-828a-67cc7973aa8c,2,2383.426555
2026/02/04/14:04:39,running-time,rs-001279-qk95f,3e8641e8-748f-4c97-828a-67cc7973aa8c,2,2383.426555
2026/02/04/14:04:39,apply-time,rs-001280-lk4sg,0091703d-863f-4a95-946f-39d88decaa38,1,2383.426555
2026/02/04/14:04:39,running-time,rs-001280-lk4sg,0091703d-863f-4a95-946f-39d88decaa38,1,2383.426555
2026/02/04/14:04:39,apply-time,rs-001280-md4rq,ed6fe20d-49cc-4bfc-a627-e2f9eb0b26be,1,2383.426555
2026/02/04/14:04:39,running-time,rs-001280-md4rq,ed6fe20d-49cc-4bfc-a627-e2f9eb0b26be,1,2383.426555
2026/02/04/14:04:39,apply-time,rs-001280-s299x,8d41a3b4-95f4-4c40-9547-a7b3ce1b227d,1,2383.426555
2026/02/04/14:04:39,running-time,rs-001280-s299x,8d41a3b4-95f4-4c40-9547-a7b3ce1b227d,1,2383.426555
2026/02/04/14:04:39,apply-time,rs-001281-vpwjc,d91800f2-79a8-49f0-9994-5a68f956292d,1,2383.426555
2026/02/04/14:04:39,apply-time,rs-001282-ttn45,87e617df-9da1-4bef-bc03-be6dbede33db,1,2383.426555
2026/02/04/14:04:39,apply-time,rs-001283-6rjfd,e8a983f6-4104-4000-8ccf-d5f8633548f8,3,2383.426555
2026/02/04/14:04:40,apply-time,rs-001282-gvqmk,b7230b82-e027-4764-931f-cd52f00cd625,1,2384.426555
2026/02/04/14:04:40,running-time,rs-001283-6rjfd,e8a983f6-4104-4000-8ccf-d5f8633548f8,3,2383.426555
2026/02/04/14:04:40,apply-time,rs-001283-gdtzg,3aec2e8f-dd66-47b8-9fbd-fd68e8e22a38,3,2384.426555
2026/02/04/14:04:40,running-time,rs-001283-gdtzg,3aec2e8f-dd66-47b8-9fbd-fd68e8e22a38,3,2384.426555
2026/02/04/14:04:40,apply-time,rs-001284-n78lh,506bf55d-c776-41a7-b459-1d547a53422e,1,2384.426555
2026/02/04/14:04:40,apply-time,rs-001285-jdttw,1da71cf4-187a-484c-a730-c00f76325e5d,1,2384.426555
2026/02/04/14:04:40,running-time,rs-001285-jdttw,1da71cf4-187a-484c-a730-c00f76325e5d,1,2384.426555
2026/02/04/14:04:40,apply-time,rs-001286-kn2nm,32bcf811-c07b-4b11-960b-96b5a8b13d37,2,2384.426555
2026/02/04/14:04:41,running-time,rs-001281-vpwjc,d91800f2-79a8-49f0-9994-5a68f956292d,1,2385.426555
2026/02/04/14:04:41,running-time,rs-001286-kn2nm,32bcf811-c07b-4b11-960b-96b5a8b13d37,2,2385.426555
2026/02/04/14:04:42,running-time,rs-001284-n78lh,506bf55d-c776-41a7-b459-1d547a53422e,1,2385.426555
2026/02/04/14:04:48,apply-time,rs-001287-rhp2h,4509bf3e-8c90-4aa3-ba7f-f5cfa8bde3ab,2,2392.426555
2026/02/04/14:04:48,running-time,rs-001287-rhp2h,4509bf3e-8c90-4aa3-ba7f-f5cfa8bde3ab,2,2392.426555
2026/02/04/14:04:48,apply-time,rs-001288-6npzb,58c5ca78-99cc-4481-b8b5-0b847d96d760,2,2392.426555
2026/02/04/14:04:48,running-time,rs-001288-6npzb,58c5ca78-99cc-4481-b8b5-0b847d96d760,2,2392.426555
2026/02/04/14:04:49,apply-time,rs-001289-72dvr,13578830-8b59-4659-9e9d-edd1b37b70dd,3,2393.426555
2026/02/04/14:04:49,running-time,rs-001289-72dvr,13578830-8b59-4659-9e9d-edd1b37b70dd,3,2393.426555
2026/02/04/14:04:49,apply-time,rs-001289-b6wl7,58e68617-060c-4b30-b1aa-3312412a6e08,3,2393.426555
2026/02/04/14:04:49,running-time,rs-001289-b6wl7,58e68617-060c-4b30-b1aa-3312412a6e08,3,2393.426555
2026/02/04/14:04:49,apply-time,rs-001289-dqxjd,2cc536ba-3759-40f5-8d71-dbe4c7deb3b7,3,2393.426555
2026/02/04/14:04:49,running-time,rs-001289-dqxjd,2cc536ba-3759-40f5-8d71-dbe4c7deb3b7,3,2393.426555
2026/02/04/14:04:53,apply-time,rs-001290-b7pfg,2ddd11d4-590e-4b97-bf0a-3014a9d95cf9,4,2397.426555
2026/02/04/14:04:53,apply-time,rs-001291-4zpf8,675179f1-2a2a-4ade-a368-c2e43371897e,2,2397.426555
2026/02/04/14:04:53,running-time,rs-001291-4zpf8,675179f1-2a2a-4ade-a368-c2e43371897e,2,2397.426555
2026/02/04/14:04:53,apply-time,rs-001291-st8pz,b6d42001-d35d-4adf-bda0-37ceb953a216,2,2397.426555
2026/02/04/14:04:53,running-time,rs-001291-st8pz,b6d42001-d35d-4adf-bda0-37ceb953a216,2,2397.426555
2026/02/04/14:04:53,apply-time,rs-001292-f6bh9,37845ca9-6bbf-4240-9d41-f2d8042f48ff,1,2397.426555
2026/02/04/14:04:53,running-time,rs-001292-f6bh9,37845ca9-6bbf-4240-9d41-f2d8042f48ff,1,2397.426555
2026/02/04/14:04:53,apply-time,rs-001292-fkvwv,38fee873-b1d8-4225-b9dc-1508e52e93c4,1,2397.426555
2026/02/04/14:04:53,running-time,rs-001292-fkvwv,38fee873-b1d8-4225-b9dc-1508e52e93c4,1,2397.426555
2026/02/04/14:04:54,apply-time,rs-001293-7m6tg,83484f02-c2a5-44c5-bc4b-3274ad7275ae,1,2398.426555
2026/02/04/14:04:54,running-time,rs-001293-7m6tg,83484f02-c2a5-44c5-bc4b-3274ad7275ae,1,2398.426555
2026/02/04/14:04:54,apply-time,rs-001293-bwvrl,54e4fa64-b9a7-40b0-bd1d-3d6e60fce688,1,2398.426555
2026/02/04/14:04:54,running-time,rs-001293-bwvrl,54e4fa64-b9a7-40b0-bd1d-3d6e60fce688,1,2398.426555
2026/02/04/14:04:54,apply-time,rs-001293-k9s9k,e8b7996c-e072-4144-8d83-3fafbf8ff411,1,2398.426555
2026/02/04/14:04:54,running-time,rs-001293-k9s9k,e8b7996c-e072-4144-8d83-3fafbf8ff411,1,2398.426555
2026/02/04/14:04:54,apply-time,rs-001294-mpdc2,f7a4f6c2-2bf3-4416-b243-8b82c9973d23,4,2398.426555
2026/02/04/14:04:54,running-time,rs-001294-mpdc2,f7a4f6c2-2bf3-4416-b243-8b82c9973d23,4,2398.426555
2026/02/04/14:04:54,apply-time,rs-001294-rbcv4,59eceaf9-3c53-46d1-be76-9d62ca46ce81,4,2398.426555
2026/02/04/14:04:54,running-time,rs-001294-rbcv4,59eceaf9-3c53-46d1-be76-9d62ca46ce81,4,2398.426555
2026/02/04/14:04:54,apply-time,rs-001294-sh4c2,4fb79840-bb66-4c53-8a5a-c45099761421,4,2398.426555
2026/02/04/14:04:54,running-time,rs-001294-sh4c2,4fb79840-bb66-4c53-8a5a-c45099761421,4,2398.426555
2026/02/04/14:04:54,apply-time,rs-001295-mzklm,e653ab37-7769-4154-8bdf-a9fe16c09991,3,2398.426555
2026/02/04/14:04:54,running-time,rs-001295-mzklm,e653ab37-7769-4154-8bdf-a9fe16c09991,3,2398.426555
2026/02/04/14:04:54,apply-time,rs-001296-56vz2,d0f1a9ff-25c8-4770-870c-f25638b401cf,4,2398.426555
2026/02/04/14:04:58,running-time,rs-001296-56vz2,d0f1a9ff-25c8-4770-870c-f25638b401cf,4,2402.426555
2026/02/04/14:05:04,apply-time,rs-001297-29g7j,c517d1f3-8d0d-45c3-affa-b033103943ce,3,2408.426555
2026/02/04/14:05:04,running-time,rs-001297-29g7j,c517d1f3-8d0d-45c3-affa-b033103943ce,3,2408.426555
2026/02/04/14:05:04,apply-time,rs-001297-hhxcn,f4a3a232-77e0-453a-859c-e59ca4f99b87,3,2408.426555
2026/02/04/14:05:04,running-time,rs-001297-hhxcn,f4a3a232-77e0-453a-859c-e59ca4f99b87,3,2408.426555
2026/02/04/14:05:04,apply-time,rs-001298-9rsq8,950ce003-7769-4fb8-a0c8-1b92ad60487f,4,2408.426555
2026/02/04/14:05:04,running-time,rs-001298-9rsq8,950ce003-7769-4fb8-a0c8-1b92ad60487f,4,2408.426555
2026/02/04/14:05:06,apply-time,rs-001299-7txf9,9992d58a-c910-4bb4-9228-1ae35796e6dd,2,2410.426555
2026/02/04/14:05:06,running-time,rs-001299-7txf9,9992d58a-c910-4bb4-9228-1ae35796e6dd,2,2410.426555
2026/02/04/14:05:06,apply-time,rs-001299-g46tv,d734a655-306d-4338-a502-31e283b22430,2,2410.426555
2026/02/04/14:05:06,apply-time,rs-001299-jmlgs,ec777bfb-cd83-47cf-abe8-1a7238405c0b,2,2410.426555
2026/02/04/14:05:06,apply-time,rs-001300-lx82w,a7e8139f-5c13-4f22-98f3-18ef9e4664fa,1,2410.426555
2026/02/04/14:05:06,running-time,rs-001300-lx82w,a7e8139f-5c13-4f22-98f3-18ef9e4664fa,1,2410.426555
2026/02/04/14:05:06,apply-time,rs-001301-mz74v,08094af5-86a3-44ab-8c3d-2907f25558ac,4,2410.426555
2026/02/04/14:05:06,apply-time,rs-001301-nvcc4,a08af062-3397-48e2-8f15-28c64a1ced37,4,2410.426555
2026/02/04/14:05:06,apply-time,rs-001301-sz2cf,9e7dfaeb-5191-4685-a5ec-03f5ee906775,4,2410.426555
2026/02/04/14:05:06,apply-time,rs-001302-cm9d2,e35c3728-63bf-4ef9-b523-0f7927749bc0,1,2410.426555
2026/02/04/14:05:06,apply-time,rs-001302-j8xrx,882a1522-960e-4b3d-b19c-048d16ddfd9d,1,2410.426555
2026/02/04/14:05:06,apply-time,rs-001303-h2tf5,4bd58160-437f-410d-a12a-ed960b53c8c4,2,2410.426555
2026/02/04/14:05:07,running-time,rs-001299-g46tv,d734a655-306d-4338-a502-31e283b22430,2,2411.426555
2026/02/04/14:05:07,running-time,rs-001299-jmlgs,ec777bfb-cd83-47cf-abe8-1a7238405c0b,2,2411.426555
2026/02/04/14:05:07,apply-time,rs-001304-czgk7,cae17cdc-7260-4da9-8e2d-a6a638e80ea4,3,2411.426555
2026/02/04/14:05:07,running-time,rs-001304-czgk7,cae17cdc-7260-4da9-8e2d-a6a638e80ea4,3,2411.426555
2026/02/04/14:05:07,apply-time,rs-001304-xcz6t,cd771627-4e3f-4b11-8e3a-a6dd35000c9f,3,2411.426555
2026/02/04/14:05:07,running-time,rs-001304-xcz6t,cd771627-4e3f-4b11-8e3a-a6dd35000c9f,3,2411.426555
2026/02/04/14:05:07,apply-time,rs-001305-tbpq5,94b5cddb-968e-4033-946d-70d71016d902,1,2411.426555
2026/02/04/14:05:07,running-time,rs-001305-tbpq5,94b5cddb-968e-4033-946d-70d71016d902,1,2411.426555
2026/02/04/14:05:07,apply-time,rs-001306-f249d,85b0db4e-ce66-49f2-8010-084a27e24168,1,2411.426555
2026/02/04/14:05:07,running-time,rs-001306-f249d,85b0db4e-ce66-49f2-8010-084a27e24168,1,2411.426555
2026/02/04/14:05:07,apply-time,rs-001307-pm8dg,9bf51d6b-3639-4577-81c0-c6f23d511716,1,2411.426555
2026/02/04/14:05:07,apply-time,rs-001308-fjcbm,5fddbcf4-9a9c-45bf-8e71-a6933596b9d7,2,2411.426555
2026/02/04/14:05:07,running-time,rs-001308-fjcbm,5fddbcf4-9a9c-45bf-8e71-a6933596b9d7,2,2411.426555
2026/02/04/14:05:07,apply-time,rs-001308-mhl6j,8d2a2749-75c6-4e39-a4a3-d8de17e6ee0d,2,2411.426555
2026/02/04/14:05:07,running-time,rs-001308-mhl6j,8d2a2749-75c6-4e39-a4a3-d8de17e6ee0d,2,2411.426555
2026/02/04/14:05:07,apply-time,rs-001309-hcb2k,f36dcfa8-c4cd-47f5-9fa5-314631f9d0ff,2,2411.426555
2026/02/04/14:05:07,running-time,rs-001309-hcb2k,f36dcfa8-c4cd-47f5-9fa5-314631f9d0ff,2,2411.426555
2026/02/04/14:05:07,apply-time,rs-001309-zwhbh,c2b65e46-aa8d-4dc2-bd18-21c98d8574dd,2,2411.426555
2026/02/04/14:05:07,running-time,rs-001309-zwhbh,c2b65e46-aa8d-4dc2-bd18-21c98d8574dd,2,2411.426555
2026/02/04/14:05:08,apply-time,rs-001307-jbf4v,18e94299-7ee1-4e0c-adc1-39fc8a194055,1,2412.426555
2026/02/04/14:05:08,apply-time,rs-001307-ncxvb,91865dbf-4792-4c72-855d-cf315d348393,1,2412.426555
2026/02/04/14:05:09,apply-time,rs-001310-pf4ft,971d692c-ac50-4781-8fb5-73b5da8a9208,1,2413.426555
2026/02/04/14:05:09,running-time,rs-001310-pf4ft,971d692c-ac50-4781-8fb5-73b5da8a9208,1,2413.426555
2026/02/04/14:05:09,apply-time,rs-001311-5h2ds,af03c788-82f1-4670-9fe2-3b036af8d0c4,2,2413.426555
2026/02/04/14:05:09,running-time,rs-001311-5h2ds,af03c788-82f1-4670-9fe2-3b036af8d0c4,2,2413.426555
2026/02/04/14:05:09,apply-time,rs-001312-mkgq4,4902eb64-58b7-4b06-a467-c069ee4775c3,1,2413.426555
2026/02/04/14:05:09,running-time,rs-001312-mkgq4,4902eb64-58b7-4b06-a467-c069ee4775c3,1,2413.426555
2026/02/04/14:05:09,apply-time,rs-001312-wslc4,259b7129-8e39-4a5f-b0ed-68f952e1e7e8,1,2413.426555
2026/02/04/14:05:09,apply-time,rs-001313-g8sfx,cf7f0c2c-e42d-4f21-a676-7b7efcdbb742,2,2413.426555
2026/02/04/14:05:09,running-time,rs-001313-g8sfx,cf7f0c2c-e42d-4f21-a676-7b7efcdbb742,2,2413.426555
2026/02/04/14:05:10,running-time,rs-001312-wslc4,259b7129-8e39-4a5f-b0ed-68f952e1e7e8,1,2414.426555
2026/02/04/14:05:10,apply-time,rs-001314-dlpm7,67c74a5b-29d0-488b-8575-e402cc4c09df,2,2414.426555
2026/02/04/14:05:10,running-time,rs-001314-dlpm7,67c74a5b-29d0-488b-8575-e402cc4c09df,2,2414.426555
2026/02/04/14:05:10,apply-time,rs-001315-clpdw,9d619d38-a96e-44eb-92a3-91c0ab7443b2,4,2414.426555
2026/02/04/14:05:10,running-time,rs-001315-clpdw,9d619d38-a96e-44eb-92a3-91c0ab7443b2,4,2414.426555
2026/02/04/14:05:10,apply-time,rs-001315-p52ws,cf06744b-f2e3-4edd-bae3-2c96630c0c05,4,2414.426555
2026/02/04/14:05:10,running-time,rs-001315-p52ws,cf06744b-f2e3-4edd-bae3-2c96630c0c05,4,2414.426555
2026/02/04/14:05:10,apply-time,rs-001316-g5d72,74d0d871-5d9e-455a-b106-6e103da14b23,2,2414.426555
2026/02/04/14:05:10,apply-time,rs-001316-mdzx4,bc67fb02-ce04-4344-b4e6-c16b7fdf2273,2,2414.426555
2026/02/04/14:05:11,running-time,rs-001316-g5d72,74d0d871-5d9e-455a-b106-6e103da14b23,2,2415.426555
2026/02/04/14:05:11,apply-time,rs-001316-rfnx6,7640cb0d-29a0-484d-b006-f138938d0cdf,2,2415.426555
2026/02/04/14:05:11,apply-time,rs-001317-gdlgk,1098361f-6881-4bb4-ba18-e653adebba2d,2,2415.426555
2026/02/04/14:05:11,running-time,rs-001317-gdlgk,1098361f-6881-4bb4-ba18-e653adebba2d,2,2415.426555
2026/02/04/14:05:11,apply-time,rs-001318-r848l,8b95461c-4d22-4fa9-b969-831b46946366,4,2415.426555
2026/02/04/14:05:11,apply-time,rs-001318-w6vm8,365dc378-13ed-49e5-bc44-0828bb8b26a6,4,2415.426555
2026/02/04/14:05:11,running-time,rs-001318-w6vm8,365dc378-13ed-49e5-bc44-0828bb8b26a6,4,2415.426555
2026/02/04/14:05:13,running-time,rs-001318-r848l,8b95461c-4d22-4fa9-b969-831b46946366,4,2417.426555
2026/02/04/14:05:13,apply-time,rs-001319-278xg,f8d77bc2-ce87-4301-9b5f-c37103700842,2,2417.426555
2026/02/04/14:05:13,running-time,rs-001319-278xg,f8d77bc2-ce87-4301-9b5f-c37103700842,2,2417.426555
2026/02/04/14:05:13,apply-time,rs-001319-4kz8p,fe2e694f-2384-488d-8448-756c036bacfe,2,2417.426555
2026/02/04/14:05:13,running-time,rs-001319-4kz8p,fe2e694f-2384-488d-8448-756c036bacfe,2,2417.426555
2026/02/04/14:05:13,apply-time,rs-001320-2pdjm,2dc3ce64-89fe-465c-b5b2-b6fc918ea8d9,3,2417.426555
2026/02/04/14:05:13,running-time,rs-001320-2pdjm,2dc3ce64-89fe-465c-b5b2-b6fc918ea8d9,3,2417.426555
2026/02/04/14:05:13,apply-time,rs-001321-b62jq,781ae3d1-c010-4b14-ac82-f06596a54131,2,2417.426555
2026/02/04/14:05:13,running-time,rs-001321-b62jq,781ae3d1-c010-4b14-ac82-f06596a54131,2,2417.426555
2026/02/04/14:05:13,apply-time,rs-001321-mb7m8,7077e3ca-d04a-4513-86fa-70a20e3922b6,2,2417.426555
2026/02/04/14:05:13,running-time,rs-001321-mb7m8,7077e3ca-d04a-4513-86fa-70a20e3922b6,2,2417.426555
2026/02/04/14:05:13,apply-time,rs-001321-t8lv5,2c155726-6e42-4c51-b86f-d36b177d86a8,2,2417.426555
2026/02/04/14:05:13,running-time,rs-001321-t8lv5,2c155726-6e42-4c51-b86f-d36b177d86a8,2,2417.426555
2026/02/04/14:05:13,apply-time,rs-001322-fl88g,f8bcb4c8-cdad-4c53-9af5-cdb5329dfacc,1,2417.426555
2026/02/04/14:05:14,apply-time,rs-001323-8v9lm,75bbdeeb-a9e4-4a2e-8f55-d09094ae12c2,1,2418.426555
2026/02/04/14:05:14,apply-time,rs-001323-bl8cw,c572f93c-f433-43e0-a185-8bdf56501d5b,1,2418.426555
2026/02/04/14:05:14,apply-time,rs-001323-xv6xj,6cd91a75-df5f-46a6-8a06-e91ee951f4c3,1,2418.426555
2026/02/04/14:05:15,apply-time,rs-001324-vq8kz,a8f6e6ec-aa10-4d4a-8f8f-132bb7a00f5d,3,2419.426555
2026/02/04/14:05:15,running-time,rs-001324-vq8kz,a8f6e6ec-aa10-4d4a-8f8f-132bb7a00f5d,3,2419.426555
2026/02/04/14:05:16,apply-time,rs-001325-vvd24,50af5d18-af1d-4dac-94dc-1e6985b49110,3,2420.426555
2026/02/04/14:05:16,apply-time,rs-001326-fkgx5,d510ee1c-5e1e-4f30-9f4c-d644b93d2729,3,2420.426555
2026/02/04/14:05:16,apply-time,rs-001327-w7rrd,34955f92-2e8b-44e5-b389-3ffa9a3d3794,3,2420.426555
2026/02/04/14:05:16,running-time,rs-001327-w7rrd,34955f92-2e8b-44e5-b389-3ffa9a3d3794,3,2420.426555
2026/02/04/14:05:16,apply-time,rs-001328-7t8nb,bacb14c6-e397-418c-9dd3-ad8b50e46189,4,2420.426555
2026/02/04/14:05:16,running-time,rs-001328-7t8nb,bacb14c6-e397-418c-9dd3-ad8b50e46189,4,2420.426555
2026/02/04/14:05:16,apply-time,rs-001328-8fp5q,2ac2e2e6-9391-4533-a86b-4540d4b0342c,4,2420.426555
2026/02/04/14:05:16,running-time,rs-001328-8fp5q,2ac2e2e6-9391-4533-a86b-4540d4b0342c,4,2420.426555
2026/02/04/14:05:16,apply-time,rs-001329-dccqr,fe8456c8-7b82-4074-8ad2-2ece5fdebefc,4,2420.426555
2026/02/04/14:05:16,running-time,rs-001329-dccqr,fe8456c8-7b82-4074-8ad2-2ece5fdebefc,4,2420.426555
2026/02/04/14:05:16,apply-time,rs-001329-qns68,8da7c991-4940-4a44-94fe-0d32b887e1b9,4,2420.426555
2026/02/04/14:05:16,running-time,rs-001329-qns68,8da7c991-4940-4a44-94fe-0d32b887e1b9,4,2420.426555
2026/02/04/14:05:16,apply-time,rs-001329-smvfd,10ffa366-cc50-4ed6-b8cf-a7dd85bb65d8,4,2420.426555
2026/02/04/14:05:16,running-time,rs-001329-smvfd,10ffa366-cc50-4ed6-b8cf-a7dd85bb65d8,4,2420.426555
2026/02/04/14:05:18,running-time,rs-001326-fkgx5,d510ee1c-5e1e-4f30-9f4c-d644b93d2729,3,2422.426555
2026/02/04/14:05:31,running-time,rs-001303-h2tf5,4bd58160-437f-410d-a12a-ed960b53c8c4,2,2435.426555
2026/02/04/14:05:40,apply-time,rs-001330-dkqnz,2830f0bc-5294-4f96-9353-96085a241266,3,2444.426555
2026/02/04/14:05:40,running-time,rs-001330-dkqnz,2830f0bc-5294-4f96-9353-96085a241266,3,2444.426555
2026/02/04/14:05:42,apply-time,rs-001331-24f7j,536ac82c-9279-42b3-8c1f-8fbf8cbc582d,1,2446.426555
2026/02/04/14:05:42,running-time,rs-001331-24f7j,536ac82c-9279-42b3-8c1f-8fbf8cbc582d,1,2446.426555
2026/02/04/14:05:42,apply-time,rs-001332-gtgxn,e779b543-73d6-4501-a4fd-c8858113d687,1,2446.426555
2026/02/04/14:05:42,apply-time,rs-001332-htczj,135c0a04-fba1-4ed8-bd1f-9148313ba399,1,2446.426555
2026/02/04/14:05:42,apply-time,rs-001333-6n7wg,1510b6ec-b4ec-431b-955b-391edb235f5a,1,2446.426555
2026/02/04/14:05:42,running-time,rs-001333-6n7wg,1510b6ec-b4ec-431b-955b-391edb235f5a,1,2446.426555
2026/02/04/14:05:42,apply-time,rs-001334-v2dlc,e7e0d1da-1949-4b9f-93f9-92dc0e5c89dd,1,2446.426555
2026/02/04/14:05:42,running-time,rs-001334-v2dlc,e7e0d1da-1949-4b9f-93f9-92dc0e5c89dd,1,2446.426555
2026/02/04/14:05:42,apply-time,rs-001335-9w7bm,e3621e2d-f1f8-42a7-abb8-1367ff82de89,1,2446.426555
2026/02/04/14:05:42,running-time,rs-001335-9w7bm,e3621e2d-f1f8-42a7-abb8-1367ff82de89,1,2446.426555
2026/02/04/14:05:43,apply-time,rs-001336-jgm4c,6355306e-9c7d-49c1-b1ee-0ee2e5a9d222,3,2447.426555
2026/02/04/14:05:43,running-time,rs-001336-jgm4c,6355306e-9c7d-49c1-b1ee-0ee2e5a9d222,3,2447.426555
2026/02/04/14:05:45,apply-time,rs-001337-2p6sb,5c11f4e0-f504-48a9-b119-089c470065f2,3,2449.426555
2026/02/04/14:05:45,running-time,rs-001337-2p6sb,5c11f4e0-f504-48a9-b119-089c470065f2,3,2449.426555
2026/02/04/14:05:45,apply-time,rs-001337-cb5mk,9a7be04f-ec41-4e3c-b1c0-689ccb0d3fa4,3,2449.426555
2026/02/04/14:05:45,running-time,rs-001337-cb5mk,9a7be04f-ec41-4e3c-b1c0-689ccb0d3fa4,3,2449.426555
2026/02/04/14:05:45,apply-time,rs-001337-v7l7b,884da48b-4ec0-41a5-bc4e-50eb750ed871,3,2449.426555
2026/02/04/14:05:45,running-time,rs-001337-v7l7b,884da48b-4ec0-41a5-bc4e-50eb750ed871,3,2449.426555
2026/02/04/14:06:00,apply-time,rs-001338-94rwn,379d4d08-8921-4a93-8743-b2e4d7e0bef9,1,2464.426555
2026/02/04/14:06:00,running-time,rs-001338-94rwn,379d4d08-8921-4a93-8743-b2e4d7e0bef9,1,2464.426555
2026/02/04/14:06:00,apply-time,rs-001338-9h6n4,dccff027-9ab4-4899-b9ad-a2427ea7e643,1,2464.426555
2026/02/04/14:06:00,running-time,rs-001338-9h6n4,dccff027-9ab4-4899-b9ad-a2427ea7e643,1,2464.426555
2026/02/04/14:06:00,apply-time,rs-001338-w9sms,1a303caf-924a-4368-91fb-167a62ac8a3e,1,2464.426555
2026/02/04/14:06:00,running-time,rs-001338-w9sms,1a303caf-924a-4368-91fb-167a62ac8a3e,1,2464.426555
2026/02/04/14:06:00,apply-time,rs-001339-gb99q,4e556c5c-3892-4081-a133-f50ce24b7de5,1,2464.426555
2026/02/04/14:06:00,running-time,rs-001339-gb99q,4e556c5c-3892-4081-a133-f50ce24b7de5,1,2464.426555
2026/02/04/14:06:00,apply-time,rs-001339-rf6bq,5e9dfa52-eae3-4a97-8c81-b8b848153485,1,2464.426555
2026/02/04/14:06:00,apply-time,rs-001339-v9p97,0570fe7d-23d8-4a52-96ee-e3292dac7e8e,1,2464.426555
2026/02/04/14:06:00,running-time,rs-001339-v9p97,0570fe7d-23d8-4a52-96ee-e3292dac7e8e,1,2464.426555
2026/02/04/14:06:00,apply-time,rs-001340-42n9j,01c630e7-c87f-4e8d-9633-852c8b38d19d,2,2464.426555
2026/02/04/14:06:00,running-time,rs-001340-42n9j,01c630e7-c87f-4e8d-9633-852c8b38d19d,2,2464.426555
2026/02/04/14:06:08,running-time,rs-001339-rf6bq,5e9dfa52-eae3-4a97-8c81-b8b848153485,1,2472.426555
2026/02/04/14:06:13,apply-time,rs-001341-8hpwx,bff8262a-c1dc-4c71-ab5e-5d34d2e567b9,2,2476.426555
2026/02/04/14:06:13,running-time,rs-001341-8hpwx,bff8262a-c1dc-4c71-ab5e-5d34d2e567b9,2,2476.426555
2026/02/04/14:06:13,apply-time,rs-001341-z54nt,0ee08235-3e19-4e2a-bb8b-2b46906f84e5,2,2476.426555
2026/02/04/14:06:13,running-time,rs-001341-z54nt,0ee08235-3e19-4e2a-bb8b-2b46906f84e5,2,2476.426555
2026/02/04/14:06:13,apply-time,rs-001342-8fz5g,d2c60d3b-e842-4d5f-9423-53bcda56930c,1,2476.426555
2026/02/04/14:06:13,running-time,rs-001342-8fz5g,d2c60d3b-e842-4d5f-9423-53bcda56930c,1,2476.426555
2026/02/04/14:06:13,apply-time,rs-001343-jkd2d,b9b5b648-cd55-46c3-a6f6-40e6c5b5a633,1,2476.426555
2026/02/04/14:06:13,running-time,rs-001343-jkd2d,b9b5b648-cd55-46c3-a6f6-40e6c5b5a633,1,2476.426555
2026/02/04/14:06:13,apply-time,rs-001344-rvp9g,2c069be7-59f2-4f9c-9a54-6596fd7837b3,2,2476.426555
2026/02/04/14:06:13,apply-time,rs-001345-g8qhw,d54d3d51-b49e-4413-9157-fd18f15de277,1,2476.426555
2026/02/04/14:06:13,apply-time,rs-001346-6ql8h,e29434f3-4a50-4847-b92e-8fb9c1af11ed,3,2476.426555
2026/02/04/14:06:13,apply-time,rs-001346-wppn6,589afe41-bf26-46b5-be44-7da5358faa63,3,2476.426555
2026/02/04/14:06:13,apply-time,rs-001347-5qxjm,b2c1c1f4-03cd-4d8e-8ccf-ed9983ad7a57,3,2476.426555
2026/02/04/14:06:13,running-time,rs-001347-5qxjm,b2c1c1f4-03cd-4d8e-8ccf-ed9983ad7a57,3,2476.426555
2026/02/04/14:06:13,apply-time,rs-001347-dpz8r,93d3fa5a-bc6e-4187-bcab-b65b5133a831,3,2476.426555
2026/02/04/14:06:13,running-time,rs-001347-dpz8r,93d3fa5a-bc6e-4187-bcab-b65b5133a831,3,2476.426555
2026/02/04/14:06:13,apply-time,rs-001347-mbgjb,43d0a94f-f08b-4438-a504-07cac7e44f30,3,2476.426555
2026/02/04/14:06:13,running-time,rs-001347-mbgjb,43d0a94f-f08b-4438-a504-07cac7e44f30,3,2476.426555
2026/02/04/14:06:13,apply-time,rs-001348-5lc4b,44a89156-b6ce-4eff-a45d-9bb80070a4cc,3,2476.426555
2026/02/04/14:06:13,apply-time,rs-001348-86sw6,207f66ef-1f53-47b8-a0b6-ccb46410ab16,3,2476.426555
2026/02/04/14:06:13,apply-time,rs-001348-mdbl6,81e167cf-c617-4016-a4c0-4bca5e258713,3,2477.426555
2026/02/04/14:06:13,apply-time,rs-001349-p2gqc,6f36d77f-c37c-44c8-89ba-df4254335d82,2,2476.426555
2026/02/04/14:06:13,apply-time,rs-001350-f5zct,375c212b-ce7d-4373-a1a0-38284da5e918,3,2477.426555
2026/02/04/14:06:13,running-time,rs-001350-f5zct,375c212b-ce7d-4373-a1a0-38284da5e918,3,2477.426555
2026/02/04/14:06:13,apply-time,rs-001350-p8rbl,18c80432-bd7a-48ab-af8e-d0f0ad11380b,3,2476.426555
2026/02/04/14:06:13,running-time,rs-001350-p8rbl,18c80432-bd7a-48ab-af8e-d0f0ad11380b,3,2476.426555
2026/02/04/14:06:14,running-time,rs-001348-5lc4b,44a89156-b6ce-4eff-a45d-9bb80070a4cc,3,2477.426555
2026/02/04/14:06:14,apply-time,rs-001351-6tjss,71f3c7c6-8072-49c1-9312-84336d7b6ee7,2,2477.426555
2026/02/04/14:06:14,running-time,rs-001351-6tjss,71f3c7c6-8072-49c1-9312-84336d7b6ee7,2,2477.426555
2026/02/04/14:06:14,apply-time,rs-001351-q4mfh,dfa152fd-b0cf-4509-8fc2-05d36451ce0b,2,2477.426555
2026/02/04/14:06:14,running-time,rs-001351-q4mfh,dfa152fd-b0cf-4509-8fc2-05d36451ce0b,2,2477.426555
2026/02/04/14:06:14,apply-time,rs-001352-nnwx4,8ae4b004-09b5-44c2-9bdf-ea168bcc06aa,2,2477.426555
2026/02/04/14:06:14,running-time,rs-001352-nnwx4,8ae4b004-09b5-44c2-9bdf-ea168bcc06aa,2,2477.426555
2026/02/04/14:06:14,apply-time,rs-001353-6px9n,deb18419-78e4-4855-af3d-0ec39ef1ca80,4,2477.426555
2026/02/04/14:06:14,running-time,rs-001353-6px9n,deb18419-78e4-4855-af3d-0ec39ef1ca80,4,2477.426555
2026/02/04/14:06:14,apply-time,rs-001353-86gnf,70a5c63f-1e65-446b-b6d8-8e4ab3a8e500,4,2478.426555
2026/02/04/14:06:14,apply-time,rs-001353-ldggz,c8b990cb-8140-4678-839c-0efa7ce83050,4,2478.426555
2026/02/04/14:06:14,apply-time,rs-001354-64f9h,d07dd6b3-12f4-4cf8-bca4-a26ba40ac141,4,2477.426555
2026/02/04/14:06:14,running-time,rs-001354-64f9h,d07dd6b3-12f4-4cf8-bca4-a26ba40ac141,4,2477.426555
2026/02/04/14:06:14,apply-time,rs-001355-9lcpc,8830a8eb-bd8e-45d0-8f45-fc19da7f90d6,2,2477.426555
2026/02/04/14:06:14,apply-time,rs-001355-bvm57,3feb7d40-5f6d-45b6-b2c6-b8184bc8c7eb,2,2477.426555
2026/02/04/14:06:14,apply-time,rs-001355-qzm2f,ce10b4ea-4ab9-47cd-a15e-8bf047a42a12,2,2477.426555
2026/02/04/14:06:14,apply-time,rs-001356-mctc4,6f553bd1-1dd5-4633-8e97-1d1874bdf65d,1,2478.426555
2026/02/04/14:06:14,running-time,rs-001356-mctc4,6f553bd1-1dd5-4633-8e97-1d1874bdf65d,1,2478.426555
2026/02/04/14:06:15,running-time,rs-001348-86sw6,207f66ef-1f53-47b8-a0b6-ccb46410ab16,3,2478.426555
2026/02/04/14:06:15,running-time,rs-001353-86gnf,70a5c63f-1e65-446b-b6d8-8e4ab3a8e500,4,2478.426555
2026/02/04/14:06:15,running-time,rs-001353-ldggz,c8b990cb-8140-4678-839c-0efa7ce83050,4,2478.426555
2026/02/04/14:06:15,apply-time,rs-001357-p9mpl,34abe7f9-6d26-4947-b057-28c68add370f,2,2478.426555
2026/02/04/14:06:15,running-time,rs-001357-p9mpl,34abe7f9-6d26-4947-b057-28c68add370f,2,2478.426555
2026/02/04/14:06:16,running-time,rs-001346-wppn6,589afe41-bf26-46b5-be44-7da5358faa63,3,2479.426555
2026/02/04/14:06:18,running-time,rs-001346-6ql8h,e29434f3-4a50-4847-b92e-8fb9c1af11ed,3,2481.426555
2026/02/04/14:06:27,apply-time,rs-001358-22l8d,9ff3b31c-7a97-4b40-b3d9-15055b312d81,1,2490.426555
2026/02/04/14:06:27,running-time,rs-001358-22l8d,9ff3b31c-7a97-4b40-b3d9-15055b312d81,1,2491.426555
2026/02/04/14:06:27,apply-time,rs-001359-wqn2p,49552b97-c091-4eef-a16a-52c56794209d,4,2491.426555
2026/02/04/14:06:27,running-time,rs-001359-wqn2p,49552b97-c091-4eef-a16a-52c56794209d,4,2491.426555
2026/02/04/14:06:27,apply-time,rs-001359-zclvn,749c33d2-ccb6-4ef1-ab9b-7624f9cb4d64,4,2491.426555
2026/02/04/14:06:27,running-time,rs-001359-zclvn,749c33d2-ccb6-4ef1-ab9b-7624f9cb4d64,4,2491.426555
2026/02/04/14:06:27,apply-time,rs-001360-555md,4e0d5ecc-3cd9-4204-a021-03f4f719a728,3,2491.426555
2026/02/04/14:06:27,running-time,rs-001360-555md,4e0d5ecc-3cd9-4204-a021-03f4f719a728,3,2491.426555
2026/02/04/14:06:27,apply-time,rs-001360-srkrr,cf75e203-5601-4c9c-bb7f-491fee39b03f,3,2491.426555
2026/02/04/14:06:27,running-time,rs-001360-srkrr,cf75e203-5601-4c9c-bb7f-491fee39b03f,3,2491.426555
2026/02/04/14:06:27,apply-time,rs-001360-vl68t,f85433fc-c9dd-409b-8b49-d7c4ffee6a21,3,2491.426555
2026/02/04/14:06:27,running-time,rs-001360-vl68t,f85433fc-c9dd-409b-8b49-d7c4ffee6a21,3,2491.426555
2026/02/04/14:06:27,apply-time,rs-001361-x2m6h,c22874b8-6135-4205-90a5-af72e4681c8f,3,2491.426555
2026/02/04/14:06:27,running-time,rs-001361-x2m6h,c22874b8-6135-4205-90a5-af72e4681c8f,3,2491.426555
2026/02/04/14:06:27,apply-time,rs-001362-cbbns,1dd1de65-5a15-46e6-9cd7-da29a66ddd4c,1,2491.426555
2026/02/04/14:06:27,running-time,rs-001362-cbbns,1dd1de65-5a15-46e6-9cd7-da29a66ddd4c,1,2491.426555
2026/02/04/14:06:27,apply-time,rs-001362-ktdbk,778d9dfb-a427-4073-8cdc-4417f1680b4e,1,2491.426555
2026/02/04/14:06:27,running-time,rs-001362-ktdbk,778d9dfb-a427-4073-8cdc-4417f1680b4e,1,2491.426555
2026/02/04/14:06:28,apply-time,rs-001363-nchz4,d46f28d7-9d4a-4ccb-9311-0e48c6555356,1,2491.426555
2026/02/04/14:06:28,running-time,rs-001363-nchz4,d46f28d7-9d4a-4ccb-9311-0e48c6555356,1,2491.426555
2026/02/04/14:06:28,apply-time,rs-001364-7bm96,c6848eff-91f4-46ce-b22f-3f92fa7f597c,1,2491.426555
2026/02/04/14:06:28,running-time,rs-001364-7bm96,c6848eff-91f4-46ce-b22f-3f92fa7f597c,1,2491.426555
2026/02/04/14:06:28,apply-time,rs-001364-sq697,189aca31-9b83-423c-97b6-ba26ed9a11c5,1,2491.426555
2026/02/04/14:06:28,running-time,rs-001364-sq697,189aca31-9b83-423c-97b6-ba26ed9a11c5,1,2491.426555
2026/02/04/14:06:28,apply-time,rs-001365-8q4q2,bbdea70f-df9a-41b4-8313-58d7feb8eb2f,2,2491.426555
2026/02/04/14:06:28,apply-time,rs-001366-mw8rs,d448a00b-0159-4ab9-b119-7833923a925a,4,2492.426555
2026/02/04/14:06:28,running-time,rs-001366-mw8rs,d448a00b-0159-4ab9-b119-7833923a925a,4,2492.426555
2026/02/04/14:06:28,apply-time,rs-001367-jlxdg,b4b4f063-759d-40fb-8865-f0eb15e126ad,3,2492.426555
2026/02/04/14:06:28,running-time,rs-001367-jlxdg,b4b4f063-759d-40fb-8865-f0eb15e126ad,3,2492.426555
2026/02/04/14:06:29,apply-time,rs-001366-t8sww,e920cd8b-9388-4a86-850a-f5040ba39c69,4,2492.426555
2026/02/04/14:06:29,apply-time,rs-001368-xbxp5,a8897273-7e53-485f-9534-9d006ea0ca4e,2,2492.426555
2026/02/04/14:06:36,apply-time,rs-001339-828mk,a08e8fae-c1cc-4a8e-a13c-346baaf4fb7f,1,2499.426555
2026/02/04/14:06:36,running-time,rs-001339-828mk,a08e8fae-c1cc-4a8e-a13c-346baaf4fb7f,1,2499.426555
2026/02/04/14:06:36,running-time,rs-001368-xbxp5,a8897273-7e53-485f-9534-9d006ea0ca4e,2,2499.426555
2026/02/04/14:06:39,apply-time,rs-001369-5xqhb,6dee0326-e756-4f64-807f-2314149d89ea,4,2502.426555
2026/02/04/14:06:39,running-time,rs-001369-5xqhb,6dee0326-e756-4f64-807f-2314149d89ea,4,2502.426555
2026/02/04/14:06:39,apply-time,rs-001369-p2h9q,58187b6b-6316-496d-9d05-7b1badacb9a3,4,2502.426555
2026/02/04/14:06:39,running-time,rs-001369-p2h9q,58187b6b-6316-496d-9d05-7b1badacb9a3,4,2502.426555
2026/02/04/14:06:43,apply-time,rs-001370-wdhnr,8cc35a28-6b4c-4edd-8039-1141d4e67a5e,1,2507.426555
2026/02/04/14:06:44,running-time,rs-001370-wdhnr,8cc35a28-6b4c-4edd-8039-1141d4e67a5e,1,2507.426555
2026/02/04/14:06:44,apply-time,rs-001371-99d25,a81730f9-cea6-4f05-80a6-9024ca14ac42,4,2507.426555
2026/02/04/14:06:44,running-time,rs-001371-99d25,a81730f9-cea6-4f05-80a6-9024ca14ac42,4,2507.426555
2026/02/04/14:06:44,apply-time,rs-001372-c499c,7f2e7a06-2396-41ad-babd-b8c1ee89a697,4,2507.426555
2026/02/04/14:06:44,running-time,rs-001372-c499c,7f2e7a06-2396-41ad-babd-b8c1ee89a697,4,2507.426555
2026/02/04/14:06:44,apply-time,rs-001372-jhbqw,5e2f3f4e-09f4-43b2-bb51-46c7662d20c2,4,2507.426555
2026/02/04/14:06:44,apply-time,rs-001372-w7bkm,538f44f2-b9c1-42ea-b173-fff28082072c,4,2507.426555
2026/02/04/14:06:44,apply-time,rs-001373-46zwv,29c98161-4267-4d3a-ab5d-d3d12fa37e3a,1,2507.426555
2026/02/04/14:06:44,running-time,rs-001373-46zwv,29c98161-4267-4d3a-ab5d-d3d12fa37e3a,1,2507.426555
2026/02/04/14:06:45,apply-time,rs-001374-mpgnm,a4ec3bdc-4342-4e7c-9572-6ee2ba832d7e,2,2508.426555
2026/02/04/14:06:45,apply-time,rs-001374-scg2p,0d970d4d-5b38-4c59-9fa4-cb6181e0a20d,2,2508.426555
2026/02/04/14:06:45,apply-time,rs-001374-t9r97,5049b488-ae3f-4f34-b6dd-43a8216e3a36,2,2508.426555
2026/02/04/14:06:46,running-time,rs-001374-mpgnm,a4ec3bdc-4342-4e7c-9572-6ee2ba832d7e,2,2510.426555
2026/02/04/14:06:46,running-time,rs-001374-scg2p,0d970d4d-5b38-4c59-9fa4-cb6181e0a20d,2,2510.426555
2026/02/04/14:06:47,apply-time,rs-001375-pkwxk,06e02af4-7e59-41c3-92e1-43f488e6d43c,1,2510.426555
2026/02/04/14:06:47,running-time,rs-001375-pkwxk,06e02af4-7e59-41c3-92e1-43f488e6d43c,1,2510.426555
2026/02/04/14:06:47,apply-time,rs-001375-z6hd5,22c61cd1-f66d-43d8-b49d-0fdaef9026bc,1,2510.426555
2026/02/04/14:06:47,running-time,rs-001375-z6hd5,22c61cd1-f66d-43d8-b49d-0fdaef9026bc,1,2510.426555
2026/02/04/14:06:47,apply-time,rs-001376-5zspg,c0b2d5ff-8197-468e-a4cd-182fcafc5846,2,2510.426555
2026/02/04/14:06:47,running-time,rs-001376-5zspg,c0b2d5ff-8197-468e-a4cd-182fcafc5846,2,2510.426555
2026/02/04/14:06:47,apply-time,rs-001376-c6bvj,3868f3a6-2481-4bcf-9701-cdb7e3d2c823,2,2510.426555
2026/02/04/14:06:47,running-time,rs-001376-c6bvj,3868f3a6-2481-4bcf-9701-cdb7e3d2c823,2,2510.426555
2026/02/04/14:06:47,apply-time,rs-001377-gx4n7,52e2135c-918d-4e71-98c2-fb9bc2bd4c32,3,2510.426555
2026/02/04/14:06:47,running-time,rs-001377-gx4n7,52e2135c-918d-4e71-98c2-fb9bc2bd4c32,3,2510.426555
2026/02/04/14:06:47,apply-time,rs-001377-sxrmm,534e2462-0259-4d55-bb10-5da8ca7f22d8,3,2510.426555
2026/02/04/14:06:47,running-time,rs-001377-sxrmm,534e2462-0259-4d55-bb10-5da8ca7f22d8,3,2510.426555
2026/02/04/14:07:05,apply-time,rs-001378-4h4c7,0263cc72-1ebe-4024-8a02-2a60b0a585a4,2,2528.426555
2026/02/04/14:07:05,running-time,rs-001378-4h4c7,0263cc72-1ebe-4024-8a02-2a60b0a585a4,2,2528.426555
2026/02/04/14:07:05,apply-time,rs-001378-5bfjq,ddc8f16f-f8fb-4d88-afe2-ce3f1bbe266c,2,2528.426555
2026/02/04/14:07:05,running-time,rs-001378-5bfjq,ddc8f16f-f8fb-4d88-afe2-ce3f1bbe266c,2,2528.426555
2026/02/04/14:07:09,apply-time,rs-001379-hgsjk,0b3f238b-0608-4470-b61d-d850a7b08814,4,2532.426555
2026/02/04/14:07:09,running-time,rs-001379-hgsjk,0b3f238b-0608-4470-b61d-d850a7b08814,4,2532.426555
2026/02/04/14:07:09,apply-time,rs-001379-lncvx,7e9983f6-c101-4b23-99d5-f804caed3ee3,4,2532.426555
2026/02/04/14:07:09,apply-time,rs-001379-qhm5k,4b380497-cebc-4a6e-8372-aa7a837fb0aa,4,2532.426555
2026/02/04/14:07:09,running-time,rs-001379-qhm5k,4b380497-cebc-4a6e-8372-aa7a837fb0aa,4,2532.426555
2026/02/04/14:07:33,apply-time,rs-001380-72vk7,e06b9ce3-9973-4615-907a-67826ae6697c,1,2556.426555
2026/02/04/14:07:33,running-time,rs-001380-72vk7,e06b9ce3-9973-4615-907a-67826ae6697c,1,2556.426555
2026/02/04/14:07:33,apply-time,rs-001380-kq56g,3afdda44-e0e8-4f74-9d8a-761f263d366e,1,2556.426555
2026/02/04/14:07:33,running-time,rs-001380-kq56g,3afdda44-e0e8-4f74-9d8a-761f263d366e,1,2556.426555
2026/02/04/14:07:33,apply-time,rs-001381-dqcpr,0f6a4abc-f4d3-4c90-909d-58df71514c39,3,2556.426555
2026/02/04/14:07:33,running-time,rs-001381-dqcpr,0f6a4abc-f4d3-4c90-909d-58df71514c39,3,2556.426555
2026/02/04/14:07:33,apply-time,rs-001381-pbccf,38b0894c-9ae2-4077-93a5-5e8204207a21,3,2556.426555
2026/02/04/14:07:33,running-time,rs-001381-pbccf,38b0894c-9ae2-4077-93a5-5e8204207a21,3,2556.426555
2026/02/04/14:07:33,apply-time,rs-001381-stp4r,4f5a447e-936e-476e-9927-192ceddb9ddc,3,2556.426555
2026/02/04/14:07:33,running-time,rs-001381-stp4r,4f5a447e-936e-476e-9927-192ceddb9ddc,3,2556.426555
2026/02/04/14:07:33,apply-time,rs-001382-2d728,e84f7fca-0b0d-4c07-8435-0b6637d9e327,1,2556.426555
2026/02/04/14:07:33,running-time,rs-001382-2d728,e84f7fca-0b0d-4c07-8435-0b6637d9e327,1,2556.426555
2026/02/04/14:07:33,apply-time,rs-001382-cbw4b,05a1ba4a-c3ee-4d14-a53c-5e92c6e78c31,1,2556.426555
2026/02/04/14:07:33,running-time,rs-001382-cbw4b,05a1ba4a-c3ee-4d14-a53c-5e92c6e78c31,1,2556.426555
2026/02/04/14:07:33,apply-time,rs-001382-gw2v6,5f0300a7-089e-4c02-8fd2-4f392adfe836,1,2556.426555
2026/02/04/14:07:33,running-time,rs-001382-gw2v6,5f0300a7-089e-4c02-8fd2-4f392adfe836,1,2556.426555
2026/02/04/14:07:37,apply-time,rs-001383-cq9xv,984fd8bc-25da-4145-9749-c617702be750,4,2560.426555
2026/02/04/14:07:37,running-time,rs-001383-cq9xv,984fd8bc-25da-4145-9749-c617702be750,4,2560.426555
2026/02/04/14:07:37,apply-time,rs-001383-tmwx8,a17bcf83-c136-48e1-8324-8c219a693125,4,2560.426555
2026/02/04/14:07:37,running-time,rs-001383-tmwx8,a17bcf83-c136-48e1-8324-8c219a693125,4,2560.426555
2026/02/04/14:07:37,apply-time,rs-001383-wk4mv,58866af9-e706-4aa3-9442-e1b5931f929a,4,2560.426555
2026/02/04/14:07:37,running-time,rs-001383-wk4mv,58866af9-e706-4aa3-9442-e1b5931f929a,4,2560.426555
2026/02/04/14:07:37,apply-time,rs-001384-8wtdj,d10c4b28-871f-413a-a6a5-451e8a1f0979,1,2560.426555
2026/02/04/14:07:37,apply-time,rs-001384-dq2zz,0e05f399-b099-4249-81f0-1583dc994566,1,2560.426555
2026/02/04/14:07:37,apply-time,rs-001384-lkpgw,148100dd-18e8-4284-85f8-993c843d0346,1,2560.426555
2026/02/04/14:07:37,apply-time,rs-001385-246ws,5f8197c8-b115-4a92-bc81-036d06985d53,4,2560.426555
2026/02/04/14:07:37,running-time,rs-001385-246ws,5f8197c8-b115-4a92-bc81-036d06985d53,4,2560.426555
2026/02/04/14:07:37,apply-time,rs-001385-dl74z,bd2f4a1a-dd67-4ed7-9786-0f4c7c16feb8,4,2560.426555
2026/02/04/14:07:37,running-time,rs-001385-dl74z,bd2f4a1a-dd67-4ed7-9786-0f4c7c16feb8,4,2560.426555
2026/02/04/14:07:37,apply-time,rs-001385-vmgrr,c2bfab4e-efbd-4ab0-bd7a-32277fc1df6c,4,2560.426555
2026/02/04/14:07:37,running-time,rs-001385-vmgrr,c2bfab4e-efbd-4ab0-bd7a-32277fc1df6c,4,2560.426555
2026/02/04/14:07:38,apply-time,rs-001386-7xbqf,4c816d15-514d-4e65-a8f2-fac693b9fee0,4,2561.426555
2026/02/04/14:07:38,running-time,rs-001386-7xbqf,4c816d15-514d-4e65-a8f2-fac693b9fee0,4,2561.426555
2026/02/04/14:07:38,apply-time,rs-001387-qqhb8,ec06e8a4-d526-4c8b-8186-ed26cb440bfd,1,2561.426555
2026/02/04/14:07:38,running-time,rs-001387-qqhb8,ec06e8a4-d526-4c8b-8186-ed26cb440bfd,1,2561.426555
2026/02/04/14:07:38,apply-time,rs-001387-srdlh,6faf816c-e073-46e6-a180-8df811423443,1,2561.426555
2026/02/04/14:07:38,running-time,rs-001387-srdlh,6faf816c-e073-46e6-a180-8df811423443,1,2561.426555
2026/02/04/14:07:38,apply-time,rs-001388-grf4v,d8f80656-661b-4797-81ae-5d7b9f4c37b3,1,2561.426555
2026/02/04/14:07:38,running-time,rs-001388-grf4v,d8f80656-661b-4797-81ae-5d7b9f4c37b3,1,2561.426555
2026/02/04/14:07:47,apply-time,rs-001389-2xqv5,6292c131-57a5-45b9-8bed-1ab91196f8be,2,2571.426555
2026/02/04/14:07:47,running-time,rs-001389-2xqv5,6292c131-57a5-45b9-8bed-1ab91196f8be,2,2571.426555
2026/02/04/14:07:47,apply-time,rs-001389-rstsr,5e47050d-e118-42b4-a74b-fe9666c3267a,2,2571.426555
2026/02/04/14:07:47,running-time,rs-001389-rstsr,5e47050d-e118-42b4-a74b-fe9666c3267a,2,2571.426555
2026/02/04/14:07:47,apply-time,rs-001391-mv8b2,b5dd78df-bde7-4191-a6b6-99258497468d,2,2571.426555
2026/02/04/14:07:47,running-time,rs-001391-mv8b2,b5dd78df-bde7-4191-a6b6-99258497468d,2,2571.426555
2026/02/04/14:07:48,apply-time,rs-001390-5sccq,ed7a59eb-893b-46bf-a8c4-c767cc2cd25d,2,2571.426555
2026/02/04/14:07:48,running-time,rs-001390-5sccq,ed7a59eb-893b-46bf-a8c4-c767cc2cd25d,2,2571.426555
2026/02/04/14:08:11,apply-time,rs-001392-5sscj,02add99d-9168-40d1-814a-c63e47c0b7ac,1,2594.426555
2026/02/04/14:08:11,running-time,rs-001392-5sscj,02add99d-9168-40d1-814a-c63e47c0b7ac,1,2594.426555
2026/02/04/14:08:11,apply-time,rs-001392-xjksp,426cc7b4-01a4-438c-bd5d-9b389a25f95a,1,2594.426555
2026/02/04/14:08:11,running-time,rs-001392-xjksp,426cc7b4-01a4-438c-bd5d-9b389a25f95a,1,2594.426555
2026/02/04/14:08:12,apply-time,rs-001393-hs6mh,b0804f47-7a7a-4d51-ba55-241543d48086,2,2595.426555
2026/02/04/14:08:12,running-time,rs-001393-hs6mh,b0804f47-7a7a-4d51-ba55-241543d48086,2,2596.426555
2026/02/04/14:08:12,apply-time,rs-001394-jjj7s,84292d35-2ea0-4527-92ed-d2fd5f281025,1,2596.426555
2026/02/04/14:08:12,running-time,rs-001394-jjj7s,84292d35-2ea0-4527-92ed-d2fd5f281025,1,2596.426555
2026/02/04/14:08:12,apply-time,rs-001394-svtmz,69706802-72f0-490f-ba6c-69abfa574763,1,2596.426555
2026/02/04/14:08:12,running-time,rs-001394-svtmz,69706802-72f0-490f-ba6c-69abfa574763,1,2596.426555
2026/02/04/14:08:12,apply-time,rs-001395-z572f,7cae2062-e76f-4c40-aeb6-a0b7955dcfa6,1,2596.426555
2026/02/04/14:08:12,running-time,rs-001395-z572f,7cae2062-e76f-4c40-aeb6-a0b7955dcfa6,1,2596.426555
2026/02/04/14:08:12,apply-time,rs-001396-bsmj2,be3572dc-8ed9-4d97-94f2-3c3129a3d808,1,2596.426555
2026/02/04/14:08:12,running-time,rs-001396-bsmj2,be3572dc-8ed9-4d97-94f2-3c3129a3d808,1,2596.426555
2026/02/04/14:08:12,apply-time,rs-001397-xzs6x,31e6be11-bb14-45d9-baeb-0894ce8c2103,1,2596.426555
2026/02/04/14:08:12,running-time,rs-001397-xzs6x,31e6be11-bb14-45d9-baeb-0894ce8c2103,1,2596.426555
2026/02/04/14:08:13,apply-time,rs-001398-qsc9w,cd3190e5-6160-463a-81a9-7cd6f40f4776,1,2596.426555
2026/02/04/14:08:13,running-time,rs-001398-qsc9w,cd3190e5-6160-463a-81a9-7cd6f40f4776,1,2596.426555
2026/02/04/14:08:13,apply-time,rs-001399-cwfhc,dfe0caa0-ada8-4588-b8b0-e113f63a3e90,3,2596.426555
2026/02/04/14:08:13,running-time,rs-001399-cwfhc,dfe0caa0-ada8-4588-b8b0-e113f63a3e90,3,2596.426555
2026/02/04/14:08:13,apply-time,rs-001400-dgl8g,6e6be303-56da-4905-8c8f-49ad352952dd,1,2596.426555
2026/02/04/14:08:13,apply-time,rs-001400-qrgxj,7c225be3-31cf-4c99-8c39-e346224910a3,1,2596.426555
2026/02/04/14:08:13,apply-time,rs-001400-zzzlj,909c4335-b96b-4cbf-ab79-f842d5a5750c,1,2596.426555
2026/02/04/14:08:14,running-time,rs-001400-zzzlj,909c4335-b96b-4cbf-ab79-f842d5a5750c,1,2598.426555
2026/02/04/14:08:16,running-time,rs-001400-qrgxj,7c225be3-31cf-4c99-8c39-e346224910a3,1,2599.426555
2026/02/04/14:08:19,running-time,rs-001400-dgl8g,6e6be303-56da-4905-8c8f-49ad352952dd,1,2602.426555
2026/02/04/14:08:23,apply-time,rs-001401-jvl4j,52a96675-0487-4d7c-b49e-21f121fc5b70,4,2606.426555
2026/02/04/14:08:23,running-time,rs-001401-jvl4j,52a96675-0487-4d7c-b49e-21f121fc5b70,4,2606.426555
2026/02/04/14:08:23,apply-time,rs-001401-qz6vh,277673ea-02e0-4c8a-9318-1fbeec1461fa,4,2606.426555
2026/02/04/14:08:23,running-time,rs-001401-qz6vh,277673ea-02e0-4c8a-9318-1fbeec1461fa,4,2606.426555
2026/02/04/14:08:23,apply-time,rs-001401-t54cj,174d5905-1e32-4cda-9252-bc1f023b9f7c,4,2606.426555
2026/02/04/14:08:23,running-time,rs-001401-t54cj,174d5905-1e32-4cda-9252-bc1f023b9f7c,4,2606.426555
2026/02/04/14:08:23,apply-time,rs-001402-bwdhf,4d1cfee6-f967-4681-a72f-8a5ca6916e9d,2,2606.426555
2026/02/04/14:08:23,running-time,rs-001402-bwdhf,4d1cfee6-f967-4681-a72f-8a5ca6916e9d,2,2606.426555
2026/02/04/14:08:24,apply-time,rs-001403-6r9j6,03c435a0-8564-4676-8624-b59b85b4b9da,4,2607.426555
2026/02/04/14:08:24,running-time,rs-001403-6r9j6,03c435a0-8564-4676-8624-b59b85b4b9da,4,2607.426555
2026/02/04/14:08:24,apply-time,rs-001403-lbs7c,f428aa75-80e3-4bd9-a2e4-adc2c06fc7f8,4,2607.426555
2026/02/04/14:08:24,running-time,rs-001403-lbs7c,f428aa75-80e3-4bd9-a2e4-adc2c06fc7f8,4,2607.426555
2026/02/04/14:08:24,apply-time,rs-001404-lv9k5,0654084e-508a-490d-bb8b-482e19370ee1,4,2607.426555
2026/02/04/14:08:24,running-time,rs-001404-lv9k5,0654084e-508a-490d-bb8b-482e19370ee1,4,2607.426555
2026/02/04/14:08:24,apply-time,rs-001404-z6dtz,f0d68479-1d93-4d81-86bd-29d173ab6c59,4,2607.426555
2026/02/04/14:08:24,apply-time,rs-001405-nlbs5,d9852e8f-0efd-4dc9-9698-d7ae4f585ec9,2,2607.426555
2026/02/04/14:08:24,running-time,rs-001405-nlbs5,d9852e8f-0efd-4dc9-9698-d7ae4f585ec9,2,2607.426555
2026/02/04/14:08:24,apply-time,rs-001405-w5bpx,f0f22a90-524a-4d0a-978e-1c3853a74a65,2,2607.426555
2026/02/04/14:08:24,running-time,rs-001405-w5bpx,f0f22a90-524a-4d0a-978e-1c3853a74a65,2,2607.426555
2026/02/04/14:08:24,apply-time,rs-001406-mfwxb,21195e42-9a13-45fd-9b8b-12b41906e412,1,2607.426555
2026/02/04/14:08:24,running-time,rs-001406-mfwxb,21195e42-9a13-45fd-9b8b-12b41906e412,1,2607.426555
2026/02/04/14:08:24,apply-time,rs-001406-n7mxk,e65f7f5a-b947-48cf-ba9d-436d70690789,1,2607.426555
2026/02/04/14:08:24,running-time,rs-001406-n7mxk,e65f7f5a-b947-48cf-ba9d-436d70690789,1,2607.426555
2026/02/04/14:08:24,apply-time,rs-001407-p6d74,757fa286-7a4a-4964-8af8-59e7d3e6bcb8,3,2607.426555
2026/02/04/14:08:24,running-time,rs-001407-p6d74,757fa286-7a4a-4964-8af8-59e7d3e6bcb8,3,2607.426555
2026/02/04/14:08:24,apply-time,rs-001408-66tlj,39c5db6e-7fb6-45ce-94d1-93033bd5f6df,4,2608.426555
2026/02/04/14:08:24,running-time,rs-001408-66tlj,39c5db6e-7fb6-45ce-94d1-93033bd5f6df,4,2608.426555
2026/02/04/14:08:24,apply-time,rs-001408-k5rgk,5ec79882-b5d4-4e28-9461-65e1c3db3794,4,2607.426555
2026/02/04/14:08:24,running-time,rs-001408-k5rgk,5ec79882-b5d4-4e28-9461-65e1c3db3794,4,2607.426555
2026/02/04/14:08:24,apply-time,rs-001409-6299l,bc9bc204-d765-4a3a-8ba5-c14067f01ae9,1,2607.426555
2026/02/04/14:08:24,apply-time,rs-001409-j4ctm,6428a9c9-f4e7-4176-a044-8a5dfaf7c253,1,2608.426555
2026/02/04/14:08:24,apply-time,rs-001410-b54bm,01c0a164-ca56-4f88-bfab-0e4855101b6f,3,2607.426555
2026/02/04/14:08:24,running-time,rs-001410-b54bm,01c0a164-ca56-4f88-bfab-0e4855101b6f,3,2608.426555
2026/02/04/14:08:24,apply-time,rs-001410-qlwlt,a39b97b2-0556-4b35-b213-642b3c307175,3,2608.426555
2026/02/04/14:08:24,running-time,rs-001410-qlwlt,a39b97b2-0556-4b35-b213-642b3c307175,3,2608.426555
2026/02/04/14:08:24,apply-time,rs-001410-wswjd,4d09be58-49bb-4ff7-a3f1-70537bf8061a,3,2608.426555
2026/02/04/14:08:24,running-time,rs-001410-wswjd,4d09be58-49bb-4ff7-a3f1-70537bf8061a,3,2608.426555
2026/02/04/14:08:26,running-time,rs-001409-6299l,bc9bc204-d765-4a3a-8ba5-c14067f01ae9,1,2609.426555
2026/02/04/14:08:27,apply-time,rs-001411-gmb2v,ae339812-0102-4410-afe1-ff50d2747b3d,1,2611.426555
2026/02/04/14:08:27,apply-time,rs-001411-ml274,e83e937b-1666-43a7-ab52-da412513ab3c,1,2611.426555
2026/02/04/14:08:27,apply-time,rs-001411-xcsrb,774410c0-b29f-4b13-8c27-d62ce57820f3,1,2611.426555
2026/02/04/14:08:27,apply-time,rs-001412-m9djz,73785344-24e9-477c-a460-70591aaefb89,4,2611.426555
2026/02/04/14:08:27,apply-time,rs-001413-5hv2z,cc0f36e7-fe90-4a12-808c-7e5472353913,1,2611.426555
2026/02/04/14:08:27,apply-time,rs-001413-hkdlv,f72d3e80-0edc-4caa-ba6a-885bd970d3f3,1,2611.426555
2026/02/04/14:08:27,apply-time,rs-001414-24nbm,a02e78ad-bf76-43ca-bda4-a6bd65b38180,1,2611.426555
2026/02/04/14:08:27,running-time,rs-001414-24nbm,a02e78ad-bf76-43ca-bda4-a6bd65b38180,1,2611.426555
2026/02/04/14:08:28,running-time,rs-001412-m9djz,73785344-24e9-477c-a460-70591aaefb89,4,2611.426555
2026/02/04/14:08:29,running-time,rs-001413-5hv2z,cc0f36e7-fe90-4a12-808c-7e5472353913,1,2612.426555
2026/02/04/14:08:29,running-time,rs-001413-hkdlv,f72d3e80-0edc-4caa-ba6a-885bd970d3f3,1,2612.426555
2026/02/04/14:08:29,apply-time,rs-001415-smkj6,edbb79c5-af80-498b-9cd1-ba6f178fd3fc,1,2612.426555
2026/02/04/14:08:29,running-time,rs-001415-smkj6,edbb79c5-af80-498b-9cd1-ba6f178fd3fc,1,2612.426555
2026/02/04/14:08:29,apply-time,rs-001416-ckzch,8b2bb646-a17e-42d7-bef2-be3f19a3138d,1,2612.426555
2026/02/04/14:08:29,running-time,rs-001416-ckzch,8b2bb646-a17e-42d7-bef2-be3f19a3138d,1,2612.426555
2026/02/04/14:08:29,apply-time,rs-001417-j2rvx,8dd0fd81-bbce-4576-bf4c-ff64a7fcb33a,2,2612.426555
2026/02/04/14:08:29,running-time,rs-001417-j2rvx,8dd0fd81-bbce-4576-bf4c-ff64a7fcb33a,2,2612.426555
2026/02/04/14:08:29,apply-time,rs-001417-sbjwb,536b2250-1764-4a9f-b475-f32b9c123f4a,2,2612.426555
2026/02/04/14:08:30,running-time,rs-001404-z6dtz,f0d68479-1d93-4d81-86bd-29d173ab6c59,4,2613.426555
2026/02/04/14:08:30,running-time,rs-001417-sbjwb,536b2250-1764-4a9f-b475-f32b9c123f4a,2,2613.426555
2026/02/04/14:08:31,apply-time,rs-001418-jr4nm,6e1cc4ca-c89f-4573-b43f-ec87be046832,1,2614.426555
2026/02/04/14:08:31,running-time,rs-001418-jr4nm,6e1cc4ca-c89f-4573-b43f-ec87be046832,1,2614.426555
2026/02/04/14:08:31,apply-time,rs-001418-trptj,a6d10103-2e06-40a5-8da0-fe435e369588,1,2614.426555
2026/02/04/14:08:31,running-time,rs-001418-trptj,a6d10103-2e06-40a5-8da0-fe435e369588,1,2614.426555
2026/02/04/14:08:34,apply-time,rs-001419-lcc46,6e154c3b-e75c-4cab-bb18-1999ec1255cf,3,2617.426555
2026/02/04/14:08:34,running-time,rs-001419-lcc46,6e154c3b-e75c-4cab-bb18-1999ec1255cf,3,2617.426555
2026/02/04/14:08:34,apply-time,rs-001419-p8cfw,8e9ea5d9-d6fb-4ab8-82b3-a23ac695fad8,3,2617.426555
2026/02/04/14:08:34,running-time,rs-001419-p8cfw,8e9ea5d9-d6fb-4ab8-82b3-a23ac695fad8,3,2617.426555
2026/02/04/14:08:34,apply-time,rs-001419-rw7xw,3e3a2fc2-aeee-4979-bf4c-d09e2d0ce0bd,3,2617.426555
2026/02/04/14:08:34,running-time,rs-001419-rw7xw,3e3a2fc2-aeee-4979-bf4c-d09e2d0ce0bd,3,2617.426555
2026/02/04/14:08:34,apply-time,rs-001420-k6f7n,ab4054e6-c694-4cec-82bb-f8324877074f,4,2617.426555
2026/02/04/14:08:34,apply-time,rs-001421-nxvzn,ecf880a7-5d34-4f06-b527-77419035dbc4,1,2617.426555
2026/02/04/14:08:34,apply-time,rs-001421-rq929,08e45f95-1924-4c70-aa8a-c5592571c9d2,1,2617.426555
2026/02/04/14:08:34,apply-time,rs-001422-c5f6m,b80178a5-638d-4e1d-bc24-0cffdc73c323,3,2617.426555
2026/02/04/14:08:34,apply-time,rs-001422-nzvhd,10b128fc-b446-4212-9c76-4d3b80ef8c71,3,2617.426555
2026/02/04/14:08:34,apply-time,rs-001423-f7bfk,f8d35821-f42b-4b46-97dc-ab60e1c38bdc,3,2617.426555
2026/02/04/14:08:34,running-time,rs-001423-f7bfk,f8d35821-f42b-4b46-97dc-ab60e1c38bdc,3,2617.426555
2026/02/04/14:08:34,apply-time,rs-001423-hmc9p,60d16df5-475a-45ee-b751-f25a5a5cb735,3,2617.426555
2026/02/04/14:08:34,running-time,rs-001423-hmc9p,60d16df5-475a-45ee-b751-f25a5a5cb735,3,2617.426555
2026/02/04/14:08:34,apply-time,rs-001423-w6zsq,bf9d3939-f023-4819-b8ae-fc17ff57bd06,3,2617.426555
2026/02/04/14:08:34,running-time,rs-001423-w6zsq,bf9d3939-f023-4819-b8ae-fc17ff57bd06,3,2617.426555
2026/02/04/14:08:35,running-time,rs-001420-k6f7n,ab4054e6-c694-4cec-82bb-f8324877074f,4,2618.426555
2026/02/04/14:08:36,apply-time,rs-001424-4sbrr,735a6770-78a5-4a84-b2e2-0202a8723633,2,2619.426555
2026/02/04/14:08:36,apply-time,rs-001424-57r85,2c4901e4-1197-4e44-bdf3-1422cf6d1810,2,2619.426555
2026/02/04/14:08:36,apply-time,rs-001424-qff4z,61296180-a36d-4ccf-9288-43c642cdfe94,2,2619.426555
2026/02/04/14:08:37,running-time,rs-001424-4sbrr,735a6770-78a5-4a84-b2e2-0202a8723633,2,2621.426555
2026/02/04/14:08:37,running-time,rs-001424-57r85,2c4901e4-1197-4e44-bdf3-1422cf6d1810,2,2621.426555
2026/02/04/14:08:37,running-time,rs-001424-qff4z,61296180-a36d-4ccf-9288-43c642cdfe94,2,2620.426555
2026/02/04/14:08:48,apply-time,rs-000783-r97dl,7c3fb4c3-3c9c-4e93-96d4-88391f341589,1,2632.426555
2026/02/04/14:08:48,running-time,rs-000783-r97dl,7c3fb4c3-3c9c-4e93-96d4-88391f341589,1,2632.426555
2026/02/04/14:08:48,apply-time,rs-001280-629wv,a1333345-7988-42a3-bcf5-db92528645fd,1,2632.426555
2026/02/04/14:08:48,running-time,rs-001280-629wv,a1333345-7988-42a3-bcf5-db92528645fd,1,2632.426555
2026/02/04/14:08:48,running-time,rs-001421-nxvzn,ecf880a7-5d34-4f06-b527-77419035dbc4,1,2632.426555
2026/02/04/14:08:48,running-time,rs-001421-rq929,08e45f95-1924-4c70-aa8a-c5592571c9d2,1,2632.426555
2026/02/04/14:09:03,apply-time,rs-001425-2b4wk,7956e9eb-4229-4d15-913b-15e2f0a8ae22,3,2646.426555
2026/02/04/14:09:03,running-time,rs-001425-2b4wk,7956e9eb-4229-4d15-913b-15e2f0a8ae22,3,2646.426555
2026/02/04/14:09:03,apply-time,rs-001425-tp49z,4d8006fb-511a-429a-adf5-d4037178d269,3,2646.426555
2026/02/04/14:09:03,apply-time,rs-001426-lc7wn,8fdb51f9-5e03-42d2-99b2-49052caf8d2e,1,2646.426555
2026/02/04/14:09:03,running-time,rs-001426-lc7wn,8fdb51f9-5e03-42d2-99b2-49052caf8d2e,1,2646.426555
2026/02/04/14:09:03,apply-time,rs-001427-9zzjv,b17ba1c5-dcf2-482f-a766-20450dbba65e,1,2646.426555
2026/02/04/14:09:03,apply-time,rs-001428-gfczq,336a47e8-68d7-418b-9d1d-b76e8ecc453d,1,2646.426555
2026/02/04/14:09:03,running-time,rs-001428-gfczq,336a47e8-68d7-418b-9d1d-b76e8ecc453d,1,2646.426555
2026/02/04/14:09:03,apply-time,rs-001428-wzks6,068e6ef9-390b-4dfe-b616-735d80f79cf0,1,2646.426555
2026/02/04/14:09:03,running-time,rs-001428-wzks6,068e6ef9-390b-4dfe-b616-735d80f79cf0,1,2646.426555
2026/02/04/14:09:03,apply-time,rs-001429-89wp5,e89bbe5d-18da-45fd-91a6-0c9fb5f541b1,2,2646.426555
2026/02/04/14:09:03,running-time,rs-001429-89wp5,e89bbe5d-18da-45fd-91a6-0c9fb5f541b1,2,2646.426555
2026/02/04/14:09:03,apply-time,rs-001429-qfbw8,6b8a37fc-4dc5-43d1-980f-fa681dcaf20b,2,2646.426555
2026/02/04/14:09:03,running-time,rs-001429-qfbw8,6b8a37fc-4dc5-43d1-980f-fa681dcaf20b,2,2646.426555
2026/02/04/14:09:03,apply-time,rs-001429-trl92,574595b4-d5bf-4e87-a165-b55e8bb4628a,2,2646.426555
2026/02/04/14:09:03,running-time,rs-001429-trl92,574595b4-d5bf-4e87-a165-b55e8bb4628a,2,2646.426555
2026/02/04/14:09:03,apply-time,rs-001430-lnszq,3de2d5b0-18ac-4875-9cea-82eae44fc5e5,1,2646.426555
2026/02/04/14:09:03,running-time,rs-001430-lnszq,3de2d5b0-18ac-4875-9cea-82eae44fc5e5,1,2647.426555
2026/02/04/14:09:03,apply-time,rs-001431-89brq,dc101eba-b438-454c-978f-3258df39b1ac,4,2646.426555
2026/02/04/14:09:06,running-time,rs-001427-9zzjv,b17ba1c5-dcf2-482f-a766-20450dbba65e,1,2650.426555
2026/02/04/14:09:08,apply-time,rs-001432-ll8ns,c5838c24-a94f-478e-a05b-e34100a52115,2,2651.426555
2026/02/04/14:09:08,apply-time,rs-001432-zbkbd,9c7d2cca-d99a-4cf1-bb7f-86b721a73d3a,2,2651.426555
2026/02/04/14:09:08,apply-time,rs-001433-4g7tn,1fbd6abf-b7ac-42d7-9876-6cc6279ca2f4,4,2651.426555
2026/02/04/14:09:08,running-time,rs-001433-4g7tn,1fbd6abf-b7ac-42d7-9876-6cc6279ca2f4,4,2651.426555
2026/02/04/14:09:08,apply-time,rs-001433-5snn8,e5ebc5d1-d879-48bf-8fc4-8d1cec74ed8c,4,2651.426555
2026/02/04/14:09:08,running-time,rs-001433-5snn8,e5ebc5d1-d879-48bf-8fc4-8d1cec74ed8c,4,2651.426555
2026/02/04/14:09:08,apply-time,rs-001433-fksnj,0ab175a3-d62f-4da6-b251-5ca38060944a,4,2651.426555
2026/02/04/14:09:08,running-time,rs-001433-fksnj,0ab175a3-d62f-4da6-b251-5ca38060944a,4,2651.426555
2026/02/04/14:09:08,apply-time,rs-001434-mzvm6,f6f3597a-8361-4378-9801-60a0386d362e,1,2651.426555
2026/02/04/14:09:08,running-time,rs-001434-mzvm6,f6f3597a-8361-4378-9801-60a0386d362e,1,2651.426555
2026/02/04/14:09:08,apply-time,rs-001435-dpbxb,8e22545c-d6c5-4ead-a66c-1823de043ea5,2,2651.426555
2026/02/04/14:09:08,apply-time,rs-001435-v2dg8,7e78535a-e5fc-40d9-a7fa-c9eb1fa6744b,2,2651.426555
2026/02/04/14:09:08,apply-time,rs-001436-7b42d,2fbdf4a3-4bea-4b27-97c1-ce72104c27df,1,2651.426555
2026/02/04/14:09:08,running-time,rs-001436-7b42d,2fbdf4a3-4bea-4b27-97c1-ce72104c27df,1,2651.426555
2026/02/04/14:09:08,apply-time,rs-001436-z9zpc,b843861c-5624-4b73-9ab6-abad7dfc2343,1,2651.426555
2026/02/04/14:09:08,running-time,rs-001436-z9zpc,b843861c-5624-4b73-9ab6-abad7dfc2343,1,2651.426555
2026/02/04/14:09:12,running-time,rs-001435-dpbxb,8e22545c-d6c5-4ead-a66c-1823de043ea5,2,2655.426555
2026/02/04/14:09:12,running-time,rs-001435-v2dg8,7e78535a-e5fc-40d9-a7fa-c9eb1fa6744b,2,2655.426555
2026/02/04/14:09:18,apply-time,rs-001437-rp7vv,d2722c0f-8e1b-438b-b94f-f6f60a98e6a3,2,2661.426555
2026/02/04/14:09:18,running-time,rs-001437-rp7vv,d2722c0f-8e1b-438b-b94f-f6f60a98e6a3,2,2661.426555
2026/02/04/14:09:18,apply-time,rs-001437-wdjvf,15ceb438-bea3-44c6-ae9b-4fabe753bcca,2,2661.426555
2026/02/04/14:09:18,running-time,rs-001437-wdjvf,15ceb438-bea3-44c6-ae9b-4fabe753bcca,2,2661.426555
2026/02/04/14:09:18,apply-time,rs-001438-69rc2,25bad87a-8af2-4b92-abea-ff78936de53b,3,2661.426555
2026/02/04/14:09:18,running-time,rs-001438-69rc2,25bad87a-8af2-4b92-abea-ff78936de53b,3,2661.426555
2026/02/04/14:09:18,apply-time,rs-001438-9cwkm,d7fda258-04f4-4f69-abaf-61658da1c703,3,2661.426555
2026/02/04/14:09:18,running-time,rs-001438-9cwkm,d7fda258-04f4-4f69-abaf-61658da1c703,3,2661.426555
2026/02/04/14:09:18,apply-time,rs-001438-crhxr,b1b688a9-c950-4d5c-b10a-11bdabda7262,3,2661.426555
2026/02/04/14:09:18,running-time,rs-001438-crhxr,b1b688a9-c950-4d5c-b10a-11bdabda7262,3,2661.426555
2026/02/04/14:09:21,running-time,rs-001432-ll8ns,c5838c24-a94f-478e-a05b-e34100a52115,2,2664.426555
2026/02/04/14:09:21,running-time,rs-001432-zbkbd,9c7d2cca-d99a-4cf1-bb7f-86b721a73d3a,2,2664.426555
2026/02/04/14:09:31,apply-time,rs-001439-hbl9z,9027d245-939b-46a7-84fc-3295d9868128,4,2675.426555
2026/02/04/14:09:31,apply-time,rs-001439-pz9k6,e0a6b007-ba7f-4427-99a3-27954da9bbdf,4,2675.426555
2026/02/04/14:09:31,apply-time,rs-001439-xkh4z,9690534e-6a17-43dc-b0ae-0b3e6cad4a5c,4,2675.426555
2026/02/04/14:09:31,apply-time,rs-001440-gbsn5,3b913b00-4411-4ac5-a68a-1ff1da75d228,2,2675.426555
2026/02/04/14:09:31,running-time,rs-001440-gbsn5,3b913b00-4411-4ac5-a68a-1ff1da75d228,2,2675.426555
2026/02/04/14:09:31,apply-time,rs-001440-kgrjx,ef24c2af-8863-4f0e-aefe-a421b5e3b224,2,2674.426555
2026/02/04/14:09:31,running-time,rs-001440-kgrjx,ef24c2af-8863-4f0e-aefe-a421b5e3b224,2,2675.426555
2026/02/04/14:09:39,apply-time,rs-001441-nlsf8,e43323f0-5e11-4c5a-b8fb-4bf9e92a8775,1,2682.426555
2026/02/04/14:09:39,running-time,rs-001441-nlsf8,e43323f0-5e11-4c5a-b8fb-4bf9e92a8775,1,2682.426555
2026/02/04/14:09:39,apply-time,rs-001441-t4tkx,256ed5f6-8f2c-4c63-a2df-005c05c7fb61,1,2682.426555
2026/02/04/14:09:39,apply-time,rs-001441-xqc2m,f864f652-734e-412b-90f4-b8f50c3d06d0,1,2682.426555
2026/02/04/14:09:39,apply-time,rs-001442-2ts6h,4a923eeb-0396-484a-ba66-138d3e381e5a,3,2682.426555
2026/02/04/14:09:39,running-time,rs-001442-2ts6h,4a923eeb-0396-484a-ba66-138d3e381e5a,3,2682.426555
2026/02/04/14:09:39,apply-time,rs-001442-7w6zh,cb6b904c-d163-4798-a809-d7abd120e922,3,2682.426555
2026/02/04/14:09:39,running-time,rs-001442-7w6zh,cb6b904c-d163-4798-a809-d7abd120e922,3,2682.426555
2026/02/04/14:09:39,apply-time,rs-001443-29zj5,1888c4dc-c460-4254-b55e-ba6ad0a14225,2,2682.426555
2026/02/04/14:09:39,apply-time,rs-001443-lptvc,b1a9fa77-8efa-441e-a8f4-e8685a7a17fc,2,2682.426555
2026/02/04/14:09:39,apply-time,rs-001444-4hlwn,95084621-5941-454d-8e74-4458308d7e04,1,2682.426555
2026/02/04/14:09:39,running-time,rs-001444-4hlwn,95084621-5941-454d-8e74-4458308d7e04,1,2682.426555
2026/02/04/14:09:39,apply-time,rs-001444-dhz9d,6f193f18-a944-4ed0-9176-fd64e86d639d,1,2682.426555
2026/02/04/14:09:39,running-time,rs-001444-dhz9d,6f193f18-a944-4ed0-9176-fd64e86d639d,1,2682.426555
2026/02/04/14:09:42,apply-time,rs-001445-prp8f,8abb87b4-2510-4a37-a9b5-720b04b9dc3b,2,2685.426555
2026/02/04/14:09:42,apply-time,rs-001445-s8fjw,39ea0f9e-1b08-48a1-99e3-509f787f2283,2,2685.426555
2026/02/04/14:09:42,apply-time,rs-001446-ml5tp,bc45d586-1619-417f-b2fb-d44a830c1308,2,2685.426555
2026/02/04/14:09:42,apply-time,rs-001446-rnkjl,d4b7c0a0-1c9a-4588-bda6-5ea49e657628,2,2685.426555
2026/02/04/14:09:42,apply-time,rs-001447-pn2cc,ebf1ae85-3337-4627-a061-e42a4b989a87,3,2685.426555
2026/02/04/14:09:42,apply-time,rs-001448-6zb8h,f60fcb09-32cf-47b3-847b-ec0185fb5964,3,2686.426555
2026/02/04/14:09:42,apply-time,rs-001448-l8rq9,e74542c4-a56a-4eb9-a42b-ff58d881ae52,3,2686.426555
2026/02/04/14:09:42,apply-time,rs-001449-gplrw,ba3a172c-e749-40a6-a7f4-5a3d10df3fbb,2,2686.426555
2026/02/04/14:09:42,running-time,rs-001449-gplrw,ba3a172c-e749-40a6-a7f4-5a3d10df3fbb,2,2686.426555
2026/02/04/14:09:42,apply-time,rs-001449-ldsgq,b49e21d3-9658-4c43-81cf-a6741133138e,2,2686.426555
2026/02/04/14:09:42,apply-time,rs-001450-5744g,f3b2fd49-4df4-4a58-9dee-d69307ae9ca5,2,2686.426555
2026/02/04/14:09:42,running-time,rs-001450-5744g,f3b2fd49-4df4-4a58-9dee-d69307ae9ca5,2,2686.426555
2026/02/04/14:09:42,apply-time,rs-001450-t4r6z,de9db063-d702-4ad5-9c42-4b8c2c01cf3a,2,2686.426555
2026/02/04/14:09:42,running-time,rs-001450-t4r6z,de9db063-d702-4ad5-9c42-4b8c2c01cf3a,2,2686.426555
2026/02/04/14:09:42,apply-time,rs-001451-8z8qd,bbffc9f3-f229-4e61-bf68-d43fa2b506ba,1,2686.426555
2026/02/04/14:09:42,apply-time,rs-001451-d6vcn,671f5d85-b4a2-4a39-a408-db3338d4c8df,1,2686.426555
2026/02/04/14:09:42,apply-time,rs-001451-dxzsk,518c7ebf-9cb2-4b93-a3b8-9ef11edfcc32,1,2686.426555
2026/02/04/14:09:42,apply-time,rs-001452-fqf2k,d07a77cd-3669-4412-8938-f9d92fd593d6,1,2686.426555
2026/02/04/14:09:42,apply-time,rs-001452-gmbf4,c83e3454-fc21-4364-9a49-79118e5ba119,1,2686.426555
2026/02/04/14:09:43,apply-time,rs-001453-r977c,b8677b46-7c22-46c8-ab7c-5b8b7d0b71ce,1,2687.426555
2026/02/04/14:09:44,apply-time,rs-000433-knmcq,2fc9a310-8674-4525-bc39-96fa7ce040de,1,2687.426555
2026/02/04/14:09:44,running-time,rs-000433-knmcq,2fc9a310-8674-4525-bc39-96fa7ce040de,1,2687.426555
2026/02/04/14:09:44,apply-time,rs-000783-drbjd,86650e5d-91e0-448a-a44e-5052bd7fde4d,1,2688.426555
2026/02/04/14:09:44,apply-time,rs-001251-k6ggh,ccd4e1fd-6231-49dc-8965-218d63765783,1,2687.426555
2026/02/04/14:09:45,running-time,rs-000783-drbjd,86650e5d-91e0-448a-a44e-5052bd7fde4d,1,2689.426555
2026/02/04/14:09:45,running-time,rs-001251-k6ggh,ccd4e1fd-6231-49dc-8965-218d63765783,1,2689.426555
2026/02/04/14:09:47,running-time,rs-001446-rnkjl,d4b7c0a0-1c9a-4588-bda6-5ea49e657628,2,2691.426555
2026/02/04/14:09:47,running-time,rs-001449-ldsgq,b49e21d3-9658-4c43-81cf-a6741133138e,2,2691.426555
2026/02/04/14:10:02,apply-time,rs-001454-42dbr,d7a34117-be1e-479a-812d-8b70ffbcf4d8,2,2705.426555
2026/02/04/14:10:02,running-time,rs-001454-42dbr,d7a34117-be1e-479a-812d-8b70ffbcf4d8,2,2705.426555
2026/02/04/14:10:02,apply-time,rs-001454-tzr6c,d30d39ec-e39e-4cf6-80ce-07ce1ca591be,2,2705.426555
2026/02/04/14:10:02,apply-time,rs-001454-z7r9q,083ff651-8809-4847-8edf-ee663b0c34c2,2,2705.426555
2026/02/04/14:10:02,running-time,rs-001454-z7r9q,083ff651-8809-4847-8edf-ee663b0c34c2,2,2705.426555
2026/02/04/14:10:02,apply-time,rs-001455-bj9tk,0fd312c5-c681-4cb4-997d-fd82dbe5045d,4,2705.426555
2026/02/04/14:10:02,running-time,rs-001455-bj9tk,0fd312c5-c681-4cb4-997d-fd82dbe5045d,4,2705.426555
2026/02/04/14:10:02,apply-time,rs-001455-w5f8z,59ee1628-aa4a-4780-a2fd-c5ab127232da,4,2705.426555
2026/02/04/14:10:12,apply-time,rs-000976-sbqlt,c416185f-8813-4f49-9005-f7be2ad84d7c,1,2716.426555
2026/02/04/14:10:12,running-time,rs-000976-sbqlt,c416185f-8813-4f49-9005-f7be2ad84d7c,1,2716.426555
2026/02/04/14:10:12,running-time,rs-001455-w5f8z,59ee1628-aa4a-4780-a2fd-c5ab127232da,4,2716.426555
2026/02/04/14:10:22,apply-time,rs-001456-bt65w,27a5cd76-2780-4140-955a-9a127738ee89,1,2726.426555
2026/02/04/14:10:22,running-time,rs-001456-bt65w,27a5cd76-2780-4140-955a-9a127738ee89,1,2726.426555
2026/02/04/14:10:22,apply-time,rs-001456-nndfl,322863df-78a6-4261-9d2e-56334c989cfa,1,2726.426555
2026/02/04/14:10:22,running-time,rs-001456-nndfl,322863df-78a6-4261-9d2e-56334c989cfa,1,2726.426555
2026/02/04/14:10:23,apply-time,rs-001457-5f2rx,209e586b-8f4e-4e88-986d-23fe4bafd27a,1,2726.426555
2026/02/04/14:10:23,running-time,rs-001457-5f2rx,209e586b-8f4e-4e88-986d-23fe4bafd27a,1,2726.426555
2026/02/04/14:10:23,apply-time,rs-001457-g4wrz,d7a2349c-a171-40fd-b9d9-8c834da16484,1,2726.426555
2026/02/04/14:10:23,running-time,rs-001457-g4wrz,d7a2349c-a171-40fd-b9d9-8c834da16484,1,2726.426555
2026/02/04/14:10:23,apply-time,rs-001457-xcpfj,2da8bf67-2ca7-46fb-8064-3dc207571cec,1,2726.426555
2026/02/04/14:10:23,apply-time,rs-001458-zx6fq,97371b9e-1c1c-4b89-9209-57a05b81586c,1,2726.426555
2026/02/04/14:10:23,running-time,rs-001458-zx6fq,97371b9e-1c1c-4b89-9209-57a05b81586c,1,2726.426555
2026/02/04/14:10:35,apply-time,rs-001459-pl5xl,6a87c231-8ba1-426b-afce-63fdddf049ab,2,2739.426555
2026/02/04/14:10:35,running-time,rs-001459-pl5xl,6a87c231-8ba1-426b-afce-63fdddf049ab,2,2739.426555
2026/02/04/14:10:35,apply-time,rs-001460-z8vzg,fc4e6b92-8f6b-498b-bd8a-98ea43a7bbd6,4,2739.426555
2026/02/04/14:10:35,running-time,rs-001460-z8vzg,fc4e6b92-8f6b-498b-bd8a-98ea43a7bbd6,4,2739.426555
2026/02/04/14:10:35,apply-time,rs-001461-lq7kf,b0b3bf20-c430-4517-a45f-a6fc79cad4db,2,2739.426555
2026/02/04/14:10:35,running-time,rs-001461-lq7kf,b0b3bf20-c430-4517-a45f-a6fc79cad4db,2,2739.426555
2026/02/04/14:10:35,apply-time,rs-001462-77cvz,c8743f4e-b5ff-4fd1-acfc-93722269779b,1,2739.426555
2026/02/04/14:10:35,apply-time,rs-001462-clrnt,500a230e-853b-48c9-8cc9-26b934e5731d,1,2739.426555
2026/02/04/14:10:35,apply-time,rs-001463-5zqtv,afb74628-bbc5-4a32-becd-b58d67462182,4,2739.426555
2026/02/04/14:10:35,running-time,rs-001463-5zqtv,afb74628-bbc5-4a32-becd-b58d67462182,4,2739.426555
2026/02/04/14:10:35,apply-time,rs-001464-26gnz,a6ddd7de-e238-422f-b162-409dc000e681,4,2739.426555
2026/02/04/14:10:35,apply-time,rs-001464-w2zx2,e6c6a921-c956-473c-a175-6af54cdf7471,4,2739.426555
2026/02/04/14:10:35,running-time,rs-001464-w2zx2,e6c6a921-c956-473c-a175-6af54cdf7471,4,2739.426555
2026/02/04/14:10:36,running-time,rs-001462-77cvz,c8743f4e-b5ff-4fd1-acfc-93722269779b,1,2739.426555
2026/02/04/14:10:36,running-time,rs-001462-clrnt,500a230e-853b-48c9-8cc9-26b934e5731d,1,2740.426555
2026/02/04/14:10:36,running-time,rs-001464-26gnz,a6ddd7de-e238-422f-b162-409dc000e681,4,2739.426555
2026/02/04/14:10:36,apply-time,rs-001465-2svpj,aa99b5e9-2dab-4535-89c0-0359d0169d27,1,2740.426555
2026/02/04/14:10:36,running-time,rs-001465-2svpj,aa99b5e9-2dab-4535-89c0-0359d0169d27,1,2740.426555
2026/02/04/14:10:36,apply-time,rs-001465-x57jn,69f6a934-264d-455e-9d84-e15e4139d316,1,2740.426555
2026/02/04/14:10:36,running-time,rs-001465-x57jn,69f6a934-264d-455e-9d84-e15e4139d316,1,2740.426555
2026/02/04/14:10:36,apply-time,rs-001466-vf8k8,314e4cc1-b7d9-4578-8687-ed8450262cd4,3,2740.426555
2026/02/04/14:10:55,apply-time,rs-001467-lvl6p,b9bd9f12-c847-4465-bf8f-9453285aa7b2,1,2758.426555
2026/02/04/14:10:55,running-time,rs-001467-lvl6p,b9bd9f12-c847-4465-bf8f-9453285aa7b2,1,2758.426555
2026/02/04/14:10:55,apply-time,rs-001468-2q7l9,c64a9708-d318-4025-989e-5cbb61590409,4,2758.426555
2026/02/04/14:10:55,running-time,rs-001468-2q7l9,c64a9708-d318-4025-989e-5cbb61590409,4,2758.426555
2026/02/04/14:10:55,apply-time,rs-001468-4gjpb,f6484882-243b-404f-980b-e53114f86eb3,4,2758.426555
2026/02/04/14:10:55,running-time,rs-001468-4gjpb,f6484882-243b-404f-980b-e53114f86eb3,4,2758.426555
2026/02/04/14:10:55,apply-time,rs-001468-cnk4v,8b947653-6a3b-47e7-86ff-63edd3501f00,4,2758.426555
2026/02/04/14:10:55,running-time,rs-001468-cnk4v,8b947653-6a3b-47e7-86ff-63edd3501f00,4,2758.426555
2026/02/04/14:10:55,apply-time,rs-001469-gj89v,f19f15ff-38ec-4377-b09c-5981477cebd5,1,2758.426555
2026/02/04/14:10:55,running-time,rs-001469-gj89v,f19f15ff-38ec-4377-b09c-5981477cebd5,1,2758.426555
2026/02/04/14:10:55,apply-time,rs-001470-7cpnk,546ffb0c-dded-4908-b038-ac5bd488e5b9,1,2758.426555
2026/02/04/14:10:55,running-time,rs-001470-7cpnk,546ffb0c-dded-4908-b038-ac5bd488e5b9,1,2758.426555
2026/02/04/14:10:55,apply-time,rs-001470-w79tr,ea50467c-8a12-433b-ac99-3d2f3b59ebf0,1,2758.426555
2026/02/04/14:10:55,running-time,rs-001470-w79tr,ea50467c-8a12-433b-ac99-3d2f3b59ebf0,1,2758.426555
2026/02/04/14:10:55,apply-time,rs-001471-sjskr,c4ca7444-4ee0-40f5-ae0b-a68bc113970f,1,2758.426555
2026/02/04/14:10:55,running-time,rs-001471-sjskr,c4ca7444-4ee0-40f5-ae0b-a68bc113970f,1,2758.426555
2026/02/04/14:10:55,apply-time,rs-001471-z6p7m,0e67f4e9-b19c-40b9-935b-49f00c242312,1,2758.426555
2026/02/04/14:10:57,running-time,rs-001471-z6p7m,0e67f4e9-b19c-40b9-935b-49f00c242312,1,2761.426555
2026/02/04/14:11:00,apply-time,rs-001472-ltzph,fc175416-0f63-4562-bab5-aeb6585fa33b,2,2763.426555
2026/02/04/14:11:00,running-time,rs-001472-ltzph,fc175416-0f63-4562-bab5-aeb6585fa33b,2,2763.426555
2026/02/04/14:11:00,apply-time,rs-001473-75f4c,6271b1b1-8a7b-4090-9ce0-9c08d4c05dc0,4,2763.426555
2026/02/04/14:11:00,running-time,rs-001473-75f4c,6271b1b1-8a7b-4090-9ce0-9c08d4c05dc0,4,2763.426555
2026/02/04/14:11:00,apply-time,rs-001473-f24wq,2d70da19-66f1-46ba-9b33-96ba8dea8f1b,4,2763.426555
2026/02/04/14:11:00,running-time,rs-001473-f24wq,2d70da19-66f1-46ba-9b33-96ba8dea8f1b,4,2763.426555
2026/02/04/14:11:00,apply-time,rs-001473-qgphp,76db4ed7-4c11-493e-9811-b0806bb504da,4,2763.426555
2026/02/04/14:11:00,running-time,rs-001473-qgphp,76db4ed7-4c11-493e-9811-b0806bb504da,4,2763.426555
2026/02/04/14:11:00,apply-time,rs-001474-bqlrq,9f0414dc-4485-4ee9-82c1-96bc0b77dd82,2,2763.426555
2026/02/04/14:11:00,apply-time,rs-001475-s5s7n,33cb2fb4-ec4d-4a13-9237-037410369442,4,2763.426555
2026/02/04/14:11:00,running-time,rs-001475-s5s7n,33cb2fb4-ec4d-4a13-9237-037410369442,4,2763.426555
2026/02/04/14:11:00,apply-time,rs-001475-wfsjr,f2087a51-1ee8-4d4e-9403-7c12ff3694d1,4,2763.426555
2026/02/04/14:11:00,running-time,rs-001475-wfsjr,f2087a51-1ee8-4d4e-9403-7c12ff3694d1,4,2763.426555
2026/02/04/14:11:00,apply-time,rs-001476-v98n4,f267053f-1f0d-4e4f-99b8-ccacf97a0242,3,2763.426555
2026/02/04/14:11:00,running-time,rs-001476-v98n4,f267053f-1f0d-4e4f-99b8-ccacf97a0242,3,2763.426555
2026/02/04/14:11:00,apply-time,rs-001477-m6p4l,82981392-1394-427a-8949-18d927df2c91,2,2763.426555
2026/02/04/14:11:00,running-time,rs-001477-m6p4l,82981392-1394-427a-8949-18d927df2c91,2,2763.426555
2026/02/04/14:11:00,apply-time,rs-001477-qkqlk,d30ad930-3d79-4726-9198-1b7d0f27041c,2,2764.426555
2026/02/04/14:11:00,running-time,rs-001477-qkqlk,d30ad930-3d79-4726-9198-1b7d0f27041c,2,2764.426555
2026/02/04/14:11:00,apply-time,rs-001477-rkqst,62a8087f-c450-4a9a-b829-eb1f81969e70,2,2764.426555
2026/02/04/14:11:00,running-time,rs-001477-rkqst,62a8087f-c450-4a9a-b829-eb1f81969e70,2,2764.426555
2026/02/04/14:11:00,apply-time,rs-001478-4bp9d,a9bdf133-167a-4531-9eae-158e019733f7,1,2763.426555
2026/02/04/14:11:00,running-time,rs-001478-4bp9d,a9bdf133-167a-4531-9eae-158e019733f7,1,2763.426555
2026/02/04/14:11:00,apply-time,rs-001479-h4g97,f1b22368-1223-437e-ae72-8f67fb523d36,3,2763.426555
2026/02/04/14:11:00,running-time,rs-001479-h4g97,f1b22368-1223-437e-ae72-8f67fb523d36,3,2764.426555
2026/02/04/14:11:00,apply-time,rs-001479-qml4c,4d96c996-bd2e-46a9-8f76-99d8c43abb25,3,2764.426555
2026/02/04/14:11:01,apply-time,rs-001480-555km,4e97f7ff-5a92-4084-a007-f02077537e4f,2,2764.426555
2026/02/04/14:11:01,running-time,rs-001480-555km,4e97f7ff-5a92-4084-a007-f02077537e4f,2,2764.426555
2026/02/04/14:11:01,apply-time,rs-001480-ctvh4,13c6fc4e-6f72-460d-9386-6e85d7648109,2,2764.426555
2026/02/04/14:11:01,running-time,rs-001480-ctvh4,13c6fc4e-6f72-460d-9386-6e85d7648109,2,2764.426555
2026/02/04/14:11:01,apply-time,rs-001480-lnqfx,4ce82bc7-2489-496e-bae4-55055a621f0f,2,2764.426555
2026/02/04/14:11:01,running-time,rs-001480-lnqfx,4ce82bc7-2489-496e-bae4-55055a621f0f,2,2764.426555
2026/02/04/14:11:01,apply-time,rs-001481-c6qjx,d51bddb1-1903-46c9-b07d-d56b47dd3e60,1,2764.426555
2026/02/04/14:11:01,running-time,rs-001481-c6qjx,d51bddb1-1903-46c9-b07d-d56b47dd3e60,1,2764.426555
2026/02/04/14:11:01,apply-time,rs-001481-sndn6,929b4be0-31f6-4a46-b296-d44170251510,1,2764.426555
2026/02/04/14:11:01,running-time,rs-001481-sndn6,929b4be0-31f6-4a46-b296-d44170251510,1,2764.426555
2026/02/04/14:11:01,apply-time,rs-001482-9q87f,65062337-b08d-481b-93ed-c7cea3bcc09a,4,2764.426555
2026/02/04/14:11:01,apply-time,rs-001482-skddt,6582dae2-fdfa-411d-a75a-5af45546b79b,4,2765.426555
2026/02/04/14:11:01,apply-time,rs-001483-blr5r,018f3c18-a33f-45e1-ab94-4429ffd5b368,3,2764.426555
2026/02/04/14:11:01,apply-time,rs-001485-b774g,50002c18-9d0b-49ef-92dc-fc1f06ef80b8,2,2765.426555
2026/02/04/14:11:01,apply-time,rs-001485-rrxnj,6e35c9d5-a31e-43c3-b191-51640c1e5388,2,2765.426555
2026/02/04/14:11:01,apply-time,rs-001485-vjz7n,fb8b5957-2aae-43a6-b8e5-c4494b1c069f,2,2765.426555
2026/02/04/14:11:02,running-time,rs-001479-qml4c,4d96c996-bd2e-46a9-8f76-99d8c43abb25,3,2765.426555
2026/02/04/14:11:02,apply-time,rs-001484-4vwhc,e24feede-dfa4-4b80-8c2a-88370da33a0b,1,2765.426555
2026/02/04/14:11:02,running-time,rs-001484-4vwhc,e24feede-dfa4-4b80-8c2a-88370da33a0b,1,2765.426555
2026/02/04/14:11:02,apply-time,rs-001484-q8dh8,3ee8093d-bc9a-4867-8b42-99784f2b5f93,1,2765.426555
2026/02/04/14:11:02,running-time,rs-001484-q8dh8,3ee8093d-bc9a-4867-8b42-99784f2b5f93,1,2765.426555
2026/02/04/14:11:02,apply-time,rs-001486-56q5k,06a34d8e-0b97-48c9-ab0a-80367f79997d,1,2765.426555
2026/02/04/14:11:02,apply-time,rs-001486-5dpd2,2db504a3-f60d-4612-bc11-162761d4a40a,1,2765.426555
2026/02/04/14:11:02,apply-time,rs-001487-d7jqs,7c55d586-0048-4647-b5be-b99485cc2724,1,2765.426555
2026/02/04/14:11:02,apply-time,rs-001487-kfmmq,3a833e48-33a6-49d8-8868-3851e66690a2,1,2765.426555
2026/02/04/14:11:02,apply-time,rs-001488-bblzw,27d486f1-8af3-47b6-a623-ab1999c782b3,1,2765.426555
2026/02/04/14:11:03,apply-time,rs-001489-4skdw,f4e8b18f-cb75-453e-bf47-82a208c503b8,2,2766.426555
2026/02/04/14:11:03,running-time,rs-001489-4skdw,f4e8b18f-cb75-453e-bf47-82a208c503b8,2,2766.426555
2026/02/04/14:11:03,apply-time,rs-001489-5q9mx,f4e8de26-ddd1-4b7a-8e76-0b921eb3a736,2,2766.426555
2026/02/04/14:11:03,apply-time,rs-001489-5stmn,8823db7e-1923-4568-8c67-ce28ac4e3509,2,2766.426555
2026/02/04/14:11:03,running-time,rs-001489-5stmn,8823db7e-1923-4568-8c67-ce28ac4e3509,2,2766.426555
2026/02/04/14:11:03,apply-time,rs-001490-rfkjc,1991b7d4-c5fe-4ea1-89d4-c61272ee8aad,1,2766.426555
2026/02/04/14:11:03,running-time,rs-001490-rfkjc,1991b7d4-c5fe-4ea1-89d4-c61272ee8aad,1,2766.426555
2026/02/04/14:11:03,apply-time,rs-001491-9rfxl,b4d08471-fd50-4ac1-a19f-eaa525fd4653,2,2767.426555
2026/02/04/14:11:03,apply-time,rs-001491-c2mn2,66dbcf84-16b3-4544-93df-8352f129a35f,2,2767.426555
2026/02/04/14:11:03,apply-time,rs-001491-knscj,3afac06d-0ccb-467b-821d-9bdf7f09791a,2,2767.426555
2026/02/04/14:11:03,apply-time,rs-001492-4ldlt,3d88ab16-4376-4e31-b74f-1c407a9b3f70,2,2767.426555
2026/02/04/14:11:03,apply-time,rs-001494-vjb5w,fcd8eef9-6cc7-40fc-bb91-52c66a117a71,1,2767.426555
2026/02/04/14:11:04,running-time,rs-001489-5q9mx,f4e8de26-ddd1-4b7a-8e76-0b921eb3a736,2,2767.426555
2026/02/04/14:11:04,apply-time,rs-001492-d526s,35642e4c-a7fc-4ad4-9d23-7f11cc8ab7c9,2,2767.426555
2026/02/04/14:11:04,apply-time,rs-001493-52v78,8f1ef544-2498-403c-8efd-7795db63fff4,2,2767.426555
2026/02/04/14:11:04,apply-time,rs-001493-p9zcs,d1243095-f012-4d91-b92e-b95e5902e3fc,2,2767.426555
2026/02/04/14:11:04,apply-time,rs-001493-wh87f,affe0fde-8de9-41c8-88bb-44ebb8eba5ce,2,2767.426555
2026/02/04/14:11:04,apply-time,rs-001495-v4d9j,964bdecb-a6d5-41e7-b6b4-780b665dd920,2,2767.426555
2026/02/04/14:11:04,running-time,rs-001495-v4d9j,964bdecb-a6d5-41e7-b6b4-780b665dd920,2,2768.426555
2026/02/04/14:11:04,apply-time,rs-001496-lc869,709b1a54-014b-4e82-a541-bee73b8d80c7,3,2767.426555
2026/02/04/14:11:04,apply-time,rs-001497-g6nz2,3d48ef53-90b9-479f-b50f-c5863d3bbdfc,4,2768.426555
2026/02/04/14:11:04,apply-time,rs-001498-w97nn,23ef8a60-5f93-41cc-828d-07d99801f652,1,2768.426555
2026/02/04/14:11:04,apply-time,rs-001499-5ldxr,89a1f7e2-ac17-42c5-9aaf-e886d479165a,1,2768.426555
2026/02/04/14:11:04,running-time,rs-001499-5ldxr,89a1f7e2-ac17-42c5-9aaf-e886d479165a,1,2768.426555
2026/02/04/14:11:04,apply-time,rs-001500-t4tqq,e2290fb6-d56e-499b-a0f3-e1a43a612f96,2,2768.426555
2026/02/04/14:11:05,apply-time,rs-001499-5sqn9,b0df65db-b671-4946-a5ad-88aeddd946c6,1,2768.426555
2026/02/04/14:11:05,apply-time,rs-001499-skgd9,c6741133-e3f1-4c0f-a872-5cdcd93d98f6,1,2768.426555
2026/02/04/14:11:05,running-time,rs-001499-skgd9,c6741133-e3f1-4c0f-a872-5cdcd93d98f6,1,2768.426555
2026/02/04/14:11:06,running-time,rs-001499-5sqn9,b0df65db-b671-4946-a5ad-88aeddd946c6,1,2770.426555
2026/02/04/14:11:06,apply-time,rs-001501-rflx7,d1fe9f8a-6d21-45e2-887d-0c2a52bc63d4,1,2769.426555
2026/02/04/14:11:06,apply-time,rs-001501-ttkr7,a051f472-2a01-45ed-99f2-242fe42e0e5b,1,2769.426555
2026/02/04/14:11:06,apply-time,rs-001501-wtcm2,73962eca-4055-40ea-803e-789c61894835,1,2769.426555
2026/02/04/14:11:06,apply-time,rs-001502-ffs2t,57bf2a23-8212-4dad-a1d9-b3110c179dfb,1,2769.426555
2026/02/04/14:11:06,running-time,rs-001502-ffs2t,57bf2a23-8212-4dad-a1d9-b3110c179dfb,1,2769.426555
2026/02/04/14:11:06,apply-time,rs-001502-q9hr6,d089752b-9aa1-42e1-bb48-355fb5c55d7c,1,2769.426555
2026/02/04/14:11:07,running-time,rs-001483-blr5r,018f3c18-a33f-45e1-ab94-4429ffd5b368,3,2770.426555
2026/02/04/14:11:07,running-time,rs-001497-g6nz2,3d48ef53-90b9-479f-b50f-c5863d3bbdfc,4,2770.426555
2026/02/04/14:11:07,running-time,rs-001500-t4tqq,e2290fb6-d56e-499b-a0f3-e1a43a612f96,2,2770.426555
2026/02/04/14:11:07,running-time,rs-001502-q9hr6,d089752b-9aa1-42e1-bb48-355fb5c55d7c,1,2770.426555
2026/02/04/14:11:08,running-time,rs-001487-kfmmq,3a833e48-33a6-49d8-8868-3851e66690a2,1,2771.426555
2026/02/04/14:11:09,running-time,rs-001494-vjb5w,fcd8eef9-6cc7-40fc-bb91-52c66a117a71,1,2772.426555
2026/02/04/14:11:09,running-time,rs-001496-lc869,709b1a54-014b-4e82-a541-bee73b8d80c7,3,2772.426555
2026/02/04/14:11:11,running-time,rs-001492-d526s,35642e4c-a7fc-4ad4-9d23-7f11cc8ab7c9,2,2774.426555
2026/02/04/14:11:13,running-time,rs-001492-4ldlt,3d88ab16-4376-4e31-b74f-1c407a9b3f70,2,2776.426555
2026/02/04/14:11:33,apply-time,rs-001503-9dfgg,b5517225-3ca3-4e66-b9fc-52bfeea3c264,2,2796.426555
2026/02/04/14:11:33,running-time,rs-001503-9dfgg,b5517225-3ca3-4e66-b9fc-52bfeea3c264,2,2797.426555
2026/02/04/14:11:33,apply-time,rs-001504-ztgq4,74e3a15b-f707-481f-b312-da12d6790fc0,2,2796.426555
2026/02/04/14:11:33,running-time,rs-001504-ztgq4,74e3a15b-f707-481f-b312-da12d6790fc0,2,2797.426555
2026/02/04/14:11:33,apply-time,rs-001505-l6mh9,07a2dcdb-f1fe-48cc-bb01-985caee17594,1,2796.426555
2026/02/04/14:11:33,running-time,rs-001505-l6mh9,07a2dcdb-f1fe-48cc-bb01-985caee17594,1,2797.426555
2026/02/04/14:11:33,apply-time,rs-001506-kkclv,adb49fe3-6d36-4ebc-8673-762eea888f42,3,2796.426555
2026/02/04/14:11:33,running-time,rs-001506-kkclv,adb49fe3-6d36-4ebc-8673-762eea888f42,3,2796.426555
2026/02/04/14:11:33,apply-time,rs-001507-cwdjw,d46e7d6e-ef72-426a-8290-181069b39881,3,2796.426555
2026/02/04/14:11:33,running-time,rs-001507-cwdjw,d46e7d6e-ef72-426a-8290-181069b39881,3,2797.426555
2026/02/04/14:11:33,apply-time,rs-001508-m9444,0d2b3f7a-f2e9-4af1-a288-af43f4f9448d,1,2797.426555
2026/02/04/14:11:33,apply-time,rs-001508-nmxz8,f7d48b54-058b-4f7a-82f4-e07fd683c32d,1,2797.426555
2026/02/04/14:11:33,apply-time,rs-001508-r55lq,0ba5b0ab-20bd-4c59-b97f-6e8c78472e53,1,2797.426555
2026/02/04/14:11:33,apply-time,rs-001509-bcw5h,d26e49be-c8e0-4c4b-86d3-c86e850899fc,2,2797.426555
2026/02/04/14:11:33,apply-time,rs-001510-mnw94,1e1ea077-3222-4b4b-a459-03e75d6849ca,1,2797.426555
2026/02/04/14:11:33,running-time,rs-001510-mnw94,1e1ea077-3222-4b4b-a459-03e75d6849ca,1,2797.426555
2026/02/04/14:11:33,apply-time,rs-001511-g5x46,cfc73580-f3ae-484a-a1d8-4e342bada61c,2,2797.426555
2026/02/04/14:11:33,running-time,rs-001511-g5x46,cfc73580-f3ae-484a-a1d8-4e342bada61c,2,2797.426555
2026/02/04/14:11:33,apply-time,rs-001512-fcpw5,f3c053d0-1666-4f0f-b2d2-d7f7ce042a1f,1,2797.426555
2026/02/04/14:11:33,apply-time,rs-001512-hwdqp,d0d0b3f7-0f5f-4a37-abb5-1802f4bfb968,1,2797.426555
2026/02/04/14:11:33,running-time,rs-001512-hwdqp,d0d0b3f7-0f5f-4a37-abb5-1802f4bfb968,1,2797.426555
2026/02/04/14:11:34,apply-time,rs-001511-c6grk,acd96ecb-4256-43c9-ba5c-ac2a22f3434b,2,2797.426555
2026/02/04/14:11:34,apply-time,rs-001513-mspt8,14e81668-d0df-4454-a7f5-f058752b2878,3,2798.426555
2026/02/04/14:11:34,running-time,rs-001513-mspt8,14e81668-d0df-4454-a7f5-f058752b2878,3,2798.426555
2026/02/04/14:11:34,apply-time,rs-001513-qwtqd,dad2b092-d32f-47cf-a1ee-ac1f29629c69,3,2797.426555
2026/02/04/14:11:34,running-time,rs-001513-qwtqd,dad2b092-d32f-47cf-a1ee-ac1f29629c69,3,2797.426555
2026/02/04/14:11:34,apply-time,rs-001513-wk8pd,5a031271-081e-4e1a-9a7f-9012084e32fd,3,2798.426555
2026/02/04/14:11:34,running-time,rs-001513-wk8pd,5a031271-081e-4e1a-9a7f-9012084e32fd,3,2798.426555
2026/02/04/14:11:34,apply-time,rs-001514-b4cgj,6382624e-ef2c-444c-92bf-dcfa633e52d6,4,2797.426555
2026/02/04/14:11:34,running-time,rs-001514-b4cgj,6382624e-ef2c-444c-92bf-dcfa633e52d6,4,2798.426555
2026/02/04/14:11:34,apply-time,rs-001514-bvz9d,594e7571-6705-41f6-8ad2-4d60f97b50b1,4,2798.426555
2026/02/04/14:11:34,running-time,rs-001514-bvz9d,594e7571-6705-41f6-8ad2-4d60f97b50b1,4,2798.426555
2026/02/04/14:11:34,apply-time,rs-001514-gtmqc,1949b6e7-2401-4758-a1cf-fe7eb8bba193,4,2798.426555
2026/02/04/14:11:34,running-time,rs-001514-gtmqc,1949b6e7-2401-4758-a1cf-fe7eb8bba193,4,2798.426555
2026/02/04/14:11:35,apply-time,rs-001515-kzpq2,66df71ac-c0ee-42ec-ba5c-7cb0e61d3b57,3,2799.426555
2026/02/04/14:11:35,apply-time,rs-001515-lqs5j,7cb0ae36-2eca-4a62-8d38-4078cf5aa4c7,3,2799.426555
2026/02/04/14:11:35,apply-time,rs-001515-w8ckq,4e2f649e-264f-4943-8f09-e7f49f5f45d7,3,2799.426555
2026/02/04/14:11:36,running-time,rs-001508-nmxz8,f7d48b54-058b-4f7a-82f4-e07fd683c32d,1,2799.426555
2026/02/04/14:11:36,running-time,rs-001508-r55lq,0ba5b0ab-20bd-4c59-b97f-6e8c78472e53,1,2800.426555
2026/02/04/14:11:36,running-time,rs-001515-kzpq2,66df71ac-c0ee-42ec-ba5c-7cb0e61d3b57,3,2799.426555
2026/02/04/14:11:36,running-time,rs-001515-lqs5j,7cb0ae36-2eca-4a62-8d38-4078cf5aa4c7,3,2799.426555
2026/02/04/14:11:36,running-time,rs-001515-w8ckq,4e2f649e-264f-4943-8f09-e7f49f5f45d7,3,2799.426555
2026/02/04/14:11:44,running-time,rs-001509-bcw5h,d26e49be-c8e0-4c4b-86d3-c86e850899fc,2,2808.426555
2026/02/04/14:11:47,apply-time,rs-001516-8tkd2,292ad953-5573-4984-a622-86febb8bc8b7,1,2811.426555
2026/02/04/14:11:47,running-time,rs-001516-8tkd2,292ad953-5573-4984-a622-86febb8bc8b7,1,2811.426555
2026/02/04/14:11:47,apply-time,rs-001516-j7vqr,8fc39ce5-e2f7-4bb1-baae-f73da0c1ce88,1,2811.426555
2026/02/04/14:11:47,running-time,rs-001516-j7vqr,8fc39ce5-e2f7-4bb1-baae-f73da0c1ce88,1,2811.426555
2026/02/04/14:11:47,apply-time,rs-001516-vtc2r,acec8ef5-1206-408a-aadc-ddc32f68d3e5,1,2811.426555
2026/02/04/14:11:47,running-time,rs-001516-vtc2r,acec8ef5-1206-408a-aadc-ddc32f68d3e5,1,2811.426555
2026/02/04/14:11:47,apply-time,rs-001517-b77km,f0e0aa70-df17-43ba-94fb-a18188ecd7c2,2,2811.426555
2026/02/04/14:11:47,running-time,rs-001517-b77km,f0e0aa70-df17-43ba-94fb-a18188ecd7c2,2,2811.426555
2026/02/04/14:11:47,apply-time,rs-001518-7t8gg,a9b30e74-6a7e-46db-bb81-0f24128b305c,4,2811.426555
2026/02/04/14:11:47,running-time,rs-001518-7t8gg,a9b30e74-6a7e-46db-bb81-0f24128b305c,4,2811.426555
2026/02/04/14:11:47,apply-time,rs-001518-plnt7,00f253ea-b28a-4a45-896e-1eee2764fb33,4,2811.426555
2026/02/04/14:11:47,apply-time,rs-001519-bm6vz,9f092694-9cd4-495f-90cf-dec9f8fd6163,3,2811.426555
2026/02/04/14:11:47,running-time,rs-001519-bm6vz,9f092694-9cd4-495f-90cf-dec9f8fd6163,3,2811.426555
2026/02/04/14:11:47,apply-time,rs-001519-rh96q,e78672c4-a6f5-453e-b99b-4d67802557d0,3,2811.426555
2026/02/04/14:11:47,apply-time,rs-001519-v56c4,15bb329c-e36a-48c6-83ba-2ce1c3dd66a5,3,2811.426555
2026/02/04/14:11:47,running-time,rs-001519-v56c4,15bb329c-e36a-48c6-83ba-2ce1c3dd66a5,3,2811.426555
2026/02/04/14:11:47,apply-time,rs-001520-mj7bx,f97b0d28-03fb-4ed0-a995-8b6a397f9be8,4,2811.426555
2026/02/04/14:11:47,running-time,rs-001520-mj7bx,f97b0d28-03fb-4ed0-a995-8b6a397f9be8,4,2811.426555
2026/02/04/14:11:47,apply-time,rs-001520-njx4k,92ebaf94-b50c-443c-9195-2f4e5c73eb15,4,2811.426555
2026/02/04/14:11:47,running-time,rs-001520-njx4k,92ebaf94-b50c-443c-9195-2f4e5c73eb15,4,2811.426555
2026/02/04/14:11:48,apply-time,rs-001521-bhngs,6eb50386-651c-447f-9fcc-9d66d90ea61c,2,2811.426555
2026/02/04/14:11:48,apply-time,rs-001521-c6mt4,6b40519c-b085-4fe9-9c5b-9ba182fd2721,2,2811.426555
2026/02/04/14:11:48,apply-time,rs-001521-skp2k,faeab49e-7df3-411c-8166-0e5bded3b995,2,2811.426555
2026/02/04/14:11:49,running-time,rs-001519-rh96q,e78672c4-a6f5-453e-b99b-4d67802557d0,3,2813.426555
2026/02/04/14:12:10,apply-time,rs-001522-hwmpw,3acedf19-40c7-4dc2-8efc-72836cb0222b,1,2833.426555
2026/02/04/14:12:10,running-time,rs-001522-hwmpw,3acedf19-40c7-4dc2-8efc-72836cb0222b,1,2833.426555
2026/02/04/14:12:10,apply-time,rs-001522-r8lll,40f30a71-6eef-4bc3-8bd4-9d9b56c6c485,1,2833.426555
2026/02/04/14:12:10,running-time,rs-001522-r8lll,40f30a71-6eef-4bc3-8bd4-9d9b56c6c485,1,2833.426555
2026/02/04/14:12:10,apply-time,rs-001522-t4jrz,451602be-b9cd-4c5f-8682-907f1d5d17f3,1,2833.426555
2026/02/04/14:12:10,running-time,rs-001522-t4jrz,451602be-b9cd-4c5f-8682-907f1d5d17f3,1,2833.426555
2026/02/04/14:12:10,apply-time,rs-001523-nfqtd,fa7849fc-3dd1-4ffa-b991-b020c181870c,4,2833.426555
2026/02/04/14:12:10,running-time,rs-001523-nfqtd,fa7849fc-3dd1-4ffa-b991-b020c181870c,4,2833.426555
2026/02/04/14:12:10,apply-time,rs-001523-rlk5f,ee8b7dfc-d09d-4466-ac65-f7d094b7bb5b,4,2833.426555
2026/02/04/14:12:10,running-time,rs-001523-rlk5f,ee8b7dfc-d09d-4466-ac65-f7d094b7bb5b,4,2833.426555
2026/02/04/14:12:12,apply-time,rs-001524-scdqv,5ec0ece3-a461-4b70-b491-58be8d29175e,2,2836.426555
2026/02/04/14:12:12,running-time,rs-001524-scdqv,5ec0ece3-a461-4b70-b491-58be8d29175e,2,2836.426555
2026/02/04/14:12:12,apply-time,rs-001525-fk5jc,2ec8c042-b5b4-4870-83bd-cbe105f5078d,1,2836.426555
2026/02/04/14:12:12,running-time,rs-001525-fk5jc,2ec8c042-b5b4-4870-83bd-cbe105f5078d,1,2836.426555
2026/02/04/14:12:12,apply-time,rs-001525-xdtsg,248d45fd-a736-4527-ac73-1d5cfde3e1f8,1,2836.426555
2026/02/04/14:12:12,running-time,rs-001525-xdtsg,248d45fd-a736-4527-ac73-1d5cfde3e1f8,1,2836.426555
2026/02/04/14:12:12,apply-time,rs-001526-7bnf7,bc8ccce1-f19a-4bc0-89a3-bd620bb5b01d,4,2836.426555
2026/02/04/14:12:12,running-time,rs-001526-7bnf7,bc8ccce1-f19a-4bc0-89a3-bd620bb5b01d,4,2836.426555
2026/02/04/14:12:12,apply-time,rs-001526-vd8bt,46bb349e-dce2-4e2c-8b26-0cd0aad7629f,4,2836.426555
2026/02/04/14:12:12,running-time,rs-001526-vd8bt,46bb349e-dce2-4e2c-8b26-0cd0aad7629f,4,2836.426555
2026/02/04/14:12:12,apply-time,rs-001527-b6jhh,0ee13508-d03e-4ae6-a632-bd9ff4f17f94,1,2836.426555
2026/02/04/14:12:12,apply-time,rs-001527-vgssj,ddf970c6-dcec-4d2d-9ca0-8efb5c60982a,1,2836.426555
2026/02/04/14:12:12,apply-time,rs-001527-vvrzt,6bf549f1-7557-4391-9f64-5840ffd786eb,1,2836.426555
2026/02/04/14:12:12,apply-time,rs-001528-22mtb,b9c5890b-73c2-453a-894f-a2a6ad96871b,2,2836.426555
2026/02/04/14:12:12,running-time,rs-001528-22mtb,b9c5890b-73c2-453a-894f-a2a6ad96871b,2,2836.426555
2026/02/04/14:12:12,apply-time,rs-001528-2x6w7,4986963c-71d5-4388-918d-0abb4875dde6,2,2836.426555
2026/02/04/14:12:12,running-time,rs-001528-2x6w7,4986963c-71d5-4388-918d-0abb4875dde6,2,2836.426555
2026/02/04/14:12:12,apply-time,rs-001529-crhnd,735a5bca-720f-43f8-b3d3-224f4183a84d,1,2836.426555
2026/02/04/14:12:12,running-time,rs-001529-crhnd,735a5bca-720f-43f8-b3d3-224f4183a84d,1,2836.426555
2026/02/04/14:12:12,apply-time,rs-001529-q4h2s,0c14f104-c51c-4508-97c2-d2c70394d262,1,2836.426555
2026/02/04/14:12:12,running-time,rs-001529-q4h2s,0c14f104-c51c-4508-97c2-d2c70394d262,1,2836.426555
2026/02/04/14:12:13,apply-time,rs-001530-w4vds,6bed64c2-bf60-417c-a2b0-6c0bd211ac04,4,2836.426555
2026/02/04/14:12:13,apply-time,rs-001531-p7nmj,50b2a44b-3167-4081-b90b-730204c2a510,4,2836.426555
2026/02/04/14:12:13,running-time,rs-001531-p7nmj,50b2a44b-3167-4081-b90b-730204c2a510,4,2836.426555
2026/02/04/14:12:13,apply-time,rs-001532-ll9cm,6013b669-7c43-4c95-92c4-250c9d10d879,2,2837.426555
2026/02/04/14:12:14,apply-time,rs-001532-qmz72,f14c2dde-3b1a-4827-a34d-aa427b638ae5,2,2837.426555
2026/02/04/14:12:14,apply-time,rs-001533-rh928,937b1d35-f719-4ffa-bced-848e8957ef41,2,2838.426555
2026/02/04/14:12:14,running-time,rs-001533-rh928,937b1d35-f719-4ffa-bced-848e8957ef41,2,2838.426555
2026/02/04/14:12:14,apply-time,rs-001533-zpghm,908391a4-f3a9-4e83-b968-fa21e50fc2f5,2,2837.426555
2026/02/04/14:12:14,running-time,rs-001533-zpghm,908391a4-f3a9-4e83-b968-fa21e50fc2f5,2,2837.426555
2026/02/04/14:12:14,apply-time,rs-001534-tt2c2,f0d19ea2-9fbc-48a1-899a-a1fe5a38f163,3,2837.426555
2026/02/04/14:12:14,apply-time,rs-001535-59sg2,9efd289f-fbf7-4423-8f26-96c922d0a65a,2,2838.426555
2026/02/04/14:12:14,running-time,rs-001535-59sg2,9efd289f-fbf7-4423-8f26-96c922d0a65a,2,2838.426555
2026/02/04/14:12:14,apply-time,rs-001535-78rq4,13d7f1e5-6884-4f47-8787-fddb1eeb9711,2,2838.426555
2026/02/04/14:12:14,running-time,rs-001535-78rq4,13d7f1e5-6884-4f47-8787-fddb1eeb9711,2,2838.426555
2026/02/04/14:12:14,apply-time,rs-001535-tgxbq,ef039c22-e342-40e6-bc0f-1289d7cfa79a,2,2838.426555
2026/02/04/14:12:14,running-time,rs-001535-tgxbq,ef039c22-e342-40e6-bc0f-1289d7cfa79a,2,2838.426555
2026/02/04/14:12:14,apply-time,rs-001536-6ftvb,d131fb90-5e84-4852-a4fa-9cee85957031,2,2837.426555
2026/02/04/14:12:14,running-time,rs-001536-6ftvb,d131fb90-5e84-4852-a4fa-9cee85957031,2,2837.426555
2026/02/04/14:12:14,apply-time,rs-001536-n6llc,f6e600ef-afa2-4866-bf8f-d10e3b3f79ea,2,2838.426555
2026/02/04/14:12:14,running-time,rs-001536-n6llc,f6e600ef-afa2-4866-bf8f-d10e3b3f79ea,2,2838.426555
2026/02/04/14:12:14,apply-time,rs-001537-r2l6m,e76e995c-9ebe-47dd-b41a-17001b49e54c,3,2838.426555
2026/02/04/14:12:14,running-time,rs-001537-r2l6m,e76e995c-9ebe-47dd-b41a-17001b49e54c,3,2838.426555
2026/02/04/14:12:30,running-time,rs-001532-ll9cm,6013b669-7c43-4c95-92c4-250c9d10d879,2,2853.426555
2026/02/04/14:12:34,running-time,rs-001532-qmz72,f14c2dde-3b1a-4827-a34d-aa427b638ae5,2,2857.426555
2026/02/04/14:12:40,apply-time,rs-001538-22gzm,29206039-4c1d-4af8-9957-0dc6148edf03,3,2864.426555
2026/02/04/14:12:40,running-time,rs-001538-22gzm,29206039-4c1d-4af8-9957-0dc6148edf03,3,2864.426555
2026/02/04/14:12:40,apply-time,rs-001538-j8jks,083ccac0-9b46-4ea9-88e3-8ca2396db673,3,2864.426555
2026/02/04/14:12:40,running-time,rs-001538-j8jks,083ccac0-9b46-4ea9-88e3-8ca2396db673,3,2864.426555
2026/02/04/14:12:40,apply-time,rs-001538-j9s95,5cb300ac-b475-4d30-9179-396761c1a91a,3,2864.426555
2026/02/04/14:12:40,running-time,rs-001538-j9s95,5cb300ac-b475-4d30-9179-396761c1a91a,3,2864.426555
2026/02/04/14:12:41,apply-time,rs-001539-ns6qb,67600ca9-e9c7-4384-bfee-2a09fbdbd548,1,2865.426555
2026/02/04/14:12:41,running-time,rs-001539-ns6qb,67600ca9-e9c7-4384-bfee-2a09fbdbd548,1,2865.426555
2026/02/04/14:12:41,apply-time,rs-001539-qhc87,2c3a33b1-c786-4d61-bedb-e4d25047ba6d,1,2865.426555
2026/02/04/14:12:41,running-time,rs-001539-qhc87,2c3a33b1-c786-4d61-bedb-e4d25047ba6d,1,2865.426555
2026/02/04/14:12:41,apply-time,rs-001540-wzs8t,1f47e951-7e56-4bc9-8366-7e509a8b7e05,2,2865.426555
2026/02/04/14:12:41,running-time,rs-001540-wzs8t,1f47e951-7e56-4bc9-8366-7e509a8b7e05,2,2865.426555
2026/02/04/14:12:41,apply-time,rs-001541-8sglh,748fc57f-077c-4328-840d-195faf4f9cf1,2,2865.426555
2026/02/04/14:12:41,apply-time,rs-001542-9ddjn,ff22d37f-0b7e-42aa-a685-21730e2b686f,3,2865.426555
2026/02/04/14:12:41,running-time,rs-001542-9ddjn,ff22d37f-0b7e-42aa-a685-21730e2b686f,3,2865.426555
2026/02/04/14:12:41,apply-time,rs-001542-cq29r,a3ee6128-c82b-49a3-812d-36b76e788392,3,2865.426555
2026/02/04/14:12:41,running-time,rs-001542-cq29r,a3ee6128-c82b-49a3-812d-36b76e788392,3,2865.426555
2026/02/04/14:12:44,running-time,rs-001541-8sglh,748fc57f-077c-4328-840d-195faf4f9cf1,2,2868.426555
2026/02/04/14:12:47,apply-time,rs-001543-6xm82,09b480d4-287b-473f-877e-5f6ba8a6794e,2,2870.426555
2026/02/04/14:12:47,running-time,rs-001543-6xm82,09b480d4-287b-473f-877e-5f6ba8a6794e,2,2870.426555
2026/02/04/14:12:47,apply-time,rs-001544-5ddgn,4144674b-bcbf-439a-83a4-7f8d2f97c7ad,1,2870.426555
2026/02/04/14:12:47,apply-time,rs-001544-b6d6x,90f723c2-b025-4893-8d2e-a35cacb00f4f,1,2870.426555
2026/02/04/14:12:47,apply-time,rs-001545-5nsnb,49cd4cbb-6f33-4456-9087-6e12e92a4e84,1,2870.426555
2026/02/04/14:12:47,running-time,rs-001545-5nsnb,49cd4cbb-6f33-4456-9087-6e12e92a4e84,1,2870.426555
2026/02/04/14:12:47,apply-time,rs-001545-pvgql,57488b17-4ace-4c00-aba4-ab815591b5d5,1,2870.426555
2026/02/04/14:12:47,running-time,rs-001545-pvgql,57488b17-4ace-4c00-aba4-ab815591b5d5,1,2870.426555
2026/02/04/14:12:47,apply-time,rs-001546-fcvch,9409158f-771a-42d0-8a85-8eede3906226,1,2870.426555
2026/02/04/14:12:47,running-time,rs-001546-fcvch,9409158f-771a-42d0-8a85-8eede3906226,1,2870.426555
2026/02/04/14:12:47,apply-time,rs-001546-s8n4x,c959c924-bc77-4e1b-bbe1-cacbec1060fc,1,2870.426555
2026/02/04/14:12:47,running-time,rs-001546-s8n4x,c959c924-bc77-4e1b-bbe1-cacbec1060fc,1,2870.426555
2026/02/04/14:12:47,apply-time,rs-001547-bcn57,df6d4e00-13f6-494e-a798-1a1053fe7a03,2,2870.426555
2026/02/04/14:12:47,apply-time,rs-001547-bvpfr,ecca0480-9f21-4f2a-8308-d48b04160918,2,2870.426555
2026/02/04/14:12:47,apply-time,rs-001547-rr4nh,700b222f-3d7b-400c-bff1-bfcc12cb121a,2,2870.426555
2026/02/04/14:12:47,apply-time,rs-001548-989g7,e11e9056-336b-4535-b1ec-f14315bbe3a0,1,2871.426555
2026/02/04/14:12:47,running-time,rs-001548-989g7,e11e9056-336b-4535-b1ec-f14315bbe3a0,1,2871.426555
2026/02/04/14:12:48,apply-time,rs-001549-9nnbf,00e568ae-474c-4c60-b900-793efc8babcb,2,2872.426555
2026/02/04/14:12:48,apply-time,rs-001549-hr67w,f9e423b0-5e42-42b4-9847-202c86da3515,2,2872.426555
2026/02/04/14:12:48,running-time,rs-001549-hr67w,f9e423b0-5e42-42b4-9847-202c86da3515,2,2872.426555
2026/02/04/14:12:48,apply-time,rs-001549-wnl5m,00dcd877-d210-48cc-bc9d-b08fb7e04799,2,2872.426555
2026/02/04/14:12:49,running-time,rs-001549-9nnbf,00e568ae-474c-4c60-b900-793efc8babcb,2,2872.426555
2026/02/04/14:12:49,running-time,rs-001549-wnl5m,00dcd877-d210-48cc-bc9d-b08fb7e04799,2,2873.426555
2026/02/04/14:12:49,apply-time,rs-001550-7l4rf,4b0bb1a2-f0fb-4741-b60b-cc94d8da2f76,4,2873.426555
2026/02/04/14:12:49,apply-time,rs-001550-f96lj,4c1587d3-a684-44f2-aa4b-d1ac41da577e,4,2873.426555
2026/02/04/14:12:49,apply-time,rs-001550-zz5nz,46de5aae-866e-4538-a8f1-9062d36e4fd0,4,2873.426555
2026/02/04/14:12:49,apply-time,rs-001551-ppbnj,2c3834ee-d50c-4ea6-87ac-3c356f458665,4,2873.426555
2026/02/04/14:12:49,running-time,rs-001551-ppbnj,2c3834ee-d50c-4ea6-87ac-3c356f458665,4,2873.426555
2026/02/04/14:12:49,apply-time,rs-001552-77g4p,d417ca8a-f1a8-46cd-acd9-dcd628d72627,2,2873.426555
2026/02/04/14:12:49,running-time,rs-001552-77g4p,d417ca8a-f1a8-46cd-acd9-dcd628d72627,2,2873.426555
2026/02/04/14:12:50,running-time,rs-001547-bvpfr,ecca0480-9f21-4f2a-8308-d48b04160918,2,2874.426555
2026/02/04/14:12:51,apply-time,rs-001553-5g2sn,919295d9-4058-44a8-8cbc-79740abb1994,1,2875.426555
2026/02/04/14:12:51,apply-time,rs-001553-8fkhx,bb143458-b290-4d05-9f01-b17b8435f3a1,1,2875.426555
2026/02/04/14:12:51,running-time,rs-001553-8fkhx,bb143458-b290-4d05-9f01-b17b8435f3a1,1,2875.426555
2026/02/04/14:12:51,apply-time,rs-001554-lmlsb,bca7bef4-5316-4758-9b84-226820d392be,3,2875.426555
2026/02/04/14:12:52,running-time,rs-001553-5g2sn,919295d9-4058-44a8-8cbc-79740abb1994,1,2876.426555
2026/02/04/14:12:54,apply-time,rs-001555-5g298,9f011692-1baf-4e4d-8792-424d08a6d0c2,4,2878.426555
2026/02/04/14:12:54,running-time,rs-001555-5g298,9f011692-1baf-4e4d-8792-424d08a6d0c2,4,2878.426555
2026/02/04/14:12:54,apply-time,rs-001555-hl5g6,5d9be727-b98f-4e18-adfb-c9c38d61ad86,4,2878.426555
2026/02/04/14:12:54,running-time,rs-001555-hl5g6,5d9be727-b98f-4e18-adfb-c9c38d61ad86,4,2878.426555
2026/02/04/14:12:54,apply-time,rs-001556-g676l,ff5f6a46-495a-4876-9081-3ee4a16f4c6b,4,2878.426555
2026/02/04/14:12:57,apply-time,rs-001557-fnwjx,a88e080a-3f5f-4005-95af-1143e8f57df2,3,2880.426555
2026/02/04/14:12:57,running-time,rs-001557-fnwjx,a88e080a-3f5f-4005-95af-1143e8f57df2,3,2881.426555
2026/02/04/14:12:57,apply-time,rs-001557-g4b5h,cd212744-53bc-447c-b717-d3bfc9bd5de9,3,2880.426555
2026/02/04/14:12:57,running-time,rs-001557-g4b5h,cd212744-53bc-447c-b717-d3bfc9bd5de9,3,2880.426555
2026/02/04/14:12:57,apply-time,rs-001557-hmklb,53b30dec-18a8-40b7-a907-b17a3c65cf2a,3,2880.426555
2026/02/04/14:12:57,running-time,rs-001557-hmklb,53b30dec-18a8-40b7-a907-b17a3c65cf2a,3,2881.426555
2026/02/04/14:12:57,apply-time,rs-001558-qskvb,3a71612b-3706-4782-bae1-2f6eb81cf317,1,2880.426555
2026/02/04/14:12:57,running-time,rs-001558-qskvb,3a71612b-3706-4782-bae1-2f6eb81cf317,1,2880.426555
2026/02/04/14:12:57,apply-time,rs-001558-zwzxs,bb42a72d-9ed0-4616-8ff4-c2edba4fb710,1,2880.426555
2026/02/04/14:12:57,running-time,rs-001558-zwzxs,bb42a72d-9ed0-4616-8ff4-c2edba4fb710,1,2880.426555
2026/02/04/14:12:57,apply-time,rs-001559-8nlkn,5e5f6d34-6f82-4e11-957f-3644551283f7,4,2881.426555
2026/02/04/14:12:57,apply-time,rs-001559-rm72f,15f92b51-843b-4f6f-8ac4-ce719a419d5a,4,2881.426555
2026/02/04/14:12:57,apply-time,rs-001559-xdlnt,76c49278-df2e-4632-9b3e-4e11b585670b,4,2881.426555
2026/02/04/14:12:57,apply-time,rs-001560-7k2pv,7ad9aaa2-7d4e-4b10-9376-2c203f043ed3,4,2881.426555
2026/02/04/14:12:57,running-time,rs-001560-7k2pv,7ad9aaa2-7d4e-4b10-9376-2c203f043ed3,4,2881.426555
2026/02/04/14:12:57,apply-time,rs-001560-hn84l,4df8b36d-437f-4397-b1cf-203254dacb69,4,2881.426555
2026/02/04/14:12:57,running-time,rs-001560-hn84l,4df8b36d-437f-4397-b1cf-203254dacb69,4,2881.426555
2026/02/04/14:13:08,running-time,rs-001554-lmlsb,bca7bef4-5316-4758-9b84-226820d392be,3,2892.426555
2026/02/04/14:13:09,apply-time,rs-001561-vhbcx,d6875ac2-e1ce-4e80-8258-dcf52e23a960,2,2892.426555
2026/02/04/14:13:09,running-time,rs-001561-vhbcx,d6875ac2-e1ce-4e80-8258-dcf52e23a960,2,2893.426555
2026/02/04/14:13:09,apply-time,rs-001562-czs2r,6cea75ba-c699-438f-b69a-8e9bd52f81ec,4,2893.426555
2026/02/04/14:13:09,running-time,rs-001562-czs2r,6cea75ba-c699-438f-b69a-8e9bd52f81ec,4,2893.426555
2026/02/04/14:13:09,apply-time,rs-001563-gbsbl,cea938f4-c007-4ea5-906a-ff5b349da01b,1,2893.426555
2026/02/04/14:13:09,running-time,rs-001563-gbsbl,cea938f4-c007-4ea5-906a-ff5b349da01b,1,2893.426555
2026/02/04/14:13:09,apply-time,rs-001563-sgmld,22eb08fe-859a-4e1d-bd10-b22fee074866,1,2893.426555
2026/02/04/14:13:09,running-time,rs-001563-sgmld,22eb08fe-859a-4e1d-bd10-b22fee074866,1,2893.426555
2026/02/04/14:13:10,apply-time,rs-001564-mjbg7,04160ace-61f6-4bf6-8177-d151a273a836,1,2893.426555
2026/02/04/14:13:10,running-time,rs-001564-mjbg7,04160ace-61f6-4bf6-8177-d151a273a836,1,2893.426555
2026/02/04/14:13:19,apply-time,rs-001565-dln2z,8373dbb5-4c72-4f57-bb8a-c6f7f234e9e2,2,2902.426555
2026/02/04/14:13:19,running-time,rs-001565-dln2z,8373dbb5-4c72-4f57-bb8a-c6f7f234e9e2,2,2902.426555
2026/02/04/14:13:19,apply-time,rs-001566-tnp9c,0baa3052-4bbd-4de3-9055-153278c664e4,4,2902.426555
2026/02/04/14:13:19,apply-time,rs-001567-bqnc9,07717055-fbff-451f-9ec8-55b12f619a5c,3,2902.426555
2026/02/04/14:13:19,running-time,rs-001567-bqnc9,07717055-fbff-451f-9ec8-55b12f619a5c,3,2902.426555
2026/02/04/14:13:19,apply-time,rs-001568-prlhs,de101299-1722-46a4-9cc1-65eb1e79274c,2,2902.426555
2026/02/04/14:13:20,apply-time,rs-001569-7vchb,83095451-9224-4545-b1a1-8e88c5bd95bd,1,2903.426555
2026/02/04/14:13:20,apply-time,rs-001570-4wbnk,8617c3d1-9836-4043-809c-a29370c75843,1,2903.426555
2026/02/04/14:13:20,apply-time,rs-001571-kdx98,471c4ffc-618d-48ef-bd00-b8f2cb438986,2,2904.426555
2026/02/04/14:13:20,running-time,rs-001571-kdx98,471c4ffc-618d-48ef-bd00-b8f2cb438986,2,2904.426555
2026/02/04/14:13:20,apply-time,rs-001572-5wxkc,a6cb4136-44a8-4a3c-9fed-54d13ea32534,2,2904.426555
2026/02/04/14:13:20,apply-time,rs-001572-pswqx,0195e869-c941-4a4b-b11e-947c56ee5e0e,2,2904.426555
2026/02/04/14:13:20,running-time,rs-001572-pswqx,0195e869-c941-4a4b-b11e-947c56ee5e0e,2,2904.426555
2026/02/04/14:13:20,apply-time,rs-001573-8mt6r,9f365556-16a5-43bc-8e15-e53c3e533e94,3,2904.426555
2026/02/04/14:13:20,running-time,rs-001573-8mt6r,9f365556-16a5-43bc-8e15-e53c3e533e94,3,2904.426555
2026/02/04/14:13:20,apply-time,rs-001573-zjjhv,bd9f35d4-43f9-45e6-94ee-793953fe411c,3,2904.426555
2026/02/04/14:13:21,running-time,rs-001573-zjjhv,bd9f35d4-43f9-45e6-94ee-793953fe411c,3,2905.426555
2026/02/04/14:13:21,apply-time,rs-001574-69lt9,adbe9839-7119-4c64-9b01-14d1ac50061f,1,2905.426555
2026/02/04/14:13:21,running-time,rs-001574-69lt9,adbe9839-7119-4c64-9b01-14d1ac50061f,1,2905.426555
2026/02/04/14:13:21,apply-time,rs-001574-k8qch,2802e9fc-18f1-40b1-8dfc-c567c9a34345,1,2905.426555
2026/02/04/14:13:21,apply-time,rs-001575-p4xnz,69bf5a01-0e20-43bd-bdc5-c10334105e8c,4,2905.426555
2026/02/04/14:13:21,apply-time,rs-001575-prvbx,0df069e6-0eb4-4bc8-b7ff-b5ae32e488b0,4,2905.426555
2026/02/04/14:13:22,running-time,rs-001574-k8qch,2802e9fc-18f1-40b1-8dfc-c567c9a34345,1,2905.426555
2026/02/04/14:13:29,running-time,rs-001566-tnp9c,0baa3052-4bbd-4de3-9055-153278c664e4,4,2913.426555
2026/02/04/14:13:30,apply-time,rs-001576-9cthd,c572cd30-21e6-45e2-9646-2459d27ec335,1,2914.426555
2026/02/04/14:13:30,running-time,rs-001576-9cthd,c572cd30-21e6-45e2-9646-2459d27ec335,1,2914.426555
2026/02/04/14:13:30,apply-time,rs-001576-j56lt,7ac0bc4c-e9a5-468c-832a-43adb429d75b,1,2914.426555
2026/02/04/14:13:30,running-time,rs-001576-j56lt,7ac0bc4c-e9a5-468c-832a-43adb429d75b,1,2914.426555
2026/02/04/14:13:30,apply-time,rs-001577-2c66l,110d3fcf-4ed2-4ca9-9bb2-813948d0c6b3,2,2914.426555
2026/02/04/14:13:30,apply-time,rs-001577-jrnhh,2f334bf1-a648-40be-9590-f5d84b8f3ae8,2,2914.426555
2026/02/04/14:13:30,apply-time,rs-001577-ktvxl,3da60e36-8673-40c1-af08-7bd6634c8306,2,2914.426555
2026/02/04/14:13:30,apply-time,rs-001578-75lvs,bb704fa5-9ead-40f5-bed0-cbc29f5173c4,1,2914.426555
2026/02/04/14:13:30,running-time,rs-001578-75lvs,bb704fa5-9ead-40f5-bed0-cbc29f5173c4,1,2914.426555
2026/02/04/14:13:30,apply-time,rs-001579-6sj9j,80b1158d-8805-4569-a36d-be25549bc87b,3,2914.426555
2026/02/04/14:13:30,apply-time,rs-001579-9w29g,4c983ee9-64f6-4279-a183-37faac000dbb,3,2914.426555
2026/02/04/14:13:30,apply-time,rs-001579-ndzvz,05db1aca-cd4a-41ba-bbde-b26cb0430925,3,2914.426555
2026/02/04/14:13:32,running-time,rs-001579-9w29g,4c983ee9-64f6-4279-a183-37faac000dbb,3,2916.426555
2026/02/04/14:13:39,apply-time,rs-001580-6zpm7,3c4089cb-e0a4-42e5-b949-6f09de62be87,1,2922.426555
2026/02/04/14:13:39,apply-time,rs-001580-748ln,1ba1a7b8-9d2c-438d-bb26-2f490c782e07,1,2922.426555
2026/02/04/14:13:39,apply-time,rs-001581-mdl2t,dedb28d1-70a2-4afc-a09a-12b2cd90f923,1,2922.426555
2026/02/04/14:13:39,apply-time,rs-001581-pxlrc,2cb00d85-b7ff-4b0c-be7c-e6633da54ba5,1,2922.426555
2026/02/04/14:13:39,apply-time,rs-001581-vcnx6,f2873bdd-acbd-4fa9-97fc-d63a00a9dc62,1,2922.426555
2026/02/04/14:13:39,apply-time,rs-001582-xck66,3bfde94e-bf90-42e3-9c1a-b3ed39849665,1,2923.426555
2026/02/04/14:13:39,running-time,rs-001582-xck66,3bfde94e-bf90-42e3-9c1a-b3ed39849665,1,2923.426555
2026/02/04/14:13:39,apply-time,rs-001583-9cvpw,211b1e90-0c01-42fb-90dc-24b8d54384ca,3,2923.426555
2026/02/04/14:13:39,apply-time,rs-001584-9zxf5,facfbbff-e4a6-4221-b70d-fc790beb53ba,4,2923.426555
2026/02/04/14:13:39,apply-time,rs-001585-flrdz,7d5f2cbc-d9cc-4f41-80e0-66786ea488fe,3,2923.426555
2026/02/04/14:13:39,apply-time,rs-001585-mphvx,04035865-f7fd-44ec-99d7-6f328cb3c434,3,2923.426555
2026/02/04/14:13:39,apply-time,rs-001586-6v9v2,0a1515b1-0716-485e-bcdd-b6b13e90dbb1,3,2923.426555
2026/02/04/14:13:40,apply-time,rs-001587-st64p,e8c04102-bc33-4ac8-9c4d-2b943f69b335,2,2923.426555
2026/02/04/14:13:40,apply-time,rs-001588-cwqfm,d6782e26-573a-4066-ab47-9f89d308d531,4,2923.426555
2026/02/04/14:13:40,running-time,rs-001588-cwqfm,d6782e26-573a-4066-ab47-9f89d308d531,4,2923.426555
2026/02/04/14:13:40,apply-time,rs-001588-l9gb4,a1d4bc29-ba51-4e89-b706-cf5a8fbfa134,4,2923.426555
2026/02/04/14:13:40,running-time,rs-001588-l9gb4,a1d4bc29-ba51-4e89-b706-cf5a8fbfa134,4,2923.426555
2026/02/04/14:13:40,apply-time,rs-001588-vd4b2,948a0b84-96ac-407a-b6e1-59c6bee736de,4,2923.426555
2026/02/04/14:13:40,running-time,rs-001588-vd4b2,948a0b84-96ac-407a-b6e1-59c6bee736de,4,2923.426555
2026/02/04/14:13:40,apply-time,rs-001589-8zjpm,24a4cc88-73aa-4226-8f4e-de4fcc129f06,3,2923.426555
2026/02/04/14:13:40,apply-time,rs-001589-z5tcs,66e545e1-0481-413d-85a0-79e9883e4191,3,2923.426555
2026/02/04/14:13:40,apply-time,rs-001590-whhv8,c70cdfd4-7dac-4dd1-aacd-47f7319c07b9,2,2924.426555
2026/02/04/14:13:40,apply-time,rs-001591-6stll,982f0bf3-4993-425c-a426-967b87056e2b,4,2924.426555
2026/02/04/14:13:40,apply-time,rs-001591-rxcsc,2c53c7fc-7fb5-43d4-ad45-b69a0ad38498,4,2924.426555
2026/02/04/14:13:40,apply-time,rs-001592-tjjkl,ceb901e7-d74c-4bb0-b70d-e0e22a966919,1,2924.426555
2026/02/04/14:13:40,apply-time,rs-001593-q2s8z,da1758ee-0493-4af0-b479-80eb54b70063,4,2924.426555
2026/02/04/14:13:40,apply-time,rs-001593-wrsql,4cf98f6a-ac70-4c3b-9fda-46a47fabac6a,4,2924.426555
2026/02/04/14:13:40,apply-time,rs-001594-g8fdh,a9cbb447-16f5-429a-b93e-157979ce6d17,4,2924.426555
2026/02/04/14:13:40,apply-time,rs-001594-zs9px,264b4098-df9d-4f56-9a53-d7f255a4dbf3,4,2924.426555
2026/02/04/14:13:40,running-time,rs-001594-zs9px,264b4098-df9d-4f56-9a53-d7f255a4dbf3,4,2924.426555
2026/02/04/14:13:43,apply-time,rs-001590-9q8xm,49514fc6-866d-43eb-b4a1-871853d2d69d,2,2925.426555
2026/02/04/14:13:43,apply-time,rs-001590-tlfk2,e76d9795-c699-49c1-8985-565b2fcc4c59,2,2925.426555
2026/02/04/14:13:49,running-time,rs-001570-4wbnk,8617c3d1-9836-4043-809c-a29370c75843,1,2933.426555
2026/02/04/14:13:49,running-time,rs-001593-q2s8z,da1758ee-0493-4af0-b479-80eb54b70063,4,2933.426555
2026/02/04/14:13:49,running-time,rs-001593-wrsql,4cf98f6a-ac70-4c3b-9fda-46a47fabac6a,4,2933.426555
2026/02/04/14:13:49,apply-time,rs-001595-w57m4,e4f1761b-7dad-4d6d-af2b-4b602836cc2c,3,2933.426555
2026/02/04/14:13:49,apply-time,rs-001596-hghd7,677a00e3-f223-487a-b6b8-1f822c71dac3,3,2934.426555
2026/02/04/14:13:49,apply-time,rs-001597-dm7vs,9ea2e67d-7c93-4390-b698-2604a27b7c63,4,2933.426555
2026/02/04/14:13:49,apply-time,rs-001597-v5m6d,c15b5378-cdfd-42a2-9aec-0303b25268a9,4,2933.426555
2026/02/04/14:13:49,apply-time,rs-001598-dxfgt,6fbfbc6f-c0b7-4125-a2a8-15462b2147cd,2,2934.426555
2026/02/04/14:13:49,apply-time,rs-001598-h7cxf,95c94ab9-c62b-47ab-97d5-4a1cac4d73f5,2,2934.426555
2026/02/04/14:13:49,apply-time,rs-001598-hzjx8,3075a187-0f44-4688-8e30-b803cbcc2908,2,2934.426555
2026/02/04/14:13:49,apply-time,rs-001599-lf6cc,58e22972-93d6-492c-917e-7b5ef8709ce0,2,2934.426555
2026/02/04/14:13:51,running-time,rs-001598-h7cxf,95c94ab9-c62b-47ab-97d5-4a1cac4d73f5,2,2935.426555
2026/02/04/14:13:51,running-time,rs-001598-hzjx8,3075a187-0f44-4688-8e30-b803cbcc2908,2,2934.426555
2026/02/04/14:13:51,apply-time,rs-001600-bzkb6,4cfd0bfc-724c-4faf-8db3-202d43daa5f0,2,2935.426555
2026/02/04/14:13:51,apply-time,rs-001600-hj42p,d61307b7-093c-42c4-9861-03c43de39784,2,2935.426555
2026/02/04/14:13:51,running-time,rs-001600-hj42p,d61307b7-093c-42c4-9861-03c43de39784,2,2935.426555
2026/02/04/14:13:51,apply-time,rs-001600-htnr5,85ffdac6-d211-415f-9d16-33f9c6272640,2,2935.426555
2026/02/04/14:13:51,running-time,rs-001600-htnr5,85ffdac6-d211-415f-9d16-33f9c6272640,2,2935.426555
2026/02/04/14:13:51,apply-time,rs-001601-8d8tz,b80ad3a4-1056-4093-a1ac-b809fe7ac0b1,4,2935.426555
2026/02/04/14:13:51,apply-time,rs-001601-g5dn5,35fde542-424d-4bde-b39d-4ca972cf171f,4,2935.426555
2026/02/04/14:13:51,running-time,rs-001601-g5dn5,35fde542-424d-4bde-b39d-4ca972cf171f,4,2935.426555
2026/02/04/14:13:51,apply-time,rs-001601-x7ngd,00deb7c4-9485-4449-a7dc-2888e4d81b99,4,2935.426555
2026/02/04/14:13:51,apply-time,rs-001602-s7n7t,efcfa4b5-43d7-4aed-82cf-82b992e39b3a,2,2935.426555
2026/02/04/14:13:51,running-time,rs-001602-s7n7t,efcfa4b5-43d7-4aed-82cf-82b992e39b3a,2,2935.426555
2026/02/04/14:13:51,apply-time,rs-001603-2zj8n,b42f708f-a051-45e3-9d21-e9bfb44dd622,1,2935.426555
2026/02/04/14:13:51,apply-time,rs-001603-8b2h4,02467a93-2141-489a-86a0-edb3898ba7cb,1,2935.426555
2026/02/04/14:13:51,apply-time,rs-001604-cjm4c,4719d4d4-31e2-4dd7-87b9-41cd6e9a0721,3,2935.426555
2026/02/04/14:13:51,apply-time,rs-001604-phz66,61db872e-3ae8-4032-a172-4b2ab04950fa,3,2935.426555
2026/02/04/14:13:51,apply-time,rs-001604-v6qg6,d5cb7895-284d-4bfc-ba3c-3d3853abb53c,3,2935.426555
2026/02/04/14:13:55,running-time,rs-001575-p4xnz,69bf5a01-0e20-43bd-bdc5-c10334105e8c,4,2939.426555
2026/02/04/14:13:55,running-time,rs-001600-bzkb6,4cfd0bfc-724c-4faf-8db3-202d43daa5f0,2,2939.426555
2026/02/04/14:13:55,running-time,rs-001601-8d8tz,b80ad3a4-1056-4093-a1ac-b809fe7ac0b1,4,2939.426555
2026/02/04/14:13:55,running-time,rs-001601-x7ngd,00deb7c4-9485-4449-a7dc-2888e4d81b99,4,2939.426555
2026/02/04/14:13:55,running-time,rs-001603-2zj8n,b42f708f-a051-45e3-9d21-e9bfb44dd622,1,2939.426555
2026/02/04/14:13:55,running-time,rs-001603-8b2h4,02467a93-2141-489a-86a0-edb3898ba7cb,1,2939.426555
2026/02/04/14:13:57,running-time,rs-001575-prvbx,0df069e6-0eb4-4bc8-b7ff-b5ae32e488b0,4,2941.426555
2026/02/04/14:14:03,running-time,rs-001584-9zxf5,facfbbff-e4a6-4221-b70d-fc790beb53ba,4,2946.426555
2026/02/04/14:14:04,apply-time,rs-001097-5fgjn,14f98ad7-8f37-4dd5-81da-ff615f7116d5,1,2948.426555
2026/02/04/14:14:04,running-time,rs-001097-5fgjn,14f98ad7-8f37-4dd5-81da-ff615f7116d5,1,2948.426555
2026/02/04/14:14:19,apply-time,rs-001605-xxltz,c4bec84e-a752-40fb-94f6-faf379cd4261,3,2962.426555
2026/02/04/14:14:19,running-time,rs-001605-xxltz,c4bec84e-a752-40fb-94f6-faf379cd4261,3,2962.426555
2026/02/04/14:14:19,apply-time,rs-001606-7trvc,34fe2b3a-4135-423e-9556-556514a9655d,2,2963.426555
2026/02/04/14:14:19,running-time,rs-001606-7trvc,34fe2b3a-4135-423e-9556-556514a9655d,2,2963.426555
2026/02/04/14:14:19,apply-time,rs-001606-vtgqp,a3cbdefb-05cb-48a7-a32d-201235069ad2,2,2963.426555
2026/02/04/14:14:19,running-time,rs-001606-vtgqp,a3cbdefb-05cb-48a7-a32d-201235069ad2,2,2963.426555
2026/02/04/14:14:19,apply-time,rs-001607-trm54,0fee463e-67eb-4f4a-bd23-eb00c8edb49f,2,2963.426555
2026/02/04/14:14:19,running-time,rs-001607-trm54,0fee463e-67eb-4f4a-bd23-eb00c8edb49f,2,2963.426555
2026/02/04/14:14:19,apply-time,rs-001608-jhttg,735fdd29-fe42-43c2-906c-587822a89798,3,2963.426555
2026/02/04/14:14:19,running-time,rs-001608-jhttg,735fdd29-fe42-43c2-906c-587822a89798,3,2963.426555
2026/02/04/14:14:19,apply-time,rs-001609-2d9fk,3ffeb1e3-c432-466e-8b25-b9f8261d3ce1,1,2963.426555
2026/02/04/14:14:19,apply-time,rs-001609-6dg47,8c9f09c5-07b6-43fa-ade1-b7417796b750,1,2963.426555
2026/02/04/14:14:19,apply-time,rs-001609-cttv7,2ea14885-4715-4b0d-9c7e-0f5780f3062d,1,2963.426555
2026/02/04/14:14:22,apply-time,rs-001610-4wm7k,d27cabf7-1d38-49db-badb-715a7a7dfcba,3,2965.426555
2026/02/04/14:14:22,apply-time,rs-001610-q8gb6,0daa7fd3-c239-40de-a10a-bdd2901955d0,3,2965.426555
2026/02/04/14:14:22,apply-time,rs-001610-tn5mw,bedebf7c-9f3a-4c7d-96d0-d8571375e0bf,3,2965.426555
2026/02/04/14:14:22,apply-time,rs-001611-t55jn,70a4e94c-d514-4869-8578-dc07239cf27e,1,2965.426555
2026/02/04/14:14:22,running-time,rs-001611-t55jn,70a4e94c-d514-4869-8578-dc07239cf27e,1,2965.426555
2026/02/04/14:14:24,running-time,rs-001610-q8gb6,0daa7fd3-c239-40de-a10a-bdd2901955d0,3,2968.426555
2026/02/04/14:14:25,running-time,rs-001610-tn5mw,bedebf7c-9f3a-4c7d-96d0-d8571375e0bf,3,2969.426555
2026/02/04/14:14:27,apply-time,rs-001612-gp2jf,fa77810c-6620-4ffc-bfca-702e20a72bd2,1,2970.426555
2026/02/04/14:14:27,apply-time,rs-001612-vghfr,5a3db393-6396-4007-aa4c-8a3443d190ba,1,2970.426555
2026/02/04/14:14:27,running-time,rs-001612-vghfr,5a3db393-6396-4007-aa4c-8a3443d190ba,1,2970.426555
2026/02/04/14:14:27,apply-time,rs-001613-ckdv2,ba21ff2e-f60d-4dca-a202-4e4a3100ad04,4,2970.426555
2026/02/04/14:14:27,apply-time,rs-001613-lpgnb,08b9634d-d90c-4695-ada5-14781f199b14,4,2970.426555
2026/02/04/14:14:27,apply-time,rs-001613-xnwh9,796987e4-7285-452d-8d7c-424285e8e6f3,4,2970.426555
2026/02/04/14:14:27,apply-time,rs-001614-bpkkx,2894eab1-15cd-4f5a-b442-0d731baaa419,3,2970.426555
2026/02/04/14:14:27,running-time,rs-001614-bpkkx,2894eab1-15cd-4f5a-b442-0d731baaa419,3,2970.426555
2026/02/04/14:14:29,apply-time,rs-001615-q42w6,7a744f37-c0b0-4d42-a12a-779f7f7135ed,4,2972.426555
2026/02/04/14:14:29,running-time,rs-001615-q42w6,7a744f37-c0b0-4d42-a12a-779f7f7135ed,4,2973.426555
2026/02/04/14:14:29,apply-time,rs-001616-2vxn6,4d8d020d-8c22-4c14-89ad-6539a6eded69,1,2972.426555
2026/02/04/14:14:29,apply-time,rs-001616-sm7gc,48451a81-369a-4b5c-9c0a-79ec4ae6f7dd,1,2972.426555
2026/02/04/14:14:29,apply-time,rs-001617-x95t2,c4df7a0e-9ded-4b20-a3ca-2d2fd338322c,1,2973.426555
2026/02/04/14:14:29,running-time,rs-001617-x95t2,c4df7a0e-9ded-4b20-a3ca-2d2fd338322c,1,2973.426555
2026/02/04/14:14:29,apply-time,rs-001618-5whqr,bd19109b-1e3f-459f-af2a-bc056e6cc547,1,2973.426555
2026/02/04/14:14:29,apply-time,rs-001618-l4zsq,f91cf875-d582-4864-8599-b24084e64393,1,2973.426555
2026/02/04/14:14:29,apply-time,rs-001618-qtgnw,253f162b-375b-4153-bc76-2ae0dad7ddb0,1,2973.426555
2026/02/04/14:14:29,apply-time,rs-001619-62jqq,182d3f6f-ee7c-4a07-bede-60fbfca7374e,2,2973.426555
2026/02/04/14:14:29,apply-time,rs-001621-cgzt9,71f52ea1-d0a2-4d81-88eb-7fc43ac3ebad,2,2973.426555
2026/02/04/14:14:29,apply-time,rs-001621-lbb7k,0a1cf5e8-7a8e-4892-b51c-32e1c98fe269,2,2973.426555
2026/02/04/14:14:30,apply-time,rs-001620-s6297,4acdc321-79a8-4a9e-a2a9-015827607c78,1,2973.426555
2026/02/04/14:14:30,running-time,rs-001620-s6297,4acdc321-79a8-4a9e-a2a9-015827607c78,1,2973.426555
2026/02/04/14:14:30,running-time,rs-001621-lbb7k,0a1cf5e8-7a8e-4892-b51c-32e1c98fe269,2,2973.426555
2026/02/04/14:14:31,apply-time,rs-001622-xmn9s,abf747c4-f548-4dea-af4a-8fff21814e86,1,2974.426555
2026/02/04/14:14:31,apply-time,rs-001623-bfb4m,bb3da31e-c64c-4c94-a1cd-46865df2a74d,4,2974.426555
2026/02/04/14:14:31,apply-time,rs-001624-nc77z,acc93dfc-7e55-4761-933d-0d73b4406e7f,2,2974.426555
2026/02/04/14:14:31,apply-time,rs-001624-p2qjm,6285b8ff-d6e3-49e6-89b1-d8010f03a356,2,2974.426555
2026/02/04/14:14:31,apply-time,rs-001624-w85hp,e0d2db5a-38e9-47e8-a640-afaa4b3571c1,2,2974.426555
2026/02/04/14:14:31,apply-time,rs-001625-btxsl,c823ccd5-d3cb-4175-b325-79ca5743f977,3,2975.426555
2026/02/04/14:14:31,apply-time,rs-001625-nb7qk,d4ed4536-fedd-4c1e-9832-e1bb7eb59162,3,2975.426555
2026/02/04/14:14:31,apply-time,rs-001626-lv4jf,bfc0e9a8-b1cb-4a3f-8a42-9fffa2210a41,2,2975.426555
2026/02/04/14:14:31,apply-time,rs-001626-pflmf,3ddef6cb-624a-4eda-8856-6e05750220e1,2,2975.426555
2026/02/04/14:14:31,apply-time,rs-001627-b4knz,f386a2e4-ec7e-4041-8877-898912f84973,2,2975.426555
2026/02/04/14:14:31,apply-time,rs-001627-tgck9,1d3f1281-6336-4d37-95ee-0fbb24bccbef,2,2975.426555
2026/02/04/14:14:31,apply-time,rs-001628-mf9jg,50054e83-39f7-4a6b-8775-5908b20e57aa,1,2975.426555
2026/02/04/14:14:34,apply-time,rs-001629-6k8fx,721d2dbb-bff8-4c0b-bc02-9b8e7338b48e,1,2978.426555
2026/02/04/14:14:34,apply-time,rs-001629-lfvpt,b99be0d7-b284-43b1-8e39-c71b7c4a41cd,1,2978.426555
2026/02/04/14:14:35,apply-time,rs-001630-mnh78,f7ca2019-98a2-46f0-91e5-fd0bd34beed4,1,2979.426555
2026/02/04/14:14:35,apply-time,rs-001630-zgfdb,cec10e5a-0496-4f8b-bc98-f4f5626890a5,1,2979.426555
2026/02/04/14:14:35,apply-time,rs-001631-l9mkf,e8856c30-be2a-427c-b45b-8e4c52dac03b,2,2979.426555
2026/02/04/14:14:35,apply-time,rs-001632-7hmft,8da18c03-1a42-4ec5-8855-676d9580e083,3,2979.426555
2026/02/04/14:14:35,apply-time,rs-001633-vgdjd,1d0c2421-4cad-45b9-af7a-436dffe21e69,4,2979.426555
2026/02/04/14:14:36,running-time,rs-001629-lfvpt,b99be0d7-b284-43b1-8e39-c71b7c4a41cd,1,2979.426555
2026/02/04/14:14:36,running-time,rs-001632-7hmft,8da18c03-1a42-4ec5-8855-676d9580e083,3,2980.426555
2026/02/04/14:14:36,running-time,rs-001633-vgdjd,1d0c2421-4cad-45b9-af7a-436dffe21e69,4,2979.426555
2026/02/04/14:14:36,apply-time,rs-001634-jl59j,6b7d4946-8c24-47d8-a3f1-cc6907eb9ac2,1,2980.426555
2026/02/04/14:14:37,running-time,rs-001634-jl59j,6b7d4946-8c24-47d8-a3f1-cc6907eb9ac2,1,2980.426555
2026/02/04/14:14:37,apply-time,rs-001634-kmf22,0e93915b-4de5-48ff-accf-298bda3d5dcf,1,2980.426555
2026/02/04/14:14:37,apply-time,rs-001634-x76xs,c8cf9d55-4a4d-47eb-b33f-5c95d925d33e,1,2980.426555
2026/02/04/14:14:37,apply-time,rs-001635-tb8l6,3d8e36b5-066d-44cf-91e3-cce3a45e20f3,2,2981.426555
2026/02/04/14:14:37,apply-time,rs-001635-w56m5,516e240f-abfe-4498-9971-e534ac8b11fa,2,2981.426555
2026/02/04/14:14:37,apply-time,rs-001636-7xz2n,80bdd418-0d0d-4665-a2d9-9ddea2139b61,2,2981.426555
2026/02/04/14:14:37,apply-time,rs-001636-b6tx2,d00f3f7f-0bdc-4bb9-b3f8-515100224675,2,2981.426555
2026/02/04/14:14:37,apply-time,rs-001636-dq5xf,3fbda4fa-d491-43d9-8914-e47b6dbde192,2,2981.426555
2026/02/04/14:14:37,apply-time,rs-001637-p7m8p,52064498-3be1-43e8-b400-54b8644ae1e6,2,2981.426555
2026/02/04/14:14:37,apply-time,rs-001637-tl8jt,0847bff9-5a99-4b68-87b8-4a6306f3a033,2,2981.426555
2026/02/04/14:14:38,apply-time,rs-001638-8v4tc,40d9a3bc-306d-4060-a29f-840a8bcb3f3f,2,2982.426555
2026/02/04/14:14:38,apply-time,rs-001638-gldfk,db8134ee-9d71-4f1a-876a-fa267cac978f,2,2982.426555
2026/02/04/14:14:38,running-time,rs-001638-gldfk,db8134ee-9d71-4f1a-876a-fa267cac978f,2,2982.426555
2026/02/04/14:14:39,apply-time,rs-001639-wqqdz,eeb5188d-dceb-4428-9f1e-8a7838638dd2,1,2983.426555
2026/02/04/14:14:40,running-time,rs-001635-w56m5,516e240f-abfe-4498-9971-e534ac8b11fa,2,2984.426555
2026/02/04/14:14:41,running-time,rs-001621-cgzt9,71f52ea1-d0a2-4d81-88eb-7fc43ac3ebad,2,2985.426555
2026/02/04/14:14:41,running-time,rs-001624-p2qjm,6285b8ff-d6e3-49e6-89b1-d8010f03a356,2,2985.426555
2026/02/04/14:14:41,running-time,rs-001631-l9mkf,e8856c30-be2a-427c-b45b-8e4c52dac03b,2,2985.426555
2026/02/04/14:14:41,running-time,rs-001639-wqqdz,eeb5188d-dceb-4428-9f1e-8a7838638dd2,1,2984.426555
2026/02/04/14:14:42,running-time,rs-001624-nc77z,acc93dfc-7e55-4761-933d-0d73b4406e7f,2,2986.426555
2026/02/04/14:14:43,running-time,rs-001624-w85hp,e0d2db5a-38e9-47e8-a640-afaa4b3571c1,2,2986.426555
2026/02/04/14:14:44,running-time,rs-001630-mnh78,f7ca2019-98a2-46f0-91e5-fd0bd34beed4,1,2987.426555
2026/02/04/14:14:46,running-time,rs-001630-zgfdb,cec10e5a-0496-4f8b-bc98-f4f5626890a5,1,2990.426555
2026/02/04/14:14:46,apply-time,rs-001640-5g28h,4042b27a-b661-4157-9e9c-d66c5e1a1f94,3,2989.426555
2026/02/04/14:14:46,apply-time,rs-001640-slpft,23567d12-07b3-44a1-aeea-354d0666b97c,3,2989.426555
2026/02/04/14:14:46,apply-time,rs-001641-9vjdv,4ded7954-f52b-4a99-9ab3-a2a3c0900e64,4,2989.426555
2026/02/04/14:14:46,apply-time,rs-001641-nnhqw,844f4b68-a264-40ac-b93f-112bb2bf4407,4,2989.426555
2026/02/04/14:14:46,apply-time,rs-001642-d6t7r,9d54dd63-d4b1-4727-9789-15bebaf6b9dc,3,2989.426555
2026/02/04/14:14:46,running-time,rs-001642-d6t7r,9d54dd63-d4b1-4727-9789-15bebaf6b9dc,3,2989.426555
2026/02/04/14:14:46,apply-time,rs-001643-7ldft,309e24d4-575b-4b34-96ab-c2359e31642b,2,2989.426555
2026/02/04/14:14:46,apply-time,rs-001643-lr2rx,17672526-cc24-4473-b3fc-915795f7c50f,2,2989.426555
2026/02/04/14:14:46,apply-time,rs-001643-lwqgw,f4c0aa41-8f30-4221-9296-4fbafefbdd7a,2,2989.426555
2026/02/04/14:14:46,running-time,rs-001643-lwqgw,f4c0aa41-8f30-4221-9296-4fbafefbdd7a,2,2989.426555
2026/02/04/14:14:46,apply-time,rs-001644-5tzpg,b05d2a0f-2f36-46f6-8b21-5d9428dc122a,2,2989.426555
2026/02/04/14:14:46,running-time,rs-001644-5tzpg,b05d2a0f-2f36-46f6-8b21-5d9428dc122a,2,2989.426555
2026/02/04/14:14:46,apply-time,rs-001644-cllv4,53e11000-0b6c-4353-8be7-bd869a9c72e2,2,2989.426555
2026/02/04/14:14:46,apply-time,rs-001644-k72zt,ca37110a-a2fe-456e-8d39-a7f1e5fc3083,2,2989.426555
2026/02/04/14:14:49,running-time,rs-001610-4wm7k,d27cabf7-1d38-49db-badb-715a7a7dfcba,3,2993.426555
2026/02/04/14:14:49,running-time,rs-001643-7ldft,309e24d4-575b-4b34-96ab-c2359e31642b,2,2993.426555
2026/02/04/14:14:49,running-time,rs-001643-lr2rx,17672526-cc24-4473-b3fc-915795f7c50f,2,2993.426555
2026/02/04/14:14:51,running-time,rs-001628-mf9jg,50054e83-39f7-4a6b-8775-5908b20e57aa,1,2995.426555
2026/02/04/14:14:52,running-time,rs-001609-2d9fk,3ffeb1e3-c432-466e-8b25-b9f8261d3ce1,1,2995.426555
2026/02/04/14:14:52,running-time,rs-001609-cttv7,2ea14885-4715-4b0d-9c7e-0f5780f3062d,1,2995.426555
2026/02/04/14:14:57,apply-time,rs-001645-8kn9p,48d58fe0-5d8a-418b-9954-1929a3c0b1af,4,3001.426555
2026/02/04/14:14:57,apply-time,rs-001646-jndrg,1639a661-4124-49f1-b70a-e0e292aa8215,1,3001.426555
2026/02/04/14:14:57,apply-time,rs-001646-tvb4g,d05a6f55-4d1f-403b-ab67-86c7942db15e,1,3001.426555
2026/02/04/14:14:57,apply-time,rs-001646-zk6t9,56d42f84-5ac4-41e7-892a-f1da71079a6d,1,3001.426555
2026/02/04/14:14:57,apply-time,rs-001647-h8mqc,c2e6c381-df51-4803-8504-4201c5595abc,4,3001.426555
2026/02/04/14:14:57,apply-time,rs-001648-ct5rh,dd717f28-a581-4a11-a9c3-b9244442dee9,3,3001.426555
2026/02/04/14:14:58,apply-time,rs-001649-2ldxc,f721fa8e-cd4d-4ace-ace4-b273de437653,1,3001.426555
2026/02/04/14:14:58,apply-time,rs-001649-44665,444921bb-1411-41c1-bc13-ea242f2d543c,1,3001.426555
2026/02/04/14:14:58,apply-time,rs-001649-8qlcn,5b12568a-3467-43a2-bd85-e356d076d129,1,3001.426555
2026/02/04/14:14:58,apply-time,rs-001650-6vzwr,ac5861ac-09b4-4641-8df2-c80d3e59321b,1,3001.426555
2026/02/04/14:14:58,apply-time,rs-001651-f49hr,6111359b-71bd-4406-ad4d-71a41c54ff35,3,3002.426555
2026/02/04/14:15:07,running-time,rs-001651-f49hr,6111359b-71bd-4406-ad4d-71a41c54ff35,3,3011.426555
2026/02/04/14:15:13,running-time,rs-001647-h8mqc,c2e6c381-df51-4803-8504-4201c5595abc,4,3016.426555
2026/02/04/14:15:19,running-time,rs-001646-jndrg,1639a661-4124-49f1-b70a-e0e292aa8215,1,3023.426555
2026/02/04/14:15:19,running-time,rs-001650-6vzwr,ac5861ac-09b4-4641-8df2-c80d3e59321b,1,3023.426555
2026/02/04/14:15:28,running-time,rs-001646-tvb4g,d05a6f55-4d1f-403b-ab67-86c7942db15e,1,3031.426555
2026/02/04/14:15:28,running-time,rs-001646-zk6t9,56d42f84-5ac4-41e7-892a-f1da71079a6d,1,3031.426555
2026/02/04/14:15:28,apply-time,rs-001652-g586c,b452ac11-2e89-4010-a95f-fd2e795fcacb,1,3031.426555
2026/02/04/14:15:28,running-time,rs-001652-g586c,b452ac11-2e89-4010-a95f-fd2e795fcacb,1,3032.426555
2026/02/04/14:15:28,apply-time,rs-001652-wcznx,50097d88-05d4-44a5-a353-d0c933f95881,1,3031.426555
2026/02/04/14:15:28,running-time,rs-001652-wcznx,50097d88-05d4-44a5-a353-d0c933f95881,1,3031.426555
2026/02/04/14:15:28,apply-time,rs-001653-9l8b4,4d663cde-b61a-45bf-a2cc-de05ef364b2f,2,3031.426555
2026/02/04/14:15:28,apply-time,rs-001653-zfvdm,c9225653-a795-4f62-9f07-3a9acf782b58,2,3031.426555
2026/02/04/14:15:31,running-time,rs-001627-b4knz,f386a2e4-ec7e-4041-8877-898912f84973,2,3034.426555
2026/02/04/14:15:34,apply-time,rs-001654-ftcd4,dc492862-d9f5-4530-b604-ad3c64a347e4,2,3038.426555
2026/02/04/14:15:34,apply-time,rs-001654-g7q4f,9e138ce2-2ee7-40cc-b703-3f59805d3d7e,2,3038.426555
2026/02/04/14:15:34,apply-time,rs-001654-vjc87,74bbfcb9-e966-467e-b215-1c0704bba539,2,3038.426555
2026/02/04/14:15:34,apply-time,rs-001655-29r8j,1a5a131f-3100-45ca-b8d8-4f07b51a11d4,2,3038.426555
2026/02/04/14:15:34,running-time,rs-001655-29r8j,1a5a131f-3100-45ca-b8d8-4f07b51a11d4,2,3039.426555
2026/02/04/14:15:34,apply-time,rs-001655-2tdm9,ce4c399a-42ff-485a-88df-e100cf44f8ac,2,3038.426555
2026/02/04/14:15:34,running-time,rs-001655-2tdm9,ce4c399a-42ff-485a-88df-e100cf44f8ac,2,3039.426555
2026/02/04/14:15:34,apply-time,rs-001655-w5d7x,a56bbb6a-b241-4742-9434-578807aa1577,2,3038.426555
2026/02/04/14:15:34,running-time,rs-001655-w5d7x,a56bbb6a-b241-4742-9434-578807aa1577,2,3039.426555
2026/02/04/14:15:34,apply-time,rs-001656-gcw7s,fd30eb5f-bd16-4df1-be6c-da515983d534,4,3038.426555
2026/02/04/14:15:34,apply-time,rs-001656-j922m,3fd5e19b-094b-404b-9e4a-f9f0d8934ee0,4,3038.426555
2026/02/04/14:15:34,apply-time,rs-001656-sc9pw,eb1a8e7c-5a39-448a-a25f-2a3a20c07eea,4,3038.426555
2026/02/04/14:15:34,apply-time,rs-001657-8pmc6,98e51d63-272f-483a-a862-d0d44eeda2c4,2,3038.426555
2026/02/04/14:15:37,running-time,rs-001657-8pmc6,98e51d63-272f-483a-a862-d0d44eeda2c4,2,3040.426555
2026/02/04/14:15:42,apply-time,rs-001658-77c7t,b2fde9e1-b06f-48d5-92ff-83bc6e3916ca,2,3045.426555
2026/02/04/14:15:42,running-time,rs-001658-77c7t,b2fde9e1-b06f-48d5-92ff-83bc6e3916ca,2,3045.426555
2026/02/04/14:15:42,apply-time,rs-001658-8xpz6,304ce685-6bad-49b7-8fd9-cf28762f6f2d,2,3045.426555
2026/02/04/14:15:42,running-time,rs-001658-8xpz6,304ce685-6bad-49b7-8fd9-cf28762f6f2d,2,3045.426555
2026/02/04/14:15:42,apply-time,rs-001659-5gvdz,32bbd4e9-2dcc-4917-ab5b-b1e8cf580e0c,2,3045.426555
2026/02/04/14:15:42,running-time,rs-001659-5gvdz,32bbd4e9-2dcc-4917-ab5b-b1e8cf580e0c,2,3045.426555
2026/02/04/14:15:42,apply-time,rs-001659-cnrfr,ac82591a-b54d-4ca8-9fe7-058ba1302d51,2,3045.426555
2026/02/04/14:15:42,running-time,rs-001659-cnrfr,ac82591a-b54d-4ca8-9fe7-058ba1302d51,2,3045.426555
2026/02/04/14:15:42,apply-time,rs-001660-2rl9q,e4b1f797-dcfa-44dc-ad18-eb3a6d242cab,4,3045.426555
2026/02/04/14:15:42,running-time,rs-001660-2rl9q,e4b1f797-dcfa-44dc-ad18-eb3a6d242cab,4,3045.426555
2026/02/04/14:15:42,apply-time,rs-001660-bf4nm,0d7bec3f-de06-456e-a42a-133c48661649,4,3045.426555
2026/02/04/14:15:42,running-time,rs-001660-bf4nm,0d7bec3f-de06-456e-a42a-133c48661649,4,3045.426555
2026/02/04/14:15:42,apply-time,rs-001660-mz6mg,d5357203-f13b-457c-8f5e-c20eb24888e9,4,3045.426555
2026/02/04/14:15:42,running-time,rs-001660-mz6mg,d5357203-f13b-457c-8f5e-c20eb24888e9,4,3045.426555
2026/02/04/14:15:42,apply-time,rs-001661-jbf77,fe9f2c65-40b9-40a0-af44-85468f7d6b48,2,3046.426555
2026/02/04/14:15:42,apply-time,rs-001661-tfcqn,d6930a6f-6a22-4495-8f5e-8abf65070dda,2,3046.426555
2026/02/04/14:15:42,apply-time,rs-001663-qbt8d,6d0a5182-a30f-4b4f-bb84-10d616385385,4,3046.426555
2026/02/04/14:15:43,running-time,rs-001661-tfcqn,d6930a6f-6a22-4495-8f5e-8abf65070dda,2,3046.426555
2026/02/04/14:15:43,apply-time,rs-001662-6ql7q,fde64c1b-eb97-4fd2-bdde-ed0024766314,2,3046.426555
2026/02/04/14:15:43,apply-time,rs-001662-zpspt,b4286051-f7f5-4181-829e-070cd29071d2,2,3046.426555
2026/02/04/14:15:43,apply-time,rs-001664-j2kd5,c0fc3f2b-84a9-45b6-9121-627b77c4cdf3,2,3046.426555
2026/02/04/14:15:43,apply-time,rs-001665-r6pks,bd374132-c1ed-4cde-b470-3400d6710015,1,3046.426555
2026/02/04/14:15:43,apply-time,rs-001666-c7zcn,3ddc5058-1dc8-4ab9-b2b8-dfe2f78fad5b,2,3047.426555
2026/02/04/14:15:45,running-time,rs-001664-j2kd5,c0fc3f2b-84a9-45b6-9121-627b77c4cdf3,2,3048.426555
2026/02/04/14:15:45,running-time,rs-001665-r6pks,bd374132-c1ed-4cde-b470-3400d6710015,1,3048.426555
2026/02/04/14:15:46,running-time,rs-001663-qbt8d,6d0a5182-a30f-4b4f-bb84-10d616385385,4,3049.426555
2026/02/04/14:15:47,running-time,rs-001662-6ql7q,fde64c1b-eb97-4fd2-bdde-ed0024766314,2,3050.426555
2026/02/04/14:15:47,running-time,rs-001666-c7zcn,3ddc5058-1dc8-4ab9-b2b8-dfe2f78fad5b,2,3050.426555
2026/02/04/14:15:48,running-time,rs-001627-tgck9,1d3f1281-6336-4d37-95ee-0fbb24bccbef,2,3051.426555
2026/02/04/14:15:53,running-time,rs-001662-zpspt,b4286051-f7f5-4181-829e-070cd29071d2,2,3056.426555
2026/02/04/14:16:01,apply-time,rs-001667-fsvwl,2411aad8-a2a9-40c3-abca-e44e18f3b21f,3,3064.426555
2026/02/04/14:16:01,running-time,rs-001667-fsvwl,2411aad8-a2a9-40c3-abca-e44e18f3b21f,3,3064.426555
2026/02/04/14:16:01,apply-time,rs-001667-hctjc,8f1fdbe1-5748-4e14-8b50-fb879ddd1870,3,3064.426555
2026/02/04/14:16:01,running-time,rs-001667-hctjc,8f1fdbe1-5748-4e14-8b50-fb879ddd1870,3,3064.426555
2026/02/04/14:16:01,apply-time,rs-001667-rwwqx,c20864e9-4bdf-4c1f-af44-92ad18ea81d9,3,3064.426555
2026/02/04/14:16:01,running-time,rs-001667-rwwqx,c20864e9-4bdf-4c1f-af44-92ad18ea81d9,3,3064.426555
2026/02/04/14:16:01,apply-time,rs-001668-t754w,6c0ac0bc-9548-4334-bf85-abc504be0557,1,3064.426555
2026/02/04/14:16:01,running-time,rs-001668-t754w,6c0ac0bc-9548-4334-bf85-abc504be0557,1,3064.426555
2026/02/04/14:16:01,apply-time,rs-001669-hpk5f,363adb9b-8e8e-4608-8bd3-ce8179ad2421,2,3064.426555
2026/02/04/14:16:01,running-time,rs-001669-hpk5f,363adb9b-8e8e-4608-8bd3-ce8179ad2421,2,3064.426555
2026/02/04/14:16:01,apply-time,rs-001669-lm5q5,922c8a31-38dc-4d97-978d-937d5eff0a69,2,3064.426555
2026/02/04/14:16:01,running-time,rs-001669-lm5q5,922c8a31-38dc-4d97-978d-937d5eff0a69,2,3064.426555
2026/02/04/14:16:01,apply-time,rs-001670-2dlz7,63cb3bb7-48a9-4367-a260-80cfea7f84be,1,3065.426555
2026/02/04/14:16:01,running-time,rs-001670-2dlz7,63cb3bb7-48a9-4367-a260-80cfea7f84be,1,3065.426555
2026/02/04/14:16:01,apply-time,rs-001670-qth27,78141f23-86ca-492f-9d2b-258b18a2e160,1,3065.426555
2026/02/04/14:16:01,running-time,rs-001670-qth27,78141f23-86ca-492f-9d2b-258b18a2e160,1,3065.426555
2026/02/04/14:16:01,apply-time,rs-001671-bw5lg,42b8e3c9-9a8b-4a0d-90ca-85f026afa8be,2,3065.426555
2026/02/04/14:16:01,running-time,rs-001671-bw5lg,42b8e3c9-9a8b-4a0d-90ca-85f026afa8be,2,3065.426555
2026/02/04/14:16:01,apply-time,rs-001671-js7md,341bb800-db15-4665-81ad-b43f9a0670c9,2,3065.426555
2026/02/04/14:16:01,running-time,rs-001671-js7md,341bb800-db15-4665-81ad-b43f9a0670c9,2,3065.426555
2026/02/04/14:16:01,apply-time,rs-001671-qlbxb,11e25847-7e48-496f-be5c-caebe0d455f0,2,3065.426555
2026/02/04/14:16:01,running-time,rs-001671-qlbxb,11e25847-7e48-496f-be5c-caebe0d455f0,2,3065.426555
2026/02/04/14:16:01,apply-time,rs-001672-nmngl,3f806dae-892c-486f-b2c3-87505f0fcf45,1,3065.426555
2026/02/04/14:16:01,running-time,rs-001672-nmngl,3f806dae-892c-486f-b2c3-87505f0fcf45,1,3065.426555
2026/02/04/14:16:02,apply-time,rs-001673-cqgk9,5de1e0d6-c293-491d-8882-659dea653ddf,1,3065.426555
2026/02/04/14:16:02,running-time,rs-001673-cqgk9,5de1e0d6-c293-491d-8882-659dea653ddf,1,3065.426555
2026/02/04/14:16:02,apply-time,rs-001673-x2gd2,02fc7383-5c34-4472-a1d1-76ad439d9ec3,1,3065.426555
2026/02/04/14:16:02,running-time,rs-001673-x2gd2,02fc7383-5c34-4472-a1d1-76ad439d9ec3,1,3065.426555
2026/02/04/14:16:02,apply-time,rs-001673-xbnvn,f02f6807-dbb6-4a0e-bbe8-b3afd9a5853e,1,3065.426555
2026/02/04/14:16:02,running-time,rs-001673-xbnvn,f02f6807-dbb6-4a0e-bbe8-b3afd9a5853e,1,3065.426555
2026/02/04/14:16:23,apply-time,rs-001674-v99rd,e5c9e09e-c905-4dda-bb9b-642c6d7487ed,4,3086.426555
2026/02/04/14:16:23,running-time,rs-001674-v99rd,e5c9e09e-c905-4dda-bb9b-642c6d7487ed,4,3086.426555
2026/02/04/14:16:23,apply-time,rs-001674-vqk84,884f8795-963e-44df-8ac4-bb6c8367cb1a,4,3086.426555
2026/02/04/14:16:23,running-time,rs-001674-vqk84,884f8795-963e-44df-8ac4-bb6c8367cb1a,4,3086.426555
2026/02/04/14:16:23,apply-time,rs-001674-zv72k,16a4a239-a5eb-431e-89b9-e1866028477b,4,3086.426555
2026/02/04/14:16:23,running-time,rs-001674-zv72k,16a4a239-a5eb-431e-89b9-e1866028477b,4,3086.426555
2026/02/04/14:16:23,apply-time,rs-001675-4t9nz,6a0c19c5-282d-47c7-8346-59a33c25855c,3,3086.426555
2026/02/04/14:16:23,running-time,rs-001675-4t9nz,6a0c19c5-282d-47c7-8346-59a33c25855c,3,3086.426555
2026/02/04/14:16:23,apply-time,rs-001675-vczxl,e0928cd0-ce0f-46b3-83f4-6c1a3a324ed4,3,3086.426555
2026/02/04/14:16:23,running-time,rs-001675-vczxl,e0928cd0-ce0f-46b3-83f4-6c1a3a324ed4,3,3086.426555
2026/02/04/14:16:23,apply-time,rs-001675-wndj4,80b5a14a-c207-4aff-b4e6-11d38a6cb199,3,3086.426555
2026/02/04/14:16:23,running-time,rs-001675-wndj4,80b5a14a-c207-4aff-b4e6-11d38a6cb199,3,3086.426555
2026/02/04/14:16:23,apply-time,rs-001676-5pbcn,4574756d-1064-4dc6-8f30-a06a380d61af,3,3086.426555
2026/02/04/14:16:23,running-time,rs-001676-5pbcn,4574756d-1064-4dc6-8f30-a06a380d61af,3,3086.426555
2026/02/04/14:16:38,apply-time,rs-001677-4gnsp,e4817d2b-a08b-4717-99d2-982372c72ea5,4,3101.426555
2026/02/04/14:16:38,apply-time,rs-001677-xx92x,0ed5a647-e73b-4601-aeeb-b74efac5e987,4,3101.426555
2026/02/04/14:16:38,running-time,rs-001677-xx92x,0ed5a647-e73b-4601-aeeb-b74efac5e987,4,3101.426555
2026/02/04/14:16:38,apply-time,rs-001678-j6btd,2fac6c21-db32-42b3-bb0d-0497ee7de109,1,3101.426555
2026/02/04/14:16:38,running-time,rs-001678-j6btd,2fac6c21-db32-42b3-bb0d-0497ee7de109,1,3101.426555
2026/02/04/14:16:45,running-time,rs-001677-4gnsp,e4817d2b-a08b-4717-99d2-982372c72ea5,4,3108.426555
2026/02/04/14:17:09,apply-time,rs-001679-245g8,3045aafb-0bc2-4046-a38c-6cdc26c9fc3e,2,3132.426555
2026/02/04/14:17:09,running-time,rs-001679-245g8,3045aafb-0bc2-4046-a38c-6cdc26c9fc3e,2,3132.426555
2026/02/04/14:17:09,apply-time,rs-001679-6l54z,81f9297e-1dec-4056-8a6a-7e8c89a6f4a3,2,3132.426555
2026/02/04/14:17:09,running-time,rs-001679-6l54z,81f9297e-1dec-4056-8a6a-7e8c89a6f4a3,2,3132.426555
2026/02/04/14:17:09,apply-time,rs-001680-b6xdv,49f01ada-c045-4e99-a39d-027ade3a122a,2,3132.426555
2026/02/04/14:17:09,running-time,rs-001680-b6xdv,49f01ada-c045-4e99-a39d-027ade3a122a,2,3132.426555
2026/02/04/14:17:09,apply-time,rs-001680-cppqb,911e75d4-2118-4cd3-aa58-b79272ba3d73,2,3132.426555
2026/02/04/14:17:09,running-time,rs-001680-cppqb,911e75d4-2118-4cd3-aa58-b79272ba3d73,2,3132.426555
2026/02/04/14:17:09,apply-time,rs-001680-tq82f,27bd9434-b4b5-468e-84fc-eb13679a8820,2,3132.426555
2026/02/04/14:17:09,running-time,rs-001680-tq82f,27bd9434-b4b5-468e-84fc-eb13679a8820,2,3132.426555
2026/02/04/14:17:09,apply-time,rs-001681-g5wj9,233aa34b-dd65-46a8-997b-f87ffbb5ca7b,1,3132.426555
2026/02/04/14:17:09,running-time,rs-001681-g5wj9,233aa34b-dd65-46a8-997b-f87ffbb5ca7b,1,3132.426555
2026/02/04/14:17:11,apply-time,rs-001682-kjfkb,9bd101ff-db78-418a-afa5-a59b87c69649,3,3134.426555
2026/02/04/14:17:11,running-time,rs-001682-kjfkb,9bd101ff-db78-418a-afa5-a59b87c69649,3,3134.426555
2026/02/04/14:17:11,apply-time,rs-001682-s4cpv,c0d54065-323e-492c-b2c3-d94be067acf7,3,3134.426555
2026/02/04/14:17:11,running-time,rs-001682-s4cpv,c0d54065-323e-492c-b2c3-d94be067acf7,3,3134.426555
2026/02/04/14:17:11,apply-time,rs-001683-9g4hd,fbda50d4-9f51-47b5-85b1-7b67f7ebdff2,3,3134.426555
2026/02/04/14:17:11,running-time,rs-001683-9g4hd,fbda50d4-9f51-47b5-85b1-7b67f7ebdff2,3,3134.426555
2026/02/04/14:17:11,apply-time,rs-001683-rzl8d,20b53b9f-973c-4eb2-8eea-f5a7307c370f,3,3134.426555
2026/02/04/14:17:11,apply-time,rs-001683-wsxdp,8831ed33-cf9a-4f77-855d-ed3564c4e351,3,3134.426555
2026/02/04/14:17:11,apply-time,rs-001684-jvvp8,f894eccc-1ec1-4cd5-931e-db5a88b01a5e,1,3134.426555
2026/02/04/14:17:11,running-time,rs-001684-jvvp8,f894eccc-1ec1-4cd5-931e-db5a88b01a5e,1,3134.426555
2026/02/04/14:17:13,running-time,rs-001683-rzl8d,20b53b9f-973c-4eb2-8eea-f5a7307c370f,3,3136.426555
2026/02/04/14:17:14,apply-time,rs-001685-4ptkr,62c3269b-db64-4e03-95f6-f39a077cb9eb,4,3137.426555
2026/02/04/14:17:14,running-time,rs-001685-4ptkr,62c3269b-db64-4e03-95f6-f39a077cb9eb,4,3137.426555
2026/02/04/14:17:14,apply-time,rs-001686-wr2bw,d5871f31-f129-441f-9c56-af9021b63aeb,4,3137.426555
2026/02/04/14:17:14,running-time,rs-001686-wr2bw,d5871f31-f129-441f-9c56-af9021b63aeb,4,3137.426555
2026/02/04/14:17:14,apply-time,rs-001687-8lzbg,0810060e-627d-44b6-b0c7-0cdb5c102802,3,3137.426555
2026/02/04/14:17:14,apply-time,rs-001687-99ff9,af3296b6-999b-4205-a3ec-480a05a9496d,3,3137.426555
2026/02/04/14:17:14,running-time,rs-001687-99ff9,af3296b6-999b-4205-a3ec-480a05a9496d,3,3138.426555
2026/02/04/14:17:14,apply-time,rs-001688-lldlk,d31f4987-ae7d-46ac-bae3-49a938b5fbba,3,3137.426555
2026/02/04/14:17:14,running-time,rs-001688-lldlk,d31f4987-ae7d-46ac-bae3-49a938b5fbba,3,3137.426555
2026/02/04/14:17:18,running-time,rs-001687-8lzbg,0810060e-627d-44b6-b0c7-0cdb5c102802,3,3141.426555
2026/02/04/14:17:22,apply-time,rs-001689-lfhm2,7ee63cdc-21fc-4afd-be45-b4f40e5f9da2,1,3145.426555
2026/02/04/14:17:22,running-time,rs-001689-lfhm2,7ee63cdc-21fc-4afd-be45-b4f40e5f9da2,1,3145.426555
2026/02/04/14:17:22,apply-time,rs-001689-tsgrw,159e2da9-80d2-4c00-9ad1-2f7b49fa9a97,1,3145.426555
2026/02/04/14:17:22,running-time,rs-001689-tsgrw,159e2da9-80d2-4c00-9ad1-2f7b49fa9a97,1,3145.426555
2026/02/04/14:17:22,apply-time,rs-001690-6gsq7,920e0635-41b1-4822-8de4-59b64ceb5aa8,2,3145.426555
2026/02/04/14:17:22,running-time,rs-001690-6gsq7,920e0635-41b1-4822-8de4-59b64ceb5aa8,2,3145.426555
2026/02/04/14:17:22,apply-time,rs-001690-bcp2r,faa26f0a-0066-4604-ac0d-9da4e9e69541,2,3145.426555
2026/02/04/14:17:22,running-time,rs-001690-bcp2r,faa26f0a-0066-4604-ac0d-9da4e9e69541,2,3145.426555
2026/02/04/14:17:22,apply-time,rs-001690-kwmkj,88392703-8918-49ed-a6be-d85b742b718b,2,3145.426555
2026/02/04/14:17:22,running-time,rs-001690-kwmkj,88392703-8918-49ed-a6be-d85b742b718b,2,3145.426555
2026/02/04/14:17:22,apply-time,rs-001691-ztkms,8c3eeb08-a33a-4d88-aa48-f6eb90733687,2,3145.426555
2026/02/04/14:17:22,apply-time,rs-001692-br984,31689a19-e7b5-4b1e-9e24-7fc25e085e06,3,3145.426555
2026/02/04/14:17:22,running-time,rs-001692-br984,31689a19-e7b5-4b1e-9e24-7fc25e085e06,3,3145.426555
2026/02/04/14:17:22,apply-time,rs-001693-mdbl6,7125a713-027e-4dba-9b8e-eaae5e3271e2,2,3146.426555
2026/02/04/14:17:22,running-time,rs-001693-mdbl6,7125a713-027e-4dba-9b8e-eaae5e3271e2,2,3146.426555
2026/02/04/14:17:22,apply-time,rs-001694-2wmwt,2986da59-d20e-4935-836d-e95f5457ed3f,3,3146.426555
2026/02/04/14:17:22,running-time,rs-001694-2wmwt,2986da59-d20e-4935-836d-e95f5457ed3f,3,3146.426555
2026/02/04/14:17:22,apply-time,rs-001694-6w5b7,db35471b-a62d-4e9d-a051-5febb6c7d3ce,3,3145.426555
2026/02/04/14:17:22,running-time,rs-001694-6w5b7,db35471b-a62d-4e9d-a051-5febb6c7d3ce,3,3145.426555
2026/02/04/14:17:22,apply-time,rs-001694-ljbsr,d00a4af1-899f-420c-b518-08fef6ff656c,3,3146.426555
2026/02/04/14:17:22,running-time,rs-001694-ljbsr,d00a4af1-899f-420c-b518-08fef6ff656c,3,3146.426555
2026/02/04/14:17:22,apply-time,rs-001695-7x5wd,8b390445-ca4f-4f7d-9845-6bba20462a47,3,3145.426555
2026/02/04/14:17:22,running-time,rs-001695-7x5wd,8b390445-ca4f-4f7d-9845-6bba20462a47,3,3146.426555
2026/02/04/14:17:22,apply-time,rs-001695-pltfs,a0994434-a426-46ff-bf60-071cf3d419d7,3,3145.426555
2026/02/04/14:17:22,running-time,rs-001695-pltfs,a0994434-a426-46ff-bf60-071cf3d419d7,3,3145.426555
2026/02/04/14:17:22,apply-time,rs-001695-x5wkq,e4ec88d0-2c4a-4676-b3f1-89bfb34cd285,3,3146.426555
2026/02/04/14:17:22,running-time,rs-001695-x5wkq,e4ec88d0-2c4a-4676-b3f1-89bfb34cd285,3,3146.426555
2026/02/04/14:17:23,apply-time,rs-001693-5jjdv,29d8f5c9-dc4d-43ba-84b1-902c0e313236,2,3146.426555
2026/02/04/14:17:23,running-time,rs-001693-5jjdv,29d8f5c9-dc4d-43ba-84b1-902c0e313236,2,3146.426555
2026/02/04/14:17:23,apply-time,rs-001693-rbww9,bb4685a0-f240-4812-bad6-ef6dcd628e8e,2,3146.426555
2026/02/04/14:17:23,running-time,rs-001693-rbww9,bb4685a0-f240-4812-bad6-ef6dcd628e8e,2,3146.426555
2026/02/04/14:17:43,apply-time,rs-001696-4q9sd,736a8515-651c-46c8-9e68-70c0fbf53f00,4,3166.426555
2026/02/04/14:17:43,running-time,rs-001696-4q9sd,736a8515-651c-46c8-9e68-70c0fbf53f00,4,3166.426555
2026/02/04/14:17:43,apply-time,rs-001696-gmqp6,6930a7ad-f13f-47d4-9a96-e2bdc5929d7a,4,3166.426555
2026/02/04/14:17:43,running-time,rs-001696-gmqp6,6930a7ad-f13f-47d4-9a96-e2bdc5929d7a,4,3166.426555
2026/02/04/14:17:43,apply-time,rs-001696-whf9t,ccd3cc90-1fe1-4bbe-ac34-831f27a68537,4,3166.426555
2026/02/04/14:17:43,running-time,rs-001696-whf9t,ccd3cc90-1fe1-4bbe-ac34-831f27a68537,4,3166.426555
2026/02/04/14:17:47,apply-time,rs-001697-8qjm8,fe674fb7-b131-459b-a0a6-25268ea207c5,4,3171.426555
2026/02/04/14:17:47,running-time,rs-001697-8qjm8,fe674fb7-b131-459b-a0a6-25268ea207c5,4,3171.426555
2026/02/04/14:17:47,apply-time,rs-001697-ksmtv,b79a34ea-d3b1-4ee7-9079-1206e0f3dd37,4,3171.426555
2026/02/04/14:17:47,running-time,rs-001697-ksmtv,b79a34ea-d3b1-4ee7-9079-1206e0f3dd37,4,3171.426555
2026/02/04/14:17:47,apply-time,rs-001697-qmv6q,8ffed387-8c8a-4c1f-8079-429e1c8324f7,4,3171.426555
2026/02/04/14:17:47,running-time,rs-001697-qmv6q,8ffed387-8c8a-4c1f-8079-429e1c8324f7,4,3171.426555
2026/02/04/14:17:47,apply-time,rs-001698-f679j,1bbc40a3-c9a0-44ec-a3b8-fe3406fe9e02,3,3171.426555
2026/02/04/14:17:47,running-time,rs-001698-f679j,1bbc40a3-c9a0-44ec-a3b8-fe3406fe9e02,3,3171.426555
2026/02/04/14:17:48,apply-time,rs-001699-p6brh,c04cfbf6-bd6e-4791-9443-1a4684bbec0a,2,3171.426555
2026/02/04/14:17:48,running-time,rs-001699-p6brh,c04cfbf6-bd6e-4791-9443-1a4684bbec0a,2,3171.426555
2026/02/04/14:17:48,apply-time,rs-001700-459q4,a9f7c5de-400c-43cc-8c59-81b19a4e18c1,3,3171.426555
2026/02/04/14:17:48,apply-time,rs-001700-xgmz6,d59e5317-f49b-4016-8d97-f2212fa880f7,3,3171.426555
2026/02/04/14:17:49,apply-time,rs-001701-rb2cp,004fd0a5-eb68-41ab-8b17-90dd5d1f036f,1,3172.426555
2026/02/04/14:17:49,running-time,rs-001701-rb2cp,004fd0a5-eb68-41ab-8b17-90dd5d1f036f,1,3172.426555
2026/02/04/14:17:49,apply-time,rs-001701-s2vbt,e82edcf3-9616-4872-8a3f-b5e1d8f4277e,1,3172.426555
2026/02/04/14:17:49,running-time,rs-001701-s2vbt,e82edcf3-9616-4872-8a3f-b5e1d8f4277e,1,3172.426555
2026/02/04/14:17:50,apply-time,rs-001702-4d47v,4620032d-4c62-41e3-9e25-68a0ad94df04,4,3173.426555
2026/02/04/14:17:50,running-time,rs-001702-4d47v,4620032d-4c62-41e3-9e25-68a0ad94df04,4,3173.426555
2026/02/04/14:17:50,apply-time,rs-001702-gx74h,ecade893-34f0-4f6d-baa1-23b955e0b273,4,3173.426555
2026/02/04/14:17:50,running-time,rs-001702-gx74h,ecade893-34f0-4f6d-baa1-23b955e0b273,4,3173.426555
2026/02/04/14:17:50,apply-time,rs-001702-vpfzh,8a961671-c683-478d-b68d-4f59dfcfba51,4,3173.426555
2026/02/04/14:17:50,running-time,rs-001702-vpfzh,8a961671-c683-478d-b68d-4f59dfcfba51,4,3173.426555
2026/02/04/14:17:50,apply-time,rs-001703-gtzkq,e20e687c-9293-469d-8668-0cd59ea518b2,4,3173.426555
2026/02/04/14:17:50,running-time,rs-001703-gtzkq,e20e687c-9293-469d-8668-0cd59ea518b2,4,3173.426555
2026/02/04/14:17:51,apply-time,rs-001704-258q6,56e84d47-99fb-4523-ab26-60678c65b962,4,3174.426555
2026/02/04/14:17:51,running-time,rs-001704-258q6,56e84d47-99fb-4523-ab26-60678c65b962,4,3174.426555
2026/02/04/14:17:51,apply-time,rs-001704-tqcnl,66ee3db0-3b91-4f83-b790-aaad5e221143,4,3174.426555
2026/02/04/14:17:51,running-time,rs-001704-tqcnl,66ee3db0-3b91-4f83-b790-aaad5e221143,4,3174.426555
2026/02/04/14:17:51,apply-time,rs-001705-t5nm7,ee41a6cc-1abf-4a00-81cf-dbe7ee440355,1,3174.426555
2026/02/04/14:17:51,running-time,rs-001705-t5nm7,ee41a6cc-1abf-4a00-81cf-dbe7ee440355,1,3174.426555
2026/02/04/14:17:56,apply-time,rs-001706-89tk2,1eaa6cdf-8600-41c1-a1f9-df4867e1cf88,1,3179.426555
2026/02/04/14:17:56,running-time,rs-001706-89tk2,1eaa6cdf-8600-41c1-a1f9-df4867e1cf88,1,3179.426555
2026/02/04/14:18:00,apply-time,rs-001707-9xdtb,46e0c423-80f2-42f0-b6a2-960c7d65a0b0,2,3184.426555
2026/02/04/14:18:00,running-time,rs-001707-9xdtb,46e0c423-80f2-42f0-b6a2-960c7d65a0b0,2,3184.426555
2026/02/04/14:18:00,apply-time,rs-001707-mgxtz,e11da1e3-642f-4528-a943-636b17025aa6,2,3184.426555
2026/02/04/14:18:00,running-time,rs-001707-mgxtz,e11da1e3-642f-4528-a943-636b17025aa6,2,3184.426555
2026/02/04/14:18:01,apply-time,rs-001708-tksx7,d654d689-68d2-45ad-850b-6c50c28bba3d,1,3184.426555
2026/02/04/14:18:01,apply-time,rs-001709-jrksn,9c05c3a5-bc41-4093-92ec-6400e09de334,2,3184.426555
2026/02/04/14:18:01,running-time,rs-001709-jrksn,9c05c3a5-bc41-4093-92ec-6400e09de334,2,3184.426555
2026/02/04/14:18:01,apply-time,rs-001709-mf4mv,f7a859df-c63b-4a22-bc18-6ca9eb09c1bb,2,3184.426555
2026/02/04/14:18:01,running-time,rs-001709-mf4mv,f7a859df-c63b-4a22-bc18-6ca9eb09c1bb,2,3184.426555
2026/02/04/14:18:01,apply-time,rs-001709-zpkrv,36d0c0a4-54b3-41e5-bb78-d63e69b7c5d1,2,3184.426555
2026/02/04/14:18:01,running-time,rs-001709-zpkrv,36d0c0a4-54b3-41e5-bb78-d63e69b7c5d1,2,3184.426555
2026/02/04/14:18:01,apply-time,rs-001710-j9j5l,051044f9-8559-4034-a16b-988f275c5b02,4,3184.426555
2026/02/04/14:18:01,apply-time,rs-001711-n5vt9,73b031a9-e0c1-4e6c-b002-96ca5a975f86,1,3184.426555
2026/02/04/14:18:01,running-time,rs-001711-n5vt9,73b031a9-e0c1-4e6c-b002-96ca5a975f86,1,3184.426555
2026/02/04/14:18:01,apply-time,rs-001712-6scnh,e40a149c-1ea1-4d5d-93df-d6bac87418ee,2,3184.426555
2026/02/04/14:18:01,apply-time,rs-001712-dqxqw,4b23e77e-27b3-4ee3-99f2-559bff147104,2,3184.426555
2026/02/04/14:18:01,running-time,rs-001712-dqxqw,4b23e77e-27b3-4ee3-99f2-559bff147104,2,3184.426555
2026/02/04/14:18:01,apply-time,rs-001712-w66xg,c143a9cc-6a2e-431f-9815-860dbd119c7c,2,3184.426555
2026/02/04/14:18:01,apply-time,rs-001713-8t6wd,a3de1166-0879-4bd7-b73a-594b501b4961,4,3184.426555
2026/02/04/14:18:01,apply-time,rs-001713-lxlf9,3effc947-a9db-4281-b7d1-8f771556773c,4,3184.426555
2026/02/04/14:18:01,running-time,rs-001713-lxlf9,3effc947-a9db-4281-b7d1-8f771556773c,4,3184.426555
2026/02/04/14:18:01,apply-time,rs-001713-z9h4d,fb1b663e-b0ac-42b8-b492-09f7f7432596,4,3184.426555
2026/02/04/14:18:04,running-time,rs-001713-z9h4d,fb1b663e-b0ac-42b8-b492-09f7f7432596,4,3187.426555
2026/02/04/14:18:05,running-time,rs-001713-8t6wd,a3de1166-0879-4bd7-b73a-594b501b4961,4,3188.426555
2026/02/04/14:18:06,apply-time,rs-001714-j82xl,3b0fbdd2-9597-4d68-b89e-a3acfa76abf3,3,3189.426555
2026/02/04/14:18:06,running-time,rs-001714-j82xl,3b0fbdd2-9597-4d68-b89e-a3acfa76abf3,3,3190.426555
2026/02/04/14:18:06,apply-time,rs-001715-bgqk2,9564a962-a35a-47e4-af78-2c683151ddac,2,3190.426555
2026/02/04/14:18:06,running-time,rs-001715-bgqk2,9564a962-a35a-47e4-af78-2c683151ddac,2,3190.426555
2026/02/04/14:18:06,apply-time,rs-001716-29q92,5608bdeb-617b-4ac9-890d-863d53d868e8,4,3189.426555
2026/02/04/14:18:06,apply-time,rs-001717-jgjzx,a39f41fc-edc5-401e-a0b8-58d60aa86f2a,3,3190.426555
2026/02/04/14:18:06,apply-time,rs-001717-tlf9h,8cc7e2b1-8243-411b-9316-c55c1efd72cd,3,3190.426555
2026/02/04/14:18:06,apply-time,rs-001718-sd2qx,26d5e689-ee9c-4e49-9676-edef905215c0,1,3190.426555
2026/02/04/14:18:06,apply-time,rs-001718-x5ff5,050aa206-300a-4a8e-ae22-093c0730ba0a,1,3190.426555
2026/02/04/14:18:06,running-time,rs-001718-x5ff5,050aa206-300a-4a8e-ae22-093c0730ba0a,1,3190.426555
2026/02/04/14:18:06,apply-time,rs-001719-lnhf5,027d350c-2d00-4221-8774-8715c4dca22c,1,3190.426555
2026/02/04/14:18:06,running-time,rs-001719-lnhf5,027d350c-2d00-4221-8774-8715c4dca22c,1,3190.426555
2026/02/04/14:18:06,apply-time,rs-001719-p7txx,8796490f-21a4-4aee-9053-dca339b24600,1,3190.426555
2026/02/04/14:18:06,running-time,rs-001719-p7txx,8796490f-21a4-4aee-9053-dca339b24600,1,3190.426555
2026/02/04/14:18:06,apply-time,rs-001719-v87cl,43582f93-9932-4452-8393-78e7aa61479d,1,3190.426555
2026/02/04/14:18:06,running-time,rs-001719-v87cl,43582f93-9932-4452-8393-78e7aa61479d,1,3190.426555
2026/02/04/14:18:07,running-time,rs-001718-sd2qx,26d5e689-ee9c-4e49-9676-edef905215c0,1,3190.426555
2026/02/04/14:18:11,running-time,rs-001716-29q92,5608bdeb-617b-4ac9-890d-863d53d868e8,4,3194.426555
2026/02/04/14:18:21,running-time,rs-001708-tksx7,d654d689-68d2-45ad-850b-6c50c28bba3d,1,3204.426555
2026/02/04/14:18:25,apply-time,rs-000433-69mww,e3527b66-a38f-4908-84e9-04f4711ac9a2,1,3208.426555
2026/02/04/14:18:25,running-time,rs-000433-69mww,e3527b66-a38f-4908-84e9-04f4711ac9a2,1,3208.426555
2026/02/04/14:18:25,apply-time,rs-000433-rgbkd,0c2fb93e-f36b-4429-97ab-8d7c30d8fee5,1,3208.426555
2026/02/04/14:18:25,running-time,rs-000433-rgbkd,0c2fb93e-f36b-4429-97ab-8d7c30d8fee5,1,3208.426555
2026/02/04/14:18:25,apply-time,rs-001226-7dlk4,3e16d13a-9add-47e0-a99d-6f17a5b90a0b,1,3208.426555
2026/02/04/14:18:25,running-time,rs-001226-7dlk4,3e16d13a-9add-47e0-a99d-6f17a5b90a0b,1,3208.426555
2026/02/04/14:18:25,apply-time,rs-001720-mcwds,a1b78735-a7e1-4263-ba58-d65466d5b7e2,3,3209.426555
2026/02/04/14:18:25,running-time,rs-001720-mcwds,a1b78735-a7e1-4263-ba58-d65466d5b7e2,3,3209.426555
2026/02/04/14:18:25,apply-time,rs-001721-mcr5c,9f091ccb-b6bb-4b76-ade5-c971a7163406,3,3209.426555
2026/02/04/14:18:25,running-time,rs-001721-mcr5c,9f091ccb-b6bb-4b76-ade5-c971a7163406,3,3209.426555
2026/02/04/14:18:25,apply-time,rs-001721-w6v5h,5ecb5798-80f9-463a-9a2b-0a2628203bed,3,3209.426555
2026/02/04/14:18:25,running-time,rs-001721-w6v5h,5ecb5798-80f9-463a-9a2b-0a2628203bed,3,3209.426555
2026/02/04/14:18:25,apply-time,rs-001722-7dxs4,63505ca0-fbc7-4a97-ab12-2f9bbd297af5,3,3209.426555
2026/02/04/14:18:25,running-time,rs-001722-7dxs4,63505ca0-fbc7-4a97-ab12-2f9bbd297af5,3,3209.426555
2026/02/04/14:18:25,apply-time,rs-001722-l9ph5,ec23709b-9f7f-4c5c-b3ba-fb4b40b9ca4e,3,3209.426555
2026/02/04/14:18:25,running-time,rs-001722-l9ph5,ec23709b-9f7f-4c5c-b3ba-fb4b40b9ca4e,3,3209.426555
2026/02/04/14:18:25,apply-time,rs-001723-d56vm,90e1221d-75f6-4a5b-8261-30c7941bc825,2,3209.426555
2026/02/04/14:18:25,running-time,rs-001723-d56vm,90e1221d-75f6-4a5b-8261-30c7941bc825,2,3209.426555
2026/02/04/14:18:25,apply-time,rs-001723-hjsb9,73419bad-d9c4-4754-8084-9d5c2aeb078e,2,3209.426555
2026/02/04/14:18:25,running-time,rs-001723-hjsb9,73419bad-d9c4-4754-8084-9d5c2aeb078e,2,3209.426555
2026/02/04/14:18:25,apply-time,rs-001724-4kb62,6090d809-7a75-4591-8345-9f61688fedfc,4,3209.426555
2026/02/04/14:18:25,running-time,rs-001724-4kb62,6090d809-7a75-4591-8345-9f61688fedfc,4,3209.426555
2026/02/04/14:18:25,apply-time,rs-001724-dmvtq,ac473a1b-cd48-40a3-9204-12c3a52e6683,4,3209.426555
2026/02/04/14:18:25,running-time,rs-001724-dmvtq,ac473a1b-cd48-40a3-9204-12c3a52e6683,4,3209.426555
2026/02/04/14:18:26,apply-time,rs-001725-2xfv5,83ca1c10-7853-46b2-aadd-ddf0bd37ae14,1,3210.426555
2026/02/04/14:18:26,running-time,rs-001725-2xfv5,83ca1c10-7853-46b2-aadd-ddf0bd37ae14,1,3210.426555
2026/02/04/14:18:26,apply-time,rs-001725-cqn2w,acdf74dd-f786-43de-a12b-a87c40a5df61,1,3209.426555
2026/02/04/14:18:26,running-time,rs-001725-cqn2w,acdf74dd-f786-43de-a12b-a87c40a5df61,1,3209.426555
2026/02/04/14:18:26,apply-time,rs-001725-p8wk5,3aa4b3e6-c134-4a97-a0b3-91049c38b4fd,1,3209.426555
2026/02/04/14:18:26,running-time,rs-001725-p8wk5,3aa4b3e6-c134-4a97-a0b3-91049c38b4fd,1,3210.426555
2026/02/04/14:18:36,apply-time,rs-001726-58gn6,71fa28d2-4c56-49ad-8f11-a6d19113e874,1,3220.426555
2026/02/04/14:18:36,apply-time,rs-001726-fwhz9,0d0805db-e0e8-4d29-8c3b-466bbed1b9ce,1,3220.426555
2026/02/04/14:18:36,running-time,rs-001726-fwhz9,0d0805db-e0e8-4d29-8c3b-466bbed1b9ce,1,3220.426555
2026/02/04/14:18:36,apply-time,rs-001726-vr8bm,e1ff344d-420e-4b2f-8e28-5002b5046a19,1,3220.426555
2026/02/04/14:18:44,apply-time,rs-001727-pt2vb,502bc7c4-b902-4267-844b-88d5d60a48e5,3,3228.426555
2026/02/04/14:18:44,running-time,rs-001727-pt2vb,502bc7c4-b902-4267-844b-88d5d60a48e5,3,3228.426555
2026/02/04/14:18:44,apply-time,rs-001727-xrb8h,8baf1d44-e0b4-48f5-a20d-63962ad7b09f,3,3228.426555
2026/02/04/14:18:44,running-time,rs-001727-xrb8h,8baf1d44-e0b4-48f5-a20d-63962ad7b09f,3,3228.426555
2026/02/04/14:18:44,apply-time,rs-001728-fcrnd,b927b570-2577-4abf-92a9-22fabbc276ea,3,3228.426555
2026/02/04/14:18:44,running-time,rs-001728-fcrnd,b927b570-2577-4abf-92a9-22fabbc276ea,3,3228.426555
2026/02/04/14:18:44,apply-time,rs-001728-qhx6q,29157f56-bce4-4567-9b18-40a1b5ccc778,3,3228.426555
2026/02/04/14:18:44,running-time,rs-001728-qhx6q,29157f56-bce4-4567-9b18-40a1b5ccc778,3,3228.426555
2026/02/04/14:18:44,apply-time,rs-001728-wcr4c,a3304115-645c-4b47-b8ec-5cadb2cc8488,3,3228.426555
2026/02/04/14:18:44,running-time,rs-001728-wcr4c,a3304115-645c-4b47-b8ec-5cadb2cc8488,3,3228.426555
2026/02/04/14:18:49,apply-time,rs-001729-b4fsh,99033bc1-389d-409c-9c47-2addd4d51557,2,3233.426555
2026/02/04/14:18:49,running-time,rs-001729-b4fsh,99033bc1-389d-409c-9c47-2addd4d51557,2,3233.426555
2026/02/04/14:18:49,apply-time,rs-001729-gqsbn,7744a3cd-d5e6-487b-a6c1-78925442e0cc,2,3233.426555
2026/02/04/14:18:49,running-time,rs-001729-gqsbn,7744a3cd-d5e6-487b-a6c1-78925442e0cc,2,3233.426555
2026/02/04/14:18:49,apply-time,rs-001730-9dn6p,d35fba9e-99f0-49b5-a367-e810ebfc5556,4,3233.426555
2026/02/04/14:18:49,apply-time,rs-001730-lzghz,eaaeb0cc-2922-4d4f-8560-ea21fe059243,4,3233.426555
2026/02/04/14:18:52,running-time,rs-001730-lzghz,eaaeb0cc-2922-4d4f-8560-ea21fe059243,4,3235.426555
2026/02/04/14:18:55,apply-time,rs-001731-95gvc,cb283e6c-6e0c-42d3-a657-22df582fa8a7,2,3239.426555
2026/02/04/14:18:55,running-time,rs-001731-95gvc,cb283e6c-6e0c-42d3-a657-22df582fa8a7,2,3239.426555
2026/02/04/14:18:55,apply-time,rs-001731-9w2kj,d0b7ada6-87ba-4f84-a1e3-8881d5192fdb,2,3239.426555
2026/02/04/14:18:55,running-time,rs-001731-9w2kj,d0b7ada6-87ba-4f84-a1e3-8881d5192fdb,2,3239.426555
2026/02/04/14:18:55,apply-time,rs-001731-plngx,d2e09fe2-7909-4242-93ee-29e5b741632b,2,3239.426555
2026/02/04/14:18:55,running-time,rs-001731-plngx,d2e09fe2-7909-4242-93ee-29e5b741632b,2,3239.426555
2026/02/04/14:18:55,apply-time,rs-001732-4q242,33c72dba-4548-46dd-bee5-b0dde48c950d,2,3239.426555
2026/02/04/14:18:55,running-time,rs-001732-4q242,33c72dba-4548-46dd-bee5-b0dde48c950d,2,3239.426555
2026/02/04/14:18:55,apply-time,rs-001732-pznn5,b4d8e3fb-628b-41c8-b40c-9967e1f664e7,2,3239.426555
2026/02/04/14:18:55,apply-time,rs-001732-vrpcm,4ead0a09-bcb3-4cf6-b45a-840664031df9,2,3239.426555
2026/02/04/14:18:55,apply-time,rs-001733-tbwp7,513531ad-6542-4bf2-baa1-f58a7aa65c91,3,3239.426555
2026/02/04/14:18:55,apply-time,rs-001734-dphht,3a9bb933-9e46-4ef9-852d-b02cc1f97f69,1,3239.426555
2026/02/04/14:18:55,apply-time,rs-001734-fc59m,d7bab98a-54a5-456a-9b84-a40754f76d8c,1,3239.426555
2026/02/04/14:18:55,apply-time,rs-001734-ps8pd,c1a6fda5-3ece-498d-92f5-3e0ce44d5ed7,1,3239.426555
2026/02/04/14:18:55,apply-time,rs-001735-qv7x7,868c1bcb-b127-4d0b-b602-78489aab2ebb,2,3239.426555
2026/02/04/14:18:55,running-time,rs-001735-qv7x7,868c1bcb-b127-4d0b-b602-78489aab2ebb,2,3239.426555
2026/02/04/14:18:55,apply-time,rs-001735-szq58,bfc40d7e-e034-49e4-a5d6-3ee93edcf38b,2,3239.426555
2026/02/04/14:18:55,running-time,rs-001735-szq58,bfc40d7e-e034-49e4-a5d6-3ee93edcf38b,2,3239.426555
2026/02/04/14:18:56,running-time,rs-001734-ps8pd,c1a6fda5-3ece-498d-92f5-3e0ce44d5ed7,1,3240.426555
2026/02/04/14:18:56,apply-time,rs-001736-9r5xl,9fe15759-ba35-4ba6-b231-80ca3e55123b,4,3239.426555
2026/02/04/14:18:56,apply-time,rs-001736-l4bc7,011d49e5-bb16-4dae-bc9e-979023bfbf9a,4,3239.426555
2026/02/04/14:18:56,apply-time,rs-001736-qbfj5,7ef02e48-760a-4847-b3dd-e68c03d5bb95,4,3239.426555
2026/02/04/14:18:57,running-time,rs-001734-dphht,3a9bb933-9e46-4ef9-852d-b02cc1f97f69,1,3241.426555
2026/02/04/14:19:00,running-time,rs-001734-fc59m,d7bab98a-54a5-456a-9b84-a40754f76d8c,1,3243.426555
2026/02/04/14:19:12,apply-time,rs-001737-j2gtl,5fb012ac-9b74-4fde-bd87-0c1afcc4eb20,1,3256.426555
2026/02/04/14:19:12,running-time,rs-001737-j2gtl,5fb012ac-9b74-4fde-bd87-0c1afcc4eb20,1,3256.426555
2026/02/04/14:19:33,apply-time,rs-001738-4j6r4,63677f01-623e-4886-a361-5d4525698840,2,3277.426555
2026/02/04/14:19:33,running-time,rs-001738-4j6r4,63677f01-623e-4886-a361-5d4525698840,2,3277.426555
2026/02/04/14:19:33,apply-time,rs-001738-xdv8q,7901c743-f47f-4296-aa40-d289b0e19280,2,3277.426555
2026/02/04/14:19:33,running-time,rs-001738-xdv8q,7901c743-f47f-4296-aa40-d289b0e19280,2,3277.426555
2026/02/04/14:19:33,apply-time,rs-001739-s54wz,82bf4c2d-b622-4535-8f2b-1eeccfbcb862,1,3277.426555
2026/02/04/14:19:33,running-time,rs-001739-s54wz,82bf4c2d-b622-4535-8f2b-1eeccfbcb862,1,3277.426555
2026/02/04/14:19:34,apply-time,rs-001740-mgmcm,b567be29-f962-48a6-aea8-ca8517a9252f,4,3277.426555
2026/02/04/14:19:34,running-time,rs-001740-mgmcm,b567be29-f962-48a6-aea8-ca8517a9252f,4,3277.426555
2026/02/04/14:19:34,apply-time,rs-001741-bsmsv,d70aa0bb-3303-41f1-9845-61a5a302fd14,1,3277.426555
2026/02/04/14:19:34,running-time,rs-001741-bsmsv,d70aa0bb-3303-41f1-9845-61a5a302fd14,1,3277.426555
2026/02/04/14:19:34,apply-time,rs-001741-fcxjp,d60c4f55-c5da-4808-9658-cd80d3209285,1,3277.426555
2026/02/04/14:19:34,running-time,rs-001741-fcxjp,d60c4f55-c5da-4808-9658-cd80d3209285,1,3277.426555
2026/02/04/14:19:34,apply-time,rs-001742-87swn,e8957a67-ed46-4cfa-a386-02dcbd65ff8a,4,3277.426555
2026/02/04/14:19:34,running-time,rs-001742-87swn,e8957a67-ed46-4cfa-a386-02dcbd65ff8a,4,3277.426555
2026/02/04/14:19:34,apply-time,rs-001742-cwtgb,9c703d55-e977-487b-a6c3-efab431db705,4,3277.426555
2026/02/04/14:19:34,running-time,rs-001742-cwtgb,9c703d55-e977-487b-a6c3-efab431db705,4,3277.426555
2026/02/04/14:19:34,apply-time,rs-001742-ptj27,c2c7d3f2-03b2-4f31-bcba-2edf29f4c5da,4,3277.426555
2026/02/04/14:19:34,running-time,rs-001742-ptj27,c2c7d3f2-03b2-4f31-bcba-2edf29f4c5da,4,3277.426555
2026/02/04/14:19:34,apply-time,rs-001743-fbns6,7c4a0551-b406-4f53-ab4e-9872e41bac6c,2,3277.426555
2026/02/04/14:19:34,apply-time,rs-001743-hb6nr,8be87eb9-8e49-44df-be6f-7f24b0c66ffb,2,3277.426555
2026/02/04/14:19:34,apply-time,rs-001743-hfb7t,d0685aea-3bde-401c-b2fb-a789ac630b2a,2,3277.426555
2026/02/04/14:19:34,apply-time,rs-001744-4vpl6,a10ec66e-8db4-468d-92d0-d8210003b0d4,2,3278.426555
2026/02/04/14:19:34,running-time,rs-001744-4vpl6,a10ec66e-8db4-468d-92d0-d8210003b0d4,2,3278.426555
2026/02/04/14:19:34,apply-time,rs-001744-z44vw,f3af095e-765d-42fe-a08c-c44d5d2e0539,2,3278.426555
2026/02/04/14:19:34,running-time,rs-001744-z44vw,f3af095e-765d-42fe-a08c-c44d5d2e0539,2,3278.426555
2026/02/04/14:19:34,apply-time,rs-001745-gfqcz,ad5ca0ce-352e-43d5-8c8c-2fb9dd2d0a72,2,3278.426555
2026/02/04/14:19:34,running-time,rs-001745-gfqcz,ad5ca0ce-352e-43d5-8c8c-2fb9dd2d0a72,2,3278.426555
2026/02/04/14:19:45,apply-time,rs-001746-dsgfx,349b577d-6c19-44f6-9250-ebf4beb85409,1,3288.426555
2026/02/04/14:19:45,running-time,rs-001746-dsgfx,349b577d-6c19-44f6-9250-ebf4beb85409,1,3288.426555
2026/02/04/14:19:45,apply-time,rs-001747-7fmqn,33656217-0e5c-47db-9cda-6579d55e8f5c,1,3289.426555
2026/02/04/14:19:45,running-time,rs-001747-7fmqn,33656217-0e5c-47db-9cda-6579d55e8f5c,1,3289.426555
2026/02/04/14:19:45,apply-time,rs-001748-dnsl8,ae709690-f401-4ab4-b9c2-0562b8fa007a,4,3289.426555
2026/02/04/14:19:45,running-time,rs-001748-dnsl8,ae709690-f401-4ab4-b9c2-0562b8fa007a,4,3289.426555
2026/02/04/14:19:45,apply-time,rs-001749-45gpm,f8ffe7e5-1395-48f6-806c-f93da71f8f84,1,3289.426555
2026/02/04/14:19:45,apply-time,rs-001749-6hx98,2ef91964-ee76-48fd-875b-8d50e48f9204,1,3289.426555
2026/02/04/14:19:45,running-time,rs-001749-6hx98,2ef91964-ee76-48fd-875b-8d50e48f9204,1,3289.426555
2026/02/04/14:19:45,apply-time,rs-001750-hbfnr,05174134-b27b-485a-af11-ca5ac0bc80ef,3,3289.426555
2026/02/04/14:19:45,running-time,rs-001750-hbfnr,05174134-b27b-485a-af11-ca5ac0bc80ef,3,3289.426555
2026/02/04/14:19:47,apply-time,rs-001751-hthcq,798760ac-0126-4014-a0f3-117c7582503c,1,3290.426555
2026/02/04/14:19:47,running-time,rs-001751-hthcq,798760ac-0126-4014-a0f3-117c7582503c,1,3290.426555
2026/02/04/14:19:47,apply-time,rs-001752-gc6tr,5991b3c2-3d5a-4df2-9cf5-40c6ccb4add9,2,3290.426555
2026/02/04/14:19:47,apply-time,rs-001752-kx8nv,86fecf18-f6ab-42d3-9448-168791ba32ef,2,3290.426555
2026/02/04/14:19:47,running-time,rs-001752-kx8nv,86fecf18-f6ab-42d3-9448-168791ba32ef,2,3291.426555
2026/02/04/14:19:47,apply-time,rs-001752-wzdl5,6ada34ac-affb-4277-9c7b-f2ba5e4dd29b,2,3290.426555
2026/02/04/14:19:48,apply-time,rs-001753-5csfw,1b7ab3f6-2311-4f6a-980f-429c238cfcf0,2,3292.426555
2026/02/04/14:19:48,apply-time,rs-001753-gkf8l,26937a3f-da19-4f06-8892-648c4916a79c,2,3292.426555
2026/02/04/14:19:48,apply-time,rs-001754-zrjbq,aae12fc7-cfda-4048-83f0-c2aa082075e3,1,3291.426555
2026/02/04/14:19:48,running-time,rs-001754-zrjbq,aae12fc7-cfda-4048-83f0-c2aa082075e3,1,3291.426555
2026/02/04/14:19:48,apply-time,rs-001755-j7x7x,702a9b3e-6c24-4270-822f-68ea743be7fa,1,3292.426555
2026/02/04/14:19:48,apply-time,rs-001755-q8xx8,1a9e4e40-b2e2-4d82-9fe8-c323ecd2c5ec,1,3292.426555
2026/02/04/14:19:50,running-time,rs-001753-gkf8l,26937a3f-da19-4f06-8892-648c4916a79c,2,3293.426555
2026/02/04/14:19:52,running-time,rs-001753-5csfw,1b7ab3f6-2311-4f6a-980f-429c238cfcf0,2,3296.426555
2026/02/04/14:19:55,apply-time,rs-001756-wwk8j,c40331e3-57e0-4846-9941-44e645f95f09,1,3298.426555
2026/02/04/14:19:55,running-time,rs-001756-wwk8j,c40331e3-57e0-4846-9941-44e645f95f09,1,3298.426555
2026/02/04/14:19:55,apply-time,rs-001757-dnbg4,57eef40e-02d0-4cf9-b95f-8f1e584c973e,1,3298.426555
2026/02/04/14:19:55,running-time,rs-001757-dnbg4,57eef40e-02d0-4cf9-b95f-8f1e584c973e,1,3298.426555
2026/02/04/14:19:55,apply-time,rs-001757-ndh49,a39a2c7e-3fe1-4380-81cf-8e6ad8be2918,1,3298.426555
2026/02/04/14:19:55,running-time,rs-001757-ndh49,a39a2c7e-3fe1-4380-81cf-8e6ad8be2918,1,3298.426555
2026/02/04/14:19:55,apply-time,rs-001757-xx8jd,b25e0c09-1387-435c-99b0-a26b2a3e9c30,1,3298.426555
2026/02/04/14:19:55,running-time,rs-001757-xx8jd,b25e0c09-1387-435c-99b0-a26b2a3e9c30,1,3298.426555
2026/02/04/14:19:55,apply-time,rs-001758-45ldg,bbdb7dfa-ed34-4403-b39f-bf205e74269e,2,3298.426555
2026/02/04/14:19:55,running-time,rs-001758-45ldg,bbdb7dfa-ed34-4403-b39f-bf205e74269e,2,3298.426555
2026/02/04/14:19:55,apply-time,rs-001758-qrj8l,3a8915fb-16d7-45a9-bfab-34bf61cabec3,2,3298.426555
2026/02/04/14:19:55,running-time,rs-001758-qrj8l,3a8915fb-16d7-45a9-bfab-34bf61cabec3,2,3298.426555
2026/02/04/14:19:55,apply-time,rs-001758-v7g96,fbf09375-4625-4cfe-acbc-770d5fb92398,2,3298.426555
2026/02/04/14:19:55,running-time,rs-001758-v7g96,fbf09375-4625-4cfe-acbc-770d5fb92398,2,3298.426555
2026/02/04/14:19:55,apply-time,rs-001759-wrqd2,ad94108a-1f57-4413-929f-ffaca2dc310c,3,3298.426555
2026/02/04/14:19:55,running-time,rs-001759-wrqd2,ad94108a-1f57-4413-929f-ffaca2dc310c,3,3299.426555
2026/02/04/14:19:55,apply-time,rs-001759-wvsg5,e6f36c6d-84b7-4b63-9f8d-1fcdf2bcbac4,3,3298.426555
2026/02/04/14:19:55,running-time,rs-001759-wvsg5,e6f36c6d-84b7-4b63-9f8d-1fcdf2bcbac4,3,3298.426555
2026/02/04/14:19:55,apply-time,rs-001760-9gv6l,35079a5c-a4e1-4149-834b-e80b2711a3d2,2,3298.426555
2026/02/04/14:19:55,running-time,rs-001760-9gv6l,35079a5c-a4e1-4149-834b-e80b2711a3d2,2,3298.426555
2026/02/04/14:19:55,apply-time,rs-001761-4fr79,44b4f70a-bdd5-4ef1-8705-e28a01cc7a5f,3,3299.426555
2026/02/04/14:19:55,running-time,rs-001761-4fr79,44b4f70a-bdd5-4ef1-8705-e28a01cc7a5f,3,3299.426555
2026/02/04/14:19:55,apply-time,rs-001761-xg8nc,c43f0895-63e7-4295-b189-198f67764c89,3,3299.426555
2026/02/04/14:19:55,running-time,rs-001761-xg8nc,c43f0895-63e7-4295-b189-198f67764c89,3,3299.426555
2026/02/04/14:19:55,apply-time,rs-001762-pdck7,240c2352-98e8-428a-b788-84beae5b3c89,3,3299.426555
2026/02/04/14:19:55,running-time,rs-001762-pdck7,240c2352-98e8-428a-b788-84beae5b3c89,3,3299.426555
2026/02/04/14:19:56,apply-time,rs-001761-gdkwl,6c3984f7-fc52-468d-b7b5-a1a8b67e5753,3,3299.426555
2026/02/04/14:19:56,running-time,rs-001761-gdkwl,6c3984f7-fc52-468d-b7b5-a1a8b67e5753,3,3299.426555
2026/02/04/14:19:56,apply-time,rs-001762-smq6h,b18fad99-1294-493d-9ead-1aa0cb00e0ed,3,3299.426555
2026/02/04/14:19:56,running-time,rs-001762-smq6h,b18fad99-1294-493d-9ead-1aa0cb00e0ed,3,3299.426555
2026/02/04/14:19:56,apply-time,rs-001763-8s5g8,c6c2cff6-753d-4fa8-b76d-bd236541d886,2,3299.426555
2026/02/04/14:19:56,running-time,rs-001763-8s5g8,c6c2cff6-753d-4fa8-b76d-bd236541d886,2,3299.426555
2026/02/04/14:19:56,apply-time,rs-001763-xz5j6,38447e68-8239-4600-803b-f511b3a78eb0,2,3299.426555
2026/02/04/14:19:56,running-time,rs-001763-xz5j6,38447e68-8239-4600-803b-f511b3a78eb0,2,3299.426555
2026/02/04/14:19:59,apply-time,rs-001764-bd8s4,e2133875-d61e-473b-b191-68bfdce876f6,3,3302.426555
2026/02/04/14:19:59,running-time,rs-001764-bd8s4,e2133875-d61e-473b-b191-68bfdce876f6,3,3302.426555
2026/02/04/14:19:59,apply-time,rs-001764-rnnx5,b71dae3a-1faf-4431-a75c-494c46348f62,3,3302.426555
2026/02/04/14:19:59,running-time,rs-001764-rnnx5,b71dae3a-1faf-4431-a75c-494c46348f62,3,3302.426555
2026/02/04/14:19:59,apply-time,rs-001764-sb9gj,653f08d3-6818-4e00-ac8e-31c31476cb2a,3,3302.426555
2026/02/04/14:19:59,running-time,rs-001764-sb9gj,653f08d3-6818-4e00-ac8e-31c31476cb2a,3,3302.426555
2026/02/04/14:19:59,apply-time,rs-001765-hvjks,e1cfb42d-559c-4a4c-8f2e-4d060c3fa3df,4,3302.426555
2026/02/04/14:19:59,running-time,rs-001765-hvjks,e1cfb42d-559c-4a4c-8f2e-4d060c3fa3df,4,3302.426555
2026/02/04/14:19:59,apply-time,rs-001765-lh979,14f212ec-291a-4ccd-b993-2c425709b358,4,3302.426555
2026/02/04/14:19:59,running-time,rs-001765-lh979,14f212ec-291a-4ccd-b993-2c425709b358,4,3302.426555
2026/02/04/14:19:59,apply-time,rs-001766-ffhfw,f4c3cf69-ccb5-4863-94d9-a335ab0c94e3,3,3302.426555
2026/02/04/14:19:59,running-time,rs-001766-ffhfw,f4c3cf69-ccb5-4863-94d9-a335ab0c94e3,3,3302.426555
2026/02/04/14:20:08,apply-time,rs-001767-s4nnm,ecdfcbfb-6f4c-4fa3-8a14-4423f62fc738,3,3311.426555
2026/02/04/14:20:08,running-time,rs-001767-s4nnm,ecdfcbfb-6f4c-4fa3-8a14-4423f62fc738,3,3311.426555
2026/02/04/14:20:08,apply-time,rs-001768-d57bh,d7ccc034-7712-4b08-a400-27a8cac0b6a3,4,3311.426555
2026/02/04/14:20:08,running-time,rs-001768-d57bh,d7ccc034-7712-4b08-a400-27a8cac0b6a3,4,3312.426555
2026/02/04/14:20:08,apply-time,rs-001768-zmsms,1a14e8b6-0e77-427d-9db0-a18e5567de95,4,3311.426555
2026/02/04/14:20:08,running-time,rs-001768-zmsms,1a14e8b6-0e77-427d-9db0-a18e5567de95,4,3311.426555
2026/02/04/14:20:09,apply-time,rs-001769-6xr25,013e96d9-2a28-4487-a95e-0730c2db8dc4,2,3312.426555
2026/02/04/14:20:09,running-time,rs-001769-6xr25,013e96d9-2a28-4487-a95e-0730c2db8dc4,2,3312.426555
2026/02/04/14:20:09,apply-time,rs-001770-h64rl,29a9501f-24ca-4118-9970-24d132dd05d0,4,3312.426555
2026/02/04/14:20:09,running-time,rs-001770-h64rl,29a9501f-24ca-4118-9970-24d132dd05d0,4,3312.426555
2026/02/04/14:20:09,apply-time,rs-001770-l8nf5,c6d27b3a-3e6e-4220-9025-91ec40de8cac,4,3312.426555
2026/02/04/14:20:09,running-time,rs-001770-l8nf5,c6d27b3a-3e6e-4220-9025-91ec40de8cac,4,3312.426555
2026/02/04/14:20:09,apply-time,rs-001770-z6mnr,85c3dc6a-da5f-4c32-8967-2429de84dc9a,4,3312.426555
2026/02/04/14:20:09,running-time,rs-001770-z6mnr,85c3dc6a-da5f-4c32-8967-2429de84dc9a,4,3312.426555
2026/02/04/14:20:09,apply-time,rs-001771-bh898,536caa41-5ee0-419d-951e-e5b68dcba050,2,3312.426555
2026/02/04/14:20:09,running-time,rs-001771-bh898,536caa41-5ee0-419d-951e-e5b68dcba050,2,3312.426555
2026/02/04/14:20:11,apply-time,rs-001772-6tzsx,75085986-7537-431d-a111-938bdeec5eb5,3,3314.426555
2026/02/04/14:20:11,running-time,rs-001772-6tzsx,75085986-7537-431d-a111-938bdeec5eb5,3,3314.426555
2026/02/04/14:20:11,apply-time,rs-001773-ck78r,c22fb8f8-5f18-4389-a7fa-d50a88a38c57,1,3314.426555
2026/02/04/14:20:11,apply-time,rs-001774-fz6pr,5313fa57-efa5-4cf5-9098-89efdc26cdc8,1,3314.426555
2026/02/04/14:20:11,apply-time,rs-001775-bz6sf,82021a1a-521f-4047-a6d9-0ba7210d97a3,3,3314.426555
2026/02/04/14:20:11,apply-time,rs-001775-jqjfx,8a99ab66-0daa-4685-aa19-a46d92adb8c9,3,3314.426555
2026/02/04/14:20:11,apply-time,rs-001775-p79tp,e26239f6-3f65-48e4-bb0a-873c3730b4de,3,3314.426555
2026/02/04/14:20:11,apply-time,rs-001776-fvrr8,8263d804-d90d-4207-b90e-babf78017d22,2,3314.426555
2026/02/04/14:20:11,running-time,rs-001776-fvrr8,8263d804-d90d-4207-b90e-babf78017d22,2,3314.426555
2026/02/04/14:20:11,apply-time,rs-001776-grv95,72cea291-a4ee-419f-94aa-8f1f7ed24fcd,2,3314.426555
2026/02/04/14:20:11,running-time,rs-001776-grv95,72cea291-a4ee-419f-94aa-8f1f7ed24fcd,2,3314.426555
2026/02/04/14:20:11,apply-time,rs-001776-k864p,0ebcc7d5-3315-41e7-bae3-7673c2266f35,2,3314.426555
2026/02/04/14:20:11,running-time,rs-001776-k864p,0ebcc7d5-3315-41e7-bae3-7673c2266f35,2,3314.426555
2026/02/04/14:20:11,apply-time,rs-001777-2xg6x,35eec989-b1b8-4872-aff1-8e8c44868aaf,3,3315.426555
2026/02/04/14:20:11,apply-time,rs-001777-q7667,75120403-0d7d-41f8-a129-cc772dadff7c,3,3315.426555
2026/02/04/14:20:11,apply-time,rs-001777-xf4xj,698f9542-db32-47e0-ba2d-f61a8ab6c687,3,3315.426555
2026/02/04/14:20:12,apply-time,rs-001778-l8nxq,df8ff449-2121-489f-948e-2a83ec116bcb,2,3316.426555
2026/02/04/14:20:12,apply-time,rs-001778-rhxz7,ba5bc748-a7c2-4e75-b38d-d6ee77cd53d0,2,3316.426555
2026/02/04/14:20:12,apply-time,rs-001779-845br,6babb39d-7399-421a-aaef-cec62bb3634a,1,3316.426555
2026/02/04/14:20:12,running-time,rs-001779-845br,6babb39d-7399-421a-aaef-cec62bb3634a,1,3316.426555
2026/02/04/14:20:12,apply-time,rs-001779-sjkq5,7630aaa3-b5dd-4e1a-be4b-5dd8cc5866b7,1,3316.426555
2026/02/04/14:20:14,running-time,rs-001779-sjkq5,7630aaa3-b5dd-4e1a-be4b-5dd8cc5866b7,1,3317.426555
2026/02/04/14:20:15,running-time,rs-001778-l8nxq,df8ff449-2121-489f-948e-2a83ec116bcb,2,3318.426555
2026/02/04/14:20:15,running-time,rs-001778-rhxz7,ba5bc748-a7c2-4e75-b38d-d6ee77cd53d0,2,3318.426555
2026/02/04/14:20:20,running-time,rs-001775-bz6sf,82021a1a-521f-4047-a6d9-0ba7210d97a3,3,3323.426555
2026/02/04/14:20:20,apply-time,rs-001780-jsk8p,ae0b60cc-b6b9-48ed-bc6a-e443e157d063,2,3324.426555
2026/02/04/14:20:20,apply-time,rs-001781-np6dp,f5520963-820b-4953-8999-1678f5b8558b,3,3324.426555
2026/02/04/14:20:20,running-time,rs-001781-np6dp,f5520963-820b-4953-8999-1678f5b8558b,3,3324.426555
2026/02/04/14:20:20,apply-time,rs-001781-x2kch,1a4422bf-3cba-4384-81e5-c6908a2ed970,3,3324.426555
2026/02/04/14:20:20,running-time,rs-001781-x2kch,1a4422bf-3cba-4384-81e5-c6908a2ed970,3,3324.426555
2026/02/04/14:20:20,apply-time,rs-001782-pflxv,e1d70a6c-4d00-4006-8435-421facd41b82,3,3324.426555
2026/02/04/14:20:20,running-time,rs-001782-pflxv,e1d70a6c-4d00-4006-8435-421facd41b82,3,3324.426555
2026/02/04/14:20:20,apply-time,rs-001782-tv8hc,ae50a501-2473-4249-8417-7ada425a71a0,3,3324.426555
2026/02/04/14:20:20,apply-time,rs-001783-7jjj7,ecfc3e93-2fdb-409b-902e-19d7d32ee556,3,3324.426555
2026/02/04/14:20:20,apply-time,rs-001784-44tv7,d343e143-0b71-4265-9428-40453b247641,1,3324.426555
2026/02/04/14:20:20,running-time,rs-001784-44tv7,d343e143-0b71-4265-9428-40453b247641,1,3324.426555
2026/02/04/14:20:20,apply-time,rs-001784-9bmnx,298736e6-4431-4a86-865c-238aaf65e6c6,1,3324.426555
2026/02/04/14:20:20,running-time,rs-001784-9bmnx,298736e6-4431-4a86-865c-238aaf65e6c6,1,3324.426555
2026/02/04/14:20:20,apply-time,rs-001784-fzf9d,b5bd7d73-5ad8-4a56-9901-603997a6b2d6,1,3324.426555
2026/02/04/14:20:20,running-time,rs-001784-fzf9d,b5bd7d73-5ad8-4a56-9901-603997a6b2d6,1,3324.426555
2026/02/04/14:20:20,apply-time,rs-001785-mfsfx,86bcb4bf-f989-4b25-8c2e-d3f9b821e7bf,4,3324.426555
2026/02/04/14:20:21,apply-time,rs-001786-t824h,96898170-bf9b-48b1-95c6-d978ae9a14a9,4,3325.426555
2026/02/04/14:20:21,apply-time,rs-001786-zgkfk,40a12dd6-bddf-4caa-9861-386332ffcf4c,4,3324.426555
2026/02/04/14:20:21,running-time,rs-001786-zgkfk,40a12dd6-bddf-4caa-9861-386332ffcf4c,4,3324.426555
2026/02/04/14:20:21,apply-time,rs-001787-cbh6l,09793ee3-dc42-4969-9d99-6b990e6b6632,1,3324.426555
2026/02/04/14:20:21,apply-time,rs-001787-s7t9f,b460f482-472f-462f-b655-e99750fd35d4,1,3325.426555
2026/02/04/14:20:21,apply-time,rs-001787-slmxd,5d55f376-acfe-4f68-b9ce-3a98641bc080,1,3325.426555
2026/02/04/14:20:21,apply-time,rs-001788-bvn6k,0509140c-7264-41d8-852a-af73d9fc11a2,2,3325.426555
2026/02/04/14:20:21,apply-time,rs-001788-pxw2w,7b4ddd36-4cbf-4d9f-85a8-aa7ce78362d4,2,3324.426555
2026/02/04/14:20:21,apply-time,rs-001789-8js2h,516cc6a6-d52a-490a-885d-3a8c1ab1f018,1,3324.426555
2026/02/04/14:20:21,running-time,rs-001789-8js2h,516cc6a6-d52a-490a-885d-3a8c1ab1f018,1,3324.426555
2026/02/04/14:20:21,apply-time,rs-001789-l8wkl,c59da50e-4f73-47f6-94a8-20c073ec114a,1,3325.426555
2026/02/04/14:20:22,apply-time,rs-001790-pxc8t,cd1c8473-d132-4707-9abd-088428f44dbc,4,3325.426555
2026/02/04/14:20:22,apply-time,rs-001791-7h94v,a16d57cb-96a1-455d-9b86-e1b96ae55711,2,3325.426555
2026/02/04/14:20:22,running-time,rs-001791-7h94v,a16d57cb-96a1-455d-9b86-e1b96ae55711,2,3325.426555
2026/02/04/14:20:22,apply-time,rs-001791-tksmf,9f940e5f-2c44-41f7-96e0-d4dd60d1b3d6,2,3326.426555
2026/02/04/14:20:22,apply-time,rs-001792-j7m4v,21a5131e-96e0-4a31-808f-fa59f7de463f,2,3326.426555
2026/02/04/14:20:22,apply-time,rs-001792-p9xdt,9ada73a0-e1f4-43c7-8fac-8f6abb6502a9,2,3326.426555
2026/02/04/14:20:22,apply-time,rs-001792-znqdc,ff8b7015-78c2-4e03-b20e-3894ce3058ca,2,3326.426555
2026/02/04/14:20:22,apply-time,rs-001793-htxpb,4ff85022-74de-4870-8ebb-7147b3f298c5,4,3326.426555
2026/02/04/14:20:23,apply-time,rs-001793-dtkn4,1ab96055-76b4-43eb-98f3-4e3920aab863,4,3326.426555
2026/02/04/14:20:23,apply-time,rs-001793-m75j6,208da0b0-9db1-459d-8ce6-7e07e29ac9ad,4,3326.426555
2026/02/04/14:20:25,running-time,rs-001792-j7m4v,21a5131e-96e0-4a31-808f-fa59f7de463f,2,3328.426555
2026/02/04/14:20:28,running-time,rs-001782-tv8hc,ae50a501-2473-4249-8417-7ada425a71a0,3,3331.426555
2026/02/04/14:20:32,running-time,rs-001785-mfsfx,86bcb4bf-f989-4b25-8c2e-d3f9b821e7bf,4,3336.426555
2026/02/04/14:20:33,apply-time,rs-001794-cksv7,c2dcb2bd-d583-4e5e-ac7f-8eefb549ac64,1,3337.426555
2026/02/04/14:20:33,running-time,rs-001794-cksv7,c2dcb2bd-d583-4e5e-ac7f-8eefb549ac64,1,3337.426555
2026/02/04/14:20:33,apply-time,rs-001794-jpkdf,415eefb0-43ab-47fa-8aab-b0de3a205cca,1,3337.426555
2026/02/04/14:20:34,apply-time,rs-001795-cmhxr,8671489d-3183-4553-b753-09babce7ebf3,4,3338.426555
2026/02/04/14:20:34,running-time,rs-001795-cmhxr,8671489d-3183-4553-b753-09babce7ebf3,4,3338.426555
2026/02/04/14:20:34,apply-time,rs-001795-nsxfz,02ccce37-4eb9-486a-a7ad-46603e23f246,4,3338.426555
2026/02/04/14:20:34,running-time,rs-001795-nsxfz,02ccce37-4eb9-486a-a7ad-46603e23f246,4,3338.426555
2026/02/04/14:20:34,apply-time,rs-001796-9dc25,56f129ba-1b2d-4e40-8870-f4442a1bb2a7,2,3338.426555
2026/02/04/14:20:34,running-time,rs-001796-9dc25,56f129ba-1b2d-4e40-8870-f4442a1bb2a7,2,3338.426555
2026/02/04/14:20:34,apply-time,rs-001797-c2fmb,de126a8f-aaac-422c-8a07-5f93a76b0869,3,3338.426555
2026/02/04/14:20:34,running-time,rs-001797-c2fmb,de126a8f-aaac-422c-8a07-5f93a76b0869,3,3338.426555
2026/02/04/14:20:35,running-time,rs-001794-jpkdf,415eefb0-43ab-47fa-8aab-b0de3a205cca,1,3339.426555
2026/02/04/14:20:40,running-time,rs-001789-l8wkl,c59da50e-4f73-47f6-94a8-20c073ec114a,1,3344.426555
2026/02/04/14:20:48,running-time,rs-001775-jqjfx,8a99ab66-0daa-4685-aa19-a46d92adb8c9,3,3352.426555
2026/02/04/14:20:48,running-time,rs-001775-p79tp,e26239f6-3f65-48e4-bb0a-873c3730b4de,3,3352.426555
2026/02/04/14:20:48,apply-time,rs-001779-rxsrb,e36e6472-76db-4b7a-84e0-0d92f2ae2477,1,3352.426555
2026/02/04/14:20:48,running-time,rs-001779-rxsrb,e36e6472-76db-4b7a-84e0-0d92f2ae2477,1,3352.426555
2026/02/04/14:21:02,apply-time,rs-001798-qf6mg,e0dbd662-21ba-463f-b27b-f9b2fc5ab423,1,3365.426555
2026/02/04/14:21:02,running-time,rs-001798-qf6mg,e0dbd662-21ba-463f-b27b-f9b2fc5ab423,1,3366.426555
2026/02/04/14:21:04,apply-time,rs-001799-dfzpn,373e002c-21dc-4153-a544-cd7799118b76,2,3368.426555
2026/02/04/14:21:04,running-time,rs-001799-dfzpn,373e002c-21dc-4153-a544-cd7799118b76,2,3368.426555
2026/02/04/14:21:04,apply-time,rs-001800-26qp9,1a34db00-6c60-43d2-9a3d-61436cfa9a98,2,3368.426555
2026/02/04/14:21:04,running-time,rs-001800-26qp9,1a34db00-6c60-43d2-9a3d-61436cfa9a98,2,3368.426555
2026/02/04/14:21:04,apply-time,rs-001800-6l4px,64aad8ff-e418-404b-9002-66ee81f4e8ac,2,3368.426555
2026/02/04/14:21:04,running-time,rs-001800-6l4px,64aad8ff-e418-404b-9002-66ee81f4e8ac,2,3368.426555
2026/02/04/14:21:04,apply-time,rs-001800-gdcqg,61767fd8-f77f-4c21-82e0-9ab5ce476abb,2,3368.426555
2026/02/04/14:21:04,running-time,rs-001800-gdcqg,61767fd8-f77f-4c21-82e0-9ab5ce476abb,2,3368.426555
2026/02/04/14:21:06,apply-time,rs-001801-6mrgp,f9bd40d6-5a6c-48ab-bfa1-eba6dd5b4a2e,1,3370.426555
2026/02/04/14:21:06,running-time,rs-001801-6mrgp,f9bd40d6-5a6c-48ab-bfa1-eba6dd5b4a2e,1,3370.426555
2026/02/04/14:21:06,apply-time,rs-001801-8m7v2,bf85d677-9257-42e5-9869-e9e695f3e5f9,1,3370.426555
2026/02/04/14:21:06,running-time,rs-001801-8m7v2,bf85d677-9257-42e5-9869-e9e695f3e5f9,1,3370.426555
2026/02/04/14:21:06,apply-time,rs-001802-4h492,b3567f3f-cddd-4ffb-adb9-aaccb351af15,4,3370.426555
2026/02/04/14:21:06,running-time,rs-001802-4h492,b3567f3f-cddd-4ffb-adb9-aaccb351af15,4,3370.426555
2026/02/04/14:21:06,apply-time,rs-001803-vm9wg,398b19bf-74f1-4400-b2f7-c740ccf2e469,1,3370.426555
2026/02/04/14:21:06,running-time,rs-001803-vm9wg,398b19bf-74f1-4400-b2f7-c740ccf2e469,1,3370.426555
2026/02/04/14:21:07,apply-time,rs-001804-gfbcf,9307634b-5e99-4e68-bee9-d83118a04d09,1,3370.426555
2026/02/04/14:21:07,running-time,rs-001804-gfbcf,9307634b-5e99-4e68-bee9-d83118a04d09,1,3370.426555
2026/02/04/14:21:07,apply-time,rs-001804-kszww,e9bb4e11-1daf-4086-a18d-e78221783c97,1,3370.426555
2026/02/04/14:21:07,running-time,rs-001804-kszww,e9bb4e11-1daf-4086-a18d-e78221783c97,1,3370.426555
2026/02/04/14:21:08,apply-time,rs-001805-64z8v,9b39581b-3f00-4105-a636-0d5831520306,4,3372.426555
2026/02/04/14:21:08,apply-time,rs-001805-qfxc4,5f3e7477-aedb-4ddc-8872-cce29764b450,4,3372.426555
2026/02/04/14:21:08,apply-time,rs-001805-x6jcp,60e83ce7-40e8-4551-82d5-67f18f30edbe,4,3372.426555
2026/02/04/14:21:09,running-time,rs-001805-64z8v,9b39581b-3f00-4105-a636-0d5831520306,4,3372.426555
2026/02/04/14:21:09,running-time,rs-001805-qfxc4,5f3e7477-aedb-4ddc-8872-cce29764b450,4,3372.426555
2026/02/04/14:21:09,apply-time,rs-001806-fvzlz,694c4b1c-4bbe-4692-8fa2-fdb922b9daef,1,3372.426555
2026/02/04/14:21:09,apply-time,rs-001806-sngtc,749bff64-9466-4ce9-8afe-d188cfdda9a0,1,3372.426555
2026/02/04/14:21:09,apply-time,rs-001806-t6rjh,681c6db5-bc46-472c-97d1-15c28eb309c4,1,3372.426555
2026/02/04/14:21:09,running-time,rs-001806-t6rjh,681c6db5-bc46-472c-97d1-15c28eb309c4,1,3372.426555
2026/02/04/14:21:10,apply-time,rs-001807-8np6d,31f9a5ed-9dc1-4959-b51c-7afb6d58be14,1,3374.426555
2026/02/04/14:21:10,running-time,rs-001807-8np6d,31f9a5ed-9dc1-4959-b51c-7afb6d58be14,1,3374.426555
2026/02/04/14:21:11,apply-time,rs-001808-8dcvd,c994b732-72ba-404e-9345-bf0ea86ed13a,4,3375.426555
2026/02/04/14:21:11,apply-time,rs-001808-hkng5,b3161907-385d-432d-9cd7-620237570551,4,3375.426555
2026/02/04/14:21:11,apply-time,rs-001808-r79r9,9f18bab8-5edc-4d9b-a143-c4ec22183f54,4,3375.426555
2026/02/04/14:21:12,running-time,rs-001808-8dcvd,c994b732-72ba-404e-9345-bf0ea86ed13a,4,3375.426555
2026/02/04/14:21:12,running-time,rs-001808-hkng5,b3161907-385d-432d-9cd7-620237570551,4,3375.426555
2026/02/04/14:21:12,apply-time,rs-001809-45pw8,8b625409-f1ae-4bde-a999-131f844c4576,1,3375.426555
2026/02/04/14:21:12,running-time,rs-001809-45pw8,8b625409-f1ae-4bde-a999-131f844c4576,1,3375.426555
2026/02/04/14:21:12,apply-time,rs-001809-68lpp,bc4e3b1f-5f6d-4d4d-8ec8-63e27616d3ab,1,3375.426555
2026/02/04/14:21:12,running-time,rs-001809-68lpp,bc4e3b1f-5f6d-4d4d-8ec8-63e27616d3ab,1,3375.426555
2026/02/04/14:21:12,apply-time,rs-001810-5sst5,94852235-1a4c-4709-a298-e39d47595b03,2,3375.426555
2026/02/04/14:21:12,running-time,rs-001810-5sst5,94852235-1a4c-4709-a298-e39d47595b03,2,3375.426555
2026/02/04/14:21:12,apply-time,rs-001811-2w5r9,1ceb67a5-b97b-4158-bc4e-1231ceeb37dc,3,3375.426555
2026/02/04/14:21:12,running-time,rs-001811-2w5r9,1ceb67a5-b97b-4158-bc4e-1231ceeb37dc,3,3375.426555
2026/02/04/14:21:12,apply-time,rs-001811-7ppsl,4c89e53a-f4c6-4dd8-9223-cbbd28235ad1,3,3375.426555
2026/02/04/14:21:12,running-time,rs-001811-7ppsl,4c89e53a-f4c6-4dd8-9223-cbbd28235ad1,3,3375.426555
2026/02/04/14:21:12,apply-time,rs-001811-pgsw8,fc41d6d4-37c6-454a-9138-776e303f6356,3,3375.426555
2026/02/04/14:21:12,running-time,rs-001811-pgsw8,fc41d6d4-37c6-454a-9138-776e303f6356,3,3375.426555
2026/02/04/14:21:13,running-time,rs-001806-fvzlz,694c4b1c-4bbe-4692-8fa2-fdb922b9daef,1,3377.426555
2026/02/04/14:21:13,running-time,rs-001806-sngtc,749bff64-9466-4ce9-8afe-d188cfdda9a0,1,3377.426555
2026/02/04/14:21:35,apply-time,rs-001812-t6x2g,1ae7ef60-d9b3-47b8-80c0-0c0b9a99d96a,1,3399.426555
2026/02/04/14:21:35,running-time,rs-001812-t6x2g,1ae7ef60-d9b3-47b8-80c0-0c0b9a99d96a,1,3399.426555
2026/02/04/14:21:35,apply-time,rs-001813-c25xp,927205ae-6cd1-4945-8037-e0b85aa8ce4d,1,3399.426555
2026/02/04/14:21:35,running-time,rs-001813-c25xp,927205ae-6cd1-4945-8037-e0b85aa8ce4d,1,3399.426555
2026/02/04/14:21:35,apply-time,rs-001813-dbttm,aabe1cf0-b46a-4ee9-905f-13f351f5bfe3,1,3399.426555
2026/02/04/14:21:35,running-time,rs-001813-dbttm,aabe1cf0-b46a-4ee9-905f-13f351f5bfe3,1,3399.426555
2026/02/04/14:21:35,apply-time,rs-001813-dx4n8,ac984ca5-d1d9-4bb5-b743-8fefbeb35b4d,1,3399.426555
2026/02/04/14:21:35,running-time,rs-001813-dx4n8,ac984ca5-d1d9-4bb5-b743-8fefbeb35b4d,1,3399.426555
2026/02/04/14:21:35,apply-time,rs-001814-v4fjg,feddc8f0-c993-4abb-b3e4-f5aa4f9f5695,4,3399.426555
2026/02/04/14:21:35,running-time,rs-001814-v4fjg,feddc8f0-c993-4abb-b3e4-f5aa4f9f5695,4,3399.426555
2026/02/04/14:21:35,apply-time,rs-001815-gjtc7,378eaa55-41e2-4351-8056-00efa3c3686e,1,3399.426555
2026/02/04/14:21:35,running-time,rs-001815-gjtc7,378eaa55-41e2-4351-8056-00efa3c3686e,1,3399.426555
2026/02/04/14:21:35,apply-time,rs-001816-2889n,d7d8503e-d9ff-43ed-83c5-e476b27f6c58,4,3399.426555
2026/02/04/14:21:35,apply-time,rs-001817-r2ngx,8cc7d7a4-6a2d-4fdf-bd62-e13eccea6c44,3,3399.426555
2026/02/04/14:21:37,apply-time,rs-001818-pjp8l,83eea2cd-6fc9-4996-8502-eeb0c830da61,3,3401.426555
2026/02/04/14:21:37,running-time,rs-001818-pjp8l,83eea2cd-6fc9-4996-8502-eeb0c830da61,3,3401.426555
2026/02/04/14:21:37,apply-time,rs-001818-txtsv,c64f3960-7885-48c4-a66d-58b60aa4b6f7,3,3401.426555
2026/02/04/14:21:38,apply-time,rs-001819-4q7zh,682838c6-5751-4265-97bd-f51e2d548c06,1,3401.426555
2026/02/04/14:21:38,apply-time,rs-001819-k2ncn,e220a723-073e-49e4-8684-39aa3d101a8d,1,3401.426555
2026/02/04/14:21:38,apply-time,rs-001819-wdrbf,2e935483-2014-49a2-99ac-3e96eb577ca4,1,3401.426555
2026/02/04/14:21:38,running-time,rs-001819-wdrbf,2e935483-2014-49a2-99ac-3e96eb577ca4,1,3401.426555
2026/02/04/14:21:38,apply-time,rs-001820-cs5l6,ea26e825-f73c-4008-bf15-fe87e2bf533d,1,3401.426555
2026/02/04/14:21:38,apply-time,rs-001820-hxcnn,b51da0a4-4b99-4f69-94fe-053cf5f53d8a,1,3401.426555
2026/02/04/14:21:38,apply-time,rs-001820-n529p,60c4b1e2-bd23-4011-98c4-25f5bbecbeb1,1,3401.426555
2026/02/04/14:21:38,apply-time,rs-001821-dk62p,3f556a20-698f-48b2-9763-d7a947d76019,4,3401.426555
2026/02/04/14:21:38,running-time,rs-001821-dk62p,3f556a20-698f-48b2-9763-d7a947d76019,4,3401.426555
2026/02/04/14:21:38,apply-time,rs-001821-gkfvv,a849a3c4-9121-4775-b132-ce40f411d39a,4,3401.426555
2026/02/04/14:21:38,running-time,rs-001821-gkfvv,a849a3c4-9121-4775-b132-ce40f411d39a,4,3401.426555
2026/02/04/14:21:38,apply-time,rs-001822-78lhl,afe4d1e6-0f5c-4348-9ed7-3edc5655e054,2,3401.426555
2026/02/04/14:21:41,apply-time,rs-001823-b8rzv,354730db-bccc-49cc-9279-68d34d503566,3,3405.426555
2026/02/04/14:21:41,running-time,rs-001823-b8rzv,354730db-bccc-49cc-9279-68d34d503566,3,3405.426555
2026/02/04/14:21:41,apply-time,rs-001824-cflkd,34824aba-53fc-41ba-b336-d7d59ad75334,2,3405.426555
2026/02/04/14:21:41,running-time,rs-001824-cflkd,34824aba-53fc-41ba-b336-d7d59ad75334,2,3405.426555
2026/02/04/14:21:41,apply-time,rs-001824-x2vnz,62c69197-cfff-4a35-9ba8-53ef03bf6bde,2,3405.426555
2026/02/04/14:21:41,running-time,rs-001824-x2vnz,62c69197-cfff-4a35-9ba8-53ef03bf6bde,2,3405.426555
2026/02/04/14:21:52,apply-time,rs-001494-r8dxc,009dcead-8f1f-45ea-8f8b-de30715aa663,1,3416.426555
2026/02/04/14:21:52,running-time,rs-001494-r8dxc,009dcead-8f1f-45ea-8f8b-de30715aa663,1,3416.426555
2026/02/04/14:21:52,apply-time,rs-001570-nsd9l,54aabbea-d798-4624-8d22-593daf4e8033,1,3416.426555
2026/02/04/14:21:52,running-time,rs-001570-nsd9l,54aabbea-d798-4624-8d22-593daf4e8033,1,3416.426555
2026/02/04/14:21:52,running-time,rs-001819-4q7zh,682838c6-5751-4265-97bd-f51e2d548c06,1,3416.426555
2026/02/04/14:21:52,running-time,rs-001819-k2ncn,e220a723-073e-49e4-8684-39aa3d101a8d,1,3416.426555
2026/02/04/14:21:56,apply-time,rs-001825-l257m,8445b0a9-7fd3-4bb9-b2dc-7645e68478ad,1,3420.426555
2026/02/04/14:21:56,running-time,rs-001825-l257m,8445b0a9-7fd3-4bb9-b2dc-7645e68478ad,1,3420.426555
2026/02/04/14:21:56,apply-time,rs-001825-x4kgr,9e62c7ad-5226-4168-a961-10c1b26d568e,1,3420.426555
2026/02/04/14:21:56,running-time,rs-001825-x4kgr,9e62c7ad-5226-4168-a961-10c1b26d568e,1,3420.426555
2026/02/04/14:21:57,apply-time,rs-001826-lmbxz,ef3ef8b4-4253-4008-99cf-c3ae3d27ad58,4,3421.426555
2026/02/04/14:21:57,running-time,rs-001826-lmbxz,ef3ef8b4-4253-4008-99cf-c3ae3d27ad58,4,3421.426555
2026/02/04/14:21:57,apply-time,rs-001826-mg44c,bb6aa1bf-53f6-4670-b6f5-959f9b66f00f,4,3421.426555
2026/02/04/14:21:57,running-time,rs-001826-mg44c,bb6aa1bf-53f6-4670-b6f5-959f9b66f00f,4,3421.426555
2026/02/04/14:21:57,apply-time,rs-001826-tv6bs,6d87590f-e4b9-4a74-8cc9-4b713b7a7670,4,3421.426555
2026/02/04/14:21:57,running-time,rs-001826-tv6bs,6d87590f-e4b9-4a74-8cc9-4b713b7a7670,4,3421.426555
2026/02/04/14:21:57,apply-time,rs-001827-jdj8j,4d286efe-1c49-4b03-9bd4-e9623e9b0f59,4,3421.426555
2026/02/04/14:21:57,running-time,rs-001827-jdj8j,4d286efe-1c49-4b03-9bd4-e9623e9b0f59,4,3421.426555
2026/02/04/14:21:57,apply-time,rs-001828-2nkwf,c7a33cd1-ac03-4bcd-af92-1c1465d28692,3,3421.426555
2026/02/04/14:21:57,running-time,rs-001828-2nkwf,c7a33cd1-ac03-4bcd-af92-1c1465d28692,3,3421.426555
2026/02/04/14:21:57,apply-time,rs-001828-8n5n5,b25b6c46-e3d7-424c-a6f4-6b848ed5a186,3,3421.426555
2026/02/04/14:21:57,running-time,rs-001828-8n5n5,b25b6c46-e3d7-424c-a6f4-6b848ed5a186,3,3421.426555
2026/02/04/14:21:57,apply-time,rs-001829-92zrw,9763908c-3383-49a5-bcc2-d11de221319c,2,3421.426555
2026/02/04/14:21:57,running-time,rs-001829-92zrw,9763908c-3383-49a5-bcc2-d11de221319c,2,3421.426555
2026/02/04/14:21:57,apply-time,rs-001829-kbrmd,6659faa9-8c57-495d-b55e-13a9026cd29e,2,3421.426555
2026/02/04/14:21:57,running-time,rs-001829-kbrmd,6659faa9-8c57-495d-b55e-13a9026cd29e,2,3421.426555
2026/02/04/14:21:57,apply-time,rs-001829-nhxc8,96065d04-3e37-4159-8160-0ce36ad6885c,2,3421.426555
2026/02/04/14:21:57,running-time,rs-001829-nhxc8,96065d04-3e37-4159-8160-0ce36ad6885c,2,3421.426555
2026/02/04/14:21:57,apply-time,rs-001830-8vn2d,dbce3231-8846-44b1-8a4c-389fed777151,1,3421.426555
2026/02/04/14:21:57,apply-time,rs-001830-fvg47,0cbaaadf-5062-461f-9a74-821b0a2c0591,1,3421.426555
2026/02/04/14:21:57,running-time,rs-001830-fvg47,0cbaaadf-5062-461f-9a74-821b0a2c0591,1,3421.426555
2026/02/04/14:21:57,apply-time,rs-001831-qwnmb,e35569cc-19e1-4a9b-ad62-11e73a52802e,1,3421.426555
2026/02/04/14:21:57,apply-time,rs-001831-v2j5g,99548a12-0ddf-402d-89c5-f9586e28171e,1,3421.426555
2026/02/04/14:21:57,running-time,rs-001831-v2j5g,99548a12-0ddf-402d-89c5-f9586e28171e,1,3421.426555
2026/02/04/14:21:57,apply-time,rs-001831-wn6rw,c3576fe7-e9e2-4464-a16c-97046ba06b89,1,3421.426555
2026/02/04/14:21:57,running-time,rs-001831-wn6rw,c3576fe7-e9e2-4464-a16c-97046ba06b89,1,3421.426555
2026/02/04/14:21:58,running-time,rs-001830-8vn2d,dbce3231-8846-44b1-8a4c-389fed777151,1,3422.426555
2026/02/04/14:21:58,apply-time,rs-001832-phz4k,d2442652-bfd4-4453-ba09-571536993990,1,3422.426555
2026/02/04/14:21:58,apply-time,rs-001832-t7zvb,6f673b35-216b-4220-ab61-090f1343c62e,1,3422.426555
2026/02/04/14:21:58,apply-time,rs-001832-wgzhz,23eca0c4-5d67-495b-8629-3bdf18a50970,1,3421.426555
2026/02/04/14:21:58,apply-time,rs-001833-jt466,10b58761-3e53-4c7b-bcce-1b8198772fcd,1,3422.426555
2026/02/04/14:21:58,apply-time,rs-001833-lm4rf,541c8eb9-05a7-4730-89cf-b3e4aad806a6,1,3421.426555
2026/02/04/14:21:58,apply-time,rs-001834-ctgw6,f88742d6-f5e3-45e1-bedd-add2fdb7c008,2,3422.426555
2026/02/04/14:21:59,running-time,rs-001831-qwnmb,e35569cc-19e1-4a9b-ad62-11e73a52802e,1,3423.426555
2026/02/04/14:21:59,running-time,rs-001832-phz4k,d2442652-bfd4-4453-ba09-571536993990,1,3423.426555
2026/02/04/14:21:59,running-time,rs-001832-wgzhz,23eca0c4-5d67-495b-8629-3bdf18a50970,1,3423.426555
2026/02/04/14:21:59,apply-time,rs-001835-mp64z,7f2b4718-e3ff-48ff-bbbe-e15123d0ff3c,2,3422.426555
2026/02/04/14:22:01,running-time,rs-001832-t7zvb,6f673b35-216b-4220-ab61-090f1343c62e,1,3424.426555
2026/02/04/14:22:08,running-time,rs-001835-mp64z,7f2b4718-e3ff-48ff-bbbe-e15123d0ff3c,2,3432.426555
2026/02/04/14:22:28,apply-time,rs-001836-4nmlj,53ceb9a3-f3ea-4a52-a7f6-d3faaa54ae16,1,3452.426555
2026/02/04/14:22:28,running-time,rs-001836-4nmlj,53ceb9a3-f3ea-4a52-a7f6-d3faaa54ae16,1,3452.426555
2026/02/04/14:22:28,apply-time,rs-001836-cgjt5,7e9d0961-5891-414a-9885-552c7fb191b7,1,3452.426555
2026/02/04/14:22:28,running-time,rs-001836-cgjt5,7e9d0961-5891-414a-9885-552c7fb191b7,1,3452.426555
2026/02/04/14:22:28,apply-time,rs-001836-zglkz,d70c6820-fc83-4e47-96d7-42c7f020c622,1,3452.426555
2026/02/04/14:22:28,running-time,rs-001836-zglkz,d70c6820-fc83-4e47-96d7-42c7f020c622,1,3452.426555
2026/02/04/14:22:28,apply-time,rs-001837-rl48p,e86e77f7-6d7d-4316-9de1-7595bd70f20d,1,3452.426555
2026/02/04/14:22:28,running-time,rs-001837-rl48p,e86e77f7-6d7d-4316-9de1-7595bd70f20d,1,3452.426555
2026/02/04/14:22:31,apply-time,rs-001838-mp9rm,5cf1ad53-0a17-4ae0-8c70-ef3e44be8ca1,2,3455.426555
2026/02/04/14:22:31,running-time,rs-001838-mp9rm,5cf1ad53-0a17-4ae0-8c70-ef3e44be8ca1,2,3455.426555
2026/02/04/14:22:31,apply-time,rs-001839-d9wvm,4c7a7080-0f96-409e-8b22-15a742c29aa4,2,3455.426555
2026/02/04/14:22:31,running-time,rs-001839-d9wvm,4c7a7080-0f96-409e-8b22-15a742c29aa4,2,3455.426555
2026/02/04/14:22:31,apply-time,rs-001840-98rv4,b58a7a41-78da-4bdd-aa6c-83e0f6a0cb2a,1,3455.426555
2026/02/04/14:22:31,running-time,rs-001840-98rv4,b58a7a41-78da-4bdd-aa6c-83e0f6a0cb2a,1,3455.426555
2026/02/04/14:22:31,apply-time,rs-001841-5zgd8,b80ba6d9-f13d-41df-9dbb-26897b1e8485,3,3455.426555
2026/02/04/14:22:31,running-time,rs-001841-5zgd8,b80ba6d9-f13d-41df-9dbb-26897b1e8485,3,3455.426555
2026/02/04/14:22:31,apply-time,rs-001841-s4ctc,cf7ca436-2291-4c4b-a328-081f15785534,3,3455.426555
2026/02/04/14:22:31,running-time,rs-001841-s4ctc,cf7ca436-2291-4c4b-a328-081f15785534,3,3455.426555
2026/02/04/14:22:31,apply-time,rs-001842-8qhpk,1c96c991-677d-44ac-8885-0e691cde14bf,1,3455.426555
2026/02/04/14:22:31,running-time,rs-001842-8qhpk,1c96c991-677d-44ac-8885-0e691cde14bf,1,3455.426555
2026/02/04/14:22:31,apply-time,rs-001842-9dhqz,838022bd-210e-4b7d-8702-40c05b2fc53c,1,3455.426555
2026/02/04/14:22:31,running-time,rs-001842-9dhqz,838022bd-210e-4b7d-8702-40c05b2fc53c,1,3455.426555
2026/02/04/14:22:31,apply-time,rs-001843-hg64p,b910d0f8-bf86-484b-b27d-e3bdb7b4d3b3,3,3455.426555
2026/02/04/14:22:31,running-time,rs-001843-hg64p,b910d0f8-bf86-484b-b27d-e3bdb7b4d3b3,3,3455.426555
2026/02/04/14:22:32,apply-time,rs-001844-27bkw,9de876ad-9abd-4ce1-b07b-5da5defb7f57,3,3455.426555
2026/02/04/14:22:32,running-time,rs-001844-27bkw,9de876ad-9abd-4ce1-b07b-5da5defb7f57,3,3455.426555
2026/02/04/14:22:32,apply-time,rs-001845-mdrft,822fbb9c-4add-40cd-9763-9926966fdd30,3,3455.426555
2026/02/04/14:22:32,running-time,rs-001845-mdrft,822fbb9c-4add-40cd-9763-9926966fdd30,3,3456.426555
2026/02/04/14:22:32,apply-time,rs-001846-rqkbj,7cdfdaa0-6785-49ab-8bbd-b08578ed17c9,2,3455.426555
2026/02/04/14:22:32,running-time,rs-001846-rqkbj,7cdfdaa0-6785-49ab-8bbd-b08578ed17c9,2,3455.426555
2026/02/04/14:22:32,apply-time,rs-001847-cphl6,6bb944a7-8e6d-4d9e-89cf-14705fe1a398,1,3456.426555
2026/02/04/14:22:32,apply-time,rs-001847-h2jzd,1098858e-63d0-4e2c-af42-1f0bec525c6b,1,3456.426555
2026/02/04/14:22:32,running-time,rs-001847-h2jzd,1098858e-63d0-4e2c-af42-1f0bec525c6b,1,3456.426555
2026/02/04/14:22:32,apply-time,rs-001847-s4qhx,283a4487-2d56-4c35-b483-d04858297291,1,3456.426555
2026/02/04/14:22:32,running-time,rs-001847-s4qhx,283a4487-2d56-4c35-b483-d04858297291,1,3456.426555
2026/02/04/14:22:32,apply-time,rs-001848-pm5fw,f4913510-bad1-4a90-b0cc-008e5aa97362,2,3456.426555
2026/02/04/14:22:32,apply-time,rs-001849-l7hr4,b2afe9e1-1933-4270-aab2-b1bed17e727a,3,3456.426555
2026/02/04/14:22:32,running-time,rs-001849-l7hr4,b2afe9e1-1933-4270-aab2-b1bed17e727a,3,3456.426555
2026/02/04/14:22:32,apply-time,rs-001850-78h2h,cc7b8af2-c29e-4def-b387-1ced4507ae0f,1,3456.426555
2026/02/04/14:22:32,running-time,rs-001850-78h2h,cc7b8af2-c29e-4def-b387-1ced4507ae0f,1,3456.426555
2026/02/04/14:22:32,apply-time,rs-001850-9qhc4,6357f7c6-b129-4546-9433-dad459f116e7,1,3456.426555
2026/02/04/14:22:32,apply-time,rs-001851-kgjz4,d7f605f5-c8db-400d-bc30-2c21722fdbbf,2,3456.426555
2026/02/04/14:22:32,apply-time,rs-001851-rr556,38855453-c69a-4c4e-9e4e-f00f789211d2,2,3456.426555
2026/02/04/14:22:32,running-time,rs-001851-rr556,38855453-c69a-4c4e-9e4e-f00f789211d2,2,3456.426555
2026/02/04/14:22:33,apply-time,rs-001848-9j9z9,3d6d34dc-24bb-4c6d-92cd-cbc6ecc8e463,2,3456.426555
2026/02/04/14:22:33,apply-time,rs-001848-n5rhj,1ae6b698-de84-45b9-b97d-fa6f52fbdfab,2,3456.426555
2026/02/04/14:22:33,running-time,rs-001848-pm5fw,f4913510-bad1-4a90-b0cc-008e5aa97362,2,3457.426555
2026/02/04/14:22:33,apply-time,rs-001849-4ks7b,559bca7d-819b-423e-9705-23b91432295a,3,3457.426555
2026/02/04/14:22:33,running-time,rs-001849-4ks7b,559bca7d-819b-423e-9705-23b91432295a,3,3457.426555
2026/02/04/14:22:33,apply-time,rs-001849-flw49,797b41c5-b6c1-4842-a5e1-aa40ba2d6f10,3,3457.426555
2026/02/04/14:22:33,running-time,rs-001849-flw49,797b41c5-b6c1-4842-a5e1-aa40ba2d6f10,3,3457.426555
2026/02/04/14:22:33,apply-time,rs-001850-bp9jq,55049610-35ca-4546-a0d4-b04fe788dc7b,1,3456.426555
2026/02/04/14:22:34,running-time,rs-001850-9qhc4,6357f7c6-b129-4546-9433-dad459f116e7,1,3458.426555
2026/02/04/14:22:34,running-time,rs-001851-kgjz4,d7f605f5-c8db-400d-bc30-2c21722fdbbf,2,3458.426555
2026/02/04/14:22:35,running-time,rs-001848-9j9z9,3d6d34dc-24bb-4c6d-92cd-cbc6ecc8e463,2,3459.426555
2026/02/04/14:22:35,running-time,rs-001848-n5rhj,1ae6b698-de84-45b9-b97d-fa6f52fbdfab,2,3459.426555
2026/02/04/14:22:35,running-time,rs-001850-bp9jq,55049610-35ca-4546-a0d4-b04fe788dc7b,1,3459.426555
2026/02/04/14:22:52,apply-time,rs-001852-g8rlb,8c073afb-28af-43b8-bfa6-ad89e6e7b2f2,1,3476.426555
2026/02/04/14:22:52,running-time,rs-001852-g8rlb,8c073afb-28af-43b8-bfa6-ad89e6e7b2f2,1,3476.426555
2026/02/04/14:22:58,apply-time,rs-001853-m6x9k,903dfe54-9e36-4705-b412-ebb172f98fb0,1,3482.426555
2026/02/04/14:22:58,running-time,rs-001853-m6x9k,903dfe54-9e36-4705-b412-ebb172f98fb0,1,3482.426555
2026/02/04/14:22:58,apply-time,rs-001854-vtq9z,7b8aacd9-3365-4c9a-854e-fb3491573987,1,3482.426555
2026/02/04/14:22:58,running-time,rs-001854-vtq9z,7b8aacd9-3365-4c9a-854e-fb3491573987,1,3482.426555
2026/02/04/14:22:58,apply-time,rs-001855-twgxp,d16425c5-3940-4856-acdf-b243325e69d4,2,3482.426555
2026/02/04/14:22:58,running-time,rs-001855-twgxp,d16425c5-3940-4856-acdf-b243325e69d4,2,3482.426555
2026/02/04/14:22:58,apply-time,rs-001855-v7dsk,c167fa25-719a-4e56-87d2-00e68ab44c43,2,3482.426555
2026/02/04/14:22:58,running-time,rs-001855-v7dsk,c167fa25-719a-4e56-87d2-00e68ab44c43,2,3482.426555
2026/02/04/14:23:06,apply-time,rs-001856-6bx6z,d0fb620e-d74f-49b8-be16-a3b591dadeba,1,3490.426555
2026/02/04/14:23:06,running-time,rs-001856-6bx6z,d0fb620e-d74f-49b8-be16-a3b591dadeba,1,3490.426555
2026/02/04/14:23:06,apply-time,rs-001856-qt5vh,9b464fe4-bf38-4866-9ffe-b6e792fd444b,1,3490.426555
2026/02/04/14:23:06,running-time,rs-001856-qt5vh,9b464fe4-bf38-4866-9ffe-b6e792fd444b,1,3490.426555
2026/02/04/14:23:16,apply-time,rs-001857-qm8sg,ee61ac8c-0f81-4236-bed1-dc7d45c3f620,2,3500.426555
2026/02/04/14:23:16,running-time,rs-001857-qm8sg,ee61ac8c-0f81-4236-bed1-dc7d45c3f620,2,3500.426555
2026/02/04/14:23:16,apply-time,rs-001858-fzvbm,454e8dba-c675-4603-a859-875328fcb0f0,1,3500.426555
2026/02/04/14:23:16,running-time,rs-001858-fzvbm,454e8dba-c675-4603-a859-875328fcb0f0,1,3500.426555
2026/02/04/14:23:16,apply-time,rs-001858-sh59c,091f6170-ff93-44a6-879d-e68d0e403738,1,3500.426555
2026/02/04/14:23:16,running-time,rs-001858-sh59c,091f6170-ff93-44a6-879d-e68d0e403738,1,3500.426555
2026/02/04/14:23:16,apply-time,rs-001858-wfvpv,79f5dff2-55eb-439f-9959-fd9e1bd89580,1,3500.426555
2026/02/04/14:23:16,running-time,rs-001858-wfvpv,79f5dff2-55eb-439f-9959-fd9e1bd89580,1,3500.426555
2026/02/04/14:23:16,apply-time,rs-001859-x84vz,0b7421ab-49b9-411e-aca4-7d03f318a5a2,1,3500.426555
2026/02/04/14:23:16,running-time,rs-001859-x84vz,0b7421ab-49b9-411e-aca4-7d03f318a5a2,1,3500.426555
2026/02/04/14:23:16,apply-time,rs-001859-xlbsl,c9618b93-2b53-409c-82a0-f1a7ef1b9ba1,1,3500.426555
2026/02/04/14:23:16,running-time,rs-001859-xlbsl,c9618b93-2b53-409c-82a0-f1a7ef1b9ba1,1,3500.426555
2026/02/04/14:23:16,apply-time,rs-001860-s9bkp,c422ed32-a46f-423a-80eb-c0570b20097a,2,3500.426555
2026/02/04/14:23:17,running-time,rs-001860-s9bkp,c422ed32-a46f-423a-80eb-c0570b20097a,2,3500.426555
2026/02/04/14:23:28,apply-time,rs-001861-l7b55,4f9f245e-aae4-4b01-bdcc-6da9fd3b270b,1,3512.426555
2026/02/04/14:23:28,running-time,rs-001861-l7b55,4f9f245e-aae4-4b01-bdcc-6da9fd3b270b,1,3512.426555
2026/02/04/14:23:30,apply-time,rs-001862-cm7rr,76be6073-97af-45a2-98dd-200ea5e97a7f,1,3513.426555
2026/02/04/14:23:30,running-time,rs-001862-cm7rr,76be6073-97af-45a2-98dd-200ea5e97a7f,1,3513.426555
2026/02/04/14:23:30,apply-time,rs-001863-6fhq5,fc803f91-3698-435d-bf52-0d51560e7bfd,4,3513.426555
2026/02/04/14:23:30,running-time,rs-001863-6fhq5,fc803f91-3698-435d-bf52-0d51560e7bfd,4,3513.426555
2026/02/04/14:23:30,apply-time,rs-001863-ctrmm,6d3cb2fd-27dd-479d-85f8-782667783a4d,4,3513.426555
2026/02/04/14:23:30,apply-time,rs-001864-pf8pr,17121a47-db85-4249-a9b0-77bfe198d3a0,2,3514.426555
2026/02/04/14:23:30,running-time,rs-001864-pf8pr,17121a47-db85-4249-a9b0-77bfe198d3a0,2,3514.426555
2026/02/04/14:23:56,apply-time,rs-001865-n4jrp,d59d2393-a6c9-4bb3-848c-a93544684741,1,3540.426555
2026/02/04/14:23:56,running-time,rs-001865-n4jrp,d59d2393-a6c9-4bb3-848c-a93544684741,1,3540.426555
2026/02/04/14:24:10,apply-time,rs-001866-hxpsw,6381123a-8dd6-466c-85b4-dd670e2630c9,3,3554.426555
2026/02/04/14:24:10,running-time,rs-001866-hxpsw,6381123a-8dd6-466c-85b4-dd670e2630c9,3,3554.426555
2026/02/04/14:24:10,apply-time,rs-001867-gsxz4,7961d6d0-17e7-4329-aab4-eddc310d92b7,4,3554.426555
2026/02/04/14:24:10,running-time,rs-001867-gsxz4,7961d6d0-17e7-4329-aab4-eddc310d92b7,4,3554.426555
2026/02/04/14:24:10,apply-time,rs-001868-l87qs,56c76e99-6b6e-447c-8c10-820774db043e,1,3554.426555
2026/02/04/14:24:10,apply-time,rs-001868-rbmbg,fbea8903-b661-42fe-a096-9005873b4865,1,3554.426555
2026/02/04/14:24:10,running-time,rs-001868-rbmbg,fbea8903-b661-42fe-a096-9005873b4865,1,3554.426555
2026/02/04/14:24:10,apply-time,rs-001868-vldkk,baf4f1fd-e74d-494d-9846-0c022a04ae80,1,3554.426555
2026/02/04/14:24:10,apply-time,rs-001869-5qcq9,7170ef67-9c37-4c1b-8209-8e00dfb39260,2,3554.426555
2026/02/04/14:24:10,running-time,rs-001869-5qcq9,7170ef67-9c37-4c1b-8209-8e00dfb39260,2,3554.426555
2026/02/04/14:24:10,apply-time,rs-001869-6r89d,b4e70880-3270-444c-a98b-4c8a1d9fe313,2,3554.426555
2026/02/04/14:24:10,running-time,rs-001869-6r89d,b4e70880-3270-444c-a98b-4c8a1d9fe313,2,3554.426555
2026/02/04/14:24:10,apply-time,rs-001870-kc4jc,23a1c540-1fc3-4d80-a081-c2157e661a61,1,3554.426555
2026/02/04/14:24:10,running-time,rs-001870-kc4jc,23a1c540-1fc3-4d80-a081-c2157e661a61,1,3554.426555
2026/02/04/14:24:11,apply-time,rs-001871-2g4ps,a0116d6c-1a06-40b3-98c3-b0a31b5bcd6d,3,3555.426555
2026/02/04/14:24:11,running-time,rs-001871-2g4ps,a0116d6c-1a06-40b3-98c3-b0a31b5bcd6d,3,3555.426555
2026/02/04/14:24:11,apply-time,rs-001871-6br5q,305da2ac-1dad-46c7-8fc7-fe304a6c911a,3,3555.426555
2026/02/04/14:24:11,running-time,rs-001871-6br5q,305da2ac-1dad-46c7-8fc7-fe304a6c911a,3,3555.426555
2026/02/04/14:24:11,apply-time,rs-001871-wb6ks,92f6ed95-3591-4048-b937-9c668deae9ab,3,3555.426555
2026/02/04/14:24:11,running-time,rs-001871-wb6ks,92f6ed95-3591-4048-b937-9c668deae9ab,3,3555.426555
2026/02/04/14:24:16,apply-time,rs-001184-6bqz4,c5706d03-008e-4670-bf39-e1101c6f7884,1,3560.426555
2026/02/04/14:24:16,running-time,rs-001184-6bqz4,c5706d03-008e-4670-bf39-e1101c6f7884,1,3560.426555
2026/02/04/14:24:16,running-time,rs-001868-l87qs,56c76e99-6b6e-447c-8c10-820774db043e,1,3560.426555
2026/02/04/14:24:16,running-time,rs-001868-vldkk,baf4f1fd-e74d-494d-9846-0c022a04ae80,1,3560.426555
2026/02/04/14:24:21,apply-time,rs-001872-2wgm2,a19b64de-da0f-4924-9857-96f10d91f96d,3,3565.426555
2026/02/04/14:24:21,running-time,rs-001872-2wgm2,a19b64de-da0f-4924-9857-96f10d91f96d,3,3565.426555
2026/02/04/14:24:21,apply-time,rs-001872-f2zfw,a117bc1e-5c21-40af-bc3c-489b31e7bc11,3,3565.426555
2026/02/04/14:24:21,running-time,rs-001872-f2zfw,a117bc1e-5c21-40af-bc3c-489b31e7bc11,3,3565.426555
2026/02/04/14:24:21,apply-time,rs-001872-x88h5,94091b7e-66f7-4600-b8cb-0e01326b8065,3,3565.426555
2026/02/04/14:24:21,running-time,rs-001872-x88h5,94091b7e-66f7-4600-b8cb-0e01326b8065,3,3565.426555
2026/02/04/14:24:21,apply-time,rs-001873-5gvhd,9e5fecfd-7594-4000-956d-c25be8791d0a,1,3565.426555
2026/02/04/14:24:21,running-time,rs-001873-5gvhd,9e5fecfd-7594-4000-956d-c25be8791d0a,1,3565.426555
2026/02/04/14:24:21,apply-time,rs-001874-998vn,8700d46a-e042-45f5-b9a5-a72ee7d2cbbf,4,3565.426555
2026/02/04/14:24:21,running-time,rs-001874-998vn,8700d46a-e042-45f5-b9a5-a72ee7d2cbbf,4,3565.426555
2026/02/04/14:24:21,apply-time,rs-001874-cpcg5,2f5a3786-2ebd-4233-8711-f74395682d89,4,3565.426555
2026/02/04/14:24:21,running-time,rs-001874-cpcg5,2f5a3786-2ebd-4233-8711-f74395682d89,4,3565.426555
2026/02/04/14:24:21,apply-time,rs-001874-p4dlx,03f30448-fc99-4631-a5d9-3224894e6d56,4,3565.426555
2026/02/04/14:24:21,running-time,rs-001874-p4dlx,03f30448-fc99-4631-a5d9-3224894e6d56,4,3565.426555
2026/02/04/14:24:21,apply-time,rs-001875-5xdr9,87c495b7-f859-4735-817f-39f14296e952,4,3565.426555
2026/02/04/14:24:21,running-time,rs-001875-5xdr9,87c495b7-f859-4735-817f-39f14296e952,4,3565.426555
2026/02/04/14:24:27,apply-time,rs-001876-2l2ws,662927f5-cad0-4f2c-9d44-e1b76fbd7ef4,4,3571.426555
2026/02/04/14:24:27,running-time,rs-001876-2l2ws,662927f5-cad0-4f2c-9d44-e1b76fbd7ef4,4,3571.426555
2026/02/04/14:24:27,apply-time,rs-001876-7czd4,08a8fd96-5109-4b49-b875-526e9310675c,4,3571.426555
2026/02/04/14:24:27,running-time,rs-001876-7czd4,08a8fd96-5109-4b49-b875-526e9310675c,4,3571.426555
2026/02/04/14:24:27,apply-time,rs-001876-dnp5k,de118821-1e93-44be-bfd0-01f2e74c2856,4,3571.426555
2026/02/04/14:24:27,running-time,rs-001876-dnp5k,de118821-1e93-44be-bfd0-01f2e74c2856,4,3571.426555
2026/02/04/14:24:28,apply-time,rs-001877-hfm58,462f02e2-4599-4412-8728-f7b450e4b267,1,3572.426555
2026/02/04/14:24:28,running-time,rs-001877-hfm58,462f02e2-4599-4412-8728-f7b450e4b267,1,3572.426555
2026/02/04/14:24:28,apply-time,rs-001877-v7wdq,777f5072-7f37-4b11-8476-62ffaef21469,1,3572.426555
2026/02/04/14:24:28,running-time,rs-001877-v7wdq,777f5072-7f37-4b11-8476-62ffaef21469,1,3572.426555
2026/02/04/14:24:28,apply-time,rs-001877-xzmvh,9106d065-4da7-4aab-b47c-015fc706611d,1,3572.426555
2026/02/04/14:24:28,running-time,rs-001877-xzmvh,9106d065-4da7-4aab-b47c-015fc706611d,1,3572.426555
2026/02/04/14:24:28,apply-time,rs-001878-g954r,f78f1b0a-8b5e-42c6-977f-6760226a1005,2,3572.426555
2026/02/04/14:24:28,apply-time,rs-001878-hcbcx,19115ff4-f0cf-4dd2-992c-f881b57236ab,2,3572.426555
2026/02/04/14:24:28,apply-time,rs-001878-x47g7,cabaa4a4-27ff-4318-83ff-7ab05a116fde,2,3572.426555
2026/02/04/14:24:28,apply-time,rs-001879-cknkp,4cb33bbd-caa6-461a-a1ed-186f1031434d,1,3572.426555
2026/02/04/14:24:28,running-time,rs-001879-cknkp,4cb33bbd-caa6-461a-a1ed-186f1031434d,1,3572.426555
2026/02/04/14:24:28,apply-time,rs-001879-rk2lh,e02c63f2-6ce7-49f2-83af-21cb74025dea,1,3572.426555
2026/02/04/14:24:28,running-time,rs-001879-rk2lh,e02c63f2-6ce7-49f2-83af-21cb74025dea,1,3572.426555
2026/02/04/14:24:29,running-time,rs-001878-g954r,f78f1b0a-8b5e-42c6-977f-6760226a1005,2,3573.426555
2026/02/04/14:24:29,running-time,rs-001878-hcbcx,19115ff4-f0cf-4dd2-992c-f881b57236ab,2,3573.426555
2026/02/04/14:24:29,running-time,rs-001878-x47g7,cabaa4a4-27ff-4318-83ff-7ab05a116fde,2,3573.426555
2026/02/04/14:24:30,apply-time,rs-001880-nrjzc,67eb9485-b1a1-4959-8992-b5938b9683a0,2,3574.426555
2026/02/04/14:24:30,running-time,rs-001880-nrjzc,67eb9485-b1a1-4959-8992-b5938b9683a0,2,3574.426555
2026/02/04/14:24:30,apply-time,rs-001880-rmn7x,0f8687fe-e81b-42b9-a8d0-39312275c2a4,2,3574.426555
2026/02/04/14:24:30,running-time,rs-001880-rmn7x,0f8687fe-e81b-42b9-a8d0-39312275c2a4,2,3574.426555
2026/02/04/14:24:30,apply-time,rs-001880-xhbpx,634f02e1-7892-421a-ac2c-1d1658945f47,2,3574.426555
2026/02/04/14:24:30,running-time,rs-001880-xhbpx,634f02e1-7892-421a-ac2c-1d1658945f47,2,3574.426555
2026/02/04/14:24:35,apply-time,rs-001881-8ltnk,42f36921-37ee-4e1e-901e-4a06786e4092,1,3579.426555
2026/02/04/14:24:35,running-time,rs-001881-8ltnk,42f36921-37ee-4e1e-901e-4a06786e4092,1,3579.426555
2026/02/04/14:24:35,apply-time,rs-001881-btpgq,c7b5bf0b-41d6-48c5-829e-e51dfa432759,1,3579.426555
2026/02/04/14:24:35,running-time,rs-001881-btpgq,c7b5bf0b-41d6-48c5-829e-e51dfa432759,1,3579.426555
2026/02/04/14:24:35,apply-time,rs-001881-dsvv6,1464fbba-7e47-474b-bf0e-20ec8c544869,1,3579.426555
2026/02/04/14:24:35,running-time,rs-001881-dsvv6,1464fbba-7e47-474b-bf0e-20ec8c544869,1,3579.426555
2026/02/04/14:24:35,apply-time,rs-001882-72ggk,50dd02ce-4235-4836-960d-78227ae62198,3,3579.426555
2026/02/04/14:24:35,running-time,rs-001882-72ggk,50dd02ce-4235-4836-960d-78227ae62198,3,3579.426555
2026/02/04/14:24:35,apply-time,rs-001882-qnkl8,1f58931d-1bb3-4d04-8a11-2a7b7a05988c,3,3579.426555
2026/02/04/14:24:35,running-time,rs-001882-qnkl8,1f58931d-1bb3-4d04-8a11-2a7b7a05988c,3,3579.426555
2026/02/04/14:25:04,apply-time,rs-001883-hsncb,b5b2c9ad-4c9b-45b9-87f4-62d11b838420,3,3608.426555
2026/02/04/14:25:04,running-time,rs-001883-hsncb,b5b2c9ad-4c9b-45b9-87f4-62d11b838420,3,3608.426555
2026/02/04/14:25:04,apply-time,rs-001884-ps9r5,037b4128-819b-4ca4-b9b2-ed42eff7ca6b,4,3608.426555
2026/02/04/14:25:04,running-time,rs-001884-ps9r5,037b4128-819b-4ca4-b9b2-ed42eff7ca6b,4,3608.426555
2026/02/04/14:25:04,apply-time,rs-001885-24gck,07879c04-30e3-4671-bf5a-9af3fb3fa15e,1,3608.426555
2026/02/04/14:25:04,running-time,rs-001885-24gck,07879c04-30e3-4671-bf5a-9af3fb3fa15e,1,3608.426555
2026/02/04/14:25:04,apply-time,rs-001886-tpqsd,1e4a7160-3541-4236-8189-5a6e44662bb6,2,3608.426555
2026/02/04/14:25:04,running-time,rs-001886-tpqsd,1e4a7160-3541-4236-8189-5a6e44662bb6,2,3608.426555
2026/02/04/14:25:04,apply-time,rs-001887-czwhk,2923cf4c-5ccf-4dc5-8df6-b179d214bab6,4,3608.426555
2026/02/04/14:25:04,running-time,rs-001887-czwhk,2923cf4c-5ccf-4dc5-8df6-b179d214bab6,4,3608.426555
2026/02/04/14:25:04,apply-time,rs-001887-dknsv,ea8f6159-606a-453b-a00f-701e19ca6119,4,3608.426555
2026/02/04/14:25:04,running-time,rs-001887-dknsv,ea8f6159-606a-453b-a00f-701e19ca6119,4,3608.426555
2026/02/04/14:25:04,apply-time,rs-001887-mmvcp,b2946b64-68e1-439e-9222-45e509abd5e4,4,3608.426555
2026/02/04/14:25:04,running-time,rs-001887-mmvcp,b2946b64-68e1-439e-9222-45e509abd5e4,4,3608.426555
2026/02/04/14:25:26,apply-time,rs-001888-45rf9,31b1c56c-3a28-4ddd-b1a2-400cadb4cce1,3,3630.426555
2026/02/04/14:25:26,running-time,rs-001888-45rf9,31b1c56c-3a28-4ddd-b1a2-400cadb4cce1,3,3630.426555
2026/02/04/14:25:26,apply-time,rs-001888-gdtkf,0b3f8709-d8e6-4249-97e3-1650780ab81e,3,3630.426555
2026/02/04/14:25:26,running-time,rs-001888-gdtkf,0b3f8709-d8e6-4249-97e3-1650780ab81e,3,3630.426555
2026/02/04/14:25:26,apply-time,rs-001889-78cjs,7c30eb37-bccf-45cc-a474-517e8b424ac9,2,3630.426555
2026/02/04/14:25:26,running-time,rs-001889-78cjs,7c30eb37-bccf-45cc-a474-517e8b424ac9,2,3630.426555
2026/02/04/14:25:26,apply-time,rs-001889-dwxnv,6ef4d06a-8a12-42ca-bc60-c64e640fc02c,2,3630.426555
2026/02/04/14:25:26,running-time,rs-001889-dwxnv,6ef4d06a-8a12-42ca-bc60-c64e640fc02c,2,3630.426555
2026/02/04/14:25:26,apply-time,rs-001889-g6tvx,f6f61132-c4ba-4624-8878-4a0224a4dbea,2,3630.426555
2026/02/04/14:25:26,running-time,rs-001889-g6tvx,f6f61132-c4ba-4624-8878-4a0224a4dbea,2,3630.426555
2026/02/04/14:25:26,apply-time,rs-001890-6p9zg,0d199b81-0ef7-45ee-8965-66dc7e6160ba,4,3630.426555
2026/02/04/14:25:26,running-time,rs-001890-6p9zg,0d199b81-0ef7-45ee-8965-66dc7e6160ba,4,3630.426555
2026/02/04/14:25:26,apply-time,rs-001890-mlp5w,cd0801dc-78ef-4917-8bae-b04736e7f488,4,3630.426555
2026/02/04/14:25:26,running-time,rs-001890-mlp5w,cd0801dc-78ef-4917-8bae-b04736e7f488,4,3630.426555
2026/02/04/14:25:26,apply-time,rs-001891-6zpnm,06bad776-ac63-4ef3-9bbe-fefefadbe505,4,3630.426555
2026/02/04/14:25:26,running-time,rs-001891-6zpnm,06bad776-ac63-4ef3-9bbe-fefefadbe505,4,3630.426555
2026/02/04/14:25:26,apply-time,rs-001891-7fjxm,63ce2cff-6b18-4689-9ceb-52318852d617,4,3630.426555
2026/02/04/14:25:26,running-time,rs-001891-7fjxm,63ce2cff-6b18-4689-9ceb-52318852d617,4,3630.426555
2026/02/04/14:25:26,apply-time,rs-001891-rzxht,a0cb16ad-7ac0-41f2-8e20-53dbdf864d70,4,3630.426555
2026/02/04/14:25:26,running-time,rs-001891-rzxht,a0cb16ad-7ac0-41f2-8e20-53dbdf864d70,4,3630.426555
2026/02/04/14:25:26,apply-time,rs-001892-tfcjl,ae2906a7-3b2b-4406-b22a-36164d775ae1,2,3630.426555
2026/02/04/14:25:26,running-time,rs-001892-tfcjl,ae2906a7-3b2b-4406-b22a-36164d775ae1,2,3630.426555
2026/02/04/14:25:26,apply-time,rs-001892-wdmwm,ed241737-b624-4d8d-85eb-f61bf770b707,2,3630.426555
2026/02/04/14:25:26,running-time,rs-001892-wdmwm,ed241737-b624-4d8d-85eb-f61bf770b707,2,3630.426555
2026/02/04/14:25:26,apply-time,rs-001893-zjxkz,bd005553-240c-4c7f-a15d-2df97ffcd2bb,4,3630.426555
2026/02/04/14:25:26,running-time,rs-001893-zjxkz,bd005553-240c-4c7f-a15d-2df97ffcd2bb,4,3630.426555
2026/02/04/14:25:27,apply-time,rs-001893-jzld2,34f53619-0107-4a8a-99ca-8ab22e197b55,4,3631.426555
2026/02/04/14:25:27,running-time,rs-001893-jzld2,34f53619-0107-4a8a-99ca-8ab22e197b55,4,3631.426555
2026/02/04/14:25:27,apply-time,rs-001894-2rg4j,2c22a8dd-81d5-410c-ac66-38fddfa7c82f,3,3631.426555
2026/02/04/14:25:27,running-time,rs-001894-2rg4j,2c22a8dd-81d5-410c-ac66-38fddfa7c82f,3,3631.426555
2026/02/04/14:25:27,apply-time,rs-001894-4t5g8,0e96697f-4bea-4215-87ca-e6e0defcc9af,3,3631.426555
2026/02/04/14:25:27,running-time,rs-001894-4t5g8,0e96697f-4bea-4215-87ca-e6e0defcc9af,3,3631.426555
2026/02/04/14:25:28,apply-time,rs-001895-lf42w,0b25cbcf-6ca7-4f45-918f-5ee89325cd6e,1,3632.426555
2026/02/04/14:25:28,running-time,rs-001895-lf42w,0b25cbcf-6ca7-4f45-918f-5ee89325cd6e,1,3632.426555
2026/02/04/14:25:28,apply-time,rs-001895-v5q62,17d996db-6513-43d5-a283-d99aa84ae94f,1,3632.426555
2026/02/04/14:25:28,running-time,rs-001895-v5q62,17d996db-6513-43d5-a283-d99aa84ae94f,1,3632.426555
2026/02/04/14:25:32,apply-time,rs-001896-6nrzh,5b166d6e-36b6-4610-8b02-9f1a0477f47b,2,3636.426555
2026/02/04/14:25:32,running-time,rs-001896-6nrzh,5b166d6e-36b6-4610-8b02-9f1a0477f47b,2,3636.426555
2026/02/04/14:25:32,apply-time,rs-001896-hd6g8,1dc61db8-dd7d-40ab-91b7-824b2edbf59a,2,3636.426555
2026/02/04/14:25:32,running-time,rs-001896-hd6g8,1dc61db8-dd7d-40ab-91b7-824b2edbf59a,2,3636.426555
2026/02/04/14:25:32,apply-time,rs-001896-htsf9,c0e85b36-9058-42bb-96f8-13ff3d16a40e,2,3636.426555
2026/02/04/14:25:32,running-time,rs-001896-htsf9,c0e85b36-9058-42bb-96f8-13ff3d16a40e,2,3636.426555
2026/02/04/14:25:36,apply-time,rs-001897-lwmvk,20a787a1-37f8-4476-b206-49d12f65d95f,1,3640.426555
2026/02/04/14:25:36,running-time,rs-001897-lwmvk,20a787a1-37f8-4476-b206-49d12f65d95f,1,3640.426555
2026/02/04/14:25:36,apply-time,rs-001897-vllkm,76f10c68-dfb6-45a3-9994-3c53dd98ccfd,1,3640.426555
2026/02/04/14:25:36,running-time,rs-001897-vllkm,76f10c68-dfb6-45a3-9994-3c53dd98ccfd,1,3640.426555
2026/02/04/14:25:36,apply-time,rs-001897-xtlvs,5b7ff741-6e45-46f6-a288-b1a5558aa487,1,3640.426555
2026/02/04/14:25:36,running-time,rs-001897-xtlvs,5b7ff741-6e45-46f6-a288-b1a5558aa487,1,3640.426555
2026/02/04/14:25:40,apply-time,rs-001898-jdx2l,54c6af89-9df4-40b8-b1d4-cce06643bccc,3,3644.426555
2026/02/04/14:25:40,running-time,rs-001898-jdx2l,54c6af89-9df4-40b8-b1d4-cce06643bccc,3,3644.426555
2026/02/04/14:25:41,apply-time,rs-001899-4c2xc,38d8f7a8-adb8-4f8a-a922-1db9f04a0cb5,1,3645.426555
2026/02/04/14:25:41,running-time,rs-001899-4c2xc,38d8f7a8-adb8-4f8a-a922-1db9f04a0cb5,1,3645.426555
2026/02/04/14:25:41,apply-time,rs-001900-4kx6m,ba2c8e84-f8ce-476a-a086-b150f696ec6c,1,3645.426555
2026/02/04/14:25:41,running-time,rs-001900-4kx6m,ba2c8e84-f8ce-476a-a086-b150f696ec6c,1,3645.426555
2026/02/04/14:25:41,apply-time,rs-001900-8rndl,92c37bdd-8563-4561-aa50-c1c831789929,1,3645.426555
2026/02/04/14:25:41,running-time,rs-001900-8rndl,92c37bdd-8563-4561-aa50-c1c831789929,1,3645.426555
2026/02/04/14:25:41,apply-time,rs-001900-qmkzl,12e06e1c-32d4-4a5e-9718-67fd8ea614c3,1,3645.426555
2026/02/04/14:25:41,running-time,rs-001900-qmkzl,12e06e1c-32d4-4a5e-9718-67fd8ea614c3,1,3645.426555
2026/02/04/14:25:41,apply-time,rs-001901-qgwt7,df98ef7c-60b6-4d8a-9e27-e65e1590fd2f,4,3645.426555
2026/02/04/14:25:41,running-time,rs-001901-qgwt7,df98ef7c-60b6-4d8a-9e27-e65e1590fd2f,4,3645.426555
2026/02/04/14:25:41,apply-time,rs-001901-zpzwt,f14386c9-18ac-44d7-bc1c-e2393d0b149f,4,3645.426555
2026/02/04/14:25:41,running-time,rs-001901-zpzwt,f14386c9-18ac-44d7-bc1c-e2393d0b149f,4,3645.426555
2026/02/04/14:25:42,apply-time,rs-001902-7rwl6,b39a4cb6-8190-4bce-bceb-155c95352dfc,2,3646.426555
2026/02/04/14:25:42,running-time,rs-001902-7rwl6,b39a4cb6-8190-4bce-bceb-155c95352dfc,2,3646.426555
2026/02/04/14:25:42,apply-time,rs-001902-nzf57,f12b3073-f6af-450d-a1b1-804df3069cf6,2,3646.426555
2026/02/04/14:25:42,apply-time,rs-001902-wwb22,40a51894-cc8c-4757-937e-7fd88b024071,2,3646.426555
2026/02/04/14:25:44,running-time,rs-001902-nzf57,f12b3073-f6af-450d-a1b1-804df3069cf6,2,3648.426555
2026/02/04/14:25:46,running-time,rs-001902-wwb22,40a51894-cc8c-4757-937e-7fd88b024071,2,3650.426555
2026/02/04/14:25:47,apply-time,rs-001903-8pz5s,596bac5a-6405-444d-a2bd-b984a0d40758,2,3651.426555
2026/02/04/14:25:47,running-time,rs-001903-8pz5s,596bac5a-6405-444d-a2bd-b984a0d40758,2,3651.426555
2026/02/04/14:25:47,apply-time,rs-001903-qz99z,66948c95-9684-4808-add4-be2154c57fec,2,3651.426555
2026/02/04/14:25:47,apply-time,rs-001904-ctxzk,4b67e4fc-3c2b-48d2-8524-8f90ac9cf744,4,3651.426555
2026/02/04/14:25:47,apply-time,rs-001905-pqgpw,026f6b89-0920-49a3-a39f-9f6e64efdb82,4,3651.426555
2026/02/04/14:25:47,running-time,rs-001905-pqgpw,026f6b89-0920-49a3-a39f-9f6e64efdb82,4,3651.426555
2026/02/04/14:25:47,apply-time,rs-001905-sg2rk,654367e7-d4e6-4cfe-907d-9170bc2546ab,4,3651.426555
2026/02/04/14:25:47,running-time,rs-001905-sg2rk,654367e7-d4e6-4cfe-907d-9170bc2546ab,4,3651.426555
2026/02/04/14:25:47,apply-time,rs-001906-7vq22,26f49e77-e72b-48d4-a9f1-87f08815ea02,2,3651.426555
2026/02/04/14:25:47,running-time,rs-001906-7vq22,26f49e77-e72b-48d4-a9f1-87f08815ea02,2,3651.426555
2026/02/04/14:25:47,apply-time,rs-001906-mb7v2,67dd4d9a-67b5-48f6-bf7d-341e8e739e21,2,3651.426555
2026/02/04/14:25:47,running-time,rs-001906-mb7v2,67dd4d9a-67b5-48f6-bf7d-341e8e739e21,2,3651.426555
2026/02/04/14:25:47,apply-time,rs-001906-v4djj,60018f3a-c557-41ac-b022-38059148b750,2,3651.426555
2026/02/04/14:25:47,running-time,rs-001906-v4djj,60018f3a-c557-41ac-b022-38059148b750,2,3651.426555
2026/02/04/14:25:48,apply-time,rs-001907-56v4h,973433b4-1fde-431d-9a55-b7e8d9fad824,3,3652.426555
2026/02/04/14:25:48,apply-time,rs-001907-vhb4q,228711e7-b813-44ae-8bea-260c4294c8ce,3,3652.426555
2026/02/04/14:25:49,apply-time,rs-001908-x6nj8,14312275-4619-4dde-8561-c84e40b09305,2,3653.426555
2026/02/04/14:25:49,running-time,rs-001908-x6nj8,14312275-4619-4dde-8561-c84e40b09305,2,3653.426555
2026/02/04/14:25:51,running-time,rs-001907-56v4h,973433b4-1fde-431d-9a55-b7e8d9fad824,3,3655.426555
2026/02/04/14:25:52,apply-time,rs-001909-bt22h,44d964b1-9ca9-4637-ad3a-d77ea485e37f,2,3656.426555
2026/02/04/14:25:52,running-time,rs-001909-bt22h,44d964b1-9ca9-4637-ad3a-d77ea485e37f,2,3656.426555
2026/02/04/14:25:52,apply-time,rs-001909-hcjwk,306a3008-f00a-4b88-9672-201aa603eb65,2,3656.426555
2026/02/04/14:25:52,running-time,rs-001909-hcjwk,306a3008-f00a-4b88-9672-201aa603eb65,2,3656.426555
2026/02/04/14:25:52,apply-time,rs-001909-qrp2v,e7586f3e-f321-4c02-b7f6-001d0f070178,2,3656.426555
2026/02/04/14:25:52,running-time,rs-001909-qrp2v,e7586f3e-f321-4c02-b7f6-001d0f070178,2,3656.426555
2026/02/04/14:25:56,apply-time,rs-001910-qbdhx,2cea5268-7ece-4c2e-a7a4-e659a966d757,3,3660.426555
2026/02/04/14:25:57,running-time,rs-001910-qbdhx,2cea5268-7ece-4c2e-a7a4-e659a966d757,3,3661.426555
2026/02/04/14:25:57,apply-time,rs-001911-frwzn,d4711df3-bb08-4462-b4cc-2af30f87329d,3,3661.426555
2026/02/04/14:25:57,running-time,rs-001911-frwzn,d4711df3-bb08-4462-b4cc-2af30f87329d,3,3661.426555
2026/02/04/14:25:57,apply-time,rs-001911-s4hp8,2d55f34f-2406-4d18-b168-6bc1b86b6291,3,3661.426555
2026/02/04/14:25:57,running-time,rs-001911-s4hp8,2d55f34f-2406-4d18-b168-6bc1b86b6291,3,3661.426555
2026/02/04/14:25:57,apply-time,rs-001911-t9dgq,78f409b8-08e6-4c03-bce3-230fa355825c,3,3661.426555
2026/02/04/14:25:57,running-time,rs-001911-t9dgq,78f409b8-08e6-4c03-bce3-230fa355825c,3,3661.426555
2026/02/04/14:25:57,apply-time,rs-001912-5gnpm,63034982-fc6d-4b66-b71a-6ac5e5d9c9b0,1,3661.426555
2026/02/04/14:25:57,running-time,rs-001912-5gnpm,63034982-fc6d-4b66-b71a-6ac5e5d9c9b0,1,3661.426555
2026/02/04/14:25:57,apply-time,rs-001912-q4w6d,9a4632e6-44e5-4aa5-b17f-935b62db4261,1,3661.426555
2026/02/04/14:25:57,running-time,rs-001912-q4w6d,9a4632e6-44e5-4aa5-b17f-935b62db4261,1,3661.426555
2026/02/04/14:25:57,apply-time,rs-001912-xxv6m,000a87b0-e2c4-4a62-a89a-bef81312c9bf,1,3661.426555
2026/02/04/14:25:57,apply-time,rs-001913-klkxs,e3de1001-8a00-4f6f-9c9e-31ded0bbc0a4,3,3661.426555
2026/02/04/14:25:57,running-time,rs-001913-klkxs,e3de1001-8a00-4f6f-9c9e-31ded0bbc0a4,3,3661.426555
2026/02/04/14:25:57,apply-time,rs-001914-zsjg9,6044ea86-4f75-4556-b216-bc8e33d12d2a,4,3661.426555
2026/02/04/14:25:57,running-time,rs-001914-zsjg9,6044ea86-4f75-4556-b216-bc8e33d12d2a,4,3661.426555
2026/02/04/14:25:57,apply-time,rs-001914-ztx9q,eb40abe6-cfb5-4abb-ba6a-bd11959dcb98,4,3661.426555
2026/02/04/14:25:57,running-time,rs-001914-ztx9q,eb40abe6-cfb5-4abb-ba6a-bd11959dcb98,4,3661.426555
2026/02/04/14:25:57,apply-time,rs-001915-rjr8p,8e9145be-a764-4e47-ad2e-fa166265fb8e,2,3661.426555
2026/02/04/14:25:57,running-time,rs-001915-rjr8p,8e9145be-a764-4e47-ad2e-fa166265fb8e,2,3661.426555
2026/02/04/14:25:57,apply-time,rs-001916-5cxg8,65504a9d-ea3e-4bfb-bf8d-2911e55f7ebf,2,3661.426555
2026/02/04/14:25:57,running-time,rs-001916-5cxg8,65504a9d-ea3e-4bfb-bf8d-2911e55f7ebf,2,3662.426555
2026/02/04/14:25:57,apply-time,rs-001916-kcg5n,020211fb-d0c4-4498-a1ae-61f59059bfdb,2,3661.426555
2026/02/04/14:25:57,running-time,rs-001916-kcg5n,020211fb-d0c4-4498-a1ae-61f59059bfdb,2,3661.426555
2026/02/04/14:25:57,apply-time,rs-001916-w9xgc,578f1ef9-e4f4-43e1-88c9-ea3ae52927e0,2,3661.426555
2026/02/04/14:25:57,running-time,rs-001916-w9xgc,578f1ef9-e4f4-43e1-88c9-ea3ae52927e0,2,3661.426555
2026/02/04/14:25:58,apply-time,rs-001917-br52j,067a9e39-e3a1-4400-ae32-7c497ad2495c,2,3662.426555
2026/02/04/14:25:58,running-time,rs-001917-br52j,067a9e39-e3a1-4400-ae32-7c497ad2495c,2,3662.426555
2026/02/04/14:25:59,apply-time,rs-001918-7bfrh,500b95c9-4bf6-42a9-aebe-4737464db888,1,3663.426555
2026/02/04/14:25:59,running-time,rs-001918-7bfrh,500b95c9-4bf6-42a9-aebe-4737464db888,1,3663.426555
2026/02/04/14:26:00,apply-time,rs-001919-8kxk2,40445145-3a40-462e-885d-4e2aae700f29,4,3664.426555
2026/02/04/14:26:00,running-time,rs-001919-8kxk2,40445145-3a40-462e-885d-4e2aae700f29,4,3664.426555
2026/02/04/14:26:00,apply-time,rs-001919-szwxq,f4a48e9e-fb93-43e8-a268-d29a35030b3f,4,3664.426555
2026/02/04/14:26:00,apply-time,rs-001920-8gf62,75c60133-8dab-40a8-81c1-66a1a6b8d460,4,3664.426555
2026/02/04/14:26:00,running-time,rs-001920-8gf62,75c60133-8dab-40a8-81c1-66a1a6b8d460,4,3664.426555
2026/02/04/14:26:00,apply-time,rs-001920-m4v22,5ae46e71-6489-4312-8829-52f5585461fe,4,3664.426555
2026/02/04/14:26:00,running-time,rs-001920-m4v22,5ae46e71-6489-4312-8829-52f5585461fe,4,3664.426555
2026/02/04/14:26:01,running-time,rs-001912-xxv6m,000a87b0-e2c4-4a62-a89a-bef81312c9bf,1,3665.426555
2026/02/04/14:26:01,running-time,rs-001919-szwxq,f4a48e9e-fb93-43e8-a268-d29a35030b3f,4,3665.426555
2026/02/04/14:26:01,apply-time,rs-001921-7f7hc,85df1b54-7f1a-49af-b163-5ec218cdf395,4,3665.426555
2026/02/04/14:26:01,running-time,rs-001921-7f7hc,85df1b54-7f1a-49af-b163-5ec218cdf395,4,3665.426555
2026/02/04/14:26:01,apply-time,rs-001921-cjswr,19fbb4f7-7fa9-43f9-89ee-a9476fa53398,4,3665.426555
2026/02/04/14:26:01,running-time,rs-001921-cjswr,19fbb4f7-7fa9-43f9-89ee-a9476fa53398,4,3665.426555
2026/02/04/14:26:01,apply-time,rs-001921-mpl49,47d887fe-9091-4380-8281-396a7d294571,4,3665.426555
2026/02/04/14:26:01,running-time,rs-001921-mpl49,47d887fe-9091-4380-8281-396a7d294571,4,3665.426555
2026/02/04/14:26:02,apply-time,rs-001922-26r6p,39ae723b-208b-4ab5-913c-b57d9853b94d,3,3666.426555
2026/02/04/14:26:08,apply-time,rs-001837-vhrsf,bc19c2cc-d322-489a-b912-aed65faaafaf,1,3672.426555
2026/02/04/14:26:08,running-time,rs-001837-vhrsf,bc19c2cc-d322-489a-b912-aed65faaafaf,1,3672.426555
2026/02/04/14:26:08,running-time,rs-001922-26r6p,39ae723b-208b-4ab5-913c-b57d9853b94d,3,3672.426555
2026/02/04/14:26:10,apply-time,rs-001923-99448,1847a329-9db5-4e27-8ae9-3b7f1cb83c7c,4,3674.426555
2026/02/04/14:26:10,apply-time,rs-001923-t7scv,fe5f9c5a-f30a-4a25-ac4f-26100bc19a00,4,3674.426555
2026/02/04/14:26:10,running-time,rs-001923-t7scv,fe5f9c5a-f30a-4a25-ac4f-26100bc19a00,4,3674.426555
2026/02/04/14:26:16,apply-time,rs-001924-6j6vr,2de9e5b6-6403-414c-bce8-d887a102f3c7,4,3680.426555
2026/02/04/14:26:16,running-time,rs-001924-6j6vr,2de9e5b6-6403-414c-bce8-d887a102f3c7,4,3680.426555
2026/02/04/14:26:17,apply-time,rs-001925-4xw2b,435fdda7-22e7-4497-b1d1-c733d2a24976,3,3681.426555
2026/02/04/14:26:17,running-time,rs-001925-4xw2b,435fdda7-22e7-4497-b1d1-c733d2a24976,3,3681.426555
2026/02/04/14:26:17,apply-time,rs-001925-5d4nw,0e650730-df3a-49f3-ada4-f61d1d80ab07,3,3681.426555
2026/02/04/14:26:17,running-time,rs-001925-5d4nw,0e650730-df3a-49f3-ada4-f61d1d80ab07,3,3681.426555
2026/02/04/14:26:17,apply-time,rs-001925-pbntb,22b13019-2c97-4193-b878-b387e103e9ce,3,3681.426555
2026/02/04/14:26:17,running-time,rs-001925-pbntb,22b13019-2c97-4193-b878-b387e103e9ce,3,3681.426555
2026/02/04/14:26:17,apply-time,rs-001926-2xxds,cd8cbeb0-5173-453c-b89f-37de22dad11a,1,3681.426555
2026/02/04/14:26:17,running-time,rs-001926-2xxds,cd8cbeb0-5173-453c-b89f-37de22dad11a,1,3681.426555
2026/02/04/14:26:17,apply-time,rs-001926-glprd,aea74b69-ffee-43fd-a193-651098c3ccfb,1,3681.426555
2026/02/04/14:26:17,running-time,rs-001926-glprd,aea74b69-ffee-43fd-a193-651098c3ccfb,1,3681.426555
2026/02/04/14:26:17,apply-time,rs-001927-q7b9l,4ff41ecd-8707-4896-8528-c53268e836cf,3,3681.426555
2026/02/04/14:26:17,running-time,rs-001927-q7b9l,4ff41ecd-8707-4896-8528-c53268e836cf,3,3681.426555
2026/02/04/14:26:17,apply-time,rs-001928-m6hvs,d6e5c421-689c-4f24-afc7-96c533c423c3,1,3681.426555
2026/02/04/14:26:17,running-time,rs-001928-m6hvs,d6e5c421-689c-4f24-afc7-96c533c423c3,1,3681.426555
2026/02/04/14:26:17,apply-time,rs-001928-rk96t,92fdc05f-8dd5-4e4c-a488-3a8d34a0833b,1,3681.426555
2026/02/04/14:26:17,running-time,rs-001928-rk96t,92fdc05f-8dd5-4e4c-a488-3a8d34a0833b,1,3681.426555
2026/02/04/14:26:19,apply-time,rs-001929-pdk5v,fe1578f7-0da2-49ef-a066-edf2aea9cb4a,3,3683.426555
2026/02/04/14:26:19,running-time,rs-001929-pdk5v,fe1578f7-0da2-49ef-a066-edf2aea9cb4a,3,3683.426555
2026/02/04/14:26:19,apply-time,rs-001930-9r9cl,4b48a0f2-7ea3-47ef-acf4-73b6e8976a79,2,3683.426555
2026/02/04/14:26:19,running-time,rs-001930-9r9cl,4b48a0f2-7ea3-47ef-acf4-73b6e8976a79,2,3684.426555
2026/02/04/14:26:19,apply-time,rs-001930-sbqx8,e122dc02-fa57-40d4-b2e1-71b16dec2e95,2,3683.426555
2026/02/04/14:26:19,running-time,rs-001930-sbqx8,e122dc02-fa57-40d4-b2e1-71b16dec2e95,2,3683.426555
2026/02/04/14:26:21,apply-time,rs-001931-bmssv,d84ccb8e-9d9c-475e-bdd8-2f3777c7f67d,1,3685.426555
2026/02/04/14:26:21,running-time,rs-001931-bmssv,d84ccb8e-9d9c-475e-bdd8-2f3777c7f67d,1,3685.426555
2026/02/04/14:26:21,apply-time,rs-001932-485p8,8c594c0e-9158-4708-8abb-a79cc48e4f1e,3,3685.426555
2026/02/04/14:26:21,running-time,rs-001932-485p8,8c594c0e-9158-4708-8abb-a79cc48e4f1e,3,3685.426555
2026/02/04/14:26:21,apply-time,rs-001932-kcprl,09061f97-37d0-41c8-9aeb-702c566c46da,3,3685.426555
2026/02/04/14:26:21,running-time,rs-001932-kcprl,09061f97-37d0-41c8-9aeb-702c566c46da,3,3685.426555
2026/02/04/14:26:21,apply-time,rs-001932-wzsjm,d06b682c-4dfa-4e6f-bd9c-550d2aa3963c,3,3685.426555
2026/02/04/14:26:21,running-time,rs-001932-wzsjm,d06b682c-4dfa-4e6f-bd9c-550d2aa3963c,3,3685.426555
2026/02/04/14:26:23,apply-time,rs-001933-24bjt,4eb51723-8924-4616-8010-c82647bc33a4,1,3687.426555
2026/02/04/14:26:23,apply-time,rs-001933-7tl9v,fdd1aa76-edca-447d-a5b4-20c8ec805abe,1,3687.426555
2026/02/04/14:26:23,apply-time,rs-001933-qg78d,ccf3be80-b055-4f6c-828e-1fecd1534547,1,3687.426555
2026/02/04/14:26:23,apply-time,rs-001934-plnrd,409861fe-cc22-422d-88b5-f391f9369503,4,3687.426555
2026/02/04/14:26:23,running-time,rs-001934-plnrd,409861fe-cc22-422d-88b5-f391f9369503,4,3687.426555
2026/02/04/14:26:23,apply-time,rs-001935-hg2rr,e8ebc720-ba12-4fef-8d0b-6ab1987c6c55,3,3687.426555
2026/02/04/14:26:23,apply-time,rs-001935-pvj5l,a50d6488-c465-494d-ab8b-13eca68803be,3,3687.426555
2026/02/04/14:26:25,running-time,rs-001935-hg2rr,e8ebc720-ba12-4fef-8d0b-6ab1987c6c55,3,3689.426555
2026/02/04/14:26:25,running-time,rs-001935-pvj5l,a50d6488-c465-494d-ab8b-13eca68803be,3,3689.426555
2026/02/04/14:26:32,apply-time,rs-001398-cjn27,467f8617-3e38-438a-80e0-a57a7b6e1860,1,3696.426555
2026/02/04/14:26:32,running-time,rs-001398-cjn27,467f8617-3e38-438a-80e0-a57a7b6e1860,1,3696.426555
2026/02/04/14:26:32,apply-time,rs-001873-9qnww,b8cd196b-334e-46f1-9325-3d789f12085c,1,3696.426555
2026/02/04/14:26:32,running-time,rs-001873-9qnww,b8cd196b-334e-46f1-9325-3d789f12085c,1,3696.426555
2026/02/04/14:26:32,apply-time,rs-001931-24hph,afcf649d-790b-4e3e-af0e-70f5fb5c019a,1,3696.426555
2026/02/04/14:26:32,running-time,rs-001931-24hph,afcf649d-790b-4e3e-af0e-70f5fb5c019a,1,3696.426555
2026/02/04/14:26:32,running-time,rs-001933-24bjt,4eb51723-8924-4616-8010-c82647bc33a4,1,3696.426555
2026/02/04/14:26:32,running-time,rs-001933-7tl9v,fdd1aa76-edca-447d-a5b4-20c8ec805abe,1,3696.426555
2026/02/04/14:26:32,running-time,rs-001933-qg78d,ccf3be80-b055-4f6c-828e-1fecd1534547,1,3696.426555
2026/02/04/14:26:43,apply-time,rs-001936-t79bl,6a3ae775-fcea-40e3-a2ad-10b5688c2c60,1,3707.426555
2026/02/04/14:26:43,running-time,rs-001936-t79bl,6a3ae775-fcea-40e3-a2ad-10b5688c2c60,1,3707.426555
2026/02/04/14:26:43,apply-time,rs-001936-vxlmx,5311fa36-97ee-46ec-95b8-6e4d7d6d6ef7,1,3707.426555
2026/02/04/14:26:43,apply-time,rs-001937-jwh8j,5718e600-72be-4f3e-9b0d-cb25211b7ad1,1,3707.426555
2026/02/04/14:26:43,running-time,rs-001937-jwh8j,5718e600-72be-4f3e-9b0d-cb25211b7ad1,1,3707.426555
2026/02/04/14:26:43,apply-time,rs-001937-n6pxg,4577d8c1-60a0-4e30-bbf7-78e2c874c3bf,1,3707.426555
2026/02/04/14:26:43,running-time,rs-001937-n6pxg,4577d8c1-60a0-4e30-bbf7-78e2c874c3bf,1,3707.426555
2026/02/04/14:26:43,apply-time,rs-001938-6ltwb,ea0c0423-5b6c-45ab-8db6-a663ba09a6e4,3,3707.426555
2026/02/04/14:26:43,running-time,rs-001938-6ltwb,ea0c0423-5b6c-45ab-8db6-a663ba09a6e4,3,3707.426555
2026/02/04/14:26:43,apply-time,rs-001938-g8w8v,5c7500f1-1a08-4c98-b2e7-ccc8d16b92fd,3,3707.426555
2026/02/04/14:26:43,running-time,rs-001938-g8w8v,5c7500f1-1a08-4c98-b2e7-ccc8d16b92fd,3,3707.426555
2026/02/04/14:26:43,apply-time,rs-001938-prcbs,fc08ce5e-c4f1-45c3-8c28-d50cbe25ce16,3,3707.426555
2026/02/04/14:26:43,running-time,rs-001938-prcbs,fc08ce5e-c4f1-45c3-8c28-d50cbe25ce16,3,3707.426555
2026/02/04/14:26:43,apply-time,rs-001939-f8wjf,3dcbaba7-766d-4c97-adff-08218bc35ef4,2,3707.426555
2026/02/04/14:26:43,running-time,rs-001939-f8wjf,3dcbaba7-766d-4c97-adff-08218bc35ef4,2,3707.426555
2026/02/04/14:26:43,apply-time,rs-001940-49dcp,03a3d6e9-1b88-4ad5-a2d8-f278e1c80352,2,3707.426555
2026/02/04/14:26:43,running-time,rs-001940-49dcp,03a3d6e9-1b88-4ad5-a2d8-f278e1c80352,2,3707.426555
2026/02/04/14:26:43,apply-time,rs-001940-fjtmt,7cb4fa22-d7da-4890-9a35-2833b2b588e1,2,3707.426555
2026/02/04/14:26:43,running-time,rs-001940-fjtmt,7cb4fa22-d7da-4890-9a35-2833b2b588e1,2,3707.426555
2026/02/04/14:26:44,apply-time,rs-001941-2t2hc,6e5697ac-dcfe-4eab-ac18-af4887c5c2f5,1,3708.426555
2026/02/04/14:26:44,running-time,rs-001941-2t2hc,6e5697ac-dcfe-4eab-ac18-af4887c5c2f5,1,3708.426555
2026/02/04/14:26:44,apply-time,rs-001942-fzkft,32130af2-cfed-4357-87f2-5d01b544de39,1,3708.426555
2026/02/04/14:26:44,running-time,rs-001942-fzkft,32130af2-cfed-4357-87f2-5d01b544de39,1,3708.426555
2026/02/04/14:26:44,apply-time,rs-001943-2dprb,ee7f3a5a-3b3b-4c8f-8237-69848be70f0b,1,3708.426555
2026/02/04/14:26:44,running-time,rs-001943-2dprb,ee7f3a5a-3b3b-4c8f-8237-69848be70f0b,1,3708.426555
2026/02/04/14:26:44,apply-time,rs-001943-thf6p,0c491504-87eb-458f-8ff1-c19af77a2ce7,1,3708.426555
2026/02/04/14:26:44,running-time,rs-001943-thf6p,0c491504-87eb-458f-8ff1-c19af77a2ce7,1,3709.426555
2026/02/04/14:26:45,apply-time,rs-001944-9pzgr,9524021c-7044-4b20-beee-0993ff21f7f5,3,3709.426555
2026/02/04/14:26:45,apply-time,rs-001944-9xgjg,bdb2682d-ec74-4b41-aace-4ca8a4d1fc0c,3,3709.426555
2026/02/04/14:26:45,apply-time,rs-001945-52sz8,f1aa6ffe-0a60-4c0d-ba63-5a3efd447b0d,1,3709.426555
2026/02/04/14:26:45,apply-time,rs-001946-mrdhp,33c50252-fabd-48f4-a4f0-dae97246fd3b,1,3709.426555
2026/02/04/14:26:45,apply-time,rs-001946-r7w6f,0ee4d2cf-a0df-4e24-8e50-4f77c0e0a3de,1,3709.426555
2026/02/04/14:26:45,running-time,rs-001946-r7w6f,0ee4d2cf-a0df-4e24-8e50-4f77c0e0a3de,1,3709.426555
2026/02/04/14:26:45,apply-time,rs-001946-rnfz6,b8abf643-4a3d-47a1-9fa6-4a1f1c230f6d,1,3709.426555
2026/02/04/14:26:45,apply-time,rs-001947-b87bj,b2b2df6a-230e-4313-9989-f2f3f57dec13,3,3709.426555
2026/02/04/14:26:45,apply-time,rs-001948-trs9v,685628ab-9df6-4afa-a7d0-a1da7fdd7b95,1,3709.426555
2026/02/04/14:26:45,apply-time,rs-001949-4pnk2,8973c922-2a28-4885-a9b4-c99831f1d370,2,3709.426555
2026/02/04/14:26:45,apply-time,rs-001950-r9z5k,6a7cac35-5d51-4ad6-a7bf-5ab5246a0a9d,2,3710.426555
2026/02/04/14:26:45,apply-time,rs-001951-9z4m8,59d69794-44b2-4948-acb6-d72d3d1fb348,3,3709.426555
2026/02/04/14:26:46,running-time,rs-001946-mrdhp,33c50252-fabd-48f4-a4f0-dae97246fd3b,1,3710.426555
2026/02/04/14:26:46,running-time,rs-001946-rnfz6,b8abf643-4a3d-47a1-9fa6-4a1f1c230f6d,1,3711.426555
2026/02/04/14:26:46,apply-time,rs-001950-rz4hq,fe8230de-c58c-49d4-8599-c47713cbbdb7,2,3710.426555
2026/02/04/14:26:46,running-time,rs-001950-rz4hq,fe8230de-c58c-49d4-8599-c47713cbbdb7,2,3710.426555
2026/02/04/14:26:46,apply-time,rs-001950-zwsk5,d19708c8-24ac-4805-ab6f-a0a4e6be2103,2,3710.426555
2026/02/04/14:26:46,running-time,rs-001950-zwsk5,d19708c8-24ac-4805-ab6f-a0a4e6be2103,2,3710.426555
2026/02/04/14:26:46,running-time,rs-001951-9z4m8,59d69794-44b2-4948-acb6-d72d3d1fb348,3,3710.426555
2026/02/04/14:26:46,apply-time,rs-001951-g9qjt,ca49895c-4a5c-4ea5-84df-8bdeee595b81,3,3710.426555
2026/02/04/14:26:46,running-time,rs-001951-g9qjt,ca49895c-4a5c-4ea5-84df-8bdeee595b81,3,3710.426555
2026/02/04/14:26:47,running-time,rs-001950-r9z5k,6a7cac35-5d51-4ad6-a7bf-5ab5246a0a9d,2,3711.426555
2026/02/04/14:26:50,running-time,rs-001944-9xgjg,bdb2682d-ec74-4b41-aace-4ca8a4d1fc0c,3,3714.426555
2026/02/04/14:26:51,apply-time,rs-001952-qs8lx,3a69345a-ad02-45da-89a2-cda6b55cbc55,1,3715.426555
2026/02/04/14:26:58,running-time,rs-001944-9pzgr,9524021c-7044-4b20-beee-0993ff21f7f5,3,3723.426555
2026/02/04/14:26:58,running-time,rs-001945-52sz8,f1aa6ffe-0a60-4c0d-ba63-5a3efd447b0d,1,3723.426555
2026/02/04/14:26:58,apply-time,rs-001953-mxf9m,22bfb632-6735-4dba-b4ca-4114e7387572,2,3722.426555
2026/02/04/14:26:58,running-time,rs-001953-mxf9m,22bfb632-6735-4dba-b4ca-4114e7387572,2,3722.426555
2026/02/04/14:26:58,apply-time,rs-001953-nwmnw,981959ba-01f7-4dc3-b517-1679832dcee9,2,3722.426555
2026/02/04/14:26:58,running-time,rs-001953-nwmnw,981959ba-01f7-4dc3-b517-1679832dcee9,2,3722.426555
2026/02/04/14:26:58,apply-time,rs-001954-vtpxj,62df0cdd-bd02-42ef-8848-5bbe8e71b02f,3,3722.426555
2026/02/04/14:26:58,running-time,rs-001954-vtpxj,62df0cdd-bd02-42ef-8848-5bbe8e71b02f,3,3722.426555
2026/02/04/14:27:00,apply-time,rs-001955-5hqc2,8e16d32b-fe9a-4534-9fa2-4a59f3ecf242,2,3724.426555
2026/02/04/14:27:00,running-time,rs-001955-5hqc2,8e16d32b-fe9a-4534-9fa2-4a59f3ecf242,2,3724.426555
2026/02/04/14:27:00,apply-time,rs-001955-72trr,25340cf2-9b0e-4eb8-aad4-cfdf0a5d2652,2,3724.426555
2026/02/04/14:27:00,running-time,rs-001955-72trr,25340cf2-9b0e-4eb8-aad4-cfdf0a5d2652,2,3724.426555
2026/02/04/14:27:00,apply-time,rs-001955-8w428,22a5678b-183f-42c5-a62e-e77581f0b600,2,3724.426555
2026/02/04/14:27:00,running-time,rs-001955-8w428,22a5678b-183f-42c5-a62e-e77581f0b600,2,3724.426555
2026/02/04/14:27:05,running-time,rs-001952-qs8lx,3a69345a-ad02-45da-89a2-cda6b55cbc55,1,3730.426555
2026/02/04/14:27:19,apply-time,rs-001956-78b4d,d2b0fdc0-5b74-4b56-982f-c32859f2dffd,3,3742.426555
2026/02/04/14:27:19,running-time,rs-001956-78b4d,d2b0fdc0-5b74-4b56-982f-c32859f2dffd,3,3742.426555
2026/02/04/14:27:19,apply-time,rs-001956-bvkh6,36c514db-27c3-4420-8d12-95a157aea12a,3,3742.426555
2026/02/04/14:27:19,running-time,rs-001956-bvkh6,36c514db-27c3-4420-8d12-95a157aea12a,3,3742.426555
2026/02/04/14:27:19,apply-time,rs-001956-g9bmz,46534a7c-1b5c-40c8-854a-b80ff96119e3,3,3742.426555
2026/02/04/14:27:19,running-time,rs-001956-g9bmz,46534a7c-1b5c-40c8-854a-b80ff96119e3,3,3742.426555
2026/02/04/14:27:19,apply-time,rs-001957-78vww,1d931449-b033-4722-9503-f5155b077fec,4,3742.426555
2026/02/04/14:27:19,running-time,rs-001957-78vww,1d931449-b033-4722-9503-f5155b077fec,4,3742.426555
2026/02/04/14:27:19,apply-time,rs-001957-gxlmq,f7541211-d595-4d43-a75a-6085a2f0f77c,4,3742.426555
2026/02/04/14:27:19,running-time,rs-001957-gxlmq,f7541211-d595-4d43-a75a-6085a2f0f77c,4,3742.426555
2026/02/04/14:27:19,apply-time,rs-001957-tp9pj,85170ef5-a510-42bb-8148-c3736a81b46e,4,3742.426555
2026/02/04/14:27:19,running-time,rs-001957-tp9pj,85170ef5-a510-42bb-8148-c3736a81b46e,4,3742.426555
2026/02/04/14:27:19,apply-time,rs-001958-vjpfc,5ac3eeac-e2b7-4c81-81c3-a69cd20f3d23,4,3742.426555
2026/02/04/14:27:19,running-time,rs-001958-vjpfc,5ac3eeac-e2b7-4c81-81c3-a69cd20f3d23,4,3742.426555
2026/02/04/14:27:27,apply-time,rs-001959-czn8g,434f5b20-c493-4bef-9efa-f15517d8e9eb,2,3750.426555
2026/02/04/14:27:27,running-time,rs-001959-czn8g,434f5b20-c493-4bef-9efa-f15517d8e9eb,2,3750.426555
2026/02/04/14:27:27,apply-time,rs-001959-dsdcf,cc928140-36de-487c-ad5d-ef9b453da481,2,3750.426555
2026/02/04/14:27:27,running-time,rs-001959-dsdcf,cc928140-36de-487c-ad5d-ef9b453da481,2,3750.426555
2026/02/04/14:27:27,apply-time,rs-001960-2qnpj,852175d4-7ed0-400d-b66f-cb0e2da27f1c,3,3750.426555
2026/02/04/14:27:27,apply-time,rs-001960-5j8f2,e25db03a-62cd-4395-b6c9-1de1040ed453,3,3750.426555
2026/02/04/14:27:27,apply-time,rs-001960-kwb22,42a5a36d-02c1-49c7-a30d-6664fe93ae93,3,3750.426555
2026/02/04/14:27:27,apply-time,rs-001961-77qbm,c894250b-fab1-45eb-bd48-930e1dc8f111,1,3751.426555
2026/02/04/14:27:27,running-time,rs-001961-77qbm,c894250b-fab1-45eb-bd48-930e1dc8f111,1,3751.426555
2026/02/04/14:27:28,apply-time,rs-001962-dpb7l,6fe774d3-42f6-4b34-bc1a-bbbe49d823b5,1,3751.426555
2026/02/04/14:27:28,running-time,rs-001962-dpb7l,6fe774d3-42f6-4b34-bc1a-bbbe49d823b5,1,3751.426555
2026/02/04/14:27:28,apply-time,rs-001962-n2chx,29dbd889-4200-4d8b-b44c-120c88de355d,1,3751.426555
2026/02/04/14:27:28,running-time,rs-001962-n2chx,29dbd889-4200-4d8b-b44c-120c88de355d,1,3751.426555
2026/02/04/14:27:28,apply-time,rs-001963-l65sv,daff99b3-7235-4a5f-914a-c81b5dcd1ba9,2,3751.426555
2026/02/04/14:27:28,running-time,rs-001963-l65sv,daff99b3-7235-4a5f-914a-c81b5dcd1ba9,2,3751.426555
2026/02/04/14:27:28,apply-time,rs-001963-plkd5,459c9bed-00d1-4f70-8c07-902c47c6d71f,2,3751.426555
2026/02/04/14:27:28,running-time,rs-001963-plkd5,459c9bed-00d1-4f70-8c07-902c47c6d71f,2,3751.426555
2026/02/04/14:27:28,apply-time,rs-001963-r8gnb,4851f0d3-6ded-4817-a6cf-f182aeab18bf,2,3751.426555
2026/02/04/14:27:28,running-time,rs-001963-r8gnb,4851f0d3-6ded-4817-a6cf-f182aeab18bf,2,3751.426555
2026/02/04/14:27:30,running-time,rs-001960-2qnpj,852175d4-7ed0-400d-b66f-cb0e2da27f1c,3,3753.426555
2026/02/04/14:27:35,apply-time,rs-001964-7jjs7,f8326a77-dafa-4fcb-a0fc-05c5212f0e26,1,3758.426555
2026/02/04/14:27:35,running-time,rs-001964-7jjs7,f8326a77-dafa-4fcb-a0fc-05c5212f0e26,1,3758.426555
2026/02/04/14:27:35,apply-time,rs-001964-9sqnp,b26e587e-4b17-4033-895e-e6ab4bd9e746,1,3758.426555
2026/02/04/14:27:35,running-time,rs-001964-9sqnp,b26e587e-4b17-4033-895e-e6ab4bd9e746,1,3759.426555
2026/02/04/14:27:35,apply-time,rs-001965-28gwz,ac692457-925b-4a10-a802-a8471a86c148,3,3758.426555
2026/02/04/14:27:35,apply-time,rs-001965-552xn,0e4162b8-7a7a-43b3-92db-1f3f6a298a61,3,3758.426555
2026/02/04/14:27:35,apply-time,rs-001965-g6fg7,54f1e3dc-ebc0-4fd9-b6ea-9a58b90cc3ff,3,3758.426555
2026/02/04/14:27:35,running-time,rs-001965-g6fg7,54f1e3dc-ebc0-4fd9-b6ea-9a58b90cc3ff,3,3758.426555
2026/02/04/14:27:36,apply-time,rs-001966-jrx9k,356148ad-313a-4691-8ca9-5679a777eb8a,4,3759.426555
2026/02/04/14:27:36,running-time,rs-001966-jrx9k,356148ad-313a-4691-8ca9-5679a777eb8a,4,3759.426555
2026/02/04/14:27:36,apply-time,rs-001966-r2wfc,e0be7cf1-1b3f-4b7b-beb7-e46d035085d2,4,3759.426555
2026/02/04/14:27:36,running-time,rs-001966-r2wfc,e0be7cf1-1b3f-4b7b-beb7-e46d035085d2,4,3759.426555
2026/02/04/14:27:36,apply-time,rs-001966-sqm7k,3e37b314-bdfd-485f-b318-05b8d643dd64,4,3759.426555
2026/02/04/14:27:36,running-time,rs-001966-sqm7k,3e37b314-bdfd-485f-b318-05b8d643dd64,4,3759.426555
2026/02/04/14:27:36,apply-time,rs-001967-bg62h,c88967e7-d469-496a-a69b-38cc11cceebf,3,3759.426555
2026/02/04/14:27:36,running-time,rs-001967-bg62h,c88967e7-d469-496a-a69b-38cc11cceebf,3,3759.426555
2026/02/04/14:27:36,apply-time,rs-001968-987jt,9293f8b0-7848-4330-abeb-3de7961b3b6f,2,3759.426555
2026/02/04/14:27:36,running-time,rs-001968-987jt,9293f8b0-7848-4330-abeb-3de7961b3b6f,2,3759.426555
2026/02/04/14:27:36,apply-time,rs-001968-kg2cw,b97d9166-ba9a-45d2-ba58-befbb642a4f4,2,3759.426555
2026/02/04/14:27:36,running-time,rs-001968-kg2cw,b97d9166-ba9a-45d2-ba58-befbb642a4f4,2,3759.426555
2026/02/04/14:27:36,apply-time,rs-001969-gsh8w,ee6e66f5-2682-4413-b4bd-475f27c06066,1,3760.426555
2026/02/04/14:27:36,running-time,rs-001969-gsh8w,ee6e66f5-2682-4413-b4bd-475f27c06066,1,3760.426555
2026/02/04/14:27:36,apply-time,rs-001969-h5dwd,d62fe408-86e3-41a8-9016-457ec1491fc2,1,3760.426555
2026/02/04/14:27:36,running-time,rs-001969-h5dwd,d62fe408-86e3-41a8-9016-457ec1491fc2,1,3760.426555
2026/02/04/14:27:36,apply-time,rs-001969-n5xw4,ca492846-3bc8-412b-8fe0-08c0c9c1c3a2,1,3760.426555
2026/02/04/14:27:36,running-time,rs-001969-n5xw4,ca492846-3bc8-412b-8fe0-08c0c9c1c3a2,1,3760.426555
2026/02/04/14:27:36,apply-time,rs-001970-xkgc4,ca25dfbe-3a46-460d-8ac7-4f543a74f100,1,3760.426555
2026/02/04/14:27:36,running-time,rs-001970-xkgc4,ca25dfbe-3a46-460d-8ac7-4f543a74f100,1,3760.426555
2026/02/04/14:27:37,apply-time,rs-001970-zkbrm,5cea1a26-3c44-4a3d-b6f6-f26a44cc1fe0,1,3760.426555
2026/02/04/14:27:37,running-time,rs-001970-zkbrm,5cea1a26-3c44-4a3d-b6f6-f26a44cc1fe0,1,3760.426555
2026/02/04/14:27:37,apply-time,rs-001971-fn95z,64e9c05a-5b86-4c01-8e1c-6b4084dd7a37,2,3760.426555
2026/02/04/14:27:37,apply-time,rs-001971-ncslt,921d449c-3756-4c52-b1f7-d4f93f4edbf4,2,3760.426555
2026/02/04/14:27:45,apply-time,rs-001912-b5thl,e7796db3-a943-4b11-a5d0-fcb62a677092,1,3768.426555
2026/02/04/14:27:45,running-time,rs-001912-b5thl,e7796db3-a943-4b11-a5d0-fcb62a677092,1,3768.426555
2026/02/04/14:27:45,running-time,rs-001971-fn95z,64e9c05a-5b86-4c01-8e1c-6b4084dd7a37,2,3768.426555
2026/02/04/14:27:45,running-time,rs-001971-ncslt,921d449c-3756-4c52-b1f7-d4f93f4edbf4,2,3768.426555
2026/02/04/14:27:49,apply-time,rs-001972-dvzct,085f7685-8981-43b5-b8c4-7ee71aa587c0,3,3772.426555
2026/02/04/14:27:49,running-time,rs-001972-dvzct,085f7685-8981-43b5-b8c4-7ee71aa587c0,3,3772.426555
2026/02/04/14:27:49,apply-time,rs-001973-scxwz,986f5c96-34b1-4f31-af2c-a1aa193018a3,1,3772.426555
2026/02/04/14:27:50,running-time,rs-001973-scxwz,986f5c96-34b1-4f31-af2c-a1aa193018a3,1,3774.426555
2026/02/04/14:27:52,apply-time,rs-001974-9lf4j,0820361a-fc82-448d-9f29-3378a1f3c628,2,3775.426555
2026/02/04/14:27:52,running-time,rs-001974-9lf4j,0820361a-fc82-448d-9f29-3378a1f3c628,2,3775.426555
2026/02/04/14:27:52,apply-time,rs-001974-9qzmw,7c2a60eb-6b85-4120-9455-0c086a6b6d41,2,3775.426555
2026/02/04/14:27:52,running-time,rs-001974-9qzmw,7c2a60eb-6b85-4120-9455-0c086a6b6d41,2,3775.426555
2026/02/04/14:27:52,apply-time,rs-001974-httms,7b8f8636-29bd-4218-8e89-518885b23330,2,3775.426555
2026/02/04/14:27:52,running-time,rs-001974-httms,7b8f8636-29bd-4218-8e89-518885b23330,2,3775.426555
2026/02/04/14:27:52,apply-time,rs-001975-5g4ts,54b45a40-af0d-401d-8839-6278dfb1c4ce,3,3775.426555
2026/02/04/14:27:52,running-time,rs-001975-5g4ts,54b45a40-af0d-401d-8839-6278dfb1c4ce,3,3775.426555
2026/02/04/14:27:52,apply-time,rs-001976-nk9bq,e49cb919-4f51-48fd-ac7a-fb33890e18a7,4,3775.426555
2026/02/04/14:27:52,running-time,rs-001976-nk9bq,e49cb919-4f51-48fd-ac7a-fb33890e18a7,4,3775.426555
2026/02/04/14:27:52,apply-time,rs-001976-rnwxz,86ef7281-6b8a-4db6-8462-c7026a25bfec,4,3775.426555
2026/02/04/14:27:52,running-time,rs-001976-rnwxz,86ef7281-6b8a-4db6-8462-c7026a25bfec,4,3775.426555
2026/02/04/14:27:52,apply-time,rs-001977-sm288,1906a6a7-4730-4d29-aeaf-337bfc3b4aff,4,3775.426555
2026/02/04/14:27:52,running-time,rs-001977-sm288,1906a6a7-4730-4d29-aeaf-337bfc3b4aff,4,3775.426555
2026/02/04/14:27:53,apply-time,rs-001978-xf74v,4c250399-6426-4b33-a7d8-e67f1079b7c3,1,3776.426555
2026/02/04/14:27:53,running-time,rs-001978-xf74v,4c250399-6426-4b33-a7d8-e67f1079b7c3,1,3776.426555
2026/02/04/14:27:53,apply-time,rs-001979-8qpsl,392463eb-36a2-4cce-8b82-b6862a22f19a,4,3776.426555
2026/02/04/14:27:53,running-time,rs-001979-8qpsl,392463eb-36a2-4cce-8b82-b6862a22f19a,4,3776.426555
2026/02/04/14:27:53,apply-time,rs-001979-bfp9k,e6d2c3fc-06ef-4e02-b443-c2f8885fa8bf,4,3776.426555
2026/02/04/14:27:53,running-time,rs-001979-bfp9k,e6d2c3fc-06ef-4e02-b443-c2f8885fa8bf,4,3776.426555
2026/02/04/14:27:53,apply-time,rs-001980-bsfl4,a84aadf8-db4f-4739-94a9-1036ebbe140f,1,3776.426555
2026/02/04/14:27:53,running-time,rs-001980-bsfl4,a84aadf8-db4f-4739-94a9-1036ebbe140f,1,3776.426555
2026/02/04/14:27:53,apply-time,rs-001980-q87rk,09c33919-08b3-4418-8d16-bdf8feb0286a,1,3776.426555
2026/02/04/14:27:53,running-time,rs-001980-q87rk,09c33919-08b3-4418-8d16-bdf8feb0286a,1,3776.426555
2026/02/04/14:27:53,apply-time,rs-001980-x5klr,e89a40ab-a99a-43c4-8e3e-89f9d2ec550a,1,3776.426555
2026/02/04/14:27:53,running-time,rs-001980-x5klr,e89a40ab-a99a-43c4-8e3e-89f9d2ec550a,1,3776.426555
2026/02/04/14:27:53,apply-time,rs-001981-wt7j2,a5a7d86e-d324-4a31-95bc-273d5536c367,3,3776.426555
2026/02/04/14:27:53,running-time,rs-001981-wt7j2,a5a7d86e-d324-4a31-95bc-273d5536c367,3,3776.426555
2026/02/04/14:27:54,apply-time,rs-001982-2qf8b,d818c23a-4f36-4f27-bd93-59f73d476c3a,3,3777.426555
2026/02/04/14:27:54,running-time,rs-001982-2qf8b,d818c23a-4f36-4f27-bd93-59f73d476c3a,3,3777.426555
2026/02/04/14:27:54,apply-time,rs-001982-5qmzk,3ab34bca-5b8e-4ead-a845-45e129f6b108,3,3777.426555
2026/02/04/14:27:54,apply-time,rs-001982-xrxww,19b298f1-fcbc-4613-93bc-fb5d51fc8a4c,3,3777.426555
2026/02/04/14:27:54,running-time,rs-001982-xrxww,19b298f1-fcbc-4613-93bc-fb5d51fc8a4c,3,3777.426555
2026/02/04/14:27:54,apply-time,rs-001983-79427,a74beebe-fa3c-4ca1-9ab6-06e02b16de2e,1,3777.426555
2026/02/04/14:27:54,running-time,rs-001983-79427,a74beebe-fa3c-4ca1-9ab6-06e02b16de2e,1,3777.426555
2026/02/04/14:27:54,apply-time,rs-001984-8gd94,25d915fe-6580-4d22-b021-7d70e02bad0c,3,3777.426555
2026/02/04/14:27:54,apply-time,rs-001984-vndj8,795f4343-2673-4997-9a99-d607372618d4,3,3777.426555
2026/02/04/14:27:54,apply-time,rs-001984-xmmql,e09a0bd6-6b84-4b03-b864-3262785eb2e7,3,3777.426555
2026/02/04/14:27:54,apply-time,rs-001985-97cqp,84813918-b476-4045-8a5b-7afeb33c0c5f,4,3777.426555
2026/02/04/14:27:54,apply-time,rs-001986-8q5xg,8f3f7c53-037c-4602-96bc-5ff7f6a30de8,1,3778.426555
2026/02/04/14:27:54,running-time,rs-001986-8q5xg,8f3f7c53-037c-4602-96bc-5ff7f6a30de8,1,3778.426555
2026/02/04/14:27:54,apply-time,rs-001987-2d25t,c5434903-fdf3-4e7f-9ec2-4d9d9196895b,4,3777.426555
2026/02/04/14:27:55,running-time,rs-001985-97cqp,84813918-b476-4045-8a5b-7afeb33c0c5f,4,3778.426555
2026/02/04/14:27:55,running-time,rs-001987-2d25t,c5434903-fdf3-4e7f-9ec2-4d9d9196895b,4,3778.426555
2026/02/04/14:27:56,running-time,rs-001984-8gd94,25d915fe-6580-4d22-b021-7d70e02bad0c,3,3779.426555
2026/02/04/14:27:56,running-time,rs-001984-vndj8,795f4343-2673-4997-9a99-d607372618d4,3,3779.426555
2026/02/04/14:27:56,running-time,rs-001984-xmmql,e09a0bd6-6b84-4b03-b864-3262785eb2e7,3,3779.426555
2026/02/04/14:27:58,apply-time,rs-001988-n47jb,67091f06-b5c7-4506-b588-e2c689b23db3,2,3781.426555
2026/02/04/14:27:58,running-time,rs-001988-n47jb,67091f06-b5c7-4506-b588-e2c689b23db3,2,3781.426555
2026/02/04/14:28:17,apply-time,rs-001989-6g99x,c025600b-ed49-41b3-b303-9cfbe1951623,1,3800.426555
2026/02/04/14:28:17,running-time,rs-001989-6g99x,c025600b-ed49-41b3-b303-9cfbe1951623,1,3800.426555
2026/02/04/14:28:17,apply-time,rs-001989-fqwtr,0ce612cb-e9cb-4dc0-b166-95740aa1ac41,1,3800.426555
2026/02/04/14:28:17,running-time,rs-001989-fqwtr,0ce612cb-e9cb-4dc0-b166-95740aa1ac41,1,3800.426555
2026/02/04/14:28:17,apply-time,rs-001990-jbvqd,d4408686-3c3c-4dc3-b793-20922aecb9c8,2,3800.426555
2026/02/04/14:28:17,running-time,rs-001990-jbvqd,d4408686-3c3c-4dc3-b793-20922aecb9c8,2,3800.426555
2026/02/04/14:28:17,apply-time,rs-001991-mtxqt,ea9f0260-8822-4442-b905-4d6e33ab4f68,1,3800.426555
2026/02/04/14:28:17,running-time,rs-001991-mtxqt,ea9f0260-8822-4442-b905-4d6e33ab4f68,1,3800.426555
2026/02/04/14:28:17,apply-time,rs-001991-vgcnh,b887e15d-0ee9-47cd-92a9-562907a514c2,1,3800.426555
2026/02/04/14:28:17,running-time,rs-001991-vgcnh,b887e15d-0ee9-47cd-92a9-562907a514c2,1,3800.426555
2026/02/04/14:28:17,apply-time,rs-001991-xnx9n,b2d65861-9290-43e5-b707-07b70e66006e,1,3800.426555
2026/02/04/14:28:17,running-time,rs-001991-xnx9n,b2d65861-9290-43e5-b707-07b70e66006e,1,3800.426555
2026/02/04/14:28:17,apply-time,rs-001992-jn744,9447c35c-bd3b-4392-ad69-96c551df18a9,1,3800.426555
2026/02/04/14:28:17,running-time,rs-001992-jn744,9447c35c-bd3b-4392-ad69-96c551df18a9,1,3800.426555
2026/02/04/14:28:19,apply-time,rs-001993-7kltf,16deaa8c-9a1d-4b18-bad9-b14de0eb716e,3,3803.426555
2026/02/04/14:28:19,running-time,rs-001993-7kltf,16deaa8c-9a1d-4b18-bad9-b14de0eb716e,3,3803.426555
2026/02/04/14:28:19,apply-time,rs-001994-6hpmg,ae8d771c-f5b6-4160-a3aa-7d69aeed6049,4,3803.426555
2026/02/04/14:28:19,running-time,rs-001994-6hpmg,ae8d771c-f5b6-4160-a3aa-7d69aeed6049,4,3803.426555
2026/02/04/14:28:19,apply-time,rs-001994-tblkp,bd23f8bd-7968-43ae-b40e-6f142979419a,4,3803.426555
2026/02/04/14:28:19,running-time,rs-001994-tblkp,bd23f8bd-7968-43ae-b40e-6f142979419a,4,3803.426555
2026/02/04/14:28:19,apply-time,rs-001995-29spv,1c38d5e7-c962-467f-a392-fb6a4b5a931d,4,3803.426555
2026/02/04/14:28:19,apply-time,rs-001995-lzsqz,40982939-c383-40dd-b1f3-82fc3c53b43b,4,3803.426555
2026/02/04/14:28:19,apply-time,rs-001995-q6qdw,e8b61a99-4137-4c46-a134-ee1cc8f7f4b5,4,3803.426555
2026/02/04/14:28:20,running-time,rs-001995-29spv,1c38d5e7-c962-467f-a392-fb6a4b5a931d,4,3803.426555
2026/02/04/14:28:20,running-time,rs-001995-lzsqz,40982939-c383-40dd-b1f3-82fc3c53b43b,4,3803.426555
2026/02/04/14:28:20,running-time,rs-001995-q6qdw,e8b61a99-4137-4c46-a134-ee1cc8f7f4b5,4,3803.426555
2026/02/04/14:28:20,apply-time,rs-001996-8bzdf,ccf989d2-7488-4eca-9bfa-0b6268dd7bc4,4,3803.426555
2026/02/04/14:28:20,apply-time,rs-001996-nzr94,c54b61ff-a679-4e8f-90bf-4aa105d49122,4,3803.426555
2026/02/04/14:28:21,running-time,rs-001996-8bzdf,ccf989d2-7488-4eca-9bfa-0b6268dd7bc4,4,3804.426555
2026/02/04/14:28:21,running-time,rs-001996-nzr94,c54b61ff-a679-4e8f-90bf-4aa105d49122,4,3804.426555
2026/02/04/14:28:21,apply-time,rs-001997-ls69f,b0819c4f-3bda-48d2-a014-e3a87a251379,2,3804.426555
2026/02/04/14:28:22,apply-time,rs-001998-ms5tk,e7fe8688-344f-4efe-993b-7fddb7a749cf,2,3805.426555
2026/02/04/14:28:22,apply-time,rs-001998-wgg59,eed698d5-9596-41f0-99a5-bbefbad55200,2,3805.426555
2026/02/04/14:28:22,apply-time,rs-001999-7xkwg,5f6c839b-ae4c-406b-b40d-0aec37a95cbf,3,3805.426555
2026/02/04/14:28:22,running-time,rs-001999-7xkwg,5f6c839b-ae4c-406b-b40d-0aec37a95cbf,3,3805.426555
2026/02/04/14:28:22,apply-time,rs-001999-rvbc5,8f6b3a8e-5ab8-4937-9857-dd1c487e821d,3,3805.426555
2026/02/04/14:28:22,running-time,rs-001999-rvbc5,8f6b3a8e-5ab8-4937-9857-dd1c487e821d,3,3805.426555
2026/02/04/14:28:22,apply-time,rs-001999-tjfdk,3a9997a2-4a40-40fc-b182-707335dc857f,3,3805.426555
2026/02/04/14:28:22,running-time,rs-001999-tjfdk,3a9997a2-4a40-40fc-b182-707335dc857f,3,3805.426555
2026/02/04/14:28:22,apply-time,rs-002000-2wt9r,31eeabf4-7a85-42c0-bd48-7fdede22dc6b,1,3805.426555
2026/02/04/14:28:22,running-time,rs-002000-2wt9r,31eeabf4-7a85-42c0-bd48-7fdede22dc6b,1,3805.426555
2026/02/04/14:28:22,apply-time,rs-002000-qrkfx,084029a3-252f-4e80-8575-c55f2151c56d,1,3805.426555
2026/02/04/14:28:22,running-time,rs-002000-qrkfx,084029a3-252f-4e80-8575-c55f2151c56d,1,3805.426555
2026/02/04/14:28:22,apply-time,rs-002000-xb2vs,a3bb9029-df09-4d4e-af54-7b7447db5e33,1,3805.426555
2026/02/04/14:28:22,running-time,rs-002000-xb2vs,a3bb9029-df09-4d4e-af54-7b7447db5e33,1,3805.426555
2026/02/04/14:28:24,running-time,rs-001997-ls69f,b0819c4f-3bda-48d2-a014-e3a87a251379,2,3807.426555
2026/02/04/14:28:25,apply-time,rs-002001-9pmbj,38472cae-46e4-4c72-a150-e4a508184f82,3,3808.426555
2026/02/04/14:28:25,apply-time,rs-002001-xn2nq,e1a6b321-f203-447d-b9ac-be384717a2af,3,3808.426555
2026/02/04/14:28:25,apply-time,rs-002002-8fws8,3570e7fe-9050-4fbb-8313-e607f1f78144,3,3808.426555
2026/02/04/14:28:25,running-time,rs-002002-8fws8,3570e7fe-9050-4fbb-8313-e607f1f78144,3,3808.426555
2026/02/04/14:28:25,apply-time,rs-002002-dx9n5,07680bb5-eae8-4c82-a031-68b7d63be801,3,3808.426555
2026/02/04/14:28:25,running-time,rs-002002-dx9n5,07680bb5-eae8-4c82-a031-68b7d63be801,3,3808.426555
2026/02/04/14:28:25,apply-time,rs-002002-wwrkz,64f30979-af17-4bb6-9ebd-6fbe7180c8c1,3,3808.426555
2026/02/04/14:28:25,running-time,rs-002002-wwrkz,64f30979-af17-4bb6-9ebd-6fbe7180c8c1,3,3808.426555
2026/02/04/14:28:25,apply-time,rs-002003-2vvx2,c178a758-58e6-4280-a81c-bc899e2bd338,2,3808.426555
2026/02/04/14:28:25,running-time,rs-002003-2vvx2,c178a758-58e6-4280-a81c-bc899e2bd338,2,3808.426555
2026/02/04/14:28:25,apply-time,rs-002004-7pq6c,dd62444f-63c9-4f3e-abb8-c3d87af9f235,2,3808.426555
2026/02/04/14:28:25,running-time,rs-002004-7pq6c,dd62444f-63c9-4f3e-abb8-c3d87af9f235,2,3808.426555
2026/02/04/14:28:25,apply-time,rs-002004-k4bfl,cbeb7939-42ca-4591-8588-2699737b1f55,2,3808.426555
2026/02/04/14:28:25,running-time,rs-002004-k4bfl,cbeb7939-42ca-4591-8588-2699737b1f55,2,3808.426555
2026/02/04/14:28:29,running-time,rs-002001-xn2nq,e1a6b321-f203-447d-b9ac-be384717a2af,3,3812.426555
2026/02/04/14:28:33,running-time,rs-002001-9pmbj,38472cae-46e4-4c72-a150-e4a508184f82,3,3816.426555
2026/02/04/14:28:40,apply-time,rs-002005-5gwkn,d74712b5-9df8-474a-9ac6-31cb1b1c34d1,2,3823.426555
2026/02/04/14:28:40,running-time,rs-002005-5gwkn,d74712b5-9df8-474a-9ac6-31cb1b1c34d1,2,3823.426555
2026/02/04/14:28:40,apply-time,rs-002005-948l2,8c8219d0-1bb9-4514-a858-6ddc068fefc0,2,3823.426555
2026/02/04/14:28:40,running-time,rs-002005-948l2,8c8219d0-1bb9-4514-a858-6ddc068fefc0,2,3823.426555
2026/02/04/14:28:40,apply-time,rs-002006-2zb7g,6785ae0d-4620-46a5-8877-39b0bef341f5,2,3823.426555
2026/02/04/14:28:40,apply-time,rs-002006-rlqd4,cc7c7935-35f8-4a48-9e1e-1fe271410478,2,3823.426555
2026/02/04/14:28:40,apply-time,rs-002007-2k9zj,92a40c70-efc7-40e4-9b67-6ffa176fccf4,3,3823.426555
2026/02/04/14:28:40,running-time,rs-002007-2k9zj,92a40c70-efc7-40e4-9b67-6ffa176fccf4,3,3823.426555
2026/02/04/14:28:40,apply-time,rs-002007-7769z,6f672741-fc41-4cde-8873-57dd1514f75a,3,3823.426555
2026/02/04/14:28:40,running-time,rs-002007-7769z,6f672741-fc41-4cde-8873-57dd1514f75a,3,3823.426555
2026/02/04/14:28:40,apply-time,rs-002007-7f4sl,0b4232ba-1118-4665-abb9-198cc2858add,3,3823.426555
2026/02/04/14:28:40,running-time,rs-002007-7f4sl,0b4232ba-1118-4665-abb9-198cc2858add,3,3823.426555
2026/02/04/14:28:40,apply-time,rs-002008-5zqk9,2f7a7654-47ec-4731-9e15-8858020a88e0,1,3823.426555
2026/02/04/14:28:40,running-time,rs-002008-5zqk9,2f7a7654-47ec-4731-9e15-8858020a88e0,1,3823.426555
2026/02/04/14:28:40,apply-time,rs-002008-m7h4w,c1d06a43-a368-4b2c-bb4c-2aefa472ddd7,1,3823.426555
2026/02/04/14:28:40,running-time,rs-002008-m7h4w,c1d06a43-a368-4b2c-bb4c-2aefa472ddd7,1,3823.426555
2026/02/04/14:28:42,apply-time,rs-002009-6vssm,9fd90743-3c56-4935-83ba-86127fcf7948,3,3825.426555
2026/02/04/14:28:42,running-time,rs-002009-6vssm,9fd90743-3c56-4935-83ba-86127fcf7948,3,3825.426555
2026/02/04/14:28:42,apply-time,rs-002010-pqwgd,dd8d7bfe-c8e5-4f00-a6dd-79d47709cd30,4,3825.426555
2026/02/04/14:28:42,running-time,rs-002010-pqwgd,dd8d7bfe-c8e5-4f00-a6dd-79d47709cd30,4,3825.426555
2026/02/04/14:28:42,apply-time,rs-002011-qt2f2,61216f15-dcee-421f-8a9f-661c415bacd0,1,3825.426555
2026/02/04/14:28:42,apply-time,rs-002012-49ldx,117a1279-e235-487f-a926-e85747433493,2,3825.426555
2026/02/04/14:28:42,apply-time,rs-002012-clz4r,a235965a-53ae-4553-adfc-96e8aa699f67,2,3825.426555
2026/02/04/14:28:42,apply-time,rs-002012-t7522,f8f99fe4-75c8-48ac-b3b6-5938eef21060,2,3825.426555
2026/02/04/14:28:42,apply-time,rs-002013-2dgg6,73c14d28-c9b3-42be-9934-e98ff9099b65,2,3825.426555
2026/02/04/14:28:42,running-time,rs-002013-2dgg6,73c14d28-c9b3-42be-9934-e98ff9099b65,2,3825.426555
2026/02/04/14:28:42,apply-time,rs-002013-9xmr5,b09690f2-1dcf-4f7c-9a04-84f271726020,2,3825.426555
2026/02/04/14:28:42,running-time,rs-002013-9xmr5,b09690f2-1dcf-4f7c-9a04-84f271726020,2,3825.426555
2026/02/04/14:28:46,running-time,rs-002012-49ldx,117a1279-e235-487f-a926-e85747433493,2,3829.426555
2026/02/04/14:28:46,running-time,rs-002012-clz4r,a235965a-53ae-4553-adfc-96e8aa699f67,2,3829.426555
2026/02/04/14:29:00,apply-time,rs-002014-462lk,5a4bba5c-52c8-432a-af03-173f52db3e29,1,3843.426555
2026/02/04/14:29:00,running-time,rs-002014-462lk,5a4bba5c-52c8-432a-af03-173f52db3e29,1,3843.426555
2026/02/04/14:29:00,apply-time,rs-002016-kv8fr,65c1caa4-5f87-4018-a1f0-ae6aa3b93e9c,1,3844.426555
2026/02/04/14:29:01,apply-time,rs-002015-8f7r7,9274b8dd-dfb1-477b-9813-b95b11accb20,3,3844.426555
2026/02/04/14:29:01,running-time,rs-002015-8f7r7,9274b8dd-dfb1-477b-9813-b95b11accb20,3,3844.426555
2026/02/04/14:29:01,apply-time,rs-002015-rmn96,fc27339c-99ae-43fd-9001-62196a432c86,3,3844.426555
2026/02/04/14:29:01,running-time,rs-002015-rmn96,fc27339c-99ae-43fd-9001-62196a432c86,3,3844.426555
2026/02/04/14:29:01,running-time,rs-002016-kv8fr,65c1caa4-5f87-4018-a1f0-ae6aa3b93e9c,1,3844.426555
2026/02/04/14:29:03,apply-time,rs-002017-26w9f,14fc86e7-4418-4e9e-921d-812057b1d803,4,3846.426555
2026/02/04/14:29:03,running-time,rs-002017-26w9f,14fc86e7-4418-4e9e-921d-812057b1d803,4,3846.426555
2026/02/04/14:29:03,apply-time,rs-002017-g5qcx,03a72373-33b3-4241-8630-94dbfd360dfa,4,3846.426555
2026/02/04/14:29:03,apply-time,rs-002017-gb9w5,55de2058-7d3f-4872-ae06-853547053bdf,4,3846.426555
2026/02/04/14:29:03,running-time,rs-002017-gb9w5,55de2058-7d3f-4872-ae06-853547053bdf,4,3846.426555
2026/02/04/14:29:03,apply-time,rs-002018-bn5qf,90d68f46-5b27-456e-82cb-5f8ae87f5647,1,3846.426555
2026/02/04/14:29:03,running-time,rs-002018-bn5qf,90d68f46-5b27-456e-82cb-5f8ae87f5647,1,3846.426555
2026/02/04/14:29:03,apply-time,rs-002018-zpp7p,711239a6-418a-4cd8-8a74-940bd762da7c,1,3846.426555
2026/02/04/14:29:03,running-time,rs-002018-zpp7p,711239a6-418a-4cd8-8a74-940bd762da7c,1,3846.426555
2026/02/04/14:29:03,apply-time,rs-002019-8vq9n,6727e0a7-d90f-45b2-a23c-da545b184ada,2,3846.426555
2026/02/04/14:29:03,running-time,rs-002019-8vq9n,6727e0a7-d90f-45b2-a23c-da545b184ada,2,3846.426555
2026/02/04/14:29:03,apply-time,rs-002019-z7rft,86bfe30e-8fb1-404e-97fe-78878619d402,2,3846.426555
2026/02/04/14:29:03,apply-time,rs-002020-9zbdv,7e6560fa-b062-4e52-8dfd-5e7a2f093771,4,3846.426555
2026/02/04/14:29:03,running-time,rs-002020-9zbdv,7e6560fa-b062-4e52-8dfd-5e7a2f093771,4,3846.426555
2026/02/04/14:29:03,apply-time,rs-002021-7qr6b,ef190424-bccf-4fd1-86ee-e566d55a5ab5,4,3846.426555
2026/02/04/14:29:03,running-time,rs-002021-7qr6b,ef190424-bccf-4fd1-86ee-e566d55a5ab5,4,3846.426555
2026/02/04/14:29:03,apply-time,rs-002021-bzzcc,da830550-3699-4a2e-862b-1d892a8dae53,4,3846.426555
2026/02/04/14:29:03,running-time,rs-002021-bzzcc,da830550-3699-4a2e-862b-1d892a8dae53,4,3846.426555
2026/02/04/14:29:03,apply-time,rs-002022-9x94f,e44cc65f-6caa-414e-92d5-bb693d282551,1,3846.426555
2026/02/04/14:29:03,running-time,rs-002022-9x94f,e44cc65f-6caa-414e-92d5-bb693d282551,1,3846.426555
2026/02/04/14:29:03,apply-time,rs-002022-cpls9,9d68bbb2-53dc-496a-a2d6-e0abd842ab49,1,3846.426555
2026/02/04/14:29:03,running-time,rs-002022-cpls9,9d68bbb2-53dc-496a-a2d6-e0abd842ab49,1,3846.426555
2026/02/04/14:29:03,apply-time,rs-002022-d8kfh,24ba0228-5dd0-4c8d-9f53-c323cf0e8e0f,1,3846.426555
2026/02/04/14:29:03,running-time,rs-002022-d8kfh,24ba0228-5dd0-4c8d-9f53-c323cf0e8e0f,1,3846.426555
2026/02/04/14:29:05,running-time,rs-002019-z7rft,86bfe30e-8fb1-404e-97fe-78878619d402,2,3848.426555
2026/02/04/14:29:05,apply-time,rs-002023-g4vd2,a19f4d42-de29-4f14-9009-b0f9e63c07d7,2,3848.426555
2026/02/04/14:29:05,running-time,rs-002023-g4vd2,a19f4d42-de29-4f14-9009-b0f9e63c07d7,2,3848.426555
2026/02/04/14:29:05,apply-time,rs-002024-8gjdr,b98c8756-0f84-463f-9241-19df34abbe71,1,3848.426555
2026/02/04/14:29:05,running-time,rs-002024-8gjdr,b98c8756-0f84-463f-9241-19df34abbe71,1,3848.426555
2026/02/04/14:29:05,apply-time,rs-002024-k2z5s,370a8165-9ce5-4666-9092-8e4612725c9c,1,3848.426555
2026/02/04/14:29:05,apply-time,rs-002024-sv7vf,806a1787-f1f8-44ed-8297-65a9085b6489,1,3848.426555
2026/02/04/14:29:05,running-time,rs-002024-sv7vf,806a1787-f1f8-44ed-8297-65a9085b6489,1,3848.426555
2026/02/04/14:29:05,apply-time,rs-002025-gzlx5,24e41592-cddb-41c8-a26d-446ae1fa2125,3,3848.426555
2026/02/04/14:29:05,apply-time,rs-002025-hgzs2,9ee7faa1-3d07-4eb3-bd10-93e9065cfb54,3,3848.426555
2026/02/04/14:29:05,apply-time,rs-002025-vwlvn,3fc7f7fe-2f7b-4553-934d-9282f528cb77,3,3848.426555
2026/02/04/14:29:05,apply-time,rs-002026-swh4c,60a0567c-f13d-4951-bbf6-09386a9122b4,3,3849.426555
2026/02/04/14:29:06,running-time,rs-002024-k2z5s,370a8165-9ce5-4666-9092-8e4612725c9c,1,3849.426555
2026/02/04/14:29:08,running-time,rs-002025-hgzs2,9ee7faa1-3d07-4eb3-bd10-93e9065cfb54,3,3851.426555
2026/02/04/14:29:09,running-time,rs-002025-vwlvn,3fc7f7fe-2f7b-4553-934d-9282f528cb77,3,3852.426555
2026/02/04/14:29:09,apply-time,rs-002027-j4flx,7a7ffa9d-e68c-44b3-8a48-88c4c6369ef1,3,3852.426555
2026/02/04/14:29:09,running-time,rs-002027-j4flx,7a7ffa9d-e68c-44b3-8a48-88c4c6369ef1,3,3852.426555
2026/02/04/14:29:09,apply-time,rs-002027-r2ds7,af1bd763-bc28-46de-9bf1-acf2cdabc627,3,3852.426555
2026/02/04/14:29:09,running-time,rs-002027-r2ds7,af1bd763-bc28-46de-9bf1-acf2cdabc627,3,3852.426555
2026/02/04/14:29:09,apply-time,rs-002028-t9s22,7a23177f-acce-4241-96f2-d62eb76af853,3,3852.426555
2026/02/04/14:29:09,running-time,rs-002028-t9s22,7a23177f-acce-4241-96f2-d62eb76af853,3,3852.426555
2026/02/04/14:29:09,apply-time,rs-002028-x598l,5a0b0266-9942-44e5-b2e7-c757878ac065,3,3852.426555
2026/02/04/14:29:09,running-time,rs-002028-x598l,5a0b0266-9942-44e5-b2e7-c757878ac065,3,3852.426555
2026/02/04/14:29:09,apply-time,rs-002029-w9n8m,56849ce1-3d0e-49fa-9dbe-54b154a1ddbf,1,3852.426555
2026/02/04/14:29:09,apply-time,rs-002030-gmhwk,7dd83d3c-2777-4ee3-b6bd-5a16fb99fd83,2,3852.426555
2026/02/04/14:29:10,apply-time,rs-002031-552qg,f652e3b7-61a3-450b-9df5-7bc1ec72b2bc,3,3853.426555
2026/02/04/14:29:10,apply-time,rs-002031-jts78,e30c7305-23d5-4d39-9ffc-88b2befe5d34,3,3853.426555
2026/02/04/14:29:10,apply-time,rs-002032-57dxv,3d66d24f-80ee-44bc-8524-b85ae9ac7af7,3,3853.426555
2026/02/04/14:29:10,running-time,rs-002032-57dxv,3d66d24f-80ee-44bc-8524-b85ae9ac7af7,3,3853.426555
2026/02/04/14:29:10,apply-time,rs-002032-924rd,adf41a75-1b36-4a30-bef0-4b3f29a46930,3,3853.426555
2026/02/04/14:29:10,running-time,rs-002032-924rd,adf41a75-1b36-4a30-bef0-4b3f29a46930,3,3853.426555
2026/02/04/14:29:10,apply-time,rs-002033-5d6st,2bb82aeb-5e25-4c9c-be52-607d82f19a8c,4,3853.426555
2026/02/04/14:29:10,running-time,rs-002033-5d6st,2bb82aeb-5e25-4c9c-be52-607d82f19a8c,4,3853.426555
2026/02/04/14:29:10,apply-time,rs-002033-6rrdz,d503cb8d-8535-4638-9d11-6eaaced9b3f0,4,3853.426555
2026/02/04/14:29:10,running-time,rs-002033-6rrdz,d503cb8d-8535-4638-9d11-6eaaced9b3f0,4,3853.426555
2026/02/04/14:29:10,apply-time,rs-002033-94qfh,bee5677a-311a-4ecb-a781-a7bdb15ff49c,4,3853.426555
2026/02/04/14:29:10,running-time,rs-002033-94qfh,bee5677a-311a-4ecb-a781-a7bdb15ff49c,4,3853.426555
2026/02/04/14:29:10,apply-time,rs-002034-db2t8,02559767-90dc-45b9-b71d-93cb8fa58c79,1,3853.426555
2026/02/04/14:29:11,running-time,rs-002034-db2t8,02559767-90dc-45b9-b71d-93cb8fa58c79,1,3854.426555
2026/02/04/14:29:12,running-time,rs-002031-jts78,e30c7305-23d5-4d39-9ffc-88b2befe5d34,3,3855.426555
2026/02/04/14:29:14,running-time,rs-002025-gzlx5,24e41592-cddb-41c8-a26d-446ae1fa2125,3,3857.426555
2026/02/04/14:29:18,apply-time,rs-002035-7xqgt,45787a20-945f-44e8-b372-4b84501b8d01,2,3861.426555
2026/02/04/14:29:18,running-time,rs-002035-7xqgt,45787a20-945f-44e8-b372-4b84501b8d01,2,3861.426555
2026/02/04/14:29:18,apply-time,rs-002035-cjrjt,f4557425-6aa8-46f6-aabb-256d1f7b66e1,2,3861.426555
2026/02/04/14:29:18,running-time,rs-002035-cjrjt,f4557425-6aa8-46f6-aabb-256d1f7b66e1,2,3861.426555
2026/02/04/14:29:19,apply-time,rs-002036-fqbmp,588237e4-a148-4364-b616-21cc883b3e4a,4,3862.426555
2026/02/04/14:29:19,apply-time,rs-002036-sgzt9,6716877c-9ce9-4517-8377-52df437bdad1,4,3862.426555
2026/02/04/14:29:43,apply-time,rs-002037-dqcpd,a5ab206a-0f2f-4e00-b52a-6bc984680d2a,1,3886.426555
2026/02/04/14:29:43,running-time,rs-002037-dqcpd,a5ab206a-0f2f-4e00-b52a-6bc984680d2a,1,3886.426555
2026/02/04/14:29:43,apply-time,rs-002037-l5ztb,0c73ffc5-d33a-4af3-bb31-c31834f69afd,1,3886.426555
2026/02/04/14:29:43,running-time,rs-002037-l5ztb,0c73ffc5-d33a-4af3-bb31-c31834f69afd,1,3886.426555
2026/02/04/14:29:43,apply-time,rs-002037-xmf65,cb7d305c-ef57-4fa2-b962-c8a85b8aea71,1,3886.426555
2026/02/04/14:29:43,running-time,rs-002037-xmf65,cb7d305c-ef57-4fa2-b962-c8a85b8aea71,1,3886.426555
2026/02/04/14:29:44,apply-time,rs-002038-hrz8h,8737d83c-0ba6-44c5-8bf3-6ede5da14392,1,3887.426555
2026/02/04/14:29:45,apply-time,rs-002039-j6hxz,99764805-4181-4c60-a9b8-d2294b3e500e,1,3888.426555
2026/02/04/14:29:45,apply-time,rs-002040-fn7tx,a9b46ee8-6a78-4e9c-9fec-a8da38658731,2,3888.426555
2026/02/04/14:29:45,running-time,rs-002040-fn7tx,a9b46ee8-6a78-4e9c-9fec-a8da38658731,2,3888.426555
2026/02/04/14:29:45,apply-time,rs-002040-jmlw2,d2bd0b1d-7507-44a6-a7f3-f614d42c4332,2,3888.426555
2026/02/04/14:29:45,running-time,rs-002040-jmlw2,d2bd0b1d-7507-44a6-a7f3-f614d42c4332,2,3888.426555
2026/02/04/14:29:45,apply-time,rs-002040-z6jcx,3e449a32-cc14-4e70-9730-ae23ad9d28cb,2,3888.426555
2026/02/04/14:29:45,running-time,rs-002040-z6jcx,3e449a32-cc14-4e70-9730-ae23ad9d28cb,2,3888.426555
2026/02/04/14:29:46,running-time,rs-002038-hrz8h,8737d83c-0ba6-44c5-8bf3-6ede5da14392,1,3889.426555
2026/02/04/14:29:46,running-time,rs-002039-j6hxz,99764805-4181-4c60-a9b8-d2294b3e500e,1,3889.426555
2026/02/04/14:29:51,apply-time,rs-002041-vghts,3ea8f8f1-47a3-4d81-9ef9-659195a82538,1,3894.426555
2026/02/04/14:29:51,running-time,rs-002041-vghts,3ea8f8f1-47a3-4d81-9ef9-659195a82538,1,3894.426555
2026/02/04/14:29:51,apply-time,rs-002042-sq9ss,2e2c2b46-e642-4a18-b7fd-9736b6bbefb5,1,3894.426555
2026/02/04/14:29:51,apply-time,rs-002042-t82cn,59b0d01a-ebe4-4f7c-af52-5157b1c37e4f,1,3894.426555
2026/02/04/14:29:52,running-time,rs-002042-sq9ss,2e2c2b46-e642-4a18-b7fd-9736b6bbefb5,1,3895.426555
2026/02/04/14:30:01,running-time,rs-002042-t82cn,59b0d01a-ebe4-4f7c-af52-5157b1c37e4f,1,3904.426555
2026/02/04/14:30:03,apply-time,rs-002043-7586b,e4a38092-b5d8-4ee2-ae85-5b5166e7e50d,2,3907.426555
2026/02/04/14:30:03,running-time,rs-002043-7586b,e4a38092-b5d8-4ee2-ae85-5b5166e7e50d,2,3907.426555
2026/02/04/14:30:03,apply-time,rs-002043-ffh8x,8598cab4-b330-4a17-8b80-013a032f6ce1,2,3907.426555
2026/02/04/14:30:03,running-time,rs-002043-ffh8x,8598cab4-b330-4a17-8b80-013a032f6ce1,2,3907.426555
2026/02/04/14:30:03,apply-time,rs-002044-lzft5,64213dd3-2a0b-4e5b-8ce6-1edee6c2f4a0,2,3907.426555
2026/02/04/14:30:03,running-time,rs-002044-lzft5,64213dd3-2a0b-4e5b-8ce6-1edee6c2f4a0,2,3907.426555
2026/02/04/14:30:03,apply-time,rs-002045-96p2x,d980d02b-d484-4f5a-ac88-f1dcc7bab287,2,3907.426555
2026/02/04/14:30:03,running-time,rs-002045-96p2x,d980d02b-d484-4f5a-ac88-f1dcc7bab287,2,3907.426555
2026/02/04/14:30:03,apply-time,rs-002045-cdctz,4eed87b4-00b0-4593-8ba6-af6967261cb3,2,3907.426555
2026/02/04/14:30:03,running-time,rs-002045-cdctz,4eed87b4-00b0-4593-8ba6-af6967261cb3,2,3907.426555
2026/02/04/14:30:03,apply-time,rs-002046-k9pnp,a3de2a8c-5c0a-4fb6-97fc-0804019bbef0,4,3907.426555
2026/02/04/14:30:03,apply-time,rs-002046-t5dc8,76649348-1d7e-441c-9eff-a72a7f682a60,4,3907.426555
2026/02/04/14:30:04,apply-time,rs-002047-542f8,e0195ea5-868c-40fc-8fd5-3226d1fbb801,3,3908.426555
2026/02/04/14:30:04,running-time,rs-002047-542f8,e0195ea5-868c-40fc-8fd5-3226d1fbb801,3,3908.426555
2026/02/04/14:30:04,apply-time,rs-002048-7qhkf,f9141aae-86b4-4a8d-ab85-60950abaf4e4,1,3908.426555
2026/02/04/14:30:04,apply-time,rs-002048-kr7z8,8de5bf10-5f22-449c-8461-def76a530ec0,1,3908.426555
2026/02/04/14:30:04,apply-time,rs-002048-rhnlr,11da7643-056b-4ed4-b2d9-709dbe0b2120,1,3908.426555
2026/02/04/14:30:05,running-time,rs-002048-7qhkf,f9141aae-86b4-4a8d-ab85-60950abaf4e4,1,3908.426555
2026/02/04/14:30:05,running-time,rs-002048-kr7z8,8de5bf10-5f22-449c-8461-def76a530ec0,1,3908.426555
2026/02/04/14:30:05,running-time,rs-002048-rhnlr,11da7643-056b-4ed4-b2d9-709dbe0b2120,1,3908.426555
2026/02/04/14:30:05,apply-time,rs-002049-5vh4q,41371251-e19a-4499-91d9-ceb3cab43de1,2,3908.426555
2026/02/04/14:30:05,running-time,rs-002049-5vh4q,41371251-e19a-4499-91d9-ceb3cab43de1,2,3909.426555
2026/02/04/14:30:05,apply-time,rs-002049-w885s,f7dddf69-a804-4cec-8773-f359f14762fd,2,3908.426555
2026/02/04/14:30:05,apply-time,rs-002050-5dlf8,05dc6212-dbf2-48da-b608-1248ce83fddd,2,3908.426555
2026/02/04/14:30:05,apply-time,rs-002050-xdhfp,182c6f83-3cb2-4b42-ac66-0bf5e5caee06,2,3908.426555
2026/02/04/14:30:05,apply-time,rs-002050-xw87d,731f24b7-2ac4-4617-b4aa-d83137da6e22,2,3908.426555
2026/02/04/14:30:05,apply-time,rs-002051-j9pc2,253c15b3-a459-4487-bf03-6e17667882ac,4,3908.426555
2026/02/04/14:30:05,running-time,rs-002051-j9pc2,253c15b3-a459-4487-bf03-6e17667882ac,4,3908.426555
2026/02/04/14:30:05,apply-time,rs-002052-d2ztn,ca561d5b-a8cf-418a-8866-00793238ea69,1,3909.426555
2026/02/04/14:30:05,running-time,rs-002052-d2ztn,ca561d5b-a8cf-418a-8866-00793238ea69,1,3909.426555
2026/02/04/14:30:05,apply-time,rs-002053-7fr62,0066d5a3-e710-4d91-859b-8823f93d5fc0,3,3909.426555
2026/02/04/14:30:06,apply-time,rs-002052-2npbs,d64e9276-c1db-4f0d-807a-39027abf8275,1,3909.426555
2026/02/04/14:30:06,apply-time,rs-002052-f2qm6,e8999f37-0bcd-415c-ad28-906557e0188b,1,3909.426555
2026/02/04/14:30:06,apply-time,rs-002053-8srnw,b8f917a7-74df-4ad0-8bf4-0571c11f38b8,3,3909.426555
2026/02/04/14:30:06,apply-time,rs-002054-bmhq6,a71edd3c-6b67-4a1f-97c1-e4a2f0ec3956,1,3910.426555
2026/02/04/14:30:06,apply-time,rs-002054-dc58q,801abb20-17e1-4505-9653-5e5ad4f627aa,1,3909.426555
2026/02/04/14:30:06,apply-time,rs-002054-gg89q,f7711c27-2eba-4513-a856-9c2c52b8540f,1,3910.426555
2026/02/04/14:30:06,apply-time,rs-002055-8rnlp,012d1031-649c-41e7-90ca-dacd4170181e,3,3909.426555
2026/02/04/14:30:06,running-time,rs-002055-8rnlp,012d1031-649c-41e7-90ca-dacd4170181e,3,3909.426555
2026/02/04/14:30:06,apply-time,rs-002056-hdhpn,1d0f11f5-7322-4fa6-886c-cd825242087d,3,3909.426555
2026/02/04/14:30:06,apply-time,rs-002056-jxjv5,c7d4bc03-c6f0-499d-9a01-35268d89fb66,3,3909.426555
2026/02/04/14:30:06,apply-time,rs-002056-xfcgd,8c0189fb-76a4-4687-8785-fc2042b58673,3,3909.426555
2026/02/04/14:30:06,apply-time,rs-002057-bvcqd,b087dd4b-281a-4c6d-9a3d-eca32a81befa,1,3909.426555
2026/02/04/14:30:06,running-time,rs-002057-bvcqd,b087dd4b-281a-4c6d-9a3d-eca32a81befa,1,3909.426555
2026/02/04/14:30:06,apply-time,rs-002057-nvh45,e9b2b1a2-6240-4e9e-a9cb-e71a797f18ab,1,3910.426555
2026/02/04/14:30:06,running-time,rs-002057-nvh45,e9b2b1a2-6240-4e9e-a9cb-e71a797f18ab,1,3910.426555
2026/02/04/14:30:07,running-time,rs-002052-f2qm6,e8999f37-0bcd-415c-ad28-906557e0188b,1,3911.426555
2026/02/04/14:30:08,apply-time,rs-002058-4dwxc,1d5e0a46-913c-4ac7-b140-6eb2f937516f,4,3912.426555
2026/02/04/14:30:11,running-time,rs-002054-bmhq6,a71edd3c-6b67-4a1f-97c1-e4a2f0ec3956,1,3914.426555
2026/02/04/14:30:14,apply-time,rs-002059-2p9cn,4aaac479-0fdd-41ed-bf81-dd9873475dd5,4,3918.426555
2026/02/04/14:30:14,running-time,rs-002059-2p9cn,4aaac479-0fdd-41ed-bf81-dd9873475dd5,4,3918.426555
2026/02/04/14:30:14,apply-time,rs-002060-q67md,5c3343af-0881-4686-bde4-bc781dfc7077,1,3918.426555
2026/02/04/14:30:14,running-time,rs-002060-q67md,5c3343af-0881-4686-bde4-bc781dfc7077,1,3918.426555
2026/02/04/14:30:14,apply-time,rs-002061-929qg,d87fc9fd-0159-492e-809b-ad3f6a1c64c5,4,3918.426555
2026/02/04/14:30:14,running-time,rs-002061-929qg,d87fc9fd-0159-492e-809b-ad3f6a1c64c5,4,3918.426555
2026/02/04/14:30:14,apply-time,rs-002061-d2s8g,f43691cf-9299-4e47-9f4f-5c9aecc0ed0a,4,3918.426555
2026/02/04/14:30:14,running-time,rs-002061-d2s8g,f43691cf-9299-4e47-9f4f-5c9aecc0ed0a,4,3918.426555
2026/02/04/14:30:14,apply-time,rs-002061-l4fcv,52e2c9a6-f861-4712-bd71-0188433e3b1f,4,3918.426555
2026/02/04/14:30:14,running-time,rs-002061-l4fcv,52e2c9a6-f861-4712-bd71-0188433e3b1f,4,3918.426555
2026/02/04/14:30:14,apply-time,rs-002062-b8crx,8e3b08c8-8f10-4d9c-9fef-5d3b586babda,2,3918.426555
2026/02/04/14:30:14,running-time,rs-002062-b8crx,8e3b08c8-8f10-4d9c-9fef-5d3b586babda,2,3918.426555
2026/02/04/14:30:14,apply-time,rs-002062-ngnmh,fece7465-d194-4a3e-bffc-3d943c1039a1,2,3918.426555
2026/02/04/14:30:14,running-time,rs-002062-ngnmh,fece7465-d194-4a3e-bffc-3d943c1039a1,2,3918.426555
2026/02/04/14:30:18,apply-time,rs-002063-5kj9m,9f28d115-1319-45e8-b449-bed35af99f9f,3,3921.426555
2026/02/04/14:30:18,running-time,rs-002063-5kj9m,9f28d115-1319-45e8-b449-bed35af99f9f,3,3921.426555
2026/02/04/14:30:18,apply-time,rs-002063-6j8s8,cfd2f2ff-6984-4f47-979e-06f23092b121,3,3921.426555
2026/02/04/14:30:18,running-time,rs-002063-6j8s8,cfd2f2ff-6984-4f47-979e-06f23092b121,3,3922.426555
2026/02/04/14:30:18,apply-time,rs-002063-hl69v,093821db-419f-4104-aef3-a8a8f1cf8df5,3,3921.426555
2026/02/04/14:30:18,running-time,rs-002063-hl69v,093821db-419f-4104-aef3-a8a8f1cf8df5,3,3922.426555
2026/02/04/14:30:18,apply-time,rs-002064-2nfft,c7b79927-04f1-4095-a077-63ac030ba702,1,3922.426555
2026/02/04/14:30:18,running-time,rs-002064-2nfft,c7b79927-04f1-4095-a077-63ac030ba702,1,3922.426555
2026/02/04/14:30:18,apply-time,rs-002064-9xfzm,01e2d6ab-9c57-476b-86a0-8873bcef1025,1,3922.426555
2026/02/04/14:30:18,running-time,rs-002064-9xfzm,01e2d6ab-9c57-476b-86a0-8873bcef1025,1,3922.426555
2026/02/04/14:30:18,apply-time,rs-002064-g4w6k,776f084c-aa63-4ecc-a60e-a8f9f77b34f1,1,3922.426555
2026/02/04/14:30:18,running-time,rs-002064-g4w6k,776f084c-aa63-4ecc-a60e-a8f9f77b34f1,1,3922.426555
2026/02/04/14:30:18,apply-time,rs-002065-4gsv2,9ae7bd84-5045-4617-bfe1-0bbd7ea92760,1,3922.426555
2026/02/04/14:30:18,running-time,rs-002065-4gsv2,9ae7bd84-5045-4617-bfe1-0bbd7ea92760,1,3922.426555
2026/02/04/14:30:18,apply-time,rs-002065-d7988,2e772bd2-fcb5-442c-b9e8-949fc2b6fc7f,1,3922.426555
2026/02/04/14:30:18,running-time,rs-002065-d7988,2e772bd2-fcb5-442c-b9e8-949fc2b6fc7f,1,3922.426555
2026/02/04/14:30:18,apply-time,rs-002065-rwxmx,3394b670-5396-458b-af11-c4c059e94fc1,1,3922.426555
2026/02/04/14:30:18,running-time,rs-002065-rwxmx,3394b670-5396-458b-af11-c4c059e94fc1,1,3922.426555
2026/02/04/14:30:18,apply-time,rs-002066-ldfc8,62a4088a-e177-428b-808f-29185b7e8a81,4,3922.426555
2026/02/04/14:30:18,apply-time,rs-002067-mlmkf,7bb14b34-14ac-48d8-ad97-f086f61b28f0,3,3922.426555
2026/02/04/14:30:23,running-time,rs-002054-dc58q,801abb20-17e1-4505-9653-5e5ad4f627aa,1,3926.426555
2026/02/04/14:30:23,running-time,rs-002054-gg89q,f7711c27-2eba-4513-a856-9c2c52b8540f,1,3926.426555
2026/02/04/14:30:23,running-time,rs-002066-ldfc8,62a4088a-e177-428b-808f-29185b7e8a81,4,3926.426555
2026/02/04/14:30:23,running-time,rs-002067-mlmkf,7bb14b34-14ac-48d8-ad97-f086f61b28f0,3,3926.426555
2026/02/04/14:30:26,apply-time,rs-002068-2bscw,3cdae6cd-1fa1-481e-a4a4-cef1661b97ed,2,3930.426555
2026/02/04/14:30:26,running-time,rs-002068-2bscw,3cdae6cd-1fa1-481e-a4a4-cef1661b97ed,2,3930.426555
2026/02/04/14:30:26,apply-time,rs-002068-gfzj9,5db6c150-c009-41a9-a23e-8ee0acb7f1a4,2,3930.426555
2026/02/04/14:30:26,running-time,rs-002068-gfzj9,5db6c150-c009-41a9-a23e-8ee0acb7f1a4,2,3930.426555
2026/02/04/14:30:26,apply-time,rs-002068-wp74q,3f0507a3-741b-468a-9f29-cc1e6a5a744f,2,3930.426555
2026/02/04/14:30:26,running-time,rs-002068-wp74q,3f0507a3-741b-468a-9f29-cc1e6a5a744f,2,3930.426555
2026/02/04/14:30:26,apply-time,rs-002069-tltqv,d7a8ff30-34fa-459f-aef6-2e2d24d632c0,2,3930.426555
2026/02/04/14:30:26,running-time,rs-002069-tltqv,d7a8ff30-34fa-459f-aef6-2e2d24d632c0,2,3930.426555
2026/02/04/14:30:26,apply-time,rs-002071-7dwhm,86586741-1123-4f2f-9db3-923a9a86a7ab,3,3930.426555
2026/02/04/14:30:27,apply-time,rs-002070-gnkfl,1b57a476-3f5e-455c-a3d6-665e92e0ed18,2,3930.426555
2026/02/04/14:30:27,apply-time,rs-002070-gtk64,b89e85c8-05e2-435b-8256-7b4bd08269b7,2,3930.426555
2026/02/04/14:30:27,apply-time,rs-002071-46t7r,12a8c620-d4b8-41ab-8883-d644dbfe1f82,3,3930.426555
2026/02/04/14:30:27,running-time,rs-002071-7dwhm,86586741-1123-4f2f-9db3-923a9a86a7ab,3,3930.426555
2026/02/04/14:30:27,apply-time,rs-002072-ckh78,c2fd0d1b-14e9-4d73-b0c8-c1d2f5b625e4,1,3931.426555
2026/02/04/14:30:27,apply-time,rs-002072-zjwvr,c676ef59-6c84-4db8-a704-6db98eb1acb1,1,3931.426555
2026/02/04/14:30:27,running-time,rs-002072-zjwvr,c676ef59-6c84-4db8-a704-6db98eb1acb1,1,3931.426555
2026/02/04/14:30:28,running-time,rs-002072-ckh78,c2fd0d1b-14e9-4d73-b0c8-c1d2f5b625e4,1,3932.426555
2026/02/04/14:30:28,apply-time,rs-002073-2jlfg,ffdd29cc-e816-4be5-b564-2824c8fb57b5,1,3931.426555
2026/02/04/14:30:28,apply-time,rs-002073-4fvrh,369ab967-f48d-4281-94e8-19ca14a9771a,1,3931.426555
2026/02/04/14:30:28,apply-time,rs-002073-nl8tq,cffa13f8-3ecf-4d17-81f4-744c31247910,1,3931.426555
2026/02/04/14:30:28,apply-time,rs-002074-8qxn7,4ffd0320-e84c-4ca8-b7f9-73f93a247c1f,2,3932.426555
2026/02/04/14:30:29,running-time,rs-002070-gnkfl,1b57a476-3f5e-455c-a3d6-665e92e0ed18,2,3932.426555
2026/02/04/14:30:29,running-time,rs-002070-gtk64,b89e85c8-05e2-435b-8256-7b4bd08269b7,2,3932.426555
2026/02/04/14:30:29,running-time,rs-002074-8qxn7,4ffd0320-e84c-4ca8-b7f9-73f93a247c1f,2,3932.426555
2026/02/04/14:30:29,apply-time,rs-002074-qm7cd,763e9522-5c7c-4b00-9d41-9c6ecd261645,2,3932.426555
2026/02/04/14:30:29,running-time,rs-002074-qm7cd,763e9522-5c7c-4b00-9d41-9c6ecd261645,2,3932.426555
2026/02/04/14:30:29,apply-time,rs-002074-x5xtm,37095299-76c8-4518-9ccb-9921f4bdcfb5,2,3932.426555
2026/02/04/14:30:29,running-time,rs-002074-x5xtm,37095299-76c8-4518-9ccb-9921f4bdcfb5,2,3933.426555
2026/02/04/14:30:30,running-time,rs-002071-46t7r,12a8c620-d4b8-41ab-8883-d644dbfe1f82,3,3934.426555
2026/02/04/14:30:31,running-time,rs-002073-2jlfg,ffdd29cc-e816-4be5-b564-2824c8fb57b5,1,3934.426555
2026/02/04/14:30:31,apply-time,rs-002075-vtc9l,80053046-dd90-4d1a-8021-f1a3f4a7d18f,1,3934.426555
2026/02/04/14:30:31,running-time,rs-002075-vtc9l,80053046-dd90-4d1a-8021-f1a3f4a7d18f,1,3934.426555
2026/02/04/14:30:31,apply-time,rs-002075-wvwxj,ae27c1c4-b8cb-4c73-b1f6-b42369f813bd,1,3934.426555
2026/02/04/14:30:31,running-time,rs-002075-wvwxj,ae27c1c4-b8cb-4c73-b1f6-b42369f813bd,1,3934.426555
2026/02/04/14:30:31,apply-time,rs-002075-z4grb,5b15a28d-68b2-4f71-aec8-6bbc700f0d01,1,3934.426555
2026/02/04/14:30:31,apply-time,rs-002076-rdh6s,49b5753c-0272-48de-b44c-fb186f08fca9,3,3934.426555
2026/02/04/14:30:31,running-time,rs-002076-rdh6s,49b5753c-0272-48de-b44c-fb186f08fca9,3,3934.426555
2026/02/04/14:30:31,apply-time,rs-002077-mslng,17e121ca-854a-43a0-8f35-ddaeb5a3219f,2,3934.426555
2026/02/04/14:30:31,apply-time,rs-002078-56kgl,0e54eb04-9819-40a7-9926-11cddef3aae0,3,3934.426555
2026/02/04/14:30:31,apply-time,rs-002078-cbd4v,f8146437-5128-436b-b40a-7bd0bd03ed9d,3,3934.426555
2026/02/04/14:30:31,apply-time,rs-002078-wsxz9,61560498-8b30-4df6-9018-10b27940e3c7,3,3934.426555
2026/02/04/14:30:33,running-time,rs-002078-56kgl,0e54eb04-9819-40a7-9926-11cddef3aae0,3,3936.426555
2026/02/04/14:30:34,running-time,rs-002075-z4grb,5b15a28d-68b2-4f71-aec8-6bbc700f0d01,1,3937.426555
2026/02/04/14:30:41,apply-time,rs-001970-8cc4h,489f204a-841d-48b1-aa8d-23c8f1237005,1,3944.426555
2026/02/04/14:30:41,running-time,rs-001970-8cc4h,489f204a-841d-48b1-aa8d-23c8f1237005,1,3944.426555
2026/02/04/14:30:41,running-time,rs-002078-cbd4v,f8146437-5128-436b-b40a-7bd0bd03ed9d,3,3944.426555
2026/02/04/14:30:41,apply-time,rs-002079-fj7gj,20182c01-bad3-4c82-b2ac-d8712a6a6fdc,1,3944.426555
2026/02/04/14:30:41,apply-time,rs-002079-fqbdf,686712fa-72f6-4440-99af-14221bbe3f0b,1,3944.426555
2026/02/04/14:30:41,apply-time,rs-002079-t5fhn,510329e7-080a-4864-86ba-f87c1babb3c0,1,3944.426555
2026/02/04/14:30:41,apply-time,rs-002080-7xfw6,037de2a9-0feb-4511-804a-4864c32de98d,3,3944.426555
2026/02/04/14:30:41,running-time,rs-002080-7xfw6,037de2a9-0feb-4511-804a-4864c32de98d,3,3944.426555
2026/02/04/14:30:41,apply-time,rs-002080-b4p5k,023beaca-ba47-45da-ad02-cc0ab64ee8e3,3,3944.426555
2026/02/04/14:30:41,running-time,rs-002080-b4p5k,023beaca-ba47-45da-ad02-cc0ab64ee8e3,3,3944.426555
2026/02/04/14:30:43,running-time,rs-002078-wsxz9,61560498-8b30-4df6-9018-10b27940e3c7,3,3946.426555
2026/02/04/14:31:02,apply-time,rs-002081-krhnd,8b37437d-4af6-4e5b-8731-92ae13e110b9,1,3965.426555
2026/02/04/14:31:02,running-time,rs-002081-krhnd,8b37437d-4af6-4e5b-8731-92ae13e110b9,1,3965.426555
2026/02/04/14:31:05,apply-time,rs-002082-88742,d6c2d324-29df-4db2-9203-7b54db6a9515,1,3968.426555
2026/02/04/14:31:05,running-time,rs-002082-88742,d6c2d324-29df-4db2-9203-7b54db6a9515,1,3968.426555
2026/02/04/14:31:05,apply-time,rs-002083-zwxm9,c8663bae-60ae-480a-92f9-6b69f1ac105f,1,3968.426555
2026/02/04/14:31:05,running-time,rs-002083-zwxm9,c8663bae-60ae-480a-92f9-6b69f1ac105f,1,3968.426555
2026/02/04/14:31:05,apply-time,rs-002084-4vh5j,27d5aec2-52f8-45d0-9aa6-61f5c7e09760,4,3968.426555
2026/02/04/14:31:05,running-time,rs-002084-4vh5j,27d5aec2-52f8-45d0-9aa6-61f5c7e09760,4,3968.426555
2026/02/04/14:31:05,apply-time,rs-002084-rx7ll,3b53c965-42dc-4bf6-80df-66b5ec12474d,4,3968.426555
2026/02/04/14:31:05,running-time,rs-002084-rx7ll,3b53c965-42dc-4bf6-80df-66b5ec12474d,4,3968.426555
2026/02/04/14:31:05,apply-time,rs-002085-77kqg,8511bab0-f2c4-4884-8be4-267c75803073,3,3968.426555
2026/02/04/14:31:05,apply-time,rs-002085-zwt6t,f7fb3ee2-3802-46f5-92d0-26c2dd3df57c,3,3968.426555
2026/02/04/14:31:05,apply-time,rs-002086-25xxt,8d780810-018b-4e57-9cde-ba4163d14931,2,3968.426555
2026/02/04/14:31:05,running-time,rs-002086-25xxt,8d780810-018b-4e57-9cde-ba4163d14931,2,3968.426555
2026/02/04/14:31:05,apply-time,rs-002086-h4dwd,7240d0b8-ece4-4e02-b996-e1573a33a146,2,3968.426555
2026/02/04/14:31:05,running-time,rs-002086-h4dwd,7240d0b8-ece4-4e02-b996-e1573a33a146,2,3968.426555
2026/02/04/14:31:05,apply-time,rs-002087-fblmj,27d53abe-ad36-468a-91d9-8d0b96451220,2,3968.426555
2026/02/04/14:31:05,running-time,rs-002087-fblmj,27d53abe-ad36-468a-91d9-8d0b96451220,2,3968.426555
2026/02/04/14:31:05,apply-time,rs-002088-6h8ph,f1ae03f0-3453-46eb-9304-f33b4b3a95e7,1,3969.426555
2026/02/04/14:31:05,apply-time,rs-002088-qqvms,c17341d3-2911-4956-a44b-dec534e8333b,1,3969.426555
2026/02/04/14:31:05,apply-time,rs-002088-rms8r,72e73d6b-3a6e-46cf-8d08-1171cb99695c,1,3968.426555
2026/02/04/14:31:05,running-time,rs-002088-rms8r,72e73d6b-3a6e-46cf-8d08-1171cb99695c,1,3968.426555
2026/02/04/14:31:05,apply-time,rs-002089-b78bt,ed9f748f-c1fa-4802-aa81-e52984e4e842,2,3968.426555
2026/02/04/14:31:05,running-time,rs-002089-b78bt,ed9f748f-c1fa-4802-aa81-e52984e4e842,2,3968.426555
2026/02/04/14:31:05,apply-time,rs-002089-h4g2n,c97b59cb-3379-4ede-b158-af4001ab04d0,2,3968.426555
2026/02/04/14:31:05,running-time,rs-002089-h4g2n,c97b59cb-3379-4ede-b158-af4001ab04d0,2,3968.426555
2026/02/04/14:31:05,apply-time,rs-002090-cs9p6,a2a8ccd8-d7f5-4844-abac-983316793d0d,1,3968.426555
2026/02/04/14:31:05,running-time,rs-002090-cs9p6,a2a8ccd8-d7f5-4844-abac-983316793d0d,1,3968.426555
2026/02/04/14:31:06,running-time,rs-002085-zwt6t,f7fb3ee2-3802-46f5-92d0-26c2dd3df57c,3,3970.426555
2026/02/04/14:31:06,apply-time,rs-002091-dzjlk,14d2fe7c-1410-40ed-a820-5fb978ebc823,1,3969.426555
2026/02/04/14:31:06,apply-time,rs-002091-pmwqd,6d494897-be0c-4e0a-b0de-2bd1fa5a922d,1,3969.426555
2026/02/04/14:31:06,apply-time,rs-002091-wplzw,b5327928-2e23-4f0b-b5a1-638333755d9d,1,3969.426555
2026/02/04/14:31:06,apply-time,rs-002092-dg794,d1f6cfc2-e9c0-4cd9-b6bf-b8d91f50bcd2,1,3969.426555
2026/02/04/14:31:06,running-time,rs-002092-dg794,d1f6cfc2-e9c0-4cd9-b6bf-b8d91f50bcd2,1,3969.426555
2026/02/04/14:31:06,apply-time,rs-002093-f82jb,292d87fd-d750-4032-b5b4-1148368b524e,4,3969.426555
2026/02/04/14:31:06,apply-time,rs-002093-fhm2n,5848372b-5974-476c-ae06-ce8c75548366,4,3969.426555
2026/02/04/14:31:06,apply-time,rs-002093-kq9d5,93434424-2358-4f7f-9566-b9e2e855f411,4,3969.426555
2026/02/04/14:31:06,apply-time,rs-002094-zhkwv,9663ba01-5128-491c-8fdf-1c540833b8ae,2,3969.426555
2026/02/04/14:31:06,apply-time,rs-002095-2wgsm,7e1ae9b7-b48f-4302-bb54-fe6adc97a002,1,3969.426555
2026/02/04/14:31:06,running-time,rs-002095-2wgsm,7e1ae9b7-b48f-4302-bb54-fe6adc97a002,1,3969.426555
2026/02/04/14:31:06,apply-time,rs-002095-4447r,b3d77580-1c3a-49cd-860b-06feebe8ab25,1,3970.426555
2026/02/04/14:31:06,running-time,rs-002095-4447r,b3d77580-1c3a-49cd-860b-06feebe8ab25,1,3970.426555
2026/02/04/14:31:07,apply-time,rs-002096-hnxv9,3ab377f9-71b1-4e9d-953f-cee0fbdd5e37,1,3970.426555
2026/02/04/14:31:07,apply-time,rs-002097-8hhgw,d3d1fa5c-95cd-42d8-895d-7d7e1bde38f7,4,3970.426555
2026/02/04/14:31:07,apply-time,rs-002097-f5wwb,edb9c093-2b4f-44db-9f3e-c18d384fc9de,4,3970.426555
2026/02/04/14:31:07,apply-time,rs-002097-kdjbd,e58e4e18-687d-4013-8219-f26c3b490aa9,4,3970.426555
2026/02/04/14:31:09,running-time,rs-002093-fhm2n,5848372b-5974-476c-ae06-ce8c75548366,4,3972.426555
2026/02/04/14:31:11,running-time,rs-002088-6h8ph,f1ae03f0-3453-46eb-9304-f33b4b3a95e7,1,3975.426555
2026/02/04/14:31:11,running-time,rs-002088-qqvms,c17341d3-2911-4956-a44b-dec534e8333b,1,3974.426555
2026/02/04/14:31:12,apply-time,rs-002098-hjdtp,a35bd7ab-1fcd-4e71-b564-c4d375dee1ae,4,3975.426555
2026/02/04/14:31:12,apply-time,rs-002098-n6qq8,808a5736-b2bc-4349-8fa5-08c5defc0f47,4,3975.426555
2026/02/04/14:31:12,apply-time,rs-002098-vdlmm,7dedb2fb-5497-4e8c-b224-f51415c3d8a6,4,3975.426555
2026/02/04/14:31:12,running-time,rs-002098-vdlmm,7dedb2fb-5497-4e8c-b224-f51415c3d8a6,4,3975.426555
2026/02/04/14:31:12,apply-time,rs-002099-5gllf,ddd39bfa-afcc-473b-a484-17a632b64f65,1,3975.426555
2026/02/04/14:31:12,running-time,rs-002099-5gllf,ddd39bfa-afcc-473b-a484-17a632b64f65,1,3975.426555
2026/02/04/14:31:12,apply-time,rs-002099-jlk8z,5d893e0b-36e1-4ff0-8b0b-9f373c597459,1,3975.426555
2026/02/04/14:31:12,running-time,rs-002099-jlk8z,5d893e0b-36e1-4ff0-8b0b-9f373c597459,1,3975.426555
2026/02/04/14:31:13,running-time,rs-002098-hjdtp,a35bd7ab-1fcd-4e71-b564-c4d375dee1ae,4,3976.426555
2026/02/04/14:31:13,running-time,rs-002098-n6qq8,808a5736-b2bc-4349-8fa5-08c5defc0f47,4,3976.426555
2026/02/04/14:31:13,apply-time,rs-002100-g7v4n,30074802-0a48-44e2-a4e8-80ec1dab4dde,3,3976.426555
2026/02/04/14:31:13,running-time,rs-002100-g7v4n,30074802-0a48-44e2-a4e8-80ec1dab4dde,3,3976.426555
2026/02/04/14:31:13,apply-time,rs-002100-sbm9h,5d0c7900-bee7-4589-b57f-7f701d0b8f64,3,3976.426555
2026/02/04/14:31:13,apply-time,rs-002100-x4msx,3bf2e300-e446-475c-81ae-2de7858a7f42,3,3976.426555
2026/02/04/14:31:13,apply-time,rs-002101-lgbld,d4c531ba-a333-405b-b374-bcda098f9d85,4,3976.426555
2026/02/04/14:31:13,running-time,rs-002101-lgbld,d4c531ba-a333-405b-b374-bcda098f9d85,4,3976.426555
2026/02/04/14:31:13,apply-time,rs-002102-6qvdb,7863da68-8250-4284-9f92-73903b1fe652,2,3976.426555
2026/02/04/14:31:13,running-time,rs-002102-6qvdb,7863da68-8250-4284-9f92-73903b1fe652,2,3976.426555
2026/02/04/14:31:13,apply-time,rs-002102-v4cx7,8e5ed8ed-318c-44be-ba4e-c865ded7c909,2,3976.426555
2026/02/04/14:31:13,running-time,rs-002102-v4cx7,8e5ed8ed-318c-44be-ba4e-c865ded7c909,2,3976.426555
2026/02/04/14:31:13,apply-time,rs-002102-vsnf7,046a346c-555e-46c5-84b9-ae8b89e5b54f,2,3976.426555
2026/02/04/14:31:13,running-time,rs-002102-vsnf7,046a346c-555e-46c5-84b9-ae8b89e5b54f,2,3976.426555
2026/02/04/14:31:15,running-time,rs-002100-sbm9h,5d0c7900-bee7-4589-b57f-7f701d0b8f64,3,3978.426555
2026/02/04/14:31:15,running-time,rs-002100-x4msx,3bf2e300-e446-475c-81ae-2de7858a7f42,3,3978.426555
2026/02/04/14:31:21,running-time,rs-002085-77kqg,8511bab0-f2c4-4884-8be4-267c75803073,3,3984.426555
2026/02/04/14:31:29,apply-time,rs-002103-kph6t,ff47f3f6-e5e3-40b2-80e8-2fc2c5fa83f6,2,3992.426555
2026/02/04/14:31:29,running-time,rs-002103-kph6t,ff47f3f6-e5e3-40b2-80e8-2fc2c5fa83f6,2,3992.426555
2026/02/04/14:31:29,apply-time,rs-002104-pghq4,df5a5342-c7f9-4deb-a35d-ee8182bc0fc4,1,3992.426555
2026/02/04/14:31:29,apply-time,rs-002104-rqsqc,124cc65d-0b7d-4db9-ae4a-ae594c64bd6a,1,3992.426555
2026/02/04/14:31:29,running-time,rs-002104-rqsqc,124cc65d-0b7d-4db9-ae4a-ae594c64bd6a,1,3992.426555
2026/02/04/14:31:29,apply-time,rs-002104-tf6fp,343f6c7f-e9a0-4883-9e17-40981769a369,1,3992.426555
2026/02/04/14:31:29,running-time,rs-002104-tf6fp,343f6c7f-e9a0-4883-9e17-40981769a369,1,3992.426555
2026/02/04/14:31:29,apply-time,rs-002105-2hk4b,55f17188-a0e4-488c-94c9-be5ae05b67f8,3,3992.426555
2026/02/04/14:31:29,running-time,rs-002105-2hk4b,55f17188-a0e4-488c-94c9-be5ae05b67f8,3,3992.426555
2026/02/04/14:31:29,apply-time,rs-002105-5jwg9,ec8f1dfe-f9f2-4687-9c91-c776a70f9ea5,3,3992.426555
2026/02/04/14:31:29,running-time,rs-002105-5jwg9,ec8f1dfe-f9f2-4687-9c91-c776a70f9ea5,3,3992.426555
2026/02/04/14:31:29,apply-time,rs-002105-ltkz6,16db7cca-6ca7-43f7-91e9-f06fcfcc6c58,3,3992.426555
2026/02/04/14:31:29,running-time,rs-002105-ltkz6,16db7cca-6ca7-43f7-91e9-f06fcfcc6c58,3,3992.426555
2026/02/04/14:31:29,apply-time,rs-002106-jjpbb,4f644233-d33c-4f39-b409-8e734a44ee24,3,3992.426555
2026/02/04/14:31:29,running-time,rs-002106-jjpbb,4f644233-d33c-4f39-b409-8e734a44ee24,3,3992.426555
2026/02/04/14:31:29,apply-time,rs-002106-smb4f,d7bdfa35-31b4-42e9-88b6-d275532cf52f,3,3992.426555
2026/02/04/14:31:29,running-time,rs-002106-smb4f,d7bdfa35-31b4-42e9-88b6-d275532cf52f,3,3992.426555
2026/02/04/14:31:29,apply-time,rs-002107-pq5ss,7cef454b-2694-4002-92cf-0094485c5278,3,3992.426555
2026/02/04/14:31:29,running-time,rs-002107-pq5ss,7cef454b-2694-4002-92cf-0094485c5278,3,3992.426555
2026/02/04/14:31:29,apply-time,rs-002108-25r79,09f9e1c0-f2d3-45c2-89ae-244860198d14,3,3993.426555
2026/02/04/14:31:29,running-time,rs-002108-25r79,09f9e1c0-f2d3-45c2-89ae-244860198d14,3,3993.426555
2026/02/04/14:31:31,apply-time,rs-002109-c5c9k,08a4dad4-6ecc-4f8a-b47b-c77908d06c25,2,3994.426555
2026/02/04/14:31:31,apply-time,rs-002109-mnjtn,51e2535e-d6e6-461a-aab4-02176ef62819,2,3994.426555
2026/02/04/14:31:31,apply-time,rs-002109-v9b2t,e44844c8-abdd-46df-8d7d-f5a5ab953997,2,3994.426555
2026/02/04/14:31:31,apply-time,rs-002110-78sx6,c336fbab-fbd7-49a3-8830-229604850490,3,3995.426555
2026/02/04/14:31:31,running-time,rs-002110-78sx6,c336fbab-fbd7-49a3-8830-229604850490,3,3995.426555
2026/02/04/14:31:33,apply-time,rs-002111-9ghtg,ee64c7db-3b8f-4322-8013-15bbad8c4797,4,3996.426555
2026/02/04/14:31:33,apply-time,rs-002111-sg5vc,1006b177-b398-4425-893a-f6619717f5f1,4,3996.426555
2026/02/04/14:31:33,apply-time,rs-002111-wq8f6,59a12206-39be-4428-8550-06dbb80af3f5,4,3996.426555
2026/02/04/14:31:33,running-time,rs-002111-wq8f6,59a12206-39be-4428-8550-06dbb80af3f5,4,3996.426555
2026/02/04/14:31:33,apply-time,rs-002112-hh2dv,ebaf113f-422f-449c-b358-73113ee09cbd,4,3996.426555
2026/02/04/14:31:33,running-time,rs-002112-hh2dv,ebaf113f-422f-449c-b358-73113ee09cbd,4,3996.426555
2026/02/04/14:31:33,apply-time,rs-002112-qwdzd,32cc1426-3aa6-4c14-8583-cb32893a0624,4,3996.426555
2026/02/04/14:31:33,running-time,rs-002112-qwdzd,32cc1426-3aa6-4c14-8583-cb32893a0624,4,3996.426555
2026/02/04/14:31:33,apply-time,rs-002112-w5n2k,96513560-7313-4fd0-a454-704615ec6dd0,4,3996.426555
2026/02/04/14:31:33,running-time,rs-002112-w5n2k,96513560-7313-4fd0-a454-704615ec6dd0,4,3996.426555
2026/02/04/14:31:34,running-time,rs-002111-9ghtg,ee64c7db-3b8f-4322-8013-15bbad8c4797,4,3997.426555
2026/02/04/14:31:35,apply-time,rs-002113-drjhc,a6e1c15f-295f-48c6-ad00-cd740aa7ad69,4,3999.426555
2026/02/04/14:31:35,apply-time,rs-002113-f4fv9,c7470388-c8bc-45ce-913b-4b5a8350b36e,4,3999.426555
2026/02/04/14:31:35,apply-time,rs-002114-pxlgf,734df9f2-76d1-4b4a-8d0c-ac0531806146,4,3999.426555
2026/02/04/14:31:36,running-time,rs-002113-drjhc,a6e1c15f-295f-48c6-ad00-cd740aa7ad69,4,4000.426555
2026/02/04/14:31:36,running-time,rs-002113-f4fv9,c7470388-c8bc-45ce-913b-4b5a8350b36e,4,3999.426555
2026/02/04/14:31:36,running-time,rs-002114-pxlgf,734df9f2-76d1-4b4a-8d0c-ac0531806146,4,3999.426555
2026/02/04/14:31:42,apply-time,rs-002115-976jq,50b2f8b2-ad06-4767-8f27-73d9b69cbcfb,2,4006.426555
2026/02/04/14:31:42,apply-time,rs-002115-98wgq,62153f00-be06-4f9f-aa81-3e5e2206983e,2,4006.426555
2026/02/04/14:31:42,running-time,rs-002115-98wgq,62153f00-be06-4f9f-aa81-3e5e2206983e,2,4006.426555
2026/02/04/14:31:42,apply-time,rs-002115-v62k5,15bf9b90-78a3-4a67-83b7-d97166be32c7,2,4006.426555
2026/02/04/14:31:42,running-time,rs-002115-v62k5,15bf9b90-78a3-4a67-83b7-d97166be32c7,2,4006.426555
2026/02/04/14:31:45,running-time,rs-002115-976jq,50b2f8b2-ad06-4767-8f27-73d9b69cbcfb,2,4008.426555
2026/02/04/14:31:51,apply-time,rs-002116-2k65p,4169c45b-9801-4615-9c09-282655b6d1a3,1,4015.426555
2026/02/04/14:31:51,running-time,rs-002116-2k65p,4169c45b-9801-4615-9c09-282655b6d1a3,1,4015.426555
2026/02/04/14:31:51,apply-time,rs-002117-mbbhk,7a99e59f-c3df-4c01-aa56-2afa28f249e0,1,4015.426555
2026/02/04/14:31:51,running-time,rs-002117-mbbhk,7a99e59f-c3df-4c01-aa56-2afa28f249e0,1,4015.426555
2026/02/04/14:31:51,apply-time,rs-002117-vzngm,5aeb432c-9801-4542-add3-f54aed7199b8,1,4015.426555
2026/02/04/14:31:51,running-time,rs-002117-vzngm,5aeb432c-9801-4542-add3-f54aed7199b8,1,4015.426555
2026/02/04/14:31:51,apply-time,rs-002117-wpwl5,092bf15b-bdd3-470f-8177-80663dda53b1,1,4015.426555
2026/02/04/14:31:51,running-time,rs-002117-wpwl5,092bf15b-bdd3-470f-8177-80663dda53b1,1,4015.426555
2026/02/04/14:31:51,apply-time,rs-002118-c2jks,826cffe5-7acd-459c-9191-291c1b102e0b,4,4015.426555
2026/02/04/14:31:51,running-time,rs-002118-c2jks,826cffe5-7acd-459c-9191-291c1b102e0b,4,4015.426555
2026/02/04/14:31:51,apply-time,rs-002118-f7fgp,d278cb6d-209e-4073-8208-d52797cce810,4,4015.426555
2026/02/04/14:31:51,running-time,rs-002118-f7fgp,d278cb6d-209e-4073-8208-d52797cce810,4,4015.426555
2026/02/04/14:31:51,apply-time,rs-002118-kpr6k,d58d01e2-d742-4c9d-9a61-3a0723304607,4,4015.426555
2026/02/04/14:31:51,running-time,rs-002118-kpr6k,d58d01e2-d742-4c9d-9a61-3a0723304607,4,4015.426555
2026/02/04/14:31:51,apply-time,rs-002119-fjzxg,73e477bd-c954-494f-98e0-7bf3fad393d8,3,4015.426555
2026/02/04/14:31:51,apply-time,rs-002119-pvr2j,054fd5bb-67c5-4209-8ee3-f3ffcd45bd38,3,4015.426555
2026/02/04/14:31:51,apply-time,rs-002119-x55bm,6f397416-7085-466a-8dd2-6c9eac96d91e,3,4015.426555
2026/02/04/14:31:51,apply-time,rs-002120-9z4br,3e7e8223-2702-48b5-a16c-cecc21121e99,1,4015.426555
2026/02/04/14:31:52,running-time,rs-002120-9z4br,3e7e8223-2702-48b5-a16c-cecc21121e99,1,4015.426555
2026/02/04/14:31:52,apply-time,rs-002121-gmjxj,9c360cca-7644-40cd-b41c-f2a7477318b8,1,4015.426555
2026/02/04/14:31:52,running-time,rs-002121-gmjxj,9c360cca-7644-40cd-b41c-f2a7477318b8,1,4015.426555
2026/02/04/14:31:58,apply-time,rs-002122-gjh2h,666fae2b-5a93-41be-af23-c9bebb3fdd59,2,4022.426555
2026/02/04/14:31:58,apply-time,rs-002123-xvmrv,8d5d0839-3eba-4836-8d40-391d5928ee19,1,4022.426555
2026/02/04/14:31:59,running-time,rs-002122-gjh2h,666fae2b-5a93-41be-af23-c9bebb3fdd59,2,4022.426555
2026/02/04/14:31:59,apply-time,rs-002123-6p8qg,c692eb9b-3e13-4a8a-b425-3b8e6f9c81e9,1,4022.426555
2026/02/04/14:31:59,running-time,rs-002123-6p8qg,c692eb9b-3e13-4a8a-b425-3b8e6f9c81e9,1,4022.426555
2026/02/04/14:31:59,running-time,rs-002123-xvmrv,8d5d0839-3eba-4836-8d40-391d5928ee19,1,4022.426555
2026/02/04/14:31:59,apply-time,rs-002124-rk5k8,b84c80ab-ff65-4638-87f2-e6bf254828d6,3,4022.426555
2026/02/04/14:31:59,running-time,rs-002124-rk5k8,b84c80ab-ff65-4638-87f2-e6bf254828d6,3,4022.426555
2026/02/04/14:31:59,apply-time,rs-002125-lw6g9,2ca2ef96-bff3-4c15-b2fc-2008ded34a11,2,4022.426555
2026/02/04/14:31:59,running-time,rs-002125-lw6g9,2ca2ef96-bff3-4c15-b2fc-2008ded34a11,2,4022.426555
2026/02/04/14:31:59,apply-time,rs-002126-ncp4s,2c502c60-ea88-4c39-8acd-ada3aae7b317,3,4023.426555
2026/02/04/14:31:59,running-time,rs-002126-ncp4s,2c502c60-ea88-4c39-8acd-ada3aae7b317,3,4023.426555
2026/02/04/14:32:03,apply-time,rs-002127-bncvs,ff7596b9-d3c4-4c34-8cf1-43055a9c57a0,2,4026.426555
2026/02/04/14:32:03,running-time,rs-002127-bncvs,ff7596b9-d3c4-4c34-8cf1-43055a9c57a0,2,4026.426555
2026/02/04/14:32:03,apply-time,rs-002127-lpzj7,923ce45e-dcbd-4ec0-bf88-359b3f179a37,2,4026.426555
2026/02/04/14:32:03,apply-time,rs-002128-tpbk7,a4ccd28f-a232-4116-9aa3-be48f5fc8e48,2,4026.426555
2026/02/04/14:32:03,running-time,rs-002128-tpbk7,a4ccd28f-a232-4116-9aa3-be48f5fc8e48,2,4026.426555
2026/02/04/14:32:03,apply-time,rs-002129-skqpw,022b2516-a49f-44e6-aab9-459cefce9488,1,4026.426555
2026/02/04/14:32:03,running-time,rs-002129-skqpw,022b2516-a49f-44e6-aab9-459cefce9488,1,4026.426555
2026/02/04/14:32:03,apply-time,rs-002130-q6ffw,0047f0b9-96a7-4c0d-be44-a8580594d795,2,4027.426555
2026/02/04/14:32:04,running-time,rs-002127-lpzj7,923ce45e-dcbd-4ec0-bf88-359b3f179a37,2,4027.426555
2026/02/04/14:32:04,running-time,rs-002130-q6ffw,0047f0b9-96a7-4c0d-be44-a8580594d795,2,4027.426555
2026/02/04/14:32:05,apply-time,rs-002131-bf98n,5b01129c-984a-421a-8182-00260c40905f,3,4028.426555
2026/02/04/14:32:05,apply-time,rs-002132-ztfbg,1f7b25b7-da29-4772-bb8e-531a17f5c574,4,4029.426555
2026/02/04/14:32:05,running-time,rs-002132-ztfbg,1f7b25b7-da29-4772-bb8e-531a17f5c574,4,4029.426555
2026/02/04/14:32:05,apply-time,rs-002133-9j4dk,a5800257-7428-4f8f-839b-db301c8eea63,1,4029.426555
2026/02/04/14:32:05,apply-time,rs-002133-c9hzk,bcdae8cc-fe86-440a-aa83-76eff32984f0,1,4029.426555
2026/02/04/14:32:05,running-time,rs-002133-c9hzk,bcdae8cc-fe86-440a-aa83-76eff32984f0,1,4029.426555
2026/02/04/14:32:05,apply-time,rs-002133-q5l99,d15baa12-002e-4217-8769-5ec89be04de6,1,4029.426555
2026/02/04/14:32:05,running-time,rs-002133-q5l99,d15baa12-002e-4217-8769-5ec89be04de6,1,4029.426555
2026/02/04/14:32:05,apply-time,rs-002134-545ml,88d73bcd-8b0e-461c-b72e-3f22ef458d7b,3,4029.426555
2026/02/04/14:32:05,running-time,rs-002134-545ml,88d73bcd-8b0e-461c-b72e-3f22ef458d7b,3,4029.426555
2026/02/04/14:32:05,apply-time,rs-002134-tg5g4,b3bed603-0471-4ead-943d-79d9cd6d4099,3,4029.426555
2026/02/04/14:32:05,running-time,rs-002134-tg5g4,b3bed603-0471-4ead-943d-79d9cd6d4099,3,4029.426555
2026/02/04/14:32:05,apply-time,rs-002134-wzq77,5b640c16-d25d-45c4-8212-30c9c7fffb83,3,4029.426555
2026/02/04/14:32:05,running-time,rs-002134-wzq77,5b640c16-d25d-45c4-8212-30c9c7fffb83,3,4029.426555
2026/02/04/14:32:06,running-time,rs-002131-bf98n,5b01129c-984a-421a-8182-00260c40905f,3,4030.426555
2026/02/04/14:32:06,apply-time,rs-002135-qlkfs,ad04cd3b-8368-4d2e-bb96-6d66f57edd01,3,4029.426555
2026/02/04/14:32:06,running-time,rs-002135-qlkfs,ad04cd3b-8368-4d2e-bb96-6d66f57edd01,3,4029.426555
2026/02/04/14:32:06,apply-time,rs-002136-8fdtc,f3eb4e18-6b22-4450-b26c-ede8e7a6a486,1,4029.426555
2026/02/04/14:32:06,running-time,rs-002136-8fdtc,f3eb4e18-6b22-4450-b26c-ede8e7a6a486,1,4029.426555
2026/02/04/14:32:06,apply-time,rs-002136-lv4gp,dd75bdb4-357c-423f-bf1a-f210a3e599a1,1,4029.426555
2026/02/04/14:32:06,running-time,rs-002136-lv4gp,dd75bdb4-357c-423f-bf1a-f210a3e599a1,1,4029.426555
2026/02/04/14:32:06,apply-time,rs-002137-4gnz5,7180f0d0-14a5-4ade-9484-7c131040f471,3,4029.426555
2026/02/04/14:32:06,running-time,rs-002137-4gnz5,7180f0d0-14a5-4ade-9484-7c131040f471,3,4029.426555
2026/02/04/14:32:06,apply-time,rs-002137-dh2c6,b62b4e28-8171-4c77-9105-60de0dcc2158,3,4029.426555
2026/02/04/14:32:06,running-time,rs-002137-dh2c6,b62b4e28-8171-4c77-9105-60de0dcc2158,3,4029.426555
2026/02/04/14:32:06,apply-time,rs-002138-c8q9n,9608d6d9-b734-4191-857c-34d686ee1b0c,3,4029.426555
2026/02/04/14:32:06,running-time,rs-002138-c8q9n,9608d6d9-b734-4191-857c-34d686ee1b0c,3,4029.426555
2026/02/04/14:32:06,apply-time,rs-002138-cxx4q,fb2a29bd-314a-431e-8965-73a64d4ca344,3,4029.426555
2026/02/04/14:32:06,running-time,rs-002138-cxx4q,fb2a29bd-314a-431e-8965-73a64d4ca344,3,4029.426555
2026/02/04/14:32:06,apply-time,rs-002139-gpbtd,b60a824e-a9f1-4c88-b486-e99f45a72df7,3,4030.426555
2026/02/04/14:32:06,running-time,rs-002139-gpbtd,b60a824e-a9f1-4c88-b486-e99f45a72df7,3,4030.426555
2026/02/04/14:32:06,apply-time,rs-002139-sjmzp,c12a9ded-0e51-4982-b17a-234dcbe6df12,3,4030.426555
2026/02/04/14:32:06,apply-time,rs-002139-xzdlp,75561edd-f5ef-4cf8-ad83-892ef3140fb6,3,4030.426555
2026/02/04/14:32:06,apply-time,rs-002140-6j5lz,eb8fada0-1d1c-413b-bdd7-ccb53f85faee,1,4030.426555
2026/02/04/14:32:06,running-time,rs-002140-6j5lz,eb8fada0-1d1c-413b-bdd7-ccb53f85faee,1,4030.426555
2026/02/04/14:32:06,apply-time,rs-002141-nq2dw,2e1e7d6f-03e7-448f-ae2d-0704b2b6caee,1,4030.426555
2026/02/04/14:32:06,running-time,rs-002141-nq2dw,2e1e7d6f-03e7-448f-ae2d-0704b2b6caee,1,4030.426555
2026/02/04/14:32:06,apply-time,rs-002143-vc6m6,a5810d5c-2973-4572-aaf0-30520395a46b,1,4030.426555
2026/02/04/14:32:06,running-time,rs-002143-vc6m6,a5810d5c-2973-4572-aaf0-30520395a46b,1,4030.426555
2026/02/04/14:32:07,running-time,rs-002139-xzdlp,75561edd-f5ef-4cf8-ad83-892ef3140fb6,3,4031.426555
2026/02/04/14:32:07,apply-time,rs-002142-2625q,4153af3e-64b5-4368-847d-e40b3ea30c48,2,4031.426555
2026/02/04/14:32:07,apply-time,rs-002142-p66k6,93de4cea-1a2a-43a1-9845-41c2cb9e51d7,2,4030.426555
2026/02/04/14:32:07,apply-time,rs-002144-gdtml,8d0ecde9-4374-461a-a210-8d7fb10602f5,2,4030.426555
2026/02/04/14:32:07,apply-time,rs-002144-gft5z,333932a4-d947-422d-a0b4-284844120138,2,4031.426555
2026/02/04/14:32:07,apply-time,rs-002145-tczv7,11674312-002f-4104-81f5-5c143fe06ebd,4,4031.426555
2026/02/04/14:32:07,running-time,rs-002145-tczv7,11674312-002f-4104-81f5-5c143fe06ebd,4,4031.426555
2026/02/04/14:32:07,apply-time,rs-002145-z75r9,bb369d62-2bde-4a1d-b60e-125d9e910b5d,4,4031.426555
2026/02/04/14:32:07,running-time,rs-002145-z75r9,bb369d62-2bde-4a1d-b60e-125d9e910b5d,4,4031.426555
2026/02/04/14:32:08,running-time,rs-002139-sjmzp,c12a9ded-0e51-4982-b17a-234dcbe6df12,3,4031.426555
2026/02/04/14:32:10,running-time,rs-002133-9j4dk,a5800257-7428-4f8f-839b-db301c8eea63,1,4033.426555
2026/02/04/14:32:24,apply-time,rs-002146-hjwc8,e5bd7678-5a73-40ce-a24b-bc52e5b015a7,2,4047.426555
2026/02/04/14:32:24,running-time,rs-002146-hjwc8,e5bd7678-5a73-40ce-a24b-bc52e5b015a7,2,4048.426555
2026/02/04/14:32:24,apply-time,rs-002147-sqcbg,0ce78246-26dd-4dc1-a6ab-d19e78bbda22,2,4047.426555
2026/02/04/14:32:24,running-time,rs-002147-sqcbg,0ce78246-26dd-4dc1-a6ab-d19e78bbda22,2,4047.426555
2026/02/04/14:32:24,apply-time,rs-002148-5bx6w,47167b27-e58f-429c-8c86-7e445feafbff,2,4048.426555
2026/02/04/14:32:24,running-time,rs-002148-5bx6w,47167b27-e58f-429c-8c86-7e445feafbff,2,4048.426555
2026/02/04/14:32:24,apply-time,rs-002148-fq8j7,c4120e87-bfc7-4768-9873-5b9fc556625d,2,4048.426555
2026/02/04/14:32:24,running-time,rs-002148-fq8j7,c4120e87-bfc7-4768-9873-5b9fc556625d,2,4048.426555
2026/02/04/14:32:24,apply-time,rs-002148-j458h,4f209e71-f7e6-457e-9a65-eeb2070b3dff,2,4048.426555
2026/02/04/14:32:24,running-time,rs-002148-j458h,4f209e71-f7e6-457e-9a65-eeb2070b3dff,2,4048.426555
2026/02/04/14:32:25,apply-time,rs-002149-lmkxd,32d1f843-5fee-448b-a0b1-babc019f3d58,4,4048.426555
2026/02/04/14:32:25,running-time,rs-002149-lmkxd,32d1f843-5fee-448b-a0b1-babc019f3d58,4,4048.426555
2026/02/04/14:32:25,apply-time,rs-002149-tjvs6,2fa06a87-7ef3-41fa-87e1-6184c2c2631a,4,4048.426555
2026/02/04/14:32:25,running-time,rs-002149-tjvs6,2fa06a87-7ef3-41fa-87e1-6184c2c2631a,4,4048.426555
2026/02/04/14:32:25,apply-time,rs-002150-dtnkf,19a76da3-6125-416c-b77a-3ab3fecd4821,1,4048.426555
2026/02/04/14:32:25,running-time,rs-002150-dtnkf,19a76da3-6125-416c-b77a-3ab3fecd4821,1,4049.426555
2026/02/04/14:32:25,apply-time,rs-002150-m8zsb,5f87a969-b214-4cb1-b5d5-c408d5195dfe,1,4048.426555
2026/02/04/14:32:25,running-time,rs-002150-m8zsb,5f87a969-b214-4cb1-b5d5-c408d5195dfe,1,4049.426555
2026/02/04/14:32:25,apply-time,rs-002150-mxb2k,5e0785b3-9f8d-4425-90e9-a1ec1ae96ef6,1,4048.426555
2026/02/04/14:32:25,running-time,rs-002150-mxb2k,5e0785b3-9f8d-4425-90e9-a1ec1ae96ef6,1,4049.426555
2026/02/04/14:32:25,apply-time,rs-002151-6dbvs,649701d4-f9e8-4fea-8385-55fec8709017,1,4048.426555
2026/02/04/14:32:25,running-time,rs-002151-6dbvs,649701d4-f9e8-4fea-8385-55fec8709017,1,4049.426555
2026/02/04/14:32:25,apply-time,rs-002151-98j27,0ed3eb2c-8fcc-4299-a911-1c4cf0443c1e,1,4048.426555
2026/02/04/14:32:25,running-time,rs-002151-98j27,0ed3eb2c-8fcc-4299-a911-1c4cf0443c1e,1,4049.426555
2026/02/04/14:32:25,apply-time,rs-002151-mg69b,22a2001c-beb6-4f80-96ff-a0351c517b6f,1,4048.426555
2026/02/04/14:32:25,running-time,rs-002151-mg69b,22a2001c-beb6-4f80-96ff-a0351c517b6f,1,4049.426555
2026/02/04/14:32:26,apply-time,rs-002152-b2fgg,d1ccc1b9-1d27-4cb7-84b4-78c68bc8bc43,4,4049.426555
2026/02/04/14:32:26,apply-time,rs-002152-z9gnr,e8d2bc20-121e-4312-bab0-2d0b6d649ebb,4,4049.426555
2026/02/04/14:32:26,apply-time,rs-002153-92x26,7101aadf-20df-4f1d-8606-03b0a7a4c16d,3,4049.426555
2026/02/04/14:32:26,running-time,rs-002153-92x26,7101aadf-20df-4f1d-8606-03b0a7a4c16d,3,4049.426555
2026/02/04/14:32:26,apply-time,rs-002154-6k7m4,5a21e69a-e9a4-44cb-b506-22e90362795b,2,4050.426555
2026/02/04/14:32:26,running-time,rs-002154-6k7m4,5a21e69a-e9a4-44cb-b506-22e90362795b,2,4050.426555
2026/02/04/14:32:26,apply-time,rs-002156-8mp76,b59a1f6d-eb78-4d18-ac70-8b37c7e5accd,2,4050.426555
2026/02/04/14:32:26,running-time,rs-002156-8mp76,b59a1f6d-eb78-4d18-ac70-8b37c7e5accd,2,4050.426555
2026/02/04/14:32:27,apply-time,rs-002155-9shx9,dddc507a-4847-44c1-bca4-8adc989e89ef,1,4050.426555
2026/02/04/14:32:27,running-time,rs-002155-9shx9,dddc507a-4847-44c1-bca4-8adc989e89ef,1,4050.426555
2026/02/04/14:32:27,apply-time,rs-002155-pknnj,efbe4685-5692-4112-b549-2b29cbcce946,1,4050.426555
2026/02/04/14:32:27,running-time,rs-002155-pknnj,efbe4685-5692-4112-b549-2b29cbcce946,1,4050.426555
2026/02/04/14:32:27,apply-time,rs-002155-wgfzm,7481891b-6a5f-46c6-ac10-d5ff2563b82c,1,4050.426555
2026/02/04/14:32:27,running-time,rs-002155-wgfzm,7481891b-6a5f-46c6-ac10-d5ff2563b82c,1,4050.426555
2026/02/04/14:32:27,apply-time,rs-002156-wsr79,4872d960-13c2-47e3-ab42-68404dc4bbb5,2,4050.426555
2026/02/04/14:32:27,running-time,rs-002156-wsr79,4872d960-13c2-47e3-ab42-68404dc4bbb5,2,4050.426555
2026/02/04/14:32:27,apply-time,rs-002157-v86m5,e1b9ac55-1108-4d24-ab05-caf08ded7d86,3,4050.426555
2026/02/04/14:32:27,apply-time,rs-002158-z4b29,ea21848b-6de7-4c5c-86d0-350704a39cc6,3,4051.426555
2026/02/04/14:32:28,apply-time,rs-002159-zl7nn,e179fb0d-a0a2-4338-9b74-3cf16978c7d4,2,4051.426555
2026/02/04/14:32:28,running-time,rs-002159-zl7nn,e179fb0d-a0a2-4338-9b74-3cf16978c7d4,2,4051.426555
2026/02/04/14:32:28,apply-time,rs-002160-bwrsm,8fc2869a-dc6a-44a2-8656-a812c2df649e,1,4051.426555
2026/02/04/14:32:28,running-time,rs-002160-bwrsm,8fc2869a-dc6a-44a2-8656-a812c2df649e,1,4051.426555
2026/02/04/14:32:29,running-time,rs-002157-v86m5,e1b9ac55-1108-4d24-ab05-caf08ded7d86,3,4052.426555
2026/02/04/14:32:31,apply-time,rs-002161-gdqrp,98741925-59ec-44c2-9640-b2a02f070cbc,1,4054.426555
2026/02/04/14:32:31,running-time,rs-002161-gdqrp,98741925-59ec-44c2-9640-b2a02f070cbc,1,4054.426555
2026/02/04/14:32:31,apply-time,rs-002162-g7zrl,fce3883a-3745-43dd-9177-8076b0d74594,4,4055.426555
2026/02/04/14:32:31,running-time,rs-002162-g7zrl,fce3883a-3745-43dd-9177-8076b0d74594,4,4055.426555
2026/02/04/14:32:31,apply-time,rs-002162-w8qdb,95b1027d-092e-432f-8768-b2c3917c2b5d,4,4055.426555
2026/02/04/14:32:31,running-time,rs-002162-w8qdb,95b1027d-092e-432f-8768-b2c3917c2b5d,4,4055.426555
2026/02/04/14:32:31,apply-time,rs-002162-wblnr,74a3f643-8207-4e57-9408-13d3e865849f,4,4055.426555
2026/02/04/14:32:31,running-time,rs-002162-wblnr,74a3f643-8207-4e57-9408-13d3e865849f,4,4055.426555
2026/02/04/14:32:31,apply-time,rs-002163-6vt5t,1adb5d38-4d39-43d6-b692-9979b96defa7,2,4055.426555
2026/02/04/14:32:31,running-time,rs-002163-6vt5t,1adb5d38-4d39-43d6-b692-9979b96defa7,2,4055.426555
2026/02/04/14:32:31,apply-time,rs-002163-rrml4,7bdff735-5160-44b2-9b8f-625f2aaddc5a,2,4055.426555
2026/02/04/14:32:31,running-time,rs-002163-rrml4,7bdff735-5160-44b2-9b8f-625f2aaddc5a,2,4055.426555
2026/02/04/14:32:31,apply-time,rs-002163-wsvdz,580f330d-0be2-48be-8768-660300d2195a,2,4055.426555
2026/02/04/14:32:31,running-time,rs-002163-wsvdz,580f330d-0be2-48be-8768-660300d2195a,2,4055.426555
2026/02/04/14:32:53,apply-time,rs-002165-hcbgk,4b5c67a3-71df-43e9-8877-0604836a1f78,3,4077.426555
2026/02/04/14:32:53,running-time,rs-002165-hcbgk,4b5c67a3-71df-43e9-8877-0604836a1f78,3,4077.426555
2026/02/04/14:32:53,apply-time,rs-002165-kxlxl,dca31601-2c4d-4569-8e2d-585e209bdeb0,3,4077.426555
2026/02/04/14:32:53,apply-time,rs-002165-r68nq,d7836dd4-17a5-416a-bf60-b2268e8ef030,3,4077.426555
2026/02/04/14:32:54,apply-time,rs-002164-ckjgm,8448eaaa-c7de-4e7b-8e50-ce12e9fc15e5,4,4077.426555
2026/02/04/14:32:54,running-time,rs-002164-ckjgm,8448eaaa-c7de-4e7b-8e50-ce12e9fc15e5,4,4077.426555
2026/02/04/14:32:54,apply-time,rs-002164-gvtqg,b39bd24f-123e-402f-9d3e-c33e0e2f30af,4,4077.426555
2026/02/04/14:32:54,running-time,rs-002164-gvtqg,b39bd24f-123e-402f-9d3e-c33e0e2f30af,4,4077.426555
2026/02/04/14:32:54,running-time,rs-002165-kxlxl,dca31601-2c4d-4569-8e2d-585e209bdeb0,3,4077.426555
2026/02/04/14:32:54,running-time,rs-002165-r68nq,d7836dd4-17a5-416a-bf60-b2268e8ef030,3,4077.426555
2026/02/04/14:32:54,apply-time,rs-002166-6m2s4,965401c6-b3ca-4378-ac02-09b50b15ad3d,4,4077.426555
2026/02/04/14:32:54,running-time,rs-002166-6m2s4,965401c6-b3ca-4378-ac02-09b50b15ad3d,4,4077.426555
2026/02/04/14:32:54,apply-time,rs-002167-r9nqh,d3397f89-0aaa-43f2-a0b1-bcbe1e89b34d,3,4077.426555
2026/02/04/14:32:54,running-time,rs-002167-r9nqh,d3397f89-0aaa-43f2-a0b1-bcbe1e89b34d,3,4077.426555
2026/02/04/14:32:54,apply-time,rs-002168-444xv,db40e700-026b-4da9-adaf-78e1732fbcef,2,4078.426555
2026/02/04/14:32:54,running-time,rs-002168-444xv,db40e700-026b-4da9-adaf-78e1732fbcef,2,4078.426555
2026/02/04/14:32:54,apply-time,rs-002168-4sg7w,23f0d6b0-0801-4520-96a3-43e264f4f438,2,4078.426555
2026/02/04/14:32:54,running-time,rs-002168-4sg7w,23f0d6b0-0801-4520-96a3-43e264f4f438,2,4078.426555
2026/02/04/14:32:55,apply-time,rs-002169-9b52l,bcec019d-a122-4daa-9cc3-897fb8ad7c6c,1,4078.426555
2026/02/04/14:32:55,running-time,rs-002169-9b52l,bcec019d-a122-4daa-9cc3-897fb8ad7c6c,1,4078.426555
2026/02/04/14:32:55,apply-time,rs-002170-kwp7f,3f167534-84f8-4aa0-9516-ad79cfe65013,2,4078.426555
2026/02/04/14:32:55,running-time,rs-002170-kwp7f,3f167534-84f8-4aa0-9516-ad79cfe65013,2,4078.426555
2026/02/04/14:32:55,apply-time,rs-002171-fh5mg,51862b35-542d-4d2b-a766-2c5b7b4ee346,2,4078.426555
2026/02/04/14:32:55,running-time,rs-002171-fh5mg,51862b35-542d-4d2b-a766-2c5b7b4ee346,2,4078.426555
2026/02/04/14:32:55,apply-time,rs-002171-l2fvm,87bdfc16-58a3-46cc-b3bd-1284c6df7e0a,2,4078.426555
2026/02/04/14:32:55,running-time,rs-002171-l2fvm,87bdfc16-58a3-46cc-b3bd-1284c6df7e0a,2,4078.426555
2026/02/04/14:32:55,apply-time,rs-002172-k9j8h,d621dad5-3440-4e0d-b0e4-33eff5ca92c7,2,4078.426555
2026/02/04/14:32:55,running-time,rs-002172-k9j8h,d621dad5-3440-4e0d-b0e4-33eff5ca92c7,2,4078.426555
2026/02/04/14:32:56,apply-time,rs-002173-sz6w5,ff4ae945-d2c3-48f6-849c-103bc1e827b3,1,4079.426555
2026/02/04/14:32:56,apply-time,rs-002174-q5qvc,60ad79f8-be0d-4a9b-a5a6-d8eb95858f38,2,4080.426555
2026/02/04/14:32:57,running-time,rs-002173-sz6w5,ff4ae945-d2c3-48f6-849c-103bc1e827b3,1,4081.426555
2026/02/04/14:32:57,running-time,rs-002174-q5qvc,60ad79f8-be0d-4a9b-a5a6-d8eb95858f38,2,4081.426555
2026/02/04/14:32:57,apply-time,rs-002175-9whfz,2d89a2c6-ada7-47ac-9ba7-29595ea61bbd,4,4081.426555
2026/02/04/14:32:57,running-time,rs-002175-9whfz,2d89a2c6-ada7-47ac-9ba7-29595ea61bbd,4,4081.426555
2026/02/04/14:32:59,apply-time,rs-002176-46qp8,71f6b9e5-2b61-4f34-8635-31db7de47534,2,4082.426555
2026/02/04/14:32:59,running-time,rs-002176-46qp8,71f6b9e5-2b61-4f34-8635-31db7de47534,2,4082.426555
2026/02/04/14:32:59,apply-time,rs-002176-dl4p7,a9635de7-1d01-4d32-bb41-6a2971233b80,2,4082.426555
2026/02/04/14:32:59,running-time,rs-002176-dl4p7,a9635de7-1d01-4d32-bb41-6a2971233b80,2,4082.426555
2026/02/04/14:32:59,apply-time,rs-002176-sr9rs,911d2893-77ab-4bfd-99dc-43960e4c15f2,2,4082.426555
2026/02/04/14:32:59,running-time,rs-002176-sr9rs,911d2893-77ab-4bfd-99dc-43960e4c15f2,2,4082.426555
2026/02/04/14:32:59,apply-time,rs-002177-lsz44,5b65ca86-1feb-48f6-8294-fd6b780a5ace,1,4082.426555
2026/02/04/14:32:59,running-time,rs-002177-lsz44,5b65ca86-1feb-48f6-8294-fd6b780a5ace,1,4082.426555
2026/02/04/14:32:59,apply-time,rs-002178-bh2nq,fb075a61-7039-4bd0-b2ce-c161e1a252eb,4,4082.426555
2026/02/04/14:32:59,apply-time,rs-002178-jjfrv,624a12ea-b1d2-4db9-8208-57c5f8b18b26,4,4082.426555
2026/02/04/14:32:59,apply-time,rs-002179-5278m,dd9698e5-c8b5-4c29-869f-c3fb803e953b,1,4082.426555
2026/02/04/14:32:59,running-time,rs-002179-5278m,dd9698e5-c8b5-4c29-869f-c3fb803e953b,1,4082.426555
2026/02/04/14:33:02,apply-time,rs-002180-m2tqc,48d7a52d-46da-4ccb-a5ea-b240495f28c7,2,4086.426555
2026/02/04/14:33:02,running-time,rs-002180-m2tqc,48d7a52d-46da-4ccb-a5ea-b240495f28c7,2,4086.426555
2026/02/04/14:33:02,apply-time,rs-002181-cdqbr,dcff4b3b-6e41-4e08-8b3f-f41036065263,2,4086.426555
2026/02/04/14:33:02,apply-time,rs-002181-ctc7w,2af96ee8-f9a3-4eb0-9431-16d1a7ea9145,2,4086.426555
2026/02/04/14:33:02,apply-time,rs-002181-jndsb,ab0b26c2-4f14-49c9-b03a-df571fb753f0,2,4086.426555
2026/02/04/14:33:02,apply-time,rs-002182-4xzn7,3e4d183d-f214-4b7d-901a-e2201deb6c59,4,4086.426555
2026/02/04/14:33:02,running-time,rs-002182-4xzn7,3e4d183d-f214-4b7d-901a-e2201deb6c59,4,4086.426555
2026/02/04/14:33:02,apply-time,rs-002182-drp55,12fc45e2-276c-43ce-98e2-1bcaa3245793,4,4086.426555
2026/02/04/14:33:02,running-time,rs-002182-drp55,12fc45e2-276c-43ce-98e2-1bcaa3245793,4,4086.426555
2026/02/04/14:33:02,apply-time,rs-002182-l844x,a06c1348-5d9d-4e6e-b2f3-b3c13117c0e6,4,4086.426555
2026/02/04/14:33:05,running-time,rs-002182-l844x,a06c1348-5d9d-4e6e-b2f3-b3c13117c0e6,4,4088.426555
2026/02/04/14:33:06,apply-time,rs-002183-4hqsk,f9580af1-c804-4e2e-bd39-343300157db3,4,4089.426555
2026/02/04/14:33:06,running-time,rs-002183-4hqsk,f9580af1-c804-4e2e-bd39-343300157db3,4,4089.426555
2026/02/04/14:33:06,apply-time,rs-002183-7ls4s,efaa29ae-3824-4a6c-8e76-1fec13e09d1d,4,4089.426555
2026/02/04/14:33:06,running-time,rs-002183-7ls4s,efaa29ae-3824-4a6c-8e76-1fec13e09d1d,4,4089.426555
2026/02/04/14:33:06,apply-time,rs-002183-stpdb,2fc83c90-45ad-4ed6-bd66-2a80a474316b,4,4089.426555
2026/02/04/14:33:06,running-time,rs-002183-stpdb,2fc83c90-45ad-4ed6-bd66-2a80a474316b,4,4089.426555
2026/02/04/14:33:06,apply-time,rs-002184-8cjhf,9e6fd7f4-be61-434d-99bc-bb3243250e88,1,4089.426555
2026/02/04/14:33:06,running-time,rs-002184-8cjhf,9e6fd7f4-be61-434d-99bc-bb3243250e88,1,4089.426555
2026/02/04/14:33:16,apply-time,rs-002185-2k8ph,03c29bbd-377b-44de-9eb7-306396a25b98,3,4100.426555
2026/02/04/14:33:16,running-time,rs-002185-2k8ph,03c29bbd-377b-44de-9eb7-306396a25b98,3,4100.426555
2026/02/04/14:33:16,apply-time,rs-002185-knqxs,7351c7d3-c39f-44a6-85e1-e798e6d4c361,3,4100.426555
2026/02/04/14:33:16,running-time,rs-002185-knqxs,7351c7d3-c39f-44a6-85e1-e798e6d4c361,3,4100.426555
2026/02/04/14:33:16,apply-time,rs-002186-d44q9,b74d8fd2-0a43-4e80-84e4-979b4cd50c32,4,4100.426555
2026/02/04/14:33:16,running-time,rs-002186-d44q9,b74d8fd2-0a43-4e80-84e4-979b4cd50c32,4,4100.426555
2026/02/04/14:33:16,apply-time,rs-002187-9w57r,c45a8853-52e2-4541-ac35-c52d77fcc27d,1,4100.426555
2026/02/04/14:33:16,running-time,rs-002187-9w57r,c45a8853-52e2-4541-ac35-c52d77fcc27d,1,4100.426555
2026/02/04/14:33:16,apply-time,rs-002188-982gq,d8d8c9b3-6871-48af-9a57-30d533fb5087,1,4100.426555
2026/02/04/14:33:16,running-time,rs-002188-982gq,d8d8c9b3-6871-48af-9a57-30d533fb5087,1,4100.426555
2026/02/04/14:33:16,apply-time,rs-002189-95jh5,a76d08da-28a0-4a6b-b848-eaf23f46a339,3,4100.426555
2026/02/04/14:33:16,running-time,rs-002189-95jh5,a76d08da-28a0-4a6b-b848-eaf23f46a339,3,4100.426555
2026/02/04/14:33:16,apply-time,rs-002189-b5plf,0702f1d0-9419-4d07-bc02-b22cdc727fc7,3,4100.426555
2026/02/04/14:33:16,running-time,rs-002189-b5plf,0702f1d0-9419-4d07-bc02-b22cdc727fc7,3,4100.426555
2026/02/04/14:33:25,apply-time,rs-002190-2l5pp,d6187f0c-e322-4f6b-930c-606d374ddd62,1,4108.426555
2026/02/04/14:33:25,running-time,rs-002190-2l5pp,d6187f0c-e322-4f6b-930c-606d374ddd62,1,4108.426555
2026/02/04/14:33:25,apply-time,rs-002190-7dbrx,2298b3a0-2ac4-4418-8630-1d805793b780,1,4108.426555
2026/02/04/14:33:25,running-time,rs-002190-7dbrx,2298b3a0-2ac4-4418-8630-1d805793b780,1,4108.426555
2026/02/04/14:33:25,apply-time,rs-002190-nfl5q,5311083b-b687-4c66-81cf-9147639122bf,1,4108.426555
2026/02/04/14:33:25,running-time,rs-002190-nfl5q,5311083b-b687-4c66-81cf-9147639122bf,1,4108.426555
2026/02/04/14:33:33,apply-time,rs-002191-54zzm,dbaf5e47-40fb-4a7b-acab-2ff67f83d8e8,2,4116.426555
2026/02/04/14:33:33,running-time,rs-002191-54zzm,dbaf5e47-40fb-4a7b-acab-2ff67f83d8e8,2,4116.426555
2026/02/04/14:33:33,apply-time,rs-002191-p6lc6,8dfb092f-52b9-4c8a-a190-995867a52c73,2,4116.426555
2026/02/04/14:33:33,running-time,rs-002191-p6lc6,8dfb092f-52b9-4c8a-a190-995867a52c73,2,4116.426555
2026/02/04/14:33:33,apply-time,rs-002192-8h2xs,0a0c59d4-f331-45b5-a3ca-0895333abd26,2,4116.426555
2026/02/04/14:33:33,running-time,rs-002192-8h2xs,0a0c59d4-f331-45b5-a3ca-0895333abd26,2,4116.426555
2026/02/04/14:33:34,apply-time,rs-002193-kdrbr,0c32c9bb-73e2-4cea-9785-3ab794e77ce2,2,4117.426555
2026/02/04/14:33:34,running-time,rs-002193-kdrbr,0c32c9bb-73e2-4cea-9785-3ab794e77ce2,2,4117.426555
2026/02/04/14:33:38,apply-time,rs-002194-8xh7s,9af3fffd-179e-443c-8b5f-9b7f6d0ab76b,3,4122.426555
2026/02/04/14:33:38,running-time,rs-002194-8xh7s,9af3fffd-179e-443c-8b5f-9b7f6d0ab76b,3,4122.426555
2026/02/04/14:33:38,apply-time,rs-002195-p2qjc,54150d09-5b74-4cae-9e73-15f7dfe14b1c,4,4122.426555
2026/02/04/14:33:38,running-time,rs-002195-p2qjc,54150d09-5b74-4cae-9e73-15f7dfe14b1c,4,4122.426555
2026/02/04/14:33:38,apply-time,rs-002195-t6hnx,d960e78c-49b1-4c19-9dae-ff41857839c0,4,4122.426555
2026/02/04/14:33:38,running-time,rs-002195-t6hnx,d960e78c-49b1-4c19-9dae-ff41857839c0,4,4122.426555
2026/02/04/14:33:38,apply-time,rs-002195-zqcrx,5fc905dc-a971-40e2-af59-c9bb22cd10c6,4,4122.426555
2026/02/04/14:33:38,running-time,rs-002195-zqcrx,5fc905dc-a971-40e2-af59-c9bb22cd10c6,4,4122.426555
2026/02/04/14:33:50,apply-time,rs-002196-h7q4b,43f74650-5c52-4952-a984-498225918053,4,4134.426555
2026/02/04/14:33:50,running-time,rs-002196-h7q4b,43f74650-5c52-4952-a984-498225918053,4,4134.426555
2026/02/04/14:33:50,apply-time,rs-002197-x4c8q,16b46e94-deb8-40e5-99f4-cb5da842d5e8,4,4134.426555
2026/02/04/14:33:50,running-time,rs-002197-x4c8q,16b46e94-deb8-40e5-99f4-cb5da842d5e8,4,4134.426555
2026/02/04/14:33:50,apply-time,rs-002197-xpqg7,c443d858-7267-4195-8335-0416ce5d6391,4,4134.426555
2026/02/04/14:33:50,running-time,rs-002197-xpqg7,c443d858-7267-4195-8335-0416ce5d6391,4,4134.426555
2026/02/04/14:33:50,apply-time,rs-002197-zmgq8,55a0b441-4479-4256-9c02-4eacc62c7820,4,4134.426555
2026/02/04/14:33:50,running-time,rs-002197-zmgq8,55a0b441-4479-4256-9c02-4eacc62c7820,4,4134.426555
2026/02/04/14:33:50,apply-time,rs-002198-p6mn8,d87b0250-2deb-4c4c-b09a-9801084e4377,1,4134.426555
2026/02/04/14:33:50,running-time,rs-002198-p6mn8,d87b0250-2deb-4c4c-b09a-9801084e4377,1,4134.426555
2026/02/04/14:33:50,apply-time,rs-002198-z4ndx,5fc4ed92-ee34-41fc-9ab2-85d601190c51,1,4134.426555
2026/02/04/14:33:50,running-time,rs-002198-z4ndx,5fc4ed92-ee34-41fc-9ab2-85d601190c51,1,4134.426555
2026/02/04/14:33:50,apply-time,rs-002199-bbfd7,ef259e5f-0a86-4c53-b8c5-d3ca2980fd02,2,4134.426555
2026/02/04/14:33:50,running-time,rs-002199-bbfd7,ef259e5f-0a86-4c53-b8c5-d3ca2980fd02,2,4134.426555
2026/02/04/14:33:50,apply-time,rs-002199-zn2z8,ef4b96e5-a8be-443d-a9ed-d3d26df2dcc5,2,4134.426555
2026/02/04/14:33:50,running-time,rs-002199-zn2z8,ef4b96e5-a8be-443d-a9ed-d3d26df2dcc5,2,4134.426555
2026/02/04/14:33:51,apply-time,rs-002200-w84jx,1efdde46-ed6d-4793-8e49-0ea8a9ddd1ac,1,4134.426555
2026/02/04/14:33:51,running-time,rs-002200-w84jx,1efdde46-ed6d-4793-8e49-0ea8a9ddd1ac,1,4134.426555
2026/02/04/14:33:51,apply-time,rs-002201-8hppn,9cd8ae24-75ec-47b8-b271-2a70cf55f7db,1,4135.426555
2026/02/04/14:33:51,running-time,rs-002201-8hppn,9cd8ae24-75ec-47b8-b271-2a70cf55f7db,1,4135.426555
2026/02/04/14:33:51,apply-time,rs-002201-8mlw4,b1b34f37-9634-425d-990c-ef87e1f51b17,1,4135.426555
2026/02/04/14:33:51,running-time,rs-002201-8mlw4,b1b34f37-9634-425d-990c-ef87e1f51b17,1,4135.426555
2026/02/04/14:33:51,apply-time,rs-002201-qsmhl,1c21c41d-78fc-4e1c-afea-c030b06330fd,1,4134.426555
2026/02/04/14:33:51,running-time,rs-002201-qsmhl,1c21c41d-78fc-4e1c-afea-c030b06330fd,1,4134.426555
2026/02/04/14:33:51,apply-time,rs-002202-lzmt8,ab860ce3-54c6-4509-ace8-8c426d2cbb5a,2,4135.426555
2026/02/04/14:33:51,running-time,rs-002202-lzmt8,ab860ce3-54c6-4509-ace8-8c426d2cbb5a,2,4135.426555
2026/02/04/14:33:51,apply-time,rs-002203-2lnx9,6376405e-895b-4262-be4e-c4bb65a6f67e,1,4134.426555
2026/02/04/14:33:51,running-time,rs-002203-2lnx9,6376405e-895b-4262-be4e-c4bb65a6f67e,1,4134.426555
2026/02/04/14:33:51,apply-time,rs-002204-xv9xb,586a43a5-cb06-4a49-afef-ed3fc6b576ad,1,4135.426555
2026/02/04/14:33:51,running-time,rs-002204-xv9xb,586a43a5-cb06-4a49-afef-ed3fc6b576ad,1,4135.426555
2026/02/04/14:33:51,apply-time,rs-002205-jgqrk,a0d48eba-5272-4969-8e45-329cd7331e05,3,4135.426555
2026/02/04/14:33:51,running-time,rs-002205-jgqrk,a0d48eba-5272-4969-8e45-329cd7331e05,3,4135.426555
2026/02/04/14:33:52,apply-time,rs-002204-65ckb,aec7b8e1-a1ad-4c4d-8ddf-48169f2bbc49,1,4135.426555
2026/02/04/14:33:52,running-time,rs-002204-65ckb,aec7b8e1-a1ad-4c4d-8ddf-48169f2bbc49,1,4135.426555
2026/02/04/14:33:52,apply-time,rs-002204-ts7ct,c0d5c442-6e03-4a0e-8817-58d9cd1e0ae3,1,4135.426555
2026/02/04/14:33:52,running-time,rs-002204-ts7ct,c0d5c442-6e03-4a0e-8817-58d9cd1e0ae3,1,4135.426555
2026/02/04/14:33:52,apply-time,rs-002205-v4rpv,675a03e1-99dd-48dd-8a48-cf881ad84f7f,3,4135.426555
2026/02/04/14:33:52,running-time,rs-002205-v4rpv,675a03e1-99dd-48dd-8a48-cf881ad84f7f,3,4135.426555
2026/02/04/14:33:52,apply-time,rs-002205-zll5w,046d8e82-1af5-4573-9a1b-c62df7c0f9ab,3,4135.426555
2026/02/04/14:33:52,running-time,rs-002205-zll5w,046d8e82-1af5-4573-9a1b-c62df7c0f9ab,3,4135.426555
2026/02/04/14:33:52,apply-time,rs-002206-tr9pp,90e215ef-066b-46ba-bf69-9e01af4d80fa,1,4136.426555
2026/02/04/14:33:52,running-time,rs-002206-tr9pp,90e215ef-066b-46ba-bf69-9e01af4d80fa,1,4136.426555
2026/02/04/14:33:52,apply-time,rs-002207-w2mwd,4801b1be-7598-49ce-8684-d69df4731470,1,4136.426555
2026/02/04/14:33:52,running-time,rs-002207-w2mwd,4801b1be-7598-49ce-8684-d69df4731470,1,4136.426555
2026/02/04/14:33:52,apply-time,rs-002208-svznv,c08837b7-e38e-4db7-bf91-cd091a552ca5,3,4136.426555
2026/02/04/14:33:52,running-time,rs-002208-svznv,c08837b7-e38e-4db7-bf91-cd091a552ca5,3,4136.426555
2026/02/04/14:33:52,apply-time,rs-002209-m6whx,76add37b-0649-4cc1-8138-e8a13cff0432,3,4136.426555
2026/02/04/14:33:52,running-time,rs-002209-m6whx,76add37b-0649-4cc1-8138-e8a13cff0432,3,4136.426555
2026/02/04/14:33:53,apply-time,rs-002206-fk74w,e9514b54-d7ec-449b-be8e-c2f09a416241,1,4136.426555
2026/02/04/14:33:53,running-time,rs-002206-fk74w,e9514b54-d7ec-449b-be8e-c2f09a416241,1,4136.426555
2026/02/04/14:33:53,apply-time,rs-002206-j4w5m,916e5d9d-9224-4a5e-975d-cff804ea7515,1,4136.426555
2026/02/04/14:33:53,running-time,rs-002206-j4w5m,916e5d9d-9224-4a5e-975d-cff804ea7515,1,4136.426555
2026/02/04/14:33:53,apply-time,rs-002209-jhhsj,4ed943af-3cf3-417a-96b7-bcbf0754ddc5,3,4136.426555
2026/02/04/14:33:53,running-time,rs-002209-jhhsj,4ed943af-3cf3-417a-96b7-bcbf0754ddc5,3,4136.426555
2026/02/04/14:33:53,apply-time,rs-002209-kwxcz,eb55ab81-1b3b-40c5-b9c0-d0f41139d70b,3,4136.426555
2026/02/04/14:33:53,running-time,rs-002209-kwxcz,eb55ab81-1b3b-40c5-b9c0-d0f41139d70b,3,4136.426555
2026/02/04/14:33:53,apply-time,rs-002210-vf4bp,ec3bb702-07d3-4108-b7b9-35ef78b61f13,2,4137.426555
2026/02/04/14:33:53,running-time,rs-002210-vf4bp,ec3bb702-07d3-4108-b7b9-35ef78b61f13,2,4137.426555
2026/02/04/14:33:54,apply-time,rs-002211-wzmlt,5f0ed682-e537-40b9-a74c-c673851ef9ab,3,4137.426555
2026/02/04/14:33:54,apply-time,rs-002212-kcrm4,93c29837-8846-4114-95cb-9ead4633ee36,1,4137.426555
2026/02/04/14:33:54,running-time,rs-002212-kcrm4,93c29837-8846-4114-95cb-9ead4633ee36,1,4138.426555
2026/02/04/14:33:54,apply-time,rs-002213-8gsp7,2d54fca3-4f32-4b81-8fb3-36f132cbac13,1,4138.426555
2026/02/04/14:33:54,running-time,rs-002213-8gsp7,2d54fca3-4f32-4b81-8fb3-36f132cbac13,1,4138.426555
2026/02/04/14:33:54,apply-time,rs-002213-hpzjr,24dd57d9-5ed3-4707-9c9b-f9deeee872f8,1,4138.426555
2026/02/04/14:33:54,running-time,rs-002213-hpzjr,24dd57d9-5ed3-4707-9c9b-f9deeee872f8,1,4138.426555
2026/02/04/14:33:54,apply-time,rs-002213-wt2t4,f9152613-416a-4802-bae5-a66fc3135ddc,1,4137.426555
2026/02/04/14:33:54,running-time,rs-002213-wt2t4,f9152613-416a-4802-bae5-a66fc3135ddc,1,4137.426555
2026/02/04/14:33:54,apply-time,rs-002214-4xxvw,cf1c13bb-7e84-4be1-b52a-ba7e198170eb,1,4137.426555
2026/02/04/14:33:54,running-time,rs-002214-4xxvw,cf1c13bb-7e84-4be1-b52a-ba7e198170eb,1,4137.426555
2026/02/04/14:33:54,apply-time,rs-002215-4sl8r,a6e515ed-30ac-410f-8854-0ba0aa459311,3,4138.426555
2026/02/04/14:33:54,running-time,rs-002215-4sl8r,a6e515ed-30ac-410f-8854-0ba0aa459311,3,4138.426555
2026/02/04/14:33:54,apply-time,rs-002215-8kpcz,55e8a61b-d8db-4dee-89b1-66e6954aaedb,3,4138.426555
2026/02/04/14:33:54,running-time,rs-002215-8kpcz,55e8a61b-d8db-4dee-89b1-66e6954aaedb,3,4138.426555
2026/02/04/14:33:54,apply-time,rs-002216-t8xhz,d462cf5d-212c-4e6f-ad08-1f4287ac8919,1,4138.426555
2026/02/04/14:33:55,running-time,rs-002211-wzmlt,5f0ed682-e537-40b9-a74c-c673851ef9ab,3,4138.426555
2026/02/04/14:33:55,apply-time,rs-002216-csl5w,fc77d5e1-75d5-40e1-a2ac-49b8ae68f7a1,1,4138.426555
2026/02/04/14:33:55,running-time,rs-002216-csl5w,fc77d5e1-75d5-40e1-a2ac-49b8ae68f7a1,1,4138.426555
2026/02/04/14:33:55,apply-time,rs-002216-nj6ff,316d7018-ab7b-4961-930d-6ff9a80edf6b,1,4138.426555
2026/02/04/14:33:55,running-time,rs-002216-nj6ff,316d7018-ab7b-4961-930d-6ff9a80edf6b,1,4138.426555
2026/02/04/14:33:55,running-time,rs-002216-t8xhz,d462cf5d-212c-4e6f-ad08-1f4287ac8919,1,4138.426555
2026/02/04/14:33:55,apply-time,rs-002217-wvmqc,30382e58-a253-40cf-ad90-ea25bae146a7,1,4138.426555
2026/02/04/14:33:55,running-time,rs-002217-wvmqc,30382e58-a253-40cf-ad90-ea25bae146a7,1,4138.426555
2026/02/04/14:33:55,apply-time,rs-002218-rf2t7,3997ae44-f510-477c-a601-53bc5a418a99,1,4138.426555
2026/02/04/14:33:55,apply-time,rs-002219-26mpc,5bc42977-fe06-4be3-89a9-ac035a0a3b05,2,4139.426555
2026/02/04/14:33:55,running-time,rs-002219-26mpc,5bc42977-fe06-4be3-89a9-ac035a0a3b05,2,4139.426555
2026/02/04/14:33:55,apply-time,rs-002219-kmwgh,8f14a3b4-4774-4503-a99e-353c71a1f83d,2,4139.426555
2026/02/04/14:33:55,running-time,rs-002219-kmwgh,8f14a3b4-4774-4503-a99e-353c71a1f83d,2,4139.426555
2026/02/04/14:33:56,running-time,rs-002218-rf2t7,3997ae44-f510-477c-a601-53bc5a418a99,1,4140.426555
2026/02/04/14:34:18,apply-time,rs-002220-m657t,93df1dd6-c6b1-4ac1-83ec-06baee0d9184,3,4162.426555
2026/02/04/14:34:18,apply-time,rs-002221-27xwj,894c3e50-796c-4ae2-9e51-8d9365f5ecd0,4,4162.426555
2026/02/04/14:34:18,running-time,rs-002221-27xwj,894c3e50-796c-4ae2-9e51-8d9365f5ecd0,4,4162.426555
2026/02/04/14:34:18,apply-time,rs-002221-f4f9c,311606af-de87-43c6-8954-d77cadf7c381,4,4162.426555
2026/02/04/14:34:18,running-time,rs-002221-f4f9c,311606af-de87-43c6-8954-d77cadf7c381,4,4162.426555
2026/02/04/14:34:18,apply-time,rs-002221-vlrwx,20c94eda-308c-419a-97ba-e190ece8e43a,4,4162.426555
2026/02/04/14:34:18,running-time,rs-002221-vlrwx,20c94eda-308c-419a-97ba-e190ece8e43a,4,4162.426555
2026/02/04/14:34:18,apply-time,rs-002222-8xrdw,adac2953-07e9-47fc-9b0e-b65cf895bbdb,1,4162.426555
2026/02/04/14:34:18,apply-time,rs-002222-jdc64,92a238a1-04e9-4f2f-a289-04937e89678e,1,4162.426555
2026/02/04/14:34:18,apply-time,rs-002223-kht8x,46afafce-d35b-486e-b4ef-ec3a3d1fdf49,3,4162.426555
2026/02/04/14:34:18,running-time,rs-002223-kht8x,46afafce-d35b-486e-b4ef-ec3a3d1fdf49,3,4162.426555
2026/02/04/14:34:18,apply-time,rs-002224-cdrqt,8e264aa3-c313-458c-bad3-e2022e5670ed,2,4162.426555
2026/02/04/14:34:18,running-time,rs-002224-cdrqt,8e264aa3-c313-458c-bad3-e2022e5670ed,2,4162.426555
2026/02/04/14:34:18,apply-time,rs-002224-q226z,3e5b8717-c0c7-43df-b97e-baee66350be4,2,4162.426555
2026/02/04/14:34:18,running-time,rs-002224-q226z,3e5b8717-c0c7-43df-b97e-baee66350be4,2,4162.426555
2026/02/04/14:34:18,apply-time,rs-002224-wdzhm,cd411a63-a1e2-431d-9e55-7975374ec09e,2,4162.426555
2026/02/04/14:34:18,running-time,rs-002224-wdzhm,cd411a63-a1e2-431d-9e55-7975374ec09e,2,4162.426555
2026/02/04/14:34:18,apply-time,rs-002225-mhr7k,fc9cb263-46d1-4a08-bdc8-c578ca588641,1,4162.426555
2026/02/04/14:34:18,apply-time,rs-002226-r7dc9,6511bd24-feda-4eea-80cd-981ac5d43258,2,4162.426555
2026/02/04/14:34:18,running-time,rs-002226-r7dc9,6511bd24-feda-4eea-80cd-981ac5d43258,2,4162.426555
2026/02/04/14:34:18,apply-time,rs-002227-2xpps,7821eeef-dd87-43b2-b25c-66c7581a7c8b,1,4162.426555
2026/02/04/14:34:18,running-time,rs-002227-2xpps,7821eeef-dd87-43b2-b25c-66c7581a7c8b,1,4162.426555
2026/02/04/14:34:19,apply-time,rs-002225-2d22f,73d0249b-dfa9-41a9-ac31-f9465be909a8,1,4162.426555
2026/02/04/14:34:19,apply-time,rs-002225-5nj7x,8e1cc0ff-5221-4e7d-8c15-21ee8e7c7b8b,1,4162.426555
2026/02/04/14:34:19,apply-time,rs-002227-nkbvl,d7a649f6-1909-4d1e-b818-8ffa8143d19f,1,4162.426555
2026/02/04/14:34:19,running-time,rs-002227-nkbvl,d7a649f6-1909-4d1e-b818-8ffa8143d19f,1,4162.426555
2026/02/04/14:34:20,running-time,rs-002225-2d22f,73d0249b-dfa9-41a9-ac31-f9465be909a8,1,4164.426555
2026/02/04/14:34:20,running-time,rs-002225-mhr7k,fc9cb263-46d1-4a08-bdc8-c578ca588641,1,4164.426555
2026/02/04/14:34:21,apply-time,rs-002228-n4nwr,68176c96-f0ed-4654-ba2c-b260a7ac455a,2,4165.426555
2026/02/04/14:34:21,running-time,rs-002228-n4nwr,68176c96-f0ed-4654-ba2c-b260a7ac455a,2,4165.426555
2026/02/04/14:34:21,apply-time,rs-002229-nqzgg,72ebd80b-1c91-4930-8e79-742ce6f84e36,2,4165.426555
2026/02/04/14:34:21,apply-time,rs-002229-wzmzd,c860ce2f-e212-4214-a87a-7eb1b9407849,2,4165.426555
2026/02/04/14:34:21,apply-time,rs-002229-z8shl,d7c1cabf-587b-4fd5-a2ec-e94bca181bc7,2,4165.426555
2026/02/04/14:34:21,apply-time,rs-002230-lzj6x,a5ac9a54-598a-4457-a4ac-cef58b4918de,2,4165.426555
2026/02/04/14:34:21,apply-time,rs-002230-v2hhr,3d31b88c-e4c6-42ba-80bf-d413a2bbfc74,2,4165.426555
2026/02/04/14:34:21,apply-time,rs-002230-vsq7m,59064ddf-cd60-47ea-84d0-ba97b1bd003b,2,4165.426555
2026/02/04/14:34:26,running-time,rs-002230-lzj6x,a5ac9a54-598a-4457-a4ac-cef58b4918de,2,4169.426555
2026/02/04/14:34:33,apply-time,rs-001020-mfs9z,7b674a0e-784e-40f2-9ab3-43787cb47559,1,4177.426555
2026/02/04/14:34:33,running-time,rs-001020-mfs9z,7b674a0e-784e-40f2-9ab3-43787cb47559,1,4177.426555
2026/02/04/14:34:33,apply-time,rs-001184-6wbvm,75edf4d7-3bd8-4e68-bf92-dbaa669e94e9,1,4177.426555
2026/02/04/14:34:33,running-time,rs-001184-6wbvm,75edf4d7-3bd8-4e68-bf92-dbaa669e94e9,1,4177.426555
2026/02/04/14:34:33,apply-time,rs-001837-klwj8,03bd88e6-239a-408d-9aa0-8c81e9cedaa5,1,4177.426555
2026/02/04/14:34:33,running-time,rs-002230-v2hhr,3d31b88c-e4c6-42ba-80bf-d413a2bbfc74,2,4177.426555
2026/02/04/14:34:33,running-time,rs-002230-vsq7m,59064ddf-cd60-47ea-84d0-ba97b1bd003b,2,4177.426555
2026/02/04/14:34:33,apply-time,rs-002231-6nhkb,6993f25c-274f-4aca-805f-a8d9b6f60264,3,4176.426555
2026/02/04/14:34:33,running-time,rs-002231-6nhkb,6993f25c-274f-4aca-805f-a8d9b6f60264,3,4176.426555
2026/02/04/14:34:33,apply-time,rs-002231-nsjk9,21550eb9-0500-4929-b884-25d5f952e627,3,4176.426555
2026/02/04/14:34:33,running-time,rs-002231-nsjk9,21550eb9-0500-4929-b884-25d5f952e627,3,4176.426555
2026/02/04/14:34:33,apply-time,rs-002231-x6ftn,c99dcdf3-67c0-49a4-9243-3a0b18bf8f3f,3,4176.426555
2026/02/04/14:34:33,running-time,rs-002231-x6ftn,c99dcdf3-67c0-49a4-9243-3a0b18bf8f3f,3,4176.426555
2026/02/04/14:34:33,apply-time,rs-002232-7t9jn,566af12b-d890-4be7-9669-f67e7debd3c6,3,4176.426555
2026/02/04/14:34:33,running-time,rs-002232-7t9jn,566af12b-d890-4be7-9669-f67e7debd3c6,3,4176.426555
2026/02/04/14:34:33,apply-time,rs-002232-d6k8w,271a3476-4922-4d62-8524-069cfeb7ecab,3,4176.426555
2026/02/04/14:34:33,running-time,rs-002232-d6k8w,271a3476-4922-4d62-8524-069cfeb7ecab,3,4176.426555
2026/02/04/14:34:33,apply-time,rs-002232-lx69h,d668dec8-07e6-41a2-bb04-a38c891449a8,3,4176.426555
2026/02/04/14:34:33,running-time,rs-002232-lx69h,d668dec8-07e6-41a2-bb04-a38c891449a8,3,4176.426555
2026/02/04/14:34:35,running-time,rs-001837-klwj8,03bd88e6-239a-408d-9aa0-8c81e9cedaa5,1,4179.426555
2026/02/04/14:34:35,apply-time,rs-002233-fj46b,e7d9a800-6692-4b11-a681-d2f3a657b933,2,4179.426555
2026/02/04/14:34:35,apply-time,rs-002233-kp8x9,f3a142ef-a003-4f80-9ae0-8aa132e76c4a,2,4179.426555
2026/02/04/14:34:35,apply-time,rs-002234-85cq8,f7083e57-78cb-4313-843f-fd420bd83922,4,4179.426555
2026/02/04/14:34:35,apply-time,rs-002234-jl2lg,e2bd24ea-8c53-4f9d-9988-c768b966052c,4,4179.426555
2026/02/04/14:34:35,apply-time,rs-002234-mwcml,68430c77-3d8d-49e2-90a7-0909ccf5ac52,4,4179.426555
2026/02/04/14:34:35,running-time,rs-002234-mwcml,68430c77-3d8d-49e2-90a7-0909ccf5ac52,4,4179.426555
2026/02/04/14:34:36,running-time,rs-002233-fj46b,e7d9a800-6692-4b11-a681-d2f3a657b933,2,4179.426555
2026/02/04/14:34:36,running-time,rs-002233-kp8x9,f3a142ef-a003-4f80-9ae0-8aa132e76c4a,2,4179.426555
2026/02/04/14:34:39,apply-time,rs-002235-t292s,92e8238b-87b9-4565-a2e5-799cdbb5aac5,1,4183.426555
2026/02/04/14:34:39,running-time,rs-002235-t292s,92e8238b-87b9-4565-a2e5-799cdbb5aac5,1,4183.426555
2026/02/04/14:34:39,apply-time,rs-002236-bjhxc,d584d47d-7e76-4f03-9cc8-284740d65a41,1,4183.426555
2026/02/04/14:34:39,running-time,rs-002236-bjhxc,d584d47d-7e76-4f03-9cc8-284740d65a41,1,4183.426555
2026/02/04/14:34:39,apply-time,rs-002236-d6bpb,7e52ae1f-b3b4-4fa1-850f-6b432e0aa225,1,4183.426555
2026/02/04/14:34:39,running-time,rs-002236-d6bpb,7e52ae1f-b3b4-4fa1-850f-6b432e0aa225,1,4183.426555
2026/02/04/14:34:39,apply-time,rs-002236-r88hx,3e84a44f-5571-44ac-a073-6b0faef71317,1,4183.426555
2026/02/04/14:34:39,running-time,rs-002236-r88hx,3e84a44f-5571-44ac-a073-6b0faef71317,1,4183.426555
2026/02/04/14:34:39,apply-time,rs-002237-b2zkc,7a3bbeb8-6b25-49a3-acf6-a4c346f39bbf,2,4183.426555
2026/02/04/14:34:39,running-time,rs-002237-b2zkc,7a3bbeb8-6b25-49a3-acf6-a4c346f39bbf,2,4183.426555
2026/02/04/14:34:39,apply-time,rs-002238-shkww,6646906d-0df9-41e7-8e45-f65dfbfff945,2,4183.426555
2026/02/04/14:34:39,running-time,rs-002238-shkww,6646906d-0df9-41e7-8e45-f65dfbfff945,2,4183.426555
2026/02/04/14:34:41,apply-time,rs-002239-hqjqj,6e950d97-1408-44b5-a3c8-fba9a8579147,3,4185.426555
2026/02/04/14:34:41,apply-time,rs-002240-548jc,ac07151d-0539-4582-8f01-2232856352f2,4,4185.426555
2026/02/04/14:34:41,running-time,rs-002240-548jc,ac07151d-0539-4582-8f01-2232856352f2,4,4185.426555
2026/02/04/14:34:41,apply-time,rs-002240-sm229,dc94ae05-6ea3-47eb-b5fc-cbdb221f9a58,4,4185.426555
2026/02/04/14:34:41,running-time,rs-002240-sm229,dc94ae05-6ea3-47eb-b5fc-cbdb221f9a58,4,4185.426555
2026/02/04/14:34:41,apply-time,rs-002241-hbgxc,c17a6adb-6ce7-4689-accd-bad9c5744280,4,4185.426555
2026/02/04/14:34:41,apply-time,rs-002242-7t77h,695c1231-2b68-44be-a7a7-f48cc50a1c96,2,4185.426555
2026/02/04/14:34:41,running-time,rs-002242-7t77h,695c1231-2b68-44be-a7a7-f48cc50a1c96,2,4185.426555
2026/02/04/14:34:41,apply-time,rs-002242-jvghk,f28c6b70-5830-409c-a771-76a353eae9cb,2,4185.426555
2026/02/04/14:34:41,apply-time,rs-002243-8jj44,61a7618b-9b73-4de8-bbdf-f98387dc83c5,1,4185.426555
2026/02/04/14:34:41,apply-time,rs-002243-m4m29,1f18d2d2-35b9-4353-a2f6-8071a85e52c3,1,4185.426555
2026/02/04/14:34:41,running-time,rs-002243-m4m29,1f18d2d2-35b9-4353-a2f6-8071a85e52c3,1,4185.426555
2026/02/04/14:34:42,running-time,rs-002242-jvghk,f28c6b70-5830-409c-a771-76a353eae9cb,2,4186.426555
2026/02/04/14:34:43,running-time,rs-002243-8jj44,61a7618b-9b73-4de8-bbdf-f98387dc83c5,1,4187.426555
2026/02/04/14:34:47,apply-time,rs-002244-gzkkl,b59908c5-4c82-45ba-b072-8f4235d8fc49,2,4190.426555
2026/02/04/14:34:47,running-time,rs-002244-gzkkl,b59908c5-4c82-45ba-b072-8f4235d8fc49,2,4190.426555
2026/02/04/14:34:47,apply-time,rs-002245-76n7w,c12667f0-e565-489c-9e3d-b0ff02bc9c51,4,4190.426555
2026/02/04/14:34:47,running-time,rs-002245-76n7w,c12667f0-e565-489c-9e3d-b0ff02bc9c51,4,4190.426555
2026/02/04/14:34:47,apply-time,rs-002245-7vfgp,491e8374-788c-4483-8fdb-62b3f7219a34,4,4190.426555
2026/02/04/14:34:47,running-time,rs-002245-7vfgp,491e8374-788c-4483-8fdb-62b3f7219a34,4,4190.426555
2026/02/04/14:34:47,apply-time,rs-002245-grx2z,d3865cb3-5eb6-4c51-9dab-fb1ce8b2bf6b,4,4190.426555
2026/02/04/14:34:47,running-time,rs-002245-grx2z,d3865cb3-5eb6-4c51-9dab-fb1ce8b2bf6b,4,4190.426555
2026/02/04/14:34:52,apply-time,rs-002246-5kfqr,7b9a6e77-2de4-4284-9b48-dd6ff753fa98,3,4195.426555
2026/02/04/14:34:52,running-time,rs-002246-5kfqr,7b9a6e77-2de4-4284-9b48-dd6ff753fa98,3,4195.426555
2026/02/04/14:34:52,apply-time,rs-002247-q5tc5,3f8042fd-ceed-4123-b597-f151c530cc03,4,4195.426555
2026/02/04/14:34:52,apply-time,rs-002247-zs7qv,9480c23d-2a82-4fbf-915f-13d2a5f92e70,4,4195.426555
2026/02/04/14:34:52,running-time,rs-002247-zs7qv,9480c23d-2a82-4fbf-915f-13d2a5f92e70,4,4195.426555
2026/02/04/14:34:52,apply-time,rs-002248-nr5ms,52968a0d-ae73-4b42-9f87-0b9d6a7a8382,4,4195.426555
2026/02/04/14:34:53,apply-time,rs-002249-26jm4,e1e9ad11-0286-43af-9c25-3dcf18f896fb,4,4197.426555
2026/02/04/14:34:53,apply-time,rs-002249-dzj4m,80ef1285-3c57-4d7b-b31c-c3b80fd72f79,4,4197.426555
2026/02/04/14:34:53,running-time,rs-002249-dzj4m,80ef1285-3c57-4d7b-b31c-c3b80fd72f79,4,4197.426555
2026/02/04/14:34:53,apply-time,rs-002249-sn7tb,a42b91e1-7c4e-4c26-b5d9-b7b1411f9872,4,4197.426555
2026/02/04/14:34:53,apply-time,rs-002250-b6skb,533d84bc-183b-415d-9bcd-0fc4a7a9801f,2,4197.426555
2026/02/04/14:34:53,apply-time,rs-002251-cb7dr,db8738b6-8f87-4054-9b89-f6aeacba54e8,1,4197.426555
2026/02/04/14:34:53,apply-time,rs-002251-xfrcw,40129f4e-319e-4799-957b-ecc6b10bb9c1,1,4197.426555
2026/02/04/14:34:53,apply-time,rs-002252-pp2v4,55492ad3-0398-4336-999c-b8ad3db53264,4,4197.426555
2026/02/04/14:35:05,apply-time,rs-001020-n7hmc,8a4a6ce4-9d55-479b-ae15-043931e59d64,1,4209.426555
2026/02/04/14:35:05,running-time,rs-001020-n7hmc,8a4a6ce4-9d55-479b-ae15-043931e59d64,1,4209.426555
2026/02/04/14:35:05,apply-time,rs-001931-p5z8r,71f7a33b-d38a-433a-9e5c-044e67ae23fb,1,4209.426555
2026/02/04/14:35:05,running-time,rs-001931-p5z8r,71f7a33b-d38a-433a-9e5c-044e67ae23fb,1,4209.426555
2026/02/04/14:35:05,running-time,rs-002248-nr5ms,52968a0d-ae73-4b42-9f87-0b9d6a7a8382,4,4209.426555
2026/02/04/14:35:05,running-time,rs-002249-26jm4,e1e9ad11-0286-43af-9c25-3dcf18f896fb,4,4209.426555
2026/02/04/14:35:05,running-time,rs-002249-sn7tb,a42b91e1-7c4e-4c26-b5d9-b7b1411f9872,4,4209.426555
2026/02/04/14:35:17,apply-time,rs-002253-p48r2,4dd97d9b-bb51-4cae-a662-eee1f8edcf7a,4,4220.426555
2026/02/04/14:35:17,running-time,rs-002253-p48r2,4dd97d9b-bb51-4cae-a662-eee1f8edcf7a,4,4220.426555
2026/02/04/14:35:17,apply-time,rs-002254-88wkd,bebca389-de84-4b8a-a5a6-ace35bc7c0c1,3,4220.426555
2026/02/04/14:35:17,running-time,rs-002254-88wkd,bebca389-de84-4b8a-a5a6-ace35bc7c0c1,3,4220.426555
2026/02/04/14:35:17,apply-time,rs-002254-hz8dp,8d3bcd7a-1d94-4b2f-9881-f4584406e186,3,4220.426555
2026/02/04/14:35:17,apply-time,rs-002254-ppcxq,d887305d-2ff2-4e71-8c83-13a943648dcb,3,4220.426555
2026/02/04/14:35:18,apply-time,rs-002255-8w5hw,6fa746e8-f368-4d00-ba5e-ac91bfd7d76c,2,4222.426555
2026/02/04/14:35:18,running-time,rs-002255-8w5hw,6fa746e8-f368-4d00-ba5e-ac91bfd7d76c,2,4222.426555
2026/02/04/14:35:18,apply-time,rs-002255-pm76w,73c67fe6-fd4e-40f3-8a1d-f98181fc89bb,2,4222.426555
2026/02/04/14:35:18,running-time,rs-002255-pm76w,73c67fe6-fd4e-40f3-8a1d-f98181fc89bb,2,4222.426555
2026/02/04/14:35:18,apply-time,rs-002255-xrfdt,e3d91412-9a3d-4e84-8304-3a7239378b03,2,4222.426555
2026/02/04/14:35:18,apply-time,rs-002256-p7qnc,521df1f4-6021-46ee-b405-56cde64ff6d6,2,4222.426555
2026/02/04/14:35:18,running-time,rs-002256-p7qnc,521df1f4-6021-46ee-b405-56cde64ff6d6,2,4222.426555
2026/02/04/14:35:18,apply-time,rs-002257-2rls6,dd464b2f-e59d-4000-99af-d08f3f1fdd2b,4,4222.426555
2026/02/04/14:35:18,apply-time,rs-002257-mbrdl,22178eae-f66e-493c-877a-91a565a730c2,4,4222.426555
2026/02/04/14:35:18,apply-time,rs-002258-b8686,4b757c92-95b7-4d66-be6b-8dd50fbf0fba,2,4222.426555
2026/02/04/14:35:18,apply-time,rs-002258-twrf4,68c0c19b-7111-4f47-8560-0c3451666e8a,2,4222.426555
2026/02/04/14:35:18,apply-time,rs-002258-v8khv,e8643046-1654-4bca-8f98-6b8d43411396,2,4222.426555
2026/02/04/14:35:25,running-time,rs-002257-2rls6,dd464b2f-e59d-4000-99af-d08f3f1fdd2b,4,4229.426555
2026/02/04/14:35:30,running-time,rs-002255-xrfdt,e3d91412-9a3d-4e84-8304-3a7239378b03,2,4232.426555
2026/02/04/14:35:30,running-time,rs-002257-mbrdl,22178eae-f66e-493c-877a-91a565a730c2,4,4232.426555
2026/02/04/14:35:30,running-time,rs-002258-b8686,4b757c92-95b7-4d66-be6b-8dd50fbf0fba,2,4232.426555
2026/02/04/14:35:30,running-time,rs-002258-twrf4,68c0c19b-7111-4f47-8560-0c3451666e8a,2,4233.426555
2026/02/04/14:35:30,apply-time,rs-002259-qwlr2,151deb74-787e-445d-b6be-e475d7e38e5f,1,4233.426555
2026/02/04/14:35:30,running-time,rs-002259-qwlr2,151deb74-787e-445d-b6be-e475d7e38e5f,1,4233.426555
2026/02/04/14:35:30,apply-time,rs-002260-7z7nx,749c5a94-5bec-42b1-85ba-af0136fdf605,1,4233.426555
2026/02/04/14:35:30,apply-time,rs-002260-jf4tp,01de1cc3-c12d-4eb3-bd97-039bcbdb6ef7,1,4233.426555
2026/02/04/14:35:30,apply-time,rs-002260-n5r85,d039edfa-1d49-41bc-b33e-2bb8406005a0,1,4233.426555
2026/02/04/14:35:30,apply-time,rs-002261-2zszl,70250654-773d-4de0-9604-c7a66c57fbdd,1,4233.426555
2026/02/04/14:35:30,apply-time,rs-002262-2jj6d,b5b8b0da-bfa0-4886-bbe8-88f0aa7a3751,2,4233.426555
2026/02/04/14:35:30,apply-time,rs-002262-7jbdh,c1b3fb26-9be4-4918-9979-b3a0cbccc689,2,4233.426555
2026/02/04/14:35:30,apply-time,rs-002263-495jn,21b6ccef-e46a-4f22-99b1-8b84fd8be43d,1,4233.426555
2026/02/04/14:35:30,apply-time,rs-002264-7mf8j,1e246e89-6b38-4cfc-987f-7d6d207eecd6,1,4234.426555
2026/02/04/14:35:30,apply-time,rs-002264-z5r44,49031e46-b8e3-4995-9338-736c7f8731f8,1,4234.426555
2026/02/04/14:35:32,running-time,rs-002260-jf4tp,01de1cc3-c12d-4eb3-bd97-039bcbdb6ef7,1,4236.426555
2026/02/04/14:35:33,apply-time,rs-000783-wndl2,12b8c2b0-2ee9-4796-9ee8-82f29acf050f,1,4237.426555
2026/02/04/14:35:33,apply-time,rs-001020-sbk89,2380f049-78aa-4045-adc6-c5cf332c6d2c,1,4237.426555
2026/02/04/14:35:33,apply-time,rs-001494-2hnc8,2e179a97-3779-47d4-b42c-bbe47db20ebc,1,4237.426555
2026/02/04/14:35:33,running-time,rs-002258-v8khv,e8643046-1654-4bca-8f98-6b8d43411396,2,4237.426555
2026/02/04/14:35:34,apply-time,rs-001184-6l9tg,a5c5db13-0f31-4c76-8e40-5a08aa40a577,1,4237.426555
2026/02/04/14:35:37,running-time,rs-000783-wndl2,12b8c2b0-2ee9-4796-9ee8-82f29acf050f,1,4241.426555
2026/02/04/14:35:37,running-time,rs-002260-7z7nx,749c5a94-5bec-42b1-85ba-af0136fdf605,1,4241.426555
2026/02/04/14:35:37,running-time,rs-002260-n5r85,d039edfa-1d49-41bc-b33e-2bb8406005a0,1,4241.426555
2026/02/04/14:35:37,running-time,rs-002264-7mf8j,1e246e89-6b38-4cfc-987f-7d6d207eecd6,1,4241.426555
2026/02/04/14:35:37,running-time,rs-002264-z5r44,49031e46-b8e3-4995-9338-736c7f8731f8,1,4241.426555
2026/02/04/14:35:37,apply-time,rs-002265-8fmzl,a8416bea-1e2b-45b2-91f5-f5b62d37f67c,4,4241.426555
2026/02/04/14:35:37,running-time,rs-002265-8fmzl,a8416bea-1e2b-45b2-91f5-f5b62d37f67c,4,4241.426555
2026/02/04/14:35:37,apply-time,rs-002265-b9w7f,d7d19667-6edb-4da1-9170-785f7ae5aebf,4,4241.426555
2026/02/04/14:35:37,running-time,rs-002265-b9w7f,d7d19667-6edb-4da1-9170-785f7ae5aebf,4,4241.426555
2026/02/04/14:35:37,apply-time,rs-002265-ktpkb,8a8eab1e-6610-4d29-8ab9-fe039ab80c89,4,4241.426555
2026/02/04/14:35:37,running-time,rs-002265-ktpkb,8a8eab1e-6610-4d29-8ab9-fe039ab80c89,4,4241.426555
2026/02/04/14:35:37,apply-time,rs-002266-4lx6n,cf66b0db-bfb4-4193-91a0-0add122d0481,1,4241.426555
2026/02/04/14:35:37,running-time,rs-002266-4lx6n,cf66b0db-bfb4-4193-91a0-0add122d0481,1,4241.426555
2026/02/04/14:35:39,running-time,rs-001020-sbk89,2380f049-78aa-4045-adc6-c5cf332c6d2c,1,4243.426555
2026/02/04/14:35:39,running-time,rs-001184-6l9tg,a5c5db13-0f31-4c76-8e40-5a08aa40a577,1,4243.426555
2026/02/04/14:35:39,running-time,rs-001494-2hnc8,2e179a97-3779-47d4-b42c-bbe47db20ebc,1,4243.426555
2026/02/04/14:35:52,apply-time,rs-002267-fphrk,1d0e157a-35e4-4341-b19d-7079987f62e6,1,4255.426555
2026/02/04/14:35:52,running-time,rs-002267-fphrk,1d0e157a-35e4-4341-b19d-7079987f62e6,1,4255.426555
2026/02/04/14:35:52,apply-time,rs-002267-r6fvn,3c9a16bd-be79-48f7-b758-fc3d6037a0c2,1,4255.426555
2026/02/04/14:35:52,running-time,rs-002267-r6fvn,3c9a16bd-be79-48f7-b758-fc3d6037a0c2,1,4255.426555
2026/02/04/14:35:52,apply-time,rs-002267-v2gmr,d45d006a-cb39-41c2-a833-19769cd496e3,1,4255.426555
2026/02/04/14:35:52,running-time,rs-002267-v2gmr,d45d006a-cb39-41c2-a833-19769cd496e3,1,4255.426555
2026/02/04/14:35:52,apply-time,rs-002268-6r2ct,a265306b-7418-44b7-8d44-bceae9f7d382,2,4255.426555
2026/02/04/14:35:52,running-time,rs-002268-6r2ct,a265306b-7418-44b7-8d44-bceae9f7d382,2,4255.426555
2026/02/04/14:35:52,apply-time,rs-002268-6sgrr,25643204-ce2c-4ccb-ba64-4405067d9176,2,4255.426555
2026/02/04/14:35:52,running-time,rs-002268-6sgrr,25643204-ce2c-4ccb-ba64-4405067d9176,2,4255.426555
2026/02/04/14:35:52,apply-time,rs-002268-c27w8,d44e09ab-22fd-4e5f-a893-f0a5af07f56d,2,4255.426555
2026/02/04/14:35:52,running-time,rs-002268-c27w8,d44e09ab-22fd-4e5f-a893-f0a5af07f56d,2,4255.426555
2026/02/04/14:35:52,apply-time,rs-002269-jhkcl,9aa1154a-0811-4586-855d-b93099fbc887,3,4256.426555
2026/02/04/14:35:52,apply-time,rs-002269-k24pw,1a85c4e9-9402-4876-9ec4-a48db2efb817,3,4256.426555
2026/02/04/14:35:52,apply-time,rs-002269-vn9jl,0c6b00b4-80b1-4eeb-b8dc-ee330c7cb16c,3,4256.426555
2026/02/04/14:35:52,apply-time,rs-002270-ks6rj,3d1a751f-e8ed-4b63-9e3e-dcdd2fda0424,3,4256.426555
2026/02/04/14:35:52,apply-time,rs-002270-v97h2,f3bff75f-99e7-4ad1-8189-647182b9d794,3,4256.426555
2026/02/04/14:35:52,apply-time,rs-002270-vfvzf,f3946b17-4ca1-4468-a688-81daf90ccab7,3,4256.426555
2026/02/04/14:35:52,apply-time,rs-002271-68k26,23c67222-773d-4906-89ba-14c67d749c47,3,4256.426555
2026/02/04/14:35:52,apply-time,rs-002271-9wffn,a60d76b0-c842-4d80-9b7a-4997d6c41d3b,3,4256.426555
2026/02/04/14:35:52,apply-time,rs-002272-jx4h4,3f4e6f82-d2b8-4ac1-8657-c8dfb09102a8,1,4256.426555
2026/02/04/14:35:52,apply-time,rs-002272-rh27r,2f4f22ea-143b-439f-957d-f3428ee93b91,1,4256.426555
2026/02/04/14:35:52,apply-time,rs-002272-s4tn7,252951e8-982d-46b0-a118-32eb4922e2ce,1,4256.426555
2026/02/04/14:35:52,apply-time,rs-002273-gw2xn,248ec393-c828-4e37-b62a-c4606171d976,3,4256.426555
2026/02/04/14:35:53,running-time,rs-002270-ks6rj,3d1a751f-e8ed-4b63-9e3e-dcdd2fda0424,3,4257.426555
2026/02/04/14:35:53,running-time,rs-002270-v97h2,f3bff75f-99e7-4ad1-8189-647182b9d794,3,4257.426555
2026/02/04/14:35:53,running-time,rs-002270-vfvzf,f3946b17-4ca1-4468-a688-81daf90ccab7,3,4256.426555
2026/02/04/14:35:53,apply-time,rs-002274-47slf,9013fee6-bef6-4035-9f83-96199b638874,3,4257.426555
2026/02/04/14:35:53,apply-time,rs-002274-9df2r,1be1e87b-a748-40b4-afdf-4dcb368fd93b,3,4257.426555
2026/02/04/14:35:53,apply-time,rs-002274-vdtjg,b8bcb8a1-17af-43d6-9b1c-e6ac01555436,3,4257.426555
2026/02/04/14:35:53,apply-time,rs-002275-h59fn,e1ca31d0-e9d6-44ac-bdac-54c3286c6826,3,4257.426555
2026/02/04/14:35:54,running-time,rs-002271-9wffn,a60d76b0-c842-4d80-9b7a-4997d6c41d3b,3,4258.426555
2026/02/04/14:35:54,running-time,rs-002274-9df2r,1be1e87b-a748-40b4-afdf-4dcb368fd93b,3,4257.426555
2026/02/04/14:35:54,apply-time,rs-002276-c6x52,6cff6e2b-b7b7-45c8-9f8b-180d81da6f6d,1,4258.426555
2026/02/04/14:35:54,running-time,rs-002276-c6x52,6cff6e2b-b7b7-45c8-9f8b-180d81da6f6d,1,4258.426555
2026/02/04/14:35:54,apply-time,rs-002276-hbkbg,534ea103-a17e-471d-8aa2-528e85a8b043,1,4257.426555
2026/02/04/14:35:54,running-time,rs-002276-hbkbg,534ea103-a17e-471d-8aa2-528e85a8b043,1,4257.426555
2026/02/04/14:35:55,running-time,rs-002274-47slf,9013fee6-bef6-4035-9f83-96199b638874,3,4259.426555
2026/02/04/14:35:55,running-time,rs-002275-h59fn,e1ca31d0-e9d6-44ac-bdac-54c3286c6826,3,4259.426555
2026/02/04/14:36:15,apply-time,rs-002277-5pzlw,c0c8544b-3f64-41c2-84eb-7158f70f2c01,3,4279.426555
2026/02/04/14:36:15,running-time,rs-002277-5pzlw,c0c8544b-3f64-41c2-84eb-7158f70f2c01,3,4279.426555
2026/02/04/14:36:16,apply-time,rs-002278-8bbg6,4c98780b-59a2-48c9-b6a7-4d40164adc22,3,4280.426555
2026/02/04/14:36:16,running-time,rs-002278-8bbg6,4c98780b-59a2-48c9-b6a7-4d40164adc22,3,4280.426555
2026/02/04/14:36:16,apply-time,rs-002279-h95qf,888ae3a7-1f8b-46bf-b456-587f3ec79b8e,1,4280.426555
2026/02/04/14:36:16,running-time,rs-002279-h95qf,888ae3a7-1f8b-46bf-b456-587f3ec79b8e,1,4280.426555
2026/02/04/14:36:16,apply-time,rs-002279-wdf2x,0066957d-9ad1-4e84-a621-e2811e367acb,1,4280.426555
2026/02/04/14:36:16,running-time,rs-002279-wdf2x,0066957d-9ad1-4e84-a621-e2811e367acb,1,4280.426555
2026/02/04/14:36:16,apply-time,rs-002279-zq8mj,fc9ac6e5-cf4e-4857-b832-5dc37e8171d2,1,4280.426555
2026/02/04/14:36:16,running-time,rs-002279-zq8mj,fc9ac6e5-cf4e-4857-b832-5dc37e8171d2,1,4280.426555
2026/02/04/14:36:23,apply-time,rs-002280-m8scc,26669c7f-414d-4315-8898-39f0befe0e5a,1,4287.426555
2026/02/04/14:36:23,running-time,rs-002280-m8scc,26669c7f-414d-4315-8898-39f0befe0e5a,1,4287.426555
2026/02/04/14:36:23,apply-time,rs-002281-dlbf4,5bb8ee71-4c43-48fa-bd14-c12f79fffc6b,4,4287.426555
2026/02/04/14:36:23,running-time,rs-002281-dlbf4,5bb8ee71-4c43-48fa-bd14-c12f79fffc6b,4,4287.426555
2026/02/04/14:36:23,apply-time,rs-002281-q8qfg,9d8ace04-849d-414b-9e29-bea9cc13a96a,4,4287.426555
2026/02/04/14:36:23,apply-time,rs-002282-8jqkr,ae946229-437c-4156-887b-21b25ca7e95f,2,4287.426555
2026/02/04/14:36:23,running-time,rs-002282-8jqkr,ae946229-437c-4156-887b-21b25ca7e95f,2,4287.426555
2026/02/04/14:36:23,apply-time,rs-002282-98p9l,3b20d246-2c45-4f1c-8913-b51a3bfec6f5,2,4287.426555
2026/02/04/14:36:23,running-time,rs-002282-98p9l,3b20d246-2c45-4f1c-8913-b51a3bfec6f5,2,4287.426555
2026/02/04/14:36:23,apply-time,rs-002282-bmmps,4016d62d-76cf-4468-a469-900c2ed6a8de,2,4287.426555
2026/02/04/14:36:23,running-time,rs-002282-bmmps,4016d62d-76cf-4468-a469-900c2ed6a8de,2,4287.426555
2026/02/04/14:36:23,apply-time,rs-002283-k79nw,e4c10ef6-d6f8-4115-83c7-a37ffd9284a7,3,4287.426555
2026/02/04/14:36:23,running-time,rs-002283-k79nw,e4c10ef6-d6f8-4115-83c7-a37ffd9284a7,3,4287.426555
2026/02/04/14:36:23,apply-time,rs-002284-pb6fz,013dba9e-f208-4604-ba3b-3348eb49599e,3,4287.426555
2026/02/04/14:36:23,running-time,rs-002284-pb6fz,013dba9e-f208-4604-ba3b-3348eb49599e,3,4287.426555
2026/02/04/14:36:23,apply-time,rs-002285-mb962,0e52eef0-be2e-40cd-b523-8c2ee05adbc8,2,4287.426555
2026/02/04/14:36:23,running-time,rs-002285-mb962,0e52eef0-be2e-40cd-b523-8c2ee05adbc8,2,4287.426555
2026/02/04/14:36:23,apply-time,rs-002286-xgswj,a6199653-e5a9-4860-b1a4-f9cf7cebd655,3,4287.426555
2026/02/04/14:36:23,apply-time,rs-002287-x849d,9b682e5b-8316-4f6f-abe6-a78271930bf5,1,4287.426555
2026/02/04/14:36:23,running-time,rs-002287-x849d,9b682e5b-8316-4f6f-abe6-a78271930bf5,1,4287.426555
2026/02/04/14:36:23,apply-time,rs-002288-5z928,94853e3c-519e-4ef2-b9c9-24f85f776bb3,1,4287.426555
2026/02/04/14:36:23,apply-time,rs-002288-6kh2b,aedef88c-6725-4697-a0aa-fa5d6d8a4456,1,4287.426555
2026/02/04/14:36:24,apply-time,rs-002287-8vm9r,59985b46-cc68-4838-8623-80039395c55f,1,4287.426555
2026/02/04/14:36:24,running-time,rs-002287-8vm9r,59985b46-cc68-4838-8623-80039395c55f,1,4287.426555
2026/02/04/14:36:24,apply-time,rs-002289-2tbz2,41f5b718-286f-4dab-9d51-079603eb7f52,4,4288.426555
2026/02/04/14:36:24,apply-time,rs-002289-bh4g7,092d1d98-2ae2-41da-97e3-aaeee91698bc,4,4288.426555
2026/02/04/14:36:24,apply-time,rs-002289-fxhvk,c2fbf9f1-b5cb-49e4-a50d-e53478e2ccd3,4,4288.426555
2026/02/04/14:36:24,apply-time,rs-002290-dr6lt,1c439290-ed46-4ff6-99d2-51609ba209dd,3,4288.426555
2026/02/04/14:36:24,running-time,rs-002290-dr6lt,1c439290-ed46-4ff6-99d2-51609ba209dd,3,4288.426555
2026/02/04/14:36:24,apply-time,rs-002291-mbc6j,5d35ba16-a9f7-44e6-b503-f725ca12a07e,1,4288.426555
2026/02/04/14:36:24,apply-time,rs-002291-pl42c,ed0cd024-7142-4852-9b78-9f8c8b69b456,1,4287.426555
2026/02/04/14:36:24,running-time,rs-002291-pl42c,ed0cd024-7142-4852-9b78-9f8c8b69b456,1,4287.426555
2026/02/04/14:36:24,apply-time,rs-002292-88w5k,b2c1fb3a-9513-492a-b3b2-aec637a79c47,4,4288.426555
2026/02/04/14:36:24,apply-time,rs-002293-h7dzv,37373d9e-2fd3-4568-9f3d-6da6c876a81b,1,4288.426555
2026/02/04/14:36:24,apply-time,rs-002293-n6bzl,607f6e3e-1c36-4774-b3d0-d54e0ec90b23,1,4288.426555
2026/02/04/14:36:24,running-time,rs-002293-n6bzl,607f6e3e-1c36-4774-b3d0-d54e0ec90b23,1,4288.426555
2026/02/04/14:36:24,apply-time,rs-002293-n8tgd,4c1bc14f-f7d3-4b99-a22b-c0902460ba7d,1,4288.426555
2026/02/04/14:36:24,running-time,rs-002293-n8tgd,4c1bc14f-f7d3-4b99-a22b-c0902460ba7d,1,4288.426555
2026/02/04/14:36:24,apply-time,rs-002294-4x8jz,b7256f53-1f08-4825-8ea9-c372c02384f3,4,4288.426555
2026/02/04/14:36:24,running-time,rs-002294-4x8jz,b7256f53-1f08-4825-8ea9-c372c02384f3,4,4288.426555
2026/02/04/14:36:25,running-time,rs-002289-2tbz2,41f5b718-286f-4dab-9d51-079603eb7f52,4,4289.426555
2026/02/04/14:36:25,running-time,rs-002291-mbc6j,5d35ba16-a9f7-44e6-b503-f725ca12a07e,1,4289.426555
2026/02/04/14:36:25,apply-time,rs-002292-5bj22,26e26847-12a6-42ee-8637-98741603dc25,4,4288.426555
2026/02/04/14:36:25,apply-time,rs-002292-r6pfl,7e38eb04-fb50-424b-a9ea-f067de2fddd1,4,4288.426555
2026/02/04/14:36:25,apply-time,rs-002295-5f948,7df449b0-d210-4613-b055-562aaf85bb00,1,4289.426555
2026/02/04/14:36:25,apply-time,rs-002295-5sqh4,6b4d47da-9f98-4ebf-8b24-443a8a438d24,1,4289.426555
2026/02/04/14:36:25,running-time,rs-002295-5sqh4,6b4d47da-9f98-4ebf-8b24-443a8a438d24,1,4289.426555
2026/02/04/14:36:25,apply-time,rs-002296-cnpg2,215e9799-079e-4a52-9be6-b6bd6e50a9ac,2,4289.426555
2026/02/04/14:36:25,apply-time,rs-002297-9sb7m,72a26b6b-01cd-467d-9e49-754b3506606c,2,4289.426555
2026/02/04/14:36:26,running-time,rs-002295-5f948,7df449b0-d210-4613-b055-562aaf85bb00,1,4290.426555
2026/02/04/14:36:26,apply-time,rs-002298-89d49,19f59640-583d-45ce-a6f1-2d9982eac9dd,4,4290.426555
2026/02/04/14:36:26,running-time,rs-002298-89d49,19f59640-583d-45ce-a6f1-2d9982eac9dd,4,4290.426555
2026/02/04/14:36:26,apply-time,rs-002298-dttz6,82625a52-3de7-4f9e-8932-fa0bda40c48c,4,4289.426555
2026/02/04/14:36:26,running-time,rs-002298-dttz6,82625a52-3de7-4f9e-8932-fa0bda40c48c,4,4289.426555
2026/02/04/14:36:26,apply-time,rs-002299-d79kw,c4defae7-0b69-4677-a1a7-24578d973394,2,4290.426555
2026/02/04/14:36:26,apply-time,rs-002300-vl8gl,0411a999-70d9-49fe-a769-d4e327204cff,2,4290.426555
2026/02/04/14:36:26,apply-time,rs-002301-z4b2h,899f4e06-8157-49e8-8207-7f78172f70ab,3,4290.426555
2026/02/04/14:36:27,running-time,rs-002297-9sb7m,72a26b6b-01cd-467d-9e49-754b3506606c,2,4291.426555
2026/02/04/14:36:27,running-time,rs-002300-vl8gl,0411a999-70d9-49fe-a769-d4e327204cff,2,4291.426555
2026/02/04/14:36:28,running-time,rs-002289-fxhvk,c2fbf9f1-b5cb-49e4-a50d-e53478e2ccd3,4,4292.426555
2026/02/04/14:36:28,running-time,rs-002292-88w5k,b2c1fb3a-9513-492a-b3b2-aec637a79c47,4,4291.426555
2026/02/04/14:36:31,apply-time,rs-002302-77gtd,06c82d58-5a4a-40d8-8bcd-8d663c43ad91,3,4295.426555
2026/02/04/14:36:31,running-time,rs-002302-77gtd,06c82d58-5a4a-40d8-8bcd-8d663c43ad91,3,4295.426555
2026/02/04/14:36:31,apply-time,rs-002302-tnk2t,548d0b49-80fd-4105-b5f2-80b70b49949e,3,4295.426555
2026/02/04/14:36:31,running-time,rs-002302-tnk2t,548d0b49-80fd-4105-b5f2-80b70b49949e,3,4295.426555
2026/02/04/14:36:31,apply-time,rs-002303-pvxgv,0ae5de58-9779-4f7b-9192-6e5bb04879cf,4,4295.426555
2026/02/04/14:36:31,running-time,rs-002303-pvxgv,0ae5de58-9779-4f7b-9192-6e5bb04879cf,4,4295.426555
2026/02/04/14:36:32,running-time,rs-002289-bh4g7,092d1d98-2ae2-41da-97e3-aaeee91698bc,4,4296.426555
2026/02/04/14:36:32,apply-time,rs-002304-2wmj4,a87ee887-947d-46ed-a8c8-0809b6f00a2b,4,4296.426555
2026/02/04/14:36:32,running-time,rs-002304-2wmj4,a87ee887-947d-46ed-a8c8-0809b6f00a2b,4,4296.426555
2026/02/04/14:36:32,apply-time,rs-002304-sg6kh,101b0b4e-b77e-4812-9852-037fcc426107,4,4296.426555
2026/02/04/14:36:32,running-time,rs-002304-sg6kh,101b0b4e-b77e-4812-9852-037fcc426107,4,4296.426555
2026/02/04/14:36:32,apply-time,rs-002305-5pb9p,4fafd99c-c497-4f11-85c3-eed5b20e730a,2,4296.426555
2026/02/04/14:36:32,running-time,rs-002305-5pb9p,4fafd99c-c497-4f11-85c3-eed5b20e730a,2,4296.426555
2026/02/04/14:36:32,apply-time,rs-002305-djghl,79cc711e-c13c-495d-afe4-ea2864b7fd4e,2,4296.426555
2026/02/04/14:36:32,running-time,rs-002305-djghl,79cc711e-c13c-495d-afe4-ea2864b7fd4e,2,4296.426555
2026/02/04/14:36:32,apply-time,rs-002305-jmhs4,563bdf3b-f4c0-45af-aa3e-694aad34fe86,2,4296.426555
2026/02/04/14:36:32,running-time,rs-002305-jmhs4,563bdf3b-f4c0-45af-aa3e-694aad34fe86,2,4296.426555
2026/02/04/14:36:32,apply-time,rs-002306-cq2z2,14d6b5d7-9f08-4fab-8e5a-e2eeaac42043,3,4296.426555
2026/02/04/14:36:32,running-time,rs-002306-cq2z2,14d6b5d7-9f08-4fab-8e5a-e2eeaac42043,3,4296.426555
2026/02/04/14:36:32,apply-time,rs-002307-45gcm,a329ea1a-7bc4-47f3-9244-70cd11bb1b35,3,4296.426555
2026/02/04/14:36:32,running-time,rs-002307-45gcm,a329ea1a-7bc4-47f3-9244-70cd11bb1b35,3,4296.426555
2026/02/04/14:36:32,apply-time,rs-002307-nzbjh,d7f12a85-ff28-427a-814a-9a81da655ea5,3,4296.426555
2026/02/04/14:36:32,running-time,rs-002307-nzbjh,d7f12a85-ff28-427a-814a-9a81da655ea5,3,4296.426555
2026/02/04/14:36:32,apply-time,rs-002308-mfjwt,dba6280f-ae2c-4689-81e9-3ac0567743e7,4,4296.426555
2026/02/04/14:36:32,apply-time,rs-002308-xgmdg,82852908-b33e-47c3-a1e9-16907ae183fa,4,4296.426555
2026/02/04/14:36:32,apply-time,rs-002309-d9gth,d88311c1-097d-4c7b-a05f-1368b66196b9,4,4296.426555
2026/02/04/14:36:32,apply-time,rs-002309-hhntr,4e9bd005-7804-4006-82b0-9f20343928a4,4,4296.426555
2026/02/04/14:36:32,apply-time,rs-002309-xvzr4,9a7cd89a-a388-4f64-8a11-1b35dc2dcf82,4,4296.426555
2026/02/04/14:36:33,apply-time,rs-002310-kqldv,0b9cb809-ea31-4eee-9dfd-808abf943f39,3,4297.426555
2026/02/04/14:36:33,apply-time,rs-002311-wr6g7,2f24746d-2681-4f96-93d2-8d6591bbf191,2,4297.426555
2026/02/04/14:36:33,apply-time,rs-002312-2pgqh,35e60528-8238-4820-b445-090a7403f348,2,4297.426555
2026/02/04/14:36:33,apply-time,rs-002312-gwgwx,6787d504-fa08-4a8c-9dba-ff27e08298c9,2,4297.426555
2026/02/04/14:36:33,apply-time,rs-002312-h6m4l,81e15e25-0ec8-480b-be15-c26482a4a060,2,4297.426555
2026/02/04/14:36:34,apply-time,rs-002310-72srm,6b37f2fd-498b-469f-b4cc-f93853632f83,3,4297.426555
2026/02/04/14:36:34,running-time,rs-002310-kqldv,0b9cb809-ea31-4eee-9dfd-808abf943f39,3,4298.426555
2026/02/04/14:36:34,apply-time,rs-002310-t2dpq,062332d9-c32a-41f9-97c8-ab236e12b912,3,4297.426555
2026/02/04/14:36:34,running-time,rs-002310-t2dpq,062332d9-c32a-41f9-97c8-ab236e12b912,3,4298.426555
2026/02/04/14:36:35,apply-time,rs-002313-7tx9z,ff9ba18f-ee5e-4d82-9af4-9676c1915f86,4,4299.426555
2026/02/04/14:36:35,apply-time,rs-002313-fz6fz,ac7d2ba3-e09d-46ed-95ce-e371c66d4799,4,4299.426555
2026/02/04/14:36:35,apply-time,rs-002313-wjlb5,024f70ce-caf1-429d-98c7-11e9c1c7bc1b,4,4299.426555
2026/02/04/14:36:36,running-time,rs-002313-fz6fz,ac7d2ba3-e09d-46ed-95ce-e371c66d4799,4,4300.426555
2026/02/04/14:36:36,running-time,rs-002313-wjlb5,024f70ce-caf1-429d-98c7-11e9c1c7bc1b,4,4300.426555
2026/02/04/14:36:37,apply-time,rs-002314-5cnv9,0afd4fca-3403-428b-b397-86dda66ed2a3,4,4301.426555
2026/02/04/14:36:37,running-time,rs-002314-5cnv9,0afd4fca-3403-428b-b397-86dda66ed2a3,4,4301.426555
2026/02/04/14:36:37,apply-time,rs-002314-ht892,9cd99d65-871c-42b7-b5f1-6f17e7e45710,4,4301.426555
2026/02/04/14:36:37,apply-time,rs-002315-d6w68,1bf7f07c-ab89-432e-be8a-92704ec8f64c,1,4301.426555
2026/02/04/14:36:39,running-time,rs-002313-7tx9z,ff9ba18f-ee5e-4d82-9af4-9676c1915f86,4,4303.426555
2026/02/04/14:36:39,running-time,rs-002315-d6w68,1bf7f07c-ab89-432e-be8a-92704ec8f64c,1,4303.426555
2026/02/04/14:36:43,running-time,rs-002309-hhntr,4e9bd005-7804-4006-82b0-9f20343928a4,4,4307.426555
2026/02/04/14:36:45,running-time,rs-002312-2pgqh,35e60528-8238-4820-b445-090a7403f348,2,4309.426555
2026/02/04/14:36:45,running-time,rs-002312-h6m4l,81e15e25-0ec8-480b-be15-c26482a4a060,2,4309.426555
2026/02/04/14:36:51,running-time,rs-002312-gwgwx,6787d504-fa08-4a8c-9dba-ff27e08298c9,2,4315.426555
2026/02/04/14:36:58,running-time,rs-002296-cnpg2,215e9799-079e-4a52-9be6-b6bd6e50a9ac,2,4321.426555
2026/02/04/14:37:05,apply-time,rs-002316-rwzzf,56cf7ed7-9e1e-4c7b-8761-91ebe2dd96d8,3,4328.426555
2026/02/04/14:37:05,running-time,rs-002316-rwzzf,56cf7ed7-9e1e-4c7b-8761-91ebe2dd96d8,3,4328.426555
2026/02/04/14:37:05,apply-time,rs-002316-whbnl,96fc007e-c0f5-4fd0-8ef2-42d73c34520f,3,4328.426555
2026/02/04/14:37:05,running-time,rs-002316-whbnl,96fc007e-c0f5-4fd0-8ef2-42d73c34520f,3,4328.426555
2026/02/04/14:37:05,apply-time,rs-002317-2wfqm,0f758dad-ccad-414c-b6a4-d6d64121df9a,2,4328.426555
2026/02/04/14:37:05,running-time,rs-002317-2wfqm,0f758dad-ccad-414c-b6a4-d6d64121df9a,2,4328.426555
2026/02/04/14:37:05,apply-time,rs-002317-lqmbw,6c98eb0a-4a35-450d-984e-dbd3c1f28fc0,2,4328.426555
2026/02/04/14:37:05,running-time,rs-002317-lqmbw,6c98eb0a-4a35-450d-984e-dbd3c1f28fc0,2,4328.426555
2026/02/04/14:37:05,apply-time,rs-002318-nqzh2,f49ebf6a-0654-4b9b-a1fa-4f7f115fe4f3,1,4329.426555
2026/02/04/14:37:05,running-time,rs-002318-nqzh2,f49ebf6a-0654-4b9b-a1fa-4f7f115fe4f3,1,4329.426555
2026/02/04/14:37:05,apply-time,rs-002318-pcdmv,49b70ef5-d066-4543-808a-1e05e48b42e7,1,4329.426555
2026/02/04/14:37:05,running-time,rs-002318-pcdmv,49b70ef5-d066-4543-808a-1e05e48b42e7,1,4330.426555
2026/02/04/14:37:05,apply-time,rs-002318-vlvd5,397e9e9a-5d1f-415c-b4a7-c891d568483c,1,4329.426555
2026/02/04/14:37:05,running-time,rs-002318-vlvd5,397e9e9a-5d1f-415c-b4a7-c891d568483c,1,4330.426555
2026/02/04/14:37:05,apply-time,rs-002319-c52c8,2c118232-ded1-44ca-982f-c00eee877081,2,4329.426555
2026/02/04/14:37:05,running-time,rs-002319-c52c8,2c118232-ded1-44ca-982f-c00eee877081,2,4330.426555
2026/02/04/14:37:05,apply-time,rs-002319-rf2mf,f5d789bf-42b6-452d-b47d-498a23593707,2,4329.426555
2026/02/04/14:37:05,running-time,rs-002319-rf2mf,f5d789bf-42b6-452d-b47d-498a23593707,2,4330.426555
2026/02/04/14:37:08,apply-time,rs-002320-bt6gt,10a55f57-ac0a-4f29-bee4-8478970e1662,2,4331.426555
2026/02/04/14:37:08,running-time,rs-002320-bt6gt,10a55f57-ac0a-4f29-bee4-8478970e1662,2,4331.426555
2026/02/04/14:37:08,apply-time,rs-002321-dtm2w,fba9affc-a15f-47fb-8ab7-9cca352effb0,1,4331.426555
2026/02/04/14:37:08,apply-time,rs-002321-xxggg,5c688160-3ba5-4768-a21f-3cfd88a65e5a,1,4331.426555
2026/02/04/14:37:08,apply-time,rs-002322-5f6f7,ed3a9a8d-deb9-4136-b6e8-e41b2db1a0ec,2,4331.426555
2026/02/04/14:37:08,running-time,rs-002322-5f6f7,ed3a9a8d-deb9-4136-b6e8-e41b2db1a0ec,2,4331.426555
2026/02/04/14:37:08,apply-time,rs-002323-8shct,684d0bb0-e597-49ff-a27f-d25544e2ede8,3,4331.426555
2026/02/04/14:37:08,running-time,rs-002323-8shct,684d0bb0-e597-49ff-a27f-d25544e2ede8,3,4331.426555
2026/02/04/14:37:08,apply-time,rs-002324-jzs77,e9b4e7ce-f738-4bfa-b5f4-73dc9c2e5259,1,4331.426555
2026/02/04/14:37:08,running-time,rs-002324-jzs77,e9b4e7ce-f738-4bfa-b5f4-73dc9c2e5259,1,4332.426555
2026/02/04/14:37:08,apply-time,rs-002325-r48mv,46f832cf-0943-4cf3-ae32-a184344bb77f,2,4332.426555
2026/02/04/14:37:08,running-time,rs-002325-r48mv,46f832cf-0943-4cf3-ae32-a184344bb77f,2,4332.426555
2026/02/04/14:37:08,apply-time,rs-002326-k5zzm,6317d0cf-1007-4ef7-a39c-d0498c1f9b71,2,4332.426555
2026/02/04/14:37:08,running-time,rs-002326-k5zzm,6317d0cf-1007-4ef7-a39c-d0498c1f9b71,2,4332.426555
2026/02/04/14:37:08,apply-time,rs-002326-tkm8c,8a69ef9b-1ea6-4a2d-9f42-8fad5ddc3626,2,4332.426555
2026/02/04/14:37:08,running-time,rs-002326-tkm8c,8a69ef9b-1ea6-4a2d-9f42-8fad5ddc3626,2,4332.426555
2026/02/04/14:37:08,apply-time,rs-002327-d8rqs,66fa890a-71bd-48e5-91df-c6bc0dec9cf6,4,4332.426555
2026/02/04/14:37:08,running-time,rs-002327-d8rqs,66fa890a-71bd-48e5-91df-c6bc0dec9cf6,4,4332.426555
2026/02/04/14:37:08,apply-time,rs-002328-4rls4,23fca3ec-30e8-4eb3-9e36-48df2a732d9f,1,4332.426555
2026/02/04/14:37:08,apply-time,rs-002329-jc96z,46f9ed49-13b2-4336-b595-b1ffc3c85c41,1,4332.426555
2026/02/04/14:37:08,running-time,rs-002329-jc96z,46f9ed49-13b2-4336-b595-b1ffc3c85c41,1,4332.426555
2026/02/04/14:37:09,apply-time,rs-002326-t2hln,232b408d-bacc-42a5-abc0-4d39fa77a2c6,2,4332.426555
2026/02/04/14:37:09,running-time,rs-002326-t2hln,232b408d-bacc-42a5-abc0-4d39fa77a2c6,2,4332.426555
2026/02/04/14:37:09,apply-time,rs-002328-zj748,f5ede5ee-aa00-42c6-86a5-dcf0e9745b22,1,4332.426555
2026/02/04/14:37:09,running-time,rs-002328-zj748,f5ede5ee-aa00-42c6-86a5-dcf0e9745b22,1,4332.426555
2026/02/04/14:37:32,apply-time,rs-002331-vj6qj,5141a033-f813-4ba1-9a50-d620d24ae939,1,4356.426555
2026/02/04/14:37:32,running-time,rs-002331-vj6qj,5141a033-f813-4ba1-9a50-d620d24ae939,1,4356.426555
2026/02/04/14:37:32,apply-time,rs-002332-c99fj,b0849d02-3a63-47e5-8a00-2d23a983b7c6,1,4356.426555
2026/02/04/14:37:32,running-time,rs-002332-c99fj,b0849d02-3a63-47e5-8a00-2d23a983b7c6,1,4356.426555
2026/02/04/14:37:32,apply-time,rs-002332-dzk99,0157011a-e589-4faf-a8fa-36ed1c9ac889,1,4356.426555
2026/02/04/14:37:32,running-time,rs-002332-dzk99,0157011a-e589-4faf-a8fa-36ed1c9ac889,1,4356.426555
2026/02/04/14:37:32,apply-time,rs-002333-6bs9q,d3c3c3dc-6e71-47c7-a443-804cd9049e95,1,4356.426555
2026/02/04/14:37:32,running-time,rs-002333-6bs9q,d3c3c3dc-6e71-47c7-a443-804cd9049e95,1,4356.426555
2026/02/04/14:37:32,apply-time,rs-002333-jwltv,3ccb636b-4353-4147-85dc-9e949101e83b,1,4356.426555
2026/02/04/14:37:32,running-time,rs-002333-jwltv,3ccb636b-4353-4147-85dc-9e949101e83b,1,4356.426555
2026/02/04/14:37:32,apply-time,rs-002334-qxfbc,20937690-62c9-4085-9ff8-8006db8cf66e,1,4356.426555
2026/02/04/14:37:32,running-time,rs-002334-qxfbc,20937690-62c9-4085-9ff8-8006db8cf66e,1,4356.426555
2026/02/04/14:37:33,apply-time,rs-002335-m6tsg,234e68de-082e-4903-a2e7-571b99024930,4,4357.426555
2026/02/04/14:37:33,running-time,rs-002335-m6tsg,234e68de-082e-4903-a2e7-571b99024930,4,4357.426555
2026/02/04/14:37:33,apply-time,rs-002336-74jg8,6daca669-67f1-446c-84ca-57894d441525,1,4357.426555
2026/02/04/14:37:33,apply-time,rs-002336-dhj8j,afe13aae-da52-4627-978d-4a8cd82b7c0e,1,4357.426555
2026/02/04/14:37:33,apply-time,rs-002336-nj9j6,823a78db-92eb-4d10-bd3d-ef7855e3abcf,1,4357.426555
2026/02/04/14:37:33,apply-time,rs-002337-h4vnd,c0f19155-a561-4822-92ee-7c6456de784d,1,4357.426555
2026/02/04/14:37:33,running-time,rs-002337-h4vnd,c0f19155-a561-4822-92ee-7c6456de784d,1,4357.426555
2026/02/04/14:37:33,apply-time,rs-002338-gj4bs,df68845f-0cc0-4532-97aa-fb7f232548ce,2,4357.426555
2026/02/04/14:37:33,running-time,rs-002338-gj4bs,df68845f-0cc0-4532-97aa-fb7f232548ce,2,4357.426555
2026/02/04/14:37:33,apply-time,rs-002338-t8m6w,7cf2cb7d-d97f-4041-885f-8bb3042f3647,2,4357.426555
2026/02/04/14:37:33,running-time,rs-002338-t8m6w,7cf2cb7d-d97f-4041-885f-8bb3042f3647,2,4357.426555
2026/02/04/14:37:33,apply-time,rs-002338-vrl54,6ba1d620-4008-439d-8d41-c9e291252268,2,4357.426555
2026/02/04/14:37:33,running-time,rs-002338-vrl54,6ba1d620-4008-439d-8d41-c9e291252268,2,4357.426555
2026/02/04/14:37:33,apply-time,rs-002339-46j6x,89f151c8-4d84-43ae-aec6-3941731cd4ec,1,4357.426555
2026/02/04/14:37:33,running-time,rs-002339-46j6x,89f151c8-4d84-43ae-aec6-3941731cd4ec,1,4357.426555
2026/02/04/14:37:33,apply-time,rs-002339-dbrvn,a55c59d3-74f4-4fc5-adf7-572079a0e6c9,1,4357.426555
2026/02/04/14:37:33,running-time,rs-002339-dbrvn,a55c59d3-74f4-4fc5-adf7-572079a0e6c9,1,4357.426555
2026/02/04/14:37:33,apply-time,rs-002339-qslmx,bc881b15-f8a8-46b6-8c6c-b5326408769f,1,4357.426555
2026/02/04/14:37:33,running-time,rs-002339-qslmx,bc881b15-f8a8-46b6-8c6c-b5326408769f,1,4357.426555
2026/02/04/14:37:34,apply-time,rs-002340-6d4ds,947b7fd9-bc4c-4075-8003-3903928d8c7f,1,4357.426555
2026/02/04/14:37:34,running-time,rs-002340-6d4ds,947b7fd9-bc4c-4075-8003-3903928d8c7f,1,4357.426555
2026/02/04/14:37:34,apply-time,rs-002341-dlt8h,3d0f2f38-ee30-4ca0-aa39-d99f422bd600,1,4357.426555
2026/02/04/14:37:34,running-time,rs-002341-dlt8h,3d0f2f38-ee30-4ca0-aa39-d99f422bd600,1,4357.426555
2026/02/04/14:37:34,apply-time,rs-002341-g7ml6,6ea68c94-d6f0-474e-91d6-1302a28d9a46,1,4358.426555
2026/02/04/14:37:34,running-time,rs-002341-g7ml6,6ea68c94-d6f0-474e-91d6-1302a28d9a46,1,4358.426555
2026/02/04/14:37:34,apply-time,rs-002341-hsr4c,3bf501a9-9f8d-4f7e-a129-c3f4e49d61c2,1,4358.426555
2026/02/04/14:37:34,running-time,rs-002341-hsr4c,3bf501a9-9f8d-4f7e-a129-c3f4e49d61c2,1,4358.426555
2026/02/04/14:37:34,apply-time,rs-002342-mwf2d,659e8ddf-c97b-417e-8317-6a3e06c063a8,1,4358.426555
2026/02/04/14:37:34,apply-time,rs-002342-xzhsr,8ad52ef7-3a4f-44dd-abe2-bbbf3e84a21a,1,4357.426555
2026/02/04/14:37:34,apply-time,rs-002343-4nflj,e92f04c8-6d10-4b48-925a-a6ab34ad7bd7,3,4358.426555
2026/02/04/14:37:34,apply-time,rs-002343-kcx6r,ba42dca9-aa18-4832-829c-5c4794f2dfb2,3,4357.426555
2026/02/04/14:37:34,apply-time,rs-002344-gcz64,0e8b8c55-95b8-43e0-a412-1f61bc79111f,1,4357.426555
2026/02/04/14:37:34,running-time,rs-002344-gcz64,0e8b8c55-95b8-43e0-a412-1f61bc79111f,1,4357.426555
2026/02/04/14:37:34,apply-time,rs-002345-x2jjj,269ba1c0-defd-49f9-9144-74136c53a44c,1,4358.426555
2026/02/04/14:37:35,apply-time,rs-002346-958v9,8ecc3285-ab54-4da0-9cd0-03e6c081ec48,1,4359.426555
2026/02/04/14:37:35,running-time,rs-002346-958v9,8ecc3285-ab54-4da0-9cd0-03e6c081ec48,1,4359.426555
2026/02/04/14:37:35,apply-time,rs-002346-lmfr4,ad56e3b6-4b45-4fcb-b88e-0aa4ed389808,1,4358.426555
2026/02/04/14:37:35,running-time,rs-002346-lmfr4,ad56e3b6-4b45-4fcb-b88e-0aa4ed389808,1,4358.426555
2026/02/04/14:37:35,apply-time,rs-002346-tz9m2,90511207-efcc-4f3d-b11f-902ecd4e19e4,1,4359.426555
2026/02/04/14:37:35,apply-time,rs-002347-4pf6f,e872c7f9-0d55-4350-adaf-15e16f15b667,1,4358.426555
2026/02/04/14:37:35,apply-time,rs-002347-k4cd8,19e1eaf1-0ed0-47ec-b4ff-46a8987dcbe1,1,4359.426555
2026/02/04/14:37:35,apply-time,rs-002348-6rwfx,214e6a24-2e9c-401b-89ab-bad65e69d12e,3,4359.426555
2026/02/04/14:37:35,apply-time,rs-002348-bbrrj,d992d84b-0445-4f25-aa1c-d5fbe24c276a,3,4358.426555
2026/02/04/14:37:35,running-time,rs-002348-bbrrj,d992d84b-0445-4f25-aa1c-d5fbe24c276a,3,4358.426555
2026/02/04/14:37:35,apply-time,rs-002348-lkzxf,2f7bb5a0-6018-47f2-bd56-8dc2864083ae,3,4359.426555
2026/02/04/14:37:35,apply-time,rs-002349-4rs5r,6c56a8ee-7d5d-4a12-abaf-d5981b9cb63e,2,4358.426555
2026/02/04/14:37:35,apply-time,rs-002349-8vswj,ba073af3-3c2d-401e-aab1-fd5dd5589616,2,4359.426555
2026/02/04/14:37:35,apply-time,rs-002349-xvhtt,8226bdf5-ec71-49f2-8089-bb623c33539e,2,4359.426555
2026/02/04/14:37:35,apply-time,rs-002350-pld45,4c00d874-4431-4cc9-8287-aecc372a467d,2,4359.426555
2026/02/04/14:37:35,running-time,rs-002350-pld45,4c00d874-4431-4cc9-8287-aecc372a467d,2,4359.426555
2026/02/04/14:37:36,running-time,rs-002348-6rwfx,214e6a24-2e9c-401b-89ab-bad65e69d12e,3,4359.426555
2026/02/04/14:37:36,running-time,rs-002348-lkzxf,2f7bb5a0-6018-47f2-bd56-8dc2864083ae,3,4359.426555
2026/02/04/14:37:36,apply-time,rs-002351-4l7cc,84a7a0f7-c658-461c-96a3-396a77c90de5,4,4359.426555
2026/02/04/14:37:36,running-time,rs-002351-4l7cc,84a7a0f7-c658-461c-96a3-396a77c90de5,4,4360.426555
2026/02/04/14:37:36,apply-time,rs-002351-6fkhz,58965cc8-1023-4835-8599-0a88f0f0dd06,4,4360.426555
2026/02/04/14:37:36,running-time,rs-002351-6fkhz,58965cc8-1023-4835-8599-0a88f0f0dd06,4,4360.426555
2026/02/04/14:37:36,apply-time,rs-002351-c26k7,bfcb1d61-a4fd-4e9f-bc9d-39233979f41a,4,4360.426555
2026/02/04/14:37:36,running-time,rs-002351-c26k7,bfcb1d61-a4fd-4e9f-bc9d-39233979f41a,4,4360.426555
2026/02/04/14:37:36,apply-time,rs-002352-nrngd,6033952d-0797-48f0-bf64-9e6d86223306,2,4360.426555
2026/02/04/14:37:36,apply-time,rs-002352-spw7l,df111413-9b6f-41a4-b949-8f2e0a3ea66b,2,4359.426555
2026/02/04/14:37:36,apply-time,rs-002354-xc4f5,6f6cae13-b29d-4808-b2f7-fe463eaa1e79,3,4359.426555
2026/02/04/14:37:36,apply-time,rs-002355-6kmw2,8fb1a457-1e4b-413a-ac4a-83ec2ad99883,1,4360.426555
2026/02/04/14:37:36,running-time,rs-002355-6kmw2,8fb1a457-1e4b-413a-ac4a-83ec2ad99883,1,4360.426555
2026/02/04/14:37:37,running-time,rs-002345-x2jjj,269ba1c0-defd-49f9-9144-74136c53a44c,1,4361.426555
2026/02/04/14:37:37,running-time,rs-002354-xc4f5,6f6cae13-b29d-4808-b2f7-fe463eaa1e79,3,4360.426555
2026/02/04/14:37:37,apply-time,rs-002356-4t668,a2bf8d85-11b0-4e4f-a27b-bb2712d1009f,2,4360.426555
2026/02/04/14:37:37,running-time,rs-002356-4t668,a2bf8d85-11b0-4e4f-a27b-bb2712d1009f,2,4360.426555
2026/02/04/14:37:37,apply-time,rs-002356-f77kx,8857e32d-930a-4f3d-b059-694bffa63504,2,4360.426555
2026/02/04/14:37:37,apply-time,rs-002358-hzpfq,dd0c904a-0d80-423b-b5d2-e628609f5124,2,4360.426555
2026/02/04/14:37:37,running-time,rs-002358-hzpfq,dd0c904a-0d80-423b-b5d2-e628609f5124,2,4360.426555
2026/02/04/14:37:37,apply-time,rs-002358-pvpbd,513d5959-1911-4f3b-acf6-6756b84c5168,2,4361.426555
2026/02/04/14:37:38,running-time,rs-002347-4pf6f,e872c7f9-0d55-4350-adaf-15e16f15b667,1,4362.426555
2026/02/04/14:37:38,running-time,rs-002347-k4cd8,19e1eaf1-0ed0-47ec-b4ff-46a8987dcbe1,1,4362.426555
2026/02/04/14:37:39,running-time,rs-002349-4rs5r,6c56a8ee-7d5d-4a12-abaf-d5981b9cb63e,2,4362.426555
2026/02/04/14:37:40,running-time,rs-002349-8vswj,ba073af3-3c2d-401e-aab1-fd5dd5589616,2,4364.426555
2026/02/04/14:37:40,apply-time,rs-002361-67ml4,981c1482-5ae5-4796-8dad-7923f3d36d13,2,4364.426555
2026/02/04/14:37:40,apply-time,rs-002361-8lfwp,de808762-4ede-4365-8b34-50b5044886dd,2,4364.426555
2026/02/04/14:37:40,apply-time,rs-002361-cw9m8,656aa9be-a3a8-4579-99c9-b2cf1541fcde,2,4364.426555
2026/02/04/14:37:40,running-time,rs-002361-cw9m8,656aa9be-a3a8-4579-99c9-b2cf1541fcde,2,4364.426555
2026/02/04/14:37:41,running-time,rs-002349-xvhtt,8226bdf5-ec71-49f2-8089-bb623c33539e,2,4364.426555
2026/02/04/14:37:41,running-time,rs-002352-spw7l,df111413-9b6f-41a4-b949-8f2e0a3ea66b,2,4364.426555
2026/02/04/14:37:41,running-time,rs-002361-8lfwp,de808762-4ede-4365-8b34-50b5044886dd,2,4364.426555
2026/02/04/14:37:41,apply-time,rs-002362-lftrx,c5c1c62b-0999-4b1d-b942-7ea8ffa1ba81,1,4364.426555
2026/02/04/14:37:41,apply-time,rs-002362-nbgh8,21d679ce-fea3-4534-9cae-959e0535ee64,1,4364.426555
2026/02/04/14:37:41,apply-time,rs-002363-7nv4l,e37cb114-7215-4b4a-ad0d-15dd7bb918aa,2,4364.426555
2026/02/04/14:37:41,running-time,rs-002363-7nv4l,e37cb114-7215-4b4a-ad0d-15dd7bb918aa,2,4364.426555
2026/02/04/14:37:41,apply-time,rs-002364-9mbq8,eaee4ca8-e85a-4c8e-a937-5eb3fd6505bb,4,4364.426555
2026/02/04/14:37:41,running-time,rs-002364-9mbq8,eaee4ca8-e85a-4c8e-a937-5eb3fd6505bb,4,4364.426555
2026/02/04/14:37:41,apply-time,rs-002365-2xcsl,7ce50292-2e93-4f76-b7d9-cd8455567622,1,4364.426555
2026/02/04/14:37:41,apply-time,rs-002365-dldlm,22d4d42f-8275-4459-892c-2221f9d97201,1,4365.426555
2026/02/04/14:37:42,running-time,rs-002352-nrngd,6033952d-0797-48f0-bf64-9e6d86223306,2,4366.426555
2026/02/04/14:37:43,running-time,rs-002365-2xcsl,7ce50292-2e93-4f76-b7d9-cd8455567622,1,4367.426555
2026/02/04/14:37:43,running-time,rs-002365-dldlm,22d4d42f-8275-4459-892c-2221f9d97201,1,4367.426555
2026/02/04/14:37:46,running-time,rs-002342-mwf2d,659e8ddf-c97b-417e-8317-6a3e06c063a8,1,4369.426555
2026/02/04/14:37:55,running-time,rs-002342-xzhsr,8ad52ef7-3a4f-44dd-abe2-bbbf3e84a21a,1,4378.426555
2026/02/04/14:37:55,running-time,rs-002362-lftrx,c5c1c62b-0999-4b1d-b942-7ea8ffa1ba81,1,4378.426555
2026/02/04/14:37:55,running-time,rs-002362-nbgh8,21d679ce-fea3-4534-9cae-959e0535ee64,1,4378.426555
2026/02/04/14:37:55,apply-time,rs-002366-crsfx,f5615304-486b-4c50-9c5b-f59d530930c0,3,4378.426555
2026/02/04/14:37:55,apply-time,rs-002367-6g28c,7f4325e2-6ea6-4abd-abab-6ea9258ff3d3,3,4378.426555
2026/02/04/14:37:55,running-time,rs-002367-6g28c,7f4325e2-6ea6-4abd-abab-6ea9258ff3d3,3,4378.426555
2026/02/04/14:37:55,apply-time,rs-002367-wq5vt,652e516c-2fcc-4efe-91e3-a6c69c35eaea,3,4378.426555
2026/02/04/14:37:55,running-time,rs-002367-wq5vt,652e516c-2fcc-4efe-91e3-a6c69c35eaea,3,4378.426555
2026/02/04/14:37:55,apply-time,rs-002368-hgfwc,307a82d7-220e-4854-8e24-5a204ee77475,2,4379.426555
2026/02/04/14:37:55,running-time,rs-002368-hgfwc,307a82d7-220e-4854-8e24-5a204ee77475,2,4379.426555
2026/02/04/14:37:56,apply-time,rs-002369-k4h9c,275d35b0-2c3b-4db3-bc85-a8eec0060fbe,3,4380.426555
2026/02/04/14:37:56,running-time,rs-002369-k4h9c,275d35b0-2c3b-4db3-bc85-a8eec0060fbe,3,4380.426555
2026/02/04/14:37:56,apply-time,rs-002370-qz8h7,8dff4097-61bf-40d9-9875-f12f20ace0fb,3,4380.426555
2026/02/04/14:37:57,apply-time,rs-002371-zgl7c,1a35f67a-2d3e-4feb-bff3-f6f5eb5c6860,1,4380.426555
2026/02/04/14:37:57,running-time,rs-002371-zgl7c,1a35f67a-2d3e-4feb-bff3-f6f5eb5c6860,1,4380.426555
2026/02/04/14:37:57,apply-time,rs-002372-5j7pg,a52391b3-43fc-41b1-b372-19374ba84041,1,4380.426555
2026/02/04/14:37:57,running-time,rs-002372-5j7pg,a52391b3-43fc-41b1-b372-19374ba84041,1,4380.426555
2026/02/04/14:37:57,apply-time,rs-002372-6wk22,f26a225f-358d-44d5-9638-cfcbbcbeb697,1,4380.426555
2026/02/04/14:37:57,running-time,rs-002372-6wk22,f26a225f-358d-44d5-9638-cfcbbcbeb697,1,4380.426555
2026/02/04/14:37:57,apply-time,rs-002372-lrt74,9cec5fc8-64a4-48b5-ae88-33e1b450f72a,1,4380.426555
2026/02/04/14:37:57,running-time,rs-002372-lrt74,9cec5fc8-64a4-48b5-ae88-33e1b450f72a,1,4380.426555
2026/02/04/14:37:57,apply-time,rs-002373-jbk7d,60cd454d-6f85-4999-a709-974f2ceea7c4,1,4380.426555
2026/02/04/14:37:57,apply-time,rs-002374-5t5zd,d7da5dae-3e19-40f2-beea-957d4d14196c,1,4380.426555
2026/02/04/14:37:57,apply-time,rs-002374-lhjhp,51109f07-39d4-49a2-8652-c83b6ce9745a,1,4380.426555
2026/02/04/14:37:57,apply-time,rs-002374-sdxxm,51db0eda-b6ec-4912-a902-8378cef832b9,1,4380.426555
2026/02/04/14:37:57,apply-time,rs-002375-kdj29,251e6ac9-48fd-4f9b-8d09-e5e5ac255e19,3,4380.426555
2026/02/04/14:37:57,running-time,rs-002375-kdj29,251e6ac9-48fd-4f9b-8d09-e5e5ac255e19,3,4380.426555
2026/02/04/14:37:57,apply-time,rs-002376-fnsvb,c5969da6-a090-4711-9c39-d2f86afdb2bc,3,4381.426555
2026/02/04/14:37:57,running-time,rs-002376-fnsvb,c5969da6-a090-4711-9c39-d2f86afdb2bc,3,4381.426555
2026/02/04/14:37:57,apply-time,rs-002376-s6ttw,4785e7ca-e38a-4246-98ca-1068ea6627e8,3,4381.426555
2026/02/04/14:37:57,running-time,rs-002376-s6ttw,4785e7ca-e38a-4246-98ca-1068ea6627e8,3,4381.426555
2026/02/04/14:37:59,apply-time,rs-002377-2dw79,74a8715e-19f3-46ef-b3ef-3ccd65a3914c,2,4383.426555
2026/02/04/14:38:00,apply-time,rs-002378-sfxhm,2dfbc1aa-4103-4527-8be2-3371405393bc,1,4383.426555
2026/02/04/14:38:00,running-time,rs-002378-sfxhm,2dfbc1aa-4103-4527-8be2-3371405393bc,1,4383.426555
2026/02/04/14:38:00,apply-time,rs-002379-6rb2p,5f2fc115-fce9-4644-ad1f-981f7ef2fa51,2,4383.426555
2026/02/04/14:38:00,apply-time,rs-002379-ncl8t,79204cfc-d625-4510-a53d-3539109c5752,2,4383.426555
2026/02/04/14:38:00,running-time,rs-002379-ncl8t,79204cfc-d625-4510-a53d-3539109c5752,2,4384.426555
2026/02/04/14:38:00,apply-time,rs-002380-hznm6,2317b44e-535f-48f0-8d3e-c78d2a503beb,4,4383.426555
2026/02/04/14:38:00,running-time,rs-002380-hznm6,2317b44e-535f-48f0-8d3e-c78d2a503beb,4,4383.426555
2026/02/04/14:38:00,apply-time,rs-002380-lktb2,b39b08bc-a6c0-4a0c-b36d-fd2e175cb551,4,4383.426555
2026/02/04/14:38:00,running-time,rs-002380-lktb2,b39b08bc-a6c0-4a0c-b36d-fd2e175cb551,4,4383.426555
2026/02/04/14:38:00,apply-time,rs-002381-5rv4d,b7e728f9-9e6d-4d33-81d2-780e73837a65,4,4384.426555
2026/02/04/14:38:00,running-time,rs-002381-5rv4d,b7e728f9-9e6d-4d33-81d2-780e73837a65,4,4384.426555
2026/02/04/14:38:00,apply-time,rs-002381-rjdkc,84379af0-0782-42ea-8226-e09103eea924,4,4384.426555
2026/02/04/14:38:00,running-time,rs-002381-rjdkc,84379af0-0782-42ea-8226-e09103eea924,4,4384.426555
2026/02/04/14:38:00,apply-time,rs-002381-wgc4c,1f4c1c53-ddfd-45e8-a5b7-554506ffa72b,4,4384.426555
2026/02/04/14:38:00,running-time,rs-002381-wgc4c,1f4c1c53-ddfd-45e8-a5b7-554506ffa72b,4,4384.426555
2026/02/04/14:38:00,apply-time,rs-002382-8bgfw,88e08909-c287-4b41-919c-62f480e3997e,2,4384.426555
2026/02/04/14:38:01,apply-time,rs-002383-lpt9d,7a7a7755-198b-4ce5-bd2a-78de0cf0e0e5,1,4385.426555
2026/02/04/14:38:01,apply-time,rs-002383-q6gq8,fbebef75-2079-4bba-9801-3a23614ec336,1,4384.426555
2026/02/04/14:38:01,running-time,rs-002383-q6gq8,fbebef75-2079-4bba-9801-3a23614ec336,1,4385.426555
2026/02/04/14:38:01,apply-time,rs-002383-zs8rq,6b0de05c-1db3-4ddf-92ce-df065d574415,1,4384.426555
2026/02/04/14:38:01,apply-time,rs-002384-6r2n6,56a8eea1-b6d3-4052-8b46-447284b10f04,1,4385.426555
2026/02/04/14:38:01,apply-time,rs-002384-8vplq,07aac8d9-83ad-4981-a099-3f332dec2aee,1,4384.426555
2026/02/04/14:38:01,running-time,rs-002384-8vplq,07aac8d9-83ad-4981-a099-3f332dec2aee,1,4384.426555
2026/02/04/14:38:01,apply-time,rs-002385-nrbdl,739090c6-7ec8-400e-b0ad-13723746c4b4,4,4385.426555
2026/02/04/14:38:01,apply-time,rs-002385-zmlkq,0095e664-d559-4d34-82bf-27433ec01dfe,4,4384.426555
2026/02/04/14:38:02,apply-time,rs-002386-22ln6,5ad9b7ac-6c9d-4c6d-b46a-5c5bf3c6a6b5,1,4385.426555
2026/02/04/14:38:02,running-time,rs-002386-22ln6,5ad9b7ac-6c9d-4c6d-b46a-5c5bf3c6a6b5,1,4385.426555
2026/02/04/14:38:03,apply-time,rs-002387-6ptsq,57ddd7c3-fe4f-4ca7-9647-1fb44a9743e0,1,4386.426555
2026/02/04/14:38:03,apply-time,rs-002388-58cvr,ca03eb51-6988-4979-a680-6a610d9ee02d,1,4386.426555
2026/02/04/14:38:03,apply-time,rs-002388-q7m8q,4d9b2ef1-2524-4127-8180-5db7a01735e6,1,4386.426555
2026/02/04/14:38:03,apply-time,rs-002388-tzq46,cb5d99d7-510c-49bf-80ef-f4d4a33c8a36,1,4386.426555
2026/02/04/14:38:03,apply-time,rs-002389-5gvmr,824ef4f0-0e37-4955-be21-d6c4e011f49f,1,4386.426555
2026/02/04/14:38:03,running-time,rs-002389-5gvmr,824ef4f0-0e37-4955-be21-d6c4e011f49f,1,4386.426555
2026/02/04/14:38:03,apply-time,rs-002390-7tf4b,7e4a0411-9a36-48a6-8335-7024b4399711,1,4387.426555
2026/02/04/14:38:03,apply-time,rs-002390-g2gvq,639affd9-c853-4fc3-a714-4520beb5de17,1,4386.426555
2026/02/04/14:38:03,apply-time,rs-002390-sw9jc,fc025ffa-a2a1-4ff0-a2b0-fb53dd68f181,1,4387.426555
2026/02/04/14:38:03,apply-time,rs-002391-5lcrq,7d896a66-81d9-4631-aa8e-39c436ee94c2,1,4387.426555
2026/02/04/14:38:03,apply-time,rs-002391-b2sm2,5d73756e-e438-4ca1-ab5f-2e6cea31fd07,1,4386.426555
2026/02/04/14:38:03,apply-time,rs-002391-ssxvw,fd6d0987-ae36-4446-ae69-53aaf6f6161b,1,4387.426555
2026/02/04/14:38:03,apply-time,rs-002392-6jbdn,b60e8e40-5be0-4226-ab95-e06c04fdd14d,1,4387.426555
2026/02/04/14:38:04,running-time,rs-002391-b2sm2,5d73756e-e438-4ca1-ab5f-2e6cea31fd07,1,4387.426555
2026/02/04/14:38:04,apply-time,rs-002392-gm7x5,684562fd-11e9-4945-a0eb-21d43cc42559,1,4387.426555
2026/02/04/14:38:04,running-time,rs-002392-gm7x5,684562fd-11e9-4945-a0eb-21d43cc42559,1,4387.426555
2026/02/04/14:38:04,apply-time,rs-002393-gflcs,804a3e60-56bf-474b-84da-d18665ce430c,4,4387.426555
2026/02/04/14:38:05,running-time,rs-002382-8bgfw,88e08909-c287-4b41-919c-62f480e3997e,2,4389.426555
2026/02/04/14:38:05,apply-time,rs-002394-bzxxt,fee64c36-0a22-483d-b28c-670b4ff0e6b2,2,4388.426555
2026/02/04/14:38:05,apply-time,rs-002394-dm6pk,cb2cc1a6-5ecf-4149-8a9e-c7e84e1bf953,2,4388.426555
2026/02/04/14:38:05,apply-time,rs-002394-lfjkk,2da568f8-2615-4f69-b009-886758c77549,2,4388.426555
2026/02/04/14:38:06,running-time,rs-002379-6rb2p,5f2fc115-fce9-4644-ad1f-981f7ef2fa51,2,4389.426555
2026/02/04/14:38:07,running-time,rs-002394-bzxxt,fee64c36-0a22-483d-b28c-670b4ff0e6b2,2,4390.426555
2026/02/04/14:38:07,running-time,rs-002394-lfjkk,2da568f8-2615-4f69-b009-886758c77549,2,4390.426555
2026/02/04/14:38:08,running-time,rs-002392-6jbdn,b60e8e40-5be0-4226-ab95-e06c04fdd14d,1,4392.426555
2026/02/04/14:38:08,running-time,rs-002394-dm6pk,cb2cc1a6-5ecf-4149-8a9e-c7e84e1bf953,2,4391.426555
2026/02/04/14:38:18,apply-time,rs-001478-ck6b2,7161c8fa-8402-4195-90cf-b5db839b13dd,1,4402.426555
2026/02/04/14:38:18,running-time,rs-001478-ck6b2,7161c8fa-8402-4195-90cf-b5db839b13dd,1,4402.426555
2026/02/04/14:38:18,apply-time,rs-001494-dz9t8,d9563fd6-7ff8-4e65-a69b-adada5500bc3,1,4402.426555
2026/02/04/14:38:18,running-time,rs-001494-dz9t8,d9563fd6-7ff8-4e65-a69b-adada5500bc3,1,4402.426555
2026/02/04/14:38:18,apply-time,rs-001970-rg6r5,83bd01d3-7841-4040-9297-112dbfbb245e,1,4402.426555
2026/02/04/14:38:18,running-time,rs-001970-rg6r5,83bd01d3-7841-4040-9297-112dbfbb245e,1,4402.426555
2026/02/04/14:38:18,apply-time,rs-002362-5xq5b,b295ab4f-0b4c-46e6-a8c7-db4a4e360d1f,1,4402.426555
2026/02/04/14:38:18,running-time,rs-002362-5xq5b,b295ab4f-0b4c-46e6-a8c7-db4a4e360d1f,1,4402.426555
2026/02/04/14:38:18,running-time,rs-002377-2dw79,74a8715e-19f3-46ef-b3ef-3ccd65a3914c,2,4402.426555
2026/02/04/14:38:18,running-time,rs-002387-6ptsq,57ddd7c3-fe4f-4ca7-9647-1fb44a9743e0,1,4401.426555
2026/02/04/14:38:20,apply-time,rs-002395-cw4tr,d991855d-78fd-4be2-a5b4-67349c14f15e,3,4404.426555
2026/02/04/14:38:20,apply-time,rs-002396-2ks9p,75536fe2-7738-4d77-a51e-503b42686632,3,4404.426555
2026/02/04/14:38:20,running-time,rs-002396-2ks9p,75536fe2-7738-4d77-a51e-503b42686632,3,4404.426555
2026/02/04/14:38:22,running-time,rs-002395-cw4tr,d991855d-78fd-4be2-a5b4-67349c14f15e,3,4406.426555
2026/02/04/14:38:27,apply-time,rs-002397-55ltf,e0155bc1-f221-4580-ae89-0455f6af359a,4,4411.426555
2026/02/04/14:38:27,running-time,rs-002397-55ltf,e0155bc1-f221-4580-ae89-0455f6af359a,4,4411.426555
2026/02/04/14:38:27,apply-time,rs-002398-2xnr2,537d80c6-743a-468f-9d76-b86055bde43e,4,4411.426555
2026/02/04/14:38:27,running-time,rs-002398-2xnr2,537d80c6-743a-468f-9d76-b86055bde43e,4,4411.426555
2026/02/04/14:38:27,apply-time,rs-002398-kfzfd,cc18f9c1-64f5-4491-a9a1-4514d0250192,4,4411.426555
2026/02/04/14:38:27,running-time,rs-002398-kfzfd,cc18f9c1-64f5-4491-a9a1-4514d0250192,4,4411.426555
2026/02/04/14:38:27,apply-time,rs-002399-696bb,577c9e1f-5f6d-4338-bff2-3ce8fd745c6e,4,4411.426555
2026/02/04/14:38:27,apply-time,rs-002399-98lv4,733e07a2-7726-4526-854a-c0c292a69bcf,4,4411.426555
2026/02/04/14:38:27,apply-time,rs-002400-8t9dj,984b2fd2-f95c-46f5-8702-4be01e75ad59,2,4411.426555
2026/02/04/14:38:27,running-time,rs-002400-8t9dj,984b2fd2-f95c-46f5-8702-4be01e75ad59,2,4411.426555
2026/02/04/14:38:27,apply-time,rs-002400-92njz,7ae7a135-3cb2-4957-855f-6b9011d78bee,2,4411.426555
2026/02/04/14:38:27,running-time,rs-002400-92njz,7ae7a135-3cb2-4957-855f-6b9011d78bee,2,4411.426555
2026/02/04/14:38:27,apply-time,rs-002401-cgffx,7de99396-e23b-42bf-a811-af96feae1f4d,4,4411.426555
2026/02/04/14:38:27,apply-time,rs-002401-pglj8,22cb9a43-f8e2-466b-aca4-49549940e3bf,4,4411.426555
2026/02/04/14:38:27,apply-time,rs-002402-4kmvb,7c9061ef-2662-48a4-9674-469f5758938b,2,4411.426555
2026/02/04/14:38:27,apply-time,rs-002402-n7xrf,c8623b43-1272-479d-8fe5-6838e4f109e2,2,4411.426555
2026/02/04/14:38:28,apply-time,rs-002403-fc8s9,350b8c4f-686a-4064-a175-2ec2682b743a,2,4412.426555
2026/02/04/14:38:28,apply-time,rs-002403-hwg72,3c0002e7-b020-4a73-bd0f-260451909c1d,2,4411.426555
2026/02/04/14:38:28,apply-time,rs-002403-p666d,439a310d-6d87-4061-943b-c44f559e8490,2,4412.426555
2026/02/04/14:38:28,apply-time,rs-002404-s7g6c,5ac25865-11e5-4509-a739-aec025f5338d,2,4411.426555
2026/02/04/14:38:28,apply-time,rs-002405-mpskx,bb879a4c-ec6d-4487-8a4c-9458180320f7,4,4411.426555
2026/02/04/14:38:28,running-time,rs-002405-mpskx,bb879a4c-ec6d-4487-8a4c-9458180320f7,4,4411.426555
2026/02/04/14:38:28,apply-time,rs-002406-8nmt7,3ee141e8-b0e8-4cc5-8747-891d1b57e8a0,4,4412.426555
2026/02/04/14:38:28,apply-time,rs-002406-g576t,b223ede6-26f6-4c92-9710-bb78552a8a22,4,4412.426555
2026/02/04/14:38:28,apply-time,rs-002406-vp79f,a4833b4b-f5e0-43d9-bcf8-677c65646d3a,4,4412.426555
2026/02/04/14:38:28,apply-time,rs-002407-68l7w,981e2b9f-bbc8-4abc-9274-dc2dc79aaae2,2,4412.426555
2026/02/04/14:38:28,running-time,rs-002407-68l7w,981e2b9f-bbc8-4abc-9274-dc2dc79aaae2,2,4412.426555
2026/02/04/14:38:28,apply-time,rs-002407-r9wkt,05dbc1ee-8209-40f8-88ea-4e4d2f6b86eb,2,4412.426555
2026/02/04/14:38:28,apply-time,rs-002408-sgtq4,7d5ed9b1-0423-4e83-b84d-380474b6869d,1,4412.426555
2026/02/04/14:38:28,apply-time,rs-002409-htr6f,cc0dc929-7171-4ff7-9f94-f91765245620,2,4412.426555
2026/02/04/14:38:29,running-time,rs-002408-sgtq4,7d5ed9b1-0423-4e83-b84d-380474b6869d,1,4412.426555
2026/02/04/14:38:29,apply-time,rs-002409-k84ds,eff42839-0a13-4309-9964-0dc54e5ef03d,2,4412.426555
2026/02/04/14:38:29,apply-time,rs-002409-vmh7b,4f0afcfd-26a5-4e0f-a22f-ed3ffa8bc91f,2,4412.426555
2026/02/04/14:38:29,apply-time,rs-002410-7ndwj,57c2fdaf-1470-45cb-a8a6-98cdaeb418b9,3,4413.426555
2026/02/04/14:38:29,apply-time,rs-002410-qwwz2,fb994a8e-3018-475b-81b6-327eb88f0913,3,4413.426555
2026/02/04/14:38:29,apply-time,rs-002411-8ldz5,790a0aca-c95b-4b44-9415-bc9d4a3270c7,2,4413.426555
2026/02/04/14:38:29,apply-time,rs-002412-2hz2t,a314ff7a-fe7a-44a8-a362-5a7e3fd98e2a,1,4413.426555
2026/02/04/14:38:29,apply-time,rs-002412-qvhb2,691b1ef1-ddd3-4408-be17-9d5177a472f1,1,4413.426555
2026/02/04/14:38:29,apply-time,rs-002412-xpzgt,4ffbfd11-0eaf-40b7-8b24-323fdcd3a393,1,4413.426555
2026/02/04/14:38:29,apply-time,rs-002413-v7sfh,be78008e-7758-448e-84d3-f98f62aae509,2,4413.426555
2026/02/04/14:38:29,apply-time,rs-002415-d486f,6b7e923b-41ec-4aa9-a146-88f91a2e1749,2,4413.426555
2026/02/04/14:38:30,running-time,rs-002401-cgffx,7de99396-e23b-42bf-a811-af96feae1f4d,4,4414.426555
2026/02/04/14:38:30,running-time,rs-002407-r9wkt,05dbc1ee-8209-40f8-88ea-4e4d2f6b86eb,2,4414.426555
2026/02/04/14:38:30,apply-time,rs-002413-52dmv,09eec31a-76f9-4266-9b36-7d147a9ff8f2,2,4413.426555
2026/02/04/14:38:30,apply-time,rs-002413-7nngl,a2408020-3407-4663-9cad-5072a8fec79c,2,4413.426555
2026/02/04/14:38:30,running-time,rs-002413-7nngl,a2408020-3407-4663-9cad-5072a8fec79c,2,4414.426555
2026/02/04/14:38:30,running-time,rs-002413-v7sfh,be78008e-7758-448e-84d3-f98f62aae509,2,4414.426555
2026/02/04/14:38:30,apply-time,rs-002414-42rdv,a95e7df8-34f1-413c-b7b7-85bc8d00954c,1,4414.426555
2026/02/04/14:38:30,running-time,rs-002414-42rdv,a95e7df8-34f1-413c-b7b7-85bc8d00954c,1,4414.426555
2026/02/04/14:38:30,running-time,rs-002415-d486f,6b7e923b-41ec-4aa9-a146-88f91a2e1749,2,4414.426555
2026/02/04/14:38:30,apply-time,rs-002416-xg9n4,514811f7-367e-435b-8902-29cce6f478eb,1,4414.426555
2026/02/04/14:38:30,running-time,rs-002416-xg9n4,514811f7-367e-435b-8902-29cce6f478eb,1,4414.426555
2026/02/04/14:38:30,apply-time,rs-002417-98gmw,d9215c98-c317-4aef-a3df-33c1cde438e2,3,4414.426555
2026/02/04/14:38:30,apply-time,rs-002418-ckqhb,c69ba4a9-faf2-4582-a231-f47da08db817,4,4414.426555
2026/02/04/14:38:30,apply-time,rs-002420-5m4xh,87d9d9d6-3d23-441d-8d64-0c14c41393b4,3,4414.426555
2026/02/04/14:38:31,apply-time,rs-002416-q2qsv,6c52b529-c43a-46e5-8c83-8e3ae2da1ec1,1,4414.426555
2026/02/04/14:38:31,running-time,rs-002416-q2qsv,6c52b529-c43a-46e5-8c83-8e3ae2da1ec1,1,4414.426555
2026/02/04/14:38:31,apply-time,rs-002419-b2zmh,dc8b9b3e-effb-4f2c-9632-750694c469ba,2,4415.426555
2026/02/04/14:38:31,apply-time,rs-002421-ntw7z,84c3613a-0a56-453d-899c-85aec00ccbb8,1,4415.426555
2026/02/04/14:38:31,apply-time,rs-002422-fjd67,9da9cd09-6cb5-48b2-ac78-0d2cf59d7173,2,4415.426555
2026/02/04/14:38:31,apply-time,rs-002424-bhvht,43ca4394-b355-410a-a6fe-ee73b0b7253c,1,4415.426555
2026/02/04/14:38:31,apply-time,rs-002424-d6cg4,baab8336-1181-47f3-8f99-10dda6ccebe6,1,4415.426555
2026/02/04/14:38:31,running-time,rs-002424-d6cg4,baab8336-1181-47f3-8f99-10dda6ccebe6,1,4415.426555
2026/02/04/14:38:32,apply-time,rs-002421-csqxt,4fbbc781-3ad8-4a10-a496-4f1f79bb580d,1,4415.426555
2026/02/04/14:38:32,apply-time,rs-002421-nqwkr,0d5f37ba-30df-444e-b8f6-149896f34fc3,1,4415.426555
2026/02/04/14:38:32,running-time,rs-002421-nqwkr,0d5f37ba-30df-444e-b8f6-149896f34fc3,1,4415.426555
2026/02/04/14:38:32,running-time,rs-002421-ntw7z,84c3613a-0a56-453d-899c-85aec00ccbb8,1,4415.426555
2026/02/04/14:38:32,running-time,rs-002424-bhvht,43ca4394-b355-410a-a6fe-ee73b0b7253c,1,4416.426555
2026/02/04/14:38:36,running-time,rs-002401-pglj8,22cb9a43-f8e2-466b-aca4-49549940e3bf,4,4420.426555
2026/02/04/14:38:36,running-time,rs-002413-52dmv,09eec31a-76f9-4266-9b36-7d147a9ff8f2,2,4420.426555
2026/02/04/14:38:38,apply-time,rs-002425-8gf8p,b02c1eb7-60d0-43c0-8577-82c48575dcea,2,4422.426555
2026/02/04/14:38:38,apply-time,rs-002425-mznvh,328a9f94-f566-4da4-aa30-5d3c2fc7d70c,2,4422.426555
2026/02/04/14:38:38,apply-time,rs-002426-688c4,d21fce17-4d01-4362-9742-4854dd9e9580,3,4422.426555
2026/02/04/14:38:38,apply-time,rs-002427-27clt,b5db4df0-a758-41ea-9d8b-6b52c42b6eaf,2,4422.426555
2026/02/04/14:38:38,apply-time,rs-002427-4zksl,8e6bab97-3589-404d-954c-1b4983350728,2,4422.426555
2026/02/04/14:38:38,apply-time,rs-002427-wt625,105b613f-1487-4b46-bab4-e201448e005d,2,4422.426555
2026/02/04/14:38:38,apply-time,rs-002428-cnllf,8efa7d42-895d-4f14-b875-a3d9135e9cf3,1,4422.426555
2026/02/04/14:38:38,apply-time,rs-002429-7xm2n,e6eb2123-6756-4e1d-9c63-ad8dadf5d1a0,2,4422.426555
2026/02/04/14:38:38,running-time,rs-002429-7xm2n,e6eb2123-6756-4e1d-9c63-ad8dadf5d1a0,2,4422.426555
2026/02/04/14:38:38,apply-time,rs-002429-htzm6,932166ab-278a-4405-9593-d9c531608839,2,4422.426555
2026/02/04/14:38:39,running-time,rs-002412-qvhb2,691b1ef1-ddd3-4408-be17-9d5177a472f1,1,4423.426555
2026/02/04/14:38:39,running-time,rs-002412-xpzgt,4ffbfd11-0eaf-40b7-8b24-323fdcd3a393,1,4423.426555
2026/02/04/14:38:39,running-time,rs-002426-688c4,d21fce17-4d01-4362-9742-4854dd9e9580,3,4423.426555
2026/02/04/14:38:39,running-time,rs-002429-htzm6,932166ab-278a-4405-9593-d9c531608839,2,4423.426555
2026/02/04/14:38:40,running-time,rs-002425-8gf8p,b02c1eb7-60d0-43c0-8577-82c48575dcea,2,4424.426555
2026/02/04/14:38:41,running-time,rs-002412-2hz2t,a314ff7a-fe7a-44a8-a362-5a7e3fd98e2a,1,4425.426555
2026/02/04/14:38:44,running-time,rs-002420-5m4xh,87d9d9d6-3d23-441d-8d64-0c14c41393b4,3,4428.426555
2026/02/04/14:39:08,apply-time,rs-002430-rqpm4,a680c770-8efa-4c1e-86c9-45433c1b6afd,2,4452.426555
2026/02/04/14:39:08,running-time,rs-002430-rqpm4,a680c770-8efa-4c1e-86c9-45433c1b6afd,2,4452.426555
2026/02/04/14:39:08,apply-time,rs-002431-br9wc,6d958a8b-c028-490e-9f57-7e8ac41538c4,3,4452.426555
2026/02/04/14:39:08,running-time,rs-002431-br9wc,6d958a8b-c028-490e-9f57-7e8ac41538c4,3,4452.426555
2026/02/04/14:39:08,apply-time,rs-002431-fx6hj,5bc97c18-d443-4023-a824-264fec51181b,3,4452.426555
2026/02/04/14:39:08,running-time,rs-002431-fx6hj,5bc97c18-d443-4023-a824-264fec51181b,3,4452.426555
2026/02/04/14:39:11,apply-time,rs-002432-k5sqc,738cb345-55ef-4cce-b37e-895dc927acaa,1,4455.426555
2026/02/04/14:39:11,running-time,rs-002432-k5sqc,738cb345-55ef-4cce-b37e-895dc927acaa,1,4455.426555
2026/02/04/14:39:11,apply-time,rs-002433-58xmg,40483482-b787-4546-a9f3-eb7f2ee9d7b1,3,4455.426555
2026/02/04/14:39:11,running-time,rs-002433-58xmg,40483482-b787-4546-a9f3-eb7f2ee9d7b1,3,4455.426555
2026/02/04/14:39:11,apply-time,rs-002433-87czs,22f38af0-9996-48ce-b529-79a345e1cc8a,3,4455.426555
2026/02/04/14:39:11,running-time,rs-002433-87czs,22f38af0-9996-48ce-b529-79a345e1cc8a,3,4455.426555
2026/02/04/14:39:11,apply-time,rs-002433-vg9l9,dd161295-68fe-401e-b1f4-a02af5a64534,3,4455.426555
2026/02/04/14:39:11,running-time,rs-002433-vg9l9,dd161295-68fe-401e-b1f4-a02af5a64534,3,4455.426555
2026/02/04/14:39:11,apply-time,rs-002434-2wcpg,f2f52668-6791-4a22-a3cd-2280d0d7398b,3,4455.426555
2026/02/04/14:39:11,running-time,rs-002434-2wcpg,f2f52668-6791-4a22-a3cd-2280d0d7398b,3,4455.426555
2026/02/04/14:39:11,apply-time,rs-002435-lg5bb,4caf82fa-bb2a-4724-aa28-1abd21e1b6b9,1,4455.426555
2026/02/04/14:39:11,running-time,rs-002435-lg5bb,4caf82fa-bb2a-4724-aa28-1abd21e1b6b9,1,4455.426555
2026/02/04/14:39:11,apply-time,rs-002436-ch84n,1e40d846-f577-4cf0-926d-49ef3f1166c7,4,4455.426555
2026/02/04/14:39:11,running-time,rs-002436-ch84n,1e40d846-f577-4cf0-926d-49ef3f1166c7,4,4455.426555
2026/02/04/14:39:11,apply-time,rs-002436-k26hf,7396e5f5-0537-480f-b1ad-30e1dd21a395,4,4455.426555
2026/02/04/14:39:11,running-time,rs-002436-k26hf,7396e5f5-0537-480f-b1ad-30e1dd21a395,4,4455.426555
2026/02/04/14:39:11,apply-time,rs-002437-7f2rx,74ec789a-706d-4a5c-bf2c-fc83e75ecf59,1,4455.426555
2026/02/04/14:39:11,apply-time,rs-002438-kpfjx,17906f9e-9f8a-4d95-a3c2-995cd094d5df,1,4455.426555
2026/02/04/14:39:11,running-time,rs-002438-kpfjx,17906f9e-9f8a-4d95-a3c2-995cd094d5df,1,4455.426555
2026/02/04/14:39:11,apply-time,rs-002439-jlxb2,29d68272-b865-4a10-89d9-ad0609be0d09,3,4455.426555
2026/02/04/14:39:11,apply-time,rs-002439-r224l,4df07da1-a242-4f38-aa6a-30b426f214c3,3,4455.426555
2026/02/04/14:39:12,apply-time,rs-002435-brvdr,fb856b31-a47f-4974-b58d-0edc2023f193,1,4455.426555
2026/02/04/14:39:12,apply-time,rs-002439-nq2kf,6fdc01c3-b1a8-43fc-98b5-0d6b6ed2ce10,3,4455.426555
2026/02/04/14:39:14,running-time,rs-002435-brvdr,fb856b31-a47f-4974-b58d-0edc2023f193,1,4457.426555
2026/02/04/14:39:25,apply-time,rs-002440-bgmkm,0aa386a8-38d3-4332-a319-cae1f615b8f7,2,4468.426555
2026/02/04/14:39:25,apply-time,rs-002440-f8fsm,276435b4-ff0d-4616-81de-350996f54cb0,2,4468.426555
2026/02/04/14:39:25,apply-time,rs-002440-x8fqk,853f7e0f-d4d2-49a2-96c6-497324fd3a72,2,4468.426555
2026/02/04/14:39:25,running-time,rs-002440-x8fqk,853f7e0f-d4d2-49a2-96c6-497324fd3a72,2,4468.426555
2026/02/04/14:39:27,apply-time,rs-002441-cxnzj,81a0a48c-b8c2-4a45-bff6-95cfb7e87ecd,2,4470.426555
2026/02/04/14:39:27,running-time,rs-002441-cxnzj,81a0a48c-b8c2-4a45-bff6-95cfb7e87ecd,2,4470.426555
2026/02/04/14:39:27,apply-time,rs-002441-s8tt9,8b550f2d-f469-4ae4-8c95-c46986e7b93f,2,4470.426555
2026/02/04/14:39:27,running-time,rs-002441-s8tt9,8b550f2d-f469-4ae4-8c95-c46986e7b93f,2,4470.426555
2026/02/04/14:39:27,apply-time,rs-002441-tnbnw,bd8a35ae-8b8c-41dd-807f-5bfb55fd26ad,2,4470.426555
2026/02/04/14:39:27,running-time,rs-002441-tnbnw,bd8a35ae-8b8c-41dd-807f-5bfb55fd26ad,2,4470.426555
2026/02/04/14:39:27,apply-time,rs-002442-zk6nm,f76a6dac-1271-4068-a942-fc58b0eeffea,2,4470.426555
2026/02/04/14:39:27,running-time,rs-002442-zk6nm,f76a6dac-1271-4068-a942-fc58b0eeffea,2,4470.426555
2026/02/04/14:39:27,apply-time,rs-002443-f7vs8,d490fbf7-4a5c-47c3-93d1-89ebf476aea2,1,4470.426555
2026/02/04/14:39:27,running-time,rs-002443-f7vs8,d490fbf7-4a5c-47c3-93d1-89ebf476aea2,1,4470.426555
2026/02/04/14:39:27,apply-time,rs-002444-8hwrk,9a08b766-e769-45f2-a0c2-af02edc37042,3,4470.426555
2026/02/04/14:39:27,apply-time,rs-002444-c89tr,dfc4817f-7c6e-46e6-96e6-876af1caebe4,3,4470.426555
2026/02/04/14:39:27,apply-time,rs-002444-n4t28,c378a5cb-6b7c-4cae-b863-6aa17c86e9d7,3,4470.426555
2026/02/04/14:39:27,apply-time,rs-002445-c9bkd,2c4f7e9c-6444-46c0-9098-440a295af1b3,1,4470.426555
2026/02/04/14:39:27,running-time,rs-002445-c9bkd,2c4f7e9c-6444-46c0-9098-440a295af1b3,1,4470.426555
2026/02/04/14:39:27,apply-time,rs-002446-c2245,8d9d1244-3549-4b64-a848-9bb04e7d01ec,2,4471.426555
2026/02/04/14:39:28,apply-time,rs-002447-4zsqw,71bb7f37-208f-4f9c-a147-da5fad1b428b,1,4472.426555
2026/02/04/14:39:28,running-time,rs-002447-4zsqw,71bb7f37-208f-4f9c-a147-da5fad1b428b,1,4472.426555
2026/02/04/14:39:28,apply-time,rs-002447-bwfcs,001b8f49-9362-4eb9-95a9-9ffabf30c614,1,4472.426555
2026/02/04/14:39:28,running-time,rs-002447-bwfcs,001b8f49-9362-4eb9-95a9-9ffabf30c614,1,4472.426555
2026/02/04/14:39:28,apply-time,rs-002448-jxzhd,e6d7faea-4a59-49c6-92ad-ddca2efa5581,3,4472.426555
2026/02/04/14:39:28,running-time,rs-002448-jxzhd,e6d7faea-4a59-49c6-92ad-ddca2efa5581,3,4472.426555
2026/02/04/14:39:28,apply-time,rs-002449-xmns9,9ae83197-ed31-4289-8ee3-924b340ed07d,1,4472.426555
2026/02/04/14:39:28,running-time,rs-002449-xmns9,9ae83197-ed31-4289-8ee3-924b340ed07d,1,4472.426555
2026/02/04/14:39:28,apply-time,rs-002450-l4q4w,e2637f2e-eb03-4574-94bf-9935cb3b0f6d,2,4472.426555
2026/02/04/14:39:28,apply-time,rs-002450-rmx8x,4b6ae176-a859-48ef-b11b-2e243bec5592,2,4472.426555
2026/02/04/14:39:28,running-time,rs-002450-rmx8x,4b6ae176-a859-48ef-b11b-2e243bec5592,2,4472.426555
2026/02/04/14:39:28,apply-time,rs-002450-rx57x,03e24138-5ebf-4167-8025-1418d7bfc01b,2,4472.426555
2026/02/04/14:39:28,apply-time,rs-002451-7t4p7,2bfe7185-51b6-4872-852a-626f494e64ad,2,4472.426555
2026/02/04/14:39:28,running-time,rs-002451-7t4p7,2bfe7185-51b6-4872-852a-626f494e64ad,2,4472.426555
2026/02/04/14:39:28,apply-time,rs-002452-9pztx,85456221-0a13-414b-a50d-5b3557fb9d12,1,4472.426555
2026/02/04/14:39:29,apply-time,rs-002451-4vslg,c0142a5f-8cea-45bc-bf3c-8febb1f02702,2,4472.426555
2026/02/04/14:39:29,running-time,rs-002451-4vslg,c0142a5f-8cea-45bc-bf3c-8febb1f02702,2,4472.426555
2026/02/04/14:39:29,apply-time,rs-002452-97htc,c8c329c4-7fd0-4b0c-9a62-7409babfbae8,1,4472.426555
2026/02/04/14:39:29,apply-time,rs-002453-d58fp,61e9b361-7f5e-488d-b0a4-6b53b2ca24ba,1,4473.426555
2026/02/04/14:39:29,apply-time,rs-002453-sd8pw,1c6b6e17-ed51-4fb4-b664-69dd7eac4d84,1,4472.426555
2026/02/04/14:39:29,apply-time,rs-002454-q9kqg,7b470ef1-cef3-44ca-91b7-c7efa1c09bc0,4,4472.426555
2026/02/04/14:39:29,running-time,rs-002454-q9kqg,7b470ef1-cef3-44ca-91b7-c7efa1c09bc0,4,4472.426555
2026/02/04/14:39:30,running-time,rs-002453-d58fp,61e9b361-7f5e-488d-b0a4-6b53b2ca24ba,1,4474.426555
2026/02/04/14:39:30,apply-time,rs-002455-c7xlv,cd394c5e-2827-4ebc-bb0a-599d43e51b6d,1,4473.426555
2026/02/04/14:39:30,running-time,rs-002455-c7xlv,cd394c5e-2827-4ebc-bb0a-599d43e51b6d,1,4473.426555
2026/02/04/14:39:30,apply-time,rs-002455-f6k5f,cd48f00d-a675-411d-99bd-9169150937ad,1,4473.426555
2026/02/04/14:39:30,running-time,rs-002455-f6k5f,cd48f00d-a675-411d-99bd-9169150937ad,1,4474.426555
2026/02/04/14:39:30,apply-time,rs-002455-wwm9m,a8f11d32-7a45-43af-8dc8-c390264f2e0c,1,4473.426555
2026/02/04/14:39:30,running-time,rs-002455-wwm9m,a8f11d32-7a45-43af-8dc8-c390264f2e0c,1,4473.426555
2026/02/04/14:39:30,apply-time,rs-002456-5jnj4,cfc79c9c-2cec-49da-8012-d081f03945d9,3,4474.426555
2026/02/04/14:39:30,running-time,rs-002456-5jnj4,cfc79c9c-2cec-49da-8012-d081f03945d9,3,4474.426555
2026/02/04/14:39:30,apply-time,rs-002457-jfthg,1a1e7d76-aa98-41a2-8efd-1cd77073a920,3,4474.426555
2026/02/04/14:39:30,running-time,rs-002457-jfthg,1a1e7d76-aa98-41a2-8efd-1cd77073a920,3,4474.426555
2026/02/04/14:39:33,apply-time,rs-002458-494gr,31bc441d-0d66-4bbc-9427-fc07730599f4,4,4477.426555
2026/02/04/14:39:33,running-time,rs-002458-494gr,31bc441d-0d66-4bbc-9427-fc07730599f4,4,4477.426555
2026/02/04/14:39:34,apply-time,rs-002459-d44zc,076393bf-594a-4229-bbe6-34a18479a002,2,4478.426555
2026/02/04/14:39:34,running-time,rs-002459-d44zc,076393bf-594a-4229-bbe6-34a18479a002,2,4478.426555
2026/02/04/14:39:34,apply-time,rs-002459-kktzv,c4403adb-1436-40bf-821b-19f8cac56602,2,4478.426555
2026/02/04/14:39:34,running-time,rs-002459-kktzv,c4403adb-1436-40bf-821b-19f8cac56602,2,4478.426555
2026/02/04/14:39:35,running-time,rs-002450-l4q4w,e2637f2e-eb03-4574-94bf-9935cb3b0f6d,2,4478.426555
2026/02/04/14:39:39,running-time,rs-002450-rx57x,03e24138-5ebf-4167-8025-1418d7bfc01b,2,4483.426555
2026/02/04/14:39:44,apply-time,rs-002460-5jxcb,0befeac7-65f4-44ae-a907-6241af0245d4,3,4487.426555
2026/02/04/14:39:44,running-time,rs-002460-5jxcb,0befeac7-65f4-44ae-a907-6241af0245d4,3,4487.426555
2026/02/04/14:39:44,apply-time,rs-002460-wkbdm,552feb06-4ee3-4e5c-9d4f-3ae91b3d38bb,3,4487.426555
2026/02/04/14:39:44,running-time,rs-002460-wkbdm,552feb06-4ee3-4e5c-9d4f-3ae91b3d38bb,3,4487.426555
2026/02/04/14:39:44,apply-time,rs-002461-98k62,4587086d-fd5a-49ae-922e-a21432406b0b,2,4487.426555
2026/02/04/14:39:44,running-time,rs-002461-98k62,4587086d-fd5a-49ae-922e-a21432406b0b,2,4487.426555
2026/02/04/14:39:44,apply-time,rs-002461-mcpdc,1bf0d414-808d-41f5-b550-26b7b70cd5b5,2,4487.426555
2026/02/04/14:39:44,running-time,rs-002461-mcpdc,1bf0d414-808d-41f5-b550-26b7b70cd5b5,2,4487.426555
2026/02/04/14:39:44,apply-time,rs-002462-p72l5,f6a8b9b6-af1c-46ae-91c4-94583ca728c7,1,4487.426555
2026/02/04/14:39:44,running-time,rs-002462-p72l5,f6a8b9b6-af1c-46ae-91c4-94583ca728c7,1,4487.426555
2026/02/04/14:39:44,apply-time,rs-002462-vn7th,7b1c7497-5b5e-425b-a3d8-97923426e988,1,4487.426555
2026/02/04/14:39:44,running-time,rs-002462-vn7th,7b1c7497-5b5e-425b-a3d8-97923426e988,1,4487.426555
2026/02/04/14:39:59,apply-time,rs-002463-2qgfh,485729e1-080d-4f9f-95a5-51b407f66a99,3,4503.426555
2026/02/04/14:39:59,running-time,rs-002463-2qgfh,485729e1-080d-4f9f-95a5-51b407f66a99,3,4503.426555
2026/02/04/14:40:02,apply-time,rs-002464-kg6nv,f6226747-852f-442d-a8ef-7729ac7d340c,3,4506.426555
2026/02/04/14:40:02,running-time,rs-002464-kg6nv,f6226747-852f-442d-a8ef-7729ac7d340c,3,4506.426555
2026/02/04/14:40:02,apply-time,rs-002465-mbkkt,84a34a5d-f9f0-4079-bf11-204a35fca833,1,4506.426555
2026/02/04/14:40:02,running-time,rs-002465-mbkkt,84a34a5d-f9f0-4079-bf11-204a35fca833,1,4506.426555
2026/02/04/14:40:02,apply-time,rs-002466-nfzc6,340d082f-f35c-4cc5-a93a-b356d0cd7ba6,4,4506.426555
2026/02/04/14:40:02,running-time,rs-002466-nfzc6,340d082f-f35c-4cc5-a93a-b356d0cd7ba6,4,4506.426555
2026/02/04/14:40:02,apply-time,rs-002466-sbkxf,a59f662f-d402-4c4b-9373-563a2bbf7dd2,4,4506.426555
2026/02/04/14:40:02,running-time,rs-002466-sbkxf,a59f662f-d402-4c4b-9373-563a2bbf7dd2,4,4506.426555
2026/02/04/14:40:02,apply-time,rs-002467-hll2g,831c3a49-2fb9-4b2a-af3a-43884c58a321,4,4506.426555
2026/02/04/14:40:02,running-time,rs-002467-hll2g,831c3a49-2fb9-4b2a-af3a-43884c58a321,4,4506.426555
2026/02/04/14:40:02,apply-time,rs-002468-bqhnj,7c900c7e-b226-47ad-bffe-aedf1165ca2b,1,4506.426555
2026/02/04/14:40:02,running-time,rs-002468-bqhnj,7c900c7e-b226-47ad-bffe-aedf1165ca2b,1,4506.426555
2026/02/04/14:40:02,apply-time,rs-002468-jwk5q,4788fd60-e02b-4002-8e7c-e4ccf98136fb,1,4506.426555
2026/02/04/14:40:02,running-time,rs-002468-jwk5q,4788fd60-e02b-4002-8e7c-e4ccf98136fb,1,4506.426555
2026/02/04/14:40:02,apply-time,rs-002468-rsfgv,824c6953-b4da-46ea-a69d-eb2fbcc1669b,1,4506.426555
2026/02/04/14:40:02,running-time,rs-002468-rsfgv,824c6953-b4da-46ea-a69d-eb2fbcc1669b,1,4506.426555
2026/02/04/14:40:03,apply-time,rs-002469-4tptq,41b42ec2-e166-46db-adb6-114842ebf94d,3,4507.426555
2026/02/04/14:40:03,running-time,rs-002469-4tptq,41b42ec2-e166-46db-adb6-114842ebf94d,3,4507.426555
2026/02/04/14:40:03,apply-time,rs-002469-q4gbp,1f5e857d-04b7-4dd7-ba46-051e96b6c9a9,3,4507.426555
2026/02/04/14:40:03,running-time,rs-002469-q4gbp,1f5e857d-04b7-4dd7-ba46-051e96b6c9a9,3,4507.426555
2026/02/04/14:40:05,apply-time,rs-002470-79llp,e34035f7-27a4-4ec3-8dd1-a68e037d7b6f,2,4508.426555
2026/02/04/14:40:05,apply-time,rs-002471-4dnz4,f9a42f46-fcb0-4f86-bbd0-7f572b4216a8,1,4508.426555
2026/02/04/14:40:05,running-time,rs-002471-4dnz4,f9a42f46-fcb0-4f86-bbd0-7f572b4216a8,1,4508.426555
2026/02/04/14:40:05,apply-time,rs-002471-hdhbp,fcebc682-cd7d-43d0-bfc9-a70a8baacd49,1,4508.426555
2026/02/04/14:40:05,running-time,rs-002471-hdhbp,fcebc682-cd7d-43d0-bfc9-a70a8baacd49,1,4508.426555
2026/02/04/14:40:05,apply-time,rs-002472-g8wwd,553b6495-8851-46b5-8d64-3d23acb8e859,3,4508.426555
2026/02/04/14:40:05,running-time,rs-002472-g8wwd,553b6495-8851-46b5-8d64-3d23acb8e859,3,4509.426555
2026/02/04/14:40:05,apply-time,rs-002473-5kf67,82f2c980-3f0a-4478-8bdb-fb55cb329c43,4,4509.426555
2026/02/04/14:40:05,running-time,rs-002473-5kf67,82f2c980-3f0a-4478-8bdb-fb55cb329c43,4,4509.426555
2026/02/04/14:40:05,apply-time,rs-002473-6k592,ab86aad6-6fd1-4812-9a4d-dc68f2d08e8a,4,4509.426555
2026/02/04/14:40:05,running-time,rs-002473-6k592,ab86aad6-6fd1-4812-9a4d-dc68f2d08e8a,4,4509.426555
2026/02/04/14:40:05,apply-time,rs-002473-c4mzr,1141b781-832c-4341-8d34-61ec4bab8fee,4,4509.426555
2026/02/04/14:40:05,running-time,rs-002473-c4mzr,1141b781-832c-4341-8d34-61ec4bab8fee,4,4509.426555
2026/02/04/14:40:05,apply-time,rs-002474-2zdtf,76158751-7057-40a4-8fc5-234639c20bac,1,4509.426555
2026/02/04/14:40:05,running-time,rs-002474-2zdtf,76158751-7057-40a4-8fc5-234639c20bac,1,4509.426555
2026/02/04/14:40:05,apply-time,rs-002475-zzbkp,9a6b5ba0-783d-4b77-8acc-17d055f7fb2a,3,4509.426555
2026/02/04/14:40:05,running-time,rs-002475-zzbkp,9a6b5ba0-783d-4b77-8acc-17d055f7fb2a,3,4509.426555
2026/02/04/14:40:05,apply-time,rs-002476-7pd2m,f5f4cf6f-8163-4e23-b9ab-12db4d0b7af2,1,4509.426555
2026/02/04/14:40:05,apply-time,rs-002476-r7ctd,8cc06e83-963e-4815-99f9-38939c14a540,1,4509.426555
2026/02/04/14:40:05,apply-time,rs-002476-xqddm,f4a720aa-afcc-4b66-ace8-e55375d148c6,1,4509.426555
2026/02/04/14:40:05,running-time,rs-002476-xqddm,f4a720aa-afcc-4b66-ace8-e55375d148c6,1,4509.426555
2026/02/04/14:40:05,apply-time,rs-002477-bh4pm,011fb7c5-37c5-401e-ab97-01ab0b9c704e,2,4509.426555
2026/02/04/14:40:05,running-time,rs-002477-bh4pm,011fb7c5-37c5-401e-ab97-01ab0b9c704e,2,4509.426555
2026/02/04/14:40:06,running-time,rs-002470-79llp,e34035f7-27a4-4ec3-8dd1-a68e037d7b6f,2,4510.426555
2026/02/04/14:40:06,running-time,rs-002476-7pd2m,f5f4cf6f-8163-4e23-b9ab-12db4d0b7af2,1,4510.426555
2026/02/04/14:40:06,apply-time,rs-002477-72mjg,3353416c-a63e-4670-90c1-8730a148b62b,2,4509.426555
2026/02/04/14:40:06,running-time,rs-002477-72mjg,3353416c-a63e-4670-90c1-8730a148b62b,2,4509.426555
2026/02/04/14:40:06,apply-time,rs-002477-n6wpj,7b3e919d-93f4-41fa-99f5-670d1621ca06,2,4509.426555
2026/02/04/14:40:06,running-time,rs-002477-n6wpj,7b3e919d-93f4-41fa-99f5-670d1621ca06,2,4509.426555
2026/02/04/14:40:07,running-time,rs-002476-r7ctd,8cc06e83-963e-4815-99f9-38939c14a540,1,4511.426555
2026/02/04/14:40:13,apply-time,rs-002478-fkrw7,070f7847-f477-472e-a61d-3a5e2e7b3ef3,1,4517.426555
2026/02/04/14:40:13,running-time,rs-002478-fkrw7,070f7847-f477-472e-a61d-3a5e2e7b3ef3,1,4517.426555
2026/02/04/14:40:14,apply-time,rs-002479-25xkd,e79cfbc1-f0bd-4dee-ab9f-ef350a5869f8,4,4518.426555
2026/02/04/14:40:14,running-time,rs-002479-25xkd,e79cfbc1-f0bd-4dee-ab9f-ef350a5869f8,4,4518.426555
2026/02/04/14:40:14,apply-time,rs-002479-9nxwk,367fb568-61bc-4c9a-a652-1f109f5d3586,4,4518.426555
2026/02/04/14:40:14,running-time,rs-002479-9nxwk,367fb568-61bc-4c9a-a652-1f109f5d3586,4,4518.426555
2026/02/04/14:40:14,apply-time,rs-002479-gxwxf,170b97d2-a34d-4607-ba56-c900d833ac52,4,4518.426555
2026/02/04/14:40:14,apply-time,rs-002480-ph9tz,d03552a6-6388-4e30-9705-6dca38fbed40,3,4518.426555
2026/02/04/14:40:14,running-time,rs-002480-ph9tz,d03552a6-6388-4e30-9705-6dca38fbed40,3,4518.426555
2026/02/04/14:40:23,apply-time,rs-002481-9bjdk,040439b9-01dd-441a-9f80-7ed465217903,1,4527.426555
2026/02/04/14:40:23,running-time,rs-002481-9bjdk,040439b9-01dd-441a-9f80-7ed465217903,1,4527.426555
2026/02/04/14:40:23,apply-time,rs-002481-l2g4b,78b01982-fe94-4a3b-8d29-6989e91c0648,1,4527.426555
2026/02/04/14:40:23,running-time,rs-002481-l2g4b,78b01982-fe94-4a3b-8d29-6989e91c0648,1,4527.426555
2026/02/04/14:40:23,apply-time,rs-002481-l46dw,7d525f91-6889-4b33-9c54-d705ca8b72e5,1,4527.426555
2026/02/04/14:40:23,running-time,rs-002481-l46dw,7d525f91-6889-4b33-9c54-d705ca8b72e5,1,4527.426555
2026/02/04/14:40:23,apply-time,rs-002482-wbkw8,9b50de7a-42a6-4ca9-a668-fc3160938af4,1,4527.426555
2026/02/04/14:40:23,running-time,rs-002482-wbkw8,9b50de7a-42a6-4ca9-a668-fc3160938af4,1,4527.426555
2026/02/04/14:40:23,apply-time,rs-002483-h882d,7bcbf73f-3e3c-4a71-95cc-c4bb8ea181a8,2,4527.426555
2026/02/04/14:40:23,apply-time,rs-002484-nvc8h,ec7ab324-beda-4ba9-bf09-0a454d56e256,2,4527.426555
2026/02/04/14:40:23,running-time,rs-002484-nvc8h,ec7ab324-beda-4ba9-bf09-0a454d56e256,2,4527.426555
2026/02/04/14:40:23,apply-time,rs-002484-vtbht,a8a7a033-b962-4898-8cce-eb9e84b29692,2,4527.426555
2026/02/04/14:40:23,running-time,rs-002484-vtbht,a8a7a033-b962-4898-8cce-eb9e84b29692,2,4527.426555
2026/02/04/14:40:23,apply-time,rs-002484-wqsln,12d2fc04-1332-45e9-a363-780478cf38a0,2,4527.426555
2026/02/04/14:40:23,running-time,rs-002484-wqsln,12d2fc04-1332-45e9-a363-780478cf38a0,2,4527.426555
2026/02/04/14:40:23,apply-time,rs-002485-lgkj9,6ae7f04b-9c74-475c-85c1-df029a5d739a,2,4527.426555
2026/02/04/14:40:23,apply-time,rs-002485-rd4tq,83757341-7ed1-40c5-be80-d32723f18c7b,2,4527.426555
2026/02/04/14:40:23,running-time,rs-002485-rd4tq,83757341-7ed1-40c5-be80-d32723f18c7b,2,4527.426555
2026/02/04/14:40:24,apply-time,rs-002486-8k9v4,8b4d0661-6633-4d6e-80db-9626113067ae,4,4528.426555
2026/02/04/14:40:24,running-time,rs-002486-8k9v4,8b4d0661-6633-4d6e-80db-9626113067ae,4,4528.426555
2026/02/04/14:40:24,apply-time,rs-002486-k8xj2,6f4c5b8c-cd01-4a12-8c23-1c1b9b80b92a,4,4527.426555
2026/02/04/14:40:24,running-time,rs-002486-k8xj2,6f4c5b8c-cd01-4a12-8c23-1c1b9b80b92a,4,4527.426555
2026/02/04/14:40:24,apply-time,rs-002487-kldkf,d1286d4e-6fe5-43db-8270-28dcc6a68491,1,4527.426555
2026/02/04/14:40:24,running-time,rs-002487-kldkf,d1286d4e-6fe5-43db-8270-28dcc6a68491,1,4527.426555
2026/02/04/14:40:24,apply-time,rs-002487-qk8kr,75817664-8b95-47ce-a5f3-2e40361988db,1,4528.426555
2026/02/04/14:40:24,running-time,rs-002487-qk8kr,75817664-8b95-47ce-a5f3-2e40361988db,1,4528.426555
2026/02/04/14:40:24,apply-time,rs-002488-2882g,4dde3c22-0c7e-4cc3-8df5-08b6186bdb1a,4,4527.426555
2026/02/04/14:40:24,running-time,rs-002488-2882g,4dde3c22-0c7e-4cc3-8df5-08b6186bdb1a,4,4527.426555
2026/02/04/14:40:24,apply-time,rs-002488-c6xdj,29111b50-3ce4-4df0-902f-ee1f3c280d15,4,4528.426555
2026/02/04/14:40:24,running-time,rs-002488-c6xdj,29111b50-3ce4-4df0-902f-ee1f3c280d15,4,4528.426555
2026/02/04/14:40:24,apply-time,rs-002488-v62ct,0627ddb5-be37-4849-a01c-e554fb59612e,4,4528.426555
2026/02/04/14:40:24,running-time,rs-002488-v62ct,0627ddb5-be37-4849-a01c-e554fb59612e,4,4528.426555
2026/02/04/14:40:24,apply-time,rs-002489-bnf7t,97b6f3e5-bc46-41aa-a1eb-6565cafb1acb,3,4528.426555
2026/02/04/14:40:24,running-time,rs-002489-bnf7t,97b6f3e5-bc46-41aa-a1eb-6565cafb1acb,3,4528.426555
2026/02/04/14:40:24,apply-time,rs-002489-dm6vk,65ec7481-593d-46ef-b21b-03a8b283c296,3,4528.426555
2026/02/04/14:40:24,running-time,rs-002489-dm6vk,65ec7481-593d-46ef-b21b-03a8b283c296,3,4528.426555
2026/02/04/14:40:24,apply-time,rs-002490-gdjjw,07099c81-8da6-4747-b019-e9ce3295f46f,3,4528.426555
2026/02/04/14:40:24,running-time,rs-002490-gdjjw,07099c81-8da6-4747-b019-e9ce3295f46f,3,4528.426555
2026/02/04/14:40:25,apply-time,rs-002491-mztsh,f1703d01-f7c8-490d-aa4a-b5b542e02005,1,4528.426555
2026/02/04/14:40:26,running-time,rs-002491-mztsh,f1703d01-f7c8-490d-aa4a-b5b542e02005,1,4530.426555
2026/02/04/14:40:26,apply-time,rs-002492-7zxjq,1215a592-dc9f-4b64-97c8-a8b4647bf1f4,4,4530.426555
2026/02/04/14:40:26,running-time,rs-002492-7zxjq,1215a592-dc9f-4b64-97c8-a8b4647bf1f4,4,4530.426555
2026/02/04/14:40:26,apply-time,rs-002492-lbcgr,1336c340-85e1-4ec8-a33e-0c58f2fbc709,4,4530.426555
2026/02/04/14:40:26,running-time,rs-002492-lbcgr,1336c340-85e1-4ec8-a33e-0c58f2fbc709,4,4530.426555
2026/02/04/14:40:26,apply-time,rs-002492-vvr2t,c2111c3b-7834-4e51-889f-f6664efdaa88,4,4530.426555
2026/02/04/14:40:26,running-time,rs-002492-vvr2t,c2111c3b-7834-4e51-889f-f6664efdaa88,4,4530.426555
2026/02/04/14:40:26,apply-time,rs-002493-c78b7,e4282142-ef29-4701-a0e0-71161cc79179,1,4530.426555
2026/02/04/14:40:26,running-time,rs-002493-c78b7,e4282142-ef29-4701-a0e0-71161cc79179,1,4530.426555
2026/02/04/14:40:26,apply-time,rs-002493-n9r2s,54a0c31a-7982-4e14-bde1-0f478424d59a,1,4530.426555
2026/02/04/14:40:26,running-time,rs-002493-n9r2s,54a0c31a-7982-4e14-bde1-0f478424d59a,1,4530.426555
2026/02/04/14:40:26,apply-time,rs-002494-gb6f4,e239f23d-e9b0-46bd-9c60-06aac6fc318b,1,4530.426555
2026/02/04/14:40:26,apply-time,rs-002494-glgts,d684b880-fb16-4aa6-9884-dfe438911094,1,4530.426555
2026/02/04/14:40:26,apply-time,rs-002495-f7xqh,0e315d8b-5122-435d-bea4-bc3ed51b62db,4,4530.426555
2026/02/04/14:40:27,running-time,rs-002485-lgkj9,6ae7f04b-9c74-475c-85c1-df029a5d739a,2,4531.426555
2026/02/04/14:40:27,running-time,rs-002494-gb6f4,e239f23d-e9b0-46bd-9c60-06aac6fc318b,1,4531.426555
2026/02/04/14:40:27,running-time,rs-002494-glgts,d684b880-fb16-4aa6-9884-dfe438911094,1,4531.426555
2026/02/04/14:40:27,running-time,rs-002495-f7xqh,0e315d8b-5122-435d-bea4-bc3ed51b62db,4,4531.426555
2026/02/04/14:40:33,apply-time,rs-002318-hrl99,9d2aa107-23a3-4ae9-a358-051b070859da,1,4536.426555
2026/02/04/14:40:33,running-time,rs-002318-hrl99,9d2aa107-23a3-4ae9-a358-051b070859da,1,4536.426555
2026/02/04/14:40:42,apply-time,rs-002496-6l8wz,18a5790f-5e52-4f67-b47f-0636df72a5e6,3,4546.426555
2026/02/04/14:40:42,running-time,rs-002496-6l8wz,18a5790f-5e52-4f67-b47f-0636df72a5e6,3,4546.426555
2026/02/04/14:40:42,apply-time,rs-002497-7sb8l,41e5cb38-93ce-4461-8a16-876854f02738,4,4546.426555
2026/02/04/14:40:42,running-time,rs-002497-7sb8l,41e5cb38-93ce-4461-8a16-876854f02738,4,4546.426555
2026/02/04/14:40:42,apply-time,rs-002497-qcg9s,e3762593-749d-4bce-a6b5-4178ad76f4fe,4,4546.426555
2026/02/04/14:40:42,running-time,rs-002497-qcg9s,e3762593-749d-4bce-a6b5-4178ad76f4fe,4,4546.426555
2026/02/04/14:40:42,apply-time,rs-002498-772gh,833eacd8-b3a5-49a0-8ec1-a7c1da283af4,2,4546.426555
2026/02/04/14:40:42,running-time,rs-002498-772gh,833eacd8-b3a5-49a0-8ec1-a7c1da283af4,2,4546.426555
2026/02/04/14:40:42,apply-time,rs-002499-4f5cr,3db534fe-446b-4dc8-bec2-1571747c6328,2,4546.426555
2026/02/04/14:40:42,running-time,rs-002499-4f5cr,3db534fe-446b-4dc8-bec2-1571747c6328,2,4546.426555
2026/02/04/14:40:42,apply-time,rs-002500-q7l9m,b2895b5e-5d87-4d09-af72-a820cda6d1d0,1,4546.426555
2026/02/04/14:40:42,running-time,rs-002500-q7l9m,b2895b5e-5d87-4d09-af72-a820cda6d1d0,1,4546.426555
2026/02/04/14:40:42,apply-time,rs-002500-qcnpm,914ac025-f8de-42a1-81c1-48f8026ce720,1,4546.426555
2026/02/04/14:40:42,running-time,rs-002500-qcnpm,914ac025-f8de-42a1-81c1-48f8026ce720,1,4546.426555
2026/02/04/14:40:42,apply-time,rs-002501-bc6tq,476c6296-2342-4bc9-b18a-ad74d4cff6ae,1,4546.426555
2026/02/04/14:40:42,running-time,rs-002501-bc6tq,476c6296-2342-4bc9-b18a-ad74d4cff6ae,1,4546.426555
2026/02/04/14:40:42,apply-time,rs-002502-mpjrw,e2109102-486d-4810-8c92-0dabb4d7bed1,2,4546.426555
2026/02/04/14:40:42,apply-time,rs-002502-q86lb,403b4788-2f83-4ec0-9bb2-3271916c80dd,2,4546.426555
2026/02/04/14:40:42,apply-time,rs-002502-sd6qn,72f50f6a-5c75-45cf-aa5c-0b985f0c4a9e,2,4546.426555
2026/02/04/14:40:42,apply-time,rs-002505-w8w4z,2e648db6-4ef5-4480-808d-1295965781b0,2,4546.426555
2026/02/04/14:40:42,running-time,rs-002505-w8w4z,2e648db6-4ef5-4480-808d-1295965781b0,2,4546.426555
2026/02/04/14:40:43,apply-time,rs-002503-qtzqv,360173a0-d2f5-4ce3-82cc-56b70a582add,2,4546.426555
2026/02/04/14:40:43,apply-time,rs-002504-svbnp,70795cc3-3d0a-4704-a92d-39f135d986cf,2,4546.426555
2026/02/04/14:40:43,apply-time,rs-002505-kblq5,aa62caed-f315-4180-8d95-e4552bb8c732,2,4547.426555
2026/02/04/14:40:43,running-time,rs-002505-kblq5,aa62caed-f315-4180-8d95-e4552bb8c732,2,4547.426555
2026/02/04/14:40:43,apply-time,rs-002505-pmpjf,8eed4772-e264-4c7c-aad5-b4faa1aecd19,2,4547.426555
2026/02/04/14:40:43,running-time,rs-002505-pmpjf,8eed4772-e264-4c7c-aad5-b4faa1aecd19,2,4547.426555
2026/02/04/14:40:43,apply-time,rs-002506-6r55s,ffda469c-d488-4b02-ba1f-2404025fe3b9,1,4547.426555
2026/02/04/14:40:43,running-time,rs-002506-6r55s,ffda469c-d488-4b02-ba1f-2404025fe3b9,1,4547.426555
2026/02/04/14:40:43,apply-time,rs-002506-qv8ps,2ee113ce-3825-4ee7-be89-f746164c3b42,1,4547.426555
2026/02/04/14:40:43,running-time,rs-002506-qv8ps,2ee113ce-3825-4ee7-be89-f746164c3b42,1,4547.426555
2026/02/04/14:40:43,apply-time,rs-002507-wbddk,925107c8-1c92-4205-a6f4-2f7d1d63859c,4,4547.426555
2026/02/04/14:40:43,apply-time,rs-002508-chn4l,2c1e5fa5-493e-4bd5-b7e8-259580b5db2f,1,4547.426555
2026/02/04/14:40:43,running-time,rs-002508-chn4l,2c1e5fa5-493e-4bd5-b7e8-259580b5db2f,1,4547.426555
2026/02/04/14:40:44,running-time,rs-002504-svbnp,70795cc3-3d0a-4704-a92d-39f135d986cf,2,4548.426555
2026/02/04/14:40:44,apply-time,rs-002508-j958l,287e4915-7531-4c8b-bba2-d723db8e6641,1,4547.426555
2026/02/04/14:40:44,running-time,rs-002508-j958l,287e4915-7531-4c8b-bba2-d723db8e6641,1,4547.426555
2026/02/04/14:40:44,apply-time,rs-002509-6dclb,e43664f6-117d-4d66-b62e-40671ff9ee5a,3,4548.426555
2026/02/04/14:40:44,apply-time,rs-002509-sc5w4,24501342-66cc-4788-a436-6d9b8777b19a,3,4548.426555
2026/02/04/14:40:44,running-time,rs-002509-sc5w4,24501342-66cc-4788-a436-6d9b8777b19a,3,4548.426555
2026/02/04/14:40:44,apply-time,rs-002509-trd4f,2a84eee8-dbab-433e-ae73-4ef1c735a4dc,3,4547.426555
2026/02/04/14:40:44,apply-time,rs-002510-9sfch,51337cb6-a27f-4538-bf8b-87c41f5834d5,4,4548.426555
2026/02/04/14:40:44,running-time,rs-002510-9sfch,51337cb6-a27f-4538-bf8b-87c41f5834d5,4,4548.426555
2026/02/04/14:40:44,apply-time,rs-002510-bm8j2,c4491a79-579a-4853-8bab-d8f19a97af06,4,4547.426555
2026/02/04/14:40:44,running-time,rs-002510-bm8j2,c4491a79-579a-4853-8bab-d8f19a97af06,4,4547.426555
2026/02/04/14:40:44,apply-time,rs-002511-2s66f,464c463b-96f8-405c-82ac-26d74c52746d,4,4548.426555
2026/02/04/14:40:44,running-time,rs-002511-2s66f,464c463b-96f8-405c-82ac-26d74c52746d,4,4548.426555
2026/02/04/14:40:45,running-time,rs-002502-mpjrw,e2109102-486d-4810-8c92-0dabb4d7bed1,2,4548.426555
2026/02/04/14:40:45,running-time,rs-002502-sd6qn,72f50f6a-5c75-45cf-aa5c-0b985f0c4a9e,2,4549.426555
2026/02/04/14:40:45,apply-time,rs-002511-7fck5,4a22be30-8bd6-4d98-a475-4e5009288ebf,4,4548.426555
2026/02/04/14:40:45,running-time,rs-002511-7fck5,4a22be30-8bd6-4d98-a475-4e5009288ebf,4,4548.426555
2026/02/04/14:40:45,apply-time,rs-002511-bb7c5,896e4bc2-fb26-4770-b597-c92273ae8083,4,4548.426555
2026/02/04/14:40:45,running-time,rs-002511-bb7c5,896e4bc2-fb26-4770-b597-c92273ae8083,4,4548.426555
2026/02/04/14:40:47,running-time,rs-002509-6dclb,e43664f6-117d-4d66-b62e-40671ff9ee5a,3,4551.426555
2026/02/04/14:40:47,running-time,rs-002509-trd4f,2a84eee8-dbab-433e-ae73-4ef1c735a4dc,3,4550.426555
2026/02/04/14:40:48,apply-time,rs-002512-9jjbx,057a12c1-7063-4492-b709-3dc30077ddee,1,4552.426555
2026/02/04/14:40:48,running-time,rs-002512-9jjbx,057a12c1-7063-4492-b709-3dc30077ddee,1,4552.426555
2026/02/04/14:40:48,apply-time,rs-002512-zlx9z,245ad5a2-1565-4a19-b3d1-6bdc7bd5c2f9,1,4552.426555
2026/02/04/14:40:48,running-time,rs-002512-zlx9z,245ad5a2-1565-4a19-b3d1-6bdc7bd5c2f9,1,4552.426555
2026/02/04/14:40:48,apply-time,rs-002513-kxcvg,2d43748d-1262-424c-8c03-36e7061e680d,4,4552.426555
2026/02/04/14:40:48,running-time,rs-002513-kxcvg,2d43748d-1262-424c-8c03-36e7061e680d,4,4552.426555
2026/02/04/14:40:48,apply-time,rs-002513-lns5m,213909ea-c179-46bc-92f5-fe2ada3091ce,4,4552.426555
2026/02/04/14:40:48,apply-time,rs-002513-nv9kb,33b55303-286a-41d9-a5c0-40b12dae912d,4,4552.426555
2026/02/04/14:40:49,running-time,rs-002502-q86lb,403b4788-2f83-4ec0-9bb2-3271916c80dd,2,4553.426555
2026/02/04/14:40:49,running-time,rs-002513-lns5m,213909ea-c179-46bc-92f5-fe2ada3091ce,4,4553.426555
2026/02/04/14:40:49,running-time,rs-002513-nv9kb,33b55303-286a-41d9-a5c0-40b12dae912d,4,4553.426555
2026/02/04/14:40:51,running-time,rs-002503-qtzqv,360173a0-d2f5-4ce3-82cc-56b70a582add,2,4555.426555
2026/02/04/14:41:13,apply-time,rs-002514-62lkh,6db2fb7d-49de-4640-9296-a87e01946232,3,4577.426555
2026/02/04/14:41:13,running-time,rs-002514-62lkh,6db2fb7d-49de-4640-9296-a87e01946232,3,4577.426555
2026/02/04/14:41:13,apply-time,rs-002514-jdd9j,c9267534-6921-4d45-9c16-adcece16308c,3,4577.426555
2026/02/04/14:41:13,running-time,rs-002514-jdd9j,c9267534-6921-4d45-9c16-adcece16308c,3,4577.426555
2026/02/04/14:41:13,apply-time,rs-002514-qn4cv,86727d02-530f-40a5-863a-59c645b3cdc5,3,4577.426555
2026/02/04/14:41:13,running-time,rs-002514-qn4cv,86727d02-530f-40a5-863a-59c645b3cdc5,3,4577.426555
2026/02/04/14:41:13,apply-time,rs-002515-jdtkb,59e4204f-57ca-4642-95cb-7a39c75ab1b4,2,4577.426555
2026/02/04/14:41:13,running-time,rs-002515-jdtkb,59e4204f-57ca-4642-95cb-7a39c75ab1b4,2,4577.426555
2026/02/04/14:41:13,apply-time,rs-002515-m62z6,17ad51a6-bf0d-4d1c-9aeb-1d42efbb0b30,2,4577.426555
2026/02/04/14:41:13,running-time,rs-002515-m62z6,17ad51a6-bf0d-4d1c-9aeb-1d42efbb0b30,2,4577.426555
2026/02/04/14:41:13,apply-time,rs-002515-r9n4r,bf706974-9a47-4c8b-a7f1-e2ab434e16c5,2,4577.426555
2026/02/04/14:41:13,apply-time,rs-002516-fw6vg,76ad49de-97a9-45c1-b73a-66cfe9c707ed,4,4577.426555
2026/02/04/14:41:13,running-time,rs-002516-fw6vg,76ad49de-97a9-45c1-b73a-66cfe9c707ed,4,4577.426555
2026/02/04/14:41:13,apply-time,rs-002517-p9m9h,822e5a4f-d8c5-436c-b863-2d1faf0a0cb0,2,4577.426555
2026/02/04/14:41:13,running-time,rs-002517-p9m9h,822e5a4f-d8c5-436c-b863-2d1faf0a0cb0,2,4577.426555
2026/02/04/14:41:13,apply-time,rs-002517-vmr4q,a84df995-ed20-4773-822e-db041cfd787a,2,4577.426555
2026/02/04/14:41:13,running-time,rs-002517-vmr4q,a84df995-ed20-4773-822e-db041cfd787a,2,4577.426555
2026/02/04/14:41:13,apply-time,rs-002518-9pf7p,01c0794e-bef1-410e-8abd-58dd9fa058d1,2,4577.426555
2026/02/04/14:41:13,running-time,rs-002518-9pf7p,01c0794e-bef1-410e-8abd-58dd9fa058d1,2,4577.426555
2026/02/04/14:41:13,apply-time,rs-002519-xlxnb,5013b0c5-8df4-4090-980f-1d9427560f55,3,4577.426555
2026/02/04/14:41:13,running-time,rs-002519-xlxnb,5013b0c5-8df4-4090-980f-1d9427560f55,3,4577.426555
2026/02/04/14:41:13,apply-time,rs-002520-bqgh8,fd7e6513-8017-412a-acd9-319dceb72245,3,4577.426555
2026/02/04/14:41:14,apply-time,rs-002519-bjz5f,aab66295-c61e-42f3-8ab1-1b76bdf50e86,3,4578.426555
2026/02/04/14:41:14,running-time,rs-002519-bjz5f,aab66295-c61e-42f3-8ab1-1b76bdf50e86,3,4578.426555
2026/02/04/14:41:14,apply-time,rs-002519-hf47h,adc394ed-d460-463b-9ec1-c92afa21d875,3,4578.426555
2026/02/04/14:41:14,running-time,rs-002519-hf47h,adc394ed-d460-463b-9ec1-c92afa21d875,3,4578.426555
2026/02/04/14:41:14,apply-time,rs-002520-xq78g,760c56ed-2b12-48b5-adb8-0d1e2a6c6454,3,4578.426555
2026/02/04/14:41:14,apply-time,rs-002521-cbkdl,c4295723-799b-46a3-a236-89034966efe3,1,4577.426555
2026/02/04/14:41:14,running-time,rs-002521-cbkdl,c4295723-799b-46a3-a236-89034966efe3,1,4578.426555
2026/02/04/14:41:14,apply-time,rs-002522-ltp49,61f86b18-654e-428a-a504-c615a9d3fe80,3,4578.426555
2026/02/04/14:41:14,apply-time,rs-002523-28k2q,b839d5ec-4c13-43db-82a5-8648b88383ef,1,4578.426555
2026/02/04/14:41:14,running-time,rs-002523-28k2q,b839d5ec-4c13-43db-82a5-8648b88383ef,1,4578.426555
2026/02/04/14:41:14,apply-time,rs-002523-v94m2,79189fd2-9916-4dda-a43b-4a708f88de8a,1,4578.426555
2026/02/04/14:41:14,running-time,rs-002523-v94m2,79189fd2-9916-4dda-a43b-4a708f88de8a,1,4578.426555
2026/02/04/14:41:15,running-time,rs-002522-ltp49,61f86b18-654e-428a-a504-c615a9d3fe80,3,4579.426555
2026/02/04/14:41:15,apply-time,rs-002522-nnlq4,d38abd4f-3ca1-4e40-b35c-1a7f85bf867b,3,4578.426555
2026/02/04/14:41:15,running-time,rs-002522-nnlq4,d38abd4f-3ca1-4e40-b35c-1a7f85bf867b,3,4579.426555
2026/02/04/14:41:35,apply-time,rs-002524-dqh5w,a558916a-7d65-411c-8586-f58b11d02a4d,1,4598.426555
2026/02/04/14:41:35,running-time,rs-002524-dqh5w,a558916a-7d65-411c-8586-f58b11d02a4d,1,4598.426555
2026/02/04/14:41:35,apply-time,rs-002524-sgkr5,c3322ab6-da95-43e2-9b9a-6c3de23e2c7d,1,4598.426555
2026/02/04/14:41:35,running-time,rs-002524-sgkr5,c3322ab6-da95-43e2-9b9a-6c3de23e2c7d,1,4598.426555
2026/02/04/14:41:35,apply-time,rs-002525-4ncfl,70ab413a-26b4-45b6-9f79-bda755a5a04f,2,4598.426555
2026/02/04/14:41:35,running-time,rs-002525-4ncfl,70ab413a-26b4-45b6-9f79-bda755a5a04f,2,4598.426555
2026/02/04/14:41:35,apply-time,rs-002525-dbnmj,6d1ef5e8-0bba-423f-ae3e-844a5af56a8e,2,4598.426555
2026/02/04/14:41:35,running-time,rs-002525-dbnmj,6d1ef5e8-0bba-423f-ae3e-844a5af56a8e,2,4598.426555
2026/02/04/14:41:52,apply-time,rs-002526-h752z,aa1fa475-9752-4b16-9cdb-28c7813ae552,1,4616.426555
2026/02/04/14:41:52,running-time,rs-002526-h752z,aa1fa475-9752-4b16-9cdb-28c7813ae552,1,4616.426555
2026/02/04/14:41:53,apply-time,rs-002527-jkq7l,27bcb7a0-1c0b-4d28-98c6-3acfb3eb3bb9,2,4617.426555
2026/02/04/14:41:53,running-time,rs-002527-jkq7l,27bcb7a0-1c0b-4d28-98c6-3acfb3eb3bb9,2,4617.426555
2026/02/04/14:41:53,apply-time,rs-002527-srpr7,fa09e21f-47d1-43c3-8801-30cda6fcfd71,2,4617.426555
2026/02/04/14:41:53,running-time,rs-002527-srpr7,fa09e21f-47d1-43c3-8801-30cda6fcfd71,2,4617.426555
2026/02/04/14:41:53,apply-time,rs-002528-d8mcs,1b1b3446-67ab-4313-8cfb-ddb2562d9ff1,2,4617.426555
2026/02/04/14:41:53,running-time,rs-002528-d8mcs,1b1b3446-67ab-4313-8cfb-ddb2562d9ff1,2,4617.426555
2026/02/04/14:41:53,apply-time,rs-002529-6w22m,e655b814-b5d9-4e2e-992b-b238dec3f302,4,4617.426555
2026/02/04/14:41:53,running-time,rs-002529-6w22m,e655b814-b5d9-4e2e-992b-b238dec3f302,4,4617.426555
2026/02/04/14:41:53,apply-time,rs-002529-9h5gc,11d014b4-6e8e-4c7f-a11d-04587e5778cd,4,4617.426555
2026/02/04/14:41:53,running-time,rs-002529-9h5gc,11d014b4-6e8e-4c7f-a11d-04587e5778cd,4,4617.426555
2026/02/04/14:41:53,apply-time,rs-002529-n59br,a4170306-f89b-4533-82a6-9a0bbf4c1e6f,4,4617.426555
2026/02/04/14:41:53,running-time,rs-002529-n59br,a4170306-f89b-4533-82a6-9a0bbf4c1e6f,4,4617.426555
2026/02/04/14:41:53,apply-time,rs-002530-6tbbq,696c623f-6065-4f05-932d-9f930091fe3c,1,4617.426555
2026/02/04/14:41:53,running-time,rs-002530-6tbbq,696c623f-6065-4f05-932d-9f930091fe3c,1,4617.426555
2026/02/04/14:41:53,apply-time,rs-002531-pk6w4,ec700fcf-6fa4-4bed-84b7-ce303dcf2d9f,1,4617.426555
2026/02/04/14:41:53,running-time,rs-002531-pk6w4,ec700fcf-6fa4-4bed-84b7-ce303dcf2d9f,1,4617.426555
2026/02/04/14:41:54,apply-time,rs-002532-kd2sh,3743579a-783c-4d14-a01d-e714ca7d81bc,1,4618.426555
2026/02/04/14:41:54,running-time,rs-002532-kd2sh,3743579a-783c-4d14-a01d-e714ca7d81bc,1,4618.426555
2026/02/04/14:41:54,apply-time,rs-002532-m7tvk,2e4805f5-7ceb-4863-bbea-f074284d4343,1,4618.426555
2026/02/04/14:41:54,running-time,rs-002532-m7tvk,2e4805f5-7ceb-4863-bbea-f074284d4343,1,4618.426555
2026/02/04/14:41:54,apply-time,rs-002533-g67lc,492f709e-079a-4949-917b-995f999e3317,4,4618.426555
2026/02/04/14:41:54,running-time,rs-002533-g67lc,492f709e-079a-4949-917b-995f999e3317,4,4618.426555
2026/02/04/14:41:54,apply-time,rs-002534-7n8x7,86a8fbb6-43e2-4c98-83bb-b60a9c1ddbea,3,4618.426555
2026/02/04/14:41:54,running-time,rs-002534-7n8x7,86a8fbb6-43e2-4c98-83bb-b60a9c1ddbea,3,4618.426555
2026/02/04/14:41:54,apply-time,rs-002534-cg4jb,7fccae20-b62d-4287-8665-5f1c187bed48,3,4618.426555
2026/02/04/14:41:54,running-time,rs-002534-cg4jb,7fccae20-b62d-4287-8665-5f1c187bed48,3,4618.426555
2026/02/04/14:41:55,apply-time,rs-002535-d5vgl,3fdd158f-fec2-4afe-8f26-0f484b1509cf,2,4619.426555
2026/02/04/14:41:55,running-time,rs-002535-d5vgl,3fdd158f-fec2-4afe-8f26-0f484b1509cf,2,4619.426555
2026/02/04/14:41:57,apply-time,rs-002536-7znpx,2e0726a2-44a8-40b6-9db1-dfdfb3d20cdc,4,4620.426555
2026/02/04/14:41:57,running-time,rs-002536-7znpx,2e0726a2-44a8-40b6-9db1-dfdfb3d20cdc,4,4620.426555
2026/02/04/14:42:08,apply-time,rs-002537-7j2l2,1daf8bca-9e1f-4605-ba8e-79b4962bf621,1,4632.426555
2026/02/04/14:42:08,running-time,rs-002537-7j2l2,1daf8bca-9e1f-4605-ba8e-79b4962bf621,1,4632.426555
2026/02/04/14:42:08,apply-time,rs-002537-7k7kk,3bbc9a4a-7a2c-465d-8e01-f7ed584609b9,1,4632.426555
2026/02/04/14:42:08,running-time,rs-002537-7k7kk,3bbc9a4a-7a2c-465d-8e01-f7ed584609b9,1,4632.426555
2026/02/04/14:42:08,apply-time,rs-002538-9cx6c,55006800-0dc1-4a69-b0a3-b6b915c818d9,1,4632.426555
2026/02/04/14:42:08,running-time,rs-002538-9cx6c,55006800-0dc1-4a69-b0a3-b6b915c818d9,1,4632.426555
2026/02/04/14:42:08,apply-time,rs-002538-wcx8l,13be99ab-947b-4742-9c37-86e779a50e57,1,4632.426555
2026/02/04/14:42:08,running-time,rs-002538-wcx8l,13be99ab-947b-4742-9c37-86e779a50e57,1,4632.426555
2026/02/04/14:42:09,apply-time,rs-002539-5n8m6,5f4dfc16-b33c-44d6-be9d-4075beaf7770,2,4633.426555
2026/02/04/14:42:09,running-time,rs-002539-5n8m6,5f4dfc16-b33c-44d6-be9d-4075beaf7770,2,4633.426555
2026/02/04/14:42:20,apply-time,rs-002540-cbwcb,716c404b-83fe-46e7-b4b7-990833390953,2,4643.426555
2026/02/04/14:42:20,running-time,rs-002540-cbwcb,716c404b-83fe-46e7-b4b7-990833390953,2,4643.426555
2026/02/04/14:42:45,apply-time,rs-002541-j8qrt,d43ccc59-a363-445c-b138-7363c7fb68db,2,4669.426555
2026/02/04/14:42:45,running-time,rs-002541-j8qrt,d43ccc59-a363-445c-b138-7363c7fb68db,2,4669.426555
2026/02/04/14:42:45,apply-time,rs-002541-kxld8,d748e620-efce-4070-a742-49e77fb771d2,2,4669.426555
2026/02/04/14:42:45,running-time,rs-002541-kxld8,d748e620-efce-4070-a742-49e77fb771d2,2,4669.426555
2026/02/04/14:42:45,apply-time,rs-002542-bx6dx,63f9a0d3-3d10-49c4-bfbb-2a6fbba08369,3,4669.426555
2026/02/04/14:42:45,running-time,rs-002542-bx6dx,63f9a0d3-3d10-49c4-bfbb-2a6fbba08369,3,4669.426555
2026/02/04/14:42:45,apply-time,rs-002542-g2jxk,a75174a8-68a1-4169-bda9-b8c613fc1143,3,4669.426555
2026/02/04/14:42:45,running-time,rs-002542-g2jxk,a75174a8-68a1-4169-bda9-b8c613fc1143,3,4669.426555
2026/02/04/14:42:55,apply-time,rs-002543-k7p2p,d41c0528-12d7-4587-bf93-1ea12bf291f5,2,4679.426555
2026/02/04/14:42:55,running-time,rs-002543-k7p2p,d41c0528-12d7-4587-bf93-1ea12bf291f5,2,4679.426555
2026/02/04/14:42:55,apply-time,rs-002543-ndn27,19366d8a-9e96-4b11-bc2b-a65ccc8cde14,2,4679.426555
2026/02/04/14:42:55,running-time,rs-002543-ndn27,19366d8a-9e96-4b11-bc2b-a65ccc8cde14,2,4679.426555
2026/02/04/14:42:55,apply-time,rs-002544-68px4,10c7d8bf-9c3b-44bb-a1ca-5cde1209765f,1,4679.426555
2026/02/04/14:42:55,running-time,rs-002544-68px4,10c7d8bf-9c3b-44bb-a1ca-5cde1209765f,1,4679.426555
2026/02/04/14:42:55,apply-time,rs-002544-ct5ms,473026f9-1a48-4867-8d60-94c7c71c78ef,1,4679.426555
2026/02/04/14:42:55,running-time,rs-002544-ct5ms,473026f9-1a48-4867-8d60-94c7c71c78ef,1,4679.426555
2026/02/04/14:42:55,apply-time,rs-002545-8qsbc,01c0f9a4-8767-4c8b-b6aa-ffe11840a818,1,4679.426555
2026/02/04/14:42:55,running-time,rs-002545-8qsbc,01c0f9a4-8767-4c8b-b6aa-ffe11840a818,1,4679.426555
2026/02/04/14:42:56,apply-time,rs-002546-ddglw,86c1f11b-c8a8-4020-a604-8681c2786e6e,2,4680.426555
2026/02/04/14:42:56,running-time,rs-002546-ddglw,86c1f11b-c8a8-4020-a604-8681c2786e6e,2,4680.426555
2026/02/04/14:42:57,apply-time,rs-002547-dfz8j,392a5952-8cf7-44fe-b643-cb3d1636f231,2,4681.426555
2026/02/04/14:42:57,running-time,rs-002547-dfz8j,392a5952-8cf7-44fe-b643-cb3d1636f231,2,4681.426555
2026/02/04/14:42:57,apply-time,rs-002548-5fpd2,b1b80779-11f1-43bb-b1f3-9d410a810960,3,4681.426555
2026/02/04/14:42:57,running-time,rs-002548-5fpd2,b1b80779-11f1-43bb-b1f3-9d410a810960,3,4681.426555
2026/02/04/14:42:57,apply-time,rs-002548-xrkbd,9ba285e3-7e5d-42cc-933a-dc32071390f7,3,4681.426555
2026/02/04/14:42:57,running-time,rs-002548-xrkbd,9ba285e3-7e5d-42cc-933a-dc32071390f7,3,4681.426555
2026/02/04/14:42:59,apply-time,rs-002549-7hmmc,fa215025-d567-43e9-8726-43b1adb2a055,3,4683.426555
2026/02/04/14:42:59,running-time,rs-002549-7hmmc,fa215025-d567-43e9-8726-43b1adb2a055,3,4683.426555
2026/02/04/14:42:59,apply-time,rs-002549-nhzx5,d434dbe4-b87b-43b7-ba05-ceb6b0ee737b,3,4683.426555
2026/02/04/14:42:59,running-time,rs-002549-nhzx5,d434dbe4-b87b-43b7-ba05-ceb6b0ee737b,3,4683.426555
2026/02/04/14:42:59,apply-time,rs-002549-ztp6z,a02a593b-625e-4a60-b86b-1affdecf4c3b,3,4683.426555
2026/02/04/14:42:59,running-time,rs-002549-ztp6z,a02a593b-625e-4a60-b86b-1affdecf4c3b,3,4683.426555
2026/02/04/14:42:59,apply-time,rs-002550-bghs5,001c9f9d-9170-46d8-a5cd-b56a847d2e7d,1,4683.426555
2026/02/04/14:42:59,running-time,rs-002550-bghs5,001c9f9d-9170-46d8-a5cd-b56a847d2e7d,1,4683.426555
2026/02/04/14:42:59,apply-time,rs-002550-ddzjn,6d1d50aa-c8a0-4b71-9e14-ac157523c861,1,4683.426555
2026/02/04/14:42:59,running-time,rs-002550-ddzjn,6d1d50aa-c8a0-4b71-9e14-ac157523c861,1,4683.426555
2026/02/04/14:42:59,apply-time,rs-002551-6h29t,d6ac33f0-e19f-4ef5-a63d-1d0a682d85b0,1,4683.426555
2026/02/04/14:42:59,running-time,rs-002551-6h29t,d6ac33f0-e19f-4ef5-a63d-1d0a682d85b0,1,4683.426555
2026/02/04/14:42:59,apply-time,rs-002551-bj6lj,d005f7ef-06ca-4ade-b300-15baaf9b5dad,1,4683.426555
2026/02/04/14:42:59,running-time,rs-002551-bj6lj,d005f7ef-06ca-4ade-b300-15baaf9b5dad,1,4683.426555
2026/02/04/14:42:59,apply-time,rs-002552-kqj2k,87bc3db5-00d8-4cab-8bb6-7d88fbcf5e1a,1,4683.426555
2026/02/04/14:42:59,running-time,rs-002552-kqj2k,87bc3db5-00d8-4cab-8bb6-7d88fbcf5e1a,1,4683.426555
2026/02/04/14:43:00,apply-time,rs-002553-45xbz,0277a61a-4f53-459a-8a92-07fdeac43b78,2,4684.426555
2026/02/04/14:43:00,running-time,rs-002553-45xbz,0277a61a-4f53-459a-8a92-07fdeac43b78,2,4684.426555
2026/02/04/14:43:00,apply-time,rs-002553-9pqpg,bc6bec8e-7189-4003-ade0-96d61e03b743,2,4684.426555
2026/02/04/14:43:00,running-time,rs-002553-9pqpg,bc6bec8e-7189-4003-ade0-96d61e03b743,2,4684.426555
2026/02/04/14:43:00,apply-time,rs-002553-wtw4s,d26087bd-ddcc-4a6e-a8dd-e8242609f4c2,2,4684.426555
2026/02/04/14:43:00,running-time,rs-002553-wtw4s,d26087bd-ddcc-4a6e-a8dd-e8242609f4c2,2,4684.426555
2026/02/04/14:43:00,apply-time,rs-002554-wdzsh,6bd052b3-39e4-415e-822f-a266cb40b24b,1,4684.426555
2026/02/04/14:43:00,running-time,rs-002554-wdzsh,6bd052b3-39e4-415e-822f-a266cb40b24b,1,4684.426555
2026/02/04/14:43:00,apply-time,rs-002554-xj8kr,55a01315-0b49-4b84-ae03-cb330ac19d93,1,4684.426555
2026/02/04/14:43:00,running-time,rs-002554-xj8kr,55a01315-0b49-4b84-ae03-cb330ac19d93,1,4684.426555
2026/02/04/14:43:00,apply-time,rs-002555-r7s2f,169587a9-56bb-40ba-bb39-95e6e5e40cf4,2,4684.426555
2026/02/04/14:43:00,running-time,rs-002555-r7s2f,169587a9-56bb-40ba-bb39-95e6e5e40cf4,2,4684.426555
2026/02/04/14:43:00,apply-time,rs-002556-tvz58,b769c3ae-f4b2-416d-b2ea-32fa4772f72f,4,4684.426555
2026/02/04/14:43:00,running-time,rs-002556-tvz58,b769c3ae-f4b2-416d-b2ea-32fa4772f72f,4,4684.426555
2026/02/04/14:43:00,apply-time,rs-002557-9x4v7,17bcc7c5-536b-4b88-a24f-31d62ab6888a,2,4684.426555
2026/02/04/14:43:00,apply-time,rs-002558-w4mw4,c699e78b-8c64-414f-899b-ae9e2eee4da7,2,4684.426555
2026/02/04/14:43:01,apply-time,rs-002556-ntnbd,fbbe6fc7-3c90-4736-b945-4e8400d36d0e,4,4684.426555
2026/02/04/14:43:01,running-time,rs-002556-ntnbd,fbbe6fc7-3c90-4736-b945-4e8400d36d0e,4,4684.426555
2026/02/04/14:43:01,running-time,rs-002557-9x4v7,17bcc7c5-536b-4b88-a24f-31d62ab6888a,2,4685.426555
2026/02/04/14:43:01,apply-time,rs-002558-9b5wd,5cd3cf16-7595-48e9-a6a2-6b54105a47e3,2,4685.426555
2026/02/04/14:43:01,running-time,rs-002558-9b5wd,5cd3cf16-7595-48e9-a6a2-6b54105a47e3,2,4685.426555
2026/02/04/14:43:01,running-time,rs-002558-w4mw4,c699e78b-8c64-414f-899b-ae9e2eee4da7,2,4684.426555
2026/02/04/14:43:01,apply-time,rs-002558-xc2rp,dbba8496-f61d-4013-81ca-8cf19101bc4f,2,4685.426555
2026/02/04/14:43:01,running-time,rs-002558-xc2rp,dbba8496-f61d-4013-81ca-8cf19101bc4f,2,4685.426555
2026/02/04/14:43:01,apply-time,rs-002559-z48m2,dc83794c-540b-4088-8b6c-56656dd574da,2,4685.426555
2026/02/04/14:43:01,running-time,rs-002559-z48m2,dc83794c-540b-4088-8b6c-56656dd574da,2,4685.426555
2026/02/04/14:43:01,apply-time,rs-002560-4xs7w,f818f7bc-408a-4e4f-8e20-09a70be4b54f,2,4685.426555
2026/02/04/14:43:01,running-time,rs-002560-4xs7w,f818f7bc-408a-4e4f-8e20-09a70be4b54f,2,4685.426555
2026/02/04/14:43:01,apply-time,rs-002560-94ftg,db207c21-bb30-4861-982e-eb325573f281,2,4685.426555
2026/02/04/14:43:01,running-time,rs-002560-94ftg,db207c21-bb30-4861-982e-eb325573f281,2,4685.426555
2026/02/04/14:43:01,apply-time,rs-002561-bzt4s,1e8c01a4-ff63-4a22-8bb2-9f3414d84b9d,4,4685.426555
2026/02/04/14:43:02,running-time,rs-002561-bzt4s,1e8c01a4-ff63-4a22-8bb2-9f3414d84b9d,4,4686.426555
2026/02/04/14:43:02,apply-time,rs-002562-92kdv,59ad8ace-cc0e-4090-b206-7e9528b10b7f,1,4686.426555
2026/02/04/14:43:02,running-time,rs-002562-92kdv,59ad8ace-cc0e-4090-b206-7e9528b10b7f,1,4686.426555
2026/02/04/14:43:02,apply-time,rs-002563-bzcmt,5d34a4c7-1dc6-4a4a-b5ff-7ae1c809b001,3,4686.426555
2026/02/04/14:43:02,running-time,rs-002563-bzcmt,5d34a4c7-1dc6-4a4a-b5ff-7ae1c809b001,3,4686.426555
2026/02/04/14:43:02,apply-time,rs-002563-nlxp7,1b525ffe-73eb-4fe9-bc9c-fa50f53f0fca,3,4686.426555
2026/02/04/14:43:02,running-time,rs-002563-nlxp7,1b525ffe-73eb-4fe9-bc9c-fa50f53f0fca,3,4686.426555
2026/02/04/14:43:02,apply-time,rs-002563-pxqm5,5ae50116-658b-43e4-9ad8-9ce6df0a77bc,3,4686.426555
2026/02/04/14:43:02,running-time,rs-002563-pxqm5,5ae50116-658b-43e4-9ad8-9ce6df0a77bc,3,4686.426555
2026/02/04/14:43:02,apply-time,rs-002564-rj8xp,91977497-fc81-4351-b668-5cf4fa3027cb,4,4686.426555
2026/02/04/14:43:02,running-time,rs-002564-rj8xp,91977497-fc81-4351-b668-5cf4fa3027cb,4,4686.426555
2026/02/04/14:43:02,apply-time,rs-002565-jf4tr,1cca6731-e93d-4e2c-b252-0842366df291,2,4686.426555
2026/02/04/14:43:03,apply-time,rs-002566-9hjwq,b07008a1-a2c0-4237-bd27-85d86024f72d,2,4687.426555
2026/02/04/14:43:03,running-time,rs-002566-9hjwq,b07008a1-a2c0-4237-bd27-85d86024f72d,2,4687.426555
2026/02/04/14:43:03,apply-time,rs-002566-jpgnb,71f9fcba-73dd-4e3f-9946-2e32dfe6477c,2,4687.426555
2026/02/04/14:43:03,running-time,rs-002566-jpgnb,71f9fcba-73dd-4e3f-9946-2e32dfe6477c,2,4687.426555
2026/02/04/14:43:03,apply-time,rs-002567-vkkjc,4aa60bad-52c4-4f54-b1e3-54a38f489b47,3,4687.426555
2026/02/04/14:43:03,apply-time,rs-002568-tzkrm,4de8cf27-5666-403d-a100-043e40ac4ad7,3,4687.426555
2026/02/04/14:43:03,running-time,rs-002568-tzkrm,4de8cf27-5666-403d-a100-043e40ac4ad7,3,4687.426555
2026/02/04/14:43:04,apply-time,rs-002567-6dgbr,542fd215-8207-4c5e-8a04-75df61d0daff,3,4688.426555
2026/02/04/14:43:04,apply-time,rs-002567-kdslr,00c07cb8-1bd3-47dc-9944-37283dd24f57,3,4688.426555
2026/02/04/14:43:04,running-time,rs-002567-vkkjc,4aa60bad-52c4-4f54-b1e3-54a38f489b47,3,4688.426555
2026/02/04/14:43:04,apply-time,rs-002569-qkzts,5e759dd2-435e-4989-b008-c7673f2810a4,3,4687.426555
2026/02/04/14:43:04,running-time,rs-002569-qkzts,5e759dd2-435e-4989-b008-c7673f2810a4,3,4687.426555
2026/02/04/14:43:04,apply-time,rs-002570-sqgwb,4d4d095a-072f-4ac3-b63a-099abb91164e,1,4687.426555
2026/02/04/14:43:04,running-time,rs-002570-sqgwb,4d4d095a-072f-4ac3-b63a-099abb91164e,1,4688.426555
2026/02/04/14:43:04,apply-time,rs-002571-96fct,64849539-ecc3-41ef-8858-9314b3c474b9,4,4688.426555
2026/02/04/14:43:04,running-time,rs-002571-96fct,64849539-ecc3-41ef-8858-9314b3c474b9,4,4688.426555
2026/02/04/14:43:04,apply-time,rs-002571-ppp9n,4832eb56-1076-4791-8d54-5eb921b82d12,4,4688.426555
2026/02/04/14:43:04,running-time,rs-002571-ppp9n,4832eb56-1076-4791-8d54-5eb921b82d12,4,4688.426555
2026/02/04/14:43:04,apply-time,rs-002571-xvq6j,97b481b6-4b06-4c35-8155-fb3f624ab0fb,4,4688.426555
2026/02/04/14:43:04,running-time,rs-002571-xvq6j,97b481b6-4b06-4c35-8155-fb3f624ab0fb,4,4688.426555
2026/02/04/14:43:04,apply-time,rs-002572-chdx2,9be74442-b90c-4a11-95d9-61906fd27f76,3,4688.426555
2026/02/04/14:43:04,apply-time,rs-002572-p49k6,97be18c7-e801-49bf-bbcf-58eb94d05dd4,3,4688.426555
2026/02/04/14:43:04,running-time,rs-002572-p49k6,97be18c7-e801-49bf-bbcf-58eb94d05dd4,3,4688.426555
2026/02/04/14:43:04,apply-time,rs-002573-j9kmc,f16bdb4a-0751-4e02-809f-32e6adeef934,4,4688.426555
2026/02/04/14:43:04,running-time,rs-002573-j9kmc,f16bdb4a-0751-4e02-809f-32e6adeef934,4,4688.426555
2026/02/04/14:43:05,running-time,rs-002572-chdx2,9be74442-b90c-4a11-95d9-61906fd27f76,3,4688.426555
2026/02/04/14:43:05,apply-time,rs-002573-vt8vz,3009c528-5e6a-4cb6-9093-d20d8f442014,4,4688.426555
2026/02/04/14:43:05,running-time,rs-002573-vt8vz,3009c528-5e6a-4cb6-9093-d20d8f442014,4,4688.426555
2026/02/04/14:43:05,apply-time,rs-002574-bjxtb,ac82ce97-bfad-4719-a388-d7c33c7b2326,1,4689.426555
2026/02/04/14:43:05,apply-time,rs-002574-qc29c,8e0c50b1-97de-489e-b5c7-3036a3e2a6ec,1,4689.426555
2026/02/04/14:43:05,apply-time,rs-002575-x78qr,5f05e944-a2b1-4aec-bac8-63b5f1eea713,1,4689.426555
2026/02/04/14:43:05,apply-time,rs-002576-dwwfv,06c40789-b4c0-437d-be07-d0e9029a1406,3,4689.426555
2026/02/04/14:43:05,apply-time,rs-002577-mt824,ba3634a3-1a50-4fef-af9f-63c65220bad9,1,4689.426555
2026/02/04/14:43:06,apply-time,rs-002575-tshhr,0a098cae-3d0a-4024-86af-ff18b5031950,1,4690.426555
2026/02/04/14:43:06,running-time,rs-002575-tshhr,0a098cae-3d0a-4024-86af-ff18b5031950,1,4690.426555
2026/02/04/14:43:06,apply-time,rs-002575-wvhwr,5890a9ed-9fb7-43bf-9974-bc99560dd090,1,4689.426555
2026/02/04/14:43:06,running-time,rs-002575-wvhwr,5890a9ed-9fb7-43bf-9974-bc99560dd090,1,4690.426555
2026/02/04/14:43:06,running-time,rs-002575-x78qr,5f05e944-a2b1-4aec-bac8-63b5f1eea713,1,4690.426555
2026/02/04/14:43:06,apply-time,rs-002576-5v5nv,9fd623ed-7530-45aa-a702-4a5ec1caa90e,3,4690.426555
2026/02/04/14:43:06,apply-time,rs-002577-br996,a5053d62-78ce-4627-becd-a7b40b9ecdfe,1,4690.426555
2026/02/04/14:43:06,running-time,rs-002577-br996,a5053d62-78ce-4627-becd-a7b40b9ecdfe,1,4690.426555
2026/02/04/14:43:06,running-time,rs-002577-mt824,ba3634a3-1a50-4fef-af9f-63c65220bad9,1,4690.426555
2026/02/04/14:43:10,running-time,rs-002565-jf4tr,1cca6731-e93d-4e2c-b252-0842366df291,2,4694.426555
2026/02/04/14:43:10,apply-time,rs-002578-gwfkw,d781342a-feb4-4906-a8b3-707e466d6473,1,4694.426555
2026/02/04/14:43:10,running-time,rs-002578-gwfkw,d781342a-feb4-4906-a8b3-707e466d6473,1,4694.426555
2026/02/04/14:43:10,apply-time,rs-002579-d5d8p,e728e4e8-c361-4736-b3a2-3fc843650adc,3,4694.426555
2026/02/04/14:43:10,running-time,rs-002579-d5d8p,e728e4e8-c361-4736-b3a2-3fc843650adc,3,4694.426555
2026/02/04/14:43:10,apply-time,rs-002579-swhpz,3010eac9-da07-4b6d-b92f-74cd521c6cda,3,4694.426555
2026/02/04/14:43:10,running-time,rs-002579-swhpz,3010eac9-da07-4b6d-b92f-74cd521c6cda,3,4694.426555
2026/02/04/14:43:10,apply-time,rs-002580-s4fph,a35d2bd6-f65d-4be2-a9fe-f8e326423204,3,4694.426555
2026/02/04/14:43:10,apply-time,rs-002580-v6fds,6a3d8b16-f279-4444-ac40-296ddd493ea9,3,4694.426555
2026/02/04/14:43:16,apply-time,rs-002581-z4tg7,79fe0901-8ef2-4b0d-979b-8b88f1a17acf,1,4700.426555
2026/02/04/14:43:16,running-time,rs-002581-z4tg7,79fe0901-8ef2-4b0d-979b-8b88f1a17acf,1,4700.426555
2026/02/04/14:43:16,apply-time,rs-002582-9h82d,448b429a-a9be-4176-b9a0-20c988edc2fc,2,4700.426555
2026/02/04/14:43:16,running-time,rs-002582-9h82d,448b429a-a9be-4176-b9a0-20c988edc2fc,2,4700.426555
2026/02/04/14:43:17,apply-time,rs-002583-ndfwj,eab7cbc9-00d5-4992-a8db-d46caa64b5c0,2,4701.426555
2026/02/04/14:43:17,running-time,rs-002583-ndfwj,eab7cbc9-00d5-4992-a8db-d46caa64b5c0,2,4701.426555
2026/02/04/14:43:17,apply-time,rs-002583-wnkfb,6ad2f7a3-18cd-45eb-82a1-b352346d94f0,2,4701.426555
2026/02/04/14:43:17,running-time,rs-002583-wnkfb,6ad2f7a3-18cd-45eb-82a1-b352346d94f0,2,4701.426555
2026/02/04/14:43:36,apply-time,rs-002584-cqbz2,624248fb-4fe0-4b33-8565-d64111c715fa,2,4719.426555
2026/02/04/14:43:36,running-time,rs-002584-cqbz2,624248fb-4fe0-4b33-8565-d64111c715fa,2,4719.426555
2026/02/04/14:43:36,apply-time,rs-002585-2pvzz,64ded108-9fd9-41f5-83b6-7ddc463ec98c,1,4719.426555
2026/02/04/14:43:36,running-time,rs-002585-2pvzz,64ded108-9fd9-41f5-83b6-7ddc463ec98c,1,4719.426555
2026/02/04/14:43:36,apply-time,rs-002585-59t75,ffbf68f9-794a-475a-9620-a66fd417e69f,1,4719.426555
2026/02/04/14:43:36,running-time,rs-002585-59t75,ffbf68f9-794a-475a-9620-a66fd417e69f,1,4719.426555
2026/02/04/14:43:36,apply-time,rs-002585-nh7d9,f0f8af40-f4cf-4d72-aadd-e1f904571751,1,4719.426555
2026/02/04/14:43:36,running-time,rs-002585-nh7d9,f0f8af40-f4cf-4d72-aadd-e1f904571751,1,4719.426555
2026/02/04/14:43:36,apply-time,rs-002586-fjs8d,b6748ddd-3352-4134-ad95-f11f70faf1bf,1,4720.426555
2026/02/04/14:43:36,running-time,rs-002586-fjs8d,b6748ddd-3352-4134-ad95-f11f70faf1bf,1,4720.426555
2026/02/04/14:43:36,apply-time,rs-002586-pl5q7,04590f71-d6e8-4648-aebd-048bafa68bf4,1,4720.426555
2026/02/04/14:43:36,running-time,rs-002586-pl5q7,04590f71-d6e8-4648-aebd-048bafa68bf4,1,4720.426555
2026/02/04/14:43:36,apply-time,rs-002586-z5gq4,ab293fac-1e3c-4df7-881b-f6e4cae15dbe,1,4720.426555
2026/02/04/14:43:36,running-time,rs-002586-z5gq4,ab293fac-1e3c-4df7-881b-f6e4cae15dbe,1,4720.426555
2026/02/04/14:43:36,apply-time,rs-002587-7742c,3bef49f9-c938-42cc-9190-573b032014be,1,4720.426555
2026/02/04/14:43:36,running-time,rs-002587-7742c,3bef49f9-c938-42cc-9190-573b032014be,1,4720.426555
2026/02/04/14:43:36,apply-time,rs-002588-ntczg,202befc5-7153-48f6-bf50-da8b9e8a9567,3,4720.426555
2026/02/04/14:43:36,running-time,rs-002588-ntczg,202befc5-7153-48f6-bf50-da8b9e8a9567,3,4720.426555
2026/02/04/14:43:36,apply-time,rs-002589-jzbxv,00ef3b25-7b56-476c-ba62-0696cad4f556,1,4720.426555
2026/02/04/14:43:36,running-time,rs-002589-jzbxv,00ef3b25-7b56-476c-ba62-0696cad4f556,1,4720.426555
2026/02/04/14:43:36,apply-time,rs-002590-shn6l,18b10c09-db41-4b15-8e8a-5a1afab331a1,1,4720.426555
2026/02/04/14:43:36,running-time,rs-002590-shn6l,18b10c09-db41-4b15-8e8a-5a1afab331a1,1,4720.426555
2026/02/04/14:43:36,apply-time,rs-002591-s547v,33bfd078-c09e-44d4-bdbe-0f964fdcec3a,1,4720.426555
2026/02/04/14:43:36,running-time,rs-002591-s547v,33bfd078-c09e-44d4-bdbe-0f964fdcec3a,1,4720.426555
2026/02/04/14:43:36,apply-time,rs-002592-ls6gf,2cf72cba-b11f-499b-8de5-009517fd3471,2,4720.426555
2026/02/04/14:43:36,running-time,rs-002592-ls6gf,2cf72cba-b11f-499b-8de5-009517fd3471,2,4720.426555
2026/02/04/14:43:36,apply-time,rs-002593-xrvmg,012ac9f9-4580-4168-80e2-453221b8a3ac,2,4720.426555
2026/02/04/14:43:36,running-time,rs-002593-xrvmg,012ac9f9-4580-4168-80e2-453221b8a3ac,2,4720.426555
2026/02/04/14:43:37,apply-time,rs-002593-tmk57,126518f9-fe30-4488-b2c0-f7a422ac179a,2,4721.426555
2026/02/04/14:43:37,running-time,rs-002593-tmk57,126518f9-fe30-4488-b2c0-f7a422ac179a,2,4721.426555
2026/02/04/14:43:37,apply-time,rs-002594-bjg4r,0640b060-045a-4c0a-a6ff-2ce3b96b6825,1,4721.426555
2026/02/04/14:43:37,running-time,rs-002594-bjg4r,0640b060-045a-4c0a-a6ff-2ce3b96b6825,1,4721.426555
2026/02/04/14:43:37,apply-time,rs-002594-vkvd6,b61d05e7-27d3-46d2-af1c-af2c629c4ca7,1,4721.426555
2026/02/04/14:43:37,running-time,rs-002594-vkvd6,b61d05e7-27d3-46d2-af1c-af2c629c4ca7,1,4721.426555
2026/02/04/14:43:37,apply-time,rs-002594-zp7h9,2fa01012-1baa-4bc5-ae99-e031e7619af9,1,4721.426555
2026/02/04/14:43:37,running-time,rs-002594-zp7h9,2fa01012-1baa-4bc5-ae99-e031e7619af9,1,4721.426555
2026/02/04/14:43:37,apply-time,rs-002595-bj5vq,40a86a1f-5c25-4a19-b990-f673e0fe42d3,2,4721.426555
2026/02/04/14:43:37,running-time,rs-002595-bj5vq,40a86a1f-5c25-4a19-b990-f673e0fe42d3,2,4721.426555
2026/02/04/14:43:37,apply-time,rs-002596-4gthh,8f987883-2ec4-411f-9577-a049610df005,4,4721.426555
2026/02/04/14:43:37,apply-time,rs-002596-sk7x5,e50034f4-3e10-416d-82f5-0a4b14c169b1,4,4721.426555
2026/02/04/14:43:38,apply-time,rs-002597-4gwwf,ae2a96cc-164a-4c60-8922-f7fb1e162a36,2,4722.426555
2026/02/04/14:43:38,apply-time,rs-002597-nfd2r,093c4460-8523-4a18-b32c-593c8b82b6fb,2,4722.426555
2026/02/04/14:43:38,running-time,rs-002597-nfd2r,093c4460-8523-4a18-b32c-593c8b82b6fb,2,4722.426555
2026/02/04/14:43:38,apply-time,rs-002597-nq5pl,80d8552c-9e21-4225-b409-701ce3426172,2,4722.426555
2026/02/04/14:43:38,apply-time,rs-002598-7fr8n,9ffc5850-9d80-4c85-9b47-e2b693ec9b57,4,4722.426555
2026/02/04/14:43:38,running-time,rs-002598-7fr8n,9ffc5850-9d80-4c85-9b47-e2b693ec9b57,4,4722.426555
2026/02/04/14:43:38,apply-time,rs-002598-l6899,cf69503a-b729-4c2e-8512-5086bf2facdb,4,4722.426555
2026/02/04/14:43:38,running-time,rs-002598-l6899,cf69503a-b729-4c2e-8512-5086bf2facdb,4,4722.426555
2026/02/04/14:43:39,running-time,rs-002597-4gwwf,ae2a96cc-164a-4c60-8922-f7fb1e162a36,2,4723.426555
2026/02/04/14:43:40,running-time,rs-002597-nq5pl,80d8552c-9e21-4225-b409-701ce3426172,2,4723.426555
2026/02/04/14:43:56,apply-time,rs-002599-g4tlw,5dbc9527-57f7-4b2f-81e3-78e02a91587c,2,4740.426555
2026/02/04/14:43:56,running-time,rs-002599-g4tlw,5dbc9527-57f7-4b2f-81e3-78e02a91587c,2,4740.426555
2026/02/04/14:43:56,apply-time,rs-002600-lnnbv,dcb7fed7-0c84-4751-9547-58aef3b1f9b9,1,4740.426555
2026/02/04/14:43:56,running-time,rs-002600-lnnbv,dcb7fed7-0c84-4751-9547-58aef3b1f9b9,1,4740.426555
2026/02/04/14:43:56,apply-time,rs-002600-qjtq6,913d7208-b566-43c4-af46-2b1eb6945b7b,1,4740.426555
2026/02/04/14:43:56,running-time,rs-002600-qjtq6,913d7208-b566-43c4-af46-2b1eb6945b7b,1,4740.426555
2026/02/04/14:43:56,apply-time,rs-002601-6vz7l,1d95774d-856c-4201-9a1b-3ce7fcc2a023,2,4740.426555
2026/02/04/14:43:56,running-time,rs-002601-6vz7l,1d95774d-856c-4201-9a1b-3ce7fcc2a023,2,4740.426555
2026/02/04/14:43:56,apply-time,rs-002601-fgtqx,be55c0ac-6e3f-47b9-88ca-63801ab7be8f,2,4740.426555
2026/02/04/14:43:56,running-time,rs-002601-fgtqx,be55c0ac-6e3f-47b9-88ca-63801ab7be8f,2,4740.426555
2026/02/04/14:43:56,apply-time,rs-002601-r449b,134e2f72-2a0e-4cbe-b26c-aa606ca6ab05,2,4740.426555
2026/02/04/14:43:56,running-time,rs-002601-r449b,134e2f72-2a0e-4cbe-b26c-aa606ca6ab05,2,4740.426555
2026/02/04/14:44:02,apply-time,rs-002602-cdvpf,c4082cf1-a0dc-4784-b088-d197f1823520,1,4746.426555
2026/02/04/14:44:02,running-time,rs-002602-cdvpf,c4082cf1-a0dc-4784-b088-d197f1823520,1,4746.426555
2026/02/04/14:44:02,apply-time,rs-002603-k5c5j,cc9dab60-4a77-40eb-82fe-400adc683337,2,4746.426555
2026/02/04/14:44:02,running-time,rs-002603-k5c5j,cc9dab60-4a77-40eb-82fe-400adc683337,2,4746.426555
2026/02/04/14:44:02,apply-time,rs-002603-qzttq,02c613db-fa12-4e33-a388-40f91d8e99ed,2,4746.426555
2026/02/04/14:44:02,running-time,rs-002603-qzttq,02c613db-fa12-4e33-a388-40f91d8e99ed,2,4746.426555
2026/02/04/14:44:02,apply-time,rs-002604-bv8rg,683f888c-170f-4e1e-af06-60ab16675bb3,2,4746.426555
2026/02/04/14:44:02,apply-time,rs-002604-l958k,335254af-dead-4a55-ae09-9db3b103b7db,2,4746.426555
2026/02/04/14:44:02,apply-time,rs-002604-mdch4,e2781b03-708b-4132-a5ab-4d8660a0e1fd,2,4746.426555
2026/02/04/14:44:02,apply-time,rs-002605-7m2hp,9cfd7e53-0d29-4ce9-a2cd-bd19713955e9,1,4746.426555
2026/02/04/14:44:02,running-time,rs-002605-7m2hp,9cfd7e53-0d29-4ce9-a2cd-bd19713955e9,1,4746.426555
2026/02/04/14:44:02,apply-time,rs-002606-dw256,9803eb3b-af0a-466d-b08a-51781c46d255,4,4746.426555
2026/02/04/14:44:02,running-time,rs-002606-dw256,9803eb3b-af0a-466d-b08a-51781c46d255,4,4746.426555
2026/02/04/14:44:02,apply-time,rs-002607-k9swd,a5ddab39-f163-45ba-b7be-8dfb08ffd36a,4,4746.426555
2026/02/04/14:44:02,running-time,rs-002607-k9swd,a5ddab39-f163-45ba-b7be-8dfb08ffd36a,4,4746.426555
2026/02/04/14:44:03,running-time,rs-002604-l958k,335254af-dead-4a55-ae09-9db3b103b7db,2,4747.426555
2026/02/04/14:44:03,apply-time,rs-002607-wtrgq,795a416f-e5f9-46bb-a145-8b1e5cb1e1c1,4,4747.426555
2026/02/04/14:44:03,running-time,rs-002607-wtrgq,795a416f-e5f9-46bb-a145-8b1e5cb1e1c1,4,4747.426555
2026/02/04/14:44:03,apply-time,rs-002608-mwhs9,3ac2ecf3-e26d-456b-8e68-e9720924df2b,4,4747.426555
2026/02/04/14:44:03,running-time,rs-002608-mwhs9,3ac2ecf3-e26d-456b-8e68-e9720924df2b,4,4747.426555
2026/02/04/14:44:03,apply-time,rs-002608-x5k2t,48ae6b51-757e-444e-9278-124ad38a5c31,4,4747.426555
2026/02/04/14:44:03,running-time,rs-002608-x5k2t,48ae6b51-757e-444e-9278-124ad38a5c31,4,4747.426555
2026/02/04/14:44:03,apply-time,rs-002609-ld44t,a06c0778-f60a-47c4-878f-a8fb31118402,4,4747.426555
2026/02/04/14:44:03,running-time,rs-002609-ld44t,a06c0778-f60a-47c4-878f-a8fb31118402,4,4747.426555
2026/02/04/14:44:03,apply-time,rs-002609-rb7jt,3bcd21c8-c547-4149-b36c-f9831cc2b2f0,4,4747.426555
2026/02/04/14:44:03,running-time,rs-002609-rb7jt,3bcd21c8-c547-4149-b36c-f9831cc2b2f0,4,4747.426555
2026/02/04/14:44:03,apply-time,rs-002609-stk68,820b3e24-bffd-47ad-a9ad-8cd898d4cb49,4,4747.426555
2026/02/04/14:44:03,running-time,rs-002609-stk68,820b3e24-bffd-47ad-a9ad-8cd898d4cb49,4,4747.426555
2026/02/04/14:44:03,apply-time,rs-002610-n8k6x,f4304bff-ff04-483b-a9f7-b1fa366544ad,2,4747.426555
2026/02/04/14:44:03,apply-time,rs-002611-6p8pp,343f5120-7fc6-4d2f-bb5c-d99424584323,4,4747.426555
2026/02/04/14:44:03,running-time,rs-002611-6p8pp,343f5120-7fc6-4d2f-bb5c-d99424584323,4,4747.426555
2026/02/04/14:44:03,apply-time,rs-002611-qkvgq,3e753113-8f7d-409b-980d-184318db7131,4,4747.426555
2026/02/04/14:44:03,running-time,rs-002611-qkvgq,3e753113-8f7d-409b-980d-184318db7131,4,4747.426555
2026/02/04/14:44:03,apply-time,rs-002611-r68r5,032fff87-db1a-473d-8683-dd0a3aedf498,4,4747.426555
2026/02/04/14:44:03,running-time,rs-002611-r68r5,032fff87-db1a-473d-8683-dd0a3aedf498,4,4747.426555
2026/02/04/14:44:04,apply-time,rs-002612-ccjr7,052b3589-9ac7-4396-950c-f5232e20dea9,1,4748.426555
2026/02/04/14:44:04,running-time,rs-002612-ccjr7,052b3589-9ac7-4396-950c-f5232e20dea9,1,4748.426555
2026/02/04/14:44:04,apply-time,rs-002613-2vxbz,6eb7dc39-0eb0-4cb6-8fa2-989907f73c7f,2,4748.426555
2026/02/04/14:44:05,apply-time,rs-002614-dr62x,ccaa2604-7564-4f7c-8cdc-72a54e58d5d6,2,4749.426555
2026/02/04/14:44:05,running-time,rs-002614-dr62x,ccaa2604-7564-4f7c-8cdc-72a54e58d5d6,2,4749.426555
2026/02/04/14:44:05,apply-time,rs-002614-q5wlf,7dd7d23c-2c94-46a0-b3b2-165bc916a05b,2,4749.426555
2026/02/04/14:44:05,running-time,rs-002614-q5wlf,7dd7d23c-2c94-46a0-b3b2-165bc916a05b,2,4749.426555
2026/02/04/14:44:05,apply-time,rs-002614-w774w,108b20e3-8e57-4ccc-bc82-515595971071,2,4749.426555
2026/02/04/14:44:05,running-time,rs-002614-w774w,108b20e3-8e57-4ccc-bc82-515595971071,2,4749.426555
2026/02/04/14:44:05,apply-time,rs-002615-xh6qg,072bdefb-d6a4-4cab-9964-492c34552e6e,3,4749.426555
2026/02/04/14:44:05,running-time,rs-002615-xh6qg,072bdefb-d6a4-4cab-9964-492c34552e6e,3,4749.426555
2026/02/04/14:44:05,apply-time,rs-002616-cck2h,c1b1892a-4fff-4dd0-b641-f954d4c92b6e,2,4749.426555
2026/02/04/14:44:05,running-time,rs-002616-cck2h,c1b1892a-4fff-4dd0-b641-f954d4c92b6e,2,4749.426555
2026/02/04/14:44:05,apply-time,rs-002616-vvr2z,753010fb-6c52-4dff-b645-c79c28f93afc,2,4749.426555
2026/02/04/14:44:05,running-time,rs-002616-vvr2z,753010fb-6c52-4dff-b645-c79c28f93afc,2,4749.426555
2026/02/04/14:44:05,apply-time,rs-002617-khn96,e47f7ed6-7a7e-474c-969b-dd44e0779863,2,4749.426555
2026/02/04/14:44:05,apply-time,rs-002618-m87ts,a85077ca-3f37-431e-b6c8-90048292bf2b,1,4749.426555
2026/02/04/14:44:05,running-time,rs-002618-m87ts,a85077ca-3f37-431e-b6c8-90048292bf2b,1,4749.426555
2026/02/04/14:44:05,apply-time,rs-002619-9ltg5,52b577d4-be09-45da-b813-26000b97e011,1,4749.426555
2026/02/04/14:44:06,running-time,rs-002604-mdch4,e2781b03-708b-4132-a5ab-4d8660a0e1fd,2,4750.426555
2026/02/04/14:44:06,apply-time,rs-002618-q7p6p,fc01f133-bc00-4dcd-a012-08035c8280c7,1,4749.426555
2026/02/04/14:44:06,running-time,rs-002618-q7p6p,fc01f133-bc00-4dcd-a012-08035c8280c7,1,4750.426555
2026/02/04/14:44:06,apply-time,rs-002619-5sqv2,bb78bb30-a569-4638-bc45-9278e7f93175,1,4750.426555
2026/02/04/14:44:06,apply-time,rs-002620-ktcbq,076b41ef-69b0-4a34-ace7-ae9a58c7d33b,2,4750.426555
2026/02/04/14:44:06,apply-time,rs-002620-mhg7c,1671c942-7cd9-4ff6-a33f-e7286e4519b9,2,4750.426555
2026/02/04/14:44:06,apply-time,rs-002621-blzw9,1ee707b0-fa9a-4a70-af65-2991da499a73,2,4750.426555
2026/02/04/14:44:06,running-time,rs-002621-blzw9,1ee707b0-fa9a-4a70-af65-2991da499a73,2,4750.426555
2026/02/04/14:44:06,apply-time,rs-002622-xw5nv,7edbd3f5-5870-4428-85b3-0cda8b3c4e06,1,4750.426555
2026/02/04/14:44:06,apply-time,rs-002623-ltpsg,a0ce7d75-5370-47a1-94ec-262a24574733,3,4750.426555
2026/02/04/14:44:06,running-time,rs-002623-ltpsg,a0ce7d75-5370-47a1-94ec-262a24574733,3,4750.426555
2026/02/04/14:44:06,apply-time,rs-002624-kzhxn,5597c9a4-13ef-4623-9425-62872821345f,2,4750.426555
2026/02/04/14:44:06,running-time,rs-002624-kzhxn,5597c9a4-13ef-4623-9425-62872821345f,2,4750.426555
2026/02/04/14:44:06,apply-time,rs-002625-p2fx5,50f329cd-ae58-4ce5-a7fc-2cd2f2bcc2dc,3,4750.426555
2026/02/04/14:44:06,running-time,rs-002625-p2fx5,50f329cd-ae58-4ce5-a7fc-2cd2f2bcc2dc,3,4750.426555
2026/02/04/14:44:06,apply-time,rs-002626-7zssx,523b95fe-a454-4767-81d8-118f6e45b32d,1,4750.426555
2026/02/04/14:44:07,apply-time,rs-002625-hjdtc,036ca6e4-3e43-4a21-be45-ff112bb267e5,3,4751.426555
2026/02/04/14:44:07,running-time,rs-002625-hjdtc,036ca6e4-3e43-4a21-be45-ff112bb267e5,3,4751.426555
2026/02/04/14:44:07,apply-time,rs-002627-29lf9,3a3f1937-b7e6-4314-b33b-e4364960a940,4,4751.426555
2026/02/04/14:44:07,apply-time,rs-002627-dv9hq,aef20fff-aa58-4ef8-a568-3dc333d6db40,4,4751.426555
2026/02/04/14:44:07,apply-time,rs-002628-zj6kd,b59fea54-470d-4987-bf5a-764ccb30400b,2,4751.426555
2026/02/04/14:44:07,running-time,rs-002628-zj6kd,b59fea54-470d-4987-bf5a-764ccb30400b,2,4751.426555
2026/02/04/14:44:07,apply-time,rs-002629-86sg6,7b55a6d1-3199-43c0-9bae-b2eddd50486b,1,4751.426555
2026/02/04/14:44:07,running-time,rs-002629-86sg6,7b55a6d1-3199-43c0-9bae-b2eddd50486b,1,4751.426555
2026/02/04/14:44:08,running-time,rs-002619-9ltg5,52b577d4-be09-45da-b813-26000b97e011,1,4752.426555
2026/02/04/14:44:08,apply-time,rs-002631-79dq7,302a58d3-6960-4d93-b64c-2430a4c2f265,3,4752.426555
2026/02/04/14:44:08,running-time,rs-002631-79dq7,302a58d3-6960-4d93-b64c-2430a4c2f265,3,4752.426555
2026/02/04/14:44:08,apply-time,rs-002631-qm6hv,e13819c8-45c8-4273-98d2-8c032d5c393b,3,4752.426555
2026/02/04/14:44:08,running-time,rs-002631-qm6hv,e13819c8-45c8-4273-98d2-8c032d5c393b,3,4752.426555
2026/02/04/14:44:08,apply-time,rs-002631-w9fmr,f6b07870-438b-4c9e-b261-02017a731c04,3,4752.426555
2026/02/04/14:44:08,running-time,rs-002631-w9fmr,f6b07870-438b-4c9e-b261-02017a731c04,3,4752.426555
2026/02/04/14:44:08,apply-time,rs-002632-mvthd,65c1bbdf-bd30-4332-932e-152ed45b4414,2,4752.426555
2026/02/04/14:44:08,running-time,rs-002632-mvthd,65c1bbdf-bd30-4332-932e-152ed45b4414,2,4752.426555
2026/02/04/14:44:08,apply-time,rs-002632-rbnsm,5a1b5221-7f35-4a0d-8998-b28bc9fa5f59,2,4752.426555
2026/02/04/14:44:08,apply-time,rs-002632-zqkpd,c0028bed-82ce-481e-ba09-21d36da585e6,2,4752.426555
2026/02/04/14:44:08,apply-time,rs-002633-5vnzk,f1cce60a-e504-4c84-948e-4cdae9d16706,4,4752.426555
2026/02/04/14:44:08,running-time,rs-002633-5vnzk,f1cce60a-e504-4c84-948e-4cdae9d16706,4,4752.426555
2026/02/04/14:44:08,apply-time,rs-002633-n9k5c,2e884b72-35da-4b7a-94d8-dd44786efc91,4,4752.426555
2026/02/04/14:44:08,running-time,rs-002633-n9k5c,2e884b72-35da-4b7a-94d8-dd44786efc91,4,4752.426555
2026/02/04/14:44:08,apply-time,rs-002633-rpkxt,13de93ac-9698-49e2-8f45-f7ca293f5e74,4,4752.426555
2026/02/04/14:44:08,running-time,rs-002633-rpkxt,13de93ac-9698-49e2-8f45-f7ca293f5e74,4,4752.426555
2026/02/04/14:44:08,apply-time,rs-002634-sb5ft,0a94d41d-5b3a-4307-8b47-00508638a849,2,4752.426555
2026/02/04/14:44:08,running-time,rs-002634-sb5ft,0a94d41d-5b3a-4307-8b47-00508638a849,2,4752.426555
2026/02/04/14:44:09,running-time,rs-002604-bv8rg,683f888c-170f-4e1e-af06-60ab16675bb3,2,4753.426555
2026/02/04/14:44:09,apply-time,rs-002635-6k69w,5b8cdcda-b3bb-493c-89f4-afce707aac9c,4,4753.426555
2026/02/04/14:44:09,running-time,rs-002635-6k69w,5b8cdcda-b3bb-493c-89f4-afce707aac9c,4,4753.426555
2026/02/04/14:44:09,apply-time,rs-002635-85bvf,85ef3e03-5df0-478d-96bb-523725a58bc0,4,4753.426555
2026/02/04/14:44:09,running-time,rs-002635-85bvf,85ef3e03-5df0-478d-96bb-523725a58bc0,4,4753.426555
2026/02/04/14:44:09,apply-time,rs-002635-t6h4v,63cbba13-c32b-46ec-9a99-d33a40a1a1b9,4,4753.426555
2026/02/04/14:44:09,running-time,rs-002635-t6h4v,63cbba13-c32b-46ec-9a99-d33a40a1a1b9,4,4753.426555
2026/02/04/14:44:09,apply-time,rs-002637-nxzcm,65c8df91-351e-490b-a2df-00a8801ad3ff,3,4753.426555
2026/02/04/14:44:09,apply-time,rs-002638-67kdr,6d7bc7e9-c7ae-471a-a133-2e3911de4292,1,4753.426555
2026/02/04/14:44:09,apply-time,rs-002639-tzrxl,940a05d2-5656-4b6e-90ef-ffc30ce014ce,4,4753.426555
2026/02/04/14:44:09,running-time,rs-002639-tzrxl,940a05d2-5656-4b6e-90ef-ffc30ce014ce,4,4753.426555
2026/02/04/14:44:09,apply-time,rs-002640-4qptz,35f4a645-430d-4a3f-906d-9d1ded32b9e6,1,4753.426555
2026/02/04/14:44:09,running-time,rs-002640-4qptz,35f4a645-430d-4a3f-906d-9d1ded32b9e6,1,4753.426555
2026/02/04/14:44:10,apply-time,rs-002639-sjgnf,1a1accc5-9a1c-4a86-be5e-dea60a8b8ad8,4,4754.426555
2026/02/04/14:44:10,running-time,rs-002639-sjgnf,1a1accc5-9a1c-4a86-be5e-dea60a8b8ad8,4,4754.426555
2026/02/04/14:44:10,apply-time,rs-002641-jhjww,16e9d1bf-9b53-4f39-9dbe-24134a095ef1,2,4754.426555
2026/02/04/14:44:10,apply-time,rs-002641-s722m,a67161aa-58d2-4a9e-91db-098aeff478b6,2,4754.426555
2026/02/04/14:44:10,apply-time,rs-002641-zhmjv,340ee22b-efce-4d93-9e36-d0be22f24793,2,4754.426555
2026/02/04/14:44:10,apply-time,rs-002643-g6g2h,6175b64c-d7a1-4316-8cb3-b02397bbfb80,2,4754.426555
2026/02/04/14:44:10,apply-time,rs-002644-k75tx,34868a26-3f34-474b-b515-bd29a4cae9eb,4,4754.426555
2026/02/04/14:44:10,running-time,rs-002644-k75tx,34868a26-3f34-474b-b515-bd29a4cae9eb,4,4754.426555
2026/02/04/14:44:10,apply-time,rs-002645-5zjfq,d93426c1-66dd-4248-b35b-05fb7f901bd3,1,4754.426555
2026/02/04/14:44:10,running-time,rs-002645-5zjfq,d93426c1-66dd-4248-b35b-05fb7f901bd3,1,4754.426555
2026/02/04/14:44:10,apply-time,rs-002646-5bxnv,cb64e2a2-2a0c-4092-828d-871a3c24ae2a,3,4754.426555
2026/02/04/14:44:10,running-time,rs-002646-5bxnv,cb64e2a2-2a0c-4092-828d-871a3c24ae2a,3,4754.426555
2026/02/04/14:44:11,apply-time,rs-002642-n9j8x,a793ed78-2a12-402e-9969-581bcd436f7f,3,4754.426555
2026/02/04/14:44:11,running-time,rs-002642-n9j8x,a793ed78-2a12-402e-9969-581bcd436f7f,3,4754.426555
2026/02/04/14:44:11,apply-time,rs-002646-mfbd5,a609f83a-7442-4eea-b3dc-ea96f918386e,3,4755.426555
2026/02/04/14:44:11,running-time,rs-002646-mfbd5,a609f83a-7442-4eea-b3dc-ea96f918386e,3,4755.426555
2026/02/04/14:44:11,apply-time,rs-002648-55hw6,9fb404f6-ca6e-4a03-80d5-823df60cca28,2,4755.426555
2026/02/04/14:44:11,running-time,rs-002648-55hw6,9fb404f6-ca6e-4a03-80d5-823df60cca28,2,4755.426555
2026/02/04/14:44:11,apply-time,rs-002651-l99h5,ef8f5bc7-c91b-4a15-8fb8-cbacc30b75d3,1,4755.426555
2026/02/04/14:44:11,apply-time,rs-002651-q76kd,1e94fc66-6cf6-40a1-aef8-dedb0869bd4b,1,4755.426555
2026/02/04/14:44:11,apply-time,rs-002651-vlkhj,cfa86f34-6ea2-4cb1-b242-758a8847ea0b,1,4755.426555
2026/02/04/14:44:12,running-time,rs-002632-rbnsm,5a1b5221-7f35-4a0d-8998-b28bc9fa5f59,2,4756.426555
2026/02/04/14:44:12,running-time,rs-002643-g6g2h,6175b64c-d7a1-4316-8cb3-b02397bbfb80,2,4756.426555
2026/02/04/14:44:13,running-time,rs-002619-5sqv2,bb78bb30-a569-4638-bc45-9278e7f93175,1,4757.426555
2026/02/04/14:44:13,running-time,rs-002620-ktcbq,076b41ef-69b0-4a34-ace7-ae9a58c7d33b,2,4757.426555
2026/02/04/14:44:13,apply-time,rs-002652-w6jd2,9ba84454-a3ee-4b08-9672-5735413d1eca,4,4757.426555
2026/02/04/14:44:13,apply-time,rs-002654-rht88,51775076-4744-4c60-96dd-2a15f8c1e674,1,4757.426555
2026/02/04/14:44:14,apply-time,rs-002653-b4w4k,f8e41057-1f44-4cd4-bf32-321385a596dc,2,4758.426555
2026/02/04/14:44:14,running-time,rs-002653-b4w4k,f8e41057-1f44-4cd4-bf32-321385a596dc,2,4758.426555
2026/02/04/14:44:14,apply-time,rs-002653-cllhv,45428ed8-83cb-4ff2-9e0c-4adad7edcf9d,2,4757.426555
2026/02/04/14:44:14,running-time,rs-002653-cllhv,45428ed8-83cb-4ff2-9e0c-4adad7edcf9d,2,4757.426555
2026/02/04/14:44:14,apply-time,rs-002654-t9fpb,373e06bb-74cd-4461-92f6-bf4dca0645cc,1,4758.426555
2026/02/04/14:44:14,apply-time,rs-002655-dfzf4,09c6663d-a201-42ba-8159-fd972dd54f0a,4,4758.426555
2026/02/04/14:44:14,apply-time,rs-002655-ljlkz,b520790c-05cf-4055-8ef8-1589db6364cb,4,4758.426555
2026/02/04/14:44:14,apply-time,rs-002655-swd96,bda07ab3-a6fe-4954-8b3d-fb062c055459,4,4758.426555
2026/02/04/14:44:14,running-time,rs-002655-swd96,bda07ab3-a6fe-4954-8b3d-fb062c055459,4,4758.426555
2026/02/04/14:44:14,apply-time,rs-002656-mm6bn,6f8e5c08-8c99-4329-bcd2-a9957573dda4,4,4758.426555
2026/02/04/14:44:14,running-time,rs-002656-mm6bn,6f8e5c08-8c99-4329-bcd2-a9957573dda4,4,4758.426555
2026/02/04/14:44:14,apply-time,rs-002657-9f7sj,bc2c66ec-d5b0-4c09-9864-45869979dca6,4,4758.426555
2026/02/04/14:44:14,running-time,rs-002657-9f7sj,bc2c66ec-d5b0-4c09-9864-45869979dca6,4,4758.426555
2026/02/04/14:44:14,apply-time,rs-002657-xwn2n,e7ed3d89-c2ff-4a7d-831b-2dffee5d2696,4,4758.426555
2026/02/04/14:44:14,apply-time,rs-002658-cbdt9,00499161-05fd-4908-b09b-d1818e87c94f,4,4758.426555
2026/02/04/14:44:14,apply-time,rs-002659-tstg8,c1a9619b-f17f-428c-96dd-8d3b794d442e,4,4758.426555
2026/02/04/14:44:15,apply-time,rs-002658-9kdhb,0772f0a2-6ac7-48bc-bc5e-e328947999bd,4,4759.426555
2026/02/04/14:44:15,apply-time,rs-002659-nls5b,c34c85a4-b8f2-4935-8c9c-2c38385eae74,4,4759.426555
2026/02/04/14:44:15,apply-time,rs-002660-mpqc7,35a96f26-2d2d-4fe0-9d88-27d7108cc793,4,4758.426555
2026/02/04/14:44:15,running-time,rs-002660-mpqc7,35a96f26-2d2d-4fe0-9d88-27d7108cc793,4,4758.426555
2026/02/04/14:44:15,apply-time,rs-002660-r4p4d,33be91d8-6c0b-42fd-9909-d4523e8d5757,4,4759.426555
2026/02/04/14:44:15,running-time,rs-002660-r4p4d,33be91d8-6c0b-42fd-9909-d4523e8d5757,4,4759.426555
2026/02/04/14:44:15,apply-time,rs-002660-wbq6l,ae79851a-2b61-48e3-bfda-35384e82ae1c,4,4759.426555
2026/02/04/14:44:15,running-time,rs-002660-wbq6l,ae79851a-2b61-48e3-bfda-35384e82ae1c,4,4759.426555
2026/02/04/14:44:15,apply-time,rs-002661-269nm,d6a86763-9c2c-4a87-99e9-38227ffe572e,2,4759.426555
2026/02/04/14:44:15,apply-time,rs-002661-blmbx,8ad9be10-4d3c-4cf3-83e4-f47fd2ccd392,2,4759.426555
2026/02/04/14:44:15,apply-time,rs-002661-g56lg,3cbccf5a-8b7c-4551-b8c0-16acd52b5aff,2,4759.426555
2026/02/04/14:44:15,apply-time,rs-002662-w9w9q,2de69f5c-4de2-432e-bb85-e0c4453b1c4f,3,4759.426555
2026/02/04/14:44:15,apply-time,rs-002663-jdpb5,0cc621df-8c98-44e3-86b6-fcdf76246b4d,1,4759.426555
2026/02/04/14:44:16,running-time,rs-002663-jdpb5,0cc621df-8c98-44e3-86b6-fcdf76246b4d,1,4760.426555
2026/02/04/14:44:16,apply-time,rs-002663-sbdzd,6ab0db0a-a5b0-4d54-9163-faf1ba58e499,1,4760.426555
2026/02/04/14:44:17,running-time,rs-002661-269nm,d6a86763-9c2c-4a87-99e9-38227ffe572e,2,4761.426555
2026/02/04/14:44:17,running-time,rs-002661-g56lg,3cbccf5a-8b7c-4551-b8c0-16acd52b5aff,2,4761.426555
2026/02/04/14:44:17,running-time,rs-002663-sbdzd,6ab0db0a-a5b0-4d54-9163-faf1ba58e499,1,4761.426555
2026/02/04/14:44:18,running-time,rs-002662-w9w9q,2de69f5c-4de2-432e-bb85-e0c4453b1c4f,3,4762.426555
2026/02/04/14:44:18,apply-time,rs-002664-4cx2q,b3431ebb-f88c-49e6-a03c-e82fe52ac2af,2,4762.426555
2026/02/04/14:44:18,running-time,rs-002664-4cx2q,b3431ebb-f88c-49e6-a03c-e82fe52ac2af,2,4762.426555
2026/02/04/14:44:18,apply-time,rs-002664-rg7cw,7cefbe6d-87be-4233-b2ca-0d7e8854b01c,2,4762.426555
2026/02/04/14:44:18,running-time,rs-002664-rg7cw,7cefbe6d-87be-4233-b2ca-0d7e8854b01c,2,4762.426555
2026/02/04/14:44:18,apply-time,rs-002665-lzpx2,2c537cd1-416a-49c1-960b-c68821f93b96,1,4762.426555
2026/02/04/14:44:18,running-time,rs-002665-lzpx2,2c537cd1-416a-49c1-960b-c68821f93b96,1,4762.426555
2026/02/04/14:44:19,apply-time,rs-002666-6q5pp,ad287c63-0ba9-4dc8-83e4-4b324b338b2b,1,4763.426555
2026/02/04/14:44:19,running-time,rs-002666-6q5pp,ad287c63-0ba9-4dc8-83e4-4b324b338b2b,1,4763.426555
2026/02/04/14:44:19,apply-time,rs-002667-2nzb2,19b414a1-f49e-46a9-8193-0618a64ecb88,1,4763.426555
2026/02/04/14:44:19,apply-time,rs-002667-7m474,3b90ad5f-e8ba-4b0a-9c45-ba2cedb02c34,1,4763.426555
2026/02/04/14:44:19,apply-time,rs-002667-q9rb5,6d12c676-f9da-43e1-baf1-094d5bc46579,1,4763.426555
2026/02/04/14:44:19,apply-time,rs-002668-6lq75,2b98a6a2-a8c0-4795-9045-510fc115bfd8,4,4763.426555
2026/02/04/14:44:19,apply-time,rs-002669-bzx42,6e26a1cc-4e50-4427-9e1d-12f0eee0e795,4,4763.426555
2026/02/04/14:44:19,running-time,rs-002669-bzx42,6e26a1cc-4e50-4427-9e1d-12f0eee0e795,4,4763.426555
2026/02/04/14:44:23,running-time,rs-002659-tstg8,c1a9619b-f17f-428c-96dd-8d3b794d442e,4,4767.426555
2026/02/04/14:44:26,running-time,rs-002620-mhg7c,1671c942-7cd9-4ff6-a33f-e7286e4519b9,2,4770.426555
2026/02/04/14:44:26,apply-time,rs-002670-bgkqr,dd31ec80-d189-4161-b461-3799c25ea6ed,2,4770.426555
2026/02/04/14:44:26,running-time,rs-002670-bgkqr,dd31ec80-d189-4161-b461-3799c25ea6ed,2,4770.426555
2026/02/04/14:44:26,apply-time,rs-002670-pf8kc,20429f2f-116f-4822-b4ca-f3779c9758d1,2,4770.426555
2026/02/04/14:44:26,running-time,rs-002670-pf8kc,20429f2f-116f-4822-b4ca-f3779c9758d1,2,4770.426555
2026/02/04/14:44:26,apply-time,rs-002671-ktxz4,2fb0f806-6bac-4057-bb90-fd42f99cda0f,3,4770.426555
2026/02/04/14:44:26,running-time,rs-002671-ktxz4,2fb0f806-6bac-4057-bb90-fd42f99cda0f,3,4770.426555
2026/02/04/14:44:30,running-time,rs-002641-zhmjv,340ee22b-efce-4d93-9e36-d0be22f24793,2,4773.426555
2026/02/04/14:44:30,apply-time,rs-002672-hcnhr,13d622c1-a3c2-4031-a722-a555f4bb5a64,4,4774.426555
2026/02/04/14:44:30,apply-time,rs-002673-bg4rk,37d716c9-59fb-4645-ace0-049475a52518,2,4774.426555
2026/02/04/14:44:30,running-time,rs-002673-bg4rk,37d716c9-59fb-4645-ace0-049475a52518,2,4774.426555
2026/02/04/14:44:30,apply-time,rs-002673-gcxq6,46a3e17f-5d38-4c91-aaac-387d01120592,2,4774.426555
2026/02/04/14:44:30,running-time,rs-002673-gcxq6,46a3e17f-5d38-4c91-aaac-387d01120592,2,4774.426555
2026/02/04/14:44:30,apply-time,rs-002673-j5r2f,0c150a0f-be16-4c14-95ec-a720d64205fd,2,4774.426555
2026/02/04/14:44:30,running-time,rs-002673-j5r2f,0c150a0f-be16-4c14-95ec-a720d64205fd,2,4774.426555
2026/02/04/14:44:30,apply-time,rs-002674-8tx9x,23ef9207-e813-4670-8537-d90f3b332448,2,4774.426555
2026/02/04/14:44:30,running-time,rs-002674-8tx9x,23ef9207-e813-4670-8537-d90f3b332448,2,4774.426555
2026/02/04/14:44:30,apply-time,rs-002675-2nvk4,6ff08fcf-9eb1-445b-9659-71a8705cee40,4,4774.426555
2026/02/04/14:44:32,running-time,rs-002672-hcnhr,13d622c1-a3c2-4031-a722-a555f4bb5a64,4,4776.426555
2026/02/04/14:44:32,running-time,rs-002675-2nvk4,6ff08fcf-9eb1-445b-9659-71a8705cee40,4,4776.426555
2026/02/04/14:44:32,apply-time,rs-002676-nhssb,68427719-3719-4744-99d0-837b49945854,2,4776.426555
2026/02/04/14:44:36,apply-time,rs-002677-2fkmp,27f0a417-3cf0-4b51-95ef-87843e27db3a,4,4780.426555
2026/02/04/14:44:36,running-time,rs-002677-2fkmp,27f0a417-3cf0-4b51-95ef-87843e27db3a,4,4780.426555
2026/02/04/14:44:36,apply-time,rs-002677-84z52,925a3cdb-ee36-43e8-8039-3e0b074eb01d,4,4780.426555
2026/02/04/14:44:36,running-time,rs-002677-84z52,925a3cdb-ee36-43e8-8039-3e0b074eb01d,4,4780.426555
2026/02/04/14:44:36,apply-time,rs-002677-c2gzs,be61ebc5-20ef-4dfd-8bfb-98cb5a28f563,4,4780.426555
2026/02/04/14:44:36,running-time,rs-002677-c2gzs,be61ebc5-20ef-4dfd-8bfb-98cb5a28f563,4,4780.426555
2026/02/04/14:44:37,running-time,rs-002659-nls5b,c34c85a4-b8f2-4935-8c9c-2c38385eae74,4,4781.426555
2026/02/04/14:44:39,apply-time,rs-002678-c5lgn,40263bb7-2b30-4a98-b5a6-ddf4ae03c972,4,4783.426555
2026/02/04/14:44:39,running-time,rs-002678-c5lgn,40263bb7-2b30-4a98-b5a6-ddf4ae03c972,4,4783.426555
2026/02/04/14:44:39,apply-time,rs-002678-d4vds,2f864dfa-cfb9-478a-9796-77a03c09c22c,4,4783.426555
2026/02/04/14:44:39,running-time,rs-002678-d4vds,2f864dfa-cfb9-478a-9796-77a03c09c22c,4,4783.426555
2026/02/04/14:44:39,apply-time,rs-002678-d65kd,270cedfd-eb18-483d-920a-f0c916c8f6a1,4,4783.426555
2026/02/04/14:44:39,running-time,rs-002678-d65kd,270cedfd-eb18-483d-920a-f0c916c8f6a1,4,4783.426555
2026/02/04/14:44:39,apply-time,rs-002679-qvj7g,2187a929-9182-4259-9bce-d73669de965d,4,4783.426555
2026/02/04/14:44:39,apply-time,rs-002680-5kgrb,7b220a2e-0ee1-4103-bf9b-a7b2c22aec9a,3,4783.426555
2026/02/04/14:44:39,running-time,rs-002680-5kgrb,7b220a2e-0ee1-4103-bf9b-a7b2c22aec9a,3,4783.426555
2026/02/04/14:44:39,apply-time,rs-002680-f4jpc,c05d2f8b-e850-4044-8d49-fbe1ed0e00a7,3,4783.426555
2026/02/04/14:44:39,apply-time,rs-002680-xdcdh,4f4b22b3-3bfd-4558-a508-f32124db0859,3,4783.426555
2026/02/04/14:44:39,running-time,rs-002680-xdcdh,4f4b22b3-3bfd-4558-a508-f32124db0859,3,4783.426555
2026/02/04/14:44:39,apply-time,rs-002681-gh6tb,9b1d8ef7-fa7a-4042-a12f-d99b271ee0f5,4,4783.426555
2026/02/04/14:44:39,running-time,rs-002681-gh6tb,9b1d8ef7-fa7a-4042-a12f-d99b271ee0f5,4,4784.426555
2026/02/04/14:44:39,apply-time,rs-002681-hkwmf,b6e80daf-050d-4e46-83fc-fa55e9ade6d4,4,4783.426555
2026/02/04/14:44:39,apply-time,rs-002682-rrsv7,d24cc63a-6655-47d8-9abb-88dfa06a6090,1,4783.426555
2026/02/04/14:44:39,apply-time,rs-002682-wmfft,0435332b-e8f1-4e3d-b86a-9553680985bf,1,4783.426555
2026/02/04/14:44:40,running-time,rs-002679-qvj7g,2187a929-9182-4259-9bce-d73669de965d,4,4784.426555
2026/02/04/14:44:40,running-time,rs-002681-hkwmf,b6e80daf-050d-4e46-83fc-fa55e9ade6d4,4,4784.426555
2026/02/04/14:44:40,running-time,rs-002682-rrsv7,d24cc63a-6655-47d8-9abb-88dfa06a6090,1,4784.426555
2026/02/04/14:44:40,running-time,rs-002682-wmfft,0435332b-e8f1-4e3d-b86a-9553680985bf,1,4784.426555
2026/02/04/14:44:40,apply-time,rs-002683-6jn9z,138854a7-6113-4177-ad2f-dce48f0936b9,1,4784.426555
2026/02/04/14:44:40,apply-time,rs-002683-746qx,79fd888c-c345-4aef-a83d-e1ea57994549,1,4784.426555
2026/02/04/14:44:40,apply-time,rs-002684-m2wdm,9dc8cc18-12c4-46fc-b707-ebb419db3fd9,1,4784.426555
2026/02/04/14:44:40,apply-time,rs-002684-sfpvq,069cd078-1b8c-4f3b-9506-b72910341279,1,4784.426555
2026/02/04/14:44:40,apply-time,rs-002685-q6s8q,996d498b-2f71-4e88-80eb-3da6bc88cc19,3,4784.426555
2026/02/04/14:44:40,running-time,rs-002685-q6s8q,996d498b-2f71-4e88-80eb-3da6bc88cc19,3,4784.426555
2026/02/04/14:44:41,running-time,rs-002680-f4jpc,c05d2f8b-e850-4044-8d49-fbe1ed0e00a7,3,4785.426555
2026/02/04/14:44:41,running-time,rs-002683-6jn9z,138854a7-6113-4177-ad2f-dce48f0936b9,1,4785.426555
2026/02/04/14:44:41,running-time,rs-002683-746qx,79fd888c-c345-4aef-a83d-e1ea57994549,1,4785.426555
2026/02/04/14:44:41,running-time,rs-002684-sfpvq,069cd078-1b8c-4f3b-9506-b72910341279,1,4785.426555
2026/02/04/14:44:42,running-time,rs-002684-m2wdm,9dc8cc18-12c4-46fc-b707-ebb419db3fd9,1,4786.426555
2026/02/04/14:44:51,running-time,rs-002658-9kdhb,0772f0a2-6ac7-48bc-bc5e-e328947999bd,4,4794.426555
2026/02/04/14:44:51,apply-time,rs-002686-7tcmm,ab565c4a-a983-480e-aba3-d074eeb91fa8,1,4795.426555
2026/02/04/14:44:51,apply-time,rs-002686-844p8,7c4a1357-a6e0-465f-bf69-60067142a41e,1,4795.426555
2026/02/04/14:44:53,running-time,rs-002686-7tcmm,ab565c4a-a983-480e-aba3-d074eeb91fa8,1,4796.426555
2026/02/04/14:44:53,running-time,rs-002686-844p8,7c4a1357-a6e0-465f-bf69-60067142a41e,1,4796.426555
2026/02/04/14:45:05,running-time,rs-002658-cbdt9,00499161-05fd-4908-b09b-d1818e87c94f,4,4809.426555
2026/02/04/14:45:05,apply-time,rs-002687-477w4,e86c9e08-2c65-478e-af9c-967110ff6651,4,4809.426555
2026/02/04/14:45:05,running-time,rs-002687-477w4,e86c9e08-2c65-478e-af9c-967110ff6651,4,4809.426555
2026/02/04/14:45:05,apply-time,rs-002688-bgfx4,ebc10c95-13e9-4029-b6ee-958bfa69e575,4,4809.426555
2026/02/04/14:45:05,running-time,rs-002688-bgfx4,ebc10c95-13e9-4029-b6ee-958bfa69e575,4,4809.426555
2026/02/04/14:45:05,apply-time,rs-002688-sb82x,f4a12fc9-d956-43ea-8f48-0680cb46c306,4,4809.426555
2026/02/04/14:45:05,running-time,rs-002688-sb82x,f4a12fc9-d956-43ea-8f48-0680cb46c306,4,4809.426555
2026/02/04/14:45:05,apply-time,rs-002688-vnkk9,245a4150-7412-40f8-97af-2c01e65766be,4,4809.426555
2026/02/04/14:45:05,running-time,rs-002688-vnkk9,245a4150-7412-40f8-97af-2c01e65766be,4,4809.426555
2026/02/04/14:45:08,apply-time,rs-002689-b7rtz,31ca9909-bb90-406c-8718-a28ee971c31e,1,4811.426555
2026/02/04/14:45:08,running-time,rs-002689-b7rtz,31ca9909-bb90-406c-8718-a28ee971c31e,1,4811.426555
2026/02/04/14:45:08,apply-time,rs-002689-fqr4v,6cde5a64-16b7-48ab-9c9e-9fc1554f3813,1,4811.426555
2026/02/04/14:45:08,running-time,rs-002689-fqr4v,6cde5a64-16b7-48ab-9c9e-9fc1554f3813,1,4811.426555
2026/02/04/14:45:08,apply-time,rs-002689-wbhjf,1582929b-015e-4563-b4b1-f1a40f54637c,1,4811.426555
2026/02/04/14:45:08,running-time,rs-002689-wbhjf,1582929b-015e-4563-b4b1-f1a40f54637c,1,4811.426555
2026/02/04/14:45:08,apply-time,rs-002690-pkv5n,4c797ecf-2402-4f28-b887-a998875c02a7,4,4811.426555
2026/02/04/14:45:08,running-time,rs-002690-pkv5n,4c797ecf-2402-4f28-b887-a998875c02a7,4,4811.426555
2026/02/04/14:45:08,apply-time,rs-002691-rpd45,cea2d5ea-c7c7-4bdd-b5e6-707cb0bf9175,2,4812.426555
2026/02/04/14:45:08,apply-time,rs-002691-x79b7,62deeff1-1a21-4aa8-a216-450967c76291,2,4812.426555
2026/02/04/14:45:08,apply-time,rs-002692-gkcmb,3e921298-8161-4243-8ba1-6971581a1c64,2,4812.426555
2026/02/04/14:45:08,running-time,rs-002692-gkcmb,3e921298-8161-4243-8ba1-6971581a1c64,2,4812.426555
2026/02/04/14:45:08,apply-time,rs-002692-jxxl7,18b5e174-787c-4cfe-8e8a-44fb324a43c6,2,4812.426555
2026/02/04/14:45:08,running-time,rs-002692-jxxl7,18b5e174-787c-4cfe-8e8a-44fb324a43c6,2,4812.426555
2026/02/04/14:45:08,apply-time,rs-002693-nnp7d,69a7fe6d-2be1-4998-85f0-83d34f6f42e2,4,4812.426555
2026/02/04/14:45:08,running-time,rs-002693-nnp7d,69a7fe6d-2be1-4998-85f0-83d34f6f42e2,4,4812.426555
2026/02/04/14:45:08,apply-time,rs-002694-v54pr,5f18773b-7904-44be-a97a-49b6250c9f69,4,4812.426555
2026/02/04/14:45:08,running-time,rs-002694-v54pr,5f18773b-7904-44be-a97a-49b6250c9f69,4,4812.426555
2026/02/04/14:45:08,apply-time,rs-002694-zzw6q,4207c0b2-d119-40ad-b7a4-143fea63ce43,4,4812.426555
2026/02/04/14:45:08,running-time,rs-002694-zzw6q,4207c0b2-d119-40ad-b7a4-143fea63ce43,4,4812.426555
2026/02/04/14:45:08,apply-time,rs-002695-nfgws,43079e2f-0ec8-4b5a-8b66-7383879ec7fb,1,4812.426555
2026/02/04/14:45:08,running-time,rs-002695-nfgws,43079e2f-0ec8-4b5a-8b66-7383879ec7fb,1,4812.426555
2026/02/04/14:45:08,apply-time,rs-002695-phtkg,6c7a6279-7c36-43b1-b0b2-902544c5fd73,1,4812.426555
2026/02/04/14:45:08,running-time,rs-002695-phtkg,6c7a6279-7c36-43b1-b0b2-902544c5fd73,1,4812.426555
2026/02/04/14:45:08,apply-time,rs-002695-zgpxh,331f7f3e-1f22-4ce1-93c4-166b6ba93944,1,4812.426555
2026/02/04/14:45:08,running-time,rs-002695-zgpxh,331f7f3e-1f22-4ce1-93c4-166b6ba93944,1,4812.426555
2026/02/04/14:45:08,apply-time,rs-002696-t95zw,3e450d9d-9999-4fa3-9224-7f65a96d9e26,4,4812.426555
2026/02/04/14:45:08,running-time,rs-002696-t95zw,3e450d9d-9999-4fa3-9224-7f65a96d9e26,4,4812.426555
2026/02/04/14:45:09,apply-time,rs-002696-p9lws,9b2b07de-8aee-48aa-a046-3d6323ad6d7f,4,4812.426555
2026/02/04/14:45:09,running-time,rs-002696-p9lws,9b2b07de-8aee-48aa-a046-3d6323ad6d7f,4,4812.426555
2026/02/04/14:45:09,apply-time,rs-002696-ql6lx,ede9d28a-689f-40d4-ba78-034b9e6869ff,4,4812.426555
2026/02/04/14:45:09,running-time,rs-002696-ql6lx,ede9d28a-689f-40d4-ba78-034b9e6869ff,4,4812.426555
2026/02/04/14:45:09,apply-time,rs-002697-p96g6,d5bc90c8-815d-4032-a670-8bc94e23bceb,1,4812.426555
2026/02/04/14:45:09,running-time,rs-002697-p96g6,d5bc90c8-815d-4032-a670-8bc94e23bceb,1,4812.426555
2026/02/04/14:45:09,apply-time,rs-002697-qcvfh,159925b6-0196-4553-9dd8-21b99b313035,1,4813.426555
2026/02/04/14:45:09,apply-time,rs-002698-gw5cr,50329ab6-eb11-4658-9a8e-4e19f74fe4fd,2,4813.426555
2026/02/04/14:45:09,apply-time,rs-002698-m7kxb,8e888036-814c-4b83-944a-6922d208f00d,2,4812.426555
2026/02/04/14:45:09,running-time,rs-002698-m7kxb,8e888036-814c-4b83-944a-6922d208f00d,2,4812.426555
2026/02/04/14:45:09,apply-time,rs-002698-qnxr2,0a7fb3b8-e049-4bad-a1d3-ac183e5e3123,2,4813.426555
2026/02/04/14:45:09,apply-time,rs-002699-4t785,06806f51-c2e6-40c7-a7b4-a75023ccf888,2,4813.426555
2026/02/04/14:45:09,running-time,rs-002699-4t785,06806f51-c2e6-40c7-a7b4-a75023ccf888,2,4813.426555
2026/02/04/14:45:09,apply-time,rs-002699-sm6xp,f4ee16fc-6297-43cd-b545-a94411a66edf,2,4813.426555
2026/02/04/14:45:09,running-time,rs-002699-sm6xp,f4ee16fc-6297-43cd-b545-a94411a66edf,2,4813.426555
2026/02/04/14:45:09,apply-time,rs-002700-dnpst,c69be9da-0c5a-4db8-a6f0-b0544293040c,3,4813.426555
2026/02/04/14:45:09,apply-time,rs-002700-f7wb5,dd482f93-1e51-483c-9268-3f726af19e49,3,4812.426555
2026/02/04/14:45:09,running-time,rs-002700-f7wb5,dd482f93-1e51-483c-9268-3f726af19e49,3,4812.426555
2026/02/04/14:45:09,apply-time,rs-002701-wq7r7,677b4a32-538d-49f6-82e0-9511bfa2a8b7,1,4813.426555
2026/02/04/14:45:09,apply-time,rs-002702-j6w7l,4c310473-6af4-4d21-b9d3-5142b639f210,3,4813.426555
2026/02/04/14:45:09,running-time,rs-002702-j6w7l,4c310473-6af4-4d21-b9d3-5142b639f210,3,4813.426555
2026/02/04/14:45:10,apply-time,rs-002701-2ftt9,1385ee40-1408-4014-80ee-75c26ba78020,1,4813.426555
2026/02/04/14:45:10,apply-time,rs-002701-nmjgq,94a1bff3-57e7-4d45-b7c5-9a79885cee44,1,4813.426555
2026/02/04/14:45:10,apply-time,rs-002702-lz9z5,86c6dc11-d38b-4fda-98c9-6d261fe9c0bd,3,4814.426555
2026/02/04/14:45:10,running-time,rs-002702-lz9z5,86c6dc11-d38b-4fda-98c9-6d261fe9c0bd,3,4814.426555
2026/02/04/14:45:10,apply-time,rs-002702-t52sp,f8208ca3-2bd9-472c-b10e-a051e9dbe593,3,4814.426555
2026/02/04/14:45:10,apply-time,rs-002703-8xvnl,f0960f69-a572-4a25-aead-f61e3f9f33b6,1,4814.426555
2026/02/04/14:45:10,apply-time,rs-002703-txq55,971d22b7-4631-4fd1-b9fb-aeeafe966ba5,1,4814.426555
2026/02/04/14:45:11,running-time,rs-002698-qnxr2,0a7fb3b8-e049-4bad-a1d3-ac183e5e3123,2,4814.426555
2026/02/04/14:45:11,running-time,rs-002702-t52sp,f8208ca3-2bd9-472c-b10e-a051e9dbe593,3,4815.426555
2026/02/04/14:45:13,running-time,rs-002698-gw5cr,50329ab6-eb11-4658-9a8e-4e19f74fe4fd,2,4817.426555
2026/02/04/14:45:15,running-time,rs-002691-rpd45,cea2d5ea-c7c7-4bdd-b5e6-707cb0bf9175,2,4818.426555
2026/02/04/14:45:19,running-time,rs-002700-dnpst,c69be9da-0c5a-4db8-a6f0-b0544293040c,3,4823.426555
2026/02/04/14:45:25,apply-time,rs-001494-8j7qn,b4e61452-b70d-4855-868b-7b0e873a4391,1,4829.426555
2026/02/04/14:45:25,running-time,rs-001494-8j7qn,b4e61452-b70d-4855-868b-7b0e873a4391,1,4829.426555
2026/02/04/14:45:25,running-time,rs-002703-8xvnl,f0960f69-a572-4a25-aead-f61e3f9f33b6,1,4829.426555
2026/02/04/14:45:25,running-time,rs-002703-txq55,971d22b7-4631-4fd1-b9fb-aeeafe966ba5,1,4829.426555
2026/02/04/14:45:32,apply-time,rs-002704-ds4rw,22723d8f-9fe9-4338-b7e4-448036bd3db0,1,4836.426555
2026/02/04/14:45:32,running-time,rs-002704-ds4rw,22723d8f-9fe9-4338-b7e4-448036bd3db0,1,4836.426555
2026/02/04/14:45:32,apply-time,rs-002704-sbg4r,bd8a48ec-4125-479b-822e-95d7848dc5e2,1,4836.426555
2026/02/04/14:45:32,running-time,rs-002704-sbg4r,bd8a48ec-4125-479b-822e-95d7848dc5e2,1,4836.426555
2026/02/04/14:45:33,apply-time,rs-002705-dhhk6,f99c34c2-a009-4178-9361-5905edd9af29,1,4836.426555
2026/02/04/14:45:33,apply-time,rs-002705-lrkgw,cc9ce553-ea02-410b-9a91-bd64b796472d,1,4836.426555
2026/02/04/14:45:33,apply-time,rs-002705-mlrrt,8ab64e18-48c3-4460-8396-390cc4c69400,1,4836.426555
2026/02/04/14:45:33,apply-time,rs-002706-c692k,cfdc46ba-df8a-4102-9582-662abd2e64d7,1,4836.426555
2026/02/04/14:45:33,apply-time,rs-002707-4c4x4,854cfb2f-ccf7-4a3b-9478-430007f41b11,3,4837.426555
2026/02/04/14:45:33,running-time,rs-002707-4c4x4,854cfb2f-ccf7-4a3b-9478-430007f41b11,3,4837.426555
2026/02/04/14:45:33,apply-time,rs-002707-nmsh4,1823f807-fcbd-49a7-9f74-3ce0504f5340,3,4837.426555
2026/02/04/14:45:33,running-time,rs-002707-nmsh4,1823f807-fcbd-49a7-9f74-3ce0504f5340,3,4837.426555
2026/02/04/14:45:33,apply-time,rs-002708-k7c5w,20d50107-155d-47ef-af26-e1a121bcfc08,3,4837.426555
2026/02/04/14:45:33,apply-time,rs-002708-vzm4h,5264247e-030a-4966-bbe2-efd6da1d196d,3,4837.426555
2026/02/04/14:45:33,apply-time,rs-002709-jtjbp,31cbec07-4136-46cb-b27b-6ac404ccbf1c,2,4837.426555
2026/02/04/14:45:39,running-time,rs-002709-jtjbp,31cbec07-4136-46cb-b27b-6ac404ccbf1c,2,4842.426555
2026/02/04/14:45:51,running-time,rs-002705-lrkgw,cc9ce553-ea02-410b-9a91-bd64b796472d,1,4854.426555
2026/02/04/14:45:51,running-time,rs-002708-vzm4h,5264247e-030a-4966-bbe2-efd6da1d196d,3,4854.426555
2026/02/04/14:46:00,apply-time,rs-002710-d9hmq,ee016069-42ab-4301-a736-f617bbdd0f21,4,4864.426555
2026/02/04/14:46:00,running-time,rs-002710-d9hmq,ee016069-42ab-4301-a736-f617bbdd0f21,4,4864.426555
2026/02/04/14:46:00,apply-time,rs-002710-g9cv2,4c1bc2eb-2747-4fd0-9993-7d293824865d,4,4864.426555
2026/02/04/14:46:00,running-time,rs-002710-g9cv2,4c1bc2eb-2747-4fd0-9993-7d293824865d,4,4864.426555
2026/02/04/14:46:00,apply-time,rs-002711-sxm6h,8e960909-f200-4c7c-bb04-0dd02218165a,1,4864.426555
2026/02/04/14:46:00,running-time,rs-002711-sxm6h,8e960909-f200-4c7c-bb04-0dd02218165a,1,4864.426555
2026/02/04/14:46:00,apply-time,rs-002712-9hp9j,98796889-c15b-4d15-8042-2ebf0fd4bf70,4,4864.426555
2026/02/04/14:46:00,apply-time,rs-002713-7ncgg,18c9160e-42cd-4796-b155-fab3c432ceea,1,4864.426555
2026/02/04/14:46:00,apply-time,rs-002713-dzkj5,81a41c6b-dd5b-4e5d-92c8-9f7d33bb4219,1,4864.426555
2026/02/04/14:46:00,apply-time,rs-002713-jvfbp,9d00cbfa-1c7c-4e88-8a22-1515deafa241,1,4864.426555
2026/02/04/14:46:00,apply-time,rs-002714-52gqc,e4832a94-038c-49d3-a4c3-e743a70427a0,1,4864.426555
2026/02/04/14:46:01,running-time,rs-002712-9hp9j,98796889-c15b-4d15-8042-2ebf0fd4bf70,4,4864.426555
2026/02/04/14:46:01,running-time,rs-002714-52gqc,e4832a94-038c-49d3-a4c3-e743a70427a0,1,4864.426555
2026/02/04/14:46:02,running-time,rs-002713-jvfbp,9d00cbfa-1c7c-4e88-8a22-1515deafa241,1,4866.426555
2026/02/04/14:46:04,running-time,rs-002713-7ncgg,18c9160e-42cd-4796-b155-fab3c432ceea,1,4868.426555
2026/02/04/14:46:05,running-time,rs-002713-dzkj5,81a41c6b-dd5b-4e5d-92c8-9f7d33bb4219,1,4869.426555
2026/02/04/14:46:10,running-time,rs-002705-dhhk6,f99c34c2-a009-4178-9361-5905edd9af29,1,4874.426555
2026/02/04/14:46:11,apply-time,rs-002715-hx8bc,b3d19c96-c721-4dd0-970a-29053751a081,3,4875.426555
2026/02/04/14:46:11,running-time,rs-002715-hx8bc,b3d19c96-c721-4dd0-970a-29053751a081,3,4875.426555
2026/02/04/14:46:11,apply-time,rs-002715-kllkx,aec60f70-e4fe-4a2e-ad9f-a270e4874748,3,4875.426555
2026/02/04/14:46:11,running-time,rs-002715-kllkx,aec60f70-e4fe-4a2e-ad9f-a270e4874748,3,4875.426555
2026/02/04/14:46:11,apply-time,rs-002715-ldrzk,7b576d75-2dda-44c1-b48e-474fcb97dc3b,3,4875.426555
2026/02/04/14:46:11,running-time,rs-002715-ldrzk,7b576d75-2dda-44c1-b48e-474fcb97dc3b,3,4875.426555
2026/02/04/14:46:11,apply-time,rs-002716-nmj98,2981aa0b-c8ef-4125-89d9-ac6c03c04c12,3,4875.426555
2026/02/04/14:46:11,running-time,rs-002716-nmj98,2981aa0b-c8ef-4125-89d9-ac6c03c04c12,3,4875.426555
2026/02/04/14:46:11,apply-time,rs-002716-r7ssv,824b1521-36b4-41a7-bb6d-5878f0213173,3,4875.426555
2026/02/04/14:46:11,running-time,rs-002716-r7ssv,824b1521-36b4-41a7-bb6d-5878f0213173,3,4875.426555
2026/02/04/14:46:11,apply-time,rs-002717-7m8vv,e5f13dc5-8b0a-4c7b-9616-ff6811da7194,3,4875.426555
2026/02/04/14:46:11,running-time,rs-002717-7m8vv,e5f13dc5-8b0a-4c7b-9616-ff6811da7194,3,4875.426555
2026/02/04/14:46:11,apply-time,rs-002717-gvgdj,daab06ef-7078-452c-8a43-3c73967031ba,3,4875.426555
2026/02/04/14:46:11,running-time,rs-002717-gvgdj,daab06ef-7078-452c-8a43-3c73967031ba,3,4875.426555
2026/02/04/14:46:11,apply-time,rs-002717-ljdz7,016cfc08-448c-4382-9883-45440498c04d,3,4875.426555
2026/02/04/14:46:11,running-time,rs-002717-ljdz7,016cfc08-448c-4382-9883-45440498c04d,3,4875.426555
2026/02/04/14:46:11,apply-time,rs-002718-rvcrf,018c7b3b-a39e-4e46-8c36-b2d81dd1a6ce,2,4875.426555
2026/02/04/14:46:11,running-time,rs-002718-rvcrf,018c7b3b-a39e-4e46-8c36-b2d81dd1a6ce,2,4875.426555
2026/02/04/14:46:11,apply-time,rs-002719-59vlk,00104236-c76d-46d2-94b4-71ecc4e5273c,3,4875.426555
2026/02/04/14:46:11,apply-time,rs-002719-6nqhj,90259cab-50d7-4a7f-87ff-248d5ca562f0,3,4875.426555
2026/02/04/14:46:12,apply-time,rs-002719-xqhp5,45cd6828-bbc3-4e6e-8072-7651162ec568,3,4875.426555
2026/02/04/14:46:15,apply-time,rs-002720-6cljk,270b8ae7-4a5c-4838-9ac0-5b744e695fa4,1,4879.426555
2026/02/04/14:46:15,running-time,rs-002720-6cljk,270b8ae7-4a5c-4838-9ac0-5b744e695fa4,1,4879.426555
2026/02/04/14:46:18,apply-time,rs-002721-5bgp8,6bf393ad-3045-4ccd-adb5-3e3ff6564814,4,4881.426555
2026/02/04/14:46:18,apply-time,rs-002721-cnsfj,623d7e40-7309-4bd3-8b68-71494c5eab17,4,4881.426555
2026/02/04/14:46:18,running-time,rs-002721-cnsfj,623d7e40-7309-4bd3-8b68-71494c5eab17,4,4881.426555
2026/02/04/14:46:18,apply-time,rs-002721-f8fkp,ee696019-8a92-4eb9-bb19-df84f8839b28,4,4881.426555
2026/02/04/14:46:18,apply-time,rs-002722-gq9qx,c301f8f8-50ab-4dfe-a0e3-71c10ae75f5e,3,4882.426555
2026/02/04/14:46:18,apply-time,rs-002723-2xbsj,1eab1425-f03c-489c-a633-cd7710bb9735,1,4882.426555
2026/02/04/14:46:18,apply-time,rs-002724-qhlgr,f9b927a5-56d6-49bb-9c0c-23fc3061203c,3,4882.426555
2026/02/04/14:46:18,running-time,rs-002724-qhlgr,f9b927a5-56d6-49bb-9c0c-23fc3061203c,3,4882.426555
2026/02/04/14:46:18,apply-time,rs-002725-zgj7b,fc2d634d-5931-4291-b2d3-50808411d892,2,4882.426555
2026/02/04/14:46:18,running-time,rs-002725-zgj7b,fc2d634d-5931-4291-b2d3-50808411d892,2,4882.426555
2026/02/04/14:46:18,apply-time,rs-002726-cbxrl,9148d4a7-ae45-4593-bebd-758dc19e5b13,4,4882.426555
2026/02/04/14:46:18,apply-time,rs-002726-tpdns,d635d505-0bcb-453b-9a8d-3bc7f0233fbf,4,4882.426555
2026/02/04/14:46:18,running-time,rs-002726-tpdns,d635d505-0bcb-453b-9a8d-3bc7f0233fbf,4,4882.426555
2026/02/04/14:46:19,running-time,rs-002726-cbxrl,9148d4a7-ae45-4593-bebd-758dc19e5b13,4,4883.426555
2026/02/04/14:46:19,apply-time,rs-002727-cbd55,36fdf8cd-e97a-4943-b4d5-6e1841872e00,3,4883.426555
2026/02/04/14:46:19,apply-time,rs-002728-j86kq,c9c03b48-259b-4bda-81e2-15e80d777062,1,4883.426555
2026/02/04/14:46:20,running-time,rs-002727-cbd55,36fdf8cd-e97a-4943-b4d5-6e1841872e00,3,4884.426555
2026/02/04/14:46:20,apply-time,rs-002729-vlgd6,960a121d-5ddb-4b4a-8a86-ffb06c4925a0,2,4884.426555
2026/02/04/14:46:20,running-time,rs-002729-vlgd6,960a121d-5ddb-4b4a-8a86-ffb06c4925a0,2,4884.426555
2026/02/04/14:46:20,apply-time,rs-002731-l2qls,d70a659e-e01a-420c-a975-28fc5d7f8dc2,1,4884.426555
2026/02/04/14:46:21,apply-time,rs-002730-c5fgx,8b5e4f4e-338e-40ea-b27f-3632664a41b7,1,4884.426555
2026/02/04/14:46:21,running-time,rs-002730-c5fgx,8b5e4f4e-338e-40ea-b27f-3632664a41b7,1,4884.426555
2026/02/04/14:46:21,apply-time,rs-002730-cg7k9,a69befe6-489a-489b-995f-183fcd57bd6c,1,4884.426555
2026/02/04/14:46:21,running-time,rs-002730-cg7k9,a69befe6-489a-489b-995f-183fcd57bd6c,1,4884.426555
2026/02/04/14:46:21,apply-time,rs-002730-ng8v9,6f147f42-75fe-4825-8403-97a6a1125546,1,4884.426555
2026/02/04/14:46:21,running-time,rs-002731-l2qls,d70a659e-e01a-420c-a975-28fc5d7f8dc2,1,4884.426555
2026/02/04/14:46:21,apply-time,rs-002732-nzxgx,6c7d1093-9937-4415-836d-06c6f3dcda13,3,4884.426555
2026/02/04/14:46:21,apply-time,rs-002733-kpcmx,40121453-cbaf-4013-8a48-057a3f65718b,4,4884.426555
2026/02/04/14:46:21,apply-time,rs-002734-dq8kg,c73bacf1-fcd7-43ba-8bf0-a97a039eb45b,4,4884.426555
2026/02/04/14:46:21,running-time,rs-002734-dq8kg,c73bacf1-fcd7-43ba-8bf0-a97a039eb45b,4,4885.426555
2026/02/04/14:46:21,apply-time,rs-002734-qlf7f,31cc70e3-bc48-4305-9695-efa7ba253915,4,4884.426555
2026/02/04/14:46:21,running-time,rs-002734-qlf7f,31cc70e3-bc48-4305-9695-efa7ba253915,4,4884.426555
2026/02/04/14:46:21,apply-time,rs-002735-g6kmd,c8c2c13e-8027-4b85-beeb-95ab2d377b02,2,4885.426555
2026/02/04/14:46:21,running-time,rs-002735-g6kmd,c8c2c13e-8027-4b85-beeb-95ab2d377b02,2,4885.426555
2026/02/04/14:46:21,apply-time,rs-002736-cm8g6,11c8de25-ac58-4f90-a98a-94a06e9d25f5,1,4885.426555
2026/02/04/14:46:21,apply-time,rs-002736-qcrlk,6241ab94-5c47-40f1-9c88-8e2ea9926b59,1,4885.426555
2026/02/04/14:46:21,apply-time,rs-002736-qjtb4,0c665f16-07bd-47b7-87a2-69971151b0e8,1,4885.426555
2026/02/04/14:46:23,running-time,rs-002730-ng8v9,6f147f42-75fe-4825-8403-97a6a1125546,1,4887.426555
2026/02/04/14:46:25,running-time,rs-002728-j86kq,c9c03b48-259b-4bda-81e2-15e80d777062,1,4888.426555
2026/02/04/14:46:27,running-time,rs-002705-mlrrt,8ab64e18-48c3-4460-8396-390cc4c69400,1,4891.426555
2026/02/04/14:46:36,apply-time,rs-001020-bqzjx,fb3ae0c8-d65e-4666-88ad-f2a7db2dc4e6,1,4900.426555
2026/02/04/14:46:37,running-time,rs-001020-bqzjx,fb3ae0c8-d65e-4666-88ad-f2a7db2dc4e6,1,4900.426555
2026/02/04/14:46:37,running-time,rs-002723-2xbsj,1eab1425-f03c-489c-a633-cd7710bb9735,1,4900.426555
2026/02/04/14:46:50,apply-time,rs-002737-dzbrt,1d541506-9dc5-4dd0-883e-3478721d2538,1,4914.426555
2026/02/04/14:46:50,running-time,rs-002737-dzbrt,1d541506-9dc5-4dd0-883e-3478721d2538,1,4914.426555
2026/02/04/14:46:50,apply-time,rs-002738-n4z55,57743236-9e54-46a5-ba5d-96075dd93218,3,4914.426555
2026/02/04/14:46:50,running-time,rs-002738-n4z55,57743236-9e54-46a5-ba5d-96075dd93218,3,4914.426555
2026/02/04/14:46:50,apply-time,rs-002739-5gs5p,97d23c4d-9347-4ca4-a924-7aceed0ce404,1,4914.426555
2026/02/04/14:46:50,running-time,rs-002739-5gs5p,97d23c4d-9347-4ca4-a924-7aceed0ce404,1,4914.426555
2026/02/04/14:46:50,apply-time,rs-002739-bc47v,70344771-ffa6-40c6-8b63-015b5b288da9,1,4914.426555
2026/02/04/14:46:50,running-time,rs-002739-bc47v,70344771-ffa6-40c6-8b63-015b5b288da9,1,4914.426555
2026/02/04/14:46:50,apply-time,rs-002739-h6vr9,f39bc435-c6ea-4474-83f8-685a9ac87726,1,4914.426555
2026/02/04/14:46:50,running-time,rs-002739-h6vr9,f39bc435-c6ea-4474-83f8-685a9ac87726,1,4914.426555
2026/02/04/14:46:50,apply-time,rs-002740-r8xbk,0ee1feb8-adee-47e7-9418-649cabff59d4,1,4914.426555
2026/02/04/14:46:50,running-time,rs-002740-r8xbk,0ee1feb8-adee-47e7-9418-649cabff59d4,1,4914.426555
2026/02/04/14:46:50,apply-time,rs-002741-blx7j,fd9db0a3-e8dd-4e2c-b0f2-b2dd44101891,3,4914.426555
2026/02/04/14:46:50,apply-time,rs-002742-zpwbc,d4840487-eac4-4aa2-9c1c-1565f4939d16,2,4914.426555
2026/02/04/14:46:50,running-time,rs-002742-zpwbc,d4840487-eac4-4aa2-9c1c-1565f4939d16,2,4914.426555
2026/02/04/14:46:50,apply-time,rs-002743-9skcv,b7564116-1f36-4c19-a029-17adb7a8a880,3,4914.426555
2026/02/04/14:46:50,running-time,rs-002743-9skcv,b7564116-1f36-4c19-a029-17adb7a8a880,3,4914.426555
2026/02/04/14:46:50,apply-time,rs-002743-cvvpf,71ad84b6-9dbd-48a6-bb6b-1acfc939ccb7,3,4914.426555
2026/02/04/14:46:50,running-time,rs-002743-cvvpf,71ad84b6-9dbd-48a6-bb6b-1acfc939ccb7,3,4914.426555
2026/02/04/14:46:51,apply-time,rs-002744-d9gs6,3f007a67-616b-4008-b496-70a2a0c786b6,1,4915.426555
2026/02/04/14:46:51,apply-time,rs-002744-fshs6,1067fa68-5c17-4272-bf9a-e0c193e21145,1,4914.426555
2026/02/04/14:46:51,running-time,rs-002744-fshs6,1067fa68-5c17-4272-bf9a-e0c193e21145,1,4914.426555
2026/02/04/14:46:51,apply-time,rs-002744-jphcd,1b6e37e7-5500-422f-945b-962331b59dd8,1,4915.426555
2026/02/04/14:46:51,running-time,rs-002744-jphcd,1b6e37e7-5500-422f-945b-962331b59dd8,1,4915.426555
2026/02/04/14:46:51,apply-time,rs-002745-476p8,1ac8f7e8-db69-46f3-9a7d-09fc5cc73dd8,4,4915.426555
2026/02/04/14:46:51,running-time,rs-002745-476p8,1ac8f7e8-db69-46f3-9a7d-09fc5cc73dd8,4,4915.426555
2026/02/04/14:46:51,apply-time,rs-002746-whghc,66f68b00-ede8-4cd9-88f1-10cf24b6d9d1,1,4915.426555
2026/02/04/14:46:51,apply-time,rs-002747-b5zln,0dc7128c-2ca8-4347-b76e-a06e14085dab,3,4915.426555
2026/02/04/14:46:51,running-time,rs-002747-b5zln,0dc7128c-2ca8-4347-b76e-a06e14085dab,3,4915.426555
2026/02/04/14:46:51,apply-time,rs-002747-h6wdn,b1501258-c89f-477a-9544-28b19892a924,3,4915.426555
2026/02/04/14:46:51,running-time,rs-002747-h6wdn,b1501258-c89f-477a-9544-28b19892a924,3,4915.426555
2026/02/04/14:46:51,apply-time,rs-002748-2pnxj,e3ab2dc3-2efa-489e-b06c-6cc309c1ace0,3,4915.426555
2026/02/04/14:46:51,running-time,rs-002748-2pnxj,e3ab2dc3-2efa-489e-b06c-6cc309c1ace0,3,4915.426555
2026/02/04/14:46:52,apply-time,rs-002746-jld7j,7e3968c6-ccc3-48b7-b9a2-b0796ce5b418,1,4916.426555
2026/02/04/14:46:52,apply-time,rs-002749-545g7,4347d740-bdbc-493a-bc56-9e8b9f4766a9,3,4916.426555
2026/02/04/14:46:52,running-time,rs-002749-545g7,4347d740-bdbc-493a-bc56-9e8b9f4766a9,3,4916.426555
2026/02/04/14:46:52,apply-time,rs-002749-5ml4n,4e2e48d8-827f-4b5f-9b30-61183fd2c51d,3,4916.426555
2026/02/04/14:46:52,running-time,rs-002749-5ml4n,4e2e48d8-827f-4b5f-9b30-61183fd2c51d,3,4916.426555
2026/02/04/14:46:52,apply-time,rs-002749-ph4nc,0050befa-5aba-43d2-9bb8-7ed3ae47efea,3,4916.426555
2026/02/04/14:46:52,running-time,rs-002749-ph4nc,0050befa-5aba-43d2-9bb8-7ed3ae47efea,3,4916.426555
2026/02/04/14:46:53,running-time,rs-002744-d9gs6,3f007a67-616b-4008-b496-70a2a0c786b6,1,4916.426555
2026/02/04/14:46:53,running-time,rs-002746-jld7j,7e3968c6-ccc3-48b7-b9a2-b0796ce5b418,1,4917.426555
2026/02/04/14:46:53,running-time,rs-002746-whghc,66f68b00-ede8-4cd9-88f1-10cf24b6d9d1,1,4917.426555
2026/02/04/14:47:17,apply-time,rs-002750-2d76c,0f52d68a-9aa7-4f6c-8909-97cf638b07d9,1,4941.426555
2026/02/04/14:47:17,running-time,rs-002750-2d76c,0f52d68a-9aa7-4f6c-8909-97cf638b07d9,1,4941.426555
2026/02/04/14:47:17,apply-time,rs-002750-ks9wq,3b3f24b7-9c2e-4482-9748-6b894254edc0,1,4941.426555
2026/02/04/14:47:17,running-time,rs-002750-ks9wq,3b3f24b7-9c2e-4482-9748-6b894254edc0,1,4941.426555
2026/02/04/14:47:17,apply-time,rs-002750-zcrk8,7bba5233-b338-4eda-bb3c-e2fa00e41ac2,1,4941.426555
2026/02/04/14:47:17,running-time,rs-002750-zcrk8,7bba5233-b338-4eda-bb3c-e2fa00e41ac2,1,4941.426555
2026/02/04/14:47:17,apply-time,rs-002751-zjhss,cb2ba35e-bc99-4470-ae70-92f18e302cd3,2,4941.426555
2026/02/04/14:47:17,running-time,rs-002751-zjhss,cb2ba35e-bc99-4470-ae70-92f18e302cd3,2,4941.426555
2026/02/04/14:47:20,apply-time,rs-002752-lt5xw,a3953e38-1525-4b6d-995c-609a6f267b73,3,4944.426555
2026/02/04/14:47:20,running-time,rs-002752-lt5xw,a3953e38-1525-4b6d-995c-609a6f267b73,3,4944.426555
2026/02/04/14:47:20,apply-time,rs-002753-dpmcb,3e021b95-e6e7-4c84-b7e0-1e7697a3e0ad,1,4944.426555
2026/02/04/14:47:20,running-time,rs-002753-dpmcb,3e021b95-e6e7-4c84-b7e0-1e7697a3e0ad,1,4944.426555
2026/02/04/14:47:20,apply-time,rs-002753-ln4hv,983e4f44-21ea-4852-8093-0d605352c10c,1,4944.426555
2026/02/04/14:47:20,running-time,rs-002753-ln4hv,983e4f44-21ea-4852-8093-0d605352c10c,1,4944.426555
2026/02/04/14:47:20,apply-time,rs-002753-t7jnj,bac39457-6106-49d8-85ef-e65255973f82,1,4944.426555
2026/02/04/14:47:20,running-time,rs-002753-t7jnj,bac39457-6106-49d8-85ef-e65255973f82,1,4944.426555
2026/02/04/14:47:20,apply-time,rs-002754-w4c2b,251deee3-9ce4-4c92-9565-f93e66cf9fff,2,4944.426555
2026/02/04/14:47:20,running-time,rs-002754-w4c2b,251deee3-9ce4-4c92-9565-f93e66cf9fff,2,4944.426555
2026/02/04/14:47:20,apply-time,rs-002755-c2qxh,a86aad76-da4b-497c-a948-2408108e1eec,4,4944.426555
2026/02/04/14:47:20,running-time,rs-002755-c2qxh,a86aad76-da4b-497c-a948-2408108e1eec,4,4944.426555
2026/02/04/14:47:20,apply-time,rs-002755-r58kx,b69a0f47-f76c-4140-b6aa-cd9ec6d8462c,4,4944.426555
2026/02/04/14:47:20,running-time,rs-002755-r58kx,b69a0f47-f76c-4140-b6aa-cd9ec6d8462c,4,4944.426555
2026/02/04/14:47:32,apply-time,rs-002756-c5t9r,4acc8973-4a85-4197-a18a-22ad41113b7a,3,4956.426555
2026/02/04/14:47:32,running-time,rs-002756-c5t9r,4acc8973-4a85-4197-a18a-22ad41113b7a,3,4956.426555
2026/02/04/14:47:32,apply-time,rs-002756-g846v,b6da18d3-a93f-4f7a-a8e7-39bec3d63eec,3,4956.426555
2026/02/04/14:47:32,running-time,rs-002756-g846v,b6da18d3-a93f-4f7a-a8e7-39bec3d63eec,3,4956.426555
2026/02/04/14:47:32,apply-time,rs-002756-nwbhz,9080ca41-39a9-4d67-95b5-a2bd8dcb924c,3,4956.426555
2026/02/04/14:47:32,running-time,rs-002756-nwbhz,9080ca41-39a9-4d67-95b5-a2bd8dcb924c,3,4956.426555
2026/02/04/14:47:33,apply-time,rs-002757-k6p77,99a2c616-126a-47b0-bc1a-d724e11ae71d,1,4957.426555
2026/02/04/14:47:33,running-time,rs-002757-k6p77,99a2c616-126a-47b0-bc1a-d724e11ae71d,1,4957.426555
2026/02/04/14:47:33,apply-time,rs-002758-trq48,4f73f50e-2dde-4bd8-b610-30027506edc8,2,4957.426555
2026/02/04/14:47:33,running-time,rs-002758-trq48,4f73f50e-2dde-4bd8-b610-30027506edc8,2,4957.426555
2026/02/04/14:47:41,apply-time,rs-002759-gvxxt,b5264913-a198-4088-aafc-44331a6e79e9,4,4965.426555
2026/02/04/14:47:41,running-time,rs-002759-gvxxt,b5264913-a198-4088-aafc-44331a6e79e9,4,4965.426555
2026/02/04/14:47:41,apply-time,rs-002759-m5f9c,5cacddcd-e6cc-4000-b33f-88a9c3886a0c,4,4965.426555
2026/02/04/14:47:41,running-time,rs-002759-m5f9c,5cacddcd-e6cc-4000-b33f-88a9c3886a0c,4,4965.426555
2026/02/04/14:47:41,apply-time,rs-002759-s67m5,dc43acd9-3082-4738-9cbc-34f6b0d60747,4,4965.426555
2026/02/04/14:47:41,running-time,rs-002759-s67m5,dc43acd9-3082-4738-9cbc-34f6b0d60747,4,4965.426555
2026/02/04/14:47:41,apply-time,rs-002760-hwn77,dfd556bd-9444-48d8-8933-a81e4dbfd9ed,1,4965.426555
2026/02/04/14:47:41,running-time,rs-002760-hwn77,dfd556bd-9444-48d8-8933-a81e4dbfd9ed,1,4965.426555
2026/02/04/14:47:41,apply-time,rs-002760-m4nff,0fa862c4-be6a-455c-bfaa-9041bd8e64ac,1,4965.426555
2026/02/04/14:47:41,running-time,rs-002760-m4nff,0fa862c4-be6a-455c-bfaa-9041bd8e64ac,1,4965.426555
2026/02/04/14:47:41,apply-time,rs-002760-tbt9w,fed3fb99-f382-4dcc-9bb9-7f6ea1ecd7d5,1,4965.426555
2026/02/04/14:47:41,running-time,rs-002760-tbt9w,fed3fb99-f382-4dcc-9bb9-7f6ea1ecd7d5,1,4965.426555
2026/02/04/14:47:41,apply-time,rs-002761-chhdl,7e8a34ac-fcef-4cca-97bf-377210b6bb18,2,4965.426555
2026/02/04/14:47:41,running-time,rs-002761-chhdl,7e8a34ac-fcef-4cca-97bf-377210b6bb18,2,4965.426555
2026/02/04/14:47:41,apply-time,rs-002761-tqwhv,e250f0e9-da0e-4e4c-9fea-405f74ccc8be,2,4965.426555
2026/02/04/14:47:41,running-time,rs-002761-tqwhv,e250f0e9-da0e-4e4c-9fea-405f74ccc8be,2,4965.426555
2026/02/04/14:47:41,apply-time,rs-002761-ws4jt,b7d905a0-22e6-496f-b154-e83d45b8bcd8,2,4965.426555
2026/02/04/14:47:41,running-time,rs-002761-ws4jt,b7d905a0-22e6-496f-b154-e83d45b8bcd8,2,4965.426555
2026/02/04/14:47:42,apply-time,rs-002762-4jrzg,247914a0-b3bd-41c9-ae0e-f8513559083b,1,4966.426555
2026/02/04/14:47:42,running-time,rs-002762-4jrzg,247914a0-b3bd-41c9-ae0e-f8513559083b,1,4966.426555
2026/02/04/14:47:54,apply-time,rs-002763-q9q8t,4fe5a031-4ebe-4c4e-970e-34c391785a3a,2,4978.426555
2026/02/04/14:47:54,running-time,rs-002763-q9q8t,4fe5a031-4ebe-4c4e-970e-34c391785a3a,2,4978.426555
2026/02/04/14:47:54,apply-time,rs-002763-srfg6,bb8f4240-fb16-451f-a31c-dd3d99716b99,2,4978.426555
2026/02/04/14:47:54,running-time,rs-002763-srfg6,bb8f4240-fb16-451f-a31c-dd3d99716b99,2,4978.426555
2026/02/04/14:47:54,apply-time,rs-002764-6frfm,dac291af-be65-41cb-84df-5f7fe7b1746c,1,4978.426555
2026/02/04/14:47:54,running-time,rs-002764-6frfm,dac291af-be65-41cb-84df-5f7fe7b1746c,1,4978.426555
2026/02/04/14:47:54,apply-time,rs-002764-rjwrr,5f083b8c-f433-4f66-9130-805a120d6813,1,4978.426555
2026/02/04/14:47:54,running-time,rs-002764-rjwrr,5f083b8c-f433-4f66-9130-805a120d6813,1,4978.426555
2026/02/04/14:47:54,apply-time,rs-002765-2dcw5,d168caf5-a14f-4409-a987-2952542f7982,2,4978.426555
2026/02/04/14:47:54,running-time,rs-002765-2dcw5,d168caf5-a14f-4409-a987-2952542f7982,2,4978.426555
2026/02/04/14:47:54,apply-time,rs-002766-2b8v8,09249974-0c49-4d4b-82c2-73a8f01e5b9c,4,4978.426555
2026/02/04/14:47:54,running-time,rs-002766-2b8v8,09249974-0c49-4d4b-82c2-73a8f01e5b9c,4,4978.426555
2026/02/04/14:47:54,apply-time,rs-002766-pqkmp,1a7afa22-7504-45f8-b041-17e85d9009ab,4,4978.426555
2026/02/04/14:47:54,running-time,rs-002766-pqkmp,1a7afa22-7504-45f8-b041-17e85d9009ab,4,4978.426555
2026/02/04/14:47:54,apply-time,rs-002766-wks7h,528d1b98-0238-4f36-8852-016b38f1061b,4,4978.426555
2026/02/04/14:47:54,running-time,rs-002766-wks7h,528d1b98-0238-4f36-8852-016b38f1061b,4,4978.426555
2026/02/04/14:47:54,apply-time,rs-002767-nhsmf,a16f9356-1b69-46dc-a021-a85bbbb6a4e5,1,4978.426555
2026/02/04/14:47:54,running-time,rs-002767-nhsmf,a16f9356-1b69-46dc-a021-a85bbbb6a4e5,1,4978.426555
2026/02/04/14:47:54,apply-time,rs-002768-cmxwm,053fa466-c3ed-4ba1-8361-9e7660fcf5f3,3,4978.426555
2026/02/04/14:47:54,running-time,rs-002768-cmxwm,053fa466-c3ed-4ba1-8361-9e7660fcf5f3,3,4978.426555
2026/02/04/14:47:54,apply-time,rs-002768-rhmr7,d429eaa4-8eaf-4c0c-9655-6de77d70d5a2,3,4978.426555
2026/02/04/14:47:54,running-time,rs-002768-rhmr7,d429eaa4-8eaf-4c0c-9655-6de77d70d5a2,3,4978.426555
2026/02/04/14:47:55,apply-time,rs-002767-89rc7,77c0e45d-937f-4599-838c-daabae8ab9c6,1,4979.426555
2026/02/04/14:47:55,running-time,rs-002767-89rc7,77c0e45d-937f-4599-838c-daabae8ab9c6,1,4979.426555
2026/02/04/14:47:55,apply-time,rs-002767-p25rn,6a2041bc-5802-404e-b456-c23860d426a5,1,4979.426555
2026/02/04/14:47:55,running-time,rs-002767-p25rn,6a2041bc-5802-404e-b456-c23860d426a5,1,4979.426555
2026/02/04/14:47:55,apply-time,rs-002769-kccm2,ae55e1a2-8037-4208-9164-855834f89368,4,4979.426555
2026/02/04/14:47:55,running-time,rs-002769-kccm2,ae55e1a2-8037-4208-9164-855834f89368,4,4979.426555
2026/02/04/14:48:06,apply-time,rs-002770-2bsws,bda2b73c-072a-494f-b5e0-2c50ba78bb84,4,4990.426555
2026/02/04/14:48:06,running-time,rs-002770-2bsws,bda2b73c-072a-494f-b5e0-2c50ba78bb84,4,4990.426555
2026/02/04/14:48:07,apply-time,rs-002771-8k2vs,f4018ab5-e326-4402-93bf-4b1e5a03212e,1,4991.426555
2026/02/04/14:48:07,running-time,rs-002771-8k2vs,f4018ab5-e326-4402-93bf-4b1e5a03212e,1,4991.426555
2026/02/04/14:48:07,apply-time,rs-002772-2rhdc,dda11354-8a6a-411e-b786-36701ce2709d,4,4991.426555
2026/02/04/14:48:07,running-time,rs-002772-2rhdc,dda11354-8a6a-411e-b786-36701ce2709d,4,4991.426555
2026/02/04/14:48:07,apply-time,rs-002773-jjd7q,183ce962-eab9-4756-95df-d4a498a76a34,3,4991.426555
2026/02/04/14:48:07,running-time,rs-002773-jjd7q,183ce962-eab9-4756-95df-d4a498a76a34,3,4991.426555
2026/02/04/14:48:07,apply-time,rs-002773-m592j,67bd593c-3246-4b98-901c-583d52641aa9,3,4991.426555
2026/02/04/14:48:07,running-time,rs-002773-m592j,67bd593c-3246-4b98-901c-583d52641aa9,3,4991.426555
2026/02/04/14:48:07,apply-time,rs-002773-m5m9w,ee072c03-2760-411c-95d0-df1592dbea4a,3,4991.426555
2026/02/04/14:48:07,running-time,rs-002773-m5m9w,ee072c03-2760-411c-95d0-df1592dbea4a,3,4991.426555
2026/02/04/14:48:07,apply-time,rs-002774-ljlzs,37aba128-9895-4b15-beb6-e43984405a87,4,4991.426555
2026/02/04/14:48:07,running-time,rs-002774-ljlzs,37aba128-9895-4b15-beb6-e43984405a87,4,4991.426555
2026/02/04/14:48:07,apply-time,rs-002775-c25l4,9d0742b2-a82e-4ad5-8454-fef196178d43,1,4991.426555
2026/02/04/14:48:07,running-time,rs-002775-c25l4,9d0742b2-a82e-4ad5-8454-fef196178d43,1,4991.426555
2026/02/04/14:48:07,apply-time,rs-002775-jl5mp,49b8f97f-abdc-4a99-a349-847e58c0b1f4,1,4991.426555
2026/02/04/14:48:07,running-time,rs-002775-jl5mp,49b8f97f-abdc-4a99-a349-847e58c0b1f4,1,4991.426555
2026/02/04/14:48:07,apply-time,rs-002776-428d6,efe0d733-62e7-423e-affa-41020299c45e,4,4991.426555
2026/02/04/14:48:07,running-time,rs-002776-428d6,efe0d733-62e7-423e-affa-41020299c45e,4,4991.426555
2026/02/04/14:48:08,apply-time,rs-002777-p86fn,bc17d836-2d0c-4654-b40d-75e0687bc384,3,4992.426555
2026/02/04/14:48:08,running-time,rs-002777-p86fn,bc17d836-2d0c-4654-b40d-75e0687bc384,3,4992.426555
2026/02/04/14:48:08,apply-time,rs-002777-q79jc,14518125-b6ad-4245-93d4-8df5952fd066,3,4992.426555
2026/02/04/14:48:08,running-time,rs-002777-q79jc,14518125-b6ad-4245-93d4-8df5952fd066,3,4992.426555
2026/02/04/14:48:08,apply-time,rs-002777-q9mvg,1040835f-7d56-4aa4-8cce-431e8e9dacdf,3,4992.426555
2026/02/04/14:48:08,running-time,rs-002777-q9mvg,1040835f-7d56-4aa4-8cce-431e8e9dacdf,3,4992.426555
2026/02/04/14:48:16,apply-time,rs-002778-pzrtv,48f5585d-850a-4426-88ae-eb73796073b0,1,5000.426555
2026/02/04/14:48:16,running-time,rs-002778-pzrtv,48f5585d-850a-4426-88ae-eb73796073b0,1,5000.426555
2026/02/04/14:48:16,apply-time,rs-002779-5ztpf,2daafa12-23c6-4281-ae5b-ebdc1d2231b7,1,5000.426555
2026/02/04/14:48:16,running-time,rs-002779-5ztpf,2daafa12-23c6-4281-ae5b-ebdc1d2231b7,1,5000.426555
2026/02/04/14:48:16,apply-time,rs-002779-9k8mf,ff4e92ae-220e-4ca7-9450-891d280a2ef4,1,5000.426555
2026/02/04/14:48:16,running-time,rs-002779-9k8mf,ff4e92ae-220e-4ca7-9450-891d280a2ef4,1,5000.426555
2026/02/04/14:48:16,apply-time,rs-002779-d2gmv,443c270f-dde6-43d0-9c3a-5e8de72d28af,1,5000.426555
2026/02/04/14:48:16,running-time,rs-002779-d2gmv,443c270f-dde6-43d0-9c3a-5e8de72d28af,1,5000.426555
2026/02/04/14:48:16,apply-time,rs-002780-6krcx,b5dbdd2e-e9c6-45f4-b549-5054bdbd8306,1,5000.426555
2026/02/04/14:48:16,running-time,rs-002780-6krcx,b5dbdd2e-e9c6-45f4-b549-5054bdbd8306,1,5000.426555
2026/02/04/14:48:16,apply-time,rs-002780-f2c7f,97e4b906-cc38-4bd8-a8df-379accd38d61,1,5000.426555
2026/02/04/14:48:16,running-time,rs-002780-f2c7f,97e4b906-cc38-4bd8-a8df-379accd38d61,1,5000.426555
2026/02/04/14:48:16,apply-time,rs-002780-nkvvk,b1924470-d7c8-4372-8a04-2cfe3cd216da,1,5000.426555
2026/02/04/14:48:16,running-time,rs-002780-nkvvk,b1924470-d7c8-4372-8a04-2cfe3cd216da,1,5000.426555
2026/02/04/14:48:16,apply-time,rs-002781-58ffq,017f9a54-6eb3-453e-8842-69df878814c2,2,5000.426555
2026/02/04/14:48:16,apply-time,rs-002781-bf846,122c674c-151e-4f99-b184-25dc8c3af6d6,2,5000.426555
2026/02/04/14:48:16,running-time,rs-002781-bf846,122c674c-151e-4f99-b184-25dc8c3af6d6,2,5000.426555
2026/02/04/14:48:16,apply-time,rs-002781-m7t8b,5d2f01cc-66ab-464b-9dd7-fbed7128d2ed,2,5000.426555
2026/02/04/14:48:16,running-time,rs-002781-m7t8b,5d2f01cc-66ab-464b-9dd7-fbed7128d2ed,2,5000.426555
2026/02/04/14:48:16,apply-time,rs-002782-h4l2h,4c7372ad-b6ba-4ec8-a329-f9a3d3c4eb73,1,5000.426555
2026/02/04/14:48:16,running-time,rs-002782-h4l2h,4c7372ad-b6ba-4ec8-a329-f9a3d3c4eb73,1,5000.426555
2026/02/04/14:48:16,apply-time,rs-002782-qr2f7,ed7eb21f-1b2e-4176-b45e-73dc9848c3dc,1,5000.426555
2026/02/04/14:48:16,running-time,rs-002782-qr2f7,ed7eb21f-1b2e-4176-b45e-73dc9848c3dc,1,5000.426555
2026/02/04/14:48:16,apply-time,rs-002782-x4xn2,4f255fda-30ed-48c2-a832-e871bc9d8bb7,1,5000.426555
2026/02/04/14:48:16,running-time,rs-002782-x4xn2,4f255fda-30ed-48c2-a832-e871bc9d8bb7,1,5000.426555
2026/02/04/14:48:17,apply-time,rs-002783-c5jdn,eeb1eed8-299e-46ff-a55b-fb3087b298ba,1,5001.426555
2026/02/04/14:48:17,running-time,rs-002783-c5jdn,eeb1eed8-299e-46ff-a55b-fb3087b298ba,1,5001.426555
2026/02/04/14:48:17,apply-time,rs-002783-nlc6w,dd9d9430-9c02-400e-9d3b-75aa39bb1aa1,1,5001.426555
2026/02/04/14:48:17,running-time,rs-002783-nlc6w,dd9d9430-9c02-400e-9d3b-75aa39bb1aa1,1,5001.426555
2026/02/04/14:48:17,apply-time,rs-002784-qj24z,55f32b41-473a-446c-aac5-81285fb4ec0e,2,5001.426555
2026/02/04/14:48:17,running-time,rs-002784-qj24z,55f32b41-473a-446c-aac5-81285fb4ec0e,2,5001.426555
2026/02/04/14:48:18,running-time,rs-002781-58ffq,017f9a54-6eb3-453e-8842-69df878814c2,2,5002.426555
2026/02/04/14:48:18,apply-time,rs-002784-8h69d,f1ad5b29-7e4b-4e4e-8996-7b486f7edb5f,2,5002.426555
2026/02/04/14:48:18,running-time,rs-002784-8h69d,f1ad5b29-7e4b-4e4e-8996-7b486f7edb5f,2,5002.426555
2026/02/04/14:48:18,apply-time,rs-002785-wmrdp,62136ed8-db52-49fd-bcc2-f2711d541cec,1,5002.426555
2026/02/04/14:48:18,running-time,rs-002785-wmrdp,62136ed8-db52-49fd-bcc2-f2711d541cec,1,5002.426555
2026/02/04/14:48:18,apply-time,rs-002786-56zhj,c978c694-5140-4996-af1f-406e73b913ba,1,5002.426555
2026/02/04/14:48:18,apply-time,rs-002786-vh558,cf91edaf-d6e2-40fe-858b-a294b2f197aa,1,5002.426555
2026/02/04/14:48:18,apply-time,rs-002787-2pc62,7a3928ea-0b30-4d2b-b55d-e7000039f802,2,5002.426555
2026/02/04/14:48:18,running-time,rs-002787-2pc62,7a3928ea-0b30-4d2b-b55d-e7000039f802,2,5002.426555
2026/02/04/14:48:18,apply-time,rs-002787-dlfhp,9a0404b3-dbb1-45d4-9446-5f4b39841ab9,2,5002.426555
2026/02/04/14:48:18,running-time,rs-002787-dlfhp,9a0404b3-dbb1-45d4-9446-5f4b39841ab9,2,5002.426555
2026/02/04/14:48:18,apply-time,rs-002787-nnz7s,618993d7-061e-4965-865c-8a3364479920,2,5002.426555
2026/02/04/14:48:18,running-time,rs-002787-nnz7s,618993d7-061e-4965-865c-8a3364479920,2,5002.426555
2026/02/04/14:48:18,apply-time,rs-002788-46hh7,603f4581-1d5a-4736-9a67-3e7432471e1b,2,5002.426555
2026/02/04/14:48:18,apply-time,rs-002788-99p48,0d466b5c-a6d8-415f-a6ff-2894b1f610f1,2,5002.426555
2026/02/04/14:48:18,apply-time,rs-002788-ttkrr,f1dda80e-3000-4212-8b6a-939b1bb3625c,2,5002.426555
2026/02/04/14:48:18,apply-time,rs-002789-gddb8,cf84b188-5759-467e-8e15-91f3220ce474,1,5002.426555
2026/02/04/14:48:18,apply-time,rs-002790-lrm6g,d9ebbe04-1609-4a6e-b962-dd9ec7b1ff5a,2,5002.426555
2026/02/04/14:48:19,apply-time,rs-002789-hcqrd,0ba5eb0b-3061-4c5c-9a20-98b4298b52d4,1,5003.426555
2026/02/04/14:48:19,apply-time,rs-002790-w749q,44540a6f-5f7a-4856-8f71-4e9ada0d2422,2,5003.426555
2026/02/04/14:48:19,apply-time,rs-002791-96dpm,293a3916-ea89-4196-9992-9b02164bba07,1,5003.426555
2026/02/04/14:48:19,apply-time,rs-002791-ffq54,f0c9c499-5319-4848-986d-ee7147c36534,1,5003.426555
2026/02/04/14:48:19,apply-time,rs-002791-mpfpx,89173ca0-277e-4714-88cf-aafd75575725,1,5003.426555
2026/02/04/14:48:19,apply-time,rs-002792-l2qrw,ad718a99-7a20-40d8-8ecb-3a3e5e058b8b,1,5003.426555
2026/02/04/14:48:19,running-time,rs-002792-l2qrw,ad718a99-7a20-40d8-8ecb-3a3e5e058b8b,1,5003.426555
2026/02/04/14:48:19,apply-time,rs-002793-rnfp6,367b5927-2143-4adb-8f34-ba81c07be354,4,5003.426555
2026/02/04/14:48:19,running-time,rs-002793-rnfp6,367b5927-2143-4adb-8f34-ba81c07be354,4,5003.426555
2026/02/04/14:48:19,apply-time,rs-002794-45zmk,7d62ebdc-83af-4f6c-9987-3742d318849b,1,5003.426555
2026/02/04/14:48:19,running-time,rs-002794-45zmk,7d62ebdc-83af-4f6c-9987-3742d318849b,1,5003.426555
2026/02/04/14:48:20,running-time,rs-002786-vh558,cf91edaf-d6e2-40fe-858b-a294b2f197aa,1,5004.426555
2026/02/04/14:48:20,apply-time,rs-002795-htvs2,9b345012-4056-4bc8-bb2e-441b7475c9fa,3,5004.426555
2026/02/04/14:48:20,running-time,rs-002795-htvs2,9b345012-4056-4bc8-bb2e-441b7475c9fa,3,5004.426555
2026/02/04/14:48:20,apply-time,rs-002796-486rz,6e263c33-2ea9-4f3d-99d3-cb0c741b9246,1,5004.426555
2026/02/04/14:48:20,running-time,rs-002796-486rz,6e263c33-2ea9-4f3d-99d3-cb0c741b9246,1,5004.426555
2026/02/04/14:48:20,apply-time,rs-002797-dqplb,cb976522-1448-46dd-89aa-ee8f71390b73,3,5004.426555
2026/02/04/14:48:21,apply-time,rs-002797-4xvsj,d3007fc5-09f2-449e-b2d7-1b9259a5320b,3,5005.426555
2026/02/04/14:48:21,apply-time,rs-002798-s7pwg,f7ffdcff-69c0-4ff6-bf32-7cd0dc494b15,3,5005.426555
2026/02/04/14:48:21,running-time,rs-002798-s7pwg,f7ffdcff-69c0-4ff6-bf32-7cd0dc494b15,3,5005.426555
2026/02/04/14:48:21,apply-time,rs-002799-8g7q9,81278cc9-a484-4e21-9303-b65f5ae9c85c,1,5005.426555
2026/02/04/14:48:21,apply-time,rs-002799-wngpz,c8bdbb41-8ea2-41be-b4fb-285809912481,1,5005.426555
2026/02/04/14:48:21,apply-time,rs-002800-44vjd,c6335909-88fa-4452-8be0-ad4f2299ed33,3,5005.426555
2026/02/04/14:48:23,apply-time,rs-002801-68brd,d52a2d60-b80a-4f4c-bccf-3757580c5c15,1,5007.426555
2026/02/04/14:48:23,apply-time,rs-002802-4qrdf,08ff9629-9401-4b6d-9421-cb6321cc3bad,4,5007.426555
2026/02/04/14:48:23,running-time,rs-002802-4qrdf,08ff9629-9401-4b6d-9421-cb6321cc3bad,4,5007.426555
2026/02/04/14:48:24,running-time,rs-002800-44vjd,c6335909-88fa-4452-8be0-ad4f2299ed33,3,5008.426555
2026/02/04/14:48:27,running-time,rs-002788-99p48,0d466b5c-a6d8-415f-a6ff-2894b1f610f1,2,5010.426555
2026/02/04/14:48:28,running-time,rs-002788-ttkrr,f1dda80e-3000-4212-8b6a-939b1bb3625c,2,5011.426555
2026/02/04/14:48:35,apply-time,rs-002803-7xzvl,04799498-1e28-45ef-be3c-bbc96e65e676,3,5019.426555
2026/02/04/14:48:35,running-time,rs-002803-7xzvl,04799498-1e28-45ef-be3c-bbc96e65e676,3,5019.426555
2026/02/04/14:48:35,apply-time,rs-002803-zjpdl,97706225-5efd-484f-bc4c-1859569a76bc,3,5019.426555
2026/02/04/14:48:35,running-time,rs-002803-zjpdl,97706225-5efd-484f-bc4c-1859569a76bc,3,5019.426555
2026/02/04/14:48:38,apply-time,rs-002804-79qsx,31685c4e-fd36-4c8d-9bf8-f4f41d823a20,2,5022.426555
2026/02/04/14:48:38,apply-time,rs-002805-4xd6m,067e3832-d6ae-48b8-85d3-9520d8627815,1,5022.426555
2026/02/04/14:48:38,apply-time,rs-002805-dz7g5,faeb80ad-6b45-4635-81c0-953119901024,1,5022.426555
2026/02/04/14:48:38,running-time,rs-002805-dz7g5,faeb80ad-6b45-4635-81c0-953119901024,1,5022.426555
2026/02/04/14:48:38,apply-time,rs-002805-lsx6m,ca6d0691-e10a-47d0-a8cb-388621fab311,1,5022.426555
2026/02/04/14:48:38,apply-time,rs-002806-nj4cc,b54f3b25-7108-49ae-be95-cc0d89cc48cf,2,5022.426555
2026/02/04/14:48:38,apply-time,rs-002806-sjjzl,1b68745a-3b32-4a62-80ec-1e0744f26446,2,5022.426555
2026/02/04/14:48:38,running-time,rs-002806-sjjzl,1b68745a-3b32-4a62-80ec-1e0744f26446,2,5022.426555
2026/02/04/14:48:39,running-time,rs-002804-79qsx,31685c4e-fd36-4c8d-9bf8-f4f41d823a20,2,5023.426555
2026/02/04/14:48:39,apply-time,rs-002804-d7cxm,7570a847-e98d-4e2e-a705-08d9f8de7e62,2,5023.426555
2026/02/04/14:48:39,apply-time,rs-002804-sfczt,c348ce88-9346-429b-9ced-3a8b0f5a5c22,2,5023.426555
2026/02/04/14:48:39,running-time,rs-002806-nj4cc,b54f3b25-7108-49ae-be95-cc0d89cc48cf,2,5023.426555
2026/02/04/14:48:39,apply-time,rs-002807-9nskj,1b9d9de9-70f7-481a-a894-1f793a7d98b6,1,5023.426555
2026/02/04/14:48:39,apply-time,rs-002808-xdr65,5e2a68de-28b8-4461-a5ed-4779e4c99b07,4,5023.426555
2026/02/04/14:48:39,running-time,rs-002808-xdr65,5e2a68de-28b8-4461-a5ed-4779e4c99b07,4,5023.426555
2026/02/04/14:48:39,apply-time,rs-002809-bmjp4,dfe80bb2-d7a0-48d2-a86e-dbb189862364,3,5023.426555
2026/02/04/14:48:39,running-time,rs-002809-bmjp4,dfe80bb2-d7a0-48d2-a86e-dbb189862364,3,5023.426555
2026/02/04/14:48:39,apply-time,rs-002809-zknpt,aa343a8e-3249-46ad-afef-2c4160be4679,3,5023.426555
2026/02/04/14:48:39,running-time,rs-002809-zknpt,aa343a8e-3249-46ad-afef-2c4160be4679,3,5023.426555
2026/02/04/14:48:41,running-time,rs-002807-9nskj,1b9d9de9-70f7-481a-a894-1f793a7d98b6,1,5025.426555
2026/02/04/14:48:44,running-time,rs-002788-46hh7,603f4581-1d5a-4736-9a67-3e7432471e1b,2,5028.426555
2026/02/04/14:49:05,apply-time,rs-002810-ct8q4,67e68c3c-6d77-49da-a7b0-793e7b45370a,1,5049.426555
2026/02/04/14:49:05,running-time,rs-002810-ct8q4,67e68c3c-6d77-49da-a7b0-793e7b45370a,1,5049.426555
2026/02/04/14:49:05,apply-time,rs-002810-gzmb6,f6885a55-db0f-41c0-9f63-72354d307bcd,1,5049.426555
2026/02/04/14:49:05,running-time,rs-002810-gzmb6,f6885a55-db0f-41c0-9f63-72354d307bcd,1,5049.426555
2026/02/04/14:49:05,apply-time,rs-002810-hcxr5,94712154-fde8-4ebf-b48e-8da457e589e3,1,5049.426555
2026/02/04/14:49:05,running-time,rs-002810-hcxr5,94712154-fde8-4ebf-b48e-8da457e589e3,1,5049.426555
2026/02/04/14:49:18,apply-time,rs-002811-nbpt5,5837c7a0-4a88-4644-a5ce-42b54686b470,3,5062.426555
2026/02/04/14:49:18,running-time,rs-002811-nbpt5,5837c7a0-4a88-4644-a5ce-42b54686b470,3,5062.426555
2026/02/04/14:49:20,apply-time,rs-002812-fcj4g,38ba7f13-47ee-4f13-b3af-8ee5dd06382b,4,5064.426555
2026/02/04/14:49:20,running-time,rs-002812-fcj4g,38ba7f13-47ee-4f13-b3af-8ee5dd06382b,4,5064.426555
2026/02/04/14:49:20,apply-time,rs-002812-lw4j6,3e02f847-ec91-4e34-b153-e09c396c3fcf,4,5064.426555
2026/02/04/14:49:20,running-time,rs-002812-lw4j6,3e02f847-ec91-4e34-b153-e09c396c3fcf,4,5064.426555
2026/02/04/14:49:25,apply-time,rs-002813-r2ptf,252caa3a-b29f-49c3-8623-695e028b4ac3,4,5069.426555
2026/02/04/14:49:25,running-time,rs-002813-r2ptf,252caa3a-b29f-49c3-8623-695e028b4ac3,4,5069.426555
2026/02/04/14:49:25,apply-time,rs-002814-4jghw,4203337c-53d2-48c8-8a1e-a67b5c6bef36,3,5069.426555
2026/02/04/14:49:25,apply-time,rs-002814-ljm2r,a0ba4629-c7eb-4a84-88b9-a01650f6e02c,3,5069.426555
2026/02/04/14:49:41,apply-time,rs-002815-2jk7m,53347b23-745b-43cb-94db-67a3cc53c6c2,3,5085.426555
2026/02/04/14:49:41,running-time,rs-002815-2jk7m,53347b23-745b-43cb-94db-67a3cc53c6c2,3,5085.426555
2026/02/04/14:49:41,apply-time,rs-002815-lgrwk,e3d2cf29-b473-4a2f-a9f6-59bd171a871c,3,5085.426555
2026/02/04/14:49:41,running-time,rs-002815-lgrwk,e3d2cf29-b473-4a2f-a9f6-59bd171a871c,3,5085.426555
2026/02/04/14:49:41,apply-time,rs-002815-xxhwh,7365fbad-9ed9-44af-bd9c-990a39c96a2f,3,5085.426555
2026/02/04/14:49:41,running-time,rs-002815-xxhwh,7365fbad-9ed9-44af-bd9c-990a39c96a2f,3,5085.426555
2026/02/04/14:49:41,apply-time,rs-002816-fzzl8,3d3d33a1-4ac7-4f07-ae8b-f6c2ebe30d5d,2,5085.426555
2026/02/04/14:49:41,running-time,rs-002816-fzzl8,3d3d33a1-4ac7-4f07-ae8b-f6c2ebe30d5d,2,5085.426555
2026/02/04/14:49:42,apply-time,rs-002817-clthf,827a3100-bd0c-42a1-bb48-fcb23921a157,1,5086.426555
2026/02/04/14:49:42,running-time,rs-002817-clthf,827a3100-bd0c-42a1-bb48-fcb23921a157,1,5086.426555
2026/02/04/14:49:42,apply-time,rs-002817-rbrzz,144855d8-1f48-4b53-a2c5-91a8fe5954ef,1,5086.426555
2026/02/04/14:49:42,running-time,rs-002817-rbrzz,144855d8-1f48-4b53-a2c5-91a8fe5954ef,1,5086.426555
2026/02/04/14:49:42,apply-time,rs-002817-vg6v7,a12b3336-dee4-4df2-8152-69bd6eb2489f,1,5086.426555
2026/02/04/14:49:42,running-time,rs-002817-vg6v7,a12b3336-dee4-4df2-8152-69bd6eb2489f,1,5086.426555
2026/02/04/14:49:42,apply-time,rs-002818-4xjn6,3ddb11d3-e4d6-43a8-a9d8-a43456366194,1,5086.426555
2026/02/04/14:49:42,apply-time,rs-002818-blx8k,29a67ad6-4e4a-41c1-94e2-6a92ae7804a2,1,5086.426555
2026/02/04/14:49:43,apply-time,rs-002819-fsbnr,8a0fa641-c342-46fe-88e8-81fe6630aa50,3,5087.426555
2026/02/04/14:49:43,apply-time,rs-002819-xfxnv,f432a1fe-a551-4e68-906b-d07f81e31b32,3,5087.426555
2026/02/04/14:49:43,apply-time,rs-002820-t8bkw,eda9c049-b3fd-4052-8f52-5e360e9ac60f,2,5087.426555
2026/02/04/14:49:43,running-time,rs-002820-t8bkw,eda9c049-b3fd-4052-8f52-5e360e9ac60f,2,5087.426555
2026/02/04/14:49:43,apply-time,rs-002820-wbgnz,e6e3be5f-3758-4361-acb3-20ceb0639b86,2,5087.426555
2026/02/04/14:49:43,running-time,rs-002820-wbgnz,e6e3be5f-3758-4361-acb3-20ceb0639b86,2,5087.426555
2026/02/04/14:49:43,apply-time,rs-002821-sjn7w,ffe2f954-7da4-4b61-a7de-5c25eb563ee0,2,5087.426555
2026/02/04/14:49:43,running-time,rs-002821-sjn7w,ffe2f954-7da4-4b61-a7de-5c25eb563ee0,2,5087.426555
2026/02/04/14:49:44,apply-time,rs-002822-c5ljv,db6cc806-b888-495a-a6bd-4f2307407161,3,5088.426555
2026/02/04/14:49:44,apply-time,rs-002823-8f59l,548494cd-a96d-4800-a756-891b6813ee91,1,5088.426555
2026/02/04/14:49:44,running-time,rs-002823-8f59l,548494cd-a96d-4800-a756-891b6813ee91,1,5088.426555
2026/02/04/14:49:44,apply-time,rs-002824-4nszs,3f841ff6-02ab-4307-8c50-75c3c52d3aec,4,5088.426555
2026/02/04/14:49:44,running-time,rs-002824-4nszs,3f841ff6-02ab-4307-8c50-75c3c52d3aec,4,5088.426555
2026/02/04/14:49:44,apply-time,rs-002824-k5547,edfea26a-ce37-43ae-8635-f984b6c1004f,4,5088.426555
2026/02/04/14:49:44,running-time,rs-002824-k5547,edfea26a-ce37-43ae-8635-f984b6c1004f,4,5088.426555
2026/02/04/14:49:44,apply-time,rs-002825-689gv,94439448-da4c-4e5f-9e69-b8064cd598da,3,5088.426555
2026/02/04/14:49:44,apply-time,rs-002825-9kdp8,667d3db8-dc6c-4eb4-be98-2ac6a232c560,3,5088.426555
2026/02/04/14:49:44,apply-time,rs-002826-gmbz4,c66a2276-ab5b-4c07-bc46-08898ccc8d40,2,5088.426555
2026/02/04/14:49:44,apply-time,rs-002827-4x49l,ca15c5a9-1b91-4cbc-9634-bc894cb1937d,3,5088.426555
2026/02/04/14:49:44,running-time,rs-002827-4x49l,ca15c5a9-1b91-4cbc-9634-bc894cb1937d,3,5088.426555
2026/02/04/14:49:49,running-time,rs-002826-gmbz4,c66a2276-ab5b-4c07-bc46-08898ccc8d40,2,5093.426555
2026/02/04/14:49:56,running-time,rs-002822-c5ljv,db6cc806-b888-495a-a6bd-4f2307407161,3,5100.426555
2026/02/04/14:49:57,apply-time,rs-001494-7lvhq,bbfba5c9-1552-4e8a-9e5f-fe58d334e62b,1,5101.426555
2026/02/04/14:49:57,running-time,rs-001494-7lvhq,bbfba5c9-1552-4e8a-9e5f-fe58d334e62b,1,5101.426555
2026/02/04/14:49:57,apply-time,rs-002200-h96pj,310c935b-56b8-4a27-b58a-f26d6c428a38,1,5101.426555
2026/02/04/14:49:57,running-time,rs-002200-h96pj,310c935b-56b8-4a27-b58a-f26d6c428a38,1,5101.426555
2026/02/04/14:49:57,apply-time,rs-002744-khfw5,11125138-c487-4f15-8f38-3d6b0e0ffe1d,1,5101.426555
2026/02/04/14:49:57,running-time,rs-002744-khfw5,11125138-c487-4f15-8f38-3d6b0e0ffe1d,1,5101.426555
2026/02/04/14:49:57,apply-time,rs-002744-m5rmx,061ac27f-ef0a-45e7-b475-cbdd8e8a935d,1,5101.426555
2026/02/04/14:49:57,running-time,rs-002744-m5rmx,061ac27f-ef0a-45e7-b475-cbdd8e8a935d,1,5101.426555
2026/02/04/14:49:57,running-time,rs-002825-689gv,94439448-da4c-4e5f-9e69-b8064cd598da,3,5101.426555
2026/02/04/14:49:57,running-time,rs-002825-9kdp8,667d3db8-dc6c-4eb4-be98-2ac6a232c560,3,5101.426555
2026/02/04/14:49:57,apply-time,rs-002828-9bxg4,4d68669c-e3a8-49c5-bb45-39cd9d9b37c4,1,5101.426555
2026/02/04/14:49:57,running-time,rs-002828-9bxg4,4d68669c-e3a8-49c5-bb45-39cd9d9b37c4,1,5101.426555
2026/02/04/14:49:57,apply-time,rs-002828-c6c7t,c87d0486-38c1-449d-992d-4d9c8afa9f94,1,5101.426555
2026/02/04/14:49:57,running-time,rs-002828-c6c7t,c87d0486-38c1-449d-992d-4d9c8afa9f94,1,5101.426555
2026/02/04/14:49:57,apply-time,rs-002828-jpqqn,50c750fe-b7a6-4698-bd46-550f670931e6,1,5101.426555
2026/02/04/14:49:57,running-time,rs-002828-jpqqn,50c750fe-b7a6-4698-bd46-550f670931e6,1,5101.426555
2026/02/04/14:49:57,apply-time,rs-002829-2kdxq,4f87314b-0a00-45fa-ada5-3a036c694907,1,5101.426555
2026/02/04/14:49:57,apply-time,rs-002829-v7k5b,0febffe5-0090-4fbc-93ac-9f1ceaffe060,1,5101.426555
2026/02/04/14:50:05,apply-time,rs-002828-qtfcg,a90d3636-ba69-4634-93ba-9d6d3395346e,1,5109.426555
2026/02/04/14:50:05,running-time,rs-002828-qtfcg,a90d3636-ba69-4634-93ba-9d6d3395346e,1,5109.426555
2026/02/04/14:50:05,running-time,rs-002829-2kdxq,4f87314b-0a00-45fa-ada5-3a036c694907,1,5109.426555
2026/02/04/14:50:05,running-time,rs-002829-v7k5b,0febffe5-0090-4fbc-93ac-9f1ceaffe060,1,5109.426555
2026/02/04/14:50:26,apply-time,rs-002830-fcq47,ece46e82-13d7-4113-9f81-96df0b569718,1,5129.426555
2026/02/04/14:50:26,running-time,rs-002830-fcq47,ece46e82-13d7-4113-9f81-96df0b569718,1,5129.426555
2026/02/04/14:50:26,apply-time,rs-002830-rzdg2,896087bd-2cbe-4116-b895-7d5316b58b6f,1,5129.426555
2026/02/04/14:50:26,running-time,rs-002830-rzdg2,896087bd-2cbe-4116-b895-7d5316b58b6f,1,5129.426555
2026/02/04/14:50:26,apply-time,rs-002830-tqf9r,5a4fc672-61ec-4df1-b4ff-2e5b03276531,1,5129.426555
2026/02/04/14:50:26,running-time,rs-002830-tqf9r,5a4fc672-61ec-4df1-b4ff-2e5b03276531,1,5129.426555
2026/02/04/14:50:26,apply-time,rs-002831-v8kt9,6d77e0f8-7253-4675-bfd0-25bf35068086,1,5129.426555
2026/02/04/14:50:26,running-time,rs-002831-v8kt9,6d77e0f8-7253-4675-bfd0-25bf35068086,1,5129.426555
2026/02/04/14:50:26,apply-time,rs-002831-wrgbp,4e9c684a-5ddd-4174-a718-881b3484ccc8,1,5129.426555
2026/02/04/14:50:26,running-time,rs-002831-wrgbp,4e9c684a-5ddd-4174-a718-881b3484ccc8,1,5130.426555
2026/02/04/14:50:35,apply-time,rs-002832-9kchc,a989fada-85bd-46e8-8f48-3cff5547ec2a,1,5138.426555
2026/02/04/14:50:35,running-time,rs-002832-9kchc,a989fada-85bd-46e8-8f48-3cff5547ec2a,1,5138.426555
2026/02/04/14:50:35,apply-time,rs-002832-zxtg5,e60ff9b6-05d9-4abe-870c-a2d3357b62b0,1,5138.426555
2026/02/04/14:50:35,running-time,rs-002832-zxtg5,e60ff9b6-05d9-4abe-870c-a2d3357b62b0,1,5138.426555
2026/02/04/14:50:35,apply-time,rs-002833-drvvx,9b740aaa-c89a-4baa-8c62-90586a42245f,2,5138.426555
2026/02/04/14:50:35,running-time,rs-002833-drvvx,9b740aaa-c89a-4baa-8c62-90586a42245f,2,5138.426555
2026/02/04/14:50:35,apply-time,rs-002833-fg47g,e49d08fe-1ccf-4f98-a34c-8ac01a650b03,2,5138.426555
2026/02/04/14:50:35,running-time,rs-002833-fg47g,e49d08fe-1ccf-4f98-a34c-8ac01a650b03,2,5138.426555
2026/02/04/14:50:35,apply-time,rs-002833-pw5gc,27560233-bab4-46e9-81d0-4948edf4a552,2,5138.426555
2026/02/04/14:50:35,running-time,rs-002833-pw5gc,27560233-bab4-46e9-81d0-4948edf4a552,2,5138.426555
2026/02/04/14:50:35,apply-time,rs-002834-f6crh,430cee89-fb28-40d5-9a6b-8836d2603309,4,5138.426555
2026/02/04/14:50:35,apply-time,rs-002835-5867s,b7593c88-9828-41b2-b06a-54260b2c2d0a,1,5138.426555
2026/02/04/14:50:35,running-time,rs-002835-5867s,b7593c88-9828-41b2-b06a-54260b2c2d0a,1,5138.426555
2026/02/04/14:50:35,apply-time,rs-002835-jvztn,adcda5c4-8974-4241-a7da-2931e6fcda22,1,5138.426555
2026/02/04/14:50:35,running-time,rs-002835-jvztn,adcda5c4-8974-4241-a7da-2931e6fcda22,1,5138.426555
2026/02/04/14:50:35,apply-time,rs-002835-qjth4,413f6215-0de4-41e1-96f4-6a8d9716c11e,1,5138.426555
2026/02/04/14:50:35,running-time,rs-002835-qjth4,413f6215-0de4-41e1-96f4-6a8d9716c11e,1,5138.426555
2026/02/04/14:50:46,apply-time,rs-002836-4nmhj,d517f5b9-aeb3-41fc-93d6-f62f53700eec,2,5149.426555
2026/02/04/14:50:46,running-time,rs-002836-4nmhj,d517f5b9-aeb3-41fc-93d6-f62f53700eec,2,5149.426555
2026/02/04/14:50:46,apply-time,rs-002836-vpdg8,f4b04a28-a570-4b31-8c81-68c6c7e02cc1,2,5149.426555
2026/02/04/14:50:46,running-time,rs-002836-vpdg8,f4b04a28-a570-4b31-8c81-68c6c7e02cc1,2,5149.426555
2026/02/04/14:50:46,apply-time,rs-002837-fg9xj,2c447026-5401-4005-898c-c33bfa8c8256,4,5149.426555
2026/02/04/14:50:46,apply-time,rs-002837-qstgx,be2759da-8dc2-4330-81ab-ea257c1dab27,4,5149.426555
2026/02/04/14:50:46,apply-time,rs-002838-gcw9x,b854ca93-4583-42cc-b0ec-56e35844ddf5,2,5149.426555
2026/02/04/14:50:46,running-time,rs-002838-gcw9x,b854ca93-4583-42cc-b0ec-56e35844ddf5,2,5149.426555
2026/02/04/14:50:46,apply-time,rs-002838-jlw55,e6348cfe-27b1-4a2a-b045-e9b9920df397,2,5149.426555
2026/02/04/14:50:46,running-time,rs-002838-jlw55,e6348cfe-27b1-4a2a-b045-e9b9920df397,2,5149.426555
2026/02/04/14:50:46,apply-time,rs-002838-mvqdc,268f5985-bc62-46aa-9fd4-5fbf5c6cd3ad,2,5149.426555
2026/02/04/14:50:46,running-time,rs-002838-mvqdc,268f5985-bc62-46aa-9fd4-5fbf5c6cd3ad,2,5149.426555
2026/02/04/14:50:46,apply-time,rs-002839-2pdzz,1d4fcf6b-c440-44f9-8b65-65b6409c97b8,1,5149.426555
2026/02/04/14:50:46,running-time,rs-002839-2pdzz,1d4fcf6b-c440-44f9-8b65-65b6409c97b8,1,5149.426555
2026/02/04/14:50:46,apply-time,rs-002839-pw6tr,99fe7e2a-b369-457e-abc5-49341b25cd4d,1,5149.426555
2026/02/04/14:50:46,running-time,rs-002839-pw6tr,99fe7e2a-b369-457e-abc5-49341b25cd4d,1,5149.426555
2026/02/04/14:50:46,apply-time,rs-002840-222qh,9a25e060-a9ad-4e34-8f7e-76b06c57d8a4,1,5149.426555
2026/02/04/14:50:46,apply-time,rs-002841-5nkq7,7a79e0cc-3d85-4ef0-bdcf-0c2ac1a0cc66,4,5149.426555
2026/02/04/14:50:46,apply-time,rs-002842-gsjd8,f6bd7e95-d527-4cea-9c4c-2197dee3e5b3,2,5149.426555
2026/02/04/14:50:46,apply-time,rs-002843-n6smr,ce312cac-9269-4803-976d-a24953926bcb,1,5149.426555
2026/02/04/14:50:46,running-time,rs-002843-n6smr,ce312cac-9269-4803-976d-a24953926bcb,1,5149.426555
2026/02/04/14:50:47,apply-time,rs-002841-564bv,6481e868-5cff-4072-b311-130db95cbdd6,4,5150.426555
2026/02/04/14:50:47,apply-time,rs-002841-9wq4x,0d4adc90-fc2f-446c-959b-38fab3c13060,4,5150.426555
2026/02/04/14:50:47,apply-time,rs-002844-5bbxq,f8410d4c-7bcf-4e24-a3a0-b165d248b449,4,5150.426555
2026/02/04/14:50:47,running-time,rs-002844-5bbxq,f8410d4c-7bcf-4e24-a3a0-b165d248b449,4,5151.426555
2026/02/04/14:50:47,apply-time,rs-002845-4jbpd,cfacfb04-5a4b-4f23-a2a0-123ccdcea4b9,1,5151.426555
2026/02/04/14:50:47,apply-time,rs-002845-8tcv7,72eb6549-cf98-4da2-8f31-e18b5cd58334,1,5150.426555
2026/02/04/14:50:47,apply-time,rs-002846-sq68j,a7e48f6b-54c2-4854-b8e3-15d926c253ee,2,5150.426555
2026/02/04/14:50:47,running-time,rs-002846-sq68j,a7e48f6b-54c2-4854-b8e3-15d926c253ee,2,5150.426555
2026/02/04/14:50:48,running-time,rs-002845-4jbpd,cfacfb04-5a4b-4f23-a2a0-123ccdcea4b9,1,5152.426555
2026/02/04/14:50:48,running-time,rs-002845-8tcv7,72eb6549-cf98-4da2-8f31-e18b5cd58334,1,5151.426555
2026/02/04/14:50:48,apply-time,rs-002845-w6vf9,d4be087c-6409-434e-ac8b-7275d1c88140,1,5151.426555
2026/02/04/14:50:48,apply-time,rs-002847-wltjj,84337f91-72e8-45c1-9a81-0ad6bf4f8b88,1,5151.426555
2026/02/04/14:50:48,apply-time,rs-002848-m24t2,280ecec2-0c35-4211-9149-813ab9d75d4d,2,5151.426555
2026/02/04/14:50:48,running-time,rs-002848-m24t2,280ecec2-0c35-4211-9149-813ab9d75d4d,2,5152.426555
2026/02/04/14:50:48,apply-time,rs-002849-8q4zh,fdd7631a-4846-4997-8b8c-38ef8ee71e6c,1,5151.426555
2026/02/04/14:50:48,apply-time,rs-002850-mkk7m,39e6c229-7a79-4137-827d-82126c9e37d8,2,5152.426555
2026/02/04/14:50:48,apply-time,rs-002851-mtv4j,7678ebe1-8123-40ce-8b9f-8d307092066c,3,5152.426555
2026/02/04/14:50:48,running-time,rs-002851-mtv4j,7678ebe1-8123-40ce-8b9f-8d307092066c,3,5152.426555
2026/02/04/14:50:49,running-time,rs-002845-w6vf9,d4be087c-6409-434e-ac8b-7275d1c88140,1,5152.426555
2026/02/04/14:50:49,running-time,rs-002847-wltjj,84337f91-72e8-45c1-9a81-0ad6bf4f8b88,1,5152.426555
2026/02/04/14:50:49,apply-time,rs-002850-2sx9r,a2543395-6e76-459b-bf66-879f2528d169,2,5152.426555
2026/02/04/14:50:49,running-time,rs-002850-mkk7m,39e6c229-7a79-4137-827d-82126c9e37d8,2,5152.426555
2026/02/04/14:50:49,apply-time,rs-002850-wd4m2,d3fd6d92-e79e-4849-a7cd-281f67cf0ec1,2,5152.426555
2026/02/04/14:50:49,running-time,rs-002850-wd4m2,d3fd6d92-e79e-4849-a7cd-281f67cf0ec1,2,5152.426555
2026/02/04/14:50:49,apply-time,rs-002852-89q6b,61ffe43a-f0e9-4553-a734-d468118f4e4c,4,5152.426555
2026/02/04/14:50:49,running-time,rs-002852-89q6b,61ffe43a-f0e9-4553-a734-d468118f4e4c,4,5152.426555
2026/02/04/14:50:49,apply-time,rs-002852-lnnbt,5d00af3d-8468-444c-83ed-dd214f1d0c06,4,5152.426555
2026/02/04/14:50:49,running-time,rs-002852-lnnbt,5d00af3d-8468-444c-83ed-dd214f1d0c06,4,5152.426555
2026/02/04/14:50:49,apply-time,rs-002853-p5cxd,b7a62418-2044-4906-a6a5-7e5adf19a9f8,3,5152.426555
2026/02/04/14:50:49,running-time,rs-002853-p5cxd,b7a62418-2044-4906-a6a5-7e5adf19a9f8,3,5152.426555
2026/02/04/14:50:49,apply-time,rs-002854-22mt4,334824c4-d0d0-4ce2-a814-1a6361ce0852,1,5152.426555
2026/02/04/14:50:49,running-time,rs-002854-22mt4,334824c4-d0d0-4ce2-a814-1a6361ce0852,1,5152.426555
2026/02/04/14:50:49,apply-time,rs-002854-6vv59,2fc07b1b-0c3b-4fc6-8c29-a4e6f11891fc,1,5152.426555
2026/02/04/14:50:49,running-time,rs-002854-6vv59,2fc07b1b-0c3b-4fc6-8c29-a4e6f11891fc,1,5152.426555
2026/02/04/14:50:49,apply-time,rs-002854-ktqfq,8468f691-5d08-4711-a8f0-2fdc14bd9e58,1,5152.426555
2026/02/04/14:50:49,running-time,rs-002854-ktqfq,8468f691-5d08-4711-a8f0-2fdc14bd9e58,1,5152.426555
2026/02/04/14:50:49,apply-time,rs-002855-sh6np,be6342e3-b3b9-42f8-8b75-00d812af9897,1,5153.426555
2026/02/04/14:50:50,apply-time,rs-002856-c8kqc,c03a49ab-90be-40f0-b0df-a3f75b26c6c3,4,5153.426555
2026/02/04/14:50:50,apply-time,rs-002856-dxhfj,36d2f9bb-a308-471a-b4aa-784a7a45f0eb,4,5153.426555
2026/02/04/14:50:50,apply-time,rs-002856-zdg9x,ace320c0-4af7-4d56-80d4-76286ea4ef03,4,5153.426555
2026/02/04/14:50:50,apply-time,rs-002857-2z65t,ea0a6d04-0294-4a2d-8ab1-f6baba6b162b,4,5153.426555
2026/02/04/14:50:50,apply-time,rs-002857-cc5kk,b9441bb0-6712-43ee-93f3-a951c8f18ed7,4,5153.426555
2026/02/04/14:50:50,apply-time,rs-002857-prbp5,536fe999-0ba7-4db7-8fff-68ed5d3d21ca,4,5153.426555
2026/02/04/14:50:50,apply-time,rs-002858-qdrxn,cfd4169e-81ce-43ec-b79b-7bac417355fe,4,5153.426555
2026/02/04/14:50:51,running-time,rs-002857-2z65t,ea0a6d04-0294-4a2d-8ab1-f6baba6b162b,4,5154.426555
2026/02/04/14:50:51,running-time,rs-002857-prbp5,536fe999-0ba7-4db7-8fff-68ed5d3d21ca,4,5154.426555
2026/02/04/14:50:52,running-time,rs-002857-cc5kk,b9441bb0-6712-43ee-93f3-a951c8f18ed7,4,5155.426555
2026/02/04/14:50:52,running-time,rs-002858-qdrxn,cfd4169e-81ce-43ec-b79b-7bac417355fe,4,5156.426555
2026/02/04/14:50:53,running-time,rs-002840-222qh,9a25e060-a9ad-4e34-8f7e-76b06c57d8a4,1,5156.426555
2026/02/04/14:51:11,apply-time,rs-002859-w69zv,a9b2ab94-a435-4bf9-8513-2666f7487dff,1,5175.426555
2026/02/04/14:51:12,running-time,rs-002859-w69zv,a9b2ab94-a435-4bf9-8513-2666f7487dff,1,5175.426555
2026/02/04/14:51:14,apply-time,rs-002860-8ms62,92bc5638-dac2-4dc6-9793-b287ad5f11cd,1,5177.426555
2026/02/04/14:51:14,running-time,rs-002860-8ms62,92bc5638-dac2-4dc6-9793-b287ad5f11cd,1,5177.426555
2026/02/04/14:51:14,apply-time,rs-002860-hbcnh,0661172b-2351-4fa5-be7e-37c1e1e1f911,1,5177.426555
2026/02/04/14:51:14,running-time,rs-002860-hbcnh,0661172b-2351-4fa5-be7e-37c1e1e1f911,1,5177.426555
2026/02/04/14:51:14,apply-time,rs-002860-tksb6,2eb1e2be-a230-4770-a852-3f6f1ec97e37,1,5177.426555
2026/02/04/14:51:14,running-time,rs-002860-tksb6,2eb1e2be-a230-4770-a852-3f6f1ec97e37,1,5177.426555
2026/02/04/14:51:14,apply-time,rs-002861-qbkfn,5e5fd6a9-2f8a-4358-8dd3-1749b5a31f11,2,5177.426555
2026/02/04/14:51:14,running-time,rs-002861-qbkfn,5e5fd6a9-2f8a-4358-8dd3-1749b5a31f11,2,5177.426555
2026/02/04/14:51:14,apply-time,rs-002862-r7m6f,9225189d-3572-426b-aa0b-d59da2bdfc15,1,5177.426555
2026/02/04/14:51:14,running-time,rs-002862-r7m6f,9225189d-3572-426b-aa0b-d59da2bdfc15,1,5177.426555
2026/02/04/14:51:14,apply-time,rs-002862-vps45,af4cad07-619e-4830-b2d1-a1c9a7950984,1,5177.426555
2026/02/04/14:51:14,running-time,rs-002862-vps45,af4cad07-619e-4830-b2d1-a1c9a7950984,1,5177.426555
2026/02/04/14:51:14,apply-time,rs-002862-vqgk6,3811ca30-e69f-4743-acd6-2fb8b8b7f1a5,1,5177.426555
2026/02/04/14:51:14,running-time,rs-002862-vqgk6,3811ca30-e69f-4743-acd6-2fb8b8b7f1a5,1,5177.426555
2026/02/04/14:51:18,apply-time,rs-002863-4z89f,50271405-ae41-4c6e-a896-7165441d9f6b,4,5181.426555
2026/02/04/14:51:18,running-time,rs-002863-4z89f,50271405-ae41-4c6e-a896-7165441d9f6b,4,5181.426555
2026/02/04/14:51:18,apply-time,rs-002863-vbr2j,bdabc917-7784-4803-bb91-7c1a7669fa7d,4,5181.426555
2026/02/04/14:51:18,running-time,rs-002863-vbr2j,bdabc917-7784-4803-bb91-7c1a7669fa7d,4,5181.426555
2026/02/04/14:51:18,apply-time,rs-002864-48xwp,6ec11c3a-d31f-4fa0-bbee-6bd32954c6e4,3,5181.426555
2026/02/04/14:51:18,running-time,rs-002864-48xwp,6ec11c3a-d31f-4fa0-bbee-6bd32954c6e4,3,5181.426555
2026/02/04/14:51:18,apply-time,rs-002864-fll22,9485ddca-faf8-4178-b8f1-e0e04d3de29f,3,5181.426555
2026/02/04/14:51:18,running-time,rs-002864-fll22,9485ddca-faf8-4178-b8f1-e0e04d3de29f,3,5181.426555
2026/02/04/14:51:18,apply-time,rs-002864-l4jnm,e0215383-4d7a-4332-931b-90cc9fe8fc95,3,5181.426555
2026/02/04/14:51:18,running-time,rs-002864-l4jnm,e0215383-4d7a-4332-931b-90cc9fe8fc95,3,5181.426555
2026/02/04/14:51:18,apply-time,rs-002865-56949,41882ab5-4389-4c1c-b8c5-e079270582aa,1,5181.426555
2026/02/04/14:51:18,running-time,rs-002865-56949,41882ab5-4389-4c1c-b8c5-e079270582aa,1,5181.426555
2026/02/04/14:51:18,apply-time,rs-002865-g9mml,14dab93e-36da-47e4-b5c9-e00638eeb363,1,5181.426555
2026/02/04/14:51:18,running-time,rs-002865-g9mml,14dab93e-36da-47e4-b5c9-e00638eeb363,1,5181.426555
2026/02/04/14:51:18,apply-time,rs-002866-n7bz8,d8905cef-92f9-44a7-ac5a-f5ae9454a5aa,2,5182.426555
2026/02/04/14:51:18,running-time,rs-002866-n7bz8,d8905cef-92f9-44a7-ac5a-f5ae9454a5aa,2,5182.426555
2026/02/04/14:51:19,apply-time,rs-002867-jsfdg,7d10024f-6fc1-4524-85f4-f4aff61182e5,1,5182.426555
2026/02/04/14:51:19,running-time,rs-002867-jsfdg,7d10024f-6fc1-4524-85f4-f4aff61182e5,1,5182.426555
2026/02/04/14:51:19,apply-time,rs-002867-llqcz,38a0bc9a-0d5d-4e18-80b7-a9e9e26f767a,1,5182.426555
2026/02/04/14:51:19,running-time,rs-002867-llqcz,38a0bc9a-0d5d-4e18-80b7-a9e9e26f767a,1,5182.426555
2026/02/04/14:51:19,apply-time,rs-002867-zl4tq,ddf025d5-ee26-43f0-ac01-526924f602fc,1,5182.426555
2026/02/04/14:51:19,running-time,rs-002867-zl4tq,ddf025d5-ee26-43f0-ac01-526924f602fc,1,5182.426555
2026/02/04/14:51:30,apply-time,rs-002868-bfnb2,bb91870e-1a70-4503-b6fe-740e1b14a9df,2,5193.426555
2026/02/04/14:51:30,running-time,rs-002868-bfnb2,bb91870e-1a70-4503-b6fe-740e1b14a9df,2,5193.426555
2026/02/04/14:51:30,apply-time,rs-002868-bgxbk,10786c20-fb50-4d1e-86e7-7590d6c876e1,2,5193.426555
2026/02/04/14:51:30,running-time,rs-002868-bgxbk,10786c20-fb50-4d1e-86e7-7590d6c876e1,2,5193.426555
2026/02/04/14:51:30,apply-time,rs-002869-5272g,27a0b5fe-1038-447f-9fa5-dccda6b19d85,1,5193.426555
2026/02/04/14:51:30,running-time,rs-002869-5272g,27a0b5fe-1038-447f-9fa5-dccda6b19d85,1,5193.426555
2026/02/04/14:51:30,apply-time,rs-002869-rnddd,082fb2b1-f2f8-4f05-b13c-c51688d62a63,1,5193.426555
2026/02/04/14:51:30,running-time,rs-002869-rnddd,082fb2b1-f2f8-4f05-b13c-c51688d62a63,1,5193.426555
2026/02/04/14:51:30,apply-time,rs-002870-4bwwx,8699c6e4-e6d4-468e-99ff-1f47fb241816,3,5193.426555
2026/02/04/14:51:30,running-time,rs-002870-4bwwx,8699c6e4-e6d4-468e-99ff-1f47fb241816,3,5193.426555
2026/02/04/14:51:30,apply-time,rs-002870-9rvj5,7ba6f1c7-4ee8-4390-9d8d-425795b64f73,3,5193.426555
2026/02/04/14:51:30,running-time,rs-002870-9rvj5,7ba6f1c7-4ee8-4390-9d8d-425795b64f73,3,5193.426555
2026/02/04/14:51:30,apply-time,rs-002870-zd4mn,81334a2f-e28c-4885-8a11-33b34702f8c7,3,5193.426555
2026/02/04/14:51:30,running-time,rs-002870-zd4mn,81334a2f-e28c-4885-8a11-33b34702f8c7,3,5193.426555
2026/02/04/14:51:30,apply-time,rs-002871-wz65b,46c9aef9-ae6c-4e64-b58c-33e317b625c9,2,5193.426555
2026/02/04/14:51:30,running-time,rs-002871-wz65b,46c9aef9-ae6c-4e64-b58c-33e317b625c9,2,5193.426555
2026/02/04/14:51:30,apply-time,rs-002872-9tw7k,9996a65f-4305-44f9-9618-107689ebfa08,3,5193.426555
2026/02/04/14:51:30,running-time,rs-002872-9tw7k,9996a65f-4305-44f9-9618-107689ebfa08,3,5194.426555
2026/02/04/14:51:30,apply-time,rs-002872-zqgvh,adb1e6eb-4b9e-4b8e-bb41-d24c0e0156db,3,5193.426555
2026/02/04/14:51:30,running-time,rs-002872-zqgvh,adb1e6eb-4b9e-4b8e-bb41-d24c0e0156db,3,5193.426555
2026/02/04/14:51:30,apply-time,rs-002873-vngqw,0be4b25e-76b7-4b96-b28e-ea3408f0df70,4,5193.426555
2026/02/04/14:51:33,running-time,rs-002873-vngqw,0be4b25e-76b7-4b96-b28e-ea3408f0df70,4,5196.426555
2026/02/04/14:51:35,apply-time,rs-002874-76cr9,e60f2d1d-1ef0-44f3-8699-b8ed26328d34,4,5198.426555
2026/02/04/14:51:36,apply-time,rs-002875-7crpg,7669d90a-1ad9-4096-9010-4a68ca7b46a1,4,5199.426555
2026/02/04/14:51:36,running-time,rs-002875-7crpg,7669d90a-1ad9-4096-9010-4a68ca7b46a1,4,5199.426555
2026/02/04/14:51:36,apply-time,rs-002876-lfsxp,1adc7ad9-aca5-4c1a-9f05-a76979029c9b,1,5199.426555
2026/02/04/14:51:36,running-time,rs-002876-lfsxp,1adc7ad9-aca5-4c1a-9f05-a76979029c9b,1,5199.426555
2026/02/04/14:51:36,apply-time,rs-002876-rjfdg,4f98fe59-27e2-41cc-b89a-471189ae20db,1,5199.426555
2026/02/04/14:51:36,running-time,rs-002876-rjfdg,4f98fe59-27e2-41cc-b89a-471189ae20db,1,5199.426555
2026/02/04/14:51:36,apply-time,rs-002877-2tsvq,ed2e4d8d-ed69-4d15-b8dd-041fe63422bc,2,5199.426555
2026/02/04/14:51:36,running-time,rs-002877-2tsvq,ed2e4d8d-ed69-4d15-b8dd-041fe63422bc,2,5199.426555
2026/02/04/14:51:36,apply-time,rs-002878-qxgwc,a3cfcf0f-bed2-464a-9798-3784ee0371ac,3,5199.426555
2026/02/04/14:51:36,running-time,rs-002878-qxgwc,a3cfcf0f-bed2-464a-9798-3784ee0371ac,3,5199.426555
2026/02/04/14:51:36,apply-time,rs-002879-8zmsj,0a555e18-e9ff-4b9a-a3cc-a2d5573a9cd0,1,5199.426555
2026/02/04/14:51:36,running-time,rs-002879-8zmsj,0a555e18-e9ff-4b9a-a3cc-a2d5573a9cd0,1,5199.426555
2026/02/04/14:51:36,apply-time,rs-002880-twdql,bac7e046-9684-46ee-a53e-8dbcfb841f2a,1,5199.426555
2026/02/04/14:51:36,running-time,rs-002880-twdql,bac7e046-9684-46ee-a53e-8dbcfb841f2a,1,5199.426555
2026/02/04/14:51:38,apply-time,rs-002881-7n2sb,d22472a4-c25d-48be-b9da-6348cd02f97f,2,5201.426555
2026/02/04/14:51:38,running-time,rs-002881-7n2sb,d22472a4-c25d-48be-b9da-6348cd02f97f,2,5201.426555
2026/02/04/14:51:38,apply-time,rs-002882-cr9t9,e46ba91b-c139-4675-877c-40968e774db0,2,5201.426555
2026/02/04/14:51:38,apply-time,rs-002882-nrqpb,cabeb54f-5e2a-46ae-acdd-0ef26f36e353,2,5201.426555
2026/02/04/14:51:38,running-time,rs-002882-nrqpb,cabeb54f-5e2a-46ae-acdd-0ef26f36e353,2,5201.426555
2026/02/04/14:51:38,apply-time,rs-002883-5xcc7,590e5454-8dcf-4947-bcff-b1faaad938b9,4,5202.426555
2026/02/04/14:51:38,running-time,rs-002883-5xcc7,590e5454-8dcf-4947-bcff-b1faaad938b9,4,5202.426555
2026/02/04/14:51:38,apply-time,rs-002883-p46dm,546b2099-48a6-4e1c-8eb9-65fd7b1e81df,4,5202.426555
2026/02/04/14:51:38,running-time,rs-002883-p46dm,546b2099-48a6-4e1c-8eb9-65fd7b1e81df,4,5202.426555
2026/02/04/14:51:38,apply-time,rs-002883-rpl7r,d164cfa5-8e48-46ed-aa05-154535d9c491,4,5201.426555
2026/02/04/14:51:38,running-time,rs-002883-rpl7r,d164cfa5-8e48-46ed-aa05-154535d9c491,4,5202.426555
2026/02/04/14:51:38,apply-time,rs-002884-59227,5de175d3-a416-4a8e-a10b-7d176de5af8e,2,5201.426555
2026/02/04/14:51:38,running-time,rs-002884-59227,5de175d3-a416-4a8e-a10b-7d176de5af8e,2,5202.426555
2026/02/04/14:51:39,apply-time,rs-002885-pl852,d78d7dd7-7b2e-4bd6-a340-8648b27d7630,3,5202.426555
2026/02/04/14:51:39,running-time,rs-002885-pl852,d78d7dd7-7b2e-4bd6-a340-8648b27d7630,3,5202.426555
2026/02/04/14:51:39,apply-time,rs-002886-hcz9q,895aa6d7-39ae-4400-beab-4cb1388c19b7,1,5202.426555
2026/02/04/14:51:39,running-time,rs-002886-hcz9q,895aa6d7-39ae-4400-beab-4cb1388c19b7,1,5202.426555
2026/02/04/14:51:39,apply-time,rs-002886-lzmrw,13ed9fc0-6378-45f6-8a8b-f4b7d5c16d10,1,5202.426555
2026/02/04/14:51:39,apply-time,rs-002887-5vxlf,9b7b1fd5-3025-47b2-83c4-c1981b7b9f24,4,5202.426555
2026/02/04/14:51:39,apply-time,rs-002887-mmvvb,124a0535-b075-40a2-be6b-1fe3931120a1,4,5202.426555
2026/02/04/14:51:39,apply-time,rs-002888-295l6,55c1e6a2-9692-4e66-ba16-c8ef4502679d,2,5202.426555
2026/02/04/14:51:39,apply-time,rs-002888-thntj,b5fc20e8-a67e-48fd-9594-77a0ff48d76e,2,5202.426555
2026/02/04/14:51:39,apply-time,rs-002888-v5qtr,0f28ffaf-0425-44a3-85c3-a5cb83ebeebd,2,5202.426555
2026/02/04/14:51:39,apply-time,rs-002889-2dbr6,3a166501-241c-443e-b3c5-1bf5699fa332,1,5202.426555
2026/02/04/14:51:39,apply-time,rs-002890-ljw8z,e1719863-c33f-46b3-a799-40fe5d199025,1,5203.426555
2026/02/04/14:51:39,running-time,rs-002890-ljw8z,e1719863-c33f-46b3-a799-40fe5d199025,1,5203.426555
2026/02/04/14:51:39,apply-time,rs-002891-kt5jr,89b0965f-e50a-48ea-b70a-69df558ebf43,2,5203.426555
2026/02/04/14:51:39,running-time,rs-002891-kt5jr,89b0965f-e50a-48ea-b70a-69df558ebf43,2,5203.426555
2026/02/04/14:51:40,running-time,rs-002882-cr9t9,e46ba91b-c139-4675-877c-40968e774db0,2,5203.426555
2026/02/04/14:51:40,running-time,rs-002886-lzmrw,13ed9fc0-6378-45f6-8a8b-f4b7d5c16d10,1,5203.426555
2026/02/04/14:51:40,apply-time,rs-002890-n45kc,2cf63ca1-fda4-484d-9e70-69b0669f1626,1,5203.426555
2026/02/04/14:51:40,running-time,rs-002890-n45kc,2cf63ca1-fda4-484d-9e70-69b0669f1626,1,5203.426555
2026/02/04/14:51:40,apply-time,rs-002890-pst8r,c09f96cc-b397-4ed7-bfec-d094b44f7a84,1,5203.426555
2026/02/04/14:51:40,running-time,rs-002890-pst8r,c09f96cc-b397-4ed7-bfec-d094b44f7a84,1,5203.426555
2026/02/04/14:51:40,apply-time,rs-002891-vvdn8,1347f0f6-854d-4da3-ac2c-3ed7e3e2c7a4,2,5203.426555
2026/02/04/14:51:40,running-time,rs-002891-vvdn8,1347f0f6-854d-4da3-ac2c-3ed7e3e2c7a4,2,5203.426555
2026/02/04/14:51:40,apply-time,rs-002892-p2n2t,41f5e157-cb93-49a3-994e-4742180707a3,1,5203.426555
2026/02/04/14:51:40,apply-time,rs-002892-wf6rr,ea69b8e1-092b-43a0-a84c-a510780ead51,1,5203.426555
2026/02/04/14:51:40,apply-time,rs-002893-6qqpg,61d70b45-1af4-4619-a008-242006c88e96,3,5203.426555
2026/02/04/14:51:40,running-time,rs-002893-6qqpg,61d70b45-1af4-4619-a008-242006c88e96,3,5204.426555
2026/02/04/14:51:40,apply-time,rs-002893-xzdw9,5c20de61-058f-487f-85a2-714b2420c1d1,3,5203.426555
2026/02/04/14:51:40,running-time,rs-002893-xzdw9,5c20de61-058f-487f-85a2-714b2420c1d1,3,5203.426555
2026/02/04/14:51:41,running-time,rs-002887-5vxlf,9b7b1fd5-3025-47b2-83c4-c1981b7b9f24,4,5204.426555
2026/02/04/14:51:41,running-time,rs-002887-mmvvb,124a0535-b075-40a2-be6b-1fe3931120a1,4,5204.426555
2026/02/04/14:51:42,apply-time,rs-002894-687k4,92c969d0-7b76-4e4b-bd99-bf10d4a73064,3,5205.426555
2026/02/04/14:51:42,running-time,rs-002894-687k4,92c969d0-7b76-4e4b-bd99-bf10d4a73064,3,5205.426555
2026/02/04/14:51:42,apply-time,rs-002894-8qjfk,2065b670-eb12-4550-afe2-25e78f67de57,3,5205.426555
2026/02/04/14:51:42,running-time,rs-002894-8qjfk,2065b670-eb12-4550-afe2-25e78f67de57,3,5205.426555
2026/02/04/14:51:42,apply-time,rs-002894-tx5dd,915bb102-1c27-4272-903e-58c2543ca212,3,5205.426555
2026/02/04/14:51:42,running-time,rs-002894-tx5dd,915bb102-1c27-4272-903e-58c2543ca212,3,5205.426555
2026/02/04/14:51:42,apply-time,rs-002895-6x2h5,ad8f210f-e877-41c8-8abf-6a990c55b4f0,1,5205.426555
2026/02/04/14:51:42,apply-time,rs-002895-867fc,a8c6c3b3-c969-4483-a608-3a0ac800e763,1,5205.426555
2026/02/04/14:51:42,apply-time,rs-002895-rw5r8,1d18b605-4f55-489d-a234-2068b476c4f1,1,5205.426555
2026/02/04/14:51:42,apply-time,rs-002896-29lcj,de1a5d4d-fb53-4c9e-90b6-e0c46012435b,2,5205.426555
2026/02/04/14:51:42,running-time,rs-002896-29lcj,de1a5d4d-fb53-4c9e-90b6-e0c46012435b,2,5205.426555
2026/02/04/14:51:42,apply-time,rs-002896-nzbpg,30902d9b-41a0-4f52-8a83-f1388c4ec6b7,2,5205.426555
2026/02/04/14:51:42,running-time,rs-002896-nzbpg,30902d9b-41a0-4f52-8a83-f1388c4ec6b7,2,5205.426555
2026/02/04/14:51:42,apply-time,rs-002897-dc567,6f164c3f-2c99-4755-b647-4210d971b5e0,3,5206.426555
2026/02/04/14:51:42,running-time,rs-002897-dc567,6f164c3f-2c99-4755-b647-4210d971b5e0,3,5206.426555
2026/02/04/14:51:43,apply-time,rs-002897-2psc5,f5c5d9f8-0dfe-4cba-a14e-d9fae961a4db,3,5206.426555
2026/02/04/14:51:43,running-time,rs-002897-2psc5,f5c5d9f8-0dfe-4cba-a14e-d9fae961a4db,3,5206.426555
2026/02/04/14:51:43,apply-time,rs-002898-clnfq,eb1a0187-fd7f-472b-b080-e704ed6a2b9a,3,5206.426555
2026/02/04/14:51:43,apply-time,rs-002898-ltkbj,696b027c-4b36-4794-99be-b68471e26f6b,3,5206.426555
2026/02/04/14:51:43,apply-time,rs-002899-4kn5d,c9418914-b844-4bcf-8021-1243668b58dd,2,5206.426555
2026/02/04/14:51:43,apply-time,rs-002899-5t2vd,d0474834-aedc-42d3-a3ed-48d0530bf42c,2,5206.426555
2026/02/04/14:51:43,apply-time,rs-002899-9mkpl,5b4b9f59-68d0-4835-981c-5060b37015e3,2,5206.426555
2026/02/04/14:51:44,running-time,rs-002899-4kn5d,c9418914-b844-4bcf-8021-1243668b58dd,2,5207.426555
2026/02/04/14:51:44,apply-time,rs-002900-h6fpg,a51d32c2-bef0-47fb-b0e2-69c75b4203a3,2,5207.426555
2026/02/04/14:51:44,apply-time,rs-002900-lkjft,9d7c7e59-5349-4596-907e-5713475ad285,2,5207.426555
2026/02/04/14:51:44,apply-time,rs-002900-phcmz,a72ae531-adb2-4dbd-b694-768bad24d69b,2,5207.426555
2026/02/04/14:51:44,apply-time,rs-002901-zp5b7,34b18731-d7b1-4070-a959-0afd5933d7fa,2,5207.426555
2026/02/04/14:51:44,apply-time,rs-002902-67rjb,e34030a4-ab26-4a31-9e32-bfaaf2f995a7,3,5207.426555
2026/02/04/14:51:44,apply-time,rs-002902-str6k,f68cd0e7-163e-4b1b-9ecc-b42431037cf6,3,5207.426555
2026/02/04/14:51:45,running-time,rs-002895-6x2h5,ad8f210f-e877-41c8-8abf-6a990c55b4f0,1,5208.426555
2026/02/04/14:51:45,running-time,rs-002895-867fc,a8c6c3b3-c969-4483-a608-3a0ac800e763,1,5208.426555
2026/02/04/14:51:45,running-time,rs-002895-rw5r8,1d18b605-4f55-489d-a234-2068b476c4f1,1,5208.426555
2026/02/04/14:51:45,apply-time,rs-002903-4cn7c,607c6618-e78a-475c-b669-6256d26139ca,2,5209.426555
2026/02/04/14:51:45,apply-time,rs-002903-ltfgv,07e91a23-84f9-4587-8b0a-085773978eed,2,5209.426555
2026/02/04/14:51:45,apply-time,rs-002903-nv75v,cf85d001-0652-4222-8961-fecc692659b5,2,5209.426555
2026/02/04/14:51:48,running-time,rs-002900-lkjft,9d7c7e59-5349-4596-907e-5713475ad285,2,5211.426555
2026/02/04/14:51:48,running-time,rs-002903-4cn7c,607c6618-e78a-475c-b669-6256d26139ca,2,5211.426555
2026/02/04/14:51:49,running-time,rs-002900-h6fpg,a51d32c2-bef0-47fb-b0e2-69c75b4203a3,2,5213.426555
2026/02/04/14:51:51,running-time,rs-002874-76cr9,e60f2d1d-1ef0-44f3-8699-b8ed26328d34,4,5214.426555
2026/02/04/14:51:51,running-time,rs-002902-str6k,f68cd0e7-163e-4b1b-9ecc-b42431037cf6,3,5215.426555
2026/02/04/14:51:52,apply-time,rs-002904-47dph,49e84703-1922-4d32-becf-33cb39a99d72,1,5215.426555
2026/02/04/14:51:52,running-time,rs-002904-47dph,49e84703-1922-4d32-becf-33cb39a99d72,1,5215.426555
2026/02/04/14:52:18,apply-time,rs-002905-lwscg,60711b44-0f0a-4dcd-ac6c-b5f650fd9439,4,5241.426555
2026/02/04/14:52:18,running-time,rs-002905-lwscg,60711b44-0f0a-4dcd-ac6c-b5f650fd9439,4,5241.426555
2026/02/04/14:52:18,apply-time,rs-002905-mkpbd,c809b7d6-dc20-4d9c-acaf-f296624cc039,4,5241.426555
2026/02/04/14:52:18,running-time,rs-002905-mkpbd,c809b7d6-dc20-4d9c-acaf-f296624cc039,4,5241.426555
2026/02/04/14:52:18,apply-time,rs-002905-smn5t,c62b18ca-b914-43e7-85dc-5bc074cd2540,4,5241.426555
2026/02/04/14:52:18,running-time,rs-002905-smn5t,c62b18ca-b914-43e7-85dc-5bc074cd2540,4,5241.426555
2026/02/04/14:52:18,apply-time,rs-002906-chr49,44b8253d-9d92-4a61-9e01-3d89436fdcb0,4,5241.426555
2026/02/04/14:52:18,apply-time,rs-002906-qlvx2,b7a544e0-790e-4d9d-9294-00e104bb0ff2,4,5241.426555
2026/02/04/14:52:18,running-time,rs-002906-qlvx2,b7a544e0-790e-4d9d-9294-00e104bb0ff2,4,5241.426555
2026/02/04/14:52:18,apply-time,rs-002907-9hr4l,ceed97db-639b-4184-84f2-0c747a8b34ae,2,5241.426555
2026/02/04/14:52:18,running-time,rs-002907-9hr4l,ceed97db-639b-4184-84f2-0c747a8b34ae,2,5241.426555
2026/02/04/14:52:18,apply-time,rs-002908-fww6n,b2cf2e62-a39e-48da-9f15-b5d0e64954e0,3,5241.426555
2026/02/04/14:52:18,running-time,rs-002908-fww6n,b2cf2e62-a39e-48da-9f15-b5d0e64954e0,3,5241.426555
2026/02/04/14:52:18,apply-time,rs-002908-jkcn7,38fb646b-251a-411d-9fd5-c525967d4e04,3,5241.426555
2026/02/04/14:52:18,running-time,rs-002908-jkcn7,38fb646b-251a-411d-9fd5-c525967d4e04,3,5241.426555
2026/02/04/14:52:18,apply-time,rs-002908-ltx2m,fed877fd-c8ae-427f-a47f-1d656255be83,3,5241.426555
2026/02/04/14:52:18,running-time,rs-002908-ltx2m,fed877fd-c8ae-427f-a47f-1d656255be83,3,5241.426555
2026/02/04/14:52:18,apply-time,rs-002909-b2mzn,d5c4f42c-927d-447e-9b60-fd135bc9855d,1,5241.426555
2026/02/04/14:52:18,apply-time,rs-002909-psgvj,84329c78-9f87-4a6f-b2c9-8047eb83965f,1,5241.426555
2026/02/04/14:52:19,apply-time,rs-002910-22p8p,6b35fe7f-95ed-458e-8171-76bbdec047ee,2,5242.426555
2026/02/04/14:52:19,running-time,rs-002910-22p8p,6b35fe7f-95ed-458e-8171-76bbdec047ee,2,5242.426555
2026/02/04/14:52:19,apply-time,rs-002910-s6kzp,f6916ce9-5893-4608-9b52-4f38dc2cd284,2,5242.426555
2026/02/04/14:52:19,running-time,rs-002910-s6kzp,f6916ce9-5893-4608-9b52-4f38dc2cd284,2,5242.426555
2026/02/04/14:52:21,apply-time,rs-002911-2bfl5,cf20814c-4968-47b0-99a0-25d58112ca1d,3,5244.426555
2026/02/04/14:52:21,apply-time,rs-002911-psb6v,dd1029f0-7327-4388-9b5a-5295dfcadad0,3,5244.426555
2026/02/04/14:52:21,apply-time,rs-002912-2ctwx,ec7609b6-0866-41fa-b3c0-1859405e3ed9,4,5244.426555
2026/02/04/14:52:21,running-time,rs-002912-2ctwx,ec7609b6-0866-41fa-b3c0-1859405e3ed9,4,5244.426555
2026/02/04/14:52:21,apply-time,rs-002912-tgvrb,f6b1c72b-e16b-4155-881d-d6439a071e27,4,5244.426555
2026/02/04/14:52:21,running-time,rs-002912-tgvrb,f6b1c72b-e16b-4155-881d-d6439a071e27,4,5244.426555
2026/02/04/14:52:22,running-time,rs-002911-2bfl5,cf20814c-4968-47b0-99a0-25d58112ca1d,3,5245.426555
2026/02/04/14:52:23,apply-time,rs-002913-kn7j4,9dc84c52-eb66-4785-a7df-92769ea87f34,2,5246.426555
2026/02/04/14:52:23,running-time,rs-002913-kn7j4,9dc84c52-eb66-4785-a7df-92769ea87f34,2,5246.426555
2026/02/04/14:52:23,apply-time,rs-002914-5kjk7,c4ff5960-bc78-4351-b2f3-f67888574669,4,5246.426555
2026/02/04/14:52:23,running-time,rs-002914-5kjk7,c4ff5960-bc78-4351-b2f3-f67888574669,4,5246.426555
2026/02/04/14:52:23,apply-time,rs-002914-mlfhs,1e8ad810-9b39-4c70-9b7e-172bf3bad76e,4,5246.426555
2026/02/04/14:52:23,running-time,rs-002914-mlfhs,1e8ad810-9b39-4c70-9b7e-172bf3bad76e,4,5247.426555
2026/02/04/14:52:23,apply-time,rs-002915-cgw95,60679636-1b42-4641-a27e-aaee92257052,1,5247.426555
2026/02/04/14:52:23,apply-time,rs-002916-g7dm9,689f7eee-a402-42e7-8059-7a534b1f9ac8,1,5247.426555
2026/02/04/14:52:23,apply-time,rs-002917-8gc8t,492d3ba8-d102-4576-8394-57239af79155,2,5247.426555
2026/02/04/14:52:25,apply-time,rs-002918-96rl6,bbc2c902-3b51-4018-9f2f-842a93085c09,1,5248.426555
2026/02/04/14:52:25,apply-time,rs-002918-9x5sv,9677539d-638f-43ef-ae12-361dd3ef91c2,1,5248.426555
2026/02/04/14:52:25,apply-time,rs-002918-k2977,ed1c2cfc-99a9-48d2-afe2-0a43bbb4c9d6,1,5248.426555
2026/02/04/14:52:28,running-time,rs-002918-9x5sv,9677539d-638f-43ef-ae12-361dd3ef91c2,1,5252.426555
2026/02/04/14:52:29,running-time,rs-002909-psgvj,84329c78-9f87-4a6f-b2c9-8047eb83965f,1,5253.426555
2026/02/04/14:52:29,running-time,rs-002915-cgw95,60679636-1b42-4641-a27e-aaee92257052,1,5253.426555
2026/02/04/14:52:29,running-time,rs-002918-96rl6,bbc2c902-3b51-4018-9f2f-842a93085c09,1,5252.426555
2026/02/04/14:52:29,running-time,rs-002918-k2977,ed1c2cfc-99a9-48d2-afe2-0a43bbb4c9d6,1,5252.426555
2026/02/04/14:52:33,apply-time,rs-002919-7gdw6,65d66849-e06c-4f13-be80-b8d2e888056b,4,5256.426555
2026/02/04/14:52:33,running-time,rs-002919-7gdw6,65d66849-e06c-4f13-be80-b8d2e888056b,4,5256.426555
2026/02/04/14:52:33,apply-time,rs-002919-fts6l,1a99825e-8d49-4c39-ba6a-9d925b993eb9,4,5256.426555
2026/02/04/14:52:33,running-time,rs-002919-fts6l,1a99825e-8d49-4c39-ba6a-9d925b993eb9,4,5256.426555
2026/02/04/14:52:33,apply-time,rs-002919-xnx7h,8ade1db5-ae64-4ca6-81b1-a8f9eb88fe0d,4,5256.426555
2026/02/04/14:52:33,running-time,rs-002919-xnx7h,8ade1db5-ae64-4ca6-81b1-a8f9eb88fe0d,4,5256.426555
2026/02/04/14:52:33,apply-time,rs-002920-rjs4q,9b092f8a-02d5-4ea9-b229-1ab27a61a09e,3,5256.426555
2026/02/04/14:52:33,running-time,rs-002920-rjs4q,9b092f8a-02d5-4ea9-b229-1ab27a61a09e,3,5256.426555
2026/02/04/14:52:33,apply-time,rs-002920-xbb4t,5e92f03f-bb0b-4c82-8c55-0f009f8d6ad4,3,5256.426555
2026/02/04/14:52:33,apply-time,rs-002920-zf2lc,eb7003f7-21cb-46cf-8cef-0e324175bef7,3,5256.426555
2026/02/04/14:52:33,apply-time,rs-002921-24nsd,54a8259f-f955-45f4-9a75-53a25fde85ad,4,5256.426555
2026/02/04/14:52:33,running-time,rs-002921-24nsd,54a8259f-f955-45f4-9a75-53a25fde85ad,4,5256.426555
2026/02/04/14:52:33,apply-time,rs-002921-94hcn,47a6ad5b-130a-4a01-b539-58ebdebd7e55,4,5256.426555
2026/02/04/14:52:33,apply-time,rs-002921-mskb5,5dba58a7-8502-422a-bc95-1ba385d6a227,4,5256.426555
2026/02/04/14:52:33,apply-time,rs-002922-g7lfc,a160143b-724f-4dd5-b459-55310ace4902,3,5256.426555
2026/02/04/14:52:33,running-time,rs-002922-g7lfc,a160143b-724f-4dd5-b459-55310ace4902,3,5256.426555
2026/02/04/14:52:33,apply-time,rs-002922-v85pm,24045df5-fc97-429c-9433-b1ba775a94d8,3,5256.426555
2026/02/04/14:52:33,apply-time,rs-002922-wlbbq,6f16791e-7bad-4e57-b42a-5da5988cda95,3,5256.426555
2026/02/04/14:52:33,running-time,rs-002922-wlbbq,6f16791e-7bad-4e57-b42a-5da5988cda95,3,5256.426555
2026/02/04/14:52:35,running-time,rs-002921-94hcn,47a6ad5b-130a-4a01-b539-58ebdebd7e55,4,5258.426555
2026/02/04/14:52:35,running-time,rs-002922-v85pm,24045df5-fc97-429c-9433-b1ba775a94d8,3,5258.426555
2026/02/04/14:52:36,running-time,rs-002920-xbb4t,5e92f03f-bb0b-4c82-8c55-0f009f8d6ad4,3,5259.426555
2026/02/04/14:52:36,running-time,rs-002921-mskb5,5dba58a7-8502-422a-bc95-1ba385d6a227,4,5259.426555
2026/02/04/14:52:37,apply-time,rs-002923-xhpnn,c88d03b7-7aaa-4802-8b2f-19819f8b79c7,1,5260.426555
2026/02/04/14:52:37,running-time,rs-002923-xhpnn,c88d03b7-7aaa-4802-8b2f-19819f8b79c7,1,5260.426555
2026/02/04/14:52:37,apply-time,rs-002924-kkvpx,acbf85bc-b4bf-46f9-a609-57f55d447ebe,2,5260.426555
2026/02/04/14:52:37,apply-time,rs-002925-6mj7n,7c7830f0-8da7-44de-b999-c7b0107d5549,3,5260.426555
2026/02/04/14:52:37,apply-time,rs-002925-d9ldg,6e542663-5316-423b-9cc9-1c9472dc7211,3,5260.426555
2026/02/04/14:52:37,apply-time,rs-002926-5rq2w,6ddb63b3-63ba-493f-9c0a-40c2324f697b,1,5260.426555
2026/02/04/14:52:37,running-time,rs-002926-5rq2w,6ddb63b3-63ba-493f-9c0a-40c2324f697b,1,5260.426555
2026/02/04/14:52:37,apply-time,rs-002926-6cmmq,c8b91f2a-6a6d-4150-85f9-04059ec4f192,1,5260.426555
2026/02/04/14:52:37,running-time,rs-002926-6cmmq,c8b91f2a-6a6d-4150-85f9-04059ec4f192,1,5260.426555
2026/02/04/14:52:37,apply-time,rs-002926-cgv89,a3a28a33-a663-4233-bb65-f18a49ea4b98,1,5260.426555
2026/02/04/14:52:37,running-time,rs-002926-cgv89,a3a28a33-a663-4233-bb65-f18a49ea4b98,1,5260.426555
2026/02/04/14:52:38,running-time,rs-002920-zf2lc,eb7003f7-21cb-46cf-8cef-0e324175bef7,3,5261.426555
2026/02/04/14:52:45,apply-time,rs-002927-62s94,6ed7284a-f209-4bd6-a86a-950d01b8938f,2,5268.426555
2026/02/04/14:52:45,running-time,rs-002927-62s94,6ed7284a-f209-4bd6-a86a-950d01b8938f,2,5268.426555
2026/02/04/14:52:45,apply-time,rs-002927-t6znh,4d144287-cbac-4b76-bc6f-b7f21a50e736,2,5268.426555
2026/02/04/14:52:45,running-time,rs-002927-t6znh,4d144287-cbac-4b76-bc6f-b7f21a50e736,2,5269.426555
2026/02/04/14:52:46,apply-time,rs-002928-k82pw,f8ab0751-716d-4072-aea0-431a83ec3f47,4,5270.426555
2026/02/04/14:52:46,running-time,rs-002928-k82pw,f8ab0751-716d-4072-aea0-431a83ec3f47,4,5270.426555
2026/02/04/14:52:46,apply-time,rs-002929-4dvgx,fa3a2f5e-b6a5-4160-bf72-f79b09be3c1a,1,5270.426555
2026/02/04/14:52:46,apply-time,rs-002929-992xj,1d5994de-e5f4-4b77-b233-fc809c07fdb8,1,5270.426555
2026/02/04/14:52:46,apply-time,rs-002930-k2h2l,47e37019-94e7-4747-a24e-dd1b08ef00cd,2,5270.426555
2026/02/04/14:52:46,apply-time,rs-002931-ds5fg,c45b636c-6182-4a04-8e48-70fa13e771d7,1,5270.426555
2026/02/04/14:52:46,apply-time,rs-002931-zmkr9,5071762a-239e-49c3-9ba2-a122996b6402,1,5270.426555
2026/02/04/14:52:46,apply-time,rs-002931-zzqxv,5cb72638-02a1-4722-82a4-b991d562d7b7,1,5270.426555
2026/02/04/14:52:46,running-time,rs-002931-zzqxv,5cb72638-02a1-4722-82a4-b991d562d7b7,1,5270.426555
2026/02/04/14:52:46,apply-time,rs-002932-9bjgc,920ec45a-8c48-40d4-9fdc-1e5adc2c2884,3,5270.426555
2026/02/04/14:52:46,apply-time,rs-002932-j7w2d,0be365bc-f664-40ba-b614-67004375e745,3,5270.426555
2026/02/04/14:52:46,running-time,rs-002932-j7w2d,0be365bc-f664-40ba-b614-67004375e745,3,5270.426555
2026/02/04/14:52:46,apply-time,rs-002932-kn68q,a9e00e82-24c5-4b0a-8765-a95e3039a4f7,3,5270.426555
2026/02/04/14:52:47,apply-time,rs-002933-gz4gd,109e6bb6-3179-4bb7-aa9b-440e39744e02,1,5270.426555
2026/02/04/14:52:48,running-time,rs-002931-ds5fg,c45b636c-6182-4a04-8e48-70fa13e771d7,1,5272.426555
2026/02/04/14:52:48,running-time,rs-002931-zmkr9,5071762a-239e-49c3-9ba2-a122996b6402,1,5272.426555
2026/02/04/14:52:48,running-time,rs-002932-9bjgc,920ec45a-8c48-40d4-9fdc-1e5adc2c2884,3,5272.426555
2026/02/04/14:52:48,running-time,rs-002932-kn68q,a9e00e82-24c5-4b0a-8765-a95e3039a4f7,3,5272.426555
2026/02/04/14:52:51,apply-time,rs-002934-2gnqf,621ac3ed-418d-40de-a4d7-4706275ff088,4,5274.426555
2026/02/04/14:52:51,running-time,rs-002934-2gnqf,621ac3ed-418d-40de-a4d7-4706275ff088,4,5274.426555
2026/02/04/14:52:51,apply-time,rs-002934-8hfbw,5fd65f38-1ef7-4a10-9b04-6a88480cc5a5,4,5274.426555
2026/02/04/14:52:51,running-time,rs-002934-8hfbw,5fd65f38-1ef7-4a10-9b04-6a88480cc5a5,4,5274.426555
2026/02/04/14:52:51,apply-time,rs-002934-fb7hf,b21a9293-db31-4043-814e-61a0e5245357,4,5274.426555
2026/02/04/14:52:51,running-time,rs-002934-fb7hf,b21a9293-db31-4043-814e-61a0e5245357,4,5274.426555
2026/02/04/14:52:51,apply-time,rs-002935-df2xg,ebdc6b54-ff88-4b4c-97c5-537a90c3022b,4,5274.426555
2026/02/04/14:52:51,apply-time,rs-002935-dnfsb,da8a3164-7b91-43c4-a14a-fd73731fbff5,4,5274.426555
2026/02/04/14:52:51,running-time,rs-002935-dnfsb,da8a3164-7b91-43c4-a14a-fd73731fbff5,4,5274.426555
2026/02/04/14:52:51,apply-time,rs-002935-twkpv,2ed23425-e698-461d-95d0-2303f4f8d9d8,4,5274.426555
2026/02/04/14:52:52,apply-time,rs-002936-88kzv,c8c89f48-98d6-4e3a-bb7e-2d0d0b7e0a4a,3,5275.426555
2026/02/04/14:52:52,running-time,rs-002936-88kzv,c8c89f48-98d6-4e3a-bb7e-2d0d0b7e0a4a,3,5275.426555
2026/02/04/14:52:52,apply-time,rs-002936-dl5fr,ee5c5583-b2ae-413c-aa4b-86aaedc82480,3,5275.426555
2026/02/04/14:52:52,running-time,rs-002936-dl5fr,ee5c5583-b2ae-413c-aa4b-86aaedc82480,3,5275.426555
2026/02/04/14:52:52,apply-time,rs-002937-5hq6g,a5c4feb7-9df1-4519-9fdd-8d17f2757c29,2,5275.426555
2026/02/04/14:52:52,apply-time,rs-002937-b562g,d2ad32e1-96b1-406e-a9e5-f3c2684b1e96,2,5275.426555
2026/02/04/14:52:52,apply-time,rs-002938-2gwwn,929b74f5-9c6b-47db-b9a3-a7f8cf244d19,3,5275.426555
2026/02/04/14:52:52,apply-time,rs-002939-f7v9b,05bab049-8be9-48ca-b0a9-b50c2f5398b3,1,5275.426555
2026/02/04/14:52:52,apply-time,rs-002939-vwwln,1703fc32-0746-49eb-876c-b2b372df9008,1,5275.426555
2026/02/04/14:52:52,apply-time,rs-002940-rm4mq,6dec3cd8-2fbc-4d6a-b0a2-9e37f6fdcd00,4,5276.426555
2026/02/04/14:52:52,apply-time,rs-002940-wdgl5,e8751584-4c8f-4d22-a0f4-ebc7345ff69c,4,5275.426555
2026/02/04/14:52:52,apply-time,rs-002941-9m7d6,37f56cd8-818b-437a-994d-df1e642d330b,2,5275.426555
2026/02/04/14:52:52,apply-time,rs-002942-js624,5cf5f857-f753-481d-9237-49430cc8c9cb,1,5276.426555
2026/02/04/14:52:53,running-time,rs-002938-2gwwn,929b74f5-9c6b-47db-b9a3-a7f8cf244d19,3,5277.426555
2026/02/04/14:52:53,apply-time,rs-002940-f4lls,9e6dac79-86fe-4540-aaf3-30e202b03648,4,5276.426555
2026/02/04/14:52:53,apply-time,rs-002942-z9jrb,39c60666-7680-49fd-93e8-2f056135ba24,1,5276.426555
2026/02/04/14:52:53,apply-time,rs-002943-68fv5,f17b9d0b-1366-4ac5-873a-706c04f1084d,3,5277.426555
2026/02/04/14:52:53,apply-time,rs-002943-vc6hj,2092384a-e4c1-4070-8f70-bc255c6ce670,3,5277.426555
2026/02/04/14:52:53,apply-time,rs-002943-vmd6b,96502f7f-4c93-4aca-97a9-8eff83663f43,3,5276.426555
2026/02/04/14:52:53,running-time,rs-002943-vmd6b,96502f7f-4c93-4aca-97a9-8eff83663f43,3,5276.426555
2026/02/04/14:52:53,apply-time,rs-002944-22nm9,a2cbeb5d-5bf9-4758-9e34-fa4bd8119f9b,3,5277.426555
2026/02/04/14:52:53,running-time,rs-002944-22nm9,a2cbeb5d-5bf9-4758-9e34-fa4bd8119f9b,3,5277.426555
2026/02/04/14:52:53,apply-time,rs-002944-w6w5z,c19baa86-ce1d-46b3-a051-20b1e21fa022,3,5276.426555
2026/02/04/14:52:53,running-time,rs-002944-w6w5z,c19baa86-ce1d-46b3-a051-20b1e21fa022,3,5276.426555
2026/02/04/14:52:54,running-time,rs-002943-68fv5,f17b9d0b-1366-4ac5-873a-706c04f1084d,3,5277.426555
2026/02/04/14:52:57,apply-time,rs-002945-b7snr,7b79409c-6ec3-4376-be3e-34fdaea82779,1,5280.426555
2026/02/04/14:52:57,apply-time,rs-002945-s26kz,c88d3744-7e8b-4bc5-b1c9-0c9cce5b4323,1,5280.426555
2026/02/04/14:52:57,apply-time,rs-002946-4kxg5,eb0bec08-bb84-4f92-b86f-4592398016d9,1,5280.426555
2026/02/04/14:52:57,apply-time,rs-002947-88wwv,8d110bfd-98ea-41c3-863a-ec3ed34e94a0,1,5280.426555
2026/02/04/14:52:57,apply-time,rs-002947-gvhkv,cda628df-e8aa-4a96-b375-338295f5bd0f,1,5280.426555
2026/02/04/14:52:57,apply-time,rs-002947-ssn6t,937b7400-1109-4908-b3b8-ceb244c73216,1,5280.426555
2026/02/04/14:52:57,apply-time,rs-002948-lnghl,e004a1e7-76c2-4e26-9e18-95a18cacdbbf,1,5280.426555
2026/02/04/14:52:57,apply-time,rs-002949-trjvd,561c348f-afab-4946-9428-a94aa304106f,2,5281.426555
2026/02/04/14:52:58,apply-time,rs-002950-qh48d,037f66e1-1ddc-4d3e-8510-404ff3d935e4,3,5281.426555
2026/02/04/14:52:58,running-time,rs-002950-qh48d,037f66e1-1ddc-4d3e-8510-404ff3d935e4,3,5281.426555
2026/02/04/14:52:58,apply-time,rs-002951-c6vtk,8fa456d4-ae22-4736-9d7d-f693b2dc7374,1,5281.426555
2026/02/04/14:52:58,apply-time,rs-002951-p266j,484cbd70-bb63-4e77-bbe9-c96ad44d3f1f,1,5281.426555
2026/02/04/14:52:58,apply-time,rs-002951-sgxgt,68afe933-e249-4bc0-bada-6f4c1548623f,1,5281.426555
2026/02/04/14:52:58,running-time,rs-002951-sgxgt,68afe933-e249-4bc0-bada-6f4c1548623f,1,5281.426555
2026/02/04/14:52:58,apply-time,rs-002952-pjgr6,fcd73c48-0ae7-48c6-bbc2-650e93da27b6,1,5281.426555
2026/02/04/14:52:58,apply-time,rs-002952-x8dxn,feeade3e-0367-4462-9262-d30f7b12dd34,1,5281.426555
2026/02/04/14:52:58,apply-time,rs-002953-tn7bh,4d74dd9d-55c4-42e5-b4f1-291fe709d910,3,5281.426555
2026/02/04/14:52:58,apply-time,rs-002954-2mnnn,bed12e89-ceb0-4daa-928d-bf1b86944a9c,1,5281.426555
2026/02/04/14:52:58,apply-time,rs-002954-gjl79,c97392d6-cb81-428b-a7bc-498def817096,1,5281.426555
2026/02/04/14:52:58,apply-time,rs-002954-pksjf,bc37f571-c021-49c8-ba98-124d00a27628,1,5281.426555
2026/02/04/14:52:58,apply-time,rs-002955-55srm,4ea4143c-c2b7-42b5-b698-05b911b66989,1,5281.426555
2026/02/04/14:52:58,running-time,rs-002955-55srm,4ea4143c-c2b7-42b5-b698-05b911b66989,1,5281.426555
2026/02/04/14:52:58,apply-time,rs-002956-b7pdn,125c40ba-8cb8-470c-9f18-b58c5475a81a,2,5282.426555
2026/02/04/14:52:59,apply-time,rs-002957-zkxj9,859cfb7f-7fc8-4975-82f4-9604e3313045,1,5282.426555
2026/02/04/14:52:59,apply-time,rs-002958-jbxnm,1391268d-d09b-4c55-af1b-be4745bc6d39,1,5282.426555
2026/02/04/14:52:59,apply-time,rs-002958-ksrb2,5f67f882-d2bb-4636-a58c-6471c4ccb1ad,1,5282.426555
2026/02/04/14:52:59,apply-time,rs-002958-kx9vp,4a62d105-6a66-4946-aa2f-8d35b5a3030e,1,5282.426555
2026/02/04/14:52:59,apply-time,rs-002959-qr9nr,8a961d31-9935-4017-8b6c-c8c0d865eaa4,4,5283.426555
2026/02/04/14:52:59,apply-time,rs-002961-vntbb,b23e8313-eb2d-4c13-aec8-239c09b48f38,1,5283.426555
2026/02/04/14:52:59,apply-time,rs-002962-q4rc4,4e72aa45-e94d-428d-b323-0c303da57abc,2,5283.426555
2026/02/04/14:53:00,running-time,rs-002948-lnghl,e004a1e7-76c2-4e26-9e18-95a18cacdbbf,1,5283.426555
2026/02/04/14:53:00,running-time,rs-002953-tn7bh,4d74dd9d-55c4-42e5-b4f1-291fe709d910,3,5283.426555
2026/02/04/14:53:00,apply-time,rs-002960-n8rx6,0ec55d16-a3f8-46ed-8916-776a145e360b,4,5283.426555
2026/02/04/14:53:00,apply-time,rs-002960-t485n,c9a54e60-1bdb-4e22-a396-eeaa2bac52a2,4,5283.426555
2026/02/04/14:53:00,apply-time,rs-002961-4nlh2,5baa4db7-90bd-4ecb-81c3-50f8df33991b,1,5283.426555
2026/02/04/14:53:00,apply-time,rs-002961-ffx8t,bdd572ec-87fa-4468-8fcf-461b1ec2ab02,1,5283.426555
2026/02/04/14:53:00,apply-time,rs-002962-p2fh2,95ebd365-7f3b-4694-97fd-7d5e2cf4a742,2,5283.426555
2026/02/04/14:53:00,apply-time,rs-002963-b4lhc,36ad1866-c1b3-48d0-842b-7bc8db13c3ec,3,5283.426555
2026/02/04/14:53:00,apply-time,rs-002964-f2lzt,9604252d-c014-42df-941f-0eca4268b934,3,5283.426555
2026/02/04/14:53:00,apply-time,rs-002966-7m7cz,edfbec84-bf43-4586-9521-e60f929f6582,1,5283.426555
2026/02/04/14:53:00,apply-time,rs-002966-8j5bj,022d9a80-b399-469d-a1dc-d4ec99ccce0d,1,5284.426555
2026/02/04/14:53:00,apply-time,rs-002967-nwmzw,3119dd7d-d7a6-4d28-be9b-fd6430da4b92,2,5284.426555
2026/02/04/14:53:00,apply-time,rs-002968-tq7sp,854aaf0d-db46-4e22-b6ac-40164a83af99,1,5284.426555
2026/02/04/14:53:01,running-time,rs-002960-n8rx6,0ec55d16-a3f8-46ed-8916-776a145e360b,4,5284.426555
2026/02/04/14:53:01,running-time,rs-002964-f2lzt,9604252d-c014-42df-941f-0eca4268b934,3,5284.426555
2026/02/04/14:53:01,apply-time,rs-002964-f65lj,3e4a24aa-dc9a-4fbc-b758-6c76191780d4,3,5284.426555
2026/02/04/14:53:01,apply-time,rs-002964-zcw74,bd6dba87-0186-4cf0-8d93-f3e2582ca268,3,5284.426555
2026/02/04/14:53:01,running-time,rs-002966-7m7cz,edfbec84-bf43-4586-9521-e60f929f6582,1,5284.426555
2026/02/04/14:53:01,running-time,rs-002967-nwmzw,3119dd7d-d7a6-4d28-be9b-fd6430da4b92,2,5284.426555
2026/02/04/14:53:01,apply-time,rs-002968-wsq76,97ed268f-25ff-4169-9147-143cb7deb269,1,5284.426555
2026/02/04/14:53:02,apply-time,rs-002969-444mj,11e9d421-a272-4e38-bb7c-51133020149c,3,5285.426555
2026/02/04/14:53:02,apply-time,rs-002969-5f7vd,bebde5ca-f3d8-4778-9036-6a8e0be5e8a9,3,5285.426555
2026/02/04/14:53:02,apply-time,rs-002969-dzpcp,1553239d-8854-4cc5-bef3-ff53ed7fc722,3,5285.426555
2026/02/04/14:53:02,apply-time,rs-002971-85pfr,ca1ae73b-f270-400f-9c6f-10bb864ac201,3,5285.426555
2026/02/04/14:53:02,apply-time,rs-002971-b7l7k,fd6bb479-4091-40d3-ba80-a076f1a09a6c,3,5285.426555
2026/02/04/14:53:02,running-time,rs-002971-b7l7k,fd6bb479-4091-40d3-ba80-a076f1a09a6c,3,5285.426555
2026/02/04/14:53:02,apply-time,rs-002971-mlcrd,3b94b580-96cd-4e34-834e-665246e497a9,3,5285.426555
2026/02/04/14:53:02,apply-time,rs-002972-9f5jr,7003e987-f554-4dcb-a3db-6231a2fd645b,3,5285.426555
2026/02/04/14:53:02,running-time,rs-002972-9f5jr,7003e987-f554-4dcb-a3db-6231a2fd645b,3,5285.426555
2026/02/04/14:53:02,apply-time,rs-002972-nb6dk,54cb9d44-4f83-40c3-bf8e-d0192b9d2a93,3,5285.426555
2026/02/04/14:53:02,running-time,rs-002972-nb6dk,54cb9d44-4f83-40c3-bf8e-d0192b9d2a93,3,5286.426555
2026/02/04/14:53:02,apply-time,rs-002972-tmlpl,4ce50cc8-516a-4668-b751-414285dc97bc,3,5285.426555
2026/02/04/14:53:02,running-time,rs-002972-tmlpl,4ce50cc8-516a-4668-b751-414285dc97bc,3,5285.426555
2026/02/04/14:53:03,running-time,rs-002964-f65lj,3e4a24aa-dc9a-4fbc-b758-6c76191780d4,3,5286.426555
2026/02/04/14:53:03,apply-time,rs-002973-x995k,a80bd694-1e49-45cf-9d5c-dea9b0183d7d,3,5286.426555
2026/02/04/14:53:03,apply-time,rs-002974-8hk6q,250f2254-9688-4249-99ec-b162a65dda16,1,5286.426555
2026/02/04/14:53:03,apply-time,rs-002974-ftl5n,5b460f3f-ef09-456c-9e97-a0eaabacd29c,1,5286.426555
2026/02/04/14:53:03,apply-time,rs-002974-ppw2m,d21a010e-f737-4bcf-8a08-1b44e2bc6d4b,1,5286.426555
2026/02/04/14:53:03,apply-time,rs-002975-bqgbv,20813cb2-1856-4d28-a69c-01bf6f333074,3,5287.426555
2026/02/04/14:53:03,apply-time,rs-002975-cdq2c,a35c2ada-a188-4347-b6bb-4572d8c3c27f,3,5286.426555
2026/02/04/14:53:03,apply-time,rs-002976-6mk5p,2b6d287d-819f-46fc-9183-047f26a60550,2,5286.426555
2026/02/04/14:53:03,apply-time,rs-002976-fdnbg,2918fdf5-89c8-4a39-a738-6d7eb2453f66,2,5287.426555
2026/02/04/14:53:03,apply-time,rs-002977-kbksh,affba46d-d50a-4b78-bb64-f12c36955efc,4,5287.426555
2026/02/04/14:53:04,apply-time,rs-002977-26zvg,4776b29e-beeb-4090-9f6d-c32ba1265d49,4,5287.426555
2026/02/04/14:53:04,apply-time,rs-002977-5m8pw,70130c27-d58a-4923-b8ce-b73c77c18fcf,4,5287.426555
2026/02/04/14:53:04,apply-time,rs-002978-657p2,2de03d19-514a-43c0-841b-888c983a7f10,4,5287.426555
2026/02/04/14:53:04,apply-time,rs-002979-5z5vs,e795e036-2973-4813-8a7f-1770506f38ba,4,5287.426555
2026/02/04/14:53:04,apply-time,rs-002979-hhqs5,9e95373b-f738-49b9-acde-d7b2e8125026,4,5288.426555
2026/02/04/14:53:04,apply-time,rs-002979-jsk8b,2dc36c86-a0bf-4094-a9c3-43f7dd10f275,4,5288.426555
2026/02/04/14:53:04,apply-time,rs-002980-2lvjn,231e3987-e407-425a-b5b3-42e1f185332a,2,5288.426555
2026/02/04/14:53:04,apply-time,rs-002980-nmtsd,fea4e9f0-c285-4373-8a18-dc366557f945,2,5287.426555
2026/02/04/14:53:04,apply-time,rs-002981-kfsqb,e97a1bed-2ff4-4605-a2e1-826ab22a9b42,2,5287.426555
2026/02/04/14:53:04,apply-time,rs-002982-snmv9,d375945c-76af-43a6-8d61-9aaed2273d0c,4,5288.426555
2026/02/04/14:53:05,running-time,rs-002951-p266j,484cbd70-bb63-4e77-bbe9-c96ad44d3f1f,1,5288.426555
2026/02/04/14:53:05,apply-time,rs-002981-g2mn6,0682aeed-07d3-416b-b73f-a170da1aae47,2,5288.426555
2026/02/04/14:53:05,apply-time,rs-002981-q9wcx,36bef49f-3f28-4149-b7d2-32c8ee7277eb,2,5288.426555
2026/02/04/14:53:05,apply-time,rs-002982-pnbjl,c7ac6652-2d73-4f6c-a711-69d8e56a40f9,4,5288.426555
2026/02/04/14:53:05,apply-time,rs-002982-whtrk,6d2f70e7-f01f-4c54-a9aa-626e8231cfed,4,5288.426555
2026/02/04/14:53:05,running-time,rs-002982-whtrk,6d2f70e7-f01f-4c54-a9aa-626e8231cfed,4,5288.426555
2026/02/04/14:53:05,apply-time,rs-002983-gkcsj,bdf35ec3-a190-40de-89e0-b9e049dba634,3,5288.426555
2026/02/04/14:53:05,apply-time,rs-002984-s4dbc,3bcd928e-a9d7-4751-96be-b0c74c3ceb48,2,5288.426555
2026/02/04/14:53:06,running-time,rs-002943-vc6hj,2092384a-e4c1-4070-8f70-bc255c6ce670,3,5290.426555
2026/02/04/14:53:06,running-time,rs-002951-c6vtk,8fa456d4-ae22-4736-9d7d-f693b2dc7374,1,5289.426555
2026/02/04/14:53:06,running-time,rs-002981-g2mn6,0682aeed-07d3-416b-b73f-a170da1aae47,2,5289.426555
2026/02/04/14:53:06,running-time,rs-002981-kfsqb,e97a1bed-2ff4-4605-a2e1-826ab22a9b42,2,5289.426555
2026/02/04/14:53:07,running-time,rs-002935-df2xg,ebdc6b54-ff88-4b4c-97c5-537a90c3022b,4,5290.426555
2026/02/04/14:53:07,running-time,rs-002964-zcw74,bd6dba87-0186-4cf0-8d93-f3e2582ca268,3,5291.426555
2026/02/04/14:53:08,running-time,rs-002973-x995k,a80bd694-1e49-45cf-9d5c-dea9b0183d7d,3,5291.426555
2026/02/04/14:53:08,running-time,rs-002981-q9wcx,36bef49f-3f28-4149-b7d2-32c8ee7277eb,2,5291.426555
2026/02/04/14:53:10,running-time,rs-002937-5hq6g,a5c4feb7-9df1-4519-9fdd-8d17f2757c29,2,5293.426555
2026/02/04/14:53:10,running-time,rs-002976-6mk5p,2b6d287d-819f-46fc-9183-047f26a60550,2,5293.426555
2026/02/04/14:53:12,apply-time,rs-002985-f589n,7fe6eb07-1ff7-4afc-8b4a-82d0f4592e54,3,5295.426555
2026/02/04/14:53:12,apply-time,rs-002985-v8c9n,37480e11-ab43-49ad-be7d-f397ea91f32a,3,5295.426555
2026/02/04/14:53:13,apply-time,rs-002986-72wqg,dd26cfb7-c48a-4cd8-95d0-e2e7cb45101b,2,5296.426555
2026/02/04/14:53:13,running-time,rs-002986-72wqg,dd26cfb7-c48a-4cd8-95d0-e2e7cb45101b,2,5296.426555
2026/02/04/14:53:13,apply-time,rs-002987-bpnjd,d076dfc8-9566-43a3-ae55-3b5009c76b04,1,5296.426555
2026/02/04/14:53:13,apply-time,rs-002987-fhf2s,fbe1ba7b-2940-440b-9fb2-bb759d3ff558,1,5296.426555
2026/02/04/14:53:13,running-time,rs-002987-fhf2s,fbe1ba7b-2940-440b-9fb2-bb759d3ff558,1,5296.426555
2026/02/04/14:53:13,apply-time,rs-002988-8h4zg,adfdb3de-a66b-45a2-aedb-6821fdcda15a,4,5296.426555
2026/02/04/14:53:13,apply-time,rs-002988-hxvgp,fdde3074-aa83-4a3e-a251-f34092b16576,4,5296.426555
2026/02/04/14:53:13,apply-time,rs-002988-srkvp,e488f675-2578-461d-9d10-2a8d4fee90a9,4,5296.426555
2026/02/04/14:53:13,apply-time,rs-002989-5hntc,bc922b22-6849-41ab-a749-f820b368dbdb,4,5296.426555
2026/02/04/14:53:13,apply-time,rs-002989-5srj5,bcc98b7d-353a-4e4d-bc06-0df03626390f,4,5296.426555
2026/02/04/14:53:13,apply-time,rs-002989-vvh49,7220f4c3-d2b8-4c75-85eb-51d08cbe1b82,4,5296.426555
2026/02/04/14:53:13,apply-time,rs-002990-btj67,80549876-6190-4ac1-9110-6e061cb72b19,1,5296.426555
2026/02/04/14:53:13,running-time,rs-002990-btj67,80549876-6190-4ac1-9110-6e061cb72b19,1,5296.426555
2026/02/04/14:53:13,apply-time,rs-002991-49tpt,d708fcfb-f180-4b08-9fa5-1459e1a0cbfb,1,5296.426555
2026/02/04/14:53:13,apply-time,rs-002991-pdmlc,e3868f8f-be19-4307-8bff-45038664bfec,1,5296.426555
2026/02/04/14:53:14,apply-time,rs-002992-pt9lb,eb46468f-1974-49c5-aec3-29547c5c62a2,1,5298.426555
2026/02/04/14:53:14,apply-time,rs-002992-tj5gx,80b1d612-0034-418c-bad3-3d81ab4ac364,1,5298.426555
2026/02/04/14:53:16,running-time,rs-002992-tj5gx,80b1d612-0034-418c-bad3-3d81ab4ac364,1,5299.426555
2026/02/04/14:53:17,running-time,rs-002937-b562g,d2ad32e1-96b1-406e-a9e5-f3c2684b1e96,2,5300.426555
2026/02/04/14:53:20,apply-time,rs-002993-zjmcm,c0d657e7-4f7c-45ea-a32f-703fbc32ba88,3,5303.426555
2026/02/04/14:53:20,running-time,rs-002993-zjmcm,c0d657e7-4f7c-45ea-a32f-703fbc32ba88,3,5303.426555
2026/02/04/14:53:20,apply-time,rs-002994-pxskc,32523081-6c6d-47ba-8be3-2610340f7028,4,5304.426555
2026/02/04/14:53:22,apply-time,rs-002995-kglmp,de62ad9c-3508-4fdd-8966-783c77c3e44f,3,5305.426555
2026/02/04/14:53:22,apply-time,rs-002996-bhqwt,ba6b5b2c-9be0-4e26-847f-752c2d1330bf,2,5305.426555
2026/02/04/14:53:22,running-time,rs-002996-bhqwt,ba6b5b2c-9be0-4e26-847f-752c2d1330bf,2,5305.426555
2026/02/04/14:53:22,apply-time,rs-002996-dw65r,88f6de51-329d-4e43-8396-bd3b1cbac99c,2,5305.426555
2026/02/04/14:53:22,apply-time,rs-002996-n8hbd,3067dea4-1ca6-4141-a62e-e6777dfb3a91,2,5305.426555
2026/02/04/14:53:22,running-time,rs-002996-n8hbd,3067dea4-1ca6-4141-a62e-e6777dfb3a91,2,5305.426555
2026/02/04/14:53:22,apply-time,rs-002997-g2glb,314447e8-9d65-449b-ac1f-ced6157d1ce8,1,5305.426555
2026/02/04/14:53:22,apply-time,rs-002997-zfcr5,687cde2e-c9ea-4e10-b0b1-2022d59c2199,1,5305.426555
2026/02/04/14:53:25,running-time,rs-002995-kglmp,de62ad9c-3508-4fdd-8966-783c77c3e44f,3,5308.426555
2026/02/04/14:53:27,running-time,rs-002935-twkpv,2ed23425-e698-461d-95d0-2303f4f8d9d8,4,5310.426555
2026/02/04/14:53:27,running-time,rs-002996-dw65r,88f6de51-329d-4e43-8396-bd3b1cbac99c,2,5310.426555
2026/02/04/14:53:32,apply-time,rs-002998-hrb9w,fb36dd81-49f4-4f66-8016-b4fc4c3da57b,1,5316.426555
2026/02/04/14:53:32,running-time,rs-002998-hrb9w,fb36dd81-49f4-4f66-8016-b4fc4c3da57b,1,5316.426555
2026/02/04/14:53:32,apply-time,rs-002999-j7tc4,b56c51ea-bf06-49a9-a137-675c24747566,4,5316.426555
2026/02/04/14:53:32,apply-time,rs-002999-n7lh7,ed505ace-c055-4c0d-9029-fd82033a5ba8,4,5316.426555
2026/02/04/14:53:32,apply-time,rs-002999-rw8fn,520b2f1c-4bad-4110-84c9-904bc3d0f1d4,4,5316.426555
2026/02/04/14:53:34,apply-time,rs-003000-2v6nz,4f96e899-cc07-4f4b-be6e-62f89946b79f,1,5317.426555
2026/02/04/14:53:34,apply-time,rs-003001-m9cg4,b94805cc-e3f5-4b22-871a-be2e2ade5fac,1,5317.426555
2026/02/04/14:53:34,apply-time,rs-003002-5s9sl,f6dace37-5622-4a88-8238-b006b0859060,3,5317.426555
2026/02/04/14:53:34,apply-time,rs-003002-bg48s,a6d5833a-2d9a-447f-b153-3e17ffc5ee72,3,5317.426555
2026/02/04/14:53:34,apply-time,rs-003002-pmmxc,33d58dbb-a60e-4368-93f6-88712e37d741,3,5317.426555
2026/02/04/14:53:34,apply-time,rs-003003-9w6gd,f6deacd6-df7d-4fdb-ad06-c59e5d465802,2,5317.426555
2026/02/04/14:53:34,apply-time,rs-003003-mq8sd,a34e126f-c6a5-4665-b31f-4c9c5693f9c9,2,5317.426555
2026/02/04/14:53:34,apply-time,rs-003003-vm4qf,c8a1b557-48f5-41b8-830a-526bc9298ca1,2,5317.426555
2026/02/04/14:53:34,apply-time,rs-003004-ww8d4,170d4e8a-b30d-43fd-869d-ec81a7beecc0,3,5317.426555
2026/02/04/14:53:34,running-time,rs-003004-ww8d4,170d4e8a-b30d-43fd-869d-ec81a7beecc0,3,5317.426555
2026/02/04/14:53:34,apply-time,rs-003005-8mnrw,89b10587-af32-4dd3-9471-8c6f0db8bee5,4,5317.426555
2026/02/04/14:53:34,apply-time,rs-003005-rbm8j,4a73270f-3f14-46a5-a760-27da91716bcd,4,5317.426555
2026/02/04/14:53:34,apply-time,rs-003005-v4lpw,9389935d-66b5-4cd6-8809-5fcd1eafd111,4,5317.426555
2026/02/04/14:53:35,running-time,rs-003002-pmmxc,33d58dbb-a60e-4368-93f6-88712e37d741,3,5318.426555
2026/02/04/14:53:35,apply-time,rs-003006-bm657,4fc95a69-a668-4a5d-9071-862419b7aba1,3,5318.426555
2026/02/04/14:53:35,apply-time,rs-003006-c6dr6,752858d7-7841-4193-bf6d-f3c7df57750f,3,5318.426555
2026/02/04/14:53:35,apply-time,rs-003006-z69nw,7b47750a-27a5-45e2-98fc-e46ca43d39ae,3,5318.426555
2026/02/04/14:53:35,apply-time,rs-003007-7jvjw,274664d8-3108-4603-b659-4c83d88c629f,2,5318.426555
2026/02/04/14:53:35,apply-time,rs-003007-kfb58,1f6c045a-2673-4c32-bb59-1d3da79dfa70,2,5318.426555
2026/02/04/14:53:35,apply-time,rs-003008-s4vj8,da2ab0d7-9943-490c-b268-750ba95dbe57,1,5318.426555
2026/02/04/14:53:36,apply-time,rs-003009-lbr8t,570df73e-a313-43cd-ba75-1fd3c204795a,1,5319.426555
2026/02/04/14:53:36,apply-time,rs-003010-7w7pb,4aa06cea-0246-4b18-aaa2-778576ababd7,1,5319.426555
2026/02/04/14:53:36,apply-time,rs-003010-q29jr,14a2f1b5-58b5-47c4-968c-f53be4d2b4a9,1,5319.426555
2026/02/04/14:53:38,apply-time,rs-003011-cj6xm,f084b253-be06-40b8-baf2-ceffe2ffc686,2,5321.426555
2026/02/04/14:53:38,apply-time,rs-003011-kj4gr,5b2eba9e-982c-412c-a6b5-b49caf2ef377,2,5321.426555
2026/02/04/14:53:38,apply-time,rs-003011-vxd8q,f2a28527-64ae-427a-9250-5e6933b0baa7,2,5321.426555
2026/02/04/14:53:38,apply-time,rs-003012-2cwl7,627993bc-835a-4b34-bfd6-8163c741327a,3,5321.426555
2026/02/04/14:53:40,apply-time,rs-003013-qmt4w,ccc34e37-b173-4551-8ca1-bb18a50f49e1,2,5324.426555
2026/02/04/14:53:51,running-time,rs-003000-2v6nz,4f96e899-cc07-4f4b-be6e-62f89946b79f,1,5335.426555
2026/02/04/14:53:51,apply-time,rs-003014-dcfgf,f424a16f-8dfb-4129-a810-a35d4f8d4373,3,5334.426555
2026/02/04/14:53:51,apply-time,rs-003014-ldp7b,ec70a218-1f5c-4f1c-a363-2f56f26d7e71,3,5334.426555
2026/02/04/14:53:51,apply-time,rs-003015-2trjq,2f229d57-5ae4-4552-8dd3-c3b8766e2c46,2,5334.426555
2026/02/04/14:53:51,apply-time,rs-003015-ksr46,594cc959-b2df-4c36-a366-01bc26c441fe,2,5334.426555
2026/02/04/14:53:51,apply-time,rs-003015-x5pfz,be84c105-014c-4ccf-9fb1-789b942111c1,2,5334.426555
2026/02/04/14:53:51,apply-time,rs-003016-55rdt,ba8c23e7-d920-4200-a614-63ed06d6cdef,4,5334.426555
2026/02/04/14:53:53,running-time,rs-003016-55rdt,ba8c23e7-d920-4200-a614-63ed06d6cdef,4,5336.426555
2026/02/04/14:53:56,running-time,rs-003014-dcfgf,f424a16f-8dfb-4129-a810-a35d4f8d4373,3,5339.426555
2026/02/04/14:53:57,apply-time,rs-003017-s456v,c4fcaad7-1e22-4c0f-ab80-0dfa70e27837,2,5341.426555
2026/02/04/14:53:57,apply-time,rs-003018-x29z2,b916ca5e-1178-47d3-b09d-566567d9a3a9,3,5341.426555
2026/02/04/14:53:57,apply-time,rs-003019-fllhh,961b0002-a933-41e0-b546-908eba84a074,3,5341.426555
2026/02/04/14:53:57,apply-time,rs-003019-mw4j5,3fecf279-e793-4e27-b33d-0668e8f81ee4,3,5341.426555
2026/02/04/14:53:57,apply-time,rs-003019-sx8z8,35407a5e-652c-4e73-a95e-1322416d764c,3,5341.426555
2026/02/04/14:53:57,apply-time,rs-003020-4qtfc,2b4202ac-50e2-4811-a953-49d46fe77446,4,5341.426555
2026/02/04/14:53:57,apply-time,rs-003021-7zk5n,388429da-69b8-4567-8a89-d944fdac3a5d,1,5341.426555
2026/02/04/14:53:57,apply-time,rs-003021-czlrk,a55508fd-32fe-4d7e-b7f6-30a93d745a70,1,5341.426555
2026/02/04/14:53:57,apply-time,rs-003021-zh87z,fcfdcc68-5f64-4918-b1ce-a5ac42037f95,1,5341.426555
2026/02/04/14:53:58,apply-time,rs-003022-8msp9,f7482f02-0851-4588-add0-68eef864f06f,1,5341.426555
2026/02/04/14:53:58,apply-time,rs-003022-vwnsc,7924c618-2f43-45d8-bf29-146be05ff0a7,1,5341.426555
2026/02/04/14:53:58,apply-time,rs-003023-c8mww,6ca51cab-5c06-4ac0-9755-0b2d1b3e5913,2,5341.426555
2026/02/04/14:53:58,apply-time,rs-003023-mmjsv,049e8d7d-08d2-45a8-b7e0-e4f3a58c70b4,2,5341.426555
2026/02/04/14:53:58,apply-time,rs-003023-zgcs7,4e72c9c0-058d-4d6a-b6e8-e13b3d373c75,2,5341.426555
2026/02/04/14:53:58,apply-time,rs-003024-lg4jd,a35246ba-2cd4-4fa3-b5aa-e2488a7c83bf,4,5341.426555
2026/02/04/14:53:58,apply-time,rs-003025-spl27,3f6ee673-503c-4e87-baa4-e0d70ebafb4e,2,5341.426555
2026/02/04/14:53:58,apply-time,rs-003026-ndp22,40eacfac-87c1-4615-acfa-a54b0a25c074,4,5342.426555
2026/02/04/14:53:58,apply-time,rs-003026-rc47x,072100ea-5d72-44c1-bb09-ef8aff8d329a,4,5341.426555
2026/02/04/14:54:04,apply-time,rs-003027-bkpgl,d8288c71-6929-438c-af97-a6cdf1560d0c,1,5348.426555
2026/02/04/14:54:04,apply-time,rs-003027-xp8g8,eaeb5e91-5681-4502-8ce5-27ef74ac72d2,1,5348.426555
2026/02/04/14:54:04,apply-time,rs-003027-xxmrs,ea97afb9-6304-472b-a25e-9adbf9965d44,1,5348.426555
2026/02/04/14:54:12,running-time,rs-003023-mmjsv,049e8d7d-08d2-45a8-b7e0-e4f3a58c70b4,2,5356.426555
2026/02/04/14:54:12,running-time,rs-003023-zgcs7,4e72c9c0-058d-4d6a-b6e8-e13b3d373c75,2,5356.426555
2026/02/04/14:54:15,apply-time,rs-003028-9ltn2,7c6fde4c-890b-469a-b857-ed03dc4812c3,2,5359.426555
2026/02/04/14:54:15,apply-time,rs-003028-hnfjk,bf4938ce-bef6-4a48-a5db-c21784e3a235,2,5359.426555
2026/02/04/14:54:15,apply-time,rs-003029-b95qd,5e6f2a6f-34aa-4105-8534-42f9be426af6,1,5359.426555
2026/02/04/14:54:15,apply-time,rs-003029-gjsjb,97745482-36e9-44bd-8129-b97fda168521,1,5359.426555
2026/02/04/14:54:15,apply-time,rs-003030-gqfnc,8d4381a0-b495-4807-b8de-d27b1f81da72,4,5359.426555
2026/02/04/14:54:15,apply-time,rs-003030-rjtmv,1edade0b-04d5-45cd-9f0f-e0b9c7e40dcf,4,5359.426555
2026/02/04/14:54:20,running-time,rs-003014-ldp7b,ec70a218-1f5c-4f1c-a363-2f56f26d7e71,3,5364.426555
2026/02/04/14:54:20,running-time,rs-003021-7zk5n,388429da-69b8-4567-8a89-d944fdac3a5d,1,5364.426555
2026/02/04/14:54:20,running-time,rs-003021-czlrk,a55508fd-32fe-4d7e-b7f6-30a93d745a70,1,5364.426555
2026/02/04/14:54:20,running-time,rs-003023-c8mww,6ca51cab-5c06-4ac0-9755-0b2d1b3e5913,2,5364.426555
2026/02/04/14:54:31,running-time,rs-002909-b2mzn,d5c4f42c-927d-447e-9b60-fd135bc9855d,1,5375.426555
2026/02/04/14:54:31,running-time,rs-003009-lbr8t,570df73e-a313-43cd-ba75-1fd3c204795a,1,5375.426555
2026/02/04/14:54:36,apply-time,rs-003031-p4kvj,a0181757-5fc5-4640-9507-b843cb622b24,3,5380.426555
2026/02/04/14:54:36,running-time,rs-003031-p4kvj,a0181757-5fc5-4640-9507-b843cb622b24,3,5380.426555
2026/02/04/14:54:39,apply-time,rs-003032-69wss,6f1d055a-d3c4-4251-9fb0-6202f69ca43c,4,5383.426555
2026/02/04/14:54:39,apply-time,rs-003032-95t79,7c2aa4d7-b6ee-4371-8802-ed907a8b3a0d,4,5383.426555
2026/02/04/14:54:39,apply-time,rs-003032-9ccxh,2ca09fb7-4d5a-4400-bb9b-9ffc90d5bebc,4,5383.426555
2026/02/04/14:54:40,apply-time,rs-003033-hc4tp,caa50132-cad9-475a-a3f8-24df19630c2b,2,5385.426555
2026/02/04/14:54:40,apply-time,rs-003033-pwx5h,20979345-7337-4c4e-90d0-79845fe532b6,2,5385.426555
2026/02/04/14:54:41,running-time,rs-003033-hc4tp,caa50132-cad9-475a-a3f8-24df19630c2b,2,5385.426555
2026/02/04/14:54:41,running-time,rs-003033-pwx5h,20979345-7337-4c4e-90d0-79845fe532b6,2,5385.426555
2026/02/04/14:54:41,apply-time,rs-003034-2x8fd,97f36704-6d07-49cc-af54-8dc103ac3d3a,4,5385.426555
2026/02/04/14:54:41,running-time,rs-003034-2x8fd,97f36704-6d07-49cc-af54-8dc103ac3d3a,4,5385.426555
2026/02/04/14:54:41,apply-time,rs-003034-dslh6,aae7037d-63cb-4f97-808c-1c916b4fa3e7,4,5385.426555
2026/02/04/14:54:43,running-time,rs-003034-dslh6,aae7037d-63cb-4f97-808c-1c916b4fa3e7,4,5387.426555
2026/02/04/14:54:44,apply-time,rs-003035-rvxhn,233b069b-a0e0-4e29-9b14-2bf43acd1999,4,5388.426555
2026/02/04/14:54:44,running-time,rs-003035-rvxhn,233b069b-a0e0-4e29-9b14-2bf43acd1999,4,5388.426555
2026/02/04/14:54:44,apply-time,rs-003036-2m5xl,c3ce75e7-50a2-4035-94d8-553901e0579e,1,5388.426555
2026/02/04/14:54:44,apply-time,rs-003036-bhgkc,a4d2cbfa-4704-4cbd-ae1f-71b6cd4c3ba9,1,5388.426555
2026/02/04/14:54:46,running-time,rs-002968-tq7sp,854aaf0d-db46-4e22-b6ac-40164a83af99,1,5390.426555
2026/02/04/14:54:51,running-time,rs-003036-bhgkc,a4d2cbfa-4704-4cbd-ae1f-71b6cd4c3ba9,1,5395.426555
2026/02/04/14:54:58,apply-time,rs-002744-6hfnm,95e076eb-862b-4eea-af18-3a50dea3b803,1,5401.426555
2026/02/04/14:54:58,running-time,rs-002744-6hfnm,95e076eb-862b-4eea-af18-3a50dea3b803,1,5401.426555
2026/02/04/14:54:58,apply-time,rs-002951-8fzff,6fd8cf4f-1a83-49e9-8d69-2a38d87f8471,1,5401.426555
2026/02/04/14:54:58,running-time,rs-002951-8fzff,6fd8cf4f-1a83-49e9-8d69-2a38d87f8471,1,5401.426555
2026/02/04/14:54:58,running-time,rs-002968-wsq76,97ed268f-25ff-4169-9147-143cb7deb269,1,5401.426555
2026/02/04/14:54:58,running-time,rs-003036-2m5xl,c3ce75e7-50a2-4035-94d8-553901e0579e,1,5401.426555
2026/02/04/14:54:58,apply-time,rs-003037-hm8jm,af52a905-f354-4dad-bcb4-e9eb4a8e53cc,1,5401.426555
2026/02/04/14:54:58,apply-time,rs-003038-h2b4p,cbd65a97-87d5-47f5-8479-607ac85c13d7,1,5401.426555
2026/02/04/14:54:59,running-time,rs-003037-hm8jm,af52a905-f354-4dad-bcb4-e9eb4a8e53cc,1,5403.426555
2026/02/04/14:54:59,apply-time,rs-003039-8458b,323bba3b-32ba-4f3f-a782-9dd77b0de942,1,5402.426555
2026/02/04/14:54:59,running-time,rs-003039-8458b,323bba3b-32ba-4f3f-a782-9dd77b0de942,1,5402.426555
2026/02/04/14:54:59,apply-time,rs-003039-8zpz7,dd429163-f998-4e5f-b9e1-13941c96cad9,1,5402.426555
2026/02/04/14:54:59,running-time,rs-003039-8zpz7,dd429163-f998-4e5f-b9e1-13941c96cad9,1,5402.426555
2026/02/04/14:54:59,apply-time,rs-003039-rwh4n,ff988cba-b330-4f7f-96c4-3ab25e400b43,1,5402.426555
2026/02/04/14:54:59,running-time,rs-003039-rwh4n,ff988cba-b330-4f7f-96c4-3ab25e400b43,1,5402.426555
2026/02/04/14:54:59,apply-time,rs-003040-c46jh,0fb09232-cf0d-4bca-afcc-31a4fda265b0,1,5402.426555
2026/02/04/14:54:59,apply-time,rs-003040-fq6b7,ef638a0a-1ef8-4a92-be11-cf2e61147de3,1,5402.426555
2026/02/04/14:54:59,apply-time,rs-003041-kz2nb,46810f90-499b-425f-824e-d494834850eb,1,5402.426555
2026/02/04/14:54:59,apply-time,rs-003041-xhmhv,9e4a163b-130d-4841-bdb4-71f4f0a1fb2d,1,5402.426555
2026/02/04/14:54:59,apply-time,rs-003042-chcbl,6cd77bc7-a077-487b-88a7-b0e7b1411773,4,5402.426555
2026/02/04/14:54:59,apply-time,rs-003042-cljxd,0092e276-1931-49e0-98da-9097f63d1553,4,5402.426555
2026/02/04/14:54:59,apply-time,rs-003043-rphfx,8fb9a2a9-ece7-43a1-bd83-fb0ad95cad41,2,5403.426555
2026/02/04/14:54:59,running-time,rs-003043-rphfx,8fb9a2a9-ece7-43a1-bd83-fb0ad95cad41,2,5403.426555
2026/02/04/14:54:59,apply-time,rs-003044-l5992,b2ba764a-5d15-40ab-89a8-10c8b5459942,1,5403.426555
2026/02/04/14:54:59,apply-time,rs-003045-jldgw,b8e244d1-9e4c-4844-a4ef-44d001404a1b,4,5403.426555
2026/02/04/14:55:00,running-time,rs-003041-xhmhv,9e4a163b-130d-4841-bdb4-71f4f0a1fb2d,1,5403.426555
2026/02/04/14:55:00,apply-time,rs-003043-kllzw,07e19f08-c1fd-4ccc-a5f0-a4915903be79,2,5403.426555
2026/02/04/14:55:00,running-time,rs-003043-kllzw,07e19f08-c1fd-4ccc-a5f0-a4915903be79,2,5403.426555
2026/02/04/14:55:00,running-time,rs-003044-l5992,b2ba764a-5d15-40ab-89a8-10c8b5459942,1,5403.426555
2026/02/04/14:55:01,running-time,rs-003040-fq6b7,ef638a0a-1ef8-4a92-be11-cf2e61147de3,1,5404.426555
2026/02/04/14:55:01,running-time,rs-003042-cljxd,0092e276-1931-49e0-98da-9097f63d1553,4,5404.426555
2026/02/04/14:55:02,running-time,rs-003042-chcbl,6cd77bc7-a077-487b-88a7-b0e7b1411773,4,5405.426555
2026/02/04/14:55:02,apply-time,rs-003046-hzmlk,769b748b-8e04-4f89-85a5-204b03f9ac40,1,5406.426555
2026/02/04/14:55:02,apply-time,rs-003046-rgwj8,40c36a7b-a3f2-45d0-968d-3f04bd8cc868,1,5406.426555
2026/02/04/14:55:02,apply-time,rs-003047-2lvns,b3e244c1-9f9f-4139-a8f6-4664b76482b6,1,5406.426555
2026/02/04/14:55:02,running-time,rs-003047-2lvns,b3e244c1-9f9f-4139-a8f6-4664b76482b6,1,5406.426555
2026/02/04/14:55:02,apply-time,rs-003047-99k49,2779e25a-3124-4ef3-a39a-3f389179b233,1,5406.426555
2026/02/04/14:55:02,apply-time,rs-003047-w2kf9,f898fac1-d7e1-4408-9c73-14a30e4768b8,1,5406.426555
2026/02/04/14:55:17,apply-time,rs-003048-jwtf2,f4530bd5-ae06-49ed-bb0a-452674669351,1,5420.426555
2026/02/04/14:55:17,running-time,rs-003048-jwtf2,f4530bd5-ae06-49ed-bb0a-452674669351,1,5420.426555
2026/02/04/14:55:17,apply-time,rs-003049-65wdt,c28d89e9-bb58-4221-a476-2a0b9f011266,1,5420.426555
2026/02/04/14:55:17,running-time,rs-003049-65wdt,c28d89e9-bb58-4221-a476-2a0b9f011266,1,5420.426555
2026/02/04/14:55:17,apply-time,rs-003049-drn5z,05f41940-6b07-4ab9-a068-0940a65157a1,1,5420.426555
2026/02/04/14:55:17,running-time,rs-003049-drn5z,05f41940-6b07-4ab9-a068-0940a65157a1,1,5420.426555
2026/02/04/14:55:17,apply-time,rs-003049-pwf94,f5b1fe98-2217-4d8e-8d2c-0f106937451d,1,5420.426555
2026/02/04/14:55:17,running-time,rs-003049-pwf94,f5b1fe98-2217-4d8e-8d2c-0f106937451d,1,5420.426555
2026/02/04/14:55:18,apply-time,rs-003009-65t7r,3ec95b18-657b-4619-9c00-8087613360ef,1,5421.426555
2026/02/04/14:55:18,running-time,rs-003009-65t7r,3ec95b18-657b-4619-9c00-8087613360ef,1,5421.426555
2026/02/04/14:55:27,apply-time,rs-003050-5hwm7,7c3102cc-d739-400a-9a61-81a59072feda,1,5430.426555
2026/02/04/14:55:27,running-time,rs-003050-5hwm7,7c3102cc-d739-400a-9a61-81a59072feda,1,5430.426555
2026/02/04/14:55:27,apply-time,rs-003050-7vfn6,dd3d5345-5e5b-42b3-8d21-ffafdf45d133,1,5430.426555
2026/02/04/14:55:27,running-time,rs-003050-7vfn6,dd3d5345-5e5b-42b3-8d21-ffafdf45d133,1,5431.426555
2026/02/04/14:55:27,apply-time,rs-003050-scp2b,c0ce5477-56c0-4ad7-94ae-0b7706c1ea1f,1,5430.426555
2026/02/04/14:55:28,apply-time,rs-003051-hnkfb,0701f94b-5c6c-4b50-b9c3-2ac6a2d67318,3,5432.426555
2026/02/04/14:55:28,running-time,rs-003051-hnkfb,0701f94b-5c6c-4b50-b9c3-2ac6a2d67318,3,5432.426555
2026/02/04/14:55:28,apply-time,rs-003052-msp7f,0622138e-370a-41f2-a647-47ca038e51e3,3,5432.426555
2026/02/04/14:55:28,apply-time,rs-003053-wfz68,4ba5eeb8-930b-4b55-b068-7792a72b6d02,2,5432.426555
2026/02/04/14:55:29,running-time,rs-003052-msp7f,0622138e-370a-41f2-a647-47ca038e51e3,3,5432.426555
2026/02/04/14:55:31,running-time,rs-003050-scp2b,c0ce5477-56c0-4ad7-94ae-0b7706c1ea1f,1,5434.426555
2026/02/04/14:55:36,apply-time,rs-003054-nnxhn,f21ca73e-60fd-4430-87b9-0d2fc5605be3,3,5439.426555
2026/02/04/14:55:36,running-time,rs-003054-nnxhn,f21ca73e-60fd-4430-87b9-0d2fc5605be3,3,5439.426555
2026/02/04/14:55:36,apply-time,rs-003054-qkz7l,78f8bbfc-0f37-4a03-b96d-dd42d512147b,3,5439.426555
2026/02/04/14:55:36,running-time,rs-003054-qkz7l,78f8bbfc-0f37-4a03-b96d-dd42d512147b,3,5439.426555
2026/02/04/14:55:36,apply-time,rs-003054-xn8g9,0091f869-02af-49c2-8a53-ee342c156f57,3,5439.426555
2026/02/04/14:55:36,apply-time,rs-003055-5zzzh,f9a03e6a-0b09-4522-8daa-98b92192e87a,2,5439.426555
2026/02/04/14:55:36,running-time,rs-003055-5zzzh,f9a03e6a-0b09-4522-8daa-98b92192e87a,2,5439.426555
2026/02/04/14:55:36,apply-time,rs-003055-gq5lw,5656b695-8bb9-4eb7-be4a-e0bcfa7dfe73,2,5439.426555
2026/02/04/14:55:36,running-time,rs-003055-gq5lw,5656b695-8bb9-4eb7-be4a-e0bcfa7dfe73,2,5439.426555
2026/02/04/14:55:36,apply-time,rs-003056-gbf54,518eedcf-5921-4df4-a6a5-5db0f611b2be,2,5439.426555
2026/02/04/14:55:36,running-time,rs-003056-gbf54,518eedcf-5921-4df4-a6a5-5db0f611b2be,2,5439.426555
2026/02/04/14:55:36,apply-time,rs-003056-jhp2n,198d05eb-a0d1-4ef1-8650-3b676a67570e,2,5439.426555
2026/02/04/14:55:36,apply-time,rs-003057-q22ht,ddb7fe5c-c84a-4c49-8218-562b2885da42,3,5439.426555
2026/02/04/14:55:36,running-time,rs-003057-q22ht,ddb7fe5c-c84a-4c49-8218-562b2885da42,3,5439.426555
2026/02/04/14:55:41,running-time,rs-003054-xn8g9,0091f869-02af-49c2-8a53-ee342c156f57,3,5445.426555
2026/02/04/14:55:42,apply-time,rs-003058-mrtng,9a930f26-fe33-40cf-b49a-3c20d50122e0,3,5445.426555
2026/02/04/14:55:42,running-time,rs-003058-mrtng,9a930f26-fe33-40cf-b49a-3c20d50122e0,3,5445.426555
2026/02/04/14:55:42,apply-time,rs-003058-xmpd5,899ad4db-9723-4ce1-aad6-19331d851877,3,5445.426555
2026/02/04/14:55:42,running-time,rs-003058-xmpd5,899ad4db-9723-4ce1-aad6-19331d851877,3,5445.426555
2026/02/04/14:55:42,apply-time,rs-003059-4h5m6,1f9d821b-cf64-4cc1-b980-f274c41ba294,1,5446.426555
2026/02/04/14:55:42,apply-time,rs-003059-d5sbq,fc6b0f7a-e52a-46f2-bae1-84e945019613,1,5446.426555
2026/02/04/14:55:42,apply-time,rs-003059-w7q29,a5e0d8dd-b38e-4eef-95d7-9eab3b4855fa,1,5446.426555
2026/02/04/14:55:47,apply-time,rs-003060-x26wj,dd148982-fca1-450b-b8be-4aa004d1a446,1,5450.426555
2026/02/04/14:55:47,running-time,rs-003060-x26wj,dd148982-fca1-450b-b8be-4aa004d1a446,1,5450.426555
2026/02/04/14:55:47,apply-time,rs-003061-bn4ls,b99a383c-7541-4bcc-a2b0-e51dbf8629cf,4,5450.426555
2026/02/04/14:55:47,apply-time,rs-003061-gsgcx,f81839a4-9d13-4a40-a256-0b436640c6ce,4,5450.426555
2026/02/04/14:55:47,apply-time,rs-003061-w4bck,5c81c867-e3fd-44c5-a52b-496dec86c1e4,4,5450.426555
2026/02/04/14:55:47,apply-time,rs-003062-gckbj,4e8aebca-a34f-4dc4-8393-82b24751e291,1,5450.426555
2026/02/04/14:55:47,running-time,rs-003062-gckbj,4e8aebca-a34f-4dc4-8393-82b24751e291,1,5450.426555
2026/02/04/14:55:47,apply-time,rs-003063-dj2g7,8f29f78e-5dff-41e8-a73d-b70ffe34b405,4,5450.426555
2026/02/04/14:55:47,running-time,rs-003063-dj2g7,8f29f78e-5dff-41e8-a73d-b70ffe34b405,4,5451.426555
2026/02/04/14:55:47,apply-time,rs-003063-gflgr,796f95fd-1401-4aae-956b-4467eb77b6ca,4,5450.426555
2026/02/04/14:55:47,running-time,rs-003063-gflgr,796f95fd-1401-4aae-956b-4467eb77b6ca,4,5450.426555
2026/02/04/14:55:54,running-time,rs-003061-bn4ls,b99a383c-7541-4bcc-a2b0-e51dbf8629cf,4,5458.426555
2026/02/04/14:55:57,running-time,rs-003061-w4bck,5c81c867-e3fd-44c5-a52b-496dec86c1e4,4,5460.426555
2026/02/04/14:56:08,apply-time,rs-003064-8cz6p,1a16b083-7637-458c-aa64-9887839df96b,4,5471.426555
2026/02/04/14:56:08,running-time,rs-003064-8cz6p,1a16b083-7637-458c-aa64-9887839df96b,4,5472.426555
2026/02/04/14:56:08,apply-time,rs-003065-5fnc6,a3351a58-be5d-4b14-b87e-e3d1a6b35f8e,3,5471.426555
2026/02/04/14:56:08,apply-time,rs-003065-5gxxt,fbce4339-67dc-48d8-b143-c9f010c4007e,3,5471.426555
2026/02/04/14:56:08,apply-time,rs-003065-9lp46,802f78a9-8ad6-43eb-8cb9-5fd460ac795b,3,5471.426555
2026/02/04/14:56:08,apply-time,rs-003066-dc66r,805b315d-444a-475b-a118-9bb48ad56688,2,5470.426555
2026/02/04/14:56:08,apply-time,rs-003066-gq5cv,f0ff2cba-99a7-4ad3-8e89-2de1bfe29def,2,5470.426555
2026/02/04/14:56:08,apply-time,rs-003066-w4kgs,c48f64ef-acc8-437d-b586-c6ad3e867978,2,5470.426555
2026/02/04/14:56:08,apply-time,rs-003067-v7rc6,c2139355-785f-4eb0-86c1-cfda99aaa76f,4,5471.426555
2026/02/04/14:56:08,running-time,rs-003067-v7rc6,c2139355-785f-4eb0-86c1-cfda99aaa76f,4,5472.426555
2026/02/04/14:56:08,apply-time,rs-003068-bctmd,4d81bf42-b416-4b9b-a915-74e3fa0501f1,2,5470.426555
2026/02/04/14:56:08,running-time,rs-003068-bctmd,4d81bf42-b416-4b9b-a915-74e3fa0501f1,2,5471.426555
2026/02/04/14:56:08,apply-time,rs-003068-h7r7g,036d0d76-4ccf-4a8f-84b5-51f78e8dd30a,2,5470.426555
2026/02/04/14:56:08,running-time,rs-003068-h7r7g,036d0d76-4ccf-4a8f-84b5-51f78e8dd30a,2,5471.426555
2026/02/04/14:56:08,apply-time,rs-003068-zrcqw,62617c47-af1c-4fc3-8b64-e4576f91bed2,2,5470.426555
2026/02/04/14:56:08,running-time,rs-003068-zrcqw,62617c47-af1c-4fc3-8b64-e4576f91bed2,2,5471.426555
2026/02/04/14:56:08,apply-time,rs-003069-slrnj,4e116f65-84ef-44aa-99da-e3d5823644ff,1,5472.426555
2026/02/04/14:56:09,running-time,rs-003065-5fnc6,a3351a58-be5d-4b14-b87e-e3d1a6b35f8e,3,5473.426555
2026/02/04/14:56:09,running-time,rs-003065-9lp46,802f78a9-8ad6-43eb-8cb9-5fd460ac795b,3,5473.426555
2026/02/04/14:56:09,running-time,rs-003069-slrnj,4e116f65-84ef-44aa-99da-e3d5823644ff,1,5473.426555
2026/02/04/14:56:09,apply-time,rs-003070-2qjw9,bf2897de-9531-4d28-b97c-b7aa157da63b,1,5473.426555
2026/02/04/14:56:09,running-time,rs-003070-2qjw9,bf2897de-9531-4d28-b97c-b7aa157da63b,1,5473.426555
2026/02/04/14:56:09,apply-time,rs-003070-7qvlv,e1d05437-4309-4156-a29a-8a3f67a5555c,1,5473.426555
2026/02/04/14:56:09,apply-time,rs-003071-fwrc6,a482339a-9a9c-4890-8052-bd2f44e8cb20,1,5473.426555
2026/02/04/14:56:09,running-time,rs-003071-fwrc6,a482339a-9a9c-4890-8052-bd2f44e8cb20,1,5473.426555
2026/02/04/14:56:09,apply-time,rs-003072-456ks,82ac1338-e0a9-4c10-a8e4-af3f00abe8d2,3,5473.426555
2026/02/04/14:56:09,running-time,rs-003072-456ks,82ac1338-e0a9-4c10-a8e4-af3f00abe8d2,3,5473.426555
2026/02/04/14:56:10,apply-time,rs-003073-fgv7d,2ceba87d-1c01-4261-8ef1-34093c859304,3,5473.426555
2026/02/04/14:56:10,running-time,rs-003073-fgv7d,2ceba87d-1c01-4261-8ef1-34093c859304,3,5473.426555
2026/02/04/14:56:10,apply-time,rs-003073-hxf92,2b2e3521-0fd0-4a79-96ab-308e83b4286e,3,5473.426555
2026/02/04/14:56:10,running-time,rs-003073-hxf92,2b2e3521-0fd0-4a79-96ab-308e83b4286e,3,5473.426555
2026/02/04/14:56:10,apply-time,rs-003074-jvscv,4b196d49-5905-4c5f-a6f9-b24640467f7f,3,5473.426555
2026/02/04/14:56:10,running-time,rs-003074-jvscv,4b196d49-5905-4c5f-a6f9-b24640467f7f,3,5473.426555
2026/02/04/14:56:12,running-time,rs-003038-h2b4p,cbd65a97-87d5-47f5-8479-607ac85c13d7,1,5475.426555
2026/02/04/14:56:12,running-time,rs-003066-gq5cv,f0ff2cba-99a7-4ad3-8e89-2de1bfe29def,2,5476.426555
2026/02/04/14:56:17,apply-time,rs-003075-g7plq,6064f316-7238-4e27-84cf-1f1977b54e42,2,5480.426555
2026/02/04/14:56:17,running-time,rs-003075-g7plq,6064f316-7238-4e27-84cf-1f1977b54e42,2,5480.426555
2026/02/04/14:56:17,apply-time,rs-003076-mddsk,83a6dcef-093c-4c7c-9a9d-37fa411e3155,1,5480.426555
2026/02/04/14:56:17,running-time,rs-003076-mddsk,83a6dcef-093c-4c7c-9a9d-37fa411e3155,1,5480.426555
2026/02/04/14:56:17,apply-time,rs-003076-s4jkx,59c506c7-f528-433e-a8a9-3c3025370988,1,5480.426555
2026/02/04/14:56:17,running-time,rs-003076-s4jkx,59c506c7-f528-433e-a8a9-3c3025370988,1,5480.426555
2026/02/04/14:56:17,apply-time,rs-003076-s6qq4,91294281-bef2-4464-9411-195aeb4e0ebe,1,5480.426555
2026/02/04/14:56:17,running-time,rs-003076-s6qq4,91294281-bef2-4464-9411-195aeb4e0ebe,1,5480.426555
2026/02/04/14:56:17,apply-time,rs-003077-2lnlw,85dc94ac-7cab-4721-aeec-cfc39b5d2f32,2,5480.426555
2026/02/04/14:56:17,running-time,rs-003077-2lnlw,85dc94ac-7cab-4721-aeec-cfc39b5d2f32,2,5480.426555
2026/02/04/14:56:17,apply-time,rs-003077-fzvdq,c10d9000-d7cd-4f71-a0dd-0fd62c283140,2,5480.426555
2026/02/04/14:56:17,running-time,rs-003077-fzvdq,c10d9000-d7cd-4f71-a0dd-0fd62c283140,2,5480.426555
2026/02/04/14:56:17,apply-time,rs-003078-bhpj5,251ec53d-1f63-431c-8520-fe28a576aa6c,3,5480.426555
2026/02/04/14:56:17,running-time,rs-003078-bhpj5,251ec53d-1f63-431c-8520-fe28a576aa6c,3,5480.426555
2026/02/04/14:56:17,apply-time,rs-003078-ck428,7b4d49fe-f379-4099-a16c-0a84f30c4bd8,3,5480.426555
2026/02/04/14:56:17,running-time,rs-003078-ck428,7b4d49fe-f379-4099-a16c-0a84f30c4bd8,3,5480.426555
2026/02/04/14:56:18,apply-time,rs-003079-5jpv8,e33e3568-f99a-401d-b724-d7999846eebb,2,5481.426555
2026/02/04/14:56:18,running-time,rs-003079-5jpv8,e33e3568-f99a-401d-b724-d7999846eebb,2,5481.426555
2026/02/04/14:56:18,apply-time,rs-003079-zdqhj,e457ba6b-f3a0-43da-9938-965e780ea4fe,2,5481.426555
2026/02/04/14:56:18,running-time,rs-003079-zdqhj,e457ba6b-f3a0-43da-9938-965e780ea4fe,2,5481.426555
2026/02/04/14:56:18,apply-time,rs-003080-7mgl2,49b33e78-62a7-472b-849f-41556963e7df,4,5481.426555
2026/02/04/14:56:18,running-time,rs-003080-7mgl2,49b33e78-62a7-472b-849f-41556963e7df,4,5481.426555
2026/02/04/14:56:42,apply-time,rs-003081-dl7ch,c69675da-cc30-471a-a4a4-ce543b39752e,4,5506.426555
2026/02/04/14:56:42,running-time,rs-003081-dl7ch,c69675da-cc30-471a-a4a4-ce543b39752e,4,5506.426555
2026/02/04/14:56:44,apply-time,rs-003082-crlrc,23db75c0-6b7c-45b2-90a0-9130ace3763e,2,5508.426555
2026/02/04/14:56:44,running-time,rs-003082-crlrc,23db75c0-6b7c-45b2-90a0-9130ace3763e,2,5508.426555
2026/02/04/14:56:44,apply-time,rs-003082-fn8zb,c26c1880-c715-4c83-ab62-2f624dc4e7e3,2,5508.426555
2026/02/04/14:56:44,running-time,rs-003082-fn8zb,c26c1880-c715-4c83-ab62-2f624dc4e7e3,2,5508.426555
2026/02/04/14:56:44,apply-time,rs-003083-cjdt8,c5c829dd-8587-41b9-89f7-0445bcc41096,4,5508.426555
2026/02/04/14:56:44,running-time,rs-003083-cjdt8,c5c829dd-8587-41b9-89f7-0445bcc41096,4,5508.426555
2026/02/04/14:56:44,apply-time,rs-003084-vpghb,24a97786-f3e1-45ea-8692-b6be1846d74c,3,5508.426555
2026/02/04/14:56:44,running-time,rs-003084-vpghb,24a97786-f3e1-45ea-8692-b6be1846d74c,3,5508.426555
2026/02/04/14:56:46,apply-time,rs-003085-4xhl4,8ffc2446-3616-476c-9985-f56438d93334,3,5509.426555
2026/02/04/14:56:46,running-time,rs-003085-4xhl4,8ffc2446-3616-476c-9985-f56438d93334,3,5509.426555
2026/02/04/14:56:46,apply-time,rs-003085-gthln,8d60aae0-6278-46a0-8c5d-1cf5bc855bcc,3,5509.426555
2026/02/04/14:56:46,running-time,rs-003085-gthln,8d60aae0-6278-46a0-8c5d-1cf5bc855bcc,3,5509.426555
2026/02/04/14:56:46,apply-time,rs-003086-p55f7,f6c2e46f-a4f4-4f8d-8179-2b9057b72c5b,1,5509.426555
2026/02/04/14:56:46,apply-time,rs-003087-8szw5,e88e6195-26b0-4dd5-b802-13dc2f098aa0,1,5509.426555
2026/02/04/14:56:46,running-time,rs-003087-8szw5,e88e6195-26b0-4dd5-b802-13dc2f098aa0,1,5509.426555
2026/02/04/14:56:47,apply-time,rs-003088-bzbq7,ce729dae-d94a-4fd4-b7b0-4a372968752a,2,5510.426555
2026/02/04/14:56:47,running-time,rs-003088-bzbq7,ce729dae-d94a-4fd4-b7b0-4a372968752a,2,5510.426555
2026/02/04/14:56:47,apply-time,rs-003088-xnblc,464b35ea-431d-4aeb-8010-9d54e08a9a65,2,5510.426555
2026/02/04/14:56:47,apply-time,rs-003089-6s82b,3aa6793a-9624-4f42-98e0-a6f2d68c922e,4,5510.426555
2026/02/04/14:56:47,running-time,rs-003089-6s82b,3aa6793a-9624-4f42-98e0-a6f2d68c922e,4,5510.426555
2026/02/04/14:56:51,running-time,rs-003088-xnblc,464b35ea-431d-4aeb-8010-9d54e08a9a65,2,5514.426555
2026/02/04/14:56:51,apply-time,rs-003090-649mn,3d10f03a-1144-405a-8625-c69f9c7d2ea3,3,5514.426555
2026/02/04/14:56:51,running-time,rs-003090-649mn,3d10f03a-1144-405a-8625-c69f9c7d2ea3,3,5514.426555
2026/02/04/14:56:51,apply-time,rs-003090-stfsn,fd739418-6b50-4a13-b18d-af51af2c38c5,3,5514.426555
2026/02/04/14:56:51,running-time,rs-003090-stfsn,fd739418-6b50-4a13-b18d-af51af2c38c5,3,5514.426555
2026/02/04/14:56:51,apply-time,rs-003091-ddj5l,e02e936c-7e9d-4348-bf62-2d343be92480,2,5514.426555
2026/02/04/14:56:51,running-time,rs-003091-ddj5l,e02e936c-7e9d-4348-bf62-2d343be92480,2,5514.426555
2026/02/04/14:56:51,apply-time,rs-003091-sbmjn,f9ed1a32-aae5-490e-b721-1de6a5b5c311,2,5514.426555
2026/02/04/14:56:51,running-time,rs-003091-sbmjn,f9ed1a32-aae5-490e-b721-1de6a5b5c311,2,5514.426555
2026/02/04/14:56:54,apply-time,rs-003092-5rbnb,a529890a-6f70-446e-b435-73bf34c925f9,4,5518.426555
2026/02/04/14:56:54,running-time,rs-003092-5rbnb,a529890a-6f70-446e-b435-73bf34c925f9,4,5518.426555
2026/02/04/14:56:54,apply-time,rs-003093-g9ncl,17e53aff-6d06-401d-bb81-79608acbabd3,2,5518.426555
2026/02/04/14:56:54,running-time,rs-003093-g9ncl,17e53aff-6d06-401d-bb81-79608acbabd3,2,5518.426555
2026/02/04/14:56:54,apply-time,rs-003094-lkk9k,0d252e34-baa4-4503-802d-e878eaa4f22c,3,5518.426555
2026/02/04/14:56:54,apply-time,rs-003094-lpk9k,eb44b347-1b26-40e8-b4b0-c3f5155de0ae,3,5518.426555
2026/02/04/14:56:54,apply-time,rs-003094-sswmx,340baddb-a3da-4a2b-805e-2a54721929fe,3,5518.426555
2026/02/04/14:56:54,apply-time,rs-003095-pnl6f,78ef47b7-9194-4cb9-a126-8978610baa31,3,5518.426555
2026/02/04/14:56:54,running-time,rs-003095-pnl6f,78ef47b7-9194-4cb9-a126-8978610baa31,3,5518.426555
2026/02/04/14:56:54,apply-time,rs-003095-pw6wk,48890e77-73ec-4034-b7af-b0b1c04a1c58,3,5518.426555
2026/02/04/14:56:54,running-time,rs-003095-pw6wk,48890e77-73ec-4034-b7af-b0b1c04a1c58,3,5518.426555
2026/02/04/14:56:54,apply-time,rs-003095-sqtzv,87e228b9-2854-4207-8691-07f867882ae2,3,5518.426555
2026/02/04/14:56:54,running-time,rs-003095-sqtzv,87e228b9-2854-4207-8691-07f867882ae2,3,5518.426555
2026/02/04/14:56:54,apply-time,rs-003096-bsbbj,d78dd9fc-10a0-4352-9cc9-3796b8623162,1,5518.426555
2026/02/04/14:56:58,running-time,rs-003094-lkk9k,0d252e34-baa4-4503-802d-e878eaa4f22c,3,5521.426555
2026/02/04/14:57:00,running-time,rs-003094-sswmx,340baddb-a3da-4a2b-805e-2a54721929fe,3,5524.426555
2026/02/04/14:57:00,apply-time,rs-003097-29l8m,e826566c-beb7-4e0b-931b-a32dfba5df69,4,5523.426555
2026/02/04/14:57:00,running-time,rs-003097-29l8m,e826566c-beb7-4e0b-931b-a32dfba5df69,4,5523.426555
2026/02/04/14:57:02,running-time,rs-003094-lpk9k,eb44b347-1b26-40e8-b4b0-c3f5155de0ae,3,5525.426555
2026/02/04/14:57:03,running-time,rs-003096-bsbbj,d78dd9fc-10a0-4352-9cc9-3796b8623162,1,5527.426555
2026/02/04/14:57:10,apply-time,rs-003098-8t655,d7eac1ed-bf07-4921-b676-f1f4a55e0239,4,5533.426555
2026/02/04/14:57:10,running-time,rs-003098-8t655,d7eac1ed-bf07-4921-b676-f1f4a55e0239,4,5533.426555
2026/02/04/14:57:10,apply-time,rs-003098-qb86m,469f959c-bbec-4324-a88a-9326d16c4fc6,4,5533.426555
2026/02/04/14:57:10,running-time,rs-003098-qb86m,469f959c-bbec-4324-a88a-9326d16c4fc6,4,5533.426555
2026/02/04/14:57:10,apply-time,rs-003099-bxjsz,72f70f46-fe45-4c61-9865-413ec62c265e,3,5533.426555
2026/02/04/14:57:10,apply-time,rs-003099-t68jw,c4701e4e-1031-46e4-b419-017ae901055d,3,5533.426555
2026/02/04/14:57:10,running-time,rs-003099-t68jw,c4701e4e-1031-46e4-b419-017ae901055d,3,5533.426555
2026/02/04/14:57:10,apply-time,rs-003100-dv8hf,edfad9db-f779-4634-8eab-bdaeb16c1dda,2,5533.426555
2026/02/04/14:57:10,running-time,rs-003100-dv8hf,edfad9db-f779-4634-8eab-bdaeb16c1dda,2,5533.426555
2026/02/04/14:57:10,apply-time,rs-003100-m7h7h,2584b321-123e-4829-b228-7ceab0eb2ca7,2,5533.426555
2026/02/04/14:57:10,running-time,rs-003100-m7h7h,2584b321-123e-4829-b228-7ceab0eb2ca7,2,5533.426555
2026/02/04/14:57:10,apply-time,rs-003100-vpwcz,1a4dcf9a-fd82-4b00-9d60-17099c0488a8,2,5533.426555
2026/02/04/14:57:10,running-time,rs-003100-vpwcz,1a4dcf9a-fd82-4b00-9d60-17099c0488a8,2,5533.426555
2026/02/04/14:57:10,apply-time,rs-003101-hjcrl,3fc532d8-20d2-41c6-a6ec-ddc06e768f79,3,5533.426555
2026/02/04/14:57:10,running-time,rs-003101-hjcrl,3fc532d8-20d2-41c6-a6ec-ddc06e768f79,3,5533.426555
2026/02/04/14:57:10,apply-time,rs-003102-qfw7j,0400a1a1-8263-4039-8a70-083fb57f573c,1,5533.426555
2026/02/04/14:57:10,running-time,rs-003102-qfw7j,0400a1a1-8263-4039-8a70-083fb57f573c,1,5533.426555
2026/02/04/14:57:10,apply-time,rs-003103-dz6rq,b6a363c3-7842-465e-9cd7-e3b71cf5ada6,2,5534.426555
2026/02/04/14:57:10,apply-time,rs-003103-tmnkr,f045c111-aa5e-4141-b1dc-0232eb1966a6,2,5534.426555
2026/02/04/14:57:10,running-time,rs-003103-tmnkr,f045c111-aa5e-4141-b1dc-0232eb1966a6,2,5534.426555
2026/02/04/14:57:10,apply-time,rs-003104-x2hn7,07747604-1b19-4c4f-a198-836f0ca4b477,2,5534.426555
2026/02/04/14:57:10,running-time,rs-003104-x2hn7,07747604-1b19-4c4f-a198-836f0ca4b477,2,5534.426555
2026/02/04/14:57:11,running-time,rs-003099-bxjsz,72f70f46-fe45-4c61-9865-413ec62c265e,3,5535.426555
2026/02/04/14:57:11,running-time,rs-003103-dz6rq,b6a363c3-7842-465e-9cd7-e3b71cf5ada6,2,5535.426555
2026/02/04/14:57:11,apply-time,rs-003104-k4t4g,07475ca6-54dc-41bb-8f6a-088756087632,2,5534.426555
2026/02/04/14:57:11,apply-time,rs-003105-zmvk8,f940df31-1f9f-4e08-8fec-6e6e6cd2dae9,4,5534.426555
2026/02/04/14:57:11,apply-time,rs-003105-zqspg,8805246f-7688-4f39-93d1-b140429bacd7,4,5534.426555
2026/02/04/14:57:11,apply-time,rs-003106-h5cpv,ef1a9365-6000-421e-b02f-e7b534de1b7e,2,5534.426555
2026/02/04/14:57:11,running-time,rs-003106-h5cpv,ef1a9365-6000-421e-b02f-e7b534de1b7e,2,5535.426555
2026/02/04/14:57:11,apply-time,rs-003107-5c5fd,7d8d9a6f-4a27-4af5-b160-0ca209c6abf7,2,5534.426555
2026/02/04/14:57:11,apply-time,rs-003107-llnbs,9b0898b1-3125-4f9f-a3d7-29320e8018d7,2,5535.426555
2026/02/04/14:57:11,apply-time,rs-003107-q8bmm,002631ff-050d-4217-bd15-6c421c11b1fc,2,5535.426555
2026/02/04/14:57:11,apply-time,rs-003108-2vf6s,af9897f0-aa6a-49f1-a90d-1d3220c959c6,3,5535.426555
2026/02/04/14:57:11,apply-time,rs-003108-xkgwq,e14a3ed4-e6e5-454f-b8ca-e592a80784ee,3,5535.426555
2026/02/04/14:57:11,apply-time,rs-003109-xzjkf,5dc8d06a-33e2-4704-bc02-6df2eb9b9389,3,5534.426555
2026/02/04/14:57:11,apply-time,rs-003110-54cll,08109ad9-be17-4fd2-bc0e-02eb415efc90,2,5535.426555
2026/02/04/14:57:11,apply-time,rs-003110-kvg7f,d75f9ca4-b7cd-48ae-a9a3-1e82b60b44a0,2,5535.426555
2026/02/04/14:57:11,apply-time,rs-003111-fxhvs,04f5e59c-8a69-435c-ae89-32747f351b7f,3,5535.426555
2026/02/04/14:57:12,apply-time,rs-003110-fbhc4,80c9499d-e657-404b-b25f-33dc37e31746,2,5535.426555
2026/02/04/14:57:12,apply-time,rs-003111-tsrdv,d1b0d45a-fb14-4cf0-b8eb-033f82ffe9dc,3,5535.426555
2026/02/04/14:57:13,running-time,rs-003104-k4t4g,07475ca6-54dc-41bb-8f6a-088756087632,2,5536.426555
2026/02/04/14:57:13,running-time,rs-003105-zmvk8,f940df31-1f9f-4e08-8fec-6e6e6cd2dae9,4,5536.426555
2026/02/04/14:57:13,running-time,rs-003105-zqspg,8805246f-7688-4f39-93d1-b140429bacd7,4,5537.426555
2026/02/04/14:57:13,running-time,rs-003107-llnbs,9b0898b1-3125-4f9f-a3d7-29320e8018d7,2,5537.426555
2026/02/04/14:57:13,running-time,rs-003107-q8bmm,002631ff-050d-4217-bd15-6c421c11b1fc,2,5537.426555
2026/02/04/14:57:14,running-time,rs-003107-5c5fd,7d8d9a6f-4a27-4af5-b160-0ca209c6abf7,2,5537.426555
2026/02/04/14:57:14,running-time,rs-003109-xzjkf,5dc8d06a-33e2-4704-bc02-6df2eb9b9389,3,5537.426555
2026/02/04/14:57:15,running-time,rs-003110-54cll,08109ad9-be17-4fd2-bc0e-02eb415efc90,2,5539.426555
2026/02/04/14:57:15,running-time,rs-003110-fbhc4,80c9499d-e657-404b-b25f-33dc37e31746,2,5538.426555
2026/02/04/14:57:25,apply-time,rs-003112-6gvnh,441fb662-1f7f-4273-b6d9-1138effb75be,1,5548.426555
2026/02/04/14:57:25,running-time,rs-003112-6gvnh,441fb662-1f7f-4273-b6d9-1138effb75be,1,5548.426555
2026/02/04/14:57:25,apply-time,rs-003112-drqpf,4e5ce8e2-cfa1-4487-8d25-eaabfca773bc,1,5548.426555
2026/02/04/14:57:25,running-time,rs-003112-drqpf,4e5ce8e2-cfa1-4487-8d25-eaabfca773bc,1,5548.426555
2026/02/04/14:57:46,apply-time,rs-003113-2fl9h,1dbcf225-9b1f-4723-84a5-ab1de44d6d94,3,5569.426555
2026/02/04/14:57:46,running-time,rs-003113-2fl9h,1dbcf225-9b1f-4723-84a5-ab1de44d6d94,3,5569.426555
2026/02/04/14:57:46,apply-time,rs-003113-l9bw9,059fbc7e-9358-42a0-ad2b-3f373c6fe1c5,3,5569.426555
2026/02/04/14:57:46,running-time,rs-003113-l9bw9,059fbc7e-9358-42a0-ad2b-3f373c6fe1c5,3,5569.426555
2026/02/04/14:57:46,apply-time,rs-003114-wlr8g,5d0d5ea8-2d63-4e6f-8110-a2f6eb0cc756,1,5569.426555
2026/02/04/14:57:46,running-time,rs-003114-wlr8g,5d0d5ea8-2d63-4e6f-8110-a2f6eb0cc756,1,5569.426555
2026/02/04/14:57:46,apply-time,rs-003115-lk2k8,c8c1e908-00d0-45db-8e7d-91017df10d6a,2,5569.426555
2026/02/04/14:57:46,running-time,rs-003115-lk2k8,c8c1e908-00d0-45db-8e7d-91017df10d6a,2,5569.426555
2026/02/04/14:57:46,apply-time,rs-003115-tgbqs,5fc584fa-fa43-4d33-8c39-4de659c8a1ce,2,5569.426555
2026/02/04/14:57:46,running-time,rs-003115-tgbqs,5fc584fa-fa43-4d33-8c39-4de659c8a1ce,2,5569.426555
2026/02/04/14:57:46,apply-time,rs-003115-wjlg8,6d7b4751-50eb-4eee-a405-7430a5c46a68,2,5569.426555
2026/02/04/14:57:46,running-time,rs-003115-wjlg8,6d7b4751-50eb-4eee-a405-7430a5c46a68,2,5569.426555
2026/02/04/14:57:46,apply-time,rs-003116-lzk7t,1fa0d5bb-c855-4c17-921d-3f0ac18df368,1,5569.426555
2026/02/04/14:57:46,running-time,rs-003116-lzk7t,1fa0d5bb-c855-4c17-921d-3f0ac18df368,1,5569.426555
2026/02/04/14:57:46,apply-time,rs-003116-mqmpj,bd5bee02-f858-482a-97e0-642ae16c80f1,1,5569.426555
2026/02/04/14:57:46,running-time,rs-003116-mqmpj,bd5bee02-f858-482a-97e0-642ae16c80f1,1,5569.426555
2026/02/04/14:57:46,apply-time,rs-003116-w5qg9,0363ea4c-42e0-4aa7-8ebd-57da663f6a77,1,5569.426555
2026/02/04/14:57:46,running-time,rs-003116-w5qg9,0363ea4c-42e0-4aa7-8ebd-57da663f6a77,1,5569.426555
2026/02/04/14:57:48,apply-time,rs-003117-nbjzp,dbf228a5-9ce2-4580-bd9d-5490c503991c,1,5571.426555
2026/02/04/14:57:48,running-time,rs-003117-nbjzp,dbf228a5-9ce2-4580-bd9d-5490c503991c,1,5571.426555
2026/02/04/14:57:48,apply-time,rs-003117-xthvq,12b791d7-4d9c-4257-8191-3e88f6759dcf,1,5571.426555
2026/02/04/14:57:48,running-time,rs-003117-xthvq,12b791d7-4d9c-4257-8191-3e88f6759dcf,1,5571.426555
2026/02/04/14:57:48,apply-time,rs-003118-nbkbn,4f49bde9-a930-476f-a296-59d4b5b3c1cb,3,5571.426555
2026/02/04/14:57:48,running-time,rs-003118-nbkbn,4f49bde9-a930-476f-a296-59d4b5b3c1cb,3,5571.426555
2026/02/04/14:57:48,apply-time,rs-003118-vqctq,cbefb9f2-e634-4101-b054-46a43db07347,3,5571.426555
2026/02/04/14:57:48,running-time,rs-003118-vqctq,cbefb9f2-e634-4101-b054-46a43db07347,3,5571.426555
2026/02/04/14:57:48,apply-time,rs-003119-cqrvx,b4e026b2-58d2-442f-94f1-55bf1ee7b5b9,3,5571.426555
2026/02/04/14:57:48,apply-time,rs-003119-f6nzq,2211f673-502f-4199-93df-cbb7c70439f2,3,5571.426555
2026/02/04/14:57:48,running-time,rs-003119-f6nzq,2211f673-502f-4199-93df-cbb7c70439f2,3,5571.426555
2026/02/04/14:57:48,apply-time,rs-003119-fpstx,d656f1a8-0a0b-4ce2-811f-40c93f4477b2,3,5571.426555
2026/02/04/14:57:48,running-time,rs-003119-fpstx,d656f1a8-0a0b-4ce2-811f-40c93f4477b2,3,5571.426555
2026/02/04/14:57:48,apply-time,rs-003120-4kkbs,fd314ef6-1a1f-4a90-92a5-6418316575ce,2,5571.426555
2026/02/04/14:57:48,apply-time,rs-003120-n9hdx,6fe7f106-297c-426c-9441-09b3afe12025,2,5571.426555
2026/02/04/14:57:48,apply-time,rs-003120-xp9pn,b5db45e6-d750-450a-9ef6-10af27d37bf1,2,5571.426555
2026/02/04/14:57:49,running-time,rs-003119-cqrvx,b4e026b2-58d2-442f-94f1-55bf1ee7b5b9,3,5572.426555
2026/02/04/14:57:57,apply-time,rs-003121-rf29s,4e115c4a-e2c2-4109-8857-993b71b3fedd,4,5580.426555
2026/02/04/14:57:57,running-time,rs-003121-rf29s,4e115c4a-e2c2-4109-8857-993b71b3fedd,4,5580.426555
2026/02/04/14:57:57,apply-time,rs-003121-zc5xz,cc3e3c62-c7d0-4586-b99a-cc44f03e77ac,4,5580.426555
2026/02/04/14:57:57,running-time,rs-003121-zc5xz,cc3e3c62-c7d0-4586-b99a-cc44f03e77ac,4,5580.426555
2026/02/04/14:57:57,apply-time,rs-003122-9dzgr,61bddd59-81de-4924-9972-fc99131e492d,3,5580.426555
2026/02/04/14:57:57,running-time,rs-003122-9dzgr,61bddd59-81de-4924-9972-fc99131e492d,3,5580.426555
2026/02/04/14:57:57,apply-time,rs-003122-cdxjh,b7ebb74c-c01c-423d-abc7-64624ded078b,3,5580.426555
2026/02/04/14:57:57,running-time,rs-003122-cdxjh,b7ebb74c-c01c-423d-abc7-64624ded078b,3,5580.426555
2026/02/04/14:57:57,apply-time,rs-003122-r5zmx,df88ecc5-9fbf-43e0-acdc-2dc447406cb9,3,5580.426555
2026/02/04/14:57:57,running-time,rs-003122-r5zmx,df88ecc5-9fbf-43e0-acdc-2dc447406cb9,3,5580.426555
2026/02/04/14:57:58,apply-time,rs-003123-82vhq,7dce592f-325c-4748-9730-00273fc056e5,1,5581.426555
2026/02/04/14:57:58,running-time,rs-003123-82vhq,7dce592f-325c-4748-9730-00273fc056e5,1,5581.426555
2026/02/04/14:57:58,apply-time,rs-003123-vj592,a601ad96-a53b-4756-a6ee-3cc98ac50042,1,5581.426555
2026/02/04/14:57:58,running-time,rs-003123-vj592,a601ad96-a53b-4756-a6ee-3cc98ac50042,1,5581.426555
2026/02/04/14:57:58,apply-time,rs-003124-fcfsq,79b9eab8-f5e2-4ae2-9f18-f551be86960e,2,5581.426555
2026/02/04/14:57:58,apply-time,rs-003125-7ck8c,bf0426e5-1201-4ad7-a4d6-706d7ea880a1,4,5581.426555
2026/02/04/14:57:58,running-time,rs-003125-7ck8c,bf0426e5-1201-4ad7-a4d6-706d7ea880a1,4,5581.426555
2026/02/04/14:57:58,apply-time,rs-003125-s8lg8,04b49ca3-64a3-456b-b4e3-88d50120377f,4,5581.426555
2026/02/04/14:57:58,running-time,rs-003125-s8lg8,04b49ca3-64a3-456b-b4e3-88d50120377f,4,5581.426555
2026/02/04/14:57:58,apply-time,rs-003125-w929z,fd4a9e14-c179-428c-9e5d-46fe10975f24,4,5581.426555
2026/02/04/14:57:58,running-time,rs-003125-w929z,fd4a9e14-c179-428c-9e5d-46fe10975f24,4,5581.426555
2026/02/04/14:57:58,apply-time,rs-003126-49m4h,5b957be1-64ba-4379-b253-e38965d6f16a,1,5581.426555
2026/02/04/14:57:58,running-time,rs-003126-49m4h,5b957be1-64ba-4379-b253-e38965d6f16a,1,5581.426555
2026/02/04/14:57:58,apply-time,rs-003127-56cwh,0d65272d-2f87-4e34-ac84-0331765ea592,2,5582.426555
2026/02/04/14:57:58,running-time,rs-003127-56cwh,0d65272d-2f87-4e34-ac84-0331765ea592,2,5582.426555
2026/02/04/14:57:58,apply-time,rs-003127-cn8fl,af1af434-2ff5-4a72-9ec4-97c615bb7f13,2,5582.426555
2026/02/04/14:57:58,running-time,rs-003127-cn8fl,af1af434-2ff5-4a72-9ec4-97c615bb7f13,2,5582.426555
2026/02/04/14:57:59,apply-time,rs-003128-m8prb,2999699b-7251-492a-a4fc-b5de9ac1a41c,1,5582.426555
2026/02/04/14:57:59,running-time,rs-003128-m8prb,2999699b-7251-492a-a4fc-b5de9ac1a41c,1,5582.426555
2026/02/04/14:57:59,apply-time,rs-003129-qp8bc,d1e5de67-90bf-4029-816f-ceb481a9afb2,2,5582.426555
2026/02/04/14:57:59,running-time,rs-003129-qp8bc,d1e5de67-90bf-4029-816f-ceb481a9afb2,2,5582.426555
2026/02/04/14:57:59,apply-time,rs-003129-tplbh,6366f35c-735e-4905-af5d-2962886964c1,2,5582.426555
2026/02/04/14:57:59,apply-time,rs-003130-7rlw6,dbe9b42f-5f22-4796-b457-d8088298c159,2,5583.426555
2026/02/04/14:57:59,apply-time,rs-003131-z85rt,0456b0b6-7387-4306-a9b9-5753db20a666,1,5583.426555
2026/02/04/14:57:59,running-time,rs-003131-z85rt,0456b0b6-7387-4306-a9b9-5753db20a666,1,5583.426555
2026/02/04/14:57:59,apply-time,rs-003132-bg8mn,424d54e7-e713-46af-be7e-cdb31f37fbed,3,5583.426555
2026/02/04/14:57:59,running-time,rs-003132-bg8mn,424d54e7-e713-46af-be7e-cdb31f37fbed,3,5583.426555
2026/02/04/14:58:00,running-time,rs-003130-7rlw6,dbe9b42f-5f22-4796-b457-d8088298c159,2,5583.426555
2026/02/04/14:58:00,apply-time,rs-003133-dz546,cd784eac-3e54-497f-9361-57ae34db1839,3,5583.426555
2026/02/04/14:58:00,running-time,rs-003133-dz546,cd784eac-3e54-497f-9361-57ae34db1839,3,5583.426555
2026/02/04/14:58:00,apply-time,rs-003133-ksxlt,053354f2-7bd7-4806-911e-219b7cc36021,3,5583.426555
2026/02/04/14:58:00,running-time,rs-003133-ksxlt,053354f2-7bd7-4806-911e-219b7cc36021,3,5583.426555
2026/02/04/14:58:00,apply-time,rs-003133-w7v6b,2bba692b-111b-48a8-8ff8-6981516b54e2,3,5583.426555
2026/02/04/14:58:00,running-time,rs-003133-w7v6b,2bba692b-111b-48a8-8ff8-6981516b54e2,3,5583.426555
2026/02/04/14:58:00,apply-time,rs-003134-x97tt,b3aa7c3f-96d2-49c2-87be-c1836d5cb79c,1,5583.426555
2026/02/04/14:58:01,running-time,rs-003124-fcfsq,79b9eab8-f5e2-4ae2-9f18-f551be86960e,2,5585.426555
2026/02/04/14:58:01,running-time,rs-003134-x97tt,b3aa7c3f-96d2-49c2-87be-c1836d5cb79c,1,5584.426555
2026/02/04/14:58:11,apply-time,rs-003135-9p7lc,3851f858-a986-46cf-ad22-9a66f20153f1,4,5595.426555
2026/02/04/14:58:11,apply-time,rs-003135-9w7mc,8afd4f81-d18e-4bd1-8dbc-4b5a6b265a84,4,5595.426555
2026/02/04/14:58:11,apply-time,rs-003136-8jhb7,306001af-68e1-4cba-b14a-d3c99151f3c1,1,5595.426555
2026/02/04/14:58:11,running-time,rs-003136-8jhb7,306001af-68e1-4cba-b14a-d3c99151f3c1,1,5595.426555
2026/02/04/14:58:11,apply-time,rs-003136-m8w5s,582d0896-c634-4150-bca8-f694636b20c7,1,5595.426555
2026/02/04/14:58:11,running-time,rs-003136-m8w5s,582d0896-c634-4150-bca8-f694636b20c7,1,5595.426555
2026/02/04/14:58:11,apply-time,rs-003137-728cl,b11dcac8-9160-4ea2-bea2-44b2342438a5,4,5595.426555
2026/02/04/14:58:11,running-time,rs-003137-728cl,b11dcac8-9160-4ea2-bea2-44b2342438a5,4,5595.426555
2026/02/04/14:58:11,apply-time,rs-003138-fqlqs,6e7d5c79-9cc8-4736-8212-d8eb7e127e61,4,5595.426555
2026/02/04/14:58:11,running-time,rs-003138-fqlqs,6e7d5c79-9cc8-4736-8212-d8eb7e127e61,4,5595.426555
2026/02/04/14:58:11,apply-time,rs-003138-gkjkv,a4b84d2f-e497-49f0-b56e-4e96df1bcd03,4,5595.426555
2026/02/04/14:58:11,running-time,rs-003138-gkjkv,a4b84d2f-e497-49f0-b56e-4e96df1bcd03,4,5595.426555
2026/02/04/14:58:11,apply-time,rs-003138-ppwjl,7e91c15b-63cd-45ab-9725-91524862b630,4,5595.426555
2026/02/04/14:58:11,running-time,rs-003138-ppwjl,7e91c15b-63cd-45ab-9725-91524862b630,4,5595.426555
2026/02/04/14:58:14,apply-time,rs-003139-52wb7,d8801517-d6f3-46f0-adfa-fae1870a2d5b,3,5598.426555
2026/02/04/14:58:14,running-time,rs-003139-52wb7,d8801517-d6f3-46f0-adfa-fae1870a2d5b,3,5598.426555
2026/02/04/14:58:14,apply-time,rs-003139-jpgm8,0794ddf5-bcd0-4773-bca3-a9353fe3b897,3,5598.426555
2026/02/04/14:58:14,running-time,rs-003139-jpgm8,0794ddf5-bcd0-4773-bca3-a9353fe3b897,3,5598.426555
2026/02/04/14:58:14,apply-time,rs-003139-mg45p,e8c49e67-d2cf-4376-be6e-c659e33e7b0d,3,5598.426555
2026/02/04/14:58:14,running-time,rs-003139-mg45p,e8c49e67-d2cf-4376-be6e-c659e33e7b0d,3,5598.426555
2026/02/04/14:58:14,apply-time,rs-003140-zgwvl,f543de6e-3ed4-41de-bf43-7bbe2f43ca4d,1,5598.426555
2026/02/04/14:58:14,apply-time,rs-003141-rnf4c,9b954add-e8b0-40ce-89c2-d372e5f380b5,1,5598.426555
2026/02/04/14:58:14,running-time,rs-003141-rnf4c,9b954add-e8b0-40ce-89c2-d372e5f380b5,1,5598.426555
2026/02/04/14:58:14,apply-time,rs-003142-bxb9f,1c34b7b8-3c80-4fab-a06b-bbcac3764bf2,1,5598.426555
2026/02/04/14:58:14,running-time,rs-003142-bxb9f,1c34b7b8-3c80-4fab-a06b-bbcac3764bf2,1,5598.426555
2026/02/04/14:58:14,apply-time,rs-003142-jfkdx,8fcd4e3f-12e8-4e03-a8ff-b9c2cfbf4f24,1,5598.426555
2026/02/04/14:58:14,running-time,rs-003142-jfkdx,8fcd4e3f-12e8-4e03-a8ff-b9c2cfbf4f24,1,5598.426555
2026/02/04/14:58:14,apply-time,rs-003142-mwdvp,0942e981-a67d-4bf8-8bd0-2d1d97dd6e05,1,5598.426555
2026/02/04/14:58:14,running-time,rs-003142-mwdvp,0942e981-a67d-4bf8-8bd0-2d1d97dd6e05,1,5598.426555
2026/02/04/14:58:14,apply-time,rs-003143-d6kmk,2b71c7ad-f5a9-4dae-ad1c-c3883d6537b0,2,5598.426555
2026/02/04/14:58:14,running-time,rs-003143-d6kmk,2b71c7ad-f5a9-4dae-ad1c-c3883d6537b0,2,5598.426555
2026/02/04/14:58:14,apply-time,rs-003143-v6qfs,f89a90ea-02ec-43c7-bafe-dbdd9ea7737a,2,5598.426555
2026/02/04/14:58:14,running-time,rs-003143-v6qfs,f89a90ea-02ec-43c7-bafe-dbdd9ea7737a,2,5598.426555
2026/02/04/14:58:15,apply-time,rs-003144-9pzb5,8302f33d-76fa-490e-9ba0-f2f00a1e1f63,1,5598.426555
2026/02/04/14:58:15,running-time,rs-003144-9pzb5,8302f33d-76fa-490e-9ba0-f2f00a1e1f63,1,5598.426555
2026/02/04/14:58:15,apply-time,rs-003145-8bspx,de809453-a8ec-49b5-80fc-92c56cf4fcd7,2,5598.426555
2026/02/04/14:58:15,apply-time,rs-003145-fnr5v,02519d3e-6fb8-4a2c-9fa0-31e7d4366d3b,2,5599.426555
2026/02/04/14:58:17,running-time,rs-003145-8bspx,de809453-a8ec-49b5-80fc-92c56cf4fcd7,2,5600.426555
2026/02/04/14:58:17,running-time,rs-003145-fnr5v,02519d3e-6fb8-4a2c-9fa0-31e7d4366d3b,2,5600.426555
2026/02/04/14:58:18,running-time,rs-003140-zgwvl,f543de6e-3ed4-41de-bf43-7bbe2f43ca4d,1,5601.426555
2026/02/04/14:58:24,apply-time,rs-003146-wjvd7,7df4027d-e1c4-4573-83eb-5932009ef628,1,5608.426555
2026/02/04/14:58:24,running-time,rs-003146-wjvd7,7df4027d-e1c4-4573-83eb-5932009ef628,1,5608.426555
2026/02/04/14:58:24,apply-time,rs-003147-6dbw5,1a89fedd-253c-47cb-b3c6-1665a0dfcae8,3,5608.426555
2026/02/04/14:58:24,running-time,rs-003147-6dbw5,1a89fedd-253c-47cb-b3c6-1665a0dfcae8,3,5608.426555
2026/02/04/14:58:24,apply-time,rs-003147-bgntl,d872a40c-4c6d-4d65-9c0d-2a22b0677387,3,5608.426555
2026/02/04/14:58:24,running-time,rs-003147-bgntl,d872a40c-4c6d-4d65-9c0d-2a22b0677387,3,5608.426555
2026/02/04/14:58:24,apply-time,rs-003147-ftspd,5ae08834-c7e0-485b-b66d-e250e5c804c7,3,5608.426555
2026/02/04/14:58:24,running-time,rs-003147-ftspd,5ae08834-c7e0-485b-b66d-e250e5c804c7,3,5608.426555
2026/02/04/14:58:25,apply-time,rs-003148-m4cfv,a5318781-0627-4380-bcc8-8b5625819a40,4,5608.426555
2026/02/04/14:58:25,running-time,rs-003148-m4cfv,a5318781-0627-4380-bcc8-8b5625819a40,4,5608.426555
2026/02/04/14:58:25,apply-time,rs-003149-hrd5v,c645a0dd-0b2c-49dd-8016-ae001e708cde,2,5608.426555
2026/02/04/14:58:25,running-time,rs-003149-hrd5v,c645a0dd-0b2c-49dd-8016-ae001e708cde,2,5608.426555
2026/02/04/14:58:25,apply-time,rs-003149-mxz55,941b26ac-dac1-4bf0-b5f3-d7cbc20948be,2,5608.426555
2026/02/04/14:58:25,running-time,rs-003149-mxz55,941b26ac-dac1-4bf0-b5f3-d7cbc20948be,2,5608.426555
2026/02/04/14:58:25,apply-time,rs-003149-zgx2b,988d8003-2fc5-498c-ac3f-af2d1f97ff42,2,5608.426555
2026/02/04/14:58:25,running-time,rs-003149-zgx2b,988d8003-2fc5-498c-ac3f-af2d1f97ff42,2,5608.426555
2026/02/04/14:58:25,apply-time,rs-003150-2gngw,64ee3e2c-f46e-4170-ba06-8a0171d3eb0a,2,5608.426555
2026/02/04/14:58:25,apply-time,rs-003150-ggxqc,1cca6b0e-953e-4b81-86ef-7c2cb7d2b062,2,5608.426555
2026/02/04/14:58:25,apply-time,rs-003151-wzfzc,c7f3ca1b-d678-4343-9163-18fab2c931b9,3,5608.426555
2026/02/04/14:58:25,running-time,rs-003151-wzfzc,c7f3ca1b-d678-4343-9163-18fab2c931b9,3,5608.426555
2026/02/04/14:58:25,apply-time,rs-003152-4n647,3fe0bfe8-3062-4ac5-ba25-81cc40735239,2,5609.426555
2026/02/04/14:58:25,running-time,rs-003152-4n647,3fe0bfe8-3062-4ac5-ba25-81cc40735239,2,5609.426555
2026/02/04/14:58:25,apply-time,rs-003152-rfp7h,db823791-c3dc-4fca-828d-416f0916bd3f,2,5608.426555
2026/02/04/14:58:25,running-time,rs-003152-rfp7h,db823791-c3dc-4fca-828d-416f0916bd3f,2,5608.426555
2026/02/04/14:58:25,apply-time,rs-003152-xwqmf,3f68f8c8-0160-4e61-94f5-34dfa696966b,2,5609.426555
2026/02/04/14:58:25,running-time,rs-003152-xwqmf,3f68f8c8-0160-4e61-94f5-34dfa696966b,2,5609.426555
2026/02/04/14:58:40,apply-time,rs-003153-kvd77,c17cea17-8981-46d1-b64f-1a0336c13913,2,5623.426555
2026/02/04/14:58:40,running-time,rs-003153-kvd77,c17cea17-8981-46d1-b64f-1a0336c13913,2,5623.426555
2026/02/04/14:58:40,apply-time,rs-003154-cm2fx,8dddc137-1301-43cf-91a9-41b3db2d1fac,4,5623.426555
2026/02/04/14:58:40,running-time,rs-003154-cm2fx,8dddc137-1301-43cf-91a9-41b3db2d1fac,4,5623.426555
2026/02/04/14:58:40,apply-time,rs-003154-wjs9k,61c57354-0684-4002-9480-cc84d7877c16,4,5623.426555
2026/02/04/14:58:40,running-time,rs-003154-wjs9k,61c57354-0684-4002-9480-cc84d7877c16,4,5623.426555
2026/02/04/14:58:40,apply-time,rs-003155-tmw8n,186afb6b-43fa-4f5a-9d5b-401b1c8f4e4d,4,5623.426555
2026/02/04/14:58:40,running-time,rs-003155-tmw8n,186afb6b-43fa-4f5a-9d5b-401b1c8f4e4d,4,5624.426555
2026/02/04/14:58:40,apply-time,rs-003156-6tqsp,ae5b8665-fe41-49aa-a19d-1190f3a9e044,4,5624.426555
2026/02/04/14:58:40,running-time,rs-003156-6tqsp,ae5b8665-fe41-49aa-a19d-1190f3a9e044,4,5624.426555
2026/02/04/14:58:40,apply-time,rs-003156-pwrwq,42235eba-54ac-477d-ab05-6d452e483972,4,5624.426555
2026/02/04/14:58:40,running-time,rs-003156-pwrwq,42235eba-54ac-477d-ab05-6d452e483972,4,5624.426555
2026/02/04/14:58:40,apply-time,rs-003156-q5dt6,5f33d05a-1790-4ad0-8722-56746a08feeb,4,5624.426555
2026/02/04/14:58:40,running-time,rs-003156-q5dt6,5f33d05a-1790-4ad0-8722-56746a08feeb,4,5624.426555
2026/02/04/14:58:40,apply-time,rs-003157-rv6rg,ae22e1d6-de07-4b9d-a90c-1111bf4aa79b,2,5624.426555
2026/02/04/14:58:40,running-time,rs-003157-rv6rg,ae22e1d6-de07-4b9d-a90c-1111bf4aa79b,2,5624.426555
2026/02/04/14:58:40,apply-time,rs-003158-6chk9,6eb37141-329b-474e-8f5e-3911f8509ae3,2,5624.426555
2026/02/04/14:58:40,running-time,rs-003158-6chk9,6eb37141-329b-474e-8f5e-3911f8509ae3,2,5624.426555
2026/02/04/14:58:43,apply-time,rs-003159-wjm4x,8f00f888-40b5-46e3-a2b2-3abe7e1c4030,4,5627.426555
2026/02/04/14:58:43,running-time,rs-003159-wjm4x,8f00f888-40b5-46e3-a2b2-3abe7e1c4030,4,5627.426555
2026/02/04/14:58:43,apply-time,rs-003160-np6kf,0fed4fdf-7ebc-457b-9534-fd64a0e1a425,2,5627.426555
2026/02/04/14:58:43,running-time,rs-003160-np6kf,0fed4fdf-7ebc-457b-9534-fd64a0e1a425,2,5627.426555
2026/02/04/14:58:43,apply-time,rs-003160-zg6zx,3b67eebd-4e8a-4c3a-ac3e-a385eece8d86,2,5627.426555
2026/02/04/14:58:43,running-time,rs-003160-zg6zx,3b67eebd-4e8a-4c3a-ac3e-a385eece8d86,2,5627.426555
2026/02/04/14:58:43,apply-time,rs-003161-c7nd9,c108db7d-0f70-43a4-ac84-fc3289e6d05f,4,5627.426555
2026/02/04/14:58:43,apply-time,rs-003162-dvksc,1c9730bc-87b3-477e-89b8-50b6f44da77c,1,5627.426555
2026/02/04/14:58:43,running-time,rs-003162-dvksc,1c9730bc-87b3-477e-89b8-50b6f44da77c,1,5627.426555
2026/02/04/14:58:43,apply-time,rs-003162-gbp98,b7495b84-958e-487a-a32d-b0052fbfa36a,1,5627.426555
2026/02/04/14:58:43,running-time,rs-003162-gbp98,b7495b84-958e-487a-a32d-b0052fbfa36a,1,5627.426555
2026/02/04/14:58:43,apply-time,rs-003163-5tzd6,5d2facf1-2752-4ad9-bdfa-2fc865cb57a5,3,5627.426555
2026/02/04/14:58:43,running-time,rs-003163-5tzd6,5d2facf1-2752-4ad9-bdfa-2fc865cb57a5,3,5627.426555
2026/02/04/14:58:43,apply-time,rs-003163-bv5ps,053edd7b-10cd-4325-9d51-482bb654ea2d,3,5627.426555
2026/02/04/14:58:43,running-time,rs-003163-bv5ps,053edd7b-10cd-4325-9d51-482bb654ea2d,3,5627.426555
2026/02/04/14:58:43,apply-time,rs-003164-6lz28,5ac4cbdd-a3f7-4ba5-a2fe-aee346987913,2,5627.426555
2026/02/04/14:58:43,running-time,rs-003164-6lz28,5ac4cbdd-a3f7-4ba5-a2fe-aee346987913,2,5627.426555
2026/02/04/14:58:47,running-time,rs-003161-c7nd9,c108db7d-0f70-43a4-ac84-fc3289e6d05f,4,5630.426555
2026/02/04/14:58:57,apply-time,rs-003165-2fbsp,cba3dfa6-d474-4a01-915b-f582e28b324f,4,5640.426555
2026/02/04/14:58:57,running-time,rs-003165-2fbsp,cba3dfa6-d474-4a01-915b-f582e28b324f,4,5640.426555
2026/02/04/14:58:57,apply-time,rs-003165-6jphs,19c95265-e3df-4bfb-9a96-35613ae05456,4,5640.426555
2026/02/04/14:58:57,running-time,rs-003165-6jphs,19c95265-e3df-4bfb-9a96-35613ae05456,4,5640.426555
2026/02/04/14:58:58,apply-time,rs-003166-cqnzx,2844b654-df98-4a61-90c8-a99d3b5d07f9,2,5642.426555
2026/02/04/14:58:58,running-time,rs-003166-cqnzx,2844b654-df98-4a61-90c8-a99d3b5d07f9,2,5642.426555
2026/02/04/14:58:58,apply-time,rs-003166-rfqdp,cdcb2116-ebf2-49d9-80e9-59d7cdd3520b,2,5642.426555
2026/02/04/14:58:58,running-time,rs-003166-rfqdp,cdcb2116-ebf2-49d9-80e9-59d7cdd3520b,2,5642.426555
2026/02/04/14:58:58,apply-time,rs-003166-xrpzk,55959ad2-f409-42f8-8b4d-8aff3dcf268e,2,5642.426555
2026/02/04/14:58:58,running-time,rs-003166-xrpzk,55959ad2-f409-42f8-8b4d-8aff3dcf268e,2,5642.426555
2026/02/04/14:58:58,apply-time,rs-003167-4xw2p,9d13133d-8685-4649-9017-e732debf50fb,2,5642.426555
2026/02/04/14:58:58,apply-time,rs-003167-qs9s9,fea11225-a0dc-443d-81c7-613ba131b115,2,5642.426555
2026/02/04/14:58:58,apply-time,rs-003168-d59j2,4e2f0a74-f3ef-4336-8be9-a80fb9150442,1,5642.426555
2026/02/04/14:58:58,running-time,rs-003168-d59j2,4e2f0a74-f3ef-4336-8be9-a80fb9150442,1,5642.426555
2026/02/04/14:58:58,apply-time,rs-003168-rsm8q,89389c6e-2927-42a5-bb35-c12bc12f730b,1,5642.426555
2026/02/04/14:58:59,running-time,rs-003167-4xw2p,9d13133d-8685-4649-9017-e732debf50fb,2,5642.426555
2026/02/04/14:58:59,running-time,rs-003167-qs9s9,fea11225-a0dc-443d-81c7-613ba131b115,2,5642.426555
2026/02/04/14:58:59,running-time,rs-003168-rsm8q,89389c6e-2927-42a5-bb35-c12bc12f730b,1,5642.426555
2026/02/04/14:58:59,apply-time,rs-003169-d8mvd,45f414fe-8425-4c61-89de-41a1f6e092bc,4,5642.426555
2026/02/04/14:58:59,running-time,rs-003169-d8mvd,45f414fe-8425-4c61-89de-41a1f6e092bc,4,5642.426555
2026/02/04/14:58:59,apply-time,rs-003170-87sr5,d1ab4295-79d4-45bd-81a2-801e7727671c,3,5642.426555
2026/02/04/14:58:59,running-time,rs-003170-87sr5,d1ab4295-79d4-45bd-81a2-801e7727671c,3,5642.426555
2026/02/04/14:58:59,apply-time,rs-003170-ddhw2,9073ea11-a023-440c-9c64-8235e88e30ee,3,5642.426555
2026/02/04/14:58:59,running-time,rs-003170-ddhw2,9073ea11-a023-440c-9c64-8235e88e30ee,3,5642.426555
2026/02/04/14:59:01,apply-time,rs-003171-829xm,488504c6-1a2d-4eb4-9fb0-216300382680,3,5645.426555
2026/02/04/14:59:01,running-time,rs-003171-829xm,488504c6-1a2d-4eb4-9fb0-216300382680,3,5645.426555
2026/02/04/14:59:01,apply-time,rs-003171-zjw9t,0ca5b902-e983-4565-9c03-2f4841156ea6,3,5645.426555
2026/02/04/14:59:01,running-time,rs-003171-zjw9t,0ca5b902-e983-4565-9c03-2f4841156ea6,3,5645.426555
2026/02/04/14:59:01,apply-time,rs-003173-7n6kb,c1f1460b-c20b-4742-abce-ca8076465f83,2,5645.426555
2026/02/04/14:59:01,running-time,rs-003173-7n6kb,c1f1460b-c20b-4742-abce-ca8076465f83,2,5645.426555
2026/02/04/14:59:01,apply-time,rs-003173-l6b29,fa97a2d4-cf23-4ae8-bb59-1503263da58a,2,5645.426555
2026/02/04/14:59:01,running-time,rs-003173-l6b29,fa97a2d4-cf23-4ae8-bb59-1503263da58a,2,5645.426555
2026/02/04/14:59:01,apply-time,rs-003173-qsbvj,f34c3d5e-1b5c-4cdc-a5c6-6da3edfd8de7,2,5645.426555
2026/02/04/14:59:01,running-time,rs-003173-qsbvj,f34c3d5e-1b5c-4cdc-a5c6-6da3edfd8de7,2,5645.426555
2026/02/04/14:59:01,apply-time,rs-003174-p2rlp,d436974c-292d-4610-9c48-32af4438ee96,1,5645.426555
2026/02/04/14:59:02,apply-time,rs-003172-8kx4b,65757265-8b29-4ed5-af75-a41dee81739c,1,5645.426555
2026/02/04/14:59:02,apply-time,rs-003172-8wqfj,81aeb889-5b69-45a2-892b-93df55c0c722,1,5645.426555
2026/02/04/14:59:02,apply-time,rs-003172-dvdc8,c0f189b2-7c2e-472c-af13-4e46d0bce4f2,1,5645.426555
2026/02/04/14:59:02,apply-time,rs-003174-7w7vl,ef5cf802-c50c-4032-ba4c-2109a2ebf0ec,1,5645.426555
2026/02/04/14:59:02,running-time,rs-003174-7w7vl,ef5cf802-c50c-4032-ba4c-2109a2ebf0ec,1,5645.426555
2026/02/04/14:59:02,running-time,rs-003174-p2rlp,d436974c-292d-4610-9c48-32af4438ee96,1,5645.426555
2026/02/04/14:59:02,apply-time,rs-003175-sjfrg,bbd7ed8d-6c2f-4d99-9ee7-4c942d87c874,1,5645.426555
2026/02/04/14:59:02,running-time,rs-003175-sjfrg,bbd7ed8d-6c2f-4d99-9ee7-4c942d87c874,1,5645.426555
2026/02/04/14:59:02,apply-time,rs-003176-8ppcd,6232efc8-84bf-4623-98f8-574e6d254e7b,3,5646.426555
2026/02/04/14:59:02,running-time,rs-003176-8ppcd,6232efc8-84bf-4623-98f8-574e6d254e7b,3,5646.426555
2026/02/04/14:59:02,apply-time,rs-003176-c4q2n,c99ce420-d1d1-489c-b715-6135eb8a2bd8,3,5645.426555
2026/02/04/14:59:02,running-time,rs-003176-c4q2n,c99ce420-d1d1-489c-b715-6135eb8a2bd8,3,5645.426555
2026/02/04/14:59:02,apply-time,rs-003176-mfpw9,a3229afe-f565-41f6-ae71-13e254f67da3,3,5646.426555
2026/02/04/14:59:02,running-time,rs-003176-mfpw9,a3229afe-f565-41f6-ae71-13e254f67da3,3,5646.426555
2026/02/04/14:59:02,apply-time,rs-003177-flc9l,fa88e133-59d1-47af-b6e2-9ae8b57a641c,2,5645.426555
2026/02/04/14:59:02,running-time,rs-003177-flc9l,fa88e133-59d1-47af-b6e2-9ae8b57a641c,2,5645.426555
2026/02/04/14:59:02,apply-time,rs-003178-jfnrz,a270722c-50fa-442d-82e8-d12736502168,1,5646.426555
2026/02/04/14:59:03,apply-time,rs-003178-pmtzb,b16098f3-f295-47da-8f0d-b42a7e74e5ea,1,5646.426555
2026/02/04/14:59:03,apply-time,rs-003179-hhtpl,a97576b7-e8ba-4129-94b5-2f8d90c287e4,3,5646.426555
2026/02/04/14:59:03,apply-time,rs-003180-gpdhp,cbeb8416-7c21-4cf4-8e3b-86e2f85daa63,1,5646.426555
2026/02/04/14:59:03,running-time,rs-003180-gpdhp,cbeb8416-7c21-4cf4-8e3b-86e2f85daa63,1,5646.426555
2026/02/04/14:59:03,apply-time,rs-003180-rs4gp,4bee04db-587a-4bb8-863d-241d365fc052,1,5646.426555
2026/02/04/14:59:03,running-time,rs-003180-rs4gp,4bee04db-587a-4bb8-863d-241d365fc052,1,5646.426555
2026/02/04/14:59:03,apply-time,rs-003180-xvxzs,06da9c0c-9655-49f8-96ac-6f941b2af1ca,1,5646.426555
2026/02/04/14:59:03,running-time,rs-003180-xvxzs,06da9c0c-9655-49f8-96ac-6f941b2af1ca,1,5646.426555
2026/02/04/14:59:06,running-time,rs-003178-jfnrz,a270722c-50fa-442d-82e8-d12736502168,1,5649.426555
2026/02/04/14:59:06,running-time,rs-003178-pmtzb,b16098f3-f295-47da-8f0d-b42a7e74e5ea,1,5649.426555
2026/02/04/14:59:06,running-time,rs-003179-hhtpl,a97576b7-e8ba-4129-94b5-2f8d90c287e4,3,5649.426555
2026/02/04/14:59:12,apply-time,rs-003181-k2z2r,80ddc543-5700-4e15-8dd9-4c4455b54a17,1,5656.426555
2026/02/04/14:59:12,running-time,rs-003181-k2z2r,80ddc543-5700-4e15-8dd9-4c4455b54a17,1,5656.426555
2026/02/04/14:59:12,apply-time,rs-003181-qf5gd,62df9d13-524d-46c4-b612-575148c4d2bb,1,5656.426555
2026/02/04/14:59:12,running-time,rs-003181-qf5gd,62df9d13-524d-46c4-b612-575148c4d2bb,1,5656.426555
2026/02/04/14:59:13,apply-time,rs-003182-5hfr4,bdb8a910-c271-4616-9022-72b39754d4be,1,5656.426555
2026/02/04/14:59:13,running-time,rs-003182-5hfr4,bdb8a910-c271-4616-9022-72b39754d4be,1,5656.426555
2026/02/04/14:59:13,apply-time,rs-003182-fqsfm,eb35fbab-0671-4db0-9ca4-b5ea2f367a48,1,5656.426555
2026/02/04/14:59:13,running-time,rs-003182-fqsfm,eb35fbab-0671-4db0-9ca4-b5ea2f367a48,1,5656.426555
2026/02/04/14:59:13,apply-time,rs-003183-nc42s,293876bd-ed2f-43e7-a4a8-d070db71a791,2,5656.426555
2026/02/04/14:59:13,running-time,rs-003183-nc42s,293876bd-ed2f-43e7-a4a8-d070db71a791,2,5657.426555
2026/02/04/14:59:13,apply-time,rs-003183-sckrv,f663fec9-5cf8-42dc-a638-fbb0e3f7dfd9,2,5656.426555
2026/02/04/14:59:13,running-time,rs-003183-sckrv,f663fec9-5cf8-42dc-a638-fbb0e3f7dfd9,2,5656.426555
2026/02/04/14:59:13,apply-time,rs-003184-nmw7d,9bd8c216-1537-48af-9f6e-ee3b217da259,2,5656.426555
2026/02/04/14:59:13,apply-time,rs-003184-wffns,61a82862-2d6d-4621-975f-943a325794b9,2,5656.426555
2026/02/04/14:59:13,apply-time,rs-003185-4wp62,1f96129c-bb4b-42cb-8d94-aec353b0aca9,1,5656.426555
2026/02/04/14:59:13,running-time,rs-003185-4wp62,1f96129c-bb4b-42cb-8d94-aec353b0aca9,1,5656.426555
2026/02/04/14:59:13,apply-time,rs-003185-kwzwb,f732ab0a-8b20-43bf-aa9c-73ac902b0bdf,1,5657.426555
2026/02/04/14:59:13,apply-time,rs-003185-lrt8j,189ff149-369c-4440-b0d8-f42053e84b48,1,5657.426555
2026/02/04/14:59:13,apply-time,rs-003186-c96kj,1aa03b37-61bb-4151-ae02-0fbac7ee011f,2,5657.426555
2026/02/04/14:59:13,running-time,rs-003186-c96kj,1aa03b37-61bb-4151-ae02-0fbac7ee011f,2,5657.426555
2026/02/04/14:59:14,running-time,rs-003172-dvdc8,c0f189b2-7c2e-472c-af13-4e46d0bce4f2,1,5657.426555
2026/02/04/14:59:14,apply-time,rs-003174-cwfzz,d405f708-b4c7-440b-9a1c-78e86e1a2eac,1,5657.426555
2026/02/04/14:59:15,running-time,rs-003172-8kx4b,65757265-8b29-4ed5-af75-a41dee81739c,1,5659.426555
2026/02/04/14:59:15,running-time,rs-003172-8wqfj,81aeb889-5b69-45a2-892b-93df55c0c722,1,5659.426555
2026/02/04/14:59:18,running-time,rs-003174-cwfzz,d405f708-b4c7-440b-9a1c-78e86e1a2eac,1,5661.426555
2026/02/04/14:59:18,running-time,rs-003185-kwzwb,f732ab0a-8b20-43bf-aa9c-73ac902b0bdf,1,5661.426555
2026/02/04/14:59:18,running-time,rs-003185-lrt8j,189ff149-369c-4440-b0d8-f42053e84b48,1,5661.426555
2026/02/04/14:59:22,apply-time,rs-003187-g5jsk,fb9916be-7d1c-4322-9eaf-156eeb44708e,1,5666.426555
2026/02/04/14:59:22,running-time,rs-003187-g5jsk,fb9916be-7d1c-4322-9eaf-156eeb44708e,1,5666.426555
2026/02/04/14:59:22,apply-time,rs-003187-gf4qj,2a563380-386c-41a4-aad0-777435f11edf,1,5666.426555
2026/02/04/14:59:22,running-time,rs-003187-gf4qj,2a563380-386c-41a4-aad0-777435f11edf,1,5666.426555
2026/02/04/14:59:22,apply-time,rs-003187-thgrk,ed170f49-682b-4309-84fd-05a5e636dd61,1,5666.426555
2026/02/04/14:59:22,running-time,rs-003187-thgrk,ed170f49-682b-4309-84fd-05a5e636dd61,1,5666.426555
2026/02/04/14:59:22,apply-time,rs-003188-plk7s,57080f04-9b39-4168-9171-f6123f174293,1,5666.426555
2026/02/04/14:59:22,running-time,rs-003188-plk7s,57080f04-9b39-4168-9171-f6123f174293,1,5666.426555
2026/02/04/14:59:22,apply-time,rs-003188-vc7mb,d8d85bf5-2a69-4dbb-8625-4db531cda979,1,5666.426555
2026/02/04/14:59:22,apply-time,rs-003189-dm27k,94258c70-de52-4c85-9db6-07d0df84e3c0,2,5666.426555
2026/02/04/14:59:22,running-time,rs-003189-dm27k,94258c70-de52-4c85-9db6-07d0df84e3c0,2,5666.426555
2026/02/04/14:59:24,running-time,rs-003188-vc7mb,d8d85bf5-2a69-4dbb-8625-4db531cda979,1,5668.426555
2026/02/04/14:59:24,apply-time,rs-003190-w6zdq,57eab8f4-2a04-4b6b-9c52-a76be25feba1,1,5667.426555
2026/02/04/14:59:24,apply-time,rs-003190-zpf5r,5fca9e9e-5cc3-4938-97b7-42a91ddce211,1,5667.426555
2026/02/04/14:59:24,apply-time,rs-003191-44hjg,00b825ea-8bc4-4d39-8e71-3af925f7b8d8,1,5667.426555
2026/02/04/14:59:24,running-time,rs-003191-44hjg,00b825ea-8bc4-4d39-8e71-3af925f7b8d8,1,5668.426555
2026/02/04/14:59:24,apply-time,rs-003191-hvvgz,b143ffa7-977b-4dba-93ec-380ad443c8f1,1,5667.426555
2026/02/04/14:59:24,apply-time,rs-003191-wm497,ba29d4ff-4b70-4ae1-aa92-6001f5455df5,1,5667.426555
2026/02/04/14:59:24,running-time,rs-003191-wm497,ba29d4ff-4b70-4ae1-aa92-6001f5455df5,1,5668.426555
2026/02/04/14:59:29,running-time,rs-003191-hvvgz,b143ffa7-977b-4dba-93ec-380ad443c8f1,1,5673.426555
2026/02/04/14:59:30,apply-time,rs-003192-7hxxp,20304f33-2e3a-40ab-aca8-8b29afdcbcfd,1,5674.426555
2026/02/04/14:59:30,running-time,rs-003192-7hxxp,20304f33-2e3a-40ab-aca8-8b29afdcbcfd,1,5674.426555
2026/02/04/14:59:30,apply-time,rs-003192-cdjxp,7439250a-456a-4061-b515-aa2544d7b723,1,5674.426555
2026/02/04/14:59:30,running-time,rs-003192-cdjxp,7439250a-456a-4061-b515-aa2544d7b723,1,5674.426555
2026/02/04/14:59:30,apply-time,rs-003192-tfxwr,d21ba3f3-ed94-4128-a496-c71fbac11f28,1,5674.426555
2026/02/04/14:59:30,running-time,rs-003192-tfxwr,d21ba3f3-ed94-4128-a496-c71fbac11f28,1,5674.426555
2026/02/04/14:59:36,apply-time,rs-003193-88ctc,582aad9c-fbcb-47fc-9fea-c2da7912a708,4,5680.426555
2026/02/04/14:59:36,running-time,rs-003193-88ctc,582aad9c-fbcb-47fc-9fea-c2da7912a708,4,5680.426555
2026/02/04/14:59:36,apply-time,rs-003193-gvxsf,05eb004e-8128-481c-930d-cfae0c800d2c,4,5680.426555
2026/02/04/14:59:36,running-time,rs-003193-gvxsf,05eb004e-8128-481c-930d-cfae0c800d2c,4,5680.426555
2026/02/04/14:59:36,apply-time,rs-003193-vwtm7,c00d45be-0da6-4f62-984e-b1571d0c3dfd,4,5680.426555
2026/02/04/14:59:36,running-time,rs-003193-vwtm7,c00d45be-0da6-4f62-984e-b1571d0c3dfd,4,5680.426555
2026/02/04/14:59:36,apply-time,rs-003194-twhb9,56e904ff-6ac0-4c43-9430-d2b412f877bc,4,5680.426555
2026/02/04/14:59:36,apply-time,rs-003194-w24lp,b2f59e7f-c981-47d5-8af4-9ca0014f540a,4,5680.426555
2026/02/04/14:59:36,running-time,rs-003194-w24lp,b2f59e7f-c981-47d5-8af4-9ca0014f540a,4,5680.426555
2026/02/04/14:59:36,apply-time,rs-003195-45pqh,88e8d0a5-62b9-42c5-8421-f95d89a37f11,1,5680.426555
2026/02/04/14:59:36,apply-time,rs-003195-jz2dd,3bad79ed-8e48-47c5-bfb8-b5938d119dbd,1,5680.426555
2026/02/04/14:59:36,apply-time,rs-003196-9snnw,796fbb54-f593-48fb-8a1b-ccd4b14de828,1,5680.426555
2026/02/04/14:59:36,apply-time,rs-003196-k8hsz,2d710717-7e37-4403-8490-8f9696402105,1,5680.426555
2026/02/04/14:59:36,running-time,rs-003196-k8hsz,2d710717-7e37-4403-8490-8f9696402105,1,5680.426555
2026/02/04/14:59:36,apply-time,rs-003197-v4ljn,26e7a7b0-6717-479a-b343-91c824cfbc59,1,5680.426555
2026/02/04/14:59:36,apply-time,rs-003198-frbkv,5be012e3-83a8-435f-a27d-e9b3b4258f6d,1,5680.426555
2026/02/04/14:59:36,apply-time,rs-003198-hg28d,5ec017be-17b8-4bc2-a296-617e14edc83a,1,5680.426555
2026/02/04/14:59:36,apply-time,rs-003198-lz4dk,3d05c08a-783b-42c2-b2a1-cd5f880a636f,1,5680.426555
2026/02/04/14:59:39,running-time,rs-003196-9snnw,796fbb54-f593-48fb-8a1b-ccd4b14de828,1,5683.426555
2026/02/04/14:59:40,running-time,rs-003198-frbkv,5be012e3-83a8-435f-a27d-e9b3b4258f6d,1,5683.426555
2026/02/04/14:59:40,running-time,rs-003198-hg28d,5ec017be-17b8-4bc2-a296-617e14edc83a,1,5683.426555
2026/02/04/14:59:40,running-time,rs-003198-lz4dk,3d05c08a-783b-42c2-b2a1-cd5f880a636f,1,5684.426555
2026/02/04/14:59:41,running-time,rs-003194-twhb9,56e904ff-6ac0-4c43-9430-d2b412f877bc,4,5685.426555
2026/02/04/14:59:56,apply-time,rs-003199-fvvnk,1ac39c9f-f24b-4243-8a0c-e5bbeb8e2068,4,5700.426555
2026/02/04/14:59:56,running-time,rs-003199-fvvnk,1ac39c9f-f24b-4243-8a0c-e5bbeb8e2068,4,5700.426555
2026/02/04/14:59:56,apply-time,rs-003199-wp6gr,7729e57b-b350-4b34-b74a-2890b9ee3bcc,4,5700.426555
2026/02/04/14:59:56,running-time,rs-003199-wp6gr,7729e57b-b350-4b34-b74a-2890b9ee3bcc,4,5700.426555
2026/02/04/14:59:56,apply-time,rs-003200-5nh4r,edf3aab3-69e3-4a4f-aa4a-200966a4bc25,4,5700.426555
2026/02/04/14:59:56,running-time,rs-003200-5nh4r,edf3aab3-69e3-4a4f-aa4a-200966a4bc25,4,5700.426555
2026/02/04/14:59:56,apply-time,rs-003201-bsxqd,bff176d9-4c26-4741-b4f0-9084fd2d32ef,1,5700.426555
2026/02/04/14:59:56,running-time,rs-003201-bsxqd,bff176d9-4c26-4741-b4f0-9084fd2d32ef,1,5700.426555
2026/02/04/14:59:56,apply-time,rs-003201-vt67f,c071901e-27db-4fca-8c26-2d3347bb3103,1,5700.426555
2026/02/04/14:59:56,running-time,rs-003201-vt67f,c071901e-27db-4fca-8c26-2d3347bb3103,1,5700.426555
2026/02/04/14:59:57,apply-time,rs-003202-74np9,2b9a307a-aa1d-4a7c-aebb-71171ea0b368,1,5701.426555
2026/02/04/14:59:57,running-time,rs-003202-74np9,2b9a307a-aa1d-4a7c-aebb-71171ea0b368,1,5701.426555
2026/02/04/14:59:57,apply-time,rs-003202-vnhqz,4c208b3f-e62f-49cf-bd27-218f1ff0edbd,1,5701.426555
2026/02/04/14:59:57,running-time,rs-003202-vnhqz,4c208b3f-e62f-49cf-bd27-218f1ff0edbd,1,5701.426555
2026/02/04/14:59:57,apply-time,rs-003202-zlhqk,0cddf255-0fa9-408b-8638-d69d146760d3,1,5701.426555
2026/02/04/14:59:57,running-time,rs-003202-zlhqk,0cddf255-0fa9-408b-8638-d69d146760d3,1,5701.426555
2026/02/04/14:59:57,apply-time,rs-003203-4kkxn,6780d02b-c7a7-4f2b-aa00-becc502e3666,2,5701.426555
2026/02/04/14:59:57,running-time,rs-003203-4kkxn,6780d02b-c7a7-4f2b-aa00-becc502e3666,2,5701.426555
2026/02/04/14:59:57,apply-time,rs-003203-s4nhc,8cafbfb5-956d-4033-b9f0-9d1c4af5f410,2,5701.426555
2026/02/04/14:59:57,running-time,rs-003203-s4nhc,8cafbfb5-956d-4033-b9f0-9d1c4af5f410,2,5701.426555
2026/02/04/14:59:57,apply-time,rs-003204-ltm9x,e4db5860-afb6-48ca-b301-58712a411f4a,1,5701.426555
2026/02/04/14:59:57,running-time,rs-003204-ltm9x,e4db5860-afb6-48ca-b301-58712a411f4a,1,5701.426555
2026/02/04/14:59:57,apply-time,rs-003204-qg4jh,f05f1d4c-b42b-4cf9-a90c-5cb90e5c2e1c,1,5701.426555
2026/02/04/14:59:57,running-time,rs-003204-qg4jh,f05f1d4c-b42b-4cf9-a90c-5cb90e5c2e1c,1,5701.426555
2026/02/04/15:00:02,apply-time,rs-003205-nthvm,8c307add-525c-4066-affb-a847db89f0bb,2,5705.426555
2026/02/04/15:00:02,running-time,rs-003205-nthvm,8c307add-525c-4066-affb-a847db89f0bb,2,5705.426555
2026/02/04/15:00:02,apply-time,rs-003205-sp2bs,395788a7-7ef5-456d-9b59-467afc98b489,2,5705.426555
2026/02/04/15:00:02,running-time,rs-003205-sp2bs,395788a7-7ef5-456d-9b59-467afc98b489,2,5705.426555
2026/02/04/15:00:02,apply-time,rs-003206-4rk2x,9f1dc1f4-a523-4078-a1ef-a919d7fd7077,2,5706.426555
2026/02/04/15:00:02,running-time,rs-003206-4rk2x,9f1dc1f4-a523-4078-a1ef-a919d7fd7077,2,5706.426555
2026/02/04/15:00:06,apply-time,rs-003207-jw8fp,35c896ea-026b-4048-909e-7545ebcf5157,1,5710.426555
2026/02/04/15:00:06,running-time,rs-003207-jw8fp,35c896ea-026b-4048-909e-7545ebcf5157,1,5710.426555
2026/02/04/15:00:06,apply-time,rs-003208-hk5f2,a3a64e05-7fc5-4b35-ad4b-a9b32b6b41ce,3,5710.426555
2026/02/04/15:00:06,running-time,rs-003208-hk5f2,a3a64e05-7fc5-4b35-ad4b-a9b32b6b41ce,3,5710.426555
2026/02/04/15:00:06,apply-time,rs-003208-qln9c,8330281b-9a58-4a0c-8245-dbb9402bb07c,3,5710.426555
2026/02/04/15:00:06,running-time,rs-003208-qln9c,8330281b-9a58-4a0c-8245-dbb9402bb07c,3,5710.426555
2026/02/04/15:00:06,apply-time,rs-003209-2pzmf,9520a8e5-23c4-47fc-8d30-3b011bb3d9ff,3,5710.426555
2026/02/04/15:00:06,running-time,rs-003209-2pzmf,9520a8e5-23c4-47fc-8d30-3b011bb3d9ff,3,5710.426555
2026/02/04/15:00:06,apply-time,rs-003209-frlhh,d2dde99e-534c-4052-85d5-ad3b5b5443f8,3,5710.426555
2026/02/04/15:00:06,running-time,rs-003209-frlhh,d2dde99e-534c-4052-85d5-ad3b5b5443f8,3,5710.426555
2026/02/04/15:00:06,apply-time,rs-003209-ldp57,72a3006e-e173-4ab0-b4b5-0f344d0bb961,3,5710.426555
2026/02/04/15:00:06,running-time,rs-003209-ldp57,72a3006e-e173-4ab0-b4b5-0f344d0bb961,3,5710.426555
2026/02/04/15:00:06,apply-time,rs-003210-68rlg,dd861ef3-9170-405f-989e-cfd62687e244,2,5710.426555
2026/02/04/15:00:06,running-time,rs-003210-68rlg,dd861ef3-9170-405f-989e-cfd62687e244,2,5710.426555
2026/02/04/15:00:06,apply-time,rs-003210-cjt7h,6b04af3e-ee0d-4724-ba6d-df41baf8d419,2,5710.426555
2026/02/04/15:00:06,running-time,rs-003210-cjt7h,6b04af3e-ee0d-4724-ba6d-df41baf8d419,2,5710.426555
2026/02/04/15:00:06,apply-time,rs-003210-x6gpc,bcb1bc2e-3928-450d-a11e-c00bb5e3c29d,2,5710.426555
2026/02/04/15:00:06,running-time,rs-003210-x6gpc,bcb1bc2e-3928-450d-a11e-c00bb5e3c29d,2,5710.426555
2026/02/04/15:00:06,apply-time,rs-003211-f8rh6,2900f36e-6a48-4a56-a082-5c74feb04ee0,2,5710.426555
2026/02/04/15:00:06,apply-time,rs-003212-j99wp,14e55d6f-02a2-4797-a0d9-7dbd5d1bbaea,2,5710.426555
2026/02/04/15:00:06,running-time,rs-003212-j99wp,14e55d6f-02a2-4797-a0d9-7dbd5d1bbaea,2,5710.426555
2026/02/04/15:00:06,apply-time,rs-003212-w5zwr,90f2ac87-a2ec-4dd7-8206-7cd7604612f1,2,5710.426555
2026/02/04/15:00:06,running-time,rs-003212-w5zwr,90f2ac87-a2ec-4dd7-8206-7cd7604612f1,2,5710.426555
2026/02/04/15:00:06,apply-time,rs-003213-lncfg,f3699896-2459-4c7c-8c17-c7c8060a0f27,1,5710.426555
2026/02/04/15:00:06,running-time,rs-003213-lncfg,f3699896-2459-4c7c-8c17-c7c8060a0f27,1,5710.426555
2026/02/04/15:00:06,apply-time,rs-003213-xwn48,9502aab5-a8d7-4406-98a1-a31dc7394714,1,5710.426555
2026/02/04/15:00:06,running-time,rs-003213-xwn48,9502aab5-a8d7-4406-98a1-a31dc7394714,1,5710.426555
2026/02/04/15:00:07,apply-time,rs-003214-x96m6,e68540bb-0b0a-4e76-8e71-1c2de707fedb,1,5710.426555
2026/02/04/15:00:07,running-time,rs-003214-x96m6,e68540bb-0b0a-4e76-8e71-1c2de707fedb,1,5710.426555
2026/02/04/15:00:07,apply-time,rs-003215-lw6p8,d538af56-5ed7-45d8-856c-61cc6c88555a,4,5710.426555
2026/02/04/15:00:07,running-time,rs-003215-lw6p8,d538af56-5ed7-45d8-856c-61cc6c88555a,4,5710.426555
2026/02/04/15:00:07,apply-time,rs-003215-t57b6,641caf0b-0bbe-4eb3-b0db-f4e7411c0298,4,5711.426555
2026/02/04/15:00:07,apply-time,rs-003215-tffww,405a00b2-a965-4a98-84e2-fff38e33351c,4,5711.426555
2026/02/04/15:00:07,running-time,rs-003215-tffww,405a00b2-a965-4a98-84e2-fff38e33351c,4,5711.426555
2026/02/04/15:00:07,apply-time,rs-003216-b6cmw,92b61cf1-0259-40e9-9152-286879c7136a,1,5710.426555
2026/02/04/15:00:07,running-time,rs-003216-b6cmw,92b61cf1-0259-40e9-9152-286879c7136a,1,5710.426555
2026/02/04/15:00:09,running-time,rs-003211-f8rh6,2900f36e-6a48-4a56-a082-5c74feb04ee0,2,5712.426555
2026/02/04/15:00:10,apply-time,rs-003217-4lh8j,77608d74-a194-4d33-b510-6998e52c8c13,1,5714.426555
2026/02/04/15:00:10,apply-time,rs-003217-bx9tq,3b60b444-da1e-4e6c-a325-455f29356c17,1,5714.426555
2026/02/04/15:00:14,apply-time,rs-003218-6mxhd,dea50dcd-97ea-4286-a013-5f7490291741,2,5718.426555
2026/02/04/15:00:14,running-time,rs-003218-6mxhd,dea50dcd-97ea-4286-a013-5f7490291741,2,5718.426555
2026/02/04/15:00:14,apply-time,rs-003218-p888x,07a9e8d1-6208-4d33-9b5e-879ea420e899,2,5718.426555
2026/02/04/15:00:14,apply-time,rs-003219-5dlxn,6db26206-b7cd-4556-b657-ceafaa7f7896,2,5718.426555
2026/02/04/15:00:14,running-time,rs-003219-5dlxn,6db26206-b7cd-4556-b657-ceafaa7f7896,2,5718.426555
2026/02/04/15:00:14,apply-time,rs-003219-86v9v,16de5bdd-db16-4092-9bdf-8e667f78070b,2,5718.426555
2026/02/04/15:00:14,running-time,rs-003219-86v9v,16de5bdd-db16-4092-9bdf-8e667f78070b,2,5718.426555
2026/02/04/15:00:14,apply-time,rs-003219-t9nf7,de5889aa-7a0d-4e31-aea9-d2103caf7fd5,2,5718.426555
2026/02/04/15:00:14,running-time,rs-003219-t9nf7,de5889aa-7a0d-4e31-aea9-d2103caf7fd5,2,5718.426555
2026/02/04/15:00:14,apply-time,rs-003220-cnldl,cee72c73-b934-462d-a91d-180bb882ded1,3,5718.426555
2026/02/04/15:00:14,running-time,rs-003220-cnldl,cee72c73-b934-462d-a91d-180bb882ded1,3,5718.426555
2026/02/04/15:00:14,apply-time,rs-003221-4n6jw,2c415416-58db-450f-bc39-f6f95ad4d880,4,5718.426555
2026/02/04/15:00:14,running-time,rs-003221-4n6jw,2c415416-58db-450f-bc39-f6f95ad4d880,4,5718.426555
2026/02/04/15:00:14,apply-time,rs-003221-fcmsg,caab3a3e-c79a-48d7-8b3c-c15cfa1e0432,4,5718.426555
2026/02/04/15:00:14,running-time,rs-003221-fcmsg,caab3a3e-c79a-48d7-8b3c-c15cfa1e0432,4,5718.426555
2026/02/04/15:00:15,apply-time,rs-003222-mzb9w,185c80c5-a07c-4009-8fb2-8f42177692de,4,5718.426555
2026/02/04/15:00:15,apply-time,rs-003222-swsm9,7c0a5b07-851f-4f38-a9b7-2bde788fe670,4,5718.426555
2026/02/04/15:00:15,apply-time,rs-003222-xnkn6,f56559d8-e8f5-42b5-975e-b0f2331a2a09,4,5718.426555
2026/02/04/15:00:15,apply-time,rs-003223-9ls7l,bc85145f-0c4e-4ea0-8184-29b73b4f9383,3,5718.426555
2026/02/04/15:00:15,running-time,rs-003223-9ls7l,bc85145f-0c4e-4ea0-8184-29b73b4f9383,3,5718.426555
2026/02/04/15:00:15,apply-time,rs-003223-m7sjf,792c774c-4aac-45f5-83ec-a8b297811fb4,3,5718.426555
2026/02/04/15:00:15,running-time,rs-003223-m7sjf,792c774c-4aac-45f5-83ec-a8b297811fb4,3,5718.426555
2026/02/04/15:00:16,apply-time,rs-003224-9b64t,131840b9-665e-4ebe-b045-678f728c77b7,1,5719.426555
2026/02/04/15:00:16,running-time,rs-003224-9b64t,131840b9-665e-4ebe-b045-678f728c77b7,1,5719.426555
2026/02/04/15:00:16,apply-time,rs-003224-khssx,6c6a10ce-ba9b-463c-8b3a-a341c7cb8b54,1,5719.426555
2026/02/04/15:00:16,running-time,rs-003224-khssx,6c6a10ce-ba9b-463c-8b3a-a341c7cb8b54,1,5719.426555
2026/02/04/15:00:16,apply-time,rs-003225-w4qm2,5f25d60c-76ac-4205-9632-9fcc10acd3bf,2,5720.426555
2026/02/04/15:00:16,running-time,rs-003225-w4qm2,5f25d60c-76ac-4205-9632-9fcc10acd3bf,2,5720.426555
2026/02/04/15:00:16,apply-time,rs-003226-2xcnq,2c593eee-58a2-46b5-b310-ba4808d8986d,1,5720.426555
2026/02/04/15:00:16,apply-time,rs-003226-q2htx,be84fd67-66e4-4acd-a778-fec9a973a9e4,1,5720.426555
2026/02/04/15:00:16,apply-time,rs-003226-wtwj7,ec5da21d-c26f-4ad9-b14b-75410fb916a7,1,5720.426555
2026/02/04/15:00:16,running-time,rs-003226-wtwj7,ec5da21d-c26f-4ad9-b14b-75410fb916a7,1,5720.426555
2026/02/04/15:00:16,apply-time,rs-003227-s55w5,eab1cd47-91da-4a72-a4b4-836f29d95412,1,5720.426555
2026/02/04/15:00:16,running-time,rs-003227-s55w5,eab1cd47-91da-4a72-a4b4-836f29d95412,1,5720.426555
2026/02/04/15:00:16,apply-time,rs-003228-h9fsd,faf074d2-f37e-4531-ab60-0d196f94516d,3,5720.426555
2026/02/04/15:00:16,apply-time,rs-003228-l9v76,11c1556c-92dc-44e2-bc1f-d882fbc2c657,3,5720.426555
2026/02/04/15:00:16,apply-time,rs-003228-zrbbt,02026f8d-cbd0-4f4c-9f8c-fec180566a58,3,5720.426555
2026/02/04/15:00:16,apply-time,rs-003229-r8kff,23895e24-e2fe-4f65-b080-97447b0c18fa,3,5720.426555
2026/02/04/15:00:17,apply-time,rs-003230-b9z6l,29bc47ff-8010-48bb-a057-e733188ebf4c,1,5721.426555
2026/02/04/15:00:17,apply-time,rs-003230-c2t5k,0b0f1402-6722-4687-824a-47a890e1680c,1,5720.426555
2026/02/04/15:00:17,apply-time,rs-003230-lbscs,473becb2-942a-43d0-a910-45e55214961c,1,5721.426555
2026/02/04/15:00:17,apply-time,rs-003231-dcjt8,8f36119a-b1f1-4cf7-8811-7aa8cf20a02e,2,5721.426555
2026/02/04/15:00:17,apply-time,rs-003231-wjmtf,145cae36-62ae-423f-845f-c228f5ae603c,2,5720.426555
2026/02/04/15:00:17,apply-time,rs-003232-6stdx,3759512d-de8c-44b4-8ba9-2de58cbc5e83,2,5721.426555
2026/02/04/15:00:17,apply-time,rs-003232-8r4wp,e8860211-92ff-4447-99b9-4e1b3c4bfcf6,2,5721.426555
2026/02/04/15:00:17,apply-time,rs-003232-z9cwh,d8a3672c-96c1-404e-9947-7313b843f4d9,2,5721.426555
2026/02/04/15:00:17,apply-time,rs-003233-4jpmw,7e005ddd-a408-4178-b4a6-63b7dc5fa7fc,4,5720.426555
2026/02/04/15:00:17,running-time,rs-003233-4jpmw,7e005ddd-a408-4178-b4a6-63b7dc5fa7fc,4,5720.426555
2026/02/04/15:00:17,apply-time,rs-003234-6pv45,96775fed-3f75-4583-ab34-951c0f28bcee,2,5721.426555
2026/02/04/15:00:17,running-time,rs-003234-6pv45,96775fed-3f75-4583-ab34-951c0f28bcee,2,5721.426555
2026/02/04/15:00:17,apply-time,rs-003234-7s82k,9b06aa12-0934-4598-b6c5-0a807fbbd12b,2,5721.426555
2026/02/04/15:00:17,running-time,rs-003234-7s82k,9b06aa12-0934-4598-b6c5-0a807fbbd12b,2,5721.426555
2026/02/04/15:00:18,apply-time,rs-003235-ljxn7,5eea0779-7dd8-40d4-be06-6456e58ce5ff,4,5721.426555
2026/02/04/15:00:18,apply-time,rs-003236-kb4nf,23e06325-be47-4b12-a783-fa004fd54ffb,1,5721.426555
2026/02/04/15:00:18,apply-time,rs-003236-lbh4r,76b36dfb-3507-4a2e-b9e4-c8dee5825e51,1,5722.426555
2026/02/04/15:00:18,apply-time,rs-003237-fqjm8,5e55876b-8632-4d46-b624-6eddd29cd81d,2,5722.426555
2026/02/04/15:00:18,running-time,rs-003237-fqjm8,5e55876b-8632-4d46-b624-6eddd29cd81d,2,5722.426555
2026/02/04/15:00:18,apply-time,rs-003237-n7r9l,3995a9f3-a340-4a94-bd79-f59baea35680,2,5722.426555
2026/02/04/15:00:18,running-time,rs-003237-n7r9l,3995a9f3-a340-4a94-bd79-f59baea35680,2,5722.426555
2026/02/04/15:00:18,apply-time,rs-003237-xkhf8,e9ea60da-e863-4187-85b3-56c51c3e4d5e,2,5721.426555
2026/02/04/15:00:18,running-time,rs-003237-xkhf8,e9ea60da-e863-4187-85b3-56c51c3e4d5e,2,5721.426555
2026/02/04/15:00:18,apply-time,rs-003238-55krc,b0313b64-1417-4b3a-94ee-3c4cd35ab5a2,4,5722.426555
2026/02/04/15:00:18,apply-time,rs-003238-k75gl,e84e08f8-c81a-41b5-abe7-0b045aeb7eee,4,5722.426555
2026/02/04/15:00:18,running-time,rs-003238-k75gl,e84e08f8-c81a-41b5-abe7-0b045aeb7eee,4,5722.426555
2026/02/04/15:00:18,apply-time,rs-003238-ls2vb,4341de52-ed7c-4616-b60a-f3d2388af114,4,5722.426555
2026/02/04/15:00:18,apply-time,rs-003239-ntdh2,97d2f936-1422-44b9-8494-1a54d36cb554,1,5722.426555
2026/02/04/15:00:18,apply-time,rs-003239-x42zw,6ba85d6d-8849-4e64-b3f2-3da64d1d61cf,1,5722.426555
2026/02/04/15:00:19,apply-time,rs-003240-42mrn,7bbbc9ed-1759-4ec0-968a-197f4e45bb3f,4,5723.426555
2026/02/04/15:00:19,apply-time,rs-003240-rtd7t,5a73b6fb-61a8-444a-9713-a50b0fdd8b07,4,5722.426555
2026/02/04/15:00:19,running-time,rs-003240-rtd7t,5a73b6fb-61a8-444a-9713-a50b0fdd8b07,4,5723.426555
2026/02/04/15:00:19,apply-time,rs-003240-w7hbf,d04a3870-591a-4e8c-a8e1-ad3c20ebf9ae,4,5723.426555
2026/02/04/15:00:19,running-time,rs-003240-w7hbf,d04a3870-591a-4e8c-a8e1-ad3c20ebf9ae,4,5723.426555
2026/02/04/15:00:19,apply-time,rs-003241-kcxhg,09f7a072-497e-4945-a8bc-7ed0fca90a49,3,5723.426555
2026/02/04/15:00:19,running-time,rs-003241-kcxhg,09f7a072-497e-4945-a8bc-7ed0fca90a49,3,5723.426555
2026/02/04/15:00:19,apply-time,rs-003242-9drvj,929718ed-1787-4b45-8a82-253b9ae17e2b,2,5723.426555
2026/02/04/15:00:19,apply-time,rs-003242-gsgmv,974750d6-506d-47e6-b7bb-e4f57ecbdf92,2,5723.426555
2026/02/04/15:00:19,apply-time,rs-003243-rbgp6,17852b49-d6c8-4a21-9ca3-b9c1f256d9d3,3,5723.426555
2026/02/04/15:00:19,apply-time,rs-003243-rhfg8,d454a60e-c0f4-4625-8869-0a1735f51613,3,5722.426555
2026/02/04/15:00:19,apply-time,rs-003244-62whn,890acca5-f830-4922-abb2-e5c585f46512,3,5723.426555
2026/02/04/15:00:19,running-time,rs-003244-62whn,890acca5-f830-4922-abb2-e5c585f46512,3,5723.426555
2026/02/04/15:00:20,running-time,rs-003238-ls2vb,4341de52-ed7c-4616-b60a-f3d2388af114,4,5723.426555
2026/02/04/15:00:20,running-time,rs-003240-42mrn,7bbbc9ed-1759-4ec0-968a-197f4e45bb3f,4,5723.426555
2026/02/04/15:00:20,running-time,rs-003242-gsgmv,974750d6-506d-47e6-b7bb-e4f57ecbdf92,2,5723.426555
2026/02/04/15:00:20,apply-time,rs-003247-bl5t8,f2fd2cfb-39c6-40c0-bea2-2c8fe8e9a7e2,3,5724.426555
2026/02/04/15:00:20,apply-time,rs-003248-55dpb,69999e49-2ba5-4885-83b6-d03299d951bb,1,5724.426555
2026/02/04/15:00:20,apply-time,rs-003249-fk7hf,b0abe252-8243-425e-88a5-6266a8a15e4c,2,5724.426555
2026/02/04/15:00:21,running-time,rs-003238-55krc,b0313b64-1417-4b3a-94ee-3c4cd35ab5a2,4,5725.426555
2026/02/04/15:00:21,running-time,rs-003248-55dpb,69999e49-2ba5-4885-83b6-d03299d951bb,1,5724.426555
2026/02/04/15:00:22,running-time,rs-003232-6stdx,3759512d-de8c-44b4-8ba9-2de58cbc5e83,2,5726.426555
2026/02/04/15:00:22,running-time,rs-003249-fk7hf,b0abe252-8243-425e-88a5-6266a8a15e4c,2,5726.426555
2026/02/04/15:00:23,running-time,rs-003247-bl5t8,f2fd2cfb-39c6-40c0-bea2-2c8fe8e9a7e2,3,5726.426555
2026/02/04/15:00:32,running-time,rs-003231-dcjt8,8f36119a-b1f1-4cf7-8811-7aa8cf20a02e,2,5736.426555
2026/02/04/15:00:32,running-time,rs-003232-8r4wp,e8860211-92ff-4447-99b9-4e1b3c4bfcf6,2,5736.426555
2026/02/04/15:00:32,running-time,rs-003232-z9cwh,d8a3672c-96c1-404e-9947-7313b843f4d9,2,5737.426555
2026/02/04/15:00:35,running-time,rs-003231-wjmtf,145cae36-62ae-423f-845f-c228f5ae603c,2,5739.426555
2026/02/04/15:00:35,apply-time,rs-003250-2bp5j,797ad10d-91ca-430b-b267-44423fcfad5f,1,5739.426555
2026/02/04/15:00:38,apply-time,rs-003251-888md,234f55c5-c02d-47b9-a55d-29c5983690a4,2,5741.426555
2026/02/04/15:00:38,running-time,rs-003251-888md,234f55c5-c02d-47b9-a55d-29c5983690a4,2,5743.426555
2026/02/04/15:00:38,apply-time,rs-003251-jbpvj,b7480374-e77c-4072-b9d2-21697fcf0fe3,2,5741.426555
2026/02/04/15:00:38,running-time,rs-003251-jbpvj,b7480374-e77c-4072-b9d2-21697fcf0fe3,2,5743.426555
2026/02/04/15:00:38,apply-time,rs-003251-l2rml,3aa1a8c1-0e4f-4750-a3e0-0e27158fe9dd,2,5741.426555
2026/02/04/15:00:38,apply-time,rs-003252-6qb8b,a90b3015-29f5-4db3-8f34-7f267cfd42ba,2,5741.426555
2026/02/04/15:00:38,apply-time,rs-003252-8tzch,3f7bcc78-294e-4fff-b5d2-df62b7fe1be2,2,5741.426555
2026/02/04/15:00:38,running-time,rs-003252-8tzch,3f7bcc78-294e-4fff-b5d2-df62b7fe1be2,2,5743.426555
2026/02/04/15:00:38,apply-time,rs-003253-gx7j2,59a35c17-689a-4096-b695-4c179cc43403,1,5741.426555
2026/02/04/15:00:38,running-time,rs-003253-gx7j2,59a35c17-689a-4096-b695-4c179cc43403,1,5742.426555
2026/02/04/15:00:38,apply-time,rs-003254-8srq5,dbae8e8e-67b1-47db-9b8e-c5cff9495d7f,1,5741.426555
2026/02/04/15:00:38,running-time,rs-003254-8srq5,dbae8e8e-67b1-47db-9b8e-c5cff9495d7f,1,5742.426555
2026/02/04/15:00:38,apply-time,rs-003254-q65gr,776cbf14-6f6a-4341-80f0-4d2ce9cedb4e,1,5741.426555
2026/02/04/15:00:38,running-time,rs-003254-q65gr,776cbf14-6f6a-4341-80f0-4d2ce9cedb4e,1,5742.426555
2026/02/04/15:00:40,running-time,rs-003251-l2rml,3aa1a8c1-0e4f-4750-a3e0-0e27158fe9dd,2,5743.426555
2026/02/04/15:00:40,apply-time,rs-003256-2cn4f,84c39a4b-ad51-4776-ada9-e0323b7d5a68,2,5744.426555
2026/02/04/15:00:40,running-time,rs-003256-2cn4f,84c39a4b-ad51-4776-ada9-e0323b7d5a68,2,5744.426555
2026/02/04/15:00:40,apply-time,rs-003256-xjl9r,81a1b203-c182-460a-8ac0-e5405f0bbb5f,2,5744.426555
2026/02/04/15:00:40,running-time,rs-003256-xjl9r,81a1b203-c182-460a-8ac0-e5405f0bbb5f,2,5744.426555
2026/02/04/15:01:03,apply-time,rs-003257-9m6mb,05a682e2-1282-4e73-a44d-07c3b4992411,1,5766.426555
2026/02/04/15:01:03,running-time,rs-003257-9m6mb,05a682e2-1282-4e73-a44d-07c3b4992411,1,5766.426555
2026/02/04/15:01:03,apply-time,rs-003257-rfxpf,cbdaae5a-0462-4f89-a2b0-443d6492099c,1,5766.426555
2026/02/04/15:01:03,running-time,rs-003257-rfxpf,cbdaae5a-0462-4f89-a2b0-443d6492099c,1,5766.426555
2026/02/04/15:01:03,apply-time,rs-003258-7kbw2,491e551a-9625-436d-a240-7345ff505935,3,5766.426555
2026/02/04/15:01:03,running-time,rs-003258-7kbw2,491e551a-9625-436d-a240-7345ff505935,3,5766.426555
2026/02/04/15:01:03,apply-time,rs-003259-9d6gg,1bf2634a-2ddc-4a97-a28d-0c1b2fb01227,3,5766.426555
2026/02/04/15:01:03,running-time,rs-003259-9d6gg,1bf2634a-2ddc-4a97-a28d-0c1b2fb01227,3,5766.426555
2026/02/04/15:01:03,apply-time,rs-003259-r5g4p,7702f64d-745a-4a3f-889e-902f4a8913e0,3,5766.426555
2026/02/04/15:01:03,running-time,rs-003259-r5g4p,7702f64d-745a-4a3f-889e-902f4a8913e0,3,5766.426555
2026/02/04/15:01:25,apply-time,rs-003260-dkcv2,ff93be1e-0354-4b19-ae07-87feaf47d14e,2,5789.426555
2026/02/04/15:01:25,apply-time,rs-003260-vdmt7,af60b64f-51ae-4214-ad33-4b8d091df0b0,2,5789.426555
2026/02/04/15:01:25,running-time,rs-003260-vdmt7,af60b64f-51ae-4214-ad33-4b8d091df0b0,2,5789.426555
2026/02/04/15:01:26,running-time,rs-003260-dkcv2,ff93be1e-0354-4b19-ae07-87feaf47d14e,2,5789.426555
2026/02/04/15:01:26,apply-time,rs-003261-dfzcb,4e8f31ab-53a4-4fe7-80f8-effea7c43908,2,5789.426555
2026/02/04/15:01:26,running-time,rs-003261-dfzcb,4e8f31ab-53a4-4fe7-80f8-effea7c43908,2,5789.426555
2026/02/04/15:01:26,apply-time,rs-003262-xtk44,e1bfb3dd-bf24-4c10-833e-e838d07021cc,1,5789.426555
2026/02/04/15:01:26,running-time,rs-003262-xtk44,e1bfb3dd-bf24-4c10-833e-e838d07021cc,1,5789.426555
2026/02/04/15:01:36,apply-time,rs-003265-n42kv,5aebe2de-66de-413e-a894-865f6729d933,1,5800.426555
2026/02/04/15:01:37,apply-time,rs-003263-hh6th,4ec5a368-0bbe-42a7-b969-156ba97bfca0,1,5800.426555
2026/02/04/15:01:37,running-time,rs-003263-hh6th,4ec5a368-0bbe-42a7-b969-156ba97bfca0,1,5800.426555
2026/02/04/15:01:37,apply-time,rs-003263-p826h,73f48427-0f02-4b6e-8833-61d5705bc704,1,5800.426555
2026/02/04/15:01:37,running-time,rs-003263-p826h,73f48427-0f02-4b6e-8833-61d5705bc704,1,5800.426555
2026/02/04/15:01:37,apply-time,rs-003264-fmcs4,ae1cd496-fdb3-40c4-b6f6-dbf4dbe2e71d,1,5800.426555
2026/02/04/15:01:37,running-time,rs-003264-fmcs4,ae1cd496-fdb3-40c4-b6f6-dbf4dbe2e71d,1,5800.426555
2026/02/04/15:01:37,apply-time,rs-003264-ps52h,0698a348-c043-45cc-a3f8-52317becbed3,1,5800.426555
2026/02/04/15:01:37,running-time,rs-003264-ps52h,0698a348-c043-45cc-a3f8-52317becbed3,1,5800.426555
2026/02/04/15:01:37,running-time,rs-003265-n42kv,5aebe2de-66de-413e-a894-865f6729d933,1,5800.426555
2026/02/04/15:01:37,apply-time,rs-003265-vlgvf,8677b281-62dd-40f1-b619-8291881edd38,1,5800.426555
2026/02/04/15:01:37,running-time,rs-003265-vlgvf,8677b281-62dd-40f1-b619-8291881edd38,1,5800.426555
2026/02/04/15:01:41,apply-time,rs-003266-h54s9,59cbdac0-3aac-41ac-acee-451aa19a7508,3,5804.426555
2026/02/04/15:01:41,running-time,rs-003266-h54s9,59cbdac0-3aac-41ac-acee-451aa19a7508,3,5804.426555
2026/02/04/15:01:41,apply-time,rs-003267-84297,5e3ca86d-cbe6-405a-97f2-d3421a241133,2,5804.426555
2026/02/04/15:01:41,running-time,rs-003267-84297,5e3ca86d-cbe6-405a-97f2-d3421a241133,2,5804.426555
2026/02/04/15:01:41,apply-time,rs-003267-hv5h6,b0cd2c7a-943a-4745-999c-6c6aeefb4542,2,5804.426555
2026/02/04/15:01:41,running-time,rs-003267-hv5h6,b0cd2c7a-943a-4745-999c-6c6aeefb4542,2,5804.426555
2026/02/04/15:01:46,apply-time,rs-003268-867cr,6525480f-2070-412c-86a8-9412f8b3f109,1,5810.426555
2026/02/04/15:01:46,running-time,rs-003268-867cr,6525480f-2070-412c-86a8-9412f8b3f109,1,5810.426555
2026/02/04/15:01:46,apply-time,rs-003269-5459q,9f531d61-afda-4659-b636-0a269e5f6533,3,5810.426555
2026/02/04/15:01:46,running-time,rs-003269-5459q,9f531d61-afda-4659-b636-0a269e5f6533,3,5810.426555
2026/02/04/15:01:46,apply-time,rs-003269-gltdd,d1d05285-438c-425d-ac41-94af24c83cda,3,5810.426555
2026/02/04/15:01:46,running-time,rs-003269-gltdd,d1d05285-438c-425d-ac41-94af24c83cda,3,5810.426555
2026/02/04/15:01:46,apply-time,rs-003269-v5lj2,dca17afa-c75a-4c0e-b0e8-7f09d1d6ce8a,3,5810.426555
2026/02/04/15:01:46,running-time,rs-003269-v5lj2,dca17afa-c75a-4c0e-b0e8-7f09d1d6ce8a,3,5810.426555
2026/02/04/15:01:46,apply-time,rs-003270-brbnc,a4984899-fd5d-4cb2-ba53-e09cbd8b7305,3,5810.426555
2026/02/04/15:01:46,running-time,rs-003270-brbnc,a4984899-fd5d-4cb2-ba53-e09cbd8b7305,3,5810.426555
2026/02/04/15:02:15,apply-time,rs-003271-8c79r,038085c6-ae45-4356-840f-4b86e89b6140,4,5838.426555
2026/02/04/15:02:15,running-time,rs-003271-8c79r,038085c6-ae45-4356-840f-4b86e89b6140,4,5838.426555
2026/02/04/15:02:15,apply-time,rs-003271-hmhwg,c57a9a11-4484-4c1a-890a-13545ca89118,4,5838.426555
2026/02/04/15:02:15,running-time,rs-003271-hmhwg,c57a9a11-4484-4c1a-890a-13545ca89118,4,5838.426555
2026/02/04/15:02:15,apply-time,rs-003271-v9hhb,54363c9f-4121-4f4d-9dfa-16be7fffad08,4,5838.426555
2026/02/04/15:02:15,running-time,rs-003271-v9hhb,54363c9f-4121-4f4d-9dfa-16be7fffad08,4,5838.426555
2026/02/04/15:02:15,apply-time,rs-003272-5wgdh,0466a31f-10f8-436c-b568-3505b6df368a,4,5838.426555
2026/02/04/15:02:15,running-time,rs-003272-5wgdh,0466a31f-10f8-436c-b568-3505b6df368a,4,5838.426555
2026/02/04/15:02:20,apply-time,rs-003273-g7vnk,7228fc8f-6afb-4320-9484-70aeb2270392,2,5843.426555
2026/02/04/15:02:20,running-time,rs-003273-g7vnk,7228fc8f-6afb-4320-9484-70aeb2270392,2,5843.426555
2026/02/04/15:02:20,apply-time,rs-003273-rtpg9,09d7ef55-60e1-4bc6-8f35-dc058b675967,2,5843.426555
2026/02/04/15:02:20,running-time,rs-003273-rtpg9,09d7ef55-60e1-4bc6-8f35-dc058b675967,2,5843.426555
2026/02/04/15:02:20,apply-time,rs-003274-5nwd9,b161e27e-31de-40f6-be34-0cfcf73e7470,4,5843.426555
2026/02/04/15:02:20,running-time,rs-003274-5nwd9,b161e27e-31de-40f6-be34-0cfcf73e7470,4,5843.426555
2026/02/04/15:02:20,apply-time,rs-003274-v5jjt,7fb641bd-b583-45a8-a75b-a403c671ca3b,4,5843.426555
2026/02/04/15:02:20,running-time,rs-003274-v5jjt,7fb641bd-b583-45a8-a75b-a403c671ca3b,4,5843.426555
2026/02/04/15:02:21,apply-time,rs-003275-dsc6n,a49296af-2161-4463-b75a-82586ed64fc7,3,5845.426555
2026/02/04/15:02:21,running-time,rs-003275-dsc6n,a49296af-2161-4463-b75a-82586ed64fc7,3,5845.426555
2026/02/04/15:02:21,apply-time,rs-003275-k5zdt,df48e76e-cf56-43e6-93a2-86edf184a28a,3,5845.426555
2026/02/04/15:02:21,running-time,rs-003275-k5zdt,df48e76e-cf56-43e6-93a2-86edf184a28a,3,5845.426555
2026/02/04/15:02:21,apply-time,rs-003275-npzrt,23111b72-93fa-4259-a8da-1f25583b42d6,3,5845.426555
2026/02/04/15:02:21,running-time,rs-003275-npzrt,23111b72-93fa-4259-a8da-1f25583b42d6,3,5845.426555
2026/02/04/15:02:21,apply-time,rs-003276-ggvll,bbcf9c53-83d1-4fdd-9975-280bd7a9b541,1,5845.426555
2026/02/04/15:02:21,running-time,rs-003276-ggvll,bbcf9c53-83d1-4fdd-9975-280bd7a9b541,1,5845.426555
2026/02/04/15:02:21,apply-time,rs-003276-qqw6r,418a93ac-640d-46a1-969e-12c42dc5db4d,1,5845.426555
2026/02/04/15:02:21,running-time,rs-003276-qqw6r,418a93ac-640d-46a1-969e-12c42dc5db4d,1,5845.426555
2026/02/04/15:02:21,apply-time,rs-003276-z2zkj,4aa7cf1a-febf-4b9a-9a77-9073d8530407,1,5845.426555
2026/02/04/15:02:21,running-time,rs-003276-z2zkj,4aa7cf1a-febf-4b9a-9a77-9073d8530407,1,5845.426555
2026/02/04/15:02:24,apply-time,rs-003277-v7z27,de29aaf8-3188-4e0a-913b-e62145dd9640,4,5847.426555
2026/02/04/15:02:24,running-time,rs-003277-v7z27,de29aaf8-3188-4e0a-913b-e62145dd9640,4,5847.426555
2026/02/04/15:02:24,apply-time,rs-003278-kbtn6,c7985157-ba9b-487f-a2f3-b7c99e133b78,4,5848.426555
2026/02/04/15:02:24,running-time,rs-003278-kbtn6,c7985157-ba9b-487f-a2f3-b7c99e133b78,4,5848.426555
2026/02/04/15:02:24,apply-time,rs-003279-b6cct,ab17fcfa-7945-4358-a8f6-58a0fb5642d7,1,5848.426555
2026/02/04/15:02:24,running-time,rs-003279-b6cct,ab17fcfa-7945-4358-a8f6-58a0fb5642d7,1,5848.426555
2026/02/04/15:02:24,apply-time,rs-003279-rhlfl,21c15a13-edf2-4860-8c39-b39f1f63b0ab,1,5848.426555
2026/02/04/15:02:24,running-time,rs-003279-rhlfl,21c15a13-edf2-4860-8c39-b39f1f63b0ab,1,5848.426555
2026/02/04/15:02:24,apply-time,rs-003280-6psz2,9372d52b-6748-4444-8d22-01602cc30c18,3,5848.426555
2026/02/04/15:02:24,running-time,rs-003280-6psz2,9372d52b-6748-4444-8d22-01602cc30c18,3,5848.426555
2026/02/04/15:02:24,apply-time,rs-003280-7c8wr,ba36cf34-7abc-4d96-9bab-3d3b0f72aa57,3,5848.426555
2026/02/04/15:02:24,running-time,rs-003280-7c8wr,ba36cf34-7abc-4d96-9bab-3d3b0f72aa57,3,5848.426555
2026/02/04/15:02:24,apply-time,rs-003281-wgm5z,47e36048-a700-4c89-b318-76bb2d00051e,4,5848.426555
2026/02/04/15:02:24,running-time,rs-003281-wgm5z,47e36048-a700-4c89-b318-76bb2d00051e,4,5848.426555
2026/02/04/15:02:24,apply-time,rs-003281-wl547,ad3dc0e8-063b-4349-9293-acf8392275d4,4,5848.426555
2026/02/04/15:02:24,running-time,rs-003281-wl547,ad3dc0e8-063b-4349-9293-acf8392275d4,4,5848.426555
2026/02/04/15:02:24,apply-time,rs-003281-znsw7,fd00f8a2-2a52-4de9-a347-85aaf61aeeb8,4,5848.426555
2026/02/04/15:02:24,running-time,rs-003281-znsw7,fd00f8a2-2a52-4de9-a347-85aaf61aeeb8,4,5848.426555
2026/02/04/15:02:26,apply-time,rs-003282-6ltst,65efcc1c-72bd-405e-97e5-9e12264d1c9f,1,5849.426555
2026/02/04/15:02:26,running-time,rs-003282-6ltst,65efcc1c-72bd-405e-97e5-9e12264d1c9f,1,5849.426555
2026/02/04/15:02:26,apply-time,rs-003282-dthmn,49b56546-5ca0-45b7-8c86-10e8ddd4d36c,1,5849.426555
2026/02/04/15:02:26,running-time,rs-003282-dthmn,49b56546-5ca0-45b7-8c86-10e8ddd4d36c,1,5849.426555
2026/02/04/15:02:26,apply-time,rs-003282-x5nfr,4fcdd223-c809-4a6e-bdd9-dc5dbc0d2aaf,1,5849.426555
2026/02/04/15:02:26,running-time,rs-003282-x5nfr,4fcdd223-c809-4a6e-bdd9-dc5dbc0d2aaf,1,5849.426555
2026/02/04/15:02:27,apply-time,rs-003283-5hhq2,4d2f882e-62d7-4322-a486-9d7bf1f40173,3,5850.426555
2026/02/04/15:02:27,running-time,rs-003283-5hhq2,4d2f882e-62d7-4322-a486-9d7bf1f40173,3,5851.426555
2026/02/04/15:02:27,apply-time,rs-003283-qrvwk,a960c296-f56d-4b25-8c53-cc2f6396a8d1,3,5850.426555
2026/02/04/15:02:27,running-time,rs-003283-qrvwk,a960c296-f56d-4b25-8c53-cc2f6396a8d1,3,5851.426555
2026/02/04/15:02:27,apply-time,rs-003283-vsscx,604c433a-6c8c-4934-a3c0-01ebe7df541a,3,5850.426555
2026/02/04/15:02:27,running-time,rs-003283-vsscx,604c433a-6c8c-4934-a3c0-01ebe7df541a,3,5851.426555
2026/02/04/15:02:27,apply-time,rs-003284-c4dnd,6eea0223-23f8-48b1-8d57-70afdbaae725,2,5850.426555
2026/02/04/15:02:27,apply-time,rs-003285-b9csm,e83a4286-5f6c-448c-98d4-f95b05ce6c38,2,5851.426555
2026/02/04/15:02:27,apply-time,rs-003285-kg24z,c0014a48-8e1b-463d-aeca-ac69cfbb6675,2,5851.426555
2026/02/04/15:02:27,apply-time,rs-003286-dzsgv,a7ca9f56-f009-4e30-a8ab-3304871fb0ec,3,5851.426555
2026/02/04/15:02:27,running-time,rs-003286-dzsgv,a7ca9f56-f009-4e30-a8ab-3304871fb0ec,3,5851.426555
2026/02/04/15:02:27,apply-time,rs-003286-vggl5,87d27575-a66f-416f-9e17-696f7e55a17f,3,5851.426555
2026/02/04/15:02:27,apply-time,rs-003287-bbrts,ad2be0c4-4d78-42bc-9d5e-6f734ac0dbb1,1,5851.426555
2026/02/04/15:02:27,apply-time,rs-003287-bt66m,8cae1c39-70fe-4fea-9948-9b7d0cf09d0b,1,5851.426555
2026/02/04/15:02:27,running-time,rs-003287-bt66m,8cae1c39-70fe-4fea-9948-9b7d0cf09d0b,1,5851.426555
2026/02/04/15:02:27,apply-time,rs-003287-ncb5q,2f0d6db4-79c1-4955-bb4c-799bf3a0c877,1,5851.426555
2026/02/04/15:02:27,running-time,rs-003287-ncb5q,2f0d6db4-79c1-4955-bb4c-799bf3a0c877,1,5851.426555
2026/02/04/15:02:27,apply-time,rs-003288-2r8gr,661a893e-e347-486c-ba5f-486b379590a6,1,5851.426555
2026/02/04/15:02:27,running-time,rs-003288-2r8gr,661a893e-e347-486c-ba5f-486b379590a6,1,5851.426555
2026/02/04/15:02:27,apply-time,rs-003290-cjwss,91f77ad5-8d8a-4262-960d-f3eea5e18515,1,5851.426555
2026/02/04/15:02:28,running-time,rs-003287-bbrts,ad2be0c4-4d78-42bc-9d5e-6f734ac0dbb1,1,5852.426555
2026/02/04/15:02:28,apply-time,rs-003289-gl6dd,fc042656-bcbe-4fb0-99dd-0e2be0cf21fa,1,5851.426555
2026/02/04/15:02:28,running-time,rs-003289-gl6dd,fc042656-bcbe-4fb0-99dd-0e2be0cf21fa,1,5852.426555
2026/02/04/15:02:29,running-time,rs-003285-b9csm,e83a4286-5f6c-448c-98d4-f95b05ce6c38,2,5853.426555
2026/02/04/15:02:29,running-time,rs-003285-kg24z,c0014a48-8e1b-463d-aeca-ac69cfbb6675,2,5852.426555
2026/02/04/15:02:29,running-time,rs-003290-cjwss,91f77ad5-8d8a-4262-960d-f3eea5e18515,1,5853.426555
2026/02/04/15:02:31,apply-time,rs-003291-lpmgw,aef820f6-eb49-4f67-9186-2a8ea9b06c3c,2,5855.426555
2026/02/04/15:02:31,running-time,rs-003291-lpmgw,aef820f6-eb49-4f67-9186-2a8ea9b06c3c,2,5855.426555
2026/02/04/15:02:31,apply-time,rs-003292-6tbld,30460cf5-2dd3-4c81-a80b-7583df1e6806,3,5855.426555
2026/02/04/15:02:31,running-time,rs-003292-6tbld,30460cf5-2dd3-4c81-a80b-7583df1e6806,3,5855.426555
2026/02/04/15:02:31,apply-time,rs-003292-7q5sr,c0a0a0e0-c23c-4c57-a868-bea45fb4c737,3,5855.426555
2026/02/04/15:02:31,running-time,rs-003292-7q5sr,c0a0a0e0-c23c-4c57-a868-bea45fb4c737,3,5855.426555
2026/02/04/15:02:32,apply-time,rs-003293-5gsvh,d927579b-86a7-4514-828e-a5bf2a2926d5,3,5855.426555
2026/02/04/15:02:32,running-time,rs-003293-5gsvh,d927579b-86a7-4514-828e-a5bf2a2926d5,3,5855.426555
2026/02/04/15:02:32,apply-time,rs-003293-lf8x8,8dfa525e-b43d-4cd9-8b93-95b887b8d74d,3,5855.426555
2026/02/04/15:02:32,running-time,rs-003293-lf8x8,8dfa525e-b43d-4cd9-8b93-95b887b8d74d,3,5855.426555
2026/02/04/15:02:32,apply-time,rs-003294-6fw5b,dc2d6181-7e00-4570-aace-3358bdf6c565,3,5855.426555
2026/02/04/15:02:32,running-time,rs-003294-6fw5b,dc2d6181-7e00-4570-aace-3358bdf6c565,3,5855.426555
2026/02/04/15:02:32,apply-time,rs-003294-gc9vj,e38e2f70-ab84-4ad5-90a0-474bc452c04b,3,5855.426555
2026/02/04/15:02:32,running-time,rs-003294-gc9vj,e38e2f70-ab84-4ad5-90a0-474bc452c04b,3,5856.426555
2026/02/04/15:02:39,apply-time,rs-003295-9fn9b,102261bc-ccea-490d-8bdf-6d7c902ec6f7,1,5863.426555
2026/02/04/15:02:39,running-time,rs-003295-9fn9b,102261bc-ccea-490d-8bdf-6d7c902ec6f7,1,5863.426555
2026/02/04/15:02:39,apply-time,rs-003296-dk95j,5a516e04-bade-4d92-b55f-fa7dfe0b5eaa,2,5862.426555
2026/02/04/15:02:39,running-time,rs-003296-dk95j,5a516e04-bade-4d92-b55f-fa7dfe0b5eaa,2,5863.426555
2026/02/04/15:02:40,apply-time,rs-003297-2nnw5,4cc035b6-d3f5-4a6f-bb9a-406c21c083c7,3,5864.426555
2026/02/04/15:02:40,running-time,rs-003297-2nnw5,4cc035b6-d3f5-4a6f-bb9a-406c21c083c7,3,5864.426555
2026/02/04/15:02:40,apply-time,rs-003297-6pxwl,5087ef68-429f-4cfd-a7de-d2011db0f269,3,5864.426555
2026/02/04/15:02:40,running-time,rs-003297-6pxwl,5087ef68-429f-4cfd-a7de-d2011db0f269,3,5864.426555
2026/02/04/15:02:40,apply-time,rs-003298-rq88k,bd23d682-5f02-46e9-a435-9d1adcef0048,1,5864.426555
2026/02/04/15:02:40,running-time,rs-003298-rq88k,bd23d682-5f02-46e9-a435-9d1adcef0048,1,5864.426555
2026/02/04/15:02:40,apply-time,rs-003298-z4jjm,2742b1cb-65c3-4635-978a-438d9ae856ee,1,5864.426555
2026/02/04/15:02:40,running-time,rs-003298-z4jjm,2742b1cb-65c3-4635-978a-438d9ae856ee,1,5864.426555
2026/02/04/15:02:41,apply-time,rs-003299-5ttxw,be97dfc2-b1bd-4574-9069-ac6263c7b965,2,5865.426555
2026/02/04/15:02:41,running-time,rs-003299-5ttxw,be97dfc2-b1bd-4574-9069-ac6263c7b965,2,5865.426555
2026/02/04/15:02:41,apply-time,rs-003299-gb7fm,946a721e-47c4-4321-9efe-1bb34c4d61d7,2,5865.426555
2026/02/04/15:02:41,running-time,rs-003299-gb7fm,946a721e-47c4-4321-9efe-1bb34c4d61d7,2,5865.426555
2026/02/04/15:02:47,apply-time,rs-003300-56zpx,934e4a75-6b8e-4419-8079-bf33d92e7db4,1,5870.426555
2026/02/04/15:02:47,running-time,rs-003300-56zpx,934e4a75-6b8e-4419-8079-bf33d92e7db4,1,5870.426555
2026/02/04/15:02:47,apply-time,rs-003300-5lkmr,45a50cb3-1dd6-4b53-aa93-b41cc2a5c5c2,1,5870.426555
2026/02/04/15:02:47,running-time,rs-003300-5lkmr,45a50cb3-1dd6-4b53-aa93-b41cc2a5c5c2,1,5870.426555
2026/02/04/15:02:47,apply-time,rs-003300-px97c,5edae3f1-641c-4089-9142-2e155d45f5b2,1,5870.426555
2026/02/04/15:02:47,running-time,rs-003300-px97c,5edae3f1-641c-4089-9142-2e155d45f5b2,1,5870.426555
2026/02/04/15:02:48,apply-time,rs-003301-6bt2x,1323b794-8058-4b7e-960e-a78c965f35ba,1,5871.426555
2026/02/04/15:02:48,running-time,rs-003301-6bt2x,1323b794-8058-4b7e-960e-a78c965f35ba,1,5871.426555
2026/02/04/15:02:49,apply-time,rs-003302-26vk5,95191be4-38a0-4e9a-91ba-835b66809c57,1,5872.426555
2026/02/04/15:02:49,running-time,rs-003302-26vk5,95191be4-38a0-4e9a-91ba-835b66809c57,1,5872.426555
2026/02/04/15:02:49,apply-time,rs-003302-rvk6x,2e7e972b-58a3-48d5-aea8-a0e85e57baf2,1,5872.426555
2026/02/04/15:02:49,running-time,rs-003302-rvk6x,2e7e972b-58a3-48d5-aea8-a0e85e57baf2,1,5872.426555
2026/02/04/15:02:49,apply-time,rs-003303-vjg2x,8276442d-18f5-4de7-b1ee-4f52fc1462e0,1,5872.426555
2026/02/04/15:02:49,running-time,rs-003303-vjg2x,8276442d-18f5-4de7-b1ee-4f52fc1462e0,1,5872.426555
2026/02/04/15:02:49,apply-time,rs-003304-f2wqh,6805b816-7073-4aeb-9af1-159933f35b22,1,5872.426555
2026/02/04/15:02:49,running-time,rs-003304-f2wqh,6805b816-7073-4aeb-9af1-159933f35b22,1,5872.426555
2026/02/04/15:02:49,apply-time,rs-003304-x7nx6,92f3cf90-7450-4de1-b5ac-273fe80d460c,1,5872.426555
2026/02/04/15:02:49,running-time,rs-003304-x7nx6,92f3cf90-7450-4de1-b5ac-273fe80d460c,1,5872.426555
2026/02/04/15:02:49,apply-time,rs-003305-qmpsb,3e9e107f-b518-47c3-81af-3b3b629d2ea3,1,5872.426555
2026/02/04/15:02:49,running-time,rs-003305-qmpsb,3e9e107f-b518-47c3-81af-3b3b629d2ea3,1,5872.426555
2026/02/04/15:02:49,apply-time,rs-003305-zblzt,5d244a64-8871-4868-949c-9ab08dea09ce,1,5872.426555
2026/02/04/15:02:49,running-time,rs-003305-zblzt,5d244a64-8871-4868-949c-9ab08dea09ce,1,5872.426555
2026/02/04/15:02:50,apply-time,rs-003306-87s7m,be62a7d9-a8c5-421d-98b6-043133351630,4,5874.426555
2026/02/04/15:02:50,running-time,rs-003306-87s7m,be62a7d9-a8c5-421d-98b6-043133351630,4,5874.426555
2026/02/04/15:02:50,apply-time,rs-003306-dgmlj,1e97a5f0-b3d1-4b34-b4c1-b9b14a763d42,4,5874.426555
2026/02/04/15:02:50,running-time,rs-003306-dgmlj,1e97a5f0-b3d1-4b34-b4c1-b9b14a763d42,4,5874.426555
2026/02/04/15:02:50,apply-time,rs-003307-q62sj,b482418a-8319-43ef-a09e-1ac18f1cf7b8,1,5874.426555
2026/02/04/15:02:50,apply-time,rs-003307-vbsvt,5ab40c7b-ebc3-4524-9844-401c1973a419,1,5874.426555
2026/02/04/15:02:50,running-time,rs-003307-vbsvt,5ab40c7b-ebc3-4524-9844-401c1973a419,1,5874.426555
2026/02/04/15:02:50,apply-time,rs-003308-g5gh9,525bb929-e73e-4e04-84c0-3ed753fadcab,3,5874.426555
2026/02/04/15:02:50,running-time,rs-003308-g5gh9,525bb929-e73e-4e04-84c0-3ed753fadcab,3,5874.426555
2026/02/04/15:02:50,apply-time,rs-003308-gf4lr,9cc84855-a7dd-4623-ac27-33987a9cdfb1,3,5874.426555
2026/02/04/15:02:50,running-time,rs-003308-gf4lr,9cc84855-a7dd-4623-ac27-33987a9cdfb1,3,5874.426555
2026/02/04/15:02:50,apply-time,rs-003308-vs86z,25f9500e-56e9-40a6-89e0-b0835abf958c,3,5874.426555
2026/02/04/15:02:50,running-time,rs-003308-vs86z,25f9500e-56e9-40a6-89e0-b0835abf958c,3,5874.426555
2026/02/04/15:02:51,apply-time,rs-003309-xmwqr,995b1584-fdd9-4301-a7e0-120246b8e77a,3,5874.426555
2026/02/04/15:02:51,apply-time,rs-003310-2kf4b,2e266f90-37d6-438a-a2f1-c205d118e21a,2,5874.426555
2026/02/04/15:02:51,apply-time,rs-003311-67sck,5e780af2-f533-429f-90dc-f4d12d70d721,1,5874.426555
2026/02/04/15:02:51,running-time,rs-003311-67sck,5e780af2-f533-429f-90dc-f4d12d70d721,1,5874.426555
2026/02/04/15:02:51,apply-time,rs-003311-h6kbp,4f20991d-018a-49ba-a703-a3c917776231,1,5874.426555
2026/02/04/15:02:51,running-time,rs-003311-h6kbp,4f20991d-018a-49ba-a703-a3c917776231,1,5874.426555
2026/02/04/15:02:51,apply-time,rs-003312-7ccjf,0a07f21f-83fc-4356-8c2c-8ceec7c9f63a,2,5875.426555
2026/02/04/15:02:51,running-time,rs-003312-7ccjf,0a07f21f-83fc-4356-8c2c-8ceec7c9f63a,2,5875.426555
2026/02/04/15:02:51,apply-time,rs-003312-sr8ln,d948dde4-11d3-40d5-82cd-f0567f749e12,2,5875.426555
2026/02/04/15:02:51,running-time,rs-003312-sr8ln,d948dde4-11d3-40d5-82cd-f0567f749e12,2,5875.426555
2026/02/04/15:02:52,apply-time,rs-003313-5qj76,7977349a-5963-4020-bead-f128d14c81f3,2,5875.426555
2026/02/04/15:02:52,running-time,rs-003313-5qj76,7977349a-5963-4020-bead-f128d14c81f3,2,5875.426555
2026/02/04/15:02:52,apply-time,rs-003313-98r7r,7bc66a36-ce4b-49c9-929a-e45179ae10fe,2,5875.426555
2026/02/04/15:02:52,running-time,rs-003313-98r7r,7bc66a36-ce4b-49c9-929a-e45179ae10fe,2,5875.426555
2026/02/04/15:02:52,apply-time,rs-003314-cn7r7,5bac120e-ddf8-4f30-b862-033ecc7889a2,1,5876.426555
2026/02/04/15:02:52,running-time,rs-003314-cn7r7,5bac120e-ddf8-4f30-b862-033ecc7889a2,1,5876.426555
2026/02/04/15:02:52,apply-time,rs-003314-lzg7b,84387099-a0d5-461b-9289-fbe7b8a6781d,1,5875.426555
2026/02/04/15:02:52,running-time,rs-003314-lzg7b,84387099-a0d5-461b-9289-fbe7b8a6781d,1,5875.426555
2026/02/04/15:02:52,apply-time,rs-003314-t82kz,f7266707-9a27-4f51-8eb1-32e925d9caf9,1,5875.426555
2026/02/04/15:02:52,running-time,rs-003314-t82kz,f7266707-9a27-4f51-8eb1-32e925d9caf9,1,5876.426555
2026/02/04/15:02:52,apply-time,rs-003315-8dtfc,6358a92c-1b5f-4526-bb16-cff5860119ed,4,5876.426555
2026/02/04/15:02:52,running-time,rs-003315-8dtfc,6358a92c-1b5f-4526-bb16-cff5860119ed,4,5876.426555
2026/02/04/15:02:52,apply-time,rs-003315-gnz75,a588e037-9d21-49c5-a03a-0677fe9af8cd,4,5876.426555
2026/02/04/15:02:52,running-time,rs-003315-gnz75,a588e037-9d21-49c5-a03a-0677fe9af8cd,4,5876.426555
2026/02/04/15:02:52,apply-time,rs-003315-rtdjf,05a4c467-eecf-4862-9f88-a120efd1bfb8,4,5875.426555
2026/02/04/15:02:52,running-time,rs-003315-rtdjf,05a4c467-eecf-4862-9f88-a120efd1bfb8,4,5875.426555
2026/02/04/15:02:52,apply-time,rs-003316-8g4w9,67ed5d13-307b-4e06-b6a9-ff9a3e422a39,4,5875.426555
2026/02/04/15:02:52,running-time,rs-003316-8g4w9,67ed5d13-307b-4e06-b6a9-ff9a3e422a39,4,5875.426555
2026/02/04/15:02:52,apply-time,rs-003317-9kcrk,ed6bc722-99af-4901-a004-86ade539ec0e,3,5875.426555
2026/02/04/15:02:52,apply-time,rs-003317-mqnd4,67e62874-02fb-492a-8dbc-dde26a08a68b,3,5875.426555
2026/02/04/15:02:52,apply-time,rs-003317-prp79,e5749313-2219-4f7c-a81a-e9d49133e978,3,5875.426555
2026/02/04/15:02:53,running-time,rs-003307-q62sj,b482418a-8319-43ef-a09e-1ac18f1cf7b8,1,5877.426555
2026/02/04/15:02:53,running-time,rs-003309-xmwqr,995b1584-fdd9-4301-a7e0-120246b8e77a,3,5877.426555
2026/02/04/15:02:53,running-time,rs-003317-mqnd4,67e62874-02fb-492a-8dbc-dde26a08a68b,3,5877.426555
2026/02/04/15:02:53,apply-time,rs-003318-gbtwk,43d0bc2b-e08b-4eb1-9155-d50d8d3dddb8,4,5876.426555
2026/02/04/15:02:53,running-time,rs-003318-gbtwk,43d0bc2b-e08b-4eb1-9155-d50d8d3dddb8,4,5876.426555
2026/02/04/15:02:53,apply-time,rs-003318-l7dtl,610ce525-bf19-47a6-8d69-be21ccf73e3d,4,5876.426555
2026/02/04/15:02:53,running-time,rs-003318-l7dtl,610ce525-bf19-47a6-8d69-be21ccf73e3d,4,5876.426555
2026/02/04/15:02:55,running-time,rs-003310-2kf4b,2e266f90-37d6-438a-a2f1-c205d118e21a,2,5878.426555
2026/02/04/15:03:14,apply-time,rs-003319-6wxkf,7e1b683f-81a0-437b-8dc8-b863227a1db7,4,5898.426555
2026/02/04/15:03:14,apply-time,rs-003320-9n6zn,0224e557-340a-4469-bbc3-db48a08eac6c,1,5898.426555
2026/02/04/15:03:14,apply-time,rs-003320-vc9n5,d171761d-f535-4439-8fbe-e75aefaee5dd,1,5898.426555
2026/02/04/15:03:14,apply-time,rs-003321-28jnb,819b8a0e-7754-4cf8-8357-259b2196e12f,1,5898.426555
2026/02/04/15:03:14,apply-time,rs-003322-jqzbl,4e7a7bf8-71d9-41b8-aef0-4fc1e5377de1,1,5898.426555
2026/02/04/15:03:14,apply-time,rs-003323-jrv2c,94178bd1-037f-4ec2-822e-3a96b40cad65,3,5898.426555
2026/02/04/15:03:15,running-time,rs-003319-6wxkf,7e1b683f-81a0-437b-8dc8-b863227a1db7,4,5898.426555
2026/02/04/15:03:15,apply-time,rs-003319-grnpp,c4846450-d73b-4bd3-bd61-5f49644c6c1b,4,5898.426555
2026/02/04/15:03:15,running-time,rs-003319-grnpp,c4846450-d73b-4bd3-bd61-5f49644c6c1b,4,5898.426555
2026/02/04/15:03:15,apply-time,rs-003319-ztpsh,dd128c66-0f04-410f-8718-264edfdfee78,4,5898.426555
2026/02/04/15:03:15,running-time,rs-003319-ztpsh,dd128c66-0f04-410f-8718-264edfdfee78,4,5898.426555
2026/02/04/15:03:15,running-time,rs-003320-9n6zn,0224e557-340a-4469-bbc3-db48a08eac6c,1,5898.426555
2026/02/04/15:03:15,running-time,rs-003320-vc9n5,d171761d-f535-4439-8fbe-e75aefaee5dd,1,5898.426555
2026/02/04/15:03:15,running-time,rs-003321-28jnb,819b8a0e-7754-4cf8-8357-259b2196e12f,1,5898.426555
2026/02/04/15:03:15,running-time,rs-003322-jqzbl,4e7a7bf8-71d9-41b8-aef0-4fc1e5377de1,1,5898.426555
2026/02/04/15:03:15,apply-time,rs-003322-v7w85,69bafedd-a29f-43cb-a945-821fc2ff1cd6,1,5898.426555
2026/02/04/15:03:15,running-time,rs-003322-v7w85,69bafedd-a29f-43cb-a945-821fc2ff1cd6,1,5898.426555
2026/02/04/15:03:15,apply-time,rs-003322-wz4kf,812537ec-e46a-4e61-82f4-3b211cd66f3c,1,5898.426555
2026/02/04/15:03:15,apply-time,rs-003323-2qskd,a2bc6b39-a822-4972-b82a-0a5226f54ee0,3,5898.426555
2026/02/04/15:03:15,running-time,rs-003323-2qskd,a2bc6b39-a822-4972-b82a-0a5226f54ee0,3,5898.426555
2026/02/04/15:03:15,running-time,rs-003323-jrv2c,94178bd1-037f-4ec2-822e-3a96b40cad65,3,5898.426555
2026/02/04/15:03:15,apply-time,rs-003323-mfngf,be90918e-139d-49c5-8f52-b2fa5e32a19c,3,5898.426555
2026/02/04/15:03:15,running-time,rs-003323-mfngf,be90918e-139d-49c5-8f52-b2fa5e32a19c,3,5898.426555
2026/02/04/15:03:15,apply-time,rs-003324-vpn8g,98e6b9b0-73e5-4dd4-9ef1-d27cc8fdea98,2,5898.426555
2026/02/04/15:03:15,running-time,rs-003324-vpn8g,98e6b9b0-73e5-4dd4-9ef1-d27cc8fdea98,2,5898.426555
2026/02/04/15:03:15,apply-time,rs-003325-dx8js,99993d66-d95f-4593-8a5d-cbfcd5c9f2b1,2,5898.426555
2026/02/04/15:03:15,running-time,rs-003325-dx8js,99993d66-d95f-4593-8a5d-cbfcd5c9f2b1,2,5898.426555
2026/02/04/15:03:15,apply-time,rs-003325-sqlqm,1c607729-0256-4017-bd33-e8e8c95ccf7b,2,5898.426555
2026/02/04/15:03:15,running-time,rs-003325-sqlqm,1c607729-0256-4017-bd33-e8e8c95ccf7b,2,5898.426555
2026/02/04/15:03:17,running-time,rs-003322-wz4kf,812537ec-e46a-4e61-82f4-3b211cd66f3c,1,5900.426555
2026/02/04/15:03:21,apply-time,rs-003326-8bkr4,1e16a3a3-3bd5-46c2-bdb3-ebb2460187ca,3,5905.426555
2026/02/04/15:03:21,running-time,rs-003326-8bkr4,1e16a3a3-3bd5-46c2-bdb3-ebb2460187ca,3,5905.426555
2026/02/04/15:03:21,apply-time,rs-003326-8zpvg,9cd72bab-bbe3-4c0c-a248-1374ad31dc49,3,5904.426555
2026/02/04/15:03:21,running-time,rs-003326-8zpvg,9cd72bab-bbe3-4c0c-a248-1374ad31dc49,3,5905.426555
2026/02/04/15:03:21,apply-time,rs-003327-6jfr9,780d1583-6ec7-4097-8646-0d6fa33ebd03,1,5904.426555
2026/02/04/15:03:21,running-time,rs-003327-6jfr9,780d1583-6ec7-4097-8646-0d6fa33ebd03,1,5905.426555
2026/02/04/15:03:21,apply-time,rs-003327-pxr7l,8ad22eeb-2bed-46cb-969f-072c63a282b2,1,5904.426555
2026/02/04/15:03:21,running-time,rs-003327-pxr7l,8ad22eeb-2bed-46cb-969f-072c63a282b2,1,5905.426555
2026/02/04/15:03:21,apply-time,rs-003328-c49jm,5521aac2-445a-4c31-9c38-4225e335d295,2,5904.426555
2026/02/04/15:03:21,running-time,rs-003328-c49jm,5521aac2-445a-4c31-9c38-4225e335d295,2,5905.426555
2026/02/04/15:03:21,apply-time,rs-003328-h9rlm,28c3e371-f6e8-48b7-a016-29600c82d970,2,5904.426555
2026/02/04/15:03:21,running-time,rs-003328-h9rlm,28c3e371-f6e8-48b7-a016-29600c82d970,2,5905.426555
2026/02/04/15:03:21,apply-time,rs-003328-qcfhl,394037b0-a98b-495b-996e-7f08baee28fc,2,5904.426555
2026/02/04/15:03:21,running-time,rs-003328-qcfhl,394037b0-a98b-495b-996e-7f08baee28fc,2,5904.426555
2026/02/04/15:03:23,apply-time,rs-003329-fxqcw,f370acbd-a8d9-4bf2-a7b3-72b57299645a,2,5906.426555
2026/02/04/15:03:23,running-time,rs-003329-fxqcw,f370acbd-a8d9-4bf2-a7b3-72b57299645a,2,5906.426555
2026/02/04/15:03:27,apply-time,rs-003330-6vbf7,85304a5d-6e66-4843-96b3-b998d25363f5,1,5910.426555
2026/02/04/15:03:27,running-time,rs-003330-6vbf7,85304a5d-6e66-4843-96b3-b998d25363f5,1,5910.426555
2026/02/04/15:03:27,apply-time,rs-003330-z5rh2,4ff8d4f7-a32d-4320-ae37-9498e8e295c0,1,5910.426555
2026/02/04/15:03:27,running-time,rs-003330-z5rh2,4ff8d4f7-a32d-4320-ae37-9498e8e295c0,1,5910.426555
2026/02/04/15:03:27,apply-time,rs-003331-p674w,2b26460b-b8f2-4fd5-8739-6989f1b6ba86,3,5910.426555
2026/02/04/15:03:27,running-time,rs-003331-p674w,2b26460b-b8f2-4fd5-8739-6989f1b6ba86,3,5911.426555
2026/02/04/15:03:27,apply-time,rs-003332-4g7t9,584486d3-7789-4b64-96a6-4b3918ae4407,3,5911.426555
2026/02/04/15:03:27,running-time,rs-003332-4g7t9,584486d3-7789-4b64-96a6-4b3918ae4407,3,5911.426555
2026/02/04/15:03:27,apply-time,rs-003332-zscxr,23decc49-c4c8-4a30-9e8d-f860f9ba0141,3,5911.426555
2026/02/04/15:03:27,running-time,rs-003332-zscxr,23decc49-c4c8-4a30-9e8d-f860f9ba0141,3,5911.426555
2026/02/04/15:03:27,apply-time,rs-003332-ztlww,2a345cd4-31fe-487f-bf83-de8abe459b3b,3,5910.426555
2026/02/04/15:03:27,running-time,rs-003332-ztlww,2a345cd4-31fe-487f-bf83-de8abe459b3b,3,5911.426555
2026/02/04/15:03:27,apply-time,rs-003333-lrlsh,986a32d3-83c3-4503-aae1-89cea2991ea0,3,5910.426555
2026/02/04/15:03:27,running-time,rs-003333-lrlsh,986a32d3-83c3-4503-aae1-89cea2991ea0,3,5911.426555
2026/02/04/15:03:27,apply-time,rs-003333-tmrfl,9c142f2c-bd6c-4c25-9c01-be240a19a4be,3,5910.426555
2026/02/04/15:03:27,running-time,rs-003333-tmrfl,9c142f2c-bd6c-4c25-9c01-be240a19a4be,3,5911.426555
2026/02/04/15:03:27,apply-time,rs-003334-bjlhj,9d2a9170-d1db-4abd-b891-6c5e19ccbf48,1,5911.426555
2026/02/04/15:03:27,running-time,rs-003334-bjlhj,9d2a9170-d1db-4abd-b891-6c5e19ccbf48,1,5911.426555
2026/02/04/15:03:27,apply-time,rs-003334-sddcr,226a1870-9bde-45a4-9abf-e30ee5313c60,1,5910.426555
2026/02/04/15:03:27,running-time,rs-003334-sddcr,226a1870-9bde-45a4-9abf-e30ee5313c60,1,5911.426555
2026/02/04/15:03:27,apply-time,rs-003335-qvbrl,33d82bee-b3f5-4e34-841e-cc7460c00360,4,5911.426555
2026/02/04/15:03:27,running-time,rs-003335-qvbrl,33d82bee-b3f5-4e34-841e-cc7460c00360,4,5911.426555
2026/02/04/15:03:27,apply-time,rs-003336-7b4kg,59f753bb-1ecf-4549-942d-fd8839c48041,1,5911.426555
2026/02/04/15:03:28,running-time,rs-003336-7b4kg,59f753bb-1ecf-4549-942d-fd8839c48041,1,5911.426555
2026/02/04/15:03:28,apply-time,rs-003336-xtj89,9362a3a6-6cee-4a7e-a9f7-8c463cee70c3,1,5911.426555
2026/02/04/15:03:28,running-time,rs-003336-xtj89,9362a3a6-6cee-4a7e-a9f7-8c463cee70c3,1,5911.426555
2026/02/04/15:03:28,apply-time,rs-003337-ck6xj,6396ccb3-7e94-4c35-8db0-ae6136e2af2c,1,5912.426555
2026/02/04/15:03:28,running-time,rs-003337-ck6xj,6396ccb3-7e94-4c35-8db0-ae6136e2af2c,1,5912.426555
2026/02/04/15:03:28,apply-time,rs-003337-tnvrf,4ff169ce-6e5a-450c-8fa3-4c2aecc36152,1,5912.426555
2026/02/04/15:03:28,running-time,rs-003337-tnvrf,4ff169ce-6e5a-450c-8fa3-4c2aecc36152,1,5912.426555
2026/02/04/15:03:28,apply-time,rs-003337-z97qz,9cb3ddbd-4ac2-4f3a-a716-1a5c145135e6,1,5912.426555
2026/02/04/15:03:28,running-time,rs-003337-z97qz,9cb3ddbd-4ac2-4f3a-a716-1a5c145135e6,1,5912.426555
2026/02/04/15:03:29,apply-time,rs-003338-7msm9,cfde7797-bff3-4208-bdb5-90e0171210e8,3,5912.426555
2026/02/04/15:03:29,running-time,rs-003338-7msm9,cfde7797-bff3-4208-bdb5-90e0171210e8,3,5913.426555
2026/02/04/15:03:29,apply-time,rs-003338-bxprn,2e595d38-6f3e-47af-98de-f338a136f16f,3,5912.426555
2026/02/04/15:03:29,running-time,rs-003338-bxprn,2e595d38-6f3e-47af-98de-f338a136f16f,3,5913.426555
2026/02/04/15:03:29,apply-time,rs-003339-7z6v8,3a7b0472-50eb-49ae-b79f-8be0a0278935,2,5912.426555
2026/02/04/15:03:29,apply-time,rs-003339-fx8vn,e3f2282f-73d2-4607-b0ed-e884c8dbf125,2,5912.426555
2026/02/04/15:03:29,apply-time,rs-003340-7bflh,5399d2ac-de8a-4b55-bab6-421007fa2430,1,5913.426555
2026/02/04/15:03:29,running-time,rs-003340-7bflh,5399d2ac-de8a-4b55-bab6-421007fa2430,1,5913.426555
2026/02/04/15:03:29,apply-time,rs-003340-nhtb8,b6a59dda-75fc-4c7a-af48-73d94cfc5e04,1,5913.426555
2026/02/04/15:03:29,running-time,rs-003340-nhtb8,b6a59dda-75fc-4c7a-af48-73d94cfc5e04,1,5913.426555
2026/02/04/15:03:29,apply-time,rs-003340-w4d67,1561d310-040b-4f8b-aaf4-51d3192d3d1c,1,5913.426555
2026/02/04/15:03:29,apply-time,rs-003341-j4k9r,6d1613ef-22bc-4ac8-9eba-9fcce50b7fd0,3,5913.426555
2026/02/04/15:03:29,apply-time,rs-003341-qsbns,3c0f659a-e1f9-444c-ac4a-0d7eda5371a4,3,5913.426555
2026/02/04/15:03:29,apply-time,rs-003342-mtwcc,f7fae379-7c3b-46a1-8ba7-ae59c9533bdd,2,5913.426555
2026/02/04/15:03:29,apply-time,rs-003342-tdq7w,49be2e6c-e021-4e6d-a87f-7344059c384c,2,5913.426555
2026/02/04/15:03:30,running-time,rs-003340-w4d67,1561d310-040b-4f8b-aaf4-51d3192d3d1c,1,5914.426555
2026/02/04/15:03:30,running-time,rs-003341-qsbns,3c0f659a-e1f9-444c-ac4a-0d7eda5371a4,3,5914.426555
2026/02/04/15:03:30,running-time,rs-003342-tdq7w,49be2e6c-e021-4e6d-a87f-7344059c384c,2,5914.426555
2026/02/04/15:03:32,running-time,rs-003339-7z6v8,3a7b0472-50eb-49ae-b79f-8be0a0278935,2,5916.426555
2026/02/04/15:03:32,running-time,rs-003339-fx8vn,e3f2282f-73d2-4607-b0ed-e884c8dbf125,2,5916.426555
2026/02/04/15:03:32,running-time,rs-003341-j4k9r,6d1613ef-22bc-4ac8-9eba-9fcce50b7fd0,3,5915.426555
2026/02/04/15:03:33,running-time,rs-003342-mtwcc,f7fae379-7c3b-46a1-8ba7-ae59c9533bdd,2,5916.426555
2026/02/04/15:03:53,apply-time,rs-003343-whcsn,49ee7933-feeb-491a-a601-081dcb186a1a,1,5937.426555
2026/02/04/15:03:53,apply-time,rs-003344-wjngx,a0287570-143e-4526-b3e6-acfc5db52bbb,3,5937.426555
2026/02/04/15:03:53,running-time,rs-003344-wjngx,a0287570-143e-4526-b3e6-acfc5db52bbb,3,5937.426555
2026/02/04/15:03:53,apply-time,rs-003345-bfm4z,27b7d420-6845-4381-b524-ec29019d56e5,2,5937.426555
2026/02/04/15:03:53,running-time,rs-003345-bfm4z,27b7d420-6845-4381-b524-ec29019d56e5,2,5937.426555
2026/02/04/15:03:53,apply-time,rs-003345-k86df,9d2e0dc2-9acf-4614-b6c4-75a14f4c68ed,2,5937.426555
2026/02/04/15:03:53,running-time,rs-003345-k86df,9d2e0dc2-9acf-4614-b6c4-75a14f4c68ed,2,5937.426555
2026/02/04/15:03:53,apply-time,rs-003345-rx75b,8a372aa4-1bab-478a-92c5-6cc675619073,2,5937.426555
2026/02/04/15:03:53,running-time,rs-003345-rx75b,8a372aa4-1bab-478a-92c5-6cc675619073,2,5937.426555
2026/02/04/15:03:53,apply-time,rs-003346-jq8cv,0922ee14-a30d-4fb2-bb2e-e50186bef1b9,3,5937.426555
2026/02/04/15:03:53,running-time,rs-003346-jq8cv,0922ee14-a30d-4fb2-bb2e-e50186bef1b9,3,5937.426555
2026/02/04/15:03:53,apply-time,rs-003347-27zgs,00a16771-fdc4-4a33-97c7-48da33fa96b3,1,5937.426555
2026/02/04/15:03:53,apply-time,rs-003347-q6fcr,863392c8-42fe-47f8-b098-c787727c7eea,1,5937.426555
2026/02/04/15:03:57,running-time,rs-003343-whcsn,49ee7933-feeb-491a-a601-081dcb186a1a,1,5941.426555
2026/02/04/15:03:59,apply-time,rs-003348-68xxc,5c2a2d9d-98c0-4ab7-be0a-a0ab058b654d,3,5942.426555
2026/02/04/15:03:59,running-time,rs-003348-68xxc,5c2a2d9d-98c0-4ab7-be0a-a0ab058b654d,3,5942.426555
2026/02/04/15:03:59,apply-time,rs-003348-jhrgl,2a291261-90ff-49f9-b168-68c6143e7717,3,5942.426555
2026/02/04/15:03:59,running-time,rs-003348-jhrgl,2a291261-90ff-49f9-b168-68c6143e7717,3,5942.426555
2026/02/04/15:04:01,apply-time,rs-003349-74mjb,d8584100-a1e0-4a6c-ab87-c40ece4cee90,1,5944.426555
2026/02/04/15:04:01,running-time,rs-003349-74mjb,d8584100-a1e0-4a6c-ab87-c40ece4cee90,1,5944.426555
2026/02/04/15:04:01,apply-time,rs-003349-dggdj,b5c3cdc8-60f9-42b3-be3a-93b7143eb598,1,5944.426555
2026/02/04/15:04:01,apply-time,rs-003349-vvjqs,fa99f8a2-34a5-4e24-9e4d-f99737f20137,1,5944.426555
2026/02/04/15:04:01,apply-time,rs-003350-4jqg2,68fe7f73-856e-4781-99f6-94fd40e16482,1,5945.426555
2026/02/04/15:04:01,running-time,rs-003350-4jqg2,68fe7f73-856e-4781-99f6-94fd40e16482,1,5945.426555
2026/02/04/15:04:01,apply-time,rs-003350-x9m9h,bde42d7d-1f81-43d2-a4d5-882f7599fb79,1,5945.426555
2026/02/04/15:04:01,running-time,rs-003350-x9m9h,bde42d7d-1f81-43d2-a4d5-882f7599fb79,1,5945.426555
2026/02/04/15:04:01,apply-time,rs-003350-z2tld,5a615af1-8bb5-4f7d-ad1e-6911160184e3,1,5945.426555
2026/02/04/15:04:01,running-time,rs-003350-z2tld,5a615af1-8bb5-4f7d-ad1e-6911160184e3,1,5945.426555
2026/02/04/15:04:01,apply-time,rs-003351-627cb,6750ce81-2154-42df-a1d4-6a29eabfc4d8,1,5945.426555
2026/02/04/15:04:01,running-time,rs-003351-627cb,6750ce81-2154-42df-a1d4-6a29eabfc4d8,1,5945.426555
2026/02/04/15:04:01,apply-time,rs-003352-6lxkj,59faa957-11c0-43f0-80c9-f258ef764297,3,5945.426555
2026/02/04/15:04:01,running-time,rs-003352-6lxkj,59faa957-11c0-43f0-80c9-f258ef764297,3,5945.426555
2026/02/04/15:04:01,apply-time,rs-003353-5p8sv,f0df0d7a-d0f9-4953-becc-9586abb80dd3,1,5945.426555
2026/02/04/15:04:02,apply-time,rs-003354-gjts5,2682633e-bea2-46db-97a1-aa53e1405b3a,2,5945.426555
2026/02/04/15:04:02,running-time,rs-003354-gjts5,2682633e-bea2-46db-97a1-aa53e1405b3a,2,5945.426555
2026/02/04/15:04:02,apply-time,rs-003355-ggzjv,1456109c-1030-4a96-a705-93621e5dd3e1,3,5945.426555
2026/02/04/15:04:02,running-time,rs-003355-ggzjv,1456109c-1030-4a96-a705-93621e5dd3e1,3,5945.426555
2026/02/04/15:04:02,apply-time,rs-003355-svmvk,29b0e2b8-6eae-4bc9-996d-80081a36df52,3,5945.426555
2026/02/04/15:04:02,running-time,rs-003355-svmvk,29b0e2b8-6eae-4bc9-996d-80081a36df52,3,5945.426555
2026/02/04/15:04:02,apply-time,rs-003356-n9kfb,40d1ed89-55ac-4de0-a232-ed26997e5e42,2,5945.426555
2026/02/04/15:04:02,apply-time,rs-003357-2484n,223ddb8a-c143-499a-9684-ca3402e5695d,1,5946.426555
2026/02/04/15:04:02,apply-time,rs-003357-dc245,87f3cf2a-044c-45bf-9da8-2e634ef821dc,1,5945.426555
2026/02/04/15:04:05,running-time,rs-003353-5p8sv,f0df0d7a-d0f9-4953-becc-9586abb80dd3,1,5948.426555
2026/02/04/15:04:06,apply-time,rs-003358-4fmtd,afb9abbd-4564-4227-aad9-40ea9e60916a,2,5950.426555
2026/02/04/15:04:06,apply-time,rs-003358-9hn7c,63348d6d-df76-4486-a8aa-4f7e5bcc0b4b,2,5950.426555
2026/02/04/15:04:06,apply-time,rs-003358-zsmj7,4ed2dd3e-636c-4822-9290-76c683836966,2,5950.426555
2026/02/04/15:04:07,apply-time,rs-003359-bv8bx,11782013-7ee2-4c54-9850-23b5160b752b,1,5950.426555
2026/02/04/15:04:07,apply-time,rs-003359-xk92n,dc3fd784-1b5b-4f62-bb3c-6032534922c0,1,5950.426555
2026/02/04/15:04:07,apply-time,rs-003360-xtzq7,0183cbbf-456b-4969-884a-171911697e89,2,5950.426555
2026/02/04/15:04:07,running-time,rs-003360-xtzq7,0183cbbf-456b-4969-884a-171911697e89,2,5950.426555
2026/02/04/15:04:07,apply-time,rs-003361-jqjjj,a830cbf4-5754-464f-a028-bb9474013fdc,3,5950.426555
2026/02/04/15:04:07,running-time,rs-003361-jqjjj,a830cbf4-5754-464f-a028-bb9474013fdc,3,5950.426555
2026/02/04/15:04:08,apply-time,rs-003362-5mr7l,b49f5c5e-afb8-402d-a2b1-fd69db779a1e,3,5952.426555
2026/02/04/15:04:08,running-time,rs-003362-5mr7l,b49f5c5e-afb8-402d-a2b1-fd69db779a1e,3,5952.426555
2026/02/04/15:04:09,running-time,rs-003357-dc245,87f3cf2a-044c-45bf-9da8-2e634ef821dc,1,5953.426555
2026/02/04/15:04:09,running-time,rs-003358-9hn7c,63348d6d-df76-4486-a8aa-4f7e5bcc0b4b,2,5953.426555
2026/02/04/15:04:10,running-time,rs-003356-n9kfb,40d1ed89-55ac-4de0-a232-ed26997e5e42,2,5953.426555
2026/02/04/15:04:26,running-time,rs-003359-bv8bx,11782013-7ee2-4c54-9850-23b5160b752b,1,5970.426555
2026/02/04/15:04:27,apply-time,rs-001494-w5pz4,a5fcc8bb-632e-4cbb-9727-e482b5e49b2e,1,5970.426555
2026/02/04/15:04:27,running-time,rs-001494-w5pz4,a5fcc8bb-632e-4cbb-9727-e482b5e49b2e,1,5970.426555
2026/02/04/15:04:27,apply-time,rs-003304-thkzz,341427fe-442b-4be0-b15e-467850a7885d,1,5970.426555
2026/02/04/15:04:27,running-time,rs-003304-thkzz,341427fe-442b-4be0-b15e-467850a7885d,1,5970.426555
2026/02/04/15:04:27,apply-time,rs-003321-rmkbp,369ee743-35f4-4fd3-8edc-118e54af2181,1,5970.426555
2026/02/04/15:04:27,running-time,rs-003321-rmkbp,369ee743-35f4-4fd3-8edc-118e54af2181,1,5970.426555
2026/02/04/15:04:27,running-time,rs-003347-27zgs,00a16771-fdc4-4a33-97c7-48da33fa96b3,1,5970.426555
2026/02/04/15:04:27,running-time,rs-003347-q6fcr,863392c8-42fe-47f8-b098-c787727c7eea,1,5970.426555
2026/02/04/15:04:27,running-time,rs-003359-xk92n,dc3fd784-1b5b-4f62-bb3c-6032534922c0,1,5970.426555
2026/02/04/15:04:31,apply-time,rs-003363-779r8,842fa9e5-a911-473a-91c0-6476fc1f3a22,2,5975.426555
2026/02/04/15:04:31,running-time,rs-003363-779r8,842fa9e5-a911-473a-91c0-6476fc1f3a22,2,5975.426555
2026/02/04/15:04:31,apply-time,rs-003363-rrcx7,d144ff16-55f1-48ac-89c6-1dc7868ac3a6,2,5975.426555
2026/02/04/15:04:31,running-time,rs-003363-rrcx7,d144ff16-55f1-48ac-89c6-1dc7868ac3a6,2,5975.426555
2026/02/04/15:04:31,apply-time,rs-003363-wz7zr,512b8b63-fc51-4f0e-a37b-7a8d66f1b049,2,5975.426555
2026/02/04/15:04:31,running-time,rs-003363-wz7zr,512b8b63-fc51-4f0e-a37b-7a8d66f1b049,2,5975.426555
2026/02/04/15:04:31,apply-time,rs-003364-glb8v,3080aad0-fbf6-4415-9be7-40f8b6630019,4,5975.426555
2026/02/04/15:04:31,running-time,rs-003364-glb8v,3080aad0-fbf6-4415-9be7-40f8b6630019,4,5975.426555
2026/02/04/15:04:31,apply-time,rs-003365-mjxdc,abfa1006-6f4d-418c-9411-147c12dd9515,1,5975.426555
2026/02/04/15:04:31,running-time,rs-003365-mjxdc,abfa1006-6f4d-418c-9411-147c12dd9515,1,5975.426555
2026/02/04/15:04:31,apply-time,rs-003365-sx2zw,444620ce-baae-4347-9042-7bfc8bcb9a9a,1,5975.426555
2026/02/04/15:04:31,running-time,rs-003365-sx2zw,444620ce-baae-4347-9042-7bfc8bcb9a9a,1,5975.426555
2026/02/04/15:04:31,apply-time,rs-003366-7k92s,78569b04-c564-4850-acfe-59421caf8a53,2,5975.426555
2026/02/04/15:04:31,apply-time,rs-003366-l9r2k,bd2af5da-76fe-4dd2-a619-c40ffb207585,2,5975.426555
2026/02/04/15:04:31,apply-time,rs-003366-wfr52,9ae7f5bd-6720-4e29-aab5-4501782a1153,2,5975.426555
2026/02/04/15:04:35,running-time,rs-003366-l9r2k,bd2af5da-76fe-4dd2-a619-c40ffb207585,2,5979.426555
2026/02/04/15:04:40,apply-time,rs-003367-mcpjt,e5d92fba-0d8e-4525-9bdb-e2ce5257dce5,1,5983.426555
2026/02/04/15:04:40,running-time,rs-003367-mcpjt,e5d92fba-0d8e-4525-9bdb-e2ce5257dce5,1,5983.426555
2026/02/04/15:04:40,apply-time,rs-003368-42pb8,87d644e4-6159-4b80-9176-fee719296d4d,3,5983.426555
2026/02/04/15:04:40,running-time,rs-003368-42pb8,87d644e4-6159-4b80-9176-fee719296d4d,3,5983.426555
2026/02/04/15:04:47,running-time,rs-003366-wfr52,9ae7f5bd-6720-4e29-aab5-4501782a1153,2,5991.426555
2026/02/04/15:04:49,apply-time,rs-003369-cvpp2,ab28d7d6-3014-470e-9470-be9f752d4cdc,1,5992.426555
2026/02/04/15:04:49,apply-time,rs-003369-fxsr8,d3d423bd-6d75-4c7d-a95e-60a2a58f9f94,1,5992.426555
2026/02/04/15:04:49,apply-time,rs-003369-g7kgb,67cae6d3-a0ba-4b39-bd74-540cc065a122,1,5992.426555
2026/02/04/15:04:49,apply-time,rs-003370-jv6q8,af1aac67-ebbc-4824-a93a-cc6754ddba42,4,5992.426555
2026/02/04/15:04:49,running-time,rs-003370-jv6q8,af1aac67-ebbc-4824-a93a-cc6754ddba42,4,5992.426555
2026/02/04/15:04:49,apply-time,rs-003370-l85js,aa3b994c-965b-4ac6-a88b-acd75f56c187,4,5992.426555
2026/02/04/15:04:49,running-time,rs-003370-l85js,aa3b994c-965b-4ac6-a88b-acd75f56c187,4,5992.426555
2026/02/04/15:04:49,apply-time,rs-003370-q9zc2,32b6992e-8104-4029-9057-e2d2e66f5708,4,5992.426555
2026/02/04/15:04:49,running-time,rs-003370-q9zc2,32b6992e-8104-4029-9057-e2d2e66f5708,4,5992.426555
2026/02/04/15:04:54,apply-time,rs-002951-5zn6c,f4c44c39-e411-43a5-baff-12536a7ac133,1,5997.426555
2026/02/04/15:04:54,running-time,rs-002951-5zn6c,f4c44c39-e411-43a5-baff-12536a7ac133,1,5997.426555
2026/02/04/15:05:04,apply-time,rs-003371-98j25,b0cc6cdf-b162-4d2d-8a56-e7e53f468af8,3,6008.426555
2026/02/04/15:05:04,running-time,rs-003371-98j25,b0cc6cdf-b162-4d2d-8a56-e7e53f468af8,3,6008.426555
2026/02/04/15:05:04,apply-time,rs-003371-p4rwt,7a1bef7d-bfc5-4cb1-8a65-a8c0fff8a75f,3,6008.426555
2026/02/04/15:05:04,running-time,rs-003371-p4rwt,7a1bef7d-bfc5-4cb1-8a65-a8c0fff8a75f,3,6008.426555
2026/02/04/15:05:04,apply-time,rs-003372-9xhzf,8d6315aa-e628-4979-9646-08cc3ef695d8,2,6008.426555
2026/02/04/15:05:04,running-time,rs-003372-9xhzf,8d6315aa-e628-4979-9646-08cc3ef695d8,2,6008.426555
2026/02/04/15:05:04,apply-time,rs-003372-h9dq2,2c2d2ceb-4038-49ef-8ac6-0171ef27ab2b,2,6008.426555
2026/02/04/15:05:04,running-time,rs-003372-h9dq2,2c2d2ceb-4038-49ef-8ac6-0171ef27ab2b,2,6008.426555
2026/02/04/15:05:04,apply-time,rs-003372-s8bhr,943d7dd1-14d4-47ea-8796-620684ed4cc7,2,6008.426555
2026/02/04/15:05:04,running-time,rs-003372-s8bhr,943d7dd1-14d4-47ea-8796-620684ed4cc7,2,6008.426555
2026/02/04/15:05:07,apply-time,rs-003373-2dq26,1f2354d4-01e0-4715-b6b8-d88bd9430870,1,6010.426555
2026/02/04/15:05:07,running-time,rs-003373-2dq26,1f2354d4-01e0-4715-b6b8-d88bd9430870,1,6010.426555
2026/02/04/15:05:07,apply-time,rs-003374-2fh6g,7a60c918-f325-4cb0-bcfa-57b16f10eb14,2,6010.426555
2026/02/04/15:05:07,apply-time,rs-003374-q58lt,298784c1-9f53-468e-8b64-9fada62103f5,2,6010.426555
2026/02/04/15:05:07,running-time,rs-003374-q58lt,298784c1-9f53-468e-8b64-9fada62103f5,2,6010.426555
2026/02/04/15:05:10,apply-time,rs-003375-5k698,b3584299-9d84-40cc-ae0b-c15703267baa,1,6014.426555
2026/02/04/15:05:10,apply-time,rs-003376-2vp94,5ed52e8a-452d-49ae-be03-ea3d6ce75ab3,1,6014.426555
2026/02/04/15:05:10,running-time,rs-003376-2vp94,5ed52e8a-452d-49ae-be03-ea3d6ce75ab3,1,6014.426555
2026/02/04/15:05:10,apply-time,rs-003376-ps8jl,45fa439b-163a-47ae-b932-3bd7ea623254,1,6014.426555
2026/02/04/15:05:10,running-time,rs-003376-ps8jl,45fa439b-163a-47ae-b932-3bd7ea623254,1,6014.426555
2026/02/04/15:05:10,apply-time,rs-003376-wl2g7,75054765-b89f-4b5e-b1dd-ee7511c34e88,1,6014.426555
2026/02/04/15:05:10,running-time,rs-003376-wl2g7,75054765-b89f-4b5e-b1dd-ee7511c34e88,1,6014.426555
2026/02/04/15:05:10,apply-time,rs-003377-kz9fm,b92fe618-ed84-4a31-a544-028edae44ae4,2,6014.426555
2026/02/04/15:05:10,running-time,rs-003377-kz9fm,b92fe618-ed84-4a31-a544-028edae44ae4,2,6014.426555
2026/02/04/15:05:10,apply-time,rs-003378-b6rw2,c0f18a76-b307-4164-9091-f6adf7cd03a7,4,6014.426555
2026/02/04/15:05:10,running-time,rs-003378-b6rw2,c0f18a76-b307-4164-9091-f6adf7cd03a7,4,6014.426555
2026/02/04/15:05:10,apply-time,rs-003379-77d6w,2e27168b-7f26-4f2d-9eb9-5a8b69cd2b2e,4,6014.426555
2026/02/04/15:05:10,running-time,rs-003379-77d6w,2e27168b-7f26-4f2d-9eb9-5a8b69cd2b2e,4,6014.426555
2026/02/04/15:05:10,apply-time,rs-003379-ldr54,69d8c39f-670e-47b7-b158-417d9f58ac13,4,6014.426555
2026/02/04/15:05:10,running-time,rs-003379-ldr54,69d8c39f-670e-47b7-b158-417d9f58ac13,4,6014.426555
2026/02/04/15:05:10,apply-time,rs-003379-n7zzp,c21a6429-9307-42d5-9928-43443229d25b,4,6014.426555
2026/02/04/15:05:10,running-time,rs-003379-n7zzp,c21a6429-9307-42d5-9928-43443229d25b,4,6014.426555
2026/02/04/15:05:10,apply-time,rs-003380-8hfqn,bd858947-fc51-4ea7-bae4-4938dbbdf2e8,1,6014.426555
2026/02/04/15:05:10,apply-time,rs-003381-kj5rp,1c46be8f-42da-4fd6-85af-a382caeb3af6,4,6014.426555
2026/02/04/15:05:10,running-time,rs-003381-kj5rp,1c46be8f-42da-4fd6-85af-a382caeb3af6,4,6014.426555
2026/02/04/15:05:11,apply-time,rs-003382-7h86j,ce7518b1-46ad-4881-81a8-f32bbb0304e0,1,6014.426555
2026/02/04/15:05:11,apply-time,rs-003382-kgttd,fedf5f4d-296a-4d4d-b9ff-61642ae90e83,1,6015.426555
2026/02/04/15:05:11,apply-time,rs-003382-wczd6,53ca78ae-24f2-4df9-ba41-180b930ec56b,1,6014.426555
2026/02/04/15:05:11,apply-time,rs-003383-9lcrn,08b35906-1ca3-409e-ba09-f0c53ae52d74,1,6015.426555
2026/02/04/15:05:11,apply-time,rs-003383-w4ggn,289b8f10-1ab3-460b-a61a-deafb1c0fb05,1,6014.426555
2026/02/04/15:05:12,running-time,rs-003380-8hfqn,bd858947-fc51-4ea7-bae4-4938dbbdf2e8,1,6016.426555
2026/02/04/15:05:15,apply-time,rs-003384-ms8kc,4b1d1012-9f29-4967-aad5-6bd7c322e0ec,3,6019.426555
2026/02/04/15:05:15,running-time,rs-003384-ms8kc,4b1d1012-9f29-4967-aad5-6bd7c322e0ec,3,6019.426555
2026/02/04/15:05:15,apply-time,rs-003385-fjw8p,bd4be51d-9e86-4965-8a70-b74734e29807,2,6019.426555
2026/02/04/15:05:15,apply-time,rs-003385-gscm4,085bac2e-f154-4515-8eb7-bbe5d48e3336,2,6019.426555
2026/02/04/15:05:15,apply-time,rs-003386-kgb8r,41c717ac-cfe3-4e7d-9ca9-d938c0d2991d,1,6019.426555
2026/02/04/15:05:15,apply-time,rs-003387-72dl2,664a237d-0cfa-4c90-a5c7-4da44ddcf140,3,6019.426555
2026/02/04/15:05:15,apply-time,rs-003387-ngmx2,d2e3dea1-633f-4386-be0e-70d6c7ad8244,3,6019.426555
2026/02/04/15:05:15,apply-time,rs-003387-tjblq,6721f58f-123d-4515-81f6-6c16f6c20dc4,3,6019.426555
2026/02/04/15:05:18,running-time,rs-003386-kgb8r,41c717ac-cfe3-4e7d-9ca9-d938c0d2991d,1,6022.426555
2026/02/04/15:05:25,apply-time,rs-003388-p7svr,06c1ed56-e9a7-46df-927c-0fecaabd4775,1,6029.426555
2026/02/04/15:05:25,apply-time,rs-003388-zvqbl,7769f483-eaad-4be8-9968-34de024132a0,1,6029.426555
2026/02/04/15:05:25,apply-time,rs-003389-ldcmx,053a73ac-5d47-4b9e-8770-2b6613695ecc,2,6029.426555
2026/02/04/15:05:25,running-time,rs-003389-ldcmx,053a73ac-5d47-4b9e-8770-2b6613695ecc,2,6029.426555
2026/02/04/15:05:25,apply-time,rs-003389-strzv,21152d22-7fb9-4542-b6e9-5970fffd8b92,2,6029.426555
2026/02/04/15:05:25,running-time,rs-003389-strzv,21152d22-7fb9-4542-b6e9-5970fffd8b92,2,6029.426555
2026/02/04/15:05:28,apply-time,rs-003390-fjwjg,71fa3c83-f243-4baa-af87-c7dd556a32ea,1,6032.426555
2026/02/04/15:05:28,apply-time,rs-003390-mb2km,c74c35f9-de3c-46fe-abbf-ac8e8e311751,1,6032.426555
2026/02/04/15:05:28,apply-time,rs-003391-2tqpz,1c6e72e2-1c73-4f9f-a846-e9b1a0f37d1e,2,6032.426555
2026/02/04/15:05:28,apply-time,rs-003391-cvjkm,87907ac5-632d-4d28-97db-5992f81b9c03,2,6032.426555
2026/02/04/15:05:28,apply-time,rs-003391-xpklb,e9a99893-6aca-4ba0-8c6c-0a823f50c7b8,2,6032.426555
2026/02/04/15:05:28,apply-time,rs-003392-4w5pd,d20ce58d-584b-4247-802a-7b49434306ee,3,6032.426555
2026/02/04/15:05:28,apply-time,rs-003393-4qkg7,4c7dde3b-7a76-492a-aca9-0c1851e3bd86,3,6032.426555
2026/02/04/15:05:28,apply-time,rs-003393-977qn,af1fb173-2f29-4900-b737-efe064b6cf1a,3,6032.426555
2026/02/04/15:05:28,apply-time,rs-003393-vdn94,d97e3f3a-08d7-4eed-a3ab-7550dfd3b777,3,6032.426555
2026/02/04/15:05:31,running-time,rs-003392-4w5pd,d20ce58d-584b-4247-802a-7b49434306ee,3,6034.426555
2026/02/04/15:05:37,running-time,rs-003388-p7svr,06c1ed56-e9a7-46df-927c-0fecaabd4775,1,6041.426555
2026/02/04/15:05:37,running-time,rs-003388-zvqbl,7769f483-eaad-4be8-9968-34de024132a0,1,6041.426555
2026/02/04/15:05:38,running-time,rs-003387-72dl2,664a237d-0cfa-4c90-a5c7-4da44ddcf140,3,6042.426555
2026/02/04/15:05:55,apply-time,rs-003394-b4nxr,ddf027f9-d013-4a31-bed6-d30841d79a8a,2,6058.426555
2026/02/04/15:05:55,running-time,rs-003394-b4nxr,ddf027f9-d013-4a31-bed6-d30841d79a8a,2,6059.426555
2026/02/04/15:05:55,apply-time,rs-003394-h6dqr,09b773fc-37d2-4e99-8e62-616610b590e6,2,6058.426555
2026/02/04/15:05:55,running-time,rs-003394-h6dqr,09b773fc-37d2-4e99-8e62-616610b590e6,2,6059.426555
2026/02/04/15:05:55,apply-time,rs-003395-5n9kk,6991a9b6-0f31-4699-9080-e105bcbee2c0,2,6059.426555
2026/02/04/15:05:55,running-time,rs-003395-5n9kk,6991a9b6-0f31-4699-9080-e105bcbee2c0,2,6059.426555
2026/02/04/15:05:55,apply-time,rs-003396-7m5gn,a98481af-9e5c-40ca-be0f-7976d641c591,2,6059.426555
2026/02/04/15:05:55,running-time,rs-003396-7m5gn,a98481af-9e5c-40ca-be0f-7976d641c591,2,6059.426555
2026/02/04/15:05:55,apply-time,rs-003396-qmfxj,b97f6f07-2be0-4f1f-9818-b2b5937163c5,2,6059.426555
2026/02/04/15:05:55,running-time,rs-003396-qmfxj,b97f6f07-2be0-4f1f-9818-b2b5937163c5,2,6059.426555
2026/02/04/15:05:55,apply-time,rs-003397-9mggg,893c76a4-5b91-466a-8318-326f51051f06,4,6059.426555
2026/02/04/15:05:55,apply-time,rs-003397-g72rj,f7a43b91-2255-4809-a296-273848f47d0f,4,6059.426555
2026/02/04/15:05:55,apply-time,rs-003397-wjktd,75910e8f-fc68-4000-8cf6-61c66722962f,4,6059.426555
2026/02/04/15:05:55,running-time,rs-003397-wjktd,75910e8f-fc68-4000-8cf6-61c66722962f,4,6059.426555
2026/02/04/15:05:55,apply-time,rs-003398-446jn,b25f4a52-bf3c-424e-a356-002151680dc6,1,6059.426555
2026/02/04/15:05:55,running-time,rs-003398-446jn,b25f4a52-bf3c-424e-a356-002151680dc6,1,6059.426555
2026/02/04/15:05:55,apply-time,rs-003398-mtrxj,c1a7d557-7523-4ae6-952b-eba17f5f98e1,1,6059.426555
2026/02/04/15:05:55,running-time,rs-003398-mtrxj,c1a7d557-7523-4ae6-952b-eba17f5f98e1,1,6059.426555
2026/02/04/15:05:55,apply-time,rs-003398-mxfnf,b9960840-3932-460f-9d9f-3c64e5c8007d,1,6059.426555
2026/02/04/15:05:55,running-time,rs-003398-mxfnf,b9960840-3932-460f-9d9f-3c64e5c8007d,1,6059.426555
2026/02/04/15:05:56,apply-time,rs-003399-htqg2,87c89fb9-25ef-4dd0-b61b-cc4dfb5ba8c4,1,6059.426555
2026/02/04/15:05:56,running-time,rs-003399-htqg2,87c89fb9-25ef-4dd0-b61b-cc4dfb5ba8c4,1,6059.426555
2026/02/04/15:05:56,apply-time,rs-003400-7fbmh,cf489f0b-c3fb-46bc-b5d9-4a29c17a956d,2,6059.426555
2026/02/04/15:05:56,running-time,rs-003400-7fbmh,cf489f0b-c3fb-46bc-b5d9-4a29c17a956d,2,6059.426555
2026/02/04/15:05:56,apply-time,rs-003400-gxzl2,24ff460c-ec74-4035-af27-ed980acc8602,2,6059.426555
2026/02/04/15:05:56,running-time,rs-003400-gxzl2,24ff460c-ec74-4035-af27-ed980acc8602,2,6059.426555
2026/02/04/15:05:56,apply-time,rs-003401-2ckxw,7bd81fa3-5d31-4ec7-890d-b5b636f8d79e,1,6060.426555
2026/02/04/15:05:56,apply-time,rs-003401-dzxwr,0e283d4c-71eb-4f7f-9815-dd99b29b5be0,1,6059.426555
2026/02/04/15:05:56,apply-time,rs-003401-tb9z6,279a60d8-925d-435e-866d-9b3996cca3e7,1,6060.426555
2026/02/04/15:05:57,apply-time,rs-003402-gngv8,1165ff1c-ac5d-4a0b-b942-3ad829cc89e7,4,6061.426555
2026/02/04/15:05:59,running-time,rs-003402-gngv8,1165ff1c-ac5d-4a0b-b942-3ad829cc89e7,4,6063.426555
2026/02/04/15:06:01,running-time,rs-003401-2ckxw,7bd81fa3-5d31-4ec7-890d-b5b636f8d79e,1,6064.426555
2026/02/04/15:06:01,running-time,rs-003401-dzxwr,0e283d4c-71eb-4f7f-9815-dd99b29b5be0,1,6064.426555
2026/02/04/15:06:01,apply-time,rs-003403-j6g89,15856553-54df-428b-a4f6-0568fd640d55,2,6064.426555
2026/02/04/15:06:01,running-time,rs-003403-j6g89,15856553-54df-428b-a4f6-0568fd640d55,2,6064.426555
2026/02/04/15:06:01,apply-time,rs-003403-tplfv,36bc32e2-b24c-4def-96b6-bbb260a2ea57,2,6064.426555
2026/02/04/15:06:01,running-time,rs-003403-tplfv,36bc32e2-b24c-4def-96b6-bbb260a2ea57,2,6064.426555
2026/02/04/15:06:01,apply-time,rs-003403-v9g4x,9cfdf9e0-0e7f-4aac-a38b-724e350f99f8,2,6064.426555
2026/02/04/15:06:01,running-time,rs-003403-v9g4x,9cfdf9e0-0e7f-4aac-a38b-724e350f99f8,2,6064.426555
2026/02/04/15:06:01,apply-time,rs-003404-xgss8,78809dea-1d13-4690-bddf-8a5e39120f04,1,6065.426555
2026/02/04/15:06:01,apply-time,rs-003405-f5x7p,ec6723a8-ab93-4a9f-b340-ac6557f89935,1,6065.426555
2026/02/04/15:06:01,running-time,rs-003405-f5x7p,ec6723a8-ab93-4a9f-b340-ac6557f89935,1,6065.426555
2026/02/04/15:06:01,apply-time,rs-003405-nt6wd,f42fcddc-37af-4e06-9c65-6d5c37fbd672,1,6065.426555
2026/02/04/15:06:01,running-time,rs-003405-nt6wd,f42fcddc-37af-4e06-9c65-6d5c37fbd672,1,6065.426555
2026/02/04/15:06:01,apply-time,rs-003406-4rzmd,4fe025ab-6616-4605-99ca-ce6fab1ee863,2,6065.426555
2026/02/04/15:06:01,apply-time,rs-003406-6zwjf,06b24765-d1e6-4d49-8054-fa8765a64dcb,2,6065.426555
2026/02/04/15:06:02,apply-time,rs-003407-g6xkm,2120b6ec-06c5-4970-85ce-28e28d931c04,1,6065.426555
2026/02/04/15:06:02,running-time,rs-003407-g6xkm,2120b6ec-06c5-4970-85ce-28e28d931c04,1,6065.426555
2026/02/04/15:06:02,apply-time,rs-003408-crcsr,02c2e457-3cf4-4e05-b195-cc3ac045e443,1,6065.426555
2026/02/04/15:06:02,running-time,rs-003408-crcsr,02c2e457-3cf4-4e05-b195-cc3ac045e443,1,6065.426555
2026/02/04/15:06:02,apply-time,rs-003408-gbfcw,894f7799-622b-4156-9dde-062ef4cba59a,1,6065.426555
2026/02/04/15:06:02,running-time,rs-003408-gbfcw,894f7799-622b-4156-9dde-062ef4cba59a,1,6065.426555
2026/02/04/15:06:02,apply-time,rs-003408-vcblv,87bfe7f0-0c30-4cf7-aac5-a3b088b4b3e9,1,6065.426555
2026/02/04/15:06:02,running-time,rs-003408-vcblv,87bfe7f0-0c30-4cf7-aac5-a3b088b4b3e9,1,6065.426555
2026/02/04/15:06:02,apply-time,rs-003409-cmkwt,b0ca8f38-5238-4399-a427-82c670cb802f,1,6066.426555
2026/02/04/15:06:02,running-time,rs-003409-cmkwt,b0ca8f38-5238-4399-a427-82c670cb802f,1,6066.426555
2026/02/04/15:06:02,apply-time,rs-003410-5xvnf,527ccc34-e139-4ec1-9652-8c41c573d1de,4,6066.426555
2026/02/04/15:06:02,apply-time,rs-003410-rt525,5ff1e6e6-d799-4474-ab5e-034e7979de30,4,6066.426555
2026/02/04/15:06:02,apply-time,rs-003410-ztgzt,22388791-9e5e-45e7-a405-0fae577e0482,4,6066.426555
2026/02/04/15:06:02,apply-time,rs-003411-prhg7,0b40efe5-eca8-4763-9cd7-0554ad09cbbb,2,6066.426555
2026/02/04/15:06:02,running-time,rs-003411-prhg7,0b40efe5-eca8-4763-9cd7-0554ad09cbbb,2,6066.426555
2026/02/04/15:06:02,apply-time,rs-003412-5c7sg,71c61744-afc8-41d5-bac2-ffc0b5f4d413,1,6066.426555
2026/02/04/15:06:02,apply-time,rs-003412-8s4vl,fe252a13-24de-4663-8072-f083613a1fe4,1,6066.426555
2026/02/04/15:06:02,running-time,rs-003412-8s4vl,fe252a13-24de-4663-8072-f083613a1fe4,1,6066.426555
2026/02/04/15:06:02,apply-time,rs-003413-bswgb,76eb44fc-f293-484b-a944-3af106970b5b,4,6066.426555
2026/02/04/15:06:02,apply-time,rs-003413-kp4nw,edc5f7e8-aaa9-4f1c-94c6-8290eeae73af,4,6066.426555
2026/02/04/15:06:02,apply-time,rs-003413-rfgch,effa4bbb-74c3-4c35-8574-c6cd743eeb30,4,6066.426555
2026/02/04/15:06:05,running-time,rs-003412-5c7sg,71c61744-afc8-41d5-bac2-ffc0b5f4d413,1,6069.426555
2026/02/04/15:06:05,running-time,rs-003413-bswgb,76eb44fc-f293-484b-a944-3af106970b5b,4,6069.426555
2026/02/04/15:06:06,apply-time,rs-003414-72xlw,d3d726b0-29e5-4b8c-888f-eb2d5cba08d0,3,6070.426555
2026/02/04/15:06:06,running-time,rs-003414-72xlw,d3d726b0-29e5-4b8c-888f-eb2d5cba08d0,3,6070.426555
2026/02/04/15:06:06,apply-time,rs-003414-8tf8z,5662876e-1c59-4673-83c9-2d7ee880ddc7,3,6070.426555
2026/02/04/15:06:06,running-time,rs-003414-8tf8z,5662876e-1c59-4673-83c9-2d7ee880ddc7,3,6070.426555
2026/02/04/15:06:06,apply-time,rs-003414-q7mmq,bc21f548-1984-49a9-b6b1-8eb6dc74183f,3,6070.426555
2026/02/04/15:06:06,running-time,rs-003414-q7mmq,bc21f548-1984-49a9-b6b1-8eb6dc74183f,3,6070.426555
2026/02/04/15:06:06,apply-time,rs-003415-q5k4k,6acd4b52-7af2-460a-ac1b-4d863f914e9d,3,6070.426555
2026/02/04/15:06:06,apply-time,rs-003415-tf2dz,ca7e2f12-969e-4c02-9e8d-ba7dea036c16,3,6070.426555
2026/02/04/15:06:06,apply-time,rs-003415-v4qnt,02f0df83-d638-436a-9267-2735c0588fe0,3,6070.426555
2026/02/04/15:06:08,running-time,rs-003410-ztgzt,22388791-9e5e-45e7-a405-0fae577e0482,4,6072.426555
2026/02/04/15:06:08,running-time,rs-003415-tf2dz,ca7e2f12-969e-4c02-9e8d-ba7dea036c16,3,6072.426555
2026/02/04/15:06:08,running-time,rs-003415-v4qnt,02f0df83-d638-436a-9267-2735c0588fe0,3,6072.426555
2026/02/04/15:06:09,running-time,rs-003410-5xvnf,527ccc34-e139-4ec1-9652-8c41c573d1de,4,6073.426555
2026/02/04/15:06:18,apply-time,rs-003416-rh4cn,7140fc42-f5a0-49f7-94cc-06f35b3e4eb9,2,6082.426555
2026/02/04/15:06:18,running-time,rs-003416-rh4cn,7140fc42-f5a0-49f7-94cc-06f35b3e4eb9,2,6082.426555
2026/02/04/15:06:18,apply-time,rs-003416-wmsnv,9710b409-d07b-4da0-beea-8f2d8bc8b7b5,2,6082.426555
2026/02/04/15:06:18,running-time,rs-003416-wmsnv,9710b409-d07b-4da0-beea-8f2d8bc8b7b5,2,6082.426555
2026/02/04/15:06:18,apply-time,rs-003416-z9bcs,5440ec68-9699-40b0-8098-a0c255d9b0aa,2,6082.426555
2026/02/04/15:06:18,running-time,rs-003416-z9bcs,5440ec68-9699-40b0-8098-a0c255d9b0aa,2,6082.426555
2026/02/04/15:06:18,apply-time,rs-003417-4hvdt,00f3d7f4-886f-4748-b940-4bc60ce09fa7,2,6082.426555
2026/02/04/15:06:18,apply-time,rs-003417-6kj42,d9ede1db-0b2b-4a47-b77c-fbd9d49ae9db,2,6082.426555
2026/02/04/15:06:18,running-time,rs-003417-6kj42,d9ede1db-0b2b-4a47-b77c-fbd9d49ae9db,2,6082.426555
2026/02/04/15:06:19,apply-time,rs-003418-2rmz9,71fd97dc-634a-40ed-9951-87905bfb0b02,3,6082.426555
2026/02/04/15:06:19,apply-time,rs-003418-8wd28,80773621-da7d-461d-a81f-a158e2f27bc3,3,6082.426555
2026/02/04/15:06:19,apply-time,rs-003418-rjkm2,ced6bd89-0086-48b2-a232-64f25d9a6b66,3,6082.426555
2026/02/04/15:06:19,apply-time,rs-003419-qbfx2,68759823-f091-4544-810d-7179204eef5b,1,6082.426555
2026/02/04/15:06:19,running-time,rs-003419-qbfx2,68759823-f091-4544-810d-7179204eef5b,1,6083.426555
2026/02/04/15:06:19,apply-time,rs-003419-rkxxv,9fb68274-43af-4683-a22e-e929a301ae66,1,6082.426555
2026/02/04/15:06:19,running-time,rs-003419-rkxxv,9fb68274-43af-4683-a22e-e929a301ae66,1,6082.426555
2026/02/04/15:06:19,apply-time,rs-003420-2ntlq,94f58aec-8454-45c1-9445-353a159304bb,4,6082.426555
2026/02/04/15:06:19,running-time,rs-003420-2ntlq,94f58aec-8454-45c1-9445-353a159304bb,4,6083.426555
2026/02/04/15:06:19,apply-time,rs-003420-ct2pg,8992524c-b09a-43c8-b4a9-29485faf32c8,4,6082.426555
2026/02/04/15:06:19,running-time,rs-003420-ct2pg,8992524c-b09a-43c8-b4a9-29485faf32c8,4,6083.426555
2026/02/04/15:06:19,apply-time,rs-003420-njxsv,6d7de2d0-edac-402e-8593-dd74f7cd7121,4,6082.426555
2026/02/04/15:06:19,running-time,rs-003420-njxsv,6d7de2d0-edac-402e-8593-dd74f7cd7121,4,6082.426555
2026/02/04/15:06:19,apply-time,rs-003421-4hc86,5fd4397c-ac5c-4401-aa36-33d8001680cc,4,6083.426555
2026/02/04/15:06:19,apply-time,rs-003421-88j27,f7a37c2e-e1ad-4cca-9110-b0f7e2e0c2a7,4,6083.426555
2026/02/04/15:06:19,apply-time,rs-003422-k6ldr,455e9c07-960d-433a-852c-987ba9e43117,2,6083.426555
2026/02/04/15:06:19,apply-time,rs-003422-xnbv8,bb684bf2-eeb0-40d4-80b2-b59110effc7f,2,6083.426555
2026/02/04/15:06:19,apply-time,rs-003423-f9fhd,9c3d8f11-c673-4359-b9c6-c07489976acf,2,6083.426555
2026/02/04/15:06:19,apply-time,rs-003424-jcqb5,ebfe657c-a076-4c96-876a-835e4b28f5fe,3,6083.426555
2026/02/04/15:06:19,apply-time,rs-003424-r4d76,cc23a9d8-2618-45a1-b1ba-395c69064b07,3,6083.426555
2026/02/04/15:06:19,running-time,rs-003424-r4d76,cc23a9d8-2618-45a1-b1ba-395c69064b07,3,6083.426555
2026/02/04/15:06:19,apply-time,rs-003425-47w6s,c81fe722-8e41-4f7f-839f-b698cd840556,4,6083.426555
2026/02/04/15:06:19,apply-time,rs-003425-gj5px,146037d1-d1a2-4d2a-9e12-794cb3c06f91,4,6083.426555
2026/02/04/15:06:19,apply-time,rs-003426-qg8cl,d2654b2b-d2fa-4525-85c9-1fc51fe1d835,1,6083.426555
2026/02/04/15:06:19,apply-time,rs-003427-j4gnt,3d1ae45e-fa2c-445e-810e-6e4884fc120e,2,6083.426555
2026/02/04/15:06:20,apply-time,rs-003424-2fnf4,7668ad19-2d64-471b-a70c-8293a56fbcd5,3,6083.426555
2026/02/04/15:06:20,apply-time,rs-003427-9zmxh,f89f78fb-ae8d-4822-8574-1d050b670245,2,6083.426555
2026/02/04/15:06:20,apply-time,rs-003427-pp482,2bff66e2-4d1a-4bb2-9833-57ad687cf7ba,2,6083.426555
2026/02/04/15:06:20,apply-time,rs-003428-5tf7f,2fa13582-38a8-4642-81a9-497dfebcb29b,2,6084.426555
2026/02/04/15:06:20,apply-time,rs-003428-sb2l4,34257376-5516-4a64-bb56-5dd29e32f512,2,6084.426555
2026/02/04/15:06:20,apply-time,rs-003429-flwmk,5ce8f78d-6d06-4395-8a25-3146039cb953,1,6084.426555
2026/02/04/15:06:20,running-time,rs-003429-flwmk,5ce8f78d-6d06-4395-8a25-3146039cb953,1,6084.426555
2026/02/04/15:06:20,apply-time,rs-003430-qsdzh,4a3f666d-770d-44be-8e0f-d990476462fe,2,6084.426555
2026/02/04/15:06:20,apply-time,rs-003431-2vr6h,50ca953b-a19f-4878-b205-9df83948cbeb,2,6084.426555
2026/02/04/15:06:20,apply-time,rs-003431-wlkmt,9533e5a2-0a65-495b-9a3c-00fe924b01cc,2,6084.426555
2026/02/04/15:06:20,apply-time,rs-003432-wwtqg,34831092-108c-450c-a7ba-45971074a3dd,1,6084.426555
2026/02/04/15:06:21,running-time,rs-003423-f9fhd,9c3d8f11-c673-4359-b9c6-c07489976acf,2,6085.426555
2026/02/04/15:06:21,running-time,rs-003431-2vr6h,50ca953b-a19f-4878-b205-9df83948cbeb,2,6085.426555
2026/02/04/15:06:21,apply-time,rs-003431-7fbjs,e491bc26-5c88-4290-8ebf-0ef73584b07d,2,6084.426555
2026/02/04/15:06:21,running-time,rs-003431-wlkmt,9533e5a2-0a65-495b-9a3c-00fe924b01cc,2,6085.426555
2026/02/04/15:06:21,apply-time,rs-003432-zblfl,911ee9d6-a481-4975-b3fc-011a6c927b23,1,6085.426555
2026/02/04/15:06:21,apply-time,rs-003434-djtdv,8aee87d4-fa68-4645-83ce-d017fdb8ac0d,3,6085.426555
2026/02/04/15:06:22,running-time,rs-003425-gj5px,146037d1-d1a2-4d2a-9e12-794cb3c06f91,4,6086.426555
2026/02/04/15:06:22,running-time,rs-003432-wwtqg,34831092-108c-450c-a7ba-45971074a3dd,1,6085.426555
2026/02/04/15:06:22,running-time,rs-003432-zblfl,911ee9d6-a481-4975-b3fc-011a6c927b23,1,6085.426555
2026/02/04/15:06:22,apply-time,rs-003433-528kc,d656a859-8ecb-4551-8364-0a5b096395bc,2,6085.426555
2026/02/04/15:06:22,running-time,rs-003433-528kc,d656a859-8ecb-4551-8364-0a5b096395bc,2,6085.426555
2026/02/04/15:06:22,apply-time,rs-003433-jk5t5,a2e278b9-3047-4992-9130-16337bcbd4da,2,6086.426555
2026/02/04/15:06:22,apply-time,rs-003433-n98ck,10ababb8-3216-468f-85e2-1f754b582f9b,2,6086.426555
2026/02/04/15:06:22,apply-time,rs-003434-j42q5,492df3b9-570d-4b5d-b5b8-d1cbd149d008,3,6086.426555
2026/02/04/15:06:22,apply-time,rs-003435-lgcb4,87736f57-dec7-4aca-af44-df796442187d,4,6086.426555
2026/02/04/15:06:22,apply-time,rs-003435-tt5mz,739e9fef-8585-432d-af0e-8b281afae90e,4,6086.426555
2026/02/04/15:06:23,running-time,rs-003435-lgcb4,87736f57-dec7-4aca-af44-df796442187d,4,6086.426555
2026/02/04/15:06:23,running-time,rs-003435-tt5mz,739e9fef-8585-432d-af0e-8b281afae90e,4,6086.426555
2026/02/04/15:06:23,apply-time,rs-003436-9mp82,84b93449-317c-4fb7-bb16-a415e047923d,1,6086.426555
2026/02/04/15:06:23,apply-time,rs-003437-cvjht,8da020a4-2dde-46dd-8363-f23e258a2789,4,6087.426555
2026/02/04/15:06:23,apply-time,rs-003437-plxff,e5cffcbf-09a2-41f5-ac9f-bc54716fddd1,4,6087.426555
2026/02/04/15:06:23,apply-time,rs-003437-r6hkt,c9254828-5f19-4c7b-8cd4-7ebce5ab423d,4,6087.426555
2026/02/04/15:06:23,running-time,rs-003437-r6hkt,c9254828-5f19-4c7b-8cd4-7ebce5ab423d,4,6087.426555
2026/02/04/15:06:23,apply-time,rs-003438-nqd9t,debac4b6-0cbc-45db-885d-338bd3de8f10,3,6087.426555
2026/02/04/15:06:23,apply-time,rs-003439-pq8zt,e18107a8-b11e-4e69-960e-a71c0bc72185,2,6087.426555
2026/02/04/15:06:23,apply-time,rs-003440-xwk6r,1cbf58b6-063c-48b1-a57a-9de92f099d34,1,6087.426555
2026/02/04/15:06:27,running-time,rs-003425-47w6s,c81fe722-8e41-4f7f-839f-b698cd840556,4,6091.426555
2026/02/04/15:06:30,running-time,rs-003401-tb9z6,279a60d8-925d-435e-866d-9b3996cca3e7,1,6094.426555
2026/02/04/15:06:34,running-time,rs-003426-qg8cl,d2654b2b-d2fa-4525-85c9-1fc51fe1d835,1,6098.426555
2026/02/04/15:06:47,apply-time,rs-003441-2x8pn,dd19791c-f9d2-4afa-b47b-657a3a6460a7,1,6111.426555
2026/02/04/15:06:47,running-time,rs-003441-2x8pn,dd19791c-f9d2-4afa-b47b-657a3a6460a7,1,6111.426555
2026/02/04/15:06:47,apply-time,rs-003441-ckzql,036b1893-5763-4568-a020-9c184fdf0d4e,1,6111.426555
2026/02/04/15:06:47,running-time,rs-003441-ckzql,036b1893-5763-4568-a020-9c184fdf0d4e,1,6111.426555
2026/02/04/15:06:49,apply-time,rs-003442-5xbdw,45123f5e-8249-40f3-90b8-98dafea52922,1,6113.426555
2026/02/04/15:06:49,running-time,rs-003442-5xbdw,45123f5e-8249-40f3-90b8-98dafea52922,1,6113.426555
2026/02/04/15:06:50,apply-time,rs-003443-5wp9g,c0adccbc-f1bc-4bb9-b29e-acadc2a814db,1,6114.426555
2026/02/04/15:06:50,apply-time,rs-003443-zlbwg,90215d07-52f6-4ce7-9446-38057160ab08,1,6114.426555
2026/02/04/15:06:53,apply-time,rs-003444-9mgc6,39adef9a-b9b9-4bb2-acb2-da10119edaaa,1,6117.426555
2026/02/04/15:06:53,running-time,rs-003444-9mgc6,39adef9a-b9b9-4bb2-acb2-da10119edaaa,1,6117.426555
2026/02/04/15:06:55,running-time,rs-003443-5wp9g,c0adccbc-f1bc-4bb9-b29e-acadc2a814db,1,6119.426555
2026/02/04/15:07:00,apply-time,rs-003445-jd44m,7f211bd6-097f-4d9d-9dc5-698ea5df3c9d,1,6124.426555
2026/02/04/15:07:00,running-time,rs-003445-jd44m,7f211bd6-097f-4d9d-9dc5-698ea5df3c9d,1,6124.426555
2026/02/04/15:07:00,apply-time,rs-003446-lzwtg,1aed9b33-0d54-40af-ac9e-cdc7431d1785,2,6124.426555
2026/02/04/15:07:00,running-time,rs-003446-lzwtg,1aed9b33-0d54-40af-ac9e-cdc7431d1785,2,6124.426555
2026/02/04/15:07:00,apply-time,rs-003446-x5mpf,cc8d5afd-4d03-4daa-a00e-ca08f1d0cbb4,2,6124.426555
2026/02/04/15:07:00,running-time,rs-003446-x5mpf,cc8d5afd-4d03-4daa-a00e-ca08f1d0cbb4,2,6124.426555
2026/02/04/15:07:01,apply-time,rs-003447-7dht8,ebfcbe3a-3bcc-4134-a225-299f0f81ce15,2,6124.426555
2026/02/04/15:07:01,running-time,rs-003447-7dht8,ebfcbe3a-3bcc-4134-a225-299f0f81ce15,2,6124.426555
2026/02/04/15:07:01,apply-time,rs-003448-hftwz,7e3bba0d-44fc-4da1-9a9d-de472a31bd2a,4,6124.426555
2026/02/04/15:07:01,running-time,rs-003448-hftwz,7e3bba0d-44fc-4da1-9a9d-de472a31bd2a,4,6124.426555
2026/02/04/15:07:01,apply-time,rs-003449-cqcrw,87e4a30a-760b-45f4-94d5-1732a993b66b,1,6124.426555
2026/02/04/15:07:01,running-time,rs-003449-cqcrw,87e4a30a-760b-45f4-94d5-1732a993b66b,1,6124.426555
2026/02/04/15:07:01,apply-time,rs-003449-q2hpk,44373752-c3bb-4f6b-9b41-78cb5f57caa2,1,6124.426555
2026/02/04/15:07:01,running-time,rs-003449-q2hpk,44373752-c3bb-4f6b-9b41-78cb5f57caa2,1,6124.426555
2026/02/04/15:07:01,apply-time,rs-003450-mnm9x,935564a3-b933-4b3b-9709-917def64f3d0,2,6125.426555
2026/02/04/15:07:01,running-time,rs-003450-mnm9x,935564a3-b933-4b3b-9709-917def64f3d0,2,6125.426555
2026/02/04/15:07:01,apply-time,rs-003451-2vxtk,7d37eb8c-ab7d-4a5e-8640-b0dae18e170b,2,6125.426555
2026/02/04/15:07:01,apply-time,rs-003451-krrzj,1b3abf68-d133-4fce-9101-7fa1b03a46ed,2,6125.426555
2026/02/04/15:07:01,running-time,rs-003451-krrzj,1b3abf68-d133-4fce-9101-7fa1b03a46ed,2,6125.426555
2026/02/04/15:07:01,apply-time,rs-003451-wc4xk,167fd924-c36f-42f5-bf24-483fd15b84a8,2,6125.426555
2026/02/04/15:07:01,apply-time,rs-003452-n28c8,fc871834-441b-4728-becd-e2619d26c5e4,1,6125.426555
2026/02/04/15:07:03,running-time,rs-003451-2vxtk,7d37eb8c-ab7d-4a5e-8640-b0dae18e170b,2,6126.426555
2026/02/04/15:07:03,running-time,rs-003451-wc4xk,167fd924-c36f-42f5-bf24-483fd15b84a8,2,6126.426555
2026/02/04/15:07:03,running-time,rs-003452-n28c8,fc871834-441b-4728-becd-e2619d26c5e4,1,6127.426555
2026/02/04/15:07:03,apply-time,rs-003453-hmvq4,31fc38d5-6397-42d8-9986-88a04f26a786,1,6127.426555
2026/02/04/15:07:03,running-time,rs-003453-hmvq4,31fc38d5-6397-42d8-9986-88a04f26a786,1,6127.426555
2026/02/04/15:07:03,apply-time,rs-003454-zj89m,78745723-4e52-4c82-80f8-1cfb9cf11dd0,3,6127.426555
2026/02/04/15:07:03,apply-time,rs-003455-xxzmz,39b2d9b3-e413-40c1-9cc2-708a88868a06,1,6127.426555
2026/02/04/15:07:03,apply-time,rs-003456-msdhs,3e84b56a-523f-4d43-ba05-6e024cbf6a8b,2,6127.426555
2026/02/04/15:07:03,apply-time,rs-003456-pljpk,3b30cf30-b22d-430a-95d3-6be8e0ae199d,2,6127.426555
2026/02/04/15:07:04,running-time,rs-003455-xxzmz,39b2d9b3-e413-40c1-9cc2-708a88868a06,1,6127.426555
2026/02/04/15:07:04,apply-time,rs-003457-9w6c7,791ad9eb-4c1d-425b-979e-bbdcfee2f7bc,1,6127.426555
2026/02/04/15:07:04,apply-time,rs-003457-k4gn7,0ec4c06d-4a56-4e70-ae02-62173c4509dd,1,6128.426555
2026/02/04/15:07:05,running-time,rs-003457-9w6c7,791ad9eb-4c1d-425b-979e-bbdcfee2f7bc,1,6128.426555
2026/02/04/15:07:06,running-time,rs-003454-zj89m,78745723-4e52-4c82-80f8-1cfb9cf11dd0,3,6130.426555
2026/02/04/15:07:16,apply-time,rs-003458-fvh2d,7f464ee1-bf0c-4daf-b3e6-099020dab40c,2,6140.426555
2026/02/04/15:07:16,running-time,rs-003458-fvh2d,7f464ee1-bf0c-4daf-b3e6-099020dab40c,2,6140.426555
2026/02/04/15:07:16,apply-time,rs-003458-wvx7t,18d48333-2362-43d4-aafd-3723ea2fe5dd,2,6140.426555
2026/02/04/15:07:16,running-time,rs-003458-wvx7t,18d48333-2362-43d4-aafd-3723ea2fe5dd,2,6140.426555
2026/02/04/15:07:16,apply-time,rs-003459-7zz26,41642fb7-d492-478d-975d-57c42aed95d6,3,6140.426555
2026/02/04/15:07:16,apply-time,rs-003459-fvmkk,bf786db0-fdab-4dd2-b6b4-a0593cb429d9,3,6140.426555
2026/02/04/15:07:16,running-time,rs-003459-fvmkk,bf786db0-fdab-4dd2-b6b4-a0593cb429d9,3,6140.426555
2026/02/04/15:07:16,apply-time,rs-003459-nsdt4,d0d4f9d6-2958-4c00-93f2-fb0cc1da277b,3,6140.426555
2026/02/04/15:07:16,apply-time,rs-003460-clsk8,b0f3cd96-d513-44b6-9e2a-3574c229398f,3,6140.426555
2026/02/04/15:07:16,apply-time,rs-003461-7cmzr,87a231e4-ac55-4056-8baf-1313ea38fe92,4,6140.426555
2026/02/04/15:07:16,running-time,rs-003461-7cmzr,87a231e4-ac55-4056-8baf-1313ea38fe92,4,6140.426555
2026/02/04/15:07:16,apply-time,rs-003461-f497q,f6e6c3e0-dd0e-4ff7-a148-1da4f78a61ff,4,6140.426555
2026/02/04/15:07:16,running-time,rs-003461-f497q,f6e6c3e0-dd0e-4ff7-a148-1da4f78a61ff,4,6140.426555
2026/02/04/15:07:16,apply-time,rs-003461-k4pjm,0c99a60a-d5fa-451f-a2e6-6d18c7392992,4,6140.426555
2026/02/04/15:07:16,running-time,rs-003461-k4pjm,0c99a60a-d5fa-451f-a2e6-6d18c7392992,4,6140.426555
2026/02/04/15:07:17,apply-time,rs-003462-qxr24,2773198e-d0c0-427f-8e61-4f703c683753,3,6140.426555
2026/02/04/15:07:18,running-time,rs-003460-clsk8,b0f3cd96-d513-44b6-9e2a-3574c229398f,3,6142.426555
2026/02/04/15:07:18,running-time,rs-003462-qxr24,2773198e-d0c0-427f-8e61-4f703c683753,3,6142.426555
2026/02/04/15:07:18,apply-time,rs-003463-2mg29,b66fda81-a673-47bc-a3cd-9af2f6cabcbd,3,6142.426555
2026/02/04/15:07:18,apply-time,rs-003464-7s97m,b8dfa6e8-4f48-424a-8ffc-7b11ba96b91f,1,6142.426555
2026/02/04/15:07:18,apply-time,rs-003464-ngmxw,4a027bb3-a57e-4a2c-bb62-ef2f933921ae,1,6142.426555
2026/02/04/15:07:18,running-time,rs-003464-ngmxw,4a027bb3-a57e-4a2c-bb62-ef2f933921ae,1,6142.426555
2026/02/04/15:07:18,apply-time,rs-003464-z2vn5,3b446f15-d5bb-485a-9bf8-6d10105e324c,1,6142.426555
2026/02/04/15:07:18,running-time,rs-003464-z2vn5,3b446f15-d5bb-485a-9bf8-6d10105e324c,1,6142.426555
2026/02/04/15:07:18,apply-time,rs-003465-wq7h7,caa766ee-d422-4741-9359-174c8bf894a1,2,6142.426555
2026/02/04/15:07:18,apply-time,rs-003465-zjg9g,0b961a2c-edda-4ebc-b2ba-577ccc7792c3,2,6142.426555
2026/02/04/15:07:18,apply-time,rs-003466-6qldx,ee9bebaf-7390-401e-a47b-091d50a076c5,1,6142.426555
2026/02/04/15:07:18,running-time,rs-003466-6qldx,ee9bebaf-7390-401e-a47b-091d50a076c5,1,6142.426555
2026/02/04/15:07:18,apply-time,rs-003467-9wm5g,8adf20a2-842e-4c8f-aa71-8603cbcbdab7,4,6142.426555
2026/02/04/15:07:18,apply-time,rs-003467-hfckk,26eb60bc-a5c2-4115-a4f1-80508be7a5e6,4,6142.426555
2026/02/04/15:07:18,apply-time,rs-003467-mgpv2,93f91983-2f0e-4e2e-9823-80d9176c6a73,4,6142.426555
2026/02/04/15:07:18,apply-time,rs-003468-ddlkc,202d3bba-30fd-4fe8-9d6d-09a1164fd1b3,1,6142.426555
2026/02/04/15:07:18,apply-time,rs-003468-xg9mv,65c02151-260b-4c6f-966b-bdb8ef3db379,1,6142.426555
2026/02/04/15:07:18,apply-time,rs-003469-bpwx5,3b226525-1443-4a47-8e68-2bfa871eb834,2,6142.426555
2026/02/04/15:07:18,running-time,rs-003469-bpwx5,3b226525-1443-4a47-8e68-2bfa871eb834,2,6142.426555
2026/02/04/15:07:18,apply-time,rs-003470-4smnt,b4aa6eac-5aa5-4870-83a5-103416048765,4,6142.426555
2026/02/04/15:07:18,running-time,rs-003470-4smnt,b4aa6eac-5aa5-4870-83a5-103416048765,4,6142.426555
2026/02/04/15:07:18,apply-time,rs-003472-9hnf7,43dd2a1d-ca39-4861-b087-ee0490ff569c,2,6142.426555
2026/02/04/15:07:19,apply-time,rs-003470-d28w8,be9f0c8a-8faa-4a9d-9f60-0ccc5128ff1e,4,6142.426555
2026/02/04/15:07:19,apply-time,rs-003470-znqmq,331b8390-309c-48c7-8d38-b8c715a23697,4,6142.426555
2026/02/04/15:07:19,apply-time,rs-003471-9bn4t,6148dac3-71b2-4a3b-bf6e-1641c41d5252,3,6143.426555
2026/02/04/15:07:19,apply-time,rs-003471-jldxz,582fbb00-5b3e-4492-b9c4-d4d07b4163a7,3,6143.426555
2026/02/04/15:07:19,apply-time,rs-003471-tz7tf,6ec9afa7-6395-44e7-ab07-330c49b5242e,3,6143.426555
2026/02/04/15:07:19,apply-time,rs-003472-jftww,efe423d0-2936-46e6-8763-a0ee0414c082,2,6143.426555
2026/02/04/15:07:19,apply-time,rs-003472-pjjj7,98a1e701-18f7-42aa-b222-f2493a26cd62,2,6143.426555
2026/02/04/15:07:19,apply-time,rs-003473-zxphm,24b8551f-bfc4-46f6-9d76-72aaa68286b0,3,6143.426555
2026/02/04/15:07:19,apply-time,rs-003474-rvwtz,e4dda180-a936-4d02-9cac-c7b1e3daea64,3,6143.426555
2026/02/04/15:07:20,apply-time,rs-003473-85m9l,65d7e0f7-866f-4f3c-8adf-9aef890a0716,3,6143.426555
2026/02/04/15:07:20,running-time,rs-003473-85m9l,65d7e0f7-866f-4f3c-8adf-9aef890a0716,3,6144.426555
2026/02/04/15:07:20,apply-time,rs-003473-kfk9h,0fb67805-a57b-4d3f-8081-ef0bb166b6fc,3,6144.426555
2026/02/04/15:07:20,running-time,rs-003473-zxphm,24b8551f-bfc4-46f6-9d76-72aaa68286b0,3,6144.426555
2026/02/04/15:07:20,apply-time,rs-003475-wzfhg,91df1b4d-936d-43ad-972b-ddb719df72bb,3,6144.426555
2026/02/04/15:07:21,running-time,rs-003467-9wm5g,8adf20a2-842e-4c8f-aa71-8603cbcbdab7,4,6145.426555
2026/02/04/15:07:21,running-time,rs-003467-hfckk,26eb60bc-a5c2-4115-a4f1-80508be7a5e6,4,6145.426555
2026/02/04/15:07:21,running-time,rs-003467-mgpv2,93f91983-2f0e-4e2e-9823-80d9176c6a73,4,6145.426555
2026/02/04/15:07:22,running-time,rs-003470-d28w8,be9f0c8a-8faa-4a9d-9f60-0ccc5128ff1e,4,6146.426555
2026/02/04/15:07:22,running-time,rs-003470-znqmq,331b8390-309c-48c7-8d38-b8c715a23697,4,6146.426555
2026/02/04/15:07:29,apply-time,rs-003476-69pnt,ad2d5af7-f341-46bc-8c9b-385e78e8d36a,4,6152.426555
2026/02/04/15:07:29,running-time,rs-003476-69pnt,ad2d5af7-f341-46bc-8c9b-385e78e8d36a,4,6152.426555
2026/02/04/15:07:29,apply-time,rs-003476-hn5fz,d6d8d1c0-6b18-4ece-b3a8-24683bb61c24,4,6152.426555
2026/02/04/15:07:29,running-time,rs-003476-hn5fz,d6d8d1c0-6b18-4ece-b3a8-24683bb61c24,4,6152.426555
2026/02/04/15:07:29,apply-time,rs-003477-2n89s,d8728b9e-7545-4d75-b24a-ce3e8192d663,3,6152.426555
2026/02/04/15:07:29,apply-time,rs-003477-brtcj,116ef2a0-2f13-4503-a867-5dd5fc0cded2,3,6153.426555
2026/02/04/15:07:29,apply-time,rs-003478-m5zw8,879f4d07-aca0-488b-a73e-de3ee3b05a9c,1,6152.426555
2026/02/04/15:07:29,running-time,rs-003478-m5zw8,879f4d07-aca0-488b-a73e-de3ee3b05a9c,1,6152.426555
2026/02/04/15:07:29,apply-time,rs-003479-96pxm,f20e66e7-94b6-4577-ab35-e019109be582,1,6152.426555
2026/02/04/15:07:29,apply-time,rs-003479-dck49,adfae5a0-28fc-48d6-a348-7540a368cc36,1,6152.426555
2026/02/04/15:07:29,running-time,rs-003479-dck49,adfae5a0-28fc-48d6-a348-7540a368cc36,1,6152.426555
2026/02/04/15:07:29,apply-time,rs-003479-s59gc,778fbd97-3fda-4114-b16c-14c0bd47ee13,1,6152.426555
2026/02/04/15:07:29,running-time,rs-003479-s59gc,778fbd97-3fda-4114-b16c-14c0bd47ee13,1,6152.426555
2026/02/04/15:07:29,apply-time,rs-003480-5f26h,f66c9bd6-ef84-499c-9f4b-9e7415dbfd13,1,6153.426555
2026/02/04/15:07:29,running-time,rs-003480-5f26h,f66c9bd6-ef84-499c-9f4b-9e7415dbfd13,1,6153.426555
2026/02/04/15:07:29,apply-time,rs-003480-kxd8g,ce511fd4-fc19-4c3f-9b89-004ad877219e,1,6152.426555
2026/02/04/15:07:29,running-time,rs-003480-kxd8g,ce511fd4-fc19-4c3f-9b89-004ad877219e,1,6153.426555
2026/02/04/15:07:29,apply-time,rs-003480-npvst,c133a66a-ddd0-4bea-bcb8-ef5c2431f0ea,1,6153.426555
2026/02/04/15:07:29,running-time,rs-003480-npvst,c133a66a-ddd0-4bea-bcb8-ef5c2431f0ea,1,6153.426555
2026/02/04/15:07:57,apply-time,rs-003481-q2nsn,9ada7375-16a2-4f8e-b226-b9a6da306129,2,6181.426555
2026/02/04/15:07:57,running-time,rs-003481-q2nsn,9ada7375-16a2-4f8e-b226-b9a6da306129,2,6181.426555
2026/02/04/15:07:57,apply-time,rs-003482-g7vtf,1069caac-9fa1-45fd-8a1a-678dd7d49847,1,6181.426555
2026/02/04/15:07:57,running-time,rs-003482-g7vtf,1069caac-9fa1-45fd-8a1a-678dd7d49847,1,6181.426555
2026/02/04/15:07:57,apply-time,rs-003483-24x8h,c4cb9dfe-905b-44c9-b72e-3489668aed6e,4,6181.426555
2026/02/04/15:07:57,running-time,rs-003483-24x8h,c4cb9dfe-905b-44c9-b72e-3489668aed6e,4,6181.426555
2026/02/04/15:07:57,apply-time,rs-003483-zwx52,c7608181-74ce-45d3-8c77-59d8111a0d01,4,6181.426555
2026/02/04/15:07:57,running-time,rs-003483-zwx52,c7608181-74ce-45d3-8c77-59d8111a0d01,4,6181.426555
2026/02/04/15:07:57,apply-time,rs-003484-nbchf,2221b0ff-c2c7-4dbb-aea3-23ce6a8f2f47,3,6181.426555
2026/02/04/15:07:57,running-time,rs-003484-nbchf,2221b0ff-c2c7-4dbb-aea3-23ce6a8f2f47,3,6181.426555
2026/02/04/15:08:08,apply-time,rs-003485-2hx6m,d3140d6d-1fe1-4f48-8e03-cf001d0a907b,1,6192.426555
2026/02/04/15:08:08,running-time,rs-003485-2hx6m,d3140d6d-1fe1-4f48-8e03-cf001d0a907b,1,6192.426555
2026/02/04/15:08:08,apply-time,rs-003485-98h4p,ba42eae6-f4eb-4672-85ba-f6d06b9ff7e0,1,6192.426555
2026/02/04/15:08:08,running-time,rs-003485-98h4p,ba42eae6-f4eb-4672-85ba-f6d06b9ff7e0,1,6192.426555
2026/02/04/15:08:08,apply-time,rs-003485-wrkrc,759b8fdd-0e3b-4e2b-882f-2bff1e1765b4,1,6192.426555
2026/02/04/15:08:08,running-time,rs-003485-wrkrc,759b8fdd-0e3b-4e2b-882f-2bff1e1765b4,1,6192.426555
2026/02/04/15:08:10,apply-time,rs-003486-2sd98,777f7613-26e2-4081-b1a9-328b8a6cbb29,2,6194.426555
2026/02/04/15:08:10,apply-time,rs-003486-79p2q,23e1a105-96de-44c5-a111-aa916b651abe,2,6194.426555
2026/02/04/15:08:10,running-time,rs-003486-79p2q,23e1a105-96de-44c5-a111-aa916b651abe,2,6194.426555
2026/02/04/15:08:10,apply-time,rs-003486-klh52,85e92907-7200-4a8b-98c7-049c8c91552b,2,6194.426555
2026/02/04/15:08:10,apply-time,rs-003487-mhvrm,32aff052-9c1e-4bf7-accf-7febc26fde0e,2,6194.426555
2026/02/04/15:08:10,running-time,rs-003487-mhvrm,32aff052-9c1e-4bf7-accf-7febc26fde0e,2,6194.426555
2026/02/04/15:08:10,apply-time,rs-003488-f62gn,cf72539d-83e0-4be4-b3e5-6627f113f841,4,6194.426555
2026/02/04/15:08:10,running-time,rs-003488-f62gn,cf72539d-83e0-4be4-b3e5-6627f113f841,4,6194.426555
2026/02/04/15:08:10,apply-time,rs-003488-fmrxv,13d8dead-bf89-4f96-80e7-09956d9c32cd,4,6194.426555
2026/02/04/15:08:10,running-time,rs-003488-fmrxv,13d8dead-bf89-4f96-80e7-09956d9c32cd,4,6194.426555
2026/02/04/15:08:10,apply-time,rs-003488-qkvsb,6f19671c-3f05-4c64-b73e-8c047fcb6ce5,4,6194.426555
2026/02/04/15:08:10,running-time,rs-003488-qkvsb,6f19671c-3f05-4c64-b73e-8c047fcb6ce5,4,6194.426555
2026/02/04/15:08:10,apply-time,rs-003489-2pr6w,a24d7ffd-1c60-4b28-885b-9702afc08de7,3,6194.426555
2026/02/04/15:08:10,running-time,rs-003489-2pr6w,a24d7ffd-1c60-4b28-885b-9702afc08de7,3,6194.426555
2026/02/04/15:08:10,apply-time,rs-003489-7h4gg,50b9106e-1545-4be9-bc8d-a34802bdaa08,3,6194.426555
2026/02/04/15:08:10,running-time,rs-003489-7h4gg,50b9106e-1545-4be9-bc8d-a34802bdaa08,3,6194.426555
2026/02/04/15:08:10,apply-time,rs-003489-l69cs,11556e66-b27e-405e-92ba-b095fc201f11,3,6194.426555
2026/02/04/15:08:12,running-time,rs-003489-l69cs,11556e66-b27e-405e-92ba-b095fc201f11,3,6196.426555
2026/02/04/15:08:14,running-time,rs-003486-klh52,85e92907-7200-4a8b-98c7-049c8c91552b,2,6198.426555
2026/02/04/15:08:25,apply-time,rs-003490-vp9kk,ea389ccf-08f5-4bc3-b976-c258e439649a,1,6209.426555
2026/02/04/15:08:25,running-time,rs-003490-vp9kk,ea389ccf-08f5-4bc3-b976-c258e439649a,1,6209.426555
2026/02/04/15:08:25,apply-time,rs-003491-qkn5l,4684d6e1-789f-4a76-a777-708dea86d3bc,3,6209.426555
2026/02/04/15:08:25,running-time,rs-003491-qkn5l,4684d6e1-789f-4a76-a777-708dea86d3bc,3,6209.426555
2026/02/04/15:08:43,apply-time,rs-003492-gtlwl,610b8bde-f55c-4351-993d-a053bb4d6314,2,6226.426555
2026/02/04/15:08:43,running-time,rs-003492-gtlwl,610b8bde-f55c-4351-993d-a053bb4d6314,2,6226.426555
2026/02/04/15:08:43,apply-time,rs-003492-mpcrq,138fd9cb-174d-49c1-8f1c-681fd6e62f97,2,6226.426555
2026/02/04/15:08:43,running-time,rs-003492-mpcrq,138fd9cb-174d-49c1-8f1c-681fd6e62f97,2,6227.426555
2026/02/04/15:08:43,apply-time,rs-003492-zzznb,1820b12b-a6a6-4da2-a5f9-d7292d27117b,2,6226.426555
2026/02/04/15:08:43,running-time,rs-003492-zzznb,1820b12b-a6a6-4da2-a5f9-d7292d27117b,2,6226.426555
2026/02/04/15:08:43,apply-time,rs-003493-97f5d,0321aa47-3f3b-4975-a53a-fb9336f110d4,4,6226.426555
2026/02/04/15:08:43,running-time,rs-003493-97f5d,0321aa47-3f3b-4975-a53a-fb9336f110d4,4,6226.426555
2026/02/04/15:08:43,apply-time,rs-003493-ncvlv,ffbb1181-23fb-4b5d-9fd9-34f7f2e7431a,4,6226.426555
2026/02/04/15:08:43,running-time,rs-003493-ncvlv,ffbb1181-23fb-4b5d-9fd9-34f7f2e7431a,4,6226.426555
2026/02/04/15:08:43,apply-time,rs-003493-xrm9d,d224d7d2-bd66-4574-a662-13e33a584181,4,6226.426555
2026/02/04/15:08:43,running-time,rs-003493-xrm9d,d224d7d2-bd66-4574-a662-13e33a584181,4,6226.426555
2026/02/04/15:08:43,apply-time,rs-003494-m9tlt,1ae8fdc8-4254-460e-9730-33bb8b08b5a9,2,6227.426555
2026/02/04/15:08:43,running-time,rs-003494-m9tlt,1ae8fdc8-4254-460e-9730-33bb8b08b5a9,2,6227.426555
2026/02/04/15:08:43,apply-time,rs-003495-frf4h,2bc095a7-f7cd-4012-a4f5-68789ebe6674,2,6227.426555
2026/02/04/15:08:43,running-time,rs-003495-frf4h,2bc095a7-f7cd-4012-a4f5-68789ebe6674,2,6227.426555
2026/02/04/15:08:43,apply-time,rs-003495-rf7wr,b26bf762-1539-4097-9418-4834e8fc641b,2,6227.426555
2026/02/04/15:08:43,running-time,rs-003495-rf7wr,b26bf762-1539-4097-9418-4834e8fc641b,2,6227.426555
2026/02/04/15:08:44,apply-time,rs-003496-cns5x,61334fc5-09f6-4d13-8364-72bfcb14d472,4,6228.426555
2026/02/04/15:08:44,running-time,rs-003496-cns5x,61334fc5-09f6-4d13-8364-72bfcb14d472,4,6228.426555
2026/02/04/15:08:44,apply-time,rs-003497-bkswv,112baeeb-95e4-416d-b788-2cd2214f719a,2,6228.426555
2026/02/04/15:08:44,running-time,rs-003497-bkswv,112baeeb-95e4-416d-b788-2cd2214f719a,2,6228.426555
2026/02/04/15:08:44,apply-time,rs-003497-j7b2g,90c9d366-d1c5-4f6c-9abd-1a7400c9684e,2,6228.426555
2026/02/04/15:08:44,running-time,rs-003497-j7b2g,90c9d366-d1c5-4f6c-9abd-1a7400c9684e,2,6228.426555
2026/02/04/15:08:44,apply-time,rs-003497-qmlrx,e5497918-c57d-4ae6-bbef-90e93a917a22,2,6228.426555
2026/02/04/15:08:44,running-time,rs-003497-qmlrx,e5497918-c57d-4ae6-bbef-90e93a917a22,2,6228.426555
2026/02/04/15:08:44,apply-time,rs-003498-2l7qf,8ce1bc26-1f39-48e1-a520-21706f36483b,1,6228.426555
2026/02/04/15:08:44,running-time,rs-003498-2l7qf,8ce1bc26-1f39-48e1-a520-21706f36483b,1,6228.426555
2026/02/04/15:08:58,apply-time,rs-003499-5ghjx,03a5c5e0-2c94-4b2d-bfc4-7ead255fe7ee,1,6242.426555
2026/02/04/15:08:58,running-time,rs-003499-5ghjx,03a5c5e0-2c94-4b2d-bfc4-7ead255fe7ee,1,6242.426555
2026/02/04/15:08:58,apply-time,rs-003499-9tjcc,39c5f685-3279-40ca-bfa1-bd99e3350cd2,1,6242.426555
2026/02/04/15:08:58,apply-time,rs-003499-kf2fd,729c896a-cba0-49f3-b533-6f6b7ea3f15a,1,6242.426555
2026/02/04/15:08:58,apply-time,rs-003500-zp4gm,c76a6059-f296-4580-850a-8e5eb1a07e94,2,6242.426555
2026/02/04/15:08:58,running-time,rs-003500-zp4gm,c76a6059-f296-4580-850a-8e5eb1a07e94,2,6242.426555
2026/02/04/15:08:58,apply-time,rs-003501-4hsdd,0a30b0fc-4f51-433f-8d2d-7a3a5a95f6b6,1,6242.426555
2026/02/04/15:08:58,running-time,rs-003501-4hsdd,0a30b0fc-4f51-433f-8d2d-7a3a5a95f6b6,1,6242.426555
2026/02/04/15:08:58,apply-time,rs-003501-8p7s2,c4089b7a-5788-46da-9d1c-d7c2d8dd237f,1,6242.426555
2026/02/04/15:08:58,running-time,rs-003501-8p7s2,c4089b7a-5788-46da-9d1c-d7c2d8dd237f,1,6242.426555
2026/02/04/15:08:58,apply-time,rs-003501-ksrdf,8bae692f-a5f6-4151-a83b-87641ec6eb62,1,6242.426555
2026/02/04/15:08:58,running-time,rs-003501-ksrdf,8bae692f-a5f6-4151-a83b-87641ec6eb62,1,6242.426555
2026/02/04/15:08:59,apply-time,rs-003502-5fj7k,d5958a90-7c09-4ab9-b9b5-79ece48d4079,3,6243.426555
2026/02/04/15:08:59,running-time,rs-003502-5fj7k,d5958a90-7c09-4ab9-b9b5-79ece48d4079,3,6243.426555
2026/02/04/15:08:59,apply-time,rs-003503-s5r8l,b78fe709-02c6-4db8-a2eb-1cd62d9d853c,1,6243.426555
2026/02/04/15:08:59,running-time,rs-003503-s5r8l,b78fe709-02c6-4db8-a2eb-1cd62d9d853c,1,6243.426555
2026/02/04/15:08:59,apply-time,rs-003504-7758l,7c4433da-c057-405b-b93b-235e48971b44,3,6243.426555
2026/02/04/15:08:59,running-time,rs-003504-7758l,7c4433da-c057-405b-b93b-235e48971b44,3,6243.426555
2026/02/04/15:08:59,apply-time,rs-003505-gfc88,059fc315-425a-4989-b273-65c93515d573,4,6243.426555
2026/02/04/15:08:59,running-time,rs-003505-gfc88,059fc315-425a-4989-b273-65c93515d573,4,6243.426555
2026/02/04/15:09:00,apply-time,rs-003506-mtlhn,f7057fea-464a-4b16-b40f-68ff40317095,2,6244.426555
2026/02/04/15:09:00,running-time,rs-003506-mtlhn,f7057fea-464a-4b16-b40f-68ff40317095,2,6244.426555
2026/02/04/15:09:00,apply-time,rs-003507-b5ltb,53a21292-cf14-4314-998b-afdf66f884c8,3,6244.426555
2026/02/04/15:09:00,apply-time,rs-003507-j46gj,17abb32a-bb30-4117-ae99-21aa8ec8a56c,3,6244.426555
2026/02/04/15:09:00,apply-time,rs-003507-qxzts,52d7f515-f8ac-4cc5-a63d-4e3975bd1f38,3,6244.426555
2026/02/04/15:09:00,running-time,rs-003507-qxzts,52d7f515-f8ac-4cc5-a63d-4e3975bd1f38,3,6244.426555
2026/02/04/15:09:00,apply-time,rs-003508-z68bt,7402b687-ba1f-4fd3-bfc4-c28547b98e6f,4,6244.426555
2026/02/04/15:09:00,apply-time,rs-003509-9b9sv,f112b820-b4bb-4bdd-baf3-7c9897c33e15,1,6244.426555
2026/02/04/15:09:00,running-time,rs-003509-9b9sv,f112b820-b4bb-4bdd-baf3-7c9897c33e15,1,6244.426555
2026/02/04/15:09:00,apply-time,rs-003509-b8q5d,190b8cfd-f51f-4790-ac33-060a9de3a785,1,6244.426555
2026/02/04/15:09:01,running-time,rs-003507-b5ltb,53a21292-cf14-4314-998b-afdf66f884c8,3,6245.426555
2026/02/04/15:09:01,running-time,rs-003507-j46gj,17abb32a-bb30-4117-ae99-21aa8ec8a56c,3,6245.426555
2026/02/04/15:09:02,apply-time,rs-003510-dmkrb,132ceb4f-2cd9-45a3-83a9-fcf0a59246a5,2,6245.426555
2026/02/04/15:09:02,running-time,rs-003510-dmkrb,132ceb4f-2cd9-45a3-83a9-fcf0a59246a5,2,6245.426555
2026/02/04/15:09:02,apply-time,rs-003510-mk9dc,c8affd66-9c19-4323-8cda-38735ed71bcd,2,6245.426555
2026/02/04/15:09:02,running-time,rs-003510-mk9dc,c8affd66-9c19-4323-8cda-38735ed71bcd,2,6245.426555
2026/02/04/15:09:02,apply-time,rs-003510-nnmnf,90bab240-198c-4ffc-bfe9-fad99a42d5e2,2,6245.426555
2026/02/04/15:09:02,running-time,rs-003510-nnmnf,90bab240-198c-4ffc-bfe9-fad99a42d5e2,2,6245.426555
2026/02/04/15:09:04,apply-time,rs-003511-b5vtd,1770e493-16d8-48ff-ba60-fd871fba504c,1,6247.426555
2026/02/04/15:09:04,running-time,rs-003511-b5vtd,1770e493-16d8-48ff-ba60-fd871fba504c,1,6248.426555
2026/02/04/15:09:04,apply-time,rs-003511-nt9m5,bc892a7c-ac87-41c3-be2e-17487e89be81,1,6247.426555
2026/02/04/15:09:04,apply-time,rs-003511-p9zbt,cf665f6e-af10-4b0e-a6dc-b8aa083c70e9,1,6247.426555
2026/02/04/15:09:04,apply-time,rs-003512-zztkq,b704f12f-e168-4ce0-9d89-cb7f5c8305b8,1,6247.426555
2026/02/04/15:09:04,apply-time,rs-003513-6crjx,43a0accc-b63b-4648-976a-d9b3d205ce5f,4,6247.426555
2026/02/04/15:09:04,running-time,rs-003513-6crjx,43a0accc-b63b-4648-976a-d9b3d205ce5f,4,6248.426555
2026/02/04/15:09:04,apply-time,rs-003514-vhjb5,9dacbae2-5ffb-40b3-a0c3-e705c4d4f3a9,4,6248.426555
2026/02/04/15:09:04,apply-time,rs-003514-xl867,8072c4b2-29ff-49c8-b04d-4e00275bdd21,4,6248.426555
2026/02/04/15:09:04,apply-time,rs-003515-m5mtn,b75f1722-3c92-40c5-8fed-7261ce40de16,1,6248.426555
2026/02/04/15:09:04,running-time,rs-003515-m5mtn,b75f1722-3c92-40c5-8fed-7261ce40de16,1,6248.426555
2026/02/04/15:09:05,running-time,rs-003511-p9zbt,cf665f6e-af10-4b0e-a6dc-b8aa083c70e9,1,6249.426555
2026/02/04/15:09:06,running-time,rs-003511-nt9m5,bc892a7c-ac87-41c3-be2e-17487e89be81,1,6250.426555
2026/02/04/15:09:06,running-time,rs-003512-zztkq,b704f12f-e168-4ce0-9d89-cb7f5c8305b8,1,6250.426555
2026/02/04/15:09:11,apply-time,rs-003516-92tp2,fd3971c9-b72c-4346-bf18-733fe6569f0c,1,6255.426555
2026/02/04/15:09:11,running-time,rs-003516-92tp2,fd3971c9-b72c-4346-bf18-733fe6569f0c,1,6255.426555
2026/02/04/15:09:11,apply-time,rs-003516-96tzz,5909ad08-e3ed-4b60-af11-8604add3c26a,1,6255.426555
2026/02/04/15:09:11,running-time,rs-003516-96tzz,5909ad08-e3ed-4b60-af11-8604add3c26a,1,6255.426555
2026/02/04/15:09:11,apply-time,rs-003516-kmzbw,e8022794-4bc6-4e35-a187-42a0b987363a,1,6255.426555
2026/02/04/15:09:11,running-time,rs-003516-kmzbw,e8022794-4bc6-4e35-a187-42a0b987363a,1,6255.426555
2026/02/04/15:09:11,apply-time,rs-003517-6gm54,f2cdbf5e-78fe-4a80-9050-60bbcae8c12b,1,6255.426555
2026/02/04/15:09:11,running-time,rs-003517-6gm54,f2cdbf5e-78fe-4a80-9050-60bbcae8c12b,1,6255.426555
2026/02/04/15:09:11,apply-time,rs-003518-hr2jg,ca9800ad-cc56-4ce8-9377-6904888913e3,3,6255.426555
2026/02/04/15:09:11,running-time,rs-003518-hr2jg,ca9800ad-cc56-4ce8-9377-6904888913e3,3,6255.426555
2026/02/04/15:09:11,apply-time,rs-003518-l2vcv,8b6ceb88-766d-437c-bd4c-556df2f59ec0,3,6255.426555
2026/02/04/15:09:12,apply-time,rs-003519-9w4pm,6ac64e6f-d2ab-4692-959f-f2768ae2f3cf,2,6255.426555
2026/02/04/15:09:12,running-time,rs-003519-9w4pm,6ac64e6f-d2ab-4692-959f-f2768ae2f3cf,2,6256.426555
2026/02/04/15:09:12,apply-time,rs-003519-kxcl9,4cd4272e-9077-498c-b0df-4e2061bdfb43,2,6255.426555
2026/02/04/15:09:12,running-time,rs-003519-kxcl9,4cd4272e-9077-498c-b0df-4e2061bdfb43,2,6256.426555
2026/02/04/15:09:12,apply-time,rs-003519-nk7tk,624c195a-3091-4dcb-a91e-1f2c9df2fbd0,2,6255.426555
2026/02/04/15:09:12,running-time,rs-003519-nk7tk,624c195a-3091-4dcb-a91e-1f2c9df2fbd0,2,6255.426555
2026/02/04/15:09:14,running-time,rs-003518-l2vcv,8b6ceb88-766d-437c-bd4c-556df2f59ec0,3,6257.426555
2026/02/04/15:09:32,apply-time,rs-003520-ghwj9,d7909b9b-d6ea-46aa-8e97-58831a1d7a57,1,6276.426555
2026/02/04/15:09:32,running-time,rs-003520-ghwj9,d7909b9b-d6ea-46aa-8e97-58831a1d7a57,1,6276.426555
2026/02/04/15:09:32,apply-time,rs-003520-hhxrm,990b2209-d5c1-4b69-9a25-f570fab1eaaa,1,6276.426555
2026/02/04/15:09:32,apply-time,rs-003520-x8bgz,16343611-6bc9-4ae8-a50f-68a656913f7d,1,6276.426555
2026/02/04/15:09:32,apply-time,rs-003521-dqn6z,c183787d-c3cc-44de-85b4-6ab2c32150fe,4,6276.426555
2026/02/04/15:09:32,running-time,rs-003521-dqn6z,c183787d-c3cc-44de-85b4-6ab2c32150fe,4,6276.426555
2026/02/04/15:09:32,apply-time,rs-003521-p7f6n,e9c29ce0-6387-4eda-87f3-584ef62d5091,4,6276.426555
2026/02/04/15:09:32,running-time,rs-003521-p7f6n,e9c29ce0-6387-4eda-87f3-584ef62d5091,4,6276.426555
2026/02/04/15:09:32,apply-time,rs-003521-tkvfh,3ffeb326-c585-4474-bad7-9f977b9487c5,4,6276.426555
2026/02/04/15:09:32,running-time,rs-003521-tkvfh,3ffeb326-c585-4474-bad7-9f977b9487c5,4,6276.426555
2026/02/04/15:09:32,apply-time,rs-003522-q72qx,45acee77-2464-42b0-b7d5-93683bbbcc3d,2,6276.426555
2026/02/04/15:09:32,running-time,rs-003522-q72qx,45acee77-2464-42b0-b7d5-93683bbbcc3d,2,6276.426555
2026/02/04/15:09:32,apply-time,rs-003523-pr8w9,d559e696-5b85-492a-9112-660709c14bfe,1,6276.426555
2026/02/04/15:09:32,running-time,rs-003523-pr8w9,d559e696-5b85-492a-9112-660709c14bfe,1,6276.426555
2026/02/04/15:09:32,apply-time,rs-003523-v4xhn,07490b0a-9f5d-465b-93ed-4c91213f7dcd,1,6276.426555
2026/02/04/15:09:32,running-time,rs-003523-v4xhn,07490b0a-9f5d-465b-93ed-4c91213f7dcd,1,6276.426555
2026/02/04/15:09:33,apply-time,rs-003524-9hs5r,3a1653ca-f500-4d39-b14c-fc5197a78518,3,6276.426555
2026/02/04/15:09:33,running-time,rs-003524-9hs5r,3a1653ca-f500-4d39-b14c-fc5197a78518,3,6276.426555
2026/02/04/15:09:33,apply-time,rs-003524-sk8n6,d88f9cce-19be-489d-870c-0294b935c70f,3,6276.426555
2026/02/04/15:09:33,running-time,rs-003524-sk8n6,d88f9cce-19be-489d-870c-0294b935c70f,3,6277.426555
2026/02/04/15:09:33,apply-time,rs-003524-zs57s,0cce478d-4c95-44a3-a58c-c397201234f2,3,6276.426555
2026/02/04/15:09:33,running-time,rs-003524-zs57s,0cce478d-4c95-44a3-a58c-c397201234f2,3,6276.426555
2026/02/04/15:09:33,apply-time,rs-003525-45rqv,c58898e7-612d-44d3-959a-8634b2506a4e,2,6277.426555
2026/02/04/15:09:33,apply-time,rs-003526-cgn5f,de31a10d-5da9-4dad-9233-1663becfa0bd,1,6277.426555
2026/02/04/15:09:33,apply-time,rs-003526-x8xn2,73473994-dd6f-4674-bfb6-6d9812d6c4a1,1,6277.426555
2026/02/04/15:09:33,running-time,rs-003526-x8xn2,73473994-dd6f-4674-bfb6-6d9812d6c4a1,1,6277.426555
2026/02/04/15:09:33,apply-time,rs-003527-4sqm7,24aad095-45a8-4215-b127-393c48894175,4,6277.426555
2026/02/04/15:09:33,apply-time,rs-003527-kbk4x,2d2fa91e-da18-4c8c-b05b-4cdb32c20b3a,4,6277.426555
2026/02/04/15:09:33,apply-time,rs-003528-42zbp,ad943b4c-8980-424f-a6ed-dd457f4d797d,2,6277.426555
2026/02/04/15:09:33,apply-time,rs-003528-lr9zc,049b2547-5d11-4b17-b276-7cbbe1b5d06a,2,6277.426555
2026/02/04/15:09:33,apply-time,rs-003529-2hrdr,64ea021e-c51e-460e-b6ac-780d09225f64,2,6277.426555
2026/02/04/15:09:33,apply-time,rs-003529-4lplh,8f0b47f3-6ba4-4c0c-9350-dd0dd1a64a8d,2,6277.426555
2026/02/04/15:09:34,apply-time,rs-003530-5kx95,1e59aa3e-cc0f-45ef-b62a-6371cb2b43c6,1,6278.426555
2026/02/04/15:09:34,apply-time,rs-003531-km5zb,508def6a-b180-4e3a-bc4d-72a9c18922c8,2,6278.426555
2026/02/04/15:09:34,apply-time,rs-003532-lswcq,0f92e502-f153-4a97-8fd5-fe596b5b02a6,1,6278.426555
2026/02/04/15:09:34,running-time,rs-003532-lswcq,0f92e502-f153-4a97-8fd5-fe596b5b02a6,1,6278.426555
2026/02/04/15:09:34,apply-time,rs-003532-snnx4,9bfa4858-f855-48b5-aa93-195c23c520ef,1,6278.426555
2026/02/04/15:09:34,running-time,rs-003532-snnx4,9bfa4858-f855-48b5-aa93-195c23c520ef,1,6278.426555
2026/02/04/15:09:34,apply-time,rs-003533-9wmdm,ef89890d-b6e4-4ee7-80ca-0fcb2b4711a2,3,6278.426555
2026/02/04/15:09:34,apply-time,rs-003534-d9gjp,da38c2f1-6eb1-4a72-8b5d-adeff47d6224,4,6278.426555
2026/02/04/15:09:35,running-time,rs-003526-cgn5f,de31a10d-5da9-4dad-9233-1663becfa0bd,1,6279.426555
2026/02/04/15:09:35,running-time,rs-003528-lr9zc,049b2547-5d11-4b17-b276-7cbbe1b5d06a,2,6279.426555
2026/02/04/15:09:35,running-time,rs-003531-km5zb,508def6a-b180-4e3a-bc4d-72a9c18922c8,2,6279.426555
2026/02/04/15:09:35,apply-time,rs-003534-9gxf8,7ba4eaf5-22ad-49a9-9c29-6051d646d4bd,4,6278.426555
2026/02/04/15:09:35,running-time,rs-003534-d9gjp,da38c2f1-6eb1-4a72-8b5d-adeff47d6224,4,6279.426555
2026/02/04/15:09:36,apply-time,rs-003535-6jtvw,28ddeef5-7868-4bfb-bf01-613b9b15ec71,3,6280.426555
2026/02/04/15:09:36,running-time,rs-003535-6jtvw,28ddeef5-7868-4bfb-bf01-613b9b15ec71,3,6280.426555
2026/02/04/15:09:36,apply-time,rs-003535-lp5sh,2313a108-a0ff-453c-8b35-6a24ac556a43,3,6280.426555
2026/02/04/15:09:36,running-time,rs-003535-lp5sh,2313a108-a0ff-453c-8b35-6a24ac556a43,3,6280.426555
2026/02/04/15:09:37,apply-time,rs-003536-97kc7,5a8c0f43-375d-414f-b0ca-c0b3da902d2f,1,6281.426555
2026/02/04/15:09:37,apply-time,rs-003536-jgsm2,c4c51c90-cfd0-4d93-80b1-b85de892607c,1,6281.426555
2026/02/04/15:09:37,apply-time,rs-003537-tq7js,9206bd00-959e-4040-b8c3-d8a5975d091f,3,6281.426555
2026/02/04/15:09:37,running-time,rs-003537-tq7js,9206bd00-959e-4040-b8c3-d8a5975d091f,3,6281.426555
2026/02/04/15:09:37,apply-time,rs-003538-99b6t,7bcbed62-1485-4425-9081-9296a752b6f7,3,6281.426555
2026/02/04/15:09:37,running-time,rs-003538-99b6t,7bcbed62-1485-4425-9081-9296a752b6f7,3,6281.426555
2026/02/04/15:09:37,apply-time,rs-003538-gtzw6,5fdce058-c86a-4771-a940-0a6e2e377d60,3,6281.426555
2026/02/04/15:09:37,running-time,rs-003538-gtzw6,5fdce058-c86a-4771-a940-0a6e2e377d60,3,6281.426555
2026/02/04/15:09:37,apply-time,rs-003538-nnrk6,b1d6835c-66e5-4d26-993d-8be0b6bd01dd,3,6281.426555
2026/02/04/15:09:37,running-time,rs-003538-nnrk6,b1d6835c-66e5-4d26-993d-8be0b6bd01dd,3,6281.426555
2026/02/04/15:09:37,apply-time,rs-003539-9br6g,92b0c833-b126-4b45-818b-6e6a601fce77,2,6281.426555
2026/02/04/15:09:37,apply-time,rs-003539-jdbrv,b1491f04-7dfa-425f-babf-79260a806220,2,6281.426555
2026/02/04/15:09:37,apply-time,rs-003540-dsvl6,dfe2421d-4384-4898-a57d-abc98e1dd7ec,4,6281.426555
2026/02/04/15:09:37,running-time,rs-003540-dsvl6,dfe2421d-4384-4898-a57d-abc98e1dd7ec,4,6281.426555
2026/02/04/15:09:37,apply-time,rs-003540-ghhkr,ba6eb67a-1e2d-4671-aaa3-15ecffffdb00,4,6281.426555
2026/02/04/15:09:37,running-time,rs-003540-ghhkr,ba6eb67a-1e2d-4671-aaa3-15ecffffdb00,4,6281.426555
2026/02/04/15:09:38,apply-time,rs-003541-hpxtq,9678c6b2-b788-4373-8737-48fe40d5dfbe,3,6282.426555
2026/02/04/15:09:38,apply-time,rs-003542-x9s6l,ce6a05b6-9d70-4c2e-8ae1-ab49235437cc,2,6282.426555
2026/02/04/15:09:38,running-time,rs-003542-x9s6l,ce6a05b6-9d70-4c2e-8ae1-ab49235437cc,2,6282.426555
2026/02/04/15:09:41,running-time,rs-003539-9br6g,92b0c833-b126-4b45-818b-6e6a601fce77,2,6285.426555
2026/02/04/15:09:41,running-time,rs-003541-hpxtq,9678c6b2-b788-4373-8737-48fe40d5dfbe,3,6285.426555
2026/02/04/15:09:42,running-time,rs-003539-jdbrv,b1491f04-7dfa-425f-babf-79260a806220,2,6286.426555
2026/02/04/15:09:44,running-time,rs-003534-9gxf8,7ba4eaf5-22ad-49a9-9c29-6051d646d4bd,4,6288.426555
2026/02/04/15:09:46,apply-time,rs-003543-2x6z5,e2ba37e1-05d5-4e72-905f-764ea0bc5336,2,6290.426555
2026/02/04/15:09:46,apply-time,rs-003543-qshgl,59e1df11-d3f5-4f16-8a14-80a8438dcd14,2,6290.426555
2026/02/04/15:09:46,running-time,rs-003543-qshgl,59e1df11-d3f5-4f16-8a14-80a8438dcd14,2,6290.426555
2026/02/04/15:09:46,apply-time,rs-003544-c5fll,82b05ec0-49b3-4712-9259-6ceb73d835fd,3,6290.426555
2026/02/04/15:09:46,running-time,rs-003544-c5fll,82b05ec0-49b3-4712-9259-6ceb73d835fd,3,6290.426555
2026/02/04/15:09:46,apply-time,rs-003545-gp8bd,6e6732c8-1dbe-4a85-8b9a-59103c0cedb8,3,6290.426555
2026/02/04/15:09:46,running-time,rs-003545-gp8bd,6e6732c8-1dbe-4a85-8b9a-59103c0cedb8,3,6290.426555
2026/02/04/15:09:46,apply-time,rs-003546-l2fvp,67fa0dac-99c1-4c70-982e-bb5d91ba9171,3,6290.426555
2026/02/04/15:09:46,running-time,rs-003546-l2fvp,67fa0dac-99c1-4c70-982e-bb5d91ba9171,3,6290.426555
2026/02/04/15:09:46,apply-time,rs-003546-v2gt6,eebdbe72-7527-4134-a5a8-7e6388e7fbdc,3,6290.426555
2026/02/04/15:09:46,running-time,rs-003546-v2gt6,eebdbe72-7527-4134-a5a8-7e6388e7fbdc,3,6290.426555
2026/02/04/15:09:48,running-time,rs-003543-2x6z5,e2ba37e1-05d5-4e72-905f-764ea0bc5336,2,6292.426555
2026/02/04/15:09:50,apply-time,rs-003547-k2sm4,e266a04c-a33d-450b-87f0-04f4c426994e,1,6294.426555
2026/02/04/15:09:50,running-time,rs-003547-k2sm4,e266a04c-a33d-450b-87f0-04f4c426994e,1,6294.426555
2026/02/04/15:09:50,apply-time,rs-003547-v8csx,de96a893-fde5-4076-b145-e0d9e6336402,1,6294.426555
2026/02/04/15:09:50,running-time,rs-003547-v8csx,de96a893-fde5-4076-b145-e0d9e6336402,1,6294.426555
2026/02/04/15:09:50,apply-time,rs-003548-gtg7g,202bb626-555e-4066-9071-87f5d2667c0c,3,6294.426555
2026/02/04/15:09:50,running-time,rs-003548-gtg7g,202bb626-555e-4066-9071-87f5d2667c0c,3,6294.426555
2026/02/04/15:09:56,apply-time,rs-003549-9z6qr,6d1214f8-931e-4d2e-91ab-ca25986577eb,4,6300.426555
2026/02/04/15:09:56,running-time,rs-003549-9z6qr,6d1214f8-931e-4d2e-91ab-ca25986577eb,4,6300.426555
2026/02/04/15:09:56,apply-time,rs-003549-fcn9b,c849a0b9-0022-404d-8687-d7970daae911,4,6300.426555
2026/02/04/15:09:56,running-time,rs-003549-fcn9b,c849a0b9-0022-404d-8687-d7970daae911,4,6300.426555
2026/02/04/15:09:56,apply-time,rs-003549-ll6bp,902844c3-30b3-4059-8706-a38136b478cc,4,6300.426555
2026/02/04/15:09:56,running-time,rs-003549-ll6bp,902844c3-30b3-4059-8706-a38136b478cc,4,6300.426555
2026/02/04/15:09:56,apply-time,rs-003550-2mrg4,01110ff1-0b2c-4699-aa60-d37bc8d1c538,1,6300.426555
2026/02/04/15:09:56,running-time,rs-003550-2mrg4,01110ff1-0b2c-4699-aa60-d37bc8d1c538,1,6300.426555
2026/02/04/15:09:56,apply-time,rs-003551-b9xgq,7495ee8f-4d8f-430d-9088-e6bf0039329a,4,6300.426555
2026/02/04/15:09:56,running-time,rs-003551-b9xgq,7495ee8f-4d8f-430d-9088-e6bf0039329a,4,6300.426555
2026/02/04/15:09:56,apply-time,rs-003551-gn9k7,5b0db9ce-8f01-4fd2-8deb-2a3eedab6daa,4,6300.426555
2026/02/04/15:09:56,running-time,rs-003551-gn9k7,5b0db9ce-8f01-4fd2-8deb-2a3eedab6daa,4,6300.426555
2026/02/04/15:09:56,apply-time,rs-003551-nh6vk,632f5deb-a96d-4983-b80f-b40abeecb948,4,6300.426555
2026/02/04/15:09:56,running-time,rs-003551-nh6vk,632f5deb-a96d-4983-b80f-b40abeecb948,4,6300.426555
2026/02/04/15:09:56,apply-time,rs-003552-6n68w,82c03801-da53-4102-8ef9-6cacfc419f13,3,6300.426555
2026/02/04/15:09:56,apply-time,rs-003552-gjkwf,52be1be6-a114-49ea-b0a3-c196866249ec,3,6300.426555
2026/02/04/15:09:56,apply-time,rs-003553-7s9r7,c98629b6-7653-428a-886e-8c6f26afcf26,2,6300.426555
2026/02/04/15:09:56,apply-time,rs-003553-kl8np,75fc991a-ccb5-4db6-9a1d-376b66f19f07,2,6300.426555
2026/02/04/15:09:57,running-time,rs-003553-7s9r7,c98629b6-7653-428a-886e-8c6f26afcf26,2,6301.426555
2026/02/04/15:09:57,running-time,rs-003553-kl8np,75fc991a-ccb5-4db6-9a1d-376b66f19f07,2,6301.426555
2026/02/04/15:09:57,apply-time,rs-003554-47226,63da3bbb-3398-4682-a410-24c29afeb100,2,6301.426555
2026/02/04/15:09:57,apply-time,rs-003554-b6j9w,a4fcc6e1-eb25-472a-8c5f-b966b80829a3,2,6301.426555
2026/02/04/15:09:57,running-time,rs-003554-b6j9w,a4fcc6e1-eb25-472a-8c5f-b966b80829a3,2,6301.426555
2026/02/04/15:09:57,apply-time,rs-003554-nk5gk,1a8a895b-ac18-4e45-a4fc-8d8fc8612b6a,2,6301.426555
2026/02/04/15:09:57,apply-time,rs-003555-fct6l,9843a4e4-9b96-47b9-af47-1971345235c9,2,6301.426555
2026/02/04/15:09:58,apply-time,rs-001020-zk96q,a2fb51dc-1e3c-4f28-aeee-c83bdfeec33d,1,6302.426555
2026/02/04/15:09:58,apply-time,rs-003114-twxtq,40eff8a9-4323-4b38-9d3b-47e7953f5a40,1,6302.426555
2026/02/04/15:09:58,apply-time,rs-003336-jvv99,ecb80486-31e8-4a8e-bed9-542d6ad1748b,1,6302.426555
2026/02/04/15:09:58,running-time,rs-003530-5kx95,1e59aa3e-cc0f-45ef-b62a-6371cb2b43c6,1,6302.426555
2026/02/04/15:09:58,apply-time,rs-003555-kdcq5,05773a6c-5dfd-4812-a68c-14643e575523,2,6302.426555
2026/02/04/15:09:58,apply-time,rs-003555-lrs66,c9c36599-ecbf-4e6c-8067-961963090956,2,6301.426555
2026/02/04/15:09:59,running-time,rs-003336-jvv99,ecb80486-31e8-4a8e-bed9-542d6ad1748b,1,6303.426555
2026/02/04/15:10:02,running-time,rs-003552-6n68w,82c03801-da53-4102-8ef9-6cacfc419f13,3,6306.426555
2026/02/04/15:10:02,running-time,rs-003552-gjkwf,52be1be6-a114-49ea-b0a3-c196866249ec,3,6306.426555
2026/02/04/15:10:02,running-time,rs-003554-47226,63da3bbb-3398-4682-a410-24c29afeb100,2,6306.426555
2026/02/04/15:10:02,running-time,rs-003554-nk5gk,1a8a895b-ac18-4e45-a4fc-8d8fc8612b6a,2,6306.426555
2026/02/04/15:10:02,running-time,rs-003555-fct6l,9843a4e4-9b96-47b9-af47-1971345235c9,2,6306.426555
2026/02/04/15:10:02,running-time,rs-003555-kdcq5,05773a6c-5dfd-4812-a68c-14643e575523,2,6306.426555
2026/02/04/15:10:02,running-time,rs-003555-lrs66,c9c36599-ecbf-4e6c-8067-961963090956,2,6306.426555
2026/02/04/15:10:02,apply-time,rs-003556-4gh5r,c3d0b58e-969b-421a-a720-aa19f8f99d56,1,6306.426555
2026/02/04/15:10:02,running-time,rs-003556-4gh5r,c3d0b58e-969b-421a-a720-aa19f8f99d56,1,6306.426555
2026/02/04/15:10:02,apply-time,rs-003556-6rb6d,ae6430ef-6706-4653-bf75-145d0c496acc,1,6306.426555
2026/02/04/15:10:02,running-time,rs-003556-6rb6d,ae6430ef-6706-4653-bf75-145d0c496acc,1,6306.426555
2026/02/04/15:10:02,apply-time,rs-003556-dzwng,04900808-3848-4bc0-8caf-1de94733a59f,1,6306.426555
2026/02/04/15:10:02,apply-time,rs-003557-gkmpl,3001fe30-375c-4873-a8ec-09678ddc8459,3,6306.426555
2026/02/04/15:10:02,apply-time,rs-003557-hllxl,53fffde3-8335-4a4c-971a-a7b03129366b,3,6306.426555
2026/02/04/15:10:02,running-time,rs-003557-hllxl,53fffde3-8335-4a4c-971a-a7b03129366b,3,6306.426555
2026/02/04/15:10:02,apply-time,rs-003558-tngfk,758228b2-acc4-42b4-b7a3-3799695796b5,4,6306.426555
2026/02/04/15:10:02,running-time,rs-003558-tngfk,758228b2-acc4-42b4-b7a3-3799695796b5,4,6306.426555
2026/02/04/15:10:02,apply-time,rs-003559-tqft6,4353d7e7-721e-4586-9305-8e1423bcb9f3,4,6306.426555
2026/02/04/15:10:02,apply-time,rs-003559-vl2g8,c58825fb-7a7c-4aee-896f-1e009575c4ce,4,6306.426555
2026/02/04/15:10:02,running-time,rs-003559-vl2g8,c58825fb-7a7c-4aee-896f-1e009575c4ce,4,6306.426555
2026/02/04/15:10:02,apply-time,rs-003560-h5xnk,f0c3107a-0934-49d5-bb76-f6d42fba6e63,3,6306.426555
2026/02/04/15:10:02,apply-time,rs-003560-qx8px,a9357a67-1883-45c1-881d-5861b751e40c,3,6306.426555
2026/02/04/15:10:02,apply-time,rs-003560-z2mjn,a2d3ad4c-31f8-403c-8dda-c1a15b0ce76d,3,6306.426555
2026/02/04/15:10:03,running-time,rs-003556-dzwng,04900808-3848-4bc0-8caf-1de94733a59f,1,6307.426555
2026/02/04/15:10:04,running-time,rs-003559-tqft6,4353d7e7-721e-4586-9305-8e1423bcb9f3,4,6308.426555
2026/02/04/15:10:05,running-time,rs-003557-gkmpl,3001fe30-375c-4873-a8ec-09678ddc8459,3,6309.426555
2026/02/04/15:10:05,running-time,rs-003560-z2mjn,a2d3ad4c-31f8-403c-8dda-c1a15b0ce76d,3,6309.426555
2026/02/04/15:10:07,running-time,rs-003560-h5xnk,f0c3107a-0934-49d5-bb76-f6d42fba6e63,3,6311.426555
2026/02/04/15:10:07,running-time,rs-003560-qx8px,a9357a67-1883-45c1-881d-5861b751e40c,3,6311.426555
2026/02/04/15:10:10,running-time,rs-003114-twxtq,40eff8a9-4323-4b38-9d3b-47e7953f5a40,1,6314.426555
2026/02/04/15:10:14,running-time,rs-001020-zk96q,a2fb51dc-1e3c-4f28-aeee-c83bdfeec33d,1,6318.426555
2026/02/04/15:10:30,apply-time,rs-003561-jm26b,d69f635f-fac0-446e-8648-b4109911a7d0,4,6334.426555
2026/02/04/15:10:30,running-time,rs-003561-jm26b,d69f635f-fac0-446e-8648-b4109911a7d0,4,6334.426555
2026/02/04/15:10:30,apply-time,rs-003561-rh9bt,fb15042b-2ad1-4bf0-9139-dc641d081263,4,6334.426555
2026/02/04/15:10:30,running-time,rs-003561-rh9bt,fb15042b-2ad1-4bf0-9139-dc641d081263,4,6334.426555
2026/02/04/15:10:30,apply-time,rs-003561-tb4np,f003e91c-6843-44f9-8221-5942a6b4bedf,4,6334.426555
2026/02/04/15:10:30,running-time,rs-003561-tb4np,f003e91c-6843-44f9-8221-5942a6b4bedf,4,6334.426555
2026/02/04/15:10:34,apply-time,rs-003562-657kr,75ed3db8-9947-47d7-8501-ebc9e0d4ccec,4,6338.426555
2026/02/04/15:10:34,running-time,rs-003562-657kr,75ed3db8-9947-47d7-8501-ebc9e0d4ccec,4,6338.426555
2026/02/04/15:10:34,apply-time,rs-003562-gvcvr,cbe23c26-8083-4e56-abfa-c22c4212db07,4,6338.426555
2026/02/04/15:10:34,running-time,rs-003562-gvcvr,cbe23c26-8083-4e56-abfa-c22c4212db07,4,6338.426555
2026/02/04/15:10:34,apply-time,rs-003562-s5mlk,f45f2cdf-e808-4213-96e1-c7dc75ec4ba2,4,6338.426555
2026/02/04/15:10:34,running-time,rs-003562-s5mlk,f45f2cdf-e808-4213-96e1-c7dc75ec4ba2,4,6338.426555
2026/02/04/15:10:34,apply-time,rs-003563-wrdwk,3bb87a72-85ac-4c07-8e73-c8defdb6f084,2,6338.426555
2026/02/04/15:10:34,running-time,rs-003563-wrdwk,3bb87a72-85ac-4c07-8e73-c8defdb6f084,2,6338.426555
2026/02/04/15:10:34,apply-time,rs-003564-qhcxq,d17ad654-9c48-4b89-9774-6ad64df06423,1,6338.426555
2026/02/04/15:10:34,running-time,rs-003564-qhcxq,d17ad654-9c48-4b89-9774-6ad64df06423,1,6338.426555
2026/02/04/15:10:34,apply-time,rs-003565-7splr,b10af58f-175c-49b4-ba68-fe619e31b19e,2,6338.426555
2026/02/04/15:10:34,running-time,rs-003565-7splr,b10af58f-175c-49b4-ba68-fe619e31b19e,2,6338.426555
2026/02/04/15:10:34,apply-time,rs-003566-4hkmv,e6eebf8b-273d-49c7-a40e-1b5b6aef97a1,4,6338.426555
2026/02/04/15:10:34,apply-time,rs-003567-l8rbx,b5a2b90b-dba7-40b4-9a36-903100c1a493,3,6338.426555
2026/02/04/15:10:34,running-time,rs-003567-l8rbx,b5a2b90b-dba7-40b4-9a36-903100c1a493,3,6338.426555
2026/02/04/15:10:34,apply-time,rs-003568-8ldfj,46e655c0-e735-4ab2-8df7-fa5bb0ba7ef8,4,6338.426555
2026/02/04/15:10:34,running-time,rs-003568-8ldfj,46e655c0-e735-4ab2-8df7-fa5bb0ba7ef8,4,6338.426555
2026/02/04/15:10:34,apply-time,rs-003568-9xxb5,1d857bca-e974-4ec3-8da2-6f46918da141,4,6338.426555
2026/02/04/15:10:34,running-time,rs-003568-9xxb5,1d857bca-e974-4ec3-8da2-6f46918da141,4,6338.426555
2026/02/04/15:10:34,apply-time,rs-003568-zsm9w,82845cb5-7d1c-42cb-af53-5cca8adb3b24,4,6338.426555
2026/02/04/15:10:34,running-time,rs-003568-zsm9w,82845cb5-7d1c-42cb-af53-5cca8adb3b24,4,6338.426555
2026/02/04/15:10:34,apply-time,rs-003569-5p9tq,463e9456-1318-45ea-8774-cccf95b1da6c,2,6338.426555
2026/02/04/15:10:34,running-time,rs-003569-5p9tq,463e9456-1318-45ea-8774-cccf95b1da6c,2,6338.426555
2026/02/04/15:10:34,apply-time,rs-003569-bffml,d06f7b97-f099-406b-9fbf-3d518c22f869,2,6338.426555
2026/02/04/15:10:34,running-time,rs-003569-bffml,d06f7b97-f099-406b-9fbf-3d518c22f869,2,6338.426555
2026/02/04/15:10:34,apply-time,rs-003569-s5nhc,406e36aa-f1f4-41ed-8f4a-50f00ec77049,2,6338.426555
2026/02/04/15:10:34,running-time,rs-003569-s5nhc,406e36aa-f1f4-41ed-8f4a-50f00ec77049,2,6338.426555
2026/02/04/15:10:34,apply-time,rs-003570-qt997,66a54bd6-4635-46b8-9c0f-496de9e352fc,1,6338.426555
2026/02/04/15:10:34,running-time,rs-003570-qt997,66a54bd6-4635-46b8-9c0f-496de9e352fc,1,6338.426555
2026/02/04/15:10:34,apply-time,rs-003571-wd7fv,32f50257-0cff-4324-88aa-ff8f5605d21b,3,6338.426555
2026/02/04/15:10:34,running-time,rs-003571-wd7fv,32f50257-0cff-4324-88aa-ff8f5605d21b,3,6338.426555
2026/02/04/15:10:35,apply-time,rs-003567-vvmf5,89d178d4-3f09-414b-9315-918727b241cd,3,6339.426555
2026/02/04/15:10:35,running-time,rs-003567-vvmf5,89d178d4-3f09-414b-9315-918727b241cd,3,6339.426555
2026/02/04/15:10:35,apply-time,rs-003570-6ptnz,a482af4b-9293-410a-9aa6-c50bb3ecc995,1,6339.426555
2026/02/04/15:10:35,apply-time,rs-003570-zhtfb,6ed1a239-1461-4fa3-8d5c-a9495fed6a19,1,6339.426555
2026/02/04/15:10:35,running-time,rs-003570-zhtfb,6ed1a239-1461-4fa3-8d5c-a9495fed6a19,1,6339.426555
2026/02/04/15:10:35,apply-time,rs-003572-jp8s8,065ccaa1-98b5-44a7-9bbb-3f1318c52209,2,6339.426555
2026/02/04/15:10:35,apply-time,rs-003573-vc28l,aab75174-bb10-4be6-8592-1479b291f621,4,6339.426555
2026/02/04/15:10:35,running-time,rs-003573-vc28l,aab75174-bb10-4be6-8592-1479b291f621,4,6339.426555
2026/02/04/15:10:35,apply-time,rs-003573-z2nlg,e4744eed-797d-41cf-b417-669aebafe11f,4,6339.426555
2026/02/04/15:10:35,running-time,rs-003573-z2nlg,e4744eed-797d-41cf-b417-669aebafe11f,4,6339.426555
2026/02/04/15:10:35,apply-time,rs-003574-7tjgs,973bf2db-8ef6-4146-9d79-d6072dca0d85,3,6339.426555
2026/02/04/15:10:35,apply-time,rs-003574-cjs4n,188fe0d3-34bc-47a2-84f4-f71cfa62e1d4,3,6339.426555
2026/02/04/15:10:35,running-time,rs-003574-cjs4n,188fe0d3-34bc-47a2-84f4-f71cfa62e1d4,3,6339.426555
2026/02/04/15:10:35,apply-time,rs-003575-dgdwg,9fd75faf-e0e6-4c01-9389-0cfef23f71a8,2,6339.426555
2026/02/04/15:10:35,apply-time,rs-003576-zjffn,cbc42813-ffb5-43b3-be18-a0e11d2992fc,2,6339.426555
2026/02/04/15:10:35,running-time,rs-003576-zjffn,cbc42813-ffb5-43b3-be18-a0e11d2992fc,2,6339.426555
2026/02/04/15:10:36,running-time,rs-003574-7tjgs,973bf2db-8ef6-4146-9d79-d6072dca0d85,3,6340.426555
2026/02/04/15:10:36,running-time,rs-003575-dgdwg,9fd75faf-e0e6-4c01-9389-0cfef23f71a8,2,6340.426555
2026/02/04/15:10:36,apply-time,rs-003576-h96z9,d671a7a0-8209-4575-befc-366ce5ce440c,2,6340.426555
2026/02/04/15:10:36,running-time,rs-003576-h96z9,d671a7a0-8209-4575-befc-366ce5ce440c,2,6340.426555
2026/02/04/15:10:36,apply-time,rs-003576-hggqz,c99abadc-f655-4efb-aec6-c0d81b35b168,2,6340.426555
2026/02/04/15:10:36,running-time,rs-003576-hggqz,c99abadc-f655-4efb-aec6-c0d81b35b168,2,6340.426555
2026/02/04/15:10:37,running-time,rs-003566-4hkmv,e6eebf8b-273d-49c7-a40e-1b5b6aef97a1,4,6341.426555
2026/02/04/15:10:37,apply-time,rs-003577-6h4dm,d7cbd508-9539-42e6-b17a-1f283aa30035,1,6341.426555
2026/02/04/15:10:37,apply-time,rs-003577-6tdkv,51a7b727-2356-44cf-ba7b-61cf893df47a,1,6341.426555
2026/02/04/15:10:37,running-time,rs-003577-6tdkv,51a7b727-2356-44cf-ba7b-61cf893df47a,1,6341.426555
2026/02/04/15:10:37,apply-time,rs-003577-zw6m5,59cfd6ab-b695-4467-a174-20001e18471c,1,6341.426555
2026/02/04/15:10:39,apply-time,rs-003578-wcvfv,53e2bd10-0251-4cf6-9971-0d864718c22d,3,6343.426555
2026/02/04/15:10:39,running-time,rs-003578-wcvfv,53e2bd10-0251-4cf6-9971-0d864718c22d,3,6343.426555
2026/02/04/15:10:39,apply-time,rs-003578-xw8nt,d08d3fb2-9576-4956-abcf-f79af7cdd896,3,6343.426555
2026/02/04/15:10:39,apply-time,rs-003579-zpc9s,f857893b-9231-414c-b5f7-78c694ca43d8,1,6343.426555
2026/02/04/15:10:39,running-time,rs-003579-zpc9s,f857893b-9231-414c-b5f7-78c694ca43d8,1,6343.426555
2026/02/04/15:10:40,running-time,rs-003578-xw8nt,d08d3fb2-9576-4956-abcf-f79af7cdd896,3,6344.426555
2026/02/04/15:10:40,apply-time,rs-003580-9g4vq,9407d1c7-fe7f-4735-acd3-fd06d2adbc68,1,6344.426555
2026/02/04/15:10:40,running-time,rs-003580-9g4vq,9407d1c7-fe7f-4735-acd3-fd06d2adbc68,1,6344.426555
2026/02/04/15:10:40,apply-time,rs-003580-bcsxg,a42507ae-27d6-428e-b188-7f54f8646efc,1,6344.426555
2026/02/04/15:10:40,apply-time,rs-003580-z6mpw,c90b05ee-bfcf-4e33-8096-a67a5b7e950f,1,6344.426555
2026/02/04/15:10:40,running-time,rs-003580-z6mpw,c90b05ee-bfcf-4e33-8096-a67a5b7e950f,1,6344.426555
2026/02/04/15:10:41,running-time,rs-003580-bcsxg,a42507ae-27d6-428e-b188-7f54f8646efc,1,6345.426555
2026/02/04/15:10:58,apply-time,rs-003581-9g6kl,9113a9ea-8470-4e1f-932c-3222cf07228f,2,6362.426555
2026/02/04/15:10:58,running-time,rs-003581-9g6kl,9113a9ea-8470-4e1f-932c-3222cf07228f,2,6362.426555
2026/02/04/15:10:58,apply-time,rs-003581-rfpmw,04689de8-bed0-4692-9a86-2463aa7de911,2,6362.426555
2026/02/04/15:10:58,running-time,rs-003581-rfpmw,04689de8-bed0-4692-9a86-2463aa7de911,2,6362.426555
2026/02/04/15:11:06,apply-time,rs-003582-l6x78,73e345ba-9d92-44b7-a854-36335cc0f57f,2,6370.426555
2026/02/04/15:11:06,running-time,rs-003582-l6x78,73e345ba-9d92-44b7-a854-36335cc0f57f,2,6370.426555
2026/02/04/15:11:06,apply-time,rs-003582-qnfqm,497d4d18-7383-45a8-9e1c-dbd3935ceb25,2,6370.426555
2026/02/04/15:11:06,running-time,rs-003582-qnfqm,497d4d18-7383-45a8-9e1c-dbd3935ceb25,2,6370.426555
2026/02/04/15:11:06,apply-time,rs-003583-5p9qn,246eea75-0e72-462d-b6c8-37a9d254a079,3,6370.426555
2026/02/04/15:11:06,running-time,rs-003583-5p9qn,246eea75-0e72-462d-b6c8-37a9d254a079,3,6370.426555
2026/02/04/15:11:06,apply-time,rs-003583-6hcbl,fe07f393-39a4-4f75-94a9-cf948cb5b4b7,3,6370.426555
2026/02/04/15:11:06,running-time,rs-003583-6hcbl,fe07f393-39a4-4f75-94a9-cf948cb5b4b7,3,6370.426555
2026/02/04/15:11:06,apply-time,rs-003583-ckw7m,5556c405-6847-46c2-98e4-421abdc28570,3,6370.426555
2026/02/04/15:11:06,running-time,rs-003583-ckw7m,5556c405-6847-46c2-98e4-421abdc28570,3,6370.426555
2026/02/04/15:11:06,apply-time,rs-003584-dz4kl,0eada196-a41b-4104-9056-50009ba8b78b,2,6370.426555
2026/02/04/15:11:06,running-time,rs-003584-dz4kl,0eada196-a41b-4104-9056-50009ba8b78b,2,6370.426555
2026/02/04/15:11:06,apply-time,rs-003585-lzx49,d24a4151-54f6-4cfe-8776-e91d612e8e8f,3,6370.426555
2026/02/04/15:11:06,running-time,rs-003585-lzx49,d24a4151-54f6-4cfe-8776-e91d612e8e8f,3,6370.426555
2026/02/04/15:11:06,apply-time,rs-003586-cq67v,57039949-2482-494a-a303-8561434b674c,4,6370.426555
2026/02/04/15:11:08,running-time,rs-003586-cq67v,57039949-2482-494a-a303-8561434b674c,4,6372.426555
2026/02/04/15:11:09,apply-time,rs-003587-dn4jg,f5b703f2-91f4-42bd-82e6-97054084f7c5,3,6373.426555
2026/02/04/15:11:09,running-time,rs-003587-dn4jg,f5b703f2-91f4-42bd-82e6-97054084f7c5,3,6373.426555
2026/02/04/15:11:09,apply-time,rs-003588-p6wws,28d2df2b-0375-4ba2-b381-a353a4367d12,4,6373.426555
2026/02/04/15:11:09,running-time,rs-003588-p6wws,28d2df2b-0375-4ba2-b381-a353a4367d12,4,6373.426555
2026/02/04/15:11:09,apply-time,rs-003589-6nxv2,a1b27a22-4031-4210-8c43-b466677bf589,1,6373.426555
2026/02/04/15:11:09,running-time,rs-003589-6nxv2,a1b27a22-4031-4210-8c43-b466677bf589,1,6373.426555
2026/02/04/15:11:13,apply-time,rs-003590-mq2bg,8fab9616-aa45-49a1-a567-6da4d2303ddb,2,6377.426555
2026/02/04/15:11:13,running-time,rs-003590-mq2bg,8fab9616-aa45-49a1-a567-6da4d2303ddb,2,6377.426555
2026/02/04/15:11:14,apply-time,rs-003591-5lvkz,88eb66c5-4ba7-4a9c-b54b-875704b6786c,1,6378.426555
2026/02/04/15:11:14,running-time,rs-003591-5lvkz,88eb66c5-4ba7-4a9c-b54b-875704b6786c,1,6378.426555
2026/02/04/15:11:14,apply-time,rs-003591-pbv7q,ad8849b3-1aae-4a11-b028-35fe4b30572c,1,6378.426555
2026/02/04/15:11:14,running-time,rs-003591-pbv7q,ad8849b3-1aae-4a11-b028-35fe4b30572c,1,6378.426555
2026/02/04/15:11:14,apply-time,rs-003592-c2m5m,9ca26ea9-5ce5-4c30-97ac-956f36aa8faa,1,6378.426555
2026/02/04/15:11:14,running-time,rs-003592-c2m5m,9ca26ea9-5ce5-4c30-97ac-956f36aa8faa,1,6378.426555
2026/02/04/15:11:14,apply-time,rs-003593-kgvpx,ed3c364c-d842-42ca-a80d-28b5f3ea875b,4,6379.426555
2026/02/04/15:11:14,running-time,rs-003593-kgvpx,ed3c364c-d842-42ca-a80d-28b5f3ea875b,4,6379.426555
2026/02/04/15:11:14,apply-time,rs-003594-nzwx7,37860ced-55b5-4902-8394-dbf2ac297e44,2,6379.426555
2026/02/04/15:11:14,running-time,rs-003594-nzwx7,37860ced-55b5-4902-8394-dbf2ac297e44,2,6379.426555
2026/02/04/15:11:14,apply-time,rs-003594-wz2wf,bdd8229f-1545-46c1-96df-d223ca665614,2,6379.426555
2026/02/04/15:11:14,running-time,rs-003594-wz2wf,bdd8229f-1545-46c1-96df-d223ca665614,2,6379.426555
2026/02/04/15:11:14,apply-time,rs-003595-8xq7j,8b9e6447-cc89-46fd-9a33-9dfd00a8b262,1,6379.426555
2026/02/04/15:11:14,apply-time,rs-003595-bglwz,18122062-5831-4544-b621-f8906b350d4e,1,6379.426555
2026/02/04/15:11:14,running-time,rs-003595-bglwz,18122062-5831-4544-b621-f8906b350d4e,1,6379.426555
2026/02/04/15:11:14,apply-time,rs-003595-g29tr,e114649b-2213-4bf0-bf6a-8414d53ea0eb,1,6379.426555
2026/02/04/15:11:14,running-time,rs-003595-g29tr,e114649b-2213-4bf0-bf6a-8414d53ea0eb,1,6379.426555
2026/02/04/15:11:15,apply-time,rs-003596-66mgx,426d5439-5300-46f6-9480-45b53b08751e,2,6379.426555
2026/02/04/15:11:15,running-time,rs-003596-66mgx,426d5439-5300-46f6-9480-45b53b08751e,2,6379.426555
2026/02/04/15:11:15,apply-time,rs-003596-wl8st,aff5861d-9a57-4915-845c-8a1fa0990068,2,6379.426555
2026/02/04/15:11:15,running-time,rs-003596-wl8st,aff5861d-9a57-4915-845c-8a1fa0990068,2,6379.426555
2026/02/04/15:11:24,apply-time,rs-003597-8nz9z,10801507-0ae1-40bb-b5e8-a310fd52134d,3,6388.426555
2026/02/04/15:11:24,apply-time,rs-003597-kh87k,f26e5897-ac94-42bd-a711-f7e9ce54c7b3,3,6388.426555
2026/02/04/15:11:26,apply-time,rs-003598-6chtc,17ae6e39-1a55-43c7-bf74-d826edf867ca,1,6390.426555
2026/02/04/15:11:26,running-time,rs-003598-6chtc,17ae6e39-1a55-43c7-bf74-d826edf867ca,1,6390.426555
2026/02/04/15:11:26,apply-time,rs-003598-x24ph,2cbb78b1-c096-4178-a941-ab816477953e,1,6390.426555
2026/02/04/15:11:26,running-time,rs-003598-x24ph,2cbb78b1-c096-4178-a941-ab816477953e,1,6390.426555
2026/02/04/15:11:26,apply-time,rs-003599-spl5v,6cd62033-efa8-4188-845a-bdd3ba7a691e,4,6390.426555
2026/02/04/15:11:26,apply-time,rs-003600-69fmx,e68c449a-34d5-4e37-bc16-fd6f00c4609e,2,6390.426555
2026/02/04/15:11:26,running-time,rs-003600-69fmx,e68c449a-34d5-4e37-bc16-fd6f00c4609e,2,6390.426555
2026/02/04/15:11:26,apply-time,rs-003600-97jmb,5025228d-e8ba-477b-8db5-2b05c1862b94,2,6390.426555
2026/02/04/15:11:26,running-time,rs-003600-97jmb,5025228d-e8ba-477b-8db5-2b05c1862b94,2,6390.426555
2026/02/04/15:11:26,apply-time,rs-003600-9xvnb,a2b39041-d1bb-45f4-bc14-7c695a542a7f,2,6390.426555
2026/02/04/15:11:26,running-time,rs-003600-9xvnb,a2b39041-d1bb-45f4-bc14-7c695a542a7f,2,6390.426555
2026/02/04/15:11:26,apply-time,rs-003601-fjr56,b3642723-1d41-45c6-863c-5bfba775dd84,2,6390.426555
2026/02/04/15:11:26,running-time,rs-003601-fjr56,b3642723-1d41-45c6-863c-5bfba775dd84,2,6390.426555
2026/02/04/15:11:26,apply-time,rs-003602-lvrx7,4eda2539-c652-4316-8177-ca8ec25e6c54,1,6390.426555
2026/02/04/15:11:26,running-time,rs-003602-lvrx7,4eda2539-c652-4316-8177-ca8ec25e6c54,1,6390.426555
2026/02/04/15:11:26,apply-time,rs-003602-sg9pc,a661e9ad-a503-4337-a110-ece5a97f0e78,1,6390.426555
2026/02/04/15:11:26,running-time,rs-003602-sg9pc,a661e9ad-a503-4337-a110-ece5a97f0e78,1,6390.426555
2026/02/04/15:11:26,apply-time,rs-003603-88f6x,b407b15c-aee7-4a6d-aa89-428cd42eb5cb,3,6391.426555
2026/02/04/15:11:26,apply-time,rs-003603-w95mr,4d5ac766-55e5-41b8-9d19-15e92fa70970,3,6390.426555
2026/02/04/15:11:26,apply-time,rs-003604-pkdqg,a0b88ba9-0880-4a7d-832f-7889877e6bb7,2,6390.426555
2026/02/04/15:11:26,running-time,rs-003604-pkdqg,a0b88ba9-0880-4a7d-832f-7889877e6bb7,2,6390.426555
2026/02/04/15:11:26,apply-time,rs-003605-ztgpc,c17c5a57-c723-41b3-ad71-9ac91613778a,2,6390.426555
2026/02/04/15:11:26,running-time,rs-003605-ztgpc,c17c5a57-c723-41b3-ad71-9ac91613778a,2,6390.426555
2026/02/04/15:11:27,apply-time,rs-003603-brds5,8d9c699a-dd63-4502-8816-712c7bef4efa,3,6391.426555
2026/02/04/15:11:27,apply-time,rs-003604-6cnb6,4528aad1-110d-4fc1-9dd7-5a3ef2262d0f,2,6391.426555
2026/02/04/15:11:27,running-time,rs-003604-6cnb6,4528aad1-110d-4fc1-9dd7-5a3ef2262d0f,2,6391.426555
2026/02/04/15:11:27,apply-time,rs-003604-c5phl,ebec1fb6-f39f-48c1-acb2-9e24ac7d2155,2,6391.426555
2026/02/04/15:11:27,running-time,rs-003604-c5phl,ebec1fb6-f39f-48c1-acb2-9e24ac7d2155,2,6391.426555
2026/02/04/15:11:27,apply-time,rs-003605-5n49s,9b32cbc6-50dc-49d4-a0ed-01d29c0d147b,2,6391.426555
2026/02/04/15:11:27,running-time,rs-003605-5n49s,9b32cbc6-50dc-49d4-a0ed-01d29c0d147b,2,6391.426555
2026/02/04/15:11:27,apply-time,rs-003605-fmjqx,164bf41d-ff21-4f2a-9a6a-8b7c08c31106,2,6391.426555
2026/02/04/15:11:27,running-time,rs-003605-fmjqx,164bf41d-ff21-4f2a-9a6a-8b7c08c31106,2,6391.426555
2026/02/04/15:11:27,apply-time,rs-003606-26bk8,cc9c5f37-2eaa-4d4c-8ab7-4d0b1ab79544,1,6391.426555
2026/02/04/15:11:27,running-time,rs-003606-26bk8,cc9c5f37-2eaa-4d4c-8ab7-4d0b1ab79544,1,6391.426555
2026/02/04/15:11:27,apply-time,rs-003606-d566g,9647a55f-07d7-465e-9388-095a8b169284,1,6391.426555
2026/02/04/15:11:27,apply-time,rs-003606-sts7w,28fb15ff-03f8-4249-9ac4-b126ed2769b4,1,6391.426555
2026/02/04/15:11:27,apply-time,rs-003607-6hkn6,dd028cf4-d5bb-4052-aa72-80ef4b238992,2,6391.426555
2026/02/04/15:11:28,running-time,rs-003606-d566g,9647a55f-07d7-465e-9388-095a8b169284,1,6392.426555
2026/02/04/15:11:28,running-time,rs-003607-6hkn6,dd028cf4-d5bb-4052-aa72-80ef4b238992,2,6392.426555
2026/02/04/15:11:28,apply-time,rs-003607-8nq25,6dd929d1-9a02-48cc-8816-ac404757e841,2,6392.426555
2026/02/04/15:11:28,apply-time,rs-003607-chkk6,8feca376-33dd-4d5d-84e0-28f462a4a194,2,6392.426555
2026/02/04/15:11:29,running-time,rs-003607-8nq25,6dd929d1-9a02-48cc-8816-ac404757e841,2,6393.426555
2026/02/04/15:11:34,running-time,rs-003607-chkk6,8feca376-33dd-4d5d-84e0-28f462a4a194,2,6398.426555
2026/02/04/15:11:42,apply-time,rs-003608-b9fxx,d33424d3-bcd1-4bfb-a9eb-1e1c605319e9,2,6406.426555
2026/02/04/15:11:42,running-time,rs-003608-b9fxx,d33424d3-bcd1-4bfb-a9eb-1e1c605319e9,2,6406.426555
2026/02/04/15:11:42,apply-time,rs-003608-j64cc,ac971df9-5073-41f8-9d13-fd56ae4ae83f,2,6406.426555
2026/02/04/15:11:42,running-time,rs-003608-j64cc,ac971df9-5073-41f8-9d13-fd56ae4ae83f,2,6406.426555
2026/02/04/15:11:42,apply-time,rs-003608-s8284,20dcaedd-fd1c-403f-86fa-3fce4b7a25a3,2,6406.426555
2026/02/04/15:11:42,running-time,rs-003608-s8284,20dcaedd-fd1c-403f-86fa-3fce4b7a25a3,2,6406.426555
2026/02/04/15:11:43,apply-time,rs-003609-26hpb,44a99be4-a853-4d8d-97d5-06dc82d41ff9,4,6407.426555
2026/02/04/15:11:43,running-time,rs-003609-26hpb,44a99be4-a853-4d8d-97d5-06dc82d41ff9,4,6407.426555
2026/02/04/15:11:43,apply-time,rs-003609-wvfmf,df2469bb-92db-4887-8fc6-c74d9432299a,4,6407.426555
2026/02/04/15:11:43,running-time,rs-003609-wvfmf,df2469bb-92db-4887-8fc6-c74d9432299a,4,6407.426555
2026/02/04/15:11:43,apply-time,rs-003609-zl6wg,b20e6091-9a8d-410f-9181-585f106c4709,4,6407.426555
2026/02/04/15:11:43,running-time,rs-003609-zl6wg,b20e6091-9a8d-410f-9181-585f106c4709,4,6407.426555
2026/02/04/15:11:50,apply-time,rs-003610-nvf4p,20b77457-0147-410f-8545-2a49d41bba19,2,6414.426555
2026/02/04/15:11:50,running-time,rs-003610-nvf4p,20b77457-0147-410f-8545-2a49d41bba19,2,6414.426555
2026/02/04/15:11:50,apply-time,rs-003610-zsw87,d6bee0a9-482c-4e00-b86b-708734e158ce,2,6414.426555
2026/02/04/15:11:50,running-time,rs-003610-zsw87,d6bee0a9-482c-4e00-b86b-708734e158ce,2,6414.426555
2026/02/04/15:11:52,apply-time,rs-003611-c4xwk,0832a60e-8651-4cfe-b333-2568f1c20130,3,6416.426555
2026/02/04/15:11:52,apply-time,rs-003611-dck6f,2ec0323d-a9d5-40de-96e0-7eae9ef495c6,3,6416.426555
2026/02/04/15:11:52,running-time,rs-003611-dck6f,2ec0323d-a9d5-40de-96e0-7eae9ef495c6,3,6416.426555
2026/02/04/15:11:52,apply-time,rs-003611-q6xzq,7e59bfff-1f84-433f-8498-2a786e43fe56,3,6416.426555
2026/02/04/15:11:52,running-time,rs-003611-q6xzq,7e59bfff-1f84-433f-8498-2a786e43fe56,3,6416.426555
2026/02/04/15:11:52,apply-time,rs-003612-n7m4x,6bb4f859-e3d2-443b-999b-b79ddc074495,4,6416.426555
2026/02/04/15:11:52,running-time,rs-003612-n7m4x,6bb4f859-e3d2-443b-999b-b79ddc074495,4,6416.426555
2026/02/04/15:11:59,running-time,rs-003611-c4xwk,0832a60e-8651-4cfe-b333-2568f1c20130,3,6423.426555
2026/02/04/15:12:07,apply-time,rs-003613-kh69n,7f368dde-cf38-4024-93d1-b1dd409829d2,1,6431.426555
2026/02/04/15:12:07,running-time,rs-003613-kh69n,7f368dde-cf38-4024-93d1-b1dd409829d2,1,6431.426555
2026/02/04/15:12:07,apply-time,rs-003613-lp9x5,eef688ed-aa2d-4bd5-94b5-b49c1656b3a9,1,6431.426555
2026/02/04/15:12:07,running-time,rs-003613-lp9x5,eef688ed-aa2d-4bd5-94b5-b49c1656b3a9,1,6431.426555
2026/02/04/15:12:07,apply-time,rs-003614-zz9rs,24cfc352-6760-49c9-85d2-aece01d25fc8,1,6431.426555
2026/02/04/15:12:07,running-time,rs-003614-zz9rs,24cfc352-6760-49c9-85d2-aece01d25fc8,1,6431.426555
2026/02/04/15:12:11,apply-time,rs-003615-cxvrn,98690b34-1c24-4215-a2af-40d3d9369dc6,4,6436.426555
2026/02/04/15:12:11,running-time,rs-003615-cxvrn,98690b34-1c24-4215-a2af-40d3d9369dc6,4,6436.426555
2026/02/04/15:12:13,apply-time,rs-003616-828vd,60851950-6c46-40ad-8e88-dda500b64f38,1,6437.426555
2026/02/04/15:12:13,running-time,rs-003616-828vd,60851950-6c46-40ad-8e88-dda500b64f38,1,6437.426555
2026/02/04/15:12:13,apply-time,rs-003616-82dgq,738a23d8-5427-4086-93e4-0b6955927b6b,1,6437.426555
2026/02/04/15:12:13,running-time,rs-003616-82dgq,738a23d8-5427-4086-93e4-0b6955927b6b,1,6437.426555
2026/02/04/15:12:13,apply-time,rs-003616-qlbsq,a2047092-cc4f-41b3-8b49-44f17f0f2bcc,1,6437.426555
2026/02/04/15:12:13,running-time,rs-003616-qlbsq,a2047092-cc4f-41b3-8b49-44f17f0f2bcc,1,6437.426555
2026/02/04/15:12:13,apply-time,rs-003617-k6775,038e455c-3661-42b7-a675-447cb78bcb68,1,6437.426555
2026/02/04/15:12:13,running-time,rs-003617-k6775,038e455c-3661-42b7-a675-447cb78bcb68,1,6437.426555
2026/02/04/15:12:13,apply-time,rs-003617-nlrb4,f3a95cb0-3dea-4351-9cc8-0bb38ff59923,1,6437.426555
2026/02/04/15:12:13,running-time,rs-003617-nlrb4,f3a95cb0-3dea-4351-9cc8-0bb38ff59923,1,6437.426555
2026/02/04/15:12:13,apply-time,rs-003617-r9nhz,5c3251a1-94a0-4c20-9db5-3c191c60b401,1,6437.426555
2026/02/04/15:12:13,running-time,rs-003617-r9nhz,5c3251a1-94a0-4c20-9db5-3c191c60b401,1,6437.426555
2026/02/04/15:12:13,apply-time,rs-003618-2p57t,de69f039-790f-40c0-9c4e-4d83ec070583,1,6437.426555
2026/02/04/15:12:13,running-time,rs-003618-2p57t,de69f039-790f-40c0-9c4e-4d83ec070583,1,6437.426555
2026/02/04/15:12:13,apply-time,rs-003618-5hmmd,61e290a3-d65c-4880-85bb-1cfa33f73593,1,6437.426555
2026/02/04/15:12:13,running-time,rs-003618-5hmmd,61e290a3-d65c-4880-85bb-1cfa33f73593,1,6437.426555
2026/02/04/15:12:13,apply-time,rs-003618-nl8qk,712a895d-444a-4a13-84fd-08b686d21a69,1,6437.426555
2026/02/04/15:12:13,running-time,rs-003618-nl8qk,712a895d-444a-4a13-84fd-08b686d21a69,1,6437.426555
2026/02/04/15:12:13,apply-time,rs-003619-5fjmf,51398d9d-5f1c-4964-a241-3aa56d3dbaa8,2,6437.426555
2026/02/04/15:12:13,apply-time,rs-003619-d6fhd,cdcdc9a8-f250-4ecb-87d9-fd5e79c17d8e,2,6437.426555
2026/02/04/15:12:13,apply-time,rs-003619-hr47n,79c784c7-a377-4a45-80c9-1f5de8f6b31d,2,6437.426555
2026/02/04/15:12:14,apply-time,rs-003620-2jzw9,9e7b9857-c376-42b3-9541-8c02ed8d607d,1,6438.426555
2026/02/04/15:12:14,running-time,rs-003620-2jzw9,9e7b9857-c376-42b3-9541-8c02ed8d607d,1,6438.426555
2026/02/04/15:12:14,apply-time,rs-003620-dzp2g,7417ce02-6aa7-4379-9a02-839518e6c9db,1,6438.426555
2026/02/04/15:12:14,apply-time,rs-003620-q789g,58d0db32-4776-4ac0-ad6e-452bdb0ed307,1,6438.426555
2026/02/04/15:12:14,running-time,rs-003620-q789g,58d0db32-4776-4ac0-ad6e-452bdb0ed307,1,6438.426555
2026/02/04/15:12:14,apply-time,rs-003621-hf5dj,a2ca72bc-56d1-4714-99c9-8d5584676a3a,1,6438.426555
2026/02/04/15:12:14,apply-time,rs-003621-ppzxl,dbf5a828-602f-4e97-b389-e4d74fa19c0e,1,6438.426555
2026/02/04/15:12:14,apply-time,rs-003622-cn6qf,8afcee4a-a9ae-4660-b371-7c9bd3f93f03,1,6438.426555
2026/02/04/15:12:15,running-time,rs-003619-5fjmf,51398d9d-5f1c-4964-a241-3aa56d3dbaa8,2,6439.426555
2026/02/04/15:12:15,running-time,rs-003619-hr47n,79c784c7-a377-4a45-80c9-1f5de8f6b31d,2,6440.426555
2026/02/04/15:12:15,running-time,rs-003620-dzp2g,7417ce02-6aa7-4379-9a02-839518e6c9db,1,6439.426555
2026/02/04/15:12:15,running-time,rs-003621-hf5dj,a2ca72bc-56d1-4714-99c9-8d5584676a3a,1,6440.426555
2026/02/04/15:12:15,running-time,rs-003622-cn6qf,8afcee4a-a9ae-4660-b371-7c9bd3f93f03,1,6439.426555
2026/02/04/15:12:15,apply-time,rs-003623-7wlgw,24c7a926-2c5a-4664-b193-4ee19e447011,1,6439.426555
2026/02/04/15:12:36,apply-time,rs-003624-cnms9,0ef8d3d7-850e-4dd1-9a4f-e681d9310f9c,3,6459.426555
2026/02/04/15:12:36,running-time,rs-003624-cnms9,0ef8d3d7-850e-4dd1-9a4f-e681d9310f9c,3,6459.426555
2026/02/04/15:12:36,apply-time,rs-003624-d26m5,e12f2d15-24aa-46f3-9627-027717b26e16,3,6459.426555
2026/02/04/15:12:36,running-time,rs-003624-d26m5,e12f2d15-24aa-46f3-9627-027717b26e16,3,6459.426555
2026/02/04/15:12:37,apply-time,rs-003625-m52t7,dbe714d5-220e-4177-a9e9-b79ecfc56cab,2,6460.426555
2026/02/04/15:12:37,running-time,rs-003625-m52t7,dbe714d5-220e-4177-a9e9-b79ecfc56cab,2,6460.426555
2026/02/04/15:12:37,apply-time,rs-003626-j9c9z,16966809-7b2c-4afc-bb64-cea12e85b54b,2,6460.426555
2026/02/04/15:12:37,running-time,rs-003626-j9c9z,16966809-7b2c-4afc-bb64-cea12e85b54b,2,6460.426555
2026/02/04/15:12:37,apply-time,rs-003626-kmfmc,ad06f3d1-26bf-4622-86d4-c9a2feac8483,2,6460.426555
2026/02/04/15:12:37,running-time,rs-003626-kmfmc,ad06f3d1-26bf-4622-86d4-c9a2feac8483,2,6460.426555
2026/02/04/15:12:37,apply-time,rs-003626-s2zzk,a12d09c2-2758-4dda-9550-bcc5a7b8325d,2,6460.426555
2026/02/04/15:12:37,running-time,rs-003626-s2zzk,a12d09c2-2758-4dda-9550-bcc5a7b8325d,2,6460.426555
2026/02/04/15:12:45,apply-time,rs-003627-gbbm5,dcd207a3-6a7c-411f-8cf5-4997ae1f9d91,1,6469.426555
2026/02/04/15:12:45,running-time,rs-003627-gbbm5,dcd207a3-6a7c-411f-8cf5-4997ae1f9d91,1,6469.426555
2026/02/04/15:12:45,apply-time,rs-003628-858jq,a017e3a2-7fdd-456b-8e03-ed3aa3df5af0,1,6469.426555
2026/02/04/15:12:45,apply-time,rs-003628-bbkf2,091a7a3a-77d8-4218-9ff3-cd3a8b79e667,1,6469.426555
2026/02/04/15:12:45,apply-time,rs-003628-hmfjm,87f533f5-37cc-41bf-af13-4be02c3b8780,1,6469.426555
2026/02/04/15:12:45,apply-time,rs-003629-clnlq,bb845a10-f548-45b8-93fe-339c75a097b0,4,6469.426555
2026/02/04/15:12:45,apply-time,rs-003630-zw9f6,1bf9974b-059b-434c-a0fb-792981399505,2,6469.426555
2026/02/04/15:12:46,apply-time,rs-003631-lwl68,e976f661-e8c2-4e6e-89aa-2c0f49d0c0e7,3,6469.426555
2026/02/04/15:12:46,running-time,rs-003631-lwl68,e976f661-e8c2-4e6e-89aa-2c0f49d0c0e7,3,6469.426555
2026/02/04/15:12:46,apply-time,rs-003631-rggft,2d90e2cb-fae7-4c01-aba2-800468698f9c,3,6469.426555
2026/02/04/15:12:46,apply-time,rs-003632-j8jq6,6cecad42-9316-471d-8a87-7e370bbbf1af,1,6469.426555
2026/02/04/15:12:49,running-time,rs-003632-j8jq6,6cecad42-9316-471d-8a87-7e370bbbf1af,1,6472.426555
2026/02/04/15:12:57,apply-time,rs-003633-xmpmx,dcc0620e-0396-4feb-bdce-6b0131f2d89b,2,6480.426555
2026/02/04/15:12:57,running-time,rs-003633-xmpmx,dcc0620e-0396-4feb-bdce-6b0131f2d89b,2,6480.426555
2026/02/04/15:13:15,apply-time,rs-003634-65jvz,577300a5-81af-4feb-ad38-b86674266860,3,6499.426555
2026/02/04/15:13:15,running-time,rs-003634-65jvz,577300a5-81af-4feb-ad38-b86674266860,3,6499.426555
2026/02/04/15:13:15,apply-time,rs-003634-mf9cf,2688f03f-6611-4323-86ef-f4e497262d0f,3,6499.426555
2026/02/04/15:13:15,running-time,rs-003634-mf9cf,2688f03f-6611-4323-86ef-f4e497262d0f,3,6499.426555
2026/02/04/15:13:15,apply-time,rs-003635-4fn8k,25ea5461-d026-41ae-b24d-cfcc9a83e96c,2,6499.426555
2026/02/04/15:13:15,running-time,rs-003635-4fn8k,25ea5461-d026-41ae-b24d-cfcc9a83e96c,2,6499.426555
2026/02/04/15:13:15,apply-time,rs-003635-6x92h,804ade17-c077-4d7f-a3f4-2c393c3bac56,2,6499.426555
2026/02/04/15:13:15,running-time,rs-003635-6x92h,804ade17-c077-4d7f-a3f4-2c393c3bac56,2,6499.426555
2026/02/04/15:13:15,apply-time,rs-003635-9md2j,0525eb20-f0f0-43b5-bd53-05bc4c29fee8,2,6499.426555
2026/02/04/15:13:15,running-time,rs-003635-9md2j,0525eb20-f0f0-43b5-bd53-05bc4c29fee8,2,6499.426555
2026/02/04/15:13:15,apply-time,rs-003636-tbqqz,5ef550d5-47da-4511-a4fa-dcebbb49cd66,4,6499.426555
2026/02/04/15:13:15,running-time,rs-003636-tbqqz,5ef550d5-47da-4511-a4fa-dcebbb49cd66,4,6499.426555
2026/02/04/15:13:15,apply-time,rs-003637-v6n2b,b840a70d-d5fc-463f-b7f6-090f99368a95,2,6499.426555
2026/02/04/15:13:15,apply-time,rs-003637-vk999,c45ec806-a54b-4876-9a5a-f04963d0f552,2,6499.426555
2026/02/04/15:13:15,running-time,rs-003637-vk999,c45ec806-a54b-4876-9a5a-f04963d0f552,2,6499.426555
2026/02/04/15:13:15,apply-time,rs-003638-ttqwj,ec254ab8-47ce-476a-9252-6e6fc0c73507,2,6499.426555
2026/02/04/15:13:15,running-time,rs-003638-ttqwj,ec254ab8-47ce-476a-9252-6e6fc0c73507,2,6499.426555
2026/02/04/15:13:43,apply-time,rs-003639-9krnx,29cbc83d-1570-4af6-a0d1-f9d65114bc02,2,6526.426555
2026/02/04/15:13:43,apply-time,rs-003639-wckr8,7b2ec271-695f-4c0c-b148-dd45d1eb7c64,2,6526.426555
2026/02/04/15:13:43,running-time,rs-003639-wckr8,7b2ec271-695f-4c0c-b148-dd45d1eb7c64,2,6526.426555
2026/02/04/15:13:43,apply-time,rs-003640-67pkz,74589ba6-7138-4331-840d-c11ccb06a5b6,1,6526.426555
2026/02/04/15:13:43,running-time,rs-003640-67pkz,74589ba6-7138-4331-840d-c11ccb06a5b6,1,6526.426555
2026/02/04/15:13:43,apply-time,rs-003640-lvj5d,35e5fa7d-822a-4672-b647-ec4b8996d9b9,1,6526.426555
2026/02/04/15:13:43,running-time,rs-003640-lvj5d,35e5fa7d-822a-4672-b647-ec4b8996d9b9,1,6526.426555
2026/02/04/15:13:43,apply-time,rs-003641-8wgn9,c7d64248-34e6-423e-b3fb-fa5a71653ff3,3,6526.426555
2026/02/04/15:13:43,running-time,rs-003641-8wgn9,c7d64248-34e6-423e-b3fb-fa5a71653ff3,3,6526.426555
2026/02/04/15:13:43,apply-time,rs-003641-d6sn7,bfc2f7fd-1675-4892-80a0-b8ab179aeea8,3,6526.426555
2026/02/04/15:13:43,running-time,rs-003641-d6sn7,bfc2f7fd-1675-4892-80a0-b8ab179aeea8,3,6526.426555
2026/02/04/15:13:43,apply-time,rs-003641-gxcp7,47e344a4-0629-4c6e-a91a-ed5c5903835b,3,6526.426555
2026/02/04/15:13:43,running-time,rs-003641-gxcp7,47e344a4-0629-4c6e-a91a-ed5c5903835b,3,6526.426555
2026/02/04/15:13:43,apply-time,rs-003642-8w7wf,16b3af0c-5c31-4225-9bb2-632d0edc30e4,3,6527.426555
2026/02/04/15:13:43,apply-time,rs-003642-l47cm,64063600-b8e9-44dd-8878-6df91dffe4ef,3,6526.426555
2026/02/04/15:13:44,apply-time,rs-003643-55hk9,38a4ec76-65ca-4a9c-a560-6c658cd5b122,1,6527.426555
2026/02/04/15:13:44,apply-time,rs-003643-jd92t,d8f44a97-a85e-4961-8f02-13c078a43583,1,6527.426555
2026/02/04/15:13:44,apply-time,rs-003643-w9pvs,c2a779df-46e7-4616-b6b3-67dbc97dad31,1,6527.426555
2026/02/04/15:13:44,apply-time,rs-003644-x6gv9,c72d0b05-914f-4db5-ac06-3aa46c3f9f37,2,6527.426555
2026/02/04/15:13:44,running-time,rs-003644-x6gv9,c72d0b05-914f-4db5-ac06-3aa46c3f9f37,2,6527.426555
2026/02/04/15:13:44,apply-time,rs-003645-46l8g,c5551f6e-c708-4702-bad0-ceff1f8d7fa9,4,6527.426555
2026/02/04/15:13:44,running-time,rs-003645-46l8g,c5551f6e-c708-4702-bad0-ceff1f8d7fa9,4,6527.426555
2026/02/04/15:13:44,apply-time,rs-003645-7dc52,b40d79e6-60b5-4e1a-884a-a2a22f575fea,4,6527.426555
2026/02/04/15:13:44,running-time,rs-003645-7dc52,b40d79e6-60b5-4e1a-884a-a2a22f575fea,4,6527.426555
2026/02/04/15:13:44,apply-time,rs-003645-h7qt8,eeecdfe2-6118-4098-b068-19d6a66540f3,4,6527.426555
2026/02/04/15:13:47,running-time,rs-003645-h7qt8,eeecdfe2-6118-4098-b068-19d6a66540f3,4,6531.426555
2026/02/04/15:14:11,apply-time,rs-003646-st4ht,896f6e75-c9c0-4c2a-a6c4-c2ee95b9e383,3,6554.426555
2026/02/04/15:14:11,apply-time,rs-003647-c4cxg,5358fdb7-dbe6-4567-b6e0-f828d068a5b9,2,6554.426555
2026/02/04/15:14:11,apply-time,rs-003647-fsldh,c20a6b42-ebd4-4bdf-a4e7-bd374cf41035,2,6554.426555
2026/02/04/15:14:11,running-time,rs-003647-fsldh,c20a6b42-ebd4-4bdf-a4e7-bd374cf41035,2,6554.426555
2026/02/04/15:14:11,apply-time,rs-003648-26bsg,08a4a351-ef34-49d8-af28-efb067333d9f,3,6554.426555
2026/02/04/15:14:11,running-time,rs-003648-26bsg,08a4a351-ef34-49d8-af28-efb067333d9f,3,6554.426555
2026/02/04/15:14:11,apply-time,rs-003648-xk7dl,fc848135-b585-4556-939b-1cd6d1f444cc,3,6554.426555
2026/02/04/15:14:18,running-time,rs-003648-xk7dl,fc848135-b585-4556-939b-1cd6d1f444cc,3,6561.426555
2026/02/04/15:14:22,apply-time,rs-003649-rfqmf,f762b571-e8d0-494f-84da-e46aaa6147e1,1,6565.426555
2026/02/04/15:14:22,running-time,rs-003649-rfqmf,f762b571-e8d0-494f-84da-e46aaa6147e1,1,6565.426555
2026/02/04/15:14:22,apply-time,rs-003649-xvrv4,dd134e98-ca3a-411a-bf77-956ae12a1add,1,6565.426555
2026/02/04/15:14:22,running-time,rs-003649-xvrv4,dd134e98-ca3a-411a-bf77-956ae12a1add,1,6565.426555
2026/02/04/15:14:24,apply-time,rs-003650-ltr69,6c084881-7de9-4db8-9aa7-586cd06055b1,4,6567.426555
2026/02/04/15:14:24,apply-time,rs-003650-t7j4l,a65ea896-b2bf-46a6-a1ae-ab54b8c92f89,4,6567.426555
2026/02/04/15:14:24,apply-time,rs-003650-x6fkm,0450f97a-9b0a-4031-9a38-698ee43b52f5,4,6567.426555
2026/02/04/15:14:27,apply-time,rs-003651-v5dvc,1e55eef2-61bf-4bb8-84e7-efdaeb9df8ae,2,6570.426555
2026/02/04/15:14:27,apply-time,rs-003652-m9c8q,8ce895d1-256b-4d68-95bc-9e07f92d8cab,1,6570.426555
2026/02/04/15:14:27,running-time,rs-003652-m9c8q,8ce895d1-256b-4d68-95bc-9e07f92d8cab,1,6570.426555
2026/02/04/15:14:39,apply-time,rs-003653-6ztqn,c02ba251-6224-47a8-b81d-8f80d629f8fa,2,6582.426555
2026/02/04/15:14:39,apply-time,rs-003653-plfdx,6e80bcf0-8645-420b-b163-11e55122d17c,2,6582.426555
2026/02/04/15:14:39,running-time,rs-003653-plfdx,6e80bcf0-8645-420b-b163-11e55122d17c,2,6582.426555
2026/02/04/15:14:39,apply-time,rs-003653-xk2hb,997c20fc-4635-420b-b0ec-0c3bd875b118,2,6582.426555
2026/02/04/15:14:39,running-time,rs-003653-xk2hb,997c20fc-4635-420b-b0ec-0c3bd875b118,2,6582.426555
2026/02/04/15:14:39,apply-time,rs-003654-kb7sq,a7554ca5-0b80-4ac4-b21c-2ae6f285fbee,2,6582.426555
2026/02/04/15:14:39,running-time,rs-003654-kb7sq,a7554ca5-0b80-4ac4-b21c-2ae6f285fbee,2,6582.426555
2026/02/04/15:14:39,apply-time,rs-003655-vpmc6,4c153036-9677-43fd-8026-85eb9b07a695,1,6582.426555
2026/02/04/15:14:39,running-time,rs-003655-vpmc6,4c153036-9677-43fd-8026-85eb9b07a695,1,6582.426555
2026/02/04/15:14:39,apply-time,rs-003656-fxs2m,0a88c7c4-9846-4a52-a992-15140611c6a2,1,6582.426555
2026/02/04/15:14:39,running-time,rs-003656-fxs2m,0a88c7c4-9846-4a52-a992-15140611c6a2,1,6582.426555
2026/02/04/15:14:39,apply-time,rs-003656-qw8lg,3e76541e-8a3e-4e01-8a9b-12f6c29ab8be,1,6582.426555
2026/02/04/15:14:39,running-time,rs-003656-qw8lg,3e76541e-8a3e-4e01-8a9b-12f6c29ab8be,1,6582.426555
2026/02/04/15:14:39,apply-time,rs-003657-6v6rm,2fb74ec4-1024-4db4-ae2e-9b2387d78bce,3,6582.426555
2026/02/04/15:14:39,apply-time,rs-003657-8slj6,6b341e08-c0cd-4f8b-bcd4-2c0720341a92,3,6582.426555
2026/02/04/15:14:40,apply-time,rs-003658-7bh46,e9348e7b-0435-49eb-8a10-1cfb850ddc44,2,6583.426555
2026/02/04/15:14:40,apply-time,rs-003658-mttjm,c5a1907c-52ec-48fc-81d0-2a0aae601e84,2,6583.426555
2026/02/04/15:14:40,apply-time,rs-003659-xgkmq,d38c9af9-3e22-4ada-a7f9-26eee158dcc2,4,6583.426555
2026/02/04/15:14:40,apply-time,rs-003660-vj6zw,07b6b471-bb41-4875-bb1b-b6f721a57c19,4,6583.426555
2026/02/04/15:14:40,apply-time,rs-003661-9z864,ffe3739b-8eb2-4b9d-a392-6a23754cfd8c,4,6583.426555
2026/02/04/15:14:40,running-time,rs-003661-9z864,ffe3739b-8eb2-4b9d-a392-6a23754cfd8c,4,6583.426555
2026/02/04/15:14:40,apply-time,rs-003661-c49f7,aa677961-5d7d-45f9-9825-73a4c6c3c069,4,6583.426555
2026/02/04/15:14:40,running-time,rs-003661-c49f7,aa677961-5d7d-45f9-9825-73a4c6c3c069,4,6583.426555
2026/02/04/15:14:40,apply-time,rs-003661-rxbnp,347fec9f-e8e7-42ca-a886-51a793e3cd51,4,6583.426555
2026/02/04/15:14:40,running-time,rs-003661-rxbnp,347fec9f-e8e7-42ca-a886-51a793e3cd51,4,6583.426555
2026/02/04/15:14:40,apply-time,rs-003662-hs2rs,0908a1ee-bf59-4ac4-a5ba-8e1c3d94acad,1,6583.426555
2026/02/04/15:14:41,apply-time,rs-003662-svfvm,56db832a-afd1-4139-984e-26c007dd69d8,1,6584.426555
2026/02/04/15:14:44,running-time,rs-003662-hs2rs,0908a1ee-bf59-4ac4-a5ba-8e1c3d94acad,1,6588.426555
2026/02/04/15:14:45,running-time,rs-003662-svfvm,56db832a-afd1-4139-984e-26c007dd69d8,1,6588.426555
2026/02/04/15:14:50,running-time,rs-003653-6ztqn,c02ba251-6224-47a8-b81d-8f80d629f8fa,2,6593.426555
2026/02/04/15:14:52,running-time,rs-003658-mttjm,c5a1907c-52ec-48fc-81d0-2a0aae601e84,2,6595.426555
2026/02/04/15:14:58,apply-time,rs-001478-dx9fs,48e67cf3-53f1-4c63-844a-a66797f147e0,1,6601.426555
2026/02/04/15:14:58,running-time,rs-001478-dx9fs,48e67cf3-53f1-4c63-844a-a66797f147e0,1,6601.426555
2026/02/04/15:15:04,apply-time,rs-003663-fcjrj,11064776-4282-433c-b757-7c079d3639bd,3,6607.426555
2026/02/04/15:15:04,running-time,rs-003663-fcjrj,11064776-4282-433c-b757-7c079d3639bd,3,6607.426555
2026/02/04/15:15:04,apply-time,rs-003663-n5jbh,00b4f79c-779a-461a-b2db-0b26a383aef8,3,6607.426555
2026/02/04/15:15:04,apply-time,rs-003664-44lpg,0f048dab-4aa4-49b0-97fb-2aba690a4b31,2,6608.426555
2026/02/04/15:15:04,apply-time,rs-003664-cwqp9,49d24b29-7027-4202-8d8f-e28cd460ee44,2,6608.426555
2026/02/04/15:15:04,apply-time,rs-003664-q52wh,dd3780de-98be-4d43-a325-dbe5a3a3d2b3,2,6608.426555
2026/02/04/15:15:26,apply-time,rs-003665-6q4rs,c4251616-581b-4760-a4d9-eb6b6c772dde,4,6629.426555
2026/02/04/15:15:26,apply-time,rs-003665-jslwh,755187f2-935c-4ce7-866d-1c2542127795,4,6629.426555
2026/02/04/15:15:51,apply-time,rs-003666-d8g95,6ceba19d-3fd0-479c-92cb-3a73361d55d6,1,6655.426555
2026/02/04/15:15:51,running-time,rs-003666-d8g95,6ceba19d-3fd0-479c-92cb-3a73361d55d6,1,6655.426555
2026/02/04/15:15:51,apply-time,rs-003666-gcqk5,93ee34ce-e99d-418a-ac26-9d21e26f0efc,1,6655.426555
2026/02/04/15:15:51,running-time,rs-003666-gcqk5,93ee34ce-e99d-418a-ac26-9d21e26f0efc,1,6655.426555
2026/02/04/15:15:53,apply-time,rs-003667-5zs22,f18c08bb-29e0-4089-94b9-334e76b04694,2,6657.426555
2026/02/04/15:15:53,apply-time,rs-003667-nlp5k,30741b4e-1fa6-4fc3-8acf-5b84b793e9fc,2,6657.426555
2026/02/04/15:15:53,apply-time,rs-003668-27tp2,d9d5b05d-72ba-473b-a803-065c6341867b,2,6657.426555
2026/02/04/15:15:53,apply-time,rs-003668-rb8vb,65b97c5a-e26a-4142-b138-e348ac13ff62,2,6657.426555
2026/02/04/15:15:53,apply-time,rs-003668-xvtds,0083e166-fbf4-45cd-a98e-bc19ef61208d,2,6657.426555
2026/02/04/15:15:53,running-time,rs-003668-xvtds,0083e166-fbf4-45cd-a98e-bc19ef61208d,2,6657.426555
2026/02/04/15:15:54,running-time,rs-003667-5zs22,f18c08bb-29e0-4089-94b9-334e76b04694,2,6657.426555
2026/02/04/15:15:54,running-time,rs-003667-nlp5k,30741b4e-1fa6-4fc3-8acf-5b84b793e9fc,2,6657.426555
2026/02/04/15:15:54,running-time,rs-003668-rb8vb,65b97c5a-e26a-4142-b138-e348ac13ff62,2,6657.426555
2026/02/04/15:16:13,apply-time,rs-003669-k7977,2044d81b-a9a3-493e-a795-9517f03ac964,4,6676.426555
2026/02/04/15:16:13,running-time,rs-003669-k7977,2044d81b-a9a3-493e-a795-9517f03ac964,4,6676.426555
2026/02/04/15:16:28,apply-time,rs-003670-k99cf,8dccb17f-0f7b-45a8-a89f-4e26972a5e08,4,6691.426555
2026/02/04/15:16:28,running-time,rs-003670-k99cf,8dccb17f-0f7b-45a8-a89f-4e26972a5e08,4,6691.426555
2026/02/04/15:16:28,apply-time,rs-003670-kqfrk,7d3b43bc-4d7e-4111-a384-67e50d31a7ad,4,6691.426555
2026/02/04/15:16:28,running-time,rs-003670-kqfrk,7d3b43bc-4d7e-4111-a384-67e50d31a7ad,4,6691.426555
2026/02/04/15:16:45,apply-time,rs-003671-mj69b,863a8f81-84c3-43cd-ab70-4e73068e1fd0,2,6708.426555
2026/02/04/15:16:45,apply-time,rs-003671-qv99r,4fd1f664-d3b8-4d4e-b2cb-83748fe4b1b0,2,6708.426555
2026/02/04/15:16:45,apply-time,rs-003671-z2pxq,53bda2c6-f3ff-4b3e-940a-649723c392d9,2,6708.426555
2026/02/04/15:16:45,apply-time,rs-003672-4lvwf,c81e6087-c99d-4aa1-87f6-9cca4a6bda53,2,6708.426555
2026/02/04/15:16:45,running-time,rs-003672-4lvwf,c81e6087-c99d-4aa1-87f6-9cca4a6bda53,2,6708.426555
2026/02/04/15:16:45,apply-time,rs-003672-hpdgp,d23a3873-030e-40e1-8a4b-067df397298e,2,6708.426555
2026/02/04/15:16:45,running-time,rs-003672-hpdgp,d23a3873-030e-40e1-8a4b-067df397298e,2,6708.426555
2026/02/04/15:16:45,apply-time,rs-003672-nwx5v,1db559d8-b56a-4a3a-9243-e5c65093e665,2,6708.426555
2026/02/04/15:16:45,running-time,rs-003672-nwx5v,1db559d8-b56a-4a3a-9243-e5c65093e665,2,6708.426555
2026/02/04/15:16:45,apply-time,rs-003673-kw8cf,f083bafd-ba16-48b6-b8a8-21e10fc93780,2,6708.426555
2026/02/04/15:16:45,apply-time,rs-003674-69sqd,c4033776-9251-40a1-b426-77b55753205f,4,6708.426555
2026/02/04/15:16:45,apply-time,rs-003674-9m6n6,ce863ea1-6cbc-4583-84dc-7f1e0f9890c5,4,6708.426555
2026/02/04/15:16:48,running-time,rs-003673-kw8cf,f083bafd-ba16-48b6-b8a8-21e10fc93780,2,6711.426555
2026/02/04/15:16:48,running-time,rs-003674-69sqd,c4033776-9251-40a1-b426-77b55753205f,4,6711.426555
2026/02/04/15:16:50,running-time,rs-003671-qv99r,4fd1f664-d3b8-4d4e-b2cb-83748fe4b1b0,2,6713.426555
2026/02/04/15:16:50,running-time,rs-003674-9m6n6,ce863ea1-6cbc-4583-84dc-7f1e0f9890c5,4,6713.426555
2026/02/04/15:16:51,running-time,rs-003671-mj69b,863a8f81-84c3-43cd-ab70-4e73068e1fd0,2,6714.426555
2026/02/04/15:16:51,running-time,rs-003671-z2pxq,53bda2c6-f3ff-4b3e-940a-649723c392d9,2,6715.426555
2026/02/04/15:17:05,apply-time,rs-003675-hq854,1c7d618a-7d91-4462-a08d-e3c82a77019b,2,6728.426555
2026/02/04/15:17:05,running-time,rs-003675-hq854,1c7d618a-7d91-4462-a08d-e3c82a77019b,2,6728.426555
2026/02/04/15:17:05,apply-time,rs-003675-rzmb8,125f0511-d27d-4f34-9c68-dc9c0596d055,2,6728.426555
2026/02/04/15:17:05,running-time,rs-003675-rzmb8,125f0511-d27d-4f34-9c68-dc9c0596d055,2,6728.426555
2026/02/04/15:17:05,apply-time,rs-003675-vwcqp,f6cf39a4-e8d4-44c2-a3a1-995e2cb23459,2,6728.426555
2026/02/04/15:17:05,running-time,rs-003675-vwcqp,f6cf39a4-e8d4-44c2-a3a1-995e2cb23459,2,6728.426555
2026/02/04/15:17:07,apply-time,rs-003676-9tbsc,9b43c48f-66eb-4915-a456-c5813cd6beaa,1,6730.426555
2026/02/04/15:17:07,running-time,rs-003676-9tbsc,9b43c48f-66eb-4915-a456-c5813cd6beaa,1,6730.426555
2026/02/04/15:17:07,apply-time,rs-003676-dhkkh,d8a954c7-8d2d-450b-b1f9-5fa7fcc3f82d,1,6730.426555
2026/02/04/15:17:07,running-time,rs-003676-dhkkh,d8a954c7-8d2d-450b-b1f9-5fa7fcc3f82d,1,6730.426555
2026/02/04/15:17:07,apply-time,rs-003676-n64rv,8b872348-1a72-4e6b-9859-9d836940c1e5,1,6730.426555
2026/02/04/15:17:07,running-time,rs-003676-n64rv,8b872348-1a72-4e6b-9859-9d836940c1e5,1,6730.426555
2026/02/04/15:17:07,apply-time,rs-003677-cbl9v,8ed58d8c-b44d-4987-b89b-961bfd3a29e9,1,6730.426555
2026/02/04/15:17:07,running-time,rs-003677-cbl9v,8ed58d8c-b44d-4987-b89b-961bfd3a29e9,1,6730.426555
2026/02/04/15:17:07,apply-time,rs-003678-b9skz,93efac8f-779b-462e-b375-058e16df9eef,1,6730.426555
2026/02/04/15:17:07,running-time,rs-003678-b9skz,93efac8f-779b-462e-b375-058e16df9eef,1,6730.426555
2026/02/04/15:17:07,apply-time,rs-003679-ppdl9,88137cbe-593b-4d30-934a-22968f6f1f80,2,6730.426555
2026/02/04/15:17:07,running-time,rs-003679-ppdl9,88137cbe-593b-4d30-934a-22968f6f1f80,2,6730.426555
2026/02/04/15:17:07,apply-time,rs-003679-spwl6,36daf0ba-5494-42d5-8ac3-e39b3967f3e2,2,6730.426555
2026/02/04/15:17:07,running-time,rs-003679-spwl6,36daf0ba-5494-42d5-8ac3-e39b3967f3e2,2,6730.426555
2026/02/04/15:17:07,apply-time,rs-003680-2grtb,93bd09ff-f215-4960-999c-f09c2b52d3ed,4,6730.426555
2026/02/04/15:17:07,running-time,rs-003680-2grtb,93bd09ff-f215-4960-999c-f09c2b52d3ed,4,6730.426555
2026/02/04/15:17:07,apply-time,rs-003680-2v979,550c5025-a0b0-45ee-8d5e-9ca510d89a12,4,6730.426555
2026/02/04/15:17:07,running-time,rs-003680-2v979,550c5025-a0b0-45ee-8d5e-9ca510d89a12,4,6730.426555
2026/02/04/15:17:07,apply-time,rs-003680-qld4k,32745d19-4b1a-4f39-915b-45b19210213d,4,6730.426555
2026/02/04/15:17:07,running-time,rs-003680-qld4k,32745d19-4b1a-4f39-915b-45b19210213d,4,6730.426555
2026/02/04/15:17:33,apply-time,rs-003681-qm4xf,11cbb535-8933-4be0-8113-c0bc3f138244,3,6757.426555
2026/02/04/15:17:33,running-time,rs-003681-qm4xf,11cbb535-8933-4be0-8113-c0bc3f138244,3,6757.426555
2026/02/04/15:17:33,apply-time,rs-003682-nst7n,6df04544-fe3c-444b-8985-9cbded82c925,4,6757.426555
2026/02/04/15:17:33,running-time,rs-003682-nst7n,6df04544-fe3c-444b-8985-9cbded82c925,4,6757.426555
2026/02/04/15:17:33,apply-time,rs-003682-vwchp,2ec34905-ec3e-4ed6-b417-26aca6572cea,4,6757.426555
2026/02/04/15:17:33,running-time,rs-003682-vwchp,2ec34905-ec3e-4ed6-b417-26aca6572cea,4,6757.426555
2026/02/04/15:17:33,apply-time,rs-003682-xxzl7,dc43aa29-ca78-4313-8abb-e8f16936c274,4,6757.426555
2026/02/04/15:17:33,running-time,rs-003682-xxzl7,dc43aa29-ca78-4313-8abb-e8f16936c274,4,6757.426555
2026/02/04/15:17:33,apply-time,rs-003683-v7hnp,6d70a84b-ad68-400d-9f3e-5e8ab1bf346e,1,6757.426555
2026/02/04/15:17:33,running-time,rs-003683-v7hnp,6d70a84b-ad68-400d-9f3e-5e8ab1bf346e,1,6757.426555
2026/02/04/15:17:33,apply-time,rs-003684-2xz4f,cf47e538-0fd9-448f-8025-f322996ed8e6,4,6757.426555
2026/02/04/15:17:33,running-time,rs-003684-2xz4f,cf47e538-0fd9-448f-8025-f322996ed8e6,4,6757.426555
2026/02/04/15:17:33,apply-time,rs-003684-n9hqh,40025eb8-faf3-4ae2-902d-b04bb7773dbf,4,6757.426555
2026/02/04/15:17:33,running-time,rs-003684-n9hqh,40025eb8-faf3-4ae2-902d-b04bb7773dbf,4,6757.426555
2026/02/04/15:17:33,apply-time,rs-003684-qnnd4,67b1c7d8-17fa-4403-9bf6-31e1df9df841,4,6757.426555
2026/02/04/15:17:33,running-time,rs-003684-qnnd4,67b1c7d8-17fa-4403-9bf6-31e1df9df841,4,6757.426555
2026/02/04/15:17:33,apply-time,rs-003685-bbzdq,4b5f5ff4-c5ba-4d81-8c1a-f4c77dc50c59,3,6757.426555
2026/02/04/15:17:33,running-time,rs-003685-bbzdq,4b5f5ff4-c5ba-4d81-8c1a-f4c77dc50c59,3,6757.426555
2026/02/04/15:17:33,apply-time,rs-003685-gq946,294a6295-5036-4950-b122-4c9b30e05930,3,6757.426555
2026/02/04/15:17:33,running-time,rs-003685-gq946,294a6295-5036-4950-b122-4c9b30e05930,3,6757.426555
2026/02/04/15:17:34,apply-time,rs-003685-cn9c4,b4ff1674-2052-4ef5-9ef9-d6c275e4a609,3,6757.426555
2026/02/04/15:17:34,running-time,rs-003685-cn9c4,b4ff1674-2052-4ef5-9ef9-d6c275e4a609,3,6757.426555
2026/02/04/15:17:38,apply-time,rs-003686-d4prp,96d9742b-e5e7-4249-844e-a5ff458caa3d,2,6761.426555
2026/02/04/15:17:38,running-time,rs-003686-d4prp,96d9742b-e5e7-4249-844e-a5ff458caa3d,2,6761.426555
2026/02/04/15:17:38,apply-time,rs-003687-6kc7z,4d145bed-a56b-4b2b-9c31-f16d488f27fc,1,6761.426555
2026/02/04/15:17:38,running-time,rs-003687-6kc7z,4d145bed-a56b-4b2b-9c31-f16d488f27fc,1,6761.426555
2026/02/04/15:17:38,apply-time,rs-003688-7shj9,b3e9d9a7-82d3-42aa-87f0-c9eaa69d70f2,2,6761.426555
2026/02/04/15:17:38,running-time,rs-003688-7shj9,b3e9d9a7-82d3-42aa-87f0-c9eaa69d70f2,2,6761.426555
2026/02/04/15:17:38,apply-time,rs-003689-tq7nf,ae0e7e46-1f3c-4df7-9076-cd7255f76a85,2,6762.426555
2026/02/04/15:17:38,running-time,rs-003689-tq7nf,ae0e7e46-1f3c-4df7-9076-cd7255f76a85,2,6762.426555
2026/02/04/15:17:38,apply-time,rs-003690-4lpsc,2ceaeea0-d1de-4432-bf9d-3b4db1670d00,1,6762.426555
2026/02/04/15:17:38,running-time,rs-003690-4lpsc,2ceaeea0-d1de-4432-bf9d-3b4db1670d00,1,6762.426555
2026/02/04/15:17:38,apply-time,rs-003690-vgfrd,e02fef5b-97db-48c4-9cdd-247af472bc3d,1,6762.426555
2026/02/04/15:17:38,running-time,rs-003690-vgfrd,e02fef5b-97db-48c4-9cdd-247af472bc3d,1,6762.426555
2026/02/04/15:17:38,apply-time,rs-003691-cf4v2,58c55b9c-a28a-48c4-8972-e49dd8e09e9b,2,6762.426555
2026/02/04/15:17:38,running-time,rs-003691-cf4v2,58c55b9c-a28a-48c4-8972-e49dd8e09e9b,2,6762.426555
2026/02/04/15:17:38,apply-time,rs-003691-tv7hb,485e26c1-43fd-4e6e-b6ab-031de965ebf5,2,6762.426555
2026/02/04/15:17:38,running-time,rs-003691-tv7hb,485e26c1-43fd-4e6e-b6ab-031de965ebf5,2,6762.426555
2026/02/04/15:17:38,apply-time,rs-003692-785zf,35951e53-edab-46b7-b59d-435a68dd935c,1,6762.426555
2026/02/04/15:17:38,running-time,rs-003692-785zf,35951e53-edab-46b7-b59d-435a68dd935c,1,6762.426555
2026/02/04/15:17:38,apply-time,rs-003693-vvbwq,5a8b1d86-7e43-412a-912c-49ac41b199ca,1,6762.426555
2026/02/04/15:17:38,running-time,rs-003693-vvbwq,5a8b1d86-7e43-412a-912c-49ac41b199ca,1,6762.426555
2026/02/04/15:17:54,apply-time,rs-003694-2h275,3b0737e4-536d-40c2-b7f7-f75bd7e3344d,1,6778.426555
2026/02/04/15:17:54,running-time,rs-003694-2h275,3b0737e4-536d-40c2-b7f7-f75bd7e3344d,1,6778.426555
2026/02/04/15:17:54,apply-time,rs-003694-rvzs4,0f66e020-a0d0-420a-a0e1-d00615e8d6cd,1,6778.426555
2026/02/04/15:17:54,running-time,rs-003694-rvzs4,0f66e020-a0d0-420a-a0e1-d00615e8d6cd,1,6778.426555
2026/02/04/15:17:54,apply-time,rs-003695-5gvbm,27cce315-5162-4b97-b025-854a94265ff3,4,6778.426555
2026/02/04/15:17:54,running-time,rs-003695-5gvbm,27cce315-5162-4b97-b025-854a94265ff3,4,6778.426555
2026/02/04/15:17:54,apply-time,rs-003696-jzl29,b70cf05b-6693-4342-ac7a-d4641d091389,4,6778.426555
2026/02/04/15:17:54,running-time,rs-003696-jzl29,b70cf05b-6693-4342-ac7a-d4641d091389,4,6778.426555
2026/02/04/15:17:54,apply-time,rs-003696-mqz9h,8b43f71f-f62d-4e3b-96a1-363b44a24b3e,4,6778.426555
2026/02/04/15:17:54,running-time,rs-003696-mqz9h,8b43f71f-f62d-4e3b-96a1-363b44a24b3e,4,6778.426555
2026/02/04/15:17:54,apply-time,rs-003697-6ff2q,935376f3-24ef-4bca-ac40-b74578f50f4e,4,6778.426555
2026/02/04/15:17:54,running-time,rs-003697-6ff2q,935376f3-24ef-4bca-ac40-b74578f50f4e,4,6778.426555
2026/02/04/15:17:54,apply-time,rs-003698-46pxj,583f0fb9-1bba-46e9-8dde-357d431c42ed,4,6778.426555
2026/02/04/15:17:54,running-time,rs-003698-46pxj,583f0fb9-1bba-46e9-8dde-357d431c42ed,4,6778.426555
2026/02/04/15:17:57,apply-time,rs-003699-5sjmp,20c0f5fa-554a-4fa9-b0c0-230273130ce5,4,6780.426555
2026/02/04/15:17:57,running-time,rs-003699-5sjmp,20c0f5fa-554a-4fa9-b0c0-230273130ce5,4,6780.426555
2026/02/04/15:17:57,apply-time,rs-003699-c98ws,055a25ef-13aa-44b8-a545-181c725c74f7,4,6780.426555
2026/02/04/15:17:57,running-time,rs-003699-c98ws,055a25ef-13aa-44b8-a545-181c725c74f7,4,6780.426555
2026/02/04/15:17:57,apply-time,rs-003699-pwhlm,03a54e0a-25a0-4162-b270-00c063680f7a,4,6780.426555
2026/02/04/15:17:57,running-time,rs-003699-pwhlm,03a54e0a-25a0-4162-b270-00c063680f7a,4,6780.426555
2026/02/04/15:17:57,apply-time,rs-003700-2pqhg,12ccb0dc-343f-4393-9b78-096535a544fc,1,6780.426555
2026/02/04/15:17:57,running-time,rs-003700-2pqhg,12ccb0dc-343f-4393-9b78-096535a544fc,1,6780.426555
2026/02/04/15:17:57,apply-time,rs-003700-nzb98,a7c94f32-6f5a-40a0-96bb-aaf0b1f776e6,1,6780.426555
2026/02/04/15:17:57,running-time,rs-003700-nzb98,a7c94f32-6f5a-40a0-96bb-aaf0b1f776e6,1,6780.426555
2026/02/04/15:17:58,apply-time,rs-003701-7s9ml,d1a46827-d82a-4e77-af0b-e5f7930e936d,3,6782.426555
2026/02/04/15:17:58,apply-time,rs-003702-9ztcf,1b76a7b6-20b3-4755-a461-9557db1b436e,3,6782.426555
2026/02/04/15:17:58,running-time,rs-003702-9ztcf,1b76a7b6-20b3-4755-a461-9557db1b436e,3,6782.426555
2026/02/04/15:17:58,apply-time,rs-003702-cqsj4,cc082b13-5f6f-48b5-b7c2-2f8eeed08175,3,6782.426555
2026/02/04/15:17:58,running-time,rs-003702-cqsj4,cc082b13-5f6f-48b5-b7c2-2f8eeed08175,3,6782.426555
2026/02/04/15:17:58,apply-time,rs-003703-jdqdr,1b5c3799-43f7-4851-8584-bf696839ec8a,1,6782.426555
2026/02/04/15:17:58,running-time,rs-003703-jdqdr,1b5c3799-43f7-4851-8584-bf696839ec8a,1,6782.426555
2026/02/04/15:17:59,apply-time,rs-003704-cqctp,2546a935-a8de-4f3d-ace7-b1f6aed81129,2,6782.426555
2026/02/04/15:17:59,running-time,rs-003704-cqctp,2546a935-a8de-4f3d-ace7-b1f6aed81129,2,6782.426555
2026/02/04/15:17:59,apply-time,rs-003704-hh2gt,961e0683-691f-4c5d-844a-42074a331ea2,2,6782.426555
2026/02/04/15:17:59,running-time,rs-003704-hh2gt,961e0683-691f-4c5d-844a-42074a331ea2,2,6782.426555
2026/02/04/15:18:00,apply-time,rs-003705-cvnph,1174efad-e423-41c5-8ade-6ffe082ff7c1,1,6783.426555
2026/02/04/15:18:00,apply-time,rs-003706-99lh4,e9be9ffd-4742-4c8e-ade1-23797d4cdb05,3,6783.426555
2026/02/04/15:18:00,running-time,rs-003706-99lh4,e9be9ffd-4742-4c8e-ade1-23797d4cdb05,3,6783.426555
2026/02/04/15:18:00,apply-time,rs-003706-nh9dt,1ecf9ac3-6efd-4fc6-ae26-015cb0e722c1,3,6783.426555
2026/02/04/15:18:00,running-time,rs-003706-nh9dt,1ecf9ac3-6efd-4fc6-ae26-015cb0e722c1,3,6783.426555
2026/02/04/15:18:00,apply-time,rs-003706-vgjhr,a1f9d2b8-0081-402b-9ada-2456ef8ad581,3,6783.426555
2026/02/04/15:18:00,running-time,rs-003706-vgjhr,a1f9d2b8-0081-402b-9ada-2456ef8ad581,3,6783.426555
2026/02/04/15:18:00,apply-time,rs-003707-8wmrb,c9dcd12b-29b6-4016-a148-1b41aa2de9e5,4,6783.426555
2026/02/04/15:18:00,running-time,rs-003707-8wmrb,c9dcd12b-29b6-4016-a148-1b41aa2de9e5,4,6783.426555
2026/02/04/15:18:00,apply-time,rs-003707-mv47s,f2109a14-81a1-481f-8058-7dce76b6f8a2,4,6783.426555
2026/02/04/15:18:00,running-time,rs-003707-mv47s,f2109a14-81a1-481f-8058-7dce76b6f8a2,4,6783.426555
2026/02/04/15:18:00,apply-time,rs-003708-mhjbr,d12c4eae-50e2-4a23-9caf-8ae2471637a9,2,6783.426555
2026/02/04/15:18:00,apply-time,rs-003708-rd76b,c5882b9c-9cf2-4a21-9223-66cc2b9f9fe8,2,6783.426555
2026/02/04/15:18:00,running-time,rs-003708-rd76b,c5882b9c-9cf2-4a21-9223-66cc2b9f9fe8,2,6783.426555
2026/02/04/15:18:00,apply-time,rs-003708-xbl95,62eca168-0982-4b0d-83b1-b6a048c5e796,2,6783.426555
2026/02/04/15:18:01,running-time,rs-003708-mhjbr,d12c4eae-50e2-4a23-9caf-8ae2471637a9,2,6784.426555
2026/02/04/15:18:01,running-time,rs-003708-xbl95,62eca168-0982-4b0d-83b1-b6a048c5e796,2,6784.426555
2026/02/04/15:18:08,running-time,rs-003701-7s9ml,d1a46827-d82a-4e77-af0b-e5f7930e936d,3,6791.426555
2026/02/04/15:18:12,apply-time,rs-003709-rdbqj,2e9a4057-1e7a-4754-8804-a0d93373e4a4,1,6796.426555
2026/02/04/15:18:12,running-time,rs-003709-rdbqj,2e9a4057-1e7a-4754-8804-a0d93373e4a4,1,6796.426555
2026/02/04/15:18:12,apply-time,rs-003710-2bbcg,820ab89e-34b0-4c70-9ac7-6259f36d825e,1,6796.426555
2026/02/04/15:18:12,running-time,rs-003710-2bbcg,820ab89e-34b0-4c70-9ac7-6259f36d825e,1,6796.426555
2026/02/04/15:18:12,apply-time,rs-003711-jz75z,c2516da1-34c5-4519-82e2-a41677db6e8f,4,6796.426555
2026/02/04/15:18:12,running-time,rs-003711-jz75z,c2516da1-34c5-4519-82e2-a41677db6e8f,4,6796.426555
2026/02/04/15:18:12,apply-time,rs-003712-jtcrq,de975983-083e-4bd3-a357-7f1e9e52e7b0,4,6796.426555
2026/02/04/15:18:12,running-time,rs-003712-jtcrq,de975983-083e-4bd3-a357-7f1e9e52e7b0,4,6796.426555
2026/02/04/15:18:12,apply-time,rs-003712-nzdml,c86f1c1f-3652-4ebf-aa2c-59a657d43d1a,4,6796.426555
2026/02/04/15:18:12,running-time,rs-003712-nzdml,c86f1c1f-3652-4ebf-aa2c-59a657d43d1a,4,6796.426555
2026/02/04/15:18:12,apply-time,rs-003713-6xh86,1691bf3c-509d-4c93-985d-04083e5b81cc,4,6796.426555
2026/02/04/15:18:12,running-time,rs-003713-6xh86,1691bf3c-509d-4c93-985d-04083e5b81cc,4,6796.426555
2026/02/04/15:18:12,apply-time,rs-003713-98c8p,f25fd8d5-8350-4862-a767-3ed7cba1ed36,4,6796.426555
2026/02/04/15:18:12,running-time,rs-003713-98c8p,f25fd8d5-8350-4862-a767-3ed7cba1ed36,4,6796.426555
2026/02/04/15:18:12,apply-time,rs-003714-g722f,e0ad2679-4188-467f-91c9-49b070c97158,3,6796.426555
2026/02/04/15:18:12,running-time,rs-003714-g722f,e0ad2679-4188-467f-91c9-49b070c97158,3,6796.426555
2026/02/04/15:18:13,apply-time,rs-003714-c9tgv,1e8036e9-34d9-4731-94a8-e909589db51d,3,6796.426555
2026/02/04/15:18:13,running-time,rs-003714-c9tgv,1e8036e9-34d9-4731-94a8-e909589db51d,3,6796.426555
2026/02/04/15:18:13,apply-time,rs-003714-mpmfb,06d31181-471a-406e-bcb7-35171b6896ec,3,6796.426555
2026/02/04/15:18:13,running-time,rs-003714-mpmfb,06d31181-471a-406e-bcb7-35171b6896ec,3,6796.426555
2026/02/04/15:18:13,apply-time,rs-003715-4jj48,d83f9301-8c4a-49c0-bddc-5bf7a4c76b97,2,6796.426555
2026/02/04/15:18:13,running-time,rs-003715-4jj48,d83f9301-8c4a-49c0-bddc-5bf7a4c76b97,2,6796.426555
2026/02/04/15:18:13,apply-time,rs-003715-547dx,affcb579-eeb0-4ea2-8943-b130e30e4411,2,6796.426555
2026/02/04/15:18:13,running-time,rs-003715-547dx,affcb579-eeb0-4ea2-8943-b130e30e4411,2,6796.426555
2026/02/04/15:18:13,apply-time,rs-003715-b7z2p,6ddda87f-d5c5-4eec-a0bb-2feefe747eb7,2,6796.426555
2026/02/04/15:18:13,running-time,rs-003715-b7z2p,6ddda87f-d5c5-4eec-a0bb-2feefe747eb7,2,6796.426555
2026/02/04/15:18:13,apply-time,rs-003716-bhxc6,a2543d48-d20d-4bd2-9637-5927bbe8f179,3,6796.426555
2026/02/04/15:18:13,running-time,rs-003716-bhxc6,a2543d48-d20d-4bd2-9637-5927bbe8f179,3,6796.426555
2026/02/04/15:18:14,apply-time,rs-003717-mtkdj,ce5cb513-e3c7-433d-ae4e-3680732ed3bf,1,6798.426555
2026/02/04/15:18:14,apply-time,rs-003717-tnv4h,d75312b0-29f5-45a7-8c83-d4fd6484d7fc,1,6798.426555
2026/02/04/15:18:14,apply-time,rs-003719-cfcdb,a4677e4e-43ca-40ad-b7ac-cf04399adbc7,3,6798.426555
2026/02/04/15:18:14,apply-time,rs-003719-skfr5,5079ebdd-ef09-40e6-b23e-44c93dd4651d,3,6798.426555
2026/02/04/15:18:15,running-time,rs-003717-mtkdj,ce5cb513-e3c7-433d-ae4e-3680732ed3bf,1,6798.426555
2026/02/04/15:18:15,apply-time,rs-003718-95j4m,080622ac-9467-4103-9972-da780efddc57,2,6798.426555
2026/02/04/15:18:15,running-time,rs-003718-95j4m,080622ac-9467-4103-9972-da780efddc57,2,6798.426555
2026/02/04/15:18:15,apply-time,rs-003718-bg2sl,409c4b1f-e74d-466e-9dff-ab064a686438,2,6798.426555
2026/02/04/15:18:15,running-time,rs-003718-bg2sl,409c4b1f-e74d-466e-9dff-ab064a686438,2,6798.426555
2026/02/04/15:18:15,apply-time,rs-003718-d4hxd,9ad629e1-6435-41ae-8b2d-a7c3a64fffd5,2,6798.426555
2026/02/04/15:18:15,running-time,rs-003718-d4hxd,9ad629e1-6435-41ae-8b2d-a7c3a64fffd5,2,6798.426555
2026/02/04/15:18:15,running-time,rs-003719-cfcdb,a4677e4e-43ca-40ad-b7ac-cf04399adbc7,3,6798.426555
2026/02/04/15:18:15,running-time,rs-003719-skfr5,5079ebdd-ef09-40e6-b23e-44c93dd4651d,3,6798.426555
2026/02/04/15:18:16,apply-time,rs-003720-4hvq8,1624df96-3e29-4e8e-bf92-01d3d180970f,4,6799.426555
2026/02/04/15:18:16,running-time,rs-003720-4hvq8,1624df96-3e29-4e8e-bf92-01d3d180970f,4,6799.426555
2026/02/04/15:18:16,apply-time,rs-003720-564wf,2a58e096-2038-48c5-be91-34c6755388c3,4,6799.426555
2026/02/04/15:18:16,running-time,rs-003720-564wf,2a58e096-2038-48c5-be91-34c6755388c3,4,6799.426555
2026/02/04/15:18:16,apply-time,rs-003721-47jdj,99c45356-4206-464b-b7ac-a943dcf5dfb9,2,6800.426555
2026/02/04/15:18:16,running-time,rs-003721-47jdj,99c45356-4206-464b-b7ac-a943dcf5dfb9,2,6800.426555
2026/02/04/15:18:16,apply-time,rs-003721-4q5r9,2947e30f-45f9-4268-8845-a5b0796bd44b,2,6800.426555
2026/02/04/15:18:16,apply-time,rs-003722-84jb6,300b1b33-aa63-4abd-abb6-24761c147ce6,3,6800.426555
2026/02/04/15:18:16,apply-time,rs-003723-x69hd,7a2e58c0-b2fa-49b3-a44e-e37f415de6de,2,6800.426555
2026/02/04/15:18:16,apply-time,rs-003724-jpk4w,52a4700c-1235-4dda-8767-b2d7e870ca46,2,6800.426555
2026/02/04/15:18:16,running-time,rs-003724-jpk4w,52a4700c-1235-4dda-8767-b2d7e870ca46,2,6800.426555
2026/02/04/15:18:16,apply-time,rs-003724-qntk2,ec01b984-2afc-4d8b-a369-5fe5be5c45b1,2,6800.426555
2026/02/04/15:18:17,apply-time,rs-003725-zctb9,0e0fea0c-75fb-4aa8-b3d9-911dce152225,2,6800.426555
2026/02/04/15:18:17,running-time,rs-003725-zctb9,0e0fea0c-75fb-4aa8-b3d9-911dce152225,2,6800.426555
2026/02/04/15:18:17,apply-time,rs-003726-5s7p4,5f79bbf5-2a9f-4cc2-b44c-f7c553370b66,4,6800.426555
2026/02/04/15:18:17,running-time,rs-003726-5s7p4,5f79bbf5-2a9f-4cc2-b44c-f7c553370b66,4,6801.426555
2026/02/04/15:18:17,apply-time,rs-003726-n4wr9,bee38a67-97c8-47d4-9a47-17f92a57bc62,4,6800.426555
2026/02/04/15:18:17,running-time,rs-003726-n4wr9,bee38a67-97c8-47d4-9a47-17f92a57bc62,4,6800.426555
2026/02/04/15:18:17,apply-time,rs-003726-n9qzq,4ddf0ea5-7358-499d-8ace-642a39dd44e2,4,6800.426555
2026/02/04/15:18:17,apply-time,rs-003727-8bt69,6fd116e0-cd47-457e-af27-4b16c69a31e9,3,6800.426555
2026/02/04/15:18:17,apply-time,rs-003727-948tn,a766b83e-1804-4119-b5c4-e3e4040452ba,3,6801.426555
2026/02/04/15:18:17,apply-time,rs-003727-nrvxc,dc639d99-b6f9-46f1-b229-963e781a8952,3,6800.426555
2026/02/04/15:18:17,running-time,rs-003727-nrvxc,dc639d99-b6f9-46f1-b229-963e781a8952,3,6800.426555
2026/02/04/15:18:17,apply-time,rs-003728-4htqp,190aadac-04b4-4b71-ab19-c1673dbc26de,3,6800.426555
2026/02/04/15:18:17,running-time,rs-003728-4htqp,190aadac-04b4-4b71-ab19-c1673dbc26de,3,6800.426555
2026/02/04/15:18:17,apply-time,rs-003728-mmj8b,fdf2df48-148d-43ad-b4f8-8cfe8c21a7de,3,6801.426555
2026/02/04/15:18:17,running-time,rs-003728-mmj8b,fdf2df48-148d-43ad-b4f8-8cfe8c21a7de,3,6801.426555
2026/02/04/15:18:17,apply-time,rs-003728-xmhbc,b66ef9df-4f11-4594-8d21-73165c4fdd8f,3,6801.426555
2026/02/04/15:18:17,running-time,rs-003728-xmhbc,b66ef9df-4f11-4594-8d21-73165c4fdd8f,3,6801.426555
2026/02/04/15:18:17,apply-time,rs-003729-vjc2b,523741c9-0d43-4bc4-924f-7e796721e588,1,6801.426555
2026/02/04/15:18:17,apply-time,rs-003729-xccsc,036bf3b6-557f-4968-94ec-1933be58ab81,1,6800.426555
2026/02/04/15:18:17,apply-time,rs-003730-wp4q5,99dae24f-00b5-41f7-9db9-dbfcf1c50083,1,6801.426555
2026/02/04/15:18:18,apply-time,rs-003730-gf7nk,821e0976-306c-4ef5-a0b3-42b5bb28631e,1,6801.426555
2026/02/04/15:18:18,apply-time,rs-003730-qbgpc,3f572655-45b4-4b6d-8bf1-5f395efa3351,1,6801.426555
2026/02/04/15:18:18,running-time,rs-003730-wp4q5,99dae24f-00b5-41f7-9db9-dbfcf1c50083,1,6801.426555
2026/02/04/15:18:18,apply-time,rs-003731-5chrx,795c5c4d-5788-4c13-8503-7501a74e0949,1,6802.426555
2026/02/04/15:18:18,apply-time,rs-003731-h4xmx,389eba34-1f11-4176-8146-88226bf88915,1,6802.426555
2026/02/04/15:18:18,apply-time,rs-003731-jps29,28b0c193-c14c-47f7-8cee-ed44371ff09f,1,6801.426555
2026/02/04/15:18:18,apply-time,rs-003732-97w67,203f9549-826f-4e90-91f2-54ebb21efb17,2,6802.426555
2026/02/04/15:18:18,apply-time,rs-003732-jwmbv,e1780568-2356-4ab4-b375-6f250fbabf59,2,6802.426555
2026/02/04/15:18:18,apply-time,rs-003733-5277z,1d7e9ebf-b94c-4b6c-8796-1c19c4fcf532,1,6802.426555
2026/02/04/15:18:19,running-time,rs-003731-jps29,28b0c193-c14c-47f7-8cee-ed44371ff09f,1,6802.426555
2026/02/04/15:18:19,apply-time,rs-003732-wjlm4,d3ff1729-4bed-4a56-b4b6-c44fe6e03101,2,6802.426555
2026/02/04/15:18:19,apply-time,rs-003733-hfblj,ca127d39-a0d7-4dcd-beeb-6dc875cac4a7,1,6802.426555
2026/02/04/15:18:19,running-time,rs-003733-hfblj,ca127d39-a0d7-4dcd-beeb-6dc875cac4a7,1,6802.426555
2026/02/04/15:18:19,apply-time,rs-003733-nrgn5,2b42b973-0874-4f36-bd7a-38dfadb85a54,1,6802.426555
2026/02/04/15:18:20,running-time,rs-003731-5chrx,795c5c4d-5788-4c13-8503-7501a74e0949,1,6803.426555
2026/02/04/15:18:20,running-time,rs-003733-nrgn5,2b42b973-0874-4f36-bd7a-38dfadb85a54,1,6803.426555
2026/02/04/15:18:20,apply-time,rs-003734-ck2qn,2792674a-105a-4f3b-80e2-889b0b9bad21,2,6803.426555
2026/02/04/15:18:20,running-time,rs-003734-ck2qn,2792674a-105a-4f3b-80e2-889b0b9bad21,2,6803.426555
2026/02/04/15:18:20,apply-time,rs-003734-pvw2g,36af3400-0eb1-4c04-b0dc-768d34e3cb38,2,6803.426555
2026/02/04/15:18:20,running-time,rs-003734-pvw2g,36af3400-0eb1-4c04-b0dc-768d34e3cb38,2,6803.426555
2026/02/04/15:18:20,apply-time,rs-003734-rcgds,13a7d5ad-f611-4f1d-9b7f-e4ab534e835d,2,6803.426555
2026/02/04/15:18:20,running-time,rs-003734-rcgds,13a7d5ad-f611-4f1d-9b7f-e4ab534e835d,2,6803.426555
2026/02/04/15:18:20,apply-time,rs-003735-pjqn6,391ab3ca-e843-4257-a5b1-ac7d3520051c,2,6804.426555
2026/02/04/15:18:20,apply-time,rs-003736-zwl9l,27e9c5d6-fde1-46a8-b47d-a4333ffff17b,1,6804.426555
2026/02/04/15:18:20,apply-time,rs-003737-g6f5v,5a042ba0-63a2-41cd-a7ff-8f10fab08a2a,3,6804.426555
2026/02/04/15:18:20,apply-time,rs-003738-xj6lt,732a6c64-11fc-4771-9af3-12c31ab96302,3,6804.426555
2026/02/04/15:18:21,running-time,rs-003729-vjc2b,523741c9-0d43-4bc4-924f-7e796721e588,1,6804.426555
2026/02/04/15:18:21,apply-time,rs-003735-8b7dk,171cee8d-da7e-4e38-8f90-b9ea5f8e1dfe,2,6804.426555
2026/02/04/15:18:21,running-time,rs-003735-pjqn6,391ab3ca-e843-4257-a5b1-ac7d3520051c,2,6804.426555
2026/02/04/15:18:21,apply-time,rs-003736-bbf57,203c1fdc-95bf-4f98-996b-916936039ff9,1,6804.426555
2026/02/04/15:18:21,running-time,rs-003737-g6f5v,5a042ba0-63a2-41cd-a7ff-8f10fab08a2a,3,6804.426555
2026/02/04/15:18:21,apply-time,rs-003738-pw9fv,6b39f8d5-7d5a-4acc-9ec4-1262301092ad,3,6804.426555
2026/02/04/15:18:21,running-time,rs-003738-pw9fv,6b39f8d5-7d5a-4acc-9ec4-1262301092ad,3,6804.426555
2026/02/04/15:18:21,running-time,rs-003738-xj6lt,732a6c64-11fc-4771-9af3-12c31ab96302,3,6804.426555
2026/02/04/15:18:21,apply-time,rs-003739-268m2,e70b8163-3b74-4df7-aeb1-60c3b2402255,3,6804.426555
2026/02/04/15:18:21,apply-time,rs-003740-s58ft,cf9ff9a2-fb78-4074-9a0f-071b0ad96511,1,6805.426555
2026/02/04/15:18:22,running-time,rs-003739-268m2,e70b8163-3b74-4df7-aeb1-60c3b2402255,3,6806.426555
2026/02/04/15:18:22,apply-time,rs-003740-94ljb,319a6bf3-2397-49cc-9180-07d1153fe602,1,6805.426555
2026/02/04/15:18:22,running-time,rs-003740-94ljb,319a6bf3-2397-49cc-9180-07d1153fe602,1,6806.426555
2026/02/04/15:18:22,running-time,rs-003740-s58ft,cf9ff9a2-fb78-4074-9a0f-071b0ad96511,1,6806.426555
2026/02/04/15:18:22,apply-time,rs-003740-wrq56,e0dfe75e-1f4b-4cd3-952d-f6b143ed9b6a,1,6805.426555
2026/02/04/15:18:23,running-time,rs-003730-gf7nk,821e0976-306c-4ef5-a0b3-42b5bb28631e,1,6806.426555
2026/02/04/15:18:23,running-time,rs-003730-qbgpc,3f572655-45b4-4b6d-8bf1-5f395efa3351,1,6806.426555
2026/02/04/15:18:23,running-time,rs-003735-8b7dk,171cee8d-da7e-4e38-8f90-b9ea5f8e1dfe,2,6806.426555
2026/02/04/15:18:23,running-time,rs-003740-wrq56,e0dfe75e-1f4b-4cd3-952d-f6b143ed9b6a,1,6806.426555
2026/02/04/15:18:24,running-time,rs-003729-xccsc,036bf3b6-557f-4968-94ec-1933be58ab81,1,6807.426555
2026/02/04/15:18:24,running-time,rs-003731-h4xmx,389eba34-1f11-4176-8146-88226bf88915,1,6807.426555
2026/02/04/15:18:25,running-time,rs-003723-x69hd,7a2e58c0-b2fa-49b3-a44e-e37f415de6de,2,6808.426555
2026/02/04/15:18:30,apply-time,rs-003741-2r9w4,26b998a6-698f-45ec-bd40-dd51b68c320f,3,6813.426555
2026/02/04/15:18:30,apply-time,rs-003741-xgjhg,028ffd32-9b88-4a5b-91da-993976adb41d,3,6813.426555
2026/02/04/15:18:30,apply-time,rs-003742-pf4vm,19907fa6-0a23-4a1d-9055-169d41267232,2,6814.426555
2026/02/04/15:18:30,running-time,rs-003742-pf4vm,19907fa6-0a23-4a1d-9055-169d41267232,2,6814.426555
2026/02/04/15:18:30,apply-time,rs-003742-zc49z,579b7c5d-5f3f-4614-9f59-f83c64c368f6,2,6814.426555
2026/02/04/15:18:30,running-time,rs-003742-zc49z,579b7c5d-5f3f-4614-9f59-f83c64c368f6,2,6814.426555
2026/02/04/15:18:30,apply-time,rs-003743-pgjzz,cbae9bb0-2aa0-4d81-b7dc-b1113968980d,2,6814.426555
2026/02/04/15:18:30,apply-time,rs-003743-wn9s9,1de9b0d5-fb7d-4890-9130-85b8d4f8d8ad,2,6814.426555
2026/02/04/15:18:30,apply-time,rs-003744-g4zl2,b18c4a22-8a11-40c9-86d8-b38340670c5c,2,6814.426555
2026/02/04/15:18:30,apply-time,rs-003745-25jmh,b1697a38-2ce8-4bad-b9a1-1cffa54dfc19,1,6814.426555
2026/02/04/15:18:30,apply-time,rs-003745-fffpb,ff77b751-245e-4c20-a24f-5e313a65cf53,1,6814.426555
2026/02/04/15:18:31,apply-time,rs-003746-q5762,844f5f54-a2c2-4f9c-913c-f2ce89cb4cb3,1,6814.426555
2026/02/04/15:18:31,apply-time,rs-003746-qvlml,3ea725da-b3c7-46e2-8e6a-3ed56e46d078,1,6815.426555
2026/02/04/15:18:31,apply-time,rs-003746-z9qx8,06fb0bad-4378-41ef-8663-0bc8d79a043c,1,6815.426555
2026/02/04/15:18:31,apply-time,rs-003747-zczbg,594fc634-623a-4909-a6e3-8f5c3a7d9a07,3,6814.426555
2026/02/04/15:18:31,running-time,rs-003747-zczbg,594fc634-623a-4909-a6e3-8f5c3a7d9a07,3,6814.426555
2026/02/04/15:18:37,running-time,rs-003745-25jmh,b1697a38-2ce8-4bad-b9a1-1cffa54dfc19,1,6821.426555
2026/02/04/15:18:40,apply-time,rs-003748-jpdfx,2f723b63-47f8-4d35-814a-9da7bb7e254e,3,6823.426555
2026/02/04/15:18:40,apply-time,rs-003748-xbl7s,28691aa0-bad1-4c1a-b5d7-f08c60a2aa0d,3,6823.426555
2026/02/04/15:18:41,running-time,rs-003745-fffpb,ff77b751-245e-4c20-a24f-5e313a65cf53,1,6824.426555
2026/02/04/15:18:43,running-time,rs-003748-jpdfx,2f723b63-47f8-4d35-814a-9da7bb7e254e,3,6827.426555
2026/02/04/15:18:44,running-time,rs-003748-xbl7s,28691aa0-bad1-4c1a-b5d7-f08c60a2aa0d,3,6828.426555
2026/02/04/15:18:50,apply-time,rs-003749-68tb8,abdcd915-84e2-4885-af06-5d33b7790281,2,6834.426555
2026/02/04/15:18:50,running-time,rs-003749-68tb8,abdcd915-84e2-4885-af06-5d33b7790281,2,6834.426555
2026/02/04/15:18:51,apply-time,rs-003750-6prp8,f074c4bf-f099-4c8d-ab14-5f7b21010454,2,6834.426555
2026/02/04/15:18:51,running-time,rs-003750-6prp8,f074c4bf-f099-4c8d-ab14-5f7b21010454,2,6834.426555
2026/02/04/15:18:51,apply-time,rs-003750-8l744,b635fef6-d6d9-4b7a-9138-94d50f139f31,2,6834.426555
2026/02/04/15:18:51,running-time,rs-003750-8l744,b635fef6-d6d9-4b7a-9138-94d50f139f31,2,6834.426555
2026/02/04/15:18:51,apply-time,rs-003751-644qh,73d99488-a208-46fb-b030-dc6603e88c81,2,6834.426555
2026/02/04/15:18:51,apply-time,rs-003751-fdgvg,37db3e91-d57d-408f-9562-445b0ee2089e,2,6834.426555
2026/02/04/15:18:51,apply-time,rs-003751-j2jft,105d4b74-95c3-401c-90a9-7a535237aa70,2,6834.426555
2026/02/04/15:18:51,apply-time,rs-003752-2r8sg,aa94fd98-8a85-4128-976f-0afb6151553b,1,6834.426555
2026/02/04/15:18:51,apply-time,rs-003752-9swmz,8ea3fbc0-e0bf-4e4c-be9d-d0a9e6356232,1,6834.426555
2026/02/04/15:18:51,apply-time,rs-003752-jmb6r,f2aa2d8e-5d1b-49fd-b525-1c3233e5c8bd,1,6834.426555
2026/02/04/15:19:02,apply-time,rs-003114-tms7s,989ccd40-20fc-4d73-acd0-fb1cd5fb944e,1,6845.426555
2026/02/04/15:19:02,running-time,rs-003114-tms7s,989ccd40-20fc-4d73-acd0-fb1cd5fb944e,1,6846.426555
2026/02/04/15:19:02,running-time,rs-003751-644qh,73d99488-a208-46fb-b030-dc6603e88c81,2,6846.426555
2026/02/04/15:19:02,running-time,rs-003751-fdgvg,37db3e91-d57d-408f-9562-445b0ee2089e,2,6846.426555
2026/02/04/15:19:02,running-time,rs-003751-j2jft,105d4b74-95c3-401c-90a9-7a535237aa70,2,6846.426555
2026/02/04/15:19:19,apply-time,rs-003753-rjx7v,e17523bc-ddeb-45fa-8ca5-2725797d01ff,4,6863.426555
2026/02/04/15:19:19,running-time,rs-003753-rjx7v,e17523bc-ddeb-45fa-8ca5-2725797d01ff,4,6863.426555
2026/02/04/15:19:20,apply-time,rs-003754-5r2jj,cacd40d9-4d3c-44f4-83e9-0f0446f7d142,4,6864.426555
2026/02/04/15:19:20,apply-time,rs-003755-sp2zc,5b158fef-d31a-4f90-ae29-2bc068557799,1,6864.426555
2026/02/04/15:19:20,running-time,rs-003755-sp2zc,5b158fef-d31a-4f90-ae29-2bc068557799,1,6864.426555
2026/02/04/15:19:20,apply-time,rs-003755-ztdfr,29549749-d9bb-4611-b6be-afa20fe6a184,1,6864.426555
2026/02/04/15:19:20,apply-time,rs-003756-86n9d,79b2b4ae-7bfc-4f35-bc50-8917fa51f29e,1,6864.426555
2026/02/04/15:19:20,running-time,rs-003756-86n9d,79b2b4ae-7bfc-4f35-bc50-8917fa51f29e,1,6864.426555
2026/02/04/15:19:20,apply-time,rs-003757-c8q9h,509f57fe-cb1e-4272-a21d-3efe68717349,1,6864.426555
2026/02/04/15:19:20,running-time,rs-003757-c8q9h,509f57fe-cb1e-4272-a21d-3efe68717349,1,6864.426555
2026/02/04/15:19:20,apply-time,rs-003757-f8mgx,e7fe426d-e372-4464-b165-f6d1d1263103,1,6864.426555
2026/02/04/15:19:20,running-time,rs-003757-f8mgx,e7fe426d-e372-4464-b165-f6d1d1263103,1,6864.426555
2026/02/04/15:19:20,apply-time,rs-003758-t8zzc,6dc5f608-9188-4490-bc3a-cc9bacbebb25,1,6864.426555
2026/02/04/15:19:20,apply-time,rs-003759-ssfwb,b711f150-17ee-4fb8-9105-223cb2aad799,2,6864.426555
2026/02/04/15:19:21,apply-time,rs-003760-v7qjb,194335cb-df67-43ce-a22a-761898a307ce,2,6864.426555
2026/02/04/15:19:21,running-time,rs-003760-v7qjb,194335cb-df67-43ce-a22a-761898a307ce,2,6864.426555
2026/02/04/15:19:21,apply-time,rs-003761-dc8lq,eaf0758c-8f99-479a-9e00-422c3731c67b,3,6864.426555
2026/02/04/15:19:21,apply-time,rs-003762-b27c4,c8a665de-b214-47e5-848c-7e472e38e2b6,1,6865.426555
2026/02/04/15:19:21,apply-time,rs-003762-m6sjn,2a58e57b-0271-4870-a7dd-26eb9866ad9f,1,6865.426555
2026/02/04/15:19:21,apply-time,rs-003762-rp727,a09e359d-b97d-4b1e-ace5-7075a7483dfa,1,6864.426555
2026/02/04/15:19:23,running-time,rs-003761-dc8lq,eaf0758c-8f99-479a-9e00-422c3731c67b,3,6867.426555
2026/02/04/15:19:32,apply-time,rs-003763-wv4ww,931af7b5-4b5a-4abd-af5b-145738db2a4b,2,6876.426555
2026/02/04/15:19:32,apply-time,rs-003764-n7w5j,b57278b1-f22e-4294-b176-4a950358cf08,2,6876.426555
2026/02/04/15:19:32,running-time,rs-003764-n7w5j,b57278b1-f22e-4294-b176-4a950358cf08,2,6876.426555
2026/02/04/15:19:35,apply-time,rs-003765-b6dfj,9565042b-74ff-44dd-a0fb-6f80a3d1e6a6,2,6878.426555
2026/02/04/15:19:35,running-time,rs-003765-b6dfj,9565042b-74ff-44dd-a0fb-6f80a3d1e6a6,2,6878.426555
2026/02/04/15:19:35,apply-time,rs-003765-nw7l2,6adacaed-e517-4fd9-87ed-987362a8dad8,2,6878.426555
2026/02/04/15:19:35,running-time,rs-003765-nw7l2,6adacaed-e517-4fd9-87ed-987362a8dad8,2,6878.426555
2026/02/04/15:19:35,apply-time,rs-003765-swp2k,77cb7e0e-9b13-43b7-9954-544bf24e20ec,2,6878.426555
2026/02/04/15:19:35,running-time,rs-003765-swp2k,77cb7e0e-9b13-43b7-9954-544bf24e20ec,2,6878.426555
2026/02/04/15:19:35,apply-time,rs-003766-l7ltk,7d054f22-96f5-46e6-a48c-48e8adb743f4,1,6878.426555
2026/02/04/15:19:35,apply-time,rs-003767-fcv6m,d851411b-ed6a-4d0a-b3ac-5019f514f008,3,6878.426555
2026/02/04/15:19:35,running-time,rs-003767-fcv6m,d851411b-ed6a-4d0a-b3ac-5019f514f008,3,6878.426555
2026/02/04/15:19:35,apply-time,rs-003768-5xxff,f0a240ed-9ebd-49f3-866e-77fddaa1cac0,2,6878.426555
2026/02/04/15:19:35,apply-time,rs-003769-dvv57,690584d3-98bf-42a3-b046-70427cc1a345,1,6878.426555
2026/02/04/15:19:35,running-time,rs-003769-dvv57,690584d3-98bf-42a3-b046-70427cc1a345,1,6878.426555
2026/02/04/15:19:35,apply-time,rs-003769-hgdhb,a1fe6dce-7a00-47d0-8719-3933572c26c1,1,6878.426555
2026/02/04/15:19:35,running-time,rs-003769-hgdhb,a1fe6dce-7a00-47d0-8719-3933572c26c1,1,6878.426555
2026/02/04/15:19:35,apply-time,rs-003770-mz2mb,a9cc2196-0ffd-49ba-81d2-bc1c02a0fc74,4,6878.426555
2026/02/04/15:19:39,running-time,rs-003770-mz2mb,a9cc2196-0ffd-49ba-81d2-bc1c02a0fc74,4,6883.426555
2026/02/04/15:19:40,running-time,rs-003768-5xxff,f0a240ed-9ebd-49f3-866e-77fddaa1cac0,2,6883.426555
2026/02/04/15:19:43,apply-time,rs-003771-rkvmz,33441dcc-42ba-42c0-bf9f-64f8b746a265,1,6886.426555
2026/02/04/15:19:43,running-time,rs-003771-rkvmz,33441dcc-42ba-42c0-bf9f-64f8b746a265,1,6886.426555
2026/02/04/15:19:43,apply-time,rs-003772-tq8v5,e11b2152-c389-4829-bbcd-54c56bea6c9e,1,6886.426555
2026/02/04/15:19:43,apply-time,rs-003773-4n262,26d8cb52-4b13-4034-a701-991ce7a02dd3,1,6886.426555
2026/02/04/15:19:43,running-time,rs-003773-4n262,26d8cb52-4b13-4034-a701-991ce7a02dd3,1,6886.426555
2026/02/04/15:19:43,apply-time,rs-003774-6nngq,33d78510-b984-4e57-b5b0-958717caf484,3,6886.426555
2026/02/04/15:19:43,running-time,rs-003774-6nngq,33d78510-b984-4e57-b5b0-958717caf484,3,6886.426555
2026/02/04/15:19:43,apply-time,rs-003774-86qcc,4517664d-bb8f-4344-8995-bf291b3b601a,3,6886.426555
2026/02/04/15:19:43,running-time,rs-003774-86qcc,4517664d-bb8f-4344-8995-bf291b3b601a,3,6886.426555
2026/02/04/15:19:43,apply-time,rs-003774-gzz86,c8355ade-5f75-4032-9c70-3d7337210ddc,3,6886.426555
2026/02/04/15:19:43,running-time,rs-003774-gzz86,c8355ade-5f75-4032-9c70-3d7337210ddc,3,6886.426555
2026/02/04/15:19:43,apply-time,rs-003775-jfxvd,c883e106-fcde-4cba-b592-2182be1eb2f1,3,6886.426555
2026/02/04/15:19:43,apply-time,rs-003776-k2xlk,0029821c-a5cd-4561-bbbe-de28fb22d5dd,1,6886.426555
2026/02/04/15:19:43,apply-time,rs-003777-6kzwh,72fd711f-b452-439a-8c7a-ceb69dd2d2be,3,6886.426555
2026/02/04/15:19:43,apply-time,rs-003777-c82sk,2367a74f-715b-4203-ae36-43b23ef334ac,3,6887.426555
2026/02/04/15:19:43,apply-time,rs-003778-fzhwp,5d93a824-eb1f-477d-b8bb-648e3608db4f,1,6887.426555
2026/02/04/15:19:43,apply-time,rs-003779-ldvxf,fa45f1e4-9159-4117-a03b-1c26addbdb4f,4,6887.426555
2026/02/04/15:19:45,apply-time,rs-003780-djwxt,dee4f835-ffe7-4490-a2a3-16be9064f290,3,6889.426555
2026/02/04/15:19:45,apply-time,rs-003781-5dt4s,c39d99ff-3b77-4133-89fa-f27d9f305c48,3,6889.426555
2026/02/04/15:19:45,apply-time,rs-003781-qlmcn,605eebc1-8972-4f75-a24f-d76df02e4230,3,6889.426555
2026/02/04/15:19:45,apply-time,rs-003781-zvg58,90efbe4e-a3c2-4658-9720-00a10bb8ee3f,3,6889.426555
2026/02/04/15:19:46,running-time,rs-003780-djwxt,dee4f835-ffe7-4490-a2a3-16be9064f290,3,6889.426555
2026/02/04/15:19:46,running-time,rs-003781-5dt4s,c39d99ff-3b77-4133-89fa-f27d9f305c48,3,6889.426555
2026/02/04/15:19:46,running-time,rs-003781-qlmcn,605eebc1-8972-4f75-a24f-d76df02e4230,3,6889.426555
2026/02/04/15:19:47,running-time,rs-003772-tq8v5,e11b2152-c389-4829-bbcd-54c56bea6c9e,1,6890.426555
2026/02/04/15:19:47,running-time,rs-003775-jfxvd,c883e106-fcde-4cba-b592-2182be1eb2f1,3,6890.426555
2026/02/04/15:19:47,running-time,rs-003777-c82sk,2367a74f-715b-4203-ae36-43b23ef334ac,3,6890.426555
2026/02/04/15:19:47,running-time,rs-003778-fzhwp,5d93a824-eb1f-477d-b8bb-648e3608db4f,1,6890.426555
2026/02/04/15:19:47,running-time,rs-003781-zvg58,90efbe4e-a3c2-4658-9720-00a10bb8ee3f,3,6890.426555
2026/02/04/15:19:49,running-time,rs-003777-6kzwh,72fd711f-b452-439a-8c7a-ceb69dd2d2be,3,6892.426555
2026/02/04/15:19:50,running-time,rs-003776-k2xlk,0029821c-a5cd-4561-bbbe-de28fb22d5dd,1,6893.426555
2026/02/04/15:20:03,apply-time,rs-003782-vthf2,9650d1bb-0f0e-481a-b16d-7d2f7fea6d4b,1,6907.426555
2026/02/04/15:20:03,running-time,rs-003782-vthf2,9650d1bb-0f0e-481a-b16d-7d2f7fea6d4b,1,6907.426555
2026/02/04/15:20:03,apply-time,rs-003782-wndts,06726bf1-ae3e-4989-a460-78c36519517f,1,6907.426555
2026/02/04/15:20:03,running-time,rs-003782-wndts,06726bf1-ae3e-4989-a460-78c36519517f,1,6907.426555
2026/02/04/15:20:03,apply-time,rs-003783-fjzsm,2d90155d-50bb-4ac7-889c-617b22996098,1,6907.426555
2026/02/04/15:20:03,running-time,rs-003783-fjzsm,2d90155d-50bb-4ac7-889c-617b22996098,1,6907.426555
2026/02/04/15:20:03,apply-time,rs-003783-xnc5g,e5131bde-7d36-4f6c-ba68-3c5293b0bb90,1,6907.426555
2026/02/04/15:20:03,running-time,rs-003783-xnc5g,e5131bde-7d36-4f6c-ba68-3c5293b0bb90,1,6907.426555
2026/02/04/15:20:03,apply-time,rs-003784-85ksk,24ceab56-fa92-4079-b6ca-b865b578989f,3,6907.426555
2026/02/04/15:20:03,running-time,rs-003784-85ksk,24ceab56-fa92-4079-b6ca-b865b578989f,3,6907.426555
2026/02/04/15:20:03,apply-time,rs-003784-rbp4m,5d14f138-9a1c-43f6-aa04-b2ee29538a76,3,6907.426555
2026/02/04/15:20:03,running-time,rs-003784-rbp4m,5d14f138-9a1c-43f6-aa04-b2ee29538a76,3,6907.426555
2026/02/04/15:20:03,apply-time,rs-003785-jqkw9,07459250-055c-4625-bf73-4c6bbfc83f75,1,6907.426555
2026/02/04/15:20:03,running-time,rs-003785-jqkw9,07459250-055c-4625-bf73-4c6bbfc83f75,1,6907.426555
2026/02/04/15:20:04,apply-time,rs-003785-rfx5t,4987c227-1d38-4a9e-8984-bfd39c4e53c6,1,6907.426555
2026/02/04/15:20:04,running-time,rs-003785-rfx5t,4987c227-1d38-4a9e-8984-bfd39c4e53c6,1,6907.426555
2026/02/04/15:20:04,apply-time,rs-003786-cxrnb,e93fbbee-cbff-4a4f-a1de-5a94a8ccd165,1,6907.426555
2026/02/04/15:20:04,apply-time,rs-003786-d7xp4,2094b715-a599-48c2-8f77-6b2169963e41,1,6907.426555
2026/02/04/15:20:04,apply-time,rs-003786-vxqbm,ce3af55e-7571-4a4d-ab65-1228f0d9ed9a,1,6907.426555
2026/02/04/15:20:05,apply-time,rs-003787-nfrhp,f769c243-d591-4a7e-90d3-2ca316349b5d,2,6908.426555
2026/02/04/15:20:05,running-time,rs-003787-nfrhp,f769c243-d591-4a7e-90d3-2ca316349b5d,2,6908.426555
2026/02/04/15:20:05,apply-time,rs-003787-pxfzs,58735117-6298-4ea1-a890-4ab5cdcdd0e9,2,6908.426555
2026/02/04/15:20:05,running-time,rs-003787-pxfzs,58735117-6298-4ea1-a890-4ab5cdcdd0e9,2,6908.426555
2026/02/04/15:20:05,apply-time,rs-003788-jthp2,f168a729-42e7-4f6d-a830-cba7f0843e79,3,6908.426555
2026/02/04/15:20:05,running-time,rs-003788-jthp2,f168a729-42e7-4f6d-a830-cba7f0843e79,3,6908.426555
2026/02/04/15:20:05,apply-time,rs-003789-mlcvv,1a840af2-ecad-4722-ad4d-fcd82d4729ea,4,6908.426555
2026/02/04/15:20:05,running-time,rs-003789-mlcvv,1a840af2-ecad-4722-ad4d-fcd82d4729ea,4,6908.426555
2026/02/04/15:20:05,apply-time,rs-003790-62f74,b75a99f0-8678-4557-9a26-b5e94dbe781d,4,6909.426555
2026/02/04/15:20:05,running-time,rs-003790-62f74,b75a99f0-8678-4557-9a26-b5e94dbe781d,4,6909.426555
2026/02/04/15:20:05,apply-time,rs-003790-fxsjm,186987f4-30f6-4004-869c-b9d973d408be,4,6909.426555
2026/02/04/15:20:05,apply-time,rs-003790-t2xfr,ccb83bae-98c8-430f-a0f6-9ccacb364876,4,6909.426555
2026/02/04/15:20:05,apply-time,rs-003791-qgklx,5a1b52c1-f4ba-406b-b815-d3cc2cdc0808,4,6909.426555
2026/02/04/15:20:05,apply-time,rs-003792-bmhr2,56ecf4d1-4969-4dcd-86cf-0e91c275857a,1,6909.426555
2026/02/04/15:20:05,apply-time,rs-003793-kjx5x,365d6e52-4c4f-42c9-8bd6-f00b5c7b3283,1,6909.426555
2026/02/04/15:20:06,running-time,rs-003790-fxsjm,186987f4-30f6-4004-869c-b9d973d408be,4,6909.426555
2026/02/04/15:20:06,running-time,rs-003790-t2xfr,ccb83bae-98c8-430f-a0f6-9ccacb364876,4,6909.426555
2026/02/04/15:20:06,running-time,rs-003791-qgklx,5a1b52c1-f4ba-406b-b815-d3cc2cdc0808,4,6909.426555
2026/02/04/15:20:06,running-time,rs-003792-bmhr2,56ecf4d1-4969-4dcd-86cf-0e91c275857a,1,6909.426555
2026/02/04/15:20:06,apply-time,rs-003792-hbkjm,efbf2983-3dfe-43f4-893c-29bcc7fee08d,1,6909.426555
2026/02/04/15:20:06,running-time,rs-003792-hbkjm,efbf2983-3dfe-43f4-893c-29bcc7fee08d,1,6909.426555
2026/02/04/15:20:06,apply-time,rs-003792-l7kzh,c76221e9-918f-4d8b-9690-0b1b47803a22,1,6909.426555
2026/02/04/15:20:06,running-time,rs-003792-l7kzh,c76221e9-918f-4d8b-9690-0b1b47803a22,1,6909.426555
2026/02/04/15:20:06,running-time,rs-003793-kjx5x,365d6e52-4c4f-42c9-8bd6-f00b5c7b3283,1,6909.426555
2026/02/04/15:20:07,apply-time,rs-003794-k9gc2,00f327bd-a3d4-44a6-b78d-d8bfc8191a9b,2,6911.426555
2026/02/04/15:20:07,apply-time,rs-003794-nqfvp,57a8c6b9-a5b9-4a48-bb70-fb69391ae684,2,6911.426555
2026/02/04/15:20:07,apply-time,rs-003794-zhmkn,e49696d1-9649-4fc6-8fa7-36e6b3210db4,2,6911.426555
2026/02/04/15:20:08,apply-time,rs-003795-chcmw,73c33ba2-f79c-43b1-869a-c8e59fd75989,4,6911.426555
2026/02/04/15:20:08,running-time,rs-003795-chcmw,73c33ba2-f79c-43b1-869a-c8e59fd75989,4,6911.426555
2026/02/04/15:20:08,apply-time,rs-003795-hkw79,9b471475-1f95-499e-b64e-5f94ae2754ef,4,6911.426555
2026/02/04/15:20:08,running-time,rs-003795-hkw79,9b471475-1f95-499e-b64e-5f94ae2754ef,4,6911.426555
2026/02/04/15:20:08,apply-time,rs-003795-vdj5k,ee0518f2-962c-48b8-8f2c-f3cc67d33f2f,4,6911.426555
2026/02/04/15:20:08,running-time,rs-003795-vdj5k,ee0518f2-962c-48b8-8f2c-f3cc67d33f2f,4,6911.426555
2026/02/04/15:20:08,apply-time,rs-003796-7rzlh,0c7bbf7d-da33-45f4-9012-6d1c414a446d,3,6911.426555
2026/02/04/15:20:08,apply-time,rs-003796-w6pm6,2d55e337-6522-45db-92c0-4d41c8604888,3,6911.426555
2026/02/04/15:20:08,apply-time,rs-003797-g5z5x,9a415800-2b7e-40fd-81c2-17b7c59a2a30,2,6912.426555
2026/02/04/15:20:08,running-time,rs-003797-g5z5x,9a415800-2b7e-40fd-81c2-17b7c59a2a30,2,6912.426555
2026/02/04/15:20:08,apply-time,rs-003797-rktwx,2c6fdc7b-1879-49dc-8c58-59375510f006,2,6911.426555
2026/02/04/15:20:08,running-time,rs-003797-rktwx,2c6fdc7b-1879-49dc-8c58-59375510f006,2,6912.426555
2026/02/04/15:20:08,apply-time,rs-003798-bbbzs,6c4064b8-3c81-43ee-93ee-7ba70fe42562,1,6911.426555
2026/02/04/15:20:08,running-time,rs-003798-bbbzs,6c4064b8-3c81-43ee-93ee-7ba70fe42562,1,6911.426555
2026/02/04/15:20:08,apply-time,rs-003799-v72x8,fe490426-51a9-434b-93f7-eefc51d15b46,1,6911.426555
2026/02/04/15:20:08,running-time,rs-003799-v72x8,fe490426-51a9-434b-93f7-eefc51d15b46,1,6911.426555
2026/02/04/15:20:09,running-time,rs-003796-7rzlh,0c7bbf7d-da33-45f4-9012-6d1c414a446d,3,6912.426555
2026/02/04/15:20:09,apply-time,rs-003800-w48w6,ce9cc15e-717c-4c78-95a5-2ed2633913a2,3,6913.426555
2026/02/04/15:20:10,running-time,rs-003800-w48w6,ce9cc15e-717c-4c78-95a5-2ed2633913a2,3,6913.426555
2026/02/04/15:20:19,running-time,rs-003796-w6pm6,2d55e337-6522-45db-92c0-4d41c8604888,3,6923.426555
2026/02/04/15:20:27,apply-time,rs-003801-cxdsl,8b9ed340-3cc9-492b-9bca-877564f04859,2,6930.426555
2026/02/04/15:20:27,running-time,rs-003801-cxdsl,8b9ed340-3cc9-492b-9bca-877564f04859,2,6930.426555
2026/02/04/15:20:27,apply-time,rs-003801-htmhd,dac15386-b305-44e4-9cdb-8b0772a364bc,2,6930.426555
2026/02/04/15:20:27,running-time,rs-003801-htmhd,dac15386-b305-44e4-9cdb-8b0772a364bc,2,6930.426555
2026/02/04/15:20:43,apply-time,rs-003802-h4t4f,f7364798-4903-4846-b946-93849fb85019,3,6947.426555
2026/02/04/15:20:43,running-time,rs-003802-h4t4f,f7364798-4903-4846-b946-93849fb85019,3,6947.426555
2026/02/04/15:20:43,apply-time,rs-003802-h9p9c,45f96a63-a8c5-41a6-81bc-9ec80427558d,3,6947.426555
2026/02/04/15:20:43,running-time,rs-003802-h9p9c,45f96a63-a8c5-41a6-81bc-9ec80427558d,3,6947.426555
2026/02/04/15:20:43,apply-time,rs-003802-wg89k,1d1ed1d8-338d-4eac-b5d2-7a11bb4d669d,3,6947.426555
2026/02/04/15:20:43,running-time,rs-003802-wg89k,1d1ed1d8-338d-4eac-b5d2-7a11bb4d669d,3,6947.426555
2026/02/04/15:20:43,apply-time,rs-003803-bql8p,5a9cdd3d-56d9-4dcf-9819-bf5422a071e2,2,6947.426555
2026/02/04/15:20:43,running-time,rs-003803-bql8p,5a9cdd3d-56d9-4dcf-9819-bf5422a071e2,2,6947.426555
2026/02/04/15:20:43,apply-time,rs-003803-xmrdp,4bd9f7a2-678d-4b6b-afb9-5599fe0646f9,2,6947.426555
2026/02/04/15:20:43,running-time,rs-003803-xmrdp,4bd9f7a2-678d-4b6b-afb9-5599fe0646f9,2,6947.426555
2026/02/04/15:20:44,apply-time,rs-003804-65cg2,4dcfd39e-a6d0-41f7-8745-bae9b73cfcad,1,6947.426555
2026/02/04/15:20:44,running-time,rs-003804-65cg2,4dcfd39e-a6d0-41f7-8745-bae9b73cfcad,1,6947.426555
2026/02/04/15:20:44,apply-time,rs-003805-55jhg,ec2896cc-02b5-4fe2-82fd-292fe086c140,1,6947.426555
2026/02/04/15:20:44,running-time,rs-003805-55jhg,ec2896cc-02b5-4fe2-82fd-292fe086c140,1,6947.426555
2026/02/04/15:20:44,apply-time,rs-003805-gxmkj,9c469d75-e235-4e6b-a2f5-f85683caa017,1,6947.426555
2026/02/04/15:20:44,running-time,rs-003805-gxmkj,9c469d75-e235-4e6b-a2f5-f85683caa017,1,6947.426555
2026/02/04/15:20:44,apply-time,rs-003805-xwnfp,ed3d2e6e-00d4-4f9c-957b-72aa291cae49,1,6947.426555
2026/02/04/15:20:44,running-time,rs-003805-xwnfp,ed3d2e6e-00d4-4f9c-957b-72aa291cae49,1,6947.426555
2026/02/04/15:20:44,apply-time,rs-003806-gzhcw,e3b65fd9-9374-4581-88b6-d49eb58a9c95,2,6947.426555
2026/02/04/15:20:44,running-time,rs-003806-gzhcw,e3b65fd9-9374-4581-88b6-d49eb58a9c95,2,6947.426555
2026/02/04/15:20:44,apply-time,rs-003806-lgjg7,729b66d6-5934-43dc-bec2-d764574bb732,2,6947.426555
2026/02/04/15:20:44,running-time,rs-003806-lgjg7,729b66d6-5934-43dc-bec2-d764574bb732,2,6947.426555
2026/02/04/15:20:44,apply-time,rs-003806-nh8z5,a2d3444d-4824-40e2-a8cd-6f80ab5d58ca,2,6947.426555
2026/02/04/15:20:44,running-time,rs-003806-nh8z5,a2d3444d-4824-40e2-a8cd-6f80ab5d58ca,2,6947.426555
2026/02/04/15:21:05,apply-time,rs-003807-4nn2d,733d5785-0e2e-47d2-924b-e848fad423af,1,6969.426555
2026/02/04/15:21:05,running-time,rs-003807-4nn2d,733d5785-0e2e-47d2-924b-e848fad423af,1,6969.426555
2026/02/04/15:21:05,apply-time,rs-003807-7r6tj,14936780-68c4-442d-a95d-1de1c9e0382b,1,6969.426555
2026/02/04/15:21:05,running-time,rs-003807-7r6tj,14936780-68c4-442d-a95d-1de1c9e0382b,1,6969.426555
2026/02/04/15:21:05,apply-time,rs-003807-bc2lq,a01bcd15-135a-46f6-afc2-c2f3e7ed247a,1,6969.426555
2026/02/04/15:21:05,running-time,rs-003807-bc2lq,a01bcd15-135a-46f6-afc2-c2f3e7ed247a,1,6969.426555
2026/02/04/15:21:10,apply-time,rs-003808-4wf27,4c3ef63c-e4c6-4672-a656-5d979df74895,1,6973.426555
2026/02/04/15:21:10,running-time,rs-003808-4wf27,4c3ef63c-e4c6-4672-a656-5d979df74895,1,6973.426555
2026/02/04/15:21:10,apply-time,rs-003808-7pc5f,f4a63baa-1f98-43ef-9e4e-1eb3239ed422,1,6973.426555
2026/02/04/15:21:10,running-time,rs-003808-7pc5f,f4a63baa-1f98-43ef-9e4e-1eb3239ed422,1,6973.426555
2026/02/04/15:21:10,apply-time,rs-003808-d4rwx,a522a8f4-fbd7-4326-a1be-bfdbd3f5a138,1,6973.426555
2026/02/04/15:21:10,running-time,rs-003808-d4rwx,a522a8f4-fbd7-4326-a1be-bfdbd3f5a138,1,6973.426555
2026/02/04/15:21:10,apply-time,rs-003809-kng7z,9325b333-aa83-4495-b146-27fbd62563b9,3,6974.426555
2026/02/04/15:21:10,running-time,rs-003809-kng7z,9325b333-aa83-4495-b146-27fbd62563b9,3,6974.426555
2026/02/04/15:21:10,apply-time,rs-003809-njc7l,2c820558-1bca-49bd-b4c2-b773981e3544,3,6974.426555
2026/02/04/15:21:10,running-time,rs-003809-njc7l,2c820558-1bca-49bd-b4c2-b773981e3544,3,6974.426555
2026/02/04/15:21:10,apply-time,rs-003810-rjwg9,fa6265e2-9623-4b1e-b1b0-c7b15602018d,1,6974.426555
2026/02/04/15:21:10,running-time,rs-003810-rjwg9,fa6265e2-9623-4b1e-b1b0-c7b15602018d,1,6974.426555
2026/02/04/15:21:10,apply-time,rs-003810-zcmdr,ef65d22d-ab25-4979-9278-2ed8c9f9b428,1,6974.426555
2026/02/04/15:21:10,running-time,rs-003810-zcmdr,ef65d22d-ab25-4979-9278-2ed8c9f9b428,1,6974.426555
2026/02/04/15:21:10,apply-time,rs-003811-7k6ls,bdbba513-e969-43fe-ac5f-b3fedf171a50,3,6974.426555
2026/02/04/15:21:10,running-time,rs-003811-7k6ls,bdbba513-e969-43fe-ac5f-b3fedf171a50,3,6974.426555
2026/02/04/15:21:10,apply-time,rs-003811-b4wwr,e852bddb-89f0-4203-bf10-2c995922cbd5,3,6974.426555
2026/02/04/15:21:10,running-time,rs-003811-b4wwr,e852bddb-89f0-4203-bf10-2c995922cbd5,3,6974.426555
2026/02/04/15:21:10,apply-time,rs-003812-j4grm,129c99d9-4772-4d1b-8b3b-28ff0fc8bd5e,1,6974.426555
2026/02/04/15:21:10,apply-time,rs-003813-gffpp,7a8866a3-028c-4030-99b2-7de446e07e78,2,6974.426555
2026/02/04/15:21:10,apply-time,rs-003813-hcdbm,e91b88b7-deec-4aa4-afeb-a15cd9f109b5,2,6974.426555
2026/02/04/15:21:10,apply-time,rs-003813-j84rj,d46126fb-99a5-4583-972e-59b29935b2d5,2,6974.426555
2026/02/04/15:21:10,running-time,rs-003813-j84rj,d46126fb-99a5-4583-972e-59b29935b2d5,2,6974.426555
2026/02/04/15:21:10,apply-time,rs-003814-qmlsz,1f2563d0-92b7-4e5c-8027-89b2d0c0e700,2,6974.426555
2026/02/04/15:21:10,apply-time,rs-003814-rrqvm,bc3c5b90-6009-4c9c-ac96-d47d1b2e5f75,2,6974.426555
2026/02/04/15:21:10,apply-time,rs-003815-9qw76,c4e570a2-988b-4b2d-85a6-a9c77d2cfe4e,1,6974.426555
2026/02/04/15:21:10,running-time,rs-003815-9qw76,c4e570a2-988b-4b2d-85a6-a9c77d2cfe4e,1,6974.426555
2026/02/04/15:21:10,apply-time,rs-003815-d84x4,773d2793-816e-4f26-a10b-7fbbc73709f1,1,6974.426555
2026/02/04/15:21:10,apply-time,rs-003815-gxpgg,30253228-0887-44c2-bc4c-2844ffaa5840,1,6974.426555
2026/02/04/15:21:11,running-time,rs-003812-j4grm,129c99d9-4772-4d1b-8b3b-28ff0fc8bd5e,1,6974.426555
2026/02/04/15:21:11,running-time,rs-003813-gffpp,7a8866a3-028c-4030-99b2-7de446e07e78,2,6974.426555
2026/02/04/15:21:11,running-time,rs-003813-hcdbm,e91b88b7-deec-4aa4-afeb-a15cd9f109b5,2,6974.426555
2026/02/04/15:21:11,running-time,rs-003814-qmlsz,1f2563d0-92b7-4e5c-8027-89b2d0c0e700,2,6974.426555
2026/02/04/15:21:11,running-time,rs-003814-rrqvm,bc3c5b90-6009-4c9c-ac96-d47d1b2e5f75,2,6974.426555
2026/02/04/15:21:11,running-time,rs-003815-d84x4,773d2793-816e-4f26-a10b-7fbbc73709f1,1,6974.426555
2026/02/04/15:21:11,running-time,rs-003815-gxpgg,30253228-0887-44c2-bc4c-2844ffaa5840,1,6974.426555
2026/02/04/15:21:11,apply-time,rs-003816-49tt2,e4eadac1-720a-48c0-897c-44871aebcb49,3,6975.426555
2026/02/04/15:21:11,apply-time,rs-003816-vczmr,2dbb8b75-84bc-4da6-a2d7-ae097ccf7ecd,3,6974.426555
2026/02/04/15:21:11,running-time,rs-003816-vczmr,2dbb8b75-84bc-4da6-a2d7-ae097ccf7ecd,3,6974.426555
2026/02/04/15:21:11,apply-time,rs-003817-9g9qh,00665e78-45e5-412d-9001-c11bbd3292d6,1,6975.426555
2026/02/04/15:21:11,apply-time,rs-003818-474kh,53b65cea-e622-4e46-a1cd-9bb48f104b98,3,6975.426555
2026/02/04/15:21:11,apply-time,rs-003818-x6nbc,5419827e-877c-4a99-920b-ffc5772ac01d,3,6975.426555
2026/02/04/15:21:11,apply-time,rs-003819-c4fvp,3fc3770a-db62-414c-9e06-a7307fdf3dff,1,6975.426555
2026/02/04/15:21:12,apply-time,rs-003820-htrgz,9c5edfe7-d994-49c4-af06-2152e47aa07c,2,6975.426555
2026/02/04/15:21:12,running-time,rs-003820-htrgz,9c5edfe7-d994-49c4-af06-2152e47aa07c,2,6975.426555
2026/02/04/15:21:12,apply-time,rs-003821-7w57f,e0555d1e-913f-438c-a17a-4e6188a6f67c,2,6976.426555
2026/02/04/15:21:12,apply-time,rs-003821-km4hx,3675a248-8a39-43fb-857b-1f6a0c009cad,2,6976.426555
2026/02/04/15:21:12,running-time,rs-003821-km4hx,3675a248-8a39-43fb-857b-1f6a0c009cad,2,6976.426555
2026/02/04/15:21:12,apply-time,rs-003822-f9l46,73433d67-4824-4028-ac19-e4ef0e81eceb,3,6975.426555
2026/02/04/15:21:12,running-time,rs-003822-f9l46,73433d67-4824-4028-ac19-e4ef0e81eceb,3,6975.426555
2026/02/04/15:21:12,apply-time,rs-003822-mcqlf,c40e3f55-7739-40dd-a3a0-de5b9feaabbd,3,6976.426555
2026/02/04/15:21:12,apply-time,rs-003822-rkzvs,0103923a-5832-467f-80b3-2c695a44ea34,3,6976.426555
2026/02/04/15:21:12,apply-time,rs-003823-4gwn7,d86076a2-a546-4194-a3f9-3d98f37e63a3,1,6976.426555
2026/02/04/15:21:12,running-time,rs-003823-4gwn7,d86076a2-a546-4194-a3f9-3d98f37e63a3,1,6976.426555
2026/02/04/15:21:13,running-time,rs-003816-49tt2,e4eadac1-720a-48c0-897c-44871aebcb49,3,6976.426555
2026/02/04/15:21:13,running-time,rs-003818-474kh,53b65cea-e622-4e46-a1cd-9bb48f104b98,3,6976.426555
2026/02/04/15:21:13,running-time,rs-003818-x6nbc,5419827e-877c-4a99-920b-ffc5772ac01d,3,6976.426555
2026/02/04/15:21:13,running-time,rs-003819-c4fvp,3fc3770a-db62-414c-9e06-a7307fdf3dff,1,6977.426555
2026/02/04/15:21:13,running-time,rs-003821-7w57f,e0555d1e-913f-438c-a17a-4e6188a6f67c,2,6976.426555
2026/02/04/15:21:13,running-time,rs-003822-mcqlf,c40e3f55-7739-40dd-a3a0-de5b9feaabbd,3,6976.426555
2026/02/04/15:21:18,running-time,rs-003822-rkzvs,0103923a-5832-467f-80b3-2c695a44ea34,3,6982.426555
2026/02/04/15:21:37,apply-time,rs-003824-h6qpz,0f3dabee-157c-4f3c-a216-c49d4fac283a,1,7001.426555
2026/02/04/15:21:37,running-time,rs-003824-h6qpz,0f3dabee-157c-4f3c-a216-c49d4fac283a,1,7001.426555
2026/02/04/15:21:37,apply-time,rs-003825-6xsjh,ecef6919-b8cd-4bc8-ad11-d577097bec41,4,7001.426555
2026/02/04/15:21:37,running-time,rs-003825-6xsjh,ecef6919-b8cd-4bc8-ad11-d577097bec41,4,7001.426555
2026/02/04/15:21:37,apply-time,rs-003825-jwgw9,0e08dc42-906e-496e-8a6c-2ade6ce716b4,4,7001.426555
2026/02/04/15:21:37,running-time,rs-003825-jwgw9,0e08dc42-906e-496e-8a6c-2ade6ce716b4,4,7001.426555
2026/02/04/15:21:37,apply-time,rs-003825-pg2ws,483e2fec-2f2a-4c6f-afc4-3078c021e1df,4,7001.426555
2026/02/04/15:21:37,running-time,rs-003825-pg2ws,483e2fec-2f2a-4c6f-afc4-3078c021e1df,4,7001.426555
2026/02/04/15:21:48,apply-time,rs-003826-wmlmw,b7bdd270-9568-4ab3-9559-2d3ec4a5831a,1,7012.426555
2026/02/04/15:21:48,running-time,rs-003826-wmlmw,b7bdd270-9568-4ab3-9559-2d3ec4a5831a,1,7012.426555
2026/02/04/15:21:48,apply-time,rs-003827-4lc5d,dc9d3071-89d5-4ea6-a52d-a81c9de16589,2,7012.426555
2026/02/04/15:21:48,running-time,rs-003827-4lc5d,dc9d3071-89d5-4ea6-a52d-a81c9de16589,2,7012.426555
2026/02/04/15:21:48,apply-time,rs-003827-ptbcf,5b254b4a-7764-4ce8-9307-313572bbe96c,2,7012.426555
2026/02/04/15:21:48,running-time,rs-003827-ptbcf,5b254b4a-7764-4ce8-9307-313572bbe96c,2,7012.426555
2026/02/04/15:21:48,apply-time,rs-003827-wr652,e5c20820-33d2-43e0-96b1-1195d2dffb81,2,7012.426555
2026/02/04/15:21:48,running-time,rs-003827-wr652,e5c20820-33d2-43e0-96b1-1195d2dffb81,2,7012.426555
2026/02/04/15:21:49,apply-time,rs-003828-7rwqv,295a4ba9-e13a-4315-996e-26eb843687e0,4,7013.426555
2026/02/04/15:21:49,running-time,rs-003828-7rwqv,295a4ba9-e13a-4315-996e-26eb843687e0,4,7013.426555
2026/02/04/15:21:49,apply-time,rs-003828-vlbtm,23da94d1-2967-43ab-b752-986762f0a9c9,4,7013.426555
2026/02/04/15:21:49,running-time,rs-003828-vlbtm,23da94d1-2967-43ab-b752-986762f0a9c9,4,7013.426555
2026/02/04/15:21:49,apply-time,rs-003829-6fx8p,6f8eb817-312c-48af-8c9f-471395372f07,1,7013.426555
2026/02/04/15:21:49,running-time,rs-003829-6fx8p,6f8eb817-312c-48af-8c9f-471395372f07,1,7013.426555
2026/02/04/15:21:50,apply-time,rs-003830-b6frt,db9ca1d5-951b-44ef-aad7-bf5abf901110,2,7014.426555
2026/02/04/15:21:50,running-time,rs-003830-b6frt,db9ca1d5-951b-44ef-aad7-bf5abf901110,2,7014.426555
2026/02/04/15:21:50,apply-time,rs-003830-pk8r9,f9c9d26f-a9ac-4b36-b9d3-35723ed35423,2,7014.426555
2026/02/04/15:21:50,running-time,rs-003830-pk8r9,f9c9d26f-a9ac-4b36-b9d3-35723ed35423,2,7014.426555
2026/02/04/15:21:50,apply-time,rs-003831-b742l,7fcd7719-05f0-4a19-9faf-54b9426435de,2,7014.426555
2026/02/04/15:21:50,running-time,rs-003831-b742l,7fcd7719-05f0-4a19-9faf-54b9426435de,2,7014.426555
2026/02/04/15:21:50,apply-time,rs-003832-g5d7m,ee313001-17a2-443c-a813-ba8825dbb7a7,1,7014.426555
2026/02/04/15:21:50,running-time,rs-003832-g5d7m,ee313001-17a2-443c-a813-ba8825dbb7a7,1,7014.426555
2026/02/04/15:21:50,apply-time,rs-003832-kxzkl,4bdfbb7c-a03d-480d-a05a-87b1fbdd188d,1,7014.426555
2026/02/04/15:21:50,running-time,rs-003832-kxzkl,4bdfbb7c-a03d-480d-a05a-87b1fbdd188d,1,7014.426555
2026/02/04/15:21:50,apply-time,rs-003832-pqdv9,c0ddfe79-53f2-447f-a57b-cf234b845050,1,7014.426555
2026/02/04/15:21:50,running-time,rs-003832-pqdv9,c0ddfe79-53f2-447f-a57b-cf234b845050,1,7014.426555
2026/02/04/15:21:50,apply-time,rs-003833-hhthc,88cf26e8-bf28-4231-a5de-bab299fa4a66,2,7014.426555
2026/02/04/15:21:50,running-time,rs-003833-hhthc,88cf26e8-bf28-4231-a5de-bab299fa4a66,2,7014.426555
2026/02/04/15:21:51,apply-time,rs-003834-f7m4r,1bc655a8-18cd-41ff-a141-9343c99c8581,1,7014.426555
2026/02/04/15:21:51,running-time,rs-003834-f7m4r,1bc655a8-18cd-41ff-a141-9343c99c8581,1,7014.426555
2026/02/04/15:21:51,apply-time,rs-003834-qzfdq,d02bebcf-eab0-4464-94f0-3fdb890c446f,1,7014.426555
2026/02/04/15:21:51,running-time,rs-003834-qzfdq,d02bebcf-eab0-4464-94f0-3fdb890c446f,1,7014.426555
2026/02/04/15:21:51,apply-time,rs-003834-r6gbh,a3889d25-8b86-4d75-8695-6d3e55373eb6,1,7014.426555
2026/02/04/15:21:51,running-time,rs-003834-r6gbh,a3889d25-8b86-4d75-8695-6d3e55373eb6,1,7014.426555
2026/02/04/15:21:53,apply-time,rs-003835-9fc6m,47959dd8-0b84-4a4b-b5a5-2604357ff4bd,4,7017.426555
2026/02/04/15:21:53,apply-time,rs-003836-znbvd,e5c37626-88aa-4258-8a09-9e6e7c27fe20,1,7017.426555
2026/02/04/15:21:53,running-time,rs-003836-znbvd,e5c37626-88aa-4258-8a09-9e6e7c27fe20,1,7017.426555
2026/02/04/15:21:53,apply-time,rs-003837-x4crj,ebe22b99-c373-43ef-aef7-5f0e7670872a,1,7017.426555
2026/02/04/15:21:53,running-time,rs-003837-x4crj,ebe22b99-c373-43ef-aef7-5f0e7670872a,1,7017.426555
2026/02/04/15:21:53,apply-time,rs-003838-4ctlx,ecaaf581-45b5-4434-8b4a-214d0c025925,1,7017.426555
2026/02/04/15:21:53,running-time,rs-003838-4ctlx,ecaaf581-45b5-4434-8b4a-214d0c025925,1,7017.426555
2026/02/04/15:21:53,apply-time,rs-003838-j8sg8,64681aaf-b88a-4084-a4c4-fcf2fd9ff636,1,7017.426555
2026/02/04/15:21:53,running-time,rs-003838-j8sg8,64681aaf-b88a-4084-a4c4-fcf2fd9ff636,1,7017.426555
2026/02/04/15:21:53,apply-time,rs-003839-dgg65,4993684d-044d-4918-8517-8480a39dd877,2,7017.426555
2026/02/04/15:21:53,apply-time,rs-003840-5x5st,9c7ae8b1-4648-48e1-be7f-dcbff55360da,3,7017.426555
2026/02/04/15:21:53,running-time,rs-003840-5x5st,9c7ae8b1-4648-48e1-be7f-dcbff55360da,3,7017.426555
2026/02/04/15:21:55,running-time,rs-003835-9fc6m,47959dd8-0b84-4a4b-b5a5-2604357ff4bd,4,7019.426555
2026/02/04/15:21:55,running-time,rs-003839-dgg65,4993684d-044d-4918-8517-8480a39dd877,2,7018.426555
2026/02/04/15:22:08,apply-time,rs-003841-jbhd4,17aeda55-9687-466b-a7b0-33201aaf0467,1,7032.426555
2026/02/04/15:22:08,running-time,rs-003841-jbhd4,17aeda55-9687-466b-a7b0-33201aaf0467,1,7032.426555
2026/02/04/15:22:08,apply-time,rs-003842-qqn78,67550f4d-451f-4c0d-a798-a310f656becc,1,7032.426555
2026/02/04/15:22:08,running-time,rs-003842-qqn78,67550f4d-451f-4c0d-a798-a310f656becc,1,7032.426555
2026/02/04/15:22:08,apply-time,rs-003843-4qffw,1fe905c0-7c36-4e45-b9a5-11941a44beb0,3,7032.426555
2026/02/04/15:22:08,running-time,rs-003843-4qffw,1fe905c0-7c36-4e45-b9a5-11941a44beb0,3,7032.426555
2026/02/04/15:22:08,apply-time,rs-003843-9xxl8,76b916c7-595a-484c-8d14-72f2f49d4c7c,3,7032.426555
2026/02/04/15:22:08,running-time,rs-003843-9xxl8,76b916c7-595a-484c-8d14-72f2f49d4c7c,3,7032.426555
2026/02/04/15:22:08,apply-time,rs-003844-22fz6,880f00c4-8d34-4673-9a23-83adcd750752,3,7032.426555
2026/02/04/15:22:08,running-time,rs-003844-22fz6,880f00c4-8d34-4673-9a23-83adcd750752,3,7032.426555
2026/02/04/15:22:08,apply-time,rs-003845-k2zjh,6ab2c4f9-4793-480f-a2ab-70de3f267b2f,2,7032.426555
2026/02/04/15:22:08,running-time,rs-003845-k2zjh,6ab2c4f9-4793-480f-a2ab-70de3f267b2f,2,7032.426555
2026/02/04/15:22:08,apply-time,rs-003845-kggbx,1e3760ac-c7bd-4958-9d61-5d8ca327118e,2,7032.426555
2026/02/04/15:22:08,running-time,rs-003845-kggbx,1e3760ac-c7bd-4958-9d61-5d8ca327118e,2,7032.426555
2026/02/04/15:22:09,apply-time,rs-003846-9mjrk,0e9732a2-84cc-412e-9c99-8849ddf47e7d,1,7032.426555
2026/02/04/15:22:09,running-time,rs-003846-9mjrk,0e9732a2-84cc-412e-9c99-8849ddf47e7d,1,7032.426555
2026/02/04/15:22:09,apply-time,rs-003846-pzfc7,db2c3835-2a85-47c5-a62a-b212b612a999,1,7033.426555
2026/02/04/15:22:09,apply-time,rs-003846-r5dw6,8cec0065-3dfd-471e-b007-b466c93bbef8,1,7033.426555
2026/02/04/15:22:09,apply-time,rs-003847-9tjm2,08c54810-0ad8-4664-90b5-1d64219a0f01,1,7032.426555
2026/02/04/15:22:09,running-time,rs-003847-9tjm2,08c54810-0ad8-4664-90b5-1d64219a0f01,1,7032.426555
2026/02/04/15:22:09,apply-time,rs-003848-hs6f4,7c0b9ee8-2d01-4163-a68e-4f05c30ea46a,1,7033.426555
2026/02/04/15:22:09,apply-time,rs-003849-5spvw,33e7c988-ab21-4712-bb99-7c11c1965d1d,1,7033.426555
2026/02/04/15:22:09,running-time,rs-003849-5spvw,33e7c988-ab21-4712-bb99-7c11c1965d1d,1,7033.426555
2026/02/04/15:22:09,apply-time,rs-003849-pfp9s,612d4e08-153c-483b-b1da-5d9667ac0627,1,7033.426555
2026/02/04/15:22:09,running-time,rs-003849-pfp9s,612d4e08-153c-483b-b1da-5d9667ac0627,1,7033.426555
2026/02/04/15:22:11,running-time,rs-003846-r5dw6,8cec0065-3dfd-471e-b007-b466c93bbef8,1,7035.426555
2026/02/04/15:22:39,apply-time,rs-003850-knx5w,db0b2cc9-e81c-425c-adf4-569691808e1b,1,7063.426555
2026/02/04/15:22:39,running-time,rs-003850-knx5w,db0b2cc9-e81c-425c-adf4-569691808e1b,1,7063.426555
2026/02/04/15:22:39,apply-time,rs-003850-wpqb8,ff083f19-9315-4111-8059-3dd967a619a7,1,7063.426555
2026/02/04/15:22:39,running-time,rs-003850-wpqb8,ff083f19-9315-4111-8059-3dd967a619a7,1,7063.426555
2026/02/04/15:23:04,apply-time,rs-003851-7mkn8,a6304c14-7132-4b1f-be67-432b978ee139,2,7088.426555
2026/02/04/15:23:04,running-time,rs-003851-7mkn8,a6304c14-7132-4b1f-be67-432b978ee139,2,7088.426555
2026/02/04/15:23:04,apply-time,rs-003851-f2fwm,172d5aff-f4c6-41f4-bc5e-e4932966c40a,2,7088.426555
2026/02/04/15:23:04,running-time,rs-003851-f2fwm,172d5aff-f4c6-41f4-bc5e-e4932966c40a,2,7088.426555
2026/02/04/15:23:04,apply-time,rs-003852-9257m,c2bf9be3-1c3d-4f6e-b9b3-33d1e2fdced4,1,7088.426555
2026/02/04/15:23:04,running-time,rs-003852-9257m,c2bf9be3-1c3d-4f6e-b9b3-33d1e2fdced4,1,7088.426555
2026/02/04/15:23:04,apply-time,rs-003852-ff9vc,94582036-117b-4b9e-8e79-1183025516ae,1,7088.426555
2026/02/04/15:23:04,running-time,rs-003852-ff9vc,94582036-117b-4b9e-8e79-1183025516ae,1,7088.426555
2026/02/04/15:23:04,apply-time,rs-003852-qz82x,32c5eba6-899d-474d-866e-fcd1273e61ba,1,7088.426555
2026/02/04/15:23:04,running-time,rs-003852-qz82x,32c5eba6-899d-474d-866e-fcd1273e61ba,1,7088.426555
2026/02/04/15:23:04,apply-time,rs-003853-n8cng,80a53182-2efa-4196-a311-1caffc5fd156,2,7088.426555
2026/02/04/15:23:04,running-time,rs-003853-n8cng,80a53182-2efa-4196-a311-1caffc5fd156,2,7088.426555
2026/02/04/15:23:04,apply-time,rs-003853-wpckh,f96485ae-4aa7-48ea-9763-51d7818c8212,2,7088.426555
2026/02/04/15:23:04,running-time,rs-003853-wpckh,f96485ae-4aa7-48ea-9763-51d7818c8212,2,7088.426555
2026/02/04/15:23:04,apply-time,rs-003854-4hhxw,7353e9a5-0347-400a-b50a-0c85bd4a4aec,1,7088.426555
2026/02/04/15:23:04,running-time,rs-003854-4hhxw,7353e9a5-0347-400a-b50a-0c85bd4a4aec,1,7088.426555
2026/02/04/15:23:04,apply-time,rs-003854-7z9pk,57353a31-9a7a-4a90-9864-52217eb204a1,1,7088.426555
2026/02/04/15:23:04,running-time,rs-003854-7z9pk,57353a31-9a7a-4a90-9864-52217eb204a1,1,7088.426555
2026/02/04/15:23:04,apply-time,rs-003855-r2slg,6feac498-8504-422f-8dfe-035a8100c80a,2,7088.426555
2026/02/04/15:23:04,running-time,rs-003855-r2slg,6feac498-8504-422f-8dfe-035a8100c80a,2,7088.426555
2026/02/04/15:23:05,apply-time,rs-003856-w27z7,9a3abe39-c966-4f33-9dbb-b4a7b4e8f7c5,3,7089.426555
2026/02/04/15:23:05,running-time,rs-003856-w27z7,9a3abe39-c966-4f33-9dbb-b4a7b4e8f7c5,3,7089.426555
2026/02/04/15:23:05,apply-time,rs-003857-ggd8n,ce2b5db6-46b5-4a24-adf1-a22308ba0b43,2,7089.426555
2026/02/04/15:23:05,running-time,rs-003857-ggd8n,ce2b5db6-46b5-4a24-adf1-a22308ba0b43,2,7089.426555
2026/02/04/15:23:05,apply-time,rs-003858-ccf9s,a403f81d-e3fb-4b77-83b9-1858ef6f010a,2,7089.426555
2026/02/04/15:23:06,running-time,rs-003858-ccf9s,a403f81d-e3fb-4b77-83b9-1858ef6f010a,2,7089.426555
2026/02/04/15:23:06,apply-time,rs-003858-vm6xq,09c19724-2316-47dd-af07-a3eac2e8a784,2,7089.426555
2026/02/04/15:23:06,running-time,rs-003858-vm6xq,09c19724-2316-47dd-af07-a3eac2e8a784,2,7090.426555
2026/02/04/15:23:06,apply-time,rs-003859-zhbcb,12b4ad1d-9741-43dc-b0a8-b8375318c17a,1,7089.426555
2026/02/04/15:23:06,running-time,rs-003859-zhbcb,12b4ad1d-9741-43dc-b0a8-b8375318c17a,1,7089.426555
2026/02/04/15:23:06,apply-time,rs-003860-b2tbr,2e0433cb-2427-412f-aa94-3cb83e9a36c5,4,7089.426555
2026/02/04/15:23:06,running-time,rs-003860-b2tbr,2e0433cb-2427-412f-aa94-3cb83e9a36c5,4,7089.426555
2026/02/04/15:23:06,apply-time,rs-003861-8zcg6,86dbca5b-643f-4a47-a5d7-bc464c425a13,1,7089.426555
2026/02/04/15:23:06,running-time,rs-003861-8zcg6,86dbca5b-643f-4a47-a5d7-bc464c425a13,1,7089.426555
2026/02/04/15:23:07,apply-time,rs-003862-6b92v,1277226f-08dd-480b-a74a-3aea93b8caad,3,7091.426555
2026/02/04/15:23:07,running-time,rs-003862-6b92v,1277226f-08dd-480b-a74a-3aea93b8caad,3,7091.426555
2026/02/04/15:23:07,apply-time,rs-003862-hfhpn,410e1519-a6fc-4028-b857-752e94ac05ab,3,7091.426555
2026/02/04/15:23:07,running-time,rs-003862-hfhpn,410e1519-a6fc-4028-b857-752e94ac05ab,3,7091.426555
2026/02/04/15:23:07,apply-time,rs-003862-njkpv,a64e9cc4-6c97-4b3b-9106-a479554f0149,3,7091.426555
2026/02/04/15:23:07,running-time,rs-003862-njkpv,a64e9cc4-6c97-4b3b-9106-a479554f0149,3,7091.426555
2026/02/04/15:23:07,apply-time,rs-003863-bc2v5,d7f1dabd-7595-42f8-929b-c7d7a4fb3e36,1,7091.426555
2026/02/04/15:23:07,apply-time,rs-003863-pgxn9,3f78aa8c-5f30-4b04-a633-fc9a436deacb,1,7091.426555
2026/02/04/15:23:07,apply-time,rs-003863-rwhjf,b7b2ee77-1039-4c1f-a0b3-bae82e0eb92a,1,7091.426555
2026/02/04/15:23:07,apply-time,rs-003864-d79rm,87bf15a7-a82c-411c-a4c8-f204e7631d16,4,7091.426555
2026/02/04/15:23:07,running-time,rs-003864-d79rm,87bf15a7-a82c-411c-a4c8-f204e7631d16,4,7091.426555
2026/02/04/15:23:08,apply-time,rs-003865-9sqhd,809342cc-0b86-4760-a14c-01b2b3fcd308,4,7091.426555
2026/02/04/15:23:08,running-time,rs-003865-9sqhd,809342cc-0b86-4760-a14c-01b2b3fcd308,4,7091.426555
2026/02/04/15:23:08,apply-time,rs-003865-j2q77,41f3baf4-3411-4acf-a7be-d54aa79e1843,4,7092.426555
2026/02/04/15:23:08,running-time,rs-003865-j2q77,41f3baf4-3411-4acf-a7be-d54aa79e1843,4,7092.426555
2026/02/04/15:23:08,apply-time,rs-003865-kwngl,3ae989aa-46d3-4c65-a4c9-37fd42474052,4,7091.426555
2026/02/04/15:23:08,running-time,rs-003865-kwngl,3ae989aa-46d3-4c65-a4c9-37fd42474052,4,7092.426555
2026/02/04/15:23:10,running-time,rs-003863-bc2v5,d7f1dabd-7595-42f8-929b-c7d7a4fb3e36,1,7093.426555
2026/02/04/15:23:10,running-time,rs-003863-pgxn9,3f78aa8c-5f30-4b04-a633-fc9a436deacb,1,7094.426555
2026/02/04/15:23:10,running-time,rs-003863-rwhjf,b7b2ee77-1039-4c1f-a0b3-bae82e0eb92a,1,7093.426555
2026/02/04/15:23:14,apply-time,rs-003866-2cgsx,53c5d9a4-d00b-419b-b1ac-c86a014bafda,1,7098.426555
2026/02/04/15:23:14,running-time,rs-003866-2cgsx,53c5d9a4-d00b-419b-b1ac-c86a014bafda,1,7098.426555
2026/02/04/15:23:14,apply-time,rs-003866-7tv6z,467c46f6-e18d-49c1-a87d-821c42a9a500,1,7098.426555
2026/02/04/15:23:14,running-time,rs-003866-7tv6z,467c46f6-e18d-49c1-a87d-821c42a9a500,1,7098.426555
2026/02/04/15:23:14,apply-time,rs-003866-92mzn,488e0071-1bac-4fbe-9b45-4043ac6afd7c,1,7098.426555
2026/02/04/15:23:14,running-time,rs-003866-92mzn,488e0071-1bac-4fbe-9b45-4043ac6afd7c,1,7098.426555
2026/02/04/15:23:15,apply-time,rs-003867-9gckk,6652cadc-d557-4c55-b93a-069cb8b570ae,2,7098.426555
2026/02/04/15:23:15,running-time,rs-003867-9gckk,6652cadc-d557-4c55-b93a-069cb8b570ae,2,7098.426555
2026/02/04/15:23:15,apply-time,rs-003867-xlspw,4ab76f8f-3c85-4afa-b8b9-0c13f2b19b2a,2,7098.426555
2026/02/04/15:23:15,running-time,rs-003867-xlspw,4ab76f8f-3c85-4afa-b8b9-0c13f2b19b2a,2,7098.426555
2026/02/04/15:23:18,apply-time,rs-003868-cxsck,7073d538-ccee-4866-a324-b0238202b106,3,7102.426555
2026/02/04/15:23:18,running-time,rs-003868-cxsck,7073d538-ccee-4866-a324-b0238202b106,3,7102.426555
2026/02/04/15:23:18,apply-time,rs-003869-2m4j4,4a6e59c3-c922-4ff9-9516-7270b89fef4c,1,7102.426555
2026/02/04/15:23:18,running-time,rs-003869-2m4j4,4a6e59c3-c922-4ff9-9516-7270b89fef4c,1,7102.426555
2026/02/04/15:23:18,apply-time,rs-003869-4vvx8,0f950671-7b05-4456-a12d-e0f36b6feed4,1,7102.426555
2026/02/04/15:23:18,running-time,rs-003869-4vvx8,0f950671-7b05-4456-a12d-e0f36b6feed4,1,7102.426555
2026/02/04/15:23:18,apply-time,rs-003870-zx2kr,e65aacb8-f997-43e8-b56e-d30dd6695859,2,7102.426555
2026/02/04/15:23:18,running-time,rs-003870-zx2kr,e65aacb8-f997-43e8-b56e-d30dd6695859,2,7102.426555
2026/02/04/15:23:18,apply-time,rs-003871-vbptq,7fae52f5-b386-4165-9acf-d723ddc07191,3,7102.426555
2026/02/04/15:23:18,running-time,rs-003871-vbptq,7fae52f5-b386-4165-9acf-d723ddc07191,3,7102.426555
2026/02/04/15:23:29,apply-time,rs-003872-56msk,1ff717fd-f6f1-4f73-b3ec-879e7260921e,1,7112.426555
2026/02/04/15:23:29,running-time,rs-003872-56msk,1ff717fd-f6f1-4f73-b3ec-879e7260921e,1,7112.426555
2026/02/04/15:23:29,apply-time,rs-003872-f7zfs,9024ad3a-fdf6-412f-9096-21efb95584ca,1,7112.426555
2026/02/04/15:23:29,running-time,rs-003872-f7zfs,9024ad3a-fdf6-412f-9096-21efb95584ca,1,7112.426555
2026/02/04/15:23:29,apply-time,rs-003872-tlnn7,10f80051-a3aa-4151-b608-8d33c0a61ae8,1,7112.426555
2026/02/04/15:23:29,running-time,rs-003872-tlnn7,10f80051-a3aa-4151-b608-8d33c0a61ae8,1,7112.426555
2026/02/04/15:23:34,apply-time,rs-003873-6zd7k,8ed12b82-7fdd-405a-87af-ec41f8f5dc38,3,7118.426555
2026/02/04/15:23:34,running-time,rs-003873-6zd7k,8ed12b82-7fdd-405a-87af-ec41f8f5dc38,3,7118.426555
2026/02/04/15:23:34,apply-time,rs-003873-cbjr6,4dc38736-8792-4547-b02a-d40b677609ff,3,7118.426555
2026/02/04/15:23:34,running-time,rs-003873-cbjr6,4dc38736-8792-4547-b02a-d40b677609ff,3,7118.426555
2026/02/04/15:23:34,apply-time,rs-003874-rclxk,1ebdab77-3b5e-413a-ac00-3b62efad9f08,1,7118.426555
2026/02/04/15:23:34,apply-time,rs-003874-vkjzs,32e1b30b-e807-4020-9de8-2dcb012dc345,1,7118.426555
2026/02/04/15:23:34,apply-time,rs-003875-25s96,d05f5c59-7543-4e12-b935-1d6e1cfe534c,2,7118.426555
2026/02/04/15:23:34,running-time,rs-003875-25s96,d05f5c59-7543-4e12-b935-1d6e1cfe534c,2,7118.426555
2026/02/04/15:23:34,apply-time,rs-003875-zs69r,07cc142f-bfff-4c8b-8776-20f27d769463,2,7118.426555
2026/02/04/15:23:34,running-time,rs-003875-zs69r,07cc142f-bfff-4c8b-8776-20f27d769463,2,7118.426555
2026/02/04/15:23:34,apply-time,rs-003876-dgbkg,9441ea20-34fe-46a6-82f6-cf6b513f0fc5,1,7118.426555
2026/02/04/15:23:34,running-time,rs-003876-dgbkg,9441ea20-34fe-46a6-82f6-cf6b513f0fc5,1,7118.426555
2026/02/04/15:23:34,apply-time,rs-003876-q6bz6,c8a652f2-aa1b-43fa-a97c-084c8ba50290,1,7118.426555
2026/02/04/15:23:34,running-time,rs-003876-q6bz6,c8a652f2-aa1b-43fa-a97c-084c8ba50290,1,7118.426555
2026/02/04/15:23:34,apply-time,rs-003877-5tfsm,24752ae6-73bb-455f-95cb-6cfff5c2ee30,4,7118.426555
2026/02/04/15:23:34,running-time,rs-003877-5tfsm,24752ae6-73bb-455f-95cb-6cfff5c2ee30,4,7118.426555
2026/02/04/15:23:34,apply-time,rs-003877-86pml,5d66300f-f850-4e90-bc11-c11f6e6aff7f,4,7118.426555
2026/02/04/15:23:34,running-time,rs-003877-86pml,5d66300f-f850-4e90-bc11-c11f6e6aff7f,4,7118.426555
2026/02/04/15:23:34,apply-time,rs-003878-xhjgl,55a9e612-f715-4424-aa31-08ccda5a5705,2,7118.426555
2026/02/04/15:23:34,apply-time,rs-003879-mzng8,6247b3cb-647a-41bb-98d7-5404fdde4ade,1,7118.426555
2026/02/04/15:23:34,running-time,rs-003879-mzng8,6247b3cb-647a-41bb-98d7-5404fdde4ade,1,7118.426555
2026/02/04/15:23:34,apply-time,rs-003879-r9gns,c1e29a2c-34da-4354-8eb5-6d124b40ef3b,1,7118.426555
2026/02/04/15:23:34,running-time,rs-003879-r9gns,c1e29a2c-34da-4354-8eb5-6d124b40ef3b,1,7118.426555
2026/02/04/15:23:34,apply-time,rs-003879-xx4n9,2df4ac4c-bb61-43dc-9215-0bef0ca56c47,1,7118.426555
2026/02/04/15:23:34,running-time,rs-003879-xx4n9,2df4ac4c-bb61-43dc-9215-0bef0ca56c47,1,7118.426555
2026/02/04/15:23:35,apply-time,rs-003880-8zj4f,11efdcfa-37bc-4ea6-8303-90c4450eff96,3,7119.426555
2026/02/04/15:23:35,apply-time,rs-003880-hgnr2,2c9a2f36-2610-49ba-bc72-305a0390edaa,3,7119.426555
2026/02/04/15:23:35,apply-time,rs-003881-xnv25,2c4eb984-1010-4e80-a794-ead4ea23c43a,2,7119.426555
2026/02/04/15:23:35,running-time,rs-003881-xnv25,2c4eb984-1010-4e80-a794-ead4ea23c43a,2,7119.426555
2026/02/04/15:23:35,apply-time,rs-003882-tmzpr,b0d031ca-7cf5-4092-b164-f38083536847,4,7119.426555
2026/02/04/15:23:36,apply-time,rs-003883-k9wxm,1778d58b-cf34-48f1-99ee-8218925bd888,2,7119.426555
2026/02/04/15:23:36,running-time,rs-003883-k9wxm,1778d58b-cf34-48f1-99ee-8218925bd888,2,7119.426555
2026/02/04/15:23:36,apply-time,rs-003884-mqsh5,3f55cb6d-a0bc-4d29-8675-b46287948e5f,1,7119.426555
2026/02/04/15:23:36,running-time,rs-003884-mqsh5,3f55cb6d-a0bc-4d29-8675-b46287948e5f,1,7119.426555
2026/02/04/15:23:36,apply-time,rs-003885-nm2lt,7b5a5c84-c420-4afe-a93f-ad2fe807095b,2,7119.426555
2026/02/04/15:23:36,apply-time,rs-003886-t57wz,e9614029-2413-409a-b7f3-6af3502f17de,2,7120.426555
2026/02/04/15:23:36,running-time,rs-003886-t57wz,e9614029-2413-409a-b7f3-6af3502f17de,2,7120.426555
2026/02/04/15:23:36,apply-time,rs-003886-tvtsp,a37704b2-61a2-4b79-a1fc-41ffc6f858e9,2,7119.426555
2026/02/04/15:23:36,running-time,rs-003886-tvtsp,a37704b2-61a2-4b79-a1fc-41ffc6f858e9,2,7120.426555
2026/02/04/15:23:36,apply-time,rs-003886-vgpgl,2ee4e137-0baf-4c98-9431-2dbc1c063d3d,2,7120.426555
2026/02/04/15:23:36,running-time,rs-003886-vgpgl,2ee4e137-0baf-4c98-9431-2dbc1c063d3d,2,7120.426555
2026/02/04/15:23:36,apply-time,rs-003887-7c22r,c185b299-4621-4db5-add6-d2b31a3d7073,3,7120.426555
2026/02/04/15:23:36,apply-time,rs-003887-dv74c,c6d40be0-6e96-4ccf-90af-cf2ee51989a7,3,7120.426555
2026/02/04/15:23:36,apply-time,rs-003887-zrzgl,bfcc3523-50ab-4745-8cdf-10a9b7cbfdcb,3,7120.426555
2026/02/04/15:23:36,apply-time,rs-003888-kxcsr,aa936df1-9865-4f96-ae1b-eb9b8d33b547,1,7120.426555
2026/02/04/15:23:36,running-time,rs-003888-kxcsr,aa936df1-9865-4f96-ae1b-eb9b8d33b547,1,7120.426555
2026/02/04/15:23:36,apply-time,rs-003889-744lg,83c9b119-1ac9-4694-bc99-b7c04ef64c49,3,7120.426555
2026/02/04/15:23:36,running-time,rs-003889-744lg,83c9b119-1ac9-4694-bc99-b7c04ef64c49,3,7120.426555
2026/02/04/15:23:37,apply-time,rs-003889-74fsw,5186bd5b-ef5c-4d45-a0fb-a7e1d76f1735,3,7120.426555
2026/02/04/15:23:37,running-time,rs-003889-74fsw,5186bd5b-ef5c-4d45-a0fb-a7e1d76f1735,3,7120.426555
2026/02/04/15:23:37,apply-time,rs-003890-xs2kz,43549e27-abe6-4543-afb8-40f8f44cb6ba,1,7121.426555
2026/02/04/15:23:37,running-time,rs-003890-xs2kz,43549e27-abe6-4543-afb8-40f8f44cb6ba,1,7121.426555
2026/02/04/15:23:38,running-time,rs-003885-nm2lt,7b5a5c84-c420-4afe-a93f-ad2fe807095b,2,7122.426555
2026/02/04/15:23:38,running-time,rs-003887-dv74c,c6d40be0-6e96-4ccf-90af-cf2ee51989a7,3,7122.426555
2026/02/04/15:23:38,running-time,rs-003887-zrzgl,bfcc3523-50ab-4745-8cdf-10a9b7cbfdcb,3,7122.426555
2026/02/04/15:23:41,running-time,rs-003874-rclxk,1ebdab77-3b5e-413a-ac00-3b62efad9f08,1,7124.426555
2026/02/04/15:23:41,running-time,rs-003887-7c22r,c185b299-4621-4db5-add6-d2b31a3d7073,3,7125.426555
2026/02/04/15:23:41,apply-time,rs-003891-km456,4f6b6bb6-a72a-4c67-88c3-6114c1dcc709,1,7124.426555
2026/02/04/15:23:41,running-time,rs-003891-km456,4f6b6bb6-a72a-4c67-88c3-6114c1dcc709,1,7124.426555
2026/02/04/15:23:41,apply-time,rs-003892-4rtdv,2a190182-95d0-4e6f-95ab-5290f60fef08,4,7125.426555
2026/02/04/15:23:41,running-time,rs-003892-4rtdv,2a190182-95d0-4e6f-95ab-5290f60fef08,4,7125.426555
2026/02/04/15:23:41,apply-time,rs-003892-dxwr7,a9aff820-3b92-4582-bec5-0682b34a94a8,4,7125.426555
2026/02/04/15:23:41,running-time,rs-003892-dxwr7,a9aff820-3b92-4582-bec5-0682b34a94a8,4,7125.426555
2026/02/04/15:23:41,apply-time,rs-003892-kmnsr,abdc9d8a-9dd1-40a6-a160-c2c6cda1328c,4,7125.426555
2026/02/04/15:23:41,running-time,rs-003892-kmnsr,abdc9d8a-9dd1-40a6-a160-c2c6cda1328c,4,7125.426555
2026/02/04/15:23:41,apply-time,rs-003893-m9bjq,a50db854-02dc-4b7d-991a-14a2990ae0af,3,7125.426555
2026/02/04/15:23:41,running-time,rs-003893-m9bjq,a50db854-02dc-4b7d-991a-14a2990ae0af,3,7125.426555
2026/02/04/15:23:41,apply-time,rs-003894-gcq24,b87e0cd7-138e-42cb-84bc-880422591cd0,4,7125.426555
2026/02/04/15:23:41,apply-time,rs-003895-xflfm,0b134ff3-1fd4-4476-bdf6-e39a76a3132a,3,7125.426555
2026/02/04/15:23:41,apply-time,rs-003896-q8b9g,82dff70d-72d5-425d-a57d-26216bff3520,2,7125.426555
2026/02/04/15:23:41,running-time,rs-003896-q8b9g,82dff70d-72d5-425d-a57d-26216bff3520,2,7125.426555
2026/02/04/15:23:41,apply-time,rs-003896-zwzjj,338d1d5b-4767-40e5-92af-33a79d0cdcb0,2,7125.426555
2026/02/04/15:23:41,running-time,rs-003896-zwzjj,338d1d5b-4767-40e5-92af-33a79d0cdcb0,2,7125.426555
2026/02/04/15:23:44,running-time,rs-003894-gcq24,b87e0cd7-138e-42cb-84bc-880422591cd0,4,7128.426555
2026/02/04/15:23:44,apply-time,rs-003897-smvhs,0da9a950-e82b-4ca2-bf5a-0923edec4a50,4,7128.426555
2026/02/04/15:23:44,apply-time,rs-003897-w5g82,fdc2a80f-b791-48a8-ac28-ef2f7d1508f2,4,7128.426555
2026/02/04/15:23:44,apply-time,rs-003898-54bs8,54f8dcf4-ca4d-4eb1-81a3-d233846e67a5,1,7128.426555
2026/02/04/15:23:44,running-time,rs-003898-54bs8,54f8dcf4-ca4d-4eb1-81a3-d233846e67a5,1,7128.426555
2026/02/04/15:23:44,apply-time,rs-003898-jqmbm,ff2d1840-2ea1-4f1b-bf78-281f2e5f7db8,1,7128.426555
2026/02/04/15:23:44,running-time,rs-003898-jqmbm,ff2d1840-2ea1-4f1b-bf78-281f2e5f7db8,1,7128.426555
2026/02/04/15:23:49,apply-time,rs-003899-26qzz,84fa31c2-9a2f-4aaf-bf17-7ebb290c9988,3,7133.426555
2026/02/04/15:23:49,running-time,rs-003899-26qzz,84fa31c2-9a2f-4aaf-bf17-7ebb290c9988,3,7133.426555
2026/02/04/15:23:49,apply-time,rs-003899-brbpc,bf917e13-43ce-4e96-bb36-5db5a0767417,3,7133.426555
2026/02/04/15:23:49,running-time,rs-003899-brbpc,bf917e13-43ce-4e96-bb36-5db5a0767417,3,7133.426555
2026/02/04/15:23:49,apply-time,rs-003899-sdl5l,50c96cd6-f6f2-4670-8130-974bfc40e251,3,7133.426555
2026/02/04/15:23:49,running-time,rs-003899-sdl5l,50c96cd6-f6f2-4670-8130-974bfc40e251,3,7133.426555
2026/02/04/15:23:49,apply-time,rs-003900-fmmkp,134da1d4-53f8-4279-8173-45919a39039d,2,7133.426555
2026/02/04/15:23:49,running-time,rs-003900-fmmkp,134da1d4-53f8-4279-8173-45919a39039d,2,7133.426555
2026/02/04/15:23:49,apply-time,rs-003901-tr668,b7be5a1b-0219-47bd-aac5-d1f77a6761f4,3,7133.426555
2026/02/04/15:23:49,running-time,rs-003901-tr668,b7be5a1b-0219-47bd-aac5-d1f77a6761f4,3,7133.426555
2026/02/04/15:23:49,apply-time,rs-003902-4sxwp,cb65fa6f-9c71-47bf-8e3f-54291940cc23,2,7133.426555
2026/02/04/15:23:49,running-time,rs-003902-4sxwp,cb65fa6f-9c71-47bf-8e3f-54291940cc23,2,7133.426555
2026/02/04/15:23:49,apply-time,rs-003902-7tpt5,9394af93-151c-4c09-8a47-6b17bb83ddc9,2,7133.426555
2026/02/04/15:23:49,running-time,rs-003902-7tpt5,9394af93-151c-4c09-8a47-6b17bb83ddc9,2,7133.426555
2026/02/04/15:23:54,running-time,rs-003874-vkjzs,32e1b30b-e807-4020-9de8-2dcb012dc345,1,7138.426555
2026/02/04/15:23:54,apply-time,rs-003903-q9nrs,8c0506fb-b1bd-4370-9aaf-725a1e85b0e0,1,7138.426555
2026/02/04/15:23:54,running-time,rs-003903-q9nrs,8c0506fb-b1bd-4370-9aaf-725a1e85b0e0,1,7138.426555
2026/02/04/15:23:54,apply-time,rs-003904-gfgl2,4bf45dbd-3c7a-47eb-8343-a1b8c6f82686,4,7138.426555
2026/02/04/15:23:55,apply-time,rs-003904-f6ldv,ed3ac1b4-fe18-4a58-b7db-ae0a4671cb9f,4,7138.426555
2026/02/04/15:23:55,running-time,rs-003904-f6ldv,ed3ac1b4-fe18-4a58-b7db-ae0a4671cb9f,4,7138.426555
2026/02/04/15:23:55,running-time,rs-003904-gfgl2,4bf45dbd-3c7a-47eb-8343-a1b8c6f82686,4,7138.426555
2026/02/04/15:23:55,apply-time,rs-003904-z4r6f,872316d7-8eb2-4829-b992-fbf01cef1df8,4,7138.426555
2026/02/04/15:23:55,running-time,rs-003904-z4r6f,872316d7-8eb2-4829-b992-fbf01cef1df8,4,7138.426555
2026/02/04/15:23:55,apply-time,rs-003905-c2gjm,e17cc9e2-eb5a-4d5e-9e7f-a8b82338d333,3,7138.426555
2026/02/04/15:23:55,running-time,rs-003905-c2gjm,e17cc9e2-eb5a-4d5e-9e7f-a8b82338d333,3,7138.426555
2026/02/04/15:23:58,apply-time,rs-003906-4m2qf,be4967c4-f5ef-4158-a1f2-b4305ce39225,4,7142.426555
2026/02/04/15:23:58,running-time,rs-003906-4m2qf,be4967c4-f5ef-4158-a1f2-b4305ce39225,4,7142.426555
2026/02/04/15:23:58,apply-time,rs-003906-4ttgx,f3cebbd9-22e9-445c-a476-906e6e53b518,4,7142.426555
2026/02/04/15:23:58,running-time,rs-003906-4ttgx,f3cebbd9-22e9-445c-a476-906e6e53b518,4,7142.426555
2026/02/04/15:23:58,apply-time,rs-003906-hcv4t,68e49b2f-264e-41fd-9242-597fa8a0c1e9,4,7142.426555
2026/02/04/15:23:58,running-time,rs-003906-hcv4t,68e49b2f-264e-41fd-9242-597fa8a0c1e9,4,7142.426555
2026/02/04/15:23:58,apply-time,rs-003907-4w2rg,186dc62f-15b9-4807-bda2-a61dd3b18597,1,7142.426555
2026/02/04/15:23:58,running-time,rs-003907-4w2rg,186dc62f-15b9-4807-bda2-a61dd3b18597,1,7142.426555
2026/02/04/15:23:58,apply-time,rs-003908-567b7,e9a9a358-f0f5-4e5c-9ed7-90774bb7776b,2,7142.426555
2026/02/04/15:23:58,running-time,rs-003908-567b7,e9a9a358-f0f5-4e5c-9ed7-90774bb7776b,2,7142.426555
2026/02/04/15:23:58,apply-time,rs-003908-smh82,55332788-0807-4c6e-885b-fd8ff04360b9,2,7142.426555
2026/02/04/15:23:58,running-time,rs-003908-smh82,55332788-0807-4c6e-885b-fd8ff04360b9,2,7142.426555
2026/02/04/15:23:58,apply-time,rs-003909-zcf9d,e95dca67-3d6b-4197-9b02-be3d29f935f2,4,7142.426555
2026/02/04/15:23:58,running-time,rs-003909-zcf9d,e95dca67-3d6b-4197-9b02-be3d29f935f2,4,7142.426555
2026/02/04/15:23:58,apply-time,rs-003910-wdjhc,71922c34-d792-4026-852c-deb2350a05f8,2,7142.426555
2026/02/04/15:23:58,running-time,rs-003910-wdjhc,71922c34-d792-4026-852c-deb2350a05f8,2,7142.426555
2026/02/04/15:23:59,apply-time,rs-003911-qxnw6,ebdccc80-a4c9-48a7-988c-def55bd65da5,1,7142.426555
2026/02/04/15:23:59,running-time,rs-003911-qxnw6,ebdccc80-a4c9-48a7-988c-def55bd65da5,1,7142.426555
2026/02/04/15:23:59,apply-time,rs-003912-8jv6b,4da637a8-b7bd-46aa-a35b-ba395a16f661,2,7142.426555
2026/02/04/15:23:59,apply-time,rs-003912-sxcqn,ee1321d3-1d84-43bb-aa8a-fc64aa3a9189,2,7143.426555
2026/02/04/15:23:59,apply-time,rs-003913-cq7ql,c54d83f2-36d2-46bb-9801-498e262eb9b5,4,7143.426555
2026/02/04/15:23:59,running-time,rs-003913-cq7ql,c54d83f2-36d2-46bb-9801-498e262eb9b5,4,7143.426555
2026/02/04/15:23:59,apply-time,rs-003914-qfc26,fdd8a472-fad8-413b-aeb4-42673ffeae84,1,7143.426555
2026/02/04/15:23:59,running-time,rs-003914-qfc26,fdd8a472-fad8-413b-aeb4-42673ffeae84,1,7143.426555
2026/02/04/15:23:59,apply-time,rs-003915-4crr4,c4772eeb-1837-445f-b4cf-44d9481330b4,4,7143.426555
2026/02/04/15:23:59,running-time,rs-003915-4crr4,c4772eeb-1837-445f-b4cf-44d9481330b4,4,7143.426555
2026/02/04/15:23:59,apply-time,rs-003916-lhnjn,97b44acf-fbb8-4c60-b4af-8196f21a7b1a,1,7143.426555
2026/02/04/15:23:59,running-time,rs-003916-lhnjn,97b44acf-fbb8-4c60-b4af-8196f21a7b1a,1,7143.426555
2026/02/04/15:23:59,apply-time,rs-003917-28x98,ce30c1bc-1008-4cae-8205-6c61e7970543,1,7143.426555
2026/02/04/15:23:59,running-time,rs-003917-28x98,ce30c1bc-1008-4cae-8205-6c61e7970543,1,7143.426555
2026/02/04/15:24:00,apply-time,rs-003916-6k66g,0e9ac120-86ef-422f-b4ef-3863c6eec3fe,1,7144.426555
2026/02/04/15:24:00,apply-time,rs-003916-n52rn,ee6b38bf-a793-4e82-b9e9-16d002af4966,1,7144.426555
2026/02/04/15:24:00,apply-time,rs-003917-c24ss,cd8059ad-05dc-45ba-b18a-e83f088aba3c,1,7143.426555
2026/02/04/15:24:00,running-time,rs-003917-c24ss,cd8059ad-05dc-45ba-b18a-e83f088aba3c,1,7143.426555
2026/02/04/15:24:00,apply-time,rs-003917-fjjt8,41b88f88-b503-4973-80d0-c682d39f70b5,1,7144.426555
2026/02/04/15:24:00,running-time,rs-003917-fjjt8,41b88f88-b503-4973-80d0-c682d39f70b5,1,7144.426555
2026/02/04/15:24:01,running-time,rs-003912-sxcqn,ee1321d3-1d84-43bb-aa8a-fc64aa3a9189,2,7145.426555
2026/02/04/15:24:01,running-time,rs-003916-6k66g,0e9ac120-86ef-422f-b4ef-3863c6eec3fe,1,7145.426555
2026/02/04/15:24:03,running-time,rs-003916-n52rn,ee6b38bf-a793-4e82-b9e9-16d002af4966,1,7147.426555
2026/02/04/15:24:04,running-time,rs-003912-8jv6b,4da637a8-b7bd-46aa-a35b-ba395a16f661,2,7148.426555
2026/02/04/15:24:11,apply-time,rs-003918-qq47j,6e93a5bc-b85c-49bf-8d26-8eb8e8ffe23a,4,7155.426555
2026/02/04/15:24:11,running-time,rs-003918-qq47j,6e93a5bc-b85c-49bf-8d26-8eb8e8ffe23a,4,7155.426555
2026/02/04/15:24:11,apply-time,rs-003919-b8sw2,69e6e601-c6f1-4f46-9940-c61e8807f3e5,2,7155.426555
2026/02/04/15:24:11,running-time,rs-003919-b8sw2,69e6e601-c6f1-4f46-9940-c61e8807f3e5,2,7155.426555
2026/02/04/15:24:11,apply-time,rs-003919-qvbrf,3ca402e1-2da9-4bcb-af1b-c6fa3068c59a,2,7155.426555
2026/02/04/15:24:11,running-time,rs-003919-qvbrf,3ca402e1-2da9-4bcb-af1b-c6fa3068c59a,2,7155.426555
2026/02/04/15:24:13,apply-time,rs-003920-59f7v,a20efe64-059e-47f4-84c4-658c94bbafee,1,7157.426555
2026/02/04/15:24:13,running-time,rs-003920-59f7v,a20efe64-059e-47f4-84c4-658c94bbafee,1,7157.426555
2026/02/04/15:24:13,apply-time,rs-003920-xf4p4,f02655d5-4deb-48d3-b1a6-0bd1d959528a,1,7157.426555
2026/02/04/15:24:13,running-time,rs-003920-xf4p4,f02655d5-4deb-48d3-b1a6-0bd1d959528a,1,7157.426555
2026/02/04/15:24:32,apply-time,rs-003921-j4gll,028966f6-9d5e-47f2-b75f-97d9694be717,1,7176.426555
2026/02/04/15:24:32,running-time,rs-003921-j4gll,028966f6-9d5e-47f2-b75f-97d9694be717,1,7176.426555
2026/02/04/15:24:32,apply-time,rs-003922-fjmt8,bc1dd51b-7723-480b-a46c-daad07bff961,2,7176.426555
2026/02/04/15:24:32,running-time,rs-003922-fjmt8,bc1dd51b-7723-480b-a46c-daad07bff961,2,7176.426555
2026/02/04/15:24:32,apply-time,rs-003923-pwwwk,375f425b-32f1-43a8-9fdc-ae06a9eba7fd,4,7176.426555
2026/02/04/15:24:32,running-time,rs-003923-pwwwk,375f425b-32f1-43a8-9fdc-ae06a9eba7fd,4,7176.426555
2026/02/04/15:24:56,apply-time,rs-003924-gr7fm,04791dd0-2b6e-4d6b-9fc5-91b5145654e0,3,7200.426555
2026/02/04/15:24:56,running-time,rs-003924-gr7fm,04791dd0-2b6e-4d6b-9fc5-91b5145654e0,3,7200.426555
2026/02/04/15:24:56,apply-time,rs-003925-7k2lw,43c1a58e-a975-48cf-8458-f00d14b9d2b5,1,7200.426555
2026/02/04/15:24:56,running-time,rs-003925-7k2lw,43c1a58e-a975-48cf-8458-f00d14b9d2b5,1,7200.426555
2026/02/04/15:24:56,apply-time,rs-003926-hffs2,fd997fad-5242-4238-b0f7-875aec682c3f,1,7200.426555
2026/02/04/15:24:56,running-time,rs-003926-hffs2,fd997fad-5242-4238-b0f7-875aec682c3f,1,7200.426555
2026/02/04/15:24:56,apply-time,rs-003927-4hlcq,6c5216b6-2b52-4f0d-99aa-fd936c28536b,4,7200.426555
2026/02/04/15:24:56,running-time,rs-003927-4hlcq,6c5216b6-2b52-4f0d-99aa-fd936c28536b,4,7200.426555
2026/02/04/15:24:56,apply-time,rs-003927-bb9qk,b6ee5ca1-79a2-454d-bd0b-751adc75b422,4,7200.426555
2026/02/04/15:24:56,running-time,rs-003927-bb9qk,b6ee5ca1-79a2-454d-bd0b-751adc75b422,4,7200.426555
2026/02/04/15:24:56,apply-time,rs-003927-bcjsp,cbf19aee-6dbf-4e79-94ca-22dc7382dece,4,7200.426555
2026/02/04/15:24:56,running-time,rs-003927-bcjsp,cbf19aee-6dbf-4e79-94ca-22dc7382dece,4,7200.426555
2026/02/04/15:24:57,apply-time,rs-003928-25r6x,5f45aaa9-bb66-4157-b103-877d66f15564,1,7201.426555
2026/02/04/15:24:57,running-time,rs-003928-25r6x,5f45aaa9-bb66-4157-b103-877d66f15564,1,7201.426555
2026/02/04/15:24:57,apply-time,rs-003928-cgjjh,ea5e0f20-20bf-4eda-9fb6-563660e84574,1,7201.426555
2026/02/04/15:24:57,running-time,rs-003928-cgjjh,ea5e0f20-20bf-4eda-9fb6-563660e84574,1,7201.426555
2026/02/04/15:24:57,apply-time,rs-003929-c5d8n,2b2b2594-500b-4956-ab38-045602544146,1,7201.426555
2026/02/04/15:24:57,running-time,rs-003929-c5d8n,2b2b2594-500b-4956-ab38-045602544146,1,7201.426555
2026/02/04/15:24:57,apply-time,rs-003930-t7rm4,23fd8888-a630-4b83-928a-344c5d84562a,1,7201.426555
2026/02/04/15:24:57,running-time,rs-003930-t7rm4,23fd8888-a630-4b83-928a-344c5d84562a,1,7201.426555
