484806185843093489
4219457405427907235
7956536540478288960
6452900031824671063
7196266411674554368
3896010399170147587
1424665327171895173
546960236124654608
5820706265677719135
420292943029515637
9147129661833587558
2120090046821723763
5499991615272674611
7376625660721489042
4291706568640266163
8869018158643600458
5210833456475221841
6791828356968382696
1284945672489363765
2027745333831851761
226216363256580172
5809399052914872227
8727485397340111755
657070463987715267
6189391917187610042
5130844505531187853
3712956461027657442
3937612914725950854
4855668352291734553
6181536930444734779
3928363649402512180
4275183120444302794
3442520487102279065
6469489248687525114
8650194206863455706
8033569224504949185
8619543593757090233
1023525827562816677
868345193988332467
5300881956419103460
1993971700290982859
2202158810409137126
2280823119808743756
445452966031145345
1086328549291446253
3987827014520816348
1096718949685239825
7268157541739304927
1098181851266756060
