7309940385334237743
5896358955358513046
1420052706459400740
3132326258768729143
3394979529978938239
1779281120235042110
6772603432636054556
3159643892569801110
3737635650877940855
1431348066566932968
3941336756034580715
1503191614089492773
2776888858026346365
8110663468741290990
5221797255719614626
917224645308210940
55411538136720492
7158228594698779781
2881060639005617760
6105563283321887062
5888965561877447036
5839509821751272860
4245042552790771277
4528391889290670831
7899493300157142034
697073105759480269
6895378818991516291
2057909903460133994
7753940112227685379
7965293553015376524
6636232377391960297
7252074906178545503
2008907309570689453
6617179428660612426
7102506122751228813
2404411545535534280
6990155264863631615
7024236687192545299
5192245877720377991
219602589878935038
2254113481559975435
7335201056252104502
2506108877001422316
6507800679503166357
3568231548795854174
5718196445725297835
5756508426186236398
5397005882441633319
1541097410654331810
7730765085791097700
1086256223848041603
