5896358955358513046
1420052706459400740
7956536540478288960
6452900031824671063
1779281120235042110
7196266411674554368
3896010399170147587
6772603432636054556
4204471460018303910
3159643892569801110
3941336756034580715
1503191614089492773
8110663468741290990
5820706265677719135
420292943029515637
917224645308210940
7158228594698779781
3532658037249897651
5499991615272674611
1754007979673256872
7194306251949794638
5839509821751272860
4782248702426767105
6791828356968382696
4245042552790771277
4528391889290670831
7899493300157142034
697073105759480269
2027745333831851761
226216363256580172
6895378818991516291
5809399052914872227
657070463987715267
4559964496990583395
6189391917187610042
5130844505531187853
3712956461027657442
5435020287124189294
4855668352291734553
6181536930444734779
3928363649402512180
6617179428660612426
3442520487102279065
6990155264863631615
7024236687192545299
5192245877720377991
8033569224504949185
8619543593757090233
1023525827562816677
219602589878935038
868345193988332467
5300881956419103460
1993971700290982859
2202158810409137126
2506108877001422316
3568231548795854174
5718196445725297835
9126551470516884404
5397005882441633319
1541097410654331810
5818100544690602936
1096718949685239825
