484806185843093489
4219457405427907235
7309940385334237743
6994672214887366847
3394979529978938239
8016731149625864370
1424665327171895173
1431348066566932968
546960236124654608
2776888858026346365
55411538136720492
2881060639005617760
7376625660721489042
6105563283321887062
5888965561877447036
4291706568640266163
8869018158643600458
8727485397340111755
2057909903460133994
7753940112227685379
7965293553015376524
1221345081614209477
7252074906178545503
3937612914725950854
1120181360350854083
4275183120444302794
7102506122751228813
2404411545535534280
6469489248687525114
7420528211910559118
8650194206863455706
2254113481559975435
7335201056252104502
6507800679503166357
2280823119808743756
7730765085791097700
1086328549291446253
3987827014520816348
