7956536540478288960
8016731149625864370
3532658037249897651
5499991615272674611
6105563283321887062
1754007979673256872
5888965561877447036
5839509821751272860
4782248702426767105
226216363256580172
6895378818991516291
657070463987715267
7753940112227685379
7965293553015376524
6189391917187610042
7252074906178545503
3712956461027657442
3937612914725950854
5435020287124189294
4855668352291734553
6181536930444734779
4275183120444302794
7102506122751228813
3442520487102279065
2404411545535534280
7024236687192545299
8033569224504949185
8619543593757090233
219602589878935038
868345193988332467
5300881956419103460
1993971700290982859
7335201056252104502
2506108877001422316
6507800679503166357
5718196445725297835
5756508426186236398
5397005882441633319
445452966031145345
1541097410654331810
1086256223848041603
447894098700000972
8720578957111805835
75203836534193960
6835107565896807559
3931590007251420002
1607623748038801266
2613684745722214861
2180054235356924103
5627024181294474847
1698664097058828665
6733503664178315144
624478758625209731
1732006772163400755
8841524803898367879
6915418773373662874
2368425410543488502
3844362404513424641
1936436755165458133
7935122904974215445
3535191704097471617
8677615051692858930
8362696149246552476
4615135001983486707
6611199509778016686
957832121954353945
6909460207986567812
7216567466696658502
701306490824766434
4849553283873096111
6407538530243994702
6792567081791202869
4301404520705906288
921194114050528004
6387065886498495637
8815001534067142780
5461337097864890431
3402862019919033239
691442983448347884
6041725746619886287
6494299470113813581
6364316797229653111
467087067000949770
5776059149618559180
751030943611324568
2593931680134166529
3934885101500137548
1880687976247778670
6182320252838023741
2433350579938570365
6670187543701510139
8163239787768760558
6106332191492164573
4639064032199353395
4504543645338059110
5589251576378240633
7501983404576658728
2006063528349779642
3921825843194854853
3989872286655245239