484806185843093489
5896358955358513046
1420052706459400740
6994672214887366847
3394979529978938239
6452900031824671063
1779281120235042110
6772603432636054556
3737635650877940855
546960236124654608
1503191614089492773
2776888858026346365
8110663468741290990
5820706265677719135
9147129661833587558
5221797255719614626
7158228594698779781
2881060639005617760
2120090046821723763
3532658037249897651
5499991615272674611
6105563283321887062
7738711211195866853
5888965561877447036
7194306251949794638
4782248702426767105
5210833456475221841
6791828356968382696
4493970743770925510
7899493300157142034
697073105759480269
1284945672489363765
2027745333831851761
5809399052914872227
8727485397340111755
657070463987715267
4559964496990583395
7753940112227685379
7965293553015376524
5130844505531187853
1221345081614209477
6636232377391960297
7252074906178545503
3712956461027657442
2008907309570689453
3937612914725950854
5435020287124189294
4855668352291734553
3928363649402512180
1120181360350854083
4275183120444302794
7102506122751228813
3442520487102279065
2404411545535534280
6990155264863631615
7024236687192545299
6469489248687525114
5192245877720377991
7420528211910559118
8033569224504949185
8619543593757090233
5300881956419103460
1993971700290982859
2254113481559975435
7335201056252104502
2202158810409137126
6507800679503166357
5718196445725297835
2280823119808743756
1541097410654331810
5818100544690602936
7730765085791097700
1086328549291446253
3987827014520816348
1096718949685239825
1086256223848041603
7268157541739304927
592614219853408301
8720578957111805835
8694841941272457754
75203836534193960
2564338243049378455
3035754826630143701
1815117622121952975
3931590007251420002
8560547988793028776
1607623748038801266
8831143984913122024
9183157670805661135
7785083115903125942
2613684745722214861
2180054235356924103
7286170649172610399
8972093099464316483
588145536620783130
1698664097058828665
4439760097120997343
8779624488381174878
4707406189721003699
4375845240505340207