7309940385334237743
5896358955358513046
3132326258768729143
7956536540478288960
6452900031824671063
8016731149625864370
7196266411674554368
3896010399170147587
6772603432636054556
3159643892569801110
3737635650877940855
5820706265677719135
420292943029515637
5221797255719614626
917224645308210940
55411538136720492
7158228594698779781
5499991615272674611
7376625660721489042
1754007979673256872
5888965561877447036
7194306251949794638
5839509821751272860
4782248702426767105
5210833456475221841
6791828356968382696
4493970743770925510
4528391889290670831
697073105759480269
1284945672489363765
2027745333831851761
6895378818991516291
5809399052914872227
8727485397340111755
4559964496990583395
2057909903460133994
7753940112227685379
7965293553015376524
6189391917187610042
1221345081614209477
6636232377391960297
7252074906178545503
3937612914725950854
5435020287124189294
4855668352291734553
3928363649402512180
4275183120444302794
6617179428660612426
7102506122751228813
6990155264863631615
6469489248687525114
6013696950180590152
1023525827562816677
219602589878935038
2254113481559975435
7335201056252104502
6507800679503166357
3568231548795854174
2280823119808743756
5818100544690602936
7730765085791097700
1086328549291446253
3987827014520816348
1096718949685239825
7268157541739304927
1098181851266756060
2537210642284439781
8694841941272457754
75203836534193960
2564338243049378455
3035754826630143701
7436749116488122155
6835107565896807559
7548367792118511278
