484806185843093489
4219457405427907235
546960236124654608
2776888858026346365
9147129661833587558
2881060639005617760
2120090046821723763
3532658037249897651
6105563283321887062
8869018158643600458
7899493300157142034
226216363256580172
657070463987715267
3712956461027657442
6181536930444734779
1120181360350854083
5192245877720377991
8650194206863455706
868345193988332467
2202158810409137126
2506108877001422316
5718196445725297835
5397005882441633319
1086256223848041603
8720578957111805835
1815117622121952975
