5896358955358513046
6452900031824671063
1779281120235042110
4204471460018303910
8110663468741290990
5221797255719614626
2881060639005617760
2120090046821723763
3532658037249897651
7376625660721489042
1754007979673256872
5888965561877447036
7194306251949794638
697073105759480269
1284945672489363765
226216363256580172
2057909903460133994
7753940112227685379
5130844505531187853
4855668352291734553
6181536930444734779
6617179428660612426
7102506122751228813
3442520487102279065
2404411545535534280
7024236687192545299
7420528211910559118
8033569224504949185
7335201056252104502
6507800679503166357
5756508426186236398
445452966031145345
5818100544690602936
3987827014520816348
1086256223848041603
2564338243049378455
7436749116488122155
