484806185843093489
4219457405427907235
1779281120235042110
7196266411674554368
8110663468741290990
3532658037249897651
5499991615272674611
6105563283321887062
5839509821751272860
1284945672489363765
7753940112227685379
7252074906178545503
3937612914725950854
4855668352291734553
6617179428660612426
7102506122751228813
3442520487102279065
2404411545535534280
5192245877720377991
6013696950180590152
2254113481559975435
2280823119808743756
1086328549291446253
3035754826630143701
7436749116488122155
7548367792118511278
8831143984913122024
618958844418947457
