kmax=4
              util       No Calls (%)      KWOK Opt. (%)         Better (%)    Better&Opt. (%)           Fail (%) Solver duration (ms)             ΔU_CPU             ΔU_mem

                                                                   [nodes=4, ppn=4, timeout=1s]                                                                   
                90               23.0               48.0                0.0               28.0                1.0                853             0.0270             0.0254
                95                2.0               57.0                1.0               38.0                2.0                874             0.0219             0.0243
               100                1.0               57.0                1.0               40.0                1.0                889             0.0240             0.0192
               105                0.0               64.0                1.0               33.0                2.0                914             0.0216             0.0168

                                                                  [nodes=4, ppn=4, timeout=10s]                                                                   
                90               23.0               48.0                0.0               28.0                1.0                863             0.0266             0.0251
                95                2.0               57.0                0.0               39.0                2.0                871             0.0238             0.0239
               100                1.0               57.0                0.0               41.0                1.0                892             0.0246             0.0209
               105                0.0               63.0                0.0               35.0                2.0                884             0.0209             0.0175

                                                                   [nodes=4, ppn=8, timeout=1s]                                                                   
                90               81.0               12.0                0.0                6.0                1.0                981             0.0163             0.0152
                95               16.0               28.0                0.0               50.0                6.0                985             0.0217             0.0239
               100                0.0               39.0                4.0               53.0                4.0               1017             0.0182             0.0194
               105                0.0               34.0                6.0               59.0                1.0               1097             0.0245             0.0243

                                                                  [nodes=4, ppn=8, timeout=10s]                                                                   
                90               82.0               11.0                0.0                6.0                1.0                980             0.0172             0.0161
                95               16.0               28.0                0.0               51.0                5.0               1048             0.0239             0.0245
               100                0.0               39.0                0.0               57.0                4.0               1014             0.0178             0.0207
               105                0.0               38.0                0.0               62.0                0.0               1250             0.0247             0.0236

                                                                   [nodes=8, ppn=4, timeout=1s]                                                                   
                90                4.0               35.0                2.0               56.0                3.0               1014             0.0297             0.0315
                95                0.0               26.0               12.0               60.0                2.0               1108             0.0334             0.0305
               100                0.0               25.0               18.0               55.0                2.0               1152             0.0275             0.0241
               105                0.0               29.0               18.0               42.0               11.0               1208             0.0249             0.0195

                                                                  [nodes=8, ppn=4, timeout=10s]                                                                   
                90                4.0               33.0                1.0               60.0                2.0               1146             0.0314             0.0326
                95                0.0               25.0                5.0               69.0                1.0               1671             0.0327             0.0330
               100                0.0               26.0                4.0               68.0                2.0               1653             0.0285             0.0253
               105                0.0               30.0                2.0               61.0                7.0               1640             0.0258             0.0206

                                                                   [nodes=8, ppn=8, timeout=1s]                                                                   
                90               63.0               24.0                0.0               10.0                3.0               1063             0.0084             0.0089
                95                1.0                6.0                8.0               82.0                3.0               1247             0.0268             0.0267
               100                0.0                6.0               62.0               25.0                7.0               1575             0.0272             0.0251
               105                0.0                7.0               66.0               16.0               11.0               1560             0.0191             0.0252

                                                                  [nodes=8, ppn=8, timeout=10s]                                                                   
                90               63.0               24.0                0.0               11.0                2.0               1072             0.0084             0.0089
                95                0.0               10.0                1.0               88.0                1.0               1508             0.0270             0.0267
               100                0.0                4.0               32.0               62.0                2.0               5011             0.0326             0.0310
               105                0.0                7.0               44.0               46.0                3.0               6209             0.0233             0.0277

                                                                  [nodes=16, ppn=4, timeout=1s]                                                                   
                90                1.0               13.0               26.0               56.0                4.0               1508             0.0330             0.0301
                95                0.0                7.0               51.0               34.0                8.0               1582             0.0278             0.0309
               100                0.0                4.0               42.0               32.0               22.0               1614             0.0171             0.0147
               105                0.0                7.0               52.0               15.0               26.0               1507             0.0088             0.0117

                                                                  [nodes=16, ppn=4, timeout=10s]                                                                  
                90                1.0               13.0                5.0               78.0                3.0               2320             0.0328             0.0300
                95                0.0                6.0               31.0               60.0                3.0               4957             0.0355             0.0373
               100                0.0                5.0               30.0               61.0                4.0               5169             0.0319             0.0305
               105                0.0               10.0               37.0               52.0                1.0               6015             0.0315             0.0291

                                                                  [nodes=16, ppn=8, timeout=1s]                                                                   
                90               53.0               17.0                3.0                9.0               18.0               1742             0.0030             0.0022
                95                0.0                0.0               31.0               15.0               54.0               1729             0.0039             0.0035
               100                0.0                0.0               20.0                1.0               79.0               1646            -0.0029            -0.0059
               105                0.0                0.0               24.0                0.0               76.0               1663            -0.0068            -0.0141

                                                                  [nodes=16, ppn=8, timeout=10s]                                                                  
                90               51.0               29.0                0.0               17.0                3.0               1791             0.0062             0.0058
                95                0.0                0.0                7.0               90.0                3.0               3899             0.0249             0.0248
               100                0.0                0.0               93.0                7.0                0.0              10272             0.0341             0.0309
               105                0.0                0.0               91.0                6.0                3.0              10336             0.0257             0.0253

                                                                  [nodes=32, ppn=4, timeout=1s]                                                                   
                90                0.0                0.0                0.0                0.0              100.0               1405            -0.0282            -0.0277
                95                0.0                0.0                0.0                0.0              100.0               1385            -0.0311            -0.0314
               100                0.0                0.0                0.0                0.0              100.0               1346            -0.0317            -0.0316
               105                0.0                0.0                0.0                0.0              100.0               1328            -0.0384            -0.0312

                                                                  [nodes=32, ppn=4, timeout=10s]                                                                  
                90                0.0                2.0               18.0               78.0                2.0               5829             0.0394             0.0389
                95                0.0                0.0               79.0               17.0                4.0               9750             0.0430             0.0427
               100                0.0                0.0               78.0               16.0                6.0              10114             0.0318             0.0328
               105                0.0                2.0               72.0               11.0               15.0              10153             0.0189             0.0206

                                                                  [nodes=32, ppn=8, timeout=1s]                                                                   
                90                  —                  —                  —                  —                  —                  —                  —                  —
                95                0.0                0.0                0.0                0.0              100.0               1266            -0.0142            -0.0147
               100                0.0                0.0                0.0                0.0              100.0               1282            -0.0145            -0.0171
               105                0.0                0.0                0.0                0.0              100.0               1271            -0.0152            -0.0192

                                                                  [nodes=32, ppn=8, timeout=10s]                                                                  
                90                  —                  —                  —                  —                  —                  —                  —                  —
                95                0.0                0.0               18.0               28.0               54.0              10104             0.0019             0.0018
               100                0.0                0.0               92.0                0.0                8.0              10871             0.0254             0.0237
               105                0.0                0.0               59.0                0.0               41.0              10966             0.0062             0.0053
