kmax=1
              util       No Calls (%)      KWOK Opt. (%)         Better (%)    Better&Opt. (%)           Fail (%) Solver duration (ms)             ΔU_CPU             ΔU_mem

                                                                   [nodes=4, ppn=4, timeout=1s]                                                                   
                90               23.0                0.0                2.0               72.0                3.0                976             0.0822             0.0918
                95                2.0                1.0               27.0               58.0               12.0               1253             0.0855             0.0821
               100                1.0               11.0               17.0               69.0                2.0               1271             0.0804             0.0749
               105                0.0                1.0               62.0               30.0                7.0               1314             0.0869             0.0754

                                                                  [nodes=4, ppn=4, timeout=10s]                                                                   
                90               23.0                1.0                1.0               74.0                1.0                937             0.0831             0.0906
                95                2.0                4.0               17.0               68.0                9.0               2643             0.0874             0.0807
               100                1.0               12.0                4.0               82.0                1.0               1577             0.0786             0.0770
               105                0.0                4.0               24.0               68.0                4.0               3389             0.0857             0.0751

                                                                   [nodes=4, ppn=8, timeout=1s]                                                                   
                90               80.0                1.0                0.0               19.0                0.0                839             0.0363             0.0392
                95               15.0                1.0                0.0               80.0                4.0                962             0.0426             0.0472
               100                0.0                0.0               96.0                0.0                4.0               1526             0.0457             0.0423
               105                0.0                0.0               46.0               53.0                1.0               1354             0.0473             0.0476

                                                                  [nodes=4, ppn=8, timeout=10s]                                                                   
                90               79.0                2.0                0.0               16.0                3.0                823             0.0345             0.0373
                95               16.0                0.0                0.0               81.0                3.0                917             0.0431             0.0478
               100                0.0                0.0               96.0                0.0                4.0               6227             0.0451             0.0433
               105                0.0                0.0               28.0               70.0                2.0               3621             0.0491             0.0511

                                                                   [nodes=8, ppn=4, timeout=1s]                                                                   
                90                4.0                0.0               12.0               84.0                0.0               1236             0.0774             0.0764
                95                0.0                0.0               91.0                7.0                2.0               1747             0.1095             0.1112
               100                0.0                0.0               98.0                0.0                2.0               1674             0.1130             0.1083
               105                0.0                0.0               98.0                1.0                1.0               1672             0.1065             0.1028

                                                                  [nodes=8, ppn=4, timeout=10s]                                                                   
                90                4.0                0.0                1.0               94.0                1.0               1580             0.0774             0.0764
                95                0.0                0.0               77.0               23.0                0.0               8923             0.1172             0.1178
               100                0.0                0.0               91.0                8.0                1.0              10211             0.1223             0.1182
               105                0.0                0.0               99.0                1.0                0.0              10422             0.1143             0.1084

                                                                   [nodes=8, ppn=8, timeout=1s]                                                                   
                90               55.0                7.0                0.0               28.0               10.0               1071             0.0191             0.0208
                95                1.0                1.0               19.0               76.0                3.0               1443             0.0394             0.0350
               100                0.0                0.0              100.0                0.0                0.0               1726             0.0560             0.0534
               105                0.0                0.0              100.0                0.0                0.0               1698             0.0475             0.0481

                                                                  [nodes=8, ppn=8, timeout=10s]                                                                   
                90               58.0                4.0                0.0               29.0                9.0               1074             0.0204             0.0222
                95                2.0                0.0                2.0               96.0                0.0               1964             0.0412             0.0366
               100                0.0                0.0              100.0                0.0                0.0              10644             0.0586             0.0556
               105                0.0                0.0              100.0                0.0                0.0              10637             0.0508             0.0515

                                                                  [nodes=16, ppn=4, timeout=1s]                                                                   
                90                1.0                0.0               80.0               13.0                6.0               1800             0.0668             0.0602
                95                0.0                0.0               98.0                0.0                2.0               1682             0.0740             0.0729
               100                0.0                0.0               98.0                0.0                2.0               1706             0.0722             0.0702
               105                0.0                0.0               98.0                0.0                2.0               1676             0.0625             0.0680

                                                                  [nodes=16, ppn=4, timeout=10s]                                                                  
                90                1.0                0.0               37.0               60.0                2.0               6643             0.0697             0.0631
                95                0.0                0.0               95.0                1.0                4.0              10742             0.1047             0.1001
               100                0.0                0.0              100.0                0.0                0.0              10727             0.1064             0.1048
               105                0.0                0.0              100.0                0.0                0.0              10699             0.0977             0.1014

                                                                  [nodes=16, ppn=8, timeout=1s]                                                                   
                90               46.0                8.0                7.0               12.0               27.0               1630             0.0060             0.0056
                95                0.0                0.0               30.0                0.0               70.0               1617             0.0047             0.0043
               100                0.0                0.0               20.0                0.0               80.0               1545             0.0009             0.0019
               105                0.0                0.0               17.0                0.0               83.0               1545             0.0002             0.0021

                                                                  [nodes=16, ppn=8, timeout=10s]                                                                  
                90               48.0               12.0                0.0               33.0                7.0               2011             0.0117             0.0115
                95                0.0                0.0               39.0               60.0                1.0               7600             0.0397             0.0393
               100                0.0                0.0               98.0                0.0                2.0              10755             0.0506             0.0506
               105                0.0                0.0              100.0                0.0                0.0              10706             0.0450             0.0478

                                                                  [nodes=32, ppn=4, timeout=1s]                                                                   
                90                0.0                0.0                0.0                0.0              100.0               1259             0.0009             0.0019
                95                0.0                0.0                0.0                0.0              100.0               1293             0.0013             0.0006
               100                0.0                0.0                0.0                0.0              100.0               1279             0.0000             0.0006
               105                0.0                0.0                0.0                0.0              100.0               1283             0.0004             0.0002

                                                                  [nodes=32, ppn=4, timeout=10s]                                                                  
                90                0.0                0.0               52.0                8.0               40.0              10756             0.0432             0.0439
                95                0.0                0.0               90.0                0.0               10.0              10875             0.0840             0.0837
               100                0.0                0.0               93.0                0.0                7.0              10856             0.0852             0.0836
               105                0.0                0.0               93.0                0.0                7.0              10836             0.0793             0.0767

                                                                  [nodes=32, ppn=8, timeout=1s]                                                                   
                90                  —                  —                  —                  —                  —                  —                  —                  —
                95                0.0                0.0                0.0                0.0              100.0               1309             0.0006             0.0006
               100                0.0                0.0                0.0                0.0              100.0               1274            -0.0005             0.0007
               105                0.0                0.0                0.0                0.0              100.0               1199             0.0003             0.0006

                                                                  [nodes=32, ppn=8, timeout=10s]                                                                  
                90                  —                  —                  —                  —                  —                  —                  —                  —
                95                0.0                0.0               65.0                0.0               35.0              10750             0.0176             0.0177
               100                0.0                0.0               62.0                0.0               38.0              10751             0.0175             0.0167
               105                0.0                0.0               14.0                0.0               86.0              11016             0.0035             0.0046
