kmax=2
              util       No Calls (%)      KWOK Opt. (%)         Better (%)    Better&Opt. (%)           Fail (%) Solver duration (ms)             ΔU_CPU             ΔU_mem

                                                                   [nodes=4, ppn=4, timeout=1s]                                                                   
                90               24.0               23.0                1.0               49.0                3.0                849             0.0499             0.0539
                95                2.0               34.0                4.0               55.0                5.0                919             0.0421             0.0432
               100                1.0               36.0                7.0               55.0                1.0                908             0.0428             0.0446
               105                0.0               39.0               11.0               46.0                4.0               1013             0.0445             0.0451

                                                                  [nodes=4, ppn=4, timeout=10s]                                                                   
                90               24.0               23.0                0.0               51.0                2.0                973             0.0495             0.0529
                95                2.0               38.0                1.0               57.0                2.0               1033             0.0430             0.0430
               100                0.0               37.0                1.0               61.0                1.0                982             0.0422             0.0429
               105                0.0               43.0                0.0               57.0                0.0               1212             0.0452             0.0454

                                                                   [nodes=4, ppn=8, timeout=1s]                                                                   
                90               79.0                9.0                0.0               12.0                0.0                853             0.0240             0.0253
                95               16.0                6.0                0.0               75.0                3.0                896             0.0381             0.0376
               100                0.0                9.0               39.0               48.0                4.0               1245             0.0387             0.0336
               105                0.0                8.0               33.0               58.0                1.0               1320             0.0379             0.0339

                                                                  [nodes=4, ppn=8, timeout=10s]                                                                   
                90               81.0                7.0                0.0               10.0                2.0                823             0.0266             0.0280
                95               16.0                7.0                0.0               74.0                3.0                903             0.0381             0.0376
               100                0.0               13.0                6.0               81.0                0.0               1927             0.0399             0.0336
               105                0.0               10.0                3.0               87.0                0.0               2149             0.0358             0.0333

                                                                   [nodes=8, ppn=4, timeout=1s]                                                                   
                90                4.0                6.0                9.0               81.0                0.0               1116             0.0569             0.0568
                95                0.0                6.0               56.0               35.0                3.0               1444             0.0628             0.0600
               100                0.0                6.0               61.0               29.0                4.0               1458             0.0584             0.0531
               105                0.0               13.0               56.0               24.0                7.0               1437             0.0500             0.0464

                                                                  [nodes=8, ppn=4, timeout=10s]                                                                   
                90                5.0                5.0                3.0               87.0                0.0               1468             0.0573             0.0573
                95                0.0                7.0               33.0               60.0                0.0               4452             0.0666             0.0637
               100                0.0                7.0               33.0               60.0                0.0               4893             0.0638             0.0591
               105                0.0               16.0               32.0               50.0                2.0               4881             0.0540             0.0502

                                                                   [nodes=8, ppn=8, timeout=1s]                                                                   
                90               59.0               23.0                0.0               12.0                6.0               1011             0.0081             0.0081
                95                2.0                4.0                7.0               87.0                0.0               1280             0.0348             0.0317
               100                0.0                0.0               88.0                1.0               11.0               1809             0.0450             0.0426
               105                0.0                0.0               95.0                0.0                5.0               1715             0.0376             0.0380

                                                                  [nodes=8, ppn=8, timeout=10s]                                                                   
                90               64.0               18.0                0.0               13.0                5.0               1014             0.0093             0.0093
                95                1.0                5.0                1.0               92.0                1.0               1465             0.0344             0.0313
               100                0.0                0.0               88.0                8.0                4.0              10124             0.0514             0.0479
               105                0.0                0.0               94.0                5.0                1.0              10273             0.0424             0.0438

                                                                  [nodes=16, ppn=4, timeout=1s]                                                                   
                90                1.0                0.0               43.0               47.0                9.0               1689             0.0470             0.0453
                95                0.0                0.0               91.0                0.0                9.0               1726             0.0612             0.0613
               100                0.0                0.0               89.0                1.0               10.0               1678             0.0492             0.0494
               105                0.0                0.0               88.0                1.0               11.0               1670             0.0451             0.0499

                                                                  [nodes=16, ppn=4, timeout=10s]                                                                  
                90                1.0                0.0               16.0               82.0                1.0               4005             0.0531             0.0504
                95                0.0                0.0               91.0                6.0                3.0              10220             0.0791             0.0762
               100                0.0                0.0               94.0                5.0                1.0              10267             0.0711             0.0717
               105                0.0                0.0               95.0                5.0                0.0              10297             0.0673             0.0719

                                                                  [nodes=16, ppn=8, timeout=1s]                                                                   
                90               45.0               21.0                4.0               19.0               11.0               1539             0.0055             0.0053
                95                1.0                0.0               69.0                4.0               26.0               1814             0.0158             0.0189
               100                0.0                0.0               66.0                0.0               34.0               1673             0.0106             0.0108
               105                0.0                0.0               71.0                0.0               29.0               1678             0.0078             0.0111

                                                                  [nodes=16, ppn=8, timeout=10s]                                                                  
                90               49.0               21.0                0.0               25.0                5.0               1786             0.0073             0.0073
                95                1.0                2.0               20.0               71.0                6.0               5805             0.0258             0.0270
               100                0.0                0.0              100.0                0.0                0.0              10738             0.0428             0.0435
               105                0.0                0.0               99.0                0.0                1.0              10652             0.0373             0.0398

                                                                  [nodes=32, ppn=4, timeout=1s]                                                                   
                90                0.0                0.0                0.0                0.0              100.0               1255            -0.0186            -0.0178
                95                0.0                1.0                0.0                0.0               99.0               1261            -0.0228            -0.0233
               100                0.0                0.0                0.0                0.0              100.0               1224            -0.0253            -0.0262
               105                0.0                0.0                0.0                0.0              100.0               1227            -0.0305            -0.0276

                                                                  [nodes=32, ppn=4, timeout=10s]                                                                  
                90                0.0                0.0               37.0               41.0               22.0               9059             0.0344             0.0342
                95                0.0                0.0               86.0                0.0               14.0              10877             0.0621             0.0613
               100                0.0                0.0               99.0                0.0                1.0              10831             0.0643             0.0655
               105                0.0                0.0               95.0                0.0                5.0              10838             0.0557             0.0562

                                                                  [nodes=32, ppn=8, timeout=1s]                                                                   
                90                  —                  —                  —                  —                  —                  —                  —                  —
                95                0.0                0.0                0.0                0.0              100.0               1325            -0.0114            -0.0102
               100                0.0                0.0                0.0                0.0              100.0               1363            -0.0151            -0.0127
               105                0.0                0.0                0.0                0.0              100.0               1257            -0.0151            -0.0155

                                                                  [nodes=32, ppn=8, timeout=10s]                                                                  
                90                  —                  —                  —                  —                  —                  —                  —                  —
                95                0.0                1.0               23.0                2.0               74.0              10969            -0.0024            -0.0020
               100                0.0                0.0               53.0                0.0               47.0              10992             0.0121             0.0136
               105                0.0                0.0               69.0                0.0               31.0              10954             0.0135             0.0156
