7309940385334237743
1420052706459400740
3132326258768729143
7956536540478288960
8016731149625864370
7196266411674554368
6772603432636054556
4204471460018303910
3159643892569801110
3737635650877940855
1431348066566932968
8110663468741290990
917224645308210940
55411538136720492
2120090046821723763
1754007979673256872
5888965561877447036
4291706568640266163
7194306251949794638
8869018158643600458
5839509821751272860
4782248702426767105
5210833456475221841
2027745333831851761
657070463987715267
6189391917187610042
5130844505531187853
3712956461027657442
5435020287124189294
4275183120444302794
6617179428660612426
8650194206863455706
8619543593757090233
6013696950180590152
1023525827562816677
219602589878935038
1993971700290982859
2254113481559975435
2506108877001422316
