484806185843093489
4219457405427907235
7309940385334237743
6994672214887366847
3394979529978938239
7956536540478288960
6452900031824671063
3896010399170147587
1424665327171895173
546960236124654608
3941336756034580715
1503191614089492773
2776888858026346365
8110663468741290990
5820706265677719135
55411538136720492
2881060639005617760
3532658037249897651
5499991615272674611
6105563283321887062
1754007979673256872
7194306251949794638
8869018158643600458
7899493300157142034
697073105759480269
6895378818991516291
8727485397340111755
4559964496990583395
7753940112227685379
6189391917187610042
7252074906178545503
3712956461027657442
3937612914725950854
4855668352291734553
6181536930444734779
7024236687192545299
5192245877720377991
7420528211910559118
8650194206863455706
8619543593757090233
219602589878935038
868345193988332467
5300881956419103460
1993971700290982859
2254113481559975435
7335201056252104502
2202158810409137126
2506108877001422316
3568231548795854174
5718196445725297835
9126551470516884404
1541097410654331810
5818100544690602936
7730765085791097700
3987827014520816348
1096718949685239825
