5896358955358513046
1420052706459400740
8016731149625864370
1779281120235042110
7196266411674554368
6772603432636054556
4204471460018303910
3159643892569801110
1431348066566932968
420292943029515637
917224645308210940
7158228594698779781
7376625660721489042
5888965561877447036
4291706568640266163
5839509821751272860
4782248702426767105
6791828356968382696
4245042552790771277
4528391889290670831
2027745333831851761
226216363256580172
5809399052914872227
657070463987715267
2057909903460133994
7965293553015376524
5130844505531187853
1221345081614209477
5435020287124189294
3928363649402512180
1120181360350854083
4275183120444302794
6617179428660612426
7102506122751228813
3442520487102279065
2404411545535534280
6990155264863631615
6469489248687525114
8033569224504949185
1023525827562816677
6507800679503166357
2280823119808743756
5397005882441633319
1086328549291446253
