4219457405427907235
7309940385334237743
1420052706459400740
3132326258768729143
3394979529978938239
7956536540478288960
1779281120235042110
7196266411674554368
3896010399170147587
6772603432636054556
4204471460018303910
3737635650877940855
2776888858026346365
420292943029515637
9147129661833587558
917224645308210940
55411538136720492
7158228594698779781
2881060639005617760
5499991615272674611
6105563283321887062
1754007979673256872
5888965561877447036
4291706568640266163
8869018158643600458
5839509821751272860
4782248702426767105
4245042552790771277
1284945672489363765
2027745333831851761
8727485397340111755
657070463987715267
2057909903460133994
7753940112227685379
6189391917187610042
1221345081614209477
6636232377391960297
5435020287124189294
4855668352291734553
6181536930444734779
3928363649402512180
2404411545535534280
6990155264863631615
7024236687192545299
8619543593757090233
6013696950180590152
219602589878935038
868345193988332467
2254113481559975435
7335201056252104502
2202158810409137126
5756508426186236398
5397005882441633319
445452966031145345
1541097410654331810
7730765085791097700
1086328549291446253
3987827014520816348
1086256223848041603
1098181851266756060
2537210642284439781
447894098700000972
8720578957111805835
