484806185843093489
5896358955358513046
6452900031824671063
3159643892569801110
546960236124654608
3941336756034580715
1503191614089492773
8110663468741290990
5820706265677719135
5221797255719614626
2120090046821723763
3532658037249897651
7738711211195866853
4528391889290670831
697073105759480269
226216363256580172
6895378818991516291
5809399052914872227
4559964496990583395
5130844505531187853
7252074906178545503
3712956461027657442
2008907309570689453
3937612914725950854
1120181360350854083
4275183120444302794
7102506122751228813
5192245877720377991
8033569224504949185
1023525827562816677
1993971700290982859
6507800679503166357
5718196445725297835
5818100544690602936
1096718949685239825
7268157541739304927
8694841941272457754
