484806185843093489
7309940385334237743
6994672214887366847
3896010399170147587
546960236124654608
5221797255719614626
917224645308210940
3532658037249897651
7376625660721489042
8869018158643600458
4782248702426767105
4528391889290670831
6895378818991516291
2057909903460133994
6189391917187610042
1221345081614209477
3937612914725950854
6181536930444734779
4275183120444302794
6617179428660612426
6990155264863631615
7024236687192545299
8619543593757090233
219602589878935038
2202158810409137126
5718196445725297835
445452966031145345
1541097410654331810
5818100544690602936
