4219457405427907235
5896358955358513046
3132326258768729143
3394979529978938239
7956536540478288960
6452900031824671063
8016731149625864370
7196266411674554368
6772603432636054556
4204471460018303910
1424665327171895173
3159643892569801110
3737635650877940855
1431348066566932968
3941336756034580715
2776888858026346365
8110663468741290990
5820706265677719135
420292943029515637
9147129661833587558
55411538136720492
7158228594698779781
2881060639005617760
2120090046821723763
5499991615272674611
6105563283321887062
7738711211195866853
5888965561877447036
4291706568640266163
7194306251949794638
5839509821751272860
5210833456475221841
6791828356968382696
4493970743770925510
7899493300157142034
697073105759480269
1284945672489363765
2027745333831851761
226216363256580172
5809399052914872227
8727485397340111755
657070463987715267
4559964496990583395
7753940112227685379
7965293553015376524
6636232377391960297
7252074906178545503
3712956461027657442
2008907309570689453
5435020287124189294
4855668352291734553
3928363649402512180
1120181360350854083
3442520487102279065
2404411545535534280
6469489248687525114
5192245877720377991
6013696950180590152
1023525827562816677
868345193988332467
5300881956419103460
1993971700290982859
2254113481559975435
7335201056252104502
2506108877001422316
6507800679503166357
3568231548795854174
5756508426186236398
9126551470516884404
2280823119808743756
5397005882441633319
