484806185843093489
4219457405427907235
6452900031824671063
8016731149625864370
1779281120235042110
3896010399170147587
4204471460018303910
1424665327171895173
1431348066566932968
1503191614089492773
2776888858026346365
8110663468741290990
7158228594698779781
5888965561877447036
4782248702426767105
226216363256580172
6895378818991516291
4559964496990583395
2057909903460133994
7965293553015376524
1221345081614209477
4855668352291734553
4275183120444302794
7102506122751228813
3442520487102279065
2404411545535534280
6990155264863631615
8650194206863455706
2254113481559975435
2202158810409137126
6507800679503166357
5397005882441633319
5818100544690602936
1086328549291446253
3987827014520816348
