7309940385334237743
5896358955358513046
1420052706459400740
6994672214887366847
3394979529978938239
7956536540478288960
7196266411674554368
6772603432636054556
3159643892569801110
546960236124654608
3941336756034580715
5820706265677719135
420292943029515637
917224645308210940
55411538136720492
2881060639005617760
3532658037249897651
5499991615272674611
7376625660721489042
6105563283321887062
1754007979673256872
4291706568640266163
7194306251949794638
8869018158643600458
5839509821751272860
6791828356968382696
4245042552790771277
4528391889290670831
7899493300157142034
697073105759480269
2027745333831851761
5809399052914872227
8727485397340111755
657070463987715267
7753940112227685379
6189391917187610042
5130844505531187853
7252074906178545503
3712956461027657442
3937612914725950854
5435020287124189294
6181536930444734779
3928363649402512180
1120181360350854083
6617179428660612426
7024236687192545299
6469489248687525114
5192245877720377991
7420528211910559118
8033569224504949185
8619543593757090233
1023525827562816677
219602589878935038
868345193988332467
5300881956419103460
1993971700290982859
7335201056252104502
2506108877001422316
3568231548795854174
5718196445725297835
9126551470516884404
2280823119808743756
1541097410654331810
7730765085791097700
1096718949685239825
