484806185843093489
4219457405427907235
1420052706459400740
3132326258768729143
3394979529978938239
7956536540478288960
6452900031824671063
8016731149625864370
1779281120235042110
7196266411674554368
3896010399170147587
4204471460018303910
1424665327171895173
3159643892569801110
3737635650877940855
2776888858026346365
5820706265677719135
9147129661833587558
7158228594698779781
2881060639005617760
5499991615272674611
7376625660721489042
5888965561877447036
4291706568640266163
8869018158643600458
5839509821751272860
4782248702426767105
6791828356968382696
4245042552790771277
4493970743770925510
4528391889290670831
7899493300157142034
697073105759480269
1284945672489363765
2027745333831851761
8727485397340111755
657070463987715267
7965293553015376524
6189391917187610042
5130844505531187853
6636232377391960297
7252074906178545503
3712956461027657442
2008907309570689453
4855668352291734553
3928363649402512180
4275183120444302794
6617179428660612426
3442520487102279065
2404411545535534280
6990155264863631615
7024236687192545299
6469489248687525114
8033569224504949185
8619543593757090233
868345193988332467
5300881956419103460
2254113481559975435
7335201056252104502
3568231548795854174
5718196445725297835
5397005882441633319
445452966031145345
5818100544690602936
3987827014520816348
1096718949685239825
1086256223848041603
