7309940385334237743
5896358955358513046
1431348066566932968
546960236124654608
3941336756034580715
1503191614089492773
8110663468741290990
420292943029515637
5221797255719614626
55411538136720492
2120090046821723763
3532658037249897651
6105563283321887062
226216363256580172
6895378818991516291
2057909903460133994
1221345081614209477
3937612914725950854
6181536930444734779
7102506122751228813
5192245877720377991
8650194206863455706
1023525827562816677
219602589878935038
1993971700290982859
2506108877001422316
6507800679503166357
5756508426186236398
9126551470516884404
2280823119808743756
1541097410654331810
7730765085791097700
1086328549291446253
