484806185843093489
4219457405427907235
7376625660721489042
6105563283321887062
5888965561877447036
4291706568640266163
7376625660721489042
484806185843093489
4528391889290670831
1086328549291446253
3987827014520816348
1096718949685239825
1086256223848041603
7268157541739304927
1098181851266756060
592614219853408301
447894098700000972
8720578957111805835
2564338243049378455
3035754826630143701
1815117622121952975
1086328549291446253
1086328549291446253
1086328549291446253
1086328549291446253
1086328549291446253
3987827014520816348
1096718949685239825
1086256223848041603
7268157541739304927
