timestamp,seed,error,baseline_score,best_solver_name,best_solver_score,best_solver_duration_ms,best_solver_status,solver_attempts,util_run_cpu_now,util_run_cpu_before,util_run_mem_now,util_run_mem_before,cpu_m_run_now,cpu_m_run_before,mem_b_run_now,mem_b_run_before,running_count_now,running_count_before,unscheduled_count_now,unscheduled_count_before,pods_run_by_node_now,pods_run_by_node_before,running_placed_by_prio_now,running_placed_by_prio_before,unschedulable_by_prio_now,unschedulable_by_prio_before,unscheduled_pods_now,unscheduled_pods_before,running_pods_now,running_pods_before,pod_info_now,pod_info_before,node_info
2026/02/11/11:17:49,484806185843093489,,"{""evicted"":0,""moved"":0,""placed_by_priority"":{""1"":18,""2"":30,""3"":39,""4"":22}}",python,"{""evicted"":13,""moved"":15,""placed_by_priority"":{""1"":5,""2"":37,""3"":50,""4"":22}}",985,FEASIBLE,"[{""duration_ms"":985,""name"":""python"",""score"":{""evicted"":13,""moved"":15,""placed_by_priority"":{""1"":5,""2"":37,""3"":50,""4"":22}},""status"":""FEASIBLE""}]",0.872,0.862,0.951,0.853,55852,55225,66269379555,59473212809,113,109,15,19,"{""kwok-node-1"":4,""kwok-node-10"":4,""kwok-node-11"":5,""kwok-node-12"":3,""kwok-node-13"":4,""kwok-node-14"":3,""kwok-node-15"":3,""kwok-node-16"":4,""kwok-node-17"":3,""kwok-node-18"":4,""kwok-node-19"":4,""kwok-node-2"":4,""kwok-node-20"":3,""kwok-node-21"":3,""kwok-node-22"":3,""kwok-node-23"":4,""kwok-node-24"":3,""kwok-node-25"":3,""kwok-node-26"":3,""kwok-node-27"":3,""kwok-node-28"":3,""kwok-node-29"":3,""kwok-node-3"":3,""kwok-node-30"":3,""kwok-node-31"":4,""kwok-node-32"":4,""kwok-node-4"":4,""kwok-node-5"":4,""kwok-node-6"":5,""kwok-node-7"":3,""kwok-node-8"":3,""kwok-node-9"":4}","{""kwok-node-1"":4,""kwok-node-10"":3,""kwok-node-11"":5,""kwok-node-12"":4,""kwok-node-13"":3,""kwok-node-14"":3,""kwok-node-15"":3,""kwok-node-16"":3,""kwok-node-17"":3,""kwok-node-18"":4,""kwok-node-19"":4,""kwok-node-2"":4,""kwok-node-20"":3,""kwok-node-21"":3,""kwok-node-22"":3,""kwok-node-23"":4,""kwok-node-24"":3,""kwok-node-25"":3,""kwok-node-26"":3,""kwok-node-27"":3,""kwok-node-28"":3,""kwok-node-29"":3,""kwok-node-3"":3,""kwok-node-30"":3,""kwok-node-31"":3,""kwok-node-32"":3,""kwok-node-4"":5,""kwok-node-5"":4,""kwok-node-6"":3,""kwok-node-7"":3,""kwok-node-8"":3,""kwok-node-9"":5}","{""p1"":4,""p2"":37,""p3"":50,""p4"":22}","{""p1"":18,""p2"":30,""p3"":39,""p4"":22}","{""p1"":15}","{""p1"":1,""p2"":7,""p3"":11}","{rs-19-p1-7mrxp,rs-19-p1-9ljcb,rs-19-p1-zcxst,rs-21-p1-nt7x8,rs-22-p1-75jwn,rs-22-p1-mfdkd,rs-27-p1-q55m4,rs-27-p1-rd4vk,rs-28-p1-7x5np,rs-28-p1-jpldp,rs-28-p1-nx8v5,rs-28-p1-zrhkv,rs-43-p1-lnx2m,rs-44-p1-b8rkm,rs-44-p1-qf4d6}","{rs-36-p3-6fb4b,rs-36-p3-jntcn,rs-39-p2-47wmg,rs-39-p2-dd2qb,rs-39-p2-rhk56,rs-39-p2-sbkxd,rs-40-p3-5622z,rs-40-p3-67zqk,rs-40-p3-9szng,rs-41-p3-42vxh,rs-41-p3-n99qr,rs-41-p3-wtg4h,rs-41-p3-xzt94,rs-42-p3-954gk,rs-42-p3-f8vdw,rs-44-p1-b8rkm,rs-46-p2-fp9d9,rs-46-p2-q4gkp,rs-46-p2-z58jc}","{rs-01-p3-b69wb,rs-01-p3-gbxsn,rs-01-p3-tb4ch,rs-01-p3-wcrsm,rs-02-p2-7bk2f,rs-02-p2-ncsfv,rs-03-p2-2gglg,rs-03-p2-xbqqz,rs-04-p3-hhbzm,rs-04-p3-pwlsm,rs-04-p3-px85x,rs-04-p3-v6xlx,rs-05-p3-sf6x9,rs-06-p2-2n49c,rs-06-p2-4qlkh,rs-06-p2-m6vn6,rs-06-p2-zwtrl,rs-07-p2-gd84l,rs-07-p2-sjbpz,rs-07-p2-v6f59,rs-07-p2-wmc54,rs-08-p3-hlpfp,rs-08-p3-jf6jx,rs-08-p3-nn7s7,rs-08-p3-plbn8,rs-09-p2-6zpnd,rs-09-p2-cbv6v,rs-09-p2-dkh6r,rs-09-p2-xdt8s,rs-10-p3-fvjvb,rs-10-p3-lc58d,rs-10-p3-lhd8x,rs-10-p3-xj7bt,rs-11-p4-4m8j6,rs-11-p4-bhnwp,rs-11-p4-qjdvf,rs-12-p3-7skdf,rs-12-p3-fp7pp,rs-12-p3-kfgkd,rs-12-p3-mrn6q,rs-13-p3-x4r9r,rs-14-p3-d45kk,rs-15-p1-lsd5b,rs-15-p1-njpf7,rs-15-p1-tfhb2,rs-16-p4-5gr42,rs-16-p4-769cg,rs-16-p4-cstws,rs-16-p4-mbkxp,rs-17-p4-2f68w,rs-17-p4-nszr2,rs-17-p4-vc48r,rs-17-p4-xp29z,rs-18-p3-xhfz8,rs-20-p4-78cpp,rs-20-p4-kh85t,rs-23-p4-d5q47,rs-23-p4-fjsll,rs-23-p4-hn26b,rs-23-p4-m7qdr,rs-24-p4-gmd79,rs-24-p4-jp2sw,rs-24-p4-lg676,rs-24-p4-tch8q,rs-25-p3-8rhgs,rs-25-p3-cn8nk,rs-25-p3-z8rfn,rs-26-p2-fv7jq,rs-26-p2-gk8pv,rs-26-p2-r96sp,rs-26-p2-zd7tb,rs-27-p1-x6pkz,rs-29-p2-hv9hh,rs-30-p3-rflsn,rs-31-p2-56c2d,rs-31-p2-p6xgn,rs-32-p3-hvwqf,rs-33-p2-rmcss,rs-33-p2-zbvdd,rs-33-p2-zvmpk,rs-34-p3-clqgm,rs-34-p3-kqqft,rs-35-p2-5xbrn,rs-35-p2-978qr,rs-36-p3-6fb4b,rs-36-p3-jntcn,rs-37-p3-chfbh,rs-37-p3-h5mdz,rs-37-p3-mzp5b,rs-37-p3-p2db8,rs-38-p2-zcn4t,rs-39-p2-47wmg,rs-39-p2-dd2qb,rs-39-p2-rhk56,rs-39-p2-sbkxd,rs-40-p3-5622z,rs-40-p3-67zqk,rs-40-p3-9szng,rs-41-p3-42vxh,rs-41-p3-n99qr,rs-41-p3-wtg4h,rs-41-p3-xzt94,rs-42-p3-954gk,rs-42-p3-f8vdw,rs-45-p3-2tjdq,rs-45-p3-hhz2r,rs-45-p3-hnq2q,rs-45-p3-jcr9r,rs-46-p2-fp9d9,rs-46-p2-q4gkp,rs-46-p2-z58jc,rs-47-p2-hhtml,rs-48-p4-jclj4}","{rs-01-p3-b69wb,rs-01-p3-gbxsn,rs-01-p3-tb4ch,rs-01-p3-wcrsm,rs-02-p2-2hh5m,rs-02-p2-ncsfv,rs-03-p2-2gglg,rs-03-p2-xbqqz,rs-04-p3-hhbzm,rs-04-p3-pwlsm,rs-04-p3-px85x,rs-04-p3-v6xlx,rs-05-p3-sf6x9,rs-06-p2-4qlkh,rs-06-p2-g6827,rs-06-p2-vtbb4,rs-06-p2-xlwnn,rs-07-p2-p8xrv,rs-07-p2-sjbpz,rs-07-p2-v6f59,rs-07-p2-wmc54,rs-08-p3-hlpfp,rs-08-p3-jf6jx,rs-08-p3-nn7s7,rs-08-p3-plbn8,rs-09-p2-cbv6v,rs-09-p2-dkh6r,rs-09-p2-ngbm8,rs-09-p2-xdt8s,rs-10-p3-fvjvb,rs-10-p3-lc58d,rs-10-p3-lhd8x,rs-10-p3-xj7bt,rs-11-p4-4m8j6,rs-11-p4-bhnwp,rs-11-p4-qjdvf,rs-12-p3-7skdf,rs-12-p3-fp7pp,rs-12-p3-kfgkd,rs-12-p3-mrn6q,rs-13-p3-x4r9r,rs-14-p3-d45kk,rs-15-p1-2xl85,rs-15-p1-9lzv2,rs-15-p1-m54rk,rs-16-p4-5gr42,rs-16-p4-769cg,rs-16-p4-cstws,rs-16-p4-mbkxp,rs-17-p4-2f68w,rs-17-p4-nszr2,rs-17-p4-vc48r,rs-17-p4-xp29z,rs-18-p3-xhfz8,rs-19-p1-8jscd,rs-19-p1-bp8zj,rs-19-p1-frwzv,rs-20-p4-78cpp,rs-20-p4-kh85t,rs-21-p1-dzjjc,rs-22-p1-s7zkk,rs-22-p1-v8stk,rs-23-p4-d5q47,rs-23-p4-fjsll,rs-23-p4-hn26b,rs-23-p4-m7qdr,rs-24-p4-gmd79,rs-24-p4-jp2sw,rs-24-p4-lg676,rs-24-p4-tch8q,rs-25-p3-8rhgs,rs-25-p3-cn8nk,rs-25-p3-z8rfn,rs-26-p2-7xkl9,rs-26-p2-fv7jq,rs-26-p2-r96sp,rs-26-p2-v6l8d,rs-27-p1-dlv24,rs-27-p1-glg4j,rs-27-p1-xkhmp,rs-28-p1-7skzn,rs-28-p1-fhzs8,rs-28-p1-hncb6,rs-28-p1-sr25g,rs-29-p2-hv9hh,rs-30-p3-rflsn,rs-31-p2-56c2d,rs-31-p2-p6xgn,rs-32-p3-hvwqf,rs-33-p2-rmcss,rs-33-p2-zbvdd,rs-33-p2-zvmpk,rs-34-p3-clqgm,rs-34-p3-kqqft,rs-35-p2-978qr,rs-35-p2-mmnhg,rs-37-p3-chfbh,rs-37-p3-h5mdz,rs-37-p3-mzp5b,rs-37-p3-p2db8,rs-38-p2-m7gg9,rs-43-p1-g46cx,rs-44-p1-hcqdp,rs-45-p3-2tjdq,rs-45-p3-hhz2r,rs-45-p3-hnq2q,rs-45-p3-jcr9r,rs-47-p2-hhtml,rs-48-p4-jclj4}","[{""name"":""rs-01-p3-b69wb"",""cpu_m"":427,""mem_b"":343966759,""priority"":""3"",""node"":""kwok-node-19""},{""name"":""rs-01-p3-gbxsn"",""cpu_m"":427,""mem_b"":343966759,""priority"":""3"",""node"":""kwok-node-18""},{""name"":""rs-01-p3-tb4ch"",""cpu_m"":427,""mem_b"":343966759,""priority"":""3"",""node"":""kwok-node-2""},{""name"":""rs-01-p3-wcrsm"",""cpu_m"":427,""mem_b"":343966759,""priority"":""3"",""node"":""kwok-node-1""},{""name"":""rs-02-p2-7bk2f"",""cpu_m"":391,""mem_b"":390597870,""priority"":""2"",""node"":""kwok-node-10""},{""name"":""rs-02-p2-ncsfv"",""cpu_m"":391,""mem_b"":390597870,""priority"":""2"",""node"":""kwok-node-11""},{""name"":""rs-03-p2-2gglg"",""cpu_m"":828,""mem_b"":613089629,""priority"":""2"",""node"":""kwok-node-14""},{""name"":""rs-03-p2-xbqqz"",""cpu_m"":828,""mem_b"":613089629,""priority"":""2"",""node"":""kwok-node-16""},{""name"":""rs-04-p3-hhbzm"",""cpu_m"":151,""mem_b"":549358279,""priority"":""3"",""node"":""kwok-node-17""},{""name"":""rs-04-p3-pwlsm"",""cpu_m"":151,""mem_b"":549358279,""priority"":""3"",""node"":""kwok-node-10""},{""name"":""rs-04-p3-px85x"",""cpu_m"":151,""mem_b"":549358279,""priority"":""3"",""node"":""kwok-node-15""},{""name"":""rs-04-p3-v6xlx"",""cpu_m"":151,""mem_b"":549358279,""priority"":""3"",""node"":""kwok-node-20""},{""name"":""rs-05-p3-sf6x9"",""cpu_m"":553,""mem_b"":311363716,""priority"":""3"",""node"":""kwok-node-13""},{""name"":""rs-06-p2-2n49c"",""cpu_m"":671,""mem_b"":700290895,""priority"":""2"",""node"":""kwok-node-21""},{""name"":""rs-06-p2-4qlkh"",""cpu_m"":671,""mem_b"":700290895,""priority"":""2"",""node"":""kwok-node-22""},{""name"":""rs-06-p2-m6vn6"",""cpu_m"":671,""mem_b"":700290895,""priority"":""2"",""node"":""kwok-node-28""},{""name"":""rs-06-p2-zwtrl"",""cpu_m"":671,""mem_b"":700290895,""priority"":""2"",""node"":""kwok-node-15""},{""name"":""rs-07-p2-gd84l"",""cpu_m"":329,""mem_b"":304947441,""priority"":""2"",""node"":""kwok-node-16""},{""name"":""rs-07-p2-sjbpz"",""cpu_m"":329,""mem_b"":304947441,""priority"":""2"",""node"":""kwok-node-25""},{""name"":""rs-07-p2-v6f59"",""cpu_m"":329,""mem_b"":304947441,""priority"":""2"",""node"":""kwok-node-12""},{""name"":""rs-07-p2-wmc54"",""cpu_m"":329,""mem_b"":304947441,""priority"":""2"",""node"":""kwok-node-2""},{""name"":""rs-08-p3-hlpfp"",""cpu_m"":855,""mem_b"":803292127,""priority"":""3"",""node"":""kwok-node-26""},{""name"":""rs-08-p3-jf6jx"",""cpu_m"":855,""mem_b"":803292127,""priority"":""3"",""node"":""kwok-node-25""},{""name"":""rs-08-p3-nn7s7"",""cpu_m"":855,""mem_b"":803292127,""priority"":""3"",""node"":""kwok-node-28""},{""name"":""rs-08-p3-plbn8"",""cpu_m"":855,""mem_b"":803292127,""priority"":""3"",""node"":""kwok-node-27""},{""name"":""rs-09-p2-6zpnd"",""cpu_m"":141,""mem_b"":542698642,""priority"":""2"",""node"":""kwok-node-24""},{""name"":""rs-09-p2-cbv6v"",""cpu_m"":141,""mem_b"":542698642,""priority"":""2"",""node"":""kwok-node-1""},{""name"":""rs-09-p2-dkh6r"",""cpu_m"":141,""mem_b"":542698642,""priority"":""2"",""node"":""kwok-node-13""},{""name"":""rs-09-p2-xdt8s"",""cpu_m"":141,""mem_b"":542698642,""priority"":""2"",""node"":""kwok-node-18""},{""name"":""rs-10-p3-fvjvb"",""cpu_m"":566,""mem_b"":707455228,""priority"":""3"",""node"":""kwok-node-29""},{""name"":""rs-10-p3-lc58d"",""cpu_m"":566,""mem_b"":707455228,""priority"":""3"",""node"":""kwok-node-30""},{""name"":""rs-10-p3-lhd8x"",""cpu_m"":566,""mem_b"":707455228,""priority"":""3"",""node"":""kwok-node-3""},{""name"":""rs-10-p3-xj7bt"",""cpu_m"":566,""mem_b"":707455228,""priority"":""3"",""node"":""kwok-node-10""},{""name"":""rs-11-p4-4m8j6"",""cpu_m"":333,""mem_b"":363023020,""priority"":""4"",""node"":""kwok-node-4""},{""name"":""rs-11-p4-bhnwp"",""cpu_m"":333,""mem_b"":363023020,""priority"":""4"",""node"":""kwok-node-6""},{""name"":""rs-11-p4-qjdvf"",""cpu_m"":333,""mem_b"":363023020,""priority"":""4"",""node"":""kwok-node-32""},{""name"":""rs-12-p3-7skdf"",""cpu_m"":336,""mem_b"":572662135,""priority"":""3"",""node"":""kwok-node-5""},{""name"":""rs-12-p3-fp7pp"",""cpu_m"":336,""mem_b"":572662135,""priority"":""3"",""node"":""kwok-node-6""},{""name"":""rs-12-p3-kfgkd"",""cpu_m"":336,""mem_b"":572662135,""priority"":""3"",""node"":""kwok-node-31""},{""name"":""rs-12-p3-mrn6q"",""cpu_m"":336,""mem_b"":572662135,""priority"":""3"",""node"":""kwok-node-32""},{""name"":""rs-13-p3-x4r9r"",""cpu_m"":359,""mem_b"":876802530,""priority"":""3"",""node"":""kwok-node-8""},{""name"":""rs-14-p3-d45kk"",""cpu_m"":416,""mem_b"":393504472,""priority"":""3"",""node"":""kwok-node-9""},{""name"":""rs-15-p1-lsd5b"",""cpu_m"":102,""mem_b"":277132079,""priority"":""1"",""node"":""kwok-node-6""},{""name"":""rs-15-p1-njpf7"",""cpu_m"":102,""mem_b"":277132079,""priority"":""1"",""node"":""kwok-node-32""},{""name"":""rs-15-p1-tfhb2"",""cpu_m"":102,""mem_b"":277132079,""priority"":""1"",""node"":""kwok-node-11""},{""name"":""rs-16-p4-5gr42"",""cpu_m"":760,""mem_b"":893315398,""priority"":""4"",""node"":""kwok-node-17""},{""name"":""rs-16-p4-769cg"",""cpu_m"":760,""mem_b"":893315398,""priority"":""4"",""node"":""kwok-node-7""},{""name"":""rs-16-p4-cstws"",""cpu_m"":760,""mem_b"":893315398,""priority"":""4"",""node"":""kwok-node-20""},{""name"":""rs-16-p4-mbkxp"",""cpu_m"":760,""mem_b"":893315398,""priority"":""4"",""node"":""kwok-node-15""},{""name"":""rs-17-p4-2f68w"",""cpu_m"":678,""mem_b"":388736459,""priority"":""4"",""node"":""kwok-node-8""},{""name"":""rs-17-p4-nszr2"",""cpu_m"":678,""mem_b"":388736459,""priority"":""4"",""node"":""kwok-node-5""},{""name"":""rs-17-p4-vc48r"",""cpu_m"":678,""mem_b"":388736459,""priority"":""4"",""node"":""kwok-node-31""},{""name"":""rs-17-p4-xp29z"",""cpu_m"":678,""mem_b"":388736459,""priority"":""4"",""node"":""kwok-node-4""},{""name"":""rs-18-p3-xhfz8"",""cpu_m"":576,""mem_b"":477224356,""priority"":""3"",""node"":""kwok-node-9""},{""name"":""rs-19-p1-7mrxp"",""cpu_m"":903,""mem_b"":605332519,""priority"":""1"",""node"":""""},{""name"":""rs-19-p1-9ljcb"",""cpu_m"":903,""mem_b"":605332519,""priority"":""1"",""node"":""""},{""name"":""rs-19-p1-zcxst"",""cpu_m"":903,""mem_b"":605332519,""priority"":""1"",""node"":""""},{""name"":""rs-20-p4-78cpp"",""cpu_m"":292,""mem_b"":950348858,""priority"":""4"",""node"":""kwok-node-16""},{""name"":""rs-20-p4-kh85t"",""cpu_m"":292,""mem_b"":950348858,""priority"":""4"",""node"":""kwok-node-14""},{""name"":""rs-21-p1-nt7x8"",""cpu_m"":349,""mem_b"":498306702,""priority"":""1"",""node"":""""},{""name"":""rs-22-p1-75jwn"",""cpu_m"":861,""mem_b"":376336480,""priority"":""1"",""node"":""""},{""name"":""rs-22-p1-mfdkd"",""cpu_m"":861,""mem_b"":376336480,""priority"":""1"",""node"":""""},{""name"":""rs-23-p4-d5q47"",""cpu_m"":821,""mem_b"":622047283,""priority"":""4"",""node"":""kwok-node-21""},{""name"":""rs-23-p4-fjsll"",""cpu_m"":821,""mem_b"":622047283,""priority"":""4"",""node"":""kwok-node-24""},{""name"":""rs-23-p4-hn26b"",""cpu_m"":821,""mem_b"":622047283,""priority"":""4"",""node"":""kwok-node-29""},{""name"":""rs-23-p4-m7qdr"",""cpu_m"":821,""mem_b"":622047283,""priority"":""4"",""node"":""kwok-node-22""},{""name"":""rs-24-p4-gmd79"",""cpu_m"":147,""mem_b"":595764153,""priority"":""4"",""node"":""kwok-node-2""},{""name"":""rs-24-p4-jp2sw"",""cpu_m"":147,""mem_b"":595764153,""priority"":""4"",""node"":""kwok-node-23""},{""name"":""rs-24-p4-lg676"",""cpu_m"":147,""mem_b"":595764153,""priority"":""4"",""node"":""kwok-node-11""},{""name"":""rs-24-p4-tch8q"",""cpu_m"":147,""mem_b"":595764153,""priority"":""4"",""node"":""kwok-node-26""},{""name"":""rs-25-p3-8rhgs"",""cpu_m"":804,""mem_b"":645145944,""priority"":""3"",""node"":""kwok-node-32""},{""name"":""rs-25-p3-cn8nk"",""cpu_m"":804,""mem_b"":645145944,""priority"":""3"",""node"":""kwok-node-6""},{""name"":""rs-25-p3-z8rfn"",""cpu_m"":804,""mem_b"":645145944,""priority"":""3"",""node"":""kwok-node-13""},{""name"":""rs-26-p2-fv7jq"",""cpu_m"":661,""mem_b"":378735433,""priority"":""2"",""node"":""kwok-node-7""},{""name"":""rs-26-p2-gk8pv"",""cpu_m"":661,""mem_b"":378735433,""priority"":""2"",""node"":""kwok-node-23""},{""name"":""rs-26-p2-r96sp"",""cpu_m"":661,""mem_b"":378735433,""priority"":""2"",""node"":""kwok-node-10""},{""name"":""rs-26-p2-zd7tb"",""cpu_m"":661,""mem_b"":378735433,""priority"":""2"",""node"":""kwok-node-14""},{""name"":""rs-27-p1-q55m4"",""cpu_m"":724,""mem_b"":196797226,""priority"":""1"",""node"":""""},{""name"":""rs-27-p1-rd4vk"",""cpu_m"":724,""mem_b"":196797226,""priority"":""1"",""node"":""""},{""name"":""rs-27-p1-x6pkz"",""cpu_m"":724,""mem_b"":196797226,""priority"":""1"",""node"":""kwok-node-31""},{""name"":""rs-28-p1-7x5np"",""cpu_m"":968,""mem_b"":374083033,""priority"":""1"",""node"":""""},{""name"":""rs-28-p1-jpldp"",""cpu_m"":968,""mem_b"":374083033,""priority"":""1"",""node"":""""},{""name"":""rs-28-p1-nx8v5"",""cpu_m"":968,""mem_b"":374083033,""priority"":""1"",""node"":""""},{""name"":""rs-28-p1-zrhkv"",""cpu_m"":968,""mem_b"":374083033,""priority"":""1"",""node"":""""},{""name"":""rs-29-p2-hv9hh"",""cpu_m"":973,""mem_b"":621151287,""priority"":""2"",""node"":""kwok-node-26""},{""name"":""rs-30-p3-rflsn"",""cpu_m"":300,""mem_b"":853460383,""priority"":""3"",""node"":""kwok-node-5""},{""name"":""rs-31-p2-56c2d"",""cpu_m"":160,""mem_b"":730254364,""priority"":""2"",""node"":""kwok-node-3""},{""name"":""rs-31-p2-p6xgn"",""cpu_m"":160,""mem_b"":730254364,""priority"":""2"",""node"":""kwok-node-4""},{""name"":""rs-32-p3-hvwqf"",""cpu_m"":360,""mem_b"":387953413,""priority"":""3"",""node"":""kwok-node-9""},{""name"":""rs-33-p2-rmcss"",""cpu_m"":539,""mem_b"":884972302,""priority"":""2"",""node"":""kwok-node-8""},{""name"":""rs-33-p2-zbvdd"",""cpu_m"":539,""mem_b"":884972302,""priority"":""2"",""node"":""kwok-node-25""},{""name"":""rs-33-p2-zvmpk"",""cpu_m"":539,""mem_b"":884972302,""priority"":""2"",""node"":""kwok-node-12""},{""name"":""rs-34-p3-clqgm"",""cpu_m"":387,""mem_b"":618104235,""priority"":""3"",""node"":""kwok-node-29""},{""name"":""rs-34-p3-kqqft"",""cpu_m"":387,""mem_b"":618104235,""priority"":""3"",""node"":""kwok-node-1""},{""name"":""rs-35-p2-5xbrn"",""cpu_m"":327,""mem_b"":211729649,""priority"":""2"",""node"":""kwok-node-6""},{""name"":""rs-35-p2-978qr"",""cpu_m"":327,""mem_b"":211729649,""priority"":""2"",""node"":""kwok-node-16""},{""name"":""rs-36-p3-6fb4b"",""cpu_m"":901,""mem_b"":275677248,""priority"":""3"",""node"":""kwok-node-11""},{""name"":""rs-36-p3-jntcn"",""cpu_m"":901,""mem_b"":275677248,""priority"":""3"",""node"":""kwok-node-19""},{""name"":""rs-37-p3-chfbh"",""cpu_m"":199,""mem_b"":625031849,""priority"":""3"",""node"":""kwok-node-27""},{""name"":""rs-37-p3-h5mdz"",""cpu_m"":199,""mem_b"":625031849,""priority"":""3"",""node"":""kwok-node-22""},{""name"":""rs-37-p3-mzp5b"",""cpu_m"":199,""mem_b"":625031849,""priority"":""3"",""node"":""kwok-node-28""},{""name"":""rs-37-p3-p2db8"",""cpu_m"":199,""mem_b"":625031849,""priority"":""3"",""node"":""kwok-node-30""},{""name"":""rs-38-p2-zcn4t"",""cpu_m"":330,""mem_b"":583373689,""priority"":""2"",""node"":""kwok-node-13""},{""name"":""rs-39-p2-47wmg"",""cpu_m"":833,""mem_b"":628301849,""priority"":""2"",""node"":""kwok-node-1""},{""name"":""rs-39-p2-dd2qb"",""cpu_m"":833,""mem_b"":628301849,""priority"":""2"",""node"":""kwok-node-3""},{""name"":""rs-39-p2-rhk56"",""cpu_m"":833,""mem_b"":628301849,""priority"":""2"",""node"":""kwok-node-20""},{""name"":""rs-39-p2-sbkxd"",""cpu_m"":833,""mem_b"":628301849,""priority"":""2"",""node"":""kwok-node-23""},{""name"":""rs-40-p3-5622z"",""cpu_m"":735,""mem_b"":925092604,""priority"":""3"",""node"":""kwok-node-12""},{""name"":""rs-40-p3-67zqk"",""cpu_m"":735,""mem_b"":925092604,""priority"":""3"",""node"":""kwok-node-24""},{""name"":""rs-40-p3-9szng"",""cpu_m"":735,""mem_b"":925092604,""priority"":""3"",""node"":""kwok-node-2""},{""name"":""rs-41-p3-42vxh"",""cpu_m"":752,""mem_b"":697832033,""priority"":""3"",""node"":""kwok-node-17""},{""name"":""rs-41-p3-n99qr"",""cpu_m"":752,""mem_b"":697832033,""priority"":""3"",""node"":""kwok-node-18""},{""name"":""rs-41-p3-wtg4h"",""cpu_m"":752,""mem_b"":697832033,""priority"":""3"",""node"":""kwok-node-27""},{""name"":""rs-41-p3-xzt94"",""cpu_m"":752,""mem_b"":697832033,""priority"":""3"",""node"":""kwok-node-30""},{""name"":""rs-42-p3-954gk"",""cpu_m"":235,""mem_b"":961892146,""priority"":""3"",""node"":""kwok-node-19""},{""name"":""rs-42-p3-f8vdw"",""cpu_m"":235,""mem_b"":961892146,""priority"":""3"",""node"":""kwok-node-31""},{""name"":""rs-43-p1-lnx2m"",""cpu_m"":460,""mem_b"":468471966,""priority"":""1"",""node"":""""},{""name"":""rs-44-p1-b8rkm"",""cpu_m"":398,""mem_b"":741241716,""priority"":""1"",""node"":""""},{""name"":""rs-44-p1-qf4d6"",""cpu_m"":398,""mem_b"":741241716,""priority"":""1"",""node"":""""},{""name"":""rs-45-p3-2tjdq"",""cpu_m"":322,""mem_b"":573713719,""priority"":""3"",""node"":""kwok-node-19""},{""name"":""rs-45-p3-hhz2r"",""cpu_m"":322,""mem_b"":573713719,""priority"":""3"",""node"":""kwok-node-11""},{""name"":""rs-45-p3-hnq2q"",""cpu_m"":322,""mem_b"":573713719,""priority"":""3"",""node"":""kwok-node-18""},{""name"":""rs-45-p3-jcr9r"",""cpu_m"":322,""mem_b"":573713719,""priority"":""3"",""node"":""kwok-node-23""},{""name"":""rs-46-p2-fp9d9"",""cpu_m"":256,""mem_b"":802610701,""priority"":""2"",""node"":""kwok-node-7""},{""name"":""rs-46-p2-q4gkp"",""cpu_m"":256,""mem_b"":802610701,""priority"":""2"",""node"":""kwok-node-21""},{""name"":""rs-46-p2-z58jc"",""cpu_m"":256,""mem_b"":802610701,""priority"":""2"",""node"":""kwok-node-9""},{""name"":""rs-47-p2-hhtml"",""cpu_m"":717,""mem_b"":390857766,""priority"":""2"",""node"":""kwok-node-4""},{""name"":""rs-48-p4-jclj4"",""cpu_m"":599,""mem_b"":266974041,""priority"":""4"",""node"":""kwok-node-5""}]","[{""name"":""rs-01-p3-b69wb"",""cpu_m"":427,""mem_b"":343966759,""priority"":""3"",""node"":""kwok-node-19""},{""name"":""rs-01-p3-gbxsn"",""cpu_m"":427,""mem_b"":343966759,""priority"":""3"",""node"":""kwok-node-18""},{""name"":""rs-01-p3-tb4ch"",""cpu_m"":427,""mem_b"":343966759,""priority"":""3"",""node"":""kwok-node-2""},{""name"":""rs-01-p3-wcrsm"",""cpu_m"":427,""mem_b"":343966759,""priority"":""3"",""node"":""kwok-node-1""},{""name"":""rs-02-p2-2hh5m"",""cpu_m"":391,""mem_b"":390597870,""priority"":""2"",""node"":""kwok-node-12""},{""name"":""rs-02-p2-ncsfv"",""cpu_m"":391,""mem_b"":390597870,""priority"":""2"",""node"":""kwok-node-11""},{""name"":""rs-03-p2-2gglg"",""cpu_m"":828,""mem_b"":613089629,""priority"":""2"",""node"":""kwok-node-14""},{""name"":""rs-03-p2-xbqqz"",""cpu_m"":828,""mem_b"":613089629,""priority"":""2"",""node"":""kwok-node-16""},{""name"":""rs-04-p3-hhbzm"",""cpu_m"":151,""mem_b"":549358279,""priority"":""3"",""node"":""kwok-node-17""},{""name"":""rs-04-p3-pwlsm"",""cpu_m"":151,""mem_b"":549358279,""priority"":""3"",""node"":""kwok-node-10""},{""name"":""rs-04-p3-px85x"",""cpu_m"":151,""mem_b"":549358279,""priority"":""3"",""node"":""kwok-node-15""},{""name"":""rs-04-p3-v6xlx"",""cpu_m"":151,""mem_b"":549358279,""priority"":""3"",""node"":""kwok-node-20""},{""name"":""rs-05-p3-sf6x9"",""cpu_m"":553,""mem_b"":311363716,""priority"":""3"",""node"":""kwok-node-13""},{""name"":""rs-06-p2-4qlkh"",""cpu_m"":671,""mem_b"":700290895,""priority"":""2"",""node"":""kwok-node-22""},{""name"":""rs-06-p2-g6827"",""cpu_m"":671,""mem_b"":700290895,""priority"":""2"",""node"":""kwok-node-23""},{""name"":""rs-06-p2-vtbb4"",""cpu_m"":671,""mem_b"":700290895,""priority"":""2"",""node"":""kwok-node-24""},{""name"":""rs-06-p2-xlwnn"",""cpu_m"":671,""mem_b"":700290895,""priority"":""2"",""node"":""kwok-node-21""},{""name"":""rs-07-p2-p8xrv"",""cpu_m"":329,""mem_b"":304947441,""priority"":""2"",""node"":""kwok-node-11""},{""name"":""rs-07-p2-sjbpz"",""cpu_m"":329,""mem_b"":304947441,""priority"":""2"",""node"":""kwok-node-25""},{""name"":""rs-07-p2-v6f59"",""cpu_m"":329,""mem_b"":304947441,""priority"":""2"",""node"":""kwok-node-12""},{""name"":""rs-07-p2-wmc54"",""cpu_m"":329,""mem_b"":304947441,""priority"":""2"",""node"":""kwok-node-2""},{""name"":""rs-08-p3-hlpfp"",""cpu_m"":855,""mem_b"":803292127,""priority"":""3"",""node"":""kwok-node-26""},{""name"":""rs-08-p3-jf6jx"",""cpu_m"":855,""mem_b"":803292127,""priority"":""3"",""node"":""kwok-node-25""},{""name"":""rs-08-p3-nn7s7"",""cpu_m"":855,""mem_b"":803292127,""priority"":""3"",""node"":""kwok-node-28""},{""name"":""rs-08-p3-plbn8"",""cpu_m"":855,""mem_b"":803292127,""priority"":""3"",""node"":""kwok-node-27""},{""name"":""rs-09-p2-cbv6v"",""cpu_m"":141,""mem_b"":542698642,""priority"":""2"",""node"":""kwok-node-1""},{""name"":""rs-09-p2-dkh6r"",""cpu_m"":141,""mem_b"":542698642,""priority"":""2"",""node"":""kwok-node-13""},{""name"":""rs-09-p2-ngbm8"",""cpu_m"":141,""mem_b"":542698642,""priority"":""2"",""node"":""kwok-node-19""},{""name"":""rs-09-p2-xdt8s"",""cpu_m"":141,""mem_b"":542698642,""priority"":""2"",""node"":""kwok-node-18""},{""name"":""rs-10-p3-fvjvb"",""cpu_m"":566,""mem_b"":707455228,""priority"":""3"",""node"":""kwok-node-29""},{""name"":""rs-10-p3-lc58d"",""cpu_m"":566,""mem_b"":707455228,""priority"":""3"",""node"":""kwok-node-30""},{""name"":""rs-10-p3-lhd8x"",""cpu_m"":566,""mem_b"":707455228,""priority"":""3"",""node"":""kwok-node-3""},{""name"":""rs-10-p3-xj7bt"",""cpu_m"":566,""mem_b"":707455228,""priority"":""3"",""node"":""kwok-node-10""},{""name"":""rs-11-p4-4m8j6"",""cpu_m"":333,""mem_b"":363023020,""priority"":""4"",""node"":""kwok-node-4""},{""name"":""rs-11-p4-bhnwp"",""cpu_m"":333,""mem_b"":363023020,""priority"":""4"",""node"":""kwok-node-6""},{""name"":""rs-11-p4-qjdvf"",""cpu_m"":333,""mem_b"":363023020,""priority"":""4"",""node"":""kwok-node-32""},{""name"":""rs-12-p3-7skdf"",""cpu_m"":336,""mem_b"":572662135,""priority"":""3"",""node"":""kwok-node-5""},{""name"":""rs-12-p3-fp7pp"",""cpu_m"":336,""mem_b"":572662135,""priority"":""3"",""node"":""kwok-node-6""},{""name"":""rs-12-p3-kfgkd"",""cpu_m"":336,""mem_b"":572662135,""priority"":""3"",""node"":""kwok-node-31""},{""name"":""rs-12-p3-mrn6q"",""cpu_m"":336,""mem_b"":572662135,""priority"":""3"",""node"":""kwok-node-32""},{""name"":""rs-13-p3-x4r9r"",""cpu_m"":359,""mem_b"":876802530,""priority"":""3"",""node"":""kwok-node-8""},{""name"":""rs-14-p3-d45kk"",""cpu_m"":416,""mem_b"":393504472,""priority"":""3"",""node"":""kwok-node-9""},{""name"":""rs-15-p1-2xl85"",""cpu_m"":102,""mem_b"":277132079,""priority"":""1"",""node"":""kwok-node-4""},{""name"":""rs-15-p1-9lzv2"",""cpu_m"":102,""mem_b"":277132079,""priority"":""1"",""node"":""kwok-node-9""},{""name"":""rs-15-p1-m54rk"",""cpu_m"":102,""mem_b"":277132079,""priority"":""1"",""node"":""kwok-node-7""},{""name"":""rs-16-p4-5gr42"",""cpu_m"":760,""mem_b"":893315398,""priority"":""4"",""node"":""kwok-node-17""},{""name"":""rs-16-p4-769cg"",""cpu_m"":760,""mem_b"":893315398,""priority"":""4"",""node"":""kwok-node-7""},{""name"":""rs-16-p4-cstws"",""cpu_m"":760,""mem_b"":893315398,""priority"":""4"",""node"":""kwok-node-20""},{""name"":""rs-16-p4-mbkxp"",""cpu_m"":760,""mem_b"":893315398,""priority"":""4"",""node"":""kwok-node-15""},{""name"":""rs-17-p4-2f68w"",""cpu_m"":678,""mem_b"":388736459,""priority"":""4"",""node"":""kwok-node-8""},{""name"":""rs-17-p4-nszr2"",""cpu_m"":678,""mem_b"":388736459,""priority"":""4"",""node"":""kwok-node-5""},{""name"":""rs-17-p4-vc48r"",""cpu_m"":678,""mem_b"":388736459,""priority"":""4"",""node"":""kwok-node-31""},{""name"":""rs-17-p4-xp29z"",""cpu_m"":678,""mem_b"":388736459,""priority"":""4"",""node"":""kwok-node-4""},{""name"":""rs-18-p3-xhfz8"",""cpu_m"":576,""mem_b"":477224356,""priority"":""3"",""node"":""kwok-node-9""},{""name"":""rs-19-p1-8jscd"",""cpu_m"":903,""mem_b"":605332519,""priority"":""1"",""node"":""kwok-node-19""},{""name"":""rs-19-p1-bp8zj"",""cpu_m"":903,""mem_b"":605332519,""priority"":""1"",""node"":""kwok-node-18""},{""name"":""rs-19-p1-frwzv"",""cpu_m"":903,""mem_b"":605332519,""priority"":""1"",""node"":""kwok-node-30""},{""name"":""rs-20-p4-78cpp"",""cpu_m"":292,""mem_b"":950348858,""priority"":""4"",""node"":""kwok-node-16""},{""name"":""rs-20-p4-kh85t"",""cpu_m"":292,""mem_b"":950348858,""priority"":""4"",""node"":""kwok-node-14""},{""name"":""rs-21-p1-dzjjc"",""cpu_m"":349,""mem_b"":498306702,""priority"":""1"",""node"":""kwok-node-12""},{""name"":""rs-22-p1-s7zkk"",""cpu_m"":861,""mem_b"":376336480,""priority"":""1"",""node"":""kwok-node-1""},{""name"":""rs-22-p1-v8stk"",""cpu_m"":861,""mem_b"":376336480,""priority"":""1"",""node"":""kwok-node-3""},{""name"":""rs-23-p4-d5q47"",""cpu_m"":821,""mem_b"":622047283,""priority"":""4"",""node"":""kwok-node-21""},{""name"":""rs-23-p4-fjsll"",""cpu_m"":821,""mem_b"":622047283,""priority"":""4"",""node"":""kwok-node-24""},{""name"":""rs-23-p4-hn26b"",""cpu_m"":821,""mem_b"":622047283,""priority"":""4"",""node"":""kwok-node-29""},{""name"":""rs-23-p4-m7qdr"",""cpu_m"":821,""mem_b"":622047283,""priority"":""4"",""node"":""kwok-node-22""},{""name"":""rs-24-p4-gmd79"",""cpu_m"":147,""mem_b"":595764153,""priority"":""4"",""node"":""kwok-node-2""},{""name"":""rs-24-p4-jp2sw"",""cpu_m"":147,""mem_b"":595764153,""priority"":""4"",""node"":""kwok-node-23""},{""name"":""rs-24-p4-lg676"",""cpu_m"":147,""mem_b"":595764153,""priority"":""4"",""node"":""kwok-node-11""},{""name"":""rs-24-p4-tch8q"",""cpu_m"":147,""mem_b"":595764153,""priority"":""4"",""node"":""kwok-node-26""},{""name"":""rs-25-p3-8rhgs"",""cpu_m"":804,""mem_b"":645145944,""priority"":""3"",""node"":""kwok-node-32""},{""name"":""rs-25-p3-cn8nk"",""cpu_m"":804,""mem_b"":645145944,""priority"":""3"",""node"":""kwok-node-6""},{""name"":""rs-25-p3-z8rfn"",""cpu_m"":804,""mem_b"":645145944,""priority"":""3"",""node"":""kwok-node-13""},{""name"":""rs-26-p2-7xkl9"",""cpu_m"":661,""mem_b"":378735433,""priority"":""2"",""node"":""kwok-node-28""},{""name"":""rs-26-p2-fv7jq"",""cpu_m"":661,""mem_b"":378735433,""priority"":""2"",""node"":""kwok-node-7""},{""name"":""rs-26-p2-r96sp"",""cpu_m"":661,""mem_b"":378735433,""priority"":""2"",""node"":""kwok-node-10""},{""name"":""rs-26-p2-v6l8d"",""cpu_m"":661,""mem_b"":378735433,""priority"":""2"",""node"":""kwok-node-27""},{""name"":""rs-27-p1-dlv24"",""cpu_m"":724,""mem_b"":196797226,""priority"":""1"",""node"":""kwok-node-15""},{""name"":""rs-27-p1-glg4j"",""cpu_m"":724,""mem_b"":196797226,""priority"":""1"",""node"":""kwok-node-23""},{""name"":""rs-27-p1-xkhmp"",""cpu_m"":724,""mem_b"":196797226,""priority"":""1"",""node"":""kwok-node-11""},{""name"":""rs-28-p1-7skzn"",""cpu_m"":968,""mem_b"":374083033,""priority"":""1"",""node"":""kwok-node-17""},{""name"":""rs-28-p1-fhzs8"",""cpu_m"":968,""mem_b"":374083033,""priority"":""1"",""node"":""kwok-node-31""},{""name"":""rs-28-p1-hncb6"",""cpu_m"":968,""mem_b"":374083033,""priority"":""1"",""node"":""kwok-node-2""},{""name"":""rs-28-p1-sr25g"",""cpu_m"":968,""mem_b"":374083033,""priority"":""1"",""node"":""kwok-node-20""},{""name"":""rs-29-p2-hv9hh"",""cpu_m"":973,""mem_b"":621151287,""priority"":""2"",""node"":""kwok-node-26""},{""name"":""rs-30-p3-rflsn"",""cpu_m"":300,""mem_b"":853460383,""priority"":""3"",""node"":""kwok-node-5""},{""name"":""rs-31-p2-56c2d"",""cpu_m"":160,""mem_b"":730254364,""priority"":""2"",""node"":""kwok-node-3""},{""name"":""rs-31-p2-p6xgn"",""cpu_m"":160,""mem_b"":730254364,""priority"":""2"",""node"":""kwok-node-4""},{""name"":""rs-32-p3-hvwqf"",""cpu_m"":360,""mem_b"":387953413,""priority"":""3"",""node"":""kwok-node-9""},{""name"":""rs-33-p2-rmcss"",""cpu_m"":539,""mem_b"":884972302,""priority"":""2"",""node"":""kwok-node-8""},{""name"":""rs-33-p2-zbvdd"",""cpu_m"":539,""mem_b"":884972302,""priority"":""2"",""node"":""kwok-node-25""},{""name"":""rs-33-p2-zvmpk"",""cpu_m"":539,""mem_b"":884972302,""priority"":""2"",""node"":""kwok-node-12""},{""name"":""rs-34-p3-clqgm"",""cpu_m"":387,""mem_b"":618104235,""priority"":""3"",""node"":""kwok-node-29""},{""name"":""rs-34-p3-kqqft"",""cpu_m"":387,""mem_b"":618104235,""priority"":""3"",""node"":""kwok-node-1""},{""name"":""rs-35-p2-978qr"",""cpu_m"":327,""mem_b"":211729649,""priority"":""2"",""node"":""kwok-node-16""},{""name"":""rs-35-p2-mmnhg"",""cpu_m"":327,""mem_b"":211729649,""priority"":""2"",""node"":""kwok-node-14""},{""name"":""rs-36-p3-6fb4b"",""cpu_m"":901,""mem_b"":275677248,""priority"":""3"",""node"":""""},{""name"":""rs-36-p3-jntcn"",""cpu_m"":901,""mem_b"":275677248,""priority"":""3"",""node"":""""},{""name"":""rs-37-p3-chfbh"",""cpu_m"":199,""mem_b"":625031849,""priority"":""3"",""node"":""kwok-node-27""},{""name"":""rs-37-p3-h5mdz"",""cpu_m"":199,""mem_b"":625031849,""priority"":""3"",""node"":""kwok-node-22""},{""name"":""rs-37-p3-mzp5b"",""cpu_m"":199,""mem_b"":625031849,""priority"":""3"",""node"":""kwok-node-28""},{""name"":""rs-37-p3-p2db8"",""cpu_m"":199,""mem_b"":625031849,""priority"":""3"",""node"":""kwok-node-30""},{""name"":""rs-38-p2-m7gg9"",""cpu_m"":330,""mem_b"":583373689,""priority"":""2"",""node"":""kwok-node-21""},{""name"":""rs-39-p2-47wmg"",""cpu_m"":833,""mem_b"":628301849,""priority"":""2"",""node"":""""},{""name"":""rs-39-p2-dd2qb"",""cpu_m"":833,""mem_b"":628301849,""priority"":""2"",""node"":""""},{""name"":""rs-39-p2-rhk56"",""cpu_m"":833,""mem_b"":628301849,""priority"":""2"",""node"":""""},{""name"":""rs-39-p2-sbkxd"",""cpu_m"":833,""mem_b"":628301849,""priority"":""2"",""node"":""""},{""name"":""rs-40-p3-5622z"",""cpu_m"":735,""mem_b"":925092604,""priority"":""3"",""node"":""""},{""name"":""rs-40-p3-67zqk"",""cpu_m"":735,""mem_b"":925092604,""priority"":""3"",""node"":""""},{""name"":""rs-40-p3-9szng"",""cpu_m"":735,""mem_b"":925092604,""priority"":""3"",""node"":""""},{""name"":""rs-41-p3-42vxh"",""cpu_m"":752,""mem_b"":697832033,""priority"":""3"",""node"":""""},{""name"":""rs-41-p3-n99qr"",""cpu_m"":752,""mem_b"":697832033,""priority"":""3"",""node"":""""},{""name"":""rs-41-p3-wtg4h"",""cpu_m"":752,""mem_b"":697832033,""priority"":""3"",""node"":""""},{""name"":""rs-41-p3-xzt94"",""cpu_m"":752,""mem_b"":697832033,""priority"":""3"",""node"":""""},{""name"":""rs-42-p3-954gk"",""cpu_m"":235,""mem_b"":961892146,""priority"":""3"",""node"":""""},{""name"":""rs-42-p3-f8vdw"",""cpu_m"":235,""mem_b"":961892146,""priority"":""3"",""node"":""""},{""name"":""rs-43-p1-g46cx"",""cpu_m"":460,""mem_b"":468471966,""priority"":""1"",""node"":""kwok-node-9""},{""name"":""rs-44-p1-b8rkm"",""cpu_m"":398,""mem_b"":741241716,""priority"":""1"",""node"":""""},{""name"":""rs-44-p1-hcqdp"",""cpu_m"":398,""mem_b"":741241716,""priority"":""1"",""node"":""kwok-node-24""},{""name"":""rs-45-p3-2tjdq"",""cpu_m"":322,""mem_b"":573713719,""priority"":""3"",""node"":""kwok-node-19""},{""name"":""rs-45-p3-hhz2r"",""cpu_m"":322,""mem_b"":573713719,""priority"":""3"",""node"":""kwok-node-11""},{""name"":""rs-45-p3-hnq2q"",""cpu_m"":322,""mem_b"":573713719,""priority"":""3"",""node"":""kwok-node-18""},{""name"":""rs-45-p3-jcr9r"",""cpu_m"":322,""mem_b"":573713719,""priority"":""3"",""node"":""kwok-node-23""},{""name"":""rs-46-p2-fp9d9"",""cpu_m"":256,""mem_b"":802610701,""priority"":""2"",""node"":""""},{""name"":""rs-46-p2-q4gkp"",""cpu_m"":256,""mem_b"":802610701,""priority"":""2"",""node"":""""},{""name"":""rs-46-p2-z58jc"",""cpu_m"":256,""mem_b"":802610701,""priority"":""2"",""node"":""""},{""name"":""rs-47-p2-hhtml"",""cpu_m"":717,""mem_b"":390857766,""priority"":""2"",""node"":""kwok-node-4""},{""name"":""rs-48-p4-jclj4"",""cpu_m"":599,""mem_b"":266974041,""priority"":""4"",""node"":""kwok-node-5""}]","[{""name"":""kwok-node-1"",""cap_cpu_m"":2001,""cap_mem_bytes"":2177894011},{""name"":""kwok-node-2"",""cap_cpu_m"":2001,""cap_mem_bytes"":2177894011},{""name"":""kwok-node-3"",""cap_cpu_m"":2001,""cap_mem_bytes"":2177894011},{""name"":""kwok-node-4"",""cap_cpu_m"":2001,""cap_mem_bytes"":2177894011},{""name"":""kwok-node-5"",""cap_cpu_m"":2001,""cap_mem_bytes"":2177894011},{""name"":""kwok-node-6"",""cap_cpu_m"":2001,""cap_mem_bytes"":2177894011},{""name"":""kwok-node-7"",""cap_cpu_m"":2001,""cap_mem_bytes"":2177894011},{""name"":""kwok-node-8"",""cap_cpu_m"":2001,""cap_mem_bytes"":2177894011},{""name"":""kwok-node-9"",""cap_cpu_m"":2001,""cap_mem_bytes"":2177894011},{""name"":""kwok-node-10"",""cap_cpu_m"":2001,""cap_mem_bytes"":2177894011},{""name"":""kwok-node-11"",""cap_cpu_m"":2001,""cap_mem_bytes"":2177894011},{""name"":""kwok-node-12"",""cap_cpu_m"":2001,""cap_mem_bytes"":2177894011},{""name"":""kwok-node-13"",""cap_cpu_m"":2001,""cap_mem_bytes"":2177894011},{""name"":""kwok-node-14"",""cap_cpu_m"":2001,""cap_mem_bytes"":2177894011},{""name"":""kwok-node-15"",""cap_cpu_m"":2001,""cap_mem_bytes"":2177894011},{""name"":""kwok-node-16"",""cap_cpu_m"":2001,""cap_mem_bytes"":2177894011},{""name"":""kwok-node-17"",""cap_cpu_m"":2001,""cap_mem_bytes"":2177894011},{""name"":""kwok-node-18"",""cap_cpu_m"":2001,""cap_mem_bytes"":2177894011},{""name"":""kwok-node-19"",""cap_cpu_m"":2001,""cap_mem_bytes"":2177894011},{""name"":""kwok-node-20"",""cap_cpu_m"":2001,""cap_mem_bytes"":2177894011},{""name"":""kwok-node-21"",""cap_cpu_m"":2001,""cap_mem_bytes"":2177894011},{""name"":""kwok-node-22"",""cap_cpu_m"":2001,""cap_mem_bytes"":2177894011},{""name"":""kwok-node-23"",""cap_cpu_m"":2001,""cap_mem_bytes"":2177894011},{""name"":""kwok-node-24"",""cap_cpu_m"":2001,""cap_mem_bytes"":2177894011},{""name"":""kwok-node-25"",""cap_cpu_m"":2001,""cap_mem_bytes"":2177894011},{""name"":""kwok-node-26"",""cap_cpu_m"":2001,""cap_mem_bytes"":2177894011},{""name"":""kwok-node-27"",""cap_cpu_m"":2001,""cap_mem_bytes"":2177894011},{""name"":""kwok-node-28"",""cap_cpu_m"":2001,""cap_mem_bytes"":2177894011},{""name"":""kwok-node-29"",""cap_cpu_m"":2001,""cap_mem_bytes"":2177894011},{""name"":""kwok-node-30"",""cap_cpu_m"":2001,""cap_mem_bytes"":2177894011},{""name"":""kwok-node-31"",""cap_cpu_m"":2001,""cap_mem_bytes"":2177894011},{""name"":""kwok-node-32"",""cap_cpu_m"":2001,""cap_mem_bytes"":2177894011}]"
2026/02/11/11:18:45,4219457405427907235,,"{""evicted"":0,""moved"":0,""placed_by_priority"":{""1"":34,""2"":23,""3"":19,""4"":32}}",python,"{""evicted"":9,""moved"":17,""placed_by_priority"":{""1"":26,""2"":24,""3"":28,""4"":39}}",954,FEASIBLE,"[{""duration_ms"":954,""name"":""python"",""score"":{""evicted"":9,""moved"":17,""placed_by_priority"":{""1"":26,""2"":24,""3"":28,""4"":39}},""status"":""FEASIBLE""}]",0.928,0.822,0.919,0.799,64245,56890,62022869359,53895037430,117,108,11,20,"{""kwok-node-1"":3,""kwok-node-10"":4,""kwok-node-11"":4,""kwok-node-12"":4,""kwok-node-13"":3,""kwok-node-14"":4,""kwok-node-15"":5,""kwok-node-16"":3,""kwok-node-17"":4,""kwok-node-18"":3,""kwok-node-19"":4,""kwok-node-2"":4,""kwok-node-20"":4,""kwok-node-21"":4,""kwok-node-22"":4,""kwok-node-23"":3,""kwok-node-24"":4,""kwok-node-25"":3,""kwok-node-26"":3,""kwok-node-27"":4,""kwok-node-28"":4,""kwok-node-29"":4,""kwok-node-3"":3,""kwok-node-30"":3,""kwok-node-31"":4,""kwok-node-32"":4,""kwok-node-4"":3,""kwok-node-5"":4,""kwok-node-6"":3,""kwok-node-7"":4,""kwok-node-8"":3,""kwok-node-9"":4}","{""kwok-node-1"":3,""kwok-node-10"":4,""kwok-node-11"":4,""kwok-node-12"":4,""kwok-node-13"":3,""kwok-node-14"":3,""kwok-node-15"":4,""kwok-node-16"":3,""kwok-node-17"":4,""kwok-node-18"":3,""kwok-node-19"":4,""kwok-node-2"":4,""kwok-node-20"":3,""kwok-node-21"":4,""kwok-node-22"":3,""kwok-node-23"":3,""kwok-node-24"":4,""kwok-node-25"":3,""kwok-node-26"":2,""kwok-node-27"":3,""kwok-node-28"":4,""kwok-node-29"":4,""kwok-node-3"":3,""kwok-node-30"":3,""kwok-node-31"":4,""kwok-node-32"":4,""kwok-node-4"":3,""kwok-node-5"":3,""kwok-node-6"":3,""kwok-node-7"":3,""kwok-node-8"":3,""kwok-node-9"":3}","{""p1"":26,""p2"":24,""p3"":28,""p4"":39}","{""p1"":34,""p2"":23,""p3"":19,""p4"":32}","{""p1"":11}","{""p1"":3,""p2"":1,""p3"":9,""p4"":7}","{rs-11-p1-ks225,rs-11-p1-wh5f9,rs-18-p1-7bqkx,rs-18-p1-fv76n,rs-18-p1-r9jrt,rs-18-p1-vrd7g,rs-26-p1-pqww2,rs-27-p1-bxgqr,rs-33-p1-pr97s,rs-44-p1-44zmm,rs-47-p1-lk2nj}","{rs-37-p4-spnht,rs-39-p3-9t7wf,rs-39-p3-cvxvb,rs-39-p3-l8hzh,rs-39-p3-v45m5,rs-42-p3-fr7qg,rs-43-p4-b7kjt,rs-43-p4-gjvxh,rs-44-p1-44zmm,rs-45-p3-4vncb,rs-45-p3-bmgzw,rs-45-p3-j2qks,rs-47-p1-bnwnn,rs-47-p1-lk2nj,rs-48-p2-ff7hj,rs-49-p3-nm8g6,rs-50-p4-8ndzl,rs-50-p4-kgg27,rs-50-p4-ptzrx,rs-50-p4-w9vs5}","{rs-01-p3-ld5x8,rs-02-p3-5hfwq,rs-02-p3-85bgp,rs-02-p3-85g98,rs-03-p4-47klx,rs-03-p4-qp8xm,rs-03-p4-qpzcd,rs-03-p4-w42zq,rs-04-p2-4s2td,rs-04-p2-cfdkt,rs-04-p2-gc2l8,rs-04-p2-lhq8f,rs-05-p4-4cb55,rs-05-p4-7v2ws,rs-05-p4-ss7p5,rs-05-p4-w8cn8,rs-06-p2-cx2rs,rs-07-p3-5b49w,rs-08-p1-7g7bh,rs-08-p1-jtffv,rs-08-p1-kqvt5,rs-08-p1-x7smv,rs-09-p4-4dvtt,rs-09-p4-5z5hd,rs-09-p4-cm6g8,rs-09-p4-jkmq8,rs-10-p2-4n642,rs-10-p2-bv584,rs-12-p4-gbxdj,rs-12-p4-xsgfn,rs-13-p4-zjnpx,rs-14-p1-j5ncs,rs-15-p3-cz57s,rs-15-p3-fw4fd,rs-16-p2-dxsvv,rs-16-p2-w5qkx,rs-17-p4-cd8r4,rs-17-p4-wqtvk,rs-19-p2-2krfx,rs-19-p2-bbpvc,rs-19-p2-jh5g5,rs-19-p2-jn27q,rs-20-p4-ccwd2,rs-20-p4-tx8ll,rs-21-p3-7h8ch,rs-21-p3-k466t,rs-21-p3-kv8dr,rs-21-p3-q97g5,rs-22-p3-78ppq,rs-22-p3-f4g66,rs-22-p3-n2zdd,rs-22-p3-v2c6k,rs-23-p1-v87v6,rs-24-p1-8tq26,rs-25-p4-r59kc,rs-26-p1-bfwfk,rs-26-p1-wjlmk,rs-28-p2-7kw78,rs-28-p2-95vnp,rs-28-p2-hdrc9,rs-28-p2-r8pnm,rs-29-p3-j2zgx,rs-29-p3-k8p4x,rs-29-p3-pzh2d,rs-29-p3-tmdrx,rs-30-p1-n8jr8,rs-30-p1-xghl7,rs-31-p2-6hjfv,rs-31-p2-c89wk,rs-31-p2-phqvl,rs-32-p4-6bvct,rs-32-p4-c7vh9,rs-32-p4-nspg7,rs-32-p4-qq7cl,rs-33-p1-7vspt,rs-33-p1-cz5xv,rs-34-p1-5fftt,rs-34-p1-6sdvx,rs-34-p1-g8vz7,rs-34-p1-mnvmw,rs-35-p4-scn8v,rs-35-p4-v724c,rs-35-p4-zp7q5,rs-36-p2-bpp7p,rs-36-p2-pn6lj,rs-36-p2-zhqbn,rs-37-p4-spnht,rs-38-p1-7krbr,rs-38-p1-jbkzr,rs-38-p1-lrm2l,rs-38-p1-n8x2f,rs-39-p3-9t7wf,rs-39-p3-cvxvb,rs-39-p3-l8hzh,rs-39-p3-v45m5,rs-40-p1-6tbrw,rs-40-p1-nfxqm,rs-40-p1-rp2sc,rs-40-p1-vsn25,rs-41-p4-xw6g6,rs-42-p3-fr7qg,rs-43-p4-b7kjt,rs-43-p4-gjvxh,rs-45-p3-4vncb,rs-45-p3-bmgzw,rs-45-p3-j2qks,rs-46-p4-6mmmc,rs-46-p4-vg795,rs-46-p4-w24n2,rs-46-p4-wdnf5,rs-47-p1-bnwnn,rs-48-p2-ff7hj,rs-49-p3-nm8g6,rs-50-p4-8ndzl,rs-50-p4-kgg27,rs-50-p4-ptzrx,rs-50-p4-w9vs5}","{rs-01-p3-ld5x8,rs-02-p3-5hfwq,rs-02-p3-85bgp,rs-02-p3-85g98,rs-03-p4-47klx,rs-03-p4-qp8xm,rs-03-p4-qpzcd,rs-03-p4-w42zq,rs-04-p2-4s2td,rs-04-p2-cfdkt,rs-04-p2-gc2l8,rs-04-p2-lhq8f,rs-05-p4-4cb55,rs-05-p4-7v2ws,rs-05-p4-ss7p5,rs-05-p4-w8cn8,rs-06-p2-cx2rs,rs-07-p3-5b49w,rs-08-p1-5g82l,rs-08-p1-jtffv,rs-08-p1-kqvt5,rs-08-p1-qs2wv,rs-09-p4-4dvtt,rs-09-p4-5z5hd,rs-09-p4-cm6g8,rs-09-p4-jkmq8,rs-10-p2-4n642,rs-10-p2-bv584,rs-11-p1-r65hk,rs-11-p1-zl995,rs-12-p4-gbxdj,rs-12-p4-xsgfn,rs-13-p4-zjnpx,rs-14-p1-j5ncs,rs-15-p3-cz57s,rs-15-p3-fw4fd,rs-16-p2-dxsvv,rs-16-p2-w5qkx,rs-17-p4-cd8r4,rs-17-p4-wqtvk,rs-18-p1-8px48,rs-18-p1-97rzw,rs-18-p1-rdq2b,rs-18-p1-rqjkd,rs-19-p2-2krfx,rs-19-p2-bbpvc,rs-19-p2-jh5g5,rs-19-p2-jn27q,rs-20-p4-ccwd2,rs-20-p4-tx8ll,rs-21-p3-7h8ch,rs-21-p3-k466t,rs-21-p3-kv8dr,rs-21-p3-q97g5,rs-22-p3-78ppq,rs-22-p3-f4g66,rs-22-p3-n2zdd,rs-22-p3-v2c6k,rs-23-p1-v87v6,rs-24-p1-96279,rs-25-p4-r59kc,rs-26-p1-48sk9,rs-26-p1-64mfb,rs-26-p1-x64ml,rs-27-p1-spqzw,rs-28-p2-7kw78,rs-28-p2-95vnp,rs-28-p2-hdrc9,rs-28-p2-r8pnm,rs-29-p3-j2zgx,rs-29-p3-k8p4x,rs-29-p3-pzh2d,rs-29-p3-tmdrx,rs-30-p1-gfkrh,rs-30-p1-rmv84,rs-31-p2-6hjfv,rs-31-p2-c89wk,rs-31-p2-phqvl,rs-32-p4-6bvct,rs-32-p4-c7vh9,rs-32-p4-nspg7,rs-32-p4-qq7cl,rs-33-p1-bwcq4,rs-33-p1-dtw6p,rs-33-p1-mttz4,rs-34-p1-5mvdt,rs-34-p1-68wqv,rs-34-p1-6pcfz,rs-34-p1-g8vz7,rs-35-p4-scn8v,rs-35-p4-v724c,rs-35-p4-zp7q5,rs-36-p2-bpp7p,rs-36-p2-pn6lj,rs-36-p2-zhqbn,rs-38-p1-7krbr,rs-38-p1-d82sq,rs-38-p1-lrm2l,rs-38-p1-n4p5d,rs-40-p1-nfxqm,rs-40-p1-vtqck,rs-40-p1-x7qrb,rs-40-p1-xwd57,rs-41-p4-xw6g6,rs-46-p4-6mmmc,rs-46-p4-vg795,rs-46-p4-w24n2,rs-46-p4-wdnf5}","[{""name"":""rs-01-p3-ld5x8"",""cpu_m"":867,""mem_b"":583045723,""priority"":""3"",""node"":""kwok-node-13""},{""name"":""rs-02-p3-5hfwq"",""cpu_m"":275,""mem_b"":508486073,""priority"":""3"",""node"":""kwok-node-23""},{""name"":""rs-02-p3-85bgp"",""cpu_m"":275,""mem_b"":508486073,""priority"":""3"",""node"":""kwok-node-18""},{""name"":""rs-02-p3-85g98"",""cpu_m"":275,""mem_b"":508486073,""priority"":""3"",""node"":""kwok-node-16""},{""name"":""rs-03-p4-47klx"",""cpu_m"":293,""mem_b"":797857795,""priority"":""4"",""node"":""kwok-node-17""},{""name"":""rs-03-p4-qp8xm"",""cpu_m"":293,""mem_b"":797857795,""priority"":""4"",""node"":""kwok-node-20""},{""name"":""rs-03-p4-qpzcd"",""cpu_m"":293,""mem_b"":797857795,""priority"":""4"",""node"":""kwok-node-22""},{""name"":""rs-03-p4-w42zq"",""cpu_m"":293,""mem_b"":797857795,""priority"":""4"",""node"":""kwok-node-15""},{""name"":""rs-04-p2-4s2td"",""cpu_m"":312,""mem_b"":569912140,""priority"":""2"",""node"":""kwok-node-1""},{""name"":""rs-04-p2-cfdkt"",""cpu_m"":312,""mem_b"":569912140,""priority"":""2"",""node"":""kwok-node-10""},{""name"":""rs-04-p2-gc2l8"",""cpu_m"":312,""mem_b"":569912140,""priority"":""2"",""node"":""kwok-node-21""},{""name"":""rs-04-p2-lhq8f"",""cpu_m"":312,""mem_b"":569912140,""priority"":""2"",""node"":""kwok-node-19""},{""name"":""rs-05-p4-4cb55"",""cpu_m"":189,""mem_b"":255482371,""priority"":""4"",""node"":""kwok-node-12""},{""name"":""rs-05-p4-7v2ws"",""cpu_m"":189,""mem_b"":255482371,""priority"":""4"",""node"":""kwok-node-2""},{""name"":""rs-05-p4-ss7p5"",""cpu_m"":189,""mem_b"":255482371,""priority"":""4"",""node"":""kwok-node-24""},{""name"":""rs-05-p4-w8cn8"",""cpu_m"":189,""mem_b"":255482371,""priority"":""4"",""node"":""kwok-node-11""},{""name"":""rs-06-p2-cx2rs"",""cpu_m"":695,""mem_b"":811016664,""priority"":""2"",""node"":""kwok-node-26""},{""name"":""rs-07-p3-5b49w"",""cpu_m"":388,""mem_b"":283086050,""priority"":""3"",""node"":""kwok-node-30""},{""name"":""rs-08-p1-7g7bh"",""cpu_m"":543,""mem_b"":214637182,""priority"":""1"",""node"":""kwok-node-15""},{""name"":""rs-08-p1-jtffv"",""cpu_m"":543,""mem_b"":214637182,""priority"":""1"",""node"":""kwok-node-25""},{""name"":""rs-08-p1-kqvt5"",""cpu_m"":543,""mem_b"":214637182,""priority"":""1"",""node"":""kwok-node-27""},{""name"":""rs-08-p1-x7smv"",""cpu_m"":543,""mem_b"":214637182,""priority"":""1"",""node"":""kwok-node-9""},{""name"":""rs-09-p4-4dvtt"",""cpu_m"":556,""mem_b"":617670069,""priority"":""4"",""node"":""kwok-node-24""},{""name"":""rs-09-p4-5z5hd"",""cpu_m"":556,""mem_b"":617670069,""priority"":""4"",""node"":""kwok-node-14""},{""name"":""rs-09-p4-cm6g8"",""cpu_m"":556,""mem_b"":617670069,""priority"":""4"",""node"":""kwok-node-3""},{""name"":""rs-09-p4-jkmq8"",""cpu_m"":556,""mem_b"":617670069,""priority"":""4"",""node"":""kwok-node-11""},{""name"":""rs-10-p2-4n642"",""cpu_m"":192,""mem_b"":144009883,""priority"":""2"",""node"":""kwok-node-31""},{""name"":""rs-10-p2-bv584"",""cpu_m"":192,""mem_b"":144009883,""priority"":""2"",""node"":""kwok-node-32""},{""name"":""rs-11-p1-ks225"",""cpu_m"":536,""mem_b"":995787220,""priority"":""1"",""node"":""""},{""name"":""rs-11-p1-wh5f9"",""cpu_m"":536,""mem_b"":995787220,""priority"":""1"",""node"":""""},{""name"":""rs-12-p4-gbxdj"",""cpu_m"":648,""mem_b"":963505412,""priority"":""4"",""node"":""kwok-node-9""},{""name"":""rs-12-p4-xsgfn"",""cpu_m"":648,""mem_b"":963505412,""priority"":""4"",""node"":""kwok-node-5""},{""name"":""rs-13-p4-zjnpx"",""cpu_m"":491,""mem_b"":490182735,""priority"":""4"",""node"":""kwok-node-8""},{""name"":""rs-14-p1-j5ncs"",""cpu_m"":180,""mem_b"":825621559,""priority"":""1"",""node"":""kwok-node-7""},{""name"":""rs-15-p3-cz57s"",""cpu_m"":259,""mem_b"":753633880,""priority"":""3"",""node"":""kwok-node-32""},{""name"":""rs-15-p3-fw4fd"",""cpu_m"":259,""mem_b"":753633880,""priority"":""3"",""node"":""kwok-node-31""},{""name"":""rs-16-p2-dxsvv"",""cpu_m"":359,""mem_b"":829498414,""priority"":""2"",""node"":""kwok-node-29""},{""name"":""rs-16-p2-w5qkx"",""cpu_m"":359,""mem_b"":829498414,""priority"":""2"",""node"":""kwok-node-28""},{""name"":""rs-17-p4-cd8r4"",""cpu_m"":990,""mem_b"":758367729,""priority"":""4"",""node"":""kwok-node-2""},{""name"":""rs-17-p4-wqtvk"",""cpu_m"":990,""mem_b"":758367729,""priority"":""4"",""node"":""kwok-node-12""},{""name"":""rs-18-p1-7bqkx"",""cpu_m"":789,""mem_b"":866672294,""priority"":""1"",""node"":""""},{""name"":""rs-18-p1-fv76n"",""cpu_m"":789,""mem_b"":866672294,""priority"":""1"",""node"":""""},{""name"":""rs-18-p1-r9jrt"",""cpu_m"":789,""mem_b"":866672294,""priority"":""1"",""node"":""""},{""name"":""rs-18-p1-vrd7g"",""cpu_m"":789,""mem_b"":866672294,""priority"":""1"",""node"":""""},{""name"":""rs-19-p2-2krfx"",""cpu_m"":749,""mem_b"":584401768,""priority"":""2"",""node"":""kwok-node-18""},{""name"":""rs-19-p2-bbpvc"",""cpu_m"":749,""mem_b"":584401768,""priority"":""2"",""node"":""kwok-node-23""},{""name"":""rs-19-p2-jh5g5"",""cpu_m"":749,""mem_b"":584401768,""priority"":""2"",""node"":""kwok-node-1""},{""name"":""rs-19-p2-jn27q"",""cpu_m"":749,""mem_b"":584401768,""priority"":""2"",""node"":""kwok-node-16""},{""name"":""rs-20-p4-ccwd2"",""cpu_m"":810,""mem_b"":179774256,""priority"":""4"",""node"":""kwok-node-7""},{""name"":""rs-20-p4-tx8ll"",""cpu_m"":810,""mem_b"":179774256,""priority"":""4"",""node"":""kwok-node-17""},{""name"":""rs-21-p3-7h8ch"",""cpu_m"":697,""mem_b"":150218915,""priority"":""3"",""node"":""kwok-node-21""},{""name"":""rs-21-p3-k466t"",""cpu_m"":697,""mem_b"":150218915,""priority"":""3"",""node"":""kwok-node-22""},{""name"":""rs-21-p3-kv8dr"",""cpu_m"":697,""mem_b"":150218915,""priority"":""3"",""node"":""kwok-node-20""},{""name"":""rs-21-p3-q97g5"",""cpu_m"":697,""mem_b"":150218915,""priority"":""3"",""node"":""kwok-node-15""},{""name"":""rs-22-p3-78ppq"",""cpu_m"":146,""mem_b"":635876280,""priority"":""3"",""node"":""kwok-node-13""},{""name"":""rs-22-p3-f4g66"",""cpu_m"":146,""mem_b"":635876280,""priority"":""3"",""node"":""kwok-node-19""},{""name"":""rs-22-p3-n2zdd"",""cpu_m"":146,""mem_b"":635876280,""priority"":""3"",""node"":""kwok-node-10""},{""name"":""rs-22-p3-v2c6k"",""cpu_m"":146,""mem_b"":635876280,""priority"":""3"",""node"":""kwok-node-14""},{""name"":""rs-23-p1-v87v6"",""cpu_m"":921,""mem_b"":162344269,""priority"":""1"",""node"":""kwok-node-31""},{""name"":""rs-24-p1-8tq26"",""cpu_m"":511,""mem_b"":726113936,""priority"":""1"",""node"":""kwok-node-2""},{""name"":""rs-25-p4-r59kc"",""cpu_m"":312,""mem_b"":626512892,""priority"":""4"",""node"":""kwok-node-21""},{""name"":""rs-26-p1-bfwfk"",""cpu_m"":791,""mem_b"":442744993,""priority"":""1"",""node"":""kwok-node-28""},{""name"":""rs-26-p1-pqww2"",""cpu_m"":791,""mem_b"":442744993,""priority"":""1"",""node"":""""},{""name"":""rs-26-p1-wjlmk"",""cpu_m"":791,""mem_b"":442744993,""priority"":""1"",""node"":""kwok-node-28""},{""name"":""rs-27-p1-bxgqr"",""cpu_m"":911,""mem_b"":908976667,""priority"":""1"",""node"":""""},{""name"":""rs-28-p2-7kw78"",""cpu_m"":544,""mem_b"":198975531,""priority"":""2"",""node"":""kwok-node-4""},{""name"":""rs-28-p2-95vnp"",""cpu_m"":544,""mem_b"":198975531,""priority"":""2"",""node"":""kwok-node-24""},{""name"":""rs-28-p2-hdrc9"",""cpu_m"":544,""mem_b"":198975531,""priority"":""2"",""node"":""kwok-node-6""},{""name"":""rs-28-p2-r8pnm"",""cpu_m"":544,""mem_b"":198975531,""priority"":""2"",""node"":""kwok-node-11""},{""name"":""rs-29-p3-j2zgx"",""cpu_m"":475,""mem_b"":539899910,""priority"":""3"",""node"":""kwok-node-15""},{""name"":""rs-29-p3-k8p4x"",""cpu_m"":475,""mem_b"":539899910,""priority"":""3"",""node"":""kwok-node-7""},{""name"":""rs-29-p3-pzh2d"",""cpu_m"":475,""mem_b"":539899910,""priority"":""3"",""node"":""kwok-node-22""},{""name"":""rs-29-p3-tmdrx"",""cpu_m"":475,""mem_b"":539899910,""priority"":""3"",""node"":""kwok-node-20""},{""name"":""rs-30-p1-n8jr8"",""cpu_m"":636,""mem_b"":437692288,""priority"":""1"",""node"":""kwok-node-14""},{""name"":""rs-30-p1-xghl7"",""cpu_m"":636,""mem_b"":437692288,""priority"":""1"",""node"":""kwok-node-20""},{""name"":""rs-31-p2-6hjfv"",""cpu_m"":241,""mem_b"":333469562,""priority"":""2"",""node"":""kwok-node-17""},{""name"":""rs-31-p2-c89wk"",""cpu_m"":241,""mem_b"":333469562,""priority"":""2"",""node"":""kwok-node-2""},{""name"":""rs-31-p2-phqvl"",""cpu_m"":241,""mem_b"":333469562,""priority"":""2"",""node"":""kwok-node-12""},{""name"":""rs-32-p4-6bvct"",""cpu_m"":815,""mem_b"":387191412,""priority"":""4"",""node"":""kwok-node-10""},{""name"":""rs-32-p4-c7vh9"",""cpu_m"":815,""mem_b"":387191412,""priority"":""4"",""node"":""kwok-node-14""},{""name"":""rs-32-p4-nspg7"",""cpu_m"":815,""mem_b"":387191412,""priority"":""4"",""node"":""kwok-node-19""},{""name"":""rs-32-p4-qq7cl"",""cpu_m"":815,""mem_b"":387191412,""priority"":""4"",""node"":""kwok-node-13""},{""name"":""rs-33-p1-7vspt"",""cpu_m"":749,""mem_b"":722598895,""priority"":""1"",""node"":""kwok-node-9""},{""name"":""rs-33-p1-cz5xv"",""cpu_m"":749,""mem_b"":722598895,""priority"":""1"",""node"":""kwok-node-17""},{""name"":""rs-33-p1-pr97s"",""cpu_m"":749,""mem_b"":722598895,""priority"":""1"",""node"":""""},{""name"":""rs-34-p1-5fftt"",""cpu_m"":653,""mem_b"":287048240,""priority"":""1"",""node"":""kwok-node-5""},{""name"":""rs-34-p1-6sdvx"",""cpu_m"":653,""mem_b"":287048240,""priority"":""1"",""node"":""kwok-node-22""},{""name"":""rs-34-p1-g8vz7"",""cpu_m"":653,""mem_b"":287048240,""priority"":""1"",""node"":""kwok-node-3""},{""name"":""rs-34-p1-mnvmw"",""cpu_m"":653,""mem_b"":287048240,""priority"":""1"",""node"":""kwok-node-7""},{""name"":""rs-35-p4-scn8v"",""cpu_m"":656,""mem_b"":801061221,""priority"":""4"",""node"":""kwok-node-30""},{""name"":""rs-35-p4-v724c"",""cpu_m"":656,""mem_b"":801061221,""priority"":""4"",""node"":""kwok-node-11""},{""name"":""rs-35-p4-zp7q5"",""cpu_m"":656,""mem_b"":801061221,""priority"":""4"",""node"":""kwok-node-24""},{""name"":""rs-36-p2-bpp7p"",""cpu_m"":358,""mem_b"":652418004,""priority"":""2"",""node"":""kwok-node-27""},{""name"":""rs-36-p2-pn6lj"",""cpu_m"":358,""mem_b"":652418004,""priority"":""2"",""node"":""kwok-node-31""},{""name"":""rs-36-p2-zhqbn"",""cpu_m"":358,""mem_b"":652418004,""priority"":""2"",""node"":""kwok-node-25""},{""name"":""rs-37-p4-spnht"",""cpu_m"":952,""mem_b"":996042971,""priority"":""4"",""node"":""kwok-node-30""},{""name"":""rs-38-p1-7krbr"",""cpu_m"":714,""mem_b"":227526337,""priority"":""1"",""node"":""kwok-node-8""},{""name"":""rs-38-p1-jbkzr"",""cpu_m"":714,""mem_b"":227526337,""priority"":""1"",""node"":""kwok-node-26""},{""name"":""rs-38-p1-lrm2l"",""cpu_m"":714,""mem_b"":227526337,""priority"":""1"",""node"":""kwok-node-10""},{""name"":""rs-38-p1-n8x2f"",""cpu_m"":714,""mem_b"":227526337,""priority"":""1"",""node"":""kwok-node-29""},{""name"":""rs-39-p3-9t7wf"",""cpu_m"":795,""mem_b"":908869679,""priority"":""3"",""node"":""kwok-node-6""},{""name"":""rs-39-p3-cvxvb"",""cpu_m"":795,""mem_b"":908869679,""priority"":""3"",""node"":""kwok-node-1""},{""name"":""rs-39-p3-l8hzh"",""cpu_m"":795,""mem_b"":908869679,""priority"":""3"",""node"":""kwok-node-4""},{""name"":""rs-39-p3-v45m5"",""cpu_m"":795,""mem_b"":908869679,""priority"":""3"",""node"":""kwok-node-4""},{""name"":""rs-40-p1-6tbrw"",""cpu_m"":705,""mem_b"":439629856,""priority"":""1"",""node"":""kwok-node-5""},{""name"":""rs-40-p1-nfxqm"",""cpu_m"":705,""mem_b"":439629856,""priority"":""1"",""node"":""kwok-node-21""},{""name"":""rs-40-p1-rp2sc"",""cpu_m"":705,""mem_b"":439629856,""priority"":""1"",""node"":""kwok-node-27""},{""name"":""rs-40-p1-vsn25"",""cpu_m"":705,""mem_b"":439629856,""priority"":""1"",""node"":""kwok-node-12""},{""name"":""rs-41-p4-xw6g6"",""cpu_m"":216,""mem_b"":158244567,""priority"":""4"",""node"":""kwok-node-9""},{""name"":""rs-42-p3-fr7qg"",""cpu_m"":841,""mem_b"":215407894,""priority"":""3"",""node"":""kwok-node-32""},{""name"":""rs-43-p4-b7kjt"",""cpu_m"":635,""mem_b"":978149529,""priority"":""4"",""node"":""kwok-node-32""},{""name"":""rs-43-p4-gjvxh"",""cpu_m"":635,""mem_b"":978149529,""priority"":""4"",""node"":""kwok-node-26""},{""name"":""rs-44-p1-44zmm"",""cpu_m"":968,""mem_b"":828228566,""priority"":""1"",""node"":""""},{""name"":""rs-45-p3-4vncb"",""cpu_m"":846,""mem_b"":962338626,""priority"":""3"",""node"":""kwok-node-23""},{""name"":""rs-45-p3-bmgzw"",""cpu_m"":846,""mem_b"":962338626,""priority"":""3"",""node"":""kwok-node-18""},{""name"":""rs-45-p3-j2qks"",""cpu_m"":846,""mem_b"":962338626,""priority"":""3"",""node"":""kwok-node-8""},{""name"":""rs-46-p4-6mmmc"",""cpu_m"":152,""mem_b"":180254390,""priority"":""4"",""node"":""kwok-node-5""},{""name"":""rs-46-p4-vg795"",""cpu_m"":152,""mem_b"":180254390,""priority"":""4"",""node"":""kwok-node-29""},{""name"":""rs-46-p4-w24n2"",""cpu_m"":152,""mem_b"":180254390,""priority"":""4"",""node"":""kwok-node-28""},{""name"":""rs-46-p4-wdnf5"",""cpu_m"":152,""mem_b"":180254390,""priority"":""4"",""node"":""kwok-node-15""},{""name"":""rs-47-p1-bnwnn"",""cpu_m"":780,""mem_b"":486150680,""priority"":""1"",""node"":""kwok-node-19""},{""name"":""rs-47-p1-lk2nj"",""cpu_m"":780,""mem_b"":486150680,""priority"":""1"",""node"":""""},{""name"":""rs-48-p2-ff7hj"",""cpu_m"":913,""mem_b"":723458634,""priority"":""2"",""node"":""kwok-node-29""},{""name"":""rs-49-p3-nm8g6"",""cpu_m"":484,""mem_b"":787348717,""priority"":""3"",""node"":""kwok-node-27""},{""name"":""rs-50-p4-8ndzl"",""cpu_m"":769,""mem_b"":993303388,""priority"":""4"",""node"":""kwok-node-25""},{""name"":""rs-50-p4-kgg27"",""cpu_m"":769,""mem_b"":993303388,""priority"":""4"",""node"":""kwok-node-3""},{""name"":""rs-50-p4-ptzrx"",""cpu_m"":769,""mem_b"":993303388,""priority"":""4"",""node"":""kwok-node-16""},{""name"":""rs-50-p4-w9vs5"",""cpu_m"":769,""mem_b"":993303388,""priority"":""4"",""node"":""kwok-node-6""}]","[{""name"":""rs-01-p3-ld5x8"",""cpu_m"":867,""mem_b"":583045723,""priority"":""3"",""node"":""kwok-node-13""},{""name"":""rs-02-p3-5hfwq"",""cpu_m"":275,""mem_b"":508486073,""priority"":""3"",""node"":""kwok-node-23""},{""name"":""rs-02-p3-85bgp"",""cpu_m"":275,""mem_b"":508486073,""priority"":""3"",""node"":""kwok-node-18""},{""name"":""rs-02-p3-85g98"",""cpu_m"":275,""mem_b"":508486073,""priority"":""3"",""node"":""kwok-node-16""},{""name"":""rs-03-p4-47klx"",""cpu_m"":293,""mem_b"":797857795,""priority"":""4"",""node"":""kwok-node-17""},{""name"":""rs-03-p4-qp8xm"",""cpu_m"":293,""mem_b"":797857795,""priority"":""4"",""node"":""kwok-node-20""},{""name"":""rs-03-p4-qpzcd"",""cpu_m"":293,""mem_b"":797857795,""priority"":""4"",""node"":""kwok-node-22""},{""name"":""rs-03-p4-w42zq"",""cpu_m"":293,""mem_b"":797857795,""priority"":""4"",""node"":""kwok-node-15""},{""name"":""rs-04-p2-4s2td"",""cpu_m"":312,""mem_b"":569912140,""priority"":""2"",""node"":""kwok-node-1""},{""name"":""rs-04-p2-cfdkt"",""cpu_m"":312,""mem_b"":569912140,""priority"":""2"",""node"":""kwok-node-10""},{""name"":""rs-04-p2-gc2l8"",""cpu_m"":312,""mem_b"":569912140,""priority"":""2"",""node"":""kwok-node-21""},{""name"":""rs-04-p2-lhq8f"",""cpu_m"":312,""mem_b"":569912140,""priority"":""2"",""node"":""kwok-node-19""},{""name"":""rs-05-p4-4cb55"",""cpu_m"":189,""mem_b"":255482371,""priority"":""4"",""node"":""kwok-node-12""},{""name"":""rs-05-p4-7v2ws"",""cpu_m"":189,""mem_b"":255482371,""priority"":""4"",""node"":""kwok-node-2""},{""name"":""rs-05-p4-ss7p5"",""cpu_m"":189,""mem_b"":255482371,""priority"":""4"",""node"":""kwok-node-24""},{""name"":""rs-05-p4-w8cn8"",""cpu_m"":189,""mem_b"":255482371,""priority"":""4"",""node"":""kwok-node-11""},{""name"":""rs-06-p2-cx2rs"",""cpu_m"":695,""mem_b"":811016664,""priority"":""2"",""node"":""kwok-node-26""},{""name"":""rs-07-p3-5b49w"",""cpu_m"":388,""mem_b"":283086050,""priority"":""3"",""node"":""kwok-node-30""},{""name"":""rs-08-p1-5g82l"",""cpu_m"":543,""mem_b"":214637182,""priority"":""1"",""node"":""kwok-node-29""},{""name"":""rs-08-p1-jtffv"",""cpu_m"":543,""mem_b"":214637182,""priority"":""1"",""node"":""kwok-node-25""},{""name"":""rs-08-p1-kqvt5"",""cpu_m"":543,""mem_b"":214637182,""priority"":""1"",""node"":""kwok-node-27""},{""name"":""rs-08-p1-qs2wv"",""cpu_m"":543,""mem_b"":214637182,""priority"":""1"",""node"":""kwok-node-28""},{""name"":""rs-09-p4-4dvtt"",""cpu_m"":556,""mem_b"":617670069,""priority"":""4"",""node"":""kwok-node-24""},{""name"":""rs-09-p4-5z5hd"",""cpu_m"":556,""mem_b"":617670069,""priority"":""4"",""node"":""kwok-node-14""},{""name"":""rs-09-p4-cm6g8"",""cpu_m"":556,""mem_b"":617670069,""priority"":""4"",""node"":""kwok-node-3""},{""name"":""rs-09-p4-jkmq8"",""cpu_m"":556,""mem_b"":617670069,""priority"":""4"",""node"":""kwok-node-11""},{""name"":""rs-10-p2-4n642"",""cpu_m"":192,""mem_b"":144009883,""priority"":""2"",""node"":""kwok-node-31""},{""name"":""rs-10-p2-bv584"",""cpu_m"":192,""mem_b"":144009883,""priority"":""2"",""node"":""kwok-node-32""},{""name"":""rs-11-p1-r65hk"",""cpu_m"":536,""mem_b"":995787220,""priority"":""1"",""node"":""kwok-node-4""},{""name"":""rs-11-p1-zl995"",""cpu_m"":536,""mem_b"":995787220,""priority"":""1"",""node"":""kwok-node-6""},{""name"":""rs-12-p4-gbxdj"",""cpu_m"":648,""mem_b"":963505412,""priority"":""4"",""node"":""kwok-node-9""},{""name"":""rs-12-p4-xsgfn"",""cpu_m"":648,""mem_b"":963505412,""priority"":""4"",""node"":""kwok-node-5""},{""name"":""rs-13-p4-zjnpx"",""cpu_m"":491,""mem_b"":490182735,""priority"":""4"",""node"":""kwok-node-8""},{""name"":""rs-14-p1-j5ncs"",""cpu_m"":180,""mem_b"":825621559,""priority"":""1"",""node"":""kwok-node-7""},{""name"":""rs-15-p3-cz57s"",""cpu_m"":259,""mem_b"":753633880,""priority"":""3"",""node"":""kwok-node-32""},{""name"":""rs-15-p3-fw4fd"",""cpu_m"":259,""mem_b"":753633880,""priority"":""3"",""node"":""kwok-node-31""},{""name"":""rs-16-p2-dxsvv"",""cpu_m"":359,""mem_b"":829498414,""priority"":""2"",""node"":""kwok-node-29""},{""name"":""rs-16-p2-w5qkx"",""cpu_m"":359,""mem_b"":829498414,""priority"":""2"",""node"":""kwok-node-28""},{""name"":""rs-17-p4-cd8r4"",""cpu_m"":990,""mem_b"":758367729,""priority"":""4"",""node"":""kwok-node-2""},{""name"":""rs-17-p4-wqtvk"",""cpu_m"":990,""mem_b"":758367729,""priority"":""4"",""node"":""kwok-node-12""},{""name"":""rs-18-p1-8px48"",""cpu_m"":789,""mem_b"":866672294,""priority"":""1"",""node"":""kwok-node-27""},{""name"":""rs-18-p1-97rzw"",""cpu_m"":789,""mem_b"":866672294,""priority"":""1"",""node"":""kwok-node-30""},{""name"":""rs-18-p1-rdq2b"",""cpu_m"":789,""mem_b"":866672294,""priority"":""1"",""node"":""kwok-node-8""},{""name"":""rs-18-p1-rqjkd"",""cpu_m"":789,""mem_b"":866672294,""priority"":""1"",""node"":""kwok-node-25""},{""name"":""rs-19-p2-2krfx"",""cpu_m"":749,""mem_b"":584401768,""priority"":""2"",""node"":""kwok-node-18""},{""name"":""rs-19-p2-bbpvc"",""cpu_m"":749,""mem_b"":584401768,""priority"":""2"",""node"":""kwok-node-23""},{""name"":""rs-19-p2-jh5g5"",""cpu_m"":749,""mem_b"":584401768,""priority"":""2"",""node"":""kwok-node-1""},{""name"":""rs-19-p2-jn27q"",""cpu_m"":749,""mem_b"":584401768,""priority"":""2"",""node"":""kwok-node-16""},{""name"":""rs-20-p4-ccwd2"",""cpu_m"":810,""mem_b"":179774256,""priority"":""4"",""node"":""kwok-node-7""},{""name"":""rs-20-p4-tx8ll"",""cpu_m"":810,""mem_b"":179774256,""priority"":""4"",""node"":""kwok-node-17""},{""name"":""rs-21-p3-7h8ch"",""cpu_m"":697,""mem_b"":150218915,""priority"":""3"",""node"":""kwok-node-21""},{""name"":""rs-21-p3-k466t"",""cpu_m"":697,""mem_b"":150218915,""priority"":""3"",""node"":""kwok-node-22""},{""name"":""rs-21-p3-kv8dr"",""cpu_m"":697,""mem_b"":150218915,""priority"":""3"",""node"":""kwok-node-20""},{""name"":""rs-21-p3-q97g5"",""cpu_m"":697,""mem_b"":150218915,""priority"":""3"",""node"":""kwok-node-15""},{""name"":""rs-22-p3-78ppq"",""cpu_m"":146,""mem_b"":635876280,""priority"":""3"",""node"":""kwok-node-13""},{""name"":""rs-22-p3-f4g66"",""cpu_m"":146,""mem_b"":635876280,""priority"":""3"",""node"":""kwok-node-19""},{""name"":""rs-22-p3-n2zdd"",""cpu_m"":146,""mem_b"":635876280,""priority"":""3"",""node"":""kwok-node-10""},{""name"":""rs-22-p3-v2c6k"",""cpu_m"":146,""mem_b"":635876280,""priority"":""3"",""node"":""kwok-node-14""},{""name"":""rs-23-p1-v87v6"",""cpu_m"":921,""mem_b"":162344269,""priority"":""1"",""node"":""kwok-node-31""},{""name"":""rs-24-p1-96279"",""cpu_m"":511,""mem_b"":726113936,""priority"":""1"",""node"":""kwok-node-3""},{""name"":""rs-25-p4-r59kc"",""cpu_m"":312,""mem_b"":626512892,""priority"":""4"",""node"":""kwok-node-21""},{""name"":""rs-26-p1-48sk9"",""cpu_m"":791,""mem_b"":442744993,""priority"":""1"",""node"":""kwok-node-5""},{""name"":""rs-26-p1-64mfb"",""cpu_m"":791,""mem_b"":442744993,""priority"":""1"",""node"":""kwok-node-9""},{""name"":""rs-26-p1-x64ml"",""cpu_m"":791,""mem_b"":442744993,""priority"":""1"",""node"":""kwok-node-32""},{""name"":""rs-27-p1-spqzw"",""cpu_m"":911,""mem_b"":908976667,""priority"":""1"",""node"":""kwok-node-26""},{""name"":""rs-28-p2-7kw78"",""cpu_m"":544,""mem_b"":198975531,""priority"":""2"",""node"":""kwok-node-4""},{""name"":""rs-28-p2-95vnp"",""cpu_m"":544,""mem_b"":198975531,""priority"":""2"",""node"":""kwok-node-24""},{""name"":""rs-28-p2-hdrc9"",""cpu_m"":544,""mem_b"":198975531,""priority"":""2"",""node"":""kwok-node-6""},{""name"":""rs-28-p2-r8pnm"",""cpu_m"":544,""mem_b"":198975531,""priority"":""2"",""node"":""kwok-node-11""},{""name"":""rs-29-p3-j2zgx"",""cpu_m"":475,""mem_b"":539899910,""priority"":""3"",""node"":""kwok-node-15""},{""name"":""rs-29-p3-k8p4x"",""cpu_m"":475,""mem_b"":539899910,""priority"":""3"",""node"":""kwok-node-7""},{""name"":""rs-29-p3-pzh2d"",""cpu_m"":475,""mem_b"":539899910,""priority"":""3"",""node"":""kwok-node-22""},{""name"":""rs-29-p3-tmdrx"",""cpu_m"":475,""mem_b"":539899910,""priority"":""3"",""node"":""kwok-node-20""},{""name"":""rs-30-p1-gfkrh"",""cpu_m"":636,""mem_b"":437692288,""priority"":""1"",""node"":""kwok-node-29""},{""name"":""rs-30-p1-rmv84"",""cpu_m"":636,""mem_b"":437692288,""priority"":""1"",""node"":""kwok-node-28""},{""name"":""rs-31-p2-6hjfv"",""cpu_m"":241,""mem_b"":333469562,""priority"":""2"",""node"":""kwok-node-17""},{""name"":""rs-31-p2-c89wk"",""cpu_m"":241,""mem_b"":333469562,""priority"":""2"",""node"":""kwok-node-2""},{""name"":""rs-31-p2-phqvl"",""cpu_m"":241,""mem_b"":333469562,""priority"":""2"",""node"":""kwok-node-12""},{""name"":""rs-32-p4-6bvct"",""cpu_m"":815,""mem_b"":387191412,""priority"":""4"",""node"":""kwok-node-10""},{""name"":""rs-32-p4-c7vh9"",""cpu_m"":815,""mem_b"":387191412,""priority"":""4"",""node"":""kwok-node-14""},{""name"":""rs-32-p4-nspg7"",""cpu_m"":815,""mem_b"":387191412,""priority"":""4"",""node"":""kwok-node-19""},{""name"":""rs-32-p4-qq7cl"",""cpu_m"":815,""mem_b"":387191412,""priority"":""4"",""node"":""kwok-node-13""},{""name"":""rs-33-p1-bwcq4"",""cpu_m"":749,""mem_b"":722598895,""priority"":""1"",""node"":""kwok-node-18""},{""name"":""rs-33-p1-dtw6p"",""cpu_m"":749,""mem_b"":722598895,""priority"":""1"",""node"":""kwok-node-23""},{""name"":""rs-33-p1-mttz4"",""cpu_m"":749,""mem_b"":722598895,""priority"":""1"",""node"":""kwok-node-16""},{""name"":""rs-34-p1-5mvdt"",""cpu_m"":653,""mem_b"":287048240,""priority"":""1"",""node"":""kwok-node-6""},{""name"":""rs-34-p1-68wqv"",""cpu_m"":653,""mem_b"":287048240,""priority"":""1"",""node"":""kwok-node-4""},{""name"":""rs-34-p1-6pcfz"",""cpu_m"":653,""mem_b"":287048240,""priority"":""1"",""node"":""kwok-node-1""},{""name"":""rs-34-p1-g8vz7"",""cpu_m"":653,""mem_b"":287048240,""priority"":""1"",""node"":""kwok-node-3""},{""name"":""rs-35-p4-scn8v"",""cpu_m"":656,""mem_b"":801061221,""priority"":""4"",""node"":""kwok-node-30""},{""name"":""rs-35-p4-v724c"",""cpu_m"":656,""mem_b"":801061221,""priority"":""4"",""node"":""kwok-node-11""},{""name"":""rs-35-p4-zp7q5"",""cpu_m"":656,""mem_b"":801061221,""priority"":""4"",""node"":""kwok-node-24""},{""name"":""rs-36-p2-bpp7p"",""cpu_m"":358,""mem_b"":652418004,""priority"":""2"",""node"":""kwok-node-27""},{""name"":""rs-36-p2-pn6lj"",""cpu_m"":358,""mem_b"":652418004,""priority"":""2"",""node"":""kwok-node-31""},{""name"":""rs-36-p2-zhqbn"",""cpu_m"":358,""mem_b"":652418004,""priority"":""2"",""node"":""kwok-node-25""},{""name"":""rs-37-p4-spnht"",""cpu_m"":952,""mem_b"":996042971,""priority"":""4"",""node"":""""},{""name"":""rs-38-p1-7krbr"",""cpu_m"":714,""mem_b"":227526337,""priority"":""1"",""node"":""kwok-node-8""},{""name"":""rs-38-p1-d82sq"",""cpu_m"":714,""mem_b"":227526337,""priority"":""1"",""node"":""kwok-node-32""},{""name"":""rs-38-p1-lrm2l"",""cpu_m"":714,""mem_b"":227526337,""priority"":""1"",""node"":""kwok-node-10""},{""name"":""rs-38-p1-n4p5d"",""cpu_m"":714,""mem_b"":227526337,""priority"":""1"",""node"":""kwok-node-19""},{""name"":""rs-39-p3-9t7wf"",""cpu_m"":795,""mem_b"":908869679,""priority"":""3"",""node"":""""},{""name"":""rs-39-p3-cvxvb"",""cpu_m"":795,""mem_b"":908869679,""priority"":""3"",""node"":""""},{""name"":""rs-39-p3-l8hzh"",""cpu_m"":795,""mem_b"":908869679,""priority"":""3"",""node"":""""},{""name"":""rs-39-p3-v45m5"",""cpu_m"":795,""mem_b"":908869679,""priority"":""3"",""node"":""""},{""name"":""rs-40-p1-nfxqm"",""cpu_m"":705,""mem_b"":439629856,""priority"":""1"",""node"":""kwok-node-21""},{""name"":""rs-40-p1-vtqck"",""cpu_m"":705,""mem_b"":439629856,""priority"":""1"",""node"":""kwok-node-17""},{""name"":""rs-40-p1-x7qrb"",""cpu_m"":705,""mem_b"":439629856,""priority"":""1"",""node"":""kwok-node-2""},{""name"":""rs-40-p1-xwd57"",""cpu_m"":705,""mem_b"":439629856,""priority"":""1"",""node"":""kwok-node-12""},{""name"":""rs-41-p4-xw6g6"",""cpu_m"":216,""mem_b"":158244567,""priority"":""4"",""node"":""kwok-node-9""},{""name"":""rs-42-p3-fr7qg"",""cpu_m"":841,""mem_b"":215407894,""priority"":""3"",""node"":""""},{""name"":""rs-43-p4-b7kjt"",""cpu_m"":635,""mem_b"":978149529,""priority"":""4"",""node"":""""},{""name"":""rs-43-p4-gjvxh"",""cpu_m"":635,""mem_b"":978149529,""priority"":""4"",""node"":""""},{""name"":""rs-44-p1-44zmm"",""cpu_m"":968,""mem_b"":828228566,""priority"":""1"",""node"":""""},{""name"":""rs-45-p3-4vncb"",""cpu_m"":846,""mem_b"":962338626,""priority"":""3"",""node"":""""},{""name"":""rs-45-p3-bmgzw"",""cpu_m"":846,""mem_b"":962338626,""priority"":""3"",""node"":""""},{""name"":""rs-45-p3-j2qks"",""cpu_m"":846,""mem_b"":962338626,""priority"":""3"",""node"":""""},{""name"":""rs-46-p4-6mmmc"",""cpu_m"":152,""mem_b"":180254390,""priority"":""4"",""node"":""kwok-node-5""},{""name"":""rs-46-p4-vg795"",""cpu_m"":152,""mem_b"":180254390,""priority"":""4"",""node"":""kwok-node-29""},{""name"":""rs-46-p4-w24n2"",""cpu_m"":152,""mem_b"":180254390,""priority"":""4"",""node"":""kwok-node-28""},{""name"":""rs-46-p4-wdnf5"",""cpu_m"":152,""mem_b"":180254390,""priority"":""4"",""node"":""kwok-node-15""},{""name"":""rs-47-p1-bnwnn"",""cpu_m"":780,""mem_b"":486150680,""priority"":""1"",""node"":""""},{""name"":""rs-47-p1-lk2nj"",""cpu_m"":780,""mem_b"":486150680,""priority"":""1"",""node"":""""},{""name"":""rs-48-p2-ff7hj"",""cpu_m"":913,""mem_b"":723458634,""priority"":""2"",""node"":""""},{""name"":""rs-49-p3-nm8g6"",""cpu_m"":484,""mem_b"":787348717,""priority"":""3"",""node"":""""},{""name"":""rs-50-p4-8ndzl"",""cpu_m"":769,""mem_b"":993303388,""priority"":""4"",""node"":""""},{""name"":""rs-50-p4-kgg27"",""cpu_m"":769,""mem_b"":993303388,""priority"":""4"",""node"":""""},{""name"":""rs-50-p4-ptzrx"",""cpu_m"":769,""mem_b"":993303388,""priority"":""4"",""node"":""""},{""name"":""rs-50-p4-w9vs5"",""cpu_m"":769,""mem_b"":993303388,""priority"":""4"",""node"":""""}]","[{""name"":""kwok-node-1"",""cap_cpu_m"":2163,""cap_mem_bytes"":2109221214},{""name"":""kwok-node-2"",""cap_cpu_m"":2163,""cap_mem_bytes"":2109221214},{""name"":""kwok-node-3"",""cap_cpu_m"":2163,""cap_mem_bytes"":2109221214},{""name"":""kwok-node-4"",""cap_cpu_m"":2163,""cap_mem_bytes"":2109221214},{""name"":""kwok-node-5"",""cap_cpu_m"":2163,""cap_mem_bytes"":2109221214},{""name"":""kwok-node-6"",""cap_cpu_m"":2163,""cap_mem_bytes"":2109221214},{""name"":""kwok-node-7"",""cap_cpu_m"":2163,""cap_mem_bytes"":2109221214},{""name"":""kwok-node-8"",""cap_cpu_m"":2163,""cap_mem_bytes"":2109221214},{""name"":""kwok-node-9"",""cap_cpu_m"":2163,""cap_mem_bytes"":2109221214},{""name"":""kwok-node-10"",""cap_cpu_m"":2163,""cap_mem_bytes"":2109221214},{""name"":""kwok-node-11"",""cap_cpu_m"":2163,""cap_mem_bytes"":2109221214},{""name"":""kwok-node-12"",""cap_cpu_m"":2163,""cap_mem_bytes"":2109221214},{""name"":""kwok-node-13"",""cap_cpu_m"":2163,""cap_mem_bytes"":2109221214},{""name"":""kwok-node-14"",""cap_cpu_m"":2163,""cap_mem_bytes"":2109221214},{""name"":""kwok-node-15"",""cap_cpu_m"":2163,""cap_mem_bytes"":2109221214},{""name"":""kwok-node-16"",""cap_cpu_m"":2163,""cap_mem_bytes"":2109221214},{""name"":""kwok-node-17"",""cap_cpu_m"":2163,""cap_mem_bytes"":2109221214},{""name"":""kwok-node-18"",""cap_cpu_m"":2163,""cap_mem_bytes"":2109221214},{""name"":""kwok-node-19"",""cap_cpu_m"":2163,""cap_mem_bytes"":2109221214},{""name"":""kwok-node-20"",""cap_cpu_m"":2163,""cap_mem_bytes"":2109221214},{""name"":""kwok-node-21"",""cap_cpu_m"":2163,""cap_mem_bytes"":2109221214},{""name"":""kwok-node-22"",""cap_cpu_m"":2163,""cap_mem_bytes"":2109221214},{""name"":""kwok-node-23"",""cap_cpu_m"":2163,""cap_mem_bytes"":2109221214},{""name"":""kwok-node-24"",""cap_cpu_m"":2163,""cap_mem_bytes"":2109221214},{""name"":""kwok-node-25"",""cap_cpu_m"":2163,""cap_mem_bytes"":2109221214},{""name"":""kwok-node-26"",""cap_cpu_m"":2163,""cap_mem_bytes"":2109221214},{""name"":""kwok-node-27"",""cap_cpu_m"":2163,""cap_mem_bytes"":2109221214},{""name"":""kwok-node-28"",""cap_cpu_m"":2163,""cap_mem_bytes"":2109221214},{""name"":""kwok-node-29"",""cap_cpu_m"":2163,""cap_mem_bytes"":2109221214},{""name"":""kwok-node-30"",""cap_cpu_m"":2163,""cap_mem_bytes"":2109221214},{""name"":""kwok-node-31"",""cap_cpu_m"":2163,""cap_mem_bytes"":2109221214},{""name"":""kwok-node-32"",""cap_cpu_m"":2163,""cap_mem_bytes"":2109221214}]"
2026/02/11/11:19:42,7309940385334237743,,"{""evicted"":0,""moved"":0,""placed_by_priority"":{""1"":22,""2"":23,""3"":32,""4"":27}}",python,"{""evicted"":16,""moved"":8,""placed_by_priority"":{""1"":6,""2"":30,""3"":40,""4"":34}}",1011,FEASIBLE,"[{""duration_ms"":1011,""name"":""python"",""score"":{""evicted"":16,""moved"":8,""placed_by_priority"":{""1"":6,""2"":30,""3"":40,""4"":34}},""status"":""FEASIBLE""}]",0.880,0.852,0.904,0.804,62191,60224,64072232517,56948837043,110,104,18,24,"{""kwok-node-1"":3,""kwok-node-10"":3,""kwok-node-11"":4,""kwok-node-12"":4,""kwok-node-13"":4,""kwok-node-14"":4,""kwok-node-15"":4,""kwok-node-16"":4,""kwok-node-17"":3,""kwok-node-18"":3,""kwok-node-19"":4,""kwok-node-2"":3,""kwok-node-20"":3,""kwok-node-21"":4,""kwok-node-22"":3,""kwok-node-23"":3,""kwok-node-24"":4,""kwok-node-25"":3,""kwok-node-26"":3,""kwok-node-27"":4,""kwok-node-28"":3,""kwok-node-29"":3,""kwok-node-3"":4,""kwok-node-30"":3,""kwok-node-31"":3,""kwok-node-32"":4,""kwok-node-4"":3,""kwok-node-5"":4,""kwok-node-6"":3,""kwok-node-7"":3,""kwok-node-8"":4,""kwok-node-9"":3}","{""kwok-node-1"":3,""kwok-node-10"":3,""kwok-node-11"":3,""kwok-node-12"":4,""kwok-node-13"":3,""kwok-node-14"":4,""kwok-node-15"":4,""kwok-node-16"":4,""kwok-node-17"":3,""kwok-node-18"":3,""kwok-node-19"":4,""kwok-node-2"":3,""kwok-node-20"":3,""kwok-node-21"":3,""kwok-node-22"":3,""kwok-node-23"":3,""kwok-node-24"":4,""kwok-node-25"":3,""kwok-node-26"":3,""kwok-node-27"":4,""kwok-node-28"":3,""kwok-node-29"":3,""kwok-node-3"":3,""kwok-node-30"":3,""kwok-node-31"":3,""kwok-node-32"":3,""kwok-node-4"":3,""kwok-node-5"":4,""kwok-node-6"":3,""kwok-node-7"":3,""kwok-node-8"":3,""kwok-node-9"":3}","{""p1"":6,""p2"":30,""p3"":40,""p4"":34}","{""p1"":22,""p2"":23,""p3"":32,""p4"":27}","{""p1"":18}","{""p1"":2,""p2"":7,""p3"":8,""p4"":7}","{rs-05-p1-27d7f,rs-05-p1-7zp5s,rs-05-p1-chxnd,rs-05-p1-klrjn,rs-14-p1-c2xpw,rs-15-p1-hbqz2,rs-15-p1-ljvk6,rs-15-p1-wqqf9,rs-15-p1-xl266,rs-16-p1-2htgt,rs-16-p1-cp5jq,rs-16-p1-nrbq5,rs-16-p1-xp9km,rs-26-p1-h962l,rs-29-p1-s59g7,rs-29-p1-wrd5n,rs-42-p1-95t8l,rs-42-p1-nmj2h}","{rs-34-p3-nm4kn,rs-39-p3-g2wwf,rs-39-p3-hlctn,rs-39-p3-j4cr9,rs-39-p3-nv8t7,rs-42-p1-95t8l,rs-42-p1-nmj2h,rs-44-p2-9r5vk,rs-44-p2-c7dpq,rs-44-p2-h9jbg,rs-44-p2-ndk4l,rs-45-p4-ftvf6,rs-45-p4-tmfjg,rs-46-p4-6lhzd,rs-46-p4-bls2x,rs-46-p4-r7jdq,rs-47-p4-8dsd5,rs-48-p2-fh8cs,rs-48-p2-kb6f7,rs-48-p2-p6v7q,rs-51-p3-9x9kx,rs-51-p3-hq25d,rs-51-p3-vlg2t,rs-52-p4-q2qtm}","{rs-01-p2-9dz5t,rs-01-p2-g5ckl,rs-02-p2-59ldq,rs-02-p2-bzmsf,rs-02-p2-nslk7,rs-02-p2-qf8z5,rs-03-p1-v2tsx,rs-04-p3-c24qq,rs-06-p3-f7qld,rs-06-p3-srqgk,rs-07-p3-2cdw4,rs-08-p3-97hw9,rs-08-p3-bdvv7,rs-08-p3-bxdfg,rs-08-p3-q2z6b,rs-09-p4-5rdgl,rs-10-p3-8sq89,rs-10-p3-mmcsh,rs-10-p3-qtsc5,rs-10-p3-xk5sw,rs-11-p3-6vw9v,rs-12-p2-hlztt,rs-13-p2-bqg8v,rs-13-p2-fb7ks,rs-13-p2-ghhfk,rs-14-p1-jblft,rs-17-p4-h6jhw,rs-17-p4-sk8jv,rs-18-p2-xqp9p,rs-19-p4-nzphv,rs-19-p4-wmc5x,rs-19-p4-wpg5z,rs-20-p4-jqr7q,rs-20-p4-rjl45,rs-20-p4-s2qkp,rs-21-p4-r64cn,rs-21-p4-t492m,rs-21-p4-wrklw,rs-22-p3-hwc2z,rs-22-p3-mvp8q,rs-22-p3-zcpdf,rs-23-p4-28zv5,rs-23-p4-h8tfx,rs-23-p4-smh7q,rs-24-p4-42l2k,rs-24-p4-6cb6j,rs-24-p4-cp8fn,rs-24-p4-h6bpf,rs-25-p3-k4nk6,rs-25-p3-p9fs2,rs-25-p3-v6f5s,rs-25-p3-vf48b,rs-27-p2-fkwpd,rs-27-p2-h9c2s,rs-27-p2-qclnj,rs-27-p2-xhg9c,rs-28-p2-8zxsv,rs-30-p3-pvbzf,rs-30-p3-qnjxx,rs-30-p3-vpfl2,rs-31-p1-l9dz9,rs-32-p2-t6hsn,rs-33-p4-nnpdp,rs-33-p4-pdmx9,rs-34-p3-bwml8,rs-34-p3-kzltl,rs-34-p3-nm4kn,rs-35-p1-2gs6k,rs-36-p2-fkdwg,rs-36-p2-nwpnv,rs-36-p2-t6wx7,rs-37-p3-njv9w,rs-38-p4-f5qzv,rs-38-p4-zncc9,rs-38-p4-zz7hv,rs-39-p3-g2wwf,rs-39-p3-hlctn,rs-39-p3-j4cr9,rs-39-p3-nv8t7,rs-40-p3-mxhpz,rs-40-p3-q4xlq,rs-40-p3-xmhqc,rs-41-p2-78sck,rs-41-p2-qfw4s,rs-41-p2-sv7bm,rs-43-p3-27rsq,rs-43-p3-hq6rj,rs-43-p3-k5rsv,rs-44-p2-9r5vk,rs-44-p2-c7dpq,rs-44-p2-h9jbg,rs-44-p2-ndk4l,rs-45-p4-ftvf6,rs-45-p4-tmfjg,rs-46-p4-6lhzd,rs-46-p4-9d6rp,rs-46-p4-bls2x,rs-46-p4-r7jdq,rs-47-p4-8dsd5,rs-48-p2-fh8cs,rs-48-p2-kb6f7,rs-48-p2-p6v7q,rs-49-p4-h6r92,rs-49-p4-mbb6l,rs-50-p1-dxhb9,rs-50-p1-vgmjx,rs-51-p3-9x9kx,rs-51-p3-hq25d,rs-51-p3-vlg2t,rs-52-p4-q2qtm}","{rs-01-p2-9dz5t,rs-01-p2-g5ckl,rs-02-p2-59ldq,rs-02-p2-bzmsf,rs-02-p2-nslk7,rs-02-p2-qf8z5,rs-03-p1-v2tsx,rs-04-p3-c24qq,rs-05-p1-5zq77,rs-05-p1-6jlvx,rs-05-p1-jd7b8,rs-05-p1-rdrqr,rs-06-p3-f7qld,rs-06-p3-srqgk,rs-07-p3-2cdw4,rs-08-p3-97hw9,rs-08-p3-bdvv7,rs-08-p3-bxdfg,rs-08-p3-q2z6b,rs-09-p4-5rdgl,rs-10-p3-8sq89,rs-10-p3-mmcsh,rs-10-p3-qtsc5,rs-10-p3-xk5sw,rs-11-p3-6vw9v,rs-12-p2-hb64k,rs-13-p2-4sxj2,rs-13-p2-bqg8v,rs-13-p2-ghhfk,rs-14-p1-8jlmk,rs-14-p1-ckw9r,rs-15-p1-4cflm,rs-15-p1-58lxj,rs-15-p1-8ch7k,rs-15-p1-tkgtl,rs-16-p1-6258l,rs-16-p1-bncmz,rs-16-p1-r59kw,rs-16-p1-tfmmt,rs-17-p4-h6jhw,rs-17-p4-sk8jv,rs-18-p2-xqp9p,rs-19-p4-nzphv,rs-19-p4-wmc5x,rs-19-p4-wpg5z,rs-20-p4-jqr7q,rs-20-p4-rjl45,rs-20-p4-s2qkp,rs-21-p4-r64cn,rs-21-p4-t492m,rs-21-p4-wrklw,rs-22-p3-hwc2z,rs-22-p3-mvp8q,rs-22-p3-zcpdf,rs-23-p4-28zv5,rs-23-p4-h8tfx,rs-23-p4-smh7q,rs-24-p4-42l2k,rs-24-p4-6cb6j,rs-24-p4-cp8fn,rs-24-p4-h6bpf,rs-25-p3-k4nk6,rs-25-p3-p9fs2,rs-25-p3-v6f5s,rs-25-p3-vf48b,rs-26-p1-gn95w,rs-27-p2-fkwpd,rs-27-p2-h9c2s,rs-27-p2-qclnj,rs-27-p2-xhg9c,rs-28-p2-8zxsv,rs-29-p1-5jdqn,rs-29-p1-nvv42,rs-30-p3-pvbzf,rs-30-p3-qnjxx,rs-30-p3-vpfl2,rs-31-p1-j9bh8,rs-32-p2-krnfs,rs-33-p4-nnpdp,rs-33-p4-pdmx9,rs-34-p3-bwml8,rs-34-p3-kzltl,rs-35-p1-8dpg8,rs-36-p2-fkdwg,rs-36-p2-nwpnv,rs-36-p2-t6wx7,rs-37-p3-njv9w,rs-38-p4-f5qzv,rs-38-p4-zncc9,rs-38-p4-zz7hv,rs-40-p3-mxhpz,rs-40-p3-q4xlq,rs-40-p3-xmhqc,rs-41-p2-78sck,rs-41-p2-qfw4s,rs-41-p2-sv7bm,rs-43-p3-27rsq,rs-43-p3-hq6rj,rs-43-p3-k5rsv,rs-46-p4-9d6rp,rs-49-p4-h6r92,rs-49-p4-mbb6l,rs-50-p1-gw5pw,rs-50-p1-j8mt9}","[{""name"":""rs-01-p2-9dz5t"",""cpu_m"":628,""mem_b"":762438612,""priority"":""2"",""node"":""kwok-node-17""},{""name"":""rs-01-p2-g5ckl"",""cpu_m"":628,""mem_b"":762438612,""priority"":""2"",""node"":""kwok-node-13""},{""name"":""rs-02-p2-59ldq"",""cpu_m"":297,""mem_b"":148276586,""priority"":""2"",""node"":""kwok-node-19""},{""name"":""rs-02-p2-bzmsf"",""cpu_m"":297,""mem_b"":148276586,""priority"":""2"",""node"":""kwok-node-12""},{""name"":""rs-02-p2-nslk7"",""cpu_m"":297,""mem_b"":148276586,""priority"":""2"",""node"":""kwok-node-16""},{""name"":""rs-02-p2-qf8z5"",""cpu_m"":297,""mem_b"":148276586,""priority"":""2"",""node"":""kwok-node-14""},{""name"":""rs-03-p1-v2tsx"",""cpu_m"":708,""mem_b"":622733429,""priority"":""1"",""node"":""kwok-node-1""},{""name"":""rs-04-p3-c24qq"",""cpu_m"":665,""mem_b"":292847219,""priority"":""3"",""node"":""kwok-node-15""},{""name"":""rs-05-p1-27d7f"",""cpu_m"":573,""mem_b"":635007650,""priority"":""1"",""node"":""""},{""name"":""rs-05-p1-7zp5s"",""cpu_m"":573,""mem_b"":635007650,""priority"":""1"",""node"":""""},{""name"":""rs-05-p1-chxnd"",""cpu_m"":573,""mem_b"":635007650,""priority"":""1"",""node"":""""},{""name"":""rs-05-p1-klrjn"",""cpu_m"":573,""mem_b"":635007650,""priority"":""1"",""node"":""""},{""name"":""rs-06-p3-f7qld"",""cpu_m"":972,""mem_b"":875325853,""priority"":""3"",""node"":""kwok-node-18""},{""name"":""rs-06-p3-srqgk"",""cpu_m"":972,""mem_b"":875325853,""priority"":""3"",""node"":""kwok-node-22""},{""name"":""rs-07-p3-2cdw4"",""cpu_m"":336,""mem_b"":828106537,""priority"":""3"",""node"":""kwok-node-25""},{""name"":""rs-08-p3-97hw9"",""cpu_m"":704,""mem_b"":407338858,""priority"":""3"",""node"":""kwok-node-26""},{""name"":""rs-08-p3-bdvv7"",""cpu_m"":704,""mem_b"":407338858,""priority"":""3"",""node"":""kwok-node-23""},{""name"":""rs-08-p3-bxdfg"",""cpu_m"":704,""mem_b"":407338858,""priority"":""3"",""node"":""kwok-node-24""},{""name"":""rs-08-p3-q2z6b"",""cpu_m"":704,""mem_b"":407338858,""priority"":""3"",""node"":""kwok-node-2""},{""name"":""rs-09-p4-5rdgl"",""cpu_m"":941,""mem_b"":187772550,""priority"":""4"",""node"":""kwok-node-27""},{""name"":""rs-10-p3-8sq89"",""cpu_m"":684,""mem_b"":657804748,""priority"":""3"",""node"":""kwok-node-28""},{""name"":""rs-10-p3-mmcsh"",""cpu_m"":684,""mem_b"":657804748,""priority"":""3"",""node"":""kwok-node-19""},{""name"":""rs-10-p3-qtsc5"",""cpu_m"":684,""mem_b"":657804748,""priority"":""3"",""node"":""kwok-node-3""},{""name"":""rs-10-p3-xk5sw"",""cpu_m"":684,""mem_b"":657804748,""priority"":""3"",""node"":""kwok-node-29""},{""name"":""rs-11-p3-6vw9v"",""cpu_m"":938,""mem_b"":707284451,""priority"":""3"",""node"":""kwok-node-30""},{""name"":""rs-12-p2-hlztt"",""cpu_m"":298,""mem_b"":667337900,""priority"":""2"",""node"":""kwok-node-17""},{""name"":""rs-13-p2-bqg8v"",""cpu_m"":837,""mem_b"":760794907,""priority"":""2"",""node"":""kwok-node-4""},{""name"":""rs-13-p2-fb7ks"",""cpu_m"":837,""mem_b"":760794907,""priority"":""2"",""node"":""kwok-node-20""},{""name"":""rs-13-p2-ghhfk"",""cpu_m"":837,""mem_b"":760794907,""priority"":""2"",""node"":""kwok-node-31""},{""name"":""rs-14-p1-c2xpw"",""cpu_m"":223,""mem_b"":701216478,""priority"":""1"",""node"":""""},{""name"":""rs-14-p1-jblft"",""cpu_m"":223,""mem_b"":701216478,""priority"":""1"",""node"":""kwok-node-24""},{""name"":""rs-15-p1-hbqz2"",""cpu_m"":610,""mem_b"":612679368,""priority"":""1"",""node"":""""},{""name"":""rs-15-p1-ljvk6"",""cpu_m"":610,""mem_b"":612679368,""priority"":""1"",""node"":""""},{""name"":""rs-15-p1-wqqf9"",""cpu_m"":610,""mem_b"":612679368,""priority"":""1"",""node"":""""},{""name"":""rs-15-p1-xl266"",""cpu_m"":610,""mem_b"":612679368,""priority"":""1"",""node"":""""},{""name"":""rs-16-p1-2htgt"",""cpu_m"":709,""mem_b"":479693233,""priority"":""1"",""node"":""""},{""name"":""rs-16-p1-cp5jq"",""cpu_m"":709,""mem_b"":479693233,""priority"":""1"",""node"":""""},{""name"":""rs-16-p1-nrbq5"",""cpu_m"":709,""mem_b"":479693233,""priority"":""1"",""node"":""""},{""name"":""rs-16-p1-xp9km"",""cpu_m"":709,""mem_b"":479693233,""priority"":""1"",""node"":""""},{""name"":""rs-17-p4-h6jhw"",""cpu_m"":265,""mem_b"":764816239,""priority"":""4"",""node"":""kwok-node-15""},{""name"":""rs-17-p4-sk8jv"",""cpu_m"":265,""mem_b"":764816239,""priority"":""4"",""node"":""kwok-node-23""},{""name"":""rs-18-p2-xqp9p"",""cpu_m"":313,""mem_b"":234494766,""priority"":""2"",""node"":""kwok-node-11""},{""name"":""rs-19-p4-nzphv"",""cpu_m"":955,""mem_b"":813188508,""priority"":""4"",""node"":""kwok-node-9""},{""name"":""rs-19-p4-wmc5x"",""cpu_m"":955,""mem_b"":813188508,""priority"":""4"",""node"":""kwok-node-10""},{""name"":""rs-19-p4-wpg5z"",""cpu_m"":955,""mem_b"":813188508,""priority"":""4"",""node"":""kwok-node-20""},{""name"":""rs-20-p4-jqr7q"",""cpu_m"":361,""mem_b"":783510987,""priority"":""4"",""node"":""kwok-node-26""},{""name"":""rs-20-p4-rjl45"",""cpu_m"":361,""mem_b"":783510987,""priority"":""4"",""node"":""kwok-node-2""},{""name"":""rs-20-p4-s2qkp"",""cpu_m"":361,""mem_b"":783510987,""priority"":""4"",""node"":""kwok-node-24""},{""name"":""rs-21-p4-r64cn"",""cpu_m"":989,""mem_b"":648218188,""priority"":""4"",""node"":""kwok-node-7""},{""name"":""rs-21-p4-t492m"",""cpu_m"":989,""mem_b"":648218188,""priority"":""4"",""node"":""kwok-node-12""},{""name"":""rs-21-p4-wrklw"",""cpu_m"":989,""mem_b"":648218188,""priority"":""4"",""node"":""kwok-node-25""},{""name"":""rs-22-p3-hwc2z"",""cpu_m"":323,""mem_b"":826663155,""priority"":""3"",""node"":""kwok-node-8""},{""name"":""rs-22-p3-mvp8q"",""cpu_m"":323,""mem_b"":826663155,""priority"":""3"",""node"":""kwok-node-27""},{""name"":""rs-22-p3-zcpdf"",""cpu_m"":323,""mem_b"":826663155,""priority"":""3"",""node"":""kwok-node-14""},{""name"":""rs-23-p4-28zv5"",""cpu_m"":975,""mem_b"":720268080,""priority"":""4"",""node"":""kwok-node-13""},{""name"":""rs-23-p4-h8tfx"",""cpu_m"":975,""mem_b"":720268080,""priority"":""4"",""node"":""kwok-node-17""},{""name"":""rs-23-p4-smh7q"",""cpu_m"":975,""mem_b"":720268080,""priority"":""4"",""node"":""kwok-node-29""},{""name"":""rs-24-p4-42l2k"",""cpu_m"":533,""mem_b"":763090430,""priority"":""4"",""node"":""kwok-node-30""},{""name"":""rs-24-p4-6cb6j"",""cpu_m"":533,""mem_b"":763090430,""priority"":""4"",""node"":""kwok-node-1""},{""name"":""rs-24-p4-cp8fn"",""cpu_m"":533,""mem_b"":763090430,""priority"":""4"",""node"":""kwok-node-28""},{""name"":""rs-24-p4-h6bpf"",""cpu_m"":533,""mem_b"":763090430,""priority"":""4"",""node"":""kwok-node-3""},{""name"":""rs-25-p3-k4nk6"",""cpu_m"":475,""mem_b"":729619949,""priority"":""3"",""node"":""kwok-node-16""},{""name"":""rs-25-p3-p9fs2"",""cpu_m"":475,""mem_b"":729619949,""priority"":""3"",""node"":""kwok-node-32""},{""name"":""rs-25-p3-v6f5s"",""cpu_m"":475,""mem_b"":729619949,""priority"":""3"",""node"":""kwok-node-4""},{""name"":""rs-25-p3-vf48b"",""cpu_m"":475,""mem_b"":729619949,""priority"":""3"",""node"":""kwok-node-31""},{""name"":""rs-26-p1-h962l"",""cpu_m"":783,""mem_b"":799187931,""priority"":""1"",""node"":""""},{""name"":""rs-27-p2-fkwpd"",""cpu_m"":446,""mem_b"":606484873,""priority"":""2"",""node"":""kwok-node-18""},{""name"":""rs-27-p2-h9c2s"",""cpu_m"":446,""mem_b"":606484873,""priority"":""2"",""node"":""kwok-node-19""},{""name"":""rs-27-p2-qclnj"",""cpu_m"":446,""mem_b"":606484873,""priority"":""2"",""node"":""kwok-node-22""},{""name"":""rs-27-p2-xhg9c"",""cpu_m"":446,""mem_b"":606484873,""priority"":""2"",""node"":""kwok-node-15""},{""name"":""rs-28-p2-8zxsv"",""cpu_m"":956,""mem_b"":437562668,""priority"":""2"",""node"":""kwok-node-6""},{""name"":""rs-29-p1-s59g7"",""cpu_m"":862,""mem_b"":269100130,""priority"":""1"",""node"":""""},{""name"":""rs-29-p1-wrd5n"",""cpu_m"":862,""mem_b"":269100130,""priority"":""1"",""node"":""""},{""name"":""rs-30-p3-pvbzf"",""cpu_m"":439,""mem_b"":537137179,""priority"":""3"",""node"":""kwok-node-21""},{""name"":""rs-30-p3-qnjxx"",""cpu_m"":439,""mem_b"":537137179,""priority"":""3"",""node"":""kwok-node-5""},{""name"":""rs-30-p3-vpfl2"",""cpu_m"":439,""mem_b"":537137179,""priority"":""3"",""node"":""kwok-node-2""},{""name"":""rs-31-p1-l9dz9"",""cpu_m"":118,""mem_b"":463329374,""priority"":""1"",""node"":""kwok-node-8""},{""name"":""rs-32-p2-t6hsn"",""cpu_m"":719,""mem_b"":216292775,""priority"":""2"",""node"":""kwok-node-21""},{""name"":""rs-33-p4-nnpdp"",""cpu_m"":671,""mem_b"":247561674,""priority"":""4"",""node"":""kwok-node-3""},{""name"":""rs-33-p4-pdmx9"",""cpu_m"":671,""mem_b"":247561674,""priority"":""4"",""node"":""kwok-node-24""},{""name"":""rs-34-p3-bwml8"",""cpu_m"":957,""mem_b"":715079434,""priority"":""3"",""node"":""kwok-node-28""},{""name"":""rs-34-p3-kzltl"",""cpu_m"":957,""mem_b"":715079434,""priority"":""3"",""node"":""kwok-node-1""},{""name"":""rs-34-p3-nm4kn"",""cpu_m"":957,""mem_b"":715079434,""priority"":""3"",""node"":""kwok-node-14""},{""name"":""rs-35-p1-2gs6k"",""cpu_m"":232,""mem_b"":838430429,""priority"":""1"",""node"":""kwok-node-27""},{""name"":""rs-36-p2-fkdwg"",""cpu_m"":272,""mem_b"":430237589,""priority"":""2"",""node"":""kwok-node-9""},{""name"":""rs-36-p2-nwpnv"",""cpu_m"":272,""mem_b"":430237589,""priority"":""2"",""node"":""kwok-node-19""},{""name"":""rs-36-p2-t6wx7"",""cpu_m"":272,""mem_b"":430237589,""priority"":""2"",""node"":""kwok-node-20""},{""name"":""rs-37-p3-njv9w"",""cpu_m"":119,""mem_b"":329159302,""priority"":""3"",""node"":""kwok-node-10""},{""name"":""rs-38-p4-f5qzv"",""cpu_m"":246,""mem_b"":465329920,""priority"":""4"",""node"":""kwok-node-29""},{""name"":""rs-38-p4-zncc9"",""cpu_m"":246,""mem_b"":465329920,""priority"":""4"",""node"":""kwok-node-14""},{""name"":""rs-38-p4-zz7hv"",""cpu_m"":246,""mem_b"":465329920,""priority"":""4"",""node"":""kwok-node-30""},{""name"":""rs-39-p3-g2wwf"",""cpu_m"":136,""mem_b"":957924658,""priority"":""3"",""node"":""kwok-node-6""},{""name"":""rs-39-p3-hlctn"",""cpu_m"":136,""mem_b"":957924658,""priority"":""3"",""node"":""kwok-node-5""},{""name"":""rs-39-p3-j4cr9"",""cpu_m"":136,""mem_b"":957924658,""priority"":""3"",""node"":""kwok-node-23""},{""name"":""rs-39-p3-nv8t7"",""cpu_m"":136,""mem_b"":957924658,""priority"":""3"",""node"":""kwok-node-32""},{""name"":""rs-40-p3-mxhpz"",""cpu_m"":557,""mem_b"":171825443,""priority"":""3"",""node"":""kwok-node-32""},{""name"":""rs-40-p3-q4xlq"",""cpu_m"":557,""mem_b"":171825443,""priority"":""3"",""node"":""kwok-node-31""},{""name"":""rs-40-p3-xmhqc"",""cpu_m"":557,""mem_b"":171825443,""priority"":""3"",""node"":""kwok-node-4""},{""name"":""rs-41-p2-78sck"",""cpu_m"":792,""mem_b"":165690108,""priority"":""2"",""node"":""kwok-node-25""},{""name"":""rs-41-p2-qfw4s"",""cpu_m"":792,""mem_b"":165690108,""priority"":""2"",""node"":""kwok-node-16""},{""name"":""rs-41-p2-sv7bm"",""cpu_m"":792,""mem_b"":165690108,""priority"":""2"",""node"":""kwok-node-15""},{""name"":""rs-42-p1-95t8l"",""cpu_m"":860,""mem_b"":688501998,""priority"":""1"",""node"":""""},{""name"":""rs-42-p1-nmj2h"",""cpu_m"":860,""mem_b"":688501998,""priority"":""1"",""node"":""""},{""name"":""rs-43-p3-27rsq"",""cpu_m"":652,""mem_b"":288066759,""priority"":""3"",""node"":""kwok-node-18""},{""name"":""rs-43-p3-hq6rj"",""cpu_m"":652,""mem_b"":288066759,""priority"":""3"",""node"":""kwok-node-27""},{""name"":""rs-43-p3-k5rsv"",""cpu_m"":652,""mem_b"":288066759,""priority"":""3"",""node"":""kwok-node-22""},{""name"":""rs-44-p2-9r5vk"",""cpu_m"":183,""mem_b"":991806859,""priority"":""2"",""node"":""kwok-node-21""},{""name"":""rs-44-p2-c7dpq"",""cpu_m"":183,""mem_b"":991806859,""priority"":""2"",""node"":""kwok-node-7""},{""name"":""rs-44-p2-h9jbg"",""cpu_m"":183,""mem_b"":991806859,""priority"":""2"",""node"":""kwok-node-12""},{""name"":""rs-44-p2-ndk4l"",""cpu_m"":183,""mem_b"":991806859,""priority"":""2"",""node"":""kwok-node-11""},{""name"":""rs-45-p4-ftvf6"",""cpu_m"":852,""mem_b"":319933910,""priority"":""4"",""node"":""kwok-node-5""},{""name"":""rs-45-p4-tmfjg"",""cpu_m"":852,""mem_b"":319933910,""priority"":""4"",""node"":""kwok-node-32""},{""name"":""rs-46-p4-6lhzd"",""cpu_m"":748,""mem_b"":363755061,""priority"":""4"",""node"":""kwok-node-11""},{""name"":""rs-46-p4-9d6rp"",""cpu_m"":748,""mem_b"":363755061,""priority"":""4"",""node"":""kwok-node-5""},{""name"":""rs-46-p4-bls2x"",""cpu_m"":748,""mem_b"":363755061,""priority"":""4"",""node"":""kwok-node-7""},{""name"":""rs-46-p4-r7jdq"",""cpu_m"":748,""mem_b"":363755061,""priority"":""4"",""node"":""kwok-node-21""},{""name"":""rs-47-p4-8dsd5"",""cpu_m"":788,""mem_b"":331727021,""priority"":""4"",""node"":""kwok-node-8""},{""name"":""rs-48-p2-fh8cs"",""cpu_m"":951,""mem_b"":590281253,""priority"":""2"",""node"":""kwok-node-11""},{""name"":""rs-48-p2-kb6f7"",""cpu_m"":951,""mem_b"":590281253,""priority"":""2"",""node"":""kwok-node-9""},{""name"":""rs-48-p2-p6v7q"",""cpu_m"":951,""mem_b"":590281253,""priority"":""2"",""node"":""kwok-node-8""},{""name"":""rs-49-p4-h6r92"",""cpu_m"":217,""mem_b"":175418211,""priority"":""4"",""node"":""kwok-node-13""},{""name"":""rs-49-p4-mbb6l"",""cpu_m"":217,""mem_b"":175418211,""priority"":""4"",""node"":""kwok-node-12""},{""name"":""rs-50-p1-dxhb9"",""cpu_m"":221,""mem_b"":472927070,""priority"":""1"",""node"":""kwok-node-13""},{""name"":""rs-50-p1-vgmjx"",""cpu_m"":221,""mem_b"":472927070,""priority"":""1"",""node"":""kwok-node-3""},{""name"":""rs-51-p3-9x9kx"",""cpu_m"":494,""mem_b"":976925377,""priority"":""3"",""node"":""kwok-node-10""},{""name"":""rs-51-p3-hq25d"",""cpu_m"":494,""mem_b"":976925377,""priority"":""3"",""node"":""kwok-node-16""},{""name"":""rs-51-p3-vlg2t"",""cpu_m"":494,""mem_b"":976925377,""priority"":""3"",""node"":""kwok-node-26""},{""name"":""rs-52-p4-q2qtm"",""cpu_m"":961,""mem_b"":793035731,""priority"":""4"",""node"":""kwok-node-6""}]","[{""name"":""rs-01-p2-9dz5t"",""cpu_m"":628,""mem_b"":762438612,""priority"":""2"",""node"":""kwok-node-17""},{""name"":""rs-01-p2-g5ckl"",""cpu_m"":628,""mem_b"":762438612,""priority"":""2"",""node"":""kwok-node-13""},{""name"":""rs-02-p2-59ldq"",""cpu_m"":297,""mem_b"":148276586,""priority"":""2"",""node"":""kwok-node-19""},{""name"":""rs-02-p2-bzmsf"",""cpu_m"":297,""mem_b"":148276586,""priority"":""2"",""node"":""kwok-node-12""},{""name"":""rs-02-p2-nslk7"",""cpu_m"":297,""mem_b"":148276586,""priority"":""2"",""node"":""kwok-node-16""},{""name"":""rs-02-p2-qf8z5"",""cpu_m"":297,""mem_b"":148276586,""priority"":""2"",""node"":""kwok-node-14""},{""name"":""rs-03-p1-v2tsx"",""cpu_m"":708,""mem_b"":622733429,""priority"":""1"",""node"":""kwok-node-1""},{""name"":""rs-04-p3-c24qq"",""cpu_m"":665,""mem_b"":292847219,""priority"":""3"",""node"":""kwok-node-15""},{""name"":""rs-05-p1-5zq77"",""cpu_m"":573,""mem_b"":635007650,""priority"":""1"",""node"":""kwok-node-20""},{""name"":""rs-05-p1-6jlvx"",""cpu_m"":573,""mem_b"":635007650,""priority"":""1"",""node"":""kwok-node-21""},{""name"":""rs-05-p1-jd7b8"",""cpu_m"":573,""mem_b"":635007650,""priority"":""1"",""node"":""kwok-node-10""},{""name"":""rs-05-p1-rdrqr"",""cpu_m"":573,""mem_b"":635007650,""priority"":""1"",""node"":""kwok-node-11""},{""name"":""rs-06-p3-f7qld"",""cpu_m"":972,""mem_b"":875325853,""priority"":""3"",""node"":""kwok-node-18""},{""name"":""rs-06-p3-srqgk"",""cpu_m"":972,""mem_b"":875325853,""priority"":""3"",""node"":""kwok-node-22""},{""name"":""rs-07-p3-2cdw4"",""cpu_m"":336,""mem_b"":828106537,""priority"":""3"",""node"":""kwok-node-25""},{""name"":""rs-08-p3-97hw9"",""cpu_m"":704,""mem_b"":407338858,""priority"":""3"",""node"":""kwok-node-26""},{""name"":""rs-08-p3-bdvv7"",""cpu_m"":704,""mem_b"":407338858,""priority"":""3"",""node"":""kwok-node-23""},{""name"":""rs-08-p3-bxdfg"",""cpu_m"":704,""mem_b"":407338858,""priority"":""3"",""node"":""kwok-node-24""},{""name"":""rs-08-p3-q2z6b"",""cpu_m"":704,""mem_b"":407338858,""priority"":""3"",""node"":""kwok-node-2""},{""name"":""rs-09-p4-5rdgl"",""cpu_m"":941,""mem_b"":187772550,""priority"":""4"",""node"":""kwok-node-27""},{""name"":""rs-10-p3-8sq89"",""cpu_m"":684,""mem_b"":657804748,""priority"":""3"",""node"":""kwok-node-28""},{""name"":""rs-10-p3-mmcsh"",""cpu_m"":684,""mem_b"":657804748,""priority"":""3"",""node"":""kwok-node-19""},{""name"":""rs-10-p3-qtsc5"",""cpu_m"":684,""mem_b"":657804748,""priority"":""3"",""node"":""kwok-node-3""},{""name"":""rs-10-p3-xk5sw"",""cpu_m"":684,""mem_b"":657804748,""priority"":""3"",""node"":""kwok-node-29""},{""name"":""rs-11-p3-6vw9v"",""cpu_m"":938,""mem_b"":707284451,""priority"":""3"",""node"":""kwok-node-30""},{""name"":""rs-12-p2-hb64k"",""cpu_m"":298,""mem_b"":667337900,""priority"":""2"",""node"":""kwok-node-5""},{""name"":""rs-13-p2-4sxj2"",""cpu_m"":837,""mem_b"":760794907,""priority"":""2"",""node"":""kwok-node-32""},{""name"":""rs-13-p2-bqg8v"",""cpu_m"":837,""mem_b"":760794907,""priority"":""2"",""node"":""kwok-node-4""},{""name"":""rs-13-p2-ghhfk"",""cpu_m"":837,""mem_b"":760794907,""priority"":""2"",""node"":""kwok-node-31""},{""name"":""rs-14-p1-8jlmk"",""cpu_m"":223,""mem_b"":701216478,""priority"":""1"",""node"":""kwok-node-6""},{""name"":""rs-14-p1-ckw9r"",""cpu_m"":223,""mem_b"":701216478,""priority"":""1"",""node"":""kwok-node-12""},{""name"":""rs-15-p1-4cflm"",""cpu_m"":610,""mem_b"":612679368,""priority"":""1"",""node"":""kwok-node-7""},{""name"":""rs-15-p1-58lxj"",""cpu_m"":610,""mem_b"":612679368,""priority"":""1"",""node"":""kwok-node-8""},{""name"":""rs-15-p1-8ch7k"",""cpu_m"":610,""mem_b"":612679368,""priority"":""1"",""node"":""kwok-node-9""},{""name"":""rs-15-p1-tkgtl"",""cpu_m"":610,""mem_b"":612679368,""priority"":""1"",""node"":""kwok-node-16""},{""name"":""rs-16-p1-6258l"",""cpu_m"":709,""mem_b"":479693233,""priority"":""1"",""node"":""kwok-node-5""},{""name"":""rs-16-p1-bncmz"",""cpu_m"":709,""mem_b"":479693233,""priority"":""1"",""node"":""kwok-node-21""},{""name"":""rs-16-p1-r59kw"",""cpu_m"":709,""mem_b"":479693233,""priority"":""1"",""node"":""kwok-node-14""},{""name"":""rs-16-p1-tfmmt"",""cpu_m"":709,""mem_b"":479693233,""priority"":""1"",""node"":""kwok-node-6""},{""name"":""rs-17-p4-h6jhw"",""cpu_m"":265,""mem_b"":764816239,""priority"":""4"",""node"":""kwok-node-15""},{""name"":""rs-17-p4-sk8jv"",""cpu_m"":265,""mem_b"":764816239,""priority"":""4"",""node"":""kwok-node-23""},{""name"":""rs-18-p2-xqp9p"",""cpu_m"":313,""mem_b"":234494766,""priority"":""2"",""node"":""kwok-node-11""},{""name"":""rs-19-p4-nzphv"",""cpu_m"":955,""mem_b"":813188508,""priority"":""4"",""node"":""kwok-node-9""},{""name"":""rs-19-p4-wmc5x"",""cpu_m"":955,""mem_b"":813188508,""priority"":""4"",""node"":""kwok-node-10""},{""name"":""rs-19-p4-wpg5z"",""cpu_m"":955,""mem_b"":813188508,""priority"":""4"",""node"":""kwok-node-20""},{""name"":""rs-20-p4-jqr7q"",""cpu_m"":361,""mem_b"":783510987,""priority"":""4"",""node"":""kwok-node-26""},{""name"":""rs-20-p4-rjl45"",""cpu_m"":361,""mem_b"":783510987,""priority"":""4"",""node"":""kwok-node-2""},{""name"":""rs-20-p4-s2qkp"",""cpu_m"":361,""mem_b"":783510987,""priority"":""4"",""node"":""kwok-node-24""},{""name"":""rs-21-p4-r64cn"",""cpu_m"":989,""mem_b"":648218188,""priority"":""4"",""node"":""kwok-node-7""},{""name"":""rs-21-p4-t492m"",""cpu_m"":989,""mem_b"":648218188,""priority"":""4"",""node"":""kwok-node-12""},{""name"":""rs-21-p4-wrklw"",""cpu_m"":989,""mem_b"":648218188,""priority"":""4"",""node"":""kwok-node-25""},{""name"":""rs-22-p3-hwc2z"",""cpu_m"":323,""mem_b"":826663155,""priority"":""3"",""node"":""kwok-node-8""},{""name"":""rs-22-p3-mvp8q"",""cpu_m"":323,""mem_b"":826663155,""priority"":""3"",""node"":""kwok-node-27""},{""name"":""rs-22-p3-zcpdf"",""cpu_m"":323,""mem_b"":826663155,""priority"":""3"",""node"":""kwok-node-14""},{""name"":""rs-23-p4-28zv5"",""cpu_m"":975,""mem_b"":720268080,""priority"":""4"",""node"":""kwok-node-13""},{""name"":""rs-23-p4-h8tfx"",""cpu_m"":975,""mem_b"":720268080,""priority"":""4"",""node"":""kwok-node-17""},{""name"":""rs-23-p4-smh7q"",""cpu_m"":975,""mem_b"":720268080,""priority"":""4"",""node"":""kwok-node-29""},{""name"":""rs-24-p4-42l2k"",""cpu_m"":533,""mem_b"":763090430,""priority"":""4"",""node"":""kwok-node-30""},{""name"":""rs-24-p4-6cb6j"",""cpu_m"":533,""mem_b"":763090430,""priority"":""4"",""node"":""kwok-node-1""},{""name"":""rs-24-p4-cp8fn"",""cpu_m"":533,""mem_b"":763090430,""priority"":""4"",""node"":""kwok-node-28""},{""name"":""rs-24-p4-h6bpf"",""cpu_m"":533,""mem_b"":763090430,""priority"":""4"",""node"":""kwok-node-3""},{""name"":""rs-25-p3-k4nk6"",""cpu_m"":475,""mem_b"":729619949,""priority"":""3"",""node"":""kwok-node-16""},{""name"":""rs-25-p3-p9fs2"",""cpu_m"":475,""mem_b"":729619949,""priority"":""3"",""node"":""kwok-node-32""},{""name"":""rs-25-p3-v6f5s"",""cpu_m"":475,""mem_b"":729619949,""priority"":""3"",""node"":""kwok-node-4""},{""name"":""rs-25-p3-vf48b"",""cpu_m"":475,""mem_b"":729619949,""priority"":""3"",""node"":""kwok-node-31""},{""name"":""rs-26-p1-gn95w"",""cpu_m"":783,""mem_b"":799187931,""priority"":""1"",""node"":""kwok-node-11""},{""name"":""rs-27-p2-fkwpd"",""cpu_m"":446,""mem_b"":606484873,""priority"":""2"",""node"":""kwok-node-18""},{""name"":""rs-27-p2-h9c2s"",""cpu_m"":446,""mem_b"":606484873,""priority"":""2"",""node"":""kwok-node-19""},{""name"":""rs-27-p2-qclnj"",""cpu_m"":446,""mem_b"":606484873,""priority"":""2"",""node"":""kwok-node-22""},{""name"":""rs-27-p2-xhg9c"",""cpu_m"":446,""mem_b"":606484873,""priority"":""2"",""node"":""kwok-node-15""},{""name"":""rs-28-p2-8zxsv"",""cpu_m"":956,""mem_b"":437562668,""priority"":""2"",""node"":""kwok-node-6""},{""name"":""rs-29-p1-5jdqn"",""cpu_m"":862,""mem_b"":269100130,""priority"":""1"",""node"":""kwok-node-23""},{""name"":""rs-29-p1-nvv42"",""cpu_m"":862,""mem_b"":269100130,""priority"":""1"",""node"":""kwok-node-8""},{""name"":""rs-30-p3-pvbzf"",""cpu_m"":439,""mem_b"":537137179,""priority"":""3"",""node"":""kwok-node-21""},{""name"":""rs-30-p3-qnjxx"",""cpu_m"":439,""mem_b"":537137179,""priority"":""3"",""node"":""kwok-node-5""},{""name"":""rs-30-p3-vpfl2"",""cpu_m"":439,""mem_b"":537137179,""priority"":""3"",""node"":""kwok-node-2""},{""name"":""rs-31-p1-j9bh8"",""cpu_m"":118,""mem_b"":463329374,""priority"":""1"",""node"":""kwok-node-27""},{""name"":""rs-32-p2-krnfs"",""cpu_m"":719,""mem_b"":216292775,""priority"":""2"",""node"":""kwok-node-26""},{""name"":""rs-33-p4-nnpdp"",""cpu_m"":671,""mem_b"":247561674,""priority"":""4"",""node"":""kwok-node-3""},{""name"":""rs-33-p4-pdmx9"",""cpu_m"":671,""mem_b"":247561674,""priority"":""4"",""node"":""kwok-node-24""},{""name"":""rs-34-p3-bwml8"",""cpu_m"":957,""mem_b"":715079434,""priority"":""3"",""node"":""kwok-node-28""},{""name"":""rs-34-p3-kzltl"",""cpu_m"":957,""mem_b"":715079434,""priority"":""3"",""node"":""kwok-node-1""},{""name"":""rs-34-p3-nm4kn"",""cpu_m"":957,""mem_b"":715079434,""priority"":""3"",""node"":""""},{""name"":""rs-35-p1-8dpg8"",""cpu_m"":232,""mem_b"":838430429,""priority"":""1"",""node"":""kwok-node-7""},{""name"":""rs-36-p2-fkdwg"",""cpu_m"":272,""mem_b"":430237589,""priority"":""2"",""node"":""kwok-node-9""},{""name"":""rs-36-p2-nwpnv"",""cpu_m"":272,""mem_b"":430237589,""priority"":""2"",""node"":""kwok-node-19""},{""name"":""rs-36-p2-t6wx7"",""cpu_m"":272,""mem_b"":430237589,""priority"":""2"",""node"":""kwok-node-20""},{""name"":""rs-37-p3-njv9w"",""cpu_m"":119,""mem_b"":329159302,""priority"":""3"",""node"":""kwok-node-10""},{""name"":""rs-38-p4-f5qzv"",""cpu_m"":246,""mem_b"":465329920,""priority"":""4"",""node"":""kwok-node-29""},{""name"":""rs-38-p4-zncc9"",""cpu_m"":246,""mem_b"":465329920,""priority"":""4"",""node"":""kwok-node-14""},{""name"":""rs-38-p4-zz7hv"",""cpu_m"":246,""mem_b"":465329920,""priority"":""4"",""node"":""kwok-node-30""},{""name"":""rs-39-p3-g2wwf"",""cpu_m"":136,""mem_b"":957924658,""priority"":""3"",""node"":""""},{""name"":""rs-39-p3-hlctn"",""cpu_m"":136,""mem_b"":957924658,""priority"":""3"",""node"":""""},{""name"":""rs-39-p3-j4cr9"",""cpu_m"":136,""mem_b"":957924658,""priority"":""3"",""node"":""""},{""name"":""rs-39-p3-nv8t7"",""cpu_m"":136,""mem_b"":957924658,""priority"":""3"",""node"":""""},{""name"":""rs-40-p3-mxhpz"",""cpu_m"":557,""mem_b"":171825443,""priority"":""3"",""node"":""kwok-node-32""},{""name"":""rs-40-p3-q4xlq"",""cpu_m"":557,""mem_b"":171825443,""priority"":""3"",""node"":""kwok-node-31""},{""name"":""rs-40-p3-xmhqc"",""cpu_m"":557,""mem_b"":171825443,""priority"":""3"",""node"":""kwok-node-4""},{""name"":""rs-41-p2-78sck"",""cpu_m"":792,""mem_b"":165690108,""priority"":""2"",""node"":""kwok-node-25""},{""name"":""rs-41-p2-qfw4s"",""cpu_m"":792,""mem_b"":165690108,""priority"":""2"",""node"":""kwok-node-16""},{""name"":""rs-41-p2-sv7bm"",""cpu_m"":792,""mem_b"":165690108,""priority"":""2"",""node"":""kwok-node-15""},{""name"":""rs-42-p1-95t8l"",""cpu_m"":860,""mem_b"":688501998,""priority"":""1"",""node"":""""},{""name"":""rs-42-p1-nmj2h"",""cpu_m"":860,""mem_b"":688501998,""priority"":""1"",""node"":""""},{""name"":""rs-43-p3-27rsq"",""cpu_m"":652,""mem_b"":288066759,""priority"":""3"",""node"":""kwok-node-18""},{""name"":""rs-43-p3-hq6rj"",""cpu_m"":652,""mem_b"":288066759,""priority"":""3"",""node"":""kwok-node-27""},{""name"":""rs-43-p3-k5rsv"",""cpu_m"":652,""mem_b"":288066759,""priority"":""3"",""node"":""kwok-node-22""},{""name"":""rs-44-p2-9r5vk"",""cpu_m"":183,""mem_b"":991806859,""priority"":""2"",""node"":""""},{""name"":""rs-44-p2-c7dpq"",""cpu_m"":183,""mem_b"":991806859,""priority"":""2"",""node"":""""},{""name"":""rs-44-p2-h9jbg"",""cpu_m"":183,""mem_b"":991806859,""priority"":""2"",""node"":""""},{""name"":""rs-44-p2-ndk4l"",""cpu_m"":183,""mem_b"":991806859,""priority"":""2"",""node"":""""},{""name"":""rs-45-p4-ftvf6"",""cpu_m"":852,""mem_b"":319933910,""priority"":""4"",""node"":""""},{""name"":""rs-45-p4-tmfjg"",""cpu_m"":852,""mem_b"":319933910,""priority"":""4"",""node"":""""},{""name"":""rs-46-p4-6lhzd"",""cpu_m"":748,""mem_b"":363755061,""priority"":""4"",""node"":""""},{""name"":""rs-46-p4-9d6rp"",""cpu_m"":748,""mem_b"":363755061,""priority"":""4"",""node"":""kwok-node-5""},{""name"":""rs-46-p4-bls2x"",""cpu_m"":748,""mem_b"":363755061,""priority"":""4"",""node"":""""},{""name"":""rs-46-p4-r7jdq"",""cpu_m"":748,""mem_b"":363755061,""priority"":""4"",""node"":""""},{""name"":""rs-47-p4-8dsd5"",""cpu_m"":788,""mem_b"":331727021,""priority"":""4"",""node"":""""},{""name"":""rs-48-p2-fh8cs"",""cpu_m"":951,""mem_b"":590281253,""priority"":""2"",""node"":""""},{""name"":""rs-48-p2-kb6f7"",""cpu_m"":951,""mem_b"":590281253,""priority"":""2"",""node"":""""},{""name"":""rs-48-p2-p6v7q"",""cpu_m"":951,""mem_b"":590281253,""priority"":""2"",""node"":""""},{""name"":""rs-49-p4-h6r92"",""cpu_m"":217,""mem_b"":175418211,""priority"":""4"",""node"":""kwok-node-13""},{""name"":""rs-49-p4-mbb6l"",""cpu_m"":217,""mem_b"":175418211,""priority"":""4"",""node"":""kwok-node-12""},{""name"":""rs-50-p1-gw5pw"",""cpu_m"":221,""mem_b"":472927070,""priority"":""1"",""node"":""kwok-node-24""},{""name"":""rs-50-p1-j8mt9"",""cpu_m"":221,""mem_b"":472927070,""priority"":""1"",""node"":""kwok-node-17""},{""name"":""rs-51-p3-9x9kx"",""cpu_m"":494,""mem_b"":976925377,""priority"":""3"",""node"":""""},{""name"":""rs-51-p3-hq25d"",""cpu_m"":494,""mem_b"":976925377,""priority"":""3"",""node"":""""},{""name"":""rs-51-p3-vlg2t"",""cpu_m"":494,""mem_b"":976925377,""priority"":""3"",""node"":""""},{""name"":""rs-52-p4-q2qtm"",""cpu_m"":961,""mem_b"":793035731,""priority"":""4"",""node"":""""}]","[{""name"":""kwok-node-1"",""cap_cpu_m"":2209,""cap_mem_bytes"":2214207208},{""name"":""kwok-node-2"",""cap_cpu_m"":2209,""cap_mem_bytes"":2214207208},{""name"":""kwok-node-3"",""cap_cpu_m"":2209,""cap_mem_bytes"":2214207208},{""name"":""kwok-node-4"",""cap_cpu_m"":2209,""cap_mem_bytes"":2214207208},{""name"":""kwok-node-5"",""cap_cpu_m"":2209,""cap_mem_bytes"":2214207208},{""name"":""kwok-node-6"",""cap_cpu_m"":2209,""cap_mem_bytes"":2214207208},{""name"":""kwok-node-7"",""cap_cpu_m"":2209,""cap_mem_bytes"":2214207208},{""name"":""kwok-node-8"",""cap_cpu_m"":2209,""cap_mem_bytes"":2214207208},{""name"":""kwok-node-9"",""cap_cpu_m"":2209,""cap_mem_bytes"":2214207208},{""name"":""kwok-node-10"",""cap_cpu_m"":2209,""cap_mem_bytes"":2214207208},{""name"":""kwok-node-11"",""cap_cpu_m"":2209,""cap_mem_bytes"":2214207208},{""name"":""kwok-node-12"",""cap_cpu_m"":2209,""cap_mem_bytes"":2214207208},{""name"":""kwok-node-13"",""cap_cpu_m"":2209,""cap_mem_bytes"":2214207208},{""name"":""kwok-node-14"",""cap_cpu_m"":2209,""cap_mem_bytes"":2214207208},{""name"":""kwok-node-15"",""cap_cpu_m"":2209,""cap_mem_bytes"":2214207208},{""name"":""kwok-node-16"",""cap_cpu_m"":2209,""cap_mem_bytes"":2214207208},{""name"":""kwok-node-17"",""cap_cpu_m"":2209,""cap_mem_bytes"":2214207208},{""name"":""kwok-node-18"",""cap_cpu_m"":2209,""cap_mem_bytes"":2214207208},{""name"":""kwok-node-19"",""cap_cpu_m"":2209,""cap_mem_bytes"":2214207208},{""name"":""kwok-node-20"",""cap_cpu_m"":2209,""cap_mem_bytes"":2214207208},{""name"":""kwok-node-21"",""cap_cpu_m"":2209,""cap_mem_bytes"":2214207208},{""name"":""kwok-node-22"",""cap_cpu_m"":2209,""cap_mem_bytes"":2214207208},{""name"":""kwok-node-23"",""cap_cpu_m"":2209,""cap_mem_bytes"":2214207208},{""name"":""kwok-node-24"",""cap_cpu_m"":2209,""cap_mem_bytes"":2214207208},{""name"":""kwok-node-25"",""cap_cpu_m"":2209,""cap_mem_bytes"":2214207208},{""name"":""kwok-node-26"",""cap_cpu_m"":2209,""cap_mem_bytes"":2214207208},{""name"":""kwok-node-27"",""cap_cpu_m"":2209,""cap_mem_bytes"":2214207208},{""name"":""kwok-node-28"",""cap_cpu_m"":2209,""cap_mem_bytes"":2214207208},{""name"":""kwok-node-29"",""cap_cpu_m"":2209,""cap_mem_bytes"":2214207208},{""name"":""kwok-node-30"",""cap_cpu_m"":2209,""cap_mem_bytes"":2214207208},{""name"":""kwok-node-31"",""cap_cpu_m"":2209,""cap_mem_bytes"":2214207208},{""name"":""kwok-node-32"",""cap_cpu_m"":2209,""cap_mem_bytes"":2214207208}]"
2026/02/11/11:20:40,5896358955358513046,,"{""evicted"":0,""moved"":0,""placed_by_priority"":{""1"":25,""2"":32,""3"":33,""4"":21}}",python,"{""evicted"":13,""moved"":6,""placed_by_priority"":{""1"":12,""2"":39,""3"":35,""4"":28}}",1189,FEASIBLE,"[{""duration_ms"":1189,""name"":""python"",""score"":{""evicted"":13,""moved"":6,""placed_by_priority"":{""1"":12,""2"":39,""3"":35,""4"":28}},""status"":""FEASIBLE""}]",0.908,0.906,0.915,0.854,58868,58695,61154503446,57057462940,114,111,14,17,"{""kwok-node-1"":3,""kwok-node-10"":3,""kwok-node-11"":4,""kwok-node-12"":3,""kwok-node-13"":3,""kwok-node-14"":3,""kwok-node-15"":4,""kwok-node-16"":3,""kwok-node-17"":4,""kwok-node-18"":4,""kwok-node-19"":3,""kwok-node-2"":3,""kwok-node-20"":4,""kwok-node-21"":5,""kwok-node-22"":4,""kwok-node-23"":3,""kwok-node-24"":3,""kwok-node-25"":4,""kwok-node-26"":4,""kwok-node-27"":3,""kwok-node-28"":4,""kwok-node-29"":4,""kwok-node-3"":4,""kwok-node-30"":4,""kwok-node-31"":3,""kwok-node-32"":4,""kwok-node-4"":4,""kwok-node-5"":3,""kwok-node-6"":4,""kwok-node-7"":3,""kwok-node-8"":4,""kwok-node-9"":3}","{""kwok-node-1"":3,""kwok-node-10"":3,""kwok-node-11"":3,""kwok-node-12"":3,""kwok-node-13"":3,""kwok-node-14"":3,""kwok-node-15"":4,""kwok-node-16"":3,""kwok-node-17"":3,""kwok-node-18"":4,""kwok-node-19"":3,""kwok-node-2"":3,""kwok-node-20"":4,""kwok-node-21"":5,""kwok-node-22"":4,""kwok-node-23"":3,""kwok-node-24"":3,""kwok-node-25"":4,""kwok-node-26"":4,""kwok-node-27"":3,""kwok-node-28"":4,""kwok-node-29"":4,""kwok-node-3"":4,""kwok-node-30"":4,""kwok-node-31"":3,""kwok-node-32"":3,""kwok-node-4"":4,""kwok-node-5"":3,""kwok-node-6"":4,""kwok-node-7"":3,""kwok-node-8"":4,""kwok-node-9"":3}","{""p1"":12,""p2"":39,""p3"":35,""p4"":28}","{""p1"":25,""p2"":32,""p3"":33,""p4"":21}","{""p1"":14}","{""p1"":1,""p2"":7,""p3"":2,""p4"":7}","{rs-03-p1-f476n,rs-03-p1-vvlzf,rs-11-p1-9ztgc,rs-11-p1-txctm,rs-11-p1-v9q4h,rs-11-p1-xw6rw,rs-16-p1-7rt8m,rs-16-p1-lnxfw,rs-25-p1-gd6jt,rs-26-p1-8kh68,rs-36-p1-dl9mb,rs-36-p1-ll84z,rs-38-p1-sx99r,rs-50-p1-fvvv4}","{rs-34-p2-8p5kd,rs-34-p2-dhfkj,rs-34-p2-f5q6p,rs-35-p2-54jxq,rs-43-p3-rs6zg,rs-45-p2-4gtwc,rs-46-p2-jrhqb,rs-47-p4-48qzd,rs-47-p4-g9c2x,rs-47-p4-lf6zr,rs-48-p4-5txmq,rs-48-p4-cn7pm,rs-48-p4-gb5sn,rs-48-p4-pfb9v,rs-49-p3-d5m4f,rs-50-p1-fvvv4,rs-51-p2-r9t9j}","{rs-01-p4-rzsjp,rs-01-p4-slt5b,rs-02-p1-bgvzp,rs-02-p1-gdzkx,rs-02-p1-v8xhk,rs-04-p2-qsr2f,rs-05-p3-7shtx,rs-05-p3-dchnd,rs-05-p3-zgzg7,rs-06-p2-2mgnd,rs-06-p2-fj26f,rs-06-p2-g86sb,rs-06-p2-q4m7k,rs-07-p4-7clz5,rs-07-p4-99jbq,rs-07-p4-qdl2v,rs-07-p4-zjx72,rs-08-p4-9vtk7,rs-08-p4-gtx8d,rs-08-p4-psrqv,rs-08-p4-srqh6,rs-09-p4-57ngv,rs-09-p4-jl662,rs-09-p4-nd5l9,rs-09-p4-qmflh,rs-10-p3-2l24t,rs-10-p3-5l57v,rs-10-p3-wcf8t,rs-12-p2-hwc89,rs-12-p2-nqszd,rs-12-p2-vjmkp,rs-13-p3-8w5b5,rs-13-p3-fmlv9,rs-13-p3-kpxf6,rs-14-p3-2ffbr,rs-14-p3-49qf2,rs-14-p3-7dr5r,rs-14-p3-j6vd2,rs-15-p3-57zqj,rs-15-p3-bgw6s,rs-15-p3-csnfv,rs-15-p3-w6dfh,rs-16-p1-rhvxf,rs-17-p3-5mt2h,rs-17-p3-g2plg,rs-17-p3-lgxnn,rs-18-p2-8d72b,rs-18-p2-djhjr,rs-18-p2-hz9jb,rs-18-p2-vsdf2,rs-19-p2-cm62t,rs-19-p2-gw5gk,rs-19-p2-m4xhb,rs-20-p3-98k8z,rs-20-p3-pv6qs,rs-21-p4-rbr8m,rs-22-p4-mgv9r,rs-23-p2-tqqlv,rs-24-p2-2rbk4,rs-24-p2-2rj26,rs-24-p2-f2dbx,rs-24-p2-fb74r,rs-26-p1-bcm42,rs-27-p1-8bckm,rs-28-p3-g5ms8,rs-28-p3-hgt5t,rs-29-p2-dsjmr,rs-29-p2-lz92q,rs-29-p2-nrxdk,rs-30-p2-f9wmd,rs-30-p2-hq7mm,rs-30-p2-r275k,rs-30-p2-wv6kn,rs-31-p1-6tbm7,rs-31-p1-c99qd,rs-31-p1-gpjwh,rs-32-p2-dhfcd,rs-32-p2-m6jc6,rs-32-p2-xtxmr,rs-33-p3-g68g4,rs-33-p3-m2qhz,rs-33-p3-twc67,rs-34-p2-8p5kd,rs-34-p2-dhfkj,rs-34-p2-f5q6p,rs-35-p2-54jxq,rs-35-p2-j9vsg,rs-37-p4-4vb7n,rs-37-p4-lm65d,rs-38-p1-24nvn,rs-38-p1-hg684,rs-38-p1-zl6qv,rs-39-p4-ml2ct,rs-40-p4-664j4,rs-40-p4-znftp,rs-41-p3-476jk,rs-41-p3-6gxs7,rs-41-p3-72nxp,rs-42-p3-phtv2,rs-42-p3-sssjf,rs-43-p3-rs6zg,rs-43-p3-szb2m,rs-44-p2-v78np,rs-45-p2-4gtwc,rs-46-p2-jrhqb,rs-47-p4-48qzd,rs-47-p4-g9c2x,rs-47-p4-lf6zr,rs-48-p4-5txmq,rs-48-p4-cn7pm,rs-48-p4-gb5sn,rs-48-p4-pfb9v,rs-49-p3-d5m4f,rs-51-p2-r9t9j}","{rs-01-p4-rzsjp,rs-01-p4-slt5b,rs-02-p1-55bkp,rs-02-p1-9gdzg,rs-02-p1-h98rl,rs-03-p1-cj7q7,rs-03-p1-w892f,rs-04-p2-qsr2f,rs-05-p3-7shtx,rs-05-p3-dchnd,rs-05-p3-zgzg7,rs-06-p2-2mgnd,rs-06-p2-fj26f,rs-06-p2-g86sb,rs-06-p2-q4m7k,rs-07-p4-7clz5,rs-07-p4-99jbq,rs-07-p4-qdl2v,rs-07-p4-zjx72,rs-08-p4-9vtk7,rs-08-p4-gtx8d,rs-08-p4-psrqv,rs-08-p4-srqh6,rs-09-p4-57ngv,rs-09-p4-jl662,rs-09-p4-nd5l9,rs-09-p4-qmflh,rs-10-p3-2l24t,rs-10-p3-5l57v,rs-10-p3-wcf8t,rs-11-p1-5vkgf,rs-11-p1-7bq8b,rs-11-p1-9cfcg,rs-11-p1-tx9r5,rs-12-p2-hwc89,rs-12-p2-nqszd,rs-12-p2-vjmkp,rs-13-p3-8w5b5,rs-13-p3-fmlv9,rs-13-p3-kpxf6,rs-14-p3-2ffbr,rs-14-p3-49qf2,rs-14-p3-7dr5r,rs-14-p3-j6vd2,rs-15-p3-57zqj,rs-15-p3-bgw6s,rs-15-p3-csnfv,rs-15-p3-w6dfh,rs-16-p1-5ffgh,rs-16-p1-c7lss,rs-16-p1-f9bnd,rs-17-p3-5mt2h,rs-17-p3-g2plg,rs-17-p3-lgxnn,rs-18-p2-8d72b,rs-18-p2-djhjr,rs-18-p2-hz9jb,rs-18-p2-vsdf2,rs-19-p2-cm62t,rs-19-p2-gw5gk,rs-19-p2-m4xhb,rs-20-p3-98k8z,rs-20-p3-pv6qs,rs-21-p4-rbr8m,rs-22-p4-mgv9r,rs-23-p2-tqqlv,rs-24-p2-2rbk4,rs-24-p2-2rj26,rs-24-p2-f2dbx,rs-24-p2-fb74r,rs-25-p1-8q4h6,rs-26-p1-bcm42,rs-26-p1-m9tb9,rs-27-p1-8bckm,rs-28-p3-g5ms8,rs-28-p3-hgt5t,rs-29-p2-dsjmr,rs-29-p2-lz92q,rs-29-p2-nrxdk,rs-30-p2-f9wmd,rs-30-p2-hq7mm,rs-30-p2-r275k,rs-30-p2-wv6kn,rs-31-p1-ckz2r,rs-31-p1-gpjwh,rs-31-p1-xp5sz,rs-32-p2-dhfcd,rs-32-p2-m6jc6,rs-32-p2-xtxmr,rs-33-p3-g68g4,rs-33-p3-m2qhz,rs-33-p3-twc67,rs-35-p2-j9vsg,rs-36-p1-74kj2,rs-36-p1-sfpsl,rs-37-p4-4vb7n,rs-37-p4-lm65d,rs-38-p1-24nvn,rs-38-p1-c6kxd,rs-38-p1-hg684,rs-38-p1-zl6qv,rs-39-p4-ml2ct,rs-40-p4-664j4,rs-40-p4-znftp,rs-41-p3-476jk,rs-41-p3-6gxs7,rs-41-p3-72nxp,rs-42-p3-phtv2,rs-42-p3-sssjf,rs-43-p3-szb2m,rs-44-p2-v78np}","[{""name"":""rs-01-p4-rzsjp"",""cpu_m"":705,""mem_b"":165532249,""priority"":""4"",""node"":""kwok-node-11""},{""name"":""rs-01-p4-slt5b"",""cpu_m"":705,""mem_b"":165532249,""priority"":""4"",""node"":""kwok-node-12""},{""name"":""rs-02-p1-bgvzp"",""cpu_m"":395,""mem_b"":472254751,""priority"":""1"",""node"":""kwok-node-32""},{""name"":""rs-02-p1-gdzkx"",""cpu_m"":395,""mem_b"":472254751,""priority"":""1"",""node"":""kwok-node-11""},{""name"":""rs-02-p1-v8xhk"",""cpu_m"":395,""mem_b"":472254751,""priority"":""1"",""node"":""kwok-node-11""},{""name"":""rs-03-p1-f476n"",""cpu_m"":794,""mem_b"":772542257,""priority"":""1"",""node"":""""},{""name"":""rs-03-p1-vvlzf"",""cpu_m"":794,""mem_b"":772542257,""priority"":""1"",""node"":""""},{""name"":""rs-04-p2-qsr2f"",""cpu_m"":385,""mem_b"":920370096,""priority"":""2"",""node"":""kwok-node-2""},{""name"":""rs-05-p3-7shtx"",""cpu_m"":917,""mem_b"":340491619,""priority"":""3"",""node"":""kwok-node-19""},{""name"":""rs-05-p3-dchnd"",""cpu_m"":917,""mem_b"":340491619,""priority"":""3"",""node"":""kwok-node-10""},{""name"":""rs-05-p3-zgzg7"",""cpu_m"":917,""mem_b"":340491619,""priority"":""3"",""node"":""kwok-node-23""},{""name"":""rs-06-p2-2mgnd"",""cpu_m"":892,""mem_b"":157620593,""priority"":""2"",""node"":""kwok-node-24""},{""name"":""rs-06-p2-fj26f"",""cpu_m"":892,""mem_b"":157620593,""priority"":""2"",""node"":""kwok-node-16""},{""name"":""rs-06-p2-g86sb"",""cpu_m"":892,""mem_b"":157620593,""priority"":""2"",""node"":""kwok-node-22""},{""name"":""rs-06-p2-q4m7k"",""cpu_m"":892,""mem_b"":157620593,""priority"":""2"",""node"":""kwok-node-20""},{""name"":""rs-07-p4-7clz5"",""cpu_m"":217,""mem_b"":435158350,""priority"":""4"",""node"":""kwok-node-15""},{""name"":""rs-07-p4-99jbq"",""cpu_m"":217,""mem_b"":435158350,""priority"":""4"",""node"":""kwok-node-18""},{""name"":""rs-07-p4-qdl2v"",""cpu_m"":217,""mem_b"":435158350,""priority"":""4"",""node"":""kwok-node-21""},{""name"":""rs-07-p4-zjx72"",""cpu_m"":217,""mem_b"":435158350,""priority"":""4"",""node"":""kwok-node-13""},{""name"":""rs-08-p4-9vtk7"",""cpu_m"":627,""mem_b"":314904854,""priority"":""4"",""node"":""kwok-node-29""},{""name"":""rs-08-p4-gtx8d"",""cpu_m"":627,""mem_b"":314904854,""priority"":""4"",""node"":""kwok-node-25""},{""name"":""rs-08-p4-psrqv"",""cpu_m"":627,""mem_b"":314904854,""priority"":""4"",""node"":""kwok-node-3""},{""name"":""rs-08-p4-srqh6"",""cpu_m"":627,""mem_b"":314904854,""priority"":""4"",""node"":""kwok-node-27""},{""name"":""rs-09-p4-57ngv"",""cpu_m"":392,""mem_b"":156688976,""priority"":""4"",""node"":""kwok-node-21""},{""name"":""rs-09-p4-jl662"",""cpu_m"":392,""mem_b"":156688976,""priority"":""4"",""node"":""kwok-node-30""},{""name"":""rs-09-p4-nd5l9"",""cpu_m"":392,""mem_b"":156688976,""priority"":""4"",""node"":""kwok-node-26""},{""name"":""rs-09-p4-qmflh"",""cpu_m"":392,""mem_b"":156688976,""priority"":""4"",""node"":""kwok-node-28""},{""name"":""rs-10-p3-2l24t"",""cpu_m"":393,""mem_b"":716718338,""priority"":""3"",""node"":""kwok-node-28""},{""name"":""rs-10-p3-5l57v"",""cpu_m"":393,""mem_b"":716718338,""priority"":""3"",""node"":""kwok-node-31""},{""name"":""rs-10-p3-wcf8t"",""cpu_m"":393,""mem_b"":716718338,""priority"":""3"",""node"":""kwok-node-26""},{""name"":""rs-11-p1-9ztgc"",""cpu_m"":802,""mem_b"":452571443,""priority"":""1"",""node"":""""},{""name"":""rs-11-p1-txctm"",""cpu_m"":802,""mem_b"":452571443,""priority"":""1"",""node"":""""},{""name"":""rs-11-p1-v9q4h"",""cpu_m"":802,""mem_b"":452571443,""priority"":""1"",""node"":""""},{""name"":""rs-11-p1-xw6rw"",""cpu_m"":802,""mem_b"":452571443,""priority"":""1"",""node"":""""},{""name"":""rs-12-p2-hwc89"",""cpu_m"":187,""mem_b"":155509704,""priority"":""2"",""node"":""kwok-node-4""},{""name"":""rs-12-p2-nqszd"",""cpu_m"":187,""mem_b"":155509704,""priority"":""2"",""node"":""kwok-node-6""},{""name"":""rs-12-p2-vjmkp"",""cpu_m"":187,""mem_b"":155509704,""priority"":""2"",""node"":""kwok-node-8""},{""name"":""rs-13-p3-8w5b5"",""cpu_m"":574,""mem_b"":402692523,""priority"":""3"",""node"":""kwok-node-9""},{""name"":""rs-13-p3-fmlv9"",""cpu_m"":574,""mem_b"":402692523,""priority"":""3"",""node"":""kwok-node-5""},{""name"":""rs-13-p3-kpxf6"",""cpu_m"":574,""mem_b"":402692523,""priority"":""3"",""node"":""kwok-node-7""},{""name"":""rs-14-p3-2ffbr"",""cpu_m"":182,""mem_b"":565267718,""priority"":""3"",""node"":""kwok-node-8""},{""name"":""rs-14-p3-49qf2"",""cpu_m"":182,""mem_b"":565267718,""priority"":""3"",""node"":""kwok-node-25""},{""name"":""rs-14-p3-7dr5r"",""cpu_m"":182,""mem_b"":565267718,""priority"":""3"",""node"":""kwok-node-4""},{""name"":""rs-14-p3-j6vd2"",""cpu_m"":182,""mem_b"":565267718,""priority"":""3"",""node"":""kwok-node-6""},{""name"":""rs-15-p3-57zqj"",""cpu_m"":849,""mem_b"":626274943,""priority"":""3"",""node"":""kwok-node-1""},{""name"":""rs-15-p3-bgw6s"",""cpu_m"":849,""mem_b"":626274943,""priority"":""3"",""node"":""kwok-node-8""},{""name"":""rs-15-p3-csnfv"",""cpu_m"":849,""mem_b"":626274943,""priority"":""3"",""node"":""kwok-node-4""},{""name"":""rs-15-p3-w6dfh"",""cpu_m"":849,""mem_b"":626274943,""priority"":""3"",""node"":""kwok-node-6""},{""name"":""rs-16-p1-7rt8m"",""cpu_m"":396,""mem_b"":706532459,""priority"":""1"",""node"":""""},{""name"":""rs-16-p1-lnxfw"",""cpu_m"":396,""mem_b"":706532459,""priority"":""1"",""node"":""""},{""name"":""rs-16-p1-rhvxf"",""cpu_m"":396,""mem_b"":706532459,""priority"":""1"",""node"":""kwok-node-1""},{""name"":""rs-17-p3-5mt2h"",""cpu_m"":762,""mem_b"":827187184,""priority"":""3"",""node"":""kwok-node-7""},{""name"":""rs-17-p3-g2plg"",""cpu_m"":762,""mem_b"":827187184,""priority"":""3"",""node"":""kwok-node-9""},{""name"":""rs-17-p3-lgxnn"",""cpu_m"":762,""mem_b"":827187184,""priority"":""3"",""node"":""kwok-node-5""},{""name"":""rs-18-p2-8d72b"",""cpu_m"":391,""mem_b"":962021930,""priority"":""2"",""node"":""kwok-node-11""},{""name"":""rs-18-p2-djhjr"",""cpu_m"":391,""mem_b"":962021930,""priority"":""2"",""node"":""kwok-node-16""},{""name"":""rs-18-p2-hz9jb"",""cpu_m"":391,""mem_b"":962021930,""priority"":""2"",""node"":""kwok-node-12""},{""name"":""rs-18-p2-vsdf2"",""cpu_m"":391,""mem_b"":962021930,""priority"":""2"",""node"":""kwok-node-24""},{""name"":""rs-19-p2-cm62t"",""cpu_m"":361,""mem_b"":520609129,""priority"":""2"",""node"":""kwok-node-21""},{""name"":""rs-19-p2-gw5gk"",""cpu_m"":361,""mem_b"":520609129,""priority"":""2"",""node"":""kwok-node-17""},{""name"":""rs-19-p2-m4xhb"",""cpu_m"":361,""mem_b"":520609129,""priority"":""2"",""node"":""kwok-node-32""},{""name"":""rs-20-p3-98k8z"",""cpu_m"":237,""mem_b"":503806438,""priority"":""3"",""node"":""kwok-node-20""},{""name"":""rs-20-p3-pv6qs"",""cpu_m"":237,""mem_b"":503806438,""priority"":""3"",""node"":""kwok-node-22""},{""name"":""rs-21-p4-rbr8m"",""cpu_m"":906,""mem_b"":293655602,""priority"":""4"",""node"":""kwok-node-2""},{""name"":""rs-22-p4-mgv9r"",""cpu_m"":169,""mem_b"":726727038,""priority"":""4"",""node"":""kwok-node-19""},{""name"":""rs-23-p2-tqqlv"",""cpu_m"":149,""mem_b"":993951190,""priority"":""2"",""node"":""kwok-node-23""},{""name"":""rs-24-p2-2rbk4"",""cpu_m"":104,""mem_b"":715515649,""priority"":""2"",""node"":""kwok-node-10""},{""name"":""rs-24-p2-2rj26"",""cpu_m"":104,""mem_b"":715515649,""priority"":""2"",""node"":""kwok-node-30""},{""name"":""rs-24-p2-f2dbx"",""cpu_m"":104,""mem_b"":715515649,""priority"":""2"",""node"":""kwok-node-20""},{""name"":""rs-24-p2-fb74r"",""cpu_m"":104,""mem_b"":715515649,""priority"":""2"",""node"":""kwok-node-22""},{""name"":""rs-25-p1-gd6jt"",""cpu_m"":964,""mem_b"":910349021,""priority"":""1"",""node"":""""},{""name"":""rs-26-p1-8kh68"",""cpu_m"":300,""mem_b"":812856619,""priority"":""1"",""node"":""""},{""name"":""rs-26-p1-bcm42"",""cpu_m"":300,""mem_b"":812856619,""priority"":""1"",""node"":""kwok-node-14""},{""name"":""rs-27-p1-8bckm"",""cpu_m"":170,""mem_b"":890989328,""priority"":""1"",""node"":""kwok-node-25""},{""name"":""rs-28-p3-g5ms8"",""cpu_m"":603,""mem_b"":536056692,""priority"":""3"",""node"":""kwok-node-15""},{""name"":""rs-28-p3-hgt5t"",""cpu_m"":603,""mem_b"":536056692,""priority"":""3"",""node"":""kwok-node-28""},{""name"":""rs-29-p2-dsjmr"",""cpu_m"":160,""mem_b"":207719907,""priority"":""2"",""node"":""kwok-node-3""},{""name"":""rs-29-p2-lz92q"",""cpu_m"":160,""mem_b"":207719907,""priority"":""2"",""node"":""kwok-node-29""},{""name"":""rs-29-p2-nrxdk"",""cpu_m"":160,""mem_b"":207719907,""priority"":""2"",""node"":""kwok-node-18""},{""name"":""rs-30-p2-f9wmd"",""cpu_m"":770,""mem_b"":813114102,""priority"":""2"",""node"":""kwok-node-12""},{""name"":""rs-30-p2-hq7mm"",""cpu_m"":770,""mem_b"":813114102,""priority"":""2"",""node"":""kwok-node-19""},{""name"":""rs-30-p2-r275k"",""cpu_m"":770,""mem_b"":813114102,""priority"":""2"",""node"":""kwok-node-10""},{""name"":""rs-30-p2-wv6kn"",""cpu_m"":770,""mem_b"":813114102,""priority"":""2"",""node"":""kwok-node-27""},{""name"":""rs-31-p1-6tbm7"",""cpu_m"":539,""mem_b"":364386577,""priority"":""1"",""node"":""kwok-node-17""},{""name"":""rs-31-p1-c99qd"",""cpu_m"":539,""mem_b"":364386577,""priority"":""1"",""node"":""kwok-node-32""},{""name"":""rs-31-p1-gpjwh"",""cpu_m"":539,""mem_b"":364386577,""priority"":""1"",""node"":""kwok-node-21""},{""name"":""rs-32-p2-dhfcd"",""cpu_m"":593,""mem_b"":669375893,""priority"":""2"",""node"":""kwok-node-18""},{""name"":""rs-32-p2-m6jc6"",""cpu_m"":593,""mem_b"":669375893,""priority"":""2"",""node"":""kwok-node-32""},{""name"":""rs-32-p2-xtxmr"",""cpu_m"":593,""mem_b"":669375893,""priority"":""2"",""node"":""kwok-node-31""},{""name"":""rs-33-p3-g68g4"",""cpu_m"":693,""mem_b"":697413132,""priority"":""3"",""node"":""kwok-node-29""},{""name"":""rs-33-p3-m2qhz"",""cpu_m"":693,""mem_b"":697413132,""priority"":""3"",""node"":""kwok-node-3""},{""name"":""rs-33-p3-twc67"",""cpu_m"":693,""mem_b"":697413132,""priority"":""3"",""node"":""kwok-node-1""},{""name"":""rs-34-p2-8p5kd"",""cpu_m"":574,""mem_b"":977432292,""priority"":""2"",""node"":""kwok-node-26""},{""name"":""rs-34-p2-dhfkj"",""cpu_m"":574,""mem_b"":977432292,""priority"":""2"",""node"":""kwok-node-14""},{""name"":""rs-34-p2-f5q6p"",""cpu_m"":574,""mem_b"":977432292,""priority"":""2"",""node"":""kwok-node-13""},{""name"":""rs-35-p2-54jxq"",""cpu_m"":984,""mem_b"":138475563,""priority"":""2"",""node"":""kwok-node-13""},{""name"":""rs-35-p2-j9vsg"",""cpu_m"":984,""mem_b"":138475563,""priority"":""2"",""node"":""kwok-node-25""},{""name"":""rs-36-p1-dl9mb"",""cpu_m"":534,""mem_b"":801305383,""priority"":""1"",""node"":""""},{""name"":""rs-36-p1-ll84z"",""cpu_m"":534,""mem_b"":801305383,""priority"":""1"",""node"":""""},{""name"":""rs-37-p4-4vb7n"",""cpu_m"":658,""mem_b"":169358653,""priority"":""4"",""node"":""kwok-node-26""},{""name"":""rs-37-p4-lm65d"",""cpu_m"":658,""mem_b"":169358653,""priority"":""4"",""node"":""kwok-node-14""},{""name"":""rs-38-p1-24nvn"",""cpu_m"":703,""mem_b"":227979656,""priority"":""1"",""node"":""kwok-node-17""},{""name"":""rs-38-p1-hg684"",""cpu_m"":703,""mem_b"":227979656,""priority"":""1"",""node"":""kwok-node-4""},{""name"":""rs-38-p1-sx99r"",""cpu_m"":703,""mem_b"":227979656,""priority"":""1"",""node"":""""},{""name"":""rs-38-p1-zl6qv"",""cpu_m"":703,""mem_b"":227979656,""priority"":""1"",""node"":""kwok-node-15""},{""name"":""rs-39-p4-ml2ct"",""cpu_m"":794,""mem_b"":715381589,""priority"":""4"",""node"":""kwok-node-8""},{""name"":""rs-40-p4-664j4"",""cpu_m"":611,""mem_b"":719984897,""priority"":""4"",""node"":""kwok-node-9""},{""name"":""rs-40-p4-znftp"",""cpu_m"":611,""mem_b"":719984897,""priority"":""4"",""node"":""kwok-node-2""},{""name"":""rs-41-p3-476jk"",""cpu_m"":474,""mem_b"":372133121,""priority"":""3"",""node"":""kwok-node-22""},{""name"":""rs-41-p3-6gxs7"",""cpu_m"":474,""mem_b"":372133121,""priority"":""3"",""node"":""kwok-node-30""},{""name"":""rs-41-p3-72nxp"",""cpu_m"":474,""mem_b"":372133121,""priority"":""3"",""node"":""kwok-node-20""},{""name"":""rs-42-p3-phtv2"",""cpu_m"":621,""mem_b"":153162340,""priority"":""3"",""node"":""kwok-node-5""},{""name"":""rs-42-p3-sssjf"",""cpu_m"":621,""mem_b"":153162340,""priority"":""3"",""node"":""kwok-node-7""},{""name"":""rs-43-p3-rs6zg"",""cpu_m"":519,""mem_b"":665409938,""priority"":""3"",""node"":""kwok-node-6""},{""name"":""rs-43-p3-szb2m"",""cpu_m"":519,""mem_b"":665409938,""priority"":""3"",""node"":""kwok-node-28""},{""name"":""rs-44-p2-v78np"",""cpu_m"":481,""mem_b"":465396652,""priority"":""2"",""node"":""kwok-node-21""},{""name"":""rs-45-p2-4gtwc"",""cpu_m"":969,""mem_b"":679350378,""priority"":""2"",""node"":""kwok-node-31""},{""name"":""rs-46-p2-jrhqb"",""cpu_m"":713,""mem_b"":497102395,""priority"":""2"",""node"":""kwok-node-23""},{""name"":""rs-47-p4-48qzd"",""cpu_m"":404,""mem_b"":865370107,""priority"":""4"",""node"":""kwok-node-27""},{""name"":""rs-47-p4-g9c2x"",""cpu_m"":404,""mem_b"":865370107,""priority"":""4"",""node"":""kwok-node-24""},{""name"":""rs-47-p4-lf6zr"",""cpu_m"":404,""mem_b"":865370107,""priority"":""4"",""node"":""kwok-node-16""},{""name"":""rs-48-p4-5txmq"",""cpu_m"":485,""mem_b"":774657850,""priority"":""4"",""node"":""kwok-node-3""},{""name"":""rs-48-p4-cn7pm"",""cpu_m"":485,""mem_b"":774657850,""priority"":""4"",""node"":""kwok-node-29""},{""name"":""rs-48-p4-gb5sn"",""cpu_m"":485,""mem_b"":774657850,""priority"":""4"",""node"":""kwok-node-15""},{""name"":""rs-48-p4-pfb9v"",""cpu_m"":485,""mem_b"":774657850,""priority"":""4"",""node"":""kwok-node-18""},{""name"":""rs-49-p3-d5m4f"",""cpu_m"":243,""mem_b"":970890240,""priority"":""3"",""node"":""kwok-node-17""},{""name"":""rs-50-p1-fvvv4"",""cpu_m"":537,""mem_b"":678139263,""priority"":""1"",""node"":""""},{""name"":""rs-51-p2-r9t9j"",""cpu_m"":494,""mem_b"":841004661,""priority"":""2"",""node"":""kwok-node-30""}]","[{""name"":""rs-01-p4-rzsjp"",""cpu_m"":705,""mem_b"":165532249,""priority"":""4"",""node"":""kwok-node-11""},{""name"":""rs-01-p4-slt5b"",""cpu_m"":705,""mem_b"":165532249,""priority"":""4"",""node"":""kwok-node-12""},{""name"":""rs-02-p1-55bkp"",""cpu_m"":395,""mem_b"":472254751,""priority"":""1"",""node"":""kwok-node-15""},{""name"":""rs-02-p1-9gdzg"",""cpu_m"":395,""mem_b"":472254751,""priority"":""1"",""node"":""kwok-node-1""},{""name"":""rs-02-p1-h98rl"",""cpu_m"":395,""mem_b"":472254751,""priority"":""1"",""node"":""kwok-node-13""},{""name"":""rs-03-p1-cj7q7"",""cpu_m"":794,""mem_b"":772542257,""priority"":""1"",""node"":""kwok-node-17""},{""name"":""rs-03-p1-w892f"",""cpu_m"":794,""mem_b"":772542257,""priority"":""1"",""node"":""kwok-node-14""},{""name"":""rs-04-p2-qsr2f"",""cpu_m"":385,""mem_b"":920370096,""priority"":""2"",""node"":""kwok-node-2""},{""name"":""rs-05-p3-7shtx"",""cpu_m"":917,""mem_b"":340491619,""priority"":""3"",""node"":""kwok-node-19""},{""name"":""rs-05-p3-dchnd"",""cpu_m"":917,""mem_b"":340491619,""priority"":""3"",""node"":""kwok-node-10""},{""name"":""rs-05-p3-zgzg7"",""cpu_m"":917,""mem_b"":340491619,""priority"":""3"",""node"":""kwok-node-23""},{""name"":""rs-06-p2-2mgnd"",""cpu_m"":892,""mem_b"":157620593,""priority"":""2"",""node"":""kwok-node-24""},{""name"":""rs-06-p2-fj26f"",""cpu_m"":892,""mem_b"":157620593,""priority"":""2"",""node"":""kwok-node-16""},{""name"":""rs-06-p2-g86sb"",""cpu_m"":892,""mem_b"":157620593,""priority"":""2"",""node"":""kwok-node-22""},{""name"":""rs-06-p2-q4m7k"",""cpu_m"":892,""mem_b"":157620593,""priority"":""2"",""node"":""kwok-node-20""},{""name"":""rs-07-p4-7clz5"",""cpu_m"":217,""mem_b"":435158350,""priority"":""4"",""node"":""kwok-node-15""},{""name"":""rs-07-p4-99jbq"",""cpu_m"":217,""mem_b"":435158350,""priority"":""4"",""node"":""kwok-node-18""},{""name"":""rs-07-p4-qdl2v"",""cpu_m"":217,""mem_b"":435158350,""priority"":""4"",""node"":""kwok-node-21""},{""name"":""rs-07-p4-zjx72"",""cpu_m"":217,""mem_b"":435158350,""priority"":""4"",""node"":""kwok-node-13""},{""name"":""rs-08-p4-9vtk7"",""cpu_m"":627,""mem_b"":314904854,""priority"":""4"",""node"":""kwok-node-29""},{""name"":""rs-08-p4-gtx8d"",""cpu_m"":627,""mem_b"":314904854,""priority"":""4"",""node"":""kwok-node-25""},{""name"":""rs-08-p4-psrqv"",""cpu_m"":627,""mem_b"":314904854,""priority"":""4"",""node"":""kwok-node-3""},{""name"":""rs-08-p4-srqh6"",""cpu_m"":627,""mem_b"":314904854,""priority"":""4"",""node"":""kwok-node-27""},{""name"":""rs-09-p4-57ngv"",""cpu_m"":392,""mem_b"":156688976,""priority"":""4"",""node"":""kwok-node-21""},{""name"":""rs-09-p4-jl662"",""cpu_m"":392,""mem_b"":156688976,""priority"":""4"",""node"":""kwok-node-30""},{""name"":""rs-09-p4-nd5l9"",""cpu_m"":392,""mem_b"":156688976,""priority"":""4"",""node"":""kwok-node-26""},{""name"":""rs-09-p4-qmflh"",""cpu_m"":392,""mem_b"":156688976,""priority"":""4"",""node"":""kwok-node-28""},{""name"":""rs-10-p3-2l24t"",""cpu_m"":393,""mem_b"":716718338,""priority"":""3"",""node"":""kwok-node-28""},{""name"":""rs-10-p3-5l57v"",""cpu_m"":393,""mem_b"":716718338,""priority"":""3"",""node"":""kwok-node-31""},{""name"":""rs-10-p3-wcf8t"",""cpu_m"":393,""mem_b"":716718338,""priority"":""3"",""node"":""kwok-node-26""},{""name"":""rs-11-p1-5vkgf"",""cpu_m"":802,""mem_b"":452571443,""priority"":""1"",""node"":""kwok-node-31""},{""name"":""rs-11-p1-7bq8b"",""cpu_m"":802,""mem_b"":452571443,""priority"":""1"",""node"":""kwok-node-30""},{""name"":""rs-11-p1-9cfcg"",""cpu_m"":802,""mem_b"":452571443,""priority"":""1"",""node"":""kwok-node-18""},{""name"":""rs-11-p1-tx9r5"",""cpu_m"":802,""mem_b"":452571443,""priority"":""1"",""node"":""kwok-node-32""},{""name"":""rs-12-p2-hwc89"",""cpu_m"":187,""mem_b"":155509704,""priority"":""2"",""node"":""kwok-node-4""},{""name"":""rs-12-p2-nqszd"",""cpu_m"":187,""mem_b"":155509704,""priority"":""2"",""node"":""kwok-node-6""},{""name"":""rs-12-p2-vjmkp"",""cpu_m"":187,""mem_b"":155509704,""priority"":""2"",""node"":""kwok-node-8""},{""name"":""rs-13-p3-8w5b5"",""cpu_m"":574,""mem_b"":402692523,""priority"":""3"",""node"":""kwok-node-9""},{""name"":""rs-13-p3-fmlv9"",""cpu_m"":574,""mem_b"":402692523,""priority"":""3"",""node"":""kwok-node-5""},{""name"":""rs-13-p3-kpxf6"",""cpu_m"":574,""mem_b"":402692523,""priority"":""3"",""node"":""kwok-node-7""},{""name"":""rs-14-p3-2ffbr"",""cpu_m"":182,""mem_b"":565267718,""priority"":""3"",""node"":""kwok-node-8""},{""name"":""rs-14-p3-49qf2"",""cpu_m"":182,""mem_b"":565267718,""priority"":""3"",""node"":""kwok-node-25""},{""name"":""rs-14-p3-7dr5r"",""cpu_m"":182,""mem_b"":565267718,""priority"":""3"",""node"":""kwok-node-4""},{""name"":""rs-14-p3-j6vd2"",""cpu_m"":182,""mem_b"":565267718,""priority"":""3"",""node"":""kwok-node-6""},{""name"":""rs-15-p3-57zqj"",""cpu_m"":849,""mem_b"":626274943,""priority"":""3"",""node"":""kwok-node-1""},{""name"":""rs-15-p3-bgw6s"",""cpu_m"":849,""mem_b"":626274943,""priority"":""3"",""node"":""kwok-node-8""},{""name"":""rs-15-p3-csnfv"",""cpu_m"":849,""mem_b"":626274943,""priority"":""3"",""node"":""kwok-node-4""},{""name"":""rs-15-p3-w6dfh"",""cpu_m"":849,""mem_b"":626274943,""priority"":""3"",""node"":""kwok-node-6""},{""name"":""rs-16-p1-5ffgh"",""cpu_m"":396,""mem_b"":706532459,""priority"":""1"",""node"":""kwok-node-3""},{""name"":""rs-16-p1-c7lss"",""cpu_m"":396,""mem_b"":706532459,""priority"":""1"",""node"":""kwok-node-29""},{""name"":""rs-16-p1-f9bnd"",""cpu_m"":396,""mem_b"":706532459,""priority"":""1"",""node"":""kwok-node-27""},{""name"":""rs-17-p3-5mt2h"",""cpu_m"":762,""mem_b"":827187184,""priority"":""3"",""node"":""kwok-node-7""},{""name"":""rs-17-p3-g2plg"",""cpu_m"":762,""mem_b"":827187184,""priority"":""3"",""node"":""kwok-node-9""},{""name"":""rs-17-p3-lgxnn"",""cpu_m"":762,""mem_b"":827187184,""priority"":""3"",""node"":""kwok-node-5""},{""name"":""rs-18-p2-8d72b"",""cpu_m"":391,""mem_b"":962021930,""priority"":""2"",""node"":""kwok-node-11""},{""name"":""rs-18-p2-djhjr"",""cpu_m"":391,""mem_b"":962021930,""priority"":""2"",""node"":""kwok-node-16""},{""name"":""rs-18-p2-hz9jb"",""cpu_m"":391,""mem_b"":962021930,""priority"":""2"",""node"":""kwok-node-12""},{""name"":""rs-18-p2-vsdf2"",""cpu_m"":391,""mem_b"":962021930,""priority"":""2"",""node"":""kwok-node-24""},{""name"":""rs-19-p2-cm62t"",""cpu_m"":361,""mem_b"":520609129,""priority"":""2"",""node"":""kwok-node-21""},{""name"":""rs-19-p2-gw5gk"",""cpu_m"":361,""mem_b"":520609129,""priority"":""2"",""node"":""kwok-node-17""},{""name"":""rs-19-p2-m4xhb"",""cpu_m"":361,""mem_b"":520609129,""priority"":""2"",""node"":""kwok-node-32""},{""name"":""rs-20-p3-98k8z"",""cpu_m"":237,""mem_b"":503806438,""priority"":""3"",""node"":""kwok-node-20""},{""name"":""rs-20-p3-pv6qs"",""cpu_m"":237,""mem_b"":503806438,""priority"":""3"",""node"":""kwok-node-22""},{""name"":""rs-21-p4-rbr8m"",""cpu_m"":906,""mem_b"":293655602,""priority"":""4"",""node"":""kwok-node-2""},{""name"":""rs-22-p4-mgv9r"",""cpu_m"":169,""mem_b"":726727038,""priority"":""4"",""node"":""kwok-node-19""},{""name"":""rs-23-p2-tqqlv"",""cpu_m"":149,""mem_b"":993951190,""priority"":""2"",""node"":""kwok-node-23""},{""name"":""rs-24-p2-2rbk4"",""cpu_m"":104,""mem_b"":715515649,""priority"":""2"",""node"":""kwok-node-10""},{""name"":""rs-24-p2-2rj26"",""cpu_m"":104,""mem_b"":715515649,""priority"":""2"",""node"":""kwok-node-30""},{""name"":""rs-24-p2-f2dbx"",""cpu_m"":104,""mem_b"":715515649,""priority"":""2"",""node"":""kwok-node-20""},{""name"":""rs-24-p2-fb74r"",""cpu_m"":104,""mem_b"":715515649,""priority"":""2"",""node"":""kwok-node-22""},{""name"":""rs-25-p1-8q4h6"",""cpu_m"":964,""mem_b"":910349021,""priority"":""1"",""node"":""kwok-node-13""},{""name"":""rs-26-p1-bcm42"",""cpu_m"":300,""mem_b"":812856619,""priority"":""1"",""node"":""kwok-node-14""},{""name"":""rs-26-p1-m9tb9"",""cpu_m"":300,""mem_b"":812856619,""priority"":""1"",""node"":""kwok-node-26""},{""name"":""rs-27-p1-8bckm"",""cpu_m"":170,""mem_b"":890989328,""priority"":""1"",""node"":""kwok-node-25""},{""name"":""rs-28-p3-g5ms8"",""cpu_m"":603,""mem_b"":536056692,""priority"":""3"",""node"":""kwok-node-15""},{""name"":""rs-28-p3-hgt5t"",""cpu_m"":603,""mem_b"":536056692,""priority"":""3"",""node"":""kwok-node-28""},{""name"":""rs-29-p2-dsjmr"",""cpu_m"":160,""mem_b"":207719907,""priority"":""2"",""node"":""kwok-node-3""},{""name"":""rs-29-p2-lz92q"",""cpu_m"":160,""mem_b"":207719907,""priority"":""2"",""node"":""kwok-node-29""},{""name"":""rs-29-p2-nrxdk"",""cpu_m"":160,""mem_b"":207719907,""priority"":""2"",""node"":""kwok-node-18""},{""name"":""rs-30-p2-f9wmd"",""cpu_m"":770,""mem_b"":813114102,""priority"":""2"",""node"":""kwok-node-12""},{""name"":""rs-30-p2-hq7mm"",""cpu_m"":770,""mem_b"":813114102,""priority"":""2"",""node"":""kwok-node-19""},{""name"":""rs-30-p2-r275k"",""cpu_m"":770,""mem_b"":813114102,""priority"":""2"",""node"":""kwok-node-10""},{""name"":""rs-30-p2-wv6kn"",""cpu_m"":770,""mem_b"":813114102,""priority"":""2"",""node"":""kwok-node-27""},{""name"":""rs-31-p1-ckz2r"",""cpu_m"":539,""mem_b"":364386577,""priority"":""1"",""node"":""kwok-node-23""},{""name"":""rs-31-p1-gpjwh"",""cpu_m"":539,""mem_b"":364386577,""priority"":""1"",""node"":""kwok-node-21""},{""name"":""rs-31-p1-xp5sz"",""cpu_m"":539,""mem_b"":364386577,""priority"":""1"",""node"":""kwok-node-11""},{""name"":""rs-32-p2-dhfcd"",""cpu_m"":593,""mem_b"":669375893,""priority"":""2"",""node"":""kwok-node-18""},{""name"":""rs-32-p2-m6jc6"",""cpu_m"":593,""mem_b"":669375893,""priority"":""2"",""node"":""kwok-node-32""},{""name"":""rs-32-p2-xtxmr"",""cpu_m"":593,""mem_b"":669375893,""priority"":""2"",""node"":""kwok-node-31""},{""name"":""rs-33-p3-g68g4"",""cpu_m"":693,""mem_b"":697413132,""priority"":""3"",""node"":""kwok-node-29""},{""name"":""rs-33-p3-m2qhz"",""cpu_m"":693,""mem_b"":697413132,""priority"":""3"",""node"":""kwok-node-3""},{""name"":""rs-33-p3-twc67"",""cpu_m"":693,""mem_b"":697413132,""priority"":""3"",""node"":""kwok-node-1""},{""name"":""rs-34-p2-8p5kd"",""cpu_m"":574,""mem_b"":977432292,""priority"":""2"",""node"":""""},{""name"":""rs-34-p2-dhfkj"",""cpu_m"":574,""mem_b"":977432292,""priority"":""2"",""node"":""""},{""name"":""rs-34-p2-f5q6p"",""cpu_m"":574,""mem_b"":977432292,""priority"":""2"",""node"":""""},{""name"":""rs-35-p2-54jxq"",""cpu_m"":984,""mem_b"":138475563,""priority"":""2"",""node"":""""},{""name"":""rs-35-p2-j9vsg"",""cpu_m"":984,""mem_b"":138475563,""priority"":""2"",""node"":""kwok-node-25""},{""name"":""rs-36-p1-74kj2"",""cpu_m"":534,""mem_b"":801305383,""priority"":""1"",""node"":""kwok-node-16""},{""name"":""rs-36-p1-sfpsl"",""cpu_m"":534,""mem_b"":801305383,""priority"":""1"",""node"":""kwok-node-24""},{""name"":""rs-37-p4-4vb7n"",""cpu_m"":658,""mem_b"":169358653,""priority"":""4"",""node"":""kwok-node-26""},{""name"":""rs-37-p4-lm65d"",""cpu_m"":658,""mem_b"":169358653,""priority"":""4"",""node"":""kwok-node-14""},{""name"":""rs-38-p1-24nvn"",""cpu_m"":703,""mem_b"":227979656,""priority"":""1"",""node"":""kwok-node-17""},{""name"":""rs-38-p1-c6kxd"",""cpu_m"":703,""mem_b"":227979656,""priority"":""1"",""node"":""kwok-node-6""},{""name"":""rs-38-p1-hg684"",""cpu_m"":703,""mem_b"":227979656,""priority"":""1"",""node"":""kwok-node-4""},{""name"":""rs-38-p1-zl6qv"",""cpu_m"":703,""mem_b"":227979656,""priority"":""1"",""node"":""kwok-node-15""},{""name"":""rs-39-p4-ml2ct"",""cpu_m"":794,""mem_b"":715381589,""priority"":""4"",""node"":""kwok-node-8""},{""name"":""rs-40-p4-664j4"",""cpu_m"":611,""mem_b"":719984897,""priority"":""4"",""node"":""kwok-node-9""},{""name"":""rs-40-p4-znftp"",""cpu_m"":611,""mem_b"":719984897,""priority"":""4"",""node"":""kwok-node-2""},{""name"":""rs-41-p3-476jk"",""cpu_m"":474,""mem_b"":372133121,""priority"":""3"",""node"":""kwok-node-22""},{""name"":""rs-41-p3-6gxs7"",""cpu_m"":474,""mem_b"":372133121,""priority"":""3"",""node"":""kwok-node-30""},{""name"":""rs-41-p3-72nxp"",""cpu_m"":474,""mem_b"":372133121,""priority"":""3"",""node"":""kwok-node-20""},{""name"":""rs-42-p3-phtv2"",""cpu_m"":621,""mem_b"":153162340,""priority"":""3"",""node"":""kwok-node-5""},{""name"":""rs-42-p3-sssjf"",""cpu_m"":621,""mem_b"":153162340,""priority"":""3"",""node"":""kwok-node-7""},{""name"":""rs-43-p3-rs6zg"",""cpu_m"":519,""mem_b"":665409938,""priority"":""3"",""node"":""""},{""name"":""rs-43-p3-szb2m"",""cpu_m"":519,""mem_b"":665409938,""priority"":""3"",""node"":""kwok-node-28""},{""name"":""rs-44-p2-v78np"",""cpu_m"":481,""mem_b"":465396652,""priority"":""2"",""node"":""kwok-node-21""},{""name"":""rs-45-p2-4gtwc"",""cpu_m"":969,""mem_b"":679350378,""priority"":""2"",""node"":""""},{""name"":""rs-46-p2-jrhqb"",""cpu_m"":713,""mem_b"":497102395,""priority"":""2"",""node"":""""},{""name"":""rs-47-p4-48qzd"",""cpu_m"":404,""mem_b"":865370107,""priority"":""4"",""node"":""""},{""name"":""rs-47-p4-g9c2x"",""cpu_m"":404,""mem_b"":865370107,""priority"":""4"",""node"":""""},{""name"":""rs-47-p4-lf6zr"",""cpu_m"":404,""mem_b"":865370107,""priority"":""4"",""node"":""""},{""name"":""rs-48-p4-5txmq"",""cpu_m"":485,""mem_b"":774657850,""priority"":""4"",""node"":""""},{""name"":""rs-48-p4-cn7pm"",""cpu_m"":485,""mem_b"":774657850,""priority"":""4"",""node"":""""},{""name"":""rs-48-p4-gb5sn"",""cpu_m"":485,""mem_b"":774657850,""priority"":""4"",""node"":""""},{""name"":""rs-48-p4-pfb9v"",""cpu_m"":485,""mem_b"":774657850,""priority"":""4"",""node"":""""},{""name"":""rs-49-p3-d5m4f"",""cpu_m"":243,""mem_b"":970890240,""priority"":""3"",""node"":""""},{""name"":""rs-50-p1-fvvv4"",""cpu_m"":537,""mem_b"":678139263,""priority"":""1"",""node"":""""},{""name"":""rs-51-p2-r9t9j"",""cpu_m"":494,""mem_b"":841004661,""priority"":""2"",""node"":""""}]","[{""name"":""kwok-node-1"",""cap_cpu_m"":2025,""cap_mem_bytes"":2087942678},{""name"":""kwok-node-2"",""cap_cpu_m"":2025,""cap_mem_bytes"":2087942678},{""name"":""kwok-node-3"",""cap_cpu_m"":2025,""cap_mem_bytes"":2087942678},{""name"":""kwok-node-4"",""cap_cpu_m"":2025,""cap_mem_bytes"":2087942678},{""name"":""kwok-node-5"",""cap_cpu_m"":2025,""cap_mem_bytes"":2087942678},{""name"":""kwok-node-6"",""cap_cpu_m"":2025,""cap_mem_bytes"":2087942678},{""name"":""kwok-node-7"",""cap_cpu_m"":2025,""cap_mem_bytes"":2087942678},{""name"":""kwok-node-8"",""cap_cpu_m"":2025,""cap_mem_bytes"":2087942678},{""name"":""kwok-node-9"",""cap_cpu_m"":2025,""cap_mem_bytes"":2087942678},{""name"":""kwok-node-10"",""cap_cpu_m"":2025,""cap_mem_bytes"":2087942678},{""name"":""kwok-node-11"",""cap_cpu_m"":2025,""cap_mem_bytes"":2087942678},{""name"":""kwok-node-12"",""cap_cpu_m"":2025,""cap_mem_bytes"":2087942678},{""name"":""kwok-node-13"",""cap_cpu_m"":2025,""cap_mem_bytes"":2087942678},{""name"":""kwok-node-14"",""cap_cpu_m"":2025,""cap_mem_bytes"":2087942678},{""name"":""kwok-node-15"",""cap_cpu_m"":2025,""cap_mem_bytes"":2087942678},{""name"":""kwok-node-16"",""cap_cpu_m"":2025,""cap_mem_bytes"":2087942678},{""name"":""kwok-node-17"",""cap_cpu_m"":2025,""cap_mem_bytes"":2087942678},{""name"":""kwok-node-18"",""cap_cpu_m"":2025,""cap_mem_bytes"":2087942678},{""name"":""kwok-node-19"",""cap_cpu_m"":2025,""cap_mem_bytes"":2087942678},{""name"":""kwok-node-20"",""cap_cpu_m"":2025,""cap_mem_bytes"":2087942678},{""name"":""kwok-node-21"",""cap_cpu_m"":2025,""cap_mem_bytes"":2087942678},{""name"":""kwok-node-22"",""cap_cpu_m"":2025,""cap_mem_bytes"":2087942678},{""name"":""kwok-node-23"",""cap_cpu_m"":2025,""cap_mem_bytes"":2087942678},{""name"":""kwok-node-24"",""cap_cpu_m"":2025,""cap_mem_bytes"":2087942678},{""name"":""kwok-node-25"",""cap_cpu_m"":2025,""cap_mem_bytes"":2087942678},{""name"":""kwok-node-26"",""cap_cpu_m"":2025,""cap_mem_bytes"":2087942678},{""name"":""kwok-node-27"",""cap_cpu_m"":2025,""cap_mem_bytes"":2087942678},{""name"":""kwok-node-28"",""cap_cpu_m"":2025,""cap_mem_bytes"":2087942678},{""name"":""kwok-node-29"",""cap_cpu_m"":2025,""cap_mem_bytes"":2087942678},{""name"":""kwok-node-30"",""cap_cpu_m"":2025,""cap_mem_bytes"":2087942678},{""name"":""kwok-node-31"",""cap_cpu_m"":2025,""cap_mem_bytes"":2087942678},{""name"":""kwok-node-32"",""cap_cpu_m"":2025,""cap_mem_bytes"":2087942678}]"
2026/02/11/11:21:36,1420052706459400740,,"{""evicted"":0,""moved"":0,""placed_by_priority"":{""1"":35,""2"":22,""3"":12,""4"":38}}",python,"{""evicted"":10,""moved"":19,""placed_by_priority"":{""1"":29,""2"":29,""3"":18,""4"":42}}",981,FEASIBLE,"[{""duration_ms"":981,""name"":""python"",""score"":{""evicted"":10,""moved"":19,""placed_by_priority"":{""1"":29,""2"":29,""3"":18,""4"":42}},""status"":""FEASIBLE""}]",0.919,0.862,0.915,0.850,54976,51573,65675487748,61035279145,116,107,12,21,"{""kwok-node-1"":3,""kwok-node-10"":3,""kwok-node-11"":4,""kwok-node-12"":3,""kwok-node-13"":5,""kwok-node-14"":4,""kwok-node-15"":3,""kwok-node-16"":4,""kwok-node-17"":4,""kwok-node-18"":3,""kwok-node-19"":3,""kwok-node-2"":4,""kwok-node-20"":4,""kwok-node-21"":3,""kwok-node-22"":4,""kwok-node-23"":4,""kwok-node-24"":4,""kwok-node-25"":4,""kwok-node-26"":3,""kwok-node-27"":4,""kwok-node-28"":4,""kwok-node-29"":3,""kwok-node-3"":3,""kwok-node-30"":3,""kwok-node-31"":4,""kwok-node-32"":4,""kwok-node-4"":3,""kwok-node-5"":4,""kwok-node-6"":4,""kwok-node-7"":3,""kwok-node-8"":4,""kwok-node-9"":4}","{""kwok-node-1"":3,""kwok-node-10"":3,""kwok-node-11"":4,""kwok-node-12"":3,""kwok-node-13"":4,""kwok-node-14"":3,""kwok-node-15"":3,""kwok-node-16"":3,""kwok-node-17"":4,""kwok-node-18"":2,""kwok-node-19"":3,""kwok-node-2"":3,""kwok-node-20"":4,""kwok-node-21"":2,""kwok-node-22"":3,""kwok-node-23"":4,""kwok-node-24"":4,""kwok-node-25"":4,""kwok-node-26"":3,""kwok-node-27"":4,""kwok-node-28"":3,""kwok-node-29"":3,""kwok-node-3"":3,""kwok-node-30"":3,""kwok-node-31"":4,""kwok-node-32"":4,""kwok-node-4"":3,""kwok-node-5"":4,""kwok-node-6"":4,""kwok-node-7"":3,""kwok-node-8"":4,""kwok-node-9"":3}","{""p1"":27,""p2"":29,""p3"":18,""p4"":42}","{""p1"":35,""p2"":22,""p3"":12,""p4"":38}","{""p1"":12}","{""p1"":4,""p2"":7,""p3"":6,""p4"":4}","{rs-10-p1-55jqj,rs-10-p1-79zm4,rs-10-p1-dqnpk,rs-10-p1-hzqwv,rs-23-p1-jrkk7,rs-26-p1-gt294,rs-28-p1-2mljl,rs-28-p1-wpkmg,rs-32-p1-ckdqm,rs-32-p1-v8zqz,rs-37-p1-qz77q,rs-50-p1-w49wb}","{rs-41-p2-9cc5z,rs-41-p2-pd4pk,rs-44-p3-cmtrh,rs-44-p3-vd7zv,rs-45-p2-7htcx,rs-45-p2-prnb9,rs-47-p1-jcpns,rs-47-p1-jzn77,rs-47-p1-mvz68,rs-47-p1-spmxf,rs-48-p4-vxb56,rs-49-p3-882q7,rs-49-p3-dqp6t,rs-49-p3-dw2h6,rs-52-p3-zxh7p,rs-53-p2-5r7dp,rs-53-p2-sf6th,rs-53-p2-zxr56,rs-57-p4-6f9bd,rs-57-p4-qgqbb,rs-57-p4-r4n8b}","{rs-01-p4-fjjz4,rs-01-p4-wqgrd,rs-02-p1-dlflm,rs-03-p4-qqp5z,rs-03-p4-z4nzc,rs-04-p1-2bv79,rs-04-p1-dh9kz,rs-05-p3-8bfsr,rs-06-p3-xmlbn,rs-07-p1-sz7zc,rs-08-p4-d8vbv,rs-09-p4-9l2d7,rs-11-p4-mnqx9,rs-12-p4-9fvlf,rs-12-p4-t4hx2,rs-13-p4-vcs9b,rs-14-p3-dkwqq,rs-14-p3-fmd48,rs-14-p3-t94mg,rs-15-p4-w2vrr,rs-15-p4-xhctb,rs-16-p4-2jb52,rs-16-p4-6xhm4,rs-16-p4-9rd9r,rs-16-p4-sfttg,rs-17-p2-bg4qm,rs-17-p2-k6stp,rs-17-p2-qcbzq,rs-18-p1-hlgfg,rs-18-p1-mkxhs,rs-19-p4-gkskt,rs-19-p4-xv87v,rs-20-p2-c9x4r,rs-21-p4-9t4wj,rs-21-p4-gvj6f,rs-21-p4-j5zwb,rs-21-p4-v9xrb,rs-22-p2-5r26l,rs-23-p1-dlwsp,rs-23-p1-hm2dd,rs-24-p4-dqc97,rs-25-p2-8smf6,rs-26-p1-2hrx2,rs-26-p1-5zxpz,rs-26-p1-qmgjj,rs-27-p4-9rxlt,rs-27-p4-k4267,rs-27-p4-qd7bq,rs-28-p1-t2hpm,rs-29-p2-4b2ml,rs-29-p2-9b6kv,rs-29-p2-jx4x7,rs-29-p2-sdccx,rs-30-p4-8rcqv,rs-31-p1-5gb85,rs-33-p4-962cz,rs-33-p4-nwr2h,rs-33-p4-vqb9f,rs-34-p3-mm4gh,rs-34-p3-z7g8z,rs-35-p4-9bfvr,rs-35-p4-b2pxd,rs-35-p4-jtmnn,rs-35-p4-vs2w8,rs-36-p1-vt7nr,rs-37-p1-vh9k5,rs-38-p1-pzsjs,rs-38-p1-t6x4j,rs-38-p1-xfps9,rs-39-p4-2q6lg,rs-39-p4-4hcgv,rs-39-p4-npglm,rs-39-p4-p8z9b,rs-40-p2-9dsmp,rs-40-p2-cg6hq,rs-41-p2-9cc5z,rs-41-p2-pd4pk,rs-42-p2-4mrx2,rs-42-p2-szk7x,rs-43-p2-gq9nc,rs-43-p2-zx79w,rs-44-p3-cmtrh,rs-44-p3-vd7zv,rs-45-p2-7htcx,rs-45-p2-8bv6v,rs-45-p2-prnb9,rs-46-p2-66tl5,rs-46-p2-rb8b2,rs-46-p2-tn9tf,rs-46-p2-wxb28,rs-47-p1-jcpns,rs-47-p1-jzn77,rs-47-p1-mvz68,rs-47-p1-spmxf,rs-48-p4-vxb56,rs-49-p3-882q7,rs-49-p3-dqp6t,rs-49-p3-dw2h6,rs-50-p1-clsgd,rs-51-p1-cj5tq,rs-51-p1-dgkvr,rs-51-p1-gx65l,rs-51-p1-x74mw,rs-52-p3-zxh7p,rs-53-p2-5r7dp,rs-53-p2-sf6th,rs-53-p2-zxr56,rs-54-p3-dcj6g,rs-55-p2-q4qn4,rs-56-p3-59whl,rs-56-p3-dqtp8,rs-56-p3-f4tgx,rs-56-p3-ks52c,rs-57-p4-6f9bd,rs-57-p4-qgqbb,rs-57-p4-r4n8b}","{rs-01-p4-fjjz4,rs-01-p4-wqgrd,rs-02-p1-rmtqs,rs-03-p4-qqp5z,rs-03-p4-z4nzc,rs-04-p1-c7cfr,rs-04-p1-fvmwn,rs-05-p3-8bfsr,rs-06-p3-xmlbn,rs-07-p1-4fsbs,rs-08-p4-d8vbv,rs-09-p4-9l2d7,rs-10-p1-44lgf,rs-10-p1-lrkxv,rs-10-p1-swv6z,rs-10-p1-w2zxr,rs-11-p4-mnqx9,rs-12-p4-9fvlf,rs-12-p4-t4hx2,rs-13-p4-vcs9b,rs-14-p3-dkwqq,rs-14-p3-fmd48,rs-14-p3-t94mg,rs-15-p4-w2vrr,rs-15-p4-xhctb,rs-16-p4-2jb52,rs-16-p4-6xhm4,rs-16-p4-9rd9r,rs-16-p4-sfttg,rs-17-p2-bg4qm,rs-17-p2-k6stp,rs-17-p2-qcbzq,rs-18-p1-gj4q7,rs-18-p1-mkxhs,rs-19-p4-gkskt,rs-19-p4-xv87v,rs-20-p2-c9x4r,rs-21-p4-9t4wj,rs-21-p4-gvj6f,rs-21-p4-j5zwb,rs-21-p4-v9xrb,rs-22-p2-5r26l,rs-23-p1-b4rgb,rs-23-p1-dlwsp,rs-23-p1-z9llj,rs-24-p4-dqc97,rs-25-p2-8smf6,rs-26-p1-2hrx2,rs-26-p1-8zh7r,rs-26-p1-9vzdz,rs-26-p1-zxtvp,rs-27-p4-9rxlt,rs-27-p4-k4267,rs-27-p4-qd7bq,rs-28-p1-8mxj9,rs-28-p1-9xpvj,rs-28-p1-vm8tj,rs-29-p2-4b2ml,rs-29-p2-9b6kv,rs-29-p2-jx4x7,rs-29-p2-sdccx,rs-30-p4-8rcqv,rs-31-p1-5gb85,rs-32-p1-mxbjt,rs-32-p1-s45v4,rs-33-p4-962cz,rs-33-p4-nwr2h,rs-33-p4-vqb9f,rs-34-p3-mm4gh,rs-34-p3-z7g8z,rs-35-p4-9bfvr,rs-35-p4-b2pxd,rs-35-p4-jtmnn,rs-35-p4-vs2w8,rs-36-p1-n7grs,rs-37-p1-cgm2b,rs-37-p1-hnltb,rs-38-p1-57rrv,rs-38-p1-pzsjs,rs-38-p1-r24bf,rs-39-p4-2q6lg,rs-39-p4-4hcgv,rs-39-p4-npglm,rs-39-p4-p8z9b,rs-40-p2-9dsmp,rs-40-p2-cg6hq,rs-42-p2-4mrx2,rs-42-p2-szk7x,rs-43-p2-gq9nc,rs-43-p2-zx79w,rs-45-p2-8bv6v,rs-46-p2-66tl5,rs-46-p2-rb8b2,rs-46-p2-tn9tf,rs-46-p2-wxb28,rs-50-p1-jc8tj,rs-50-p1-prmn6,rs-51-p1-gx65l,rs-51-p1-ln57l,rs-51-p1-rm44r,rs-51-p1-z676g,rs-54-p3-dcj6g,rs-55-p2-q4qn4,rs-56-p3-59whl,rs-56-p3-dqtp8,rs-56-p3-f4tgx,rs-56-p3-ks52c}","[{""name"":""rs-01-p4-fjjz4"",""cpu_m"":886,""mem_b"":796429264,""priority"":""4"",""node"":""kwok-node-15""},{""name"":""rs-01-p4-wqgrd"",""cpu_m"":886,""mem_b"":796429264,""priority"":""4"",""node"":""kwok-node-12""},{""name"":""rs-02-p1-dlflm"",""cpu_m"":390,""mem_b"":595892734,""priority"":""1"",""node"":""kwok-node-32""},{""name"":""rs-03-p4-qqp5z"",""cpu_m"":725,""mem_b"":903722814,""priority"":""4"",""node"":""kwok-node-21""},{""name"":""rs-03-p4-z4nzc"",""cpu_m"":725,""mem_b"":903722814,""priority"":""4"",""node"":""kwok-node-18""},{""name"":""rs-04-p1-2bv79"",""cpu_m"":556,""mem_b"":761657615,""priority"":""1"",""node"":""kwok-node-1""},{""name"":""rs-04-p1-dh9kz"",""cpu_m"":556,""mem_b"":761657615,""priority"":""1"",""node"":""kwok-node-2""},{""name"":""rs-05-p3-8bfsr"",""cpu_m"":725,""mem_b"":639198754,""priority"":""3"",""node"":""kwok-node-1""},{""name"":""rs-06-p3-xmlbn"",""cpu_m"":179,""mem_b"":968781672,""priority"":""3"",""node"":""kwok-node-26""},{""name"":""rs-07-p1-sz7zc"",""cpu_m"":934,""mem_b"":187921846,""priority"":""1"",""node"":""kwok-node-16""},{""name"":""rs-08-p4-d8vbv"",""cpu_m"":126,""mem_b"":917501620,""priority"":""4"",""node"":""kwok-node-3""},{""name"":""rs-09-p4-9l2d7"",""cpu_m"":191,""mem_b"":484701741,""priority"":""4"",""node"":""kwok-node-16""},{""name"":""rs-10-p1-55jqj"",""cpu_m"":762,""mem_b"":801019180,""priority"":""1"",""node"":""""},{""name"":""rs-10-p1-79zm4"",""cpu_m"":762,""mem_b"":801019180,""priority"":""1"",""node"":""""},{""name"":""rs-10-p1-dqnpk"",""cpu_m"":762,""mem_b"":801019180,""priority"":""1"",""node"":""""},{""name"":""rs-10-p1-hzqwv"",""cpu_m"":762,""mem_b"":801019180,""priority"":""1"",""node"":""""},{""name"":""rs-11-p4-mnqx9"",""cpu_m"":611,""mem_b"":649752693,""priority"":""4"",""node"":""kwok-node-7""},{""name"":""rs-12-p4-9fvlf"",""cpu_m"":484,""mem_b"":418173728,""priority"":""4"",""node"":""kwok-node-20""},{""name"":""rs-12-p4-t4hx2"",""cpu_m"":484,""mem_b"":418173728,""priority"":""4"",""node"":""kwok-node-2""},{""name"":""rs-13-p4-vcs9b"",""cpu_m"":724,""mem_b"":712984663,""priority"":""4"",""node"":""kwok-node-14""},{""name"":""rs-14-p3-dkwqq"",""cpu_m"":327,""mem_b"":445029379,""priority"":""3"",""node"":""kwok-node-32""},{""name"":""rs-14-p3-fmd48"",""cpu_m"":327,""mem_b"":445029379,""priority"":""3"",""node"":""kwok-node-4""},{""name"":""rs-14-p3-t94mg"",""cpu_m"":327,""mem_b"":445029379,""priority"":""3"",""node"":""kwok-node-17""},{""name"":""rs-15-p4-w2vrr"",""cpu_m"":821,""mem_b"":342483608,""priority"":""4"",""node"":""kwok-node-28""},{""name"":""rs-15-p4-xhctb"",""cpu_m"":821,""mem_b"":342483608,""priority"":""4"",""node"":""kwok-node-9""},{""name"":""rs-16-p4-2jb52"",""cpu_m"":198,""mem_b"":206354343,""priority"":""4"",""node"":""kwok-node-31""},{""name"":""rs-16-p4-6xhm4"",""cpu_m"":198,""mem_b"":206354343,""priority"":""4"",""node"":""kwok-node-8""},{""name"":""rs-16-p4-9rd9r"",""cpu_m"":198,""mem_b"":206354343,""priority"":""4"",""node"":""kwok-node-6""},{""name"":""rs-16-p4-sfttg"",""cpu_m"":198,""mem_b"":206354343,""priority"":""4"",""node"":""kwok-node-27""},{""name"":""rs-17-p2-bg4qm"",""cpu_m"":956,""mem_b"":311533011,""priority"":""2"",""node"":""kwok-node-24""},{""name"":""rs-17-p2-k6stp"",""cpu_m"":956,""mem_b"":311533011,""priority"":""2"",""node"":""kwok-node-22""},{""name"":""rs-17-p2-qcbzq"",""cpu_m"":956,""mem_b"":311533011,""priority"":""2"",""node"":""kwok-node-5""},{""name"":""rs-18-p1-hlgfg"",""cpu_m"":328,""mem_b"":524093009,""priority"":""1"",""node"":""kwok-node-20""},{""name"":""rs-18-p1-mkxhs"",""cpu_m"":328,""mem_b"":524093009,""priority"":""1"",""node"":""kwok-node-8""},{""name"":""rs-19-p4-gkskt"",""cpu_m"":182,""mem_b"":968784756,""priority"":""4"",""node"":""kwok-node-27""},{""name"":""rs-19-p4-xv87v"",""cpu_m"":182,""mem_b"":968784756,""priority"":""4"",""node"":""kwok-node-31""},{""name"":""rs-20-p2-c9x4r"",""cpu_m"":562,""mem_b"":621212321,""priority"":""2"",""node"":""kwok-node-32""},{""name"":""rs-21-p4-9t4wj"",""cpu_m"":203,""mem_b"":835864308,""priority"":""4"",""node"":""kwok-node-2""},{""name"":""rs-21-p4-gvj6f"",""cpu_m"":203,""mem_b"":835864308,""priority"":""4"",""node"":""kwok-node-20""},{""name"":""rs-21-p4-j5zwb"",""cpu_m"":203,""mem_b"":835864308,""priority"":""4"",""node"":""kwok-node-28""},{""name"":""rs-21-p4-v9xrb"",""cpu_m"":203,""mem_b"":835864308,""priority"":""4"",""node"":""kwok-node-9""},{""name"":""rs-22-p2-5r26l"",""cpu_m"":345,""mem_b"":686753438,""priority"":""2"",""node"":""kwok-node-17""},{""name"":""rs-23-p1-dlwsp"",""cpu_m"":678,""mem_b"":786683251,""priority"":""1"",""node"":""kwok-node-4""},{""name"":""rs-23-p1-hm2dd"",""cpu_m"":678,""mem_b"":786683251,""priority"":""1"",""node"":""kwok-node-6""},{""name"":""rs-23-p1-jrkk7"",""cpu_m"":678,""mem_b"":786683251,""priority"":""1"",""node"":""""},{""name"":""rs-24-p4-dqc97"",""cpu_m"":977,""mem_b"":229528030,""priority"":""4"",""node"":""kwok-node-3""},{""name"":""rs-25-p2-8smf6"",""cpu_m"":622,""mem_b"":532477146,""priority"":""2"",""node"":""kwok-node-6""},{""name"":""rs-26-p1-2hrx2"",""cpu_m"":228,""mem_b"":842174389,""priority"":""1"",""node"":""kwok-node-24""},{""name"":""rs-26-p1-5zxpz"",""cpu_m"":228,""mem_b"":842174389,""priority"":""1"",""node"":""kwok-node-25""},{""name"":""rs-26-p1-gt294"",""cpu_m"":228,""mem_b"":842174389,""priority"":""1"",""node"":""""},{""name"":""rs-26-p1-qmgjj"",""cpu_m"":228,""mem_b"":842174389,""priority"":""1"",""node"":""kwok-node-16""},{""name"":""rs-27-p4-9rxlt"",""cpu_m"":978,""mem_b"":638679918,""priority"":""4"",""node"":""kwok-node-26""},{""name"":""rs-27-p4-k4267"",""cpu_m"":978,""mem_b"":638679918,""priority"":""4"",""node"":""kwok-node-27""},{""name"":""rs-27-p4-qd7bq"",""cpu_m"":978,""mem_b"":638679918,""priority"":""4"",""node"":""kwok-node-8""},{""name"":""rs-28-p1-2mljl"",""cpu_m"":386,""mem_b"":999922470,""priority"":""1"",""node"":""""},{""name"":""rs-28-p1-t2hpm"",""cpu_m"":386,""mem_b"":999922470,""priority"":""1"",""node"":""kwok-node-5""},{""name"":""rs-28-p1-wpkmg"",""cpu_m"":386,""mem_b"":999922470,""priority"":""1"",""node"":""""},{""name"":""rs-29-p2-4b2ml"",""cpu_m"":177,""mem_b"":377735363,""priority"":""2"",""node"":""kwok-node-11""},{""name"":""rs-29-p2-9b6kv"",""cpu_m"":177,""mem_b"":377735363,""priority"":""2"",""node"":""kwok-node-23""},{""name"":""rs-29-p2-jx4x7"",""cpu_m"":177,""mem_b"":377735363,""priority"":""2"",""node"":""kwok-node-10""},{""name"":""rs-29-p2-sdccx"",""cpu_m"":177,""mem_b"":377735363,""priority"":""2"",""node"":""kwok-node-13""},{""name"":""rs-30-p4-8rcqv"",""cpu_m"":474,""mem_b"":713205388,""priority"":""4"",""node"":""kwok-node-30""},{""name"":""rs-31-p1-5gb85"",""cpu_m"":458,""mem_b"":791289122,""priority"":""1"",""node"":""kwok-node-29""},{""name"":""rs-32-p1-ckdqm"",""cpu_m"":952,""mem_b"":980032424,""priority"":""1"",""node"":""""},{""name"":""rs-32-p1-v8zqz"",""cpu_m"":952,""mem_b"":980032424,""priority"":""1"",""node"":""""},{""name"":""rs-33-p4-962cz"",""cpu_m"":812,""mem_b"":338138152,""priority"":""4"",""node"":""kwok-node-17""},{""name"":""rs-33-p4-nwr2h"",""cpu_m"":812,""mem_b"":338138152,""priority"":""4"",""node"":""kwok-node-20""},{""name"":""rs-33-p4-vqb9f"",""cpu_m"":812,""mem_b"":338138152,""priority"":""4"",""node"":""kwok-node-31""},{""name"":""rs-34-p3-mm4gh"",""cpu_m"":227,""mem_b"":669223920,""priority"":""3"",""node"":""kwok-node-12""},{""name"":""rs-34-p3-z7g8z"",""cpu_m"":227,""mem_b"":669223920,""priority"":""3"",""node"":""kwok-node-15""},{""name"":""rs-35-p4-9bfvr"",""cpu_m"":352,""mem_b"":551336613,""priority"":""4"",""node"":""kwok-node-28""},{""name"":""rs-35-p4-b2pxd"",""cpu_m"":352,""mem_b"":551336613,""priority"":""4"",""node"":""kwok-node-32""},{""name"":""rs-35-p4-jtmnn"",""cpu_m"":352,""mem_b"":551336613,""priority"":""4"",""node"":""kwok-node-13""},{""name"":""rs-35-p4-vs2w8"",""cpu_m"":352,""mem_b"":551336613,""priority"":""4"",""node"":""kwok-node-23""},{""name"":""rs-36-p1-vt7nr"",""cpu_m"":127,""mem_b"":795475900,""priority"":""1"",""node"":""kwok-node-22""},{""name"":""rs-37-p1-qz77q"",""cpu_m"":740,""mem_b"":526686847,""priority"":""1"",""node"":""""},{""name"":""rs-37-p1-vh9k5"",""cpu_m"":740,""mem_b"":526686847,""priority"":""1"",""node"":""kwok-node-11""},{""name"":""rs-38-p1-pzsjs"",""cpu_m"":661,""mem_b"":434658991,""priority"":""1"",""node"":""kwok-node-11""},{""name"":""rs-38-p1-t6x4j"",""cpu_m"":661,""mem_b"":434658991,""priority"":""1"",""node"":""kwok-node-18""},{""name"":""rs-38-p1-xfps9"",""cpu_m"":661,""mem_b"":434658991,""priority"":""1"",""node"":""kwok-node-26""},{""name"":""rs-39-p4-2q6lg"",""cpu_m"":624,""mem_b"":450497182,""priority"":""4"",""node"":""kwok-node-19""},{""name"":""rs-39-p4-4hcgv"",""cpu_m"":624,""mem_b"":450497182,""priority"":""4"",""node"":""kwok-node-12""},{""name"":""rs-39-p4-npglm"",""cpu_m"":624,""mem_b"":450497182,""priority"":""4"",""node"":""kwok-node-3""},{""name"":""rs-39-p4-p8z9b"",""cpu_m"":624,""mem_b"":450497182,""priority"":""4"",""node"":""kwok-node-9""},{""name"":""rs-40-p2-9dsmp"",""cpu_m"":110,""mem_b"":616090624,""priority"":""2"",""node"":""kwok-node-5""},{""name"":""rs-40-p2-cg6hq"",""cpu_m"":110,""mem_b"":616090624,""priority"":""2"",""node"":""kwok-node-24""},{""name"":""rs-41-p2-9cc5z"",""cpu_m"":781,""mem_b"":810764237,""priority"":""2"",""node"":""kwok-node-19""},{""name"":""rs-41-p2-pd4pk"",""cpu_m"":781,""mem_b"":810764237,""priority"":""2"",""node"":""kwok-node-29""},{""name"":""rs-42-p2-4mrx2"",""cpu_m"":763,""mem_b"":277565755,""priority"":""2"",""node"":""kwok-node-7""},{""name"":""rs-42-p2-szk7x"",""cpu_m"":763,""mem_b"":277565755,""priority"":""2"",""node"":""kwok-node-23""},{""name"":""rs-43-p2-gq9nc"",""cpu_m"":298,""mem_b"":640148052,""priority"":""2"",""node"":""kwok-node-22""},{""name"":""rs-43-p2-zx79w"",""cpu_m"":298,""mem_b"":640148052,""priority"":""2"",""node"":""kwok-node-6""},{""name"":""rs-44-p3-cmtrh"",""cpu_m"":171,""mem_b"":954840794,""priority"":""3"",""node"":""kwok-node-23""},{""name"":""rs-44-p3-vd7zv"",""cpu_m"":171,""mem_b"":954840794,""priority"":""3"",""node"":""kwok-node-25""},{""name"":""rs-45-p2-7htcx"",""cpu_m"":346,""mem_b"":841353900,""priority"":""2"",""node"":""kwok-node-14""},{""name"":""rs-45-p2-8bv6v"",""cpu_m"":346,""mem_b"":841353900,""priority"":""2"",""node"":""kwok-node-8""},{""name"":""rs-45-p2-prnb9"",""cpu_m"":346,""mem_b"":841353900,""priority"":""2"",""node"":""kwok-node-7""},{""name"":""rs-46-p2-66tl5"",""cpu_m"":423,""mem_b"":512171878,""priority"":""2"",""node"":""kwok-node-15""},{""name"":""rs-46-p2-rb8b2"",""cpu_m"":423,""mem_b"":512171878,""priority"":""2"",""node"":""kwok-node-29""},{""name"":""rs-46-p2-tn9tf"",""cpu_m"":423,""mem_b"":512171878,""priority"":""2"",""node"":""kwok-node-31""},{""name"":""rs-46-p2-wxb28"",""cpu_m"":423,""mem_b"":512171878,""priority"":""2"",""node"":""kwok-node-30""},{""name"":""rs-47-p1-jcpns"",""cpu_m"":484,""mem_b"":674536523,""priority"":""1"",""node"":""kwok-node-1""},{""name"":""rs-47-p1-jzn77"",""cpu_m"":484,""mem_b"":674536523,""priority"":""1"",""node"":""kwok-node-13""},{""name"":""rs-47-p1-mvz68"",""cpu_m"":484,""mem_b"":674536523,""priority"":""1"",""node"":""kwok-node-16""},{""name"":""rs-47-p1-spmxf"",""cpu_m"":484,""mem_b"":674536523,""priority"":""1"",""node"":""kwok-node-4""},{""name"":""rs-48-p4-vxb56"",""cpu_m"":844,""mem_b"":491062961,""priority"":""4"",""node"":""kwok-node-21""},{""name"":""rs-49-p3-882q7"",""cpu_m"":800,""mem_b"":859958664,""priority"":""3"",""node"":""kwok-node-10""},{""name"":""rs-49-p3-dqp6t"",""cpu_m"":800,""mem_b"":859958664,""priority"":""3"",""node"":""kwok-node-30""},{""name"":""rs-49-p3-dw2h6"",""cpu_m"":800,""mem_b"":859958664,""priority"":""3"",""node"":""kwok-node-10""},{""name"":""rs-50-p1-clsgd"",""cpu_m"":453,""mem_b"":386868514,""priority"":""1"",""node"":""kwok-node-22""},{""name"":""rs-50-p1-w49wb"",""cpu_m"":453,""mem_b"":386868514,""priority"":""1"",""node"":""""},{""name"":""rs-51-p1-cj5tq"",""cpu_m"":132,""mem_b"":405938625,""priority"":""1"",""node"":""kwok-node-28""},{""name"":""rs-51-p1-dgkvr"",""cpu_m"":132,""mem_b"":405938625,""priority"":""1"",""node"":""kwok-node-9""},{""name"":""rs-51-p1-gx65l"",""cpu_m"":132,""mem_b"":405938625,""priority"":""1"",""node"":""kwok-node-17""},{""name"":""rs-51-p1-x74mw"",""cpu_m"":132,""mem_b"":405938625,""priority"":""1"",""node"":""kwok-node-21""},{""name"":""rs-52-p3-zxh7p"",""cpu_m"":972,""mem_b"":157627419,""priority"":""3"",""node"":""kwok-node-25""},{""name"":""rs-53-p2-5r7dp"",""cpu_m"":258,""mem_b"":845243692,""priority"":""2"",""node"":""kwok-node-11""},{""name"":""rs-53-p2-sf6th"",""cpu_m"":258,""mem_b"":845243692,""priority"":""2"",""node"":""kwok-node-18""},{""name"":""rs-53-p2-zxr56"",""cpu_m"":258,""mem_b"":845243692,""priority"":""2"",""node"":""kwok-node-19""},{""name"":""rs-54-p3-dcj6g"",""cpu_m"":289,""mem_b"":405574186,""priority"":""3"",""node"":""kwok-node-13""},{""name"":""rs-55-p2-q4qn4"",""cpu_m"":209,""mem_b"":273226455,""priority"":""2"",""node"":""kwok-node-14""},{""name"":""rs-56-p3-59whl"",""cpu_m"":361,""mem_b"":142055659,""priority"":""3"",""node"":""kwok-node-27""},{""name"":""rs-56-p3-dqtp8"",""cpu_m"":361,""mem_b"":142055659,""priority"":""3"",""node"":""kwok-node-25""},{""name"":""rs-56-p3-f4tgx"",""cpu_m"":361,""mem_b"":142055659,""priority"":""3"",""node"":""kwok-node-24""},{""name"":""rs-56-p3-ks52c"",""cpu_m"":361,""mem_b"":142055659,""priority"":""3"",""node"":""kwok-node-5""},{""name"":""rs-57-p4-6f9bd"",""cpu_m"":568,""mem_b"":223415570,""priority"":""4"",""node"":""kwok-node-14""},{""name"":""rs-57-p4-qgqbb"",""cpu_m"":568,""mem_b"":223415570,""priority"":""4"",""node"":""kwok-node-2""},{""name"":""rs-57-p4-r4n8b"",""cpu_m"":568,""mem_b"":223415570,""priority"":""4"",""node"":""kwok-node-13""}]","[{""name"":""rs-01-p4-fjjz4"",""cpu_m"":886,""mem_b"":796429264,""priority"":""4"",""node"":""kwok-node-15""},{""name"":""rs-01-p4-wqgrd"",""cpu_m"":886,""mem_b"":796429264,""priority"":""4"",""node"":""kwok-node-12""},{""name"":""rs-02-p1-rmtqs"",""cpu_m"":390,""mem_b"":595892734,""priority"":""1"",""node"":""kwok-node-19""},{""name"":""rs-03-p4-qqp5z"",""cpu_m"":725,""mem_b"":903722814,""priority"":""4"",""node"":""kwok-node-21""},{""name"":""rs-03-p4-z4nzc"",""cpu_m"":725,""mem_b"":903722814,""priority"":""4"",""node"":""kwok-node-18""},{""name"":""rs-04-p1-c7cfr"",""cpu_m"":556,""mem_b"":761657615,""priority"":""1"",""node"":""kwok-node-13""},{""name"":""rs-04-p1-fvmwn"",""cpu_m"":556,""mem_b"":761657615,""priority"":""1"",""node"":""kwok-node-23""},{""name"":""rs-05-p3-8bfsr"",""cpu_m"":725,""mem_b"":639198754,""priority"":""3"",""node"":""kwok-node-1""},{""name"":""rs-06-p3-xmlbn"",""cpu_m"":179,""mem_b"":968781672,""priority"":""3"",""node"":""kwok-node-26""},{""name"":""rs-07-p1-4fsbs"",""cpu_m"":934,""mem_b"":187921846,""priority"":""1"",""node"":""kwok-node-25""},{""name"":""rs-08-p4-d8vbv"",""cpu_m"":126,""mem_b"":917501620,""priority"":""4"",""node"":""kwok-node-3""},{""name"":""rs-09-p4-9l2d7"",""cpu_m"":191,""mem_b"":484701741,""priority"":""4"",""node"":""kwok-node-16""},{""name"":""rs-10-p1-44lgf"",""cpu_m"":762,""mem_b"":801019180,""priority"":""1"",""node"":""kwok-node-10""},{""name"":""rs-10-p1-lrkxv"",""cpu_m"":762,""mem_b"":801019180,""priority"":""1"",""node"":""kwok-node-30""},{""name"":""rs-10-p1-swv6z"",""cpu_m"":762,""mem_b"":801019180,""priority"":""1"",""node"":""kwok-node-29""},{""name"":""rs-10-p1-w2zxr"",""cpu_m"":762,""mem_b"":801019180,""priority"":""1"",""node"":""kwok-node-11""},{""name"":""rs-11-p4-mnqx9"",""cpu_m"":611,""mem_b"":649752693,""priority"":""4"",""node"":""kwok-node-7""},{""name"":""rs-12-p4-9fvlf"",""cpu_m"":484,""mem_b"":418173728,""priority"":""4"",""node"":""kwok-node-20""},{""name"":""rs-12-p4-t4hx2"",""cpu_m"":484,""mem_b"":418173728,""priority"":""4"",""node"":""kwok-node-2""},{""name"":""rs-13-p4-vcs9b"",""cpu_m"":724,""mem_b"":712984663,""priority"":""4"",""node"":""kwok-node-14""},{""name"":""rs-14-p3-dkwqq"",""cpu_m"":327,""mem_b"":445029379,""priority"":""3"",""node"":""kwok-node-32""},{""name"":""rs-14-p3-fmd48"",""cpu_m"":327,""mem_b"":445029379,""priority"":""3"",""node"":""kwok-node-4""},{""name"":""rs-14-p3-t94mg"",""cpu_m"":327,""mem_b"":445029379,""priority"":""3"",""node"":""kwok-node-17""},{""name"":""rs-15-p4-w2vrr"",""cpu_m"":821,""mem_b"":342483608,""priority"":""4"",""node"":""kwok-node-28""},{""name"":""rs-15-p4-xhctb"",""cpu_m"":821,""mem_b"":342483608,""priority"":""4"",""node"":""kwok-node-9""},{""name"":""rs-16-p4-2jb52"",""cpu_m"":198,""mem_b"":206354343,""priority"":""4"",""node"":""kwok-node-31""},{""name"":""rs-16-p4-6xhm4"",""cpu_m"":198,""mem_b"":206354343,""priority"":""4"",""node"":""kwok-node-8""},{""name"":""rs-16-p4-9rd9r"",""cpu_m"":198,""mem_b"":206354343,""priority"":""4"",""node"":""kwok-node-6""},{""name"":""rs-16-p4-sfttg"",""cpu_m"":198,""mem_b"":206354343,""priority"":""4"",""node"":""kwok-node-27""},{""name"":""rs-17-p2-bg4qm"",""cpu_m"":956,""mem_b"":311533011,""priority"":""2"",""node"":""kwok-node-24""},{""name"":""rs-17-p2-k6stp"",""cpu_m"":956,""mem_b"":311533011,""priority"":""2"",""node"":""kwok-node-22""},{""name"":""rs-17-p2-qcbzq"",""cpu_m"":956,""mem_b"":311533011,""priority"":""2"",""node"":""kwok-node-5""},{""name"":""rs-18-p1-gj4q7"",""cpu_m"":328,""mem_b"":524093009,""priority"":""1"",""node"":""kwok-node-6""},{""name"":""rs-18-p1-mkxhs"",""cpu_m"":328,""mem_b"":524093009,""priority"":""1"",""node"":""kwok-node-8""},{""name"":""rs-19-p4-gkskt"",""cpu_m"":182,""mem_b"":968784756,""priority"":""4"",""node"":""kwok-node-27""},{""name"":""rs-19-p4-xv87v"",""cpu_m"":182,""mem_b"":968784756,""priority"":""4"",""node"":""kwok-node-31""},{""name"":""rs-20-p2-c9x4r"",""cpu_m"":562,""mem_b"":621212321,""priority"":""2"",""node"":""kwok-node-32""},{""name"":""rs-21-p4-9t4wj"",""cpu_m"":203,""mem_b"":835864308,""priority"":""4"",""node"":""kwok-node-2""},{""name"":""rs-21-p4-gvj6f"",""cpu_m"":203,""mem_b"":835864308,""priority"":""4"",""node"":""kwok-node-20""},{""name"":""rs-21-p4-j5zwb"",""cpu_m"":203,""mem_b"":835864308,""priority"":""4"",""node"":""kwok-node-28""},{""name"":""rs-21-p4-v9xrb"",""cpu_m"":203,""mem_b"":835864308,""priority"":""4"",""node"":""kwok-node-9""},{""name"":""rs-22-p2-5r26l"",""cpu_m"":345,""mem_b"":686753438,""priority"":""2"",""node"":""kwok-node-17""},{""name"":""rs-23-p1-b4rgb"",""cpu_m"":678,""mem_b"":786683251,""priority"":""1"",""node"":""kwok-node-19""},{""name"":""rs-23-p1-dlwsp"",""cpu_m"":678,""mem_b"":786683251,""priority"":""1"",""node"":""kwok-node-4""},{""name"":""rs-23-p1-z9llj"",""cpu_m"":678,""mem_b"":786683251,""priority"":""1"",""node"":""kwok-node-16""},{""name"":""rs-24-p4-dqc97"",""cpu_m"":977,""mem_b"":229528030,""priority"":""4"",""node"":""kwok-node-3""},{""name"":""rs-25-p2-8smf6"",""cpu_m"":622,""mem_b"":532477146,""priority"":""2"",""node"":""kwok-node-6""},{""name"":""rs-26-p1-2hrx2"",""cpu_m"":228,""mem_b"":842174389,""priority"":""1"",""node"":""kwok-node-24""},{""name"":""rs-26-p1-8zh7r"",""cpu_m"":228,""mem_b"":842174389,""priority"":""1"",""node"":""kwok-node-5""},{""name"":""rs-26-p1-9vzdz"",""cpu_m"":228,""mem_b"":842174389,""priority"":""1"",""node"":""kwok-node-22""},{""name"":""rs-26-p1-zxtvp"",""cpu_m"":228,""mem_b"":842174389,""priority"":""1"",""node"":""kwok-node-25""},{""name"":""rs-27-p4-9rxlt"",""cpu_m"":978,""mem_b"":638679918,""priority"":""4"",""node"":""kwok-node-26""},{""name"":""rs-27-p4-k4267"",""cpu_m"":978,""mem_b"":638679918,""priority"":""4"",""node"":""kwok-node-27""},{""name"":""rs-27-p4-qd7bq"",""cpu_m"":978,""mem_b"":638679918,""priority"":""4"",""node"":""kwok-node-8""},{""name"":""rs-28-p1-8mxj9"",""cpu_m"":386,""mem_b"":999922470,""priority"":""1"",""node"":""kwok-node-14""},{""name"":""rs-28-p1-9xpvj"",""cpu_m"":386,""mem_b"":999922470,""priority"":""1"",""node"":""kwok-node-7""},{""name"":""rs-28-p1-vm8tj"",""cpu_m"":386,""mem_b"":999922470,""priority"":""1"",""node"":""kwok-node-1""},{""name"":""rs-29-p2-4b2ml"",""cpu_m"":177,""mem_b"":377735363,""priority"":""2"",""node"":""kwok-node-11""},{""name"":""rs-29-p2-9b6kv"",""cpu_m"":177,""mem_b"":377735363,""priority"":""2"",""node"":""kwok-node-23""},{""name"":""rs-29-p2-jx4x7"",""cpu_m"":177,""mem_b"":377735363,""priority"":""2"",""node"":""kwok-node-10""},{""name"":""rs-29-p2-sdccx"",""cpu_m"":177,""mem_b"":377735363,""priority"":""2"",""node"":""kwok-node-13""},{""name"":""rs-30-p4-8rcqv"",""cpu_m"":474,""mem_b"":713205388,""priority"":""4"",""node"":""kwok-node-30""},{""name"":""rs-31-p1-5gb85"",""cpu_m"":458,""mem_b"":791289122,""priority"":""1"",""node"":""kwok-node-29""},{""name"":""rs-32-p1-mxbjt"",""cpu_m"":952,""mem_b"":980032424,""priority"":""1"",""node"":""kwok-node-18""},{""name"":""rs-32-p1-s45v4"",""cpu_m"":952,""mem_b"":980032424,""priority"":""1"",""node"":""kwok-node-21""},{""name"":""rs-33-p4-962cz"",""cpu_m"":812,""mem_b"":338138152,""priority"":""4"",""node"":""kwok-node-17""},{""name"":""rs-33-p4-nwr2h"",""cpu_m"":812,""mem_b"":338138152,""priority"":""4"",""node"":""kwok-node-20""},{""name"":""rs-33-p4-vqb9f"",""cpu_m"":812,""mem_b"":338138152,""priority"":""4"",""node"":""kwok-node-31""},{""name"":""rs-34-p3-mm4gh"",""cpu_m"":227,""mem_b"":669223920,""priority"":""3"",""node"":""kwok-node-12""},{""name"":""rs-34-p3-z7g8z"",""cpu_m"":227,""mem_b"":669223920,""priority"":""3"",""node"":""kwok-node-15""},{""name"":""rs-35-p4-9bfvr"",""cpu_m"":352,""mem_b"":551336613,""priority"":""4"",""node"":""kwok-node-28""},{""name"":""rs-35-p4-b2pxd"",""cpu_m"":352,""mem_b"":551336613,""priority"":""4"",""node"":""kwok-node-32""},{""name"":""rs-35-p4-jtmnn"",""cpu_m"":352,""mem_b"":551336613,""priority"":""4"",""node"":""kwok-node-13""},{""name"":""rs-35-p4-vs2w8"",""cpu_m"":352,""mem_b"":551336613,""priority"":""4"",""node"":""kwok-node-23""},{""name"":""rs-36-p1-n7grs"",""cpu_m"":127,""mem_b"":795475900,""priority"":""1"",""node"":""kwok-node-25""},{""name"":""rs-37-p1-cgm2b"",""cpu_m"":740,""mem_b"":526686847,""priority"":""1"",""node"":""kwok-node-16""},{""name"":""rs-37-p1-hnltb"",""cpu_m"":740,""mem_b"":526686847,""priority"":""1"",""node"":""kwok-node-2""},{""name"":""rs-38-p1-57rrv"",""cpu_m"":661,""mem_b"":434658991,""priority"":""1"",""node"":""kwok-node-10""},{""name"":""rs-38-p1-pzsjs"",""cpu_m"":661,""mem_b"":434658991,""priority"":""1"",""node"":""kwok-node-11""},{""name"":""rs-38-p1-r24bf"",""cpu_m"":661,""mem_b"":434658991,""priority"":""1"",""node"":""kwok-node-4""},{""name"":""rs-39-p4-2q6lg"",""cpu_m"":624,""mem_b"":450497182,""priority"":""4"",""node"":""kwok-node-19""},{""name"":""rs-39-p4-4hcgv"",""cpu_m"":624,""mem_b"":450497182,""priority"":""4"",""node"":""kwok-node-12""},{""name"":""rs-39-p4-npglm"",""cpu_m"":624,""mem_b"":450497182,""priority"":""4"",""node"":""kwok-node-3""},{""name"":""rs-39-p4-p8z9b"",""cpu_m"":624,""mem_b"":450497182,""priority"":""4"",""node"":""kwok-node-9""},{""name"":""rs-40-p2-9dsmp"",""cpu_m"":110,""mem_b"":616090624,""priority"":""2"",""node"":""kwok-node-5""},{""name"":""rs-40-p2-cg6hq"",""cpu_m"":110,""mem_b"":616090624,""priority"":""2"",""node"":""kwok-node-24""},{""name"":""rs-41-p2-9cc5z"",""cpu_m"":781,""mem_b"":810764237,""priority"":""2"",""node"":""""},{""name"":""rs-41-p2-pd4pk"",""cpu_m"":781,""mem_b"":810764237,""priority"":""2"",""node"":""""},{""name"":""rs-42-p2-4mrx2"",""cpu_m"":763,""mem_b"":277565755,""priority"":""2"",""node"":""kwok-node-7""},{""name"":""rs-42-p2-szk7x"",""cpu_m"":763,""mem_b"":277565755,""priority"":""2"",""node"":""kwok-node-23""},{""name"":""rs-43-p2-gq9nc"",""cpu_m"":298,""mem_b"":640148052,""priority"":""2"",""node"":""kwok-node-22""},{""name"":""rs-43-p2-zx79w"",""cpu_m"":298,""mem_b"":640148052,""priority"":""2"",""node"":""kwok-node-6""},{""name"":""rs-44-p3-cmtrh"",""cpu_m"":171,""mem_b"":954840794,""priority"":""3"",""node"":""""},{""name"":""rs-44-p3-vd7zv"",""cpu_m"":171,""mem_b"":954840794,""priority"":""3"",""node"":""""},{""name"":""rs-45-p2-7htcx"",""cpu_m"":346,""mem_b"":841353900,""priority"":""2"",""node"":""""},{""name"":""rs-45-p2-8bv6v"",""cpu_m"":346,""mem_b"":841353900,""priority"":""2"",""node"":""kwok-node-8""},{""name"":""rs-45-p2-prnb9"",""cpu_m"":346,""mem_b"":841353900,""priority"":""2"",""node"":""""},{""name"":""rs-46-p2-66tl5"",""cpu_m"":423,""mem_b"":512171878,""priority"":""2"",""node"":""kwok-node-15""},{""name"":""rs-46-p2-rb8b2"",""cpu_m"":423,""mem_b"":512171878,""priority"":""2"",""node"":""kwok-node-29""},{""name"":""rs-46-p2-tn9tf"",""cpu_m"":423,""mem_b"":512171878,""priority"":""2"",""node"":""kwok-node-31""},{""name"":""rs-46-p2-wxb28"",""cpu_m"":423,""mem_b"":512171878,""priority"":""2"",""node"":""kwok-node-30""},{""name"":""rs-47-p1-jcpns"",""cpu_m"":484,""mem_b"":674536523,""priority"":""1"",""node"":""""},{""name"":""rs-47-p1-jzn77"",""cpu_m"":484,""mem_b"":674536523,""priority"":""1"",""node"":""""},{""name"":""rs-47-p1-mvz68"",""cpu_m"":484,""mem_b"":674536523,""priority"":""1"",""node"":""""},{""name"":""rs-47-p1-spmxf"",""cpu_m"":484,""mem_b"":674536523,""priority"":""1"",""node"":""""},{""name"":""rs-48-p4-vxb56"",""cpu_m"":844,""mem_b"":491062961,""priority"":""4"",""node"":""""},{""name"":""rs-49-p3-882q7"",""cpu_m"":800,""mem_b"":859958664,""priority"":""3"",""node"":""""},{""name"":""rs-49-p3-dqp6t"",""cpu_m"":800,""mem_b"":859958664,""priority"":""3"",""node"":""""},{""name"":""rs-49-p3-dw2h6"",""cpu_m"":800,""mem_b"":859958664,""priority"":""3"",""node"":""""},{""name"":""rs-50-p1-jc8tj"",""cpu_m"":453,""mem_b"":386868514,""priority"":""1"",""node"":""kwok-node-26""},{""name"":""rs-50-p1-prmn6"",""cpu_m"":453,""mem_b"":386868514,""priority"":""1"",""node"":""kwok-node-1""},{""name"":""rs-51-p1-gx65l"",""cpu_m"":132,""mem_b"":405938625,""priority"":""1"",""node"":""kwok-node-17""},{""name"":""rs-51-p1-ln57l"",""cpu_m"":132,""mem_b"":405938625,""priority"":""1"",""node"":""kwok-node-32""},{""name"":""rs-51-p1-rm44r"",""cpu_m"":132,""mem_b"":405938625,""priority"":""1"",""node"":""kwok-node-20""},{""name"":""rs-51-p1-z676g"",""cpu_m"":132,""mem_b"":405938625,""priority"":""1"",""node"":""kwok-node-11""},{""name"":""rs-52-p3-zxh7p"",""cpu_m"":972,""mem_b"":157627419,""priority"":""3"",""node"":""""},{""name"":""rs-53-p2-5r7dp"",""cpu_m"":258,""mem_b"":845243692,""priority"":""2"",""node"":""""},{""name"":""rs-53-p2-sf6th"",""cpu_m"":258,""mem_b"":845243692,""priority"":""2"",""node"":""""},{""name"":""rs-53-p2-zxr56"",""cpu_m"":258,""mem_b"":845243692,""priority"":""2"",""node"":""""},{""name"":""rs-54-p3-dcj6g"",""cpu_m"":289,""mem_b"":405574186,""priority"":""3"",""node"":""kwok-node-13""},{""name"":""rs-55-p2-q4qn4"",""cpu_m"":209,""mem_b"":273226455,""priority"":""2"",""node"":""kwok-node-14""},{""name"":""rs-56-p3-59whl"",""cpu_m"":361,""mem_b"":142055659,""priority"":""3"",""node"":""kwok-node-27""},{""name"":""rs-56-p3-dqtp8"",""cpu_m"":361,""mem_b"":142055659,""priority"":""3"",""node"":""kwok-node-25""},{""name"":""rs-56-p3-f4tgx"",""cpu_m"":361,""mem_b"":142055659,""priority"":""3"",""node"":""kwok-node-24""},{""name"":""rs-56-p3-ks52c"",""cpu_m"":361,""mem_b"":142055659,""priority"":""3"",""node"":""kwok-node-5""},{""name"":""rs-57-p4-6f9bd"",""cpu_m"":568,""mem_b"":223415570,""priority"":""4"",""node"":""""},{""name"":""rs-57-p4-qgqbb"",""cpu_m"":568,""mem_b"":223415570,""priority"":""4"",""node"":""""},{""name"":""rs-57-p4-r4n8b"",""cpu_m"":568,""mem_b"":223415570,""priority"":""4"",""node"":""""}]","[{""name"":""kwok-node-1"",""cap_cpu_m"":1870,""cap_mem_bytes"":2243508550},{""name"":""kwok-node-2"",""cap_cpu_m"":1870,""cap_mem_bytes"":2243508550},{""name"":""kwok-node-3"",""cap_cpu_m"":1870,""cap_mem_bytes"":2243508550},{""name"":""kwok-node-4"",""cap_cpu_m"":1870,""cap_mem_bytes"":2243508550},{""name"":""kwok-node-5"",""cap_cpu_m"":1870,""cap_mem_bytes"":2243508550},{""name"":""kwok-node-6"",""cap_cpu_m"":1870,""cap_mem_bytes"":2243508550},{""name"":""kwok-node-7"",""cap_cpu_m"":1870,""cap_mem_bytes"":2243508550},{""name"":""kwok-node-8"",""cap_cpu_m"":1870,""cap_mem_bytes"":2243508550},{""name"":""kwok-node-9"",""cap_cpu_m"":1870,""cap_mem_bytes"":2243508550},{""name"":""kwok-node-10"",""cap_cpu_m"":1870,""cap_mem_bytes"":2243508550},{""name"":""kwok-node-11"",""cap_cpu_m"":1870,""cap_mem_bytes"":2243508550},{""name"":""kwok-node-12"",""cap_cpu_m"":1870,""cap_mem_bytes"":2243508550},{""name"":""kwok-node-13"",""cap_cpu_m"":1870,""cap_mem_bytes"":2243508550},{""name"":""kwok-node-14"",""cap_cpu_m"":1870,""cap_mem_bytes"":2243508550},{""name"":""kwok-node-15"",""cap_cpu_m"":1870,""cap_mem_bytes"":2243508550},{""name"":""kwok-node-16"",""cap_cpu_m"":1870,""cap_mem_bytes"":2243508550},{""name"":""kwok-node-17"",""cap_cpu_m"":1870,""cap_mem_bytes"":2243508550},{""name"":""kwok-node-18"",""cap_cpu_m"":1870,""cap_mem_bytes"":2243508550},{""name"":""kwok-node-19"",""cap_cpu_m"":1870,""cap_mem_bytes"":2243508550},{""name"":""kwok-node-20"",""cap_cpu_m"":1870,""cap_mem_bytes"":2243508550},{""name"":""kwok-node-21"",""cap_cpu_m"":1870,""cap_mem_bytes"":2243508550},{""name"":""kwok-node-22"",""cap_cpu_m"":1870,""cap_mem_bytes"":2243508550},{""name"":""kwok-node-23"",""cap_cpu_m"":1870,""cap_mem_bytes"":2243508550},{""name"":""kwok-node-24"",""cap_cpu_m"":1870,""cap_mem_bytes"":2243508550},{""name"":""kwok-node-25"",""cap_cpu_m"":1870,""cap_mem_bytes"":2243508550},{""name"":""kwok-node-26"",""cap_cpu_m"":1870,""cap_mem_bytes"":2243508550},{""name"":""kwok-node-27"",""cap_cpu_m"":1870,""cap_mem_bytes"":2243508550},{""name"":""kwok-node-28"",""cap_cpu_m"":1870,""cap_mem_bytes"":2243508550},{""name"":""kwok-node-29"",""cap_cpu_m"":1870,""cap_mem_bytes"":2243508550},{""name"":""kwok-node-30"",""cap_cpu_m"":1870,""cap_mem_bytes"":2243508550},{""name"":""kwok-node-31"",""cap_cpu_m"":1870,""cap_mem_bytes"":2243508550},{""name"":""kwok-node-32"",""cap_cpu_m"":1870,""cap_mem_bytes"":2243508550}]"
2026/02/11/11:22:36,6994672214887366847,,"{""evicted"":0,""moved"":0,""placed_by_priority"":{""1"":28,""2"":22,""3"":29,""4"":26}}",python,"{""evicted"":15,""moved"":7,""placed_by_priority"":{""1"":13,""2"":30,""3"":41,""4"":26}}",978,FEASIBLE,"[{""duration_ms"":978,""name"":""python"",""score"":{""evicted"":15,""moved"":7,""placed_by_priority"":{""1"":13,""2"":30,""3"":41,""4"":26}},""status"":""FEASIBLE""}]",0.906,0.853,0.892,0.854,58930,55495,64075661500,61327796168,110,105,18,23,"{""kwok-node-1"":3,""kwok-node-10"":3,""kwok-node-11"":4,""kwok-node-12"":4,""kwok-node-13"":5,""kwok-node-14"":4,""kwok-node-15"":3,""kwok-node-16"":3,""kwok-node-17"":3,""kwok-node-18"":3,""kwok-node-19"":3,""kwok-node-2"":3,""kwok-node-20"":3,""kwok-node-21"":4,""kwok-node-22"":4,""kwok-node-23"":4,""kwok-node-24"":3,""kwok-node-25"":3,""kwok-node-26"":4,""kwok-node-27"":3,""kwok-node-28"":4,""kwok-node-29"":4,""kwok-node-3"":3,""kwok-node-30"":4,""kwok-node-31"":4,""kwok-node-32"":3,""kwok-node-4"":3,""kwok-node-5"":3,""kwok-node-6"":4,""kwok-node-7"":3,""kwok-node-8"":3,""kwok-node-9"":3}","{""kwok-node-1"":3,""kwok-node-10"":3,""kwok-node-11"":3,""kwok-node-12"":3,""kwok-node-13"":5,""kwok-node-14"":4,""kwok-node-15"":3,""kwok-node-16"":3,""kwok-node-17"":3,""kwok-node-18"":3,""kwok-node-19"":3,""kwok-node-2"":3,""kwok-node-20"":3,""kwok-node-21"":3,""kwok-node-22"":3,""kwok-node-23"":3,""kwok-node-24"":3,""kwok-node-25"":3,""kwok-node-26"":3,""kwok-node-27"":4,""kwok-node-28"":4,""kwok-node-29"":4,""kwok-node-3"":3,""kwok-node-30"":4,""kwok-node-31"":4,""kwok-node-32"":3,""kwok-node-4"":3,""kwok-node-5"":3,""kwok-node-6"":4,""kwok-node-7"":3,""kwok-node-8"":3,""kwok-node-9"":3}","{""p1"":13,""p2"":30,""p3"":41,""p4"":26}","{""p1"":28,""p2"":22,""p3"":29,""p4"":26}","{""p1"":18}","{""p1"":3,""p2"":8,""p3"":12}","{rs-05-p1-6kvmk,rs-05-p1-mrmss,rs-07-p1-4tgrj,rs-10-p1-cvfc2,rs-10-p1-fd627,rs-14-p1-5nz7b,rs-15-p1-nh9f6,rs-27-p1-jcgrf,rs-27-p1-w457m,rs-34-p1-48gvc,rs-34-p1-b2n5c,rs-36-p1-4pprg,rs-36-p1-cmcdx,rs-36-p1-nbq2j,rs-41-p1-4xrlr,rs-47-p1-4xcvv,rs-47-p1-gwc24,rs-47-p1-svk5p}","{rs-39-p3-gwv7h,rs-42-p3-fwt24,rs-42-p3-hl7wk,rs-44-p3-gtv42,rs-46-p2-779lj,rs-47-p1-4xcvv,rs-47-p1-gwc24,rs-47-p1-svk5p,rs-48-p2-gx7g7,rs-48-p2-j7655,rs-48-p2-pv2mv,rs-48-p2-sr22n,rs-49-p3-b2827,rs-50-p3-2bqvl,rs-50-p3-4nsbw,rs-50-p3-7z9pj,rs-50-p3-vjxs8,rs-51-p3-mvmmf,rs-51-p3-rs6t9,rs-54-p3-k4s66,rs-55-p2-h4fxp,rs-55-p2-nm4zs,rs-55-p2-rq2kl}","{rs-01-p3-cxtpf,rs-01-p3-jdnxn,rs-02-p4-cg67m,rs-02-p4-wv5ts,rs-03-p4-h5vk5,rs-04-p2-htnx4,rs-06-p4-tgfm2,rs-08-p3-7lszl,rs-08-p3-dkhpq,rs-08-p3-w66m5,rs-08-p3-wrlfw,rs-09-p2-94fn9,rs-09-p2-qxlc6,rs-09-p2-z4gtf,rs-10-p1-mpdsp,rs-11-p3-4z5l2,rs-11-p3-njrls,rs-11-p3-qj8jz,rs-12-p3-ppzrn,rs-12-p3-xfnmn,rs-13-p2-bf8n7,rs-13-p2-sdlmq,rs-13-p2-tj4dj,rs-14-p1-w2v2t,rs-15-p1-f8vbc,rs-15-p1-r8dpg,rs-15-p1-rgs77,rs-16-p3-d4nlv,rs-16-p3-gcrqw,rs-16-p3-p4rs9,rs-17-p3-bfrc7,rs-17-p3-c5zsv,rs-17-p3-ph7nx,rs-17-p3-xsqfl,rs-18-p2-2sc6c,rs-18-p2-cq98x,rs-18-p2-q68pg,rs-18-p2-xhqrb,rs-19-p3-9xnkq,rs-19-p3-m2tdk,rs-19-p3-n48zb,rs-20-p2-bldbs,rs-20-p2-dm8mt,rs-20-p2-vvd5x,rs-21-p4-d6kz2,rs-22-p4-kvfp5,rs-23-p4-c2gcw,rs-24-p2-g8jqg,rs-25-p3-75rbf,rs-25-p3-dh5z4,rs-25-p3-pffp2,rs-25-p3-rfmh5,rs-26-p1-jxpgj,rs-27-p1-p2rlv,rs-28-p4-g6gr9,rs-28-p4-r222r,rs-28-p4-vzn89,rs-29-p4-59vjk,rs-29-p4-5h2cq,rs-29-p4-svfw8,rs-29-p4-ttcpp,rs-30-p4-fjdc2,rs-31-p2-g6fht,rs-31-p2-lgnw6,rs-31-p2-mlfl4,rs-31-p2-s8vwr,rs-32-p1-48979,rs-32-p1-dh7lb,rs-32-p1-dvfxj,rs-33-p4-bnxp5,rs-33-p4-nhbjt,rs-35-p3-vjm67,rs-37-p4-n6dbf,rs-38-p3-f4fg4,rs-39-p3-gwv7h,rs-39-p3-rw5dj,rs-40-p2-jlksn,rs-42-p3-fwt24,rs-42-p3-hl7wk,rs-43-p2-fld6z,rs-43-p2-m8qx8,rs-44-p3-gtv42,rs-45-p4-57qln,rs-45-p4-g969j,rs-45-p4-kdflx,rs-45-p4-zzvxs,rs-46-p2-779lj,rs-48-p2-gx7g7,rs-48-p2-j7655,rs-48-p2-pv2mv,rs-48-p2-sr22n,rs-49-p3-b2827,rs-50-p3-2bqvl,rs-50-p3-4nsbw,rs-50-p3-7z9pj,rs-50-p3-vjxs8,rs-51-p3-mvmmf,rs-51-p3-rs6t9,rs-52-p1-2prj8,rs-52-p1-4p86l,rs-52-p1-h9blc,rs-53-p4-2wntx,rs-53-p4-6djf8,rs-53-p4-bs8bs,rs-53-p4-v94d5,rs-54-p3-fdtbq,rs-54-p3-k4s66,rs-55-p2-h4fxp,rs-55-p2-nm4zs,rs-55-p2-rq2kl}","{rs-01-p3-cxtpf,rs-01-p3-jdnxn,rs-02-p4-cg67m,rs-02-p4-wv5ts,rs-03-p4-h5vk5,rs-04-p2-htnx4,rs-05-p1-jzs6t,rs-05-p1-l5rpm,rs-06-p4-tgfm2,rs-07-p1-s82mc,rs-08-p3-7lszl,rs-08-p3-dkhpq,rs-08-p3-w66m5,rs-08-p3-wrlfw,rs-09-p2-94fn9,rs-09-p2-qxlc6,rs-09-p2-z4gtf,rs-10-p1-2jjzr,rs-10-p1-mpdsp,rs-10-p1-pxvfh,rs-11-p3-4z5l2,rs-11-p3-njrls,rs-11-p3-qj8jz,rs-12-p3-ppzrn,rs-12-p3-xfnmn,rs-13-p2-bf8n7,rs-13-p2-sdlmq,rs-13-p2-tj4dj,rs-14-p1-75t4x,rs-14-p1-w2v2t,rs-15-p1-mn7ps,rs-15-p1-nt2bd,rs-15-p1-sshvw,rs-15-p1-v8cwg,rs-16-p3-d4nlv,rs-16-p3-gcrqw,rs-16-p3-p4rs9,rs-17-p3-bfrc7,rs-17-p3-c5zsv,rs-17-p3-ph7nx,rs-17-p3-xsqfl,rs-18-p2-2sc6c,rs-18-p2-cq98x,rs-18-p2-q68pg,rs-18-p2-xhqrb,rs-19-p3-9xnkq,rs-19-p3-m2tdk,rs-19-p3-n48zb,rs-20-p2-bldbs,rs-20-p2-dm8mt,rs-20-p2-vvd5x,rs-21-p4-d6kz2,rs-22-p4-kvfp5,rs-23-p4-c2gcw,rs-24-p2-g8jqg,rs-25-p3-75rbf,rs-25-p3-dh5z4,rs-25-p3-pffp2,rs-25-p3-rfmh5,rs-26-p1-jxpgj,rs-27-p1-nrvjc,rs-27-p1-p2rlv,rs-27-p1-vkrfs,rs-28-p4-g6gr9,rs-28-p4-r222r,rs-28-p4-vzn89,rs-29-p4-59vjk,rs-29-p4-5h2cq,rs-29-p4-svfw8,rs-29-p4-ttcpp,rs-30-p4-fjdc2,rs-31-p2-g6fht,rs-31-p2-lgnw6,rs-31-p2-mlfl4,rs-31-p2-s8vwr,rs-32-p1-bhmpz,rs-32-p1-m4d7n,rs-32-p1-q8v6z,rs-33-p4-bnxp5,rs-33-p4-nhbjt,rs-34-p1-rwjvj,rs-34-p1-xcqgh,rs-35-p3-vjm67,rs-36-p1-7xn2g,rs-36-p1-n7nwk,rs-36-p1-v6kmr,rs-37-p4-n6dbf,rs-38-p3-f4fg4,rs-39-p3-rw5dj,rs-40-p2-jlksn,rs-41-p1-9br5h,rs-43-p2-fld6z,rs-43-p2-m8qx8,rs-45-p4-57qln,rs-45-p4-g969j,rs-45-p4-kdflx,rs-45-p4-zzvxs,rs-52-p1-4p86l,rs-52-p1-6h2h6,rs-52-p1-h9blc,rs-53-p4-2wntx,rs-53-p4-6djf8,rs-53-p4-bs8bs,rs-53-p4-v94d5,rs-54-p3-fdtbq}","[{""name"":""rs-01-p3-cxtpf"",""cpu_m"":976,""mem_b"":288088412,""priority"":""3"",""node"":""kwok-node-18""},{""name"":""rs-01-p3-jdnxn"",""cpu_m"":976,""mem_b"":288088412,""priority"":""3"",""node"":""kwok-node-17""},{""name"":""rs-02-p4-cg67m"",""cpu_m"":882,""mem_b"":568849164,""priority"":""4"",""node"":""kwok-node-2""},{""name"":""rs-02-p4-wv5ts"",""cpu_m"":882,""mem_b"":568849164,""priority"":""4"",""node"":""kwok-node-15""},{""name"":""rs-03-p4-h5vk5"",""cpu_m"":420,""mem_b"":621201119,""priority"":""4"",""node"":""kwok-node-14""},{""name"":""rs-04-p2-htnx4"",""cpu_m"":803,""mem_b"":620222247,""priority"":""2"",""node"":""kwok-node-1""},{""name"":""rs-05-p1-6kvmk"",""cpu_m"":685,""mem_b"":812588248,""priority"":""1"",""node"":""""},{""name"":""rs-05-p1-mrmss"",""cpu_m"":685,""mem_b"":812588248,""priority"":""1"",""node"":""""},{""name"":""rs-06-p4-tgfm2"",""cpu_m"":454,""mem_b"":337001196,""priority"":""4"",""node"":""kwok-node-13""},{""name"":""rs-07-p1-4tgrj"",""cpu_m"":886,""mem_b"":197993841,""priority"":""1"",""node"":""""},{""name"":""rs-08-p3-7lszl"",""cpu_m"":595,""mem_b"":349452161,""priority"":""3"",""node"":""kwok-node-25""},{""name"":""rs-08-p3-dkhpq"",""cpu_m"":595,""mem_b"":349452161,""priority"":""3"",""node"":""kwok-node-27""},{""name"":""rs-08-p3-w66m5"",""cpu_m"":595,""mem_b"":349452161,""priority"":""3"",""node"":""kwok-node-10""},{""name"":""rs-08-p3-wrlfw"",""cpu_m"":595,""mem_b"":349452161,""priority"":""3"",""node"":""kwok-node-24""},{""name"":""rs-09-p2-94fn9"",""cpu_m"":692,""mem_b"":294323663,""priority"":""2"",""node"":""kwok-node-23""},{""name"":""rs-09-p2-qxlc6"",""cpu_m"":692,""mem_b"":294323663,""priority"":""2"",""node"":""kwok-node-20""},{""name"":""rs-09-p2-z4gtf"",""cpu_m"":692,""mem_b"":294323663,""priority"":""2"",""node"":""kwok-node-12""},{""name"":""rs-10-p1-cvfc2"",""cpu_m"":123,""mem_b"":944105145,""priority"":""1"",""node"":""""},{""name"":""rs-10-p1-fd627"",""cpu_m"":123,""mem_b"":944105145,""priority"":""1"",""node"":""""},{""name"":""rs-10-p1-mpdsp"",""cpu_m"":123,""mem_b"":944105145,""priority"":""1"",""node"":""kwok-node-21""},{""name"":""rs-11-p3-4z5l2"",""cpu_m"":388,""mem_b"":630514483,""priority"":""3"",""node"":""kwok-node-29""},{""name"":""rs-11-p3-njrls"",""cpu_m"":388,""mem_b"":630514483,""priority"":""3"",""node"":""kwok-node-3""},{""name"":""rs-11-p3-qj8jz"",""cpu_m"":388,""mem_b"":630514483,""priority"":""3"",""node"":""kwok-node-28""},{""name"":""rs-12-p3-ppzrn"",""cpu_m"":582,""mem_b"":352053059,""priority"":""3"",""node"":""kwok-node-31""},{""name"":""rs-12-p3-xfnmn"",""cpu_m"":582,""mem_b"":352053059,""priority"":""3"",""node"":""kwok-node-30""},{""name"":""rs-13-p2-bf8n7"",""cpu_m"":977,""mem_b"":867411639,""priority"":""2"",""node"":""kwok-node-4""},{""name"":""rs-13-p2-sdlmq"",""cpu_m"":977,""mem_b"":867411639,""priority"":""2"",""node"":""kwok-node-5""},{""name"":""rs-13-p2-tj4dj"",""cpu_m"":977,""mem_b"":867411639,""priority"":""2"",""node"":""kwok-node-32""},{""name"":""rs-14-p1-5nz7b"",""cpu_m"":562,""mem_b"":227724839,""priority"":""1"",""node"":""""},{""name"":""rs-14-p1-w2v2t"",""cpu_m"":562,""mem_b"":227724839,""priority"":""1"",""node"":""kwok-node-28""},{""name"":""rs-15-p1-f8vbc"",""cpu_m"":199,""mem_b"":507618585,""priority"":""1"",""node"":""kwok-node-26""},{""name"":""rs-15-p1-nh9f6"",""cpu_m"":199,""mem_b"":507618585,""priority"":""1"",""node"":""""},{""name"":""rs-15-p1-r8dpg"",""cpu_m"":199,""mem_b"":507618585,""priority"":""1"",""node"":""kwok-node-23""},{""name"":""rs-15-p1-rgs77"",""cpu_m"":199,""mem_b"":507618585,""priority"":""1"",""node"":""kwok-node-26""},{""name"":""rs-16-p3-d4nlv"",""cpu_m"":428,""mem_b"":705267220,""priority"":""3"",""node"":""kwok-node-8""},{""name"":""rs-16-p3-gcrqw"",""cpu_m"":428,""mem_b"":705267220,""priority"":""3"",""node"":""kwok-node-7""},{""name"":""rs-16-p3-p4rs9"",""cpu_m"":428,""mem_b"":705267220,""priority"":""3"",""node"":""kwok-node-9""},{""name"":""rs-17-p3-bfrc7"",""cpu_m"":350,""mem_b"":742612219,""priority"":""3"",""node"":""kwok-node-10""},{""name"":""rs-17-p3-c5zsv"",""cpu_m"":350,""mem_b"":742612219,""priority"":""3"",""node"":""kwok-node-27""},{""name"":""rs-17-p3-ph7nx"",""cpu_m"":350,""mem_b"":742612219,""priority"":""3"",""node"":""kwok-node-25""},{""name"":""rs-17-p3-xsqfl"",""cpu_m"":350,""mem_b"":742612219,""priority"":""3"",""node"":""kwok-node-24""},{""name"":""rs-18-p2-2sc6c"",""cpu_m"":232,""mem_b"":978247836,""priority"":""2"",""node"":""kwok-node-12""},{""name"":""rs-18-p2-cq98x"",""cpu_m"":232,""mem_b"":978247836,""priority"":""2"",""node"":""kwok-node-23""},{""name"":""rs-18-p2-q68pg"",""cpu_m"":232,""mem_b"":978247836,""priority"":""2"",""node"":""kwok-node-20""},{""name"":""rs-18-p2-xhqrb"",""cpu_m"":232,""mem_b"":978247836,""priority"":""2"",""node"":""kwok-node-19""},{""name"":""rs-19-p3-9xnkq"",""cpu_m"":547,""mem_b"":342358613,""priority"":""3"",""node"":""kwok-node-3""},{""name"":""rs-19-p3-m2tdk"",""cpu_m"":547,""mem_b"":342358613,""priority"":""3"",""node"":""kwok-node-14""},{""name"":""rs-19-p3-n48zb"",""cpu_m"":547,""mem_b"":342358613,""priority"":""3"",""node"":""kwok-node-29""},{""name"":""rs-20-p2-bldbs"",""cpu_m"":744,""mem_b"":588163089,""priority"":""2"",""node"":""kwok-node-9""},{""name"":""rs-20-p2-dm8mt"",""cpu_m"":744,""mem_b"":588163089,""priority"":""2"",""node"":""kwok-node-7""},{""name"":""rs-20-p2-vvd5x"",""cpu_m"":744,""mem_b"":588163089,""priority"":""2"",""node"":""kwok-node-8""},{""name"":""rs-21-p4-d6kz2"",""cpu_m"":990,""mem_b"":701545998,""priority"":""4"",""node"":""kwok-node-26""},{""name"":""rs-22-p4-kvfp5"",""cpu_m"":187,""mem_b"":964311853,""priority"":""4"",""node"":""kwok-node-18""},{""name"":""rs-23-p4-c2gcw"",""cpu_m"":466,""mem_b"":344629206,""priority"":""4"",""node"":""kwok-node-13""},{""name"":""rs-24-p2-g8jqg"",""cpu_m"":630,""mem_b"":697692724,""priority"":""2"",""node"":""kwok-node-11""},{""name"":""rs-25-p3-75rbf"",""cpu_m"":671,""mem_b"":290500843,""priority"":""3"",""node"":""kwok-node-21""},{""name"":""rs-25-p3-dh5z4"",""cpu_m"":671,""mem_b"":290500843,""priority"":""3"",""node"":""kwok-node-22""},{""name"":""rs-25-p3-pffp2"",""cpu_m"":671,""mem_b"":290500843,""priority"":""3"",""node"":""kwok-node-6""},{""name"":""rs-25-p3-rfmh5"",""cpu_m"":671,""mem_b"":290500843,""priority"":""3"",""node"":""kwok-node-16""},{""name"":""rs-26-p1-jxpgj"",""cpu_m"":239,""mem_b"":611129509,""priority"":""1"",""node"":""kwok-node-1""},{""name"":""rs-27-p1-jcgrf"",""cpu_m"":814,""mem_b"":716687387,""priority"":""1"",""node"":""""},{""name"":""rs-27-p1-p2rlv"",""cpu_m"":814,""mem_b"":716687387,""priority"":""1"",""node"":""kwok-node-30""},{""name"":""rs-27-p1-w457m"",""cpu_m"":814,""mem_b"":716687387,""priority"":""1"",""node"":""""},{""name"":""rs-28-p4-g6gr9"",""cpu_m"":307,""mem_b"":994304015,""priority"":""4"",""node"":""kwok-node-2""},{""name"":""rs-28-p4-r222r"",""cpu_m"":307,""mem_b"":994304015,""priority"":""4"",""node"":""kwok-node-17""},{""name"":""rs-28-p4-vzn89"",""cpu_m"":307,""mem_b"":994304015,""priority"":""4"",""node"":""kwok-node-32""},{""name"":""rs-29-p4-59vjk"",""cpu_m"":842,""mem_b"":739335723,""priority"":""4"",""node"":""kwok-node-24""},{""name"":""rs-29-p4-5h2cq"",""cpu_m"":842,""mem_b"":739335723,""priority"":""4"",""node"":""kwok-node-22""},{""name"":""rs-29-p4-svfw8"",""cpu_m"":842,""mem_b"":739335723,""priority"":""4"",""node"":""kwok-node-10""},{""name"":""rs-29-p4-ttcpp"",""cpu_m"":842,""mem_b"":739335723,""priority"":""4"",""node"":""kwok-node-25""},{""name"":""rs-30-p4-fjdc2"",""cpu_m"":759,""mem_b"":854700806,""priority"":""4"",""node"":""kwok-node-3""},{""name"":""rs-31-p2-g6fht"",""cpu_m"":528,""mem_b"":796008094,""priority"":""2"",""node"":""kwok-node-5""},{""name"":""rs-31-p2-lgnw6"",""cpu_m"":528,""mem_b"":796008094,""priority"":""2"",""node"":""kwok-node-29""},{""name"":""rs-31-p2-mlfl4"",""cpu_m"":528,""mem_b"":796008094,""priority"":""2"",""node"":""kwok-node-4""},{""name"":""rs-31-p2-s8vwr"",""cpu_m"":528,""mem_b"":796008094,""priority"":""2"",""node"":""kwok-node-28""},{""name"":""rs-32-p1-48979"",""cpu_m"":260,""mem_b"":592319350,""priority"":""1"",""node"":""kwok-node-12""},{""name"":""rs-32-p1-dh7lb"",""cpu_m"":260,""mem_b"":592319350,""priority"":""1"",""node"":""kwok-node-22""},{""name"":""rs-32-p1-dvfxj"",""cpu_m"":260,""mem_b"":592319350,""priority"":""1"",""node"":""kwok-node-22""},{""name"":""rs-33-p4-bnxp5"",""cpu_m"":752,""mem_b"":499667487,""priority"":""4"",""node"":""kwok-node-20""},{""name"":""rs-33-p4-nhbjt"",""cpu_m"":752,""mem_b"":499667487,""priority"":""4"",""node"":""kwok-node-21""},{""name"":""rs-34-p1-48gvc"",""cpu_m"":835,""mem_b"":369989723,""priority"":""1"",""node"":""""},{""name"":""rs-34-p1-b2n5c"",""cpu_m"":835,""mem_b"":369989723,""priority"":""1"",""node"":""""},{""name"":""rs-35-p3-vjm67"",""cpu_m"":863,""mem_b"":207065387,""priority"":""3"",""node"":""kwok-node-1""},{""name"":""rs-36-p1-4pprg"",""cpu_m"":499,""mem_b"":520462397,""priority"":""1"",""node"":""""},{""name"":""rs-36-p1-cmcdx"",""cpu_m"":499,""mem_b"":520462397,""priority"":""1"",""node"":""""},{""name"":""rs-36-p1-nbq2j"",""cpu_m"":499,""mem_b"":520462397,""priority"":""1"",""node"":""""},{""name"":""rs-37-p4-n6dbf"",""cpu_m"":220,""mem_b"":966553345,""priority"":""4"",""node"":""kwok-node-6""},{""name"":""rs-38-p3-f4fg4"",""cpu_m"":554,""mem_b"":226396918,""priority"":""3"",""node"":""kwok-node-26""},{""name"":""rs-39-p3-gwv7h"",""cpu_m"":243,""mem_b"":986143625,""priority"":""3"",""node"":""kwok-node-16""},{""name"":""rs-39-p3-rw5dj"",""cpu_m"":243,""mem_b"":986143625,""priority"":""3"",""node"":""kwok-node-18""},{""name"":""rs-40-p2-jlksn"",""cpu_m"":807,""mem_b"":291775628,""priority"":""2"",""node"":""kwok-node-2""},{""name"":""rs-41-p1-4xrlr"",""cpu_m"":776,""mem_b"":298305204,""priority"":""1"",""node"":""""},{""name"":""rs-42-p3-fwt24"",""cpu_m"":897,""mem_b"":276411202,""priority"":""3"",""node"":""kwok-node-19""},{""name"":""rs-42-p3-hl7wk"",""cpu_m"":897,""mem_b"":276411202,""priority"":""3"",""node"":""kwok-node-23""},{""name"":""rs-43-p2-fld6z"",""cpu_m"":429,""mem_b"":925560059,""priority"":""2"",""node"":""kwok-node-7""},{""name"":""rs-43-p2-m8qx8"",""cpu_m"":429,""mem_b"":925560059,""priority"":""2"",""node"":""kwok-node-17""},{""name"":""rs-44-p3-gtv42"",""cpu_m"":642,""mem_b"":864155060,""priority"":""3"",""node"":""kwok-node-9""},{""name"":""rs-45-p4-57qln"",""cpu_m"":217,""mem_b"":644400312,""priority"":""4"",""node"":""kwok-node-15""},{""name"":""rs-45-p4-g969j"",""cpu_m"":217,""mem_b"":644400312,""priority"":""4"",""node"":""kwok-node-31""},{""name"":""rs-45-p4-kdflx"",""cpu_m"":217,""mem_b"":644400312,""priority"":""4"",""node"":""kwok-node-11""},{""name"":""rs-45-p4-zzvxs"",""cpu_m"":217,""mem_b"":644400312,""priority"":""4"",""node"":""kwok-node-14""},{""name"":""rs-46-p2-779lj"",""cpu_m"":990,""mem_b"":175859605,""priority"":""2"",""node"":""kwok-node-31""},{""name"":""rs-47-p1-4xcvv"",""cpu_m"":181,""mem_b"":956890847,""priority"":""1"",""node"":""""},{""name"":""rs-47-p1-gwc24"",""cpu_m"":181,""mem_b"":956890847,""priority"":""1"",""node"":""""},{""name"":""rs-47-p1-svk5p"",""cpu_m"":181,""mem_b"":956890847,""priority"":""1"",""node"":""""},{""name"":""rs-48-p2-gx7g7"",""cpu_m"":385,""mem_b"":782609054,""priority"":""2"",""node"":""kwok-node-13""},{""name"":""rs-48-p2-j7655"",""cpu_m"":385,""mem_b"":782609054,""priority"":""2"",""node"":""kwok-node-15""},{""name"":""rs-48-p2-pv2mv"",""cpu_m"":385,""mem_b"":782609054,""priority"":""2"",""node"":""kwok-node-30""},{""name"":""rs-48-p2-sr22n"",""cpu_m"":385,""mem_b"":782609054,""priority"":""2"",""node"":""kwok-node-6""},{""name"":""rs-49-p3-b2827"",""cpu_m"":120,""mem_b"":963957834,""priority"":""3"",""node"":""kwok-node-31""},{""name"":""rs-50-p3-2bqvl"",""cpu_m"":762,""mem_b"":695045879,""priority"":""3"",""node"":""kwok-node-19""},{""name"":""rs-50-p3-4nsbw"",""cpu_m"":762,""mem_b"":695045879,""priority"":""3"",""node"":""kwok-node-16""},{""name"":""rs-50-p3-7z9pj"",""cpu_m"":762,""mem_b"":695045879,""priority"":""3"",""node"":""kwok-node-8""},{""name"":""rs-50-p3-vjxs8"",""cpu_m"":762,""mem_b"":695045879,""priority"":""3"",""node"":""kwok-node-27""},{""name"":""rs-51-p3-mvmmf"",""cpu_m"":834,""mem_b"":246610946,""priority"":""3"",""node"":""kwok-node-14""},{""name"":""rs-51-p3-rs6t9"",""cpu_m"":834,""mem_b"":246610946,""priority"":""3"",""node"":""kwok-node-12""},{""name"":""rs-52-p1-2prj8"",""cpu_m"":479,""mem_b"":376159414,""priority"":""1"",""node"":""kwok-node-21""},{""name"":""rs-52-p1-4p86l"",""cpu_m"":479,""mem_b"":376159414,""priority"":""1"",""node"":""kwok-node-28""},{""name"":""rs-52-p1-h9blc"",""cpu_m"":479,""mem_b"":376159414,""priority"":""1"",""node"":""kwok-node-29""},{""name"":""rs-53-p4-2wntx"",""cpu_m"":185,""mem_b"":307831989,""priority"":""4"",""node"":""kwok-node-30""},{""name"":""rs-53-p4-6djf8"",""cpu_m"":185,""mem_b"":307831989,""priority"":""4"",""node"":""kwok-node-13""},{""name"":""rs-53-p4-bs8bs"",""cpu_m"":185,""mem_b"":307831989,""priority"":""4"",""node"":""kwok-node-4""},{""name"":""rs-53-p4-v94d5"",""cpu_m"":185,""mem_b"":307831989,""priority"":""4"",""node"":""kwok-node-5""},{""name"":""rs-54-p3-fdtbq"",""cpu_m"":742,""mem_b"":171825287,""priority"":""3"",""node"":""kwok-node-32""},{""name"":""rs-54-p3-k4s66"",""cpu_m"":742,""mem_b"":171825287,""priority"":""3"",""node"":""kwok-node-6""},{""name"":""rs-55-p2-h4fxp"",""cpu_m"":494,""mem_b"":369676853,""priority"":""2"",""node"":""kwok-node-11""},{""name"":""rs-55-p2-nm4zs"",""cpu_m"":494,""mem_b"":369676853,""priority"":""2"",""node"":""kwok-node-11""},{""name"":""rs-55-p2-rq2kl"",""cpu_m"":494,""mem_b"":369676853,""priority"":""2"",""node"":""kwok-node-13""}]","[{""name"":""rs-01-p3-cxtpf"",""cpu_m"":976,""mem_b"":288088412,""priority"":""3"",""node"":""kwok-node-18""},{""name"":""rs-01-p3-jdnxn"",""cpu_m"":976,""mem_b"":288088412,""priority"":""3"",""node"":""kwok-node-17""},{""name"":""rs-02-p4-cg67m"",""cpu_m"":882,""mem_b"":568849164,""priority"":""4"",""node"":""kwok-node-2""},{""name"":""rs-02-p4-wv5ts"",""cpu_m"":882,""mem_b"":568849164,""priority"":""4"",""node"":""kwok-node-15""},{""name"":""rs-03-p4-h5vk5"",""cpu_m"":420,""mem_b"":621201119,""priority"":""4"",""node"":""kwok-node-14""},{""name"":""rs-04-p2-htnx4"",""cpu_m"":803,""mem_b"":620222247,""priority"":""2"",""node"":""kwok-node-1""},{""name"":""rs-05-p1-jzs6t"",""cpu_m"":685,""mem_b"":812588248,""priority"":""1"",""node"":""kwok-node-11""},{""name"":""rs-05-p1-l5rpm"",""cpu_m"":685,""mem_b"":812588248,""priority"":""1"",""node"":""kwok-node-16""},{""name"":""rs-06-p4-tgfm2"",""cpu_m"":454,""mem_b"":337001196,""priority"":""4"",""node"":""kwok-node-13""},{""name"":""rs-07-p1-s82mc"",""cpu_m"":886,""mem_b"":197993841,""priority"":""1"",""node"":""kwok-node-19""},{""name"":""rs-08-p3-7lszl"",""cpu_m"":595,""mem_b"":349452161,""priority"":""3"",""node"":""kwok-node-25""},{""name"":""rs-08-p3-dkhpq"",""cpu_m"":595,""mem_b"":349452161,""priority"":""3"",""node"":""kwok-node-27""},{""name"":""rs-08-p3-w66m5"",""cpu_m"":595,""mem_b"":349452161,""priority"":""3"",""node"":""kwok-node-10""},{""name"":""rs-08-p3-wrlfw"",""cpu_m"":595,""mem_b"":349452161,""priority"":""3"",""node"":""kwok-node-24""},{""name"":""rs-09-p2-94fn9"",""cpu_m"":692,""mem_b"":294323663,""priority"":""2"",""node"":""kwok-node-23""},{""name"":""rs-09-p2-qxlc6"",""cpu_m"":692,""mem_b"":294323663,""priority"":""2"",""node"":""kwok-node-20""},{""name"":""rs-09-p2-z4gtf"",""cpu_m"":692,""mem_b"":294323663,""priority"":""2"",""node"":""kwok-node-12""},{""name"":""rs-10-p1-2jjzr"",""cpu_m"":123,""mem_b"":944105145,""priority"":""1"",""node"":""kwok-node-26""},{""name"":""rs-10-p1-mpdsp"",""cpu_m"":123,""mem_b"":944105145,""priority"":""1"",""node"":""kwok-node-21""},{""name"":""rs-10-p1-pxvfh"",""cpu_m"":123,""mem_b"":944105145,""priority"":""1"",""node"":""kwok-node-22""},{""name"":""rs-11-p3-4z5l2"",""cpu_m"":388,""mem_b"":630514483,""priority"":""3"",""node"":""kwok-node-29""},{""name"":""rs-11-p3-njrls"",""cpu_m"":388,""mem_b"":630514483,""priority"":""3"",""node"":""kwok-node-3""},{""name"":""rs-11-p3-qj8jz"",""cpu_m"":388,""mem_b"":630514483,""priority"":""3"",""node"":""kwok-node-28""},{""name"":""rs-12-p3-ppzrn"",""cpu_m"":582,""mem_b"":352053059,""priority"":""3"",""node"":""kwok-node-31""},{""name"":""rs-12-p3-xfnmn"",""cpu_m"":582,""mem_b"":352053059,""priority"":""3"",""node"":""kwok-node-30""},{""name"":""rs-13-p2-bf8n7"",""cpu_m"":977,""mem_b"":867411639,""priority"":""2"",""node"":""kwok-node-4""},{""name"":""rs-13-p2-sdlmq"",""cpu_m"":977,""mem_b"":867411639,""priority"":""2"",""node"":""kwok-node-5""},{""name"":""rs-13-p2-tj4dj"",""cpu_m"":977,""mem_b"":867411639,""priority"":""2"",""node"":""kwok-node-32""},{""name"":""rs-14-p1-75t4x"",""cpu_m"":562,""mem_b"":227724839,""priority"":""1"",""node"":""kwok-node-6""},{""name"":""rs-14-p1-w2v2t"",""cpu_m"":562,""mem_b"":227724839,""priority"":""1"",""node"":""kwok-node-28""},{""name"":""rs-15-p1-mn7ps"",""cpu_m"":199,""mem_b"":507618585,""priority"":""1"",""node"":""kwok-node-13""},{""name"":""rs-15-p1-nt2bd"",""cpu_m"":199,""mem_b"":507618585,""priority"":""1"",""node"":""kwok-node-30""},{""name"":""rs-15-p1-sshvw"",""cpu_m"":199,""mem_b"":507618585,""priority"":""1"",""node"":""kwok-node-31""},{""name"":""rs-15-p1-v8cwg"",""cpu_m"":199,""mem_b"":507618585,""priority"":""1"",""node"":""kwok-node-6""},{""name"":""rs-16-p3-d4nlv"",""cpu_m"":428,""mem_b"":705267220,""priority"":""3"",""node"":""kwok-node-8""},{""name"":""rs-16-p3-gcrqw"",""cpu_m"":428,""mem_b"":705267220,""priority"":""3"",""node"":""kwok-node-7""},{""name"":""rs-16-p3-p4rs9"",""cpu_m"":428,""mem_b"":705267220,""priority"":""3"",""node"":""kwok-node-9""},{""name"":""rs-17-p3-bfrc7"",""cpu_m"":350,""mem_b"":742612219,""priority"":""3"",""node"":""kwok-node-10""},{""name"":""rs-17-p3-c5zsv"",""cpu_m"":350,""mem_b"":742612219,""priority"":""3"",""node"":""kwok-node-27""},{""name"":""rs-17-p3-ph7nx"",""cpu_m"":350,""mem_b"":742612219,""priority"":""3"",""node"":""kwok-node-25""},{""name"":""rs-17-p3-xsqfl"",""cpu_m"":350,""mem_b"":742612219,""priority"":""3"",""node"":""kwok-node-24""},{""name"":""rs-18-p2-2sc6c"",""cpu_m"":232,""mem_b"":978247836,""priority"":""2"",""node"":""kwok-node-12""},{""name"":""rs-18-p2-cq98x"",""cpu_m"":232,""mem_b"":978247836,""priority"":""2"",""node"":""kwok-node-23""},{""name"":""rs-18-p2-q68pg"",""cpu_m"":232,""mem_b"":978247836,""priority"":""2"",""node"":""kwok-node-20""},{""name"":""rs-18-p2-xhqrb"",""cpu_m"":232,""mem_b"":978247836,""priority"":""2"",""node"":""kwok-node-19""},{""name"":""rs-19-p3-9xnkq"",""cpu_m"":547,""mem_b"":342358613,""priority"":""3"",""node"":""kwok-node-3""},{""name"":""rs-19-p3-m2tdk"",""cpu_m"":547,""mem_b"":342358613,""priority"":""3"",""node"":""kwok-node-14""},{""name"":""rs-19-p3-n48zb"",""cpu_m"":547,""mem_b"":342358613,""priority"":""3"",""node"":""kwok-node-29""},{""name"":""rs-20-p2-bldbs"",""cpu_m"":744,""mem_b"":588163089,""priority"":""2"",""node"":""kwok-node-9""},{""name"":""rs-20-p2-dm8mt"",""cpu_m"":744,""mem_b"":588163089,""priority"":""2"",""node"":""kwok-node-7""},{""name"":""rs-20-p2-vvd5x"",""cpu_m"":744,""mem_b"":588163089,""priority"":""2"",""node"":""kwok-node-8""},{""name"":""rs-21-p4-d6kz2"",""cpu_m"":990,""mem_b"":701545998,""priority"":""4"",""node"":""kwok-node-26""},{""name"":""rs-22-p4-kvfp5"",""cpu_m"":187,""mem_b"":964311853,""priority"":""4"",""node"":""kwok-node-18""},{""name"":""rs-23-p4-c2gcw"",""cpu_m"":466,""mem_b"":344629206,""priority"":""4"",""node"":""kwok-node-13""},{""name"":""rs-24-p2-g8jqg"",""cpu_m"":630,""mem_b"":697692724,""priority"":""2"",""node"":""kwok-node-11""},{""name"":""rs-25-p3-75rbf"",""cpu_m"":671,""mem_b"":290500843,""priority"":""3"",""node"":""kwok-node-21""},{""name"":""rs-25-p3-dh5z4"",""cpu_m"":671,""mem_b"":290500843,""priority"":""3"",""node"":""kwok-node-22""},{""name"":""rs-25-p3-pffp2"",""cpu_m"":671,""mem_b"":290500843,""priority"":""3"",""node"":""kwok-node-6""},{""name"":""rs-25-p3-rfmh5"",""cpu_m"":671,""mem_b"":290500843,""priority"":""3"",""node"":""kwok-node-16""},{""name"":""rs-26-p1-jxpgj"",""cpu_m"":239,""mem_b"":611129509,""priority"":""1"",""node"":""kwok-node-1""},{""name"":""rs-27-p1-nrvjc"",""cpu_m"":814,""mem_b"":716687387,""priority"":""1"",""node"":""kwok-node-15""},{""name"":""rs-27-p1-p2rlv"",""cpu_m"":814,""mem_b"":716687387,""priority"":""1"",""node"":""kwok-node-30""},{""name"":""rs-27-p1-vkrfs"",""cpu_m"":814,""mem_b"":716687387,""priority"":""1"",""node"":""kwok-node-31""},{""name"":""rs-28-p4-g6gr9"",""cpu_m"":307,""mem_b"":994304015,""priority"":""4"",""node"":""kwok-node-2""},{""name"":""rs-28-p4-r222r"",""cpu_m"":307,""mem_b"":994304015,""priority"":""4"",""node"":""kwok-node-17""},{""name"":""rs-28-p4-vzn89"",""cpu_m"":307,""mem_b"":994304015,""priority"":""4"",""node"":""kwok-node-32""},{""name"":""rs-29-p4-59vjk"",""cpu_m"":842,""mem_b"":739335723,""priority"":""4"",""node"":""kwok-node-24""},{""name"":""rs-29-p4-5h2cq"",""cpu_m"":842,""mem_b"":739335723,""priority"":""4"",""node"":""kwok-node-22""},{""name"":""rs-29-p4-svfw8"",""cpu_m"":842,""mem_b"":739335723,""priority"":""4"",""node"":""kwok-node-10""},{""name"":""rs-29-p4-ttcpp"",""cpu_m"":842,""mem_b"":739335723,""priority"":""4"",""node"":""kwok-node-25""},{""name"":""rs-30-p4-fjdc2"",""cpu_m"":759,""mem_b"":854700806,""priority"":""4"",""node"":""kwok-node-3""},{""name"":""rs-31-p2-g6fht"",""cpu_m"":528,""mem_b"":796008094,""priority"":""2"",""node"":""kwok-node-5""},{""name"":""rs-31-p2-lgnw6"",""cpu_m"":528,""mem_b"":796008094,""priority"":""2"",""node"":""kwok-node-29""},{""name"":""rs-31-p2-mlfl4"",""cpu_m"":528,""mem_b"":796008094,""priority"":""2"",""node"":""kwok-node-4""},{""name"":""rs-31-p2-s8vwr"",""cpu_m"":528,""mem_b"":796008094,""priority"":""2"",""node"":""kwok-node-28""},{""name"":""rs-32-p1-bhmpz"",""cpu_m"":260,""mem_b"":592319350,""priority"":""1"",""node"":""kwok-node-14""},{""name"":""rs-32-p1-m4d7n"",""cpu_m"":260,""mem_b"":592319350,""priority"":""1"",""node"":""kwok-node-27""},{""name"":""rs-32-p1-q8v6z"",""cpu_m"":260,""mem_b"":592319350,""priority"":""1"",""node"":""kwok-node-16""},{""name"":""rs-33-p4-bnxp5"",""cpu_m"":752,""mem_b"":499667487,""priority"":""4"",""node"":""kwok-node-20""},{""name"":""rs-33-p4-nhbjt"",""cpu_m"":752,""mem_b"":499667487,""priority"":""4"",""node"":""kwok-node-21""},{""name"":""rs-34-p1-rwjvj"",""cpu_m"":835,""mem_b"":369989723,""priority"":""1"",""node"":""kwok-node-12""},{""name"":""rs-34-p1-xcqgh"",""cpu_m"":835,""mem_b"":369989723,""priority"":""1"",""node"":""kwok-node-23""},{""name"":""rs-35-p3-vjm67"",""cpu_m"":863,""mem_b"":207065387,""priority"":""3"",""node"":""kwok-node-1""},{""name"":""rs-36-p1-7xn2g"",""cpu_m"":499,""mem_b"":520462397,""priority"":""1"",""node"":""kwok-node-19""},{""name"":""rs-36-p1-n7nwk"",""cpu_m"":499,""mem_b"":520462397,""priority"":""1"",""node"":""kwok-node-8""},{""name"":""rs-36-p1-v6kmr"",""cpu_m"":499,""mem_b"":520462397,""priority"":""1"",""node"":""kwok-node-13""},{""name"":""rs-37-p4-n6dbf"",""cpu_m"":220,""mem_b"":966553345,""priority"":""4"",""node"":""kwok-node-6""},{""name"":""rs-38-p3-f4fg4"",""cpu_m"":554,""mem_b"":226396918,""priority"":""3"",""node"":""kwok-node-26""},{""name"":""rs-39-p3-gwv7h"",""cpu_m"":243,""mem_b"":986143625,""priority"":""3"",""node"":""""},{""name"":""rs-39-p3-rw5dj"",""cpu_m"":243,""mem_b"":986143625,""priority"":""3"",""node"":""kwok-node-18""},{""name"":""rs-40-p2-jlksn"",""cpu_m"":807,""mem_b"":291775628,""priority"":""2"",""node"":""kwok-node-2""},{""name"":""rs-41-p1-9br5h"",""cpu_m"":776,""mem_b"":298305204,""priority"":""1"",""node"":""kwok-node-9""},{""name"":""rs-42-p3-fwt24"",""cpu_m"":897,""mem_b"":276411202,""priority"":""3"",""node"":""""},{""name"":""rs-42-p3-hl7wk"",""cpu_m"":897,""mem_b"":276411202,""priority"":""3"",""node"":""""},{""name"":""rs-43-p2-fld6z"",""cpu_m"":429,""mem_b"":925560059,""priority"":""2"",""node"":""kwok-node-7""},{""name"":""rs-43-p2-m8qx8"",""cpu_m"":429,""mem_b"":925560059,""priority"":""2"",""node"":""kwok-node-17""},{""name"":""rs-44-p3-gtv42"",""cpu_m"":642,""mem_b"":864155060,""priority"":""3"",""node"":""""},{""name"":""rs-45-p4-57qln"",""cpu_m"":217,""mem_b"":644400312,""priority"":""4"",""node"":""kwok-node-15""},{""name"":""rs-45-p4-g969j"",""cpu_m"":217,""mem_b"":644400312,""priority"":""4"",""node"":""kwok-node-31""},{""name"":""rs-45-p4-kdflx"",""cpu_m"":217,""mem_b"":644400312,""priority"":""4"",""node"":""kwok-node-11""},{""name"":""rs-45-p4-zzvxs"",""cpu_m"":217,""mem_b"":644400312,""priority"":""4"",""node"":""kwok-node-14""},{""name"":""rs-46-p2-779lj"",""cpu_m"":990,""mem_b"":175859605,""priority"":""2"",""node"":""""},{""name"":""rs-47-p1-4xcvv"",""cpu_m"":181,""mem_b"":956890847,""priority"":""1"",""node"":""""},{""name"":""rs-47-p1-gwc24"",""cpu_m"":181,""mem_b"":956890847,""priority"":""1"",""node"":""""},{""name"":""rs-47-p1-svk5p"",""cpu_m"":181,""mem_b"":956890847,""priority"":""1"",""node"":""""},{""name"":""rs-48-p2-gx7g7"",""cpu_m"":385,""mem_b"":782609054,""priority"":""2"",""node"":""""},{""name"":""rs-48-p2-j7655"",""cpu_m"":385,""mem_b"":782609054,""priority"":""2"",""node"":""""},{""name"":""rs-48-p2-pv2mv"",""cpu_m"":385,""mem_b"":782609054,""priority"":""2"",""node"":""""},{""name"":""rs-48-p2-sr22n"",""cpu_m"":385,""mem_b"":782609054,""priority"":""2"",""node"":""""},{""name"":""rs-49-p3-b2827"",""cpu_m"":120,""mem_b"":963957834,""priority"":""3"",""node"":""""},{""name"":""rs-50-p3-2bqvl"",""cpu_m"":762,""mem_b"":695045879,""priority"":""3"",""node"":""""},{""name"":""rs-50-p3-4nsbw"",""cpu_m"":762,""mem_b"":695045879,""priority"":""3"",""node"":""""},{""name"":""rs-50-p3-7z9pj"",""cpu_m"":762,""mem_b"":695045879,""priority"":""3"",""node"":""""},{""name"":""rs-50-p3-vjxs8"",""cpu_m"":762,""mem_b"":695045879,""priority"":""3"",""node"":""""},{""name"":""rs-51-p3-mvmmf"",""cpu_m"":834,""mem_b"":246610946,""priority"":""3"",""node"":""""},{""name"":""rs-51-p3-rs6t9"",""cpu_m"":834,""mem_b"":246610946,""priority"":""3"",""node"":""""},{""name"":""rs-52-p1-4p86l"",""cpu_m"":479,""mem_b"":376159414,""priority"":""1"",""node"":""kwok-node-28""},{""name"":""rs-52-p1-6h2h6"",""cpu_m"":479,""mem_b"":376159414,""priority"":""1"",""node"":""kwok-node-27""},{""name"":""rs-52-p1-h9blc"",""cpu_m"":479,""mem_b"":376159414,""priority"":""1"",""node"":""kwok-node-29""},{""name"":""rs-53-p4-2wntx"",""cpu_m"":185,""mem_b"":307831989,""priority"":""4"",""node"":""kwok-node-30""},{""name"":""rs-53-p4-6djf8"",""cpu_m"":185,""mem_b"":307831989,""priority"":""4"",""node"":""kwok-node-13""},{""name"":""rs-53-p4-bs8bs"",""cpu_m"":185,""mem_b"":307831989,""priority"":""4"",""node"":""kwok-node-4""},{""name"":""rs-53-p4-v94d5"",""cpu_m"":185,""mem_b"":307831989,""priority"":""4"",""node"":""kwok-node-5""},{""name"":""rs-54-p3-fdtbq"",""cpu_m"":742,""mem_b"":171825287,""priority"":""3"",""node"":""kwok-node-32""},{""name"":""rs-54-p3-k4s66"",""cpu_m"":742,""mem_b"":171825287,""priority"":""3"",""node"":""""},{""name"":""rs-55-p2-h4fxp"",""cpu_m"":494,""mem_b"":369676853,""priority"":""2"",""node"":""""},{""name"":""rs-55-p2-nm4zs"",""cpu_m"":494,""mem_b"":369676853,""priority"":""2"",""node"":""""},{""name"":""rs-55-p2-rq2kl"",""cpu_m"":494,""mem_b"":369676853,""priority"":""2"",""node"":""""}]","[{""name"":""kwok-node-1"",""cap_cpu_m"":2033,""cap_mem_bytes"":2244824545},{""name"":""kwok-node-2"",""cap_cpu_m"":2033,""cap_mem_bytes"":2244824545},{""name"":""kwok-node-3"",""cap_cpu_m"":2033,""cap_mem_bytes"":2244824545},{""name"":""kwok-node-4"",""cap_cpu_m"":2033,""cap_mem_bytes"":2244824545},{""name"":""kwok-node-5"",""cap_cpu_m"":2033,""cap_mem_bytes"":2244824545},{""name"":""kwok-node-6"",""cap_cpu_m"":2033,""cap_mem_bytes"":2244824545},{""name"":""kwok-node-7"",""cap_cpu_m"":2033,""cap_mem_bytes"":2244824545},{""name"":""kwok-node-8"",""cap_cpu_m"":2033,""cap_mem_bytes"":2244824545},{""name"":""kwok-node-9"",""cap_cpu_m"":2033,""cap_mem_bytes"":2244824545},{""name"":""kwok-node-10"",""cap_cpu_m"":2033,""cap_mem_bytes"":2244824545},{""name"":""kwok-node-11"",""cap_cpu_m"":2033,""cap_mem_bytes"":2244824545},{""name"":""kwok-node-12"",""cap_cpu_m"":2033,""cap_mem_bytes"":2244824545},{""name"":""kwok-node-13"",""cap_cpu_m"":2033,""cap_mem_bytes"":2244824545},{""name"":""kwok-node-14"",""cap_cpu_m"":2033,""cap_mem_bytes"":2244824545},{""name"":""kwok-node-15"",""cap_cpu_m"":2033,""cap_mem_bytes"":2244824545},{""name"":""kwok-node-16"",""cap_cpu_m"":2033,""cap_mem_bytes"":2244824545},{""name"":""kwok-node-17"",""cap_cpu_m"":2033,""cap_mem_bytes"":2244824545},{""name"":""kwok-node-18"",""cap_cpu_m"":2033,""cap_mem_bytes"":2244824545},{""name"":""kwok-node-19"",""cap_cpu_m"":2033,""cap_mem_bytes"":2244824545},{""name"":""kwok-node-20"",""cap_cpu_m"":2033,""cap_mem_bytes"":2244824545},{""name"":""kwok-node-21"",""cap_cpu_m"":2033,""cap_mem_bytes"":2244824545},{""name"":""kwok-node-22"",""cap_cpu_m"":2033,""cap_mem_bytes"":2244824545},{""name"":""kwok-node-23"",""cap_cpu_m"":2033,""cap_mem_bytes"":2244824545},{""name"":""kwok-node-24"",""cap_cpu_m"":2033,""cap_mem_bytes"":2244824545},{""name"":""kwok-node-25"",""cap_cpu_m"":2033,""cap_mem_bytes"":2244824545},{""name"":""kwok-node-26"",""cap_cpu_m"":2033,""cap_mem_bytes"":2244824545},{""name"":""kwok-node-27"",""cap_cpu_m"":2033,""cap_mem_bytes"":2244824545},{""name"":""kwok-node-28"",""cap_cpu_m"":2033,""cap_mem_bytes"":2244824545},{""name"":""kwok-node-29"",""cap_cpu_m"":2033,""cap_mem_bytes"":2244824545},{""name"":""kwok-node-30"",""cap_cpu_m"":2033,""cap_mem_bytes"":2244824545},{""name"":""kwok-node-31"",""cap_cpu_m"":2033,""cap_mem_bytes"":2244824545},{""name"":""kwok-node-32"",""cap_cpu_m"":2033,""cap_mem_bytes"":2244824545}]"
2026/02/11/11:23:39,3132326258768729143,,"{""evicted"":0,""moved"":0,""placed_by_priority"":{""1"":29,""2"":24,""3"":21,""4"":34}}",python,"{""evicted"":4,""moved"":13,""placed_by_priority"":{""1"":29,""2"":25,""3"":23,""4"":40}}",1007,FEASIBLE,"[{""duration_ms"":1007,""name"":""python"",""score"":{""evicted"":4,""moved"":13,""placed_by_priority"":{""1"":29,""2"":25,""3"":23,""4"":40}},""status"":""FEASIBLE""}]",0.938,0.858,0.925,0.839,67233,61496,60959522323,55319820093,117,108,11,20,"{""kwok-node-1"":4,""kwok-node-10"":3,""kwok-node-11"":4,""kwok-node-12"":3,""kwok-node-13"":4,""kwok-node-14"":4,""kwok-node-15"":4,""kwok-node-16"":4,""kwok-node-17"":3,""kwok-node-18"":4,""kwok-node-19"":4,""kwok-node-2"":3,""kwok-node-20"":3,""kwok-node-21"":3,""kwok-node-22"":3,""kwok-node-23"":3,""kwok-node-24"":5,""kwok-node-25"":4,""kwok-node-26"":3,""kwok-node-27"":4,""kwok-node-28"":3,""kwok-node-29"":4,""kwok-node-3"":5,""kwok-node-30"":3,""kwok-node-31"":3,""kwok-node-32"":4,""kwok-node-4"":4,""kwok-node-5"":3,""kwok-node-6"":4,""kwok-node-7"":4,""kwok-node-8"":4,""kwok-node-9"":4}","{""kwok-node-1"":4,""kwok-node-10"":3,""kwok-node-11"":4,""kwok-node-12"":3,""kwok-node-13"":4,""kwok-node-14"":3,""kwok-node-15"":4,""kwok-node-16"":3,""kwok-node-17"":3,""kwok-node-18"":3,""kwok-node-19"":3,""kwok-node-2"":3,""kwok-node-20"":3,""kwok-node-21"":3,""kwok-node-22"":3,""kwok-node-23"":3,""kwok-node-24"":5,""kwok-node-25"":5,""kwok-node-26"":3,""kwok-node-27"":4,""kwok-node-28"":3,""kwok-node-29"":3,""kwok-node-3"":4,""kwok-node-30"":3,""kwok-node-31"":3,""kwok-node-32"":3,""kwok-node-4"":3,""kwok-node-5"":3,""kwok-node-6"":4,""kwok-node-7"":3,""kwok-node-8"":4,""kwok-node-9"":3}","{""p1"":29,""p2"":25,""p3"":23,""p4"":40}","{""p1"":29,""p2"":24,""p3"":21,""p4"":34}","{""p1"":11}","{""p1"":11,""p2"":1,""p3"":2,""p4"":6}","{rs-05-p1-grznt,rs-12-p1-9l78p,rs-12-p1-wdtw5,rs-17-p1-w7wmw,rs-45-p1-vjx8c,rs-51-p1-2nw4d,rs-51-p1-lcm89,rs-51-p1-swjvs,rs-58-p1-fpzq8,rs-58-p1-rrsqw,rs-60-p1-bq48k}","{rs-45-p1-vjx8c,rs-48-p4-pds2p,rs-49-p1-r4wdj,rs-50-p4-64f7p,rs-50-p4-fqtb8,rs-50-p4-ljwvp,rs-50-p4-n4wsg,rs-51-p1-2nw4d,rs-51-p1-lcm89,rs-51-p1-swjvs,rs-52-p3-qr8xd,rs-53-p3-55wgm,rs-55-p2-m77q2,rs-56-p4-g9j4p,rs-57-p1-dpcvt,rs-57-p1-l55sn,rs-57-p1-t6d2c,rs-58-p1-fpzq8,rs-58-p1-rrsqw,rs-60-p1-bq48k}","{rs-01-p2-qldmz,rs-02-p4-rlk9d,rs-02-p4-sbx8d,rs-02-p4-zbrl2,rs-03-p3-9gtg4,rs-03-p3-g542v,rs-03-p3-kh2nt,rs-03-p3-sskcw,rs-04-p3-722xj,rs-04-p3-98xfz,rs-05-p1-llhl2,rs-06-p3-hk2xk,rs-07-p1-n6xnj,rs-07-p1-sspt8,rs-08-p4-zggsp,rs-09-p4-29v4f,rs-09-p4-46p9p,rs-09-p4-g49c5,rs-09-p4-hvdgt,rs-10-p2-2sm84,rs-10-p2-ldq9v,rs-10-p2-ww69h,rs-11-p3-l225f,rs-12-p1-2r5zw,rs-12-p1-ccwlq,rs-13-p4-5s9mv,rs-13-p4-jb2jf,rs-13-p4-r4r2p,rs-13-p4-sfgbs,rs-14-p3-27ks8,rs-14-p3-c4pk8,rs-14-p3-dj6g6,rs-14-p3-w4gpl,rs-15-p3-nprjk,rs-15-p3-tfbvf,rs-15-p3-wj7zq,rs-16-p1-bmlh7,rs-16-p1-f4b8j,rs-16-p1-v4l7k,rs-17-p1-fnv5j,rs-18-p4-p4rcj,rs-19-p3-wtlfm,rs-20-p4-c8cll,rs-21-p1-qwd2s,rs-22-p4-62htd,rs-22-p4-n5htl,rs-22-p4-nhn2t,rs-22-p4-vqcx7,rs-23-p4-kqhgr,rs-23-p4-z5gms,rs-24-p2-mrt4h,rs-25-p1-df748,rs-25-p1-xtr2b,rs-26-p2-k74gs,rs-27-p3-b9gdr,rs-28-p2-6ftmd,rs-28-p2-d7sv4,rs-29-p2-bxhnh,rs-29-p2-hkh47,rs-30-p3-ltkvb,rs-31-p4-f6lzs,rs-31-p4-r26xf,rs-32-p2-ldcs4,rs-33-p3-5b4vk,rs-34-p4-cd69h,rs-34-p4-dgf8z,rs-34-p4-jmwfd,rs-34-p4-rtw7z,rs-35-p4-2t4qx,rs-35-p4-4hp7x,rs-35-p4-j2jqv,rs-36-p2-89rnb,rs-36-p2-9m24l,rs-36-p2-j8p2p,rs-37-p2-qtcfd,rs-37-p2-rqlm6,rs-38-p1-2gtzp,rs-38-p1-tr9bq,rs-38-p1-xpc9j,rs-39-p2-25bzm,rs-39-p2-cgqgg,rs-39-p2-glnjt,rs-39-p2-s7md7,rs-40-p2-fx6vv,rs-40-p2-wxrht,rs-41-p4-ggn6j,rs-42-p1-6c9zf,rs-42-p1-bh29b,rs-43-p2-jcfpd,rs-43-p2-xrtd9,rs-44-p1-rtz9z,rs-46-p4-td5m4,rs-47-p1-zjh9b,rs-48-p4-fzljt,rs-48-p4-lnxbk,rs-48-p4-pds2p,rs-48-p4-w6mrq,rs-49-p1-n9scv,rs-49-p1-r4wdj,rs-49-p1-s9cn7,rs-50-p4-64f7p,rs-50-p4-fqtb8,rs-50-p4-ljwvp,rs-50-p4-n4wsg,rs-52-p3-qr8xd,rs-53-p3-55wgm,rs-53-p3-frwsl,rs-54-p1-qzvfc,rs-54-p1-rmf6d,rs-54-p1-sx678,rs-54-p1-t8cnv,rs-55-p2-m77q2,rs-56-p4-g9j4p,rs-57-p1-dpcvt,rs-57-p1-l55sn,rs-57-p1-t6d2c,rs-59-p3-85g6h}","{rs-01-p2-qldmz,rs-02-p4-rlk9d,rs-02-p4-sbx8d,rs-02-p4-zbrl2,rs-03-p3-9gtg4,rs-03-p3-g542v,rs-03-p3-kh2nt,rs-03-p3-sskcw,rs-04-p3-722xj,rs-04-p3-98xfz,rs-05-p1-dcfvb,rs-05-p1-llhl2,rs-06-p3-hk2xk,rs-07-p1-rntrl,rs-07-p1-zp52r,rs-08-p4-zggsp,rs-09-p4-29v4f,rs-09-p4-46p9p,rs-09-p4-g49c5,rs-09-p4-hvdgt,rs-10-p2-2sm84,rs-10-p2-ldq9v,rs-10-p2-ww69h,rs-11-p3-l225f,rs-12-p1-8sdq4,rs-12-p1-ccwlq,rs-12-p1-gh846,rs-12-p1-q8f6k,rs-13-p4-5s9mv,rs-13-p4-jb2jf,rs-13-p4-r4r2p,rs-13-p4-sfgbs,rs-14-p3-27ks8,rs-14-p3-c4pk8,rs-14-p3-dj6g6,rs-14-p3-w4gpl,rs-15-p3-nprjk,rs-15-p3-tfbvf,rs-15-p3-wj7zq,rs-16-p1-f4b8j,rs-16-p1-v4l7k,rs-16-p1-xrclm,rs-17-p1-fnv5j,rs-17-p1-fnwv6,rs-18-p4-p4rcj,rs-19-p3-wtlfm,rs-20-p4-c8cll,rs-21-p1-qwd2s,rs-22-p4-62htd,rs-22-p4-n5htl,rs-22-p4-nhn2t,rs-22-p4-vqcx7,rs-23-p4-kqhgr,rs-23-p4-z5gms,rs-24-p2-mrt4h,rs-25-p1-hx678,rs-25-p1-trmq9,rs-26-p2-k74gs,rs-27-p3-b9gdr,rs-28-p2-6ftmd,rs-28-p2-d7sv4,rs-29-p2-bxhnh,rs-29-p2-hkh47,rs-30-p3-ltkvb,rs-31-p4-f6lzs,rs-31-p4-r26xf,rs-32-p2-ldcs4,rs-33-p3-5b4vk,rs-34-p4-cd69h,rs-34-p4-dgf8z,rs-34-p4-jmwfd,rs-34-p4-rtw7z,rs-35-p4-2t4qx,rs-35-p4-4hp7x,rs-35-p4-j2jqv,rs-36-p2-89rnb,rs-36-p2-9m24l,rs-36-p2-j8p2p,rs-37-p2-qtcfd,rs-37-p2-rqlm6,rs-38-p1-mf7q2,rs-38-p1-tx9hm,rs-38-p1-xpc9j,rs-39-p2-25bzm,rs-39-p2-cgqgg,rs-39-p2-glnjt,rs-39-p2-s7md7,rs-40-p2-fx6vv,rs-40-p2-wxrht,rs-41-p4-ggn6j,rs-42-p1-bh29b,rs-42-p1-vmvfg,rs-43-p2-jcfpd,rs-43-p2-xrtd9,rs-44-p1-rtz9z,rs-46-p4-td5m4,rs-47-p1-zjh9b,rs-48-p4-fzljt,rs-48-p4-lnxbk,rs-48-p4-w6mrq,rs-49-p1-n9scv,rs-49-p1-xqp2s,rs-53-p3-frwsl,rs-54-p1-6c228,rs-54-p1-6zfts,rs-54-p1-7jwkj,rs-54-p1-qzvfc,rs-59-p3-85g6h}","[{""name"":""rs-01-p2-qldmz"",""cpu_m"":641,""mem_b"":651895269,""priority"":""2"",""node"":""kwok-node-10""},{""name"":""rs-02-p4-rlk9d"",""cpu_m"":289,""mem_b"":400112277,""priority"":""4"",""node"":""kwok-node-11""},{""name"":""rs-02-p4-sbx8d"",""cpu_m"":289,""mem_b"":400112277,""priority"":""4"",""node"":""kwok-node-13""},{""name"":""rs-02-p4-zbrl2"",""cpu_m"":289,""mem_b"":400112277,""priority"":""4"",""node"":""kwok-node-14""},{""name"":""rs-03-p3-9gtg4"",""cpu_m"":458,""mem_b"":909058599,""priority"":""3"",""node"":""kwok-node-21""},{""name"":""rs-03-p3-g542v"",""cpu_m"":458,""mem_b"":909058599,""priority"":""3"",""node"":""kwok-node-15""},{""name"":""rs-03-p3-kh2nt"",""cpu_m"":458,""mem_b"":909058599,""priority"":""3"",""node"":""kwok-node-18""},{""name"":""rs-03-p3-sskcw"",""cpu_m"":458,""mem_b"":909058599,""priority"":""3"",""node"":""kwok-node-1""},{""name"":""rs-04-p3-722xj"",""cpu_m"":954,""mem_b"":817051303,""priority"":""3"",""node"":""kwok-node-22""},{""name"":""rs-04-p3-98xfz"",""cpu_m"":954,""mem_b"":817051303,""priority"":""3"",""node"":""kwok-node-12""},{""name"":""rs-05-p1-grznt"",""cpu_m"":906,""mem_b"":919473685,""priority"":""1"",""node"":""""},{""name"":""rs-05-p1-llhl2"",""cpu_m"":906,""mem_b"":919473685,""priority"":""1"",""node"":""kwok-node-20""},{""name"":""rs-06-p3-hk2xk"",""cpu_m"":221,""mem_b"":851021505,""priority"":""3"",""node"":""kwok-node-19""},{""name"":""rs-07-p1-n6xnj"",""cpu_m"":547,""mem_b"":367821618,""priority"":""1"",""node"":""kwok-node-3""},{""name"":""rs-07-p1-sspt8"",""cpu_m"":547,""mem_b"":367821618,""priority"":""1"",""node"":""kwok-node-19""},{""name"":""rs-08-p4-zggsp"",""cpu_m"":969,""mem_b"":965742879,""priority"":""4"",""node"":""kwok-node-26""},{""name"":""rs-09-p4-29v4f"",""cpu_m"":240,""mem_b"":306293483,""priority"":""4"",""node"":""kwok-node-27""},{""name"":""rs-09-p4-46p9p"",""cpu_m"":240,""mem_b"":306293483,""priority"":""4"",""node"":""kwok-node-3""},{""name"":""rs-09-p4-g49c5"",""cpu_m"":240,""mem_b"":306293483,""priority"":""4"",""node"":""kwok-node-24""},{""name"":""rs-09-p4-hvdgt"",""cpu_m"":240,""mem_b"":306293483,""priority"":""4"",""node"":""kwok-node-25""},{""name"":""rs-10-p2-2sm84"",""cpu_m"":883,""mem_b"":178305304,""priority"":""2"",""node"":""kwok-node-28""},{""name"":""rs-10-p2-ldq9v"",""cpu_m"":883,""mem_b"":178305304,""priority"":""2"",""node"":""kwok-node-29""},{""name"":""rs-10-p2-ww69h"",""cpu_m"":883,""mem_b"":178305304,""priority"":""2"",""node"":""kwok-node-2""},{""name"":""rs-11-p3-l225f"",""cpu_m"":856,""mem_b"":722526056,""priority"":""3"",""node"":""kwok-node-30""},{""name"":""rs-12-p1-2r5zw"",""cpu_m"":389,""mem_b"":852074662,""priority"":""1"",""node"":""kwok-node-16""},{""name"":""rs-12-p1-9l78p"",""cpu_m"":389,""mem_b"":852074662,""priority"":""1"",""node"":""""},{""name"":""rs-12-p1-ccwlq"",""cpu_m"":389,""mem_b"":852074662,""priority"":""1"",""node"":""kwok-node-32""},{""name"":""rs-12-p1-wdtw5"",""cpu_m"":389,""mem_b"":852074662,""priority"":""1"",""node"":""""},{""name"":""rs-13-p4-5s9mv"",""cpu_m"":550,""mem_b"":741933766,""priority"":""4"",""node"":""kwok-node-7""},{""name"":""rs-13-p4-jb2jf"",""cpu_m"":550,""mem_b"":741933766,""priority"":""4"",""node"":""kwok-node-6""},{""name"":""rs-13-p4-r4r2p"",""cpu_m"":550,""mem_b"":741933766,""priority"":""4"",""node"":""kwok-node-8""},{""name"":""rs-13-p4-sfgbs"",""cpu_m"":550,""mem_b"":741933766,""priority"":""4"",""node"":""kwok-node-27""},{""name"":""rs-14-p3-27ks8"",""cpu_m"":404,""mem_b"":117122229,""priority"":""3"",""node"":""kwok-node-9""},{""name"":""rs-14-p3-c4pk8"",""cpu_m"":404,""mem_b"":117122229,""priority"":""3"",""node"":""kwok-node-24""},{""name"":""rs-14-p3-dj6g6"",""cpu_m"":404,""mem_b"":117122229,""priority"":""3"",""node"":""kwok-node-3""},{""name"":""rs-14-p3-w4gpl"",""cpu_m"":404,""mem_b"":117122229,""priority"":""3"",""node"":""kwok-node-25""},{""name"":""rs-15-p3-nprjk"",""cpu_m"":986,""mem_b"":107009294,""priority"":""3"",""node"":""kwok-node-13""},{""name"":""rs-15-p3-tfbvf"",""cpu_m"":986,""mem_b"":107009294,""priority"":""3"",""node"":""kwok-node-19""},{""name"":""rs-15-p3-wj7zq"",""cpu_m"":986,""mem_b"":107009294,""priority"":""3"",""node"":""kwok-node-14""},{""name"":""rs-16-p1-bmlh7"",""cpu_m"":882,""mem_b"":175277681,""priority"":""1"",""node"":""kwok-node-9""},{""name"":""rs-16-p1-f4b8j"",""cpu_m"":882,""mem_b"":175277681,""priority"":""1"",""node"":""kwok-node-5""},{""name"":""rs-16-p1-v4l7k"",""cpu_m"":882,""mem_b"":175277681,""priority"":""1"",""node"":""kwok-node-11""},{""name"":""rs-17-p1-fnv5j"",""cpu_m"":677,""mem_b"":701794166,""priority"":""1"",""node"":""kwok-node-23""},{""name"":""rs-17-p1-w7wmw"",""cpu_m"":677,""mem_b"":701794166,""priority"":""1"",""node"":""""},{""name"":""rs-18-p4-p4rcj"",""cpu_m"":339,""mem_b"":950003733,""priority"":""4"",""node"":""kwok-node-2""},{""name"":""rs-19-p3-wtlfm"",""cpu_m"":849,""mem_b"":994229805,""priority"":""3"",""node"":""kwok-node-17""},{""name"":""rs-20-p4-c8cll"",""cpu_m"":336,""mem_b"":573178836,""priority"":""4"",""node"":""kwok-node-24""},{""name"":""rs-21-p1-qwd2s"",""cpu_m"":488,""mem_b"":666581172,""priority"":""1"",""node"":""kwok-node-25""},{""name"":""rs-22-p4-62htd"",""cpu_m"":650,""mem_b"":816378107,""priority"":""4"",""node"":""kwok-node-29""},{""name"":""rs-22-p4-n5htl"",""cpu_m"":650,""mem_b"":816378107,""priority"":""4"",""node"":""kwok-node-3""},{""name"":""rs-22-p4-nhn2t"",""cpu_m"":650,""mem_b"":816378107,""priority"":""4"",""node"":""kwok-node-10""},{""name"":""rs-22-p4-vqcx7"",""cpu_m"":650,""mem_b"":816378107,""priority"":""4"",""node"":""kwok-node-28""},{""name"":""rs-23-p4-kqhgr"",""cpu_m"":290,""mem_b"":173758709,""priority"":""4"",""node"":""kwok-node-7""},{""name"":""rs-23-p4-z5gms"",""cpu_m"":290,""mem_b"":173758709,""priority"":""4"",""node"":""kwok-node-6""},{""name"":""rs-24-p2-mrt4h"",""cpu_m"":449,""mem_b"":312194112,""priority"":""2"",""node"":""kwok-node-8""},{""name"":""rs-25-p1-df748"",""cpu_m"":315,""mem_b"":961029350,""priority"":""1"",""node"":""kwok-node-5""},{""name"":""rs-25-p1-xtr2b"",""cpu_m"":315,""mem_b"":961029350,""priority"":""1"",""node"":""kwok-node-28""},{""name"":""rs-26-p2-k74gs"",""cpu_m"":588,""mem_b"":899741435,""priority"":""2"",""node"":""kwok-node-30""},{""name"":""rs-27-p3-b9gdr"",""cpu_m"":130,""mem_b"":424640390,""priority"":""3"",""node"":""kwok-node-11""},{""name"":""rs-28-p2-6ftmd"",""cpu_m"":455,""mem_b"":310172280,""priority"":""2"",""node"":""kwok-node-32""},{""name"":""rs-28-p2-d7sv4"",""cpu_m"":455,""mem_b"":310172280,""priority"":""2"",""node"":""kwok-node-4""},{""name"":""rs-29-p2-bxhnh"",""cpu_m"":463,""mem_b"":233240903,""priority"":""2"",""node"":""kwok-node-1""},{""name"":""rs-29-p2-hkh47"",""cpu_m"":463,""mem_b"":233240903,""priority"":""2"",""node"":""kwok-node-15""},{""name"":""rs-30-p3-ltkvb"",""cpu_m"":568,""mem_b"":642084161,""priority"":""3"",""node"":""kwok-node-12""},{""name"":""rs-31-p4-f6lzs"",""cpu_m"":601,""mem_b"":325670782,""priority"":""4"",""node"":""kwok-node-21""},{""name"":""rs-31-p4-r26xf"",""cpu_m"":601,""mem_b"":325670782,""priority"":""4"",""node"":""kwok-node-18""},{""name"":""rs-32-p2-ldcs4"",""cpu_m"":859,""mem_b"":665464999,""priority"":""2"",""node"":""kwok-node-7""},{""name"":""rs-33-p3-5b4vk"",""cpu_m"":442,""mem_b"":675733017,""priority"":""3"",""node"":""kwok-node-9""},{""name"":""rs-34-p4-cd69h"",""cpu_m"":905,""mem_b"":301751722,""priority"":""4"",""node"":""kwok-node-27""},{""name"":""rs-34-p4-dgf8z"",""cpu_m"":905,""mem_b"":301751722,""priority"":""4"",""node"":""kwok-node-6""},{""name"":""rs-34-p4-jmwfd"",""cpu_m"":905,""mem_b"":301751722,""priority"":""4"",""node"":""kwok-node-32""},{""name"":""rs-34-p4-rtw7z"",""cpu_m"":905,""mem_b"":301751722,""priority"":""4"",""node"":""kwok-node-4""},{""name"":""rs-35-p4-2t4qx"",""cpu_m"":342,""mem_b"":500461463,""priority"":""4"",""node"":""kwok-node-20""},{""name"":""rs-35-p4-4hp7x"",""cpu_m"":342,""mem_b"":500461463,""priority"":""4"",""node"":""kwok-node-16""},{""name"":""rs-35-p4-j2jqv"",""cpu_m"":342,""mem_b"":500461463,""priority"":""4"",""node"":""kwok-node-22""},{""name"":""rs-36-p2-89rnb"",""cpu_m"":526,""mem_b"":248936840,""priority"":""2"",""node"":""kwok-node-15""},{""name"":""rs-36-p2-9m24l"",""cpu_m"":526,""mem_b"":248936840,""priority"":""2"",""node"":""kwok-node-24""},{""name"":""rs-36-p2-j8p2p"",""cpu_m"":526,""mem_b"":248936840,""priority"":""2"",""node"":""kwok-node-26""},{""name"":""rs-37-p2-qtcfd"",""cpu_m"":475,""mem_b"":500087769,""priority"":""2"",""node"":""kwok-node-19""},{""name"":""rs-37-p2-rqlm6"",""cpu_m"":475,""mem_b"":500087769,""priority"":""2"",""node"":""kwok-node-8""},{""name"":""rs-38-p1-2gtzp"",""cpu_m"":488,""mem_b"":302623623,""priority"":""1"",""node"":""kwok-node-18""},{""name"":""rs-38-p1-tr9bq"",""cpu_m"":488,""mem_b"":302623623,""priority"":""1"",""node"":""kwok-node-29""},{""name"":""rs-38-p1-xpc9j"",""cpu_m"":488,""mem_b"":302623623,""priority"":""1"",""node"":""kwok-node-1""},{""name"":""rs-39-p2-25bzm"",""cpu_m"":611,""mem_b"":499661142,""priority"":""2"",""node"":""kwok-node-2""},{""name"":""rs-39-p2-cgqgg"",""cpu_m"":611,""mem_b"":499661142,""priority"":""2"",""node"":""kwok-node-18""},{""name"":""rs-39-p2-glnjt"",""cpu_m"":611,""mem_b"":499661142,""priority"":""2"",""node"":""kwok-node-31""},{""name"":""rs-39-p2-s7md7"",""cpu_m"":611,""mem_b"":499661142,""priority"":""2"",""node"":""kwok-node-23""},{""name"":""rs-40-p2-fx6vv"",""cpu_m"":889,""mem_b"":726828770,""priority"":""2"",""node"":""kwok-node-5""},{""name"":""rs-40-p2-wxrht"",""cpu_m"":889,""mem_b"":726828770,""priority"":""2"",""node"":""kwok-node-11""},{""name"":""rs-41-p4-ggn6j"",""cpu_m"":288,""mem_b"":309504761,""priority"":""4"",""node"":""kwok-node-3""},{""name"":""rs-42-p1-6c9zf"",""cpu_m"":598,""mem_b"":593820759,""priority"":""1"",""node"":""kwok-node-12""},{""name"":""rs-42-p1-bh29b"",""cpu_m"":598,""mem_b"":593820759,""priority"":""1"",""node"":""kwok-node-26""},{""name"":""rs-43-p2-jcfpd"",""cpu_m"":868,""mem_b"":259291561,""priority"":""2"",""node"":""kwok-node-16""},{""name"":""rs-43-p2-xrtd9"",""cpu_m"":868,""mem_b"":259291561,""priority"":""2"",""node"":""kwok-node-20""},{""name"":""rs-44-p1-rtz9z"",""cpu_m"":934,""mem_b"":413662849,""priority"":""1"",""node"":""kwok-node-10""},{""name"":""rs-45-p1-vjx8c"",""cpu_m"":893,""mem_b"":238581622,""priority"":""1"",""node"":""""},{""name"":""rs-46-p4-td5m4"",""cpu_m"":666,""mem_b"":372782269,""priority"":""4"",""node"":""kwok-node-17""},{""name"":""rs-47-p1-zjh9b"",""cpu_m"":109,""mem_b"":690740924,""priority"":""1"",""node"":""kwok-node-29""},{""name"":""rs-48-p4-fzljt"",""cpu_m"":758,""mem_b"":488542376,""priority"":""4"",""node"":""kwok-node-1""},{""name"":""rs-48-p4-lnxbk"",""cpu_m"":758,""mem_b"":488542376,""priority"":""4"",""node"":""kwok-node-15""},{""name"":""rs-48-p4-pds2p"",""cpu_m"":758,""mem_b"":488542376,""priority"":""4"",""node"":""kwok-node-31""},{""name"":""rs-48-p4-w6mrq"",""cpu_m"":758,""mem_b"":488542376,""priority"":""4"",""node"":""kwok-node-8""},{""name"":""rs-49-p1-n9scv"",""cpu_m"":290,""mem_b"":834227117,""priority"":""1"",""node"":""kwok-node-6""},{""name"":""rs-49-p1-r4wdj"",""cpu_m"":290,""mem_b"":834227117,""priority"":""1"",""node"":""kwok-node-14""},{""name"":""rs-49-p1-s9cn7"",""cpu_m"":290,""mem_b"":834227117,""priority"":""1"",""node"":""kwok-node-4""},{""name"":""rs-50-p4-64f7p"",""cpu_m"":871,""mem_b"":637225364,""priority"":""4"",""node"":""kwok-node-22""},{""name"":""rs-50-p4-fqtb8"",""cpu_m"":871,""mem_b"":637225364,""priority"":""4"",""node"":""kwok-node-21""},{""name"":""rs-50-p4-ljwvp"",""cpu_m"":871,""mem_b"":637225364,""priority"":""4"",""node"":""kwok-node-23""},{""name"":""rs-50-p4-n4wsg"",""cpu_m"":871,""mem_b"":637225364,""priority"":""4"",""node"":""kwok-node-25""},{""name"":""rs-51-p1-2nw4d"",""cpu_m"":834,""mem_b"":877900192,""priority"":""1"",""node"":""""},{""name"":""rs-51-p1-lcm89"",""cpu_m"":834,""mem_b"":877900192,""priority"":""1"",""node"":""""},{""name"":""rs-51-p1-swjvs"",""cpu_m"":834,""mem_b"":877900192,""priority"":""1"",""node"":""""},{""name"":""rs-52-p3-qr8xd"",""cpu_m"":843,""mem_b"":697670188,""priority"":""3"",""node"":""kwok-node-31""},{""name"":""rs-53-p3-55wgm"",""cpu_m"":615,""mem_b"":717857013,""priority"":""3"",""node"":""kwok-node-14""},{""name"":""rs-53-p3-frwsl"",""cpu_m"":615,""mem_b"":717857013,""priority"":""3"",""node"":""kwok-node-24""},{""name"":""rs-54-p1-qzvfc"",""cpu_m"":371,""mem_b"":440286806,""priority"":""1"",""node"":""kwok-node-27""},{""name"":""rs-54-p1-rmf6d"",""cpu_m"":371,""mem_b"":440286806,""priority"":""1"",""node"":""kwok-node-16""},{""name"":""rs-54-p1-sx678"",""cpu_m"":371,""mem_b"":440286806,""priority"":""1"",""node"":""kwok-node-7""},{""name"":""rs-54-p1-t8cnv"",""cpu_m"":371,""mem_b"":440286806,""priority"":""1"",""node"":""kwok-node-32""},{""name"":""rs-55-p2-m77q2"",""cpu_m"":208,""mem_b"":914749384,""priority"":""2"",""node"":""kwok-node-13""},{""name"":""rs-56-p4-g9j4p"",""cpu_m"":247,""mem_b"":958983598,""priority"":""4"",""node"":""kwok-node-9""},{""name"":""rs-57-p1-dpcvt"",""cpu_m"":551,""mem_b"":601396091,""priority"":""1"",""node"":""kwok-node-13""},{""name"":""rs-57-p1-l55sn"",""cpu_m"":551,""mem_b"":601396091,""priority"":""1"",""node"":""kwok-node-17""},{""name"":""rs-57-p1-t6d2c"",""cpu_m"":551,""mem_b"":601396091,""priority"":""1"",""node"":""kwok-node-4""},{""name"":""rs-58-p1-fpzq8"",""cpu_m"":948,""mem_b"":570543199,""priority"":""1"",""node"":""""},{""name"":""rs-58-p1-rrsqw"",""cpu_m"":948,""mem_b"":570543199,""priority"":""1"",""node"":""""},{""name"":""rs-59-p3-85g6h"",""cpu_m"":719,""mem_b"":229648726,""priority"":""3"",""node"":""kwok-node-30""},{""name"":""rs-60-p1-bq48k"",""cpu_m"":369,""mem_b"":893001089,""priority"":""1"",""node"":""""}]","[{""name"":""rs-01-p2-qldmz"",""cpu_m"":641,""mem_b"":651895269,""priority"":""2"",""node"":""kwok-node-10""},{""name"":""rs-02-p4-rlk9d"",""cpu_m"":289,""mem_b"":400112277,""priority"":""4"",""node"":""kwok-node-11""},{""name"":""rs-02-p4-sbx8d"",""cpu_m"":289,""mem_b"":400112277,""priority"":""4"",""node"":""kwok-node-13""},{""name"":""rs-02-p4-zbrl2"",""cpu_m"":289,""mem_b"":400112277,""priority"":""4"",""node"":""kwok-node-14""},{""name"":""rs-03-p3-9gtg4"",""cpu_m"":458,""mem_b"":909058599,""priority"":""3"",""node"":""kwok-node-21""},{""name"":""rs-03-p3-g542v"",""cpu_m"":458,""mem_b"":909058599,""priority"":""3"",""node"":""kwok-node-15""},{""name"":""rs-03-p3-kh2nt"",""cpu_m"":458,""mem_b"":909058599,""priority"":""3"",""node"":""kwok-node-18""},{""name"":""rs-03-p3-sskcw"",""cpu_m"":458,""mem_b"":909058599,""priority"":""3"",""node"":""kwok-node-1""},{""name"":""rs-04-p3-722xj"",""cpu_m"":954,""mem_b"":817051303,""priority"":""3"",""node"":""kwok-node-22""},{""name"":""rs-04-p3-98xfz"",""cpu_m"":954,""mem_b"":817051303,""priority"":""3"",""node"":""kwok-node-12""},{""name"":""rs-05-p1-dcfvb"",""cpu_m"":906,""mem_b"":919473685,""priority"":""1"",""node"":""kwok-node-16""},{""name"":""rs-05-p1-llhl2"",""cpu_m"":906,""mem_b"":919473685,""priority"":""1"",""node"":""kwok-node-20""},{""name"":""rs-06-p3-hk2xk"",""cpu_m"":221,""mem_b"":851021505,""priority"":""3"",""node"":""kwok-node-19""},{""name"":""rs-07-p1-rntrl"",""cpu_m"":547,""mem_b"":367821618,""priority"":""1"",""node"":""kwok-node-23""},{""name"":""rs-07-p1-zp52r"",""cpu_m"":547,""mem_b"":367821618,""priority"":""1"",""node"":""kwok-node-17""},{""name"":""rs-08-p4-zggsp"",""cpu_m"":969,""mem_b"":965742879,""priority"":""4"",""node"":""kwok-node-26""},{""name"":""rs-09-p4-29v4f"",""cpu_m"":240,""mem_b"":306293483,""priority"":""4"",""node"":""kwok-node-27""},{""name"":""rs-09-p4-46p9p"",""cpu_m"":240,""mem_b"":306293483,""priority"":""4"",""node"":""kwok-node-3""},{""name"":""rs-09-p4-g49c5"",""cpu_m"":240,""mem_b"":306293483,""priority"":""4"",""node"":""kwok-node-24""},{""name"":""rs-09-p4-hvdgt"",""cpu_m"":240,""mem_b"":306293483,""priority"":""4"",""node"":""kwok-node-25""},{""name"":""rs-10-p2-2sm84"",""cpu_m"":883,""mem_b"":178305304,""priority"":""2"",""node"":""kwok-node-28""},{""name"":""rs-10-p2-ldq9v"",""cpu_m"":883,""mem_b"":178305304,""priority"":""2"",""node"":""kwok-node-29""},{""name"":""rs-10-p2-ww69h"",""cpu_m"":883,""mem_b"":178305304,""priority"":""2"",""node"":""kwok-node-2""},{""name"":""rs-11-p3-l225f"",""cpu_m"":856,""mem_b"":722526056,""priority"":""3"",""node"":""kwok-node-30""},{""name"":""rs-12-p1-8sdq4"",""cpu_m"":389,""mem_b"":852074662,""priority"":""1"",""node"":""kwok-node-31""},{""name"":""rs-12-p1-ccwlq"",""cpu_m"":389,""mem_b"":852074662,""priority"":""1"",""node"":""kwok-node-32""},{""name"":""rs-12-p1-gh846"",""cpu_m"":389,""mem_b"":852074662,""priority"":""1"",""node"":""kwok-node-5""},{""name"":""rs-12-p1-q8f6k"",""cpu_m"":389,""mem_b"":852074662,""priority"":""1"",""node"":""kwok-node-4""},{""name"":""rs-13-p4-5s9mv"",""cpu_m"":550,""mem_b"":741933766,""priority"":""4"",""node"":""kwok-node-7""},{""name"":""rs-13-p4-jb2jf"",""cpu_m"":550,""mem_b"":741933766,""priority"":""4"",""node"":""kwok-node-6""},{""name"":""rs-13-p4-r4r2p"",""cpu_m"":550,""mem_b"":741933766,""priority"":""4"",""node"":""kwok-node-8""},{""name"":""rs-13-p4-sfgbs"",""cpu_m"":550,""mem_b"":741933766,""priority"":""4"",""node"":""kwok-node-27""},{""name"":""rs-14-p3-27ks8"",""cpu_m"":404,""mem_b"":117122229,""priority"":""3"",""node"":""kwok-node-9""},{""name"":""rs-14-p3-c4pk8"",""cpu_m"":404,""mem_b"":117122229,""priority"":""3"",""node"":""kwok-node-24""},{""name"":""rs-14-p3-dj6g6"",""cpu_m"":404,""mem_b"":117122229,""priority"":""3"",""node"":""kwok-node-3""},{""name"":""rs-14-p3-w4gpl"",""cpu_m"":404,""mem_b"":117122229,""priority"":""3"",""node"":""kwok-node-25""},{""name"":""rs-15-p3-nprjk"",""cpu_m"":986,""mem_b"":107009294,""priority"":""3"",""node"":""kwok-node-13""},{""name"":""rs-15-p3-tfbvf"",""cpu_m"":986,""mem_b"":107009294,""priority"":""3"",""node"":""kwok-node-19""},{""name"":""rs-15-p3-wj7zq"",""cpu_m"":986,""mem_b"":107009294,""priority"":""3"",""node"":""kwok-node-14""},{""name"":""rs-16-p1-f4b8j"",""cpu_m"":882,""mem_b"":175277681,""priority"":""1"",""node"":""kwok-node-5""},{""name"":""rs-16-p1-v4l7k"",""cpu_m"":882,""mem_b"":175277681,""priority"":""1"",""node"":""kwok-node-11""},{""name"":""rs-16-p1-xrclm"",""cpu_m"":882,""mem_b"":175277681,""priority"":""1"",""node"":""kwok-node-31""},{""name"":""rs-17-p1-fnv5j"",""cpu_m"":677,""mem_b"":701794166,""priority"":""1"",""node"":""kwok-node-23""},{""name"":""rs-17-p1-fnwv6"",""cpu_m"":677,""mem_b"":701794166,""priority"":""1"",""node"":""kwok-node-9""},{""name"":""rs-18-p4-p4rcj"",""cpu_m"":339,""mem_b"":950003733,""priority"":""4"",""node"":""kwok-node-2""},{""name"":""rs-19-p3-wtlfm"",""cpu_m"":849,""mem_b"":994229805,""priority"":""3"",""node"":""kwok-node-17""},{""name"":""rs-20-p4-c8cll"",""cpu_m"":336,""mem_b"":573178836,""priority"":""4"",""node"":""kwok-node-24""},{""name"":""rs-21-p1-qwd2s"",""cpu_m"":488,""mem_b"":666581172,""priority"":""1"",""node"":""kwok-node-25""},{""name"":""rs-22-p4-62htd"",""cpu_m"":650,""mem_b"":816378107,""priority"":""4"",""node"":""kwok-node-29""},{""name"":""rs-22-p4-n5htl"",""cpu_m"":650,""mem_b"":816378107,""priority"":""4"",""node"":""kwok-node-3""},{""name"":""rs-22-p4-nhn2t"",""cpu_m"":650,""mem_b"":816378107,""priority"":""4"",""node"":""kwok-node-10""},{""name"":""rs-22-p4-vqcx7"",""cpu_m"":650,""mem_b"":816378107,""priority"":""4"",""node"":""kwok-node-28""},{""name"":""rs-23-p4-kqhgr"",""cpu_m"":290,""mem_b"":173758709,""priority"":""4"",""node"":""kwok-node-7""},{""name"":""rs-23-p4-z5gms"",""cpu_m"":290,""mem_b"":173758709,""priority"":""4"",""node"":""kwok-node-6""},{""name"":""rs-24-p2-mrt4h"",""cpu_m"":449,""mem_b"":312194112,""priority"":""2"",""node"":""kwok-node-8""},{""name"":""rs-25-p1-hx678"",""cpu_m"":315,""mem_b"":961029350,""priority"":""1"",""node"":""kwok-node-13""},{""name"":""rs-25-p1-trmq9"",""cpu_m"":315,""mem_b"":961029350,""priority"":""1"",""node"":""kwok-node-14""},{""name"":""rs-26-p2-k74gs"",""cpu_m"":588,""mem_b"":899741435,""priority"":""2"",""node"":""kwok-node-30""},{""name"":""rs-27-p3-b9gdr"",""cpu_m"":130,""mem_b"":424640390,""priority"":""3"",""node"":""kwok-node-11""},{""name"":""rs-28-p2-6ftmd"",""cpu_m"":455,""mem_b"":310172280,""priority"":""2"",""node"":""kwok-node-32""},{""name"":""rs-28-p2-d7sv4"",""cpu_m"":455,""mem_b"":310172280,""priority"":""2"",""node"":""kwok-node-4""},{""name"":""rs-29-p2-bxhnh"",""cpu_m"":463,""mem_b"":233240903,""priority"":""2"",""node"":""kwok-node-1""},{""name"":""rs-29-p2-hkh47"",""cpu_m"":463,""mem_b"":233240903,""priority"":""2"",""node"":""kwok-node-15""},{""name"":""rs-30-p3-ltkvb"",""cpu_m"":568,""mem_b"":642084161,""priority"":""3"",""node"":""kwok-node-12""},{""name"":""rs-31-p4-f6lzs"",""cpu_m"":601,""mem_b"":325670782,""priority"":""4"",""node"":""kwok-node-21""},{""name"":""rs-31-p4-r26xf"",""cpu_m"":601,""mem_b"":325670782,""priority"":""4"",""node"":""kwok-node-18""},{""name"":""rs-32-p2-ldcs4"",""cpu_m"":859,""mem_b"":665464999,""priority"":""2"",""node"":""kwok-node-7""},{""name"":""rs-33-p3-5b4vk"",""cpu_m"":442,""mem_b"":675733017,""priority"":""3"",""node"":""kwok-node-9""},{""name"":""rs-34-p4-cd69h"",""cpu_m"":905,""mem_b"":301751722,""priority"":""4"",""node"":""kwok-node-27""},{""name"":""rs-34-p4-dgf8z"",""cpu_m"":905,""mem_b"":301751722,""priority"":""4"",""node"":""kwok-node-6""},{""name"":""rs-34-p4-jmwfd"",""cpu_m"":905,""mem_b"":301751722,""priority"":""4"",""node"":""kwok-node-32""},{""name"":""rs-34-p4-rtw7z"",""cpu_m"":905,""mem_b"":301751722,""priority"":""4"",""node"":""kwok-node-4""},{""name"":""rs-35-p4-2t4qx"",""cpu_m"":342,""mem_b"":500461463,""priority"":""4"",""node"":""kwok-node-20""},{""name"":""rs-35-p4-4hp7x"",""cpu_m"":342,""mem_b"":500461463,""priority"":""4"",""node"":""kwok-node-16""},{""name"":""rs-35-p4-j2jqv"",""cpu_m"":342,""mem_b"":500461463,""priority"":""4"",""node"":""kwok-node-22""},{""name"":""rs-36-p2-89rnb"",""cpu_m"":526,""mem_b"":248936840,""priority"":""2"",""node"":""kwok-node-15""},{""name"":""rs-36-p2-9m24l"",""cpu_m"":526,""mem_b"":248936840,""priority"":""2"",""node"":""kwok-node-24""},{""name"":""rs-36-p2-j8p2p"",""cpu_m"":526,""mem_b"":248936840,""priority"":""2"",""node"":""kwok-node-26""},{""name"":""rs-37-p2-qtcfd"",""cpu_m"":475,""mem_b"":500087769,""priority"":""2"",""node"":""kwok-node-19""},{""name"":""rs-37-p2-rqlm6"",""cpu_m"":475,""mem_b"":500087769,""priority"":""2"",""node"":""kwok-node-8""},{""name"":""rs-38-p1-mf7q2"",""cpu_m"":488,""mem_b"":302623623,""priority"":""1"",""node"":""kwok-node-21""},{""name"":""rs-38-p1-tx9hm"",""cpu_m"":488,""mem_b"":302623623,""priority"":""1"",""node"":""kwok-node-25""},{""name"":""rs-38-p1-xpc9j"",""cpu_m"":488,""mem_b"":302623623,""priority"":""1"",""node"":""kwok-node-1""},{""name"":""rs-39-p2-25bzm"",""cpu_m"":611,""mem_b"":499661142,""priority"":""2"",""node"":""kwok-node-2""},{""name"":""rs-39-p2-cgqgg"",""cpu_m"":611,""mem_b"":499661142,""priority"":""2"",""node"":""kwok-node-18""},{""name"":""rs-39-p2-glnjt"",""cpu_m"":611,""mem_b"":499661142,""priority"":""2"",""node"":""kwok-node-31""},{""name"":""rs-39-p2-s7md7"",""cpu_m"":611,""mem_b"":499661142,""priority"":""2"",""node"":""kwok-node-23""},{""name"":""rs-40-p2-fx6vv"",""cpu_m"":889,""mem_b"":726828770,""priority"":""2"",""node"":""kwok-node-5""},{""name"":""rs-40-p2-wxrht"",""cpu_m"":889,""mem_b"":726828770,""priority"":""2"",""node"":""kwok-node-11""},{""name"":""rs-41-p4-ggn6j"",""cpu_m"":288,""mem_b"":309504761,""priority"":""4"",""node"":""kwok-node-3""},{""name"":""rs-42-p1-bh29b"",""cpu_m"":598,""mem_b"":593820759,""priority"":""1"",""node"":""kwok-node-26""},{""name"":""rs-42-p1-vmvfg"",""cpu_m"":598,""mem_b"":593820759,""priority"":""1"",""node"":""kwok-node-22""},{""name"":""rs-43-p2-jcfpd"",""cpu_m"":868,""mem_b"":259291561,""priority"":""2"",""node"":""kwok-node-16""},{""name"":""rs-43-p2-xrtd9"",""cpu_m"":868,""mem_b"":259291561,""priority"":""2"",""node"":""kwok-node-20""},{""name"":""rs-44-p1-rtz9z"",""cpu_m"":934,""mem_b"":413662849,""priority"":""1"",""node"":""kwok-node-10""},{""name"":""rs-45-p1-vjx8c"",""cpu_m"":893,""mem_b"":238581622,""priority"":""1"",""node"":""""},{""name"":""rs-46-p4-td5m4"",""cpu_m"":666,""mem_b"":372782269,""priority"":""4"",""node"":""kwok-node-17""},{""name"":""rs-47-p1-zjh9b"",""cpu_m"":109,""mem_b"":690740924,""priority"":""1"",""node"":""kwok-node-29""},{""name"":""rs-48-p4-fzljt"",""cpu_m"":758,""mem_b"":488542376,""priority"":""4"",""node"":""kwok-node-1""},{""name"":""rs-48-p4-lnxbk"",""cpu_m"":758,""mem_b"":488542376,""priority"":""4"",""node"":""kwok-node-15""},{""name"":""rs-48-p4-pds2p"",""cpu_m"":758,""mem_b"":488542376,""priority"":""4"",""node"":""""},{""name"":""rs-48-p4-w6mrq"",""cpu_m"":758,""mem_b"":488542376,""priority"":""4"",""node"":""kwok-node-8""},{""name"":""rs-49-p1-n9scv"",""cpu_m"":290,""mem_b"":834227117,""priority"":""1"",""node"":""kwok-node-6""},{""name"":""rs-49-p1-r4wdj"",""cpu_m"":290,""mem_b"":834227117,""priority"":""1"",""node"":""""},{""name"":""rs-49-p1-xqp2s"",""cpu_m"":290,""mem_b"":834227117,""priority"":""1"",""node"":""kwok-node-28""},{""name"":""rs-50-p4-64f7p"",""cpu_m"":871,""mem_b"":637225364,""priority"":""4"",""node"":""""},{""name"":""rs-50-p4-fqtb8"",""cpu_m"":871,""mem_b"":637225364,""priority"":""4"",""node"":""""},{""name"":""rs-50-p4-ljwvp"",""cpu_m"":871,""mem_b"":637225364,""priority"":""4"",""node"":""""},{""name"":""rs-50-p4-n4wsg"",""cpu_m"":871,""mem_b"":637225364,""priority"":""4"",""node"":""""},{""name"":""rs-51-p1-2nw4d"",""cpu_m"":834,""mem_b"":877900192,""priority"":""1"",""node"":""""},{""name"":""rs-51-p1-lcm89"",""cpu_m"":834,""mem_b"":877900192,""priority"":""1"",""node"":""""},{""name"":""rs-51-p1-swjvs"",""cpu_m"":834,""mem_b"":877900192,""priority"":""1"",""node"":""""},{""name"":""rs-52-p3-qr8xd"",""cpu_m"":843,""mem_b"":697670188,""priority"":""3"",""node"":""""},{""name"":""rs-53-p3-55wgm"",""cpu_m"":615,""mem_b"":717857013,""priority"":""3"",""node"":""""},{""name"":""rs-53-p3-frwsl"",""cpu_m"":615,""mem_b"":717857013,""priority"":""3"",""node"":""kwok-node-24""},{""name"":""rs-54-p1-6c228"",""cpu_m"":371,""mem_b"":440286806,""priority"":""1"",""node"":""kwok-node-12""},{""name"":""rs-54-p1-6zfts"",""cpu_m"":371,""mem_b"":440286806,""priority"":""1"",""node"":""kwok-node-13""},{""name"":""rs-54-p1-7jwkj"",""cpu_m"":371,""mem_b"":440286806,""priority"":""1"",""node"":""kwok-node-25""},{""name"":""rs-54-p1-qzvfc"",""cpu_m"":371,""mem_b"":440286806,""priority"":""1"",""node"":""kwok-node-27""},{""name"":""rs-55-p2-m77q2"",""cpu_m"":208,""mem_b"":914749384,""priority"":""2"",""node"":""""},{""name"":""rs-56-p4-g9j4p"",""cpu_m"":247,""mem_b"":958983598,""priority"":""4"",""node"":""""},{""name"":""rs-57-p1-dpcvt"",""cpu_m"":551,""mem_b"":601396091,""priority"":""1"",""node"":""""},{""name"":""rs-57-p1-l55sn"",""cpu_m"":551,""mem_b"":601396091,""priority"":""1"",""node"":""""},{""name"":""rs-57-p1-t6d2c"",""cpu_m"":551,""mem_b"":601396091,""priority"":""1"",""node"":""""},{""name"":""rs-58-p1-fpzq8"",""cpu_m"":948,""mem_b"":570543199,""priority"":""1"",""node"":""""},{""name"":""rs-58-p1-rrsqw"",""cpu_m"":948,""mem_b"":570543199,""priority"":""1"",""node"":""""},{""name"":""rs-59-p3-85g6h"",""cpu_m"":719,""mem_b"":229648726,""priority"":""3"",""node"":""kwok-node-30""},{""name"":""rs-60-p1-bq48k"",""cpu_m"":369,""mem_b"":893001089,""priority"":""1"",""node"":""""}]","[{""name"":""kwok-node-1"",""cap_cpu_m"":2240,""cap_mem_bytes"":2059265155},{""name"":""kwok-node-2"",""cap_cpu_m"":2240,""cap_mem_bytes"":2059265155},{""name"":""kwok-node-3"",""cap_cpu_m"":2240,""cap_mem_bytes"":2059265155},{""name"":""kwok-node-4"",""cap_cpu_m"":2240,""cap_mem_bytes"":2059265155},{""name"":""kwok-node-5"",""cap_cpu_m"":2240,""cap_mem_bytes"":2059265155},{""name"":""kwok-node-6"",""cap_cpu_m"":2240,""cap_mem_bytes"":2059265155},{""name"":""kwok-node-7"",""cap_cpu_m"":2240,""cap_mem_bytes"":2059265155},{""name"":""kwok-node-8"",""cap_cpu_m"":2240,""cap_mem_bytes"":2059265155},{""name"":""kwok-node-9"",""cap_cpu_m"":2240,""cap_mem_bytes"":2059265155},{""name"":""kwok-node-10"",""cap_cpu_m"":2240,""cap_mem_bytes"":2059265155},{""name"":""kwok-node-11"",""cap_cpu_m"":2240,""cap_mem_bytes"":2059265155},{""name"":""kwok-node-12"",""cap_cpu_m"":2240,""cap_mem_bytes"":2059265155},{""name"":""kwok-node-13"",""cap_cpu_m"":2240,""cap_mem_bytes"":2059265155},{""name"":""kwok-node-14"",""cap_cpu_m"":2240,""cap_mem_bytes"":2059265155},{""name"":""kwok-node-15"",""cap_cpu_m"":2240,""cap_mem_bytes"":2059265155},{""name"":""kwok-node-16"",""cap_cpu_m"":2240,""cap_mem_bytes"":2059265155},{""name"":""kwok-node-17"",""cap_cpu_m"":2240,""cap_mem_bytes"":2059265155},{""name"":""kwok-node-18"",""cap_cpu_m"":2240,""cap_mem_bytes"":2059265155},{""name"":""kwok-node-19"",""cap_cpu_m"":2240,""cap_mem_bytes"":2059265155},{""name"":""kwok-node-20"",""cap_cpu_m"":2240,""cap_mem_bytes"":2059265155},{""name"":""kwok-node-21"",""cap_cpu_m"":2240,""cap_mem_bytes"":2059265155},{""name"":""kwok-node-22"",""cap_cpu_m"":2240,""cap_mem_bytes"":2059265155},{""name"":""kwok-node-23"",""cap_cpu_m"":2240,""cap_mem_bytes"":2059265155},{""name"":""kwok-node-24"",""cap_cpu_m"":2240,""cap_mem_bytes"":2059265155},{""name"":""kwok-node-25"",""cap_cpu_m"":2240,""cap_mem_bytes"":2059265155},{""name"":""kwok-node-26"",""cap_cpu_m"":2240,""cap_mem_bytes"":2059265155},{""name"":""kwok-node-27"",""cap_cpu_m"":2240,""cap_mem_bytes"":2059265155},{""name"":""kwok-node-28"",""cap_cpu_m"":2240,""cap_mem_bytes"":2059265155},{""name"":""kwok-node-29"",""cap_cpu_m"":2240,""cap_mem_bytes"":2059265155},{""name"":""kwok-node-30"",""cap_cpu_m"":2240,""cap_mem_bytes"":2059265155},{""name"":""kwok-node-31"",""cap_cpu_m"":2240,""cap_mem_bytes"":2059265155},{""name"":""kwok-node-32"",""cap_cpu_m"":2240,""cap_mem_bytes"":2059265155}]"
2026/02/11/11:24:43,3394979529978938239,,"{""evicted"":0,""moved"":0,""placed_by_priority"":{""1"":25,""2"":19,""3"":39,""4"":24}}",python,"{""evicted"":13,""moved"":10,""placed_by_priority"":{""1"":13,""2"":34,""3"":41,""4"":27}}",997,FEASIBLE,"[{""duration_ms"":997,""name"":""python"",""score"":{""evicted"":13,""moved"":10,""placed_by_priority"":{""1"":13,""2"":34,""3"":41,""4"":27}},""status"":""FEASIBLE""}]",0.921,0.841,0.927,0.852,63422,57908,66733818483,61375910735,115,107,13,21,"{""kwok-node-1"":4,""kwok-node-10"":4,""kwok-node-11"":3,""kwok-node-12"":4,""kwok-node-13"":3,""kwok-node-14"":3,""kwok-node-15"":3,""kwok-node-16"":4,""kwok-node-17"":3,""kwok-node-18"":4,""kwok-node-19"":4,""kwok-node-2"":3,""kwok-node-20"":4,""kwok-node-21"":3,""kwok-node-22"":4,""kwok-node-23"":3,""kwok-node-24"":4,""kwok-node-25"":3,""kwok-node-26"":4,""kwok-node-27"":3,""kwok-node-28"":4,""kwok-node-29"":3,""kwok-node-3"":4,""kwok-node-30"":3,""kwok-node-31"":4,""kwok-node-32"":5,""kwok-node-4"":4,""kwok-node-5"":4,""kwok-node-6"":5,""kwok-node-7"":3,""kwok-node-8"":3,""kwok-node-9"":3}","{""kwok-node-1"":3,""kwok-node-10"":3,""kwok-node-11"":3,""kwok-node-12"":4,""kwok-node-13"":3,""kwok-node-14"":3,""kwok-node-15"":4,""kwok-node-16"":4,""kwok-node-17"":3,""kwok-node-18"":4,""kwok-node-19"":4,""kwok-node-2"":3,""kwok-node-20"":4,""kwok-node-21"":3,""kwok-node-22"":3,""kwok-node-23"":4,""kwok-node-24"":4,""kwok-node-25"":3,""kwok-node-26"":4,""kwok-node-27"":3,""kwok-node-28"":3,""kwok-node-29"":3,""kwok-node-3"":4,""kwok-node-30"":3,""kwok-node-31"":3,""kwok-node-32"":4,""kwok-node-4"":3,""kwok-node-5"":3,""kwok-node-6"":4,""kwok-node-7"":2,""kwok-node-8"":3,""kwok-node-9"":3}","{""p1"":13,""p2"":34,""p3"":41,""p4"":27}","{""p1"":25,""p2"":19,""p3"":39,""p4"":24}","{""p1"":13}","{""p1"":1,""p2"":15,""p3"":2,""p4"":3}","{rs-04-p1-m9ct7,rs-13-p1-26klb,rs-13-p1-4lkq6,rs-13-p1-9swtx,rs-13-p1-brhmq,rs-21-p1-8mgb9,rs-21-p1-r7xtt,rs-24-p1-rtt2g,rs-24-p1-x655j,rs-25-p1-hc6tw,rs-36-p1-k2b8n,rs-36-p1-k4q82,rs-37-p1-ncdww}","{rs-45-p3-tfsfp,rs-46-p2-7mgfs,rs-46-p2-9k7fn,rs-46-p2-r62s7,rs-47-p2-wsb2k,rs-49-p2-2zfq2,rs-49-p2-f8tcx,rs-50-p4-b2q8v,rs-50-p4-jlm7g,rs-51-p2-25lcg,rs-51-p2-h6rd5,rs-51-p2-s695l,rs-54-p2-dr4zz,rs-54-p2-fpjj8,rs-54-p2-nlvzm,rs-55-p4-2v4lz,rs-56-p3-64w97,rs-58-p2-24jcp,rs-59-p1-m4kt7,rs-60-p2-8l6t5,rs-60-p2-clq6n}","{rs-01-p4-fr5xl,rs-01-p4-t464f,rs-02-p1-7k8k2,rs-02-p1-7qwkn,rs-02-p1-grhhz,rs-02-p1-twsk7,rs-03-p4-mw4vb,rs-03-p4-wvvzg,rs-04-p1-t848z,rs-05-p4-5qf54,rs-06-p1-sql98,rs-07-p4-t9qlx,rs-07-p4-tfjjk,rs-07-p4-tnq7v,rs-07-p4-xw2vc,rs-08-p2-2dhsn,rs-08-p2-55m9j,rs-08-p2-wdtzk,rs-09-p2-zl9k5,rs-10-p2-fx6zk,rs-10-p2-xr5w8,rs-10-p2-zmnwg,rs-10-p2-zpv2g,rs-11-p3-lsfwk,rs-11-p3-lxzjz,rs-11-p3-mg8ct,rs-12-p3-4m4wm,rs-12-p3-hmf9q,rs-12-p3-qnlx6,rs-12-p3-xm7d9,rs-14-p4-frhbv,rs-15-p2-p9f4t,rs-16-p4-84hvg,rs-16-p4-fktxc,rs-16-p4-vscv7,rs-16-p4-zz77p,rs-17-p2-7msj6,rs-17-p2-hcxzc,rs-18-p2-fw2hl,rs-19-p1-kqbx5,rs-20-p3-f8rcp,rs-20-p3-jgn8t,rs-22-p3-2wn87,rs-22-p3-nkxhb,rs-23-p3-j5cpg,rs-23-p3-sgzxl,rs-26-p2-smwgg,rs-27-p2-z45hq,rs-28-p3-b58t6,rs-28-p3-bzf8r,rs-28-p3-x6h4w,rs-28-p3-xjdbp,rs-29-p3-7wbpw,rs-29-p3-8lqcw,rs-29-p3-ng2tk,rs-30-p4-h2qz7,rs-30-p4-zzpkq,rs-31-p3-jw7xj,rs-31-p3-lcxgw,rs-32-p3-6btnc,rs-32-p3-6n2s2,rs-32-p3-s4xvd,rs-33-p3-8skb2,rs-33-p3-tqnhz,rs-34-p4-j659c,rs-34-p4-tg2bc,rs-35-p4-f8h7b,rs-38-p4-79qj5,rs-38-p4-lw8bk,rs-38-p4-qhbg7,rs-39-p3-7gr4n,rs-39-p3-m587k,rs-40-p4-gs6d6,rs-41-p3-5vhqb,rs-41-p3-cztrp,rs-41-p3-dgqqs,rs-41-p3-nzt59,rs-42-p3-mgrcz,rs-42-p3-v5s4z,rs-43-p2-kwtbs,rs-43-p2-ngs6f,rs-43-p2-ph7x7,rs-44-p2-79mpp,rs-44-p2-9n72m,rs-45-p3-tfsfp,rs-46-p2-7mgfs,rs-46-p2-9k7fn,rs-46-p2-r62s7,rs-47-p2-wsb2k,rs-48-p3-n66wk,rs-48-p3-tm24m,rs-48-p3-xt2f8,rs-49-p2-2zfq2,rs-49-p2-f8tcx,rs-50-p4-b2q8v,rs-50-p4-jlm7g,rs-51-p2-25lcg,rs-51-p2-h6rd5,rs-51-p2-s695l,rs-52-p3-nv2cp,rs-53-p1-2scx6,rs-53-p1-jph6w,rs-53-p1-nr2n8,rs-53-p1-wr8c6,rs-54-p2-dr4zz,rs-54-p2-fpjj8,rs-54-p2-nlvzm,rs-55-p4-2v4lz,rs-56-p3-64w97,rs-57-p4-r2n5p,rs-58-p2-24jcp,rs-59-p1-m4kt7,rs-59-p1-s6tdm,rs-60-p2-8l6t5,rs-60-p2-clq6n}","{rs-01-p4-fr5xl,rs-01-p4-t464f,rs-02-p1-7k8k2,rs-02-p1-c9dkc,rs-02-p1-w6ml2,rs-02-p1-wfscl,rs-03-p4-mw4vb,rs-03-p4-wvvzg,rs-04-p1-4rj86,rs-04-p1-glbkg,rs-05-p4-5qf54,rs-06-p1-w2npn,rs-07-p4-t9qlx,rs-07-p4-tfjjk,rs-07-p4-tnq7v,rs-07-p4-xw2vc,rs-08-p2-2dhsn,rs-08-p2-55m9j,rs-08-p2-wdtzk,rs-09-p2-zl9k5,rs-10-p2-fx6zk,rs-10-p2-xr5w8,rs-10-p2-zmnwg,rs-10-p2-zpv2g,rs-11-p3-lsfwk,rs-11-p3-lxzjz,rs-11-p3-mg8ct,rs-12-p3-4m4wm,rs-12-p3-hmf9q,rs-12-p3-qnlx6,rs-12-p3-xm7d9,rs-13-p1-6ht89,rs-13-p1-796z2,rs-13-p1-nbn88,rs-13-p1-vwnhx,rs-14-p4-frhbv,rs-15-p2-p9f4t,rs-16-p4-84hvg,rs-16-p4-fktxc,rs-16-p4-vscv7,rs-16-p4-zz77p,rs-17-p2-7msj6,rs-17-p2-hcxzc,rs-18-p2-fw2hl,rs-19-p1-f6m6g,rs-20-p3-f8rcp,rs-20-p3-jgn8t,rs-21-p1-dwrqx,rs-21-p1-gs5n9,rs-22-p3-2wn87,rs-22-p3-nkxhb,rs-23-p3-j5cpg,rs-23-p3-sgzxl,rs-24-p1-l698l,rs-24-p1-wkvln,rs-25-p1-kmhr6,rs-26-p2-smwgg,rs-27-p2-z45hq,rs-28-p3-b58t6,rs-28-p3-bzf8r,rs-28-p3-x6h4w,rs-28-p3-xjdbp,rs-29-p3-7wbpw,rs-29-p3-8lqcw,rs-29-p3-ng2tk,rs-30-p4-h2qz7,rs-30-p4-zzpkq,rs-31-p3-jw7xj,rs-31-p3-lcxgw,rs-32-p3-6btnc,rs-32-p3-6n2s2,rs-32-p3-s4xvd,rs-33-p3-8skb2,rs-33-p3-tqnhz,rs-34-p4-j659c,rs-34-p4-tg2bc,rs-35-p4-f8h7b,rs-36-p1-tqkgb,rs-36-p1-zfnq8,rs-37-p1-lrgf4,rs-38-p4-79qj5,rs-38-p4-lw8bk,rs-38-p4-qhbg7,rs-39-p3-7gr4n,rs-39-p3-m587k,rs-40-p4-gs6d6,rs-41-p3-5vhqb,rs-41-p3-cztrp,rs-41-p3-dgqqs,rs-41-p3-nzt59,rs-42-p3-mgrcz,rs-42-p3-v5s4z,rs-43-p2-kwtbs,rs-43-p2-ngs6f,rs-43-p2-ph7x7,rs-44-p2-79mpp,rs-44-p2-9n72m,rs-48-p3-n66wk,rs-48-p3-tm24m,rs-48-p3-xt2f8,rs-52-p3-nv2cp,rs-53-p1-7jkhj,rs-53-p1-9fwtf,rs-53-p1-j68zk,rs-53-p1-jph6w,rs-57-p4-r2n5p,rs-59-p1-r56vd}","[{""name"":""rs-01-p4-fr5xl"",""cpu_m"":627,""mem_b"":136520904,""priority"":""4"",""node"":""kwok-node-12""},{""name"":""rs-01-p4-t464f"",""cpu_m"":627,""mem_b"":136520904,""priority"":""4"",""node"":""kwok-node-10""},{""name"":""rs-02-p1-7k8k2"",""cpu_m"":104,""mem_b"":438040737,""priority"":""1"",""node"":""kwok-node-16""},{""name"":""rs-02-p1-7qwkn"",""cpu_m"":104,""mem_b"":438040737,""priority"":""1"",""node"":""kwok-node-28""},{""name"":""rs-02-p1-grhhz"",""cpu_m"":104,""mem_b"":438040737,""priority"":""1"",""node"":""kwok-node-4""},{""name"":""rs-02-p1-twsk7"",""cpu_m"":104,""mem_b"":438040737,""priority"":""1"",""node"":""kwok-node-6""},{""name"":""rs-03-p4-mw4vb"",""cpu_m"":175,""mem_b"":878623107,""priority"":""4"",""node"":""kwok-node-22""},{""name"":""rs-03-p4-wvvzg"",""cpu_m"":175,""mem_b"":878623107,""priority"":""4"",""node"":""kwok-node-19""},{""name"":""rs-04-p1-m9ct7"",""cpu_m"":124,""mem_b"":632298139,""priority"":""1"",""node"":""""},{""name"":""rs-04-p1-t848z"",""cpu_m"":124,""mem_b"":632298139,""priority"":""1"",""node"":""kwok-node-20""},{""name"":""rs-05-p4-5qf54"",""cpu_m"":304,""mem_b"":152294409,""priority"":""4"",""node"":""kwok-node-1""},{""name"":""rs-06-p1-sql98"",""cpu_m"":337,""mem_b"":402141762,""priority"":""1"",""node"":""kwok-node-31""},{""name"":""rs-07-p4-t9qlx"",""cpu_m"":873,""mem_b"":580999393,""priority"":""4"",""node"":""kwok-node-25""},{""name"":""rs-07-p4-tfjjk"",""cpu_m"":873,""mem_b"":580999393,""priority"":""4"",""node"":""kwok-node-29""},{""name"":""rs-07-p4-tnq7v"",""cpu_m"":873,""mem_b"":580999393,""priority"":""4"",""node"":""kwok-node-17""},{""name"":""rs-07-p4-xw2vc"",""cpu_m"":873,""mem_b"":580999393,""priority"":""4"",""node"":""kwok-node-13""},{""name"":""rs-08-p2-2dhsn"",""cpu_m"":827,""mem_b"":249722224,""priority"":""2"",""node"":""kwok-node-24""},{""name"":""rs-08-p2-55m9j"",""cpu_m"":827,""mem_b"":249722224,""priority"":""2"",""node"":""kwok-node-26""},{""name"":""rs-08-p2-wdtzk"",""cpu_m"":827,""mem_b"":249722224,""priority"":""2"",""node"":""kwok-node-3""},{""name"":""rs-09-p2-zl9k5"",""cpu_m"":764,""mem_b"":452667702,""priority"":""2"",""node"":""kwok-node-2""},{""name"":""rs-10-p2-fx6zk"",""cpu_m"":206,""mem_b"":859091789,""priority"":""2"",""node"":""kwok-node-21""},{""name"":""rs-10-p2-xr5w8"",""cpu_m"":206,""mem_b"":859091789,""priority"":""2"",""node"":""kwok-node-28""},{""name"":""rs-10-p2-zmnwg"",""cpu_m"":206,""mem_b"":859091789,""priority"":""2"",""node"":""kwok-node-30""},{""name"":""rs-10-p2-zpv2g"",""cpu_m"":206,""mem_b"":859091789,""priority"":""2"",""node"":""kwok-node-27""},{""name"":""rs-11-p3-lsfwk"",""cpu_m"":633,""mem_b"":248794204,""priority"":""3"",""node"":""kwok-node-6""},{""name"":""rs-11-p3-lxzjz"",""cpu_m"":633,""mem_b"":248794204,""priority"":""3"",""node"":""kwok-node-4""},{""name"":""rs-11-p3-mg8ct"",""cpu_m"":633,""mem_b"":248794204,""priority"":""3"",""node"":""kwok-node-32""},{""name"":""rs-12-p3-4m4wm"",""cpu_m"":533,""mem_b"":819270440,""priority"":""3"",""node"":""kwok-node-5""},{""name"":""rs-12-p3-hmf9q"",""cpu_m"":533,""mem_b"":819270440,""priority"":""3"",""node"":""kwok-node-31""},{""name"":""rs-12-p3-qnlx6"",""cpu_m"":533,""mem_b"":819270440,""priority"":""3"",""node"":""kwok-node-9""},{""name"":""rs-12-p3-xm7d9"",""cpu_m"":533,""mem_b"":819270440,""priority"":""3"",""node"":""kwok-node-8""},{""name"":""rs-13-p1-26klb"",""cpu_m"":853,""mem_b"":866210719,""priority"":""1"",""node"":""""},{""name"":""rs-13-p1-4lkq6"",""cpu_m"":853,""mem_b"":866210719,""priority"":""1"",""node"":""""},{""name"":""rs-13-p1-9swtx"",""cpu_m"":853,""mem_b"":866210719,""priority"":""1"",""node"":""""},{""name"":""rs-13-p1-brhmq"",""cpu_m"":853,""mem_b"":866210719,""priority"":""1"",""node"":""""},{""name"":""rs-14-p4-frhbv"",""cpu_m"":260,""mem_b"":778631983,""priority"":""4"",""node"":""kwok-node-10""},{""name"":""rs-15-p2-p9f4t"",""cpu_m"":308,""mem_b"":643215567,""priority"":""2"",""node"":""kwok-node-4""},{""name"":""rs-16-p4-84hvg"",""cpu_m"":386,""mem_b"":718137024,""priority"":""4"",""node"":""kwok-node-6""},{""name"":""rs-16-p4-fktxc"",""cpu_m"":386,""mem_b"":718137024,""priority"":""4"",""node"":""kwok-node-18""},{""name"":""rs-16-p4-vscv7"",""cpu_m"":386,""mem_b"":718137024,""priority"":""4"",""node"":""kwok-node-12""},{""name"":""rs-16-p4-zz77p"",""cpu_m"":386,""mem_b"":718137024,""priority"":""4"",""node"":""kwok-node-32""},{""name"":""rs-17-p2-7msj6"",""cpu_m"":226,""mem_b"":283452006,""priority"":""2"",""node"":""kwok-node-20""},{""name"":""rs-17-p2-hcxzc"",""cpu_m"":226,""mem_b"":283452006,""priority"":""2"",""node"":""kwok-node-16""},{""name"":""rs-18-p2-fw2hl"",""cpu_m"":878,""mem_b"":570104031,""priority"":""2"",""node"":""kwok-node-15""},{""name"":""rs-19-p1-kqbx5"",""cpu_m"":471,""mem_b"":297322776,""priority"":""1"",""node"":""kwok-node-32""},{""name"":""rs-20-p3-f8rcp"",""cpu_m"":969,""mem_b"":831978866,""priority"":""3"",""node"":""kwok-node-20""},{""name"":""rs-20-p3-jgn8t"",""cpu_m"":969,""mem_b"":831978866,""priority"":""3"",""node"":""kwok-node-16""},{""name"":""rs-21-p1-8mgb9"",""cpu_m"":866,""mem_b"":753312480,""priority"":""1"",""node"":""""},{""name"":""rs-21-p1-r7xtt"",""cpu_m"":866,""mem_b"":753312480,""priority"":""1"",""node"":""""},{""name"":""rs-22-p3-2wn87"",""cpu_m"":946,""mem_b"":369282960,""priority"":""3"",""node"":""kwok-node-30""},{""name"":""rs-22-p3-nkxhb"",""cpu_m"":946,""mem_b"":369282960,""priority"":""3"",""node"":""kwok-node-28""},{""name"":""rs-23-p3-j5cpg"",""cpu_m"":295,""mem_b"":239155841,""priority"":""3"",""node"":""kwok-node-5""},{""name"":""rs-23-p3-sgzxl"",""cpu_m"":295,""mem_b"":239155841,""priority"":""3"",""node"":""kwok-node-31""},{""name"":""rs-24-p1-rtt2g"",""cpu_m"":395,""mem_b"":778653201,""priority"":""1"",""node"":""""},{""name"":""rs-24-p1-x655j"",""cpu_m"":395,""mem_b"":778653201,""priority"":""1"",""node"":""""},{""name"":""rs-25-p1-hc6tw"",""cpu_m"":910,""mem_b"":354055184,""priority"":""1"",""node"":""""},{""name"":""rs-26-p2-smwgg"",""cpu_m"":240,""mem_b"":482691174,""priority"":""2"",""node"":""kwok-node-24""},{""name"":""rs-27-p2-z45hq"",""cpu_m"":798,""mem_b"":650578176,""priority"":""2"",""node"":""kwok-node-21""},{""name"":""rs-28-p3-b58t6"",""cpu_m"":303,""mem_b"":500750475,""priority"":""3"",""node"":""kwok-node-29""},{""name"":""rs-28-p3-bzf8r"",""cpu_m"":303,""mem_b"":500750475,""priority"":""3"",""node"":""kwok-node-13""},{""name"":""rs-28-p3-x6h4w"",""cpu_m"":303,""mem_b"":500750475,""priority"":""3"",""node"":""kwok-node-26""},{""name"":""rs-28-p3-xjdbp"",""cpu_m"":303,""mem_b"":500750475,""priority"":""3"",""node"":""kwok-node-25""},{""name"":""rs-29-p3-7wbpw"",""cpu_m"":737,""mem_b"":627691024,""priority"":""3"",""node"":""kwok-node-19""},{""name"":""rs-29-p3-8lqcw"",""cpu_m"":737,""mem_b"":627691024,""priority"":""3"",""node"":""kwok-node-22""},{""name"":""rs-29-p3-ng2tk"",""cpu_m"":737,""mem_b"":627691024,""priority"":""3"",""node"":""kwok-node-23""},{""name"":""rs-30-p4-h2qz7"",""cpu_m"":634,""mem_b"":931912592,""priority"":""4"",""node"":""kwok-node-17""},{""name"":""rs-30-p4-zzpkq"",""cpu_m"":634,""mem_b"":931912592,""priority"":""4"",""node"":""kwok-node-24""},{""name"":""rs-31-p3-jw7xj"",""cpu_m"":260,""mem_b"":988145635,""priority"":""3"",""node"":""kwok-node-26""},{""name"":""rs-31-p3-lcxgw"",""cpu_m"":260,""mem_b"":988145635,""priority"":""3"",""node"":""kwok-node-12""},{""name"":""rs-32-p3-6btnc"",""cpu_m"":898,""mem_b"":900533892,""priority"":""3"",""node"":""kwok-node-10""},{""name"":""rs-32-p3-6n2s2"",""cpu_m"":898,""mem_b"":900533892,""priority"":""3"",""node"":""kwok-node-4""},{""name"":""rs-32-p3-s4xvd"",""cpu_m"":898,""mem_b"":900533892,""priority"":""3"",""node"":""kwok-node-7""},{""name"":""rs-33-p3-8skb2"",""cpu_m"":189,""mem_b"":383415106,""priority"":""3"",""node"":""kwok-node-6""},{""name"":""rs-33-p3-tqnhz"",""cpu_m"":189,""mem_b"":383415106,""priority"":""3"",""node"":""kwok-node-32""},{""name"":""rs-34-p4-j659c"",""cpu_m"":942,""mem_b"":779878673,""priority"":""4"",""node"":""kwok-node-31""},{""name"":""rs-34-p4-tg2bc"",""cpu_m"":942,""mem_b"":779878673,""priority"":""4"",""node"":""kwok-node-5""},{""name"":""rs-35-p4-f8h7b"",""cpu_m"":166,""mem_b"":555840818,""priority"":""4"",""node"":""kwok-node-3""},{""name"":""rs-36-p1-k2b8n"",""cpu_m"":461,""mem_b"":601768177,""priority"":""1"",""node"":""""},{""name"":""rs-36-p1-k4q82"",""cpu_m"":461,""mem_b"":601768177,""priority"":""1"",""node"":""""},{""name"":""rs-37-p1-ncdww"",""cpu_m"":984,""mem_b"":149301380,""priority"":""1"",""node"":""""},{""name"":""rs-38-p4-79qj5"",""cpu_m"":595,""mem_b"":582294002,""priority"":""4"",""node"":""kwok-node-27""},{""name"":""rs-38-p4-lw8bk"",""cpu_m"":595,""mem_b"":582294002,""priority"":""4"",""node"":""kwok-node-15""},{""name"":""rs-38-p4-qhbg7"",""cpu_m"":595,""mem_b"":582294002,""priority"":""4"",""node"":""kwok-node-28""},{""name"":""rs-39-p3-7gr4n"",""cpu_m"":819,""mem_b"":624693012,""priority"":""3"",""node"":""kwok-node-2""},{""name"":""rs-39-p3-m587k"",""cpu_m"":819,""mem_b"":624693012,""priority"":""3"",""node"":""kwok-node-11""},{""name"":""rs-40-p4-gs6d6"",""cpu_m"":916,""mem_b"":311171997,""priority"":""4"",""node"":""kwok-node-22""},{""name"":""rs-41-p3-5vhqb"",""cpu_m"":625,""mem_b"":850326072,""priority"":""3"",""node"":""kwok-node-14""},{""name"":""rs-41-p3-cztrp"",""cpu_m"":625,""mem_b"":850326072,""priority"":""3"",""node"":""kwok-node-30""},{""name"":""rs-41-p3-dgqqs"",""cpu_m"":625,""mem_b"":850326072,""priority"":""3"",""node"":""kwok-node-25""},{""name"":""rs-41-p3-nzt59"",""cpu_m"":625,""mem_b"":850326072,""priority"":""3"",""node"":""kwok-node-1""},{""name"":""rs-42-p3-mgrcz"",""cpu_m"":446,""mem_b"":407968841,""priority"":""3"",""node"":""kwok-node-6""},{""name"":""rs-42-p3-v5s4z"",""cpu_m"":446,""mem_b"":407968841,""priority"":""3"",""node"":""kwok-node-32""},{""name"":""rs-43-p2-kwtbs"",""cpu_m"":317,""mem_b"":558898145,""priority"":""2"",""node"":""kwok-node-18""},{""name"":""rs-43-p2-ngs6f"",""cpu_m"":317,""mem_b"":558898145,""priority"":""2"",""node"":""kwok-node-21""},{""name"":""rs-43-p2-ph7x7"",""cpu_m"":317,""mem_b"":558898145,""priority"":""2"",""node"":""kwok-node-19""},{""name"":""rs-44-p2-79mpp"",""cpu_m"":662,""mem_b"":390874013,""priority"":""2"",""node"":""kwok-node-16""},{""name"":""rs-44-p2-9n72m"",""cpu_m"":662,""mem_b"":390874013,""priority"":""2"",""node"":""kwok-node-20""},{""name"":""rs-45-p3-tfsfp"",""cpu_m"":738,""mem_b"":743411282,""priority"":""3"",""node"":""kwok-node-9""},{""name"":""rs-46-p2-7mgfs"",""cpu_m"":883,""mem_b"":823803332,""priority"":""2"",""node"":""kwok-node-29""},{""name"":""rs-46-p2-9k7fn"",""cpu_m"":883,""mem_b"":823803332,""priority"":""2"",""node"":""kwok-node-8""},{""name"":""rs-46-p2-r62s7"",""cpu_m"":883,""mem_b"":823803332,""priority"":""2"",""node"":""kwok-node-13""},{""name"":""rs-47-p2-wsb2k"",""cpu_m"":883,""mem_b"":414091934,""priority"":""2"",""node"":""kwok-node-14""},{""name"":""rs-48-p3-n66wk"",""cpu_m"":749,""mem_b"":370988956,""priority"":""3"",""node"":""kwok-node-23""},{""name"":""rs-48-p3-tm24m"",""cpu_m"":749,""mem_b"":370988956,""priority"":""3"",""node"":""kwok-node-26""},{""name"":""rs-48-p3-xt2f8"",""cpu_m"":749,""mem_b"":370988956,""priority"":""3"",""node"":""kwok-node-12""},{""name"":""rs-49-p2-2zfq2"",""cpu_m"":510,""mem_b"":844773926,""priority"":""2"",""node"":""kwok-node-23""},{""name"":""rs-49-p2-f8tcx"",""cpu_m"":510,""mem_b"":844773926,""priority"":""2"",""node"":""kwok-node-2""},{""name"":""rs-50-p4-b2q8v"",""cpu_m"":790,""mem_b"":603631151,""priority"":""4"",""node"":""kwok-node-18""},{""name"":""rs-50-p4-jlm7g"",""cpu_m"":790,""mem_b"":603631151,""priority"":""4"",""node"":""kwok-node-3""},{""name"":""rs-51-p2-25lcg"",""cpu_m"":572,""mem_b"":953081010,""priority"":""2"",""node"":""kwok-node-15""},{""name"":""rs-51-p2-h6rd5"",""cpu_m"":572,""mem_b"":953081010,""priority"":""2"",""node"":""kwok-node-1""},{""name"":""rs-51-p2-s695l"",""cpu_m"":572,""mem_b"":953081010,""priority"":""2"",""node"":""kwok-node-14""},{""name"":""rs-52-p3-nv2cp"",""cpu_m"":378,""mem_b"":470065979,""priority"":""3"",""node"":""kwok-node-17""},{""name"":""rs-53-p1-2scx6"",""cpu_m"":241,""mem_b"":378036897,""priority"":""1"",""node"":""kwok-node-5""},{""name"":""rs-53-p1-jph6w"",""cpu_m"":241,""mem_b"":378036897,""priority"":""1"",""node"":""kwok-node-24""},{""name"":""rs-53-p1-nr2n8"",""cpu_m"":241,""mem_b"":378036897,""priority"":""1"",""node"":""kwok-node-10""},{""name"":""rs-53-p1-wr8c6"",""cpu_m"":241,""mem_b"":378036897,""priority"":""1"",""node"":""kwok-node-22""},{""name"":""rs-54-p2-dr4zz"",""cpu_m"":925,""mem_b"":621068050,""priority"":""2"",""node"":""kwok-node-11""},{""name"":""rs-54-p2-fpjj8"",""cpu_m"":925,""mem_b"":621068050,""priority"":""2"",""node"":""kwok-node-27""},{""name"":""rs-54-p2-nlvzm"",""cpu_m"":925,""mem_b"":621068050,""priority"":""2"",""node"":""kwok-node-7""},{""name"":""rs-55-p4-2v4lz"",""cpu_m"":826,""mem_b"":368392753,""priority"":""4"",""node"":""kwok-node-9""},{""name"":""rs-56-p3-64w97"",""cpu_m"":326,""mem_b"":662877363,""priority"":""3"",""node"":""kwok-node-7""},{""name"":""rs-57-p4-r2n5p"",""cpu_m"":818,""mem_b"":172377474,""priority"":""4"",""node"":""kwok-node-19""},{""name"":""rs-58-p2-24jcp"",""cpu_m"":695,""mem_b"":318787091,""priority"":""2"",""node"":""kwok-node-8""},{""name"":""rs-59-p1-m4kt7"",""cpu_m"":540,""mem_b"":249361692,""priority"":""1"",""node"":""kwok-node-1""},{""name"":""rs-59-p1-s6tdm"",""cpu_m"":540,""mem_b"":249361692,""priority"":""1"",""node"":""kwok-node-18""},{""name"":""rs-60-p2-8l6t5"",""cpu_m"":320,""mem_b"":689141799,""priority"":""2"",""node"":""kwok-node-3""},{""name"":""rs-60-p2-clq6n"",""cpu_m"":320,""mem_b"":689141799,""priority"":""2"",""node"":""kwok-node-11""}]","[{""name"":""rs-01-p4-fr5xl"",""cpu_m"":627,""mem_b"":136520904,""priority"":""4"",""node"":""kwok-node-12""},{""name"":""rs-01-p4-t464f"",""cpu_m"":627,""mem_b"":136520904,""priority"":""4"",""node"":""kwok-node-10""},{""name"":""rs-02-p1-7k8k2"",""cpu_m"":104,""mem_b"":438040737,""priority"":""1"",""node"":""kwok-node-16""},{""name"":""rs-02-p1-c9dkc"",""cpu_m"":104,""mem_b"":438040737,""priority"":""1"",""node"":""kwok-node-11""},{""name"":""rs-02-p1-w6ml2"",""cpu_m"":104,""mem_b"":438040737,""priority"":""1"",""node"":""kwok-node-20""},{""name"":""rs-02-p1-wfscl"",""cpu_m"":104,""mem_b"":438040737,""priority"":""1"",""node"":""kwok-node-18""},{""name"":""rs-03-p4-mw4vb"",""cpu_m"":175,""mem_b"":878623107,""priority"":""4"",""node"":""kwok-node-22""},{""name"":""rs-03-p4-wvvzg"",""cpu_m"":175,""mem_b"":878623107,""priority"":""4"",""node"":""kwok-node-19""},{""name"":""rs-04-p1-4rj86"",""cpu_m"":124,""mem_b"":632298139,""priority"":""1"",""node"":""kwok-node-23""},{""name"":""rs-04-p1-glbkg"",""cpu_m"":124,""mem_b"":632298139,""priority"":""1"",""node"":""kwok-node-15""},{""name"":""rs-05-p4-5qf54"",""cpu_m"":304,""mem_b"":152294409,""priority"":""4"",""node"":""kwok-node-1""},{""name"":""rs-06-p1-w2npn"",""cpu_m"":337,""mem_b"":402141762,""priority"":""1"",""node"":""kwok-node-14""},{""name"":""rs-07-p4-t9qlx"",""cpu_m"":873,""mem_b"":580999393,""priority"":""4"",""node"":""kwok-node-25""},{""name"":""rs-07-p4-tfjjk"",""cpu_m"":873,""mem_b"":580999393,""priority"":""4"",""node"":""kwok-node-29""},{""name"":""rs-07-p4-tnq7v"",""cpu_m"":873,""mem_b"":580999393,""priority"":""4"",""node"":""kwok-node-17""},{""name"":""rs-07-p4-xw2vc"",""cpu_m"":873,""mem_b"":580999393,""priority"":""4"",""node"":""kwok-node-13""},{""name"":""rs-08-p2-2dhsn"",""cpu_m"":827,""mem_b"":249722224,""priority"":""2"",""node"":""kwok-node-24""},{""name"":""rs-08-p2-55m9j"",""cpu_m"":827,""mem_b"":249722224,""priority"":""2"",""node"":""kwok-node-26""},{""name"":""rs-08-p2-wdtzk"",""cpu_m"":827,""mem_b"":249722224,""priority"":""2"",""node"":""kwok-node-3""},{""name"":""rs-09-p2-zl9k5"",""cpu_m"":764,""mem_b"":452667702,""priority"":""2"",""node"":""kwok-node-2""},{""name"":""rs-10-p2-fx6zk"",""cpu_m"":206,""mem_b"":859091789,""priority"":""2"",""node"":""kwok-node-21""},{""name"":""rs-10-p2-xr5w8"",""cpu_m"":206,""mem_b"":859091789,""priority"":""2"",""node"":""kwok-node-28""},{""name"":""rs-10-p2-zmnwg"",""cpu_m"":206,""mem_b"":859091789,""priority"":""2"",""node"":""kwok-node-30""},{""name"":""rs-10-p2-zpv2g"",""cpu_m"":206,""mem_b"":859091789,""priority"":""2"",""node"":""kwok-node-27""},{""name"":""rs-11-p3-lsfwk"",""cpu_m"":633,""mem_b"":248794204,""priority"":""3"",""node"":""kwok-node-6""},{""name"":""rs-11-p3-lxzjz"",""cpu_m"":633,""mem_b"":248794204,""priority"":""3"",""node"":""kwok-node-4""},{""name"":""rs-11-p3-mg8ct"",""cpu_m"":633,""mem_b"":248794204,""priority"":""3"",""node"":""kwok-node-32""},{""name"":""rs-12-p3-4m4wm"",""cpu_m"":533,""mem_b"":819270440,""priority"":""3"",""node"":""kwok-node-5""},{""name"":""rs-12-p3-hmf9q"",""cpu_m"":533,""mem_b"":819270440,""priority"":""3"",""node"":""kwok-node-31""},{""name"":""rs-12-p3-qnlx6"",""cpu_m"":533,""mem_b"":819270440,""priority"":""3"",""node"":""kwok-node-9""},{""name"":""rs-12-p3-xm7d9"",""cpu_m"":533,""mem_b"":819270440,""priority"":""3"",""node"":""kwok-node-8""},{""name"":""rs-13-p1-6ht89"",""cpu_m"":853,""mem_b"":866210719,""priority"":""1"",""node"":""kwok-node-1""},{""name"":""rs-13-p1-796z2"",""cpu_m"":853,""mem_b"":866210719,""priority"":""1"",""node"":""kwok-node-11""},{""name"":""rs-13-p1-nbn88"",""cpu_m"":853,""mem_b"":866210719,""priority"":""1"",""node"":""kwok-node-7""},{""name"":""rs-13-p1-vwnhx"",""cpu_m"":853,""mem_b"":866210719,""priority"":""1"",""node"":""kwok-node-14""},{""name"":""rs-14-p4-frhbv"",""cpu_m"":260,""mem_b"":778631983,""priority"":""4"",""node"":""kwok-node-10""},{""name"":""rs-15-p2-p9f4t"",""cpu_m"":308,""mem_b"":643215567,""priority"":""2"",""node"":""kwok-node-4""},{""name"":""rs-16-p4-84hvg"",""cpu_m"":386,""mem_b"":718137024,""priority"":""4"",""node"":""kwok-node-6""},{""name"":""rs-16-p4-fktxc"",""cpu_m"":386,""mem_b"":718137024,""priority"":""4"",""node"":""kwok-node-18""},{""name"":""rs-16-p4-vscv7"",""cpu_m"":386,""mem_b"":718137024,""priority"":""4"",""node"":""kwok-node-12""},{""name"":""rs-16-p4-zz77p"",""cpu_m"":386,""mem_b"":718137024,""priority"":""4"",""node"":""kwok-node-32""},{""name"":""rs-17-p2-7msj6"",""cpu_m"":226,""mem_b"":283452006,""priority"":""2"",""node"":""kwok-node-20""},{""name"":""rs-17-p2-hcxzc"",""cpu_m"":226,""mem_b"":283452006,""priority"":""2"",""node"":""kwok-node-16""},{""name"":""rs-18-p2-fw2hl"",""cpu_m"":878,""mem_b"":570104031,""priority"":""2"",""node"":""kwok-node-15""},{""name"":""rs-19-p1-f6m6g"",""cpu_m"":471,""mem_b"":297322776,""priority"":""1"",""node"":""kwok-node-23""},{""name"":""rs-20-p3-f8rcp"",""cpu_m"":969,""mem_b"":831978866,""priority"":""3"",""node"":""kwok-node-20""},{""name"":""rs-20-p3-jgn8t"",""cpu_m"":969,""mem_b"":831978866,""priority"":""3"",""node"":""kwok-node-16""},{""name"":""rs-21-p1-dwrqx"",""cpu_m"":866,""mem_b"":753312480,""priority"":""1"",""node"":""kwok-node-9""},{""name"":""rs-21-p1-gs5n9"",""cpu_m"":866,""mem_b"":753312480,""priority"":""1"",""node"":""kwok-node-8""},{""name"":""rs-22-p3-2wn87"",""cpu_m"":946,""mem_b"":369282960,""priority"":""3"",""node"":""kwok-node-30""},{""name"":""rs-22-p3-nkxhb"",""cpu_m"":946,""mem_b"":369282960,""priority"":""3"",""node"":""kwok-node-28""},{""name"":""rs-23-p3-j5cpg"",""cpu_m"":295,""mem_b"":239155841,""priority"":""3"",""node"":""kwok-node-5""},{""name"":""rs-23-p3-sgzxl"",""cpu_m"":295,""mem_b"":239155841,""priority"":""3"",""node"":""kwok-node-31""},{""name"":""rs-24-p1-l698l"",""cpu_m"":395,""mem_b"":778653201,""priority"":""1"",""node"":""kwok-node-2""},{""name"":""rs-24-p1-wkvln"",""cpu_m"":395,""mem_b"":778653201,""priority"":""1"",""node"":""kwok-node-3""},{""name"":""rs-25-p1-kmhr6"",""cpu_m"":910,""mem_b"":354055184,""priority"":""1"",""node"":""kwok-node-27""},{""name"":""rs-26-p2-smwgg"",""cpu_m"":240,""mem_b"":482691174,""priority"":""2"",""node"":""kwok-node-24""},{""name"":""rs-27-p2-z45hq"",""cpu_m"":798,""mem_b"":650578176,""priority"":""2"",""node"":""kwok-node-21""},{""name"":""rs-28-p3-b58t6"",""cpu_m"":303,""mem_b"":500750475,""priority"":""3"",""node"":""kwok-node-29""},{""name"":""rs-28-p3-bzf8r"",""cpu_m"":303,""mem_b"":500750475,""priority"":""3"",""node"":""kwok-node-13""},{""name"":""rs-28-p3-x6h4w"",""cpu_m"":303,""mem_b"":500750475,""priority"":""3"",""node"":""kwok-node-26""},{""name"":""rs-28-p3-xjdbp"",""cpu_m"":303,""mem_b"":500750475,""priority"":""3"",""node"":""kwok-node-25""},{""name"":""rs-29-p3-7wbpw"",""cpu_m"":737,""mem_b"":627691024,""priority"":""3"",""node"":""kwok-node-19""},{""name"":""rs-29-p3-8lqcw"",""cpu_m"":737,""mem_b"":627691024,""priority"":""3"",""node"":""kwok-node-22""},{""name"":""rs-29-p3-ng2tk"",""cpu_m"":737,""mem_b"":627691024,""priority"":""3"",""node"":""kwok-node-23""},{""name"":""rs-30-p4-h2qz7"",""cpu_m"":634,""mem_b"":931912592,""priority"":""4"",""node"":""kwok-node-17""},{""name"":""rs-30-p4-zzpkq"",""cpu_m"":634,""mem_b"":931912592,""priority"":""4"",""node"":""kwok-node-24""},{""name"":""rs-31-p3-jw7xj"",""cpu_m"":260,""mem_b"":988145635,""priority"":""3"",""node"":""kwok-node-26""},{""name"":""rs-31-p3-lcxgw"",""cpu_m"":260,""mem_b"":988145635,""priority"":""3"",""node"":""kwok-node-12""},{""name"":""rs-32-p3-6btnc"",""cpu_m"":898,""mem_b"":900533892,""priority"":""3"",""node"":""kwok-node-10""},{""name"":""rs-32-p3-6n2s2"",""cpu_m"":898,""mem_b"":900533892,""priority"":""3"",""node"":""kwok-node-4""},{""name"":""rs-32-p3-s4xvd"",""cpu_m"":898,""mem_b"":900533892,""priority"":""3"",""node"":""kwok-node-7""},{""name"":""rs-33-p3-8skb2"",""cpu_m"":189,""mem_b"":383415106,""priority"":""3"",""node"":""kwok-node-6""},{""name"":""rs-33-p3-tqnhz"",""cpu_m"":189,""mem_b"":383415106,""priority"":""3"",""node"":""kwok-node-32""},{""name"":""rs-34-p4-j659c"",""cpu_m"":942,""mem_b"":779878673,""priority"":""4"",""node"":""kwok-node-31""},{""name"":""rs-34-p4-tg2bc"",""cpu_m"":942,""mem_b"":779878673,""priority"":""4"",""node"":""kwok-node-5""},{""name"":""rs-35-p4-f8h7b"",""cpu_m"":166,""mem_b"":555840818,""priority"":""4"",""node"":""kwok-node-3""},{""name"":""rs-36-p1-tqkgb"",""cpu_m"":461,""mem_b"":601768177,""priority"":""1"",""node"":""kwok-node-29""},{""name"":""rs-36-p1-zfnq8"",""cpu_m"":461,""mem_b"":601768177,""priority"":""1"",""node"":""kwok-node-13""},{""name"":""rs-37-p1-lrgf4"",""cpu_m"":984,""mem_b"":149301380,""priority"":""1"",""node"":""kwok-node-18""},{""name"":""rs-38-p4-79qj5"",""cpu_m"":595,""mem_b"":582294002,""priority"":""4"",""node"":""kwok-node-27""},{""name"":""rs-38-p4-lw8bk"",""cpu_m"":595,""mem_b"":582294002,""priority"":""4"",""node"":""kwok-node-15""},{""name"":""rs-38-p4-qhbg7"",""cpu_m"":595,""mem_b"":582294002,""priority"":""4"",""node"":""kwok-node-28""},{""name"":""rs-39-p3-7gr4n"",""cpu_m"":819,""mem_b"":624693012,""priority"":""3"",""node"":""kwok-node-2""},{""name"":""rs-39-p3-m587k"",""cpu_m"":819,""mem_b"":624693012,""priority"":""3"",""node"":""kwok-node-11""},{""name"":""rs-40-p4-gs6d6"",""cpu_m"":916,""mem_b"":311171997,""priority"":""4"",""node"":""kwok-node-22""},{""name"":""rs-41-p3-5vhqb"",""cpu_m"":625,""mem_b"":850326072,""priority"":""3"",""node"":""kwok-node-14""},{""name"":""rs-41-p3-cztrp"",""cpu_m"":625,""mem_b"":850326072,""priority"":""3"",""node"":""kwok-node-30""},{""name"":""rs-41-p3-dgqqs"",""cpu_m"":625,""mem_b"":850326072,""priority"":""3"",""node"":""kwok-node-25""},{""name"":""rs-41-p3-nzt59"",""cpu_m"":625,""mem_b"":850326072,""priority"":""3"",""node"":""kwok-node-1""},{""name"":""rs-42-p3-mgrcz"",""cpu_m"":446,""mem_b"":407968841,""priority"":""3"",""node"":""kwok-node-6""},{""name"":""rs-42-p3-v5s4z"",""cpu_m"":446,""mem_b"":407968841,""priority"":""3"",""node"":""kwok-node-32""},{""name"":""rs-43-p2-kwtbs"",""cpu_m"":317,""mem_b"":558898145,""priority"":""2"",""node"":""kwok-node-18""},{""name"":""rs-43-p2-ngs6f"",""cpu_m"":317,""mem_b"":558898145,""priority"":""2"",""node"":""kwok-node-21""},{""name"":""rs-43-p2-ph7x7"",""cpu_m"":317,""mem_b"":558898145,""priority"":""2"",""node"":""kwok-node-19""},{""name"":""rs-44-p2-79mpp"",""cpu_m"":662,""mem_b"":390874013,""priority"":""2"",""node"":""kwok-node-16""},{""name"":""rs-44-p2-9n72m"",""cpu_m"":662,""mem_b"":390874013,""priority"":""2"",""node"":""kwok-node-20""},{""name"":""rs-45-p3-tfsfp"",""cpu_m"":738,""mem_b"":743411282,""priority"":""3"",""node"":""""},{""name"":""rs-46-p2-7mgfs"",""cpu_m"":883,""mem_b"":823803332,""priority"":""2"",""node"":""""},{""name"":""rs-46-p2-9k7fn"",""cpu_m"":883,""mem_b"":823803332,""priority"":""2"",""node"":""""},{""name"":""rs-46-p2-r62s7"",""cpu_m"":883,""mem_b"":823803332,""priority"":""2"",""node"":""""},{""name"":""rs-47-p2-wsb2k"",""cpu_m"":883,""mem_b"":414091934,""priority"":""2"",""node"":""""},{""name"":""rs-48-p3-n66wk"",""cpu_m"":749,""mem_b"":370988956,""priority"":""3"",""node"":""kwok-node-23""},{""name"":""rs-48-p3-tm24m"",""cpu_m"":749,""mem_b"":370988956,""priority"":""3"",""node"":""kwok-node-26""},{""name"":""rs-48-p3-xt2f8"",""cpu_m"":749,""mem_b"":370988956,""priority"":""3"",""node"":""kwok-node-12""},{""name"":""rs-49-p2-2zfq2"",""cpu_m"":510,""mem_b"":844773926,""priority"":""2"",""node"":""""},{""name"":""rs-49-p2-f8tcx"",""cpu_m"":510,""mem_b"":844773926,""priority"":""2"",""node"":""""},{""name"":""rs-50-p4-b2q8v"",""cpu_m"":790,""mem_b"":603631151,""priority"":""4"",""node"":""""},{""name"":""rs-50-p4-jlm7g"",""cpu_m"":790,""mem_b"":603631151,""priority"":""4"",""node"":""""},{""name"":""rs-51-p2-25lcg"",""cpu_m"":572,""mem_b"":953081010,""priority"":""2"",""node"":""""},{""name"":""rs-51-p2-h6rd5"",""cpu_m"":572,""mem_b"":953081010,""priority"":""2"",""node"":""""},{""name"":""rs-51-p2-s695l"",""cpu_m"":572,""mem_b"":953081010,""priority"":""2"",""node"":""""},{""name"":""rs-52-p3-nv2cp"",""cpu_m"":378,""mem_b"":470065979,""priority"":""3"",""node"":""kwok-node-17""},{""name"":""rs-53-p1-7jkhj"",""cpu_m"":241,""mem_b"":378036897,""priority"":""1"",""node"":""kwok-node-8""},{""name"":""rs-53-p1-9fwtf"",""cpu_m"":241,""mem_b"":378036897,""priority"":""1"",""node"":""kwok-node-3""},{""name"":""rs-53-p1-j68zk"",""cpu_m"":241,""mem_b"":378036897,""priority"":""1"",""node"":""kwok-node-9""},{""name"":""rs-53-p1-jph6w"",""cpu_m"":241,""mem_b"":378036897,""priority"":""1"",""node"":""kwok-node-24""},{""name"":""rs-54-p2-dr4zz"",""cpu_m"":925,""mem_b"":621068050,""priority"":""2"",""node"":""""},{""name"":""rs-54-p2-fpjj8"",""cpu_m"":925,""mem_b"":621068050,""priority"":""2"",""node"":""""},{""name"":""rs-54-p2-nlvzm"",""cpu_m"":925,""mem_b"":621068050,""priority"":""2"",""node"":""""},{""name"":""rs-55-p4-2v4lz"",""cpu_m"":826,""mem_b"":368392753,""priority"":""4"",""node"":""""},{""name"":""rs-56-p3-64w97"",""cpu_m"":326,""mem_b"":662877363,""priority"":""3"",""node"":""""},{""name"":""rs-57-p4-r2n5p"",""cpu_m"":818,""mem_b"":172377474,""priority"":""4"",""node"":""kwok-node-19""},{""name"":""rs-58-p2-24jcp"",""cpu_m"":695,""mem_b"":318787091,""priority"":""2"",""node"":""""},{""name"":""rs-59-p1-m4kt7"",""cpu_m"":540,""mem_b"":249361692,""priority"":""1"",""node"":""""},{""name"":""rs-59-p1-r56vd"",""cpu_m"":540,""mem_b"":249361692,""priority"":""1"",""node"":""kwok-node-15""},{""name"":""rs-60-p2-8l6t5"",""cpu_m"":320,""mem_b"":689141799,""priority"":""2"",""node"":""""},{""name"":""rs-60-p2-clq6n"",""cpu_m"":320,""mem_b"":689141799,""priority"":""2"",""node"":""""}]","[{""name"":""kwok-node-1"",""cap_cpu_m"":2152,""cap_mem_bytes"":2250053089},{""name"":""kwok-node-2"",""cap_cpu_m"":2152,""cap_mem_bytes"":2250053089},{""name"":""kwok-node-3"",""cap_cpu_m"":2152,""cap_mem_bytes"":2250053089},{""name"":""kwok-node-4"",""cap_cpu_m"":2152,""cap_mem_bytes"":2250053089},{""name"":""kwok-node-5"",""cap_cpu_m"":2152,""cap_mem_bytes"":2250053089},{""name"":""kwok-node-6"",""cap_cpu_m"":2152,""cap_mem_bytes"":2250053089},{""name"":""kwok-node-7"",""cap_cpu_m"":2152,""cap_mem_bytes"":2250053089},{""name"":""kwok-node-8"",""cap_cpu_m"":2152,""cap_mem_bytes"":2250053089},{""name"":""kwok-node-9"",""cap_cpu_m"":2152,""cap_mem_bytes"":2250053089},{""name"":""kwok-node-10"",""cap_cpu_m"":2152,""cap_mem_bytes"":2250053089},{""name"":""kwok-node-11"",""cap_cpu_m"":2152,""cap_mem_bytes"":2250053089},{""name"":""kwok-node-12"",""cap_cpu_m"":2152,""cap_mem_bytes"":2250053089},{""name"":""kwok-node-13"",""cap_cpu_m"":2152,""cap_mem_bytes"":2250053089},{""name"":""kwok-node-14"",""cap_cpu_m"":2152,""cap_mem_bytes"":2250053089},{""name"":""kwok-node-15"",""cap_cpu_m"":2152,""cap_mem_bytes"":2250053089},{""name"":""kwok-node-16"",""cap_cpu_m"":2152,""cap_mem_bytes"":2250053089},{""name"":""kwok-node-17"",""cap_cpu_m"":2152,""cap_mem_bytes"":2250053089},{""name"":""kwok-node-18"",""cap_cpu_m"":2152,""cap_mem_bytes"":2250053089},{""name"":""kwok-node-19"",""cap_cpu_m"":2152,""cap_mem_bytes"":2250053089},{""name"":""kwok-node-20"",""cap_cpu_m"":2152,""cap_mem_bytes"":2250053089},{""name"":""kwok-node-21"",""cap_cpu_m"":2152,""cap_mem_bytes"":2250053089},{""name"":""kwok-node-22"",""cap_cpu_m"":2152,""cap_mem_bytes"":2250053089},{""name"":""kwok-node-23"",""cap_cpu_m"":2152,""cap_mem_bytes"":2250053089},{""name"":""kwok-node-24"",""cap_cpu_m"":2152,""cap_mem_bytes"":2250053089},{""name"":""kwok-node-25"",""cap_cpu_m"":2152,""cap_mem_bytes"":2250053089},{""name"":""kwok-node-26"",""cap_cpu_m"":2152,""cap_mem_bytes"":2250053089},{""name"":""kwok-node-27"",""cap_cpu_m"":2152,""cap_mem_bytes"":2250053089},{""name"":""kwok-node-28"",""cap_cpu_m"":2152,""cap_mem_bytes"":2250053089},{""name"":""kwok-node-29"",""cap_cpu_m"":2152,""cap_mem_bytes"":2250053089},{""name"":""kwok-node-30"",""cap_cpu_m"":2152,""cap_mem_bytes"":2250053089},{""name"":""kwok-node-31"",""cap_cpu_m"":2152,""cap_mem_bytes"":2250053089},{""name"":""kwok-node-32"",""cap_cpu_m"":2152,""cap_mem_bytes"":2250053089}]"
2026/02/11/11:25:38,7956536540478288960,no improving solution from any solver,"{""evicted"":0,""moved"":0,""placed_by_priority"":{""1"":23,""2"":31,""3"":24,""4"":29}}",,,,,"[{""duration_ms"":1046,""name"":""python"",""score"":{""evicted"":0,""moved"":0,""placed_by_priority"":null},""status"":""FAILED""}]",0.839,0.839,0.848,0.848,56079,56079,59064337424,59064337424,107,107,21,21,"{""kwok-node-1"":5,""kwok-node-10"":5,""kwok-node-11"":4,""kwok-node-12"":3,""kwok-node-13"":3,""kwok-node-14"":4,""kwok-node-15"":4,""kwok-node-16"":3,""kwok-node-17"":3,""kwok-node-18"":3,""kwok-node-19"":4,""kwok-node-2"":3,""kwok-node-20"":3,""kwok-node-21"":3,""kwok-node-22"":3,""kwok-node-23"":4,""kwok-node-24"":4,""kwok-node-25"":3,""kwok-node-26"":3,""kwok-node-27"":3,""kwok-node-28"":4,""kwok-node-29"":3,""kwok-node-3"":3,""kwok-node-30"":3,""kwok-node-31"":3,""kwok-node-32"":3,""kwok-node-4"":3,""kwok-node-5"":3,""kwok-node-6"":2,""kwok-node-7"":3,""kwok-node-8"":4,""kwok-node-9"":3}","{""kwok-node-1"":5,""kwok-node-10"":5,""kwok-node-11"":4,""kwok-node-12"":3,""kwok-node-13"":3,""kwok-node-14"":4,""kwok-node-15"":4,""kwok-node-16"":3,""kwok-node-17"":3,""kwok-node-18"":3,""kwok-node-19"":4,""kwok-node-2"":3,""kwok-node-20"":3,""kwok-node-21"":3,""kwok-node-22"":3,""kwok-node-23"":4,""kwok-node-24"":4,""kwok-node-25"":3,""kwok-node-26"":3,""kwok-node-27"":3,""kwok-node-28"":4,""kwok-node-29"":3,""kwok-node-3"":3,""kwok-node-30"":3,""kwok-node-31"":3,""kwok-node-32"":3,""kwok-node-4"":3,""kwok-node-5"":3,""kwok-node-6"":2,""kwok-node-7"":3,""kwok-node-8"":4,""kwok-node-9"":3}","{""p1"":23,""p2"":31,""p3"":24,""p4"":29}","{""p1"":23,""p2"":31,""p3"":24,""p4"":29}","{""p1"":5,""p2"":6,""p3"":8,""p4"":2}","{""p1"":5,""p2"":6,""p3"":8,""p4"":2}","{rs-35-p3-qf9st,rs-38-p1-7hrtm,rs-38-p1-926cj,rs-38-p1-g6gt5,rs-39-p3-6zd8w,rs-39-p3-bvvx6,rs-39-p3-gqkh9,rs-39-p3-w2v78,rs-40-p2-d6wzt,rs-40-p2-vhwx8,rs-41-p3-cbq2k,rs-41-p3-rpwnl,rs-41-p3-wv5gh,rs-43-p1-rsszv,rs-44-p2-hd8ww,rs-44-p2-j5kjc,rs-45-p1-d67cb,rs-46-p4-5qgnb,rs-46-p4-z94qc,rs-48-p2-9d6jt,rs-48-p2-wmrv5}","{rs-35-p3-qf9st,rs-38-p1-7hrtm,rs-38-p1-926cj,rs-38-p1-g6gt5,rs-39-p3-6zd8w,rs-39-p3-bvvx6,rs-39-p3-gqkh9,rs-39-p3-w2v78,rs-40-p2-d6wzt,rs-40-p2-vhwx8,rs-41-p3-cbq2k,rs-41-p3-rpwnl,rs-41-p3-wv5gh,rs-43-p1-rsszv,rs-44-p2-hd8ww,rs-44-p2-j5kjc,rs-45-p1-d67cb,rs-46-p4-5qgnb,rs-46-p4-z94qc,rs-48-p2-9d6jt,rs-48-p2-wmrv5}","{rs-01-p1-n4w27,rs-01-p1-x2d4l,rs-01-p1-xzj58,rs-02-p4-skknx,rs-02-p4-zr82b,rs-03-p2-gvmgb,rs-03-p2-np2j8,rs-03-p2-wckcw,rs-03-p2-zgxwk,rs-04-p4-lxxdf,rs-04-p4-vq7bf,rs-05-p2-fhctg,rs-05-p2-fjbk5,rs-05-p2-q6g78,rs-05-p2-zlmlv,rs-06-p2-9kx6t,rs-06-p2-qmpv2,rs-06-p2-wd6w9,rs-07-p4-22gz8,rs-07-p4-pj6vf,rs-07-p4-sl7vv,rs-08-p1-2nfqw,rs-08-p1-6dn7m,rs-08-p1-9w6w7,rs-08-p1-lkvb4,rs-09-p2-gfftg,rs-10-p3-nqljv,rs-10-p3-pst6b,rs-10-p3-s2nqj,rs-10-p3-z9xgq,rs-11-p3-fvw8w,rs-12-p2-4bvv8,rs-12-p2-kb6cv,rs-12-p2-s7vlt,rs-12-p2-x85k5,rs-13-p3-tgb24,rs-14-p2-chp4j,rs-14-p2-h8qkq,rs-15-p3-25n4h,rs-15-p3-b7cvl,rs-15-p3-mxbtw,rs-15-p3-zvbd7,rs-16-p4-49ff9,rs-16-p4-llltm,rs-17-p2-62gr9,rs-17-p2-ns27f,rs-18-p4-bnwzl,rs-18-p4-p6fsl,rs-19-p4-hrjk9,rs-19-p4-ngtgk,rs-19-p4-xbb97,rs-20-p3-8m9z6,rs-20-p3-djwq6,rs-20-p3-wjk6w,rs-21-p4-5m2b9,rs-21-p4-bkzqv,rs-21-p4-n4t57,rs-21-p4-nr982,rs-22-p1-8hfcs,rs-22-p1-s7q5t,rs-22-p1-wx8xb,rs-23-p3-24gwn,rs-23-p3-2swn4,rs-23-p3-7vlqj,rs-23-p3-b57z4,rs-24-p3-6wldl,rs-24-p3-jgzts,rs-24-p3-pcmw8,rs-25-p1-97l9c,rs-25-p1-rvsgb,rs-26-p1-qjvmd,rs-26-p1-vtdd7,rs-27-p4-qm2b2,rs-27-p4-vz9lv,rs-28-p2-7s8cx,rs-28-p2-knngq,rs-29-p4-6bgqm,rs-29-p4-j66qs,rs-29-p4-jnwjb,rs-29-p4-lw5p6,rs-30-p4-2wnl6,rs-30-p4-lgj48,rs-30-p4-tqdjc,rs-31-p2-ntf2q,rs-32-p2-672s9,rs-32-p2-f67zb,rs-32-p2-k5jq5,rs-33-p1-fx8lx,rs-33-p1-jjvx5,rs-34-p1-dnc2d,rs-34-p1-ff6lk,rs-35-p3-r4wpt,rs-36-p2-sjcbk,rs-36-p2-v5dvk,rs-37-p3-49hwc,rs-37-p3-rxwbx,rs-37-p3-vbtdc,rs-38-p1-zt7gt,rs-42-p2-lmqjf,rs-42-p2-rk665,rs-46-p4-dw9zr,rs-46-p4-qc46c,rs-47-p1-49qk5,rs-47-p1-7949q,rs-47-p1-hdj2w,rs-47-p1-trzlc,rs-48-p2-8jm22}","{rs-01-p1-n4w27,rs-01-p1-x2d4l,rs-01-p1-xzj58,rs-02-p4-skknx,rs-02-p4-zr82b,rs-03-p2-gvmgb,rs-03-p2-np2j8,rs-03-p2-wckcw,rs-03-p2-zgxwk,rs-04-p4-lxxdf,rs-04-p4-vq7bf,rs-05-p2-fhctg,rs-05-p2-fjbk5,rs-05-p2-q6g78,rs-05-p2-zlmlv,rs-06-p2-9kx6t,rs-06-p2-qmpv2,rs-06-p2-wd6w9,rs-07-p4-22gz8,rs-07-p4-pj6vf,rs-07-p4-sl7vv,rs-08-p1-2nfqw,rs-08-p1-6dn7m,rs-08-p1-9w6w7,rs-08-p1-lkvb4,rs-09-p2-gfftg,rs-10-p3-nqljv,rs-10-p3-pst6b,rs-10-p3-s2nqj,rs-10-p3-z9xgq,rs-11-p3-fvw8w,rs-12-p2-4bvv8,rs-12-p2-kb6cv,rs-12-p2-s7vlt,rs-12-p2-x85k5,rs-13-p3-tgb24,rs-14-p2-chp4j,rs-14-p2-h8qkq,rs-15-p3-25n4h,rs-15-p3-b7cvl,rs-15-p3-mxbtw,rs-15-p3-zvbd7,rs-16-p4-49ff9,rs-16-p4-llltm,rs-17-p2-62gr9,rs-17-p2-ns27f,rs-18-p4-bnwzl,rs-18-p4-p6fsl,rs-19-p4-hrjk9,rs-19-p4-ngtgk,rs-19-p4-xbb97,rs-20-p3-8m9z6,rs-20-p3-djwq6,rs-20-p3-wjk6w,rs-21-p4-5m2b9,rs-21-p4-bkzqv,rs-21-p4-n4t57,rs-21-p4-nr982,rs-22-p1-8hfcs,rs-22-p1-s7q5t,rs-22-p1-wx8xb,rs-23-p3-24gwn,rs-23-p3-2swn4,rs-23-p3-7vlqj,rs-23-p3-b57z4,rs-24-p3-6wldl,rs-24-p3-jgzts,rs-24-p3-pcmw8,rs-25-p1-97l9c,rs-25-p1-rvsgb,rs-26-p1-qjvmd,rs-26-p1-vtdd7,rs-27-p4-qm2b2,rs-27-p4-vz9lv,rs-28-p2-7s8cx,rs-28-p2-knngq,rs-29-p4-6bgqm,rs-29-p4-j66qs,rs-29-p4-jnwjb,rs-29-p4-lw5p6,rs-30-p4-2wnl6,rs-30-p4-lgj48,rs-30-p4-tqdjc,rs-31-p2-ntf2q,rs-32-p2-672s9,rs-32-p2-f67zb,rs-32-p2-k5jq5,rs-33-p1-fx8lx,rs-33-p1-jjvx5,rs-34-p1-dnc2d,rs-34-p1-ff6lk,rs-35-p3-r4wpt,rs-36-p2-sjcbk,rs-36-p2-v5dvk,rs-37-p3-49hwc,rs-37-p3-rxwbx,rs-37-p3-vbtdc,rs-38-p1-zt7gt,rs-42-p2-lmqjf,rs-42-p2-rk665,rs-46-p4-dw9zr,rs-46-p4-qc46c,rs-47-p1-49qk5,rs-47-p1-7949q,rs-47-p1-hdj2w,rs-47-p1-trzlc,rs-48-p2-8jm22}","[{""name"":""rs-01-p1-n4w27"",""cpu_m"":159,""mem_b"":213231774,""priority"":""1"",""node"":""kwok-node-1""},{""name"":""rs-01-p1-x2d4l"",""cpu_m"":159,""mem_b"":213231774,""priority"":""1"",""node"":""kwok-node-15""},{""name"":""rs-01-p1-xzj58"",""cpu_m"":159,""mem_b"":213231774,""priority"":""1"",""node"":""kwok-node-16""},{""name"":""rs-02-p4-skknx"",""cpu_m"":900,""mem_b"":575149371,""priority"":""4"",""node"":""kwok-node-22""},{""name"":""rs-02-p4-zr82b"",""cpu_m"":900,""mem_b"":575149371,""priority"":""4"",""node"":""kwok-node-21""},{""name"":""rs-03-p2-gvmgb"",""cpu_m"":295,""mem_b"":250122246,""priority"":""2"",""node"":""kwok-node-19""},{""name"":""rs-03-p2-np2j8"",""cpu_m"":295,""mem_b"":250122246,""priority"":""2"",""node"":""kwok-node-20""},{""name"":""rs-03-p2-wckcw"",""cpu_m"":295,""mem_b"":250122246,""priority"":""2"",""node"":""kwok-node-11""},{""name"":""rs-03-p2-zgxwk"",""cpu_m"":295,""mem_b"":250122246,""priority"":""2"",""node"":""kwok-node-14""},{""name"":""rs-04-p4-lxxdf"",""cpu_m"":451,""mem_b"":723662281,""priority"":""4"",""node"":""kwok-node-23""},{""name"":""rs-04-p4-vq7bf"",""cpu_m"":451,""mem_b"":723662281,""priority"":""4"",""node"":""kwok-node-18""},{""name"":""rs-05-p2-fhctg"",""cpu_m"":932,""mem_b"":406511571,""priority"":""2"",""node"":""kwok-node-13""},{""name"":""rs-05-p2-fjbk5"",""cpu_m"":932,""mem_b"":406511571,""priority"":""2"",""node"":""kwok-node-12""},{""name"":""rs-05-p2-q6g78"",""cpu_m"":932,""mem_b"":406511571,""priority"":""2"",""node"":""kwok-node-2""},{""name"":""rs-05-p2-zlmlv"",""cpu_m"":932,""mem_b"":406511571,""priority"":""2"",""node"":""kwok-node-17""},{""name"":""rs-06-p2-9kx6t"",""cpu_m"":556,""mem_b"":554495856,""priority"":""2"",""node"":""kwok-node-25""},{""name"":""rs-06-p2-qmpv2"",""cpu_m"":556,""mem_b"":554495856,""priority"":""2"",""node"":""kwok-node-10""},{""name"":""rs-06-p2-wd6w9"",""cpu_m"":556,""mem_b"":554495856,""priority"":""2"",""node"":""kwok-node-24""},{""name"":""rs-07-p4-22gz8"",""cpu_m"":698,""mem_b"":784870873,""priority"":""4"",""node"":""kwok-node-3""},{""name"":""rs-07-p4-pj6vf"",""cpu_m"":698,""mem_b"":784870873,""priority"":""4"",""node"":""kwok-node-28""},{""name"":""rs-07-p4-sl7vv"",""cpu_m"":698,""mem_b"":784870873,""priority"":""4"",""node"":""kwok-node-30""},{""name"":""rs-08-p1-2nfqw"",""cpu_m"":594,""mem_b"":816563142,""priority"":""1"",""node"":""kwok-node-15""},{""name"":""rs-08-p1-6dn7m"",""cpu_m"":594,""mem_b"":816563142,""priority"":""1"",""node"":""kwok-node-29""},{""name"":""rs-08-p1-9w6w7"",""cpu_m"":594,""mem_b"":816563142,""priority"":""1"",""node"":""kwok-node-26""},{""name"":""rs-08-p1-lkvb4"",""cpu_m"":594,""mem_b"":816563142,""priority"":""1"",""node"":""kwok-node-27""},{""name"":""rs-09-p2-gfftg"",""cpu_m"":249,""mem_b"":570261739,""priority"":""2"",""node"":""kwok-node-1""},{""name"":""rs-10-p3-nqljv"",""cpu_m"":787,""mem_b"":757949607,""priority"":""3"",""node"":""kwok-node-14""},{""name"":""rs-10-p3-pst6b"",""cpu_m"":787,""mem_b"":757949607,""priority"":""3"",""node"":""kwok-node-19""},{""name"":""rs-10-p3-s2nqj"",""cpu_m"":787,""mem_b"":757949607,""priority"":""3"",""node"":""kwok-node-20""},{""name"":""rs-10-p3-z9xgq"",""cpu_m"":787,""mem_b"":757949607,""priority"":""3"",""node"":""kwok-node-16""},{""name"":""rs-11-p3-fvw8w"",""cpu_m"":478,""mem_b"":955974579,""priority"":""3"",""node"":""kwok-node-31""},{""name"":""rs-12-p2-4bvv8"",""cpu_m"":571,""mem_b"":840624591,""priority"":""2"",""node"":""kwok-node-32""},{""name"":""rs-12-p2-kb6cv"",""cpu_m"":571,""mem_b"":840624591,""priority"":""2"",""node"":""kwok-node-6""},{""name"":""rs-12-p2-s7vlt"",""cpu_m"":571,""mem_b"":840624591,""priority"":""2"",""node"":""kwok-node-7""},{""name"":""rs-12-p2-x85k5"",""cpu_m"":571,""mem_b"":840624591,""priority"":""2"",""node"":""kwok-node-9""},{""name"":""rs-13-p3-tgb24"",""cpu_m"":529,""mem_b"":541734630,""priority"":""3"",""node"":""kwok-node-4""},{""name"":""rs-14-p2-chp4j"",""cpu_m"":475,""mem_b"":877679994,""priority"":""2"",""node"":""kwok-node-5""},{""name"":""rs-14-p2-h8qkq"",""cpu_m"":475,""mem_b"":877679994,""priority"":""2"",""node"":""kwok-node-8""},{""name"":""rs-15-p3-25n4h"",""cpu_m"":852,""mem_b"":411987537,""priority"":""3"",""node"":""kwok-node-18""},{""name"":""rs-15-p3-b7cvl"",""cpu_m"":852,""mem_b"":411987537,""priority"":""3"",""node"":""kwok-node-23""},{""name"":""rs-15-p3-mxbtw"",""cpu_m"":852,""mem_b"":411987537,""priority"":""3"",""node"":""kwok-node-1""},{""name"":""rs-15-p3-zvbd7"",""cpu_m"":852,""mem_b"":411987537,""priority"":""3"",""node"":""kwok-node-11""},{""name"":""rs-16-p4-49ff9"",""cpu_m"":468,""mem_b"":528725533,""priority"":""4"",""node"":""kwok-node-4""},{""name"":""rs-16-p4-llltm"",""cpu_m"":468,""mem_b"":528725533,""priority"":""4"",""node"":""kwok-node-25""},{""name"":""rs-17-p2-62gr9"",""cpu_m"":176,""mem_b"":178276447,""priority"":""2"",""node"":""kwok-node-10""},{""name"":""rs-17-p2-ns27f"",""cpu_m"":176,""mem_b"":178276447,""priority"":""2"",""node"":""kwok-node-24""},{""name"":""rs-18-p4-bnwzl"",""cpu_m"":365,""mem_b"":196755797,""priority"":""4"",""node"":""kwok-node-26""},{""name"":""rs-18-p4-p6fsl"",""cpu_m"":365,""mem_b"":196755797,""priority"":""4"",""node"":""kwok-node-29""},{""name"":""rs-19-p4-hrjk9"",""cpu_m"":619,""mem_b"":974071637,""priority"":""4"",""node"":""kwok-node-2""},{""name"":""rs-19-p4-ngtgk"",""cpu_m"":619,""mem_b"":974071637,""priority"":""4"",""node"":""kwok-node-22""},{""name"":""rs-19-p4-xbb97"",""cpu_m"":619,""mem_b"":974071637,""priority"":""4"",""node"":""kwok-node-21""},{""name"":""rs-20-p3-8m9z6"",""cpu_m"":477,""mem_b"":167561331,""priority"":""3"",""node"":""kwok-node-7""},{""name"":""rs-20-p3-djwq6"",""cpu_m"":477,""mem_b"":167561331,""priority"":""3"",""node"":""kwok-node-5""},{""name"":""rs-20-p3-wjk6w"",""cpu_m"":477,""mem_b"":167561331,""priority"":""3"",""node"":""kwok-node-8""},{""name"":""rs-21-p4-5m2b9"",""cpu_m"":968,""mem_b"":734184690,""priority"":""4"",""node"":""kwok-node-9""},{""name"":""rs-21-p4-bkzqv"",""cpu_m"":968,""mem_b"":734184690,""priority"":""4"",""node"":""kwok-node-27""},{""name"":""rs-21-p4-n4t57"",""cpu_m"":968,""mem_b"":734184690,""priority"":""4"",""node"":""kwok-node-32""},{""name"":""rs-21-p4-nr982"",""cpu_m"":968,""mem_b"":734184690,""priority"":""4"",""node"":""kwok-node-6""},{""name"":""rs-22-p1-8hfcs"",""cpu_m"":454,""mem_b"":635586522,""priority"":""1"",""node"":""kwok-node-24""},{""name"":""rs-22-p1-s7q5t"",""cpu_m"":454,""mem_b"":635586522,""priority"":""1"",""node"":""kwok-node-30""},{""name"":""rs-22-p1-wx8xb"",""cpu_m"":454,""mem_b"":635586522,""priority"":""1"",""node"":""kwok-node-10""},{""name"":""rs-23-p3-24gwn"",""cpu_m"":106,""mem_b"":752373802,""priority"":""3"",""node"":""kwok-node-12""},{""name"":""rs-23-p3-2swn4"",""cpu_m"":106,""mem_b"":752373802,""priority"":""3"",""node"":""kwok-node-17""},{""name"":""rs-23-p3-7vlqj"",""cpu_m"":106,""mem_b"":752373802,""priority"":""3"",""node"":""kwok-node-11""},{""name"":""rs-23-p3-b57z4"",""cpu_m"":106,""mem_b"":752373802,""priority"":""3"",""node"":""kwok-node-13""},{""name"":""rs-24-p3-6wldl"",""cpu_m"":461,""mem_b"":421289949,""priority"":""3"",""node"":""kwok-node-28""},{""name"":""rs-24-p3-jgzts"",""cpu_m"":461,""mem_b"":421289949,""priority"":""3"",""node"":""kwok-node-3""},{""name"":""rs-24-p3-pcmw8"",""cpu_m"":461,""mem_b"":421289949,""priority"":""3"",""node"":""kwok-node-31""},{""name"":""rs-25-p1-97l9c"",""cpu_m"":972,""mem_b"":106080892,""priority"":""1"",""node"":""kwok-node-15""},{""name"":""rs-25-p1-rvsgb"",""cpu_m"":972,""mem_b"":106080892,""priority"":""1"",""node"":""kwok-node-8""},{""name"":""rs-26-p1-qjvmd"",""cpu_m"":505,""mem_b"":726150872,""priority"":""1"",""node"":""kwok-node-20""},{""name"":""rs-26-p1-vtdd7"",""cpu_m"":505,""mem_b"":726150872,""priority"":""1"",""node"":""kwok-node-16""},{""name"":""rs-27-p4-qm2b2"",""cpu_m"":186,""mem_b"":530933855,""priority"":""4"",""node"":""kwok-node-19""},{""name"":""rs-27-p4-vz9lv"",""cpu_m"":186,""mem_b"":530933855,""priority"":""4"",""node"":""kwok-node-14""},{""name"":""rs-28-p2-7s8cx"",""cpu_m"":473,""mem_b"":709821715,""priority"":""2"",""node"":""kwok-node-7""},{""name"":""rs-28-p2-knngq"",""cpu_m"":473,""mem_b"":709821715,""priority"":""2"",""node"":""kwok-node-29""},{""name"":""rs-29-p4-6bgqm"",""cpu_m"":318,""mem_b"":953150388,""priority"":""4"",""node"":""kwok-node-25""},{""name"":""rs-29-p4-j66qs"",""cpu_m"":318,""mem_b"":953150388,""priority"":""4"",""node"":""kwok-node-5""},{""name"":""rs-29-p4-jnwjb"",""cpu_m"":318,""mem_b"":953150388,""priority"":""4"",""node"":""kwok-node-26""},{""name"":""rs-29-p4-lw5p6"",""cpu_m"":318,""mem_b"":953150388,""priority"":""4"",""node"":""kwok-node-4""},{""name"":""rs-30-p4-2wnl6"",""cpu_m"":981,""mem_b"":361813409,""priority"":""4"",""node"":""kwok-node-13""},{""name"":""rs-30-p4-lgj48"",""cpu_m"":981,""mem_b"":361813409,""priority"":""4"",""node"":""kwok-node-31""},{""name"":""rs-30-p4-tqdjc"",""cpu_m"":981,""mem_b"":361813409,""priority"":""4"",""node"":""kwok-node-17""},{""name"":""rs-31-p2-ntf2q"",""cpu_m"":135,""mem_b"":534408823,""priority"":""2"",""node"":""kwok-node-18""},{""name"":""rs-32-p2-672s9"",""cpu_m"":800,""mem_b"":487582539,""priority"":""2"",""node"":""kwok-node-3""},{""name"":""rs-32-p2-f67zb"",""cpu_m"":800,""mem_b"":487582539,""priority"":""2"",""node"":""kwok-node-30""},{""name"":""rs-32-p2-k5jq5"",""cpu_m"":800,""mem_b"":487582539,""priority"":""2"",""node"":""kwok-node-12""},{""name"":""rs-33-p1-fx8lx"",""cpu_m"":180,""mem_b"":223443298,""priority"":""1"",""node"":""kwok-node-28""},{""name"":""rs-33-p1-jjvx5"",""cpu_m"":180,""mem_b"":223443298,""priority"":""1"",""node"":""kwok-node-1""},{""name"":""rs-34-p1-dnc2d"",""cpu_m"":125,""mem_b"":238060777,""priority"":""1"",""node"":""kwok-node-23""},{""name"":""rs-34-p1-ff6lk"",""cpu_m"":125,""mem_b"":238060777,""priority"":""1"",""node"":""kwok-node-10""},{""name"":""rs-35-p3-qf9st"",""cpu_m"":838,""mem_b"":419517153,""priority"":""3"",""node"":""""},{""name"":""rs-35-p3-r4wpt"",""cpu_m"":838,""mem_b"":419517153,""priority"":""3"",""node"":""kwok-node-24""},{""name"":""rs-36-p2-sjcbk"",""cpu_m"":235,""mem_b"":319805674,""priority"":""2"",""node"":""kwok-node-11""},{""name"":""rs-36-p2-v5dvk"",""cpu_m"":235,""mem_b"":319805674,""priority"":""2"",""node"":""kwok-node-23""},{""name"":""rs-37-p3-49hwc"",""cpu_m"":660,""mem_b"":342938902,""priority"":""3"",""node"":""kwok-node-14""},{""name"":""rs-37-p3-rxwbx"",""cpu_m"":660,""mem_b"":342938902,""priority"":""3"",""node"":""kwok-node-10""},{""name"":""rs-37-p3-vbtdc"",""cpu_m"":660,""mem_b"":342938902,""priority"":""3"",""node"":""kwok-node-19""},{""name"":""rs-38-p1-7hrtm"",""cpu_m"":711,""mem_b"":476923295,""priority"":""1"",""node"":""""},{""name"":""rs-38-p1-926cj"",""cpu_m"":711,""mem_b"":476923295,""priority"":""1"",""node"":""""},{""name"":""rs-38-p1-g6gt5"",""cpu_m"":711,""mem_b"":476923295,""priority"":""1"",""node"":""""},{""name"":""rs-38-p1-zt7gt"",""cpu_m"":711,""mem_b"":476923295,""priority"":""1"",""node"":""kwok-node-28""},{""name"":""rs-39-p3-6zd8w"",""cpu_m"":807,""mem_b"":631241028,""priority"":""3"",""node"":""""},{""name"":""rs-39-p3-bvvx6"",""cpu_m"":807,""mem_b"":631241028,""priority"":""3"",""node"":""""},{""name"":""rs-39-p3-gqkh9"",""cpu_m"":807,""mem_b"":631241028,""priority"":""3"",""node"":""""},{""name"":""rs-39-p3-w2v78"",""cpu_m"":807,""mem_b"":631241028,""priority"":""3"",""node"":""""},{""name"":""rs-40-p2-d6wzt"",""cpu_m"":680,""mem_b"":966411859,""priority"":""2"",""node"":""""},{""name"":""rs-40-p2-vhwx8"",""cpu_m"":680,""mem_b"":966411859,""priority"":""2"",""node"":""""},{""name"":""rs-41-p3-cbq2k"",""cpu_m"":840,""mem_b"":822701404,""priority"":""3"",""node"":""""},{""name"":""rs-41-p3-rpwnl"",""cpu_m"":840,""mem_b"":822701404,""priority"":""3"",""node"":""""},{""name"":""rs-41-p3-wv5gh"",""cpu_m"":840,""mem_b"":822701404,""priority"":""3"",""node"":""""},{""name"":""rs-42-p2-lmqjf"",""cpu_m"":459,""mem_b"":548656175,""priority"":""2"",""node"":""kwok-node-1""},{""name"":""rs-42-p2-rk665"",""cpu_m"":459,""mem_b"":548656175,""priority"":""2"",""node"":""kwok-node-21""},{""name"":""rs-43-p1-rsszv"",""cpu_m"":821,""mem_b"":335047003,""priority"":""1"",""node"":""""},{""name"":""rs-44-p2-hd8ww"",""cpu_m"":706,""mem_b"":693852466,""priority"":""2"",""node"":""""},{""name"":""rs-44-p2-j5kjc"",""cpu_m"":706,""mem_b"":693852466,""priority"":""2"",""node"":""""},{""name"":""rs-45-p1-d67cb"",""cpu_m"":779,""mem_b"":772458639,""priority"":""1"",""node"":""""},{""name"":""rs-46-p4-5qgnb"",""cpu_m"":348,""mem_b"":653303724,""priority"":""4"",""node"":""""},{""name"":""rs-46-p4-dw9zr"",""cpu_m"":348,""mem_b"":653303724,""priority"":""4"",""node"":""kwok-node-2""},{""name"":""rs-46-p4-qc46c"",""cpu_m"":348,""mem_b"":653303724,""priority"":""4"",""node"":""kwok-node-15""},{""name"":""rs-46-p4-z94qc"",""cpu_m"":348,""mem_b"":653303724,""priority"":""4"",""node"":""""},{""name"":""rs-47-p1-49qk5"",""cpu_m"":265,""mem_b"":503469272,""priority"":""1"",""node"":""kwok-node-27""},{""name"":""rs-47-p1-7949q"",""cpu_m"":265,""mem_b"":503469272,""priority"":""1"",""node"":""kwok-node-9""},{""name"":""rs-47-p1-hdj2w"",""cpu_m"":265,""mem_b"":503469272,""priority"":""1"",""node"":""kwok-node-32""},{""name"":""rs-47-p1-trzlc"",""cpu_m"":265,""mem_b"":503469272,""priority"":""1"",""node"":""kwok-node-22""},{""name"":""rs-48-p2-8jm22"",""cpu_m"":156,""mem_b"":754428635,""priority"":""2"",""node"":""kwok-node-8""},{""name"":""rs-48-p2-9d6jt"",""cpu_m"":156,""mem_b"":754428635,""priority"":""2"",""node"":""""},{""name"":""rs-48-p2-wmrv5"",""cpu_m"":156,""mem_b"":754428635,""priority"":""2"",""node"":""""}]","[{""name"":""rs-01-p1-n4w27"",""cpu_m"":159,""mem_b"":213231774,""priority"":""1"",""node"":""kwok-node-1""},{""name"":""rs-01-p1-x2d4l"",""cpu_m"":159,""mem_b"":213231774,""priority"":""1"",""node"":""kwok-node-15""},{""name"":""rs-01-p1-xzj58"",""cpu_m"":159,""mem_b"":213231774,""priority"":""1"",""node"":""kwok-node-16""},{""name"":""rs-02-p4-skknx"",""cpu_m"":900,""mem_b"":575149371,""priority"":""4"",""node"":""kwok-node-22""},{""name"":""rs-02-p4-zr82b"",""cpu_m"":900,""mem_b"":575149371,""priority"":""4"",""node"":""kwok-node-21""},{""name"":""rs-03-p2-gvmgb"",""cpu_m"":295,""mem_b"":250122246,""priority"":""2"",""node"":""kwok-node-19""},{""name"":""rs-03-p2-np2j8"",""cpu_m"":295,""mem_b"":250122246,""priority"":""2"",""node"":""kwok-node-20""},{""name"":""rs-03-p2-wckcw"",""cpu_m"":295,""mem_b"":250122246,""priority"":""2"",""node"":""kwok-node-11""},{""name"":""rs-03-p2-zgxwk"",""cpu_m"":295,""mem_b"":250122246,""priority"":""2"",""node"":""kwok-node-14""},{""name"":""rs-04-p4-lxxdf"",""cpu_m"":451,""mem_b"":723662281,""priority"":""4"",""node"":""kwok-node-23""},{""name"":""rs-04-p4-vq7bf"",""cpu_m"":451,""mem_b"":723662281,""priority"":""4"",""node"":""kwok-node-18""},{""name"":""rs-05-p2-fhctg"",""cpu_m"":932,""mem_b"":406511571,""priority"":""2"",""node"":""kwok-node-13""},{""name"":""rs-05-p2-fjbk5"",""cpu_m"":932,""mem_b"":406511571,""priority"":""2"",""node"":""kwok-node-12""},{""name"":""rs-05-p2-q6g78"",""cpu_m"":932,""mem_b"":406511571,""priority"":""2"",""node"":""kwok-node-2""},{""name"":""rs-05-p2-zlmlv"",""cpu_m"":932,""mem_b"":406511571,""priority"":""2"",""node"":""kwok-node-17""},{""name"":""rs-06-p2-9kx6t"",""cpu_m"":556,""mem_b"":554495856,""priority"":""2"",""node"":""kwok-node-25""},{""name"":""rs-06-p2-qmpv2"",""cpu_m"":556,""mem_b"":554495856,""priority"":""2"",""node"":""kwok-node-10""},{""name"":""rs-06-p2-wd6w9"",""cpu_m"":556,""mem_b"":554495856,""priority"":""2"",""node"":""kwok-node-24""},{""name"":""rs-07-p4-22gz8"",""cpu_m"":698,""mem_b"":784870873,""priority"":""4"",""node"":""kwok-node-3""},{""name"":""rs-07-p4-pj6vf"",""cpu_m"":698,""mem_b"":784870873,""priority"":""4"",""node"":""kwok-node-28""},{""name"":""rs-07-p4-sl7vv"",""cpu_m"":698,""mem_b"":784870873,""priority"":""4"",""node"":""kwok-node-30""},{""name"":""rs-08-p1-2nfqw"",""cpu_m"":594,""mem_b"":816563142,""priority"":""1"",""node"":""kwok-node-15""},{""name"":""rs-08-p1-6dn7m"",""cpu_m"":594,""mem_b"":816563142,""priority"":""1"",""node"":""kwok-node-29""},{""name"":""rs-08-p1-9w6w7"",""cpu_m"":594,""mem_b"":816563142,""priority"":""1"",""node"":""kwok-node-26""},{""name"":""rs-08-p1-lkvb4"",""cpu_m"":594,""mem_b"":816563142,""priority"":""1"",""node"":""kwok-node-27""},{""name"":""rs-09-p2-gfftg"",""cpu_m"":249,""mem_b"":570261739,""priority"":""2"",""node"":""kwok-node-1""},{""name"":""rs-10-p3-nqljv"",""cpu_m"":787,""mem_b"":757949607,""priority"":""3"",""node"":""kwok-node-14""},{""name"":""rs-10-p3-pst6b"",""cpu_m"":787,""mem_b"":757949607,""priority"":""3"",""node"":""kwok-node-19""},{""name"":""rs-10-p3-s2nqj"",""cpu_m"":787,""mem_b"":757949607,""priority"":""3"",""node"":""kwok-node-20""},{""name"":""rs-10-p3-z9xgq"",""cpu_m"":787,""mem_b"":757949607,""priority"":""3"",""node"":""kwok-node-16""},{""name"":""rs-11-p3-fvw8w"",""cpu_m"":478,""mem_b"":955974579,""priority"":""3"",""node"":""kwok-node-31""},{""name"":""rs-12-p2-4bvv8"",""cpu_m"":571,""mem_b"":840624591,""priority"":""2"",""node"":""kwok-node-32""},{""name"":""rs-12-p2-kb6cv"",""cpu_m"":571,""mem_b"":840624591,""priority"":""2"",""node"":""kwok-node-6""},{""name"":""rs-12-p2-s7vlt"",""cpu_m"":571,""mem_b"":840624591,""priority"":""2"",""node"":""kwok-node-7""},{""name"":""rs-12-p2-x85k5"",""cpu_m"":571,""mem_b"":840624591,""priority"":""2"",""node"":""kwok-node-9""},{""name"":""rs-13-p3-tgb24"",""cpu_m"":529,""mem_b"":541734630,""priority"":""3"",""node"":""kwok-node-4""},{""name"":""rs-14-p2-chp4j"",""cpu_m"":475,""mem_b"":877679994,""priority"":""2"",""node"":""kwok-node-5""},{""name"":""rs-14-p2-h8qkq"",""cpu_m"":475,""mem_b"":877679994,""priority"":""2"",""node"":""kwok-node-8""},{""name"":""rs-15-p3-25n4h"",""cpu_m"":852,""mem_b"":411987537,""priority"":""3"",""node"":""kwok-node-18""},{""name"":""rs-15-p3-b7cvl"",""cpu_m"":852,""mem_b"":411987537,""priority"":""3"",""node"":""kwok-node-23""},{""name"":""rs-15-p3-mxbtw"",""cpu_m"":852,""mem_b"":411987537,""priority"":""3"",""node"":""kwok-node-1""},{""name"":""rs-15-p3-zvbd7"",""cpu_m"":852,""mem_b"":411987537,""priority"":""3"",""node"":""kwok-node-11""},{""name"":""rs-16-p4-49ff9"",""cpu_m"":468,""mem_b"":528725533,""priority"":""4"",""node"":""kwok-node-4""},{""name"":""rs-16-p4-llltm"",""cpu_m"":468,""mem_b"":528725533,""priority"":""4"",""node"":""kwok-node-25""},{""name"":""rs-17-p2-62gr9"",""cpu_m"":176,""mem_b"":178276447,""priority"":""2"",""node"":""kwok-node-10""},{""name"":""rs-17-p2-ns27f"",""cpu_m"":176,""mem_b"":178276447,""priority"":""2"",""node"":""kwok-node-24""},{""name"":""rs-18-p4-bnwzl"",""cpu_m"":365,""mem_b"":196755797,""priority"":""4"",""node"":""kwok-node-26""},{""name"":""rs-18-p4-p6fsl"",""cpu_m"":365,""mem_b"":196755797,""priority"":""4"",""node"":""kwok-node-29""},{""name"":""rs-19-p4-hrjk9"",""cpu_m"":619,""mem_b"":974071637,""priority"":""4"",""node"":""kwok-node-2""},{""name"":""rs-19-p4-ngtgk"",""cpu_m"":619,""mem_b"":974071637,""priority"":""4"",""node"":""kwok-node-22""},{""name"":""rs-19-p4-xbb97"",""cpu_m"":619,""mem_b"":974071637,""priority"":""4"",""node"":""kwok-node-21""},{""name"":""rs-20-p3-8m9z6"",""cpu_m"":477,""mem_b"":167561331,""priority"":""3"",""node"":""kwok-node-7""},{""name"":""rs-20-p3-djwq6"",""cpu_m"":477,""mem_b"":167561331,""priority"":""3"",""node"":""kwok-node-5""},{""name"":""rs-20-p3-wjk6w"",""cpu_m"":477,""mem_b"":167561331,""priority"":""3"",""node"":""kwok-node-8""},{""name"":""rs-21-p4-5m2b9"",""cpu_m"":968,""mem_b"":734184690,""priority"":""4"",""node"":""kwok-node-9""},{""name"":""rs-21-p4-bkzqv"",""cpu_m"":968,""mem_b"":734184690,""priority"":""4"",""node"":""kwok-node-27""},{""name"":""rs-21-p4-n4t57"",""cpu_m"":968,""mem_b"":734184690,""priority"":""4"",""node"":""kwok-node-32""},{""name"":""rs-21-p4-nr982"",""cpu_m"":968,""mem_b"":734184690,""priority"":""4"",""node"":""kwok-node-6""},{""name"":""rs-22-p1-8hfcs"",""cpu_m"":454,""mem_b"":635586522,""priority"":""1"",""node"":""kwok-node-24""},{""name"":""rs-22-p1-s7q5t"",""cpu_m"":454,""mem_b"":635586522,""priority"":""1"",""node"":""kwok-node-30""},{""name"":""rs-22-p1-wx8xb"",""cpu_m"":454,""mem_b"":635586522,""priority"":""1"",""node"":""kwok-node-10""},{""name"":""rs-23-p3-24gwn"",""cpu_m"":106,""mem_b"":752373802,""priority"":""3"",""node"":""kwok-node-12""},{""name"":""rs-23-p3-2swn4"",""cpu_m"":106,""mem_b"":752373802,""priority"":""3"",""node"":""kwok-node-17""},{""name"":""rs-23-p3-7vlqj"",""cpu_m"":106,""mem_b"":752373802,""priority"":""3"",""node"":""kwok-node-11""},{""name"":""rs-23-p3-b57z4"",""cpu_m"":106,""mem_b"":752373802,""priority"":""3"",""node"":""kwok-node-13""},{""name"":""rs-24-p3-6wldl"",""cpu_m"":461,""mem_b"":421289949,""priority"":""3"",""node"":""kwok-node-28""},{""name"":""rs-24-p3-jgzts"",""cpu_m"":461,""mem_b"":421289949,""priority"":""3"",""node"":""kwok-node-3""},{""name"":""rs-24-p3-pcmw8"",""cpu_m"":461,""mem_b"":421289949,""priority"":""3"",""node"":""kwok-node-31""},{""name"":""rs-25-p1-97l9c"",""cpu_m"":972,""mem_b"":106080892,""priority"":""1"",""node"":""kwok-node-15""},{""name"":""rs-25-p1-rvsgb"",""cpu_m"":972,""mem_b"":106080892,""priority"":""1"",""node"":""kwok-node-8""},{""name"":""rs-26-p1-qjvmd"",""cpu_m"":505,""mem_b"":726150872,""priority"":""1"",""node"":""kwok-node-20""},{""name"":""rs-26-p1-vtdd7"",""cpu_m"":505,""mem_b"":726150872,""priority"":""1"",""node"":""kwok-node-16""},{""name"":""rs-27-p4-qm2b2"",""cpu_m"":186,""mem_b"":530933855,""priority"":""4"",""node"":""kwok-node-19""},{""name"":""rs-27-p4-vz9lv"",""cpu_m"":186,""mem_b"":530933855,""priority"":""4"",""node"":""kwok-node-14""},{""name"":""rs-28-p2-7s8cx"",""cpu_m"":473,""mem_b"":709821715,""priority"":""2"",""node"":""kwok-node-7""},{""name"":""rs-28-p2-knngq"",""cpu_m"":473,""mem_b"":709821715,""priority"":""2"",""node"":""kwok-node-29""},{""name"":""rs-29-p4-6bgqm"",""cpu_m"":318,""mem_b"":953150388,""priority"":""4"",""node"":""kwok-node-25""},{""name"":""rs-29-p4-j66qs"",""cpu_m"":318,""mem_b"":953150388,""priority"":""4"",""node"":""kwok-node-5""},{""name"":""rs-29-p4-jnwjb"",""cpu_m"":318,""mem_b"":953150388,""priority"":""4"",""node"":""kwok-node-26""},{""name"":""rs-29-p4-lw5p6"",""cpu_m"":318,""mem_b"":953150388,""priority"":""4"",""node"":""kwok-node-4""},{""name"":""rs-30-p4-2wnl6"",""cpu_m"":981,""mem_b"":361813409,""priority"":""4"",""node"":""kwok-node-13""},{""name"":""rs-30-p4-lgj48"",""cpu_m"":981,""mem_b"":361813409,""priority"":""4"",""node"":""kwok-node-31""},{""name"":""rs-30-p4-tqdjc"",""cpu_m"":981,""mem_b"":361813409,""priority"":""4"",""node"":""kwok-node-17""},{""name"":""rs-31-p2-ntf2q"",""cpu_m"":135,""mem_b"":534408823,""priority"":""2"",""node"":""kwok-node-18""},{""name"":""rs-32-p2-672s9"",""cpu_m"":800,""mem_b"":487582539,""priority"":""2"",""node"":""kwok-node-3""},{""name"":""rs-32-p2-f67zb"",""cpu_m"":800,""mem_b"":487582539,""priority"":""2"",""node"":""kwok-node-30""},{""name"":""rs-32-p2-k5jq5"",""cpu_m"":800,""mem_b"":487582539,""priority"":""2"",""node"":""kwok-node-12""},{""name"":""rs-33-p1-fx8lx"",""cpu_m"":180,""mem_b"":223443298,""priority"":""1"",""node"":""kwok-node-28""},{""name"":""rs-33-p1-jjvx5"",""cpu_m"":180,""mem_b"":223443298,""priority"":""1"",""node"":""kwok-node-1""},{""name"":""rs-34-p1-dnc2d"",""cpu_m"":125,""mem_b"":238060777,""priority"":""1"",""node"":""kwok-node-23""},{""name"":""rs-34-p1-ff6lk"",""cpu_m"":125,""mem_b"":238060777,""priority"":""1"",""node"":""kwok-node-10""},{""name"":""rs-35-p3-qf9st"",""cpu_m"":838,""mem_b"":419517153,""priority"":""3"",""node"":""""},{""name"":""rs-35-p3-r4wpt"",""cpu_m"":838,""mem_b"":419517153,""priority"":""3"",""node"":""kwok-node-24""},{""name"":""rs-36-p2-sjcbk"",""cpu_m"":235,""mem_b"":319805674,""priority"":""2"",""node"":""kwok-node-11""},{""name"":""rs-36-p2-v5dvk"",""cpu_m"":235,""mem_b"":319805674,""priority"":""2"",""node"":""kwok-node-23""},{""name"":""rs-37-p3-49hwc"",""cpu_m"":660,""mem_b"":342938902,""priority"":""3"",""node"":""kwok-node-14""},{""name"":""rs-37-p3-rxwbx"",""cpu_m"":660,""mem_b"":342938902,""priority"":""3"",""node"":""kwok-node-10""},{""name"":""rs-37-p3-vbtdc"",""cpu_m"":660,""mem_b"":342938902,""priority"":""3"",""node"":""kwok-node-19""},{""name"":""rs-38-p1-7hrtm"",""cpu_m"":711,""mem_b"":476923295,""priority"":""1"",""node"":""""},{""name"":""rs-38-p1-926cj"",""cpu_m"":711,""mem_b"":476923295,""priority"":""1"",""node"":""""},{""name"":""rs-38-p1-g6gt5"",""cpu_m"":711,""mem_b"":476923295,""priority"":""1"",""node"":""""},{""name"":""rs-38-p1-zt7gt"",""cpu_m"":711,""mem_b"":476923295,""priority"":""1"",""node"":""kwok-node-28""},{""name"":""rs-39-p3-6zd8w"",""cpu_m"":807,""mem_b"":631241028,""priority"":""3"",""node"":""""},{""name"":""rs-39-p3-bvvx6"",""cpu_m"":807,""mem_b"":631241028,""priority"":""3"",""node"":""""},{""name"":""rs-39-p3-gqkh9"",""cpu_m"":807,""mem_b"":631241028,""priority"":""3"",""node"":""""},{""name"":""rs-39-p3-w2v78"",""cpu_m"":807,""mem_b"":631241028,""priority"":""3"",""node"":""""},{""name"":""rs-40-p2-d6wzt"",""cpu_m"":680,""mem_b"":966411859,""priority"":""2"",""node"":""""},{""name"":""rs-40-p2-vhwx8"",""cpu_m"":680,""mem_b"":966411859,""priority"":""2"",""node"":""""},{""name"":""rs-41-p3-cbq2k"",""cpu_m"":840,""mem_b"":822701404,""priority"":""3"",""node"":""""},{""name"":""rs-41-p3-rpwnl"",""cpu_m"":840,""mem_b"":822701404,""priority"":""3"",""node"":""""},{""name"":""rs-41-p3-wv5gh"",""cpu_m"":840,""mem_b"":822701404,""priority"":""3"",""node"":""""},{""name"":""rs-42-p2-lmqjf"",""cpu_m"":459,""mem_b"":548656175,""priority"":""2"",""node"":""kwok-node-1""},{""name"":""rs-42-p2-rk665"",""cpu_m"":459,""mem_b"":548656175,""priority"":""2"",""node"":""kwok-node-21""},{""name"":""rs-43-p1-rsszv"",""cpu_m"":821,""mem_b"":335047003,""priority"":""1"",""node"":""""},{""name"":""rs-44-p2-hd8ww"",""cpu_m"":706,""mem_b"":693852466,""priority"":""2"",""node"":""""},{""name"":""rs-44-p2-j5kjc"",""cpu_m"":706,""mem_b"":693852466,""priority"":""2"",""node"":""""},{""name"":""rs-45-p1-d67cb"",""cpu_m"":779,""mem_b"":772458639,""priority"":""1"",""node"":""""},{""name"":""rs-46-p4-5qgnb"",""cpu_m"":348,""mem_b"":653303724,""priority"":""4"",""node"":""""},{""name"":""rs-46-p4-dw9zr"",""cpu_m"":348,""mem_b"":653303724,""priority"":""4"",""node"":""kwok-node-2""},{""name"":""rs-46-p4-qc46c"",""cpu_m"":348,""mem_b"":653303724,""priority"":""4"",""node"":""kwok-node-15""},{""name"":""rs-46-p4-z94qc"",""cpu_m"":348,""mem_b"":653303724,""priority"":""4"",""node"":""""},{""name"":""rs-47-p1-49qk5"",""cpu_m"":265,""mem_b"":503469272,""priority"":""1"",""node"":""kwok-node-27""},{""name"":""rs-47-p1-7949q"",""cpu_m"":265,""mem_b"":503469272,""priority"":""1"",""node"":""kwok-node-9""},{""name"":""rs-47-p1-hdj2w"",""cpu_m"":265,""mem_b"":503469272,""priority"":""1"",""node"":""kwok-node-32""},{""name"":""rs-47-p1-trzlc"",""cpu_m"":265,""mem_b"":503469272,""priority"":""1"",""node"":""kwok-node-22""},{""name"":""rs-48-p2-8jm22"",""cpu_m"":156,""mem_b"":754428635,""priority"":""2"",""node"":""kwok-node-8""},{""name"":""rs-48-p2-9d6jt"",""cpu_m"":156,""mem_b"":754428635,""priority"":""2"",""node"":""""},{""name"":""rs-48-p2-wmrv5"",""cpu_m"":156,""mem_b"":754428635,""priority"":""2"",""node"":""""}]","[{""name"":""kwok-node-1"",""cap_cpu_m"":2089,""cap_mem_bytes"":2177118804},{""name"":""kwok-node-2"",""cap_cpu_m"":2089,""cap_mem_bytes"":2177118804},{""name"":""kwok-node-3"",""cap_cpu_m"":2089,""cap_mem_bytes"":2177118804},{""name"":""kwok-node-4"",""cap_cpu_m"":2089,""cap_mem_bytes"":2177118804},{""name"":""kwok-node-5"",""cap_cpu_m"":2089,""cap_mem_bytes"":2177118804},{""name"":""kwok-node-6"",""cap_cpu_m"":2089,""cap_mem_bytes"":2177118804},{""name"":""kwok-node-7"",""cap_cpu_m"":2089,""cap_mem_bytes"":2177118804},{""name"":""kwok-node-8"",""cap_cpu_m"":2089,""cap_mem_bytes"":2177118804},{""name"":""kwok-node-9"",""cap_cpu_m"":2089,""cap_mem_bytes"":2177118804},{""name"":""kwok-node-10"",""cap_cpu_m"":2089,""cap_mem_bytes"":2177118804},{""name"":""kwok-node-11"",""cap_cpu_m"":2089,""cap_mem_bytes"":2177118804},{""name"":""kwok-node-12"",""cap_cpu_m"":2089,""cap_mem_bytes"":2177118804},{""name"":""kwok-node-13"",""cap_cpu_m"":2089,""cap_mem_bytes"":2177118804},{""name"":""kwok-node-14"",""cap_cpu_m"":2089,""cap_mem_bytes"":2177118804},{""name"":""kwok-node-15"",""cap_cpu_m"":2089,""cap_mem_bytes"":2177118804},{""name"":""kwok-node-16"",""cap_cpu_m"":2089,""cap_mem_bytes"":2177118804},{""name"":""kwok-node-17"",""cap_cpu_m"":2089,""cap_mem_bytes"":2177118804},{""name"":""kwok-node-18"",""cap_cpu_m"":2089,""cap_mem_bytes"":2177118804},{""name"":""kwok-node-19"",""cap_cpu_m"":2089,""cap_mem_bytes"":2177118804},{""name"":""kwok-node-20"",""cap_cpu_m"":2089,""cap_mem_bytes"":2177118804},{""name"":""kwok-node-21"",""cap_cpu_m"":2089,""cap_mem_bytes"":2177118804},{""name"":""kwok-node-22"",""cap_cpu_m"":2089,""cap_mem_bytes"":2177118804},{""name"":""kwok-node-23"",""cap_cpu_m"":2089,""cap_mem_bytes"":2177118804},{""name"":""kwok-node-24"",""cap_cpu_m"":2089,""cap_mem_bytes"":2177118804},{""name"":""kwok-node-25"",""cap_cpu_m"":2089,""cap_mem_bytes"":2177118804},{""name"":""kwok-node-26"",""cap_cpu_m"":2089,""cap_mem_bytes"":2177118804},{""name"":""kwok-node-27"",""cap_cpu_m"":2089,""cap_mem_bytes"":2177118804},{""name"":""kwok-node-28"",""cap_cpu_m"":2089,""cap_mem_bytes"":2177118804},{""name"":""kwok-node-29"",""cap_cpu_m"":2089,""cap_mem_bytes"":2177118804},{""name"":""kwok-node-30"",""cap_cpu_m"":2089,""cap_mem_bytes"":2177118804},{""name"":""kwok-node-31"",""cap_cpu_m"":2089,""cap_mem_bytes"":2177118804},{""name"":""kwok-node-32"",""cap_cpu_m"":2089,""cap_mem_bytes"":2177118804}]"
2026/02/11/11:26:36,6452900031824671063,,"{""evicted"":0,""moved"":0,""placed_by_priority"":{""1"":30,""2"":30,""3"":23,""4"":25}}",python,"{""evicted"":8,""moved"":12,""placed_by_priority"":{""1"":26,""2"":36,""3"":31,""4"":25}}",728,FEASIBLE,"[{""duration_ms"":728,""name"":""python"",""score"":{""evicted"":8,""moved"":12,""placed_by_priority"":{""1"":26,""2"":36,""3"":31,""4"":25}},""status"":""FEASIBLE""}]",0.928,0.869,0.938,0.866,66642,62415,62866883953,58026158988,118,108,10,20,"{""kwok-node-1"":4,""kwok-node-10"":4,""kwok-node-11"":3,""kwok-node-12"":4,""kwok-node-13"":4,""kwok-node-14"":3,""kwok-node-15"":4,""kwok-node-16"":4,""kwok-node-17"":4,""kwok-node-18"":4,""kwok-node-19"":4,""kwok-node-2"":4,""kwok-node-20"":3,""kwok-node-21"":3,""kwok-node-22"":4,""kwok-node-23"":3,""kwok-node-24"":4,""kwok-node-25"":4,""kwok-node-26"":4,""kwok-node-27"":4,""kwok-node-28"":4,""kwok-node-29"":4,""kwok-node-3"":3,""kwok-node-30"":3,""kwok-node-31"":3,""kwok-node-32"":3,""kwok-node-4"":4,""kwok-node-5"":4,""kwok-node-6"":4,""kwok-node-7"":4,""kwok-node-8"":4,""kwok-node-9"":3}","{""kwok-node-1"":4,""kwok-node-10"":4,""kwok-node-11"":3,""kwok-node-12"":3,""kwok-node-13"":4,""kwok-node-14"":3,""kwok-node-15"":3,""kwok-node-16"":3,""kwok-node-17"":4,""kwok-node-18"":4,""kwok-node-19"":4,""kwok-node-2"":4,""kwok-node-20"":3,""kwok-node-21"":3,""kwok-node-22"":3,""kwok-node-23"":3,""kwok-node-24"":3,""kwok-node-25"":4,""kwok-node-26"":4,""kwok-node-27"":4,""kwok-node-28"":4,""kwok-node-29"":4,""kwok-node-3"":3,""kwok-node-30"":3,""kwok-node-31"":3,""kwok-node-32"":3,""kwok-node-4"":3,""kwok-node-5"":3,""kwok-node-6"":3,""kwok-node-7"":3,""kwok-node-8"":3,""kwok-node-9"":3}","{""p1"":26,""p2"":36,""p3"":31,""p4"":25}","{""p1"":30,""p2"":30,""p3"":23,""p4"":25}","{""p1"":10}","{""p1"":6,""p2"":6,""p3"":8}","{rs-08-p1-52mpk,rs-08-p1-8bvsf,rs-19-p1-jjx8t,rs-19-p1-qc6gj,rs-21-p1-z7dkw,rs-30-p1-5n67w,rs-30-p1-rr2vk,rs-34-p1-l5wjm,rs-46-p1-n9ps4,rs-46-p1-ps2p6}","{rs-37-p2-jgh82,rs-39-p3-j4qzx,rs-39-p3-wbckk,rs-39-p3-zs7ds,rs-39-p3-zzmgs,rs-40-p2-tgtrj,rs-41-p3-lzp9w,rs-41-p3-p4zcx,rs-41-p3-wt4mg,rs-46-p1-n9ps4,rs-46-p1-ps2p6,rs-49-p2-928v2,rs-49-p2-9psjz,rs-49-p2-fjsbq,rs-49-p2-qprtd,rs-50-p1-mk5fl,rs-50-p1-nzx59,rs-51-p1-87sxx,rs-52-p1-wj6g2,rs-53-p3-b9tv5}","{rs-01-p3-27h6x,rs-01-p3-7xmtm,rs-01-p3-9rdxk,rs-01-p3-chdpm,rs-02-p3-7jwrs,rs-02-p3-c4jkm,rs-03-p3-rcf22,rs-04-p4-9czs2,rs-04-p4-frwkf,rs-04-p4-s8hcm,rs-05-p2-4s8kp,rs-06-p4-lwtrh,rs-07-p4-j9fkd,rs-07-p4-p9d5c,rs-07-p4-wvjmp,rs-07-p4-xbxb4,rs-09-p3-2sf9x,rs-09-p3-c55mv,rs-09-p3-df6pj,rs-09-p3-sd6d4,rs-10-p2-pgflt,rs-10-p2-qlfdz,rs-10-p2-vtmbx,rs-11-p2-5hxr7,rs-11-p2-bsswv,rs-11-p2-gxczb,rs-12-p4-47mtq,rs-12-p4-644rl,rs-12-p4-cc4dg,rs-12-p4-zbj7s,rs-13-p2-52kmd,rs-13-p2-kzxpq,rs-13-p2-td5jx,rs-14-p4-4gzxd,rs-14-p4-s9mcp,rs-15-p4-hq9vg,rs-16-p2-8lzdd,rs-16-p2-lz4v7,rs-16-p2-twm4b,rs-16-p2-x7x44,rs-17-p3-c76fx,rs-17-p3-jhgt8,rs-17-p3-zpc9l,rs-18-p2-qdd7c,rs-19-p1-mwbbt,rs-20-p4-tk5sl,rs-21-p1-twpmt,rs-22-p2-vj4l6,rs-23-p1-dnfgz,rs-23-p1-g24jw,rs-23-p1-knw6g,rs-23-p1-mx4hm,rs-24-p1-8gwxx,rs-24-p1-hnfqj,rs-24-p1-rnbmr,rs-25-p4-4x9xl,rs-25-p4-ssl7s,rs-25-p4-zgrnq,rs-26-p4-7qnzq,rs-27-p2-78hv6,rs-27-p2-cntgm,rs-27-p2-vvjmm,rs-28-p3-6gg4s,rs-28-p3-hk2b5,rs-28-p3-tf6nr,rs-29-p1-48l6w,rs-29-p1-87wzh,rs-29-p1-zc4cd,rs-31-p3-kqnkd,rs-31-p3-twdtt,rs-32-p1-2pqm5,rs-32-p1-4dhpz,rs-32-p1-8n27n,rs-33-p2-2plsh,rs-33-p2-4vgdk,rs-33-p2-g95c8,rs-33-p2-m7r74,rs-34-p1-dlgm2,rs-35-p2-8ftn2,rs-35-p2-99gfb,rs-35-p2-rpkn2,rs-36-p2-qn2zl,rs-37-p2-jgh82,rs-38-p3-ld9rc,rs-39-p3-j4qzx,rs-39-p3-wbckk,rs-39-p3-zs7ds,rs-39-p3-zzmgs,rs-40-p2-tgtrj,rs-41-p3-lzp9w,rs-41-p3-p4zcx,rs-41-p3-wt4mg,rs-42-p3-5w47w,rs-42-p3-wx6f2,rs-42-p3-xx4mc,rs-43-p4-48qz4,rs-43-p4-ht8wh,rs-44-p1-6lrj4,rs-44-p1-7c7qf,rs-45-p4-mvrh4,rs-45-p4-rqcgp,rs-45-p4-tr8q2,rs-47-p1-6z5ww,rs-47-p1-8nfnr,rs-47-p1-g9crr,rs-47-p1-hf6dw,rs-48-p2-944vx,rs-48-p2-gbj96,rs-48-p2-vjpg7,rs-49-p2-928v2,rs-49-p2-9psjz,rs-49-p2-fjsbq,rs-49-p2-qprtd,rs-50-p1-mk5fl,rs-50-p1-nzx59,rs-51-p1-87sxx,rs-52-p1-wj6g2,rs-53-p3-b9tv5}","{rs-01-p3-27h6x,rs-01-p3-7xmtm,rs-01-p3-9rdxk,rs-01-p3-chdpm,rs-02-p3-7jwrs,rs-02-p3-c4jkm,rs-03-p3-rcf22,rs-04-p4-9czs2,rs-04-p4-frwkf,rs-04-p4-s8hcm,rs-05-p2-4s8kp,rs-06-p4-lwtrh,rs-07-p4-j9fkd,rs-07-p4-p9d5c,rs-07-p4-wvjmp,rs-07-p4-xbxb4,rs-08-p1-jttsv,rs-08-p1-lzdjp,rs-09-p3-2sf9x,rs-09-p3-c55mv,rs-09-p3-df6pj,rs-09-p3-sd6d4,rs-10-p2-pgflt,rs-10-p2-qlfdz,rs-10-p2-vtmbx,rs-11-p2-5hxr7,rs-11-p2-bsswv,rs-11-p2-gxczb,rs-12-p4-47mtq,rs-12-p4-644rl,rs-12-p4-cc4dg,rs-12-p4-zbj7s,rs-13-p2-52kmd,rs-13-p2-kzxpq,rs-13-p2-td5jx,rs-14-p4-4gzxd,rs-14-p4-s9mcp,rs-15-p4-hq9vg,rs-16-p2-8lzdd,rs-16-p2-lz4v7,rs-16-p2-twm4b,rs-16-p2-x7x44,rs-17-p3-c76fx,rs-17-p3-jhgt8,rs-17-p3-zpc9l,rs-18-p2-qdd7c,rs-19-p1-l9qvd,rs-19-p1-mwbbt,rs-19-p1-s5bzp,rs-20-p4-tk5sl,rs-21-p1-twpmt,rs-21-p1-znj9x,rs-22-p2-vj4l6,rs-23-p1-dnfgz,rs-23-p1-g24jw,rs-23-p1-knw6g,rs-23-p1-mx4hm,rs-24-p1-6d25f,rs-24-p1-8fhr6,rs-24-p1-8gwxx,rs-25-p4-4x9xl,rs-25-p4-ssl7s,rs-25-p4-zgrnq,rs-26-p4-7qnzq,rs-27-p2-78hv6,rs-27-p2-cntgm,rs-27-p2-vvjmm,rs-28-p3-6gg4s,rs-28-p3-hk2b5,rs-28-p3-tf6nr,rs-29-p1-87wzh,rs-29-p1-sx9v5,rs-29-p1-v9ckg,rs-30-p1-bwdp8,rs-30-p1-xq9nr,rs-31-p3-kqnkd,rs-31-p3-twdtt,rs-32-p1-2pqm5,rs-32-p1-xgkwp,rs-32-p1-zs8h5,rs-33-p2-2plsh,rs-33-p2-4vgdk,rs-33-p2-g95c8,rs-33-p2-m7r74,rs-34-p1-dlgm2,rs-34-p1-dtmrz,rs-35-p2-8ftn2,rs-35-p2-99gfb,rs-35-p2-rpkn2,rs-36-p2-qn2zl,rs-38-p3-ld9rc,rs-42-p3-5w47w,rs-42-p3-wx6f2,rs-42-p3-xx4mc,rs-43-p4-48qz4,rs-43-p4-ht8wh,rs-44-p1-7qkh6,rs-44-p1-nhg7f,rs-45-p4-mvrh4,rs-45-p4-rqcgp,rs-45-p4-tr8q2,rs-47-p1-2q7hf,rs-47-p1-lrszm,rs-47-p1-lvb4l,rs-47-p1-tmn24,rs-48-p2-944vx,rs-48-p2-gbj96,rs-48-p2-vjpg7}","[{""name"":""rs-01-p3-27h6x"",""cpu_m"":484,""mem_b"":601803584,""priority"":""3"",""node"":""kwok-node-18""},{""name"":""rs-01-p3-7xmtm"",""cpu_m"":484,""mem_b"":601803584,""priority"":""3"",""node"":""kwok-node-14""},{""name"":""rs-01-p3-9rdxk"",""cpu_m"":484,""mem_b"":601803584,""priority"":""3"",""node"":""kwok-node-15""},{""name"":""rs-01-p3-chdpm"",""cpu_m"":484,""mem_b"":601803584,""priority"":""3"",""node"":""kwok-node-16""},{""name"":""rs-02-p3-7jwrs"",""cpu_m"":666,""mem_b"":549285789,""priority"":""3"",""node"":""kwok-node-11""},{""name"":""rs-02-p3-c4jkm"",""cpu_m"":666,""mem_b"":549285789,""priority"":""3"",""node"":""kwok-node-20""},{""name"":""rs-03-p3-rcf22"",""cpu_m"":687,""mem_b"":386419409,""priority"":""3"",""node"":""kwok-node-19""},{""name"":""rs-04-p4-9czs2"",""cpu_m"":584,""mem_b"":609041902,""priority"":""4"",""node"":""kwok-node-1""},{""name"":""rs-04-p4-frwkf"",""cpu_m"":584,""mem_b"":609041902,""priority"":""4"",""node"":""kwok-node-13""},{""name"":""rs-04-p4-s8hcm"",""cpu_m"":584,""mem_b"":609041902,""priority"":""4"",""node"":""kwok-node-12""},{""name"":""rs-05-p2-4s8kp"",""cpu_m"":808,""mem_b"":400716126,""priority"":""2"",""node"":""kwok-node-10""},{""name"":""rs-06-p4-lwtrh"",""cpu_m"":356,""mem_b"":315427771,""priority"":""4"",""node"":""kwok-node-17""},{""name"":""rs-07-p4-j9fkd"",""cpu_m"":938,""mem_b"":116965570,""priority"":""4"",""node"":""kwok-node-27""},{""name"":""rs-07-p4-p9d5c"",""cpu_m"":938,""mem_b"":116965570,""priority"":""4"",""node"":""kwok-node-24""},{""name"":""rs-07-p4-wvjmp"",""cpu_m"":938,""mem_b"":116965570,""priority"":""4"",""node"":""kwok-node-2""},{""name"":""rs-07-p4-xbxb4"",""cpu_m"":938,""mem_b"":116965570,""priority"":""4"",""node"":""kwok-node-22""},{""name"":""rs-08-p1-52mpk"",""cpu_m"":935,""mem_b"":783264963,""priority"":""1"",""node"":""""},{""name"":""rs-08-p1-8bvsf"",""cpu_m"":935,""mem_b"":783264963,""priority"":""1"",""node"":""""},{""name"":""rs-09-p3-2sf9x"",""cpu_m"":171,""mem_b"":621686506,""priority"":""3"",""node"":""kwok-node-17""},{""name"":""rs-09-p3-c55mv"",""cpu_m"":171,""mem_b"":621686506,""priority"":""3"",""node"":""kwok-node-25""},{""name"":""rs-09-p3-df6pj"",""cpu_m"":171,""mem_b"":621686506,""priority"":""3"",""node"":""kwok-node-26""},{""name"":""rs-09-p3-sd6d4"",""cpu_m"":171,""mem_b"":621686506,""priority"":""3"",""node"":""kwok-node-28""},{""name"":""rs-10-p2-pgflt"",""cpu_m"":255,""mem_b"":573614938,""priority"":""2"",""node"":""kwok-node-22""},{""name"":""rs-10-p2-qlfdz"",""cpu_m"":255,""mem_b"":573614938,""priority"":""2"",""node"":""kwok-node-19""},{""name"":""rs-10-p2-vtmbx"",""cpu_m"":255,""mem_b"":573614938,""priority"":""2"",""node"":""kwok-node-10""},{""name"":""rs-11-p2-5hxr7"",""cpu_m"":545,""mem_b"":859161197,""priority"":""2"",""node"":""kwok-node-29""},{""name"":""rs-11-p2-bsswv"",""cpu_m"":545,""mem_b"":859161197,""priority"":""2"",""node"":""kwok-node-3""},{""name"":""rs-11-p2-gxczb"",""cpu_m"":545,""mem_b"":859161197,""priority"":""2"",""node"":""kwok-node-30""},{""name"":""rs-12-p4-47mtq"",""cpu_m"":765,""mem_b"":827385945,""priority"":""4"",""node"":""kwok-node-6""},{""name"":""rs-12-p4-644rl"",""cpu_m"":765,""mem_b"":827385945,""priority"":""4"",""node"":""kwok-node-31""},{""name"":""rs-12-p4-cc4dg"",""cpu_m"":765,""mem_b"":827385945,""priority"":""4"",""node"":""kwok-node-4""},{""name"":""rs-12-p4-zbj7s"",""cpu_m"":765,""mem_b"":827385945,""priority"":""4"",""node"":""kwok-node-5""},{""name"":""rs-13-p2-52kmd"",""cpu_m"":778,""mem_b"":785997639,""priority"":""2"",""node"":""kwok-node-11""},{""name"":""rs-13-p2-kzxpq"",""cpu_m"":778,""mem_b"":785997639,""priority"":""2"",""node"":""kwok-node-20""},{""name"":""rs-13-p2-td5jx"",""cpu_m"":778,""mem_b"":785997639,""priority"":""2"",""node"":""kwok-node-32""},{""name"":""rs-14-p4-4gzxd"",""cpu_m"":986,""mem_b"":921158512,""priority"":""4"",""node"":""kwok-node-14""},{""name"":""rs-14-p4-s9mcp"",""cpu_m"":986,""mem_b"":921158512,""priority"":""4"",""node"":""kwok-node-15""},{""name"":""rs-15-p4-hq9vg"",""cpu_m"":549,""mem_b"":486412394,""priority"":""4"",""node"":""kwok-node-9""},{""name"":""rs-16-p2-8lzdd"",""cpu_m"":656,""mem_b"":616891706,""priority"":""2"",""node"":""kwok-node-7""},{""name"":""rs-16-p2-lz4v7"",""cpu_m"":656,""mem_b"":616891706,""priority"":""2"",""node"":""kwok-node-16""},{""name"":""rs-16-p2-twm4b"",""cpu_m"":656,""mem_b"":616891706,""priority"":""2"",""node"":""kwok-node-8""},{""name"":""rs-16-p2-x7x44"",""cpu_m"":656,""mem_b"":616891706,""priority"":""2"",""node"":""kwok-node-9""},{""name"":""rs-17-p3-c76fx"",""cpu_m"":193,""mem_b"":447212009,""priority"":""3"",""node"":""kwok-node-2""},{""name"":""rs-17-p3-jhgt8"",""cpu_m"":193,""mem_b"":447212009,""priority"":""3"",""node"":""kwok-node-1""},{""name"":""rs-17-p3-zpc9l"",""cpu_m"":193,""mem_b"":447212009,""priority"":""3"",""node"":""kwok-node-13""},{""name"":""rs-18-p2-qdd7c"",""cpu_m"":397,""mem_b"":224682409,""priority"":""2"",""node"":""kwok-node-18""},{""name"":""rs-19-p1-jjx8t"",""cpu_m"":979,""mem_b"":578021442,""priority"":""1"",""node"":""""},{""name"":""rs-19-p1-mwbbt"",""cpu_m"":979,""mem_b"":578021442,""priority"":""1"",""node"":""kwok-node-26""},{""name"":""rs-19-p1-qc6gj"",""cpu_m"":979,""mem_b"":578021442,""priority"":""1"",""node"":""""},{""name"":""rs-20-p4-tk5sl"",""cpu_m"":846,""mem_b"":224649929,""priority"":""4"",""node"":""kwok-node-17""},{""name"":""rs-21-p1-twpmt"",""cpu_m"":923,""mem_b"":536832653,""priority"":""1"",""node"":""kwok-node-3""},{""name"":""rs-21-p1-z7dkw"",""cpu_m"":923,""mem_b"":536832653,""priority"":""1"",""node"":""""},{""name"":""rs-22-p2-vj4l6"",""cpu_m"":737,""mem_b"":376776492,""priority"":""2"",""node"":""kwok-node-29""},{""name"":""rs-23-p1-dnfgz"",""cpu_m"":246,""mem_b"":883236784,""priority"":""1"",""node"":""kwok-node-7""},{""name"":""rs-23-p1-g24jw"",""cpu_m"":246,""mem_b"":883236784,""priority"":""1"",""node"":""kwok-node-2""},{""name"":""rs-23-p1-knw6g"",""cpu_m"":246,""mem_b"":883236784,""priority"":""1"",""node"":""kwok-node-27""},{""name"":""rs-23-p1-mx4hm"",""cpu_m"":246,""mem_b"":883236784,""priority"":""1"",""node"":""kwok-node-24""},{""name"":""rs-24-p1-8gwxx"",""cpu_m"":513,""mem_b"":713609197,""priority"":""1"",""node"":""kwok-node-12""},{""name"":""rs-24-p1-hnfqj"",""cpu_m"":513,""mem_b"":713609197,""priority"":""1"",""node"":""kwok-node-20""},{""name"":""rs-24-p1-rnbmr"",""cpu_m"":513,""mem_b"":713609197,""priority"":""1"",""node"":""kwok-node-11""},{""name"":""rs-25-p4-4x9xl"",""cpu_m"":692,""mem_b"":856217851,""priority"":""4"",""node"":""kwok-node-32""},{""name"":""rs-25-p4-ssl7s"",""cpu_m"":692,""mem_b"":856217851,""priority"":""4"",""node"":""kwok-node-23""},{""name"":""rs-25-p4-zgrnq"",""cpu_m"":692,""mem_b"":856217851,""priority"":""4"",""node"":""kwok-node-31""},{""name"":""rs-26-p4-7qnzq"",""cpu_m"":511,""mem_b"":974493071,""priority"":""4"",""node"":""kwok-node-22""},{""name"":""rs-27-p2-78hv6"",""cpu_m"":804,""mem_b"":100603852,""priority"":""2"",""node"":""kwok-node-5""},{""name"":""rs-27-p2-cntgm"",""cpu_m"":804,""mem_b"":100603852,""priority"":""2"",""node"":""kwok-node-4""},{""name"":""rs-27-p2-vvjmm"",""cpu_m"":804,""mem_b"":100603852,""priority"":""2"",""node"":""kwok-node-6""},{""name"":""rs-28-p3-6gg4s"",""cpu_m"":841,""mem_b"":165304096,""priority"":""3"",""node"":""kwok-node-18""},{""name"":""rs-28-p3-hk2b5"",""cpu_m"":841,""mem_b"":165304096,""priority"":""3"",""node"":""kwok-node-13""},{""name"":""rs-28-p3-tf6nr"",""cpu_m"":841,""mem_b"":165304096,""priority"":""3"",""node"":""kwok-node-1""},{""name"":""rs-29-p1-48l6w"",""cpu_m"":240,""mem_b"":299219448,""priority"":""1"",""node"":""kwok-node-15""},{""name"":""rs-29-p1-87wzh"",""cpu_m"":240,""mem_b"":299219448,""priority"":""1"",""node"":""kwok-node-19""},{""name"":""rs-29-p1-zc4cd"",""cpu_m"":240,""mem_b"":299219448,""priority"":""1"",""node"":""kwok-node-7""},{""name"":""rs-30-p1-5n67w"",""cpu_m"":685,""mem_b"":924493246,""priority"":""1"",""node"":""""},{""name"":""rs-30-p1-rr2vk"",""cpu_m"":685,""mem_b"":924493246,""priority"":""1"",""node"":""""},{""name"":""rs-31-p3-kqnkd"",""cpu_m"":994,""mem_b"":262689352,""priority"":""3"",""node"":""kwok-node-12""},{""name"":""rs-31-p3-twdtt"",""cpu_m"":994,""mem_b"":262689352,""priority"":""3"",""node"":""kwok-node-7""},{""name"":""rs-32-p1-2pqm5"",""cpu_m"":151,""mem_b"":221830982,""priority"":""1"",""node"":""kwok-node-26""},{""name"":""rs-32-p1-4dhpz"",""cpu_m"":151,""mem_b"":221830982,""priority"":""1"",""node"":""kwok-node-8""},{""name"":""rs-32-p1-8n27n"",""cpu_m"":151,""mem_b"":221830982,""priority"":""1"",""node"":""kwok-node-12""},{""name"":""rs-33-p2-2plsh"",""cpu_m"":156,""mem_b"":909373109,""priority"":""2"",""node"":""kwok-node-6""},{""name"":""rs-33-p2-4vgdk"",""cpu_m"":156,""mem_b"":909373109,""priority"":""2"",""node"":""kwok-node-5""},{""name"":""rs-33-p2-g95c8"",""cpu_m"":156,""mem_b"":909373109,""priority"":""2"",""node"":""kwok-node-18""},{""name"":""rs-33-p2-m7r74"",""cpu_m"":156,""mem_b"":909373109,""priority"":""2"",""node"":""kwok-node-4""},{""name"":""rs-34-p1-dlgm2"",""cpu_m"":935,""mem_b"":677420095,""priority"":""1"",""node"":""kwok-node-19""},{""name"":""rs-34-p1-l5wjm"",""cpu_m"":935,""mem_b"":677420095,""priority"":""1"",""node"":""""},{""name"":""rs-35-p2-8ftn2"",""cpu_m"":207,""mem_b"":847384309,""priority"":""2"",""node"":""kwok-node-17""},{""name"":""rs-35-p2-99gfb"",""cpu_m"":207,""mem_b"":847384309,""priority"":""2"",""node"":""kwok-node-13""},{""name"":""rs-35-p2-rpkn2"",""cpu_m"":207,""mem_b"":847384309,""priority"":""2"",""node"":""kwok-node-1""},{""name"":""rs-36-p2-qn2zl"",""cpu_m"":156,""mem_b"":280332366,""priority"":""2"",""node"":""kwok-node-29""},{""name"":""rs-37-p2-jgh82"",""cpu_m"":205,""mem_b"":981029444,""priority"":""2"",""node"":""kwok-node-24""},{""name"":""rs-38-p3-ld9rc"",""cpu_m"":917,""mem_b"":257922757,""priority"":""3"",""node"":""kwok-node-8""},{""name"":""rs-39-p3-j4qzx"",""cpu_m"":811,""mem_b"":881990279,""priority"":""3"",""node"":""kwok-node-23""},{""name"":""rs-39-p3-wbckk"",""cpu_m"":811,""mem_b"":881990279,""priority"":""3"",""node"":""kwok-node-9""},{""name"":""rs-39-p3-zs7ds"",""cpu_m"":811,""mem_b"":881990279,""priority"":""3"",""node"":""kwok-node-30""},{""name"":""rs-39-p3-zzmgs"",""cpu_m"":811,""mem_b"":881990279,""priority"":""3"",""node"":""kwok-node-21""},{""name"":""rs-40-p2-tgtrj"",""cpu_m"":706,""mem_b"":877309361,""priority"":""2"",""node"":""kwok-node-21""},{""name"":""rs-41-p3-lzp9w"",""cpu_m"":452,""mem_b"":953175059,""priority"":""3"",""node"":""kwok-node-8""},{""name"":""rs-41-p3-p4zcx"",""cpu_m"":452,""mem_b"":953175059,""priority"":""3"",""node"":""kwok-node-25""},{""name"":""rs-41-p3-wt4mg"",""cpu_m"":452,""mem_b"":953175059,""priority"":""3"",""node"":""kwok-node-28""},{""name"":""rs-42-p3-5w47w"",""cpu_m"":733,""mem_b"":368748814,""priority"":""3"",""node"":""kwok-node-26""},{""name"":""rs-42-p3-wx6f2"",""cpu_m"":733,""mem_b"":368748814,""priority"":""3"",""node"":""kwok-node-28""},{""name"":""rs-42-p3-xx4mc"",""cpu_m"":733,""mem_b"":368748814,""priority"":""3"",""node"":""kwok-node-25""},{""name"":""rs-43-p4-48qz4"",""cpu_m"":663,""mem_b"":555843103,""priority"":""4"",""node"":""kwok-node-27""},{""name"":""rs-43-p4-ht8wh"",""cpu_m"":663,""mem_b"":555843103,""priority"":""4"",""node"":""kwok-node-10""},{""name"":""rs-44-p1-6lrj4"",""cpu_m"":381,""mem_b"":346735082,""priority"":""1"",""node"":""kwok-node-27""},{""name"":""rs-44-p1-7c7qf"",""cpu_m"":381,""mem_b"":346735082,""priority"":""1"",""node"":""kwok-node-22""},{""name"":""rs-45-p4-mvrh4"",""cpu_m"":743,""mem_b"":421552784,""priority"":""4"",""node"":""kwok-node-14""},{""name"":""rs-45-p4-rqcgp"",""cpu_m"":743,""mem_b"":421552784,""priority"":""4"",""node"":""kwok-node-2""},{""name"":""rs-45-p4-tr8q2"",""cpu_m"":743,""mem_b"":421552784,""priority"":""4"",""node"":""kwok-node-3""},{""name"":""rs-46-p1-n9ps4"",""cpu_m"":860,""mem_b"":868565371,""priority"":""1"",""node"":""""},{""name"":""rs-46-p1-ps2p6"",""cpu_m"":860,""mem_b"":868565371,""priority"":""1"",""node"":""""},{""name"":""rs-47-p1-6z5ww"",""cpu_m"":518,""mem_b"":136768306,""priority"":""1"",""node"":""kwok-node-10""},{""name"":""rs-47-p1-8nfnr"",""cpu_m"":518,""mem_b"":136768306,""priority"":""1"",""node"":""kwok-node-4""},{""name"":""rs-47-p1-g9crr"",""cpu_m"":518,""mem_b"":136768306,""priority"":""1"",""node"":""kwok-node-6""},{""name"":""rs-47-p1-hf6dw"",""cpu_m"":518,""mem_b"":136768306,""priority"":""1"",""node"":""kwok-node-5""},{""name"":""rs-48-p2-944vx"",""cpu_m"":535,""mem_b"":194624418,""priority"":""2"",""node"":""kwok-node-15""},{""name"":""rs-48-p2-gbj96"",""cpu_m"":535,""mem_b"":194624418,""priority"":""2"",""node"":""kwok-node-23""},{""name"":""rs-48-p2-vjpg7"",""cpu_m"":535,""mem_b"":194624418,""priority"":""2"",""node"":""kwok-node-30""},{""name"":""rs-49-p2-928v2"",""cpu_m"":853,""mem_b"":108438919,""priority"":""2"",""node"":""kwok-node-25""},{""name"":""rs-49-p2-9psjz"",""cpu_m"":853,""mem_b"":108438919,""priority"":""2"",""node"":""kwok-node-28""},{""name"":""rs-49-p2-fjsbq"",""cpu_m"":853,""mem_b"":108438919,""priority"":""2"",""node"":""kwok-node-16""},{""name"":""rs-49-p2-qprtd"",""cpu_m"":853,""mem_b"":108438919,""priority"":""2"",""node"":""kwok-node-24""},{""name"":""rs-50-p1-mk5fl"",""cpu_m"":180,""mem_b"":568275728,""priority"":""1"",""node"":""kwok-node-29""},{""name"":""rs-50-p1-nzx59"",""cpu_m"":180,""mem_b"":568275728,""priority"":""1"",""node"":""kwok-node-16""},{""name"":""rs-51-p1-87sxx"",""cpu_m"":672,""mem_b"":392903740,""priority"":""1"",""node"":""kwok-node-31""},{""name"":""rs-52-p1-wj6g2"",""cpu_m"":641,""mem_b"":286080921,""priority"":""1"",""node"":""kwok-node-21""},{""name"":""rs-53-p3-b9tv5"",""cpu_m"":687,""mem_b"":131420124,""priority"":""3"",""node"":""kwok-node-32""}]","[{""name"":""rs-01-p3-27h6x"",""cpu_m"":484,""mem_b"":601803584,""priority"":""3"",""node"":""kwok-node-18""},{""name"":""rs-01-p3-7xmtm"",""cpu_m"":484,""mem_b"":601803584,""priority"":""3"",""node"":""kwok-node-14""},{""name"":""rs-01-p3-9rdxk"",""cpu_m"":484,""mem_b"":601803584,""priority"":""3"",""node"":""kwok-node-15""},{""name"":""rs-01-p3-chdpm"",""cpu_m"":484,""mem_b"":601803584,""priority"":""3"",""node"":""kwok-node-16""},{""name"":""rs-02-p3-7jwrs"",""cpu_m"":666,""mem_b"":549285789,""priority"":""3"",""node"":""kwok-node-11""},{""name"":""rs-02-p3-c4jkm"",""cpu_m"":666,""mem_b"":549285789,""priority"":""3"",""node"":""kwok-node-20""},{""name"":""rs-03-p3-rcf22"",""cpu_m"":687,""mem_b"":386419409,""priority"":""3"",""node"":""kwok-node-19""},{""name"":""rs-04-p4-9czs2"",""cpu_m"":584,""mem_b"":609041902,""priority"":""4"",""node"":""kwok-node-1""},{""name"":""rs-04-p4-frwkf"",""cpu_m"":584,""mem_b"":609041902,""priority"":""4"",""node"":""kwok-node-13""},{""name"":""rs-04-p4-s8hcm"",""cpu_m"":584,""mem_b"":609041902,""priority"":""4"",""node"":""kwok-node-12""},{""name"":""rs-05-p2-4s8kp"",""cpu_m"":808,""mem_b"":400716126,""priority"":""2"",""node"":""kwok-node-10""},{""name"":""rs-06-p4-lwtrh"",""cpu_m"":356,""mem_b"":315427771,""priority"":""4"",""node"":""kwok-node-17""},{""name"":""rs-07-p4-j9fkd"",""cpu_m"":938,""mem_b"":116965570,""priority"":""4"",""node"":""kwok-node-27""},{""name"":""rs-07-p4-p9d5c"",""cpu_m"":938,""mem_b"":116965570,""priority"":""4"",""node"":""kwok-node-24""},{""name"":""rs-07-p4-wvjmp"",""cpu_m"":938,""mem_b"":116965570,""priority"":""4"",""node"":""kwok-node-2""},{""name"":""rs-07-p4-xbxb4"",""cpu_m"":938,""mem_b"":116965570,""priority"":""4"",""node"":""kwok-node-22""},{""name"":""rs-08-p1-jttsv"",""cpu_m"":935,""mem_b"":783264963,""priority"":""1"",""node"":""kwok-node-23""},{""name"":""rs-08-p1-lzdjp"",""cpu_m"":935,""mem_b"":783264963,""priority"":""1"",""node"":""kwok-node-21""},{""name"":""rs-09-p3-2sf9x"",""cpu_m"":171,""mem_b"":621686506,""priority"":""3"",""node"":""kwok-node-17""},{""name"":""rs-09-p3-c55mv"",""cpu_m"":171,""mem_b"":621686506,""priority"":""3"",""node"":""kwok-node-25""},{""name"":""rs-09-p3-df6pj"",""cpu_m"":171,""mem_b"":621686506,""priority"":""3"",""node"":""kwok-node-26""},{""name"":""rs-09-p3-sd6d4"",""cpu_m"":171,""mem_b"":621686506,""priority"":""3"",""node"":""kwok-node-28""},{""name"":""rs-10-p2-pgflt"",""cpu_m"":255,""mem_b"":573614938,""priority"":""2"",""node"":""kwok-node-22""},{""name"":""rs-10-p2-qlfdz"",""cpu_m"":255,""mem_b"":573614938,""priority"":""2"",""node"":""kwok-node-19""},{""name"":""rs-10-p2-vtmbx"",""cpu_m"":255,""mem_b"":573614938,""priority"":""2"",""node"":""kwok-node-10""},{""name"":""rs-11-p2-5hxr7"",""cpu_m"":545,""mem_b"":859161197,""priority"":""2"",""node"":""kwok-node-29""},{""name"":""rs-11-p2-bsswv"",""cpu_m"":545,""mem_b"":859161197,""priority"":""2"",""node"":""kwok-node-3""},{""name"":""rs-11-p2-gxczb"",""cpu_m"":545,""mem_b"":859161197,""priority"":""2"",""node"":""kwok-node-30""},{""name"":""rs-12-p4-47mtq"",""cpu_m"":765,""mem_b"":827385945,""priority"":""4"",""node"":""kwok-node-6""},{""name"":""rs-12-p4-644rl"",""cpu_m"":765,""mem_b"":827385945,""priority"":""4"",""node"":""kwok-node-31""},{""name"":""rs-12-p4-cc4dg"",""cpu_m"":765,""mem_b"":827385945,""priority"":""4"",""node"":""kwok-node-4""},{""name"":""rs-12-p4-zbj7s"",""cpu_m"":765,""mem_b"":827385945,""priority"":""4"",""node"":""kwok-node-5""},{""name"":""rs-13-p2-52kmd"",""cpu_m"":778,""mem_b"":785997639,""priority"":""2"",""node"":""kwok-node-11""},{""name"":""rs-13-p2-kzxpq"",""cpu_m"":778,""mem_b"":785997639,""priority"":""2"",""node"":""kwok-node-20""},{""name"":""rs-13-p2-td5jx"",""cpu_m"":778,""mem_b"":785997639,""priority"":""2"",""node"":""kwok-node-32""},{""name"":""rs-14-p4-4gzxd"",""cpu_m"":986,""mem_b"":921158512,""priority"":""4"",""node"":""kwok-node-14""},{""name"":""rs-14-p4-s9mcp"",""cpu_m"":986,""mem_b"":921158512,""priority"":""4"",""node"":""kwok-node-15""},{""name"":""rs-15-p4-hq9vg"",""cpu_m"":549,""mem_b"":486412394,""priority"":""4"",""node"":""kwok-node-9""},{""name"":""rs-16-p2-8lzdd"",""cpu_m"":656,""mem_b"":616891706,""priority"":""2"",""node"":""kwok-node-7""},{""name"":""rs-16-p2-lz4v7"",""cpu_m"":656,""mem_b"":616891706,""priority"":""2"",""node"":""kwok-node-16""},{""name"":""rs-16-p2-twm4b"",""cpu_m"":656,""mem_b"":616891706,""priority"":""2"",""node"":""kwok-node-8""},{""name"":""rs-16-p2-x7x44"",""cpu_m"":656,""mem_b"":616891706,""priority"":""2"",""node"":""kwok-node-9""},{""name"":""rs-17-p3-c76fx"",""cpu_m"":193,""mem_b"":447212009,""priority"":""3"",""node"":""kwok-node-2""},{""name"":""rs-17-p3-jhgt8"",""cpu_m"":193,""mem_b"":447212009,""priority"":""3"",""node"":""kwok-node-1""},{""name"":""rs-17-p3-zpc9l"",""cpu_m"":193,""mem_b"":447212009,""priority"":""3"",""node"":""kwok-node-13""},{""name"":""rs-18-p2-qdd7c"",""cpu_m"":397,""mem_b"":224682409,""priority"":""2"",""node"":""kwok-node-18""},{""name"":""rs-19-p1-l9qvd"",""cpu_m"":979,""mem_b"":578021442,""priority"":""1"",""node"":""kwok-node-28""},{""name"":""rs-19-p1-mwbbt"",""cpu_m"":979,""mem_b"":578021442,""priority"":""1"",""node"":""kwok-node-26""},{""name"":""rs-19-p1-s5bzp"",""cpu_m"":979,""mem_b"":578021442,""priority"":""1"",""node"":""kwok-node-25""},{""name"":""rs-20-p4-tk5sl"",""cpu_m"":846,""mem_b"":224649929,""priority"":""4"",""node"":""kwok-node-17""},{""name"":""rs-21-p1-twpmt"",""cpu_m"":923,""mem_b"":536832653,""priority"":""1"",""node"":""kwok-node-3""},{""name"":""rs-21-p1-znj9x"",""cpu_m"":923,""mem_b"":536832653,""priority"":""1"",""node"":""kwok-node-30""},{""name"":""rs-22-p2-vj4l6"",""cpu_m"":737,""mem_b"":376776492,""priority"":""2"",""node"":""kwok-node-29""},{""name"":""rs-23-p1-dnfgz"",""cpu_m"":246,""mem_b"":883236784,""priority"":""1"",""node"":""kwok-node-7""},{""name"":""rs-23-p1-g24jw"",""cpu_m"":246,""mem_b"":883236784,""priority"":""1"",""node"":""kwok-node-2""},{""name"":""rs-23-p1-knw6g"",""cpu_m"":246,""mem_b"":883236784,""priority"":""1"",""node"":""kwok-node-27""},{""name"":""rs-23-p1-mx4hm"",""cpu_m"":246,""mem_b"":883236784,""priority"":""1"",""node"":""kwok-node-24""},{""name"":""rs-24-p1-6d25f"",""cpu_m"":513,""mem_b"":713609197,""priority"":""1"",""node"":""kwok-node-21""},{""name"":""rs-24-p1-8fhr6"",""cpu_m"":513,""mem_b"":713609197,""priority"":""1"",""node"":""kwok-node-8""},{""name"":""rs-24-p1-8gwxx"",""cpu_m"":513,""mem_b"":713609197,""priority"":""1"",""node"":""kwok-node-12""},{""name"":""rs-25-p4-4x9xl"",""cpu_m"":692,""mem_b"":856217851,""priority"":""4"",""node"":""kwok-node-32""},{""name"":""rs-25-p4-ssl7s"",""cpu_m"":692,""mem_b"":856217851,""priority"":""4"",""node"":""kwok-node-23""},{""name"":""rs-25-p4-zgrnq"",""cpu_m"":692,""mem_b"":856217851,""priority"":""4"",""node"":""kwok-node-31""},{""name"":""rs-26-p4-7qnzq"",""cpu_m"":511,""mem_b"":974493071,""priority"":""4"",""node"":""kwok-node-22""},{""name"":""rs-27-p2-78hv6"",""cpu_m"":804,""mem_b"":100603852,""priority"":""2"",""node"":""kwok-node-5""},{""name"":""rs-27-p2-cntgm"",""cpu_m"":804,""mem_b"":100603852,""priority"":""2"",""node"":""kwok-node-4""},{""name"":""rs-27-p2-vvjmm"",""cpu_m"":804,""mem_b"":100603852,""priority"":""2"",""node"":""kwok-node-6""},{""name"":""rs-28-p3-6gg4s"",""cpu_m"":841,""mem_b"":165304096,""priority"":""3"",""node"":""kwok-node-18""},{""name"":""rs-28-p3-hk2b5"",""cpu_m"":841,""mem_b"":165304096,""priority"":""3"",""node"":""kwok-node-13""},{""name"":""rs-28-p3-tf6nr"",""cpu_m"":841,""mem_b"":165304096,""priority"":""3"",""node"":""kwok-node-1""},{""name"":""rs-29-p1-87wzh"",""cpu_m"":240,""mem_b"":299219448,""priority"":""1"",""node"":""kwok-node-19""},{""name"":""rs-29-p1-sx9v5"",""cpu_m"":240,""mem_b"":299219448,""priority"":""1"",""node"":""kwok-node-10""},{""name"":""rs-29-p1-v9ckg"",""cpu_m"":240,""mem_b"":299219448,""priority"":""1"",""node"":""kwok-node-27""},{""name"":""rs-30-p1-bwdp8"",""cpu_m"":685,""mem_b"":924493246,""priority"":""1"",""node"":""kwok-node-24""},{""name"":""rs-30-p1-xq9nr"",""cpu_m"":685,""mem_b"":924493246,""priority"":""1"",""node"":""kwok-node-9""},{""name"":""rs-31-p3-kqnkd"",""cpu_m"":994,""mem_b"":262689352,""priority"":""3"",""node"":""kwok-node-12""},{""name"":""rs-31-p3-twdtt"",""cpu_m"":994,""mem_b"":262689352,""priority"":""3"",""node"":""kwok-node-7""},{""name"":""rs-32-p1-2pqm5"",""cpu_m"":151,""mem_b"":221830982,""priority"":""1"",""node"":""kwok-node-26""},{""name"":""rs-32-p1-xgkwp"",""cpu_m"":151,""mem_b"":221830982,""priority"":""1"",""node"":""kwok-node-28""},{""name"":""rs-32-p1-zs8h5"",""cpu_m"":151,""mem_b"":221830982,""priority"":""1"",""node"":""kwok-node-25""},{""name"":""rs-33-p2-2plsh"",""cpu_m"":156,""mem_b"":909373109,""priority"":""2"",""node"":""kwok-node-6""},{""name"":""rs-33-p2-4vgdk"",""cpu_m"":156,""mem_b"":909373109,""priority"":""2"",""node"":""kwok-node-5""},{""name"":""rs-33-p2-g95c8"",""cpu_m"":156,""mem_b"":909373109,""priority"":""2"",""node"":""kwok-node-18""},{""name"":""rs-33-p2-m7r74"",""cpu_m"":156,""mem_b"":909373109,""priority"":""2"",""node"":""kwok-node-4""},{""name"":""rs-34-p1-dlgm2"",""cpu_m"":935,""mem_b"":677420095,""priority"":""1"",""node"":""kwok-node-19""},{""name"":""rs-34-p1-dtmrz"",""cpu_m"":935,""mem_b"":677420095,""priority"":""1"",""node"":""kwok-node-16""},{""name"":""rs-35-p2-8ftn2"",""cpu_m"":207,""mem_b"":847384309,""priority"":""2"",""node"":""kwok-node-17""},{""name"":""rs-35-p2-99gfb"",""cpu_m"":207,""mem_b"":847384309,""priority"":""2"",""node"":""kwok-node-13""},{""name"":""rs-35-p2-rpkn2"",""cpu_m"":207,""mem_b"":847384309,""priority"":""2"",""node"":""kwok-node-1""},{""name"":""rs-36-p2-qn2zl"",""cpu_m"":156,""mem_b"":280332366,""priority"":""2"",""node"":""kwok-node-29""},{""name"":""rs-37-p2-jgh82"",""cpu_m"":205,""mem_b"":981029444,""priority"":""2"",""node"":""""},{""name"":""rs-38-p3-ld9rc"",""cpu_m"":917,""mem_b"":257922757,""priority"":""3"",""node"":""kwok-node-8""},{""name"":""rs-39-p3-j4qzx"",""cpu_m"":811,""mem_b"":881990279,""priority"":""3"",""node"":""""},{""name"":""rs-39-p3-wbckk"",""cpu_m"":811,""mem_b"":881990279,""priority"":""3"",""node"":""""},{""name"":""rs-39-p3-zs7ds"",""cpu_m"":811,""mem_b"":881990279,""priority"":""3"",""node"":""""},{""name"":""rs-39-p3-zzmgs"",""cpu_m"":811,""mem_b"":881990279,""priority"":""3"",""node"":""""},{""name"":""rs-40-p2-tgtrj"",""cpu_m"":706,""mem_b"":877309361,""priority"":""2"",""node"":""""},{""name"":""rs-41-p3-lzp9w"",""cpu_m"":452,""mem_b"":953175059,""priority"":""3"",""node"":""""},{""name"":""rs-41-p3-p4zcx"",""cpu_m"":452,""mem_b"":953175059,""priority"":""3"",""node"":""""},{""name"":""rs-41-p3-wt4mg"",""cpu_m"":452,""mem_b"":953175059,""priority"":""3"",""node"":""""},{""name"":""rs-42-p3-5w47w"",""cpu_m"":733,""mem_b"":368748814,""priority"":""3"",""node"":""kwok-node-26""},{""name"":""rs-42-p3-wx6f2"",""cpu_m"":733,""mem_b"":368748814,""priority"":""3"",""node"":""kwok-node-28""},{""name"":""rs-42-p3-xx4mc"",""cpu_m"":733,""mem_b"":368748814,""priority"":""3"",""node"":""kwok-node-25""},{""name"":""rs-43-p4-48qz4"",""cpu_m"":663,""mem_b"":555843103,""priority"":""4"",""node"":""kwok-node-27""},{""name"":""rs-43-p4-ht8wh"",""cpu_m"":663,""mem_b"":555843103,""priority"":""4"",""node"":""kwok-node-10""},{""name"":""rs-44-p1-7qkh6"",""cpu_m"":381,""mem_b"":346735082,""priority"":""1"",""node"":""kwok-node-11""},{""name"":""rs-44-p1-nhg7f"",""cpu_m"":381,""mem_b"":346735082,""priority"":""1"",""node"":""kwok-node-20""},{""name"":""rs-45-p4-mvrh4"",""cpu_m"":743,""mem_b"":421552784,""priority"":""4"",""node"":""kwok-node-14""},{""name"":""rs-45-p4-rqcgp"",""cpu_m"":743,""mem_b"":421552784,""priority"":""4"",""node"":""kwok-node-2""},{""name"":""rs-45-p4-tr8q2"",""cpu_m"":743,""mem_b"":421552784,""priority"":""4"",""node"":""kwok-node-3""},{""name"":""rs-46-p1-n9ps4"",""cpu_m"":860,""mem_b"":868565371,""priority"":""1"",""node"":""""},{""name"":""rs-46-p1-ps2p6"",""cpu_m"":860,""mem_b"":868565371,""priority"":""1"",""node"":""""},{""name"":""rs-47-p1-2q7hf"",""cpu_m"":518,""mem_b"":136768306,""priority"":""1"",""node"":""kwok-node-31""},{""name"":""rs-47-p1-lrszm"",""cpu_m"":518,""mem_b"":136768306,""priority"":""1"",""node"":""kwok-node-29""},{""name"":""rs-47-p1-lvb4l"",""cpu_m"":518,""mem_b"":136768306,""priority"":""1"",""node"":""kwok-node-21""},{""name"":""rs-47-p1-tmn24"",""cpu_m"":518,""mem_b"":136768306,""priority"":""1"",""node"":""kwok-node-32""},{""name"":""rs-48-p2-944vx"",""cpu_m"":535,""mem_b"":194624418,""priority"":""2"",""node"":""kwok-node-15""},{""name"":""rs-48-p2-gbj96"",""cpu_m"":535,""mem_b"":194624418,""priority"":""2"",""node"":""kwok-node-23""},{""name"":""rs-48-p2-vjpg7"",""cpu_m"":535,""mem_b"":194624418,""priority"":""2"",""node"":""kwok-node-30""},{""name"":""rs-49-p2-928v2"",""cpu_m"":853,""mem_b"":108438919,""priority"":""2"",""node"":""""},{""name"":""rs-49-p2-9psjz"",""cpu_m"":853,""mem_b"":108438919,""priority"":""2"",""node"":""""},{""name"":""rs-49-p2-fjsbq"",""cpu_m"":853,""mem_b"":108438919,""priority"":""2"",""node"":""""},{""name"":""rs-49-p2-qprtd"",""cpu_m"":853,""mem_b"":108438919,""priority"":""2"",""node"":""""},{""name"":""rs-50-p1-mk5fl"",""cpu_m"":180,""mem_b"":568275728,""priority"":""1"",""node"":""""},{""name"":""rs-50-p1-nzx59"",""cpu_m"":180,""mem_b"":568275728,""priority"":""1"",""node"":""""},{""name"":""rs-51-p1-87sxx"",""cpu_m"":672,""mem_b"":392903740,""priority"":""1"",""node"":""""},{""name"":""rs-52-p1-wj6g2"",""cpu_m"":641,""mem_b"":286080921,""priority"":""1"",""node"":""""},{""name"":""rs-53-p3-b9tv5"",""cpu_m"":687,""mem_b"":131420124,""priority"":""3"",""node"":""""}]","[{""name"":""kwok-node-1"",""cap_cpu_m"":2245,""cap_mem_bytes"":2094935320},{""name"":""kwok-node-2"",""cap_cpu_m"":2245,""cap_mem_bytes"":2094935320},{""name"":""kwok-node-3"",""cap_cpu_m"":2245,""cap_mem_bytes"":2094935320},{""name"":""kwok-node-4"",""cap_cpu_m"":2245,""cap_mem_bytes"":2094935320},{""name"":""kwok-node-5"",""cap_cpu_m"":2245,""cap_mem_bytes"":2094935320},{""name"":""kwok-node-6"",""cap_cpu_m"":2245,""cap_mem_bytes"":2094935320},{""name"":""kwok-node-7"",""cap_cpu_m"":2245,""cap_mem_bytes"":2094935320},{""name"":""kwok-node-8"",""cap_cpu_m"":2245,""cap_mem_bytes"":2094935320},{""name"":""kwok-node-9"",""cap_cpu_m"":2245,""cap_mem_bytes"":2094935320},{""name"":""kwok-node-10"",""cap_cpu_m"":2245,""cap_mem_bytes"":2094935320},{""name"":""kwok-node-11"",""cap_cpu_m"":2245,""cap_mem_bytes"":2094935320},{""name"":""kwok-node-12"",""cap_cpu_m"":2245,""cap_mem_bytes"":2094935320},{""name"":""kwok-node-13"",""cap_cpu_m"":2245,""cap_mem_bytes"":2094935320},{""name"":""kwok-node-14"",""cap_cpu_m"":2245,""cap_mem_bytes"":2094935320},{""name"":""kwok-node-15"",""cap_cpu_m"":2245,""cap_mem_bytes"":2094935320},{""name"":""kwok-node-16"",""cap_cpu_m"":2245,""cap_mem_bytes"":2094935320},{""name"":""kwok-node-17"",""cap_cpu_m"":2245,""cap_mem_bytes"":2094935320},{""name"":""kwok-node-18"",""cap_cpu_m"":2245,""cap_mem_bytes"":2094935320},{""name"":""kwok-node-19"",""cap_cpu_m"":2245,""cap_mem_bytes"":2094935320},{""name"":""kwok-node-20"",""cap_cpu_m"":2245,""cap_mem_bytes"":2094935320},{""name"":""kwok-node-21"",""cap_cpu_m"":2245,""cap_mem_bytes"":2094935320},{""name"":""kwok-node-22"",""cap_cpu_m"":2245,""cap_mem_bytes"":2094935320},{""name"":""kwok-node-23"",""cap_cpu_m"":2245,""cap_mem_bytes"":2094935320},{""name"":""kwok-node-24"",""cap_cpu_m"":2245,""cap_mem_bytes"":2094935320},{""name"":""kwok-node-25"",""cap_cpu_m"":2245,""cap_mem_bytes"":2094935320},{""name"":""kwok-node-26"",""cap_cpu_m"":2245,""cap_mem_bytes"":2094935320},{""name"":""kwok-node-27"",""cap_cpu_m"":2245,""cap_mem_bytes"":2094935320},{""name"":""kwok-node-28"",""cap_cpu_m"":2245,""cap_mem_bytes"":2094935320},{""name"":""kwok-node-29"",""cap_cpu_m"":2245,""cap_mem_bytes"":2094935320},{""name"":""kwok-node-30"",""cap_cpu_m"":2245,""cap_mem_bytes"":2094935320},{""name"":""kwok-node-31"",""cap_cpu_m"":2245,""cap_mem_bytes"":2094935320},{""name"":""kwok-node-32"",""cap_cpu_m"":2245,""cap_mem_bytes"":2094935320}]"
2026/02/11/11:27:32,8016731149625864370,,"{""evicted"":0,""moved"":0,""placed_by_priority"":{""1"":26,""2"":30,""3"":29,""4"":24}}",python,"{""evicted"":12,""moved"":7,""placed_by_priority"":{""1"":16,""2"":35,""3"":29,""4"":32}}",895,FEASIBLE,"[{""duration_ms"":895,""name"":""python"",""score"":{""evicted"":12,""moved"":7,""placed_by_priority"":{""1"":16,""2"":35,""3"":29,""4"":32}},""status"":""FEASIBLE""}]",0.882,0.862,0.897,0.855,61752,60292,67040410009,63929710142,112,109,16,19,"{""kwok-node-1"":3,""kwok-node-10"":5,""kwok-node-11"":3,""kwok-node-12"":3,""kwok-node-13"":4,""kwok-node-14"":3,""kwok-node-15"":4,""kwok-node-16"":3,""kwok-node-17"":4,""kwok-node-18"":3,""kwok-node-19"":4,""kwok-node-2"":4,""kwok-node-20"":3,""kwok-node-21"":3,""kwok-node-22"":4,""kwok-node-23"":3,""kwok-node-24"":4,""kwok-node-25"":4,""kwok-node-26"":5,""kwok-node-27"":4,""kwok-node-28"":3,""kwok-node-29"":3,""kwok-node-3"":3,""kwok-node-30"":3,""kwok-node-31"":3,""kwok-node-32"":3,""kwok-node-4"":4,""kwok-node-5"":3,""kwok-node-6"":4,""kwok-node-7"":4,""kwok-node-8"":3,""kwok-node-9"":3}","{""kwok-node-1"":3,""kwok-node-10"":5,""kwok-node-11"":3,""kwok-node-12"":3,""kwok-node-13"":4,""kwok-node-14"":3,""kwok-node-15"":4,""kwok-node-16"":3,""kwok-node-17"":4,""kwok-node-18"":3,""kwok-node-19"":4,""kwok-node-2"":3,""kwok-node-20"":3,""kwok-node-21"":3,""kwok-node-22"":4,""kwok-node-23"":3,""kwok-node-24"":4,""kwok-node-25"":4,""kwok-node-26"":5,""kwok-node-27"":4,""kwok-node-28"":3,""kwok-node-29"":3,""kwok-node-3"":3,""kwok-node-30"":3,""kwok-node-31"":3,""kwok-node-32"":3,""kwok-node-4"":3,""kwok-node-5"":3,""kwok-node-6"":3,""kwok-node-7"":4,""kwok-node-8"":3,""kwok-node-9"":3}","{""p1"":16,""p2"":35,""p3"":29,""p4"":32}","{""p1"":26,""p2"":30,""p3"":29,""p4"":24}","{""p1"":16}","{""p1"":6,""p2"":5,""p4"":8}","{rs-01-p1-qthh9,rs-02-p1-7bg6q,rs-06-p1-7k6m9,rs-06-p1-f4fgl,rs-06-p1-qdd4c,rs-06-p1-r5rd8,rs-16-p1-lkq5n,rs-24-p1-9ds6q,rs-24-p1-znd9x,rs-33-p1-4b54r,rs-33-p1-l62v9,rs-33-p1-qwfmm,rs-44-p1-n8gzw,rs-48-p1-f4lvw,rs-48-p1-m5gct,rs-48-p1-q2tl2}","{rs-40-p4-vsbg5,rs-41-p4-8lzz4,rs-41-p4-94wtv,rs-43-p2-6bpmq,rs-44-p1-n8gzw,rs-47-p2-7dg7l,rs-47-p2-gmcks,rs-47-p2-qqs67,rs-47-p2-tlzvj,rs-48-p1-f4lvw,rs-48-p1-m5gct,rs-48-p1-q2tl2,rs-49-p4-2mbwj,rs-49-p4-42rb6,rs-49-p4-phczq,rs-49-p4-q8r5j,rs-50-p1-z2g2q,rs-51-p4-km2cs,rs-52-p1-xmxt9}","{rs-03-p2-lrlfl,rs-04-p2-d4x88,rs-04-p2-vzccl,rs-05-p4-cm7r4,rs-05-p4-gq8qg,rs-05-p4-p5597,rs-07-p2-d6nw7,rs-07-p2-d7wrt,rs-08-p4-796d8,rs-08-p4-985p7,rs-08-p4-dfxp2,rs-08-p4-kkt2k,rs-09-p3-nhvbl,rs-09-p3-pvzgk,rs-10-p2-tllc6,rs-11-p3-l8724,rs-11-p3-zrfl9,rs-12-p2-6d5n2,rs-12-p2-bxwsk,rs-13-p2-bbjzt,rs-14-p1-q5cv2,rs-14-p1-rbj2n,rs-15-p3-5wq6m,rs-15-p3-7wktp,rs-15-p3-94l4w,rs-16-p1-57k5f,rs-17-p4-25frq,rs-17-p4-9mlv7,rs-17-p4-p2qcv,rs-17-p4-qr58v,rs-18-p1-blzdm,rs-18-p1-l8szp,rs-18-p1-nsffx,rs-18-p1-wbx79,rs-19-p3-bwrm7,rs-19-p3-grd58,rs-19-p3-xc45q,rs-20-p1-bvx97,rs-21-p3-5wj8t,rs-21-p3-7qzlf,rs-21-p3-jqqh4,rs-21-p3-njrkx,rs-22-p2-4nxm2,rs-22-p2-6bt65,rs-22-p2-7b4mj,rs-23-p3-9cmhs,rs-24-p1-hvq9q,rs-24-p1-kwshb,rs-25-p3-9lkr5,rs-25-p3-f5rmr,rs-26-p2-mtlhx,rs-26-p2-pf4zl,rs-26-p2-t68lt,rs-27-p4-clb7j,rs-27-p4-nb54p,rs-28-p2-9wshx,rs-28-p2-ck6d2,rs-28-p2-ppt55,rs-29-p2-cq7q4,rs-30-p3-84npv,rs-30-p3-szbjj,rs-30-p3-tv9l2,rs-31-p3-2gflp,rs-31-p3-7hct2,rs-31-p3-8pwkc,rs-32-p4-qrtjk,rs-33-p1-74fr5,rs-34-p2-7prg6,rs-34-p2-lcjmd,rs-34-p2-rtnhk,rs-34-p2-tdlrb,rs-35-p3-kjjrs,rs-36-p2-jgf5m,rs-36-p2-sv2xt,rs-36-p2-wn7g8,rs-37-p4-6nmc5,rs-37-p4-mmrhd,rs-38-p3-5dxnc,rs-38-p3-dx57r,rs-38-p3-wvqj7,rs-38-p3-xr72w,rs-39-p2-d5wtk,rs-39-p2-l7x4t,rs-39-p2-zm6l4,rs-40-p4-27g4z,rs-40-p4-4mlls,rs-40-p4-pcmjh,rs-40-p4-vsbg5,rs-41-p4-8lzz4,rs-41-p4-94wtv,rs-42-p3-j2cln,rs-43-p2-6bpmq,rs-43-p2-z6hpt,rs-44-p1-sh9db,rs-45-p4-k4sd4,rs-46-p4-9rfgp,rs-46-p4-kb4w8,rs-46-p4-sfznv,rs-46-p4-z5xgk,rs-47-p2-7dg7l,rs-47-p2-gmcks,rs-47-p2-qqs67,rs-47-p2-tlzvj,rs-49-p4-2mbwj,rs-49-p4-42rb6,rs-49-p4-phczq,rs-49-p4-q8r5j,rs-50-p1-5cqcq,rs-50-p1-sk7zs,rs-50-p1-z2g2q,rs-51-p4-km2cs,rs-52-p1-xmxt9}","{rs-01-p1-h29dj,rs-02-p1-5wkvm,rs-03-p2-lrlfl,rs-04-p2-d4x88,rs-04-p2-vzccl,rs-05-p4-cm7r4,rs-05-p4-gq8qg,rs-05-p4-p5597,rs-06-p1-4c5cg,rs-06-p1-5gn9c,rs-06-p1-6znbp,rs-06-p1-pvn6d,rs-07-p2-d6nw7,rs-07-p2-d7wrt,rs-08-p4-796d8,rs-08-p4-985p7,rs-08-p4-dfxp2,rs-08-p4-kkt2k,rs-09-p3-nhvbl,rs-09-p3-pvzgk,rs-10-p2-tllc6,rs-11-p3-l8724,rs-11-p3-zrfl9,rs-12-p2-6d5n2,rs-12-p2-bxwsk,rs-13-p2-bbjzt,rs-14-p1-fx59b,rs-14-p1-zvmdd,rs-15-p3-5wq6m,rs-15-p3-7wktp,rs-15-p3-94l4w,rs-16-p1-57k5f,rs-16-p1-hllg9,rs-17-p4-25frq,rs-17-p4-9mlv7,rs-17-p4-p2qcv,rs-17-p4-qr58v,rs-18-p1-8gzsf,rs-18-p1-nsffx,rs-18-p1-sfcj2,rs-18-p1-wbx79,rs-19-p3-bwrm7,rs-19-p3-grd58,rs-19-p3-xc45q,rs-20-p1-x7522,rs-21-p3-5wj8t,rs-21-p3-7qzlf,rs-21-p3-jqqh4,rs-21-p3-njrkx,rs-22-p2-4nxm2,rs-22-p2-6bt65,rs-22-p2-7b4mj,rs-23-p3-9cmhs,rs-24-p1-brh7z,rs-24-p1-hvq9q,rs-24-p1-kwshb,rs-24-p1-pfgds,rs-25-p3-9lkr5,rs-25-p3-f5rmr,rs-26-p2-mtlhx,rs-26-p2-pf4zl,rs-26-p2-t68lt,rs-27-p4-clb7j,rs-27-p4-nb54p,rs-28-p2-9wshx,rs-28-p2-ck6d2,rs-28-p2-ppt55,rs-29-p2-cq7q4,rs-30-p3-84npv,rs-30-p3-szbjj,rs-30-p3-tv9l2,rs-31-p3-2gflp,rs-31-p3-7hct2,rs-31-p3-8pwkc,rs-32-p4-qrtjk,rs-33-p1-74fr5,rs-33-p1-p9q4g,rs-33-p1-rflr9,rs-33-p1-rsml6,rs-34-p2-7prg6,rs-34-p2-lcjmd,rs-34-p2-rtnhk,rs-34-p2-tdlrb,rs-35-p3-kjjrs,rs-36-p2-jgf5m,rs-36-p2-sv2xt,rs-36-p2-wn7g8,rs-37-p4-6nmc5,rs-37-p4-mmrhd,rs-38-p3-5dxnc,rs-38-p3-dx57r,rs-38-p3-wvqj7,rs-38-p3-xr72w,rs-39-p2-d5wtk,rs-39-p2-l7x4t,rs-39-p2-zm6l4,rs-40-p4-27g4z,rs-40-p4-4mlls,rs-40-p4-pcmjh,rs-42-p3-j2cln,rs-43-p2-z6hpt,rs-44-p1-sh9db,rs-45-p4-k4sd4,rs-46-p4-9rfgp,rs-46-p4-kb4w8,rs-46-p4-sfznv,rs-46-p4-z5xgk,rs-50-p1-6jd69,rs-50-p1-pnfj2}","[{""name"":""rs-01-p1-qthh9"",""cpu_m"":886,""mem_b"":738253439,""priority"":""1"",""node"":""""},{""name"":""rs-02-p1-7bg6q"",""cpu_m"":945,""mem_b"":163638004,""priority"":""1"",""node"":""""},{""name"":""rs-03-p2-lrlfl"",""cpu_m"":901,""mem_b"":975716491,""priority"":""2"",""node"":""kwok-node-20""},{""name"":""rs-04-p2-d4x88"",""cpu_m"":325,""mem_b"":496003130,""priority"":""2"",""node"":""kwok-node-23""},{""name"":""rs-04-p2-vzccl"",""cpu_m"":325,""mem_b"":496003130,""priority"":""2"",""node"":""kwok-node-18""},{""name"":""rs-05-p4-cm7r4"",""cpu_m"":185,""mem_b"":289062939,""priority"":""4"",""node"":""kwok-node-11""},{""name"":""rs-05-p4-gq8qg"",""cpu_m"":185,""mem_b"":289062939,""priority"":""4"",""node"":""kwok-node-21""},{""name"":""rs-05-p4-p5597"",""cpu_m"":185,""mem_b"":289062939,""priority"":""4"",""node"":""kwok-node-15""},{""name"":""rs-06-p1-7k6m9"",""cpu_m"":537,""mem_b"":913854772,""priority"":""1"",""node"":""""},{""name"":""rs-06-p1-f4fgl"",""cpu_m"":537,""mem_b"":913854772,""priority"":""1"",""node"":""""},{""name"":""rs-06-p1-qdd4c"",""cpu_m"":537,""mem_b"":913854772,""priority"":""1"",""node"":""""},{""name"":""rs-06-p1-r5rd8"",""cpu_m"":537,""mem_b"":913854772,""priority"":""1"",""node"":""""},{""name"":""rs-07-p2-d6nw7"",""cpu_m"":585,""mem_b"":535115904,""priority"":""2"",""node"":""kwok-node-14""},{""name"":""rs-07-p2-d7wrt"",""cpu_m"":585,""mem_b"":535115904,""priority"":""2"",""node"":""kwok-node-12""},{""name"":""rs-08-p4-796d8"",""cpu_m"":168,""mem_b"":577810011,""priority"":""4"",""node"":""kwok-node-26""},{""name"":""rs-08-p4-985p7"",""cpu_m"":168,""mem_b"":577810011,""priority"":""4"",""node"":""kwok-node-27""},{""name"":""rs-08-p4-dfxp2"",""cpu_m"":168,""mem_b"":577810011,""priority"":""4"",""node"":""kwok-node-24""},{""name"":""rs-08-p4-kkt2k"",""cpu_m"":168,""mem_b"":577810011,""priority"":""4"",""node"":""kwok-node-25""},{""name"":""rs-09-p3-nhvbl"",""cpu_m"":577,""mem_b"":600896652,""priority"":""3"",""node"":""kwok-node-2""},{""name"":""rs-09-p3-pvzgk"",""cpu_m"":577,""mem_b"":600896652,""priority"":""3"",""node"":""kwok-node-28""},{""name"":""rs-10-p2-tllc6"",""cpu_m"":317,""mem_b"":562388354,""priority"":""2"",""node"":""kwok-node-3""},{""name"":""rs-11-p3-l8724"",""cpu_m"":542,""mem_b"":607841715,""priority"":""3"",""node"":""kwok-node-30""},{""name"":""rs-11-p3-zrfl9"",""cpu_m"":542,""mem_b"":607841715,""priority"":""3"",""node"":""kwok-node-1""},{""name"":""rs-12-p2-6d5n2"",""cpu_m"":987,""mem_b"":656969436,""priority"":""2"",""node"":""kwok-node-31""},{""name"":""rs-12-p2-bxwsk"",""cpu_m"":987,""mem_b"":656969436,""priority"":""2"",""node"":""kwok-node-29""},{""name"":""rs-13-p2-bbjzt"",""cpu_m"":254,""mem_b"":712875832,""priority"":""2"",""node"":""kwok-node-6""},{""name"":""rs-14-p1-q5cv2"",""cpu_m"":662,""mem_b"":417222912,""priority"":""1"",""node"":""kwok-node-10""},{""name"":""rs-14-p1-rbj2n"",""cpu_m"":662,""mem_b"":417222912,""priority"":""1"",""node"":""kwok-node-6""},{""name"":""rs-15-p3-5wq6m"",""cpu_m"":246,""mem_b"":730255096,""priority"":""3"",""node"":""kwok-node-5""},{""name"":""rs-15-p3-7wktp"",""cpu_m"":246,""mem_b"":730255096,""priority"":""3"",""node"":""kwok-node-7""},{""name"":""rs-15-p3-94l4w"",""cpu_m"":246,""mem_b"":730255096,""priority"":""3"",""node"":""kwok-node-32""},{""name"":""rs-16-p1-57k5f"",""cpu_m"":416,""mem_b"":747009739,""priority"":""1"",""node"":""kwok-node-15""},{""name"":""rs-16-p1-lkq5n"",""cpu_m"":416,""mem_b"":747009739,""priority"":""1"",""node"":""""},{""name"":""rs-17-p4-25frq"",""cpu_m"":893,""mem_b"":942367480,""priority"":""4"",""node"":""kwok-node-21""},{""name"":""rs-17-p4-9mlv7"",""cpu_m"":893,""mem_b"":942367480,""priority"":""4"",""node"":""kwok-node-18""},{""name"":""rs-17-p4-p2qcv"",""cpu_m"":893,""mem_b"":942367480,""priority"":""4"",""node"":""kwok-node-23""},{""name"":""rs-17-p4-qr58v"",""cpu_m"":893,""mem_b"":942367480,""priority"":""4"",""node"":""kwok-node-11""},{""name"":""rs-18-p1-blzdm"",""cpu_m"":800,""mem_b"":189308694,""priority"":""1"",""node"":""kwok-node-4""},{""name"":""rs-18-p1-l8szp"",""cpu_m"":800,""mem_b"":189308694,""priority"":""1"",""node"":""kwok-node-10""},{""name"":""rs-18-p1-nsffx"",""cpu_m"":800,""mem_b"":189308694,""priority"":""1"",""node"":""kwok-node-24""},{""name"":""rs-18-p1-wbx79"",""cpu_m"":800,""mem_b"":189308694,""priority"":""1"",""node"":""kwok-node-26""},{""name"":""rs-19-p3-bwrm7"",""cpu_m"":596,""mem_b"":865610657,""priority"":""3"",""node"":""kwok-node-4""},{""name"":""rs-19-p3-grd58"",""cpu_m"":596,""mem_b"":865610657,""priority"":""3"",""node"":""kwok-node-8""},{""name"":""rs-19-p3-xc45q"",""cpu_m"":596,""mem_b"":865610657,""priority"":""3"",""node"":""kwok-node-14""},{""name"":""rs-20-p1-bvx97"",""cpu_m"":473,""mem_b"":614225915,""priority"":""1"",""node"":""kwok-node-22""},{""name"":""rs-21-p3-5wj8t"",""cpu_m"":746,""mem_b"":624397509,""priority"":""3"",""node"":""kwok-node-6""},{""name"":""rs-21-p3-7qzlf"",""cpu_m"":746,""mem_b"":624397509,""priority"":""3"",""node"":""kwok-node-32""},{""name"":""rs-21-p3-jqqh4"",""cpu_m"":746,""mem_b"":624397509,""priority"":""3"",""node"":""kwok-node-3""},{""name"":""rs-21-p3-njrkx"",""cpu_m"":746,""mem_b"":624397509,""priority"":""3"",""node"":""kwok-node-5""},{""name"":""rs-22-p2-4nxm2"",""cpu_m"":638,""mem_b"":388425401,""priority"":""2"",""node"":""kwok-node-1""},{""name"":""rs-22-p2-6bt65"",""cpu_m"":638,""mem_b"":388425401,""priority"":""2"",""node"":""kwok-node-9""},{""name"":""rs-22-p2-7b4mj"",""cpu_m"":638,""mem_b"":388425401,""priority"":""2"",""node"":""kwok-node-7""},{""name"":""rs-23-p3-9cmhs"",""cpu_m"":161,""mem_b"":775509443,""priority"":""3"",""node"":""kwok-node-10""},{""name"":""rs-24-p1-9ds6q"",""cpu_m"":525,""mem_b"":860917531,""priority"":""1"",""node"":""""},{""name"":""rs-24-p1-hvq9q"",""cpu_m"":525,""mem_b"":860917531,""priority"":""1"",""node"":""kwok-node-30""},{""name"":""rs-24-p1-kwshb"",""cpu_m"":525,""mem_b"":860917531,""priority"":""1"",""node"":""kwok-node-28""},{""name"":""rs-24-p1-znd9x"",""cpu_m"":525,""mem_b"":860917531,""priority"":""1"",""node"":""""},{""name"":""rs-25-p3-9lkr5"",""cpu_m"":173,""mem_b"":250841918,""priority"":""3"",""node"":""kwok-node-22""},{""name"":""rs-25-p3-f5rmr"",""cpu_m"":173,""mem_b"":250841918,""priority"":""3"",""node"":""kwok-node-19""},{""name"":""rs-26-p2-mtlhx"",""cpu_m"":425,""mem_b"":217266912,""priority"":""2"",""node"":""kwok-node-13""},{""name"":""rs-26-p2-pf4zl"",""cpu_m"":425,""mem_b"":217266912,""priority"":""2"",""node"":""kwok-node-15""},{""name"":""rs-26-p2-t68lt"",""cpu_m"":425,""mem_b"":217266912,""priority"":""2"",""node"":""kwok-node-17""},{""name"":""rs-27-p4-clb7j"",""cpu_m"":607,""mem_b"":522964901,""priority"":""4"",""node"":""kwok-node-7""},{""name"":""rs-27-p4-nb54p"",""cpu_m"":607,""mem_b"":522964901,""priority"":""4"",""node"":""kwok-node-20""},{""name"":""rs-28-p2-9wshx"",""cpu_m"":211,""mem_b"":783386026,""priority"":""2"",""node"":""kwok-node-29""},{""name"":""rs-28-p2-ck6d2"",""cpu_m"":211,""mem_b"":783386026,""priority"":""2"",""node"":""kwok-node-25""},{""name"":""rs-28-p2-ppt55"",""cpu_m"":211,""mem_b"":783386026,""priority"":""2"",""node"":""kwok-node-31""},{""name"":""rs-29-p2-cq7q4"",""cpu_m"":320,""mem_b"":524796612,""priority"":""2"",""node"":""kwok-node-26""},{""name"":""rs-30-p3-84npv"",""cpu_m"":134,""mem_b"":630981503,""priority"":""3"",""node"":""kwok-node-24""},{""name"":""rs-30-p3-szbjj"",""cpu_m"":134,""mem_b"":630981503,""priority"":""3"",""node"":""kwok-node-27""},{""name"":""rs-30-p3-tv9l2"",""cpu_m"":134,""mem_b"":630981503,""priority"":""3"",""node"":""kwok-node-10""},{""name"":""rs-31-p3-2gflp"",""cpu_m"":566,""mem_b"":770011179,""priority"":""3"",""node"":""kwok-node-1""},{""name"":""rs-31-p3-7hct2"",""cpu_m"":566,""mem_b"":770011179,""priority"":""3"",""node"":""kwok-node-13""},{""name"":""rs-31-p3-8pwkc"",""cpu_m"":566,""mem_b"":770011179,""priority"":""3"",""node"":""kwok-node-17""},{""name"":""rs-32-p4-qrtjk"",""cpu_m"":677,""mem_b"":962456745,""priority"":""4"",""node"":""kwok-node-9""},{""name"":""rs-33-p1-4b54r"",""cpu_m"":962,""mem_b"":375126061,""priority"":""1"",""node"":""""},{""name"":""rs-33-p1-74fr5"",""cpu_m"":962,""mem_b"":375126061,""priority"":""1"",""node"":""kwok-node-22""},{""name"":""rs-33-p1-l62v9"",""cpu_m"":962,""mem_b"":375126061,""priority"":""1"",""node"":""""},{""name"":""rs-33-p1-qwfmm"",""cpu_m"":962,""mem_b"":375126061,""priority"":""1"",""node"":""""},{""name"":""rs-34-p2-7prg6"",""cpu_m"":742,""mem_b"":726658124,""priority"":""2"",""node"":""kwok-node-12""},{""name"":""rs-34-p2-lcjmd"",""cpu_m"":742,""mem_b"":726658124,""priority"":""2"",""node"":""kwok-node-3""},{""name"":""rs-34-p2-rtnhk"",""cpu_m"":742,""mem_b"":726658124,""priority"":""2"",""node"":""kwok-node-11""},{""name"":""rs-34-p2-tdlrb"",""cpu_m"":742,""mem_b"":726658124,""priority"":""2"",""node"":""kwok-node-21""},{""name"":""rs-35-p3-kjjrs"",""cpu_m"":962,""mem_b"":787995474,""priority"":""3"",""node"":""kwok-node-15""},{""name"":""rs-36-p2-jgf5m"",""cpu_m"":971,""mem_b"":709876758,""priority"":""2"",""node"":""kwok-node-32""},{""name"":""rs-36-p2-sv2xt"",""cpu_m"":971,""mem_b"":709876758,""priority"":""2"",""node"":""kwok-node-30""},{""name"":""rs-36-p2-wn7g8"",""cpu_m"":971,""mem_b"":709876758,""priority"":""2"",""node"":""kwok-node-28""},{""name"":""rs-37-p4-6nmc5"",""cpu_m"":197,""mem_b"":822810677,""priority"":""4"",""node"":""kwok-node-8""},{""name"":""rs-37-p4-mmrhd"",""cpu_m"":197,""mem_b"":822810677,""priority"":""4"",""node"":""kwok-node-4""},{""name"":""rs-38-p3-5dxnc"",""cpu_m"":341,""mem_b"":612347891,""priority"":""3"",""node"":""kwok-node-27""},{""name"":""rs-38-p3-dx57r"",""cpu_m"":341,""mem_b"":612347891,""priority"":""3"",""node"":""kwok-node-26""},{""name"":""rs-38-p3-wvqj7"",""cpu_m"":341,""mem_b"":612347891,""priority"":""3"",""node"":""kwok-node-24""},{""name"":""rs-38-p3-xr72w"",""cpu_m"":341,""mem_b"":612347891,""priority"":""3"",""node"":""kwok-node-14""},{""name"":""rs-39-p2-d5wtk"",""cpu_m"":527,""mem_b"":523403268,""priority"":""2"",""node"":""kwok-node-31""},{""name"":""rs-39-p2-l7x4t"",""cpu_m"":527,""mem_b"":523403268,""priority"":""2"",""node"":""kwok-node-23""},{""name"":""rs-39-p2-zm6l4"",""cpu_m"":527,""mem_b"":523403268,""priority"":""2"",""node"":""kwok-node-18""},{""name"":""rs-40-p4-27g4z"",""cpu_m"":981,""mem_b"":273274959,""priority"":""4"",""node"":""kwok-node-29""},{""name"":""rs-40-p4-4mlls"",""cpu_m"":981,""mem_b"":273274959,""priority"":""4"",""node"":""kwok-node-25""},{""name"":""rs-40-p4-pcmjh"",""cpu_m"":981,""mem_b"":273274959,""priority"":""4"",""node"":""kwok-node-2""},{""name"":""rs-40-p4-vsbg5"",""cpu_m"":981,""mem_b"":273274959,""priority"":""4"",""node"":""kwok-node-27""},{""name"":""rs-41-p4-8lzz4"",""cpu_m"":761,""mem_b"":862989630,""priority"":""4"",""node"":""kwok-node-9""},{""name"":""rs-41-p4-94wtv"",""cpu_m"":761,""mem_b"":862989630,""priority"":""4"",""node"":""kwok-node-12""},{""name"":""rs-42-p3-j2cln"",""cpu_m"":426,""mem_b"":183571756,""priority"":""3"",""node"":""kwok-node-10""},{""name"":""rs-43-p2-6bpmq"",""cpu_m"":720,""mem_b"":584817119,""priority"":""2"",""node"":""kwok-node-25""},{""name"":""rs-43-p2-z6hpt"",""cpu_m"":720,""mem_b"":584817119,""priority"":""2"",""node"":""kwok-node-16""},{""name"":""rs-44-p1-n8gzw"",""cpu_m"":683,""mem_b"":640939570,""priority"":""1"",""node"":""""},{""name"":""rs-44-p1-sh9db"",""cpu_m"":683,""mem_b"":640939570,""priority"":""1"",""node"":""kwok-node-7""},{""name"":""rs-45-p4-k4sd4"",""cpu_m"":233,""mem_b"":401521788,""priority"":""4"",""node"":""kwok-node-20""},{""name"":""rs-46-p4-9rfgp"",""cpu_m"":489,""mem_b"":313218668,""priority"":""4"",""node"":""kwok-node-19""},{""name"":""rs-46-p4-kb4w8"",""cpu_m"":489,""mem_b"":313218668,""priority"":""4"",""node"":""kwok-node-17""},{""name"":""rs-46-p4-sfznv"",""cpu_m"":489,""mem_b"":313218668,""priority"":""4"",""node"":""kwok-node-26""},{""name"":""rs-46-p4-z5xgk"",""cpu_m"":489,""mem_b"":313218668,""priority"":""4"",""node"":""kwok-node-13""},{""name"":""rs-47-p2-7dg7l"",""cpu_m"":364,""mem_b"":996873248,""priority"":""2"",""node"":""kwok-node-17""},{""name"":""rs-47-p2-gmcks"",""cpu_m"":364,""mem_b"":996873248,""priority"":""2"",""node"":""kwok-node-16""},{""name"":""rs-47-p2-qqs67"",""cpu_m"":364,""mem_b"":996873248,""priority"":""2"",""node"":""kwok-node-13""},{""name"":""rs-47-p2-tlzvj"",""cpu_m"":364,""mem_b"":996873248,""priority"":""2"",""node"":""kwok-node-19""},{""name"":""rs-48-p1-f4lvw"",""cpu_m"":901,""mem_b"":879791421,""priority"":""1"",""node"":""""},{""name"":""rs-48-p1-m5gct"",""cpu_m"":901,""mem_b"":879791421,""priority"":""1"",""node"":""""},{""name"":""rs-48-p1-q2tl2"",""cpu_m"":901,""mem_b"":879791421,""priority"":""1"",""node"":""""},{""name"":""rs-49-p4-2mbwj"",""cpu_m"":993,""mem_b"":610764988,""priority"":""4"",""node"":""kwok-node-19""},{""name"":""rs-49-p4-42rb6"",""cpu_m"":993,""mem_b"":610764988,""priority"":""4"",""node"":""kwok-node-5""},{""name"":""rs-49-p4-phczq"",""cpu_m"":993,""mem_b"":610764988,""priority"":""4"",""node"":""kwok-node-16""},{""name"":""rs-49-p4-q8r5j"",""cpu_m"":993,""mem_b"":610764988,""priority"":""4"",""node"":""kwok-node-8""},{""name"":""rs-50-p1-5cqcq"",""cpu_m"":470,""mem_b"":448479287,""priority"":""1"",""node"":""kwok-node-2""},{""name"":""rs-50-p1-sk7zs"",""cpu_m"":470,""mem_b"":448479287,""priority"":""1"",""node"":""kwok-node-6""},{""name"":""rs-50-p1-z2g2q"",""cpu_m"":470,""mem_b"":448479287,""priority"":""1"",""node"":""kwok-node-4""},{""name"":""rs-51-p4-km2cs"",""cpu_m"":542,""mem_b"":879591575,""priority"":""4"",""node"":""kwok-node-22""},{""name"":""rs-52-p1-xmxt9"",""cpu_m"":128,""mem_b"":919538238,""priority"":""1"",""node"":""kwok-node-2""}]","[{""name"":""rs-01-p1-h29dj"",""cpu_m"":886,""mem_b"":738253439,""priority"":""1"",""node"":""kwok-node-16""},{""name"":""rs-02-p1-5wkvm"",""cpu_m"":945,""mem_b"":163638004,""priority"":""1"",""node"":""kwok-node-10""},{""name"":""rs-03-p2-lrlfl"",""cpu_m"":901,""mem_b"":975716491,""priority"":""2"",""node"":""kwok-node-20""},{""name"":""rs-04-p2-d4x88"",""cpu_m"":325,""mem_b"":496003130,""priority"":""2"",""node"":""kwok-node-23""},{""name"":""rs-04-p2-vzccl"",""cpu_m"":325,""mem_b"":496003130,""priority"":""2"",""node"":""kwok-node-18""},{""name"":""rs-05-p4-cm7r4"",""cpu_m"":185,""mem_b"":289062939,""priority"":""4"",""node"":""kwok-node-11""},{""name"":""rs-05-p4-gq8qg"",""cpu_m"":185,""mem_b"":289062939,""priority"":""4"",""node"":""kwok-node-21""},{""name"":""rs-05-p4-p5597"",""cpu_m"":185,""mem_b"":289062939,""priority"":""4"",""node"":""kwok-node-15""},{""name"":""rs-06-p1-4c5cg"",""cpu_m"":537,""mem_b"":913854772,""priority"":""1"",""node"":""kwok-node-13""},{""name"":""rs-06-p1-5gn9c"",""cpu_m"":537,""mem_b"":913854772,""priority"":""1"",""node"":""kwok-node-17""},{""name"":""rs-06-p1-6znbp"",""cpu_m"":537,""mem_b"":913854772,""priority"":""1"",""node"":""kwok-node-19""},{""name"":""rs-06-p1-pvn6d"",""cpu_m"":537,""mem_b"":913854772,""priority"":""1"",""node"":""kwok-node-22""},{""name"":""rs-07-p2-d6nw7"",""cpu_m"":585,""mem_b"":535115904,""priority"":""2"",""node"":""kwok-node-14""},{""name"":""rs-07-p2-d7wrt"",""cpu_m"":585,""mem_b"":535115904,""priority"":""2"",""node"":""kwok-node-12""},{""name"":""rs-08-p4-796d8"",""cpu_m"":168,""mem_b"":577810011,""priority"":""4"",""node"":""kwok-node-26""},{""name"":""rs-08-p4-985p7"",""cpu_m"":168,""mem_b"":577810011,""priority"":""4"",""node"":""kwok-node-27""},{""name"":""rs-08-p4-dfxp2"",""cpu_m"":168,""mem_b"":577810011,""priority"":""4"",""node"":""kwok-node-24""},{""name"":""rs-08-p4-kkt2k"",""cpu_m"":168,""mem_b"":577810011,""priority"":""4"",""node"":""kwok-node-25""},{""name"":""rs-09-p3-nhvbl"",""cpu_m"":577,""mem_b"":600896652,""priority"":""3"",""node"":""kwok-node-2""},{""name"":""rs-09-p3-pvzgk"",""cpu_m"":577,""mem_b"":600896652,""priority"":""3"",""node"":""kwok-node-28""},{""name"":""rs-10-p2-tllc6"",""cpu_m"":317,""mem_b"":562388354,""priority"":""2"",""node"":""kwok-node-3""},{""name"":""rs-11-p3-l8724"",""cpu_m"":542,""mem_b"":607841715,""priority"":""3"",""node"":""kwok-node-30""},{""name"":""rs-11-p3-zrfl9"",""cpu_m"":542,""mem_b"":607841715,""priority"":""3"",""node"":""kwok-node-1""},{""name"":""rs-12-p2-6d5n2"",""cpu_m"":987,""mem_b"":656969436,""priority"":""2"",""node"":""kwok-node-31""},{""name"":""rs-12-p2-bxwsk"",""cpu_m"":987,""mem_b"":656969436,""priority"":""2"",""node"":""kwok-node-29""},{""name"":""rs-13-p2-bbjzt"",""cpu_m"":254,""mem_b"":712875832,""priority"":""2"",""node"":""kwok-node-6""},{""name"":""rs-14-p1-fx59b"",""cpu_m"":662,""mem_b"":417222912,""priority"":""1"",""node"":""kwok-node-8""},{""name"":""rs-14-p1-zvmdd"",""cpu_m"":662,""mem_b"":417222912,""priority"":""1"",""node"":""kwok-node-4""},{""name"":""rs-15-p3-5wq6m"",""cpu_m"":246,""mem_b"":730255096,""priority"":""3"",""node"":""kwok-node-5""},{""name"":""rs-15-p3-7wktp"",""cpu_m"":246,""mem_b"":730255096,""priority"":""3"",""node"":""kwok-node-7""},{""name"":""rs-15-p3-94l4w"",""cpu_m"":246,""mem_b"":730255096,""priority"":""3"",""node"":""kwok-node-32""},{""name"":""rs-16-p1-57k5f"",""cpu_m"":416,""mem_b"":747009739,""priority"":""1"",""node"":""kwok-node-15""},{""name"":""rs-16-p1-hllg9"",""cpu_m"":416,""mem_b"":747009739,""priority"":""1"",""node"":""kwok-node-9""},{""name"":""rs-17-p4-25frq"",""cpu_m"":893,""mem_b"":942367480,""priority"":""4"",""node"":""kwok-node-21""},{""name"":""rs-17-p4-9mlv7"",""cpu_m"":893,""mem_b"":942367480,""priority"":""4"",""node"":""kwok-node-18""},{""name"":""rs-17-p4-p2qcv"",""cpu_m"":893,""mem_b"":942367480,""priority"":""4"",""node"":""kwok-node-23""},{""name"":""rs-17-p4-qr58v"",""cpu_m"":893,""mem_b"":942367480,""priority"":""4"",""node"":""kwok-node-11""},{""name"":""rs-18-p1-8gzsf"",""cpu_m"":800,""mem_b"":189308694,""priority"":""1"",""node"":""kwok-node-25""},{""name"":""rs-18-p1-nsffx"",""cpu_m"":800,""mem_b"":189308694,""priority"":""1"",""node"":""kwok-node-24""},{""name"":""rs-18-p1-sfcj2"",""cpu_m"":800,""mem_b"":189308694,""priority"":""1"",""node"":""kwok-node-27""},{""name"":""rs-18-p1-wbx79"",""cpu_m"":800,""mem_b"":189308694,""priority"":""1"",""node"":""kwok-node-26""},{""name"":""rs-19-p3-bwrm7"",""cpu_m"":596,""mem_b"":865610657,""priority"":""3"",""node"":""kwok-node-4""},{""name"":""rs-19-p3-grd58"",""cpu_m"":596,""mem_b"":865610657,""priority"":""3"",""node"":""kwok-node-8""},{""name"":""rs-19-p3-xc45q"",""cpu_m"":596,""mem_b"":865610657,""priority"":""3"",""node"":""kwok-node-14""},{""name"":""rs-20-p1-x7522"",""cpu_m"":473,""mem_b"":614225915,""priority"":""1"",""node"":""kwok-node-12""},{""name"":""rs-21-p3-5wj8t"",""cpu_m"":746,""mem_b"":624397509,""priority"":""3"",""node"":""kwok-node-6""},{""name"":""rs-21-p3-7qzlf"",""cpu_m"":746,""mem_b"":624397509,""priority"":""3"",""node"":""kwok-node-32""},{""name"":""rs-21-p3-jqqh4"",""cpu_m"":746,""mem_b"":624397509,""priority"":""3"",""node"":""kwok-node-3""},{""name"":""rs-21-p3-njrkx"",""cpu_m"":746,""mem_b"":624397509,""priority"":""3"",""node"":""kwok-node-5""},{""name"":""rs-22-p2-4nxm2"",""cpu_m"":638,""mem_b"":388425401,""priority"":""2"",""node"":""kwok-node-1""},{""name"":""rs-22-p2-6bt65"",""cpu_m"":638,""mem_b"":388425401,""priority"":""2"",""node"":""kwok-node-9""},{""name"":""rs-22-p2-7b4mj"",""cpu_m"":638,""mem_b"":388425401,""priority"":""2"",""node"":""kwok-node-7""},{""name"":""rs-23-p3-9cmhs"",""cpu_m"":161,""mem_b"":775509443,""priority"":""3"",""node"":""kwok-node-10""},{""name"":""rs-24-p1-brh7z"",""cpu_m"":525,""mem_b"":860917531,""priority"":""1"",""node"":""kwok-node-2""},{""name"":""rs-24-p1-hvq9q"",""cpu_m"":525,""mem_b"":860917531,""priority"":""1"",""node"":""kwok-node-30""},{""name"":""rs-24-p1-kwshb"",""cpu_m"":525,""mem_b"":860917531,""priority"":""1"",""node"":""kwok-node-28""},{""name"":""rs-24-p1-pfgds"",""cpu_m"":525,""mem_b"":860917531,""priority"":""1"",""node"":""kwok-node-16""},{""name"":""rs-25-p3-9lkr5"",""cpu_m"":173,""mem_b"":250841918,""priority"":""3"",""node"":""kwok-node-22""},{""name"":""rs-25-p3-f5rmr"",""cpu_m"":173,""mem_b"":250841918,""priority"":""3"",""node"":""kwok-node-19""},{""name"":""rs-26-p2-mtlhx"",""cpu_m"":425,""mem_b"":217266912,""priority"":""2"",""node"":""kwok-node-13""},{""name"":""rs-26-p2-pf4zl"",""cpu_m"":425,""mem_b"":217266912,""priority"":""2"",""node"":""kwok-node-15""},{""name"":""rs-26-p2-t68lt"",""cpu_m"":425,""mem_b"":217266912,""priority"":""2"",""node"":""kwok-node-17""},{""name"":""rs-27-p4-clb7j"",""cpu_m"":607,""mem_b"":522964901,""priority"":""4"",""node"":""kwok-node-7""},{""name"":""rs-27-p4-nb54p"",""cpu_m"":607,""mem_b"":522964901,""priority"":""4"",""node"":""kwok-node-20""},{""name"":""rs-28-p2-9wshx"",""cpu_m"":211,""mem_b"":783386026,""priority"":""2"",""node"":""kwok-node-29""},{""name"":""rs-28-p2-ck6d2"",""cpu_m"":211,""mem_b"":783386026,""priority"":""2"",""node"":""kwok-node-25""},{""name"":""rs-28-p2-ppt55"",""cpu_m"":211,""mem_b"":783386026,""priority"":""2"",""node"":""kwok-node-31""},{""name"":""rs-29-p2-cq7q4"",""cpu_m"":320,""mem_b"":524796612,""priority"":""2"",""node"":""kwok-node-26""},{""name"":""rs-30-p3-84npv"",""cpu_m"":134,""mem_b"":630981503,""priority"":""3"",""node"":""kwok-node-24""},{""name"":""rs-30-p3-szbjj"",""cpu_m"":134,""mem_b"":630981503,""priority"":""3"",""node"":""kwok-node-27""},{""name"":""rs-30-p3-tv9l2"",""cpu_m"":134,""mem_b"":630981503,""priority"":""3"",""node"":""kwok-node-10""},{""name"":""rs-31-p3-2gflp"",""cpu_m"":566,""mem_b"":770011179,""priority"":""3"",""node"":""kwok-node-1""},{""name"":""rs-31-p3-7hct2"",""cpu_m"":566,""mem_b"":770011179,""priority"":""3"",""node"":""kwok-node-13""},{""name"":""rs-31-p3-8pwkc"",""cpu_m"":566,""mem_b"":770011179,""priority"":""3"",""node"":""kwok-node-17""},{""name"":""rs-32-p4-qrtjk"",""cpu_m"":677,""mem_b"":962456745,""priority"":""4"",""node"":""kwok-node-9""},{""name"":""rs-33-p1-74fr5"",""cpu_m"":962,""mem_b"":375126061,""priority"":""1"",""node"":""kwok-node-22""},{""name"":""rs-33-p1-p9q4g"",""cpu_m"":962,""mem_b"":375126061,""priority"":""1"",""node"":""kwok-node-19""},{""name"":""rs-33-p1-rflr9"",""cpu_m"":962,""mem_b"":375126061,""priority"":""1"",""node"":""kwok-node-6""},{""name"":""rs-33-p1-rsml6"",""cpu_m"":962,""mem_b"":375126061,""priority"":""1"",""node"":""kwok-node-5""},{""name"":""rs-34-p2-7prg6"",""cpu_m"":742,""mem_b"":726658124,""priority"":""2"",""node"":""kwok-node-12""},{""name"":""rs-34-p2-lcjmd"",""cpu_m"":742,""mem_b"":726658124,""priority"":""2"",""node"":""kwok-node-3""},{""name"":""rs-34-p2-rtnhk"",""cpu_m"":742,""mem_b"":726658124,""priority"":""2"",""node"":""kwok-node-11""},{""name"":""rs-34-p2-tdlrb"",""cpu_m"":742,""mem_b"":726658124,""priority"":""2"",""node"":""kwok-node-21""},{""name"":""rs-35-p3-kjjrs"",""cpu_m"":962,""mem_b"":787995474,""priority"":""3"",""node"":""kwok-node-15""},{""name"":""rs-36-p2-jgf5m"",""cpu_m"":971,""mem_b"":709876758,""priority"":""2"",""node"":""kwok-node-32""},{""name"":""rs-36-p2-sv2xt"",""cpu_m"":971,""mem_b"":709876758,""priority"":""2"",""node"":""kwok-node-30""},{""name"":""rs-36-p2-wn7g8"",""cpu_m"":971,""mem_b"":709876758,""priority"":""2"",""node"":""kwok-node-28""},{""name"":""rs-37-p4-6nmc5"",""cpu_m"":197,""mem_b"":822810677,""priority"":""4"",""node"":""kwok-node-8""},{""name"":""rs-37-p4-mmrhd"",""cpu_m"":197,""mem_b"":822810677,""priority"":""4"",""node"":""kwok-node-4""},{""name"":""rs-38-p3-5dxnc"",""cpu_m"":341,""mem_b"":612347891,""priority"":""3"",""node"":""kwok-node-27""},{""name"":""rs-38-p3-dx57r"",""cpu_m"":341,""mem_b"":612347891,""priority"":""3"",""node"":""kwok-node-26""},{""name"":""rs-38-p3-wvqj7"",""cpu_m"":341,""mem_b"":612347891,""priority"":""3"",""node"":""kwok-node-24""},{""name"":""rs-38-p3-xr72w"",""cpu_m"":341,""mem_b"":612347891,""priority"":""3"",""node"":""kwok-node-14""},{""name"":""rs-39-p2-d5wtk"",""cpu_m"":527,""mem_b"":523403268,""priority"":""2"",""node"":""kwok-node-31""},{""name"":""rs-39-p2-l7x4t"",""cpu_m"":527,""mem_b"":523403268,""priority"":""2"",""node"":""kwok-node-23""},{""name"":""rs-39-p2-zm6l4"",""cpu_m"":527,""mem_b"":523403268,""priority"":""2"",""node"":""kwok-node-18""},{""name"":""rs-40-p4-27g4z"",""cpu_m"":981,""mem_b"":273274959,""priority"":""4"",""node"":""kwok-node-29""},{""name"":""rs-40-p4-4mlls"",""cpu_m"":981,""mem_b"":273274959,""priority"":""4"",""node"":""kwok-node-25""},{""name"":""rs-40-p4-pcmjh"",""cpu_m"":981,""mem_b"":273274959,""priority"":""4"",""node"":""kwok-node-2""},{""name"":""rs-40-p4-vsbg5"",""cpu_m"":981,""mem_b"":273274959,""priority"":""4"",""node"":""""},{""name"":""rs-41-p4-8lzz4"",""cpu_m"":761,""mem_b"":862989630,""priority"":""4"",""node"":""""},{""name"":""rs-41-p4-94wtv"",""cpu_m"":761,""mem_b"":862989630,""priority"":""4"",""node"":""""},{""name"":""rs-42-p3-j2cln"",""cpu_m"":426,""mem_b"":183571756,""priority"":""3"",""node"":""kwok-node-10""},{""name"":""rs-43-p2-6bpmq"",""cpu_m"":720,""mem_b"":584817119,""priority"":""2"",""node"":""""},{""name"":""rs-43-p2-z6hpt"",""cpu_m"":720,""mem_b"":584817119,""priority"":""2"",""node"":""kwok-node-16""},{""name"":""rs-44-p1-n8gzw"",""cpu_m"":683,""mem_b"":640939570,""priority"":""1"",""node"":""""},{""name"":""rs-44-p1-sh9db"",""cpu_m"":683,""mem_b"":640939570,""priority"":""1"",""node"":""kwok-node-7""},{""name"":""rs-45-p4-k4sd4"",""cpu_m"":233,""mem_b"":401521788,""priority"":""4"",""node"":""kwok-node-20""},{""name"":""rs-46-p4-9rfgp"",""cpu_m"":489,""mem_b"":313218668,""priority"":""4"",""node"":""kwok-node-19""},{""name"":""rs-46-p4-kb4w8"",""cpu_m"":489,""mem_b"":313218668,""priority"":""4"",""node"":""kwok-node-17""},{""name"":""rs-46-p4-sfznv"",""cpu_m"":489,""mem_b"":313218668,""priority"":""4"",""node"":""kwok-node-26""},{""name"":""rs-46-p4-z5xgk"",""cpu_m"":489,""mem_b"":313218668,""priority"":""4"",""node"":""kwok-node-13""},{""name"":""rs-47-p2-7dg7l"",""cpu_m"":364,""mem_b"":996873248,""priority"":""2"",""node"":""""},{""name"":""rs-47-p2-gmcks"",""cpu_m"":364,""mem_b"":996873248,""priority"":""2"",""node"":""""},{""name"":""rs-47-p2-qqs67"",""cpu_m"":364,""mem_b"":996873248,""priority"":""2"",""node"":""""},{""name"":""rs-47-p2-tlzvj"",""cpu_m"":364,""mem_b"":996873248,""priority"":""2"",""node"":""""},{""name"":""rs-48-p1-f4lvw"",""cpu_m"":901,""mem_b"":879791421,""priority"":""1"",""node"":""""},{""name"":""rs-48-p1-m5gct"",""cpu_m"":901,""mem_b"":879791421,""priority"":""1"",""node"":""""},{""name"":""rs-48-p1-q2tl2"",""cpu_m"":901,""mem_b"":879791421,""priority"":""1"",""node"":""""},{""name"":""rs-49-p4-2mbwj"",""cpu_m"":993,""mem_b"":610764988,""priority"":""4"",""node"":""""},{""name"":""rs-49-p4-42rb6"",""cpu_m"":993,""mem_b"":610764988,""priority"":""4"",""node"":""""},{""name"":""rs-49-p4-phczq"",""cpu_m"":993,""mem_b"":610764988,""priority"":""4"",""node"":""""},{""name"":""rs-49-p4-q8r5j"",""cpu_m"":993,""mem_b"":610764988,""priority"":""4"",""node"":""""},{""name"":""rs-50-p1-6jd69"",""cpu_m"":470,""mem_b"":448479287,""priority"":""1"",""node"":""kwok-node-10""},{""name"":""rs-50-p1-pnfj2"",""cpu_m"":470,""mem_b"":448479287,""priority"":""1"",""node"":""kwok-node-22""},{""name"":""rs-50-p1-z2g2q"",""cpu_m"":470,""mem_b"":448479287,""priority"":""1"",""node"":""""},{""name"":""rs-51-p4-km2cs"",""cpu_m"":542,""mem_b"":879591575,""priority"":""4"",""node"":""""},{""name"":""rs-52-p1-xmxt9"",""cpu_m"":128,""mem_b"":919538238,""priority"":""1"",""node"":""""}]","[{""name"":""kwok-node-1"",""cap_cpu_m"":2187,""cap_mem_bytes"":2335483850},{""name"":""kwok-node-2"",""cap_cpu_m"":2187,""cap_mem_bytes"":2335483850},{""name"":""kwok-node-3"",""cap_cpu_m"":2187,""cap_mem_bytes"":2335483850},{""name"":""kwok-node-4"",""cap_cpu_m"":2187,""cap_mem_bytes"":2335483850},{""name"":""kwok-node-5"",""cap_cpu_m"":2187,""cap_mem_bytes"":2335483850},{""name"":""kwok-node-6"",""cap_cpu_m"":2187,""cap_mem_bytes"":2335483850},{""name"":""kwok-node-7"",""cap_cpu_m"":2187,""cap_mem_bytes"":2335483850},{""name"":""kwok-node-8"",""cap_cpu_m"":2187,""cap_mem_bytes"":2335483850},{""name"":""kwok-node-9"",""cap_cpu_m"":2187,""cap_mem_bytes"":2335483850},{""name"":""kwok-node-10"",""cap_cpu_m"":2187,""cap_mem_bytes"":2335483850},{""name"":""kwok-node-11"",""cap_cpu_m"":2187,""cap_mem_bytes"":2335483850},{""name"":""kwok-node-12"",""cap_cpu_m"":2187,""cap_mem_bytes"":2335483850},{""name"":""kwok-node-13"",""cap_cpu_m"":2187,""cap_mem_bytes"":2335483850},{""name"":""kwok-node-14"",""cap_cpu_m"":2187,""cap_mem_bytes"":2335483850},{""name"":""kwok-node-15"",""cap_cpu_m"":2187,""cap_mem_bytes"":2335483850},{""name"":""kwok-node-16"",""cap_cpu_m"":2187,""cap_mem_bytes"":2335483850},{""name"":""kwok-node-17"",""cap_cpu_m"":2187,""cap_mem_bytes"":2335483850},{""name"":""kwok-node-18"",""cap_cpu_m"":2187,""cap_mem_bytes"":2335483850},{""name"":""kwok-node-19"",""cap_cpu_m"":2187,""cap_mem_bytes"":2335483850},{""name"":""kwok-node-20"",""cap_cpu_m"":2187,""cap_mem_bytes"":2335483850},{""name"":""kwok-node-21"",""cap_cpu_m"":2187,""cap_mem_bytes"":2335483850},{""name"":""kwok-node-22"",""cap_cpu_m"":2187,""cap_mem_bytes"":2335483850},{""name"":""kwok-node-23"",""cap_cpu_m"":2187,""cap_mem_bytes"":2335483850},{""name"":""kwok-node-24"",""cap_cpu_m"":2187,""cap_mem_bytes"":2335483850},{""name"":""kwok-node-25"",""cap_cpu_m"":2187,""cap_mem_bytes"":2335483850},{""name"":""kwok-node-26"",""cap_cpu_m"":2187,""cap_mem_bytes"":2335483850},{""name"":""kwok-node-27"",""cap_cpu_m"":2187,""cap_mem_bytes"":2335483850},{""name"":""kwok-node-28"",""cap_cpu_m"":2187,""cap_mem_bytes"":2335483850},{""name"":""kwok-node-29"",""cap_cpu_m"":2187,""cap_mem_bytes"":2335483850},{""name"":""kwok-node-30"",""cap_cpu_m"":2187,""cap_mem_bytes"":2335483850},{""name"":""kwok-node-31"",""cap_cpu_m"":2187,""cap_mem_bytes"":2335483850},{""name"":""kwok-node-32"",""cap_cpu_m"":2187,""cap_mem_bytes"":2335483850}]"
2026/02/11/11:28:28,1779281120235042110,,"{""evicted"":0,""moved"":0,""placed_by_priority"":{""1"":22,""2"":27,""3"":28,""4"":30}}",python,"{""evicted"":7,""moved"":16,""placed_by_priority"":{""1"":15,""2"":36,""3"":34,""4"":30}}",980,FEASIBLE,"[{""duration_ms"":980,""name"":""python"",""score"":{""evicted"":7,""moved"":16,""placed_by_priority"":{""1"":15,""2"":36,""3"":34,""4"":30}},""status"":""FEASIBLE""}]",0.936,0.838,0.942,0.846,66307,59356,68018379447,61076645151,115,107,13,21,"{""kwok-node-1"":4,""kwok-node-10"":4,""kwok-node-11"":5,""kwok-node-12"":3,""kwok-node-13"":4,""kwok-node-14"":3,""kwok-node-15"":5,""kwok-node-16"":4,""kwok-node-17"":3,""kwok-node-18"":4,""kwok-node-19"":3,""kwok-node-2"":4,""kwok-node-20"":3,""kwok-node-21"":4,""kwok-node-22"":4,""kwok-node-23"":4,""kwok-node-24"":3,""kwok-node-25"":5,""kwok-node-26"":3,""kwok-node-27"":5,""kwok-node-28"":3,""kwok-node-29"":3,""kwok-node-3"":4,""kwok-node-30"":4,""kwok-node-31"":3,""kwok-node-32"":3,""kwok-node-4"":3,""kwok-node-5"":3,""kwok-node-6"":3,""kwok-node-7"":3,""kwok-node-8"":3,""kwok-node-9"":3}","{""kwok-node-1"":4,""kwok-node-10"":4,""kwok-node-11"":4,""kwok-node-12"":2,""kwok-node-13"":3,""kwok-node-14"":3,""kwok-node-15"":5,""kwok-node-16"":4,""kwok-node-17"":2,""kwok-node-18"":4,""kwok-node-19"":2,""kwok-node-2"":4,""kwok-node-20"":3,""kwok-node-21"":3,""kwok-node-22"":3,""kwok-node-23"":5,""kwok-node-24"":2,""kwok-node-25"":4,""kwok-node-26"":3,""kwok-node-27"":5,""kwok-node-28"":2,""kwok-node-29"":3,""kwok-node-3"":3,""kwok-node-30"":4,""kwok-node-31"":4,""kwok-node-32"":3,""kwok-node-4"":3,""kwok-node-5"":3,""kwok-node-6"":3,""kwok-node-7"":3,""kwok-node-8"":3,""kwok-node-9"":4}","{""p1"":15,""p2"":36,""p3"":34,""p4"":30}","{""p1"":22,""p2"":27,""p3"":28,""p4"":30}","{""p1"":13}","{""p1"":6,""p2"":9,""p3"":6}","{rs-12-p1-c6b5c,rs-12-p1-k4qdl,rs-22-p1-7pr4c,rs-22-p1-bb76k,rs-22-p1-wlq4p,rs-29-p1-99vfm,rs-41-p1-87742,rs-41-p1-p6krd,rs-41-p1-v4vxq,rs-41-p1-zvsgc,rs-46-p1-7xzg9,rs-46-p1-smk6t,rs-50-p1-ptm4w}","{rs-40-p2-cbf9z,rs-40-p2-psf47,rs-40-p2-x752v,rs-40-p2-xqqms,rs-41-p1-87742,rs-41-p1-p6krd,rs-41-p1-v4vxq,rs-41-p1-zvsgc,rs-42-p2-5f2tf,rs-42-p2-h7gpk,rs-42-p2-qj58f,rs-42-p2-wvttt,rs-45-p3-95nzh,rs-46-p1-smk6t,rs-47-p3-pxppz,rs-48-p2-244pg,rs-49-p3-92wwr,rs-49-p3-9vjrk,rs-49-p3-kkk45,rs-50-p1-ptm4w,rs-51-p3-8prwr}","{rs-01-p3-wj984,rs-02-p4-9k9jr,rs-03-p4-flcfk,rs-03-p4-rnpjh,rs-04-p4-9wrgg,rs-04-p4-s5znk,rs-04-p4-zzfjg,rs-05-p4-4sm54,rs-05-p4-mt99g,rs-06-p2-mt6dr,rs-07-p3-l68rr,rs-07-p3-ld4d6,rs-07-p3-qsg2h,rs-08-p4-hg225,rs-09-p3-25mwz,rs-09-p3-dz28d,rs-09-p3-hpffw,rs-09-p3-kc8dz,rs-10-p2-j2vxb,rs-10-p2-srknx,rs-10-p2-vpwcd,rs-11-p3-2vskp,rs-11-p3-4mrrf,rs-11-p3-4tlc5,rs-11-p3-hzdqc,rs-13-p4-6sg2t,rs-13-p4-97g5p,rs-13-p4-mhqlv,rs-13-p4-zcgcw,rs-14-p3-47rqc,rs-14-p3-b7zfz,rs-14-p3-qf4b6,rs-14-p3-vc5sc,rs-15-p2-64fvg,rs-15-p2-dmgns,rs-15-p2-mm2b2,rs-15-p2-zgpps,rs-16-p2-2gvds,rs-16-p2-58hv6,rs-17-p2-rqdsz,rs-17-p2-z99jl,rs-18-p1-5pv4b,rs-18-p1-l25ng,rs-19-p2-gbbww,rs-19-p2-rzx9k,rs-20-p2-klk7z,rs-20-p2-r88r7,rs-20-p2-zqsgl,rs-21-p1-f8j9q,rs-21-p1-xjpd2,rs-22-p1-vpw95,rs-23-p4-27xpl,rs-23-p4-c58fr,rs-24-p4-42thp,rs-25-p4-r6gvm,rs-25-p4-wvvnx,rs-25-p4-zqcgn,rs-25-p4-zxpgn,rs-26-p2-qn5bf,rs-26-p2-zlmvd,rs-27-p3-9ngtg,rs-27-p3-blztd,rs-27-p3-c6v28,rs-27-p3-p97nf,rs-28-p4-2zxll,rs-28-p4-cdxjc,rs-28-p4-zzfcw,rs-30-p3-94jl8,rs-30-p3-ffs9c,rs-30-p3-sf4tx,rs-30-p3-txljn,rs-31-p4-5tc7m,rs-32-p4-zlbct,rs-33-p2-dc8sl,rs-33-p2-t2s5q,rs-33-p2-tzwhn,rs-34-p4-bwhbp,rs-34-p4-k4lcg,rs-34-p4-ldnz6,rs-35-p3-5dllc,rs-35-p3-ctqz4,rs-36-p4-hwzbd,rs-36-p4-ks74s,rs-37-p2-nvlzs,rs-38-p1-28kjb,rs-38-p1-bvbjk,rs-38-p1-glltk,rs-38-p1-h7vtq,rs-39-p1-gdd9m,rs-39-p1-nxnmp,rs-39-p1-rzgts,rs-40-p2-cbf9z,rs-40-p2-psf47,rs-40-p2-x752v,rs-40-p2-xqqms,rs-42-p2-5f2tf,rs-42-p2-h7gpk,rs-42-p2-qj58f,rs-42-p2-wvttt,rs-43-p2-4tm5l,rs-43-p2-h52n6,rs-44-p1-h8hzl,rs-44-p1-wpjj4,rs-45-p3-95nzh,rs-45-p3-mth5c,rs-47-p3-pxppz,rs-47-p3-xqjmp,rs-48-p2-244pg,rs-49-p3-92wwr,rs-49-p3-9vjrk,rs-49-p3-kkk45,rs-50-p1-r8rd4,rs-51-p3-8prwr,rs-52-p2-qmgh9,rs-52-p2-xk5zd}","{rs-01-p3-wj984,rs-02-p4-9k9jr,rs-03-p4-flcfk,rs-03-p4-rnpjh,rs-04-p4-9wrgg,rs-04-p4-s5znk,rs-04-p4-zzfjg,rs-05-p4-4sm54,rs-05-p4-mt99g,rs-06-p2-qxnlr,rs-07-p3-l68rr,rs-07-p3-ld4d6,rs-07-p3-qsg2h,rs-08-p4-hg225,rs-09-p3-25mwz,rs-09-p3-dz28d,rs-09-p3-hpffw,rs-09-p3-kc8dz,rs-10-p2-j2vxb,rs-10-p2-srknx,rs-10-p2-vpwcd,rs-11-p3-2vskp,rs-11-p3-4mrrf,rs-11-p3-4tlc5,rs-11-p3-hzdqc,rs-12-p1-5cx95,rs-12-p1-bhzgq,rs-13-p4-6sg2t,rs-13-p4-97g5p,rs-13-p4-mhqlv,rs-13-p4-zcgcw,rs-14-p3-47rqc,rs-14-p3-b7zfz,rs-14-p3-qf4b6,rs-14-p3-vc5sc,rs-15-p2-64fvg,rs-15-p2-dmgns,rs-15-p2-mm2b2,rs-15-p2-zgpps,rs-16-p2-2gvds,rs-16-p2-58hv6,rs-17-p2-rqdsz,rs-17-p2-z99jl,rs-18-p1-9lcns,rs-18-p1-z9k9t,rs-19-p2-gbbww,rs-19-p2-rzx9k,rs-20-p2-klk7z,rs-20-p2-r88r7,rs-20-p2-zqsgl,rs-21-p1-mjmp4,rs-21-p1-sbmjj,rs-22-p1-7zpqd,rs-22-p1-btj74,rs-22-p1-vpw95,rs-22-p1-xwtql,rs-23-p4-27xpl,rs-23-p4-c58fr,rs-24-p4-42thp,rs-25-p4-r6gvm,rs-25-p4-wvvnx,rs-25-p4-zqcgn,rs-25-p4-zxpgn,rs-26-p2-qn5bf,rs-26-p2-zlmvd,rs-27-p3-9ngtg,rs-27-p3-blztd,rs-27-p3-c6v28,rs-27-p3-p97nf,rs-28-p4-2zxll,rs-28-p4-cdxjc,rs-28-p4-zzfcw,rs-29-p1-jzn8k,rs-30-p3-94jl8,rs-30-p3-ffs9c,rs-30-p3-sf4tx,rs-30-p3-txljn,rs-31-p4-5tc7m,rs-32-p4-zlbct,rs-33-p2-6nkdn,rs-33-p2-dc8sl,rs-33-p2-tzwhn,rs-34-p4-bwhbp,rs-34-p4-k4lcg,rs-34-p4-ldnz6,rs-35-p3-5dllc,rs-35-p3-ctqz4,rs-36-p4-hwzbd,rs-36-p4-ks74s,rs-37-p2-lr7rg,rs-38-p1-csljj,rs-38-p1-dmpbp,rs-38-p1-ns52x,rs-38-p1-vmvkp,rs-39-p1-446pz,rs-39-p1-5wnln,rs-39-p1-zbkkk,rs-43-p2-4tm5l,rs-43-p2-h52n6,rs-44-p1-qf4kr,rs-44-p1-vlc8l,rs-45-p3-mth5c,rs-46-p1-xd8g9,rs-47-p3-xqjmp,rs-50-p1-r8rd4,rs-52-p2-qmgh9,rs-52-p2-xk5zd}","[{""name"":""rs-01-p3-wj984"",""cpu_m"":778,""mem_b"":370172393,""priority"":""3"",""node"":""kwok-node-1""},{""name"":""rs-02-p4-9k9jr"",""cpu_m"":598,""mem_b"":190612344,""priority"":""4"",""node"":""kwok-node-11""},{""name"":""rs-03-p4-flcfk"",""cpu_m"":220,""mem_b"":727058286,""priority"":""4"",""node"":""kwok-node-16""},{""name"":""rs-03-p4-rnpjh"",""cpu_m"":220,""mem_b"":727058286,""priority"":""4"",""node"":""kwok-node-13""},{""name"":""rs-04-p4-9wrgg"",""cpu_m"":738,""mem_b"":500530462,""priority"":""4"",""node"":""kwok-node-21""},{""name"":""rs-04-p4-s5znk"",""cpu_m"":738,""mem_b"":500530462,""priority"":""4"",""node"":""kwok-node-14""},{""name"":""rs-04-p4-zzfjg"",""cpu_m"":738,""mem_b"":500530462,""priority"":""4"",""node"":""kwok-node-18""},{""name"":""rs-05-p4-4sm54"",""cpu_m"":690,""mem_b"":370432614,""priority"":""4"",""node"":""kwok-node-23""},{""name"":""rs-05-p4-mt99g"",""cpu_m"":690,""mem_b"":370432614,""priority"":""4"",""node"":""kwok-node-10""},{""name"":""rs-06-p2-mt6dr"",""cpu_m"":867,""mem_b"":364842463,""priority"":""2"",""node"":""kwok-node-32""},{""name"":""rs-07-p3-l68rr"",""cpu_m"":982,""mem_b"":919047609,""priority"":""3"",""node"":""kwok-node-24""},{""name"":""rs-07-p3-ld4d6"",""cpu_m"":982,""mem_b"":919047609,""priority"":""3"",""node"":""kwok-node-17""},{""name"":""rs-07-p3-qsg2h"",""cpu_m"":982,""mem_b"":919047609,""priority"":""3"",""node"":""kwok-node-19""},{""name"":""rs-08-p4-hg225"",""cpu_m"":993,""mem_b"":378225482,""priority"":""4"",""node"":""kwok-node-26""},{""name"":""rs-09-p3-25mwz"",""cpu_m"":594,""mem_b"":913511776,""priority"":""3"",""node"":""kwok-node-28""},{""name"":""rs-09-p3-dz28d"",""cpu_m"":594,""mem_b"":913511776,""priority"":""3"",""node"":""kwok-node-3""},{""name"":""rs-09-p3-hpffw"",""cpu_m"":594,""mem_b"":913511776,""priority"":""3"",""node"":""kwok-node-22""},{""name"":""rs-09-p3-kc8dz"",""cpu_m"":594,""mem_b"":913511776,""priority"":""3"",""node"":""kwok-node-12""},{""name"":""rs-10-p2-j2vxb"",""cpu_m"":797,""mem_b"":214660762,""priority"":""2"",""node"":""kwok-node-2""},{""name"":""rs-10-p2-srknx"",""cpu_m"":797,""mem_b"":214660762,""priority"":""2"",""node"":""kwok-node-30""},{""name"":""rs-10-p2-vpwcd"",""cpu_m"":797,""mem_b"":214660762,""priority"":""2"",""node"":""kwok-node-25""},{""name"":""rs-11-p3-2vskp"",""cpu_m"":246,""mem_b"":851305382,""priority"":""3"",""node"":""kwok-node-29""},{""name"":""rs-11-p3-4mrrf"",""cpu_m"":246,""mem_b"":851305382,""priority"":""3"",""node"":""kwok-node-27""},{""name"":""rs-11-p3-4tlc5"",""cpu_m"":246,""mem_b"":851305382,""priority"":""3"",""node"":""kwok-node-15""},{""name"":""rs-11-p3-hzdqc"",""cpu_m"":246,""mem_b"":851305382,""priority"":""3"",""node"":""kwok-node-11""},{""name"":""rs-12-p1-c6b5c"",""cpu_m"":918,""mem_b"":262096159,""priority"":""1"",""node"":""""},{""name"":""rs-12-p1-k4qdl"",""cpu_m"":918,""mem_b"":262096159,""priority"":""1"",""node"":""""},{""name"":""rs-13-p4-6sg2t"",""cpu_m"":314,""mem_b"":874236025,""priority"":""4"",""node"":""kwok-node-7""},{""name"":""rs-13-p4-97g5p"",""cpu_m"":314,""mem_b"":874236025,""priority"":""4"",""node"":""kwok-node-4""},{""name"":""rs-13-p4-mhqlv"",""cpu_m"":314,""mem_b"":874236025,""priority"":""4"",""node"":""kwok-node-6""},{""name"":""rs-13-p4-zcgcw"",""cpu_m"":314,""mem_b"":874236025,""priority"":""4"",""node"":""kwok-node-32""},{""name"":""rs-14-p3-47rqc"",""cpu_m"":991,""mem_b"":380297337,""priority"":""3"",""node"":""kwok-node-9""},{""name"":""rs-14-p3-b7zfz"",""cpu_m"":991,""mem_b"":380297337,""priority"":""3"",""node"":""kwok-node-8""},{""name"":""rs-14-p3-qf4b6"",""cpu_m"":991,""mem_b"":380297337,""priority"":""3"",""node"":""kwok-node-13""},{""name"":""rs-14-p3-vc5sc"",""cpu_m"":991,""mem_b"":380297337,""priority"":""3"",""node"":""kwok-node-16""},{""name"":""rs-15-p2-64fvg"",""cpu_m"":962,""mem_b"":359246038,""priority"":""2"",""node"":""kwok-node-29""},{""name"":""rs-15-p2-dmgns"",""cpu_m"":962,""mem_b"":359246038,""priority"":""2"",""node"":""kwok-node-7""},{""name"":""rs-15-p2-mm2b2"",""cpu_m"":962,""mem_b"":359246038,""priority"":""2"",""node"":""kwok-node-27""},{""name"":""rs-15-p2-zgpps"",""cpu_m"":962,""mem_b"":359246038,""priority"":""2"",""node"":""kwok-node-15""},{""name"":""rs-16-p2-2gvds"",""cpu_m"":230,""mem_b"":275102303,""priority"":""2"",""node"":""kwok-node-23""},{""name"":""rs-16-p2-58hv6"",""cpu_m"":230,""mem_b"":275102303,""priority"":""2"",""node"":""kwok-node-10""},{""name"":""rs-17-p2-rqdsz"",""cpu_m"":303,""mem_b"":948528774,""priority"":""2"",""node"":""kwok-node-25""},{""name"":""rs-17-p2-z99jl"",""cpu_m"":303,""mem_b"":948528774,""priority"":""2"",""node"":""kwok-node-2""},{""name"":""rs-18-p1-5pv4b"",""cpu_m"":449,""mem_b"":251625552,""priority"":""1"",""node"":""kwok-node-28""},{""name"":""rs-18-p1-l25ng"",""cpu_m"":449,""mem_b"":251625552,""priority"":""1"",""node"":""kwok-node-12""},{""name"":""rs-19-p2-gbbww"",""cpu_m"":905,""mem_b"":906867994,""priority"":""2"",""node"":""kwok-node-21""},{""name"":""rs-19-p2-rzx9k"",""cpu_m"":905,""mem_b"":906867994,""priority"":""2"",""node"":""kwok-node-14""},{""name"":""rs-20-p2-klk7z"",""cpu_m"":818,""mem_b"":241560531,""priority"":""2"",""node"":""kwok-node-6""},{""name"":""rs-20-p2-r88r7"",""cpu_m"":818,""mem_b"":241560531,""priority"":""2"",""node"":""kwok-node-22""},{""name"":""rs-20-p2-zqsgl"",""cpu_m"":818,""mem_b"":241560531,""priority"":""2"",""node"":""kwok-node-3""},{""name"":""rs-21-p1-f8j9q"",""cpu_m"":326,""mem_b"":321502868,""priority"":""1"",""node"":""kwok-node-3""},{""name"":""rs-21-p1-xjpd2"",""cpu_m"":326,""mem_b"":321502868,""priority"":""1"",""node"":""kwok-node-27""},{""name"":""rs-22-p1-7pr4c"",""cpu_m"":160,""mem_b"":981606638,""priority"":""1"",""node"":""""},{""name"":""rs-22-p1-bb76k"",""cpu_m"":160,""mem_b"":981606638,""priority"":""1"",""node"":""""},{""name"":""rs-22-p1-vpw95"",""cpu_m"":160,""mem_b"":981606638,""priority"":""1"",""node"":""kwok-node-20""},{""name"":""rs-22-p1-wlq4p"",""cpu_m"":160,""mem_b"":981606638,""priority"":""1"",""node"":""""},{""name"":""rs-23-p4-27xpl"",""cpu_m"":400,""mem_b"":680432470,""priority"":""4"",""node"":""kwok-node-23""},{""name"":""rs-23-p4-c58fr"",""cpu_m"":400,""mem_b"":680432470,""priority"":""4"",""node"":""kwok-node-10""},{""name"":""rs-24-p4-42thp"",""cpu_m"":483,""mem_b"":894555165,""priority"":""4"",""node"":""kwok-node-9""},{""name"":""rs-25-p4-r6gvm"",""cpu_m"":984,""mem_b"":962778424,""priority"":""4"",""node"":""kwok-node-12""},{""name"":""rs-25-p4-wvvnx"",""cpu_m"":984,""mem_b"":962778424,""priority"":""4"",""node"":""kwok-node-19""},{""name"":""rs-25-p4-zqcgn"",""cpu_m"":984,""mem_b"":962778424,""priority"":""4"",""node"":""kwok-node-24""},{""name"":""rs-25-p4-zxpgn"",""cpu_m"":984,""mem_b"":962778424,""priority"":""4"",""node"":""kwok-node-28""},{""name"":""rs-26-p2-qn5bf"",""cpu_m"":793,""mem_b"":837702622,""priority"":""2"",""node"":""kwok-node-8""},{""name"":""rs-26-p2-zlmvd"",""cpu_m"":793,""mem_b"":837702622,""priority"":""2"",""node"":""kwok-node-17""},{""name"":""rs-27-p3-9ngtg"",""cpu_m"":205,""mem_b"":816844095,""priority"":""3"",""node"":""kwok-node-26""},{""name"":""rs-27-p3-blztd"",""cpu_m"":205,""mem_b"":816844095,""priority"":""3"",""node"":""kwok-node-11""},{""name"":""rs-27-p3-c6v28"",""cpu_m"":205,""mem_b"":816844095,""priority"":""3"",""node"":""kwok-node-1""},{""name"":""rs-27-p3-p97nf"",""cpu_m"":205,""mem_b"":816844095,""priority"":""3"",""node"":""kwok-node-18""},{""name"":""rs-28-p4-2zxll"",""cpu_m"":725,""mem_b"":886109804,""priority"":""4"",""node"":""kwok-node-4""},{""name"":""rs-28-p4-cdxjc"",""cpu_m"":725,""mem_b"":886109804,""priority"":""4"",""node"":""kwok-node-32""},{""name"":""rs-28-p4-zzfcw"",""cpu_m"":725,""mem_b"":886109804,""priority"":""4"",""node"":""kwok-node-13""},{""name"":""rs-29-p1-99vfm"",""cpu_m"":403,""mem_b"":686440376,""priority"":""1"",""node"":""""},{""name"":""rs-30-p3-94jl8"",""cpu_m"":387,""mem_b"":529044198,""priority"":""3"",""node"":""kwok-node-25""},{""name"":""rs-30-p3-ffs9c"",""cpu_m"":387,""mem_b"":529044198,""priority"":""3"",""node"":""kwok-node-2""},{""name"":""rs-30-p3-sf4tx"",""cpu_m"":387,""mem_b"":529044198,""priority"":""3"",""node"":""kwok-node-16""},{""name"":""rs-30-p3-txljn"",""cpu_m"":387,""mem_b"":529044198,""priority"":""3"",""node"":""kwok-node-30""},{""name"":""rs-31-p4-5tc7m"",""cpu_m"":727,""mem_b"":635934083,""priority"":""4"",""node"":""kwok-node-5""},{""name"":""rs-32-p4-zlbct"",""cpu_m"":970,""mem_b"":346266389,""priority"":""4"",""node"":""kwok-node-20""},{""name"":""rs-33-p2-dc8sl"",""cpu_m"":468,""mem_b"":732654684,""priority"":""2"",""node"":""kwok-node-22""},{""name"":""rs-33-p2-t2s5q"",""cpu_m"":468,""mem_b"":732654684,""priority"":""2"",""node"":""kwok-node-14""},{""name"":""rs-33-p2-tzwhn"",""cpu_m"":468,""mem_b"":732654684,""priority"":""2"",""node"":""kwok-node-3""},{""name"":""rs-34-p4-bwhbp"",""cpu_m"":435,""mem_b"":385304193,""priority"":""4"",""node"":""kwok-node-27""},{""name"":""rs-34-p4-k4lcg"",""cpu_m"":435,""mem_b"":385304193,""priority"":""4"",""node"":""kwok-node-15""},{""name"":""rs-34-p4-ldnz6"",""cpu_m"":435,""mem_b"":385304193,""priority"":""4"",""node"":""kwok-node-31""},{""name"":""rs-35-p3-5dllc"",""cpu_m"":794,""mem_b"":871219486,""priority"":""3"",""node"":""kwok-node-7""},{""name"":""rs-35-p3-ctqz4"",""cpu_m"":794,""mem_b"":871219486,""priority"":""3"",""node"":""kwok-node-29""},{""name"":""rs-36-p4-hwzbd"",""cpu_m"":686,""mem_b"":242562407,""priority"":""4"",""node"":""kwok-node-1""},{""name"":""rs-36-p4-ks74s"",""cpu_m"":686,""mem_b"":242562407,""priority"":""4"",""node"":""kwok-node-18""},{""name"":""rs-37-p2-nvlzs"",""cpu_m"":678,""mem_b"":330501839,""priority"":""2"",""node"":""kwok-node-4""},{""name"":""rs-38-p1-28kjb"",""cpu_m"":300,""mem_b"":289451496,""priority"":""1"",""node"":""kwok-node-22""},{""name"":""rs-38-p1-bvbjk"",""cpu_m"":300,""mem_b"":289451496,""priority"":""1"",""node"":""kwok-node-21""},{""name"":""rs-38-p1-glltk"",""cpu_m"":300,""mem_b"":289451496,""priority"":""1"",""node"":""kwok-node-17""},{""name"":""rs-38-p1-h7vtq"",""cpu_m"":300,""mem_b"":289451496,""priority"":""1"",""node"":""kwok-node-25""},{""name"":""rs-39-p1-gdd9m"",""cpu_m"":138,""mem_b"":132815119,""priority"":""1"",""node"":""kwok-node-11""},{""name"":""rs-39-p1-nxnmp"",""cpu_m"":138,""mem_b"":132815119,""priority"":""1"",""node"":""kwok-node-13""},{""name"":""rs-39-p1-rzgts"",""cpu_m"":138,""mem_b"":132815119,""priority"":""1"",""node"":""kwok-node-15""},{""name"":""rs-40-p2-cbf9z"",""cpu_m"":849,""mem_b"":814854879,""priority"":""2"",""node"":""kwok-node-20""},{""name"":""rs-40-p2-psf47"",""cpu_m"":849,""mem_b"":814854879,""priority"":""2"",""node"":""kwok-node-31""},{""name"":""rs-40-p2-x752v"",""cpu_m"":849,""mem_b"":814854879,""priority"":""2"",""node"":""kwok-node-23""},{""name"":""rs-40-p2-xqqms"",""cpu_m"":849,""mem_b"":814854879,""priority"":""2"",""node"":""kwok-node-10""},{""name"":""rs-41-p1-87742"",""cpu_m"":758,""mem_b"":643598009,""priority"":""1"",""node"":""""},{""name"":""rs-41-p1-p6krd"",""cpu_m"":758,""mem_b"":643598009,""priority"":""1"",""node"":""""},{""name"":""rs-41-p1-v4vxq"",""cpu_m"":758,""mem_b"":643598009,""priority"":""1"",""node"":""""},{""name"":""rs-41-p1-zvsgc"",""cpu_m"":758,""mem_b"":643598009,""priority"":""1"",""node"":""""},{""name"":""rs-42-p2-5f2tf"",""cpu_m"":862,""mem_b"":941608080,""priority"":""2"",""node"":""kwok-node-26""},{""name"":""rs-42-p2-h7gpk"",""cpu_m"":862,""mem_b"":941608080,""priority"":""2"",""node"":""kwok-node-5""},{""name"":""rs-42-p2-qj58f"",""cpu_m"":862,""mem_b"":941608080,""priority"":""2"",""node"":""kwok-node-31""},{""name"":""rs-42-p2-wvttt"",""cpu_m"":862,""mem_b"":941608080,""priority"":""2"",""node"":""kwok-node-6""},{""name"":""rs-43-p2-4tm5l"",""cpu_m"":174,""mem_b"":157269899,""priority"":""2"",""node"":""kwok-node-21""},{""name"":""rs-43-p2-h52n6"",""cpu_m"":174,""mem_b"":157269899,""priority"":""2"",""node"":""kwok-node-25""},{""name"":""rs-44-p1-h8hzl"",""cpu_m"":167,""mem_b"":335342328,""priority"":""1"",""node"":""kwok-node-24""},{""name"":""rs-44-p1-wpjj4"",""cpu_m"":167,""mem_b"":335342328,""priority"":""1"",""node"":""kwok-node-19""},{""name"":""rs-45-p3-95nzh"",""cpu_m"":724,""mem_b"":537241255,""priority"":""3"",""node"":""kwok-node-30""},{""name"":""rs-45-p3-mth5c"",""cpu_m"":724,""mem_b"":537241255,""priority"":""3"",""node"":""kwok-node-2""},{""name"":""rs-46-p1-7xzg9"",""cpu_m"":690,""mem_b"":453613440,""priority"":""1"",""node"":""""},{""name"":""rs-46-p1-smk6t"",""cpu_m"":690,""mem_b"":453613440,""priority"":""1"",""node"":""""},{""name"":""rs-47-p3-pxppz"",""cpu_m"":195,""mem_b"":943532743,""priority"":""3"",""node"":""kwok-node-30""},{""name"":""rs-47-p3-xqjmp"",""cpu_m"":195,""mem_b"":943532743,""priority"":""3"",""node"":""kwok-node-8""},{""name"":""rs-48-p2-244pg"",""cpu_m"":477,""mem_b"":798887507,""priority"":""2"",""node"":""kwok-node-1""},{""name"":""rs-49-p3-92wwr"",""cpu_m"":476,""mem_b"":527173160,""priority"":""3"",""node"":""kwok-node-5""},{""name"":""rs-49-p3-9vjrk"",""cpu_m"":476,""mem_b"":527173160,""priority"":""3"",""node"":""kwok-node-18""},{""name"":""rs-49-p3-kkk45"",""cpu_m"":476,""mem_b"":527173160,""priority"":""3"",""node"":""kwok-node-16""},{""name"":""rs-50-p1-ptm4w"",""cpu_m"":899,""mem_b"":127086997,""priority"":""1"",""node"":""""},{""name"":""rs-50-p1-r8rd4"",""cpu_m"":899,""mem_b"":127086997,""priority"":""1"",""node"":""kwok-node-11""},{""name"":""rs-51-p3-8prwr"",""cpu_m"":692,""mem_b"":663767523,""priority"":""3"",""node"":""kwok-node-9""},{""name"":""rs-52-p2-qmgh9"",""cpu_m"":183,""mem_b"":285398765,""priority"":""2"",""node"":""kwok-node-27""},{""name"":""rs-52-p2-xk5zd"",""cpu_m"":183,""mem_b"":285398765,""priority"":""2"",""node"":""kwok-node-15""}]","[{""name"":""rs-01-p3-wj984"",""cpu_m"":778,""mem_b"":370172393,""priority"":""3"",""node"":""kwok-node-1""},{""name"":""rs-02-p4-9k9jr"",""cpu_m"":598,""mem_b"":190612344,""priority"":""4"",""node"":""kwok-node-11""},{""name"":""rs-03-p4-flcfk"",""cpu_m"":220,""mem_b"":727058286,""priority"":""4"",""node"":""kwok-node-16""},{""name"":""rs-03-p4-rnpjh"",""cpu_m"":220,""mem_b"":727058286,""priority"":""4"",""node"":""kwok-node-13""},{""name"":""rs-04-p4-9wrgg"",""cpu_m"":738,""mem_b"":500530462,""priority"":""4"",""node"":""kwok-node-21""},{""name"":""rs-04-p4-s5znk"",""cpu_m"":738,""mem_b"":500530462,""priority"":""4"",""node"":""kwok-node-14""},{""name"":""rs-04-p4-zzfjg"",""cpu_m"":738,""mem_b"":500530462,""priority"":""4"",""node"":""kwok-node-18""},{""name"":""rs-05-p4-4sm54"",""cpu_m"":690,""mem_b"":370432614,""priority"":""4"",""node"":""kwok-node-23""},{""name"":""rs-05-p4-mt99g"",""cpu_m"":690,""mem_b"":370432614,""priority"":""4"",""node"":""kwok-node-10""},{""name"":""rs-06-p2-qxnlr"",""cpu_m"":867,""mem_b"":364842463,""priority"":""2"",""node"":""kwok-node-20""},{""name"":""rs-07-p3-l68rr"",""cpu_m"":982,""mem_b"":919047609,""priority"":""3"",""node"":""kwok-node-24""},{""name"":""rs-07-p3-ld4d6"",""cpu_m"":982,""mem_b"":919047609,""priority"":""3"",""node"":""kwok-node-17""},{""name"":""rs-07-p3-qsg2h"",""cpu_m"":982,""mem_b"":919047609,""priority"":""3"",""node"":""kwok-node-19""},{""name"":""rs-08-p4-hg225"",""cpu_m"":993,""mem_b"":378225482,""priority"":""4"",""node"":""kwok-node-26""},{""name"":""rs-09-p3-25mwz"",""cpu_m"":594,""mem_b"":913511776,""priority"":""3"",""node"":""kwok-node-28""},{""name"":""rs-09-p3-dz28d"",""cpu_m"":594,""mem_b"":913511776,""priority"":""3"",""node"":""kwok-node-3""},{""name"":""rs-09-p3-hpffw"",""cpu_m"":594,""mem_b"":913511776,""priority"":""3"",""node"":""kwok-node-22""},{""name"":""rs-09-p3-kc8dz"",""cpu_m"":594,""mem_b"":913511776,""priority"":""3"",""node"":""kwok-node-12""},{""name"":""rs-10-p2-j2vxb"",""cpu_m"":797,""mem_b"":214660762,""priority"":""2"",""node"":""kwok-node-2""},{""name"":""rs-10-p2-srknx"",""cpu_m"":797,""mem_b"":214660762,""priority"":""2"",""node"":""kwok-node-30""},{""name"":""rs-10-p2-vpwcd"",""cpu_m"":797,""mem_b"":214660762,""priority"":""2"",""node"":""kwok-node-25""},{""name"":""rs-11-p3-2vskp"",""cpu_m"":246,""mem_b"":851305382,""priority"":""3"",""node"":""kwok-node-29""},{""name"":""rs-11-p3-4mrrf"",""cpu_m"":246,""mem_b"":851305382,""priority"":""3"",""node"":""kwok-node-27""},{""name"":""rs-11-p3-4tlc5"",""cpu_m"":246,""mem_b"":851305382,""priority"":""3"",""node"":""kwok-node-15""},{""name"":""rs-11-p3-hzdqc"",""cpu_m"":246,""mem_b"":851305382,""priority"":""3"",""node"":""kwok-node-11""},{""name"":""rs-12-p1-5cx95"",""cpu_m"":918,""mem_b"":262096159,""priority"":""1"",""node"":""kwok-node-5""},{""name"":""rs-12-p1-bhzgq"",""cpu_m"":918,""mem_b"":262096159,""priority"":""1"",""node"":""kwok-node-31""},{""name"":""rs-13-p4-6sg2t"",""cpu_m"":314,""mem_b"":874236025,""priority"":""4"",""node"":""kwok-node-7""},{""name"":""rs-13-p4-97g5p"",""cpu_m"":314,""mem_b"":874236025,""priority"":""4"",""node"":""kwok-node-4""},{""name"":""rs-13-p4-mhqlv"",""cpu_m"":314,""mem_b"":874236025,""priority"":""4"",""node"":""kwok-node-6""},{""name"":""rs-13-p4-zcgcw"",""cpu_m"":314,""mem_b"":874236025,""priority"":""4"",""node"":""kwok-node-32""},{""name"":""rs-14-p3-47rqc"",""cpu_m"":991,""mem_b"":380297337,""priority"":""3"",""node"":""kwok-node-9""},{""name"":""rs-14-p3-b7zfz"",""cpu_m"":991,""mem_b"":380297337,""priority"":""3"",""node"":""kwok-node-8""},{""name"":""rs-14-p3-qf4b6"",""cpu_m"":991,""mem_b"":380297337,""priority"":""3"",""node"":""kwok-node-13""},{""name"":""rs-14-p3-vc5sc"",""cpu_m"":991,""mem_b"":380297337,""priority"":""3"",""node"":""kwok-node-16""},{""name"":""rs-15-p2-64fvg"",""cpu_m"":962,""mem_b"":359246038,""priority"":""2"",""node"":""kwok-node-29""},{""name"":""rs-15-p2-dmgns"",""cpu_m"":962,""mem_b"":359246038,""priority"":""2"",""node"":""kwok-node-7""},{""name"":""rs-15-p2-mm2b2"",""cpu_m"":962,""mem_b"":359246038,""priority"":""2"",""node"":""kwok-node-27""},{""name"":""rs-15-p2-zgpps"",""cpu_m"":962,""mem_b"":359246038,""priority"":""2"",""node"":""kwok-node-15""},{""name"":""rs-16-p2-2gvds"",""cpu_m"":230,""mem_b"":275102303,""priority"":""2"",""node"":""kwok-node-23""},{""name"":""rs-16-p2-58hv6"",""cpu_m"":230,""mem_b"":275102303,""priority"":""2"",""node"":""kwok-node-10""},{""name"":""rs-17-p2-rqdsz"",""cpu_m"":303,""mem_b"":948528774,""priority"":""2"",""node"":""kwok-node-25""},{""name"":""rs-17-p2-z99jl"",""cpu_m"":303,""mem_b"":948528774,""priority"":""2"",""node"":""kwok-node-2""},{""name"":""rs-18-p1-9lcns"",""cpu_m"":449,""mem_b"":251625552,""priority"":""1"",""node"":""kwok-node-4""},{""name"":""rs-18-p1-z9k9t"",""cpu_m"":449,""mem_b"":251625552,""priority"":""1"",""node"":""kwok-node-32""},{""name"":""rs-19-p2-gbbww"",""cpu_m"":905,""mem_b"":906867994,""priority"":""2"",""node"":""kwok-node-21""},{""name"":""rs-19-p2-rzx9k"",""cpu_m"":905,""mem_b"":906867994,""priority"":""2"",""node"":""kwok-node-14""},{""name"":""rs-20-p2-klk7z"",""cpu_m"":818,""mem_b"":241560531,""priority"":""2"",""node"":""kwok-node-6""},{""name"":""rs-20-p2-r88r7"",""cpu_m"":818,""mem_b"":241560531,""priority"":""2"",""node"":""kwok-node-22""},{""name"":""rs-20-p2-zqsgl"",""cpu_m"":818,""mem_b"":241560531,""priority"":""2"",""node"":""kwok-node-3""},{""name"":""rs-21-p1-mjmp4"",""cpu_m"":326,""mem_b"":321502868,""priority"":""1"",""node"":""kwok-node-1""},{""name"":""rs-21-p1-sbmjj"",""cpu_m"":326,""mem_b"":321502868,""priority"":""1"",""node"":""kwok-node-18""},{""name"":""rs-22-p1-7zpqd"",""cpu_m"":160,""mem_b"":981606638,""priority"":""1"",""node"":""kwok-node-5""},{""name"":""rs-22-p1-btj74"",""cpu_m"":160,""mem_b"":981606638,""priority"":""1"",""node"":""kwok-node-30""},{""name"":""rs-22-p1-vpw95"",""cpu_m"":160,""mem_b"":981606638,""priority"":""1"",""node"":""kwok-node-20""},{""name"":""rs-22-p1-xwtql"",""cpu_m"":160,""mem_b"":981606638,""priority"":""1"",""node"":""kwok-node-31""},{""name"":""rs-23-p4-27xpl"",""cpu_m"":400,""mem_b"":680432470,""priority"":""4"",""node"":""kwok-node-23""},{""name"":""rs-23-p4-c58fr"",""cpu_m"":400,""mem_b"":680432470,""priority"":""4"",""node"":""kwok-node-10""},{""name"":""rs-24-p4-42thp"",""cpu_m"":483,""mem_b"":894555165,""priority"":""4"",""node"":""kwok-node-9""},{""name"":""rs-25-p4-r6gvm"",""cpu_m"":984,""mem_b"":962778424,""priority"":""4"",""node"":""kwok-node-12""},{""name"":""rs-25-p4-wvvnx"",""cpu_m"":984,""mem_b"":962778424,""priority"":""4"",""node"":""kwok-node-19""},{""name"":""rs-25-p4-zqcgn"",""cpu_m"":984,""mem_b"":962778424,""priority"":""4"",""node"":""kwok-node-24""},{""name"":""rs-25-p4-zxpgn"",""cpu_m"":984,""mem_b"":962778424,""priority"":""4"",""node"":""kwok-node-28""},{""name"":""rs-26-p2-qn5bf"",""cpu_m"":793,""mem_b"":837702622,""priority"":""2"",""node"":""kwok-node-8""},{""name"":""rs-26-p2-zlmvd"",""cpu_m"":793,""mem_b"":837702622,""priority"":""2"",""node"":""kwok-node-17""},{""name"":""rs-27-p3-9ngtg"",""cpu_m"":205,""mem_b"":816844095,""priority"":""3"",""node"":""kwok-node-26""},{""name"":""rs-27-p3-blztd"",""cpu_m"":205,""mem_b"":816844095,""priority"":""3"",""node"":""kwok-node-11""},{""name"":""rs-27-p3-c6v28"",""cpu_m"":205,""mem_b"":816844095,""priority"":""3"",""node"":""kwok-node-1""},{""name"":""rs-27-p3-p97nf"",""cpu_m"":205,""mem_b"":816844095,""priority"":""3"",""node"":""kwok-node-18""},{""name"":""rs-28-p4-2zxll"",""cpu_m"":725,""mem_b"":886109804,""priority"":""4"",""node"":""kwok-node-4""},{""name"":""rs-28-p4-cdxjc"",""cpu_m"":725,""mem_b"":886109804,""priority"":""4"",""node"":""kwok-node-32""},{""name"":""rs-28-p4-zzfcw"",""cpu_m"":725,""mem_b"":886109804,""priority"":""4"",""node"":""kwok-node-13""},{""name"":""rs-29-p1-jzn8k"",""cpu_m"":403,""mem_b"":686440376,""priority"":""1"",""node"":""kwok-node-6""},{""name"":""rs-30-p3-94jl8"",""cpu_m"":387,""mem_b"":529044198,""priority"":""3"",""node"":""kwok-node-25""},{""name"":""rs-30-p3-ffs9c"",""cpu_m"":387,""mem_b"":529044198,""priority"":""3"",""node"":""kwok-node-2""},{""name"":""rs-30-p3-sf4tx"",""cpu_m"":387,""mem_b"":529044198,""priority"":""3"",""node"":""kwok-node-16""},{""name"":""rs-30-p3-txljn"",""cpu_m"":387,""mem_b"":529044198,""priority"":""3"",""node"":""kwok-node-30""},{""name"":""rs-31-p4-5tc7m"",""cpu_m"":727,""mem_b"":635934083,""priority"":""4"",""node"":""kwok-node-5""},{""name"":""rs-32-p4-zlbct"",""cpu_m"":970,""mem_b"":346266389,""priority"":""4"",""node"":""kwok-node-20""},{""name"":""rs-33-p2-6nkdn"",""cpu_m"":468,""mem_b"":732654684,""priority"":""2"",""node"":""kwok-node-26""},{""name"":""rs-33-p2-dc8sl"",""cpu_m"":468,""mem_b"":732654684,""priority"":""2"",""node"":""kwok-node-22""},{""name"":""rs-33-p2-tzwhn"",""cpu_m"":468,""mem_b"":732654684,""priority"":""2"",""node"":""kwok-node-3""},{""name"":""rs-34-p4-bwhbp"",""cpu_m"":435,""mem_b"":385304193,""priority"":""4"",""node"":""kwok-node-27""},{""name"":""rs-34-p4-k4lcg"",""cpu_m"":435,""mem_b"":385304193,""priority"":""4"",""node"":""kwok-node-15""},{""name"":""rs-34-p4-ldnz6"",""cpu_m"":435,""mem_b"":385304193,""priority"":""4"",""node"":""kwok-node-31""},{""name"":""rs-35-p3-5dllc"",""cpu_m"":794,""mem_b"":871219486,""priority"":""3"",""node"":""kwok-node-7""},{""name"":""rs-35-p3-ctqz4"",""cpu_m"":794,""mem_b"":871219486,""priority"":""3"",""node"":""kwok-node-29""},{""name"":""rs-36-p4-hwzbd"",""cpu_m"":686,""mem_b"":242562407,""priority"":""4"",""node"":""kwok-node-1""},{""name"":""rs-36-p4-ks74s"",""cpu_m"":686,""mem_b"":242562407,""priority"":""4"",""node"":""kwok-node-18""},{""name"":""rs-37-p2-lr7rg"",""cpu_m"":678,""mem_b"":330501839,""priority"":""2"",""node"":""kwok-node-10""},{""name"":""rs-38-p1-csljj"",""cpu_m"":300,""mem_b"":289451496,""priority"":""1"",""node"":""kwok-node-9""},{""name"":""rs-38-p1-dmpbp"",""cpu_m"":300,""mem_b"":289451496,""priority"":""1"",""node"":""kwok-node-16""},{""name"":""rs-38-p1-ns52x"",""cpu_m"":300,""mem_b"":289451496,""priority"":""1"",""node"":""kwok-node-23""},{""name"":""rs-38-p1-vmvkp"",""cpu_m"":300,""mem_b"":289451496,""priority"":""1"",""node"":""kwok-node-31""},{""name"":""rs-39-p1-446pz"",""cpu_m"":138,""mem_b"":132815119,""priority"":""1"",""node"":""kwok-node-15""},{""name"":""rs-39-p1-5wnln"",""cpu_m"":138,""mem_b"":132815119,""priority"":""1"",""node"":""kwok-node-27""},{""name"":""rs-39-p1-zbkkk"",""cpu_m"":138,""mem_b"":132815119,""priority"":""1"",""node"":""kwok-node-23""},{""name"":""rs-40-p2-cbf9z"",""cpu_m"":849,""mem_b"":814854879,""priority"":""2"",""node"":""""},{""name"":""rs-40-p2-psf47"",""cpu_m"":849,""mem_b"":814854879,""priority"":""2"",""node"":""""},{""name"":""rs-40-p2-x752v"",""cpu_m"":849,""mem_b"":814854879,""priority"":""2"",""node"":""""},{""name"":""rs-40-p2-xqqms"",""cpu_m"":849,""mem_b"":814854879,""priority"":""2"",""node"":""""},{""name"":""rs-41-p1-87742"",""cpu_m"":758,""mem_b"":643598009,""priority"":""1"",""node"":""""},{""name"":""rs-41-p1-p6krd"",""cpu_m"":758,""mem_b"":643598009,""priority"":""1"",""node"":""""},{""name"":""rs-41-p1-v4vxq"",""cpu_m"":758,""mem_b"":643598009,""priority"":""1"",""node"":""""},{""name"":""rs-41-p1-zvsgc"",""cpu_m"":758,""mem_b"":643598009,""priority"":""1"",""node"":""""},{""name"":""rs-42-p2-5f2tf"",""cpu_m"":862,""mem_b"":941608080,""priority"":""2"",""node"":""""},{""name"":""rs-42-p2-h7gpk"",""cpu_m"":862,""mem_b"":941608080,""priority"":""2"",""node"":""""},{""name"":""rs-42-p2-qj58f"",""cpu_m"":862,""mem_b"":941608080,""priority"":""2"",""node"":""""},{""name"":""rs-42-p2-wvttt"",""cpu_m"":862,""mem_b"":941608080,""priority"":""2"",""node"":""""},{""name"":""rs-43-p2-4tm5l"",""cpu_m"":174,""mem_b"":157269899,""priority"":""2"",""node"":""kwok-node-21""},{""name"":""rs-43-p2-h52n6"",""cpu_m"":174,""mem_b"":157269899,""priority"":""2"",""node"":""kwok-node-25""},{""name"":""rs-44-p1-qf4kr"",""cpu_m"":167,""mem_b"":335342328,""priority"":""1"",""node"":""kwok-node-14""},{""name"":""rs-44-p1-vlc8l"",""cpu_m"":167,""mem_b"":335342328,""priority"":""1"",""node"":""kwok-node-9""},{""name"":""rs-45-p3-95nzh"",""cpu_m"":724,""mem_b"":537241255,""priority"":""3"",""node"":""""},{""name"":""rs-45-p3-mth5c"",""cpu_m"":724,""mem_b"":537241255,""priority"":""3"",""node"":""kwok-node-2""},{""name"":""rs-46-p1-smk6t"",""cpu_m"":690,""mem_b"":453613440,""priority"":""1"",""node"":""""},{""name"":""rs-46-p1-xd8g9"",""cpu_m"":690,""mem_b"":453613440,""priority"":""1"",""node"":""kwok-node-30""},{""name"":""rs-47-p3-pxppz"",""cpu_m"":195,""mem_b"":943532743,""priority"":""3"",""node"":""""},{""name"":""rs-47-p3-xqjmp"",""cpu_m"":195,""mem_b"":943532743,""priority"":""3"",""node"":""kwok-node-8""},{""name"":""rs-48-p2-244pg"",""cpu_m"":477,""mem_b"":798887507,""priority"":""2"",""node"":""""},{""name"":""rs-49-p3-92wwr"",""cpu_m"":476,""mem_b"":527173160,""priority"":""3"",""node"":""""},{""name"":""rs-49-p3-9vjrk"",""cpu_m"":476,""mem_b"":527173160,""priority"":""3"",""node"":""""},{""name"":""rs-49-p3-kkk45"",""cpu_m"":476,""mem_b"":527173160,""priority"":""3"",""node"":""""},{""name"":""rs-50-p1-ptm4w"",""cpu_m"":899,""mem_b"":127086997,""priority"":""1"",""node"":""""},{""name"":""rs-50-p1-r8rd4"",""cpu_m"":899,""mem_b"":127086997,""priority"":""1"",""node"":""kwok-node-11""},{""name"":""rs-51-p3-8prwr"",""cpu_m"":692,""mem_b"":663767523,""priority"":""3"",""node"":""""},{""name"":""rs-52-p2-qmgh9"",""cpu_m"":183,""mem_b"":285398765,""priority"":""2"",""node"":""kwok-node-27""},{""name"":""rs-52-p2-xk5zd"",""cpu_m"":183,""mem_b"":285398765,""priority"":""2"",""node"":""kwok-node-15""}]","[{""name"":""kwok-node-1"",""cap_cpu_m"":2213,""cap_mem_bytes"":2255432678},{""name"":""kwok-node-2"",""cap_cpu_m"":2213,""cap_mem_bytes"":2255432678},{""name"":""kwok-node-3"",""cap_cpu_m"":2213,""cap_mem_bytes"":2255432678},{""name"":""kwok-node-4"",""cap_cpu_m"":2213,""cap_mem_bytes"":2255432678},{""name"":""kwok-node-5"",""cap_cpu_m"":2213,""cap_mem_bytes"":2255432678},{""name"":""kwok-node-6"",""cap_cpu_m"":2213,""cap_mem_bytes"":2255432678},{""name"":""kwok-node-7"",""cap_cpu_m"":2213,""cap_mem_bytes"":2255432678},{""name"":""kwok-node-8"",""cap_cpu_m"":2213,""cap_mem_bytes"":2255432678},{""name"":""kwok-node-9"",""cap_cpu_m"":2213,""cap_mem_bytes"":2255432678},{""name"":""kwok-node-10"",""cap_cpu_m"":2213,""cap_mem_bytes"":2255432678},{""name"":""kwok-node-11"",""cap_cpu_m"":2213,""cap_mem_bytes"":2255432678},{""name"":""kwok-node-12"",""cap_cpu_m"":2213,""cap_mem_bytes"":2255432678},{""name"":""kwok-node-13"",""cap_cpu_m"":2213,""cap_mem_bytes"":2255432678},{""name"":""kwok-node-14"",""cap_cpu_m"":2213,""cap_mem_bytes"":2255432678},{""name"":""kwok-node-15"",""cap_cpu_m"":2213,""cap_mem_bytes"":2255432678},{""name"":""kwok-node-16"",""cap_cpu_m"":2213,""cap_mem_bytes"":2255432678},{""name"":""kwok-node-17"",""cap_cpu_m"":2213,""cap_mem_bytes"":2255432678},{""name"":""kwok-node-18"",""cap_cpu_m"":2213,""cap_mem_bytes"":2255432678},{""name"":""kwok-node-19"",""cap_cpu_m"":2213,""cap_mem_bytes"":2255432678},{""name"":""kwok-node-20"",""cap_cpu_m"":2213,""cap_mem_bytes"":2255432678},{""name"":""kwok-node-21"",""cap_cpu_m"":2213,""cap_mem_bytes"":2255432678},{""name"":""kwok-node-22"",""cap_cpu_m"":2213,""cap_mem_bytes"":2255432678},{""name"":""kwok-node-23"",""cap_cpu_m"":2213,""cap_mem_bytes"":2255432678},{""name"":""kwok-node-24"",""cap_cpu_m"":2213,""cap_mem_bytes"":2255432678},{""name"":""kwok-node-25"",""cap_cpu_m"":2213,""cap_mem_bytes"":2255432678},{""name"":""kwok-node-26"",""cap_cpu_m"":2213,""cap_mem_bytes"":2255432678},{""name"":""kwok-node-27"",""cap_cpu_m"":2213,""cap_mem_bytes"":2255432678},{""name"":""kwok-node-28"",""cap_cpu_m"":2213,""cap_mem_bytes"":2255432678},{""name"":""kwok-node-29"",""cap_cpu_m"":2213,""cap_mem_bytes"":2255432678},{""name"":""kwok-node-30"",""cap_cpu_m"":2213,""cap_mem_bytes"":2255432678},{""name"":""kwok-node-31"",""cap_cpu_m"":2213,""cap_mem_bytes"":2255432678},{""name"":""kwok-node-32"",""cap_cpu_m"":2213,""cap_mem_bytes"":2255432678}]"
2026/02/11/11:29:24,7196266411674554368,,"{""evicted"":0,""moved"":0,""placed_by_priority"":{""1"":22,""2"":21,""3"":26,""4"":36}}",python,"{""evicted"":11,""moved"":8,""placed_by_priority"":{""1"":11,""2"":26,""3"":29,""4"":47}}",969,FEASIBLE,"[{""duration_ms"":969,""name"":""python"",""score"":{""evicted"":11,""moved"":8,""placed_by_priority"":{""1"":11,""2"":26,""3"":29,""4"":47}},""status"":""FEASIBLE""}]",0.900,0.816,0.918,0.850,67079,60852,69107140034,63942227644,113,105,15,23,"{""kwok-node-1"":4,""kwok-node-10"":3,""kwok-node-11"":4,""kwok-node-12"":4,""kwok-node-13"":3,""kwok-node-14"":4,""kwok-node-15"":3,""kwok-node-16"":3,""kwok-node-17"":3,""kwok-node-18"":3,""kwok-node-19"":4,""kwok-node-2"":4,""kwok-node-20"":3,""kwok-node-21"":4,""kwok-node-22"":3,""kwok-node-23"":4,""kwok-node-24"":4,""kwok-node-25"":4,""kwok-node-26"":4,""kwok-node-27"":3,""kwok-node-28"":3,""kwok-node-29"":4,""kwok-node-3"":4,""kwok-node-30"":3,""kwok-node-31"":3,""kwok-node-32"":3,""kwok-node-4"":4,""kwok-node-5"":3,""kwok-node-6"":3,""kwok-node-7"":5,""kwok-node-8"":3,""kwok-node-9"":4}","{""kwok-node-1"":4,""kwok-node-10"":3,""kwok-node-11"":4,""kwok-node-12"":4,""kwok-node-13"":3,""kwok-node-14"":3,""kwok-node-15"":3,""kwok-node-16"":3,""kwok-node-17"":3,""kwok-node-18"":3,""kwok-node-19"":3,""kwok-node-2"":3,""kwok-node-20"":3,""kwok-node-21"":3,""kwok-node-22"":3,""kwok-node-23"":4,""kwok-node-24"":3,""kwok-node-25"":4,""kwok-node-26"":4,""kwok-node-27"":3,""kwok-node-28"":3,""kwok-node-29"":3,""kwok-node-3"":4,""kwok-node-30"":3,""kwok-node-31"":3,""kwok-node-32"":3,""kwok-node-4"":4,""kwok-node-5"":2,""kwok-node-6"":3,""kwok-node-7"":4,""kwok-node-8"":3,""kwok-node-9"":4}","{""p1"":11,""p2"":26,""p3"":29,""p4"":47}","{""p1"":22,""p2"":21,""p3"":26,""p4"":36}","{""p1"":15}","{""p1"":4,""p2"":5,""p3"":3,""p4"":11}","{rs-09-p1-7n6z8,rs-12-p1-bltn7,rs-19-p1-wjs6x,rs-21-p1-2h945,rs-28-p1-5bwx5,rs-28-p1-f9vpq,rs-28-p1-t2jlr,rs-28-p1-xfvzg,rs-33-p1-gpw72,rs-36-p1-9sb4x,rs-36-p1-nmpgm,rs-47-p1-65hmj,rs-47-p1-7nfpq,rs-47-p1-fv5cc,rs-51-p1-kpnj4}","{rs-44-p4-4w8d2,rs-44-p4-dx9kt,rs-44-p4-g6kz2,rs-44-p4-jmrn9,rs-45-p3-8j785,rs-45-p3-fdpdc,rs-45-p3-q8b92,rs-46-p2-c2d5l,rs-46-p2-j42qg,rs-46-p2-qw6r7,rs-46-p2-zshsk,rs-47-p1-65hmj,rs-47-p1-7nfpq,rs-47-p1-fv5cc,rs-48-p4-6rwwk,rs-48-p4-9kbpz,rs-48-p4-tvqqd,rs-49-p4-2hd9z,rs-50-p4-c5xkl,rs-50-p4-dz9wj,rs-50-p4-m6dpx,rs-51-p1-kpnj4,rs-52-p2-67kj2}","{rs-01-p3-4zdd8,rs-02-p3-c6f98,rs-02-p3-gmq9c,rs-02-p3-p6vrh,rs-02-p3-txtrc,rs-03-p3-47pj6,rs-03-p3-g6c4z,rs-04-p1-cs86f,rs-04-p1-vrcqx,rs-05-p2-9zfbs,rs-05-p2-s4mm4,rs-06-p3-mdt5b,rs-06-p3-ws6rm,rs-07-p2-6v5mb,rs-07-p2-b5skg,rs-07-p2-qm8vc,rs-08-p1-jtwjr,rs-09-p1-jhl89,rs-10-p4-hwwtt,rs-11-p2-xxkx2,rs-13-p4-88vk4,rs-13-p4-qnhsc,rs-13-p4-xcnw4,rs-14-p4-6rzx7,rs-14-p4-9dlws,rs-14-p4-9kpwg,rs-15-p4-7q8pr,rs-16-p2-qj48w,rs-17-p4-b6cnh,rs-17-p4-qfxh6,rs-18-p3-ppb7b,rs-19-p1-2s9vx,rs-19-p1-ms2zv,rs-20-p4-tmhkx,rs-22-p4-6zh8z,rs-22-p4-7c7np,rs-22-p4-hvflw,rs-22-p4-w7ln8,rs-23-p2-tmbsb,rs-23-p2-vzmhn,rs-23-p2-zhz5f,rs-24-p3-cdc92,rs-24-p3-vhrcj,rs-25-p2-rhgxc,rs-26-p2-6lw7d,rs-26-p2-gkh6l,rs-26-p2-j5wgk,rs-26-p2-rlwk4,rs-27-p4-9nwcr,rs-27-p4-r5dgf,rs-29-p2-46x6k,rs-29-p2-dlqkx,rs-29-p2-qxqjb,rs-29-p2-sgvkb,rs-30-p2-f7x5h,rs-30-p2-nl74z,rs-31-p3-dmvjg,rs-31-p3-fgflx,rs-31-p3-g8vff,rs-31-p3-sxnsh,rs-32-p3-79jbj,rs-32-p3-pss28,rs-32-p3-v89bd,rs-32-p3-w22js,rs-33-p1-8t8hg,rs-34-p3-b2xww,rs-34-p3-rrqsn,rs-35-p4-247pr,rs-37-p4-4blm7,rs-37-p4-cs8w8,rs-37-p4-d8h45,rs-37-p4-wp98v,rs-38-p4-54nq5,rs-38-p4-7p6vh,rs-38-p4-k2kqg,rs-38-p4-p9dhx,rs-39-p1-5w4xl,rs-39-p1-9lbp5,rs-39-p1-pgclj,rs-39-p1-zwqs7,rs-40-p4-hjfzm,rs-40-p4-kvgdt,rs-40-p4-rsgbh,rs-41-p4-4f6xf,rs-41-p4-nj75v,rs-41-p4-z62v9,rs-42-p3-4hwk9,rs-42-p3-5q6v5,rs-42-p3-n9hsj,rs-42-p3-sqvs8,rs-43-p4-9c6f4,rs-43-p4-mp4sn,rs-43-p4-qhqg8,rs-44-p4-4w8d2,rs-44-p4-dx9kt,rs-44-p4-g6kz2,rs-44-p4-jmrn9,rs-45-p3-8j785,rs-45-p3-fdpdc,rs-45-p3-q8b92,rs-46-p2-c2d5l,rs-46-p2-j42qg,rs-46-p2-qw6r7,rs-46-p2-zshsk,rs-48-p4-6rwwk,rs-48-p4-9kbpz,rs-48-p4-tvqqd,rs-49-p4-2hd9z,rs-50-p4-c5xkl,rs-50-p4-dz9wj,rs-50-p4-m6dpx,rs-52-p2-67kj2,rs-53-p4-wmwzb}","{rs-01-p3-4zdd8,rs-02-p3-c6f98,rs-02-p3-gmq9c,rs-02-p3-p6vrh,rs-02-p3-txtrc,rs-03-p3-47pj6,rs-03-p3-g6c4z,rs-04-p1-hljtl,rs-04-p1-z72xf,rs-05-p2-9zfbs,rs-05-p2-s4mm4,rs-06-p3-mdt5b,rs-06-p3-ws6rm,rs-07-p2-6v5mb,rs-07-p2-b5skg,rs-07-p2-qm8vc,rs-08-p1-m47w5,rs-09-p1-8vrcd,rs-09-p1-h6mh5,rs-10-p4-hwwtt,rs-11-p2-xxkx2,rs-12-p1-df5vw,rs-13-p4-88vk4,rs-13-p4-qnhsc,rs-13-p4-xcnw4,rs-14-p4-6rzx7,rs-14-p4-9dlws,rs-14-p4-9kpwg,rs-15-p4-7q8pr,rs-16-p2-qj48w,rs-17-p4-b6cnh,rs-17-p4-qfxh6,rs-18-p3-ppb7b,rs-19-p1-2s9vx,rs-19-p1-bcmxr,rs-19-p1-ms2zv,rs-20-p4-tmhkx,rs-21-p1-djspl,rs-22-p4-6zh8z,rs-22-p4-7c7np,rs-22-p4-hvflw,rs-22-p4-w7ln8,rs-23-p2-tmbsb,rs-23-p2-vzmhn,rs-23-p2-zhz5f,rs-24-p3-cdc92,rs-24-p3-vhrcj,rs-25-p2-mrkqw,rs-26-p2-6lw7d,rs-26-p2-gkh6l,rs-26-p2-j5wgk,rs-26-p2-rlwk4,rs-27-p4-9nwcr,rs-27-p4-r5dgf,rs-28-p1-9sxg2,rs-28-p1-bffvn,rs-28-p1-d2jwx,rs-28-p1-ldqxp,rs-29-p2-46x6k,rs-29-p2-dlqkx,rs-29-p2-qxqjb,rs-29-p2-sgvkb,rs-30-p2-f7x5h,rs-30-p2-nl74z,rs-31-p3-dmvjg,rs-31-p3-fgflx,rs-31-p3-g8vff,rs-31-p3-sxnsh,rs-32-p3-79jbj,rs-32-p3-pss28,rs-32-p3-v89bd,rs-32-p3-w22js,rs-33-p1-8t8hg,rs-33-p1-nzhsd,rs-34-p3-b2xww,rs-34-p3-rrqsn,rs-35-p4-247pr,rs-36-p1-t8xgz,rs-36-p1-x4c7m,rs-37-p4-4blm7,rs-37-p4-cs8w8,rs-37-p4-d8h45,rs-37-p4-wp98v,rs-38-p4-54nq5,rs-38-p4-7p6vh,rs-38-p4-k2kqg,rs-38-p4-p9dhx,rs-39-p1-7zmrq,rs-39-p1-9l4pg,rs-39-p1-9lbp5,rs-39-p1-w555j,rs-40-p4-hjfzm,rs-40-p4-kvgdt,rs-40-p4-rsgbh,rs-41-p4-4f6xf,rs-41-p4-nj75v,rs-41-p4-z62v9,rs-42-p3-4hwk9,rs-42-p3-5q6v5,rs-42-p3-n9hsj,rs-42-p3-sqvs8,rs-43-p4-9c6f4,rs-43-p4-mp4sn,rs-43-p4-qhqg8,rs-53-p4-wmwzb}","[{""name"":""rs-01-p3-4zdd8"",""cpu_m"":848,""mem_b"":466005816,""priority"":""3"",""node"":""kwok-node-15""},{""name"":""rs-02-p3-c6f98"",""cpu_m"":529,""mem_b"":871729912,""priority"":""3"",""node"":""kwok-node-13""},{""name"":""rs-02-p3-gmq9c"",""cpu_m"":529,""mem_b"":871729912,""priority"":""3"",""node"":""kwok-node-11""},{""name"":""rs-02-p3-p6vrh"",""cpu_m"":529,""mem_b"":871729912,""priority"":""3"",""node"":""kwok-node-12""},{""name"":""rs-02-p3-txtrc"",""cpu_m"":529,""mem_b"":871729912,""priority"":""3"",""node"":""kwok-node-1""},{""name"":""rs-03-p3-47pj6"",""cpu_m"":899,""mem_b"":864522044,""priority"":""3"",""node"":""kwok-node-10""},{""name"":""rs-03-p3-g6c4z"",""cpu_m"":899,""mem_b"":864522044,""priority"":""3"",""node"":""kwok-node-18""},{""name"":""rs-04-p1-cs86f"",""cpu_m"":555,""mem_b"":253587209,""priority"":""1"",""node"":""kwok-node-19""},{""name"":""rs-04-p1-vrcqx"",""cpu_m"":555,""mem_b"":253587209,""priority"":""1"",""node"":""kwok-node-5""},{""name"":""rs-05-p2-9zfbs"",""cpu_m"":508,""mem_b"":789315278,""priority"":""2"",""node"":""kwok-node-19""},{""name"":""rs-05-p2-s4mm4"",""cpu_m"":508,""mem_b"":789315278,""priority"":""2"",""node"":""kwok-node-16""},{""name"":""rs-06-p3-mdt5b"",""cpu_m"":918,""mem_b"":761433390,""priority"":""3"",""node"":""kwok-node-21""},{""name"":""rs-06-p3-ws6rm"",""cpu_m"":918,""mem_b"":761433390,""priority"":""3"",""node"":""kwok-node-17""},{""name"":""rs-07-p2-6v5mb"",""cpu_m"":343,""mem_b"":928147147,""priority"":""2"",""node"":""kwok-node-14""},{""name"":""rs-07-p2-b5skg"",""cpu_m"":343,""mem_b"":928147147,""priority"":""2"",""node"":""kwok-node-22""},{""name"":""rs-07-p2-qm8vc"",""cpu_m"":343,""mem_b"":928147147,""priority"":""2"",""node"":""kwok-node-2""},{""name"":""rs-08-p1-jtwjr"",""cpu_m"":840,""mem_b"":516640330,""priority"":""1"",""node"":""kwok-node-20""},{""name"":""rs-09-p1-7n6z8"",""cpu_m"":716,""mem_b"":681569555,""priority"":""1"",""node"":""""},{""name"":""rs-09-p1-jhl89"",""cpu_m"":716,""mem_b"":681569555,""priority"":""1"",""node"":""kwok-node-25""},{""name"":""rs-10-p4-hwwtt"",""cpu_m"":936,""mem_b"":424333806,""priority"":""4"",""node"":""kwok-node-29""},{""name"":""rs-11-p2-xxkx2"",""cpu_m"":560,""mem_b"":671355053,""priority"":""2"",""node"":""kwok-node-26""},{""name"":""rs-12-p1-bltn7"",""cpu_m"":551,""mem_b"":709251572,""priority"":""1"",""node"":""""},{""name"":""rs-13-p4-88vk4"",""cpu_m"":666,""mem_b"":175354299,""priority"":""4"",""node"":""kwok-node-7""},{""name"":""rs-13-p4-qnhsc"",""cpu_m"":666,""mem_b"":175354299,""priority"":""4"",""node"":""kwok-node-25""},{""name"":""rs-13-p4-xcnw4"",""cpu_m"":666,""mem_b"":175354299,""priority"":""4"",""node"":""kwok-node-9""},{""name"":""rs-14-p4-6rzx7"",""cpu_m"":673,""mem_b"":598910176,""priority"":""4"",""node"":""kwok-node-6""},{""name"":""rs-14-p4-9dlws"",""cpu_m"":673,""mem_b"":598910176,""priority"":""4"",""node"":""kwok-node-31""},{""name"":""rs-14-p4-9kpwg"",""cpu_m"":673,""mem_b"":598910176,""priority"":""4"",""node"":""kwok-node-27""},{""name"":""rs-15-p4-7q8pr"",""cpu_m"":898,""mem_b"":797938869,""priority"":""4"",""node"":""kwok-node-8""},{""name"":""rs-16-p2-qj48w"",""cpu_m"":939,""mem_b"":923216811,""priority"":""2"",""node"":""kwok-node-5""},{""name"":""rs-17-p4-b6cnh"",""cpu_m"":364,""mem_b"":328414678,""priority"":""4"",""node"":""kwok-node-4""},{""name"":""rs-17-p4-qfxh6"",""cpu_m"":364,""mem_b"":328414678,""priority"":""4"",""node"":""kwok-node-3""},{""name"":""rs-18-p3-ppb7b"",""cpu_m"":215,""mem_b"":497300985,""priority"":""3"",""node"":""kwok-node-23""},{""name"":""rs-19-p1-2s9vx"",""cpu_m"":885,""mem_b"":382495333,""priority"":""1"",""node"":""kwok-node-3""},{""name"":""rs-19-p1-ms2zv"",""cpu_m"":885,""mem_b"":382495333,""priority"":""1"",""node"":""kwok-node-22""},{""name"":""rs-19-p1-wjs6x"",""cpu_m"":885,""mem_b"":382495333,""priority"":""1"",""node"":""""},{""name"":""rs-20-p4-tmhkx"",""cpu_m"":467,""mem_b"":184810922,""priority"":""4"",""node"":""kwok-node-19""},{""name"":""rs-21-p1-2h945"",""cpu_m"":735,""mem_b"":332944238,""priority"":""1"",""node"":""""},{""name"":""rs-22-p4-6zh8z"",""cpu_m"":517,""mem_b"":230913104,""priority"":""4"",""node"":""kwok-node-11""},{""name"":""rs-22-p4-7c7np"",""cpu_m"":517,""mem_b"":230913104,""priority"":""4"",""node"":""kwok-node-12""},{""name"":""rs-22-p4-hvflw"",""cpu_m"":517,""mem_b"":230913104,""priority"":""4"",""node"":""kwok-node-32""},{""name"":""rs-22-p4-w7ln8"",""cpu_m"":517,""mem_b"":230913104,""priority"":""4"",""node"":""kwok-node-1""},{""name"":""rs-23-p2-tmbsb"",""cpu_m"":659,""mem_b"":803293104,""priority"":""2"",""node"":""kwok-node-7""},{""name"":""rs-23-p2-vzmhn"",""cpu_m"":659,""mem_b"":803293104,""priority"":""2"",""node"":""kwok-node-20""},{""name"":""rs-23-p2-zhz5f"",""cpu_m"":659,""mem_b"":803293104,""priority"":""2"",""node"":""kwok-node-9""},{""name"":""rs-24-p3-cdc92"",""cpu_m"":303,""mem_b"":969637304,""priority"":""3"",""node"":""kwok-node-25""},{""name"":""rs-24-p3-vhrcj"",""cpu_m"":303,""mem_b"":969637304,""priority"":""3"",""node"":""kwok-node-29""},{""name"":""rs-25-p2-rhgxc"",""cpu_m"":341,""mem_b"":692903521,""priority"":""2"",""node"":""kwok-node-2""},{""name"":""rs-26-p2-6lw7d"",""cpu_m"":908,""mem_b"":779026234,""priority"":""2"",""node"":""kwok-node-26""},{""name"":""rs-26-p2-gkh6l"",""cpu_m"":908,""mem_b"":779026234,""priority"":""2"",""node"":""kwok-node-27""},{""name"":""rs-26-p2-j5wgk"",""cpu_m"":908,""mem_b"":779026234,""priority"":""2"",""node"":""kwok-node-31""},{""name"":""rs-26-p2-rlwk4"",""cpu_m"":908,""mem_b"":779026234,""priority"":""2"",""node"":""kwok-node-6""},{""name"":""rs-27-p4-9nwcr"",""cpu_m"":336,""mem_b"":785622657,""priority"":""4"",""node"":""kwok-node-30""},{""name"":""rs-27-p4-r5dgf"",""cpu_m"":336,""mem_b"":785622657,""priority"":""4"",""node"":""kwok-node-24""},{""name"":""rs-28-p1-5bwx5"",""cpu_m"":949,""mem_b"":595137805,""priority"":""1"",""node"":""""},{""name"":""rs-28-p1-f9vpq"",""cpu_m"":949,""mem_b"":595137805,""priority"":""1"",""node"":""""},{""name"":""rs-28-p1-t2jlr"",""cpu_m"":949,""mem_b"":595137805,""priority"":""1"",""node"":""""},{""name"":""rs-28-p1-xfvzg"",""cpu_m"":949,""mem_b"":595137805,""priority"":""1"",""node"":""""},{""name"":""rs-29-p2-46x6k"",""cpu_m"":326,""mem_b"":813407367,""priority"":""2"",""node"":""kwok-node-21""},{""name"":""rs-29-p2-dlqkx"",""cpu_m"":326,""mem_b"":813407367,""priority"":""2"",""node"":""kwok-node-23""},{""name"":""rs-29-p2-qxqjb"",""cpu_m"":326,""mem_b"":813407367,""priority"":""2"",""node"":""kwok-node-17""},{""name"":""rs-29-p2-sgvkb"",""cpu_m"":326,""mem_b"":813407367,""priority"":""2"",""node"":""kwok-node-4""},{""name"":""rs-30-p2-f7x5h"",""cpu_m"":826,""mem_b"":404334918,""priority"":""2"",""node"":""kwok-node-18""},{""name"":""rs-30-p2-nl74z"",""cpu_m"":826,""mem_b"":404334918,""priority"":""2"",""node"":""kwok-node-8""},{""name"":""rs-31-p3-dmvjg"",""cpu_m"":726,""mem_b"":803304281,""priority"":""3"",""node"":""kwok-node-5""},{""name"":""rs-31-p3-fgflx"",""cpu_m"":726,""mem_b"":803304281,""priority"":""3"",""node"":""kwok-node-32""},{""name"":""rs-31-p3-g8vff"",""cpu_m"":726,""mem_b"":803304281,""priority"":""3"",""node"":""kwok-node-10""},{""name"":""rs-31-p3-sxnsh"",""cpu_m"":726,""mem_b"":803304281,""priority"":""3"",""node"":""kwok-node-19""},{""name"":""rs-32-p3-79jbj"",""cpu_m"":560,""mem_b"":447439094,""priority"":""3"",""node"":""kwok-node-25""},{""name"":""rs-32-p3-pss28"",""cpu_m"":560,""mem_b"":447439094,""priority"":""3"",""node"":""kwok-node-11""},{""name"":""rs-32-p3-v89bd"",""cpu_m"":560,""mem_b"":447439094,""priority"":""3"",""node"":""kwok-node-1""},{""name"":""rs-32-p3-w22js"",""cpu_m"":560,""mem_b"":447439094,""priority"":""3"",""node"":""kwok-node-12""},{""name"":""rs-33-p1-8t8hg"",""cpu_m"":668,""mem_b"":551823206,""priority"":""1"",""node"":""kwok-node-24""},{""name"":""rs-33-p1-gpw72"",""cpu_m"":668,""mem_b"":551823206,""priority"":""1"",""node"":""""},{""name"":""rs-34-p3-b2xww"",""cpu_m"":342,""mem_b"":694083597,""priority"":""3"",""node"":""kwok-node-3""},{""name"":""rs-34-p3-rrqsn"",""cpu_m"":342,""mem_b"":694083597,""priority"":""3"",""node"":""kwok-node-9""},{""name"":""rs-35-p4-247pr"",""cpu_m"":314,""mem_b"":815285860,""priority"":""4"",""node"":""kwok-node-7""},{""name"":""rs-36-p1-9sb4x"",""cpu_m"":395,""mem_b"":962042702,""priority"":""1"",""node"":""""},{""name"":""rs-36-p1-nmpgm"",""cpu_m"":395,""mem_b"":962042702,""priority"":""1"",""node"":""""},{""name"":""rs-37-p4-4blm7"",""cpu_m"":665,""mem_b"":598972376,""priority"":""4"",""node"":""kwok-node-30""},{""name"":""rs-37-p4-cs8w8"",""cpu_m"":665,""mem_b"":598972376,""priority"":""4"",""node"":""kwok-node-29""},{""name"":""rs-37-p4-d8h45"",""cpu_m"":665,""mem_b"":598972376,""priority"":""4"",""node"":""kwok-node-22""},{""name"":""rs-37-p4-wp98v"",""cpu_m"":665,""mem_b"":598972376,""priority"":""4"",""node"":""kwok-node-2""},{""name"":""rs-38-p4-54nq5"",""cpu_m"":573,""mem_b"":243974172,""priority"":""4"",""node"":""kwok-node-23""},{""name"":""rs-38-p4-7p6vh"",""cpu_m"":573,""mem_b"":243974172,""priority"":""4"",""node"":""kwok-node-14""},{""name"":""rs-38-p4-k2kqg"",""cpu_m"":573,""mem_b"":243974172,""priority"":""4"",""node"":""kwok-node-21""},{""name"":""rs-38-p4-p9dhx"",""cpu_m"":573,""mem_b"":243974172,""priority"":""4"",""node"":""kwok-node-17""},{""name"":""rs-39-p1-5w4xl"",""cpu_m"":200,""mem_b"":201600637,""priority"":""1"",""node"":""kwok-node-21""},{""name"":""rs-39-p1-9lbp5"",""cpu_m"":200,""mem_b"":201600637,""priority"":""1"",""node"":""kwok-node-26""},{""name"":""rs-39-p1-pgclj"",""cpu_m"":200,""mem_b"":201600637,""priority"":""1"",""node"":""kwok-node-29""},{""name"":""rs-39-p1-zwqs7"",""cpu_m"":200,""mem_b"":201600637,""priority"":""1"",""node"":""kwok-node-7""},{""name"":""rs-40-p4-hjfzm"",""cpu_m"":363,""mem_b"":860408824,""priority"":""4"",""node"":""kwok-node-28""},{""name"":""rs-40-p4-kvgdt"",""cpu_m"":363,""mem_b"":860408824,""priority"":""4"",""node"":""kwok-node-18""},{""name"":""rs-40-p4-rsgbh"",""cpu_m"":363,""mem_b"":860408824,""priority"":""4"",""node"":""kwok-node-8""},{""name"":""rs-41-p4-4f6xf"",""cpu_m"":450,""mem_b"":662718182,""priority"":""4"",""node"":""kwok-node-27""},{""name"":""rs-41-p4-nj75v"",""cpu_m"":450,""mem_b"":662718182,""priority"":""4"",""node"":""kwok-node-31""},{""name"":""rs-41-p4-z62v9"",""cpu_m"":450,""mem_b"":662718182,""priority"":""4"",""node"":""kwok-node-3""},{""name"":""rs-42-p3-4hwk9"",""cpu_m"":326,""mem_b"":785462512,""priority"":""3"",""node"":""kwok-node-1""},{""name"":""rs-42-p3-5q6v5"",""cpu_m"":326,""mem_b"":785462512,""priority"":""3"",""node"":""kwok-node-11""},{""name"":""rs-42-p3-n9hsj"",""cpu_m"":326,""mem_b"":785462512,""priority"":""3"",""node"":""kwok-node-6""},{""name"":""rs-42-p3-sqvs8"",""cpu_m"":326,""mem_b"":785462512,""priority"":""3"",""node"":""kwok-node-12""},{""name"":""rs-43-p4-9c6f4"",""cpu_m"":655,""mem_b"":642234550,""priority"":""4"",""node"":""kwok-node-9""},{""name"":""rs-43-p4-mp4sn"",""cpu_m"":655,""mem_b"":642234550,""priority"":""4"",""node"":""kwok-node-26""},{""name"":""rs-43-p4-qhqg8"",""cpu_m"":655,""mem_b"":642234550,""priority"":""4"",""node"":""kwok-node-10""},{""name"":""rs-44-p4-4w8d2"",""cpu_m"":980,""mem_b"":127112260,""priority"":""4"",""node"":""kwok-node-24""},{""name"":""rs-44-p4-dx9kt"",""cpu_m"":980,""mem_b"":127112260,""priority"":""4"",""node"":""kwok-node-2""},{""name"":""rs-44-p4-g6kz2"",""cpu_m"":980,""mem_b"":127112260,""priority"":""4"",""node"":""kwok-node-4""},{""name"":""rs-44-p4-jmrn9"",""cpu_m"":980,""mem_b"":127112260,""priority"":""4"",""node"":""kwok-node-23""},{""name"":""rs-45-p3-8j785"",""cpu_m"":715,""mem_b"":920369588,""priority"":""3"",""node"":""kwok-node-13""},{""name"":""rs-45-p3-fdpdc"",""cpu_m"":715,""mem_b"":920369588,""priority"":""3"",""node"":""kwok-node-30""},{""name"":""rs-45-p3-q8b92"",""cpu_m"":715,""mem_b"":920369588,""priority"":""3"",""node"":""kwok-node-15""},{""name"":""rs-46-p2-c2d5l"",""cpu_m"":621,""mem_b"":918679577,""priority"":""2"",""node"":""kwok-node-4""},{""name"":""rs-46-p2-j42qg"",""cpu_m"":621,""mem_b"":918679577,""priority"":""2"",""node"":""kwok-node-28""},{""name"":""rs-46-p2-qw6r7"",""cpu_m"":621,""mem_b"":918679577,""priority"":""2"",""node"":""kwok-node-16""},{""name"":""rs-46-p2-zshsk"",""cpu_m"":621,""mem_b"":918679577,""priority"":""2"",""node"":""kwok-node-14""},{""name"":""rs-47-p1-65hmj"",""cpu_m"":690,""mem_b"":833500321,""priority"":""1"",""node"":""""},{""name"":""rs-47-p1-7nfpq"",""cpu_m"":690,""mem_b"":833500321,""priority"":""1"",""node"":""""},{""name"":""rs-47-p1-fv5cc"",""cpu_m"":690,""mem_b"":833500321,""priority"":""1"",""node"":""""},{""name"":""rs-48-p4-6rwwk"",""cpu_m"":654,""mem_b"":914094676,""priority"":""4"",""node"":""kwok-node-32""},{""name"":""rs-48-p4-9kbpz"",""cpu_m"":654,""mem_b"":914094676,""priority"":""4"",""node"":""kwok-node-15""},{""name"":""rs-48-p4-tvqqd"",""cpu_m"":654,""mem_b"":914094676,""priority"":""4"",""node"":""kwok-node-20""},{""name"":""rs-49-p4-2hd9z"",""cpu_m"":766,""mem_b"":249006931,""priority"":""4"",""node"":""kwok-node-14""},{""name"":""rs-50-p4-c5xkl"",""cpu_m"":984,""mem_b"":452204114,""priority"":""4"",""node"":""kwok-node-13""},{""name"":""rs-50-p4-dz9wj"",""cpu_m"":984,""mem_b"":452204114,""priority"":""4"",""node"":""kwok-node-16""},{""name"":""rs-50-p4-m6dpx"",""cpu_m"":984,""mem_b"":452204114,""priority"":""4"",""node"":""kwok-node-28""},{""name"":""rs-51-p1-kpnj4"",""cpu_m"":941,""mem_b"":457873031,""priority"":""1"",""node"":""""},{""name"":""rs-52-p2-67kj2"",""cpu_m"":139,""mem_b"":835453505,""priority"":""2"",""node"":""kwok-node-24""},{""name"":""rs-53-p4-wmwzb"",""cpu_m"":350,""mem_b"":172911964,""priority"":""4"",""node"":""kwok-node-7""}]","[{""name"":""rs-01-p3-4zdd8"",""cpu_m"":848,""mem_b"":466005816,""priority"":""3"",""node"":""kwok-node-15""},{""name"":""rs-02-p3-c6f98"",""cpu_m"":529,""mem_b"":871729912,""priority"":""3"",""node"":""kwok-node-13""},{""name"":""rs-02-p3-gmq9c"",""cpu_m"":529,""mem_b"":871729912,""priority"":""3"",""node"":""kwok-node-11""},{""name"":""rs-02-p3-p6vrh"",""cpu_m"":529,""mem_b"":871729912,""priority"":""3"",""node"":""kwok-node-12""},{""name"":""rs-02-p3-txtrc"",""cpu_m"":529,""mem_b"":871729912,""priority"":""3"",""node"":""kwok-node-1""},{""name"":""rs-03-p3-47pj6"",""cpu_m"":899,""mem_b"":864522044,""priority"":""3"",""node"":""kwok-node-10""},{""name"":""rs-03-p3-g6c4z"",""cpu_m"":899,""mem_b"":864522044,""priority"":""3"",""node"":""kwok-node-18""},{""name"":""rs-04-p1-hljtl"",""cpu_m"":555,""mem_b"":253587209,""priority"":""1"",""node"":""kwok-node-20""},{""name"":""rs-04-p1-z72xf"",""cpu_m"":555,""mem_b"":253587209,""priority"":""1"",""node"":""kwok-node-23""},{""name"":""rs-05-p2-9zfbs"",""cpu_m"":508,""mem_b"":789315278,""priority"":""2"",""node"":""kwok-node-19""},{""name"":""rs-05-p2-s4mm4"",""cpu_m"":508,""mem_b"":789315278,""priority"":""2"",""node"":""kwok-node-16""},{""name"":""rs-06-p3-mdt5b"",""cpu_m"":918,""mem_b"":761433390,""priority"":""3"",""node"":""kwok-node-21""},{""name"":""rs-06-p3-ws6rm"",""cpu_m"":918,""mem_b"":761433390,""priority"":""3"",""node"":""kwok-node-17""},{""name"":""rs-07-p2-6v5mb"",""cpu_m"":343,""mem_b"":928147147,""priority"":""2"",""node"":""kwok-node-14""},{""name"":""rs-07-p2-b5skg"",""cpu_m"":343,""mem_b"":928147147,""priority"":""2"",""node"":""kwok-node-22""},{""name"":""rs-07-p2-qm8vc"",""cpu_m"":343,""mem_b"":928147147,""priority"":""2"",""node"":""kwok-node-2""},{""name"":""rs-08-p1-m47w5"",""cpu_m"":840,""mem_b"":516640330,""priority"":""1"",""node"":""kwok-node-24""},{""name"":""rs-09-p1-8vrcd"",""cpu_m"":716,""mem_b"":681569555,""priority"":""1"",""node"":""kwok-node-30""},{""name"":""rs-09-p1-h6mh5"",""cpu_m"":716,""mem_b"":681569555,""priority"":""1"",""node"":""kwok-node-28""},{""name"":""rs-10-p4-hwwtt"",""cpu_m"":936,""mem_b"":424333806,""priority"":""4"",""node"":""kwok-node-29""},{""name"":""rs-11-p2-xxkx2"",""cpu_m"":560,""mem_b"":671355053,""priority"":""2"",""node"":""kwok-node-26""},{""name"":""rs-12-p1-df5vw"",""cpu_m"":551,""mem_b"":709251572,""priority"":""1"",""node"":""kwok-node-32""},{""name"":""rs-13-p4-88vk4"",""cpu_m"":666,""mem_b"":175354299,""priority"":""4"",""node"":""kwok-node-7""},{""name"":""rs-13-p4-qnhsc"",""cpu_m"":666,""mem_b"":175354299,""priority"":""4"",""node"":""kwok-node-25""},{""name"":""rs-13-p4-xcnw4"",""cpu_m"":666,""mem_b"":175354299,""priority"":""4"",""node"":""kwok-node-9""},{""name"":""rs-14-p4-6rzx7"",""cpu_m"":673,""mem_b"":598910176,""priority"":""4"",""node"":""kwok-node-6""},{""name"":""rs-14-p4-9dlws"",""cpu_m"":673,""mem_b"":598910176,""priority"":""4"",""node"":""kwok-node-31""},{""name"":""rs-14-p4-9kpwg"",""cpu_m"":673,""mem_b"":598910176,""priority"":""4"",""node"":""kwok-node-27""},{""name"":""rs-15-p4-7q8pr"",""cpu_m"":898,""mem_b"":797938869,""priority"":""4"",""node"":""kwok-node-8""},{""name"":""rs-16-p2-qj48w"",""cpu_m"":939,""mem_b"":923216811,""priority"":""2"",""node"":""kwok-node-5""},{""name"":""rs-17-p4-b6cnh"",""cpu_m"":364,""mem_b"":328414678,""priority"":""4"",""node"":""kwok-node-4""},{""name"":""rs-17-p4-qfxh6"",""cpu_m"":364,""mem_b"":328414678,""priority"":""4"",""node"":""kwok-node-3""},{""name"":""rs-18-p3-ppb7b"",""cpu_m"":215,""mem_b"":497300985,""priority"":""3"",""node"":""kwok-node-23""},{""name"":""rs-19-p1-2s9vx"",""cpu_m"":885,""mem_b"":382495333,""priority"":""1"",""node"":""kwok-node-3""},{""name"":""rs-19-p1-bcmxr"",""cpu_m"":885,""mem_b"":382495333,""priority"":""1"",""node"":""kwok-node-4""},{""name"":""rs-19-p1-ms2zv"",""cpu_m"":885,""mem_b"":382495333,""priority"":""1"",""node"":""kwok-node-22""},{""name"":""rs-20-p4-tmhkx"",""cpu_m"":467,""mem_b"":184810922,""priority"":""4"",""node"":""kwok-node-19""},{""name"":""rs-21-p1-djspl"",""cpu_m"":735,""mem_b"":332944238,""priority"":""1"",""node"":""kwok-node-16""},{""name"":""rs-22-p4-6zh8z"",""cpu_m"":517,""mem_b"":230913104,""priority"":""4"",""node"":""kwok-node-11""},{""name"":""rs-22-p4-7c7np"",""cpu_m"":517,""mem_b"":230913104,""priority"":""4"",""node"":""kwok-node-12""},{""name"":""rs-22-p4-hvflw"",""cpu_m"":517,""mem_b"":230913104,""priority"":""4"",""node"":""kwok-node-32""},{""name"":""rs-22-p4-w7ln8"",""cpu_m"":517,""mem_b"":230913104,""priority"":""4"",""node"":""kwok-node-1""},{""name"":""rs-23-p2-tmbsb"",""cpu_m"":659,""mem_b"":803293104,""priority"":""2"",""node"":""kwok-node-7""},{""name"":""rs-23-p2-vzmhn"",""cpu_m"":659,""mem_b"":803293104,""priority"":""2"",""node"":""kwok-node-20""},{""name"":""rs-23-p2-zhz5f"",""cpu_m"":659,""mem_b"":803293104,""priority"":""2"",""node"":""kwok-node-9""},{""name"":""rs-24-p3-cdc92"",""cpu_m"":303,""mem_b"":969637304,""priority"":""3"",""node"":""kwok-node-25""},{""name"":""rs-24-p3-vhrcj"",""cpu_m"":303,""mem_b"":969637304,""priority"":""3"",""node"":""kwok-node-29""},{""name"":""rs-25-p2-mrkqw"",""cpu_m"":341,""mem_b"":692903521,""priority"":""2"",""node"":""kwok-node-15""},{""name"":""rs-26-p2-6lw7d"",""cpu_m"":908,""mem_b"":779026234,""priority"":""2"",""node"":""kwok-node-26""},{""name"":""rs-26-p2-gkh6l"",""cpu_m"":908,""mem_b"":779026234,""priority"":""2"",""node"":""kwok-node-27""},{""name"":""rs-26-p2-j5wgk"",""cpu_m"":908,""mem_b"":779026234,""priority"":""2"",""node"":""kwok-node-31""},{""name"":""rs-26-p2-rlwk4"",""cpu_m"":908,""mem_b"":779026234,""priority"":""2"",""node"":""kwok-node-6""},{""name"":""rs-27-p4-9nwcr"",""cpu_m"":336,""mem_b"":785622657,""priority"":""4"",""node"":""kwok-node-30""},{""name"":""rs-27-p4-r5dgf"",""cpu_m"":336,""mem_b"":785622657,""priority"":""4"",""node"":""kwok-node-24""},{""name"":""rs-28-p1-9sxg2"",""cpu_m"":949,""mem_b"":595137805,""priority"":""1"",""node"":""kwok-node-13""},{""name"":""rs-28-p1-bffvn"",""cpu_m"":949,""mem_b"":595137805,""priority"":""1"",""node"":""kwok-node-28""},{""name"":""rs-28-p1-d2jwx"",""cpu_m"":949,""mem_b"":595137805,""priority"":""1"",""node"":""kwok-node-14""},{""name"":""rs-28-p1-ldqxp"",""cpu_m"":949,""mem_b"":595137805,""priority"":""1"",""node"":""kwok-node-2""},{""name"":""rs-29-p2-46x6k"",""cpu_m"":326,""mem_b"":813407367,""priority"":""2"",""node"":""kwok-node-21""},{""name"":""rs-29-p2-dlqkx"",""cpu_m"":326,""mem_b"":813407367,""priority"":""2"",""node"":""kwok-node-23""},{""name"":""rs-29-p2-qxqjb"",""cpu_m"":326,""mem_b"":813407367,""priority"":""2"",""node"":""kwok-node-17""},{""name"":""rs-29-p2-sgvkb"",""cpu_m"":326,""mem_b"":813407367,""priority"":""2"",""node"":""kwok-node-4""},{""name"":""rs-30-p2-f7x5h"",""cpu_m"":826,""mem_b"":404334918,""priority"":""2"",""node"":""kwok-node-18""},{""name"":""rs-30-p2-nl74z"",""cpu_m"":826,""mem_b"":404334918,""priority"":""2"",""node"":""kwok-node-8""},{""name"":""rs-31-p3-dmvjg"",""cpu_m"":726,""mem_b"":803304281,""priority"":""3"",""node"":""kwok-node-5""},{""name"":""rs-31-p3-fgflx"",""cpu_m"":726,""mem_b"":803304281,""priority"":""3"",""node"":""kwok-node-32""},{""name"":""rs-31-p3-g8vff"",""cpu_m"":726,""mem_b"":803304281,""priority"":""3"",""node"":""kwok-node-10""},{""name"":""rs-31-p3-sxnsh"",""cpu_m"":726,""mem_b"":803304281,""priority"":""3"",""node"":""kwok-node-19""},{""name"":""rs-32-p3-79jbj"",""cpu_m"":560,""mem_b"":447439094,""priority"":""3"",""node"":""kwok-node-25""},{""name"":""rs-32-p3-pss28"",""cpu_m"":560,""mem_b"":447439094,""priority"":""3"",""node"":""kwok-node-11""},{""name"":""rs-32-p3-v89bd"",""cpu_m"":560,""mem_b"":447439094,""priority"":""3"",""node"":""kwok-node-1""},{""name"":""rs-32-p3-w22js"",""cpu_m"":560,""mem_b"":447439094,""priority"":""3"",""node"":""kwok-node-12""},{""name"":""rs-33-p1-8t8hg"",""cpu_m"":668,""mem_b"":551823206,""priority"":""1"",""node"":""kwok-node-24""},{""name"":""rs-33-p1-nzhsd"",""cpu_m"":668,""mem_b"":551823206,""priority"":""1"",""node"":""kwok-node-15""},{""name"":""rs-34-p3-b2xww"",""cpu_m"":342,""mem_b"":694083597,""priority"":""3"",""node"":""kwok-node-3""},{""name"":""rs-34-p3-rrqsn"",""cpu_m"":342,""mem_b"":694083597,""priority"":""3"",""node"":""kwok-node-9""},{""name"":""rs-35-p4-247pr"",""cpu_m"":314,""mem_b"":815285860,""priority"":""4"",""node"":""kwok-node-7""},{""name"":""rs-36-p1-t8xgz"",""cpu_m"":395,""mem_b"":962042702,""priority"":""1"",""node"":""kwok-node-16""},{""name"":""rs-36-p1-x4c7m"",""cpu_m"":395,""mem_b"":962042702,""priority"":""1"",""node"":""kwok-node-20""},{""name"":""rs-37-p4-4blm7"",""cpu_m"":665,""mem_b"":598972376,""priority"":""4"",""node"":""kwok-node-30""},{""name"":""rs-37-p4-cs8w8"",""cpu_m"":665,""mem_b"":598972376,""priority"":""4"",""node"":""kwok-node-29""},{""name"":""rs-37-p4-d8h45"",""cpu_m"":665,""mem_b"":598972376,""priority"":""4"",""node"":""kwok-node-22""},{""name"":""rs-37-p4-wp98v"",""cpu_m"":665,""mem_b"":598972376,""priority"":""4"",""node"":""kwok-node-2""},{""name"":""rs-38-p4-54nq5"",""cpu_m"":573,""mem_b"":243974172,""priority"":""4"",""node"":""kwok-node-23""},{""name"":""rs-38-p4-7p6vh"",""cpu_m"":573,""mem_b"":243974172,""priority"":""4"",""node"":""kwok-node-14""},{""name"":""rs-38-p4-k2kqg"",""cpu_m"":573,""mem_b"":243974172,""priority"":""4"",""node"":""kwok-node-21""},{""name"":""rs-38-p4-p9dhx"",""cpu_m"":573,""mem_b"":243974172,""priority"":""4"",""node"":""kwok-node-17""},{""name"":""rs-39-p1-7zmrq"",""cpu_m"":200,""mem_b"":201600637,""priority"":""1"",""node"":""kwok-node-4""},{""name"":""rs-39-p1-9l4pg"",""cpu_m"":200,""mem_b"":201600637,""priority"":""1"",""node"":""kwok-node-13""},{""name"":""rs-39-p1-9lbp5"",""cpu_m"":200,""mem_b"":201600637,""priority"":""1"",""node"":""kwok-node-26""},{""name"":""rs-39-p1-w555j"",""cpu_m"":200,""mem_b"":201600637,""priority"":""1"",""node"":""kwok-node-25""},{""name"":""rs-40-p4-hjfzm"",""cpu_m"":363,""mem_b"":860408824,""priority"":""4"",""node"":""kwok-node-28""},{""name"":""rs-40-p4-kvgdt"",""cpu_m"":363,""mem_b"":860408824,""priority"":""4"",""node"":""kwok-node-18""},{""name"":""rs-40-p4-rsgbh"",""cpu_m"":363,""mem_b"":860408824,""priority"":""4"",""node"":""kwok-node-8""},{""name"":""rs-41-p4-4f6xf"",""cpu_m"":450,""mem_b"":662718182,""priority"":""4"",""node"":""kwok-node-27""},{""name"":""rs-41-p4-nj75v"",""cpu_m"":450,""mem_b"":662718182,""priority"":""4"",""node"":""kwok-node-31""},{""name"":""rs-41-p4-z62v9"",""cpu_m"":450,""mem_b"":662718182,""priority"":""4"",""node"":""kwok-node-3""},{""name"":""rs-42-p3-4hwk9"",""cpu_m"":326,""mem_b"":785462512,""priority"":""3"",""node"":""kwok-node-1""},{""name"":""rs-42-p3-5q6v5"",""cpu_m"":326,""mem_b"":785462512,""priority"":""3"",""node"":""kwok-node-11""},{""name"":""rs-42-p3-n9hsj"",""cpu_m"":326,""mem_b"":785462512,""priority"":""3"",""node"":""kwok-node-6""},{""name"":""rs-42-p3-sqvs8"",""cpu_m"":326,""mem_b"":785462512,""priority"":""3"",""node"":""kwok-node-12""},{""name"":""rs-43-p4-9c6f4"",""cpu_m"":655,""mem_b"":642234550,""priority"":""4"",""node"":""kwok-node-9""},{""name"":""rs-43-p4-mp4sn"",""cpu_m"":655,""mem_b"":642234550,""priority"":""4"",""node"":""kwok-node-26""},{""name"":""rs-43-p4-qhqg8"",""cpu_m"":655,""mem_b"":642234550,""priority"":""4"",""node"":""kwok-node-10""},{""name"":""rs-44-p4-4w8d2"",""cpu_m"":980,""mem_b"":127112260,""priority"":""4"",""node"":""""},{""name"":""rs-44-p4-dx9kt"",""cpu_m"":980,""mem_b"":127112260,""priority"":""4"",""node"":""""},{""name"":""rs-44-p4-g6kz2"",""cpu_m"":980,""mem_b"":127112260,""priority"":""4"",""node"":""""},{""name"":""rs-44-p4-jmrn9"",""cpu_m"":980,""mem_b"":127112260,""priority"":""4"",""node"":""""},{""name"":""rs-45-p3-8j785"",""cpu_m"":715,""mem_b"":920369588,""priority"":""3"",""node"":""""},{""name"":""rs-45-p3-fdpdc"",""cpu_m"":715,""mem_b"":920369588,""priority"":""3"",""node"":""""},{""name"":""rs-45-p3-q8b92"",""cpu_m"":715,""mem_b"":920369588,""priority"":""3"",""node"":""""},{""name"":""rs-46-p2-c2d5l"",""cpu_m"":621,""mem_b"":918679577,""priority"":""2"",""node"":""""},{""name"":""rs-46-p2-j42qg"",""cpu_m"":621,""mem_b"":918679577,""priority"":""2"",""node"":""""},{""name"":""rs-46-p2-qw6r7"",""cpu_m"":621,""mem_b"":918679577,""priority"":""2"",""node"":""""},{""name"":""rs-46-p2-zshsk"",""cpu_m"":621,""mem_b"":918679577,""priority"":""2"",""node"":""""},{""name"":""rs-47-p1-65hmj"",""cpu_m"":690,""mem_b"":833500321,""priority"":""1"",""node"":""""},{""name"":""rs-47-p1-7nfpq"",""cpu_m"":690,""mem_b"":833500321,""priority"":""1"",""node"":""""},{""name"":""rs-47-p1-fv5cc"",""cpu_m"":690,""mem_b"":833500321,""priority"":""1"",""node"":""""},{""name"":""rs-48-p4-6rwwk"",""cpu_m"":654,""mem_b"":914094676,""priority"":""4"",""node"":""""},{""name"":""rs-48-p4-9kbpz"",""cpu_m"":654,""mem_b"":914094676,""priority"":""4"",""node"":""""},{""name"":""rs-48-p4-tvqqd"",""cpu_m"":654,""mem_b"":914094676,""priority"":""4"",""node"":""""},{""name"":""rs-49-p4-2hd9z"",""cpu_m"":766,""mem_b"":249006931,""priority"":""4"",""node"":""""},{""name"":""rs-50-p4-c5xkl"",""cpu_m"":984,""mem_b"":452204114,""priority"":""4"",""node"":""""},{""name"":""rs-50-p4-dz9wj"",""cpu_m"":984,""mem_b"":452204114,""priority"":""4"",""node"":""""},{""name"":""rs-50-p4-m6dpx"",""cpu_m"":984,""mem_b"":452204114,""priority"":""4"",""node"":""""},{""name"":""rs-51-p1-kpnj4"",""cpu_m"":941,""mem_b"":457873031,""priority"":""1"",""node"":""""},{""name"":""rs-52-p2-67kj2"",""cpu_m"":139,""mem_b"":835453505,""priority"":""2"",""node"":""""},{""name"":""rs-53-p4-wmwzb"",""cpu_m"":350,""mem_b"":172911964,""priority"":""4"",""node"":""kwok-node-7""}]","[{""name"":""kwok-node-1"",""cap_cpu_m"":2329,""cap_mem_bytes"":2352030791},{""name"":""kwok-node-2"",""cap_cpu_m"":2329,""cap_mem_bytes"":2352030791},{""name"":""kwok-node-3"",""cap_cpu_m"":2329,""cap_mem_bytes"":2352030791},{""name"":""kwok-node-4"",""cap_cpu_m"":2329,""cap_mem_bytes"":2352030791},{""name"":""kwok-node-5"",""cap_cpu_m"":2329,""cap_mem_bytes"":2352030791},{""name"":""kwok-node-6"",""cap_cpu_m"":2329,""cap_mem_bytes"":2352030791},{""name"":""kwok-node-7"",""cap_cpu_m"":2329,""cap_mem_bytes"":2352030791},{""name"":""kwok-node-8"",""cap_cpu_m"":2329,""cap_mem_bytes"":2352030791},{""name"":""kwok-node-9"",""cap_cpu_m"":2329,""cap_mem_bytes"":2352030791},{""name"":""kwok-node-10"",""cap_cpu_m"":2329,""cap_mem_bytes"":2352030791},{""name"":""kwok-node-11"",""cap_cpu_m"":2329,""cap_mem_bytes"":2352030791},{""name"":""kwok-node-12"",""cap_cpu_m"":2329,""cap_mem_bytes"":2352030791},{""name"":""kwok-node-13"",""cap_cpu_m"":2329,""cap_mem_bytes"":2352030791},{""name"":""kwok-node-14"",""cap_cpu_m"":2329,""cap_mem_bytes"":2352030791},{""name"":""kwok-node-15"",""cap_cpu_m"":2329,""cap_mem_bytes"":2352030791},{""name"":""kwok-node-16"",""cap_cpu_m"":2329,""cap_mem_bytes"":2352030791},{""name"":""kwok-node-17"",""cap_cpu_m"":2329,""cap_mem_bytes"":2352030791},{""name"":""kwok-node-18"",""cap_cpu_m"":2329,""cap_mem_bytes"":2352030791},{""name"":""kwok-node-19"",""cap_cpu_m"":2329,""cap_mem_bytes"":2352030791},{""name"":""kwok-node-20"",""cap_cpu_m"":2329,""cap_mem_bytes"":2352030791},{""name"":""kwok-node-21"",""cap_cpu_m"":2329,""cap_mem_bytes"":2352030791},{""name"":""kwok-node-22"",""cap_cpu_m"":2329,""cap_mem_bytes"":2352030791},{""name"":""kwok-node-23"",""cap_cpu_m"":2329,""cap_mem_bytes"":2352030791},{""name"":""kwok-node-24"",""cap_cpu_m"":2329,""cap_mem_bytes"":2352030791},{""name"":""kwok-node-25"",""cap_cpu_m"":2329,""cap_mem_bytes"":2352030791},{""name"":""kwok-node-26"",""cap_cpu_m"":2329,""cap_mem_bytes"":2352030791},{""name"":""kwok-node-27"",""cap_cpu_m"":2329,""cap_mem_bytes"":2352030791},{""name"":""kwok-node-28"",""cap_cpu_m"":2329,""cap_mem_bytes"":2352030791},{""name"":""kwok-node-29"",""cap_cpu_m"":2329,""cap_mem_bytes"":2352030791},{""name"":""kwok-node-30"",""cap_cpu_m"":2329,""cap_mem_bytes"":2352030791},{""name"":""kwok-node-31"",""cap_cpu_m"":2329,""cap_mem_bytes"":2352030791},{""name"":""kwok-node-32"",""cap_cpu_m"":2329,""cap_mem_bytes"":2352030791}]"
2026/02/11/11:30:18,3896010399170147587,no improving solution from any solver,"{""evicted"":0,""moved"":0,""placed_by_priority"":{""1"":32,""2"":32,""3"":21,""4"":24}}",,,,,"[{""duration_ms"":973,""name"":""python"",""score"":{""evicted"":0,""moved"":0,""placed_by_priority"":null},""status"":""FAILED""}]",0.857,0.857,0.838,0.838,54790,54790,60506075548,60506075548,109,109,19,19,"{""kwok-node-1"":4,""kwok-node-10"":3,""kwok-node-11"":4,""kwok-node-12"":4,""kwok-node-13"":4,""kwok-node-14"":3,""kwok-node-15"":4,""kwok-node-16"":4,""kwok-node-17"":4,""kwok-node-18"":4,""kwok-node-19"":2,""kwok-node-2"":3,""kwok-node-20"":3,""kwok-node-21"":3,""kwok-node-22"":4,""kwok-node-23"":3,""kwok-node-24"":3,""kwok-node-25"":3,""kwok-node-26"":3,""kwok-node-27"":3,""kwok-node-28"":3,""kwok-node-29"":3,""kwok-node-3"":3,""kwok-node-30"":3,""kwok-node-31"":3,""kwok-node-32"":3,""kwok-node-4"":4,""kwok-node-5"":4,""kwok-node-6"":4,""kwok-node-7"":4,""kwok-node-8"":4,""kwok-node-9"":3}","{""kwok-node-1"":4,""kwok-node-10"":3,""kwok-node-11"":4,""kwok-node-12"":4,""kwok-node-13"":4,""kwok-node-14"":3,""kwok-node-15"":4,""kwok-node-16"":4,""kwok-node-17"":4,""kwok-node-18"":4,""kwok-node-19"":2,""kwok-node-2"":3,""kwok-node-20"":3,""kwok-node-21"":3,""kwok-node-22"":4,""kwok-node-23"":3,""kwok-node-24"":3,""kwok-node-25"":3,""kwok-node-26"":3,""kwok-node-27"":3,""kwok-node-28"":3,""kwok-node-29"":3,""kwok-node-3"":3,""kwok-node-30"":3,""kwok-node-31"":3,""kwok-node-32"":3,""kwok-node-4"":4,""kwok-node-5"":4,""kwok-node-6"":4,""kwok-node-7"":4,""kwok-node-8"":4,""kwok-node-9"":3}","{""p1"":32,""p2"":32,""p3"":21,""p4"":24}","{""p1"":32,""p2"":32,""p3"":21,""p4"":24}","{""p1"":2,""p2"":4,""p3"":9,""p4"":4}","{""p1"":2,""p2"":4,""p3"":9,""p4"":4}","{rs-36-p4-jz2q7,rs-36-p4-p2r7j,rs-36-p4-rgszs,rs-38-p2-58vvb,rs-38-p2-97mfg,rs-38-p2-c7tlv,rs-38-p2-hg26l,rs-40-p3-8wt95,rs-40-p3-w2sbc,rs-41-p3-b485k,rs-47-p3-db2v9,rs-47-p3-s47qk,rs-47-p3-s4dsw,rs-47-p3-svghg,rs-48-p3-282h2,rs-48-p3-tjq9h,rs-50-p1-47p26,rs-51-p1-hsxhm,rs-52-p4-lv7xk}","{rs-36-p4-jz2q7,rs-36-p4-p2r7j,rs-36-p4-rgszs,rs-38-p2-58vvb,rs-38-p2-97mfg,rs-38-p2-c7tlv,rs-38-p2-hg26l,rs-40-p3-8wt95,rs-40-p3-w2sbc,rs-41-p3-b485k,rs-47-p3-db2v9,rs-47-p3-s47qk,rs-47-p3-s4dsw,rs-47-p3-svghg,rs-48-p3-282h2,rs-48-p3-tjq9h,rs-50-p1-47p26,rs-51-p1-hsxhm,rs-52-p4-lv7xk}","{rs-01-p2-7xkmp,rs-01-p2-gqnlf,rs-01-p2-xwp9q,rs-02-p4-94r7v,rs-02-p4-dpwcl,rs-02-p4-hcl4k,rs-02-p4-v7sjg,rs-03-p4-hpwj4,rs-04-p1-dr66x,rs-04-p1-xdpk2,rs-05-p2-26dfh,rs-05-p2-blw6x,rs-05-p2-xgt6w,rs-06-p1-ftq7z,rs-06-p1-t6rl9,rs-06-p1-tltsb,rs-07-p1-2d6wk,rs-07-p1-9xr68,rs-07-p1-mbrxv,rs-07-p1-z2qpz,rs-08-p2-f56jf,rs-08-p2-ktmkc,rs-08-p2-rcfkz,rs-09-p4-lmv46,rs-09-p4-rlj5l,rs-09-p4-vpb5m,rs-09-p4-w7czx,rs-10-p1-ld596,rs-10-p1-qkwcb,rs-11-p1-5sxvc,rs-11-p1-8dcvx,rs-11-p1-p476m,rs-12-p1-wvfpm,rs-13-p3-5p7l5,rs-13-p3-w55cl,rs-14-p3-4q68c,rs-14-p3-gzsxl,rs-14-p3-ln6pt,rs-15-p4-lrqzm,rs-16-p2-2lnt4,rs-16-p2-7l4gx,rs-17-p2-klr77,rs-17-p2-mbqxk,rs-17-p2-x6z92,rs-18-p3-8ng4v,rs-18-p3-wqx5x,rs-19-p2-sgbbj,rs-19-p2-ws79d,rs-20-p3-vb7mm,rs-21-p2-664nn,rs-21-p2-7vpdv,rs-21-p2-htfct,rs-21-p2-sm2p8,rs-22-p1-44pvw,rs-22-p1-v8xfs,rs-23-p1-7dgls,rs-23-p1-dh98s,rs-24-p4-jdzk4,rs-24-p4-rkb9h,rs-24-p4-wxp8w,rs-25-p4-764qv,rs-26-p3-sbr4j,rs-27-p3-npfgf,rs-28-p1-5p85t,rs-29-p2-64qjb,rs-29-p2-cp2gp,rs-29-p2-xr7kz,rs-29-p2-z4z8p,rs-30-p3-7gb7t,rs-30-p3-qxc4f,rs-31-p4-ddcgc,rs-31-p4-tmwvt,rs-32-p4-5sf97,rs-32-p4-tvmcj,rs-33-p2-59xc6,rs-33-p2-cmh7w,rs-33-p2-jtpgt,rs-33-p2-x87qm,rs-34-p1-k75xt,rs-34-p1-kd224,rs-34-p1-pbjwz,rs-35-p1-7tdxn,rs-35-p1-9zfwg,rs-35-p1-p5nwp,rs-35-p1-qmk9m,rs-37-p3-wvchh,rs-39-p3-5nkpj,rs-39-p3-bk9gm,rs-39-p3-mzkdp,rs-41-p3-82qx9,rs-41-p3-8x4pz,rs-42-p4-6vc6g,rs-42-p4-8ztt7,rs-42-p4-dlpqd,rs-42-p4-vnkhj,rs-43-p2-59p25,rs-43-p2-6kvnr,rs-43-p2-fzv2r,rs-43-p2-rtgcq,rs-44-p4-pls84,rs-44-p4-xp2tm,rs-45-p3-8g4qj,rs-45-p3-rlpzw,rs-46-p3-2qj2h,rs-49-p1-4crm5,rs-49-p1-6bjz7,rs-49-p1-l44z2,rs-49-p1-wmnz8,rs-51-p1-gdqpp}","{rs-01-p2-7xkmp,rs-01-p2-gqnlf,rs-01-p2-xwp9q,rs-02-p4-94r7v,rs-02-p4-dpwcl,rs-02-p4-hcl4k,rs-02-p4-v7sjg,rs-03-p4-hpwj4,rs-04-p1-dr66x,rs-04-p1-xdpk2,rs-05-p2-26dfh,rs-05-p2-blw6x,rs-05-p2-xgt6w,rs-06-p1-ftq7z,rs-06-p1-t6rl9,rs-06-p1-tltsb,rs-07-p1-2d6wk,rs-07-p1-9xr68,rs-07-p1-mbrxv,rs-07-p1-z2qpz,rs-08-p2-f56jf,rs-08-p2-ktmkc,rs-08-p2-rcfkz,rs-09-p4-lmv46,rs-09-p4-rlj5l,rs-09-p4-vpb5m,rs-09-p4-w7czx,rs-10-p1-ld596,rs-10-p1-qkwcb,rs-11-p1-5sxvc,rs-11-p1-8dcvx,rs-11-p1-p476m,rs-12-p1-wvfpm,rs-13-p3-5p7l5,rs-13-p3-w55cl,rs-14-p3-4q68c,rs-14-p3-gzsxl,rs-14-p3-ln6pt,rs-15-p4-lrqzm,rs-16-p2-2lnt4,rs-16-p2-7l4gx,rs-17-p2-klr77,rs-17-p2-mbqxk,rs-17-p2-x6z92,rs-18-p3-8ng4v,rs-18-p3-wqx5x,rs-19-p2-sgbbj,rs-19-p2-ws79d,rs-20-p3-vb7mm,rs-21-p2-664nn,rs-21-p2-7vpdv,rs-21-p2-htfct,rs-21-p2-sm2p8,rs-22-p1-44pvw,rs-22-p1-v8xfs,rs-23-p1-7dgls,rs-23-p1-dh98s,rs-24-p4-jdzk4,rs-24-p4-rkb9h,rs-24-p4-wxp8w,rs-25-p4-764qv,rs-26-p3-sbr4j,rs-27-p3-npfgf,rs-28-p1-5p85t,rs-29-p2-64qjb,rs-29-p2-cp2gp,rs-29-p2-xr7kz,rs-29-p2-z4z8p,rs-30-p3-7gb7t,rs-30-p3-qxc4f,rs-31-p4-ddcgc,rs-31-p4-tmwvt,rs-32-p4-5sf97,rs-32-p4-tvmcj,rs-33-p2-59xc6,rs-33-p2-cmh7w,rs-33-p2-jtpgt,rs-33-p2-x87qm,rs-34-p1-k75xt,rs-34-p1-kd224,rs-34-p1-pbjwz,rs-35-p1-7tdxn,rs-35-p1-9zfwg,rs-35-p1-p5nwp,rs-35-p1-qmk9m,rs-37-p3-wvchh,rs-39-p3-5nkpj,rs-39-p3-bk9gm,rs-39-p3-mzkdp,rs-41-p3-82qx9,rs-41-p3-8x4pz,rs-42-p4-6vc6g,rs-42-p4-8ztt7,rs-42-p4-dlpqd,rs-42-p4-vnkhj,rs-43-p2-59p25,rs-43-p2-6kvnr,rs-43-p2-fzv2r,rs-43-p2-rtgcq,rs-44-p4-pls84,rs-44-p4-xp2tm,rs-45-p3-8g4qj,rs-45-p3-rlpzw,rs-46-p3-2qj2h,rs-49-p1-4crm5,rs-49-p1-6bjz7,rs-49-p1-l44z2,rs-49-p1-wmnz8,rs-51-p1-gdqpp}","[{""name"":""rs-01-p2-7xkmp"",""cpu_m"":877,""mem_b"":933213429,""priority"":""2"",""node"":""kwok-node-14""},{""name"":""rs-01-p2-gqnlf"",""cpu_m"":877,""mem_b"":933213429,""priority"":""2"",""node"":""kwok-node-10""},{""name"":""rs-01-p2-xwp9q"",""cpu_m"":877,""mem_b"":933213429,""priority"":""2"",""node"":""kwok-node-11""},{""name"":""rs-02-p4-94r7v"",""cpu_m"":125,""mem_b"":712720938,""priority"":""4"",""node"":""kwok-node-15""},{""name"":""rs-02-p4-dpwcl"",""cpu_m"":125,""mem_b"":712720938,""priority"":""4"",""node"":""kwok-node-13""},{""name"":""rs-02-p4-hcl4k"",""cpu_m"":125,""mem_b"":712720938,""priority"":""4"",""node"":""kwok-node-1""},{""name"":""rs-02-p4-v7sjg"",""cpu_m"":125,""mem_b"":712720938,""priority"":""4"",""node"":""kwok-node-12""},{""name"":""rs-03-p4-hpwj4"",""cpu_m"":675,""mem_b"":312440858,""priority"":""4"",""node"":""kwok-node-16""},{""name"":""rs-04-p1-dr66x"",""cpu_m"":914,""mem_b"":797198307,""priority"":""1"",""node"":""kwok-node-19""},{""name"":""rs-04-p1-xdpk2"",""cpu_m"":914,""mem_b"":797198307,""priority"":""1"",""node"":""kwok-node-21""},{""name"":""rs-05-p2-26dfh"",""cpu_m"":866,""mem_b"":344834846,""priority"":""2"",""node"":""kwok-node-18""},{""name"":""rs-05-p2-blw6x"",""cpu_m"":866,""mem_b"":344834846,""priority"":""2"",""node"":""kwok-node-22""},{""name"":""rs-05-p2-xgt6w"",""cpu_m"":866,""mem_b"":344834846,""priority"":""2"",""node"":""kwok-node-17""},{""name"":""rs-06-p1-ftq7z"",""cpu_m"":380,""mem_b"":692970331,""priority"":""1"",""node"":""kwok-node-2""},{""name"":""rs-06-p1-t6rl9"",""cpu_m"":380,""mem_b"":692970331,""priority"":""1"",""node"":""kwok-node-20""},{""name"":""rs-06-p1-tltsb"",""cpu_m"":380,""mem_b"":692970331,""priority"":""1"",""node"":""kwok-node-23""},{""name"":""rs-07-p1-2d6wk"",""cpu_m"":966,""mem_b"":261562041,""priority"":""1"",""node"":""kwok-node-13""},{""name"":""rs-07-p1-9xr68"",""cpu_m"":966,""mem_b"":261562041,""priority"":""1"",""node"":""kwok-node-1""},{""name"":""rs-07-p1-mbrxv"",""cpu_m"":966,""mem_b"":261562041,""priority"":""1"",""node"":""kwok-node-15""},{""name"":""rs-07-p1-z2qpz"",""cpu_m"":966,""mem_b"":261562041,""priority"":""1"",""node"":""kwok-node-12""},{""name"":""rs-08-p2-f56jf"",""cpu_m"":626,""mem_b"":174874258,""priority"":""2"",""node"":""kwok-node-25""},{""name"":""rs-08-p2-ktmkc"",""cpu_m"":626,""mem_b"":174874258,""priority"":""2"",""node"":""kwok-node-26""},{""name"":""rs-08-p2-rcfkz"",""cpu_m"":626,""mem_b"":174874258,""priority"":""2"",""node"":""kwok-node-28""},{""name"":""rs-09-p4-lmv46"",""cpu_m"":933,""mem_b"":511722895,""priority"":""4"",""node"":""kwok-node-3""},{""name"":""rs-09-p4-rlj5l"",""cpu_m"":933,""mem_b"":511722895,""priority"":""4"",""node"":""kwok-node-30""},{""name"":""rs-09-p4-vpb5m"",""cpu_m"":933,""mem_b"":511722895,""priority"":""4"",""node"":""kwok-node-24""},{""name"":""rs-09-p4-w7czx"",""cpu_m"":933,""mem_b"":511722895,""priority"":""4"",""node"":""kwok-node-29""},{""name"":""rs-10-p1-ld596"",""cpu_m"":501,""mem_b"":762216322,""priority"":""1"",""node"":""kwok-node-27""},{""name"":""rs-10-p1-qkwcb"",""cpu_m"":501,""mem_b"":762216322,""priority"":""1"",""node"":""kwok-node-31""},{""name"":""rs-11-p1-5sxvc"",""cpu_m"":614,""mem_b"":315834457,""priority"":""1"",""node"":""kwok-node-9""},{""name"":""rs-11-p1-8dcvx"",""cpu_m"":614,""mem_b"":315834457,""priority"":""1"",""node"":""kwok-node-5""},{""name"":""rs-11-p1-p476m"",""cpu_m"":614,""mem_b"":315834457,""priority"":""1"",""node"":""kwok-node-6""},{""name"":""rs-12-p1-wvfpm"",""cpu_m"":843,""mem_b"":120827590,""priority"":""1"",""node"":""kwok-node-4""},{""name"":""rs-13-p3-5p7l5"",""cpu_m"":983,""mem_b"":831305846,""priority"":""3"",""node"":""kwok-node-7""},{""name"":""rs-13-p3-w55cl"",""cpu_m"":983,""mem_b"":831305846,""priority"":""3"",""node"":""kwok-node-32""},{""name"":""rs-14-p3-4q68c"",""cpu_m"":754,""mem_b"":172656686,""priority"":""3"",""node"":""kwok-node-2""},{""name"":""rs-14-p3-gzsxl"",""cpu_m"":754,""mem_b"":172656686,""priority"":""3"",""node"":""kwok-node-20""},{""name"":""rs-14-p3-ln6pt"",""cpu_m"":754,""mem_b"":172656686,""priority"":""3"",""node"":""kwok-node-8""},{""name"":""rs-15-p4-lrqzm"",""cpu_m"":871,""mem_b"":984525081,""priority"":""4"",""node"":""kwok-node-23""},{""name"":""rs-16-p2-2lnt4"",""cpu_m"":573,""mem_b"":760169339,""priority"":""2"",""node"":""kwok-node-6""},{""name"":""rs-16-p2-7l4gx"",""cpu_m"":573,""mem_b"":760169339,""priority"":""2"",""node"":""kwok-node-5""},{""name"":""rs-17-p2-klr77"",""cpu_m"":538,""mem_b"":955703399,""priority"":""2"",""node"":""kwok-node-28""},{""name"":""rs-17-p2-mbqxk"",""cpu_m"":538,""mem_b"":955703399,""priority"":""2"",""node"":""kwok-node-26""},{""name"":""rs-17-p2-x6z92"",""cpu_m"":538,""mem_b"":955703399,""priority"":""2"",""node"":""kwok-node-9""},{""name"":""rs-18-p3-8ng4v"",""cpu_m"":591,""mem_b"":825218646,""priority"":""3"",""node"":""kwok-node-16""},{""name"":""rs-18-p3-wqx5x"",""cpu_m"":591,""mem_b"":825218646,""priority"":""3"",""node"":""kwok-node-25""},{""name"":""rs-19-p2-sgbbj"",""cpu_m"":773,""mem_b"":304788977,""priority"":""2"",""node"":""kwok-node-31""},{""name"":""rs-19-p2-ws79d"",""cpu_m"":773,""mem_b"":304788977,""priority"":""2"",""node"":""kwok-node-27""},{""name"":""rs-20-p3-vb7mm"",""cpu_m"":585,""mem_b"":337705753,""priority"":""3"",""node"":""kwok-node-8""},{""name"":""rs-21-p2-664nn"",""cpu_m"":379,""mem_b"":338940868,""priority"":""2"",""node"":""kwok-node-22""},{""name"":""rs-21-p2-7vpdv"",""cpu_m"":379,""mem_b"":338940868,""priority"":""2"",""node"":""kwok-node-18""},{""name"":""rs-21-p2-htfct"",""cpu_m"":379,""mem_b"":338940868,""priority"":""2"",""node"":""kwok-node-4""},{""name"":""rs-21-p2-sm2p8"",""cpu_m"":379,""mem_b"":338940868,""priority"":""2"",""node"":""kwok-node-11""},{""name"":""rs-22-p1-44pvw"",""cpu_m"":575,""mem_b"":352540961,""priority"":""1"",""node"":""kwok-node-14""},{""name"":""rs-22-p1-v8xfs"",""cpu_m"":575,""mem_b"":352540961,""priority"":""1"",""node"":""kwok-node-17""},{""name"":""rs-23-p1-7dgls"",""cpu_m"":189,""mem_b"":987557720,""priority"":""1"",""node"":""kwok-node-30""},{""name"":""rs-23-p1-dh98s"",""cpu_m"":189,""mem_b"":987557720,""priority"":""1"",""node"":""kwok-node-29""},{""name"":""rs-24-p4-jdzk4"",""cpu_m"":177,""mem_b"":717495877,""priority"":""4"",""node"":""kwok-node-3""},{""name"":""rs-24-p4-rkb9h"",""cpu_m"":177,""mem_b"":717495877,""priority"":""4"",""node"":""kwok-node-24""},{""name"":""rs-24-p4-wxp8w"",""cpu_m"":177,""mem_b"":717495877,""priority"":""4"",""node"":""kwok-node-21""},{""name"":""rs-25-p4-764qv"",""cpu_m"":660,""mem_b"":362137288,""priority"":""4"",""node"":""kwok-node-10""},{""name"":""rs-26-p3-sbr4j"",""cpu_m"":709,""mem_b"":900485948,""priority"":""3"",""node"":""kwok-node-19""},{""name"":""rs-27-p3-npfgf"",""cpu_m"":130,""mem_b"":245596465,""priority"":""3"",""node"":""kwok-node-7""},{""name"":""rs-28-p1-5p85t"",""cpu_m"":338,""mem_b"":590520101,""priority"":""1"",""node"":""kwok-node-32""},{""name"":""rs-29-p2-64qjb"",""cpu_m"":174,""mem_b"":494620973,""priority"":""2"",""node"":""kwok-node-15""},{""name"":""rs-29-p2-cp2gp"",""cpu_m"":174,""mem_b"":494620973,""priority"":""2"",""node"":""kwok-node-12""},{""name"":""rs-29-p2-xr7kz"",""cpu_m"":174,""mem_b"":494620973,""priority"":""2"",""node"":""kwok-node-13""},{""name"":""rs-29-p2-z4z8p"",""cpu_m"":174,""mem_b"":494620973,""priority"":""2"",""node"":""kwok-node-1""},{""name"":""rs-30-p3-7gb7t"",""cpu_m"":132,""mem_b"":706044488,""priority"":""3"",""node"":""kwok-node-22""},{""name"":""rs-30-p3-qxc4f"",""cpu_m"":132,""mem_b"":706044488,""priority"":""3"",""node"":""kwok-node-4""},{""name"":""rs-31-p4-ddcgc"",""cpu_m"":570,""mem_b"":946008481,""priority"":""4"",""node"":""kwok-node-20""},{""name"":""rs-31-p4-tmwvt"",""cpu_m"":570,""mem_b"":946008481,""priority"":""4"",""node"":""kwok-node-2""},{""name"":""rs-32-p4-5sf97"",""cpu_m"":376,""mem_b"":580788227,""priority"":""4"",""node"":""kwok-node-28""},{""name"":""rs-32-p4-tvmcj"",""cpu_m"":376,""mem_b"":580788227,""priority"":""4"",""node"":""kwok-node-7""},{""name"":""rs-33-p2-59xc6"",""cpu_m"":523,""mem_b"":652357939,""priority"":""2"",""node"":""kwok-node-9""},{""name"":""rs-33-p2-cmh7w"",""cpu_m"":523,""mem_b"":652357939,""priority"":""2"",""node"":""kwok-node-26""},{""name"":""rs-33-p2-jtpgt"",""cpu_m"":523,""mem_b"":652357939,""priority"":""2"",""node"":""kwok-node-24""},{""name"":""rs-33-p2-x87qm"",""cpu_m"":523,""mem_b"":652357939,""priority"":""2"",""node"":""kwok-node-3""},{""name"":""rs-34-p1-k75xt"",""cpu_m"":213,""mem_b"":880472407,""priority"":""1"",""node"":""kwok-node-8""},{""name"":""rs-34-p1-kd224"",""cpu_m"":213,""mem_b"":880472407,""priority"":""1"",""node"":""kwok-node-25""},{""name"":""rs-34-p1-pbjwz"",""cpu_m"":213,""mem_b"":880472407,""priority"":""1"",""node"":""kwok-node-18""},{""name"":""rs-35-p1-7tdxn"",""cpu_m"":117,""mem_b"":912555309,""priority"":""1"",""node"":""kwok-node-27""},{""name"":""rs-35-p1-9zfwg"",""cpu_m"":117,""mem_b"":912555309,""priority"":""1"",""node"":""kwok-node-31""},{""name"":""rs-35-p1-p5nwp"",""cpu_m"":117,""mem_b"":912555309,""priority"":""1"",""node"":""kwok-node-6""},{""name"":""rs-35-p1-qmk9m"",""cpu_m"":117,""mem_b"":912555309,""priority"":""1"",""node"":""kwok-node-17""},{""name"":""rs-36-p4-jz2q7"",""cpu_m"":924,""mem_b"":593945886,""priority"":""4"",""node"":""""},{""name"":""rs-36-p4-p2r7j"",""cpu_m"":924,""mem_b"":593945886,""priority"":""4"",""node"":""""},{""name"":""rs-36-p4-rgszs"",""cpu_m"":924,""mem_b"":593945886,""priority"":""4"",""node"":""""},{""name"":""rs-37-p3-wvchh"",""cpu_m"":804,""mem_b"":651715092,""priority"":""3"",""node"":""kwok-node-21""},{""name"":""rs-38-p2-58vvb"",""cpu_m"":812,""mem_b"":972941393,""priority"":""2"",""node"":""""},{""name"":""rs-38-p2-97mfg"",""cpu_m"":812,""mem_b"":972941393,""priority"":""2"",""node"":""""},{""name"":""rs-38-p2-c7tlv"",""cpu_m"":812,""mem_b"":972941393,""priority"":""2"",""node"":""""},{""name"":""rs-38-p2-hg26l"",""cpu_m"":812,""mem_b"":972941393,""priority"":""2"",""node"":""""},{""name"":""rs-39-p3-5nkpj"",""cpu_m"":250,""mem_b"":281514678,""priority"":""3"",""node"":""kwok-node-16""},{""name"":""rs-39-p3-bk9gm"",""cpu_m"":250,""mem_b"":281514678,""priority"":""3"",""node"":""kwok-node-11""},{""name"":""rs-39-p3-mzkdp"",""cpu_m"":250,""mem_b"":281514678,""priority"":""3"",""node"":""kwok-node-5""},{""name"":""rs-40-p3-8wt95"",""cpu_m"":897,""mem_b"":825291200,""priority"":""3"",""node"":""""},{""name"":""rs-40-p3-w2sbc"",""cpu_m"":897,""mem_b"":825291200,""priority"":""3"",""node"":""""},{""name"":""rs-41-p3-82qx9"",""cpu_m"":628,""mem_b"":830017779,""priority"":""3"",""node"":""kwok-node-4""},{""name"":""rs-41-p3-8x4pz"",""cpu_m"":628,""mem_b"":830017779,""priority"":""3"",""node"":""kwok-node-32""},{""name"":""rs-41-p3-b485k"",""cpu_m"":628,""mem_b"":830017779,""priority"":""3"",""node"":""""},{""name"":""rs-42-p4-6vc6g"",""cpu_m"":678,""mem_b"":130266731,""priority"":""4"",""node"":""kwok-node-30""},{""name"":""rs-42-p4-8ztt7"",""cpu_m"":678,""mem_b"":130266731,""priority"":""4"",""node"":""kwok-node-23""},{""name"":""rs-42-p4-dlpqd"",""cpu_m"":678,""mem_b"":130266731,""priority"":""4"",""node"":""kwok-node-29""},{""name"":""rs-42-p4-vnkhj"",""cpu_m"":678,""mem_b"":130266731,""priority"":""4"",""node"":""kwok-node-15""},{""name"":""rs-43-p2-59p25"",""cpu_m"":274,""mem_b"":495552466,""priority"":""2"",""node"":""kwok-node-14""},{""name"":""rs-43-p2-6kvnr"",""cpu_m"":274,""mem_b"":495552466,""priority"":""2"",""node"":""kwok-node-5""},{""name"":""rs-43-p2-fzv2r"",""cpu_m"":274,""mem_b"":495552466,""priority"":""2"",""node"":""kwok-node-13""},{""name"":""rs-43-p2-rtgcq"",""cpu_m"":274,""mem_b"":495552466,""priority"":""2"",""node"":""kwok-node-22""},{""name"":""rs-44-p4-pls84"",""cpu_m"":185,""mem_b"":522451151,""priority"":""4"",""node"":""kwok-node-10""},{""name"":""rs-44-p4-xp2tm"",""cpu_m"":185,""mem_b"":522451151,""priority"":""4"",""node"":""kwok-node-16""},{""name"":""rs-45-p3-8g4qj"",""cpu_m"":479,""mem_b"":664506549,""priority"":""3"",""node"":""kwok-node-1""},{""name"":""rs-45-p3-rlpzw"",""cpu_m"":479,""mem_b"":664506549,""priority"":""3"",""node"":""kwok-node-12""},{""name"":""rs-46-p3-2qj2h"",""cpu_m"":630,""mem_b"":157534708,""priority"":""3"",""node"":""kwok-node-6""},{""name"":""rs-47-p3-db2v9"",""cpu_m"":124,""mem_b"":943571525,""priority"":""3"",""node"":""""},{""name"":""rs-47-p3-s47qk"",""cpu_m"":124,""mem_b"":943571525,""priority"":""3"",""node"":""""},{""name"":""rs-47-p3-s4dsw"",""cpu_m"":124,""mem_b"":943571525,""priority"":""3"",""node"":""""},{""name"":""rs-47-p3-svghg"",""cpu_m"":124,""mem_b"":943571525,""priority"":""3"",""node"":""""},{""name"":""rs-48-p3-282h2"",""cpu_m"":933,""mem_b"":540976303,""priority"":""3"",""node"":""""},{""name"":""rs-48-p3-tjq9h"",""cpu_m"":933,""mem_b"":540976303,""priority"":""3"",""node"":""""},{""name"":""rs-49-p1-4crm5"",""cpu_m"":140,""mem_b"":277171620,""priority"":""1"",""node"":""kwok-node-11""},{""name"":""rs-49-p1-6bjz7"",""cpu_m"":140,""mem_b"":277171620,""priority"":""1"",""node"":""kwok-node-17""},{""name"":""rs-49-p1-l44z2"",""cpu_m"":140,""mem_b"":277171620,""priority"":""1"",""node"":""kwok-node-18""},{""name"":""rs-49-p1-wmnz8"",""cpu_m"":140,""mem_b"":277171620,""priority"":""1"",""node"":""kwok-node-8""},{""name"":""rs-50-p1-47p26"",""cpu_m"":643,""mem_b"":820673746,""priority"":""1"",""node"":""""},{""name"":""rs-51-p1-gdqpp"",""cpu_m"":486,""mem_b"":542362854,""priority"":""1"",""node"":""kwok-node-7""},{""name"":""rs-51-p1-hsxhm"",""cpu_m"":486,""mem_b"":542362854,""priority"":""1"",""node"":""""},{""name"":""rs-52-p4-lv7xk"",""cpu_m"":380,""mem_b"":932323631,""priority"":""4"",""node"":""""}]","[{""name"":""rs-01-p2-7xkmp"",""cpu_m"":877,""mem_b"":933213429,""priority"":""2"",""node"":""kwok-node-14""},{""name"":""rs-01-p2-gqnlf"",""cpu_m"":877,""mem_b"":933213429,""priority"":""2"",""node"":""kwok-node-10""},{""name"":""rs-01-p2-xwp9q"",""cpu_m"":877,""mem_b"":933213429,""priority"":""2"",""node"":""kwok-node-11""},{""name"":""rs-02-p4-94r7v"",""cpu_m"":125,""mem_b"":712720938,""priority"":""4"",""node"":""kwok-node-15""},{""name"":""rs-02-p4-dpwcl"",""cpu_m"":125,""mem_b"":712720938,""priority"":""4"",""node"":""kwok-node-13""},{""name"":""rs-02-p4-hcl4k"",""cpu_m"":125,""mem_b"":712720938,""priority"":""4"",""node"":""kwok-node-1""},{""name"":""rs-02-p4-v7sjg"",""cpu_m"":125,""mem_b"":712720938,""priority"":""4"",""node"":""kwok-node-12""},{""name"":""rs-03-p4-hpwj4"",""cpu_m"":675,""mem_b"":312440858,""priority"":""4"",""node"":""kwok-node-16""},{""name"":""rs-04-p1-dr66x"",""cpu_m"":914,""mem_b"":797198307,""priority"":""1"",""node"":""kwok-node-19""},{""name"":""rs-04-p1-xdpk2"",""cpu_m"":914,""mem_b"":797198307,""priority"":""1"",""node"":""kwok-node-21""},{""name"":""rs-05-p2-26dfh"",""cpu_m"":866,""mem_b"":344834846,""priority"":""2"",""node"":""kwok-node-18""},{""name"":""rs-05-p2-blw6x"",""cpu_m"":866,""mem_b"":344834846,""priority"":""2"",""node"":""kwok-node-22""},{""name"":""rs-05-p2-xgt6w"",""cpu_m"":866,""mem_b"":344834846,""priority"":""2"",""node"":""kwok-node-17""},{""name"":""rs-06-p1-ftq7z"",""cpu_m"":380,""mem_b"":692970331,""priority"":""1"",""node"":""kwok-node-2""},{""name"":""rs-06-p1-t6rl9"",""cpu_m"":380,""mem_b"":692970331,""priority"":""1"",""node"":""kwok-node-20""},{""name"":""rs-06-p1-tltsb"",""cpu_m"":380,""mem_b"":692970331,""priority"":""1"",""node"":""kwok-node-23""},{""name"":""rs-07-p1-2d6wk"",""cpu_m"":966,""mem_b"":261562041,""priority"":""1"",""node"":""kwok-node-13""},{""name"":""rs-07-p1-9xr68"",""cpu_m"":966,""mem_b"":261562041,""priority"":""1"",""node"":""kwok-node-1""},{""name"":""rs-07-p1-mbrxv"",""cpu_m"":966,""mem_b"":261562041,""priority"":""1"",""node"":""kwok-node-15""},{""name"":""rs-07-p1-z2qpz"",""cpu_m"":966,""mem_b"":261562041,""priority"":""1"",""node"":""kwok-node-12""},{""name"":""rs-08-p2-f56jf"",""cpu_m"":626,""mem_b"":174874258,""priority"":""2"",""node"":""kwok-node-25""},{""name"":""rs-08-p2-ktmkc"",""cpu_m"":626,""mem_b"":174874258,""priority"":""2"",""node"":""kwok-node-26""},{""name"":""rs-08-p2-rcfkz"",""cpu_m"":626,""mem_b"":174874258,""priority"":""2"",""node"":""kwok-node-28""},{""name"":""rs-09-p4-lmv46"",""cpu_m"":933,""mem_b"":511722895,""priority"":""4"",""node"":""kwok-node-3""},{""name"":""rs-09-p4-rlj5l"",""cpu_m"":933,""mem_b"":511722895,""priority"":""4"",""node"":""kwok-node-30""},{""name"":""rs-09-p4-vpb5m"",""cpu_m"":933,""mem_b"":511722895,""priority"":""4"",""node"":""kwok-node-24""},{""name"":""rs-09-p4-w7czx"",""cpu_m"":933,""mem_b"":511722895,""priority"":""4"",""node"":""kwok-node-29""},{""name"":""rs-10-p1-ld596"",""cpu_m"":501,""mem_b"":762216322,""priority"":""1"",""node"":""kwok-node-27""},{""name"":""rs-10-p1-qkwcb"",""cpu_m"":501,""mem_b"":762216322,""priority"":""1"",""node"":""kwok-node-31""},{""name"":""rs-11-p1-5sxvc"",""cpu_m"":614,""mem_b"":315834457,""priority"":""1"",""node"":""kwok-node-9""},{""name"":""rs-11-p1-8dcvx"",""cpu_m"":614,""mem_b"":315834457,""priority"":""1"",""node"":""kwok-node-5""},{""name"":""rs-11-p1-p476m"",""cpu_m"":614,""mem_b"":315834457,""priority"":""1"",""node"":""kwok-node-6""},{""name"":""rs-12-p1-wvfpm"",""cpu_m"":843,""mem_b"":120827590,""priority"":""1"",""node"":""kwok-node-4""},{""name"":""rs-13-p3-5p7l5"",""cpu_m"":983,""mem_b"":831305846,""priority"":""3"",""node"":""kwok-node-7""},{""name"":""rs-13-p3-w55cl"",""cpu_m"":983,""mem_b"":831305846,""priority"":""3"",""node"":""kwok-node-32""},{""name"":""rs-14-p3-4q68c"",""cpu_m"":754,""mem_b"":172656686,""priority"":""3"",""node"":""kwok-node-2""},{""name"":""rs-14-p3-gzsxl"",""cpu_m"":754,""mem_b"":172656686,""priority"":""3"",""node"":""kwok-node-20""},{""name"":""rs-14-p3-ln6pt"",""cpu_m"":754,""mem_b"":172656686,""priority"":""3"",""node"":""kwok-node-8""},{""name"":""rs-15-p4-lrqzm"",""cpu_m"":871,""mem_b"":984525081,""priority"":""4"",""node"":""kwok-node-23""},{""name"":""rs-16-p2-2lnt4"",""cpu_m"":573,""mem_b"":760169339,""priority"":""2"",""node"":""kwok-node-6""},{""name"":""rs-16-p2-7l4gx"",""cpu_m"":573,""mem_b"":760169339,""priority"":""2"",""node"":""kwok-node-5""},{""name"":""rs-17-p2-klr77"",""cpu_m"":538,""mem_b"":955703399,""priority"":""2"",""node"":""kwok-node-28""},{""name"":""rs-17-p2-mbqxk"",""cpu_m"":538,""mem_b"":955703399,""priority"":""2"",""node"":""kwok-node-26""},{""name"":""rs-17-p2-x6z92"",""cpu_m"":538,""mem_b"":955703399,""priority"":""2"",""node"":""kwok-node-9""},{""name"":""rs-18-p3-8ng4v"",""cpu_m"":591,""mem_b"":825218646,""priority"":""3"",""node"":""kwok-node-16""},{""name"":""rs-18-p3-wqx5x"",""cpu_m"":591,""mem_b"":825218646,""priority"":""3"",""node"":""kwok-node-25""},{""name"":""rs-19-p2-sgbbj"",""cpu_m"":773,""mem_b"":304788977,""priority"":""2"",""node"":""kwok-node-31""},{""name"":""rs-19-p2-ws79d"",""cpu_m"":773,""mem_b"":304788977,""priority"":""2"",""node"":""kwok-node-27""},{""name"":""rs-20-p3-vb7mm"",""cpu_m"":585,""mem_b"":337705753,""priority"":""3"",""node"":""kwok-node-8""},{""name"":""rs-21-p2-664nn"",""cpu_m"":379,""mem_b"":338940868,""priority"":""2"",""node"":""kwok-node-22""},{""name"":""rs-21-p2-7vpdv"",""cpu_m"":379,""mem_b"":338940868,""priority"":""2"",""node"":""kwok-node-18""},{""name"":""rs-21-p2-htfct"",""cpu_m"":379,""mem_b"":338940868,""priority"":""2"",""node"":""kwok-node-4""},{""name"":""rs-21-p2-sm2p8"",""cpu_m"":379,""mem_b"":338940868,""priority"":""2"",""node"":""kwok-node-11""},{""name"":""rs-22-p1-44pvw"",""cpu_m"":575,""mem_b"":352540961,""priority"":""1"",""node"":""kwok-node-14""},{""name"":""rs-22-p1-v8xfs"",""cpu_m"":575,""mem_b"":352540961,""priority"":""1"",""node"":""kwok-node-17""},{""name"":""rs-23-p1-7dgls"",""cpu_m"":189,""mem_b"":987557720,""priority"":""1"",""node"":""kwok-node-30""},{""name"":""rs-23-p1-dh98s"",""cpu_m"":189,""mem_b"":987557720,""priority"":""1"",""node"":""kwok-node-29""},{""name"":""rs-24-p4-jdzk4"",""cpu_m"":177,""mem_b"":717495877,""priority"":""4"",""node"":""kwok-node-3""},{""name"":""rs-24-p4-rkb9h"",""cpu_m"":177,""mem_b"":717495877,""priority"":""4"",""node"":""kwok-node-24""},{""name"":""rs-24-p4-wxp8w"",""cpu_m"":177,""mem_b"":717495877,""priority"":""4"",""node"":""kwok-node-21""},{""name"":""rs-25-p4-764qv"",""cpu_m"":660,""mem_b"":362137288,""priority"":""4"",""node"":""kwok-node-10""},{""name"":""rs-26-p3-sbr4j"",""cpu_m"":709,""mem_b"":900485948,""priority"":""3"",""node"":""kwok-node-19""},{""name"":""rs-27-p3-npfgf"",""cpu_m"":130,""mem_b"":245596465,""priority"":""3"",""node"":""kwok-node-7""},{""name"":""rs-28-p1-5p85t"",""cpu_m"":338,""mem_b"":590520101,""priority"":""1"",""node"":""kwok-node-32""},{""name"":""rs-29-p2-64qjb"",""cpu_m"":174,""mem_b"":494620973,""priority"":""2"",""node"":""kwok-node-15""},{""name"":""rs-29-p2-cp2gp"",""cpu_m"":174,""mem_b"":494620973,""priority"":""2"",""node"":""kwok-node-12""},{""name"":""rs-29-p2-xr7kz"",""cpu_m"":174,""mem_b"":494620973,""priority"":""2"",""node"":""kwok-node-13""},{""name"":""rs-29-p2-z4z8p"",""cpu_m"":174,""mem_b"":494620973,""priority"":""2"",""node"":""kwok-node-1""},{""name"":""rs-30-p3-7gb7t"",""cpu_m"":132,""mem_b"":706044488,""priority"":""3"",""node"":""kwok-node-22""},{""name"":""rs-30-p3-qxc4f"",""cpu_m"":132,""mem_b"":706044488,""priority"":""3"",""node"":""kwok-node-4""},{""name"":""rs-31-p4-ddcgc"",""cpu_m"":570,""mem_b"":946008481,""priority"":""4"",""node"":""kwok-node-20""},{""name"":""rs-31-p4-tmwvt"",""cpu_m"":570,""mem_b"":946008481,""priority"":""4"",""node"":""kwok-node-2""},{""name"":""rs-32-p4-5sf97"",""cpu_m"":376,""mem_b"":580788227,""priority"":""4"",""node"":""kwok-node-28""},{""name"":""rs-32-p4-tvmcj"",""cpu_m"":376,""mem_b"":580788227,""priority"":""4"",""node"":""kwok-node-7""},{""name"":""rs-33-p2-59xc6"",""cpu_m"":523,""mem_b"":652357939,""priority"":""2"",""node"":""kwok-node-9""},{""name"":""rs-33-p2-cmh7w"",""cpu_m"":523,""mem_b"":652357939,""priority"":""2"",""node"":""kwok-node-26""},{""name"":""rs-33-p2-jtpgt"",""cpu_m"":523,""mem_b"":652357939,""priority"":""2"",""node"":""kwok-node-24""},{""name"":""rs-33-p2-x87qm"",""cpu_m"":523,""mem_b"":652357939,""priority"":""2"",""node"":""kwok-node-3""},{""name"":""rs-34-p1-k75xt"",""cpu_m"":213,""mem_b"":880472407,""priority"":""1"",""node"":""kwok-node-8""},{""name"":""rs-34-p1-kd224"",""cpu_m"":213,""mem_b"":880472407,""priority"":""1"",""node"":""kwok-node-25""},{""name"":""rs-34-p1-pbjwz"",""cpu_m"":213,""mem_b"":880472407,""priority"":""1"",""node"":""kwok-node-18""},{""name"":""rs-35-p1-7tdxn"",""cpu_m"":117,""mem_b"":912555309,""priority"":""1"",""node"":""kwok-node-27""},{""name"":""rs-35-p1-9zfwg"",""cpu_m"":117,""mem_b"":912555309,""priority"":""1"",""node"":""kwok-node-31""},{""name"":""rs-35-p1-p5nwp"",""cpu_m"":117,""mem_b"":912555309,""priority"":""1"",""node"":""kwok-node-6""},{""name"":""rs-35-p1-qmk9m"",""cpu_m"":117,""mem_b"":912555309,""priority"":""1"",""node"":""kwok-node-17""},{""name"":""rs-36-p4-jz2q7"",""cpu_m"":924,""mem_b"":593945886,""priority"":""4"",""node"":""""},{""name"":""rs-36-p4-p2r7j"",""cpu_m"":924,""mem_b"":593945886,""priority"":""4"",""node"":""""},{""name"":""rs-36-p4-rgszs"",""cpu_m"":924,""mem_b"":593945886,""priority"":""4"",""node"":""""},{""name"":""rs-37-p3-wvchh"",""cpu_m"":804,""mem_b"":651715092,""priority"":""3"",""node"":""kwok-node-21""},{""name"":""rs-38-p2-58vvb"",""cpu_m"":812,""mem_b"":972941393,""priority"":""2"",""node"":""""},{""name"":""rs-38-p2-97mfg"",""cpu_m"":812,""mem_b"":972941393,""priority"":""2"",""node"":""""},{""name"":""rs-38-p2-c7tlv"",""cpu_m"":812,""mem_b"":972941393,""priority"":""2"",""node"":""""},{""name"":""rs-38-p2-hg26l"",""cpu_m"":812,""mem_b"":972941393,""priority"":""2"",""node"":""""},{""name"":""rs-39-p3-5nkpj"",""cpu_m"":250,""mem_b"":281514678,""priority"":""3"",""node"":""kwok-node-16""},{""name"":""rs-39-p3-bk9gm"",""cpu_m"":250,""mem_b"":281514678,""priority"":""3"",""node"":""kwok-node-11""},{""name"":""rs-39-p3-mzkdp"",""cpu_m"":250,""mem_b"":281514678,""priority"":""3"",""node"":""kwok-node-5""},{""name"":""rs-40-p3-8wt95"",""cpu_m"":897,""mem_b"":825291200,""priority"":""3"",""node"":""""},{""name"":""rs-40-p3-w2sbc"",""cpu_m"":897,""mem_b"":825291200,""priority"":""3"",""node"":""""},{""name"":""rs-41-p3-82qx9"",""cpu_m"":628,""mem_b"":830017779,""priority"":""3"",""node"":""kwok-node-4""},{""name"":""rs-41-p3-8x4pz"",""cpu_m"":628,""mem_b"":830017779,""priority"":""3"",""node"":""kwok-node-32""},{""name"":""rs-41-p3-b485k"",""cpu_m"":628,""mem_b"":830017779,""priority"":""3"",""node"":""""},{""name"":""rs-42-p4-6vc6g"",""cpu_m"":678,""mem_b"":130266731,""priority"":""4"",""node"":""kwok-node-30""},{""name"":""rs-42-p4-8ztt7"",""cpu_m"":678,""mem_b"":130266731,""priority"":""4"",""node"":""kwok-node-23""},{""name"":""rs-42-p4-dlpqd"",""cpu_m"":678,""mem_b"":130266731,""priority"":""4"",""node"":""kwok-node-29""},{""name"":""rs-42-p4-vnkhj"",""cpu_m"":678,""mem_b"":130266731,""priority"":""4"",""node"":""kwok-node-15""},{""name"":""rs-43-p2-59p25"",""cpu_m"":274,""mem_b"":495552466,""priority"":""2"",""node"":""kwok-node-14""},{""name"":""rs-43-p2-6kvnr"",""cpu_m"":274,""mem_b"":495552466,""priority"":""2"",""node"":""kwok-node-5""},{""name"":""rs-43-p2-fzv2r"",""cpu_m"":274,""mem_b"":495552466,""priority"":""2"",""node"":""kwok-node-13""},{""name"":""rs-43-p2-rtgcq"",""cpu_m"":274,""mem_b"":495552466,""priority"":""2"",""node"":""kwok-node-22""},{""name"":""rs-44-p4-pls84"",""cpu_m"":185,""mem_b"":522451151,""priority"":""4"",""node"":""kwok-node-10""},{""name"":""rs-44-p4-xp2tm"",""cpu_m"":185,""mem_b"":522451151,""priority"":""4"",""node"":""kwok-node-16""},{""name"":""rs-45-p3-8g4qj"",""cpu_m"":479,""mem_b"":664506549,""priority"":""3"",""node"":""kwok-node-1""},{""name"":""rs-45-p3-rlpzw"",""cpu_m"":479,""mem_b"":664506549,""priority"":""3"",""node"":""kwok-node-12""},{""name"":""rs-46-p3-2qj2h"",""cpu_m"":630,""mem_b"":157534708,""priority"":""3"",""node"":""kwok-node-6""},{""name"":""rs-47-p3-db2v9"",""cpu_m"":124,""mem_b"":943571525,""priority"":""3"",""node"":""""},{""name"":""rs-47-p3-s47qk"",""cpu_m"":124,""mem_b"":943571525,""priority"":""3"",""node"":""""},{""name"":""rs-47-p3-s4dsw"",""cpu_m"":124,""mem_b"":943571525,""priority"":""3"",""node"":""""},{""name"":""rs-47-p3-svghg"",""cpu_m"":124,""mem_b"":943571525,""priority"":""3"",""node"":""""},{""name"":""rs-48-p3-282h2"",""cpu_m"":933,""mem_b"":540976303,""priority"":""3"",""node"":""""},{""name"":""rs-48-p3-tjq9h"",""cpu_m"":933,""mem_b"":540976303,""priority"":""3"",""node"":""""},{""name"":""rs-49-p1-4crm5"",""cpu_m"":140,""mem_b"":277171620,""priority"":""1"",""node"":""kwok-node-11""},{""name"":""rs-49-p1-6bjz7"",""cpu_m"":140,""mem_b"":277171620,""priority"":""1"",""node"":""kwok-node-17""},{""name"":""rs-49-p1-l44z2"",""cpu_m"":140,""mem_b"":277171620,""priority"":""1"",""node"":""kwok-node-18""},{""name"":""rs-49-p1-wmnz8"",""cpu_m"":140,""mem_b"":277171620,""priority"":""1"",""node"":""kwok-node-8""},{""name"":""rs-50-p1-47p26"",""cpu_m"":643,""mem_b"":820673746,""priority"":""1"",""node"":""""},{""name"":""rs-51-p1-gdqpp"",""cpu_m"":486,""mem_b"":542362854,""priority"":""1"",""node"":""kwok-node-7""},{""name"":""rs-51-p1-hsxhm"",""cpu_m"":486,""mem_b"":542362854,""priority"":""1"",""node"":""""},{""name"":""rs-52-p4-lv7xk"",""cpu_m"":380,""mem_b"":932323631,""priority"":""4"",""node"":""""}]","[{""name"":""kwok-node-1"",""cap_cpu_m"":1998,""cap_mem_bytes"":2256305890},{""name"":""kwok-node-2"",""cap_cpu_m"":1998,""cap_mem_bytes"":2256305890},{""name"":""kwok-node-3"",""cap_cpu_m"":1998,""cap_mem_bytes"":2256305890},{""name"":""kwok-node-4"",""cap_cpu_m"":1998,""cap_mem_bytes"":2256305890},{""name"":""kwok-node-5"",""cap_cpu_m"":1998,""cap_mem_bytes"":2256305890},{""name"":""kwok-node-6"",""cap_cpu_m"":1998,""cap_mem_bytes"":2256305890},{""name"":""kwok-node-7"",""cap_cpu_m"":1998,""cap_mem_bytes"":2256305890},{""name"":""kwok-node-8"",""cap_cpu_m"":1998,""cap_mem_bytes"":2256305890},{""name"":""kwok-node-9"",""cap_cpu_m"":1998,""cap_mem_bytes"":2256305890},{""name"":""kwok-node-10"",""cap_cpu_m"":1998,""cap_mem_bytes"":2256305890},{""name"":""kwok-node-11"",""cap_cpu_m"":1998,""cap_mem_bytes"":2256305890},{""name"":""kwok-node-12"",""cap_cpu_m"":1998,""cap_mem_bytes"":2256305890},{""name"":""kwok-node-13"",""cap_cpu_m"":1998,""cap_mem_bytes"":2256305890},{""name"":""kwok-node-14"",""cap_cpu_m"":1998,""cap_mem_bytes"":2256305890},{""name"":""kwok-node-15"",""cap_cpu_m"":1998,""cap_mem_bytes"":2256305890},{""name"":""kwok-node-16"",""cap_cpu_m"":1998,""cap_mem_bytes"":2256305890},{""name"":""kwok-node-17"",""cap_cpu_m"":1998,""cap_mem_bytes"":2256305890},{""name"":""kwok-node-18"",""cap_cpu_m"":1998,""cap_mem_bytes"":2256305890},{""name"":""kwok-node-19"",""cap_cpu_m"":1998,""cap_mem_bytes"":2256305890},{""name"":""kwok-node-20"",""cap_cpu_m"":1998,""cap_mem_bytes"":2256305890},{""name"":""kwok-node-21"",""cap_cpu_m"":1998,""cap_mem_bytes"":2256305890},{""name"":""kwok-node-22"",""cap_cpu_m"":1998,""cap_mem_bytes"":2256305890},{""name"":""kwok-node-23"",""cap_cpu_m"":1998,""cap_mem_bytes"":2256305890},{""name"":""kwok-node-24"",""cap_cpu_m"":1998,""cap_mem_bytes"":2256305890},{""name"":""kwok-node-25"",""cap_cpu_m"":1998,""cap_mem_bytes"":2256305890},{""name"":""kwok-node-26"",""cap_cpu_m"":1998,""cap_mem_bytes"":2256305890},{""name"":""kwok-node-27"",""cap_cpu_m"":1998,""cap_mem_bytes"":2256305890},{""name"":""kwok-node-28"",""cap_cpu_m"":1998,""cap_mem_bytes"":2256305890},{""name"":""kwok-node-29"",""cap_cpu_m"":1998,""cap_mem_bytes"":2256305890},{""name"":""kwok-node-30"",""cap_cpu_m"":1998,""cap_mem_bytes"":2256305890},{""name"":""kwok-node-31"",""cap_cpu_m"":1998,""cap_mem_bytes"":2256305890},{""name"":""kwok-node-32"",""cap_cpu_m"":1998,""cap_mem_bytes"":2256305890}]"
2026/02/11/11:31:12,6772603432636054556,,"{""evicted"":0,""moved"":0,""placed_by_priority"":{""1"":34,""2"":17,""3"":21,""4"":36}}",python,"{""evicted"":14,""moved"":8,""placed_by_priority"":{""1"":20,""2"":23,""3"":27,""4"":44}}",976,FEASIBLE,"[{""duration_ms"":976,""name"":""python"",""score"":{""evicted"":14,""moved"":8,""placed_by_priority"":{""1"":20,""2"":23,""3"":27,""4"":44}},""status"":""FEASIBLE""}]",0.909,0.844,0.943,0.835,64743,60105,59961268637,53107416557,114,108,14,20,"{""kwok-node-1"":4,""kwok-node-10"":3,""kwok-node-11"":4,""kwok-node-12"":3,""kwok-node-13"":3,""kwok-node-14"":3,""kwok-node-15"":4,""kwok-node-16"":3,""kwok-node-17"":4,""kwok-node-18"":4,""kwok-node-19"":3,""kwok-node-2"":3,""kwok-node-20"":4,""kwok-node-21"":3,""kwok-node-22"":3,""kwok-node-23"":3,""kwok-node-24"":4,""kwok-node-25"":3,""kwok-node-26"":3,""kwok-node-27"":4,""kwok-node-28"":5,""kwok-node-29"":3,""kwok-node-3"":4,""kwok-node-30"":5,""kwok-node-31"":4,""kwok-node-32"":3,""kwok-node-4"":4,""kwok-node-5"":3,""kwok-node-6"":4,""kwok-node-7"":4,""kwok-node-8"":4,""kwok-node-9"":3}","{""kwok-node-1"":3,""kwok-node-10"":3,""kwok-node-11"":4,""kwok-node-12"":3,""kwok-node-13"":3,""kwok-node-14"":3,""kwok-node-15"":4,""kwok-node-16"":3,""kwok-node-17"":4,""kwok-node-18"":4,""kwok-node-19"":3,""kwok-node-2"":3,""kwok-node-20"":4,""kwok-node-21"":3,""kwok-node-22"":3,""kwok-node-23"":3,""kwok-node-24"":4,""kwok-node-25"":2,""kwok-node-26"":3,""kwok-node-27"":4,""kwok-node-28"":4,""kwok-node-29"":3,""kwok-node-3"":3,""kwok-node-30"":4,""kwok-node-31"":4,""kwok-node-32"":3,""kwok-node-4"":4,""kwok-node-5"":3,""kwok-node-6"":4,""kwok-node-7"":3,""kwok-node-8"":4,""kwok-node-9"":3}","{""p1"":20,""p2"":23,""p3"":27,""p4"":44}","{""p1"":34,""p2"":17,""p3"":21,""p4"":36}","{""p1"":14}","{""p2"":6,""p3"":6,""p4"":8}","{rs-05-p1-k86jr,rs-15-p1-jf6kq,rs-23-p1-6flgh,rs-23-p1-n8fnm,rs-25-p1-bhgvg,rs-25-p1-bl2mn,rs-25-p1-c2vqt,rs-31-p1-cxvjv,rs-31-p1-lcfc7,rs-31-p1-pqthq,rs-32-p1-p2k7r,rs-34-p1-lhrkq,rs-37-p1-7lznl,rs-37-p1-zt2bp}","{rs-38-p2-jscts,rs-42-p4-4bllz,rs-42-p4-cfjrj,rs-42-p4-lq52f,rs-44-p3-2hrbw,rs-44-p3-2nblk,rs-44-p3-4zhp8,rs-44-p3-zqnd4,rs-45-p2-d922w,rs-45-p2-sv9s9,rs-45-p2-x5vkr,rs-50-p4-dmxp4,rs-50-p4-vcqgm,rs-50-p4-wshh2,rs-51-p3-92q44,rs-51-p3-qzghh,rs-52-p4-6s65d,rs-52-p4-fgghk,rs-54-p2-2v5hg,rs-54-p2-nfm6m}","{rs-01-p3-54cl9,rs-01-p3-lm4nb,rs-02-p4-2s6zs,rs-03-p3-2x7z4,rs-03-p3-b5tns,rs-03-p3-dm9c4,rs-03-p3-lnpqd,rs-04-p4-8zpns,rs-04-p4-ppfpj,rs-05-p1-264cn,rs-05-p1-znzlk,rs-06-p4-65s2h,rs-06-p4-9qm6x,rs-06-p4-plqmp,rs-07-p3-59xr7,rs-07-p3-wd969,rs-08-p2-fh2ct,rs-08-p2-rl2l4,rs-08-p2-tmw4k,rs-09-p1-bd4nq,rs-10-p3-695pz,rs-10-p3-b8hjw,rs-10-p3-d97pq,rs-11-p1-6464j,rs-12-p3-vk5q8,rs-13-p2-57qj5,rs-13-p2-5jktz,rs-13-p2-s6htx,rs-14-p3-52nlm,rs-15-p1-9hf99,rs-15-p1-mgcvg,rs-16-p2-75rgg,rs-16-p2-lsnvf,rs-16-p2-ltcsp,rs-17-p4-mxwrb,rs-18-p4-4vkms,rs-18-p4-n8tfg,rs-19-p2-bh8gx,rs-20-p1-nsn2p,rs-21-p4-km6f5,rs-22-p4-7p8t9,rs-22-p4-9zjw5,rs-23-p1-lwj4n,rs-23-p1-w4pnb,rs-24-p2-gppv2,rs-26-p2-68k99,rs-27-p2-c5bnb,rs-27-p2-cmrld,rs-27-p2-plvtt,rs-28-p4-fd6s5,rs-28-p4-gg2mb,rs-28-p4-m7xmm,rs-28-p4-x6x2g,rs-29-p4-v26rz,rs-29-p4-wmmnx,rs-29-p4-z642x,rs-30-p3-cb6gm,rs-31-p1-4bdfv,rs-32-p1-7867p,rs-32-p1-9vps7,rs-32-p1-hdpwj,rs-33-p3-z9jkq,rs-34-p1-s9ktp,rs-35-p1-dhsmt,rs-35-p1-ft6r7,rs-35-p1-p29m5,rs-35-p1-xcc5r,rs-36-p3-dlnws,rs-36-p3-jvmj5,rs-36-p3-r9tw4,rs-38-p2-jscts,rs-39-p3-6lqgg,rs-39-p3-p8nl2,rs-39-p3-wmclm,rs-40-p4-cdm6j,rs-40-p4-sr6jv,rs-40-p4-ss825,rs-41-p4-5crsf,rs-41-p4-h8t5x,rs-41-p4-lxn6d,rs-41-p4-n4q7s,rs-42-p4-4bllz,rs-42-p4-cfjrj,rs-42-p4-lq52f,rs-43-p1-9tv7x,rs-43-p1-rzdwr,rs-44-p3-2hrbw,rs-44-p3-2nblk,rs-44-p3-4zhp8,rs-44-p3-zqnd4,rs-45-p2-d922w,rs-45-p2-sv9s9,rs-45-p2-x5vkr,rs-46-p4-9s7rf,rs-46-p4-g2dgh,rs-47-p4-2cxmd,rs-47-p4-rjnmj,rs-47-p4-st2wb,rs-48-p2-k5lcm,rs-49-p2-7qgvz,rs-50-p4-dmxp4,rs-50-p4-k5dj5,rs-50-p4-vcqgm,rs-50-p4-wshh2,rs-51-p3-92q44,rs-51-p3-qzghh,rs-52-p4-6s65d,rs-52-p4-fgghk,rs-53-p4-5rdsv,rs-53-p4-t5txv,rs-54-p2-2v5hg,rs-54-p2-nfm6m,rs-55-p4-4lvdn,rs-55-p4-7kdhs}","{rs-01-p3-54cl9,rs-01-p3-lm4nb,rs-02-p4-2s6zs,rs-03-p3-2x7z4,rs-03-p3-b5tns,rs-03-p3-dm9c4,rs-03-p3-lnpqd,rs-04-p4-8zpns,rs-04-p4-ppfpj,rs-05-p1-jl5s8,rs-05-p1-znzlk,rs-05-p1-zrgvj,rs-06-p4-65s2h,rs-06-p4-9qm6x,rs-06-p4-plqmp,rs-07-p3-59xr7,rs-07-p3-wd969,rs-08-p2-fh2ct,rs-08-p2-rl2l4,rs-08-p2-tmw4k,rs-09-p1-knlgw,rs-10-p3-695pz,rs-10-p3-b8hjw,rs-10-p3-d97pq,rs-11-p1-cdkzr,rs-12-p3-vk5q8,rs-13-p2-57qj5,rs-13-p2-5jktz,rs-13-p2-s6htx,rs-14-p3-52nlm,rs-15-p1-76572,rs-15-p1-9hf99,rs-15-p1-mgcvg,rs-16-p2-75rgg,rs-16-p2-lsnvf,rs-16-p2-ltcsp,rs-17-p4-mxwrb,rs-18-p4-4vkms,rs-18-p4-n8tfg,rs-19-p2-bh8gx,rs-20-p1-wdprh,rs-21-p4-km6f5,rs-22-p4-7p8t9,rs-22-p4-9zjw5,rs-23-p1-65phz,rs-23-p1-lwj4n,rs-23-p1-mprg7,rs-23-p1-w4pnb,rs-24-p2-gppv2,rs-25-p1-2bbzt,rs-25-p1-b2mvc,rs-25-p1-xcmq6,rs-26-p2-68k99,rs-27-p2-c5bnb,rs-27-p2-cmrld,rs-27-p2-plvtt,rs-28-p4-fd6s5,rs-28-p4-gg2mb,rs-28-p4-m7xmm,rs-28-p4-x6x2g,rs-29-p4-v26rz,rs-29-p4-wmmnx,rs-29-p4-z642x,rs-30-p3-cb6gm,rs-31-p1-4bdfv,rs-31-p1-jhx4d,rs-31-p1-p8cfx,rs-31-p1-twcmf,rs-32-p1-7867p,rs-32-p1-9vps7,rs-32-p1-hdpwj,rs-32-p1-m4p5v,rs-33-p3-z9jkq,rs-34-p1-jlr74,rs-34-p1-s9ktp,rs-35-p1-9mvkl,rs-35-p1-ft6r7,rs-35-p1-hb746,rs-35-p1-s82n8,rs-36-p3-dlnws,rs-36-p3-jvmj5,rs-36-p3-r9tw4,rs-37-p1-chkdv,rs-37-p1-fw7p9,rs-39-p3-6lqgg,rs-39-p3-p8nl2,rs-39-p3-wmclm,rs-40-p4-cdm6j,rs-40-p4-sr6jv,rs-40-p4-ss825,rs-41-p4-5crsf,rs-41-p4-h8t5x,rs-41-p4-lxn6d,rs-41-p4-n4q7s,rs-43-p1-9tv7x,rs-43-p1-tggpv,rs-46-p4-9s7rf,rs-46-p4-g2dgh,rs-47-p4-2cxmd,rs-47-p4-rjnmj,rs-47-p4-st2wb,rs-48-p2-k5lcm,rs-49-p2-7qgvz,rs-50-p4-k5dj5,rs-53-p4-5rdsv,rs-53-p4-t5txv,rs-55-p4-4lvdn,rs-55-p4-7kdhs}","[{""name"":""rs-01-p3-54cl9"",""cpu_m"":353,""mem_b"":993095521,""priority"":""3"",""node"":""kwok-node-14""},{""name"":""rs-01-p3-lm4nb"",""cpu_m"":353,""mem_b"":993095521,""priority"":""3"",""node"":""kwok-node-13""},{""name"":""rs-02-p4-2s6zs"",""cpu_m"":680,""mem_b"":723215107,""priority"":""4"",""node"":""kwok-node-18""},{""name"":""rs-03-p3-2x7z4"",""cpu_m"":678,""mem_b"":327138916,""priority"":""3"",""node"":""kwok-node-23""},{""name"":""rs-03-p3-b5tns"",""cpu_m"":678,""mem_b"":327138916,""priority"":""3"",""node"":""kwok-node-10""},{""name"":""rs-03-p3-dm9c4"",""cpu_m"":678,""mem_b"":327138916,""priority"":""3"",""node"":""kwok-node-12""},{""name"":""rs-03-p3-lnpqd"",""cpu_m"":678,""mem_b"":327138916,""priority"":""3"",""node"":""kwok-node-11""},{""name"":""rs-04-p4-8zpns"",""cpu_m"":803,""mem_b"":645718569,""priority"":""4"",""node"":""kwok-node-19""},{""name"":""rs-04-p4-ppfpj"",""cpu_m"":803,""mem_b"":645718569,""priority"":""4"",""node"":""kwok-node-1""},{""name"":""rs-05-p1-264cn"",""cpu_m"":385,""mem_b"":552571674,""priority"":""1"",""node"":""kwok-node-7""},{""name"":""rs-05-p1-k86jr"",""cpu_m"":385,""mem_b"":552571674,""priority"":""1"",""node"":""""},{""name"":""rs-05-p1-znzlk"",""cpu_m"":385,""mem_b"":552571674,""priority"":""1"",""node"":""kwok-node-15""},{""name"":""rs-06-p4-65s2h"",""cpu_m"":424,""mem_b"":882873431,""priority"":""4"",""node"":""kwok-node-2""},{""name"":""rs-06-p4-9qm6x"",""cpu_m"":424,""mem_b"":882873431,""priority"":""4"",""node"":""kwok-node-17""},{""name"":""rs-06-p4-plqmp"",""cpu_m"":424,""mem_b"":882873431,""priority"":""4"",""node"":""kwok-node-20""},{""name"":""rs-07-p3-59xr7"",""cpu_m"":975,""mem_b"":949477305,""priority"":""3"",""node"":""kwok-node-25""},{""name"":""rs-07-p3-wd969"",""cpu_m"":975,""mem_b"":949477305,""priority"":""3"",""node"":""kwok-node-21""},{""name"":""rs-08-p2-fh2ct"",""cpu_m"":828,""mem_b"":173823214,""priority"":""2"",""node"":""kwok-node-27""},{""name"":""rs-08-p2-rl2l4"",""cpu_m"":828,""mem_b"":173823214,""priority"":""2"",""node"":""kwok-node-29""},{""name"":""rs-08-p2-tmw4k"",""cpu_m"":828,""mem_b"":173823214,""priority"":""2"",""node"":""kwok-node-3""},{""name"":""rs-09-p1-bd4nq"",""cpu_m"":495,""mem_b"":389584904,""priority"":""1"",""node"":""kwok-node-30""},{""name"":""rs-10-p3-695pz"",""cpu_m"":105,""mem_b"":526829186,""priority"":""3"",""node"":""kwok-node-30""},{""name"":""rs-10-p3-b8hjw"",""cpu_m"":105,""mem_b"":526829186,""priority"":""3"",""node"":""kwok-node-24""},{""name"":""rs-10-p3-d97pq"",""cpu_m"":105,""mem_b"":526829186,""priority"":""3"",""node"":""kwok-node-28""},{""name"":""rs-11-p1-6464j"",""cpu_m"":228,""mem_b"":451294266,""priority"":""1"",""node"":""kwok-node-3""},{""name"":""rs-12-p3-vk5q8"",""cpu_m"":838,""mem_b"":219551797,""priority"":""3"",""node"":""kwok-node-8""},{""name"":""rs-13-p2-57qj5"",""cpu_m"":492,""mem_b"":772267956,""priority"":""2"",""node"":""kwok-node-9""},{""name"":""rs-13-p2-5jktz"",""cpu_m"":492,""mem_b"":772267956,""priority"":""2"",""node"":""kwok-node-5""},{""name"":""rs-13-p2-s6htx"",""cpu_m"":492,""mem_b"":772267956,""priority"":""2"",""node"":""kwok-node-32""},{""name"":""rs-14-p3-52nlm"",""cpu_m"":686,""mem_b"":137051670,""priority"":""3"",""node"":""kwok-node-7""},{""name"":""rs-15-p1-9hf99"",""cpu_m"":963,""mem_b"":303492251,""priority"":""1"",""node"":""kwok-node-31""},{""name"":""rs-15-p1-jf6kq"",""cpu_m"":963,""mem_b"":303492251,""priority"":""1"",""node"":""""},{""name"":""rs-15-p1-mgcvg"",""cpu_m"":963,""mem_b"":303492251,""priority"":""1"",""node"":""kwok-node-4""},{""name"":""rs-16-p2-75rgg"",""cpu_m"":699,""mem_b"":445416782,""priority"":""2"",""node"":""kwok-node-24""},{""name"":""rs-16-p2-lsnvf"",""cpu_m"":699,""mem_b"":445416782,""priority"":""2"",""node"":""kwok-node-28""},{""name"":""rs-16-p2-ltcsp"",""cpu_m"":699,""mem_b"":445416782,""priority"":""2"",""node"":""kwok-node-30""},{""name"":""rs-17-p4-mxwrb"",""cpu_m"":980,""mem_b"":840289052,""priority"":""4"",""node"":""kwok-node-26""},{""name"":""rs-18-p4-4vkms"",""cpu_m"":886,""mem_b"":569433026,""priority"":""4"",""node"":""kwok-node-22""},{""name"":""rs-18-p4-n8tfg"",""cpu_m"":886,""mem_b"":569433026,""priority"":""4"",""node"":""kwok-node-16""},{""name"":""rs-19-p2-bh8gx"",""cpu_m"":334,""mem_b"":739558437,""priority"":""2"",""node"":""kwok-node-7""},{""name"":""rs-20-p1-nsn2p"",""cpu_m"":809,""mem_b"":381379320,""priority"":""1"",""node"":""kwok-node-3""},{""name"":""rs-21-p4-km6f5"",""cpu_m"":455,""mem_b"":141731577,""priority"":""4"",""node"":""kwok-node-9""},{""name"":""rs-22-p4-7p8t9"",""cpu_m"":344,""mem_b"":976870529,""priority"":""4"",""node"":""kwok-node-29""},{""name"":""rs-22-p4-9zjw5"",""cpu_m"":344,""mem_b"":976870529,""priority"":""4"",""node"":""kwok-node-3""},{""name"":""rs-23-p1-6flgh"",""cpu_m"":766,""mem_b"":410027688,""priority"":""1"",""node"":""""},{""name"":""rs-23-p1-lwj4n"",""cpu_m"":766,""mem_b"":410027688,""priority"":""1"",""node"":""kwok-node-18""},{""name"":""rs-23-p1-n8fnm"",""cpu_m"":766,""mem_b"":410027688,""priority"":""1"",""node"":""""},{""name"":""rs-23-p1-w4pnb"",""cpu_m"":766,""mem_b"":410027688,""priority"":""1"",""node"":""kwok-node-23""},{""name"":""rs-24-p2-gppv2"",""cpu_m"":277,""mem_b"":163425945,""priority"":""2"",""node"":""kwok-node-11""},{""name"":""rs-25-p1-bhgvg"",""cpu_m"":856,""mem_b"":157036584,""priority"":""1"",""node"":""""},{""name"":""rs-25-p1-bl2mn"",""cpu_m"":856,""mem_b"":157036584,""priority"":""1"",""node"":""""},{""name"":""rs-25-p1-c2vqt"",""cpu_m"":856,""mem_b"":157036584,""priority"":""1"",""node"":""""},{""name"":""rs-26-p2-68k99"",""cpu_m"":922,""mem_b"":644998221,""priority"":""2"",""node"":""kwok-node-12""},{""name"":""rs-27-p2-c5bnb"",""cpu_m"":414,""mem_b"":339166976,""priority"":""2"",""node"":""kwok-node-27""},{""name"":""rs-27-p2-cmrld"",""cpu_m"":414,""mem_b"":339166976,""priority"":""2"",""node"":""kwok-node-19""},{""name"":""rs-27-p2-plvtt"",""cpu_m"":414,""mem_b"":339166976,""priority"":""2"",""node"":""kwok-node-1""},{""name"":""rs-28-p4-fd6s5"",""cpu_m"":194,""mem_b"":328411597,""priority"":""4"",""node"":""kwok-node-6""},{""name"":""rs-28-p4-gg2mb"",""cpu_m"":194,""mem_b"":328411597,""priority"":""4"",""node"":""kwok-node-8""},{""name"":""rs-28-p4-m7xmm"",""cpu_m"":194,""mem_b"":328411597,""priority"":""4"",""node"":""kwok-node-31""},{""name"":""rs-28-p4-x6x2g"",""cpu_m"":194,""mem_b"":328411597,""priority"":""4"",""node"":""kwok-node-4""},{""name"":""rs-29-p4-v26rz"",""cpu_m"":739,""mem_b"":269456827,""priority"":""4"",""node"":""kwok-node-13""},{""name"":""rs-29-p4-wmmnx"",""cpu_m"":739,""mem_b"":269456827,""priority"":""4"",""node"":""kwok-node-30""},{""name"":""rs-29-p4-z642x"",""cpu_m"":739,""mem_b"":269456827,""priority"":""4"",""node"":""kwok-node-2""},{""name"":""rs-30-p3-cb6gm"",""cpu_m"":830,""mem_b"":743669462,""priority"":""3"",""node"":""kwok-node-10""},{""name"":""rs-31-p1-4bdfv"",""cpu_m"":739,""mem_b"":704832809,""priority"":""1"",""node"":""kwok-node-11""},{""name"":""rs-31-p1-cxvjv"",""cpu_m"":739,""mem_b"":704832809,""priority"":""1"",""node"":""""},{""name"":""rs-31-p1-lcfc7"",""cpu_m"":739,""mem_b"":704832809,""priority"":""1"",""node"":""""},{""name"":""rs-31-p1-pqthq"",""cpu_m"":739,""mem_b"":704832809,""priority"":""1"",""node"":""""},{""name"":""rs-32-p1-7867p"",""cpu_m"":342,""mem_b"":715688786,""priority"":""1"",""node"":""kwok-node-31""},{""name"":""rs-32-p1-9vps7"",""cpu_m"":342,""mem_b"":715688786,""priority"":""1"",""node"":""kwok-node-6""},{""name"":""rs-32-p1-hdpwj"",""cpu_m"":342,""mem_b"":715688786,""priority"":""1"",""node"":""kwok-node-4""},{""name"":""rs-32-p1-p2k7r"",""cpu_m"":342,""mem_b"":715688786,""priority"":""1"",""node"":""""},{""name"":""rs-33-p3-z9jkq"",""cpu_m"":629,""mem_b"":627025084,""priority"":""3"",""node"":""kwok-node-25""},{""name"":""rs-34-p1-lhrkq"",""cpu_m"":818,""mem_b"":188851400,""priority"":""1"",""node"":""""},{""name"":""rs-34-p1-s9ktp"",""cpu_m"":818,""mem_b"":188851400,""priority"":""1"",""node"":""kwok-node-24""},{""name"":""rs-35-p1-dhsmt"",""cpu_m"":570,""mem_b"":329338815,""priority"":""1"",""node"":""kwok-node-28""},{""name"":""rs-35-p1-ft6r7"",""cpu_m"":570,""mem_b"":329338815,""priority"":""1"",""node"":""kwok-node-21""},{""name"":""rs-35-p1-p29m5"",""cpu_m"":570,""mem_b"":329338815,""priority"":""1"",""node"":""kwok-node-25""},{""name"":""rs-35-p1-xcc5r"",""cpu_m"":570,""mem_b"":329338815,""priority"":""1"",""node"":""kwok-node-28""},{""name"":""rs-36-p3-dlnws"",""cpu_m"":558,""mem_b"":316755259,""priority"":""3"",""node"":""kwok-node-1""},{""name"":""rs-36-p3-jvmj5"",""cpu_m"":558,""mem_b"":316755259,""priority"":""3"",""node"":""kwok-node-15""},{""name"":""rs-36-p3-r9tw4"",""cpu_m"":558,""mem_b"":316755259,""priority"":""3"",""node"":""kwok-node-14""},{""name"":""rs-37-p1-7lznl"",""cpu_m"":587,""mem_b"":835490509,""priority"":""1"",""node"":""""},{""name"":""rs-37-p1-zt2bp"",""cpu_m"":587,""mem_b"":835490509,""priority"":""1"",""node"":""""},{""name"":""rs-38-p2-jscts"",""cpu_m"":842,""mem_b"":977181750,""priority"":""2"",""node"":""kwok-node-19""},{""name"":""rs-39-p3-6lqgg"",""cpu_m"":757,""mem_b"":456211036,""priority"":""3"",""node"":""kwok-node-13""},{""name"":""rs-39-p3-p8nl2"",""cpu_m"":757,""mem_b"":456211036,""priority"":""3"",""node"":""kwok-node-16""},{""name"":""rs-39-p3-wmclm"",""cpu_m"":757,""mem_b"":456211036,""priority"":""3"",""node"":""kwok-node-22""},{""name"":""rs-40-p4-cdm6j"",""cpu_m"":109,""mem_b"":230207372,""priority"":""4"",""node"":""kwok-node-18""},{""name"":""rs-40-p4-sr6jv"",""cpu_m"":109,""mem_b"":230207372,""priority"":""4"",""node"":""kwok-node-17""},{""name"":""rs-40-p4-ss825"",""cpu_m"":109,""mem_b"":230207372,""priority"":""4"",""node"":""kwok-node-20""},{""name"":""rs-41-p4-5crsf"",""cpu_m"":374,""mem_b"":509814407,""priority"":""4"",""node"":""kwok-node-27""},{""name"":""rs-41-p4-h8t5x"",""cpu_m"":374,""mem_b"":509814407,""priority"":""4"",""node"":""kwok-node-5""},{""name"":""rs-41-p4-lxn6d"",""cpu_m"":374,""mem_b"":509814407,""priority"":""4"",""node"":""kwok-node-32""},{""name"":""rs-41-p4-n4q7s"",""cpu_m"":374,""mem_b"":509814407,""priority"":""4"",""node"":""kwok-node-26""},{""name"":""rs-42-p4-4bllz"",""cpu_m"":684,""mem_b"":912424331,""priority"":""4"",""node"":""kwok-node-9""},{""name"":""rs-42-p4-cfjrj"",""cpu_m"":684,""mem_b"":912424331,""priority"":""4"",""node"":""kwok-node-23""},{""name"":""rs-42-p4-lq52f"",""cpu_m"":684,""mem_b"":912424331,""priority"":""4"",""node"":""kwok-node-10""},{""name"":""rs-43-p1-9tv7x"",""cpu_m"":343,""mem_b"":577147883,""priority"":""1"",""node"":""kwok-node-24""},{""name"":""rs-43-p1-rzdwr"",""cpu_m"":343,""mem_b"":577147883,""priority"":""1"",""node"":""kwok-node-1""},{""name"":""rs-44-p3-2hrbw"",""cpu_m"":505,""mem_b"":918686128,""priority"":""3"",""node"":""kwok-node-22""},{""name"":""rs-44-p3-2nblk"",""cpu_m"":505,""mem_b"":918686128,""priority"":""3"",""node"":""kwok-node-12""},{""name"":""rs-44-p3-4zhp8"",""cpu_m"":505,""mem_b"":918686128,""priority"":""3"",""node"":""kwok-node-16""},{""name"":""rs-44-p3-zqnd4"",""cpu_m"":505,""mem_b"":918686128,""priority"":""3"",""node"":""kwok-node-27""},{""name"":""rs-45-p2-d922w"",""cpu_m"":975,""mem_b"":303302387,""priority"":""2"",""node"":""kwok-node-5""},{""name"":""rs-45-p2-sv9s9"",""cpu_m"":975,""mem_b"":303302387,""priority"":""2"",""node"":""kwok-node-15""},{""name"":""rs-45-p2-x5vkr"",""cpu_m"":975,""mem_b"":303302387,""priority"":""2"",""node"":""kwok-node-6""},{""name"":""rs-46-p4-9s7rf"",""cpu_m"":132,""mem_b"":330957896,""priority"":""4"",""node"":""kwok-node-28""},{""name"":""rs-46-p4-g2dgh"",""cpu_m"":132,""mem_b"":330957896,""priority"":""4"",""node"":""kwok-node-30""},{""name"":""rs-47-p4-2cxmd"",""cpu_m"":202,""mem_b"":642698960,""priority"":""4"",""node"":""kwok-node-8""},{""name"":""rs-47-p4-rjnmj"",""cpu_m"":202,""mem_b"":642698960,""priority"":""4"",""node"":""kwok-node-11""},{""name"":""rs-47-p4-st2wb"",""cpu_m"":202,""mem_b"":642698960,""priority"":""4"",""node"":""kwok-node-15""},{""name"":""rs-48-p2-k5lcm"",""cpu_m"":583,""mem_b"":106613114,""priority"":""2"",""node"":""kwok-node-20""},{""name"":""rs-49-p2-7qgvz"",""cpu_m"":764,""mem_b"":100578659,""priority"":""2"",""node"":""kwok-node-17""},{""name"":""rs-50-p4-dmxp4"",""cpu_m"":586,""mem_b"":679094942,""priority"":""4"",""node"":""kwok-node-17""},{""name"":""rs-50-p4-k5dj5"",""cpu_m"":586,""mem_b"":679094942,""priority"":""4"",""node"":""kwok-node-21""},{""name"":""rs-50-p4-vcqgm"",""cpu_m"":586,""mem_b"":679094942,""priority"":""4"",""node"":""kwok-node-29""},{""name"":""rs-50-p4-wshh2"",""cpu_m"":586,""mem_b"":679094942,""priority"":""4"",""node"":""kwok-node-32""},{""name"":""rs-51-p3-92q44"",""cpu_m"":815,""mem_b"":420738760,""priority"":""3"",""node"":""kwok-node-7""},{""name"":""rs-51-p3-qzghh"",""cpu_m"":815,""mem_b"":420738760,""priority"":""3"",""node"":""kwok-node-26""},{""name"":""rs-52-p4-6s65d"",""cpu_m"":978,""mem_b"":606556985,""priority"":""4"",""node"":""kwok-node-2""},{""name"":""rs-52-p4-fgghk"",""cpu_m"":978,""mem_b"":606556985,""priority"":""4"",""node"":""kwok-node-8""},{""name"":""rs-53-p4-5rdsv"",""cpu_m"":535,""mem_b"":630226249,""priority"":""4"",""node"":""kwok-node-31""},{""name"":""rs-53-p4-t5txv"",""cpu_m"":535,""mem_b"":630226249,""priority"":""4"",""node"":""kwok-node-4""},{""name"":""rs-54-p2-2v5hg"",""cpu_m"":727,""mem_b"":650059016,""priority"":""2"",""node"":""kwok-node-20""},{""name"":""rs-54-p2-nfm6m"",""cpu_m"":727,""mem_b"":650059016,""priority"":""2"",""node"":""kwok-node-14""},{""name"":""rs-55-p4-4lvdn"",""cpu_m"":606,""mem_b"":558191315,""priority"":""4"",""node"":""kwok-node-18""},{""name"":""rs-55-p4-7kdhs"",""cpu_m"":606,""mem_b"":558191315,""priority"":""4"",""node"":""kwok-node-6""}]","[{""name"":""rs-01-p3-54cl9"",""cpu_m"":353,""mem_b"":993095521,""priority"":""3"",""node"":""kwok-node-14""},{""name"":""rs-01-p3-lm4nb"",""cpu_m"":353,""mem_b"":993095521,""priority"":""3"",""node"":""kwok-node-13""},{""name"":""rs-02-p4-2s6zs"",""cpu_m"":680,""mem_b"":723215107,""priority"":""4"",""node"":""kwok-node-18""},{""name"":""rs-03-p3-2x7z4"",""cpu_m"":678,""mem_b"":327138916,""priority"":""3"",""node"":""kwok-node-23""},{""name"":""rs-03-p3-b5tns"",""cpu_m"":678,""mem_b"":327138916,""priority"":""3"",""node"":""kwok-node-10""},{""name"":""rs-03-p3-dm9c4"",""cpu_m"":678,""mem_b"":327138916,""priority"":""3"",""node"":""kwok-node-12""},{""name"":""rs-03-p3-lnpqd"",""cpu_m"":678,""mem_b"":327138916,""priority"":""3"",""node"":""kwok-node-11""},{""name"":""rs-04-p4-8zpns"",""cpu_m"":803,""mem_b"":645718569,""priority"":""4"",""node"":""kwok-node-19""},{""name"":""rs-04-p4-ppfpj"",""cpu_m"":803,""mem_b"":645718569,""priority"":""4"",""node"":""kwok-node-1""},{""name"":""rs-05-p1-jl5s8"",""cpu_m"":385,""mem_b"":552571674,""priority"":""1"",""node"":""kwok-node-16""},{""name"":""rs-05-p1-znzlk"",""cpu_m"":385,""mem_b"":552571674,""priority"":""1"",""node"":""kwok-node-15""},{""name"":""rs-05-p1-zrgvj"",""cpu_m"":385,""mem_b"":552571674,""priority"":""1"",""node"":""kwok-node-22""},{""name"":""rs-06-p4-65s2h"",""cpu_m"":424,""mem_b"":882873431,""priority"":""4"",""node"":""kwok-node-2""},{""name"":""rs-06-p4-9qm6x"",""cpu_m"":424,""mem_b"":882873431,""priority"":""4"",""node"":""kwok-node-17""},{""name"":""rs-06-p4-plqmp"",""cpu_m"":424,""mem_b"":882873431,""priority"":""4"",""node"":""kwok-node-20""},{""name"":""rs-07-p3-59xr7"",""cpu_m"":975,""mem_b"":949477305,""priority"":""3"",""node"":""kwok-node-25""},{""name"":""rs-07-p3-wd969"",""cpu_m"":975,""mem_b"":949477305,""priority"":""3"",""node"":""kwok-node-21""},{""name"":""rs-08-p2-fh2ct"",""cpu_m"":828,""mem_b"":173823214,""priority"":""2"",""node"":""kwok-node-27""},{""name"":""rs-08-p2-rl2l4"",""cpu_m"":828,""mem_b"":173823214,""priority"":""2"",""node"":""kwok-node-29""},{""name"":""rs-08-p2-tmw4k"",""cpu_m"":828,""mem_b"":173823214,""priority"":""2"",""node"":""kwok-node-3""},{""name"":""rs-09-p1-knlgw"",""cpu_m"":495,""mem_b"":389584904,""priority"":""1"",""node"":""kwok-node-26""},{""name"":""rs-10-p3-695pz"",""cpu_m"":105,""mem_b"":526829186,""priority"":""3"",""node"":""kwok-node-30""},{""name"":""rs-10-p3-b8hjw"",""cpu_m"":105,""mem_b"":526829186,""priority"":""3"",""node"":""kwok-node-24""},{""name"":""rs-10-p3-d97pq"",""cpu_m"":105,""mem_b"":526829186,""priority"":""3"",""node"":""kwok-node-28""},{""name"":""rs-11-p1-cdkzr"",""cpu_m"":228,""mem_b"":451294266,""priority"":""1"",""node"":""kwok-node-10""},{""name"":""rs-12-p3-vk5q8"",""cpu_m"":838,""mem_b"":219551797,""priority"":""3"",""node"":""kwok-node-8""},{""name"":""rs-13-p2-57qj5"",""cpu_m"":492,""mem_b"":772267956,""priority"":""2"",""node"":""kwok-node-9""},{""name"":""rs-13-p2-5jktz"",""cpu_m"":492,""mem_b"":772267956,""priority"":""2"",""node"":""kwok-node-5""},{""name"":""rs-13-p2-s6htx"",""cpu_m"":492,""mem_b"":772267956,""priority"":""2"",""node"":""kwok-node-32""},{""name"":""rs-14-p3-52nlm"",""cpu_m"":686,""mem_b"":137051670,""priority"":""3"",""node"":""kwok-node-7""},{""name"":""rs-15-p1-76572"",""cpu_m"":963,""mem_b"":303492251,""priority"":""1"",""node"":""kwok-node-6""},{""name"":""rs-15-p1-9hf99"",""cpu_m"":963,""mem_b"":303492251,""priority"":""1"",""node"":""kwok-node-31""},{""name"":""rs-15-p1-mgcvg"",""cpu_m"":963,""mem_b"":303492251,""priority"":""1"",""node"":""kwok-node-4""},{""name"":""rs-16-p2-75rgg"",""cpu_m"":699,""mem_b"":445416782,""priority"":""2"",""node"":""kwok-node-24""},{""name"":""rs-16-p2-lsnvf"",""cpu_m"":699,""mem_b"":445416782,""priority"":""2"",""node"":""kwok-node-28""},{""name"":""rs-16-p2-ltcsp"",""cpu_m"":699,""mem_b"":445416782,""priority"":""2"",""node"":""kwok-node-30""},{""name"":""rs-17-p4-mxwrb"",""cpu_m"":980,""mem_b"":840289052,""priority"":""4"",""node"":""kwok-node-26""},{""name"":""rs-18-p4-4vkms"",""cpu_m"":886,""mem_b"":569433026,""priority"":""4"",""node"":""kwok-node-22""},{""name"":""rs-18-p4-n8tfg"",""cpu_m"":886,""mem_b"":569433026,""priority"":""4"",""node"":""kwok-node-16""},{""name"":""rs-19-p2-bh8gx"",""cpu_m"":334,""mem_b"":739558437,""priority"":""2"",""node"":""kwok-node-7""},{""name"":""rs-20-p1-wdprh"",""cpu_m"":809,""mem_b"":381379320,""priority"":""1"",""node"":""kwok-node-15""},{""name"":""rs-21-p4-km6f5"",""cpu_m"":455,""mem_b"":141731577,""priority"":""4"",""node"":""kwok-node-9""},{""name"":""rs-22-p4-7p8t9"",""cpu_m"":344,""mem_b"":976870529,""priority"":""4"",""node"":""kwok-node-29""},{""name"":""rs-22-p4-9zjw5"",""cpu_m"":344,""mem_b"":976870529,""priority"":""4"",""node"":""kwok-node-3""},{""name"":""rs-23-p1-65phz"",""cpu_m"":766,""mem_b"":410027688,""priority"":""1"",""node"":""kwok-node-5""},{""name"":""rs-23-p1-lwj4n"",""cpu_m"":766,""mem_b"":410027688,""priority"":""1"",""node"":""kwok-node-18""},{""name"":""rs-23-p1-mprg7"",""cpu_m"":766,""mem_b"":410027688,""priority"":""1"",""node"":""kwok-node-32""},{""name"":""rs-23-p1-w4pnb"",""cpu_m"":766,""mem_b"":410027688,""priority"":""1"",""node"":""kwok-node-23""},{""name"":""rs-24-p2-gppv2"",""cpu_m"":277,""mem_b"":163425945,""priority"":""2"",""node"":""kwok-node-11""},{""name"":""rs-25-p1-2bbzt"",""cpu_m"":856,""mem_b"":157036584,""priority"":""1"",""node"":""kwok-node-20""},{""name"":""rs-25-p1-b2mvc"",""cpu_m"":856,""mem_b"":157036584,""priority"":""1"",""node"":""kwok-node-17""},{""name"":""rs-25-p1-xcmq6"",""cpu_m"":856,""mem_b"":157036584,""priority"":""1"",""node"":""kwok-node-14""},{""name"":""rs-26-p2-68k99"",""cpu_m"":922,""mem_b"":644998221,""priority"":""2"",""node"":""kwok-node-12""},{""name"":""rs-27-p2-c5bnb"",""cpu_m"":414,""mem_b"":339166976,""priority"":""2"",""node"":""kwok-node-27""},{""name"":""rs-27-p2-cmrld"",""cpu_m"":414,""mem_b"":339166976,""priority"":""2"",""node"":""kwok-node-19""},{""name"":""rs-27-p2-plvtt"",""cpu_m"":414,""mem_b"":339166976,""priority"":""2"",""node"":""kwok-node-1""},{""name"":""rs-28-p4-fd6s5"",""cpu_m"":194,""mem_b"":328411597,""priority"":""4"",""node"":""kwok-node-6""},{""name"":""rs-28-p4-gg2mb"",""cpu_m"":194,""mem_b"":328411597,""priority"":""4"",""node"":""kwok-node-8""},{""name"":""rs-28-p4-m7xmm"",""cpu_m"":194,""mem_b"":328411597,""priority"":""4"",""node"":""kwok-node-31""},{""name"":""rs-28-p4-x6x2g"",""cpu_m"":194,""mem_b"":328411597,""priority"":""4"",""node"":""kwok-node-4""},{""name"":""rs-29-p4-v26rz"",""cpu_m"":739,""mem_b"":269456827,""priority"":""4"",""node"":""kwok-node-13""},{""name"":""rs-29-p4-wmmnx"",""cpu_m"":739,""mem_b"":269456827,""priority"":""4"",""node"":""kwok-node-30""},{""name"":""rs-29-p4-z642x"",""cpu_m"":739,""mem_b"":269456827,""priority"":""4"",""node"":""kwok-node-2""},{""name"":""rs-30-p3-cb6gm"",""cpu_m"":830,""mem_b"":743669462,""priority"":""3"",""node"":""kwok-node-10""},{""name"":""rs-31-p1-4bdfv"",""cpu_m"":739,""mem_b"":704832809,""priority"":""1"",""node"":""kwok-node-11""},{""name"":""rs-31-p1-jhx4d"",""cpu_m"":739,""mem_b"":704832809,""priority"":""1"",""node"":""kwok-node-9""},{""name"":""rs-31-p1-p8cfx"",""cpu_m"":739,""mem_b"":704832809,""priority"":""1"",""node"":""kwok-node-8""},{""name"":""rs-31-p1-twcmf"",""cpu_m"":739,""mem_b"":704832809,""priority"":""1"",""node"":""kwok-node-7""},{""name"":""rs-32-p1-7867p"",""cpu_m"":342,""mem_b"":715688786,""priority"":""1"",""node"":""kwok-node-31""},{""name"":""rs-32-p1-9vps7"",""cpu_m"":342,""mem_b"":715688786,""priority"":""1"",""node"":""kwok-node-6""},{""name"":""rs-32-p1-hdpwj"",""cpu_m"":342,""mem_b"":715688786,""priority"":""1"",""node"":""kwok-node-4""},{""name"":""rs-32-p1-m4p5v"",""cpu_m"":342,""mem_b"":715688786,""priority"":""1"",""node"":""kwok-node-27""},{""name"":""rs-33-p3-z9jkq"",""cpu_m"":629,""mem_b"":627025084,""priority"":""3"",""node"":""kwok-node-25""},{""name"":""rs-34-p1-jlr74"",""cpu_m"":818,""mem_b"":188851400,""priority"":""1"",""node"":""kwok-node-28""},{""name"":""rs-34-p1-s9ktp"",""cpu_m"":818,""mem_b"":188851400,""priority"":""1"",""node"":""kwok-node-24""},{""name"":""rs-35-p1-9mvkl"",""cpu_m"":570,""mem_b"":329338815,""priority"":""1"",""node"":""kwok-node-2""},{""name"":""rs-35-p1-ft6r7"",""cpu_m"":570,""mem_b"":329338815,""priority"":""1"",""node"":""kwok-node-21""},{""name"":""rs-35-p1-hb746"",""cpu_m"":570,""mem_b"":329338815,""priority"":""1"",""node"":""kwok-node-29""},{""name"":""rs-35-p1-s82n8"",""cpu_m"":570,""mem_b"":329338815,""priority"":""1"",""node"":""kwok-node-3""},{""name"":""rs-36-p3-dlnws"",""cpu_m"":558,""mem_b"":316755259,""priority"":""3"",""node"":""kwok-node-1""},{""name"":""rs-36-p3-jvmj5"",""cpu_m"":558,""mem_b"":316755259,""priority"":""3"",""node"":""kwok-node-15""},{""name"":""rs-36-p3-r9tw4"",""cpu_m"":558,""mem_b"":316755259,""priority"":""3"",""node"":""kwok-node-14""},{""name"":""rs-37-p1-chkdv"",""cpu_m"":587,""mem_b"":835490509,""priority"":""1"",""node"":""kwok-node-23""},{""name"":""rs-37-p1-fw7p9"",""cpu_m"":587,""mem_b"":835490509,""priority"":""1"",""node"":""kwok-node-19""},{""name"":""rs-38-p2-jscts"",""cpu_m"":842,""mem_b"":977181750,""priority"":""2"",""node"":""""},{""name"":""rs-39-p3-6lqgg"",""cpu_m"":757,""mem_b"":456211036,""priority"":""3"",""node"":""kwok-node-13""},{""name"":""rs-39-p3-p8nl2"",""cpu_m"":757,""mem_b"":456211036,""priority"":""3"",""node"":""kwok-node-16""},{""name"":""rs-39-p3-wmclm"",""cpu_m"":757,""mem_b"":456211036,""priority"":""3"",""node"":""kwok-node-22""},{""name"":""rs-40-p4-cdm6j"",""cpu_m"":109,""mem_b"":230207372,""priority"":""4"",""node"":""kwok-node-18""},{""name"":""rs-40-p4-sr6jv"",""cpu_m"":109,""mem_b"":230207372,""priority"":""4"",""node"":""kwok-node-17""},{""name"":""rs-40-p4-ss825"",""cpu_m"":109,""mem_b"":230207372,""priority"":""4"",""node"":""kwok-node-20""},{""name"":""rs-41-p4-5crsf"",""cpu_m"":374,""mem_b"":509814407,""priority"":""4"",""node"":""kwok-node-27""},{""name"":""rs-41-p4-h8t5x"",""cpu_m"":374,""mem_b"":509814407,""priority"":""4"",""node"":""kwok-node-5""},{""name"":""rs-41-p4-lxn6d"",""cpu_m"":374,""mem_b"":509814407,""priority"":""4"",""node"":""kwok-node-32""},{""name"":""rs-41-p4-n4q7s"",""cpu_m"":374,""mem_b"":509814407,""priority"":""4"",""node"":""kwok-node-26""},{""name"":""rs-42-p4-4bllz"",""cpu_m"":684,""mem_b"":912424331,""priority"":""4"",""node"":""""},{""name"":""rs-42-p4-cfjrj"",""cpu_m"":684,""mem_b"":912424331,""priority"":""4"",""node"":""""},{""name"":""rs-42-p4-lq52f"",""cpu_m"":684,""mem_b"":912424331,""priority"":""4"",""node"":""""},{""name"":""rs-43-p1-9tv7x"",""cpu_m"":343,""mem_b"":577147883,""priority"":""1"",""node"":""kwok-node-24""},{""name"":""rs-43-p1-tggpv"",""cpu_m"":343,""mem_b"":577147883,""priority"":""1"",""node"":""kwok-node-12""},{""name"":""rs-44-p3-2hrbw"",""cpu_m"":505,""mem_b"":918686128,""priority"":""3"",""node"":""""},{""name"":""rs-44-p3-2nblk"",""cpu_m"":505,""mem_b"":918686128,""priority"":""3"",""node"":""""},{""name"":""rs-44-p3-4zhp8"",""cpu_m"":505,""mem_b"":918686128,""priority"":""3"",""node"":""""},{""name"":""rs-44-p3-zqnd4"",""cpu_m"":505,""mem_b"":918686128,""priority"":""3"",""node"":""""},{""name"":""rs-45-p2-d922w"",""cpu_m"":975,""mem_b"":303302387,""priority"":""2"",""node"":""""},{""name"":""rs-45-p2-sv9s9"",""cpu_m"":975,""mem_b"":303302387,""priority"":""2"",""node"":""""},{""name"":""rs-45-p2-x5vkr"",""cpu_m"":975,""mem_b"":303302387,""priority"":""2"",""node"":""""},{""name"":""rs-46-p4-9s7rf"",""cpu_m"":132,""mem_b"":330957896,""priority"":""4"",""node"":""kwok-node-28""},{""name"":""rs-46-p4-g2dgh"",""cpu_m"":132,""mem_b"":330957896,""priority"":""4"",""node"":""kwok-node-30""},{""name"":""rs-47-p4-2cxmd"",""cpu_m"":202,""mem_b"":642698960,""priority"":""4"",""node"":""kwok-node-8""},{""name"":""rs-47-p4-rjnmj"",""cpu_m"":202,""mem_b"":642698960,""priority"":""4"",""node"":""kwok-node-11""},{""name"":""rs-47-p4-st2wb"",""cpu_m"":202,""mem_b"":642698960,""priority"":""4"",""node"":""kwok-node-15""},{""name"":""rs-48-p2-k5lcm"",""cpu_m"":583,""mem_b"":106613114,""priority"":""2"",""node"":""kwok-node-20""},{""name"":""rs-49-p2-7qgvz"",""cpu_m"":764,""mem_b"":100578659,""priority"":""2"",""node"":""kwok-node-17""},{""name"":""rs-50-p4-dmxp4"",""cpu_m"":586,""mem_b"":679094942,""priority"":""4"",""node"":""""},{""name"":""rs-50-p4-k5dj5"",""cpu_m"":586,""mem_b"":679094942,""priority"":""4"",""node"":""kwok-node-21""},{""name"":""rs-50-p4-vcqgm"",""cpu_m"":586,""mem_b"":679094942,""priority"":""4"",""node"":""""},{""name"":""rs-50-p4-wshh2"",""cpu_m"":586,""mem_b"":679094942,""priority"":""4"",""node"":""""},{""name"":""rs-51-p3-92q44"",""cpu_m"":815,""mem_b"":420738760,""priority"":""3"",""node"":""""},{""name"":""rs-51-p3-qzghh"",""cpu_m"":815,""mem_b"":420738760,""priority"":""3"",""node"":""""},{""name"":""rs-52-p4-6s65d"",""cpu_m"":978,""mem_b"":606556985,""priority"":""4"",""node"":""""},{""name"":""rs-52-p4-fgghk"",""cpu_m"":978,""mem_b"":606556985,""priority"":""4"",""node"":""""},{""name"":""rs-53-p4-5rdsv"",""cpu_m"":535,""mem_b"":630226249,""priority"":""4"",""node"":""kwok-node-31""},{""name"":""rs-53-p4-t5txv"",""cpu_m"":535,""mem_b"":630226249,""priority"":""4"",""node"":""kwok-node-4""},{""name"":""rs-54-p2-2v5hg"",""cpu_m"":727,""mem_b"":650059016,""priority"":""2"",""node"":""""},{""name"":""rs-54-p2-nfm6m"",""cpu_m"":727,""mem_b"":650059016,""priority"":""2"",""node"":""""},{""name"":""rs-55-p4-4lvdn"",""cpu_m"":606,""mem_b"":558191315,""priority"":""4"",""node"":""kwok-node-18""},{""name"":""rs-55-p4-7kdhs"",""cpu_m"":606,""mem_b"":558191315,""priority"":""4"",""node"":""kwok-node-6""}]","[{""name"":""kwok-node-1"",""cap_cpu_m"":2225,""cap_mem_bytes"":1988051111},{""name"":""kwok-node-2"",""cap_cpu_m"":2225,""cap_mem_bytes"":1988051111},{""name"":""kwok-node-3"",""cap_cpu_m"":2225,""cap_mem_bytes"":1988051111},{""name"":""kwok-node-4"",""cap_cpu_m"":2225,""cap_mem_bytes"":1988051111},{""name"":""kwok-node-5"",""cap_cpu_m"":2225,""cap_mem_bytes"":1988051111},{""name"":""kwok-node-6"",""cap_cpu_m"":2225,""cap_mem_bytes"":1988051111},{""name"":""kwok-node-7"",""cap_cpu_m"":2225,""cap_mem_bytes"":1988051111},{""name"":""kwok-node-8"",""cap_cpu_m"":2225,""cap_mem_bytes"":1988051111},{""name"":""kwok-node-9"",""cap_cpu_m"":2225,""cap_mem_bytes"":1988051111},{""name"":""kwok-node-10"",""cap_cpu_m"":2225,""cap_mem_bytes"":1988051111},{""name"":""kwok-node-11"",""cap_cpu_m"":2225,""cap_mem_bytes"":1988051111},{""name"":""kwok-node-12"",""cap_cpu_m"":2225,""cap_mem_bytes"":1988051111},{""name"":""kwok-node-13"",""cap_cpu_m"":2225,""cap_mem_bytes"":1988051111},{""name"":""kwok-node-14"",""cap_cpu_m"":2225,""cap_mem_bytes"":1988051111},{""name"":""kwok-node-15"",""cap_cpu_m"":2225,""cap_mem_bytes"":1988051111},{""name"":""kwok-node-16"",""cap_cpu_m"":2225,""cap_mem_bytes"":1988051111},{""name"":""kwok-node-17"",""cap_cpu_m"":2225,""cap_mem_bytes"":1988051111},{""name"":""kwok-node-18"",""cap_cpu_m"":2225,""cap_mem_bytes"":1988051111},{""name"":""kwok-node-19"",""cap_cpu_m"":2225,""cap_mem_bytes"":1988051111},{""name"":""kwok-node-20"",""cap_cpu_m"":2225,""cap_mem_bytes"":1988051111},{""name"":""kwok-node-21"",""cap_cpu_m"":2225,""cap_mem_bytes"":1988051111},{""name"":""kwok-node-22"",""cap_cpu_m"":2225,""cap_mem_bytes"":1988051111},{""name"":""kwok-node-23"",""cap_cpu_m"":2225,""cap_mem_bytes"":1988051111},{""name"":""kwok-node-24"",""cap_cpu_m"":2225,""cap_mem_bytes"":1988051111},{""name"":""kwok-node-25"",""cap_cpu_m"":2225,""cap_mem_bytes"":1988051111},{""name"":""kwok-node-26"",""cap_cpu_m"":2225,""cap_mem_bytes"":1988051111},{""name"":""kwok-node-27"",""cap_cpu_m"":2225,""cap_mem_bytes"":1988051111},{""name"":""kwok-node-28"",""cap_cpu_m"":2225,""cap_mem_bytes"":1988051111},{""name"":""kwok-node-29"",""cap_cpu_m"":2225,""cap_mem_bytes"":1988051111},{""name"":""kwok-node-30"",""cap_cpu_m"":2225,""cap_mem_bytes"":1988051111},{""name"":""kwok-node-31"",""cap_cpu_m"":2225,""cap_mem_bytes"":1988051111},{""name"":""kwok-node-32"",""cap_cpu_m"":2225,""cap_mem_bytes"":1988051111}]"
2026/02/11/11:32:06,4204471460018303910,,"{""evicted"":0,""moved"":0,""placed_by_priority"":{""1"":22,""2"":33,""3"":29,""4"":22}}",python,"{""evicted"":7,""moved"":10,""placed_by_priority"":{""1"":17,""2"":38,""3"":33,""4"":25}}",852,FEASIBLE,"[{""duration_ms"":852,""name"":""python"",""score"":{""evicted"":7,""moved"":10,""placed_by_priority"":{""1"":17,""2"":38,""3"":33,""4"":25}},""status"":""FEASIBLE""}]",0.887,0.832,0.915,0.867,57351,53793,63242130499,59965610751,113,106,15,22,"{""kwok-node-1"":3,""kwok-node-10"":4,""kwok-node-11"":3,""kwok-node-12"":3,""kwok-node-13"":3,""kwok-node-14"":5,""kwok-node-15"":3,""kwok-node-16"":3,""kwok-node-17"":4,""kwok-node-18"":3,""kwok-node-19"":4,""kwok-node-2"":4,""kwok-node-20"":5,""kwok-node-21"":5,""kwok-node-22"":3,""kwok-node-23"":3,""kwok-node-24"":3,""kwok-node-25"":3,""kwok-node-26"":3,""kwok-node-27"":3,""kwok-node-28"":3,""kwok-node-29"":5,""kwok-node-3"":3,""kwok-node-30"":4,""kwok-node-31"":4,""kwok-node-32"":4,""kwok-node-4"":4,""kwok-node-5"":4,""kwok-node-6"":3,""kwok-node-7"":3,""kwok-node-8"":2,""kwok-node-9"":4}","{""kwok-node-1"":3,""kwok-node-10"":3,""kwok-node-11"":3,""kwok-node-12"":3,""kwok-node-13"":3,""kwok-node-14"":4,""kwok-node-15"":2,""kwok-node-16"":3,""kwok-node-17"":4,""kwok-node-18"":3,""kwok-node-19"":4,""kwok-node-2"":4,""kwok-node-20"":4,""kwok-node-21"":4,""kwok-node-22"":3,""kwok-node-23"":3,""kwok-node-24"":3,""kwok-node-25"":3,""kwok-node-26"":3,""kwok-node-27"":3,""kwok-node-28"":3,""kwok-node-29"":4,""kwok-node-3"":3,""kwok-node-30"":4,""kwok-node-31"":4,""kwok-node-32"":5,""kwok-node-4"":3,""kwok-node-5"":4,""kwok-node-6"":3,""kwok-node-7"":2,""kwok-node-8"":2,""kwok-node-9"":4}","{""p1"":17,""p2"":38,""p3"":33,""p4"":25}","{""p1"":22,""p2"":33,""p3"":29,""p4"":22}","{""p1"":15}","{""p1"":10,""p2"":5,""p3"":4,""p4"":3}","{rs-05-p1-ftzb9,rs-05-p1-h2gzg,rs-05-p1-hrk5x,rs-05-p1-vtw5g,rs-21-p1-2s94z,rs-30-p1-cs8wv,rs-31-p1-h8fkc,rs-42-p1-5rlxm,rs-43-p1-26dkd,rs-43-p1-76mjx,rs-43-p1-djgr6,rs-43-p1-s2sxt,rs-47-p1-48zdz,rs-47-p1-kpsjm,rs-47-p1-r2lx5}","{rs-36-p4-m8ddl,rs-36-p4-qlsjp,rs-38-p2-gn5vs,rs-39-p3-5kvb5,rs-39-p3-8nwnw,rs-39-p3-nfkq9,rs-40-p2-7fxmn,rs-40-p2-bn26g,rs-40-p2-dqljt,rs-40-p2-z9jv8,rs-42-p1-5rlxm,rs-42-p1-7qj69,rs-42-p1-ggnbn,rs-43-p1-26dkd,rs-43-p1-76mjx,rs-43-p1-djgr6,rs-43-p1-s2sxt,rs-45-p3-gcq68,rs-47-p1-48zdz,rs-47-p1-kpsjm,rs-47-p1-r2lx5,rs-50-p4-vzpkc}","{rs-01-p2-kjpbs,rs-01-p2-rw84d,rs-01-p2-rxrzc,rs-01-p2-xlhft,rs-02-p3-427dt,rs-02-p3-9wthl,rs-02-p3-p8jtf,rs-03-p4-7m7xd,rs-03-p4-8kz92,rs-03-p4-gl44v,rs-03-p4-pr9ln,rs-04-p2-bdbq9,rs-04-p2-f6qkx,rs-06-p4-25nx2,rs-06-p4-lb2xk,rs-06-p4-nn46c,rs-07-p1-hbhd9,rs-08-p2-rhwrl,rs-09-p3-nd4qm,rs-09-p3-qhbcz,rs-09-p3-w852w,rs-09-p3-zmd7h,rs-10-p2-2wznj,rs-10-p2-5lb27,rs-11-p4-nm49l,rs-11-p4-tp2vs,rs-12-p3-2k84l,rs-12-p3-4q98q,rs-12-p3-f986h,rs-12-p3-xpsm4,rs-13-p1-92bbm,rs-14-p4-twfqn,rs-15-p3-5rkkq,rs-15-p3-jd6rq,rs-15-p3-prv6p,rs-16-p2-fdb5j,rs-16-p2-n85tn,rs-16-p2-nwhmc,rs-16-p2-tt95c,rs-17-p1-qfxtv,rs-18-p4-cd7sf,rs-18-p4-stkpm,rs-19-p2-48gqj,rs-19-p2-6x9xr,rs-19-p2-jxlnz,rs-20-p3-5t6rb,rs-20-p3-twqt2,rs-22-p1-9fw2b,rs-22-p1-kwpx5,rs-22-p1-sbp5d,rs-23-p3-lkg5r,rs-23-p3-sqdqx,rs-24-p2-jkxrq,rs-24-p2-npf7p,rs-24-p2-tw2b2,rs-25-p1-ll7np,rs-25-p1-tbzz8,rs-25-p1-tnwvb,rs-26-p3-z7cbp,rs-27-p3-5xlmn,rs-27-p3-xz24x,rs-28-p3-6k2nt,rs-28-p3-w9n4v,rs-28-p3-wmwg8,rs-29-p1-cjxdd,rs-29-p1-hk6sl,rs-29-p1-n9dr5,rs-29-p1-sftv8,rs-31-p1-8w82k,rs-31-p1-gswwz,rs-32-p3-c52mq,rs-32-p3-nthp7,rs-33-p4-6pcg2,rs-33-p4-7dssd,rs-33-p4-lwnc4,rs-34-p2-2nbmg,rs-34-p2-7ptv8,rs-34-p2-wg59w,rs-35-p2-fxcz7,rs-36-p4-m8ddl,rs-36-p4-p6l96,rs-36-p4-qlsjp,rs-36-p4-ssx2j,rs-37-p2-bssz9,rs-37-p2-n95b8,rs-37-p2-tgml8,rs-37-p2-wt5gh,rs-38-p2-52pvd,rs-38-p2-gn5vs,rs-38-p2-zt5b2,rs-39-p3-5kvb5,rs-39-p3-8nwnw,rs-39-p3-nfkq9,rs-39-p3-pn9vb,rs-40-p2-7fxmn,rs-40-p2-bn26g,rs-40-p2-dqljt,rs-40-p2-z9jv8,rs-41-p4-2r8bz,rs-41-p4-kdv2c,rs-41-p4-ljjml,rs-41-p4-wd6qm,rs-42-p1-7qj69,rs-42-p1-ggnbn,rs-44-p2-4pjq5,rs-44-p2-pjrpl,rs-44-p2-q5j9b,rs-44-p2-w4fph,rs-45-p3-gcq68,rs-46-p3-9b2pg,rs-48-p4-5w58j,rs-49-p3-g7x2p,rs-50-p4-vzpkc}","{rs-01-p2-kjpbs,rs-01-p2-rw84d,rs-01-p2-rxrzc,rs-01-p2-xlhft,rs-02-p3-427dt,rs-02-p3-9wthl,rs-02-p3-p8jtf,rs-03-p4-7m7xd,rs-03-p4-8kz92,rs-03-p4-gl44v,rs-03-p4-pr9ln,rs-04-p2-bdbq9,rs-04-p2-f6qkx,rs-05-p1-56m7s,rs-05-p1-6r4h4,rs-05-p1-nrppf,rs-05-p1-pb4tt,rs-06-p4-25nx2,rs-06-p4-lb2xk,rs-06-p4-nn46c,rs-07-p1-4bxfr,rs-08-p2-rhwrl,rs-09-p3-nd4qm,rs-09-p3-qhbcz,rs-09-p3-w852w,rs-09-p3-zmd7h,rs-10-p2-2wznj,rs-10-p2-5lb27,rs-11-p4-nm49l,rs-11-p4-tp2vs,rs-12-p3-2k84l,rs-12-p3-4q98q,rs-12-p3-f986h,rs-12-p3-xpsm4,rs-13-p1-ctv4g,rs-14-p4-twfqn,rs-15-p3-5rkkq,rs-15-p3-jd6rq,rs-15-p3-prv6p,rs-16-p2-fdb5j,rs-16-p2-n85tn,rs-16-p2-nwhmc,rs-16-p2-tt95c,rs-17-p1-55jd4,rs-18-p4-cd7sf,rs-18-p4-stkpm,rs-19-p2-48gqj,rs-19-p2-6x9xr,rs-19-p2-jxlnz,rs-20-p3-5t6rb,rs-20-p3-twqt2,rs-21-p1-tx84l,rs-22-p1-kwpx5,rs-22-p1-nhgg7,rs-22-p1-sbp5d,rs-23-p3-lkg5r,rs-23-p3-sqdqx,rs-24-p2-jkxrq,rs-24-p2-npf7p,rs-24-p2-tw2b2,rs-25-p1-8s89q,rs-25-p1-tnwvb,rs-25-p1-tvzp5,rs-26-p3-z7cbp,rs-27-p3-5xlmn,rs-27-p3-xz24x,rs-28-p3-6k2nt,rs-28-p3-w9n4v,rs-28-p3-wmwg8,rs-29-p1-25j2h,rs-29-p1-hk6sl,rs-29-p1-qnpdw,rs-29-p1-scwpp,rs-30-p1-7ksmt,rs-31-p1-8qs87,rs-31-p1-8w82k,rs-31-p1-rr99l,rs-32-p3-c52mq,rs-32-p3-nthp7,rs-33-p4-6pcg2,rs-33-p4-7dssd,rs-33-p4-lwnc4,rs-34-p2-2nbmg,rs-34-p2-7ptv8,rs-34-p2-wg59w,rs-35-p2-fxcz7,rs-36-p4-p6l96,rs-36-p4-ssx2j,rs-37-p2-bssz9,rs-37-p2-n95b8,rs-37-p2-tgml8,rs-37-p2-wt5gh,rs-38-p2-52pvd,rs-38-p2-zt5b2,rs-39-p3-pn9vb,rs-41-p4-2r8bz,rs-41-p4-kdv2c,rs-41-p4-ljjml,rs-41-p4-wd6qm,rs-44-p2-4pjq5,rs-44-p2-pjrpl,rs-44-p2-q5j9b,rs-44-p2-w4fph,rs-46-p3-9b2pg,rs-48-p4-5w58j,rs-49-p3-g7x2p}","[{""name"":""rs-01-p2-kjpbs"",""cpu_m"":882,""mem_b"":278083566,""priority"":""2"",""node"":""kwok-node-1""},{""name"":""rs-01-p2-rw84d"",""cpu_m"":882,""mem_b"":278083566,""priority"":""2"",""node"":""kwok-node-11""},{""name"":""rs-01-p2-rxrzc"",""cpu_m"":882,""mem_b"":278083566,""priority"":""2"",""node"":""kwok-node-14""},{""name"":""rs-01-p2-xlhft"",""cpu_m"":882,""mem_b"":278083566,""priority"":""2"",""node"":""kwok-node-12""},{""name"":""rs-02-p3-427dt"",""cpu_m"":792,""mem_b"":612835801,""priority"":""3"",""node"":""kwok-node-13""},{""name"":""rs-02-p3-9wthl"",""cpu_m"":792,""mem_b"":612835801,""priority"":""3"",""node"":""kwok-node-16""},{""name"":""rs-02-p3-p8jtf"",""cpu_m"":792,""mem_b"":612835801,""priority"":""3"",""node"":""kwok-node-10""},{""name"":""rs-03-p4-7m7xd"",""cpu_m"":734,""mem_b"":775403968,""priority"":""4"",""node"":""kwok-node-2""},{""name"":""rs-03-p4-8kz92"",""cpu_m"":734,""mem_b"":775403968,""priority"":""4"",""node"":""kwok-node-18""},{""name"":""rs-03-p4-gl44v"",""cpu_m"":734,""mem_b"":775403968,""priority"":""4"",""node"":""kwok-node-17""},{""name"":""rs-03-p4-pr9ln"",""cpu_m"":734,""mem_b"":775403968,""priority"":""4"",""node"":""kwok-node-22""},{""name"":""rs-04-p2-bdbq9"",""cpu_m"":505,""mem_b"":735380148,""priority"":""2"",""node"":""kwok-node-20""},{""name"":""rs-04-p2-f6qkx"",""cpu_m"":505,""mem_b"":735380148,""priority"":""2"",""node"":""kwok-node-21""},{""name"":""rs-05-p1-ftzb9"",""cpu_m"":586,""mem_b"":816519934,""priority"":""1"",""node"":""""},{""name"":""rs-05-p1-h2gzg"",""cpu_m"":586,""mem_b"":816519934,""priority"":""1"",""node"":""""},{""name"":""rs-05-p1-hrk5x"",""cpu_m"":586,""mem_b"":816519934,""priority"":""1"",""node"":""""},{""name"":""rs-05-p1-vtw5g"",""cpu_m"":586,""mem_b"":816519934,""priority"":""1"",""node"":""""},{""name"":""rs-06-p4-25nx2"",""cpu_m"":379,""mem_b"":128251250,""priority"":""4"",""node"":""kwok-node-19""},{""name"":""rs-06-p4-lb2xk"",""cpu_m"":379,""mem_b"":128251250,""priority"":""4"",""node"":""kwok-node-20""},{""name"":""rs-06-p4-nn46c"",""cpu_m"":379,""mem_b"":128251250,""priority"":""4"",""node"":""kwok-node-21""},{""name"":""rs-07-p1-hbhd9"",""cpu_m"":627,""mem_b"":119077934,""priority"":""1"",""node"":""kwok-node-20""},{""name"":""rs-08-p2-rhwrl"",""cpu_m"":131,""mem_b"":230785310,""priority"":""2"",""node"":""kwok-node-29""},{""name"":""rs-09-p3-nd4qm"",""cpu_m"":512,""mem_b"":830767464,""priority"":""3"",""node"":""kwok-node-30""},{""name"":""rs-09-p3-qhbcz"",""cpu_m"":512,""mem_b"":830767464,""priority"":""3"",""node"":""kwok-node-27""},{""name"":""rs-09-p3-w852w"",""cpu_m"":512,""mem_b"":830767464,""priority"":""3"",""node"":""kwok-node-26""},{""name"":""rs-09-p3-zmd7h"",""cpu_m"":512,""mem_b"":830767464,""priority"":""3"",""node"":""kwok-node-3""},{""name"":""rs-10-p2-2wznj"",""cpu_m"":797,""mem_b"":949337622,""priority"":""2"",""node"":""kwok-node-24""},{""name"":""rs-10-p2-5lb27"",""cpu_m"":797,""mem_b"":949337622,""priority"":""2"",""node"":""kwok-node-28""},{""name"":""rs-11-p4-nm49l"",""cpu_m"":253,""mem_b"":100893765,""priority"":""4"",""node"":""kwok-node-29""},{""name"":""rs-11-p4-tp2vs"",""cpu_m"":253,""mem_b"":100893765,""priority"":""4"",""node"":""kwok-node-30""},{""name"":""rs-12-p3-2k84l"",""cpu_m"":108,""mem_b"":881980215,""priority"":""3"",""node"":""kwok-node-31""},{""name"":""rs-12-p3-4q98q"",""cpu_m"":108,""mem_b"":881980215,""priority"":""3"",""node"":""kwok-node-5""},{""name"":""rs-12-p3-f986h"",""cpu_m"":108,""mem_b"":881980215,""priority"":""3"",""node"":""kwok-node-6""},{""name"":""rs-12-p3-xpsm4"",""cpu_m"":108,""mem_b"":881980215,""priority"":""3"",""node"":""kwok-node-32""},{""name"":""rs-13-p1-92bbm"",""cpu_m"":708,""mem_b"":193814377,""priority"":""1"",""node"":""kwok-node-25""},{""name"":""rs-14-p4-twfqn"",""cpu_m"":385,""mem_b"":972328971,""priority"":""4"",""node"":""kwok-node-4""},{""name"":""rs-15-p3-5rkkq"",""cpu_m"":618,""mem_b"":733399391,""priority"":""3"",""node"":""kwok-node-29""},{""name"":""rs-15-p3-jd6rq"",""cpu_m"":618,""mem_b"":733399391,""priority"":""3"",""node"":""kwok-node-8""},{""name"":""rs-15-p3-prv6p"",""cpu_m"":618,""mem_b"":733399391,""priority"":""3"",""node"":""kwok-node-7""},{""name"":""rs-16-p2-fdb5j"",""cpu_m"":980,""mem_b"":944172655,""priority"":""2"",""node"":""kwok-node-15""},{""name"":""rs-16-p2-n85tn"",""cpu_m"":980,""mem_b"":944172655,""priority"":""2"",""node"":""kwok-node-25""},{""name"":""rs-16-p2-nwhmc"",""cpu_m"":980,""mem_b"":944172655,""priority"":""2"",""node"":""kwok-node-7""},{""name"":""rs-16-p2-tt95c"",""cpu_m"":980,""mem_b"":944172655,""priority"":""2"",""node"":""kwok-node-8""},{""name"":""rs-17-p1-qfxtv"",""cpu_m"":865,""mem_b"":149657647,""priority"":""1"",""node"":""kwok-node-9""},{""name"":""rs-18-p4-cd7sf"",""cpu_m"":987,""mem_b"":369503715,""priority"":""4"",""node"":""kwok-node-31""},{""name"":""rs-18-p4-stkpm"",""cpu_m"":987,""mem_b"":369503715,""priority"":""4"",""node"":""kwok-node-5""},{""name"":""rs-19-p2-48gqj"",""cpu_m"":280,""mem_b"":364429226,""priority"":""2"",""node"":""kwok-node-18""},{""name"":""rs-19-p2-6x9xr"",""cpu_m"":280,""mem_b"":364429226,""priority"":""2"",""node"":""kwok-node-9""},{""name"":""rs-19-p2-jxlnz"",""cpu_m"":280,""mem_b"":364429226,""priority"":""2"",""node"":""kwok-node-17""},{""name"":""rs-20-p3-5t6rb"",""cpu_m"":935,""mem_b"":374096433,""priority"":""3"",""node"":""kwok-node-4""},{""name"":""rs-20-p3-twqt2"",""cpu_m"":935,""mem_b"":374096433,""priority"":""3"",""node"":""kwok-node-6""},{""name"":""rs-21-p1-2s94z"",""cpu_m"":224,""mem_b"":990826318,""priority"":""1"",""node"":""""},{""name"":""rs-22-p1-9fw2b"",""cpu_m"":184,""mem_b"":845705088,""priority"":""1"",""node"":""kwok-node-29""},{""name"":""rs-22-p1-kwpx5"",""cpu_m"":184,""mem_b"":845705088,""priority"":""1"",""node"":""kwok-node-1""},{""name"":""rs-22-p1-sbp5d"",""cpu_m"":184,""mem_b"":845705088,""priority"":""1"",""node"":""kwok-node-11""},{""name"":""rs-23-p3-lkg5r"",""cpu_m"":885,""mem_b"":442469357,""priority"":""3"",""node"":""kwok-node-3""},{""name"":""rs-23-p3-sqdqx"",""cpu_m"":885,""mem_b"":442469357,""priority"":""3"",""node"":""kwok-node-26""},{""name"":""rs-24-p2-jkxrq"",""cpu_m"":782,""mem_b"":268555448,""priority"":""2"",""node"":""kwok-node-22""},{""name"":""rs-24-p2-npf7p"",""cpu_m"":782,""mem_b"":268555448,""priority"":""2"",""node"":""kwok-node-23""},{""name"":""rs-24-p2-tw2b2"",""cpu_m"":782,""mem_b"":268555448,""priority"":""2"",""node"":""kwok-node-27""},{""name"":""rs-25-p1-ll7np"",""cpu_m"":239,""mem_b"":639506777,""priority"":""1"",""node"":""kwok-node-14""},{""name"":""rs-25-p1-tbzz8"",""cpu_m"":239,""mem_b"":639506777,""priority"":""1"",""node"":""kwok-node-10""},{""name"":""rs-25-p1-tnwvb"",""cpu_m"":239,""mem_b"":639506777,""priority"":""1"",""node"":""kwok-node-9""},{""name"":""rs-26-p3-z7cbp"",""cpu_m"":245,""mem_b"":292042097,""priority"":""3"",""node"":""kwok-node-2""},{""name"":""rs-27-p3-5xlmn"",""cpu_m"":332,""mem_b"":498795185,""priority"":""3"",""node"":""kwok-node-20""},{""name"":""rs-27-p3-xz24x"",""cpu_m"":332,""mem_b"":498795185,""priority"":""3"",""node"":""kwok-node-21""},{""name"":""rs-28-p3-6k2nt"",""cpu_m"":305,""mem_b"":616110782,""priority"":""3"",""node"":""kwok-node-24""},{""name"":""rs-28-p3-w9n4v"",""cpu_m"":305,""mem_b"":616110782,""priority"":""3"",""node"":""kwok-node-30""},{""name"":""rs-28-p3-wmwg8"",""cpu_m"":305,""mem_b"":616110782,""priority"":""3"",""node"":""kwok-node-28""},{""name"":""rs-29-p1-cjxdd"",""cpu_m"":297,""mem_b"":171416673,""priority"":""1"",""node"":""kwok-node-21""},{""name"":""rs-29-p1-hk6sl"",""cpu_m"":297,""mem_b"":171416673,""priority"":""1"",""node"":""kwok-node-2""},{""name"":""rs-29-p1-n9dr5"",""cpu_m"":297,""mem_b"":171416673,""priority"":""1"",""node"":""kwok-node-7""},{""name"":""rs-29-p1-sftv8"",""cpu_m"":297,""mem_b"":171416673,""priority"":""1"",""node"":""kwok-node-4""},{""name"":""rs-30-p1-cs8wv"",""cpu_m"":788,""mem_b"":922162595,""priority"":""1"",""node"":""""},{""name"":""rs-31-p1-8w82k"",""cpu_m"":334,""mem_b"":672232300,""priority"":""1"",""node"":""kwok-node-19""},{""name"":""rs-31-p1-gswwz"",""cpu_m"":334,""mem_b"":672232300,""priority"":""1"",""node"":""kwok-node-14""},{""name"":""rs-31-p1-h8fkc"",""cpu_m"":334,""mem_b"":672232300,""priority"":""1"",""node"":""""},{""name"":""rs-32-p3-c52mq"",""cpu_m"":843,""mem_b"":730352392,""priority"":""3"",""node"":""kwok-node-6""},{""name"":""rs-32-p3-nthp7"",""cpu_m"":843,""mem_b"":730352392,""priority"":""3"",""node"":""kwok-node-18""},{""name"":""rs-33-p4-6pcg2"",""cpu_m"":570,""mem_b"":986329784,""priority"":""4"",""node"":""kwok-node-1""},{""name"":""rs-33-p4-7dssd"",""cpu_m"":570,""mem_b"":986329784,""priority"":""4"",""node"":""kwok-node-23""},{""name"":""rs-33-p4-lwnc4"",""cpu_m"":570,""mem_b"":986329784,""priority"":""4"",""node"":""kwok-node-11""},{""name"":""rs-34-p2-2nbmg"",""cpu_m"":328,""mem_b"":915485120,""priority"":""2"",""node"":""kwok-node-9""},{""name"":""rs-34-p2-7ptv8"",""cpu_m"":328,""mem_b"":915485120,""priority"":""2"",""node"":""kwok-node-22""},{""name"":""rs-34-p2-wg59w"",""cpu_m"":328,""mem_b"":915485120,""priority"":""2"",""node"":""kwok-node-25""},{""name"":""rs-35-p2-fxcz7"",""cpu_m"":592,""mem_b"":574658071,""priority"":""2"",""node"":""kwok-node-13""},{""name"":""rs-36-p4-m8ddl"",""cpu_m"":932,""mem_b"":404185755,""priority"":""4"",""node"":""kwok-node-32""},{""name"":""rs-36-p4-p6l96"",""cpu_m"":932,""mem_b"":404185755,""priority"":""4"",""node"":""kwok-node-16""},{""name"":""rs-36-p4-qlsjp"",""cpu_m"":932,""mem_b"":404185755,""priority"":""4"",""node"":""kwok-node-19""},{""name"":""rs-36-p4-ssx2j"",""cpu_m"":932,""mem_b"":404185755,""priority"":""4"",""node"":""kwok-node-30""},{""name"":""rs-37-p2-bssz9"",""cpu_m"":144,""mem_b"":171281657,""priority"":""2"",""node"":""kwok-node-32""},{""name"":""rs-37-p2-n95b8"",""cpu_m"":144,""mem_b"":171281657,""priority"":""2"",""node"":""kwok-node-14""},{""name"":""rs-37-p2-tgml8"",""cpu_m"":144,""mem_b"":171281657,""priority"":""2"",""node"":""kwok-node-31""},{""name"":""rs-37-p2-wt5gh"",""cpu_m"":144,""mem_b"":171281657,""priority"":""2"",""node"":""kwok-node-5""},{""name"":""rs-38-p2-52pvd"",""cpu_m"":845,""mem_b"":250891613,""priority"":""2"",""node"":""kwok-node-24""},{""name"":""rs-38-p2-gn5vs"",""cpu_m"":845,""mem_b"":250891613,""priority"":""2"",""node"":""kwok-node-17""},{""name"":""rs-38-p2-zt5b2"",""cpu_m"":845,""mem_b"":250891613,""priority"":""2"",""node"":""kwok-node-28""},{""name"":""rs-39-p3-5kvb5"",""cpu_m"":434,""mem_b"":899230595,""priority"":""3"",""node"":""kwok-node-27""},{""name"":""rs-39-p3-8nwnw"",""cpu_m"":434,""mem_b"":899230595,""priority"":""3"",""node"":""kwok-node-23""},{""name"":""rs-39-p3-nfkq9"",""cpu_m"":434,""mem_b"":899230595,""priority"":""3"",""node"":""kwok-node-12""},{""name"":""rs-39-p3-pn9vb"",""cpu_m"":434,""mem_b"":899230595,""priority"":""3"",""node"":""kwok-node-2""},{""name"":""rs-40-p2-7fxmn"",""cpu_m"":166,""mem_b"":950559788,""priority"":""2"",""node"":""kwok-node-19""},{""name"":""rs-40-p2-bn26g"",""cpu_m"":166,""mem_b"":950559788,""priority"":""2"",""node"":""kwok-node-13""},{""name"":""rs-40-p2-dqljt"",""cpu_m"":166,""mem_b"":950559788,""priority"":""2"",""node"":""kwok-node-12""},{""name"":""rs-40-p2-z9jv8"",""cpu_m"":166,""mem_b"":950559788,""priority"":""2"",""node"":""kwok-node-16""},{""name"":""rs-41-p4-2r8bz"",""cpu_m"":138,""mem_b"":267181905,""priority"":""4"",""node"":""kwok-node-17""},{""name"":""rs-41-p4-kdv2c"",""cpu_m"":138,""mem_b"":267181905,""priority"":""4"",""node"":""kwok-node-4""},{""name"":""rs-41-p4-ljjml"",""cpu_m"":138,""mem_b"":267181905,""priority"":""4"",""node"":""kwok-node-21""},{""name"":""rs-41-p4-wd6qm"",""cpu_m"":138,""mem_b"":267181905,""priority"":""4"",""node"":""kwok-node-20""},{""name"":""rs-42-p1-5rlxm"",""cpu_m"":797,""mem_b"":224272832,""priority"":""1"",""node"":""""},{""name"":""rs-42-p1-7qj69"",""cpu_m"":797,""mem_b"":224272832,""priority"":""1"",""node"":""kwok-node-15""},{""name"":""rs-42-p1-ggnbn"",""cpu_m"":797,""mem_b"":224272832,""priority"":""1"",""node"":""kwok-node-29""},{""name"":""rs-43-p1-26dkd"",""cpu_m"":904,""mem_b"":608369124,""priority"":""1"",""node"":""""},{""name"":""rs-43-p1-76mjx"",""cpu_m"":904,""mem_b"":608369124,""priority"":""1"",""node"":""""},{""name"":""rs-43-p1-djgr6"",""cpu_m"":904,""mem_b"":608369124,""priority"":""1"",""node"":""""},{""name"":""rs-43-p1-s2sxt"",""cpu_m"":904,""mem_b"":608369124,""priority"":""1"",""node"":""""},{""name"":""rs-44-p2-4pjq5"",""cpu_m"":333,""mem_b"":641266945,""priority"":""2"",""node"":""kwok-node-5""},{""name"":""rs-44-p2-pjrpl"",""cpu_m"":333,""mem_b"":641266945,""priority"":""2"",""node"":""kwok-node-32""},{""name"":""rs-44-p2-q5j9b"",""cpu_m"":333,""mem_b"":641266945,""priority"":""2"",""node"":""kwok-node-3""},{""name"":""rs-44-p2-w4fph"",""cpu_m"":333,""mem_b"":641266945,""priority"":""2"",""node"":""kwok-node-26""},{""name"":""rs-45-p3-gcq68"",""cpu_m"":219,""mem_b"":977797076,""priority"":""3"",""node"":""kwok-node-15""},{""name"":""rs-46-p3-9b2pg"",""cpu_m"":433,""mem_b"":350604011,""priority"":""3"",""node"":""kwok-node-31""},{""name"":""rs-47-p1-48zdz"",""cpu_m"":817,""mem_b"":278724098,""priority"":""1"",""node"":""""},{""name"":""rs-47-p1-kpsjm"",""cpu_m"":817,""mem_b"":278724098,""priority"":""1"",""node"":""""},{""name"":""rs-47-p1-r2lx5"",""cpu_m"":817,""mem_b"":278724098,""priority"":""1"",""node"":""""},{""name"":""rs-48-p4-5w58j"",""cpu_m"":205,""mem_b"":728653235,""priority"":""4"",""node"":""kwok-node-10""},{""name"":""rs-49-p3-g7x2p"",""cpu_m"":239,""mem_b"":369134791,""priority"":""3"",""node"":""kwok-node-14""},{""name"":""rs-50-p4-vzpkc"",""cpu_m"":760,""mem_b"":142283897,""priority"":""4"",""node"":""kwok-node-10""}]","[{""name"":""rs-01-p2-kjpbs"",""cpu_m"":882,""mem_b"":278083566,""priority"":""2"",""node"":""kwok-node-1""},{""name"":""rs-01-p2-rw84d"",""cpu_m"":882,""mem_b"":278083566,""priority"":""2"",""node"":""kwok-node-11""},{""name"":""rs-01-p2-rxrzc"",""cpu_m"":882,""mem_b"":278083566,""priority"":""2"",""node"":""kwok-node-14""},{""name"":""rs-01-p2-xlhft"",""cpu_m"":882,""mem_b"":278083566,""priority"":""2"",""node"":""kwok-node-12""},{""name"":""rs-02-p3-427dt"",""cpu_m"":792,""mem_b"":612835801,""priority"":""3"",""node"":""kwok-node-13""},{""name"":""rs-02-p3-9wthl"",""cpu_m"":792,""mem_b"":612835801,""priority"":""3"",""node"":""kwok-node-16""},{""name"":""rs-02-p3-p8jtf"",""cpu_m"":792,""mem_b"":612835801,""priority"":""3"",""node"":""kwok-node-10""},{""name"":""rs-03-p4-7m7xd"",""cpu_m"":734,""mem_b"":775403968,""priority"":""4"",""node"":""kwok-node-2""},{""name"":""rs-03-p4-8kz92"",""cpu_m"":734,""mem_b"":775403968,""priority"":""4"",""node"":""kwok-node-18""},{""name"":""rs-03-p4-gl44v"",""cpu_m"":734,""mem_b"":775403968,""priority"":""4"",""node"":""kwok-node-17""},{""name"":""rs-03-p4-pr9ln"",""cpu_m"":734,""mem_b"":775403968,""priority"":""4"",""node"":""kwok-node-22""},{""name"":""rs-04-p2-bdbq9"",""cpu_m"":505,""mem_b"":735380148,""priority"":""2"",""node"":""kwok-node-20""},{""name"":""rs-04-p2-f6qkx"",""cpu_m"":505,""mem_b"":735380148,""priority"":""2"",""node"":""kwok-node-21""},{""name"":""rs-05-p1-56m7s"",""cpu_m"":586,""mem_b"":816519934,""priority"":""1"",""node"":""kwok-node-10""},{""name"":""rs-05-p1-6r4h4"",""cpu_m"":586,""mem_b"":816519934,""priority"":""1"",""node"":""kwok-node-15""},{""name"":""rs-05-p1-nrppf"",""cpu_m"":586,""mem_b"":816519934,""priority"":""1"",""node"":""kwok-node-23""},{""name"":""rs-05-p1-pb4tt"",""cpu_m"":586,""mem_b"":816519934,""priority"":""1"",""node"":""kwok-node-19""},{""name"":""rs-06-p4-25nx2"",""cpu_m"":379,""mem_b"":128251250,""priority"":""4"",""node"":""kwok-node-19""},{""name"":""rs-06-p4-lb2xk"",""cpu_m"":379,""mem_b"":128251250,""priority"":""4"",""node"":""kwok-node-20""},{""name"":""rs-06-p4-nn46c"",""cpu_m"":379,""mem_b"":128251250,""priority"":""4"",""node"":""kwok-node-21""},{""name"":""rs-07-p1-4bxfr"",""cpu_m"":627,""mem_b"":119077934,""priority"":""1"",""node"":""kwok-node-25""},{""name"":""rs-08-p2-rhwrl"",""cpu_m"":131,""mem_b"":230785310,""priority"":""2"",""node"":""kwok-node-29""},{""name"":""rs-09-p3-nd4qm"",""cpu_m"":512,""mem_b"":830767464,""priority"":""3"",""node"":""kwok-node-30""},{""name"":""rs-09-p3-qhbcz"",""cpu_m"":512,""mem_b"":830767464,""priority"":""3"",""node"":""kwok-node-27""},{""name"":""rs-09-p3-w852w"",""cpu_m"":512,""mem_b"":830767464,""priority"":""3"",""node"":""kwok-node-26""},{""name"":""rs-09-p3-zmd7h"",""cpu_m"":512,""mem_b"":830767464,""priority"":""3"",""node"":""kwok-node-3""},{""name"":""rs-10-p2-2wznj"",""cpu_m"":797,""mem_b"":949337622,""priority"":""2"",""node"":""kwok-node-24""},{""name"":""rs-10-p2-5lb27"",""cpu_m"":797,""mem_b"":949337622,""priority"":""2"",""node"":""kwok-node-28""},{""name"":""rs-11-p4-nm49l"",""cpu_m"":253,""mem_b"":100893765,""priority"":""4"",""node"":""kwok-node-29""},{""name"":""rs-11-p4-tp2vs"",""cpu_m"":253,""mem_b"":100893765,""priority"":""4"",""node"":""kwok-node-30""},{""name"":""rs-12-p3-2k84l"",""cpu_m"":108,""mem_b"":881980215,""priority"":""3"",""node"":""kwok-node-31""},{""name"":""rs-12-p3-4q98q"",""cpu_m"":108,""mem_b"":881980215,""priority"":""3"",""node"":""kwok-node-5""},{""name"":""rs-12-p3-f986h"",""cpu_m"":108,""mem_b"":881980215,""priority"":""3"",""node"":""kwok-node-6""},{""name"":""rs-12-p3-xpsm4"",""cpu_m"":108,""mem_b"":881980215,""priority"":""3"",""node"":""kwok-node-32""},{""name"":""rs-13-p1-ctv4g"",""cpu_m"":708,""mem_b"":193814377,""priority"":""1"",""node"":""kwok-node-9""},{""name"":""rs-14-p4-twfqn"",""cpu_m"":385,""mem_b"":972328971,""priority"":""4"",""node"":""kwok-node-4""},{""name"":""rs-15-p3-5rkkq"",""cpu_m"":618,""mem_b"":733399391,""priority"":""3"",""node"":""kwok-node-29""},{""name"":""rs-15-p3-jd6rq"",""cpu_m"":618,""mem_b"":733399391,""priority"":""3"",""node"":""kwok-node-8""},{""name"":""rs-15-p3-prv6p"",""cpu_m"":618,""mem_b"":733399391,""priority"":""3"",""node"":""kwok-node-7""},{""name"":""rs-16-p2-fdb5j"",""cpu_m"":980,""mem_b"":944172655,""priority"":""2"",""node"":""kwok-node-15""},{""name"":""rs-16-p2-n85tn"",""cpu_m"":980,""mem_b"":944172655,""priority"":""2"",""node"":""kwok-node-25""},{""name"":""rs-16-p2-nwhmc"",""cpu_m"":980,""mem_b"":944172655,""priority"":""2"",""node"":""kwok-node-7""},{""name"":""rs-16-p2-tt95c"",""cpu_m"":980,""mem_b"":944172655,""priority"":""2"",""node"":""kwok-node-8""},{""name"":""rs-17-p1-55jd4"",""cpu_m"":865,""mem_b"":149657647,""priority"":""1"",""node"":""kwok-node-32""},{""name"":""rs-18-p4-cd7sf"",""cpu_m"":987,""mem_b"":369503715,""priority"":""4"",""node"":""kwok-node-31""},{""name"":""rs-18-p4-stkpm"",""cpu_m"":987,""mem_b"":369503715,""priority"":""4"",""node"":""kwok-node-5""},{""name"":""rs-19-p2-48gqj"",""cpu_m"":280,""mem_b"":364429226,""priority"":""2"",""node"":""kwok-node-18""},{""name"":""rs-19-p2-6x9xr"",""cpu_m"":280,""mem_b"":364429226,""priority"":""2"",""node"":""kwok-node-9""},{""name"":""rs-19-p2-jxlnz"",""cpu_m"":280,""mem_b"":364429226,""priority"":""2"",""node"":""kwok-node-17""},{""name"":""rs-20-p3-5t6rb"",""cpu_m"":935,""mem_b"":374096433,""priority"":""3"",""node"":""kwok-node-4""},{""name"":""rs-20-p3-twqt2"",""cpu_m"":935,""mem_b"":374096433,""priority"":""3"",""node"":""kwok-node-6""},{""name"":""rs-21-p1-tx84l"",""cpu_m"":224,""mem_b"":990826318,""priority"":""1"",""node"":""kwok-node-14""},{""name"":""rs-22-p1-kwpx5"",""cpu_m"":184,""mem_b"":845705088,""priority"":""1"",""node"":""kwok-node-1""},{""name"":""rs-22-p1-nhgg7"",""cpu_m"":184,""mem_b"":845705088,""priority"":""1"",""node"":""kwok-node-12""},{""name"":""rs-22-p1-sbp5d"",""cpu_m"":184,""mem_b"":845705088,""priority"":""1"",""node"":""kwok-node-11""},{""name"":""rs-23-p3-lkg5r"",""cpu_m"":885,""mem_b"":442469357,""priority"":""3"",""node"":""kwok-node-3""},{""name"":""rs-23-p3-sqdqx"",""cpu_m"":885,""mem_b"":442469357,""priority"":""3"",""node"":""kwok-node-26""},{""name"":""rs-24-p2-jkxrq"",""cpu_m"":782,""mem_b"":268555448,""priority"":""2"",""node"":""kwok-node-22""},{""name"":""rs-24-p2-npf7p"",""cpu_m"":782,""mem_b"":268555448,""priority"":""2"",""node"":""kwok-node-23""},{""name"":""rs-24-p2-tw2b2"",""cpu_m"":782,""mem_b"":268555448,""priority"":""2"",""node"":""kwok-node-27""},{""name"":""rs-25-p1-8s89q"",""cpu_m"":239,""mem_b"":639506777,""priority"":""1"",""node"":""kwok-node-13""},{""name"":""rs-25-p1-tnwvb"",""cpu_m"":239,""mem_b"":639506777,""priority"":""1"",""node"":""kwok-node-9""},{""name"":""rs-25-p1-tvzp5"",""cpu_m"":239,""mem_b"":639506777,""priority"":""1"",""node"":""kwok-node-16""},{""name"":""rs-26-p3-z7cbp"",""cpu_m"":245,""mem_b"":292042097,""priority"":""3"",""node"":""kwok-node-2""},{""name"":""rs-27-p3-5xlmn"",""cpu_m"":332,""mem_b"":498795185,""priority"":""3"",""node"":""kwok-node-20""},{""name"":""rs-27-p3-xz24x"",""cpu_m"":332,""mem_b"":498795185,""priority"":""3"",""node"":""kwok-node-21""},{""name"":""rs-28-p3-6k2nt"",""cpu_m"":305,""mem_b"":616110782,""priority"":""3"",""node"":""kwok-node-24""},{""name"":""rs-28-p3-w9n4v"",""cpu_m"":305,""mem_b"":616110782,""priority"":""3"",""node"":""kwok-node-30""},{""name"":""rs-28-p3-wmwg8"",""cpu_m"":305,""mem_b"":616110782,""priority"":""3"",""node"":""kwok-node-28""},{""name"":""rs-29-p1-25j2h"",""cpu_m"":297,""mem_b"":171416673,""priority"":""1"",""node"":""kwok-node-19""},{""name"":""rs-29-p1-hk6sl"",""cpu_m"":297,""mem_b"":171416673,""priority"":""1"",""node"":""kwok-node-2""},{""name"":""rs-29-p1-qnpdw"",""cpu_m"":297,""mem_b"":171416673,""priority"":""1"",""node"":""kwok-node-32""},{""name"":""rs-29-p1-scwpp"",""cpu_m"":297,""mem_b"":171416673,""priority"":""1"",""node"":""kwok-node-17""},{""name"":""rs-30-p1-7ksmt"",""cpu_m"":788,""mem_b"":922162595,""priority"":""1"",""node"":""kwok-node-29""},{""name"":""rs-31-p1-8qs87"",""cpu_m"":334,""mem_b"":672232300,""priority"":""1"",""node"":""kwok-node-27""},{""name"":""rs-31-p1-8w82k"",""cpu_m"":334,""mem_b"":672232300,""priority"":""1"",""node"":""kwok-node-19""},{""name"":""rs-31-p1-rr99l"",""cpu_m"":334,""mem_b"":672232300,""priority"":""1"",""node"":""kwok-node-12""},{""name"":""rs-32-p3-c52mq"",""cpu_m"":843,""mem_b"":730352392,""priority"":""3"",""node"":""kwok-node-6""},{""name"":""rs-32-p3-nthp7"",""cpu_m"":843,""mem_b"":730352392,""priority"":""3"",""node"":""kwok-node-18""},{""name"":""rs-33-p4-6pcg2"",""cpu_m"":570,""mem_b"":986329784,""priority"":""4"",""node"":""kwok-node-1""},{""name"":""rs-33-p4-7dssd"",""cpu_m"":570,""mem_b"":986329784,""priority"":""4"",""node"":""kwok-node-23""},{""name"":""rs-33-p4-lwnc4"",""cpu_m"":570,""mem_b"":986329784,""priority"":""4"",""node"":""kwok-node-11""},{""name"":""rs-34-p2-2nbmg"",""cpu_m"":328,""mem_b"":915485120,""priority"":""2"",""node"":""kwok-node-9""},{""name"":""rs-34-p2-7ptv8"",""cpu_m"":328,""mem_b"":915485120,""priority"":""2"",""node"":""kwok-node-22""},{""name"":""rs-34-p2-wg59w"",""cpu_m"":328,""mem_b"":915485120,""priority"":""2"",""node"":""kwok-node-25""},{""name"":""rs-35-p2-fxcz7"",""cpu_m"":592,""mem_b"":574658071,""priority"":""2"",""node"":""kwok-node-13""},{""name"":""rs-36-p4-m8ddl"",""cpu_m"":932,""mem_b"":404185755,""priority"":""4"",""node"":""""},{""name"":""rs-36-p4-p6l96"",""cpu_m"":932,""mem_b"":404185755,""priority"":""4"",""node"":""kwok-node-16""},{""name"":""rs-36-p4-qlsjp"",""cpu_m"":932,""mem_b"":404185755,""priority"":""4"",""node"":""""},{""name"":""rs-36-p4-ssx2j"",""cpu_m"":932,""mem_b"":404185755,""priority"":""4"",""node"":""kwok-node-30""},{""name"":""rs-37-p2-bssz9"",""cpu_m"":144,""mem_b"":171281657,""priority"":""2"",""node"":""kwok-node-32""},{""name"":""rs-37-p2-n95b8"",""cpu_m"":144,""mem_b"":171281657,""priority"":""2"",""node"":""kwok-node-14""},{""name"":""rs-37-p2-tgml8"",""cpu_m"":144,""mem_b"":171281657,""priority"":""2"",""node"":""kwok-node-31""},{""name"":""rs-37-p2-wt5gh"",""cpu_m"":144,""mem_b"":171281657,""priority"":""2"",""node"":""kwok-node-5""},{""name"":""rs-38-p2-52pvd"",""cpu_m"":845,""mem_b"":250891613,""priority"":""2"",""node"":""kwok-node-24""},{""name"":""rs-38-p2-gn5vs"",""cpu_m"":845,""mem_b"":250891613,""priority"":""2"",""node"":""""},{""name"":""rs-38-p2-zt5b2"",""cpu_m"":845,""mem_b"":250891613,""priority"":""2"",""node"":""kwok-node-28""},{""name"":""rs-39-p3-5kvb5"",""cpu_m"":434,""mem_b"":899230595,""priority"":""3"",""node"":""""},{""name"":""rs-39-p3-8nwnw"",""cpu_m"":434,""mem_b"":899230595,""priority"":""3"",""node"":""""},{""name"":""rs-39-p3-nfkq9"",""cpu_m"":434,""mem_b"":899230595,""priority"":""3"",""node"":""""},{""name"":""rs-39-p3-pn9vb"",""cpu_m"":434,""mem_b"":899230595,""priority"":""3"",""node"":""kwok-node-2""},{""name"":""rs-40-p2-7fxmn"",""cpu_m"":166,""mem_b"":950559788,""priority"":""2"",""node"":""""},{""name"":""rs-40-p2-bn26g"",""cpu_m"":166,""mem_b"":950559788,""priority"":""2"",""node"":""""},{""name"":""rs-40-p2-dqljt"",""cpu_m"":166,""mem_b"":950559788,""priority"":""2"",""node"":""""},{""name"":""rs-40-p2-z9jv8"",""cpu_m"":166,""mem_b"":950559788,""priority"":""2"",""node"":""""},{""name"":""rs-41-p4-2r8bz"",""cpu_m"":138,""mem_b"":267181905,""priority"":""4"",""node"":""kwok-node-17""},{""name"":""rs-41-p4-kdv2c"",""cpu_m"":138,""mem_b"":267181905,""priority"":""4"",""node"":""kwok-node-4""},{""name"":""rs-41-p4-ljjml"",""cpu_m"":138,""mem_b"":267181905,""priority"":""4"",""node"":""kwok-node-21""},{""name"":""rs-41-p4-wd6qm"",""cpu_m"":138,""mem_b"":267181905,""priority"":""4"",""node"":""kwok-node-20""},{""name"":""rs-42-p1-5rlxm"",""cpu_m"":797,""mem_b"":224272832,""priority"":""1"",""node"":""""},{""name"":""rs-42-p1-7qj69"",""cpu_m"":797,""mem_b"":224272832,""priority"":""1"",""node"":""""},{""name"":""rs-42-p1-ggnbn"",""cpu_m"":797,""mem_b"":224272832,""priority"":""1"",""node"":""""},{""name"":""rs-43-p1-26dkd"",""cpu_m"":904,""mem_b"":608369124,""priority"":""1"",""node"":""""},{""name"":""rs-43-p1-76mjx"",""cpu_m"":904,""mem_b"":608369124,""priority"":""1"",""node"":""""},{""name"":""rs-43-p1-djgr6"",""cpu_m"":904,""mem_b"":608369124,""priority"":""1"",""node"":""""},{""name"":""rs-43-p1-s2sxt"",""cpu_m"":904,""mem_b"":608369124,""priority"":""1"",""node"":""""},{""name"":""rs-44-p2-4pjq5"",""cpu_m"":333,""mem_b"":641266945,""priority"":""2"",""node"":""kwok-node-5""},{""name"":""rs-44-p2-pjrpl"",""cpu_m"":333,""mem_b"":641266945,""priority"":""2"",""node"":""kwok-node-32""},{""name"":""rs-44-p2-q5j9b"",""cpu_m"":333,""mem_b"":641266945,""priority"":""2"",""node"":""kwok-node-3""},{""name"":""rs-44-p2-w4fph"",""cpu_m"":333,""mem_b"":641266945,""priority"":""2"",""node"":""kwok-node-26""},{""name"":""rs-45-p3-gcq68"",""cpu_m"":219,""mem_b"":977797076,""priority"":""3"",""node"":""""},{""name"":""rs-46-p3-9b2pg"",""cpu_m"":433,""mem_b"":350604011,""priority"":""3"",""node"":""kwok-node-31""},{""name"":""rs-47-p1-48zdz"",""cpu_m"":817,""mem_b"":278724098,""priority"":""1"",""node"":""""},{""name"":""rs-47-p1-kpsjm"",""cpu_m"":817,""mem_b"":278724098,""priority"":""1"",""node"":""""},{""name"":""rs-47-p1-r2lx5"",""cpu_m"":817,""mem_b"":278724098,""priority"":""1"",""node"":""""},{""name"":""rs-48-p4-5w58j"",""cpu_m"":205,""mem_b"":728653235,""priority"":""4"",""node"":""kwok-node-10""},{""name"":""rs-49-p3-g7x2p"",""cpu_m"":239,""mem_b"":369134791,""priority"":""3"",""node"":""kwok-node-14""},{""name"":""rs-50-p4-vzpkc"",""cpu_m"":760,""mem_b"":142283897,""priority"":""4"",""node"":""""}]","[{""name"":""kwok-node-1"",""cap_cpu_m"":2021,""cap_mem_bytes"":2160337889},{""name"":""kwok-node-2"",""cap_cpu_m"":2021,""cap_mem_bytes"":2160337889},{""name"":""kwok-node-3"",""cap_cpu_m"":2021,""cap_mem_bytes"":2160337889},{""name"":""kwok-node-4"",""cap_cpu_m"":2021,""cap_mem_bytes"":2160337889},{""name"":""kwok-node-5"",""cap_cpu_m"":2021,""cap_mem_bytes"":2160337889},{""name"":""kwok-node-6"",""cap_cpu_m"":2021,""cap_mem_bytes"":2160337889},{""name"":""kwok-node-7"",""cap_cpu_m"":2021,""cap_mem_bytes"":2160337889},{""name"":""kwok-node-8"",""cap_cpu_m"":2021,""cap_mem_bytes"":2160337889},{""name"":""kwok-node-9"",""cap_cpu_m"":2021,""cap_mem_bytes"":2160337889},{""name"":""kwok-node-10"",""cap_cpu_m"":2021,""cap_mem_bytes"":2160337889},{""name"":""kwok-node-11"",""cap_cpu_m"":2021,""cap_mem_bytes"":2160337889},{""name"":""kwok-node-12"",""cap_cpu_m"":2021,""cap_mem_bytes"":2160337889},{""name"":""kwok-node-13"",""cap_cpu_m"":2021,""cap_mem_bytes"":2160337889},{""name"":""kwok-node-14"",""cap_cpu_m"":2021,""cap_mem_bytes"":2160337889},{""name"":""kwok-node-15"",""cap_cpu_m"":2021,""cap_mem_bytes"":2160337889},{""name"":""kwok-node-16"",""cap_cpu_m"":2021,""cap_mem_bytes"":2160337889},{""name"":""kwok-node-17"",""cap_cpu_m"":2021,""cap_mem_bytes"":2160337889},{""name"":""kwok-node-18"",""cap_cpu_m"":2021,""cap_mem_bytes"":2160337889},{""name"":""kwok-node-19"",""cap_cpu_m"":2021,""cap_mem_bytes"":2160337889},{""name"":""kwok-node-20"",""cap_cpu_m"":2021,""cap_mem_bytes"":2160337889},{""name"":""kwok-node-21"",""cap_cpu_m"":2021,""cap_mem_bytes"":2160337889},{""name"":""kwok-node-22"",""cap_cpu_m"":2021,""cap_mem_bytes"":2160337889},{""name"":""kwok-node-23"",""cap_cpu_m"":2021,""cap_mem_bytes"":2160337889},{""name"":""kwok-node-24"",""cap_cpu_m"":2021,""cap_mem_bytes"":2160337889},{""name"":""kwok-node-25"",""cap_cpu_m"":2021,""cap_mem_bytes"":2160337889},{""name"":""kwok-node-26"",""cap_cpu_m"":2021,""cap_mem_bytes"":2160337889},{""name"":""kwok-node-27"",""cap_cpu_m"":2021,""cap_mem_bytes"":2160337889},{""name"":""kwok-node-28"",""cap_cpu_m"":2021,""cap_mem_bytes"":2160337889},{""name"":""kwok-node-29"",""cap_cpu_m"":2021,""cap_mem_bytes"":2160337889},{""name"":""kwok-node-30"",""cap_cpu_m"":2021,""cap_mem_bytes"":2160337889},{""name"":""kwok-node-31"",""cap_cpu_m"":2021,""cap_mem_bytes"":2160337889},{""name"":""kwok-node-32"",""cap_cpu_m"":2021,""cap_mem_bytes"":2160337889}]"
2026/02/11/11:32:59,1424665327171895173,,"{""evicted"":0,""moved"":0,""placed_by_priority"":{""1"":29,""2"":33,""3"":27,""4"":18}}",python,"{""evicted"":8,""moved"":12,""placed_by_priority"":{""1"":21,""2"":41,""3"":34,""4"":18}}",977,FEASIBLE,"[{""duration_ms"":977,""name"":""python"",""score"":{""evicted"":8,""moved"":12,""placed_by_priority"":{""1"":21,""2"":41,""3"":34,""4"":18}},""status"":""FEASIBLE""}]",0.897,0.822,0.910,0.828,63377,58075,66131824987,60115596255,114,107,14,21,"{""kwok-node-1"":3,""kwok-node-10"":3,""kwok-node-11"":4,""kwok-node-12"":4,""kwok-node-13"":3,""kwok-node-14"":3,""kwok-node-15"":3,""kwok-node-16"":4,""kwok-node-17"":3,""kwok-node-18"":4,""kwok-node-19"":4,""kwok-node-2"":4,""kwok-node-20"":4,""kwok-node-21"":4,""kwok-node-22"":4,""kwok-node-23"":4,""kwok-node-24"":3,""kwok-node-25"":4,""kwok-node-26"":3,""kwok-node-27"":4,""kwok-node-28"":3,""kwok-node-29"":4,""kwok-node-3"":3,""kwok-node-30"":3,""kwok-node-31"":4,""kwok-node-32"":3,""kwok-node-4"":4,""kwok-node-5"":4,""kwok-node-6"":4,""kwok-node-7"":4,""kwok-node-8"":3,""kwok-node-9"":3}","{""kwok-node-1"":3,""kwok-node-10"":3,""kwok-node-11"":4,""kwok-node-12"":4,""kwok-node-13"":3,""kwok-node-14"":3,""kwok-node-15"":3,""kwok-node-16"":3,""kwok-node-17"":3,""kwok-node-18"":4,""kwok-node-19"":4,""kwok-node-2"":3,""kwok-node-20"":4,""kwok-node-21"":4,""kwok-node-22"":4,""kwok-node-23"":4,""kwok-node-24"":3,""kwok-node-25"":4,""kwok-node-26"":3,""kwok-node-27"":3,""kwok-node-28"":3,""kwok-node-29"":3,""kwok-node-3"":3,""kwok-node-30"":3,""kwok-node-31"":4,""kwok-node-32"":4,""kwok-node-4"":3,""kwok-node-5"":3,""kwok-node-6"":3,""kwok-node-7"":3,""kwok-node-8"":3,""kwok-node-9"":3}","{""p1"":21,""p2"":41,""p3"":34,""p4"":18}","{""p1"":29,""p2"":33,""p3"":27,""p4"":18}","{""p1"":14}","{""p1"":6,""p2"":8,""p3"":7}","{rs-07-p1-wknfp,rs-09-p1-d2zh8,rs-30-p1-4jtn6,rs-30-p1-kjr7v,rs-33-p1-8ns4f,rs-33-p1-hgd28,rs-33-p1-lll92,rs-33-p1-wxqc8,rs-48-p1-5ppbs,rs-48-p1-kq2lf,rs-48-p1-vmfwq,rs-51-p1-62fdj,rs-51-p1-95v4p,rs-51-p1-9cj92}","{rs-39-p2-74g58,rs-39-p2-kpwqn,rs-42-p3-plknd,rs-42-p3-wkg7q,rs-45-p3-5x8rs,rs-45-p3-6qrsx,rs-45-p3-c4k2m,rs-46-p2-dtntl,rs-46-p2-p22xg,rs-46-p2-sb5kd,rs-47-p2-8xhzw,rs-47-p2-n8cdj,rs-47-p2-pvpk7,rs-48-p1-5ppbs,rs-48-p1-kq2lf,rs-48-p1-vmfwq,rs-49-p3-g78wb,rs-49-p3-thlsw,rs-51-p1-62fdj,rs-51-p1-95v4p,rs-51-p1-9cj92}","{rs-01-p3-5qgbd,rs-01-p3-hx5dh,rs-02-p2-4vnvk,rs-02-p2-x49wp,rs-03-p3-248gl,rs-04-p1-gsm97,rs-04-p1-t5pvg,rs-05-p3-4v4nt,rs-05-p3-5m9t5,rs-05-p3-llqct,rs-06-p2-zgrnp,rs-07-p1-gzhtj,rs-07-p1-kn7r2,rs-07-p1-tnjfh,rs-08-p3-7vxh7,rs-08-p3-jhzfq,rs-08-p3-rtnrn,rs-10-p1-mhqrn,rs-10-p1-rgjd7,rs-11-p3-4b56b,rs-11-p3-cktfc,rs-12-p3-5rpkz,rs-12-p3-6cqn7,rs-12-p3-l7762,rs-12-p3-vwf2q,rs-13-p1-2g6bw,rs-14-p2-996pp,rs-14-p2-gp4zt,rs-14-p2-z9ckr,rs-15-p4-6km2h,rs-15-p4-lxljk,rs-15-p4-p2jck,rs-15-p4-vmg29,rs-16-p3-b99nt,rs-17-p2-cnvs9,rs-17-p2-csxxf,rs-17-p2-sqzwd,rs-18-p2-5qjdt,rs-18-p2-79fdw,rs-18-p2-f9lts,rs-18-p2-llmtj,rs-19-p2-xwqzh,rs-20-p4-5sjd9,rs-20-p4-9fvjh,rs-21-p2-f5hnq,rs-21-p2-g8l9h,rs-21-p2-rpgxk,rs-22-p4-7n6sm,rs-22-p4-bh2hv,rs-22-p4-k25w2,rs-23-p1-2v4qr,rs-23-p1-d27tq,rs-23-p1-k9dxr,rs-24-p3-9r7pn,rs-24-p3-fng7j,rs-24-p3-q8w46,rs-25-p2-b97m5,rs-25-p2-dwskp,rs-25-p2-r7h5j,rs-25-p2-vvgtn,rs-26-p1-lsc4j,rs-26-p1-nlqk6,rs-26-p1-xdjzv,rs-27-p1-q6vp6,rs-28-p4-9zqft,rs-28-p4-rtqrl,rs-29-p2-5nckp,rs-29-p2-ssvmv,rs-29-p2-v5rj4,rs-29-p2-vx22v,rs-30-p1-p9kxb,rs-30-p1-zw2pj,rs-31-p1-ljplb,rs-32-p2-bkhnq,rs-32-p2-qsphg,rs-32-p2-rgp7z,rs-34-p1-pgfzh,rs-35-p3-d67sb,rs-36-p3-hjfw2,rs-36-p3-lx265,rs-36-p3-phcps,rs-36-p3-zlcjj,rs-37-p3-6w9w5,rs-37-p3-r2f7g,rs-37-p3-tzm24,rs-38-p4-g9pjs,rs-38-p4-mlrtm,rs-39-p2-2sj2j,rs-39-p2-74g58,rs-39-p2-96r4t,rs-39-p2-kpwqn,rs-40-p4-5mclz,rs-41-p1-2jk5w,rs-41-p1-52rjh,rs-42-p3-plknd,rs-42-p3-wkg7q,rs-43-p4-dvlxj,rs-43-p4-fdct9,rs-43-p4-qls6v,rs-44-p4-q7w5k,rs-45-p3-5x8rs,rs-45-p3-6qrsx,rs-45-p3-c4k2m,rs-46-p2-dtntl,rs-46-p2-p22xg,rs-46-p2-sb5kd,rs-47-p2-8xhzw,rs-47-p2-n8cdj,rs-47-p2-pvpk7,rs-49-p3-g78wb,rs-49-p3-thlsw,rs-50-p2-nq9tb,rs-50-p2-pkchj,rs-52-p2-m6fnq}","{rs-01-p3-5qgbd,rs-01-p3-hx5dh,rs-02-p2-4vnvk,rs-02-p2-x49wp,rs-03-p3-248gl,rs-04-p1-gsm97,rs-04-p1-t5pvg,rs-05-p3-4v4nt,rs-05-p3-5m9t5,rs-05-p3-llqct,rs-06-p2-zgrnp,rs-07-p1-6tt2w,rs-07-p1-k2dsf,rs-07-p1-kn7r2,rs-07-p1-tnjfh,rs-08-p3-7vxh7,rs-08-p3-jhzfq,rs-08-p3-rtnrn,rs-09-p1-2n25t,rs-10-p1-l6w6f,rs-10-p1-mrn4b,rs-11-p3-4b56b,rs-11-p3-cktfc,rs-12-p3-5rpkz,rs-12-p3-6cqn7,rs-12-p3-l7762,rs-12-p3-vwf2q,rs-13-p1-2g6bw,rs-14-p2-996pp,rs-14-p2-gp4zt,rs-14-p2-z9ckr,rs-15-p4-6km2h,rs-15-p4-lxljk,rs-15-p4-p2jck,rs-15-p4-vmg29,rs-16-p3-b99nt,rs-17-p2-cnvs9,rs-17-p2-csxxf,rs-17-p2-sqzwd,rs-18-p2-5qjdt,rs-18-p2-79fdw,rs-18-p2-f9lts,rs-18-p2-llmtj,rs-19-p2-xwqzh,rs-20-p4-5sjd9,rs-20-p4-9fvjh,rs-21-p2-f5hnq,rs-21-p2-g8l9h,rs-21-p2-rpgxk,rs-22-p4-7n6sm,rs-22-p4-bh2hv,rs-22-p4-k25w2,rs-23-p1-9l4wk,rs-23-p1-chlxh,rs-23-p1-s8c7k,rs-24-p3-9r7pn,rs-24-p3-fng7j,rs-24-p3-q8w46,rs-25-p2-b97m5,rs-25-p2-dwskp,rs-25-p2-r7h5j,rs-25-p2-vvgtn,rs-26-p1-d4h75,rs-26-p1-njz7c,rs-26-p1-wzcjs,rs-27-p1-d8tmv,rs-28-p4-9zqft,rs-28-p4-rtqrl,rs-29-p2-5nckp,rs-29-p2-ssvmv,rs-29-p2-v5rj4,rs-29-p2-vx22v,rs-30-p1-4fk9h,rs-30-p1-p9kxb,rs-30-p1-xd59h,rs-30-p1-zw2pj,rs-31-p1-gbd42,rs-32-p2-bkhnq,rs-32-p2-qsphg,rs-32-p2-rgp7z,rs-33-p1-4j4r2,rs-33-p1-bkdt4,rs-33-p1-dpkjc,rs-33-p1-kzwj4,rs-34-p1-rrqd7,rs-35-p3-d67sb,rs-36-p3-hjfw2,rs-36-p3-lx265,rs-36-p3-phcps,rs-36-p3-zlcjj,rs-37-p3-6w9w5,rs-37-p3-r2f7g,rs-37-p3-tzm24,rs-38-p4-g9pjs,rs-38-p4-mlrtm,rs-39-p2-2sj2j,rs-39-p2-96r4t,rs-40-p4-5mclz,rs-41-p1-2jk5w,rs-41-p1-52rjh,rs-43-p4-dvlxj,rs-43-p4-fdct9,rs-43-p4-qls6v,rs-44-p4-q7w5k,rs-50-p2-nq9tb,rs-50-p2-pkchj,rs-52-p2-m6fnq}","[{""name"":""rs-01-p3-5qgbd"",""cpu_m"":573,""mem_b"":393543252,""priority"":""3"",""node"":""kwok-node-20""},{""name"":""rs-01-p3-hx5dh"",""cpu_m"":573,""mem_b"":393543252,""priority"":""3"",""node"":""kwok-node-12""},{""name"":""rs-02-p2-4vnvk"",""cpu_m"":207,""mem_b"":869449175,""priority"":""2"",""node"":""kwok-node-2""},{""name"":""rs-02-p2-x49wp"",""cpu_m"":207,""mem_b"":869449175,""priority"":""2"",""node"":""kwok-node-16""},{""name"":""rs-03-p3-248gl"",""cpu_m"":567,""mem_b"":579480706,""priority"":""3"",""node"":""kwok-node-18""},{""name"":""rs-04-p1-gsm97"",""cpu_m"":804,""mem_b"":462898357,""priority"":""1"",""node"":""kwok-node-21""},{""name"":""rs-04-p1-t5pvg"",""cpu_m"":804,""mem_b"":462898357,""priority"":""1"",""node"":""kwok-node-17""},{""name"":""rs-05-p3-4v4nt"",""cpu_m"":748,""mem_b"":555543531,""priority"":""3"",""node"":""kwok-node-23""},{""name"":""rs-05-p3-5m9t5"",""cpu_m"":748,""mem_b"":555543531,""priority"":""3"",""node"":""kwok-node-11""},{""name"":""rs-05-p3-llqct"",""cpu_m"":748,""mem_b"":555543531,""priority"":""3"",""node"":""kwok-node-19""},{""name"":""rs-06-p2-zgrnp"",""cpu_m"":277,""mem_b"":597378674,""priority"":""2"",""node"":""kwok-node-27""},{""name"":""rs-07-p1-gzhtj"",""cpu_m"":903,""mem_b"":469987154,""priority"":""1"",""node"":""kwok-node-4""},{""name"":""rs-07-p1-kn7r2"",""cpu_m"":903,""mem_b"":469987154,""priority"":""1"",""node"":""kwok-node-22""},{""name"":""rs-07-p1-tnjfh"",""cpu_m"":903,""mem_b"":469987154,""priority"":""1"",""node"":""kwok-node-24""},{""name"":""rs-07-p1-wknfp"",""cpu_m"":903,""mem_b"":469987154,""priority"":""1"",""node"":""""},{""name"":""rs-08-p3-7vxh7"",""cpu_m"":703,""mem_b"":649537194,""priority"":""3"",""node"":""kwok-node-14""},{""name"":""rs-08-p3-jhzfq"",""cpu_m"":703,""mem_b"":649537194,""priority"":""3"",""node"":""kwok-node-13""},{""name"":""rs-08-p3-rtnrn"",""cpu_m"":703,""mem_b"":649537194,""priority"":""3"",""node"":""kwok-node-15""},{""name"":""rs-09-p1-d2zh8"",""cpu_m"":863,""mem_b"":872280852,""priority"":""1"",""node"":""""},{""name"":""rs-10-p1-mhqrn"",""cpu_m"":610,""mem_b"":548988087,""priority"":""1"",""node"":""kwok-node-6""},{""name"":""rs-10-p1-rgjd7"",""cpu_m"":610,""mem_b"":548988087,""priority"":""1"",""node"":""kwok-node-7""},{""name"":""rs-11-p3-4b56b"",""cpu_m"":106,""mem_b"":648289817,""priority"":""3"",""node"":""kwok-node-3""},{""name"":""rs-11-p3-cktfc"",""cpu_m"":106,""mem_b"":648289817,""priority"":""3"",""node"":""kwok-node-4""},{""name"":""rs-12-p3-5rpkz"",""cpu_m"":431,""mem_b"":241709714,""priority"":""3"",""node"":""kwok-node-6""},{""name"":""rs-12-p3-6cqn7"",""cpu_m"":431,""mem_b"":241709714,""priority"":""3"",""node"":""kwok-node-26""},{""name"":""rs-12-p3-l7762"",""cpu_m"":431,""mem_b"":241709714,""priority"":""3"",""node"":""kwok-node-10""},{""name"":""rs-12-p3-vwf2q"",""cpu_m"":431,""mem_b"":241709714,""priority"":""3"",""node"":""kwok-node-5""},{""name"":""rs-13-p1-2g6bw"",""cpu_m"":665,""mem_b"":258603519,""priority"":""1"",""node"":""kwok-node-31""},{""name"":""rs-14-p2-996pp"",""cpu_m"":171,""mem_b"":482465388,""priority"":""2"",""node"":""kwok-node-7""},{""name"":""rs-14-p2-gp4zt"",""cpu_m"":171,""mem_b"":482465388,""priority"":""2"",""node"":""kwok-node-30""},{""name"":""rs-14-p2-z9ckr"",""cpu_m"":171,""mem_b"":482465388,""priority"":""2"",""node"":""kwok-node-8""},{""name"":""rs-15-p4-6km2h"",""cpu_m"":549,""mem_b"":801508880,""priority"":""4"",""node"":""kwok-node-9""},{""name"":""rs-15-p4-lxljk"",""cpu_m"":549,""mem_b"":801508880,""priority"":""4"",""node"":""kwok-node-10""},{""name"":""rs-15-p4-p2jck"",""cpu_m"":549,""mem_b"":801508880,""priority"":""4"",""node"":""kwok-node-5""},{""name"":""rs-15-p4-vmg29"",""cpu_m"":549,""mem_b"":801508880,""priority"":""4"",""node"":""kwok-node-6""},{""name"":""rs-16-p3-b99nt"",""cpu_m"":562,""mem_b"":939397557,""priority"":""3"",""node"":""kwok-node-26""},{""name"":""rs-17-p2-cnvs9"",""cpu_m"":900,""mem_b"":861348485,""priority"":""2"",""node"":""kwok-node-7""},{""name"":""rs-17-p2-csxxf"",""cpu_m"":900,""mem_b"":861348485,""priority"":""2"",""node"":""kwok-node-30""},{""name"":""rs-17-p2-sqzwd"",""cpu_m"":900,""mem_b"":861348485,""priority"":""2"",""node"":""kwok-node-8""},{""name"":""rs-18-p2-5qjdt"",""cpu_m"":325,""mem_b"":749264218,""priority"":""2"",""node"":""kwok-node-21""},{""name"":""rs-18-p2-79fdw"",""cpu_m"":325,""mem_b"":749264218,""priority"":""2"",""node"":""kwok-node-12""},{""name"":""rs-18-p2-f9lts"",""cpu_m"":325,""mem_b"":749264218,""priority"":""2"",""node"":""kwok-node-31""},{""name"":""rs-18-p2-llmtj"",""cpu_m"":325,""mem_b"":749264218,""priority"":""2"",""node"":""kwok-node-20""},{""name"":""rs-19-p2-xwqzh"",""cpu_m"":492,""mem_b"":736564860,""priority"":""2"",""node"":""kwok-node-23""},{""name"":""rs-20-p4-5sjd9"",""cpu_m"":899,""mem_b"":450216385,""priority"":""4"",""node"":""kwok-node-4""},{""name"":""rs-20-p4-9fvjh"",""cpu_m"":899,""mem_b"":450216385,""priority"":""4"",""node"":""kwok-node-3""},{""name"":""rs-21-p2-f5hnq"",""cpu_m"":750,""mem_b"":403573535,""priority"":""2"",""node"":""kwok-node-16""},{""name"":""rs-21-p2-g8l9h"",""cpu_m"":750,""mem_b"":403573535,""priority"":""2"",""node"":""kwok-node-2""},{""name"":""rs-21-p2-rpgxk"",""cpu_m"":750,""mem_b"":403573535,""priority"":""2"",""node"":""kwok-node-27""},{""name"":""rs-22-p4-7n6sm"",""cpu_m"":727,""mem_b"":368323590,""priority"":""4"",""node"":""kwok-node-25""},{""name"":""rs-22-p4-bh2hv"",""cpu_m"":727,""mem_b"":368323590,""priority"":""4"",""node"":""kwok-node-18""},{""name"":""rs-22-p4-k25w2"",""cpu_m"":727,""mem_b"":368323590,""priority"":""4"",""node"":""kwok-node-9""},{""name"":""rs-23-p1-2v4qr"",""cpu_m"":293,""mem_b"":635465073,""priority"":""1"",""node"":""kwok-node-2""},{""name"":""rs-23-p1-d27tq"",""cpu_m"":293,""mem_b"":635465073,""priority"":""1"",""node"":""kwok-node-4""},{""name"":""rs-23-p1-k9dxr"",""cpu_m"":293,""mem_b"":635465073,""priority"":""1"",""node"":""kwok-node-16""},{""name"":""rs-24-p3-9r7pn"",""cpu_m"":941,""mem_b"":894312884,""priority"":""3"",""node"":""kwok-node-14""},{""name"":""rs-24-p3-fng7j"",""cpu_m"":941,""mem_b"":894312884,""priority"":""3"",""node"":""kwok-node-15""},{""name"":""rs-24-p3-q8w46"",""cpu_m"":941,""mem_b"":894312884,""priority"":""3"",""node"":""kwok-node-13""},{""name"":""rs-25-p2-b97m5"",""cpu_m"":592,""mem_b"":316151289,""priority"":""2"",""node"":""kwok-node-12""},{""name"":""rs-25-p2-dwskp"",""cpu_m"":592,""mem_b"":316151289,""priority"":""2"",""node"":""kwok-node-19""},{""name"":""rs-25-p2-r7h5j"",""cpu_m"":592,""mem_b"":316151289,""priority"":""2"",""node"":""kwok-node-29""},{""name"":""rs-25-p2-vvgtn"",""cpu_m"":592,""mem_b"":316151289,""priority"":""2"",""node"":""kwok-node-22""},{""name"":""rs-26-p1-lsc4j"",""cpu_m"":900,""mem_b"":275325113,""priority"":""1"",""node"":""kwok-node-2""},{""name"":""rs-26-p1-nlqk6"",""cpu_m"":900,""mem_b"":275325113,""priority"":""1"",""node"":""kwok-node-28""},{""name"":""rs-26-p1-xdjzv"",""cpu_m"":900,""mem_b"":275325113,""priority"":""1"",""node"":""kwok-node-27""},{""name"":""rs-27-p1-q6vp6"",""cpu_m"":151,""mem_b"":639790483,""priority"":""1"",""node"":""kwok-node-5""},{""name"":""rs-28-p4-9zqft"",""cpu_m"":950,""mem_b"":287192795,""priority"":""4"",""node"":""kwok-node-1""},{""name"":""rs-28-p4-rtqrl"",""cpu_m"":950,""mem_b"":287192795,""priority"":""4"",""node"":""kwok-node-16""},{""name"":""rs-29-p2-5nckp"",""cpu_m"":123,""mem_b"":856191735,""priority"":""2"",""node"":""kwok-node-18""},{""name"":""rs-29-p2-ssvmv"",""cpu_m"":123,""mem_b"":856191735,""priority"":""2"",""node"":""kwok-node-25""},{""name"":""rs-29-p2-v5rj4"",""cpu_m"":123,""mem_b"":856191735,""priority"":""2"",""node"":""kwok-node-19""},{""name"":""rs-29-p2-vx22v"",""cpu_m"":123,""mem_b"":856191735,""priority"":""2"",""node"":""kwok-node-22""},{""name"":""rs-30-p1-4jtn6"",""cpu_m"":190,""mem_b"":974029754,""priority"":""1"",""node"":""""},{""name"":""rs-30-p1-kjr7v"",""cpu_m"":190,""mem_b"":974029754,""priority"":""1"",""node"":""""},{""name"":""rs-30-p1-p9kxb"",""cpu_m"":190,""mem_b"":974029754,""priority"":""1"",""node"":""kwok-node-27""},{""name"":""rs-30-p1-zw2pj"",""cpu_m"":190,""mem_b"":974029754,""priority"":""1"",""node"":""kwok-node-31""},{""name"":""rs-31-p1-ljplb"",""cpu_m"":817,""mem_b"":430047374,""priority"":""1"",""node"":""kwok-node-26""},{""name"":""rs-32-p2-bkhnq"",""cpu_m"":559,""mem_b"":769584207,""priority"":""2"",""node"":""kwok-node-3""},{""name"":""rs-32-p2-qsphg"",""cpu_m"":559,""mem_b"":769584207,""priority"":""2"",""node"":""kwok-node-10""},{""name"":""rs-32-p2-rgp7z"",""cpu_m"":559,""mem_b"":769584207,""priority"":""2"",""node"":""kwok-node-17""},{""name"":""rs-33-p1-8ns4f"",""cpu_m"":950,""mem_b"":470692043,""priority"":""1"",""node"":""""},{""name"":""rs-33-p1-hgd28"",""cpu_m"":950,""mem_b"":470692043,""priority"":""1"",""node"":""""},{""name"":""rs-33-p1-lll92"",""cpu_m"":950,""mem_b"":470692043,""priority"":""1"",""node"":""""},{""name"":""rs-33-p1-wxqc8"",""cpu_m"":950,""mem_b"":470692043,""priority"":""1"",""node"":""""},{""name"":""rs-34-p1-pgfzh"",""cpu_m"":491,""mem_b"":658790861,""priority"":""1"",""node"":""kwok-node-6""},{""name"":""rs-35-p3-d67sb"",""cpu_m"":133,""mem_b"":684698681,""priority"":""3"",""node"":""kwok-node-9""},{""name"":""rs-36-p3-hjfw2"",""cpu_m"":508,""mem_b"":326725078,""priority"":""3"",""node"":""kwok-node-11""},{""name"":""rs-36-p3-lx265"",""cpu_m"":508,""mem_b"":326725078,""priority"":""3"",""node"":""kwok-node-7""},{""name"":""rs-36-p3-phcps"",""cpu_m"":508,""mem_b"":326725078,""priority"":""3"",""node"":""kwok-node-21""},{""name"":""rs-36-p3-zlcjj"",""cpu_m"":508,""mem_b"":326725078,""priority"":""3"",""node"":""kwok-node-23""},{""name"":""rs-37-p3-6w9w5"",""cpu_m"":520,""mem_b"":354911505,""priority"":""3"",""node"":""kwok-node-19""},{""name"":""rs-37-p3-r2f7g"",""cpu_m"":520,""mem_b"":354911505,""priority"":""3"",""node"":""kwok-node-29""},{""name"":""rs-37-p3-tzm24"",""cpu_m"":520,""mem_b"":354911505,""priority"":""3"",""node"":""kwok-node-12""},{""name"":""rs-38-p4-g9pjs"",""cpu_m"":235,""mem_b"":491851100,""priority"":""4"",""node"":""kwok-node-11""},{""name"":""rs-38-p4-mlrtm"",""cpu_m"":235,""mem_b"":491851100,""priority"":""4"",""node"":""kwok-node-15""},{""name"":""rs-39-p2-2sj2j"",""cpu_m"":254,""mem_b"":954256850,""priority"":""2"",""node"":""kwok-node-1""},{""name"":""rs-39-p2-74g58"",""cpu_m"":254,""mem_b"":954256850,""priority"":""2"",""node"":""kwok-node-24""},{""name"":""rs-39-p2-96r4t"",""cpu_m"":254,""mem_b"":954256850,""priority"":""2"",""node"":""kwok-node-28""},{""name"":""rs-39-p2-kpwqn"",""cpu_m"":254,""mem_b"":954256850,""priority"":""2"",""node"":""kwok-node-29""},{""name"":""rs-40-p4-5mclz"",""cpu_m"":156,""mem_b"":583489460,""priority"":""4"",""node"":""kwok-node-20""},{""name"":""rs-41-p1-2jk5w"",""cpu_m"":545,""mem_b"":693511430,""priority"":""1"",""node"":""kwok-node-14""},{""name"":""rs-41-p1-52rjh"",""cpu_m"":545,""mem_b"":693511430,""priority"":""1"",""node"":""kwok-node-21""},{""name"":""rs-42-p3-plknd"",""cpu_m"":696,""mem_b"":882017213,""priority"":""3"",""node"":""kwok-node-28""},{""name"":""rs-42-p3-wkg7q"",""cpu_m"":696,""mem_b"":882017213,""priority"":""3"",""node"":""kwok-node-11""},{""name"":""rs-43-p4-dvlxj"",""cpu_m"":138,""mem_b"":291872835,""priority"":""4"",""node"":""kwok-node-22""},{""name"":""rs-43-p4-fdct9"",""cpu_m"":138,""mem_b"":291872835,""priority"":""4"",""node"":""kwok-node-23""},{""name"":""rs-43-p4-qls6v"",""cpu_m"":138,""mem_b"":291872835,""priority"":""4"",""node"":""kwok-node-13""},{""name"":""rs-44-p4-q7w5k"",""cpu_m"":937,""mem_b"":137419291,""priority"":""4"",""node"":""kwok-node-31""},{""name"":""rs-45-p3-5x8rs"",""cpu_m"":788,""mem_b"":481906170,""priority"":""3"",""node"":""kwok-node-24""},{""name"":""rs-45-p3-6qrsx"",""cpu_m"":788,""mem_b"":481906170,""priority"":""3"",""node"":""kwok-node-25""},{""name"":""rs-45-p3-c4k2m"",""cpu_m"":788,""mem_b"":481906170,""priority"":""3"",""node"":""kwok-node-29""},{""name"":""rs-46-p2-dtntl"",""cpu_m"":838,""mem_b"":889050634,""priority"":""2"",""node"":""kwok-node-1""},{""name"":""rs-46-p2-p22xg"",""cpu_m"":838,""mem_b"":889050634,""priority"":""2"",""node"":""kwok-node-17""},{""name"":""rs-46-p2-sb5kd"",""cpu_m"":838,""mem_b"":889050634,""priority"":""2"",""node"":""kwok-node-8""},{""name"":""rs-47-p2-8xhzw"",""cpu_m"":858,""mem_b"":815985688,""priority"":""2"",""node"":""kwok-node-32""},{""name"":""rs-47-p2-n8cdj"",""cpu_m"":858,""mem_b"":815985688,""priority"":""2"",""node"":""kwok-node-30""},{""name"":""rs-47-p2-pvpk7"",""cpu_m"":858,""mem_b"":815985688,""priority"":""2"",""node"":""kwok-node-32""},{""name"":""rs-48-p1-5ppbs"",""cpu_m"":750,""mem_b"":855955549,""priority"":""1"",""node"":""""},{""name"":""rs-48-p1-kq2lf"",""cpu_m"":750,""mem_b"":855955549,""priority"":""1"",""node"":""""},{""name"":""rs-48-p1-vmfwq"",""cpu_m"":750,""mem_b"":855955549,""priority"":""1"",""node"":""""},{""name"":""rs-49-p3-g78wb"",""cpu_m"":948,""mem_b"":477974408,""priority"":""3"",""node"":""kwok-node-20""},{""name"":""rs-49-p3-thlsw"",""cpu_m"":948,""mem_b"":477974408,""priority"":""3"",""node"":""kwok-node-5""},{""name"":""rs-50-p2-nq9tb"",""cpu_m"":507,""mem_b"":166490577,""priority"":""2"",""node"":""kwok-node-25""},{""name"":""rs-50-p2-pkchj"",""cpu_m"":507,""mem_b"":166490577,""priority"":""2"",""node"":""kwok-node-18""},{""name"":""rs-51-p1-62fdj"",""cpu_m"":883,""mem_b"":798710259,""priority"":""1"",""node"":""""},{""name"":""rs-51-p1-95v4p"",""cpu_m"":883,""mem_b"":798710259,""priority"":""1"",""node"":""""},{""name"":""rs-51-p1-9cj92"",""cpu_m"":883,""mem_b"":798710259,""priority"":""1"",""node"":""""},{""name"":""rs-52-p2-m6fnq"",""cpu_m"":250,""mem_b"":612448807,""priority"":""2"",""node"":""kwok-node-32""}]","[{""name"":""rs-01-p3-5qgbd"",""cpu_m"":573,""mem_b"":393543252,""priority"":""3"",""node"":""kwok-node-20""},{""name"":""rs-01-p3-hx5dh"",""cpu_m"":573,""mem_b"":393543252,""priority"":""3"",""node"":""kwok-node-12""},{""name"":""rs-02-p2-4vnvk"",""cpu_m"":207,""mem_b"":869449175,""priority"":""2"",""node"":""kwok-node-2""},{""name"":""rs-02-p2-x49wp"",""cpu_m"":207,""mem_b"":869449175,""priority"":""2"",""node"":""kwok-node-16""},{""name"":""rs-03-p3-248gl"",""cpu_m"":567,""mem_b"":579480706,""priority"":""3"",""node"":""kwok-node-18""},{""name"":""rs-04-p1-gsm97"",""cpu_m"":804,""mem_b"":462898357,""priority"":""1"",""node"":""kwok-node-21""},{""name"":""rs-04-p1-t5pvg"",""cpu_m"":804,""mem_b"":462898357,""priority"":""1"",""node"":""kwok-node-17""},{""name"":""rs-05-p3-4v4nt"",""cpu_m"":748,""mem_b"":555543531,""priority"":""3"",""node"":""kwok-node-23""},{""name"":""rs-05-p3-5m9t5"",""cpu_m"":748,""mem_b"":555543531,""priority"":""3"",""node"":""kwok-node-11""},{""name"":""rs-05-p3-llqct"",""cpu_m"":748,""mem_b"":555543531,""priority"":""3"",""node"":""kwok-node-19""},{""name"":""rs-06-p2-zgrnp"",""cpu_m"":277,""mem_b"":597378674,""priority"":""2"",""node"":""kwok-node-27""},{""name"":""rs-07-p1-6tt2w"",""cpu_m"":903,""mem_b"":469987154,""priority"":""1"",""node"":""kwok-node-1""},{""name"":""rs-07-p1-k2dsf"",""cpu_m"":903,""mem_b"":469987154,""priority"":""1"",""node"":""kwok-node-28""},{""name"":""rs-07-p1-kn7r2"",""cpu_m"":903,""mem_b"":469987154,""priority"":""1"",""node"":""kwok-node-22""},{""name"":""rs-07-p1-tnjfh"",""cpu_m"":903,""mem_b"":469987154,""priority"":""1"",""node"":""kwok-node-24""},{""name"":""rs-08-p3-7vxh7"",""cpu_m"":703,""mem_b"":649537194,""priority"":""3"",""node"":""kwok-node-14""},{""name"":""rs-08-p3-jhzfq"",""cpu_m"":703,""mem_b"":649537194,""priority"":""3"",""node"":""kwok-node-13""},{""name"":""rs-08-p3-rtnrn"",""cpu_m"":703,""mem_b"":649537194,""priority"":""3"",""node"":""kwok-node-15""},{""name"":""rs-09-p1-2n25t"",""cpu_m"":863,""mem_b"":872280852,""priority"":""1"",""node"":""kwok-node-29""},{""name"":""rs-10-p1-l6w6f"",""cpu_m"":610,""mem_b"":548988087,""priority"":""1"",""node"":""kwok-node-25""},{""name"":""rs-10-p1-mrn4b"",""cpu_m"":610,""mem_b"":548988087,""priority"":""1"",""node"":""kwok-node-32""},{""name"":""rs-11-p3-4b56b"",""cpu_m"":106,""mem_b"":648289817,""priority"":""3"",""node"":""kwok-node-3""},{""name"":""rs-11-p3-cktfc"",""cpu_m"":106,""mem_b"":648289817,""priority"":""3"",""node"":""kwok-node-4""},{""name"":""rs-12-p3-5rpkz"",""cpu_m"":431,""mem_b"":241709714,""priority"":""3"",""node"":""kwok-node-6""},{""name"":""rs-12-p3-6cqn7"",""cpu_m"":431,""mem_b"":241709714,""priority"":""3"",""node"":""kwok-node-26""},{""name"":""rs-12-p3-l7762"",""cpu_m"":431,""mem_b"":241709714,""priority"":""3"",""node"":""kwok-node-10""},{""name"":""rs-12-p3-vwf2q"",""cpu_m"":431,""mem_b"":241709714,""priority"":""3"",""node"":""kwok-node-5""},{""name"":""rs-13-p1-2g6bw"",""cpu_m"":665,""mem_b"":258603519,""priority"":""1"",""node"":""kwok-node-31""},{""name"":""rs-14-p2-996pp"",""cpu_m"":171,""mem_b"":482465388,""priority"":""2"",""node"":""kwok-node-7""},{""name"":""rs-14-p2-gp4zt"",""cpu_m"":171,""mem_b"":482465388,""priority"":""2"",""node"":""kwok-node-30""},{""name"":""rs-14-p2-z9ckr"",""cpu_m"":171,""mem_b"":482465388,""priority"":""2"",""node"":""kwok-node-8""},{""name"":""rs-15-p4-6km2h"",""cpu_m"":549,""mem_b"":801508880,""priority"":""4"",""node"":""kwok-node-9""},{""name"":""rs-15-p4-lxljk"",""cpu_m"":549,""mem_b"":801508880,""priority"":""4"",""node"":""kwok-node-10""},{""name"":""rs-15-p4-p2jck"",""cpu_m"":549,""mem_b"":801508880,""priority"":""4"",""node"":""kwok-node-5""},{""name"":""rs-15-p4-vmg29"",""cpu_m"":549,""mem_b"":801508880,""priority"":""4"",""node"":""kwok-node-6""},{""name"":""rs-16-p3-b99nt"",""cpu_m"":562,""mem_b"":939397557,""priority"":""3"",""node"":""kwok-node-26""},{""name"":""rs-17-p2-cnvs9"",""cpu_m"":900,""mem_b"":861348485,""priority"":""2"",""node"":""kwok-node-7""},{""name"":""rs-17-p2-csxxf"",""cpu_m"":900,""mem_b"":861348485,""priority"":""2"",""node"":""kwok-node-30""},{""name"":""rs-17-p2-sqzwd"",""cpu_m"":900,""mem_b"":861348485,""priority"":""2"",""node"":""kwok-node-8""},{""name"":""rs-18-p2-5qjdt"",""cpu_m"":325,""mem_b"":749264218,""priority"":""2"",""node"":""kwok-node-21""},{""name"":""rs-18-p2-79fdw"",""cpu_m"":325,""mem_b"":749264218,""priority"":""2"",""node"":""kwok-node-12""},{""name"":""rs-18-p2-f9lts"",""cpu_m"":325,""mem_b"":749264218,""priority"":""2"",""node"":""kwok-node-31""},{""name"":""rs-18-p2-llmtj"",""cpu_m"":325,""mem_b"":749264218,""priority"":""2"",""node"":""kwok-node-20""},{""name"":""rs-19-p2-xwqzh"",""cpu_m"":492,""mem_b"":736564860,""priority"":""2"",""node"":""kwok-node-23""},{""name"":""rs-20-p4-5sjd9"",""cpu_m"":899,""mem_b"":450216385,""priority"":""4"",""node"":""kwok-node-4""},{""name"":""rs-20-p4-9fvjh"",""cpu_m"":899,""mem_b"":450216385,""priority"":""4"",""node"":""kwok-node-3""},{""name"":""rs-21-p2-f5hnq"",""cpu_m"":750,""mem_b"":403573535,""priority"":""2"",""node"":""kwok-node-16""},{""name"":""rs-21-p2-g8l9h"",""cpu_m"":750,""mem_b"":403573535,""priority"":""2"",""node"":""kwok-node-2""},{""name"":""rs-21-p2-rpgxk"",""cpu_m"":750,""mem_b"":403573535,""priority"":""2"",""node"":""kwok-node-27""},{""name"":""rs-22-p4-7n6sm"",""cpu_m"":727,""mem_b"":368323590,""priority"":""4"",""node"":""kwok-node-25""},{""name"":""rs-22-p4-bh2hv"",""cpu_m"":727,""mem_b"":368323590,""priority"":""4"",""node"":""kwok-node-18""},{""name"":""rs-22-p4-k25w2"",""cpu_m"":727,""mem_b"":368323590,""priority"":""4"",""node"":""kwok-node-9""},{""name"":""rs-23-p1-9l4wk"",""cpu_m"":293,""mem_b"":635465073,""priority"":""1"",""node"":""kwok-node-17""},{""name"":""rs-23-p1-chlxh"",""cpu_m"":293,""mem_b"":635465073,""priority"":""1"",""node"":""kwok-node-32""},{""name"":""rs-23-p1-s8c7k"",""cpu_m"":293,""mem_b"":635465073,""priority"":""1"",""node"":""kwok-node-11""},{""name"":""rs-24-p3-9r7pn"",""cpu_m"":941,""mem_b"":894312884,""priority"":""3"",""node"":""kwok-node-14""},{""name"":""rs-24-p3-fng7j"",""cpu_m"":941,""mem_b"":894312884,""priority"":""3"",""node"":""kwok-node-15""},{""name"":""rs-24-p3-q8w46"",""cpu_m"":941,""mem_b"":894312884,""priority"":""3"",""node"":""kwok-node-13""},{""name"":""rs-25-p2-b97m5"",""cpu_m"":592,""mem_b"":316151289,""priority"":""2"",""node"":""kwok-node-12""},{""name"":""rs-25-p2-dwskp"",""cpu_m"":592,""mem_b"":316151289,""priority"":""2"",""node"":""kwok-node-19""},{""name"":""rs-25-p2-r7h5j"",""cpu_m"":592,""mem_b"":316151289,""priority"":""2"",""node"":""kwok-node-29""},{""name"":""rs-25-p2-vvgtn"",""cpu_m"":592,""mem_b"":316151289,""priority"":""2"",""node"":""kwok-node-22""},{""name"":""rs-26-p1-d4h75"",""cpu_m"":900,""mem_b"":275325113,""priority"":""1"",""node"":""kwok-node-32""},{""name"":""rs-26-p1-njz7c"",""cpu_m"":900,""mem_b"":275325113,""priority"":""1"",""node"":""kwok-node-20""},{""name"":""rs-26-p1-wzcjs"",""cpu_m"":900,""mem_b"":275325113,""priority"":""1"",""node"":""kwok-node-28""},{""name"":""rs-27-p1-d8tmv"",""cpu_m"":151,""mem_b"":639790483,""priority"":""1"",""node"":""kwok-node-24""},{""name"":""rs-28-p4-9zqft"",""cpu_m"":950,""mem_b"":287192795,""priority"":""4"",""node"":""kwok-node-1""},{""name"":""rs-28-p4-rtqrl"",""cpu_m"":950,""mem_b"":287192795,""priority"":""4"",""node"":""kwok-node-16""},{""name"":""rs-29-p2-5nckp"",""cpu_m"":123,""mem_b"":856191735,""priority"":""2"",""node"":""kwok-node-18""},{""name"":""rs-29-p2-ssvmv"",""cpu_m"":123,""mem_b"":856191735,""priority"":""2"",""node"":""kwok-node-25""},{""name"":""rs-29-p2-v5rj4"",""cpu_m"":123,""mem_b"":856191735,""priority"":""2"",""node"":""kwok-node-19""},{""name"":""rs-29-p2-vx22v"",""cpu_m"":123,""mem_b"":856191735,""priority"":""2"",""node"":""kwok-node-22""},{""name"":""rs-30-p1-4fk9h"",""cpu_m"":190,""mem_b"":974029754,""priority"":""1"",""node"":""kwok-node-6""},{""name"":""rs-30-p1-p9kxb"",""cpu_m"":190,""mem_b"":974029754,""priority"":""1"",""node"":""kwok-node-27""},{""name"":""rs-30-p1-xd59h"",""cpu_m"":190,""mem_b"":974029754,""priority"":""1"",""node"":""kwok-node-5""},{""name"":""rs-30-p1-zw2pj"",""cpu_m"":190,""mem_b"":974029754,""priority"":""1"",""node"":""kwok-node-31""},{""name"":""rs-31-p1-gbd42"",""cpu_m"":817,""mem_b"":430047374,""priority"":""1"",""node"":""kwok-node-2""},{""name"":""rs-32-p2-bkhnq"",""cpu_m"":559,""mem_b"":769584207,""priority"":""2"",""node"":""kwok-node-3""},{""name"":""rs-32-p2-qsphg"",""cpu_m"":559,""mem_b"":769584207,""priority"":""2"",""node"":""kwok-node-10""},{""name"":""rs-32-p2-rgp7z"",""cpu_m"":559,""mem_b"":769584207,""priority"":""2"",""node"":""kwok-node-17""},{""name"":""rs-33-p1-4j4r2"",""cpu_m"":950,""mem_b"":470692043,""priority"":""1"",""node"":""kwok-node-8""},{""name"":""rs-33-p1-bkdt4"",""cpu_m"":950,""mem_b"":470692043,""priority"":""1"",""node"":""kwok-node-4""},{""name"":""rs-33-p1-dpkjc"",""cpu_m"":950,""mem_b"":470692043,""priority"":""1"",""node"":""kwok-node-26""},{""name"":""rs-33-p1-kzwj4"",""cpu_m"":950,""mem_b"":470692043,""priority"":""1"",""node"":""kwok-node-30""},{""name"":""rs-34-p1-rrqd7"",""cpu_m"":491,""mem_b"":658790861,""priority"":""1"",""node"":""kwok-node-24""},{""name"":""rs-35-p3-d67sb"",""cpu_m"":133,""mem_b"":684698681,""priority"":""3"",""node"":""kwok-node-9""},{""name"":""rs-36-p3-hjfw2"",""cpu_m"":508,""mem_b"":326725078,""priority"":""3"",""node"":""kwok-node-11""},{""name"":""rs-36-p3-lx265"",""cpu_m"":508,""mem_b"":326725078,""priority"":""3"",""node"":""kwok-node-7""},{""name"":""rs-36-p3-phcps"",""cpu_m"":508,""mem_b"":326725078,""priority"":""3"",""node"":""kwok-node-21""},{""name"":""rs-36-p3-zlcjj"",""cpu_m"":508,""mem_b"":326725078,""priority"":""3"",""node"":""kwok-node-23""},{""name"":""rs-37-p3-6w9w5"",""cpu_m"":520,""mem_b"":354911505,""priority"":""3"",""node"":""kwok-node-19""},{""name"":""rs-37-p3-r2f7g"",""cpu_m"":520,""mem_b"":354911505,""priority"":""3"",""node"":""kwok-node-29""},{""name"":""rs-37-p3-tzm24"",""cpu_m"":520,""mem_b"":354911505,""priority"":""3"",""node"":""kwok-node-12""},{""name"":""rs-38-p4-g9pjs"",""cpu_m"":235,""mem_b"":491851100,""priority"":""4"",""node"":""kwok-node-11""},{""name"":""rs-38-p4-mlrtm"",""cpu_m"":235,""mem_b"":491851100,""priority"":""4"",""node"":""kwok-node-15""},{""name"":""rs-39-p2-2sj2j"",""cpu_m"":254,""mem_b"":954256850,""priority"":""2"",""node"":""kwok-node-1""},{""name"":""rs-39-p2-74g58"",""cpu_m"":254,""mem_b"":954256850,""priority"":""2"",""node"":""""},{""name"":""rs-39-p2-96r4t"",""cpu_m"":254,""mem_b"":954256850,""priority"":""2"",""node"":""kwok-node-28""},{""name"":""rs-39-p2-kpwqn"",""cpu_m"":254,""mem_b"":954256850,""priority"":""2"",""node"":""""},{""name"":""rs-40-p4-5mclz"",""cpu_m"":156,""mem_b"":583489460,""priority"":""4"",""node"":""kwok-node-20""},{""name"":""rs-41-p1-2jk5w"",""cpu_m"":545,""mem_b"":693511430,""priority"":""1"",""node"":""kwok-node-14""},{""name"":""rs-41-p1-52rjh"",""cpu_m"":545,""mem_b"":693511430,""priority"":""1"",""node"":""kwok-node-21""},{""name"":""rs-42-p3-plknd"",""cpu_m"":696,""mem_b"":882017213,""priority"":""3"",""node"":""""},{""name"":""rs-42-p3-wkg7q"",""cpu_m"":696,""mem_b"":882017213,""priority"":""3"",""node"":""""},{""name"":""rs-43-p4-dvlxj"",""cpu_m"":138,""mem_b"":291872835,""priority"":""4"",""node"":""kwok-node-22""},{""name"":""rs-43-p4-fdct9"",""cpu_m"":138,""mem_b"":291872835,""priority"":""4"",""node"":""kwok-node-23""},{""name"":""rs-43-p4-qls6v"",""cpu_m"":138,""mem_b"":291872835,""priority"":""4"",""node"":""kwok-node-13""},{""name"":""rs-44-p4-q7w5k"",""cpu_m"":937,""mem_b"":137419291,""priority"":""4"",""node"":""kwok-node-31""},{""name"":""rs-45-p3-5x8rs"",""cpu_m"":788,""mem_b"":481906170,""priority"":""3"",""node"":""""},{""name"":""rs-45-p3-6qrsx"",""cpu_m"":788,""mem_b"":481906170,""priority"":""3"",""node"":""""},{""name"":""rs-45-p3-c4k2m"",""cpu_m"":788,""mem_b"":481906170,""priority"":""3"",""node"":""""},{""name"":""rs-46-p2-dtntl"",""cpu_m"":838,""mem_b"":889050634,""priority"":""2"",""node"":""""},{""name"":""rs-46-p2-p22xg"",""cpu_m"":838,""mem_b"":889050634,""priority"":""2"",""node"":""""},{""name"":""rs-46-p2-sb5kd"",""cpu_m"":838,""mem_b"":889050634,""priority"":""2"",""node"":""""},{""name"":""rs-47-p2-8xhzw"",""cpu_m"":858,""mem_b"":815985688,""priority"":""2"",""node"":""""},{""name"":""rs-47-p2-n8cdj"",""cpu_m"":858,""mem_b"":815985688,""priority"":""2"",""node"":""""},{""name"":""rs-47-p2-pvpk7"",""cpu_m"":858,""mem_b"":815985688,""priority"":""2"",""node"":""""},{""name"":""rs-48-p1-5ppbs"",""cpu_m"":750,""mem_b"":855955549,""priority"":""1"",""node"":""""},{""name"":""rs-48-p1-kq2lf"",""cpu_m"":750,""mem_b"":855955549,""priority"":""1"",""node"":""""},{""name"":""rs-48-p1-vmfwq"",""cpu_m"":750,""mem_b"":855955549,""priority"":""1"",""node"":""""},{""name"":""rs-49-p3-g78wb"",""cpu_m"":948,""mem_b"":477974408,""priority"":""3"",""node"":""""},{""name"":""rs-49-p3-thlsw"",""cpu_m"":948,""mem_b"":477974408,""priority"":""3"",""node"":""""},{""name"":""rs-50-p2-nq9tb"",""cpu_m"":507,""mem_b"":166490577,""priority"":""2"",""node"":""kwok-node-25""},{""name"":""rs-50-p2-pkchj"",""cpu_m"":507,""mem_b"":166490577,""priority"":""2"",""node"":""kwok-node-18""},{""name"":""rs-51-p1-62fdj"",""cpu_m"":883,""mem_b"":798710259,""priority"":""1"",""node"":""""},{""name"":""rs-51-p1-95v4p"",""cpu_m"":883,""mem_b"":798710259,""priority"":""1"",""node"":""""},{""name"":""rs-51-p1-9cj92"",""cpu_m"":883,""mem_b"":798710259,""priority"":""1"",""node"":""""},{""name"":""rs-52-p2-m6fnq"",""cpu_m"":250,""mem_b"":612448807,""priority"":""2"",""node"":""kwok-node-32""}]","[{""name"":""kwok-node-1"",""cap_cpu_m"":2209,""cap_mem_bytes"":2269908277},{""name"":""kwok-node-2"",""cap_cpu_m"":2209,""cap_mem_bytes"":2269908277},{""name"":""kwok-node-3"",""cap_cpu_m"":2209,""cap_mem_bytes"":2269908277},{""name"":""kwok-node-4"",""cap_cpu_m"":2209,""cap_mem_bytes"":2269908277},{""name"":""kwok-node-5"",""cap_cpu_m"":2209,""cap_mem_bytes"":2269908277},{""name"":""kwok-node-6"",""cap_cpu_m"":2209,""cap_mem_bytes"":2269908277},{""name"":""kwok-node-7"",""cap_cpu_m"":2209,""cap_mem_bytes"":2269908277},{""name"":""kwok-node-8"",""cap_cpu_m"":2209,""cap_mem_bytes"":2269908277},{""name"":""kwok-node-9"",""cap_cpu_m"":2209,""cap_mem_bytes"":2269908277},{""name"":""kwok-node-10"",""cap_cpu_m"":2209,""cap_mem_bytes"":2269908277},{""name"":""kwok-node-11"",""cap_cpu_m"":2209,""cap_mem_bytes"":2269908277},{""name"":""kwok-node-12"",""cap_cpu_m"":2209,""cap_mem_bytes"":2269908277},{""name"":""kwok-node-13"",""cap_cpu_m"":2209,""cap_mem_bytes"":2269908277},{""name"":""kwok-node-14"",""cap_cpu_m"":2209,""cap_mem_bytes"":2269908277},{""name"":""kwok-node-15"",""cap_cpu_m"":2209,""cap_mem_bytes"":2269908277},{""name"":""kwok-node-16"",""cap_cpu_m"":2209,""cap_mem_bytes"":2269908277},{""name"":""kwok-node-17"",""cap_cpu_m"":2209,""cap_mem_bytes"":2269908277},{""name"":""kwok-node-18"",""cap_cpu_m"":2209,""cap_mem_bytes"":2269908277},{""name"":""kwok-node-19"",""cap_cpu_m"":2209,""cap_mem_bytes"":2269908277},{""name"":""kwok-node-20"",""cap_cpu_m"":2209,""cap_mem_bytes"":2269908277},{""name"":""kwok-node-21"",""cap_cpu_m"":2209,""cap_mem_bytes"":2269908277},{""name"":""kwok-node-22"",""cap_cpu_m"":2209,""cap_mem_bytes"":2269908277},{""name"":""kwok-node-23"",""cap_cpu_m"":2209,""cap_mem_bytes"":2269908277},{""name"":""kwok-node-24"",""cap_cpu_m"":2209,""cap_mem_bytes"":2269908277},{""name"":""kwok-node-25"",""cap_cpu_m"":2209,""cap_mem_bytes"":2269908277},{""name"":""kwok-node-26"",""cap_cpu_m"":2209,""cap_mem_bytes"":2269908277},{""name"":""kwok-node-27"",""cap_cpu_m"":2209,""cap_mem_bytes"":2269908277},{""name"":""kwok-node-28"",""cap_cpu_m"":2209,""cap_mem_bytes"":2269908277},{""name"":""kwok-node-29"",""cap_cpu_m"":2209,""cap_mem_bytes"":2269908277},{""name"":""kwok-node-30"",""cap_cpu_m"":2209,""cap_mem_bytes"":2269908277},{""name"":""kwok-node-31"",""cap_cpu_m"":2209,""cap_mem_bytes"":2269908277},{""name"":""kwok-node-32"",""cap_cpu_m"":2209,""cap_mem_bytes"":2269908277}]"
2026/02/11/11:33:54,3159643892569801110,,"{""evicted"":0,""moved"":0,""placed_by_priority"":{""1"":37,""2"":27,""3"":24,""4"":21}}",python,"{""evicted"":8,""moved"":11,""placed_by_priority"":{""1"":32,""2"":31,""3"":29,""4"":24}}",994,FEASIBLE,"[{""duration_ms"":994,""name"":""python"",""score"":{""evicted"":8,""moved"":11,""placed_by_priority"":{""1"":32,""2"":31,""3"":29,""4"":24}},""status"":""FEASIBLE""}]",0.922,0.888,0.923,0.893,63156,60784,68631648965,66431523370,116,109,12,19,"{""kwok-node-1"":3,""kwok-node-10"":4,""kwok-node-11"":3,""kwok-node-12"":4,""kwok-node-13"":3,""kwok-node-14"":4,""kwok-node-15"":4,""kwok-node-16"":3,""kwok-node-17"":3,""kwok-node-18"":3,""kwok-node-19"":4,""kwok-node-2"":4,""kwok-node-20"":3,""kwok-node-21"":4,""kwok-node-22"":3,""kwok-node-23"":3,""kwok-node-24"":4,""kwok-node-25"":4,""kwok-node-26"":3,""kwok-node-27"":4,""kwok-node-28"":3,""kwok-node-29"":3,""kwok-node-3"":4,""kwok-node-30"":3,""kwok-node-31"":4,""kwok-node-32"":4,""kwok-node-4"":4,""kwok-node-5"":4,""kwok-node-6"":4,""kwok-node-7"":3,""kwok-node-8"":5,""kwok-node-9"":5}","{""kwok-node-1"":3,""kwok-node-10"":3,""kwok-node-11"":3,""kwok-node-12"":4,""kwok-node-13"":3,""kwok-node-14"":3,""kwok-node-15"":4,""kwok-node-16"":3,""kwok-node-17"":3,""kwok-node-18"":3,""kwok-node-19"":4,""kwok-node-2"":3,""kwok-node-20"":3,""kwok-node-21"":4,""kwok-node-22"":3,""kwok-node-23"":3,""kwok-node-24"":3,""kwok-node-25"":3,""kwok-node-26"":3,""kwok-node-27"":4,""kwok-node-28"":3,""kwok-node-29"":3,""kwok-node-3"":4,""kwok-node-30"":3,""kwok-node-31"":4,""kwok-node-32"":4,""kwok-node-4"":3,""kwok-node-5"":4,""kwok-node-6"":4,""kwok-node-7"":3,""kwok-node-8"":4,""kwok-node-9"":5}","{""p1"":32,""p2"":31,""p3"":29,""p4"":24}","{""p1"":37,""p2"":27,""p3"":24,""p4"":21}","{""p1"":12}","{""p1"":7,""p2"":4,""p3"":5,""p4"":3}","{rs-10-p1-qrhxd,rs-10-p1-s4kqp,rs-10-p1-tsfg2,rs-11-p1-glj87,rs-16-p1-gdlj4,rs-21-p1-jlshz,rs-21-p1-trdh4,rs-32-p1-lsdp6,rs-40-p1-258xx,rs-40-p1-cpwzb,rs-40-p1-ztmg6,rs-46-p1-9qxk7}","{rs-35-p4-s2lz8,rs-40-p1-258xx,rs-40-p1-cpwzb,rs-40-p1-ztmg6,rs-44-p1-qk8tg,rs-44-p1-tl982,rs-45-p2-wv2rg,rs-46-p1-9qxk7,rs-46-p1-xdmkj,rs-47-p3-fzcsj,rs-48-p2-jp88x,rs-48-p2-khr7w,rs-48-p2-tbh8z,rs-50-p3-7dc27,rs-50-p3-kjz9x,rs-50-p3-qmwj6,rs-50-p3-r7tbk,rs-51-p4-skzrg,rs-51-p4-wc66k}","{rs-01-p4-s9b4k,rs-02-p1-hgjk6,rs-02-p1-nvddp,rs-03-p2-7s52m,rs-03-p2-j94sf,rs-03-p2-jsckm,rs-04-p1-7d2t6,rs-05-p1-lslr7,rs-05-p1-nps2m,rs-05-p1-zkwmj,rs-06-p1-5lcdl,rs-06-p1-llbhr,rs-06-p1-xqkgw,rs-07-p3-2zcxh,rs-08-p2-z2cvw,rs-09-p1-5z5s2,rs-09-p1-rcgx2,rs-11-p1-lw7dg,rs-12-p2-t62nl,rs-13-p3-5mkrb,rs-13-p3-q7fkv,rs-13-p3-s42k7,rs-13-p3-tgqkz,rs-14-p3-btn9p,rs-15-p2-4j2nf,rs-15-p2-4rvdn,rs-15-p2-hmnjd,rs-15-p2-t2s8r,rs-17-p2-8xpxz,rs-17-p2-ffv9x,rs-17-p2-lfk5k,rs-17-p2-tq2rp,rs-18-p4-68xq5,rs-18-p4-6rmjs,rs-18-p4-sm869,rs-18-p4-wj24d,rs-19-p1-4dpn7,rs-20-p3-59dbr,rs-20-p3-mtg58,rs-20-p3-pgv6c,rs-20-p3-wqbb7,rs-21-p1-49hgn,rs-21-p1-bjs2q,rs-22-p4-4gfmx,rs-22-p4-ddljd,rs-22-p4-gmmfm,rs-22-p4-wmvm5,rs-23-p2-c84t5,rs-23-p2-tmsrz,rs-24-p1-l6wk8,rs-24-p1-q98hb,rs-24-p1-qpp4c,rs-24-p1-srxzq,rs-25-p3-6cckp,rs-25-p3-6j2dw,rs-25-p3-kx86h,rs-25-p3-qzddg,rs-26-p2-5zkdg,rs-27-p2-7dx8z,rs-27-p2-mxh67,rs-27-p2-wq2js,rs-28-p4-cfpcx,rs-28-p4-ptsbk,rs-29-p4-65vw9,rs-29-p4-dh4jk,rs-29-p4-stz9x,rs-30-p3-57sp2,rs-30-p3-cnrj7,rs-30-p3-gx9h7,rs-30-p3-zn62t,rs-31-p4-5l8jt,rs-31-p4-tqpqp,rs-32-p1-7ffd5,rs-32-p1-m9hnn,rs-33-p3-5645p,rs-33-p3-566dg,rs-33-p3-w8ngr,rs-33-p3-zbq62,rs-34-p4-dvx86,rs-35-p4-qhjs5,rs-35-p4-s2lz8,rs-35-p4-xxv4f,rs-36-p3-2bshs,rs-36-p3-xz5xk,rs-37-p1-76zmv,rs-38-p4-4md8z,rs-38-p4-rcnww,rs-39-p2-bbslb,rs-39-p2-sc22j,rs-40-p1-4dn5r,rs-41-p1-7266p,rs-41-p1-bf5ff,rs-41-p1-dt78n,rs-42-p1-7fh7d,rs-42-p1-bb7mq,rs-42-p1-f55ng,rs-43-p2-gpchg,rs-43-p2-rrxnt,rs-44-p1-qk8tg,rs-44-p1-tl982,rs-45-p2-7pbbr,rs-45-p2-rc525,rs-45-p2-wv2rg,rs-46-p1-xdmkj,rs-47-p3-fzcsj,rs-48-p2-7j9xj,rs-48-p2-jp88x,rs-48-p2-khr7w,rs-48-p2-tbh8z,rs-49-p2-8v6lx,rs-50-p3-7dc27,rs-50-p3-kjz9x,rs-50-p3-qmwj6,rs-50-p3-r7tbk,rs-51-p4-skzrg,rs-51-p4-wc66k}","{rs-01-p4-s9b4k,rs-02-p1-hgjk6,rs-02-p1-nvddp,rs-03-p2-7s52m,rs-03-p2-j94sf,rs-03-p2-jsckm,rs-04-p1-89h6f,rs-05-p1-lslr7,rs-05-p1-mwmt7,rs-05-p1-zkwmj,rs-06-p1-9q656,rs-06-p1-m95b7,rs-06-p1-zvq66,rs-07-p3-2zcxh,rs-08-p2-z2cvw,rs-09-p1-rcgx2,rs-09-p1-wgzs5,rs-10-p1-rtldv,rs-10-p1-wfvl8,rs-10-p1-wl6df,rs-11-p1-c69mb,rs-11-p1-lw7dg,rs-12-p2-t62nl,rs-13-p3-5mkrb,rs-13-p3-q7fkv,rs-13-p3-s42k7,rs-13-p3-tgqkz,rs-14-p3-btn9p,rs-15-p2-4j2nf,rs-15-p2-4rvdn,rs-15-p2-hmnjd,rs-15-p2-t2s8r,rs-16-p1-26dhn,rs-17-p2-8xpxz,rs-17-p2-ffv9x,rs-17-p2-lfk5k,rs-17-p2-tq2rp,rs-18-p4-68xq5,rs-18-p4-6rmjs,rs-18-p4-sm869,rs-18-p4-wj24d,rs-19-p1-4dpn7,rs-20-p3-59dbr,rs-20-p3-mtg58,rs-20-p3-pgv6c,rs-20-p3-wqbb7,rs-21-p1-49hgn,rs-21-p1-bjs2q,rs-21-p1-gwjr5,rs-21-p1-tzsk4,rs-22-p4-4gfmx,rs-22-p4-ddljd,rs-22-p4-gmmfm,rs-22-p4-wmvm5,rs-23-p2-c84t5,rs-23-p2-tmsrz,rs-24-p1-88hch,rs-24-p1-qpp4c,rs-24-p1-srxzq,rs-24-p1-w5w2n,rs-25-p3-6cckp,rs-25-p3-6j2dw,rs-25-p3-kx86h,rs-25-p3-qzddg,rs-26-p2-5zkdg,rs-27-p2-7dx8z,rs-27-p2-mxh67,rs-27-p2-wq2js,rs-28-p4-cfpcx,rs-28-p4-ptsbk,rs-29-p4-65vw9,rs-29-p4-dh4jk,rs-29-p4-stz9x,rs-30-p3-57sp2,rs-30-p3-cnrj7,rs-30-p3-gx9h7,rs-30-p3-zn62t,rs-31-p4-5l8jt,rs-31-p4-tqpqp,rs-32-p1-7ffd5,rs-32-p1-m9hnn,rs-32-p1-vdd2w,rs-33-p3-5645p,rs-33-p3-566dg,rs-33-p3-w8ngr,rs-33-p3-zbq62,rs-34-p4-dvx86,rs-35-p4-qhjs5,rs-35-p4-xxv4f,rs-36-p3-2bshs,rs-36-p3-xz5xk,rs-37-p1-76zmv,rs-38-p4-4md8z,rs-38-p4-rcnww,rs-39-p2-bbslb,rs-39-p2-sc22j,rs-40-p1-4dn5r,rs-41-p1-n5gkt,rs-41-p1-nk9pg,rs-41-p1-s22m2,rs-42-p1-7fh7d,rs-42-p1-bb7mq,rs-42-p1-f55ng,rs-43-p2-gpchg,rs-43-p2-rrxnt,rs-45-p2-7pbbr,rs-45-p2-rc525,rs-48-p2-7j9xj,rs-49-p2-8v6lx}","[{""name"":""rs-01-p4-s9b4k"",""cpu_m"":571,""mem_b"":895520386,""priority"":""4"",""node"":""kwok-node-13""},{""name"":""rs-02-p1-hgjk6"",""cpu_m"":959,""mem_b"":515980717,""priority"":""1"",""node"":""kwok-node-20""},{""name"":""rs-02-p1-nvddp"",""cpu_m"":959,""mem_b"":515980717,""priority"":""1"",""node"":""kwok-node-16""},{""name"":""rs-03-p2-7s52m"",""cpu_m"":831,""mem_b"":830684702,""priority"":""2"",""node"":""kwok-node-11""},{""name"":""rs-03-p2-j94sf"",""cpu_m"":831,""mem_b"":830684702,""priority"":""2"",""node"":""kwok-node-22""},{""name"":""rs-03-p2-jsckm"",""cpu_m"":831,""mem_b"":830684702,""priority"":""2"",""node"":""kwok-node-1""},{""name"":""rs-04-p1-7d2t6"",""cpu_m"":952,""mem_b"":609877857,""priority"":""1"",""node"":""kwok-node-18""},{""name"":""rs-05-p1-lslr7"",""cpu_m"":276,""mem_b"":453173917,""priority"":""1"",""node"":""kwok-node-12""},{""name"":""rs-05-p1-nps2m"",""cpu_m"":276,""mem_b"":453173917,""priority"":""1"",""node"":""kwok-node-25""},{""name"":""rs-05-p1-zkwmj"",""cpu_m"":276,""mem_b"":453173917,""priority"":""1"",""node"":""kwok-node-15""},{""name"":""rs-06-p1-5lcdl"",""cpu_m"":424,""mem_b"":682733053,""priority"":""1"",""node"":""kwok-node-10""},{""name"":""rs-06-p1-llbhr"",""cpu_m"":424,""mem_b"":682733053,""priority"":""1"",""node"":""kwok-node-25""},{""name"":""rs-06-p1-xqkgw"",""cpu_m"":424,""mem_b"":682733053,""priority"":""1"",""node"":""kwok-node-19""},{""name"":""rs-07-p3-2zcxh"",""cpu_m"":109,""mem_b"":767210016,""priority"":""3"",""node"":""kwok-node-28""},{""name"":""rs-08-p2-z2cvw"",""cpu_m"":323,""mem_b"":820554450,""priority"":""2"",""node"":""kwok-node-30""},{""name"":""rs-09-p1-5z5s2"",""cpu_m"":540,""mem_b"":339769183,""priority"":""1"",""node"":""kwok-node-21""},{""name"":""rs-09-p1-rcgx2"",""cpu_m"":540,""mem_b"":339769183,""priority"":""1"",""node"":""kwok-node-23""},{""name"":""rs-10-p1-qrhxd"",""cpu_m"":837,""mem_b"":769311917,""priority"":""1"",""node"":""""},{""name"":""rs-10-p1-s4kqp"",""cpu_m"":837,""mem_b"":769311917,""priority"":""1"",""node"":""""},{""name"":""rs-10-p1-tsfg2"",""cpu_m"":837,""mem_b"":769311917,""priority"":""1"",""node"":""""},{""name"":""rs-11-p1-glj87"",""cpu_m"":914,""mem_b"":671108814,""priority"":""1"",""node"":""""},{""name"":""rs-11-p1-lw7dg"",""cpu_m"":914,""mem_b"":671108814,""priority"":""1"",""node"":""kwok-node-17""},{""name"":""rs-12-p2-t62nl"",""cpu_m"":971,""mem_b"":413977802,""priority"":""2"",""node"":""kwok-node-7""},{""name"":""rs-13-p3-5mkrb"",""cpu_m"":303,""mem_b"":489650842,""priority"":""3"",""node"":""kwok-node-9""},{""name"":""rs-13-p3-q7fkv"",""cpu_m"":303,""mem_b"":489650842,""priority"":""3"",""node"":""kwok-node-31""},{""name"":""rs-13-p3-s42k7"",""cpu_m"":303,""mem_b"":489650842,""priority"":""3"",""node"":""kwok-node-8""},{""name"":""rs-13-p3-tgqkz"",""cpu_m"":303,""mem_b"":489650842,""priority"":""3"",""node"":""kwok-node-3""},{""name"":""rs-14-p3-btn9p"",""cpu_m"":145,""mem_b"":223813672,""priority"":""3"",""node"":""kwok-node-10""},{""name"":""rs-15-p2-4j2nf"",""cpu_m"":901,""mem_b"":471446143,""priority"":""2"",""node"":""kwok-node-6""},{""name"":""rs-15-p2-4rvdn"",""cpu_m"":901,""mem_b"":471446143,""priority"":""2"",""node"":""kwok-node-25""},{""name"":""rs-15-p2-hmnjd"",""cpu_m"":901,""mem_b"":471446143,""priority"":""2"",""node"":""kwok-node-5""},{""name"":""rs-15-p2-t2s8r"",""cpu_m"":901,""mem_b"":471446143,""priority"":""2"",""node"":""kwok-node-32""},{""name"":""rs-16-p1-gdlj4"",""cpu_m"":939,""mem_b"":817058374,""priority"":""1"",""node"":""""},{""name"":""rs-17-p2-8xpxz"",""cpu_m"":851,""mem_b"":412917803,""priority"":""2"",""node"":""kwok-node-15""},{""name"":""rs-17-p2-ffv9x"",""cpu_m"":851,""mem_b"":412917803,""priority"":""2"",""node"":""kwok-node-21""},{""name"":""rs-17-p2-lfk5k"",""cpu_m"":851,""mem_b"":412917803,""priority"":""2"",""node"":""kwok-node-12""},{""name"":""rs-17-p2-tq2rp"",""cpu_m"":851,""mem_b"":412917803,""priority"":""2"",""node"":""kwok-node-28""},{""name"":""rs-18-p4-68xq5"",""cpu_m"":388,""mem_b"":885289718,""priority"":""4"",""node"":""kwok-node-32""},{""name"":""rs-18-p4-6rmjs"",""cpu_m"":388,""mem_b"":885289718,""priority"":""4"",""node"":""kwok-node-5""},{""name"":""rs-18-p4-sm869"",""cpu_m"":388,""mem_b"":885289718,""priority"":""4"",""node"":""kwok-node-23""},{""name"":""rs-18-p4-wj24d"",""cpu_m"":388,""mem_b"":885289718,""priority"":""4"",""node"":""kwok-node-18""},{""name"":""rs-19-p1-4dpn7"",""cpu_m"":694,""mem_b"":347518855,""priority"":""1"",""node"":""kwok-node-3""},{""name"":""rs-20-p3-59dbr"",""cpu_m"":269,""mem_b"":456156361,""priority"":""3"",""node"":""kwok-node-31""},{""name"":""rs-20-p3-mtg58"",""cpu_m"":269,""mem_b"":456156361,""priority"":""3"",""node"":""kwok-node-19""},{""name"":""rs-20-p3-pgv6c"",""cpu_m"":269,""mem_b"":456156361,""priority"":""3"",""node"":""kwok-node-8""},{""name"":""rs-20-p3-wqbb7"",""cpu_m"":269,""mem_b"":456156361,""priority"":""3"",""node"":""kwok-node-9""},{""name"":""rs-21-p1-49hgn"",""cpu_m"":859,""mem_b"":627860709,""priority"":""1"",""node"":""kwok-node-30""},{""name"":""rs-21-p1-bjs2q"",""cpu_m"":859,""mem_b"":627860709,""priority"":""1"",""node"":""kwok-node-13""},{""name"":""rs-21-p1-jlshz"",""cpu_m"":859,""mem_b"":627860709,""priority"":""1"",""node"":""""},{""name"":""rs-21-p1-trdh4"",""cpu_m"":859,""mem_b"":627860709,""priority"":""1"",""node"":""""},{""name"":""rs-22-p4-4gfmx"",""cpu_m"":614,""mem_b"":724857850,""priority"":""4"",""node"":""kwok-node-22""},{""name"":""rs-22-p4-ddljd"",""cpu_m"":614,""mem_b"":724857850,""priority"":""4"",""node"":""kwok-node-29""},{""name"":""rs-22-p4-gmmfm"",""cpu_m"":614,""mem_b"":724857850,""priority"":""4"",""node"":""kwok-node-1""},{""name"":""rs-22-p4-wmvm5"",""cpu_m"":614,""mem_b"":724857850,""priority"":""4"",""node"":""kwok-node-11""},{""name"":""rs-23-p2-c84t5"",""cpu_m"":253,""mem_b"":647645052,""priority"":""2"",""node"":""kwok-node-6""},{""name"":""rs-23-p2-tmsrz"",""cpu_m"":253,""mem_b"":647645052,""priority"":""2"",""node"":""kwok-node-25""},{""name"":""rs-24-p1-l6wk8"",""cpu_m"":156,""mem_b"":689908583,""priority"":""1"",""node"":""kwok-node-20""},{""name"":""rs-24-p1-q98hb"",""cpu_m"":156,""mem_b"":689908583,""priority"":""1"",""node"":""kwok-node-13""},{""name"":""rs-24-p1-qpp4c"",""cpu_m"":156,""mem_b"":689908583,""priority"":""1"",""node"":""kwok-node-2""},{""name"":""rs-24-p1-srxzq"",""cpu_m"":156,""mem_b"":689908583,""priority"":""1"",""node"":""kwok-node-16""},{""name"":""rs-25-p3-6cckp"",""cpu_m"":448,""mem_b"":517603883,""priority"":""3"",""node"":""kwok-node-24""},{""name"":""rs-25-p3-6j2dw"",""cpu_m"":448,""mem_b"":517603883,""priority"":""3"",""node"":""kwok-node-9""},{""name"":""rs-25-p3-kx86h"",""cpu_m"":448,""mem_b"":517603883,""priority"":""3"",""node"":""kwok-node-8""},{""name"":""rs-25-p3-qzddg"",""cpu_m"":448,""mem_b"":517603883,""priority"":""3"",""node"":""kwok-node-27""},{""name"":""rs-26-p2-5zkdg"",""cpu_m"":908,""mem_b"":487437417,""priority"":""2"",""node"":""kwok-node-31""},{""name"":""rs-27-p2-7dx8z"",""cpu_m"":184,""mem_b"":826031908,""priority"":""2"",""node"":""kwok-node-17""},{""name"":""rs-27-p2-mxh67"",""cpu_m"":184,""mem_b"":826031908,""priority"":""2"",""node"":""kwok-node-4""},{""name"":""rs-27-p2-wq2js"",""cpu_m"":184,""mem_b"":826031908,""priority"":""2"",""node"":""kwok-node-3""},{""name"":""rs-28-p4-cfpcx"",""cpu_m"":118,""mem_b"":801053149,""priority"":""4"",""node"":""kwok-node-15""},{""name"":""rs-28-p4-ptsbk"",""cpu_m"":118,""mem_b"":801053149,""priority"":""4"",""node"":""kwok-node-12""},{""name"":""rs-29-p4-65vw9"",""cpu_m"":798,""mem_b"":868677222,""priority"":""4"",""node"":""kwok-node-19""},{""name"":""rs-29-p4-dh4jk"",""cpu_m"":798,""mem_b"":868677222,""priority"":""4"",""node"":""kwok-node-28""},{""name"":""rs-29-p4-stz9x"",""cpu_m"":798,""mem_b"":868677222,""priority"":""4"",""node"":""kwok-node-10""},{""name"":""rs-30-p3-57sp2"",""cpu_m"":790,""mem_b"":796652740,""priority"":""3"",""node"":""kwok-node-7""},{""name"":""rs-30-p3-cnrj7"",""cpu_m"":790,""mem_b"":796652740,""priority"":""3"",""node"":""kwok-node-2""},{""name"":""rs-30-p3-gx9h7"",""cpu_m"":790,""mem_b"":796652740,""priority"":""3"",""node"":""kwok-node-23""},{""name"":""rs-30-p3-zn62t"",""cpu_m"":790,""mem_b"":796652740,""priority"":""3"",""node"":""kwok-node-18""},{""name"":""rs-31-p4-5l8jt"",""cpu_m"":293,""mem_b"":441087795,""priority"":""4"",""node"":""kwok-node-21""},{""name"":""rs-31-p4-tqpqp"",""cpu_m"":293,""mem_b"":441087795,""priority"":""4"",""node"":""kwok-node-6""},{""name"":""rs-32-p1-7ffd5"",""cpu_m"":794,""mem_b"":796565376,""priority"":""1"",""node"":""kwok-node-16""},{""name"":""rs-32-p1-lsdp6"",""cpu_m"":794,""mem_b"":796565376,""priority"":""1"",""node"":""""},{""name"":""rs-32-p1-m9hnn"",""cpu_m"":794,""mem_b"":796565376,""priority"":""1"",""node"":""kwok-node-20""},{""name"":""rs-33-p3-5645p"",""cpu_m"":866,""mem_b"":299836178,""priority"":""3"",""node"":""kwok-node-17""},{""name"":""rs-33-p3-566dg"",""cpu_m"":866,""mem_b"":299836178,""priority"":""3"",""node"":""kwok-node-4""},{""name"":""rs-33-p3-w8ngr"",""cpu_m"":866,""mem_b"":299836178,""priority"":""3"",""node"":""kwok-node-9""},{""name"":""rs-33-p3-zbq62"",""cpu_m"":866,""mem_b"":299836178,""priority"":""3"",""node"":""kwok-node-8""},{""name"":""rs-34-p4-dvx86"",""cpu_m"":112,""mem_b"":368022140,""priority"":""4"",""node"":""kwok-node-27""},{""name"":""rs-35-p4-qhjs5"",""cpu_m"":923,""mem_b"":540087005,""priority"":""4"",""node"":""kwok-node-3""},{""name"":""rs-35-p4-s2lz8"",""cpu_m"":923,""mem_b"":540087005,""priority"":""4"",""node"":""kwok-node-26""},{""name"":""rs-35-p4-xxv4f"",""cpu_m"":923,""mem_b"":540087005,""priority"":""4"",""node"":""kwok-node-30""},{""name"":""rs-36-p3-2bshs"",""cpu_m"":360,""mem_b"":997005416,""priority"":""3"",""node"":""kwok-node-21""},{""name"":""rs-36-p3-xz5xk"",""cpu_m"":360,""mem_b"":997005416,""priority"":""3"",""node"":""kwok-node-24""},{""name"":""rs-37-p1-76zmv"",""cpu_m"":821,""mem_b"":218410799,""priority"":""1"",""node"":""kwok-node-15""},{""name"":""rs-38-p4-4md8z"",""cpu_m"":497,""mem_b"":430052746,""priority"":""4"",""node"":""kwok-node-32""},{""name"":""rs-38-p4-rcnww"",""cpu_m"":497,""mem_b"":430052746,""priority"":""4"",""node"":""kwok-node-5""},{""name"":""rs-39-p2-bbslb"",""cpu_m"":769,""mem_b"":429407202,""priority"":""2"",""node"":""kwok-node-12""},{""name"":""rs-39-p2-sc22j"",""cpu_m"":769,""mem_b"":429407202,""priority"":""2"",""node"":""kwok-node-14""},{""name"":""rs-40-p1-258xx"",""cpu_m"":455,""mem_b"":931669033,""priority"":""1"",""node"":""""},{""name"":""rs-40-p1-4dn5r"",""cpu_m"":455,""mem_b"":931669033,""priority"":""1"",""node"":""kwok-node-26""},{""name"":""rs-40-p1-cpwzb"",""cpu_m"":455,""mem_b"":931669033,""priority"":""1"",""node"":""""},{""name"":""rs-40-p1-ztmg6"",""cpu_m"":455,""mem_b"":931669033,""priority"":""1"",""node"":""""},{""name"":""rs-41-p1-7266p"",""cpu_m"":192,""mem_b"":545776132,""priority"":""1"",""node"":""kwok-node-2""},{""name"":""rs-41-p1-bf5ff"",""cpu_m"":192,""mem_b"":545776132,""priority"":""1"",""node"":""kwok-node-8""},{""name"":""rs-41-p1-dt78n"",""cpu_m"":192,""mem_b"":545776132,""priority"":""1"",""node"":""kwok-node-7""},{""name"":""rs-42-p1-7fh7d"",""cpu_m"":501,""mem_b"":749347092,""priority"":""1"",""node"":""kwok-node-22""},{""name"":""rs-42-p1-bb7mq"",""cpu_m"":501,""mem_b"":749347092,""priority"":""1"",""node"":""kwok-node-11""},{""name"":""rs-42-p1-f55ng"",""cpu_m"":501,""mem_b"":749347092,""priority"":""1"",""node"":""kwok-node-6""},{""name"":""rs-43-p2-gpchg"",""cpu_m"":361,""mem_b"":498327438,""priority"":""2"",""node"":""kwok-node-27""},{""name"":""rs-43-p2-rrxnt"",""cpu_m"":361,""mem_b"":498327438,""priority"":""2"",""node"":""kwok-node-1""},{""name"":""rs-44-p1-qk8tg"",""cpu_m"":759,""mem_b"":283625682,""priority"":""1"",""node"":""kwok-node-10""},{""name"":""rs-44-p1-tl982"",""cpu_m"":759,""mem_b"":283625682,""priority"":""1"",""node"":""kwok-node-2""},{""name"":""rs-45-p2-7pbbr"",""cpu_m"":350,""mem_b"":519183967,""priority"":""2"",""node"":""kwok-node-5""},{""name"":""rs-45-p2-rc525"",""cpu_m"":350,""mem_b"":519183967,""priority"":""2"",""node"":""kwok-node-32""},{""name"":""rs-45-p2-wv2rg"",""cpu_m"":350,""mem_b"":519183967,""priority"":""2"",""node"":""kwok-node-4""},{""name"":""rs-46-p1-9qxk7"",""cpu_m"":496,""mem_b"":809921482,""priority"":""1"",""node"":""""},{""name"":""rs-46-p1-xdmkj"",""cpu_m"":496,""mem_b"":809921482,""priority"":""1"",""node"":""kwok-node-31""},{""name"":""rs-47-p3-fzcsj"",""cpu_m"":919,""mem_b"":675342096,""priority"":""3"",""node"":""kwok-node-27""},{""name"":""rs-48-p2-7j9xj"",""cpu_m"":588,""mem_b"":302838632,""priority"":""2"",""node"":""kwok-node-19""},{""name"":""rs-48-p2-jp88x"",""cpu_m"":588,""mem_b"":302838632,""priority"":""2"",""node"":""kwok-node-4""},{""name"":""rs-48-p2-khr7w"",""cpu_m"":588,""mem_b"":302838632,""priority"":""2"",""node"":""kwok-node-24""},{""name"":""rs-48-p2-tbh8z"",""cpu_m"":588,""mem_b"":302838632,""priority"":""2"",""node"":""kwok-node-24""},{""name"":""rs-49-p2-8v6lx"",""cpu_m"":231,""mem_b"":510569772,""priority"":""2"",""node"":""kwok-node-9""},{""name"":""rs-50-p3-7dc27"",""cpu_m"":441,""mem_b"":618560000,""priority"":""3"",""node"":""kwok-node-14""},{""name"":""rs-50-p3-kjz9x"",""cpu_m"":441,""mem_b"":618560000,""priority"":""3"",""node"":""kwok-node-14""},{""name"":""rs-50-p3-qmwj6"",""cpu_m"":441,""mem_b"":618560000,""priority"":""3"",""node"":""kwok-node-14""},{""name"":""rs-50-p3-r7tbk"",""cpu_m"":441,""mem_b"":618560000,""priority"":""3"",""node"":""kwok-node-29""},{""name"":""rs-51-p4-skzrg"",""cpu_m"":757,""mem_b"":776986759,""priority"":""4"",""node"":""kwok-node-26""},{""name"":""rs-51-p4-wc66k"",""cpu_m"":757,""mem_b"":776986759,""priority"":""4"",""node"":""kwok-node-29""}]","[{""name"":""rs-01-p4-s9b4k"",""cpu_m"":571,""mem_b"":895520386,""priority"":""4"",""node"":""kwok-node-13""},{""name"":""rs-02-p1-hgjk6"",""cpu_m"":959,""mem_b"":515980717,""priority"":""1"",""node"":""kwok-node-20""},{""name"":""rs-02-p1-nvddp"",""cpu_m"":959,""mem_b"":515980717,""priority"":""1"",""node"":""kwok-node-16""},{""name"":""rs-03-p2-7s52m"",""cpu_m"":831,""mem_b"":830684702,""priority"":""2"",""node"":""kwok-node-11""},{""name"":""rs-03-p2-j94sf"",""cpu_m"":831,""mem_b"":830684702,""priority"":""2"",""node"":""kwok-node-22""},{""name"":""rs-03-p2-jsckm"",""cpu_m"":831,""mem_b"":830684702,""priority"":""2"",""node"":""kwok-node-1""},{""name"":""rs-04-p1-89h6f"",""cpu_m"":952,""mem_b"":609877857,""priority"":""1"",""node"":""kwok-node-2""},{""name"":""rs-05-p1-lslr7"",""cpu_m"":276,""mem_b"":453173917,""priority"":""1"",""node"":""kwok-node-12""},{""name"":""rs-05-p1-mwmt7"",""cpu_m"":276,""mem_b"":453173917,""priority"":""1"",""node"":""kwok-node-21""},{""name"":""rs-05-p1-zkwmj"",""cpu_m"":276,""mem_b"":453173917,""priority"":""1"",""node"":""kwok-node-15""},{""name"":""rs-06-p1-9q656"",""cpu_m"":424,""mem_b"":682733053,""priority"":""1"",""node"":""kwok-node-19""},{""name"":""rs-06-p1-m95b7"",""cpu_m"":424,""mem_b"":682733053,""priority"":""1"",""node"":""kwok-node-14""},{""name"":""rs-06-p1-zvq66"",""cpu_m"":424,""mem_b"":682733053,""priority"":""1"",""node"":""kwok-node-26""},{""name"":""rs-07-p3-2zcxh"",""cpu_m"":109,""mem_b"":767210016,""priority"":""3"",""node"":""kwok-node-28""},{""name"":""rs-08-p2-z2cvw"",""cpu_m"":323,""mem_b"":820554450,""priority"":""2"",""node"":""kwok-node-30""},{""name"":""rs-09-p1-rcgx2"",""cpu_m"":540,""mem_b"":339769183,""priority"":""1"",""node"":""kwok-node-23""},{""name"":""rs-09-p1-wgzs5"",""cpu_m"":540,""mem_b"":339769183,""priority"":""1"",""node"":""kwok-node-18""},{""name"":""rs-10-p1-rtldv"",""cpu_m"":837,""mem_b"":769311917,""priority"":""1"",""node"":""kwok-node-27""},{""name"":""rs-10-p1-wfvl8"",""cpu_m"":837,""mem_b"":769311917,""priority"":""1"",""node"":""kwok-node-24""},{""name"":""rs-10-p1-wl6df"",""cpu_m"":837,""mem_b"":769311917,""priority"":""1"",""node"":""kwok-node-29""},{""name"":""rs-11-p1-c69mb"",""cpu_m"":914,""mem_b"":671108814,""priority"":""1"",""node"":""kwok-node-4""},{""name"":""rs-11-p1-lw7dg"",""cpu_m"":914,""mem_b"":671108814,""priority"":""1"",""node"":""kwok-node-17""},{""name"":""rs-12-p2-t62nl"",""cpu_m"":971,""mem_b"":413977802,""priority"":""2"",""node"":""kwok-node-7""},{""name"":""rs-13-p3-5mkrb"",""cpu_m"":303,""mem_b"":489650842,""priority"":""3"",""node"":""kwok-node-9""},{""name"":""rs-13-p3-q7fkv"",""cpu_m"":303,""mem_b"":489650842,""priority"":""3"",""node"":""kwok-node-31""},{""name"":""rs-13-p3-s42k7"",""cpu_m"":303,""mem_b"":489650842,""priority"":""3"",""node"":""kwok-node-8""},{""name"":""rs-13-p3-tgqkz"",""cpu_m"":303,""mem_b"":489650842,""priority"":""3"",""node"":""kwok-node-3""},{""name"":""rs-14-p3-btn9p"",""cpu_m"":145,""mem_b"":223813672,""priority"":""3"",""node"":""kwok-node-10""},{""name"":""rs-15-p2-4j2nf"",""cpu_m"":901,""mem_b"":471446143,""priority"":""2"",""node"":""kwok-node-6""},{""name"":""rs-15-p2-4rvdn"",""cpu_m"":901,""mem_b"":471446143,""priority"":""2"",""node"":""kwok-node-25""},{""name"":""rs-15-p2-hmnjd"",""cpu_m"":901,""mem_b"":471446143,""priority"":""2"",""node"":""kwok-node-5""},{""name"":""rs-15-p2-t2s8r"",""cpu_m"":901,""mem_b"":471446143,""priority"":""2"",""node"":""kwok-node-32""},{""name"":""rs-16-p1-26dhn"",""cpu_m"":939,""mem_b"":817058374,""priority"":""1"",""node"":""kwok-node-10""},{""name"":""rs-17-p2-8xpxz"",""cpu_m"":851,""mem_b"":412917803,""priority"":""2"",""node"":""kwok-node-15""},{""name"":""rs-17-p2-ffv9x"",""cpu_m"":851,""mem_b"":412917803,""priority"":""2"",""node"":""kwok-node-21""},{""name"":""rs-17-p2-lfk5k"",""cpu_m"":851,""mem_b"":412917803,""priority"":""2"",""node"":""kwok-node-12""},{""name"":""rs-17-p2-tq2rp"",""cpu_m"":851,""mem_b"":412917803,""priority"":""2"",""node"":""kwok-node-28""},{""name"":""rs-18-p4-68xq5"",""cpu_m"":388,""mem_b"":885289718,""priority"":""4"",""node"":""kwok-node-32""},{""name"":""rs-18-p4-6rmjs"",""cpu_m"":388,""mem_b"":885289718,""priority"":""4"",""node"":""kwok-node-5""},{""name"":""rs-18-p4-sm869"",""cpu_m"":388,""mem_b"":885289718,""priority"":""4"",""node"":""kwok-node-23""},{""name"":""rs-18-p4-wj24d"",""cpu_m"":388,""mem_b"":885289718,""priority"":""4"",""node"":""kwok-node-18""},{""name"":""rs-19-p1-4dpn7"",""cpu_m"":694,""mem_b"":347518855,""priority"":""1"",""node"":""kwok-node-3""},{""name"":""rs-20-p3-59dbr"",""cpu_m"":269,""mem_b"":456156361,""priority"":""3"",""node"":""kwok-node-31""},{""name"":""rs-20-p3-mtg58"",""cpu_m"":269,""mem_b"":456156361,""priority"":""3"",""node"":""kwok-node-19""},{""name"":""rs-20-p3-pgv6c"",""cpu_m"":269,""mem_b"":456156361,""priority"":""3"",""node"":""kwok-node-8""},{""name"":""rs-20-p3-wqbb7"",""cpu_m"":269,""mem_b"":456156361,""priority"":""3"",""node"":""kwok-node-9""},{""name"":""rs-21-p1-49hgn"",""cpu_m"":859,""mem_b"":627860709,""priority"":""1"",""node"":""kwok-node-30""},{""name"":""rs-21-p1-bjs2q"",""cpu_m"":859,""mem_b"":627860709,""priority"":""1"",""node"":""kwok-node-13""},{""name"":""rs-21-p1-gwjr5"",""cpu_m"":859,""mem_b"":627860709,""priority"":""1"",""node"":""kwok-node-26""},{""name"":""rs-21-p1-tzsk4"",""cpu_m"":859,""mem_b"":627860709,""priority"":""1"",""node"":""kwok-node-14""},{""name"":""rs-22-p4-4gfmx"",""cpu_m"":614,""mem_b"":724857850,""priority"":""4"",""node"":""kwok-node-22""},{""name"":""rs-22-p4-ddljd"",""cpu_m"":614,""mem_b"":724857850,""priority"":""4"",""node"":""kwok-node-29""},{""name"":""rs-22-p4-gmmfm"",""cpu_m"":614,""mem_b"":724857850,""priority"":""4"",""node"":""kwok-node-1""},{""name"":""rs-22-p4-wmvm5"",""cpu_m"":614,""mem_b"":724857850,""priority"":""4"",""node"":""kwok-node-11""},{""name"":""rs-23-p2-c84t5"",""cpu_m"":253,""mem_b"":647645052,""priority"":""2"",""node"":""kwok-node-6""},{""name"":""rs-23-p2-tmsrz"",""cpu_m"":253,""mem_b"":647645052,""priority"":""2"",""node"":""kwok-node-25""},{""name"":""rs-24-p1-88hch"",""cpu_m"":156,""mem_b"":689908583,""priority"":""1"",""node"":""kwok-node-7""},{""name"":""rs-24-p1-qpp4c"",""cpu_m"":156,""mem_b"":689908583,""priority"":""1"",""node"":""kwok-node-2""},{""name"":""rs-24-p1-srxzq"",""cpu_m"":156,""mem_b"":689908583,""priority"":""1"",""node"":""kwok-node-16""},{""name"":""rs-24-p1-w5w2n"",""cpu_m"":156,""mem_b"":689908583,""priority"":""1"",""node"":""kwok-node-20""},{""name"":""rs-25-p3-6cckp"",""cpu_m"":448,""mem_b"":517603883,""priority"":""3"",""node"":""kwok-node-24""},{""name"":""rs-25-p3-6j2dw"",""cpu_m"":448,""mem_b"":517603883,""priority"":""3"",""node"":""kwok-node-9""},{""name"":""rs-25-p3-kx86h"",""cpu_m"":448,""mem_b"":517603883,""priority"":""3"",""node"":""kwok-node-8""},{""name"":""rs-25-p3-qzddg"",""cpu_m"":448,""mem_b"":517603883,""priority"":""3"",""node"":""kwok-node-27""},{""name"":""rs-26-p2-5zkdg"",""cpu_m"":908,""mem_b"":487437417,""priority"":""2"",""node"":""kwok-node-31""},{""name"":""rs-27-p2-7dx8z"",""cpu_m"":184,""mem_b"":826031908,""priority"":""2"",""node"":""kwok-node-17""},{""name"":""rs-27-p2-mxh67"",""cpu_m"":184,""mem_b"":826031908,""priority"":""2"",""node"":""kwok-node-4""},{""name"":""rs-27-p2-wq2js"",""cpu_m"":184,""mem_b"":826031908,""priority"":""2"",""node"":""kwok-node-3""},{""name"":""rs-28-p4-cfpcx"",""cpu_m"":118,""mem_b"":801053149,""priority"":""4"",""node"":""kwok-node-15""},{""name"":""rs-28-p4-ptsbk"",""cpu_m"":118,""mem_b"":801053149,""priority"":""4"",""node"":""kwok-node-12""},{""name"":""rs-29-p4-65vw9"",""cpu_m"":798,""mem_b"":868677222,""priority"":""4"",""node"":""kwok-node-19""},{""name"":""rs-29-p4-dh4jk"",""cpu_m"":798,""mem_b"":868677222,""priority"":""4"",""node"":""kwok-node-28""},{""name"":""rs-29-p4-stz9x"",""cpu_m"":798,""mem_b"":868677222,""priority"":""4"",""node"":""kwok-node-10""},{""name"":""rs-30-p3-57sp2"",""cpu_m"":790,""mem_b"":796652740,""priority"":""3"",""node"":""kwok-node-7""},{""name"":""rs-30-p3-cnrj7"",""cpu_m"":790,""mem_b"":796652740,""priority"":""3"",""node"":""kwok-node-2""},{""name"":""rs-30-p3-gx9h7"",""cpu_m"":790,""mem_b"":796652740,""priority"":""3"",""node"":""kwok-node-23""},{""name"":""rs-30-p3-zn62t"",""cpu_m"":790,""mem_b"":796652740,""priority"":""3"",""node"":""kwok-node-18""},{""name"":""rs-31-p4-5l8jt"",""cpu_m"":293,""mem_b"":441087795,""priority"":""4"",""node"":""kwok-node-21""},{""name"":""rs-31-p4-tqpqp"",""cpu_m"":293,""mem_b"":441087795,""priority"":""4"",""node"":""kwok-node-6""},{""name"":""rs-32-p1-7ffd5"",""cpu_m"":794,""mem_b"":796565376,""priority"":""1"",""node"":""kwok-node-16""},{""name"":""rs-32-p1-m9hnn"",""cpu_m"":794,""mem_b"":796565376,""priority"":""1"",""node"":""kwok-node-20""},{""name"":""rs-32-p1-vdd2w"",""cpu_m"":794,""mem_b"":796565376,""priority"":""1"",""node"":""kwok-node-25""},{""name"":""rs-33-p3-5645p"",""cpu_m"":866,""mem_b"":299836178,""priority"":""3"",""node"":""kwok-node-17""},{""name"":""rs-33-p3-566dg"",""cpu_m"":866,""mem_b"":299836178,""priority"":""3"",""node"":""kwok-node-4""},{""name"":""rs-33-p3-w8ngr"",""cpu_m"":866,""mem_b"":299836178,""priority"":""3"",""node"":""kwok-node-9""},{""name"":""rs-33-p3-zbq62"",""cpu_m"":866,""mem_b"":299836178,""priority"":""3"",""node"":""kwok-node-8""},{""name"":""rs-34-p4-dvx86"",""cpu_m"":112,""mem_b"":368022140,""priority"":""4"",""node"":""kwok-node-27""},{""name"":""rs-35-p4-qhjs5"",""cpu_m"":923,""mem_b"":540087005,""priority"":""4"",""node"":""kwok-node-3""},{""name"":""rs-35-p4-s2lz8"",""cpu_m"":923,""mem_b"":540087005,""priority"":""4"",""node"":""""},{""name"":""rs-35-p4-xxv4f"",""cpu_m"":923,""mem_b"":540087005,""priority"":""4"",""node"":""kwok-node-30""},{""name"":""rs-36-p3-2bshs"",""cpu_m"":360,""mem_b"":997005416,""priority"":""3"",""node"":""kwok-node-21""},{""name"":""rs-36-p3-xz5xk"",""cpu_m"":360,""mem_b"":997005416,""priority"":""3"",""node"":""kwok-node-24""},{""name"":""rs-37-p1-76zmv"",""cpu_m"":821,""mem_b"":218410799,""priority"":""1"",""node"":""kwok-node-15""},{""name"":""rs-38-p4-4md8z"",""cpu_m"":497,""mem_b"":430052746,""priority"":""4"",""node"":""kwok-node-32""},{""name"":""rs-38-p4-rcnww"",""cpu_m"":497,""mem_b"":430052746,""priority"":""4"",""node"":""kwok-node-5""},{""name"":""rs-39-p2-bbslb"",""cpu_m"":769,""mem_b"":429407202,""priority"":""2"",""node"":""kwok-node-12""},{""name"":""rs-39-p2-sc22j"",""cpu_m"":769,""mem_b"":429407202,""priority"":""2"",""node"":""kwok-node-14""},{""name"":""rs-40-p1-258xx"",""cpu_m"":455,""mem_b"":931669033,""priority"":""1"",""node"":""""},{""name"":""rs-40-p1-4dn5r"",""cpu_m"":455,""mem_b"":931669033,""priority"":""1"",""node"":""kwok-node-26""},{""name"":""rs-40-p1-cpwzb"",""cpu_m"":455,""mem_b"":931669033,""priority"":""1"",""node"":""""},{""name"":""rs-40-p1-ztmg6"",""cpu_m"":455,""mem_b"":931669033,""priority"":""1"",""node"":""""},{""name"":""rs-41-p1-n5gkt"",""cpu_m"":192,""mem_b"":545776132,""priority"":""1"",""node"":""kwok-node-29""},{""name"":""rs-41-p1-nk9pg"",""cpu_m"":192,""mem_b"":545776132,""priority"":""1"",""node"":""kwok-node-31""},{""name"":""rs-41-p1-s22m2"",""cpu_m"":192,""mem_b"":545776132,""priority"":""1"",""node"":""kwok-node-13""},{""name"":""rs-42-p1-7fh7d"",""cpu_m"":501,""mem_b"":749347092,""priority"":""1"",""node"":""kwok-node-22""},{""name"":""rs-42-p1-bb7mq"",""cpu_m"":501,""mem_b"":749347092,""priority"":""1"",""node"":""kwok-node-11""},{""name"":""rs-42-p1-f55ng"",""cpu_m"":501,""mem_b"":749347092,""priority"":""1"",""node"":""kwok-node-6""},{""name"":""rs-43-p2-gpchg"",""cpu_m"":361,""mem_b"":498327438,""priority"":""2"",""node"":""kwok-node-27""},{""name"":""rs-43-p2-rrxnt"",""cpu_m"":361,""mem_b"":498327438,""priority"":""2"",""node"":""kwok-node-1""},{""name"":""rs-44-p1-qk8tg"",""cpu_m"":759,""mem_b"":283625682,""priority"":""1"",""node"":""""},{""name"":""rs-44-p1-tl982"",""cpu_m"":759,""mem_b"":283625682,""priority"":""1"",""node"":""""},{""name"":""rs-45-p2-7pbbr"",""cpu_m"":350,""mem_b"":519183967,""priority"":""2"",""node"":""kwok-node-5""},{""name"":""rs-45-p2-rc525"",""cpu_m"":350,""mem_b"":519183967,""priority"":""2"",""node"":""kwok-node-32""},{""name"":""rs-45-p2-wv2rg"",""cpu_m"":350,""mem_b"":519183967,""priority"":""2"",""node"":""""},{""name"":""rs-46-p1-9qxk7"",""cpu_m"":496,""mem_b"":809921482,""priority"":""1"",""node"":""""},{""name"":""rs-46-p1-xdmkj"",""cpu_m"":496,""mem_b"":809921482,""priority"":""1"",""node"":""""},{""name"":""rs-47-p3-fzcsj"",""cpu_m"":919,""mem_b"":675342096,""priority"":""3"",""node"":""""},{""name"":""rs-48-p2-7j9xj"",""cpu_m"":588,""mem_b"":302838632,""priority"":""2"",""node"":""kwok-node-19""},{""name"":""rs-48-p2-jp88x"",""cpu_m"":588,""mem_b"":302838632,""priority"":""2"",""node"":""""},{""name"":""rs-48-p2-khr7w"",""cpu_m"":588,""mem_b"":302838632,""priority"":""2"",""node"":""""},{""name"":""rs-48-p2-tbh8z"",""cpu_m"":588,""mem_b"":302838632,""priority"":""2"",""node"":""""},{""name"":""rs-49-p2-8v6lx"",""cpu_m"":231,""mem_b"":510569772,""priority"":""2"",""node"":""kwok-node-9""},{""name"":""rs-50-p3-7dc27"",""cpu_m"":441,""mem_b"":618560000,""priority"":""3"",""node"":""""},{""name"":""rs-50-p3-kjz9x"",""cpu_m"":441,""mem_b"":618560000,""priority"":""3"",""node"":""""},{""name"":""rs-50-p3-qmwj6"",""cpu_m"":441,""mem_b"":618560000,""priority"":""3"",""node"":""""},{""name"":""rs-50-p3-r7tbk"",""cpu_m"":441,""mem_b"":618560000,""priority"":""3"",""node"":""""},{""name"":""rs-51-p4-skzrg"",""cpu_m"":757,""mem_b"":776986759,""priority"":""4"",""node"":""""},{""name"":""rs-51-p4-wc66k"",""cpu_m"":757,""mem_b"":776986759,""priority"":""4"",""node"":""""}]","[{""name"":""kwok-node-1"",""cap_cpu_m"":2140,""cap_mem_bytes"":2323957360},{""name"":""kwok-node-2"",""cap_cpu_m"":2140,""cap_mem_bytes"":2323957360},{""name"":""kwok-node-3"",""cap_cpu_m"":2140,""cap_mem_bytes"":2323957360},{""name"":""kwok-node-4"",""cap_cpu_m"":2140,""cap_mem_bytes"":2323957360},{""name"":""kwok-node-5"",""cap_cpu_m"":2140,""cap_mem_bytes"":2323957360},{""name"":""kwok-node-6"",""cap_cpu_m"":2140,""cap_mem_bytes"":2323957360},{""name"":""kwok-node-7"",""cap_cpu_m"":2140,""cap_mem_bytes"":2323957360},{""name"":""kwok-node-8"",""cap_cpu_m"":2140,""cap_mem_bytes"":2323957360},{""name"":""kwok-node-9"",""cap_cpu_m"":2140,""cap_mem_bytes"":2323957360},{""name"":""kwok-node-10"",""cap_cpu_m"":2140,""cap_mem_bytes"":2323957360},{""name"":""kwok-node-11"",""cap_cpu_m"":2140,""cap_mem_bytes"":2323957360},{""name"":""kwok-node-12"",""cap_cpu_m"":2140,""cap_mem_bytes"":2323957360},{""name"":""kwok-node-13"",""cap_cpu_m"":2140,""cap_mem_bytes"":2323957360},{""name"":""kwok-node-14"",""cap_cpu_m"":2140,""cap_mem_bytes"":2323957360},{""name"":""kwok-node-15"",""cap_cpu_m"":2140,""cap_mem_bytes"":2323957360},{""name"":""kwok-node-16"",""cap_cpu_m"":2140,""cap_mem_bytes"":2323957360},{""name"":""kwok-node-17"",""cap_cpu_m"":2140,""cap_mem_bytes"":2323957360},{""name"":""kwok-node-18"",""cap_cpu_m"":2140,""cap_mem_bytes"":2323957360},{""name"":""kwok-node-19"",""cap_cpu_m"":2140,""cap_mem_bytes"":2323957360},{""name"":""kwok-node-20"",""cap_cpu_m"":2140,""cap_mem_bytes"":2323957360},{""name"":""kwok-node-21"",""cap_cpu_m"":2140,""cap_mem_bytes"":2323957360},{""name"":""kwok-node-22"",""cap_cpu_m"":2140,""cap_mem_bytes"":2323957360},{""name"":""kwok-node-23"",""cap_cpu_m"":2140,""cap_mem_bytes"":2323957360},{""name"":""kwok-node-24"",""cap_cpu_m"":2140,""cap_mem_bytes"":2323957360},{""name"":""kwok-node-25"",""cap_cpu_m"":2140,""cap_mem_bytes"":2323957360},{""name"":""kwok-node-26"",""cap_cpu_m"":2140,""cap_mem_bytes"":2323957360},{""name"":""kwok-node-27"",""cap_cpu_m"":2140,""cap_mem_bytes"":2323957360},{""name"":""kwok-node-28"",""cap_cpu_m"":2140,""cap_mem_bytes"":2323957360},{""name"":""kwok-node-29"",""cap_cpu_m"":2140,""cap_mem_bytes"":2323957360},{""name"":""kwok-node-30"",""cap_cpu_m"":2140,""cap_mem_bytes"":2323957360},{""name"":""kwok-node-31"",""cap_cpu_m"":2140,""cap_mem_bytes"":2323957360},{""name"":""kwok-node-32"",""cap_cpu_m"":2140,""cap_mem_bytes"":2323957360}]"
2026/02/11/11:34:49,3737635650877940855,no improving solution from any solver,"{""evicted"":0,""moved"":0,""placed_by_priority"":{""1"":35,""2"":26,""3"":24,""4"":21}}",,,,,"[{""duration_ms"":985,""name"":""python"",""score"":{""evicted"":0,""moved"":0,""placed_by_priority"":null},""status"":""FAILED""}]",0.794,0.794,0.865,0.865,51875,51875,51874354724,51874354724,106,106,22,22,"{""kwok-node-1"":4,""kwok-node-10"":5,""kwok-node-11"":3,""kwok-node-12"":3,""kwok-node-13"":3,""kwok-node-14"":3,""kwok-node-15"":3,""kwok-node-16"":3,""kwok-node-17"":2,""kwok-node-18"":4,""kwok-node-19"":3,""kwok-node-2"":3,""kwok-node-20"":4,""kwok-node-21"":3,""kwok-node-22"":4,""kwok-node-23"":3,""kwok-node-24"":3,""kwok-node-25"":3,""kwok-node-26"":2,""kwok-node-27"":4,""kwok-node-28"":4,""kwok-node-29"":2,""kwok-node-3"":4,""kwok-node-30"":3,""kwok-node-31"":5,""kwok-node-32"":3,""kwok-node-4"":3,""kwok-node-5"":4,""kwok-node-6"":2,""kwok-node-7"":3,""kwok-node-8"":5,""kwok-node-9"":3}","{""kwok-node-1"":4,""kwok-node-10"":5,""kwok-node-11"":3,""kwok-node-12"":3,""kwok-node-13"":3,""kwok-node-14"":3,""kwok-node-15"":3,""kwok-node-16"":3,""kwok-node-17"":2,""kwok-node-18"":4,""kwok-node-19"":3,""kwok-node-2"":3,""kwok-node-20"":4,""kwok-node-21"":3,""kwok-node-22"":4,""kwok-node-23"":3,""kwok-node-24"":3,""kwok-node-25"":3,""kwok-node-26"":2,""kwok-node-27"":4,""kwok-node-28"":4,""kwok-node-29"":2,""kwok-node-3"":4,""kwok-node-30"":3,""kwok-node-31"":5,""kwok-node-32"":3,""kwok-node-4"":3,""kwok-node-5"":4,""kwok-node-6"":2,""kwok-node-7"":3,""kwok-node-8"":5,""kwok-node-9"":3}","{""p1"":35,""p2"":26,""p3"":24,""p4"":21}","{""p1"":35,""p2"":26,""p3"":24,""p4"":21}","{""p1"":4,""p2"":6,""p3"":7,""p4"":5}","{""p1"":4,""p2"":6,""p3"":7,""p4"":5}","{rs-38-p1-7lmrb,rs-38-p1-k87lf,rs-44-p2-bklzq,rs-44-p2-rdrgj,rs-44-p2-xzw5k,rs-45-p3-5hx2f,rs-45-p3-cjhck,rs-45-p3-qwp6k,rs-46-p2-bsjzl,rs-46-p2-c2cbk,rs-46-p2-szg6j,rs-49-p4-7cc82,rs-49-p4-bgrrp,rs-50-p3-259pg,rs-50-p3-c2fwj,rs-50-p3-mhprb,rs-51-p4-4q528,rs-51-p4-5htdc,rs-51-p4-gtgcc,rs-52-p3-8zl4w,rs-54-p1-rqrcp,rs-54-p1-sbfdt}","{rs-38-p1-7lmrb,rs-38-p1-k87lf,rs-44-p2-bklzq,rs-44-p2-rdrgj,rs-44-p2-xzw5k,rs-45-p3-5hx2f,rs-45-p3-cjhck,rs-45-p3-qwp6k,rs-46-p2-bsjzl,rs-46-p2-c2cbk,rs-46-p2-szg6j,rs-49-p4-7cc82,rs-49-p4-bgrrp,rs-50-p3-259pg,rs-50-p3-c2fwj,rs-50-p3-mhprb,rs-51-p4-4q528,rs-51-p4-5htdc,rs-51-p4-gtgcc,rs-52-p3-8zl4w,rs-54-p1-rqrcp,rs-54-p1-sbfdt}","{rs-01-p1-64rmb,rs-01-p1-wcvfn,rs-01-p1-xdr6d,rs-02-p4-7rq7n,rs-03-p4-6t5zf,rs-04-p2-d2vsx,rs-04-p2-hcxvx,rs-04-p2-x2z2v,rs-05-p3-5vwbm,rs-05-p3-fkr28,rs-05-p3-lkl69,rs-06-p2-899pq,rs-07-p1-29ck8,rs-07-p1-c2zh5,rs-08-p4-85k6r,rs-08-p4-9fzbf,rs-08-p4-hwl9w,rs-09-p1-6wpcm,rs-10-p1-gnszn,rs-10-p1-p5ksc,rs-10-p1-vrp87,rs-11-p2-2vl8j,rs-11-p2-bpztw,rs-11-p2-qdpjn,rs-11-p2-vzm6f,rs-12-p3-frtg7,rs-12-p3-sfc9k,rs-13-p1-c8z2k,rs-14-p4-2ww46,rs-14-p4-wkdrd,rs-14-p4-xvqg2,rs-15-p2-8rfks,rs-16-p2-d9gs9,rs-17-p2-98kjs,rs-17-p2-dtrxx,rs-18-p3-7dnz7,rs-18-p3-j4nt2,rs-18-p3-t47kc,rs-18-p3-x92lw,rs-19-p3-79xmd,rs-19-p3-rst45,rs-19-p3-t6m8k,rs-20-p1-mtzpj,rs-20-p1-pkwbp,rs-20-p1-qpwbk,rs-20-p1-zwb8n,rs-21-p1-6sbrt,rs-21-p1-bgvgw,rs-21-p1-m54d9,rs-21-p1-wpn8c,rs-22-p2-7mdjb,rs-23-p2-dlgnh,rs-23-p2-hq498,rs-23-p2-kpkvm,rs-23-p2-q7ft5,rs-24-p3-78p66,rs-24-p3-wzldq,rs-25-p3-8hj5m,rs-26-p4-2pc72,rs-26-p4-7fb8j,rs-26-p4-nvcsv,rs-26-p4-skxpq,rs-27-p3-qhw8q,rs-28-p1-f4mrm,rs-29-p1-466bd,rs-30-p1-8g6dv,rs-30-p1-dxvq8,rs-30-p1-l57bf,rs-31-p4-h55fk,rs-31-p4-kwjws,rs-31-p4-wqw9j,rs-31-p4-xdwqs,rs-32-p1-zfm89,rs-33-p2-76pdp,rs-33-p2-8qqs8,rs-33-p2-d8mkv,rs-33-p2-vzxrh,rs-34-p1-6l8hq,rs-34-p1-9nlxd,rs-34-p1-f9wvw,rs-35-p3-vtcw9,rs-36-p3-g9pfc,rs-36-p3-hnzg9,rs-36-p3-jzpzv,rs-36-p3-zgcsb,rs-37-p1-lkxd2,rs-37-p1-vbksm,rs-38-p1-dz7tk,rs-38-p1-hv4gr,rs-39-p3-zlz76,rs-40-p4-h9dwn,rs-40-p4-hgcgw,rs-40-p4-w7n7b,rs-40-p4-xlhkw,rs-41-p1-cmgc9,rs-42-p4-w7x6t,rs-43-p2-6thj9,rs-43-p2-h96hh,rs-43-p2-m2h89,rs-43-p2-mg2q4,rs-44-p2-xgm2k,rs-47-p1-fsclp,rs-48-p3-hm5f8,rs-48-p3-pzvgr,rs-53-p1-6qtlk,rs-53-p1-bh78d}","{rs-01-p1-64rmb,rs-01-p1-wcvfn,rs-01-p1-xdr6d,rs-02-p4-7rq7n,rs-03-p4-6t5zf,rs-04-p2-d2vsx,rs-04-p2-hcxvx,rs-04-p2-x2z2v,rs-05-p3-5vwbm,rs-05-p3-fkr28,rs-05-p3-lkl69,rs-06-p2-899pq,rs-07-p1-29ck8,rs-07-p1-c2zh5,rs-08-p4-85k6r,rs-08-p4-9fzbf,rs-08-p4-hwl9w,rs-09-p1-6wpcm,rs-10-p1-gnszn,rs-10-p1-p5ksc,rs-10-p1-vrp87,rs-11-p2-2vl8j,rs-11-p2-bpztw,rs-11-p2-qdpjn,rs-11-p2-vzm6f,rs-12-p3-frtg7,rs-12-p3-sfc9k,rs-13-p1-c8z2k,rs-14-p4-2ww46,rs-14-p4-wkdrd,rs-14-p4-xvqg2,rs-15-p2-8rfks,rs-16-p2-d9gs9,rs-17-p2-98kjs,rs-17-p2-dtrxx,rs-18-p3-7dnz7,rs-18-p3-j4nt2,rs-18-p3-t47kc,rs-18-p3-x92lw,rs-19-p3-79xmd,rs-19-p3-rst45,rs-19-p3-t6m8k,rs-20-p1-mtzpj,rs-20-p1-pkwbp,rs-20-p1-qpwbk,rs-20-p1-zwb8n,rs-21-p1-6sbrt,rs-21-p1-bgvgw,rs-21-p1-m54d9,rs-21-p1-wpn8c,rs-22-p2-7mdjb,rs-23-p2-dlgnh,rs-23-p2-hq498,rs-23-p2-kpkvm,rs-23-p2-q7ft5,rs-24-p3-78p66,rs-24-p3-wzldq,rs-25-p3-8hj5m,rs-26-p4-2pc72,rs-26-p4-7fb8j,rs-26-p4-nvcsv,rs-26-p4-skxpq,rs-27-p3-qhw8q,rs-28-p1-f4mrm,rs-29-p1-466bd,rs-30-p1-8g6dv,rs-30-p1-dxvq8,rs-30-p1-l57bf,rs-31-p4-h55fk,rs-31-p4-kwjws,rs-31-p4-wqw9j,rs-31-p4-xdwqs,rs-32-p1-zfm89,rs-33-p2-76pdp,rs-33-p2-8qqs8,rs-33-p2-d8mkv,rs-33-p2-vzxrh,rs-34-p1-6l8hq,rs-34-p1-9nlxd,rs-34-p1-f9wvw,rs-35-p3-vtcw9,rs-36-p3-g9pfc,rs-36-p3-hnzg9,rs-36-p3-jzpzv,rs-36-p3-zgcsb,rs-37-p1-lkxd2,rs-37-p1-vbksm,rs-38-p1-dz7tk,rs-38-p1-hv4gr,rs-39-p3-zlz76,rs-40-p4-h9dwn,rs-40-p4-hgcgw,rs-40-p4-w7n7b,rs-40-p4-xlhkw,rs-41-p1-cmgc9,rs-42-p4-w7x6t,rs-43-p2-6thj9,rs-43-p2-h96hh,rs-43-p2-m2h89,rs-43-p2-mg2q4,rs-44-p2-xgm2k,rs-47-p1-fsclp,rs-48-p3-hm5f8,rs-48-p3-pzvgr,rs-53-p1-6qtlk,rs-53-p1-bh78d}","[{""name"":""rs-01-p1-64rmb"",""cpu_m"":251,""mem_b"":511114695,""priority"":""1"",""node"":""kwok-node-11""},{""name"":""rs-01-p1-wcvfn"",""cpu_m"":251,""mem_b"":511114695,""priority"":""1"",""node"":""kwok-node-10""},{""name"":""rs-01-p1-xdr6d"",""cpu_m"":251,""mem_b"":511114695,""priority"":""1"",""node"":""kwok-node-14""},{""name"":""rs-02-p4-7rq7n"",""cpu_m"":204,""mem_b"":956781280,""priority"":""4"",""node"":""kwok-node-19""},{""name"":""rs-03-p4-6t5zf"",""cpu_m"":338,""mem_b"":352042802,""priority"":""4"",""node"":""kwok-node-20""},{""name"":""rs-04-p2-d2vsx"",""cpu_m"":918,""mem_b"":817968017,""priority"":""2"",""node"":""kwok-node-15""},{""name"":""rs-04-p2-hcxvx"",""cpu_m"":918,""mem_b"":817968017,""priority"":""2"",""node"":""kwok-node-16""},{""name"":""rs-04-p2-x2z2v"",""cpu_m"":918,""mem_b"":817968017,""priority"":""2"",""node"":""kwok-node-22""},{""name"":""rs-05-p3-5vwbm"",""cpu_m"":788,""mem_b"":309415585,""priority"":""3"",""node"":""kwok-node-12""},{""name"":""rs-05-p3-fkr28"",""cpu_m"":788,""mem_b"":309415585,""priority"":""3"",""node"":""kwok-node-17""},{""name"":""rs-05-p3-lkl69"",""cpu_m"":788,""mem_b"":309415585,""priority"":""3"",""node"":""kwok-node-23""},{""name"":""rs-06-p2-899pq"",""cpu_m"":748,""mem_b"":553361866,""priority"":""2"",""node"":""kwok-node-25""},{""name"":""rs-07-p1-29ck8"",""cpu_m"":170,""mem_b"":950828113,""priority"":""1"",""node"":""kwok-node-24""},{""name"":""rs-07-p1-c2zh5"",""cpu_m"":170,""mem_b"":950828113,""priority"":""1"",""node"":""kwok-node-13""},{""name"":""rs-08-p4-85k6r"",""cpu_m"":409,""mem_b"":831368003,""priority"":""4"",""node"":""kwok-node-30""},{""name"":""rs-08-p4-9fzbf"",""cpu_m"":409,""mem_b"":831368003,""priority"":""4"",""node"":""kwok-node-2""},{""name"":""rs-08-p4-hwl9w"",""cpu_m"":409,""mem_b"":831368003,""priority"":""4"",""node"":""kwok-node-18""},{""name"":""rs-09-p1-6wpcm"",""cpu_m"":222,""mem_b"":201998017,""priority"":""1"",""node"":""kwok-node-27""},{""name"":""rs-10-p1-gnszn"",""cpu_m"":319,""mem_b"":695241226,""priority"":""1"",""node"":""kwok-node-3""},{""name"":""rs-10-p1-p5ksc"",""cpu_m"":319,""mem_b"":695241226,""priority"":""1"",""node"":""kwok-node-1""},{""name"":""rs-10-p1-vrp87"",""cpu_m"":319,""mem_b"":695241226,""priority"":""1"",""node"":""kwok-node-28""},{""name"":""rs-11-p2-2vl8j"",""cpu_m"":858,""mem_b"":468774988,""priority"":""2"",""node"":""kwok-node-29""},{""name"":""rs-11-p2-bpztw"",""cpu_m"":858,""mem_b"":468774988,""priority"":""2"",""node"":""kwok-node-26""},{""name"":""rs-11-p2-qdpjn"",""cpu_m"":858,""mem_b"":468774988,""priority"":""2"",""node"":""kwok-node-6""},{""name"":""rs-11-p2-vzm6f"",""cpu_m"":858,""mem_b"":468774988,""priority"":""2"",""node"":""kwok-node-4""},{""name"":""rs-12-p3-frtg7"",""cpu_m"":172,""mem_b"":141918686,""priority"":""3"",""node"":""kwok-node-8""},{""name"":""rs-12-p3-sfc9k"",""cpu_m"":172,""mem_b"":141918686,""priority"":""3"",""node"":""kwok-node-31""},{""name"":""rs-13-p1-c8z2k"",""cpu_m"":132,""mem_b"":103327849,""priority"":""1"",""node"":""kwok-node-5""},{""name"":""rs-14-p4-2ww46"",""cpu_m"":970,""mem_b"":136956432,""priority"":""4"",""node"":""kwok-node-9""},{""name"":""rs-14-p4-wkdrd"",""cpu_m"":970,""mem_b"":136956432,""priority"":""4"",""node"":""kwok-node-21""},{""name"":""rs-14-p4-xvqg2"",""cpu_m"":970,""mem_b"":136956432,""priority"":""4"",""node"":""kwok-node-7""},{""name"":""rs-15-p2-8rfks"",""cpu_m"":963,""mem_b"":253223158,""priority"":""2"",""node"":""kwok-node-32""},{""name"":""rs-16-p2-d9gs9"",""cpu_m"":422,""mem_b"":878674961,""priority"":""2"",""node"":""kwok-node-5""},{""name"":""rs-17-p2-98kjs"",""cpu_m"":303,""mem_b"":110126313,""priority"":""2"",""node"":""kwok-node-31""},{""name"":""rs-17-p2-dtrxx"",""cpu_m"":303,""mem_b"":110126313,""priority"":""2"",""node"":""kwok-node-8""},{""name"":""rs-18-p3-7dnz7"",""cpu_m"":222,""mem_b"":957129751,""priority"":""3"",""node"":""kwok-node-9""},{""name"":""rs-18-p3-j4nt2"",""cpu_m"":222,""mem_b"":957129751,""priority"":""3"",""node"":""kwok-node-7""},{""name"":""rs-18-p3-t47kc"",""cpu_m"":222,""mem_b"":957129751,""priority"":""3"",""node"":""kwok-node-27""},{""name"":""rs-18-p3-x92lw"",""cpu_m"":222,""mem_b"":957129751,""priority"":""3"",""node"":""kwok-node-21""},{""name"":""rs-19-p3-79xmd"",""cpu_m"":117,""mem_b"":919249957,""priority"":""3"",""node"":""kwok-node-32""},{""name"":""rs-19-p3-rst45"",""cpu_m"":117,""mem_b"":919249957,""priority"":""3"",""node"":""kwok-node-8""},{""name"":""rs-19-p3-t6m8k"",""cpu_m"":117,""mem_b"":919249957,""priority"":""3"",""node"":""kwok-node-31""},{""name"":""rs-20-p1-mtzpj"",""cpu_m"":411,""mem_b"":221412159,""priority"":""1"",""node"":""kwok-node-10""},{""name"":""rs-20-p1-pkwbp"",""cpu_m"":411,""mem_b"":221412159,""priority"":""1"",""node"":""kwok-node-11""},{""name"":""rs-20-p1-qpwbk"",""cpu_m"":411,""mem_b"":221412159,""priority"":""1"",""node"":""kwok-node-20""},{""name"":""rs-20-p1-zwb8n"",""cpu_m"":411,""mem_b"":221412159,""priority"":""1"",""node"":""kwok-node-14""},{""name"":""rs-21-p1-6sbrt"",""cpu_m"":777,""mem_b"":889918193,""priority"":""1"",""node"":""kwok-node-12""},{""name"":""rs-21-p1-bgvgw"",""cpu_m"":777,""mem_b"":889918193,""priority"":""1"",""node"":""kwok-node-23""},{""name"":""rs-21-p1-m54d9"",""cpu_m"":777,""mem_b"":889918193,""priority"":""1"",""node"":""kwok-node-25""},{""name"":""rs-21-p1-wpn8c"",""cpu_m"":777,""mem_b"":889918193,""priority"":""1"",""node"":""kwok-node-17""},{""name"":""rs-22-p2-7mdjb"",""cpu_m"":618,""mem_b"":130936740,""priority"":""2"",""node"":""kwok-node-3""},{""name"":""rs-23-p2-dlgnh"",""cpu_m"":197,""mem_b"":189449441,""priority"":""2"",""node"":""kwok-node-10""},{""name"":""rs-23-p2-hq498"",""cpu_m"":197,""mem_b"":189449441,""priority"":""2"",""node"":""kwok-node-20""},{""name"":""rs-23-p2-kpkvm"",""cpu_m"":197,""mem_b"":189449441,""priority"":""2"",""node"":""kwok-node-28""},{""name"":""rs-23-p2-q7ft5"",""cpu_m"":197,""mem_b"":189449441,""priority"":""2"",""node"":""kwok-node-1""},{""name"":""rs-24-p3-78p66"",""cpu_m"":867,""mem_b"":649216864,""priority"":""3"",""node"":""kwok-node-11""},{""name"":""rs-24-p3-wzldq"",""cpu_m"":867,""mem_b"":649216864,""priority"":""3"",""node"":""kwok-node-14""},{""name"":""rs-25-p3-8hj5m"",""cpu_m"":318,""mem_b"":635202454,""priority"":""3"",""node"":""kwok-node-4""},{""name"":""rs-26-p4-2pc72"",""cpu_m"":718,""mem_b"":762205586,""priority"":""4"",""node"":""kwok-node-6""},{""name"":""rs-26-p4-7fb8j"",""cpu_m"":718,""mem_b"":762205586,""priority"":""4"",""node"":""kwok-node-26""},{""name"":""rs-26-p4-nvcsv"",""cpu_m"":718,""mem_b"":762205586,""priority"":""4"",""node"":""kwok-node-20""},{""name"":""rs-26-p4-skxpq"",""cpu_m"":718,""mem_b"":762205586,""priority"":""4"",""node"":""kwok-node-29""},{""name"":""rs-27-p3-qhw8q"",""cpu_m"":381,""mem_b"":665422633,""priority"":""3"",""node"":""kwok-node-16""},{""name"":""rs-28-p1-f4mrm"",""cpu_m"":253,""mem_b"":518129908,""priority"":""1"",""node"":""kwok-node-22""},{""name"":""rs-29-p1-466bd"",""cpu_m"":267,""mem_b"":857429369,""priority"":""1"",""node"":""kwok-node-3""},{""name"":""rs-30-p1-8g6dv"",""cpu_m"":452,""mem_b"":147922800,""priority"":""1"",""node"":""kwok-node-18""},{""name"":""rs-30-p1-dxvq8"",""cpu_m"":452,""mem_b"":147922800,""priority"":""1"",""node"":""kwok-node-30""},{""name"":""rs-30-p1-l57bf"",""cpu_m"":452,""mem_b"":147922800,""priority"":""1"",""node"":""kwok-node-2""},{""name"":""rs-31-p4-h55fk"",""cpu_m"":816,""mem_b"":390097183,""priority"":""4"",""node"":""kwok-node-19""},{""name"":""rs-31-p4-kwjws"",""cpu_m"":816,""mem_b"":390097183,""priority"":""4"",""node"":""kwok-node-24""},{""name"":""rs-31-p4-wqw9j"",""cpu_m"":816,""mem_b"":390097183,""priority"":""4"",""node"":""kwok-node-28""},{""name"":""rs-31-p4-xdwqs"",""cpu_m"":816,""mem_b"":390097183,""priority"":""4"",""node"":""kwok-node-1""},{""name"":""rs-32-p1-zfm89"",""cpu_m"":382,""mem_b"":265375798,""priority"":""1"",""node"":""kwok-node-15""},{""name"":""rs-33-p2-76pdp"",""cpu_m"":664,""mem_b"":321410244,""priority"":""2"",""node"":""kwok-node-13""},{""name"":""rs-33-p2-8qqs8"",""cpu_m"":664,""mem_b"":321410244,""priority"":""2"",""node"":""kwok-node-5""},{""name"":""rs-33-p2-d8mkv"",""cpu_m"":664,""mem_b"":321410244,""priority"":""2"",""node"":""kwok-node-18""},{""name"":""rs-33-p2-vzxrh"",""cpu_m"":664,""mem_b"":321410244,""priority"":""2"",""node"":""kwok-node-10""},{""name"":""rs-34-p1-6l8hq"",""cpu_m"":225,""mem_b"":770191601,""priority"":""1"",""node"":""kwok-node-2""},{""name"":""rs-34-p1-9nlxd"",""cpu_m"":225,""mem_b"":770191601,""priority"":""1"",""node"":""kwok-node-15""},{""name"":""rs-34-p1-f9wvw"",""cpu_m"":225,""mem_b"":770191601,""priority"":""1"",""node"":""kwok-node-30""},{""name"":""rs-35-p3-vtcw9"",""cpu_m"":608,""mem_b"":166955466,""priority"":""3"",""node"":""kwok-node-27""},{""name"":""rs-36-p3-g9pfc"",""cpu_m"":114,""mem_b"":652110119,""priority"":""3"",""node"":""kwok-node-9""},{""name"":""rs-36-p3-hnzg9"",""cpu_m"":114,""mem_b"":652110119,""priority"":""3"",""node"":""kwok-node-21""},{""name"":""rs-36-p3-jzpzv"",""cpu_m"":114,""mem_b"":652110119,""priority"":""3"",""node"":""kwok-node-7""},{""name"":""rs-36-p3-zgcsb"",""cpu_m"":114,""mem_b"":652110119,""priority"":""3"",""node"":""kwok-node-4""},{""name"":""rs-37-p1-lkxd2"",""cpu_m"":391,""mem_b"":317107401,""priority"":""1"",""node"":""kwok-node-8""},{""name"":""rs-37-p1-vbksm"",""cpu_m"":391,""mem_b"":317107401,""priority"":""1"",""node"":""kwok-node-31""},{""name"":""rs-38-p1-7lmrb"",""cpu_m"":807,""mem_b"":572684968,""priority"":""1"",""node"":""""},{""name"":""rs-38-p1-dz7tk"",""cpu_m"":807,""mem_b"":572684968,""priority"":""1"",""node"":""kwok-node-32""},{""name"":""rs-38-p1-hv4gr"",""cpu_m"":807,""mem_b"":572684968,""priority"":""1"",""node"":""kwok-node-13""},{""name"":""rs-38-p1-k87lf"",""cpu_m"":807,""mem_b"":572684968,""priority"":""1"",""node"":""""},{""name"":""rs-39-p3-zlz76"",""cpu_m"":467,""mem_b"":460900554,""priority"":""3"",""node"":""kwok-node-28""},{""name"":""rs-40-p4-h9dwn"",""cpu_m"":588,""mem_b"":435424760,""priority"":""4"",""node"":""kwok-node-27""},{""name"":""rs-40-p4-hgcgw"",""cpu_m"":588,""mem_b"":435424760,""priority"":""4"",""node"":""kwok-node-5""},{""name"":""rs-40-p4-w7n7b"",""cpu_m"":588,""mem_b"":435424760,""priority"":""4"",""node"":""kwok-node-1""},{""name"":""rs-40-p4-xlhkw"",""cpu_m"":588,""mem_b"":435424760,""priority"":""4"",""node"":""kwok-node-24""},{""name"":""rs-41-p1-cmgc9"",""cpu_m"":525,""mem_b"":180843277,""priority"":""1"",""node"":""kwok-node-19""},{""name"":""rs-42-p4-w7x6t"",""cpu_m"":977,""mem_b"":139462573,""priority"":""4"",""node"":""kwok-node-8""},{""name"":""rs-43-p2-6thj9"",""cpu_m"":188,""mem_b"":258390900,""priority"":""2"",""node"":""kwok-node-22""},{""name"":""rs-43-p2-h96hh"",""cpu_m"":188,""mem_b"":258390900,""priority"":""2"",""node"":""kwok-node-12""},{""name"":""rs-43-p2-m2h89"",""cpu_m"":188,""mem_b"":258390900,""priority"":""2"",""node"":""kwok-node-18""},{""name"":""rs-43-p2-mg2q4"",""cpu_m"":188,""mem_b"":258390900,""priority"":""2"",""node"":""kwok-node-10""},{""name"":""rs-44-p2-bklzq"",""cpu_m"":942,""mem_b"":297642515,""priority"":""2"",""node"":""""},{""name"":""rs-44-p2-rdrgj"",""cpu_m"":942,""mem_b"":297642515,""priority"":""2"",""node"":""""},{""name"":""rs-44-p2-xgm2k"",""cpu_m"":942,""mem_b"":297642515,""priority"":""2"",""node"":""kwok-node-31""},{""name"":""rs-44-p2-xzw5k"",""cpu_m"":942,""mem_b"":297642515,""priority"":""2"",""node"":""""},{""name"":""rs-45-p3-5hx2f"",""cpu_m"":974,""mem_b"":294959929,""priority"":""3"",""node"":""""},{""name"":""rs-45-p3-cjhck"",""cpu_m"":974,""mem_b"":294959929,""priority"":""3"",""node"":""""},{""name"":""rs-45-p3-qwp6k"",""cpu_m"":974,""mem_b"":294959929,""priority"":""3"",""node"":""""},{""name"":""rs-46-p2-bsjzl"",""cpu_m"":715,""mem_b"":677687184,""priority"":""2"",""node"":""""},{""name"":""rs-46-p2-c2cbk"",""cpu_m"":715,""mem_b"":677687184,""priority"":""2"",""node"":""""},{""name"":""rs-46-p2-szg6j"",""cpu_m"":715,""mem_b"":677687184,""priority"":""2"",""node"":""""},{""name"":""rs-47-p1-fsclp"",""cpu_m"":253,""mem_b"":512506974,""priority"":""1"",""node"":""kwok-node-23""},{""name"":""rs-48-p3-hm5f8"",""cpu_m"":297,""mem_b"":155849423,""priority"":""3"",""node"":""kwok-node-16""},{""name"":""rs-48-p3-pzvgr"",""cpu_m"":297,""mem_b"":155849423,""priority"":""3"",""node"":""kwok-node-25""},{""name"":""rs-49-p4-7cc82"",""cpu_m"":939,""mem_b"":938977542,""priority"":""4"",""node"":""""},{""name"":""rs-49-p4-bgrrp"",""cpu_m"":939,""mem_b"":938977542,""priority"":""4"",""node"":""""},{""name"":""rs-50-p3-259pg"",""cpu_m"":759,""mem_b"":295683162,""priority"":""3"",""node"":""""},{""name"":""rs-50-p3-c2fwj"",""cpu_m"":759,""mem_b"":295683162,""priority"":""3"",""node"":""""},{""name"":""rs-50-p3-mhprb"",""cpu_m"":759,""mem_b"":295683162,""priority"":""3"",""node"":""""},{""name"":""rs-51-p4-4q528"",""cpu_m"":651,""mem_b"":323779886,""priority"":""4"",""node"":""""},{""name"":""rs-51-p4-5htdc"",""cpu_m"":651,""mem_b"":323779886,""priority"":""4"",""node"":""""},{""name"":""rs-51-p4-gtgcc"",""cpu_m"":651,""mem_b"":323779886,""priority"":""4"",""node"":""""},{""name"":""rs-52-p3-8zl4w"",""cpu_m"":587,""mem_b"":565829127,""priority"":""3"",""node"":""""},{""name"":""rs-53-p1-6qtlk"",""cpu_m"":641,""mem_b"":172547375,""priority"":""1"",""node"":""kwok-node-3""},{""name"":""rs-53-p1-bh78d"",""cpu_m"":641,""mem_b"":172547375,""priority"":""1"",""node"":""kwok-node-22""},{""name"":""rs-54-p1-rqrcp"",""cpu_m"":262,""mem_b"":933077509,""priority"":""1"",""node"":""""},{""name"":""rs-54-p1-sbfdt"",""cpu_m"":262,""mem_b"":933077509,""priority"":""1"",""node"":""""}]","[{""name"":""rs-01-p1-64rmb"",""cpu_m"":251,""mem_b"":511114695,""priority"":""1"",""node"":""kwok-node-11""},{""name"":""rs-01-p1-wcvfn"",""cpu_m"":251,""mem_b"":511114695,""priority"":""1"",""node"":""kwok-node-10""},{""name"":""rs-01-p1-xdr6d"",""cpu_m"":251,""mem_b"":511114695,""priority"":""1"",""node"":""kwok-node-14""},{""name"":""rs-02-p4-7rq7n"",""cpu_m"":204,""mem_b"":956781280,""priority"":""4"",""node"":""kwok-node-19""},{""name"":""rs-03-p4-6t5zf"",""cpu_m"":338,""mem_b"":352042802,""priority"":""4"",""node"":""kwok-node-20""},{""name"":""rs-04-p2-d2vsx"",""cpu_m"":918,""mem_b"":817968017,""priority"":""2"",""node"":""kwok-node-15""},{""name"":""rs-04-p2-hcxvx"",""cpu_m"":918,""mem_b"":817968017,""priority"":""2"",""node"":""kwok-node-16""},{""name"":""rs-04-p2-x2z2v"",""cpu_m"":918,""mem_b"":817968017,""priority"":""2"",""node"":""kwok-node-22""},{""name"":""rs-05-p3-5vwbm"",""cpu_m"":788,""mem_b"":309415585,""priority"":""3"",""node"":""kwok-node-12""},{""name"":""rs-05-p3-fkr28"",""cpu_m"":788,""mem_b"":309415585,""priority"":""3"",""node"":""kwok-node-17""},{""name"":""rs-05-p3-lkl69"",""cpu_m"":788,""mem_b"":309415585,""priority"":""3"",""node"":""kwok-node-23""},{""name"":""rs-06-p2-899pq"",""cpu_m"":748,""mem_b"":553361866,""priority"":""2"",""node"":""kwok-node-25""},{""name"":""rs-07-p1-29ck8"",""cpu_m"":170,""mem_b"":950828113,""priority"":""1"",""node"":""kwok-node-24""},{""name"":""rs-07-p1-c2zh5"",""cpu_m"":170,""mem_b"":950828113,""priority"":""1"",""node"":""kwok-node-13""},{""name"":""rs-08-p4-85k6r"",""cpu_m"":409,""mem_b"":831368003,""priority"":""4"",""node"":""kwok-node-30""},{""name"":""rs-08-p4-9fzbf"",""cpu_m"":409,""mem_b"":831368003,""priority"":""4"",""node"":""kwok-node-2""},{""name"":""rs-08-p4-hwl9w"",""cpu_m"":409,""mem_b"":831368003,""priority"":""4"",""node"":""kwok-node-18""},{""name"":""rs-09-p1-6wpcm"",""cpu_m"":222,""mem_b"":201998017,""priority"":""1"",""node"":""kwok-node-27""},{""name"":""rs-10-p1-gnszn"",""cpu_m"":319,""mem_b"":695241226,""priority"":""1"",""node"":""kwok-node-3""},{""name"":""rs-10-p1-p5ksc"",""cpu_m"":319,""mem_b"":695241226,""priority"":""1"",""node"":""kwok-node-1""},{""name"":""rs-10-p1-vrp87"",""cpu_m"":319,""mem_b"":695241226,""priority"":""1"",""node"":""kwok-node-28""},{""name"":""rs-11-p2-2vl8j"",""cpu_m"":858,""mem_b"":468774988,""priority"":""2"",""node"":""kwok-node-29""},{""name"":""rs-11-p2-bpztw"",""cpu_m"":858,""mem_b"":468774988,""priority"":""2"",""node"":""kwok-node-26""},{""name"":""rs-11-p2-qdpjn"",""cpu_m"":858,""mem_b"":468774988,""priority"":""2"",""node"":""kwok-node-6""},{""name"":""rs-11-p2-vzm6f"",""cpu_m"":858,""mem_b"":468774988,""priority"":""2"",""node"":""kwok-node-4""},{""name"":""rs-12-p3-frtg7"",""cpu_m"":172,""mem_b"":141918686,""priority"":""3"",""node"":""kwok-node-8""},{""name"":""rs-12-p3-sfc9k"",""cpu_m"":172,""mem_b"":141918686,""priority"":""3"",""node"":""kwok-node-31""},{""name"":""rs-13-p1-c8z2k"",""cpu_m"":132,""mem_b"":103327849,""priority"":""1"",""node"":""kwok-node-5""},{""name"":""rs-14-p4-2ww46"",""cpu_m"":970,""mem_b"":136956432,""priority"":""4"",""node"":""kwok-node-9""},{""name"":""rs-14-p4-wkdrd"",""cpu_m"":970,""mem_b"":136956432,""priority"":""4"",""node"":""kwok-node-21""},{""name"":""rs-14-p4-xvqg2"",""cpu_m"":970,""mem_b"":136956432,""priority"":""4"",""node"":""kwok-node-7""},{""name"":""rs-15-p2-8rfks"",""cpu_m"":963,""mem_b"":253223158,""priority"":""2"",""node"":""kwok-node-32""},{""name"":""rs-16-p2-d9gs9"",""cpu_m"":422,""mem_b"":878674961,""priority"":""2"",""node"":""kwok-node-5""},{""name"":""rs-17-p2-98kjs"",""cpu_m"":303,""mem_b"":110126313,""priority"":""2"",""node"":""kwok-node-31""},{""name"":""rs-17-p2-dtrxx"",""cpu_m"":303,""mem_b"":110126313,""priority"":""2"",""node"":""kwok-node-8""},{""name"":""rs-18-p3-7dnz7"",""cpu_m"":222,""mem_b"":957129751,""priority"":""3"",""node"":""kwok-node-9""},{""name"":""rs-18-p3-j4nt2"",""cpu_m"":222,""mem_b"":957129751,""priority"":""3"",""node"":""kwok-node-7""},{""name"":""rs-18-p3-t47kc"",""cpu_m"":222,""mem_b"":957129751,""priority"":""3"",""node"":""kwok-node-27""},{""name"":""rs-18-p3-x92lw"",""cpu_m"":222,""mem_b"":957129751,""priority"":""3"",""node"":""kwok-node-21""},{""name"":""rs-19-p3-79xmd"",""cpu_m"":117,""mem_b"":919249957,""priority"":""3"",""node"":""kwok-node-32""},{""name"":""rs-19-p3-rst45"",""cpu_m"":117,""mem_b"":919249957,""priority"":""3"",""node"":""kwok-node-8""},{""name"":""rs-19-p3-t6m8k"",""cpu_m"":117,""mem_b"":919249957,""priority"":""3"",""node"":""kwok-node-31""},{""name"":""rs-20-p1-mtzpj"",""cpu_m"":411,""mem_b"":221412159,""priority"":""1"",""node"":""kwok-node-10""},{""name"":""rs-20-p1-pkwbp"",""cpu_m"":411,""mem_b"":221412159,""priority"":""1"",""node"":""kwok-node-11""},{""name"":""rs-20-p1-qpwbk"",""cpu_m"":411,""mem_b"":221412159,""priority"":""1"",""node"":""kwok-node-20""},{""name"":""rs-20-p1-zwb8n"",""cpu_m"":411,""mem_b"":221412159,""priority"":""1"",""node"":""kwok-node-14""},{""name"":""rs-21-p1-6sbrt"",""cpu_m"":777,""mem_b"":889918193,""priority"":""1"",""node"":""kwok-node-12""},{""name"":""rs-21-p1-bgvgw"",""cpu_m"":777,""mem_b"":889918193,""priority"":""1"",""node"":""kwok-node-23""},{""name"":""rs-21-p1-m54d9"",""cpu_m"":777,""mem_b"":889918193,""priority"":""1"",""node"":""kwok-node-25""},{""name"":""rs-21-p1-wpn8c"",""cpu_m"":777,""mem_b"":889918193,""priority"":""1"",""node"":""kwok-node-17""},{""name"":""rs-22-p2-7mdjb"",""cpu_m"":618,""mem_b"":130936740,""priority"":""2"",""node"":""kwok-node-3""},{""name"":""rs-23-p2-dlgnh"",""cpu_m"":197,""mem_b"":189449441,""priority"":""2"",""node"":""kwok-node-10""},{""name"":""rs-23-p2-hq498"",""cpu_m"":197,""mem_b"":189449441,""priority"":""2"",""node"":""kwok-node-20""},{""name"":""rs-23-p2-kpkvm"",""cpu_m"":197,""mem_b"":189449441,""priority"":""2"",""node"":""kwok-node-28""},{""name"":""rs-23-p2-q7ft5"",""cpu_m"":197,""mem_b"":189449441,""priority"":""2"",""node"":""kwok-node-1""},{""name"":""rs-24-p3-78p66"",""cpu_m"":867,""mem_b"":649216864,""priority"":""3"",""node"":""kwok-node-11""},{""name"":""rs-24-p3-wzldq"",""cpu_m"":867,""mem_b"":649216864,""priority"":""3"",""node"":""kwok-node-14""},{""name"":""rs-25-p3-8hj5m"",""cpu_m"":318,""mem_b"":635202454,""priority"":""3"",""node"":""kwok-node-4""},{""name"":""rs-26-p4-2pc72"",""cpu_m"":718,""mem_b"":762205586,""priority"":""4"",""node"":""kwok-node-6""},{""name"":""rs-26-p4-7fb8j"",""cpu_m"":718,""mem_b"":762205586,""priority"":""4"",""node"":""kwok-node-26""},{""name"":""rs-26-p4-nvcsv"",""cpu_m"":718,""mem_b"":762205586,""priority"":""4"",""node"":""kwok-node-20""},{""name"":""rs-26-p4-skxpq"",""cpu_m"":718,""mem_b"":762205586,""priority"":""4"",""node"":""kwok-node-29""},{""name"":""rs-27-p3-qhw8q"",""cpu_m"":381,""mem_b"":665422633,""priority"":""3"",""node"":""kwok-node-16""},{""name"":""rs-28-p1-f4mrm"",""cpu_m"":253,""mem_b"":518129908,""priority"":""1"",""node"":""kwok-node-22""},{""name"":""rs-29-p1-466bd"",""cpu_m"":267,""mem_b"":857429369,""priority"":""1"",""node"":""kwok-node-3""},{""name"":""rs-30-p1-8g6dv"",""cpu_m"":452,""mem_b"":147922800,""priority"":""1"",""node"":""kwok-node-18""},{""name"":""rs-30-p1-dxvq8"",""cpu_m"":452,""mem_b"":147922800,""priority"":""1"",""node"":""kwok-node-30""},{""name"":""rs-30-p1-l57bf"",""cpu_m"":452,""mem_b"":147922800,""priority"":""1"",""node"":""kwok-node-2""},{""name"":""rs-31-p4-h55fk"",""cpu_m"":816,""mem_b"":390097183,""priority"":""4"",""node"":""kwok-node-19""},{""name"":""rs-31-p4-kwjws"",""cpu_m"":816,""mem_b"":390097183,""priority"":""4"",""node"":""kwok-node-24""},{""name"":""rs-31-p4-wqw9j"",""cpu_m"":816,""mem_b"":390097183,""priority"":""4"",""node"":""kwok-node-28""},{""name"":""rs-31-p4-xdwqs"",""cpu_m"":816,""mem_b"":390097183,""priority"":""4"",""node"":""kwok-node-1""},{""name"":""rs-32-p1-zfm89"",""cpu_m"":382,""mem_b"":265375798,""priority"":""1"",""node"":""kwok-node-15""},{""name"":""rs-33-p2-76pdp"",""cpu_m"":664,""mem_b"":321410244,""priority"":""2"",""node"":""kwok-node-13""},{""name"":""rs-33-p2-8qqs8"",""cpu_m"":664,""mem_b"":321410244,""priority"":""2"",""node"":""kwok-node-5""},{""name"":""rs-33-p2-d8mkv"",""cpu_m"":664,""mem_b"":321410244,""priority"":""2"",""node"":""kwok-node-18""},{""name"":""rs-33-p2-vzxrh"",""cpu_m"":664,""mem_b"":321410244,""priority"":""2"",""node"":""kwok-node-10""},{""name"":""rs-34-p1-6l8hq"",""cpu_m"":225,""mem_b"":770191601,""priority"":""1"",""node"":""kwok-node-2""},{""name"":""rs-34-p1-9nlxd"",""cpu_m"":225,""mem_b"":770191601,""priority"":""1"",""node"":""kwok-node-15""},{""name"":""rs-34-p1-f9wvw"",""cpu_m"":225,""mem_b"":770191601,""priority"":""1"",""node"":""kwok-node-30""},{""name"":""rs-35-p3-vtcw9"",""cpu_m"":608,""mem_b"":166955466,""priority"":""3"",""node"":""kwok-node-27""},{""name"":""rs-36-p3-g9pfc"",""cpu_m"":114,""mem_b"":652110119,""priority"":""3"",""node"":""kwok-node-9""},{""name"":""rs-36-p3-hnzg9"",""cpu_m"":114,""mem_b"":652110119,""priority"":""3"",""node"":""kwok-node-21""},{""name"":""rs-36-p3-jzpzv"",""cpu_m"":114,""mem_b"":652110119,""priority"":""3"",""node"":""kwok-node-7""},{""name"":""rs-36-p3-zgcsb"",""cpu_m"":114,""mem_b"":652110119,""priority"":""3"",""node"":""kwok-node-4""},{""name"":""rs-37-p1-lkxd2"",""cpu_m"":391,""mem_b"":317107401,""priority"":""1"",""node"":""kwok-node-8""},{""name"":""rs-37-p1-vbksm"",""cpu_m"":391,""mem_b"":317107401,""priority"":""1"",""node"":""kwok-node-31""},{""name"":""rs-38-p1-7lmrb"",""cpu_m"":807,""mem_b"":572684968,""priority"":""1"",""node"":""""},{""name"":""rs-38-p1-dz7tk"",""cpu_m"":807,""mem_b"":572684968,""priority"":""1"",""node"":""kwok-node-32""},{""name"":""rs-38-p1-hv4gr"",""cpu_m"":807,""mem_b"":572684968,""priority"":""1"",""node"":""kwok-node-13""},{""name"":""rs-38-p1-k87lf"",""cpu_m"":807,""mem_b"":572684968,""priority"":""1"",""node"":""""},{""name"":""rs-39-p3-zlz76"",""cpu_m"":467,""mem_b"":460900554,""priority"":""3"",""node"":""kwok-node-28""},{""name"":""rs-40-p4-h9dwn"",""cpu_m"":588,""mem_b"":435424760,""priority"":""4"",""node"":""kwok-node-27""},{""name"":""rs-40-p4-hgcgw"",""cpu_m"":588,""mem_b"":435424760,""priority"":""4"",""node"":""kwok-node-5""},{""name"":""rs-40-p4-w7n7b"",""cpu_m"":588,""mem_b"":435424760,""priority"":""4"",""node"":""kwok-node-1""},{""name"":""rs-40-p4-xlhkw"",""cpu_m"":588,""mem_b"":435424760,""priority"":""4"",""node"":""kwok-node-24""},{""name"":""rs-41-p1-cmgc9"",""cpu_m"":525,""mem_b"":180843277,""priority"":""1"",""node"":""kwok-node-19""},{""name"":""rs-42-p4-w7x6t"",""cpu_m"":977,""mem_b"":139462573,""priority"":""4"",""node"":""kwok-node-8""},{""name"":""rs-43-p2-6thj9"",""cpu_m"":188,""mem_b"":258390900,""priority"":""2"",""node"":""kwok-node-22""},{""name"":""rs-43-p2-h96hh"",""cpu_m"":188,""mem_b"":258390900,""priority"":""2"",""node"":""kwok-node-12""},{""name"":""rs-43-p2-m2h89"",""cpu_m"":188,""mem_b"":258390900,""priority"":""2"",""node"":""kwok-node-18""},{""name"":""rs-43-p2-mg2q4"",""cpu_m"":188,""mem_b"":258390900,""priority"":""2"",""node"":""kwok-node-10""},{""name"":""rs-44-p2-bklzq"",""cpu_m"":942,""mem_b"":297642515,""priority"":""2"",""node"":""""},{""name"":""rs-44-p2-rdrgj"",""cpu_m"":942,""mem_b"":297642515,""priority"":""2"",""node"":""""},{""name"":""rs-44-p2-xgm2k"",""cpu_m"":942,""mem_b"":297642515,""priority"":""2"",""node"":""kwok-node-31""},{""name"":""rs-44-p2-xzw5k"",""cpu_m"":942,""mem_b"":297642515,""priority"":""2"",""node"":""""},{""name"":""rs-45-p3-5hx2f"",""cpu_m"":974,""mem_b"":294959929,""priority"":""3"",""node"":""""},{""name"":""rs-45-p3-cjhck"",""cpu_m"":974,""mem_b"":294959929,""priority"":""3"",""node"":""""},{""name"":""rs-45-p3-qwp6k"",""cpu_m"":974,""mem_b"":294959929,""priority"":""3"",""node"":""""},{""name"":""rs-46-p2-bsjzl"",""cpu_m"":715,""mem_b"":677687184,""priority"":""2"",""node"":""""},{""name"":""rs-46-p2-c2cbk"",""cpu_m"":715,""mem_b"":677687184,""priority"":""2"",""node"":""""},{""name"":""rs-46-p2-szg6j"",""cpu_m"":715,""mem_b"":677687184,""priority"":""2"",""node"":""""},{""name"":""rs-47-p1-fsclp"",""cpu_m"":253,""mem_b"":512506974,""priority"":""1"",""node"":""kwok-node-23""},{""name"":""rs-48-p3-hm5f8"",""cpu_m"":297,""mem_b"":155849423,""priority"":""3"",""node"":""kwok-node-16""},{""name"":""rs-48-p3-pzvgr"",""cpu_m"":297,""mem_b"":155849423,""priority"":""3"",""node"":""kwok-node-25""},{""name"":""rs-49-p4-7cc82"",""cpu_m"":939,""mem_b"":938977542,""priority"":""4"",""node"":""""},{""name"":""rs-49-p4-bgrrp"",""cpu_m"":939,""mem_b"":938977542,""priority"":""4"",""node"":""""},{""name"":""rs-50-p3-259pg"",""cpu_m"":759,""mem_b"":295683162,""priority"":""3"",""node"":""""},{""name"":""rs-50-p3-c2fwj"",""cpu_m"":759,""mem_b"":295683162,""priority"":""3"",""node"":""""},{""name"":""rs-50-p3-mhprb"",""cpu_m"":759,""mem_b"":295683162,""priority"":""3"",""node"":""""},{""name"":""rs-51-p4-4q528"",""cpu_m"":651,""mem_b"":323779886,""priority"":""4"",""node"":""""},{""name"":""rs-51-p4-5htdc"",""cpu_m"":651,""mem_b"":323779886,""priority"":""4"",""node"":""""},{""name"":""rs-51-p4-gtgcc"",""cpu_m"":651,""mem_b"":323779886,""priority"":""4"",""node"":""""},{""name"":""rs-52-p3-8zl4w"",""cpu_m"":587,""mem_b"":565829127,""priority"":""3"",""node"":""""},{""name"":""rs-53-p1-6qtlk"",""cpu_m"":641,""mem_b"":172547375,""priority"":""1"",""node"":""kwok-node-3""},{""name"":""rs-53-p1-bh78d"",""cpu_m"":641,""mem_b"":172547375,""priority"":""1"",""node"":""kwok-node-22""},{""name"":""rs-54-p1-rqrcp"",""cpu_m"":262,""mem_b"":933077509,""priority"":""1"",""node"":""""},{""name"":""rs-54-p1-sbfdt"",""cpu_m"":262,""mem_b"":933077509,""priority"":""1"",""node"":""""}]","[{""name"":""kwok-node-1"",""cap_cpu_m"":2042,""cap_mem_bytes"":1874967915},{""name"":""kwok-node-2"",""cap_cpu_m"":2042,""cap_mem_bytes"":1874967915},{""name"":""kwok-node-3"",""cap_cpu_m"":2042,""cap_mem_bytes"":1874967915},{""name"":""kwok-node-4"",""cap_cpu_m"":2042,""cap_mem_bytes"":1874967915},{""name"":""kwok-node-5"",""cap_cpu_m"":2042,""cap_mem_bytes"":1874967915},{""name"":""kwok-node-6"",""cap_cpu_m"":2042,""cap_mem_bytes"":1874967915},{""name"":""kwok-node-7"",""cap_cpu_m"":2042,""cap_mem_bytes"":1874967915},{""name"":""kwok-node-8"",""cap_cpu_m"":2042,""cap_mem_bytes"":1874967915},{""name"":""kwok-node-9"",""cap_cpu_m"":2042,""cap_mem_bytes"":1874967915},{""name"":""kwok-node-10"",""cap_cpu_m"":2042,""cap_mem_bytes"":1874967915},{""name"":""kwok-node-11"",""cap_cpu_m"":2042,""cap_mem_bytes"":1874967915},{""name"":""kwok-node-12"",""cap_cpu_m"":2042,""cap_mem_bytes"":1874967915},{""name"":""kwok-node-13"",""cap_cpu_m"":2042,""cap_mem_bytes"":1874967915},{""name"":""kwok-node-14"",""cap_cpu_m"":2042,""cap_mem_bytes"":1874967915},{""name"":""kwok-node-15"",""cap_cpu_m"":2042,""cap_mem_bytes"":1874967915},{""name"":""kwok-node-16"",""cap_cpu_m"":2042,""cap_mem_bytes"":1874967915},{""name"":""kwok-node-17"",""cap_cpu_m"":2042,""cap_mem_bytes"":1874967915},{""name"":""kwok-node-18"",""cap_cpu_m"":2042,""cap_mem_bytes"":1874967915},{""name"":""kwok-node-19"",""cap_cpu_m"":2042,""cap_mem_bytes"":1874967915},{""name"":""kwok-node-20"",""cap_cpu_m"":2042,""cap_mem_bytes"":1874967915},{""name"":""kwok-node-21"",""cap_cpu_m"":2042,""cap_mem_bytes"":1874967915},{""name"":""kwok-node-22"",""cap_cpu_m"":2042,""cap_mem_bytes"":1874967915},{""name"":""kwok-node-23"",""cap_cpu_m"":2042,""cap_mem_bytes"":1874967915},{""name"":""kwok-node-24"",""cap_cpu_m"":2042,""cap_mem_bytes"":1874967915},{""name"":""kwok-node-25"",""cap_cpu_m"":2042,""cap_mem_bytes"":1874967915},{""name"":""kwok-node-26"",""cap_cpu_m"":2042,""cap_mem_bytes"":1874967915},{""name"":""kwok-node-27"",""cap_cpu_m"":2042,""cap_mem_bytes"":1874967915},{""name"":""kwok-node-28"",""cap_cpu_m"":2042,""cap_mem_bytes"":1874967915},{""name"":""kwok-node-29"",""cap_cpu_m"":2042,""cap_mem_bytes"":1874967915},{""name"":""kwok-node-30"",""cap_cpu_m"":2042,""cap_mem_bytes"":1874967915},{""name"":""kwok-node-31"",""cap_cpu_m"":2042,""cap_mem_bytes"":1874967915},{""name"":""kwok-node-32"",""cap_cpu_m"":2042,""cap_mem_bytes"":1874967915}]"
2026/02/11/11:35:46,1431348066566932968,no improving solution from any solver,"{""evicted"":0,""moved"":0,""placed_by_priority"":{""1"":14,""2"":45,""3"":19,""4"":28}}",,,,,"[{""duration_ms"":1016,""name"":""python"",""score"":{""evicted"":9,""moved"":13,""placed_by_priority"":{""1"":6,""2"":54,""3"":21,""4"":33}},""status"":""UNKNOWN""}]",0.820,0.820,0.837,0.837,58099,58099,54365982192,54365982192,106,106,22,22,"{""kwok-node-1"":3,""kwok-node-10"":4,""kwok-node-11"":3,""kwok-node-12"":3,""kwok-node-13"":4,""kwok-node-14"":4,""kwok-node-15"":3,""kwok-node-16"":4,""kwok-node-17"":3,""kwok-node-18"":3,""kwok-node-19"":3,""kwok-node-2"":4,""kwok-node-20"":3,""kwok-node-21"":4,""kwok-node-22"":4,""kwok-node-23"":4,""kwok-node-24"":3,""kwok-node-25"":3,""kwok-node-26"":3,""kwok-node-27"":3,""kwok-node-28"":3,""kwok-node-29"":3,""kwok-node-3"":3,""kwok-node-30"":3,""kwok-node-31"":4,""kwok-node-32"":3,""kwok-node-4"":3,""kwok-node-5"":4,""kwok-node-6"":3,""kwok-node-7"":3,""kwok-node-8"":3,""kwok-node-9"":3}","{""kwok-node-1"":3,""kwok-node-10"":4,""kwok-node-11"":3,""kwok-node-12"":3,""kwok-node-13"":4,""kwok-node-14"":4,""kwok-node-15"":3,""kwok-node-16"":4,""kwok-node-17"":3,""kwok-node-18"":3,""kwok-node-19"":3,""kwok-node-2"":4,""kwok-node-20"":3,""kwok-node-21"":4,""kwok-node-22"":4,""kwok-node-23"":4,""kwok-node-24"":3,""kwok-node-25"":3,""kwok-node-26"":3,""kwok-node-27"":3,""kwok-node-28"":3,""kwok-node-29"":3,""kwok-node-3"":3,""kwok-node-30"":3,""kwok-node-31"":4,""kwok-node-32"":3,""kwok-node-4"":3,""kwok-node-5"":4,""kwok-node-6"":3,""kwok-node-7"":3,""kwok-node-8"":3,""kwok-node-9"":3}","{""p1"":14,""p2"":45,""p3"":19,""p4"":28}","{""p1"":14,""p2"":45,""p3"":19,""p4"":28}","{""p1"":6,""p2"":9,""p3"":2,""p4"":5}","{""p1"":6,""p2"":9,""p3"":2,""p4"":5}","{rs-34-p4-jxkjb,rs-34-p4-kxnbs,rs-35-p2-6gqm9,rs-35-p2-kbwp4,rs-39-p1-qd4nd,rs-41-p2-644jh,rs-41-p2-n8fh6,rs-41-p2-pvlhl,rs-44-p2-dl76z,rs-44-p2-f7dv5,rs-44-p2-g6hfh,rs-44-p2-mnfgj,rs-45-p3-4t54k,rs-45-p3-99zts,rs-46-p1-8b8st,rs-46-p1-jrxfs,rs-46-p1-zcwd6,rs-47-p1-9626m,rs-48-p4-k8dg9,rs-49-p4-hfpr9,rs-49-p4-vpxlz,rs-50-p1-cm4w9}","{rs-34-p4-jxkjb,rs-34-p4-kxnbs,rs-35-p2-6gqm9,rs-35-p2-kbwp4,rs-39-p1-qd4nd,rs-41-p2-644jh,rs-41-p2-n8fh6,rs-41-p2-pvlhl,rs-44-p2-dl76z,rs-44-p2-f7dv5,rs-44-p2-g6hfh,rs-44-p2-mnfgj,rs-45-p3-4t54k,rs-45-p3-99zts,rs-46-p1-8b8st,rs-46-p1-jrxfs,rs-46-p1-zcwd6,rs-47-p1-9626m,rs-48-p4-k8dg9,rs-49-p4-hfpr9,rs-49-p4-vpxlz,rs-50-p1-cm4w9}","{rs-01-p4-5zs75,rs-01-p4-8g5c8,rs-01-p4-dhcjq,rs-01-p4-zlsz7,rs-02-p2-ffkgk,rs-02-p2-gmcp7,rs-02-p2-htp48,rs-02-p2-pnxmq,rs-03-p4-tlgvw,rs-04-p4-2xrlc,rs-04-p4-cwnhl,rs-04-p4-mchz5,rs-04-p4-wfrph,rs-05-p3-2724v,rs-05-p3-5mmwj,rs-06-p3-4mwqb,rs-06-p3-qpd67,rs-06-p3-wlnjh,rs-07-p2-4b9pw,rs-07-p2-628s7,rs-08-p2-ck56g,rs-08-p2-f9r2w,rs-08-p2-h2dft,rs-08-p2-njddz,rs-09-p4-2z7gg,rs-10-p2-m6nrd,rs-10-p2-pztdq,rs-11-p4-6rjkg,rs-11-p4-8768h,rs-12-p2-5mj6g,rs-12-p2-rhr2c,rs-12-p2-vzlzl,rs-12-p2-xvjh7,rs-13-p2-b7fkw,rs-13-p2-p6fjt,rs-14-p1-5kz96,rs-14-p1-mgdg2,rs-14-p1-ntwlh,rs-14-p1-szmrv,rs-15-p4-2p9d5,rs-15-p4-5frxv,rs-15-p4-grlpm,rs-15-p4-z84k9,rs-16-p3-7p2cp,rs-16-p3-mzbbj,rs-16-p3-q7nwv,rs-16-p3-qqp54,rs-17-p2-gl4tc,rs-17-p2-w7hmv,rs-18-p4-f79hn,rs-18-p4-wrbv4,rs-19-p3-r926n,rs-19-p3-wflb6,rs-20-p1-bsh57,rs-20-p1-nrtzh,rs-20-p1-s96vm,rs-21-p2-f8tpp,rs-22-p4-bbr5x,rs-22-p4-mkr4c,rs-22-p4-p6dpt,rs-22-p4-wcnth,rs-23-p2-dp27h,rs-23-p2-jvq27,rs-23-p2-pxcks,rs-24-p3-6wbx4,rs-25-p4-9q6lb,rs-25-p4-b8jqq,rs-25-p4-gzlxf,rs-26-p2-4xhjj,rs-27-p4-2fw7b,rs-28-p2-7lpqv,rs-28-p2-pjxtm,rs-28-p2-vnnb8,rs-28-p2-zk65w,rs-29-p3-8djgr,rs-29-p3-k79hs,rs-29-p3-qd96k,rs-29-p3-qrxsj,rs-30-p2-968c4,rs-30-p2-bqrmk,rs-30-p2-zr2l4,rs-31-p3-n6qlr,rs-31-p3-pdsf7,rs-32-p1-7c2rw,rs-32-p1-gszqn,rs-32-p1-q4jld,rs-33-p2-bdw8k,rs-33-p2-ljbhg,rs-34-p4-nw4wr,rs-34-p4-wznwk,rs-36-p3-jnlbp,rs-37-p1-2hp9f,rs-38-p1-784gp,rs-38-p1-jhcz9,rs-40-p2-2bzh6,rs-40-p2-9rslb,rs-40-p2-x22nn,rs-42-p2-56cxp,rs-42-p2-6zzf5,rs-42-p2-892jh,rs-42-p2-nqlqp,rs-43-p2-cskmb,rs-43-p2-gdk76,rs-43-p2-nrbws,rs-43-p2-wfcl7,rs-46-p1-pv9l9}","{rs-01-p4-5zs75,rs-01-p4-8g5c8,rs-01-p4-dhcjq,rs-01-p4-zlsz7,rs-02-p2-ffkgk,rs-02-p2-gmcp7,rs-02-p2-htp48,rs-02-p2-pnxmq,rs-03-p4-tlgvw,rs-04-p4-2xrlc,rs-04-p4-cwnhl,rs-04-p4-mchz5,rs-04-p4-wfrph,rs-05-p3-2724v,rs-05-p3-5mmwj,rs-06-p3-4mwqb,rs-06-p3-qpd67,rs-06-p3-wlnjh,rs-07-p2-4b9pw,rs-07-p2-628s7,rs-08-p2-ck56g,rs-08-p2-f9r2w,rs-08-p2-h2dft,rs-08-p2-njddz,rs-09-p4-2z7gg,rs-10-p2-m6nrd,rs-10-p2-pztdq,rs-11-p4-6rjkg,rs-11-p4-8768h,rs-12-p2-5mj6g,rs-12-p2-rhr2c,rs-12-p2-vzlzl,rs-12-p2-xvjh7,rs-13-p2-b7fkw,rs-13-p2-p6fjt,rs-14-p1-5kz96,rs-14-p1-mgdg2,rs-14-p1-ntwlh,rs-14-p1-szmrv,rs-15-p4-2p9d5,rs-15-p4-5frxv,rs-15-p4-grlpm,rs-15-p4-z84k9,rs-16-p3-7p2cp,rs-16-p3-mzbbj,rs-16-p3-q7nwv,rs-16-p3-qqp54,rs-17-p2-gl4tc,rs-17-p2-w7hmv,rs-18-p4-f79hn,rs-18-p4-wrbv4,rs-19-p3-r926n,rs-19-p3-wflb6,rs-20-p1-bsh57,rs-20-p1-nrtzh,rs-20-p1-s96vm,rs-21-p2-f8tpp,rs-22-p4-bbr5x,rs-22-p4-mkr4c,rs-22-p4-p6dpt,rs-22-p4-wcnth,rs-23-p2-dp27h,rs-23-p2-jvq27,rs-23-p2-pxcks,rs-24-p3-6wbx4,rs-25-p4-9q6lb,rs-25-p4-b8jqq,rs-25-p4-gzlxf,rs-26-p2-4xhjj,rs-27-p4-2fw7b,rs-28-p2-7lpqv,rs-28-p2-pjxtm,rs-28-p2-vnnb8,rs-28-p2-zk65w,rs-29-p3-8djgr,rs-29-p3-k79hs,rs-29-p3-qd96k,rs-29-p3-qrxsj,rs-30-p2-968c4,rs-30-p2-bqrmk,rs-30-p2-zr2l4,rs-31-p3-n6qlr,rs-31-p3-pdsf7,rs-32-p1-7c2rw,rs-32-p1-gszqn,rs-32-p1-q4jld,rs-33-p2-bdw8k,rs-33-p2-ljbhg,rs-34-p4-nw4wr,rs-34-p4-wznwk,rs-36-p3-jnlbp,rs-37-p1-2hp9f,rs-38-p1-784gp,rs-38-p1-jhcz9,rs-40-p2-2bzh6,rs-40-p2-9rslb,rs-40-p2-x22nn,rs-42-p2-56cxp,rs-42-p2-6zzf5,rs-42-p2-892jh,rs-42-p2-nqlqp,rs-43-p2-cskmb,rs-43-p2-gdk76,rs-43-p2-nrbws,rs-43-p2-wfcl7,rs-46-p1-pv9l9}","[{""name"":""rs-01-p4-5zs75"",""cpu_m"":774,""mem_b"":581914977,""priority"":""4"",""node"":""kwok-node-16""},{""name"":""rs-01-p4-8g5c8"",""cpu_m"":774,""mem_b"":581914977,""priority"":""4"",""node"":""kwok-node-14""},{""name"":""rs-01-p4-dhcjq"",""cpu_m"":774,""mem_b"":581914977,""priority"":""4"",""node"":""kwok-node-11""},{""name"":""rs-01-p4-zlsz7"",""cpu_m"":774,""mem_b"":581914977,""priority"":""4"",""node"":""kwok-node-10""},{""name"":""rs-02-p2-ffkgk"",""cpu_m"":367,""mem_b"":717865051,""priority"":""2"",""node"":""kwok-node-12""},{""name"":""rs-02-p2-gmcp7"",""cpu_m"":367,""mem_b"":717865051,""priority"":""2"",""node"":""kwok-node-17""},{""name"":""rs-02-p2-htp48"",""cpu_m"":367,""mem_b"":717865051,""priority"":""2"",""node"":""kwok-node-13""},{""name"":""rs-02-p2-pnxmq"",""cpu_m"":367,""mem_b"":717865051,""priority"":""2"",""node"":""kwok-node-15""},{""name"":""rs-03-p4-tlgvw"",""cpu_m"":514,""mem_b"":792626342,""priority"":""4"",""node"":""kwok-node-21""},{""name"":""rs-04-p4-2xrlc"",""cpu_m"":659,""mem_b"":775694158,""priority"":""4"",""node"":""kwok-node-23""},{""name"":""rs-04-p4-cwnhl"",""cpu_m"":659,""mem_b"":775694158,""priority"":""4"",""node"":""kwok-node-22""},{""name"":""rs-04-p4-mchz5"",""cpu_m"":659,""mem_b"":775694158,""priority"":""4"",""node"":""kwok-node-1""},{""name"":""rs-04-p4-wfrph"",""cpu_m"":659,""mem_b"":775694158,""priority"":""4"",""node"":""kwok-node-20""},{""name"":""rs-05-p3-2724v"",""cpu_m"":452,""mem_b"":562735354,""priority"":""3"",""node"":""kwok-node-18""},{""name"":""rs-05-p3-5mmwj"",""cpu_m"":452,""mem_b"":562735354,""priority"":""3"",""node"":""kwok-node-19""},{""name"":""rs-06-p3-4mwqb"",""cpu_m"":642,""mem_b"":186578870,""priority"":""3"",""node"":""kwok-node-17""},{""name"":""rs-06-p3-qpd67"",""cpu_m"":642,""mem_b"":186578870,""priority"":""3"",""node"":""kwok-node-2""},{""name"":""rs-06-p3-wlnjh"",""cpu_m"":642,""mem_b"":186578870,""priority"":""3"",""node"":""kwok-node-12""},{""name"":""rs-07-p2-4b9pw"",""cpu_m"":993,""mem_b"":697035011,""priority"":""2"",""node"":""kwok-node-24""},{""name"":""rs-07-p2-628s7"",""cpu_m"":993,""mem_b"":697035011,""priority"":""2"",""node"":""kwok-node-25""},{""name"":""rs-08-p2-ck56g"",""cpu_m"":565,""mem_b"":658044346,""priority"":""2"",""node"":""kwok-node-3""},{""name"":""rs-08-p2-f9r2w"",""cpu_m"":565,""mem_b"":658044346,""priority"":""2"",""node"":""kwok-node-29""},{""name"":""rs-08-p2-h2dft"",""cpu_m"":565,""mem_b"":658044346,""priority"":""2"",""node"":""kwok-node-26""},{""name"":""rs-08-p2-njddz"",""cpu_m"":565,""mem_b"":658044346,""priority"":""2"",""node"":""kwok-node-28""},{""name"":""rs-09-p4-2z7gg"",""cpu_m"":835,""mem_b"":489466403,""priority"":""4"",""node"":""kwok-node-27""},{""name"":""rs-10-p2-m6nrd"",""cpu_m"":508,""mem_b"":310751562,""priority"":""2"",""node"":""kwok-node-30""},{""name"":""rs-10-p2-pztdq"",""cpu_m"":508,""mem_b"":310751562,""priority"":""2"",""node"":""kwok-node-19""},{""name"":""rs-11-p4-6rjkg"",""cpu_m"":341,""mem_b"":751762184,""priority"":""4"",""node"":""kwok-node-2""},{""name"":""rs-11-p4-8768h"",""cpu_m"":341,""mem_b"":751762184,""priority"":""4"",""node"":""kwok-node-30""},{""name"":""rs-12-p2-5mj6g"",""cpu_m"":456,""mem_b"":154287688,""priority"":""2"",""node"":""kwok-node-6""},{""name"":""rs-12-p2-rhr2c"",""cpu_m"":456,""mem_b"":154287688,""priority"":""2"",""node"":""kwok-node-4""},{""name"":""rs-12-p2-vzlzl"",""cpu_m"":456,""mem_b"":154287688,""priority"":""2"",""node"":""kwok-node-5""},{""name"":""rs-12-p2-xvjh7"",""cpu_m"":456,""mem_b"":154287688,""priority"":""2"",""node"":""kwok-node-31""},{""name"":""rs-13-p2-b7fkw"",""cpu_m"":931,""mem_b"":244572367,""priority"":""2"",""node"":""kwok-node-8""},{""name"":""rs-13-p2-p6fjt"",""cpu_m"":931,""mem_b"":244572367,""priority"":""2"",""node"":""kwok-node-7""},{""name"":""rs-14-p1-5kz96"",""cpu_m"":489,""mem_b"":454079587,""priority"":""1"",""node"":""kwok-node-9""},{""name"":""rs-14-p1-mgdg2"",""cpu_m"":489,""mem_b"":454079587,""priority"":""1"",""node"":""kwok-node-32""},{""name"":""rs-14-p1-ntwlh"",""cpu_m"":489,""mem_b"":454079587,""priority"":""1"",""node"":""kwok-node-5""},{""name"":""rs-14-p1-szmrv"",""cpu_m"":489,""mem_b"":454079587,""priority"":""1"",""node"":""kwok-node-31""},{""name"":""rs-15-p4-2p9d5"",""cpu_m"":788,""mem_b"":954295301,""priority"":""4"",""node"":""kwok-node-4""},{""name"":""rs-15-p4-5frxv"",""cpu_m"":788,""mem_b"":954295301,""priority"":""4"",""node"":""kwok-node-9""},{""name"":""rs-15-p4-grlpm"",""cpu_m"":788,""mem_b"":954295301,""priority"":""4"",""node"":""kwok-node-6""},{""name"":""rs-15-p4-z84k9"",""cpu_m"":788,""mem_b"":954295301,""priority"":""4"",""node"":""kwok-node-32""},{""name"":""rs-16-p3-7p2cp"",""cpu_m"":905,""mem_b"":771497427,""priority"":""3"",""node"":""kwok-node-28""},{""name"":""rs-16-p3-mzbbj"",""cpu_m"":905,""mem_b"":771497427,""priority"":""3"",""node"":""kwok-node-18""},{""name"":""rs-16-p3-q7nwv"",""cpu_m"":905,""mem_b"":771497427,""priority"":""3"",""node"":""kwok-node-29""},{""name"":""rs-16-p3-qqp54"",""cpu_m"":905,""mem_b"":771497427,""priority"":""3"",""node"":""kwok-node-26""},{""name"":""rs-17-p2-gl4tc"",""cpu_m"":714,""mem_b"":507423783,""priority"":""2"",""node"":""kwok-node-3""},{""name"":""rs-17-p2-w7hmv"",""cpu_m"":714,""mem_b"":507423783,""priority"":""2"",""node"":""kwok-node-15""},{""name"":""rs-18-p4-f79hn"",""cpu_m"":136,""mem_b"":225010773,""priority"":""4"",""node"":""kwok-node-14""},{""name"":""rs-18-p4-wrbv4"",""cpu_m"":136,""mem_b"":225010773,""priority"":""4"",""node"":""kwok-node-16""},{""name"":""rs-19-p3-r926n"",""cpu_m"":329,""mem_b"":396314658,""priority"":""3"",""node"":""kwok-node-11""},{""name"":""rs-19-p3-wflb6"",""cpu_m"":329,""mem_b"":396314658,""priority"":""3"",""node"":""kwok-node-10""},{""name"":""rs-20-p1-bsh57"",""cpu_m"":446,""mem_b"":974351935,""priority"":""1"",""node"":""kwok-node-27""},{""name"":""rs-20-p1-nrtzh"",""cpu_m"":446,""mem_b"":974351935,""priority"":""1"",""node"":""kwok-node-8""},{""name"":""rs-20-p1-s96vm"",""cpu_m"":446,""mem_b"":974351935,""priority"":""1"",""node"":""kwok-node-7""},{""name"":""rs-21-p2-f8tpp"",""cpu_m"":183,""mem_b"":849832387,""priority"":""2"",""node"":""kwok-node-5""},{""name"":""rs-22-p4-bbr5x"",""cpu_m"":581,""mem_b"":131888286,""priority"":""4"",""node"":""kwok-node-23""},{""name"":""rs-22-p4-mkr4c"",""cpu_m"":581,""mem_b"":131888286,""priority"":""4"",""node"":""kwok-node-13""},{""name"":""rs-22-p4-p6dpt"",""cpu_m"":581,""mem_b"":131888286,""priority"":""4"",""node"":""kwok-node-20""},{""name"":""rs-22-p4-wcnth"",""cpu_m"":581,""mem_b"":131888286,""priority"":""4"",""node"":""kwok-node-21""},{""name"":""rs-23-p2-dp27h"",""cpu_m"":150,""mem_b"":395580881,""priority"":""2"",""node"":""kwok-node-25""},{""name"":""rs-23-p2-jvq27"",""cpu_m"":150,""mem_b"":395580881,""priority"":""2"",""node"":""kwok-node-31""},{""name"":""rs-23-p2-pxcks"",""cpu_m"":150,""mem_b"":395580881,""priority"":""2"",""node"":""kwok-node-24""},{""name"":""rs-24-p3-6wbx4"",""cpu_m"":716,""mem_b"":377552053,""priority"":""3"",""node"":""kwok-node-1""},{""name"":""rs-25-p4-9q6lb"",""cpu_m"":452,""mem_b"":367816038,""priority"":""4"",""node"":""kwok-node-14""},{""name"":""rs-25-p4-b8jqq"",""cpu_m"":452,""mem_b"":367816038,""priority"":""4"",""node"":""kwok-node-22""},{""name"":""rs-25-p4-gzlxf"",""cpu_m"":452,""mem_b"":367816038,""priority"":""4"",""node"":""kwok-node-16""},{""name"":""rs-26-p2-4xhjj"",""cpu_m"":824,""mem_b"":753209263,""priority"":""2"",""node"":""kwok-node-19""},{""name"":""rs-27-p4-2fw7b"",""cpu_m"":997,""mem_b"":408648086,""priority"":""4"",""node"":""kwok-node-30""},{""name"":""rs-28-p2-7lpqv"",""cpu_m"":322,""mem_b"":841620189,""priority"":""2"",""node"":""kwok-node-13""},{""name"":""rs-28-p2-pjxtm"",""cpu_m"":322,""mem_b"":841620189,""priority"":""2"",""node"":""kwok-node-12""},{""name"":""rs-28-p2-vnnb8"",""cpu_m"":322,""mem_b"":841620189,""priority"":""2"",""node"":""kwok-node-17""},{""name"":""rs-28-p2-zk65w"",""cpu_m"":322,""mem_b"":841620189,""priority"":""2"",""node"":""kwok-node-20""},{""name"":""rs-29-p3-8djgr"",""cpu_m"":330,""mem_b"":485003180,""priority"":""3"",""node"":""kwok-node-23""},{""name"":""rs-29-p3-k79hs"",""cpu_m"":330,""mem_b"":485003180,""priority"":""3"",""node"":""kwok-node-2""},{""name"":""rs-29-p3-qd96k"",""cpu_m"":330,""mem_b"":485003180,""priority"":""3"",""node"":""kwok-node-21""},{""name"":""rs-29-p3-qrxsj"",""cpu_m"":330,""mem_b"":485003180,""priority"":""3"",""node"":""kwok-node-10""},{""name"":""rs-30-p2-968c4"",""cpu_m"":896,""mem_b"":216133011,""priority"":""2"",""node"":""kwok-node-11""},{""name"":""rs-30-p2-bqrmk"",""cpu_m"":896,""mem_b"":216133011,""priority"":""2"",""node"":""kwok-node-15""},{""name"":""rs-30-p2-zr2l4"",""cpu_m"":896,""mem_b"":216133011,""priority"":""2"",""node"":""kwok-node-31""},{""name"":""rs-31-p3-n6qlr"",""cpu_m"":980,""mem_b"":772882628,""priority"":""3"",""node"":""kwok-node-25""},{""name"":""rs-31-p3-pdsf7"",""cpu_m"":980,""mem_b"":772882628,""priority"":""3"",""node"":""kwok-node-24""},{""name"":""rs-32-p1-7c2rw"",""cpu_m"":709,""mem_b"":234866842,""priority"":""1"",""node"":""kwok-node-22""},{""name"":""rs-32-p1-gszqn"",""cpu_m"":709,""mem_b"":234866842,""priority"":""1"",""node"":""kwok-node-4""},{""name"":""rs-32-p1-q4jld"",""cpu_m"":709,""mem_b"":234866842,""priority"":""1"",""node"":""kwok-node-5""},{""name"":""rs-33-p2-bdw8k"",""cpu_m"":575,""mem_b"":306573096,""priority"":""2"",""node"":""kwok-node-3""},{""name"":""rs-33-p2-ljbhg"",""cpu_m"":575,""mem_b"":306573096,""priority"":""2"",""node"":""kwok-node-6""},{""name"":""rs-34-p4-jxkjb"",""cpu_m"":846,""mem_b"":761910597,""priority"":""4"",""node"":""""},{""name"":""rs-34-p4-kxnbs"",""cpu_m"":846,""mem_b"":761910597,""priority"":""4"",""node"":""""},{""name"":""rs-34-p4-nw4wr"",""cpu_m"":846,""mem_b"":761910597,""priority"":""4"",""node"":""kwok-node-14""},{""name"":""rs-34-p4-wznwk"",""cpu_m"":846,""mem_b"":761910597,""priority"":""4"",""node"":""kwok-node-16""},{""name"":""rs-35-p2-6gqm9"",""cpu_m"":977,""mem_b"":725289045,""priority"":""2"",""node"":""""},{""name"":""rs-35-p2-kbwp4"",""cpu_m"":977,""mem_b"":725289045,""priority"":""2"",""node"":""""},{""name"":""rs-36-p3-jnlbp"",""cpu_m"":451,""mem_b"":150858090,""priority"":""3"",""node"":""kwok-node-9""},{""name"":""rs-37-p1-2hp9f"",""cpu_m"":234,""mem_b"":558430425,""priority"":""1"",""node"":""kwok-node-1""},{""name"":""rs-38-p1-784gp"",""cpu_m"":898,""mem_b"":188043897,""priority"":""1"",""node"":""kwok-node-13""},{""name"":""rs-38-p1-jhcz9"",""cpu_m"":898,""mem_b"":188043897,""priority"":""1"",""node"":""kwok-node-32""},{""name"":""rs-39-p1-qd4nd"",""cpu_m"":983,""mem_b"":474517181,""priority"":""1"",""node"":""""},{""name"":""rs-40-p2-2bzh6"",""cpu_m"":277,""mem_b"":406092201,""priority"":""2"",""node"":""kwok-node-8""},{""name"":""rs-40-p2-9rslb"",""cpu_m"":277,""mem_b"":406092201,""priority"":""2"",""node"":""kwok-node-7""},{""name"":""rs-40-p2-x22nn"",""cpu_m"":277,""mem_b"":406092201,""priority"":""2"",""node"":""kwok-node-18""},{""name"":""rs-41-p2-644jh"",""cpu_m"":296,""mem_b"":758904309,""priority"":""2"",""node"":""""},{""name"":""rs-41-p2-n8fh6"",""cpu_m"":296,""mem_b"":758904309,""priority"":""2"",""node"":""""},{""name"":""rs-41-p2-pvlhl"",""cpu_m"":296,""mem_b"":758904309,""priority"":""2"",""node"":""""},{""name"":""rs-42-p2-56cxp"",""cpu_m"":153,""mem_b"":497136077,""priority"":""2"",""node"":""kwok-node-26""},{""name"":""rs-42-p2-6zzf5"",""cpu_m"":153,""mem_b"":497136077,""priority"":""2"",""node"":""kwok-node-21""},{""name"":""rs-42-p2-892jh"",""cpu_m"":153,""mem_b"":497136077,""priority"":""2"",""node"":""kwok-node-22""},{""name"":""rs-42-p2-nqlqp"",""cpu_m"":153,""mem_b"":497136077,""priority"":""2"",""node"":""kwok-node-23""},{""name"":""rs-43-p2-cskmb"",""cpu_m"":282,""mem_b"":394134116,""priority"":""2"",""node"":""kwok-node-27""},{""name"":""rs-43-p2-gdk76"",""cpu_m"":282,""mem_b"":394134116,""priority"":""2"",""node"":""kwok-node-29""},{""name"":""rs-43-p2-nrbws"",""cpu_m"":282,""mem_b"":394134116,""priority"":""2"",""node"":""kwok-node-2""},{""name"":""rs-43-p2-wfcl7"",""cpu_m"":282,""mem_b"":394134116,""priority"":""2"",""node"":""kwok-node-28""},{""name"":""rs-44-p2-dl76z"",""cpu_m"":896,""mem_b"":587956841,""priority"":""2"",""node"":""""},{""name"":""rs-44-p2-f7dv5"",""cpu_m"":896,""mem_b"":587956841,""priority"":""2"",""node"":""""},{""name"":""rs-44-p2-g6hfh"",""cpu_m"":896,""mem_b"":587956841,""priority"":""2"",""node"":""""},{""name"":""rs-44-p2-mnfgj"",""cpu_m"":896,""mem_b"":587956841,""priority"":""2"",""node"":""""},{""name"":""rs-45-p3-4t54k"",""cpu_m"":887,""mem_b"":401145537,""priority"":""3"",""node"":""""},{""name"":""rs-45-p3-99zts"",""cpu_m"":887,""mem_b"":401145537,""priority"":""3"",""node"":""""},{""name"":""rs-46-p1-8b8st"",""cpu_m"":539,""mem_b"":521226457,""priority"":""1"",""node"":""""},{""name"":""rs-46-p1-jrxfs"",""cpu_m"":539,""mem_b"":521226457,""priority"":""1"",""node"":""""},{""name"":""rs-46-p1-pv9l9"",""cpu_m"":539,""mem_b"":521226457,""priority"":""1"",""node"":""kwok-node-10""},{""name"":""rs-46-p1-zcwd6"",""cpu_m"":539,""mem_b"":521226457,""priority"":""1"",""node"":""""},{""name"":""rs-47-p1-9626m"",""cpu_m"":676,""mem_b"":888710520,""priority"":""1"",""node"":""""},{""name"":""rs-48-p4-k8dg9"",""cpu_m"":691,""mem_b"":564863378,""priority"":""4"",""node"":""""},{""name"":""rs-49-p4-hfpr9"",""cpu_m"":963,""mem_b"":687225787,""priority"":""4"",""node"":""""},{""name"":""rs-49-p4-vpxlz"",""cpu_m"":963,""mem_b"":687225787,""priority"":""4"",""node"":""""},{""name"":""rs-50-p1-cm4w9"",""cpu_m"":475,""mem_b"":536140542,""priority"":""1"",""node"":""""}]","[{""name"":""rs-01-p4-5zs75"",""cpu_m"":774,""mem_b"":581914977,""priority"":""4"",""node"":""kwok-node-16""},{""name"":""rs-01-p4-8g5c8"",""cpu_m"":774,""mem_b"":581914977,""priority"":""4"",""node"":""kwok-node-14""},{""name"":""rs-01-p4-dhcjq"",""cpu_m"":774,""mem_b"":581914977,""priority"":""4"",""node"":""kwok-node-11""},{""name"":""rs-01-p4-zlsz7"",""cpu_m"":774,""mem_b"":581914977,""priority"":""4"",""node"":""kwok-node-10""},{""name"":""rs-02-p2-ffkgk"",""cpu_m"":367,""mem_b"":717865051,""priority"":""2"",""node"":""kwok-node-12""},{""name"":""rs-02-p2-gmcp7"",""cpu_m"":367,""mem_b"":717865051,""priority"":""2"",""node"":""kwok-node-17""},{""name"":""rs-02-p2-htp48"",""cpu_m"":367,""mem_b"":717865051,""priority"":""2"",""node"":""kwok-node-13""},{""name"":""rs-02-p2-pnxmq"",""cpu_m"":367,""mem_b"":717865051,""priority"":""2"",""node"":""kwok-node-15""},{""name"":""rs-03-p4-tlgvw"",""cpu_m"":514,""mem_b"":792626342,""priority"":""4"",""node"":""kwok-node-21""},{""name"":""rs-04-p4-2xrlc"",""cpu_m"":659,""mem_b"":775694158,""priority"":""4"",""node"":""kwok-node-23""},{""name"":""rs-04-p4-cwnhl"",""cpu_m"":659,""mem_b"":775694158,""priority"":""4"",""node"":""kwok-node-22""},{""name"":""rs-04-p4-mchz5"",""cpu_m"":659,""mem_b"":775694158,""priority"":""4"",""node"":""kwok-node-1""},{""name"":""rs-04-p4-wfrph"",""cpu_m"":659,""mem_b"":775694158,""priority"":""4"",""node"":""kwok-node-20""},{""name"":""rs-05-p3-2724v"",""cpu_m"":452,""mem_b"":562735354,""priority"":""3"",""node"":""kwok-node-18""},{""name"":""rs-05-p3-5mmwj"",""cpu_m"":452,""mem_b"":562735354,""priority"":""3"",""node"":""kwok-node-19""},{""name"":""rs-06-p3-4mwqb"",""cpu_m"":642,""mem_b"":186578870,""priority"":""3"",""node"":""kwok-node-17""},{""name"":""rs-06-p3-qpd67"",""cpu_m"":642,""mem_b"":186578870,""priority"":""3"",""node"":""kwok-node-2""},{""name"":""rs-06-p3-wlnjh"",""cpu_m"":642,""mem_b"":186578870,""priority"":""3"",""node"":""kwok-node-12""},{""name"":""rs-07-p2-4b9pw"",""cpu_m"":993,""mem_b"":697035011,""priority"":""2"",""node"":""kwok-node-24""},{""name"":""rs-07-p2-628s7"",""cpu_m"":993,""mem_b"":697035011,""priority"":""2"",""node"":""kwok-node-25""},{""name"":""rs-08-p2-ck56g"",""cpu_m"":565,""mem_b"":658044346,""priority"":""2"",""node"":""kwok-node-3""},{""name"":""rs-08-p2-f9r2w"",""cpu_m"":565,""mem_b"":658044346,""priority"":""2"",""node"":""kwok-node-29""},{""name"":""rs-08-p2-h2dft"",""cpu_m"":565,""mem_b"":658044346,""priority"":""2"",""node"":""kwok-node-26""},{""name"":""rs-08-p2-njddz"",""cpu_m"":565,""mem_b"":658044346,""priority"":""2"",""node"":""kwok-node-28""},{""name"":""rs-09-p4-2z7gg"",""cpu_m"":835,""mem_b"":489466403,""priority"":""4"",""node"":""kwok-node-27""},{""name"":""rs-10-p2-m6nrd"",""cpu_m"":508,""mem_b"":310751562,""priority"":""2"",""node"":""kwok-node-30""},{""name"":""rs-10-p2-pztdq"",""cpu_m"":508,""mem_b"":310751562,""priority"":""2"",""node"":""kwok-node-19""},{""name"":""rs-11-p4-6rjkg"",""cpu_m"":341,""mem_b"":751762184,""priority"":""4"",""node"":""kwok-node-2""},{""name"":""rs-11-p4-8768h"",""cpu_m"":341,""mem_b"":751762184,""priority"":""4"",""node"":""kwok-node-30""},{""name"":""rs-12-p2-5mj6g"",""cpu_m"":456,""mem_b"":154287688,""priority"":""2"",""node"":""kwok-node-6""},{""name"":""rs-12-p2-rhr2c"",""cpu_m"":456,""mem_b"":154287688,""priority"":""2"",""node"":""kwok-node-4""},{""name"":""rs-12-p2-vzlzl"",""cpu_m"":456,""mem_b"":154287688,""priority"":""2"",""node"":""kwok-node-5""},{""name"":""rs-12-p2-xvjh7"",""cpu_m"":456,""mem_b"":154287688,""priority"":""2"",""node"":""kwok-node-31""},{""name"":""rs-13-p2-b7fkw"",""cpu_m"":931,""mem_b"":244572367,""priority"":""2"",""node"":""kwok-node-8""},{""name"":""rs-13-p2-p6fjt"",""cpu_m"":931,""mem_b"":244572367,""priority"":""2"",""node"":""kwok-node-7""},{""name"":""rs-14-p1-5kz96"",""cpu_m"":489,""mem_b"":454079587,""priority"":""1"",""node"":""kwok-node-9""},{""name"":""rs-14-p1-mgdg2"",""cpu_m"":489,""mem_b"":454079587,""priority"":""1"",""node"":""kwok-node-32""},{""name"":""rs-14-p1-ntwlh"",""cpu_m"":489,""mem_b"":454079587,""priority"":""1"",""node"":""kwok-node-5""},{""name"":""rs-14-p1-szmrv"",""cpu_m"":489,""mem_b"":454079587,""priority"":""1"",""node"":""kwok-node-31""},{""name"":""rs-15-p4-2p9d5"",""cpu_m"":788,""mem_b"":954295301,""priority"":""4"",""node"":""kwok-node-4""},{""name"":""rs-15-p4-5frxv"",""cpu_m"":788,""mem_b"":954295301,""priority"":""4"",""node"":""kwok-node-9""},{""name"":""rs-15-p4-grlpm"",""cpu_m"":788,""mem_b"":954295301,""priority"":""4"",""node"":""kwok-node-6""},{""name"":""rs-15-p4-z84k9"",""cpu_m"":788,""mem_b"":954295301,""priority"":""4"",""node"":""kwok-node-32""},{""name"":""rs-16-p3-7p2cp"",""cpu_m"":905,""mem_b"":771497427,""priority"":""3"",""node"":""kwok-node-28""},{""name"":""rs-16-p3-mzbbj"",""cpu_m"":905,""mem_b"":771497427,""priority"":""3"",""node"":""kwok-node-18""},{""name"":""rs-16-p3-q7nwv"",""cpu_m"":905,""mem_b"":771497427,""priority"":""3"",""node"":""kwok-node-29""},{""name"":""rs-16-p3-qqp54"",""cpu_m"":905,""mem_b"":771497427,""priority"":""3"",""node"":""kwok-node-26""},{""name"":""rs-17-p2-gl4tc"",""cpu_m"":714,""mem_b"":507423783,""priority"":""2"",""node"":""kwok-node-3""},{""name"":""rs-17-p2-w7hmv"",""cpu_m"":714,""mem_b"":507423783,""priority"":""2"",""node"":""kwok-node-15""},{""name"":""rs-18-p4-f79hn"",""cpu_m"":136,""mem_b"":225010773,""priority"":""4"",""node"":""kwok-node-14""},{""name"":""rs-18-p4-wrbv4"",""cpu_m"":136,""mem_b"":225010773,""priority"":""4"",""node"":""kwok-node-16""},{""name"":""rs-19-p3-r926n"",""cpu_m"":329,""mem_b"":396314658,""priority"":""3"",""node"":""kwok-node-11""},{""name"":""rs-19-p3-wflb6"",""cpu_m"":329,""mem_b"":396314658,""priority"":""3"",""node"":""kwok-node-10""},{""name"":""rs-20-p1-bsh57"",""cpu_m"":446,""mem_b"":974351935,""priority"":""1"",""node"":""kwok-node-27""},{""name"":""rs-20-p1-nrtzh"",""cpu_m"":446,""mem_b"":974351935,""priority"":""1"",""node"":""kwok-node-8""},{""name"":""rs-20-p1-s96vm"",""cpu_m"":446,""mem_b"":974351935,""priority"":""1"",""node"":""kwok-node-7""},{""name"":""rs-21-p2-f8tpp"",""cpu_m"":183,""mem_b"":849832387,""priority"":""2"",""node"":""kwok-node-5""},{""name"":""rs-22-p4-bbr5x"",""cpu_m"":581,""mem_b"":131888286,""priority"":""4"",""node"":""kwok-node-23""},{""name"":""rs-22-p4-mkr4c"",""cpu_m"":581,""mem_b"":131888286,""priority"":""4"",""node"":""kwok-node-13""},{""name"":""rs-22-p4-p6dpt"",""cpu_m"":581,""mem_b"":131888286,""priority"":""4"",""node"":""kwok-node-20""},{""name"":""rs-22-p4-wcnth"",""cpu_m"":581,""mem_b"":131888286,""priority"":""4"",""node"":""kwok-node-21""},{""name"":""rs-23-p2-dp27h"",""cpu_m"":150,""mem_b"":395580881,""priority"":""2"",""node"":""kwok-node-25""},{""name"":""rs-23-p2-jvq27"",""cpu_m"":150,""mem_b"":395580881,""priority"":""2"",""node"":""kwok-node-31""},{""name"":""rs-23-p2-pxcks"",""cpu_m"":150,""mem_b"":395580881,""priority"":""2"",""node"":""kwok-node-24""},{""name"":""rs-24-p3-6wbx4"",""cpu_m"":716,""mem_b"":377552053,""priority"":""3"",""node"":""kwok-node-1""},{""name"":""rs-25-p4-9q6lb"",""cpu_m"":452,""mem_b"":367816038,""priority"":""4"",""node"":""kwok-node-14""},{""name"":""rs-25-p4-b8jqq"",""cpu_m"":452,""mem_b"":367816038,""priority"":""4"",""node"":""kwok-node-22""},{""name"":""rs-25-p4-gzlxf"",""cpu_m"":452,""mem_b"":367816038,""priority"":""4"",""node"":""kwok-node-16""},{""name"":""rs-26-p2-4xhjj"",""cpu_m"":824,""mem_b"":753209263,""priority"":""2"",""node"":""kwok-node-19""},{""name"":""rs-27-p4-2fw7b"",""cpu_m"":997,""mem_b"":408648086,""priority"":""4"",""node"":""kwok-node-30""},{""name"":""rs-28-p2-7lpqv"",""cpu_m"":322,""mem_b"":841620189,""priority"":""2"",""node"":""kwok-node-13""},{""name"":""rs-28-p2-pjxtm"",""cpu_m"":322,""mem_b"":841620189,""priority"":""2"",""node"":""kwok-node-12""},{""name"":""rs-28-p2-vnnb8"",""cpu_m"":322,""mem_b"":841620189,""priority"":""2"",""node"":""kwok-node-17""},{""name"":""rs-28-p2-zk65w"",""cpu_m"":322,""mem_b"":841620189,""priority"":""2"",""node"":""kwok-node-20""},{""name"":""rs-29-p3-8djgr"",""cpu_m"":330,""mem_b"":485003180,""priority"":""3"",""node"":""kwok-node-23""},{""name"":""rs-29-p3-k79hs"",""cpu_m"":330,""mem_b"":485003180,""priority"":""3"",""node"":""kwok-node-2""},{""name"":""rs-29-p3-qd96k"",""cpu_m"":330,""mem_b"":485003180,""priority"":""3"",""node"":""kwok-node-21""},{""name"":""rs-29-p3-qrxsj"",""cpu_m"":330,""mem_b"":485003180,""priority"":""3"",""node"":""kwok-node-10""},{""name"":""rs-30-p2-968c4"",""cpu_m"":896,""mem_b"":216133011,""priority"":""2"",""node"":""kwok-node-11""},{""name"":""rs-30-p2-bqrmk"",""cpu_m"":896,""mem_b"":216133011,""priority"":""2"",""node"":""kwok-node-15""},{""name"":""rs-30-p2-zr2l4"",""cpu_m"":896,""mem_b"":216133011,""priority"":""2"",""node"":""kwok-node-31""},{""name"":""rs-31-p3-n6qlr"",""cpu_m"":980,""mem_b"":772882628,""priority"":""3"",""node"":""kwok-node-25""},{""name"":""rs-31-p3-pdsf7"",""cpu_m"":980,""mem_b"":772882628,""priority"":""3"",""node"":""kwok-node-24""},{""name"":""rs-32-p1-7c2rw"",""cpu_m"":709,""mem_b"":234866842,""priority"":""1"",""node"":""kwok-node-22""},{""name"":""rs-32-p1-gszqn"",""cpu_m"":709,""mem_b"":234866842,""priority"":""1"",""node"":""kwok-node-4""},{""name"":""rs-32-p1-q4jld"",""cpu_m"":709,""mem_b"":234866842,""priority"":""1"",""node"":""kwok-node-5""},{""name"":""rs-33-p2-bdw8k"",""cpu_m"":575,""mem_b"":306573096,""priority"":""2"",""node"":""kwok-node-3""},{""name"":""rs-33-p2-ljbhg"",""cpu_m"":575,""mem_b"":306573096,""priority"":""2"",""node"":""kwok-node-6""},{""name"":""rs-34-p4-jxkjb"",""cpu_m"":846,""mem_b"":761910597,""priority"":""4"",""node"":""""},{""name"":""rs-34-p4-kxnbs"",""cpu_m"":846,""mem_b"":761910597,""priority"":""4"",""node"":""""},{""name"":""rs-34-p4-nw4wr"",""cpu_m"":846,""mem_b"":761910597,""priority"":""4"",""node"":""kwok-node-14""},{""name"":""rs-34-p4-wznwk"",""cpu_m"":846,""mem_b"":761910597,""priority"":""4"",""node"":""kwok-node-16""},{""name"":""rs-35-p2-6gqm9"",""cpu_m"":977,""mem_b"":725289045,""priority"":""2"",""node"":""""},{""name"":""rs-35-p2-kbwp4"",""cpu_m"":977,""mem_b"":725289045,""priority"":""2"",""node"":""""},{""name"":""rs-36-p3-jnlbp"",""cpu_m"":451,""mem_b"":150858090,""priority"":""3"",""node"":""kwok-node-9""},{""name"":""rs-37-p1-2hp9f"",""cpu_m"":234,""mem_b"":558430425,""priority"":""1"",""node"":""kwok-node-1""},{""name"":""rs-38-p1-784gp"",""cpu_m"":898,""mem_b"":188043897,""priority"":""1"",""node"":""kwok-node-13""},{""name"":""rs-38-p1-jhcz9"",""cpu_m"":898,""mem_b"":188043897,""priority"":""1"",""node"":""kwok-node-32""},{""name"":""rs-39-p1-qd4nd"",""cpu_m"":983,""mem_b"":474517181,""priority"":""1"",""node"":""""},{""name"":""rs-40-p2-2bzh6"",""cpu_m"":277,""mem_b"":406092201,""priority"":""2"",""node"":""kwok-node-8""},{""name"":""rs-40-p2-9rslb"",""cpu_m"":277,""mem_b"":406092201,""priority"":""2"",""node"":""kwok-node-7""},{""name"":""rs-40-p2-x22nn"",""cpu_m"":277,""mem_b"":406092201,""priority"":""2"",""node"":""kwok-node-18""},{""name"":""rs-41-p2-644jh"",""cpu_m"":296,""mem_b"":758904309,""priority"":""2"",""node"":""""},{""name"":""rs-41-p2-n8fh6"",""cpu_m"":296,""mem_b"":758904309,""priority"":""2"",""node"":""""},{""name"":""rs-41-p2-pvlhl"",""cpu_m"":296,""mem_b"":758904309,""priority"":""2"",""node"":""""},{""name"":""rs-42-p2-56cxp"",""cpu_m"":153,""mem_b"":497136077,""priority"":""2"",""node"":""kwok-node-26""},{""name"":""rs-42-p2-6zzf5"",""cpu_m"":153,""mem_b"":497136077,""priority"":""2"",""node"":""kwok-node-21""},{""name"":""rs-42-p2-892jh"",""cpu_m"":153,""mem_b"":497136077,""priority"":""2"",""node"":""kwok-node-22""},{""name"":""rs-42-p2-nqlqp"",""cpu_m"":153,""mem_b"":497136077,""priority"":""2"",""node"":""kwok-node-23""},{""name"":""rs-43-p2-cskmb"",""cpu_m"":282,""mem_b"":394134116,""priority"":""2"",""node"":""kwok-node-27""},{""name"":""rs-43-p2-gdk76"",""cpu_m"":282,""mem_b"":394134116,""priority"":""2"",""node"":""kwok-node-29""},{""name"":""rs-43-p2-nrbws"",""cpu_m"":282,""mem_b"":394134116,""priority"":""2"",""node"":""kwok-node-2""},{""name"":""rs-43-p2-wfcl7"",""cpu_m"":282,""mem_b"":394134116,""priority"":""2"",""node"":""kwok-node-28""},{""name"":""rs-44-p2-dl76z"",""cpu_m"":896,""mem_b"":587956841,""priority"":""2"",""node"":""""},{""name"":""rs-44-p2-f7dv5"",""cpu_m"":896,""mem_b"":587956841,""priority"":""2"",""node"":""""},{""name"":""rs-44-p2-g6hfh"",""cpu_m"":896,""mem_b"":587956841,""priority"":""2"",""node"":""""},{""name"":""rs-44-p2-mnfgj"",""cpu_m"":896,""mem_b"":587956841,""priority"":""2"",""node"":""""},{""name"":""rs-45-p3-4t54k"",""cpu_m"":887,""mem_b"":401145537,""priority"":""3"",""node"":""""},{""name"":""rs-45-p3-99zts"",""cpu_m"":887,""mem_b"":401145537,""priority"":""3"",""node"":""""},{""name"":""rs-46-p1-8b8st"",""cpu_m"":539,""mem_b"":521226457,""priority"":""1"",""node"":""""},{""name"":""rs-46-p1-jrxfs"",""cpu_m"":539,""mem_b"":521226457,""priority"":""1"",""node"":""""},{""name"":""rs-46-p1-pv9l9"",""cpu_m"":539,""mem_b"":521226457,""priority"":""1"",""node"":""kwok-node-10""},{""name"":""rs-46-p1-zcwd6"",""cpu_m"":539,""mem_b"":521226457,""priority"":""1"",""node"":""""},{""name"":""rs-47-p1-9626m"",""cpu_m"":676,""mem_b"":888710520,""priority"":""1"",""node"":""""},{""name"":""rs-48-p4-k8dg9"",""cpu_m"":691,""mem_b"":564863378,""priority"":""4"",""node"":""""},{""name"":""rs-49-p4-hfpr9"",""cpu_m"":963,""mem_b"":687225787,""priority"":""4"",""node"":""""},{""name"":""rs-49-p4-vpxlz"",""cpu_m"":963,""mem_b"":687225787,""priority"":""4"",""node"":""""},{""name"":""rs-50-p1-cm4w9"",""cpu_m"":475,""mem_b"":536140542,""priority"":""1"",""node"":""""}]","[{""name"":""kwok-node-1"",""cap_cpu_m"":2214,""cap_mem_bytes"":2028975459},{""name"":""kwok-node-2"",""cap_cpu_m"":2214,""cap_mem_bytes"":2028975459},{""name"":""kwok-node-3"",""cap_cpu_m"":2214,""cap_mem_bytes"":2028975459},{""name"":""kwok-node-4"",""cap_cpu_m"":2214,""cap_mem_bytes"":2028975459},{""name"":""kwok-node-5"",""cap_cpu_m"":2214,""cap_mem_bytes"":2028975459},{""name"":""kwok-node-6"",""cap_cpu_m"":2214,""cap_mem_bytes"":2028975459},{""name"":""kwok-node-7"",""cap_cpu_m"":2214,""cap_mem_bytes"":2028975459},{""name"":""kwok-node-8"",""cap_cpu_m"":2214,""cap_mem_bytes"":2028975459},{""name"":""kwok-node-9"",""cap_cpu_m"":2214,""cap_mem_bytes"":2028975459},{""name"":""kwok-node-10"",""cap_cpu_m"":2214,""cap_mem_bytes"":2028975459},{""name"":""kwok-node-11"",""cap_cpu_m"":2214,""cap_mem_bytes"":2028975459},{""name"":""kwok-node-12"",""cap_cpu_m"":2214,""cap_mem_bytes"":2028975459},{""name"":""kwok-node-13"",""cap_cpu_m"":2214,""cap_mem_bytes"":2028975459},{""name"":""kwok-node-14"",""cap_cpu_m"":2214,""cap_mem_bytes"":2028975459},{""name"":""kwok-node-15"",""cap_cpu_m"":2214,""cap_mem_bytes"":2028975459},{""name"":""kwok-node-16"",""cap_cpu_m"":2214,""cap_mem_bytes"":2028975459},{""name"":""kwok-node-17"",""cap_cpu_m"":2214,""cap_mem_bytes"":2028975459},{""name"":""kwok-node-18"",""cap_cpu_m"":2214,""cap_mem_bytes"":2028975459},{""name"":""kwok-node-19"",""cap_cpu_m"":2214,""cap_mem_bytes"":2028975459},{""name"":""kwok-node-20"",""cap_cpu_m"":2214,""cap_mem_bytes"":2028975459},{""name"":""kwok-node-21"",""cap_cpu_m"":2214,""cap_mem_bytes"":2028975459},{""name"":""kwok-node-22"",""cap_cpu_m"":2214,""cap_mem_bytes"":2028975459},{""name"":""kwok-node-23"",""cap_cpu_m"":2214,""cap_mem_bytes"":2028975459},{""name"":""kwok-node-24"",""cap_cpu_m"":2214,""cap_mem_bytes"":2028975459},{""name"":""kwok-node-25"",""cap_cpu_m"":2214,""cap_mem_bytes"":2028975459},{""name"":""kwok-node-26"",""cap_cpu_m"":2214,""cap_mem_bytes"":2028975459},{""name"":""kwok-node-27"",""cap_cpu_m"":2214,""cap_mem_bytes"":2028975459},{""name"":""kwok-node-28"",""cap_cpu_m"":2214,""cap_mem_bytes"":2028975459},{""name"":""kwok-node-29"",""cap_cpu_m"":2214,""cap_mem_bytes"":2028975459},{""name"":""kwok-node-30"",""cap_cpu_m"":2214,""cap_mem_bytes"":2028975459},{""name"":""kwok-node-31"",""cap_cpu_m"":2214,""cap_mem_bytes"":2028975459},{""name"":""kwok-node-32"",""cap_cpu_m"":2214,""cap_mem_bytes"":2028975459}]"
2026/02/11/11:36:42,546960236124654608,,"{""evicted"":0,""moved"":0,""placed_by_priority"":{""1"":28,""2"":33,""3"":24,""4"":22}}",python,"{""evicted"":10,""moved"":8,""placed_by_priority"":{""1"":19,""2"":40,""3"":33,""4"":25}}",985,FEASIBLE,"[{""duration_ms"":985,""name"":""python"",""score"":{""evicted"":10,""moved"":8,""placed_by_priority"":{""1"":19,""2"":40,""3"":33,""4"":25}},""status"":""FEASIBLE""}]",0.905,0.865,0.932,0.861,55062,52626,65131776574,60203502873,117,107,11,21,"{""kwok-node-1"":4,""kwok-node-10"":4,""kwok-node-11"":4,""kwok-node-12"":4,""kwok-node-13"":4,""kwok-node-14"":4,""kwok-node-15"":4,""kwok-node-16"":4,""kwok-node-17"":3,""kwok-node-18"":4,""kwok-node-19"":4,""kwok-node-2"":2,""kwok-node-20"":4,""kwok-node-21"":4,""kwok-node-22"":4,""kwok-node-23"":3,""kwok-node-24"":4,""kwok-node-25"":3,""kwok-node-26"":3,""kwok-node-27"":4,""kwok-node-28"":3,""kwok-node-29"":4,""kwok-node-3"":3,""kwok-node-30"":3,""kwok-node-31"":3,""kwok-node-32"":3,""kwok-node-4"":4,""kwok-node-5"":4,""kwok-node-6"":4,""kwok-node-7"":4,""kwok-node-8"":4,""kwok-node-9"":4}","{""kwok-node-1"":3,""kwok-node-10"":4,""kwok-node-11"":4,""kwok-node-12"":4,""kwok-node-13"":3,""kwok-node-14"":4,""kwok-node-15"":3,""kwok-node-16"":3,""kwok-node-17"":2,""kwok-node-18"":4,""kwok-node-19"":4,""kwok-node-2"":3,""kwok-node-20"":4,""kwok-node-21"":4,""kwok-node-22"":4,""kwok-node-23"":3,""kwok-node-24"":3,""kwok-node-25"":3,""kwok-node-26"":2,""kwok-node-27"":3,""kwok-node-28"":3,""kwok-node-29"":3,""kwok-node-3"":3,""kwok-node-30"":3,""kwok-node-31"":3,""kwok-node-32"":2,""kwok-node-4"":4,""kwok-node-5"":4,""kwok-node-6"":4,""kwok-node-7"":3,""kwok-node-8"":4,""kwok-node-9"":4}","{""p1"":19,""p2"":40,""p3"":33,""p4"":25}","{""p1"":28,""p2"":33,""p3"":24,""p4"":22}","{""p1"":11}","{""p1"":2,""p2"":7,""p3"":9,""p4"":3}","{rs-07-p1-d8pf8,rs-13-p1-n9nqn,rs-15-p1-9p5nj,rs-15-p1-pr9vs,rs-19-p1-vrq49,rs-32-p1-gftjn,rs-32-p1-n69hb,rs-32-p1-pzjkg,rs-32-p1-xrdqv,rs-37-p1-pc47d,rs-52-p1-pmmxh}","{rs-41-p2-wvdj2,rs-44-p2-cb9v4,rs-44-p2-ftkfg,rs-44-p2-gx7ss,rs-45-p3-69h6f,rs-45-p3-clxds,rs-45-p3-g7l89,rs-45-p3-lqld9,rs-46-p2-hn6km,rs-46-p2-qmgfg,rs-47-p3-6zz6g,rs-47-p3-qn6p9,rs-48-p4-6t9bs,rs-48-p4-c264v,rs-48-p4-cwmhb,rs-49-p2-gjtnh,rs-50-p3-c5p7p,rs-50-p3-nc9cp,rs-50-p3-zxzb4,rs-52-p1-7k28g,rs-52-p1-pmmxh}","{rs-01-p3-9htd2,rs-02-p3-29wn8,rs-03-p4-csphq,rs-03-p4-pdcvw,rs-04-p1-7qsnk,rs-04-p1-ql4gx,rs-05-p1-4vk88,rs-05-p1-pmtd7,rs-05-p1-psg99,rs-05-p1-rvclv,rs-06-p2-6ldsv,rs-08-p2-swfj8,rs-08-p2-wr7sp,rs-08-p2-x87pf,rs-09-p3-qjp6h,rs-09-p3-r9mrm,rs-10-p3-j5kb4,rs-10-p3-srtmw,rs-11-p4-2knt2,rs-12-p4-fcjcf,rs-12-p4-ffs6j,rs-12-p4-mnnj5,rs-14-p4-fhwqw,rs-14-p4-vqrlf,rs-15-p1-hm66r,rs-16-p3-j8nzk,rs-16-p3-nk5ll,rs-16-p3-xr2gj,rs-17-p1-f4dmc,rs-17-p1-wxml4,rs-18-p2-fgrhl,rs-18-p2-lsbvz,rs-19-p1-dpjhf,rs-20-p2-c2j8s,rs-20-p2-zsc5m,rs-21-p3-7v5pm,rs-21-p3-dszw7,rs-22-p2-dlsf6,rs-22-p2-s4xbg,rs-22-p2-tjdqg,rs-22-p2-zmrxd,rs-23-p2-c5vcb,rs-23-p2-m924m,rs-23-p2-vjgrk,rs-24-p2-5gvtf,rs-24-p2-5hd69,rs-24-p2-wbqm8,rs-25-p3-qbppd,rs-26-p1-588kx,rs-26-p1-7gvw5,rs-26-p1-fxj76,rs-26-p1-tjpk7,rs-27-p3-hpb6n,rs-27-p3-htnfh,rs-27-p3-vdpsh,rs-28-p3-64rqf,rs-29-p2-ppj8h,rs-30-p4-gc9rn,rs-31-p3-ktbdf,rs-31-p3-xlrrx,rs-33-p1-qxsjq,rs-33-p1-rnrbk,rs-33-p1-x6vgk,rs-34-p3-4gc4z,rs-34-p3-nwjf4,rs-34-p3-pvd25,rs-34-p3-qmrn7,rs-35-p4-4s8db,rs-35-p4-b9tzl,rs-35-p4-q5nnb,rs-35-p4-zmrbp,rs-36-p2-d2v8d,rs-36-p2-xf8f7,rs-36-p2-xt7dv,rs-36-p2-zph56,rs-38-p4-8p4pn,rs-38-p4-9dksh,rs-39-p4-f9xcx,rs-39-p4-vqlqx,rs-40-p1-r6glg,rs-41-p2-66j4g,rs-41-p2-7lwpj,rs-41-p2-bf5mj,rs-41-p2-wvdj2,rs-42-p2-n55nt,rs-42-p2-zhj28,rs-43-p2-8bphw,rs-43-p2-ckg6p,rs-43-p2-cz6n7,rs-43-p2-q9t67,rs-44-p2-cb9v4,rs-44-p2-ftkfg,rs-44-p2-gx7ss,rs-44-p2-v2tcx,rs-45-p3-69h6f,rs-45-p3-clxds,rs-45-p3-g7l89,rs-45-p3-lqld9,rs-46-p2-hn6km,rs-46-p2-qmgfg,rs-47-p3-6zz6g,rs-47-p3-fvmkt,rs-47-p3-glwg6,rs-47-p3-qn6p9,rs-48-p4-69nbt,rs-48-p4-6t9bs,rs-48-p4-c264v,rs-48-p4-cwmhb,rs-49-p2-gjtnh,rs-50-p3-c5p7p,rs-50-p3-nc9cp,rs-50-p3-zxzb4,rs-51-p4-ttjs2,rs-51-p4-vkk4z,rs-51-p4-zh9rb,rs-51-p4-zjvnb,rs-52-p1-7k28g}","{rs-01-p3-9htd2,rs-02-p3-29wn8,rs-03-p4-csphq,rs-03-p4-pdcvw,rs-04-p1-pnfqk,rs-04-p1-sdf7j,rs-05-p1-4vk88,rs-05-p1-bzbvc,rs-05-p1-dbrgd,rs-05-p1-pmtd7,rs-06-p2-6ldsv,rs-07-p1-gf7z9,rs-08-p2-swfj8,rs-08-p2-wr7sp,rs-08-p2-x87pf,rs-09-p3-qjp6h,rs-09-p3-r9mrm,rs-10-p3-j5kb4,rs-10-p3-srtmw,rs-11-p4-2knt2,rs-12-p4-fcjcf,rs-12-p4-ffs6j,rs-12-p4-mnnj5,rs-13-p1-cbgst,rs-14-p4-fhwqw,rs-14-p4-vqrlf,rs-15-p1-hm66r,rs-15-p1-q5bsn,rs-15-p1-ztssq,rs-16-p3-j8nzk,rs-16-p3-nk5ll,rs-16-p3-xr2gj,rs-17-p1-fqsqb,rs-17-p1-wxml4,rs-18-p2-fgrhl,rs-18-p2-lsbvz,rs-19-p1-dpjhf,rs-19-p1-ps95n,rs-20-p2-c2j8s,rs-20-p2-zsc5m,rs-21-p3-7v5pm,rs-21-p3-dszw7,rs-22-p2-dlsf6,rs-22-p2-s4xbg,rs-22-p2-tjdqg,rs-22-p2-zmrxd,rs-23-p2-c5vcb,rs-23-p2-m924m,rs-23-p2-vjgrk,rs-24-p2-5gvtf,rs-24-p2-5hd69,rs-24-p2-wbqm8,rs-25-p3-qbppd,rs-26-p1-7gvw5,rs-26-p1-chrnq,rs-26-p1-mzx2v,rs-26-p1-n9rnb,rs-27-p3-hpb6n,rs-27-p3-htnfh,rs-27-p3-vdpsh,rs-28-p3-64rqf,rs-29-p2-ppj8h,rs-30-p4-gc9rn,rs-31-p3-ktbdf,rs-31-p3-xlrrx,rs-32-p1-bh5bn,rs-32-p1-bzjcz,rs-32-p1-p9cjc,rs-32-p1-vbv97,rs-33-p1-qxsjq,rs-33-p1-rnrbk,rs-33-p1-x6vgk,rs-34-p3-4gc4z,rs-34-p3-nwjf4,rs-34-p3-pvd25,rs-34-p3-qmrn7,rs-35-p4-4s8db,rs-35-p4-b9tzl,rs-35-p4-q5nnb,rs-35-p4-zmrbp,rs-36-p2-d2v8d,rs-36-p2-xf8f7,rs-36-p2-xt7dv,rs-36-p2-zph56,rs-37-p1-9ldrd,rs-38-p4-8p4pn,rs-38-p4-9dksh,rs-39-p4-f9xcx,rs-39-p4-vqlqx,rs-40-p1-r6glg,rs-41-p2-66j4g,rs-41-p2-7lwpj,rs-41-p2-bf5mj,rs-42-p2-n55nt,rs-42-p2-zhj28,rs-43-p2-8bphw,rs-43-p2-ckg6p,rs-43-p2-cz6n7,rs-43-p2-q9t67,rs-44-p2-v2tcx,rs-47-p3-fvmkt,rs-47-p3-glwg6,rs-48-p4-69nbt,rs-51-p4-ttjs2,rs-51-p4-vkk4z,rs-51-p4-zh9rb,rs-51-p4-zjvnb}","[{""name"":""rs-01-p3-9htd2"",""cpu_m"":874,""mem_b"":261791275,""priority"":""3"",""node"":""kwok-node-16""},{""name"":""rs-02-p3-29wn8"",""cpu_m"":452,""mem_b"":555391067,""priority"":""3"",""node"":""kwok-node-15""},{""name"":""rs-03-p4-csphq"",""cpu_m"":534,""mem_b"":569423643,""priority"":""4"",""node"":""kwok-node-14""},{""name"":""rs-03-p4-pdcvw"",""cpu_m"":534,""mem_b"":569423643,""priority"":""4"",""node"":""kwok-node-11""},{""name"":""rs-04-p1-7qsnk"",""cpu_m"":971,""mem_b"":129057503,""priority"":""1"",""node"":""kwok-node-13""},{""name"":""rs-04-p1-ql4gx"",""cpu_m"":971,""mem_b"":129057503,""priority"":""1"",""node"":""kwok-node-7""},{""name"":""rs-05-p1-4vk88"",""cpu_m"":352,""mem_b"":599270450,""priority"":""1"",""node"":""kwok-node-1""},{""name"":""rs-05-p1-pmtd7"",""cpu_m"":352,""mem_b"":599270450,""priority"":""1"",""node"":""kwok-node-12""},{""name"":""rs-05-p1-psg99"",""cpu_m"":352,""mem_b"":599270450,""priority"":""1"",""node"":""kwok-node-5""},{""name"":""rs-05-p1-rvclv"",""cpu_m"":352,""mem_b"":599270450,""priority"":""1"",""node"":""kwok-node-27""},{""name"":""rs-06-p2-6ldsv"",""cpu_m"":330,""mem_b"":151093561,""priority"":""2"",""node"":""kwok-node-19""},{""name"":""rs-07-p1-d8pf8"",""cpu_m"":604,""mem_b"":884431725,""priority"":""1"",""node"":""""},{""name"":""rs-08-p2-swfj8"",""cpu_m"":629,""mem_b"":787790949,""priority"":""2"",""node"":""kwok-node-25""},{""name"":""rs-08-p2-wr7sp"",""cpu_m"":629,""mem_b"":787790949,""priority"":""2"",""node"":""kwok-node-26""},{""name"":""rs-08-p2-x87pf"",""cpu_m"":629,""mem_b"":787790949,""priority"":""2"",""node"":""kwok-node-17""},{""name"":""rs-09-p3-qjp6h"",""cpu_m"":455,""mem_b"":442841801,""priority"":""3"",""node"":""kwok-node-28""},{""name"":""rs-09-p3-r9mrm"",""cpu_m"":455,""mem_b"":442841801,""priority"":""3"",""node"":""kwok-node-27""},{""name"":""rs-10-p3-j5kb4"",""cpu_m"":213,""mem_b"":463770481,""priority"":""3"",""node"":""kwok-node-18""},{""name"":""rs-10-p3-srtmw"",""cpu_m"":213,""mem_b"":463770481,""priority"":""3"",""node"":""kwok-node-29""},{""name"":""rs-11-p4-2knt2"",""cpu_m"":698,""mem_b"":431351860,""priority"":""4"",""node"":""kwok-node-22""},{""name"":""rs-12-p4-fcjcf"",""cpu_m"":724,""mem_b"":754751108,""priority"":""4"",""node"":""kwok-node-31""},{""name"":""rs-12-p4-ffs6j"",""cpu_m"":724,""mem_b"":754751108,""priority"":""4"",""node"":""kwok-node-30""},{""name"":""rs-12-p4-mnnj5"",""cpu_m"":724,""mem_b"":754751108,""priority"":""4"",""node"":""kwok-node-23""},{""name"":""rs-13-p1-n9nqn"",""cpu_m"":480,""mem_b"":888431430,""priority"":""1"",""node"":""""},{""name"":""rs-14-p4-fhwqw"",""cpu_m"":585,""mem_b"":208216822,""priority"":""4"",""node"":""kwok-node-6""},{""name"":""rs-14-p4-vqrlf"",""cpu_m"":585,""mem_b"":208216822,""priority"":""4"",""node"":""kwok-node-5""},{""name"":""rs-15-p1-9p5nj"",""cpu_m"":968,""mem_b"":591440703,""priority"":""1"",""node"":""""},{""name"":""rs-15-p1-hm66r"",""cpu_m"":968,""mem_b"":591440703,""priority"":""1"",""node"":""kwok-node-3""},{""name"":""rs-15-p1-pr9vs"",""cpu_m"":968,""mem_b"":591440703,""priority"":""1"",""node"":""""},{""name"":""rs-16-p3-j8nzk"",""cpu_m"":704,""mem_b"":119932631,""priority"":""3"",""node"":""kwok-node-4""},{""name"":""rs-16-p3-nk5ll"",""cpu_m"":704,""mem_b"":119932631,""priority"":""3"",""node"":""kwok-node-9""},{""name"":""rs-16-p3-xr2gj"",""cpu_m"":704,""mem_b"":119932631,""priority"":""3"",""node"":""kwok-node-8""},{""name"":""rs-17-p1-f4dmc"",""cpu_m"":209,""mem_b"":500279863,""priority"":""1"",""node"":""kwok-node-24""},{""name"":""rs-17-p1-wxml4"",""cpu_m"":209,""mem_b"":500279863,""priority"":""1"",""node"":""kwok-node-19""},{""name"":""rs-18-p2-fgrhl"",""cpu_m"":204,""mem_b"":700811320,""priority"":""2"",""node"":""kwok-node-4""},{""name"":""rs-18-p2-lsbvz"",""cpu_m"":204,""mem_b"":700811320,""priority"":""2"",""node"":""kwok-node-6""},{""name"":""rs-19-p1-dpjhf"",""cpu_m"":883,""mem_b"":673545354,""priority"":""1"",""node"":""kwok-node-18""},{""name"":""rs-19-p1-vrq49"",""cpu_m"":883,""mem_b"":673545354,""priority"":""1"",""node"":""""},{""name"":""rs-20-p2-c2j8s"",""cpu_m"":612,""mem_b"":917502459,""priority"":""2"",""node"":""kwok-node-28""},{""name"":""rs-20-p2-zsc5m"",""cpu_m"":612,""mem_b"":917502459,""priority"":""2"",""node"":""kwok-node-27""},{""name"":""rs-21-p3-7v5pm"",""cpu_m"":182,""mem_b"":333682124,""priority"":""3"",""node"":""kwok-node-11""},{""name"":""rs-21-p3-dszw7"",""cpu_m"":182,""mem_b"":333682124,""priority"":""3"",""node"":""kwok-node-15""},{""name"":""rs-22-p2-dlsf6"",""cpu_m"":166,""mem_b"":617172914,""priority"":""2"",""node"":""kwok-node-8""},{""name"":""rs-22-p2-s4xbg"",""cpu_m"":166,""mem_b"":617172914,""priority"":""2"",""node"":""kwok-node-9""},{""name"":""rs-22-p2-tjdqg"",""cpu_m"":166,""mem_b"":617172914,""priority"":""2"",""node"":""kwok-node-22""},{""name"":""rs-22-p2-zmrxd"",""cpu_m"":166,""mem_b"":617172914,""priority"":""2"",""node"":""kwok-node-14""},{""name"":""rs-23-p2-c5vcb"",""cpu_m"":126,""mem_b"":895131066,""priority"":""2"",""node"":""kwok-node-21""},{""name"":""rs-23-p2-m924m"",""cpu_m"":126,""mem_b"":895131066,""priority"":""2"",""node"":""kwok-node-16""},{""name"":""rs-23-p2-vjgrk"",""cpu_m"":126,""mem_b"":895131066,""priority"":""2"",""node"":""kwok-node-10""},{""name"":""rs-24-p2-5gvtf"",""cpu_m"":209,""mem_b"":963215516,""priority"":""2"",""node"":""kwok-node-3""},{""name"":""rs-24-p2-5hd69"",""cpu_m"":209,""mem_b"":963215516,""priority"":""2"",""node"":""kwok-node-13""},{""name"":""rs-24-p2-wbqm8"",""cpu_m"":209,""mem_b"":963215516,""priority"":""2"",""node"":""kwok-node-7""},{""name"":""rs-25-p3-qbppd"",""cpu_m"":412,""mem_b"":836871381,""priority"":""3"",""node"":""kwok-node-1""},{""name"":""rs-26-p1-588kx"",""cpu_m"":297,""mem_b"":509348061,""priority"":""1"",""node"":""kwok-node-16""},{""name"":""rs-26-p1-7gvw5"",""cpu_m"":297,""mem_b"":509348061,""priority"":""1"",""node"":""kwok-node-19""},{""name"":""rs-26-p1-fxj76"",""cpu_m"":297,""mem_b"":509348061,""priority"":""1"",""node"":""kwok-node-1""},{""name"":""rs-26-p1-tjpk7"",""cpu_m"":297,""mem_b"":509348061,""priority"":""1"",""node"":""kwok-node-20""},{""name"":""rs-27-p3-hpb6n"",""cpu_m"":294,""mem_b"":852091354,""priority"":""3"",""node"":""kwok-node-9""},{""name"":""rs-27-p3-htnfh"",""cpu_m"":294,""mem_b"":852091354,""priority"":""3"",""node"":""kwok-node-5""},{""name"":""rs-27-p3-vdpsh"",""cpu_m"":294,""mem_b"":852091354,""priority"":""3"",""node"":""kwok-node-8""},{""name"":""rs-28-p3-64rqf"",""cpu_m"":344,""mem_b"":372106606,""priority"":""3"",""node"":""kwok-node-25""},{""name"":""rs-29-p2-ppj8h"",""cpu_m"":934,""mem_b"":698838137,""priority"":""2"",""node"":""kwok-node-32""},{""name"":""rs-30-p4-gc9rn"",""cpu_m"":871,""mem_b"":291095896,""priority"":""4"",""node"":""kwok-node-24""},{""name"":""rs-31-p3-ktbdf"",""cpu_m"":282,""mem_b"":769470003,""priority"":""3"",""node"":""kwok-node-23""},{""name"":""rs-31-p3-xlrrx"",""cpu_m"":282,""mem_b"":769470003,""priority"":""3"",""node"":""kwok-node-31""},{""name"":""rs-32-p1-gftjn"",""cpu_m"":941,""mem_b"":731100399,""priority"":""1"",""node"":""""},{""name"":""rs-32-p1-n69hb"",""cpu_m"":941,""mem_b"":731100399,""priority"":""1"",""node"":""""},{""name"":""rs-32-p1-pzjkg"",""cpu_m"":941,""mem_b"":731100399,""priority"":""1"",""node"":""""},{""name"":""rs-32-p1-xrdqv"",""cpu_m"":941,""mem_b"":731100399,""priority"":""1"",""node"":""""},{""name"":""rs-33-p1-qxsjq"",""cpu_m"":289,""mem_b"":658539170,""priority"":""1"",""node"":""kwok-node-11""},{""name"":""rs-33-p1-rnrbk"",""cpu_m"":289,""mem_b"":658539170,""priority"":""1"",""node"":""kwok-node-30""},{""name"":""rs-33-p1-x6vgk"",""cpu_m"":289,""mem_b"":658539170,""priority"":""1"",""node"":""kwok-node-4""},{""name"":""rs-34-p3-4gc4z"",""cpu_m"":758,""mem_b"":195603591,""priority"":""3"",""node"":""kwok-node-20""},{""name"":""rs-34-p3-nwjf4"",""cpu_m"":758,""mem_b"":195603591,""priority"":""3"",""node"":""kwok-node-1""},{""name"":""rs-34-p3-pvd25"",""cpu_m"":758,""mem_b"":195603591,""priority"":""3"",""node"":""kwok-node-14""},{""name"":""rs-34-p3-qmrn7"",""cpu_m"":758,""mem_b"":195603591,""priority"":""3"",""node"":""kwok-node-12""},{""name"":""rs-35-p4-4s8db"",""cpu_m"":173,""mem_b"":789070418,""priority"":""4"",""node"":""kwok-node-22""},{""name"":""rs-35-p4-b9tzl"",""cpu_m"":173,""mem_b"":789070418,""priority"":""4"",""node"":""kwok-node-10""},{""name"":""rs-35-p4-q5nnb"",""cpu_m"":173,""mem_b"":789070418,""priority"":""4"",""node"":""kwok-node-6""},{""name"":""rs-35-p4-zmrbp"",""cpu_m"":173,""mem_b"":789070418,""priority"":""4"",""node"":""kwok-node-21""},{""name"":""rs-36-p2-d2v8d"",""cpu_m"":889,""mem_b"":509843497,""priority"":""2"",""node"":""kwok-node-31""},{""name"":""rs-36-p2-xf8f7"",""cpu_m"":889,""mem_b"":509843497,""priority"":""2"",""node"":""kwok-node-25""},{""name"":""rs-36-p2-xt7dv"",""cpu_m"":889,""mem_b"":509843497,""priority"":""2"",""node"":""kwok-node-19""},{""name"":""rs-36-p2-zph56"",""cpu_m"":889,""mem_b"":509843497,""priority"":""2"",""node"":""kwok-node-30""},{""name"":""rs-37-p1-pc47d"",""cpu_m"":824,""mem_b"":988729011,""priority"":""1"",""node"":""""},{""name"":""rs-38-p4-8p4pn"",""cpu_m"":113,""mem_b"":717237408,""priority"":""4"",""node"":""kwok-node-18""},{""name"":""rs-38-p4-9dksh"",""cpu_m"":113,""mem_b"":717237408,""priority"":""4"",""node"":""kwok-node-29""},{""name"":""rs-39-p4-f9xcx"",""cpu_m"":162,""mem_b"":489009980,""priority"":""4"",""node"":""kwok-node-12""},{""name"":""rs-39-p4-vqlqx"",""cpu_m"":162,""mem_b"":489009980,""priority"":""4"",""node"":""kwok-node-20""},{""name"":""rs-40-p1-r6glg"",""cpu_m"":311,""mem_b"":193982143,""priority"":""1"",""node"":""kwok-node-27""},{""name"":""rs-41-p2-66j4g"",""cpu_m"":494,""mem_b"":637637335,""priority"":""2"",""node"":""kwok-node-23""},{""name"":""rs-41-p2-7lwpj"",""cpu_m"":494,""mem_b"":637637335,""priority"":""2"",""node"":""kwok-node-4""},{""name"":""rs-41-p2-bf5mj"",""cpu_m"":494,""mem_b"":637637335,""priority"":""2"",""node"":""kwok-node-28""},{""name"":""rs-41-p2-wvdj2"",""cpu_m"":494,""mem_b"":637637335,""priority"":""2"",""node"":""kwok-node-32""},{""name"":""rs-42-p2-n55nt"",""cpu_m"":839,""mem_b"":414822679,""priority"":""2"",""node"":""kwok-node-6""},{""name"":""rs-42-p2-zhj28"",""cpu_m"":839,""mem_b"":414822679,""priority"":""2"",""node"":""kwok-node-11""},{""name"":""rs-43-p2-8bphw"",""cpu_m"":509,""mem_b"":384847035,""priority"":""2"",""node"":""kwok-node-3""},{""name"":""rs-43-p2-ckg6p"",""cpu_m"":509,""mem_b"":384847035,""priority"":""2"",""node"":""kwok-node-7""},{""name"":""rs-43-p2-cz6n7"",""cpu_m"":509,""mem_b"":384847035,""priority"":""2"",""node"":""kwok-node-5""},{""name"":""rs-43-p2-q9t67"",""cpu_m"":509,""mem_b"":384847035,""priority"":""2"",""node"":""kwok-node-13""},{""name"":""rs-44-p2-cb9v4"",""cpu_m"":249,""mem_b"":939068366,""priority"":""2"",""node"":""kwok-node-17""},{""name"":""rs-44-p2-ftkfg"",""cpu_m"":249,""mem_b"":939068366,""priority"":""2"",""node"":""kwok-node-26""},{""name"":""rs-44-p2-gx7ss"",""cpu_m"":249,""mem_b"":939068366,""priority"":""2"",""node"":""kwok-node-20""},{""name"":""rs-44-p2-v2tcx"",""cpu_m"":249,""mem_b"":939068366,""priority"":""2"",""node"":""kwok-node-24""},{""name"":""rs-45-p3-69h6f"",""cpu_m"":910,""mem_b"":452727594,""priority"":""3"",""node"":""kwok-node-26""},{""name"":""rs-45-p3-clxds"",""cpu_m"":910,""mem_b"":452727594,""priority"":""3"",""node"":""kwok-node-15""},{""name"":""rs-45-p3-g7l89"",""cpu_m"":910,""mem_b"":452727594,""priority"":""3"",""node"":""kwok-node-29""},{""name"":""rs-45-p3-lqld9"",""cpu_m"":910,""mem_b"":452727594,""priority"":""3"",""node"":""kwok-node-17""},{""name"":""rs-46-p2-hn6km"",""cpu_m"":934,""mem_b"":904214995,""priority"":""2"",""node"":""kwok-node-2""},{""name"":""rs-46-p2-qmgfg"",""cpu_m"":934,""mem_b"":904214995,""priority"":""2"",""node"":""kwok-node-2""},{""name"":""rs-47-p3-6zz6g"",""cpu_m"":664,""mem_b"":358292187,""priority"":""3"",""node"":""kwok-node-10""},{""name"":""rs-47-p3-fvmkt"",""cpu_m"":664,""mem_b"":358292187,""priority"":""3"",""node"":""kwok-node-9""},{""name"":""rs-47-p3-glwg6"",""cpu_m"":664,""mem_b"":358292187,""priority"":""3"",""node"":""kwok-node-8""},{""name"":""rs-47-p3-qn6p9"",""cpu_m"":664,""mem_b"":358292187,""priority"":""3"",""node"":""kwok-node-21""},{""name"":""rs-48-p4-69nbt"",""cpu_m"":128,""mem_b"":682759729,""priority"":""4"",""node"":""kwok-node-14""},{""name"":""rs-48-p4-6t9bs"",""cpu_m"":128,""mem_b"":682759729,""priority"":""4"",""node"":""kwok-node-7""},{""name"":""rs-48-p4-c264v"",""cpu_m"":128,""mem_b"":682759729,""priority"":""4"",""node"":""kwok-node-15""},{""name"":""rs-48-p4-cwmhb"",""cpu_m"":128,""mem_b"":682759729,""priority"":""4"",""node"":""kwok-node-13""},{""name"":""rs-49-p2-gjtnh"",""cpu_m"":518,""mem_b"":635900114,""priority"":""2"",""node"":""kwok-node-12""},{""name"":""rs-50-p3-c5p7p"",""cpu_m"":534,""mem_b"":426026999,""priority"":""3"",""node"":""kwok-node-24""},{""name"":""rs-50-p3-nc9cp"",""cpu_m"":534,""mem_b"":426026999,""priority"":""3"",""node"":""kwok-node-16""},{""name"":""rs-50-p3-zxzb4"",""cpu_m"":534,""mem_b"":426026999,""priority"":""3"",""node"":""kwok-node-29""},{""name"":""rs-51-p4-ttjs2"",""cpu_m"":412,""mem_b"":131254619,""priority"":""4"",""node"":""kwok-node-18""},{""name"":""rs-51-p4-vkk4z"",""cpu_m"":412,""mem_b"":131254619,""priority"":""4"",""node"":""kwok-node-21""},{""name"":""rs-51-p4-zh9rb"",""cpu_m"":412,""mem_b"":131254619,""priority"":""4"",""node"":""kwok-node-22""},{""name"":""rs-51-p4-zjvnb"",""cpu_m"":412,""mem_b"":131254619,""priority"":""4"",""node"":""kwok-node-10""},{""name"":""rs-52-p1-7k28g"",""cpu_m"":346,""mem_b"":717666752,""priority"":""1"",""node"":""kwok-node-32""},{""name"":""rs-52-p1-pmmxh"",""cpu_m"":346,""mem_b"":717666752,""priority"":""1"",""node"":""""}]","[{""name"":""rs-01-p3-9htd2"",""cpu_m"":874,""mem_b"":261791275,""priority"":""3"",""node"":""kwok-node-16""},{""name"":""rs-02-p3-29wn8"",""cpu_m"":452,""mem_b"":555391067,""priority"":""3"",""node"":""kwok-node-15""},{""name"":""rs-03-p4-csphq"",""cpu_m"":534,""mem_b"":569423643,""priority"":""4"",""node"":""kwok-node-14""},{""name"":""rs-03-p4-pdcvw"",""cpu_m"":534,""mem_b"":569423643,""priority"":""4"",""node"":""kwok-node-11""},{""name"":""rs-04-p1-pnfqk"",""cpu_m"":971,""mem_b"":129057503,""priority"":""1"",""node"":""kwok-node-21""},{""name"":""rs-04-p1-sdf7j"",""cpu_m"":971,""mem_b"":129057503,""priority"":""1"",""node"":""kwok-node-10""},{""name"":""rs-05-p1-4vk88"",""cpu_m"":352,""mem_b"":599270450,""priority"":""1"",""node"":""kwok-node-1""},{""name"":""rs-05-p1-bzbvc"",""cpu_m"":352,""mem_b"":599270450,""priority"":""1"",""node"":""kwok-node-2""},{""name"":""rs-05-p1-dbrgd"",""cpu_m"":352,""mem_b"":599270450,""priority"":""1"",""node"":""kwok-node-20""},{""name"":""rs-05-p1-pmtd7"",""cpu_m"":352,""mem_b"":599270450,""priority"":""1"",""node"":""kwok-node-12""},{""name"":""rs-06-p2-6ldsv"",""cpu_m"":330,""mem_b"":151093561,""priority"":""2"",""node"":""kwok-node-19""},{""name"":""rs-07-p1-gf7z9"",""cpu_m"":604,""mem_b"":884431725,""priority"":""1"",""node"":""kwok-node-24""},{""name"":""rs-08-p2-swfj8"",""cpu_m"":629,""mem_b"":787790949,""priority"":""2"",""node"":""kwok-node-25""},{""name"":""rs-08-p2-wr7sp"",""cpu_m"":629,""mem_b"":787790949,""priority"":""2"",""node"":""kwok-node-26""},{""name"":""rs-08-p2-x87pf"",""cpu_m"":629,""mem_b"":787790949,""priority"":""2"",""node"":""kwok-node-17""},{""name"":""rs-09-p3-qjp6h"",""cpu_m"":455,""mem_b"":442841801,""priority"":""3"",""node"":""kwok-node-28""},{""name"":""rs-09-p3-r9mrm"",""cpu_m"":455,""mem_b"":442841801,""priority"":""3"",""node"":""kwok-node-27""},{""name"":""rs-10-p3-j5kb4"",""cpu_m"":213,""mem_b"":463770481,""priority"":""3"",""node"":""kwok-node-18""},{""name"":""rs-10-p3-srtmw"",""cpu_m"":213,""mem_b"":463770481,""priority"":""3"",""node"":""kwok-node-29""},{""name"":""rs-11-p4-2knt2"",""cpu_m"":698,""mem_b"":431351860,""priority"":""4"",""node"":""kwok-node-22""},{""name"":""rs-12-p4-fcjcf"",""cpu_m"":724,""mem_b"":754751108,""priority"":""4"",""node"":""kwok-node-31""},{""name"":""rs-12-p4-ffs6j"",""cpu_m"":724,""mem_b"":754751108,""priority"":""4"",""node"":""kwok-node-30""},{""name"":""rs-12-p4-mnnj5"",""cpu_m"":724,""mem_b"":754751108,""priority"":""4"",""node"":""kwok-node-23""},{""name"":""rs-13-p1-cbgst"",""cpu_m"":480,""mem_b"":888431430,""priority"":""1"",""node"":""kwok-node-32""},{""name"":""rs-14-p4-fhwqw"",""cpu_m"":585,""mem_b"":208216822,""priority"":""4"",""node"":""kwok-node-6""},{""name"":""rs-14-p4-vqrlf"",""cpu_m"":585,""mem_b"":208216822,""priority"":""4"",""node"":""kwok-node-5""},{""name"":""rs-15-p1-hm66r"",""cpu_m"":968,""mem_b"":591440703,""priority"":""1"",""node"":""kwok-node-3""},{""name"":""rs-15-p1-q5bsn"",""cpu_m"":968,""mem_b"":591440703,""priority"":""1"",""node"":""kwok-node-7""},{""name"":""rs-15-p1-ztssq"",""cpu_m"":968,""mem_b"":591440703,""priority"":""1"",""node"":""kwok-node-13""},{""name"":""rs-16-p3-j8nzk"",""cpu_m"":704,""mem_b"":119932631,""priority"":""3"",""node"":""kwok-node-4""},{""name"":""rs-16-p3-nk5ll"",""cpu_m"":704,""mem_b"":119932631,""priority"":""3"",""node"":""kwok-node-9""},{""name"":""rs-16-p3-xr2gj"",""cpu_m"":704,""mem_b"":119932631,""priority"":""3"",""node"":""kwok-node-8""},{""name"":""rs-17-p1-fqsqb"",""cpu_m"":209,""mem_b"":500279863,""priority"":""1"",""node"":""kwok-node-5""},{""name"":""rs-17-p1-wxml4"",""cpu_m"":209,""mem_b"":500279863,""priority"":""1"",""node"":""kwok-node-19""},{""name"":""rs-18-p2-fgrhl"",""cpu_m"":204,""mem_b"":700811320,""priority"":""2"",""node"":""kwok-node-4""},{""name"":""rs-18-p2-lsbvz"",""cpu_m"":204,""mem_b"":700811320,""priority"":""2"",""node"":""kwok-node-6""},{""name"":""rs-19-p1-dpjhf"",""cpu_m"":883,""mem_b"":673545354,""priority"":""1"",""node"":""kwok-node-18""},{""name"":""rs-19-p1-ps95n"",""cpu_m"":883,""mem_b"":673545354,""priority"":""1"",""node"":""kwok-node-29""},{""name"":""rs-20-p2-c2j8s"",""cpu_m"":612,""mem_b"":917502459,""priority"":""2"",""node"":""kwok-node-28""},{""name"":""rs-20-p2-zsc5m"",""cpu_m"":612,""mem_b"":917502459,""priority"":""2"",""node"":""kwok-node-27""},{""name"":""rs-21-p3-7v5pm"",""cpu_m"":182,""mem_b"":333682124,""priority"":""3"",""node"":""kwok-node-11""},{""name"":""rs-21-p3-dszw7"",""cpu_m"":182,""mem_b"":333682124,""priority"":""3"",""node"":""kwok-node-15""},{""name"":""rs-22-p2-dlsf6"",""cpu_m"":166,""mem_b"":617172914,""priority"":""2"",""node"":""kwok-node-8""},{""name"":""rs-22-p2-s4xbg"",""cpu_m"":166,""mem_b"":617172914,""priority"":""2"",""node"":""kwok-node-9""},{""name"":""rs-22-p2-tjdqg"",""cpu_m"":166,""mem_b"":617172914,""priority"":""2"",""node"":""kwok-node-22""},{""name"":""rs-22-p2-zmrxd"",""cpu_m"":166,""mem_b"":617172914,""priority"":""2"",""node"":""kwok-node-14""},{""name"":""rs-23-p2-c5vcb"",""cpu_m"":126,""mem_b"":895131066,""priority"":""2"",""node"":""kwok-node-21""},{""name"":""rs-23-p2-m924m"",""cpu_m"":126,""mem_b"":895131066,""priority"":""2"",""node"":""kwok-node-16""},{""name"":""rs-23-p2-vjgrk"",""cpu_m"":126,""mem_b"":895131066,""priority"":""2"",""node"":""kwok-node-10""},{""name"":""rs-24-p2-5gvtf"",""cpu_m"":209,""mem_b"":963215516,""priority"":""2"",""node"":""kwok-node-3""},{""name"":""rs-24-p2-5hd69"",""cpu_m"":209,""mem_b"":963215516,""priority"":""2"",""node"":""kwok-node-13""},{""name"":""rs-24-p2-wbqm8"",""cpu_m"":209,""mem_b"":963215516,""priority"":""2"",""node"":""kwok-node-7""},{""name"":""rs-25-p3-qbppd"",""cpu_m"":412,""mem_b"":836871381,""priority"":""3"",""node"":""kwok-node-1""},{""name"":""rs-26-p1-7gvw5"",""cpu_m"":297,""mem_b"":509348061,""priority"":""1"",""node"":""kwok-node-19""},{""name"":""rs-26-p1-chrnq"",""cpu_m"":297,""mem_b"":509348061,""priority"":""1"",""node"":""kwok-node-2""},{""name"":""rs-26-p1-mzx2v"",""cpu_m"":297,""mem_b"":509348061,""priority"":""1"",""node"":""kwok-node-12""},{""name"":""rs-26-p1-n9rnb"",""cpu_m"":297,""mem_b"":509348061,""priority"":""1"",""node"":""kwok-node-20""},{""name"":""rs-27-p3-hpb6n"",""cpu_m"":294,""mem_b"":852091354,""priority"":""3"",""node"":""kwok-node-9""},{""name"":""rs-27-p3-htnfh"",""cpu_m"":294,""mem_b"":852091354,""priority"":""3"",""node"":""kwok-node-5""},{""name"":""rs-27-p3-vdpsh"",""cpu_m"":294,""mem_b"":852091354,""priority"":""3"",""node"":""kwok-node-8""},{""name"":""rs-28-p3-64rqf"",""cpu_m"":344,""mem_b"":372106606,""priority"":""3"",""node"":""kwok-node-25""},{""name"":""rs-29-p2-ppj8h"",""cpu_m"":934,""mem_b"":698838137,""priority"":""2"",""node"":""kwok-node-32""},{""name"":""rs-30-p4-gc9rn"",""cpu_m"":871,""mem_b"":291095896,""priority"":""4"",""node"":""kwok-node-24""},{""name"":""rs-31-p3-ktbdf"",""cpu_m"":282,""mem_b"":769470003,""priority"":""3"",""node"":""kwok-node-23""},{""name"":""rs-31-p3-xlrrx"",""cpu_m"":282,""mem_b"":769470003,""priority"":""3"",""node"":""kwok-node-31""},{""name"":""rs-32-p1-bh5bn"",""cpu_m"":941,""mem_b"":731100399,""priority"":""1"",""node"":""kwok-node-2""},{""name"":""rs-32-p1-bzjcz"",""cpu_m"":941,""mem_b"":731100399,""priority"":""1"",""node"":""kwok-node-15""},{""name"":""rs-32-p1-p9cjc"",""cpu_m"":941,""mem_b"":731100399,""priority"":""1"",""node"":""kwok-node-17""},{""name"":""rs-32-p1-vbv97"",""cpu_m"":941,""mem_b"":731100399,""priority"":""1"",""node"":""kwok-node-26""},{""name"":""rs-33-p1-qxsjq"",""cpu_m"":289,""mem_b"":658539170,""priority"":""1"",""node"":""kwok-node-11""},{""name"":""rs-33-p1-rnrbk"",""cpu_m"":289,""mem_b"":658539170,""priority"":""1"",""node"":""kwok-node-30""},{""name"":""rs-33-p1-x6vgk"",""cpu_m"":289,""mem_b"":658539170,""priority"":""1"",""node"":""kwok-node-4""},{""name"":""rs-34-p3-4gc4z"",""cpu_m"":758,""mem_b"":195603591,""priority"":""3"",""node"":""kwok-node-20""},{""name"":""rs-34-p3-nwjf4"",""cpu_m"":758,""mem_b"":195603591,""priority"":""3"",""node"":""kwok-node-1""},{""name"":""rs-34-p3-pvd25"",""cpu_m"":758,""mem_b"":195603591,""priority"":""3"",""node"":""kwok-node-14""},{""name"":""rs-34-p3-qmrn7"",""cpu_m"":758,""mem_b"":195603591,""priority"":""3"",""node"":""kwok-node-12""},{""name"":""rs-35-p4-4s8db"",""cpu_m"":173,""mem_b"":789070418,""priority"":""4"",""node"":""kwok-node-22""},{""name"":""rs-35-p4-b9tzl"",""cpu_m"":173,""mem_b"":789070418,""priority"":""4"",""node"":""kwok-node-10""},{""name"":""rs-35-p4-q5nnb"",""cpu_m"":173,""mem_b"":789070418,""priority"":""4"",""node"":""kwok-node-6""},{""name"":""rs-35-p4-zmrbp"",""cpu_m"":173,""mem_b"":789070418,""priority"":""4"",""node"":""kwok-node-21""},{""name"":""rs-36-p2-d2v8d"",""cpu_m"":889,""mem_b"":509843497,""priority"":""2"",""node"":""kwok-node-31""},{""name"":""rs-36-p2-xf8f7"",""cpu_m"":889,""mem_b"":509843497,""priority"":""2"",""node"":""kwok-node-25""},{""name"":""rs-36-p2-xt7dv"",""cpu_m"":889,""mem_b"":509843497,""priority"":""2"",""node"":""kwok-node-19""},{""name"":""rs-36-p2-zph56"",""cpu_m"":889,""mem_b"":509843497,""priority"":""2"",""node"":""kwok-node-30""},{""name"":""rs-37-p1-9ldrd"",""cpu_m"":824,""mem_b"":988729011,""priority"":""1"",""node"":""kwok-node-16""},{""name"":""rs-38-p4-8p4pn"",""cpu_m"":113,""mem_b"":717237408,""priority"":""4"",""node"":""kwok-node-18""},{""name"":""rs-38-p4-9dksh"",""cpu_m"":113,""mem_b"":717237408,""priority"":""4"",""node"":""kwok-node-29""},{""name"":""rs-39-p4-f9xcx"",""cpu_m"":162,""mem_b"":489009980,""priority"":""4"",""node"":""kwok-node-12""},{""name"":""rs-39-p4-vqlqx"",""cpu_m"":162,""mem_b"":489009980,""priority"":""4"",""node"":""kwok-node-20""},{""name"":""rs-40-p1-r6glg"",""cpu_m"":311,""mem_b"":193982143,""priority"":""1"",""node"":""kwok-node-27""},{""name"":""rs-41-p2-66j4g"",""cpu_m"":494,""mem_b"":637637335,""priority"":""2"",""node"":""kwok-node-23""},{""name"":""rs-41-p2-7lwpj"",""cpu_m"":494,""mem_b"":637637335,""priority"":""2"",""node"":""kwok-node-4""},{""name"":""rs-41-p2-bf5mj"",""cpu_m"":494,""mem_b"":637637335,""priority"":""2"",""node"":""kwok-node-28""},{""name"":""rs-41-p2-wvdj2"",""cpu_m"":494,""mem_b"":637637335,""priority"":""2"",""node"":""""},{""name"":""rs-42-p2-n55nt"",""cpu_m"":839,""mem_b"":414822679,""priority"":""2"",""node"":""kwok-node-6""},{""name"":""rs-42-p2-zhj28"",""cpu_m"":839,""mem_b"":414822679,""priority"":""2"",""node"":""kwok-node-11""},{""name"":""rs-43-p2-8bphw"",""cpu_m"":509,""mem_b"":384847035,""priority"":""2"",""node"":""kwok-node-3""},{""name"":""rs-43-p2-ckg6p"",""cpu_m"":509,""mem_b"":384847035,""priority"":""2"",""node"":""kwok-node-7""},{""name"":""rs-43-p2-cz6n7"",""cpu_m"":509,""mem_b"":384847035,""priority"":""2"",""node"":""kwok-node-5""},{""name"":""rs-43-p2-q9t67"",""cpu_m"":509,""mem_b"":384847035,""priority"":""2"",""node"":""kwok-node-13""},{""name"":""rs-44-p2-cb9v4"",""cpu_m"":249,""mem_b"":939068366,""priority"":""2"",""node"":""""},{""name"":""rs-44-p2-ftkfg"",""cpu_m"":249,""mem_b"":939068366,""priority"":""2"",""node"":""""},{""name"":""rs-44-p2-gx7ss"",""cpu_m"":249,""mem_b"":939068366,""priority"":""2"",""node"":""""},{""name"":""rs-44-p2-v2tcx"",""cpu_m"":249,""mem_b"":939068366,""priority"":""2"",""node"":""kwok-node-24""},{""name"":""rs-45-p3-69h6f"",""cpu_m"":910,""mem_b"":452727594,""priority"":""3"",""node"":""""},{""name"":""rs-45-p3-clxds"",""cpu_m"":910,""mem_b"":452727594,""priority"":""3"",""node"":""""},{""name"":""rs-45-p3-g7l89"",""cpu_m"":910,""mem_b"":452727594,""priority"":""3"",""node"":""""},{""name"":""rs-45-p3-lqld9"",""cpu_m"":910,""mem_b"":452727594,""priority"":""3"",""node"":""""},{""name"":""rs-46-p2-hn6km"",""cpu_m"":934,""mem_b"":904214995,""priority"":""2"",""node"":""""},{""name"":""rs-46-p2-qmgfg"",""cpu_m"":934,""mem_b"":904214995,""priority"":""2"",""node"":""""},{""name"":""rs-47-p3-6zz6g"",""cpu_m"":664,""mem_b"":358292187,""priority"":""3"",""node"":""""},{""name"":""rs-47-p3-fvmkt"",""cpu_m"":664,""mem_b"":358292187,""priority"":""3"",""node"":""kwok-node-9""},{""name"":""rs-47-p3-glwg6"",""cpu_m"":664,""mem_b"":358292187,""priority"":""3"",""node"":""kwok-node-8""},{""name"":""rs-47-p3-qn6p9"",""cpu_m"":664,""mem_b"":358292187,""priority"":""3"",""node"":""""},{""name"":""rs-48-p4-69nbt"",""cpu_m"":128,""mem_b"":682759729,""priority"":""4"",""node"":""kwok-node-14""},{""name"":""rs-48-p4-6t9bs"",""cpu_m"":128,""mem_b"":682759729,""priority"":""4"",""node"":""""},{""name"":""rs-48-p4-c264v"",""cpu_m"":128,""mem_b"":682759729,""priority"":""4"",""node"":""""},{""name"":""rs-48-p4-cwmhb"",""cpu_m"":128,""mem_b"":682759729,""priority"":""4"",""node"":""""},{""name"":""rs-49-p2-gjtnh"",""cpu_m"":518,""mem_b"":635900114,""priority"":""2"",""node"":""""},{""name"":""rs-50-p3-c5p7p"",""cpu_m"":534,""mem_b"":426026999,""priority"":""3"",""node"":""""},{""name"":""rs-50-p3-nc9cp"",""cpu_m"":534,""mem_b"":426026999,""priority"":""3"",""node"":""""},{""name"":""rs-50-p3-zxzb4"",""cpu_m"":534,""mem_b"":426026999,""priority"":""3"",""node"":""""},{""name"":""rs-51-p4-ttjs2"",""cpu_m"":412,""mem_b"":131254619,""priority"":""4"",""node"":""kwok-node-18""},{""name"":""rs-51-p4-vkk4z"",""cpu_m"":412,""mem_b"":131254619,""priority"":""4"",""node"":""kwok-node-21""},{""name"":""rs-51-p4-zh9rb"",""cpu_m"":412,""mem_b"":131254619,""priority"":""4"",""node"":""kwok-node-22""},{""name"":""rs-51-p4-zjvnb"",""cpu_m"":412,""mem_b"":131254619,""priority"":""4"",""node"":""kwok-node-10""},{""name"":""rs-52-p1-7k28g"",""cpu_m"":346,""mem_b"":717666752,""priority"":""1"",""node"":""""},{""name"":""rs-52-p1-pmmxh"",""cpu_m"":346,""mem_b"":717666752,""priority"":""1"",""node"":""""}]","[{""name"":""kwok-node-1"",""cap_cpu_m"":1902,""cap_mem_bytes"":2184281663},{""name"":""kwok-node-2"",""cap_cpu_m"":1902,""cap_mem_bytes"":2184281663},{""name"":""kwok-node-3"",""cap_cpu_m"":1902,""cap_mem_bytes"":2184281663},{""name"":""kwok-node-4"",""cap_cpu_m"":1902,""cap_mem_bytes"":2184281663},{""name"":""kwok-node-5"",""cap_cpu_m"":1902,""cap_mem_bytes"":2184281663},{""name"":""kwok-node-6"",""cap_cpu_m"":1902,""cap_mem_bytes"":2184281663},{""name"":""kwok-node-7"",""cap_cpu_m"":1902,""cap_mem_bytes"":2184281663},{""name"":""kwok-node-8"",""cap_cpu_m"":1902,""cap_mem_bytes"":2184281663},{""name"":""kwok-node-9"",""cap_cpu_m"":1902,""cap_mem_bytes"":2184281663},{""name"":""kwok-node-10"",""cap_cpu_m"":1902,""cap_mem_bytes"":2184281663},{""name"":""kwok-node-11"",""cap_cpu_m"":1902,""cap_mem_bytes"":2184281663},{""name"":""kwok-node-12"",""cap_cpu_m"":1902,""cap_mem_bytes"":2184281663},{""name"":""kwok-node-13"",""cap_cpu_m"":1902,""cap_mem_bytes"":2184281663},{""name"":""kwok-node-14"",""cap_cpu_m"":1902,""cap_mem_bytes"":2184281663},{""name"":""kwok-node-15"",""cap_cpu_m"":1902,""cap_mem_bytes"":2184281663},{""name"":""kwok-node-16"",""cap_cpu_m"":1902,""cap_mem_bytes"":2184281663},{""name"":""kwok-node-17"",""cap_cpu_m"":1902,""cap_mem_bytes"":2184281663},{""name"":""kwok-node-18"",""cap_cpu_m"":1902,""cap_mem_bytes"":2184281663},{""name"":""kwok-node-19"",""cap_cpu_m"":1902,""cap_mem_bytes"":2184281663},{""name"":""kwok-node-20"",""cap_cpu_m"":1902,""cap_mem_bytes"":2184281663},{""name"":""kwok-node-21"",""cap_cpu_m"":1902,""cap_mem_bytes"":2184281663},{""name"":""kwok-node-22"",""cap_cpu_m"":1902,""cap_mem_bytes"":2184281663},{""name"":""kwok-node-23"",""cap_cpu_m"":1902,""cap_mem_bytes"":2184281663},{""name"":""kwok-node-24"",""cap_cpu_m"":1902,""cap_mem_bytes"":2184281663},{""name"":""kwok-node-25"",""cap_cpu_m"":1902,""cap_mem_bytes"":2184281663},{""name"":""kwok-node-26"",""cap_cpu_m"":1902,""cap_mem_bytes"":2184281663},{""name"":""kwok-node-27"",""cap_cpu_m"":1902,""cap_mem_bytes"":2184281663},{""name"":""kwok-node-28"",""cap_cpu_m"":1902,""cap_mem_bytes"":2184281663},{""name"":""kwok-node-29"",""cap_cpu_m"":1902,""cap_mem_bytes"":2184281663},{""name"":""kwok-node-30"",""cap_cpu_m"":1902,""cap_mem_bytes"":2184281663},{""name"":""kwok-node-31"",""cap_cpu_m"":1902,""cap_mem_bytes"":2184281663},{""name"":""kwok-node-32"",""cap_cpu_m"":1902,""cap_mem_bytes"":2184281663}]"
2026/02/11/11:37:39,3941336756034580715,,"{""evicted"":0,""moved"":0,""placed_by_priority"":{""1"":31,""2"":19,""3"":20,""4"":35}}",python,"{""evicted"":12,""moved"":17,""placed_by_priority"":{""1"":19,""2"":24,""3"":22,""4"":48}}",978,FEASIBLE,"[{""duration_ms"":978,""name"":""python"",""score"":{""evicted"":12,""moved"":17,""placed_by_priority"":{""1"":19,""2"":24,""3"":22,""4"":48}},""status"":""FEASIBLE""}]",0.924,0.822,0.913,0.814,57779,51444,52508877114,46803535935,113,105,15,23,"{""kwok-node-1"":4,""kwok-node-10"":4,""kwok-node-11"":4,""kwok-node-12"":4,""kwok-node-13"":3,""kwok-node-14"":3,""kwok-node-15"":4,""kwok-node-16"":3,""kwok-node-17"":3,""kwok-node-18"":4,""kwok-node-19"":3,""kwok-node-2"":3,""kwok-node-20"":4,""kwok-node-21"":4,""kwok-node-22"":4,""kwok-node-23"":3,""kwok-node-24"":4,""kwok-node-25"":4,""kwok-node-26"":3,""kwok-node-27"":3,""kwok-node-28"":3,""kwok-node-29"":3,""kwok-node-3"":4,""kwok-node-30"":4,""kwok-node-31"":4,""kwok-node-32"":3,""kwok-node-4"":4,""kwok-node-5"":4,""kwok-node-6"":4,""kwok-node-7"":3,""kwok-node-8"":2,""kwok-node-9"":4}","{""kwok-node-1"":3,""kwok-node-10"":4,""kwok-node-11"":4,""kwok-node-12"":4,""kwok-node-13"":3,""kwok-node-14"":2,""kwok-node-15"":4,""kwok-node-16"":2,""kwok-node-17"":3,""kwok-node-18"":5,""kwok-node-19"":2,""kwok-node-2"":3,""kwok-node-20"":4,""kwok-node-21"":3,""kwok-node-22"":4,""kwok-node-23"":2,""kwok-node-24"":4,""kwok-node-25"":5,""kwok-node-26"":3,""kwok-node-27"":4,""kwok-node-28"":3,""kwok-node-29"":3,""kwok-node-3"":4,""kwok-node-30"":3,""kwok-node-31"":4,""kwok-node-32"":2,""kwok-node-4"":3,""kwok-node-5"":3,""kwok-node-6"":3,""kwok-node-7"":3,""kwok-node-8"":2,""kwok-node-9"":4}","{""p1"":19,""p2"":24,""p3"":22,""p4"":48}","{""p1"":31,""p2"":19,""p3"":20,""p4"":35}","{""p1"":15}","{""p1"":3,""p2"":5,""p3"":2,""p4"":13}","{rs-06-p1-69pzn,rs-06-p1-hs6lc,rs-06-p1-mdhnf,rs-08-p1-82wmj,rs-13-p1-l6qmn,rs-27-p1-q5rrf,rs-30-p1-xsfdx,rs-34-p1-9kpkg,rs-34-p1-f9tr2,rs-34-p1-w22pt,rs-37-p1-6p9ml,rs-37-p1-zq85m,rs-40-p1-755rf,rs-40-p1-9c29x,rs-45-p1-474cw}","{rs-39-p4-l9cvl,rs-39-p4-qmsh7,rs-40-p1-755rf,rs-40-p1-9c29x,rs-42-p3-q64h6,rs-42-p3-rgpgp,rs-44-p4-jjhm7,rs-44-p4-z8nkt,rs-45-p1-474cw,rs-46-p2-62qp2,rs-46-p2-kv4dj,rs-46-p2-vmfsb,rs-46-p2-z448w,rs-47-p4-56gw8,rs-47-p4-8q5tl,rs-47-p4-pk5gd,rs-48-p4-4dgqq,rs-48-p4-4sm7f,rs-49-p4-gtzd9,rs-49-p4-h9t8k,rs-49-p4-vflzn,rs-49-p4-x48rp,rs-51-p2-xxmlh}","{rs-01-p3-5nfpj,rs-01-p3-h8q5d,rs-02-p1-dtz8g,rs-03-p3-7hwfr,rs-03-p3-s879x,rs-04-p4-6866x,rs-04-p4-rj88j,rs-04-p4-sw2rx,rs-04-p4-ttxzb,rs-05-p2-89r8c,rs-05-p2-8ckdm,rs-05-p2-t94nq,rs-07-p1-bnj89,rs-07-p1-d6v6w,rs-07-p1-nkp7v,rs-07-p1-r4k4c,rs-08-p1-2vdgh,rs-08-p1-6gtwb,rs-08-p1-vch6b,rs-09-p4-294wm,rs-09-p4-vtd4l,rs-09-p4-xrx5l,rs-10-p4-2hxl9,rs-10-p4-79mkk,rs-10-p4-hcfb8,rs-10-p4-w8zmk,rs-11-p4-pw26k,rs-12-p2-d95hq,rs-14-p1-nxk5j,rs-15-p2-7z5m2,rs-15-p2-jp9k5,rs-16-p2-7n2vg,rs-16-p2-ptwj2,rs-17-p4-b6q97,rs-17-p4-d8z62,rs-17-p4-gtvwc,rs-17-p4-tzvkp,rs-18-p3-7zsn8,rs-18-p3-tmdhp,rs-19-p3-kq55p,rs-19-p3-p7b65,rs-19-p3-qh9qz,rs-20-p3-rqkw2,rs-21-p4-4pz6z,rs-21-p4-k2jb6,rs-21-p4-ldztq,rs-22-p2-fqmn8,rs-23-p4-89l9l,rs-24-p3-5cqsp,rs-24-p3-dhlbs,rs-24-p3-jw9pq,rs-24-p3-qc4w6,rs-25-p3-82t6d,rs-26-p4-4fzqg,rs-26-p4-d4lbd,rs-26-p4-rwzrr,rs-27-p1-qvttn,rs-28-p4-8xtng,rs-29-p2-5k8xg,rs-29-p2-rnj54,rs-31-p1-hjmrw,rs-31-p1-s9fsq,rs-32-p1-9j2pl,rs-32-p1-jl65j,rs-32-p1-jx66n,rs-32-p1-sdx5w,rs-33-p4-hc4pd,rs-33-p4-kf4wk,rs-33-p4-tpkk2,rs-34-p1-b6zfh,rs-35-p4-mdxn9,rs-35-p4-p2xzc,rs-36-p3-bgxx7,rs-36-p3-d5gcl,rs-36-p3-dq584,rs-36-p3-mcw78,rs-37-p1-2f56d,rs-37-p1-pz6z6,rs-38-p2-gdgjg,rs-38-p2-ml4d6,rs-38-p2-pj9lw,rs-38-p2-x48h9,rs-39-p4-l9cvl,rs-39-p4-qmsh7,rs-41-p4-2zztn,rs-41-p4-9njx9,rs-41-p4-pct59,rs-42-p3-q64h6,rs-42-p3-rgpgp,rs-43-p2-5vq69,rs-43-p2-78s67,rs-43-p2-gvvvw,rs-43-p2-jw4sn,rs-44-p4-54rf8,rs-44-p4-jjhm7,rs-44-p4-q2vv7,rs-44-p4-z8nkt,rs-46-p2-62qp2,rs-46-p2-kv4dj,rs-46-p2-vmfsb,rs-46-p2-z448w,rs-47-p4-56gw8,rs-47-p4-8q5tl,rs-47-p4-pk5gd,rs-48-p4-4dgqq,rs-48-p4-4sm7f,rs-49-p4-gtzd9,rs-49-p4-h9t8k,rs-49-p4-vflzn,rs-49-p4-x48rp,rs-50-p3-cwpc4,rs-51-p2-xxmlh,rs-52-p4-2dsx7}","{rs-01-p3-5nfpj,rs-01-p3-h8q5d,rs-02-p1-cmzm7,rs-03-p3-7hwfr,rs-03-p3-s879x,rs-04-p4-6866x,rs-04-p4-rj88j,rs-04-p4-sw2rx,rs-04-p4-ttxzb,rs-05-p2-89r8c,rs-05-p2-8ckdm,rs-05-p2-t94nq,rs-06-p1-c877v,rs-06-p1-fntnc,rs-06-p1-mfpww,rs-07-p1-fzkwh,rs-07-p1-g422l,rs-07-p1-l8tvh,rs-07-p1-r4k4c,rs-08-p1-2vdgh,rs-08-p1-682sk,rs-08-p1-6f8pj,rs-08-p1-skdz7,rs-09-p4-294wm,rs-09-p4-vtd4l,rs-09-p4-xrx5l,rs-10-p4-2hxl9,rs-10-p4-79mkk,rs-10-p4-hcfb8,rs-10-p4-w8zmk,rs-11-p4-pw26k,rs-12-p2-d95hq,rs-13-p1-6m68k,rs-14-p1-4m9x8,rs-15-p2-7z5m2,rs-15-p2-jp9k5,rs-16-p2-7n2vg,rs-16-p2-ptwj2,rs-17-p4-b6q97,rs-17-p4-d8z62,rs-17-p4-gtvwc,rs-17-p4-tzvkp,rs-18-p3-7zsn8,rs-18-p3-tmdhp,rs-19-p3-kq55p,rs-19-p3-p7b65,rs-19-p3-qh9qz,rs-20-p3-rqkw2,rs-21-p4-4pz6z,rs-21-p4-k2jb6,rs-21-p4-ldztq,rs-22-p2-fqmn8,rs-23-p4-89l9l,rs-24-p3-5cqsp,rs-24-p3-dhlbs,rs-24-p3-jw9pq,rs-24-p3-qc4w6,rs-25-p3-82t6d,rs-26-p4-4fzqg,rs-26-p4-d4lbd,rs-26-p4-rwzrr,rs-27-p1-nnxsv,rs-27-p1-nvrdk,rs-28-p4-8xtng,rs-29-p2-5k8xg,rs-29-p2-rnj54,rs-30-p1-tr69s,rs-31-p1-bjhvf,rs-31-p1-p8vdv,rs-32-p1-9vh2d,rs-32-p1-gpmc9,rs-32-p1-q8v5z,rs-32-p1-r4h6l,rs-33-p4-hc4pd,rs-33-p4-kf4wk,rs-33-p4-tpkk2,rs-34-p1-5kpfr,rs-34-p1-cv4pz,rs-34-p1-lhmsx,rs-34-p1-njs64,rs-35-p4-mdxn9,rs-35-p4-p2xzc,rs-36-p3-bgxx7,rs-36-p3-d5gcl,rs-36-p3-dq584,rs-36-p3-mcw78,rs-37-p1-gz88p,rs-37-p1-kdsn6,rs-37-p1-rq7ql,rs-37-p1-xnhvb,rs-38-p2-gdgjg,rs-38-p2-ml4d6,rs-38-p2-pj9lw,rs-38-p2-x48h9,rs-41-p4-2zztn,rs-41-p4-9njx9,rs-41-p4-pct59,rs-43-p2-5vq69,rs-43-p2-78s67,rs-43-p2-gvvvw,rs-43-p2-jw4sn,rs-44-p4-54rf8,rs-44-p4-q2vv7,rs-50-p3-cwpc4,rs-52-p4-2dsx7}","[{""name"":""rs-01-p3-5nfpj"",""cpu_m"":569,""mem_b"":378458754,""priority"":""3"",""node"":""kwok-node-1""},{""name"":""rs-01-p3-h8q5d"",""cpu_m"":569,""mem_b"":378458754,""priority"":""3"",""node"":""kwok-node-13""},{""name"":""rs-02-p1-dtz8g"",""cpu_m"":430,""mem_b"":338760032,""priority"":""1"",""node"":""kwok-node-21""},{""name"":""rs-03-p3-7hwfr"",""cpu_m"":520,""mem_b"":816059079,""priority"":""3"",""node"":""kwok-node-21""},{""name"":""rs-03-p3-s879x"",""cpu_m"":520,""mem_b"":816059079,""priority"":""3"",""node"":""kwok-node-17""},{""name"":""rs-04-p4-6866x"",""cpu_m"":198,""mem_b"":301456816,""priority"":""4"",""node"":""kwok-node-12""},{""name"":""rs-04-p4-rj88j"",""cpu_m"":198,""mem_b"":301456816,""priority"":""4"",""node"":""kwok-node-11""},{""name"":""rs-04-p4-sw2rx"",""cpu_m"":198,""mem_b"":301456816,""priority"":""4"",""node"":""kwok-node-22""},{""name"":""rs-04-p4-ttxzb"",""cpu_m"":198,""mem_b"":301456816,""priority"":""4"",""node"":""kwok-node-15""},{""name"":""rs-05-p2-89r8c"",""cpu_m"":845,""mem_b"":593740151,""priority"":""2"",""node"":""kwok-node-2""},{""name"":""rs-05-p2-8ckdm"",""cpu_m"":845,""mem_b"":593740151,""priority"":""2"",""node"":""kwok-node-19""},{""name"":""rs-05-p2-t94nq"",""cpu_m"":845,""mem_b"":593740151,""priority"":""2"",""node"":""kwok-node-23""},{""name"":""rs-06-p1-69pzn"",""cpu_m"":594,""mem_b"":689729956,""priority"":""1"",""node"":""""},{""name"":""rs-06-p1-hs6lc"",""cpu_m"":594,""mem_b"":689729956,""priority"":""1"",""node"":""""},{""name"":""rs-06-p1-mdhnf"",""cpu_m"":594,""mem_b"":689729956,""priority"":""1"",""node"":""""},{""name"":""rs-07-p1-bnj89"",""cpu_m"":447,""mem_b"":317737480,""priority"":""1"",""node"":""kwok-node-6""},{""name"":""rs-07-p1-d6v6w"",""cpu_m"":447,""mem_b"":317737480,""priority"":""1"",""node"":""kwok-node-5""},{""name"":""rs-07-p1-nkp7v"",""cpu_m"":447,""mem_b"":317737480,""priority"":""1"",""node"":""kwok-node-1""},{""name"":""rs-07-p1-r4k4c"",""cpu_m"":447,""mem_b"":317737480,""priority"":""1"",""node"":""kwok-node-26""},{""name"":""rs-08-p1-2vdgh"",""cpu_m"":715,""mem_b"":247111796,""priority"":""1"",""node"":""kwok-node-24""},{""name"":""rs-08-p1-6gtwb"",""cpu_m"":715,""mem_b"":247111796,""priority"":""1"",""node"":""kwok-node-16""},{""name"":""rs-08-p1-82wmj"",""cpu_m"":715,""mem_b"":247111796,""priority"":""1"",""node"":""""},{""name"":""rs-08-p1-vch6b"",""cpu_m"":715,""mem_b"":247111796,""priority"":""1"",""node"":""kwok-node-14""},{""name"":""rs-09-p4-294wm"",""cpu_m"":703,""mem_b"":101123162,""priority"":""4"",""node"":""kwok-node-15""},{""name"":""rs-09-p4-vtd4l"",""cpu_m"":703,""mem_b"":101123162,""priority"":""4"",""node"":""kwok-node-28""},{""name"":""rs-09-p4-xrx5l"",""cpu_m"":703,""mem_b"":101123162,""priority"":""4"",""node"":""kwok-node-22""},{""name"":""rs-10-p4-2hxl9"",""cpu_m"":123,""mem_b"":416634882,""priority"":""4"",""node"":""kwok-node-11""},{""name"":""rs-10-p4-79mkk"",""cpu_m"":123,""mem_b"":416634882,""priority"":""4"",""node"":""kwok-node-18""},{""name"":""rs-10-p4-hcfb8"",""cpu_m"":123,""mem_b"":416634882,""priority"":""4"",""node"":""kwok-node-12""},{""name"":""rs-10-p4-w8zmk"",""cpu_m"":123,""mem_b"":416634882,""priority"":""4"",""node"":""kwok-node-25""},{""name"":""rs-11-p4-pw26k"",""cpu_m"":477,""mem_b"":819601906,""priority"":""4"",""node"":""kwok-node-31""},{""name"":""rs-12-p2-d95hq"",""cpu_m"":873,""mem_b"":517791791,""priority"":""2"",""node"":""kwok-node-8""},{""name"":""rs-13-p1-l6qmn"",""cpu_m"":973,""mem_b"":771446130,""priority"":""1"",""node"":""""},{""name"":""rs-14-p1-nxk5j"",""cpu_m"":896,""mem_b"":315138966,""priority"":""1"",""node"":""kwok-node-29""},{""name"":""rs-15-p2-7z5m2"",""cpu_m"":245,""mem_b"":519848840,""priority"":""2"",""node"":""kwok-node-5""},{""name"":""rs-15-p2-jp9k5"",""cpu_m"":245,""mem_b"":519848840,""priority"":""2"",""node"":""kwok-node-6""},{""name"":""rs-16-p2-7n2vg"",""cpu_m"":489,""mem_b"":125573906,""priority"":""2"",""node"":""kwok-node-7""},{""name"":""rs-16-p2-ptwj2"",""cpu_m"":489,""mem_b"":125573906,""priority"":""2"",""node"":""kwok-node-9""},{""name"":""rs-17-p4-b6q97"",""cpu_m"":555,""mem_b"":479902248,""priority"":""4"",""node"":""kwok-node-7""},{""name"":""rs-17-p4-d8z62"",""cpu_m"":555,""mem_b"":479902248,""priority"":""4"",""node"":""kwok-node-10""},{""name"":""rs-17-p4-gtvwc"",""cpu_m"":555,""mem_b"":479902248,""priority"":""4"",""node"":""kwok-node-26""},{""name"":""rs-17-p4-tzvkp"",""cpu_m"":555,""mem_b"":479902248,""priority"":""4"",""node"":""kwok-node-27""},{""name"":""rs-18-p3-7zsn8"",""cpu_m"":531,""mem_b"":828477887,""priority"":""3"",""node"":""kwok-node-9""},{""name"":""rs-18-p3-tmdhp"",""cpu_m"":531,""mem_b"":828477887,""priority"":""3"",""node"":""kwok-node-30""},{""name"":""rs-19-p3-kq55p"",""cpu_m"":659,""mem_b"":792963662,""priority"":""3"",""node"":""kwok-node-13""},{""name"":""rs-19-p3-p7b65"",""cpu_m"":659,""mem_b"":792963662,""priority"":""3"",""node"":""kwok-node-28""},{""name"":""rs-19-p3-qh9qz"",""cpu_m"":659,""mem_b"":792963662,""priority"":""3"",""node"":""kwok-node-1""},{""name"":""rs-20-p3-rqkw2"",""cpu_m"":210,""mem_b"":680834749,""priority"":""3"",""node"":""kwok-node-3""},{""name"":""rs-21-p4-4pz6z"",""cpu_m"":264,""mem_b"":156084494,""priority"":""4"",""node"":""kwok-node-20""},{""name"":""rs-21-p4-k2jb6"",""cpu_m"":264,""mem_b"":156084494,""priority"":""4"",""node"":""kwok-node-6""},{""name"":""rs-21-p4-ldztq"",""cpu_m"":264,""mem_b"":156084494,""priority"":""4"",""node"":""kwok-node-5""},{""name"":""rs-22-p2-fqmn8"",""cpu_m"":274,""mem_b"":972342939,""priority"":""2"",""node"":""kwok-node-29""},{""name"":""rs-23-p4-89l9l"",""cpu_m"":253,""mem_b"":753819933,""priority"":""4"",""node"":""kwok-node-24""},{""name"":""rs-24-p3-5cqsp"",""cpu_m"":876,""mem_b"":732101387,""priority"":""3"",""node"":""kwok-node-14""},{""name"":""rs-24-p3-dhlbs"",""cpu_m"":876,""mem_b"":732101387,""priority"":""3"",""node"":""kwok-node-16""},{""name"":""rs-24-p3-jw9pq"",""cpu_m"":876,""mem_b"":732101387,""priority"":""3"",""node"":""kwok-node-6""},{""name"":""rs-24-p3-qc4w6"",""cpu_m"":876,""mem_b"":732101387,""priority"":""3"",""node"":""kwok-node-5""},{""name"":""rs-25-p3-82t6d"",""cpu_m"":583,""mem_b"":675937908,""priority"":""3"",""node"":""kwok-node-19""},{""name"":""rs-26-p4-4fzqg"",""cpu_m"":303,""mem_b"":710342764,""priority"":""4"",""node"":""kwok-node-22""},{""name"":""rs-26-p4-d4lbd"",""cpu_m"":303,""mem_b"":710342764,""priority"":""4"",""node"":""kwok-node-4""},{""name"":""rs-26-p4-rwzrr"",""cpu_m"":303,""mem_b"":710342764,""priority"":""4"",""node"":""kwok-node-15""},{""name"":""rs-27-p1-q5rrf"",""cpu_m"":982,""mem_b"":202948557,""priority"":""1"",""node"":""""},{""name"":""rs-27-p1-qvttn"",""cpu_m"":982,""mem_b"":202948557,""priority"":""1"",""node"":""kwok-node-30""},{""name"":""rs-28-p4-8xtng"",""cpu_m"":232,""mem_b"":181941316,""priority"":""4"",""node"":""kwok-node-18""},{""name"":""rs-29-p2-5k8xg"",""cpu_m"":715,""mem_b"":924429847,""priority"":""2"",""node"":""kwok-node-8""},{""name"":""rs-29-p2-rnj54"",""cpu_m"":715,""mem_b"":924429847,""priority"":""2"",""node"":""kwok-node-23""},{""name"":""rs-30-p1-xsfdx"",""cpu_m"":228,""mem_b"":594921426,""priority"":""1"",""node"":""""},{""name"":""rs-31-p1-hjmrw"",""cpu_m"":304,""mem_b"":137269447,""priority"":""1"",""node"":""kwok-node-23""},{""name"":""rs-31-p1-s9fsq"",""cpu_m"":304,""mem_b"":137269447,""priority"":""1"",""node"":""kwok-node-10""},{""name"":""rs-32-p1-9j2pl"",""cpu_m"":551,""mem_b"":135154661,""priority"":""1"",""node"":""kwok-node-4""},{""name"":""rs-32-p1-jl65j"",""cpu_m"":551,""mem_b"":135154661,""priority"":""1"",""node"":""kwok-node-21""},{""name"":""rs-32-p1-jx66n"",""cpu_m"":551,""mem_b"":135154661,""priority"":""1"",""node"":""kwok-node-25""},{""name"":""rs-32-p1-sdx5w"",""cpu_m"":551,""mem_b"":135154661,""priority"":""1"",""node"":""kwok-node-32""},{""name"":""rs-33-p4-hc4pd"",""cpu_m"":511,""mem_b"":907215351,""priority"":""4"",""node"":""kwok-node-32""},{""name"":""rs-33-p4-kf4wk"",""cpu_m"":511,""mem_b"":907215351,""priority"":""4"",""node"":""kwok-node-7""},{""name"":""rs-33-p4-tpkk2"",""cpu_m"":511,""mem_b"":907215351,""priority"":""4"",""node"":""kwok-node-26""},{""name"":""rs-34-p1-9kpkg"",""cpu_m"":257,""mem_b"":525070379,""priority"":""1"",""node"":""""},{""name"":""rs-34-p1-b6zfh"",""cpu_m"":257,""mem_b"":525070379,""priority"":""1"",""node"":""kwok-node-19""},{""name"":""rs-34-p1-f9tr2"",""cpu_m"":257,""mem_b"":525070379,""priority"":""1"",""node"":""""},{""name"":""rs-34-p1-w22pt"",""cpu_m"":257,""mem_b"":525070379,""priority"":""1"",""node"":""""},{""name"":""rs-35-p4-mdxn9"",""cpu_m"":547,""mem_b"":101508957,""priority"":""4"",""node"":""kwok-node-24""},{""name"":""rs-35-p4-p2xzc"",""cpu_m"":547,""mem_b"":101508957,""priority"":""4"",""node"":""kwok-node-3""},{""name"":""rs-36-p3-bgxx7"",""cpu_m"":330,""mem_b"":424915638,""priority"":""3"",""node"":""kwok-node-21""},{""name"":""rs-36-p3-d5gcl"",""cpu_m"":330,""mem_b"":424915638,""priority"":""3"",""node"":""kwok-node-9""},{""name"":""rs-36-p3-dq584"",""cpu_m"":330,""mem_b"":424915638,""priority"":""3"",""node"":""kwok-node-4""},{""name"":""rs-36-p3-mcw78"",""cpu_m"":330,""mem_b"":424915638,""priority"":""3"",""node"":""kwok-node-17""},{""name"":""rs-37-p1-2f56d"",""cpu_m"":151,""mem_b"":434883942,""priority"":""1"",""node"":""kwok-node-30""},{""name"":""rs-37-p1-6p9ml"",""cpu_m"":151,""mem_b"":434883942,""priority"":""1"",""node"":""""},{""name"":""rs-37-p1-pz6z6"",""cpu_m"":151,""mem_b"":434883942,""priority"":""1"",""node"":""kwok-node-20""},{""name"":""rs-37-p1-zq85m"",""cpu_m"":151,""mem_b"":434883942,""priority"":""1"",""node"":""""},{""name"":""rs-38-p2-gdgjg"",""cpu_m"":781,""mem_b"":360575447,""priority"":""2"",""node"":""kwok-node-29""},{""name"":""rs-38-p2-ml4d6"",""cpu_m"":781,""mem_b"":360575447,""priority"":""2"",""node"":""kwok-node-2""},{""name"":""rs-38-p2-pj9lw"",""cpu_m"":781,""mem_b"":360575447,""priority"":""2"",""node"":""kwok-node-25""},{""name"":""rs-38-p2-x48h9"",""cpu_m"":781,""mem_b"":360575447,""priority"":""2"",""node"":""kwok-node-20""},{""name"":""rs-39-p4-l9cvl"",""cpu_m"":728,""mem_b"":706443683,""priority"":""4"",""node"":""kwok-node-12""},{""name"":""rs-39-p4-qmsh7"",""cpu_m"":728,""mem_b"":706443683,""priority"":""4"",""node"":""kwok-node-27""},{""name"":""rs-40-p1-755rf"",""cpu_m"":905,""mem_b"":400582773,""priority"":""1"",""node"":""""},{""name"":""rs-40-p1-9c29x"",""cpu_m"":905,""mem_b"":400582773,""priority"":""1"",""node"":""""},{""name"":""rs-41-p4-2zztn"",""cpu_m"":716,""mem_b"":144724280,""priority"":""4"",""node"":""kwok-node-13""},{""name"":""rs-41-p4-9njx9"",""cpu_m"":716,""mem_b"":144724280,""priority"":""4"",""node"":""kwok-node-22""},{""name"":""rs-41-p4-pct59"",""cpu_m"":716,""mem_b"":144724280,""priority"":""4"",""node"":""kwok-node-15""},{""name"":""rs-42-p3-q64h6"",""cpu_m"":885,""mem_b"":708312541,""priority"":""3"",""node"":""kwok-node-32""},{""name"":""rs-42-p3-rgpgp"",""cpu_m"":885,""mem_b"":708312541,""priority"":""3"",""node"":""kwok-node-3""},{""name"":""rs-43-p2-5vq69"",""cpu_m"":149,""mem_b"":292803527,""priority"":""2"",""node"":""kwok-node-3""},{""name"":""rs-43-p2-78s67"",""cpu_m"":149,""mem_b"":292803527,""priority"":""2"",""node"":""kwok-node-1""},{""name"":""rs-43-p2-gvvvw"",""cpu_m"":149,""mem_b"":292803527,""priority"":""2"",""node"":""kwok-node-31""},{""name"":""rs-43-p2-jw4sn"",""cpu_m"":149,""mem_b"":292803527,""priority"":""2"",""node"":""kwok-node-30""},{""name"":""rs-44-p4-54rf8"",""cpu_m"":661,""mem_b"":240530488,""priority"":""4"",""node"":""kwok-node-10""},{""name"":""rs-44-p4-jjhm7"",""cpu_m"":661,""mem_b"":240530488,""priority"":""4"",""node"":""kwok-node-31""},{""name"":""rs-44-p4-q2vv7"",""cpu_m"":661,""mem_b"":240530488,""priority"":""4"",""node"":""kwok-node-27""},{""name"":""rs-44-p4-z8nkt"",""cpu_m"":661,""mem_b"":240530488,""priority"":""4"",""node"":""kwok-node-31""},{""name"":""rs-45-p1-474cw"",""cpu_m"":333,""mem_b"":760070003,""priority"":""1"",""node"":""""},{""name"":""rs-46-p2-62qp2"",""cpu_m"":307,""mem_b"":788781409,""priority"":""2"",""node"":""kwok-node-18""},{""name"":""rs-46-p2-kv4dj"",""cpu_m"":307,""mem_b"":788781409,""priority"":""2"",""node"":""kwok-node-2""},{""name"":""rs-46-p2-vmfsb"",""cpu_m"":307,""mem_b"":788781409,""priority"":""2"",""node"":""kwok-node-10""},{""name"":""rs-46-p2-z448w"",""cpu_m"":307,""mem_b"":788781409,""priority"":""2"",""node"":""kwok-node-20""},{""name"":""rs-47-p4-56gw8"",""cpu_m"":335,""mem_b"":802276061,""priority"":""4"",""node"":""kwok-node-14""},{""name"":""rs-47-p4-8q5tl"",""cpu_m"":335,""mem_b"":802276061,""priority"":""4"",""node"":""kwok-node-16""},{""name"":""rs-47-p4-pk5gd"",""cpu_m"":335,""mem_b"":802276061,""priority"":""4"",""node"":""kwok-node-25""},{""name"":""rs-48-p4-4dgqq"",""cpu_m"":855,""mem_b"":169915534,""priority"":""4"",""node"":""kwok-node-18""},{""name"":""rs-48-p4-4sm7f"",""cpu_m"":855,""mem_b"":169915534,""priority"":""4"",""node"":""kwok-node-12""},{""name"":""rs-49-p4-gtzd9"",""cpu_m"":763,""mem_b"":488556600,""priority"":""4"",""node"":""kwok-node-17""},{""name"":""rs-49-p4-h9t8k"",""cpu_m"":763,""mem_b"":488556600,""priority"":""4"",""node"":""kwok-node-11""},{""name"":""rs-49-p4-vflzn"",""cpu_m"":763,""mem_b"":488556600,""priority"":""4"",""node"":""kwok-node-11""},{""name"":""rs-49-p4-x48rp"",""cpu_m"":763,""mem_b"":488556600,""priority"":""4"",""node"":""kwok-node-4""},{""name"":""rs-50-p3-cwpc4"",""cpu_m"":167,""mem_b"":519986723,""priority"":""3"",""node"":""kwok-node-24""},{""name"":""rs-51-p2-xxmlh"",""cpu_m"":545,""mem_b"":869353266,""priority"":""2"",""node"":""kwok-node-28""},{""name"":""rs-52-p4-2dsx7"",""cpu_m"":405,""mem_b"":149636320,""priority"":""4"",""node"":""kwok-node-9""}]","[{""name"":""rs-01-p3-5nfpj"",""cpu_m"":569,""mem_b"":378458754,""priority"":""3"",""node"":""kwok-node-1""},{""name"":""rs-01-p3-h8q5d"",""cpu_m"":569,""mem_b"":378458754,""priority"":""3"",""node"":""kwok-node-13""},{""name"":""rs-02-p1-cmzm7"",""cpu_m"":430,""mem_b"":338760032,""priority"":""1"",""node"":""kwok-node-10""},{""name"":""rs-03-p3-7hwfr"",""cpu_m"":520,""mem_b"":816059079,""priority"":""3"",""node"":""kwok-node-21""},{""name"":""rs-03-p3-s879x"",""cpu_m"":520,""mem_b"":816059079,""priority"":""3"",""node"":""kwok-node-17""},{""name"":""rs-04-p4-6866x"",""cpu_m"":198,""mem_b"":301456816,""priority"":""4"",""node"":""kwok-node-12""},{""name"":""rs-04-p4-rj88j"",""cpu_m"":198,""mem_b"":301456816,""priority"":""4"",""node"":""kwok-node-11""},{""name"":""rs-04-p4-sw2rx"",""cpu_m"":198,""mem_b"":301456816,""priority"":""4"",""node"":""kwok-node-22""},{""name"":""rs-04-p4-ttxzb"",""cpu_m"":198,""mem_b"":301456816,""priority"":""4"",""node"":""kwok-node-15""},{""name"":""rs-05-p2-89r8c"",""cpu_m"":845,""mem_b"":593740151,""priority"":""2"",""node"":""kwok-node-2""},{""name"":""rs-05-p2-8ckdm"",""cpu_m"":845,""mem_b"":593740151,""priority"":""2"",""node"":""kwok-node-19""},{""name"":""rs-05-p2-t94nq"",""cpu_m"":845,""mem_b"":593740151,""priority"":""2"",""node"":""kwok-node-23""},{""name"":""rs-06-p1-c877v"",""cpu_m"":594,""mem_b"":689729956,""priority"":""1"",""node"":""kwok-node-16""},{""name"":""rs-06-p1-fntnc"",""cpu_m"":594,""mem_b"":689729956,""priority"":""1"",""node"":""kwok-node-14""},{""name"":""rs-06-p1-mfpww"",""cpu_m"":594,""mem_b"":689729956,""priority"":""1"",""node"":""kwok-node-20""},{""name"":""rs-07-p1-fzkwh"",""cpu_m"":447,""mem_b"":317737480,""priority"":""1"",""node"":""kwok-node-27""},{""name"":""rs-07-p1-g422l"",""cpu_m"":447,""mem_b"":317737480,""priority"":""1"",""node"":""kwok-node-25""},{""name"":""rs-07-p1-l8tvh"",""cpu_m"":447,""mem_b"":317737480,""priority"":""1"",""node"":""kwok-node-18""},{""name"":""rs-07-p1-r4k4c"",""cpu_m"":447,""mem_b"":317737480,""priority"":""1"",""node"":""kwok-node-26""},{""name"":""rs-08-p1-2vdgh"",""cpu_m"":715,""mem_b"":247111796,""priority"":""1"",""node"":""kwok-node-24""},{""name"":""rs-08-p1-682sk"",""cpu_m"":715,""mem_b"":247111796,""priority"":""1"",""node"":""kwok-node-3""},{""name"":""rs-08-p1-6f8pj"",""cpu_m"":715,""mem_b"":247111796,""priority"":""1"",""node"":""kwok-node-30""},{""name"":""rs-08-p1-skdz7"",""cpu_m"":715,""mem_b"":247111796,""priority"":""1"",""node"":""kwok-node-29""},{""name"":""rs-09-p4-294wm"",""cpu_m"":703,""mem_b"":101123162,""priority"":""4"",""node"":""kwok-node-15""},{""name"":""rs-09-p4-vtd4l"",""cpu_m"":703,""mem_b"":101123162,""priority"":""4"",""node"":""kwok-node-28""},{""name"":""rs-09-p4-xrx5l"",""cpu_m"":703,""mem_b"":101123162,""priority"":""4"",""node"":""kwok-node-22""},{""name"":""rs-10-p4-2hxl9"",""cpu_m"":123,""mem_b"":416634882,""priority"":""4"",""node"":""kwok-node-11""},{""name"":""rs-10-p4-79mkk"",""cpu_m"":123,""mem_b"":416634882,""priority"":""4"",""node"":""kwok-node-18""},{""name"":""rs-10-p4-hcfb8"",""cpu_m"":123,""mem_b"":416634882,""priority"":""4"",""node"":""kwok-node-12""},{""name"":""rs-10-p4-w8zmk"",""cpu_m"":123,""mem_b"":416634882,""priority"":""4"",""node"":""kwok-node-25""},{""name"":""rs-11-p4-pw26k"",""cpu_m"":477,""mem_b"":819601906,""priority"":""4"",""node"":""kwok-node-31""},{""name"":""rs-12-p2-d95hq"",""cpu_m"":873,""mem_b"":517791791,""priority"":""2"",""node"":""kwok-node-8""},{""name"":""rs-13-p1-6m68k"",""cpu_m"":973,""mem_b"":771446130,""priority"":""1"",""node"":""kwok-node-32""},{""name"":""rs-14-p1-4m9x8"",""cpu_m"":896,""mem_b"":315138966,""priority"":""1"",""node"":""kwok-node-4""},{""name"":""rs-15-p2-7z5m2"",""cpu_m"":245,""mem_b"":519848840,""priority"":""2"",""node"":""kwok-node-5""},{""name"":""rs-15-p2-jp9k5"",""cpu_m"":245,""mem_b"":519848840,""priority"":""2"",""node"":""kwok-node-6""},{""name"":""rs-16-p2-7n2vg"",""cpu_m"":489,""mem_b"":125573906,""priority"":""2"",""node"":""kwok-node-7""},{""name"":""rs-16-p2-ptwj2"",""cpu_m"":489,""mem_b"":125573906,""priority"":""2"",""node"":""kwok-node-9""},{""name"":""rs-17-p4-b6q97"",""cpu_m"":555,""mem_b"":479902248,""priority"":""4"",""node"":""kwok-node-7""},{""name"":""rs-17-p4-d8z62"",""cpu_m"":555,""mem_b"":479902248,""priority"":""4"",""node"":""kwok-node-10""},{""name"":""rs-17-p4-gtvwc"",""cpu_m"":555,""mem_b"":479902248,""priority"":""4"",""node"":""kwok-node-26""},{""name"":""rs-17-p4-tzvkp"",""cpu_m"":555,""mem_b"":479902248,""priority"":""4"",""node"":""kwok-node-27""},{""name"":""rs-18-p3-7zsn8"",""cpu_m"":531,""mem_b"":828477887,""priority"":""3"",""node"":""kwok-node-9""},{""name"":""rs-18-p3-tmdhp"",""cpu_m"":531,""mem_b"":828477887,""priority"":""3"",""node"":""kwok-node-30""},{""name"":""rs-19-p3-kq55p"",""cpu_m"":659,""mem_b"":792963662,""priority"":""3"",""node"":""kwok-node-13""},{""name"":""rs-19-p3-p7b65"",""cpu_m"":659,""mem_b"":792963662,""priority"":""3"",""node"":""kwok-node-28""},{""name"":""rs-19-p3-qh9qz"",""cpu_m"":659,""mem_b"":792963662,""priority"":""3"",""node"":""kwok-node-1""},{""name"":""rs-20-p3-rqkw2"",""cpu_m"":210,""mem_b"":680834749,""priority"":""3"",""node"":""kwok-node-3""},{""name"":""rs-21-p4-4pz6z"",""cpu_m"":264,""mem_b"":156084494,""priority"":""4"",""node"":""kwok-node-20""},{""name"":""rs-21-p4-k2jb6"",""cpu_m"":264,""mem_b"":156084494,""priority"":""4"",""node"":""kwok-node-6""},{""name"":""rs-21-p4-ldztq"",""cpu_m"":264,""mem_b"":156084494,""priority"":""4"",""node"":""kwok-node-5""},{""name"":""rs-22-p2-fqmn8"",""cpu_m"":274,""mem_b"":972342939,""priority"":""2"",""node"":""kwok-node-29""},{""name"":""rs-23-p4-89l9l"",""cpu_m"":253,""mem_b"":753819933,""priority"":""4"",""node"":""kwok-node-24""},{""name"":""rs-24-p3-5cqsp"",""cpu_m"":876,""mem_b"":732101387,""priority"":""3"",""node"":""kwok-node-14""},{""name"":""rs-24-p3-dhlbs"",""cpu_m"":876,""mem_b"":732101387,""priority"":""3"",""node"":""kwok-node-16""},{""name"":""rs-24-p3-jw9pq"",""cpu_m"":876,""mem_b"":732101387,""priority"":""3"",""node"":""kwok-node-6""},{""name"":""rs-24-p3-qc4w6"",""cpu_m"":876,""mem_b"":732101387,""priority"":""3"",""node"":""kwok-node-5""},{""name"":""rs-25-p3-82t6d"",""cpu_m"":583,""mem_b"":675937908,""priority"":""3"",""node"":""kwok-node-19""},{""name"":""rs-26-p4-4fzqg"",""cpu_m"":303,""mem_b"":710342764,""priority"":""4"",""node"":""kwok-node-22""},{""name"":""rs-26-p4-d4lbd"",""cpu_m"":303,""mem_b"":710342764,""priority"":""4"",""node"":""kwok-node-4""},{""name"":""rs-26-p4-rwzrr"",""cpu_m"":303,""mem_b"":710342764,""priority"":""4"",""node"":""kwok-node-15""},{""name"":""rs-27-p1-nnxsv"",""cpu_m"":982,""mem_b"":202948557,""priority"":""1"",""node"":""kwok-node-11""},{""name"":""rs-27-p1-nvrdk"",""cpu_m"":982,""mem_b"":202948557,""priority"":""1"",""node"":""kwok-node-12""},{""name"":""rs-28-p4-8xtng"",""cpu_m"":232,""mem_b"":181941316,""priority"":""4"",""node"":""kwok-node-18""},{""name"":""rs-29-p2-5k8xg"",""cpu_m"":715,""mem_b"":924429847,""priority"":""2"",""node"":""kwok-node-8""},{""name"":""rs-29-p2-rnj54"",""cpu_m"":715,""mem_b"":924429847,""priority"":""2"",""node"":""kwok-node-23""},{""name"":""rs-30-p1-tr69s"",""cpu_m"":228,""mem_b"":594921426,""priority"":""1"",""node"":""kwok-node-2""},{""name"":""rs-31-p1-bjhvf"",""cpu_m"":304,""mem_b"":137269447,""priority"":""1"",""node"":""kwok-node-31""},{""name"":""rs-31-p1-p8vdv"",""cpu_m"":304,""mem_b"":137269447,""priority"":""1"",""node"":""kwok-node-25""},{""name"":""rs-32-p1-9vh2d"",""cpu_m"":551,""mem_b"":135154661,""priority"":""1"",""node"":""kwok-node-21""},{""name"":""rs-32-p1-gpmc9"",""cpu_m"":551,""mem_b"":135154661,""priority"":""1"",""node"":""kwok-node-17""},{""name"":""rs-32-p1-q8v5z"",""cpu_m"":551,""mem_b"":135154661,""priority"":""1"",""node"":""kwok-node-31""},{""name"":""rs-32-p1-r4h6l"",""cpu_m"":551,""mem_b"":135154661,""priority"":""1"",""node"":""kwok-node-18""},{""name"":""rs-33-p4-hc4pd"",""cpu_m"":511,""mem_b"":907215351,""priority"":""4"",""node"":""kwok-node-32""},{""name"":""rs-33-p4-kf4wk"",""cpu_m"":511,""mem_b"":907215351,""priority"":""4"",""node"":""kwok-node-7""},{""name"":""rs-33-p4-tpkk2"",""cpu_m"":511,""mem_b"":907215351,""priority"":""4"",""node"":""kwok-node-26""},{""name"":""rs-34-p1-5kpfr"",""cpu_m"":257,""mem_b"":525070379,""priority"":""1"",""node"":""kwok-node-10""},{""name"":""rs-34-p1-cv4pz"",""cpu_m"":257,""mem_b"":525070379,""priority"":""1"",""node"":""kwok-node-27""},{""name"":""rs-34-p1-lhmsx"",""cpu_m"":257,""mem_b"":525070379,""priority"":""1"",""node"":""kwok-node-25""},{""name"":""rs-34-p1-njs64"",""cpu_m"":257,""mem_b"":525070379,""priority"":""1"",""node"":""kwok-node-20""},{""name"":""rs-35-p4-mdxn9"",""cpu_m"":547,""mem_b"":101508957,""priority"":""4"",""node"":""kwok-node-24""},{""name"":""rs-35-p4-p2xzc"",""cpu_m"":547,""mem_b"":101508957,""priority"":""4"",""node"":""kwok-node-3""},{""name"":""rs-36-p3-bgxx7"",""cpu_m"":330,""mem_b"":424915638,""priority"":""3"",""node"":""kwok-node-21""},{""name"":""rs-36-p3-d5gcl"",""cpu_m"":330,""mem_b"":424915638,""priority"":""3"",""node"":""kwok-node-9""},{""name"":""rs-36-p3-dq584"",""cpu_m"":330,""mem_b"":424915638,""priority"":""3"",""node"":""kwok-node-4""},{""name"":""rs-36-p3-mcw78"",""cpu_m"":330,""mem_b"":424915638,""priority"":""3"",""node"":""kwok-node-17""},{""name"":""rs-37-p1-gz88p"",""cpu_m"":151,""mem_b"":434883942,""priority"":""1"",""node"":""kwok-node-12""},{""name"":""rs-37-p1-kdsn6"",""cpu_m"":151,""mem_b"":434883942,""priority"":""1"",""node"":""kwok-node-18""},{""name"":""rs-37-p1-rq7ql"",""cpu_m"":151,""mem_b"":434883942,""priority"":""1"",""node"":""kwok-node-11""},{""name"":""rs-37-p1-xnhvb"",""cpu_m"":151,""mem_b"":434883942,""priority"":""1"",""node"":""kwok-node-28""},{""name"":""rs-38-p2-gdgjg"",""cpu_m"":781,""mem_b"":360575447,""priority"":""2"",""node"":""kwok-node-29""},{""name"":""rs-38-p2-ml4d6"",""cpu_m"":781,""mem_b"":360575447,""priority"":""2"",""node"":""kwok-node-2""},{""name"":""rs-38-p2-pj9lw"",""cpu_m"":781,""mem_b"":360575447,""priority"":""2"",""node"":""kwok-node-25""},{""name"":""rs-38-p2-x48h9"",""cpu_m"":781,""mem_b"":360575447,""priority"":""2"",""node"":""kwok-node-20""},{""name"":""rs-39-p4-l9cvl"",""cpu_m"":728,""mem_b"":706443683,""priority"":""4"",""node"":""""},{""name"":""rs-39-p4-qmsh7"",""cpu_m"":728,""mem_b"":706443683,""priority"":""4"",""node"":""""},{""name"":""rs-40-p1-755rf"",""cpu_m"":905,""mem_b"":400582773,""priority"":""1"",""node"":""""},{""name"":""rs-40-p1-9c29x"",""cpu_m"":905,""mem_b"":400582773,""priority"":""1"",""node"":""""},{""name"":""rs-41-p4-2zztn"",""cpu_m"":716,""mem_b"":144724280,""priority"":""4"",""node"":""kwok-node-13""},{""name"":""rs-41-p4-9njx9"",""cpu_m"":716,""mem_b"":144724280,""priority"":""4"",""node"":""kwok-node-22""},{""name"":""rs-41-p4-pct59"",""cpu_m"":716,""mem_b"":144724280,""priority"":""4"",""node"":""kwok-node-15""},{""name"":""rs-42-p3-q64h6"",""cpu_m"":885,""mem_b"":708312541,""priority"":""3"",""node"":""""},{""name"":""rs-42-p3-rgpgp"",""cpu_m"":885,""mem_b"":708312541,""priority"":""3"",""node"":""""},{""name"":""rs-43-p2-5vq69"",""cpu_m"":149,""mem_b"":292803527,""priority"":""2"",""node"":""kwok-node-3""},{""name"":""rs-43-p2-78s67"",""cpu_m"":149,""mem_b"":292803527,""priority"":""2"",""node"":""kwok-node-1""},{""name"":""rs-43-p2-gvvvw"",""cpu_m"":149,""mem_b"":292803527,""priority"":""2"",""node"":""kwok-node-31""},{""name"":""rs-43-p2-jw4sn"",""cpu_m"":149,""mem_b"":292803527,""priority"":""2"",""node"":""kwok-node-30""},{""name"":""rs-44-p4-54rf8"",""cpu_m"":661,""mem_b"":240530488,""priority"":""4"",""node"":""kwok-node-10""},{""name"":""rs-44-p4-jjhm7"",""cpu_m"":661,""mem_b"":240530488,""priority"":""4"",""node"":""""},{""name"":""rs-44-p4-q2vv7"",""cpu_m"":661,""mem_b"":240530488,""priority"":""4"",""node"":""kwok-node-27""},{""name"":""rs-44-p4-z8nkt"",""cpu_m"":661,""mem_b"":240530488,""priority"":""4"",""node"":""""},{""name"":""rs-45-p1-474cw"",""cpu_m"":333,""mem_b"":760070003,""priority"":""1"",""node"":""""},{""name"":""rs-46-p2-62qp2"",""cpu_m"":307,""mem_b"":788781409,""priority"":""2"",""node"":""""},{""name"":""rs-46-p2-kv4dj"",""cpu_m"":307,""mem_b"":788781409,""priority"":""2"",""node"":""""},{""name"":""rs-46-p2-vmfsb"",""cpu_m"":307,""mem_b"":788781409,""priority"":""2"",""node"":""""},{""name"":""rs-46-p2-z448w"",""cpu_m"":307,""mem_b"":788781409,""priority"":""2"",""node"":""""},{""name"":""rs-47-p4-56gw8"",""cpu_m"":335,""mem_b"":802276061,""priority"":""4"",""node"":""""},{""name"":""rs-47-p4-8q5tl"",""cpu_m"":335,""mem_b"":802276061,""priority"":""4"",""node"":""""},{""name"":""rs-47-p4-pk5gd"",""cpu_m"":335,""mem_b"":802276061,""priority"":""4"",""node"":""""},{""name"":""rs-48-p4-4dgqq"",""cpu_m"":855,""mem_b"":169915534,""priority"":""4"",""node"":""""},{""name"":""rs-48-p4-4sm7f"",""cpu_m"":855,""mem_b"":169915534,""priority"":""4"",""node"":""""},{""name"":""rs-49-p4-gtzd9"",""cpu_m"":763,""mem_b"":488556600,""priority"":""4"",""node"":""""},{""name"":""rs-49-p4-h9t8k"",""cpu_m"":763,""mem_b"":488556600,""priority"":""4"",""node"":""""},{""name"":""rs-49-p4-vflzn"",""cpu_m"":763,""mem_b"":488556600,""priority"":""4"",""node"":""""},{""name"":""rs-49-p4-x48rp"",""cpu_m"":763,""mem_b"":488556600,""priority"":""4"",""node"":""""},{""name"":""rs-50-p3-cwpc4"",""cpu_m"":167,""mem_b"":519986723,""priority"":""3"",""node"":""kwok-node-24""},{""name"":""rs-51-p2-xxmlh"",""cpu_m"":545,""mem_b"":869353266,""priority"":""2"",""node"":""""},{""name"":""rs-52-p4-2dsx7"",""cpu_m"":405,""mem_b"":149636320,""priority"":""4"",""node"":""kwok-node-9""}]","[{""name"":""kwok-node-1"",""cap_cpu_m"":1955,""cap_mem_bytes"":1797640163},{""name"":""kwok-node-2"",""cap_cpu_m"":1955,""cap_mem_bytes"":1797640163},{""name"":""kwok-node-3"",""cap_cpu_m"":1955,""cap_mem_bytes"":1797640163},{""name"":""kwok-node-4"",""cap_cpu_m"":1955,""cap_mem_bytes"":1797640163},{""name"":""kwok-node-5"",""cap_cpu_m"":1955,""cap_mem_bytes"":1797640163},{""name"":""kwok-node-6"",""cap_cpu_m"":1955,""cap_mem_bytes"":1797640163},{""name"":""kwok-node-7"",""cap_cpu_m"":1955,""cap_mem_bytes"":1797640163},{""name"":""kwok-node-8"",""cap_cpu_m"":1955,""cap_mem_bytes"":1797640163},{""name"":""kwok-node-9"",""cap_cpu_m"":1955,""cap_mem_bytes"":1797640163},{""name"":""kwok-node-10"",""cap_cpu_m"":1955,""cap_mem_bytes"":1797640163},{""name"":""kwok-node-11"",""cap_cpu_m"":1955,""cap_mem_bytes"":1797640163},{""name"":""kwok-node-12"",""cap_cpu_m"":1955,""cap_mem_bytes"":1797640163},{""name"":""kwok-node-13"",""cap_cpu_m"":1955,""cap_mem_bytes"":1797640163},{""name"":""kwok-node-14"",""cap_cpu_m"":1955,""cap_mem_bytes"":1797640163},{""name"":""kwok-node-15"",""cap_cpu_m"":1955,""cap_mem_bytes"":1797640163},{""name"":""kwok-node-16"",""cap_cpu_m"":1955,""cap_mem_bytes"":1797640163},{""name"":""kwok-node-17"",""cap_cpu_m"":1955,""cap_mem_bytes"":1797640163},{""name"":""kwok-node-18"",""cap_cpu_m"":1955,""cap_mem_bytes"":1797640163},{""name"":""kwok-node-19"",""cap_cpu_m"":1955,""cap_mem_bytes"":1797640163},{""name"":""kwok-node-20"",""cap_cpu_m"":1955,""cap_mem_bytes"":1797640163},{""name"":""kwok-node-21"",""cap_cpu_m"":1955,""cap_mem_bytes"":1797640163},{""name"":""kwok-node-22"",""cap_cpu_m"":1955,""cap_mem_bytes"":1797640163},{""name"":""kwok-node-23"",""cap_cpu_m"":1955,""cap_mem_bytes"":1797640163},{""name"":""kwok-node-24"",""cap_cpu_m"":1955,""cap_mem_bytes"":1797640163},{""name"":""kwok-node-25"",""cap_cpu_m"":1955,""cap_mem_bytes"":1797640163},{""name"":""kwok-node-26"",""cap_cpu_m"":1955,""cap_mem_bytes"":1797640163},{""name"":""kwok-node-27"",""cap_cpu_m"":1955,""cap_mem_bytes"":1797640163},{""name"":""kwok-node-28"",""cap_cpu_m"":1955,""cap_mem_bytes"":1797640163},{""name"":""kwok-node-29"",""cap_cpu_m"":1955,""cap_mem_bytes"":1797640163},{""name"":""kwok-node-30"",""cap_cpu_m"":1955,""cap_mem_bytes"":1797640163},{""name"":""kwok-node-31"",""cap_cpu_m"":1955,""cap_mem_bytes"":1797640163},{""name"":""kwok-node-32"",""cap_cpu_m"":1955,""cap_mem_bytes"":1797640163}]"
2026/02/11/11:38:33,1503191614089492773,,"{""evicted"":0,""moved"":0,""placed_by_priority"":{""1"":28,""2"":30,""3"":23,""4"":31}}",python,"{""evicted"":7,""moved"":4,""placed_by_priority"":{""1"":22,""2"":36,""3"":27,""4"":31}}",694,OPTIMAL,"[{""duration_ms"":694,""name"":""python"",""score"":{""evicted"":7,""moved"":4,""placed_by_priority"":{""1"":22,""2"":36,""3"":27,""4"":31}},""status"":""OPTIMAL""}]",0.930,0.894,0.903,0.873,57711,55461,59766433664,57807350403,116,112,12,16,"{""kwok-node-1"":4,""kwok-node-10"":3,""kwok-node-11"":3,""kwok-node-12"":3,""kwok-node-13"":4,""kwok-node-14"":4,""kwok-node-15"":4,""kwok-node-16"":4,""kwok-node-17"":3,""kwok-node-18"":3,""kwok-node-19"":3,""kwok-node-2"":4,""kwok-node-20"":3,""kwok-node-21"":3,""kwok-node-22"":5,""kwok-node-23"":3,""kwok-node-24"":5,""kwok-node-25"":3,""kwok-node-26"":5,""kwok-node-27"":3,""kwok-node-28"":3,""kwok-node-29"":3,""kwok-node-3"":3,""kwok-node-30"":4,""kwok-node-31"":3,""kwok-node-32"":4,""kwok-node-4"":4,""kwok-node-5"":4,""kwok-node-6"":3,""kwok-node-7"":5,""kwok-node-8"":4,""kwok-node-9"":4}","{""kwok-node-1"":4,""kwok-node-10"":3,""kwok-node-11"":3,""kwok-node-12"":3,""kwok-node-13"":4,""kwok-node-14"":4,""kwok-node-15"":4,""kwok-node-16"":3,""kwok-node-17"":3,""kwok-node-18"":3,""kwok-node-19"":3,""kwok-node-2"":3,""kwok-node-20"":3,""kwok-node-21"":3,""kwok-node-22"":5,""kwok-node-23"":3,""kwok-node-24"":4,""kwok-node-25"":3,""kwok-node-26"":4,""kwok-node-27"":3,""kwok-node-28"":3,""kwok-node-29"":3,""kwok-node-3"":3,""kwok-node-30"":4,""kwok-node-31"":3,""kwok-node-32"":4,""kwok-node-4"":4,""kwok-node-5"":4,""kwok-node-6"":3,""kwok-node-7"":5,""kwok-node-8"":4,""kwok-node-9"":4}","{""p1"":22,""p2"":36,""p3"":27,""p4"":31}","{""p1"":28,""p2"":30,""p3"":23,""p4"":31}","{""p1"":12}","{""p1"":6,""p2"":6,""p3"":4}","{rs-24-p1-8vln2,rs-24-p1-sp4nj,rs-24-p1-swjsn,rs-29-p1-h8bvd,rs-29-p1-lbr92,rs-29-p1-qszp8,rs-30-p1-zsvgk,rs-36-p1-fw47v,rs-36-p1-g7w4z,rs-36-p1-lf74x,rs-40-p1-crr5p,rs-47-p1-5ljjr}","{rs-32-p3-6cf7c,rs-32-p3-7lh49,rs-36-p1-fw47v,rs-36-p1-g7w4z,rs-36-p1-lf74x,rs-37-p1-c977g,rs-38-p2-9tlp9,rs-38-p2-mx5j5,rs-40-p1-crr5p,rs-41-p3-8qh25,rs-41-p3-gdc85,rs-44-p2-8mfnm,rs-45-p2-77qlw,rs-45-p2-b8cck,rs-45-p2-r2gct,rs-47-p1-5ljjr}","{rs-01-p4-dmwlg,rs-01-p4-pwf5b,rs-01-p4-t2hfc,rs-01-p4-zgwvt,rs-02-p4-sfcd7,rs-03-p1-4lxqd,rs-03-p1-9gfjt,rs-03-p1-vx8f5,rs-04-p3-824ds,rs-04-p3-hdqnw,rs-04-p3-wnxkq,rs-05-p3-9zk9p,rs-05-p3-p858t,rs-05-p3-xx4mr,rs-06-p4-292gm,rs-06-p4-55cb5,rs-06-p4-8xkhl,rs-06-p4-94zfz,rs-07-p2-2482k,rs-07-p2-5jxxw,rs-07-p2-vc2f2,rs-08-p3-5qpbv,rs-08-p3-9ffjr,rs-08-p3-hndrz,rs-08-p3-t6ck8,rs-09-p2-t7zk6,rs-09-p2-tqhxl,rs-10-p2-fxxzh,rs-10-p2-htm5n,rs-10-p2-jb8xz,rs-10-p2-pt9s4,rs-11-p1-75ghm,rs-11-p1-ffrwh,rs-11-p1-ghvtx,rs-11-p1-pgjr8,rs-12-p4-7bmb9,rs-12-p4-7z4kx,rs-12-p4-brr8m,rs-12-p4-kk82v,rs-13-p2-qdw4r,rs-14-p1-gn2w8,rs-15-p3-wr48l,rs-15-p3-xgmgc,rs-15-p3-zm9nl,rs-16-p2-2269q,rs-16-p2-6z2bl,rs-17-p2-5qn2t,rs-17-p2-jz6ff,rs-17-p2-nmbx9,rs-18-p3-htxkv,rs-18-p3-jzdgn,rs-18-p3-z8h4w,rs-19-p4-4lslz,rs-19-p4-g4zqv,rs-19-p4-t64wg,rs-19-p4-zvjp4,rs-20-p2-g95gt,rs-20-p2-qvz69,rs-20-p2-r8b6l,rs-21-p2-jvjd4,rs-21-p2-vrflk,rs-21-p2-wqfzr,rs-21-p2-xmh7f,rs-22-p2-qblhd,rs-23-p3-bxwkg,rs-24-p1-6cv8d,rs-25-p2-tj4q8,rs-26-p2-6tt4s,rs-26-p2-8w6cv,rs-26-p2-gxq7p,rs-27-p4-84f6g,rs-27-p4-dvqcd,rs-27-p4-nvq69,rs-28-p3-m7kqn,rs-28-p3-mmgb8,rs-30-p1-dffdn,rs-30-p1-hrj2p,rs-30-p1-n6c4h,rs-31-p4-7g27g,rs-31-p4-l6m8b,rs-31-p4-mzxj6,rs-32-p3-6cf7c,rs-32-p3-7lh49,rs-33-p3-nwqfc,rs-33-p3-wht4x,rs-34-p2-6rpvd,rs-34-p2-9d78p,rs-34-p2-xsfsh,rs-35-p4-4tf7b,rs-35-p4-8sxm8,rs-35-p4-gvj29,rs-35-p4-skj9k,rs-37-p1-c977g,rs-37-p1-cmbtr,rs-37-p1-nw777,rs-38-p2-9tlp9,rs-38-p2-mx5j5,rs-39-p4-5qxd7,rs-39-p4-bffsw,rs-39-p4-vk8pw,rs-39-p4-wn8sh,rs-41-p3-8qh25,rs-41-p3-gdc85,rs-42-p3-k4m2x,rs-42-p3-t6sf5,rs-43-p1-c98ww,rs-43-p1-m27p4,rs-43-p1-qhn7h,rs-44-p2-8mfnm,rs-45-p2-77qlw,rs-45-p2-b8cck,rs-45-p2-r2gct,rs-46-p1-dxqmf,rs-46-p1-gvggs,rs-46-p1-jqwsg,rs-46-p1-smhsv}","{rs-01-p4-dmwlg,rs-01-p4-pwf5b,rs-01-p4-t2hfc,rs-01-p4-zgwvt,rs-02-p4-sfcd7,rs-03-p1-4lxqd,rs-03-p1-9gfjt,rs-03-p1-vx8f5,rs-04-p3-824ds,rs-04-p3-hdqnw,rs-04-p3-wnxkq,rs-05-p3-9zk9p,rs-05-p3-p858t,rs-05-p3-xx4mr,rs-06-p4-292gm,rs-06-p4-55cb5,rs-06-p4-8xkhl,rs-06-p4-94zfz,rs-07-p2-2482k,rs-07-p2-5jxxw,rs-07-p2-vc2f2,rs-08-p3-5qpbv,rs-08-p3-9ffjr,rs-08-p3-hndrz,rs-08-p3-t6ck8,rs-09-p2-t7zk6,rs-09-p2-tqhxl,rs-10-p2-fxxzh,rs-10-p2-htm5n,rs-10-p2-jb8xz,rs-10-p2-pt9s4,rs-11-p1-75ghm,rs-11-p1-9w7xk,rs-11-p1-b4rd7,rs-11-p1-ghvtx,rs-12-p4-7bmb9,rs-12-p4-7z4kx,rs-12-p4-brr8m,rs-12-p4-kk82v,rs-13-p2-qdw4r,rs-14-p1-gn2w8,rs-15-p3-wr48l,rs-15-p3-xgmgc,rs-15-p3-zm9nl,rs-16-p2-2269q,rs-16-p2-6z2bl,rs-17-p2-5qn2t,rs-17-p2-jz6ff,rs-17-p2-nmbx9,rs-18-p3-htxkv,rs-18-p3-jzdgn,rs-18-p3-z8h4w,rs-19-p4-4lslz,rs-19-p4-g4zqv,rs-19-p4-t64wg,rs-19-p4-zvjp4,rs-20-p2-g95gt,rs-20-p2-qvz69,rs-20-p2-r8b6l,rs-21-p2-jvjd4,rs-21-p2-vrflk,rs-21-p2-wqfzr,rs-21-p2-xmh7f,rs-22-p2-qblhd,rs-23-p3-bxwkg,rs-24-p1-6cv8d,rs-24-p1-99hjk,rs-24-p1-np5cp,rs-24-p1-wtxpm,rs-25-p2-tj4q8,rs-26-p2-6tt4s,rs-26-p2-8w6cv,rs-26-p2-gxq7p,rs-27-p4-84f6g,rs-27-p4-dvqcd,rs-27-p4-nvq69,rs-28-p3-m7kqn,rs-28-p3-mmgb8,rs-29-p1-8mj4x,rs-29-p1-fxgvc,rs-29-p1-wmhzr,rs-30-p1-fhrm5,rs-30-p1-jq5xl,rs-30-p1-n6c4h,rs-30-p1-pbm6z,rs-31-p4-7g27g,rs-31-p4-l6m8b,rs-31-p4-mzxj6,rs-33-p3-nwqfc,rs-33-p3-wht4x,rs-34-p2-6rpvd,rs-34-p2-9d78p,rs-34-p2-xsfsh,rs-35-p4-4tf7b,rs-35-p4-8sxm8,rs-35-p4-gvj29,rs-35-p4-skj9k,rs-37-p1-cmbtr,rs-37-p1-nw777,rs-39-p4-5qxd7,rs-39-p4-bffsw,rs-39-p4-vk8pw,rs-39-p4-wn8sh,rs-42-p3-k4m2x,rs-42-p3-t6sf5,rs-43-p1-c98ww,rs-43-p1-m27p4,rs-43-p1-qhn7h,rs-46-p1-dxqmf,rs-46-p1-gvggs,rs-46-p1-jqwsg,rs-46-p1-smhsv}","[{""name"":""rs-01-p4-dmwlg"",""cpu_m"":154,""mem_b"":620010011,""priority"":""4"",""node"":""kwok-node-14""},{""name"":""rs-01-p4-pwf5b"",""cpu_m"":154,""mem_b"":620010011,""priority"":""4"",""node"":""kwok-node-13""},{""name"":""rs-01-p4-t2hfc"",""cpu_m"":154,""mem_b"":620010011,""priority"":""4"",""node"":""kwok-node-16""},{""name"":""rs-01-p4-zgwvt"",""cpu_m"":154,""mem_b"":620010011,""priority"":""4"",""node"":""kwok-node-15""},{""name"":""rs-02-p4-sfcd7"",""cpu_m"":813,""mem_b"":870876985,""priority"":""4"",""node"":""kwok-node-10""},{""name"":""rs-03-p1-4lxqd"",""cpu_m"":438,""mem_b"":991641437,""priority"":""1"",""node"":""kwok-node-20""},{""name"":""rs-03-p1-9gfjt"",""cpu_m"":438,""mem_b"":991641437,""priority"":""1"",""node"":""kwok-node-23""},{""name"":""rs-03-p1-vx8f5"",""cpu_m"":438,""mem_b"":991641437,""priority"":""1"",""node"":""kwok-node-19""},{""name"":""rs-04-p3-824ds"",""cpu_m"":589,""mem_b"":243103281,""priority"":""3"",""node"":""kwok-node-1""},{""name"":""rs-04-p3-hdqnw"",""cpu_m"":589,""mem_b"":243103281,""priority"":""3"",""node"":""kwok-node-12""},{""name"":""rs-04-p3-wnxkq"",""cpu_m"":589,""mem_b"":243103281,""priority"":""3"",""node"":""kwok-node-22""},{""name"":""rs-05-p3-9zk9p"",""cpu_m"":543,""mem_b"":641908843,""priority"":""3"",""node"":""kwok-node-17""},{""name"":""rs-05-p3-p858t"",""cpu_m"":543,""mem_b"":641908843,""priority"":""3"",""node"":""kwok-node-21""},{""name"":""rs-05-p3-xx4mr"",""cpu_m"":543,""mem_b"":641908843,""priority"":""3"",""node"":""kwok-node-2""},{""name"":""rs-06-p4-292gm"",""cpu_m"":241,""mem_b"":340223535,""priority"":""4"",""node"":""kwok-node-24""},{""name"":""rs-06-p4-55cb5"",""cpu_m"":241,""mem_b"":340223535,""priority"":""4"",""node"":""kwok-node-11""},{""name"":""rs-06-p4-8xkhl"",""cpu_m"":241,""mem_b"":340223535,""priority"":""4"",""node"":""kwok-node-18""},{""name"":""rs-06-p4-94zfz"",""cpu_m"":241,""mem_b"":340223535,""priority"":""4"",""node"":""kwok-node-22""},{""name"":""rs-07-p2-2482k"",""cpu_m"":832,""mem_b"":357702623,""priority"":""2"",""node"":""kwok-node-26""},{""name"":""rs-07-p2-5jxxw"",""cpu_m"":832,""mem_b"":357702623,""priority"":""2"",""node"":""kwok-node-25""},{""name"":""rs-07-p2-vc2f2"",""cpu_m"":832,""mem_b"":357702623,""priority"":""2"",""node"":""kwok-node-29""},{""name"":""rs-08-p3-5qpbv"",""cpu_m"":356,""mem_b"":895675897,""priority"":""3"",""node"":""kwok-node-30""},{""name"":""rs-08-p3-9ffjr"",""cpu_m"":356,""mem_b"":895675897,""priority"":""3"",""node"":""kwok-node-27""},{""name"":""rs-08-p3-hndrz"",""cpu_m"":356,""mem_b"":895675897,""priority"":""3"",""node"":""kwok-node-28""},{""name"":""rs-08-p3-t6ck8"",""cpu_m"":356,""mem_b"":895675897,""priority"":""3"",""node"":""kwok-node-3""},{""name"":""rs-09-p2-t7zk6"",""cpu_m"":761,""mem_b"":743394457,""priority"":""2"",""node"":""kwok-node-18""},{""name"":""rs-09-p2-tqhxl"",""cpu_m"":761,""mem_b"":743394457,""priority"":""2"",""node"":""kwok-node-11""},{""name"":""rs-10-p2-fxxzh"",""cpu_m"":710,""mem_b"":128401070,""priority"":""2"",""node"":""kwok-node-16""},{""name"":""rs-10-p2-htm5n"",""cpu_m"":710,""mem_b"":128401070,""priority"":""2"",""node"":""kwok-node-15""},{""name"":""rs-10-p2-jb8xz"",""cpu_m"":710,""mem_b"":128401070,""priority"":""2"",""node"":""kwok-node-13""},{""name"":""rs-10-p2-pt9s4"",""cpu_m"":710,""mem_b"":128401070,""priority"":""2"",""node"":""kwok-node-14""},{""name"":""rs-11-p1-75ghm"",""cpu_m"":443,""mem_b"":258688619,""priority"":""1"",""node"":""kwok-node-4""},{""name"":""rs-11-p1-ffrwh"",""cpu_m"":443,""mem_b"":258688619,""priority"":""1"",""node"":""kwok-node-24""},{""name"":""rs-11-p1-ghvtx"",""cpu_m"":443,""mem_b"":258688619,""priority"":""1"",""node"":""kwok-node-24""},{""name"":""rs-11-p1-pgjr8"",""cpu_m"":443,""mem_b"":258688619,""priority"":""1"",""node"":""kwok-node-2""},{""name"":""rs-12-p4-7bmb9"",""cpu_m"":643,""mem_b"":401806246,""priority"":""4"",""node"":""kwok-node-9""},{""name"":""rs-12-p4-7z4kx"",""cpu_m"":643,""mem_b"":401806246,""priority"":""4"",""node"":""kwok-node-8""},{""name"":""rs-12-p4-brr8m"",""cpu_m"":643,""mem_b"":401806246,""priority"":""4"",""node"":""kwok-node-7""},{""name"":""rs-12-p4-kk82v"",""cpu_m"":643,""mem_b"":401806246,""priority"":""4"",""node"":""kwok-node-5""},{""name"":""rs-13-p2-qdw4r"",""cpu_m"":862,""mem_b"":367715918,""priority"":""2"",""node"":""kwok-node-6""},{""name"":""rs-14-p1-gn2w8"",""cpu_m"":100,""mem_b"":905373117,""priority"":""1"",""node"":""kwok-node-12""},{""name"":""rs-15-p3-wr48l"",""cpu_m"":785,""mem_b"":881854026,""priority"":""3"",""node"":""kwok-node-4""},{""name"":""rs-15-p3-xgmgc"",""cpu_m"":785,""mem_b"":881854026,""priority"":""3"",""node"":""kwok-node-31""},{""name"":""rs-15-p3-zm9nl"",""cpu_m"":785,""mem_b"":881854026,""priority"":""3"",""node"":""kwok-node-32""},{""name"":""rs-16-p2-2269q"",""cpu_m"":390,""mem_b"":437627551,""priority"":""2"",""node"":""kwok-node-2""},{""name"":""rs-16-p2-6z2bl"",""cpu_m"":390,""mem_b"":437627551,""priority"":""2"",""node"":""kwok-node-1""},{""name"":""rs-17-p2-5qn2t"",""cpu_m"":191,""mem_b"":415806775,""priority"":""2"",""node"":""kwok-node-9""},{""name"":""rs-17-p2-jz6ff"",""cpu_m"":191,""mem_b"":415806775,""priority"":""2"",""node"":""kwok-node-5""},{""name"":""rs-17-p2-nmbx9"",""cpu_m"":191,""mem_b"":415806775,""priority"":""2"",""node"":""kwok-node-8""},{""name"":""rs-18-p3-htxkv"",""cpu_m"":801,""mem_b"":478639201,""priority"":""3"",""node"":""kwok-node-27""},{""name"":""rs-18-p3-jzdgn"",""cpu_m"":801,""mem_b"":478639201,""priority"":""3"",""node"":""kwok-node-28""},{""name"":""rs-18-p3-z8h4w"",""cpu_m"":801,""mem_b"":478639201,""priority"":""3"",""node"":""kwok-node-30""},{""name"":""rs-19-p4-4lslz"",""cpu_m"":686,""mem_b"":235651029,""priority"":""4"",""node"":""kwok-node-3""},{""name"":""rs-19-p4-g4zqv"",""cpu_m"":686,""mem_b"":235651029,""priority"":""4"",""node"":""kwok-node-19""},{""name"":""rs-19-p4-t64wg"",""cpu_m"":686,""mem_b"":235651029,""priority"":""4"",""node"":""kwok-node-20""},{""name"":""rs-19-p4-zvjp4"",""cpu_m"":686,""mem_b"":235651029,""priority"":""4"",""node"":""kwok-node-23""},{""name"":""rs-20-p2-g95gt"",""cpu_m"":107,""mem_b"":853354688,""priority"":""2"",""node"":""kwok-node-29""},{""name"":""rs-20-p2-qvz69"",""cpu_m"":107,""mem_b"":853354688,""priority"":""2"",""node"":""kwok-node-6""},{""name"":""rs-20-p2-r8b6l"",""cpu_m"":107,""mem_b"":853354688,""priority"":""2"",""node"":""kwok-node-25""},{""name"":""rs-21-p2-jvjd4"",""cpu_m"":299,""mem_b"":488923691,""priority"":""2"",""node"":""kwok-node-7""},{""name"":""rs-21-p2-vrflk"",""cpu_m"":299,""mem_b"":488923691,""priority"":""2"",""node"":""kwok-node-21""},{""name"":""rs-21-p2-wqfzr"",""cpu_m"":299,""mem_b"":488923691,""priority"":""2"",""node"":""kwok-node-24""},{""name"":""rs-21-p2-xmh7f"",""cpu_m"":299,""mem_b"":488923691,""priority"":""2"",""node"":""kwok-node-17""},{""name"":""rs-22-p2-qblhd"",""cpu_m"":442,""mem_b"":500660683,""priority"":""2"",""node"":""kwok-node-5""},{""name"":""rs-23-p3-bxwkg"",""cpu_m"":973,""mem_b"":624789115,""priority"":""3"",""node"":""kwok-node-12""},{""name"":""rs-24-p1-6cv8d"",""cpu_m"":610,""mem_b"":924113682,""priority"":""1"",""node"":""kwok-node-22""},{""name"":""rs-24-p1-8vln2"",""cpu_m"":610,""mem_b"":924113682,""priority"":""1"",""node"":""""},{""name"":""rs-24-p1-sp4nj"",""cpu_m"":610,""mem_b"":924113682,""priority"":""1"",""node"":""""},{""name"":""rs-24-p1-swjsn"",""cpu_m"":610,""mem_b"":924113682,""priority"":""1"",""node"":""""},{""name"":""rs-25-p2-tj4q8"",""cpu_m"":122,""mem_b"":771281706,""priority"":""2"",""node"":""kwok-node-1""},{""name"":""rs-26-p2-6tt4s"",""cpu_m"":815,""mem_b"":486581510,""priority"":""2"",""node"":""kwok-node-10""},{""name"":""rs-26-p2-8w6cv"",""cpu_m"":815,""mem_b"":486581510,""priority"":""2"",""node"":""kwok-node-8""},{""name"":""rs-26-p2-gxq7p"",""cpu_m"":815,""mem_b"":486581510,""priority"":""2"",""node"":""kwok-node-9""},{""name"":""rs-27-p4-84f6g"",""cpu_m"":438,""mem_b"":658540781,""priority"":""4"",""node"":""kwok-node-15""},{""name"":""rs-27-p4-dvqcd"",""cpu_m"":438,""mem_b"":658540781,""priority"":""4"",""node"":""kwok-node-7""},{""name"":""rs-27-p4-nvq69"",""cpu_m"":438,""mem_b"":658540781,""priority"":""4"",""node"":""kwok-node-13""},{""name"":""rs-28-p3-m7kqn"",""cpu_m"":968,""mem_b"":298715552,""priority"":""3"",""node"":""kwok-node-17""},{""name"":""rs-28-p3-mmgb8"",""cpu_m"":968,""mem_b"":298715552,""priority"":""3"",""node"":""kwok-node-21""},{""name"":""rs-29-p1-h8bvd"",""cpu_m"":961,""mem_b"":601081266,""priority"":""1"",""node"":""""},{""name"":""rs-29-p1-lbr92"",""cpu_m"":961,""mem_b"":601081266,""priority"":""1"",""node"":""""},{""name"":""rs-29-p1-qszp8"",""cpu_m"":961,""mem_b"":601081266,""priority"":""1"",""node"":""""},{""name"":""rs-30-p1-dffdn"",""cpu_m"":294,""mem_b"":728787371,""priority"":""1"",""node"":""kwok-node-26""},{""name"":""rs-30-p1-hrj2p"",""cpu_m"":294,""mem_b"":728787371,""priority"":""1"",""node"":""kwok-node-16""},{""name"":""rs-30-p1-n6c4h"",""cpu_m"":294,""mem_b"":728787371,""priority"":""1"",""node"":""kwok-node-31""},{""name"":""rs-30-p1-zsvgk"",""cpu_m"":294,""mem_b"":728787371,""priority"":""1"",""node"":""""},{""name"":""rs-31-p4-7g27g"",""cpu_m"":665,""mem_b"":587818197,""priority"":""4"",""node"":""kwok-node-3""},{""name"":""rs-31-p4-l6m8b"",""cpu_m"":665,""mem_b"":587818197,""priority"":""4"",""node"":""kwok-node-6""},{""name"":""rs-31-p4-mzxj6"",""cpu_m"":665,""mem_b"":587818197,""priority"":""4"",""node"":""kwok-node-23""},{""name"":""rs-32-p3-6cf7c"",""cpu_m"":911,""mem_b"":894678613,""priority"":""3"",""node"":""kwok-node-11""},{""name"":""rs-32-p3-7lh49"",""cpu_m"":911,""mem_b"":894678613,""priority"":""3"",""node"":""kwok-node-18""},{""name"":""rs-33-p3-nwqfc"",""cpu_m"":806,""mem_b"":329011578,""priority"":""3"",""node"":""kwok-node-20""},{""name"":""rs-33-p3-wht4x"",""cpu_m"":806,""mem_b"":329011578,""priority"":""3"",""node"":""kwok-node-1""},{""name"":""rs-34-p2-6rpvd"",""cpu_m"":669,""mem_b"":483782473,""priority"":""2"",""node"":""kwok-node-28""},{""name"":""rs-34-p2-9d78p"",""cpu_m"":669,""mem_b"":483782473,""priority"":""2"",""node"":""kwok-node-19""},{""name"":""rs-34-p2-xsfsh"",""cpu_m"":669,""mem_b"":483782473,""priority"":""2"",""node"":""kwok-node-27""},{""name"":""rs-35-p4-4tf7b"",""cpu_m"":371,""mem_b"":220763645,""priority"":""4"",""node"":""kwok-node-5""},{""name"":""rs-35-p4-8sxm8"",""cpu_m"":371,""mem_b"":220763645,""priority"":""4"",""node"":""kwok-node-30""},{""name"":""rs-35-p4-gvj29"",""cpu_m"":371,""mem_b"":220763645,""priority"":""4"",""node"":""kwok-node-32""},{""name"":""rs-35-p4-skj9k"",""cpu_m"":371,""mem_b"":220763645,""priority"":""4"",""node"":""kwok-node-4""},{""name"":""rs-36-p1-fw47v"",""cpu_m"":225,""mem_b"":944650413,""priority"":""1"",""node"":""""},{""name"":""rs-36-p1-g7w4z"",""cpu_m"":225,""mem_b"":944650413,""priority"":""1"",""node"":""""},{""name"":""rs-36-p1-lf74x"",""cpu_m"":225,""mem_b"":944650413,""priority"":""1"",""node"":""""},{""name"":""rs-37-p1-c977g"",""cpu_m"":605,""mem_b"":475035207,""priority"":""1"",""node"":""kwok-node-16""},{""name"":""rs-37-p1-cmbtr"",""cpu_m"":605,""mem_b"":475035207,""priority"":""1"",""node"":""kwok-node-13""},{""name"":""rs-37-p1-nw777"",""cpu_m"":605,""mem_b"":475035207,""priority"":""1"",""node"":""kwok-node-15""},{""name"":""rs-38-p2-9tlp9"",""cpu_m"":507,""mem_b"":703387520,""priority"":""2"",""node"":""kwok-node-2""},{""name"":""rs-38-p2-mx5j5"",""cpu_m"":507,""mem_b"":703387520,""priority"":""2"",""node"":""kwok-node-24""},{""name"":""rs-39-p4-5qxd7"",""cpu_m"":133,""mem_b"":104586433,""priority"":""4"",""node"":""kwok-node-26""},{""name"":""rs-39-p4-bffsw"",""cpu_m"":133,""mem_b"":104586433,""priority"":""4"",""node"":""kwok-node-22""},{""name"":""rs-39-p4-vk8pw"",""cpu_m"":133,""mem_b"":104586433,""priority"":""4"",""node"":""kwok-node-30""},{""name"":""rs-39-p4-wn8sh"",""cpu_m"":133,""mem_b"":104586433,""priority"":""4"",""node"":""kwok-node-7""},{""name"":""rs-40-p1-crr5p"",""cpu_m"":982,""mem_b"":876380213,""priority"":""1"",""node"":""""},{""name"":""rs-41-p3-8qh25"",""cpu_m"":640,""mem_b"":446887968,""priority"":""3"",""node"":""kwok-node-31""},{""name"":""rs-41-p3-gdc85"",""cpu_m"":640,""mem_b"":446887968,""priority"":""3"",""node"":""kwok-node-32""},{""name"":""rs-42-p3-k4m2x"",""cpu_m"":128,""mem_b"":466644295,""priority"":""3"",""node"":""kwok-node-32""},{""name"":""rs-42-p3-t6sf5"",""cpu_m"":128,""mem_b"":466644295,""priority"":""3"",""node"":""kwok-node-26""},{""name"":""rs-43-p1-c98ww"",""cpu_m"":313,""mem_b"":340759696,""priority"":""1"",""node"":""kwok-node-14""},{""name"":""rs-43-p1-m27p4"",""cpu_m"":313,""mem_b"":340759696,""priority"":""1"",""node"":""kwok-node-7""},{""name"":""rs-43-p1-qhn7h"",""cpu_m"":313,""mem_b"":340759696,""priority"":""1"",""node"":""kwok-node-22""},{""name"":""rs-44-p2-8mfnm"",""cpu_m"":478,""mem_b"":355668133,""priority"":""2"",""node"":""kwok-node-26""},{""name"":""rs-45-p2-77qlw"",""cpu_m"":686,""mem_b"":780947978,""priority"":""2"",""node"":""kwok-node-14""},{""name"":""rs-45-p2-b8cck"",""cpu_m"":686,""mem_b"":780947978,""priority"":""2"",""node"":""kwok-node-25""},{""name"":""rs-45-p2-r2gct"",""cpu_m"":686,""mem_b"":780947978,""priority"":""2"",""node"":""kwok-node-29""},{""name"":""rs-46-p1-dxqmf"",""cpu_m"":158,""mem_b"":701886573,""priority"":""1"",""node"":""kwok-node-9""},{""name"":""rs-46-p1-gvggs"",""cpu_m"":158,""mem_b"":701886573,""priority"":""1"",""node"":""kwok-node-4""},{""name"":""rs-46-p1-jqwsg"",""cpu_m"":158,""mem_b"":701886573,""priority"":""1"",""node"":""kwok-node-8""},{""name"":""rs-46-p1-smhsv"",""cpu_m"":158,""mem_b"":701886573,""priority"":""1"",""node"":""kwok-node-10""},{""name"":""rs-47-p1-5ljjr"",""cpu_m"":762,""mem_b"":708489628,""priority"":""1"",""node"":""""}]","[{""name"":""rs-01-p4-dmwlg"",""cpu_m"":154,""mem_b"":620010011,""priority"":""4"",""node"":""kwok-node-14""},{""name"":""rs-01-p4-pwf5b"",""cpu_m"":154,""mem_b"":620010011,""priority"":""4"",""node"":""kwok-node-13""},{""name"":""rs-01-p4-t2hfc"",""cpu_m"":154,""mem_b"":620010011,""priority"":""4"",""node"":""kwok-node-16""},{""name"":""rs-01-p4-zgwvt"",""cpu_m"":154,""mem_b"":620010011,""priority"":""4"",""node"":""kwok-node-15""},{""name"":""rs-02-p4-sfcd7"",""cpu_m"":813,""mem_b"":870876985,""priority"":""4"",""node"":""kwok-node-10""},{""name"":""rs-03-p1-4lxqd"",""cpu_m"":438,""mem_b"":991641437,""priority"":""1"",""node"":""kwok-node-20""},{""name"":""rs-03-p1-9gfjt"",""cpu_m"":438,""mem_b"":991641437,""priority"":""1"",""node"":""kwok-node-23""},{""name"":""rs-03-p1-vx8f5"",""cpu_m"":438,""mem_b"":991641437,""priority"":""1"",""node"":""kwok-node-19""},{""name"":""rs-04-p3-824ds"",""cpu_m"":589,""mem_b"":243103281,""priority"":""3"",""node"":""kwok-node-1""},{""name"":""rs-04-p3-hdqnw"",""cpu_m"":589,""mem_b"":243103281,""priority"":""3"",""node"":""kwok-node-12""},{""name"":""rs-04-p3-wnxkq"",""cpu_m"":589,""mem_b"":243103281,""priority"":""3"",""node"":""kwok-node-22""},{""name"":""rs-05-p3-9zk9p"",""cpu_m"":543,""mem_b"":641908843,""priority"":""3"",""node"":""kwok-node-17""},{""name"":""rs-05-p3-p858t"",""cpu_m"":543,""mem_b"":641908843,""priority"":""3"",""node"":""kwok-node-21""},{""name"":""rs-05-p3-xx4mr"",""cpu_m"":543,""mem_b"":641908843,""priority"":""3"",""node"":""kwok-node-2""},{""name"":""rs-06-p4-292gm"",""cpu_m"":241,""mem_b"":340223535,""priority"":""4"",""node"":""kwok-node-24""},{""name"":""rs-06-p4-55cb5"",""cpu_m"":241,""mem_b"":340223535,""priority"":""4"",""node"":""kwok-node-11""},{""name"":""rs-06-p4-8xkhl"",""cpu_m"":241,""mem_b"":340223535,""priority"":""4"",""node"":""kwok-node-18""},{""name"":""rs-06-p4-94zfz"",""cpu_m"":241,""mem_b"":340223535,""priority"":""4"",""node"":""kwok-node-22""},{""name"":""rs-07-p2-2482k"",""cpu_m"":832,""mem_b"":357702623,""priority"":""2"",""node"":""kwok-node-26""},{""name"":""rs-07-p2-5jxxw"",""cpu_m"":832,""mem_b"":357702623,""priority"":""2"",""node"":""kwok-node-25""},{""name"":""rs-07-p2-vc2f2"",""cpu_m"":832,""mem_b"":357702623,""priority"":""2"",""node"":""kwok-node-29""},{""name"":""rs-08-p3-5qpbv"",""cpu_m"":356,""mem_b"":895675897,""priority"":""3"",""node"":""kwok-node-30""},{""name"":""rs-08-p3-9ffjr"",""cpu_m"":356,""mem_b"":895675897,""priority"":""3"",""node"":""kwok-node-27""},{""name"":""rs-08-p3-hndrz"",""cpu_m"":356,""mem_b"":895675897,""priority"":""3"",""node"":""kwok-node-28""},{""name"":""rs-08-p3-t6ck8"",""cpu_m"":356,""mem_b"":895675897,""priority"":""3"",""node"":""kwok-node-3""},{""name"":""rs-09-p2-t7zk6"",""cpu_m"":761,""mem_b"":743394457,""priority"":""2"",""node"":""kwok-node-18""},{""name"":""rs-09-p2-tqhxl"",""cpu_m"":761,""mem_b"":743394457,""priority"":""2"",""node"":""kwok-node-11""},{""name"":""rs-10-p2-fxxzh"",""cpu_m"":710,""mem_b"":128401070,""priority"":""2"",""node"":""kwok-node-16""},{""name"":""rs-10-p2-htm5n"",""cpu_m"":710,""mem_b"":128401070,""priority"":""2"",""node"":""kwok-node-15""},{""name"":""rs-10-p2-jb8xz"",""cpu_m"":710,""mem_b"":128401070,""priority"":""2"",""node"":""kwok-node-13""},{""name"":""rs-10-p2-pt9s4"",""cpu_m"":710,""mem_b"":128401070,""priority"":""2"",""node"":""kwok-node-14""},{""name"":""rs-11-p1-75ghm"",""cpu_m"":443,""mem_b"":258688619,""priority"":""1"",""node"":""kwok-node-4""},{""name"":""rs-11-p1-9w7xk"",""cpu_m"":443,""mem_b"":258688619,""priority"":""1"",""node"":""kwok-node-32""},{""name"":""rs-11-p1-b4rd7"",""cpu_m"":443,""mem_b"":258688619,""priority"":""1"",""node"":""kwok-node-31""},{""name"":""rs-11-p1-ghvtx"",""cpu_m"":443,""mem_b"":258688619,""priority"":""1"",""node"":""kwok-node-24""},{""name"":""rs-12-p4-7bmb9"",""cpu_m"":643,""mem_b"":401806246,""priority"":""4"",""node"":""kwok-node-9""},{""name"":""rs-12-p4-7z4kx"",""cpu_m"":643,""mem_b"":401806246,""priority"":""4"",""node"":""kwok-node-8""},{""name"":""rs-12-p4-brr8m"",""cpu_m"":643,""mem_b"":401806246,""priority"":""4"",""node"":""kwok-node-7""},{""name"":""rs-12-p4-kk82v"",""cpu_m"":643,""mem_b"":401806246,""priority"":""4"",""node"":""kwok-node-5""},{""name"":""rs-13-p2-qdw4r"",""cpu_m"":862,""mem_b"":367715918,""priority"":""2"",""node"":""kwok-node-6""},{""name"":""rs-14-p1-gn2w8"",""cpu_m"":100,""mem_b"":905373117,""priority"":""1"",""node"":""kwok-node-12""},{""name"":""rs-15-p3-wr48l"",""cpu_m"":785,""mem_b"":881854026,""priority"":""3"",""node"":""kwok-node-4""},{""name"":""rs-15-p3-xgmgc"",""cpu_m"":785,""mem_b"":881854026,""priority"":""3"",""node"":""kwok-node-31""},{""name"":""rs-15-p3-zm9nl"",""cpu_m"":785,""mem_b"":881854026,""priority"":""3"",""node"":""kwok-node-32""},{""name"":""rs-16-p2-2269q"",""cpu_m"":390,""mem_b"":437627551,""priority"":""2"",""node"":""kwok-node-2""},{""name"":""rs-16-p2-6z2bl"",""cpu_m"":390,""mem_b"":437627551,""priority"":""2"",""node"":""kwok-node-1""},{""name"":""rs-17-p2-5qn2t"",""cpu_m"":191,""mem_b"":415806775,""priority"":""2"",""node"":""kwok-node-9""},{""name"":""rs-17-p2-jz6ff"",""cpu_m"":191,""mem_b"":415806775,""priority"":""2"",""node"":""kwok-node-5""},{""name"":""rs-17-p2-nmbx9"",""cpu_m"":191,""mem_b"":415806775,""priority"":""2"",""node"":""kwok-node-8""},{""name"":""rs-18-p3-htxkv"",""cpu_m"":801,""mem_b"":478639201,""priority"":""3"",""node"":""kwok-node-27""},{""name"":""rs-18-p3-jzdgn"",""cpu_m"":801,""mem_b"":478639201,""priority"":""3"",""node"":""kwok-node-28""},{""name"":""rs-18-p3-z8h4w"",""cpu_m"":801,""mem_b"":478639201,""priority"":""3"",""node"":""kwok-node-30""},{""name"":""rs-19-p4-4lslz"",""cpu_m"":686,""mem_b"":235651029,""priority"":""4"",""node"":""kwok-node-3""},{""name"":""rs-19-p4-g4zqv"",""cpu_m"":686,""mem_b"":235651029,""priority"":""4"",""node"":""kwok-node-19""},{""name"":""rs-19-p4-t64wg"",""cpu_m"":686,""mem_b"":235651029,""priority"":""4"",""node"":""kwok-node-20""},{""name"":""rs-19-p4-zvjp4"",""cpu_m"":686,""mem_b"":235651029,""priority"":""4"",""node"":""kwok-node-23""},{""name"":""rs-20-p2-g95gt"",""cpu_m"":107,""mem_b"":853354688,""priority"":""2"",""node"":""kwok-node-29""},{""name"":""rs-20-p2-qvz69"",""cpu_m"":107,""mem_b"":853354688,""priority"":""2"",""node"":""kwok-node-6""},{""name"":""rs-20-p2-r8b6l"",""cpu_m"":107,""mem_b"":853354688,""priority"":""2"",""node"":""kwok-node-25""},{""name"":""rs-21-p2-jvjd4"",""cpu_m"":299,""mem_b"":488923691,""priority"":""2"",""node"":""kwok-node-7""},{""name"":""rs-21-p2-vrflk"",""cpu_m"":299,""mem_b"":488923691,""priority"":""2"",""node"":""kwok-node-21""},{""name"":""rs-21-p2-wqfzr"",""cpu_m"":299,""mem_b"":488923691,""priority"":""2"",""node"":""kwok-node-24""},{""name"":""rs-21-p2-xmh7f"",""cpu_m"":299,""mem_b"":488923691,""priority"":""2"",""node"":""kwok-node-17""},{""name"":""rs-22-p2-qblhd"",""cpu_m"":442,""mem_b"":500660683,""priority"":""2"",""node"":""kwok-node-5""},{""name"":""rs-23-p3-bxwkg"",""cpu_m"":973,""mem_b"":624789115,""priority"":""3"",""node"":""kwok-node-12""},{""name"":""rs-24-p1-6cv8d"",""cpu_m"":610,""mem_b"":924113682,""priority"":""1"",""node"":""kwok-node-22""},{""name"":""rs-24-p1-99hjk"",""cpu_m"":610,""mem_b"":924113682,""priority"":""1"",""node"":""kwok-node-16""},{""name"":""rs-24-p1-np5cp"",""cpu_m"":610,""mem_b"":924113682,""priority"":""1"",""node"":""kwok-node-26""},{""name"":""rs-24-p1-wtxpm"",""cpu_m"":610,""mem_b"":924113682,""priority"":""1"",""node"":""kwok-node-14""},{""name"":""rs-25-p2-tj4q8"",""cpu_m"":122,""mem_b"":771281706,""priority"":""2"",""node"":""kwok-node-1""},{""name"":""rs-26-p2-6tt4s"",""cpu_m"":815,""mem_b"":486581510,""priority"":""2"",""node"":""kwok-node-10""},{""name"":""rs-26-p2-8w6cv"",""cpu_m"":815,""mem_b"":486581510,""priority"":""2"",""node"":""kwok-node-8""},{""name"":""rs-26-p2-gxq7p"",""cpu_m"":815,""mem_b"":486581510,""priority"":""2"",""node"":""kwok-node-9""},{""name"":""rs-27-p4-84f6g"",""cpu_m"":438,""mem_b"":658540781,""priority"":""4"",""node"":""kwok-node-15""},{""name"":""rs-27-p4-dvqcd"",""cpu_m"":438,""mem_b"":658540781,""priority"":""4"",""node"":""kwok-node-7""},{""name"":""rs-27-p4-nvq69"",""cpu_m"":438,""mem_b"":658540781,""priority"":""4"",""node"":""kwok-node-13""},{""name"":""rs-28-p3-m7kqn"",""cpu_m"":968,""mem_b"":298715552,""priority"":""3"",""node"":""kwok-node-17""},{""name"":""rs-28-p3-mmgb8"",""cpu_m"":968,""mem_b"":298715552,""priority"":""3"",""node"":""kwok-node-21""},{""name"":""rs-29-p1-8mj4x"",""cpu_m"":961,""mem_b"":601081266,""priority"":""1"",""node"":""kwok-node-25""},{""name"":""rs-29-p1-fxgvc"",""cpu_m"":961,""mem_b"":601081266,""priority"":""1"",""node"":""kwok-node-29""},{""name"":""rs-29-p1-wmhzr"",""cpu_m"":961,""mem_b"":601081266,""priority"":""1"",""node"":""kwok-node-2""},{""name"":""rs-30-p1-fhrm5"",""cpu_m"":294,""mem_b"":728787371,""priority"":""1"",""node"":""kwok-node-24""},{""name"":""rs-30-p1-jq5xl"",""cpu_m"":294,""mem_b"":728787371,""priority"":""1"",""node"":""kwok-node-18""},{""name"":""rs-30-p1-n6c4h"",""cpu_m"":294,""mem_b"":728787371,""priority"":""1"",""node"":""kwok-node-31""},{""name"":""rs-30-p1-pbm6z"",""cpu_m"":294,""mem_b"":728787371,""priority"":""1"",""node"":""kwok-node-11""},{""name"":""rs-31-p4-7g27g"",""cpu_m"":665,""mem_b"":587818197,""priority"":""4"",""node"":""kwok-node-3""},{""name"":""rs-31-p4-l6m8b"",""cpu_m"":665,""mem_b"":587818197,""priority"":""4"",""node"":""kwok-node-6""},{""name"":""rs-31-p4-mzxj6"",""cpu_m"":665,""mem_b"":587818197,""priority"":""4"",""node"":""kwok-node-23""},{""name"":""rs-32-p3-6cf7c"",""cpu_m"":911,""mem_b"":894678613,""priority"":""3"",""node"":""""},{""name"":""rs-32-p3-7lh49"",""cpu_m"":911,""mem_b"":894678613,""priority"":""3"",""node"":""""},{""name"":""rs-33-p3-nwqfc"",""cpu_m"":806,""mem_b"":329011578,""priority"":""3"",""node"":""kwok-node-20""},{""name"":""rs-33-p3-wht4x"",""cpu_m"":806,""mem_b"":329011578,""priority"":""3"",""node"":""kwok-node-1""},{""name"":""rs-34-p2-6rpvd"",""cpu_m"":669,""mem_b"":483782473,""priority"":""2"",""node"":""kwok-node-28""},{""name"":""rs-34-p2-9d78p"",""cpu_m"":669,""mem_b"":483782473,""priority"":""2"",""node"":""kwok-node-19""},{""name"":""rs-34-p2-xsfsh"",""cpu_m"":669,""mem_b"":483782473,""priority"":""2"",""node"":""kwok-node-27""},{""name"":""rs-35-p4-4tf7b"",""cpu_m"":371,""mem_b"":220763645,""priority"":""4"",""node"":""kwok-node-5""},{""name"":""rs-35-p4-8sxm8"",""cpu_m"":371,""mem_b"":220763645,""priority"":""4"",""node"":""kwok-node-30""},{""name"":""rs-35-p4-gvj29"",""cpu_m"":371,""mem_b"":220763645,""priority"":""4"",""node"":""kwok-node-32""},{""name"":""rs-35-p4-skj9k"",""cpu_m"":371,""mem_b"":220763645,""priority"":""4"",""node"":""kwok-node-4""},{""name"":""rs-36-p1-fw47v"",""cpu_m"":225,""mem_b"":944650413,""priority"":""1"",""node"":""""},{""name"":""rs-36-p1-g7w4z"",""cpu_m"":225,""mem_b"":944650413,""priority"":""1"",""node"":""""},{""name"":""rs-36-p1-lf74x"",""cpu_m"":225,""mem_b"":944650413,""priority"":""1"",""node"":""""},{""name"":""rs-37-p1-c977g"",""cpu_m"":605,""mem_b"":475035207,""priority"":""1"",""node"":""""},{""name"":""rs-37-p1-cmbtr"",""cpu_m"":605,""mem_b"":475035207,""priority"":""1"",""node"":""kwok-node-13""},{""name"":""rs-37-p1-nw777"",""cpu_m"":605,""mem_b"":475035207,""priority"":""1"",""node"":""kwok-node-15""},{""name"":""rs-38-p2-9tlp9"",""cpu_m"":507,""mem_b"":703387520,""priority"":""2"",""node"":""""},{""name"":""rs-38-p2-mx5j5"",""cpu_m"":507,""mem_b"":703387520,""priority"":""2"",""node"":""""},{""name"":""rs-39-p4-5qxd7"",""cpu_m"":133,""mem_b"":104586433,""priority"":""4"",""node"":""kwok-node-26""},{""name"":""rs-39-p4-bffsw"",""cpu_m"":133,""mem_b"":104586433,""priority"":""4"",""node"":""kwok-node-22""},{""name"":""rs-39-p4-vk8pw"",""cpu_m"":133,""mem_b"":104586433,""priority"":""4"",""node"":""kwok-node-30""},{""name"":""rs-39-p4-wn8sh"",""cpu_m"":133,""mem_b"":104586433,""priority"":""4"",""node"":""kwok-node-7""},{""name"":""rs-40-p1-crr5p"",""cpu_m"":982,""mem_b"":876380213,""priority"":""1"",""node"":""""},{""name"":""rs-41-p3-8qh25"",""cpu_m"":640,""mem_b"":446887968,""priority"":""3"",""node"":""""},{""name"":""rs-41-p3-gdc85"",""cpu_m"":640,""mem_b"":446887968,""priority"":""3"",""node"":""""},{""name"":""rs-42-p3-k4m2x"",""cpu_m"":128,""mem_b"":466644295,""priority"":""3"",""node"":""kwok-node-32""},{""name"":""rs-42-p3-t6sf5"",""cpu_m"":128,""mem_b"":466644295,""priority"":""3"",""node"":""kwok-node-26""},{""name"":""rs-43-p1-c98ww"",""cpu_m"":313,""mem_b"":340759696,""priority"":""1"",""node"":""kwok-node-14""},{""name"":""rs-43-p1-m27p4"",""cpu_m"":313,""mem_b"":340759696,""priority"":""1"",""node"":""kwok-node-7""},{""name"":""rs-43-p1-qhn7h"",""cpu_m"":313,""mem_b"":340759696,""priority"":""1"",""node"":""kwok-node-22""},{""name"":""rs-44-p2-8mfnm"",""cpu_m"":478,""mem_b"":355668133,""priority"":""2"",""node"":""""},{""name"":""rs-45-p2-77qlw"",""cpu_m"":686,""mem_b"":780947978,""priority"":""2"",""node"":""""},{""name"":""rs-45-p2-b8cck"",""cpu_m"":686,""mem_b"":780947978,""priority"":""2"",""node"":""""},{""name"":""rs-45-p2-r2gct"",""cpu_m"":686,""mem_b"":780947978,""priority"":""2"",""node"":""""},{""name"":""rs-46-p1-dxqmf"",""cpu_m"":158,""mem_b"":701886573,""priority"":""1"",""node"":""kwok-node-9""},{""name"":""rs-46-p1-gvggs"",""cpu_m"":158,""mem_b"":701886573,""priority"":""1"",""node"":""kwok-node-4""},{""name"":""rs-46-p1-jqwsg"",""cpu_m"":158,""mem_b"":701886573,""priority"":""1"",""node"":""kwok-node-8""},{""name"":""rs-46-p1-smhsv"",""cpu_m"":158,""mem_b"":701886573,""priority"":""1"",""node"":""kwok-node-10""},{""name"":""rs-47-p1-5ljjr"",""cpu_m"":762,""mem_b"":708489628,""priority"":""1"",""node"":""""}]","[{""name"":""kwok-node-1"",""cap_cpu_m"":1939,""cap_mem_bytes"":2068143660},{""name"":""kwok-node-2"",""cap_cpu_m"":1939,""cap_mem_bytes"":2068143660},{""name"":""kwok-node-3"",""cap_cpu_m"":1939,""cap_mem_bytes"":2068143660},{""name"":""kwok-node-4"",""cap_cpu_m"":1939,""cap_mem_bytes"":2068143660},{""name"":""kwok-node-5"",""cap_cpu_m"":1939,""cap_mem_bytes"":2068143660},{""name"":""kwok-node-6"",""cap_cpu_m"":1939,""cap_mem_bytes"":2068143660},{""name"":""kwok-node-7"",""cap_cpu_m"":1939,""cap_mem_bytes"":2068143660},{""name"":""kwok-node-8"",""cap_cpu_m"":1939,""cap_mem_bytes"":2068143660},{""name"":""kwok-node-9"",""cap_cpu_m"":1939,""cap_mem_bytes"":2068143660},{""name"":""kwok-node-10"",""cap_cpu_m"":1939,""cap_mem_bytes"":2068143660},{""name"":""kwok-node-11"",""cap_cpu_m"":1939,""cap_mem_bytes"":2068143660},{""name"":""kwok-node-12"",""cap_cpu_m"":1939,""cap_mem_bytes"":2068143660},{""name"":""kwok-node-13"",""cap_cpu_m"":1939,""cap_mem_bytes"":2068143660},{""name"":""kwok-node-14"",""cap_cpu_m"":1939,""cap_mem_bytes"":2068143660},{""name"":""kwok-node-15"",""cap_cpu_m"":1939,""cap_mem_bytes"":2068143660},{""name"":""kwok-node-16"",""cap_cpu_m"":1939,""cap_mem_bytes"":2068143660},{""name"":""kwok-node-17"",""cap_cpu_m"":1939,""cap_mem_bytes"":2068143660},{""name"":""kwok-node-18"",""cap_cpu_m"":1939,""cap_mem_bytes"":2068143660},{""name"":""kwok-node-19"",""cap_cpu_m"":1939,""cap_mem_bytes"":2068143660},{""name"":""kwok-node-20"",""cap_cpu_m"":1939,""cap_mem_bytes"":2068143660},{""name"":""kwok-node-21"",""cap_cpu_m"":1939,""cap_mem_bytes"":2068143660},{""name"":""kwok-node-22"",""cap_cpu_m"":1939,""cap_mem_bytes"":2068143660},{""name"":""kwok-node-23"",""cap_cpu_m"":1939,""cap_mem_bytes"":2068143660},{""name"":""kwok-node-24"",""cap_cpu_m"":1939,""cap_mem_bytes"":2068143660},{""name"":""kwok-node-25"",""cap_cpu_m"":1939,""cap_mem_bytes"":2068143660},{""name"":""kwok-node-26"",""cap_cpu_m"":1939,""cap_mem_bytes"":2068143660},{""name"":""kwok-node-27"",""cap_cpu_m"":1939,""cap_mem_bytes"":2068143660},{""name"":""kwok-node-28"",""cap_cpu_m"":1939,""cap_mem_bytes"":2068143660},{""name"":""kwok-node-29"",""cap_cpu_m"":1939,""cap_mem_bytes"":2068143660},{""name"":""kwok-node-30"",""cap_cpu_m"":1939,""cap_mem_bytes"":2068143660},{""name"":""kwok-node-31"",""cap_cpu_m"":1939,""cap_mem_bytes"":2068143660},{""name"":""kwok-node-32"",""cap_cpu_m"":1939,""cap_mem_bytes"":2068143660}]"
2026/02/11/11:39:25,2776888858026346365,no improving solution from any solver,"{""evicted"":0,""moved"":0,""placed_by_priority"":{""1"":24,""2"":21,""3"":41,""4"":23}}",,,,,"[{""duration_ms"":970,""name"":""python"",""score"":{""evicted"":0,""moved"":0,""placed_by_priority"":null},""status"":""FAILED""}]",0.835,0.835,0.876,0.876,54190,54190,56057604515,56057604515,109,109,19,19,"{""kwok-node-1"":4,""kwok-node-10"":3,""kwok-node-11"":4,""kwok-node-12"":3,""kwok-node-13"":3,""kwok-node-14"":3,""kwok-node-15"":3,""kwok-node-16"":3,""kwok-node-17"":3,""kwok-node-18"":4,""kwok-node-19"":3,""kwok-node-2"":4,""kwok-node-20"":4,""kwok-node-21"":5,""kwok-node-22"":3,""kwok-node-23"":3,""kwok-node-24"":4,""kwok-node-25"":3,""kwok-node-26"":3,""kwok-node-27"":3,""kwok-node-28"":3,""kwok-node-29"":3,""kwok-node-3"":4,""kwok-node-30"":4,""kwok-node-31"":4,""kwok-node-32"":2,""kwok-node-4"":4,""kwok-node-5"":3,""kwok-node-6"":4,""kwok-node-7"":3,""kwok-node-8"":4,""kwok-node-9"":3}","{""kwok-node-1"":4,""kwok-node-10"":3,""kwok-node-11"":4,""kwok-node-12"":3,""kwok-node-13"":3,""kwok-node-14"":3,""kwok-node-15"":3,""kwok-node-16"":3,""kwok-node-17"":3,""kwok-node-18"":4,""kwok-node-19"":3,""kwok-node-2"":4,""kwok-node-20"":4,""kwok-node-21"":5,""kwok-node-22"":3,""kwok-node-23"":3,""kwok-node-24"":4,""kwok-node-25"":3,""kwok-node-26"":3,""kwok-node-27"":3,""kwok-node-28"":3,""kwok-node-29"":3,""kwok-node-3"":4,""kwok-node-30"":4,""kwok-node-31"":4,""kwok-node-32"":2,""kwok-node-4"":4,""kwok-node-5"":3,""kwok-node-6"":4,""kwok-node-7"":3,""kwok-node-8"":4,""kwok-node-9"":3}","{""p1"":24,""p2"":21,""p3"":41,""p4"":23}","{""p1"":24,""p2"":21,""p3"":41,""p4"":23}","{""p1"":5,""p2"":5,""p3"":4,""p4"":5}","{""p1"":5,""p2"":5,""p3"":4,""p4"":5}","{rs-35-p1-dgsck,rs-35-p1-qwfs5,rs-35-p1-wbc4c,rs-35-p1-x2jn4,rs-38-p4-4mhng,rs-38-p4-6psmg,rs-38-p4-cfw4j,rs-40-p3-d26sn,rs-40-p3-d6dnk,rs-40-p3-dhkw8,rs-40-p3-g46ts,rs-41-p1-q8qbd,rs-42-p4-pkq5v,rs-42-p4-s4n62,rs-43-p2-2k7zm,rs-43-p2-tph95,rs-44-p2-5c76k,rs-44-p2-6c5n4,rs-44-p2-wf4jt}","{rs-35-p1-dgsck,rs-35-p1-qwfs5,rs-35-p1-wbc4c,rs-35-p1-x2jn4,rs-38-p4-4mhng,rs-38-p4-6psmg,rs-38-p4-cfw4j,rs-40-p3-d26sn,rs-40-p3-d6dnk,rs-40-p3-dhkw8,rs-40-p3-g46ts,rs-41-p1-q8qbd,rs-42-p4-pkq5v,rs-42-p4-s4n62,rs-43-p2-2k7zm,rs-43-p2-tph95,rs-44-p2-5c76k,rs-44-p2-6c5n4,rs-44-p2-wf4jt}","{rs-01-p2-644lv,rs-01-p2-m88l6,rs-01-p2-qvjjx,rs-01-p2-t46nb,rs-02-p4-nsdm7,rs-03-p1-x7p56,rs-04-p2-2rtm6,rs-04-p2-bblfw,rs-05-p2-x9m5n,rs-06-p4-9qfcb,rs-06-p4-jnsdn,rs-06-p4-pn6fs,rs-07-p4-fnvhb,rs-07-p4-tk25k,rs-07-p4-vprq6,rs-07-p4-wlcgq,rs-08-p3-2rk58,rs-08-p3-kzjb5,rs-08-p3-ms7rk,rs-08-p3-zhbcj,rs-09-p3-5r6mg,rs-09-p3-6r846,rs-10-p1-rw2w2,rs-10-p1-tvqng,rs-11-p2-7267s,rs-11-p2-bwdb4,rs-11-p2-nlgrw,rs-12-p1-cklxq,rs-12-p1-hssss,rs-12-p1-km4wz,rs-12-p1-shmck,rs-13-p4-6wtw5,rs-13-p4-d8s5k,rs-14-p4-f84np,rs-14-p4-r9b5v,rs-15-p3-4gzqr,rs-15-p3-65w66,rs-15-p3-78t6k,rs-15-p3-jcg5w,rs-16-p2-6ww9t,rs-16-p2-p564g,rs-17-p3-6xshf,rs-17-p3-c65jb,rs-17-p3-lfks7,rs-17-p3-r5nqk,rs-18-p1-4tkkb,rs-18-p1-5zx6f,rs-18-p1-8gks8,rs-18-p1-b8z2t,rs-19-p3-h4crv,rs-19-p3-jjld8,rs-19-p3-nfbdr,rs-19-p3-q97lp,rs-20-p3-tn7kn,rs-21-p3-9lxdl,rs-21-p3-sp9sv,rs-22-p2-27bgp,rs-22-p2-gcbqt,rs-22-p2-sm8gz,rs-22-p2-sp4zx,rs-23-p4-6spvl,rs-23-p4-fw5w2,rs-23-p4-txxjt,rs-24-p3-25c5p,rs-24-p3-jxfqg,rs-25-p3-75b9k,rs-25-p3-p5mft,rs-26-p4-4jjbq,rs-26-p4-7kg69,rs-26-p4-bhdcz,rs-26-p4-gt8jv,rs-27-p1-bl4v8,rs-27-p1-t8qxz,rs-28-p2-dt6bw,rs-28-p2-kcc7d,rs-28-p2-zm9mj,rs-29-p1-lhmb2,rs-30-p1-87r8x,rs-30-p1-crk6t,rs-30-p1-k7t94,rs-30-p1-rzrkp,rs-31-p3-kd7rd,rs-31-p3-ksk94,rs-31-p3-tp9jw,rs-31-p3-xbbk9,rs-32-p3-bslv5,rs-32-p3-l4tln,rs-32-p3-pl2q7,rs-32-p3-shthj,rs-33-p1-fsk9s,rs-33-p1-j7ht5,rs-33-p1-kttmr,rs-34-p3-j5l8m,rs-34-p3-rdj7s,rs-34-p3-sz6rt,rs-34-p3-trplz,rs-36-p4-gsbm9,rs-36-p4-mm4s8,rs-36-p4-pmws4,rs-36-p4-vbm5f,rs-37-p1-7mffw,rs-37-p1-czlj2,rs-39-p2-bqw8r,rs-45-p2-4pvcs,rs-46-p3-fhlfb,rs-46-p3-n2wk5,rs-46-p3-t8lt7,rs-47-p3-k67pr,rs-48-p1-ztmq9}","{rs-01-p2-644lv,rs-01-p2-m88l6,rs-01-p2-qvjjx,rs-01-p2-t46nb,rs-02-p4-nsdm7,rs-03-p1-x7p56,rs-04-p2-2rtm6,rs-04-p2-bblfw,rs-05-p2-x9m5n,rs-06-p4-9qfcb,rs-06-p4-jnsdn,rs-06-p4-pn6fs,rs-07-p4-fnvhb,rs-07-p4-tk25k,rs-07-p4-vprq6,rs-07-p4-wlcgq,rs-08-p3-2rk58,rs-08-p3-kzjb5,rs-08-p3-ms7rk,rs-08-p3-zhbcj,rs-09-p3-5r6mg,rs-09-p3-6r846,rs-10-p1-rw2w2,rs-10-p1-tvqng,rs-11-p2-7267s,rs-11-p2-bwdb4,rs-11-p2-nlgrw,rs-12-p1-cklxq,rs-12-p1-hssss,rs-12-p1-km4wz,rs-12-p1-shmck,rs-13-p4-6wtw5,rs-13-p4-d8s5k,rs-14-p4-f84np,rs-14-p4-r9b5v,rs-15-p3-4gzqr,rs-15-p3-65w66,rs-15-p3-78t6k,rs-15-p3-jcg5w,rs-16-p2-6ww9t,rs-16-p2-p564g,rs-17-p3-6xshf,rs-17-p3-c65jb,rs-17-p3-lfks7,rs-17-p3-r5nqk,rs-18-p1-4tkkb,rs-18-p1-5zx6f,rs-18-p1-8gks8,rs-18-p1-b8z2t,rs-19-p3-h4crv,rs-19-p3-jjld8,rs-19-p3-nfbdr,rs-19-p3-q97lp,rs-20-p3-tn7kn,rs-21-p3-9lxdl,rs-21-p3-sp9sv,rs-22-p2-27bgp,rs-22-p2-gcbqt,rs-22-p2-sm8gz,rs-22-p2-sp4zx,rs-23-p4-6spvl,rs-23-p4-fw5w2,rs-23-p4-txxjt,rs-24-p3-25c5p,rs-24-p3-jxfqg,rs-25-p3-75b9k,rs-25-p3-p5mft,rs-26-p4-4jjbq,rs-26-p4-7kg69,rs-26-p4-bhdcz,rs-26-p4-gt8jv,rs-27-p1-bl4v8,rs-27-p1-t8qxz,rs-28-p2-dt6bw,rs-28-p2-kcc7d,rs-28-p2-zm9mj,rs-29-p1-lhmb2,rs-30-p1-87r8x,rs-30-p1-crk6t,rs-30-p1-k7t94,rs-30-p1-rzrkp,rs-31-p3-kd7rd,rs-31-p3-ksk94,rs-31-p3-tp9jw,rs-31-p3-xbbk9,rs-32-p3-bslv5,rs-32-p3-l4tln,rs-32-p3-pl2q7,rs-32-p3-shthj,rs-33-p1-fsk9s,rs-33-p1-j7ht5,rs-33-p1-kttmr,rs-34-p3-j5l8m,rs-34-p3-rdj7s,rs-34-p3-sz6rt,rs-34-p3-trplz,rs-36-p4-gsbm9,rs-36-p4-mm4s8,rs-36-p4-pmws4,rs-36-p4-vbm5f,rs-37-p1-7mffw,rs-37-p1-czlj2,rs-39-p2-bqw8r,rs-45-p2-4pvcs,rs-46-p3-fhlfb,rs-46-p3-n2wk5,rs-46-p3-t8lt7,rs-47-p3-k67pr,rs-48-p1-ztmq9}","[{""name"":""rs-01-p2-644lv"",""cpu_m"":931,""mem_b"":454654676,""priority"":""2"",""node"":""kwok-node-1""},{""name"":""rs-01-p2-m88l6"",""cpu_m"":931,""mem_b"":454654676,""priority"":""2"",""node"":""kwok-node-14""},{""name"":""rs-01-p2-qvjjx"",""cpu_m"":931,""mem_b"":454654676,""priority"":""2"",""node"":""kwok-node-13""},{""name"":""rs-01-p2-t46nb"",""cpu_m"":931,""mem_b"":454654676,""priority"":""2"",""node"":""kwok-node-16""},{""name"":""rs-02-p4-nsdm7"",""cpu_m"":124,""mem_b"":535550743,""priority"":""4"",""node"":""kwok-node-11""},{""name"":""rs-03-p1-x7p56"",""cpu_m"":330,""mem_b"":402833572,""priority"":""1"",""node"":""kwok-node-22""},{""name"":""rs-04-p2-2rtm6"",""cpu_m"":221,""mem_b"":257668311,""priority"":""2"",""node"":""kwok-node-19""},{""name"":""rs-04-p2-bblfw"",""cpu_m"":221,""mem_b"":257668311,""priority"":""2"",""node"":""kwok-node-21""},{""name"":""rs-05-p2-x9m5n"",""cpu_m"":379,""mem_b"":146538202,""priority"":""2"",""node"":""kwok-node-17""},{""name"":""rs-06-p4-9qfcb"",""cpu_m"":594,""mem_b"":257129757,""priority"":""4"",""node"":""kwok-node-23""},{""name"":""rs-06-p4-jnsdn"",""cpu_m"":594,""mem_b"":257129757,""priority"":""4"",""node"":""kwok-node-20""},{""name"":""rs-06-p4-pn6fs"",""cpu_m"":594,""mem_b"":257129757,""priority"":""4"",""node"":""kwok-node-15""},{""name"":""rs-07-p4-fnvhb"",""cpu_m"":584,""mem_b"":479184186,""priority"":""4"",""node"":""kwok-node-10""},{""name"":""rs-07-p4-tk25k"",""cpu_m"":584,""mem_b"":479184186,""priority"":""4"",""node"":""kwok-node-28""},{""name"":""rs-07-p4-vprq6"",""cpu_m"":584,""mem_b"":479184186,""priority"":""4"",""node"":""kwok-node-27""},{""name"":""rs-07-p4-wlcgq"",""cpu_m"":584,""mem_b"":479184186,""priority"":""4"",""node"":""kwok-node-2""},{""name"":""rs-08-p3-2rk58"",""cpu_m"":497,""mem_b"":603655436,""priority"":""3"",""node"":""kwok-node-18""},{""name"":""rs-08-p3-kzjb5"",""cpu_m"":497,""mem_b"":603655436,""priority"":""3"",""node"":""kwok-node-12""},{""name"":""rs-08-p3-ms7rk"",""cpu_m"":497,""mem_b"":603655436,""priority"":""3"",""node"":""kwok-node-24""},{""name"":""rs-08-p3-zhbcj"",""cpu_m"":497,""mem_b"":603655436,""priority"":""3"",""node"":""kwok-node-29""},{""name"":""rs-09-p3-5r6mg"",""cpu_m"":163,""mem_b"":824076134,""priority"":""3"",""node"":""kwok-node-3""},{""name"":""rs-09-p3-6r846"",""cpu_m"":163,""mem_b"":824076134,""priority"":""3"",""node"":""kwok-node-30""},{""name"":""rs-10-p1-rw2w2"",""cpu_m"":585,""mem_b"":766138723,""priority"":""1"",""node"":""kwok-node-26""},{""name"":""rs-10-p1-tvqng"",""cpu_m"":585,""mem_b"":766138723,""priority"":""1"",""node"":""kwok-node-25""},{""name"":""rs-11-p2-7267s"",""cpu_m"":535,""mem_b"":326961630,""priority"":""2"",""node"":""kwok-node-6""},{""name"":""rs-11-p2-bwdb4"",""cpu_m"":535,""mem_b"":326961630,""priority"":""2"",""node"":""kwok-node-31""},{""name"":""rs-11-p2-nlgrw"",""cpu_m"":535,""mem_b"":326961630,""priority"":""2"",""node"":""kwok-node-4""},{""name"":""rs-12-p1-cklxq"",""cpu_m"":867,""mem_b"":855098085,""priority"":""1"",""node"":""kwok-node-5""},{""name"":""rs-12-p1-hssss"",""cpu_m"":867,""mem_b"":855098085,""priority"":""1"",""node"":""kwok-node-32""},{""name"":""rs-12-p1-km4wz"",""cpu_m"":867,""mem_b"":855098085,""priority"":""1"",""node"":""kwok-node-7""},{""name"":""rs-12-p1-shmck"",""cpu_m"":867,""mem_b"":855098085,""priority"":""1"",""node"":""kwok-node-9""},{""name"":""rs-13-p4-6wtw5"",""cpu_m"":532,""mem_b"":326045564,""priority"":""4"",""node"":""kwok-node-21""},{""name"":""rs-13-p4-d8s5k"",""cpu_m"":532,""mem_b"":326045564,""priority"":""4"",""node"":""kwok-node-8""},{""name"":""rs-14-p4-f84np"",""cpu_m"":928,""mem_b"":941494564,""priority"":""4"",""node"":""kwok-node-19""},{""name"":""rs-14-p4-r9b5v"",""cpu_m"":928,""mem_b"":941494564,""priority"":""4"",""node"":""kwok-node-17""},{""name"":""rs-15-p3-4gzqr"",""cpu_m"":566,""mem_b"":434274290,""priority"":""3"",""node"":""kwok-node-11""},{""name"":""rs-15-p3-65w66"",""cpu_m"":566,""mem_b"":434274290,""priority"":""3"",""node"":""kwok-node-22""},{""name"":""rs-15-p3-78t6k"",""cpu_m"":566,""mem_b"":434274290,""priority"":""3"",""node"":""kwok-node-24""},{""name"":""rs-15-p3-jcg5w"",""cpu_m"":566,""mem_b"":434274290,""priority"":""3"",""node"":""kwok-node-18""},{""name"":""rs-16-p2-6ww9t"",""cpu_m"":774,""mem_b"":553510902,""priority"":""2"",""node"":""kwok-node-12""},{""name"":""rs-16-p2-p564g"",""cpu_m"":774,""mem_b"":553510902,""priority"":""2"",""node"":""kwok-node-29""},{""name"":""rs-17-p3-6xshf"",""cpu_m"":153,""mem_b"":338267181,""priority"":""3"",""node"":""kwok-node-31""},{""name"":""rs-17-p3-c65jb"",""cpu_m"":153,""mem_b"":338267181,""priority"":""3"",""node"":""kwok-node-4""},{""name"":""rs-17-p3-lfks7"",""cpu_m"":153,""mem_b"":338267181,""priority"":""3"",""node"":""kwok-node-6""},{""name"":""rs-17-p3-r5nqk"",""cpu_m"":153,""mem_b"":338267181,""priority"":""3"",""node"":""kwok-node-8""},{""name"":""rs-18-p1-4tkkb"",""cpu_m"":793,""mem_b"":430604147,""priority"":""1"",""node"":""kwok-node-3""},{""name"":""rs-18-p1-5zx6f"",""cpu_m"":793,""mem_b"":430604147,""priority"":""1"",""node"":""kwok-node-26""},{""name"":""rs-18-p1-8gks8"",""cpu_m"":793,""mem_b"":430604147,""priority"":""1"",""node"":""kwok-node-15""},{""name"":""rs-18-p1-b8z2t"",""cpu_m"":793,""mem_b"":430604147,""priority"":""1"",""node"":""kwok-node-30""},{""name"":""rs-19-p3-h4crv"",""cpu_m"":947,""mem_b"":409196673,""priority"":""3"",""node"":""kwok-node-2""},{""name"":""rs-19-p3-jjld8"",""cpu_m"":947,""mem_b"":409196673,""priority"":""3"",""node"":""kwok-node-25""},{""name"":""rs-19-p3-nfbdr"",""cpu_m"":947,""mem_b"":409196673,""priority"":""3"",""node"":""kwok-node-28""},{""name"":""rs-19-p3-q97lp"",""cpu_m"":947,""mem_b"":409196673,""priority"":""3"",""node"":""kwok-node-20""},{""name"":""rs-20-p3-tn7kn"",""cpu_m"":485,""mem_b"":930128361,""priority"":""3"",""node"":""kwok-node-23""},{""name"":""rs-21-p3-9lxdl"",""cpu_m"":232,""mem_b"":859845348,""priority"":""3"",""node"":""kwok-node-13""},{""name"":""rs-21-p3-sp9sv"",""cpu_m"":232,""mem_b"":859845348,""priority"":""3"",""node"":""kwok-node-16""},{""name"":""rs-22-p2-27bgp"",""cpu_m"":500,""mem_b"":482386416,""priority"":""2"",""node"":""kwok-node-31""},{""name"":""rs-22-p2-gcbqt"",""cpu_m"":500,""mem_b"":482386416,""priority"":""2"",""node"":""kwok-node-6""},{""name"":""rs-22-p2-sm8gz"",""cpu_m"":500,""mem_b"":482386416,""priority"":""2"",""node"":""kwok-node-27""},{""name"":""rs-22-p2-sp4zx"",""cpu_m"":500,""mem_b"":482386416,""priority"":""2"",""node"":""kwok-node-10""},{""name"":""rs-23-p4-6spvl"",""cpu_m"":123,""mem_b"":715173055,""priority"":""4"",""node"":""kwok-node-1""},{""name"":""rs-23-p4-fw5w2"",""cpu_m"":123,""mem_b"":715173055,""priority"":""4"",""node"":""kwok-node-14""},{""name"":""rs-23-p4-txxjt"",""cpu_m"":123,""mem_b"":715173055,""priority"":""4"",""node"":""kwok-node-21""},{""name"":""rs-24-p3-25c5p"",""cpu_m"":254,""mem_b"":232165506,""priority"":""3"",""node"":""kwok-node-8""},{""name"":""rs-24-p3-jxfqg"",""cpu_m"":254,""mem_b"":232165506,""priority"":""3"",""node"":""kwok-node-4""},{""name"":""rs-25-p3-75b9k"",""cpu_m"":412,""mem_b"":864071270,""priority"":""3"",""node"":""kwok-node-32""},{""name"":""rs-25-p3-p5mft"",""cpu_m"":412,""mem_b"":864071270,""priority"":""3"",""node"":""kwok-node-7""},{""name"":""rs-26-p4-4jjbq"",""cpu_m"":255,""mem_b"":929761788,""priority"":""4"",""node"":""kwok-node-9""},{""name"":""rs-26-p4-7kg69"",""cpu_m"":255,""mem_b"":929761788,""priority"":""4"",""node"":""kwok-node-5""},{""name"":""rs-26-p4-bhdcz"",""cpu_m"":255,""mem_b"":929761788,""priority"":""4"",""node"":""kwok-node-22""},{""name"":""rs-26-p4-gt8jv"",""cpu_m"":255,""mem_b"":929761788,""priority"":""4"",""node"":""kwok-node-15""},{""name"":""rs-27-p1-bl4v8"",""cpu_m"":541,""mem_b"":892204778,""priority"":""1"",""node"":""kwok-node-4""},{""name"":""rs-27-p1-t8qxz"",""cpu_m"":541,""mem_b"":892204778,""priority"":""1"",""node"":""kwok-node-8""},{""name"":""rs-28-p2-dt6bw"",""cpu_m"":516,""mem_b"":399823220,""priority"":""2"",""node"":""kwok-node-11""},{""name"":""rs-28-p2-kcc7d"",""cpu_m"":516,""mem_b"":399823220,""priority"":""2"",""node"":""kwok-node-18""},{""name"":""rs-28-p2-zm9mj"",""cpu_m"":516,""mem_b"":399823220,""priority"":""2"",""node"":""kwok-node-24""},{""name"":""rs-29-p1-lhmb2"",""cpu_m"":517,""mem_b"":488646179,""priority"":""1"",""node"":""kwok-node-27""},{""name"":""rs-30-p1-87r8x"",""cpu_m"":593,""mem_b"":792468308,""priority"":""1"",""node"":""kwok-node-10""},{""name"":""rs-30-p1-crk6t"",""cpu_m"":593,""mem_b"":792468308,""priority"":""1"",""node"":""kwok-node-17""},{""name"":""rs-30-p1-k7t94"",""cpu_m"":593,""mem_b"":792468308,""priority"":""1"",""node"":""kwok-node-12""},{""name"":""rs-30-p1-rzrkp"",""cpu_m"":593,""mem_b"":792468308,""priority"":""1"",""node"":""kwok-node-31""},{""name"":""rs-31-p3-kd7rd"",""cpu_m"":555,""mem_b"":225924973,""priority"":""3"",""node"":""kwok-node-30""},{""name"":""rs-31-p3-ksk94"",""cpu_m"":555,""mem_b"":225924973,""priority"":""3"",""node"":""kwok-node-21""},{""name"":""rs-31-p3-tp9jw"",""cpu_m"":555,""mem_b"":225924973,""priority"":""3"",""node"":""kwok-node-1""},{""name"":""rs-31-p3-xbbk9"",""cpu_m"":555,""mem_b"":225924973,""priority"":""3"",""node"":""kwok-node-3""},{""name"":""rs-32-p3-bslv5"",""cpu_m"":314,""mem_b"":589621821,""priority"":""3"",""node"":""kwok-node-23""},{""name"":""rs-32-p3-l4tln"",""cpu_m"":314,""mem_b"":589621821,""priority"":""3"",""node"":""kwok-node-14""},{""name"":""rs-32-p3-pl2q7"",""cpu_m"":314,""mem_b"":589621821,""priority"":""3"",""node"":""kwok-node-6""},{""name"":""rs-32-p3-shthj"",""cpu_m"":314,""mem_b"":589621821,""priority"":""3"",""node"":""kwok-node-29""},{""name"":""rs-33-p1-fsk9s"",""cpu_m"":654,""mem_b"":499838214,""priority"":""1"",""node"":""kwok-node-16""},{""name"":""rs-33-p1-j7ht5"",""cpu_m"":654,""mem_b"":499838214,""priority"":""1"",""node"":""kwok-node-13""},{""name"":""rs-33-p1-kttmr"",""cpu_m"":654,""mem_b"":499838214,""priority"":""1"",""node"":""kwok-node-19""},{""name"":""rs-34-p3-j5l8m"",""cpu_m"":331,""mem_b"":271669481,""priority"":""3"",""node"":""kwok-node-28""},{""name"":""rs-34-p3-rdj7s"",""cpu_m"":331,""mem_b"":271669481,""priority"":""3"",""node"":""kwok-node-11""},{""name"":""rs-34-p3-sz6rt"",""cpu_m"":331,""mem_b"":271669481,""priority"":""3"",""node"":""kwok-node-26""},{""name"":""rs-34-p3-trplz"",""cpu_m"":331,""mem_b"":271669481,""priority"":""3"",""node"":""kwok-node-21""},{""name"":""rs-35-p1-dgsck"",""cpu_m"":648,""mem_b"":737585926,""priority"":""1"",""node"":""""},{""name"":""rs-35-p1-qwfs5"",""cpu_m"":648,""mem_b"":737585926,""priority"":""1"",""node"":""""},{""name"":""rs-35-p1-wbc4c"",""cpu_m"":648,""mem_b"":737585926,""priority"":""1"",""node"":""""},{""name"":""rs-35-p1-x2jn4"",""cpu_m"":648,""mem_b"":737585926,""priority"":""1"",""node"":""""},{""name"":""rs-36-p4-gsbm9"",""cpu_m"":175,""mem_b"":454934686,""priority"":""4"",""node"":""kwok-node-20""},{""name"":""rs-36-p4-mm4s8"",""cpu_m"":175,""mem_b"":454934686,""priority"":""4"",""node"":""kwok-node-1""},{""name"":""rs-36-p4-pmws4"",""cpu_m"":175,""mem_b"":454934686,""priority"":""4"",""node"":""kwok-node-2""},{""name"":""rs-36-p4-vbm5f"",""cpu_m"":175,""mem_b"":454934686,""priority"":""4"",""node"":""kwok-node-25""},{""name"":""rs-37-p1-7mffw"",""cpu_m"":869,""mem_b"":200839140,""priority"":""1"",""node"":""kwok-node-9""},{""name"":""rs-37-p1-czlj2"",""cpu_m"":869,""mem_b"":200839140,""priority"":""1"",""node"":""kwok-node-5""},{""name"":""rs-38-p4-4mhng"",""cpu_m"":895,""mem_b"":221367434,""priority"":""4"",""node"":""""},{""name"":""rs-38-p4-6psmg"",""cpu_m"":895,""mem_b"":221367434,""priority"":""4"",""node"":""""},{""name"":""rs-38-p4-cfw4j"",""cpu_m"":895,""mem_b"":221367434,""priority"":""4"",""node"":""""},{""name"":""rs-39-p2-bqw8r"",""cpu_m"":123,""mem_b"":437638549,""priority"":""2"",""node"":""kwok-node-2""},{""name"":""rs-40-p3-d26sn"",""cpu_m"":972,""mem_b"":162263249,""priority"":""3"",""node"":""""},{""name"":""rs-40-p3-d6dnk"",""cpu_m"":972,""mem_b"":162263249,""priority"":""3"",""node"":""""},{""name"":""rs-40-p3-dhkw8"",""cpu_m"":972,""mem_b"":162263249,""priority"":""3"",""node"":""""},{""name"":""rs-40-p3-g46ts"",""cpu_m"":972,""mem_b"":162263249,""priority"":""3"",""node"":""""},{""name"":""rs-41-p1-q8qbd"",""cpu_m"":672,""mem_b"":737786628,""priority"":""1"",""node"":""""},{""name"":""rs-42-p4-pkq5v"",""cpu_m"":998,""mem_b"":915621516,""priority"":""4"",""node"":""""},{""name"":""rs-42-p4-s4n62"",""cpu_m"":998,""mem_b"":915621516,""priority"":""4"",""node"":""""},{""name"":""rs-43-p2-2k7zm"",""cpu_m"":854,""mem_b"":838701633,""priority"":""2"",""node"":""""},{""name"":""rs-43-p2-tph95"",""cpu_m"":854,""mem_b"":838701633,""priority"":""2"",""node"":""""},{""name"":""rs-44-p2-5c76k"",""cpu_m"":143,""mem_b"":882238198,""priority"":""2"",""node"":""""},{""name"":""rs-44-p2-6c5n4"",""cpu_m"":143,""mem_b"":882238198,""priority"":""2"",""node"":""""},{""name"":""rs-44-p2-wf4jt"",""cpu_m"":143,""mem_b"":882238198,""priority"":""2"",""node"":""""},{""name"":""rs-45-p2-4pvcs"",""cpu_m"":148,""mem_b"":374918094,""priority"":""2"",""node"":""kwok-node-18""},{""name"":""rs-46-p3-fhlfb"",""cpu_m"":209,""mem_b"":271071613,""priority"":""3"",""node"":""kwok-node-24""},{""name"":""rs-46-p3-n2wk5"",""cpu_m"":209,""mem_b"":271071613,""priority"":""3"",""node"":""kwok-node-3""},{""name"":""rs-46-p3-t8lt7"",""cpu_m"":209,""mem_b"":271071613,""priority"":""3"",""node"":""kwok-node-30""},{""name"":""rs-47-p3-k67pr"",""cpu_m"":638,""mem_b"":248725793,""priority"":""3"",""node"":""kwok-node-7""},{""name"":""rs-48-p1-ztmq9"",""cpu_m"":287,""mem_b"":639703487,""priority"":""1"",""node"":""kwok-node-20""}]","[{""name"":""rs-01-p2-644lv"",""cpu_m"":931,""mem_b"":454654676,""priority"":""2"",""node"":""kwok-node-1""},{""name"":""rs-01-p2-m88l6"",""cpu_m"":931,""mem_b"":454654676,""priority"":""2"",""node"":""kwok-node-14""},{""name"":""rs-01-p2-qvjjx"",""cpu_m"":931,""mem_b"":454654676,""priority"":""2"",""node"":""kwok-node-13""},{""name"":""rs-01-p2-t46nb"",""cpu_m"":931,""mem_b"":454654676,""priority"":""2"",""node"":""kwok-node-16""},{""name"":""rs-02-p4-nsdm7"",""cpu_m"":124,""mem_b"":535550743,""priority"":""4"",""node"":""kwok-node-11""},{""name"":""rs-03-p1-x7p56"",""cpu_m"":330,""mem_b"":402833572,""priority"":""1"",""node"":""kwok-node-22""},{""name"":""rs-04-p2-2rtm6"",""cpu_m"":221,""mem_b"":257668311,""priority"":""2"",""node"":""kwok-node-19""},{""name"":""rs-04-p2-bblfw"",""cpu_m"":221,""mem_b"":257668311,""priority"":""2"",""node"":""kwok-node-21""},{""name"":""rs-05-p2-x9m5n"",""cpu_m"":379,""mem_b"":146538202,""priority"":""2"",""node"":""kwok-node-17""},{""name"":""rs-06-p4-9qfcb"",""cpu_m"":594,""mem_b"":257129757,""priority"":""4"",""node"":""kwok-node-23""},{""name"":""rs-06-p4-jnsdn"",""cpu_m"":594,""mem_b"":257129757,""priority"":""4"",""node"":""kwok-node-20""},{""name"":""rs-06-p4-pn6fs"",""cpu_m"":594,""mem_b"":257129757,""priority"":""4"",""node"":""kwok-node-15""},{""name"":""rs-07-p4-fnvhb"",""cpu_m"":584,""mem_b"":479184186,""priority"":""4"",""node"":""kwok-node-10""},{""name"":""rs-07-p4-tk25k"",""cpu_m"":584,""mem_b"":479184186,""priority"":""4"",""node"":""kwok-node-28""},{""name"":""rs-07-p4-vprq6"",""cpu_m"":584,""mem_b"":479184186,""priority"":""4"",""node"":""kwok-node-27""},{""name"":""rs-07-p4-wlcgq"",""cpu_m"":584,""mem_b"":479184186,""priority"":""4"",""node"":""kwok-node-2""},{""name"":""rs-08-p3-2rk58"",""cpu_m"":497,""mem_b"":603655436,""priority"":""3"",""node"":""kwok-node-18""},{""name"":""rs-08-p3-kzjb5"",""cpu_m"":497,""mem_b"":603655436,""priority"":""3"",""node"":""kwok-node-12""},{""name"":""rs-08-p3-ms7rk"",""cpu_m"":497,""mem_b"":603655436,""priority"":""3"",""node"":""kwok-node-24""},{""name"":""rs-08-p3-zhbcj"",""cpu_m"":497,""mem_b"":603655436,""priority"":""3"",""node"":""kwok-node-29""},{""name"":""rs-09-p3-5r6mg"",""cpu_m"":163,""mem_b"":824076134,""priority"":""3"",""node"":""kwok-node-3""},{""name"":""rs-09-p3-6r846"",""cpu_m"":163,""mem_b"":824076134,""priority"":""3"",""node"":""kwok-node-30""},{""name"":""rs-10-p1-rw2w2"",""cpu_m"":585,""mem_b"":766138723,""priority"":""1"",""node"":""kwok-node-26""},{""name"":""rs-10-p1-tvqng"",""cpu_m"":585,""mem_b"":766138723,""priority"":""1"",""node"":""kwok-node-25""},{""name"":""rs-11-p2-7267s"",""cpu_m"":535,""mem_b"":326961630,""priority"":""2"",""node"":""kwok-node-6""},{""name"":""rs-11-p2-bwdb4"",""cpu_m"":535,""mem_b"":326961630,""priority"":""2"",""node"":""kwok-node-31""},{""name"":""rs-11-p2-nlgrw"",""cpu_m"":535,""mem_b"":326961630,""priority"":""2"",""node"":""kwok-node-4""},{""name"":""rs-12-p1-cklxq"",""cpu_m"":867,""mem_b"":855098085,""priority"":""1"",""node"":""kwok-node-5""},{""name"":""rs-12-p1-hssss"",""cpu_m"":867,""mem_b"":855098085,""priority"":""1"",""node"":""kwok-node-32""},{""name"":""rs-12-p1-km4wz"",""cpu_m"":867,""mem_b"":855098085,""priority"":""1"",""node"":""kwok-node-7""},{""name"":""rs-12-p1-shmck"",""cpu_m"":867,""mem_b"":855098085,""priority"":""1"",""node"":""kwok-node-9""},{""name"":""rs-13-p4-6wtw5"",""cpu_m"":532,""mem_b"":326045564,""priority"":""4"",""node"":""kwok-node-21""},{""name"":""rs-13-p4-d8s5k"",""cpu_m"":532,""mem_b"":326045564,""priority"":""4"",""node"":""kwok-node-8""},{""name"":""rs-14-p4-f84np"",""cpu_m"":928,""mem_b"":941494564,""priority"":""4"",""node"":""kwok-node-19""},{""name"":""rs-14-p4-r9b5v"",""cpu_m"":928,""mem_b"":941494564,""priority"":""4"",""node"":""kwok-node-17""},{""name"":""rs-15-p3-4gzqr"",""cpu_m"":566,""mem_b"":434274290,""priority"":""3"",""node"":""kwok-node-11""},{""name"":""rs-15-p3-65w66"",""cpu_m"":566,""mem_b"":434274290,""priority"":""3"",""node"":""kwok-node-22""},{""name"":""rs-15-p3-78t6k"",""cpu_m"":566,""mem_b"":434274290,""priority"":""3"",""node"":""kwok-node-24""},{""name"":""rs-15-p3-jcg5w"",""cpu_m"":566,""mem_b"":434274290,""priority"":""3"",""node"":""kwok-node-18""},{""name"":""rs-16-p2-6ww9t"",""cpu_m"":774,""mem_b"":553510902,""priority"":""2"",""node"":""kwok-node-12""},{""name"":""rs-16-p2-p564g"",""cpu_m"":774,""mem_b"":553510902,""priority"":""2"",""node"":""kwok-node-29""},{""name"":""rs-17-p3-6xshf"",""cpu_m"":153,""mem_b"":338267181,""priority"":""3"",""node"":""kwok-node-31""},{""name"":""rs-17-p3-c65jb"",""cpu_m"":153,""mem_b"":338267181,""priority"":""3"",""node"":""kwok-node-4""},{""name"":""rs-17-p3-lfks7"",""cpu_m"":153,""mem_b"":338267181,""priority"":""3"",""node"":""kwok-node-6""},{""name"":""rs-17-p3-r5nqk"",""cpu_m"":153,""mem_b"":338267181,""priority"":""3"",""node"":""kwok-node-8""},{""name"":""rs-18-p1-4tkkb"",""cpu_m"":793,""mem_b"":430604147,""priority"":""1"",""node"":""kwok-node-3""},{""name"":""rs-18-p1-5zx6f"",""cpu_m"":793,""mem_b"":430604147,""priority"":""1"",""node"":""kwok-node-26""},{""name"":""rs-18-p1-8gks8"",""cpu_m"":793,""mem_b"":430604147,""priority"":""1"",""node"":""kwok-node-15""},{""name"":""rs-18-p1-b8z2t"",""cpu_m"":793,""mem_b"":430604147,""priority"":""1"",""node"":""kwok-node-30""},{""name"":""rs-19-p3-h4crv"",""cpu_m"":947,""mem_b"":409196673,""priority"":""3"",""node"":""kwok-node-2""},{""name"":""rs-19-p3-jjld8"",""cpu_m"":947,""mem_b"":409196673,""priority"":""3"",""node"":""kwok-node-25""},{""name"":""rs-19-p3-nfbdr"",""cpu_m"":947,""mem_b"":409196673,""priority"":""3"",""node"":""kwok-node-28""},{""name"":""rs-19-p3-q97lp"",""cpu_m"":947,""mem_b"":409196673,""priority"":""3"",""node"":""kwok-node-20""},{""name"":""rs-20-p3-tn7kn"",""cpu_m"":485,""mem_b"":930128361,""priority"":""3"",""node"":""kwok-node-23""},{""name"":""rs-21-p3-9lxdl"",""cpu_m"":232,""mem_b"":859845348,""priority"":""3"",""node"":""kwok-node-13""},{""name"":""rs-21-p3-sp9sv"",""cpu_m"":232,""mem_b"":859845348,""priority"":""3"",""node"":""kwok-node-16""},{""name"":""rs-22-p2-27bgp"",""cpu_m"":500,""mem_b"":482386416,""priority"":""2"",""node"":""kwok-node-31""},{""name"":""rs-22-p2-gcbqt"",""cpu_m"":500,""mem_b"":482386416,""priority"":""2"",""node"":""kwok-node-6""},{""name"":""rs-22-p2-sm8gz"",""cpu_m"":500,""mem_b"":482386416,""priority"":""2"",""node"":""kwok-node-27""},{""name"":""rs-22-p2-sp4zx"",""cpu_m"":500,""mem_b"":482386416,""priority"":""2"",""node"":""kwok-node-10""},{""name"":""rs-23-p4-6spvl"",""cpu_m"":123,""mem_b"":715173055,""priority"":""4"",""node"":""kwok-node-1""},{""name"":""rs-23-p4-fw5w2"",""cpu_m"":123,""mem_b"":715173055,""priority"":""4"",""node"":""kwok-node-14""},{""name"":""rs-23-p4-txxjt"",""cpu_m"":123,""mem_b"":715173055,""priority"":""4"",""node"":""kwok-node-21""},{""name"":""rs-24-p3-25c5p"",""cpu_m"":254,""mem_b"":232165506,""priority"":""3"",""node"":""kwok-node-8""},{""name"":""rs-24-p3-jxfqg"",""cpu_m"":254,""mem_b"":232165506,""priority"":""3"",""node"":""kwok-node-4""},{""name"":""rs-25-p3-75b9k"",""cpu_m"":412,""mem_b"":864071270,""priority"":""3"",""node"":""kwok-node-32""},{""name"":""rs-25-p3-p5mft"",""cpu_m"":412,""mem_b"":864071270,""priority"":""3"",""node"":""kwok-node-7""},{""name"":""rs-26-p4-4jjbq"",""cpu_m"":255,""mem_b"":929761788,""priority"":""4"",""node"":""kwok-node-9""},{""name"":""rs-26-p4-7kg69"",""cpu_m"":255,""mem_b"":929761788,""priority"":""4"",""node"":""kwok-node-5""},{""name"":""rs-26-p4-bhdcz"",""cpu_m"":255,""mem_b"":929761788,""priority"":""4"",""node"":""kwok-node-22""},{""name"":""rs-26-p4-gt8jv"",""cpu_m"":255,""mem_b"":929761788,""priority"":""4"",""node"":""kwok-node-15""},{""name"":""rs-27-p1-bl4v8"",""cpu_m"":541,""mem_b"":892204778,""priority"":""1"",""node"":""kwok-node-4""},{""name"":""rs-27-p1-t8qxz"",""cpu_m"":541,""mem_b"":892204778,""priority"":""1"",""node"":""kwok-node-8""},{""name"":""rs-28-p2-dt6bw"",""cpu_m"":516,""mem_b"":399823220,""priority"":""2"",""node"":""kwok-node-11""},{""name"":""rs-28-p2-kcc7d"",""cpu_m"":516,""mem_b"":399823220,""priority"":""2"",""node"":""kwok-node-18""},{""name"":""rs-28-p2-zm9mj"",""cpu_m"":516,""mem_b"":399823220,""priority"":""2"",""node"":""kwok-node-24""},{""name"":""rs-29-p1-lhmb2"",""cpu_m"":517,""mem_b"":488646179,""priority"":""1"",""node"":""kwok-node-27""},{""name"":""rs-30-p1-87r8x"",""cpu_m"":593,""mem_b"":792468308,""priority"":""1"",""node"":""kwok-node-10""},{""name"":""rs-30-p1-crk6t"",""cpu_m"":593,""mem_b"":792468308,""priority"":""1"",""node"":""kwok-node-17""},{""name"":""rs-30-p1-k7t94"",""cpu_m"":593,""mem_b"":792468308,""priority"":""1"",""node"":""kwok-node-12""},{""name"":""rs-30-p1-rzrkp"",""cpu_m"":593,""mem_b"":792468308,""priority"":""1"",""node"":""kwok-node-31""},{""name"":""rs-31-p3-kd7rd"",""cpu_m"":555,""mem_b"":225924973,""priority"":""3"",""node"":""kwok-node-30""},{""name"":""rs-31-p3-ksk94"",""cpu_m"":555,""mem_b"":225924973,""priority"":""3"",""node"":""kwok-node-21""},{""name"":""rs-31-p3-tp9jw"",""cpu_m"":555,""mem_b"":225924973,""priority"":""3"",""node"":""kwok-node-1""},{""name"":""rs-31-p3-xbbk9"",""cpu_m"":555,""mem_b"":225924973,""priority"":""3"",""node"":""kwok-node-3""},{""name"":""rs-32-p3-bslv5"",""cpu_m"":314,""mem_b"":589621821,""priority"":""3"",""node"":""kwok-node-23""},{""name"":""rs-32-p3-l4tln"",""cpu_m"":314,""mem_b"":589621821,""priority"":""3"",""node"":""kwok-node-14""},{""name"":""rs-32-p3-pl2q7"",""cpu_m"":314,""mem_b"":589621821,""priority"":""3"",""node"":""kwok-node-6""},{""name"":""rs-32-p3-shthj"",""cpu_m"":314,""mem_b"":589621821,""priority"":""3"",""node"":""kwok-node-29""},{""name"":""rs-33-p1-fsk9s"",""cpu_m"":654,""mem_b"":499838214,""priority"":""1"",""node"":""kwok-node-16""},{""name"":""rs-33-p1-j7ht5"",""cpu_m"":654,""mem_b"":499838214,""priority"":""1"",""node"":""kwok-node-13""},{""name"":""rs-33-p1-kttmr"",""cpu_m"":654,""mem_b"":499838214,""priority"":""1"",""node"":""kwok-node-19""},{""name"":""rs-34-p3-j5l8m"",""cpu_m"":331,""mem_b"":271669481,""priority"":""3"",""node"":""kwok-node-28""},{""name"":""rs-34-p3-rdj7s"",""cpu_m"":331,""mem_b"":271669481,""priority"":""3"",""node"":""kwok-node-11""},{""name"":""rs-34-p3-sz6rt"",""cpu_m"":331,""mem_b"":271669481,""priority"":""3"",""node"":""kwok-node-26""},{""name"":""rs-34-p3-trplz"",""cpu_m"":331,""mem_b"":271669481,""priority"":""3"",""node"":""kwok-node-21""},{""name"":""rs-35-p1-dgsck"",""cpu_m"":648,""mem_b"":737585926,""priority"":""1"",""node"":""""},{""name"":""rs-35-p1-qwfs5"",""cpu_m"":648,""mem_b"":737585926,""priority"":""1"",""node"":""""},{""name"":""rs-35-p1-wbc4c"",""cpu_m"":648,""mem_b"":737585926,""priority"":""1"",""node"":""""},{""name"":""rs-35-p1-x2jn4"",""cpu_m"":648,""mem_b"":737585926,""priority"":""1"",""node"":""""},{""name"":""rs-36-p4-gsbm9"",""cpu_m"":175,""mem_b"":454934686,""priority"":""4"",""node"":""kwok-node-20""},{""name"":""rs-36-p4-mm4s8"",""cpu_m"":175,""mem_b"":454934686,""priority"":""4"",""node"":""kwok-node-1""},{""name"":""rs-36-p4-pmws4"",""cpu_m"":175,""mem_b"":454934686,""priority"":""4"",""node"":""kwok-node-2""},{""name"":""rs-36-p4-vbm5f"",""cpu_m"":175,""mem_b"":454934686,""priority"":""4"",""node"":""kwok-node-25""},{""name"":""rs-37-p1-7mffw"",""cpu_m"":869,""mem_b"":200839140,""priority"":""1"",""node"":""kwok-node-9""},{""name"":""rs-37-p1-czlj2"",""cpu_m"":869,""mem_b"":200839140,""priority"":""1"",""node"":""kwok-node-5""},{""name"":""rs-38-p4-4mhng"",""cpu_m"":895,""mem_b"":221367434,""priority"":""4"",""node"":""""},{""name"":""rs-38-p4-6psmg"",""cpu_m"":895,""mem_b"":221367434,""priority"":""4"",""node"":""""},{""name"":""rs-38-p4-cfw4j"",""cpu_m"":895,""mem_b"":221367434,""priority"":""4"",""node"":""""},{""name"":""rs-39-p2-bqw8r"",""cpu_m"":123,""mem_b"":437638549,""priority"":""2"",""node"":""kwok-node-2""},{""name"":""rs-40-p3-d26sn"",""cpu_m"":972,""mem_b"":162263249,""priority"":""3"",""node"":""""},{""name"":""rs-40-p3-d6dnk"",""cpu_m"":972,""mem_b"":162263249,""priority"":""3"",""node"":""""},{""name"":""rs-40-p3-dhkw8"",""cpu_m"":972,""mem_b"":162263249,""priority"":""3"",""node"":""""},{""name"":""rs-40-p3-g46ts"",""cpu_m"":972,""mem_b"":162263249,""priority"":""3"",""node"":""""},{""name"":""rs-41-p1-q8qbd"",""cpu_m"":672,""mem_b"":737786628,""priority"":""1"",""node"":""""},{""name"":""rs-42-p4-pkq5v"",""cpu_m"":998,""mem_b"":915621516,""priority"":""4"",""node"":""""},{""name"":""rs-42-p4-s4n62"",""cpu_m"":998,""mem_b"":915621516,""priority"":""4"",""node"":""""},{""name"":""rs-43-p2-2k7zm"",""cpu_m"":854,""mem_b"":838701633,""priority"":""2"",""node"":""""},{""name"":""rs-43-p2-tph95"",""cpu_m"":854,""mem_b"":838701633,""priority"":""2"",""node"":""""},{""name"":""rs-44-p2-5c76k"",""cpu_m"":143,""mem_b"":882238198,""priority"":""2"",""node"":""""},{""name"":""rs-44-p2-6c5n4"",""cpu_m"":143,""mem_b"":882238198,""priority"":""2"",""node"":""""},{""name"":""rs-44-p2-wf4jt"",""cpu_m"":143,""mem_b"":882238198,""priority"":""2"",""node"":""""},{""name"":""rs-45-p2-4pvcs"",""cpu_m"":148,""mem_b"":374918094,""priority"":""2"",""node"":""kwok-node-18""},{""name"":""rs-46-p3-fhlfb"",""cpu_m"":209,""mem_b"":271071613,""priority"":""3"",""node"":""kwok-node-24""},{""name"":""rs-46-p3-n2wk5"",""cpu_m"":209,""mem_b"":271071613,""priority"":""3"",""node"":""kwok-node-3""},{""name"":""rs-46-p3-t8lt7"",""cpu_m"":209,""mem_b"":271071613,""priority"":""3"",""node"":""kwok-node-30""},{""name"":""rs-47-p3-k67pr"",""cpu_m"":638,""mem_b"":248725793,""priority"":""3"",""node"":""kwok-node-7""},{""name"":""rs-48-p1-ztmq9"",""cpu_m"":287,""mem_b"":639703487,""priority"":""1"",""node"":""kwok-node-20""}]","[{""name"":""kwok-node-1"",""cap_cpu_m"":2029,""cap_mem_bytes"":2000424139},{""name"":""kwok-node-2"",""cap_cpu_m"":2029,""cap_mem_bytes"":2000424139},{""name"":""kwok-node-3"",""cap_cpu_m"":2029,""cap_mem_bytes"":2000424139},{""name"":""kwok-node-4"",""cap_cpu_m"":2029,""cap_mem_bytes"":2000424139},{""name"":""kwok-node-5"",""cap_cpu_m"":2029,""cap_mem_bytes"":2000424139},{""name"":""kwok-node-6"",""cap_cpu_m"":2029,""cap_mem_bytes"":2000424139},{""name"":""kwok-node-7"",""cap_cpu_m"":2029,""cap_mem_bytes"":2000424139},{""name"":""kwok-node-8"",""cap_cpu_m"":2029,""cap_mem_bytes"":2000424139},{""name"":""kwok-node-9"",""cap_cpu_m"":2029,""cap_mem_bytes"":2000424139},{""name"":""kwok-node-10"",""cap_cpu_m"":2029,""cap_mem_bytes"":2000424139},{""name"":""kwok-node-11"",""cap_cpu_m"":2029,""cap_mem_bytes"":2000424139},{""name"":""kwok-node-12"",""cap_cpu_m"":2029,""cap_mem_bytes"":2000424139},{""name"":""kwok-node-13"",""cap_cpu_m"":2029,""cap_mem_bytes"":2000424139},{""name"":""kwok-node-14"",""cap_cpu_m"":2029,""cap_mem_bytes"":2000424139},{""name"":""kwok-node-15"",""cap_cpu_m"":2029,""cap_mem_bytes"":2000424139},{""name"":""kwok-node-16"",""cap_cpu_m"":2029,""cap_mem_bytes"":2000424139},{""name"":""kwok-node-17"",""cap_cpu_m"":2029,""cap_mem_bytes"":2000424139},{""name"":""kwok-node-18"",""cap_cpu_m"":2029,""cap_mem_bytes"":2000424139},{""name"":""kwok-node-19"",""cap_cpu_m"":2029,""cap_mem_bytes"":2000424139},{""name"":""kwok-node-20"",""cap_cpu_m"":2029,""cap_mem_bytes"":2000424139},{""name"":""kwok-node-21"",""cap_cpu_m"":2029,""cap_mem_bytes"":2000424139},{""name"":""kwok-node-22"",""cap_cpu_m"":2029,""cap_mem_bytes"":2000424139},{""name"":""kwok-node-23"",""cap_cpu_m"":2029,""cap_mem_bytes"":2000424139},{""name"":""kwok-node-24"",""cap_cpu_m"":2029,""cap_mem_bytes"":2000424139},{""name"":""kwok-node-25"",""cap_cpu_m"":2029,""cap_mem_bytes"":2000424139},{""name"":""kwok-node-26"",""cap_cpu_m"":2029,""cap_mem_bytes"":2000424139},{""name"":""kwok-node-27"",""cap_cpu_m"":2029,""cap_mem_bytes"":2000424139},{""name"":""kwok-node-28"",""cap_cpu_m"":2029,""cap_mem_bytes"":2000424139},{""name"":""kwok-node-29"",""cap_cpu_m"":2029,""cap_mem_bytes"":2000424139},{""name"":""kwok-node-30"",""cap_cpu_m"":2029,""cap_mem_bytes"":2000424139},{""name"":""kwok-node-31"",""cap_cpu_m"":2029,""cap_mem_bytes"":2000424139},{""name"":""kwok-node-32"",""cap_cpu_m"":2029,""cap_mem_bytes"":2000424139}]"
2026/02/11/11:40:18,8110663468741290990,no improving solution from any solver,"{""evicted"":0,""moved"":0,""placed_by_priority"":{""1"":15,""2"":18,""3"":30,""4"":44}}",,,,,"[{""duration_ms"":973,""name"":""python"",""score"":{""evicted"":11,""moved"":11,""placed_by_priority"":{""1"":7,""2"":20,""3"":41,""4"":45}},""status"":""UNKNOWN""}]",0.846,0.846,0.817,0.817,54784,54784,53270852588,53270852588,107,107,21,21,"{""kwok-node-1"":3,""kwok-node-10"":4,""kwok-node-11"":4,""kwok-node-12"":4,""kwok-node-13"":4,""kwok-node-14"":4,""kwok-node-15"":4,""kwok-node-16"":3,""kwok-node-17"":4,""kwok-node-18"":2,""kwok-node-19"":3,""kwok-node-2"":3,""kwok-node-20"":3,""kwok-node-21"":3,""kwok-node-22"":4,""kwok-node-23"":3,""kwok-node-24"":3,""kwok-node-25"":3,""kwok-node-26"":3,""kwok-node-27"":3,""kwok-node-28"":3,""kwok-node-29"":3,""kwok-node-3"":3,""kwok-node-30"":3,""kwok-node-31"":4,""kwok-node-32"":3,""kwok-node-4"":3,""kwok-node-5"":4,""kwok-node-6"":5,""kwok-node-7"":3,""kwok-node-8"":3,""kwok-node-9"":3}","{""kwok-node-1"":3,""kwok-node-10"":4,""kwok-node-11"":4,""kwok-node-12"":4,""kwok-node-13"":4,""kwok-node-14"":4,""kwok-node-15"":4,""kwok-node-16"":3,""kwok-node-17"":4,""kwok-node-18"":2,""kwok-node-19"":3,""kwok-node-2"":3,""kwok-node-20"":3,""kwok-node-21"":3,""kwok-node-22"":4,""kwok-node-23"":3,""kwok-node-24"":3,""kwok-node-25"":3,""kwok-node-26"":3,""kwok-node-27"":3,""kwok-node-28"":3,""kwok-node-29"":3,""kwok-node-3"":3,""kwok-node-30"":3,""kwok-node-31"":4,""kwok-node-32"":3,""kwok-node-4"":3,""kwok-node-5"":4,""kwok-node-6"":5,""kwok-node-7"":3,""kwok-node-8"":3,""kwok-node-9"":3}","{""p1"":15,""p2"":18,""p3"":30,""p4"":44}","{""p1"":15,""p2"":18,""p3"":30,""p4"":44}","{""p2"":9,""p3"":11,""p4"":1}","{""p2"":9,""p3"":11,""p4"":1}","{rs-36-p3-8bwbn,rs-36-p3-m6m2h,rs-37-p3-fhggh,rs-37-p3-kdg2c,rs-37-p3-llrnm,rs-37-p3-rmsxz,rs-38-p3-b6wxt,rs-41-p2-cv77h,rs-41-p2-dkd5t,rs-41-p2-lnh5b,rs-41-p2-qv6wz,rs-43-p4-4hfmg,rs-45-p2-b5tf4,rs-45-p2-h4mq8,rs-45-p2-llvrq,rs-45-p2-lvj9r,rs-47-p3-4jr9s,rs-47-p3-7vpz7,rs-47-p3-d6kxf,rs-50-p2-ggddf,rs-51-p3-mmq42}","{rs-36-p3-8bwbn,rs-36-p3-m6m2h,rs-37-p3-fhggh,rs-37-p3-kdg2c,rs-37-p3-llrnm,rs-37-p3-rmsxz,rs-38-p3-b6wxt,rs-41-p2-cv77h,rs-41-p2-dkd5t,rs-41-p2-lnh5b,rs-41-p2-qv6wz,rs-43-p4-4hfmg,rs-45-p2-b5tf4,rs-45-p2-h4mq8,rs-45-p2-llvrq,rs-45-p2-lvj9r,rs-47-p3-4jr9s,rs-47-p3-7vpz7,rs-47-p3-d6kxf,rs-50-p2-ggddf,rs-51-p3-mmq42}","{rs-01-p4-8tgrx,rs-01-p4-fjnmh,rs-01-p4-kmskz,rs-02-p4-9v46n,rs-03-p3-4gftn,rs-03-p3-f8jr5,rs-03-p3-gnsnd,rs-03-p3-z79wg,rs-04-p3-trj55,rs-05-p4-7q2qr,rs-05-p4-gkzmc,rs-05-p4-w672d,rs-05-p4-x8pbk,rs-06-p2-9cfm2,rs-06-p2-f6vkp,rs-07-p4-9bd85,rs-07-p4-bg5nj,rs-07-p4-q4xfm,rs-07-p4-xd776,rs-08-p4-9vb76,rs-08-p4-wjwgd,rs-09-p1-4mvf2,rs-09-p1-c6t9q,rs-10-p2-bxzsk,rs-10-p2-rmvhm,rs-10-p2-wskqp,rs-11-p4-9sm2w,rs-11-p4-bm5tk,rs-11-p4-tfd44,rs-12-p4-478jj,rs-12-p4-6qcj8,rs-12-p4-hh9kr,rs-12-p4-zkvnh,rs-13-p4-lr27x,rs-14-p4-jqp7s,rs-14-p4-nm87l,rs-14-p4-tkctf,rs-14-p4-tpmnp,rs-15-p4-pqlxp,rs-15-p4-vhp5n,rs-15-p4-zkvgq,rs-16-p1-6rshm,rs-16-p1-bcqhh,rs-17-p3-fcr4j,rs-17-p3-jrjgp,rs-17-p3-nnt64,rs-18-p4-wqmpj,rs-19-p2-ggzt9,rs-19-p2-kdwkd,rs-20-p4-f2z6x,rs-21-p3-hmsrx,rs-21-p3-r2dr9,rs-22-p1-4gwkd,rs-22-p1-b7qtl,rs-22-p1-gfklq,rs-23-p3-5j79c,rs-23-p3-qzdrh,rs-24-p4-2brsp,rs-24-p4-hqzmd,rs-24-p4-vs22q,rs-25-p2-pb4wl,rs-25-p2-ssjms,rs-26-p3-6z6xh,rs-26-p3-7mh5l,rs-26-p3-bbgnp,rs-26-p3-cb252,rs-27-p1-qfvzd,rs-27-p1-vj6xb,rs-28-p3-bl68k,rs-28-p3-d6r8t,rs-29-p4-7cw5m,rs-29-p4-fbpw5,rs-30-p1-2vx78,rs-30-p1-gg72q,rs-30-p1-jnzxk,rs-30-p1-k9lqq,rs-31-p3-5jcn9,rs-31-p3-87fwt,rs-31-p3-nkqsj,rs-32-p3-8mlzs,rs-32-p3-mnnj9,rs-33-p3-d4f7v,rs-33-p3-qf627,rs-33-p3-shcq7,rs-33-p3-w4fv5,rs-34-p2-k7mw4,rs-34-p2-tbg9b,rs-35-p3-9b6t6,rs-36-p3-97vb2,rs-38-p3-pbrwd,rs-39-p1-72zg8,rs-39-p1-wc242,rs-40-p2-lb79g,rs-40-p2-r7xcd,rs-40-p2-zhbd7,rs-42-p2-b549z,rs-42-p2-ktjs5,rs-42-p2-v7zdz,rs-44-p4-8sqt5,rs-44-p4-mbg27,rs-46-p4-5tkxg,rs-46-p4-bb4fm,rs-46-p4-hf8k2,rs-46-p4-pslfg,rs-48-p4-gqxvc,rs-48-p4-pwg2j,rs-49-p2-jjr6s}","{rs-01-p4-8tgrx,rs-01-p4-fjnmh,rs-01-p4-kmskz,rs-02-p4-9v46n,rs-03-p3-4gftn,rs-03-p3-f8jr5,rs-03-p3-gnsnd,rs-03-p3-z79wg,rs-04-p3-trj55,rs-05-p4-7q2qr,rs-05-p4-gkzmc,rs-05-p4-w672d,rs-05-p4-x8pbk,rs-06-p2-9cfm2,rs-06-p2-f6vkp,rs-07-p4-9bd85,rs-07-p4-bg5nj,rs-07-p4-q4xfm,rs-07-p4-xd776,rs-08-p4-9vb76,rs-08-p4-wjwgd,rs-09-p1-4mvf2,rs-09-p1-c6t9q,rs-10-p2-bxzsk,rs-10-p2-rmvhm,rs-10-p2-wskqp,rs-11-p4-9sm2w,rs-11-p4-bm5tk,rs-11-p4-tfd44,rs-12-p4-478jj,rs-12-p4-6qcj8,rs-12-p4-hh9kr,rs-12-p4-zkvnh,rs-13-p4-lr27x,rs-14-p4-jqp7s,rs-14-p4-nm87l,rs-14-p4-tkctf,rs-14-p4-tpmnp,rs-15-p4-pqlxp,rs-15-p4-vhp5n,rs-15-p4-zkvgq,rs-16-p1-6rshm,rs-16-p1-bcqhh,rs-17-p3-fcr4j,rs-17-p3-jrjgp,rs-17-p3-nnt64,rs-18-p4-wqmpj,rs-19-p2-ggzt9,rs-19-p2-kdwkd,rs-20-p4-f2z6x,rs-21-p3-hmsrx,rs-21-p3-r2dr9,rs-22-p1-4gwkd,rs-22-p1-b7qtl,rs-22-p1-gfklq,rs-23-p3-5j79c,rs-23-p3-qzdrh,rs-24-p4-2brsp,rs-24-p4-hqzmd,rs-24-p4-vs22q,rs-25-p2-pb4wl,rs-25-p2-ssjms,rs-26-p3-6z6xh,rs-26-p3-7mh5l,rs-26-p3-bbgnp,rs-26-p3-cb252,rs-27-p1-qfvzd,rs-27-p1-vj6xb,rs-28-p3-bl68k,rs-28-p3-d6r8t,rs-29-p4-7cw5m,rs-29-p4-fbpw5,rs-30-p1-2vx78,rs-30-p1-gg72q,rs-30-p1-jnzxk,rs-30-p1-k9lqq,rs-31-p3-5jcn9,rs-31-p3-87fwt,rs-31-p3-nkqsj,rs-32-p3-8mlzs,rs-32-p3-mnnj9,rs-33-p3-d4f7v,rs-33-p3-qf627,rs-33-p3-shcq7,rs-33-p3-w4fv5,rs-34-p2-k7mw4,rs-34-p2-tbg9b,rs-35-p3-9b6t6,rs-36-p3-97vb2,rs-38-p3-pbrwd,rs-39-p1-72zg8,rs-39-p1-wc242,rs-40-p2-lb79g,rs-40-p2-r7xcd,rs-40-p2-zhbd7,rs-42-p2-b549z,rs-42-p2-ktjs5,rs-42-p2-v7zdz,rs-44-p4-8sqt5,rs-44-p4-mbg27,rs-46-p4-5tkxg,rs-46-p4-bb4fm,rs-46-p4-hf8k2,rs-46-p4-pslfg,rs-48-p4-gqxvc,rs-48-p4-pwg2j,rs-49-p2-jjr6s}","[{""name"":""rs-01-p4-8tgrx"",""cpu_m"":510,""mem_b"":103813144,""priority"":""4"",""node"":""kwok-node-12""},{""name"":""rs-01-p4-fjnmh"",""cpu_m"":510,""mem_b"":103813144,""priority"":""4"",""node"":""kwok-node-13""},{""name"":""rs-01-p4-kmskz"",""cpu_m"":510,""mem_b"":103813144,""priority"":""4"",""node"":""kwok-node-11""},{""name"":""rs-02-p4-9v46n"",""cpu_m"":492,""mem_b"":713651706,""priority"":""4"",""node"":""kwok-node-19""},{""name"":""rs-03-p3-4gftn"",""cpu_m"":345,""mem_b"":292081932,""priority"":""3"",""node"":""kwok-node-21""},{""name"":""rs-03-p3-f8jr5"",""cpu_m"":345,""mem_b"":292081932,""priority"":""3"",""node"":""kwok-node-20""},{""name"":""rs-03-p3-gnsnd"",""cpu_m"":345,""mem_b"":292081932,""priority"":""3"",""node"":""kwok-node-17""},{""name"":""rs-03-p3-z79wg"",""cpu_m"":345,""mem_b"":292081932,""priority"":""3"",""node"":""kwok-node-10""},{""name"":""rs-04-p3-trj55"",""cpu_m"":114,""mem_b"":780785393,""priority"":""3"",""node"":""kwok-node-14""},{""name"":""rs-05-p4-7q2qr"",""cpu_m"":799,""mem_b"":391369060,""priority"":""4"",""node"":""kwok-node-16""},{""name"":""rs-05-p4-gkzmc"",""cpu_m"":799,""mem_b"":391369060,""priority"":""4"",""node"":""kwok-node-15""},{""name"":""rs-05-p4-w672d"",""cpu_m"":799,""mem_b"":391369060,""priority"":""4"",""node"":""kwok-node-1""},{""name"":""rs-05-p4-x8pbk"",""cpu_m"":799,""mem_b"":391369060,""priority"":""4"",""node"":""kwok-node-22""},{""name"":""rs-06-p2-9cfm2"",""cpu_m"":887,""mem_b"":818283753,""priority"":""2"",""node"":""kwok-node-25""},{""name"":""rs-06-p2-f6vkp"",""cpu_m"":887,""mem_b"":818283753,""priority"":""2"",""node"":""kwok-node-27""},{""name"":""rs-07-p4-9bd85"",""cpu_m"":939,""mem_b"":936359557,""priority"":""4"",""node"":""kwok-node-3""},{""name"":""rs-07-p4-bg5nj"",""cpu_m"":939,""mem_b"":936359557,""priority"":""4"",""node"":""kwok-node-24""},{""name"":""rs-07-p4-q4xfm"",""cpu_m"":939,""mem_b"":936359557,""priority"":""4"",""node"":""kwok-node-26""},{""name"":""rs-07-p4-xd776"",""cpu_m"":939,""mem_b"":936359557,""priority"":""4"",""node"":""kwok-node-18""},{""name"":""rs-08-p4-9vb76"",""cpu_m"":863,""mem_b"":663748530,""priority"":""4"",""node"":""kwok-node-28""},{""name"":""rs-08-p4-wjwgd"",""cpu_m"":863,""mem_b"":663748530,""priority"":""4"",""node"":""kwok-node-2""},{""name"":""rs-09-p1-4mvf2"",""cpu_m"":628,""mem_b"":471907737,""priority"":""1"",""node"":""kwok-node-23""},{""name"":""rs-09-p1-c6t9q"",""cpu_m"":628,""mem_b"":471907737,""priority"":""1"",""node"":""kwok-node-29""},{""name"":""rs-10-p2-bxzsk"",""cpu_m"":781,""mem_b"":538655585,""priority"":""2"",""node"":""kwok-node-20""},{""name"":""rs-10-p2-rmvhm"",""cpu_m"":781,""mem_b"":538655585,""priority"":""2"",""node"":""kwok-node-10""},{""name"":""rs-10-p2-wskqp"",""cpu_m"":781,""mem_b"":538655585,""priority"":""2"",""node"":""kwok-node-17""},{""name"":""rs-11-p4-9sm2w"",""cpu_m"":425,""mem_b"":354983721,""priority"":""4"",""node"":""kwok-node-30""},{""name"":""rs-11-p4-bm5tk"",""cpu_m"":425,""mem_b"":354983721,""priority"":""4"",""node"":""kwok-node-32""},{""name"":""rs-11-p4-tfd44"",""cpu_m"":425,""mem_b"":354983721,""priority"":""4"",""node"":""kwok-node-5""},{""name"":""rs-12-p4-478jj"",""cpu_m"":108,""mem_b"":818029629,""priority"":""4"",""node"":""kwok-node-7""},{""name"":""rs-12-p4-6qcj8"",""cpu_m"":108,""mem_b"":818029629,""priority"":""4"",""node"":""kwok-node-31""},{""name"":""rs-12-p4-hh9kr"",""cpu_m"":108,""mem_b"":818029629,""priority"":""4"",""node"":""kwok-node-6""},{""name"":""rs-12-p4-zkvnh"",""cpu_m"":108,""mem_b"":818029629,""priority"":""4"",""node"":""kwok-node-4""},{""name"":""rs-13-p4-lr27x"",""cpu_m"":516,""mem_b"":331026193,""priority"":""4"",""node"":""kwok-node-8""},{""name"":""rs-14-p4-jqp7s"",""cpu_m"":228,""mem_b"":743410435,""priority"":""4"",""node"":""kwok-node-12""},{""name"":""rs-14-p4-nm87l"",""cpu_m"":228,""mem_b"":743410435,""priority"":""4"",""node"":""kwok-node-9""},{""name"":""rs-14-p4-tkctf"",""cpu_m"":228,""mem_b"":743410435,""priority"":""4"",""node"":""kwok-node-11""},{""name"":""rs-14-p4-tpmnp"",""cpu_m"":228,""mem_b"":743410435,""priority"":""4"",""node"":""kwok-node-13""},{""name"":""rs-15-p4-pqlxp"",""cpu_m"":770,""mem_b"":270689383,""priority"":""4"",""node"":""kwok-node-14""},{""name"":""rs-15-p4-vhp5n"",""cpu_m"":770,""mem_b"":270689383,""priority"":""4"",""node"":""kwok-node-4""},{""name"":""rs-15-p4-zkvgq"",""cpu_m"":770,""mem_b"":270689383,""priority"":""4"",""node"":""kwok-node-9""},{""name"":""rs-16-p1-6rshm"",""cpu_m"":582,""mem_b"":923071574,""priority"":""1"",""node"":""kwok-node-21""},{""name"":""rs-16-p1-bcqhh"",""cpu_m"":582,""mem_b"":923071574,""priority"":""1"",""node"":""kwok-node-8""},{""name"":""rs-17-p3-fcr4j"",""cpu_m"":658,""mem_b"":170571073,""priority"":""3"",""node"":""kwok-node-6""},{""name"":""rs-17-p3-jrjgp"",""cpu_m"":658,""mem_b"":170571073,""priority"":""3"",""node"":""kwok-node-31""},{""name"":""rs-17-p3-nnt64"",""cpu_m"":658,""mem_b"":170571073,""priority"":""3"",""node"":""kwok-node-7""},{""name"":""rs-18-p4-wqmpj"",""cpu_m"":297,""mem_b"":339058571,""priority"":""4"",""node"":""kwok-node-5""},{""name"":""rs-19-p2-ggzt9"",""cpu_m"":643,""mem_b"":759170266,""priority"":""2"",""node"":""kwok-node-32""},{""name"":""rs-19-p2-kdwkd"",""cpu_m"":643,""mem_b"":759170266,""priority"":""2"",""node"":""kwok-node-30""},{""name"":""rs-20-p4-f2z6x"",""cpu_m"":773,""mem_b"":365575762,""priority"":""4"",""node"":""kwok-node-19""},{""name"":""rs-21-p3-hmsrx"",""cpu_m"":566,""mem_b"":786013873,""priority"":""3"",""node"":""kwok-node-29""},{""name"":""rs-21-p3-r2dr9"",""cpu_m"":566,""mem_b"":786013873,""priority"":""3"",""node"":""kwok-node-23""},{""name"":""rs-22-p1-4gwkd"",""cpu_m"":110,""mem_b"":415400140,""priority"":""1"",""node"":""kwok-node-15""},{""name"":""rs-22-p1-b7qtl"",""cpu_m"":110,""mem_b"":415400140,""priority"":""1"",""node"":""kwok-node-1""},{""name"":""rs-22-p1-gfklq"",""cpu_m"":110,""mem_b"":415400140,""priority"":""1"",""node"":""kwok-node-22""},{""name"":""rs-23-p3-5j79c"",""cpu_m"":775,""mem_b"":273027018,""priority"":""3"",""node"":""kwok-node-11""},{""name"":""rs-23-p3-qzdrh"",""cpu_m"":775,""mem_b"":273027018,""priority"":""3"",""node"":""kwok-node-5""},{""name"":""rs-24-p4-2brsp"",""cpu_m"":960,""mem_b"":143167731,""priority"":""4"",""node"":""kwok-node-12""},{""name"":""rs-24-p4-hqzmd"",""cpu_m"":960,""mem_b"":143167731,""priority"":""4"",""node"":""kwok-node-7""},{""name"":""rs-24-p4-vs22q"",""cpu_m"":960,""mem_b"":143167731,""priority"":""4"",""node"":""kwok-node-13""},{""name"":""rs-25-p2-pb4wl"",""cpu_m"":301,""mem_b"":554553478,""priority"":""2"",""node"":""kwok-node-16""},{""name"":""rs-25-p2-ssjms"",""cpu_m"":301,""mem_b"":554553478,""priority"":""2"",""node"":""kwok-node-28""},{""name"":""rs-26-p3-6z6xh"",""cpu_m"":476,""mem_b"":702246673,""priority"":""3"",""node"":""kwok-node-1""},{""name"":""rs-26-p3-7mh5l"",""cpu_m"":476,""mem_b"":702246673,""priority"":""3"",""node"":""kwok-node-15""},{""name"":""rs-26-p3-bbgnp"",""cpu_m"":476,""mem_b"":702246673,""priority"":""3"",""node"":""kwok-node-2""},{""name"":""rs-26-p3-cb252"",""cpu_m"":476,""mem_b"":702246673,""priority"":""3"",""node"":""kwok-node-22""},{""name"":""rs-27-p1-qfvzd"",""cpu_m"":620,""mem_b"":407275160,""priority"":""1"",""node"":""kwok-node-31""},{""name"":""rs-27-p1-vj6xb"",""cpu_m"":620,""mem_b"":407275160,""priority"":""1"",""node"":""kwok-node-6""},{""name"":""rs-28-p3-bl68k"",""cpu_m"":592,""mem_b"":512349963,""priority"":""3"",""node"":""kwok-node-25""},{""name"":""rs-28-p3-d6r8t"",""cpu_m"":592,""mem_b"":512349963,""priority"":""3"",""node"":""kwok-node-27""},{""name"":""rs-29-p4-7cw5m"",""cpu_m"":340,""mem_b"":622211348,""priority"":""4"",""node"":""kwok-node-10""},{""name"":""rs-29-p4-fbpw5"",""cpu_m"":340,""mem_b"":622211348,""priority"":""4"",""node"":""kwok-node-17""},{""name"":""rs-30-p1-2vx78"",""cpu_m"":184,""mem_b"":102491013,""priority"":""1"",""node"":""kwok-node-26""},{""name"":""rs-30-p1-gg72q"",""cpu_m"":184,""mem_b"":102491013,""priority"":""1"",""node"":""kwok-node-24""},{""name"":""rs-30-p1-jnzxk"",""cpu_m"":184,""mem_b"":102491013,""priority"":""1"",""node"":""kwok-node-14""},{""name"":""rs-30-p1-k9lqq"",""cpu_m"":184,""mem_b"":102491013,""priority"":""1"",""node"":""kwok-node-3""},{""name"":""rs-31-p3-5jcn9"",""cpu_m"":848,""mem_b"":364759767,""priority"":""3"",""node"":""kwok-node-18""},{""name"":""rs-31-p3-87fwt"",""cpu_m"":848,""mem_b"":364759767,""priority"":""3"",""node"":""kwok-node-21""},{""name"":""rs-31-p3-nkqsj"",""cpu_m"":848,""mem_b"":364759767,""priority"":""3"",""node"":""kwok-node-4""},{""name"":""rs-32-p3-8mlzs"",""cpu_m"":637,""mem_b"":487937276,""priority"":""3"",""node"":""kwok-node-30""},{""name"":""rs-32-p3-mnnj9"",""cpu_m"":637,""mem_b"":487937276,""priority"":""3"",""node"":""kwok-node-9""},{""name"":""rs-33-p3-d4f7v"",""cpu_m"":546,""mem_b"":775726002,""priority"":""3"",""node"":""kwok-node-20""},{""name"":""rs-33-p3-qf627"",""cpu_m"":546,""mem_b"":775726002,""priority"":""3"",""node"":""kwok-node-3""},{""name"":""rs-33-p3-shcq7"",""cpu_m"":546,""mem_b"":775726002,""priority"":""3"",""node"":""kwok-node-16""},{""name"":""rs-33-p3-w4fv5"",""cpu_m"":546,""mem_b"":775726002,""priority"":""3"",""node"":""kwok-node-24""},{""name"":""rs-34-p2-k7mw4"",""cpu_m"":591,""mem_b"":249490967,""priority"":""2"",""node"":""kwok-node-32""},{""name"":""rs-34-p2-tbg9b"",""cpu_m"":591,""mem_b"":249490967,""priority"":""2"",""node"":""kwok-node-14""},{""name"":""rs-35-p3-9b6t6"",""cpu_m"":920,""mem_b"":373399397,""priority"":""3"",""node"":""kwok-node-8""},{""name"":""rs-36-p3-8bwbn"",""cpu_m"":865,""mem_b"":700927229,""priority"":""3"",""node"":""""},{""name"":""rs-36-p3-97vb2"",""cpu_m"":865,""mem_b"":700927229,""priority"":""3"",""node"":""kwok-node-26""},{""name"":""rs-36-p3-m6m2h"",""cpu_m"":865,""mem_b"":700927229,""priority"":""3"",""node"":""""},{""name"":""rs-37-p3-fhggh"",""cpu_m"":993,""mem_b"":279566130,""priority"":""3"",""node"":""""},{""name"":""rs-37-p3-kdg2c"",""cpu_m"":993,""mem_b"":279566130,""priority"":""3"",""node"":""""},{""name"":""rs-37-p3-llrnm"",""cpu_m"":993,""mem_b"":279566130,""priority"":""3"",""node"":""""},{""name"":""rs-37-p3-rmsxz"",""cpu_m"":993,""mem_b"":279566130,""priority"":""3"",""node"":""""},{""name"":""rs-38-p3-b6wxt"",""cpu_m"":654,""mem_b"":836337681,""priority"":""3"",""node"":""""},{""name"":""rs-38-p3-pbrwd"",""cpu_m"":654,""mem_b"":836337681,""priority"":""3"",""node"":""kwok-node-19""},{""name"":""rs-39-p1-72zg8"",""cpu_m"":406,""mem_b"":655724930,""priority"":""1"",""node"":""kwok-node-23""},{""name"":""rs-39-p1-wc242"",""cpu_m"":406,""mem_b"":655724930,""priority"":""1"",""node"":""kwok-node-28""},{""name"":""rs-40-p2-lb79g"",""cpu_m"":499,""mem_b"":297102928,""priority"":""2"",""node"":""kwok-node-2""},{""name"":""rs-40-p2-r7xcd"",""cpu_m"":499,""mem_b"":297102928,""priority"":""2"",""node"":""kwok-node-22""},{""name"":""rs-40-p2-zhbd7"",""cpu_m"":499,""mem_b"":297102928,""priority"":""2"",""node"":""kwok-node-29""},{""name"":""rs-41-p2-cv77h"",""cpu_m"":656,""mem_b"":944592742,""priority"":""2"",""node"":""""},{""name"":""rs-41-p2-dkd5t"",""cpu_m"":656,""mem_b"":944592742,""priority"":""2"",""node"":""""},{""name"":""rs-41-p2-lnh5b"",""cpu_m"":656,""mem_b"":944592742,""priority"":""2"",""node"":""""},{""name"":""rs-41-p2-qv6wz"",""cpu_m"":656,""mem_b"":944592742,""priority"":""2"",""node"":""""},{""name"":""rs-42-p2-b549z"",""cpu_m"":108,""mem_b"":970551513,""priority"":""2"",""node"":""kwok-node-12""},{""name"":""rs-42-p2-ktjs5"",""cpu_m"":108,""mem_b"":970551513,""priority"":""2"",""node"":""kwok-node-13""},{""name"":""rs-42-p2-v7zdz"",""cpu_m"":108,""mem_b"":970551513,""priority"":""2"",""node"":""kwok-node-5""},{""name"":""rs-43-p4-4hfmg"",""cpu_m"":814,""mem_b"":526249779,""priority"":""4"",""node"":""""},{""name"":""rs-44-p4-8sqt5"",""cpu_m"":256,""mem_b"":499375715,""priority"":""4"",""node"":""kwok-node-11""},{""name"":""rs-44-p4-mbg27"",""cpu_m"":256,""mem_b"":499375715,""priority"":""4"",""node"":""kwok-node-25""},{""name"":""rs-45-p2-b5tf4"",""cpu_m"":106,""mem_b"":945983066,""priority"":""2"",""node"":""""},{""name"":""rs-45-p2-h4mq8"",""cpu_m"":106,""mem_b"":945983066,""priority"":""2"",""node"":""""},{""name"":""rs-45-p2-llvrq"",""cpu_m"":106,""mem_b"":945983066,""priority"":""2"",""node"":""""},{""name"":""rs-45-p2-lvj9r"",""cpu_m"":106,""mem_b"":945983066,""priority"":""2"",""node"":""""},{""name"":""rs-46-p4-5tkxg"",""cpu_m"":108,""mem_b"":110473173,""priority"":""4"",""node"":""kwok-node-17""},{""name"":""rs-46-p4-bb4fm"",""cpu_m"":108,""mem_b"":110473173,""priority"":""4"",""node"":""kwok-node-10""},{""name"":""rs-46-p4-hf8k2"",""cpu_m"":108,""mem_b"":110473173,""priority"":""4"",""node"":""kwok-node-6""},{""name"":""rs-46-p4-pslfg"",""cpu_m"":108,""mem_b"":110473173,""priority"":""4"",""node"":""kwok-node-31""},{""name"":""rs-47-p3-4jr9s"",""cpu_m"":593,""mem_b"":927961306,""priority"":""3"",""node"":""""},{""name"":""rs-47-p3-7vpz7"",""cpu_m"":593,""mem_b"":927961306,""priority"":""3"",""node"":""""},{""name"":""rs-47-p3-d6kxf"",""cpu_m"":593,""mem_b"":927961306,""priority"":""3"",""node"":""""},{""name"":""rs-48-p4-gqxvc"",""cpu_m"":356,""mem_b"":456480966,""priority"":""4"",""node"":""kwok-node-6""},{""name"":""rs-48-p4-pwg2j"",""cpu_m"":356,""mem_b"":456480966,""priority"":""4"",""node"":""kwok-node-27""},{""name"":""rs-49-p2-jjr6s"",""cpu_m"":128,""mem_b"":171010697,""priority"":""2"",""node"":""kwok-node-15""},{""name"":""rs-50-p2-ggddf"",""cpu_m"":481,""mem_b"":644504540,""priority"":""2"",""node"":""""},{""name"":""rs-51-p3-mmq42"",""cpu_m"":726,""mem_b"":299996742,""priority"":""3"",""node"":""""}]","[{""name"":""rs-01-p4-8tgrx"",""cpu_m"":510,""mem_b"":103813144,""priority"":""4"",""node"":""kwok-node-12""},{""name"":""rs-01-p4-fjnmh"",""cpu_m"":510,""mem_b"":103813144,""priority"":""4"",""node"":""kwok-node-13""},{""name"":""rs-01-p4-kmskz"",""cpu_m"":510,""mem_b"":103813144,""priority"":""4"",""node"":""kwok-node-11""},{""name"":""rs-02-p4-9v46n"",""cpu_m"":492,""mem_b"":713651706,""priority"":""4"",""node"":""kwok-node-19""},{""name"":""rs-03-p3-4gftn"",""cpu_m"":345,""mem_b"":292081932,""priority"":""3"",""node"":""kwok-node-21""},{""name"":""rs-03-p3-f8jr5"",""cpu_m"":345,""mem_b"":292081932,""priority"":""3"",""node"":""kwok-node-20""},{""name"":""rs-03-p3-gnsnd"",""cpu_m"":345,""mem_b"":292081932,""priority"":""3"",""node"":""kwok-node-17""},{""name"":""rs-03-p3-z79wg"",""cpu_m"":345,""mem_b"":292081932,""priority"":""3"",""node"":""kwok-node-10""},{""name"":""rs-04-p3-trj55"",""cpu_m"":114,""mem_b"":780785393,""priority"":""3"",""node"":""kwok-node-14""},{""name"":""rs-05-p4-7q2qr"",""cpu_m"":799,""mem_b"":391369060,""priority"":""4"",""node"":""kwok-node-16""},{""name"":""rs-05-p4-gkzmc"",""cpu_m"":799,""mem_b"":391369060,""priority"":""4"",""node"":""kwok-node-15""},{""name"":""rs-05-p4-w672d"",""cpu_m"":799,""mem_b"":391369060,""priority"":""4"",""node"":""kwok-node-1""},{""name"":""rs-05-p4-x8pbk"",""cpu_m"":799,""mem_b"":391369060,""priority"":""4"",""node"":""kwok-node-22""},{""name"":""rs-06-p2-9cfm2"",""cpu_m"":887,""mem_b"":818283753,""priority"":""2"",""node"":""kwok-node-25""},{""name"":""rs-06-p2-f6vkp"",""cpu_m"":887,""mem_b"":818283753,""priority"":""2"",""node"":""kwok-node-27""},{""name"":""rs-07-p4-9bd85"",""cpu_m"":939,""mem_b"":936359557,""priority"":""4"",""node"":""kwok-node-3""},{""name"":""rs-07-p4-bg5nj"",""cpu_m"":939,""mem_b"":936359557,""priority"":""4"",""node"":""kwok-node-24""},{""name"":""rs-07-p4-q4xfm"",""cpu_m"":939,""mem_b"":936359557,""priority"":""4"",""node"":""kwok-node-26""},{""name"":""rs-07-p4-xd776"",""cpu_m"":939,""mem_b"":936359557,""priority"":""4"",""node"":""kwok-node-18""},{""name"":""rs-08-p4-9vb76"",""cpu_m"":863,""mem_b"":663748530,""priority"":""4"",""node"":""kwok-node-28""},{""name"":""rs-08-p4-wjwgd"",""cpu_m"":863,""mem_b"":663748530,""priority"":""4"",""node"":""kwok-node-2""},{""name"":""rs-09-p1-4mvf2"",""cpu_m"":628,""mem_b"":471907737,""priority"":""1"",""node"":""kwok-node-23""},{""name"":""rs-09-p1-c6t9q"",""cpu_m"":628,""mem_b"":471907737,""priority"":""1"",""node"":""kwok-node-29""},{""name"":""rs-10-p2-bxzsk"",""cpu_m"":781,""mem_b"":538655585,""priority"":""2"",""node"":""kwok-node-20""},{""name"":""rs-10-p2-rmvhm"",""cpu_m"":781,""mem_b"":538655585,""priority"":""2"",""node"":""kwok-node-10""},{""name"":""rs-10-p2-wskqp"",""cpu_m"":781,""mem_b"":538655585,""priority"":""2"",""node"":""kwok-node-17""},{""name"":""rs-11-p4-9sm2w"",""cpu_m"":425,""mem_b"":354983721,""priority"":""4"",""node"":""kwok-node-30""},{""name"":""rs-11-p4-bm5tk"",""cpu_m"":425,""mem_b"":354983721,""priority"":""4"",""node"":""kwok-node-32""},{""name"":""rs-11-p4-tfd44"",""cpu_m"":425,""mem_b"":354983721,""priority"":""4"",""node"":""kwok-node-5""},{""name"":""rs-12-p4-478jj"",""cpu_m"":108,""mem_b"":818029629,""priority"":""4"",""node"":""kwok-node-7""},{""name"":""rs-12-p4-6qcj8"",""cpu_m"":108,""mem_b"":818029629,""priority"":""4"",""node"":""kwok-node-31""},{""name"":""rs-12-p4-hh9kr"",""cpu_m"":108,""mem_b"":818029629,""priority"":""4"",""node"":""kwok-node-6""},{""name"":""rs-12-p4-zkvnh"",""cpu_m"":108,""mem_b"":818029629,""priority"":""4"",""node"":""kwok-node-4""},{""name"":""rs-13-p4-lr27x"",""cpu_m"":516,""mem_b"":331026193,""priority"":""4"",""node"":""kwok-node-8""},{""name"":""rs-14-p4-jqp7s"",""cpu_m"":228,""mem_b"":743410435,""priority"":""4"",""node"":""kwok-node-12""},{""name"":""rs-14-p4-nm87l"",""cpu_m"":228,""mem_b"":743410435,""priority"":""4"",""node"":""kwok-node-9""},{""name"":""rs-14-p4-tkctf"",""cpu_m"":228,""mem_b"":743410435,""priority"":""4"",""node"":""kwok-node-11""},{""name"":""rs-14-p4-tpmnp"",""cpu_m"":228,""mem_b"":743410435,""priority"":""4"",""node"":""kwok-node-13""},{""name"":""rs-15-p4-pqlxp"",""cpu_m"":770,""mem_b"":270689383,""priority"":""4"",""node"":""kwok-node-14""},{""name"":""rs-15-p4-vhp5n"",""cpu_m"":770,""mem_b"":270689383,""priority"":""4"",""node"":""kwok-node-4""},{""name"":""rs-15-p4-zkvgq"",""cpu_m"":770,""mem_b"":270689383,""priority"":""4"",""node"":""kwok-node-9""},{""name"":""rs-16-p1-6rshm"",""cpu_m"":582,""mem_b"":923071574,""priority"":""1"",""node"":""kwok-node-21""},{""name"":""rs-16-p1-bcqhh"",""cpu_m"":582,""mem_b"":923071574,""priority"":""1"",""node"":""kwok-node-8""},{""name"":""rs-17-p3-fcr4j"",""cpu_m"":658,""mem_b"":170571073,""priority"":""3"",""node"":""kwok-node-6""},{""name"":""rs-17-p3-jrjgp"",""cpu_m"":658,""mem_b"":170571073,""priority"":""3"",""node"":""kwok-node-31""},{""name"":""rs-17-p3-nnt64"",""cpu_m"":658,""mem_b"":170571073,""priority"":""3"",""node"":""kwok-node-7""},{""name"":""rs-18-p4-wqmpj"",""cpu_m"":297,""mem_b"":339058571,""priority"":""4"",""node"":""kwok-node-5""},{""name"":""rs-19-p2-ggzt9"",""cpu_m"":643,""mem_b"":759170266,""priority"":""2"",""node"":""kwok-node-32""},{""name"":""rs-19-p2-kdwkd"",""cpu_m"":643,""mem_b"":759170266,""priority"":""2"",""node"":""kwok-node-30""},{""name"":""rs-20-p4-f2z6x"",""cpu_m"":773,""mem_b"":365575762,""priority"":""4"",""node"":""kwok-node-19""},{""name"":""rs-21-p3-hmsrx"",""cpu_m"":566,""mem_b"":786013873,""priority"":""3"",""node"":""kwok-node-29""},{""name"":""rs-21-p3-r2dr9"",""cpu_m"":566,""mem_b"":786013873,""priority"":""3"",""node"":""kwok-node-23""},{""name"":""rs-22-p1-4gwkd"",""cpu_m"":110,""mem_b"":415400140,""priority"":""1"",""node"":""kwok-node-15""},{""name"":""rs-22-p1-b7qtl"",""cpu_m"":110,""mem_b"":415400140,""priority"":""1"",""node"":""kwok-node-1""},{""name"":""rs-22-p1-gfklq"",""cpu_m"":110,""mem_b"":415400140,""priority"":""1"",""node"":""kwok-node-22""},{""name"":""rs-23-p3-5j79c"",""cpu_m"":775,""mem_b"":273027018,""priority"":""3"",""node"":""kwok-node-11""},{""name"":""rs-23-p3-qzdrh"",""cpu_m"":775,""mem_b"":273027018,""priority"":""3"",""node"":""kwok-node-5""},{""name"":""rs-24-p4-2brsp"",""cpu_m"":960,""mem_b"":143167731,""priority"":""4"",""node"":""kwok-node-12""},{""name"":""rs-24-p4-hqzmd"",""cpu_m"":960,""mem_b"":143167731,""priority"":""4"",""node"":""kwok-node-7""},{""name"":""rs-24-p4-vs22q"",""cpu_m"":960,""mem_b"":143167731,""priority"":""4"",""node"":""kwok-node-13""},{""name"":""rs-25-p2-pb4wl"",""cpu_m"":301,""mem_b"":554553478,""priority"":""2"",""node"":""kwok-node-16""},{""name"":""rs-25-p2-ssjms"",""cpu_m"":301,""mem_b"":554553478,""priority"":""2"",""node"":""kwok-node-28""},{""name"":""rs-26-p3-6z6xh"",""cpu_m"":476,""mem_b"":702246673,""priority"":""3"",""node"":""kwok-node-1""},{""name"":""rs-26-p3-7mh5l"",""cpu_m"":476,""mem_b"":702246673,""priority"":""3"",""node"":""kwok-node-15""},{""name"":""rs-26-p3-bbgnp"",""cpu_m"":476,""mem_b"":702246673,""priority"":""3"",""node"":""kwok-node-2""},{""name"":""rs-26-p3-cb252"",""cpu_m"":476,""mem_b"":702246673,""priority"":""3"",""node"":""kwok-node-22""},{""name"":""rs-27-p1-qfvzd"",""cpu_m"":620,""mem_b"":407275160,""priority"":""1"",""node"":""kwok-node-31""},{""name"":""rs-27-p1-vj6xb"",""cpu_m"":620,""mem_b"":407275160,""priority"":""1"",""node"":""kwok-node-6""},{""name"":""rs-28-p3-bl68k"",""cpu_m"":592,""mem_b"":512349963,""priority"":""3"",""node"":""kwok-node-25""},{""name"":""rs-28-p3-d6r8t"",""cpu_m"":592,""mem_b"":512349963,""priority"":""3"",""node"":""kwok-node-27""},{""name"":""rs-29-p4-7cw5m"",""cpu_m"":340,""mem_b"":622211348,""priority"":""4"",""node"":""kwok-node-10""},{""name"":""rs-29-p4-fbpw5"",""cpu_m"":340,""mem_b"":622211348,""priority"":""4"",""node"":""kwok-node-17""},{""name"":""rs-30-p1-2vx78"",""cpu_m"":184,""mem_b"":102491013,""priority"":""1"",""node"":""kwok-node-26""},{""name"":""rs-30-p1-gg72q"",""cpu_m"":184,""mem_b"":102491013,""priority"":""1"",""node"":""kwok-node-24""},{""name"":""rs-30-p1-jnzxk"",""cpu_m"":184,""mem_b"":102491013,""priority"":""1"",""node"":""kwok-node-14""},{""name"":""rs-30-p1-k9lqq"",""cpu_m"":184,""mem_b"":102491013,""priority"":""1"",""node"":""kwok-node-3""},{""name"":""rs-31-p3-5jcn9"",""cpu_m"":848,""mem_b"":364759767,""priority"":""3"",""node"":""kwok-node-18""},{""name"":""rs-31-p3-87fwt"",""cpu_m"":848,""mem_b"":364759767,""priority"":""3"",""node"":""kwok-node-21""},{""name"":""rs-31-p3-nkqsj"",""cpu_m"":848,""mem_b"":364759767,""priority"":""3"",""node"":""kwok-node-4""},{""name"":""rs-32-p3-8mlzs"",""cpu_m"":637,""mem_b"":487937276,""priority"":""3"",""node"":""kwok-node-30""},{""name"":""rs-32-p3-mnnj9"",""cpu_m"":637,""mem_b"":487937276,""priority"":""3"",""node"":""kwok-node-9""},{""name"":""rs-33-p3-d4f7v"",""cpu_m"":546,""mem_b"":775726002,""priority"":""3"",""node"":""kwok-node-20""},{""name"":""rs-33-p3-qf627"",""cpu_m"":546,""mem_b"":775726002,""priority"":""3"",""node"":""kwok-node-3""},{""name"":""rs-33-p3-shcq7"",""cpu_m"":546,""mem_b"":775726002,""priority"":""3"",""node"":""kwok-node-16""},{""name"":""rs-33-p3-w4fv5"",""cpu_m"":546,""mem_b"":775726002,""priority"":""3"",""node"":""kwok-node-24""},{""name"":""rs-34-p2-k7mw4"",""cpu_m"":591,""mem_b"":249490967,""priority"":""2"",""node"":""kwok-node-32""},{""name"":""rs-34-p2-tbg9b"",""cpu_m"":591,""mem_b"":249490967,""priority"":""2"",""node"":""kwok-node-14""},{""name"":""rs-35-p3-9b6t6"",""cpu_m"":920,""mem_b"":373399397,""priority"":""3"",""node"":""kwok-node-8""},{""name"":""rs-36-p3-8bwbn"",""cpu_m"":865,""mem_b"":700927229,""priority"":""3"",""node"":""""},{""name"":""rs-36-p3-97vb2"",""cpu_m"":865,""mem_b"":700927229,""priority"":""3"",""node"":""kwok-node-26""},{""name"":""rs-36-p3-m6m2h"",""cpu_m"":865,""mem_b"":700927229,""priority"":""3"",""node"":""""},{""name"":""rs-37-p3-fhggh"",""cpu_m"":993,""mem_b"":279566130,""priority"":""3"",""node"":""""},{""name"":""rs-37-p3-kdg2c"",""cpu_m"":993,""mem_b"":279566130,""priority"":""3"",""node"":""""},{""name"":""rs-37-p3-llrnm"",""cpu_m"":993,""mem_b"":279566130,""priority"":""3"",""node"":""""},{""name"":""rs-37-p3-rmsxz"",""cpu_m"":993,""mem_b"":279566130,""priority"":""3"",""node"":""""},{""name"":""rs-38-p3-b6wxt"",""cpu_m"":654,""mem_b"":836337681,""priority"":""3"",""node"":""""},{""name"":""rs-38-p3-pbrwd"",""cpu_m"":654,""mem_b"":836337681,""priority"":""3"",""node"":""kwok-node-19""},{""name"":""rs-39-p1-72zg8"",""cpu_m"":406,""mem_b"":655724930,""priority"":""1"",""node"":""kwok-node-23""},{""name"":""rs-39-p1-wc242"",""cpu_m"":406,""mem_b"":655724930,""priority"":""1"",""node"":""kwok-node-28""},{""name"":""rs-40-p2-lb79g"",""cpu_m"":499,""mem_b"":297102928,""priority"":""2"",""node"":""kwok-node-2""},{""name"":""rs-40-p2-r7xcd"",""cpu_m"":499,""mem_b"":297102928,""priority"":""2"",""node"":""kwok-node-22""},{""name"":""rs-40-p2-zhbd7"",""cpu_m"":499,""mem_b"":297102928,""priority"":""2"",""node"":""kwok-node-29""},{""name"":""rs-41-p2-cv77h"",""cpu_m"":656,""mem_b"":944592742,""priority"":""2"",""node"":""""},{""name"":""rs-41-p2-dkd5t"",""cpu_m"":656,""mem_b"":944592742,""priority"":""2"",""node"":""""},{""name"":""rs-41-p2-lnh5b"",""cpu_m"":656,""mem_b"":944592742,""priority"":""2"",""node"":""""},{""name"":""rs-41-p2-qv6wz"",""cpu_m"":656,""mem_b"":944592742,""priority"":""2"",""node"":""""},{""name"":""rs-42-p2-b549z"",""cpu_m"":108,""mem_b"":970551513,""priority"":""2"",""node"":""kwok-node-12""},{""name"":""rs-42-p2-ktjs5"",""cpu_m"":108,""mem_b"":970551513,""priority"":""2"",""node"":""kwok-node-13""},{""name"":""rs-42-p2-v7zdz"",""cpu_m"":108,""mem_b"":970551513,""priority"":""2"",""node"":""kwok-node-5""},{""name"":""rs-43-p4-4hfmg"",""cpu_m"":814,""mem_b"":526249779,""priority"":""4"",""node"":""""},{""name"":""rs-44-p4-8sqt5"",""cpu_m"":256,""mem_b"":499375715,""priority"":""4"",""node"":""kwok-node-11""},{""name"":""rs-44-p4-mbg27"",""cpu_m"":256,""mem_b"":499375715,""priority"":""4"",""node"":""kwok-node-25""},{""name"":""rs-45-p2-b5tf4"",""cpu_m"":106,""mem_b"":945983066,""priority"":""2"",""node"":""""},{""name"":""rs-45-p2-h4mq8"",""cpu_m"":106,""mem_b"":945983066,""priority"":""2"",""node"":""""},{""name"":""rs-45-p2-llvrq"",""cpu_m"":106,""mem_b"":945983066,""priority"":""2"",""node"":""""},{""name"":""rs-45-p2-lvj9r"",""cpu_m"":106,""mem_b"":945983066,""priority"":""2"",""node"":""""},{""name"":""rs-46-p4-5tkxg"",""cpu_m"":108,""mem_b"":110473173,""priority"":""4"",""node"":""kwok-node-17""},{""name"":""rs-46-p4-bb4fm"",""cpu_m"":108,""mem_b"":110473173,""priority"":""4"",""node"":""kwok-node-10""},{""name"":""rs-46-p4-hf8k2"",""cpu_m"":108,""mem_b"":110473173,""priority"":""4"",""node"":""kwok-node-6""},{""name"":""rs-46-p4-pslfg"",""cpu_m"":108,""mem_b"":110473173,""priority"":""4"",""node"":""kwok-node-31""},{""name"":""rs-47-p3-4jr9s"",""cpu_m"":593,""mem_b"":927961306,""priority"":""3"",""node"":""""},{""name"":""rs-47-p3-7vpz7"",""cpu_m"":593,""mem_b"":927961306,""priority"":""3"",""node"":""""},{""name"":""rs-47-p3-d6kxf"",""cpu_m"":593,""mem_b"":927961306,""priority"":""3"",""node"":""""},{""name"":""rs-48-p4-gqxvc"",""cpu_m"":356,""mem_b"":456480966,""priority"":""4"",""node"":""kwok-node-6""},{""name"":""rs-48-p4-pwg2j"",""cpu_m"":356,""mem_b"":456480966,""priority"":""4"",""node"":""kwok-node-27""},{""name"":""rs-49-p2-jjr6s"",""cpu_m"":128,""mem_b"":171010697,""priority"":""2"",""node"":""kwok-node-15""},{""name"":""rs-50-p2-ggddf"",""cpu_m"":481,""mem_b"":644504540,""priority"":""2"",""node"":""""},{""name"":""rs-51-p3-mmq42"",""cpu_m"":726,""mem_b"":299996742,""priority"":""3"",""node"":""""}]","[{""name"":""kwok-node-1"",""cap_cpu_m"":2024,""cap_mem_bytes"":2037031175},{""name"":""kwok-node-2"",""cap_cpu_m"":2024,""cap_mem_bytes"":2037031175},{""name"":""kwok-node-3"",""cap_cpu_m"":2024,""cap_mem_bytes"":2037031175},{""name"":""kwok-node-4"",""cap_cpu_m"":2024,""cap_mem_bytes"":2037031175},{""name"":""kwok-node-5"",""cap_cpu_m"":2024,""cap_mem_bytes"":2037031175},{""name"":""kwok-node-6"",""cap_cpu_m"":2024,""cap_mem_bytes"":2037031175},{""name"":""kwok-node-7"",""cap_cpu_m"":2024,""cap_mem_bytes"":2037031175},{""name"":""kwok-node-8"",""cap_cpu_m"":2024,""cap_mem_bytes"":2037031175},{""name"":""kwok-node-9"",""cap_cpu_m"":2024,""cap_mem_bytes"":2037031175},{""name"":""kwok-node-10"",""cap_cpu_m"":2024,""cap_mem_bytes"":2037031175},{""name"":""kwok-node-11"",""cap_cpu_m"":2024,""cap_mem_bytes"":2037031175},{""name"":""kwok-node-12"",""cap_cpu_m"":2024,""cap_mem_bytes"":2037031175},{""name"":""kwok-node-13"",""cap_cpu_m"":2024,""cap_mem_bytes"":2037031175},{""name"":""kwok-node-14"",""cap_cpu_m"":2024,""cap_mem_bytes"":2037031175},{""name"":""kwok-node-15"",""cap_cpu_m"":2024,""cap_mem_bytes"":2037031175},{""name"":""kwok-node-16"",""cap_cpu_m"":2024,""cap_mem_bytes"":2037031175},{""name"":""kwok-node-17"",""cap_cpu_m"":2024,""cap_mem_bytes"":2037031175},{""name"":""kwok-node-18"",""cap_cpu_m"":2024,""cap_mem_bytes"":2037031175},{""name"":""kwok-node-19"",""cap_cpu_m"":2024,""cap_mem_bytes"":2037031175},{""name"":""kwok-node-20"",""cap_cpu_m"":2024,""cap_mem_bytes"":2037031175},{""name"":""kwok-node-21"",""cap_cpu_m"":2024,""cap_mem_bytes"":2037031175},{""name"":""kwok-node-22"",""cap_cpu_m"":2024,""cap_mem_bytes"":2037031175},{""name"":""kwok-node-23"",""cap_cpu_m"":2024,""cap_mem_bytes"":2037031175},{""name"":""kwok-node-24"",""cap_cpu_m"":2024,""cap_mem_bytes"":2037031175},{""name"":""kwok-node-25"",""cap_cpu_m"":2024,""cap_mem_bytes"":2037031175},{""name"":""kwok-node-26"",""cap_cpu_m"":2024,""cap_mem_bytes"":2037031175},{""name"":""kwok-node-27"",""cap_cpu_m"":2024,""cap_mem_bytes"":2037031175},{""name"":""kwok-node-28"",""cap_cpu_m"":2024,""cap_mem_bytes"":2037031175},{""name"":""kwok-node-29"",""cap_cpu_m"":2024,""cap_mem_bytes"":2037031175},{""name"":""kwok-node-30"",""cap_cpu_m"":2024,""cap_mem_bytes"":2037031175},{""name"":""kwok-node-31"",""cap_cpu_m"":2024,""cap_mem_bytes"":2037031175},{""name"":""kwok-node-32"",""cap_cpu_m"":2024,""cap_mem_bytes"":2037031175}]"
2026/02/11/11:41:14,5820706265677719135,no improving solution from any solver,"{""evicted"":0,""moved"":0,""placed_by_priority"":{""1"":21,""2"":27,""3"":30,""4"":28}}",,,,,"[{""duration_ms"":955,""name"":""python"",""score"":{""evicted"":11,""moved"":13,""placed_by_priority"":{""1"":10,""2"":31,""3"":35,""4"":36}},""status"":""UNKNOWN""}]",0.828,0.828,0.807,0.807,59198,59198,57192420216,57192420216,106,106,22,22,"{""kwok-node-1"":3,""kwok-node-10"":3,""kwok-node-11"":4,""kwok-node-12"":4,""kwok-node-13"":3,""kwok-node-14"":5,""kwok-node-15"":4,""kwok-node-16"":4,""kwok-node-17"":3,""kwok-node-18"":4,""kwok-node-19"":4,""kwok-node-2"":4,""kwok-node-20"":3,""kwok-node-21"":3,""kwok-node-22"":3,""kwok-node-23"":3,""kwok-node-24"":3,""kwok-node-25"":4,""kwok-node-26"":4,""kwok-node-27"":3,""kwok-node-28"":3,""kwok-node-29"":4,""kwok-node-3"":3,""kwok-node-30"":4,""kwok-node-31"":3,""kwok-node-32"":3,""kwok-node-4"":3,""kwok-node-5"":2,""kwok-node-6"":3,""kwok-node-7"":2,""kwok-node-8"":3,""kwok-node-9"":2}","{""kwok-node-1"":3,""kwok-node-10"":3,""kwok-node-11"":4,""kwok-node-12"":4,""kwok-node-13"":3,""kwok-node-14"":5,""kwok-node-15"":4,""kwok-node-16"":4,""kwok-node-17"":3,""kwok-node-18"":4,""kwok-node-19"":4,""kwok-node-2"":4,""kwok-node-20"":3,""kwok-node-21"":3,""kwok-node-22"":3,""kwok-node-23"":3,""kwok-node-24"":3,""kwok-node-25"":4,""kwok-node-26"":4,""kwok-node-27"":3,""kwok-node-28"":3,""kwok-node-29"":4,""kwok-node-3"":3,""kwok-node-30"":4,""kwok-node-31"":3,""kwok-node-32"":3,""kwok-node-4"":3,""kwok-node-5"":2,""kwok-node-6"":3,""kwok-node-7"":2,""kwok-node-8"":3,""kwok-node-9"":2}","{""p1"":21,""p2"":27,""p3"":30,""p4"":28}","{""p1"":21,""p2"":27,""p3"":30,""p4"":28}","{""p1"":5,""p2"":4,""p3"":5,""p4"":8}","{""p1"":5,""p2"":4,""p3"":5,""p4"":8}","{rs-39-p4-6xsp5,rs-40-p2-89hdz,rs-41-p4-qk9sn,rs-41-p4-qtngf,rs-43-p4-2nmg7,rs-44-p1-5b5j4,rs-44-p1-fxpg5,rs-44-p1-ln9l9,rs-44-p1-rs45t,rs-45-p3-5n769,rs-45-p3-cks2h,rs-45-p3-nsdvd,rs-45-p3-pxcd9,rs-47-p4-7jnpg,rs-47-p4-f6gvx,rs-47-p4-tscmx,rs-47-p4-zdxvx,rs-48-p3-bdlfx,rs-50-p2-26b5b,rs-50-p2-9tfv7,rs-50-p2-q9hqx,rs-51-p1-6crpj}","{rs-39-p4-6xsp5,rs-40-p2-89hdz,rs-41-p4-qk9sn,rs-41-p4-qtngf,rs-43-p4-2nmg7,rs-44-p1-5b5j4,rs-44-p1-fxpg5,rs-44-p1-ln9l9,rs-44-p1-rs45t,rs-45-p3-5n769,rs-45-p3-cks2h,rs-45-p3-nsdvd,rs-45-p3-pxcd9,rs-47-p4-7jnpg,rs-47-p4-f6gvx,rs-47-p4-tscmx,rs-47-p4-zdxvx,rs-48-p3-bdlfx,rs-50-p2-26b5b,rs-50-p2-9tfv7,rs-50-p2-q9hqx,rs-51-p1-6crpj}","{rs-01-p3-4l7nq,rs-01-p3-58xkk,rs-01-p3-rb2k7,rs-02-p3-jk984,rs-02-p3-mstg5,rs-02-p3-phwcx,rs-03-p2-cm7wf,rs-03-p2-r2tv9,rs-03-p2-r5qj7,rs-03-p2-xn48r,rs-04-p2-257qf,rs-04-p2-9k6vs,rs-04-p2-nnsdk,rs-04-p2-zb2nl,rs-05-p3-lkbdc,rs-06-p3-5mc25,rs-06-p3-8skft,rs-06-p3-nsg9r,rs-06-p3-tzbwm,rs-07-p2-qb279,rs-07-p2-s9ffz,rs-07-p2-wfzbl,rs-07-p2-z6c7l,rs-08-p2-mjgxw,rs-08-p2-qm7pq,rs-08-p2-x99xd,rs-09-p1-dl4v9,rs-09-p1-qp7cb,rs-09-p1-w24l6,rs-09-p1-xbkjl,rs-10-p2-8x2sg,rs-10-p2-blplp,rs-10-p2-wrqh9,rs-10-p2-zq6ct,rs-11-p3-rhqrm,rs-11-p3-x4cvf,rs-11-p3-xpcmm,rs-12-p4-5vsjj,rs-12-p4-8jx76,rs-13-p1-6tjf5,rs-13-p1-dd6pk,rs-14-p1-qqg8g,rs-15-p1-lhvjl,rs-16-p4-m4x2b,rs-16-p4-qmk5n,rs-16-p4-wj9vf,rs-16-p4-z9xcs,rs-17-p1-gqlxf,rs-17-p1-k2xpt,rs-17-p1-rc8wv,rs-18-p1-lg8nz,rs-19-p3-2nhhl,rs-19-p3-7mpln,rs-19-p3-fnjcv,rs-19-p3-xs77p,rs-20-p2-8gzlg,rs-20-p2-wzlxp,rs-20-p2-x62cj,rs-21-p1-cx6t6,rs-21-p1-jdfgp,rs-21-p1-khb84,rs-21-p1-vxkfj,rs-22-p4-59cvc,rs-22-p4-xnj9h,rs-23-p3-49jpp,rs-24-p1-dclfz,rs-25-p2-bskph,rs-25-p2-lvtcf,rs-26-p4-fr2ff,rs-27-p3-b5stm,rs-28-p4-2crm8,rs-28-p4-7c88s,rs-28-p4-k6gp7,rs-28-p4-mklpr,rs-29-p1-cwjqs,rs-30-p4-bh8vg,rs-30-p4-kfjph,rs-30-p4-xh4lp,rs-31-p4-86847,rs-31-p4-f9t4z,rs-31-p4-nhtmg,rs-32-p3-6hgcj,rs-33-p4-sksqm,rs-33-p4-x5f8v,rs-34-p3-cbkm6,rs-34-p3-vhhhg,rs-35-p3-lt66l,rs-35-p3-tjht5,rs-35-p3-wl7rn,rs-36-p4-2wjlm,rs-36-p4-jzf9d,rs-36-p4-m25v9,rs-36-p4-vp25h,rs-37-p1-rlg26,rs-37-p1-v6phc,rs-37-p1-vm94l,rs-38-p3-8jsb8,rs-38-p3-jjd8t,rs-38-p3-l7g97,rs-38-p3-lnlpq,rs-41-p4-6k4pt,rs-41-p4-jxzsm,rs-42-p2-qvqsw,rs-42-p2-tcxv6,rs-46-p4-vr5nc,rs-49-p2-xpvn6}","{rs-01-p3-4l7nq,rs-01-p3-58xkk,rs-01-p3-rb2k7,rs-02-p3-jk984,rs-02-p3-mstg5,rs-02-p3-phwcx,rs-03-p2-cm7wf,rs-03-p2-r2tv9,rs-03-p2-r5qj7,rs-03-p2-xn48r,rs-04-p2-257qf,rs-04-p2-9k6vs,rs-04-p2-nnsdk,rs-04-p2-zb2nl,rs-05-p3-lkbdc,rs-06-p3-5mc25,rs-06-p3-8skft,rs-06-p3-nsg9r,rs-06-p3-tzbwm,rs-07-p2-qb279,rs-07-p2-s9ffz,rs-07-p2-wfzbl,rs-07-p2-z6c7l,rs-08-p2-mjgxw,rs-08-p2-qm7pq,rs-08-p2-x99xd,rs-09-p1-dl4v9,rs-09-p1-qp7cb,rs-09-p1-w24l6,rs-09-p1-xbkjl,rs-10-p2-8x2sg,rs-10-p2-blplp,rs-10-p2-wrqh9,rs-10-p2-zq6ct,rs-11-p3-rhqrm,rs-11-p3-x4cvf,rs-11-p3-xpcmm,rs-12-p4-5vsjj,rs-12-p4-8jx76,rs-13-p1-6tjf5,rs-13-p1-dd6pk,rs-14-p1-qqg8g,rs-15-p1-lhvjl,rs-16-p4-m4x2b,rs-16-p4-qmk5n,rs-16-p4-wj9vf,rs-16-p4-z9xcs,rs-17-p1-gqlxf,rs-17-p1-k2xpt,rs-17-p1-rc8wv,rs-18-p1-lg8nz,rs-19-p3-2nhhl,rs-19-p3-7mpln,rs-19-p3-fnjcv,rs-19-p3-xs77p,rs-20-p2-8gzlg,rs-20-p2-wzlxp,rs-20-p2-x62cj,rs-21-p1-cx6t6,rs-21-p1-jdfgp,rs-21-p1-khb84,rs-21-p1-vxkfj,rs-22-p4-59cvc,rs-22-p4-xnj9h,rs-23-p3-49jpp,rs-24-p1-dclfz,rs-25-p2-bskph,rs-25-p2-lvtcf,rs-26-p4-fr2ff,rs-27-p3-b5stm,rs-28-p4-2crm8,rs-28-p4-7c88s,rs-28-p4-k6gp7,rs-28-p4-mklpr,rs-29-p1-cwjqs,rs-30-p4-bh8vg,rs-30-p4-kfjph,rs-30-p4-xh4lp,rs-31-p4-86847,rs-31-p4-f9t4z,rs-31-p4-nhtmg,rs-32-p3-6hgcj,rs-33-p4-sksqm,rs-33-p4-x5f8v,rs-34-p3-cbkm6,rs-34-p3-vhhhg,rs-35-p3-lt66l,rs-35-p3-tjht5,rs-35-p3-wl7rn,rs-36-p4-2wjlm,rs-36-p4-jzf9d,rs-36-p4-m25v9,rs-36-p4-vp25h,rs-37-p1-rlg26,rs-37-p1-v6phc,rs-37-p1-vm94l,rs-38-p3-8jsb8,rs-38-p3-jjd8t,rs-38-p3-l7g97,rs-38-p3-lnlpq,rs-41-p4-6k4pt,rs-41-p4-jxzsm,rs-42-p2-qvqsw,rs-42-p2-tcxv6,rs-46-p4-vr5nc,rs-49-p2-xpvn6}","[{""name"":""rs-01-p3-4l7nq"",""cpu_m"":353,""mem_b"":191487475,""priority"":""3"",""node"":""kwok-node-15""},{""name"":""rs-01-p3-58xkk"",""cpu_m"":353,""mem_b"":191487475,""priority"":""3"",""node"":""kwok-node-12""},{""name"":""rs-01-p3-rb2k7"",""cpu_m"":353,""mem_b"":191487475,""priority"":""3"",""node"":""kwok-node-14""},{""name"":""rs-02-p3-jk984"",""cpu_m"":384,""mem_b"":504768503,""priority"":""3"",""node"":""kwok-node-19""},{""name"":""rs-02-p3-mstg5"",""cpu_m"":384,""mem_b"":504768503,""priority"":""3"",""node"":""kwok-node-11""},{""name"":""rs-02-p3-phwcx"",""cpu_m"":384,""mem_b"":504768503,""priority"":""3"",""node"":""kwok-node-16""},{""name"":""rs-03-p2-cm7wf"",""cpu_m"":617,""mem_b"":872471347,""priority"":""2"",""node"":""kwok-node-18""},{""name"":""rs-03-p2-r2tv9"",""cpu_m"":617,""mem_b"":872471347,""priority"":""2"",""node"":""kwok-node-10""},{""name"":""rs-03-p2-r5qj7"",""cpu_m"":617,""mem_b"":872471347,""priority"":""2"",""node"":""kwok-node-20""},{""name"":""rs-03-p2-xn48r"",""cpu_m"":617,""mem_b"":872471347,""priority"":""2"",""node"":""kwok-node-13""},{""name"":""rs-04-p2-257qf"",""cpu_m"":848,""mem_b"":539205544,""priority"":""2"",""node"":""kwok-node-1""},{""name"":""rs-04-p2-9k6vs"",""cpu_m"":848,""mem_b"":539205544,""priority"":""2"",""node"":""kwok-node-17""},{""name"":""rs-04-p2-nnsdk"",""cpu_m"":848,""mem_b"":539205544,""priority"":""2"",""node"":""kwok-node-21""},{""name"":""rs-04-p2-zb2nl"",""cpu_m"":848,""mem_b"":539205544,""priority"":""2"",""node"":""kwok-node-22""},{""name"":""rs-05-p3-lkbdc"",""cpu_m"":501,""mem_b"":477217917,""priority"":""3"",""node"":""kwok-node-2""},{""name"":""rs-06-p3-5mc25"",""cpu_m"":423,""mem_b"":232378004,""priority"":""3"",""node"":""kwok-node-24""},{""name"":""rs-06-p3-8skft"",""cpu_m"":423,""mem_b"":232378004,""priority"":""3"",""node"":""kwok-node-14""},{""name"":""rs-06-p3-nsg9r"",""cpu_m"":423,""mem_b"":232378004,""priority"":""3"",""node"":""kwok-node-15""},{""name"":""rs-06-p3-tzbwm"",""cpu_m"":423,""mem_b"":232378004,""priority"":""3"",""node"":""kwok-node-23""},{""name"":""rs-07-p2-qb279"",""cpu_m"":625,""mem_b"":578935591,""priority"":""2"",""node"":""kwok-node-27""},{""name"":""rs-07-p2-s9ffz"",""cpu_m"":625,""mem_b"":578935591,""priority"":""2"",""node"":""kwok-node-26""},{""name"":""rs-07-p2-wfzbl"",""cpu_m"":625,""mem_b"":578935591,""priority"":""2"",""node"":""kwok-node-3""},{""name"":""rs-07-p2-z6c7l"",""cpu_m"":625,""mem_b"":578935591,""priority"":""2"",""node"":""kwok-node-25""},{""name"":""rs-08-p2-mjgxw"",""cpu_m"":756,""mem_b"":435985034,""priority"":""2"",""node"":""kwok-node-29""},{""name"":""rs-08-p2-qm7pq"",""cpu_m"":756,""mem_b"":435985034,""priority"":""2"",""node"":""kwok-node-30""},{""name"":""rs-08-p2-x99xd"",""cpu_m"":756,""mem_b"":435985034,""priority"":""2"",""node"":""kwok-node-28""},{""name"":""rs-09-p1-dl4v9"",""cpu_m"":533,""mem_b"":364358826,""priority"":""1"",""node"":""kwok-node-31""},{""name"":""rs-09-p1-qp7cb"",""cpu_m"":533,""mem_b"":364358826,""priority"":""1"",""node"":""kwok-node-16""},{""name"":""rs-09-p1-w24l6"",""cpu_m"":533,""mem_b"":364358826,""priority"":""1"",""node"":""kwok-node-32""},{""name"":""rs-09-p1-xbkjl"",""cpu_m"":533,""mem_b"":364358826,""priority"":""1"",""node"":""kwok-node-12""},{""name"":""rs-10-p2-8x2sg"",""cpu_m"":986,""mem_b"":640428699,""priority"":""2"",""node"":""kwok-node-7""},{""name"":""rs-10-p2-blplp"",""cpu_m"":986,""mem_b"":640428699,""priority"":""2"",""node"":""kwok-node-8""},{""name"":""rs-10-p2-wrqh9"",""cpu_m"":986,""mem_b"":640428699,""priority"":""2"",""node"":""kwok-node-5""},{""name"":""rs-10-p2-zq6ct"",""cpu_m"":986,""mem_b"":640428699,""priority"":""2"",""node"":""kwok-node-9""},{""name"":""rs-11-p3-rhqrm"",""cpu_m"":493,""mem_b"":615918381,""priority"":""3"",""node"":""kwok-node-23""},{""name"":""rs-11-p3-x4cvf"",""cpu_m"":493,""mem_b"":615918381,""priority"":""3"",""node"":""kwok-node-4""},{""name"":""rs-11-p3-xpcmm"",""cpu_m"":493,""mem_b"":615918381,""priority"":""3"",""node"":""kwok-node-6""},{""name"":""rs-12-p4-5vsjj"",""cpu_m"":875,""mem_b"":937996525,""priority"":""4"",""node"":""kwok-node-31""},{""name"":""rs-12-p4-8jx76"",""cpu_m"":875,""mem_b"":937996525,""priority"":""4"",""node"":""kwok-node-24""},{""name"":""rs-13-p1-6tjf5"",""cpu_m"":521,""mem_b"":913619243,""priority"":""1"",""node"":""kwok-node-28""},{""name"":""rs-13-p1-dd6pk"",""cpu_m"":521,""mem_b"":913619243,""priority"":""1"",""node"":""kwok-node-32""},{""name"":""rs-14-p1-qqg8g"",""cpu_m"":467,""mem_b"":999231184,""priority"":""1"",""node"":""kwok-node-15""},{""name"":""rs-15-p1-lhvjl"",""cpu_m"":804,""mem_b"":478875692,""priority"":""1"",""node"":""kwok-node-19""},{""name"":""rs-16-p4-m4x2b"",""cpu_m"":831,""mem_b"":386344837,""priority"":""4"",""node"":""kwok-node-2""},{""name"":""rs-16-p4-qmk5n"",""cpu_m"":831,""mem_b"":386344837,""priority"":""4"",""node"":""kwok-node-11""},{""name"":""rs-16-p4-wj9vf"",""cpu_m"":831,""mem_b"":386344837,""priority"":""4"",""node"":""kwok-node-4""},{""name"":""rs-16-p4-z9xcs"",""cpu_m"":831,""mem_b"":386344837,""priority"":""4"",""node"":""kwok-node-6""},{""name"":""rs-17-p1-gqlxf"",""cpu_m"":993,""mem_b"":403116548,""priority"":""1"",""node"":""kwok-node-3""},{""name"":""rs-17-p1-k2xpt"",""cpu_m"":993,""mem_b"":403116548,""priority"":""1"",""node"":""kwok-node-13""},{""name"":""rs-17-p1-rc8wv"",""cpu_m"":993,""mem_b"":403116548,""priority"":""1"",""node"":""kwok-node-27""},{""name"":""rs-18-p1-lg8nz"",""cpu_m"":259,""mem_b"":119221501,""priority"":""1"",""node"":""kwok-node-26""},{""name"":""rs-19-p3-2nhhl"",""cpu_m"":332,""mem_b"":581136062,""priority"":""3"",""node"":""kwok-node-30""},{""name"":""rs-19-p3-7mpln"",""cpu_m"":332,""mem_b"":581136062,""priority"":""3"",""node"":""kwok-node-25""},{""name"":""rs-19-p3-fnjcv"",""cpu_m"":332,""mem_b"":581136062,""priority"":""3"",""node"":""kwok-node-29""},{""name"":""rs-19-p3-xs77p"",""cpu_m"":332,""mem_b"":581136062,""priority"":""3"",""node"":""kwok-node-14""},{""name"":""rs-20-p2-8gzlg"",""cpu_m"":440,""mem_b"":598841321,""priority"":""2"",""node"":""kwok-node-22""},{""name"":""rs-20-p2-wzlxp"",""cpu_m"":440,""mem_b"":598841321,""priority"":""2"",""node"":""kwok-node-17""},{""name"":""rs-20-p2-x62cj"",""cpu_m"":440,""mem_b"":598841321,""priority"":""2"",""node"":""kwok-node-21""},{""name"":""rs-21-p1-cx6t6"",""cpu_m"":628,""mem_b"":189215144,""priority"":""1"",""node"":""kwok-node-1""},{""name"":""rs-21-p1-jdfgp"",""cpu_m"":628,""mem_b"":189215144,""priority"":""1"",""node"":""kwok-node-18""},{""name"":""rs-21-p1-khb84"",""cpu_m"":628,""mem_b"":189215144,""priority"":""1"",""node"":""kwok-node-10""},{""name"":""rs-21-p1-vxkfj"",""cpu_m"":628,""mem_b"":189215144,""priority"":""1"",""node"":""kwok-node-20""},{""name"":""rs-22-p4-59cvc"",""cpu_m"":523,""mem_b"":376753767,""priority"":""4"",""node"":""kwok-node-12""},{""name"":""rs-22-p4-xnj9h"",""cpu_m"":523,""mem_b"":376753767,""priority"":""4"",""node"":""kwok-node-26""},{""name"":""rs-23-p3-49jpp"",""cpu_m"":625,""mem_b"":759043566,""priority"":""3"",""node"":""kwok-node-23""},{""name"":""rs-24-p1-dclfz"",""cpu_m"":795,""mem_b"":433480293,""priority"":""1"",""node"":""kwok-node-16""},{""name"":""rs-25-p2-bskph"",""cpu_m"":663,""mem_b"":966510520,""priority"":""2"",""node"":""kwok-node-7""},{""name"":""rs-25-p2-lvtcf"",""cpu_m"":663,""mem_b"":966510520,""priority"":""2"",""node"":""kwok-node-9""},{""name"":""rs-26-p4-fr2ff"",""cpu_m"":645,""mem_b"":423371991,""priority"":""4"",""node"":""kwok-node-25""},{""name"":""rs-27-p3-b5stm"",""cpu_m"":747,""mem_b"":787487823,""priority"":""3"",""node"":""kwok-node-5""},{""name"":""rs-28-p4-2crm8"",""cpu_m"":164,""mem_b"":578893058,""priority"":""4"",""node"":""kwok-node-11""},{""name"":""rs-28-p4-7c88s"",""cpu_m"":164,""mem_b"":578893058,""priority"":""4"",""node"":""kwok-node-19""},{""name"":""rs-28-p4-k6gp7"",""cpu_m"":164,""mem_b"":578893058,""priority"":""4"",""node"":""kwok-node-2""},{""name"":""rs-28-p4-mklpr"",""cpu_m"":164,""mem_b"":578893058,""priority"":""4"",""node"":""kwok-node-8""},{""name"":""rs-29-p1-cwjqs"",""cpu_m"":955,""mem_b"":471957396,""priority"":""1"",""node"":""kwok-node-32""},{""name"":""rs-30-p4-bh8vg"",""cpu_m"":273,""mem_b"":213229693,""priority"":""4"",""node"":""kwok-node-14""},{""name"":""rs-30-p4-kfjph"",""cpu_m"":273,""mem_b"":213229693,""priority"":""4"",""node"":""kwok-node-30""},{""name"":""rs-30-p4-xh4lp"",""cpu_m"":273,""mem_b"":213229693,""priority"":""4"",""node"":""kwok-node-29""},{""name"":""rs-31-p4-86847"",""cpu_m"":739,""mem_b"":655989110,""priority"":""4"",""node"":""kwok-node-20""},{""name"":""rs-31-p4-f9t4z"",""cpu_m"":739,""mem_b"":655989110,""priority"":""4"",""node"":""kwok-node-8""},{""name"":""rs-31-p4-nhtmg"",""cpu_m"":739,""mem_b"":655989110,""priority"":""4"",""node"":""kwok-node-10""},{""name"":""rs-32-p3-6hgcj"",""cpu_m"":902,""mem_b"":273522200,""priority"":""3"",""node"":""kwok-node-15""},{""name"":""rs-33-p4-sksqm"",""cpu_m"":362,""mem_b"":961535874,""priority"":""4"",""node"":""kwok-node-12""},{""name"":""rs-33-p4-x5f8v"",""cpu_m"":362,""mem_b"":961535874,""priority"":""4"",""node"":""kwok-node-1""},{""name"":""rs-34-p3-cbkm6"",""cpu_m"":406,""mem_b"":712562927,""priority"":""3"",""node"":""kwok-node-4""},{""name"":""rs-34-p3-vhhhg"",""cpu_m"":406,""mem_b"":712562927,""priority"":""3"",""node"":""kwok-node-6""},{""name"":""rs-35-p3-lt66l"",""cpu_m"":190,""mem_b"":861847986,""priority"":""3"",""node"":""kwok-node-27""},{""name"":""rs-35-p3-tjht5"",""cpu_m"":190,""mem_b"":861847986,""priority"":""3"",""node"":""kwok-node-3""},{""name"":""rs-35-p3-wl7rn"",""cpu_m"":190,""mem_b"":861847986,""priority"":""3"",""node"":""kwok-node-26""},{""name"":""rs-36-p4-2wjlm"",""cpu_m"":643,""mem_b"":136565001,""priority"":""4"",""node"":""kwok-node-22""},{""name"":""rs-36-p4-jzf9d"",""cpu_m"":643,""mem_b"":136565001,""priority"":""4"",""node"":""kwok-node-28""},{""name"":""rs-36-p4-m25v9"",""cpu_m"":643,""mem_b"":136565001,""priority"":""4"",""node"":""kwok-node-24""},{""name"":""rs-36-p4-vp25h"",""cpu_m"":643,""mem_b"":136565001,""priority"":""4"",""node"":""kwok-node-18""},{""name"":""rs-37-p1-rlg26"",""cpu_m"":122,""mem_b"":697705803,""priority"":""1"",""node"":""kwok-node-14""},{""name"":""rs-37-p1-v6phc"",""cpu_m"":122,""mem_b"":697705803,""priority"":""1"",""node"":""kwok-node-21""},{""name"":""rs-37-p1-vm94l"",""cpu_m"":122,""mem_b"":697705803,""priority"":""1"",""node"":""kwok-node-17""},{""name"":""rs-38-p3-8jsb8"",""cpu_m"":519,""mem_b"":829536551,""priority"":""3"",""node"":""kwok-node-30""},{""name"":""rs-38-p3-jjd8t"",""cpu_m"":519,""mem_b"":829536551,""priority"":""3"",""node"":""kwok-node-31""},{""name"":""rs-38-p3-l7g97"",""cpu_m"":519,""mem_b"":829536551,""priority"":""3"",""node"":""kwok-node-29""},{""name"":""rs-38-p3-lnlpq"",""cpu_m"":519,""mem_b"":829536551,""priority"":""3"",""node"":""kwok-node-13""},{""name"":""rs-39-p4-6xsp5"",""cpu_m"":772,""mem_b"":782917722,""priority"":""4"",""node"":""""},{""name"":""rs-40-p2-89hdz"",""cpu_m"":838,""mem_b"":982227994,""priority"":""2"",""node"":""""},{""name"":""rs-41-p4-6k4pt"",""cpu_m"":842,""mem_b"":233531163,""priority"":""4"",""node"":""kwok-node-11""},{""name"":""rs-41-p4-jxzsm"",""cpu_m"":842,""mem_b"":233531163,""priority"":""4"",""node"":""kwok-node-19""},{""name"":""rs-41-p4-qk9sn"",""cpu_m"":842,""mem_b"":233531163,""priority"":""4"",""node"":""""},{""name"":""rs-41-p4-qtngf"",""cpu_m"":842,""mem_b"":233531163,""priority"":""4"",""node"":""""},{""name"":""rs-42-p2-qvqsw"",""cpu_m"":471,""mem_b"":745704481,""priority"":""2"",""node"":""kwok-node-16""},{""name"":""rs-42-p2-tcxv6"",""cpu_m"":471,""mem_b"":745704481,""priority"":""2"",""node"":""kwok-node-2""},{""name"":""rs-43-p4-2nmg7"",""cpu_m"":890,""mem_b"":980276460,""priority"":""4"",""node"":""""},{""name"":""rs-44-p1-5b5j4"",""cpu_m"":822,""mem_b"":806247366,""priority"":""1"",""node"":""""},{""name"":""rs-44-p1-fxpg5"",""cpu_m"":822,""mem_b"":806247366,""priority"":""1"",""node"":""""},{""name"":""rs-44-p1-ln9l9"",""cpu_m"":822,""mem_b"":806247366,""priority"":""1"",""node"":""""},{""name"":""rs-44-p1-rs45t"",""cpu_m"":822,""mem_b"":806247366,""priority"":""1"",""node"":""""},{""name"":""rs-45-p3-5n769"",""cpu_m"":544,""mem_b"":828725332,""priority"":""3"",""node"":""""},{""name"":""rs-45-p3-cks2h"",""cpu_m"":544,""mem_b"":828725332,""priority"":""3"",""node"":""""},{""name"":""rs-45-p3-nsdvd"",""cpu_m"":544,""mem_b"":828725332,""priority"":""3"",""node"":""""},{""name"":""rs-45-p3-pxcd9"",""cpu_m"":544,""mem_b"":828725332,""priority"":""3"",""node"":""""},{""name"":""rs-46-p4-vr5nc"",""cpu_m"":206,""mem_b"":785964231,""priority"":""4"",""node"":""kwok-node-18""},{""name"":""rs-47-p4-7jnpg"",""cpu_m"":614,""mem_b"":989816320,""priority"":""4"",""node"":""""},{""name"":""rs-47-p4-f6gvx"",""cpu_m"":614,""mem_b"":989816320,""priority"":""4"",""node"":""""},{""name"":""rs-47-p4-tscmx"",""cpu_m"":614,""mem_b"":989816320,""priority"":""4"",""node"":""""},{""name"":""rs-47-p4-zdxvx"",""cpu_m"":614,""mem_b"":989816320,""priority"":""4"",""node"":""""},{""name"":""rs-48-p3-bdlfx"",""cpu_m"":525,""mem_b"":883463350,""priority"":""3"",""node"":""""},{""name"":""rs-49-p2-xpvn6"",""cpu_m"":141,""mem_b"":232073204,""priority"":""2"",""node"":""kwok-node-25""},{""name"":""rs-50-p2-26b5b"",""cpu_m"":748,""mem_b"":705455661,""priority"":""2"",""node"":""""},{""name"":""rs-50-p2-9tfv7"",""cpu_m"":748,""mem_b"":705455661,""priority"":""2"",""node"":""""},{""name"":""rs-50-p2-q9hqx"",""cpu_m"":748,""mem_b"":705455661,""priority"":""2"",""node"":""""},{""name"":""rs-51-p1-6crpj"",""cpu_m"":979,""mem_b"":508525846,""priority"":""1"",""node"":""""}]","[{""name"":""rs-01-p3-4l7nq"",""cpu_m"":353,""mem_b"":191487475,""priority"":""3"",""node"":""kwok-node-15""},{""name"":""rs-01-p3-58xkk"",""cpu_m"":353,""mem_b"":191487475,""priority"":""3"",""node"":""kwok-node-12""},{""name"":""rs-01-p3-rb2k7"",""cpu_m"":353,""mem_b"":191487475,""priority"":""3"",""node"":""kwok-node-14""},{""name"":""rs-02-p3-jk984"",""cpu_m"":384,""mem_b"":504768503,""priority"":""3"",""node"":""kwok-node-19""},{""name"":""rs-02-p3-mstg5"",""cpu_m"":384,""mem_b"":504768503,""priority"":""3"",""node"":""kwok-node-11""},{""name"":""rs-02-p3-phwcx"",""cpu_m"":384,""mem_b"":504768503,""priority"":""3"",""node"":""kwok-node-16""},{""name"":""rs-03-p2-cm7wf"",""cpu_m"":617,""mem_b"":872471347,""priority"":""2"",""node"":""kwok-node-18""},{""name"":""rs-03-p2-r2tv9"",""cpu_m"":617,""mem_b"":872471347,""priority"":""2"",""node"":""kwok-node-10""},{""name"":""rs-03-p2-r5qj7"",""cpu_m"":617,""mem_b"":872471347,""priority"":""2"",""node"":""kwok-node-20""},{""name"":""rs-03-p2-xn48r"",""cpu_m"":617,""mem_b"":872471347,""priority"":""2"",""node"":""kwok-node-13""},{""name"":""rs-04-p2-257qf"",""cpu_m"":848,""mem_b"":539205544,""priority"":""2"",""node"":""kwok-node-1""},{""name"":""rs-04-p2-9k6vs"",""cpu_m"":848,""mem_b"":539205544,""priority"":""2"",""node"":""kwok-node-17""},{""name"":""rs-04-p2-nnsdk"",""cpu_m"":848,""mem_b"":539205544,""priority"":""2"",""node"":""kwok-node-21""},{""name"":""rs-04-p2-zb2nl"",""cpu_m"":848,""mem_b"":539205544,""priority"":""2"",""node"":""kwok-node-22""},{""name"":""rs-05-p3-lkbdc"",""cpu_m"":501,""mem_b"":477217917,""priority"":""3"",""node"":""kwok-node-2""},{""name"":""rs-06-p3-5mc25"",""cpu_m"":423,""mem_b"":232378004,""priority"":""3"",""node"":""kwok-node-24""},{""name"":""rs-06-p3-8skft"",""cpu_m"":423,""mem_b"":232378004,""priority"":""3"",""node"":""kwok-node-14""},{""name"":""rs-06-p3-nsg9r"",""cpu_m"":423,""mem_b"":232378004,""priority"":""3"",""node"":""kwok-node-15""},{""name"":""rs-06-p3-tzbwm"",""cpu_m"":423,""mem_b"":232378004,""priority"":""3"",""node"":""kwok-node-23""},{""name"":""rs-07-p2-qb279"",""cpu_m"":625,""mem_b"":578935591,""priority"":""2"",""node"":""kwok-node-27""},{""name"":""rs-07-p2-s9ffz"",""cpu_m"":625,""mem_b"":578935591,""priority"":""2"",""node"":""kwok-node-26""},{""name"":""rs-07-p2-wfzbl"",""cpu_m"":625,""mem_b"":578935591,""priority"":""2"",""node"":""kwok-node-3""},{""name"":""rs-07-p2-z6c7l"",""cpu_m"":625,""mem_b"":578935591,""priority"":""2"",""node"":""kwok-node-25""},{""name"":""rs-08-p2-mjgxw"",""cpu_m"":756,""mem_b"":435985034,""priority"":""2"",""node"":""kwok-node-29""},{""name"":""rs-08-p2-qm7pq"",""cpu_m"":756,""mem_b"":435985034,""priority"":""2"",""node"":""kwok-node-30""},{""name"":""rs-08-p2-x99xd"",""cpu_m"":756,""mem_b"":435985034,""priority"":""2"",""node"":""kwok-node-28""},{""name"":""rs-09-p1-dl4v9"",""cpu_m"":533,""mem_b"":364358826,""priority"":""1"",""node"":""kwok-node-31""},{""name"":""rs-09-p1-qp7cb"",""cpu_m"":533,""mem_b"":364358826,""priority"":""1"",""node"":""kwok-node-16""},{""name"":""rs-09-p1-w24l6"",""cpu_m"":533,""mem_b"":364358826,""priority"":""1"",""node"":""kwok-node-32""},{""name"":""rs-09-p1-xbkjl"",""cpu_m"":533,""mem_b"":364358826,""priority"":""1"",""node"":""kwok-node-12""},{""name"":""rs-10-p2-8x2sg"",""cpu_m"":986,""mem_b"":640428699,""priority"":""2"",""node"":""kwok-node-7""},{""name"":""rs-10-p2-blplp"",""cpu_m"":986,""mem_b"":640428699,""priority"":""2"",""node"":""kwok-node-8""},{""name"":""rs-10-p2-wrqh9"",""cpu_m"":986,""mem_b"":640428699,""priority"":""2"",""node"":""kwok-node-5""},{""name"":""rs-10-p2-zq6ct"",""cpu_m"":986,""mem_b"":640428699,""priority"":""2"",""node"":""kwok-node-9""},{""name"":""rs-11-p3-rhqrm"",""cpu_m"":493,""mem_b"":615918381,""priority"":""3"",""node"":""kwok-node-23""},{""name"":""rs-11-p3-x4cvf"",""cpu_m"":493,""mem_b"":615918381,""priority"":""3"",""node"":""kwok-node-4""},{""name"":""rs-11-p3-xpcmm"",""cpu_m"":493,""mem_b"":615918381,""priority"":""3"",""node"":""kwok-node-6""},{""name"":""rs-12-p4-5vsjj"",""cpu_m"":875,""mem_b"":937996525,""priority"":""4"",""node"":""kwok-node-31""},{""name"":""rs-12-p4-8jx76"",""cpu_m"":875,""mem_b"":937996525,""priority"":""4"",""node"":""kwok-node-24""},{""name"":""rs-13-p1-6tjf5"",""cpu_m"":521,""mem_b"":913619243,""priority"":""1"",""node"":""kwok-node-28""},{""name"":""rs-13-p1-dd6pk"",""cpu_m"":521,""mem_b"":913619243,""priority"":""1"",""node"":""kwok-node-32""},{""name"":""rs-14-p1-qqg8g"",""cpu_m"":467,""mem_b"":999231184,""priority"":""1"",""node"":""kwok-node-15""},{""name"":""rs-15-p1-lhvjl"",""cpu_m"":804,""mem_b"":478875692,""priority"":""1"",""node"":""kwok-node-19""},{""name"":""rs-16-p4-m4x2b"",""cpu_m"":831,""mem_b"":386344837,""priority"":""4"",""node"":""kwok-node-2""},{""name"":""rs-16-p4-qmk5n"",""cpu_m"":831,""mem_b"":386344837,""priority"":""4"",""node"":""kwok-node-11""},{""name"":""rs-16-p4-wj9vf"",""cpu_m"":831,""mem_b"":386344837,""priority"":""4"",""node"":""kwok-node-4""},{""name"":""rs-16-p4-z9xcs"",""cpu_m"":831,""mem_b"":386344837,""priority"":""4"",""node"":""kwok-node-6""},{""name"":""rs-17-p1-gqlxf"",""cpu_m"":993,""mem_b"":403116548,""priority"":""1"",""node"":""kwok-node-3""},{""name"":""rs-17-p1-k2xpt"",""cpu_m"":993,""mem_b"":403116548,""priority"":""1"",""node"":""kwok-node-13""},{""name"":""rs-17-p1-rc8wv"",""cpu_m"":993,""mem_b"":403116548,""priority"":""1"",""node"":""kwok-node-27""},{""name"":""rs-18-p1-lg8nz"",""cpu_m"":259,""mem_b"":119221501,""priority"":""1"",""node"":""kwok-node-26""},{""name"":""rs-19-p3-2nhhl"",""cpu_m"":332,""mem_b"":581136062,""priority"":""3"",""node"":""kwok-node-30""},{""name"":""rs-19-p3-7mpln"",""cpu_m"":332,""mem_b"":581136062,""priority"":""3"",""node"":""kwok-node-25""},{""name"":""rs-19-p3-fnjcv"",""cpu_m"":332,""mem_b"":581136062,""priority"":""3"",""node"":""kwok-node-29""},{""name"":""rs-19-p3-xs77p"",""cpu_m"":332,""mem_b"":581136062,""priority"":""3"",""node"":""kwok-node-14""},{""name"":""rs-20-p2-8gzlg"",""cpu_m"":440,""mem_b"":598841321,""priority"":""2"",""node"":""kwok-node-22""},{""name"":""rs-20-p2-wzlxp"",""cpu_m"":440,""mem_b"":598841321,""priority"":""2"",""node"":""kwok-node-17""},{""name"":""rs-20-p2-x62cj"",""cpu_m"":440,""mem_b"":598841321,""priority"":""2"",""node"":""kwok-node-21""},{""name"":""rs-21-p1-cx6t6"",""cpu_m"":628,""mem_b"":189215144,""priority"":""1"",""node"":""kwok-node-1""},{""name"":""rs-21-p1-jdfgp"",""cpu_m"":628,""mem_b"":189215144,""priority"":""1"",""node"":""kwok-node-18""},{""name"":""rs-21-p1-khb84"",""cpu_m"":628,""mem_b"":189215144,""priority"":""1"",""node"":""kwok-node-10""},{""name"":""rs-21-p1-vxkfj"",""cpu_m"":628,""mem_b"":189215144,""priority"":""1"",""node"":""kwok-node-20""},{""name"":""rs-22-p4-59cvc"",""cpu_m"":523,""mem_b"":376753767,""priority"":""4"",""node"":""kwok-node-12""},{""name"":""rs-22-p4-xnj9h"",""cpu_m"":523,""mem_b"":376753767,""priority"":""4"",""node"":""kwok-node-26""},{""name"":""rs-23-p3-49jpp"",""cpu_m"":625,""mem_b"":759043566,""priority"":""3"",""node"":""kwok-node-23""},{""name"":""rs-24-p1-dclfz"",""cpu_m"":795,""mem_b"":433480293,""priority"":""1"",""node"":""kwok-node-16""},{""name"":""rs-25-p2-bskph"",""cpu_m"":663,""mem_b"":966510520,""priority"":""2"",""node"":""kwok-node-7""},{""name"":""rs-25-p2-lvtcf"",""cpu_m"":663,""mem_b"":966510520,""priority"":""2"",""node"":""kwok-node-9""},{""name"":""rs-26-p4-fr2ff"",""cpu_m"":645,""mem_b"":423371991,""priority"":""4"",""node"":""kwok-node-25""},{""name"":""rs-27-p3-b5stm"",""cpu_m"":747,""mem_b"":787487823,""priority"":""3"",""node"":""kwok-node-5""},{""name"":""rs-28-p4-2crm8"",""cpu_m"":164,""mem_b"":578893058,""priority"":""4"",""node"":""kwok-node-11""},{""name"":""rs-28-p4-7c88s"",""cpu_m"":164,""mem_b"":578893058,""priority"":""4"",""node"":""kwok-node-19""},{""name"":""rs-28-p4-k6gp7"",""cpu_m"":164,""mem_b"":578893058,""priority"":""4"",""node"":""kwok-node-2""},{""name"":""rs-28-p4-mklpr"",""cpu_m"":164,""mem_b"":578893058,""priority"":""4"",""node"":""kwok-node-8""},{""name"":""rs-29-p1-cwjqs"",""cpu_m"":955,""mem_b"":471957396,""priority"":""1"",""node"":""kwok-node-32""},{""name"":""rs-30-p4-bh8vg"",""cpu_m"":273,""mem_b"":213229693,""priority"":""4"",""node"":""kwok-node-14""},{""name"":""rs-30-p4-kfjph"",""cpu_m"":273,""mem_b"":213229693,""priority"":""4"",""node"":""kwok-node-30""},{""name"":""rs-30-p4-xh4lp"",""cpu_m"":273,""mem_b"":213229693,""priority"":""4"",""node"":""kwok-node-29""},{""name"":""rs-31-p4-86847"",""cpu_m"":739,""mem_b"":655989110,""priority"":""4"",""node"":""kwok-node-20""},{""name"":""rs-31-p4-f9t4z"",""cpu_m"":739,""mem_b"":655989110,""priority"":""4"",""node"":""kwok-node-8""},{""name"":""rs-31-p4-nhtmg"",""cpu_m"":739,""mem_b"":655989110,""priority"":""4"",""node"":""kwok-node-10""},{""name"":""rs-32-p3-6hgcj"",""cpu_m"":902,""mem_b"":273522200,""priority"":""3"",""node"":""kwok-node-15""},{""name"":""rs-33-p4-sksqm"",""cpu_m"":362,""mem_b"":961535874,""priority"":""4"",""node"":""kwok-node-12""},{""name"":""rs-33-p4-x5f8v"",""cpu_m"":362,""mem_b"":961535874,""priority"":""4"",""node"":""kwok-node-1""},{""name"":""rs-34-p3-cbkm6"",""cpu_m"":406,""mem_b"":712562927,""priority"":""3"",""node"":""kwok-node-4""},{""name"":""rs-34-p3-vhhhg"",""cpu_m"":406,""mem_b"":712562927,""priority"":""3"",""node"":""kwok-node-6""},{""name"":""rs-35-p3-lt66l"",""cpu_m"":190,""mem_b"":861847986,""priority"":""3"",""node"":""kwok-node-27""},{""name"":""rs-35-p3-tjht5"",""cpu_m"":190,""mem_b"":861847986,""priority"":""3"",""node"":""kwok-node-3""},{""name"":""rs-35-p3-wl7rn"",""cpu_m"":190,""mem_b"":861847986,""priority"":""3"",""node"":""kwok-node-26""},{""name"":""rs-36-p4-2wjlm"",""cpu_m"":643,""mem_b"":136565001,""priority"":""4"",""node"":""kwok-node-22""},{""name"":""rs-36-p4-jzf9d"",""cpu_m"":643,""mem_b"":136565001,""priority"":""4"",""node"":""kwok-node-28""},{""name"":""rs-36-p4-m25v9"",""cpu_m"":643,""mem_b"":136565001,""priority"":""4"",""node"":""kwok-node-24""},{""name"":""rs-36-p4-vp25h"",""cpu_m"":643,""mem_b"":136565001,""priority"":""4"",""node"":""kwok-node-18""},{""name"":""rs-37-p1-rlg26"",""cpu_m"":122,""mem_b"":697705803,""priority"":""1"",""node"":""kwok-node-14""},{""name"":""rs-37-p1-v6phc"",""cpu_m"":122,""mem_b"":697705803,""priority"":""1"",""node"":""kwok-node-21""},{""name"":""rs-37-p1-vm94l"",""cpu_m"":122,""mem_b"":697705803,""priority"":""1"",""node"":""kwok-node-17""},{""name"":""rs-38-p3-8jsb8"",""cpu_m"":519,""mem_b"":829536551,""priority"":""3"",""node"":""kwok-node-30""},{""name"":""rs-38-p3-jjd8t"",""cpu_m"":519,""mem_b"":829536551,""priority"":""3"",""node"":""kwok-node-31""},{""name"":""rs-38-p3-l7g97"",""cpu_m"":519,""mem_b"":829536551,""priority"":""3"",""node"":""kwok-node-29""},{""name"":""rs-38-p3-lnlpq"",""cpu_m"":519,""mem_b"":829536551,""priority"":""3"",""node"":""kwok-node-13""},{""name"":""rs-39-p4-6xsp5"",""cpu_m"":772,""mem_b"":782917722,""priority"":""4"",""node"":""""},{""name"":""rs-40-p2-89hdz"",""cpu_m"":838,""mem_b"":982227994,""priority"":""2"",""node"":""""},{""name"":""rs-41-p4-6k4pt"",""cpu_m"":842,""mem_b"":233531163,""priority"":""4"",""node"":""kwok-node-11""},{""name"":""rs-41-p4-jxzsm"",""cpu_m"":842,""mem_b"":233531163,""priority"":""4"",""node"":""kwok-node-19""},{""name"":""rs-41-p4-qk9sn"",""cpu_m"":842,""mem_b"":233531163,""priority"":""4"",""node"":""""},{""name"":""rs-41-p4-qtngf"",""cpu_m"":842,""mem_b"":233531163,""priority"":""4"",""node"":""""},{""name"":""rs-42-p2-qvqsw"",""cpu_m"":471,""mem_b"":745704481,""priority"":""2"",""node"":""kwok-node-16""},{""name"":""rs-42-p2-tcxv6"",""cpu_m"":471,""mem_b"":745704481,""priority"":""2"",""node"":""kwok-node-2""},{""name"":""rs-43-p4-2nmg7"",""cpu_m"":890,""mem_b"":980276460,""priority"":""4"",""node"":""""},{""name"":""rs-44-p1-5b5j4"",""cpu_m"":822,""mem_b"":806247366,""priority"":""1"",""node"":""""},{""name"":""rs-44-p1-fxpg5"",""cpu_m"":822,""mem_b"":806247366,""priority"":""1"",""node"":""""},{""name"":""rs-44-p1-ln9l9"",""cpu_m"":822,""mem_b"":806247366,""priority"":""1"",""node"":""""},{""name"":""rs-44-p1-rs45t"",""cpu_m"":822,""mem_b"":806247366,""priority"":""1"",""node"":""""},{""name"":""rs-45-p3-5n769"",""cpu_m"":544,""mem_b"":828725332,""priority"":""3"",""node"":""""},{""name"":""rs-45-p3-cks2h"",""cpu_m"":544,""mem_b"":828725332,""priority"":""3"",""node"":""""},{""name"":""rs-45-p3-nsdvd"",""cpu_m"":544,""mem_b"":828725332,""priority"":""3"",""node"":""""},{""name"":""rs-45-p3-pxcd9"",""cpu_m"":544,""mem_b"":828725332,""priority"":""3"",""node"":""""},{""name"":""rs-46-p4-vr5nc"",""cpu_m"":206,""mem_b"":785964231,""priority"":""4"",""node"":""kwok-node-18""},{""name"":""rs-47-p4-7jnpg"",""cpu_m"":614,""mem_b"":989816320,""priority"":""4"",""node"":""""},{""name"":""rs-47-p4-f6gvx"",""cpu_m"":614,""mem_b"":989816320,""priority"":""4"",""node"":""""},{""name"":""rs-47-p4-tscmx"",""cpu_m"":614,""mem_b"":989816320,""priority"":""4"",""node"":""""},{""name"":""rs-47-p4-zdxvx"",""cpu_m"":614,""mem_b"":989816320,""priority"":""4"",""node"":""""},{""name"":""rs-48-p3-bdlfx"",""cpu_m"":525,""mem_b"":883463350,""priority"":""3"",""node"":""""},{""name"":""rs-49-p2-xpvn6"",""cpu_m"":141,""mem_b"":232073204,""priority"":""2"",""node"":""kwok-node-25""},{""name"":""rs-50-p2-26b5b"",""cpu_m"":748,""mem_b"":705455661,""priority"":""2"",""node"":""""},{""name"":""rs-50-p2-9tfv7"",""cpu_m"":748,""mem_b"":705455661,""priority"":""2"",""node"":""""},{""name"":""rs-50-p2-q9hqx"",""cpu_m"":748,""mem_b"":705455661,""priority"":""2"",""node"":""""},{""name"":""rs-51-p1-6crpj"",""cpu_m"":979,""mem_b"":508525846,""priority"":""1"",""node"":""""}]","[{""name"":""kwok-node-1"",""cap_cpu_m"":2234,""cap_mem_bytes"":2214655267},{""name"":""kwok-node-2"",""cap_cpu_m"":2234,""cap_mem_bytes"":2214655267},{""name"":""kwok-node-3"",""cap_cpu_m"":2234,""cap_mem_bytes"":2214655267},{""name"":""kwok-node-4"",""cap_cpu_m"":2234,""cap_mem_bytes"":2214655267},{""name"":""kwok-node-5"",""cap_cpu_m"":2234,""cap_mem_bytes"":2214655267},{""name"":""kwok-node-6"",""cap_cpu_m"":2234,""cap_mem_bytes"":2214655267},{""name"":""kwok-node-7"",""cap_cpu_m"":2234,""cap_mem_bytes"":2214655267},{""name"":""kwok-node-8"",""cap_cpu_m"":2234,""cap_mem_bytes"":2214655267},{""name"":""kwok-node-9"",""cap_cpu_m"":2234,""cap_mem_bytes"":2214655267},{""name"":""kwok-node-10"",""cap_cpu_m"":2234,""cap_mem_bytes"":2214655267},{""name"":""kwok-node-11"",""cap_cpu_m"":2234,""cap_mem_bytes"":2214655267},{""name"":""kwok-node-12"",""cap_cpu_m"":2234,""cap_mem_bytes"":2214655267},{""name"":""kwok-node-13"",""cap_cpu_m"":2234,""cap_mem_bytes"":2214655267},{""name"":""kwok-node-14"",""cap_cpu_m"":2234,""cap_mem_bytes"":2214655267},{""name"":""kwok-node-15"",""cap_cpu_m"":2234,""cap_mem_bytes"":2214655267},{""name"":""kwok-node-16"",""cap_cpu_m"":2234,""cap_mem_bytes"":2214655267},{""name"":""kwok-node-17"",""cap_cpu_m"":2234,""cap_mem_bytes"":2214655267},{""name"":""kwok-node-18"",""cap_cpu_m"":2234,""cap_mem_bytes"":2214655267},{""name"":""kwok-node-19"",""cap_cpu_m"":2234,""cap_mem_bytes"":2214655267},{""name"":""kwok-node-20"",""cap_cpu_m"":2234,""cap_mem_bytes"":2214655267},{""name"":""kwok-node-21"",""cap_cpu_m"":2234,""cap_mem_bytes"":2214655267},{""name"":""kwok-node-22"",""cap_cpu_m"":2234,""cap_mem_bytes"":2214655267},{""name"":""kwok-node-23"",""cap_cpu_m"":2234,""cap_mem_bytes"":2214655267},{""name"":""kwok-node-24"",""cap_cpu_m"":2234,""cap_mem_bytes"":2214655267},{""name"":""kwok-node-25"",""cap_cpu_m"":2234,""cap_mem_bytes"":2214655267},{""name"":""kwok-node-26"",""cap_cpu_m"":2234,""cap_mem_bytes"":2214655267},{""name"":""kwok-node-27"",""cap_cpu_m"":2234,""cap_mem_bytes"":2214655267},{""name"":""kwok-node-28"",""cap_cpu_m"":2234,""cap_mem_bytes"":2214655267},{""name"":""kwok-node-29"",""cap_cpu_m"":2234,""cap_mem_bytes"":2214655267},{""name"":""kwok-node-30"",""cap_cpu_m"":2234,""cap_mem_bytes"":2214655267},{""name"":""kwok-node-31"",""cap_cpu_m"":2234,""cap_mem_bytes"":2214655267},{""name"":""kwok-node-32"",""cap_cpu_m"":2234,""cap_mem_bytes"":2214655267}]"
2026/02/11/11:42:05,420292943029515637,no improving solution from any solver,"{""evicted"":0,""moved"":0,""placed_by_priority"":{""1"":28,""2"":28,""3"":22,""4"":30}}",,,,,"[{""duration_ms"":974,""name"":""python"",""score"":{""evicted"":0,""moved"":0,""placed_by_priority"":null},""status"":""FAILED""}]",0.855,0.855,0.840,0.840,53499,53499,57022853187,57022853187,108,108,20,20,"{""kwok-node-1"":4,""kwok-node-10"":4,""kwok-node-11"":3,""kwok-node-12"":4,""kwok-node-13"":4,""kwok-node-14"":3,""kwok-node-15"":3,""kwok-node-16"":4,""kwok-node-17"":3,""kwok-node-18"":4,""kwok-node-19"":3,""kwok-node-2"":3,""kwok-node-20"":4,""kwok-node-21"":3,""kwok-node-22"":3,""kwok-node-23"":3,""kwok-node-24"":3,""kwok-node-25"":3,""kwok-node-26"":5,""kwok-node-27"":3,""kwok-node-28"":3,""kwok-node-29"":3,""kwok-node-3"":4,""kwok-node-30"":3,""kwok-node-31"":3,""kwok-node-32"":3,""kwok-node-4"":3,""kwok-node-5"":4,""kwok-node-6"":3,""kwok-node-7"":4,""kwok-node-8"":3,""kwok-node-9"":3}","{""kwok-node-1"":4,""kwok-node-10"":4,""kwok-node-11"":3,""kwok-node-12"":4,""kwok-node-13"":4,""kwok-node-14"":3,""kwok-node-15"":3,""kwok-node-16"":4,""kwok-node-17"":3,""kwok-node-18"":4,""kwok-node-19"":3,""kwok-node-2"":3,""kwok-node-20"":4,""kwok-node-21"":3,""kwok-node-22"":3,""kwok-node-23"":3,""kwok-node-24"":3,""kwok-node-25"":3,""kwok-node-26"":5,""kwok-node-27"":3,""kwok-node-28"":3,""kwok-node-29"":3,""kwok-node-3"":4,""kwok-node-30"":3,""kwok-node-31"":3,""kwok-node-32"":3,""kwok-node-4"":3,""kwok-node-5"":4,""kwok-node-6"":3,""kwok-node-7"":4,""kwok-node-8"":3,""kwok-node-9"":3}","{""p1"":28,""p2"":28,""p3"":22,""p4"":30}","{""p1"":28,""p2"":28,""p3"":22,""p4"":30}","{""p1"":1,""p2"":8,""p3"":4,""p4"":7}","{""p1"":1,""p2"":8,""p3"":4,""p4"":7}","{rs-40-p2-tplv5,rs-44-p2-977xf,rs-44-p2-9r648,rs-44-p2-c692x,rs-44-p2-gnrhj,rs-46-p2-22qb8,rs-46-p2-c7lk4,rs-46-p2-lx27l,rs-47-p4-24h86,rs-47-p4-272xm,rs-47-p4-khcp9,rs-49-p4-6zpjb,rs-49-p4-fvdlv,rs-49-p4-h5knw,rs-49-p4-zn92z,rs-50-p3-4jd7x,rs-50-p3-ff45p,rs-50-p3-kklmh,rs-50-p3-zx49s,rs-52-p1-rhdb8}","{rs-40-p2-tplv5,rs-44-p2-977xf,rs-44-p2-9r648,rs-44-p2-c692x,rs-44-p2-gnrhj,rs-46-p2-22qb8,rs-46-p2-c7lk4,rs-46-p2-lx27l,rs-47-p4-24h86,rs-47-p4-272xm,rs-47-p4-khcp9,rs-49-p4-6zpjb,rs-49-p4-fvdlv,rs-49-p4-h5knw,rs-49-p4-zn92z,rs-50-p3-4jd7x,rs-50-p3-ff45p,rs-50-p3-kklmh,rs-50-p3-zx49s,rs-52-p1-rhdb8}","{rs-01-p3-jxrs9,rs-01-p3-nqxdw,rs-02-p3-w5kht,rs-03-p4-5zgh9,rs-04-p3-kgs4f,rs-04-p3-qphvz,rs-04-p3-shdkg,rs-05-p3-vxt7p,rs-06-p2-qrtnw,rs-06-p2-tw9pq,rs-06-p2-wjkkb,rs-07-p1-g8clc,rs-08-p1-cv595,rs-09-p2-5w2gr,rs-10-p1-f8pr7,rs-10-p1-prlj7,rs-10-p1-w4qw8,rs-11-p2-5tkbz,rs-12-p1-p2274,rs-13-p1-lh8wz,rs-13-p1-tk46q,rs-13-p1-zhd85,rs-14-p2-28mbs,rs-14-p2-kt5kt,rs-14-p2-rtl4l,rs-15-p1-bwjlg,rs-15-p1-dscd2,rs-15-p1-h8qqq,rs-16-p4-r7v9h,rs-16-p4-vhq88,rs-17-p1-727nm,rs-17-p1-c8h6x,rs-17-p1-ql72l,rs-18-p4-pbdj5,rs-19-p4-46qms,rs-19-p4-64gx6,rs-19-p4-qhqqs,rs-19-p4-s84tf,rs-20-p2-98h8w,rs-20-p2-fml22,rs-20-p2-p5phq,rs-20-p2-sqnnd,rs-21-p2-pqvvv,rs-22-p4-vscng,rs-22-p4-xs4lx,rs-23-p3-hlkl2,rs-24-p4-gb6d9,rs-24-p4-k7gsk,rs-24-p4-qxtxb,rs-24-p4-wgz94,rs-25-p4-x7fz9,rs-26-p2-f8rfc,rs-26-p2-l2fgx,rs-27-p3-phzvn,rs-28-p4-j247m,rs-28-p4-kj2wv,rs-29-p2-8s99c,rs-30-p3-hxnc7,rs-30-p3-k7pzj,rs-30-p3-pz2dz,rs-30-p3-qspd2,rs-31-p1-fgx4s,rs-31-p1-gnhhk,rs-31-p1-hvh52,rs-31-p1-vlglr,rs-32-p4-5zlqn,rs-32-p4-6ljvd,rs-32-p4-bskqc,rs-32-p4-pqk25,rs-33-p2-9tb9k,rs-33-p2-nm4gh,rs-33-p2-whtzm,rs-34-p1-9rhg2,rs-34-p1-f8w5z,rs-34-p1-jgjz7,rs-34-p1-t48v7,rs-35-p1-stk4c,rs-36-p3-8zf84,rs-36-p3-bpnwp,rs-36-p3-hrrbf,rs-36-p3-qxt87,rs-37-p4-4zjfw,rs-37-p4-zjrz5,rs-38-p4-bvk7v,rs-38-p4-f7hx6,rs-38-p4-mn7pt,rs-38-p4-pwrcs,rs-39-p1-7dsll,rs-40-p2-6snh9,rs-40-p2-kkq7g,rs-40-p2-lvnct,rs-41-p1-9d48m,rs-41-p1-b27dc,rs-41-p1-rvfmx,rs-42-p2-sb49p,rs-42-p2-zp9lx,rs-43-p2-dgdl8,rs-43-p2-ffjj5,rs-43-p2-rzjsx,rs-45-p2-tp492,rs-47-p4-nntqp,rs-48-p3-lm94q,rs-48-p3-rfk47,rs-48-p3-s4zxr,rs-51-p3-9crbl,rs-51-p3-w5k8k,rs-53-p4-5fzlg,rs-53-p4-5vr97}","{rs-01-p3-jxrs9,rs-01-p3-nqxdw,rs-02-p3-w5kht,rs-03-p4-5zgh9,rs-04-p3-kgs4f,rs-04-p3-qphvz,rs-04-p3-shdkg,rs-05-p3-vxt7p,rs-06-p2-qrtnw,rs-06-p2-tw9pq,rs-06-p2-wjkkb,rs-07-p1-g8clc,rs-08-p1-cv595,rs-09-p2-5w2gr,rs-10-p1-f8pr7,rs-10-p1-prlj7,rs-10-p1-w4qw8,rs-11-p2-5tkbz,rs-12-p1-p2274,rs-13-p1-lh8wz,rs-13-p1-tk46q,rs-13-p1-zhd85,rs-14-p2-28mbs,rs-14-p2-kt5kt,rs-14-p2-rtl4l,rs-15-p1-bwjlg,rs-15-p1-dscd2,rs-15-p1-h8qqq,rs-16-p4-r7v9h,rs-16-p4-vhq88,rs-17-p1-727nm,rs-17-p1-c8h6x,rs-17-p1-ql72l,rs-18-p4-pbdj5,rs-19-p4-46qms,rs-19-p4-64gx6,rs-19-p4-qhqqs,rs-19-p4-s84tf,rs-20-p2-98h8w,rs-20-p2-fml22,rs-20-p2-p5phq,rs-20-p2-sqnnd,rs-21-p2-pqvvv,rs-22-p4-vscng,rs-22-p4-xs4lx,rs-23-p3-hlkl2,rs-24-p4-gb6d9,rs-24-p4-k7gsk,rs-24-p4-qxtxb,rs-24-p4-wgz94,rs-25-p4-x7fz9,rs-26-p2-f8rfc,rs-26-p2-l2fgx,rs-27-p3-phzvn,rs-28-p4-j247m,rs-28-p4-kj2wv,rs-29-p2-8s99c,rs-30-p3-hxnc7,rs-30-p3-k7pzj,rs-30-p3-pz2dz,rs-30-p3-qspd2,rs-31-p1-fgx4s,rs-31-p1-gnhhk,rs-31-p1-hvh52,rs-31-p1-vlglr,rs-32-p4-5zlqn,rs-32-p4-6ljvd,rs-32-p4-bskqc,rs-32-p4-pqk25,rs-33-p2-9tb9k,rs-33-p2-nm4gh,rs-33-p2-whtzm,rs-34-p1-9rhg2,rs-34-p1-f8w5z,rs-34-p1-jgjz7,rs-34-p1-t48v7,rs-35-p1-stk4c,rs-36-p3-8zf84,rs-36-p3-bpnwp,rs-36-p3-hrrbf,rs-36-p3-qxt87,rs-37-p4-4zjfw,rs-37-p4-zjrz5,rs-38-p4-bvk7v,rs-38-p4-f7hx6,rs-38-p4-mn7pt,rs-38-p4-pwrcs,rs-39-p1-7dsll,rs-40-p2-6snh9,rs-40-p2-kkq7g,rs-40-p2-lvnct,rs-41-p1-9d48m,rs-41-p1-b27dc,rs-41-p1-rvfmx,rs-42-p2-sb49p,rs-42-p2-zp9lx,rs-43-p2-dgdl8,rs-43-p2-ffjj5,rs-43-p2-rzjsx,rs-45-p2-tp492,rs-47-p4-nntqp,rs-48-p3-lm94q,rs-48-p3-rfk47,rs-48-p3-s4zxr,rs-51-p3-9crbl,rs-51-p3-w5k8k,rs-53-p4-5fzlg,rs-53-p4-5vr97}","[{""name"":""rs-01-p3-jxrs9"",""cpu_m"":194,""mem_b"":448583247,""priority"":""3"",""node"":""kwok-node-16""},{""name"":""rs-01-p3-nqxdw"",""cpu_m"":194,""mem_b"":448583247,""priority"":""3"",""node"":""kwok-node-1""},{""name"":""rs-02-p3-w5kht"",""cpu_m"":184,""mem_b"":863490831,""priority"":""3"",""node"":""kwok-node-20""},{""name"":""rs-03-p4-5zgh9"",""cpu_m"":484,""mem_b"":391324024,""priority"":""4"",""node"":""kwok-node-10""},{""name"":""rs-04-p3-kgs4f"",""cpu_m"":808,""mem_b"":314593721,""priority"":""3"",""node"":""kwok-node-18""},{""name"":""rs-04-p3-qphvz"",""cpu_m"":808,""mem_b"":314593721,""priority"":""3"",""node"":""kwok-node-23""},{""name"":""rs-04-p3-shdkg"",""cpu_m"":808,""mem_b"":314593721,""priority"":""3"",""node"":""kwok-node-11""},{""name"":""rs-05-p3-vxt7p"",""cpu_m"":189,""mem_b"":921997445,""priority"":""3"",""node"":""kwok-node-2""},{""name"":""rs-06-p2-qrtnw"",""cpu_m"":492,""mem_b"":804064429,""priority"":""2"",""node"":""kwok-node-22""},{""name"":""rs-06-p2-tw9pq"",""cpu_m"":492,""mem_b"":804064429,""priority"":""2"",""node"":""kwok-node-14""},{""name"":""rs-06-p2-wjkkb"",""cpu_m"":492,""mem_b"":804064429,""priority"":""2"",""node"":""kwok-node-17""},{""name"":""rs-07-p1-g8clc"",""cpu_m"":107,""mem_b"":410875689,""priority"":""1"",""node"":""kwok-node-26""},{""name"":""rs-08-p1-cv595"",""cpu_m"":800,""mem_b"":134960203,""priority"":""1"",""node"":""kwok-node-27""},{""name"":""rs-09-p2-5w2gr"",""cpu_m"":897,""mem_b"":354078698,""priority"":""2"",""node"":""kwok-node-13""},{""name"":""rs-10-p1-f8pr7"",""cpu_m"":702,""mem_b"":585251402,""priority"":""1"",""node"":""kwok-node-19""},{""name"":""rs-10-p1-prlj7"",""cpu_m"":702,""mem_b"":585251402,""priority"":""1"",""node"":""kwok-node-28""},{""name"":""rs-10-p1-w4qw8"",""cpu_m"":702,""mem_b"":585251402,""priority"":""1"",""node"":""kwok-node-29""},{""name"":""rs-11-p2-5tkbz"",""cpu_m"":325,""mem_b"":707060030,""priority"":""2"",""node"":""kwok-node-3""},{""name"":""rs-12-p1-p2274"",""cpu_m"":238,""mem_b"":955775721,""priority"":""1"",""node"":""kwok-node-31""},{""name"":""rs-13-p1-lh8wz"",""cpu_m"":734,""mem_b"":813599745,""priority"":""1"",""node"":""kwok-node-8""},{""name"":""rs-13-p1-tk46q"",""cpu_m"":734,""mem_b"":813599745,""priority"":""1"",""node"":""kwok-node-6""},{""name"":""rs-13-p1-zhd85"",""cpu_m"":734,""mem_b"":813599745,""priority"":""1"",""node"":""kwok-node-30""},{""name"":""rs-14-p2-28mbs"",""cpu_m"":482,""mem_b"":151193740,""priority"":""2"",""node"":""kwok-node-12""},{""name"":""rs-14-p2-kt5kt"",""cpu_m"":482,""mem_b"":151193740,""priority"":""2"",""node"":""kwok-node-24""},{""name"":""rs-14-p2-rtl4l"",""cpu_m"":482,""mem_b"":151193740,""priority"":""2"",""node"":""kwok-node-5""},{""name"":""rs-15-p1-bwjlg"",""cpu_m"":359,""mem_b"":708581966,""priority"":""1"",""node"":""kwok-node-7""},{""name"":""rs-15-p1-dscd2"",""cpu_m"":359,""mem_b"":708581966,""priority"":""1"",""node"":""kwok-node-25""},{""name"":""rs-15-p1-h8qqq"",""cpu_m"":359,""mem_b"":708581966,""priority"":""1"",""node"":""kwok-node-4""},{""name"":""rs-16-p4-r7v9h"",""cpu_m"":556,""mem_b"":902022310,""priority"":""4"",""node"":""kwok-node-15""},{""name"":""rs-16-p4-vhq88"",""cpu_m"":556,""mem_b"":902022310,""priority"":""4"",""node"":""kwok-node-32""},{""name"":""rs-17-p1-727nm"",""cpu_m"":363,""mem_b"":540241353,""priority"":""1"",""node"":""kwok-node-9""},{""name"":""rs-17-p1-c8h6x"",""cpu_m"":363,""mem_b"":540241353,""priority"":""1"",""node"":""kwok-node-21""},{""name"":""rs-17-p1-ql72l"",""cpu_m"":363,""mem_b"":540241353,""priority"":""1"",""node"":""kwok-node-10""},{""name"":""rs-18-p4-pbdj5"",""cpu_m"":853,""mem_b"":213840894,""priority"":""4"",""node"":""kwok-node-26""},{""name"":""rs-19-p4-46qms"",""cpu_m"":189,""mem_b"":246174341,""priority"":""4"",""node"":""kwok-node-12""},{""name"":""rs-19-p4-64gx6"",""cpu_m"":189,""mem_b"":246174341,""priority"":""4"",""node"":""kwok-node-5""},{""name"":""rs-19-p4-qhqqs"",""cpu_m"":189,""mem_b"":246174341,""priority"":""4"",""node"":""kwok-node-1""},{""name"":""rs-19-p4-s84tf"",""cpu_m"":189,""mem_b"":246174341,""priority"":""4"",""node"":""kwok-node-16""},{""name"":""rs-20-p2-98h8w"",""cpu_m"":451,""mem_b"":966991137,""priority"":""2"",""node"":""kwok-node-24""},{""name"":""rs-20-p2-fml22"",""cpu_m"":451,""mem_b"":966991137,""priority"":""2"",""node"":""kwok-node-11""},{""name"":""rs-20-p2-p5phq"",""cpu_m"":451,""mem_b"":966991137,""priority"":""2"",""node"":""kwok-node-27""},{""name"":""rs-20-p2-sqnnd"",""cpu_m"":451,""mem_b"":966991137,""priority"":""2"",""node"":""kwok-node-23""},{""name"":""rs-21-p2-pqvvv"",""cpu_m"":890,""mem_b"":824563714,""priority"":""2"",""node"":""kwok-node-21""},{""name"":""rs-22-p4-vscng"",""cpu_m"":656,""mem_b"":138693882,""priority"":""4"",""node"":""kwok-node-7""},{""name"":""rs-22-p4-xs4lx"",""cpu_m"":656,""mem_b"":138693882,""priority"":""4"",""node"":""kwok-node-20""},{""name"":""rs-23-p3-hlkl2"",""cpu_m"":558,""mem_b"":456029549,""priority"":""3"",""node"":""kwok-node-9""},{""name"":""rs-24-p4-gb6d9"",""cpu_m"":748,""mem_b"":849400329,""priority"":""4"",""node"":""kwok-node-5""},{""name"":""rs-24-p4-k7gsk"",""cpu_m"":748,""mem_b"":849400329,""priority"":""4"",""node"":""kwok-node-12""},{""name"":""rs-24-p4-qxtxb"",""cpu_m"":748,""mem_b"":849400329,""priority"":""4"",""node"":""kwok-node-16""},{""name"":""rs-24-p4-wgz94"",""cpu_m"":748,""mem_b"":849400329,""priority"":""4"",""node"":""kwok-node-1""},{""name"":""rs-25-p4-x7fz9"",""cpu_m"":728,""mem_b"":662777262,""priority"":""4"",""node"":""kwok-node-4""},{""name"":""rs-26-p2-f8rfc"",""cpu_m"":235,""mem_b"":656479658,""priority"":""2"",""node"":""kwok-node-13""},{""name"":""rs-26-p2-l2fgx"",""cpu_m"":235,""mem_b"":656479658,""priority"":""2"",""node"":""kwok-node-18""},{""name"":""rs-27-p3-phzvn"",""cpu_m"":166,""mem_b"":834153778,""priority"":""3"",""node"":""kwok-node-29""},{""name"":""rs-28-p4-j247m"",""cpu_m"":771,""mem_b"":420400613,""priority"":""4"",""node"":""kwok-node-3""},{""name"":""rs-28-p4-kj2wv"",""cpu_m"":771,""mem_b"":420400613,""priority"":""4"",""node"":""kwok-node-25""},{""name"":""rs-29-p2-8s99c"",""cpu_m"":670,""mem_b"":813393517,""priority"":""2"",""node"":""kwok-node-19""},{""name"":""rs-30-p3-hxnc7"",""cpu_m"":168,""mem_b"":467799274,""priority"":""3"",""node"":""kwok-node-17""},{""name"":""rs-30-p3-k7pzj"",""cpu_m"":168,""mem_b"":467799274,""priority"":""3"",""node"":""kwok-node-14""},{""name"":""rs-30-p3-pz2dz"",""cpu_m"":168,""mem_b"":467799274,""priority"":""3"",""node"":""kwok-node-28""},{""name"":""rs-30-p3-qspd2"",""cpu_m"":168,""mem_b"":467799274,""priority"":""3"",""node"":""kwok-node-26""},{""name"":""rs-31-p1-fgx4s"",""cpu_m"":635,""mem_b"":337269745,""priority"":""1"",""node"":""kwok-node-22""},{""name"":""rs-31-p1-gnhhk"",""cpu_m"":635,""mem_b"":337269745,""priority"":""1"",""node"":""kwok-node-32""},{""name"":""rs-31-p1-hvh52"",""cpu_m"":635,""mem_b"":337269745,""priority"":""1"",""node"":""kwok-node-31""},{""name"":""rs-31-p1-vlglr"",""cpu_m"":635,""mem_b"":337269745,""priority"":""1"",""node"":""kwok-node-2""},{""name"":""rs-32-p4-5zlqn"",""cpu_m"":279,""mem_b"":456831605,""priority"":""4"",""node"":""kwok-node-8""},{""name"":""rs-32-p4-6ljvd"",""cpu_m"":279,""mem_b"":456831605,""priority"":""4"",""node"":""kwok-node-30""},{""name"":""rs-32-p4-bskqc"",""cpu_m"":279,""mem_b"":456831605,""priority"":""4"",""node"":""kwok-node-15""},{""name"":""rs-32-p4-pqk25"",""cpu_m"":279,""mem_b"":456831605,""priority"":""4"",""node"":""kwok-node-6""},{""name"":""rs-33-p2-9tb9k"",""cpu_m"":592,""mem_b"":456785175,""priority"":""2"",""node"":""kwok-node-28""},{""name"":""rs-33-p2-nm4gh"",""cpu_m"":592,""mem_b"":456785175,""priority"":""2"",""node"":""kwok-node-10""},{""name"":""rs-33-p2-whtzm"",""cpu_m"":592,""mem_b"":456785175,""priority"":""2"",""node"":""kwok-node-20""},{""name"":""rs-34-p1-9rhg2"",""cpu_m"":882,""mem_b"":276839746,""priority"":""1"",""node"":""kwok-node-2""},{""name"":""rs-34-p1-f8w5z"",""cpu_m"":882,""mem_b"":276839746,""priority"":""1"",""node"":""kwok-node-15""},{""name"":""rs-34-p1-jgjz7"",""cpu_m"":882,""mem_b"":276839746,""priority"":""1"",""node"":""kwok-node-14""},{""name"":""rs-34-p1-t48v7"",""cpu_m"":882,""mem_b"":276839746,""priority"":""1"",""node"":""kwok-node-17""},{""name"":""rs-35-p1-stk4c"",""cpu_m"":266,""mem_b"":623774214,""priority"":""1"",""node"":""kwok-node-7""},{""name"":""rs-36-p3-8zf84"",""cpu_m"":917,""mem_b"":539580162,""priority"":""3"",""node"":""kwok-node-9""},{""name"":""rs-36-p3-bpnwp"",""cpu_m"":917,""mem_b"":539580162,""priority"":""3"",""node"":""kwok-node-31""},{""name"":""rs-36-p3-hrrbf"",""cpu_m"":917,""mem_b"":539580162,""priority"":""3"",""node"":""kwok-node-29""},{""name"":""rs-36-p3-qxt87"",""cpu_m"":917,""mem_b"":539580162,""priority"":""3"",""node"":""kwok-node-24""},{""name"":""rs-37-p4-4zjfw"",""cpu_m"":697,""mem_b"":307525615,""priority"":""4"",""node"":""kwok-node-30""},{""name"":""rs-37-p4-zjrz5"",""cpu_m"":697,""mem_b"":307525615,""priority"":""4"",""node"":""kwok-node-6""},{""name"":""rs-38-p4-bvk7v"",""cpu_m"":142,""mem_b"":376221515,""priority"":""4"",""node"":""kwok-node-26""},{""name"":""rs-38-p4-f7hx6"",""cpu_m"":142,""mem_b"":376221515,""priority"":""4"",""node"":""kwok-node-18""},{""name"":""rs-38-p4-mn7pt"",""cpu_m"":142,""mem_b"":376221515,""priority"":""4"",""node"":""kwok-node-13""},{""name"":""rs-38-p4-pwrcs"",""cpu_m"":142,""mem_b"":376221515,""priority"":""4"",""node"":""kwok-node-3""},{""name"":""rs-39-p1-7dsll"",""cpu_m"":404,""mem_b"":308882399,""priority"":""1"",""node"":""kwok-node-8""},{""name"":""rs-40-p2-6snh9"",""cpu_m"":344,""mem_b"":962148455,""priority"":""2"",""node"":""kwok-node-22""},{""name"":""rs-40-p2-kkq7g"",""cpu_m"":344,""mem_b"":962148455,""priority"":""2"",""node"":""kwok-node-25""},{""name"":""rs-40-p2-lvnct"",""cpu_m"":344,""mem_b"":962148455,""priority"":""2"",""node"":""kwok-node-27""},{""name"":""rs-40-p2-tplv5"",""cpu_m"":344,""mem_b"":962148455,""priority"":""2"",""node"":""""},{""name"":""rs-41-p1-9d48m"",""cpu_m"":357,""mem_b"":452869464,""priority"":""1"",""node"":""kwok-node-32""},{""name"":""rs-41-p1-b27dc"",""cpu_m"":357,""mem_b"":452869464,""priority"":""1"",""node"":""kwok-node-11""},{""name"":""rs-41-p1-rvfmx"",""cpu_m"":357,""mem_b"":452869464,""priority"":""1"",""node"":""kwok-node-23""},{""name"":""rs-42-p2-sb49p"",""cpu_m"":585,""mem_b"":421746115,""priority"":""2"",""node"":""kwok-node-4""},{""name"":""rs-42-p2-zp9lx"",""cpu_m"":585,""mem_b"":421746115,""priority"":""2"",""node"":""kwok-node-18""},{""name"":""rs-43-p2-dgdl8"",""cpu_m"":370,""mem_b"":466181812,""priority"":""2"",""node"":""kwok-node-19""},{""name"":""rs-43-p2-ffjj5"",""cpu_m"":370,""mem_b"":466181812,""priority"":""2"",""node"":""kwok-node-13""},{""name"":""rs-43-p2-rzjsx"",""cpu_m"":370,""mem_b"":466181812,""priority"":""2"",""node"":""kwok-node-21""},{""name"":""rs-44-p2-977xf"",""cpu_m"":989,""mem_b"":385334524,""priority"":""2"",""node"":""""},{""name"":""rs-44-p2-9r648"",""cpu_m"":989,""mem_b"":385334524,""priority"":""2"",""node"":""""},{""name"":""rs-44-p2-c692x"",""cpu_m"":989,""mem_b"":385334524,""priority"":""2"",""node"":""""},{""name"":""rs-44-p2-gnrhj"",""cpu_m"":989,""mem_b"":385334524,""priority"":""2"",""node"":""""},{""name"":""rs-45-p2-tp492"",""cpu_m"":313,""mem_b"":681559876,""priority"":""2"",""node"":""kwok-node-12""},{""name"":""rs-46-p2-22qb8"",""cpu_m"":483,""mem_b"":946679732,""priority"":""2"",""node"":""""},{""name"":""rs-46-p2-c7lk4"",""cpu_m"":483,""mem_b"":946679732,""priority"":""2"",""node"":""""},{""name"":""rs-46-p2-lx27l"",""cpu_m"":483,""mem_b"":946679732,""priority"":""2"",""node"":""""},{""name"":""rs-47-p4-24h86"",""cpu_m"":152,""mem_b"":771050837,""priority"":""4"",""node"":""""},{""name"":""rs-47-p4-272xm"",""cpu_m"":152,""mem_b"":771050837,""priority"":""4"",""node"":""""},{""name"":""rs-47-p4-khcp9"",""cpu_m"":152,""mem_b"":771050837,""priority"":""4"",""node"":""""},{""name"":""rs-47-p4-nntqp"",""cpu_m"":152,""mem_b"":771050837,""priority"":""4"",""node"":""kwok-node-5""},{""name"":""rs-48-p3-lm94q"",""cpu_m"":564,""mem_b"":387349012,""priority"":""3"",""node"":""kwok-node-3""},{""name"":""rs-48-p3-rfk47"",""cpu_m"":564,""mem_b"":387349012,""priority"":""3"",""node"":""kwok-node-16""},{""name"":""rs-48-p3-s4zxr"",""cpu_m"":564,""mem_b"":387349012,""priority"":""3"",""node"":""kwok-node-1""},{""name"":""rs-49-p4-6zpjb"",""cpu_m"":976,""mem_b"":611734948,""priority"":""4"",""node"":""""},{""name"":""rs-49-p4-fvdlv"",""cpu_m"":976,""mem_b"":611734948,""priority"":""4"",""node"":""""},{""name"":""rs-49-p4-h5knw"",""cpu_m"":976,""mem_b"":611734948,""priority"":""4"",""node"":""""},{""name"":""rs-49-p4-zn92z"",""cpu_m"":976,""mem_b"":611734948,""priority"":""4"",""node"":""""},{""name"":""rs-50-p3-4jd7x"",""cpu_m"":381,""mem_b"":922646831,""priority"":""3"",""node"":""""},{""name"":""rs-50-p3-ff45p"",""cpu_m"":381,""mem_b"":922646831,""priority"":""3"",""node"":""""},{""name"":""rs-50-p3-kklmh"",""cpu_m"":381,""mem_b"":922646831,""priority"":""3"",""node"":""""},{""name"":""rs-50-p3-zx49s"",""cpu_m"":381,""mem_b"":922646831,""priority"":""3"",""node"":""""},{""name"":""rs-51-p3-9crbl"",""cpu_m"":513,""mem_b"":358415573,""priority"":""3"",""node"":""kwok-node-26""},{""name"":""rs-51-p3-w5k8k"",""cpu_m"":513,""mem_b"":358415573,""priority"":""3"",""node"":""kwok-node-7""},{""name"":""rs-52-p1-rhdb8"",""cpu_m"":548,""mem_b"":456534427,""priority"":""1"",""node"":""""},{""name"":""rs-53-p4-5fzlg"",""cpu_m"":358,""mem_b"":394259121,""priority"":""4"",""node"":""kwok-node-20""},{""name"":""rs-53-p4-5vr97"",""cpu_m"":358,""mem_b"":394259121,""priority"":""4"",""node"":""kwok-node-10""}]","[{""name"":""rs-01-p3-jxrs9"",""cpu_m"":194,""mem_b"":448583247,""priority"":""3"",""node"":""kwok-node-16""},{""name"":""rs-01-p3-nqxdw"",""cpu_m"":194,""mem_b"":448583247,""priority"":""3"",""node"":""kwok-node-1""},{""name"":""rs-02-p3-w5kht"",""cpu_m"":184,""mem_b"":863490831,""priority"":""3"",""node"":""kwok-node-20""},{""name"":""rs-03-p4-5zgh9"",""cpu_m"":484,""mem_b"":391324024,""priority"":""4"",""node"":""kwok-node-10""},{""name"":""rs-04-p3-kgs4f"",""cpu_m"":808,""mem_b"":314593721,""priority"":""3"",""node"":""kwok-node-18""},{""name"":""rs-04-p3-qphvz"",""cpu_m"":808,""mem_b"":314593721,""priority"":""3"",""node"":""kwok-node-23""},{""name"":""rs-04-p3-shdkg"",""cpu_m"":808,""mem_b"":314593721,""priority"":""3"",""node"":""kwok-node-11""},{""name"":""rs-05-p3-vxt7p"",""cpu_m"":189,""mem_b"":921997445,""priority"":""3"",""node"":""kwok-node-2""},{""name"":""rs-06-p2-qrtnw"",""cpu_m"":492,""mem_b"":804064429,""priority"":""2"",""node"":""kwok-node-22""},{""name"":""rs-06-p2-tw9pq"",""cpu_m"":492,""mem_b"":804064429,""priority"":""2"",""node"":""kwok-node-14""},{""name"":""rs-06-p2-wjkkb"",""cpu_m"":492,""mem_b"":804064429,""priority"":""2"",""node"":""kwok-node-17""},{""name"":""rs-07-p1-g8clc"",""cpu_m"":107,""mem_b"":410875689,""priority"":""1"",""node"":""kwok-node-26""},{""name"":""rs-08-p1-cv595"",""cpu_m"":800,""mem_b"":134960203,""priority"":""1"",""node"":""kwok-node-27""},{""name"":""rs-09-p2-5w2gr"",""cpu_m"":897,""mem_b"":354078698,""priority"":""2"",""node"":""kwok-node-13""},{""name"":""rs-10-p1-f8pr7"",""cpu_m"":702,""mem_b"":585251402,""priority"":""1"",""node"":""kwok-node-19""},{""name"":""rs-10-p1-prlj7"",""cpu_m"":702,""mem_b"":585251402,""priority"":""1"",""node"":""kwok-node-28""},{""name"":""rs-10-p1-w4qw8"",""cpu_m"":702,""mem_b"":585251402,""priority"":""1"",""node"":""kwok-node-29""},{""name"":""rs-11-p2-5tkbz"",""cpu_m"":325,""mem_b"":707060030,""priority"":""2"",""node"":""kwok-node-3""},{""name"":""rs-12-p1-p2274"",""cpu_m"":238,""mem_b"":955775721,""priority"":""1"",""node"":""kwok-node-31""},{""name"":""rs-13-p1-lh8wz"",""cpu_m"":734,""mem_b"":813599745,""priority"":""1"",""node"":""kwok-node-8""},{""name"":""rs-13-p1-tk46q"",""cpu_m"":734,""mem_b"":813599745,""priority"":""1"",""node"":""kwok-node-6""},{""name"":""rs-13-p1-zhd85"",""cpu_m"":734,""mem_b"":813599745,""priority"":""1"",""node"":""kwok-node-30""},{""name"":""rs-14-p2-28mbs"",""cpu_m"":482,""mem_b"":151193740,""priority"":""2"",""node"":""kwok-node-12""},{""name"":""rs-14-p2-kt5kt"",""cpu_m"":482,""mem_b"":151193740,""priority"":""2"",""node"":""kwok-node-24""},{""name"":""rs-14-p2-rtl4l"",""cpu_m"":482,""mem_b"":151193740,""priority"":""2"",""node"":""kwok-node-5""},{""name"":""rs-15-p1-bwjlg"",""cpu_m"":359,""mem_b"":708581966,""priority"":""1"",""node"":""kwok-node-7""},{""name"":""rs-15-p1-dscd2"",""cpu_m"":359,""mem_b"":708581966,""priority"":""1"",""node"":""kwok-node-25""},{""name"":""rs-15-p1-h8qqq"",""cpu_m"":359,""mem_b"":708581966,""priority"":""1"",""node"":""kwok-node-4""},{""name"":""rs-16-p4-r7v9h"",""cpu_m"":556,""mem_b"":902022310,""priority"":""4"",""node"":""kwok-node-15""},{""name"":""rs-16-p4-vhq88"",""cpu_m"":556,""mem_b"":902022310,""priority"":""4"",""node"":""kwok-node-32""},{""name"":""rs-17-p1-727nm"",""cpu_m"":363,""mem_b"":540241353,""priority"":""1"",""node"":""kwok-node-9""},{""name"":""rs-17-p1-c8h6x"",""cpu_m"":363,""mem_b"":540241353,""priority"":""1"",""node"":""kwok-node-21""},{""name"":""rs-17-p1-ql72l"",""cpu_m"":363,""mem_b"":540241353,""priority"":""1"",""node"":""kwok-node-10""},{""name"":""rs-18-p4-pbdj5"",""cpu_m"":853,""mem_b"":213840894,""priority"":""4"",""node"":""kwok-node-26""},{""name"":""rs-19-p4-46qms"",""cpu_m"":189,""mem_b"":246174341,""priority"":""4"",""node"":""kwok-node-12""},{""name"":""rs-19-p4-64gx6"",""cpu_m"":189,""mem_b"":246174341,""priority"":""4"",""node"":""kwok-node-5""},{""name"":""rs-19-p4-qhqqs"",""cpu_m"":189,""mem_b"":246174341,""priority"":""4"",""node"":""kwok-node-1""},{""name"":""rs-19-p4-s84tf"",""cpu_m"":189,""mem_b"":246174341,""priority"":""4"",""node"":""kwok-node-16""},{""name"":""rs-20-p2-98h8w"",""cpu_m"":451,""mem_b"":966991137,""priority"":""2"",""node"":""kwok-node-24""},{""name"":""rs-20-p2-fml22"",""cpu_m"":451,""mem_b"":966991137,""priority"":""2"",""node"":""kwok-node-11""},{""name"":""rs-20-p2-p5phq"",""cpu_m"":451,""mem_b"":966991137,""priority"":""2"",""node"":""kwok-node-27""},{""name"":""rs-20-p2-sqnnd"",""cpu_m"":451,""mem_b"":966991137,""priority"":""2"",""node"":""kwok-node-23""},{""name"":""rs-21-p2-pqvvv"",""cpu_m"":890,""mem_b"":824563714,""priority"":""2"",""node"":""kwok-node-21""},{""name"":""rs-22-p4-vscng"",""cpu_m"":656,""mem_b"":138693882,""priority"":""4"",""node"":""kwok-node-7""},{""name"":""rs-22-p4-xs4lx"",""cpu_m"":656,""mem_b"":138693882,""priority"":""4"",""node"":""kwok-node-20""},{""name"":""rs-23-p3-hlkl2"",""cpu_m"":558,""mem_b"":456029549,""priority"":""3"",""node"":""kwok-node-9""},{""name"":""rs-24-p4-gb6d9"",""cpu_m"":748,""mem_b"":849400329,""priority"":""4"",""node"":""kwok-node-5""},{""name"":""rs-24-p4-k7gsk"",""cpu_m"":748,""mem_b"":849400329,""priority"":""4"",""node"":""kwok-node-12""},{""name"":""rs-24-p4-qxtxb"",""cpu_m"":748,""mem_b"":849400329,""priority"":""4"",""node"":""kwok-node-16""},{""name"":""rs-24-p4-wgz94"",""cpu_m"":748,""mem_b"":849400329,""priority"":""4"",""node"":""kwok-node-1""},{""name"":""rs-25-p4-x7fz9"",""cpu_m"":728,""mem_b"":662777262,""priority"":""4"",""node"":""kwok-node-4""},{""name"":""rs-26-p2-f8rfc"",""cpu_m"":235,""mem_b"":656479658,""priority"":""2"",""node"":""kwok-node-13""},{""name"":""rs-26-p2-l2fgx"",""cpu_m"":235,""mem_b"":656479658,""priority"":""2"",""node"":""kwok-node-18""},{""name"":""rs-27-p3-phzvn"",""cpu_m"":166,""mem_b"":834153778,""priority"":""3"",""node"":""kwok-node-29""},{""name"":""rs-28-p4-j247m"",""cpu_m"":771,""mem_b"":420400613,""priority"":""4"",""node"":""kwok-node-3""},{""name"":""rs-28-p4-kj2wv"",""cpu_m"":771,""mem_b"":420400613,""priority"":""4"",""node"":""kwok-node-25""},{""name"":""rs-29-p2-8s99c"",""cpu_m"":670,""mem_b"":813393517,""priority"":""2"",""node"":""kwok-node-19""},{""name"":""rs-30-p3-hxnc7"",""cpu_m"":168,""mem_b"":467799274,""priority"":""3"",""node"":""kwok-node-17""},{""name"":""rs-30-p3-k7pzj"",""cpu_m"":168,""mem_b"":467799274,""priority"":""3"",""node"":""kwok-node-14""},{""name"":""rs-30-p3-pz2dz"",""cpu_m"":168,""mem_b"":467799274,""priority"":""3"",""node"":""kwok-node-28""},{""name"":""rs-30-p3-qspd2"",""cpu_m"":168,""mem_b"":467799274,""priority"":""3"",""node"":""kwok-node-26""},{""name"":""rs-31-p1-fgx4s"",""cpu_m"":635,""mem_b"":337269745,""priority"":""1"",""node"":""kwok-node-22""},{""name"":""rs-31-p1-gnhhk"",""cpu_m"":635,""mem_b"":337269745,""priority"":""1"",""node"":""kwok-node-32""},{""name"":""rs-31-p1-hvh52"",""cpu_m"":635,""mem_b"":337269745,""priority"":""1"",""node"":""kwok-node-31""},{""name"":""rs-31-p1-vlglr"",""cpu_m"":635,""mem_b"":337269745,""priority"":""1"",""node"":""kwok-node-2""},{""name"":""rs-32-p4-5zlqn"",""cpu_m"":279,""mem_b"":456831605,""priority"":""4"",""node"":""kwok-node-8""},{""name"":""rs-32-p4-6ljvd"",""cpu_m"":279,""mem_b"":456831605,""priority"":""4"",""node"":""kwok-node-30""},{""name"":""rs-32-p4-bskqc"",""cpu_m"":279,""mem_b"":456831605,""priority"":""4"",""node"":""kwok-node-15""},{""name"":""rs-32-p4-pqk25"",""cpu_m"":279,""mem_b"":456831605,""priority"":""4"",""node"":""kwok-node-6""},{""name"":""rs-33-p2-9tb9k"",""cpu_m"":592,""mem_b"":456785175,""priority"":""2"",""node"":""kwok-node-28""},{""name"":""rs-33-p2-nm4gh"",""cpu_m"":592,""mem_b"":456785175,""priority"":""2"",""node"":""kwok-node-10""},{""name"":""rs-33-p2-whtzm"",""cpu_m"":592,""mem_b"":456785175,""priority"":""2"",""node"":""kwok-node-20""},{""name"":""rs-34-p1-9rhg2"",""cpu_m"":882,""mem_b"":276839746,""priority"":""1"",""node"":""kwok-node-2""},{""name"":""rs-34-p1-f8w5z"",""cpu_m"":882,""mem_b"":276839746,""priority"":""1"",""node"":""kwok-node-15""},{""name"":""rs-34-p1-jgjz7"",""cpu_m"":882,""mem_b"":276839746,""priority"":""1"",""node"":""kwok-node-14""},{""name"":""rs-34-p1-t48v7"",""cpu_m"":882,""mem_b"":276839746,""priority"":""1"",""node"":""kwok-node-17""},{""name"":""rs-35-p1-stk4c"",""cpu_m"":266,""mem_b"":623774214,""priority"":""1"",""node"":""kwok-node-7""},{""name"":""rs-36-p3-8zf84"",""cpu_m"":917,""mem_b"":539580162,""priority"":""3"",""node"":""kwok-node-9""},{""name"":""rs-36-p3-bpnwp"",""cpu_m"":917,""mem_b"":539580162,""priority"":""3"",""node"":""kwok-node-31""},{""name"":""rs-36-p3-hrrbf"",""cpu_m"":917,""mem_b"":539580162,""priority"":""3"",""node"":""kwok-node-29""},{""name"":""rs-36-p3-qxt87"",""cpu_m"":917,""mem_b"":539580162,""priority"":""3"",""node"":""kwok-node-24""},{""name"":""rs-37-p4-4zjfw"",""cpu_m"":697,""mem_b"":307525615,""priority"":""4"",""node"":""kwok-node-30""},{""name"":""rs-37-p4-zjrz5"",""cpu_m"":697,""mem_b"":307525615,""priority"":""4"",""node"":""kwok-node-6""},{""name"":""rs-38-p4-bvk7v"",""cpu_m"":142,""mem_b"":376221515,""priority"":""4"",""node"":""kwok-node-26""},{""name"":""rs-38-p4-f7hx6"",""cpu_m"":142,""mem_b"":376221515,""priority"":""4"",""node"":""kwok-node-18""},{""name"":""rs-38-p4-mn7pt"",""cpu_m"":142,""mem_b"":376221515,""priority"":""4"",""node"":""kwok-node-13""},{""name"":""rs-38-p4-pwrcs"",""cpu_m"":142,""mem_b"":376221515,""priority"":""4"",""node"":""kwok-node-3""},{""name"":""rs-39-p1-7dsll"",""cpu_m"":404,""mem_b"":308882399,""priority"":""1"",""node"":""kwok-node-8""},{""name"":""rs-40-p2-6snh9"",""cpu_m"":344,""mem_b"":962148455,""priority"":""2"",""node"":""kwok-node-22""},{""name"":""rs-40-p2-kkq7g"",""cpu_m"":344,""mem_b"":962148455,""priority"":""2"",""node"":""kwok-node-25""},{""name"":""rs-40-p2-lvnct"",""cpu_m"":344,""mem_b"":962148455,""priority"":""2"",""node"":""kwok-node-27""},{""name"":""rs-40-p2-tplv5"",""cpu_m"":344,""mem_b"":962148455,""priority"":""2"",""node"":""""},{""name"":""rs-41-p1-9d48m"",""cpu_m"":357,""mem_b"":452869464,""priority"":""1"",""node"":""kwok-node-32""},{""name"":""rs-41-p1-b27dc"",""cpu_m"":357,""mem_b"":452869464,""priority"":""1"",""node"":""kwok-node-11""},{""name"":""rs-41-p1-rvfmx"",""cpu_m"":357,""mem_b"":452869464,""priority"":""1"",""node"":""kwok-node-23""},{""name"":""rs-42-p2-sb49p"",""cpu_m"":585,""mem_b"":421746115,""priority"":""2"",""node"":""kwok-node-4""},{""name"":""rs-42-p2-zp9lx"",""cpu_m"":585,""mem_b"":421746115,""priority"":""2"",""node"":""kwok-node-18""},{""name"":""rs-43-p2-dgdl8"",""cpu_m"":370,""mem_b"":466181812,""priority"":""2"",""node"":""kwok-node-19""},{""name"":""rs-43-p2-ffjj5"",""cpu_m"":370,""mem_b"":466181812,""priority"":""2"",""node"":""kwok-node-13""},{""name"":""rs-43-p2-rzjsx"",""cpu_m"":370,""mem_b"":466181812,""priority"":""2"",""node"":""kwok-node-21""},{""name"":""rs-44-p2-977xf"",""cpu_m"":989,""mem_b"":385334524,""priority"":""2"",""node"":""""},{""name"":""rs-44-p2-9r648"",""cpu_m"":989,""mem_b"":385334524,""priority"":""2"",""node"":""""},{""name"":""rs-44-p2-c692x"",""cpu_m"":989,""mem_b"":385334524,""priority"":""2"",""node"":""""},{""name"":""rs-44-p2-gnrhj"",""cpu_m"":989,""mem_b"":385334524,""priority"":""2"",""node"":""""},{""name"":""rs-45-p2-tp492"",""cpu_m"":313,""mem_b"":681559876,""priority"":""2"",""node"":""kwok-node-12""},{""name"":""rs-46-p2-22qb8"",""cpu_m"":483,""mem_b"":946679732,""priority"":""2"",""node"":""""},{""name"":""rs-46-p2-c7lk4"",""cpu_m"":483,""mem_b"":946679732,""priority"":""2"",""node"":""""},{""name"":""rs-46-p2-lx27l"",""cpu_m"":483,""mem_b"":946679732,""priority"":""2"",""node"":""""},{""name"":""rs-47-p4-24h86"",""cpu_m"":152,""mem_b"":771050837,""priority"":""4"",""node"":""""},{""name"":""rs-47-p4-272xm"",""cpu_m"":152,""mem_b"":771050837,""priority"":""4"",""node"":""""},{""name"":""rs-47-p4-khcp9"",""cpu_m"":152,""mem_b"":771050837,""priority"":""4"",""node"":""""},{""name"":""rs-47-p4-nntqp"",""cpu_m"":152,""mem_b"":771050837,""priority"":""4"",""node"":""kwok-node-5""},{""name"":""rs-48-p3-lm94q"",""cpu_m"":564,""mem_b"":387349012,""priority"":""3"",""node"":""kwok-node-3""},{""name"":""rs-48-p3-rfk47"",""cpu_m"":564,""mem_b"":387349012,""priority"":""3"",""node"":""kwok-node-16""},{""name"":""rs-48-p3-s4zxr"",""cpu_m"":564,""mem_b"":387349012,""priority"":""3"",""node"":""kwok-node-1""},{""name"":""rs-49-p4-6zpjb"",""cpu_m"":976,""mem_b"":611734948,""priority"":""4"",""node"":""""},{""name"":""rs-49-p4-fvdlv"",""cpu_m"":976,""mem_b"":611734948,""priority"":""4"",""node"":""""},{""name"":""rs-49-p4-h5knw"",""cpu_m"":976,""mem_b"":611734948,""priority"":""4"",""node"":""""},{""name"":""rs-49-p4-zn92z"",""cpu_m"":976,""mem_b"":611734948,""priority"":""4"",""node"":""""},{""name"":""rs-50-p3-4jd7x"",""cpu_m"":381,""mem_b"":922646831,""priority"":""3"",""node"":""""},{""name"":""rs-50-p3-ff45p"",""cpu_m"":381,""mem_b"":922646831,""priority"":""3"",""node"":""""},{""name"":""rs-50-p3-kklmh"",""cpu_m"":381,""mem_b"":922646831,""priority"":""3"",""node"":""""},{""name"":""rs-50-p3-zx49s"",""cpu_m"":381,""mem_b"":922646831,""priority"":""3"",""node"":""""},{""name"":""rs-51-p3-9crbl"",""cpu_m"":513,""mem_b"":358415573,""priority"":""3"",""node"":""kwok-node-26""},{""name"":""rs-51-p3-w5k8k"",""cpu_m"":513,""mem_b"":358415573,""priority"":""3"",""node"":""kwok-node-7""},{""name"":""rs-52-p1-rhdb8"",""cpu_m"":548,""mem_b"":456534427,""priority"":""1"",""node"":""""},{""name"":""rs-53-p4-5fzlg"",""cpu_m"":358,""mem_b"":394259121,""priority"":""4"",""node"":""kwok-node-20""},{""name"":""rs-53-p4-5vr97"",""cpu_m"":358,""mem_b"":394259121,""priority"":""4"",""node"":""kwok-node-10""}]","[{""name"":""kwok-node-1"",""cap_cpu_m"":1955,""cap_mem_bytes"":2121237887},{""name"":""kwok-node-2"",""cap_cpu_m"":1955,""cap_mem_bytes"":2121237887},{""name"":""kwok-node-3"",""cap_cpu_m"":1955,""cap_mem_bytes"":2121237887},{""name"":""kwok-node-4"",""cap_cpu_m"":1955,""cap_mem_bytes"":2121237887},{""name"":""kwok-node-5"",""cap_cpu_m"":1955,""cap_mem_bytes"":2121237887},{""name"":""kwok-node-6"",""cap_cpu_m"":1955,""cap_mem_bytes"":2121237887},{""name"":""kwok-node-7"",""cap_cpu_m"":1955,""cap_mem_bytes"":2121237887},{""name"":""kwok-node-8"",""cap_cpu_m"":1955,""cap_mem_bytes"":2121237887},{""name"":""kwok-node-9"",""cap_cpu_m"":1955,""cap_mem_bytes"":2121237887},{""name"":""kwok-node-10"",""cap_cpu_m"":1955,""cap_mem_bytes"":2121237887},{""name"":""kwok-node-11"",""cap_cpu_m"":1955,""cap_mem_bytes"":2121237887},{""name"":""kwok-node-12"",""cap_cpu_m"":1955,""cap_mem_bytes"":2121237887},{""name"":""kwok-node-13"",""cap_cpu_m"":1955,""cap_mem_bytes"":2121237887},{""name"":""kwok-node-14"",""cap_cpu_m"":1955,""cap_mem_bytes"":2121237887},{""name"":""kwok-node-15"",""cap_cpu_m"":1955,""cap_mem_bytes"":2121237887},{""name"":""kwok-node-16"",""cap_cpu_m"":1955,""cap_mem_bytes"":2121237887},{""name"":""kwok-node-17"",""cap_cpu_m"":1955,""cap_mem_bytes"":2121237887},{""name"":""kwok-node-18"",""cap_cpu_m"":1955,""cap_mem_bytes"":2121237887},{""name"":""kwok-node-19"",""cap_cpu_m"":1955,""cap_mem_bytes"":2121237887},{""name"":""kwok-node-20"",""cap_cpu_m"":1955,""cap_mem_bytes"":2121237887},{""name"":""kwok-node-21"",""cap_cpu_m"":1955,""cap_mem_bytes"":2121237887},{""name"":""kwok-node-22"",""cap_cpu_m"":1955,""cap_mem_bytes"":2121237887},{""name"":""kwok-node-23"",""cap_cpu_m"":1955,""cap_mem_bytes"":2121237887},{""name"":""kwok-node-24"",""cap_cpu_m"":1955,""cap_mem_bytes"":2121237887},{""name"":""kwok-node-25"",""cap_cpu_m"":1955,""cap_mem_bytes"":2121237887},{""name"":""kwok-node-26"",""cap_cpu_m"":1955,""cap_mem_bytes"":2121237887},{""name"":""kwok-node-27"",""cap_cpu_m"":1955,""cap_mem_bytes"":2121237887},{""name"":""kwok-node-28"",""cap_cpu_m"":1955,""cap_mem_bytes"":2121237887},{""name"":""kwok-node-29"",""cap_cpu_m"":1955,""cap_mem_bytes"":2121237887},{""name"":""kwok-node-30"",""cap_cpu_m"":1955,""cap_mem_bytes"":2121237887},{""name"":""kwok-node-31"",""cap_cpu_m"":1955,""cap_mem_bytes"":2121237887},{""name"":""kwok-node-32"",""cap_cpu_m"":1955,""cap_mem_bytes"":2121237887}]"
2026/02/11/11:43:00,9147129661833587558,,"{""evicted"":0,""moved"":0,""placed_by_priority"":{""1"":29,""2"":34,""3"":16,""4"":25}}",python,"{""evicted"":2,""moved"":19,""placed_by_priority"":{""1"":36,""2"":34,""3"":19,""4"":29}}",956,FEASIBLE,"[{""duration_ms"":956,""name"":""python"",""score"":{""evicted"":2,""moved"":19,""placed_by_priority"":{""1"":36,""2"":34,""3"":19,""4"":29}},""status"":""FEASIBLE""}]",0.919,0.783,0.910,0.781,59750,50898,67291018196,57765640819,116,104,12,24,"{""kwok-node-1"":3,""kwok-node-10"":4,""kwok-node-11"":4,""kwok-node-12"":4,""kwok-node-13"":4,""kwok-node-14"":4,""kwok-node-15"":4,""kwok-node-16"":3,""kwok-node-17"":4,""kwok-node-18"":4,""kwok-node-19"":3,""kwok-node-2"":4,""kwok-node-20"":3,""kwok-node-21"":3,""kwok-node-22"":3,""kwok-node-23"":4,""kwok-node-24"":4,""kwok-node-25"":3,""kwok-node-26"":3,""kwok-node-27"":3,""kwok-node-28"":3,""kwok-node-29"":4,""kwok-node-3"":5,""kwok-node-30"":4,""kwok-node-31"":3,""kwok-node-32"":4,""kwok-node-4"":3,""kwok-node-5"":5,""kwok-node-6"":3,""kwok-node-7"":4,""kwok-node-8"":4,""kwok-node-9"":3}","{""kwok-node-1"":2,""kwok-node-10"":3,""kwok-node-11"":4,""kwok-node-12"":4,""kwok-node-13"":4,""kwok-node-14"":3,""kwok-node-15"":3,""kwok-node-16"":3,""kwok-node-17"":4,""kwok-node-18"":4,""kwok-node-19"":2,""kwok-node-2"":4,""kwok-node-20"":2,""kwok-node-21"":3,""kwok-node-22"":2,""kwok-node-23"":4,""kwok-node-24"":3,""kwok-node-25"":3,""kwok-node-26"":3,""kwok-node-27"":3,""kwok-node-28"":3,""kwok-node-29"":3,""kwok-node-3"":4,""kwok-node-30"":3,""kwok-node-31"":3,""kwok-node-32"":4,""kwok-node-4"":3,""kwok-node-5"":4,""kwok-node-6"":4,""kwok-node-7"":4,""kwok-node-8"":3,""kwok-node-9"":3}","{""p1"":34,""p2"":34,""p3"":19,""p4"":29}","{""p1"":29,""p2"":34,""p3"":16,""p4"":25}","{""p1"":12}","{""p1"":17,""p3"":3,""p4"":4}","{rs-11-p1-h8jw4,rs-11-p1-zc9wk,rs-37-p1-qjnfg,rs-37-p1-t9g7m,rs-37-p1-twpgg,rs-42-p1-fxq9k,rs-46-p1-6rd4c,rs-46-p1-74g5m,rs-51-p1-2482p,rs-51-p1-c6lq6,rs-51-p1-gj2nz,rs-51-p1-jpg6r}","{rs-37-p1-6cpdg,rs-37-p1-qjnfg,rs-37-p1-t9g7m,rs-37-p1-twpgg,rs-41-p4-7vjmg,rs-42-p1-8t9vq,rs-42-p1-f625l,rs-42-p1-fxq9k,rs-44-p4-2xjtg,rs-44-p4-5kklc,rs-44-p4-fpvjm,rs-45-p3-fblql,rs-48-p3-kpjfj,rs-48-p3-p4h4k,rs-49-p1-qf4vq,rs-49-p1-td29c,rs-49-p1-vkfkr,rs-50-p1-pbkvf,rs-50-p1-qqzg5,rs-50-p1-swsqd,rs-51-p1-2482p,rs-51-p1-c6lq6,rs-51-p1-gj2nz,rs-51-p1-jpg6r}","{rs-01-p1-4dnqz,rs-01-p1-ks7h7,rs-01-p1-p5gb5,rs-02-p2-5j5c6,rs-02-p2-9bgrp,rs-02-p2-j5t8x,rs-03-p2-l5zf7,rs-03-p2-q5bnz,rs-03-p2-rnz5z,rs-04-p2-2rw7p,rs-04-p2-6vpzj,rs-04-p2-qnknd,rs-04-p2-wnfqv,rs-05-p4-rhs55,rs-06-p2-8b2qv,rs-06-p2-ms8w8,rs-07-p1-5kcg8,rs-07-p1-nq9zk,rs-07-p1-v4cqb,rs-08-p3-7lkm9,rs-08-p3-8c6m8,rs-08-p3-nkg4k,rs-08-p3-tbltq,rs-09-p4-6t8kb,rs-09-p4-jp4pq,rs-09-p4-z4m5k,rs-09-p4-zzl5h,rs-10-p2-rvzmh,rs-11-p1-248tl,rs-12-p4-8nmv2,rs-12-p4-mzp4p,rs-12-p4-n7mff,rs-12-p4-r99l5,rs-13-p3-hh8fm,rs-13-p3-qkd7k,rs-13-p3-xr7jc,rs-13-p3-zrwzl,rs-14-p4-cbfb4,rs-14-p4-f6mkp,rs-14-p4-mf8vv,rs-15-p1-4kmpv,rs-16-p4-fdmdl,rs-17-p2-f6fvf,rs-17-p2-fqmlf,rs-17-p2-xfhp7,rs-17-p2-xj6vv,rs-18-p2-dwphw,rs-18-p2-nnkdq,rs-19-p3-n849l,rs-19-p3-rmvhp,rs-20-p4-c8jws,rs-20-p4-p68wt,rs-20-p4-pl82s,rs-21-p2-6t6np,rs-21-p2-fcv9c,rs-21-p2-w9mkx,rs-22-p1-4slzt,rs-22-p1-q9w9w,rs-22-p1-vhqwt,rs-22-p1-x5b2q,rs-23-p4-glxdm,rs-24-p2-br6wc,rs-24-p2-j88rw,rs-24-p2-lr4ld,rs-24-p2-wl87s,rs-25-p1-lspmd,rs-25-p1-pphz4,rs-26-p1-rpf58,rs-27-p2-c57kn,rs-27-p2-r7bb8,rs-28-p1-6wmdp,rs-29-p4-m7z8r,rs-30-p2-hwqmd,rs-30-p2-w8zqs,rs-30-p2-zl6qv,rs-30-p2-zxq2q,rs-31-p1-fhprc,rs-31-p1-qxdlk,rs-32-p1-6mwnn,rs-32-p1-dhd5m,rs-33-p1-kzj77,rs-34-p4-l7fr9,rs-35-p4-7hdxg,rs-35-p4-hnx8k,rs-35-p4-p7vvc,rs-36-p3-nzmk8,rs-36-p3-pgtwg,rs-36-p3-s44d4,rs-36-p3-xgv4w,rs-37-p1-6cpdg,rs-38-p1-2hbvt,rs-38-p1-cwccd,rs-38-p1-mr57j,rs-38-p1-qxwtx,rs-39-p2-6wds5,rs-39-p2-f4gk9,rs-40-p4-qs5ts,rs-41-p4-7jbrn,rs-41-p4-7vjmg,rs-42-p1-8t9vq,rs-42-p1-f625l,rs-43-p4-58x84,rs-44-p4-2xjtg,rs-44-p4-5kklc,rs-44-p4-fpvjm,rs-45-p3-fblql,rs-47-p3-mgrqs,rs-47-p3-t898g,rs-48-p3-kpjfj,rs-48-p3-p4h4k,rs-49-p1-qf4vq,rs-49-p1-td29c,rs-49-p1-vkfkr,rs-50-p1-pbkvf,rs-50-p1-qqzg5,rs-50-p1-swsqd}","{rs-01-p1-hxjxr,rs-01-p1-ks7h7,rs-01-p1-t7zdx,rs-02-p2-5j5c6,rs-02-p2-9bgrp,rs-02-p2-j5t8x,rs-03-p2-l5zf7,rs-03-p2-q5bnz,rs-03-p2-rnz5z,rs-04-p2-2rw7p,rs-04-p2-6vpzj,rs-04-p2-qnknd,rs-04-p2-wnfqv,rs-05-p4-rhs55,rs-06-p2-8b2qv,rs-06-p2-ms8w8,rs-07-p1-5kcg8,rs-07-p1-clckv,rs-07-p1-v4cqb,rs-08-p3-7lkm9,rs-08-p3-8c6m8,rs-08-p3-nkg4k,rs-08-p3-tbltq,rs-09-p4-6t8kb,rs-09-p4-jp4pq,rs-09-p4-z4m5k,rs-09-p4-zzl5h,rs-10-p2-rvzmh,rs-11-p1-gk6vt,rs-11-p1-t2hg9,rs-11-p1-xh5rk,rs-12-p4-8nmv2,rs-12-p4-mzp4p,rs-12-p4-n7mff,rs-12-p4-r99l5,rs-13-p3-hh8fm,rs-13-p3-qkd7k,rs-13-p3-xr7jc,rs-13-p3-zrwzl,rs-14-p4-cbfb4,rs-14-p4-f6mkp,rs-14-p4-mf8vv,rs-15-p1-9ktb8,rs-16-p4-fdmdl,rs-17-p2-f6fvf,rs-17-p2-fqmlf,rs-17-p2-xfhp7,rs-17-p2-xj6vv,rs-18-p2-dwphw,rs-18-p2-nnkdq,rs-19-p3-n849l,rs-19-p3-rmvhp,rs-20-p4-c8jws,rs-20-p4-p68wt,rs-20-p4-pl82s,rs-21-p2-6t6np,rs-21-p2-fcv9c,rs-21-p2-w9mkx,rs-22-p1-f8tmz,rs-22-p1-l2d7m,rs-22-p1-q9w9w,rs-22-p1-x5b2q,rs-23-p4-glxdm,rs-24-p2-br6wc,rs-24-p2-j88rw,rs-24-p2-lr4ld,rs-24-p2-wl87s,rs-25-p1-lspmd,rs-25-p1-tfn6z,rs-26-p1-qtqnj,rs-27-p2-c57kn,rs-27-p2-r7bb8,rs-28-p1-tq68l,rs-29-p4-m7z8r,rs-30-p2-hwqmd,rs-30-p2-w8zqs,rs-30-p2-zl6qv,rs-30-p2-zxq2q,rs-31-p1-kd6hq,rs-31-p1-qxdlk,rs-32-p1-564vk,rs-32-p1-dhd5m,rs-33-p1-vvj9l,rs-34-p4-l7fr9,rs-35-p4-7hdxg,rs-35-p4-hnx8k,rs-35-p4-p7vvc,rs-36-p3-nzmk8,rs-36-p3-pgtwg,rs-36-p3-s44d4,rs-36-p3-xgv4w,rs-38-p1-5l2d2,rs-38-p1-9bdk7,rs-38-p1-p8sbc,rs-38-p1-r47hw,rs-39-p2-6wds5,rs-39-p2-f4gk9,rs-40-p4-qs5ts,rs-41-p4-7jbrn,rs-43-p4-58x84,rs-46-p1-fsdgc,rs-46-p1-zttnr,rs-47-p3-mgrqs,rs-47-p3-t898g}","[{""name"":""rs-01-p1-4dnqz"",""cpu_m"":314,""mem_b"":681437740,""priority"":""1"",""node"":""kwok-node-30""},{""name"":""rs-01-p1-ks7h7"",""cpu_m"":314,""mem_b"":681437740,""priority"":""1"",""node"":""kwok-node-16""},{""name"":""rs-01-p1-p5gb5"",""cpu_m"":314,""mem_b"":681437740,""priority"":""1"",""node"":""kwok-node-24""},{""name"":""rs-02-p2-5j5c6"",""cpu_m"":171,""mem_b"":476350288,""priority"":""2"",""node"":""kwok-node-13""},{""name"":""rs-02-p2-9bgrp"",""cpu_m"":171,""mem_b"":476350288,""priority"":""2"",""node"":""kwok-node-10""},{""name"":""rs-02-p2-j5t8x"",""cpu_m"":171,""mem_b"":476350288,""priority"":""2"",""node"":""kwok-node-17""},{""name"":""rs-03-p2-l5zf7"",""cpu_m"":488,""mem_b"":782444246,""priority"":""2"",""node"":""kwok-node-11""},{""name"":""rs-03-p2-q5bnz"",""cpu_m"":488,""mem_b"":782444246,""priority"":""2"",""node"":""kwok-node-2""},{""name"":""rs-03-p2-rnz5z"",""cpu_m"":488,""mem_b"":782444246,""priority"":""2"",""node"":""kwok-node-21""},{""name"":""rs-04-p2-2rw7p"",""cpu_m"":601,""mem_b"":632190797,""priority"":""2"",""node"":""kwok-node-19""},{""name"":""rs-04-p2-6vpzj"",""cpu_m"":601,""mem_b"":632190797,""priority"":""2"",""node"":""kwok-node-1""},{""name"":""rs-04-p2-qnknd"",""cpu_m"":601,""mem_b"":632190797,""priority"":""2"",""node"":""kwok-node-18""},{""name"":""rs-04-p2-wnfqv"",""cpu_m"":601,""mem_b"":632190797,""priority"":""2"",""node"":""kwok-node-20""},{""name"":""rs-05-p4-rhs55"",""cpu_m"":909,""mem_b"":697403195,""priority"":""4"",""node"":""kwok-node-22""},{""name"":""rs-06-p2-8b2qv"",""cpu_m"":260,""mem_b"":759511108,""priority"":""2"",""node"":""kwok-node-12""},{""name"":""rs-06-p2-ms8w8"",""cpu_m"":260,""mem_b"":759511108,""priority"":""2"",""node"":""kwok-node-23""},{""name"":""rs-07-p1-5kcg8"",""cpu_m"":928,""mem_b"":551220148,""priority"":""1"",""node"":""kwok-node-27""},{""name"":""rs-07-p1-nq9zk"",""cpu_m"":928,""mem_b"":551220148,""priority"":""1"",""node"":""kwok-node-20""},{""name"":""rs-07-p1-v4cqb"",""cpu_m"":928,""mem_b"":551220148,""priority"":""1"",""node"":""kwok-node-26""},{""name"":""rs-08-p3-7lkm9"",""cpu_m"":260,""mem_b"":709825430,""priority"":""3"",""node"":""kwok-node-3""},{""name"":""rs-08-p3-8c6m8"",""cpu_m"":260,""mem_b"":709825430,""priority"":""3"",""node"":""kwok-node-30""},{""name"":""rs-08-p3-nkg4k"",""cpu_m"":260,""mem_b"":709825430,""priority"":""3"",""node"":""kwok-node-24""},{""name"":""rs-08-p3-tbltq"",""cpu_m"":260,""mem_b"":709825430,""priority"":""3"",""node"":""kwok-node-29""},{""name"":""rs-09-p4-6t8kb"",""cpu_m"":830,""mem_b"":370782437,""priority"":""4"",""node"":""kwok-node-10""},{""name"":""rs-09-p4-jp4pq"",""cpu_m"":830,""mem_b"":370782437,""priority"":""4"",""node"":""kwok-node-13""},{""name"":""rs-09-p4-z4m5k"",""cpu_m"":830,""mem_b"":370782437,""priority"":""4"",""node"":""kwok-node-17""},{""name"":""rs-09-p4-zzl5h"",""cpu_m"":830,""mem_b"":370782437,""priority"":""4"",""node"":""kwok-node-28""},{""name"":""rs-10-p2-rvzmh"",""cpu_m"":791,""mem_b"":645995586,""priority"":""2"",""node"":""kwok-node-16""},{""name"":""rs-11-p1-248tl"",""cpu_m"":642,""mem_b"":945681800,""priority"":""1"",""node"":""kwok-node-14""},{""name"":""rs-11-p1-h8jw4"",""cpu_m"":642,""mem_b"":945681800,""priority"":""1"",""node"":""""},{""name"":""rs-11-p1-zc9wk"",""cpu_m"":642,""mem_b"":945681800,""priority"":""1"",""node"":""""},{""name"":""rs-12-p4-8nmv2"",""cpu_m"":385,""mem_b"":661380706,""priority"":""4"",""node"":""kwok-node-7""},{""name"":""rs-12-p4-mzp4p"",""cpu_m"":385,""mem_b"":661380706,""priority"":""4"",""node"":""kwok-node-32""},{""name"":""rs-12-p4-n7mff"",""cpu_m"":385,""mem_b"":661380706,""priority"":""4"",""node"":""kwok-node-8""},{""name"":""rs-12-p4-r99l5"",""cpu_m"":385,""mem_b"":661380706,""priority"":""4"",""node"":""kwok-node-5""},{""name"":""rs-13-p3-hh8fm"",""cpu_m"":964,""mem_b"":610643719,""priority"":""3"",""node"":""kwok-node-31""},{""name"":""rs-13-p3-qkd7k"",""cpu_m"":964,""mem_b"":610643719,""priority"":""3"",""node"":""kwok-node-6""},{""name"":""rs-13-p3-xr7jc"",""cpu_m"":964,""mem_b"":610643719,""priority"":""3"",""node"":""kwok-node-4""},{""name"":""rs-13-p3-zrwzl"",""cpu_m"":964,""mem_b"":610643719,""priority"":""3"",""node"":""kwok-node-9""},{""name"":""rs-14-p4-cbfb4"",""cpu_m"":706,""mem_b"":322874647,""priority"":""4"",""node"":""kwok-node-24""},{""name"":""rs-14-p4-f6mkp"",""cpu_m"":706,""mem_b"":322874647,""priority"":""4"",""node"":""kwok-node-29""},{""name"":""rs-14-p4-mf8vv"",""cpu_m"":706,""mem_b"":322874647,""priority"":""4"",""node"":""kwok-node-30""},{""name"":""rs-15-p1-4kmpv"",""cpu_m"":247,""mem_b"":996085266,""priority"":""1"",""node"":""kwok-node-22""},{""name"":""rs-16-p4-fdmdl"",""cpu_m"":573,""mem_b"":266466035,""priority"":""4"",""node"":""kwok-node-3""},{""name"":""rs-17-p2-f6fvf"",""cpu_m"":676,""mem_b"":167714169,""priority"":""2"",""node"":""kwok-node-15""},{""name"":""rs-17-p2-fqmlf"",""cpu_m"":676,""mem_b"":167714169,""priority"":""2"",""node"":""kwok-node-12""},{""name"":""rs-17-p2-xfhp7"",""cpu_m"":676,""mem_b"":167714169,""priority"":""2"",""node"":""kwok-node-14""},{""name"":""rs-17-p2-xj6vv"",""cpu_m"":676,""mem_b"":167714169,""priority"":""2"",""node"":""kwok-node-23""},{""name"":""rs-18-p2-dwphw"",""cpu_m"":250,""mem_b"":459921145,""priority"":""2"",""node"":""kwok-node-18""},{""name"":""rs-18-p2-nnkdq"",""cpu_m"":250,""mem_b"":459921145,""priority"":""2"",""node"":""kwok-node-32""},{""name"":""rs-19-p3-n849l"",""cpu_m"":617,""mem_b"":242254839,""priority"":""3"",""node"":""kwok-node-8""},{""name"":""rs-19-p3-rmvhp"",""cpu_m"":617,""mem_b"":242254839,""priority"":""3"",""node"":""kwok-node-7""},{""name"":""rs-20-p4-c8jws"",""cpu_m"":380,""mem_b"":413565575,""priority"":""4"",""node"":""kwok-node-5""},{""name"":""rs-20-p4-p68wt"",""cpu_m"":380,""mem_b"":413565575,""priority"":""4"",""node"":""kwok-node-11""},{""name"":""rs-20-p4-pl82s"",""cpu_m"":380,""mem_b"":413565575,""priority"":""4"",""node"":""kwok-node-21""},{""name"":""rs-21-p2-6t6np"",""cpu_m"":194,""mem_b"":111958667,""priority"":""2"",""node"":""kwok-node-5""},{""name"":""rs-21-p2-fcv9c"",""cpu_m"":194,""mem_b"":111958667,""priority"":""2"",""node"":""kwok-node-2""},{""name"":""rs-21-p2-w9mkx"",""cpu_m"":194,""mem_b"":111958667,""priority"":""2"",""node"":""kwok-node-3""},{""name"":""rs-22-p1-4slzt"",""cpu_m"":642,""mem_b"":330238623,""priority"":""1"",""node"":""kwok-node-15""},{""name"":""rs-22-p1-q9w9w"",""cpu_m"":642,""mem_b"":330238623,""priority"":""1"",""node"":""kwok-node-18""},{""name"":""rs-22-p1-vhqwt"",""cpu_m"":642,""mem_b"":330238623,""priority"":""1"",""node"":""kwok-node-8""},{""name"":""rs-22-p1-x5b2q"",""cpu_m"":642,""mem_b"":330238623,""priority"":""1"",""node"":""kwok-node-32""},{""name"":""rs-23-p4-glxdm"",""cpu_m"":383,""mem_b"":480711174,""priority"":""4"",""node"":""kwok-node-23""},{""name"":""rs-24-p2-br6wc"",""cpu_m"":201,""mem_b"":899478769,""priority"":""2"",""node"":""kwok-node-4""},{""name"":""rs-24-p2-j88rw"",""cpu_m"":201,""mem_b"":899478769,""priority"":""2"",""node"":""kwok-node-26""},{""name"":""rs-24-p2-lr4ld"",""cpu_m"":201,""mem_b"":899478769,""priority"":""2"",""node"":""kwok-node-27""},{""name"":""rs-24-p2-wl87s"",""cpu_m"":201,""mem_b"":899478769,""priority"":""2"",""node"":""kwok-node-25""},{""name"":""rs-25-p1-lspmd"",""cpu_m"":295,""mem_b"":795053157,""priority"":""1"",""node"":""kwok-node-6""},{""name"":""rs-25-p1-pphz4"",""cpu_m"":295,""mem_b"":795053157,""priority"":""1"",""node"":""kwok-node-15""},{""name"":""rs-26-p1-rpf58"",""cpu_m"":712,""mem_b"":825178097,""priority"":""1"",""node"":""kwok-node-7""},{""name"":""rs-27-p2-c57kn"",""cpu_m"":429,""mem_b"":708493522,""priority"":""2"",""node"":""kwok-node-31""},{""name"":""rs-27-p2-r7bb8"",""cpu_m"":429,""mem_b"":708493522,""priority"":""2"",""node"":""kwok-node-14""},{""name"":""rs-28-p1-6wmdp"",""cpu_m"":166,""mem_b"":580510318,""priority"":""1"",""node"":""kwok-node-5""},{""name"":""rs-29-p4-m7z8r"",""cpu_m"":314,""mem_b"":133199884,""priority"":""4"",""node"":""kwok-node-11""},{""name"":""rs-30-p2-hwqmd"",""cpu_m"":689,""mem_b"":518482809,""priority"":""2"",""node"":""kwok-node-5""},{""name"":""rs-30-p2-w8zqs"",""cpu_m"":689,""mem_b"":518482809,""priority"":""2"",""node"":""kwok-node-24""},{""name"":""rs-30-p2-zl6qv"",""cpu_m"":689,""mem_b"":518482809,""priority"":""2"",""node"":""kwok-node-30""},{""name"":""rs-30-p2-zxq2q"",""cpu_m"":689,""mem_b"":518482809,""priority"":""2"",""node"":""kwok-node-12""},{""name"":""rs-31-p1-fhprc"",""cpu_m"":384,""mem_b"":837805409,""priority"":""1"",""node"":""kwok-node-8""},{""name"":""rs-31-p1-qxdlk"",""cpu_m"":384,""mem_b"":837805409,""priority"":""1"",""node"":""kwok-node-10""},{""name"":""rs-32-p1-6mwnn"",""cpu_m"":142,""mem_b"":522765431,""priority"":""1"",""node"":""kwok-node-29""},{""name"":""rs-32-p1-dhd5m"",""cpu_m"":142,""mem_b"":522765431,""priority"":""1"",""node"":""kwok-node-7""},{""name"":""rs-33-p1-kzj77"",""cpu_m"":547,""mem_b"":815451674,""priority"":""1"",""node"":""kwok-node-19""},{""name"":""rs-34-p4-l7fr9"",""cpu_m"":889,""mem_b"":200746905,""priority"":""4"",""node"":""kwok-node-29""},{""name"":""rs-35-p4-7hdxg"",""cpu_m"":703,""mem_b"":909078677,""priority"":""4"",""node"":""kwok-node-16""},{""name"":""rs-35-p4-hnx8k"",""cpu_m"":703,""mem_b"":909078677,""priority"":""4"",""node"":""kwok-node-11""},{""name"":""rs-35-p4-p7vvc"",""cpu_m"":703,""mem_b"":909078677,""priority"":""4"",""node"":""kwok-node-3""},{""name"":""rs-36-p3-nzmk8"",""cpu_m"":327,""mem_b"":525538349,""priority"":""3"",""node"":""kwok-node-2""},{""name"":""rs-36-p3-pgtwg"",""cpu_m"":327,""mem_b"":525538349,""priority"":""3"",""node"":""kwok-node-13""},{""name"":""rs-36-p3-s44d4"",""cpu_m"":327,""mem_b"":525538349,""priority"":""3"",""node"":""kwok-node-9""},{""name"":""rs-36-p3-xgv4w"",""cpu_m"":327,""mem_b"":525538349,""priority"":""3"",""node"":""kwok-node-28""},{""name"":""rs-37-p1-6cpdg"",""cpu_m"":941,""mem_b"":835715665,""priority"":""1"",""node"":""kwok-node-2""},{""name"":""rs-37-p1-qjnfg"",""cpu_m"":941,""mem_b"":835715665,""priority"":""1"",""node"":""""},{""name"":""rs-37-p1-t9g7m"",""cpu_m"":941,""mem_b"":835715665,""priority"":""1"",""node"":""""},{""name"":""rs-37-p1-twpgg"",""cpu_m"":941,""mem_b"":835715665,""priority"":""1"",""node"":""""},{""name"":""rs-38-p1-2hbvt"",""cpu_m"":107,""mem_b"":102703115,""priority"":""1"",""node"":""kwok-node-10""},{""name"":""rs-38-p1-cwccd"",""cpu_m"":107,""mem_b"":102703115,""priority"":""1"",""node"":""kwok-node-14""},{""name"":""rs-38-p1-mr57j"",""cpu_m"":107,""mem_b"":102703115,""priority"":""1"",""node"":""kwok-node-3""},{""name"":""rs-38-p1-qxwtx"",""cpu_m"":107,""mem_b"":102703115,""priority"":""1"",""node"":""kwok-node-17""},{""name"":""rs-39-p2-6wds5"",""cpu_m"":639,""mem_b"":411644681,""priority"":""2"",""node"":""kwok-node-25""},{""name"":""rs-39-p2-f4gk9"",""cpu_m"":639,""mem_b"":411644681,""priority"":""2"",""node"":""kwok-node-26""},{""name"":""rs-40-p4-qs5ts"",""cpu_m"":353,""mem_b"":837794887,""priority"":""4"",""node"":""kwok-node-31""},{""name"":""rs-41-p4-7jbrn"",""cpu_m"":849,""mem_b"":656869741,""priority"":""4"",""node"":""kwok-node-4""},{""name"":""rs-41-p4-7vjmg"",""cpu_m"":849,""mem_b"":656869741,""priority"":""4"",""node"":""kwok-node-27""},{""name"":""rs-42-p1-8t9vq"",""cpu_m"":408,""mem_b"":924891072,""priority"":""1"",""node"":""kwok-node-20""},{""name"":""rs-42-p1-f625l"",""cpu_m"":408,""mem_b"":924891072,""priority"":""1"",""node"":""kwok-node-15""},{""name"":""rs-42-p1-fxq9k"",""cpu_m"":408,""mem_b"":924891072,""priority"":""1"",""node"":""""},{""name"":""rs-43-p4-58x84"",""cpu_m"":425,""mem_b"":846480171,""priority"":""4"",""node"":""kwok-node-23""},{""name"":""rs-44-p4-2xjtg"",""cpu_m"":762,""mem_b"":890414129,""priority"":""4"",""node"":""kwok-node-25""},{""name"":""rs-44-p4-5kklc"",""cpu_m"":762,""mem_b"":890414129,""priority"":""4"",""node"":""kwok-node-21""},{""name"":""rs-44-p4-fpvjm"",""cpu_m"":762,""mem_b"":890414129,""priority"":""4"",""node"":""kwok-node-28""},{""name"":""rs-45-p3-fblql"",""cpu_m"":555,""mem_b"":876023177,""priority"":""3"",""node"":""kwok-node-9""},{""name"":""rs-46-p1-6rd4c"",""cpu_m"":467,""mem_b"":583615849,""priority"":""1"",""node"":""""},{""name"":""rs-46-p1-74g5m"",""cpu_m"":467,""mem_b"":583615849,""priority"":""1"",""node"":""""},{""name"":""rs-47-p3-mgrqs"",""cpu_m"":234,""mem_b"":720433274,""priority"":""3"",""node"":""kwok-node-12""},{""name"":""rs-47-p3-t898g"",""cpu_m"":234,""mem_b"":720433274,""priority"":""3"",""node"":""kwok-node-18""},{""name"":""rs-48-p3-kpjfj"",""cpu_m"":722,""mem_b"":790173726,""priority"":""3"",""node"":""kwok-node-32""},{""name"":""rs-48-p3-p4h4k"",""cpu_m"":722,""mem_b"":790173726,""priority"":""3"",""node"":""kwok-node-6""},{""name"":""rs-49-p1-qf4vq"",""cpu_m"":546,""mem_b"":847200202,""priority"":""1"",""node"":""kwok-node-17""},{""name"":""rs-49-p1-td29c"",""cpu_m"":546,""mem_b"":847200202,""priority"":""1"",""node"":""kwok-node-1""},{""name"":""rs-49-p1-vkfkr"",""cpu_m"":546,""mem_b"":847200202,""priority"":""1"",""node"":""kwok-node-13""},{""name"":""rs-50-p1-pbkvf"",""cpu_m"":847,""mem_b"":524130501,""priority"":""1"",""node"":""kwok-node-19""},{""name"":""rs-50-p1-qqzg5"",""cpu_m"":847,""mem_b"":524130501,""priority"":""1"",""node"":""kwok-node-22""},{""name"":""rs-50-p1-swsqd"",""cpu_m"":847,""mem_b"":524130501,""priority"":""1"",""node"":""kwok-node-1""},{""name"":""rs-51-p1-2482p"",""cpu_m"":757,""mem_b"":959295670,""priority"":""1"",""node"":""""},{""name"":""rs-51-p1-c6lq6"",""cpu_m"":757,""mem_b"":959295670,""priority"":""1"",""node"":""""},{""name"":""rs-51-p1-gj2nz"",""cpu_m"":757,""mem_b"":959295670,""priority"":""1"",""node"":""""},{""name"":""rs-51-p1-jpg6r"",""cpu_m"":757,""mem_b"":959295670,""priority"":""1"",""node"":""""}]","[{""name"":""rs-01-p1-hxjxr"",""cpu_m"":314,""mem_b"":681437740,""priority"":""1"",""node"":""kwok-node-14""},{""name"":""rs-01-p1-ks7h7"",""cpu_m"":314,""mem_b"":681437740,""priority"":""1"",""node"":""kwok-node-16""},{""name"":""rs-01-p1-t7zdx"",""cpu_m"":314,""mem_b"":681437740,""priority"":""1"",""node"":""kwok-node-15""},{""name"":""rs-02-p2-5j5c6"",""cpu_m"":171,""mem_b"":476350288,""priority"":""2"",""node"":""kwok-node-13""},{""name"":""rs-02-p2-9bgrp"",""cpu_m"":171,""mem_b"":476350288,""priority"":""2"",""node"":""kwok-node-10""},{""name"":""rs-02-p2-j5t8x"",""cpu_m"":171,""mem_b"":476350288,""priority"":""2"",""node"":""kwok-node-17""},{""name"":""rs-03-p2-l5zf7"",""cpu_m"":488,""mem_b"":782444246,""priority"":""2"",""node"":""kwok-node-11""},{""name"":""rs-03-p2-q5bnz"",""cpu_m"":488,""mem_b"":782444246,""priority"":""2"",""node"":""kwok-node-2""},{""name"":""rs-03-p2-rnz5z"",""cpu_m"":488,""mem_b"":782444246,""priority"":""2"",""node"":""kwok-node-21""},{""name"":""rs-04-p2-2rw7p"",""cpu_m"":601,""mem_b"":632190797,""priority"":""2"",""node"":""kwok-node-19""},{""name"":""rs-04-p2-6vpzj"",""cpu_m"":601,""mem_b"":632190797,""priority"":""2"",""node"":""kwok-node-1""},{""name"":""rs-04-p2-qnknd"",""cpu_m"":601,""mem_b"":632190797,""priority"":""2"",""node"":""kwok-node-18""},{""name"":""rs-04-p2-wnfqv"",""cpu_m"":601,""mem_b"":632190797,""priority"":""2"",""node"":""kwok-node-20""},{""name"":""rs-05-p4-rhs55"",""cpu_m"":909,""mem_b"":697403195,""priority"":""4"",""node"":""kwok-node-22""},{""name"":""rs-06-p2-8b2qv"",""cpu_m"":260,""mem_b"":759511108,""priority"":""2"",""node"":""kwok-node-12""},{""name"":""rs-06-p2-ms8w8"",""cpu_m"":260,""mem_b"":759511108,""priority"":""2"",""node"":""kwok-node-23""},{""name"":""rs-07-p1-5kcg8"",""cpu_m"":928,""mem_b"":551220148,""priority"":""1"",""node"":""kwok-node-27""},{""name"":""rs-07-p1-clckv"",""cpu_m"":928,""mem_b"":551220148,""priority"":""1"",""node"":""kwok-node-25""},{""name"":""rs-07-p1-v4cqb"",""cpu_m"":928,""mem_b"":551220148,""priority"":""1"",""node"":""kwok-node-26""},{""name"":""rs-08-p3-7lkm9"",""cpu_m"":260,""mem_b"":709825430,""priority"":""3"",""node"":""kwok-node-3""},{""name"":""rs-08-p3-8c6m8"",""cpu_m"":260,""mem_b"":709825430,""priority"":""3"",""node"":""kwok-node-30""},{""name"":""rs-08-p3-nkg4k"",""cpu_m"":260,""mem_b"":709825430,""priority"":""3"",""node"":""kwok-node-24""},{""name"":""rs-08-p3-tbltq"",""cpu_m"":260,""mem_b"":709825430,""priority"":""3"",""node"":""kwok-node-29""},{""name"":""rs-09-p4-6t8kb"",""cpu_m"":830,""mem_b"":370782437,""priority"":""4"",""node"":""kwok-node-10""},{""name"":""rs-09-p4-jp4pq"",""cpu_m"":830,""mem_b"":370782437,""priority"":""4"",""node"":""kwok-node-13""},{""name"":""rs-09-p4-z4m5k"",""cpu_m"":830,""mem_b"":370782437,""priority"":""4"",""node"":""kwok-node-17""},{""name"":""rs-09-p4-zzl5h"",""cpu_m"":830,""mem_b"":370782437,""priority"":""4"",""node"":""kwok-node-28""},{""name"":""rs-10-p2-rvzmh"",""cpu_m"":791,""mem_b"":645995586,""priority"":""2"",""node"":""kwok-node-16""},{""name"":""rs-11-p1-gk6vt"",""cpu_m"":642,""mem_b"":945681800,""priority"":""1"",""node"":""kwok-node-20""},{""name"":""rs-11-p1-t2hg9"",""cpu_m"":642,""mem_b"":945681800,""priority"":""1"",""node"":""kwok-node-19""},{""name"":""rs-11-p1-xh5rk"",""cpu_m"":642,""mem_b"":945681800,""priority"":""1"",""node"":""kwok-node-1""},{""name"":""rs-12-p4-8nmv2"",""cpu_m"":385,""mem_b"":661380706,""priority"":""4"",""node"":""kwok-node-7""},{""name"":""rs-12-p4-mzp4p"",""cpu_m"":385,""mem_b"":661380706,""priority"":""4"",""node"":""kwok-node-32""},{""name"":""rs-12-p4-n7mff"",""cpu_m"":385,""mem_b"":661380706,""priority"":""4"",""node"":""kwok-node-8""},{""name"":""rs-12-p4-r99l5"",""cpu_m"":385,""mem_b"":661380706,""priority"":""4"",""node"":""kwok-node-5""},{""name"":""rs-13-p3-hh8fm"",""cpu_m"":964,""mem_b"":610643719,""priority"":""3"",""node"":""kwok-node-31""},{""name"":""rs-13-p3-qkd7k"",""cpu_m"":964,""mem_b"":610643719,""priority"":""3"",""node"":""kwok-node-6""},{""name"":""rs-13-p3-xr7jc"",""cpu_m"":964,""mem_b"":610643719,""priority"":""3"",""node"":""kwok-node-4""},{""name"":""rs-13-p3-zrwzl"",""cpu_m"":964,""mem_b"":610643719,""priority"":""3"",""node"":""kwok-node-9""},{""name"":""rs-14-p4-cbfb4"",""cpu_m"":706,""mem_b"":322874647,""priority"":""4"",""node"":""kwok-node-24""},{""name"":""rs-14-p4-f6mkp"",""cpu_m"":706,""mem_b"":322874647,""priority"":""4"",""node"":""kwok-node-29""},{""name"":""rs-14-p4-mf8vv"",""cpu_m"":706,""mem_b"":322874647,""priority"":""4"",""node"":""kwok-node-30""},{""name"":""rs-15-p1-9ktb8"",""cpu_m"":247,""mem_b"":996085266,""priority"":""1"",""node"":""kwok-node-28""},{""name"":""rs-16-p4-fdmdl"",""cpu_m"":573,""mem_b"":266466035,""priority"":""4"",""node"":""kwok-node-3""},{""name"":""rs-17-p2-f6fvf"",""cpu_m"":676,""mem_b"":167714169,""priority"":""2"",""node"":""kwok-node-15""},{""name"":""rs-17-p2-fqmlf"",""cpu_m"":676,""mem_b"":167714169,""priority"":""2"",""node"":""kwok-node-12""},{""name"":""rs-17-p2-xfhp7"",""cpu_m"":676,""mem_b"":167714169,""priority"":""2"",""node"":""kwok-node-14""},{""name"":""rs-17-p2-xj6vv"",""cpu_m"":676,""mem_b"":167714169,""priority"":""2"",""node"":""kwok-node-23""},{""name"":""rs-18-p2-dwphw"",""cpu_m"":250,""mem_b"":459921145,""priority"":""2"",""node"":""kwok-node-18""},{""name"":""rs-18-p2-nnkdq"",""cpu_m"":250,""mem_b"":459921145,""priority"":""2"",""node"":""kwok-node-32""},{""name"":""rs-19-p3-n849l"",""cpu_m"":617,""mem_b"":242254839,""priority"":""3"",""node"":""kwok-node-8""},{""name"":""rs-19-p3-rmvhp"",""cpu_m"":617,""mem_b"":242254839,""priority"":""3"",""node"":""kwok-node-7""},{""name"":""rs-20-p4-c8jws"",""cpu_m"":380,""mem_b"":413565575,""priority"":""4"",""node"":""kwok-node-5""},{""name"":""rs-20-p4-p68wt"",""cpu_m"":380,""mem_b"":413565575,""priority"":""4"",""node"":""kwok-node-11""},{""name"":""rs-20-p4-pl82s"",""cpu_m"":380,""mem_b"":413565575,""priority"":""4"",""node"":""kwok-node-21""},{""name"":""rs-21-p2-6t6np"",""cpu_m"":194,""mem_b"":111958667,""priority"":""2"",""node"":""kwok-node-5""},{""name"":""rs-21-p2-fcv9c"",""cpu_m"":194,""mem_b"":111958667,""priority"":""2"",""node"":""kwok-node-2""},{""name"":""rs-21-p2-w9mkx"",""cpu_m"":194,""mem_b"":111958667,""priority"":""2"",""node"":""kwok-node-3""},{""name"":""rs-22-p1-f8tmz"",""cpu_m"":642,""mem_b"":330238623,""priority"":""1"",""node"":""kwok-node-2""},{""name"":""rs-22-p1-l2d7m"",""cpu_m"":642,""mem_b"":330238623,""priority"":""1"",""node"":""kwok-node-21""},{""name"":""rs-22-p1-q9w9w"",""cpu_m"":642,""mem_b"":330238623,""priority"":""1"",""node"":""kwok-node-18""},{""name"":""rs-22-p1-x5b2q"",""cpu_m"":642,""mem_b"":330238623,""priority"":""1"",""node"":""kwok-node-32""},{""name"":""rs-23-p4-glxdm"",""cpu_m"":383,""mem_b"":480711174,""priority"":""4"",""node"":""kwok-node-23""},{""name"":""rs-24-p2-br6wc"",""cpu_m"":201,""mem_b"":899478769,""priority"":""2"",""node"":""kwok-node-4""},{""name"":""rs-24-p2-j88rw"",""cpu_m"":201,""mem_b"":899478769,""priority"":""2"",""node"":""kwok-node-26""},{""name"":""rs-24-p2-lr4ld"",""cpu_m"":201,""mem_b"":899478769,""priority"":""2"",""node"":""kwok-node-27""},{""name"":""rs-24-p2-wl87s"",""cpu_m"":201,""mem_b"":899478769,""priority"":""2"",""node"":""kwok-node-25""},{""name"":""rs-25-p1-lspmd"",""cpu_m"":295,""mem_b"":795053157,""priority"":""1"",""node"":""kwok-node-6""},{""name"":""rs-25-p1-tfn6z"",""cpu_m"":295,""mem_b"":795053157,""priority"":""1"",""node"":""kwok-node-9""},{""name"":""rs-26-p1-qtqnj"",""cpu_m"":712,""mem_b"":825178097,""priority"":""1"",""node"":""kwok-node-22""},{""name"":""rs-27-p2-c57kn"",""cpu_m"":429,""mem_b"":708493522,""priority"":""2"",""node"":""kwok-node-31""},{""name"":""rs-27-p2-r7bb8"",""cpu_m"":429,""mem_b"":708493522,""priority"":""2"",""node"":""kwok-node-14""},{""name"":""rs-28-p1-tq68l"",""cpu_m"":166,""mem_b"":580510318,""priority"":""1"",""node"":""kwok-node-17""},{""name"":""rs-29-p4-m7z8r"",""cpu_m"":314,""mem_b"":133199884,""priority"":""4"",""node"":""kwok-node-11""},{""name"":""rs-30-p2-hwqmd"",""cpu_m"":689,""mem_b"":518482809,""priority"":""2"",""node"":""kwok-node-5""},{""name"":""rs-30-p2-w8zqs"",""cpu_m"":689,""mem_b"":518482809,""priority"":""2"",""node"":""kwok-node-24""},{""name"":""rs-30-p2-zl6qv"",""cpu_m"":689,""mem_b"":518482809,""priority"":""2"",""node"":""kwok-node-30""},{""name"":""rs-30-p2-zxq2q"",""cpu_m"":689,""mem_b"":518482809,""priority"":""2"",""node"":""kwok-node-12""},{""name"":""rs-31-p1-kd6hq"",""cpu_m"":384,""mem_b"":837805409,""priority"":""1"",""node"":""kwok-node-15""},{""name"":""rs-31-p1-qxdlk"",""cpu_m"":384,""mem_b"":837805409,""priority"":""1"",""node"":""kwok-node-10""},{""name"":""rs-32-p1-564vk"",""cpu_m"":142,""mem_b"":522765431,""priority"":""1"",""node"":""kwok-node-13""},{""name"":""rs-32-p1-dhd5m"",""cpu_m"":142,""mem_b"":522765431,""priority"":""1"",""node"":""kwok-node-7""},{""name"":""rs-33-p1-vvj9l"",""cpu_m"":547,""mem_b"":815451674,""priority"":""1"",""node"":""kwok-node-8""},{""name"":""rs-34-p4-l7fr9"",""cpu_m"":889,""mem_b"":200746905,""priority"":""4"",""node"":""kwok-node-29""},{""name"":""rs-35-p4-7hdxg"",""cpu_m"":703,""mem_b"":909078677,""priority"":""4"",""node"":""kwok-node-16""},{""name"":""rs-35-p4-hnx8k"",""cpu_m"":703,""mem_b"":909078677,""priority"":""4"",""node"":""kwok-node-11""},{""name"":""rs-35-p4-p7vvc"",""cpu_m"":703,""mem_b"":909078677,""priority"":""4"",""node"":""kwok-node-3""},{""name"":""rs-36-p3-nzmk8"",""cpu_m"":327,""mem_b"":525538349,""priority"":""3"",""node"":""kwok-node-2""},{""name"":""rs-36-p3-pgtwg"",""cpu_m"":327,""mem_b"":525538349,""priority"":""3"",""node"":""kwok-node-13""},{""name"":""rs-36-p3-s44d4"",""cpu_m"":327,""mem_b"":525538349,""priority"":""3"",""node"":""kwok-node-9""},{""name"":""rs-36-p3-xgv4w"",""cpu_m"":327,""mem_b"":525538349,""priority"":""3"",""node"":""kwok-node-28""},{""name"":""rs-37-p1-6cpdg"",""cpu_m"":941,""mem_b"":835715665,""priority"":""1"",""node"":""""},{""name"":""rs-37-p1-qjnfg"",""cpu_m"":941,""mem_b"":835715665,""priority"":""1"",""node"":""""},{""name"":""rs-37-p1-t9g7m"",""cpu_m"":941,""mem_b"":835715665,""priority"":""1"",""node"":""""},{""name"":""rs-37-p1-twpgg"",""cpu_m"":941,""mem_b"":835715665,""priority"":""1"",""node"":""""},{""name"":""rs-38-p1-5l2d2"",""cpu_m"":107,""mem_b"":102703115,""priority"":""1"",""node"":""kwok-node-6""},{""name"":""rs-38-p1-9bdk7"",""cpu_m"":107,""mem_b"":102703115,""priority"":""1"",""node"":""kwok-node-27""},{""name"":""rs-38-p1-p8sbc"",""cpu_m"":107,""mem_b"":102703115,""priority"":""1"",""node"":""kwok-node-17""},{""name"":""rs-38-p1-r47hw"",""cpu_m"":107,""mem_b"":102703115,""priority"":""1"",""node"":""kwok-node-7""},{""name"":""rs-39-p2-6wds5"",""cpu_m"":639,""mem_b"":411644681,""priority"":""2"",""node"":""kwok-node-25""},{""name"":""rs-39-p2-f4gk9"",""cpu_m"":639,""mem_b"":411644681,""priority"":""2"",""node"":""kwok-node-26""},{""name"":""rs-40-p4-qs5ts"",""cpu_m"":353,""mem_b"":837794887,""priority"":""4"",""node"":""kwok-node-31""},{""name"":""rs-41-p4-7jbrn"",""cpu_m"":849,""mem_b"":656869741,""priority"":""4"",""node"":""kwok-node-4""},{""name"":""rs-41-p4-7vjmg"",""cpu_m"":849,""mem_b"":656869741,""priority"":""4"",""node"":""""},{""name"":""rs-42-p1-8t9vq"",""cpu_m"":408,""mem_b"":924891072,""priority"":""1"",""node"":""""},{""name"":""rs-42-p1-f625l"",""cpu_m"":408,""mem_b"":924891072,""priority"":""1"",""node"":""""},{""name"":""rs-42-p1-fxq9k"",""cpu_m"":408,""mem_b"":924891072,""priority"":""1"",""node"":""""},{""name"":""rs-43-p4-58x84"",""cpu_m"":425,""mem_b"":846480171,""priority"":""4"",""node"":""kwok-node-23""},{""name"":""rs-44-p4-2xjtg"",""cpu_m"":762,""mem_b"":890414129,""priority"":""4"",""node"":""""},{""name"":""rs-44-p4-5kklc"",""cpu_m"":762,""mem_b"":890414129,""priority"":""4"",""node"":""""},{""name"":""rs-44-p4-fpvjm"",""cpu_m"":762,""mem_b"":890414129,""priority"":""4"",""node"":""""},{""name"":""rs-45-p3-fblql"",""cpu_m"":555,""mem_b"":876023177,""priority"":""3"",""node"":""""},{""name"":""rs-46-p1-fsdgc"",""cpu_m"":467,""mem_b"":583615849,""priority"":""1"",""node"":""kwok-node-32""},{""name"":""rs-46-p1-zttnr"",""cpu_m"":467,""mem_b"":583615849,""priority"":""1"",""node"":""kwok-node-6""},{""name"":""rs-47-p3-mgrqs"",""cpu_m"":234,""mem_b"":720433274,""priority"":""3"",""node"":""kwok-node-12""},{""name"":""rs-47-p3-t898g"",""cpu_m"":234,""mem_b"":720433274,""priority"":""3"",""node"":""kwok-node-18""},{""name"":""rs-48-p3-kpjfj"",""cpu_m"":722,""mem_b"":790173726,""priority"":""3"",""node"":""""},{""name"":""rs-48-p3-p4h4k"",""cpu_m"":722,""mem_b"":790173726,""priority"":""3"",""node"":""""},{""name"":""rs-49-p1-qf4vq"",""cpu_m"":546,""mem_b"":847200202,""priority"":""1"",""node"":""""},{""name"":""rs-49-p1-td29c"",""cpu_m"":546,""mem_b"":847200202,""priority"":""1"",""node"":""""},{""name"":""rs-49-p1-vkfkr"",""cpu_m"":546,""mem_b"":847200202,""priority"":""1"",""node"":""""},{""name"":""rs-50-p1-pbkvf"",""cpu_m"":847,""mem_b"":524130501,""priority"":""1"",""node"":""""},{""name"":""rs-50-p1-qqzg5"",""cpu_m"":847,""mem_b"":524130501,""priority"":""1"",""node"":""""},{""name"":""rs-50-p1-swsqd"",""cpu_m"":847,""mem_b"":524130501,""priority"":""1"",""node"":""""},{""name"":""rs-51-p1-2482p"",""cpu_m"":757,""mem_b"":959295670,""priority"":""1"",""node"":""""},{""name"":""rs-51-p1-c6lq6"",""cpu_m"":757,""mem_b"":959295670,""priority"":""1"",""node"":""""},{""name"":""rs-51-p1-gj2nz"",""cpu_m"":757,""mem_b"":959295670,""priority"":""1"",""node"":""""},{""name"":""rs-51-p1-jpg6r"",""cpu_m"":757,""mem_b"":959295670,""priority"":""1"",""node"":""""}]","[{""name"":""kwok-node-1"",""cap_cpu_m"":2031,""cap_mem_bytes"":2310084353},{""name"":""kwok-node-2"",""cap_cpu_m"":2031,""cap_mem_bytes"":2310084353},{""name"":""kwok-node-3"",""cap_cpu_m"":2031,""cap_mem_bytes"":2310084353},{""name"":""kwok-node-4"",""cap_cpu_m"":2031,""cap_mem_bytes"":2310084353},{""name"":""kwok-node-5"",""cap_cpu_m"":2031,""cap_mem_bytes"":2310084353},{""name"":""kwok-node-6"",""cap_cpu_m"":2031,""cap_mem_bytes"":2310084353},{""name"":""kwok-node-7"",""cap_cpu_m"":2031,""cap_mem_bytes"":2310084353},{""name"":""kwok-node-8"",""cap_cpu_m"":2031,""cap_mem_bytes"":2310084353},{""name"":""kwok-node-9"",""cap_cpu_m"":2031,""cap_mem_bytes"":2310084353},{""name"":""kwok-node-10"",""cap_cpu_m"":2031,""cap_mem_bytes"":2310084353},{""name"":""kwok-node-11"",""cap_cpu_m"":2031,""cap_mem_bytes"":2310084353},{""name"":""kwok-node-12"",""cap_cpu_m"":2031,""cap_mem_bytes"":2310084353},{""name"":""kwok-node-13"",""cap_cpu_m"":2031,""cap_mem_bytes"":2310084353},{""name"":""kwok-node-14"",""cap_cpu_m"":2031,""cap_mem_bytes"":2310084353},{""name"":""kwok-node-15"",""cap_cpu_m"":2031,""cap_mem_bytes"":2310084353},{""name"":""kwok-node-16"",""cap_cpu_m"":2031,""cap_mem_bytes"":2310084353},{""name"":""kwok-node-17"",""cap_cpu_m"":2031,""cap_mem_bytes"":2310084353},{""name"":""kwok-node-18"",""cap_cpu_m"":2031,""cap_mem_bytes"":2310084353},{""name"":""kwok-node-19"",""cap_cpu_m"":2031,""cap_mem_bytes"":2310084353},{""name"":""kwok-node-20"",""cap_cpu_m"":2031,""cap_mem_bytes"":2310084353},{""name"":""kwok-node-21"",""cap_cpu_m"":2031,""cap_mem_bytes"":2310084353},{""name"":""kwok-node-22"",""cap_cpu_m"":2031,""cap_mem_bytes"":2310084353},{""name"":""kwok-node-23"",""cap_cpu_m"":2031,""cap_mem_bytes"":2310084353},{""name"":""kwok-node-24"",""cap_cpu_m"":2031,""cap_mem_bytes"":2310084353},{""name"":""kwok-node-25"",""cap_cpu_m"":2031,""cap_mem_bytes"":2310084353},{""name"":""kwok-node-26"",""cap_cpu_m"":2031,""cap_mem_bytes"":2310084353},{""name"":""kwok-node-27"",""cap_cpu_m"":2031,""cap_mem_bytes"":2310084353},{""name"":""kwok-node-28"",""cap_cpu_m"":2031,""cap_mem_bytes"":2310084353},{""name"":""kwok-node-29"",""cap_cpu_m"":2031,""cap_mem_bytes"":2310084353},{""name"":""kwok-node-30"",""cap_cpu_m"":2031,""cap_mem_bytes"":2310084353},{""name"":""kwok-node-31"",""cap_cpu_m"":2031,""cap_mem_bytes"":2310084353},{""name"":""kwok-node-32"",""cap_cpu_m"":2031,""cap_mem_bytes"":2310084353}]"
2026/02/11/11:43:55,5221797255719614626,no improving solution from any solver,"{""evicted"":0,""moved"":0,""placed_by_priority"":{""1"":26,""2"":30,""3"":35,""4"":13}}",,,,,"[{""duration_ms"":978,""name"":""python"",""score"":{""evicted"":0,""moved"":0,""placed_by_priority"":null},""status"":""FAILED""}]",0.765,0.765,0.834,0.834,47839,47839,56717910686,56717910686,104,104,24,24,"{""kwok-node-1"":4,""kwok-node-10"":3,""kwok-node-11"":4,""kwok-node-12"":3,""kwok-node-13"":4,""kwok-node-14"":3,""kwok-node-15"":4,""kwok-node-16"":4,""kwok-node-17"":4,""kwok-node-18"":3,""kwok-node-19"":3,""kwok-node-2"":3,""kwok-node-20"":3,""kwok-node-21"":3,""kwok-node-22"":3,""kwok-node-23"":3,""kwok-node-24"":4,""kwok-node-25"":3,""kwok-node-26"":4,""kwok-node-27"":3,""kwok-node-28"":3,""kwok-node-29"":3,""kwok-node-3"":3,""kwok-node-30"":3,""kwok-node-31"":3,""kwok-node-32"":3,""kwok-node-4"":3,""kwok-node-5"":3,""kwok-node-6"":2,""kwok-node-7"":3,""kwok-node-8"":3,""kwok-node-9"":4}","{""kwok-node-1"":4,""kwok-node-10"":3,""kwok-node-11"":4,""kwok-node-12"":3,""kwok-node-13"":4,""kwok-node-14"":3,""kwok-node-15"":4,""kwok-node-16"":4,""kwok-node-17"":4,""kwok-node-18"":3,""kwok-node-19"":3,""kwok-node-2"":3,""kwok-node-20"":3,""kwok-node-21"":3,""kwok-node-22"":3,""kwok-node-23"":3,""kwok-node-24"":4,""kwok-node-25"":3,""kwok-node-26"":4,""kwok-node-27"":3,""kwok-node-28"":3,""kwok-node-29"":3,""kwok-node-3"":3,""kwok-node-30"":3,""kwok-node-31"":3,""kwok-node-32"":3,""kwok-node-4"":3,""kwok-node-5"":3,""kwok-node-6"":2,""kwok-node-7"":3,""kwok-node-8"":3,""kwok-node-9"":4}","{""p1"":26,""p2"":30,""p3"":35,""p4"":13}","{""p1"":26,""p2"":30,""p3"":35,""p4"":13}","{""p1"":1,""p2"":10,""p3"":11,""p4"":2}","{""p1"":1,""p2"":10,""p3"":11,""p4"":2}","{rs-30-p3-hq48w,rs-30-p3-qgx8s,rs-30-p3-wlpzn,rs-35-p1-w76hb,rs-40-p3-qw5wl,rs-44-p2-cp5bm,rs-44-p2-n2zzs,rs-45-p2-9nmjq,rs-45-p2-q2t4n,rs-45-p2-rnpgb,rs-45-p2-zb658,rs-47-p3-6wgdc,rs-47-p3-kr8hp,rs-47-p3-q8xdx,rs-47-p3-vkzg4,rs-48-p3-hfwc2,rs-48-p3-jf8jg,rs-48-p3-x2xkv,rs-49-p2-frhvb,rs-49-p2-ghzbd,rs-49-p2-tjjf8,rs-49-p2-vftm8,rs-50-p4-hl5w6,rs-50-p4-l8659}","{rs-30-p3-hq48w,rs-30-p3-qgx8s,rs-30-p3-wlpzn,rs-35-p1-w76hb,rs-40-p3-qw5wl,rs-44-p2-cp5bm,rs-44-p2-n2zzs,rs-45-p2-9nmjq,rs-45-p2-q2t4n,rs-45-p2-rnpgb,rs-45-p2-zb658,rs-47-p3-6wgdc,rs-47-p3-kr8hp,rs-47-p3-q8xdx,rs-47-p3-vkzg4,rs-48-p3-hfwc2,rs-48-p3-jf8jg,rs-48-p3-x2xkv,rs-49-p2-frhvb,rs-49-p2-ghzbd,rs-49-p2-tjjf8,rs-49-p2-vftm8,rs-50-p4-hl5w6,rs-50-p4-l8659}","{rs-01-p2-k4rj8,rs-02-p3-fxfcg,rs-02-p3-qgbtx,rs-02-p3-r8225,rs-02-p3-v7rqp,rs-03-p4-2dfbm,rs-03-p4-ktb7m,rs-03-p4-pllmg,rs-03-p4-tss7r,rs-04-p3-5b59j,rs-04-p3-mftzw,rs-04-p3-q87x9,rs-04-p3-w6z5x,rs-05-p3-2xjvx,rs-05-p3-mkfld,rs-05-p3-zt8mk,rs-06-p2-gcwlb,rs-06-p2-n2gkq,rs-07-p1-g9b5g,rs-07-p1-njqk9,rs-07-p1-t7xmz,rs-07-p1-w9gkf,rs-08-p1-8x7hh,rs-08-p1-9xmp6,rs-08-p1-c5q2l,rs-08-p1-r8p96,rs-09-p2-64n42,rs-09-p2-td8gt,rs-10-p3-xjnzq,rs-11-p3-drjv5,rs-11-p3-frp6p,rs-12-p2-c7zhs,rs-12-p2-hpldd,rs-12-p2-kk7jr,rs-13-p2-6tml8,rs-13-p2-7mdsz,rs-14-p2-b4mhp,rs-14-p2-jp7w2,rs-14-p2-m4hrl,rs-14-p2-mgf6g,rs-15-p2-fxjgt,rs-15-p2-gvpbh,rs-15-p2-mvtpn,rs-15-p2-wzs48,rs-16-p2-49f4r,rs-17-p2-dszrr,rs-17-p2-p6ghk,rs-18-p4-gpg6b,rs-18-p4-v8pgg,rs-18-p4-xxn8l,rs-18-p4-xz8q4,rs-19-p3-dx6zg,rs-19-p3-vmjzq,rs-20-p2-2x57h,rs-20-p2-5n8cp,rs-20-p2-nlwfh,rs-21-p4-59vx4,rs-21-p4-lzns4,rs-22-p3-6tbhb,rs-22-p3-d2gfw,rs-23-p3-5zzvd,rs-23-p3-74nxt,rs-23-p3-bqd4q,rs-23-p3-k22km,rs-24-p1-bgg2k,rs-25-p2-n2qcp,rs-25-p2-x6bdr,rs-25-p2-zqkmm,rs-26-p3-56z86,rs-26-p3-kxcb2,rs-26-p3-m2khl,rs-26-p3-m2mws,rs-27-p3-4dz5s,rs-27-p3-9kwf5,rs-27-p3-mjmck,rs-27-p3-zrt8c,rs-28-p1-bvl7c,rs-28-p1-f2x9l,rs-28-p1-s7pfv,rs-29-p3-69hrt,rs-29-p3-lb9kw,rs-29-p3-mr4wk,rs-31-p4-7kqrh,rs-32-p1-jggwq,rs-33-p1-c5fr8,rs-34-p4-c4q6m,rs-36-p1-ngx29,rs-37-p1-96cjq,rs-37-p1-z8m9l,rs-38-p2-4bzcx,rs-38-p2-x7jsd,rs-39-p1-9fnkf,rs-39-p1-k2t4q,rs-39-p1-wzjsv,rs-41-p1-mbsf9,rs-41-p1-mcvxk,rs-41-p1-vp4zf,rs-42-p2-tplkn,rs-43-p3-bt2sd,rs-43-p3-llpg4,rs-46-p1-dxlc4,rs-46-p1-mtf28,rs-46-p1-szcrc,rs-50-p4-6tmxp}","{rs-01-p2-k4rj8,rs-02-p3-fxfcg,rs-02-p3-qgbtx,rs-02-p3-r8225,rs-02-p3-v7rqp,rs-03-p4-2dfbm,rs-03-p4-ktb7m,rs-03-p4-pllmg,rs-03-p4-tss7r,rs-04-p3-5b59j,rs-04-p3-mftzw,rs-04-p3-q87x9,rs-04-p3-w6z5x,rs-05-p3-2xjvx,rs-05-p3-mkfld,rs-05-p3-zt8mk,rs-06-p2-gcwlb,rs-06-p2-n2gkq,rs-07-p1-g9b5g,rs-07-p1-njqk9,rs-07-p1-t7xmz,rs-07-p1-w9gkf,rs-08-p1-8x7hh,rs-08-p1-9xmp6,rs-08-p1-c5q2l,rs-08-p1-r8p96,rs-09-p2-64n42,rs-09-p2-td8gt,rs-10-p3-xjnzq,rs-11-p3-drjv5,rs-11-p3-frp6p,rs-12-p2-c7zhs,rs-12-p2-hpldd,rs-12-p2-kk7jr,rs-13-p2-6tml8,rs-13-p2-7mdsz,rs-14-p2-b4mhp,rs-14-p2-jp7w2,rs-14-p2-m4hrl,rs-14-p2-mgf6g,rs-15-p2-fxjgt,rs-15-p2-gvpbh,rs-15-p2-mvtpn,rs-15-p2-wzs48,rs-16-p2-49f4r,rs-17-p2-dszrr,rs-17-p2-p6ghk,rs-18-p4-gpg6b,rs-18-p4-v8pgg,rs-18-p4-xxn8l,rs-18-p4-xz8q4,rs-19-p3-dx6zg,rs-19-p3-vmjzq,rs-20-p2-2x57h,rs-20-p2-5n8cp,rs-20-p2-nlwfh,rs-21-p4-59vx4,rs-21-p4-lzns4,rs-22-p3-6tbhb,rs-22-p3-d2gfw,rs-23-p3-5zzvd,rs-23-p3-74nxt,rs-23-p3-bqd4q,rs-23-p3-k22km,rs-24-p1-bgg2k,rs-25-p2-n2qcp,rs-25-p2-x6bdr,rs-25-p2-zqkmm,rs-26-p3-56z86,rs-26-p3-kxcb2,rs-26-p3-m2khl,rs-26-p3-m2mws,rs-27-p3-4dz5s,rs-27-p3-9kwf5,rs-27-p3-mjmck,rs-27-p3-zrt8c,rs-28-p1-bvl7c,rs-28-p1-f2x9l,rs-28-p1-s7pfv,rs-29-p3-69hrt,rs-29-p3-lb9kw,rs-29-p3-mr4wk,rs-31-p4-7kqrh,rs-32-p1-jggwq,rs-33-p1-c5fr8,rs-34-p4-c4q6m,rs-36-p1-ngx29,rs-37-p1-96cjq,rs-37-p1-z8m9l,rs-38-p2-4bzcx,rs-38-p2-x7jsd,rs-39-p1-9fnkf,rs-39-p1-k2t4q,rs-39-p1-wzjsv,rs-41-p1-mbsf9,rs-41-p1-mcvxk,rs-41-p1-vp4zf,rs-42-p2-tplkn,rs-43-p3-bt2sd,rs-43-p3-llpg4,rs-46-p1-dxlc4,rs-46-p1-mtf28,rs-46-p1-szcrc,rs-50-p4-6tmxp}","[{""name"":""rs-01-p2-k4rj8"",""cpu_m"":542,""mem_b"":767890384,""priority"":""2"",""node"":""kwok-node-10""},{""name"":""rs-02-p3-fxfcg"",""cpu_m"":124,""mem_b"":749286131,""priority"":""3"",""node"":""kwok-node-11""},{""name"":""rs-02-p3-qgbtx"",""cpu_m"":124,""mem_b"":749286131,""priority"":""3"",""node"":""kwok-node-16""},{""name"":""rs-02-p3-r8225"",""cpu_m"":124,""mem_b"":749286131,""priority"":""3"",""node"":""kwok-node-17""},{""name"":""rs-02-p3-v7rqp"",""cpu_m"":124,""mem_b"":749286131,""priority"":""3"",""node"":""kwok-node-2""},{""name"":""rs-03-p4-2dfbm"",""cpu_m"":496,""mem_b"":983592167,""priority"":""4"",""node"":""kwok-node-22""},{""name"":""rs-03-p4-ktb7m"",""cpu_m"":496,""mem_b"":983592167,""priority"":""4"",""node"":""kwok-node-19""},{""name"":""rs-03-p4-pllmg"",""cpu_m"":496,""mem_b"":983592167,""priority"":""4"",""node"":""kwok-node-14""},{""name"":""rs-03-p4-tss7r"",""cpu_m"":496,""mem_b"":983592167,""priority"":""4"",""node"":""kwok-node-20""},{""name"":""rs-04-p3-5b59j"",""cpu_m"":719,""mem_b"":414738091,""priority"":""3"",""node"":""kwok-node-13""},{""name"":""rs-04-p3-mftzw"",""cpu_m"":719,""mem_b"":414738091,""priority"":""3"",""node"":""kwok-node-1""},{""name"":""rs-04-p3-q87x9"",""cpu_m"":719,""mem_b"":414738091,""priority"":""3"",""node"":""kwok-node-15""},{""name"":""rs-04-p3-w6z5x"",""cpu_m"":719,""mem_b"":414738091,""priority"":""3"",""node"":""kwok-node-23""},{""name"":""rs-05-p3-2xjvx"",""cpu_m"":888,""mem_b"":659941950,""priority"":""3"",""node"":""kwok-node-12""},{""name"":""rs-05-p3-mkfld"",""cpu_m"":888,""mem_b"":659941950,""priority"":""3"",""node"":""kwok-node-18""},{""name"":""rs-05-p3-zt8mk"",""cpu_m"":888,""mem_b"":659941950,""priority"":""3"",""node"":""kwok-node-21""},{""name"":""rs-06-p2-gcwlb"",""cpu_m"":173,""mem_b"":500047142,""priority"":""2"",""node"":""kwok-node-24""},{""name"":""rs-06-p2-n2gkq"",""cpu_m"":173,""mem_b"":500047142,""priority"":""2"",""node"":""kwok-node-1""},{""name"":""rs-07-p1-g9b5g"",""cpu_m"":842,""mem_b"":188020781,""priority"":""1"",""node"":""kwok-node-25""},{""name"":""rs-07-p1-njqk9"",""cpu_m"":842,""mem_b"":188020781,""priority"":""1"",""node"":""kwok-node-30""},{""name"":""rs-07-p1-t7xmz"",""cpu_m"":842,""mem_b"":188020781,""priority"":""1"",""node"":""kwok-node-27""},{""name"":""rs-07-p1-w9gkf"",""cpu_m"":842,""mem_b"":188020781,""priority"":""1"",""node"":""kwok-node-29""},{""name"":""rs-08-p1-8x7hh"",""cpu_m"":373,""mem_b"":342675185,""priority"":""1"",""node"":""kwok-node-24""},{""name"":""rs-08-p1-9xmp6"",""cpu_m"":373,""mem_b"":342675185,""priority"":""1"",""node"":""kwok-node-26""},{""name"":""rs-08-p1-c5q2l"",""cpu_m"":373,""mem_b"":342675185,""priority"":""1"",""node"":""kwok-node-3""},{""name"":""rs-08-p1-r8p96"",""cpu_m"":373,""mem_b"":342675185,""priority"":""1"",""node"":""kwok-node-28""},{""name"":""rs-09-p2-64n42"",""cpu_m"":705,""mem_b"":928466474,""priority"":""2"",""node"":""kwok-node-28""},{""name"":""rs-09-p2-td8gt"",""cpu_m"":705,""mem_b"":928466474,""priority"":""2"",""node"":""kwok-node-3""},{""name"":""rs-10-p3-xjnzq"",""cpu_m"":109,""mem_b"":804251491,""priority"":""3"",""node"":""kwok-node-8""},{""name"":""rs-11-p3-drjv5"",""cpu_m"":616,""mem_b"":830860015,""priority"":""3"",""node"":""kwok-node-6""},{""name"":""rs-11-p3-frp6p"",""cpu_m"":616,""mem_b"":830860015,""priority"":""3"",""node"":""kwok-node-31""},{""name"":""rs-12-p2-c7zhs"",""cpu_m"":266,""mem_b"":502931121,""priority"":""2"",""node"":""kwok-node-32""},{""name"":""rs-12-p2-hpldd"",""cpu_m"":266,""mem_b"":502931121,""priority"":""2"",""node"":""kwok-node-9""},{""name"":""rs-12-p2-kk7jr"",""cpu_m"":266,""mem_b"":502931121,""priority"":""2"",""node"":""kwok-node-5""},{""name"":""rs-13-p2-6tml8"",""cpu_m"":702,""mem_b"":384963389,""priority"":""2"",""node"":""kwok-node-4""},{""name"":""rs-13-p2-7mdsz"",""cpu_m"":702,""mem_b"":384963389,""priority"":""2"",""node"":""kwok-node-7""},{""name"":""rs-14-p2-b4mhp"",""cpu_m"":334,""mem_b"":592736587,""priority"":""2"",""node"":""kwok-node-9""},{""name"":""rs-14-p2-jp7w2"",""cpu_m"":334,""mem_b"":592736587,""priority"":""2"",""node"":""kwok-node-26""},{""name"":""rs-14-p2-m4hrl"",""cpu_m"":334,""mem_b"":592736587,""priority"":""2"",""node"":""kwok-node-32""},{""name"":""rs-14-p2-mgf6g"",""cpu_m"":334,""mem_b"":592736587,""priority"":""2"",""node"":""kwok-node-5""},{""name"":""rs-15-p2-fxjgt"",""cpu_m"":239,""mem_b"":432715565,""priority"":""2"",""node"":""kwok-node-7""},{""name"":""rs-15-p2-gvpbh"",""cpu_m"":239,""mem_b"":432715565,""priority"":""2"",""node"":""kwok-node-13""},{""name"":""rs-15-p2-mvtpn"",""cpu_m"":239,""mem_b"":432715565,""priority"":""2"",""node"":""kwok-node-15""},{""name"":""rs-15-p2-wzs48"",""cpu_m"":239,""mem_b"":432715565,""priority"":""2"",""node"":""kwok-node-4""},{""name"":""rs-16-p2-49f4r"",""cpu_m"":180,""mem_b"":227537528,""priority"":""2"",""node"":""kwok-node-17""},{""name"":""rs-17-p2-dszrr"",""cpu_m"":234,""mem_b"":125481733,""priority"":""2"",""node"":""kwok-node-11""},{""name"":""rs-17-p2-p6ghk"",""cpu_m"":234,""mem_b"":125481733,""priority"":""2"",""node"":""kwok-node-16""},{""name"":""rs-18-p4-gpg6b"",""cpu_m"":919,""mem_b"":135959526,""priority"":""4"",""node"":""kwok-node-17""},{""name"":""rs-18-p4-v8pgg"",""cpu_m"":919,""mem_b"":135959526,""priority"":""4"",""node"":""kwok-node-16""},{""name"":""rs-18-p4-xxn8l"",""cpu_m"":919,""mem_b"":135959526,""priority"":""4"",""node"":""kwok-node-8""},{""name"":""rs-18-p4-xz8q4"",""cpu_m"":919,""mem_b"":135959526,""priority"":""4"",""node"":""kwok-node-2""},{""name"":""rs-19-p3-dx6zg"",""cpu_m"":105,""mem_b"":758563358,""priority"":""3"",""node"":""kwok-node-29""},{""name"":""rs-19-p3-vmjzq"",""cpu_m"":105,""mem_b"":758563358,""priority"":""3"",""node"":""kwok-node-27""},{""name"":""rs-20-p2-2x57h"",""cpu_m"":552,""mem_b"":748209266,""priority"":""2"",""node"":""kwok-node-30""},{""name"":""rs-20-p2-5n8cp"",""cpu_m"":552,""mem_b"":748209266,""priority"":""2"",""node"":""kwok-node-23""},{""name"":""rs-20-p2-nlwfh"",""cpu_m"":552,""mem_b"":748209266,""priority"":""2"",""node"":""kwok-node-10""},{""name"":""rs-21-p4-59vx4"",""cpu_m"":788,""mem_b"":329279862,""priority"":""4"",""node"":""kwok-node-11""},{""name"":""rs-21-p4-lzns4"",""cpu_m"":788,""mem_b"":329279862,""priority"":""4"",""node"":""kwok-node-20""},{""name"":""rs-22-p3-6tbhb"",""cpu_m"":304,""mem_b"":603637367,""priority"":""3"",""node"":""kwok-node-25""},{""name"":""rs-22-p3-d2gfw"",""cpu_m"":304,""mem_b"":603637367,""priority"":""3"",""node"":""kwok-node-12""},{""name"":""rs-23-p3-5zzvd"",""cpu_m"":301,""mem_b"":699269238,""priority"":""3"",""node"":""kwok-node-4""},{""name"":""rs-23-p3-74nxt"",""cpu_m"":301,""mem_b"":699269238,""priority"":""3"",""node"":""kwok-node-21""},{""name"":""rs-23-p3-bqd4q"",""cpu_m"":301,""mem_b"":699269238,""priority"":""3"",""node"":""kwok-node-7""},{""name"":""rs-23-p3-k22km"",""cpu_m"":301,""mem_b"":699269238,""priority"":""3"",""node"":""kwok-node-18""},{""name"":""rs-24-p1-bgg2k"",""cpu_m"":305,""mem_b"":830137775,""priority"":""1"",""node"":""kwok-node-25""},{""name"":""rs-25-p2-n2qcp"",""cpu_m"":740,""mem_b"":580483503,""priority"":""2"",""node"":""kwok-node-24""},{""name"":""rs-25-p2-x6bdr"",""cpu_m"":740,""mem_b"":580483503,""priority"":""2"",""node"":""kwok-node-6""},{""name"":""rs-25-p2-zqkmm"",""cpu_m"":740,""mem_b"":580483503,""priority"":""2"",""node"":""kwok-node-31""},{""name"":""rs-26-p3-56z86"",""cpu_m"":635,""mem_b"":250942479,""priority"":""3"",""node"":""kwok-node-22""},{""name"":""rs-26-p3-kxcb2"",""cpu_m"":635,""mem_b"":250942479,""priority"":""3"",""node"":""kwok-node-19""},{""name"":""rs-26-p3-m2khl"",""cpu_m"":635,""mem_b"":250942479,""priority"":""3"",""node"":""kwok-node-14""},{""name"":""rs-26-p3-m2mws"",""cpu_m"":635,""mem_b"":250942479,""priority"":""3"",""node"":""kwok-node-9""},{""name"":""rs-27-p3-4dz5s"",""cpu_m"":281,""mem_b"":403744796,""priority"":""3"",""node"":""kwok-node-13""},{""name"":""rs-27-p3-9kwf5"",""cpu_m"":281,""mem_b"":403744796,""priority"":""3"",""node"":""kwok-node-15""},{""name"":""rs-27-p3-mjmck"",""cpu_m"":281,""mem_b"":403744796,""priority"":""3"",""node"":""kwok-node-26""},{""name"":""rs-27-p3-zrt8c"",""cpu_m"":281,""mem_b"":403744796,""priority"":""3"",""node"":""kwok-node-1""},{""name"":""rs-28-p1-bvl7c"",""cpu_m"":219,""mem_b"":695851892,""priority"":""1"",""node"":""kwok-node-27""},{""name"":""rs-28-p1-f2x9l"",""cpu_m"":219,""mem_b"":695851892,""priority"":""1"",""node"":""kwok-node-2""},{""name"":""rs-28-p1-s7pfv"",""cpu_m"":219,""mem_b"":695851892,""priority"":""1"",""node"":""kwok-node-29""},{""name"":""rs-29-p3-69hrt"",""cpu_m"":897,""mem_b"":546360817,""priority"":""3"",""node"":""kwok-node-32""},{""name"":""rs-29-p3-lb9kw"",""cpu_m"":897,""mem_b"":546360817,""priority"":""3"",""node"":""kwok-node-5""},{""name"":""rs-29-p3-mr4wk"",""cpu_m"":897,""mem_b"":546360817,""priority"":""3"",""node"":""kwok-node-26""},{""name"":""rs-30-p3-hq48w"",""cpu_m"":980,""mem_b"":128546435,""priority"":""3"",""node"":""""},{""name"":""rs-30-p3-qgx8s"",""cpu_m"":980,""mem_b"":128546435,""priority"":""3"",""node"":""""},{""name"":""rs-30-p3-wlpzn"",""cpu_m"":980,""mem_b"":128546435,""priority"":""3"",""node"":""""},{""name"":""rs-31-p4-7kqrh"",""cpu_m"":227,""mem_b"":909760017,""priority"":""4"",""node"":""kwok-node-30""},{""name"":""rs-32-p1-jggwq"",""cpu_m"":891,""mem_b"":425880589,""priority"":""1"",""node"":""kwok-node-8""},{""name"":""rs-33-p1-c5fr8"",""cpu_m"":718,""mem_b"":613620316,""priority"":""1"",""node"":""kwok-node-28""},{""name"":""rs-34-p4-c4q6m"",""cpu_m"":334,""mem_b"":937172222,""priority"":""4"",""node"":""kwok-node-16""},{""name"":""rs-35-p1-w76hb"",""cpu_m"":834,""mem_b"":981802544,""priority"":""1"",""node"":""""},{""name"":""rs-36-p1-ngx29"",""cpu_m"":729,""mem_b"":724561448,""priority"":""1"",""node"":""kwok-node-3""},{""name"":""rs-37-p1-96cjq"",""cpu_m"":672,""mem_b"":497281465,""priority"":""1"",""node"":""kwok-node-11""},{""name"":""rs-37-p1-z8m9l"",""cpu_m"":672,""mem_b"":497281465,""priority"":""1"",""node"":""kwok-node-19""},{""name"":""rs-38-p2-4bzcx"",""cpu_m"":122,""mem_b"":496987986,""priority"":""2"",""node"":""kwok-node-17""},{""name"":""rs-38-p2-x7jsd"",""cpu_m"":122,""mem_b"":496987986,""priority"":""2"",""node"":""kwok-node-23""},{""name"":""rs-39-p1-9fnkf"",""cpu_m"":141,""mem_b"":820191282,""priority"":""1"",""node"":""kwok-node-22""},{""name"":""rs-39-p1-k2t4q"",""cpu_m"":141,""mem_b"":820191282,""priority"":""1"",""node"":""kwok-node-14""},{""name"":""rs-39-p1-wzjsv"",""cpu_m"":141,""mem_b"":820191282,""priority"":""1"",""node"":""kwok-node-15""},{""name"":""rs-40-p3-qw5wl"",""cpu_m"":910,""mem_b"":459683455,""priority"":""3"",""node"":""""},{""name"":""rs-41-p1-mbsf9"",""cpu_m"":365,""mem_b"":471464069,""priority"":""1"",""node"":""kwok-node-13""},{""name"":""rs-41-p1-mcvxk"",""cpu_m"":365,""mem_b"":471464069,""priority"":""1"",""node"":""kwok-node-12""},{""name"":""rs-41-p1-vp4zf"",""cpu_m"":365,""mem_b"":471464069,""priority"":""1"",""node"":""kwok-node-1""},{""name"":""rs-42-p2-tplkn"",""cpu_m"":114,""mem_b"":536135887,""priority"":""2"",""node"":""kwok-node-20""},{""name"":""rs-43-p3-bt2sd"",""cpu_m"":174,""mem_b"":498132780,""priority"":""3"",""node"":""kwok-node-18""},{""name"":""rs-43-p3-llpg4"",""cpu_m"":174,""mem_b"":498132780,""priority"":""3"",""node"":""kwok-node-21""},{""name"":""rs-44-p2-cp5bm"",""cpu_m"":739,""mem_b"":723169148,""priority"":""2"",""node"":""""},{""name"":""rs-44-p2-n2zzs"",""cpu_m"":739,""mem_b"":723169148,""priority"":""2"",""node"":""""},{""name"":""rs-45-p2-9nmjq"",""cpu_m"":487,""mem_b"":908236512,""priority"":""2"",""node"":""""},{""name"":""rs-45-p2-q2t4n"",""cpu_m"":487,""mem_b"":908236512,""priority"":""2"",""node"":""""},{""name"":""rs-45-p2-rnpgb"",""cpu_m"":487,""mem_b"":908236512,""priority"":""2"",""node"":""""},{""name"":""rs-45-p2-zb658"",""cpu_m"":487,""mem_b"":908236512,""priority"":""2"",""node"":""""},{""name"":""rs-46-p1-dxlc4"",""cpu_m"":153,""mem_b"":562834002,""priority"":""1"",""node"":""kwok-node-31""},{""name"":""rs-46-p1-mtf28"",""cpu_m"":153,""mem_b"":562834002,""priority"":""1"",""node"":""kwok-node-24""},{""name"":""rs-46-p1-szcrc"",""cpu_m"":153,""mem_b"":562834002,""priority"":""1"",""node"":""kwok-node-9""},{""name"":""rs-47-p3-6wgdc"",""cpu_m"":953,""mem_b"":141246273,""priority"":""3"",""node"":""""},{""name"":""rs-47-p3-kr8hp"",""cpu_m"":953,""mem_b"":141246273,""priority"":""3"",""node"":""""},{""name"":""rs-47-p3-q8xdx"",""cpu_m"":953,""mem_b"":141246273,""priority"":""3"",""node"":""""},{""name"":""rs-47-p3-vkzg4"",""cpu_m"":953,""mem_b"":141246273,""priority"":""3"",""node"":""""},{""name"":""rs-48-p3-hfwc2"",""cpu_m"":706,""mem_b"":767260601,""priority"":""3"",""node"":""""},{""name"":""rs-48-p3-jf8jg"",""cpu_m"":706,""mem_b"":767260601,""priority"":""3"",""node"":""""},{""name"":""rs-48-p3-x2xkv"",""cpu_m"":706,""mem_b"":767260601,""priority"":""3"",""node"":""""},{""name"":""rs-49-p2-frhvb"",""cpu_m"":554,""mem_b"":971760515,""priority"":""2"",""node"":""""},{""name"":""rs-49-p2-ghzbd"",""cpu_m"":554,""mem_b"":971760515,""priority"":""2"",""node"":""""},{""name"":""rs-49-p2-tjjf8"",""cpu_m"":554,""mem_b"":971760515,""priority"":""2"",""node"":""""},{""name"":""rs-49-p2-vftm8"",""cpu_m"":554,""mem_b"":971760515,""priority"":""2"",""node"":""""},{""name"":""rs-50-p4-6tmxp"",""cpu_m"":785,""mem_b"":494033997,""priority"":""4"",""node"":""kwok-node-10""},{""name"":""rs-50-p4-hl5w6"",""cpu_m"":785,""mem_b"":494033997,""priority"":""4"",""node"":""""},{""name"":""rs-50-p4-l8659"",""cpu_m"":785,""mem_b"":494033997,""priority"":""4"",""node"":""""}]","[{""name"":""rs-01-p2-k4rj8"",""cpu_m"":542,""mem_b"":767890384,""priority"":""2"",""node"":""kwok-node-10""},{""name"":""rs-02-p3-fxfcg"",""cpu_m"":124,""mem_b"":749286131,""priority"":""3"",""node"":""kwok-node-11""},{""name"":""rs-02-p3-qgbtx"",""cpu_m"":124,""mem_b"":749286131,""priority"":""3"",""node"":""kwok-node-16""},{""name"":""rs-02-p3-r8225"",""cpu_m"":124,""mem_b"":749286131,""priority"":""3"",""node"":""kwok-node-17""},{""name"":""rs-02-p3-v7rqp"",""cpu_m"":124,""mem_b"":749286131,""priority"":""3"",""node"":""kwok-node-2""},{""name"":""rs-03-p4-2dfbm"",""cpu_m"":496,""mem_b"":983592167,""priority"":""4"",""node"":""kwok-node-22""},{""name"":""rs-03-p4-ktb7m"",""cpu_m"":496,""mem_b"":983592167,""priority"":""4"",""node"":""kwok-node-19""},{""name"":""rs-03-p4-pllmg"",""cpu_m"":496,""mem_b"":983592167,""priority"":""4"",""node"":""kwok-node-14""},{""name"":""rs-03-p4-tss7r"",""cpu_m"":496,""mem_b"":983592167,""priority"":""4"",""node"":""kwok-node-20""},{""name"":""rs-04-p3-5b59j"",""cpu_m"":719,""mem_b"":414738091,""priority"":""3"",""node"":""kwok-node-13""},{""name"":""rs-04-p3-mftzw"",""cpu_m"":719,""mem_b"":414738091,""priority"":""3"",""node"":""kwok-node-1""},{""name"":""rs-04-p3-q87x9"",""cpu_m"":719,""mem_b"":414738091,""priority"":""3"",""node"":""kwok-node-15""},{""name"":""rs-04-p3-w6z5x"",""cpu_m"":719,""mem_b"":414738091,""priority"":""3"",""node"":""kwok-node-23""},{""name"":""rs-05-p3-2xjvx"",""cpu_m"":888,""mem_b"":659941950,""priority"":""3"",""node"":""kwok-node-12""},{""name"":""rs-05-p3-mkfld"",""cpu_m"":888,""mem_b"":659941950,""priority"":""3"",""node"":""kwok-node-18""},{""name"":""rs-05-p3-zt8mk"",""cpu_m"":888,""mem_b"":659941950,""priority"":""3"",""node"":""kwok-node-21""},{""name"":""rs-06-p2-gcwlb"",""cpu_m"":173,""mem_b"":500047142,""priority"":""2"",""node"":""kwok-node-24""},{""name"":""rs-06-p2-n2gkq"",""cpu_m"":173,""mem_b"":500047142,""priority"":""2"",""node"":""kwok-node-1""},{""name"":""rs-07-p1-g9b5g"",""cpu_m"":842,""mem_b"":188020781,""priority"":""1"",""node"":""kwok-node-25""},{""name"":""rs-07-p1-njqk9"",""cpu_m"":842,""mem_b"":188020781,""priority"":""1"",""node"":""kwok-node-30""},{""name"":""rs-07-p1-t7xmz"",""cpu_m"":842,""mem_b"":188020781,""priority"":""1"",""node"":""kwok-node-27""},{""name"":""rs-07-p1-w9gkf"",""cpu_m"":842,""mem_b"":188020781,""priority"":""1"",""node"":""kwok-node-29""},{""name"":""rs-08-p1-8x7hh"",""cpu_m"":373,""mem_b"":342675185,""priority"":""1"",""node"":""kwok-node-24""},{""name"":""rs-08-p1-9xmp6"",""cpu_m"":373,""mem_b"":342675185,""priority"":""1"",""node"":""kwok-node-26""},{""name"":""rs-08-p1-c5q2l"",""cpu_m"":373,""mem_b"":342675185,""priority"":""1"",""node"":""kwok-node-3""},{""name"":""rs-08-p1-r8p96"",""cpu_m"":373,""mem_b"":342675185,""priority"":""1"",""node"":""kwok-node-28""},{""name"":""rs-09-p2-64n42"",""cpu_m"":705,""mem_b"":928466474,""priority"":""2"",""node"":""kwok-node-28""},{""name"":""rs-09-p2-td8gt"",""cpu_m"":705,""mem_b"":928466474,""priority"":""2"",""node"":""kwok-node-3""},{""name"":""rs-10-p3-xjnzq"",""cpu_m"":109,""mem_b"":804251491,""priority"":""3"",""node"":""kwok-node-8""},{""name"":""rs-11-p3-drjv5"",""cpu_m"":616,""mem_b"":830860015,""priority"":""3"",""node"":""kwok-node-6""},{""name"":""rs-11-p3-frp6p"",""cpu_m"":616,""mem_b"":830860015,""priority"":""3"",""node"":""kwok-node-31""},{""name"":""rs-12-p2-c7zhs"",""cpu_m"":266,""mem_b"":502931121,""priority"":""2"",""node"":""kwok-node-32""},{""name"":""rs-12-p2-hpldd"",""cpu_m"":266,""mem_b"":502931121,""priority"":""2"",""node"":""kwok-node-9""},{""name"":""rs-12-p2-kk7jr"",""cpu_m"":266,""mem_b"":502931121,""priority"":""2"",""node"":""kwok-node-5""},{""name"":""rs-13-p2-6tml8"",""cpu_m"":702,""mem_b"":384963389,""priority"":""2"",""node"":""kwok-node-4""},{""name"":""rs-13-p2-7mdsz"",""cpu_m"":702,""mem_b"":384963389,""priority"":""2"",""node"":""kwok-node-7""},{""name"":""rs-14-p2-b4mhp"",""cpu_m"":334,""mem_b"":592736587,""priority"":""2"",""node"":""kwok-node-9""},{""name"":""rs-14-p2-jp7w2"",""cpu_m"":334,""mem_b"":592736587,""priority"":""2"",""node"":""kwok-node-26""},{""name"":""rs-14-p2-m4hrl"",""cpu_m"":334,""mem_b"":592736587,""priority"":""2"",""node"":""kwok-node-32""},{""name"":""rs-14-p2-mgf6g"",""cpu_m"":334,""mem_b"":592736587,""priority"":""2"",""node"":""kwok-node-5""},{""name"":""rs-15-p2-fxjgt"",""cpu_m"":239,""mem_b"":432715565,""priority"":""2"",""node"":""kwok-node-7""},{""name"":""rs-15-p2-gvpbh"",""cpu_m"":239,""mem_b"":432715565,""priority"":""2"",""node"":""kwok-node-13""},{""name"":""rs-15-p2-mvtpn"",""cpu_m"":239,""mem_b"":432715565,""priority"":""2"",""node"":""kwok-node-15""},{""name"":""rs-15-p2-wzs48"",""cpu_m"":239,""mem_b"":432715565,""priority"":""2"",""node"":""kwok-node-4""},{""name"":""rs-16-p2-49f4r"",""cpu_m"":180,""mem_b"":227537528,""priority"":""2"",""node"":""kwok-node-17""},{""name"":""rs-17-p2-dszrr"",""cpu_m"":234,""mem_b"":125481733,""priority"":""2"",""node"":""kwok-node-11""},{""name"":""rs-17-p2-p6ghk"",""cpu_m"":234,""mem_b"":125481733,""priority"":""2"",""node"":""kwok-node-16""},{""name"":""rs-18-p4-gpg6b"",""cpu_m"":919,""mem_b"":135959526,""priority"":""4"",""node"":""kwok-node-17""},{""name"":""rs-18-p4-v8pgg"",""cpu_m"":919,""mem_b"":135959526,""priority"":""4"",""node"":""kwok-node-16""},{""name"":""rs-18-p4-xxn8l"",""cpu_m"":919,""mem_b"":135959526,""priority"":""4"",""node"":""kwok-node-8""},{""name"":""rs-18-p4-xz8q4"",""cpu_m"":919,""mem_b"":135959526,""priority"":""4"",""node"":""kwok-node-2""},{""name"":""rs-19-p3-dx6zg"",""cpu_m"":105,""mem_b"":758563358,""priority"":""3"",""node"":""kwok-node-29""},{""name"":""rs-19-p3-vmjzq"",""cpu_m"":105,""mem_b"":758563358,""priority"":""3"",""node"":""kwok-node-27""},{""name"":""rs-20-p2-2x57h"",""cpu_m"":552,""mem_b"":748209266,""priority"":""2"",""node"":""kwok-node-30""},{""name"":""rs-20-p2-5n8cp"",""cpu_m"":552,""mem_b"":748209266,""priority"":""2"",""node"":""kwok-node-23""},{""name"":""rs-20-p2-nlwfh"",""cpu_m"":552,""mem_b"":748209266,""priority"":""2"",""node"":""kwok-node-10""},{""name"":""rs-21-p4-59vx4"",""cpu_m"":788,""mem_b"":329279862,""priority"":""4"",""node"":""kwok-node-11""},{""name"":""rs-21-p4-lzns4"",""cpu_m"":788,""mem_b"":329279862,""priority"":""4"",""node"":""kwok-node-20""},{""name"":""rs-22-p3-6tbhb"",""cpu_m"":304,""mem_b"":603637367,""priority"":""3"",""node"":""kwok-node-25""},{""name"":""rs-22-p3-d2gfw"",""cpu_m"":304,""mem_b"":603637367,""priority"":""3"",""node"":""kwok-node-12""},{""name"":""rs-23-p3-5zzvd"",""cpu_m"":301,""mem_b"":699269238,""priority"":""3"",""node"":""kwok-node-4""},{""name"":""rs-23-p3-74nxt"",""cpu_m"":301,""mem_b"":699269238,""priority"":""3"",""node"":""kwok-node-21""},{""name"":""rs-23-p3-bqd4q"",""cpu_m"":301,""mem_b"":699269238,""priority"":""3"",""node"":""kwok-node-7""},{""name"":""rs-23-p3-k22km"",""cpu_m"":301,""mem_b"":699269238,""priority"":""3"",""node"":""kwok-node-18""},{""name"":""rs-24-p1-bgg2k"",""cpu_m"":305,""mem_b"":830137775,""priority"":""1"",""node"":""kwok-node-25""},{""name"":""rs-25-p2-n2qcp"",""cpu_m"":740,""mem_b"":580483503,""priority"":""2"",""node"":""kwok-node-24""},{""name"":""rs-25-p2-x6bdr"",""cpu_m"":740,""mem_b"":580483503,""priority"":""2"",""node"":""kwok-node-6""},{""name"":""rs-25-p2-zqkmm"",""cpu_m"":740,""mem_b"":580483503,""priority"":""2"",""node"":""kwok-node-31""},{""name"":""rs-26-p3-56z86"",""cpu_m"":635,""mem_b"":250942479,""priority"":""3"",""node"":""kwok-node-22""},{""name"":""rs-26-p3-kxcb2"",""cpu_m"":635,""mem_b"":250942479,""priority"":""3"",""node"":""kwok-node-19""},{""name"":""rs-26-p3-m2khl"",""cpu_m"":635,""mem_b"":250942479,""priority"":""3"",""node"":""kwok-node-14""},{""name"":""rs-26-p3-m2mws"",""cpu_m"":635,""mem_b"":250942479,""priority"":""3"",""node"":""kwok-node-9""},{""name"":""rs-27-p3-4dz5s"",""cpu_m"":281,""mem_b"":403744796,""priority"":""3"",""node"":""kwok-node-13""},{""name"":""rs-27-p3-9kwf5"",""cpu_m"":281,""mem_b"":403744796,""priority"":""3"",""node"":""kwok-node-15""},{""name"":""rs-27-p3-mjmck"",""cpu_m"":281,""mem_b"":403744796,""priority"":""3"",""node"":""kwok-node-26""},{""name"":""rs-27-p3-zrt8c"",""cpu_m"":281,""mem_b"":403744796,""priority"":""3"",""node"":""kwok-node-1""},{""name"":""rs-28-p1-bvl7c"",""cpu_m"":219,""mem_b"":695851892,""priority"":""1"",""node"":""kwok-node-27""},{""name"":""rs-28-p1-f2x9l"",""cpu_m"":219,""mem_b"":695851892,""priority"":""1"",""node"":""kwok-node-2""},{""name"":""rs-28-p1-s7pfv"",""cpu_m"":219,""mem_b"":695851892,""priority"":""1"",""node"":""kwok-node-29""},{""name"":""rs-29-p3-69hrt"",""cpu_m"":897,""mem_b"":546360817,""priority"":""3"",""node"":""kwok-node-32""},{""name"":""rs-29-p3-lb9kw"",""cpu_m"":897,""mem_b"":546360817,""priority"":""3"",""node"":""kwok-node-5""},{""name"":""rs-29-p3-mr4wk"",""cpu_m"":897,""mem_b"":546360817,""priority"":""3"",""node"":""kwok-node-26""},{""name"":""rs-30-p3-hq48w"",""cpu_m"":980,""mem_b"":128546435,""priority"":""3"",""node"":""""},{""name"":""rs-30-p3-qgx8s"",""cpu_m"":980,""mem_b"":128546435,""priority"":""3"",""node"":""""},{""name"":""rs-30-p3-wlpzn"",""cpu_m"":980,""mem_b"":128546435,""priority"":""3"",""node"":""""},{""name"":""rs-31-p4-7kqrh"",""cpu_m"":227,""mem_b"":909760017,""priority"":""4"",""node"":""kwok-node-30""},{""name"":""rs-32-p1-jggwq"",""cpu_m"":891,""mem_b"":425880589,""priority"":""1"",""node"":""kwok-node-8""},{""name"":""rs-33-p1-c5fr8"",""cpu_m"":718,""mem_b"":613620316,""priority"":""1"",""node"":""kwok-node-28""},{""name"":""rs-34-p4-c4q6m"",""cpu_m"":334,""mem_b"":937172222,""priority"":""4"",""node"":""kwok-node-16""},{""name"":""rs-35-p1-w76hb"",""cpu_m"":834,""mem_b"":981802544,""priority"":""1"",""node"":""""},{""name"":""rs-36-p1-ngx29"",""cpu_m"":729,""mem_b"":724561448,""priority"":""1"",""node"":""kwok-node-3""},{""name"":""rs-37-p1-96cjq"",""cpu_m"":672,""mem_b"":497281465,""priority"":""1"",""node"":""kwok-node-11""},{""name"":""rs-37-p1-z8m9l"",""cpu_m"":672,""mem_b"":497281465,""priority"":""1"",""node"":""kwok-node-19""},{""name"":""rs-38-p2-4bzcx"",""cpu_m"":122,""mem_b"":496987986,""priority"":""2"",""node"":""kwok-node-17""},{""name"":""rs-38-p2-x7jsd"",""cpu_m"":122,""mem_b"":496987986,""priority"":""2"",""node"":""kwok-node-23""},{""name"":""rs-39-p1-9fnkf"",""cpu_m"":141,""mem_b"":820191282,""priority"":""1"",""node"":""kwok-node-22""},{""name"":""rs-39-p1-k2t4q"",""cpu_m"":141,""mem_b"":820191282,""priority"":""1"",""node"":""kwok-node-14""},{""name"":""rs-39-p1-wzjsv"",""cpu_m"":141,""mem_b"":820191282,""priority"":""1"",""node"":""kwok-node-15""},{""name"":""rs-40-p3-qw5wl"",""cpu_m"":910,""mem_b"":459683455,""priority"":""3"",""node"":""""},{""name"":""rs-41-p1-mbsf9"",""cpu_m"":365,""mem_b"":471464069,""priority"":""1"",""node"":""kwok-node-13""},{""name"":""rs-41-p1-mcvxk"",""cpu_m"":365,""mem_b"":471464069,""priority"":""1"",""node"":""kwok-node-12""},{""name"":""rs-41-p1-vp4zf"",""cpu_m"":365,""mem_b"":471464069,""priority"":""1"",""node"":""kwok-node-1""},{""name"":""rs-42-p2-tplkn"",""cpu_m"":114,""mem_b"":536135887,""priority"":""2"",""node"":""kwok-node-20""},{""name"":""rs-43-p3-bt2sd"",""cpu_m"":174,""mem_b"":498132780,""priority"":""3"",""node"":""kwok-node-18""},{""name"":""rs-43-p3-llpg4"",""cpu_m"":174,""mem_b"":498132780,""priority"":""3"",""node"":""kwok-node-21""},{""name"":""rs-44-p2-cp5bm"",""cpu_m"":739,""mem_b"":723169148,""priority"":""2"",""node"":""""},{""name"":""rs-44-p2-n2zzs"",""cpu_m"":739,""mem_b"":723169148,""priority"":""2"",""node"":""""},{""name"":""rs-45-p2-9nmjq"",""cpu_m"":487,""mem_b"":908236512,""priority"":""2"",""node"":""""},{""name"":""rs-45-p2-q2t4n"",""cpu_m"":487,""mem_b"":908236512,""priority"":""2"",""node"":""""},{""name"":""rs-45-p2-rnpgb"",""cpu_m"":487,""mem_b"":908236512,""priority"":""2"",""node"":""""},{""name"":""rs-45-p2-zb658"",""cpu_m"":487,""mem_b"":908236512,""priority"":""2"",""node"":""""},{""name"":""rs-46-p1-dxlc4"",""cpu_m"":153,""mem_b"":562834002,""priority"":""1"",""node"":""kwok-node-31""},{""name"":""rs-46-p1-mtf28"",""cpu_m"":153,""mem_b"":562834002,""priority"":""1"",""node"":""kwok-node-24""},{""name"":""rs-46-p1-szcrc"",""cpu_m"":153,""mem_b"":562834002,""priority"":""1"",""node"":""kwok-node-9""},{""name"":""rs-47-p3-6wgdc"",""cpu_m"":953,""mem_b"":141246273,""priority"":""3"",""node"":""""},{""name"":""rs-47-p3-kr8hp"",""cpu_m"":953,""mem_b"":141246273,""priority"":""3"",""node"":""""},{""name"":""rs-47-p3-q8xdx"",""cpu_m"":953,""mem_b"":141246273,""priority"":""3"",""node"":""""},{""name"":""rs-47-p3-vkzg4"",""cpu_m"":953,""mem_b"":141246273,""priority"":""3"",""node"":""""},{""name"":""rs-48-p3-hfwc2"",""cpu_m"":706,""mem_b"":767260601,""priority"":""3"",""node"":""""},{""name"":""rs-48-p3-jf8jg"",""cpu_m"":706,""mem_b"":767260601,""priority"":""3"",""node"":""""},{""name"":""rs-48-p3-x2xkv"",""cpu_m"":706,""mem_b"":767260601,""priority"":""3"",""node"":""""},{""name"":""rs-49-p2-frhvb"",""cpu_m"":554,""mem_b"":971760515,""priority"":""2"",""node"":""""},{""name"":""rs-49-p2-ghzbd"",""cpu_m"":554,""mem_b"":971760515,""priority"":""2"",""node"":""""},{""name"":""rs-49-p2-tjjf8"",""cpu_m"":554,""mem_b"":971760515,""priority"":""2"",""node"":""""},{""name"":""rs-49-p2-vftm8"",""cpu_m"":554,""mem_b"":971760515,""priority"":""2"",""node"":""""},{""name"":""rs-50-p4-6tmxp"",""cpu_m"":785,""mem_b"":494033997,""priority"":""4"",""node"":""kwok-node-10""},{""name"":""rs-50-p4-hl5w6"",""cpu_m"":785,""mem_b"":494033997,""priority"":""4"",""node"":""""},{""name"":""rs-50-p4-l8659"",""cpu_m"":785,""mem_b"":494033997,""priority"":""4"",""node"":""""}]","[{""name"":""kwok-node-1"",""cap_cpu_m"":1955,""cap_mem_bytes"":2123993967},{""name"":""kwok-node-2"",""cap_cpu_m"":1955,""cap_mem_bytes"":2123993967},{""name"":""kwok-node-3"",""cap_cpu_m"":1955,""cap_mem_bytes"":2123993967},{""name"":""kwok-node-4"",""cap_cpu_m"":1955,""cap_mem_bytes"":2123993967},{""name"":""kwok-node-5"",""cap_cpu_m"":1955,""cap_mem_bytes"":2123993967},{""name"":""kwok-node-6"",""cap_cpu_m"":1955,""cap_mem_bytes"":2123993967},{""name"":""kwok-node-7"",""cap_cpu_m"":1955,""cap_mem_bytes"":2123993967},{""name"":""kwok-node-8"",""cap_cpu_m"":1955,""cap_mem_bytes"":2123993967},{""name"":""kwok-node-9"",""cap_cpu_m"":1955,""cap_mem_bytes"":2123993967},{""name"":""kwok-node-10"",""cap_cpu_m"":1955,""cap_mem_bytes"":2123993967},{""name"":""kwok-node-11"",""cap_cpu_m"":1955,""cap_mem_bytes"":2123993967},{""name"":""kwok-node-12"",""cap_cpu_m"":1955,""cap_mem_bytes"":2123993967},{""name"":""kwok-node-13"",""cap_cpu_m"":1955,""cap_mem_bytes"":2123993967},{""name"":""kwok-node-14"",""cap_cpu_m"":1955,""cap_mem_bytes"":2123993967},{""name"":""kwok-node-15"",""cap_cpu_m"":1955,""cap_mem_bytes"":2123993967},{""name"":""kwok-node-16"",""cap_cpu_m"":1955,""cap_mem_bytes"":2123993967},{""name"":""kwok-node-17"",""cap_cpu_m"":1955,""cap_mem_bytes"":2123993967},{""name"":""kwok-node-18"",""cap_cpu_m"":1955,""cap_mem_bytes"":2123993967},{""name"":""kwok-node-19"",""cap_cpu_m"":1955,""cap_mem_bytes"":2123993967},{""name"":""kwok-node-20"",""cap_cpu_m"":1955,""cap_mem_bytes"":2123993967},{""name"":""kwok-node-21"",""cap_cpu_m"":1955,""cap_mem_bytes"":2123993967},{""name"":""kwok-node-22"",""cap_cpu_m"":1955,""cap_mem_bytes"":2123993967},{""name"":""kwok-node-23"",""cap_cpu_m"":1955,""cap_mem_bytes"":2123993967},{""name"":""kwok-node-24"",""cap_cpu_m"":1955,""cap_mem_bytes"":2123993967},{""name"":""kwok-node-25"",""cap_cpu_m"":1955,""cap_mem_bytes"":2123993967},{""name"":""kwok-node-26"",""cap_cpu_m"":1955,""cap_mem_bytes"":2123993967},{""name"":""kwok-node-27"",""cap_cpu_m"":1955,""cap_mem_bytes"":2123993967},{""name"":""kwok-node-28"",""cap_cpu_m"":1955,""cap_mem_bytes"":2123993967},{""name"":""kwok-node-29"",""cap_cpu_m"":1955,""cap_mem_bytes"":2123993967},{""name"":""kwok-node-30"",""cap_cpu_m"":1955,""cap_mem_bytes"":2123993967},{""name"":""kwok-node-31"",""cap_cpu_m"":1955,""cap_mem_bytes"":2123993967},{""name"":""kwok-node-32"",""cap_cpu_m"":1955,""cap_mem_bytes"":2123993967}]"
2026/02/11/11:44:52,917224645308210940,,"{""evicted"":0,""moved"":0,""placed_by_priority"":{""1"":39,""2"":31,""3"":18,""4"":19}}",python,"{""evicted"":5,""moved"":19,""placed_by_priority"":{""1"":38,""2"":31,""3"":24,""4"":22}}",983,FEASIBLE,"[{""duration_ms"":983,""name"":""python"",""score"":{""evicted"":5,""moved"":19,""placed_by_priority"":{""1"":38,""2"":31,""3"":24,""4"":22}},""status"":""FEASIBLE""}]",0.903,0.845,0.906,0.822,67773,63419,64254800496,58271889047,114,107,14,21,"{""kwok-node-1"":3,""kwok-node-10"":4,""kwok-node-11"":4,""kwok-node-12"":3,""kwok-node-13"":3,""kwok-node-14"":3,""kwok-node-15"":4,""kwok-node-16"":4,""kwok-node-17"":4,""kwok-node-18"":3,""kwok-node-19"":4,""kwok-node-2"":3,""kwok-node-20"":4,""kwok-node-21"":3,""kwok-node-22"":4,""kwok-node-23"":3,""kwok-node-24"":4,""kwok-node-25"":5,""kwok-node-26"":4,""kwok-node-27"":4,""kwok-node-28"":4,""kwok-node-29"":4,""kwok-node-3"":4,""kwok-node-30"":4,""kwok-node-31"":3,""kwok-node-32"":4,""kwok-node-4"":3,""kwok-node-5"":3,""kwok-node-6"":3,""kwok-node-7"":3,""kwok-node-8"":3,""kwok-node-9"":3}","{""kwok-node-1"":3,""kwok-node-10"":3,""kwok-node-11"":3,""kwok-node-12"":3,""kwok-node-13"":3,""kwok-node-14"":3,""kwok-node-15"":3,""kwok-node-16"":3,""kwok-node-17"":3,""kwok-node-18"":3,""kwok-node-19"":4,""kwok-node-2"":3,""kwok-node-20"":4,""kwok-node-21"":3,""kwok-node-22"":3,""kwok-node-23"":4,""kwok-node-24"":3,""kwok-node-25"":5,""kwok-node-26"":3,""kwok-node-27"":4,""kwok-node-28"":3,""kwok-node-29"":4,""kwok-node-3"":4,""kwok-node-30"":5,""kwok-node-31"":3,""kwok-node-32"":3,""kwok-node-4"":4,""kwok-node-5"":3,""kwok-node-6"":3,""kwok-node-7"":3,""kwok-node-8"":3,""kwok-node-9"":3}","{""p1"":37,""p2"":31,""p3"":24,""p4"":22}","{""p1"":39,""p2"":31,""p3"":18,""p4"":19}","{""p1"":14}","{""p1"":12,""p3"":6,""p4"":3}","{rs-03-p1-tpzw7,rs-05-p1-sppt4,rs-14-p1-2mkqn,rs-14-p1-4q2cp,rs-21-p1-d7dlb,rs-43-p1-hvfk9,rs-49-p1-bm8qj,rs-49-p1-pls2f,rs-49-p1-rhgls,rs-49-p1-vw2sj,rs-54-p1-4zj8s,rs-54-p1-nxmpb,rs-54-p1-r488z,rs-55-p1-mv5qd}","{rs-44-p4-92nww,rs-44-p4-zgn72,rs-47-p1-sdsz7,rs-48-p4-qwxcm,rs-49-p1-bm8qj,rs-49-p1-pls2f,rs-49-p1-rhgls,rs-49-p1-vw2sj,rs-50-p3-bzgjj,rs-50-p3-kcfxc,rs-52-p3-4cs5f,rs-52-p3-fzr8s,rs-52-p3-mhbbg,rs-52-p3-mkb4z,rs-53-p1-ds25m,rs-53-p1-ghq86,rs-53-p1-v4j55,rs-54-p1-4zj8s,rs-54-p1-nxmpb,rs-54-p1-r488z,rs-55-p1-mv5qd}","{rs-01-p2-85xjg,rs-01-p2-mctz4,rs-02-p1-8ld4v,rs-02-p1-pddlk,rs-02-p1-scbp7,rs-02-p1-t2qlz,rs-03-p1-2r5sx,rs-03-p1-q5644,rs-04-p3-9kr8t,rs-05-p1-2hg25,rs-06-p3-j6z9h,rs-07-p1-2dpnc,rs-07-p1-5f598,rs-07-p1-wtkzv,rs-08-p2-dcx2f,rs-09-p1-9rb2b,rs-09-p1-dhtj8,rs-09-p1-jjxfm,rs-10-p2-5wb8p,rs-10-p2-7ml8d,rs-10-p2-flrj2,rs-11-p4-rhlxj,rs-11-p4-s5sjj,rs-12-p1-22r96,rs-12-p1-22xcs,rs-12-p1-wlpzj,rs-12-p1-xq64b,rs-13-p2-4d4qb,rs-13-p2-cxxdn,rs-13-p2-z9lrb,rs-14-p1-t252w,rs-15-p4-4kd7t,rs-15-p4-kt4xv,rs-15-p4-n67cw,rs-16-p2-5zbjh,rs-16-p2-pt5gl,rs-17-p4-z28gs,rs-18-p2-g5jfz,rs-19-p1-4lzpc,rs-19-p1-k64j7,rs-19-p1-kqtxf,rs-19-p1-zw76m,rs-20-p2-22q6p,rs-22-p3-dtk8w,rs-22-p3-nxkf7,rs-22-p3-t5msl,rs-22-p3-xxj5s,rs-23-p2-mvcl5,rs-23-p2-nd76r,rs-23-p2-zhqp7,rs-24-p3-8hd89,rs-24-p3-l2sdt,rs-24-p3-wj55c,rs-25-p4-cw6sb,rs-25-p4-cxvlz,rs-25-p4-hb76t,rs-26-p3-5kzgl,rs-26-p3-fpqvt,rs-27-p3-4jbxd,rs-28-p3-lsg2n,rs-29-p2-26vxl,rs-29-p2-rjwzm,rs-30-p2-7htj7,rs-30-p2-b6nft,rs-30-p2-pqpkk,rs-31-p1-fhbcv,rs-31-p1-tbrgn,rs-32-p2-b7rtp,rs-32-p2-tczr9,rs-33-p1-8ql2d,rs-33-p1-xzjr6,rs-34-p4-4p9h7,rs-35-p1-25krd,rs-35-p1-gdtpm,rs-35-p1-k6xcg,rs-36-p4-pjkx6,rs-36-p4-tctpp,rs-37-p3-stjjp,rs-37-p3-z6phb,rs-38-p1-8lwg9,rs-38-p1-l48hp,rs-38-p1-s7f5g,rs-39-p2-dqjz5,rs-40-p2-5knhl,rs-40-p2-5qcmq,rs-40-p2-kvn5d,rs-41-p2-kwq56,rs-41-p2-l85p2,rs-42-p3-2txxr,rs-42-p3-b6rwg,rs-42-p3-dtzj4,rs-43-p1-6rnnm,rs-44-p4-92nww,rs-44-p4-c9872,rs-44-p4-z4jjg,rs-44-p4-zgn72,rs-45-p2-mjvxj,rs-45-p2-p9wdj,rs-46-p4-6qkj6,rs-46-p4-cpsmq,rs-46-p4-vg6mn,rs-46-p4-znfhf,rs-47-p1-sdsz7,rs-48-p4-qwxcm,rs-50-p3-bzgjj,rs-50-p3-kcfxc,rs-51-p4-m677d,rs-52-p3-4cs5f,rs-52-p3-fzr8s,rs-52-p3-mhbbg,rs-52-p3-mkb4z,rs-53-p1-ds25m,rs-53-p1-ghq86,rs-53-p1-v4j55}","{rs-01-p2-85xjg,rs-01-p2-mctz4,rs-02-p1-8ld4v,rs-02-p1-bqqm9,rs-02-p1-scbp7,rs-02-p1-znv8r,rs-03-p1-2vp46,rs-03-p1-9zw96,rs-03-p1-lksws,rs-04-p3-9kr8t,rs-05-p1-2hg25,rs-05-p1-6t9kj,rs-06-p3-j6z9h,rs-07-p1-2dpnc,rs-07-p1-5f598,rs-07-p1-wtkzv,rs-08-p2-dcx2f,rs-09-p1-jjxfm,rs-09-p1-kzzjn,rs-09-p1-tj767,rs-10-p2-5wb8p,rs-10-p2-7ml8d,rs-10-p2-flrj2,rs-11-p4-rhlxj,rs-11-p4-s5sjj,rs-12-p1-28g2m,rs-12-p1-2xr54,rs-12-p1-dwjh2,rs-12-p1-xq64b,rs-13-p2-4d4qb,rs-13-p2-cxxdn,rs-13-p2-z9lrb,rs-14-p1-fxks4,rs-14-p1-t252w,rs-14-p1-wn98s,rs-15-p4-4kd7t,rs-15-p4-kt4xv,rs-15-p4-n67cw,rs-16-p2-5zbjh,rs-16-p2-pt5gl,rs-17-p4-z28gs,rs-18-p2-g5jfz,rs-19-p1-hlhqp,rs-19-p1-jkz85,rs-19-p1-kp4wp,rs-19-p1-zw76m,rs-20-p2-22q6p,rs-21-p1-d7wzb,rs-22-p3-dtk8w,rs-22-p3-nxkf7,rs-22-p3-t5msl,rs-22-p3-xxj5s,rs-23-p2-mvcl5,rs-23-p2-nd76r,rs-23-p2-zhqp7,rs-24-p3-8hd89,rs-24-p3-l2sdt,rs-24-p3-wj55c,rs-25-p4-cw6sb,rs-25-p4-cxvlz,rs-25-p4-hb76t,rs-26-p3-5kzgl,rs-26-p3-fpqvt,rs-27-p3-4jbxd,rs-28-p3-lsg2n,rs-29-p2-26vxl,rs-29-p2-rjwzm,rs-30-p2-7htj7,rs-30-p2-b6nft,rs-30-p2-pqpkk,rs-31-p1-fhbcv,rs-31-p1-tbrgn,rs-32-p2-b7rtp,rs-32-p2-tczr9,rs-33-p1-6gth2,rs-33-p1-xzjr6,rs-34-p4-4p9h7,rs-35-p1-gdtpm,rs-35-p1-lmtpm,rs-35-p1-rfd7r,rs-36-p4-pjkx6,rs-36-p4-tctpp,rs-37-p3-stjjp,rs-37-p3-z6phb,rs-38-p1-bmcgj,rs-38-p1-h6dlz,rs-38-p1-l48hp,rs-39-p2-dqjz5,rs-40-p2-5knhl,rs-40-p2-5qcmq,rs-40-p2-kvn5d,rs-41-p2-kwq56,rs-41-p2-l85p2,rs-42-p3-2txxr,rs-42-p3-b6rwg,rs-42-p3-dtzj4,rs-43-p1-wnjxt,rs-43-p1-x68mp,rs-44-p4-c9872,rs-44-p4-z4jjg,rs-45-p2-mjvxj,rs-45-p2-p9wdj,rs-46-p4-6qkj6,rs-46-p4-cpsmq,rs-46-p4-vg6mn,rs-46-p4-znfhf,rs-51-p4-m677d}","[{""name"":""rs-01-p2-85xjg"",""cpu_m"":635,""mem_b"":691133079,""priority"":""2"",""node"":""kwok-node-13""},{""name"":""rs-01-p2-mctz4"",""cpu_m"":635,""mem_b"":691133079,""priority"":""2"",""node"":""kwok-node-12""},{""name"":""rs-02-p1-8ld4v"",""cpu_m"":482,""mem_b"":358042402,""priority"":""1"",""node"":""kwok-node-19""},{""name"":""rs-02-p1-pddlk"",""cpu_m"":482,""mem_b"":358042402,""priority"":""1"",""node"":""kwok-node-10""},{""name"":""rs-02-p1-scbp7"",""cpu_m"":482,""mem_b"":358042402,""priority"":""1"",""node"":""kwok-node-10""},{""name"":""rs-02-p1-t2qlz"",""cpu_m"":482,""mem_b"":358042402,""priority"":""1"",""node"":""kwok-node-22""},{""name"":""rs-03-p1-2r5sx"",""cpu_m"":753,""mem_b"":652349651,""priority"":""1"",""node"":""kwok-node-15""},{""name"":""rs-03-p1-q5644"",""cpu_m"":753,""mem_b"":652349651,""priority"":""1"",""node"":""kwok-node-6""},{""name"":""rs-03-p1-tpzw7"",""cpu_m"":753,""mem_b"":652349651,""priority"":""1"",""node"":""""},{""name"":""rs-04-p3-9kr8t"",""cpu_m"":436,""mem_b"":121187256,""priority"":""3"",""node"":""kwok-node-20""},{""name"":""rs-05-p1-2hg25"",""cpu_m"":867,""mem_b"":592488894,""priority"":""1"",""node"":""kwok-node-18""},{""name"":""rs-05-p1-sppt4"",""cpu_m"":867,""mem_b"":592488894,""priority"":""1"",""node"":""""},{""name"":""rs-06-p3-j6z9h"",""cpu_m"":723,""mem_b"":314186068,""priority"":""3"",""node"":""kwok-node-17""},{""name"":""rs-07-p1-2dpnc"",""cpu_m"":231,""mem_b"":887342754,""priority"":""1"",""node"":""kwok-node-24""},{""name"":""rs-07-p1-5f598"",""cpu_m"":231,""mem_b"":887342754,""priority"":""1"",""node"":""kwok-node-26""},{""name"":""rs-07-p1-wtkzv"",""cpu_m"":231,""mem_b"":887342754,""priority"":""1"",""node"":""kwok-node-29""},{""name"":""rs-08-p2-dcx2f"",""cpu_m"":468,""mem_b"":255232156,""priority"":""2"",""node"":""kwok-node-28""},{""name"":""rs-09-p1-9rb2b"",""cpu_m"":291,""mem_b"":450100954,""priority"":""1"",""node"":""kwok-node-17""},{""name"":""rs-09-p1-dhtj8"",""cpu_m"":291,""mem_b"":450100954,""priority"":""1"",""node"":""kwok-node-24""},{""name"":""rs-09-p1-jjxfm"",""cpu_m"":291,""mem_b"":450100954,""priority"":""1"",""node"":""kwok-node-25""},{""name"":""rs-10-p2-5wb8p"",""cpu_m"":378,""mem_b"":102918006,""priority"":""2"",""node"":""kwok-node-3""},{""name"":""rs-10-p2-7ml8d"",""cpu_m"":378,""mem_b"":102918006,""priority"":""2"",""node"":""kwok-node-27""},{""name"":""rs-10-p2-flrj2"",""cpu_m"":378,""mem_b"":102918006,""priority"":""2"",""node"":""kwok-node-11""},{""name"":""rs-11-p4-rhlxj"",""cpu_m"":517,""mem_b"":968761202,""priority"":""4"",""node"":""kwok-node-31""},{""name"":""rs-11-p4-s5sjj"",""cpu_m"":517,""mem_b"":968761202,""priority"":""4"",""node"":""kwok-node-32""},{""name"":""rs-12-p1-22r96"",""cpu_m"":561,""mem_b"":650145127,""priority"":""1"",""node"":""kwok-node-16""},{""name"":""rs-12-p1-22xcs"",""cpu_m"":561,""mem_b"":650145127,""priority"":""1"",""node"":""kwok-node-28""},{""name"":""rs-12-p1-wlpzj"",""cpu_m"":561,""mem_b"":650145127,""priority"":""1"",""node"":""kwok-node-22""},{""name"":""rs-12-p1-xq64b"",""cpu_m"":561,""mem_b"":650145127,""priority"":""1"",""node"":""kwok-node-7""},{""name"":""rs-13-p2-4d4qb"",""cpu_m"":572,""mem_b"":491719187,""priority"":""2"",""node"":""kwok-node-9""},{""name"":""rs-13-p2-cxxdn"",""cpu_m"":572,""mem_b"":491719187,""priority"":""2"",""node"":""kwok-node-15""},{""name"":""rs-13-p2-z9lrb"",""cpu_m"":572,""mem_b"":491719187,""priority"":""2"",""node"":""kwok-node-5""},{""name"":""rs-14-p1-2mkqn"",""cpu_m"":812,""mem_b"":920168202,""priority"":""1"",""node"":""""},{""name"":""rs-14-p1-4q2cp"",""cpu_m"":812,""mem_b"":920168202,""priority"":""1"",""node"":""""},{""name"":""rs-14-p1-t252w"",""cpu_m"":812,""mem_b"":920168202,""priority"":""1"",""node"":""kwok-node-27""},{""name"":""rs-15-p4-4kd7t"",""cpu_m"":683,""mem_b"":841589349,""priority"":""4"",""node"":""kwok-node-28""},{""name"":""rs-15-p4-kt4xv"",""cpu_m"":683,""mem_b"":841589349,""priority"":""4"",""node"":""kwok-node-20""},{""name"":""rs-15-p4-n67cw"",""cpu_m"":683,""mem_b"":841589349,""priority"":""4"",""node"":""kwok-node-1""},{""name"":""rs-16-p2-5zbjh"",""cpu_m"":437,""mem_b"":787686487,""priority"":""2"",""node"":""kwok-node-17""},{""name"":""rs-16-p2-pt5gl"",""cpu_m"":437,""mem_b"":787686487,""priority"":""2"",""node"":""kwok-node-10""},{""name"":""rs-17-p4-z28gs"",""cpu_m"":950,""mem_b"":220253472,""priority"":""4"",""node"":""kwok-node-24""},{""name"":""rs-18-p2-g5jfz"",""cpu_m"":1000,""mem_b"":132449148,""priority"":""2"",""node"":""kwok-node-29""},{""name"":""rs-19-p1-4lzpc"",""cpu_m"":387,""mem_b"":315655750,""priority"":""1"",""node"":""kwok-node-26""},{""name"":""rs-19-p1-k64j7"",""cpu_m"":387,""mem_b"":315655750,""priority"":""1"",""node"":""kwok-node-16""},{""name"":""rs-19-p1-kqtxf"",""cpu_m"":387,""mem_b"":315655750,""priority"":""1"",""node"":""kwok-node-19""},{""name"":""rs-19-p1-zw76m"",""cpu_m"":387,""mem_b"":315655750,""priority"":""1"",""node"":""kwok-node-25""},{""name"":""rs-20-p2-22q6p"",""cpu_m"":883,""mem_b"":449538221,""priority"":""2"",""node"":""kwok-node-2""},{""name"":""rs-21-p1-d7dlb"",""cpu_m"":992,""mem_b"":635918892,""priority"":""1"",""node"":""""},{""name"":""rs-22-p3-dtk8w"",""cpu_m"":676,""mem_b"":670980829,""priority"":""3"",""node"":""kwok-node-5""},{""name"":""rs-22-p3-nxkf7"",""cpu_m"":676,""mem_b"":670980829,""priority"":""3"",""node"":""kwok-node-6""},{""name"":""rs-22-p3-t5msl"",""cpu_m"":676,""mem_b"":670980829,""priority"":""3"",""node"":""kwok-node-7""},{""name"":""rs-22-p3-xxj5s"",""cpu_m"":676,""mem_b"":670980829,""priority"":""3"",""node"":""kwok-node-9""},{""name"":""rs-23-p2-mvcl5"",""cpu_m"":272,""mem_b"":855767054,""priority"":""2"",""node"":""kwok-node-4""},{""name"":""rs-23-p2-nd76r"",""cpu_m"":272,""mem_b"":855767054,""priority"":""2"",""node"":""kwok-node-14""},{""name"":""rs-23-p2-zhqp7"",""cpu_m"":272,""mem_b"":855767054,""priority"":""2"",""node"":""kwok-node-18""},{""name"":""rs-24-p3-8hd89"",""cpu_m"":477,""mem_b"":426806185,""priority"":""3"",""node"":""kwok-node-12""},{""name"":""rs-24-p3-l2sdt"",""cpu_m"":477,""mem_b"":426806185,""priority"":""3"",""node"":""kwok-node-13""},{""name"":""rs-24-p3-wj55c"",""cpu_m"":477,""mem_b"":426806185,""priority"":""3"",""node"":""kwok-node-8""},{""name"":""rs-25-p4-cw6sb"",""cpu_m"":402,""mem_b"":293153498,""priority"":""4"",""node"":""kwok-node-30""},{""name"":""rs-25-p4-cxvlz"",""cpu_m"":402,""mem_b"":293153498,""priority"":""4"",""node"":""kwok-node-23""},{""name"":""rs-25-p4-hb76t"",""cpu_m"":402,""mem_b"":293153498,""priority"":""4"",""node"":""kwok-node-25""},{""name"":""rs-26-p3-5kzgl"",""cpu_m"":797,""mem_b"":792876133,""priority"":""3"",""node"":""kwok-node-16""},{""name"":""rs-26-p3-fpqvt"",""cpu_m"":797,""mem_b"":792876133,""priority"":""3"",""node"":""kwok-node-22""},{""name"":""rs-27-p3-4jbxd"",""cpu_m"":472,""mem_b"":574020941,""priority"":""3"",""node"":""kwok-node-21""},{""name"":""rs-28-p3-lsg2n"",""cpu_m"":730,""mem_b"":444279216,""priority"":""3"",""node"":""kwok-node-26""},{""name"":""rs-29-p2-26vxl"",""cpu_m"":831,""mem_b"":750164377,""priority"":""2"",""node"":""kwok-node-31""},{""name"":""rs-29-p2-rjwzm"",""cpu_m"":831,""mem_b"":750164377,""priority"":""2"",""node"":""kwok-node-19""},{""name"":""rs-30-p2-7htj7"",""cpu_m"":882,""mem_b"":610315781,""priority"":""2"",""node"":""kwok-node-32""},{""name"":""rs-30-p2-b6nft"",""cpu_m"":882,""mem_b"":610315781,""priority"":""2"",""node"":""kwok-node-10""},{""name"":""rs-30-p2-pqpkk"",""cpu_m"":882,""mem_b"":610315781,""priority"":""2"",""node"":""kwok-node-8""},{""name"":""rs-31-p1-fhbcv"",""cpu_m"":161,""mem_b"":104036806,""priority"":""1"",""node"":""kwok-node-30""},{""name"":""rs-31-p1-tbrgn"",""cpu_m"":161,""mem_b"":104036806,""priority"":""1"",""node"":""kwok-node-25""},{""name"":""rs-32-p2-b7rtp"",""cpu_m"":953,""mem_b"":765526824,""priority"":""2"",""node"":""kwok-node-23""},{""name"":""rs-32-p2-tczr9"",""cpu_m"":953,""mem_b"":765526824,""priority"":""2"",""node"":""kwok-node-12""},{""name"":""rs-33-p1-8ql2d"",""cpu_m"":666,""mem_b"":310112189,""priority"":""1"",""node"":""kwok-node-11""},{""name"":""rs-33-p1-xzjr6"",""cpu_m"":666,""mem_b"":310112189,""priority"":""1"",""node"":""kwok-node-26""},{""name"":""rs-34-p4-4p9h7"",""cpu_m"":393,""mem_b"":641166295,""priority"":""4"",""node"":""kwok-node-20""},{""name"":""rs-35-p1-25krd"",""cpu_m"":725,""mem_b"":437451404,""priority"":""1"",""node"":""kwok-node-3""},{""name"":""rs-35-p1-gdtpm"",""cpu_m"":725,""mem_b"":437451404,""priority"":""1"",""node"":""kwok-node-11""},{""name"":""rs-35-p1-k6xcg"",""cpu_m"":725,""mem_b"":437451404,""priority"":""1"",""node"":""kwok-node-14""},{""name"":""rs-36-p4-pjkx6"",""cpu_m"":785,""mem_b"":368918812,""priority"":""4"",""node"":""kwok-node-18""},{""name"":""rs-36-p4-tctpp"",""cpu_m"":785,""mem_b"":368918812,""priority"":""4"",""node"":""kwok-node-14""},{""name"":""rs-37-p3-stjjp"",""cpu_m"":691,""mem_b"":557269079,""priority"":""3"",""node"":""kwok-node-17""},{""name"":""rs-37-p3-z6phb"",""cpu_m"":691,""mem_b"":557269079,""priority"":""3"",""node"":""kwok-node-24""},{""name"":""rs-38-p1-8lwg9"",""cpu_m"":553,""mem_b"":138291884,""priority"":""1"",""node"":""kwok-node-32""},{""name"":""rs-38-p1-l48hp"",""cpu_m"":553,""mem_b"":138291884,""priority"":""1"",""node"":""kwok-node-27""},{""name"":""rs-38-p1-s7f5g"",""cpu_m"":553,""mem_b"":138291884,""priority"":""1"",""node"":""kwok-node-15""},{""name"":""rs-39-p2-dqjz5"",""cpu_m"":159,""mem_b"":191557358,""priority"":""2"",""node"":""kwok-node-29""},{""name"":""rs-40-p2-5knhl"",""cpu_m"":912,""mem_b"":864805566,""priority"":""2"",""node"":""kwok-node-25""},{""name"":""rs-40-p2-5qcmq"",""cpu_m"":912,""mem_b"":864805566,""priority"":""2"",""node"":""kwok-node-9""},{""name"":""rs-40-p2-kvn5d"",""cpu_m"":912,""mem_b"":864805566,""priority"":""2"",""node"":""kwok-node-30""},{""name"":""rs-41-p2-kwq56"",""cpu_m"":973,""mem_b"":692764738,""priority"":""2"",""node"":""kwok-node-7""},{""name"":""rs-41-p2-l85p2"",""cpu_m"":973,""mem_b"":692764738,""priority"":""2"",""node"":""kwok-node-21""},{""name"":""rs-42-p3-2txxr"",""cpu_m"":340,""mem_b"":793294558,""priority"":""3"",""node"":""kwok-node-3""},{""name"":""rs-42-p3-b6rwg"",""cpu_m"":340,""mem_b"":793294558,""priority"":""3"",""node"":""kwok-node-15""},{""name"":""rs-42-p3-dtzj4"",""cpu_m"":340,""mem_b"":793294558,""priority"":""3"",""node"":""kwok-node-2""},{""name"":""rs-43-p1-6rnnm"",""cpu_m"":594,""mem_b"":448913513,""priority"":""1"",""node"":""kwok-node-28""},{""name"":""rs-43-p1-hvfk9"",""cpu_m"":594,""mem_b"":448913513,""priority"":""1"",""node"":""""},{""name"":""rs-44-p4-92nww"",""cpu_m"":569,""mem_b"":981042652,""priority"":""4"",""node"":""kwok-node-11""},{""name"":""rs-44-p4-c9872"",""cpu_m"":569,""mem_b"":981042652,""priority"":""4"",""node"":""kwok-node-27""},{""name"":""rs-44-p4-z4jjg"",""cpu_m"":569,""mem_b"":981042652,""priority"":""4"",""node"":""kwok-node-29""},{""name"":""rs-44-p4-zgn72"",""cpu_m"":569,""mem_b"":981042652,""priority"":""4"",""node"":""kwok-node-13""},{""name"":""rs-45-p2-mjvxj"",""cpu_m"":906,""mem_b"":363989553,""priority"":""2"",""node"":""kwok-node-4""},{""name"":""rs-45-p2-p9wdj"",""cpu_m"":906,""mem_b"":363989553,""priority"":""2"",""node"":""kwok-node-31""},{""name"":""rs-46-p4-6qkj6"",""cpu_m"":393,""mem_b"":279545988,""priority"":""4"",""node"":""kwok-node-32""},{""name"":""rs-46-p4-cpsmq"",""cpu_m"":393,""mem_b"":279545988,""priority"":""4"",""node"":""kwok-node-16""},{""name"":""rs-46-p4-vg6mn"",""cpu_m"":393,""mem_b"":279545988,""priority"":""4"",""node"":""kwok-node-22""},{""name"":""rs-46-p4-znfhf"",""cpu_m"":393,""mem_b"":279545988,""priority"":""4"",""node"":""kwok-node-20""},{""name"":""rs-47-p1-sdsz7"",""cpu_m"":495,""mem_b"":871000105,""priority"":""1"",""node"":""kwok-node-23""},{""name"":""rs-48-p4-qwxcm"",""cpu_m"":433,""mem_b"":893699181,""priority"":""4"",""node"":""kwok-node-30""},{""name"":""rs-49-p1-bm8qj"",""cpu_m"":686,""mem_b"":725777455,""priority"":""1"",""node"":""""},{""name"":""rs-49-p1-pls2f"",""cpu_m"":686,""mem_b"":725777455,""priority"":""1"",""node"":""""},{""name"":""rs-49-p1-rhgls"",""cpu_m"":686,""mem_b"":725777455,""priority"":""1"",""node"":""""},{""name"":""rs-49-p1-vw2sj"",""cpu_m"":686,""mem_b"":725777455,""priority"":""1"",""node"":""""},{""name"":""rs-50-p3-bzgjj"",""cpu_m"":933,""mem_b"":533623770,""priority"":""3"",""node"":""kwok-node-5""},{""name"":""rs-50-p3-kcfxc"",""cpu_m"":933,""mem_b"":533623770,""priority"":""3"",""node"":""kwok-node-1""},{""name"":""rs-51-p4-m677d"",""cpu_m"":604,""mem_b"":545028865,""priority"":""4"",""node"":""kwok-node-19""},{""name"":""rs-52-p3-4cs5f"",""cpu_m"":800,""mem_b"":878972927,""priority"":""3"",""node"":""kwok-node-2""},{""name"":""rs-52-p3-fzr8s"",""cpu_m"":800,""mem_b"":878972927,""priority"":""3"",""node"":""kwok-node-8""},{""name"":""rs-52-p3-mhbbg"",""cpu_m"":800,""mem_b"":878972927,""priority"":""3"",""node"":""kwok-node-21""},{""name"":""rs-52-p3-mkb4z"",""cpu_m"":800,""mem_b"":878972927,""priority"":""3"",""node"":""kwok-node-6""},{""name"":""rs-53-p1-ds25m"",""cpu_m"":684,""mem_b"":614331655,""priority"":""1"",""node"":""kwok-node-3""},{""name"":""rs-53-p1-ghq86"",""cpu_m"":684,""mem_b"":614331655,""priority"":""1"",""node"":""kwok-node-1""},{""name"":""rs-53-p1-v4j55"",""cpu_m"":684,""mem_b"":614331655,""priority"":""1"",""node"":""kwok-node-4""},{""name"":""rs-54-p1-4zj8s"",""cpu_m"":895,""mem_b"":919899368,""priority"":""1"",""node"":""""},{""name"":""rs-54-p1-nxmpb"",""cpu_m"":895,""mem_b"":919899368,""priority"":""1"",""node"":""""},{""name"":""rs-54-p1-r488z"",""cpu_m"":895,""mem_b"":919899368,""priority"":""1"",""node"":""""},{""name"":""rs-55-p1-mv5qd"",""cpu_m"":786,""mem_b"":369061714,""priority"":""1"",""node"":""""}]","[{""name"":""rs-01-p2-85xjg"",""cpu_m"":635,""mem_b"":691133079,""priority"":""2"",""node"":""kwok-node-13""},{""name"":""rs-01-p2-mctz4"",""cpu_m"":635,""mem_b"":691133079,""priority"":""2"",""node"":""kwok-node-12""},{""name"":""rs-02-p1-8ld4v"",""cpu_m"":482,""mem_b"":358042402,""priority"":""1"",""node"":""kwok-node-19""},{""name"":""rs-02-p1-bqqm9"",""cpu_m"":482,""mem_b"":358042402,""priority"":""1"",""node"":""kwok-node-1""},{""name"":""rs-02-p1-scbp7"",""cpu_m"":482,""mem_b"":358042402,""priority"":""1"",""node"":""kwok-node-10""},{""name"":""rs-02-p1-znv8r"",""cpu_m"":482,""mem_b"":358042402,""priority"":""1"",""node"":""kwok-node-2""},{""name"":""rs-03-p1-2vp46"",""cpu_m"":753,""mem_b"":652349651,""priority"":""1"",""node"":""kwok-node-16""},{""name"":""rs-03-p1-9zw96"",""cpu_m"":753,""mem_b"":652349651,""priority"":""1"",""node"":""kwok-node-22""},{""name"":""rs-03-p1-lksws"",""cpu_m"":753,""mem_b"":652349651,""priority"":""1"",""node"":""kwok-node-21""},{""name"":""rs-04-p3-9kr8t"",""cpu_m"":436,""mem_b"":121187256,""priority"":""3"",""node"":""kwok-node-20""},{""name"":""rs-05-p1-2hg25"",""cpu_m"":867,""mem_b"":592488894,""priority"":""1"",""node"":""kwok-node-18""},{""name"":""rs-05-p1-6t9kj"",""cpu_m"":867,""mem_b"":592488894,""priority"":""1"",""node"":""kwok-node-14""},{""name"":""rs-06-p3-j6z9h"",""cpu_m"":723,""mem_b"":314186068,""priority"":""3"",""node"":""kwok-node-17""},{""name"":""rs-07-p1-2dpnc"",""cpu_m"":231,""mem_b"":887342754,""priority"":""1"",""node"":""kwok-node-24""},{""name"":""rs-07-p1-5f598"",""cpu_m"":231,""mem_b"":887342754,""priority"":""1"",""node"":""kwok-node-26""},{""name"":""rs-07-p1-wtkzv"",""cpu_m"":231,""mem_b"":887342754,""priority"":""1"",""node"":""kwok-node-29""},{""name"":""rs-08-p2-dcx2f"",""cpu_m"":468,""mem_b"":255232156,""priority"":""2"",""node"":""kwok-node-28""},{""name"":""rs-09-p1-jjxfm"",""cpu_m"":291,""mem_b"":450100954,""priority"":""1"",""node"":""kwok-node-25""},{""name"":""rs-09-p1-kzzjn"",""cpu_m"":291,""mem_b"":450100954,""priority"":""1"",""node"":""kwok-node-30""},{""name"":""rs-09-p1-tj767"",""cpu_m"":291,""mem_b"":450100954,""priority"":""1"",""node"":""kwok-node-23""},{""name"":""rs-10-p2-5wb8p"",""cpu_m"":378,""mem_b"":102918006,""priority"":""2"",""node"":""kwok-node-3""},{""name"":""rs-10-p2-7ml8d"",""cpu_m"":378,""mem_b"":102918006,""priority"":""2"",""node"":""kwok-node-27""},{""name"":""rs-10-p2-flrj2"",""cpu_m"":378,""mem_b"":102918006,""priority"":""2"",""node"":""kwok-node-11""},{""name"":""rs-11-p4-rhlxj"",""cpu_m"":517,""mem_b"":968761202,""priority"":""4"",""node"":""kwok-node-31""},{""name"":""rs-11-p4-s5sjj"",""cpu_m"":517,""mem_b"":968761202,""priority"":""4"",""node"":""kwok-node-32""},{""name"":""rs-12-p1-28g2m"",""cpu_m"":561,""mem_b"":650145127,""priority"":""1"",""node"":""kwok-node-4""},{""name"":""rs-12-p1-2xr54"",""cpu_m"":561,""mem_b"":650145127,""priority"":""1"",""node"":""kwok-node-8""},{""name"":""rs-12-p1-dwjh2"",""cpu_m"":561,""mem_b"":650145127,""priority"":""1"",""node"":""kwok-node-6""},{""name"":""rs-12-p1-xq64b"",""cpu_m"":561,""mem_b"":650145127,""priority"":""1"",""node"":""kwok-node-7""},{""name"":""rs-13-p2-4d4qb"",""cpu_m"":572,""mem_b"":491719187,""priority"":""2"",""node"":""kwok-node-9""},{""name"":""rs-13-p2-cxxdn"",""cpu_m"":572,""mem_b"":491719187,""priority"":""2"",""node"":""kwok-node-15""},{""name"":""rs-13-p2-z9lrb"",""cpu_m"":572,""mem_b"":491719187,""priority"":""2"",""node"":""kwok-node-5""},{""name"":""rs-14-p1-fxks4"",""cpu_m"":812,""mem_b"":920168202,""priority"":""1"",""node"":""kwok-node-11""},{""name"":""rs-14-p1-t252w"",""cpu_m"":812,""mem_b"":920168202,""priority"":""1"",""node"":""kwok-node-27""},{""name"":""rs-14-p1-wn98s"",""cpu_m"":812,""mem_b"":920168202,""priority"":""1"",""node"":""kwok-node-3""},{""name"":""rs-15-p4-4kd7t"",""cpu_m"":683,""mem_b"":841589349,""priority"":""4"",""node"":""kwok-node-28""},{""name"":""rs-15-p4-kt4xv"",""cpu_m"":683,""mem_b"":841589349,""priority"":""4"",""node"":""kwok-node-20""},{""name"":""rs-15-p4-n67cw"",""cpu_m"":683,""mem_b"":841589349,""priority"":""4"",""node"":""kwok-node-1""},{""name"":""rs-16-p2-5zbjh"",""cpu_m"":437,""mem_b"":787686487,""priority"":""2"",""node"":""kwok-node-17""},{""name"":""rs-16-p2-pt5gl"",""cpu_m"":437,""mem_b"":787686487,""priority"":""2"",""node"":""kwok-node-10""},{""name"":""rs-17-p4-z28gs"",""cpu_m"":950,""mem_b"":220253472,""priority"":""4"",""node"":""kwok-node-24""},{""name"":""rs-18-p2-g5jfz"",""cpu_m"":1000,""mem_b"":132449148,""priority"":""2"",""node"":""kwok-node-29""},{""name"":""rs-19-p1-hlhqp"",""cpu_m"":387,""mem_b"":315655750,""priority"":""1"",""node"":""kwok-node-19""},{""name"":""rs-19-p1-jkz85"",""cpu_m"":387,""mem_b"":315655750,""priority"":""1"",""node"":""kwok-node-30""},{""name"":""rs-19-p1-kp4wp"",""cpu_m"":387,""mem_b"":315655750,""priority"":""1"",""node"":""kwok-node-23""},{""name"":""rs-19-p1-zw76m"",""cpu_m"":387,""mem_b"":315655750,""priority"":""1"",""node"":""kwok-node-25""},{""name"":""rs-20-p2-22q6p"",""cpu_m"":883,""mem_b"":449538221,""priority"":""2"",""node"":""kwok-node-2""},{""name"":""rs-21-p1-d7wzb"",""cpu_m"":992,""mem_b"":635918892,""priority"":""1"",""node"":""kwok-node-15""},{""name"":""rs-22-p3-dtk8w"",""cpu_m"":676,""mem_b"":670980829,""priority"":""3"",""node"":""kwok-node-5""},{""name"":""rs-22-p3-nxkf7"",""cpu_m"":676,""mem_b"":670980829,""priority"":""3"",""node"":""kwok-node-6""},{""name"":""rs-22-p3-t5msl"",""cpu_m"":676,""mem_b"":670980829,""priority"":""3"",""node"":""kwok-node-7""},{""name"":""rs-22-p3-xxj5s"",""cpu_m"":676,""mem_b"":670980829,""priority"":""3"",""node"":""kwok-node-9""},{""name"":""rs-23-p2-mvcl5"",""cpu_m"":272,""mem_b"":855767054,""priority"":""2"",""node"":""kwok-node-4""},{""name"":""rs-23-p2-nd76r"",""cpu_m"":272,""mem_b"":855767054,""priority"":""2"",""node"":""kwok-node-14""},{""name"":""rs-23-p2-zhqp7"",""cpu_m"":272,""mem_b"":855767054,""priority"":""2"",""node"":""kwok-node-18""},{""name"":""rs-24-p3-8hd89"",""cpu_m"":477,""mem_b"":426806185,""priority"":""3"",""node"":""kwok-node-12""},{""name"":""rs-24-p3-l2sdt"",""cpu_m"":477,""mem_b"":426806185,""priority"":""3"",""node"":""kwok-node-13""},{""name"":""rs-24-p3-wj55c"",""cpu_m"":477,""mem_b"":426806185,""priority"":""3"",""node"":""kwok-node-8""},{""name"":""rs-25-p4-cw6sb"",""cpu_m"":402,""mem_b"":293153498,""priority"":""4"",""node"":""kwok-node-30""},{""name"":""rs-25-p4-cxvlz"",""cpu_m"":402,""mem_b"":293153498,""priority"":""4"",""node"":""kwok-node-23""},{""name"":""rs-25-p4-hb76t"",""cpu_m"":402,""mem_b"":293153498,""priority"":""4"",""node"":""kwok-node-25""},{""name"":""rs-26-p3-5kzgl"",""cpu_m"":797,""mem_b"":792876133,""priority"":""3"",""node"":""kwok-node-16""},{""name"":""rs-26-p3-fpqvt"",""cpu_m"":797,""mem_b"":792876133,""priority"":""3"",""node"":""kwok-node-22""},{""name"":""rs-27-p3-4jbxd"",""cpu_m"":472,""mem_b"":574020941,""priority"":""3"",""node"":""kwok-node-21""},{""name"":""rs-28-p3-lsg2n"",""cpu_m"":730,""mem_b"":444279216,""priority"":""3"",""node"":""kwok-node-26""},{""name"":""rs-29-p2-26vxl"",""cpu_m"":831,""mem_b"":750164377,""priority"":""2"",""node"":""kwok-node-31""},{""name"":""rs-29-p2-rjwzm"",""cpu_m"":831,""mem_b"":750164377,""priority"":""2"",""node"":""kwok-node-19""},{""name"":""rs-30-p2-7htj7"",""cpu_m"":882,""mem_b"":610315781,""priority"":""2"",""node"":""kwok-node-32""},{""name"":""rs-30-p2-b6nft"",""cpu_m"":882,""mem_b"":610315781,""priority"":""2"",""node"":""kwok-node-10""},{""name"":""rs-30-p2-pqpkk"",""cpu_m"":882,""mem_b"":610315781,""priority"":""2"",""node"":""kwok-node-8""},{""name"":""rs-31-p1-fhbcv"",""cpu_m"":161,""mem_b"":104036806,""priority"":""1"",""node"":""kwok-node-30""},{""name"":""rs-31-p1-tbrgn"",""cpu_m"":161,""mem_b"":104036806,""priority"":""1"",""node"":""kwok-node-25""},{""name"":""rs-32-p2-b7rtp"",""cpu_m"":953,""mem_b"":765526824,""priority"":""2"",""node"":""kwok-node-23""},{""name"":""rs-32-p2-tczr9"",""cpu_m"":953,""mem_b"":765526824,""priority"":""2"",""node"":""kwok-node-12""},{""name"":""rs-33-p1-6gth2"",""cpu_m"":666,""mem_b"":310112189,""priority"":""1"",""node"":""kwok-node-13""},{""name"":""rs-33-p1-xzjr6"",""cpu_m"":666,""mem_b"":310112189,""priority"":""1"",""node"":""kwok-node-26""},{""name"":""rs-34-p4-4p9h7"",""cpu_m"":393,""mem_b"":641166295,""priority"":""4"",""node"":""kwok-node-20""},{""name"":""rs-35-p1-gdtpm"",""cpu_m"":725,""mem_b"":437451404,""priority"":""1"",""node"":""kwok-node-11""},{""name"":""rs-35-p1-lmtpm"",""cpu_m"":725,""mem_b"":437451404,""priority"":""1"",""node"":""kwok-node-1""},{""name"":""rs-35-p1-rfd7r"",""cpu_m"":725,""mem_b"":437451404,""priority"":""1"",""node"":""kwok-node-28""},{""name"":""rs-36-p4-pjkx6"",""cpu_m"":785,""mem_b"":368918812,""priority"":""4"",""node"":""kwok-node-18""},{""name"":""rs-36-p4-tctpp"",""cpu_m"":785,""mem_b"":368918812,""priority"":""4"",""node"":""kwok-node-14""},{""name"":""rs-37-p3-stjjp"",""cpu_m"":691,""mem_b"":557269079,""priority"":""3"",""node"":""kwok-node-17""},{""name"":""rs-37-p3-z6phb"",""cpu_m"":691,""mem_b"":557269079,""priority"":""3"",""node"":""kwok-node-24""},{""name"":""rs-38-p1-bmcgj"",""cpu_m"":553,""mem_b"":138291884,""priority"":""1"",""node"":""kwok-node-4""},{""name"":""rs-38-p1-h6dlz"",""cpu_m"":553,""mem_b"":138291884,""priority"":""1"",""node"":""kwok-node-3""},{""name"":""rs-38-p1-l48hp"",""cpu_m"":553,""mem_b"":138291884,""priority"":""1"",""node"":""kwok-node-27""},{""name"":""rs-39-p2-dqjz5"",""cpu_m"":159,""mem_b"":191557358,""priority"":""2"",""node"":""kwok-node-29""},{""name"":""rs-40-p2-5knhl"",""cpu_m"":912,""mem_b"":864805566,""priority"":""2"",""node"":""kwok-node-25""},{""name"":""rs-40-p2-5qcmq"",""cpu_m"":912,""mem_b"":864805566,""priority"":""2"",""node"":""kwok-node-9""},{""name"":""rs-40-p2-kvn5d"",""cpu_m"":912,""mem_b"":864805566,""priority"":""2"",""node"":""kwok-node-30""},{""name"":""rs-41-p2-kwq56"",""cpu_m"":973,""mem_b"":692764738,""priority"":""2"",""node"":""kwok-node-7""},{""name"":""rs-41-p2-l85p2"",""cpu_m"":973,""mem_b"":692764738,""priority"":""2"",""node"":""kwok-node-21""},{""name"":""rs-42-p3-2txxr"",""cpu_m"":340,""mem_b"":793294558,""priority"":""3"",""node"":""kwok-node-3""},{""name"":""rs-42-p3-b6rwg"",""cpu_m"":340,""mem_b"":793294558,""priority"":""3"",""node"":""kwok-node-15""},{""name"":""rs-42-p3-dtzj4"",""cpu_m"":340,""mem_b"":793294558,""priority"":""3"",""node"":""kwok-node-2""},{""name"":""rs-43-p1-wnjxt"",""cpu_m"":594,""mem_b"":448913513,""priority"":""1"",""node"":""kwok-node-5""},{""name"":""rs-43-p1-x68mp"",""cpu_m"":594,""mem_b"":448913513,""priority"":""1"",""node"":""kwok-node-6""},{""name"":""rs-44-p4-92nww"",""cpu_m"":569,""mem_b"":981042652,""priority"":""4"",""node"":""""},{""name"":""rs-44-p4-c9872"",""cpu_m"":569,""mem_b"":981042652,""priority"":""4"",""node"":""kwok-node-27""},{""name"":""rs-44-p4-z4jjg"",""cpu_m"":569,""mem_b"":981042652,""priority"":""4"",""node"":""kwok-node-29""},{""name"":""rs-44-p4-zgn72"",""cpu_m"":569,""mem_b"":981042652,""priority"":""4"",""node"":""""},{""name"":""rs-45-p2-mjvxj"",""cpu_m"":906,""mem_b"":363989553,""priority"":""2"",""node"":""kwok-node-4""},{""name"":""rs-45-p2-p9wdj"",""cpu_m"":906,""mem_b"":363989553,""priority"":""2"",""node"":""kwok-node-31""},{""name"":""rs-46-p4-6qkj6"",""cpu_m"":393,""mem_b"":279545988,""priority"":""4"",""node"":""kwok-node-32""},{""name"":""rs-46-p4-cpsmq"",""cpu_m"":393,""mem_b"":279545988,""priority"":""4"",""node"":""kwok-node-16""},{""name"":""rs-46-p4-vg6mn"",""cpu_m"":393,""mem_b"":279545988,""priority"":""4"",""node"":""kwok-node-22""},{""name"":""rs-46-p4-znfhf"",""cpu_m"":393,""mem_b"":279545988,""priority"":""4"",""node"":""kwok-node-20""},{""name"":""rs-47-p1-sdsz7"",""cpu_m"":495,""mem_b"":871000105,""priority"":""1"",""node"":""""},{""name"":""rs-48-p4-qwxcm"",""cpu_m"":433,""mem_b"":893699181,""priority"":""4"",""node"":""""},{""name"":""rs-49-p1-bm8qj"",""cpu_m"":686,""mem_b"":725777455,""priority"":""1"",""node"":""""},{""name"":""rs-49-p1-pls2f"",""cpu_m"":686,""mem_b"":725777455,""priority"":""1"",""node"":""""},{""name"":""rs-49-p1-rhgls"",""cpu_m"":686,""mem_b"":725777455,""priority"":""1"",""node"":""""},{""name"":""rs-49-p1-vw2sj"",""cpu_m"":686,""mem_b"":725777455,""priority"":""1"",""node"":""""},{""name"":""rs-50-p3-bzgjj"",""cpu_m"":933,""mem_b"":533623770,""priority"":""3"",""node"":""""},{""name"":""rs-50-p3-kcfxc"",""cpu_m"":933,""mem_b"":533623770,""priority"":""3"",""node"":""""},{""name"":""rs-51-p4-m677d"",""cpu_m"":604,""mem_b"":545028865,""priority"":""4"",""node"":""kwok-node-19""},{""name"":""rs-52-p3-4cs5f"",""cpu_m"":800,""mem_b"":878972927,""priority"":""3"",""node"":""""},{""name"":""rs-52-p3-fzr8s"",""cpu_m"":800,""mem_b"":878972927,""priority"":""3"",""node"":""""},{""name"":""rs-52-p3-mhbbg"",""cpu_m"":800,""mem_b"":878972927,""priority"":""3"",""node"":""""},{""name"":""rs-52-p3-mkb4z"",""cpu_m"":800,""mem_b"":878972927,""priority"":""3"",""node"":""""},{""name"":""rs-53-p1-ds25m"",""cpu_m"":684,""mem_b"":614331655,""priority"":""1"",""node"":""""},{""name"":""rs-53-p1-ghq86"",""cpu_m"":684,""mem_b"":614331655,""priority"":""1"",""node"":""""},{""name"":""rs-53-p1-v4j55"",""cpu_m"":684,""mem_b"":614331655,""priority"":""1"",""node"":""""},{""name"":""rs-54-p1-4zj8s"",""cpu_m"":895,""mem_b"":919899368,""priority"":""1"",""node"":""""},{""name"":""rs-54-p1-nxmpb"",""cpu_m"":895,""mem_b"":919899368,""priority"":""1"",""node"":""""},{""name"":""rs-54-p1-r488z"",""cpu_m"":895,""mem_b"":919899368,""priority"":""1"",""node"":""""},{""name"":""rs-55-p1-mv5qd"",""cpu_m"":786,""mem_b"":369061714,""priority"":""1"",""node"":""""}]","[{""name"":""kwok-node-1"",""cap_cpu_m"":2346,""cap_mem_bytes"":2215972545},{""name"":""kwok-node-2"",""cap_cpu_m"":2346,""cap_mem_bytes"":2215972545},{""name"":""kwok-node-3"",""cap_cpu_m"":2346,""cap_mem_bytes"":2215972545},{""name"":""kwok-node-4"",""cap_cpu_m"":2346,""cap_mem_bytes"":2215972545},{""name"":""kwok-node-5"",""cap_cpu_m"":2346,""cap_mem_bytes"":2215972545},{""name"":""kwok-node-6"",""cap_cpu_m"":2346,""cap_mem_bytes"":2215972545},{""name"":""kwok-node-7"",""cap_cpu_m"":2346,""cap_mem_bytes"":2215972545},{""name"":""kwok-node-8"",""cap_cpu_m"":2346,""cap_mem_bytes"":2215972545},{""name"":""kwok-node-9"",""cap_cpu_m"":2346,""cap_mem_bytes"":2215972545},{""name"":""kwok-node-10"",""cap_cpu_m"":2346,""cap_mem_bytes"":2215972545},{""name"":""kwok-node-11"",""cap_cpu_m"":2346,""cap_mem_bytes"":2215972545},{""name"":""kwok-node-12"",""cap_cpu_m"":2346,""cap_mem_bytes"":2215972545},{""name"":""kwok-node-13"",""cap_cpu_m"":2346,""cap_mem_bytes"":2215972545},{""name"":""kwok-node-14"",""cap_cpu_m"":2346,""cap_mem_bytes"":2215972545},{""name"":""kwok-node-15"",""cap_cpu_m"":2346,""cap_mem_bytes"":2215972545},{""name"":""kwok-node-16"",""cap_cpu_m"":2346,""cap_mem_bytes"":2215972545},{""name"":""kwok-node-17"",""cap_cpu_m"":2346,""cap_mem_bytes"":2215972545},{""name"":""kwok-node-18"",""cap_cpu_m"":2346,""cap_mem_bytes"":2215972545},{""name"":""kwok-node-19"",""cap_cpu_m"":2346,""cap_mem_bytes"":2215972545},{""name"":""kwok-node-20"",""cap_cpu_m"":2346,""cap_mem_bytes"":2215972545},{""name"":""kwok-node-21"",""cap_cpu_m"":2346,""cap_mem_bytes"":2215972545},{""name"":""kwok-node-22"",""cap_cpu_m"":2346,""cap_mem_bytes"":2215972545},{""name"":""kwok-node-23"",""cap_cpu_m"":2346,""cap_mem_bytes"":2215972545},{""name"":""kwok-node-24"",""cap_cpu_m"":2346,""cap_mem_bytes"":2215972545},{""name"":""kwok-node-25"",""cap_cpu_m"":2346,""cap_mem_bytes"":2215972545},{""name"":""kwok-node-26"",""cap_cpu_m"":2346,""cap_mem_bytes"":2215972545},{""name"":""kwok-node-27"",""cap_cpu_m"":2346,""cap_mem_bytes"":2215972545},{""name"":""kwok-node-28"",""cap_cpu_m"":2346,""cap_mem_bytes"":2215972545},{""name"":""kwok-node-29"",""cap_cpu_m"":2346,""cap_mem_bytes"":2215972545},{""name"":""kwok-node-30"",""cap_cpu_m"":2346,""cap_mem_bytes"":2215972545},{""name"":""kwok-node-31"",""cap_cpu_m"":2346,""cap_mem_bytes"":2215972545},{""name"":""kwok-node-32"",""cap_cpu_m"":2346,""cap_mem_bytes"":2215972545}]"
2026/02/11/11:45:50,55411538136720492,,"{""evicted"":0,""moved"":0,""placed_by_priority"":{""1"":24,""2"":27,""3"":40,""4"":18}}",python,"{""evicted"":14,""moved"":10,""placed_by_priority"":{""1"":10,""2"":31,""3"":45,""4"":27}}",988,FEASIBLE,"[{""duration_ms"":988,""name"":""python"",""score"":{""evicted"":14,""moved"":10,""placed_by_priority"":{""1"":10,""2"":31,""3"":45,""4"":27}},""status"":""FEASIBLE""}]",0.900,0.818,0.930,0.852,54700,49706,65916799762,60398242836,113,109,15,19,"{""kwok-node-1"":3,""kwok-node-10"":3,""kwok-node-11"":3,""kwok-node-12"":3,""kwok-node-13"":3,""kwok-node-14"":3,""kwok-node-15"":4,""kwok-node-16"":3,""kwok-node-17"":5,""kwok-node-18"":4,""kwok-node-19"":5,""kwok-node-2"":4,""kwok-node-20"":3,""kwok-node-21"":5,""kwok-node-22"":3,""kwok-node-23"":4,""kwok-node-24"":3,""kwok-node-25"":3,""kwok-node-26"":4,""kwok-node-27"":4,""kwok-node-28"":5,""kwok-node-29"":3,""kwok-node-3"":3,""kwok-node-30"":5,""kwok-node-31"":3,""kwok-node-32"":5,""kwok-node-4"":3,""kwok-node-5"":3,""kwok-node-6"":3,""kwok-node-7"":3,""kwok-node-8"":3,""kwok-node-9"":2}","{""kwok-node-1"":3,""kwok-node-10"":2,""kwok-node-11"":2,""kwok-node-12"":3,""kwok-node-13"":3,""kwok-node-14"":3,""kwok-node-15"":4,""kwok-node-16"":3,""kwok-node-17"":4,""kwok-node-18"":4,""kwok-node-19"":5,""kwok-node-2"":4,""kwok-node-20"":2,""kwok-node-21"":5,""kwok-node-22"":2,""kwok-node-23"":4,""kwok-node-24"":4,""kwok-node-25"":3,""kwok-node-26"":4,""kwok-node-27"":4,""kwok-node-28"":4,""kwok-node-29"":3,""kwok-node-3"":3,""kwok-node-30"":4,""kwok-node-31"":3,""kwok-node-32"":4,""kwok-node-4"":3,""kwok-node-5"":3,""kwok-node-6"":3,""kwok-node-7"":4,""kwok-node-8"":3,""kwok-node-9"":4}","{""p1"":10,""p2"":31,""p3"":45,""p4"":27}","{""p1"":24,""p2"":27,""p3"":40,""p4"":18}","{""p1"":15}","{""p1"":1,""p2"":4,""p3"":5,""p4"":9}","{rs-03-p1-lncr7,rs-11-p1-dm5fv,rs-11-p1-nnv54,rs-15-p1-lqk76,rs-29-p1-6mmbw,rs-29-p1-vtlvm,rs-40-p1-gzj2z,rs-40-p1-q4q8v,rs-44-p1-2wswn,rs-44-p1-6bkll,rs-44-p1-kdjqc,rs-48-p1-7ppkc,rs-48-p1-f7vjq,rs-48-p1-rjdzq,rs-51-p1-vv4rd}","{rs-45-p3-9zxzw,rs-45-p3-k5v4l,rs-45-p3-zdrkj,rs-45-p3-zjtwb,rs-46-p4-b5mmh,rs-47-p4-69qzh,rs-49-p4-4b4cl,rs-49-p4-cns4k,rs-49-p4-n5fxf,rs-49-p4-pczw6,rs-50-p2-c9ssd,rs-50-p2-g7lcp,rs-50-p2-wv67t,rs-51-p1-vv4rd,rs-52-p4-77rlq,rs-52-p4-fz5f5,rs-53-p2-wzbcx,rs-54-p4-s9cwf,rs-55-p3-c266d}","{rs-01-p3-5xp4m,rs-01-p3-ksbkh,rs-02-p3-n4nwn,rs-02-p3-tzlmm,rs-02-p3-wmzgf,rs-04-p3-5zqww,rs-04-p3-ttz6j,rs-05-p3-5hm7g,rs-05-p3-p9k74,rs-06-p2-7jlk6,rs-06-p2-rv8kn,rs-06-p2-thngw,rs-07-p2-lwfcm,rs-07-p2-lwl27,rs-07-p2-t9ssh,rs-07-p2-tjjsh,rs-08-p1-ks9ts,rs-08-p1-ngqg5,rs-09-p3-z8tln,rs-10-p3-4qtgp,rs-10-p3-lhtd9,rs-10-p3-qd4ht,rs-11-p1-7gcfs,rs-12-p1-b77cc,rs-12-p1-lsjxc,rs-13-p3-rhzhx,rs-14-p3-w5znf,rs-16-p4-4p26c,rs-16-p4-n7mbh,rs-16-p4-tc6r9,rs-16-p4-wq7xq,rs-17-p1-9vrzf,rs-17-p1-km6ml,rs-18-p3-dcxs7,rs-18-p3-v7dhs,rs-18-p3-vgskp,rs-19-p3-jnzt2,rs-19-p3-r48n9,rs-19-p3-x9c9w,rs-20-p3-5x668,rs-20-p3-69qdz,rs-20-p3-8lxx9,rs-20-p3-d4svt,rs-21-p4-jsgs2,rs-21-p4-t57c5,rs-21-p4-t7cd2,rs-21-p4-xjt7b,rs-22-p4-8vmqv,rs-23-p4-7rb5m,rs-23-p4-9lvpn,rs-24-p3-bw6d4,rs-24-p3-prltf,rs-24-p3-qxvhh,rs-25-p4-5cr8w,rs-26-p3-blcsw,rs-26-p3-xb55v,rs-27-p3-bkn9q,rs-27-p3-s6m5r,rs-27-p3-sj8p5,rs-27-p3-sl554,rs-28-p3-hd9zd,rs-28-p3-s7qbf,rs-30-p2-rvbvf,rs-30-p2-vpd4m,rs-31-p2-c2lvl,rs-31-p2-zhp6x,rs-32-p4-wpxsc,rs-32-p4-wrn97,rs-32-p4-x6jk6,rs-33-p2-hm9p4,rs-33-p2-lhmqn,rs-33-p2-smtc6,rs-34-p3-j7lb7,rs-35-p2-5zr4v,rs-36-p3-brzz4,rs-36-p3-vmvj9,rs-36-p3-xcbw8,rs-37-p2-f8scx,rs-37-p2-mzsxm,rs-37-p2-pr9nn,rs-37-p2-xt6v5,rs-38-p2-9qjqn,rs-38-p2-kkm7k,rs-38-p2-t8pg9,rs-38-p2-xvjvh,rs-39-p1-729wl,rs-39-p1-p9tb9,rs-39-p1-qnd2z,rs-41-p4-kmh9g,rs-42-p2-v97mf,rs-43-p2-7qx8g,rs-43-p2-lclf4,rs-43-p2-n549x,rs-45-p3-9zxzw,rs-45-p3-k5v4l,rs-45-p3-zdrkj,rs-45-p3-zjtwb,rs-46-p4-7glr5,rs-46-p4-879hh,rs-46-p4-b5mmh,rs-47-p4-69qzh,rs-49-p4-4b4cl,rs-49-p4-cns4k,rs-49-p4-n5fxf,rs-49-p4-pczw6,rs-50-p2-c9ssd,rs-50-p2-g7lcp,rs-50-p2-wv67t,rs-52-p4-77rlq,rs-52-p4-fz5f5,rs-53-p2-wzbcx,rs-54-p4-s9cwf,rs-55-p3-c266d}","{rs-01-p3-5xp4m,rs-01-p3-ksbkh,rs-02-p3-n4nwn,rs-02-p3-tzlmm,rs-02-p3-wmzgf,rs-03-p1-hfpfw,rs-04-p3-5zqww,rs-04-p3-ttz6j,rs-05-p3-5hm7g,rs-05-p3-p9k74,rs-06-p2-6jpc4,rs-06-p2-rv8kn,rs-06-p2-wss5x,rs-07-p2-lwfcm,rs-07-p2-lwl27,rs-07-p2-t9ssh,rs-07-p2-tjjsh,rs-08-p1-2z9td,rs-08-p1-9pdn8,rs-09-p3-z8tln,rs-10-p3-4qtgp,rs-10-p3-lhtd9,rs-10-p3-qd4ht,rs-11-p1-5smls,rs-11-p1-h6p5x,rs-11-p1-mrkpk,rs-12-p1-6kd7d,rs-12-p1-b77cc,rs-13-p3-rhzhx,rs-14-p3-w5znf,rs-15-p1-46bnr,rs-16-p4-4p26c,rs-16-p4-n7mbh,rs-16-p4-tc6r9,rs-16-p4-wq7xq,rs-17-p1-6vnm4,rs-17-p1-gj9t9,rs-18-p3-dcxs7,rs-18-p3-v7dhs,rs-18-p3-vgskp,rs-19-p3-jnzt2,rs-19-p3-r48n9,rs-19-p3-x9c9w,rs-20-p3-5x668,rs-20-p3-69qdz,rs-20-p3-8lxx9,rs-20-p3-d4svt,rs-21-p4-jsgs2,rs-21-p4-t57c5,rs-21-p4-t7cd2,rs-21-p4-xjt7b,rs-22-p4-8vmqv,rs-23-p4-7rb5m,rs-23-p4-9lvpn,rs-24-p3-bw6d4,rs-24-p3-prltf,rs-24-p3-qxvhh,rs-25-p4-5cr8w,rs-26-p3-blcsw,rs-26-p3-xb55v,rs-27-p3-bkn9q,rs-27-p3-s6m5r,rs-27-p3-sj8p5,rs-27-p3-sl554,rs-28-p3-hd9zd,rs-28-p3-s7qbf,rs-29-p1-9fmwh,rs-29-p1-xdk9k,rs-30-p2-rvbvf,rs-30-p2-vpd4m,rs-31-p2-c2lvl,rs-31-p2-zhp6x,rs-32-p4-wpxsc,rs-32-p4-wrn97,rs-32-p4-x6jk6,rs-33-p2-hm9p4,rs-33-p2-lhmqn,rs-33-p2-smtc6,rs-34-p3-j7lb7,rs-35-p2-5zr4v,rs-36-p3-brzz4,rs-36-p3-vmvj9,rs-36-p3-xcbw8,rs-37-p2-f8scx,rs-37-p2-mzsxm,rs-37-p2-pr9nn,rs-37-p2-xt6v5,rs-38-p2-9qjqn,rs-38-p2-kkm7k,rs-38-p2-t8pg9,rs-38-p2-xvjvh,rs-39-p1-2gdpl,rs-39-p1-bz7j8,rs-39-p1-qnd2z,rs-40-p1-ndwb2,rs-40-p1-zg22b,rs-41-p4-kmh9g,rs-42-p2-v97mf,rs-43-p2-7qx8g,rs-43-p2-lclf4,rs-43-p2-n549x,rs-44-p1-cz6hf,rs-44-p1-gll8t,rs-44-p1-xcwcc,rs-46-p4-7glr5,rs-46-p4-879hh,rs-48-p1-b8xbj,rs-48-p1-ncprn,rs-48-p1-smjr4}","[{""name"":""rs-01-p3-5xp4m"",""cpu_m"":120,""mem_b"":446166588,""priority"":""3"",""node"":""kwok-node-12""},{""name"":""rs-01-p3-ksbkh"",""cpu_m"":120,""mem_b"":446166588,""priority"":""3"",""node"":""kwok-node-1""},{""name"":""rs-02-p3-n4nwn"",""cpu_m"":625,""mem_b"":933834457,""priority"":""3"",""node"":""kwok-node-10""},{""name"":""rs-02-p3-tzlmm"",""cpu_m"":625,""mem_b"":933834457,""priority"":""3"",""node"":""kwok-node-11""},{""name"":""rs-02-p3-wmzgf"",""cpu_m"":625,""mem_b"":933834457,""priority"":""3"",""node"":""kwok-node-14""},{""name"":""rs-03-p1-lncr7"",""cpu_m"":653,""mem_b"":637451684,""priority"":""1"",""node"":""""},{""name"":""rs-04-p3-5zqww"",""cpu_m"":134,""mem_b"":479686075,""priority"":""3"",""node"":""kwok-node-21""},{""name"":""rs-04-p3-ttz6j"",""cpu_m"":134,""mem_b"":479686075,""priority"":""3"",""node"":""kwok-node-19""},{""name"":""rs-05-p3-5hm7g"",""cpu_m"":990,""mem_b"":613938801,""priority"":""3"",""node"":""kwok-node-20""},{""name"":""rs-05-p3-p9k74"",""cpu_m"":990,""mem_b"":613938801,""priority"":""3"",""node"":""kwok-node-22""},{""name"":""rs-06-p2-7jlk6"",""cpu_m"":107,""mem_b"":371844197,""priority"":""2"",""node"":""kwok-node-30""},{""name"":""rs-06-p2-rv8kn"",""cpu_m"":107,""mem_b"":371844197,""priority"":""2"",""node"":""kwok-node-17""},{""name"":""rs-06-p2-thngw"",""cpu_m"":107,""mem_b"":371844197,""priority"":""2"",""node"":""kwok-node-32""},{""name"":""rs-07-p2-lwfcm"",""cpu_m"":319,""mem_b"":247273618,""priority"":""2"",""node"":""kwok-node-27""},{""name"":""rs-07-p2-lwl27"",""cpu_m"":319,""mem_b"":247273618,""priority"":""2"",""node"":""kwok-node-28""},{""name"":""rs-07-p2-t9ssh"",""cpu_m"":319,""mem_b"":247273618,""priority"":""2"",""node"":""kwok-node-26""},{""name"":""rs-07-p2-tjjsh"",""cpu_m"":319,""mem_b"":247273618,""priority"":""2"",""node"":""kwok-node-15""},{""name"":""rs-08-p1-ks9ts"",""cpu_m"":558,""mem_b"":265418780,""priority"":""1"",""node"":""kwok-node-11""},{""name"":""rs-08-p1-ngqg5"",""cpu_m"":558,""mem_b"":265418780,""priority"":""1"",""node"":""kwok-node-10""},{""name"":""rs-09-p3-z8tln"",""cpu_m"":803,""mem_b"":255403491,""priority"":""3"",""node"":""kwok-node-29""},{""name"":""rs-10-p3-4qtgp"",""cpu_m"":796,""mem_b"":608470599,""priority"":""3"",""node"":""kwok-node-25""},{""name"":""rs-10-p3-lhtd9"",""cpu_m"":796,""mem_b"":608470599,""priority"":""3"",""node"":""kwok-node-23""},{""name"":""rs-10-p3-qd4ht"",""cpu_m"":796,""mem_b"":608470599,""priority"":""3"",""node"":""kwok-node-13""},{""name"":""rs-11-p1-7gcfs"",""cpu_m"":368,""mem_b"":755529450,""priority"":""1"",""node"":""kwok-node-26""},{""name"":""rs-11-p1-dm5fv"",""cpu_m"":368,""mem_b"":755529450,""priority"":""1"",""node"":""""},{""name"":""rs-11-p1-nnv54"",""cpu_m"":368,""mem_b"":755529450,""priority"":""1"",""node"":""""},{""name"":""rs-12-p1-b77cc"",""cpu_m"":206,""mem_b"":263126933,""priority"":""1"",""node"":""kwok-node-7""},{""name"":""rs-12-p1-lsjxc"",""cpu_m"":206,""mem_b"":263126933,""priority"":""1"",""node"":""kwok-node-17""},{""name"":""rs-13-p3-rhzhx"",""cpu_m"":241,""mem_b"":555807817,""priority"":""3"",""node"":""kwok-node-32""},{""name"":""rs-14-p3-w5znf"",""cpu_m"":583,""mem_b"":328805613,""priority"":""3"",""node"":""kwok-node-8""},{""name"":""rs-15-p1-lqk76"",""cpu_m"":727,""mem_b"":385338960,""priority"":""1"",""node"":""""},{""name"":""rs-16-p4-4p26c"",""cpu_m"":466,""mem_b"":894117300,""priority"":""4"",""node"":""kwok-node-28""},{""name"":""rs-16-p4-n7mbh"",""cpu_m"":466,""mem_b"":894117300,""priority"":""4"",""node"":""kwok-node-15""},{""name"":""rs-16-p4-tc6r9"",""cpu_m"":466,""mem_b"":894117300,""priority"":""4"",""node"":""kwok-node-5""},{""name"":""rs-16-p4-wq7xq"",""cpu_m"":466,""mem_b"":894117300,""priority"":""4"",""node"":""kwok-node-6""},{""name"":""rs-17-p1-9vrzf"",""cpu_m"":509,""mem_b"":521412735,""priority"":""1"",""node"":""kwok-node-28""},{""name"":""rs-17-p1-km6ml"",""cpu_m"":509,""mem_b"":521412735,""priority"":""1"",""node"":""kwok-node-4""},{""name"":""rs-18-p3-dcxs7"",""cpu_m"":453,""mem_b"":374649491,""priority"":""3"",""node"":""kwok-node-2""},{""name"":""rs-18-p3-v7dhs"",""cpu_m"":453,""mem_b"":374649491,""priority"":""3"",""node"":""kwok-node-18""},{""name"":""rs-18-p3-vgskp"",""cpu_m"":453,""mem_b"":374649491,""priority"":""3"",""node"":""kwok-node-17""},{""name"":""rs-19-p3-jnzt2"",""cpu_m"":718,""mem_b"":851512625,""priority"":""3"",""node"":""kwok-node-1""},{""name"":""rs-19-p3-r48n9"",""cpu_m"":718,""mem_b"":851512625,""priority"":""3"",""node"":""kwok-node-12""},{""name"":""rs-19-p3-x9c9w"",""cpu_m"":718,""mem_b"":851512625,""priority"":""3"",""node"":""kwok-node-27""},{""name"":""rs-20-p3-5x668"",""cpu_m"":103,""mem_b"":117956462,""priority"":""3"",""node"":""kwok-node-19""},{""name"":""rs-20-p3-69qdz"",""cpu_m"":103,""mem_b"":117956462,""priority"":""3"",""node"":""kwok-node-32""},{""name"":""rs-20-p3-8lxx9"",""cpu_m"":103,""mem_b"":117956462,""priority"":""3"",""node"":""kwok-node-21""},{""name"":""rs-20-p3-d4svt"",""cpu_m"":103,""mem_b"":117956462,""priority"":""3"",""node"":""kwok-node-24""},{""name"":""rs-21-p4-jsgs2"",""cpu_m"":738,""mem_b"":111515234,""priority"":""4"",""node"":""kwok-node-21""},{""name"":""rs-21-p4-t57c5"",""cpu_m"":738,""mem_b"":111515234,""priority"":""4"",""node"":""kwok-node-31""},{""name"":""rs-21-p4-t7cd2"",""cpu_m"":738,""mem_b"":111515234,""priority"":""4"",""node"":""kwok-node-32""},{""name"":""rs-21-p4-xjt7b"",""cpu_m"":738,""mem_b"":111515234,""priority"":""4"",""node"":""kwok-node-19""},{""name"":""rs-22-p4-8vmqv"",""cpu_m"":414,""mem_b"":280845206,""priority"":""4"",""node"":""kwok-node-30""},{""name"":""rs-23-p4-7rb5m"",""cpu_m"":751,""mem_b"":924264189,""priority"":""4"",""node"":""kwok-node-3""},{""name"":""rs-23-p4-9lvpn"",""cpu_m"":751,""mem_b"":924264189,""priority"":""4"",""node"":""kwok-node-8""},{""name"":""rs-24-p3-bw6d4"",""cpu_m"":227,""mem_b"":981154857,""priority"":""3"",""node"":""kwok-node-29""},{""name"":""rs-24-p3-prltf"",""cpu_m"":227,""mem_b"":981154857,""priority"":""3"",""node"":""kwok-node-24""},{""name"":""rs-24-p3-qxvhh"",""cpu_m"":227,""mem_b"":981154857,""priority"":""3"",""node"":""kwok-node-4""},{""name"":""rs-25-p4-5cr8w"",""cpu_m"":987,""mem_b"":180529397,""priority"":""4"",""node"":""kwok-node-5""},{""name"":""rs-26-p3-blcsw"",""cpu_m"":732,""mem_b"":575749143,""priority"":""3"",""node"":""kwok-node-6""},{""name"":""rs-26-p3-xb55v"",""cpu_m"":732,""mem_b"":575749143,""priority"":""3"",""node"":""kwok-node-17""},{""name"":""rs-27-p3-bkn9q"",""cpu_m"":161,""mem_b"":748590848,""priority"":""3"",""node"":""kwok-node-23""},{""name"":""rs-27-p3-s6m5r"",""cpu_m"":161,""mem_b"":748590848,""priority"":""3"",""node"":""kwok-node-13""},{""name"":""rs-27-p3-sj8p5"",""cpu_m"":161,""mem_b"":748590848,""priority"":""3"",""node"":""kwok-node-25""},{""name"":""rs-27-p3-sl554"",""cpu_m"":161,""mem_b"":748590848,""priority"":""3"",""node"":""kwok-node-16""},{""name"":""rs-28-p3-hd9zd"",""cpu_m"":574,""mem_b"":254424715,""priority"":""3"",""node"":""kwok-node-18""},{""name"":""rs-28-p3-s7qbf"",""cpu_m"":574,""mem_b"":254424715,""priority"":""3"",""node"":""kwok-node-2""},{""name"":""rs-29-p1-6mmbw"",""cpu_m"":512,""mem_b"":697304673,""priority"":""1"",""node"":""""},{""name"":""rs-29-p1-vtlvm"",""cpu_m"":512,""mem_b"":697304673,""priority"":""1"",""node"":""""},{""name"":""rs-30-p2-rvbvf"",""cpu_m"":211,""mem_b"":488043503,""priority"":""2"",""node"":""kwok-node-21""},{""name"":""rs-30-p2-vpd4m"",""cpu_m"":211,""mem_b"":488043503,""priority"":""2"",""node"":""kwok-node-19""},{""name"":""rs-31-p2-c2lvl"",""cpu_m"":683,""mem_b"":957259525,""priority"":""2"",""node"":""kwok-node-10""},{""name"":""rs-31-p2-zhp6x"",""cpu_m"":683,""mem_b"":957259525,""priority"":""2"",""node"":""kwok-node-11""},{""name"":""rs-32-p4-wpxsc"",""cpu_m"":536,""mem_b"":989347050,""priority"":""4"",""node"":""kwok-node-32""},{""name"":""rs-32-p4-wrn97"",""cpu_m"":536,""mem_b"":989347050,""priority"":""4"",""node"":""kwok-node-22""},{""name"":""rs-32-p4-x6jk6"",""cpu_m"":536,""mem_b"":989347050,""priority"":""4"",""node"":""kwok-node-20""},{""name"":""rs-33-p2-hm9p4"",""cpu_m"":231,""mem_b"":687524169,""priority"":""2"",""node"":""kwok-node-26""},{""name"":""rs-33-p2-lhmqn"",""cpu_m"":231,""mem_b"":687524169,""priority"":""2"",""node"":""kwok-node-31""},{""name"":""rs-33-p2-smtc6"",""cpu_m"":231,""mem_b"":687524169,""priority"":""2"",""node"":""kwok-node-14""},{""name"":""rs-34-p3-j7lb7"",""cpu_m"":339,""mem_b"":363560589,""priority"":""3"",""node"":""kwok-node-30""},{""name"":""rs-35-p2-5zr4v"",""cpu_m"":270,""mem_b"":358401237,""priority"":""2"",""node"":""kwok-node-28""},{""name"":""rs-36-p3-brzz4"",""cpu_m"":121,""mem_b"":442419048,""priority"":""3"",""node"":""kwok-node-18""},{""name"":""rs-36-p3-vmvj9"",""cpu_m"":121,""mem_b"":442419048,""priority"":""3"",""node"":""kwok-node-2""},{""name"":""rs-36-p3-xcbw8"",""cpu_m"":121,""mem_b"":442419048,""priority"":""3"",""node"":""kwok-node-27""},{""name"":""rs-37-p2-f8scx"",""cpu_m"":214,""mem_b"":804343173,""priority"":""2"",""node"":""kwok-node-21""},{""name"":""rs-37-p2-mzsxm"",""cpu_m"":214,""mem_b"":804343173,""priority"":""2"",""node"":""kwok-node-5""},{""name"":""rs-37-p2-pr9nn"",""cpu_m"":214,""mem_b"":804343173,""priority"":""2"",""node"":""kwok-node-15""},{""name"":""rs-37-p2-xt6v5"",""cpu_m"":214,""mem_b"":804343173,""priority"":""2"",""node"":""kwok-node-3""},{""name"":""rs-38-p2-9qjqn"",""cpu_m"":557,""mem_b"":772356027,""priority"":""2"",""node"":""kwok-node-29""},{""name"":""rs-38-p2-kkm7k"",""cpu_m"":557,""mem_b"":772356027,""priority"":""2"",""node"":""kwok-node-1""},{""name"":""rs-38-p2-t8pg9"",""cpu_m"":557,""mem_b"":772356027,""priority"":""2"",""node"":""kwok-node-19""},{""name"":""rs-38-p2-xvjvh"",""cpu_m"":557,""mem_b"":772356027,""priority"":""2"",""node"":""kwok-node-12""},{""name"":""rs-39-p1-729wl"",""cpu_m"":354,""mem_b"":580763448,""priority"":""1"",""node"":""kwok-node-22""},{""name"":""rs-39-p1-p9tb9"",""cpu_m"":354,""mem_b"":580763448,""priority"":""1"",""node"":""kwok-node-20""},{""name"":""rs-39-p1-qnd2z"",""cpu_m"":354,""mem_b"":580763448,""priority"":""1"",""node"":""kwok-node-17""},{""name"":""rs-40-p1-gzj2z"",""cpu_m"":629,""mem_b"":817344364,""priority"":""1"",""node"":""""},{""name"":""rs-40-p1-q4q8v"",""cpu_m"":629,""mem_b"":817344364,""priority"":""1"",""node"":""""},{""name"":""rs-41-p4-kmh9g"",""cpu_m"":300,""mem_b"":654721614,""priority"":""4"",""node"":""kwok-node-8""},{""name"":""rs-42-p2-v97mf"",""cpu_m"":824,""mem_b"":508226498,""priority"":""2"",""node"":""kwok-node-16""},{""name"":""rs-43-p2-7qx8g"",""cpu_m"":273,""mem_b"":116328757,""priority"":""2"",""node"":""kwok-node-30""},{""name"":""rs-43-p2-lclf4"",""cpu_m"":273,""mem_b"":116328757,""priority"":""2"",""node"":""kwok-node-23""},{""name"":""rs-43-p2-n549x"",""cpu_m"":273,""mem_b"":116328757,""priority"":""2"",""node"":""kwok-node-28""},{""name"":""rs-44-p1-2wswn"",""cpu_m"":819,""mem_b"":251331613,""priority"":""1"",""node"":""""},{""name"":""rs-44-p1-6bkll"",""cpu_m"":819,""mem_b"":251331613,""priority"":""1"",""node"":""""},{""name"":""rs-44-p1-kdjqc"",""cpu_m"":819,""mem_b"":251331613,""priority"":""1"",""node"":""""},{""name"":""rs-45-p3-9zxzw"",""cpu_m"":606,""mem_b"":974290884,""priority"":""3"",""node"":""kwok-node-30""},{""name"":""rs-45-p3-k5v4l"",""cpu_m"":606,""mem_b"":974290884,""priority"":""3"",""node"":""kwok-node-2""},{""name"":""rs-45-p3-zdrkj"",""cpu_m"":606,""mem_b"":974290884,""priority"":""3"",""node"":""kwok-node-18""},{""name"":""rs-45-p3-zjtwb"",""cpu_m"":606,""mem_b"":974290884,""priority"":""3"",""node"":""kwok-node-7""},{""name"":""rs-46-p4-7glr5"",""cpu_m"":654,""mem_b"":735743646,""priority"":""4"",""node"":""kwok-node-23""},{""name"":""rs-46-p4-879hh"",""cpu_m"":654,""mem_b"":735743646,""priority"":""4"",""node"":""kwok-node-6""},{""name"":""rs-46-p4-b5mmh"",""cpu_m"":654,""mem_b"":735743646,""priority"":""4"",""node"":""kwok-node-13""},{""name"":""rs-47-p4-69qzh"",""cpu_m"":991,""mem_b"":663970059,""priority"":""4"",""node"":""kwok-node-4""},{""name"":""rs-48-p1-7ppkc"",""cpu_m"":641,""mem_b"":396881153,""priority"":""1"",""node"":""""},{""name"":""rs-48-p1-f7vjq"",""cpu_m"":641,""mem_b"":396881153,""priority"":""1"",""node"":""""},{""name"":""rs-48-p1-rjdzq"",""cpu_m"":641,""mem_b"":396881153,""priority"":""1"",""node"":""""},{""name"":""rs-49-p4-4b4cl"",""cpu_m"":684,""mem_b"":404518073,""priority"":""4"",""node"":""kwok-node-14""},{""name"":""rs-49-p4-cns4k"",""cpu_m"":684,""mem_b"":404518073,""priority"":""4"",""node"":""kwok-node-27""},{""name"":""rs-49-p4-n5fxf"",""cpu_m"":684,""mem_b"":404518073,""priority"":""4"",""node"":""kwok-node-3""},{""name"":""rs-49-p4-pczw6"",""cpu_m"":684,""mem_b"":404518073,""priority"":""4"",""node"":""kwok-node-31""},{""name"":""rs-50-p2-c9ssd"",""cpu_m"":967,""mem_b"":965180031,""priority"":""2"",""node"":""kwok-node-7""},{""name"":""rs-50-p2-g7lcp"",""cpu_m"":967,""mem_b"":965180031,""priority"":""2"",""node"":""kwok-node-24""},{""name"":""rs-50-p2-wv67t"",""cpu_m"":967,""mem_b"":965180031,""priority"":""2"",""node"":""kwok-node-9""},{""name"":""rs-51-p1-vv4rd"",""cpu_m"":321,""mem_b"":999920814,""priority"":""1"",""node"":""""},{""name"":""rs-52-p4-77rlq"",""cpu_m"":709,""mem_b"":809563916,""priority"":""4"",""node"":""kwok-node-25""},{""name"":""rs-52-p4-fz5f5"",""cpu_m"":709,""mem_b"":809563916,""priority"":""4"",""node"":""kwok-node-16""},{""name"":""rs-53-p2-wzbcx"",""cpu_m"":968,""mem_b"":366716877,""priority"":""2"",""node"":""kwok-node-26""},{""name"":""rs-54-p4-s9cwf"",""cpu_m"":854,""mem_b"":994815646,""priority"":""4"",""node"":""kwok-node-9""},{""name"":""rs-55-p3-c266d"",""cpu_m"":826,""mem_b"":235192861,""priority"":""3"",""node"":""kwok-node-15""}]","[{""name"":""rs-01-p3-5xp4m"",""cpu_m"":120,""mem_b"":446166588,""priority"":""3"",""node"":""kwok-node-12""},{""name"":""rs-01-p3-ksbkh"",""cpu_m"":120,""mem_b"":446166588,""priority"":""3"",""node"":""kwok-node-1""},{""name"":""rs-02-p3-n4nwn"",""cpu_m"":625,""mem_b"":933834457,""priority"":""3"",""node"":""kwok-node-10""},{""name"":""rs-02-p3-tzlmm"",""cpu_m"":625,""mem_b"":933834457,""priority"":""3"",""node"":""kwok-node-11""},{""name"":""rs-02-p3-wmzgf"",""cpu_m"":625,""mem_b"":933834457,""priority"":""3"",""node"":""kwok-node-14""},{""name"":""rs-03-p1-hfpfw"",""cpu_m"":653,""mem_b"":637451684,""priority"":""1"",""node"":""kwok-node-16""},{""name"":""rs-04-p3-5zqww"",""cpu_m"":134,""mem_b"":479686075,""priority"":""3"",""node"":""kwok-node-21""},{""name"":""rs-04-p3-ttz6j"",""cpu_m"":134,""mem_b"":479686075,""priority"":""3"",""node"":""kwok-node-19""},{""name"":""rs-05-p3-5hm7g"",""cpu_m"":990,""mem_b"":613938801,""priority"":""3"",""node"":""kwok-node-20""},{""name"":""rs-05-p3-p9k74"",""cpu_m"":990,""mem_b"":613938801,""priority"":""3"",""node"":""kwok-node-22""},{""name"":""rs-06-p2-6jpc4"",""cpu_m"":107,""mem_b"":371844197,""priority"":""2"",""node"":""kwok-node-2""},{""name"":""rs-06-p2-rv8kn"",""cpu_m"":107,""mem_b"":371844197,""priority"":""2"",""node"":""kwok-node-17""},{""name"":""rs-06-p2-wss5x"",""cpu_m"":107,""mem_b"":371844197,""priority"":""2"",""node"":""kwok-node-18""},{""name"":""rs-07-p2-lwfcm"",""cpu_m"":319,""mem_b"":247273618,""priority"":""2"",""node"":""kwok-node-27""},{""name"":""rs-07-p2-lwl27"",""cpu_m"":319,""mem_b"":247273618,""priority"":""2"",""node"":""kwok-node-28""},{""name"":""rs-07-p2-t9ssh"",""cpu_m"":319,""mem_b"":247273618,""priority"":""2"",""node"":""kwok-node-26""},{""name"":""rs-07-p2-tjjsh"",""cpu_m"":319,""mem_b"":247273618,""priority"":""2"",""node"":""kwok-node-15""},{""name"":""rs-08-p1-2z9td"",""cpu_m"":558,""mem_b"":265418780,""priority"":""1"",""node"":""kwok-node-3""},{""name"":""rs-08-p1-9pdn8"",""cpu_m"":558,""mem_b"":265418780,""priority"":""1"",""node"":""kwok-node-24""},{""name"":""rs-09-p3-z8tln"",""cpu_m"":803,""mem_b"":255403491,""priority"":""3"",""node"":""kwok-node-29""},{""name"":""rs-10-p3-4qtgp"",""cpu_m"":796,""mem_b"":608470599,""priority"":""3"",""node"":""kwok-node-25""},{""name"":""rs-10-p3-lhtd9"",""cpu_m"":796,""mem_b"":608470599,""priority"":""3"",""node"":""kwok-node-23""},{""name"":""rs-10-p3-qd4ht"",""cpu_m"":796,""mem_b"":608470599,""priority"":""3"",""node"":""kwok-node-13""},{""name"":""rs-11-p1-5smls"",""cpu_m"":368,""mem_b"":755529450,""priority"":""1"",""node"":""kwok-node-26""},{""name"":""rs-11-p1-h6p5x"",""cpu_m"":368,""mem_b"":755529450,""priority"":""1"",""node"":""kwok-node-31""},{""name"":""rs-11-p1-mrkpk"",""cpu_m"":368,""mem_b"":755529450,""priority"":""1"",""node"":""kwok-node-30""},{""name"":""rs-12-p1-6kd7d"",""cpu_m"":206,""mem_b"":263126933,""priority"":""1"",""node"":""kwok-node-9""},{""name"":""rs-12-p1-b77cc"",""cpu_m"":206,""mem_b"":263126933,""priority"":""1"",""node"":""kwok-node-7""},{""name"":""rs-13-p3-rhzhx"",""cpu_m"":241,""mem_b"":555807817,""priority"":""3"",""node"":""kwok-node-32""},{""name"":""rs-14-p3-w5znf"",""cpu_m"":583,""mem_b"":328805613,""priority"":""3"",""node"":""kwok-node-8""},{""name"":""rs-15-p1-46bnr"",""cpu_m"":727,""mem_b"":385338960,""priority"":""1"",""node"":""kwok-node-4""},{""name"":""rs-16-p4-4p26c"",""cpu_m"":466,""mem_b"":894117300,""priority"":""4"",""node"":""kwok-node-28""},{""name"":""rs-16-p4-n7mbh"",""cpu_m"":466,""mem_b"":894117300,""priority"":""4"",""node"":""kwok-node-15""},{""name"":""rs-16-p4-tc6r9"",""cpu_m"":466,""mem_b"":894117300,""priority"":""4"",""node"":""kwok-node-5""},{""name"":""rs-16-p4-wq7xq"",""cpu_m"":466,""mem_b"":894117300,""priority"":""4"",""node"":""kwok-node-6""},{""name"":""rs-17-p1-6vnm4"",""cpu_m"":509,""mem_b"":521412735,""priority"":""1"",""node"":""kwok-node-7""},{""name"":""rs-17-p1-gj9t9"",""cpu_m"":509,""mem_b"":521412735,""priority"":""1"",""node"":""kwok-node-9""},{""name"":""rs-18-p3-dcxs7"",""cpu_m"":453,""mem_b"":374649491,""priority"":""3"",""node"":""kwok-node-2""},{""name"":""rs-18-p3-v7dhs"",""cpu_m"":453,""mem_b"":374649491,""priority"":""3"",""node"":""kwok-node-18""},{""name"":""rs-18-p3-vgskp"",""cpu_m"":453,""mem_b"":374649491,""priority"":""3"",""node"":""kwok-node-17""},{""name"":""rs-19-p3-jnzt2"",""cpu_m"":718,""mem_b"":851512625,""priority"":""3"",""node"":""kwok-node-1""},{""name"":""rs-19-p3-r48n9"",""cpu_m"":718,""mem_b"":851512625,""priority"":""3"",""node"":""kwok-node-12""},{""name"":""rs-19-p3-x9c9w"",""cpu_m"":718,""mem_b"":851512625,""priority"":""3"",""node"":""kwok-node-27""},{""name"":""rs-20-p3-5x668"",""cpu_m"":103,""mem_b"":117956462,""priority"":""3"",""node"":""kwok-node-19""},{""name"":""rs-20-p3-69qdz"",""cpu_m"":103,""mem_b"":117956462,""priority"":""3"",""node"":""kwok-node-32""},{""name"":""rs-20-p3-8lxx9"",""cpu_m"":103,""mem_b"":117956462,""priority"":""3"",""node"":""kwok-node-21""},{""name"":""rs-20-p3-d4svt"",""cpu_m"":103,""mem_b"":117956462,""priority"":""3"",""node"":""kwok-node-24""},{""name"":""rs-21-p4-jsgs2"",""cpu_m"":738,""mem_b"":111515234,""priority"":""4"",""node"":""kwok-node-21""},{""name"":""rs-21-p4-t57c5"",""cpu_m"":738,""mem_b"":111515234,""priority"":""4"",""node"":""kwok-node-31""},{""name"":""rs-21-p4-t7cd2"",""cpu_m"":738,""mem_b"":111515234,""priority"":""4"",""node"":""kwok-node-32""},{""name"":""rs-21-p4-xjt7b"",""cpu_m"":738,""mem_b"":111515234,""priority"":""4"",""node"":""kwok-node-19""},{""name"":""rs-22-p4-8vmqv"",""cpu_m"":414,""mem_b"":280845206,""priority"":""4"",""node"":""kwok-node-30""},{""name"":""rs-23-p4-7rb5m"",""cpu_m"":751,""mem_b"":924264189,""priority"":""4"",""node"":""kwok-node-3""},{""name"":""rs-23-p4-9lvpn"",""cpu_m"":751,""mem_b"":924264189,""priority"":""4"",""node"":""kwok-node-8""},{""name"":""rs-24-p3-bw6d4"",""cpu_m"":227,""mem_b"":981154857,""priority"":""3"",""node"":""kwok-node-29""},{""name"":""rs-24-p3-prltf"",""cpu_m"":227,""mem_b"":981154857,""priority"":""3"",""node"":""kwok-node-24""},{""name"":""rs-24-p3-qxvhh"",""cpu_m"":227,""mem_b"":981154857,""priority"":""3"",""node"":""kwok-node-4""},{""name"":""rs-25-p4-5cr8w"",""cpu_m"":987,""mem_b"":180529397,""priority"":""4"",""node"":""kwok-node-5""},{""name"":""rs-26-p3-blcsw"",""cpu_m"":732,""mem_b"":575749143,""priority"":""3"",""node"":""kwok-node-6""},{""name"":""rs-26-p3-xb55v"",""cpu_m"":732,""mem_b"":575749143,""priority"":""3"",""node"":""kwok-node-17""},{""name"":""rs-27-p3-bkn9q"",""cpu_m"":161,""mem_b"":748590848,""priority"":""3"",""node"":""kwok-node-23""},{""name"":""rs-27-p3-s6m5r"",""cpu_m"":161,""mem_b"":748590848,""priority"":""3"",""node"":""kwok-node-13""},{""name"":""rs-27-p3-sj8p5"",""cpu_m"":161,""mem_b"":748590848,""priority"":""3"",""node"":""kwok-node-25""},{""name"":""rs-27-p3-sl554"",""cpu_m"":161,""mem_b"":748590848,""priority"":""3"",""node"":""kwok-node-16""},{""name"":""rs-28-p3-hd9zd"",""cpu_m"":574,""mem_b"":254424715,""priority"":""3"",""node"":""kwok-node-18""},{""name"":""rs-28-p3-s7qbf"",""cpu_m"":574,""mem_b"":254424715,""priority"":""3"",""node"":""kwok-node-2""},{""name"":""rs-29-p1-9fmwh"",""cpu_m"":512,""mem_b"":697304673,""priority"":""1"",""node"":""kwok-node-9""},{""name"":""rs-29-p1-xdk9k"",""cpu_m"":512,""mem_b"":697304673,""priority"":""1"",""node"":""kwok-node-7""},{""name"":""rs-30-p2-rvbvf"",""cpu_m"":211,""mem_b"":488043503,""priority"":""2"",""node"":""kwok-node-21""},{""name"":""rs-30-p2-vpd4m"",""cpu_m"":211,""mem_b"":488043503,""priority"":""2"",""node"":""kwok-node-19""},{""name"":""rs-31-p2-c2lvl"",""cpu_m"":683,""mem_b"":957259525,""priority"":""2"",""node"":""kwok-node-10""},{""name"":""rs-31-p2-zhp6x"",""cpu_m"":683,""mem_b"":957259525,""priority"":""2"",""node"":""kwok-node-11""},{""name"":""rs-32-p4-wpxsc"",""cpu_m"":536,""mem_b"":989347050,""priority"":""4"",""node"":""kwok-node-32""},{""name"":""rs-32-p4-wrn97"",""cpu_m"":536,""mem_b"":989347050,""priority"":""4"",""node"":""kwok-node-22""},{""name"":""rs-32-p4-x6jk6"",""cpu_m"":536,""mem_b"":989347050,""priority"":""4"",""node"":""kwok-node-20""},{""name"":""rs-33-p2-hm9p4"",""cpu_m"":231,""mem_b"":687524169,""priority"":""2"",""node"":""kwok-node-26""},{""name"":""rs-33-p2-lhmqn"",""cpu_m"":231,""mem_b"":687524169,""priority"":""2"",""node"":""kwok-node-31""},{""name"":""rs-33-p2-smtc6"",""cpu_m"":231,""mem_b"":687524169,""priority"":""2"",""node"":""kwok-node-14""},{""name"":""rs-34-p3-j7lb7"",""cpu_m"":339,""mem_b"":363560589,""priority"":""3"",""node"":""kwok-node-30""},{""name"":""rs-35-p2-5zr4v"",""cpu_m"":270,""mem_b"":358401237,""priority"":""2"",""node"":""kwok-node-28""},{""name"":""rs-36-p3-brzz4"",""cpu_m"":121,""mem_b"":442419048,""priority"":""3"",""node"":""kwok-node-18""},{""name"":""rs-36-p3-vmvj9"",""cpu_m"":121,""mem_b"":442419048,""priority"":""3"",""node"":""kwok-node-2""},{""name"":""rs-36-p3-xcbw8"",""cpu_m"":121,""mem_b"":442419048,""priority"":""3"",""node"":""kwok-node-27""},{""name"":""rs-37-p2-f8scx"",""cpu_m"":214,""mem_b"":804343173,""priority"":""2"",""node"":""kwok-node-21""},{""name"":""rs-37-p2-mzsxm"",""cpu_m"":214,""mem_b"":804343173,""priority"":""2"",""node"":""kwok-node-5""},{""name"":""rs-37-p2-pr9nn"",""cpu_m"":214,""mem_b"":804343173,""priority"":""2"",""node"":""kwok-node-15""},{""name"":""rs-37-p2-xt6v5"",""cpu_m"":214,""mem_b"":804343173,""priority"":""2"",""node"":""kwok-node-3""},{""name"":""rs-38-p2-9qjqn"",""cpu_m"":557,""mem_b"":772356027,""priority"":""2"",""node"":""kwok-node-29""},{""name"":""rs-38-p2-kkm7k"",""cpu_m"":557,""mem_b"":772356027,""priority"":""2"",""node"":""kwok-node-1""},{""name"":""rs-38-p2-t8pg9"",""cpu_m"":557,""mem_b"":772356027,""priority"":""2"",""node"":""kwok-node-19""},{""name"":""rs-38-p2-xvjvh"",""cpu_m"":557,""mem_b"":772356027,""priority"":""2"",""node"":""kwok-node-12""},{""name"":""rs-39-p1-2gdpl"",""cpu_m"":354,""mem_b"":580763448,""priority"":""1"",""node"":""kwok-node-25""},{""name"":""rs-39-p1-bz7j8"",""cpu_m"":354,""mem_b"":580763448,""priority"":""1"",""node"":""kwok-node-24""},{""name"":""rs-39-p1-qnd2z"",""cpu_m"":354,""mem_b"":580763448,""priority"":""1"",""node"":""kwok-node-17""},{""name"":""rs-40-p1-ndwb2"",""cpu_m"":629,""mem_b"":817344364,""priority"":""1"",""node"":""kwok-node-13""},{""name"":""rs-40-p1-zg22b"",""cpu_m"":629,""mem_b"":817344364,""priority"":""1"",""node"":""kwok-node-4""},{""name"":""rs-41-p4-kmh9g"",""cpu_m"":300,""mem_b"":654721614,""priority"":""4"",""node"":""kwok-node-8""},{""name"":""rs-42-p2-v97mf"",""cpu_m"":824,""mem_b"":508226498,""priority"":""2"",""node"":""kwok-node-16""},{""name"":""rs-43-p2-7qx8g"",""cpu_m"":273,""mem_b"":116328757,""priority"":""2"",""node"":""kwok-node-30""},{""name"":""rs-43-p2-lclf4"",""cpu_m"":273,""mem_b"":116328757,""priority"":""2"",""node"":""kwok-node-23""},{""name"":""rs-43-p2-n549x"",""cpu_m"":273,""mem_b"":116328757,""priority"":""2"",""node"":""kwok-node-28""},{""name"":""rs-44-p1-cz6hf"",""cpu_m"":819,""mem_b"":251331613,""priority"":""1"",""node"":""kwok-node-15""},{""name"":""rs-44-p1-gll8t"",""cpu_m"":819,""mem_b"":251331613,""priority"":""1"",""node"":""kwok-node-26""},{""name"":""rs-44-p1-xcwcc"",""cpu_m"":819,""mem_b"":251331613,""priority"":""1"",""node"":""kwok-node-14""},{""name"":""rs-45-p3-9zxzw"",""cpu_m"":606,""mem_b"":974290884,""priority"":""3"",""node"":""""},{""name"":""rs-45-p3-k5v4l"",""cpu_m"":606,""mem_b"":974290884,""priority"":""3"",""node"":""""},{""name"":""rs-45-p3-zdrkj"",""cpu_m"":606,""mem_b"":974290884,""priority"":""3"",""node"":""""},{""name"":""rs-45-p3-zjtwb"",""cpu_m"":606,""mem_b"":974290884,""priority"":""3"",""node"":""""},{""name"":""rs-46-p4-7glr5"",""cpu_m"":654,""mem_b"":735743646,""priority"":""4"",""node"":""kwok-node-23""},{""name"":""rs-46-p4-879hh"",""cpu_m"":654,""mem_b"":735743646,""priority"":""4"",""node"":""kwok-node-6""},{""name"":""rs-46-p4-b5mmh"",""cpu_m"":654,""mem_b"":735743646,""priority"":""4"",""node"":""""},{""name"":""rs-47-p4-69qzh"",""cpu_m"":991,""mem_b"":663970059,""priority"":""4"",""node"":""""},{""name"":""rs-48-p1-b8xbj"",""cpu_m"":641,""mem_b"":396881153,""priority"":""1"",""node"":""kwok-node-9""},{""name"":""rs-48-p1-ncprn"",""cpu_m"":641,""mem_b"":396881153,""priority"":""1"",""node"":""kwok-node-27""},{""name"":""rs-48-p1-smjr4"",""cpu_m"":641,""mem_b"":396881153,""priority"":""1"",""node"":""kwok-node-7""},{""name"":""rs-49-p4-4b4cl"",""cpu_m"":684,""mem_b"":404518073,""priority"":""4"",""node"":""""},{""name"":""rs-49-p4-cns4k"",""cpu_m"":684,""mem_b"":404518073,""priority"":""4"",""node"":""""},{""name"":""rs-49-p4-n5fxf"",""cpu_m"":684,""mem_b"":404518073,""priority"":""4"",""node"":""""},{""name"":""rs-49-p4-pczw6"",""cpu_m"":684,""mem_b"":404518073,""priority"":""4"",""node"":""""},{""name"":""rs-50-p2-c9ssd"",""cpu_m"":967,""mem_b"":965180031,""priority"":""2"",""node"":""""},{""name"":""rs-50-p2-g7lcp"",""cpu_m"":967,""mem_b"":965180031,""priority"":""2"",""node"":""""},{""name"":""rs-50-p2-wv67t"",""cpu_m"":967,""mem_b"":965180031,""priority"":""2"",""node"":""""},{""name"":""rs-51-p1-vv4rd"",""cpu_m"":321,""mem_b"":999920814,""priority"":""1"",""node"":""""},{""name"":""rs-52-p4-77rlq"",""cpu_m"":709,""mem_b"":809563916,""priority"":""4"",""node"":""""},{""name"":""rs-52-p4-fz5f5"",""cpu_m"":709,""mem_b"":809563916,""priority"":""4"",""node"":""""},{""name"":""rs-53-p2-wzbcx"",""cpu_m"":968,""mem_b"":366716877,""priority"":""2"",""node"":""""},{""name"":""rs-54-p4-s9cwf"",""cpu_m"":854,""mem_b"":994815646,""priority"":""4"",""node"":""""},{""name"":""rs-55-p3-c266d"",""cpu_m"":826,""mem_b"":235192861,""priority"":""3"",""node"":""""}]","[{""name"":""kwok-node-1"",""cap_cpu_m"":1899,""cap_mem_bytes"":2215015075},{""name"":""kwok-node-2"",""cap_cpu_m"":1899,""cap_mem_bytes"":2215015075},{""name"":""kwok-node-3"",""cap_cpu_m"":1899,""cap_mem_bytes"":2215015075},{""name"":""kwok-node-4"",""cap_cpu_m"":1899,""cap_mem_bytes"":2215015075},{""name"":""kwok-node-5"",""cap_cpu_m"":1899,""cap_mem_bytes"":2215015075},{""name"":""kwok-node-6"",""cap_cpu_m"":1899,""cap_mem_bytes"":2215015075},{""name"":""kwok-node-7"",""cap_cpu_m"":1899,""cap_mem_bytes"":2215015075},{""name"":""kwok-node-8"",""cap_cpu_m"":1899,""cap_mem_bytes"":2215015075},{""name"":""kwok-node-9"",""cap_cpu_m"":1899,""cap_mem_bytes"":2215015075},{""name"":""kwok-node-10"",""cap_cpu_m"":1899,""cap_mem_bytes"":2215015075},{""name"":""kwok-node-11"",""cap_cpu_m"":1899,""cap_mem_bytes"":2215015075},{""name"":""kwok-node-12"",""cap_cpu_m"":1899,""cap_mem_bytes"":2215015075},{""name"":""kwok-node-13"",""cap_cpu_m"":1899,""cap_mem_bytes"":2215015075},{""name"":""kwok-node-14"",""cap_cpu_m"":1899,""cap_mem_bytes"":2215015075},{""name"":""kwok-node-15"",""cap_cpu_m"":1899,""cap_mem_bytes"":2215015075},{""name"":""kwok-node-16"",""cap_cpu_m"":1899,""cap_mem_bytes"":2215015075},{""name"":""kwok-node-17"",""cap_cpu_m"":1899,""cap_mem_bytes"":2215015075},{""name"":""kwok-node-18"",""cap_cpu_m"":1899,""cap_mem_bytes"":2215015075},{""name"":""kwok-node-19"",""cap_cpu_m"":1899,""cap_mem_bytes"":2215015075},{""name"":""kwok-node-20"",""cap_cpu_m"":1899,""cap_mem_bytes"":2215015075},{""name"":""kwok-node-21"",""cap_cpu_m"":1899,""cap_mem_bytes"":2215015075},{""name"":""kwok-node-22"",""cap_cpu_m"":1899,""cap_mem_bytes"":2215015075},{""name"":""kwok-node-23"",""cap_cpu_m"":1899,""cap_mem_bytes"":2215015075},{""name"":""kwok-node-24"",""cap_cpu_m"":1899,""cap_mem_bytes"":2215015075},{""name"":""kwok-node-25"",""cap_cpu_m"":1899,""cap_mem_bytes"":2215015075},{""name"":""kwok-node-26"",""cap_cpu_m"":1899,""cap_mem_bytes"":2215015075},{""name"":""kwok-node-27"",""cap_cpu_m"":1899,""cap_mem_bytes"":2215015075},{""name"":""kwok-node-28"",""cap_cpu_m"":1899,""cap_mem_bytes"":2215015075},{""name"":""kwok-node-29"",""cap_cpu_m"":1899,""cap_mem_bytes"":2215015075},{""name"":""kwok-node-30"",""cap_cpu_m"":1899,""cap_mem_bytes"":2215015075},{""name"":""kwok-node-31"",""cap_cpu_m"":1899,""cap_mem_bytes"":2215015075},{""name"":""kwok-node-32"",""cap_cpu_m"":1899,""cap_mem_bytes"":2215015075}]"
2026/02/11/11:46:43,7158228594698779781,,"{""evicted"":0,""moved"":0,""placed_by_priority"":{""1"":30,""2"":31,""3"":36,""4"":11}}",python,"{""evicted"":9,""moved"":13,""placed_by_priority"":{""1"":22,""2"":32,""3"":36,""4"":23}}",980,FEASIBLE,"[{""duration_ms"":980,""name"":""python"",""score"":{""evicted"":9,""moved"":13,""placed_by_priority"":{""1"":22,""2"":32,""3"":36,""4"":23}},""status"":""FEASIBLE""}]",0.893,0.802,0.884,0.868,57584,51756,60251731387,59151117393,113,108,15,20,"{""kwok-node-1"":4,""kwok-node-10"":6,""kwok-node-11"":3,""kwok-node-12"":4,""kwok-node-13"":3,""kwok-node-14"":3,""kwok-node-15"":3,""kwok-node-16"":3,""kwok-node-17"":3,""kwok-node-18"":3,""kwok-node-19"":3,""kwok-node-2"":3,""kwok-node-20"":4,""kwok-node-21"":2,""kwok-node-22"":5,""kwok-node-23"":4,""kwok-node-24"":3,""kwok-node-25"":5,""kwok-node-26"":4,""kwok-node-27"":4,""kwok-node-28"":3,""kwok-node-29"":2,""kwok-node-3"":3,""kwok-node-30"":3,""kwok-node-31"":3,""kwok-node-32"":4,""kwok-node-4"":3,""kwok-node-5"":4,""kwok-node-6"":4,""kwok-node-7"":4,""kwok-node-8"":4,""kwok-node-9"":4}","{""kwok-node-1"":3,""kwok-node-10"":6,""kwok-node-11"":3,""kwok-node-12"":5,""kwok-node-13"":3,""kwok-node-14"":3,""kwok-node-15"":3,""kwok-node-16"":3,""kwok-node-17"":3,""kwok-node-18"":3,""kwok-node-19"":3,""kwok-node-2"":3,""kwok-node-20"":4,""kwok-node-21"":3,""kwok-node-22"":5,""kwok-node-23"":5,""kwok-node-24"":3,""kwok-node-25"":6,""kwok-node-26"":4,""kwok-node-27"":3,""kwok-node-28"":2,""kwok-node-29"":2,""kwok-node-3"":2,""kwok-node-30"":2,""kwok-node-31"":3,""kwok-node-32"":4,""kwok-node-4"":3,""kwok-node-5"":3,""kwok-node-6"":3,""kwok-node-7"":4,""kwok-node-8"":3,""kwok-node-9"":3}","{""p1"":22,""p2"":32,""p3"":36,""p4"":23}","{""p1"":30,""p2"":31,""p3"":36,""p4"":11}","{""p1"":15}","{""p1"":7,""p2"":1,""p4"":12}","{rs-01-p1-fc8l7,rs-01-p1-kc5vx,rs-01-p1-kz2b9,rs-15-p1-7k4km,rs-15-p1-hdpv5,rs-22-p1-9hfh8,rs-22-p1-tzjdp,rs-22-p1-wfdhn,rs-37-p1-2b8bb,rs-37-p1-467dd,rs-43-p1-2clhq,rs-43-p1-sl6tj,rs-46-p1-26qz2,rs-46-p1-h6mx7,rs-46-p1-sf7sc}","{rs-36-p4-4qzjz,rs-36-p4-bnmsp,rs-36-p4-ml9v9,rs-37-p1-467dd,rs-43-p1-2clhq,rs-43-p1-q6kqj,rs-43-p1-sl6tj,rs-44-p4-2ljhl,rs-44-p4-78t9g,rs-44-p4-9wcck,rs-46-p1-26qz2,rs-46-p1-h6mx7,rs-46-p1-sf7sc,rs-47-p4-grbjk,rs-47-p4-htrsx,rs-47-p4-sblfh,rs-47-p4-zqq59,rs-48-p2-hx6c7,rs-49-p4-27hl9,rs-49-p4-7fplq}","{rs-02-p3-lbmrn,rs-02-p3-wxchv,rs-03-p2-7x8zg,rs-03-p2-gv4c4,rs-03-p2-sjswf,rs-03-p2-vb6jq,rs-04-p4-75kcb,rs-04-p4-cc7fc,rs-04-p4-m4jl4,rs-05-p2-m8m2n,rs-06-p3-4vxdm,rs-06-p3-jphww,rs-06-p3-m8gkx,rs-07-p4-85zjg,rs-07-p4-cdtsg,rs-07-p4-mhnvp,rs-07-p4-ptlpb,rs-08-p2-8xzhk,rs-08-p2-qq5kp,rs-08-p2-s6v2v,rs-09-p2-2ncmm,rs-09-p2-nzjl7,rs-09-p2-qqzq7,rs-09-p2-vphhq,rs-10-p1-7gswd,rs-10-p1-7mnks,rs-10-p1-9scwr,rs-10-p1-lfrjn,rs-11-p4-s65wh,rs-12-p3-msxgz,rs-12-p3-sdvcj,rs-12-p3-twkzm,rs-13-p2-nc5rm,rs-14-p2-9kpsd,rs-14-p2-fvp4t,rs-14-p2-psxl9,rs-15-p1-2zhkb,rs-15-p1-r4njp,rs-16-p1-7p54n,rs-16-p1-hjlct,rs-17-p2-jt6ks,rs-17-p2-kb9cc,rs-18-p3-g6qdp,rs-18-p3-qldsb,rs-19-p3-blm25,rs-19-p3-q4lhf,rs-19-p3-v7dtr,rs-20-p2-h5fnk,rs-20-p2-jvcjs,rs-20-p2-tdp6r,rs-20-p2-x96pd,rs-21-p4-4rl2t,rs-22-p1-bscps,rs-23-p2-22psp,rs-23-p2-4bgz4,rs-23-p2-4jzq5,rs-24-p2-pbjbr,rs-25-p1-9sc57,rs-26-p3-2kp42,rs-26-p3-fmpmc,rs-26-p3-hgvxp,rs-27-p3-wftf7,rs-28-p3-4n5ml,rs-28-p3-gcnbr,rs-28-p3-jjfhg,rs-28-p3-mpg7c,rs-29-p1-hnx97,rs-29-p1-z99vz,rs-30-p3-mc5xb,rs-30-p3-mqnwv,rs-30-p3-rv2n8,rs-30-p3-zwls9,rs-31-p1-9ggwj,rs-32-p2-fvxqf,rs-32-p2-w4dg8,rs-33-p3-96fmr,rs-33-p3-fb5c9,rs-33-p3-fn55l,rs-34-p3-7m4lv,rs-35-p1-4mzxw,rs-35-p1-qrltn,rs-36-p4-4qzjz,rs-36-p4-bnmsp,rs-36-p4-ml9v9,rs-37-p1-27frs,rs-37-p1-9pb6g,rs-38-p4-qt7s5,rs-38-p4-tqvpj,rs-39-p2-tsbhh,rs-39-p2-w7tmt,rs-39-p2-z7d7f,rs-40-p3-4l2qm,rs-40-p3-74pml,rs-40-p3-bkxgp,rs-41-p1-9qqgm,rs-42-p1-4w24n,rs-42-p1-7dmv8,rs-42-p1-fpjdp,rs-43-p1-q6kqj,rs-44-p4-2ljhl,rs-44-p4-78t9g,rs-44-p4-9wcck,rs-45-p3-6wnhd,rs-45-p3-87w8v,rs-45-p3-jgg59,rs-45-p3-q9sgc,rs-47-p4-grbjk,rs-47-p4-htrsx,rs-47-p4-sblfh,rs-47-p4-zqq59,rs-48-p2-hx6c7,rs-49-p4-27hl9,rs-49-p4-7fplq}","{rs-01-p1-fgnh6,rs-01-p1-fnrzw,rs-01-p1-kc7k5,rs-02-p3-lbmrn,rs-02-p3-wxchv,rs-03-p2-7x8zg,rs-03-p2-gv4c4,rs-03-p2-sjswf,rs-03-p2-vb6jq,rs-04-p4-75kcb,rs-04-p4-cc7fc,rs-04-p4-m4jl4,rs-05-p2-m8m2n,rs-06-p3-4vxdm,rs-06-p3-jphww,rs-06-p3-m8gkx,rs-07-p4-85zjg,rs-07-p4-cdtsg,rs-07-p4-mhnvp,rs-07-p4-ptlpb,rs-08-p2-8xzhk,rs-08-p2-qq5kp,rs-08-p2-s6v2v,rs-09-p2-2ncmm,rs-09-p2-nzjl7,rs-09-p2-qqzq7,rs-09-p2-vphhq,rs-10-p1-7gswd,rs-10-p1-jmzww,rs-10-p1-x7x9h,rs-10-p1-zc75n,rs-11-p4-s65wh,rs-12-p3-msxgz,rs-12-p3-sdvcj,rs-12-p3-twkzm,rs-13-p2-nc5rm,rs-14-p2-9kpsd,rs-14-p2-fvp4t,rs-14-p2-psxl9,rs-15-p1-2zhkb,rs-15-p1-klv57,rs-15-p1-r4njp,rs-15-p1-rdv92,rs-16-p1-7p54n,rs-16-p1-hjlct,rs-17-p2-jt6ks,rs-17-p2-kb9cc,rs-18-p3-g6qdp,rs-18-p3-qldsb,rs-19-p3-blm25,rs-19-p3-q4lhf,rs-19-p3-v7dtr,rs-20-p2-h5fnk,rs-20-p2-jvcjs,rs-20-p2-tdp6r,rs-20-p2-x96pd,rs-21-p4-4rl2t,rs-22-p1-6xwnb,rs-22-p1-g9g5w,rs-22-p1-l2p2c,rs-22-p1-sk6xf,rs-23-p2-22psp,rs-23-p2-4bgz4,rs-23-p2-4jzq5,rs-24-p2-pbjbr,rs-25-p1-9sc57,rs-26-p3-2kp42,rs-26-p3-fmpmc,rs-26-p3-hgvxp,rs-27-p3-wftf7,rs-28-p3-4n5ml,rs-28-p3-gcnbr,rs-28-p3-jjfhg,rs-28-p3-mpg7c,rs-29-p1-hctbj,rs-29-p1-kgtzj,rs-30-p3-mc5xb,rs-30-p3-mqnwv,rs-30-p3-rv2n8,rs-30-p3-zwls9,rs-31-p1-kb9hk,rs-32-p2-fvxqf,rs-32-p2-w4dg8,rs-33-p3-96fmr,rs-33-p3-fb5c9,rs-33-p3-fn55l,rs-34-p3-7m4lv,rs-35-p1-lvbtw,rs-35-p1-wsw6c,rs-37-p1-27frs,rs-37-p1-9pb6g,rs-37-p1-spvf4,rs-38-p4-qt7s5,rs-38-p4-tqvpj,rs-39-p2-tsbhh,rs-39-p2-w7tmt,rs-39-p2-z7d7f,rs-40-p3-4l2qm,rs-40-p3-74pml,rs-40-p3-bkxgp,rs-41-p1-fdq47,rs-42-p1-78xnk,rs-42-p1-8dpfl,rs-42-p1-8nr77,rs-45-p3-6wnhd,rs-45-p3-87w8v,rs-45-p3-jgg59,rs-45-p3-q9sgc}","[{""name"":""rs-01-p1-fc8l7"",""cpu_m"":647,""mem_b"":896322123,""priority"":""1"",""node"":""""},{""name"":""rs-01-p1-kc5vx"",""cpu_m"":647,""mem_b"":896322123,""priority"":""1"",""node"":""""},{""name"":""rs-01-p1-kz2b9"",""cpu_m"":647,""mem_b"":896322123,""priority"":""1"",""node"":""""},{""name"":""rs-02-p3-lbmrn"",""cpu_m"":386,""mem_b"":527157236,""priority"":""3"",""node"":""kwok-node-19""},{""name"":""rs-02-p3-wxchv"",""cpu_m"":386,""mem_b"":527157236,""priority"":""3"",""node"":""kwok-node-11""},{""name"":""rs-03-p2-7x8zg"",""cpu_m"":517,""mem_b"":133537406,""priority"":""2"",""node"":""kwok-node-12""},{""name"":""rs-03-p2-gv4c4"",""cpu_m"":517,""mem_b"":133537406,""priority"":""2"",""node"":""kwok-node-22""},{""name"":""rs-03-p2-sjswf"",""cpu_m"":517,""mem_b"":133537406,""priority"":""2"",""node"":""kwok-node-23""},{""name"":""rs-03-p2-vb6jq"",""cpu_m"":517,""mem_b"":133537406,""priority"":""2"",""node"":""kwok-node-20""},{""name"":""rs-04-p4-75kcb"",""cpu_m"":982,""mem_b"":471308422,""priority"":""4"",""node"":""kwok-node-13""},{""name"":""rs-04-p4-cc7fc"",""cpu_m"":982,""mem_b"":471308422,""priority"":""4"",""node"":""kwok-node-18""},{""name"":""rs-04-p4-m4jl4"",""cpu_m"":982,""mem_b"":471308422,""priority"":""4"",""node"":""kwok-node-21""},{""name"":""rs-05-p2-m8m2n"",""cpu_m"":856,""mem_b"":423163822,""priority"":""2"",""node"":""kwok-node-17""},{""name"":""rs-06-p3-4vxdm"",""cpu_m"":132,""mem_b"":246559532,""priority"":""3"",""node"":""kwok-node-25""},{""name"":""rs-06-p3-jphww"",""cpu_m"":132,""mem_b"":246559532,""priority"":""3"",""node"":""kwok-node-1""},{""name"":""rs-06-p3-m8gkx"",""cpu_m"":132,""mem_b"":246559532,""priority"":""3"",""node"":""kwok-node-10""},{""name"":""rs-07-p4-85zjg"",""cpu_m"":910,""mem_b"":817122126,""priority"":""4"",""node"":""kwok-node-30""},{""name"":""rs-07-p4-cdtsg"",""cpu_m"":910,""mem_b"":817122126,""priority"":""4"",""node"":""kwok-node-29""},{""name"":""rs-07-p4-mhnvp"",""cpu_m"":910,""mem_b"":817122126,""priority"":""4"",""node"":""kwok-node-28""},{""name"":""rs-07-p4-ptlpb"",""cpu_m"":910,""mem_b"":817122126,""priority"":""4"",""node"":""kwok-node-3""},{""name"":""rs-08-p2-8xzhk"",""cpu_m"":209,""mem_b"":867634547,""priority"":""2"",""node"":""kwok-node-2""},{""name"":""rs-08-p2-qq5kp"",""cpu_m"":209,""mem_b"":867634547,""priority"":""2"",""node"":""kwok-node-26""},{""name"":""rs-08-p2-s6v2v"",""cpu_m"":209,""mem_b"":867634547,""priority"":""2"",""node"":""kwok-node-24""},{""name"":""rs-09-p2-2ncmm"",""cpu_m"":690,""mem_b"":513093883,""priority"":""2"",""node"":""kwok-node-27""},{""name"":""rs-09-p2-nzjl7"",""cpu_m"":690,""mem_b"":513093883,""priority"":""2"",""node"":""kwok-node-1""},{""name"":""rs-09-p2-qqzq7"",""cpu_m"":690,""mem_b"":513093883,""priority"":""2"",""node"":""kwok-node-10""},{""name"":""rs-09-p2-vphhq"",""cpu_m"":690,""mem_b"":513093883,""priority"":""2"",""node"":""kwok-node-25""},{""name"":""rs-10-p1-7gswd"",""cpu_m"":184,""mem_b"":374599292,""priority"":""1"",""node"":""kwok-node-22""},{""name"":""rs-10-p1-7mnks"",""cpu_m"":184,""mem_b"":374599292,""priority"":""1"",""node"":""kwok-node-3""},{""name"":""rs-10-p1-9scwr"",""cpu_m"":184,""mem_b"":374599292,""priority"":""1"",""node"":""kwok-node-28""},{""name"":""rs-10-p1-lfrjn"",""cpu_m"":184,""mem_b"":374599292,""priority"":""1"",""node"":""kwok-node-30""},{""name"":""rs-11-p4-s65wh"",""cpu_m"":126,""mem_b"":910173902,""priority"":""4"",""node"":""kwok-node-4""},{""name"":""rs-12-p3-msxgz"",""cpu_m"":817,""mem_b"":734874207,""priority"":""3"",""node"":""kwok-node-32""},{""name"":""rs-12-p3-sdvcj"",""cpu_m"":817,""mem_b"":734874207,""priority"":""3"",""node"":""kwok-node-6""},{""name"":""rs-12-p3-twkzm"",""cpu_m"":817,""mem_b"":734874207,""priority"":""3"",""node"":""kwok-node-9""},{""name"":""rs-13-p2-nc5rm"",""cpu_m"":392,""mem_b"":880898498,""priority"":""2"",""node"":""kwok-node-8""},{""name"":""rs-14-p2-9kpsd"",""cpu_m"":736,""mem_b"":484248476,""priority"":""2"",""node"":""kwok-node-5""},{""name"":""rs-14-p2-fvp4t"",""cpu_m"":736,""mem_b"":484248476,""priority"":""2"",""node"":""kwok-node-7""},{""name"":""rs-14-p2-psxl9"",""cpu_m"":736,""mem_b"":484248476,""priority"":""2"",""node"":""kwok-node-31""},{""name"":""rs-15-p1-2zhkb"",""cpu_m"":316,""mem_b"":939293047,""priority"":""1"",""node"":""kwok-node-13""},{""name"":""rs-15-p1-7k4km"",""cpu_m"":316,""mem_b"":939293047,""priority"":""1"",""node"":""""},{""name"":""rs-15-p1-hdpv5"",""cpu_m"":316,""mem_b"":939293047,""priority"":""1"",""node"":""""},{""name"":""rs-15-p1-r4njp"",""cpu_m"":316,""mem_b"":939293047,""priority"":""1"",""node"":""kwok-node-17""},{""name"":""rs-16-p1-7p54n"",""cpu_m"":192,""mem_b"":891901424,""priority"":""1"",""node"":""kwok-node-5""},{""name"":""rs-16-p1-hjlct"",""cpu_m"":192,""mem_b"":891901424,""priority"":""1"",""node"":""kwok-node-31""},{""name"":""rs-17-p2-jt6ks"",""cpu_m"":596,""mem_b"":822259786,""priority"":""2"",""node"":""kwok-node-20""},{""name"":""rs-17-p2-kb9cc"",""cpu_m"":596,""mem_b"":822259786,""priority"":""2"",""node"":""kwok-node-19""},{""name"":""rs-18-p3-g6qdp"",""cpu_m"":750,""mem_b"":466717605,""priority"":""3"",""node"":""kwok-node-2""},{""name"":""rs-18-p3-qldsb"",""cpu_m"":750,""mem_b"":466717605,""priority"":""3"",""node"":""kwok-node-11""},{""name"":""rs-19-p3-blm25"",""cpu_m"":417,""mem_b"":555574123,""priority"":""3"",""node"":""kwok-node-22""},{""name"":""rs-19-p3-q4lhf"",""cpu_m"":417,""mem_b"":555574123,""priority"":""3"",""node"":""kwok-node-23""},{""name"":""rs-19-p3-v7dtr"",""cpu_m"":417,""mem_b"":555574123,""priority"":""3"",""node"":""kwok-node-12""},{""name"":""rs-20-p2-h5fnk"",""cpu_m"":117,""mem_b"":150851429,""priority"":""2"",""node"":""kwok-node-10""},{""name"":""rs-20-p2-jvcjs"",""cpu_m"":117,""mem_b"":150851429,""priority"":""2"",""node"":""kwok-node-7""},{""name"":""rs-20-p2-tdp6r"",""cpu_m"":117,""mem_b"":150851429,""priority"":""2"",""node"":""kwok-node-25""},{""name"":""rs-20-p2-x96pd"",""cpu_m"":117,""mem_b"":150851429,""priority"":""2"",""node"":""kwok-node-27""},{""name"":""rs-21-p4-4rl2t"",""cpu_m"":501,""mem_b"":224841914,""priority"":""4"",""node"":""kwok-node-26""},{""name"":""rs-22-p1-9hfh8"",""cpu_m"":776,""mem_b"":523910721,""priority"":""1"",""node"":""""},{""name"":""rs-22-p1-bscps"",""cpu_m"":776,""mem_b"":523910721,""priority"":""1"",""node"":""kwok-node-12""},{""name"":""rs-22-p1-tzjdp"",""cpu_m"":776,""mem_b"":523910721,""priority"":""1"",""node"":""""},{""name"":""rs-22-p1-wfdhn"",""cpu_m"":776,""mem_b"":523910721,""priority"":""1"",""node"":""""},{""name"":""rs-23-p2-22psp"",""cpu_m"":606,""mem_b"":213489415,""priority"":""2"",""node"":""kwok-node-15""},{""name"":""rs-23-p2-4bgz4"",""cpu_m"":606,""mem_b"":213489415,""priority"":""2"",""node"":""kwok-node-26""},{""name"":""rs-23-p2-4jzq5"",""cpu_m"":606,""mem_b"":213489415,""priority"":""2"",""node"":""kwok-node-16""},{""name"":""rs-24-p2-pbjbr"",""cpu_m"":620,""mem_b"":867845860,""priority"":""2"",""node"":""kwok-node-27""},{""name"":""rs-25-p1-9sc57"",""cpu_m"":187,""mem_b"":104037293,""priority"":""1"",""node"":""kwok-node-32""},{""name"":""rs-26-p3-2kp42"",""cpu_m"":722,""mem_b"":760760331,""priority"":""3"",""node"":""kwok-node-1""},{""name"":""rs-26-p3-fmpmc"",""cpu_m"":722,""mem_b"":760760331,""priority"":""3"",""node"":""kwok-node-6""},{""name"":""rs-26-p3-hgvxp"",""cpu_m"":722,""mem_b"":760760331,""priority"":""3"",""node"":""kwok-node-9""},{""name"":""rs-27-p3-wftf7"",""cpu_m"":592,""mem_b"":409067299,""priority"":""3"",""node"":""kwok-node-7""},{""name"":""rs-28-p3-4n5ml"",""cpu_m"":590,""mem_b"":859001158,""priority"":""3"",""node"":""kwok-node-28""},{""name"":""rs-28-p3-gcnbr"",""cpu_m"":590,""mem_b"":859001158,""priority"":""3"",""node"":""kwok-node-30""},{""name"":""rs-28-p3-jjfhg"",""cpu_m"":590,""mem_b"":859001158,""priority"":""3"",""node"":""kwok-node-29""},{""name"":""rs-28-p3-mpg7c"",""cpu_m"":590,""mem_b"":859001158,""priority"":""3"",""node"":""kwok-node-3""},{""name"":""rs-29-p1-hnx97"",""cpu_m"":104,""mem_b"":223759389,""priority"":""1"",""node"":""kwok-node-6""},{""name"":""rs-29-p1-z99vz"",""cpu_m"":104,""mem_b"":223759389,""priority"":""1"",""node"":""kwok-node-8""},{""name"":""rs-30-p3-mc5xb"",""cpu_m"":637,""mem_b"":373904028,""priority"":""3"",""node"":""kwok-node-19""},{""name"":""rs-30-p3-mqnwv"",""cpu_m"":637,""mem_b"":373904028,""priority"":""3"",""node"":""kwok-node-31""},{""name"":""rs-30-p3-rv2n8"",""cpu_m"":637,""mem_b"":373904028,""priority"":""3"",""node"":""kwok-node-2""},{""name"":""rs-30-p3-zwls9"",""cpu_m"":637,""mem_b"":373904028,""priority"":""3"",""node"":""kwok-node-32""},{""name"":""rs-31-p1-9ggwj"",""cpu_m"":150,""mem_b"":892623955,""priority"":""1"",""node"":""kwok-node-18""},{""name"":""rs-32-p2-fvxqf"",""cpu_m"":390,""mem_b"":288301218,""priority"":""2"",""node"":""kwok-node-10""},{""name"":""rs-32-p2-w4dg8"",""cpu_m"":390,""mem_b"":288301218,""priority"":""2"",""node"":""kwok-node-25""},{""name"":""rs-33-p3-96fmr"",""cpu_m"":806,""mem_b"":478409686,""priority"":""3"",""node"":""kwok-node-24""},{""name"":""rs-33-p3-fb5c9"",""cpu_m"":806,""mem_b"":478409686,""priority"":""3"",""node"":""kwok-node-5""},{""name"":""rs-33-p3-fn55l"",""cpu_m"":806,""mem_b"":478409686,""priority"":""3"",""node"":""kwok-node-4""},{""name"":""rs-34-p3-7m4lv"",""cpu_m"":208,""mem_b"":232544634,""priority"":""3"",""node"":""kwok-node-22""},{""name"":""rs-35-p1-4mzxw"",""cpu_m"":280,""mem_b"":176108095,""priority"":""1"",""node"":""kwok-node-9""},{""name"":""rs-35-p1-qrltn"",""cpu_m"":280,""mem_b"":176108095,""priority"":""1"",""node"":""kwok-node-5""},{""name"":""rs-36-p4-4qzjz"",""cpu_m"":844,""mem_b"":796043024,""priority"":""4"",""node"":""kwok-node-14""},{""name"":""rs-36-p4-bnmsp"",""cpu_m"":844,""mem_b"":796043024,""priority"":""4"",""node"":""kwok-node-15""},{""name"":""rs-36-p4-ml9v9"",""cpu_m"":844,""mem_b"":796043024,""priority"":""4"",""node"":""kwok-node-16""},{""name"":""rs-37-p1-27frs"",""cpu_m"":555,""mem_b"":919195346,""priority"":""1"",""node"":""kwok-node-7""},{""name"":""rs-37-p1-2b8bb"",""cpu_m"":555,""mem_b"":919195346,""priority"":""1"",""node"":""""},{""name"":""rs-37-p1-467dd"",""cpu_m"":555,""mem_b"":919195346,""priority"":""1"",""node"":""""},{""name"":""rs-37-p1-9pb6g"",""cpu_m"":555,""mem_b"":919195346,""priority"":""1"",""node"":""kwok-node-16""},{""name"":""rs-38-p4-qt7s5"",""cpu_m"":317,""mem_b"":359328046,""priority"":""4"",""node"":""kwok-node-17""},{""name"":""rs-38-p4-tqvpj"",""cpu_m"":317,""mem_b"":359328046,""priority"":""4"",""node"":""kwok-node-22""},{""name"":""rs-39-p2-tsbhh"",""cpu_m"":191,""mem_b"":821183676,""priority"":""2"",""node"":""kwok-node-32""},{""name"":""rs-39-p2-w7tmt"",""cpu_m"":191,""mem_b"":821183676,""priority"":""2"",""node"":""kwok-node-12""},{""name"":""rs-39-p2-z7d7f"",""cpu_m"":191,""mem_b"":821183676,""priority"":""2"",""node"":""kwok-node-23""},{""name"":""rs-40-p3-4l2qm"",""cpu_m"":251,""mem_b"":660489939,""priority"":""3"",""node"":""kwok-node-8""},{""name"":""rs-40-p3-74pml"",""cpu_m"":251,""mem_b"":660489939,""priority"":""3"",""node"":""kwok-node-20""},{""name"":""rs-40-p3-bkxgp"",""cpu_m"":251,""mem_b"":660489939,""priority"":""3"",""node"":""kwok-node-26""},{""name"":""rs-41-p1-9qqgm"",""cpu_m"":537,""mem_b"":559639163,""priority"":""1"",""node"":""kwok-node-27""},{""name"":""rs-42-p1-4w24n"",""cpu_m"":328,""mem_b"":484166746,""priority"":""1"",""node"":""kwok-node-1""},{""name"":""rs-42-p1-7dmv8"",""cpu_m"":328,""mem_b"":484166746,""priority"":""1"",""node"":""kwok-node-10""},{""name"":""rs-42-p1-fpjdp"",""cpu_m"":328,""mem_b"":484166746,""priority"":""1"",""node"":""kwok-node-20""},{""name"":""rs-43-p1-2clhq"",""cpu_m"":677,""mem_b"":467201187,""priority"":""1"",""node"":""""},{""name"":""rs-43-p1-q6kqj"",""cpu_m"":677,""mem_b"":467201187,""priority"":""1"",""node"":""kwok-node-13""},{""name"":""rs-43-p1-sl6tj"",""cpu_m"":677,""mem_b"":467201187,""priority"":""1"",""node"":""""},{""name"":""rs-44-p4-2ljhl"",""cpu_m"":868,""mem_b"":632195496,""priority"":""4"",""node"":""kwok-node-18""},{""name"":""rs-44-p4-78t9g"",""cpu_m"":868,""mem_b"":632195496,""priority"":""4"",""node"":""kwok-node-4""},{""name"":""rs-44-p4-9wcck"",""cpu_m"":868,""mem_b"":632195496,""priority"":""4"",""node"":""kwok-node-11""},{""name"":""rs-45-p3-6wnhd"",""cpu_m"":103,""mem_b"":402828347,""priority"":""3"",""node"":""kwok-node-10""},{""name"":""rs-45-p3-87w8v"",""cpu_m"":103,""mem_b"":402828347,""priority"":""3"",""node"":""kwok-node-14""},{""name"":""rs-45-p3-jgg59"",""cpu_m"":103,""mem_b"":402828347,""priority"":""3"",""node"":""kwok-node-6""},{""name"":""rs-45-p3-q9sgc"",""cpu_m"":103,""mem_b"":402828347,""priority"":""3"",""node"":""kwok-node-9""},{""name"":""rs-46-p1-26qz2"",""cpu_m"":921,""mem_b"":807738932,""priority"":""1"",""node"":""""},{""name"":""rs-46-p1-h6mx7"",""cpu_m"":921,""mem_b"":807738932,""priority"":""1"",""node"":""""},{""name"":""rs-46-p1-sf7sc"",""cpu_m"":921,""mem_b"":807738932,""priority"":""1"",""node"":""""},{""name"":""rs-47-p4-grbjk"",""cpu_m"":970,""mem_b"":246571284,""priority"":""4"",""node"":""kwok-node-14""},{""name"":""rs-47-p4-htrsx"",""cpu_m"":970,""mem_b"":246571284,""priority"":""4"",""node"":""kwok-node-21""},{""name"":""rs-47-p4-sblfh"",""cpu_m"":970,""mem_b"":246571284,""priority"":""4"",""node"":""kwok-node-24""},{""name"":""rs-47-p4-zqq59"",""cpu_m"":970,""mem_b"":246571284,""priority"":""4"",""node"":""kwok-node-8""},{""name"":""rs-48-p2-hx6c7"",""cpu_m"":703,""mem_b"":578914865,""priority"":""2"",""node"":""kwok-node-23""},{""name"":""rs-49-p4-27hl9"",""cpu_m"":444,""mem_b"":920988609,""priority"":""4"",""node"":""kwok-node-15""},{""name"":""rs-49-p4-7fplq"",""cpu_m"":444,""mem_b"":920988609,""priority"":""4"",""node"":""kwok-node-25""}]","[{""name"":""rs-01-p1-fgnh6"",""cpu_m"":647,""mem_b"":896322123,""priority"":""1"",""node"":""kwok-node-15""},{""name"":""rs-01-p1-fnrzw"",""cpu_m"":647,""mem_b"":896322123,""priority"":""1"",""node"":""kwok-node-14""},{""name"":""rs-01-p1-kc7k5"",""cpu_m"":647,""mem_b"":896322123,""priority"":""1"",""node"":""kwok-node-16""},{""name"":""rs-02-p3-lbmrn"",""cpu_m"":386,""mem_b"":527157236,""priority"":""3"",""node"":""kwok-node-19""},{""name"":""rs-02-p3-wxchv"",""cpu_m"":386,""mem_b"":527157236,""priority"":""3"",""node"":""kwok-node-11""},{""name"":""rs-03-p2-7x8zg"",""cpu_m"":517,""mem_b"":133537406,""priority"":""2"",""node"":""kwok-node-12""},{""name"":""rs-03-p2-gv4c4"",""cpu_m"":517,""mem_b"":133537406,""priority"":""2"",""node"":""kwok-node-22""},{""name"":""rs-03-p2-sjswf"",""cpu_m"":517,""mem_b"":133537406,""priority"":""2"",""node"":""kwok-node-23""},{""name"":""rs-03-p2-vb6jq"",""cpu_m"":517,""mem_b"":133537406,""priority"":""2"",""node"":""kwok-node-20""},{""name"":""rs-04-p4-75kcb"",""cpu_m"":982,""mem_b"":471308422,""priority"":""4"",""node"":""kwok-node-13""},{""name"":""rs-04-p4-cc7fc"",""cpu_m"":982,""mem_b"":471308422,""priority"":""4"",""node"":""kwok-node-18""},{""name"":""rs-04-p4-m4jl4"",""cpu_m"":982,""mem_b"":471308422,""priority"":""4"",""node"":""kwok-node-21""},{""name"":""rs-05-p2-m8m2n"",""cpu_m"":856,""mem_b"":423163822,""priority"":""2"",""node"":""kwok-node-17""},{""name"":""rs-06-p3-4vxdm"",""cpu_m"":132,""mem_b"":246559532,""priority"":""3"",""node"":""kwok-node-25""},{""name"":""rs-06-p3-jphww"",""cpu_m"":132,""mem_b"":246559532,""priority"":""3"",""node"":""kwok-node-1""},{""name"":""rs-06-p3-m8gkx"",""cpu_m"":132,""mem_b"":246559532,""priority"":""3"",""node"":""kwok-node-10""},{""name"":""rs-07-p4-85zjg"",""cpu_m"":910,""mem_b"":817122126,""priority"":""4"",""node"":""kwok-node-30""},{""name"":""rs-07-p4-cdtsg"",""cpu_m"":910,""mem_b"":817122126,""priority"":""4"",""node"":""kwok-node-29""},{""name"":""rs-07-p4-mhnvp"",""cpu_m"":910,""mem_b"":817122126,""priority"":""4"",""node"":""kwok-node-28""},{""name"":""rs-07-p4-ptlpb"",""cpu_m"":910,""mem_b"":817122126,""priority"":""4"",""node"":""kwok-node-3""},{""name"":""rs-08-p2-8xzhk"",""cpu_m"":209,""mem_b"":867634547,""priority"":""2"",""node"":""kwok-node-2""},{""name"":""rs-08-p2-qq5kp"",""cpu_m"":209,""mem_b"":867634547,""priority"":""2"",""node"":""kwok-node-26""},{""name"":""rs-08-p2-s6v2v"",""cpu_m"":209,""mem_b"":867634547,""priority"":""2"",""node"":""kwok-node-24""},{""name"":""rs-09-p2-2ncmm"",""cpu_m"":690,""mem_b"":513093883,""priority"":""2"",""node"":""kwok-node-27""},{""name"":""rs-09-p2-nzjl7"",""cpu_m"":690,""mem_b"":513093883,""priority"":""2"",""node"":""kwok-node-1""},{""name"":""rs-09-p2-qqzq7"",""cpu_m"":690,""mem_b"":513093883,""priority"":""2"",""node"":""kwok-node-10""},{""name"":""rs-09-p2-vphhq"",""cpu_m"":690,""mem_b"":513093883,""priority"":""2"",""node"":""kwok-node-25""},{""name"":""rs-10-p1-7gswd"",""cpu_m"":184,""mem_b"":374599292,""priority"":""1"",""node"":""kwok-node-22""},{""name"":""rs-10-p1-jmzww"",""cpu_m"":184,""mem_b"":374599292,""priority"":""1"",""node"":""kwok-node-12""},{""name"":""rs-10-p1-x7x9h"",""cpu_m"":184,""mem_b"":374599292,""priority"":""1"",""node"":""kwok-node-23""},{""name"":""rs-10-p1-zc75n"",""cpu_m"":184,""mem_b"":374599292,""priority"":""1"",""node"":""kwok-node-20""},{""name"":""rs-11-p4-s65wh"",""cpu_m"":126,""mem_b"":910173902,""priority"":""4"",""node"":""kwok-node-4""},{""name"":""rs-12-p3-msxgz"",""cpu_m"":817,""mem_b"":734874207,""priority"":""3"",""node"":""kwok-node-32""},{""name"":""rs-12-p3-sdvcj"",""cpu_m"":817,""mem_b"":734874207,""priority"":""3"",""node"":""kwok-node-6""},{""name"":""rs-12-p3-twkzm"",""cpu_m"":817,""mem_b"":734874207,""priority"":""3"",""node"":""kwok-node-9""},{""name"":""rs-13-p2-nc5rm"",""cpu_m"":392,""mem_b"":880898498,""priority"":""2"",""node"":""kwok-node-8""},{""name"":""rs-14-p2-9kpsd"",""cpu_m"":736,""mem_b"":484248476,""priority"":""2"",""node"":""kwok-node-5""},{""name"":""rs-14-p2-fvp4t"",""cpu_m"":736,""mem_b"":484248476,""priority"":""2"",""node"":""kwok-node-7""},{""name"":""rs-14-p2-psxl9"",""cpu_m"":736,""mem_b"":484248476,""priority"":""2"",""node"":""kwok-node-31""},{""name"":""rs-15-p1-2zhkb"",""cpu_m"":316,""mem_b"":939293047,""priority"":""1"",""node"":""kwok-node-13""},{""name"":""rs-15-p1-klv57"",""cpu_m"":316,""mem_b"":939293047,""priority"":""1"",""node"":""kwok-node-21""},{""name"":""rs-15-p1-r4njp"",""cpu_m"":316,""mem_b"":939293047,""priority"":""1"",""node"":""kwok-node-17""},{""name"":""rs-15-p1-rdv92"",""cpu_m"":316,""mem_b"":939293047,""priority"":""1"",""node"":""kwok-node-18""},{""name"":""rs-16-p1-7p54n"",""cpu_m"":192,""mem_b"":891901424,""priority"":""1"",""node"":""kwok-node-5""},{""name"":""rs-16-p1-hjlct"",""cpu_m"":192,""mem_b"":891901424,""priority"":""1"",""node"":""kwok-node-31""},{""name"":""rs-17-p2-jt6ks"",""cpu_m"":596,""mem_b"":822259786,""priority"":""2"",""node"":""kwok-node-20""},{""name"":""rs-17-p2-kb9cc"",""cpu_m"":596,""mem_b"":822259786,""priority"":""2"",""node"":""kwok-node-19""},{""name"":""rs-18-p3-g6qdp"",""cpu_m"":750,""mem_b"":466717605,""priority"":""3"",""node"":""kwok-node-2""},{""name"":""rs-18-p3-qldsb"",""cpu_m"":750,""mem_b"":466717605,""priority"":""3"",""node"":""kwok-node-11""},{""name"":""rs-19-p3-blm25"",""cpu_m"":417,""mem_b"":555574123,""priority"":""3"",""node"":""kwok-node-22""},{""name"":""rs-19-p3-q4lhf"",""cpu_m"":417,""mem_b"":555574123,""priority"":""3"",""node"":""kwok-node-23""},{""name"":""rs-19-p3-v7dtr"",""cpu_m"":417,""mem_b"":555574123,""priority"":""3"",""node"":""kwok-node-12""},{""name"":""rs-20-p2-h5fnk"",""cpu_m"":117,""mem_b"":150851429,""priority"":""2"",""node"":""kwok-node-10""},{""name"":""rs-20-p2-jvcjs"",""cpu_m"":117,""mem_b"":150851429,""priority"":""2"",""node"":""kwok-node-7""},{""name"":""rs-20-p2-tdp6r"",""cpu_m"":117,""mem_b"":150851429,""priority"":""2"",""node"":""kwok-node-25""},{""name"":""rs-20-p2-x96pd"",""cpu_m"":117,""mem_b"":150851429,""priority"":""2"",""node"":""kwok-node-27""},{""name"":""rs-21-p4-4rl2t"",""cpu_m"":501,""mem_b"":224841914,""priority"":""4"",""node"":""kwok-node-26""},{""name"":""rs-22-p1-6xwnb"",""cpu_m"":776,""mem_b"":523910721,""priority"":""1"",""node"":""kwok-node-4""},{""name"":""rs-22-p1-g9g5w"",""cpu_m"":776,""mem_b"":523910721,""priority"":""1"",""node"":""kwok-node-8""},{""name"":""rs-22-p1-l2p2c"",""cpu_m"":776,""mem_b"":523910721,""priority"":""1"",""node"":""kwok-node-24""},{""name"":""rs-22-p1-sk6xf"",""cpu_m"":776,""mem_b"":523910721,""priority"":""1"",""node"":""kwok-node-14""},{""name"":""rs-23-p2-22psp"",""cpu_m"":606,""mem_b"":213489415,""priority"":""2"",""node"":""kwok-node-15""},{""name"":""rs-23-p2-4bgz4"",""cpu_m"":606,""mem_b"":213489415,""priority"":""2"",""node"":""kwok-node-26""},{""name"":""rs-23-p2-4jzq5"",""cpu_m"":606,""mem_b"":213489415,""priority"":""2"",""node"":""kwok-node-16""},{""name"":""rs-24-p2-pbjbr"",""cpu_m"":620,""mem_b"":867845860,""priority"":""2"",""node"":""kwok-node-27""},{""name"":""rs-25-p1-9sc57"",""cpu_m"":187,""mem_b"":104037293,""priority"":""1"",""node"":""kwok-node-32""},{""name"":""rs-26-p3-2kp42"",""cpu_m"":722,""mem_b"":760760331,""priority"":""3"",""node"":""kwok-node-1""},{""name"":""rs-26-p3-fmpmc"",""cpu_m"":722,""mem_b"":760760331,""priority"":""3"",""node"":""kwok-node-6""},{""name"":""rs-26-p3-hgvxp"",""cpu_m"":722,""mem_b"":760760331,""priority"":""3"",""node"":""kwok-node-9""},{""name"":""rs-27-p3-wftf7"",""cpu_m"":592,""mem_b"":409067299,""priority"":""3"",""node"":""kwok-node-7""},{""name"":""rs-28-p3-4n5ml"",""cpu_m"":590,""mem_b"":859001158,""priority"":""3"",""node"":""kwok-node-28""},{""name"":""rs-28-p3-gcnbr"",""cpu_m"":590,""mem_b"":859001158,""priority"":""3"",""node"":""kwok-node-30""},{""name"":""rs-28-p3-jjfhg"",""cpu_m"":590,""mem_b"":859001158,""priority"":""3"",""node"":""kwok-node-29""},{""name"":""rs-28-p3-mpg7c"",""cpu_m"":590,""mem_b"":859001158,""priority"":""3"",""node"":""kwok-node-3""},{""name"":""rs-29-p1-hctbj"",""cpu_m"":104,""mem_b"":223759389,""priority"":""1"",""node"":""kwok-node-25""},{""name"":""rs-29-p1-kgtzj"",""cpu_m"":104,""mem_b"":223759389,""priority"":""1"",""node"":""kwok-node-10""},{""name"":""rs-30-p3-mc5xb"",""cpu_m"":637,""mem_b"":373904028,""priority"":""3"",""node"":""kwok-node-19""},{""name"":""rs-30-p3-mqnwv"",""cpu_m"":637,""mem_b"":373904028,""priority"":""3"",""node"":""kwok-node-31""},{""name"":""rs-30-p3-rv2n8"",""cpu_m"":637,""mem_b"":373904028,""priority"":""3"",""node"":""kwok-node-2""},{""name"":""rs-30-p3-zwls9"",""cpu_m"":637,""mem_b"":373904028,""priority"":""3"",""node"":""kwok-node-32""},{""name"":""rs-31-p1-kb9hk"",""cpu_m"":150,""mem_b"":892623955,""priority"":""1"",""node"":""kwok-node-11""},{""name"":""rs-32-p2-fvxqf"",""cpu_m"":390,""mem_b"":288301218,""priority"":""2"",""node"":""kwok-node-10""},{""name"":""rs-32-p2-w4dg8"",""cpu_m"":390,""mem_b"":288301218,""priority"":""2"",""node"":""kwok-node-25""},{""name"":""rs-33-p3-96fmr"",""cpu_m"":806,""mem_b"":478409686,""priority"":""3"",""node"":""kwok-node-24""},{""name"":""rs-33-p3-fb5c9"",""cpu_m"":806,""mem_b"":478409686,""priority"":""3"",""node"":""kwok-node-5""},{""name"":""rs-33-p3-fn55l"",""cpu_m"":806,""mem_b"":478409686,""priority"":""3"",""node"":""kwok-node-4""},{""name"":""rs-34-p3-7m4lv"",""cpu_m"":208,""mem_b"":232544634,""priority"":""3"",""node"":""kwok-node-22""},{""name"":""rs-35-p1-lvbtw"",""cpu_m"":280,""mem_b"":176108095,""priority"":""1"",""node"":""kwok-node-12""},{""name"":""rs-35-p1-wsw6c"",""cpu_m"":280,""mem_b"":176108095,""priority"":""1"",""node"":""kwok-node-23""},{""name"":""rs-36-p4-4qzjz"",""cpu_m"":844,""mem_b"":796043024,""priority"":""4"",""node"":""""},{""name"":""rs-36-p4-bnmsp"",""cpu_m"":844,""mem_b"":796043024,""priority"":""4"",""node"":""""},{""name"":""rs-36-p4-ml9v9"",""cpu_m"":844,""mem_b"":796043024,""priority"":""4"",""node"":""""},{""name"":""rs-37-p1-27frs"",""cpu_m"":555,""mem_b"":919195346,""priority"":""1"",""node"":""kwok-node-7""},{""name"":""rs-37-p1-467dd"",""cpu_m"":555,""mem_b"":919195346,""priority"":""1"",""node"":""""},{""name"":""rs-37-p1-9pb6g"",""cpu_m"":555,""mem_b"":919195346,""priority"":""1"",""node"":""kwok-node-16""},{""name"":""rs-37-p1-spvf4"",""cpu_m"":555,""mem_b"":919195346,""priority"":""1"",""node"":""kwok-node-15""},{""name"":""rs-38-p4-qt7s5"",""cpu_m"":317,""mem_b"":359328046,""priority"":""4"",""node"":""kwok-node-17""},{""name"":""rs-38-p4-tqvpj"",""cpu_m"":317,""mem_b"":359328046,""priority"":""4"",""node"":""kwok-node-22""},{""name"":""rs-39-p2-tsbhh"",""cpu_m"":191,""mem_b"":821183676,""priority"":""2"",""node"":""kwok-node-32""},{""name"":""rs-39-p2-w7tmt"",""cpu_m"":191,""mem_b"":821183676,""priority"":""2"",""node"":""kwok-node-12""},{""name"":""rs-39-p2-z7d7f"",""cpu_m"":191,""mem_b"":821183676,""priority"":""2"",""node"":""kwok-node-23""},{""name"":""rs-40-p3-4l2qm"",""cpu_m"":251,""mem_b"":660489939,""priority"":""3"",""node"":""kwok-node-8""},{""name"":""rs-40-p3-74pml"",""cpu_m"":251,""mem_b"":660489939,""priority"":""3"",""node"":""kwok-node-20""},{""name"":""rs-40-p3-bkxgp"",""cpu_m"":251,""mem_b"":660489939,""priority"":""3"",""node"":""kwok-node-26""},{""name"":""rs-41-p1-fdq47"",""cpu_m"":537,""mem_b"":559639163,""priority"":""1"",""node"":""kwok-node-13""},{""name"":""rs-42-p1-78xnk"",""cpu_m"":328,""mem_b"":484166746,""priority"":""1"",""node"":""kwok-node-21""},{""name"":""rs-42-p1-8dpfl"",""cpu_m"":328,""mem_b"":484166746,""priority"":""1"",""node"":""kwok-node-18""},{""name"":""rs-42-p1-8nr77"",""cpu_m"":328,""mem_b"":484166746,""priority"":""1"",""node"":""kwok-node-25""},{""name"":""rs-43-p1-2clhq"",""cpu_m"":677,""mem_b"":467201187,""priority"":""1"",""node"":""""},{""name"":""rs-43-p1-q6kqj"",""cpu_m"":677,""mem_b"":467201187,""priority"":""1"",""node"":""""},{""name"":""rs-43-p1-sl6tj"",""cpu_m"":677,""mem_b"":467201187,""priority"":""1"",""node"":""""},{""name"":""rs-44-p4-2ljhl"",""cpu_m"":868,""mem_b"":632195496,""priority"":""4"",""node"":""""},{""name"":""rs-44-p4-78t9g"",""cpu_m"":868,""mem_b"":632195496,""priority"":""4"",""node"":""""},{""name"":""rs-44-p4-9wcck"",""cpu_m"":868,""mem_b"":632195496,""priority"":""4"",""node"":""""},{""name"":""rs-45-p3-6wnhd"",""cpu_m"":103,""mem_b"":402828347,""priority"":""3"",""node"":""kwok-node-10""},{""name"":""rs-45-p3-87w8v"",""cpu_m"":103,""mem_b"":402828347,""priority"":""3"",""node"":""kwok-node-14""},{""name"":""rs-45-p3-jgg59"",""cpu_m"":103,""mem_b"":402828347,""priority"":""3"",""node"":""kwok-node-6""},{""name"":""rs-45-p3-q9sgc"",""cpu_m"":103,""mem_b"":402828347,""priority"":""3"",""node"":""kwok-node-9""},{""name"":""rs-46-p1-26qz2"",""cpu_m"":921,""mem_b"":807738932,""priority"":""1"",""node"":""""},{""name"":""rs-46-p1-h6mx7"",""cpu_m"":921,""mem_b"":807738932,""priority"":""1"",""node"":""""},{""name"":""rs-46-p1-sf7sc"",""cpu_m"":921,""mem_b"":807738932,""priority"":""1"",""node"":""""},{""name"":""rs-47-p4-grbjk"",""cpu_m"":970,""mem_b"":246571284,""priority"":""4"",""node"":""""},{""name"":""rs-47-p4-htrsx"",""cpu_m"":970,""mem_b"":246571284,""priority"":""4"",""node"":""""},{""name"":""rs-47-p4-sblfh"",""cpu_m"":970,""mem_b"":246571284,""priority"":""4"",""node"":""""},{""name"":""rs-47-p4-zqq59"",""cpu_m"":970,""mem_b"":246571284,""priority"":""4"",""node"":""""},{""name"":""rs-48-p2-hx6c7"",""cpu_m"":703,""mem_b"":578914865,""priority"":""2"",""node"":""""},{""name"":""rs-49-p4-27hl9"",""cpu_m"":444,""mem_b"":920988609,""priority"":""4"",""node"":""""},{""name"":""rs-49-p4-7fplq"",""cpu_m"":444,""mem_b"":920988609,""priority"":""4"",""node"":""""}]","[{""name"":""kwok-node-1"",""cap_cpu_m"":2016,""cap_mem_bytes"":2130566247},{""name"":""kwok-node-2"",""cap_cpu_m"":2016,""cap_mem_bytes"":2130566247},{""name"":""kwok-node-3"",""cap_cpu_m"":2016,""cap_mem_bytes"":2130566247},{""name"":""kwok-node-4"",""cap_cpu_m"":2016,""cap_mem_bytes"":2130566247},{""name"":""kwok-node-5"",""cap_cpu_m"":2016,""cap_mem_bytes"":2130566247},{""name"":""kwok-node-6"",""cap_cpu_m"":2016,""cap_mem_bytes"":2130566247},{""name"":""kwok-node-7"",""cap_cpu_m"":2016,""cap_mem_bytes"":2130566247},{""name"":""kwok-node-8"",""cap_cpu_m"":2016,""cap_mem_bytes"":2130566247},{""name"":""kwok-node-9"",""cap_cpu_m"":2016,""cap_mem_bytes"":2130566247},{""name"":""kwok-node-10"",""cap_cpu_m"":2016,""cap_mem_bytes"":2130566247},{""name"":""kwok-node-11"",""cap_cpu_m"":2016,""cap_mem_bytes"":2130566247},{""name"":""kwok-node-12"",""cap_cpu_m"":2016,""cap_mem_bytes"":2130566247},{""name"":""kwok-node-13"",""cap_cpu_m"":2016,""cap_mem_bytes"":2130566247},{""name"":""kwok-node-14"",""cap_cpu_m"":2016,""cap_mem_bytes"":2130566247},{""name"":""kwok-node-15"",""cap_cpu_m"":2016,""cap_mem_bytes"":2130566247},{""name"":""kwok-node-16"",""cap_cpu_m"":2016,""cap_mem_bytes"":2130566247},{""name"":""kwok-node-17"",""cap_cpu_m"":2016,""cap_mem_bytes"":2130566247},{""name"":""kwok-node-18"",""cap_cpu_m"":2016,""cap_mem_bytes"":2130566247},{""name"":""kwok-node-19"",""cap_cpu_m"":2016,""cap_mem_bytes"":2130566247},{""name"":""kwok-node-20"",""cap_cpu_m"":2016,""cap_mem_bytes"":2130566247},{""name"":""kwok-node-21"",""cap_cpu_m"":2016,""cap_mem_bytes"":2130566247},{""name"":""kwok-node-22"",""cap_cpu_m"":2016,""cap_mem_bytes"":2130566247},{""name"":""kwok-node-23"",""cap_cpu_m"":2016,""cap_mem_bytes"":2130566247},{""name"":""kwok-node-24"",""cap_cpu_m"":2016,""cap_mem_bytes"":2130566247},{""name"":""kwok-node-25"",""cap_cpu_m"":2016,""cap_mem_bytes"":2130566247},{""name"":""kwok-node-26"",""cap_cpu_m"":2016,""cap_mem_bytes"":2130566247},{""name"":""kwok-node-27"",""cap_cpu_m"":2016,""cap_mem_bytes"":2130566247},{""name"":""kwok-node-28"",""cap_cpu_m"":2016,""cap_mem_bytes"":2130566247},{""name"":""kwok-node-29"",""cap_cpu_m"":2016,""cap_mem_bytes"":2130566247},{""name"":""kwok-node-30"",""cap_cpu_m"":2016,""cap_mem_bytes"":2130566247},{""name"":""kwok-node-31"",""cap_cpu_m"":2016,""cap_mem_bytes"":2130566247},{""name"":""kwok-node-32"",""cap_cpu_m"":2016,""cap_mem_bytes"":2130566247}]"
2026/02/11/11:47:39,2881060639005617760,,"{""evicted"":0,""moved"":0,""placed_by_priority"":{""1"":22,""2"":29,""3"":37,""4"":19}}",python,"{""evicted"":10,""moved"":14,""placed_by_priority"":{""1"":13,""2"":36,""3"":44,""4"":23}}",983,FEASIBLE,"[{""duration_ms"":983,""name"":""python"",""score"":{""evicted"":10,""moved"":14,""placed_by_priority"":{""1"":13,""2"":36,""3"":44,""4"":23}},""status"":""FEASIBLE""}]",0.923,0.821,0.928,0.794,60279,53576,61622638419,52712317019,115,107,13,21,"{""kwok-node-1"":5,""kwok-node-10"":3,""kwok-node-11"":3,""kwok-node-12"":4,""kwok-node-13"":3,""kwok-node-14"":4,""kwok-node-15"":4,""kwok-node-16"":3,""kwok-node-17"":4,""kwok-node-18"":3,""kwok-node-19"":3,""kwok-node-2"":4,""kwok-node-20"":3,""kwok-node-21"":3,""kwok-node-22"":3,""kwok-node-23"":4,""kwok-node-24"":4,""kwok-node-25"":4,""kwok-node-26"":3,""kwok-node-27"":3,""kwok-node-28"":5,""kwok-node-29"":3,""kwok-node-3"":3,""kwok-node-30"":4,""kwok-node-31"":3,""kwok-node-32"":4,""kwok-node-4"":4,""kwok-node-5"":3,""kwok-node-6"":3,""kwok-node-7"":4,""kwok-node-8"":5,""kwok-node-9"":4}","{""kwok-node-1"":3,""kwok-node-10"":4,""kwok-node-11"":4,""kwok-node-12"":3,""kwok-node-13"":3,""kwok-node-14"":3,""kwok-node-15"":3,""kwok-node-16"":3,""kwok-node-17"":3,""kwok-node-18"":3,""kwok-node-19"":2,""kwok-node-2"":4,""kwok-node-20"":2,""kwok-node-21"":3,""kwok-node-22"":3,""kwok-node-23"":3,""kwok-node-24"":3,""kwok-node-25"":4,""kwok-node-26"":3,""kwok-node-27"":2,""kwok-node-28"":5,""kwok-node-29"":3,""kwok-node-3"":4,""kwok-node-30"":3,""kwok-node-31"":3,""kwok-node-32"":4,""kwok-node-4"":4,""kwok-node-5"":3,""kwok-node-6"":4,""kwok-node-7"":4,""kwok-node-8"":5,""kwok-node-9"":4}","{""p1"":12,""p2"":36,""p3"":44,""p4"":23}","{""p1"":22,""p2"":29,""p3"":37,""p4"":19}","{""p1"":13}","{""p1"":3,""p2"":7,""p3"":7,""p4"":4}","{rs-12-p1-66wb7,rs-12-p1-8qflf,rs-13-p1-w42q9,rs-13-p1-wclmg,rs-13-p1-wp6dl,rs-13-p1-xm6zp,rs-24-p1-vz95z,rs-25-p1-bbj6s,rs-33-p1-5rzl8,rs-41-p1-k8pw9,rs-41-p1-rgxp7,rs-49-p1-94j85,rs-49-p1-gpnrg}","{rs-39-p3-bxqs4,rs-39-p3-nrc8f,rs-39-p3-tp8fh,rs-39-p3-xs9g6,rs-42-p4-tfr4l,rs-42-p4-zdpg7,rs-43-p2-4d7z6,rs-43-p2-7mjzg,rs-43-p2-fz7wj,rs-43-p2-qzxb2,rs-44-p3-785ct,rs-44-p3-pd49v,rs-45-p1-dfht9,rs-46-p4-74pn4,rs-46-p4-j7nrv,rs-48-p2-k8vq6,rs-48-p2-lvwfh,rs-48-p2-lwrsz,rs-49-p1-94j85,rs-49-p1-gpnrg,rs-52-p3-7pb4q}","{rs-01-p2-d8gqh,rs-01-p2-dc4cw,rs-01-p2-pjtpj,rs-02-p3-72nb6,rs-02-p3-k5zhr,rs-02-p3-r2p6c,rs-02-p3-xtngs,rs-03-p3-5pdlq,rs-03-p3-85j7n,rs-03-p3-fbt8d,rs-03-p3-vwmnt,rs-04-p3-sv7mf,rs-04-p3-wjpvq,rs-05-p3-5d5hh,rs-05-p3-x56fg,rs-06-p4-2hmmj,rs-06-p4-htjhn,rs-06-p4-z4ss8,rs-07-p4-wq9t5,rs-08-p2-9l486,rs-08-p2-gp9zr,rs-08-p2-mjq6h,rs-08-p2-wdd6f,rs-09-p3-86kjr,rs-09-p3-99wkb,rs-09-p3-hhpv6,rs-10-p3-dj8wx,rs-10-p3-ztnl4,rs-11-p3-jfzgb,rs-12-p1-jbptx,rs-12-p1-wj5ph,rs-14-p4-brzl6,rs-14-p4-n6rfp,rs-14-p4-wl9l4,rs-14-p4-zs5v4,rs-15-p4-82h8r,rs-16-p2-w5gjw,rs-17-p3-dn2dz,rs-17-p3-flqzz,rs-17-p3-h4b7h,rs-18-p1-5nt4d,rs-18-p1-76hck,rs-18-p1-m9hrt,rs-19-p2-99g6g,rs-19-p2-qjv4r,rs-20-p4-5hxr2,rs-20-p4-fnd4l,rs-21-p2-hpcf9,rs-21-p2-jfpjh,rs-21-p2-kxltm,rs-21-p2-mdv2g,rs-22-p3-lxlhj,rs-22-p3-sg6v4,rs-23-p3-c4j5z,rs-26-p2-dghxr,rs-26-p2-gdjw8,rs-26-p2-tbxzv,rs-26-p2-zf24j,rs-27-p3-92wc5,rs-27-p3-ggwnk,rs-28-p3-89v4z,rs-28-p3-lsxpq,rs-29-p2-f79wf,rs-29-p2-jlj4r,rs-29-p2-rqltr,rs-29-p2-zg2wf,rs-30-p4-6d8pb,rs-30-p4-kr9zc,rs-30-p4-p75zj,rs-30-p4-rb4gw,rs-31-p1-4x6h6,rs-31-p1-rt6px,rs-32-p3-5zll9,rs-32-p3-jjfph,rs-33-p1-92v7d,rs-34-p3-wjcj9,rs-35-p4-k5jdc,rs-36-p1-j9zqs,rs-36-p1-lwf4j,rs-37-p2-5zv2t,rs-37-p2-k6hkl,rs-37-p2-krwcl,rs-38-p2-74kpf,rs-38-p2-chgvd,rs-38-p2-xmhck,rs-39-p3-bxqs4,rs-39-p3-nrc8f,rs-39-p3-tp8fh,rs-39-p3-xs9g6,rs-40-p3-2swlw,rs-40-p3-4xwfd,rs-40-p3-n6zsg,rs-41-p1-xcmbs,rs-42-p4-tfr4l,rs-42-p4-zdpg7,rs-43-p2-4d7z6,rs-43-p2-7mjzg,rs-43-p2-fz7wj,rs-43-p2-qzxb2,rs-44-p3-785ct,rs-44-p3-pd49v,rs-45-p1-dfht9,rs-46-p4-74pn4,rs-46-p4-j7nrv,rs-47-p3-4gzrw,rs-47-p3-gkz7l,rs-47-p3-wgbk7,rs-48-p2-k8vq6,rs-48-p2-lvwfh,rs-48-p2-lwrsz,rs-50-p4-2spxn,rs-50-p4-bmn75,rs-50-p4-qlqt4,rs-51-p2-z8h8c,rs-52-p3-7pb4q}","{rs-01-p2-d8gqh,rs-01-p2-dc4cw,rs-01-p2-pjtpj,rs-02-p3-72nb6,rs-02-p3-k5zhr,rs-02-p3-r2p6c,rs-02-p3-xtngs,rs-03-p3-5pdlq,rs-03-p3-85j7n,rs-03-p3-fbt8d,rs-03-p3-vwmnt,rs-04-p3-sv7mf,rs-04-p3-wjpvq,rs-05-p3-5d5hh,rs-05-p3-x56fg,rs-06-p4-2hmmj,rs-06-p4-htjhn,rs-06-p4-z4ss8,rs-07-p4-wq9t5,rs-08-p2-mjq6h,rs-08-p2-pbjrc,rs-08-p2-qx7s5,rs-08-p2-wdd6f,rs-09-p3-86kjr,rs-09-p3-99wkb,rs-09-p3-hhpv6,rs-10-p3-dj8wx,rs-10-p3-ztnl4,rs-11-p3-jfzgb,rs-12-p1-hdf2w,rs-12-p1-pww6t,rs-12-p1-tfhv9,rs-12-p1-xwgb2,rs-13-p1-6vr9b,rs-13-p1-gdxdd,rs-13-p1-tvn7z,rs-13-p1-zlrqn,rs-14-p4-brzl6,rs-14-p4-n6rfp,rs-14-p4-wl9l4,rs-14-p4-zs5v4,rs-15-p4-82h8r,rs-16-p2-w5gjw,rs-17-p3-dn2dz,rs-17-p3-flqzz,rs-17-p3-h4b7h,rs-18-p1-76hck,rs-18-p1-m9hrt,rs-18-p1-wd4q8,rs-19-p2-99g6g,rs-19-p2-qjv4r,rs-20-p4-5hxr2,rs-20-p4-fnd4l,rs-21-p2-hpcf9,rs-21-p2-jfpjh,rs-21-p2-kxltm,rs-21-p2-mdv2g,rs-22-p3-lxlhj,rs-22-p3-sg6v4,rs-23-p3-c4j5z,rs-24-p1-dd22c,rs-25-p1-77b6r,rs-26-p2-dghxr,rs-26-p2-gdjw8,rs-26-p2-tbxzv,rs-26-p2-zf24j,rs-27-p3-92wc5,rs-27-p3-ggwnk,rs-28-p3-89v4z,rs-28-p3-lsxpq,rs-29-p2-6z4sm,rs-29-p2-f79wf,rs-29-p2-xdxvj,rs-29-p2-zg2wf,rs-30-p4-6d8pb,rs-30-p4-kr9zc,rs-30-p4-p75zj,rs-30-p4-rb4gw,rs-31-p1-62p2m,rs-31-p1-jlr4t,rs-32-p3-5zll9,rs-32-p3-jjfph,rs-33-p1-jcjsm,rs-33-p1-zkmc7,rs-34-p3-wjcj9,rs-35-p4-k5jdc,rs-36-p1-4zpvf,rs-36-p1-j9zqs,rs-37-p2-5zv2t,rs-37-p2-k6hkl,rs-37-p2-krwcl,rs-38-p2-74kpf,rs-38-p2-chgvd,rs-38-p2-xmhck,rs-40-p3-2swlw,rs-40-p3-4xwfd,rs-40-p3-n6zsg,rs-41-p1-q6ltw,rs-41-p1-qjbsm,rs-41-p1-v49tb,rs-47-p3-4gzrw,rs-47-p3-gkz7l,rs-47-p3-wgbk7,rs-50-p4-2spxn,rs-50-p4-bmn75,rs-50-p4-qlqt4,rs-51-p2-l46xh}","[{""name"":""rs-01-p2-d8gqh"",""cpu_m"":925,""mem_b"":693941742,""priority"":""2"",""node"":""kwok-node-16""},{""name"":""rs-01-p2-dc4cw"",""cpu_m"":925,""mem_b"":693941742,""priority"":""2"",""node"":""kwok-node-11""},{""name"":""rs-01-p2-pjtpj"",""cpu_m"":925,""mem_b"":693941742,""priority"":""2"",""node"":""kwok-node-12""},{""name"":""rs-02-p3-72nb6"",""cpu_m"":418,""mem_b"":310614403,""priority"":""3"",""node"":""kwok-node-1""},{""name"":""rs-02-p3-k5zhr"",""cpu_m"":418,""mem_b"":310614403,""priority"":""3"",""node"":""kwok-node-15""},{""name"":""rs-02-p3-r2p6c"",""cpu_m"":418,""mem_b"":310614403,""priority"":""3"",""node"":""kwok-node-17""},{""name"":""rs-02-p3-xtngs"",""cpu_m"":418,""mem_b"":310614403,""priority"":""3"",""node"":""kwok-node-14""},{""name"":""rs-03-p3-5pdlq"",""cpu_m"":752,""mem_b"":143205593,""priority"":""3"",""node"":""kwok-node-18""},{""name"":""rs-03-p3-85j7n"",""cpu_m"":752,""mem_b"":143205593,""priority"":""3"",""node"":""kwok-node-10""},{""name"":""rs-03-p3-fbt8d"",""cpu_m"":752,""mem_b"":143205593,""priority"":""3"",""node"":""kwok-node-2""},{""name"":""rs-03-p3-vwmnt"",""cpu_m"":752,""mem_b"":143205593,""priority"":""3"",""node"":""kwok-node-21""},{""name"":""rs-04-p3-sv7mf"",""cpu_m"":969,""mem_b"":965783234,""priority"":""3"",""node"":""kwok-node-19""},{""name"":""rs-04-p3-wjpvq"",""cpu_m"":969,""mem_b"":965783234,""priority"":""3"",""node"":""kwok-node-20""},{""name"":""rs-05-p3-5d5hh"",""cpu_m"":684,""mem_b"":945363011,""priority"":""3"",""node"":""kwok-node-13""},{""name"":""rs-05-p3-x56fg"",""cpu_m"":684,""mem_b"":945363011,""priority"":""3"",""node"":""kwok-node-22""},{""name"":""rs-06-p4-2hmmj"",""cpu_m"":422,""mem_b"":924372148,""priority"":""4"",""node"":""kwok-node-10""},{""name"":""rs-06-p4-htjhn"",""cpu_m"":422,""mem_b"":924372148,""priority"":""4"",""node"":""kwok-node-23""},{""name"":""rs-06-p4-z4ss8"",""cpu_m"":422,""mem_b"":924372148,""priority"":""4"",""node"":""kwok-node-24""},{""name"":""rs-07-p4-wq9t5"",""cpu_m"":611,""mem_b"":979828434,""priority"":""4"",""node"":""kwok-node-27""},{""name"":""rs-08-p2-9l486"",""cpu_m"":132,""mem_b"":503699608,""priority"":""2"",""node"":""kwok-node-9""},{""name"":""rs-08-p2-gp9zr"",""cpu_m"":132,""mem_b"":503699608,""priority"":""2"",""node"":""kwok-node-20""},{""name"":""rs-08-p2-mjq6h"",""cpu_m"":132,""mem_b"":503699608,""priority"":""2"",""node"":""kwok-node-26""},{""name"":""rs-08-p2-wdd6f"",""cpu_m"":132,""mem_b"":503699608,""priority"":""2"",""node"":""kwok-node-25""},{""name"":""rs-09-p3-86kjr"",""cpu_m"":443,""mem_b"":940341449,""priority"":""3"",""node"":""kwok-node-2""},{""name"":""rs-09-p3-99wkb"",""cpu_m"":443,""mem_b"":940341449,""priority"":""3"",""node"":""kwok-node-29""},{""name"":""rs-09-p3-hhpv6"",""cpu_m"":443,""mem_b"":940341449,""priority"":""3"",""node"":""kwok-node-21""},{""name"":""rs-10-p3-dj8wx"",""cpu_m"":386,""mem_b"":921088055,""priority"":""3"",""node"":""kwok-node-31""},{""name"":""rs-10-p3-ztnl4"",""cpu_m"":386,""mem_b"":921088055,""priority"":""3"",""node"":""kwok-node-30""},{""name"":""rs-11-p3-jfzgb"",""cpu_m"":340,""mem_b"":329935449,""priority"":""3"",""node"":""kwok-node-6""},{""name"":""rs-12-p1-66wb7"",""cpu_m"":408,""mem_b"":589119119,""priority"":""1"",""node"":""""},{""name"":""rs-12-p1-8qflf"",""cpu_m"":408,""mem_b"":589119119,""priority"":""1"",""node"":""""},{""name"":""rs-12-p1-jbptx"",""cpu_m"":408,""mem_b"":589119119,""priority"":""1"",""node"":""kwok-node-14""},{""name"":""rs-12-p1-wj5ph"",""cpu_m"":408,""mem_b"":589119119,""priority"":""1"",""node"":""kwok-node-15""},{""name"":""rs-13-p1-w42q9"",""cpu_m"":869,""mem_b"":782315988,""priority"":""1"",""node"":""""},{""name"":""rs-13-p1-wclmg"",""cpu_m"":869,""mem_b"":782315988,""priority"":""1"",""node"":""""},{""name"":""rs-13-p1-wp6dl"",""cpu_m"":869,""mem_b"":782315988,""priority"":""1"",""node"":""""},{""name"":""rs-13-p1-xm6zp"",""cpu_m"":869,""mem_b"":782315988,""priority"":""1"",""node"":""""},{""name"":""rs-14-p4-brzl6"",""cpu_m"":421,""mem_b"":486118395,""priority"":""4"",""node"":""kwok-node-9""},{""name"":""rs-14-p4-n6rfp"",""cpu_m"":421,""mem_b"":486118395,""priority"":""4"",""node"":""kwok-node-1""},{""name"":""rs-14-p4-wl9l4"",""cpu_m"":421,""mem_b"":486118395,""priority"":""4"",""node"":""kwok-node-17""},{""name"":""rs-14-p4-zs5v4"",""cpu_m"":421,""mem_b"":486118395,""priority"":""4"",""node"":""kwok-node-14""},{""name"":""rs-15-p4-82h8r"",""cpu_m"":419,""mem_b"":702441703,""priority"":""4"",""node"":""kwok-node-15""},{""name"":""rs-16-p2-w5gjw"",""cpu_m"":497,""mem_b"":276797016,""priority"":""2"",""node"":""kwok-node-3""},{""name"":""rs-17-p3-dn2dz"",""cpu_m"":583,""mem_b"":219711369,""priority"":""3"",""node"":""kwok-node-8""},{""name"":""rs-17-p3-flqzz"",""cpu_m"":583,""mem_b"":219711369,""priority"":""3"",""node"":""kwok-node-28""},{""name"":""rs-17-p3-h4b7h"",""cpu_m"":583,""mem_b"":219711369,""priority"":""3"",""node"":""kwok-node-4""},{""name"":""rs-18-p1-5nt4d"",""cpu_m"":130,""mem_b"":222060944,""priority"":""1"",""node"":""kwok-node-27""},{""name"":""rs-18-p1-76hck"",""cpu_m"":130,""mem_b"":222060944,""priority"":""1"",""node"":""kwok-node-7""},{""name"":""rs-18-p1-m9hrt"",""cpu_m"":130,""mem_b"":222060944,""priority"":""1"",""node"":""kwok-node-32""},{""name"":""rs-19-p2-99g6g"",""cpu_m"":776,""mem_b"":861907401,""priority"":""2"",""node"":""kwok-node-18""},{""name"":""rs-19-p2-qjv4r"",""cpu_m"":776,""mem_b"":861907401,""priority"":""2"",""node"":""kwok-node-9""},{""name"":""rs-20-p4-5hxr2"",""cpu_m"":432,""mem_b"":148393693,""priority"":""4"",""node"":""kwok-node-7""},{""name"":""rs-20-p4-fnd4l"",""cpu_m"":432,""mem_b"":148393693,""priority"":""4"",""node"":""kwok-node-32""},{""name"":""rs-21-p2-hpcf9"",""cpu_m"":975,""mem_b"":171220998,""priority"":""2"",""node"":""kwok-node-30""},{""name"":""rs-21-p2-jfpjh"",""cpu_m"":975,""mem_b"":171220998,""priority"":""2"",""node"":""kwok-node-31""},{""name"":""rs-21-p2-kxltm"",""cpu_m"":975,""mem_b"":171220998,""priority"":""2"",""node"":""kwok-node-24""},{""name"":""rs-21-p2-mdv2g"",""cpu_m"":975,""mem_b"":171220998,""priority"":""2"",""node"":""kwok-node-23""},{""name"":""rs-22-p3-lxlhj"",""cpu_m"":954,""mem_b"":637939119,""priority"":""3"",""node"":""kwok-node-29""},{""name"":""rs-22-p3-sg6v4"",""cpu_m"":954,""mem_b"":637939119,""priority"":""3"",""node"":""kwok-node-27""},{""name"":""rs-23-p3-c4j5z"",""cpu_m"":189,""mem_b"":204931027,""priority"":""3"",""node"":""kwok-node-28""},{""name"":""rs-24-p1-vz95z"",""cpu_m"":236,""mem_b"":713572834,""priority"":""1"",""node"":""""},{""name"":""rs-25-p1-bbj6s"",""cpu_m"":977,""mem_b"":437600639,""priority"":""1"",""node"":""""},{""name"":""rs-26-p2-dghxr"",""cpu_m"":762,""mem_b"":471708803,""priority"":""2"",""node"":""kwok-node-13""},{""name"":""rs-26-p2-gdjw8"",""cpu_m"":762,""mem_b"":471708803,""priority"":""2"",""node"":""kwok-node-22""},{""name"":""rs-26-p2-tbxzv"",""cpu_m"":762,""mem_b"":471708803,""priority"":""2"",""node"":""kwok-node-14""},{""name"":""rs-26-p2-zf24j"",""cpu_m"":762,""mem_b"":471708803,""priority"":""2"",""node"":""kwok-node-15""},{""name"":""rs-27-p3-92wc5"",""cpu_m"":751,""mem_b"":458868133,""priority"":""3"",""node"":""kwok-node-17""},{""name"":""rs-27-p3-ggwnk"",""cpu_m"":751,""mem_b"":458868133,""priority"":""3"",""node"":""kwok-node-1""},{""name"":""rs-28-p3-89v4z"",""cpu_m"":516,""mem_b"":402384937,""priority"":""3"",""node"":""kwok-node-12""},{""name"":""rs-28-p3-lsxpq"",""cpu_m"":516,""mem_b"":402384937,""priority"":""3"",""node"":""kwok-node-5""},{""name"":""rs-29-p2-f79wf"",""cpu_m"":194,""mem_b"":417429482,""priority"":""2"",""node"":""kwok-node-28""},{""name"":""rs-29-p2-jlj4r"",""cpu_m"":194,""mem_b"":417429482,""priority"":""2"",""node"":""kwok-node-12""},{""name"":""rs-29-p2-rqltr"",""cpu_m"":194,""mem_b"":417429482,""priority"":""2"",""node"":""kwok-node-24""},{""name"":""rs-29-p2-zg2wf"",""cpu_m"":194,""mem_b"":417429482,""priority"":""2"",""node"":""kwok-node-8""},{""name"":""rs-30-p4-6d8pb"",""cpu_m"":503,""mem_b"":603088643,""priority"":""4"",""node"":""kwok-node-19""},{""name"":""rs-30-p4-kr9zc"",""cpu_m"":503,""mem_b"":603088643,""priority"":""4"",""node"":""kwok-node-7""},{""name"":""rs-30-p4-p75zj"",""cpu_m"":503,""mem_b"":603088643,""priority"":""4"",""node"":""kwok-node-20""},{""name"":""rs-30-p4-rb4gw"",""cpu_m"":503,""mem_b"":603088643,""priority"":""4"",""node"":""kwok-node-32""},{""name"":""rs-31-p1-4x6h6"",""cpu_m"":193,""mem_b"":353101860,""priority"":""1"",""node"":""kwok-node-1""},{""name"":""rs-31-p1-rt6px"",""cpu_m"":193,""mem_b"":353101860,""priority"":""1"",""node"":""kwok-node-1""},{""name"":""rs-32-p3-5zll9"",""cpu_m"":138,""mem_b"":766838607,""priority"":""3"",""node"":""kwok-node-2""},{""name"":""rs-32-p3-jjfph"",""cpu_m"":138,""mem_b"":766838607,""priority"":""3"",""node"":""kwok-node-18""},{""name"":""rs-33-p1-5rzl8"",""cpu_m"":338,""mem_b"":429278421,""priority"":""1"",""node"":""""},{""name"":""rs-33-p1-92v7d"",""cpu_m"":338,""mem_b"":429278421,""priority"":""1"",""node"":""kwok-node-30""},{""name"":""rs-34-p3-wjcj9"",""cpu_m"":815,""mem_b"":507102760,""priority"":""3"",""node"":""kwok-node-26""},{""name"":""rs-35-p4-k5jdc"",""cpu_m"":427,""mem_b"":696480452,""priority"":""4"",""node"":""kwok-node-31""},{""name"":""rs-36-p1-j9zqs"",""cpu_m"":338,""mem_b"":224599188,""priority"":""1"",""node"":""kwok-node-4""},{""name"":""rs-36-p1-lwf4j"",""cpu_m"":338,""mem_b"":224599188,""priority"":""1"",""node"":""kwok-node-23""},{""name"":""rs-37-p2-5zv2t"",""cpu_m"":228,""mem_b"":495973075,""priority"":""2"",""node"":""kwok-node-24""},{""name"":""rs-37-p2-k6hkl"",""cpu_m"":228,""mem_b"":495973075,""priority"":""2"",""node"":""kwok-node-30""},{""name"":""rs-37-p2-krwcl"",""cpu_m"":228,""mem_b"":495973075,""priority"":""2"",""node"":""kwok-node-23""},{""name"":""rs-38-p2-74kpf"",""cpu_m"":290,""mem_b"":213035140,""priority"":""2"",""node"":""kwok-node-28""},{""name"":""rs-38-p2-chgvd"",""cpu_m"":290,""mem_b"":213035140,""priority"":""2"",""node"":""kwok-node-16""},{""name"":""rs-38-p2-xmhck"",""cpu_m"":290,""mem_b"":213035140,""priority"":""2"",""node"":""kwok-node-8""},{""name"":""rs-39-p3-bxqs4"",""cpu_m"":921,""mem_b"":876096025,""priority"":""3"",""node"":""kwok-node-32""},{""name"":""rs-39-p3-nrc8f"",""cpu_m"":921,""mem_b"":876096025,""priority"":""3"",""node"":""kwok-node-5""},{""name"":""rs-39-p3-tp8fh"",""cpu_m"":921,""mem_b"":876096025,""priority"":""3"",""node"":""kwok-node-26""},{""name"":""rs-39-p3-xs9g6"",""cpu_m"":921,""mem_b"":876096025,""priority"":""3"",""node"":""kwok-node-7""},{""name"":""rs-40-p3-2swlw"",""cpu_m"":658,""mem_b"":150786251,""priority"":""3"",""node"":""kwok-node-25""},{""name"":""rs-40-p3-4xwfd"",""cpu_m"":658,""mem_b"":150786251,""priority"":""3"",""node"":""kwok-node-9""},{""name"":""rs-40-p3-n6zsg"",""cpu_m"":658,""mem_b"":150786251,""priority"":""3"",""node"":""kwok-node-2""},{""name"":""rs-41-p1-k8pw9"",""cpu_m"":502,""mem_b"":378921293,""priority"":""1"",""node"":""""},{""name"":""rs-41-p1-rgxp7"",""cpu_m"":502,""mem_b"":378921293,""priority"":""1"",""node"":""""},{""name"":""rs-41-p1-xcmbs"",""cpu_m"":502,""mem_b"":378921293,""priority"":""1"",""node"":""kwok-node-19""},{""name"":""rs-42-p4-tfr4l"",""cpu_m"":800,""mem_b"":920630369,""priority"":""4"",""node"":""kwok-node-10""},{""name"":""rs-42-p4-zdpg7"",""cpu_m"":800,""mem_b"":920630369,""priority"":""4"",""node"":""kwok-node-21""},{""name"":""rs-43-p2-4d7z6"",""cpu_m"":663,""mem_b"":889642523,""priority"":""2"",""node"":""kwok-node-28""},{""name"":""rs-43-p2-7mjzg"",""cpu_m"":663,""mem_b"":889642523,""priority"":""2"",""node"":""kwok-node-11""},{""name"":""rs-43-p2-fz7wj"",""cpu_m"":663,""mem_b"":889642523,""priority"":""2"",""node"":""kwok-node-6""},{""name"":""rs-43-p2-qzxb2"",""cpu_m"":663,""mem_b"":889642523,""priority"":""2"",""node"":""kwok-node-8""},{""name"":""rs-44-p3-785ct"",""cpu_m"":518,""mem_b"":994700777,""priority"":""3"",""node"":""kwok-node-16""},{""name"":""rs-44-p3-pd49v"",""cpu_m"":518,""mem_b"":994700777,""priority"":""3"",""node"":""kwok-node-25""},{""name"":""rs-45-p1-dfht9"",""cpu_m"":706,""mem_b"":263437585,""priority"":""1"",""node"":""kwok-node-25""},{""name"":""rs-46-p4-74pn4"",""cpu_m"":995,""mem_b"":545533516,""priority"":""4"",""node"":""kwok-node-6""},{""name"":""rs-46-p4-j7nrv"",""cpu_m"":995,""mem_b"":545533516,""priority"":""4"",""node"":""kwok-node-3""},{""name"":""rs-47-p3-4gzrw"",""cpu_m"":287,""mem_b"":510953649,""priority"":""3"",""node"":""kwok-node-12""},{""name"":""rs-47-p3-gkz7l"",""cpu_m"":287,""mem_b"":510953649,""priority"":""3"",""node"":""kwok-node-22""},{""name"":""rs-47-p3-wgbk7"",""cpu_m"":287,""mem_b"":510953649,""priority"":""3"",""node"":""kwok-node-13""},{""name"":""rs-48-p2-k8vq6"",""cpu_m"":533,""mem_b"":780373497,""priority"":""2"",""node"":""kwok-node-4""},{""name"":""rs-48-p2-lvwfh"",""cpu_m"":533,""mem_b"":780373497,""priority"":""2"",""node"":""kwok-node-4""},{""name"":""rs-48-p2-lwrsz"",""cpu_m"":533,""mem_b"":780373497,""priority"":""2"",""node"":""kwok-node-5""},{""name"":""rs-49-p1-94j85"",""cpu_m"":703,""mem_b"":727793258,""priority"":""1"",""node"":""""},{""name"":""rs-49-p1-gpnrg"",""cpu_m"":703,""mem_b"":727793258,""priority"":""1"",""node"":""""},{""name"":""rs-50-p4-2spxn"",""cpu_m"":250,""mem_b"":220283343,""priority"":""4"",""node"":""kwok-node-11""},{""name"":""rs-50-p4-bmn75"",""cpu_m"":250,""mem_b"":220283343,""priority"":""4"",""node"":""kwok-node-8""},{""name"":""rs-50-p4-qlqt4"",""cpu_m"":250,""mem_b"":220283343,""priority"":""4"",""node"":""kwok-node-29""},{""name"":""rs-51-p2-z8h8c"",""cpu_m"":225,""mem_b"":807310050,""priority"":""2"",""node"":""kwok-node-17""},{""name"":""rs-52-p3-7pb4q"",""cpu_m"":283,""mem_b"":966876478,""priority"":""3"",""node"":""kwok-node-3""}]","[{""name"":""rs-01-p2-d8gqh"",""cpu_m"":925,""mem_b"":693941742,""priority"":""2"",""node"":""kwok-node-16""},{""name"":""rs-01-p2-dc4cw"",""cpu_m"":925,""mem_b"":693941742,""priority"":""2"",""node"":""kwok-node-11""},{""name"":""rs-01-p2-pjtpj"",""cpu_m"":925,""mem_b"":693941742,""priority"":""2"",""node"":""kwok-node-12""},{""name"":""rs-02-p3-72nb6"",""cpu_m"":418,""mem_b"":310614403,""priority"":""3"",""node"":""kwok-node-1""},{""name"":""rs-02-p3-k5zhr"",""cpu_m"":418,""mem_b"":310614403,""priority"":""3"",""node"":""kwok-node-15""},{""name"":""rs-02-p3-r2p6c"",""cpu_m"":418,""mem_b"":310614403,""priority"":""3"",""node"":""kwok-node-17""},{""name"":""rs-02-p3-xtngs"",""cpu_m"":418,""mem_b"":310614403,""priority"":""3"",""node"":""kwok-node-14""},{""name"":""rs-03-p3-5pdlq"",""cpu_m"":752,""mem_b"":143205593,""priority"":""3"",""node"":""kwok-node-18""},{""name"":""rs-03-p3-85j7n"",""cpu_m"":752,""mem_b"":143205593,""priority"":""3"",""node"":""kwok-node-10""},{""name"":""rs-03-p3-fbt8d"",""cpu_m"":752,""mem_b"":143205593,""priority"":""3"",""node"":""kwok-node-2""},{""name"":""rs-03-p3-vwmnt"",""cpu_m"":752,""mem_b"":143205593,""priority"":""3"",""node"":""kwok-node-21""},{""name"":""rs-04-p3-sv7mf"",""cpu_m"":969,""mem_b"":965783234,""priority"":""3"",""node"":""kwok-node-19""},{""name"":""rs-04-p3-wjpvq"",""cpu_m"":969,""mem_b"":965783234,""priority"":""3"",""node"":""kwok-node-20""},{""name"":""rs-05-p3-5d5hh"",""cpu_m"":684,""mem_b"":945363011,""priority"":""3"",""node"":""kwok-node-13""},{""name"":""rs-05-p3-x56fg"",""cpu_m"":684,""mem_b"":945363011,""priority"":""3"",""node"":""kwok-node-22""},{""name"":""rs-06-p4-2hmmj"",""cpu_m"":422,""mem_b"":924372148,""priority"":""4"",""node"":""kwok-node-10""},{""name"":""rs-06-p4-htjhn"",""cpu_m"":422,""mem_b"":924372148,""priority"":""4"",""node"":""kwok-node-23""},{""name"":""rs-06-p4-z4ss8"",""cpu_m"":422,""mem_b"":924372148,""priority"":""4"",""node"":""kwok-node-24""},{""name"":""rs-07-p4-wq9t5"",""cpu_m"":611,""mem_b"":979828434,""priority"":""4"",""node"":""kwok-node-27""},{""name"":""rs-08-p2-mjq6h"",""cpu_m"":132,""mem_b"":503699608,""priority"":""2"",""node"":""kwok-node-26""},{""name"":""rs-08-p2-pbjrc"",""cpu_m"":132,""mem_b"":503699608,""priority"":""2"",""node"":""kwok-node-3""},{""name"":""rs-08-p2-qx7s5"",""cpu_m"":132,""mem_b"":503699608,""priority"":""2"",""node"":""kwok-node-28""},{""name"":""rs-08-p2-wdd6f"",""cpu_m"":132,""mem_b"":503699608,""priority"":""2"",""node"":""kwok-node-25""},{""name"":""rs-09-p3-86kjr"",""cpu_m"":443,""mem_b"":940341449,""priority"":""3"",""node"":""kwok-node-2""},{""name"":""rs-09-p3-99wkb"",""cpu_m"":443,""mem_b"":940341449,""priority"":""3"",""node"":""kwok-node-29""},{""name"":""rs-09-p3-hhpv6"",""cpu_m"":443,""mem_b"":940341449,""priority"":""3"",""node"":""kwok-node-21""},{""name"":""rs-10-p3-dj8wx"",""cpu_m"":386,""mem_b"":921088055,""priority"":""3"",""node"":""kwok-node-31""},{""name"":""rs-10-p3-ztnl4"",""cpu_m"":386,""mem_b"":921088055,""priority"":""3"",""node"":""kwok-node-30""},{""name"":""rs-11-p3-jfzgb"",""cpu_m"":340,""mem_b"":329935449,""priority"":""3"",""node"":""kwok-node-6""},{""name"":""rs-12-p1-hdf2w"",""cpu_m"":408,""mem_b"":589119119,""priority"":""1"",""node"":""kwok-node-32""},{""name"":""rs-12-p1-pww6t"",""cpu_m"":408,""mem_b"":589119119,""priority"":""1"",""node"":""kwok-node-8""},{""name"":""rs-12-p1-tfhv9"",""cpu_m"":408,""mem_b"":589119119,""priority"":""1"",""node"":""kwok-node-7""},{""name"":""rs-12-p1-xwgb2"",""cpu_m"":408,""mem_b"":589119119,""priority"":""1"",""node"":""kwok-node-4""},{""name"":""rs-13-p1-6vr9b"",""cpu_m"":869,""mem_b"":782315988,""priority"":""1"",""node"":""kwok-node-5""},{""name"":""rs-13-p1-gdxdd"",""cpu_m"":869,""mem_b"":782315988,""priority"":""1"",""node"":""kwok-node-6""},{""name"":""rs-13-p1-tvn7z"",""cpu_m"":869,""mem_b"":782315988,""priority"":""1"",""node"":""kwok-node-26""},{""name"":""rs-13-p1-zlrqn"",""cpu_m"":869,""mem_b"":782315988,""priority"":""1"",""node"":""kwok-node-25""},{""name"":""rs-14-p4-brzl6"",""cpu_m"":421,""mem_b"":486118395,""priority"":""4"",""node"":""kwok-node-9""},{""name"":""rs-14-p4-n6rfp"",""cpu_m"":421,""mem_b"":486118395,""priority"":""4"",""node"":""kwok-node-1""},{""name"":""rs-14-p4-wl9l4"",""cpu_m"":421,""mem_b"":486118395,""priority"":""4"",""node"":""kwok-node-17""},{""name"":""rs-14-p4-zs5v4"",""cpu_m"":421,""mem_b"":486118395,""priority"":""4"",""node"":""kwok-node-14""},{""name"":""rs-15-p4-82h8r"",""cpu_m"":419,""mem_b"":702441703,""priority"":""4"",""node"":""kwok-node-15""},{""name"":""rs-16-p2-w5gjw"",""cpu_m"":497,""mem_b"":276797016,""priority"":""2"",""node"":""kwok-node-3""},{""name"":""rs-17-p3-dn2dz"",""cpu_m"":583,""mem_b"":219711369,""priority"":""3"",""node"":""kwok-node-8""},{""name"":""rs-17-p3-flqzz"",""cpu_m"":583,""mem_b"":219711369,""priority"":""3"",""node"":""kwok-node-28""},{""name"":""rs-17-p3-h4b7h"",""cpu_m"":583,""mem_b"":219711369,""priority"":""3"",""node"":""kwok-node-4""},{""name"":""rs-18-p1-76hck"",""cpu_m"":130,""mem_b"":222060944,""priority"":""1"",""node"":""kwok-node-7""},{""name"":""rs-18-p1-m9hrt"",""cpu_m"":130,""mem_b"":222060944,""priority"":""1"",""node"":""kwok-node-32""},{""name"":""rs-18-p1-wd4q8"",""cpu_m"":130,""mem_b"":222060944,""priority"":""1"",""node"":""kwok-node-9""},{""name"":""rs-19-p2-99g6g"",""cpu_m"":776,""mem_b"":861907401,""priority"":""2"",""node"":""kwok-node-18""},{""name"":""rs-19-p2-qjv4r"",""cpu_m"":776,""mem_b"":861907401,""priority"":""2"",""node"":""kwok-node-9""},{""name"":""rs-20-p4-5hxr2"",""cpu_m"":432,""mem_b"":148393693,""priority"":""4"",""node"":""kwok-node-7""},{""name"":""rs-20-p4-fnd4l"",""cpu_m"":432,""mem_b"":148393693,""priority"":""4"",""node"":""kwok-node-32""},{""name"":""rs-21-p2-hpcf9"",""cpu_m"":975,""mem_b"":171220998,""priority"":""2"",""node"":""kwok-node-30""},{""name"":""rs-21-p2-jfpjh"",""cpu_m"":975,""mem_b"":171220998,""priority"":""2"",""node"":""kwok-node-31""},{""name"":""rs-21-p2-kxltm"",""cpu_m"":975,""mem_b"":171220998,""priority"":""2"",""node"":""kwok-node-24""},{""name"":""rs-21-p2-mdv2g"",""cpu_m"":975,""mem_b"":171220998,""priority"":""2"",""node"":""kwok-node-23""},{""name"":""rs-22-p3-lxlhj"",""cpu_m"":954,""mem_b"":637939119,""priority"":""3"",""node"":""kwok-node-29""},{""name"":""rs-22-p3-sg6v4"",""cpu_m"":954,""mem_b"":637939119,""priority"":""3"",""node"":""kwok-node-27""},{""name"":""rs-23-p3-c4j5z"",""cpu_m"":189,""mem_b"":204931027,""priority"":""3"",""node"":""kwok-node-28""},{""name"":""rs-24-p1-dd22c"",""cpu_m"":236,""mem_b"":713572834,""priority"":""1"",""node"":""kwok-node-16""},{""name"":""rs-25-p1-77b6r"",""cpu_m"":977,""mem_b"":437600639,""priority"":""1"",""node"":""kwok-node-3""},{""name"":""rs-26-p2-dghxr"",""cpu_m"":762,""mem_b"":471708803,""priority"":""2"",""node"":""kwok-node-13""},{""name"":""rs-26-p2-gdjw8"",""cpu_m"":762,""mem_b"":471708803,""priority"":""2"",""node"":""kwok-node-22""},{""name"":""rs-26-p2-tbxzv"",""cpu_m"":762,""mem_b"":471708803,""priority"":""2"",""node"":""kwok-node-14""},{""name"":""rs-26-p2-zf24j"",""cpu_m"":762,""mem_b"":471708803,""priority"":""2"",""node"":""kwok-node-15""},{""name"":""rs-27-p3-92wc5"",""cpu_m"":751,""mem_b"":458868133,""priority"":""3"",""node"":""kwok-node-17""},{""name"":""rs-27-p3-ggwnk"",""cpu_m"":751,""mem_b"":458868133,""priority"":""3"",""node"":""kwok-node-1""},{""name"":""rs-28-p3-89v4z"",""cpu_m"":516,""mem_b"":402384937,""priority"":""3"",""node"":""kwok-node-12""},{""name"":""rs-28-p3-lsxpq"",""cpu_m"":516,""mem_b"":402384937,""priority"":""3"",""node"":""kwok-node-5""},{""name"":""rs-29-p2-6z4sm"",""cpu_m"":194,""mem_b"":417429482,""priority"":""2"",""node"":""kwok-node-4""},{""name"":""rs-29-p2-f79wf"",""cpu_m"":194,""mem_b"":417429482,""priority"":""2"",""node"":""kwok-node-28""},{""name"":""rs-29-p2-xdxvj"",""cpu_m"":194,""mem_b"":417429482,""priority"":""2"",""node"":""kwok-node-11""},{""name"":""rs-29-p2-zg2wf"",""cpu_m"":194,""mem_b"":417429482,""priority"":""2"",""node"":""kwok-node-8""},{""name"":""rs-30-p4-6d8pb"",""cpu_m"":503,""mem_b"":603088643,""priority"":""4"",""node"":""kwok-node-19""},{""name"":""rs-30-p4-kr9zc"",""cpu_m"":503,""mem_b"":603088643,""priority"":""4"",""node"":""kwok-node-7""},{""name"":""rs-30-p4-p75zj"",""cpu_m"":503,""mem_b"":603088643,""priority"":""4"",""node"":""kwok-node-20""},{""name"":""rs-30-p4-rb4gw"",""cpu_m"":503,""mem_b"":603088643,""priority"":""4"",""node"":""kwok-node-32""},{""name"":""rs-31-p1-62p2m"",""cpu_m"":193,""mem_b"":353101860,""priority"":""1"",""node"":""kwok-node-6""},{""name"":""rs-31-p1-jlr4t"",""cpu_m"":193,""mem_b"":353101860,""priority"":""1"",""node"":""kwok-node-10""},{""name"":""rs-32-p3-5zll9"",""cpu_m"":138,""mem_b"":766838607,""priority"":""3"",""node"":""kwok-node-2""},{""name"":""rs-32-p3-jjfph"",""cpu_m"":138,""mem_b"":766838607,""priority"":""3"",""node"":""kwok-node-18""},{""name"":""rs-33-p1-jcjsm"",""cpu_m"":338,""mem_b"":429278421,""priority"":""1"",""node"":""kwok-node-11""},{""name"":""rs-33-p1-zkmc7"",""cpu_m"":338,""mem_b"":429278421,""priority"":""1"",""node"":""kwok-node-21""},{""name"":""rs-34-p3-wjcj9"",""cpu_m"":815,""mem_b"":507102760,""priority"":""3"",""node"":""kwok-node-26""},{""name"":""rs-35-p4-k5jdc"",""cpu_m"":427,""mem_b"":696480452,""priority"":""4"",""node"":""kwok-node-31""},{""name"":""rs-36-p1-4zpvf"",""cpu_m"":338,""mem_b"":224599188,""priority"":""1"",""node"":""kwok-node-25""},{""name"":""rs-36-p1-j9zqs"",""cpu_m"":338,""mem_b"":224599188,""priority"":""1"",""node"":""kwok-node-4""},{""name"":""rs-37-p2-5zv2t"",""cpu_m"":228,""mem_b"":495973075,""priority"":""2"",""node"":""kwok-node-24""},{""name"":""rs-37-p2-k6hkl"",""cpu_m"":228,""mem_b"":495973075,""priority"":""2"",""node"":""kwok-node-30""},{""name"":""rs-37-p2-krwcl"",""cpu_m"":228,""mem_b"":495973075,""priority"":""2"",""node"":""kwok-node-23""},{""name"":""rs-38-p2-74kpf"",""cpu_m"":290,""mem_b"":213035140,""priority"":""2"",""node"":""kwok-node-28""},{""name"":""rs-38-p2-chgvd"",""cpu_m"":290,""mem_b"":213035140,""priority"":""2"",""node"":""kwok-node-16""},{""name"":""rs-38-p2-xmhck"",""cpu_m"":290,""mem_b"":213035140,""priority"":""2"",""node"":""kwok-node-8""},{""name"":""rs-39-p3-bxqs4"",""cpu_m"":921,""mem_b"":876096025,""priority"":""3"",""node"":""""},{""name"":""rs-39-p3-nrc8f"",""cpu_m"":921,""mem_b"":876096025,""priority"":""3"",""node"":""""},{""name"":""rs-39-p3-tp8fh"",""cpu_m"":921,""mem_b"":876096025,""priority"":""3"",""node"":""""},{""name"":""rs-39-p3-xs9g6"",""cpu_m"":921,""mem_b"":876096025,""priority"":""3"",""node"":""""},{""name"":""rs-40-p3-2swlw"",""cpu_m"":658,""mem_b"":150786251,""priority"":""3"",""node"":""kwok-node-25""},{""name"":""rs-40-p3-4xwfd"",""cpu_m"":658,""mem_b"":150786251,""priority"":""3"",""node"":""kwok-node-9""},{""name"":""rs-40-p3-n6zsg"",""cpu_m"":658,""mem_b"":150786251,""priority"":""3"",""node"":""kwok-node-2""},{""name"":""rs-41-p1-q6ltw"",""cpu_m"":502,""mem_b"":378921293,""priority"":""1"",""node"":""kwok-node-10""},{""name"":""rs-41-p1-qjbsm"",""cpu_m"":502,""mem_b"":378921293,""priority"":""1"",""node"":""kwok-node-6""},{""name"":""rs-41-p1-v49tb"",""cpu_m"":502,""mem_b"":378921293,""priority"":""1"",""node"":""kwok-node-5""},{""name"":""rs-42-p4-tfr4l"",""cpu_m"":800,""mem_b"":920630369,""priority"":""4"",""node"":""""},{""name"":""rs-42-p4-zdpg7"",""cpu_m"":800,""mem_b"":920630369,""priority"":""4"",""node"":""""},{""name"":""rs-43-p2-4d7z6"",""cpu_m"":663,""mem_b"":889642523,""priority"":""2"",""node"":""""},{""name"":""rs-43-p2-7mjzg"",""cpu_m"":663,""mem_b"":889642523,""priority"":""2"",""node"":""""},{""name"":""rs-43-p2-fz7wj"",""cpu_m"":663,""mem_b"":889642523,""priority"":""2"",""node"":""""},{""name"":""rs-43-p2-qzxb2"",""cpu_m"":663,""mem_b"":889642523,""priority"":""2"",""node"":""""},{""name"":""rs-44-p3-785ct"",""cpu_m"":518,""mem_b"":994700777,""priority"":""3"",""node"":""""},{""name"":""rs-44-p3-pd49v"",""cpu_m"":518,""mem_b"":994700777,""priority"":""3"",""node"":""""},{""name"":""rs-45-p1-dfht9"",""cpu_m"":706,""mem_b"":263437585,""priority"":""1"",""node"":""""},{""name"":""rs-46-p4-74pn4"",""cpu_m"":995,""mem_b"":545533516,""priority"":""4"",""node"":""""},{""name"":""rs-46-p4-j7nrv"",""cpu_m"":995,""mem_b"":545533516,""priority"":""4"",""node"":""""},{""name"":""rs-47-p3-4gzrw"",""cpu_m"":287,""mem_b"":510953649,""priority"":""3"",""node"":""kwok-node-12""},{""name"":""rs-47-p3-gkz7l"",""cpu_m"":287,""mem_b"":510953649,""priority"":""3"",""node"":""kwok-node-22""},{""name"":""rs-47-p3-wgbk7"",""cpu_m"":287,""mem_b"":510953649,""priority"":""3"",""node"":""kwok-node-13""},{""name"":""rs-48-p2-k8vq6"",""cpu_m"":533,""mem_b"":780373497,""priority"":""2"",""node"":""""},{""name"":""rs-48-p2-lvwfh"",""cpu_m"":533,""mem_b"":780373497,""priority"":""2"",""node"":""""},{""name"":""rs-48-p2-lwrsz"",""cpu_m"":533,""mem_b"":780373497,""priority"":""2"",""node"":""""},{""name"":""rs-49-p1-94j85"",""cpu_m"":703,""mem_b"":727793258,""priority"":""1"",""node"":""""},{""name"":""rs-49-p1-gpnrg"",""cpu_m"":703,""mem_b"":727793258,""priority"":""1"",""node"":""""},{""name"":""rs-50-p4-2spxn"",""cpu_m"":250,""mem_b"":220283343,""priority"":""4"",""node"":""kwok-node-11""},{""name"":""rs-50-p4-bmn75"",""cpu_m"":250,""mem_b"":220283343,""priority"":""4"",""node"":""kwok-node-8""},{""name"":""rs-50-p4-qlqt4"",""cpu_m"":250,""mem_b"":220283343,""priority"":""4"",""node"":""kwok-node-29""},{""name"":""rs-51-p2-l46xh"",""cpu_m"":225,""mem_b"":807310050,""priority"":""2"",""node"":""kwok-node-3""},{""name"":""rs-52-p3-7pb4q"",""cpu_m"":283,""mem_b"":966876478,""priority"":""3"",""node"":""""}]","[{""name"":""kwok-node-1"",""cap_cpu_m"":2040,""cap_mem_bytes"":2075119691},{""name"":""kwok-node-2"",""cap_cpu_m"":2040,""cap_mem_bytes"":2075119691},{""name"":""kwok-node-3"",""cap_cpu_m"":2040,""cap_mem_bytes"":2075119691},{""name"":""kwok-node-4"",""cap_cpu_m"":2040,""cap_mem_bytes"":2075119691},{""name"":""kwok-node-5"",""cap_cpu_m"":2040,""cap_mem_bytes"":2075119691},{""name"":""kwok-node-6"",""cap_cpu_m"":2040,""cap_mem_bytes"":2075119691},{""name"":""kwok-node-7"",""cap_cpu_m"":2040,""cap_mem_bytes"":2075119691},{""name"":""kwok-node-8"",""cap_cpu_m"":2040,""cap_mem_bytes"":2075119691},{""name"":""kwok-node-9"",""cap_cpu_m"":2040,""cap_mem_bytes"":2075119691},{""name"":""kwok-node-10"",""cap_cpu_m"":2040,""cap_mem_bytes"":2075119691},{""name"":""kwok-node-11"",""cap_cpu_m"":2040,""cap_mem_bytes"":2075119691},{""name"":""kwok-node-12"",""cap_cpu_m"":2040,""cap_mem_bytes"":2075119691},{""name"":""kwok-node-13"",""cap_cpu_m"":2040,""cap_mem_bytes"":2075119691},{""name"":""kwok-node-14"",""cap_cpu_m"":2040,""cap_mem_bytes"":2075119691},{""name"":""kwok-node-15"",""cap_cpu_m"":2040,""cap_mem_bytes"":2075119691},{""name"":""kwok-node-16"",""cap_cpu_m"":2040,""cap_mem_bytes"":2075119691},{""name"":""kwok-node-17"",""cap_cpu_m"":2040,""cap_mem_bytes"":2075119691},{""name"":""kwok-node-18"",""cap_cpu_m"":2040,""cap_mem_bytes"":2075119691},{""name"":""kwok-node-19"",""cap_cpu_m"":2040,""cap_mem_bytes"":2075119691},{""name"":""kwok-node-20"",""cap_cpu_m"":2040,""cap_mem_bytes"":2075119691},{""name"":""kwok-node-21"",""cap_cpu_m"":2040,""cap_mem_bytes"":2075119691},{""name"":""kwok-node-22"",""cap_cpu_m"":2040,""cap_mem_bytes"":2075119691},{""name"":""kwok-node-23"",""cap_cpu_m"":2040,""cap_mem_bytes"":2075119691},{""name"":""kwok-node-24"",""cap_cpu_m"":2040,""cap_mem_bytes"":2075119691},{""name"":""kwok-node-25"",""cap_cpu_m"":2040,""cap_mem_bytes"":2075119691},{""name"":""kwok-node-26"",""cap_cpu_m"":2040,""cap_mem_bytes"":2075119691},{""name"":""kwok-node-27"",""cap_cpu_m"":2040,""cap_mem_bytes"":2075119691},{""name"":""kwok-node-28"",""cap_cpu_m"":2040,""cap_mem_bytes"":2075119691},{""name"":""kwok-node-29"",""cap_cpu_m"":2040,""cap_mem_bytes"":2075119691},{""name"":""kwok-node-30"",""cap_cpu_m"":2040,""cap_mem_bytes"":2075119691},{""name"":""kwok-node-31"",""cap_cpu_m"":2040,""cap_mem_bytes"":2075119691},{""name"":""kwok-node-32"",""cap_cpu_m"":2040,""cap_mem_bytes"":2075119691}]"
2026/02/11/11:48:34,2120090046821723763,no improving solution from any solver,"{""evicted"":0,""moved"":0,""placed_by_priority"":{""1"":25,""2"":13,""3"":49,""4"":22}}",,,,,"[{""duration_ms"":985,""name"":""python"",""score"":{""evicted"":0,""moved"":0,""placed_by_priority"":null},""status"":""FAILED""}]",0.872,0.872,0.865,0.865,65776,65776,60142625623,60142625623,109,109,19,19,"{""kwok-node-1"":4,""kwok-node-10"":4,""kwok-node-11"":3,""kwok-node-12"":4,""kwok-node-13"":4,""kwok-node-14"":3,""kwok-node-15"":4,""kwok-node-16"":4,""kwok-node-17"":4,""kwok-node-18"":3,""kwok-node-19"":4,""kwok-node-2"":3,""kwok-node-20"":3,""kwok-node-21"":4,""kwok-node-22"":3,""kwok-node-23"":4,""kwok-node-24"":3,""kwok-node-25"":3,""kwok-node-26"":4,""kwok-node-27"":3,""kwok-node-28"":3,""kwok-node-29"":3,""kwok-node-3"":3,""kwok-node-30"":3,""kwok-node-31"":3,""kwok-node-32"":3,""kwok-node-4"":3,""kwok-node-5"":3,""kwok-node-6"":4,""kwok-node-7"":4,""kwok-node-8"":3,""kwok-node-9"":3}","{""kwok-node-1"":4,""kwok-node-10"":4,""kwok-node-11"":3,""kwok-node-12"":4,""kwok-node-13"":4,""kwok-node-14"":3,""kwok-node-15"":4,""kwok-node-16"":4,""kwok-node-17"":4,""kwok-node-18"":3,""kwok-node-19"":4,""kwok-node-2"":3,""kwok-node-20"":3,""kwok-node-21"":4,""kwok-node-22"":3,""kwok-node-23"":4,""kwok-node-24"":3,""kwok-node-25"":3,""kwok-node-26"":4,""kwok-node-27"":3,""kwok-node-28"":3,""kwok-node-29"":3,""kwok-node-3"":3,""kwok-node-30"":3,""kwok-node-31"":3,""kwok-node-32"":3,""kwok-node-4"":3,""kwok-node-5"":3,""kwok-node-6"":4,""kwok-node-7"":4,""kwok-node-8"":3,""kwok-node-9"":3}","{""p1"":25,""p2"":13,""p3"":49,""p4"":22}","{""p1"":25,""p2"":13,""p3"":49,""p4"":22}","{""p1"":5,""p2"":5,""p3"":2,""p4"":7}","{""p1"":5,""p2"":5,""p3"":2,""p4"":7}","{rs-36-p2-24xwg,rs-36-p2-fd2rg,rs-36-p2-ksh5d,rs-36-p2-xdrmn,rs-42-p1-47xrm,rs-42-p1-vfj6p,rs-44-p3-4zgjf,rs-45-p2-pgc5n,rs-46-p3-wwlv5,rs-48-p4-dkb6w,rs-48-p4-jcfcl,rs-51-p1-44dwg,rs-51-p1-g85r9,rs-51-p1-rsp82,rs-52-p4-gf6rh,rs-52-p4-qfvdz,rs-52-p4-vwng4,rs-52-p4-xhrl7,rs-53-p4-75msz}","{rs-36-p2-24xwg,rs-36-p2-fd2rg,rs-36-p2-ksh5d,rs-36-p2-xdrmn,rs-42-p1-47xrm,rs-42-p1-vfj6p,rs-44-p3-4zgjf,rs-45-p2-pgc5n,rs-46-p3-wwlv5,rs-48-p4-dkb6w,rs-48-p4-jcfcl,rs-51-p1-44dwg,rs-51-p1-g85r9,rs-51-p1-rsp82,rs-52-p4-gf6rh,rs-52-p4-qfvdz,rs-52-p4-vwng4,rs-52-p4-xhrl7,rs-53-p4-75msz}","{rs-01-p3-m8d4r,rs-02-p4-8wz2s,rs-02-p4-k8c5m,rs-02-p4-w5c2f,rs-03-p3-vqctr,rs-03-p3-wz665,rs-04-p1-bsjc6,rs-04-p1-tjc4r,rs-04-p1-tqv72,rs-05-p3-hj267,rs-05-p3-m9gh4,rs-06-p4-rm6jd,rs-07-p3-ncvhp,rs-07-p3-w6fbp,rs-07-p3-xk9mz,rs-08-p4-cchfw,rs-08-p4-chz5t,rs-09-p1-wzkqs,rs-10-p4-btnwv,rs-10-p4-jg5sx,rs-11-p3-5zplf,rs-11-p3-lqwp7,rs-12-p2-8r44k,rs-13-p1-65ltp,rs-13-p1-m7txm,rs-13-p1-wgjfm,rs-13-p1-zp4fc,rs-14-p3-2svpp,rs-14-p3-8z46d,rs-14-p3-mskft,rs-15-p4-5tdp7,rs-15-p4-fnzq4,rs-15-p4-jrtjf,rs-16-p2-qptjj,rs-17-p3-6lcs5,rs-17-p3-9vjwq,rs-17-p3-mv8v2,rs-17-p3-ng75l,rs-18-p4-5z94r,rs-19-p1-24h7p,rs-19-p1-59ncc,rs-19-p1-8krnl,rs-19-p1-bfb4n,rs-20-p2-55lml,rs-20-p2-5jqzj,rs-20-p2-9xmjp,rs-21-p3-6c8n7,rs-21-p3-kx298,rs-22-p4-rplqn,rs-23-p1-2kz9n,rs-23-p1-hk8nr,rs-23-p1-l5ctn,rs-23-p1-vpnjf,rs-24-p3-5xt64,rs-24-p3-nnv6p,rs-25-p3-qdz5m,rs-25-p3-smlzg,rs-26-p3-kjlq9,rs-26-p3-ztz9c,rs-27-p1-gblhj,rs-27-p1-lhd7w,rs-27-p1-m85dl,rs-27-p1-vt2qz,rs-28-p1-7rf8m,rs-28-p1-jss5b,rs-29-p3-npggq,rs-30-p3-7vf9v,rs-30-p3-kdcjp,rs-30-p3-vz8mr,rs-31-p2-zdc9z,rs-32-p2-4jstp,rs-32-p2-4q9px,rs-32-p2-89f9g,rs-33-p3-9xq4d,rs-33-p3-cvh7q,rs-33-p3-dcmck,rs-33-p3-pztrz,rs-34-p3-wsvgs,rs-35-p3-fws25,rs-35-p3-ggtv9,rs-35-p3-w5hjt,rs-37-p4-jjsmr,rs-37-p4-pqv5s,rs-38-p3-gswpc,rs-38-p3-lbmx9,rs-38-p3-rdwp9,rs-38-p3-vpp2r,rs-39-p2-ch6wp,rs-39-p2-cx2m5,rs-40-p3-s7l2s,rs-40-p3-vndf2,rs-41-p2-86pxr,rs-41-p2-lkhwk,rs-43-p3-5tnv4,rs-43-p3-fjwrp,rs-43-p3-n9sb2,rs-43-p3-tjd27,rs-47-p3-6jx2s,rs-47-p3-sqfqr,rs-48-p4-7j2xv,rs-49-p1-l8skj,rs-49-p1-qgzzc,rs-49-p1-r59k7,rs-50-p4-dcbrs,rs-50-p4-flkt8,rs-50-p4-k6kl9,rs-50-p4-nkbrd,rs-53-p4-8xzlg,rs-53-p4-96m2t}","{rs-01-p3-m8d4r,rs-02-p4-8wz2s,rs-02-p4-k8c5m,rs-02-p4-w5c2f,rs-03-p3-vqctr,rs-03-p3-wz665,rs-04-p1-bsjc6,rs-04-p1-tjc4r,rs-04-p1-tqv72,rs-05-p3-hj267,rs-05-p3-m9gh4,rs-06-p4-rm6jd,rs-07-p3-ncvhp,rs-07-p3-w6fbp,rs-07-p3-xk9mz,rs-08-p4-cchfw,rs-08-p4-chz5t,rs-09-p1-wzkqs,rs-10-p4-btnwv,rs-10-p4-jg5sx,rs-11-p3-5zplf,rs-11-p3-lqwp7,rs-12-p2-8r44k,rs-13-p1-65ltp,rs-13-p1-m7txm,rs-13-p1-wgjfm,rs-13-p1-zp4fc,rs-14-p3-2svpp,rs-14-p3-8z46d,rs-14-p3-mskft,rs-15-p4-5tdp7,rs-15-p4-fnzq4,rs-15-p4-jrtjf,rs-16-p2-qptjj,rs-17-p3-6lcs5,rs-17-p3-9vjwq,rs-17-p3-mv8v2,rs-17-p3-ng75l,rs-18-p4-5z94r,rs-19-p1-24h7p,rs-19-p1-59ncc,rs-19-p1-8krnl,rs-19-p1-bfb4n,rs-20-p2-55lml,rs-20-p2-5jqzj,rs-20-p2-9xmjp,rs-21-p3-6c8n7,rs-21-p3-kx298,rs-22-p4-rplqn,rs-23-p1-2kz9n,rs-23-p1-hk8nr,rs-23-p1-l5ctn,rs-23-p1-vpnjf,rs-24-p3-5xt64,rs-24-p3-nnv6p,rs-25-p3-qdz5m,rs-25-p3-smlzg,rs-26-p3-kjlq9,rs-26-p3-ztz9c,rs-27-p1-gblhj,rs-27-p1-lhd7w,rs-27-p1-m85dl,rs-27-p1-vt2qz,rs-28-p1-7rf8m,rs-28-p1-jss5b,rs-29-p3-npggq,rs-30-p3-7vf9v,rs-30-p3-kdcjp,rs-30-p3-vz8mr,rs-31-p2-zdc9z,rs-32-p2-4jstp,rs-32-p2-4q9px,rs-32-p2-89f9g,rs-33-p3-9xq4d,rs-33-p3-cvh7q,rs-33-p3-dcmck,rs-33-p3-pztrz,rs-34-p3-wsvgs,rs-35-p3-fws25,rs-35-p3-ggtv9,rs-35-p3-w5hjt,rs-37-p4-jjsmr,rs-37-p4-pqv5s,rs-38-p3-gswpc,rs-38-p3-lbmx9,rs-38-p3-rdwp9,rs-38-p3-vpp2r,rs-39-p2-ch6wp,rs-39-p2-cx2m5,rs-40-p3-s7l2s,rs-40-p3-vndf2,rs-41-p2-86pxr,rs-41-p2-lkhwk,rs-43-p3-5tnv4,rs-43-p3-fjwrp,rs-43-p3-n9sb2,rs-43-p3-tjd27,rs-47-p3-6jx2s,rs-47-p3-sqfqr,rs-48-p4-7j2xv,rs-49-p1-l8skj,rs-49-p1-qgzzc,rs-49-p1-r59k7,rs-50-p4-dcbrs,rs-50-p4-flkt8,rs-50-p4-k6kl9,rs-50-p4-nkbrd,rs-53-p4-8xzlg,rs-53-p4-96m2t}","[{""name"":""rs-01-p3-m8d4r"",""cpu_m"":722,""mem_b"":184633850,""priority"":""3"",""node"":""kwok-node-17""},{""name"":""rs-02-p4-8wz2s"",""cpu_m"":703,""mem_b"":211741991,""priority"":""4"",""node"":""kwok-node-1""},{""name"":""rs-02-p4-k8c5m"",""cpu_m"":703,""mem_b"":211741991,""priority"":""4"",""node"":""kwok-node-10""},{""name"":""rs-02-p4-w5c2f"",""cpu_m"":703,""mem_b"":211741991,""priority"":""4"",""node"":""kwok-node-16""},{""name"":""rs-03-p3-vqctr"",""cpu_m"":587,""mem_b"":713299382,""priority"":""3"",""node"":""kwok-node-19""},{""name"":""rs-03-p3-wz665"",""cpu_m"":587,""mem_b"":713299382,""priority"":""3"",""node"":""kwok-node-2""},{""name"":""rs-04-p1-bsjc6"",""cpu_m"":117,""mem_b"":932832361,""priority"":""1"",""node"":""kwok-node-23""},{""name"":""rs-04-p1-tjc4r"",""cpu_m"":117,""mem_b"":932832361,""priority"":""1"",""node"":""kwok-node-18""},{""name"":""rs-04-p1-tqv72"",""cpu_m"":117,""mem_b"":932832361,""priority"":""1"",""node"":""kwok-node-12""},{""name"":""rs-05-p3-hj267"",""cpu_m"":454,""mem_b"":142022751,""priority"":""3"",""node"":""kwok-node-13""},{""name"":""rs-05-p3-m9gh4"",""cpu_m"":454,""mem_b"":142022751,""priority"":""3"",""node"":""kwok-node-14""},{""name"":""rs-06-p4-rm6jd"",""cpu_m"":252,""mem_b"":351656418,""priority"":""4"",""node"":""kwok-node-21""},{""name"":""rs-07-p3-ncvhp"",""cpu_m"":896,""mem_b"":718873350,""priority"":""3"",""node"":""kwok-node-25""},{""name"":""rs-07-p3-w6fbp"",""cpu_m"":896,""mem_b"":718873350,""priority"":""3"",""node"":""kwok-node-24""},{""name"":""rs-07-p3-xk9mz"",""cpu_m"":896,""mem_b"":718873350,""priority"":""3"",""node"":""kwok-node-30""},{""name"":""rs-08-p4-cchfw"",""cpu_m"":123,""mem_b"":961202141,""priority"":""4"",""node"":""kwok-node-15""},{""name"":""rs-08-p4-chz5t"",""cpu_m"":123,""mem_b"":961202141,""priority"":""4"",""node"":""kwok-node-26""},{""name"":""rs-09-p1-wzkqs"",""cpu_m"":182,""mem_b"":151618277,""priority"":""1"",""node"":""kwok-node-20""},{""name"":""rs-10-p4-btnwv"",""cpu_m"":292,""mem_b"":285943107,""priority"":""4"",""node"":""kwok-node-6""},{""name"":""rs-10-p4-jg5sx"",""cpu_m"":292,""mem_b"":285943107,""priority"":""4"",""node"":""kwok-node-7""},{""name"":""rs-11-p3-5zplf"",""cpu_m"":957,""mem_b"":586383223,""priority"":""3"",""node"":""kwok-node-4""},{""name"":""rs-11-p3-lqwp7"",""cpu_m"":957,""mem_b"":586383223,""priority"":""3"",""node"":""kwok-node-29""},{""name"":""rs-12-p2-8r44k"",""cpu_m"":658,""mem_b"":417644950,""priority"":""2"",""node"":""kwok-node-31""},{""name"":""rs-13-p1-65ltp"",""cpu_m"":988,""mem_b"":831449717,""priority"":""1"",""node"":""kwok-node-9""},{""name"":""rs-13-p1-m7txm"",""cpu_m"":988,""mem_b"":831449717,""priority"":""1"",""node"":""kwok-node-3""},{""name"":""rs-13-p1-wgjfm"",""cpu_m"":988,""mem_b"":831449717,""priority"":""1"",""node"":""kwok-node-32""},{""name"":""rs-13-p1-zp4fc"",""cpu_m"":988,""mem_b"":831449717,""priority"":""1"",""node"":""kwok-node-11""},{""name"":""rs-14-p3-2svpp"",""cpu_m"":431,""mem_b"":893748537,""priority"":""3"",""node"":""kwok-node-22""},{""name"":""rs-14-p3-8z46d"",""cpu_m"":431,""mem_b"":893748537,""priority"":""3"",""node"":""kwok-node-28""},{""name"":""rs-14-p3-mskft"",""cpu_m"":431,""mem_b"":893748537,""priority"":""3"",""node"":""kwok-node-5""},{""name"":""rs-15-p4-5tdp7"",""cpu_m"":828,""mem_b"":984334373,""priority"":""4"",""node"":""kwok-node-8""},{""name"":""rs-15-p4-fnzq4"",""cpu_m"":828,""mem_b"":984334373,""priority"":""4"",""node"":""kwok-node-27""},{""name"":""rs-15-p4-jrtjf"",""cpu_m"":828,""mem_b"":984334373,""priority"":""4"",""node"":""kwok-node-20""},{""name"":""rs-16-p2-qptjj"",""cpu_m"":509,""mem_b"":462362876,""priority"":""2"",""node"":""kwok-node-6""},{""name"":""rs-17-p3-6lcs5"",""cpu_m"":978,""mem_b"":468255638,""priority"":""3"",""node"":""kwok-node-7""},{""name"":""rs-17-p3-9vjwq"",""cpu_m"":978,""mem_b"":468255638,""priority"":""3"",""node"":""kwok-node-14""},{""name"":""rs-17-p3-mv8v2"",""cpu_m"":978,""mem_b"":468255638,""priority"":""3"",""node"":""kwok-node-21""},{""name"":""rs-17-p3-ng75l"",""cpu_m"":978,""mem_b"":468255638,""priority"":""3"",""node"":""kwok-node-13""},{""name"":""rs-18-p4-5z94r"",""cpu_m"":688,""mem_b"":493843557,""priority"":""4"",""node"":""kwok-node-2""},{""name"":""rs-19-p1-24h7p"",""cpu_m"":729,""mem_b"":761820732,""priority"":""1"",""node"":""kwok-node-1""},{""name"":""rs-19-p1-59ncc"",""cpu_m"":729,""mem_b"":761820732,""priority"":""1"",""node"":""kwok-node-16""},{""name"":""rs-19-p1-8krnl"",""cpu_m"":729,""mem_b"":761820732,""priority"":""1"",""node"":""kwok-node-10""},{""name"":""rs-19-p1-bfb4n"",""cpu_m"":729,""mem_b"":761820732,""priority"":""1"",""node"":""kwok-node-31""},{""name"":""rs-20-p2-55lml"",""cpu_m"":600,""mem_b"":730289920,""priority"":""2"",""node"":""kwok-node-29""},{""name"":""rs-20-p2-5jqzj"",""cpu_m"":600,""mem_b"":730289920,""priority"":""2"",""node"":""kwok-node-4""},{""name"":""rs-20-p2-9xmjp"",""cpu_m"":600,""mem_b"":730289920,""priority"":""2"",""node"":""kwok-node-17""},{""name"":""rs-21-p3-6c8n7"",""cpu_m"":722,""mem_b"":240940435,""priority"":""3"",""node"":""kwok-node-5""},{""name"":""rs-21-p3-kx298"",""cpu_m"":722,""mem_b"":240940435,""priority"":""3"",""node"":""kwok-node-22""},{""name"":""rs-22-p4-rplqn"",""cpu_m"":598,""mem_b"":730193279,""priority"":""4"",""node"":""kwok-node-25""},{""name"":""rs-23-p1-2kz9n"",""cpu_m"":636,""mem_b"":534425586,""priority"":""1"",""node"":""kwok-node-19""},{""name"":""rs-23-p1-hk8nr"",""cpu_m"":636,""mem_b"":534425586,""priority"":""1"",""node"":""kwok-node-30""},{""name"":""rs-23-p1-l5ctn"",""cpu_m"":636,""mem_b"":534425586,""priority"":""1"",""node"":""kwok-node-6""},{""name"":""rs-23-p1-vpnjf"",""cpu_m"":636,""mem_b"":534425586,""priority"":""1"",""node"":""kwok-node-24""},{""name"":""rs-24-p3-5xt64"",""cpu_m"":226,""mem_b"":731555075,""priority"":""3"",""node"":""kwok-node-7""},{""name"":""rs-24-p3-nnv6p"",""cpu_m"":226,""mem_b"":731555075,""priority"":""3"",""node"":""kwok-node-13""},{""name"":""rs-25-p3-qdz5m"",""cpu_m"":893,""mem_b"":471393554,""priority"":""3"",""node"":""kwok-node-28""},{""name"":""rs-25-p3-smlzg"",""cpu_m"":893,""mem_b"":471393554,""priority"":""3"",""node"":""kwok-node-18""},{""name"":""rs-26-p3-kjlq9"",""cpu_m"":496,""mem_b"":102183240,""priority"":""3"",""node"":""kwok-node-12""},{""name"":""rs-26-p3-ztz9c"",""cpu_m"":496,""mem_b"":102183240,""priority"":""3"",""node"":""kwok-node-23""},{""name"":""rs-27-p1-gblhj"",""cpu_m"":640,""mem_b"":591636797,""priority"":""1"",""node"":""kwok-node-11""},{""name"":""rs-27-p1-lhd7w"",""cpu_m"":640,""mem_b"":591636797,""priority"":""1"",""node"":""kwok-node-3""},{""name"":""rs-27-p1-m85dl"",""cpu_m"":640,""mem_b"":591636797,""priority"":""1"",""node"":""kwok-node-9""},{""name"":""rs-27-p1-vt2qz"",""cpu_m"":640,""mem_b"":591636797,""priority"":""1"",""node"":""kwok-node-32""},{""name"":""rs-28-p1-7rf8m"",""cpu_m"":187,""mem_b"":392551568,""priority"":""1"",""node"":""kwok-node-21""},{""name"":""rs-28-p1-jss5b"",""cpu_m"":187,""mem_b"":392551568,""priority"":""1"",""node"":""kwok-node-26""},{""name"":""rs-29-p3-npggq"",""cpu_m"":539,""mem_b"":103524587,""priority"":""3"",""node"":""kwok-node-15""},{""name"":""rs-30-p3-7vf9v"",""cpu_m"":948,""mem_b"":558168280,""priority"":""3"",""node"":""kwok-node-15""},{""name"":""rs-30-p3-kdcjp"",""cpu_m"":948,""mem_b"":558168280,""priority"":""3"",""node"":""kwok-node-12""},{""name"":""rs-30-p3-vz8mr"",""cpu_m"":948,""mem_b"":558168280,""priority"":""3"",""node"":""kwok-node-23""},{""name"":""rs-31-p2-zdc9z"",""cpu_m"":923,""mem_b"":148464284,""priority"":""2"",""node"":""kwok-node-26""},{""name"":""rs-32-p2-4jstp"",""cpu_m"":915,""mem_b"":373791287,""priority"":""2"",""node"":""kwok-node-8""},{""name"":""rs-32-p2-4q9px"",""cpu_m"":915,""mem_b"":373791287,""priority"":""2"",""node"":""kwok-node-27""},{""name"":""rs-32-p2-89f9g"",""cpu_m"":915,""mem_b"":373791287,""priority"":""2"",""node"":""kwok-node-20""},{""name"":""rs-33-p3-9xq4d"",""cpu_m"":376,""mem_b"":587516473,""priority"":""3"",""node"":""kwok-node-10""},{""name"":""rs-33-p3-cvh7q"",""cpu_m"":376,""mem_b"":587516473,""priority"":""3"",""node"":""kwok-node-1""},{""name"":""rs-33-p3-dcmck"",""cpu_m"":376,""mem_b"":587516473,""priority"":""3"",""node"":""kwok-node-17""},{""name"":""rs-33-p3-pztrz"",""cpu_m"":376,""mem_b"":587516473,""priority"":""3"",""node"":""kwok-node-16""},{""name"":""rs-34-p3-wsvgs"",""cpu_m"":691,""mem_b"":891618350,""priority"":""3"",""node"":""kwok-node-14""},{""name"":""rs-35-p3-fws25"",""cpu_m"":348,""mem_b"":860476525,""priority"":""3"",""node"":""kwok-node-22""},{""name"":""rs-35-p3-ggtv9"",""cpu_m"":348,""mem_b"":860476525,""priority"":""3"",""node"":""kwok-node-31""},{""name"":""rs-35-p3-w5hjt"",""cpu_m"":348,""mem_b"":860476525,""priority"":""3"",""node"":""kwok-node-5""},{""name"":""rs-36-p2-24xwg"",""cpu_m"":592,""mem_b"":974028695,""priority"":""2"",""node"":""""},{""name"":""rs-36-p2-fd2rg"",""cpu_m"":592,""mem_b"":974028695,""priority"":""2"",""node"":""""},{""name"":""rs-36-p2-ksh5d"",""cpu_m"":592,""mem_b"":974028695,""priority"":""2"",""node"":""""},{""name"":""rs-36-p2-xdrmn"",""cpu_m"":592,""mem_b"":974028695,""priority"":""2"",""node"":""""},{""name"":""rs-37-p4-jjsmr"",""cpu_m"":649,""mem_b"":797730378,""priority"":""4"",""node"":""kwok-node-2""},{""name"":""rs-37-p4-pqv5s"",""cpu_m"":649,""mem_b"":797730378,""priority"":""4"",""node"":""kwok-node-21""},{""name"":""rs-38-p3-gswpc"",""cpu_m"":167,""mem_b"":684111622,""priority"":""3"",""node"":""kwok-node-24""},{""name"":""rs-38-p3-lbmx9"",""cpu_m"":167,""mem_b"":684111622,""priority"":""3"",""node"":""kwok-node-19""},{""name"":""rs-38-p3-rdwp9"",""cpu_m"":167,""mem_b"":684111622,""priority"":""3"",""node"":""kwok-node-30""},{""name"":""rs-38-p3-vpp2r"",""cpu_m"":167,""mem_b"":684111622,""priority"":""3"",""node"":""kwok-node-6""},{""name"":""rs-39-p2-ch6wp"",""cpu_m"":890,""mem_b"":379970363,""priority"":""2"",""node"":""kwok-node-18""},{""name"":""rs-39-p2-cx2m5"",""cpu_m"":890,""mem_b"":379970363,""priority"":""2"",""node"":""kwok-node-26""},{""name"":""rs-40-p3-s7l2s"",""cpu_m"":667,""mem_b"":106719898,""priority"":""3"",""node"":""kwok-node-7""},{""name"":""rs-40-p3-vndf2"",""cpu_m"":667,""mem_b"":106719898,""priority"":""3"",""node"":""kwok-node-28""},{""name"":""rs-41-p2-86pxr"",""cpu_m"":541,""mem_b"":455349741,""priority"":""2"",""node"":""kwok-node-29""},{""name"":""rs-41-p2-lkhwk"",""cpu_m"":541,""mem_b"":455349741,""priority"":""2"",""node"":""kwok-node-25""},{""name"":""rs-42-p1-47xrm"",""cpu_m"":848,""mem_b"":938312080,""priority"":""1"",""node"":""""},{""name"":""rs-42-p1-vfj6p"",""cpu_m"":848,""mem_b"":938312080,""priority"":""1"",""node"":""""},{""name"":""rs-43-p3-5tnv4"",""cpu_m"":504,""mem_b"":687205890,""priority"":""3"",""node"":""kwok-node-4""},{""name"":""rs-43-p3-fjwrp"",""cpu_m"":504,""mem_b"":687205890,""priority"":""3"",""node"":""kwok-node-8""},{""name"":""rs-43-p3-n9sb2"",""cpu_m"":504,""mem_b"":687205890,""priority"":""3"",""node"":""kwok-node-27""},{""name"":""rs-43-p3-tjd27"",""cpu_m"":504,""mem_b"":687205890,""priority"":""3"",""node"":""kwok-node-13""},{""name"":""rs-44-p3-4zgjf"",""cpu_m"":147,""mem_b"":893721551,""priority"":""3"",""node"":""""},{""name"":""rs-45-p2-pgc5n"",""cpu_m"":761,""mem_b"":815323568,""priority"":""2"",""node"":""""},{""name"":""rs-46-p3-wwlv5"",""cpu_m"":983,""mem_b"":399131605,""priority"":""3"",""node"":""""},{""name"":""rs-47-p3-6jx2s"",""cpu_m"":734,""mem_b"":403669720,""priority"":""3"",""node"":""kwok-node-23""},{""name"":""rs-47-p3-sqfqr"",""cpu_m"":734,""mem_b"":403669720,""priority"":""3"",""node"":""kwok-node-12""},{""name"":""rs-48-p4-7j2xv"",""cpu_m"":921,""mem_b"":228005583,""priority"":""4"",""node"":""kwok-node-19""},{""name"":""rs-48-p4-dkb6w"",""cpu_m"":921,""mem_b"":228005583,""priority"":""4"",""node"":""""},{""name"":""rs-48-p4-jcfcl"",""cpu_m"":921,""mem_b"":228005583,""priority"":""4"",""node"":""""},{""name"":""rs-49-p1-l8skj"",""cpu_m"":715,""mem_b"":256882518,""priority"":""1"",""node"":""kwok-node-11""},{""name"":""rs-49-p1-qgzzc"",""cpu_m"":715,""mem_b"":256882518,""priority"":""1"",""node"":""kwok-node-15""},{""name"":""rs-49-p1-r59k7"",""cpu_m"":715,""mem_b"":256882518,""priority"":""1"",""node"":""kwok-node-32""},{""name"":""rs-50-p4-dcbrs"",""cpu_m"":410,""mem_b"":344857676,""priority"":""4"",""node"":""kwok-node-16""},{""name"":""rs-50-p4-flkt8"",""cpu_m"":410,""mem_b"":344857676,""priority"":""4"",""node"":""kwok-node-17""},{""name"":""rs-50-p4-k6kl9"",""cpu_m"":410,""mem_b"":344857676,""priority"":""4"",""node"":""kwok-node-9""},{""name"":""rs-50-p4-nkbrd"",""cpu_m"":410,""mem_b"":344857676,""priority"":""4"",""node"":""kwok-node-3""},{""name"":""rs-51-p1-44dwg"",""cpu_m"":695,""mem_b"":338239880,""priority"":""1"",""node"":""""},{""name"":""rs-51-p1-g85r9"",""cpu_m"":695,""mem_b"":338239880,""priority"":""1"",""node"":""""},{""name"":""rs-51-p1-rsp82"",""cpu_m"":695,""mem_b"":338239880,""priority"":""1"",""node"":""""},{""name"":""rs-52-p4-gf6rh"",""cpu_m"":753,""mem_b"":764452109,""priority"":""4"",""node"":""""},{""name"":""rs-52-p4-qfvdz"",""cpu_m"":753,""mem_b"":764452109,""priority"":""4"",""node"":""""},{""name"":""rs-52-p4-vwng4"",""cpu_m"":753,""mem_b"":764452109,""priority"":""4"",""node"":""""},{""name"":""rs-52-p4-xhrl7"",""cpu_m"":753,""mem_b"":764452109,""priority"":""4"",""node"":""""},{""name"":""rs-53-p4-75msz"",""cpu_m"":521,""mem_b"":454346255,""priority"":""4"",""node"":""""},{""name"":""rs-53-p4-8xzlg"",""cpu_m"":521,""mem_b"":454346255,""priority"":""4"",""node"":""kwok-node-10""},{""name"":""rs-53-p4-96m2t"",""cpu_m"":521,""mem_b"":454346255,""priority"":""4"",""node"":""kwok-node-1""}]","[{""name"":""rs-01-p3-m8d4r"",""cpu_m"":722,""mem_b"":184633850,""priority"":""3"",""node"":""kwok-node-17""},{""name"":""rs-02-p4-8wz2s"",""cpu_m"":703,""mem_b"":211741991,""priority"":""4"",""node"":""kwok-node-1""},{""name"":""rs-02-p4-k8c5m"",""cpu_m"":703,""mem_b"":211741991,""priority"":""4"",""node"":""kwok-node-10""},{""name"":""rs-02-p4-w5c2f"",""cpu_m"":703,""mem_b"":211741991,""priority"":""4"",""node"":""kwok-node-16""},{""name"":""rs-03-p3-vqctr"",""cpu_m"":587,""mem_b"":713299382,""priority"":""3"",""node"":""kwok-node-19""},{""name"":""rs-03-p3-wz665"",""cpu_m"":587,""mem_b"":713299382,""priority"":""3"",""node"":""kwok-node-2""},{""name"":""rs-04-p1-bsjc6"",""cpu_m"":117,""mem_b"":932832361,""priority"":""1"",""node"":""kwok-node-23""},{""name"":""rs-04-p1-tjc4r"",""cpu_m"":117,""mem_b"":932832361,""priority"":""1"",""node"":""kwok-node-18""},{""name"":""rs-04-p1-tqv72"",""cpu_m"":117,""mem_b"":932832361,""priority"":""1"",""node"":""kwok-node-12""},{""name"":""rs-05-p3-hj267"",""cpu_m"":454,""mem_b"":142022751,""priority"":""3"",""node"":""kwok-node-13""},{""name"":""rs-05-p3-m9gh4"",""cpu_m"":454,""mem_b"":142022751,""priority"":""3"",""node"":""kwok-node-14""},{""name"":""rs-06-p4-rm6jd"",""cpu_m"":252,""mem_b"":351656418,""priority"":""4"",""node"":""kwok-node-21""},{""name"":""rs-07-p3-ncvhp"",""cpu_m"":896,""mem_b"":718873350,""priority"":""3"",""node"":""kwok-node-25""},{""name"":""rs-07-p3-w6fbp"",""cpu_m"":896,""mem_b"":718873350,""priority"":""3"",""node"":""kwok-node-24""},{""name"":""rs-07-p3-xk9mz"",""cpu_m"":896,""mem_b"":718873350,""priority"":""3"",""node"":""kwok-node-30""},{""name"":""rs-08-p4-cchfw"",""cpu_m"":123,""mem_b"":961202141,""priority"":""4"",""node"":""kwok-node-15""},{""name"":""rs-08-p4-chz5t"",""cpu_m"":123,""mem_b"":961202141,""priority"":""4"",""node"":""kwok-node-26""},{""name"":""rs-09-p1-wzkqs"",""cpu_m"":182,""mem_b"":151618277,""priority"":""1"",""node"":""kwok-node-20""},{""name"":""rs-10-p4-btnwv"",""cpu_m"":292,""mem_b"":285943107,""priority"":""4"",""node"":""kwok-node-6""},{""name"":""rs-10-p4-jg5sx"",""cpu_m"":292,""mem_b"":285943107,""priority"":""4"",""node"":""kwok-node-7""},{""name"":""rs-11-p3-5zplf"",""cpu_m"":957,""mem_b"":586383223,""priority"":""3"",""node"":""kwok-node-4""},{""name"":""rs-11-p3-lqwp7"",""cpu_m"":957,""mem_b"":586383223,""priority"":""3"",""node"":""kwok-node-29""},{""name"":""rs-12-p2-8r44k"",""cpu_m"":658,""mem_b"":417644950,""priority"":""2"",""node"":""kwok-node-31""},{""name"":""rs-13-p1-65ltp"",""cpu_m"":988,""mem_b"":831449717,""priority"":""1"",""node"":""kwok-node-9""},{""name"":""rs-13-p1-m7txm"",""cpu_m"":988,""mem_b"":831449717,""priority"":""1"",""node"":""kwok-node-3""},{""name"":""rs-13-p1-wgjfm"",""cpu_m"":988,""mem_b"":831449717,""priority"":""1"",""node"":""kwok-node-32""},{""name"":""rs-13-p1-zp4fc"",""cpu_m"":988,""mem_b"":831449717,""priority"":""1"",""node"":""kwok-node-11""},{""name"":""rs-14-p3-2svpp"",""cpu_m"":431,""mem_b"":893748537,""priority"":""3"",""node"":""kwok-node-22""},{""name"":""rs-14-p3-8z46d"",""cpu_m"":431,""mem_b"":893748537,""priority"":""3"",""node"":""kwok-node-28""},{""name"":""rs-14-p3-mskft"",""cpu_m"":431,""mem_b"":893748537,""priority"":""3"",""node"":""kwok-node-5""},{""name"":""rs-15-p4-5tdp7"",""cpu_m"":828,""mem_b"":984334373,""priority"":""4"",""node"":""kwok-node-8""},{""name"":""rs-15-p4-fnzq4"",""cpu_m"":828,""mem_b"":984334373,""priority"":""4"",""node"":""kwok-node-27""},{""name"":""rs-15-p4-jrtjf"",""cpu_m"":828,""mem_b"":984334373,""priority"":""4"",""node"":""kwok-node-20""},{""name"":""rs-16-p2-qptjj"",""cpu_m"":509,""mem_b"":462362876,""priority"":""2"",""node"":""kwok-node-6""},{""name"":""rs-17-p3-6lcs5"",""cpu_m"":978,""mem_b"":468255638,""priority"":""3"",""node"":""kwok-node-7""},{""name"":""rs-17-p3-9vjwq"",""cpu_m"":978,""mem_b"":468255638,""priority"":""3"",""node"":""kwok-node-14""},{""name"":""rs-17-p3-mv8v2"",""cpu_m"":978,""mem_b"":468255638,""priority"":""3"",""node"":""kwok-node-21""},{""name"":""rs-17-p3-ng75l"",""cpu_m"":978,""mem_b"":468255638,""priority"":""3"",""node"":""kwok-node-13""},{""name"":""rs-18-p4-5z94r"",""cpu_m"":688,""mem_b"":493843557,""priority"":""4"",""node"":""kwok-node-2""},{""name"":""rs-19-p1-24h7p"",""cpu_m"":729,""mem_b"":761820732,""priority"":""1"",""node"":""kwok-node-1""},{""name"":""rs-19-p1-59ncc"",""cpu_m"":729,""mem_b"":761820732,""priority"":""1"",""node"":""kwok-node-16""},{""name"":""rs-19-p1-8krnl"",""cpu_m"":729,""mem_b"":761820732,""priority"":""1"",""node"":""kwok-node-10""},{""name"":""rs-19-p1-bfb4n"",""cpu_m"":729,""mem_b"":761820732,""priority"":""1"",""node"":""kwok-node-31""},{""name"":""rs-20-p2-55lml"",""cpu_m"":600,""mem_b"":730289920,""priority"":""2"",""node"":""kwok-node-29""},{""name"":""rs-20-p2-5jqzj"",""cpu_m"":600,""mem_b"":730289920,""priority"":""2"",""node"":""kwok-node-4""},{""name"":""rs-20-p2-9xmjp"",""cpu_m"":600,""mem_b"":730289920,""priority"":""2"",""node"":""kwok-node-17""},{""name"":""rs-21-p3-6c8n7"",""cpu_m"":722,""mem_b"":240940435,""priority"":""3"",""node"":""kwok-node-5""},{""name"":""rs-21-p3-kx298"",""cpu_m"":722,""mem_b"":240940435,""priority"":""3"",""node"":""kwok-node-22""},{""name"":""rs-22-p4-rplqn"",""cpu_m"":598,""mem_b"":730193279,""priority"":""4"",""node"":""kwok-node-25""},{""name"":""rs-23-p1-2kz9n"",""cpu_m"":636,""mem_b"":534425586,""priority"":""1"",""node"":""kwok-node-19""},{""name"":""rs-23-p1-hk8nr"",""cpu_m"":636,""mem_b"":534425586,""priority"":""1"",""node"":""kwok-node-30""},{""name"":""rs-23-p1-l5ctn"",""cpu_m"":636,""mem_b"":534425586,""priority"":""1"",""node"":""kwok-node-6""},{""name"":""rs-23-p1-vpnjf"",""cpu_m"":636,""mem_b"":534425586,""priority"":""1"",""node"":""kwok-node-24""},{""name"":""rs-24-p3-5xt64"",""cpu_m"":226,""mem_b"":731555075,""priority"":""3"",""node"":""kwok-node-7""},{""name"":""rs-24-p3-nnv6p"",""cpu_m"":226,""mem_b"":731555075,""priority"":""3"",""node"":""kwok-node-13""},{""name"":""rs-25-p3-qdz5m"",""cpu_m"":893,""mem_b"":471393554,""priority"":""3"",""node"":""kwok-node-28""},{""name"":""rs-25-p3-smlzg"",""cpu_m"":893,""mem_b"":471393554,""priority"":""3"",""node"":""kwok-node-18""},{""name"":""rs-26-p3-kjlq9"",""cpu_m"":496,""mem_b"":102183240,""priority"":""3"",""node"":""kwok-node-12""},{""name"":""rs-26-p3-ztz9c"",""cpu_m"":496,""mem_b"":102183240,""priority"":""3"",""node"":""kwok-node-23""},{""name"":""rs-27-p1-gblhj"",""cpu_m"":640,""mem_b"":591636797,""priority"":""1"",""node"":""kwok-node-11""},{""name"":""rs-27-p1-lhd7w"",""cpu_m"":640,""mem_b"":591636797,""priority"":""1"",""node"":""kwok-node-3""},{""name"":""rs-27-p1-m85dl"",""cpu_m"":640,""mem_b"":591636797,""priority"":""1"",""node"":""kwok-node-9""},{""name"":""rs-27-p1-vt2qz"",""cpu_m"":640,""mem_b"":591636797,""priority"":""1"",""node"":""kwok-node-32""},{""name"":""rs-28-p1-7rf8m"",""cpu_m"":187,""mem_b"":392551568,""priority"":""1"",""node"":""kwok-node-21""},{""name"":""rs-28-p1-jss5b"",""cpu_m"":187,""mem_b"":392551568,""priority"":""1"",""node"":""kwok-node-26""},{""name"":""rs-29-p3-npggq"",""cpu_m"":539,""mem_b"":103524587,""priority"":""3"",""node"":""kwok-node-15""},{""name"":""rs-30-p3-7vf9v"",""cpu_m"":948,""mem_b"":558168280,""priority"":""3"",""node"":""kwok-node-15""},{""name"":""rs-30-p3-kdcjp"",""cpu_m"":948,""mem_b"":558168280,""priority"":""3"",""node"":""kwok-node-12""},{""name"":""rs-30-p3-vz8mr"",""cpu_m"":948,""mem_b"":558168280,""priority"":""3"",""node"":""kwok-node-23""},{""name"":""rs-31-p2-zdc9z"",""cpu_m"":923,""mem_b"":148464284,""priority"":""2"",""node"":""kwok-node-26""},{""name"":""rs-32-p2-4jstp"",""cpu_m"":915,""mem_b"":373791287,""priority"":""2"",""node"":""kwok-node-8""},{""name"":""rs-32-p2-4q9px"",""cpu_m"":915,""mem_b"":373791287,""priority"":""2"",""node"":""kwok-node-27""},{""name"":""rs-32-p2-89f9g"",""cpu_m"":915,""mem_b"":373791287,""priority"":""2"",""node"":""kwok-node-20""},{""name"":""rs-33-p3-9xq4d"",""cpu_m"":376,""mem_b"":587516473,""priority"":""3"",""node"":""kwok-node-10""},{""name"":""rs-33-p3-cvh7q"",""cpu_m"":376,""mem_b"":587516473,""priority"":""3"",""node"":""kwok-node-1""},{""name"":""rs-33-p3-dcmck"",""cpu_m"":376,""mem_b"":587516473,""priority"":""3"",""node"":""kwok-node-17""},{""name"":""rs-33-p3-pztrz"",""cpu_m"":376,""mem_b"":587516473,""priority"":""3"",""node"":""kwok-node-16""},{""name"":""rs-34-p3-wsvgs"",""cpu_m"":691,""mem_b"":891618350,""priority"":""3"",""node"":""kwok-node-14""},{""name"":""rs-35-p3-fws25"",""cpu_m"":348,""mem_b"":860476525,""priority"":""3"",""node"":""kwok-node-22""},{""name"":""rs-35-p3-ggtv9"",""cpu_m"":348,""mem_b"":860476525,""priority"":""3"",""node"":""kwok-node-31""},{""name"":""rs-35-p3-w5hjt"",""cpu_m"":348,""mem_b"":860476525,""priority"":""3"",""node"":""kwok-node-5""},{""name"":""rs-36-p2-24xwg"",""cpu_m"":592,""mem_b"":974028695,""priority"":""2"",""node"":""""},{""name"":""rs-36-p2-fd2rg"",""cpu_m"":592,""mem_b"":974028695,""priority"":""2"",""node"":""""},{""name"":""rs-36-p2-ksh5d"",""cpu_m"":592,""mem_b"":974028695,""priority"":""2"",""node"":""""},{""name"":""rs-36-p2-xdrmn"",""cpu_m"":592,""mem_b"":974028695,""priority"":""2"",""node"":""""},{""name"":""rs-37-p4-jjsmr"",""cpu_m"":649,""mem_b"":797730378,""priority"":""4"",""node"":""kwok-node-2""},{""name"":""rs-37-p4-pqv5s"",""cpu_m"":649,""mem_b"":797730378,""priority"":""4"",""node"":""kwok-node-21""},{""name"":""rs-38-p3-gswpc"",""cpu_m"":167,""mem_b"":684111622,""priority"":""3"",""node"":""kwok-node-24""},{""name"":""rs-38-p3-lbmx9"",""cpu_m"":167,""mem_b"":684111622,""priority"":""3"",""node"":""kwok-node-19""},{""name"":""rs-38-p3-rdwp9"",""cpu_m"":167,""mem_b"":684111622,""priority"":""3"",""node"":""kwok-node-30""},{""name"":""rs-38-p3-vpp2r"",""cpu_m"":167,""mem_b"":684111622,""priority"":""3"",""node"":""kwok-node-6""},{""name"":""rs-39-p2-ch6wp"",""cpu_m"":890,""mem_b"":379970363,""priority"":""2"",""node"":""kwok-node-18""},{""name"":""rs-39-p2-cx2m5"",""cpu_m"":890,""mem_b"":379970363,""priority"":""2"",""node"":""kwok-node-26""},{""name"":""rs-40-p3-s7l2s"",""cpu_m"":667,""mem_b"":106719898,""priority"":""3"",""node"":""kwok-node-7""},{""name"":""rs-40-p3-vndf2"",""cpu_m"":667,""mem_b"":106719898,""priority"":""3"",""node"":""kwok-node-28""},{""name"":""rs-41-p2-86pxr"",""cpu_m"":541,""mem_b"":455349741,""priority"":""2"",""node"":""kwok-node-29""},{""name"":""rs-41-p2-lkhwk"",""cpu_m"":541,""mem_b"":455349741,""priority"":""2"",""node"":""kwok-node-25""},{""name"":""rs-42-p1-47xrm"",""cpu_m"":848,""mem_b"":938312080,""priority"":""1"",""node"":""""},{""name"":""rs-42-p1-vfj6p"",""cpu_m"":848,""mem_b"":938312080,""priority"":""1"",""node"":""""},{""name"":""rs-43-p3-5tnv4"",""cpu_m"":504,""mem_b"":687205890,""priority"":""3"",""node"":""kwok-node-4""},{""name"":""rs-43-p3-fjwrp"",""cpu_m"":504,""mem_b"":687205890,""priority"":""3"",""node"":""kwok-node-8""},{""name"":""rs-43-p3-n9sb2"",""cpu_m"":504,""mem_b"":687205890,""priority"":""3"",""node"":""kwok-node-27""},{""name"":""rs-43-p3-tjd27"",""cpu_m"":504,""mem_b"":687205890,""priority"":""3"",""node"":""kwok-node-13""},{""name"":""rs-44-p3-4zgjf"",""cpu_m"":147,""mem_b"":893721551,""priority"":""3"",""node"":""""},{""name"":""rs-45-p2-pgc5n"",""cpu_m"":761,""mem_b"":815323568,""priority"":""2"",""node"":""""},{""name"":""rs-46-p3-wwlv5"",""cpu_m"":983,""mem_b"":399131605,""priority"":""3"",""node"":""""},{""name"":""rs-47-p3-6jx2s"",""cpu_m"":734,""mem_b"":403669720,""priority"":""3"",""node"":""kwok-node-23""},{""name"":""rs-47-p3-sqfqr"",""cpu_m"":734,""mem_b"":403669720,""priority"":""3"",""node"":""kwok-node-12""},{""name"":""rs-48-p4-7j2xv"",""cpu_m"":921,""mem_b"":228005583,""priority"":""4"",""node"":""kwok-node-19""},{""name"":""rs-48-p4-dkb6w"",""cpu_m"":921,""mem_b"":228005583,""priority"":""4"",""node"":""""},{""name"":""rs-48-p4-jcfcl"",""cpu_m"":921,""mem_b"":228005583,""priority"":""4"",""node"":""""},{""name"":""rs-49-p1-l8skj"",""cpu_m"":715,""mem_b"":256882518,""priority"":""1"",""node"":""kwok-node-11""},{""name"":""rs-49-p1-qgzzc"",""cpu_m"":715,""mem_b"":256882518,""priority"":""1"",""node"":""kwok-node-15""},{""name"":""rs-49-p1-r59k7"",""cpu_m"":715,""mem_b"":256882518,""priority"":""1"",""node"":""kwok-node-32""},{""name"":""rs-50-p4-dcbrs"",""cpu_m"":410,""mem_b"":344857676,""priority"":""4"",""node"":""kwok-node-16""},{""name"":""rs-50-p4-flkt8"",""cpu_m"":410,""mem_b"":344857676,""priority"":""4"",""node"":""kwok-node-17""},{""name"":""rs-50-p4-k6kl9"",""cpu_m"":410,""mem_b"":344857676,""priority"":""4"",""node"":""kwok-node-9""},{""name"":""rs-50-p4-nkbrd"",""cpu_m"":410,""mem_b"":344857676,""priority"":""4"",""node"":""kwok-node-3""},{""name"":""rs-51-p1-44dwg"",""cpu_m"":695,""mem_b"":338239880,""priority"":""1"",""node"":""""},{""name"":""rs-51-p1-g85r9"",""cpu_m"":695,""mem_b"":338239880,""priority"":""1"",""node"":""""},{""name"":""rs-51-p1-rsp82"",""cpu_m"":695,""mem_b"":338239880,""priority"":""1"",""node"":""""},{""name"":""rs-52-p4-gf6rh"",""cpu_m"":753,""mem_b"":764452109,""priority"":""4"",""node"":""""},{""name"":""rs-52-p4-qfvdz"",""cpu_m"":753,""mem_b"":764452109,""priority"":""4"",""node"":""""},{""name"":""rs-52-p4-vwng4"",""cpu_m"":753,""mem_b"":764452109,""priority"":""4"",""node"":""""},{""name"":""rs-52-p4-xhrl7"",""cpu_m"":753,""mem_b"":764452109,""priority"":""4"",""node"":""""},{""name"":""rs-53-p4-75msz"",""cpu_m"":521,""mem_b"":454346255,""priority"":""4"",""node"":""""},{""name"":""rs-53-p4-8xzlg"",""cpu_m"":521,""mem_b"":454346255,""priority"":""4"",""node"":""kwok-node-10""},{""name"":""rs-53-p4-96m2t"",""cpu_m"":521,""mem_b"":454346255,""priority"":""4"",""node"":""kwok-node-1""}]","[{""name"":""kwok-node-1"",""cap_cpu_m"":2357,""cap_mem_bytes"":2172810321},{""name"":""kwok-node-2"",""cap_cpu_m"":2357,""cap_mem_bytes"":2172810321},{""name"":""kwok-node-3"",""cap_cpu_m"":2357,""cap_mem_bytes"":2172810321},{""name"":""kwok-node-4"",""cap_cpu_m"":2357,""cap_mem_bytes"":2172810321},{""name"":""kwok-node-5"",""cap_cpu_m"":2357,""cap_mem_bytes"":2172810321},{""name"":""kwok-node-6"",""cap_cpu_m"":2357,""cap_mem_bytes"":2172810321},{""name"":""kwok-node-7"",""cap_cpu_m"":2357,""cap_mem_bytes"":2172810321},{""name"":""kwok-node-8"",""cap_cpu_m"":2357,""cap_mem_bytes"":2172810321},{""name"":""kwok-node-9"",""cap_cpu_m"":2357,""cap_mem_bytes"":2172810321},{""name"":""kwok-node-10"",""cap_cpu_m"":2357,""cap_mem_bytes"":2172810321},{""name"":""kwok-node-11"",""cap_cpu_m"":2357,""cap_mem_bytes"":2172810321},{""name"":""kwok-node-12"",""cap_cpu_m"":2357,""cap_mem_bytes"":2172810321},{""name"":""kwok-node-13"",""cap_cpu_m"":2357,""cap_mem_bytes"":2172810321},{""name"":""kwok-node-14"",""cap_cpu_m"":2357,""cap_mem_bytes"":2172810321},{""name"":""kwok-node-15"",""cap_cpu_m"":2357,""cap_mem_bytes"":2172810321},{""name"":""kwok-node-16"",""cap_cpu_m"":2357,""cap_mem_bytes"":2172810321},{""name"":""kwok-node-17"",""cap_cpu_m"":2357,""cap_mem_bytes"":2172810321},{""name"":""kwok-node-18"",""cap_cpu_m"":2357,""cap_mem_bytes"":2172810321},{""name"":""kwok-node-19"",""cap_cpu_m"":2357,""cap_mem_bytes"":2172810321},{""name"":""kwok-node-20"",""cap_cpu_m"":2357,""cap_mem_bytes"":2172810321},{""name"":""kwok-node-21"",""cap_cpu_m"":2357,""cap_mem_bytes"":2172810321},{""name"":""kwok-node-22"",""cap_cpu_m"":2357,""cap_mem_bytes"":2172810321},{""name"":""kwok-node-23"",""cap_cpu_m"":2357,""cap_mem_bytes"":2172810321},{""name"":""kwok-node-24"",""cap_cpu_m"":2357,""cap_mem_bytes"":2172810321},{""name"":""kwok-node-25"",""cap_cpu_m"":2357,""cap_mem_bytes"":2172810321},{""name"":""kwok-node-26"",""cap_cpu_m"":2357,""cap_mem_bytes"":2172810321},{""name"":""kwok-node-27"",""cap_cpu_m"":2357,""cap_mem_bytes"":2172810321},{""name"":""kwok-node-28"",""cap_cpu_m"":2357,""cap_mem_bytes"":2172810321},{""name"":""kwok-node-29"",""cap_cpu_m"":2357,""cap_mem_bytes"":2172810321},{""name"":""kwok-node-30"",""cap_cpu_m"":2357,""cap_mem_bytes"":2172810321},{""name"":""kwok-node-31"",""cap_cpu_m"":2357,""cap_mem_bytes"":2172810321},{""name"":""kwok-node-32"",""cap_cpu_m"":2357,""cap_mem_bytes"":2172810321}]"
2026/02/11/11:49:33,3532658037249897651,,"{""evicted"":0,""moved"":0,""placed_by_priority"":{""1"":11,""2"":37,""3"":44,""4"":16}}",python,"{""evicted"":7,""moved"":8,""placed_by_priority"":{""1"":4,""2"":44,""3"":49,""4"":17}}",976,FEASIBLE,"[{""duration_ms"":976,""name"":""python"",""score"":{""evicted"":7,""moved"":8,""placed_by_priority"":{""1"":4,""2"":44,""3"":49,""4"":17}},""status"":""FEASIBLE""}]",0.928,0.838,0.911,0.863,59845,54018,62165047900,58864188937,114,108,14,20,"{""kwok-node-1"":3,""kwok-node-10"":2,""kwok-node-11"":3,""kwok-node-12"":3,""kwok-node-13"":4,""kwok-node-14"":3,""kwok-node-15"":4,""kwok-node-16"":6,""kwok-node-17"":4,""kwok-node-18"":3,""kwok-node-19"":4,""kwok-node-2"":4,""kwok-node-20"":4,""kwok-node-21"":3,""kwok-node-22"":3,""kwok-node-23"":3,""kwok-node-24"":3,""kwok-node-25"":3,""kwok-node-26"":4,""kwok-node-27"":4,""kwok-node-28"":4,""kwok-node-29"":3,""kwok-node-3"":4,""kwok-node-30"":3,""kwok-node-31"":4,""kwok-node-32"":3,""kwok-node-4"":3,""kwok-node-5"":3,""kwok-node-6"":4,""kwok-node-7"":4,""kwok-node-8"":5,""kwok-node-9"":4}","{""kwok-node-1"":3,""kwok-node-10"":2,""kwok-node-11"":4,""kwok-node-12"":3,""kwok-node-13"":4,""kwok-node-14"":3,""kwok-node-15"":4,""kwok-node-16"":6,""kwok-node-17"":3,""kwok-node-18"":3,""kwok-node-19"":4,""kwok-node-2"":4,""kwok-node-20"":4,""kwok-node-21"":3,""kwok-node-22"":3,""kwok-node-23"":3,""kwok-node-24"":3,""kwok-node-25"":3,""kwok-node-26"":3,""kwok-node-27"":3,""kwok-node-28"":4,""kwok-node-29"":3,""kwok-node-3"":3,""kwok-node-30"":3,""kwok-node-31"":3,""kwok-node-32"":3,""kwok-node-4"":3,""kwok-node-5"":3,""kwok-node-6"":3,""kwok-node-7"":4,""kwok-node-8"":4,""kwok-node-9"":4}","{""p1"":4,""p2"":44,""p3"":49,""p4"":17}","{""p1"":11,""p2"":37,""p3"":44,""p4"":16}","{""p1"":13,""p2"":1}","{""p1"":6,""p2"":8,""p3"":5,""p4"":1}","{rs-09-p1-htb4l,rs-18-p1-8csrx,rs-33-p1-2rpjz,rs-33-p1-twfxx,rs-42-p1-hctsz,rs-42-p1-hrmlt,rs-42-p1-jsjbq,rs-42-p1-t94fs,rs-44-p2-88gfm,rs-47-p1-69sb4,rs-47-p1-gxnsv,rs-50-p1-b9bf2,rs-52-p1-kbcsl,rs-52-p1-z4tqp}","{rs-40-p2-2z2gm,rs-40-p2-8xhqq,rs-40-p2-d6cqq,rs-42-p1-hrmlt,rs-44-p2-88gfm,rs-44-p2-cdlwc,rs-44-p2-n42xc,rs-45-p4-687vd,rs-46-p3-7wpwk,rs-46-p3-kztp2,rs-46-p3-qn7hg,rs-47-p1-69sb4,rs-47-p1-gxnsv,rs-48-p2-stdmj,rs-50-p1-b9bf2,rs-51-p3-g97hr,rs-51-p3-vsmx9,rs-52-p1-kbcsl,rs-52-p1-z4tqp,rs-53-p2-74fkc}","{rs-01-p3-lfvmx,rs-01-p3-q2gd7,rs-02-p3-bjl9k,rs-02-p3-n8nks,rs-03-p2-fmxn6,rs-03-p2-pg5ff,rs-03-p2-wc2c9,rs-04-p3-gd8fx,rs-05-p3-7cmpq,rs-05-p3-9x97t,rs-05-p3-bdw2n,rs-05-p3-jnqtb,rs-06-p4-rmj9d,rs-07-p1-9ctnm,rs-07-p1-nd829,rs-08-p3-8txjn,rs-10-p4-4dzzw,rs-10-p4-7lczb,rs-10-p4-wsctk,rs-10-p4-zp7kk,rs-11-p2-gp4gd,rs-11-p2-xqmsd,rs-12-p4-dfj88,rs-13-p3-2wbgz,rs-13-p3-4j8bj,rs-13-p3-gfn7k,rs-13-p3-v6jkb,rs-14-p3-4kvqw,rs-14-p3-b77qn,rs-14-p3-bcmpq,rs-15-p2-4lzwd,rs-15-p2-ms5c6,rs-16-p4-8wxpq,rs-16-p4-klrn7,rs-17-p3-mq7wq,rs-17-p3-msp66,rs-17-p3-tn5m8,rs-17-p3-v7cs5,rs-19-p3-rclb4,rs-20-p3-dx926,rs-20-p3-s8sgx,rs-20-p3-wz2fl,rs-20-p3-zmv6h,rs-21-p3-8fvwc,rs-21-p3-cgm2h,rs-21-p3-fkdqj,rs-21-p3-t847f,rs-22-p3-h9nxc,rs-22-p3-sln7w,rs-23-p2-2nnmr,rs-23-p2-9d6kz,rs-23-p2-qs8d7,rs-24-p2-8x7v4,rs-24-p2-hh6k4,rs-24-p2-nt25g,rs-24-p2-zbsts,rs-25-p3-4q7m5,rs-25-p3-nftc7,rs-25-p3-tf7wf,rs-25-p3-zxp9f,rs-26-p2-b6k7v,rs-26-p2-c9sz5,rs-26-p2-p5t78,rs-27-p4-dbrmf,rs-27-p4-dc8kt,rs-28-p2-98sqh,rs-28-p2-x95n5,rs-29-p2-5vfwk,rs-29-p2-6gf2f,rs-29-p2-lkx5b,rs-29-p2-vcrl2,rs-30-p2-5zhfp,rs-30-p2-bjfn5,rs-30-p2-mnsrv,rs-31-p2-ghsr7,rs-31-p2-n6drn,rs-31-p2-rc5gq,rs-32-p3-kkdvd,rs-32-p3-n955g,rs-32-p3-t5775,rs-34-p2-9zbn9,rs-34-p2-b87k9,rs-34-p2-dvrv7,rs-34-p2-zf866,rs-35-p4-xxc67,rs-36-p1-7smmk,rs-36-p1-ngtlt,rs-37-p3-gzfx7,rs-37-p3-hrc2b,rs-38-p4-zvqz8,rs-39-p4-clwvh,rs-39-p4-ngxjf,rs-39-p4-scczb,rs-40-p2-2z2gm,rs-40-p2-8xhqq,rs-40-p2-d6cqq,rs-41-p2-gwqs7,rs-41-p2-qfgbz,rs-41-p2-t4pbv,rs-43-p3-9p2fs,rs-43-p3-r5k8g,rs-43-p3-thmxq,rs-44-p2-cdlwc,rs-44-p2-n42xc,rs-45-p4-687vd,rs-45-p4-cxwkx,rs-46-p3-7wpwk,rs-46-p3-kztp2,rs-46-p3-qn7hg,rs-48-p2-stdmj,rs-49-p2-b7kv4,rs-51-p3-g97hr,rs-51-p3-vsmx9,rs-53-p2-74fkc}","{rs-01-p3-lfvmx,rs-01-p3-q2gd7,rs-02-p3-bjl9k,rs-02-p3-n8nks,rs-03-p2-fmxn6,rs-03-p2-j7frz,rs-03-p2-pg5ff,rs-04-p3-gd8fx,rs-05-p3-7cmpq,rs-05-p3-9x97t,rs-05-p3-bdw2n,rs-05-p3-jnqtb,rs-06-p4-rmj9d,rs-07-p1-fcgh6,rs-07-p1-qdvrf,rs-08-p3-8txjn,rs-09-p1-9c5mz,rs-10-p4-4dzzw,rs-10-p4-7lczb,rs-10-p4-wsctk,rs-10-p4-zp7kk,rs-11-p2-gp4gd,rs-11-p2-xqmsd,rs-12-p4-dfj88,rs-13-p3-2wbgz,rs-13-p3-4j8bj,rs-13-p3-gfn7k,rs-13-p3-v6jkb,rs-14-p3-4kvqw,rs-14-p3-b77qn,rs-14-p3-bcmpq,rs-15-p2-4lzwd,rs-15-p2-ms5c6,rs-16-p4-8wxpq,rs-16-p4-klrn7,rs-17-p3-mq7wq,rs-17-p3-msp66,rs-17-p3-tn5m8,rs-17-p3-v7cs5,rs-18-p1-js572,rs-19-p3-rclb4,rs-20-p3-dx926,rs-20-p3-s8sgx,rs-20-p3-wz2fl,rs-20-p3-zmv6h,rs-21-p3-8fvwc,rs-21-p3-cgm2h,rs-21-p3-fkdqj,rs-21-p3-t847f,rs-22-p3-h9nxc,rs-22-p3-sln7w,rs-23-p2-2nnmr,rs-23-p2-9d6kz,rs-23-p2-qs8d7,rs-24-p2-8x7v4,rs-24-p2-hh6k4,rs-24-p2-nt25g,rs-24-p2-zbsts,rs-25-p3-4q7m5,rs-25-p3-nftc7,rs-25-p3-tf7wf,rs-25-p3-zxp9f,rs-26-p2-b6k7v,rs-26-p2-c9sz5,rs-26-p2-p5t78,rs-27-p4-dbrmf,rs-27-p4-dc8kt,rs-28-p2-98sqh,rs-28-p2-x95n5,rs-29-p2-5vfwk,rs-29-p2-lkx5b,rs-29-p2-lrw4x,rs-29-p2-vcrl2,rs-30-p2-5zhfp,rs-30-p2-bjfn5,rs-30-p2-mnsrv,rs-31-p2-ghsr7,rs-31-p2-n6drn,rs-31-p2-rc5gq,rs-32-p3-kkdvd,rs-32-p3-n955g,rs-32-p3-t5775,rs-33-p1-89tzk,rs-33-p1-mclwf,rs-34-p2-9zbn9,rs-34-p2-dvrv7,rs-34-p2-kr6m7,rs-34-p2-zf866,rs-35-p4-xxc67,rs-36-p1-h25rd,rs-36-p1-ngtlt,rs-37-p3-gzfx7,rs-37-p3-hrc2b,rs-38-p4-zvqz8,rs-39-p4-clwvh,rs-39-p4-ngxjf,rs-39-p4-scczb,rs-41-p2-bsrz8,rs-41-p2-t4pbv,rs-41-p2-xqwwv,rs-42-p1-6tsqh,rs-42-p1-725m2,rs-42-p1-ssj5q,rs-43-p3-9p2fs,rs-43-p3-r5k8g,rs-43-p3-thmxq,rs-45-p4-cxwkx,rs-49-p2-b7kv4}","[{""name"":""rs-01-p3-lfvmx"",""cpu_m"":124,""mem_b"":390360757,""priority"":""3"",""node"":""kwok-node-16""},{""name"":""rs-01-p3-q2gd7"",""cpu_m"":124,""mem_b"":390360757,""priority"":""3"",""node"":""kwok-node-19""},{""name"":""rs-02-p3-bjl9k"",""cpu_m"":285,""mem_b"":999900902,""priority"":""3"",""node"":""kwok-node-14""},{""name"":""rs-02-p3-n8nks"",""cpu_m"":285,""mem_b"":999900902,""priority"":""3"",""node"":""kwok-node-17""},{""name"":""rs-03-p2-fmxn6"",""cpu_m"":394,""mem_b"":305152279,""priority"":""2"",""node"":""kwok-node-13""},{""name"":""rs-03-p2-pg5ff"",""cpu_m"":394,""mem_b"":305152279,""priority"":""2"",""node"":""kwok-node-15""},{""name"":""rs-03-p2-wc2c9"",""cpu_m"":394,""mem_b"":305152279,""priority"":""2"",""node"":""kwok-node-7""},{""name"":""rs-04-p3-gd8fx"",""cpu_m"":773,""mem_b"":719046675,""priority"":""3"",""node"":""kwok-node-10""},{""name"":""rs-05-p3-7cmpq"",""cpu_m"":867,""mem_b"":671386540,""priority"":""3"",""node"":""kwok-node-1""},{""name"":""rs-05-p3-9x97t"",""cpu_m"":867,""mem_b"":671386540,""priority"":""3"",""node"":""kwok-node-12""},{""name"":""rs-05-p3-bdw2n"",""cpu_m"":867,""mem_b"":671386540,""priority"":""3"",""node"":""kwok-node-20""},{""name"":""rs-05-p3-jnqtb"",""cpu_m"":867,""mem_b"":671386540,""priority"":""3"",""node"":""kwok-node-18""},{""name"":""rs-06-p4-rmj9d"",""cpu_m"":785,""mem_b"":304256014,""priority"":""4"",""node"":""kwok-node-21""},{""name"":""rs-07-p1-9ctnm"",""cpu_m"":197,""mem_b"":698396574,""priority"":""1"",""node"":""kwok-node-6""},{""name"":""rs-07-p1-nd829"",""cpu_m"":197,""mem_b"":698396574,""priority"":""1"",""node"":""kwok-node-17""},{""name"":""rs-08-p3-8txjn"",""cpu_m"":259,""mem_b"":176533753,""priority"":""3"",""node"":""kwok-node-2""},{""name"":""rs-09-p1-htb4l"",""cpu_m"":364,""mem_b"":672210091,""priority"":""1"",""node"":""""},{""name"":""rs-10-p4-4dzzw"",""cpu_m"":117,""mem_b"":972857265,""priority"":""4"",""node"":""kwok-node-27""},{""name"":""rs-10-p4-7lczb"",""cpu_m"":117,""mem_b"":972857265,""priority"":""4"",""node"":""kwok-node-29""},{""name"":""rs-10-p4-wsctk"",""cpu_m"":117,""mem_b"":972857265,""priority"":""4"",""node"":""kwok-node-26""},{""name"":""rs-10-p4-zp7kk"",""cpu_m"":117,""mem_b"":972857265,""priority"":""4"",""node"":""kwok-node-24""},{""name"":""rs-11-p2-gp4gd"",""cpu_m"":732,""mem_b"":903298345,""priority"":""2"",""node"":""kwok-node-25""},{""name"":""rs-11-p2-xqmsd"",""cpu_m"":732,""mem_b"":903298345,""priority"":""2"",""node"":""kwok-node-2""},{""name"":""rs-12-p4-dfj88"",""cpu_m"":930,""mem_b"":154504350,""priority"":""4"",""node"":""kwok-node-31""},{""name"":""rs-13-p3-2wbgz"",""cpu_m"":964,""mem_b"":374060677,""priority"":""3"",""node"":""kwok-node-32""},{""name"":""rs-13-p3-4j8bj"",""cpu_m"":964,""mem_b"":374060677,""priority"":""3"",""node"":""kwok-node-4""},{""name"":""rs-13-p3-gfn7k"",""cpu_m"":964,""mem_b"":374060677,""priority"":""3"",""node"":""kwok-node-5""},{""name"":""rs-13-p3-v6jkb"",""cpu_m"":964,""mem_b"":374060677,""priority"":""3"",""node"":""kwok-node-30""},{""name"":""rs-14-p3-4kvqw"",""cpu_m"":241,""mem_b"":830104425,""priority"":""3"",""node"":""kwok-node-6""},{""name"":""rs-14-p3-b77qn"",""cpu_m"":241,""mem_b"":830104425,""priority"":""3"",""node"":""kwok-node-11""},{""name"":""rs-14-p3-bcmpq"",""cpu_m"":241,""mem_b"":830104425,""priority"":""3"",""node"":""kwok-node-3""},{""name"":""rs-15-p2-4lzwd"",""cpu_m"":315,""mem_b"":608632444,""priority"":""2"",""node"":""kwok-node-7""},{""name"":""rs-15-p2-ms5c6"",""cpu_m"":315,""mem_b"":608632444,""priority"":""2"",""node"":""kwok-node-13""},{""name"":""rs-16-p4-8wxpq"",""cpu_m"":331,""mem_b"":656534101,""priority"":""4"",""node"":""kwok-node-9""},{""name"":""rs-16-p4-klrn7"",""cpu_m"":331,""mem_b"":656534101,""priority"":""4"",""node"":""kwok-node-8""},{""name"":""rs-17-p3-mq7wq"",""cpu_m"":259,""mem_b"":305973826,""priority"":""3"",""node"":""kwok-node-7""},{""name"":""rs-17-p3-msp66"",""cpu_m"":259,""mem_b"":305973826,""priority"":""3"",""node"":""kwok-node-15""},{""name"":""rs-17-p3-tn5m8"",""cpu_m"":259,""mem_b"":305973826,""priority"":""3"",""node"":""kwok-node-16""},{""name"":""rs-17-p3-v7cs5"",""cpu_m"":259,""mem_b"":305973826,""priority"":""3"",""node"":""kwok-node-19""},{""name"":""rs-18-p1-8csrx"",""cpu_m"":689,""mem_b"":972136045,""priority"":""1"",""node"":""""},{""name"":""rs-19-p3-rclb4"",""cpu_m"":915,""mem_b"":178334874,""priority"":""3"",""node"":""kwok-node-26""},{""name"":""rs-20-p3-dx926"",""cpu_m"":114,""mem_b"":126172072,""priority"":""3"",""node"":""kwok-node-9""},{""name"":""rs-20-p3-s8sgx"",""cpu_m"":114,""mem_b"":126172072,""priority"":""3"",""node"":""kwok-node-16""},{""name"":""rs-20-p3-wz2fl"",""cpu_m"":114,""mem_b"":126172072,""priority"":""3"",""node"":""kwok-node-8""},{""name"":""rs-20-p3-zmv6h"",""cpu_m"":114,""mem_b"":126172072,""priority"":""3"",""node"":""kwok-node-28""},{""name"":""rs-21-p3-8fvwc"",""cpu_m"":658,""mem_b"":787850390,""priority"":""3"",""node"":""kwok-node-22""},{""name"":""rs-21-p3-cgm2h"",""cpu_m"":658,""mem_b"":787850390,""priority"":""3"",""node"":""kwok-node-15""},{""name"":""rs-21-p3-fkdqj"",""cpu_m"":658,""mem_b"":787850390,""priority"":""3"",""node"":""kwok-node-19""},{""name"":""rs-21-p3-t847f"",""cpu_m"":658,""mem_b"":787850390,""priority"":""3"",""node"":""kwok-node-23""},{""name"":""rs-22-p3-h9nxc"",""cpu_m"":193,""mem_b"":444810546,""priority"":""3"",""node"":""kwok-node-18""},{""name"":""rs-22-p3-sln7w"",""cpu_m"":193,""mem_b"":444810546,""priority"":""3"",""node"":""kwok-node-20""},{""name"":""rs-23-p2-2nnmr"",""cpu_m"":943,""mem_b"":244918246,""priority"":""2"",""node"":""kwok-node-29""},{""name"":""rs-23-p2-9d6kz"",""cpu_m"":943,""mem_b"":244918246,""priority"":""2"",""node"":""kwok-node-27""},{""name"":""rs-23-p2-qs8d7"",""cpu_m"":943,""mem_b"":244918246,""priority"":""2"",""node"":""kwok-node-24""},{""name"":""rs-24-p2-8x7v4"",""cpu_m"":594,""mem_b"":784646750,""priority"":""2"",""node"":""kwok-node-8""},{""name"":""rs-24-p2-hh6k4"",""cpu_m"":594,""mem_b"":784646750,""priority"":""2"",""node"":""kwok-node-1""},{""name"":""rs-24-p2-nt25g"",""cpu_m"":594,""mem_b"":784646750,""priority"":""2"",""node"":""kwok-node-10""},{""name"":""rs-24-p2-zbsts"",""cpu_m"":594,""mem_b"":784646750,""priority"":""2"",""node"":""kwok-node-12""},{""name"":""rs-25-p3-4q7m5"",""cpu_m"":497,""mem_b"":438077005,""priority"":""3"",""node"":""kwok-node-28""},{""name"":""rs-25-p3-nftc7"",""cpu_m"":497,""mem_b"":438077005,""priority"":""3"",""node"":""kwok-node-9""},{""name"":""rs-25-p3-tf7wf"",""cpu_m"":497,""mem_b"":438077005,""priority"":""3"",""node"":""kwok-node-6""},{""name"":""rs-25-p3-zxp9f"",""cpu_m"":497,""mem_b"":438077005,""priority"":""3"",""node"":""kwok-node-16""},{""name"":""rs-26-p2-b6k7v"",""cpu_m"":341,""mem_b"":845861175,""priority"":""2"",""node"":""kwok-node-4""},{""name"":""rs-26-p2-c9sz5"",""cpu_m"":341,""mem_b"":845861175,""priority"":""2"",""node"":""kwok-node-31""},{""name"":""rs-26-p2-p5t78"",""cpu_m"":341,""mem_b"":845861175,""priority"":""2"",""node"":""kwok-node-32""},{""name"":""rs-27-p4-dbrmf"",""cpu_m"":693,""mem_b"":309589233,""priority"":""4"",""node"":""kwok-node-3""},{""name"":""rs-27-p4-dc8kt"",""cpu_m"":693,""mem_b"":309589233,""priority"":""4"",""node"":""kwok-node-17""},{""name"":""rs-28-p2-98sqh"",""cpu_m"":992,""mem_b"":312930365,""priority"":""2"",""node"":""kwok-node-14""},{""name"":""rs-28-p2-x95n5"",""cpu_m"":992,""mem_b"":312930365,""priority"":""2"",""node"":""kwok-node-7""},{""name"":""rs-29-p2-5vfwk"",""cpu_m"":549,""mem_b"":535223593,""priority"":""2"",""node"":""kwok-node-30""},{""name"":""rs-29-p2-6gf2f"",""cpu_m"":549,""mem_b"":535223593,""priority"":""2"",""node"":""kwok-node-27""},{""name"":""rs-29-p2-lkx5b"",""cpu_m"":549,""mem_b"":535223593,""priority"":""2"",""node"":""kwok-node-13""},{""name"":""rs-29-p2-vcrl2"",""cpu_m"":549,""mem_b"":535223593,""priority"":""2"",""node"":""kwok-node-5""},{""name"":""rs-30-p2-5zhfp"",""cpu_m"":325,""mem_b"":863441989,""priority"":""2"",""node"":""kwok-node-2""},{""name"":""rs-30-p2-bjfn5"",""cpu_m"":325,""mem_b"":863441989,""priority"":""2"",""node"":""kwok-node-30""},{""name"":""rs-30-p2-mnsrv"",""cpu_m"":325,""mem_b"":863441989,""priority"":""2"",""node"":""kwok-node-31""},{""name"":""rs-31-p2-ghsr7"",""cpu_m"":897,""mem_b"":148357967,""priority"":""2"",""node"":""kwok-node-22""},{""name"":""rs-31-p2-n6drn"",""cpu_m"":897,""mem_b"":148357967,""priority"":""2"",""node"":""kwok-node-11""},{""name"":""rs-31-p2-rc5gq"",""cpu_m"":897,""mem_b"":148357967,""priority"":""2"",""node"":""kwok-node-6""},{""name"":""rs-32-p3-kkdvd"",""cpu_m"":824,""mem_b"":683461179,""priority"":""3"",""node"":""kwok-node-28""},{""name"":""rs-32-p3-n955g"",""cpu_m"":824,""mem_b"":683461179,""priority"":""3"",""node"":""kwok-node-9""},{""name"":""rs-32-p3-t5775"",""cpu_m"":824,""mem_b"":683461179,""priority"":""3"",""node"":""kwok-node-3""},{""name"":""rs-33-p1-2rpjz"",""cpu_m"":107,""mem_b"":998065268,""priority"":""1"",""node"":""""},{""name"":""rs-33-p1-twfxx"",""cpu_m"":107,""mem_b"":998065268,""priority"":""1"",""node"":""""},{""name"":""rs-34-p2-9zbn9"",""cpu_m"":345,""mem_b"":349901923,""priority"":""2"",""node"":""kwok-node-27""},{""name"":""rs-34-p2-b87k9"",""cpu_m"":345,""mem_b"":349901923,""priority"":""2"",""node"":""kwok-node-26""},{""name"":""rs-34-p2-dvrv7"",""cpu_m"":345,""mem_b"":349901923,""priority"":""2"",""node"":""kwok-node-26""},{""name"":""rs-34-p2-zf866"",""cpu_m"":345,""mem_b"":349901923,""priority"":""2"",""node"":""kwok-node-20""},{""name"":""rs-35-p4-xxc67"",""cpu_m"":681,""mem_b"":136476503,""priority"":""4"",""node"":""kwok-node-23""},{""name"":""rs-36-p1-7smmk"",""cpu_m"":399,""mem_b"":211528374,""priority"":""1"",""node"":""kwok-node-31""},{""name"":""rs-36-p1-ngtlt"",""cpu_m"":399,""mem_b"":211528374,""priority"":""1"",""node"":""kwok-node-16""},{""name"":""rs-37-p3-gzfx7"",""cpu_m"":746,""mem_b"":569023119,""priority"":""3"",""node"":""kwok-node-19""},{""name"":""rs-37-p3-hrc2b"",""cpu_m"":746,""mem_b"":569023119,""priority"":""3"",""node"":""kwok-node-29""},{""name"":""rs-38-p4-zvqz8"",""cpu_m"":516,""mem_b"":275111691,""priority"":""4"",""node"":""kwok-node-8""},{""name"":""rs-39-p4-clwvh"",""cpu_m"":598,""mem_b"":763887302,""priority"":""4"",""node"":""kwok-node-4""},{""name"":""rs-39-p4-ngxjf"",""cpu_m"":598,""mem_b"":763887302,""priority"":""4"",""node"":""kwok-node-14""},{""name"":""rs-39-p4-scczb"",""cpu_m"":598,""mem_b"":763887302,""priority"":""4"",""node"":""kwok-node-32""},{""name"":""rs-40-p2-2z2gm"",""cpu_m"":273,""mem_b"":976830265,""priority"":""2"",""node"":""kwok-node-22""},{""name"":""rs-40-p2-8xhqq"",""cpu_m"":273,""mem_b"":976830265,""priority"":""2"",""node"":""kwok-node-21""},{""name"":""rs-40-p2-d6cqq"",""cpu_m"":273,""mem_b"":976830265,""priority"":""2"",""node"":""kwok-node-5""},{""name"":""rs-41-p2-gwqs7"",""cpu_m"":246,""mem_b"":284240295,""priority"":""2"",""node"":""kwok-node-8""},{""name"":""rs-41-p2-qfgbz"",""cpu_m"":246,""mem_b"":284240295,""priority"":""2"",""node"":""kwok-node-3""},{""name"":""rs-41-p2-t4pbv"",""cpu_m"":246,""mem_b"":284240295,""priority"":""2"",""node"":""kwok-node-25""},{""name"":""rs-42-p1-hctsz"",""cpu_m"":376,""mem_b"":749033866,""priority"":""1"",""node"":""""},{""name"":""rs-42-p1-hrmlt"",""cpu_m"":376,""mem_b"":749033866,""priority"":""1"",""node"":""""},{""name"":""rs-42-p1-jsjbq"",""cpu_m"":376,""mem_b"":749033866,""priority"":""1"",""node"":""""},{""name"":""rs-42-p1-t94fs"",""cpu_m"":376,""mem_b"":749033866,""priority"":""1"",""node"":""""},{""name"":""rs-43-p3-9p2fs"",""cpu_m"":533,""mem_b"":657413659,""priority"":""3"",""node"":""kwok-node-1""},{""name"":""rs-43-p3-r5k8g"",""cpu_m"":533,""mem_b"":657413659,""priority"":""3"",""node"":""kwok-node-16""},{""name"":""rs-43-p3-thmxq"",""cpu_m"":533,""mem_b"":657413659,""priority"":""3"",""node"":""kwok-node-20""},{""name"":""rs-44-p2-88gfm"",""cpu_m"":892,""mem_b"":647105897,""priority"":""2"",""node"":""""},{""name"":""rs-44-p2-cdlwc"",""cpu_m"":892,""mem_b"":647105897,""priority"":""2"",""node"":""kwok-node-21""},{""name"":""rs-44-p2-n42xc"",""cpu_m"":892,""mem_b"":647105897,""priority"":""2"",""node"":""kwok-node-18""},{""name"":""rs-45-p4-687vd"",""cpu_m"":693,""mem_b"":106907535,""priority"":""4"",""node"":""kwok-node-17""},{""name"":""rs-45-p4-cxwkx"",""cpu_m"":693,""mem_b"":106907535,""priority"":""4"",""node"":""kwok-node-2""},{""name"":""rs-46-p3-7wpwk"",""cpu_m"":822,""mem_b"":737402485,""priority"":""3"",""node"":""kwok-node-25""},{""name"":""rs-46-p3-kztp2"",""cpu_m"":822,""mem_b"":737402485,""priority"":""3"",""node"":""kwok-node-11""},{""name"":""rs-46-p3-qn7hg"",""cpu_m"":822,""mem_b"":737402485,""priority"":""3"",""node"":""kwok-node-24""},{""name"":""rs-47-p1-69sb4"",""cpu_m"":763,""mem_b"":664048961,""priority"":""1"",""node"":""""},{""name"":""rs-47-p1-gxnsv"",""cpu_m"":763,""mem_b"":664048961,""priority"":""1"",""node"":""""},{""name"":""rs-48-p2-stdmj"",""cpu_m"":753,""mem_b"":247880678,""priority"":""2"",""node"":""kwok-node-13""},{""name"":""rs-49-p2-b7kv4"",""cpu_m"":175,""mem_b"":450314040,""priority"":""2"",""node"":""kwok-node-12""},{""name"":""rs-50-p1-b9bf2"",""cpu_m"":718,""mem_b"":520996620,""priority"":""1"",""node"":""""},{""name"":""rs-51-p3-g97hr"",""cpu_m"":530,""mem_b"":729244484,""priority"":""3"",""node"":""kwok-node-28""},{""name"":""rs-51-p3-vsmx9"",""cpu_m"":530,""mem_b"":729244484,""priority"":""3"",""node"":""kwok-node-15""},{""name"":""rs-52-p1-kbcsl"",""cpu_m"":972,""mem_b"":180285349,""priority"":""1"",""node"":""""},{""name"":""rs-52-p1-z4tqp"",""cpu_m"":972,""mem_b"":180285349,""priority"":""1"",""node"":""""},{""name"":""rs-53-p2-74fkc"",""cpu_m"":647,""mem_b"":938250008,""priority"":""2"",""node"":""kwok-node-23""}]","[{""name"":""rs-01-p3-lfvmx"",""cpu_m"":124,""mem_b"":390360757,""priority"":""3"",""node"":""kwok-node-16""},{""name"":""rs-01-p3-q2gd7"",""cpu_m"":124,""mem_b"":390360757,""priority"":""3"",""node"":""kwok-node-19""},{""name"":""rs-02-p3-bjl9k"",""cpu_m"":285,""mem_b"":999900902,""priority"":""3"",""node"":""kwok-node-14""},{""name"":""rs-02-p3-n8nks"",""cpu_m"":285,""mem_b"":999900902,""priority"":""3"",""node"":""kwok-node-17""},{""name"":""rs-03-p2-fmxn6"",""cpu_m"":394,""mem_b"":305152279,""priority"":""2"",""node"":""kwok-node-13""},{""name"":""rs-03-p2-j7frz"",""cpu_m"":394,""mem_b"":305152279,""priority"":""2"",""node"":""kwok-node-11""},{""name"":""rs-03-p2-pg5ff"",""cpu_m"":394,""mem_b"":305152279,""priority"":""2"",""node"":""kwok-node-15""},{""name"":""rs-04-p3-gd8fx"",""cpu_m"":773,""mem_b"":719046675,""priority"":""3"",""node"":""kwok-node-10""},{""name"":""rs-05-p3-7cmpq"",""cpu_m"":867,""mem_b"":671386540,""priority"":""3"",""node"":""kwok-node-1""},{""name"":""rs-05-p3-9x97t"",""cpu_m"":867,""mem_b"":671386540,""priority"":""3"",""node"":""kwok-node-12""},{""name"":""rs-05-p3-bdw2n"",""cpu_m"":867,""mem_b"":671386540,""priority"":""3"",""node"":""kwok-node-20""},{""name"":""rs-05-p3-jnqtb"",""cpu_m"":867,""mem_b"":671386540,""priority"":""3"",""node"":""kwok-node-18""},{""name"":""rs-06-p4-rmj9d"",""cpu_m"":785,""mem_b"":304256014,""priority"":""4"",""node"":""kwok-node-21""},{""name"":""rs-07-p1-fcgh6"",""cpu_m"":197,""mem_b"":698396574,""priority"":""1"",""node"":""kwok-node-22""},{""name"":""rs-07-p1-qdvrf"",""cpu_m"":197,""mem_b"":698396574,""priority"":""1"",""node"":""kwok-node-23""},{""name"":""rs-08-p3-8txjn"",""cpu_m"":259,""mem_b"":176533753,""priority"":""3"",""node"":""kwok-node-2""},{""name"":""rs-09-p1-9c5mz"",""cpu_m"":364,""mem_b"":672210091,""priority"":""1"",""node"":""kwok-node-28""},{""name"":""rs-10-p4-4dzzw"",""cpu_m"":117,""mem_b"":972857265,""priority"":""4"",""node"":""kwok-node-27""},{""name"":""rs-10-p4-7lczb"",""cpu_m"":117,""mem_b"":972857265,""priority"":""4"",""node"":""kwok-node-29""},{""name"":""rs-10-p4-wsctk"",""cpu_m"":117,""mem_b"":972857265,""priority"":""4"",""node"":""kwok-node-26""},{""name"":""rs-10-p4-zp7kk"",""cpu_m"":117,""mem_b"":972857265,""priority"":""4"",""node"":""kwok-node-24""},{""name"":""rs-11-p2-gp4gd"",""cpu_m"":732,""mem_b"":903298345,""priority"":""2"",""node"":""kwok-node-25""},{""name"":""rs-11-p2-xqmsd"",""cpu_m"":732,""mem_b"":903298345,""priority"":""2"",""node"":""kwok-node-2""},{""name"":""rs-12-p4-dfj88"",""cpu_m"":930,""mem_b"":154504350,""priority"":""4"",""node"":""kwok-node-31""},{""name"":""rs-13-p3-2wbgz"",""cpu_m"":964,""mem_b"":374060677,""priority"":""3"",""node"":""kwok-node-32""},{""name"":""rs-13-p3-4j8bj"",""cpu_m"":964,""mem_b"":374060677,""priority"":""3"",""node"":""kwok-node-4""},{""name"":""rs-13-p3-gfn7k"",""cpu_m"":964,""mem_b"":374060677,""priority"":""3"",""node"":""kwok-node-5""},{""name"":""rs-13-p3-v6jkb"",""cpu_m"":964,""mem_b"":374060677,""priority"":""3"",""node"":""kwok-node-30""},{""name"":""rs-14-p3-4kvqw"",""cpu_m"":241,""mem_b"":830104425,""priority"":""3"",""node"":""kwok-node-6""},{""name"":""rs-14-p3-b77qn"",""cpu_m"":241,""mem_b"":830104425,""priority"":""3"",""node"":""kwok-node-11""},{""name"":""rs-14-p3-bcmpq"",""cpu_m"":241,""mem_b"":830104425,""priority"":""3"",""node"":""kwok-node-3""},{""name"":""rs-15-p2-4lzwd"",""cpu_m"":315,""mem_b"":608632444,""priority"":""2"",""node"":""kwok-node-7""},{""name"":""rs-15-p2-ms5c6"",""cpu_m"":315,""mem_b"":608632444,""priority"":""2"",""node"":""kwok-node-13""},{""name"":""rs-16-p4-8wxpq"",""cpu_m"":331,""mem_b"":656534101,""priority"":""4"",""node"":""kwok-node-9""},{""name"":""rs-16-p4-klrn7"",""cpu_m"":331,""mem_b"":656534101,""priority"":""4"",""node"":""kwok-node-8""},{""name"":""rs-17-p3-mq7wq"",""cpu_m"":259,""mem_b"":305973826,""priority"":""3"",""node"":""kwok-node-7""},{""name"":""rs-17-p3-msp66"",""cpu_m"":259,""mem_b"":305973826,""priority"":""3"",""node"":""kwok-node-15""},{""name"":""rs-17-p3-tn5m8"",""cpu_m"":259,""mem_b"":305973826,""priority"":""3"",""node"":""kwok-node-16""},{""name"":""rs-17-p3-v7cs5"",""cpu_m"":259,""mem_b"":305973826,""priority"":""3"",""node"":""kwok-node-19""},{""name"":""rs-18-p1-js572"",""cpu_m"":689,""mem_b"":972136045,""priority"":""1"",""node"":""kwok-node-21""},{""name"":""rs-19-p3-rclb4"",""cpu_m"":915,""mem_b"":178334874,""priority"":""3"",""node"":""kwok-node-26""},{""name"":""rs-20-p3-dx926"",""cpu_m"":114,""mem_b"":126172072,""priority"":""3"",""node"":""kwok-node-9""},{""name"":""rs-20-p3-s8sgx"",""cpu_m"":114,""mem_b"":126172072,""priority"":""3"",""node"":""kwok-node-16""},{""name"":""rs-20-p3-wz2fl"",""cpu_m"":114,""mem_b"":126172072,""priority"":""3"",""node"":""kwok-node-8""},{""name"":""rs-20-p3-zmv6h"",""cpu_m"":114,""mem_b"":126172072,""priority"":""3"",""node"":""kwok-node-28""},{""name"":""rs-21-p3-8fvwc"",""cpu_m"":658,""mem_b"":787850390,""priority"":""3"",""node"":""kwok-node-22""},{""name"":""rs-21-p3-cgm2h"",""cpu_m"":658,""mem_b"":787850390,""priority"":""3"",""node"":""kwok-node-15""},{""name"":""rs-21-p3-fkdqj"",""cpu_m"":658,""mem_b"":787850390,""priority"":""3"",""node"":""kwok-node-19""},{""name"":""rs-21-p3-t847f"",""cpu_m"":658,""mem_b"":787850390,""priority"":""3"",""node"":""kwok-node-23""},{""name"":""rs-22-p3-h9nxc"",""cpu_m"":193,""mem_b"":444810546,""priority"":""3"",""node"":""kwok-node-18""},{""name"":""rs-22-p3-sln7w"",""cpu_m"":193,""mem_b"":444810546,""priority"":""3"",""node"":""kwok-node-20""},{""name"":""rs-23-p2-2nnmr"",""cpu_m"":943,""mem_b"":244918246,""priority"":""2"",""node"":""kwok-node-29""},{""name"":""rs-23-p2-9d6kz"",""cpu_m"":943,""mem_b"":244918246,""priority"":""2"",""node"":""kwok-node-27""},{""name"":""rs-23-p2-qs8d7"",""cpu_m"":943,""mem_b"":244918246,""priority"":""2"",""node"":""kwok-node-24""},{""name"":""rs-24-p2-8x7v4"",""cpu_m"":594,""mem_b"":784646750,""priority"":""2"",""node"":""kwok-node-8""},{""name"":""rs-24-p2-hh6k4"",""cpu_m"":594,""mem_b"":784646750,""priority"":""2"",""node"":""kwok-node-1""},{""name"":""rs-24-p2-nt25g"",""cpu_m"":594,""mem_b"":784646750,""priority"":""2"",""node"":""kwok-node-10""},{""name"":""rs-24-p2-zbsts"",""cpu_m"":594,""mem_b"":784646750,""priority"":""2"",""node"":""kwok-node-12""},{""name"":""rs-25-p3-4q7m5"",""cpu_m"":497,""mem_b"":438077005,""priority"":""3"",""node"":""kwok-node-28""},{""name"":""rs-25-p3-nftc7"",""cpu_m"":497,""mem_b"":438077005,""priority"":""3"",""node"":""kwok-node-9""},{""name"":""rs-25-p3-tf7wf"",""cpu_m"":497,""mem_b"":438077005,""priority"":""3"",""node"":""kwok-node-6""},{""name"":""rs-25-p3-zxp9f"",""cpu_m"":497,""mem_b"":438077005,""priority"":""3"",""node"":""kwok-node-16""},{""name"":""rs-26-p2-b6k7v"",""cpu_m"":341,""mem_b"":845861175,""priority"":""2"",""node"":""kwok-node-4""},{""name"":""rs-26-p2-c9sz5"",""cpu_m"":341,""mem_b"":845861175,""priority"":""2"",""node"":""kwok-node-31""},{""name"":""rs-26-p2-p5t78"",""cpu_m"":341,""mem_b"":845861175,""priority"":""2"",""node"":""kwok-node-32""},{""name"":""rs-27-p4-dbrmf"",""cpu_m"":693,""mem_b"":309589233,""priority"":""4"",""node"":""kwok-node-3""},{""name"":""rs-27-p4-dc8kt"",""cpu_m"":693,""mem_b"":309589233,""priority"":""4"",""node"":""kwok-node-17""},{""name"":""rs-28-p2-98sqh"",""cpu_m"":992,""mem_b"":312930365,""priority"":""2"",""node"":""kwok-node-14""},{""name"":""rs-28-p2-x95n5"",""cpu_m"":992,""mem_b"":312930365,""priority"":""2"",""node"":""kwok-node-7""},{""name"":""rs-29-p2-5vfwk"",""cpu_m"":549,""mem_b"":535223593,""priority"":""2"",""node"":""kwok-node-30""},{""name"":""rs-29-p2-lkx5b"",""cpu_m"":549,""mem_b"":535223593,""priority"":""2"",""node"":""kwok-node-13""},{""name"":""rs-29-p2-lrw4x"",""cpu_m"":549,""mem_b"":535223593,""priority"":""2"",""node"":""kwok-node-25""},{""name"":""rs-29-p2-vcrl2"",""cpu_m"":549,""mem_b"":535223593,""priority"":""2"",""node"":""kwok-node-5""},{""name"":""rs-30-p2-5zhfp"",""cpu_m"":325,""mem_b"":863441989,""priority"":""2"",""node"":""kwok-node-2""},{""name"":""rs-30-p2-bjfn5"",""cpu_m"":325,""mem_b"":863441989,""priority"":""2"",""node"":""kwok-node-30""},{""name"":""rs-30-p2-mnsrv"",""cpu_m"":325,""mem_b"":863441989,""priority"":""2"",""node"":""kwok-node-31""},{""name"":""rs-31-p2-ghsr7"",""cpu_m"":897,""mem_b"":148357967,""priority"":""2"",""node"":""kwok-node-22""},{""name"":""rs-31-p2-n6drn"",""cpu_m"":897,""mem_b"":148357967,""priority"":""2"",""node"":""kwok-node-11""},{""name"":""rs-31-p2-rc5gq"",""cpu_m"":897,""mem_b"":148357967,""priority"":""2"",""node"":""kwok-node-6""},{""name"":""rs-32-p3-kkdvd"",""cpu_m"":824,""mem_b"":683461179,""priority"":""3"",""node"":""kwok-node-28""},{""name"":""rs-32-p3-n955g"",""cpu_m"":824,""mem_b"":683461179,""priority"":""3"",""node"":""kwok-node-9""},{""name"":""rs-32-p3-t5775"",""cpu_m"":824,""mem_b"":683461179,""priority"":""3"",""node"":""kwok-node-3""},{""name"":""rs-33-p1-89tzk"",""cpu_m"":107,""mem_b"":998065268,""priority"":""1"",""node"":""kwok-node-18""},{""name"":""rs-33-p1-mclwf"",""cpu_m"":107,""mem_b"":998065268,""priority"":""1"",""node"":""kwok-node-5""},{""name"":""rs-34-p2-9zbn9"",""cpu_m"":345,""mem_b"":349901923,""priority"":""2"",""node"":""kwok-node-27""},{""name"":""rs-34-p2-dvrv7"",""cpu_m"":345,""mem_b"":349901923,""priority"":""2"",""node"":""kwok-node-26""},{""name"":""rs-34-p2-kr6m7"",""cpu_m"":345,""mem_b"":349901923,""priority"":""2"",""node"":""kwok-node-24""},{""name"":""rs-34-p2-zf866"",""cpu_m"":345,""mem_b"":349901923,""priority"":""2"",""node"":""kwok-node-20""},{""name"":""rs-35-p4-xxc67"",""cpu_m"":681,""mem_b"":136476503,""priority"":""4"",""node"":""kwok-node-23""},{""name"":""rs-36-p1-h25rd"",""cpu_m"":399,""mem_b"":211528374,""priority"":""1"",""node"":""kwok-node-17""},{""name"":""rs-36-p1-ngtlt"",""cpu_m"":399,""mem_b"":211528374,""priority"":""1"",""node"":""kwok-node-16""},{""name"":""rs-37-p3-gzfx7"",""cpu_m"":746,""mem_b"":569023119,""priority"":""3"",""node"":""kwok-node-19""},{""name"":""rs-37-p3-hrc2b"",""cpu_m"":746,""mem_b"":569023119,""priority"":""3"",""node"":""kwok-node-29""},{""name"":""rs-38-p4-zvqz8"",""cpu_m"":516,""mem_b"":275111691,""priority"":""4"",""node"":""kwok-node-8""},{""name"":""rs-39-p4-clwvh"",""cpu_m"":598,""mem_b"":763887302,""priority"":""4"",""node"":""kwok-node-4""},{""name"":""rs-39-p4-ngxjf"",""cpu_m"":598,""mem_b"":763887302,""priority"":""4"",""node"":""kwok-node-14""},{""name"":""rs-39-p4-scczb"",""cpu_m"":598,""mem_b"":763887302,""priority"":""4"",""node"":""kwok-node-32""},{""name"":""rs-40-p2-2z2gm"",""cpu_m"":273,""mem_b"":976830265,""priority"":""2"",""node"":""""},{""name"":""rs-40-p2-8xhqq"",""cpu_m"":273,""mem_b"":976830265,""priority"":""2"",""node"":""""},{""name"":""rs-40-p2-d6cqq"",""cpu_m"":273,""mem_b"":976830265,""priority"":""2"",""node"":""""},{""name"":""rs-41-p2-bsrz8"",""cpu_m"":246,""mem_b"":284240295,""priority"":""2"",""node"":""kwok-node-15""},{""name"":""rs-41-p2-t4pbv"",""cpu_m"":246,""mem_b"":284240295,""priority"":""2"",""node"":""kwok-node-25""},{""name"":""rs-41-p2-xqwwv"",""cpu_m"":246,""mem_b"":284240295,""priority"":""2"",""node"":""kwok-node-13""},{""name"":""rs-42-p1-6tsqh"",""cpu_m"":376,""mem_b"":749033866,""priority"":""1"",""node"":""kwok-node-11""},{""name"":""rs-42-p1-725m2"",""cpu_m"":376,""mem_b"":749033866,""priority"":""1"",""node"":""kwok-node-7""},{""name"":""rs-42-p1-hrmlt"",""cpu_m"":376,""mem_b"":749033866,""priority"":""1"",""node"":""""},{""name"":""rs-42-p1-ssj5q"",""cpu_m"":376,""mem_b"":749033866,""priority"":""1"",""node"":""kwok-node-21""},{""name"":""rs-43-p3-9p2fs"",""cpu_m"":533,""mem_b"":657413659,""priority"":""3"",""node"":""kwok-node-1""},{""name"":""rs-43-p3-r5k8g"",""cpu_m"":533,""mem_b"":657413659,""priority"":""3"",""node"":""kwok-node-16""},{""name"":""rs-43-p3-thmxq"",""cpu_m"":533,""mem_b"":657413659,""priority"":""3"",""node"":""kwok-node-20""},{""name"":""rs-44-p2-88gfm"",""cpu_m"":892,""mem_b"":647105897,""priority"":""2"",""node"":""""},{""name"":""rs-44-p2-cdlwc"",""cpu_m"":892,""mem_b"":647105897,""priority"":""2"",""node"":""""},{""name"":""rs-44-p2-n42xc"",""cpu_m"":892,""mem_b"":647105897,""priority"":""2"",""node"":""""},{""name"":""rs-45-p4-687vd"",""cpu_m"":693,""mem_b"":106907535,""priority"":""4"",""node"":""""},{""name"":""rs-45-p4-cxwkx"",""cpu_m"":693,""mem_b"":106907535,""priority"":""4"",""node"":""kwok-node-2""},{""name"":""rs-46-p3-7wpwk"",""cpu_m"":822,""mem_b"":737402485,""priority"":""3"",""node"":""""},{""name"":""rs-46-p3-kztp2"",""cpu_m"":822,""mem_b"":737402485,""priority"":""3"",""node"":""""},{""name"":""rs-46-p3-qn7hg"",""cpu_m"":822,""mem_b"":737402485,""priority"":""3"",""node"":""""},{""name"":""rs-47-p1-69sb4"",""cpu_m"":763,""mem_b"":664048961,""priority"":""1"",""node"":""""},{""name"":""rs-47-p1-gxnsv"",""cpu_m"":763,""mem_b"":664048961,""priority"":""1"",""node"":""""},{""name"":""rs-48-p2-stdmj"",""cpu_m"":753,""mem_b"":247880678,""priority"":""2"",""node"":""""},{""name"":""rs-49-p2-b7kv4"",""cpu_m"":175,""mem_b"":450314040,""priority"":""2"",""node"":""kwok-node-12""},{""name"":""rs-50-p1-b9bf2"",""cpu_m"":718,""mem_b"":520996620,""priority"":""1"",""node"":""""},{""name"":""rs-51-p3-g97hr"",""cpu_m"":530,""mem_b"":729244484,""priority"":""3"",""node"":""""},{""name"":""rs-51-p3-vsmx9"",""cpu_m"":530,""mem_b"":729244484,""priority"":""3"",""node"":""""},{""name"":""rs-52-p1-kbcsl"",""cpu_m"":972,""mem_b"":180285349,""priority"":""1"",""node"":""""},{""name"":""rs-52-p1-z4tqp"",""cpu_m"":972,""mem_b"":180285349,""priority"":""1"",""node"":""""},{""name"":""rs-53-p2-74fkc"",""cpu_m"":647,""mem_b"":938250008,""priority"":""2"",""node"":""""}]","[{""name"":""kwok-node-1"",""cap_cpu_m"":2015,""cap_mem_bytes"":2132691404},{""name"":""kwok-node-2"",""cap_cpu_m"":2015,""cap_mem_bytes"":2132691404},{""name"":""kwok-node-3"",""cap_cpu_m"":2015,""cap_mem_bytes"":2132691404},{""name"":""kwok-node-4"",""cap_cpu_m"":2015,""cap_mem_bytes"":2132691404},{""name"":""kwok-node-5"",""cap_cpu_m"":2015,""cap_mem_bytes"":2132691404},{""name"":""kwok-node-6"",""cap_cpu_m"":2015,""cap_mem_bytes"":2132691404},{""name"":""kwok-node-7"",""cap_cpu_m"":2015,""cap_mem_bytes"":2132691404},{""name"":""kwok-node-8"",""cap_cpu_m"":2015,""cap_mem_bytes"":2132691404},{""name"":""kwok-node-9"",""cap_cpu_m"":2015,""cap_mem_bytes"":2132691404},{""name"":""kwok-node-10"",""cap_cpu_m"":2015,""cap_mem_bytes"":2132691404},{""name"":""kwok-node-11"",""cap_cpu_m"":2015,""cap_mem_bytes"":2132691404},{""name"":""kwok-node-12"",""cap_cpu_m"":2015,""cap_mem_bytes"":2132691404},{""name"":""kwok-node-13"",""cap_cpu_m"":2015,""cap_mem_bytes"":2132691404},{""name"":""kwok-node-14"",""cap_cpu_m"":2015,""cap_mem_bytes"":2132691404},{""name"":""kwok-node-15"",""cap_cpu_m"":2015,""cap_mem_bytes"":2132691404},{""name"":""kwok-node-16"",""cap_cpu_m"":2015,""cap_mem_bytes"":2132691404},{""name"":""kwok-node-17"",""cap_cpu_m"":2015,""cap_mem_bytes"":2132691404},{""name"":""kwok-node-18"",""cap_cpu_m"":2015,""cap_mem_bytes"":2132691404},{""name"":""kwok-node-19"",""cap_cpu_m"":2015,""cap_mem_bytes"":2132691404},{""name"":""kwok-node-20"",""cap_cpu_m"":2015,""cap_mem_bytes"":2132691404},{""name"":""kwok-node-21"",""cap_cpu_m"":2015,""cap_mem_bytes"":2132691404},{""name"":""kwok-node-22"",""cap_cpu_m"":2015,""cap_mem_bytes"":2132691404},{""name"":""kwok-node-23"",""cap_cpu_m"":2015,""cap_mem_bytes"":2132691404},{""name"":""kwok-node-24"",""cap_cpu_m"":2015,""cap_mem_bytes"":2132691404},{""name"":""kwok-node-25"",""cap_cpu_m"":2015,""cap_mem_bytes"":2132691404},{""name"":""kwok-node-26"",""cap_cpu_m"":2015,""cap_mem_bytes"":2132691404},{""name"":""kwok-node-27"",""cap_cpu_m"":2015,""cap_mem_bytes"":2132691404},{""name"":""kwok-node-28"",""cap_cpu_m"":2015,""cap_mem_bytes"":2132691404},{""name"":""kwok-node-29"",""cap_cpu_m"":2015,""cap_mem_bytes"":2132691404},{""name"":""kwok-node-30"",""cap_cpu_m"":2015,""cap_mem_bytes"":2132691404},{""name"":""kwok-node-31"",""cap_cpu_m"":2015,""cap_mem_bytes"":2132691404},{""name"":""kwok-node-32"",""cap_cpu_m"":2015,""cap_mem_bytes"":2132691404}]"
2026/02/11/11:50:27,5499991615272674611,,"{""evicted"":0,""moved"":0,""placed_by_priority"":{""1"":11,""2"":32,""3"":25,""4"":42}}",python,"{""evicted"":6,""moved"":5,""placed_by_priority"":{""1"":5,""2"":36,""3"":30,""4"":43}}",1004,FEASIBLE,"[{""duration_ms"":1004,""name"":""python"",""score"":{""evicted"":6,""moved"":5,""placed_by_priority"":{""1"":5,""2"":36,""3"":30,""4"":43}},""status"":""FEASIBLE""}]",0.901,0.866,0.901,0.850,58634,56356,66841606894,63070330072,114,110,14,18,"{""kwok-node-1"":4,""kwok-node-10"":3,""kwok-node-11"":4,""kwok-node-12"":3,""kwok-node-13"":4,""kwok-node-14"":4,""kwok-node-15"":3,""kwok-node-16"":4,""kwok-node-17"":3,""kwok-node-18"":3,""kwok-node-19"":4,""kwok-node-2"":4,""kwok-node-20"":4,""kwok-node-21"":3,""kwok-node-22"":4,""kwok-node-23"":4,""kwok-node-24"":4,""kwok-node-25"":3,""kwok-node-26"":3,""kwok-node-27"":4,""kwok-node-28"":3,""kwok-node-29"":4,""kwok-node-3"":3,""kwok-node-30"":4,""kwok-node-31"":3,""kwok-node-32"":4,""kwok-node-4"":5,""kwok-node-5"":3,""kwok-node-6"":3,""kwok-node-7"":3,""kwok-node-8"":4,""kwok-node-9"":3}","{""kwok-node-1"":4,""kwok-node-10"":3,""kwok-node-11"":3,""kwok-node-12"":3,""kwok-node-13"":4,""kwok-node-14"":4,""kwok-node-15"":3,""kwok-node-16"":4,""kwok-node-17"":2,""kwok-node-18"":3,""kwok-node-19"":4,""kwok-node-2"":4,""kwok-node-20"":3,""kwok-node-21"":3,""kwok-node-22"":3,""kwok-node-23"":4,""kwok-node-24"":3,""kwok-node-25"":3,""kwok-node-26"":3,""kwok-node-27"":4,""kwok-node-28"":3,""kwok-node-29"":4,""kwok-node-3"":4,""kwok-node-30"":4,""kwok-node-31"":3,""kwok-node-32"":4,""kwok-node-4"":5,""kwok-node-5"":3,""kwok-node-6"":3,""kwok-node-7"":3,""kwok-node-8"":4,""kwok-node-9"":3}","{""p1"":5,""p2"":36,""p3"":30,""p4"":43}","{""p1"":11,""p2"":32,""p3"":25,""p4"":42}","{""p1"":14}","{""p1"":8,""p2"":4,""p3"":5,""p4"":1}","{rs-05-p1-7q7s8,rs-05-p1-9rjt4,rs-06-p1-w2v8g,rs-35-p1-mklct,rs-35-p1-vb8ph,rs-35-p1-zf4st,rs-39-p1-tc94x,rs-41-p1-5lp76,rs-44-p1-fffvd,rs-44-p1-hqjx4,rs-44-p1-ksn77,rs-44-p1-rlfgt,rs-51-p1-42gtm,rs-51-p1-8br8f}","{rs-36-p4-tx6bt,rs-39-p1-tc94x,rs-40-p3-xfx4v,rs-41-p1-5lp76,rs-44-p1-fffvd,rs-44-p1-hqjx4,rs-44-p1-ksn77,rs-44-p1-rlfgt,rs-46-p3-dnpvd,rs-46-p3-g8jnq,rs-46-p3-qfbrx,rs-46-p3-x4kw9,rs-48-p2-qhxvg,rs-48-p2-vvnm9,rs-49-p2-74wpl,rs-49-p2-x9cpx,rs-51-p1-42gtm,rs-51-p1-8br8f}","{rs-01-p4-4jk7q,rs-01-p4-b6b4x,rs-02-p3-7llb9,rs-03-p3-mqmw9,rs-04-p2-5p25d,rs-04-p2-d4kw4,rs-04-p2-mlqbt,rs-04-p2-pxh6w,rs-07-p4-25frk,rs-07-p4-jtpgb,rs-08-p4-d8j54,rs-08-p4-hmdzs,rs-08-p4-nq7g4,rs-09-p3-6zpzz,rs-09-p3-gvhm4,rs-09-p3-sm7fc,rs-09-p3-v7hnt,rs-10-p4-4gpsc,rs-10-p4-bp8dm,rs-10-p4-gqz42,rs-10-p4-pfn9x,rs-11-p1-bkcsv,rs-11-p1-pd9l2,rs-12-p2-26c6d,rs-12-p2-md8g5,rs-13-p4-7phwn,rs-13-p4-jgdwq,rs-13-p4-sfdzc,rs-14-p3-br8kv,rs-15-p4-2mlfb,rs-15-p4-d8tvs,rs-16-p1-gnfw8,rs-16-p1-k5fq2,rs-16-p1-lt4jt,rs-17-p4-cnbhx,rs-17-p4-jrmpt,rs-17-p4-ncd9w,rs-18-p3-57m49,rs-18-p3-xtbc6,rs-19-p2-8qh6k,rs-19-p2-tjzlk,rs-19-p2-vvkl2,rs-19-p2-xfp27,rs-20-p3-4www8,rs-20-p3-n279b,rs-21-p2-9dkws,rs-21-p2-dpwk8,rs-21-p2-npx5w,rs-21-p2-qwmzv,rs-22-p2-spdhn,rs-22-p2-wqlf6,rs-23-p3-2hxdf,rs-23-p3-bfr6g,rs-24-p4-hpswj,rs-24-p4-svc98,rs-25-p2-4f5m5,rs-25-p2-vmbng,rs-25-p2-x6xzk,rs-26-p4-4nqzg,rs-26-p4-647bm,rs-26-p4-sqbv8,rs-26-p4-xz626,rs-27-p2-ndbg2,rs-27-p2-wf9dj,rs-28-p2-7zbs8,rs-28-p2-f9hwd,rs-29-p2-5qs69,rs-29-p2-g5wft,rs-29-p2-qwzq2,rs-30-p3-4gxjh,rs-30-p3-rhzv7,rs-30-p3-x62sc,rs-31-p3-7cchj,rs-31-p3-7d8jp,rs-31-p3-hqdfn,rs-31-p3-psng7,rs-32-p4-89lns,rs-32-p4-mlh56,rs-33-p4-bdtcv,rs-34-p2-6sqwz,rs-34-p2-bchlc,rs-36-p4-b7z65,rs-36-p4-tx6bt,rs-37-p4-bv7rw,rs-37-p4-pvzw7,rs-38-p3-dwg9w,rs-40-p3-xfx4v,rs-42-p4-cq52k,rs-42-p4-drl2j,rs-42-p4-mklkr,rs-42-p4-mz8ff,rs-43-p4-68jmj,rs-43-p4-g8wxn,rs-43-p4-kvlrt,rs-45-p2-b5fz5,rs-45-p2-c8mls,rs-45-p2-jlftq,rs-45-p2-pxmwv,rs-46-p3-dnpvd,rs-46-p3-g8jnq,rs-46-p3-qfbrx,rs-46-p3-x4kw9,rs-47-p4-hgq29,rs-47-p4-hnbv9,rs-47-p4-jzqmg,rs-47-p4-p9jpg,rs-48-p2-qhxvg,rs-48-p2-vvnm9,rs-49-p2-74wpl,rs-49-p2-x9cpx,rs-50-p3-gf9t5,rs-50-p3-gmkw2,rs-50-p3-kk7wj,rs-50-p3-kr9jv}","{rs-01-p4-4jk7q,rs-01-p4-b6b4x,rs-02-p3-7llb9,rs-03-p3-mqmw9,rs-04-p2-5p25d,rs-04-p2-d4kw4,rs-04-p2-mlqbt,rs-04-p2-pxh6w,rs-05-p1-crxc6,rs-05-p1-dx2zq,rs-06-p1-74dsn,rs-07-p4-25frk,rs-07-p4-jtpgb,rs-08-p4-d8j54,rs-08-p4-hmdzs,rs-08-p4-nq7g4,rs-09-p3-6zpzz,rs-09-p3-gvhm4,rs-09-p3-sm7fc,rs-09-p3-v7hnt,rs-10-p4-4gpsc,rs-10-p4-bp8dm,rs-10-p4-gqz42,rs-10-p4-pfn9x,rs-11-p1-bkcsv,rs-11-p1-cllb6,rs-12-p2-26c6d,rs-12-p2-md8g5,rs-13-p4-7phwn,rs-13-p4-jgdwq,rs-13-p4-sfdzc,rs-14-p3-br8kv,rs-15-p4-2mlfb,rs-15-p4-d8tvs,rs-16-p1-lt4jt,rs-16-p1-nqvvz,rs-16-p1-v67q8,rs-17-p4-cnbhx,rs-17-p4-jrmpt,rs-17-p4-ncd9w,rs-18-p3-57m49,rs-18-p3-xtbc6,rs-19-p2-8qh6k,rs-19-p2-tjzlk,rs-19-p2-vvkl2,rs-19-p2-xfp27,rs-20-p3-4www8,rs-20-p3-n279b,rs-21-p2-9ctw2,rs-21-p2-9dkws,rs-21-p2-h46mc,rs-21-p2-qwmzv,rs-22-p2-spdhn,rs-22-p2-wqlf6,rs-23-p3-2hxdf,rs-23-p3-bfr6g,rs-24-p4-hpswj,rs-24-p4-svc98,rs-25-p2-4f5m5,rs-25-p2-vmbng,rs-25-p2-x6xzk,rs-26-p4-4nqzg,rs-26-p4-647bm,rs-26-p4-sqbv8,rs-26-p4-xz626,rs-27-p2-ndbg2,rs-27-p2-wf9dj,rs-28-p2-7zbs8,rs-28-p2-f9hwd,rs-29-p2-5qs69,rs-29-p2-g5wft,rs-29-p2-qwzq2,rs-30-p3-4gxjh,rs-30-p3-rhzv7,rs-30-p3-x62sc,rs-31-p3-7cchj,rs-31-p3-7d8jp,rs-31-p3-hqdfn,rs-31-p3-psng7,rs-32-p4-89lns,rs-32-p4-mlh56,rs-33-p4-bdtcv,rs-34-p2-6sqwz,rs-34-p2-bchlc,rs-35-p1-dlj45,rs-35-p1-hw2db,rs-35-p1-zlkqj,rs-36-p4-b7z65,rs-37-p4-bv7rw,rs-37-p4-pvzw7,rs-38-p3-dwg9w,rs-42-p4-cq52k,rs-42-p4-drl2j,rs-42-p4-mklkr,rs-42-p4-mz8ff,rs-43-p4-68jmj,rs-43-p4-g8wxn,rs-43-p4-kvlrt,rs-45-p2-b5fz5,rs-45-p2-c8mls,rs-45-p2-jlftq,rs-45-p2-pxmwv,rs-47-p4-hgq29,rs-47-p4-hnbv9,rs-47-p4-jzqmg,rs-47-p4-p9jpg,rs-50-p3-gf9t5,rs-50-p3-gmkw2,rs-50-p3-kk7wj,rs-50-p3-kr9jv}","[{""name"":""rs-01-p4-4jk7q"",""cpu_m"":676,""mem_b"":135454964,""priority"":""4"",""node"":""kwok-node-20""},{""name"":""rs-01-p4-b6b4x"",""cpu_m"":676,""mem_b"":135454964,""priority"":""4"",""node"":""kwok-node-11""},{""name"":""rs-02-p3-7llb9"",""cpu_m"":936,""mem_b"":380485337,""priority"":""3"",""node"":""kwok-node-17""},{""name"":""rs-03-p3-mqmw9"",""cpu_m"":296,""mem_b"":221365545,""priority"":""3"",""node"":""kwok-node-16""},{""name"":""rs-04-p2-5p25d"",""cpu_m"":659,""mem_b"":152414947,""priority"":""2"",""node"":""kwok-node-12""},{""name"":""rs-04-p2-d4kw4"",""cpu_m"":659,""mem_b"":152414947,""priority"":""2"",""node"":""kwok-node-2""},{""name"":""rs-04-p2-mlqbt"",""cpu_m"":659,""mem_b"":152414947,""priority"":""2"",""node"":""kwok-node-13""},{""name"":""rs-04-p2-pxh6w"",""cpu_m"":659,""mem_b"":152414947,""priority"":""2"",""node"":""kwok-node-15""},{""name"":""rs-05-p1-7q7s8"",""cpu_m"":645,""mem_b"":903008387,""priority"":""1"",""node"":""""},{""name"":""rs-05-p1-9rjt4"",""cpu_m"":645,""mem_b"":903008387,""priority"":""1"",""node"":""""},{""name"":""rs-06-p1-w2v8g"",""cpu_m"":482,""mem_b"":424865604,""priority"":""1"",""node"":""""},{""name"":""rs-07-p4-25frk"",""cpu_m"":512,""mem_b"":158335504,""priority"":""4"",""node"":""kwok-node-23""},{""name"":""rs-07-p4-jtpgb"",""cpu_m"":512,""mem_b"":158335504,""priority"":""4"",""node"":""kwok-node-1""},{""name"":""rs-08-p4-d8j54"",""cpu_m"":185,""mem_b"":395635401,""priority"":""4"",""node"":""kwok-node-18""},{""name"":""rs-08-p4-hmdzs"",""cpu_m"":185,""mem_b"":395635401,""priority"":""4"",""node"":""kwok-node-14""},{""name"":""rs-08-p4-nq7g4"",""cpu_m"":185,""mem_b"":395635401,""priority"":""4"",""node"":""kwok-node-19""},{""name"":""rs-09-p3-6zpzz"",""cpu_m"":718,""mem_b"":841582638,""priority"":""3"",""node"":""kwok-node-26""},{""name"":""rs-09-p3-gvhm4"",""cpu_m"":718,""mem_b"":841582638,""priority"":""3"",""node"":""kwok-node-31""},{""name"":""rs-09-p3-sm7fc"",""cpu_m"":718,""mem_b"":841582638,""priority"":""3"",""node"":""kwok-node-24""},{""name"":""rs-09-p3-v7hnt"",""cpu_m"":718,""mem_b"":841582638,""priority"":""3"",""node"":""kwok-node-28""},{""name"":""rs-10-p4-4gpsc"",""cpu_m"":232,""mem_b"":461219733,""priority"":""4"",""node"":""kwok-node-30""},{""name"":""rs-10-p4-bp8dm"",""cpu_m"":232,""mem_b"":461219733,""priority"":""4"",""node"":""kwok-node-32""},{""name"":""rs-10-p4-gqz42"",""cpu_m"":232,""mem_b"":461219733,""priority"":""4"",""node"":""kwok-node-29""},{""name"":""rs-10-p4-pfn9x"",""cpu_m"":232,""mem_b"":461219733,""priority"":""4"",""node"":""kwok-node-27""},{""name"":""rs-11-p1-bkcsv"",""cpu_m"":107,""mem_b"":244698249,""priority"":""1"",""node"":""kwok-node-4""},{""name"":""rs-11-p1-pd9l2"",""cpu_m"":107,""mem_b"":244698249,""priority"":""1"",""node"":""kwok-node-24""},{""name"":""rs-12-p2-26c6d"",""cpu_m"":937,""mem_b"":816689491,""priority"":""2"",""node"":""kwok-node-6""},{""name"":""rs-12-p2-md8g5"",""cpu_m"":937,""mem_b"":816689491,""priority"":""2"",""node"":""kwok-node-5""},{""name"":""rs-13-p4-7phwn"",""cpu_m"":900,""mem_b"":829653245,""priority"":""4"",""node"":""kwok-node-9""},{""name"":""rs-13-p4-jgdwq"",""cpu_m"":900,""mem_b"":829653245,""priority"":""4"",""node"":""kwok-node-10""},{""name"":""rs-13-p4-sfdzc"",""cpu_m"":900,""mem_b"":829653245,""priority"":""4"",""node"":""kwok-node-7""},{""name"":""rs-14-p3-br8kv"",""cpu_m"":226,""mem_b"":453440098,""priority"":""3"",""node"":""kwok-node-8""},{""name"":""rs-15-p4-2mlfb"",""cpu_m"":164,""mem_b"":870829394,""priority"":""4"",""node"":""kwok-node-2""},{""name"":""rs-15-p4-d8tvs"",""cpu_m"":164,""mem_b"":870829394,""priority"":""4"",""node"":""kwok-node-13""},{""name"":""rs-16-p1-gnfw8"",""cpu_m"":192,""mem_b"":466935732,""priority"":""1"",""node"":""kwok-node-22""},{""name"":""rs-16-p1-k5fq2"",""cpu_m"":192,""mem_b"":466935732,""priority"":""1"",""node"":""kwok-node-20""},{""name"":""rs-16-p1-lt4jt"",""cpu_m"":192,""mem_b"":466935732,""priority"":""1"",""node"":""kwok-node-16""},{""name"":""rs-17-p4-cnbhx"",""cpu_m"":380,""mem_b"":615392567,""priority"":""4"",""node"":""kwok-node-14""},{""name"":""rs-17-p4-jrmpt"",""cpu_m"":380,""mem_b"":615392567,""priority"":""4"",""node"":""kwok-node-19""},{""name"":""rs-17-p4-ncd9w"",""cpu_m"":380,""mem_b"":615392567,""priority"":""4"",""node"":""kwok-node-18""},{""name"":""rs-18-p3-57m49"",""cpu_m"":885,""mem_b"":382898481,""priority"":""3"",""node"":""kwok-node-29""},{""name"":""rs-18-p3-xtbc6"",""cpu_m"":885,""mem_b"":382898481,""priority"":""3"",""node"":""kwok-node-30""},{""name"":""rs-19-p2-8qh6k"",""cpu_m"":528,""mem_b"":674163089,""priority"":""2"",""node"":""kwok-node-27""},{""name"":""rs-19-p2-tjzlk"",""cpu_m"":528,""mem_b"":674163089,""priority"":""2"",""node"":""kwok-node-25""},{""name"":""rs-19-p2-vvkl2"",""cpu_m"":528,""mem_b"":674163089,""priority"":""2"",""node"":""kwok-node-8""},{""name"":""rs-19-p2-xfp27"",""cpu_m"":528,""mem_b"":674163089,""priority"":""2"",""node"":""kwok-node-32""},{""name"":""rs-20-p3-4www8"",""cpu_m"":360,""mem_b"":701190561,""priority"":""3"",""node"":""kwok-node-1""},{""name"":""rs-20-p3-n279b"",""cpu_m"":360,""mem_b"":701190561,""priority"":""3"",""node"":""kwok-node-23""},{""name"":""rs-21-p2-9dkws"",""cpu_m"":292,""mem_b"":742356882,""priority"":""2"",""node"":""kwok-node-20""},{""name"":""rs-21-p2-dpwk8"",""cpu_m"":292,""mem_b"":742356882,""priority"":""2"",""node"":""kwok-node-11""},{""name"":""rs-21-p2-npx5w"",""cpu_m"":292,""mem_b"":742356882,""priority"":""2"",""node"":""kwok-node-17""},{""name"":""rs-21-p2-qwmzv"",""cpu_m"":292,""mem_b"":742356882,""priority"":""2"",""node"":""kwok-node-11""},{""name"":""rs-22-p2-spdhn"",""cpu_m"":578,""mem_b"":915563560,""priority"":""2"",""node"":""kwok-node-16""},{""name"":""rs-22-p2-wqlf6"",""cpu_m"":578,""mem_b"":915563560,""priority"":""2"",""node"":""kwok-node-3""},{""name"":""rs-23-p3-2hxdf"",""cpu_m"":131,""mem_b"":283049302,""priority"":""3"",""node"":""kwok-node-4""},{""name"":""rs-23-p3-bfr6g"",""cpu_m"":131,""mem_b"":283049302,""priority"":""3"",""node"":""kwok-node-31""},{""name"":""rs-24-p4-hpswj"",""cpu_m"":590,""mem_b"":856139491,""priority"":""4"",""node"":""kwok-node-26""},{""name"":""rs-24-p4-svc98"",""cpu_m"":590,""mem_b"":856139491,""priority"":""4"",""node"":""kwok-node-10""},{""name"":""rs-25-p2-4f5m5"",""cpu_m"":838,""mem_b"":762889086,""priority"":""2"",""node"":""kwok-node-21""},{""name"":""rs-25-p2-vmbng"",""cpu_m"":838,""mem_b"":762889086,""priority"":""2"",""node"":""kwok-node-22""},{""name"":""rs-25-p2-x6xzk"",""cpu_m"":838,""mem_b"":762889086,""priority"":""2"",""node"":""kwok-node-4""},{""name"":""rs-26-p4-4nqzg"",""cpu_m"":636,""mem_b"":738885161,""priority"":""4"",""node"":""kwok-node-23""},{""name"":""rs-26-p4-647bm"",""cpu_m"":636,""mem_b"":738885161,""priority"":""4"",""node"":""kwok-node-1""},{""name"":""rs-26-p4-sqbv8"",""cpu_m"":636,""mem_b"":738885161,""priority"":""4"",""node"":""kwok-node-28""},{""name"":""rs-26-p4-xz626"",""cpu_m"":636,""mem_b"":738885161,""priority"":""4"",""node"":""kwok-node-24""},{""name"":""rs-27-p2-ndbg2"",""cpu_m"":712,""mem_b"":995167687,""priority"":""2"",""node"":""kwok-node-9""},{""name"":""rs-27-p2-wf9dj"",""cpu_m"":712,""mem_b"":995167687,""priority"":""2"",""node"":""kwok-node-7""},{""name"":""rs-28-p2-7zbs8"",""cpu_m"":723,""mem_b"":601731133,""priority"":""2"",""node"":""kwok-node-19""},{""name"":""rs-28-p2-f9hwd"",""cpu_m"":723,""mem_b"":601731133,""priority"":""2"",""node"":""kwok-node-14""},{""name"":""rs-29-p2-5qs69"",""cpu_m"":817,""mem_b"":982100764,""priority"":""2"",""node"":""kwok-node-12""},{""name"":""rs-29-p2-g5wft"",""cpu_m"":817,""mem_b"":982100764,""priority"":""2"",""node"":""kwok-node-15""},{""name"":""rs-29-p2-qwzq2"",""cpu_m"":817,""mem_b"":982100764,""priority"":""2"",""node"":""kwok-node-18""},{""name"":""rs-30-p3-4gxjh"",""cpu_m"":756,""mem_b"":747254331,""priority"":""3"",""node"":""kwok-node-31""},{""name"":""rs-30-p3-rhzv7"",""cpu_m"":756,""mem_b"":747254331,""priority"":""3"",""node"":""kwok-node-13""},{""name"":""rs-30-p3-x62sc"",""cpu_m"":756,""mem_b"":747254331,""priority"":""3"",""node"":""kwok-node-2""},{""name"":""rs-31-p3-7cchj"",""cpu_m"":718,""mem_b"":604986076,""priority"":""3"",""node"":""kwok-node-8""},{""name"":""rs-31-p3-7d8jp"",""cpu_m"":718,""mem_b"":604986076,""priority"":""3"",""node"":""kwok-node-27""},{""name"":""rs-31-p3-hqdfn"",""cpu_m"":718,""mem_b"":604986076,""priority"":""3"",""node"":""kwok-node-32""},{""name"":""rs-31-p3-psng7"",""cpu_m"":718,""mem_b"":604986076,""priority"":""3"",""node"":""kwok-node-17""},{""name"":""rs-32-p4-89lns"",""cpu_m"":235,""mem_b"":471473046,""priority"":""4"",""node"":""kwok-node-6""},{""name"":""rs-32-p4-mlh56"",""cpu_m"":235,""mem_b"":471473046,""priority"":""4"",""node"":""kwok-node-5""},{""name"":""rs-33-p4-bdtcv"",""cpu_m"":700,""mem_b"":312698846,""priority"":""4"",""node"":""kwok-node-11""},{""name"":""rs-34-p2-6sqwz"",""cpu_m"":322,""mem_b"":874783204,""priority"":""2"",""node"":""kwok-node-30""},{""name"":""rs-34-p2-bchlc"",""cpu_m"":322,""mem_b"":874783204,""priority"":""2"",""node"":""kwok-node-29""},{""name"":""rs-35-p1-mklct"",""cpu_m"":648,""mem_b"":665485003,""priority"":""1"",""node"":""""},{""name"":""rs-35-p1-vb8ph"",""cpu_m"":648,""mem_b"":665485003,""priority"":""1"",""node"":""""},{""name"":""rs-35-p1-zf4st"",""cpu_m"":648,""mem_b"":665485003,""priority"":""1"",""node"":""""},{""name"":""rs-36-p4-b7z65"",""cpu_m"":807,""mem_b"":794915283,""priority"":""4"",""node"":""kwok-node-5""},{""name"":""rs-36-p4-tx6bt"",""cpu_m"":807,""mem_b"":794915283,""priority"":""4"",""node"":""kwok-node-6""},{""name"":""rs-37-p4-bv7rw"",""cpu_m"":777,""mem_b"":629980941,""priority"":""4"",""node"":""kwok-node-16""},{""name"":""rs-37-p4-pvzw7"",""cpu_m"":777,""mem_b"":629980941,""priority"":""4"",""node"":""kwok-node-3""},{""name"":""rs-38-p3-dwg9w"",""cpu_m"":365,""mem_b"":685450878,""priority"":""3"",""node"":""kwok-node-28""},{""name"":""rs-39-p1-tc94x"",""cpu_m"":903,""mem_b"":339316107,""priority"":""1"",""node"":""""},{""name"":""rs-40-p3-xfx4v"",""cpu_m"":941,""mem_b"":500964416,""priority"":""3"",""node"":""kwok-node-25""},{""name"":""rs-41-p1-5lp76"",""cpu_m"":668,""mem_b"":755499613,""priority"":""1"",""node"":""""},{""name"":""rs-42-p4-cq52k"",""cpu_m"":515,""mem_b"":431842255,""priority"":""4"",""node"":""kwok-node-14""},{""name"":""rs-42-p4-drl2j"",""cpu_m"":515,""mem_b"":431842255,""priority"":""4"",""node"":""kwok-node-26""},{""name"":""rs-42-p4-mklkr"",""cpu_m"":515,""mem_b"":431842255,""priority"":""4"",""node"":""kwok-node-19""},{""name"":""rs-42-p4-mz8ff"",""cpu_m"":515,""mem_b"":431842255,""priority"":""4"",""node"":""kwok-node-24""},{""name"":""rs-43-p4-68jmj"",""cpu_m"":492,""mem_b"":569887552,""priority"":""4"",""node"":""kwok-node-10""},{""name"":""rs-43-p4-g8wxn"",""cpu_m"":492,""mem_b"":569887552,""priority"":""4"",""node"":""kwok-node-30""},{""name"":""rs-43-p4-kvlrt"",""cpu_m"":492,""mem_b"":569887552,""priority"":""4"",""node"":""kwok-node-21""},{""name"":""rs-44-p1-fffvd"",""cpu_m"":808,""mem_b"":967417158,""priority"":""1"",""node"":""""},{""name"":""rs-44-p1-hqjx4"",""cpu_m"":808,""mem_b"":967417158,""priority"":""1"",""node"":""""},{""name"":""rs-44-p1-ksn77"",""cpu_m"":808,""mem_b"":967417158,""priority"":""1"",""node"":""""},{""name"":""rs-44-p1-rlfgt"",""cpu_m"":808,""mem_b"":967417158,""priority"":""1"",""node"":""""},{""name"":""rs-45-p2-b5fz5"",""cpu_m"":280,""mem_b"":311745593,""priority"":""2"",""node"":""kwok-node-1""},{""name"":""rs-45-p2-c8mls"",""cpu_m"":280,""mem_b"":311745593,""priority"":""2"",""node"":""kwok-node-22""},{""name"":""rs-45-p2-jlftq"",""cpu_m"":280,""mem_b"":311745593,""priority"":""2"",""node"":""kwok-node-23""},{""name"":""rs-45-p2-pxmwv"",""cpu_m"":280,""mem_b"":311745593,""priority"":""2"",""node"":""kwok-node-29""},{""name"":""rs-46-p3-dnpvd"",""cpu_m"":490,""mem_b"":763603529,""priority"":""3"",""node"":""kwok-node-3""},{""name"":""rs-46-p3-g8jnq"",""cpu_m"":490,""mem_b"":763603529,""priority"":""3"",""node"":""kwok-node-4""},{""name"":""rs-46-p3-qfbrx"",""cpu_m"":490,""mem_b"":763603529,""priority"":""3"",""node"":""kwok-node-22""},{""name"":""rs-46-p3-x4kw9"",""cpu_m"":490,""mem_b"":763603529,""priority"":""3"",""node"":""kwok-node-25""},{""name"":""rs-47-p4-hgq29"",""cpu_m"":183,""mem_b"":191243076,""priority"":""4"",""node"":""kwok-node-27""},{""name"":""rs-47-p4-hnbv9"",""cpu_m"":183,""mem_b"":191243076,""priority"":""4"",""node"":""kwok-node-4""},{""name"":""rs-47-p4-jzqmg"",""cpu_m"":183,""mem_b"":191243076,""priority"":""4"",""node"":""kwok-node-8""},{""name"":""rs-47-p4-p9jpg"",""cpu_m"":183,""mem_b"":191243076,""priority"":""4"",""node"":""kwok-node-32""},{""name"":""rs-48-p2-qhxvg"",""cpu_m"":541,""mem_b"":956590288,""priority"":""2"",""node"":""kwok-node-15""},{""name"":""rs-48-p2-vvnm9"",""cpu_m"":541,""mem_b"":956590288,""priority"":""2"",""node"":""kwok-node-12""},{""name"":""rs-49-p2-74wpl"",""cpu_m"":602,""mem_b"":867569909,""priority"":""2"",""node"":""kwok-node-21""},{""name"":""rs-49-p2-x9cpx"",""cpu_m"":602,""mem_b"":867569909,""priority"":""2"",""node"":""kwok-node-20""},{""name"":""rs-50-p3-gf9t5"",""cpu_m"":292,""mem_b"":351915712,""priority"":""3"",""node"":""kwok-node-2""},{""name"":""rs-50-p3-gmkw2"",""cpu_m"":292,""mem_b"":351915712,""priority"":""3"",""node"":""kwok-node-13""},{""name"":""rs-50-p3-kk7wj"",""cpu_m"":292,""mem_b"":351915712,""priority"":""3"",""node"":""kwok-node-9""},{""name"":""rs-50-p3-kr9jv"",""cpu_m"":292,""mem_b"":351915712,""priority"":""3"",""node"":""kwok-node-7""},{""name"":""rs-51-p1-42gtm"",""cpu_m"":567,""mem_b"":924238797,""priority"":""1"",""node"":""""},{""name"":""rs-51-p1-8br8f"",""cpu_m"":567,""mem_b"":924238797,""priority"":""1"",""node"":""""}]","[{""name"":""rs-01-p4-4jk7q"",""cpu_m"":676,""mem_b"":135454964,""priority"":""4"",""node"":""kwok-node-20""},{""name"":""rs-01-p4-b6b4x"",""cpu_m"":676,""mem_b"":135454964,""priority"":""4"",""node"":""kwok-node-11""},{""name"":""rs-02-p3-7llb9"",""cpu_m"":936,""mem_b"":380485337,""priority"":""3"",""node"":""kwok-node-17""},{""name"":""rs-03-p3-mqmw9"",""cpu_m"":296,""mem_b"":221365545,""priority"":""3"",""node"":""kwok-node-16""},{""name"":""rs-04-p2-5p25d"",""cpu_m"":659,""mem_b"":152414947,""priority"":""2"",""node"":""kwok-node-12""},{""name"":""rs-04-p2-d4kw4"",""cpu_m"":659,""mem_b"":152414947,""priority"":""2"",""node"":""kwok-node-2""},{""name"":""rs-04-p2-mlqbt"",""cpu_m"":659,""mem_b"":152414947,""priority"":""2"",""node"":""kwok-node-13""},{""name"":""rs-04-p2-pxh6w"",""cpu_m"":659,""mem_b"":152414947,""priority"":""2"",""node"":""kwok-node-15""},{""name"":""rs-05-p1-crxc6"",""cpu_m"":645,""mem_b"":903008387,""priority"":""1"",""node"":""kwok-node-21""},{""name"":""rs-05-p1-dx2zq"",""cpu_m"":645,""mem_b"":903008387,""priority"":""1"",""node"":""kwok-node-22""},{""name"":""rs-06-p1-74dsn"",""cpu_m"":482,""mem_b"":424865604,""priority"":""1"",""node"":""kwok-node-25""},{""name"":""rs-07-p4-25frk"",""cpu_m"":512,""mem_b"":158335504,""priority"":""4"",""node"":""kwok-node-23""},{""name"":""rs-07-p4-jtpgb"",""cpu_m"":512,""mem_b"":158335504,""priority"":""4"",""node"":""kwok-node-1""},{""name"":""rs-08-p4-d8j54"",""cpu_m"":185,""mem_b"":395635401,""priority"":""4"",""node"":""kwok-node-18""},{""name"":""rs-08-p4-hmdzs"",""cpu_m"":185,""mem_b"":395635401,""priority"":""4"",""node"":""kwok-node-14""},{""name"":""rs-08-p4-nq7g4"",""cpu_m"":185,""mem_b"":395635401,""priority"":""4"",""node"":""kwok-node-19""},{""name"":""rs-09-p3-6zpzz"",""cpu_m"":718,""mem_b"":841582638,""priority"":""3"",""node"":""kwok-node-26""},{""name"":""rs-09-p3-gvhm4"",""cpu_m"":718,""mem_b"":841582638,""priority"":""3"",""node"":""kwok-node-31""},{""name"":""rs-09-p3-sm7fc"",""cpu_m"":718,""mem_b"":841582638,""priority"":""3"",""node"":""kwok-node-24""},{""name"":""rs-09-p3-v7hnt"",""cpu_m"":718,""mem_b"":841582638,""priority"":""3"",""node"":""kwok-node-28""},{""name"":""rs-10-p4-4gpsc"",""cpu_m"":232,""mem_b"":461219733,""priority"":""4"",""node"":""kwok-node-30""},{""name"":""rs-10-p4-bp8dm"",""cpu_m"":232,""mem_b"":461219733,""priority"":""4"",""node"":""kwok-node-32""},{""name"":""rs-10-p4-gqz42"",""cpu_m"":232,""mem_b"":461219733,""priority"":""4"",""node"":""kwok-node-29""},{""name"":""rs-10-p4-pfn9x"",""cpu_m"":232,""mem_b"":461219733,""priority"":""4"",""node"":""kwok-node-27""},{""name"":""rs-11-p1-bkcsv"",""cpu_m"":107,""mem_b"":244698249,""priority"":""1"",""node"":""kwok-node-4""},{""name"":""rs-11-p1-cllb6"",""cpu_m"":107,""mem_b"":244698249,""priority"":""1"",""node"":""kwok-node-3""},{""name"":""rs-12-p2-26c6d"",""cpu_m"":937,""mem_b"":816689491,""priority"":""2"",""node"":""kwok-node-6""},{""name"":""rs-12-p2-md8g5"",""cpu_m"":937,""mem_b"":816689491,""priority"":""2"",""node"":""kwok-node-5""},{""name"":""rs-13-p4-7phwn"",""cpu_m"":900,""mem_b"":829653245,""priority"":""4"",""node"":""kwok-node-9""},{""name"":""rs-13-p4-jgdwq"",""cpu_m"":900,""mem_b"":829653245,""priority"":""4"",""node"":""kwok-node-10""},{""name"":""rs-13-p4-sfdzc"",""cpu_m"":900,""mem_b"":829653245,""priority"":""4"",""node"":""kwok-node-7""},{""name"":""rs-14-p3-br8kv"",""cpu_m"":226,""mem_b"":453440098,""priority"":""3"",""node"":""kwok-node-8""},{""name"":""rs-15-p4-2mlfb"",""cpu_m"":164,""mem_b"":870829394,""priority"":""4"",""node"":""kwok-node-2""},{""name"":""rs-15-p4-d8tvs"",""cpu_m"":164,""mem_b"":870829394,""priority"":""4"",""node"":""kwok-node-13""},{""name"":""rs-16-p1-lt4jt"",""cpu_m"":192,""mem_b"":466935732,""priority"":""1"",""node"":""kwok-node-16""},{""name"":""rs-16-p1-nqvvz"",""cpu_m"":192,""mem_b"":466935732,""priority"":""1"",""node"":""kwok-node-3""},{""name"":""rs-16-p1-v67q8"",""cpu_m"":192,""mem_b"":466935732,""priority"":""1"",""node"":""kwok-node-4""},{""name"":""rs-17-p4-cnbhx"",""cpu_m"":380,""mem_b"":615392567,""priority"":""4"",""node"":""kwok-node-14""},{""name"":""rs-17-p4-jrmpt"",""cpu_m"":380,""mem_b"":615392567,""priority"":""4"",""node"":""kwok-node-19""},{""name"":""rs-17-p4-ncd9w"",""cpu_m"":380,""mem_b"":615392567,""priority"":""4"",""node"":""kwok-node-18""},{""name"":""rs-18-p3-57m49"",""cpu_m"":885,""mem_b"":382898481,""priority"":""3"",""node"":""kwok-node-29""},{""name"":""rs-18-p3-xtbc6"",""cpu_m"":885,""mem_b"":382898481,""priority"":""3"",""node"":""kwok-node-30""},{""name"":""rs-19-p2-8qh6k"",""cpu_m"":528,""mem_b"":674163089,""priority"":""2"",""node"":""kwok-node-27""},{""name"":""rs-19-p2-tjzlk"",""cpu_m"":528,""mem_b"":674163089,""priority"":""2"",""node"":""kwok-node-25""},{""name"":""rs-19-p2-vvkl2"",""cpu_m"":528,""mem_b"":674163089,""priority"":""2"",""node"":""kwok-node-8""},{""name"":""rs-19-p2-xfp27"",""cpu_m"":528,""mem_b"":674163089,""priority"":""2"",""node"":""kwok-node-32""},{""name"":""rs-20-p3-4www8"",""cpu_m"":360,""mem_b"":701190561,""priority"":""3"",""node"":""kwok-node-1""},{""name"":""rs-20-p3-n279b"",""cpu_m"":360,""mem_b"":701190561,""priority"":""3"",""node"":""kwok-node-23""},{""name"":""rs-21-p2-9ctw2"",""cpu_m"":292,""mem_b"":742356882,""priority"":""2"",""node"":""kwok-node-15""},{""name"":""rs-21-p2-9dkws"",""cpu_m"":292,""mem_b"":742356882,""priority"":""2"",""node"":""kwok-node-20""},{""name"":""rs-21-p2-h46mc"",""cpu_m"":292,""mem_b"":742356882,""priority"":""2"",""node"":""kwok-node-12""},{""name"":""rs-21-p2-qwmzv"",""cpu_m"":292,""mem_b"":742356882,""priority"":""2"",""node"":""kwok-node-11""},{""name"":""rs-22-p2-spdhn"",""cpu_m"":578,""mem_b"":915563560,""priority"":""2"",""node"":""kwok-node-16""},{""name"":""rs-22-p2-wqlf6"",""cpu_m"":578,""mem_b"":915563560,""priority"":""2"",""node"":""kwok-node-3""},{""name"":""rs-23-p3-2hxdf"",""cpu_m"":131,""mem_b"":283049302,""priority"":""3"",""node"":""kwok-node-4""},{""name"":""rs-23-p3-bfr6g"",""cpu_m"":131,""mem_b"":283049302,""priority"":""3"",""node"":""kwok-node-31""},{""name"":""rs-24-p4-hpswj"",""cpu_m"":590,""mem_b"":856139491,""priority"":""4"",""node"":""kwok-node-26""},{""name"":""rs-24-p4-svc98"",""cpu_m"":590,""mem_b"":856139491,""priority"":""4"",""node"":""kwok-node-10""},{""name"":""rs-25-p2-4f5m5"",""cpu_m"":838,""mem_b"":762889086,""priority"":""2"",""node"":""kwok-node-21""},{""name"":""rs-25-p2-vmbng"",""cpu_m"":838,""mem_b"":762889086,""priority"":""2"",""node"":""kwok-node-22""},{""name"":""rs-25-p2-x6xzk"",""cpu_m"":838,""mem_b"":762889086,""priority"":""2"",""node"":""kwok-node-4""},{""name"":""rs-26-p4-4nqzg"",""cpu_m"":636,""mem_b"":738885161,""priority"":""4"",""node"":""kwok-node-23""},{""name"":""rs-26-p4-647bm"",""cpu_m"":636,""mem_b"":738885161,""priority"":""4"",""node"":""kwok-node-1""},{""name"":""rs-26-p4-sqbv8"",""cpu_m"":636,""mem_b"":738885161,""priority"":""4"",""node"":""kwok-node-28""},{""name"":""rs-26-p4-xz626"",""cpu_m"":636,""mem_b"":738885161,""priority"":""4"",""node"":""kwok-node-24""},{""name"":""rs-27-p2-ndbg2"",""cpu_m"":712,""mem_b"":995167687,""priority"":""2"",""node"":""kwok-node-9""},{""name"":""rs-27-p2-wf9dj"",""cpu_m"":712,""mem_b"":995167687,""priority"":""2"",""node"":""kwok-node-7""},{""name"":""rs-28-p2-7zbs8"",""cpu_m"":723,""mem_b"":601731133,""priority"":""2"",""node"":""kwok-node-19""},{""name"":""rs-28-p2-f9hwd"",""cpu_m"":723,""mem_b"":601731133,""priority"":""2"",""node"":""kwok-node-14""},{""name"":""rs-29-p2-5qs69"",""cpu_m"":817,""mem_b"":982100764,""priority"":""2"",""node"":""kwok-node-12""},{""name"":""rs-29-p2-g5wft"",""cpu_m"":817,""mem_b"":982100764,""priority"":""2"",""node"":""kwok-node-15""},{""name"":""rs-29-p2-qwzq2"",""cpu_m"":817,""mem_b"":982100764,""priority"":""2"",""node"":""kwok-node-18""},{""name"":""rs-30-p3-4gxjh"",""cpu_m"":756,""mem_b"":747254331,""priority"":""3"",""node"":""kwok-node-31""},{""name"":""rs-30-p3-rhzv7"",""cpu_m"":756,""mem_b"":747254331,""priority"":""3"",""node"":""kwok-node-13""},{""name"":""rs-30-p3-x62sc"",""cpu_m"":756,""mem_b"":747254331,""priority"":""3"",""node"":""kwok-node-2""},{""name"":""rs-31-p3-7cchj"",""cpu_m"":718,""mem_b"":604986076,""priority"":""3"",""node"":""kwok-node-8""},{""name"":""rs-31-p3-7d8jp"",""cpu_m"":718,""mem_b"":604986076,""priority"":""3"",""node"":""kwok-node-27""},{""name"":""rs-31-p3-hqdfn"",""cpu_m"":718,""mem_b"":604986076,""priority"":""3"",""node"":""kwok-node-32""},{""name"":""rs-31-p3-psng7"",""cpu_m"":718,""mem_b"":604986076,""priority"":""3"",""node"":""kwok-node-17""},{""name"":""rs-32-p4-89lns"",""cpu_m"":235,""mem_b"":471473046,""priority"":""4"",""node"":""kwok-node-6""},{""name"":""rs-32-p4-mlh56"",""cpu_m"":235,""mem_b"":471473046,""priority"":""4"",""node"":""kwok-node-5""},{""name"":""rs-33-p4-bdtcv"",""cpu_m"":700,""mem_b"":312698846,""priority"":""4"",""node"":""kwok-node-11""},{""name"":""rs-34-p2-6sqwz"",""cpu_m"":322,""mem_b"":874783204,""priority"":""2"",""node"":""kwok-node-30""},{""name"":""rs-34-p2-bchlc"",""cpu_m"":322,""mem_b"":874783204,""priority"":""2"",""node"":""kwok-node-29""},{""name"":""rs-35-p1-dlj45"",""cpu_m"":648,""mem_b"":665485003,""priority"":""1"",""node"":""kwok-node-6""},{""name"":""rs-35-p1-hw2db"",""cpu_m"":648,""mem_b"":665485003,""priority"":""1"",""node"":""kwok-node-25""},{""name"":""rs-35-p1-zlkqj"",""cpu_m"":648,""mem_b"":665485003,""priority"":""1"",""node"":""kwok-node-20""},{""name"":""rs-36-p4-b7z65"",""cpu_m"":807,""mem_b"":794915283,""priority"":""4"",""node"":""kwok-node-5""},{""name"":""rs-36-p4-tx6bt"",""cpu_m"":807,""mem_b"":794915283,""priority"":""4"",""node"":""""},{""name"":""rs-37-p4-bv7rw"",""cpu_m"":777,""mem_b"":629980941,""priority"":""4"",""node"":""kwok-node-16""},{""name"":""rs-37-p4-pvzw7"",""cpu_m"":777,""mem_b"":629980941,""priority"":""4"",""node"":""kwok-node-3""},{""name"":""rs-38-p3-dwg9w"",""cpu_m"":365,""mem_b"":685450878,""priority"":""3"",""node"":""kwok-node-28""},{""name"":""rs-39-p1-tc94x"",""cpu_m"":903,""mem_b"":339316107,""priority"":""1"",""node"":""""},{""name"":""rs-40-p3-xfx4v"",""cpu_m"":941,""mem_b"":500964416,""priority"":""3"",""node"":""""},{""name"":""rs-41-p1-5lp76"",""cpu_m"":668,""mem_b"":755499613,""priority"":""1"",""node"":""""},{""name"":""rs-42-p4-cq52k"",""cpu_m"":515,""mem_b"":431842255,""priority"":""4"",""node"":""kwok-node-14""},{""name"":""rs-42-p4-drl2j"",""cpu_m"":515,""mem_b"":431842255,""priority"":""4"",""node"":""kwok-node-26""},{""name"":""rs-42-p4-mklkr"",""cpu_m"":515,""mem_b"":431842255,""priority"":""4"",""node"":""kwok-node-19""},{""name"":""rs-42-p4-mz8ff"",""cpu_m"":515,""mem_b"":431842255,""priority"":""4"",""node"":""kwok-node-24""},{""name"":""rs-43-p4-68jmj"",""cpu_m"":492,""mem_b"":569887552,""priority"":""4"",""node"":""kwok-node-10""},{""name"":""rs-43-p4-g8wxn"",""cpu_m"":492,""mem_b"":569887552,""priority"":""4"",""node"":""kwok-node-30""},{""name"":""rs-43-p4-kvlrt"",""cpu_m"":492,""mem_b"":569887552,""priority"":""4"",""node"":""kwok-node-21""},{""name"":""rs-44-p1-fffvd"",""cpu_m"":808,""mem_b"":967417158,""priority"":""1"",""node"":""""},{""name"":""rs-44-p1-hqjx4"",""cpu_m"":808,""mem_b"":967417158,""priority"":""1"",""node"":""""},{""name"":""rs-44-p1-ksn77"",""cpu_m"":808,""mem_b"":967417158,""priority"":""1"",""node"":""""},{""name"":""rs-44-p1-rlfgt"",""cpu_m"":808,""mem_b"":967417158,""priority"":""1"",""node"":""""},{""name"":""rs-45-p2-b5fz5"",""cpu_m"":280,""mem_b"":311745593,""priority"":""2"",""node"":""kwok-node-1""},{""name"":""rs-45-p2-c8mls"",""cpu_m"":280,""mem_b"":311745593,""priority"":""2"",""node"":""kwok-node-22""},{""name"":""rs-45-p2-jlftq"",""cpu_m"":280,""mem_b"":311745593,""priority"":""2"",""node"":""kwok-node-23""},{""name"":""rs-45-p2-pxmwv"",""cpu_m"":280,""mem_b"":311745593,""priority"":""2"",""node"":""kwok-node-29""},{""name"":""rs-46-p3-dnpvd"",""cpu_m"":490,""mem_b"":763603529,""priority"":""3"",""node"":""""},{""name"":""rs-46-p3-g8jnq"",""cpu_m"":490,""mem_b"":763603529,""priority"":""3"",""node"":""""},{""name"":""rs-46-p3-qfbrx"",""cpu_m"":490,""mem_b"":763603529,""priority"":""3"",""node"":""""},{""name"":""rs-46-p3-x4kw9"",""cpu_m"":490,""mem_b"":763603529,""priority"":""3"",""node"":""""},{""name"":""rs-47-p4-hgq29"",""cpu_m"":183,""mem_b"":191243076,""priority"":""4"",""node"":""kwok-node-27""},{""name"":""rs-47-p4-hnbv9"",""cpu_m"":183,""mem_b"":191243076,""priority"":""4"",""node"":""kwok-node-4""},{""name"":""rs-47-p4-jzqmg"",""cpu_m"":183,""mem_b"":191243076,""priority"":""4"",""node"":""kwok-node-8""},{""name"":""rs-47-p4-p9jpg"",""cpu_m"":183,""mem_b"":191243076,""priority"":""4"",""node"":""kwok-node-32""},{""name"":""rs-48-p2-qhxvg"",""cpu_m"":541,""mem_b"":956590288,""priority"":""2"",""node"":""""},{""name"":""rs-48-p2-vvnm9"",""cpu_m"":541,""mem_b"":956590288,""priority"":""2"",""node"":""""},{""name"":""rs-49-p2-74wpl"",""cpu_m"":602,""mem_b"":867569909,""priority"":""2"",""node"":""""},{""name"":""rs-49-p2-x9cpx"",""cpu_m"":602,""mem_b"":867569909,""priority"":""2"",""node"":""""},{""name"":""rs-50-p3-gf9t5"",""cpu_m"":292,""mem_b"":351915712,""priority"":""3"",""node"":""kwok-node-2""},{""name"":""rs-50-p3-gmkw2"",""cpu_m"":292,""mem_b"":351915712,""priority"":""3"",""node"":""kwok-node-13""},{""name"":""rs-50-p3-kk7wj"",""cpu_m"":292,""mem_b"":351915712,""priority"":""3"",""node"":""kwok-node-9""},{""name"":""rs-50-p3-kr9jv"",""cpu_m"":292,""mem_b"":351915712,""priority"":""3"",""node"":""kwok-node-7""},{""name"":""rs-51-p1-42gtm"",""cpu_m"":567,""mem_b"":924238797,""priority"":""1"",""node"":""""},{""name"":""rs-51-p1-8br8f"",""cpu_m"":567,""mem_b"":924238797,""priority"":""1"",""node"":""""}]","[{""name"":""kwok-node-1"",""cap_cpu_m"":2033,""cap_mem_bytes"":2317913876},{""name"":""kwok-node-2"",""cap_cpu_m"":2033,""cap_mem_bytes"":2317913876},{""name"":""kwok-node-3"",""cap_cpu_m"":2033,""cap_mem_bytes"":2317913876},{""name"":""kwok-node-4"",""cap_cpu_m"":2033,""cap_mem_bytes"":2317913876},{""name"":""kwok-node-5"",""cap_cpu_m"":2033,""cap_mem_bytes"":2317913876},{""name"":""kwok-node-6"",""cap_cpu_m"":2033,""cap_mem_bytes"":2317913876},{""name"":""kwok-node-7"",""cap_cpu_m"":2033,""cap_mem_bytes"":2317913876},{""name"":""kwok-node-8"",""cap_cpu_m"":2033,""cap_mem_bytes"":2317913876},{""name"":""kwok-node-9"",""cap_cpu_m"":2033,""cap_mem_bytes"":2317913876},{""name"":""kwok-node-10"",""cap_cpu_m"":2033,""cap_mem_bytes"":2317913876},{""name"":""kwok-node-11"",""cap_cpu_m"":2033,""cap_mem_bytes"":2317913876},{""name"":""kwok-node-12"",""cap_cpu_m"":2033,""cap_mem_bytes"":2317913876},{""name"":""kwok-node-13"",""cap_cpu_m"":2033,""cap_mem_bytes"":2317913876},{""name"":""kwok-node-14"",""cap_cpu_m"":2033,""cap_mem_bytes"":2317913876},{""name"":""kwok-node-15"",""cap_cpu_m"":2033,""cap_mem_bytes"":2317913876},{""name"":""kwok-node-16"",""cap_cpu_m"":2033,""cap_mem_bytes"":2317913876},{""name"":""kwok-node-17"",""cap_cpu_m"":2033,""cap_mem_bytes"":2317913876},{""name"":""kwok-node-18"",""cap_cpu_m"":2033,""cap_mem_bytes"":2317913876},{""name"":""kwok-node-19"",""cap_cpu_m"":2033,""cap_mem_bytes"":2317913876},{""name"":""kwok-node-20"",""cap_cpu_m"":2033,""cap_mem_bytes"":2317913876},{""name"":""kwok-node-21"",""cap_cpu_m"":2033,""cap_mem_bytes"":2317913876},{""name"":""kwok-node-22"",""cap_cpu_m"":2033,""cap_mem_bytes"":2317913876},{""name"":""kwok-node-23"",""cap_cpu_m"":2033,""cap_mem_bytes"":2317913876},{""name"":""kwok-node-24"",""cap_cpu_m"":2033,""cap_mem_bytes"":2317913876},{""name"":""kwok-node-25"",""cap_cpu_m"":2033,""cap_mem_bytes"":2317913876},{""name"":""kwok-node-26"",""cap_cpu_m"":2033,""cap_mem_bytes"":2317913876},{""name"":""kwok-node-27"",""cap_cpu_m"":2033,""cap_mem_bytes"":2317913876},{""name"":""kwok-node-28"",""cap_cpu_m"":2033,""cap_mem_bytes"":2317913876},{""name"":""kwok-node-29"",""cap_cpu_m"":2033,""cap_mem_bytes"":2317913876},{""name"":""kwok-node-30"",""cap_cpu_m"":2033,""cap_mem_bytes"":2317913876},{""name"":""kwok-node-31"",""cap_cpu_m"":2033,""cap_mem_bytes"":2317913876},{""name"":""kwok-node-32"",""cap_cpu_m"":2033,""cap_mem_bytes"":2317913876}]"
2026/02/11/11:51:14,7376625660721489042,,"{""evicted"":0,""moved"":0,""placed_by_priority"":{""1"":27,""2"":38,""3"":18,""4"":29}}",python,"{""evicted"":2,""moved"":3,""placed_by_priority"":{""1"":27,""2"":40,""3"":18,""4"":29}}",406,OPTIMAL,"[{""duration_ms"":406,""name"":""python"",""score"":{""evicted"":2,""moved"":3,""placed_by_priority"":{""1"":27,""2"":40,""3"":18,""4"":29}},""status"":""OPTIMAL""}]",0.890,0.858,0.917,0.903,57755,55723,69458088193,68394046244,114,112,14,16,"{""kwok-node-1"":3,""kwok-node-10"":3,""kwok-node-11"":4,""kwok-node-12"":4,""kwok-node-13"":3,""kwok-node-14"":3,""kwok-node-15"":3,""kwok-node-16"":3,""kwok-node-17"":5,""kwok-node-18"":3,""kwok-node-19"":3,""kwok-node-2"":3,""kwok-node-20"":3,""kwok-node-21"":3,""kwok-node-22"":3,""kwok-node-23"":4,""kwok-node-24"":3,""kwok-node-25"":4,""kwok-node-26"":4,""kwok-node-27"":4,""kwok-node-28"":3,""kwok-node-29"":4,""kwok-node-3"":4,""kwok-node-30"":4,""kwok-node-31"":4,""kwok-node-32"":3,""kwok-node-4"":4,""kwok-node-5"":4,""kwok-node-6"":4,""kwok-node-7"":4,""kwok-node-8"":4,""kwok-node-9"":4}","{""kwok-node-1"":3,""kwok-node-10"":3,""kwok-node-11"":4,""kwok-node-12"":4,""kwok-node-13"":3,""kwok-node-14"":3,""kwok-node-15"":3,""kwok-node-16"":3,""kwok-node-17"":5,""kwok-node-18"":3,""kwok-node-19"":3,""kwok-node-2"":3,""kwok-node-20"":3,""kwok-node-21"":3,""kwok-node-22"":3,""kwok-node-23"":4,""kwok-node-24"":3,""kwok-node-25"":4,""kwok-node-26"":4,""kwok-node-27"":4,""kwok-node-28"":3,""kwok-node-29"":4,""kwok-node-3"":4,""kwok-node-30"":4,""kwok-node-31"":3,""kwok-node-32"":3,""kwok-node-4"":4,""kwok-node-5"":3,""kwok-node-6"":4,""kwok-node-7"":4,""kwok-node-8"":4,""kwok-node-9"":4}","{""p1"":27,""p2"":40,""p3"":18,""p4"":29}","{""p1"":27,""p2"":38,""p3"":18,""p4"":29}","{""p1"":14}","{""p1"":14,""p2"":2}","{rs-23-p1-j4lcv,rs-29-p1-nzkgk,rs-38-p1-9zm4v,rs-38-p1-vw7jc,rs-40-p1-2l68t,rs-40-p1-7vsnw,rs-41-p1-57sn6,rs-43-p1-6bcgl,rs-43-p1-gflr6,rs-43-p1-z5875,rs-46-p1-57rnb,rs-46-p1-cw5pb,rs-46-p1-qhsl4,rs-46-p1-xqdlc}","{rs-38-p1-9zm4v,rs-38-p1-k2pc9,rs-38-p1-vw7jc,rs-40-p1-2l68t,rs-40-p1-7vsnw,rs-41-p1-57sn6,rs-43-p1-5sqnm,rs-43-p1-6bcgl,rs-43-p1-gflr6,rs-43-p1-z5875,rs-46-p1-57rnb,rs-46-p1-cw5pb,rs-46-p1-qhsl4,rs-46-p1-xqdlc,rs-47-p2-8lljh,rs-47-p2-nqrd7}","{rs-01-p2-4vfsv,rs-01-p2-g6mqq,rs-01-p2-kdqv5,rs-01-p2-mt5jq,rs-02-p2-k7bh7,rs-03-p2-4nw2m,rs-03-p2-8fqqx,rs-03-p2-kr5rb,rs-04-p2-d2xmp,rs-05-p2-28r46,rs-05-p2-5wkjt,rs-05-p2-qnkq8,rs-06-p3-2gkh8,rs-07-p4-94m2p,rs-07-p4-csh4d,rs-07-p4-nhc8d,rs-07-p4-sbp6l,rs-08-p1-5bhs9,rs-08-p1-frkgz,rs-08-p1-jlktm,rs-09-p4-92ndr,rs-09-p4-xvjbh,rs-10-p4-6z2v9,rs-10-p4-97tqz,rs-10-p4-cphwc,rs-10-p4-ft9gd,rs-11-p3-cfqfc,rs-11-p3-j5fv6,rs-11-p3-x6nmk,rs-12-p3-87sjl,rs-13-p1-b2rjv,rs-13-p1-rcqc9,rs-14-p2-5kbpd,rs-14-p2-dn2dq,rs-15-p4-4nvrl,rs-15-p4-5lwqt,rs-15-p4-ds4bc,rs-16-p1-94j47,rs-17-p3-8g6wh,rs-17-p3-dsqq2,rs-17-p3-w6pv5,rs-18-p2-tgddg,rs-19-p4-b7nzt,rs-19-p4-bbtsr,rs-19-p4-kqkp5,rs-19-p4-m2bfq,rs-20-p1-dgf6b,rs-21-p1-9tzb5,rs-21-p1-bj2sz,rs-21-p1-j57df,rs-21-p1-ktrtp,rs-22-p2-22kll,rs-22-p2-jp7kn,rs-23-p1-gjp7r,rs-23-p1-p8wxw,rs-23-p1-x7x2s,rs-24-p1-2fnb5,rs-24-p1-gqhpv,rs-25-p2-ml4qf,rs-25-p2-qrgds,rs-25-p2-xlftt,rs-26-p4-2kq9m,rs-26-p4-2xfbs,rs-26-p4-vxm7c,rs-27-p2-gpk65,rs-27-p2-wpcpq,rs-27-p2-xcwlz,rs-28-p1-b4nnl,rs-28-p1-bjp69,rs-29-p1-dwstx,rs-29-p1-lb4jf,rs-30-p3-8xdw6,rs-30-p3-cch4m,rs-30-p3-mwdps,rs-30-p3-vnl7q,rs-31-p4-bclgr,rs-31-p4-bzcqw,rs-31-p4-c87rp,rs-31-p4-z9bks,rs-32-p2-4nqdz,rs-32-p2-k226m,rs-32-p2-n64x8,rs-32-p2-rrfxl,rs-33-p3-65wfv,rs-33-p3-gxqxv,rs-33-p3-hp29w,rs-34-p2-95mp6,rs-34-p2-9fq9s,rs-34-p2-f4hbg,rs-35-p1-6v78n,rs-35-p1-7jwpv,rs-35-p1-sw6bh,rs-35-p1-szwcc,rs-36-p2-6s2gd,rs-36-p2-bjwnc,rs-36-p2-jxl9p,rs-37-p3-fpgrm,rs-37-p3-h5rgm,rs-37-p3-jbjzj,rs-38-p1-k2pc9,rs-39-p2-6stgs,rs-39-p2-gwvsv,rs-39-p2-h4p2q,rs-40-p1-4t287,rs-42-p2-6khcz,rs-42-p2-nffhb,rs-43-p1-5sqnm,rs-44-p4-2tgth,rs-44-p4-dlbs6,rs-44-p4-kcl2r,rs-45-p4-25prj,rs-45-p4-7h564,rs-47-p2-8lljh,rs-47-p2-nqrd7}","{rs-01-p2-4vfsv,rs-01-p2-g6mqq,rs-01-p2-kdqv5,rs-01-p2-mt5jq,rs-02-p2-k7bh7,rs-03-p2-4nw2m,rs-03-p2-8fqqx,rs-03-p2-kr5rb,rs-04-p2-d2xmp,rs-05-p2-28r46,rs-05-p2-5wkjt,rs-05-p2-qnkq8,rs-06-p3-2gkh8,rs-07-p4-94m2p,rs-07-p4-csh4d,rs-07-p4-nhc8d,rs-07-p4-sbp6l,rs-08-p1-5bhs9,rs-08-p1-frkgz,rs-08-p1-jlktm,rs-09-p4-92ndr,rs-09-p4-xvjbh,rs-10-p4-6z2v9,rs-10-p4-97tqz,rs-10-p4-cphwc,rs-10-p4-ft9gd,rs-11-p3-cfqfc,rs-11-p3-j5fv6,rs-11-p3-x6nmk,rs-12-p3-87sjl,rs-13-p1-c9ntb,rs-13-p1-rcqc9,rs-14-p2-5kbpd,rs-14-p2-dn2dq,rs-15-p4-4nvrl,rs-15-p4-5lwqt,rs-15-p4-ds4bc,rs-16-p1-94j47,rs-17-p3-8g6wh,rs-17-p3-dsqq2,rs-17-p3-w6pv5,rs-18-p2-tgddg,rs-19-p4-b7nzt,rs-19-p4-bbtsr,rs-19-p4-kqkp5,rs-19-p4-m2bfq,rs-20-p1-njb5m,rs-21-p1-9tzb5,rs-21-p1-bj2sz,rs-21-p1-j57df,rs-21-p1-ktrtp,rs-22-p2-22kll,rs-22-p2-jp7kn,rs-23-p1-4xcf9,rs-23-p1-gjp7r,rs-23-p1-p8wxw,rs-23-p1-x7x2s,rs-24-p1-2fnb5,rs-24-p1-gqhpv,rs-25-p2-ml4qf,rs-25-p2-qrgds,rs-25-p2-xlftt,rs-26-p4-2kq9m,rs-26-p4-2xfbs,rs-26-p4-vxm7c,rs-27-p2-gpk65,rs-27-p2-wpcpq,rs-27-p2-xcwlz,rs-28-p1-b4nnl,rs-28-p1-bjp69,rs-29-p1-dwstx,rs-29-p1-lb4jf,rs-29-p1-qlh9s,rs-30-p3-8xdw6,rs-30-p3-cch4m,rs-30-p3-mwdps,rs-30-p3-vnl7q,rs-31-p4-bclgr,rs-31-p4-bzcqw,rs-31-p4-c87rp,rs-31-p4-z9bks,rs-32-p2-4nqdz,rs-32-p2-k226m,rs-32-p2-n64x8,rs-32-p2-rrfxl,rs-33-p3-65wfv,rs-33-p3-gxqxv,rs-33-p3-hp29w,rs-34-p2-95mp6,rs-34-p2-9fq9s,rs-34-p2-f4hbg,rs-35-p1-6v78n,rs-35-p1-7jwpv,rs-35-p1-k7lr8,rs-35-p1-szwcc,rs-36-p2-6s2gd,rs-36-p2-bjwnc,rs-36-p2-jxl9p,rs-37-p3-fpgrm,rs-37-p3-h5rgm,rs-37-p3-jbjzj,rs-39-p2-6stgs,rs-39-p2-gwvsv,rs-39-p2-h4p2q,rs-40-p1-4t287,rs-42-p2-6khcz,rs-42-p2-nffhb,rs-44-p4-2tgth,rs-44-p4-dlbs6,rs-44-p4-kcl2r,rs-45-p4-25prj,rs-45-p4-7h564}","[{""name"":""rs-01-p2-4vfsv"",""cpu_m"":703,""mem_b"":651071398,""priority"":""2"",""node"":""kwok-node-12""},{""name"":""rs-01-p2-g6mqq"",""cpu_m"":703,""mem_b"":651071398,""priority"":""2"",""node"":""kwok-node-11""},{""name"":""rs-01-p2-kdqv5"",""cpu_m"":703,""mem_b"":651071398,""priority"":""2"",""node"":""kwok-node-10""},{""name"":""rs-01-p2-mt5jq"",""cpu_m"":703,""mem_b"":651071398,""priority"":""2"",""node"":""kwok-node-18""},{""name"":""rs-02-p2-k7bh7"",""cpu_m"":903,""mem_b"":555440743,""priority"":""2"",""node"":""kwok-node-14""},{""name"":""rs-03-p2-4nw2m"",""cpu_m"":690,""mem_b"":935462536,""priority"":""2"",""node"":""kwok-node-20""},{""name"":""rs-03-p2-8fqqx"",""cpu_m"":690,""mem_b"":935462536,""priority"":""2"",""node"":""kwok-node-19""},{""name"":""rs-03-p2-kr5rb"",""cpu_m"":690,""mem_b"":935462536,""priority"":""2"",""node"":""kwok-node-13""},{""name"":""rs-04-p2-d2xmp"",""cpu_m"":413,""mem_b"":929099462,""priority"":""2"",""node"":""kwok-node-16""},{""name"":""rs-05-p2-28r46"",""cpu_m"":705,""mem_b"":589471776,""priority"":""2"",""node"":""kwok-node-1""},{""name"":""rs-05-p2-5wkjt"",""cpu_m"":705,""mem_b"":589471776,""priority"":""2"",""node"":""kwok-node-15""},{""name"":""rs-05-p2-qnkq8"",""cpu_m"":705,""mem_b"":589471776,""priority"":""2"",""node"":""kwok-node-2""},{""name"":""rs-06-p3-2gkh8"",""cpu_m"":129,""mem_b"":245188784,""priority"":""3"",""node"":""kwok-node-17""},{""name"":""rs-07-p4-94m2p"",""cpu_m"":355,""mem_b"":537020845,""priority"":""4"",""node"":""kwok-node-24""},{""name"":""rs-07-p4-csh4d"",""cpu_m"":355,""mem_b"":537020845,""priority"":""4"",""node"":""kwok-node-23""},{""name"":""rs-07-p4-nhc8d"",""cpu_m"":355,""mem_b"":537020845,""priority"":""4"",""node"":""kwok-node-27""},{""name"":""rs-07-p4-sbp6l"",""cpu_m"":355,""mem_b"":537020845,""priority"":""4"",""node"":""kwok-node-26""},{""name"":""rs-08-p1-5bhs9"",""cpu_m"":511,""mem_b"":950984935,""priority"":""1"",""node"":""kwok-node-21""},{""name"":""rs-08-p1-frkgz"",""cpu_m"":511,""mem_b"":950984935,""priority"":""1"",""node"":""kwok-node-28""},{""name"":""rs-08-p1-jlktm"",""cpu_m"":511,""mem_b"":950984935,""priority"":""1"",""node"":""kwok-node-22""},{""name"":""rs-09-p4-92ndr"",""cpu_m"":369,""mem_b"":272190796,""priority"":""4"",""node"":""kwok-node-29""},{""name"":""rs-09-p4-xvjbh"",""cpu_m"":369,""mem_b"":272190796,""priority"":""4"",""node"":""kwok-node-25""},{""name"":""rs-10-p4-6z2v9"",""cpu_m"":170,""mem_b"":429416866,""priority"":""4"",""node"":""kwok-node-17""},{""name"":""rs-10-p4-97tqz"",""cpu_m"":170,""mem_b"":429416866,""priority"":""4"",""node"":""kwok-node-3""},{""name"":""rs-10-p4-cphwc"",""cpu_m"":170,""mem_b"":429416866,""priority"":""4"",""node"":""kwok-node-31""},{""name"":""rs-10-p4-ft9gd"",""cpu_m"":170,""mem_b"":429416866,""priority"":""4"",""node"":""kwok-node-30""},{""name"":""rs-11-p3-cfqfc"",""cpu_m"":745,""mem_b"":496224590,""priority"":""3"",""node"":""kwok-node-32""},{""name"":""rs-11-p3-j5fv6"",""cpu_m"":745,""mem_b"":496224590,""priority"":""3"",""node"":""kwok-node-4""},{""name"":""rs-11-p3-x6nmk"",""cpu_m"":745,""mem_b"":496224590,""priority"":""3"",""node"":""kwok-node-5""},{""name"":""rs-12-p3-87sjl"",""cpu_m"":687,""mem_b"":507596177,""priority"":""3"",""node"":""kwok-node-6""},{""name"":""rs-13-p1-b2rjv"",""cpu_m"":389,""mem_b"":426577611,""priority"":""1"",""node"":""kwok-node-5""},{""name"":""rs-13-p1-rcqc9"",""cpu_m"":389,""mem_b"":426577611,""priority"":""1"",""node"":""kwok-node-7""},{""name"":""rs-14-p2-5kbpd"",""cpu_m"":955,""mem_b"":175226981,""priority"":""2"",""node"":""kwok-node-9""},{""name"":""rs-14-p2-dn2dq"",""cpu_m"":955,""mem_b"":175226981,""priority"":""2"",""node"":""kwok-node-8""},{""name"":""rs-15-p4-4nvrl"",""cpu_m"":839,""mem_b"":493792866,""priority"":""4"",""node"":""kwok-node-3""},{""name"":""rs-15-p4-5lwqt"",""cpu_m"":839,""mem_b"":493792866,""priority"":""4"",""node"":""kwok-node-30""},{""name"":""rs-15-p4-ds4bc"",""cpu_m"":839,""mem_b"":493792866,""priority"":""4"",""node"":""kwok-node-31""},{""name"":""rs-16-p1-94j47"",""cpu_m"":351,""mem_b"":127897442,""priority"":""1"",""node"":""kwok-node-17""},{""name"":""rs-17-p3-8g6wh"",""cpu_m"":501,""mem_b"":414566036,""priority"":""3"",""node"":""kwok-node-27""},{""name"":""rs-17-p3-dsqq2"",""cpu_m"":501,""mem_b"":414566036,""priority"":""3"",""node"":""kwok-node-26""},{""name"":""rs-17-p3-w6pv5"",""cpu_m"":501,""mem_b"":414566036,""priority"":""3"",""node"":""kwok-node-29""},{""name"":""rs-18-p2-tgddg"",""cpu_m"":498,""mem_b"":903648563,""priority"":""2"",""node"":""kwok-node-7""},{""name"":""rs-19-p4-b7nzt"",""cpu_m"":148,""mem_b"":803549634,""priority"":""4"",""node"":""kwok-node-32""},{""name"":""rs-19-p4-bbtsr"",""cpu_m"":148,""mem_b"":803549634,""priority"":""4"",""node"":""kwok-node-8""},{""name"":""rs-19-p4-kqkp5"",""cpu_m"":148,""mem_b"":803549634,""priority"":""4"",""node"":""kwok-node-5""},{""name"":""rs-19-p4-m2bfq"",""cpu_m"":148,""mem_b"":803549634,""priority"":""4"",""node"":""kwok-node-9""},{""name"":""rs-20-p1-dgf6b"",""cpu_m"":171,""mem_b"":568270426,""priority"":""1"",""node"":""kwok-node-31""},{""name"":""rs-21-p1-9tzb5"",""cpu_m"":129,""mem_b"":914822295,""priority"":""1"",""node"":""kwok-node-23""},{""name"":""rs-21-p1-bj2sz"",""cpu_m"":129,""mem_b"":914822295,""priority"":""1"",""node"":""kwok-node-14""},{""name"":""rs-21-p1-j57df"",""cpu_m"":129,""mem_b"":914822295,""priority"":""1"",""node"":""kwok-node-24""},{""name"":""rs-21-p1-ktrtp"",""cpu_m"":129,""mem_b"":914822295,""priority"":""1"",""node"":""kwok-node-4""},{""name"":""rs-22-p2-22kll"",""cpu_m"":675,""mem_b"":652541601,""priority"":""2"",""node"":""kwok-node-17""},{""name"":""rs-22-p2-jp7kn"",""cpu_m"":675,""mem_b"":652541601,""priority"":""2"",""node"":""kwok-node-16""},{""name"":""rs-23-p1-gjp7r"",""cpu_m"":519,""mem_b"":953751969,""priority"":""1"",""node"":""kwok-node-2""},{""name"":""rs-23-p1-j4lcv"",""cpu_m"":519,""mem_b"":953751969,""priority"":""1"",""node"":""""},{""name"":""rs-23-p1-p8wxw"",""cpu_m"":519,""mem_b"":953751969,""priority"":""1"",""node"":""kwok-node-10""},{""name"":""rs-23-p1-x7x2s"",""cpu_m"":519,""mem_b"":953751969,""priority"":""1"",""node"":""kwok-node-1""},{""name"":""rs-24-p1-2fnb5"",""cpu_m"":272,""mem_b"":820775544,""priority"":""1"",""node"":""kwok-node-12""},{""name"":""rs-24-p1-gqhpv"",""cpu_m"":272,""mem_b"":820775544,""priority"":""1"",""node"":""kwok-node-11""},{""name"":""rs-25-p2-ml4qf"",""cpu_m"":1000,""mem_b"":215882508,""priority"":""2"",""node"":""kwok-node-23""},{""name"":""rs-25-p2-qrgds"",""cpu_m"":1000,""mem_b"":215882508,""priority"":""2"",""node"":""kwok-node-28""},{""name"":""rs-25-p2-xlftt"",""cpu_m"":1000,""mem_b"":215882508,""priority"":""2"",""node"":""kwok-node-24""},{""name"":""rs-26-p4-2kq9m"",""cpu_m"":231,""mem_b"":650061946,""priority"":""4"",""node"":""kwok-node-18""},{""name"":""rs-26-p4-2xfbs"",""cpu_m"":231,""mem_b"":650061946,""priority"":""4"",""node"":""kwok-node-29""},{""name"":""rs-26-p4-vxm7c"",""cpu_m"":231,""mem_b"":650061946,""priority"":""4"",""node"":""kwok-node-25""},{""name"":""rs-27-p2-gpk65"",""cpu_m"":960,""mem_b"":434494805,""priority"":""2"",""node"":""kwok-node-21""},{""name"":""rs-27-p2-wpcpq"",""cpu_m"":960,""mem_b"":434494805,""priority"":""2"",""node"":""kwok-node-22""},{""name"":""rs-27-p2-xcwlz"",""cpu_m"":960,""mem_b"":434494805,""priority"":""2"",""node"":""kwok-node-20""},{""name"":""rs-28-p1-b4nnl"",""cpu_m"":265,""mem_b"":655736199,""priority"":""1"",""node"":""kwok-node-30""},{""name"":""rs-28-p1-bjp69"",""cpu_m"":265,""mem_b"":655736199,""priority"":""1"",""node"":""kwok-node-3""},{""name"":""rs-29-p1-dwstx"",""cpu_m"":488,""mem_b"":917115985,""priority"":""1"",""node"":""kwok-node-26""},{""name"":""rs-29-p1-lb4jf"",""cpu_m"":488,""mem_b"":917115985,""priority"":""1"",""node"":""kwok-node-19""},{""name"":""rs-29-p1-nzkgk"",""cpu_m"":488,""mem_b"":917115985,""priority"":""1"",""node"":""""},{""name"":""rs-30-p3-8xdw6"",""cpu_m"":314,""mem_b"":874146516,""priority"":""3"",""node"":""kwok-node-9""},{""name"":""rs-30-p3-cch4m"",""cpu_m"":314,""mem_b"":874146516,""priority"":""3"",""node"":""kwok-node-13""},{""name"":""rs-30-p3-mwdps"",""cpu_m"":314,""mem_b"":874146516,""priority"":""3"",""node"":""kwok-node-8""},{""name"":""rs-30-p3-vnl7q"",""cpu_m"":314,""mem_b"":874146516,""priority"":""3"",""node"":""kwok-node-27""},{""name"":""rs-31-p4-bclgr"",""cpu_m"":621,""mem_b"":599048185,""priority"":""4"",""node"":""kwok-node-18""},{""name"":""rs-31-p4-bzcqw"",""cpu_m"":621,""mem_b"":599048185,""priority"":""4"",""node"":""kwok-node-6""},{""name"":""rs-31-p4-c87rp"",""cpu_m"":621,""mem_b"":599048185,""priority"":""4"",""node"":""kwok-node-32""},{""name"":""rs-31-p4-z9bks"",""cpu_m"":621,""mem_b"":599048185,""priority"":""4"",""node"":""kwok-node-5""},{""name"":""rs-32-p2-4nqdz"",""cpu_m"":499,""mem_b"":123798350,""priority"":""2"",""node"":""kwok-node-7""},{""name"":""rs-32-p2-k226m"",""cpu_m"":499,""mem_b"":123798350,""priority"":""2"",""node"":""kwok-node-12""},{""name"":""rs-32-p2-n64x8"",""cpu_m"":499,""mem_b"":123798350,""priority"":""2"",""node"":""kwok-node-11""},{""name"":""rs-32-p2-rrfxl"",""cpu_m"":499,""mem_b"":123798350,""priority"":""2"",""node"":""kwok-node-4""},{""name"":""rs-33-p3-65wfv"",""cpu_m"":421,""mem_b"":918769523,""priority"":""3"",""node"":""kwok-node-29""},{""name"":""rs-33-p3-gxqxv"",""cpu_m"":421,""mem_b"":918769523,""priority"":""3"",""node"":""kwok-node-25""},{""name"":""rs-33-p3-hp29w"",""cpu_m"":421,""mem_b"":918769523,""priority"":""3"",""node"":""kwok-node-28""},{""name"":""rs-34-p2-95mp6"",""cpu_m"":645,""mem_b"":778779132,""priority"":""2"",""node"":""kwok-node-17""},{""name"":""rs-34-p2-9fq9s"",""cpu_m"":645,""mem_b"":778779132,""priority"":""2"",""node"":""kwok-node-14""},{""name"":""rs-34-p2-f4hbg"",""cpu_m"":645,""mem_b"":778779132,""priority"":""2"",""node"":""kwok-node-2""},{""name"":""rs-35-p1-6v78n"",""cpu_m"":212,""mem_b"":851879673,""priority"":""1"",""node"":""kwok-node-7""},{""name"":""rs-35-p1-7jwpv"",""cpu_m"":212,""mem_b"":851879673,""priority"":""1"",""node"":""kwok-node-21""},{""name"":""rs-35-p1-sw6bh"",""cpu_m"":212,""mem_b"":851879673,""priority"":""1"",""node"":""kwok-node-6""},{""name"":""rs-35-p1-szwcc"",""cpu_m"":212,""mem_b"":851879673,""priority"":""1"",""node"":""kwok-node-22""},{""name"":""rs-36-p2-6s2gd"",""cpu_m"":332,""mem_b"":563548353,""priority"":""2"",""node"":""kwok-node-4""},{""name"":""rs-36-p2-bjwnc"",""cpu_m"":332,""mem_b"":563548353,""priority"":""2"",""node"":""kwok-node-15""},{""name"":""rs-36-p2-jxl9p"",""cpu_m"":332,""mem_b"":563548353,""priority"":""2"",""node"":""kwok-node-1""},{""name"":""rs-37-p3-fpgrm"",""cpu_m"":591,""mem_b"":605051587,""priority"":""3"",""node"":""kwok-node-16""},{""name"":""rs-37-p3-h5rgm"",""cpu_m"":591,""mem_b"":605051587,""priority"":""3"",""node"":""kwok-node-3""},{""name"":""rs-37-p3-jbjzj"",""cpu_m"":591,""mem_b"":605051587,""priority"":""3"",""node"":""kwok-node-30""},{""name"":""rs-38-p1-9zm4v"",""cpu_m"":342,""mem_b"":950650877,""priority"":""1"",""node"":""""},{""name"":""rs-38-p1-k2pc9"",""cpu_m"":342,""mem_b"":950650877,""priority"":""1"",""node"":""kwok-node-20""},{""name"":""rs-38-p1-vw7jc"",""cpu_m"":342,""mem_b"":950650877,""priority"":""1"",""node"":""""},{""name"":""rs-39-p2-6stgs"",""cpu_m"":533,""mem_b"":753460397,""priority"":""2"",""node"":""kwok-node-11""},{""name"":""rs-39-p2-gwvsv"",""cpu_m"":533,""mem_b"":753460397,""priority"":""2"",""node"":""kwok-node-12""},{""name"":""rs-39-p2-h4p2q"",""cpu_m"":533,""mem_b"":753460397,""priority"":""2"",""node"":""kwok-node-10""},{""name"":""rs-40-p1-2l68t"",""cpu_m"":885,""mem_b"":532355773,""priority"":""1"",""node"":""""},{""name"":""rs-40-p1-4t287"",""cpu_m"":885,""mem_b"":532355773,""priority"":""1"",""node"":""kwok-node-13""},{""name"":""rs-40-p1-7vsnw"",""cpu_m"":885,""mem_b"":532355773,""priority"":""1"",""node"":""""},{""name"":""rs-41-p1-57sn6"",""cpu_m"":985,""mem_b"":636639078,""priority"":""1"",""node"":""""},{""name"":""rs-42-p2-6khcz"",""cpu_m"":452,""mem_b"":209280034,""priority"":""2"",""node"":""kwok-node-19""},{""name"":""rs-42-p2-nffhb"",""cpu_m"":452,""mem_b"":209280034,""priority"":""2"",""node"":""kwok-node-27""},{""name"":""rs-43-p1-5sqnm"",""cpu_m"":999,""mem_b"":504875810,""priority"":""1"",""node"":""kwok-node-25""},{""name"":""rs-43-p1-6bcgl"",""cpu_m"":999,""mem_b"":504875810,""priority"":""1"",""node"":""""},{""name"":""rs-43-p1-gflr6"",""cpu_m"":999,""mem_b"":504875810,""priority"":""1"",""node"":""""},{""name"":""rs-43-p1-z5875"",""cpu_m"":999,""mem_b"":504875810,""priority"":""1"",""node"":""""},{""name"":""rs-44-p4-2tgth"",""cpu_m"":608,""mem_b"":423915409,""priority"":""4"",""node"":""kwok-node-9""},{""name"":""rs-44-p4-dlbs6"",""cpu_m"":608,""mem_b"":423915409,""priority"":""4"",""node"":""kwok-node-26""},{""name"":""rs-44-p4-kcl2r"",""cpu_m"":608,""mem_b"":423915409,""priority"":""4"",""node"":""kwok-node-8""},{""name"":""rs-45-p4-25prj"",""cpu_m"":426,""mem_b"":110560633,""priority"":""4"",""node"":""kwok-node-23""},{""name"":""rs-45-p4-7h564"",""cpu_m"":426,""mem_b"":110560633,""priority"":""4"",""node"":""kwok-node-6""},{""name"":""rs-46-p1-57rnb"",""cpu_m"":742,""mem_b"":780368142,""priority"":""1"",""node"":""""},{""name"":""rs-46-p1-cw5pb"",""cpu_m"":742,""mem_b"":780368142,""priority"":""1"",""node"":""""},{""name"":""rs-46-p1-qhsl4"",""cpu_m"":742,""mem_b"":780368142,""priority"":""1"",""node"":""""},{""name"":""rs-46-p1-xqdlc"",""cpu_m"":742,""mem_b"":780368142,""priority"":""1"",""node"":""""},{""name"":""rs-47-p2-8lljh"",""cpu_m"":849,""mem_b"":739691608,""priority"":""2"",""node"":""kwok-node-15""},{""name"":""rs-47-p2-nqrd7"",""cpu_m"":849,""mem_b"":739691608,""priority"":""2"",""node"":""kwok-node-31""}]","[{""name"":""rs-01-p2-4vfsv"",""cpu_m"":703,""mem_b"":651071398,""priority"":""2"",""node"":""kwok-node-12""},{""name"":""rs-01-p2-g6mqq"",""cpu_m"":703,""mem_b"":651071398,""priority"":""2"",""node"":""kwok-node-11""},{""name"":""rs-01-p2-kdqv5"",""cpu_m"":703,""mem_b"":651071398,""priority"":""2"",""node"":""kwok-node-10""},{""name"":""rs-01-p2-mt5jq"",""cpu_m"":703,""mem_b"":651071398,""priority"":""2"",""node"":""kwok-node-18""},{""name"":""rs-02-p2-k7bh7"",""cpu_m"":903,""mem_b"":555440743,""priority"":""2"",""node"":""kwok-node-14""},{""name"":""rs-03-p2-4nw2m"",""cpu_m"":690,""mem_b"":935462536,""priority"":""2"",""node"":""kwok-node-20""},{""name"":""rs-03-p2-8fqqx"",""cpu_m"":690,""mem_b"":935462536,""priority"":""2"",""node"":""kwok-node-19""},{""name"":""rs-03-p2-kr5rb"",""cpu_m"":690,""mem_b"":935462536,""priority"":""2"",""node"":""kwok-node-13""},{""name"":""rs-04-p2-d2xmp"",""cpu_m"":413,""mem_b"":929099462,""priority"":""2"",""node"":""kwok-node-16""},{""name"":""rs-05-p2-28r46"",""cpu_m"":705,""mem_b"":589471776,""priority"":""2"",""node"":""kwok-node-1""},{""name"":""rs-05-p2-5wkjt"",""cpu_m"":705,""mem_b"":589471776,""priority"":""2"",""node"":""kwok-node-15""},{""name"":""rs-05-p2-qnkq8"",""cpu_m"":705,""mem_b"":589471776,""priority"":""2"",""node"":""kwok-node-2""},{""name"":""rs-06-p3-2gkh8"",""cpu_m"":129,""mem_b"":245188784,""priority"":""3"",""node"":""kwok-node-17""},{""name"":""rs-07-p4-94m2p"",""cpu_m"":355,""mem_b"":537020845,""priority"":""4"",""node"":""kwok-node-24""},{""name"":""rs-07-p4-csh4d"",""cpu_m"":355,""mem_b"":537020845,""priority"":""4"",""node"":""kwok-node-23""},{""name"":""rs-07-p4-nhc8d"",""cpu_m"":355,""mem_b"":537020845,""priority"":""4"",""node"":""kwok-node-27""},{""name"":""rs-07-p4-sbp6l"",""cpu_m"":355,""mem_b"":537020845,""priority"":""4"",""node"":""kwok-node-26""},{""name"":""rs-08-p1-5bhs9"",""cpu_m"":511,""mem_b"":950984935,""priority"":""1"",""node"":""kwok-node-21""},{""name"":""rs-08-p1-frkgz"",""cpu_m"":511,""mem_b"":950984935,""priority"":""1"",""node"":""kwok-node-28""},{""name"":""rs-08-p1-jlktm"",""cpu_m"":511,""mem_b"":950984935,""priority"":""1"",""node"":""kwok-node-22""},{""name"":""rs-09-p4-92ndr"",""cpu_m"":369,""mem_b"":272190796,""priority"":""4"",""node"":""kwok-node-29""},{""name"":""rs-09-p4-xvjbh"",""cpu_m"":369,""mem_b"":272190796,""priority"":""4"",""node"":""kwok-node-25""},{""name"":""rs-10-p4-6z2v9"",""cpu_m"":170,""mem_b"":429416866,""priority"":""4"",""node"":""kwok-node-17""},{""name"":""rs-10-p4-97tqz"",""cpu_m"":170,""mem_b"":429416866,""priority"":""4"",""node"":""kwok-node-3""},{""name"":""rs-10-p4-cphwc"",""cpu_m"":170,""mem_b"":429416866,""priority"":""4"",""node"":""kwok-node-31""},{""name"":""rs-10-p4-ft9gd"",""cpu_m"":170,""mem_b"":429416866,""priority"":""4"",""node"":""kwok-node-30""},{""name"":""rs-11-p3-cfqfc"",""cpu_m"":745,""mem_b"":496224590,""priority"":""3"",""node"":""kwok-node-32""},{""name"":""rs-11-p3-j5fv6"",""cpu_m"":745,""mem_b"":496224590,""priority"":""3"",""node"":""kwok-node-4""},{""name"":""rs-11-p3-x6nmk"",""cpu_m"":745,""mem_b"":496224590,""priority"":""3"",""node"":""kwok-node-5""},{""name"":""rs-12-p3-87sjl"",""cpu_m"":687,""mem_b"":507596177,""priority"":""3"",""node"":""kwok-node-6""},{""name"":""rs-13-p1-c9ntb"",""cpu_m"":389,""mem_b"":426577611,""priority"":""1"",""node"":""kwok-node-25""},{""name"":""rs-13-p1-rcqc9"",""cpu_m"":389,""mem_b"":426577611,""priority"":""1"",""node"":""kwok-node-7""},{""name"":""rs-14-p2-5kbpd"",""cpu_m"":955,""mem_b"":175226981,""priority"":""2"",""node"":""kwok-node-9""},{""name"":""rs-14-p2-dn2dq"",""cpu_m"":955,""mem_b"":175226981,""priority"":""2"",""node"":""kwok-node-8""},{""name"":""rs-15-p4-4nvrl"",""cpu_m"":839,""mem_b"":493792866,""priority"":""4"",""node"":""kwok-node-3""},{""name"":""rs-15-p4-5lwqt"",""cpu_m"":839,""mem_b"":493792866,""priority"":""4"",""node"":""kwok-node-30""},{""name"":""rs-15-p4-ds4bc"",""cpu_m"":839,""mem_b"":493792866,""priority"":""4"",""node"":""kwok-node-31""},{""name"":""rs-16-p1-94j47"",""cpu_m"":351,""mem_b"":127897442,""priority"":""1"",""node"":""kwok-node-17""},{""name"":""rs-17-p3-8g6wh"",""cpu_m"":501,""mem_b"":414566036,""priority"":""3"",""node"":""kwok-node-27""},{""name"":""rs-17-p3-dsqq2"",""cpu_m"":501,""mem_b"":414566036,""priority"":""3"",""node"":""kwok-node-26""},{""name"":""rs-17-p3-w6pv5"",""cpu_m"":501,""mem_b"":414566036,""priority"":""3"",""node"":""kwok-node-29""},{""name"":""rs-18-p2-tgddg"",""cpu_m"":498,""mem_b"":903648563,""priority"":""2"",""node"":""kwok-node-7""},{""name"":""rs-19-p4-b7nzt"",""cpu_m"":148,""mem_b"":803549634,""priority"":""4"",""node"":""kwok-node-32""},{""name"":""rs-19-p4-bbtsr"",""cpu_m"":148,""mem_b"":803549634,""priority"":""4"",""node"":""kwok-node-8""},{""name"":""rs-19-p4-kqkp5"",""cpu_m"":148,""mem_b"":803549634,""priority"":""4"",""node"":""kwok-node-5""},{""name"":""rs-19-p4-m2bfq"",""cpu_m"":148,""mem_b"":803549634,""priority"":""4"",""node"":""kwok-node-9""},{""name"":""rs-20-p1-njb5m"",""cpu_m"":171,""mem_b"":568270426,""priority"":""1"",""node"":""kwok-node-6""},{""name"":""rs-21-p1-9tzb5"",""cpu_m"":129,""mem_b"":914822295,""priority"":""1"",""node"":""kwok-node-23""},{""name"":""rs-21-p1-bj2sz"",""cpu_m"":129,""mem_b"":914822295,""priority"":""1"",""node"":""kwok-node-14""},{""name"":""rs-21-p1-j57df"",""cpu_m"":129,""mem_b"":914822295,""priority"":""1"",""node"":""kwok-node-24""},{""name"":""rs-21-p1-ktrtp"",""cpu_m"":129,""mem_b"":914822295,""priority"":""1"",""node"":""kwok-node-4""},{""name"":""rs-22-p2-22kll"",""cpu_m"":675,""mem_b"":652541601,""priority"":""2"",""node"":""kwok-node-17""},{""name"":""rs-22-p2-jp7kn"",""cpu_m"":675,""mem_b"":652541601,""priority"":""2"",""node"":""kwok-node-16""},{""name"":""rs-23-p1-4xcf9"",""cpu_m"":519,""mem_b"":953751969,""priority"":""1"",""node"":""kwok-node-15""},{""name"":""rs-23-p1-gjp7r"",""cpu_m"":519,""mem_b"":953751969,""priority"":""1"",""node"":""kwok-node-2""},{""name"":""rs-23-p1-p8wxw"",""cpu_m"":519,""mem_b"":953751969,""priority"":""1"",""node"":""kwok-node-10""},{""name"":""rs-23-p1-x7x2s"",""cpu_m"":519,""mem_b"":953751969,""priority"":""1"",""node"":""kwok-node-1""},{""name"":""rs-24-p1-2fnb5"",""cpu_m"":272,""mem_b"":820775544,""priority"":""1"",""node"":""kwok-node-12""},{""name"":""rs-24-p1-gqhpv"",""cpu_m"":272,""mem_b"":820775544,""priority"":""1"",""node"":""kwok-node-11""},{""name"":""rs-25-p2-ml4qf"",""cpu_m"":1000,""mem_b"":215882508,""priority"":""2"",""node"":""kwok-node-23""},{""name"":""rs-25-p2-qrgds"",""cpu_m"":1000,""mem_b"":215882508,""priority"":""2"",""node"":""kwok-node-28""},{""name"":""rs-25-p2-xlftt"",""cpu_m"":1000,""mem_b"":215882508,""priority"":""2"",""node"":""kwok-node-24""},{""name"":""rs-26-p4-2kq9m"",""cpu_m"":231,""mem_b"":650061946,""priority"":""4"",""node"":""kwok-node-18""},{""name"":""rs-26-p4-2xfbs"",""cpu_m"":231,""mem_b"":650061946,""priority"":""4"",""node"":""kwok-node-29""},{""name"":""rs-26-p4-vxm7c"",""cpu_m"":231,""mem_b"":650061946,""priority"":""4"",""node"":""kwok-node-25""},{""name"":""rs-27-p2-gpk65"",""cpu_m"":960,""mem_b"":434494805,""priority"":""2"",""node"":""kwok-node-21""},{""name"":""rs-27-p2-wpcpq"",""cpu_m"":960,""mem_b"":434494805,""priority"":""2"",""node"":""kwok-node-22""},{""name"":""rs-27-p2-xcwlz"",""cpu_m"":960,""mem_b"":434494805,""priority"":""2"",""node"":""kwok-node-20""},{""name"":""rs-28-p1-b4nnl"",""cpu_m"":265,""mem_b"":655736199,""priority"":""1"",""node"":""kwok-node-30""},{""name"":""rs-28-p1-bjp69"",""cpu_m"":265,""mem_b"":655736199,""priority"":""1"",""node"":""kwok-node-3""},{""name"":""rs-29-p1-dwstx"",""cpu_m"":488,""mem_b"":917115985,""priority"":""1"",""node"":""kwok-node-26""},{""name"":""rs-29-p1-lb4jf"",""cpu_m"":488,""mem_b"":917115985,""priority"":""1"",""node"":""kwok-node-19""},{""name"":""rs-29-p1-qlh9s"",""cpu_m"":488,""mem_b"":917115985,""priority"":""1"",""node"":""kwok-node-31""},{""name"":""rs-30-p3-8xdw6"",""cpu_m"":314,""mem_b"":874146516,""priority"":""3"",""node"":""kwok-node-9""},{""name"":""rs-30-p3-cch4m"",""cpu_m"":314,""mem_b"":874146516,""priority"":""3"",""node"":""kwok-node-13""},{""name"":""rs-30-p3-mwdps"",""cpu_m"":314,""mem_b"":874146516,""priority"":""3"",""node"":""kwok-node-8""},{""name"":""rs-30-p3-vnl7q"",""cpu_m"":314,""mem_b"":874146516,""priority"":""3"",""node"":""kwok-node-27""},{""name"":""rs-31-p4-bclgr"",""cpu_m"":621,""mem_b"":599048185,""priority"":""4"",""node"":""kwok-node-18""},{""name"":""rs-31-p4-bzcqw"",""cpu_m"":621,""mem_b"":599048185,""priority"":""4"",""node"":""kwok-node-6""},{""name"":""rs-31-p4-c87rp"",""cpu_m"":621,""mem_b"":599048185,""priority"":""4"",""node"":""kwok-node-32""},{""name"":""rs-31-p4-z9bks"",""cpu_m"":621,""mem_b"":599048185,""priority"":""4"",""node"":""kwok-node-5""},{""name"":""rs-32-p2-4nqdz"",""cpu_m"":499,""mem_b"":123798350,""priority"":""2"",""node"":""kwok-node-7""},{""name"":""rs-32-p2-k226m"",""cpu_m"":499,""mem_b"":123798350,""priority"":""2"",""node"":""kwok-node-12""},{""name"":""rs-32-p2-n64x8"",""cpu_m"":499,""mem_b"":123798350,""priority"":""2"",""node"":""kwok-node-11""},{""name"":""rs-32-p2-rrfxl"",""cpu_m"":499,""mem_b"":123798350,""priority"":""2"",""node"":""kwok-node-4""},{""name"":""rs-33-p3-65wfv"",""cpu_m"":421,""mem_b"":918769523,""priority"":""3"",""node"":""kwok-node-29""},{""name"":""rs-33-p3-gxqxv"",""cpu_m"":421,""mem_b"":918769523,""priority"":""3"",""node"":""kwok-node-25""},{""name"":""rs-33-p3-hp29w"",""cpu_m"":421,""mem_b"":918769523,""priority"":""3"",""node"":""kwok-node-28""},{""name"":""rs-34-p2-95mp6"",""cpu_m"":645,""mem_b"":778779132,""priority"":""2"",""node"":""kwok-node-17""},{""name"":""rs-34-p2-9fq9s"",""cpu_m"":645,""mem_b"":778779132,""priority"":""2"",""node"":""kwok-node-14""},{""name"":""rs-34-p2-f4hbg"",""cpu_m"":645,""mem_b"":778779132,""priority"":""2"",""node"":""kwok-node-2""},{""name"":""rs-35-p1-6v78n"",""cpu_m"":212,""mem_b"":851879673,""priority"":""1"",""node"":""kwok-node-7""},{""name"":""rs-35-p1-7jwpv"",""cpu_m"":212,""mem_b"":851879673,""priority"":""1"",""node"":""kwok-node-21""},{""name"":""rs-35-p1-k7lr8"",""cpu_m"":212,""mem_b"":851879673,""priority"":""1"",""node"":""kwok-node-20""},{""name"":""rs-35-p1-szwcc"",""cpu_m"":212,""mem_b"":851879673,""priority"":""1"",""node"":""kwok-node-22""},{""name"":""rs-36-p2-6s2gd"",""cpu_m"":332,""mem_b"":563548353,""priority"":""2"",""node"":""kwok-node-4""},{""name"":""rs-36-p2-bjwnc"",""cpu_m"":332,""mem_b"":563548353,""priority"":""2"",""node"":""kwok-node-15""},{""name"":""rs-36-p2-jxl9p"",""cpu_m"":332,""mem_b"":563548353,""priority"":""2"",""node"":""kwok-node-1""},{""name"":""rs-37-p3-fpgrm"",""cpu_m"":591,""mem_b"":605051587,""priority"":""3"",""node"":""kwok-node-16""},{""name"":""rs-37-p3-h5rgm"",""cpu_m"":591,""mem_b"":605051587,""priority"":""3"",""node"":""kwok-node-3""},{""name"":""rs-37-p3-jbjzj"",""cpu_m"":591,""mem_b"":605051587,""priority"":""3"",""node"":""kwok-node-30""},{""name"":""rs-38-p1-9zm4v"",""cpu_m"":342,""mem_b"":950650877,""priority"":""1"",""node"":""""},{""name"":""rs-38-p1-k2pc9"",""cpu_m"":342,""mem_b"":950650877,""priority"":""1"",""node"":""""},{""name"":""rs-38-p1-vw7jc"",""cpu_m"":342,""mem_b"":950650877,""priority"":""1"",""node"":""""},{""name"":""rs-39-p2-6stgs"",""cpu_m"":533,""mem_b"":753460397,""priority"":""2"",""node"":""kwok-node-11""},{""name"":""rs-39-p2-gwvsv"",""cpu_m"":533,""mem_b"":753460397,""priority"":""2"",""node"":""kwok-node-12""},{""name"":""rs-39-p2-h4p2q"",""cpu_m"":533,""mem_b"":753460397,""priority"":""2"",""node"":""kwok-node-10""},{""name"":""rs-40-p1-2l68t"",""cpu_m"":885,""mem_b"":532355773,""priority"":""1"",""node"":""""},{""name"":""rs-40-p1-4t287"",""cpu_m"":885,""mem_b"":532355773,""priority"":""1"",""node"":""kwok-node-13""},{""name"":""rs-40-p1-7vsnw"",""cpu_m"":885,""mem_b"":532355773,""priority"":""1"",""node"":""""},{""name"":""rs-41-p1-57sn6"",""cpu_m"":985,""mem_b"":636639078,""priority"":""1"",""node"":""""},{""name"":""rs-42-p2-6khcz"",""cpu_m"":452,""mem_b"":209280034,""priority"":""2"",""node"":""kwok-node-19""},{""name"":""rs-42-p2-nffhb"",""cpu_m"":452,""mem_b"":209280034,""priority"":""2"",""node"":""kwok-node-27""},{""name"":""rs-43-p1-5sqnm"",""cpu_m"":999,""mem_b"":504875810,""priority"":""1"",""node"":""""},{""name"":""rs-43-p1-6bcgl"",""cpu_m"":999,""mem_b"":504875810,""priority"":""1"",""node"":""""},{""name"":""rs-43-p1-gflr6"",""cpu_m"":999,""mem_b"":504875810,""priority"":""1"",""node"":""""},{""name"":""rs-43-p1-z5875"",""cpu_m"":999,""mem_b"":504875810,""priority"":""1"",""node"":""""},{""name"":""rs-44-p4-2tgth"",""cpu_m"":608,""mem_b"":423915409,""priority"":""4"",""node"":""kwok-node-9""},{""name"":""rs-44-p4-dlbs6"",""cpu_m"":608,""mem_b"":423915409,""priority"":""4"",""node"":""kwok-node-26""},{""name"":""rs-44-p4-kcl2r"",""cpu_m"":608,""mem_b"":423915409,""priority"":""4"",""node"":""kwok-node-8""},{""name"":""rs-45-p4-25prj"",""cpu_m"":426,""mem_b"":110560633,""priority"":""4"",""node"":""kwok-node-23""},{""name"":""rs-45-p4-7h564"",""cpu_m"":426,""mem_b"":110560633,""priority"":""4"",""node"":""kwok-node-6""},{""name"":""rs-46-p1-57rnb"",""cpu_m"":742,""mem_b"":780368142,""priority"":""1"",""node"":""""},{""name"":""rs-46-p1-cw5pb"",""cpu_m"":742,""mem_b"":780368142,""priority"":""1"",""node"":""""},{""name"":""rs-46-p1-qhsl4"",""cpu_m"":742,""mem_b"":780368142,""priority"":""1"",""node"":""""},{""name"":""rs-46-p1-xqdlc"",""cpu_m"":742,""mem_b"":780368142,""priority"":""1"",""node"":""""},{""name"":""rs-47-p2-8lljh"",""cpu_m"":849,""mem_b"":739691608,""priority"":""2"",""node"":""""},{""name"":""rs-47-p2-nqrd7"",""cpu_m"":849,""mem_b"":739691608,""priority"":""2"",""node"":""""}]","[{""name"":""kwok-node-1"",""cap_cpu_m"":2029,""cap_mem_bytes"":2368086564},{""name"":""kwok-node-2"",""cap_cpu_m"":2029,""cap_mem_bytes"":2368086564},{""name"":""kwok-node-3"",""cap_cpu_m"":2029,""cap_mem_bytes"":2368086564},{""name"":""kwok-node-4"",""cap_cpu_m"":2029,""cap_mem_bytes"":2368086564},{""name"":""kwok-node-5"",""cap_cpu_m"":2029,""cap_mem_bytes"":2368086564},{""name"":""kwok-node-6"",""cap_cpu_m"":2029,""cap_mem_bytes"":2368086564},{""name"":""kwok-node-7"",""cap_cpu_m"":2029,""cap_mem_bytes"":2368086564},{""name"":""kwok-node-8"",""cap_cpu_m"":2029,""cap_mem_bytes"":2368086564},{""name"":""kwok-node-9"",""cap_cpu_m"":2029,""cap_mem_bytes"":2368086564},{""name"":""kwok-node-10"",""cap_cpu_m"":2029,""cap_mem_bytes"":2368086564},{""name"":""kwok-node-11"",""cap_cpu_m"":2029,""cap_mem_bytes"":2368086564},{""name"":""kwok-node-12"",""cap_cpu_m"":2029,""cap_mem_bytes"":2368086564},{""name"":""kwok-node-13"",""cap_cpu_m"":2029,""cap_mem_bytes"":2368086564},{""name"":""kwok-node-14"",""cap_cpu_m"":2029,""cap_mem_bytes"":2368086564},{""name"":""kwok-node-15"",""cap_cpu_m"":2029,""cap_mem_bytes"":2368086564},{""name"":""kwok-node-16"",""cap_cpu_m"":2029,""cap_mem_bytes"":2368086564},{""name"":""kwok-node-17"",""cap_cpu_m"":2029,""cap_mem_bytes"":2368086564},{""name"":""kwok-node-18"",""cap_cpu_m"":2029,""cap_mem_bytes"":2368086564},{""name"":""kwok-node-19"",""cap_cpu_m"":2029,""cap_mem_bytes"":2368086564},{""name"":""kwok-node-20"",""cap_cpu_m"":2029,""cap_mem_bytes"":2368086564},{""name"":""kwok-node-21"",""cap_cpu_m"":2029,""cap_mem_bytes"":2368086564},{""name"":""kwok-node-22"",""cap_cpu_m"":2029,""cap_mem_bytes"":2368086564},{""name"":""kwok-node-23"",""cap_cpu_m"":2029,""cap_mem_bytes"":2368086564},{""name"":""kwok-node-24"",""cap_cpu_m"":2029,""cap_mem_bytes"":2368086564},{""name"":""kwok-node-25"",""cap_cpu_m"":2029,""cap_mem_bytes"":2368086564},{""name"":""kwok-node-26"",""cap_cpu_m"":2029,""cap_mem_bytes"":2368086564},{""name"":""kwok-node-27"",""cap_cpu_m"":2029,""cap_mem_bytes"":2368086564},{""name"":""kwok-node-28"",""cap_cpu_m"":2029,""cap_mem_bytes"":2368086564},{""name"":""kwok-node-29"",""cap_cpu_m"":2029,""cap_mem_bytes"":2368086564},{""name"":""kwok-node-30"",""cap_cpu_m"":2029,""cap_mem_bytes"":2368086564},{""name"":""kwok-node-31"",""cap_cpu_m"":2029,""cap_mem_bytes"":2368086564},{""name"":""kwok-node-32"",""cap_cpu_m"":2029,""cap_mem_bytes"":2368086564}]"
2026/02/11/11:52:11,6105563283321887062,,"{""evicted"":0,""moved"":0,""placed_by_priority"":{""1"":22,""2"":26,""3"":40,""4"":21}}",python,"{""evicted"":8,""moved"":6,""placed_by_priority"":{""1"":15,""2"":29,""3"":42,""4"":29}}",559,OPTIMAL,"[{""duration_ms"":559,""name"":""python"",""score"":{""evicted"":8,""moved"":6,""placed_by_priority"":{""1"":15,""2"":29,""3"":42,""4"":29}},""status"":""OPTIMAL""}]",0.906,0.863,0.917,0.878,62841,59869,67303691417,64432367728,115,109,13,19,"{""kwok-node-1"":3,""kwok-node-10"":3,""kwok-node-11"":3,""kwok-node-12"":4,""kwok-node-13"":5,""kwok-node-14"":4,""kwok-node-15"":3,""kwok-node-16"":3,""kwok-node-17"":3,""kwok-node-18"":5,""kwok-node-19"":3,""kwok-node-2"":4,""kwok-node-20"":4,""kwok-node-21"":3,""kwok-node-22"":4,""kwok-node-23"":4,""kwok-node-24"":3,""kwok-node-25"":4,""kwok-node-26"":4,""kwok-node-27"":3,""kwok-node-28"":4,""kwok-node-29"":3,""kwok-node-3"":4,""kwok-node-30"":4,""kwok-node-31"":3,""kwok-node-32"":4,""kwok-node-4"":3,""kwok-node-5"":3,""kwok-node-6"":4,""kwok-node-7"":4,""kwok-node-8"":4,""kwok-node-9"":3}","{""kwok-node-1"":3,""kwok-node-10"":3,""kwok-node-11"":3,""kwok-node-12"":4,""kwok-node-13"":5,""kwok-node-14"":3,""kwok-node-15"":3,""kwok-node-16"":3,""kwok-node-17"":3,""kwok-node-18"":5,""kwok-node-19"":3,""kwok-node-2"":4,""kwok-node-20"":4,""kwok-node-21"":3,""kwok-node-22"":4,""kwok-node-23"":4,""kwok-node-24"":3,""kwok-node-25"":3,""kwok-node-26"":5,""kwok-node-27"":3,""kwok-node-28"":3,""kwok-node-29"":2,""kwok-node-3"":3,""kwok-node-30"":3,""kwok-node-31"":2,""kwok-node-32"":4,""kwok-node-4"":3,""kwok-node-5"":3,""kwok-node-6"":4,""kwok-node-7"":4,""kwok-node-8"":4,""kwok-node-9"":3}","{""p1"":15,""p2"":29,""p3"":42,""p4"":29}","{""p1"":22,""p2"":26,""p3"":40,""p4"":21}","{""p1"":13}","{""p1"":6,""p2"":3,""p3"":2,""p4"":8}","{rs-05-p1-48kbm,rs-05-p1-gmc26,rs-05-p1-z79l5,rs-16-p1-d7cbt,rs-23-p1-d8n7x,rs-23-p1-dwwz9,rs-23-p1-psbsk,rs-44-p1-br5nk,rs-45-p1-tqlmx,rs-50-p1-74kdd,rs-50-p1-8hjp5,rs-50-p1-cn56d,rs-50-p1-d9d8z}","{rs-39-p4-z22b8,rs-42-p2-l8g48,rs-43-p2-jsgn4,rs-43-p2-kmxj5,rs-44-p1-nqgm2,rs-46-p1-hkqfn,rs-49-p4-b2c6j,rs-49-p4-dtdvh,rs-49-p4-lxxsg,rs-49-p4-zfxf5,rs-50-p1-74kdd,rs-50-p1-8hjp5,rs-50-p1-cn56d,rs-50-p1-d9d8z,rs-51-p3-qhhtm,rs-52-p4-hp7lp,rs-52-p4-j5jkk,rs-52-p4-lcgr5,rs-53-p3-pjsbd}","{rs-01-p4-9nw86,rs-01-p4-n9s4f,rs-01-p4-xz4m7,rs-02-p4-gd4rf,rs-02-p4-t8c28,rs-02-p4-vbvtb,rs-02-p4-x2prc,rs-03-p3-b7rgr,rs-03-p3-pr2c4,rs-04-p4-hkjl8,rs-06-p3-5wntq,rs-07-p1-57qzx,rs-07-p1-cktwc,rs-07-p1-f8mqf,rs-07-p1-qr2x5,rs-08-p3-7bjdb,rs-08-p3-pwk7z,rs-09-p2-nz9bs,rs-10-p2-wm62d,rs-11-p3-bnbff,rs-11-p3-nxrcf,rs-11-p3-q4qsn,rs-11-p3-vp9fd,rs-12-p2-k77b7,rs-12-p2-tmrmh,rs-13-p4-b7rv6,rs-13-p4-mz65w,rs-13-p4-q294v,rs-13-p4-rk49w,rs-14-p3-chhk8,rs-14-p3-nmjpv,rs-14-p3-r5g4f,rs-14-p3-v74hb,rs-15-p2-8lzqv,rs-15-p2-hkc6v,rs-15-p2-n2cq6,rs-15-p2-v8bz7,rs-17-p1-4kkhw,rs-18-p3-2lrv4,rs-18-p3-mccfm,rs-19-p3-ddd2v,rs-19-p3-wf54d,rs-20-p2-gd95k,rs-20-p2-jxdcr,rs-20-p2-kq5gl,rs-20-p2-nn2lk,rs-21-p3-2btg8,rs-21-p3-5dqx7,rs-21-p3-qj9bv,rs-22-p2-drt7m,rs-22-p2-gq4cs,rs-22-p2-x5sc6,rs-23-p1-qzfhn,rs-24-p4-btrds,rs-24-p4-gn5tb,rs-24-p4-s828f,rs-24-p4-wcvkt,rs-25-p3-ph89z,rs-26-p3-5ftnr,rs-26-p3-fdj2c,rs-26-p3-fmxsr,rs-26-p3-nrj8x,rs-27-p2-mmcct,rs-28-p1-lvpmw,rs-28-p1-nwbs2,rs-28-p1-x89lm,rs-29-p2-84n8h,rs-30-p3-fzntw,rs-30-p3-s6fnr,rs-30-p3-xxr87,rs-31-p4-dc6w5,rs-31-p4-hkwss,rs-31-p4-ndrns,rs-32-p3-pk4sv,rs-33-p2-qg4qh,rs-33-p2-rffvw,rs-33-p2-wqc6h,rs-34-p1-z8kzc,rs-35-p3-5lr64,rs-35-p3-gwbt5,rs-35-p3-m2862,rs-36-p3-2g9h2,rs-36-p3-rdqx4,rs-36-p3-w4825,rs-37-p4-8g258,rs-38-p2-2bh6k,rs-38-p2-w7bbj,rs-38-p2-wvghp,rs-39-p4-z22b8,rs-40-p3-kpt7f,rs-40-p3-vzh4j,rs-41-p3-5g6gp,rs-41-p3-h992p,rs-41-p3-xqvfv,rs-42-p2-l8g48,rs-42-p2-trnbn,rs-43-p2-jsgn4,rs-43-p2-kmxj5,rs-44-p1-lln84,rs-44-p1-nqgm2,rs-45-p1-lfbt4,rs-45-p1-vhgfv,rs-46-p1-hkqfn,rs-47-p4-gbp8z,rs-48-p2-9j6lg,rs-48-p2-mvccp,rs-49-p4-b2c6j,rs-49-p4-dtdvh,rs-49-p4-lxxsg,rs-49-p4-zfxf5,rs-51-p3-qhhtm,rs-52-p4-hp7lp,rs-52-p4-j5jkk,rs-52-p4-lcgr5,rs-53-p3-pjsbd}","{rs-01-p4-9nw86,rs-01-p4-n9s4f,rs-01-p4-xz4m7,rs-02-p4-gd4rf,rs-02-p4-t8c28,rs-02-p4-vbvtb,rs-02-p4-x2prc,rs-03-p3-b7rgr,rs-03-p3-pr2c4,rs-04-p4-hkjl8,rs-05-p1-9gnrs,rs-05-p1-9lclq,rs-05-p1-hnns6,rs-06-p3-5wntq,rs-07-p1-57qzx,rs-07-p1-8ns2k,rs-07-p1-f8mqf,rs-07-p1-qfb75,rs-08-p3-7bjdb,rs-08-p3-pwk7z,rs-09-p2-nz9bs,rs-10-p2-wm62d,rs-11-p3-bnbff,rs-11-p3-nxrcf,rs-11-p3-q4qsn,rs-11-p3-vp9fd,rs-12-p2-k77b7,rs-12-p2-tmrmh,rs-13-p4-b7rv6,rs-13-p4-mz65w,rs-13-p4-q294v,rs-13-p4-rk49w,rs-14-p3-chhk8,rs-14-p3-nmjpv,rs-14-p3-r5g4f,rs-14-p3-v74hb,rs-15-p2-8lzqv,rs-15-p2-hkc6v,rs-15-p2-n2cq6,rs-15-p2-v8bz7,rs-16-p1-kcdlb,rs-17-p1-6kl8r,rs-18-p3-2lrv4,rs-18-p3-mccfm,rs-19-p3-ddd2v,rs-19-p3-wf54d,rs-20-p2-gd95k,rs-20-p2-jxdcr,rs-20-p2-kq5gl,rs-20-p2-nn2lk,rs-21-p3-2btg8,rs-21-p3-5dqx7,rs-21-p3-qj9bv,rs-22-p2-drt7m,rs-22-p2-gq4cs,rs-22-p2-x5sc6,rs-23-p1-24hrr,rs-23-p1-bv5z6,rs-23-p1-mcpl9,rs-23-p1-qzfhn,rs-24-p4-btrds,rs-24-p4-gn5tb,rs-24-p4-s828f,rs-24-p4-wcvkt,rs-25-p3-ph89z,rs-26-p3-5ftnr,rs-26-p3-fdj2c,rs-26-p3-fmxsr,rs-26-p3-nrj8x,rs-27-p2-mmcct,rs-28-p1-lvpmw,rs-28-p1-nwbs2,rs-28-p1-x89lm,rs-29-p2-84n8h,rs-30-p3-fzntw,rs-30-p3-s6fnr,rs-30-p3-xxr87,rs-31-p4-dc6w5,rs-31-p4-hkwss,rs-31-p4-ndrns,rs-32-p3-pk4sv,rs-33-p2-qg4qh,rs-33-p2-rffvw,rs-33-p2-wqc6h,rs-34-p1-9n78h,rs-35-p3-5lr64,rs-35-p3-gwbt5,rs-35-p3-m2862,rs-36-p3-2g9h2,rs-36-p3-rdqx4,rs-36-p3-w4825,rs-37-p4-8g258,rs-38-p2-2bh6k,rs-38-p2-w7bbj,rs-38-p2-wvghp,rs-40-p3-kpt7f,rs-40-p3-vzh4j,rs-41-p3-5g6gp,rs-41-p3-h992p,rs-41-p3-xqvfv,rs-42-p2-trnbn,rs-44-p1-2fm4h,rs-44-p1-lln84,rs-45-p1-2qwdl,rs-45-p1-lfbt4,rs-45-p1-m5ws4,rs-47-p4-gbp8z,rs-48-p2-9j6lg,rs-48-p2-mvccp}","[{""name"":""rs-01-p4-9nw86"",""cpu_m"":935,""mem_b"":935502733,""priority"":""4"",""node"":""kwok-node-1""},{""name"":""rs-01-p4-n9s4f"",""cpu_m"":935,""mem_b"":935502733,""priority"":""4"",""node"":""kwok-node-10""},{""name"":""rs-01-p4-xz4m7"",""cpu_m"":935,""mem_b"":935502733,""priority"":""4"",""node"":""kwok-node-16""},{""name"":""rs-02-p4-gd4rf"",""cpu_m"":765,""mem_b"":934895525,""priority"":""4"",""node"":""kwok-node-11""},{""name"":""rs-02-p4-t8c28"",""cpu_m"":765,""mem_b"":934895525,""priority"":""4"",""node"":""kwok-node-19""},{""name"":""rs-02-p4-vbvtb"",""cpu_m"":765,""mem_b"":934895525,""priority"":""4"",""node"":""kwok-node-15""},{""name"":""rs-02-p4-x2prc"",""cpu_m"":765,""mem_b"":934895525,""priority"":""4"",""node"":""kwok-node-17""},{""name"":""rs-03-p3-b7rgr"",""cpu_m"":844,""mem_b"":331486193,""priority"":""3"",""node"":""kwok-node-23""},{""name"":""rs-03-p3-pr2c4"",""cpu_m"":844,""mem_b"":331486193,""priority"":""3"",""node"":""kwok-node-12""},{""name"":""rs-04-p4-hkjl8"",""cpu_m"":300,""mem_b"":580286872,""priority"":""4"",""node"":""kwok-node-2""},{""name"":""rs-05-p1-48kbm"",""cpu_m"":797,""mem_b"":885544042,""priority"":""1"",""node"":""""},{""name"":""rs-05-p1-gmc26"",""cpu_m"":797,""mem_b"":885544042,""priority"":""1"",""node"":""""},{""name"":""rs-05-p1-z79l5"",""cpu_m"":797,""mem_b"":885544042,""priority"":""1"",""node"":""""},{""name"":""rs-06-p3-5wntq"",""cpu_m"":838,""mem_b"":477947373,""priority"":""3"",""node"":""kwok-node-14""},{""name"":""rs-07-p1-57qzx"",""cpu_m"":173,""mem_b"":216079461,""priority"":""1"",""node"":""kwok-node-18""},{""name"":""rs-07-p1-cktwc"",""cpu_m"":173,""mem_b"":216079461,""priority"":""1"",""node"":""kwok-node-30""},{""name"":""rs-07-p1-f8mqf"",""cpu_m"":173,""mem_b"":216079461,""priority"":""1"",""node"":""kwok-node-13""},{""name"":""rs-07-p1-qr2x5"",""cpu_m"":173,""mem_b"":216079461,""priority"":""1"",""node"":""kwok-node-28""},{""name"":""rs-08-p3-7bjdb"",""cpu_m"":340,""mem_b"":587905664,""priority"":""3"",""node"":""kwok-node-25""},{""name"":""rs-08-p3-pwk7z"",""cpu_m"":340,""mem_b"":587905664,""priority"":""3"",""node"":""kwok-node-30""},{""name"":""rs-09-p2-nz9bs"",""cpu_m"":824,""mem_b"":627300591,""priority"":""2"",""node"":""kwok-node-3""},{""name"":""rs-10-p2-wm62d"",""cpu_m"":552,""mem_b"":774527629,""priority"":""2"",""node"":""kwok-node-28""},{""name"":""rs-11-p3-bnbff"",""cpu_m"":809,""mem_b"":842907979,""priority"":""3"",""node"":""kwok-node-24""},{""name"":""rs-11-p3-nxrcf"",""cpu_m"":809,""mem_b"":842907979,""priority"":""3"",""node"":""kwok-node-31""},{""name"":""rs-11-p3-q4qsn"",""cpu_m"":809,""mem_b"":842907979,""priority"":""3"",""node"":""kwok-node-29""},{""name"":""rs-11-p3-vp9fd"",""cpu_m"":809,""mem_b"":842907979,""priority"":""3"",""node"":""kwok-node-27""},{""name"":""rs-12-p2-k77b7"",""cpu_m"":547,""mem_b"":423796047,""priority"":""2"",""node"":""kwok-node-8""},{""name"":""rs-12-p2-tmrmh"",""cpu_m"":547,""mem_b"":423796047,""priority"":""2"",""node"":""kwok-node-32""},{""name"":""rs-13-p4-b7rv6"",""cpu_m"":793,""mem_b"":293681893,""priority"":""4"",""node"":""kwok-node-9""},{""name"":""rs-13-p4-mz65w"",""cpu_m"":793,""mem_b"":293681893,""priority"":""4"",""node"":""kwok-node-7""},{""name"":""rs-13-p4-q294v"",""cpu_m"":793,""mem_b"":293681893,""priority"":""4"",""node"":""kwok-node-4""},{""name"":""rs-13-p4-rk49w"",""cpu_m"":793,""mem_b"":293681893,""priority"":""4"",""node"":""kwok-node-5""},{""name"":""rs-14-p3-chhk8"",""cpu_m"":405,""mem_b"":237722815,""priority"":""3"",""node"":""kwok-node-26""},{""name"":""rs-14-p3-nmjpv"",""cpu_m"":405,""mem_b"":237722815,""priority"":""3"",""node"":""kwok-node-6""},{""name"":""rs-14-p3-r5g4f"",""cpu_m"":405,""mem_b"":237722815,""priority"":""3"",""node"":""kwok-node-18""},{""name"":""rs-14-p3-v74hb"",""cpu_m"":405,""mem_b"":237722815,""priority"":""3"",""node"":""kwok-node-13""},{""name"":""rs-15-p2-8lzqv"",""cpu_m"":358,""mem_b"":860787339,""priority"":""2"",""node"":""kwok-node-9""},{""name"":""rs-15-p2-hkc6v"",""cpu_m"":358,""mem_b"":860787339,""priority"":""2"",""node"":""kwok-node-6""},{""name"":""rs-15-p2-n2cq6"",""cpu_m"":358,""mem_b"":860787339,""priority"":""2"",""node"":""kwok-node-4""},{""name"":""rs-15-p2-v8bz7"",""cpu_m"":358,""mem_b"":860787339,""priority"":""2"",""node"":""kwok-node-5""},{""name"":""rs-16-p1-d7cbt"",""cpu_m"":836,""mem_b"":825893532,""priority"":""1"",""node"":""""},{""name"":""rs-17-p1-4kkhw"",""cpu_m"":487,""mem_b"":285452509,""priority"":""1"",""node"":""kwok-node-3""},{""name"":""rs-18-p3-2lrv4"",""cpu_m"":780,""mem_b"":825716159,""priority"":""3"",""node"":""kwok-node-8""},{""name"":""rs-18-p3-mccfm"",""cpu_m"":780,""mem_b"":825716159,""priority"":""3"",""node"":""kwok-node-30""},{""name"":""rs-19-p3-ddd2v"",""cpu_m"":880,""mem_b"":392402945,""priority"":""3"",""node"":""kwok-node-28""},{""name"":""rs-19-p3-wf54d"",""cpu_m"":880,""mem_b"":392402945,""priority"":""3"",""node"":""kwok-node-32""},{""name"":""rs-20-p2-gd95k"",""cpu_m"":176,""mem_b"":707393364,""priority"":""2"",""node"":""kwok-node-26""},{""name"":""rs-20-p2-jxdcr"",""cpu_m"":176,""mem_b"":707393364,""priority"":""2"",""node"":""kwok-node-7""},{""name"":""rs-20-p2-kq5gl"",""cpu_m"":176,""mem_b"":707393364,""priority"":""2"",""node"":""kwok-node-12""},{""name"":""rs-20-p2-nn2lk"",""cpu_m"":176,""mem_b"":707393364,""priority"":""2"",""node"":""kwok-node-23""},{""name"":""rs-21-p3-2btg8"",""cpu_m"":463,""mem_b"":593484722,""priority"":""3"",""node"":""kwok-node-3""},{""name"":""rs-21-p3-5dqx7"",""cpu_m"":463,""mem_b"":593484722,""priority"":""3"",""node"":""kwok-node-13""},{""name"":""rs-21-p3-qj9bv"",""cpu_m"":463,""mem_b"":593484722,""priority"":""3"",""node"":""kwok-node-18""},{""name"":""rs-22-p2-drt7m"",""cpu_m"":764,""mem_b"":255113120,""priority"":""2"",""node"":""kwok-node-6""},{""name"":""rs-22-p2-gq4cs"",""cpu_m"":764,""mem_b"":255113120,""priority"":""2"",""node"":""kwok-node-11""},{""name"":""rs-22-p2-x5sc6"",""cpu_m"":764,""mem_b"":255113120,""priority"":""2"",""node"":""kwok-node-17""},{""name"":""rs-23-p1-d8n7x"",""cpu_m"":673,""mem_b"":975405805,""priority"":""1"",""node"":""""},{""name"":""rs-23-p1-dwwz9"",""cpu_m"":673,""mem_b"":975405805,""priority"":""1"",""node"":""""},{""name"":""rs-23-p1-psbsk"",""cpu_m"":673,""mem_b"":975405805,""priority"":""1"",""node"":""""},{""name"":""rs-23-p1-qzfhn"",""cpu_m"":673,""mem_b"":975405805,""priority"":""1"",""node"":""kwok-node-24""},{""name"":""rs-24-p4-btrds"",""cpu_m"":370,""mem_b"":574604276,""priority"":""4"",""node"":""kwok-node-20""},{""name"":""rs-24-p4-gn5tb"",""cpu_m"":370,""mem_b"":574604276,""priority"":""4"",""node"":""kwok-node-2""},{""name"":""rs-24-p4-s828f"",""cpu_m"":370,""mem_b"":574604276,""priority"":""4"",""node"":""kwok-node-22""},{""name"":""rs-24-p4-wcvkt"",""cpu_m"":370,""mem_b"":574604276,""priority"":""4"",""node"":""kwok-node-21""},{""name"":""rs-25-p3-ph89z"",""cpu_m"":427,""mem_b"":979981324,""priority"":""3"",""node"":""kwok-node-16""},{""name"":""rs-26-p3-5ftnr"",""cpu_m"":276,""mem_b"":857130323,""priority"":""3"",""node"":""kwok-node-32""},{""name"":""rs-26-p3-fdj2c"",""cpu_m"":276,""mem_b"":857130323,""priority"":""3"",""node"":""kwok-node-1""},{""name"":""rs-26-p3-fmxsr"",""cpu_m"":276,""mem_b"":857130323,""priority"":""3"",""node"":""kwok-node-19""},{""name"":""rs-26-p3-nrj8x"",""cpu_m"":276,""mem_b"":857130323,""priority"":""3"",""node"":""kwok-node-10""},{""name"":""rs-27-p2-mmcct"",""cpu_m"":831,""mem_b"":585790540,""priority"":""2"",""node"":""kwok-node-15""},{""name"":""rs-28-p1-lvpmw"",""cpu_m"":275,""mem_b"":457567548,""priority"":""1"",""node"":""kwok-node-12""},{""name"":""rs-28-p1-nwbs2"",""cpu_m"":275,""mem_b"":457567548,""priority"":""1"",""node"":""kwok-node-7""},{""name"":""rs-28-p1-x89lm"",""cpu_m"":275,""mem_b"":457567548,""priority"":""1"",""node"":""kwok-node-23""},{""name"":""rs-29-p2-84n8h"",""cpu_m"":280,""mem_b"":759433016,""priority"":""2"",""node"":""kwok-node-18""},{""name"":""rs-30-p3-fzntw"",""cpu_m"":615,""mem_b"":739259362,""priority"":""3"",""node"":""kwok-node-13""},{""name"":""rs-30-p3-s6fnr"",""cpu_m"":615,""mem_b"":739259362,""priority"":""3"",""node"":""kwok-node-27""},{""name"":""rs-30-p3-xxr87"",""cpu_m"":615,""mem_b"":739259362,""priority"":""3"",""node"":""kwok-node-26""},{""name"":""rs-31-p4-dc6w5"",""cpu_m"":389,""mem_b"":953664488,""priority"":""4"",""node"":""kwok-node-9""},{""name"":""rs-31-p4-hkwss"",""cpu_m"":389,""mem_b"":953664488,""priority"":""4"",""node"":""kwok-node-4""},{""name"":""rs-31-p4-ndrns"",""cpu_m"":389,""mem_b"":953664488,""priority"":""4"",""node"":""kwok-node-5""},{""name"":""rs-32-p3-pk4sv"",""cpu_m"":867,""mem_b"":547176492,""priority"":""3"",""node"":""kwok-node-30""},{""name"":""rs-33-p2-qg4qh"",""cpu_m"":292,""mem_b"":718410161,""priority"":""2"",""node"":""kwok-node-3""},{""name"":""rs-33-p2-rffvw"",""cpu_m"":292,""mem_b"":718410161,""priority"":""2"",""node"":""kwok-node-28""},{""name"":""rs-33-p2-wqc6h"",""cpu_m"":292,""mem_b"":718410161,""priority"":""2"",""node"":""kwok-node-11""},{""name"":""rs-34-p1-z8kzc"",""cpu_m"":376,""mem_b"":917787051,""priority"":""1"",""node"":""kwok-node-2""},{""name"":""rs-35-p3-5lr64"",""cpu_m"":890,""mem_b"":185629585,""priority"":""3"",""node"":""kwok-node-2""},{""name"":""rs-35-p3-gwbt5"",""cpu_m"":890,""mem_b"":185629585,""priority"":""3"",""node"":""kwok-node-25""},{""name"":""rs-35-p3-m2862"",""cpu_m"":890,""mem_b"":185629585,""priority"":""3"",""node"":""kwok-node-19""},{""name"":""rs-36-p3-2g9h2"",""cpu_m"":240,""mem_b"":305080226,""priority"":""3"",""node"":""kwok-node-8""},{""name"":""rs-36-p3-rdqx4"",""cpu_m"":240,""mem_b"":305080226,""priority"":""3"",""node"":""kwok-node-22""},{""name"":""rs-36-p3-w4825"",""cpu_m"":240,""mem_b"":305080226,""priority"":""3"",""node"":""kwok-node-20""},{""name"":""rs-37-p4-8g258"",""cpu_m"":528,""mem_b"":526369893,""priority"":""4"",""node"":""kwok-node-7""},{""name"":""rs-38-p2-2bh6k"",""cpu_m"":950,""mem_b"":419738047,""priority"":""2"",""node"":""kwok-node-1""},{""name"":""rs-38-p2-w7bbj"",""cpu_m"":950,""mem_b"":419738047,""priority"":""2"",""node"":""kwok-node-10""},{""name"":""rs-38-p2-wvghp"",""cpu_m"":950,""mem_b"":419738047,""priority"":""2"",""node"":""kwok-node-21""},{""name"":""rs-39-p4-z22b8"",""cpu_m"":914,""mem_b"":536306587,""priority"":""4"",""node"":""kwok-node-26""},{""name"":""rs-40-p3-kpt7f"",""cpu_m"":777,""mem_b"":601874254,""priority"":""3"",""node"":""kwok-node-23""},{""name"":""rs-40-p3-vzh4j"",""cpu_m"":777,""mem_b"":601874254,""priority"":""3"",""node"":""kwok-node-12""},{""name"":""rs-41-p3-5g6gp"",""cpu_m"":120,""mem_b"":583741356,""priority"":""3"",""node"":""kwok-node-15""},{""name"":""rs-41-p3-h992p"",""cpu_m"":120,""mem_b"":583741356,""priority"":""3"",""node"":""kwok-node-6""},{""name"":""rs-41-p3-xqvfv"",""cpu_m"":120,""mem_b"":583741356,""priority"":""3"",""node"":""kwok-node-14""},{""name"":""rs-42-p2-l8g48"",""cpu_m"":832,""mem_b"":367380420,""priority"":""2"",""node"":""kwok-node-22""},{""name"":""rs-42-p2-trnbn"",""cpu_m"":832,""mem_b"":367380420,""priority"":""2"",""node"":""kwok-node-18""},{""name"":""rs-43-p2-jsgn4"",""cpu_m"":829,""mem_b"":821887568,""priority"":""2"",""node"":""kwok-node-21""},{""name"":""rs-43-p2-kmxj5"",""cpu_m"":829,""mem_b"":821887568,""priority"":""2"",""node"":""kwok-node-20""},{""name"":""rs-44-p1-br5nk"",""cpu_m"":721,""mem_b"":397657754,""priority"":""1"",""node"":""""},{""name"":""rs-44-p1-lln84"",""cpu_m"":721,""mem_b"":397657754,""priority"":""1"",""node"":""kwok-node-20""},{""name"":""rs-44-p1-nqgm2"",""cpu_m"":721,""mem_b"":397657754,""priority"":""1"",""node"":""kwok-node-25""},{""name"":""rs-45-p1-lfbt4"",""cpu_m"":680,""mem_b"":192234575,""priority"":""1"",""node"":""kwok-node-24""},{""name"":""rs-45-p1-tqlmx"",""cpu_m"":680,""mem_b"":192234575,""priority"":""1"",""node"":""""},{""name"":""rs-45-p1-vhgfv"",""cpu_m"":680,""mem_b"":192234575,""priority"":""1"",""node"":""kwok-node-27""},{""name"":""rs-46-p1-hkqfn"",""cpu_m"":203,""mem_b"":973147328,""priority"":""1"",""node"":""kwok-node-25""},{""name"":""rs-47-p4-gbp8z"",""cpu_m"":359,""mem_b"":577598469,""priority"":""4"",""node"":""kwok-node-8""},{""name"":""rs-48-p2-9j6lg"",""cpu_m"":166,""mem_b"":400209485,""priority"":""2"",""node"":""kwok-node-13""},{""name"":""rs-48-p2-mvccp"",""cpu_m"":166,""mem_b"":400209485,""priority"":""2"",""node"":""kwok-node-32""},{""name"":""rs-49-p4-b2c6j"",""cpu_m"":437,""mem_b"":999422715,""priority"":""4"",""node"":""kwok-node-22""},{""name"":""rs-49-p4-dtdvh"",""cpu_m"":437,""mem_b"":999422715,""priority"":""4"",""node"":""kwok-node-17""},{""name"":""rs-49-p4-lxxsg"",""cpu_m"":437,""mem_b"":999422715,""priority"":""4"",""node"":""kwok-node-29""},{""name"":""rs-49-p4-zfxf5"",""cpu_m"":437,""mem_b"":999422715,""priority"":""4"",""node"":""kwok-node-14""},{""name"":""rs-50-p1-74kdd"",""cpu_m"":832,""mem_b"":689050246,""priority"":""1"",""node"":""""},{""name"":""rs-50-p1-8hjp5"",""cpu_m"":832,""mem_b"":689050246,""priority"":""1"",""node"":""""},{""name"":""rs-50-p1-cn56d"",""cpu_m"":832,""mem_b"":689050246,""priority"":""1"",""node"":""""},{""name"":""rs-50-p1-d9d8z"",""cpu_m"":832,""mem_b"":689050246,""priority"":""1"",""node"":""""},{""name"":""rs-51-p3-qhhtm"",""cpu_m"":297,""mem_b"":783921217,""priority"":""3"",""node"":""kwok-node-31""},{""name"":""rs-52-p4-hp7lp"",""cpu_m"":768,""mem_b"":175453997,""priority"":""4"",""node"":""kwok-node-29""},{""name"":""rs-52-p4-j5jkk"",""cpu_m"":768,""mem_b"":175453997,""priority"":""4"",""node"":""kwok-node-14""},{""name"":""rs-52-p4-lcgr5"",""cpu_m"":768,""mem_b"":175453997,""priority"":""4"",""node"":""kwok-node-16""},{""name"":""rs-53-p3-pjsbd"",""cpu_m"":942,""mem_b"":643717798,""priority"":""3"",""node"":""kwok-node-31""}]","[{""name"":""rs-01-p4-9nw86"",""cpu_m"":935,""mem_b"":935502733,""priority"":""4"",""node"":""kwok-node-1""},{""name"":""rs-01-p4-n9s4f"",""cpu_m"":935,""mem_b"":935502733,""priority"":""4"",""node"":""kwok-node-10""},{""name"":""rs-01-p4-xz4m7"",""cpu_m"":935,""mem_b"":935502733,""priority"":""4"",""node"":""kwok-node-16""},{""name"":""rs-02-p4-gd4rf"",""cpu_m"":765,""mem_b"":934895525,""priority"":""4"",""node"":""kwok-node-11""},{""name"":""rs-02-p4-t8c28"",""cpu_m"":765,""mem_b"":934895525,""priority"":""4"",""node"":""kwok-node-19""},{""name"":""rs-02-p4-vbvtb"",""cpu_m"":765,""mem_b"":934895525,""priority"":""4"",""node"":""kwok-node-15""},{""name"":""rs-02-p4-x2prc"",""cpu_m"":765,""mem_b"":934895525,""priority"":""4"",""node"":""kwok-node-17""},{""name"":""rs-03-p3-b7rgr"",""cpu_m"":844,""mem_b"":331486193,""priority"":""3"",""node"":""kwok-node-23""},{""name"":""rs-03-p3-pr2c4"",""cpu_m"":844,""mem_b"":331486193,""priority"":""3"",""node"":""kwok-node-12""},{""name"":""rs-04-p4-hkjl8"",""cpu_m"":300,""mem_b"":580286872,""priority"":""4"",""node"":""kwok-node-2""},{""name"":""rs-05-p1-9gnrs"",""cpu_m"":797,""mem_b"":885544042,""priority"":""1"",""node"":""kwok-node-22""},{""name"":""rs-05-p1-9lclq"",""cpu_m"":797,""mem_b"":885544042,""priority"":""1"",""node"":""kwok-node-20""},{""name"":""rs-05-p1-hnns6"",""cpu_m"":797,""mem_b"":885544042,""priority"":""1"",""node"":""kwok-node-21""},{""name"":""rs-06-p3-5wntq"",""cpu_m"":838,""mem_b"":477947373,""priority"":""3"",""node"":""kwok-node-14""},{""name"":""rs-07-p1-57qzx"",""cpu_m"":173,""mem_b"":216079461,""priority"":""1"",""node"":""kwok-node-18""},{""name"":""rs-07-p1-8ns2k"",""cpu_m"":173,""mem_b"":216079461,""priority"":""1"",""node"":""kwok-node-27""},{""name"":""rs-07-p1-f8mqf"",""cpu_m"":173,""mem_b"":216079461,""priority"":""1"",""node"":""kwok-node-13""},{""name"":""rs-07-p1-qfb75"",""cpu_m"":173,""mem_b"":216079461,""priority"":""1"",""node"":""kwok-node-26""},{""name"":""rs-08-p3-7bjdb"",""cpu_m"":340,""mem_b"":587905664,""priority"":""3"",""node"":""kwok-node-25""},{""name"":""rs-08-p3-pwk7z"",""cpu_m"":340,""mem_b"":587905664,""priority"":""3"",""node"":""kwok-node-30""},{""name"":""rs-09-p2-nz9bs"",""cpu_m"":824,""mem_b"":627300591,""priority"":""2"",""node"":""kwok-node-3""},{""name"":""rs-10-p2-wm62d"",""cpu_m"":552,""mem_b"":774527629,""priority"":""2"",""node"":""kwok-node-28""},{""name"":""rs-11-p3-bnbff"",""cpu_m"":809,""mem_b"":842907979,""priority"":""3"",""node"":""kwok-node-24""},{""name"":""rs-11-p3-nxrcf"",""cpu_m"":809,""mem_b"":842907979,""priority"":""3"",""node"":""kwok-node-31""},{""name"":""rs-11-p3-q4qsn"",""cpu_m"":809,""mem_b"":842907979,""priority"":""3"",""node"":""kwok-node-29""},{""name"":""rs-11-p3-vp9fd"",""cpu_m"":809,""mem_b"":842907979,""priority"":""3"",""node"":""kwok-node-27""},{""name"":""rs-12-p2-k77b7"",""cpu_m"":547,""mem_b"":423796047,""priority"":""2"",""node"":""kwok-node-8""},{""name"":""rs-12-p2-tmrmh"",""cpu_m"":547,""mem_b"":423796047,""priority"":""2"",""node"":""kwok-node-32""},{""name"":""rs-13-p4-b7rv6"",""cpu_m"":793,""mem_b"":293681893,""priority"":""4"",""node"":""kwok-node-9""},{""name"":""rs-13-p4-mz65w"",""cpu_m"":793,""mem_b"":293681893,""priority"":""4"",""node"":""kwok-node-7""},{""name"":""rs-13-p4-q294v"",""cpu_m"":793,""mem_b"":293681893,""priority"":""4"",""node"":""kwok-node-4""},{""name"":""rs-13-p4-rk49w"",""cpu_m"":793,""mem_b"":293681893,""priority"":""4"",""node"":""kwok-node-5""},{""name"":""rs-14-p3-chhk8"",""cpu_m"":405,""mem_b"":237722815,""priority"":""3"",""node"":""kwok-node-26""},{""name"":""rs-14-p3-nmjpv"",""cpu_m"":405,""mem_b"":237722815,""priority"":""3"",""node"":""kwok-node-6""},{""name"":""rs-14-p3-r5g4f"",""cpu_m"":405,""mem_b"":237722815,""priority"":""3"",""node"":""kwok-node-18""},{""name"":""rs-14-p3-v74hb"",""cpu_m"":405,""mem_b"":237722815,""priority"":""3"",""node"":""kwok-node-13""},{""name"":""rs-15-p2-8lzqv"",""cpu_m"":358,""mem_b"":860787339,""priority"":""2"",""node"":""kwok-node-9""},{""name"":""rs-15-p2-hkc6v"",""cpu_m"":358,""mem_b"":860787339,""priority"":""2"",""node"":""kwok-node-6""},{""name"":""rs-15-p2-n2cq6"",""cpu_m"":358,""mem_b"":860787339,""priority"":""2"",""node"":""kwok-node-4""},{""name"":""rs-15-p2-v8bz7"",""cpu_m"":358,""mem_b"":860787339,""priority"":""2"",""node"":""kwok-node-5""},{""name"":""rs-16-p1-kcdlb"",""cpu_m"":836,""mem_b"":825893532,""priority"":""1"",""node"":""kwok-node-25""},{""name"":""rs-17-p1-6kl8r"",""cpu_m"":487,""mem_b"":285452509,""priority"":""1"",""node"":""kwok-node-2""},{""name"":""rs-18-p3-2lrv4"",""cpu_m"":780,""mem_b"":825716159,""priority"":""3"",""node"":""kwok-node-8""},{""name"":""rs-18-p3-mccfm"",""cpu_m"":780,""mem_b"":825716159,""priority"":""3"",""node"":""kwok-node-30""},{""name"":""rs-19-p3-ddd2v"",""cpu_m"":880,""mem_b"":392402945,""priority"":""3"",""node"":""kwok-node-28""},{""name"":""rs-19-p3-wf54d"",""cpu_m"":880,""mem_b"":392402945,""priority"":""3"",""node"":""kwok-node-32""},{""name"":""rs-20-p2-gd95k"",""cpu_m"":176,""mem_b"":707393364,""priority"":""2"",""node"":""kwok-node-26""},{""name"":""rs-20-p2-jxdcr"",""cpu_m"":176,""mem_b"":707393364,""priority"":""2"",""node"":""kwok-node-7""},{""name"":""rs-20-p2-kq5gl"",""cpu_m"":176,""mem_b"":707393364,""priority"":""2"",""node"":""kwok-node-12""},{""name"":""rs-20-p2-nn2lk"",""cpu_m"":176,""mem_b"":707393364,""priority"":""2"",""node"":""kwok-node-23""},{""name"":""rs-21-p3-2btg8"",""cpu_m"":463,""mem_b"":593484722,""priority"":""3"",""node"":""kwok-node-3""},{""name"":""rs-21-p3-5dqx7"",""cpu_m"":463,""mem_b"":593484722,""priority"":""3"",""node"":""kwok-node-13""},{""name"":""rs-21-p3-qj9bv"",""cpu_m"":463,""mem_b"":593484722,""priority"":""3"",""node"":""kwok-node-18""},{""name"":""rs-22-p2-drt7m"",""cpu_m"":764,""mem_b"":255113120,""priority"":""2"",""node"":""kwok-node-6""},{""name"":""rs-22-p2-gq4cs"",""cpu_m"":764,""mem_b"":255113120,""priority"":""2"",""node"":""kwok-node-11""},{""name"":""rs-22-p2-x5sc6"",""cpu_m"":764,""mem_b"":255113120,""priority"":""2"",""node"":""kwok-node-17""},{""name"":""rs-23-p1-24hrr"",""cpu_m"":673,""mem_b"":975405805,""priority"":""1"",""node"":""kwok-node-31""},{""name"":""rs-23-p1-bv5z6"",""cpu_m"":673,""mem_b"":975405805,""priority"":""1"",""node"":""kwok-node-29""},{""name"":""rs-23-p1-mcpl9"",""cpu_m"":673,""mem_b"":975405805,""priority"":""1"",""node"":""kwok-node-14""},{""name"":""rs-23-p1-qzfhn"",""cpu_m"":673,""mem_b"":975405805,""priority"":""1"",""node"":""kwok-node-24""},{""name"":""rs-24-p4-btrds"",""cpu_m"":370,""mem_b"":574604276,""priority"":""4"",""node"":""kwok-node-20""},{""name"":""rs-24-p4-gn5tb"",""cpu_m"":370,""mem_b"":574604276,""priority"":""4"",""node"":""kwok-node-2""},{""name"":""rs-24-p4-s828f"",""cpu_m"":370,""mem_b"":574604276,""priority"":""4"",""node"":""kwok-node-22""},{""name"":""rs-24-p4-wcvkt"",""cpu_m"":370,""mem_b"":574604276,""priority"":""4"",""node"":""kwok-node-21""},{""name"":""rs-25-p3-ph89z"",""cpu_m"":427,""mem_b"":979981324,""priority"":""3"",""node"":""kwok-node-16""},{""name"":""rs-26-p3-5ftnr"",""cpu_m"":276,""mem_b"":857130323,""priority"":""3"",""node"":""kwok-node-32""},{""name"":""rs-26-p3-fdj2c"",""cpu_m"":276,""mem_b"":857130323,""priority"":""3"",""node"":""kwok-node-1""},{""name"":""rs-26-p3-fmxsr"",""cpu_m"":276,""mem_b"":857130323,""priority"":""3"",""node"":""kwok-node-19""},{""name"":""rs-26-p3-nrj8x"",""cpu_m"":276,""mem_b"":857130323,""priority"":""3"",""node"":""kwok-node-10""},{""name"":""rs-27-p2-mmcct"",""cpu_m"":831,""mem_b"":585790540,""priority"":""2"",""node"":""kwok-node-15""},{""name"":""rs-28-p1-lvpmw"",""cpu_m"":275,""mem_b"":457567548,""priority"":""1"",""node"":""kwok-node-12""},{""name"":""rs-28-p1-nwbs2"",""cpu_m"":275,""mem_b"":457567548,""priority"":""1"",""node"":""kwok-node-7""},{""name"":""rs-28-p1-x89lm"",""cpu_m"":275,""mem_b"":457567548,""priority"":""1"",""node"":""kwok-node-23""},{""name"":""rs-29-p2-84n8h"",""cpu_m"":280,""mem_b"":759433016,""priority"":""2"",""node"":""kwok-node-18""},{""name"":""rs-30-p3-fzntw"",""cpu_m"":615,""mem_b"":739259362,""priority"":""3"",""node"":""kwok-node-13""},{""name"":""rs-30-p3-s6fnr"",""cpu_m"":615,""mem_b"":739259362,""priority"":""3"",""node"":""kwok-node-27""},{""name"":""rs-30-p3-xxr87"",""cpu_m"":615,""mem_b"":739259362,""priority"":""3"",""node"":""kwok-node-26""},{""name"":""rs-31-p4-dc6w5"",""cpu_m"":389,""mem_b"":953664488,""priority"":""4"",""node"":""kwok-node-9""},{""name"":""rs-31-p4-hkwss"",""cpu_m"":389,""mem_b"":953664488,""priority"":""4"",""node"":""kwok-node-4""},{""name"":""rs-31-p4-ndrns"",""cpu_m"":389,""mem_b"":953664488,""priority"":""4"",""node"":""kwok-node-5""},{""name"":""rs-32-p3-pk4sv"",""cpu_m"":867,""mem_b"":547176492,""priority"":""3"",""node"":""kwok-node-30""},{""name"":""rs-33-p2-qg4qh"",""cpu_m"":292,""mem_b"":718410161,""priority"":""2"",""node"":""kwok-node-3""},{""name"":""rs-33-p2-rffvw"",""cpu_m"":292,""mem_b"":718410161,""priority"":""2"",""node"":""kwok-node-28""},{""name"":""rs-33-p2-wqc6h"",""cpu_m"":292,""mem_b"":718410161,""priority"":""2"",""node"":""kwok-node-11""},{""name"":""rs-34-p1-9n78h"",""cpu_m"":376,""mem_b"":917787051,""priority"":""1"",""node"":""kwok-node-17""},{""name"":""rs-35-p3-5lr64"",""cpu_m"":890,""mem_b"":185629585,""priority"":""3"",""node"":""kwok-node-2""},{""name"":""rs-35-p3-gwbt5"",""cpu_m"":890,""mem_b"":185629585,""priority"":""3"",""node"":""kwok-node-25""},{""name"":""rs-35-p3-m2862"",""cpu_m"":890,""mem_b"":185629585,""priority"":""3"",""node"":""kwok-node-19""},{""name"":""rs-36-p3-2g9h2"",""cpu_m"":240,""mem_b"":305080226,""priority"":""3"",""node"":""kwok-node-8""},{""name"":""rs-36-p3-rdqx4"",""cpu_m"":240,""mem_b"":305080226,""priority"":""3"",""node"":""kwok-node-22""},{""name"":""rs-36-p3-w4825"",""cpu_m"":240,""mem_b"":305080226,""priority"":""3"",""node"":""kwok-node-20""},{""name"":""rs-37-p4-8g258"",""cpu_m"":528,""mem_b"":526369893,""priority"":""4"",""node"":""kwok-node-7""},{""name"":""rs-38-p2-2bh6k"",""cpu_m"":950,""mem_b"":419738047,""priority"":""2"",""node"":""kwok-node-1""},{""name"":""rs-38-p2-w7bbj"",""cpu_m"":950,""mem_b"":419738047,""priority"":""2"",""node"":""kwok-node-10""},{""name"":""rs-38-p2-wvghp"",""cpu_m"":950,""mem_b"":419738047,""priority"":""2"",""node"":""kwok-node-21""},{""name"":""rs-39-p4-z22b8"",""cpu_m"":914,""mem_b"":536306587,""priority"":""4"",""node"":""""},{""name"":""rs-40-p3-kpt7f"",""cpu_m"":777,""mem_b"":601874254,""priority"":""3"",""node"":""kwok-node-23""},{""name"":""rs-40-p3-vzh4j"",""cpu_m"":777,""mem_b"":601874254,""priority"":""3"",""node"":""kwok-node-12""},{""name"":""rs-41-p3-5g6gp"",""cpu_m"":120,""mem_b"":583741356,""priority"":""3"",""node"":""kwok-node-15""},{""name"":""rs-41-p3-h992p"",""cpu_m"":120,""mem_b"":583741356,""priority"":""3"",""node"":""kwok-node-6""},{""name"":""rs-41-p3-xqvfv"",""cpu_m"":120,""mem_b"":583741356,""priority"":""3"",""node"":""kwok-node-14""},{""name"":""rs-42-p2-l8g48"",""cpu_m"":832,""mem_b"":367380420,""priority"":""2"",""node"":""""},{""name"":""rs-42-p2-trnbn"",""cpu_m"":832,""mem_b"":367380420,""priority"":""2"",""node"":""kwok-node-18""},{""name"":""rs-43-p2-jsgn4"",""cpu_m"":829,""mem_b"":821887568,""priority"":""2"",""node"":""""},{""name"":""rs-43-p2-kmxj5"",""cpu_m"":829,""mem_b"":821887568,""priority"":""2"",""node"":""""},{""name"":""rs-44-p1-2fm4h"",""cpu_m"":721,""mem_b"":397657754,""priority"":""1"",""node"":""kwok-node-22""},{""name"":""rs-44-p1-lln84"",""cpu_m"":721,""mem_b"":397657754,""priority"":""1"",""node"":""kwok-node-20""},{""name"":""rs-44-p1-nqgm2"",""cpu_m"":721,""mem_b"":397657754,""priority"":""1"",""node"":""""},{""name"":""rs-45-p1-2qwdl"",""cpu_m"":680,""mem_b"":192234575,""priority"":""1"",""node"":""kwok-node-26""},{""name"":""rs-45-p1-lfbt4"",""cpu_m"":680,""mem_b"":192234575,""priority"":""1"",""node"":""kwok-node-24""},{""name"":""rs-45-p1-m5ws4"",""cpu_m"":680,""mem_b"":192234575,""priority"":""1"",""node"":""kwok-node-16""},{""name"":""rs-46-p1-hkqfn"",""cpu_m"":203,""mem_b"":973147328,""priority"":""1"",""node"":""""},{""name"":""rs-47-p4-gbp8z"",""cpu_m"":359,""mem_b"":577598469,""priority"":""4"",""node"":""kwok-node-8""},{""name"":""rs-48-p2-9j6lg"",""cpu_m"":166,""mem_b"":400209485,""priority"":""2"",""node"":""kwok-node-13""},{""name"":""rs-48-p2-mvccp"",""cpu_m"":166,""mem_b"":400209485,""priority"":""2"",""node"":""kwok-node-32""},{""name"":""rs-49-p4-b2c6j"",""cpu_m"":437,""mem_b"":999422715,""priority"":""4"",""node"":""""},{""name"":""rs-49-p4-dtdvh"",""cpu_m"":437,""mem_b"":999422715,""priority"":""4"",""node"":""""},{""name"":""rs-49-p4-lxxsg"",""cpu_m"":437,""mem_b"":999422715,""priority"":""4"",""node"":""""},{""name"":""rs-49-p4-zfxf5"",""cpu_m"":437,""mem_b"":999422715,""priority"":""4"",""node"":""""},{""name"":""rs-50-p1-74kdd"",""cpu_m"":832,""mem_b"":689050246,""priority"":""1"",""node"":""""},{""name"":""rs-50-p1-8hjp5"",""cpu_m"":832,""mem_b"":689050246,""priority"":""1"",""node"":""""},{""name"":""rs-50-p1-cn56d"",""cpu_m"":832,""mem_b"":689050246,""priority"":""1"",""node"":""""},{""name"":""rs-50-p1-d9d8z"",""cpu_m"":832,""mem_b"":689050246,""priority"":""1"",""node"":""""},{""name"":""rs-51-p3-qhhtm"",""cpu_m"":297,""mem_b"":783921217,""priority"":""3"",""node"":""""},{""name"":""rs-52-p4-hp7lp"",""cpu_m"":768,""mem_b"":175453997,""priority"":""4"",""node"":""""},{""name"":""rs-52-p4-j5jkk"",""cpu_m"":768,""mem_b"":175453997,""priority"":""4"",""node"":""""},{""name"":""rs-52-p4-lcgr5"",""cpu_m"":768,""mem_b"":175453997,""priority"":""4"",""node"":""""},{""name"":""rs-53-p3-pjsbd"",""cpu_m"":942,""mem_b"":643717798,""priority"":""3"",""node"":""""}]","[{""name"":""kwok-node-1"",""cap_cpu_m"":2168,""cap_mem_bytes"":2293408566},{""name"":""kwok-node-2"",""cap_cpu_m"":2168,""cap_mem_bytes"":2293408566},{""name"":""kwok-node-3"",""cap_cpu_m"":2168,""cap_mem_bytes"":2293408566},{""name"":""kwok-node-4"",""cap_cpu_m"":2168,""cap_mem_bytes"":2293408566},{""name"":""kwok-node-5"",""cap_cpu_m"":2168,""cap_mem_bytes"":2293408566},{""name"":""kwok-node-6"",""cap_cpu_m"":2168,""cap_mem_bytes"":2293408566},{""name"":""kwok-node-7"",""cap_cpu_m"":2168,""cap_mem_bytes"":2293408566},{""name"":""kwok-node-8"",""cap_cpu_m"":2168,""cap_mem_bytes"":2293408566},{""name"":""kwok-node-9"",""cap_cpu_m"":2168,""cap_mem_bytes"":2293408566},{""name"":""kwok-node-10"",""cap_cpu_m"":2168,""cap_mem_bytes"":2293408566},{""name"":""kwok-node-11"",""cap_cpu_m"":2168,""cap_mem_bytes"":2293408566},{""name"":""kwok-node-12"",""cap_cpu_m"":2168,""cap_mem_bytes"":2293408566},{""name"":""kwok-node-13"",""cap_cpu_m"":2168,""cap_mem_bytes"":2293408566},{""name"":""kwok-node-14"",""cap_cpu_m"":2168,""cap_mem_bytes"":2293408566},{""name"":""kwok-node-15"",""cap_cpu_m"":2168,""cap_mem_bytes"":2293408566},{""name"":""kwok-node-16"",""cap_cpu_m"":2168,""cap_mem_bytes"":2293408566},{""name"":""kwok-node-17"",""cap_cpu_m"":2168,""cap_mem_bytes"":2293408566},{""name"":""kwok-node-18"",""cap_cpu_m"":2168,""cap_mem_bytes"":2293408566},{""name"":""kwok-node-19"",""cap_cpu_m"":2168,""cap_mem_bytes"":2293408566},{""name"":""kwok-node-20"",""cap_cpu_m"":2168,""cap_mem_bytes"":2293408566},{""name"":""kwok-node-21"",""cap_cpu_m"":2168,""cap_mem_bytes"":2293408566},{""name"":""kwok-node-22"",""cap_cpu_m"":2168,""cap_mem_bytes"":2293408566},{""name"":""kwok-node-23"",""cap_cpu_m"":2168,""cap_mem_bytes"":2293408566},{""name"":""kwok-node-24"",""cap_cpu_m"":2168,""cap_mem_bytes"":2293408566},{""name"":""kwok-node-25"",""cap_cpu_m"":2168,""cap_mem_bytes"":2293408566},{""name"":""kwok-node-26"",""cap_cpu_m"":2168,""cap_mem_bytes"":2293408566},{""name"":""kwok-node-27"",""cap_cpu_m"":2168,""cap_mem_bytes"":2293408566},{""name"":""kwok-node-28"",""cap_cpu_m"":2168,""cap_mem_bytes"":2293408566},{""name"":""kwok-node-29"",""cap_cpu_m"":2168,""cap_mem_bytes"":2293408566},{""name"":""kwok-node-30"",""cap_cpu_m"":2168,""cap_mem_bytes"":2293408566},{""name"":""kwok-node-31"",""cap_cpu_m"":2168,""cap_mem_bytes"":2293408566},{""name"":""kwok-node-32"",""cap_cpu_m"":2168,""cap_mem_bytes"":2293408566}]"
2026/02/11/11:53:07,1754007979673256872,no improving solution from any solver,"{""evicted"":0,""moved"":0,""placed_by_priority"":{""1"":32,""2"":33,""3"":16,""4"":25}}",,,,,"[{""duration_ms"":956,""name"":""python"",""score"":{""evicted"":0,""moved"":0,""placed_by_priority"":null},""status"":""FAILED""}]",0.852,0.852,0.845,0.845,62743,62743,58874070778,58874070778,106,106,22,22,"{""kwok-node-1"":4,""kwok-node-10"":4,""kwok-node-11"":3,""kwok-node-12"":3,""kwok-node-13"":4,""kwok-node-14"":4,""kwok-node-15"":2,""kwok-node-16"":4,""kwok-node-17"":4,""kwok-node-18"":3,""kwok-node-19"":4,""kwok-node-2"":4,""kwok-node-20"":3,""kwok-node-21"":4,""kwok-node-22"":4,""kwok-node-23"":3,""kwok-node-24"":4,""kwok-node-25"":2,""kwok-node-26"":3,""kwok-node-27"":3,""kwok-node-28"":4,""kwok-node-29"":2,""kwok-node-3"":4,""kwok-node-30"":3,""kwok-node-31"":2,""kwok-node-32"":2,""kwok-node-4"":4,""kwok-node-5"":3,""kwok-node-6"":3,""kwok-node-7"":4,""kwok-node-8"":2,""kwok-node-9"":4}","{""kwok-node-1"":4,""kwok-node-10"":4,""kwok-node-11"":3,""kwok-node-12"":3,""kwok-node-13"":4,""kwok-node-14"":4,""kwok-node-15"":2,""kwok-node-16"":4,""kwok-node-17"":4,""kwok-node-18"":3,""kwok-node-19"":4,""kwok-node-2"":4,""kwok-node-20"":3,""kwok-node-21"":4,""kwok-node-22"":4,""kwok-node-23"":3,""kwok-node-24"":4,""kwok-node-25"":2,""kwok-node-26"":3,""kwok-node-27"":3,""kwok-node-28"":4,""kwok-node-29"":2,""kwok-node-3"":4,""kwok-node-30"":3,""kwok-node-31"":2,""kwok-node-32"":2,""kwok-node-4"":4,""kwok-node-5"":3,""kwok-node-6"":3,""kwok-node-7"":4,""kwok-node-8"":2,""kwok-node-9"":4}","{""p1"":32,""p2"":33,""p3"":16,""p4"":25}","{""p1"":32,""p2"":33,""p3"":16,""p4"":25}","{""p1"":8,""p2"":8,""p3"":3,""p4"":3}","{""p1"":8,""p2"":8,""p3"":3,""p4"":3}","{rs-37-p2-5kdr9,rs-37-p2-62rmh,rs-37-p2-6dh9k,rs-37-p2-d5fp9,rs-39-p3-jvsbp,rs-44-p2-59ccj,rs-44-p2-g8pjl,rs-45-p1-9mxcw,rs-45-p1-hl5vd,rs-46-p1-2qwr4,rs-46-p1-fzgx7,rs-48-p2-2srz7,rs-48-p2-64rw4,rs-49-p1-965br,rs-49-p1-g8xrk,rs-49-p1-qpdfd,rs-50-p3-564d9,rs-50-p3-qr5zt,rs-51-p4-6z4bs,rs-51-p4-7lglq,rs-51-p4-q6pmv,rs-53-p1-sh8w2}","{rs-37-p2-5kdr9,rs-37-p2-62rmh,rs-37-p2-6dh9k,rs-37-p2-d5fp9,rs-39-p3-jvsbp,rs-44-p2-59ccj,rs-44-p2-g8pjl,rs-45-p1-9mxcw,rs-45-p1-hl5vd,rs-46-p1-2qwr4,rs-46-p1-fzgx7,rs-48-p2-2srz7,rs-48-p2-64rw4,rs-49-p1-965br,rs-49-p1-g8xrk,rs-49-p1-qpdfd,rs-50-p3-564d9,rs-50-p3-qr5zt,rs-51-p4-6z4bs,rs-51-p4-7lglq,rs-51-p4-q6pmv,rs-53-p1-sh8w2}","{rs-01-p4-4nk4h,rs-01-p4-fmzlj,rs-02-p2-5qxb6,rs-02-p2-8fns8,rs-03-p3-smglx,rs-04-p1-4xbzj,rs-04-p1-6gzcm,rs-05-p3-lnrvt,rs-05-p3-lnspp,rs-06-p2-2dp72,rs-06-p2-dg4xw,rs-06-p2-dhm72,rs-06-p2-nkdw5,rs-07-p4-ch4q6,rs-07-p4-t7tdm,rs-08-p1-459nx,rs-08-p1-lpzw8,rs-09-p3-2vmxz,rs-09-p3-vsc6x,rs-10-p1-2b4f9,rs-11-p2-vgnk5,rs-12-p1-69q9x,rs-12-p1-tbqcl,rs-12-p1-vtvsh,rs-13-p4-42dts,rs-13-p4-5l5ck,rs-13-p4-6zpjh,rs-13-p4-tpc94,rs-14-p4-jmrc5,rs-14-p4-t2jd7,rs-15-p1-2ktmp,rs-15-p1-plh2k,rs-16-p2-46zdt,rs-16-p2-gl6cg,rs-16-p2-l852j,rs-16-p2-tx7lz,rs-17-p2-lxsk8,rs-17-p2-n2ktz,rs-17-p2-tmb6k,rs-18-p3-p5rmr,rs-18-p3-zxgs7,rs-19-p2-4v459,rs-19-p2-6p662,rs-19-p2-l4gcr,rs-20-p1-dqkx7,rs-20-p1-l68c9,rs-20-p1-pnjmp,rs-20-p1-qbdd2,rs-21-p4-pbkrj,rs-22-p2-k6h8h,rs-23-p1-2mmtr,rs-23-p1-4fzn9,rs-23-p1-bhvkl,rs-23-p1-cc5zq,rs-24-p3-g2zr4,rs-25-p1-h7bjm,rs-25-p1-hnhxs,rs-25-p1-j2dkx,rs-25-p1-kd49l,rs-26-p4-jkfts,rs-26-p4-n9jgn,rs-26-p4-ptt2w,rs-27-p4-fbhxz,rs-27-p4-lrgrm,rs-27-p4-vlqml,rs-28-p2-86qwd,rs-28-p2-ks2ww,rs-28-p2-lxbjk,rs-28-p2-ndfvp,rs-29-p4-zwwg2,rs-30-p2-q97cr,rs-31-p3-nf4x9,rs-32-p1-8mdjr,rs-32-p1-ncrmv,rs-33-p2-52sqh,rs-33-p2-6q9bt,rs-33-p2-74qcc,rs-33-p2-mqfwj,rs-34-p1-csxnh,rs-34-p1-d2ht6,rs-34-p1-kdmfp,rs-35-p3-gb58s,rs-35-p3-tmh46,rs-35-p3-xbckk,rs-36-p4-69q68,rs-36-p4-dvbtx,rs-36-p4-hjllm,rs-36-p4-v5hqv,rs-38-p3-2cczd,rs-38-p3-dhj48,rs-38-p3-f6htm,rs-39-p3-r2cf7,rs-40-p4-mvnn2,rs-40-p4-rj2rb,rs-40-p4-wk42w,rs-41-p1-6gfdv,rs-41-p1-r4nqw,rs-42-p1-gbwtn,rs-42-p1-xqhfh,rs-43-p2-8lhnh,rs-43-p2-9dwxw,rs-43-p2-k5wgz,rs-43-p2-x8kq9,rs-44-p2-rtwrn,rs-47-p2-mvpbq,rs-52-p1-j7ns4}","{rs-01-p4-4nk4h,rs-01-p4-fmzlj,rs-02-p2-5qxb6,rs-02-p2-8fns8,rs-03-p3-smglx,rs-04-p1-4xbzj,rs-04-p1-6gzcm,rs-05-p3-lnrvt,rs-05-p3-lnspp,rs-06-p2-2dp72,rs-06-p2-dg4xw,rs-06-p2-dhm72,rs-06-p2-nkdw5,rs-07-p4-ch4q6,rs-07-p4-t7tdm,rs-08-p1-459nx,rs-08-p1-lpzw8,rs-09-p3-2vmxz,rs-09-p3-vsc6x,rs-10-p1-2b4f9,rs-11-p2-vgnk5,rs-12-p1-69q9x,rs-12-p1-tbqcl,rs-12-p1-vtvsh,rs-13-p4-42dts,rs-13-p4-5l5ck,rs-13-p4-6zpjh,rs-13-p4-tpc94,rs-14-p4-jmrc5,rs-14-p4-t2jd7,rs-15-p1-2ktmp,rs-15-p1-plh2k,rs-16-p2-46zdt,rs-16-p2-gl6cg,rs-16-p2-l852j,rs-16-p2-tx7lz,rs-17-p2-lxsk8,rs-17-p2-n2ktz,rs-17-p2-tmb6k,rs-18-p3-p5rmr,rs-18-p3-zxgs7,rs-19-p2-4v459,rs-19-p2-6p662,rs-19-p2-l4gcr,rs-20-p1-dqkx7,rs-20-p1-l68c9,rs-20-p1-pnjmp,rs-20-p1-qbdd2,rs-21-p4-pbkrj,rs-22-p2-k6h8h,rs-23-p1-2mmtr,rs-23-p1-4fzn9,rs-23-p1-bhvkl,rs-23-p1-cc5zq,rs-24-p3-g2zr4,rs-25-p1-h7bjm,rs-25-p1-hnhxs,rs-25-p1-j2dkx,rs-25-p1-kd49l,rs-26-p4-jkfts,rs-26-p4-n9jgn,rs-26-p4-ptt2w,rs-27-p4-fbhxz,rs-27-p4-lrgrm,rs-27-p4-vlqml,rs-28-p2-86qwd,rs-28-p2-ks2ww,rs-28-p2-lxbjk,rs-28-p2-ndfvp,rs-29-p4-zwwg2,rs-30-p2-q97cr,rs-31-p3-nf4x9,rs-32-p1-8mdjr,rs-32-p1-ncrmv,rs-33-p2-52sqh,rs-33-p2-6q9bt,rs-33-p2-74qcc,rs-33-p2-mqfwj,rs-34-p1-csxnh,rs-34-p1-d2ht6,rs-34-p1-kdmfp,rs-35-p3-gb58s,rs-35-p3-tmh46,rs-35-p3-xbckk,rs-36-p4-69q68,rs-36-p4-dvbtx,rs-36-p4-hjllm,rs-36-p4-v5hqv,rs-38-p3-2cczd,rs-38-p3-dhj48,rs-38-p3-f6htm,rs-39-p3-r2cf7,rs-40-p4-mvnn2,rs-40-p4-rj2rb,rs-40-p4-wk42w,rs-41-p1-6gfdv,rs-41-p1-r4nqw,rs-42-p1-gbwtn,rs-42-p1-xqhfh,rs-43-p2-8lhnh,rs-43-p2-9dwxw,rs-43-p2-k5wgz,rs-43-p2-x8kq9,rs-44-p2-rtwrn,rs-47-p2-mvpbq,rs-52-p1-j7ns4}","[{""name"":""rs-01-p4-4nk4h"",""cpu_m"":642,""mem_b"":209329058,""priority"":""4"",""node"":""kwok-node-10""},{""name"":""rs-01-p4-fmzlj"",""cpu_m"":642,""mem_b"":209329058,""priority"":""4"",""node"":""kwok-node-16""},{""name"":""rs-02-p2-5qxb6"",""cpu_m"":830,""mem_b"":188764937,""priority"":""2"",""node"":""kwok-node-19""},{""name"":""rs-02-p2-8fns8"",""cpu_m"":830,""mem_b"":188764937,""priority"":""2"",""node"":""kwok-node-13""},{""name"":""rs-03-p3-smglx"",""cpu_m"":760,""mem_b"":419037958,""priority"":""3"",""node"":""kwok-node-20""},{""name"":""rs-04-p1-4xbzj"",""cpu_m"":801,""mem_b"":300206724,""priority"":""1"",""node"":""kwok-node-11""},{""name"":""rs-04-p1-6gzcm"",""cpu_m"":801,""mem_b"":300206724,""priority"":""1"",""node"":""kwok-node-12""},{""name"":""rs-05-p3-lnrvt"",""cpu_m"":355,""mem_b"":829296193,""priority"":""3"",""node"":""kwok-node-22""},{""name"":""rs-05-p3-lnspp"",""cpu_m"":355,""mem_b"":829296193,""priority"":""3"",""node"":""kwok-node-17""},{""name"":""rs-06-p2-2dp72"",""cpu_m"":650,""mem_b"":831664249,""priority"":""2"",""node"":""kwok-node-24""},{""name"":""rs-06-p2-dg4xw"",""cpu_m"":650,""mem_b"":831664249,""priority"":""2"",""node"":""kwok-node-1""},{""name"":""rs-06-p2-dhm72"",""cpu_m"":650,""mem_b"":831664249,""priority"":""2"",""node"":""kwok-node-26""},{""name"":""rs-06-p2-nkdw5"",""cpu_m"":650,""mem_b"":831664249,""priority"":""2"",""node"":""kwok-node-15""},{""name"":""rs-07-p4-ch4q6"",""cpu_m"":394,""mem_b"":432106475,""priority"":""4"",""node"":""kwok-node-2""},{""name"":""rs-07-p4-t7tdm"",""cpu_m"":394,""mem_b"":432106475,""priority"":""4"",""node"":""kwok-node-21""},{""name"":""rs-08-p1-459nx"",""cpu_m"":121,""mem_b"":979007194,""priority"":""1"",""node"":""kwok-node-14""},{""name"":""rs-08-p1-lpzw8"",""cpu_m"":121,""mem_b"":979007194,""priority"":""1"",""node"":""kwok-node-28""},{""name"":""rs-09-p3-2vmxz"",""cpu_m"":803,""mem_b"":551842397,""priority"":""3"",""node"":""kwok-node-18""},{""name"":""rs-09-p3-vsc6x"",""cpu_m"":803,""mem_b"":551842397,""priority"":""3"",""node"":""kwok-node-23""},{""name"":""rs-10-p1-2b4f9"",""cpu_m"":249,""mem_b"":636097073,""priority"":""1"",""node"":""kwok-node-3""},{""name"":""rs-11-p2-vgnk5"",""cpu_m"":927,""mem_b"":385587141,""priority"":""2"",""node"":""kwok-node-4""},{""name"":""rs-12-p1-69q9x"",""cpu_m"":800,""mem_b"":988268896,""priority"":""1"",""node"":""kwok-node-30""},{""name"":""rs-12-p1-tbqcl"",""cpu_m"":800,""mem_b"":988268896,""priority"":""1"",""node"":""kwok-node-27""},{""name"":""rs-12-p1-vtvsh"",""cpu_m"":800,""mem_b"":988268896,""priority"":""1"",""node"":""kwok-node-29""},{""name"":""rs-13-p4-42dts"",""cpu_m"":818,""mem_b"":872900454,""priority"":""4"",""node"":""kwok-node-6""},{""name"":""rs-13-p4-5l5ck"",""cpu_m"":818,""mem_b"":872900454,""priority"":""4"",""node"":""kwok-node-25""},{""name"":""rs-13-p4-6zpjh"",""cpu_m"":818,""mem_b"":872900454,""priority"":""4"",""node"":""kwok-node-31""},{""name"":""rs-13-p4-tpc94"",""cpu_m"":818,""mem_b"":872900454,""priority"":""4"",""node"":""kwok-node-5""},{""name"":""rs-14-p4-jmrc5"",""cpu_m"":476,""mem_b"":402281157,""priority"":""4"",""node"":""kwok-node-9""},{""name"":""rs-14-p4-t2jd7"",""cpu_m"":476,""mem_b"":402281157,""priority"":""4"",""node"":""kwok-node-7""},{""name"":""rs-15-p1-2ktmp"",""cpu_m"":847,""mem_b"":792235836,""priority"":""1"",""node"":""kwok-node-32""},{""name"":""rs-15-p1-plh2k"",""cpu_m"":847,""mem_b"":792235836,""priority"":""1"",""node"":""kwok-node-8""},{""name"":""rs-16-p2-46zdt"",""cpu_m"":113,""mem_b"":872057928,""priority"":""2"",""node"":""kwok-node-19""},{""name"":""rs-16-p2-gl6cg"",""cpu_m"":113,""mem_b"":872057928,""priority"":""2"",""node"":""kwok-node-16""},{""name"":""rs-16-p2-l852j"",""cpu_m"":113,""mem_b"":872057928,""priority"":""2"",""node"":""kwok-node-10""},{""name"":""rs-16-p2-tx7lz"",""cpu_m"":113,""mem_b"":872057928,""priority"":""2"",""node"":""kwok-node-13""},{""name"":""rs-17-p2-lxsk8"",""cpu_m"":550,""mem_b"":254396180,""priority"":""2"",""node"":""kwok-node-21""},{""name"":""rs-17-p2-n2ktz"",""cpu_m"":550,""mem_b"":254396180,""priority"":""2"",""node"":""kwok-node-3""},{""name"":""rs-17-p2-tmb6k"",""cpu_m"":550,""mem_b"":254396180,""priority"":""2"",""node"":""kwok-node-2""},{""name"":""rs-18-p3-p5rmr"",""cpu_m"":254,""mem_b"":496119622,""priority"":""3"",""node"":""kwok-node-9""},{""name"":""rs-18-p3-zxgs7"",""cpu_m"":254,""mem_b"":496119622,""priority"":""3"",""node"":""kwok-node-7""},{""name"":""rs-19-p2-4v459"",""cpu_m"":932,""mem_b"":135752355,""priority"":""2"",""node"":""kwok-node-14""},{""name"":""rs-19-p2-6p662"",""cpu_m"":932,""mem_b"":135752355,""priority"":""2"",""node"":""kwok-node-22""},{""name"":""rs-19-p2-l4gcr"",""cpu_m"":932,""mem_b"":135752355,""priority"":""2"",""node"":""kwok-node-28""},{""name"":""rs-20-p1-dqkx7"",""cpu_m"":808,""mem_b"":690024691,""priority"":""1"",""node"":""kwok-node-26""},{""name"":""rs-20-p1-l68c9"",""cpu_m"":808,""mem_b"":690024691,""priority"":""1"",""node"":""kwok-node-18""},{""name"":""rs-20-p1-pnjmp"",""cpu_m"":808,""mem_b"":690024691,""priority"":""1"",""node"":""kwok-node-11""},{""name"":""rs-20-p1-qbdd2"",""cpu_m"":808,""mem_b"":690024691,""priority"":""1"",""node"":""kwok-node-20""},{""name"":""rs-21-p4-pbkrj"",""cpu_m"":713,""mem_b"":308502699,""priority"":""4"",""node"":""kwok-node-17""},{""name"":""rs-22-p2-k6h8h"",""cpu_m"":628,""mem_b"":540901385,""priority"":""2"",""node"":""kwok-node-12""},{""name"":""rs-23-p1-2mmtr"",""cpu_m"":936,""mem_b"":896666510,""priority"":""1"",""node"":""kwok-node-8""},{""name"":""rs-23-p1-4fzn9"",""cpu_m"":936,""mem_b"":896666510,""priority"":""1"",""node"":""kwok-node-23""},{""name"":""rs-23-p1-bhvkl"",""cpu_m"":936,""mem_b"":896666510,""priority"":""1"",""node"":""kwok-node-32""},{""name"":""rs-23-p1-cc5zq"",""cpu_m"":936,""mem_b"":896666510,""priority"":""1"",""node"":""kwok-node-15""},{""name"":""rs-24-p3-g2zr4"",""cpu_m"":240,""mem_b"":831413785,""priority"":""3"",""node"":""kwok-node-4""},{""name"":""rs-25-p1-h7bjm"",""cpu_m"":570,""mem_b"":536651057,""priority"":""1"",""node"":""kwok-node-5""},{""name"":""rs-25-p1-hnhxs"",""cpu_m"":570,""mem_b"":536651057,""priority"":""1"",""node"":""kwok-node-1""},{""name"":""rs-25-p1-j2dkx"",""cpu_m"":570,""mem_b"":536651057,""priority"":""1"",""node"":""kwok-node-24""},{""name"":""rs-25-p1-kd49l"",""cpu_m"":570,""mem_b"":536651057,""priority"":""1"",""node"":""kwok-node-6""},{""name"":""rs-26-p4-jkfts"",""cpu_m"":814,""mem_b"":798364712,""priority"":""4"",""node"":""kwok-node-31""},{""name"":""rs-26-p4-n9jgn"",""cpu_m"":814,""mem_b"":798364712,""priority"":""4"",""node"":""kwok-node-2""},{""name"":""rs-26-p4-ptt2w"",""cpu_m"":814,""mem_b"":798364712,""priority"":""4"",""node"":""kwok-node-25""},{""name"":""rs-27-p4-fbhxz"",""cpu_m"":457,""mem_b"":497291818,""priority"":""4"",""node"":""kwok-node-3""},{""name"":""rs-27-p4-lrgrm"",""cpu_m"":457,""mem_b"":497291818,""priority"":""4"",""node"":""kwok-node-21""},{""name"":""rs-27-p4-vlqml"",""cpu_m"":457,""mem_b"":497291818,""priority"":""4"",""node"":""kwok-node-9""},{""name"":""rs-28-p2-86qwd"",""cpu_m"":241,""mem_b"":876029328,""priority"":""2"",""node"":""kwok-node-12""},{""name"":""rs-28-p2-ks2ww"",""cpu_m"":241,""mem_b"":876029328,""priority"":""2"",""node"":""kwok-node-7""},{""name"":""rs-28-p2-lxbjk"",""cpu_m"":241,""mem_b"":876029328,""priority"":""2"",""node"":""kwok-node-22""},{""name"":""rs-28-p2-ndfvp"",""cpu_m"":241,""mem_b"":876029328,""priority"":""2"",""node"":""kwok-node-11""},{""name"":""rs-29-p4-zwwg2"",""cpu_m"":978,""mem_b"":481197604,""priority"":""4"",""node"":""kwok-node-10""},{""name"":""rs-30-p2-q97cr"",""cpu_m"":533,""mem_b"":514002874,""priority"":""2"",""node"":""kwok-node-30""},{""name"":""rs-31-p3-nf4x9"",""cpu_m"":885,""mem_b"":650402004,""priority"":""3"",""node"":""kwok-node-29""},{""name"":""rs-32-p1-8mdjr"",""cpu_m"":849,""mem_b"":503368028,""priority"":""1"",""node"":""kwok-node-16""},{""name"":""rs-32-p1-ncrmv"",""cpu_m"":849,""mem_b"":503368028,""priority"":""1"",""node"":""kwok-node-27""},{""name"":""rs-33-p2-52sqh"",""cpu_m"":198,""mem_b"":488663068,""priority"":""2"",""node"":""kwok-node-17""},{""name"":""rs-33-p2-6q9bt"",""cpu_m"":198,""mem_b"":488663068,""priority"":""2"",""node"":""kwok-node-28""},{""name"":""rs-33-p2-74qcc"",""cpu_m"":198,""mem_b"":488663068,""priority"":""2"",""node"":""kwok-node-19""},{""name"":""rs-33-p2-mqfwj"",""cpu_m"":198,""mem_b"":488663068,""priority"":""2"",""node"":""kwok-node-13""},{""name"":""rs-34-p1-csxnh"",""cpu_m"":364,""mem_b"":140076661,""priority"":""1"",""node"":""kwok-node-1""},{""name"":""rs-34-p1-d2ht6"",""cpu_m"":364,""mem_b"":140076661,""priority"":""1"",""node"":""kwok-node-4""},{""name"":""rs-34-p1-kdmfp"",""cpu_m"":364,""mem_b"":140076661,""priority"":""1"",""node"":""kwok-node-14""},{""name"":""rs-35-p3-gb58s"",""cpu_m"":874,""mem_b"":392420363,""priority"":""3"",""node"":""kwok-node-9""},{""name"":""rs-35-p3-tmh46"",""cpu_m"":874,""mem_b"":392420363,""priority"":""3"",""node"":""kwok-node-13""},{""name"":""rs-35-p3-xbckk"",""cpu_m"":874,""mem_b"":392420363,""priority"":""3"",""node"":""kwok-node-19""},{""name"":""rs-36-p4-69q68"",""cpu_m"":691,""mem_b"":134320055,""priority"":""4"",""node"":""kwok-node-24""},{""name"":""rs-36-p4-dvbtx"",""cpu_m"":691,""mem_b"":134320055,""priority"":""4"",""node"":""kwok-node-17""},{""name"":""rs-36-p4-hjllm"",""cpu_m"":691,""mem_b"":134320055,""priority"":""4"",""node"":""kwok-node-3""},{""name"":""rs-36-p4-v5hqv"",""cpu_m"":691,""mem_b"":134320055,""priority"":""4"",""node"":""kwok-node-28""},{""name"":""rs-37-p2-5kdr9"",""cpu_m"":956,""mem_b"":698934036,""priority"":""2"",""node"":""""},{""name"":""rs-37-p2-62rmh"",""cpu_m"":956,""mem_b"":698934036,""priority"":""2"",""node"":""""},{""name"":""rs-37-p2-6dh9k"",""cpu_m"":956,""mem_b"":698934036,""priority"":""2"",""node"":""""},{""name"":""rs-37-p2-d5fp9"",""cpu_m"":956,""mem_b"":698934036,""priority"":""2"",""node"":""""},{""name"":""rs-38-p3-2cczd"",""cpu_m"":560,""mem_b"":796696916,""priority"":""3"",""node"":""kwok-node-20""},{""name"":""rs-38-p3-dhj48"",""cpu_m"":560,""mem_b"":796696916,""priority"":""3"",""node"":""kwok-node-14""},{""name"":""rs-38-p3-f6htm"",""cpu_m"":560,""mem_b"":796696916,""priority"":""3"",""node"":""kwok-node-21""},{""name"":""rs-39-p3-jvsbp"",""cpu_m"":955,""mem_b"":406018206,""priority"":""3"",""node"":""""},{""name"":""rs-39-p3-r2cf7"",""cpu_m"":955,""mem_b"":406018206,""priority"":""3"",""node"":""kwok-node-30""},{""name"":""rs-40-p4-mvnn2"",""cpu_m"":867,""mem_b"":346454533,""priority"":""4"",""node"":""kwok-node-7""},{""name"":""rs-40-p4-rj2rb"",""cpu_m"":867,""mem_b"":346454533,""priority"":""4"",""node"":""kwok-node-5""},{""name"":""rs-40-p4-wk42w"",""cpu_m"":867,""mem_b"":346454533,""priority"":""4"",""node"":""kwok-node-6""},{""name"":""rs-41-p1-6gfdv"",""cpu_m"":477,""mem_b"":350667252,""priority"":""1"",""node"":""kwok-node-4""},{""name"":""rs-41-p1-r4nqw"",""cpu_m"":477,""mem_b"":350667252,""priority"":""1"",""node"":""kwok-node-26""},{""name"":""rs-42-p1-gbwtn"",""cpu_m"":310,""mem_b"":487658441,""priority"":""1"",""node"":""kwok-node-18""},{""name"":""rs-42-p1-xqhfh"",""cpu_m"":310,""mem_b"":487658441,""priority"":""1"",""node"":""kwok-node-23""},{""name"":""rs-43-p2-8lhnh"",""cpu_m"":376,""mem_b"":391021091,""priority"":""2"",""node"":""kwok-node-10""},{""name"":""rs-43-p2-9dwxw"",""cpu_m"":376,""mem_b"":391021091,""priority"":""2"",""node"":""kwok-node-16""},{""name"":""rs-43-p2-k5wgz"",""cpu_m"":376,""mem_b"":391021091,""priority"":""2"",""node"":""kwok-node-27""},{""name"":""rs-43-p2-x8kq9"",""cpu_m"":376,""mem_b"":391021091,""priority"":""2"",""node"":""kwok-node-1""},{""name"":""rs-44-p2-59ccj"",""cpu_m"":405,""mem_b"":575413454,""priority"":""2"",""node"":""""},{""name"":""rs-44-p2-g8pjl"",""cpu_m"":405,""mem_b"":575413454,""priority"":""2"",""node"":""""},{""name"":""rs-44-p2-rtwrn"",""cpu_m"":405,""mem_b"":575413454,""priority"":""2"",""node"":""kwok-node-2""},{""name"":""rs-45-p1-9mxcw"",""cpu_m"":917,""mem_b"":975673170,""priority"":""1"",""node"":""""},{""name"":""rs-45-p1-hl5vd"",""cpu_m"":917,""mem_b"":975673170,""priority"":""1"",""node"":""""},{""name"":""rs-46-p1-2qwr4"",""cpu_m"":676,""mem_b"":715011511,""priority"":""1"",""node"":""""},{""name"":""rs-46-p1-fzgx7"",""cpu_m"":676,""mem_b"":715011511,""priority"":""1"",""node"":""""},{""name"":""rs-47-p2-mvpbq"",""cpu_m"":709,""mem_b"":284939984,""priority"":""2"",""node"":""kwok-node-22""},{""name"":""rs-48-p2-2srz7"",""cpu_m"":144,""mem_b"":708478007,""priority"":""2"",""node"":""""},{""name"":""rs-48-p2-64rw4"",""cpu_m"":144,""mem_b"":708478007,""priority"":""2"",""node"":""""},{""name"":""rs-49-p1-965br"",""cpu_m"":543,""mem_b"":564629906,""priority"":""1"",""node"":""""},{""name"":""rs-49-p1-g8xrk"",""cpu_m"":543,""mem_b"":564629906,""priority"":""1"",""node"":""""},{""name"":""rs-49-p1-qpdfd"",""cpu_m"":543,""mem_b"":564629906,""priority"":""1"",""node"":""""},{""name"":""rs-50-p3-564d9"",""cpu_m"":369,""mem_b"":717433461,""priority"":""3"",""node"":""""},{""name"":""rs-50-p3-qr5zt"",""cpu_m"":369,""mem_b"":717433461,""priority"":""3"",""node"":""""},{""name"":""rs-51-p4-6z4bs"",""cpu_m"":735,""mem_b"":441548802,""priority"":""4"",""node"":""""},{""name"":""rs-51-p4-7lglq"",""cpu_m"":735,""mem_b"":441548802,""priority"":""4"",""node"":""""},{""name"":""rs-51-p4-q6pmv"",""cpu_m"":735,""mem_b"":441548802,""priority"":""4"",""node"":""""},{""name"":""rs-52-p1-j7ns4"",""cpu_m"":185,""mem_b"":385628957,""priority"":""1"",""node"":""kwok-node-24""},{""name"":""rs-53-p1-sh8w2"",""cpu_m"":967,""mem_b"":681389539,""priority"":""1"",""node"":""""}]","[{""name"":""rs-01-p4-4nk4h"",""cpu_m"":642,""mem_b"":209329058,""priority"":""4"",""node"":""kwok-node-10""},{""name"":""rs-01-p4-fmzlj"",""cpu_m"":642,""mem_b"":209329058,""priority"":""4"",""node"":""kwok-node-16""},{""name"":""rs-02-p2-5qxb6"",""cpu_m"":830,""mem_b"":188764937,""priority"":""2"",""node"":""kwok-node-19""},{""name"":""rs-02-p2-8fns8"",""cpu_m"":830,""mem_b"":188764937,""priority"":""2"",""node"":""kwok-node-13""},{""name"":""rs-03-p3-smglx"",""cpu_m"":760,""mem_b"":419037958,""priority"":""3"",""node"":""kwok-node-20""},{""name"":""rs-04-p1-4xbzj"",""cpu_m"":801,""mem_b"":300206724,""priority"":""1"",""node"":""kwok-node-11""},{""name"":""rs-04-p1-6gzcm"",""cpu_m"":801,""mem_b"":300206724,""priority"":""1"",""node"":""kwok-node-12""},{""name"":""rs-05-p3-lnrvt"",""cpu_m"":355,""mem_b"":829296193,""priority"":""3"",""node"":""kwok-node-22""},{""name"":""rs-05-p3-lnspp"",""cpu_m"":355,""mem_b"":829296193,""priority"":""3"",""node"":""kwok-node-17""},{""name"":""rs-06-p2-2dp72"",""cpu_m"":650,""mem_b"":831664249,""priority"":""2"",""node"":""kwok-node-24""},{""name"":""rs-06-p2-dg4xw"",""cpu_m"":650,""mem_b"":831664249,""priority"":""2"",""node"":""kwok-node-1""},{""name"":""rs-06-p2-dhm72"",""cpu_m"":650,""mem_b"":831664249,""priority"":""2"",""node"":""kwok-node-26""},{""name"":""rs-06-p2-nkdw5"",""cpu_m"":650,""mem_b"":831664249,""priority"":""2"",""node"":""kwok-node-15""},{""name"":""rs-07-p4-ch4q6"",""cpu_m"":394,""mem_b"":432106475,""priority"":""4"",""node"":""kwok-node-2""},{""name"":""rs-07-p4-t7tdm"",""cpu_m"":394,""mem_b"":432106475,""priority"":""4"",""node"":""kwok-node-21""},{""name"":""rs-08-p1-459nx"",""cpu_m"":121,""mem_b"":979007194,""priority"":""1"",""node"":""kwok-node-14""},{""name"":""rs-08-p1-lpzw8"",""cpu_m"":121,""mem_b"":979007194,""priority"":""1"",""node"":""kwok-node-28""},{""name"":""rs-09-p3-2vmxz"",""cpu_m"":803,""mem_b"":551842397,""priority"":""3"",""node"":""kwok-node-18""},{""name"":""rs-09-p3-vsc6x"",""cpu_m"":803,""mem_b"":551842397,""priority"":""3"",""node"":""kwok-node-23""},{""name"":""rs-10-p1-2b4f9"",""cpu_m"":249,""mem_b"":636097073,""priority"":""1"",""node"":""kwok-node-3""},{""name"":""rs-11-p2-vgnk5"",""cpu_m"":927,""mem_b"":385587141,""priority"":""2"",""node"":""kwok-node-4""},{""name"":""rs-12-p1-69q9x"",""cpu_m"":800,""mem_b"":988268896,""priority"":""1"",""node"":""kwok-node-30""},{""name"":""rs-12-p1-tbqcl"",""cpu_m"":800,""mem_b"":988268896,""priority"":""1"",""node"":""kwok-node-27""},{""name"":""rs-12-p1-vtvsh"",""cpu_m"":800,""mem_b"":988268896,""priority"":""1"",""node"":""kwok-node-29""},{""name"":""rs-13-p4-42dts"",""cpu_m"":818,""mem_b"":872900454,""priority"":""4"",""node"":""kwok-node-6""},{""name"":""rs-13-p4-5l5ck"",""cpu_m"":818,""mem_b"":872900454,""priority"":""4"",""node"":""kwok-node-25""},{""name"":""rs-13-p4-6zpjh"",""cpu_m"":818,""mem_b"":872900454,""priority"":""4"",""node"":""kwok-node-31""},{""name"":""rs-13-p4-tpc94"",""cpu_m"":818,""mem_b"":872900454,""priority"":""4"",""node"":""kwok-node-5""},{""name"":""rs-14-p4-jmrc5"",""cpu_m"":476,""mem_b"":402281157,""priority"":""4"",""node"":""kwok-node-9""},{""name"":""rs-14-p4-t2jd7"",""cpu_m"":476,""mem_b"":402281157,""priority"":""4"",""node"":""kwok-node-7""},{""name"":""rs-15-p1-2ktmp"",""cpu_m"":847,""mem_b"":792235836,""priority"":""1"",""node"":""kwok-node-32""},{""name"":""rs-15-p1-plh2k"",""cpu_m"":847,""mem_b"":792235836,""priority"":""1"",""node"":""kwok-node-8""},{""name"":""rs-16-p2-46zdt"",""cpu_m"":113,""mem_b"":872057928,""priority"":""2"",""node"":""kwok-node-19""},{""name"":""rs-16-p2-gl6cg"",""cpu_m"":113,""mem_b"":872057928,""priority"":""2"",""node"":""kwok-node-16""},{""name"":""rs-16-p2-l852j"",""cpu_m"":113,""mem_b"":872057928,""priority"":""2"",""node"":""kwok-node-10""},{""name"":""rs-16-p2-tx7lz"",""cpu_m"":113,""mem_b"":872057928,""priority"":""2"",""node"":""kwok-node-13""},{""name"":""rs-17-p2-lxsk8"",""cpu_m"":550,""mem_b"":254396180,""priority"":""2"",""node"":""kwok-node-21""},{""name"":""rs-17-p2-n2ktz"",""cpu_m"":550,""mem_b"":254396180,""priority"":""2"",""node"":""kwok-node-3""},{""name"":""rs-17-p2-tmb6k"",""cpu_m"":550,""mem_b"":254396180,""priority"":""2"",""node"":""kwok-node-2""},{""name"":""rs-18-p3-p5rmr"",""cpu_m"":254,""mem_b"":496119622,""priority"":""3"",""node"":""kwok-node-9""},{""name"":""rs-18-p3-zxgs7"",""cpu_m"":254,""mem_b"":496119622,""priority"":""3"",""node"":""kwok-node-7""},{""name"":""rs-19-p2-4v459"",""cpu_m"":932,""mem_b"":135752355,""priority"":""2"",""node"":""kwok-node-14""},{""name"":""rs-19-p2-6p662"",""cpu_m"":932,""mem_b"":135752355,""priority"":""2"",""node"":""kwok-node-22""},{""name"":""rs-19-p2-l4gcr"",""cpu_m"":932,""mem_b"":135752355,""priority"":""2"",""node"":""kwok-node-28""},{""name"":""rs-20-p1-dqkx7"",""cpu_m"":808,""mem_b"":690024691,""priority"":""1"",""node"":""kwok-node-26""},{""name"":""rs-20-p1-l68c9"",""cpu_m"":808,""mem_b"":690024691,""priority"":""1"",""node"":""kwok-node-18""},{""name"":""rs-20-p1-pnjmp"",""cpu_m"":808,""mem_b"":690024691,""priority"":""1"",""node"":""kwok-node-11""},{""name"":""rs-20-p1-qbdd2"",""cpu_m"":808,""mem_b"":690024691,""priority"":""1"",""node"":""kwok-node-20""},{""name"":""rs-21-p4-pbkrj"",""cpu_m"":713,""mem_b"":308502699,""priority"":""4"",""node"":""kwok-node-17""},{""name"":""rs-22-p2-k6h8h"",""cpu_m"":628,""mem_b"":540901385,""priority"":""2"",""node"":""kwok-node-12""},{""name"":""rs-23-p1-2mmtr"",""cpu_m"":936,""mem_b"":896666510,""priority"":""1"",""node"":""kwok-node-8""},{""name"":""rs-23-p1-4fzn9"",""cpu_m"":936,""mem_b"":896666510,""priority"":""1"",""node"":""kwok-node-23""},{""name"":""rs-23-p1-bhvkl"",""cpu_m"":936,""mem_b"":896666510,""priority"":""1"",""node"":""kwok-node-32""},{""name"":""rs-23-p1-cc5zq"",""cpu_m"":936,""mem_b"":896666510,""priority"":""1"",""node"":""kwok-node-15""},{""name"":""rs-24-p3-g2zr4"",""cpu_m"":240,""mem_b"":831413785,""priority"":""3"",""node"":""kwok-node-4""},{""name"":""rs-25-p1-h7bjm"",""cpu_m"":570,""mem_b"":536651057,""priority"":""1"",""node"":""kwok-node-5""},{""name"":""rs-25-p1-hnhxs"",""cpu_m"":570,""mem_b"":536651057,""priority"":""1"",""node"":""kwok-node-1""},{""name"":""rs-25-p1-j2dkx"",""cpu_m"":570,""mem_b"":536651057,""priority"":""1"",""node"":""kwok-node-24""},{""name"":""rs-25-p1-kd49l"",""cpu_m"":570,""mem_b"":536651057,""priority"":""1"",""node"":""kwok-node-6""},{""name"":""rs-26-p4-jkfts"",""cpu_m"":814,""mem_b"":798364712,""priority"":""4"",""node"":""kwok-node-31""},{""name"":""rs-26-p4-n9jgn"",""cpu_m"":814,""mem_b"":798364712,""priority"":""4"",""node"":""kwok-node-2""},{""name"":""rs-26-p4-ptt2w"",""cpu_m"":814,""mem_b"":798364712,""priority"":""4"",""node"":""kwok-node-25""},{""name"":""rs-27-p4-fbhxz"",""cpu_m"":457,""mem_b"":497291818,""priority"":""4"",""node"":""kwok-node-3""},{""name"":""rs-27-p4-lrgrm"",""cpu_m"":457,""mem_b"":497291818,""priority"":""4"",""node"":""kwok-node-21""},{""name"":""rs-27-p4-vlqml"",""cpu_m"":457,""mem_b"":497291818,""priority"":""4"",""node"":""kwok-node-9""},{""name"":""rs-28-p2-86qwd"",""cpu_m"":241,""mem_b"":876029328,""priority"":""2"",""node"":""kwok-node-12""},{""name"":""rs-28-p2-ks2ww"",""cpu_m"":241,""mem_b"":876029328,""priority"":""2"",""node"":""kwok-node-7""},{""name"":""rs-28-p2-lxbjk"",""cpu_m"":241,""mem_b"":876029328,""priority"":""2"",""node"":""kwok-node-22""},{""name"":""rs-28-p2-ndfvp"",""cpu_m"":241,""mem_b"":876029328,""priority"":""2"",""node"":""kwok-node-11""},{""name"":""rs-29-p4-zwwg2"",""cpu_m"":978,""mem_b"":481197604,""priority"":""4"",""node"":""kwok-node-10""},{""name"":""rs-30-p2-q97cr"",""cpu_m"":533,""mem_b"":514002874,""priority"":""2"",""node"":""kwok-node-30""},{""name"":""rs-31-p3-nf4x9"",""cpu_m"":885,""mem_b"":650402004,""priority"":""3"",""node"":""kwok-node-29""},{""name"":""rs-32-p1-8mdjr"",""cpu_m"":849,""mem_b"":503368028,""priority"":""1"",""node"":""kwok-node-16""},{""name"":""rs-32-p1-ncrmv"",""cpu_m"":849,""mem_b"":503368028,""priority"":""1"",""node"":""kwok-node-27""},{""name"":""rs-33-p2-52sqh"",""cpu_m"":198,""mem_b"":488663068,""priority"":""2"",""node"":""kwok-node-17""},{""name"":""rs-33-p2-6q9bt"",""cpu_m"":198,""mem_b"":488663068,""priority"":""2"",""node"":""kwok-node-28""},{""name"":""rs-33-p2-74qcc"",""cpu_m"":198,""mem_b"":488663068,""priority"":""2"",""node"":""kwok-node-19""},{""name"":""rs-33-p2-mqfwj"",""cpu_m"":198,""mem_b"":488663068,""priority"":""2"",""node"":""kwok-node-13""},{""name"":""rs-34-p1-csxnh"",""cpu_m"":364,""mem_b"":140076661,""priority"":""1"",""node"":""kwok-node-1""},{""name"":""rs-34-p1-d2ht6"",""cpu_m"":364,""mem_b"":140076661,""priority"":""1"",""node"":""kwok-node-4""},{""name"":""rs-34-p1-kdmfp"",""cpu_m"":364,""mem_b"":140076661,""priority"":""1"",""node"":""kwok-node-14""},{""name"":""rs-35-p3-gb58s"",""cpu_m"":874,""mem_b"":392420363,""priority"":""3"",""node"":""kwok-node-9""},{""name"":""rs-35-p3-tmh46"",""cpu_m"":874,""mem_b"":392420363,""priority"":""3"",""node"":""kwok-node-13""},{""name"":""rs-35-p3-xbckk"",""cpu_m"":874,""mem_b"":392420363,""priority"":""3"",""node"":""kwok-node-19""},{""name"":""rs-36-p4-69q68"",""cpu_m"":691,""mem_b"":134320055,""priority"":""4"",""node"":""kwok-node-24""},{""name"":""rs-36-p4-dvbtx"",""cpu_m"":691,""mem_b"":134320055,""priority"":""4"",""node"":""kwok-node-17""},{""name"":""rs-36-p4-hjllm"",""cpu_m"":691,""mem_b"":134320055,""priority"":""4"",""node"":""kwok-node-3""},{""name"":""rs-36-p4-v5hqv"",""cpu_m"":691,""mem_b"":134320055,""priority"":""4"",""node"":""kwok-node-28""},{""name"":""rs-37-p2-5kdr9"",""cpu_m"":956,""mem_b"":698934036,""priority"":""2"",""node"":""""},{""name"":""rs-37-p2-62rmh"",""cpu_m"":956,""mem_b"":698934036,""priority"":""2"",""node"":""""},{""name"":""rs-37-p2-6dh9k"",""cpu_m"":956,""mem_b"":698934036,""priority"":""2"",""node"":""""},{""name"":""rs-37-p2-d5fp9"",""cpu_m"":956,""mem_b"":698934036,""priority"":""2"",""node"":""""},{""name"":""rs-38-p3-2cczd"",""cpu_m"":560,""mem_b"":796696916,""priority"":""3"",""node"":""kwok-node-20""},{""name"":""rs-38-p3-dhj48"",""cpu_m"":560,""mem_b"":796696916,""priority"":""3"",""node"":""kwok-node-14""},{""name"":""rs-38-p3-f6htm"",""cpu_m"":560,""mem_b"":796696916,""priority"":""3"",""node"":""kwok-node-21""},{""name"":""rs-39-p3-jvsbp"",""cpu_m"":955,""mem_b"":406018206,""priority"":""3"",""node"":""""},{""name"":""rs-39-p3-r2cf7"",""cpu_m"":955,""mem_b"":406018206,""priority"":""3"",""node"":""kwok-node-30""},{""name"":""rs-40-p4-mvnn2"",""cpu_m"":867,""mem_b"":346454533,""priority"":""4"",""node"":""kwok-node-7""},{""name"":""rs-40-p4-rj2rb"",""cpu_m"":867,""mem_b"":346454533,""priority"":""4"",""node"":""kwok-node-5""},{""name"":""rs-40-p4-wk42w"",""cpu_m"":867,""mem_b"":346454533,""priority"":""4"",""node"":""kwok-node-6""},{""name"":""rs-41-p1-6gfdv"",""cpu_m"":477,""mem_b"":350667252,""priority"":""1"",""node"":""kwok-node-4""},{""name"":""rs-41-p1-r4nqw"",""cpu_m"":477,""mem_b"":350667252,""priority"":""1"",""node"":""kwok-node-26""},{""name"":""rs-42-p1-gbwtn"",""cpu_m"":310,""mem_b"":487658441,""priority"":""1"",""node"":""kwok-node-18""},{""name"":""rs-42-p1-xqhfh"",""cpu_m"":310,""mem_b"":487658441,""priority"":""1"",""node"":""kwok-node-23""},{""name"":""rs-43-p2-8lhnh"",""cpu_m"":376,""mem_b"":391021091,""priority"":""2"",""node"":""kwok-node-10""},{""name"":""rs-43-p2-9dwxw"",""cpu_m"":376,""mem_b"":391021091,""priority"":""2"",""node"":""kwok-node-16""},{""name"":""rs-43-p2-k5wgz"",""cpu_m"":376,""mem_b"":391021091,""priority"":""2"",""node"":""kwok-node-27""},{""name"":""rs-43-p2-x8kq9"",""cpu_m"":376,""mem_b"":391021091,""priority"":""2"",""node"":""kwok-node-1""},{""name"":""rs-44-p2-59ccj"",""cpu_m"":405,""mem_b"":575413454,""priority"":""2"",""node"":""""},{""name"":""rs-44-p2-g8pjl"",""cpu_m"":405,""mem_b"":575413454,""priority"":""2"",""node"":""""},{""name"":""rs-44-p2-rtwrn"",""cpu_m"":405,""mem_b"":575413454,""priority"":""2"",""node"":""kwok-node-2""},{""name"":""rs-45-p1-9mxcw"",""cpu_m"":917,""mem_b"":975673170,""priority"":""1"",""node"":""""},{""name"":""rs-45-p1-hl5vd"",""cpu_m"":917,""mem_b"":975673170,""priority"":""1"",""node"":""""},{""name"":""rs-46-p1-2qwr4"",""cpu_m"":676,""mem_b"":715011511,""priority"":""1"",""node"":""""},{""name"":""rs-46-p1-fzgx7"",""cpu_m"":676,""mem_b"":715011511,""priority"":""1"",""node"":""""},{""name"":""rs-47-p2-mvpbq"",""cpu_m"":709,""mem_b"":284939984,""priority"":""2"",""node"":""kwok-node-22""},{""name"":""rs-48-p2-2srz7"",""cpu_m"":144,""mem_b"":708478007,""priority"":""2"",""node"":""""},{""name"":""rs-48-p2-64rw4"",""cpu_m"":144,""mem_b"":708478007,""priority"":""2"",""node"":""""},{""name"":""rs-49-p1-965br"",""cpu_m"":543,""mem_b"":564629906,""priority"":""1"",""node"":""""},{""name"":""rs-49-p1-g8xrk"",""cpu_m"":543,""mem_b"":564629906,""priority"":""1"",""node"":""""},{""name"":""rs-49-p1-qpdfd"",""cpu_m"":543,""mem_b"":564629906,""priority"":""1"",""node"":""""},{""name"":""rs-50-p3-564d9"",""cpu_m"":369,""mem_b"":717433461,""priority"":""3"",""node"":""""},{""name"":""rs-50-p3-qr5zt"",""cpu_m"":369,""mem_b"":717433461,""priority"":""3"",""node"":""""},{""name"":""rs-51-p4-6z4bs"",""cpu_m"":735,""mem_b"":441548802,""priority"":""4"",""node"":""""},{""name"":""rs-51-p4-7lglq"",""cpu_m"":735,""mem_b"":441548802,""priority"":""4"",""node"":""""},{""name"":""rs-51-p4-q6pmv"",""cpu_m"":735,""mem_b"":441548802,""priority"":""4"",""node"":""""},{""name"":""rs-52-p1-j7ns4"",""cpu_m"":185,""mem_b"":385628957,""priority"":""1"",""node"":""kwok-node-24""},{""name"":""rs-53-p1-sh8w2"",""cpu_m"":967,""mem_b"":681389539,""priority"":""1"",""node"":""""}]","[{""name"":""kwok-node-1"",""cap_cpu_m"":2302,""cap_mem_bytes"":2177374108},{""name"":""kwok-node-2"",""cap_cpu_m"":2302,""cap_mem_bytes"":2177374108},{""name"":""kwok-node-3"",""cap_cpu_m"":2302,""cap_mem_bytes"":2177374108},{""name"":""kwok-node-4"",""cap_cpu_m"":2302,""cap_mem_bytes"":2177374108},{""name"":""kwok-node-5"",""cap_cpu_m"":2302,""cap_mem_bytes"":2177374108},{""name"":""kwok-node-6"",""cap_cpu_m"":2302,""cap_mem_bytes"":2177374108},{""name"":""kwok-node-7"",""cap_cpu_m"":2302,""cap_mem_bytes"":2177374108},{""name"":""kwok-node-8"",""cap_cpu_m"":2302,""cap_mem_bytes"":2177374108},{""name"":""kwok-node-9"",""cap_cpu_m"":2302,""cap_mem_bytes"":2177374108},{""name"":""kwok-node-10"",""cap_cpu_m"":2302,""cap_mem_bytes"":2177374108},{""name"":""kwok-node-11"",""cap_cpu_m"":2302,""cap_mem_bytes"":2177374108},{""name"":""kwok-node-12"",""cap_cpu_m"":2302,""cap_mem_bytes"":2177374108},{""name"":""kwok-node-13"",""cap_cpu_m"":2302,""cap_mem_bytes"":2177374108},{""name"":""kwok-node-14"",""cap_cpu_m"":2302,""cap_mem_bytes"":2177374108},{""name"":""kwok-node-15"",""cap_cpu_m"":2302,""cap_mem_bytes"":2177374108},{""name"":""kwok-node-16"",""cap_cpu_m"":2302,""cap_mem_bytes"":2177374108},{""name"":""kwok-node-17"",""cap_cpu_m"":2302,""cap_mem_bytes"":2177374108},{""name"":""kwok-node-18"",""cap_cpu_m"":2302,""cap_mem_bytes"":2177374108},{""name"":""kwok-node-19"",""cap_cpu_m"":2302,""cap_mem_bytes"":2177374108},{""name"":""kwok-node-20"",""cap_cpu_m"":2302,""cap_mem_bytes"":2177374108},{""name"":""kwok-node-21"",""cap_cpu_m"":2302,""cap_mem_bytes"":2177374108},{""name"":""kwok-node-22"",""cap_cpu_m"":2302,""cap_mem_bytes"":2177374108},{""name"":""kwok-node-23"",""cap_cpu_m"":2302,""cap_mem_bytes"":2177374108},{""name"":""kwok-node-24"",""cap_cpu_m"":2302,""cap_mem_bytes"":2177374108},{""name"":""kwok-node-25"",""cap_cpu_m"":2302,""cap_mem_bytes"":2177374108},{""name"":""kwok-node-26"",""cap_cpu_m"":2302,""cap_mem_bytes"":2177374108},{""name"":""kwok-node-27"",""cap_cpu_m"":2302,""cap_mem_bytes"":2177374108},{""name"":""kwok-node-28"",""cap_cpu_m"":2302,""cap_mem_bytes"":2177374108},{""name"":""kwok-node-29"",""cap_cpu_m"":2302,""cap_mem_bytes"":2177374108},{""name"":""kwok-node-30"",""cap_cpu_m"":2302,""cap_mem_bytes"":2177374108},{""name"":""kwok-node-31"",""cap_cpu_m"":2302,""cap_mem_bytes"":2177374108},{""name"":""kwok-node-32"",""cap_cpu_m"":2302,""cap_mem_bytes"":2177374108}]"
2026/02/11/11:53:59,7738711211195866853,,"{""evicted"":0,""moved"":0,""placed_by_priority"":{""1"":34,""2"":31,""3"":20,""4"":23}}",python,"{""evicted"":7,""moved"":20,""placed_by_priority"":{""1"":28,""2"":31,""3"":26,""4"":32}}",1023,FEASIBLE,"[{""duration_ms"":1023,""name"":""python"",""score"":{""evicted"":7,""moved"":20,""placed_by_priority"":{""1"":28,""2"":31,""3"":26,""4"":32}},""status"":""FEASIBLE""}]",0.916,0.864,0.919,0.852,60476,57078,65004987893,60295996832,115,108,13,20,"{""kwok-node-1"":3,""kwok-node-10"":3,""kwok-node-11"":4,""kwok-node-12"":4,""kwok-node-13"":4,""kwok-node-14"":4,""kwok-node-15"":4,""kwok-node-16"":4,""kwok-node-17"":3,""kwok-node-18"":4,""kwok-node-19"":4,""kwok-node-2"":4,""kwok-node-20"":3,""kwok-node-21"":4,""kwok-node-22"":3,""kwok-node-23"":3,""kwok-node-24"":3,""kwok-node-25"":3,""kwok-node-26"":4,""kwok-node-27"":4,""kwok-node-28"":3,""kwok-node-29"":4,""kwok-node-3"":4,""kwok-node-30"":5,""kwok-node-31"":3,""kwok-node-32"":4,""kwok-node-4"":2,""kwok-node-5"":4,""kwok-node-6"":4,""kwok-node-7"":3,""kwok-node-8"":4,""kwok-node-9"":3}","{""kwok-node-1"":3,""kwok-node-10"":3,""kwok-node-11"":3,""kwok-node-12"":3,""kwok-node-13"":4,""kwok-node-14"":3,""kwok-node-15"":4,""kwok-node-16"":3,""kwok-node-17"":3,""kwok-node-18"":3,""kwok-node-19"":5,""kwok-node-2"":4,""kwok-node-20"":3,""kwok-node-21"":4,""kwok-node-22"":3,""kwok-node-23"":3,""kwok-node-24"":4,""kwok-node-25"":4,""kwok-node-26"":4,""kwok-node-27"":4,""kwok-node-28"":3,""kwok-node-29"":3,""kwok-node-3"":4,""kwok-node-30"":4,""kwok-node-31"":3,""kwok-node-32"":3,""kwok-node-4"":2,""kwok-node-5"":3,""kwok-node-6"":4,""kwok-node-7"":3,""kwok-node-8"":3,""kwok-node-9"":3}","{""p1"":26,""p2"":31,""p3"":26,""p4"":32}","{""p1"":34,""p2"":31,""p3"":20,""p4"":23}","{""p1"":13}","{""p1"":5,""p3"":6,""p4"":9}","{rs-02-p1-lv2qx,rs-02-p1-wkxkf,rs-03-p1-9qlrw,rs-38-p1-cnspp,rs-39-p1-5gbnw,rs-39-p1-k8l2g,rs-45-p1-wfrhm,rs-47-p1-677t4,rs-47-p1-hm2d2,rs-47-p1-kqt4h,rs-47-p1-v9cmv,rs-49-p1-57tqx,rs-51-p1-xdkm8}","{rs-44-p3-bxdr8,rs-44-p3-qb7ff,rs-46-p4-5gpln,rs-46-p4-fvrjg,rs-46-p4-lbkqh,rs-46-p4-zphst,rs-47-p1-677t4,rs-47-p1-hm2d2,rs-47-p1-kqt4h,rs-47-p1-v9cmv,rs-52-p1-pszhb,rs-53-p3-465bp,rs-53-p3-5j8gr,rs-53-p3-p7mpk,rs-53-p3-sdw8w,rs-54-p4-m62gl,rs-54-p4-mt4ts,rs-54-p4-mxw7z,rs-54-p4-wdlbb,rs-55-p4-v7xgf}","{rs-01-p2-kvj2x,rs-01-p2-pg9c5,rs-01-p2-x7gtb,rs-04-p3-hk9vn,rs-04-p3-pg8hl,rs-05-p3-246mg,rs-05-p3-fnr7q,rs-06-p1-6t6fr,rs-06-p1-jljjv,rs-06-p1-pk8wr,rs-07-p4-ncs4f,rs-08-p2-cpznh,rs-09-p3-tz7r8,rs-10-p4-mxmvs,rs-10-p4-t9zml,rs-10-p4-tkzlz,rs-11-p1-66h7m,rs-11-p1-8dgwh,rs-11-p1-cz8fx,rs-11-p1-tl8lv,rs-12-p3-m66r7,rs-12-p3-t8rr5,rs-13-p2-n55qz,rs-13-p2-pcrvq,rs-13-p2-wdrqk,rs-13-p2-wlkvn,rs-14-p3-bnptq,rs-15-p3-m9gq2,rs-16-p4-vnlph,rs-17-p1-2gh5f,rs-17-p1-b2wf8,rs-17-p1-tc469,rs-18-p2-qgw95,rs-19-p2-68rj7,rs-19-p2-ljnjj,rs-20-p2-n8xqc,rs-20-p2-w4ml6,rs-21-p2-bclr6,rs-21-p2-kb9sj,rs-22-p3-7k4kc,rs-22-p3-9dvjh,rs-22-p3-sjbfq,rs-22-p3-xqvbs,rs-23-p1-5wmd8,rs-23-p1-rjd7x,rs-23-p1-rjz2x,rs-23-p1-zcpwf,rs-24-p4-f8rs2,rs-25-p1-bz5xl,rs-25-p1-jmhhf,rs-25-p1-nz6tv,rs-26-p2-5zjbg,rs-26-p2-65fjs,rs-26-p2-dsggt,rs-26-p2-jc4dt,rs-27-p4-4rmzr,rs-27-p4-76p2s,rs-27-p4-9pf99,rs-27-p4-m778w,rs-28-p2-t8bxf,rs-29-p2-cns85,rs-29-p2-dhz5z,rs-30-p3-9kfmz,rs-30-p3-p5nbt,rs-31-p2-8fvfq,rs-31-p2-bqcj4,rs-31-p2-p79xw,rs-31-p2-z4thk,rs-32-p1-mwjk7,rs-32-p1-z962p,rs-33-p1-2745v,rs-33-p1-2sn92,rs-34-p4-9wlhr,rs-34-p4-xg75c,rs-34-p4-z5pqn,rs-35-p1-8twdl,rs-36-p2-rt286,rs-37-p3-6px85,rs-37-p3-kxxjm,rs-39-p1-2sk2p,rs-40-p3-d2xmj,rs-40-p3-d687q,rs-40-p3-hlgfl,rs-41-p4-pv4f8,rs-41-p4-r9f5g,rs-41-p4-v4dfj,rs-41-p4-vdb4d,rs-42-p4-lj4xd,rs-43-p4-t69rx,rs-43-p4-tqps4,rs-44-p3-bxdr8,rs-44-p3-qb7ff,rs-46-p4-5gpln,rs-46-p4-fvrjg,rs-46-p4-lbkqh,rs-46-p4-zphst,rs-48-p4-km5cr,rs-48-p4-v4gvs,rs-48-p4-xmmcn,rs-50-p2-dn6v9,rs-50-p2-fmbdg,rs-50-p2-kbp9q,rs-50-p2-kgjpr,rs-52-p1-6tlwd,rs-52-p1-ggfjz,rs-52-p1-pszhb,rs-53-p3-465bp,rs-53-p3-5j8gr,rs-53-p3-p7mpk,rs-53-p3-sdw8w,rs-54-p4-m62gl,rs-54-p4-mt4ts,rs-54-p4-mxw7z,rs-54-p4-wdlbb,rs-55-p4-v7xgf}","{rs-01-p2-kvj2x,rs-01-p2-pg9c5,rs-01-p2-x7gtb,rs-02-p1-76hhf,rs-02-p1-b6vf7,rs-03-p1-rjbjq,rs-04-p3-hk9vn,rs-04-p3-pg8hl,rs-05-p3-246mg,rs-05-p3-fnr7q,rs-06-p1-9c9jk,rs-06-p1-9wdwj,rs-06-p1-jljjv,rs-07-p4-ncs4f,rs-08-p2-cpznh,rs-09-p3-tz7r8,rs-10-p4-mxmvs,rs-10-p4-t9zml,rs-10-p4-tkzlz,rs-11-p1-66h7m,rs-11-p1-7r7qj,rs-11-p1-bxtcf,rs-11-p1-hcw8x,rs-12-p3-m66r7,rs-12-p3-t8rr5,rs-13-p2-n55qz,rs-13-p2-pcrvq,rs-13-p2-wdrqk,rs-13-p2-wlkvn,rs-14-p3-bnptq,rs-15-p3-m9gq2,rs-16-p4-vnlph,rs-17-p1-8pcxj,rs-17-p1-9nwcg,rs-17-p1-qwfkm,rs-18-p2-qgw95,rs-19-p2-68rj7,rs-19-p2-ljnjj,rs-20-p2-n8xqc,rs-20-p2-w4ml6,rs-21-p2-bclr6,rs-21-p2-kb9sj,rs-22-p3-7k4kc,rs-22-p3-9dvjh,rs-22-p3-sjbfq,rs-22-p3-xqvbs,rs-23-p1-4vnbl,rs-23-p1-bwjbj,rs-23-p1-ntjn6,rs-23-p1-rjz2x,rs-24-p4-f8rs2,rs-25-p1-2zrrp,rs-25-p1-jmhhf,rs-25-p1-nz6tv,rs-26-p2-5zjbg,rs-26-p2-65fjs,rs-26-p2-dsggt,rs-26-p2-jc4dt,rs-27-p4-4rmzr,rs-27-p4-76p2s,rs-27-p4-9pf99,rs-27-p4-m778w,rs-28-p2-t8bxf,rs-29-p2-cns85,rs-29-p2-dhz5z,rs-30-p3-9kfmz,rs-30-p3-p5nbt,rs-31-p2-8fvfq,rs-31-p2-bqcj4,rs-31-p2-p79xw,rs-31-p2-z4thk,rs-32-p1-5dkr7,rs-32-p1-ptjz9,rs-33-p1-8vwpl,rs-33-p1-w4tf4,rs-34-p4-9wlhr,rs-34-p4-xg75c,rs-34-p4-z5pqn,rs-35-p1-npl7v,rs-36-p2-rt286,rs-37-p3-6px85,rs-37-p3-kxxjm,rs-38-p1-gd9rx,rs-39-p1-6lp8k,rs-39-p1-6vbg8,rs-39-p1-7gbgr,rs-40-p3-d2xmj,rs-40-p3-d687q,rs-40-p3-hlgfl,rs-41-p4-pv4f8,rs-41-p4-r9f5g,rs-41-p4-v4dfj,rs-41-p4-vdb4d,rs-42-p4-lj4xd,rs-43-p4-t69rx,rs-43-p4-tqps4,rs-45-p1-fd2xs,rs-48-p4-km5cr,rs-48-p4-v4gvs,rs-48-p4-xmmcn,rs-49-p1-dfzfj,rs-50-p2-dn6v9,rs-50-p2-fmbdg,rs-50-p2-kbp9q,rs-50-p2-kgjpr,rs-51-p1-njrwx,rs-52-p1-6tlwd,rs-52-p1-ggfjz}","[{""name"":""rs-01-p2-kvj2x"",""cpu_m"":221,""mem_b"":529012442,""priority"":""2"",""node"":""kwok-node-16""},{""name"":""rs-01-p2-pg9c5"",""cpu_m"":221,""mem_b"":529012442,""priority"":""2"",""node"":""kwok-node-14""},{""name"":""rs-01-p2-x7gtb"",""cpu_m"":221,""mem_b"":529012442,""priority"":""2"",""node"":""kwok-node-13""},{""name"":""rs-02-p1-lv2qx"",""cpu_m"":849,""mem_b"":744686672,""priority"":""1"",""node"":""""},{""name"":""rs-02-p1-wkxkf"",""cpu_m"":849,""mem_b"":744686672,""priority"":""1"",""node"":""""},{""name"":""rs-03-p1-9qlrw"",""cpu_m"":837,""mem_b"":986003305,""priority"":""1"",""node"":""""},{""name"":""rs-04-p3-hk9vn"",""cpu_m"":942,""mem_b"":613397916,""priority"":""3"",""node"":""kwok-node-10""},{""name"":""rs-04-p3-pg8hl"",""cpu_m"":942,""mem_b"":613397916,""priority"":""3"",""node"":""kwok-node-23""},{""name"":""rs-05-p3-246mg"",""cpu_m"":829,""mem_b"":166258088,""priority"":""3"",""node"":""kwok-node-20""},{""name"":""rs-05-p3-fnr7q"",""cpu_m"":829,""mem_b"":166258088,""priority"":""3"",""node"":""kwok-node-11""},{""name"":""rs-06-p1-6t6fr"",""cpu_m"":600,""mem_b"":152301658,""priority"":""1"",""node"":""kwok-node-27""},{""name"":""rs-06-p1-jljjv"",""cpu_m"":600,""mem_b"":152301658,""priority"":""1"",""node"":""kwok-node-2""},{""name"":""rs-06-p1-pk8wr"",""cpu_m"":600,""mem_b"":152301658,""priority"":""1"",""node"":""kwok-node-5""},{""name"":""rs-07-p4-ncs4f"",""cpu_m"":634,""mem_b"":771044155,""priority"":""4"",""node"":""kwok-node-15""},{""name"":""rs-08-p2-cpznh"",""cpu_m"":982,""mem_b"":361315033,""priority"":""2"",""node"":""kwok-node-29""},{""name"":""rs-09-p3-tz7r8"",""cpu_m"":718,""mem_b"":196092158,""priority"":""3"",""node"":""kwok-node-27""},{""name"":""rs-10-p4-mxmvs"",""cpu_m"":141,""mem_b"":442642565,""priority"":""4"",""node"":""kwok-node-1""},{""name"":""rs-10-p4-t9zml"",""cpu_m"":141,""mem_b"":442642565,""priority"":""4"",""node"":""kwok-node-30""},{""name"":""rs-10-p4-tkzlz"",""cpu_m"":141,""mem_b"":442642565,""priority"":""4"",""node"":""kwok-node-28""},{""name"":""rs-11-p1-66h7m"",""cpu_m"":134,""mem_b"":198860362,""priority"":""1"",""node"":""kwok-node-3""},{""name"":""rs-11-p1-8dgwh"",""cpu_m"":134,""mem_b"":198860362,""priority"":""1"",""node"":""kwok-node-14""},{""name"":""rs-11-p1-cz8fx"",""cpu_m"":134,""mem_b"":198860362,""priority"":""1"",""node"":""kwok-node-32""},{""name"":""rs-11-p1-tl8lv"",""cpu_m"":134,""mem_b"":198860362,""priority"":""1"",""node"":""kwok-node-8""},{""name"":""rs-12-p3-m66r7"",""cpu_m"":976,""mem_b"":376625064,""priority"":""3"",""node"":""kwok-node-4""},{""name"":""rs-12-p3-t8rr5"",""cpu_m"":976,""mem_b"":376625064,""priority"":""3"",""node"":""kwok-node-32""},{""name"":""rs-13-p2-n55qz"",""cpu_m"":949,""mem_b"":454411055,""priority"":""2"",""node"":""kwok-node-9""},{""name"":""rs-13-p2-pcrvq"",""cpu_m"":949,""mem_b"":454411055,""priority"":""2"",""node"":""kwok-node-8""},{""name"":""rs-13-p2-wdrqk"",""cpu_m"":949,""mem_b"":454411055,""priority"":""2"",""node"":""kwok-node-5""},{""name"":""rs-13-p2-wlkvn"",""cpu_m"":949,""mem_b"":454411055,""priority"":""2"",""node"":""kwok-node-6""},{""name"":""rs-14-p3-bnptq"",""cpu_m"":419,""mem_b"":717316003,""priority"":""3"",""node"":""kwok-node-7""},{""name"":""rs-15-p3-m9gq2"",""cpu_m"":113,""mem_b"":699413712,""priority"":""3"",""node"":""kwok-node-26""},{""name"":""rs-16-p4-vnlph"",""cpu_m"":557,""mem_b"":895081335,""priority"":""4"",""node"":""kwok-node-31""},{""name"":""rs-17-p1-2gh5f"",""cpu_m"":329,""mem_b"":485545059,""priority"":""1"",""node"":""kwok-node-29""},{""name"":""rs-17-p1-b2wf8"",""cpu_m"":329,""mem_b"":485545059,""priority"":""1"",""node"":""kwok-node-3""},{""name"":""rs-17-p1-tc469"",""cpu_m"":329,""mem_b"":485545059,""priority"":""1"",""node"":""kwok-node-29""},{""name"":""rs-18-p2-qgw95"",""cpu_m"":377,""mem_b"":536590698,""priority"":""2"",""node"":""kwok-node-19""},{""name"":""rs-19-p2-68rj7"",""cpu_m"":825,""mem_b"":247587761,""priority"":""2"",""node"":""kwok-node-26""},{""name"":""rs-19-p2-ljnjj"",""cpu_m"":825,""mem_b"":247587761,""priority"":""2"",""node"":""kwok-node-30""},{""name"":""rs-20-p2-n8xqc"",""cpu_m"":236,""mem_b"":608551850,""priority"":""2"",""node"":""kwok-node-21""},{""name"":""rs-20-p2-w4ml6"",""cpu_m"":236,""mem_b"":608551850,""priority"":""2"",""node"":""kwok-node-22""},{""name"":""rs-21-p2-bclr6"",""cpu_m"":326,""mem_b"":697185015,""priority"":""2"",""node"":""kwok-node-27""},{""name"":""rs-21-p2-kb9sj"",""cpu_m"":326,""mem_b"":697185015,""priority"":""2"",""node"":""kwok-node-2""},{""name"":""rs-22-p3-7k4kc"",""cpu_m"":919,""mem_b"":821508447,""priority"":""3"",""node"":""kwok-node-28""},{""name"":""rs-22-p3-9dvjh"",""cpu_m"":919,""mem_b"":821508447,""priority"":""3"",""node"":""kwok-node-14""},{""name"":""rs-22-p3-sjbfq"",""cpu_m"":919,""mem_b"":821508447,""priority"":""3"",""node"":""kwok-node-16""},{""name"":""rs-22-p3-xqvbs"",""cpu_m"":919,""mem_b"":821508447,""priority"":""3"",""node"":""kwok-node-1""},{""name"":""rs-23-p1-5wmd8"",""cpu_m"":554,""mem_b"":489041828,""priority"":""1"",""node"":""kwok-node-30""},{""name"":""rs-23-p1-rjd7x"",""cpu_m"":554,""mem_b"":489041828,""priority"":""1"",""node"":""kwok-node-19""},{""name"":""rs-23-p1-rjz2x"",""cpu_m"":554,""mem_b"":489041828,""priority"":""1"",""node"":""kwok-node-3""},{""name"":""rs-23-p1-zcpwf"",""cpu_m"":554,""mem_b"":489041828,""priority"":""1"",""node"":""kwok-node-22""},{""name"":""rs-24-p4-f8rs2"",""cpu_m"":588,""mem_b"":695863535,""priority"":""4"",""node"":""kwok-node-7""},{""name"":""rs-25-p1-bz5xl"",""cpu_m"":192,""mem_b"":295375918,""priority"":""1"",""node"":""kwok-node-30""},{""name"":""rs-25-p1-jmhhf"",""cpu_m"":192,""mem_b"":295375918,""priority"":""1"",""node"":""kwok-node-21""},{""name"":""rs-25-p1-nz6tv"",""cpu_m"":192,""mem_b"":295375918,""priority"":""1"",""node"":""kwok-node-15""},{""name"":""rs-26-p2-5zjbg"",""cpu_m"":919,""mem_b"":913102884,""priority"":""2"",""node"":""kwok-node-22""},{""name"":""rs-26-p2-65fjs"",""cpu_m"":919,""mem_b"":913102884,""priority"":""2"",""node"":""kwok-node-11""},{""name"":""rs-26-p2-dsggt"",""cpu_m"":919,""mem_b"":913102884,""priority"":""2"",""node"":""kwok-node-20""},{""name"":""rs-26-p2-jc4dt"",""cpu_m"":919,""mem_b"":913102884,""priority"":""2"",""node"":""kwok-node-31""},{""name"":""rs-27-p4-4rmzr"",""cpu_m"":653,""mem_b"":102918389,""priority"":""4"",""node"":""kwok-node-15""},{""name"":""rs-27-p4-76p2s"",""cpu_m"":653,""mem_b"":102918389,""priority"":""4"",""node"":""kwok-node-19""},{""name"":""rs-27-p4-9pf99"",""cpu_m"":653,""mem_b"":102918389,""priority"":""4"",""node"":""kwok-node-12""},{""name"":""rs-27-p4-m778w"",""cpu_m"":653,""mem_b"":102918389,""priority"":""4"",""node"":""kwok-node-13""},{""name"":""rs-28-p2-t8bxf"",""cpu_m"":560,""mem_b"":301894653,""priority"":""2"",""node"":""kwok-node-18""},{""name"":""rs-29-p2-cns85"",""cpu_m"":322,""mem_b"":265616578,""priority"":""2"",""node"":""kwok-node-17""},{""name"":""rs-29-p2-dhz5z"",""cpu_m"":322,""mem_b"":265616578,""priority"":""2"",""node"":""kwok-node-2""},{""name"":""rs-30-p3-9kfmz"",""cpu_m"":194,""mem_b"":660822191,""priority"":""3"",""node"":""kwok-node-8""},{""name"":""rs-30-p3-p5nbt"",""cpu_m"":194,""mem_b"":660822191,""priority"":""3"",""node"":""kwok-node-9""},{""name"":""rs-31-p2-8fvfq"",""cpu_m"":765,""mem_b"":878713287,""priority"":""2"",""node"":""kwok-node-32""},{""name"":""rs-31-p2-bqcj4"",""cpu_m"":765,""mem_b"":878713287,""priority"":""2"",""node"":""kwok-node-10""},{""name"":""rs-31-p2-p79xw"",""cpu_m"":765,""mem_b"":878713287,""priority"":""2"",""node"":""kwok-node-26""},{""name"":""rs-31-p2-z4thk"",""cpu_m"":765,""mem_b"":878713287,""priority"":""2"",""node"":""kwok-node-23""},{""name"":""rs-32-p1-mwjk7"",""cpu_m"":147,""mem_b"":358054924,""priority"":""1"",""node"":""kwok-node-16""},{""name"":""rs-32-p1-z962p"",""cpu_m"":147,""mem_b"":358054924,""priority"":""1"",""node"":""kwok-node-11""},{""name"":""rs-33-p1-2745v"",""cpu_m"":871,""mem_b"":209636382,""priority"":""1"",""node"":""kwok-node-21""},{""name"":""rs-33-p1-2sn92"",""cpu_m"":871,""mem_b"":209636382,""priority"":""1"",""node"":""kwok-node-13""},{""name"":""rs-34-p4-9wlhr"",""cpu_m"":958,""mem_b"":961403283,""priority"":""4"",""node"":""kwok-node-24""},{""name"":""rs-34-p4-xg75c"",""cpu_m"":958,""mem_b"":961403283,""priority"":""4"",""node"":""kwok-node-3""},{""name"":""rs-34-p4-z5pqn"",""cpu_m"":958,""mem_b"":961403283,""priority"":""4"",""node"":""kwok-node-4""},{""name"":""rs-35-p1-8twdl"",""cpu_m"":123,""mem_b"":518435418,""priority"":""1"",""node"":""kwok-node-6""},{""name"":""rs-36-p2-rt286"",""cpu_m"":960,""mem_b"":386109352,""priority"":""2"",""node"":""kwok-node-7""},{""name"":""rs-37-p3-6px85"",""cpu_m"":272,""mem_b"":895246706,""priority"":""3"",""node"":""kwok-node-12""},{""name"":""rs-37-p3-kxxjm"",""cpu_m"":272,""mem_b"":895246706,""priority"":""3"",""node"":""kwok-node-27""},{""name"":""rs-38-p1-cnspp"",""cpu_m"":795,""mem_b"":496046033,""priority"":""1"",""node"":""""},{""name"":""rs-39-p1-2sk2p"",""cpu_m"":322,""mem_b"":954730723,""priority"":""1"",""node"":""kwok-node-24""},{""name"":""rs-39-p1-5gbnw"",""cpu_m"":322,""mem_b"":954730723,""priority"":""1"",""node"":""""},{""name"":""rs-39-p1-k8l2g"",""cpu_m"":322,""mem_b"":954730723,""priority"":""1"",""node"":""""},{""name"":""rs-40-p3-d2xmj"",""cpu_m"":268,""mem_b"":997579006,""priority"":""3"",""node"":""kwok-node-13""},{""name"":""rs-40-p3-d687q"",""cpu_m"":268,""mem_b"":997579006,""priority"":""3"",""node"":""kwok-node-19""},{""name"":""rs-40-p3-hlgfl"",""cpu_m"":268,""mem_b"":997579006,""priority"":""3"",""node"":""kwok-node-9""},{""name"":""rs-41-p4-pv4f8"",""cpu_m"":584,""mem_b"":822721021,""priority"":""4"",""node"":""kwok-node-28""},{""name"":""rs-41-p4-r9f5g"",""cpu_m"":584,""mem_b"":822721021,""priority"":""4"",""node"":""kwok-node-2""},{""name"":""rs-41-p4-v4dfj"",""cpu_m"":584,""mem_b"":822721021,""priority"":""4"",""node"":""kwok-node-1""},{""name"":""rs-41-p4-vdb4d"",""cpu_m"":584,""mem_b"":822721021,""priority"":""4"",""node"":""kwok-node-8""},{""name"":""rs-42-p4-lj4xd"",""cpu_m"":222,""mem_b"":870447711,""priority"":""4"",""node"":""kwok-node-15""},{""name"":""rs-43-p4-t69rx"",""cpu_m"":771,""mem_b"":220510725,""priority"":""4"",""node"":""kwok-node-14""},{""name"":""rs-43-p4-tqps4"",""cpu_m"":771,""mem_b"":220510725,""priority"":""4"",""node"":""kwok-node-16""},{""name"":""rs-44-p3-bxdr8"",""cpu_m"":786,""mem_b"":926181089,""priority"":""3"",""node"":""kwok-node-17""},{""name"":""rs-44-p3-qb7ff"",""cpu_m"":786,""mem_b"":926181089,""priority"":""3"",""node"":""kwok-node-17""},{""name"":""rs-45-p1-wfrhm"",""cpu_m"":184,""mem_b"":817288759,""priority"":""1"",""node"":""""},{""name"":""rs-46-p4-5gpln"",""cpu_m"":635,""mem_b"":956136193,""priority"":""4"",""node"":""kwok-node-25""},{""name"":""rs-46-p4-fvrjg"",""cpu_m"":635,""mem_b"":956136193,""priority"":""4"",""node"":""kwok-node-25""},{""name"":""rs-46-p4-lbkqh"",""cpu_m"":635,""mem_b"":956136193,""priority"":""4"",""node"":""kwok-node-21""},{""name"":""rs-46-p4-zphst"",""cpu_m"":635,""mem_b"":956136193,""priority"":""4"",""node"":""kwok-node-18""},{""name"":""rs-47-p1-677t4"",""cpu_m"":980,""mem_b"":769540295,""priority"":""1"",""node"":""""},{""name"":""rs-47-p1-hm2d2"",""cpu_m"":980,""mem_b"":769540295,""priority"":""1"",""node"":""""},{""name"":""rs-47-p1-kqt4h"",""cpu_m"":980,""mem_b"":769540295,""priority"":""1"",""node"":""""},{""name"":""rs-47-p1-v9cmv"",""cpu_m"":980,""mem_b"":769540295,""priority"":""1"",""node"":""""},{""name"":""rs-48-p4-km5cr"",""cpu_m"":270,""mem_b"":638348550,""priority"":""4"",""node"":""kwok-node-6""},{""name"":""rs-48-p4-v4gvs"",""cpu_m"":270,""mem_b"":638348550,""priority"":""4"",""node"":""kwok-node-23""},{""name"":""rs-48-p4-xmmcn"",""cpu_m"":270,""mem_b"":638348550,""priority"":""4"",""node"":""kwok-node-18""},{""name"":""rs-49-p1-57tqx"",""cpu_m"":170,""mem_b"":330066060,""priority"":""1"",""node"":""""},{""name"":""rs-50-p2-dn6v9"",""cpu_m"":149,""mem_b"":676838915,""priority"":""2"",""node"":""kwok-node-32""},{""name"":""rs-50-p2-fmbdg"",""cpu_m"":149,""mem_b"":676838915,""priority"":""2"",""node"":""kwok-node-29""},{""name"":""rs-50-p2-kbp9q"",""cpu_m"":149,""mem_b"":676838915,""priority"":""2"",""node"":""kwok-node-11""},{""name"":""rs-50-p2-kgjpr"",""cpu_m"":149,""mem_b"":676838915,""priority"":""2"",""node"":""kwok-node-5""},{""name"":""rs-51-p1-xdkm8"",""cpu_m"":610,""mem_b"":160863788,""priority"":""1"",""node"":""""},{""name"":""rs-52-p1-6tlwd"",""cpu_m"":351,""mem_b"":312241508,""priority"":""1"",""node"":""kwok-node-31""},{""name"":""rs-52-p1-ggfjz"",""cpu_m"":351,""mem_b"":312241508,""priority"":""1"",""node"":""kwok-node-26""},{""name"":""rs-52-p1-pszhb"",""cpu_m"":351,""mem_b"":312241508,""priority"":""1"",""node"":""kwok-node-12""},{""name"":""rs-53-p3-465bp"",""cpu_m"":591,""mem_b"":289084865,""priority"":""3"",""node"":""kwok-node-25""},{""name"":""rs-53-p3-5j8gr"",""cpu_m"":591,""mem_b"":289084865,""priority"":""3"",""node"":""kwok-node-6""},{""name"":""rs-53-p3-p7mpk"",""cpu_m"":591,""mem_b"":289084865,""priority"":""3"",""node"":""kwok-node-24""},{""name"":""rs-53-p3-sdw8w"",""cpu_m"":591,""mem_b"":289084865,""priority"":""3"",""node"":""kwok-node-18""},{""name"":""rs-54-p4-m62gl"",""cpu_m"":339,""mem_b"":703937341,""priority"":""4"",""node"":""kwok-node-30""},{""name"":""rs-54-p4-mt4ts"",""cpu_m"":339,""mem_b"":703937341,""priority"":""4"",""node"":""kwok-node-12""},{""name"":""rs-54-p4-mxw7z"",""cpu_m"":339,""mem_b"":703937341,""priority"":""4"",""node"":""kwok-node-10""},{""name"":""rs-54-p4-wdlbb"",""cpu_m"":339,""mem_b"":703937341,""priority"":""4"",""node"":""kwok-node-5""},{""name"":""rs-55-p4-v7xgf"",""cpu_m"":153,""mem_b"":936856514,""priority"":""4"",""node"":""kwok-node-20""}]","[{""name"":""rs-01-p2-kvj2x"",""cpu_m"":221,""mem_b"":529012442,""priority"":""2"",""node"":""kwok-node-16""},{""name"":""rs-01-p2-pg9c5"",""cpu_m"":221,""mem_b"":529012442,""priority"":""2"",""node"":""kwok-node-14""},{""name"":""rs-01-p2-x7gtb"",""cpu_m"":221,""mem_b"":529012442,""priority"":""2"",""node"":""kwok-node-13""},{""name"":""rs-02-p1-76hhf"",""cpu_m"":849,""mem_b"":744686672,""priority"":""1"",""node"":""kwok-node-12""},{""name"":""rs-02-p1-b6vf7"",""cpu_m"":849,""mem_b"":744686672,""priority"":""1"",""node"":""kwok-node-17""},{""name"":""rs-03-p1-rjbjq"",""cpu_m"":837,""mem_b"":986003305,""priority"":""1"",""node"":""kwok-node-18""},{""name"":""rs-04-p3-hk9vn"",""cpu_m"":942,""mem_b"":613397916,""priority"":""3"",""node"":""kwok-node-10""},{""name"":""rs-04-p3-pg8hl"",""cpu_m"":942,""mem_b"":613397916,""priority"":""3"",""node"":""kwok-node-23""},{""name"":""rs-05-p3-246mg"",""cpu_m"":829,""mem_b"":166258088,""priority"":""3"",""node"":""kwok-node-20""},{""name"":""rs-05-p3-fnr7q"",""cpu_m"":829,""mem_b"":166258088,""priority"":""3"",""node"":""kwok-node-11""},{""name"":""rs-06-p1-9c9jk"",""cpu_m"":600,""mem_b"":152301658,""priority"":""1"",""node"":""kwok-node-21""},{""name"":""rs-06-p1-9wdwj"",""cpu_m"":600,""mem_b"":152301658,""priority"":""1"",""node"":""kwok-node-22""},{""name"":""rs-06-p1-jljjv"",""cpu_m"":600,""mem_b"":152301658,""priority"":""1"",""node"":""kwok-node-2""},{""name"":""rs-07-p4-ncs4f"",""cpu_m"":634,""mem_b"":771044155,""priority"":""4"",""node"":""kwok-node-15""},{""name"":""rs-08-p2-cpznh"",""cpu_m"":982,""mem_b"":361315033,""priority"":""2"",""node"":""kwok-node-29""},{""name"":""rs-09-p3-tz7r8"",""cpu_m"":718,""mem_b"":196092158,""priority"":""3"",""node"":""kwok-node-27""},{""name"":""rs-10-p4-mxmvs"",""cpu_m"":141,""mem_b"":442642565,""priority"":""4"",""node"":""kwok-node-1""},{""name"":""rs-10-p4-t9zml"",""cpu_m"":141,""mem_b"":442642565,""priority"":""4"",""node"":""kwok-node-30""},{""name"":""rs-10-p4-tkzlz"",""cpu_m"":141,""mem_b"":442642565,""priority"":""4"",""node"":""kwok-node-28""},{""name"":""rs-11-p1-66h7m"",""cpu_m"":134,""mem_b"":198860362,""priority"":""1"",""node"":""kwok-node-3""},{""name"":""rs-11-p1-7r7qj"",""cpu_m"":134,""mem_b"":198860362,""priority"":""1"",""node"":""kwok-node-24""},{""name"":""rs-11-p1-bxtcf"",""cpu_m"":134,""mem_b"":198860362,""priority"":""1"",""node"":""kwok-node-19""},{""name"":""rs-11-p1-hcw8x"",""cpu_m"":134,""mem_b"":198860362,""priority"":""1"",""node"":""kwok-node-25""},{""name"":""rs-12-p3-m66r7"",""cpu_m"":976,""mem_b"":376625064,""priority"":""3"",""node"":""kwok-node-4""},{""name"":""rs-12-p3-t8rr5"",""cpu_m"":976,""mem_b"":376625064,""priority"":""3"",""node"":""kwok-node-32""},{""name"":""rs-13-p2-n55qz"",""cpu_m"":949,""mem_b"":454411055,""priority"":""2"",""node"":""kwok-node-9""},{""name"":""rs-13-p2-pcrvq"",""cpu_m"":949,""mem_b"":454411055,""priority"":""2"",""node"":""kwok-node-8""},{""name"":""rs-13-p2-wdrqk"",""cpu_m"":949,""mem_b"":454411055,""priority"":""2"",""node"":""kwok-node-5""},{""name"":""rs-13-p2-wlkvn"",""cpu_m"":949,""mem_b"":454411055,""priority"":""2"",""node"":""kwok-node-6""},{""name"":""rs-14-p3-bnptq"",""cpu_m"":419,""mem_b"":717316003,""priority"":""3"",""node"":""kwok-node-7""},{""name"":""rs-15-p3-m9gq2"",""cpu_m"":113,""mem_b"":699413712,""priority"":""3"",""node"":""kwok-node-26""},{""name"":""rs-16-p4-vnlph"",""cpu_m"":557,""mem_b"":895081335,""priority"":""4"",""node"":""kwok-node-31""},{""name"":""rs-17-p1-8pcxj"",""cpu_m"":329,""mem_b"":485545059,""priority"":""1"",""node"":""kwok-node-24""},{""name"":""rs-17-p1-9nwcg"",""cpu_m"":329,""mem_b"":485545059,""priority"":""1"",""node"":""kwok-node-25""},{""name"":""rs-17-p1-qwfkm"",""cpu_m"":329,""mem_b"":485545059,""priority"":""1"",""node"":""kwok-node-3""},{""name"":""rs-18-p2-qgw95"",""cpu_m"":377,""mem_b"":536590698,""priority"":""2"",""node"":""kwok-node-19""},{""name"":""rs-19-p2-68rj7"",""cpu_m"":825,""mem_b"":247587761,""priority"":""2"",""node"":""kwok-node-26""},{""name"":""rs-19-p2-ljnjj"",""cpu_m"":825,""mem_b"":247587761,""priority"":""2"",""node"":""kwok-node-30""},{""name"":""rs-20-p2-n8xqc"",""cpu_m"":236,""mem_b"":608551850,""priority"":""2"",""node"":""kwok-node-21""},{""name"":""rs-20-p2-w4ml6"",""cpu_m"":236,""mem_b"":608551850,""priority"":""2"",""node"":""kwok-node-22""},{""name"":""rs-21-p2-bclr6"",""cpu_m"":326,""mem_b"":697185015,""priority"":""2"",""node"":""kwok-node-27""},{""name"":""rs-21-p2-kb9sj"",""cpu_m"":326,""mem_b"":697185015,""priority"":""2"",""node"":""kwok-node-2""},{""name"":""rs-22-p3-7k4kc"",""cpu_m"":919,""mem_b"":821508447,""priority"":""3"",""node"":""kwok-node-28""},{""name"":""rs-22-p3-9dvjh"",""cpu_m"":919,""mem_b"":821508447,""priority"":""3"",""node"":""kwok-node-14""},{""name"":""rs-22-p3-sjbfq"",""cpu_m"":919,""mem_b"":821508447,""priority"":""3"",""node"":""kwok-node-16""},{""name"":""rs-22-p3-xqvbs"",""cpu_m"":919,""mem_b"":821508447,""priority"":""3"",""node"":""kwok-node-1""},{""name"":""rs-23-p1-4vnbl"",""cpu_m"":554,""mem_b"":489041828,""priority"":""1"",""node"":""kwok-node-24""},{""name"":""rs-23-p1-bwjbj"",""cpu_m"":554,""mem_b"":489041828,""priority"":""1"",""node"":""kwok-node-13""},{""name"":""rs-23-p1-ntjn6"",""cpu_m"":554,""mem_b"":489041828,""priority"":""1"",""node"":""kwok-node-25""},{""name"":""rs-23-p1-rjz2x"",""cpu_m"":554,""mem_b"":489041828,""priority"":""1"",""node"":""kwok-node-3""},{""name"":""rs-24-p4-f8rs2"",""cpu_m"":588,""mem_b"":695863535,""priority"":""4"",""node"":""kwok-node-7""},{""name"":""rs-25-p1-2zrrp"",""cpu_m"":192,""mem_b"":295375918,""priority"":""1"",""node"":""kwok-node-19""},{""name"":""rs-25-p1-jmhhf"",""cpu_m"":192,""mem_b"":295375918,""priority"":""1"",""node"":""kwok-node-21""},{""name"":""rs-25-p1-nz6tv"",""cpu_m"":192,""mem_b"":295375918,""priority"":""1"",""node"":""kwok-node-15""},{""name"":""rs-26-p2-5zjbg"",""cpu_m"":919,""mem_b"":913102884,""priority"":""2"",""node"":""kwok-node-22""},{""name"":""rs-26-p2-65fjs"",""cpu_m"":919,""mem_b"":913102884,""priority"":""2"",""node"":""kwok-node-11""},{""name"":""rs-26-p2-dsggt"",""cpu_m"":919,""mem_b"":913102884,""priority"":""2"",""node"":""kwok-node-20""},{""name"":""rs-26-p2-jc4dt"",""cpu_m"":919,""mem_b"":913102884,""priority"":""2"",""node"":""kwok-node-31""},{""name"":""rs-27-p4-4rmzr"",""cpu_m"":653,""mem_b"":102918389,""priority"":""4"",""node"":""kwok-node-15""},{""name"":""rs-27-p4-76p2s"",""cpu_m"":653,""mem_b"":102918389,""priority"":""4"",""node"":""kwok-node-19""},{""name"":""rs-27-p4-9pf99"",""cpu_m"":653,""mem_b"":102918389,""priority"":""4"",""node"":""kwok-node-12""},{""name"":""rs-27-p4-m778w"",""cpu_m"":653,""mem_b"":102918389,""priority"":""4"",""node"":""kwok-node-13""},{""name"":""rs-28-p2-t8bxf"",""cpu_m"":560,""mem_b"":301894653,""priority"":""2"",""node"":""kwok-node-18""},{""name"":""rs-29-p2-cns85"",""cpu_m"":322,""mem_b"":265616578,""priority"":""2"",""node"":""kwok-node-17""},{""name"":""rs-29-p2-dhz5z"",""cpu_m"":322,""mem_b"":265616578,""priority"":""2"",""node"":""kwok-node-2""},{""name"":""rs-30-p3-9kfmz"",""cpu_m"":194,""mem_b"":660822191,""priority"":""3"",""node"":""kwok-node-8""},{""name"":""rs-30-p3-p5nbt"",""cpu_m"":194,""mem_b"":660822191,""priority"":""3"",""node"":""kwok-node-9""},{""name"":""rs-31-p2-8fvfq"",""cpu_m"":765,""mem_b"":878713287,""priority"":""2"",""node"":""kwok-node-32""},{""name"":""rs-31-p2-bqcj4"",""cpu_m"":765,""mem_b"":878713287,""priority"":""2"",""node"":""kwok-node-10""},{""name"":""rs-31-p2-p79xw"",""cpu_m"":765,""mem_b"":878713287,""priority"":""2"",""node"":""kwok-node-26""},{""name"":""rs-31-p2-z4thk"",""cpu_m"":765,""mem_b"":878713287,""priority"":""2"",""node"":""kwok-node-23""},{""name"":""rs-32-p1-5dkr7"",""cpu_m"":147,""mem_b"":358054924,""priority"":""1"",""node"":""kwok-node-30""},{""name"":""rs-32-p1-ptjz9"",""cpu_m"":147,""mem_b"":358054924,""priority"":""1"",""node"":""kwok-node-6""},{""name"":""rs-33-p1-8vwpl"",""cpu_m"":871,""mem_b"":209636382,""priority"":""1"",""node"":""kwok-node-29""},{""name"":""rs-33-p1-w4tf4"",""cpu_m"":871,""mem_b"":209636382,""priority"":""1"",""node"":""kwok-node-5""},{""name"":""rs-34-p4-9wlhr"",""cpu_m"":958,""mem_b"":961403283,""priority"":""4"",""node"":""kwok-node-24""},{""name"":""rs-34-p4-xg75c"",""cpu_m"":958,""mem_b"":961403283,""priority"":""4"",""node"":""kwok-node-3""},{""name"":""rs-34-p4-z5pqn"",""cpu_m"":958,""mem_b"":961403283,""priority"":""4"",""node"":""kwok-node-4""},{""name"":""rs-35-p1-npl7v"",""cpu_m"":123,""mem_b"":518435418,""priority"":""1"",""node"":""kwok-node-6""},{""name"":""rs-36-p2-rt286"",""cpu_m"":960,""mem_b"":386109352,""priority"":""2"",""node"":""kwok-node-7""},{""name"":""rs-37-p3-6px85"",""cpu_m"":272,""mem_b"":895246706,""priority"":""3"",""node"":""kwok-node-12""},{""name"":""rs-37-p3-kxxjm"",""cpu_m"":272,""mem_b"":895246706,""priority"":""3"",""node"":""kwok-node-27""},{""name"":""rs-38-p1-gd9rx"",""cpu_m"":795,""mem_b"":496046033,""priority"":""1"",""node"":""kwok-node-25""},{""name"":""rs-39-p1-6lp8k"",""cpu_m"":322,""mem_b"":954730723,""priority"":""1"",""node"":""kwok-node-30""},{""name"":""rs-39-p1-6vbg8"",""cpu_m"":322,""mem_b"":954730723,""priority"":""1"",""node"":""kwok-node-17""},{""name"":""rs-39-p1-7gbgr"",""cpu_m"":322,""mem_b"":954730723,""priority"":""1"",""node"":""kwok-node-21""},{""name"":""rs-40-p3-d2xmj"",""cpu_m"":268,""mem_b"":997579006,""priority"":""3"",""node"":""kwok-node-13""},{""name"":""rs-40-p3-d687q"",""cpu_m"":268,""mem_b"":997579006,""priority"":""3"",""node"":""kwok-node-19""},{""name"":""rs-40-p3-hlgfl"",""cpu_m"":268,""mem_b"":997579006,""priority"":""3"",""node"":""kwok-node-9""},{""name"":""rs-41-p4-pv4f8"",""cpu_m"":584,""mem_b"":822721021,""priority"":""4"",""node"":""kwok-node-28""},{""name"":""rs-41-p4-r9f5g"",""cpu_m"":584,""mem_b"":822721021,""priority"":""4"",""node"":""kwok-node-2""},{""name"":""rs-41-p4-v4dfj"",""cpu_m"":584,""mem_b"":822721021,""priority"":""4"",""node"":""kwok-node-1""},{""name"":""rs-41-p4-vdb4d"",""cpu_m"":584,""mem_b"":822721021,""priority"":""4"",""node"":""kwok-node-8""},{""name"":""rs-42-p4-lj4xd"",""cpu_m"":222,""mem_b"":870447711,""priority"":""4"",""node"":""kwok-node-15""},{""name"":""rs-43-p4-t69rx"",""cpu_m"":771,""mem_b"":220510725,""priority"":""4"",""node"":""kwok-node-14""},{""name"":""rs-43-p4-tqps4"",""cpu_m"":771,""mem_b"":220510725,""priority"":""4"",""node"":""kwok-node-16""},{""name"":""rs-44-p3-bxdr8"",""cpu_m"":786,""mem_b"":926181089,""priority"":""3"",""node"":""""},{""name"":""rs-44-p3-qb7ff"",""cpu_m"":786,""mem_b"":926181089,""priority"":""3"",""node"":""""},{""name"":""rs-45-p1-fd2xs"",""cpu_m"":184,""mem_b"":817288759,""priority"":""1"",""node"":""kwok-node-20""},{""name"":""rs-46-p4-5gpln"",""cpu_m"":635,""mem_b"":956136193,""priority"":""4"",""node"":""""},{""name"":""rs-46-p4-fvrjg"",""cpu_m"":635,""mem_b"":956136193,""priority"":""4"",""node"":""""},{""name"":""rs-46-p4-lbkqh"",""cpu_m"":635,""mem_b"":956136193,""priority"":""4"",""node"":""""},{""name"":""rs-46-p4-zphst"",""cpu_m"":635,""mem_b"":956136193,""priority"":""4"",""node"":""""},{""name"":""rs-47-p1-677t4"",""cpu_m"":980,""mem_b"":769540295,""priority"":""1"",""node"":""""},{""name"":""rs-47-p1-hm2d2"",""cpu_m"":980,""mem_b"":769540295,""priority"":""1"",""node"":""""},{""name"":""rs-47-p1-kqt4h"",""cpu_m"":980,""mem_b"":769540295,""priority"":""1"",""node"":""""},{""name"":""rs-47-p1-v9cmv"",""cpu_m"":980,""mem_b"":769540295,""priority"":""1"",""node"":""""},{""name"":""rs-48-p4-km5cr"",""cpu_m"":270,""mem_b"":638348550,""priority"":""4"",""node"":""kwok-node-6""},{""name"":""rs-48-p4-v4gvs"",""cpu_m"":270,""mem_b"":638348550,""priority"":""4"",""node"":""kwok-node-23""},{""name"":""rs-48-p4-xmmcn"",""cpu_m"":270,""mem_b"":638348550,""priority"":""4"",""node"":""kwok-node-18""},{""name"":""rs-49-p1-dfzfj"",""cpu_m"":170,""mem_b"":330066060,""priority"":""1"",""node"":""kwok-node-10""},{""name"":""rs-50-p2-dn6v9"",""cpu_m"":149,""mem_b"":676838915,""priority"":""2"",""node"":""kwok-node-32""},{""name"":""rs-50-p2-fmbdg"",""cpu_m"":149,""mem_b"":676838915,""priority"":""2"",""node"":""kwok-node-29""},{""name"":""rs-50-p2-kbp9q"",""cpu_m"":149,""mem_b"":676838915,""priority"":""2"",""node"":""kwok-node-11""},{""name"":""rs-50-p2-kgjpr"",""cpu_m"":149,""mem_b"":676838915,""priority"":""2"",""node"":""kwok-node-5""},{""name"":""rs-51-p1-njrwx"",""cpu_m"":610,""mem_b"":160863788,""priority"":""1"",""node"":""kwok-node-27""},{""name"":""rs-52-p1-6tlwd"",""cpu_m"":351,""mem_b"":312241508,""priority"":""1"",""node"":""kwok-node-31""},{""name"":""rs-52-p1-ggfjz"",""cpu_m"":351,""mem_b"":312241508,""priority"":""1"",""node"":""kwok-node-26""},{""name"":""rs-52-p1-pszhb"",""cpu_m"":351,""mem_b"":312241508,""priority"":""1"",""node"":""""},{""name"":""rs-53-p3-465bp"",""cpu_m"":591,""mem_b"":289084865,""priority"":""3"",""node"":""""},{""name"":""rs-53-p3-5j8gr"",""cpu_m"":591,""mem_b"":289084865,""priority"":""3"",""node"":""""},{""name"":""rs-53-p3-p7mpk"",""cpu_m"":591,""mem_b"":289084865,""priority"":""3"",""node"":""""},{""name"":""rs-53-p3-sdw8w"",""cpu_m"":591,""mem_b"":289084865,""priority"":""3"",""node"":""""},{""name"":""rs-54-p4-m62gl"",""cpu_m"":339,""mem_b"":703937341,""priority"":""4"",""node"":""""},{""name"":""rs-54-p4-mt4ts"",""cpu_m"":339,""mem_b"":703937341,""priority"":""4"",""node"":""""},{""name"":""rs-54-p4-mxw7z"",""cpu_m"":339,""mem_b"":703937341,""priority"":""4"",""node"":""""},{""name"":""rs-54-p4-wdlbb"",""cpu_m"":339,""mem_b"":703937341,""priority"":""4"",""node"":""""},{""name"":""rs-55-p4-v7xgf"",""cpu_m"":153,""mem_b"":936856514,""priority"":""4"",""node"":""""}]","[{""name"":""kwok-node-1"",""cap_cpu_m"":2064,""cap_mem_bytes"":2210483685},{""name"":""kwok-node-2"",""cap_cpu_m"":2064,""cap_mem_bytes"":2210483685},{""name"":""kwok-node-3"",""cap_cpu_m"":2064,""cap_mem_bytes"":2210483685},{""name"":""kwok-node-4"",""cap_cpu_m"":2064,""cap_mem_bytes"":2210483685},{""name"":""kwok-node-5"",""cap_cpu_m"":2064,""cap_mem_bytes"":2210483685},{""name"":""kwok-node-6"",""cap_cpu_m"":2064,""cap_mem_bytes"":2210483685},{""name"":""kwok-node-7"",""cap_cpu_m"":2064,""cap_mem_bytes"":2210483685},{""name"":""kwok-node-8"",""cap_cpu_m"":2064,""cap_mem_bytes"":2210483685},{""name"":""kwok-node-9"",""cap_cpu_m"":2064,""cap_mem_bytes"":2210483685},{""name"":""kwok-node-10"",""cap_cpu_m"":2064,""cap_mem_bytes"":2210483685},{""name"":""kwok-node-11"",""cap_cpu_m"":2064,""cap_mem_bytes"":2210483685},{""name"":""kwok-node-12"",""cap_cpu_m"":2064,""cap_mem_bytes"":2210483685},{""name"":""kwok-node-13"",""cap_cpu_m"":2064,""cap_mem_bytes"":2210483685},{""name"":""kwok-node-14"",""cap_cpu_m"":2064,""cap_mem_bytes"":2210483685},{""name"":""kwok-node-15"",""cap_cpu_m"":2064,""cap_mem_bytes"":2210483685},{""name"":""kwok-node-16"",""cap_cpu_m"":2064,""cap_mem_bytes"":2210483685},{""name"":""kwok-node-17"",""cap_cpu_m"":2064,""cap_mem_bytes"":2210483685},{""name"":""kwok-node-18"",""cap_cpu_m"":2064,""cap_mem_bytes"":2210483685},{""name"":""kwok-node-19"",""cap_cpu_m"":2064,""cap_mem_bytes"":2210483685},{""name"":""kwok-node-20"",""cap_cpu_m"":2064,""cap_mem_bytes"":2210483685},{""name"":""kwok-node-21"",""cap_cpu_m"":2064,""cap_mem_bytes"":2210483685},{""name"":""kwok-node-22"",""cap_cpu_m"":2064,""cap_mem_bytes"":2210483685},{""name"":""kwok-node-23"",""cap_cpu_m"":2064,""cap_mem_bytes"":2210483685},{""name"":""kwok-node-24"",""cap_cpu_m"":2064,""cap_mem_bytes"":2210483685},{""name"":""kwok-node-25"",""cap_cpu_m"":2064,""cap_mem_bytes"":2210483685},{""name"":""kwok-node-26"",""cap_cpu_m"":2064,""cap_mem_bytes"":2210483685},{""name"":""kwok-node-27"",""cap_cpu_m"":2064,""cap_mem_bytes"":2210483685},{""name"":""kwok-node-28"",""cap_cpu_m"":2064,""cap_mem_bytes"":2210483685},{""name"":""kwok-node-29"",""cap_cpu_m"":2064,""cap_mem_bytes"":2210483685},{""name"":""kwok-node-30"",""cap_cpu_m"":2064,""cap_mem_bytes"":2210483685},{""name"":""kwok-node-31"",""cap_cpu_m"":2064,""cap_mem_bytes"":2210483685},{""name"":""kwok-node-32"",""cap_cpu_m"":2064,""cap_mem_bytes"":2210483685}]"
2026/02/11/11:54:58,5888965561877447036,,"{""evicted"":0,""moved"":0,""placed_by_priority"":{""1"":23,""2"":17,""3"":45,""4"":22}}",python,"{""evicted"":13,""moved"":5,""placed_by_priority"":{""1"":10,""2"":24,""3"":47,""4"":30}}",1011,FEASIBLE,"[{""duration_ms"":1011,""name"":""python"",""score"":{""evicted"":13,""moved"":5,""placed_by_priority"":{""1"":10,""2"":24,""3"":47,""4"":30}},""status"":""FEASIBLE""}]",0.917,0.849,0.834,0.844,63329,58658,49971328932,50513258609,111,107,17,21,"{""kwok-node-1"":4,""kwok-node-10"":4,""kwok-node-11"":4,""kwok-node-12"":4,""kwok-node-13"":3,""kwok-node-14"":3,""kwok-node-15"":3,""kwok-node-16"":3,""kwok-node-17"":3,""kwok-node-18"":3,""kwok-node-19"":3,""kwok-node-2"":4,""kwok-node-20"":4,""kwok-node-21"":5,""kwok-node-22"":3,""kwok-node-23"":3,""kwok-node-24"":4,""kwok-node-25"":3,""kwok-node-26"":4,""kwok-node-27"":3,""kwok-node-28"":4,""kwok-node-29"":3,""kwok-node-3"":4,""kwok-node-30"":3,""kwok-node-31"":3,""kwok-node-32"":3,""kwok-node-4"":3,""kwok-node-5"":4,""kwok-node-6"":3,""kwok-node-7"":4,""kwok-node-8"":4,""kwok-node-9"":3}","{""kwok-node-1"":4,""kwok-node-10"":4,""kwok-node-11"":3,""kwok-node-12"":4,""kwok-node-13"":3,""kwok-node-14"":3,""kwok-node-15"":3,""kwok-node-16"":3,""kwok-node-17"":3,""kwok-node-18"":3,""kwok-node-19"":3,""kwok-node-2"":4,""kwok-node-20"":4,""kwok-node-21"":5,""kwok-node-22"":3,""kwok-node-23"":3,""kwok-node-24"":3,""kwok-node-25"":3,""kwok-node-26"":4,""kwok-node-27"":3,""kwok-node-28"":4,""kwok-node-29"":3,""kwok-node-3"":4,""kwok-node-30"":3,""kwok-node-31"":3,""kwok-node-32"":3,""kwok-node-4"":3,""kwok-node-5"":3,""kwok-node-6"":3,""kwok-node-7"":3,""kwok-node-8"":4,""kwok-node-9"":3}","{""p1"":10,""p2"":24,""p3"":47,""p4"":30}","{""p1"":23,""p2"":17,""p3"":45,""p4"":22}","{""p1"":17}","{""p1"":4,""p2"":7,""p3"":2,""p4"":8}","{rs-02-p1-p8jzb,rs-06-p1-txfxx,rs-16-p1-9dkmx,rs-16-p1-nzl2p,rs-16-p1-s4dds,rs-21-p1-9ccdm,rs-21-p1-bbf9h,rs-21-p1-ppsjf,rs-23-p1-5vccj,rs-28-p1-v24vh,rs-35-p1-lbrts,rs-35-p1-vk9nr,rs-39-p1-frc28,rs-46-p1-xhkq9,rs-48-p1-hxwbr,rs-48-p1-lccjq,rs-48-p1-zj7p2}","{rs-34-p4-sv92k,rs-36-p2-m4rjj,rs-36-p2-snr2n,rs-38-p4-bdpw4,rs-38-p4-hllf2,rs-38-p4-p97gv,rs-38-p4-rzf9j,rs-40-p2-q8qj8,rs-40-p2-wjsm2,rs-41-p4-hkzv8,rs-45-p4-z5jgm,rs-46-p1-xhkq9,rs-47-p4-f5sg8,rs-48-p1-hxwbr,rs-48-p1-lccjq,rs-48-p1-zj7p2,rs-50-p2-74bhz,rs-50-p2-cmr8c,rs-50-p2-vg6q4,rs-51-p3-r6jk7,rs-51-p3-rl525}","{rs-01-p4-5qvzm,rs-01-p4-bfmd4,rs-03-p3-28cw9,rs-03-p3-rsfs9,rs-03-p3-s5sfw,rs-04-p3-sgc7c,rs-04-p3-wng7n,rs-05-p3-jlgf6,rs-07-p3-bs8jf,rs-07-p3-rj8w2,rs-07-p3-t4vdl,rs-07-p3-zfnnj,rs-08-p2-7h58g,rs-08-p2-hcwcm,rs-08-p2-kjmsd,rs-08-p2-rwvg9,rs-09-p1-65tms,rs-09-p1-csn4q,rs-09-p1-n5css,rs-10-p4-8bhgs,rs-10-p4-c7zwh,rs-10-p4-xl2q6,rs-11-p3-4qnw6,rs-11-p3-d5ds2,rs-11-p3-l9nf5,rs-12-p4-m7bsf,rs-12-p4-mj65r,rs-12-p4-mnrdq,rs-12-p4-qxngd,rs-13-p3-lbm8d,rs-13-p3-mgfq9,rs-13-p3-trpb7,rs-13-p3-zn4zz,rs-14-p3-sjsfx,rs-15-p3-cc89v,rs-15-p3-d9jjh,rs-15-p3-f8qr4,rs-15-p3-fdvrn,rs-17-p4-9b4j4,rs-18-p3-8mdjj,rs-18-p3-dn4dz,rs-18-p3-dw49s,rs-18-p3-nlhv4,rs-19-p2-bf8vf,rs-20-p4-dgfml,rs-20-p4-l2bw2,rs-20-p4-l72r6,rs-20-p4-zpzw8,rs-21-p1-krkg2,rs-22-p4-dq57b,rs-22-p4-jvcxm,rs-22-p4-qggpz,rs-23-p1-ql8zn,rs-23-p1-t2pzn,rs-24-p2-c6zhn,rs-24-p2-cmd5l,rs-24-p2-mbnxf,rs-25-p3-5f9z5,rs-25-p3-8m9mb,rs-26-p3-2xsvf,rs-26-p3-k2npd,rs-26-p3-lgjhg,rs-27-p3-d64ln,rs-27-p3-gscdg,rs-27-p3-j4jbp,rs-27-p3-jbdcm,rs-28-p1-klftk,rs-29-p2-czdcw,rs-30-p3-xvt5t,rs-31-p3-gwhdn,rs-32-p3-55tsg,rs-32-p3-7qh5l,rs-32-p3-qghk9,rs-32-p3-szxpx,rs-33-p4-p578r,rs-33-p4-zc4zt,rs-34-p4-sv92k,rs-35-p1-64rgc,rs-35-p1-8xzcx,rs-36-p2-m4rjj,rs-36-p2-snr2n,rs-37-p2-f79tc,rs-37-p2-lbm5g,rs-38-p4-bdpw4,rs-38-p4-hllf2,rs-38-p4-p97gv,rs-38-p4-rzf9j,rs-39-p1-xpx9h,rs-40-p2-q8qj8,rs-40-p2-wjsm2,rs-41-p4-hkzv8,rs-42-p2-9gj9b,rs-43-p4-crhww,rs-43-p4-sk994,rs-43-p4-xlq4j,rs-44-p2-4cclr,rs-44-p2-d9f4w,rs-44-p2-npp8s,rs-44-p2-r6zv7,rs-45-p4-z5jgm,rs-47-p4-f5sg8,rs-49-p3-2ndxj,rs-49-p3-5w54l,rs-49-p3-btnq9,rs-49-p3-x8rwf,rs-50-p2-74bhz,rs-50-p2-cmr8c,rs-50-p2-vg6q4,rs-50-p2-z9x7x,rs-51-p3-r6jk7,rs-51-p3-rl525}","{rs-01-p4-5qvzm,rs-01-p4-bfmd4,rs-02-p1-tm2cq,rs-03-p3-28cw9,rs-03-p3-rsfs9,rs-03-p3-s5sfw,rs-04-p3-sgc7c,rs-04-p3-wng7n,rs-05-p3-jlgf6,rs-06-p1-5kvrb,rs-07-p3-bs8jf,rs-07-p3-rj8w2,rs-07-p3-t4vdl,rs-07-p3-zfnnj,rs-08-p2-7h58g,rs-08-p2-hcwcm,rs-08-p2-kjmsd,rs-08-p2-rwvg9,rs-09-p1-2qwz4,rs-09-p1-4x22v,rs-09-p1-pbbqt,rs-10-p4-8bhgs,rs-10-p4-c7zwh,rs-10-p4-xl2q6,rs-11-p3-4qnw6,rs-11-p3-d5ds2,rs-11-p3-l9nf5,rs-12-p4-m7bsf,rs-12-p4-mj65r,rs-12-p4-mnrdq,rs-12-p4-qxngd,rs-13-p3-lbm8d,rs-13-p3-mgfq9,rs-13-p3-trpb7,rs-13-p3-zn4zz,rs-14-p3-sjsfx,rs-15-p3-cc89v,rs-15-p3-d9jjh,rs-15-p3-f8qr4,rs-15-p3-fdvrn,rs-16-p1-6ttxq,rs-16-p1-gtdk2,rs-16-p1-q5gtl,rs-17-p4-9b4j4,rs-18-p3-8mdjj,rs-18-p3-dn4dz,rs-18-p3-dw49s,rs-18-p3-nlhv4,rs-19-p2-bf8vf,rs-20-p4-dgfml,rs-20-p4-l2bw2,rs-20-p4-l72r6,rs-20-p4-zpzw8,rs-21-p1-852pq,rs-21-p1-krkg2,rs-21-p1-nqjsc,rs-21-p1-xspsv,rs-22-p4-dq57b,rs-22-p4-jvcxm,rs-22-p4-qggpz,rs-23-p1-ql8zn,rs-23-p1-t2pzn,rs-23-p1-wbvsh,rs-24-p2-c6zhn,rs-24-p2-cmd5l,rs-24-p2-mbnxf,rs-25-p3-5f9z5,rs-25-p3-8m9mb,rs-26-p3-2xsvf,rs-26-p3-k2npd,rs-26-p3-lgjhg,rs-27-p3-d64ln,rs-27-p3-gscdg,rs-27-p3-j4jbp,rs-27-p3-jbdcm,rs-28-p1-wl7q9,rs-28-p1-x7plh,rs-29-p2-czdcw,rs-30-p3-xvt5t,rs-31-p3-gwhdn,rs-32-p3-55tsg,rs-32-p3-7qh5l,rs-32-p3-qghk9,rs-32-p3-szxpx,rs-33-p4-p578r,rs-33-p4-zc4zt,rs-35-p1-64rgc,rs-35-p1-8xzcx,rs-35-p1-jcs5d,rs-35-p1-pk77v,rs-37-p2-f79tc,rs-37-p2-lbm5g,rs-39-p1-dkj2c,rs-39-p1-lsxvw,rs-42-p2-9gj9b,rs-43-p4-crhww,rs-43-p4-sk994,rs-43-p4-xlq4j,rs-44-p2-4cclr,rs-44-p2-d9f4w,rs-44-p2-npp8s,rs-44-p2-r6zv7,rs-49-p3-2ndxj,rs-49-p3-5w54l,rs-49-p3-btnq9,rs-49-p3-x8rwf,rs-50-p2-z9x7x}","[{""name"":""rs-01-p4-5qvzm"",""cpu_m"":772,""mem_b"":529793481,""priority"":""4"",""node"":""kwok-node-19""},{""name"":""rs-01-p4-bfmd4"",""cpu_m"":772,""mem_b"":529793481,""priority"":""4"",""node"":""kwok-node-16""},{""name"":""rs-02-p1-p8jzb"",""cpu_m"":765,""mem_b"":984944020,""priority"":""1"",""node"":""""},{""name"":""rs-03-p3-28cw9"",""cpu_m"":233,""mem_b"":402757935,""priority"":""3"",""node"":""kwok-node-10""},{""name"":""rs-03-p3-rsfs9"",""cpu_m"":233,""mem_b"":402757935,""priority"":""3"",""node"":""kwok-node-21""},{""name"":""rs-03-p3-s5sfw"",""cpu_m"":233,""mem_b"":402757935,""priority"":""3"",""node"":""kwok-node-2""},{""name"":""rs-04-p3-sgc7c"",""cpu_m"":893,""mem_b"":434227463,""priority"":""3"",""node"":""kwok-node-18""},{""name"":""rs-04-p3-wng7n"",""cpu_m"":893,""mem_b"":434227463,""priority"":""3"",""node"":""kwok-node-14""},{""name"":""rs-05-p3-jlgf6"",""cpu_m"":776,""mem_b"":348417537,""priority"":""3"",""node"":""kwok-node-13""},{""name"":""rs-06-p1-txfxx"",""cpu_m"":685,""mem_b"":127291811,""priority"":""1"",""node"":""""},{""name"":""rs-07-p3-bs8jf"",""cpu_m"":706,""mem_b"":451747894,""priority"":""3"",""node"":""kwok-node-22""},{""name"":""rs-07-p3-rj8w2"",""cpu_m"":706,""mem_b"":451747894,""priority"":""3"",""node"":""kwok-node-17""},{""name"":""rs-07-p3-t4vdl"",""cpu_m"":706,""mem_b"":451747894,""priority"":""3"",""node"":""kwok-node-27""},{""name"":""rs-07-p3-zfnnj"",""cpu_m"":706,""mem_b"":451747894,""priority"":""3"",""node"":""kwok-node-23""},{""name"":""rs-08-p2-7h58g"",""cpu_m"":532,""mem_b"":182575940,""priority"":""2"",""node"":""kwok-node-20""},{""name"":""rs-08-p2-hcwcm"",""cpu_m"":532,""mem_b"":182575940,""priority"":""2"",""node"":""kwok-node-28""},{""name"":""rs-08-p2-kjmsd"",""cpu_m"":532,""mem_b"":182575940,""priority"":""2"",""node"":""kwok-node-1""},{""name"":""rs-08-p2-rwvg9"",""cpu_m"":532,""mem_b"":182575940,""priority"":""2"",""node"":""kwok-node-15""},{""name"":""rs-09-p1-65tms"",""cpu_m"":322,""mem_b"":621478188,""priority"":""1"",""node"":""kwok-node-5""},{""name"":""rs-09-p1-csn4q"",""cpu_m"":322,""mem_b"":621478188,""priority"":""1"",""node"":""kwok-node-18""},{""name"":""rs-09-p1-n5css"",""cpu_m"":322,""mem_b"":621478188,""priority"":""1"",""node"":""kwok-node-24""},{""name"":""rs-10-p4-8bhgs"",""cpu_m"":427,""mem_b"":180182137,""priority"":""4"",""node"":""kwok-node-31""},{""name"":""rs-10-p4-c7zwh"",""cpu_m"":427,""mem_b"":180182137,""priority"":""4"",""node"":""kwok-node-32""},{""name"":""rs-10-p4-xl2q6"",""cpu_m"":427,""mem_b"":180182137,""priority"":""4"",""node"":""kwok-node-29""},{""name"":""rs-11-p3-4qnw6"",""cpu_m"":242,""mem_b"":543786669,""priority"":""3"",""node"":""kwok-node-7""},{""name"":""rs-11-p3-d5ds2"",""cpu_m"":242,""mem_b"":543786669,""priority"":""3"",""node"":""kwok-node-5""},{""name"":""rs-11-p3-l9nf5"",""cpu_m"":242,""mem_b"":543786669,""priority"":""3"",""node"":""kwok-node-24""},{""name"":""rs-12-p4-m7bsf"",""cpu_m"":485,""mem_b"":273617109,""priority"":""4"",""node"":""kwok-node-30""},{""name"":""rs-12-p4-mj65r"",""cpu_m"":485,""mem_b"":273617109,""priority"":""4"",""node"":""kwok-node-4""},{""name"":""rs-12-p4-mnrdq"",""cpu_m"":485,""mem_b"":273617109,""priority"":""4"",""node"":""kwok-node-8""},{""name"":""rs-12-p4-qxngd"",""cpu_m"":485,""mem_b"":273617109,""priority"":""4"",""node"":""kwok-node-6""},{""name"":""rs-13-p3-lbm8d"",""cpu_m"":548,""mem_b"":246284927,""priority"":""3"",""node"":""kwok-node-7""},{""name"":""rs-13-p3-mgfq9"",""cpu_m"":548,""mem_b"":246284927,""priority"":""3"",""node"":""kwok-node-2""},{""name"":""rs-13-p3-trpb7"",""cpu_m"":548,""mem_b"":246284927,""priority"":""3"",""node"":""kwok-node-10""},{""name"":""rs-13-p3-zn4zz"",""cpu_m"":548,""mem_b"":246284927,""priority"":""3"",""node"":""kwok-node-21""},{""name"":""rs-14-p3-sjsfx"",""cpu_m"":899,""mem_b"":168490025,""priority"":""3"",""node"":""kwok-node-9""},{""name"":""rs-15-p3-cc89v"",""cpu_m"":921,""mem_b"":898838846,""priority"":""3"",""node"":""kwok-node-32""},{""name"":""rs-15-p3-d9jjh"",""cpu_m"":921,""mem_b"":898838846,""priority"":""3"",""node"":""kwok-node-31""},{""name"":""rs-15-p3-f8qr4"",""cpu_m"":921,""mem_b"":898838846,""priority"":""3"",""node"":""kwok-node-6""},{""name"":""rs-15-p3-fdvrn"",""cpu_m"":921,""mem_b"":898838846,""priority"":""3"",""node"":""kwok-node-29""},{""name"":""rs-16-p1-9dkmx"",""cpu_m"":827,""mem_b"":866239480,""priority"":""1"",""node"":""""},{""name"":""rs-16-p1-nzl2p"",""cpu_m"":827,""mem_b"":866239480,""priority"":""1"",""node"":""""},{""name"":""rs-16-p1-s4dds"",""cpu_m"":827,""mem_b"":866239480,""priority"":""1"",""node"":""""},{""name"":""rs-17-p4-9b4j4"",""cpu_m"":114,""mem_b"":204615396,""priority"":""4"",""node"":""kwok-node-28""},{""name"":""rs-18-p3-8mdjj"",""cpu_m"":791,""mem_b"":316618678,""priority"":""3"",""node"":""kwok-node-3""},{""name"":""rs-18-p3-dn4dz"",""cpu_m"":791,""mem_b"":316618678,""priority"":""3"",""node"":""kwok-node-24""},{""name"":""rs-18-p3-dw49s"",""cpu_m"":791,""mem_b"":316618678,""priority"":""3"",""node"":""kwok-node-5""},{""name"":""rs-18-p3-nlhv4"",""cpu_m"":791,""mem_b"":316618678,""priority"":""3"",""node"":""kwok-node-12""},{""name"":""rs-19-p2-bf8vf"",""cpu_m"":708,""mem_b"":749264650,""priority"":""2"",""node"":""kwok-node-15""},{""name"":""rs-20-p4-dgfml"",""cpu_m"":593,""mem_b"":482914486,""priority"":""4"",""node"":""kwok-node-1""},{""name"":""rs-20-p4-l2bw2"",""cpu_m"":593,""mem_b"":482914486,""priority"":""4"",""node"":""kwok-node-28""},{""name"":""rs-20-p4-l72r6"",""cpu_m"":593,""mem_b"":482914486,""priority"":""4"",""node"":""kwok-node-26""},{""name"":""rs-20-p4-zpzw8"",""cpu_m"":593,""mem_b"":482914486,""priority"":""4"",""node"":""kwok-node-20""},{""name"":""rs-21-p1-9ccdm"",""cpu_m"":325,""mem_b"":987925416,""priority"":""1"",""node"":""""},{""name"":""rs-21-p1-bbf9h"",""cpu_m"":325,""mem_b"":987925416,""priority"":""1"",""node"":""""},{""name"":""rs-21-p1-krkg2"",""cpu_m"":325,""mem_b"":987925416,""priority"":""1"",""node"":""kwok-node-25""},{""name"":""rs-21-p1-ppsjf"",""cpu_m"":325,""mem_b"":987925416,""priority"":""1"",""node"":""""},{""name"":""rs-22-p4-dq57b"",""cpu_m"":992,""mem_b"":741000024,""priority"":""4"",""node"":""kwok-node-23""},{""name"":""rs-22-p4-jvcxm"",""cpu_m"":992,""mem_b"":741000024,""priority"":""4"",""node"":""kwok-node-17""},{""name"":""rs-22-p4-qggpz"",""cpu_m"":992,""mem_b"":741000024,""priority"":""4"",""node"":""kwok-node-22""},{""name"":""rs-23-p1-5vccj"",""cpu_m"":493,""mem_b"":530802156,""priority"":""1"",""node"":""""},{""name"":""rs-23-p1-ql8zn"",""cpu_m"":493,""mem_b"":530802156,""priority"":""1"",""node"":""kwok-node-19""},{""name"":""rs-23-p1-t2pzn"",""cpu_m"":493,""mem_b"":530802156,""priority"":""1"",""node"":""kwok-node-16""},{""name"":""rs-24-p2-c6zhn"",""cpu_m"":460,""mem_b"":638143376,""priority"":""2"",""node"":""kwok-node-14""},{""name"":""rs-24-p2-cmd5l"",""cpu_m"":460,""mem_b"":638143376,""priority"":""2"",""node"":""kwok-node-2""},{""name"":""rs-24-p2-mbnxf"",""cpu_m"":460,""mem_b"":638143376,""priority"":""2"",""node"":""kwok-node-10""},{""name"":""rs-25-p3-5f9z5"",""cpu_m"":709,""mem_b"":114193075,""priority"":""3"",""node"":""kwok-node-11""},{""name"":""rs-25-p3-8m9mb"",""cpu_m"":709,""mem_b"":114193075,""priority"":""3"",""node"":""kwok-node-21""},{""name"":""rs-26-p3-2xsvf"",""cpu_m"":440,""mem_b"":747589787,""priority"":""3"",""node"":""kwok-node-20""},{""name"":""rs-26-p3-k2npd"",""cpu_m"":440,""mem_b"":747589787,""priority"":""3"",""node"":""kwok-node-1""},{""name"":""rs-26-p3-lgjhg"",""cpu_m"":440,""mem_b"":747589787,""priority"":""3"",""node"":""kwok-node-7""},{""name"":""rs-27-p3-d64ln"",""cpu_m"":783,""mem_b"":104977680,""priority"":""3"",""node"":""kwok-node-5""},{""name"":""rs-27-p3-gscdg"",""cpu_m"":783,""mem_b"":104977680,""priority"":""3"",""node"":""kwok-node-24""},{""name"":""rs-27-p3-j4jbp"",""cpu_m"":783,""mem_b"":104977680,""priority"":""3"",""node"":""kwok-node-25""},{""name"":""rs-27-p3-jbdcm"",""cpu_m"":783,""mem_b"":104977680,""priority"":""3"",""node"":""kwok-node-26""},{""name"":""rs-28-p1-klftk"",""cpu_m"":483,""mem_b"":676763733,""priority"":""1"",""node"":""kwok-node-11""},{""name"":""rs-28-p1-v24vh"",""cpu_m"":483,""mem_b"":676763733,""priority"":""1"",""node"":""""},{""name"":""rs-29-p2-czdcw"",""cpu_m"":176,""mem_b"":615289356,""priority"":""2"",""node"":""kwok-node-21""},{""name"":""rs-30-p3-xvt5t"",""cpu_m"":631,""mem_b"":270361393,""priority"":""3"",""node"":""kwok-node-3""},{""name"":""rs-31-p3-gwhdn"",""cpu_m"":536,""mem_b"":466892573,""priority"":""3"",""node"":""kwok-node-12""},{""name"":""rs-32-p3-55tsg"",""cpu_m"":634,""mem_b"":390493709,""priority"":""3"",""node"":""kwok-node-9""},{""name"":""rs-32-p3-7qh5l"",""cpu_m"":634,""mem_b"":390493709,""priority"":""3"",""node"":""kwok-node-27""},{""name"":""rs-32-p3-qghk9"",""cpu_m"":634,""mem_b"":390493709,""priority"":""3"",""node"":""kwok-node-19""},{""name"":""rs-32-p3-szxpx"",""cpu_m"":634,""mem_b"":390493709,""priority"":""3"",""node"":""kwok-node-16""},{""name"":""rs-33-p4-p578r"",""cpu_m"":358,""mem_b"":642948793,""priority"":""4"",""node"":""kwok-node-14""},{""name"":""rs-33-p4-zc4zt"",""cpu_m"":358,""mem_b"":642948793,""priority"":""4"",""node"":""kwok-node-31""},{""name"":""rs-34-p4-sv92k"",""cpu_m"":693,""mem_b"":964339852,""priority"":""4"",""node"":""kwok-node-27""},{""name"":""rs-35-p1-64rgc"",""cpu_m"":668,""mem_b"":652836183,""priority"":""1"",""node"":""kwok-node-32""},{""name"":""rs-35-p1-8xzcx"",""cpu_m"":668,""mem_b"":652836183,""priority"":""1"",""node"":""kwok-node-29""},{""name"":""rs-35-p1-lbrts"",""cpu_m"":668,""mem_b"":652836183,""priority"":""1"",""node"":""""},{""name"":""rs-35-p1-vk9nr"",""cpu_m"":668,""mem_b"":652836183,""priority"":""1"",""node"":""""},{""name"":""rs-36-p2-m4rjj"",""cpu_m"":479,""mem_b"":803215112,""priority"":""2"",""node"":""kwok-node-4""},{""name"":""rs-36-p2-snr2n"",""cpu_m"":479,""mem_b"":803215112,""priority"":""2"",""node"":""kwok-node-26""},{""name"":""rs-37-p2-f79tc"",""cpu_m"":724,""mem_b"":365713527,""priority"":""2"",""node"":""kwok-node-13""},{""name"":""rs-37-p2-lbm5g"",""cpu_m"":724,""mem_b"":365713527,""priority"":""2"",""node"":""kwok-node-10""},{""name"":""rs-38-p4-bdpw4"",""cpu_m"":988,""mem_b"":307451455,""priority"":""4"",""node"":""kwok-node-8""},{""name"":""rs-38-p4-hllf2"",""cpu_m"":988,""mem_b"":307451455,""priority"":""4"",""node"":""kwok-node-30""},{""name"":""rs-38-p4-p97gv"",""cpu_m"":988,""mem_b"":307451455,""priority"":""4"",""node"":""kwok-node-4""},{""name"":""rs-38-p4-rzf9j"",""cpu_m"":988,""mem_b"":307451455,""priority"":""4"",""node"":""kwok-node-25""},{""name"":""rs-39-p1-frc28"",""cpu_m"":716,""mem_b"":318832572,""priority"":""1"",""node"":""""},{""name"":""rs-39-p1-xpx9h"",""cpu_m"":716,""mem_b"":318832572,""priority"":""1"",""node"":""kwok-node-7""},{""name"":""rs-40-p2-q8qj8"",""cpu_m"":911,""mem_b"":510364340,""priority"":""2"",""node"":""kwok-node-2""},{""name"":""rs-40-p2-wjsm2"",""cpu_m"":911,""mem_b"":510364340,""priority"":""2"",""node"":""kwok-node-18""},{""name"":""rs-41-p4-hkzv8"",""cpu_m"":903,""mem_b"":827149392,""priority"":""4"",""node"":""kwok-node-15""},{""name"":""rs-42-p2-9gj9b"",""cpu_m"":428,""mem_b"":715099248,""priority"":""2"",""node"":""kwok-node-11""},{""name"":""rs-43-p4-crhww"",""cpu_m"":139,""mem_b"":360619299,""priority"":""4"",""node"":""kwok-node-26""},{""name"":""rs-43-p4-sk994"",""cpu_m"":139,""mem_b"":360619299,""priority"":""4"",""node"":""kwok-node-6""},{""name"":""rs-43-p4-xlq4j"",""cpu_m"":139,""mem_b"":360619299,""priority"":""4"",""node"":""kwok-node-8""},{""name"":""rs-44-p2-4cclr"",""cpu_m"":200,""mem_b"":129131645,""priority"":""2"",""node"":""kwok-node-12""},{""name"":""rs-44-p2-d9f4w"",""cpu_m"":200,""mem_b"":129131645,""priority"":""2"",""node"":""kwok-node-20""},{""name"":""rs-44-p2-npp8s"",""cpu_m"":200,""mem_b"":129131645,""priority"":""2"",""node"":""kwok-node-1""},{""name"":""rs-44-p2-r6zv7"",""cpu_m"":200,""mem_b"":129131645,""priority"":""2"",""node"":""kwok-node-21""},{""name"":""rs-45-p4-z5jgm"",""cpu_m"":547,""mem_b"":833561370,""priority"":""4"",""node"":""kwok-node-9""},{""name"":""rs-46-p1-xhkq9"",""cpu_m"":912,""mem_b"":553930801,""priority"":""1"",""node"":""""},{""name"":""rs-47-p4-f5sg8"",""cpu_m"":865,""mem_b"":548328228,""priority"":""4"",""node"":""kwok-node-28""},{""name"":""rs-48-p1-hxwbr"",""cpu_m"":103,""mem_b"":948803090,""priority"":""1"",""node"":""""},{""name"":""rs-48-p1-lccjq"",""cpu_m"":103,""mem_b"":948803090,""priority"":""1"",""node"":""""},{""name"":""rs-48-p1-zj7p2"",""cpu_m"":103,""mem_b"":948803090,""priority"":""1"",""node"":""""},{""name"":""rs-49-p3-2ndxj"",""cpu_m"":156,""mem_b"":490846356,""priority"":""3"",""node"":""kwok-node-3""},{""name"":""rs-49-p3-5w54l"",""cpu_m"":156,""mem_b"":490846356,""priority"":""3"",""node"":""kwok-node-22""},{""name"":""rs-49-p3-btnq9"",""cpu_m"":156,""mem_b"":490846356,""priority"":""3"",""node"":""kwok-node-23""},{""name"":""rs-49-p3-x8rwf"",""cpu_m"":156,""mem_b"":490846356,""priority"":""3"",""node"":""kwok-node-17""},{""name"":""rs-50-p2-74bhz"",""cpu_m"":537,""mem_b"":364614683,""priority"":""2"",""node"":""kwok-node-3""},{""name"":""rs-50-p2-cmr8c"",""cpu_m"":537,""mem_b"":364614683,""priority"":""2"",""node"":""kwok-node-11""},{""name"":""rs-50-p2-vg6q4"",""cpu_m"":537,""mem_b"":364614683,""priority"":""2"",""node"":""kwok-node-30""},{""name"":""rs-50-p2-z9x7x"",""cpu_m"":537,""mem_b"":364614683,""priority"":""2"",""node"":""kwok-node-8""},{""name"":""rs-51-p3-r6jk7"",""cpu_m"":627,""mem_b"":420342027,""priority"":""3"",""node"":""kwok-node-13""},{""name"":""rs-51-p3-rl525"",""cpu_m"":627,""mem_b"":420342027,""priority"":""3"",""node"":""kwok-node-12""}]","[{""name"":""rs-01-p4-5qvzm"",""cpu_m"":772,""mem_b"":529793481,""priority"":""4"",""node"":""kwok-node-19""},{""name"":""rs-01-p4-bfmd4"",""cpu_m"":772,""mem_b"":529793481,""priority"":""4"",""node"":""kwok-node-16""},{""name"":""rs-02-p1-tm2cq"",""cpu_m"":765,""mem_b"":984944020,""priority"":""1"",""node"":""kwok-node-11""},{""name"":""rs-03-p3-28cw9"",""cpu_m"":233,""mem_b"":402757935,""priority"":""3"",""node"":""kwok-node-10""},{""name"":""rs-03-p3-rsfs9"",""cpu_m"":233,""mem_b"":402757935,""priority"":""3"",""node"":""kwok-node-21""},{""name"":""rs-03-p3-s5sfw"",""cpu_m"":233,""mem_b"":402757935,""priority"":""3"",""node"":""kwok-node-2""},{""name"":""rs-04-p3-sgc7c"",""cpu_m"":893,""mem_b"":434227463,""priority"":""3"",""node"":""kwok-node-18""},{""name"":""rs-04-p3-wng7n"",""cpu_m"":893,""mem_b"":434227463,""priority"":""3"",""node"":""kwok-node-14""},{""name"":""rs-05-p3-jlgf6"",""cpu_m"":776,""mem_b"":348417537,""priority"":""3"",""node"":""kwok-node-13""},{""name"":""rs-06-p1-5kvrb"",""cpu_m"":685,""mem_b"":127291811,""priority"":""1"",""node"":""kwok-node-25""},{""name"":""rs-07-p3-bs8jf"",""cpu_m"":706,""mem_b"":451747894,""priority"":""3"",""node"":""kwok-node-22""},{""name"":""rs-07-p3-rj8w2"",""cpu_m"":706,""mem_b"":451747894,""priority"":""3"",""node"":""kwok-node-17""},{""name"":""rs-07-p3-t4vdl"",""cpu_m"":706,""mem_b"":451747894,""priority"":""3"",""node"":""kwok-node-27""},{""name"":""rs-07-p3-zfnnj"",""cpu_m"":706,""mem_b"":451747894,""priority"":""3"",""node"":""kwok-node-23""},{""name"":""rs-08-p2-7h58g"",""cpu_m"":532,""mem_b"":182575940,""priority"":""2"",""node"":""kwok-node-20""},{""name"":""rs-08-p2-hcwcm"",""cpu_m"":532,""mem_b"":182575940,""priority"":""2"",""node"":""kwok-node-28""},{""name"":""rs-08-p2-kjmsd"",""cpu_m"":532,""mem_b"":182575940,""priority"":""2"",""node"":""kwok-node-1""},{""name"":""rs-08-p2-rwvg9"",""cpu_m"":532,""mem_b"":182575940,""priority"":""2"",""node"":""kwok-node-15""},{""name"":""rs-09-p1-2qwz4"",""cpu_m"":322,""mem_b"":621478188,""priority"":""1"",""node"":""kwok-node-3""},{""name"":""rs-09-p1-4x22v"",""cpu_m"":322,""mem_b"":621478188,""priority"":""1"",""node"":""kwok-node-12""},{""name"":""rs-09-p1-pbbqt"",""cpu_m"":322,""mem_b"":621478188,""priority"":""1"",""node"":""kwok-node-26""},{""name"":""rs-10-p4-8bhgs"",""cpu_m"":427,""mem_b"":180182137,""priority"":""4"",""node"":""kwok-node-31""},{""name"":""rs-10-p4-c7zwh"",""cpu_m"":427,""mem_b"":180182137,""priority"":""4"",""node"":""kwok-node-32""},{""name"":""rs-10-p4-xl2q6"",""cpu_m"":427,""mem_b"":180182137,""priority"":""4"",""node"":""kwok-node-29""},{""name"":""rs-11-p3-4qnw6"",""cpu_m"":242,""mem_b"":543786669,""priority"":""3"",""node"":""kwok-node-7""},{""name"":""rs-11-p3-d5ds2"",""cpu_m"":242,""mem_b"":543786669,""priority"":""3"",""node"":""kwok-node-5""},{""name"":""rs-11-p3-l9nf5"",""cpu_m"":242,""mem_b"":543786669,""priority"":""3"",""node"":""kwok-node-24""},{""name"":""rs-12-p4-m7bsf"",""cpu_m"":485,""mem_b"":273617109,""priority"":""4"",""node"":""kwok-node-30""},{""name"":""rs-12-p4-mj65r"",""cpu_m"":485,""mem_b"":273617109,""priority"":""4"",""node"":""kwok-node-4""},{""name"":""rs-12-p4-mnrdq"",""cpu_m"":485,""mem_b"":273617109,""priority"":""4"",""node"":""kwok-node-8""},{""name"":""rs-12-p4-qxngd"",""cpu_m"":485,""mem_b"":273617109,""priority"":""4"",""node"":""kwok-node-6""},{""name"":""rs-13-p3-lbm8d"",""cpu_m"":548,""mem_b"":246284927,""priority"":""3"",""node"":""kwok-node-7""},{""name"":""rs-13-p3-mgfq9"",""cpu_m"":548,""mem_b"":246284927,""priority"":""3"",""node"":""kwok-node-2""},{""name"":""rs-13-p3-trpb7"",""cpu_m"":548,""mem_b"":246284927,""priority"":""3"",""node"":""kwok-node-10""},{""name"":""rs-13-p3-zn4zz"",""cpu_m"":548,""mem_b"":246284927,""priority"":""3"",""node"":""kwok-node-21""},{""name"":""rs-14-p3-sjsfx"",""cpu_m"":899,""mem_b"":168490025,""priority"":""3"",""node"":""kwok-node-9""},{""name"":""rs-15-p3-cc89v"",""cpu_m"":921,""mem_b"":898838846,""priority"":""3"",""node"":""kwok-node-32""},{""name"":""rs-15-p3-d9jjh"",""cpu_m"":921,""mem_b"":898838846,""priority"":""3"",""node"":""kwok-node-31""},{""name"":""rs-15-p3-f8qr4"",""cpu_m"":921,""mem_b"":898838846,""priority"":""3"",""node"":""kwok-node-6""},{""name"":""rs-15-p3-fdvrn"",""cpu_m"":921,""mem_b"":898838846,""priority"":""3"",""node"":""kwok-node-29""},{""name"":""rs-16-p1-6ttxq"",""cpu_m"":827,""mem_b"":866239480,""priority"":""1"",""node"":""kwok-node-30""},{""name"":""rs-16-p1-gtdk2"",""cpu_m"":827,""mem_b"":866239480,""priority"":""1"",""node"":""kwok-node-4""},{""name"":""rs-16-p1-q5gtl"",""cpu_m"":827,""mem_b"":866239480,""priority"":""1"",""node"":""kwok-node-8""},{""name"":""rs-17-p4-9b4j4"",""cpu_m"":114,""mem_b"":204615396,""priority"":""4"",""node"":""kwok-node-28""},{""name"":""rs-18-p3-8mdjj"",""cpu_m"":791,""mem_b"":316618678,""priority"":""3"",""node"":""kwok-node-3""},{""name"":""rs-18-p3-dn4dz"",""cpu_m"":791,""mem_b"":316618678,""priority"":""3"",""node"":""kwok-node-24""},{""name"":""rs-18-p3-dw49s"",""cpu_m"":791,""mem_b"":316618678,""priority"":""3"",""node"":""kwok-node-5""},{""name"":""rs-18-p3-nlhv4"",""cpu_m"":791,""mem_b"":316618678,""priority"":""3"",""node"":""kwok-node-12""},{""name"":""rs-19-p2-bf8vf"",""cpu_m"":708,""mem_b"":749264650,""priority"":""2"",""node"":""kwok-node-15""},{""name"":""rs-20-p4-dgfml"",""cpu_m"":593,""mem_b"":482914486,""priority"":""4"",""node"":""kwok-node-1""},{""name"":""rs-20-p4-l2bw2"",""cpu_m"":593,""mem_b"":482914486,""priority"":""4"",""node"":""kwok-node-28""},{""name"":""rs-20-p4-l72r6"",""cpu_m"":593,""mem_b"":482914486,""priority"":""4"",""node"":""kwok-node-26""},{""name"":""rs-20-p4-zpzw8"",""cpu_m"":593,""mem_b"":482914486,""priority"":""4"",""node"":""kwok-node-20""},{""name"":""rs-21-p1-852pq"",""cpu_m"":325,""mem_b"":987925416,""priority"":""1"",""node"":""kwok-node-18""},{""name"":""rs-21-p1-krkg2"",""cpu_m"":325,""mem_b"":987925416,""priority"":""1"",""node"":""kwok-node-25""},{""name"":""rs-21-p1-nqjsc"",""cpu_m"":325,""mem_b"":987925416,""priority"":""1"",""node"":""kwok-node-9""},{""name"":""rs-21-p1-xspsv"",""cpu_m"":325,""mem_b"":987925416,""priority"":""1"",""node"":""kwok-node-13""},{""name"":""rs-22-p4-dq57b"",""cpu_m"":992,""mem_b"":741000024,""priority"":""4"",""node"":""kwok-node-23""},{""name"":""rs-22-p4-jvcxm"",""cpu_m"":992,""mem_b"":741000024,""priority"":""4"",""node"":""kwok-node-17""},{""name"":""rs-22-p4-qggpz"",""cpu_m"":992,""mem_b"":741000024,""priority"":""4"",""node"":""kwok-node-22""},{""name"":""rs-23-p1-ql8zn"",""cpu_m"":493,""mem_b"":530802156,""priority"":""1"",""node"":""kwok-node-19""},{""name"":""rs-23-p1-t2pzn"",""cpu_m"":493,""mem_b"":530802156,""priority"":""1"",""node"":""kwok-node-16""},{""name"":""rs-23-p1-wbvsh"",""cpu_m"":493,""mem_b"":530802156,""priority"":""1"",""node"":""kwok-node-27""},{""name"":""rs-24-p2-c6zhn"",""cpu_m"":460,""mem_b"":638143376,""priority"":""2"",""node"":""kwok-node-14""},{""name"":""rs-24-p2-cmd5l"",""cpu_m"":460,""mem_b"":638143376,""priority"":""2"",""node"":""kwok-node-2""},{""name"":""rs-24-p2-mbnxf"",""cpu_m"":460,""mem_b"":638143376,""priority"":""2"",""node"":""kwok-node-10""},{""name"":""rs-25-p3-5f9z5"",""cpu_m"":709,""mem_b"":114193075,""priority"":""3"",""node"":""kwok-node-11""},{""name"":""rs-25-p3-8m9mb"",""cpu_m"":709,""mem_b"":114193075,""priority"":""3"",""node"":""kwok-node-21""},{""name"":""rs-26-p3-2xsvf"",""cpu_m"":440,""mem_b"":747589787,""priority"":""3"",""node"":""kwok-node-20""},{""name"":""rs-26-p3-k2npd"",""cpu_m"":440,""mem_b"":747589787,""priority"":""3"",""node"":""kwok-node-1""},{""name"":""rs-26-p3-lgjhg"",""cpu_m"":440,""mem_b"":747589787,""priority"":""3"",""node"":""kwok-node-7""},{""name"":""rs-27-p3-d64ln"",""cpu_m"":783,""mem_b"":104977680,""priority"":""3"",""node"":""kwok-node-5""},{""name"":""rs-27-p3-gscdg"",""cpu_m"":783,""mem_b"":104977680,""priority"":""3"",""node"":""kwok-node-24""},{""name"":""rs-27-p3-j4jbp"",""cpu_m"":783,""mem_b"":104977680,""priority"":""3"",""node"":""kwok-node-25""},{""name"":""rs-27-p3-jbdcm"",""cpu_m"":783,""mem_b"":104977680,""priority"":""3"",""node"":""kwok-node-26""},{""name"":""rs-28-p1-wl7q9"",""cpu_m"":483,""mem_b"":676763733,""priority"":""1"",""node"":""kwok-node-28""},{""name"":""rs-28-p1-x7plh"",""cpu_m"":483,""mem_b"":676763733,""priority"":""1"",""node"":""kwok-node-15""},{""name"":""rs-29-p2-czdcw"",""cpu_m"":176,""mem_b"":615289356,""priority"":""2"",""node"":""kwok-node-21""},{""name"":""rs-30-p3-xvt5t"",""cpu_m"":631,""mem_b"":270361393,""priority"":""3"",""node"":""kwok-node-3""},{""name"":""rs-31-p3-gwhdn"",""cpu_m"":536,""mem_b"":466892573,""priority"":""3"",""node"":""kwok-node-12""},{""name"":""rs-32-p3-55tsg"",""cpu_m"":634,""mem_b"":390493709,""priority"":""3"",""node"":""kwok-node-9""},{""name"":""rs-32-p3-7qh5l"",""cpu_m"":634,""mem_b"":390493709,""priority"":""3"",""node"":""kwok-node-27""},{""name"":""rs-32-p3-qghk9"",""cpu_m"":634,""mem_b"":390493709,""priority"":""3"",""node"":""kwok-node-19""},{""name"":""rs-32-p3-szxpx"",""cpu_m"":634,""mem_b"":390493709,""priority"":""3"",""node"":""kwok-node-16""},{""name"":""rs-33-p4-p578r"",""cpu_m"":358,""mem_b"":642948793,""priority"":""4"",""node"":""kwok-node-14""},{""name"":""rs-33-p4-zc4zt"",""cpu_m"":358,""mem_b"":642948793,""priority"":""4"",""node"":""kwok-node-31""},{""name"":""rs-34-p4-sv92k"",""cpu_m"":693,""mem_b"":964339852,""priority"":""4"",""node"":""""},{""name"":""rs-35-p1-64rgc"",""cpu_m"":668,""mem_b"":652836183,""priority"":""1"",""node"":""kwok-node-32""},{""name"":""rs-35-p1-8xzcx"",""cpu_m"":668,""mem_b"":652836183,""priority"":""1"",""node"":""kwok-node-29""},{""name"":""rs-35-p1-jcs5d"",""cpu_m"":668,""mem_b"":652836183,""priority"":""1"",""node"":""kwok-node-4""},{""name"":""rs-35-p1-pk77v"",""cpu_m"":668,""mem_b"":652836183,""priority"":""1"",""node"":""kwok-node-30""},{""name"":""rs-36-p2-m4rjj"",""cpu_m"":479,""mem_b"":803215112,""priority"":""2"",""node"":""""},{""name"":""rs-36-p2-snr2n"",""cpu_m"":479,""mem_b"":803215112,""priority"":""2"",""node"":""""},{""name"":""rs-37-p2-f79tc"",""cpu_m"":724,""mem_b"":365713527,""priority"":""2"",""node"":""kwok-node-13""},{""name"":""rs-37-p2-lbm5g"",""cpu_m"":724,""mem_b"":365713527,""priority"":""2"",""node"":""kwok-node-10""},{""name"":""rs-38-p4-bdpw4"",""cpu_m"":988,""mem_b"":307451455,""priority"":""4"",""node"":""""},{""name"":""rs-38-p4-hllf2"",""cpu_m"":988,""mem_b"":307451455,""priority"":""4"",""node"":""""},{""name"":""rs-38-p4-p97gv"",""cpu_m"":988,""mem_b"":307451455,""priority"":""4"",""node"":""""},{""name"":""rs-38-p4-rzf9j"",""cpu_m"":988,""mem_b"":307451455,""priority"":""4"",""node"":""""},{""name"":""rs-39-p1-dkj2c"",""cpu_m"":716,""mem_b"":318832572,""priority"":""1"",""node"":""kwok-node-18""},{""name"":""rs-39-p1-lsxvw"",""cpu_m"":716,""mem_b"":318832572,""priority"":""1"",""node"":""kwok-node-2""},{""name"":""rs-40-p2-q8qj8"",""cpu_m"":911,""mem_b"":510364340,""priority"":""2"",""node"":""""},{""name"":""rs-40-p2-wjsm2"",""cpu_m"":911,""mem_b"":510364340,""priority"":""2"",""node"":""""},{""name"":""rs-41-p4-hkzv8"",""cpu_m"":903,""mem_b"":827149392,""priority"":""4"",""node"":""""},{""name"":""rs-42-p2-9gj9b"",""cpu_m"":428,""mem_b"":715099248,""priority"":""2"",""node"":""kwok-node-11""},{""name"":""rs-43-p4-crhww"",""cpu_m"":139,""mem_b"":360619299,""priority"":""4"",""node"":""kwok-node-26""},{""name"":""rs-43-p4-sk994"",""cpu_m"":139,""mem_b"":360619299,""priority"":""4"",""node"":""kwok-node-6""},{""name"":""rs-43-p4-xlq4j"",""cpu_m"":139,""mem_b"":360619299,""priority"":""4"",""node"":""kwok-node-8""},{""name"":""rs-44-p2-4cclr"",""cpu_m"":200,""mem_b"":129131645,""priority"":""2"",""node"":""kwok-node-12""},{""name"":""rs-44-p2-d9f4w"",""cpu_m"":200,""mem_b"":129131645,""priority"":""2"",""node"":""kwok-node-20""},{""name"":""rs-44-p2-npp8s"",""cpu_m"":200,""mem_b"":129131645,""priority"":""2"",""node"":""kwok-node-1""},{""name"":""rs-44-p2-r6zv7"",""cpu_m"":200,""mem_b"":129131645,""priority"":""2"",""node"":""kwok-node-21""},{""name"":""rs-45-p4-z5jgm"",""cpu_m"":547,""mem_b"":833561370,""priority"":""4"",""node"":""""},{""name"":""rs-46-p1-xhkq9"",""cpu_m"":912,""mem_b"":553930801,""priority"":""1"",""node"":""""},{""name"":""rs-47-p4-f5sg8"",""cpu_m"":865,""mem_b"":548328228,""priority"":""4"",""node"":""""},{""name"":""rs-48-p1-hxwbr"",""cpu_m"":103,""mem_b"":948803090,""priority"":""1"",""node"":""""},{""name"":""rs-48-p1-lccjq"",""cpu_m"":103,""mem_b"":948803090,""priority"":""1"",""node"":""""},{""name"":""rs-48-p1-zj7p2"",""cpu_m"":103,""mem_b"":948803090,""priority"":""1"",""node"":""""},{""name"":""rs-49-p3-2ndxj"",""cpu_m"":156,""mem_b"":490846356,""priority"":""3"",""node"":""kwok-node-3""},{""name"":""rs-49-p3-5w54l"",""cpu_m"":156,""mem_b"":490846356,""priority"":""3"",""node"":""kwok-node-22""},{""name"":""rs-49-p3-btnq9"",""cpu_m"":156,""mem_b"":490846356,""priority"":""3"",""node"":""kwok-node-23""},{""name"":""rs-49-p3-x8rwf"",""cpu_m"":156,""mem_b"":490846356,""priority"":""3"",""node"":""kwok-node-17""},{""name"":""rs-50-p2-74bhz"",""cpu_m"":537,""mem_b"":364614683,""priority"":""2"",""node"":""""},{""name"":""rs-50-p2-cmr8c"",""cpu_m"":537,""mem_b"":364614683,""priority"":""2"",""node"":""""},{""name"":""rs-50-p2-vg6q4"",""cpu_m"":537,""mem_b"":364614683,""priority"":""2"",""node"":""""},{""name"":""rs-50-p2-z9x7x"",""cpu_m"":537,""mem_b"":364614683,""priority"":""2"",""node"":""kwok-node-8""},{""name"":""rs-51-p3-r6jk7"",""cpu_m"":627,""mem_b"":420342027,""priority"":""3"",""node"":""""},{""name"":""rs-51-p3-rl525"",""cpu_m"":627,""mem_b"":420342027,""priority"":""3"",""node"":""""}]","[{""name"":""kwok-node-1"",""cap_cpu_m"":2158,""cap_mem_bytes"":1871383047},{""name"":""kwok-node-2"",""cap_cpu_m"":2158,""cap_mem_bytes"":1871383047},{""name"":""kwok-node-3"",""cap_cpu_m"":2158,""cap_mem_bytes"":1871383047},{""name"":""kwok-node-4"",""cap_cpu_m"":2158,""cap_mem_bytes"":1871383047},{""name"":""kwok-node-5"",""cap_cpu_m"":2158,""cap_mem_bytes"":1871383047},{""name"":""kwok-node-6"",""cap_cpu_m"":2158,""cap_mem_bytes"":1871383047},{""name"":""kwok-node-7"",""cap_cpu_m"":2158,""cap_mem_bytes"":1871383047},{""name"":""kwok-node-8"",""cap_cpu_m"":2158,""cap_mem_bytes"":1871383047},{""name"":""kwok-node-9"",""cap_cpu_m"":2158,""cap_mem_bytes"":1871383047},{""name"":""kwok-node-10"",""cap_cpu_m"":2158,""cap_mem_bytes"":1871383047},{""name"":""kwok-node-11"",""cap_cpu_m"":2158,""cap_mem_bytes"":1871383047},{""name"":""kwok-node-12"",""cap_cpu_m"":2158,""cap_mem_bytes"":1871383047},{""name"":""kwok-node-13"",""cap_cpu_m"":2158,""cap_mem_bytes"":1871383047},{""name"":""kwok-node-14"",""cap_cpu_m"":2158,""cap_mem_bytes"":1871383047},{""name"":""kwok-node-15"",""cap_cpu_m"":2158,""cap_mem_bytes"":1871383047},{""name"":""kwok-node-16"",""cap_cpu_m"":2158,""cap_mem_bytes"":1871383047},{""name"":""kwok-node-17"",""cap_cpu_m"":2158,""cap_mem_bytes"":1871383047},{""name"":""kwok-node-18"",""cap_cpu_m"":2158,""cap_mem_bytes"":1871383047},{""name"":""kwok-node-19"",""cap_cpu_m"":2158,""cap_mem_bytes"":1871383047},{""name"":""kwok-node-20"",""cap_cpu_m"":2158,""cap_mem_bytes"":1871383047},{""name"":""kwok-node-21"",""cap_cpu_m"":2158,""cap_mem_bytes"":1871383047},{""name"":""kwok-node-22"",""cap_cpu_m"":2158,""cap_mem_bytes"":1871383047},{""name"":""kwok-node-23"",""cap_cpu_m"":2158,""cap_mem_bytes"":1871383047},{""name"":""kwok-node-24"",""cap_cpu_m"":2158,""cap_mem_bytes"":1871383047},{""name"":""kwok-node-25"",""cap_cpu_m"":2158,""cap_mem_bytes"":1871383047},{""name"":""kwok-node-26"",""cap_cpu_m"":2158,""cap_mem_bytes"":1871383047},{""name"":""kwok-node-27"",""cap_cpu_m"":2158,""cap_mem_bytes"":1871383047},{""name"":""kwok-node-28"",""cap_cpu_m"":2158,""cap_mem_bytes"":1871383047},{""name"":""kwok-node-29"",""cap_cpu_m"":2158,""cap_mem_bytes"":1871383047},{""name"":""kwok-node-30"",""cap_cpu_m"":2158,""cap_mem_bytes"":1871383047},{""name"":""kwok-node-31"",""cap_cpu_m"":2158,""cap_mem_bytes"":1871383047},{""name"":""kwok-node-32"",""cap_cpu_m"":2158,""cap_mem_bytes"":1871383047}]"
2026/02/11/11:55:45,4291706568640266163,,"{""evicted"":0,""moved"":0,""placed_by_priority"":{""1"":38,""2"":21,""3"":32,""4"":20}}",python,"{""evicted"":6,""moved"":25,""placed_by_priority"":{""1"":37,""2"":21,""3"":32,""4"":28}}",1028,FEASIBLE,"[{""duration_ms"":1028,""name"":""python"",""score"":{""evicted"":6,""moved"":25,""placed_by_priority"":{""1"":37,""2"":21,""3"":32,""4"":28}},""status"":""FEASIBLE""}]",0.935,0.874,0.918,0.887,69241,64683,66790932655,64506594369,116,111,12,17,"{""kwok-node-1"":3,""kwok-node-10"":4,""kwok-node-11"":3,""kwok-node-12"":3,""kwok-node-13"":4,""kwok-node-14"":4,""kwok-node-15"":3,""kwok-node-16"":4,""kwok-node-17"":3,""kwok-node-18"":3,""kwok-node-19"":3,""kwok-node-2"":4,""kwok-node-20"":3,""kwok-node-21"":3,""kwok-node-22"":3,""kwok-node-23"":3,""kwok-node-24"":4,""kwok-node-25"":5,""kwok-node-26"":4,""kwok-node-27"":5,""kwok-node-28"":5,""kwok-node-29"":4,""kwok-node-3"":4,""kwok-node-30"":4,""kwok-node-31"":3,""kwok-node-32"":4,""kwok-node-4"":4,""kwok-node-5"":4,""kwok-node-6"":3,""kwok-node-7"":4,""kwok-node-8"":3,""kwok-node-9"":3}","{""kwok-node-1"":3,""kwok-node-10"":4,""kwok-node-11"":3,""kwok-node-12"":3,""kwok-node-13"":4,""kwok-node-14"":3,""kwok-node-15"":3,""kwok-node-16"":4,""kwok-node-17"":3,""kwok-node-18"":3,""kwok-node-19"":3,""kwok-node-2"":3,""kwok-node-20"":3,""kwok-node-21"":3,""kwok-node-22"":3,""kwok-node-23"":3,""kwok-node-24"":3,""kwok-node-25"":6,""kwok-node-26"":5,""kwok-node-27"":5,""kwok-node-28"":3,""kwok-node-29"":4,""kwok-node-3"":4,""kwok-node-30"":4,""kwok-node-31"":3,""kwok-node-32"":3,""kwok-node-4"":4,""kwok-node-5"":3,""kwok-node-6"":3,""kwok-node-7"":3,""kwok-node-8"":4,""kwok-node-9"":3}","{""p1"":35,""p2"":21,""p3"":32,""p4"":28}","{""p1"":38,""p2"":21,""p3"":32,""p4"":20}","{""p1"":12}","{""p1"":9,""p4"":8}","{rs-16-p1-hf7xs,rs-17-p1-zls7h,rs-23-p1-27m7z,rs-23-p1-rfsbj,rs-23-p1-sskrd,rs-24-p1-k9rwn,rs-24-p1-mvbkb,rs-29-p1-44kpn,rs-29-p1-r5ml4,rs-29-p1-x8h5p,rs-31-p1-jgj6z,rs-42-p1-6czmn}","{rs-29-p1-44kpn,rs-29-p1-r5ml4,rs-35-p4-7dmj8,rs-35-p4-9sxxp,rs-35-p4-kzf49,rs-36-p4-ccw82,rs-36-p4-xfhdv,rs-36-p4-xtd2x,rs-42-p1-6czmn,rs-42-p1-8tnz2,rs-42-p1-bxhdl,rs-43-p4-dsj4b,rs-43-p4-fpmmc,rs-44-p1-dzspz,rs-44-p1-hxxfz,rs-44-p1-ljsjm,rs-44-p1-lt952}","{rs-01-p3-j9cc9,rs-01-p3-vkd8j,rs-02-p4-b2jb4,rs-02-p4-b7n4m,rs-02-p4-b9kbv,rs-02-p4-wszzr,rs-03-p2-8zdpt,rs-03-p2-q2vgb,rs-03-p2-tmb4m,rs-04-p2-hnqbc,rs-04-p2-r9kfp,rs-05-p4-5gctn,rs-05-p4-967v9,rs-05-p4-j66ql,rs-05-p4-pc5c2,rs-06-p1-g6b7n,rs-06-p1-j62lq,rs-06-p1-z9p4w,rs-07-p3-cccfx,rs-07-p3-dhtnn,rs-07-p3-jr6qp,rs-08-p3-2rchj,rs-08-p3-5mf6w,rs-08-p3-rksfx,rs-09-p1-74qs5,rs-09-p1-jz7mj,rs-09-p1-ssfq8,rs-09-p1-xx8dp,rs-10-p1-s8rqp,rs-10-p1-vfwgb,rs-10-p1-wnwp6,rs-11-p1-4shd5,rs-11-p1-956wz,rs-12-p4-n2477,rs-13-p2-c7pmf,rs-13-p2-m9bdz,rs-13-p2-t795l,rs-14-p1-t2lp7,rs-15-p2-d8rtf,rs-18-p2-mwsdb,rs-18-p2-qc8kl,rs-18-p2-zlmzp,rs-19-p3-666lh,rs-19-p3-fhg8h,rs-19-p3-vfg85,rs-19-p3-vvx68,rs-20-p3-4tlsd,rs-20-p3-dd8s6,rs-20-p3-qp6l8,rs-20-p3-qp77h,rs-21-p2-dqnrm,rs-21-p2-gb7t5,rs-21-p2-qwtqn,rs-21-p2-rv97f,rs-22-p1-gbmpp,rs-22-p1-wdlbv,rs-23-p1-hcvcg,rs-24-p1-mrql5,rs-25-p4-cgnjs,rs-25-p4-cpjwx,rs-25-p4-pvp44,rs-26-p4-4z645,rs-26-p4-ch8tl,rs-26-p4-gqw6c,rs-26-p4-ts5hv,rs-27-p3-8vzrc,rs-27-p3-mxm5f,rs-27-p3-n7lxt,rs-28-p3-g49wh,rs-28-p3-ql2ld,rs-30-p1-l954s,rs-30-p1-nblwx,rs-32-p4-4jb64,rs-32-p4-ktsfx,rs-32-p4-mg9d7,rs-32-p4-mwnl8,rs-33-p3-fc8lz,rs-33-p3-lhlx7,rs-34-p2-qfpjp,rs-34-p2-rp5ks,rs-34-p2-sk5kc,rs-35-p4-7dmj8,rs-35-p4-9sxxp,rs-35-p4-kzf49,rs-36-p4-ccw82,rs-36-p4-xfhdv,rs-36-p4-xtd2x,rs-37-p3-pswh2,rs-38-p1-8jz4x,rs-38-p1-j9fvq,rs-39-p1-5jlm9,rs-39-p1-gn9ns,rs-39-p1-hhxzx,rs-39-p1-wqh2v,rs-40-p1-h5lhk,rs-40-p1-kzg9t,rs-40-p1-lxvpz,rs-40-p1-nmszs,rs-41-p3-4n2jj,rs-41-p3-7mj4l,rs-41-p3-7v2s9,rs-41-p3-87rxn,rs-42-p1-8tnz2,rs-42-p1-bxhdl,rs-43-p4-dsj4b,rs-43-p4-fpmmc,rs-44-p1-dzspz,rs-44-p1-hxxfz,rs-44-p1-ljsjm,rs-44-p1-lt952,rs-45-p3-2lpwb,rs-45-p3-6kkvj,rs-45-p3-tdrst,rs-45-p3-zn4x2,rs-46-p2-llg6h,rs-46-p2-x64fh}","{rs-01-p3-j9cc9,rs-01-p3-vkd8j,rs-02-p4-b2jb4,rs-02-p4-b7n4m,rs-02-p4-b9kbv,rs-02-p4-wszzr,rs-03-p2-8zdpt,rs-03-p2-q2vgb,rs-03-p2-tmb4m,rs-04-p2-hnqbc,rs-04-p2-r9kfp,rs-05-p4-5gctn,rs-05-p4-967v9,rs-05-p4-j66ql,rs-05-p4-pc5c2,rs-06-p1-9wxxr,rs-06-p1-j62lq,rs-06-p1-z9p4w,rs-07-p3-cccfx,rs-07-p3-dhtnn,rs-07-p3-jr6qp,rs-08-p3-2rchj,rs-08-p3-5mf6w,rs-08-p3-rksfx,rs-09-p1-76jkf,rs-09-p1-jhkfw,rs-09-p1-rrfjc,rs-09-p1-xx8dp,rs-10-p1-l2d5t,rs-10-p1-vfwgb,rs-10-p1-vmlb4,rs-11-p1-92vhj,rs-11-p1-z2995,rs-12-p4-n2477,rs-13-p2-c7pmf,rs-13-p2-m9bdz,rs-13-p2-t795l,rs-14-p1-c58kb,rs-15-p2-d8rtf,rs-16-p1-rtwxm,rs-17-p1-hcwt7,rs-18-p2-mwsdb,rs-18-p2-qc8kl,rs-18-p2-zlmzp,rs-19-p3-666lh,rs-19-p3-fhg8h,rs-19-p3-vfg85,rs-19-p3-vvx68,rs-20-p3-4tlsd,rs-20-p3-dd8s6,rs-20-p3-qp6l8,rs-20-p3-qp77h,rs-21-p2-dqnrm,rs-21-p2-gb7t5,rs-21-p2-qwtqn,rs-21-p2-rv97f,rs-22-p1-kb8bn,rs-22-p1-lm2fn,rs-23-p1-6zvdl,rs-23-p1-blsg9,rs-23-p1-n8nh9,rs-23-p1-rgxrf,rs-24-p1-75r5g,rs-24-p1-psw65,rs-24-p1-xbltj,rs-25-p4-cgnjs,rs-25-p4-cpjwx,rs-25-p4-pvp44,rs-26-p4-4z645,rs-26-p4-ch8tl,rs-26-p4-gqw6c,rs-26-p4-ts5hv,rs-27-p3-8vzrc,rs-27-p3-mxm5f,rs-27-p3-n7lxt,rs-28-p3-g49wh,rs-28-p3-ql2ld,rs-29-p1-wtnx6,rs-30-p1-6vmhq,rs-30-p1-9g7jh,rs-31-p1-jl527,rs-32-p4-4jb64,rs-32-p4-ktsfx,rs-32-p4-mg9d7,rs-32-p4-mwnl8,rs-33-p3-fc8lz,rs-33-p3-lhlx7,rs-34-p2-qfpjp,rs-34-p2-rp5ks,rs-34-p2-sk5kc,rs-37-p3-pswh2,rs-38-p1-8jz4x,rs-38-p1-j9fvq,rs-39-p1-gn9ns,rs-39-p1-kcrbb,rs-39-p1-nglvj,rs-39-p1-rrpnm,rs-40-p1-2c4r5,rs-40-p1-55jc8,rs-40-p1-7nr2c,rs-40-p1-qjq2s,rs-41-p3-4n2jj,rs-41-p3-7mj4l,rs-41-p3-7v2s9,rs-41-p3-87rxn,rs-45-p3-2lpwb,rs-45-p3-6kkvj,rs-45-p3-tdrst,rs-45-p3-zn4x2,rs-46-p2-llg6h,rs-46-p2-x64fh}","[{""name"":""rs-01-p3-j9cc9"",""cpu_m"":863,""mem_b"":300671653,""priority"":""3"",""node"":""kwok-node-10""},{""name"":""rs-01-p3-vkd8j"",""cpu_m"":863,""mem_b"":300671653,""priority"":""3"",""node"":""kwok-node-13""},{""name"":""rs-02-p4-b2jb4"",""cpu_m"":968,""mem_b"":834524726,""priority"":""4"",""node"":""kwok-node-15""},{""name"":""rs-02-p4-b7n4m"",""cpu_m"":968,""mem_b"":834524726,""priority"":""4"",""node"":""kwok-node-14""},{""name"":""rs-02-p4-b9kbv"",""cpu_m"":968,""mem_b"":834524726,""priority"":""4"",""node"":""kwok-node-12""},{""name"":""rs-02-p4-wszzr"",""cpu_m"":968,""mem_b"":834524726,""priority"":""4"",""node"":""kwok-node-16""},{""name"":""rs-03-p2-8zdpt"",""cpu_m"":913,""mem_b"":982524023,""priority"":""2"",""node"":""kwok-node-1""},{""name"":""rs-03-p2-q2vgb"",""cpu_m"":913,""mem_b"":982524023,""priority"":""2"",""node"":""kwok-node-17""},{""name"":""rs-03-p2-tmb4m"",""cpu_m"":913,""mem_b"":982524023,""priority"":""2"",""node"":""kwok-node-19""},{""name"":""rs-04-p2-hnqbc"",""cpu_m"":830,""mem_b"":895249542,""priority"":""2"",""node"":""kwok-node-23""},{""name"":""rs-04-p2-r9kfp"",""cpu_m"":830,""mem_b"":895249542,""priority"":""2"",""node"":""kwok-node-22""},{""name"":""rs-05-p4-5gctn"",""cpu_m"":813,""mem_b"":676284811,""priority"":""4"",""node"":""kwok-node-11""},{""name"":""rs-05-p4-967v9"",""cpu_m"":813,""mem_b"":676284811,""priority"":""4"",""node"":""kwok-node-20""},{""name"":""rs-05-p4-j66ql"",""cpu_m"":813,""mem_b"":676284811,""priority"":""4"",""node"":""kwok-node-2""},{""name"":""rs-05-p4-pc5c2"",""cpu_m"":813,""mem_b"":676284811,""priority"":""4"",""node"":""kwok-node-21""},{""name"":""rs-06-p1-g6b7n"",""cpu_m"":875,""mem_b"":416570540,""priority"":""1"",""node"":""kwok-node-6""},{""name"":""rs-06-p1-j62lq"",""cpu_m"":875,""mem_b"":416570540,""priority"":""1"",""node"":""kwok-node-11""},{""name"":""rs-06-p1-z9p4w"",""cpu_m"":875,""mem_b"":416570540,""priority"":""1"",""node"":""kwok-node-21""},{""name"":""rs-07-p3-cccfx"",""cpu_m"":744,""mem_b"":306321858,""priority"":""3"",""node"":""kwok-node-2""},{""name"":""rs-07-p3-dhtnn"",""cpu_m"":744,""mem_b"":306321858,""priority"":""3"",""node"":""kwok-node-22""},{""name"":""rs-07-p3-jr6qp"",""cpu_m"":744,""mem_b"":306321858,""priority"":""3"",""node"":""kwok-node-20""},{""name"":""rs-08-p3-2rchj"",""cpu_m"":229,""mem_b"":358495722,""priority"":""3"",""node"":""kwok-node-28""},{""name"":""rs-08-p3-5mf6w"",""cpu_m"":229,""mem_b"":358495722,""priority"":""3"",""node"":""kwok-node-24""},{""name"":""rs-08-p3-rksfx"",""cpu_m"":229,""mem_b"":358495722,""priority"":""3"",""node"":""kwok-node-29""},{""name"":""rs-09-p1-74qs5"",""cpu_m"":442,""mem_b"":748904833,""priority"":""1"",""node"":""kwok-node-7""},{""name"":""rs-09-p1-jz7mj"",""cpu_m"":442,""mem_b"":748904833,""priority"":""1"",""node"":""kwok-node-19""},{""name"":""rs-09-p1-ssfq8"",""cpu_m"":442,""mem_b"":748904833,""priority"":""1"",""node"":""kwok-node-1""},{""name"":""rs-09-p1-xx8dp"",""cpu_m"":442,""mem_b"":748904833,""priority"":""1"",""node"":""kwok-node-3""},{""name"":""rs-10-p1-s8rqp"",""cpu_m"":733,""mem_b"":573815079,""priority"":""1"",""node"":""kwok-node-8""},{""name"":""rs-10-p1-vfwgb"",""cpu_m"":733,""mem_b"":573815079,""priority"":""1"",""node"":""kwok-node-30""},{""name"":""rs-10-p1-wnwp6"",""cpu_m"":733,""mem_b"":573815079,""priority"":""1"",""node"":""kwok-node-15""},{""name"":""rs-11-p1-4shd5"",""cpu_m"":706,""mem_b"":731464778,""priority"":""1"",""node"":""kwok-node-4""},{""name"":""rs-11-p1-956wz"",""cpu_m"":706,""mem_b"":731464778,""priority"":""1"",""node"":""kwok-node-5""},{""name"":""rs-12-p4-n2477"",""cpu_m"":502,""mem_b"":720993811,""priority"":""4"",""node"":""kwok-node-32""},{""name"":""rs-13-p2-c7pmf"",""cpu_m"":924,""mem_b"":871308063,""priority"":""2"",""node"":""kwok-node-8""},{""name"":""rs-13-p2-m9bdz"",""cpu_m"":924,""mem_b"":871308063,""priority"":""2"",""node"":""kwok-node-4""},{""name"":""rs-13-p2-t795l"",""cpu_m"":924,""mem_b"":871308063,""priority"":""2"",""node"":""kwok-node-6""},{""name"":""rs-14-p1-t2lp7"",""cpu_m"":759,""mem_b"":775882645,""priority"":""1"",""node"":""kwok-node-25""},{""name"":""rs-15-p2-d8rtf"",""cpu_m"":467,""mem_b"":252450451,""priority"":""2"",""node"":""kwok-node-31""},{""name"":""rs-16-p1-hf7xs"",""cpu_m"":980,""mem_b"":705651524,""priority"":""1"",""node"":""""},{""name"":""rs-17-p1-zls7h"",""cpu_m"":865,""mem_b"":681828304,""priority"":""1"",""node"":""""},{""name"":""rs-18-p2-mwsdb"",""cpu_m"":721,""mem_b"":897541511,""priority"":""2"",""node"":""kwok-node-31""},{""name"":""rs-18-p2-qc8kl"",""cpu_m"":721,""mem_b"":897541511,""priority"":""2"",""node"":""kwok-node-13""},{""name"":""rs-18-p2-zlmzp"",""cpu_m"":721,""mem_b"":897541511,""priority"":""2"",""node"":""kwok-node-10""},{""name"":""rs-19-p3-666lh"",""cpu_m"":494,""mem_b"":563867744,""priority"":""3"",""node"":""kwok-node-32""},{""name"":""rs-19-p3-fhg8h"",""cpu_m"":494,""mem_b"":563867744,""priority"":""3"",""node"":""kwok-node-3""},{""name"":""rs-19-p3-vfg85"",""cpu_m"":494,""mem_b"":563867744,""priority"":""3"",""node"":""kwok-node-25""},{""name"":""rs-19-p3-vvx68"",""cpu_m"":494,""mem_b"":563867744,""priority"":""3"",""node"":""kwok-node-26""},{""name"":""rs-20-p3-4tlsd"",""cpu_m"":425,""mem_b"":462619407,""priority"":""3"",""node"":""kwok-node-7""},{""name"":""rs-20-p3-dd8s6"",""cpu_m"":425,""mem_b"":462619407,""priority"":""3"",""node"":""kwok-node-18""},{""name"":""rs-20-p3-qp6l8"",""cpu_m"":425,""mem_b"":462619407,""priority"":""3"",""node"":""kwok-node-9""},{""name"":""rs-20-p3-qp77h"",""cpu_m"":425,""mem_b"":462619407,""priority"":""3"",""node"":""kwok-node-27""},{""name"":""rs-21-p2-dqnrm"",""cpu_m"":127,""mem_b"":922872337,""priority"":""2"",""node"":""kwok-node-16""},{""name"":""rs-21-p2-gb7t5"",""cpu_m"":127,""mem_b"":922872337,""priority"":""2"",""node"":""kwok-node-14""},{""name"":""rs-21-p2-qwtqn"",""cpu_m"":127,""mem_b"":922872337,""priority"":""2"",""node"":""kwok-node-5""},{""name"":""rs-21-p2-rv97f"",""cpu_m"":127,""mem_b"":922872337,""priority"":""2"",""node"":""kwok-node-12""},{""name"":""rs-22-p1-gbmpp"",""cpu_m"":482,""mem_b"":779872914,""priority"":""1"",""node"":""kwok-node-3""},{""name"":""rs-22-p1-wdlbv"",""cpu_m"":482,""mem_b"":779872914,""priority"":""1"",""node"":""kwok-node-15""},{""name"":""rs-23-p1-27m7z"",""cpu_m"":654,""mem_b"":962466915,""priority"":""1"",""node"":""""},{""name"":""rs-23-p1-hcvcg"",""cpu_m"":654,""mem_b"":962466915,""priority"":""1"",""node"":""kwok-node-30""},{""name"":""rs-23-p1-rfsbj"",""cpu_m"":654,""mem_b"":962466915,""priority"":""1"",""node"":""""},{""name"":""rs-23-p1-sskrd"",""cpu_m"":654,""mem_b"":962466915,""priority"":""1"",""node"":""""},{""name"":""rs-24-p1-k9rwn"",""cpu_m"":371,""mem_b"":611941111,""priority"":""1"",""node"":""""},{""name"":""rs-24-p1-mrql5"",""cpu_m"":371,""mem_b"":611941111,""priority"":""1"",""node"":""kwok-node-2""},{""name"":""rs-24-p1-mvbkb"",""cpu_m"":371,""mem_b"":611941111,""priority"":""1"",""node"":""""},{""name"":""rs-25-p4-cgnjs"",""cpu_m"":771,""mem_b"":141611964,""priority"":""4"",""node"":""kwok-node-27""},{""name"":""rs-25-p4-cpjwx"",""cpu_m"":771,""mem_b"":141611964,""priority"":""4"",""node"":""kwok-node-17""},{""name"":""rs-25-p4-pvp44"",""cpu_m"":771,""mem_b"":141611964,""priority"":""4"",""node"":""kwok-node-3""},{""name"":""rs-26-p4-4z645"",""cpu_m"":867,""mem_b"":890255594,""priority"":""4"",""node"":""kwok-node-24""},{""name"":""rs-26-p4-ch8tl"",""cpu_m"":867,""mem_b"":890255594,""priority"":""4"",""node"":""kwok-node-9""},{""name"":""rs-26-p4-gqw6c"",""cpu_m"":867,""mem_b"":890255594,""priority"":""4"",""node"":""kwok-node-18""},{""name"":""rs-26-p4-ts5hv"",""cpu_m"":867,""mem_b"":890255594,""priority"":""4"",""node"":""kwok-node-31""},{""name"":""rs-27-p3-8vzrc"",""cpu_m"":505,""mem_b"":757843425,""priority"":""3"",""node"":""kwok-node-22""},{""name"":""rs-27-p3-mxm5f"",""cpu_m"":505,""mem_b"":757843425,""priority"":""3"",""node"":""kwok-node-7""},{""name"":""rs-27-p3-n7lxt"",""cpu_m"":505,""mem_b"":757843425,""priority"":""3"",""node"":""kwok-node-20""},{""name"":""rs-28-p3-g49wh"",""cpu_m"":500,""mem_b"":119371808,""priority"":""3"",""node"":""kwok-node-26""},{""name"":""rs-28-p3-ql2ld"",""cpu_m"":500,""mem_b"":119371808,""priority"":""3"",""node"":""kwok-node-25""},{""name"":""rs-29-p1-44kpn"",""cpu_m"":892,""mem_b"":800742603,""priority"":""1"",""node"":""""},{""name"":""rs-29-p1-r5ml4"",""cpu_m"":892,""mem_b"":800742603,""priority"":""1"",""node"":""""},{""name"":""rs-29-p1-x8h5p"",""cpu_m"":892,""mem_b"":800742603,""priority"":""1"",""node"":""""},{""name"":""rs-30-p1-l954s"",""cpu_m"":364,""mem_b"":219230966,""priority"":""1"",""node"":""kwok-node-5""},{""name"":""rs-30-p1-nblwx"",""cpu_m"":364,""mem_b"":219230966,""priority"":""1"",""node"":""kwok-node-32""},{""name"":""rs-31-p1-jgj6z"",""cpu_m"":480,""mem_b"":996447982,""priority"":""1"",""node"":""""},{""name"":""rs-32-p4-4jb64"",""cpu_m"":190,""mem_b"":280944371,""priority"":""4"",""node"":""kwok-node-13""},{""name"":""rs-32-p4-ktsfx"",""cpu_m"":190,""mem_b"":280944371,""priority"":""4"",""node"":""kwok-node-10""},{""name"":""rs-32-p4-mg9d7"",""cpu_m"":190,""mem_b"":280944371,""priority"":""4"",""node"":""kwok-node-27""},{""name"":""rs-32-p4-mwnl8"",""cpu_m"":190,""mem_b"":280944371,""priority"":""4"",""node"":""kwok-node-25""},{""name"":""rs-33-p3-fc8lz"",""cpu_m"":712,""mem_b"":395304130,""priority"":""3"",""node"":""kwok-node-19""},{""name"":""rs-33-p3-lhlx7"",""cpu_m"":712,""mem_b"":395304130,""priority"":""3"",""node"":""kwok-node-1""},{""name"":""rs-34-p2-qfpjp"",""cpu_m"":456,""mem_b"":954747975,""priority"":""2"",""node"":""kwok-node-11""},{""name"":""rs-34-p2-rp5ks"",""cpu_m"":456,""mem_b"":954747975,""priority"":""2"",""node"":""kwok-node-17""},{""name"":""rs-34-p2-sk5kc"",""cpu_m"":456,""mem_b"":954747975,""priority"":""2"",""node"":""kwok-node-21""},{""name"":""rs-35-p4-7dmj8"",""cpu_m"":493,""mem_b"":931328008,""priority"":""4"",""node"":""kwok-node-27""},{""name"":""rs-35-p4-9sxxp"",""cpu_m"":493,""mem_b"":931328008,""priority"":""4"",""node"":""kwok-node-6""},{""name"":""rs-35-p4-kzf49"",""cpu_m"":493,""mem_b"":931328008,""priority"":""4"",""node"":""kwok-node-28""},{""name"":""rs-36-p4-ccw82"",""cpu_m"":854,""mem_b"":900496842,""priority"":""4"",""node"":""kwok-node-24""},{""name"":""rs-36-p4-xfhdv"",""cpu_m"":854,""mem_b"":900496842,""priority"":""4"",""node"":""kwok-node-18""},{""name"":""rs-36-p4-xtd2x"",""cpu_m"":854,""mem_b"":900496842,""priority"":""4"",""node"":""kwok-node-9""},{""name"":""rs-37-p3-pswh2"",""cpu_m"":508,""mem_b"":453480524,""priority"":""3"",""node"":""kwok-node-29""},{""name"":""rs-38-p1-8jz4x"",""cpu_m"":999,""mem_b"":363388324,""priority"":""1"",""node"":""kwok-node-12""},{""name"":""rs-38-p1-j9fvq"",""cpu_m"":999,""mem_b"":363388324,""priority"":""1"",""node"":""kwok-node-5""},{""name"":""rs-39-p1-5jlm9"",""cpu_m"":359,""mem_b"":107997215,""priority"":""1"",""node"":""kwok-node-30""},{""name"":""rs-39-p1-gn9ns"",""cpu_m"":359,""mem_b"":107997215,""priority"":""1"",""node"":""kwok-node-16""},{""name"":""rs-39-p1-hhxzx"",""cpu_m"":359,""mem_b"":107997215,""priority"":""1"",""node"":""kwok-node-28""},{""name"":""rs-39-p1-wqh2v"",""cpu_m"":359,""mem_b"":107997215,""priority"":""1"",""node"":""kwok-node-24""},{""name"":""rs-40-p1-h5lhk"",""cpu_m"":242,""mem_b"":110778682,""priority"":""1"",""node"":""kwok-node-4""},{""name"":""rs-40-p1-kzg9t"",""cpu_m"":242,""mem_b"":110778682,""priority"":""1"",""node"":""kwok-node-2""},{""name"":""rs-40-p1-lxvpz"",""cpu_m"":242,""mem_b"":110778682,""priority"":""1"",""node"":""kwok-node-14""},{""name"":""rs-40-p1-nmszs"",""cpu_m"":242,""mem_b"":110778682,""priority"":""1"",""node"":""kwok-node-28""},{""name"":""rs-41-p3-4n2jj"",""cpu_m"":454,""mem_b"":590569952,""priority"":""3"",""node"":""kwok-node-26""},{""name"":""rs-41-p3-7mj4l"",""cpu_m"":454,""mem_b"":590569952,""priority"":""3"",""node"":""kwok-node-30""},{""name"":""rs-41-p3-7v2s9"",""cpu_m"":454,""mem_b"":590569952,""priority"":""3"",""node"":""kwok-node-13""},{""name"":""rs-41-p3-87rxn"",""cpu_m"":454,""mem_b"":590569952,""priority"":""3"",""node"":""kwok-node-10""},{""name"":""rs-42-p1-6czmn"",""cpu_m"":763,""mem_b"":693806112,""priority"":""1"",""node"":""""},{""name"":""rs-42-p1-8tnz2"",""cpu_m"":763,""mem_b"":693806112,""priority"":""1"",""node"":""kwok-node-28""},{""name"":""rs-42-p1-bxhdl"",""cpu_m"":763,""mem_b"":693806112,""priority"":""1"",""node"":""kwok-node-23""},{""name"":""rs-43-p4-dsj4b"",""cpu_m"":696,""mem_b"":998937864,""priority"":""4"",""node"":""kwok-node-26""},{""name"":""rs-43-p4-fpmmc"",""cpu_m"":696,""mem_b"":998937864,""priority"":""4"",""node"":""kwok-node-29""},{""name"":""rs-44-p1-dzspz"",""cpu_m"":880,""mem_b"":174832291,""priority"":""1"",""node"":""kwok-node-7""},{""name"":""rs-44-p1-hxxfz"",""cpu_m"":880,""mem_b"":174832291,""priority"":""1"",""node"":""kwok-node-29""},{""name"":""rs-44-p1-ljsjm"",""cpu_m"":880,""mem_b"":174832291,""priority"":""1"",""node"":""kwok-node-32""},{""name"":""rs-44-p1-lt952"",""cpu_m"":880,""mem_b"":174832291,""priority"":""1"",""node"":""kwok-node-14""},{""name"":""rs-45-p3-2lpwb"",""cpu_m"":312,""mem_b"":407487557,""priority"":""3"",""node"":""kwok-node-25""},{""name"":""rs-45-p3-6kkvj"",""cpu_m"":312,""mem_b"":407487557,""priority"":""3"",""node"":""kwok-node-4""},{""name"":""rs-45-p3-tdrst"",""cpu_m"":312,""mem_b"":407487557,""priority"":""3"",""node"":""kwok-node-27""},{""name"":""rs-45-p3-zn4x2"",""cpu_m"":312,""mem_b"":407487557,""priority"":""3"",""node"":""kwok-node-8""},{""name"":""rs-46-p2-llg6h"",""cpu_m"":602,""mem_b"":326773953,""priority"":""2"",""node"":""kwok-node-16""},{""name"":""rs-46-p2-x64fh"",""cpu_m"":602,""mem_b"":326773953,""priority"":""2"",""node"":""kwok-node-23""}]","[{""name"":""rs-01-p3-j9cc9"",""cpu_m"":863,""mem_b"":300671653,""priority"":""3"",""node"":""kwok-node-10""},{""name"":""rs-01-p3-vkd8j"",""cpu_m"":863,""mem_b"":300671653,""priority"":""3"",""node"":""kwok-node-13""},{""name"":""rs-02-p4-b2jb4"",""cpu_m"":968,""mem_b"":834524726,""priority"":""4"",""node"":""kwok-node-15""},{""name"":""rs-02-p4-b7n4m"",""cpu_m"":968,""mem_b"":834524726,""priority"":""4"",""node"":""kwok-node-14""},{""name"":""rs-02-p4-b9kbv"",""cpu_m"":968,""mem_b"":834524726,""priority"":""4"",""node"":""kwok-node-12""},{""name"":""rs-02-p4-wszzr"",""cpu_m"":968,""mem_b"":834524726,""priority"":""4"",""node"":""kwok-node-16""},{""name"":""rs-03-p2-8zdpt"",""cpu_m"":913,""mem_b"":982524023,""priority"":""2"",""node"":""kwok-node-1""},{""name"":""rs-03-p2-q2vgb"",""cpu_m"":913,""mem_b"":982524023,""priority"":""2"",""node"":""kwok-node-17""},{""name"":""rs-03-p2-tmb4m"",""cpu_m"":913,""mem_b"":982524023,""priority"":""2"",""node"":""kwok-node-19""},{""name"":""rs-04-p2-hnqbc"",""cpu_m"":830,""mem_b"":895249542,""priority"":""2"",""node"":""kwok-node-23""},{""name"":""rs-04-p2-r9kfp"",""cpu_m"":830,""mem_b"":895249542,""priority"":""2"",""node"":""kwok-node-22""},{""name"":""rs-05-p4-5gctn"",""cpu_m"":813,""mem_b"":676284811,""priority"":""4"",""node"":""kwok-node-11""},{""name"":""rs-05-p4-967v9"",""cpu_m"":813,""mem_b"":676284811,""priority"":""4"",""node"":""kwok-node-20""},{""name"":""rs-05-p4-j66ql"",""cpu_m"":813,""mem_b"":676284811,""priority"":""4"",""node"":""kwok-node-2""},{""name"":""rs-05-p4-pc5c2"",""cpu_m"":813,""mem_b"":676284811,""priority"":""4"",""node"":""kwok-node-21""},{""name"":""rs-06-p1-9wxxr"",""cpu_m"":875,""mem_b"":416570540,""priority"":""1"",""node"":""kwok-node-18""},{""name"":""rs-06-p1-j62lq"",""cpu_m"":875,""mem_b"":416570540,""priority"":""1"",""node"":""kwok-node-11""},{""name"":""rs-06-p1-z9p4w"",""cpu_m"":875,""mem_b"":416570540,""priority"":""1"",""node"":""kwok-node-21""},{""name"":""rs-07-p3-cccfx"",""cpu_m"":744,""mem_b"":306321858,""priority"":""3"",""node"":""kwok-node-2""},{""name"":""rs-07-p3-dhtnn"",""cpu_m"":744,""mem_b"":306321858,""priority"":""3"",""node"":""kwok-node-22""},{""name"":""rs-07-p3-jr6qp"",""cpu_m"":744,""mem_b"":306321858,""priority"":""3"",""node"":""kwok-node-20""},{""name"":""rs-08-p3-2rchj"",""cpu_m"":229,""mem_b"":358495722,""priority"":""3"",""node"":""kwok-node-28""},{""name"":""rs-08-p3-5mf6w"",""cpu_m"":229,""mem_b"":358495722,""priority"":""3"",""node"":""kwok-node-24""},{""name"":""rs-08-p3-rksfx"",""cpu_m"":229,""mem_b"":358495722,""priority"":""3"",""node"":""kwok-node-29""},{""name"":""rs-09-p1-76jkf"",""cpu_m"":442,""mem_b"":748904833,""priority"":""1"",""node"":""kwok-node-27""},{""name"":""rs-09-p1-jhkfw"",""cpu_m"":442,""mem_b"":748904833,""priority"":""1"",""node"":""kwok-node-25""},{""name"":""rs-09-p1-rrfjc"",""cpu_m"":442,""mem_b"":748904833,""priority"":""1"",""node"":""kwok-node-26""},{""name"":""rs-09-p1-xx8dp"",""cpu_m"":442,""mem_b"":748904833,""priority"":""1"",""node"":""kwok-node-3""},{""name"":""rs-10-p1-l2d5t"",""cpu_m"":733,""mem_b"":573815079,""priority"":""1"",""node"":""kwok-node-29""},{""name"":""rs-10-p1-vfwgb"",""cpu_m"":733,""mem_b"":573815079,""priority"":""1"",""node"":""kwok-node-30""},{""name"":""rs-10-p1-vmlb4"",""cpu_m"":733,""mem_b"":573815079,""priority"":""1"",""node"":""kwok-node-28""},{""name"":""rs-11-p1-92vhj"",""cpu_m"":706,""mem_b"":731464778,""priority"":""1"",""node"":""kwok-node-30""},{""name"":""rs-11-p1-z2995"",""cpu_m"":706,""mem_b"":731464778,""priority"":""1"",""node"":""kwok-node-24""},{""name"":""rs-12-p4-n2477"",""cpu_m"":502,""mem_b"":720993811,""priority"":""4"",""node"":""kwok-node-32""},{""name"":""rs-13-p2-c7pmf"",""cpu_m"":924,""mem_b"":871308063,""priority"":""2"",""node"":""kwok-node-8""},{""name"":""rs-13-p2-m9bdz"",""cpu_m"":924,""mem_b"":871308063,""priority"":""2"",""node"":""kwok-node-4""},{""name"":""rs-13-p2-t795l"",""cpu_m"":924,""mem_b"":871308063,""priority"":""2"",""node"":""kwok-node-6""},{""name"":""rs-14-p1-c58kb"",""cpu_m"":759,""mem_b"":775882645,""priority"":""1"",""node"":""kwok-node-7""},{""name"":""rs-15-p2-d8rtf"",""cpu_m"":467,""mem_b"":252450451,""priority"":""2"",""node"":""kwok-node-31""},{""name"":""rs-16-p1-rtwxm"",""cpu_m"":980,""mem_b"":705651524,""priority"":""1"",""node"":""kwok-node-5""},{""name"":""rs-17-p1-hcwt7"",""cpu_m"":865,""mem_b"":681828304,""priority"":""1"",""node"":""kwok-node-9""},{""name"":""rs-18-p2-mwsdb"",""cpu_m"":721,""mem_b"":897541511,""priority"":""2"",""node"":""kwok-node-31""},{""name"":""rs-18-p2-qc8kl"",""cpu_m"":721,""mem_b"":897541511,""priority"":""2"",""node"":""kwok-node-13""},{""name"":""rs-18-p2-zlmzp"",""cpu_m"":721,""mem_b"":897541511,""priority"":""2"",""node"":""kwok-node-10""},{""name"":""rs-19-p3-666lh"",""cpu_m"":494,""mem_b"":563867744,""priority"":""3"",""node"":""kwok-node-32""},{""name"":""rs-19-p3-fhg8h"",""cpu_m"":494,""mem_b"":563867744,""priority"":""3"",""node"":""kwok-node-3""},{""name"":""rs-19-p3-vfg85"",""cpu_m"":494,""mem_b"":563867744,""priority"":""3"",""node"":""kwok-node-25""},{""name"":""rs-19-p3-vvx68"",""cpu_m"":494,""mem_b"":563867744,""priority"":""3"",""node"":""kwok-node-26""},{""name"":""rs-20-p3-4tlsd"",""cpu_m"":425,""mem_b"":462619407,""priority"":""3"",""node"":""kwok-node-7""},{""name"":""rs-20-p3-dd8s6"",""cpu_m"":425,""mem_b"":462619407,""priority"":""3"",""node"":""kwok-node-18""},{""name"":""rs-20-p3-qp6l8"",""cpu_m"":425,""mem_b"":462619407,""priority"":""3"",""node"":""kwok-node-9""},{""name"":""rs-20-p3-qp77h"",""cpu_m"":425,""mem_b"":462619407,""priority"":""3"",""node"":""kwok-node-27""},{""name"":""rs-21-p2-dqnrm"",""cpu_m"":127,""mem_b"":922872337,""priority"":""2"",""node"":""kwok-node-16""},{""name"":""rs-21-p2-gb7t5"",""cpu_m"":127,""mem_b"":922872337,""priority"":""2"",""node"":""kwok-node-14""},{""name"":""rs-21-p2-qwtqn"",""cpu_m"":127,""mem_b"":922872337,""priority"":""2"",""node"":""kwok-node-5""},{""name"":""rs-21-p2-rv97f"",""cpu_m"":127,""mem_b"":922872337,""priority"":""2"",""node"":""kwok-node-12""},{""name"":""rs-22-p1-kb8bn"",""cpu_m"":482,""mem_b"":779872914,""priority"":""1"",""node"":""kwok-node-8""},{""name"":""rs-22-p1-lm2fn"",""cpu_m"":482,""mem_b"":779872914,""priority"":""1"",""node"":""kwok-node-4""},{""name"":""rs-23-p1-6zvdl"",""cpu_m"":654,""mem_b"":962466915,""priority"":""1"",""node"":""kwok-node-28""},{""name"":""rs-23-p1-blsg9"",""cpu_m"":654,""mem_b"":962466915,""priority"":""1"",""node"":""kwok-node-15""},{""name"":""rs-23-p1-n8nh9"",""cpu_m"":654,""mem_b"":962466915,""priority"":""1"",""node"":""kwok-node-23""},{""name"":""rs-23-p1-rgxrf"",""cpu_m"":654,""mem_b"":962466915,""priority"":""1"",""node"":""kwok-node-6""},{""name"":""rs-24-p1-75r5g"",""cpu_m"":371,""mem_b"":611941111,""priority"":""1"",""node"":""kwok-node-29""},{""name"":""rs-24-p1-psw65"",""cpu_m"":371,""mem_b"":611941111,""priority"":""1"",""node"":""kwok-node-19""},{""name"":""rs-24-p1-xbltj"",""cpu_m"":371,""mem_b"":611941111,""priority"":""1"",""node"":""kwok-node-1""},{""name"":""rs-25-p4-cgnjs"",""cpu_m"":771,""mem_b"":141611964,""priority"":""4"",""node"":""kwok-node-27""},{""name"":""rs-25-p4-cpjwx"",""cpu_m"":771,""mem_b"":141611964,""priority"":""4"",""node"":""kwok-node-17""},{""name"":""rs-25-p4-pvp44"",""cpu_m"":771,""mem_b"":141611964,""priority"":""4"",""node"":""kwok-node-3""},{""name"":""rs-26-p4-4z645"",""cpu_m"":867,""mem_b"":890255594,""priority"":""4"",""node"":""kwok-node-24""},{""name"":""rs-26-p4-ch8tl"",""cpu_m"":867,""mem_b"":890255594,""priority"":""4"",""node"":""kwok-node-9""},{""name"":""rs-26-p4-gqw6c"",""cpu_m"":867,""mem_b"":890255594,""priority"":""4"",""node"":""kwok-node-18""},{""name"":""rs-26-p4-ts5hv"",""cpu_m"":867,""mem_b"":890255594,""priority"":""4"",""node"":""kwok-node-31""},{""name"":""rs-27-p3-8vzrc"",""cpu_m"":505,""mem_b"":757843425,""priority"":""3"",""node"":""kwok-node-22""},{""name"":""rs-27-p3-mxm5f"",""cpu_m"":505,""mem_b"":757843425,""priority"":""3"",""node"":""kwok-node-7""},{""name"":""rs-27-p3-n7lxt"",""cpu_m"":505,""mem_b"":757843425,""priority"":""3"",""node"":""kwok-node-20""},{""name"":""rs-28-p3-g49wh"",""cpu_m"":500,""mem_b"":119371808,""priority"":""3"",""node"":""kwok-node-26""},{""name"":""rs-28-p3-ql2ld"",""cpu_m"":500,""mem_b"":119371808,""priority"":""3"",""node"":""kwok-node-25""},{""name"":""rs-29-p1-44kpn"",""cpu_m"":892,""mem_b"":800742603,""priority"":""1"",""node"":""""},{""name"":""rs-29-p1-r5ml4"",""cpu_m"":892,""mem_b"":800742603,""priority"":""1"",""node"":""""},{""name"":""rs-29-p1-wtnx6"",""cpu_m"":892,""mem_b"":800742603,""priority"":""1"",""node"":""kwok-node-32""},{""name"":""rs-30-p1-6vmhq"",""cpu_m"":364,""mem_b"":219230966,""priority"":""1"",""node"":""kwok-node-26""},{""name"":""rs-30-p1-9g7jh"",""cpu_m"":364,""mem_b"":219230966,""priority"":""1"",""node"":""kwok-node-30""},{""name"":""rs-31-p1-jl527"",""cpu_m"":480,""mem_b"":996447982,""priority"":""1"",""node"":""kwok-node-2""},{""name"":""rs-32-p4-4jb64"",""cpu_m"":190,""mem_b"":280944371,""priority"":""4"",""node"":""kwok-node-13""},{""name"":""rs-32-p4-ktsfx"",""cpu_m"":190,""mem_b"":280944371,""priority"":""4"",""node"":""kwok-node-10""},{""name"":""rs-32-p4-mg9d7"",""cpu_m"":190,""mem_b"":280944371,""priority"":""4"",""node"":""kwok-node-27""},{""name"":""rs-32-p4-mwnl8"",""cpu_m"":190,""mem_b"":280944371,""priority"":""4"",""node"":""kwok-node-25""},{""name"":""rs-33-p3-fc8lz"",""cpu_m"":712,""mem_b"":395304130,""priority"":""3"",""node"":""kwok-node-19""},{""name"":""rs-33-p3-lhlx7"",""cpu_m"":712,""mem_b"":395304130,""priority"":""3"",""node"":""kwok-node-1""},{""name"":""rs-34-p2-qfpjp"",""cpu_m"":456,""mem_b"":954747975,""priority"":""2"",""node"":""kwok-node-11""},{""name"":""rs-34-p2-rp5ks"",""cpu_m"":456,""mem_b"":954747975,""priority"":""2"",""node"":""kwok-node-17""},{""name"":""rs-34-p2-sk5kc"",""cpu_m"":456,""mem_b"":954747975,""priority"":""2"",""node"":""kwok-node-21""},{""name"":""rs-35-p4-7dmj8"",""cpu_m"":493,""mem_b"":931328008,""priority"":""4"",""node"":""""},{""name"":""rs-35-p4-9sxxp"",""cpu_m"":493,""mem_b"":931328008,""priority"":""4"",""node"":""""},{""name"":""rs-35-p4-kzf49"",""cpu_m"":493,""mem_b"":931328008,""priority"":""4"",""node"":""""},{""name"":""rs-36-p4-ccw82"",""cpu_m"":854,""mem_b"":900496842,""priority"":""4"",""node"":""""},{""name"":""rs-36-p4-xfhdv"",""cpu_m"":854,""mem_b"":900496842,""priority"":""4"",""node"":""""},{""name"":""rs-36-p4-xtd2x"",""cpu_m"":854,""mem_b"":900496842,""priority"":""4"",""node"":""""},{""name"":""rs-37-p3-pswh2"",""cpu_m"":508,""mem_b"":453480524,""priority"":""3"",""node"":""kwok-node-29""},{""name"":""rs-38-p1-8jz4x"",""cpu_m"":999,""mem_b"":363388324,""priority"":""1"",""node"":""kwok-node-12""},{""name"":""rs-38-p1-j9fvq"",""cpu_m"":999,""mem_b"":363388324,""priority"":""1"",""node"":""kwok-node-5""},{""name"":""rs-39-p1-gn9ns"",""cpu_m"":359,""mem_b"":107997215,""priority"":""1"",""node"":""kwok-node-16""},{""name"":""rs-39-p1-kcrbb"",""cpu_m"":359,""mem_b"":107997215,""priority"":""1"",""node"":""kwok-node-14""},{""name"":""rs-39-p1-nglvj"",""cpu_m"":359,""mem_b"":107997215,""priority"":""1"",""node"":""kwok-node-8""},{""name"":""rs-39-p1-rrpnm"",""cpu_m"":359,""mem_b"":107997215,""priority"":""1"",""node"":""kwok-node-4""},{""name"":""rs-40-p1-2c4r5"",""cpu_m"":242,""mem_b"":110778682,""priority"":""1"",""node"":""kwok-node-15""},{""name"":""rs-40-p1-55jc8"",""cpu_m"":242,""mem_b"":110778682,""priority"":""1"",""node"":""kwok-node-6""},{""name"":""rs-40-p1-7nr2c"",""cpu_m"":242,""mem_b"":110778682,""priority"":""1"",""node"":""kwok-node-3""},{""name"":""rs-40-p1-qjq2s"",""cpu_m"":242,""mem_b"":110778682,""priority"":""1"",""node"":""kwok-node-25""},{""name"":""rs-41-p3-4n2jj"",""cpu_m"":454,""mem_b"":590569952,""priority"":""3"",""node"":""kwok-node-26""},{""name"":""rs-41-p3-7mj4l"",""cpu_m"":454,""mem_b"":590569952,""priority"":""3"",""node"":""kwok-node-30""},{""name"":""rs-41-p3-7v2s9"",""cpu_m"":454,""mem_b"":590569952,""priority"":""3"",""node"":""kwok-node-13""},{""name"":""rs-41-p3-87rxn"",""cpu_m"":454,""mem_b"":590569952,""priority"":""3"",""node"":""kwok-node-10""},{""name"":""rs-42-p1-6czmn"",""cpu_m"":763,""mem_b"":693806112,""priority"":""1"",""node"":""""},{""name"":""rs-42-p1-8tnz2"",""cpu_m"":763,""mem_b"":693806112,""priority"":""1"",""node"":""""},{""name"":""rs-42-p1-bxhdl"",""cpu_m"":763,""mem_b"":693806112,""priority"":""1"",""node"":""""},{""name"":""rs-43-p4-dsj4b"",""cpu_m"":696,""mem_b"":998937864,""priority"":""4"",""node"":""""},{""name"":""rs-43-p4-fpmmc"",""cpu_m"":696,""mem_b"":998937864,""priority"":""4"",""node"":""""},{""name"":""rs-44-p1-dzspz"",""cpu_m"":880,""mem_b"":174832291,""priority"":""1"",""node"":""""},{""name"":""rs-44-p1-hxxfz"",""cpu_m"":880,""mem_b"":174832291,""priority"":""1"",""node"":""""},{""name"":""rs-44-p1-ljsjm"",""cpu_m"":880,""mem_b"":174832291,""priority"":""1"",""node"":""""},{""name"":""rs-44-p1-lt952"",""cpu_m"":880,""mem_b"":174832291,""priority"":""1"",""node"":""""},{""name"":""rs-45-p3-2lpwb"",""cpu_m"":312,""mem_b"":407487557,""priority"":""3"",""node"":""kwok-node-25""},{""name"":""rs-45-p3-6kkvj"",""cpu_m"":312,""mem_b"":407487557,""priority"":""3"",""node"":""kwok-node-4""},{""name"":""rs-45-p3-tdrst"",""cpu_m"":312,""mem_b"":407487557,""priority"":""3"",""node"":""kwok-node-27""},{""name"":""rs-45-p3-zn4x2"",""cpu_m"":312,""mem_b"":407487557,""priority"":""3"",""node"":""kwok-node-8""},{""name"":""rs-46-p2-llg6h"",""cpu_m"":602,""mem_b"":326773953,""priority"":""2"",""node"":""kwok-node-16""},{""name"":""rs-46-p2-x64fh"",""cpu_m"":602,""mem_b"":326773953,""priority"":""2"",""node"":""kwok-node-23""}]","[{""name"":""kwok-node-1"",""cap_cpu_m"":2313,""cap_mem_bytes"":2273279088},{""name"":""kwok-node-2"",""cap_cpu_m"":2313,""cap_mem_bytes"":2273279088},{""name"":""kwok-node-3"",""cap_cpu_m"":2313,""cap_mem_bytes"":2273279088},{""name"":""kwok-node-4"",""cap_cpu_m"":2313,""cap_mem_bytes"":2273279088},{""name"":""kwok-node-5"",""cap_cpu_m"":2313,""cap_mem_bytes"":2273279088},{""name"":""kwok-node-6"",""cap_cpu_m"":2313,""cap_mem_bytes"":2273279088},{""name"":""kwok-node-7"",""cap_cpu_m"":2313,""cap_mem_bytes"":2273279088},{""name"":""kwok-node-8"",""cap_cpu_m"":2313,""cap_mem_bytes"":2273279088},{""name"":""kwok-node-9"",""cap_cpu_m"":2313,""cap_mem_bytes"":2273279088},{""name"":""kwok-node-10"",""cap_cpu_m"":2313,""cap_mem_bytes"":2273279088},{""name"":""kwok-node-11"",""cap_cpu_m"":2313,""cap_mem_bytes"":2273279088},{""name"":""kwok-node-12"",""cap_cpu_m"":2313,""cap_mem_bytes"":2273279088},{""name"":""kwok-node-13"",""cap_cpu_m"":2313,""cap_mem_bytes"":2273279088},{""name"":""kwok-node-14"",""cap_cpu_m"":2313,""cap_mem_bytes"":2273279088},{""name"":""kwok-node-15"",""cap_cpu_m"":2313,""cap_mem_bytes"":2273279088},{""name"":""kwok-node-16"",""cap_cpu_m"":2313,""cap_mem_bytes"":2273279088},{""name"":""kwok-node-17"",""cap_cpu_m"":2313,""cap_mem_bytes"":2273279088},{""name"":""kwok-node-18"",""cap_cpu_m"":2313,""cap_mem_bytes"":2273279088},{""name"":""kwok-node-19"",""cap_cpu_m"":2313,""cap_mem_bytes"":2273279088},{""name"":""kwok-node-20"",""cap_cpu_m"":2313,""cap_mem_bytes"":2273279088},{""name"":""kwok-node-21"",""cap_cpu_m"":2313,""cap_mem_bytes"":2273279088},{""name"":""kwok-node-22"",""cap_cpu_m"":2313,""cap_mem_bytes"":2273279088},{""name"":""kwok-node-23"",""cap_cpu_m"":2313,""cap_mem_bytes"":2273279088},{""name"":""kwok-node-24"",""cap_cpu_m"":2313,""cap_mem_bytes"":2273279088},{""name"":""kwok-node-25"",""cap_cpu_m"":2313,""cap_mem_bytes"":2273279088},{""name"":""kwok-node-26"",""cap_cpu_m"":2313,""cap_mem_bytes"":2273279088},{""name"":""kwok-node-27"",""cap_cpu_m"":2313,""cap_mem_bytes"":2273279088},{""name"":""kwok-node-28"",""cap_cpu_m"":2313,""cap_mem_bytes"":2273279088},{""name"":""kwok-node-29"",""cap_cpu_m"":2313,""cap_mem_bytes"":2273279088},{""name"":""kwok-node-30"",""cap_cpu_m"":2313,""cap_mem_bytes"":2273279088},{""name"":""kwok-node-31"",""cap_cpu_m"":2313,""cap_mem_bytes"":2273279088},{""name"":""kwok-node-32"",""cap_cpu_m"":2313,""cap_mem_bytes"":2273279088}]"
2026/02/11/11:56:42,7194306251949794638,,"{""evicted"":0,""moved"":0,""placed_by_priority"":{""1"":30,""2"":40,""3"":15,""4"":27}}",python,"{""evicted"":9,""moved"":8,""placed_by_priority"":{""1"":21,""2"":44,""3"":18,""4"":33}}",1001,FEASIBLE,"[{""duration_ms"":1001,""name"":""python"",""score"":{""evicted"":9,""moved"":8,""placed_by_priority"":{""1"":21,""2"":44,""3"":18,""4"":33}},""status"":""FEASIBLE""}]",0.923,0.870,0.924,0.865,58543,55206,60005451882,56183854934,116,112,12,16,"{""kwok-node-1"":4,""kwok-node-10"":3,""kwok-node-11"":3,""kwok-node-12"":4,""kwok-node-13"":3,""kwok-node-14"":3,""kwok-node-15"":3,""kwok-node-16"":3,""kwok-node-17"":3,""kwok-node-18"":4,""kwok-node-19"":4,""kwok-node-2"":5,""kwok-node-20"":5,""kwok-node-21"":3,""kwok-node-22"":5,""kwok-node-23"":4,""kwok-node-24"":3,""kwok-node-25"":3,""kwok-node-26"":3,""kwok-node-27"":3,""kwok-node-28"":5,""kwok-node-29"":4,""kwok-node-3"":4,""kwok-node-30"":4,""kwok-node-31"":3,""kwok-node-32"":3,""kwok-node-4"":3,""kwok-node-5"":5,""kwok-node-6"":4,""kwok-node-7"":3,""kwok-node-8"":3,""kwok-node-9"":4}","{""kwok-node-1"":4,""kwok-node-10"":3,""kwok-node-11"":3,""kwok-node-12"":4,""kwok-node-13"":2,""kwok-node-14"":3,""kwok-node-15"":3,""kwok-node-16"":3,""kwok-node-17"":3,""kwok-node-18"":3,""kwok-node-19"":3,""kwok-node-2"":5,""kwok-node-20"":5,""kwok-node-21"":3,""kwok-node-22"":4,""kwok-node-23"":3,""kwok-node-24"":3,""kwok-node-25"":3,""kwok-node-26"":3,""kwok-node-27"":4,""kwok-node-28"":5,""kwok-node-29"":4,""kwok-node-3"":4,""kwok-node-30"":4,""kwok-node-31"":2,""kwok-node-32"":2,""kwok-node-4"":4,""kwok-node-5"":5,""kwok-node-6"":4,""kwok-node-7"":3,""kwok-node-8"":4,""kwok-node-9"":4}","{""p1"":21,""p2"":44,""p3"":18,""p4"":33}","{""p1"":30,""p2"":40,""p3"":15,""p4"":27}","{""p1"":12}","{""p1"":3,""p2"":4,""p3"":3,""p4"":6}","{rs-01-p1-8nch7,rs-02-p1-n6tp2,rs-19-p1-8lxvs,rs-19-p1-mnc8t,rs-19-p1-wz2nq,rs-28-p1-44l7j,rs-28-p1-5277q,rs-28-p1-tn54p,rs-32-p1-z9cnh,rs-54-p1-55zfx,rs-54-p1-mg8h2,rs-54-p1-mjc82}","{rs-51-p4-9nk82,rs-51-p4-s9kd6,rs-53-p4-5w4d6,rs-53-p4-78gv2,rs-54-p1-55zfx,rs-54-p1-mg8h2,rs-54-p1-mjc82,rs-55-p3-hl4gw,rs-56-p3-kf565,rs-57-p2-6rgdx,rs-57-p2-hx5cb,rs-57-p2-j2692,rs-57-p2-mvh4b,rs-61-p3-82svm,rs-62-p4-htblb,rs-62-p4-tn2bz}","{rs-02-p1-j2m8b,rs-02-p1-q47m6,rs-03-p3-ck6lw,rs-03-p3-fn9wj,rs-04-p2-lqksh,rs-05-p2-bvbft,rs-06-p4-7z2kl,rs-06-p4-mcvhx,rs-07-p4-4r2fw,rs-07-p4-jplvs,rs-08-p2-2j8lk,rs-08-p2-7cgwj,rs-08-p2-hx5tt,rs-08-p2-s88m2,rs-09-p4-wckcx,rs-10-p3-44z98,rs-11-p4-glv5c,rs-12-p3-pnkt2,rs-13-p2-8kv6x,rs-13-p2-b6xmd,rs-14-p4-gzll2,rs-14-p4-sz8jv,rs-15-p3-htghp,rs-16-p4-g255m,rs-16-p4-phr9p,rs-17-p4-rzcr2,rs-18-p1-2hrq5,rs-18-p1-4bttp,rs-18-p1-6rf9p,rs-18-p1-w55rd,rs-19-p1-b55dp,rs-20-p3-dzsgt,rs-20-p3-fx6cd,rs-20-p3-mh95x,rs-21-p1-kz7m9,rs-22-p2-kvncg,rs-23-p1-n2klr,rs-24-p2-6wgfx,rs-24-p2-f86m2,rs-25-p2-jjwrf,rs-25-p2-rn5lp,rs-26-p2-bbw46,rs-26-p2-tqmkb,rs-26-p2-w9wrq,rs-27-p4-krv7f,rs-27-p4-z8b6b,rs-29-p4-j22px,rs-30-p2-69984,rs-30-p2-rnn79,rs-31-p3-wd5hk,rs-32-p1-8d95f,rs-32-p1-h9ffk,rs-32-p1-s2sz7,rs-33-p4-cwdcl,rs-33-p4-fpjtw,rs-33-p4-sjbsk,rs-33-p4-t2zl6,rs-34-p3-678jl,rs-35-p4-28dl6,rs-36-p3-24f2t,rs-37-p1-26k6c,rs-37-p1-mlrzh,rs-37-p1-pmxr7,rs-37-p1-pzv2g,rs-38-p2-vnwp5,rs-39-p2-6lgnp,rs-39-p2-8xsh5,rs-39-p2-zrdkt,rs-40-p2-8br9c,rs-40-p2-h7kfb,rs-40-p2-npkgl,rs-41-p2-hq2sg,rs-42-p1-hszbj,rs-42-p1-vcfcm,rs-43-p2-4d859,rs-43-p2-xg74v,rs-44-p2-bs4b9,rs-44-p2-tg7qm,rs-44-p2-v5qp7,rs-44-p2-zfb9d,rs-45-p3-gvhbk,rs-46-p2-hj25d,rs-46-p2-l429z,rs-47-p1-92tfl,rs-47-p1-9458h,rs-47-p1-bf7lm,rs-48-p4-msnx5,rs-48-p4-rmk4x,rs-49-p2-kb2p5,rs-50-p3-dd6gd,rs-50-p3-gd742,rs-50-p3-tjpc5,rs-51-p4-9nk82,rs-51-p4-s9kd6,rs-52-p4-c4lvf,rs-52-p4-zdz75,rs-53-p4-5w4d6,rs-53-p4-78gv2,rs-55-p3-hl4gw,rs-56-p3-kf565,rs-57-p2-6rgdx,rs-57-p2-hx5cb,rs-57-p2-j2692,rs-57-p2-mvh4b,rs-58-p2-6v9sm,rs-58-p2-cwfds,rs-58-p2-sktmr,rs-59-p4-7mrgk,rs-59-p4-85jjx,rs-59-p4-lmqdr,rs-59-p4-tzwtk,rs-60-p2-mgsd8,rs-60-p2-vpjrj,rs-61-p3-82svm,rs-62-p4-htblb,rs-62-p4-tn2bz}","{rs-01-p1-kckxp,rs-02-p1-j2m8b,rs-02-p1-q47m6,rs-02-p1-tdr4v,rs-03-p3-ck6lw,rs-03-p3-fn9wj,rs-04-p2-lqksh,rs-05-p2-bvbft,rs-06-p4-7z2kl,rs-06-p4-mcvhx,rs-07-p4-4r2fw,rs-07-p4-jplvs,rs-08-p2-2j8lk,rs-08-p2-7cgwj,rs-08-p2-hx5tt,rs-08-p2-s88m2,rs-09-p4-wckcx,rs-10-p3-44z98,rs-11-p4-glv5c,rs-12-p3-pnkt2,rs-13-p2-8kv6x,rs-13-p2-b6xmd,rs-14-p4-gzll2,rs-14-p4-sz8jv,rs-15-p3-htghp,rs-16-p4-g255m,rs-16-p4-phr9p,rs-17-p4-rzcr2,rs-18-p1-2hrq5,rs-18-p1-4bttp,rs-18-p1-j54hz,rs-18-p1-qmrm5,rs-19-p1-58k6p,rs-19-p1-6xtx9,rs-19-p1-b55dp,rs-19-p1-lz2ww,rs-20-p3-dzsgt,rs-20-p3-fx6cd,rs-20-p3-mh95x,rs-21-p1-kz7m9,rs-22-p2-kvncg,rs-23-p1-n2klr,rs-24-p2-6wgfx,rs-24-p2-f86m2,rs-25-p2-jjwrf,rs-25-p2-rn5lp,rs-26-p2-bbw46,rs-26-p2-tqmkb,rs-26-p2-w9wrq,rs-27-p4-krv7f,rs-27-p4-z8b6b,rs-28-p1-7cnz8,rs-28-p1-h82gl,rs-28-p1-mjww9,rs-29-p4-j22px,rs-30-p2-69984,rs-30-p2-rnn79,rs-31-p3-wd5hk,rs-32-p1-8d95f,rs-32-p1-gbqvl,rs-32-p1-h9ffk,rs-32-p1-m5kdb,rs-33-p4-cwdcl,rs-33-p4-fpjtw,rs-33-p4-sjbsk,rs-33-p4-t2zl6,rs-34-p3-678jl,rs-35-p4-28dl6,rs-36-p3-24f2t,rs-37-p1-26k6c,rs-37-p1-lhl5g,rs-37-p1-mcf6p,rs-37-p1-nt55t,rs-38-p2-vnwp5,rs-39-p2-6lgnp,rs-39-p2-8xsh5,rs-39-p2-zrdkt,rs-40-p2-8br9c,rs-40-p2-h7kfb,rs-40-p2-npkgl,rs-41-p2-hq2sg,rs-42-p1-dfsnq,rs-42-p1-hszbj,rs-43-p2-4d859,rs-43-p2-xg74v,rs-44-p2-bs4b9,rs-44-p2-tg7qm,rs-44-p2-v5qp7,rs-44-p2-zfb9d,rs-45-p3-gvhbk,rs-46-p2-hj25d,rs-46-p2-l429z,rs-47-p1-92tfl,rs-47-p1-bf7lm,rs-47-p1-n8w9r,rs-48-p4-msnx5,rs-48-p4-rmk4x,rs-49-p2-kb2p5,rs-50-p3-dd6gd,rs-50-p3-gd742,rs-50-p3-tjpc5,rs-52-p4-c4lvf,rs-52-p4-zdz75,rs-58-p2-6v9sm,rs-58-p2-cwfds,rs-58-p2-sktmr,rs-59-p4-7mrgk,rs-59-p4-85jjx,rs-59-p4-lmqdr,rs-59-p4-tzwtk,rs-60-p2-mgsd8,rs-60-p2-vpjrj}","[{""name"":""rs-01-p1-8nch7"",""cpu_m"":982,""mem_b"":637064211,""priority"":""1"",""node"":""""},{""name"":""rs-02-p1-j2m8b"",""cpu_m"":485,""mem_b"":687789492,""priority"":""1"",""node"":""kwok-node-14""},{""name"":""rs-02-p1-n6tp2"",""cpu_m"":485,""mem_b"":687789492,""priority"":""1"",""node"":""""},{""name"":""rs-02-p1-q47m6"",""cpu_m"":485,""mem_b"":687789492,""priority"":""1"",""node"":""kwok-node-10""},{""name"":""rs-03-p3-ck6lw"",""cpu_m"":369,""mem_b"":734504917,""priority"":""3"",""node"":""kwok-node-11""},{""name"":""rs-03-p3-fn9wj"",""cpu_m"":369,""mem_b"":734504917,""priority"":""3"",""node"":""kwok-node-17""},{""name"":""rs-04-p2-lqksh"",""cpu_m"":927,""mem_b"":121081863,""priority"":""2"",""node"":""kwok-node-1""},{""name"":""rs-05-p2-bvbft"",""cpu_m"":492,""mem_b"":762089609,""priority"":""2"",""node"":""kwok-node-23""},{""name"":""rs-06-p4-7z2kl"",""cpu_m"":333,""mem_b"":962230637,""priority"":""4"",""node"":""kwok-node-19""},{""name"":""rs-06-p4-mcvhx"",""cpu_m"":333,""mem_b"":962230637,""priority"":""4"",""node"":""kwok-node-15""},{""name"":""rs-07-p4-4r2fw"",""cpu_m"":838,""mem_b"":547059403,""priority"":""4"",""node"":""kwok-node-18""},{""name"":""rs-07-p4-jplvs"",""cpu_m"":838,""mem_b"":547059403,""priority"":""4"",""node"":""kwok-node-21""},{""name"":""rs-08-p2-2j8lk"",""cpu_m"":507,""mem_b"":558528035,""priority"":""2"",""node"":""kwok-node-28""},{""name"":""rs-08-p2-7cgwj"",""cpu_m"":507,""mem_b"":558528035,""priority"":""2"",""node"":""kwok-node-22""},{""name"":""rs-08-p2-hx5tt"",""cpu_m"":507,""mem_b"":558528035,""priority"":""2"",""node"":""kwok-node-20""},{""name"":""rs-08-p2-s88m2"",""cpu_m"":507,""mem_b"":558528035,""priority"":""2"",""node"":""kwok-node-2""},{""name"":""rs-09-p4-wckcx"",""cpu_m"":790,""mem_b"":578196948,""priority"":""4"",""node"":""kwok-node-25""},{""name"":""rs-10-p3-44z98"",""cpu_m"":753,""mem_b"":124464421,""priority"":""3"",""node"":""kwok-node-30""},{""name"":""rs-11-p4-glv5c"",""cpu_m"":717,""mem_b"":259683702,""priority"":""4"",""node"":""kwok-node-27""},{""name"":""rs-12-p3-pnkt2"",""cpu_m"":782,""mem_b"":791672642,""priority"":""3"",""node"":""kwok-node-26""},{""name"":""rs-13-p2-8kv6x"",""cpu_m"":652,""mem_b"":355771831,""priority"":""2"",""node"":""kwok-node-29""},{""name"":""rs-13-p2-b6xmd"",""cpu_m"":652,""mem_b"":355771831,""priority"":""2"",""node"":""kwok-node-3""},{""name"":""rs-14-p4-gzll2"",""cpu_m"":437,""mem_b"":596631360,""priority"":""4"",""node"":""kwok-node-24""},{""name"":""rs-14-p4-sz8jv"",""cpu_m"":437,""mem_b"":596631360,""priority"":""4"",""node"":""kwok-node-7""},{""name"":""rs-15-p3-htghp"",""cpu_m"":716,""mem_b"":793693729,""priority"":""3"",""node"":""kwok-node-31""},{""name"":""rs-16-p4-g255m"",""cpu_m"":724,""mem_b"":569275451,""priority"":""4"",""node"":""kwok-node-32""},{""name"":""rs-16-p4-phr9p"",""cpu_m"":724,""mem_b"":569275451,""priority"":""4"",""node"":""kwok-node-9""},{""name"":""rs-17-p4-rzcr2"",""cpu_m"":113,""mem_b"":841286626,""priority"":""4"",""node"":""kwok-node-12""},{""name"":""rs-18-p1-2hrq5"",""cpu_m"":147,""mem_b"":456056847,""priority"":""1"",""node"":""kwok-node-6""},{""name"":""rs-18-p1-4bttp"",""cpu_m"":147,""mem_b"":456056847,""priority"":""1"",""node"":""kwok-node-5""},{""name"":""rs-18-p1-6rf9p"",""cpu_m"":147,""mem_b"":456056847,""priority"":""1"",""node"":""kwok-node-18""},{""name"":""rs-18-p1-w55rd"",""cpu_m"":147,""mem_b"":456056847,""priority"":""1"",""node"":""kwok-node-13""},{""name"":""rs-19-p1-8lxvs"",""cpu_m"":673,""mem_b"":161316180,""priority"":""1"",""node"":""""},{""name"":""rs-19-p1-b55dp"",""cpu_m"":673,""mem_b"":161316180,""priority"":""1"",""node"":""kwok-node-6""},{""name"":""rs-19-p1-mnc8t"",""cpu_m"":673,""mem_b"":161316180,""priority"":""1"",""node"":""""},{""name"":""rs-19-p1-wz2nq"",""cpu_m"":673,""mem_b"":161316180,""priority"":""1"",""node"":""""},{""name"":""rs-20-p3-dzsgt"",""cpu_m"":273,""mem_b"":540352908,""priority"":""3"",""node"":""kwok-node-29""},{""name"":""rs-20-p3-fx6cd"",""cpu_m"":273,""mem_b"":540352908,""priority"":""3"",""node"":""kwok-node-27""},{""name"":""rs-20-p3-mh95x"",""cpu_m"":273,""mem_b"":540352908,""priority"":""3"",""node"":""kwok-node-3""},{""name"":""rs-21-p1-kz7m9"",""cpu_m"":418,""mem_b"":237284553,""priority"":""1"",""node"":""kwok-node-7""},{""name"":""rs-22-p2-kvncg"",""cpu_m"":423,""mem_b"":558607062,""priority"":""2"",""node"":""kwok-node-22""},{""name"":""rs-23-p1-n2klr"",""cpu_m"":851,""mem_b"":303355680,""priority"":""1"",""node"":""kwok-node-12""},{""name"":""rs-24-p2-6wgfx"",""cpu_m"":866,""mem_b"":576230361,""priority"":""2"",""node"":""kwok-node-11""},{""name"":""rs-24-p2-f86m2"",""cpu_m"":866,""mem_b"":576230361,""priority"":""2"",""node"":""kwok-node-17""},{""name"":""rs-25-p2-jjwrf"",""cpu_m"":876,""mem_b"":542484550,""priority"":""2"",""node"":""kwok-node-24""},{""name"":""rs-25-p2-rn5lp"",""cpu_m"":876,""mem_b"":542484550,""priority"":""2"",""node"":""kwok-node-14""},{""name"":""rs-26-p2-bbw46"",""cpu_m"":303,""mem_b"":494307945,""priority"":""2"",""node"":""kwok-node-28""},{""name"":""rs-26-p2-tqmkb"",""cpu_m"":303,""mem_b"":494307945,""priority"":""2"",""node"":""kwok-node-20""},{""name"":""rs-26-p2-w9wrq"",""cpu_m"":303,""mem_b"":494307945,""priority"":""2"",""node"":""kwok-node-2""},{""name"":""rs-27-p4-krv7f"",""cpu_m"":131,""mem_b"":703945530,""priority"":""4"",""node"":""kwok-node-1""},{""name"":""rs-27-p4-z8b6b"",""cpu_m"":131,""mem_b"":703945530,""priority"":""4"",""node"":""kwok-node-30""},{""name"":""rs-28-p1-44l7j"",""cpu_m"":878,""mem_b"":908626884,""priority"":""1"",""node"":""""},{""name"":""rs-28-p1-5277q"",""cpu_m"":878,""mem_b"":908626884,""priority"":""1"",""node"":""""},{""name"":""rs-28-p1-tn54p"",""cpu_m"":878,""mem_b"":908626884,""priority"":""1"",""node"":""""},{""name"":""rs-29-p4-j22px"",""cpu_m"":112,""mem_b"":228676014,""priority"":""4"",""node"":""kwok-node-9""},{""name"":""rs-30-p2-69984"",""cpu_m"":777,""mem_b"":708224889,""priority"":""2"",""node"":""kwok-node-23""},{""name"":""rs-30-p2-rnn79"",""cpu_m"":777,""mem_b"":708224889,""priority"":""2"",""node"":""kwok-node-31""},{""name"":""rs-31-p3-wd5hk"",""cpu_m"":869,""mem_b"":506838177,""priority"":""3"",""node"":""kwok-node-19""},{""name"":""rs-32-p1-8d95f"",""cpu_m"":299,""mem_b"":660937502,""priority"":""1"",""node"":""kwok-node-18""},{""name"":""rs-32-p1-h9ffk"",""cpu_m"":299,""mem_b"":660937502,""priority"":""1"",""node"":""kwok-node-4""},{""name"":""rs-32-p1-s2sz7"",""cpu_m"":299,""mem_b"":660937502,""priority"":""1"",""node"":""kwok-node-30""},{""name"":""rs-32-p1-z9cnh"",""cpu_m"":299,""mem_b"":660937502,""priority"":""1"",""node"":""""},{""name"":""rs-33-p4-cwdcl"",""cpu_m"":604,""mem_b"":491558727,""priority"":""4"",""node"":""kwok-node-26""},{""name"":""rs-33-p4-fpjtw"",""cpu_m"":604,""mem_b"":491558727,""priority"":""4"",""node"":""kwok-node-15""},{""name"":""rs-33-p4-sjbsk"",""cpu_m"":604,""mem_b"":491558727,""priority"":""4"",""node"":""kwok-node-6""},{""name"":""rs-33-p4-t2zl6"",""cpu_m"":604,""mem_b"":491558727,""priority"":""4"",""node"":""kwok-node-8""},{""name"":""rs-34-p3-678jl"",""cpu_m"":113,""mem_b"":268845123,""priority"":""3"",""node"":""kwok-node-5""},{""name"":""rs-35-p4-28dl6"",""cpu_m"":377,""mem_b"":457623572,""priority"":""4"",""node"":""kwok-node-9""},{""name"":""rs-36-p3-24f2t"",""cpu_m"":983,""mem_b"":940371017,""priority"":""3"",""node"":""kwok-node-7""},{""name"":""rs-37-p1-26k6c"",""cpu_m"":156,""mem_b"":367981524,""priority"":""1"",""node"":""kwok-node-1""},{""name"":""rs-37-p1-mlrzh"",""cpu_m"":156,""mem_b"":367981524,""priority"":""1"",""node"":""kwok-node-23""},{""name"":""rs-37-p1-pmxr7"",""cpu_m"":156,""mem_b"":367981524,""priority"":""1"",""node"":""kwok-node-19""},{""name"":""rs-37-p1-pzv2g"",""cpu_m"":156,""mem_b"":367981524,""priority"":""1"",""node"":""kwok-node-20""},{""name"":""rs-38-p2-vnwp5"",""cpu_m"":180,""mem_b"":647455957,""priority"":""2"",""node"":""kwok-node-5""},{""name"":""rs-39-p2-6lgnp"",""cpu_m"":415,""mem_b"":156471545,""priority"":""2"",""node"":""kwok-node-28""},{""name"":""rs-39-p2-8xsh5"",""cpu_m"":415,""mem_b"":156471545,""priority"":""2"",""node"":""kwok-node-20""},{""name"":""rs-39-p2-zrdkt"",""cpu_m"":415,""mem_b"":156471545,""priority"":""2"",""node"":""kwok-node-2""},{""name"":""rs-40-p2-8br9c"",""cpu_m"":655,""mem_b"":187719097,""priority"":""2"",""node"":""kwok-node-29""},{""name"":""rs-40-p2-h7kfb"",""cpu_m"":655,""mem_b"":187719097,""priority"":""2"",""node"":""kwok-node-22""},{""name"":""rs-40-p2-npkgl"",""cpu_m"":655,""mem_b"":187719097,""priority"":""2"",""node"":""kwok-node-3""},{""name"":""rs-41-p2-hq2sg"",""cpu_m"":390,""mem_b"":240148845,""priority"":""2"",""node"":""kwok-node-12""},{""name"":""rs-42-p1-hszbj"",""cpu_m"":313,""mem_b"":444875329,""priority"":""1"",""node"":""kwok-node-16""},{""name"":""rs-42-p1-vcfcm"",""cpu_m"":313,""mem_b"":444875329,""priority"":""1"",""node"":""kwok-node-31""},{""name"":""rs-43-p2-4d859"",""cpu_m"":769,""mem_b"":471307897,""priority"":""2"",""node"":""kwok-node-30""},{""name"":""rs-43-p2-xg74v"",""cpu_m"":769,""mem_b"":471307897,""priority"":""2"",""node"":""kwok-node-25""},{""name"":""rs-44-p2-bs4b9"",""cpu_m"":398,""mem_b"":825536131,""priority"":""2"",""node"":""kwok-node-6""},{""name"":""rs-44-p2-tg7qm"",""cpu_m"":398,""mem_b"":825536131,""priority"":""2"",""node"":""kwok-node-1""},{""name"":""rs-44-p2-v5qp7"",""cpu_m"":398,""mem_b"":825536131,""priority"":""2"",""node"":""kwok-node-8""},{""name"":""rs-44-p2-zfb9d"",""cpu_m"":398,""mem_b"":825536131,""priority"":""2"",""node"":""kwok-node-24""},{""name"":""rs-45-p3-gvhbk"",""cpu_m"":940,""mem_b"":146957765,""priority"":""3"",""node"":""kwok-node-15""},{""name"":""rs-46-p2-hj25d"",""cpu_m"":608,""mem_b"":358913513,""priority"":""2"",""node"":""kwok-node-21""},{""name"":""rs-46-p2-l429z"",""cpu_m"":608,""mem_b"":358913513,""priority"":""2"",""node"":""kwok-node-18""},{""name"":""rs-47-p1-92tfl"",""cpu_m"":179,""mem_b"":229064522,""priority"":""1"",""node"":""kwok-node-28""},{""name"":""rs-47-p1-9458h"",""cpu_m"":179,""mem_b"":229064522,""priority"":""1"",""node"":""kwok-node-22""},{""name"":""rs-47-p1-bf7lm"",""cpu_m"":179,""mem_b"":229064522,""priority"":""1"",""node"":""kwok-node-2""},{""name"":""rs-48-p4-msnx5"",""cpu_m"":366,""mem_b"":741380596,""priority"":""4"",""node"":""kwok-node-14""},{""name"":""rs-48-p4-rmk4x"",""cpu_m"":366,""mem_b"":741380596,""priority"":""4"",""node"":""kwok-node-29""},{""name"":""rs-49-p2-kb2p5"",""cpu_m"":328,""mem_b"":889967867,""priority"":""2"",""node"":""kwok-node-3""},{""name"":""rs-50-p3-dd6gd"",""cpu_m"":518,""mem_b"":703251931,""priority"":""3"",""node"":""kwok-node-9""},{""name"":""rs-50-p3-gd742"",""cpu_m"":518,""mem_b"":703251931,""priority"":""3"",""node"":""kwok-node-26""},{""name"":""rs-50-p3-tjpc5"",""cpu_m"":518,""mem_b"":703251931,""priority"":""3"",""node"":""kwok-node-4""},{""name"":""rs-51-p4-9nk82"",""cpu_m"":981,""mem_b"":595033102,""priority"":""4"",""node"":""kwok-node-16""},{""name"":""rs-51-p4-s9kd6"",""cpu_m"":981,""mem_b"":595033102,""priority"":""4"",""node"":""kwok-node-8""},{""name"":""rs-52-p4-c4lvf"",""cpu_m"":402,""mem_b"":387091757,""priority"":""4"",""node"":""kwok-node-17""},{""name"":""rs-52-p4-zdz75"",""cpu_m"":402,""mem_b"":387091757,""priority"":""4"",""node"":""kwok-node-11""},{""name"":""rs-53-p4-5w4d6"",""cpu_m"":170,""mem_b"":916770327,""priority"":""4"",""node"":""kwok-node-25""},{""name"":""rs-53-p4-78gv2"",""cpu_m"":170,""mem_b"":916770327,""priority"":""4"",""node"":""kwok-node-32""},{""name"":""rs-54-p1-55zfx"",""cpu_m"":553,""mem_b"":998161429,""priority"":""1"",""node"":""""},{""name"":""rs-54-p1-mg8h2"",""cpu_m"":553,""mem_b"":998161429,""priority"":""1"",""node"":""""},{""name"":""rs-54-p1-mjc82"",""cpu_m"":553,""mem_b"":998161429,""priority"":""1"",""node"":""""},{""name"":""rs-55-p3-hl4gw"",""cpu_m"":860,""mem_b"":768166222,""priority"":""3"",""node"":""kwok-node-10""},{""name"":""rs-56-p3-kf565"",""cpu_m"":991,""mem_b"":652833900,""priority"":""3"",""node"":""kwok-node-27""},{""name"":""rs-57-p2-6rgdx"",""cpu_m"":913,""mem_b"":514307772,""priority"":""2"",""node"":""kwok-node-5""},{""name"":""rs-57-p2-hx5cb"",""cpu_m"":913,""mem_b"":514307772,""priority"":""2"",""node"":""kwok-node-13""},{""name"":""rs-57-p2-j2692"",""cpu_m"":913,""mem_b"":514307772,""priority"":""2"",""node"":""kwok-node-32""},{""name"":""rs-57-p2-mvh4b"",""cpu_m"":913,""mem_b"":514307772,""priority"":""2"",""node"":""kwok-node-13""},{""name"":""rs-58-p2-6v9sm"",""cpu_m"":136,""mem_b"":435289815,""priority"":""2"",""node"":""kwok-node-12""},{""name"":""rs-58-p2-cwfds"",""cpu_m"":136,""mem_b"":435289815,""priority"":""2"",""node"":""kwok-node-22""},{""name"":""rs-58-p2-sktmr"",""cpu_m"":136,""mem_b"":435289815,""priority"":""2"",""node"":""kwok-node-20""},{""name"":""rs-59-p4-7mrgk"",""cpu_m"":557,""mem_b"":111615900,""priority"":""4"",""node"":""kwok-node-5""},{""name"":""rs-59-p4-85jjx"",""cpu_m"":557,""mem_b"":111615900,""priority"":""4"",""node"":""kwok-node-10""},{""name"":""rs-59-p4-lmqdr"",""cpu_m"":557,""mem_b"":111615900,""priority"":""4"",""node"":""kwok-node-23""},{""name"":""rs-59-p4-tzwtk"",""cpu_m"":557,""mem_b"":111615900,""priority"":""4"",""node"":""kwok-node-19""},{""name"":""rs-60-p2-mgsd8"",""cpu_m"":569,""mem_b"":442943854,""priority"":""2"",""node"":""kwok-node-28""},{""name"":""rs-60-p2-vpjrj"",""cpu_m"":569,""mem_b"":442943854,""priority"":""2"",""node"":""kwok-node-2""},{""name"":""rs-61-p3-82svm"",""cpu_m"":999,""mem_b"":611088623,""priority"":""3"",""node"":""kwok-node-4""},{""name"":""rs-62-p4-htblb"",""cpu_m"":476,""mem_b"":952145327,""priority"":""4"",""node"":""kwok-node-21""},{""name"":""rs-62-p4-tn2bz"",""cpu_m"":476,""mem_b"":952145327,""priority"":""4"",""node"":""kwok-node-16""}]","[{""name"":""rs-01-p1-kckxp"",""cpu_m"":982,""mem_b"":637064211,""priority"":""1"",""node"":""kwok-node-16""},{""name"":""rs-02-p1-j2m8b"",""cpu_m"":485,""mem_b"":687789492,""priority"":""1"",""node"":""kwok-node-14""},{""name"":""rs-02-p1-q47m6"",""cpu_m"":485,""mem_b"":687789492,""priority"":""1"",""node"":""kwok-node-10""},{""name"":""rs-02-p1-tdr4v"",""cpu_m"":485,""mem_b"":687789492,""priority"":""1"",""node"":""kwok-node-13""},{""name"":""rs-03-p3-ck6lw"",""cpu_m"":369,""mem_b"":734504917,""priority"":""3"",""node"":""kwok-node-11""},{""name"":""rs-03-p3-fn9wj"",""cpu_m"":369,""mem_b"":734504917,""priority"":""3"",""node"":""kwok-node-17""},{""name"":""rs-04-p2-lqksh"",""cpu_m"":927,""mem_b"":121081863,""priority"":""2"",""node"":""kwok-node-1""},{""name"":""rs-05-p2-bvbft"",""cpu_m"":492,""mem_b"":762089609,""priority"":""2"",""node"":""kwok-node-23""},{""name"":""rs-06-p4-7z2kl"",""cpu_m"":333,""mem_b"":962230637,""priority"":""4"",""node"":""kwok-node-19""},{""name"":""rs-06-p4-mcvhx"",""cpu_m"":333,""mem_b"":962230637,""priority"":""4"",""node"":""kwok-node-15""},{""name"":""rs-07-p4-4r2fw"",""cpu_m"":838,""mem_b"":547059403,""priority"":""4"",""node"":""kwok-node-18""},{""name"":""rs-07-p4-jplvs"",""cpu_m"":838,""mem_b"":547059403,""priority"":""4"",""node"":""kwok-node-21""},{""name"":""rs-08-p2-2j8lk"",""cpu_m"":507,""mem_b"":558528035,""priority"":""2"",""node"":""kwok-node-28""},{""name"":""rs-08-p2-7cgwj"",""cpu_m"":507,""mem_b"":558528035,""priority"":""2"",""node"":""kwok-node-22""},{""name"":""rs-08-p2-hx5tt"",""cpu_m"":507,""mem_b"":558528035,""priority"":""2"",""node"":""kwok-node-20""},{""name"":""rs-08-p2-s88m2"",""cpu_m"":507,""mem_b"":558528035,""priority"":""2"",""node"":""kwok-node-2""},{""name"":""rs-09-p4-wckcx"",""cpu_m"":790,""mem_b"":578196948,""priority"":""4"",""node"":""kwok-node-25""},{""name"":""rs-10-p3-44z98"",""cpu_m"":753,""mem_b"":124464421,""priority"":""3"",""node"":""kwok-node-30""},{""name"":""rs-11-p4-glv5c"",""cpu_m"":717,""mem_b"":259683702,""priority"":""4"",""node"":""kwok-node-27""},{""name"":""rs-12-p3-pnkt2"",""cpu_m"":782,""mem_b"":791672642,""priority"":""3"",""node"":""kwok-node-26""},{""name"":""rs-13-p2-8kv6x"",""cpu_m"":652,""mem_b"":355771831,""priority"":""2"",""node"":""kwok-node-29""},{""name"":""rs-13-p2-b6xmd"",""cpu_m"":652,""mem_b"":355771831,""priority"":""2"",""node"":""kwok-node-3""},{""name"":""rs-14-p4-gzll2"",""cpu_m"":437,""mem_b"":596631360,""priority"":""4"",""node"":""kwok-node-24""},{""name"":""rs-14-p4-sz8jv"",""cpu_m"":437,""mem_b"":596631360,""priority"":""4"",""node"":""kwok-node-7""},{""name"":""rs-15-p3-htghp"",""cpu_m"":716,""mem_b"":793693729,""priority"":""3"",""node"":""kwok-node-31""},{""name"":""rs-16-p4-g255m"",""cpu_m"":724,""mem_b"":569275451,""priority"":""4"",""node"":""kwok-node-32""},{""name"":""rs-16-p4-phr9p"",""cpu_m"":724,""mem_b"":569275451,""priority"":""4"",""node"":""kwok-node-9""},{""name"":""rs-17-p4-rzcr2"",""cpu_m"":113,""mem_b"":841286626,""priority"":""4"",""node"":""kwok-node-12""},{""name"":""rs-18-p1-2hrq5"",""cpu_m"":147,""mem_b"":456056847,""priority"":""1"",""node"":""kwok-node-6""},{""name"":""rs-18-p1-4bttp"",""cpu_m"":147,""mem_b"":456056847,""priority"":""1"",""node"":""kwok-node-5""},{""name"":""rs-18-p1-j54hz"",""cpu_m"":147,""mem_b"":456056847,""priority"":""1"",""node"":""kwok-node-4""},{""name"":""rs-18-p1-qmrm5"",""cpu_m"":147,""mem_b"":456056847,""priority"":""1"",""node"":""kwok-node-8""},{""name"":""rs-19-p1-58k6p"",""cpu_m"":673,""mem_b"":161316180,""priority"":""1"",""node"":""kwok-node-8""},{""name"":""rs-19-p1-6xtx9"",""cpu_m"":673,""mem_b"":161316180,""priority"":""1"",""node"":""kwok-node-5""},{""name"":""rs-19-p1-b55dp"",""cpu_m"":673,""mem_b"":161316180,""priority"":""1"",""node"":""kwok-node-6""},{""name"":""rs-19-p1-lz2ww"",""cpu_m"":673,""mem_b"":161316180,""priority"":""1"",""node"":""kwok-node-4""},{""name"":""rs-20-p3-dzsgt"",""cpu_m"":273,""mem_b"":540352908,""priority"":""3"",""node"":""kwok-node-29""},{""name"":""rs-20-p3-fx6cd"",""cpu_m"":273,""mem_b"":540352908,""priority"":""3"",""node"":""kwok-node-27""},{""name"":""rs-20-p3-mh95x"",""cpu_m"":273,""mem_b"":540352908,""priority"":""3"",""node"":""kwok-node-3""},{""name"":""rs-21-p1-kz7m9"",""cpu_m"":418,""mem_b"":237284553,""priority"":""1"",""node"":""kwok-node-7""},{""name"":""rs-22-p2-kvncg"",""cpu_m"":423,""mem_b"":558607062,""priority"":""2"",""node"":""kwok-node-22""},{""name"":""rs-23-p1-n2klr"",""cpu_m"":851,""mem_b"":303355680,""priority"":""1"",""node"":""kwok-node-12""},{""name"":""rs-24-p2-6wgfx"",""cpu_m"":866,""mem_b"":576230361,""priority"":""2"",""node"":""kwok-node-11""},{""name"":""rs-24-p2-f86m2"",""cpu_m"":866,""mem_b"":576230361,""priority"":""2"",""node"":""kwok-node-17""},{""name"":""rs-25-p2-jjwrf"",""cpu_m"":876,""mem_b"":542484550,""priority"":""2"",""node"":""kwok-node-24""},{""name"":""rs-25-p2-rn5lp"",""cpu_m"":876,""mem_b"":542484550,""priority"":""2"",""node"":""kwok-node-14""},{""name"":""rs-26-p2-bbw46"",""cpu_m"":303,""mem_b"":494307945,""priority"":""2"",""node"":""kwok-node-28""},{""name"":""rs-26-p2-tqmkb"",""cpu_m"":303,""mem_b"":494307945,""priority"":""2"",""node"":""kwok-node-20""},{""name"":""rs-26-p2-w9wrq"",""cpu_m"":303,""mem_b"":494307945,""priority"":""2"",""node"":""kwok-node-2""},{""name"":""rs-27-p4-krv7f"",""cpu_m"":131,""mem_b"":703945530,""priority"":""4"",""node"":""kwok-node-1""},{""name"":""rs-27-p4-z8b6b"",""cpu_m"":131,""mem_b"":703945530,""priority"":""4"",""node"":""kwok-node-30""},{""name"":""rs-28-p1-7cnz8"",""cpu_m"":878,""mem_b"":908626884,""priority"":""1"",""node"":""kwok-node-13""},{""name"":""rs-28-p1-h82gl"",""cpu_m"":878,""mem_b"":908626884,""priority"":""1"",""node"":""kwok-node-32""},{""name"":""rs-28-p1-mjww9"",""cpu_m"":878,""mem_b"":908626884,""priority"":""1"",""node"":""kwok-node-10""},{""name"":""rs-29-p4-j22px"",""cpu_m"":112,""mem_b"":228676014,""priority"":""4"",""node"":""kwok-node-9""},{""name"":""rs-30-p2-69984"",""cpu_m"":777,""mem_b"":708224889,""priority"":""2"",""node"":""kwok-node-23""},{""name"":""rs-30-p2-rnn79"",""cpu_m"":777,""mem_b"":708224889,""priority"":""2"",""node"":""kwok-node-31""},{""name"":""rs-31-p3-wd5hk"",""cpu_m"":869,""mem_b"":506838177,""priority"":""3"",""node"":""kwok-node-19""},{""name"":""rs-32-p1-8d95f"",""cpu_m"":299,""mem_b"":660937502,""priority"":""1"",""node"":""kwok-node-18""},{""name"":""rs-32-p1-gbqvl"",""cpu_m"":299,""mem_b"":660937502,""priority"":""1"",""node"":""kwok-node-21""},{""name"":""rs-32-p1-h9ffk"",""cpu_m"":299,""mem_b"":660937502,""priority"":""1"",""node"":""kwok-node-4""},{""name"":""rs-32-p1-m5kdb"",""cpu_m"":299,""mem_b"":660937502,""priority"":""1"",""node"":""kwok-node-25""},{""name"":""rs-33-p4-cwdcl"",""cpu_m"":604,""mem_b"":491558727,""priority"":""4"",""node"":""kwok-node-26""},{""name"":""rs-33-p4-fpjtw"",""cpu_m"":604,""mem_b"":491558727,""priority"":""4"",""node"":""kwok-node-15""},{""name"":""rs-33-p4-sjbsk"",""cpu_m"":604,""mem_b"":491558727,""priority"":""4"",""node"":""kwok-node-6""},{""name"":""rs-33-p4-t2zl6"",""cpu_m"":604,""mem_b"":491558727,""priority"":""4"",""node"":""kwok-node-8""},{""name"":""rs-34-p3-678jl"",""cpu_m"":113,""mem_b"":268845123,""priority"":""3"",""node"":""kwok-node-5""},{""name"":""rs-35-p4-28dl6"",""cpu_m"":377,""mem_b"":457623572,""priority"":""4"",""node"":""kwok-node-9""},{""name"":""rs-36-p3-24f2t"",""cpu_m"":983,""mem_b"":940371017,""priority"":""3"",""node"":""kwok-node-7""},{""name"":""rs-37-p1-26k6c"",""cpu_m"":156,""mem_b"":367981524,""priority"":""1"",""node"":""kwok-node-1""},{""name"":""rs-37-p1-lhl5g"",""cpu_m"":156,""mem_b"":367981524,""priority"":""1"",""node"":""kwok-node-27""},{""name"":""rs-37-p1-mcf6p"",""cpu_m"":156,""mem_b"":367981524,""priority"":""1"",""node"":""kwok-node-16""},{""name"":""rs-37-p1-nt55t"",""cpu_m"":156,""mem_b"":367981524,""priority"":""1"",""node"":""kwok-node-30""},{""name"":""rs-38-p2-vnwp5"",""cpu_m"":180,""mem_b"":647455957,""priority"":""2"",""node"":""kwok-node-5""},{""name"":""rs-39-p2-6lgnp"",""cpu_m"":415,""mem_b"":156471545,""priority"":""2"",""node"":""kwok-node-28""},{""name"":""rs-39-p2-8xsh5"",""cpu_m"":415,""mem_b"":156471545,""priority"":""2"",""node"":""kwok-node-20""},{""name"":""rs-39-p2-zrdkt"",""cpu_m"":415,""mem_b"":156471545,""priority"":""2"",""node"":""kwok-node-2""},{""name"":""rs-40-p2-8br9c"",""cpu_m"":655,""mem_b"":187719097,""priority"":""2"",""node"":""kwok-node-29""},{""name"":""rs-40-p2-h7kfb"",""cpu_m"":655,""mem_b"":187719097,""priority"":""2"",""node"":""kwok-node-22""},{""name"":""rs-40-p2-npkgl"",""cpu_m"":655,""mem_b"":187719097,""priority"":""2"",""node"":""kwok-node-3""},{""name"":""rs-41-p2-hq2sg"",""cpu_m"":390,""mem_b"":240148845,""priority"":""2"",""node"":""kwok-node-12""},{""name"":""rs-42-p1-dfsnq"",""cpu_m"":313,""mem_b"":444875329,""priority"":""1"",""node"":""kwok-node-27""},{""name"":""rs-42-p1-hszbj"",""cpu_m"":313,""mem_b"":444875329,""priority"":""1"",""node"":""kwok-node-16""},{""name"":""rs-43-p2-4d859"",""cpu_m"":769,""mem_b"":471307897,""priority"":""2"",""node"":""kwok-node-30""},{""name"":""rs-43-p2-xg74v"",""cpu_m"":769,""mem_b"":471307897,""priority"":""2"",""node"":""kwok-node-25""},{""name"":""rs-44-p2-bs4b9"",""cpu_m"":398,""mem_b"":825536131,""priority"":""2"",""node"":""kwok-node-6""},{""name"":""rs-44-p2-tg7qm"",""cpu_m"":398,""mem_b"":825536131,""priority"":""2"",""node"":""kwok-node-1""},{""name"":""rs-44-p2-v5qp7"",""cpu_m"":398,""mem_b"":825536131,""priority"":""2"",""node"":""kwok-node-8""},{""name"":""rs-44-p2-zfb9d"",""cpu_m"":398,""mem_b"":825536131,""priority"":""2"",""node"":""kwok-node-24""},{""name"":""rs-45-p3-gvhbk"",""cpu_m"":940,""mem_b"":146957765,""priority"":""3"",""node"":""kwok-node-15""},{""name"":""rs-46-p2-hj25d"",""cpu_m"":608,""mem_b"":358913513,""priority"":""2"",""node"":""kwok-node-21""},{""name"":""rs-46-p2-l429z"",""cpu_m"":608,""mem_b"":358913513,""priority"":""2"",""node"":""kwok-node-18""},{""name"":""rs-47-p1-92tfl"",""cpu_m"":179,""mem_b"":229064522,""priority"":""1"",""node"":""kwok-node-28""},{""name"":""rs-47-p1-bf7lm"",""cpu_m"":179,""mem_b"":229064522,""priority"":""1"",""node"":""kwok-node-2""},{""name"":""rs-47-p1-n8w9r"",""cpu_m"":179,""mem_b"":229064522,""priority"":""1"",""node"":""kwok-node-20""},{""name"":""rs-48-p4-msnx5"",""cpu_m"":366,""mem_b"":741380596,""priority"":""4"",""node"":""kwok-node-14""},{""name"":""rs-48-p4-rmk4x"",""cpu_m"":366,""mem_b"":741380596,""priority"":""4"",""node"":""kwok-node-29""},{""name"":""rs-49-p2-kb2p5"",""cpu_m"":328,""mem_b"":889967867,""priority"":""2"",""node"":""kwok-node-3""},{""name"":""rs-50-p3-dd6gd"",""cpu_m"":518,""mem_b"":703251931,""priority"":""3"",""node"":""kwok-node-9""},{""name"":""rs-50-p3-gd742"",""cpu_m"":518,""mem_b"":703251931,""priority"":""3"",""node"":""kwok-node-26""},{""name"":""rs-50-p3-tjpc5"",""cpu_m"":518,""mem_b"":703251931,""priority"":""3"",""node"":""kwok-node-4""},{""name"":""rs-51-p4-9nk82"",""cpu_m"":981,""mem_b"":595033102,""priority"":""4"",""node"":""""},{""name"":""rs-51-p4-s9kd6"",""cpu_m"":981,""mem_b"":595033102,""priority"":""4"",""node"":""""},{""name"":""rs-52-p4-c4lvf"",""cpu_m"":402,""mem_b"":387091757,""priority"":""4"",""node"":""kwok-node-17""},{""name"":""rs-52-p4-zdz75"",""cpu_m"":402,""mem_b"":387091757,""priority"":""4"",""node"":""kwok-node-11""},{""name"":""rs-53-p4-5w4d6"",""cpu_m"":170,""mem_b"":916770327,""priority"":""4"",""node"":""""},{""name"":""rs-53-p4-78gv2"",""cpu_m"":170,""mem_b"":916770327,""priority"":""4"",""node"":""""},{""name"":""rs-54-p1-55zfx"",""cpu_m"":553,""mem_b"":998161429,""priority"":""1"",""node"":""""},{""name"":""rs-54-p1-mg8h2"",""cpu_m"":553,""mem_b"":998161429,""priority"":""1"",""node"":""""},{""name"":""rs-54-p1-mjc82"",""cpu_m"":553,""mem_b"":998161429,""priority"":""1"",""node"":""""},{""name"":""rs-55-p3-hl4gw"",""cpu_m"":860,""mem_b"":768166222,""priority"":""3"",""node"":""""},{""name"":""rs-56-p3-kf565"",""cpu_m"":991,""mem_b"":652833900,""priority"":""3"",""node"":""""},{""name"":""rs-57-p2-6rgdx"",""cpu_m"":913,""mem_b"":514307772,""priority"":""2"",""node"":""""},{""name"":""rs-57-p2-hx5cb"",""cpu_m"":913,""mem_b"":514307772,""priority"":""2"",""node"":""""},{""name"":""rs-57-p2-j2692"",""cpu_m"":913,""mem_b"":514307772,""priority"":""2"",""node"":""""},{""name"":""rs-57-p2-mvh4b"",""cpu_m"":913,""mem_b"":514307772,""priority"":""2"",""node"":""""},{""name"":""rs-58-p2-6v9sm"",""cpu_m"":136,""mem_b"":435289815,""priority"":""2"",""node"":""kwok-node-12""},{""name"":""rs-58-p2-cwfds"",""cpu_m"":136,""mem_b"":435289815,""priority"":""2"",""node"":""kwok-node-22""},{""name"":""rs-58-p2-sktmr"",""cpu_m"":136,""mem_b"":435289815,""priority"":""2"",""node"":""kwok-node-20""},{""name"":""rs-59-p4-7mrgk"",""cpu_m"":557,""mem_b"":111615900,""priority"":""4"",""node"":""kwok-node-5""},{""name"":""rs-59-p4-85jjx"",""cpu_m"":557,""mem_b"":111615900,""priority"":""4"",""node"":""kwok-node-10""},{""name"":""rs-59-p4-lmqdr"",""cpu_m"":557,""mem_b"":111615900,""priority"":""4"",""node"":""kwok-node-23""},{""name"":""rs-59-p4-tzwtk"",""cpu_m"":557,""mem_b"":111615900,""priority"":""4"",""node"":""kwok-node-19""},{""name"":""rs-60-p2-mgsd8"",""cpu_m"":569,""mem_b"":442943854,""priority"":""2"",""node"":""kwok-node-28""},{""name"":""rs-60-p2-vpjrj"",""cpu_m"":569,""mem_b"":442943854,""priority"":""2"",""node"":""kwok-node-2""},{""name"":""rs-61-p3-82svm"",""cpu_m"":999,""mem_b"":611088623,""priority"":""3"",""node"":""""},{""name"":""rs-62-p4-htblb"",""cpu_m"":476,""mem_b"":952145327,""priority"":""4"",""node"":""""},{""name"":""rs-62-p4-tn2bz"",""cpu_m"":476,""mem_b"":952145327,""priority"":""4"",""node"":""""}]","[{""name"":""kwok-node-1"",""cap_cpu_m"":1983,""cap_mem_bytes"":2029629660},{""name"":""kwok-node-2"",""cap_cpu_m"":1983,""cap_mem_bytes"":2029629660},{""name"":""kwok-node-3"",""cap_cpu_m"":1983,""cap_mem_bytes"":2029629660},{""name"":""kwok-node-4"",""cap_cpu_m"":1983,""cap_mem_bytes"":2029629660},{""name"":""kwok-node-5"",""cap_cpu_m"":1983,""cap_mem_bytes"":2029629660},{""name"":""kwok-node-6"",""cap_cpu_m"":1983,""cap_mem_bytes"":2029629660},{""name"":""kwok-node-7"",""cap_cpu_m"":1983,""cap_mem_bytes"":2029629660},{""name"":""kwok-node-8"",""cap_cpu_m"":1983,""cap_mem_bytes"":2029629660},{""name"":""kwok-node-9"",""cap_cpu_m"":1983,""cap_mem_bytes"":2029629660},{""name"":""kwok-node-10"",""cap_cpu_m"":1983,""cap_mem_bytes"":2029629660},{""name"":""kwok-node-11"",""cap_cpu_m"":1983,""cap_mem_bytes"":2029629660},{""name"":""kwok-node-12"",""cap_cpu_m"":1983,""cap_mem_bytes"":2029629660},{""name"":""kwok-node-13"",""cap_cpu_m"":1983,""cap_mem_bytes"":2029629660},{""name"":""kwok-node-14"",""cap_cpu_m"":1983,""cap_mem_bytes"":2029629660},{""name"":""kwok-node-15"",""cap_cpu_m"":1983,""cap_mem_bytes"":2029629660},{""name"":""kwok-node-16"",""cap_cpu_m"":1983,""cap_mem_bytes"":2029629660},{""name"":""kwok-node-17"",""cap_cpu_m"":1983,""cap_mem_bytes"":2029629660},{""name"":""kwok-node-18"",""cap_cpu_m"":1983,""cap_mem_bytes"":2029629660},{""name"":""kwok-node-19"",""cap_cpu_m"":1983,""cap_mem_bytes"":2029629660},{""name"":""kwok-node-20"",""cap_cpu_m"":1983,""cap_mem_bytes"":2029629660},{""name"":""kwok-node-21"",""cap_cpu_m"":1983,""cap_mem_bytes"":2029629660},{""name"":""kwok-node-22"",""cap_cpu_m"":1983,""cap_mem_bytes"":2029629660},{""name"":""kwok-node-23"",""cap_cpu_m"":1983,""cap_mem_bytes"":2029629660},{""name"":""kwok-node-24"",""cap_cpu_m"":1983,""cap_mem_bytes"":2029629660},{""name"":""kwok-node-25"",""cap_cpu_m"":1983,""cap_mem_bytes"":2029629660},{""name"":""kwok-node-26"",""cap_cpu_m"":1983,""cap_mem_bytes"":2029629660},{""name"":""kwok-node-27"",""cap_cpu_m"":1983,""cap_mem_bytes"":2029629660},{""name"":""kwok-node-28"",""cap_cpu_m"":1983,""cap_mem_bytes"":2029629660},{""name"":""kwok-node-29"",""cap_cpu_m"":1983,""cap_mem_bytes"":2029629660},{""name"":""kwok-node-30"",""cap_cpu_m"":1983,""cap_mem_bytes"":2029629660},{""name"":""kwok-node-31"",""cap_cpu_m"":1983,""cap_mem_bytes"":2029629660},{""name"":""kwok-node-32"",""cap_cpu_m"":1983,""cap_mem_bytes"":2029629660}]"
2026/02/11/11:57:39,8869018158643600458,no improving solution from any solver,"{""evicted"":0,""moved"":0,""placed_by_priority"":{""1"":33,""2"":26,""3"":22,""4"":30}}",,,,,"[{""duration_ms"":986,""name"":""python"",""score"":{""evicted"":0,""moved"":0,""placed_by_priority"":null},""status"":""FAILED""}]",0.866,0.866,0.836,0.836,55282,55282,53496763040,53496763040,111,111,17,17,"{""kwok-node-1"":4,""kwok-node-10"":4,""kwok-node-11"":4,""kwok-node-12"":4,""kwok-node-13"":3,""kwok-node-14"":3,""kwok-node-15"":3,""kwok-node-16"":4,""kwok-node-17"":3,""kwok-node-18"":3,""kwok-node-19"":4,""kwok-node-2"":4,""kwok-node-20"":4,""kwok-node-21"":3,""kwok-node-22"":4,""kwok-node-23"":3,""kwok-node-24"":3,""kwok-node-25"":3,""kwok-node-26"":3,""kwok-node-27"":3,""kwok-node-28"":4,""kwok-node-29"":3,""kwok-node-3"":4,""kwok-node-30"":3,""kwok-node-31"":3,""kwok-node-32"":3,""kwok-node-4"":3,""kwok-node-5"":3,""kwok-node-6"":4,""kwok-node-7"":4,""kwok-node-8"":4,""kwok-node-9"":4}","{""kwok-node-1"":4,""kwok-node-10"":4,""kwok-node-11"":4,""kwok-node-12"":4,""kwok-node-13"":3,""kwok-node-14"":3,""kwok-node-15"":3,""kwok-node-16"":4,""kwok-node-17"":3,""kwok-node-18"":3,""kwok-node-19"":4,""kwok-node-2"":4,""kwok-node-20"":4,""kwok-node-21"":3,""kwok-node-22"":4,""kwok-node-23"":3,""kwok-node-24"":3,""kwok-node-25"":3,""kwok-node-26"":3,""kwok-node-27"":3,""kwok-node-28"":4,""kwok-node-29"":3,""kwok-node-3"":4,""kwok-node-30"":3,""kwok-node-31"":3,""kwok-node-32"":3,""kwok-node-4"":3,""kwok-node-5"":3,""kwok-node-6"":4,""kwok-node-7"":4,""kwok-node-8"":4,""kwok-node-9"":4}","{""p1"":33,""p2"":26,""p3"":22,""p4"":30}","{""p1"":33,""p2"":26,""p3"":22,""p4"":30}","{""p1"":4,""p2"":7,""p3"":5,""p4"":1}","{""p1"":4,""p2"":7,""p3"":5,""p4"":1}","{rs-40-p1-dqm42,rs-44-p2-8fkhb,rs-44-p2-qbfjr,rs-44-p2-wjwzt,rs-47-p3-2rjbm,rs-47-p3-9mdbp,rs-47-p3-rc8fh,rs-47-p3-zr7t9,rs-48-p4-ltb8q,rs-49-p1-crwrg,rs-49-p1-hldjw,rs-49-p1-mgg2p,rs-54-p2-gqrzs,rs-56-p2-2cbbq,rs-56-p2-9h7nz,rs-57-p2-9qtnq,rs-58-p3-mjtb6}","{rs-40-p1-dqm42,rs-44-p2-8fkhb,rs-44-p2-qbfjr,rs-44-p2-wjwzt,rs-47-p3-2rjbm,rs-47-p3-9mdbp,rs-47-p3-rc8fh,rs-47-p3-zr7t9,rs-48-p4-ltb8q,rs-49-p1-crwrg,rs-49-p1-hldjw,rs-49-p1-mgg2p,rs-54-p2-gqrzs,rs-56-p2-2cbbq,rs-56-p2-9h7nz,rs-57-p2-9qtnq,rs-58-p3-mjtb6}","{rs-01-p2-mxntr,rs-01-p2-zqgwz,rs-02-p1-6krlr,rs-02-p1-8lc84,rs-02-p1-lcxwd,rs-02-p1-sd9g2,rs-03-p4-cvspm,rs-03-p4-stfr2,rs-04-p1-8mqdf,rs-04-p1-hm779,rs-04-p1-lrwk8,rs-04-p1-xszrh,rs-05-p1-cjz5q,rs-06-p1-hbnpn,rs-07-p3-54hhm,rs-08-p3-fmc9c,rs-09-p3-hlfjg,rs-09-p3-mrmht,rs-10-p4-2nhh5,rs-10-p4-m69hr,rs-11-p1-gm6qq,rs-11-p1-xz66f,rs-12-p2-k2gfq,rs-12-p2-n7fk2,rs-12-p2-ph2c9,rs-12-p2-qcmxs,rs-13-p3-k8m2l,rs-13-p3-zqrn7,rs-14-p2-4fj26,rs-14-p2-rtmd5,rs-14-p2-s8bcb,rs-15-p4-2rc58,rs-15-p4-f4vt2,rs-15-p4-pj2gz,rs-15-p4-v9dxj,rs-16-p2-kp2sj,rs-16-p2-rkwt9,rs-16-p2-v2hs4,rs-17-p3-g84wk,rs-17-p3-zzlbp,rs-18-p1-mlx7x,rs-18-p1-n7rj2,rs-18-p1-tgct7,rs-19-p1-5jjgb,rs-19-p1-7vn5k,rs-19-p1-hqbgg,rs-19-p1-tb9rt,rs-20-p4-g6qhz,rs-20-p4-g756p,rs-20-p4-wf6zr,rs-21-p3-n6wts,rs-21-p3-vsv4m,rs-22-p1-8pxcz,rs-22-p1-9pp8s,rs-22-p1-fhhld,rs-22-p1-jztkc,rs-23-p4-4mvz9,rs-23-p4-cmtzb,rs-23-p4-d8plv,rs-23-p4-xx6g4,rs-24-p1-2g8kj,rs-24-p1-kbg6s,rs-24-p1-kdbpj,rs-25-p4-7wgn6,rs-25-p4-rt8kh,rs-26-p3-czrhr,rs-27-p4-2nkqk,rs-28-p3-9mzqw,rs-28-p3-jql2b,rs-28-p3-k94k2,rs-28-p3-wr88s,rs-29-p4-862wg,rs-29-p4-cmh98,rs-29-p4-cq6pz,rs-29-p4-ct8mr,rs-30-p1-777p9,rs-30-p1-xsgbh,rs-31-p3-47bsf,rs-31-p3-5fbt6,rs-31-p3-l9xm5,rs-31-p3-skmg9,rs-32-p2-spkpn,rs-33-p3-wtfzh,rs-34-p4-4hnq8,rs-34-p4-8frds,rs-35-p1-w82k7,rs-36-p2-drwkd,rs-36-p2-vhsk4,rs-37-p2-hthgw,rs-37-p2-jmsl6,rs-38-p4-hr5cc,rs-39-p1-fchv7,rs-39-p1-wmfr2,rs-41-p3-vbcnl,rs-42-p2-5hhsb,rs-42-p2-648jk,rs-42-p2-tmgsl,rs-42-p2-zvj5k,rs-43-p1-vs5m2,rs-44-p2-4g86j,rs-45-p2-ssqk7,rs-46-p2-5d6m7,rs-48-p4-7zqnx,rs-48-p4-j7hhm,rs-48-p4-jznkb,rs-50-p4-2nlvw,rs-50-p4-fwv4g,rs-51-p3-x89n4,rs-52-p1-gjwx5,rs-53-p2-p6j8g,rs-55-p2-4qsmn}","{rs-01-p2-mxntr,rs-01-p2-zqgwz,rs-02-p1-6krlr,rs-02-p1-8lc84,rs-02-p1-lcxwd,rs-02-p1-sd9g2,rs-03-p4-cvspm,rs-03-p4-stfr2,rs-04-p1-8mqdf,rs-04-p1-hm779,rs-04-p1-lrwk8,rs-04-p1-xszrh,rs-05-p1-cjz5q,rs-06-p1-hbnpn,rs-07-p3-54hhm,rs-08-p3-fmc9c,rs-09-p3-hlfjg,rs-09-p3-mrmht,rs-10-p4-2nhh5,rs-10-p4-m69hr,rs-11-p1-gm6qq,rs-11-p1-xz66f,rs-12-p2-k2gfq,rs-12-p2-n7fk2,rs-12-p2-ph2c9,rs-12-p2-qcmxs,rs-13-p3-k8m2l,rs-13-p3-zqrn7,rs-14-p2-4fj26,rs-14-p2-rtmd5,rs-14-p2-s8bcb,rs-15-p4-2rc58,rs-15-p4-f4vt2,rs-15-p4-pj2gz,rs-15-p4-v9dxj,rs-16-p2-kp2sj,rs-16-p2-rkwt9,rs-16-p2-v2hs4,rs-17-p3-g84wk,rs-17-p3-zzlbp,rs-18-p1-mlx7x,rs-18-p1-n7rj2,rs-18-p1-tgct7,rs-19-p1-5jjgb,rs-19-p1-7vn5k,rs-19-p1-hqbgg,rs-19-p1-tb9rt,rs-20-p4-g6qhz,rs-20-p4-g756p,rs-20-p4-wf6zr,rs-21-p3-n6wts,rs-21-p3-vsv4m,rs-22-p1-8pxcz,rs-22-p1-9pp8s,rs-22-p1-fhhld,rs-22-p1-jztkc,rs-23-p4-4mvz9,rs-23-p4-cmtzb,rs-23-p4-d8plv,rs-23-p4-xx6g4,rs-24-p1-2g8kj,rs-24-p1-kbg6s,rs-24-p1-kdbpj,rs-25-p4-7wgn6,rs-25-p4-rt8kh,rs-26-p3-czrhr,rs-27-p4-2nkqk,rs-28-p3-9mzqw,rs-28-p3-jql2b,rs-28-p3-k94k2,rs-28-p3-wr88s,rs-29-p4-862wg,rs-29-p4-cmh98,rs-29-p4-cq6pz,rs-29-p4-ct8mr,rs-30-p1-777p9,rs-30-p1-xsgbh,rs-31-p3-47bsf,rs-31-p3-5fbt6,rs-31-p3-l9xm5,rs-31-p3-skmg9,rs-32-p2-spkpn,rs-33-p3-wtfzh,rs-34-p4-4hnq8,rs-34-p4-8frds,rs-35-p1-w82k7,rs-36-p2-drwkd,rs-36-p2-vhsk4,rs-37-p2-hthgw,rs-37-p2-jmsl6,rs-38-p4-hr5cc,rs-39-p1-fchv7,rs-39-p1-wmfr2,rs-41-p3-vbcnl,rs-42-p2-5hhsb,rs-42-p2-648jk,rs-42-p2-tmgsl,rs-42-p2-zvj5k,rs-43-p1-vs5m2,rs-44-p2-4g86j,rs-45-p2-ssqk7,rs-46-p2-5d6m7,rs-48-p4-7zqnx,rs-48-p4-j7hhm,rs-48-p4-jznkb,rs-50-p4-2nlvw,rs-50-p4-fwv4g,rs-51-p3-x89n4,rs-52-p1-gjwx5,rs-53-p2-p6j8g,rs-55-p2-4qsmn}","[{""name"":""rs-01-p2-mxntr"",""cpu_m"":672,""mem_b"":781726718,""priority"":""2"",""node"":""kwok-node-16""},{""name"":""rs-01-p2-zqgwz"",""cpu_m"":672,""mem_b"":781726718,""priority"":""2"",""node"":""kwok-node-13""},{""name"":""rs-02-p1-6krlr"",""cpu_m"":634,""mem_b"":473768059,""priority"":""1"",""node"":""kwok-node-12""},{""name"":""rs-02-p1-8lc84"",""cpu_m"":634,""mem_b"":473768059,""priority"":""1"",""node"":""kwok-node-1""},{""name"":""rs-02-p1-lcxwd"",""cpu_m"":634,""mem_b"":473768059,""priority"":""1"",""node"":""kwok-node-18""},{""name"":""rs-02-p1-sd9g2"",""cpu_m"":634,""mem_b"":473768059,""priority"":""1"",""node"":""kwok-node-17""},{""name"":""rs-03-p4-cvspm"",""cpu_m"":455,""mem_b"":140149242,""priority"":""4"",""node"":""kwok-node-21""},{""name"":""rs-03-p4-stfr2"",""cpu_m"":455,""mem_b"":140149242,""priority"":""4"",""node"":""kwok-node-19""},{""name"":""rs-04-p1-8mqdf"",""cpu_m"":526,""mem_b"":323343344,""priority"":""1"",""node"":""kwok-node-23""},{""name"":""rs-04-p1-hm779"",""cpu_m"":526,""mem_b"":323343344,""priority"":""1"",""node"":""kwok-node-22""},{""name"":""rs-04-p1-lrwk8"",""cpu_m"":526,""mem_b"":323343344,""priority"":""1"",""node"":""kwok-node-2""},{""name"":""rs-04-p1-xszrh"",""cpu_m"":526,""mem_b"":323343344,""priority"":""1"",""node"":""kwok-node-14""},{""name"":""rs-05-p1-cjz5q"",""cpu_m"":326,""mem_b"":763881875,""priority"":""1"",""node"":""kwok-node-15""},{""name"":""rs-06-p1-hbnpn"",""cpu_m"":573,""mem_b"":316544253,""priority"":""1"",""node"":""kwok-node-10""},{""name"":""rs-07-p3-54hhm"",""cpu_m"":648,""mem_b"":479877311,""priority"":""3"",""node"":""kwok-node-29""},{""name"":""rs-08-p3-fmc9c"",""cpu_m"":398,""mem_b"":345863625,""priority"":""3"",""node"":""kwok-node-26""},{""name"":""rs-09-p3-hlfjg"",""cpu_m"":518,""mem_b"":930237452,""priority"":""3"",""node"":""kwok-node-25""},{""name"":""rs-09-p3-mrmht"",""cpu_m"":518,""mem_b"":930237452,""priority"":""3"",""node"":""kwok-node-30""},{""name"":""rs-10-p4-2nhh5"",""cpu_m"":498,""mem_b"":494241987,""priority"":""4"",""node"":""kwok-node-11""},{""name"":""rs-10-p4-m69hr"",""cpu_m"":498,""mem_b"":494241987,""priority"":""4"",""node"":""kwok-node-20""},{""name"":""rs-11-p1-gm6qq"",""cpu_m"":920,""mem_b"":925774664,""priority"":""1"",""node"":""kwok-node-27""},{""name"":""rs-11-p1-xz66f"",""cpu_m"":920,""mem_b"":925774664,""priority"":""1"",""node"":""kwok-node-32""},{""name"":""rs-12-p2-k2gfq"",""cpu_m"":878,""mem_b"":845928615,""priority"":""2"",""node"":""kwok-node-6""},{""name"":""rs-12-p2-n7fk2"",""cpu_m"":878,""mem_b"":845928615,""priority"":""2"",""node"":""kwok-node-24""},{""name"":""rs-12-p2-ph2c9"",""cpu_m"":878,""mem_b"":845928615,""priority"":""2"",""node"":""kwok-node-5""},{""name"":""rs-12-p2-qcmxs"",""cpu_m"":878,""mem_b"":845928615,""priority"":""2"",""node"":""kwok-node-31""},{""name"":""rs-13-p3-k8m2l"",""cpu_m"":315,""mem_b"":598783961,""priority"":""3"",""node"":""kwok-node-8""},{""name"":""rs-13-p3-zqrn7"",""cpu_m"":315,""mem_b"":598783961,""priority"":""3"",""node"":""kwok-node-9""},{""name"":""rs-14-p2-4fj26"",""cpu_m"":667,""mem_b"":187220938,""priority"":""2"",""node"":""kwok-node-3""},{""name"":""rs-14-p2-rtmd5"",""cpu_m"":667,""mem_b"":187220938,""priority"":""2"",""node"":""kwok-node-28""},{""name"":""rs-14-p2-s8bcb"",""cpu_m"":667,""mem_b"":187220938,""priority"":""2"",""node"":""kwok-node-7""},{""name"":""rs-15-p4-2rc58"",""cpu_m"":682,""mem_b"":844618273,""priority"":""4"",""node"":""kwok-node-19""},{""name"":""rs-15-p4-f4vt2"",""cpu_m"":682,""mem_b"":844618273,""priority"":""4"",""node"":""kwok-node-21""},{""name"":""rs-15-p4-pj2gz"",""cpu_m"":682,""mem_b"":844618273,""priority"":""4"",""node"":""kwok-node-4""},{""name"":""rs-15-p4-v9dxj"",""cpu_m"":682,""mem_b"":844618273,""priority"":""4"",""node"":""kwok-node-26""},{""name"":""rs-16-p2-kp2sj"",""cpu_m"":357,""mem_b"":360662745,""priority"":""2"",""node"":""kwok-node-11""},{""name"":""rs-16-p2-rkwt9"",""cpu_m"":357,""mem_b"":360662745,""priority"":""2"",""node"":""kwok-node-2""},{""name"":""rs-16-p2-v2hs4"",""cpu_m"":357,""mem_b"":360662745,""priority"":""2"",""node"":""kwok-node-20""},{""name"":""rs-17-p3-g84wk"",""cpu_m"":604,""mem_b"":444064508,""priority"":""3"",""node"":""kwok-node-8""},{""name"":""rs-17-p3-zzlbp"",""cpu_m"":604,""mem_b"":444064508,""priority"":""3"",""node"":""kwok-node-9""},{""name"":""rs-18-p1-mlx7x"",""cpu_m"":446,""mem_b"":576783534,""priority"":""1"",""node"":""kwok-node-23""},{""name"":""rs-18-p1-n7rj2"",""cpu_m"":446,""mem_b"":576783534,""priority"":""1"",""node"":""kwok-node-22""},{""name"":""rs-18-p1-tgct7"",""cpu_m"":446,""mem_b"":576783534,""priority"":""1"",""node"":""kwok-node-14""},{""name"":""rs-19-p1-5jjgb"",""cpu_m"":185,""mem_b"":666881301,""priority"":""1"",""node"":""kwok-node-10""},{""name"":""rs-19-p1-7vn5k"",""cpu_m"":185,""mem_b"":666881301,""priority"":""1"",""node"":""kwok-node-3""},{""name"":""rs-19-p1-hqbgg"",""cpu_m"":185,""mem_b"":666881301,""priority"":""1"",""node"":""kwok-node-28""},{""name"":""rs-19-p1-tb9rt"",""cpu_m"":185,""mem_b"":666881301,""priority"":""1"",""node"":""kwok-node-7""},{""name"":""rs-20-p4-g6qhz"",""cpu_m"":853,""mem_b"":538146385,""priority"":""4"",""node"":""kwok-node-18""},{""name"":""rs-20-p4-g756p"",""cpu_m"":853,""mem_b"":538146385,""priority"":""4"",""node"":""kwok-node-15""},{""name"":""rs-20-p4-wf6zr"",""cpu_m"":853,""mem_b"":538146385,""priority"":""4"",""node"":""kwok-node-30""},{""name"":""rs-21-p3-n6wts"",""cpu_m"":185,""mem_b"":210383496,""priority"":""3"",""node"":""kwok-node-1""},{""name"":""rs-21-p3-vsv4m"",""cpu_m"":185,""mem_b"":210383496,""priority"":""3"",""node"":""kwok-node-12""},{""name"":""rs-22-p1-8pxcz"",""cpu_m"":554,""mem_b"":772067213,""priority"":""1"",""node"":""kwok-node-17""},{""name"":""rs-22-p1-9pp8s"",""cpu_m"":554,""mem_b"":772067213,""priority"":""1"",""node"":""kwok-node-1""},{""name"":""rs-22-p1-fhhld"",""cpu_m"":554,""mem_b"":772067213,""priority"":""1"",""node"":""kwok-node-29""},{""name"":""rs-22-p1-jztkc"",""cpu_m"":554,""mem_b"":772067213,""priority"":""1"",""node"":""kwok-node-12""},{""name"":""rs-23-p4-4mvz9"",""cpu_m"":464,""mem_b"":403508883,""priority"":""4"",""node"":""kwok-node-4""},{""name"":""rs-23-p4-cmtzb"",""cpu_m"":464,""mem_b"":403508883,""priority"":""4"",""node"":""kwok-node-11""},{""name"":""rs-23-p4-d8plv"",""cpu_m"":464,""mem_b"":403508883,""priority"":""4"",""node"":""kwok-node-16""},{""name"":""rs-23-p4-xx6g4"",""cpu_m"":464,""mem_b"":403508883,""priority"":""4"",""node"":""kwok-node-13""},{""name"":""rs-24-p1-2g8kj"",""cpu_m"":149,""mem_b"":866155643,""priority"":""1"",""node"":""kwok-node-5""},{""name"":""rs-24-p1-kbg6s"",""cpu_m"":149,""mem_b"":866155643,""priority"":""1"",""node"":""kwok-node-2""},{""name"":""rs-24-p1-kdbpj"",""cpu_m"":149,""mem_b"":866155643,""priority"":""1"",""node"":""kwok-node-20""},{""name"":""rs-25-p4-7wgn6"",""cpu_m"":366,""mem_b"":429273611,""priority"":""4"",""node"":""kwok-node-31""},{""name"":""rs-25-p4-rt8kh"",""cpu_m"":366,""mem_b"":429273611,""priority"":""4"",""node"":""kwok-node-24""},{""name"":""rs-26-p3-czrhr"",""cpu_m"":290,""mem_b"":695773389,""priority"":""3"",""node"":""kwok-node-7""},{""name"":""rs-27-p4-2nkqk"",""cpu_m"":484,""mem_b"":401922887,""priority"":""4"",""node"":""kwok-node-25""},{""name"":""rs-28-p3-9mzqw"",""cpu_m"":260,""mem_b"":127437406,""priority"":""3"",""node"":""kwok-node-6""},{""name"":""rs-28-p3-jql2b"",""cpu_m"":260,""mem_b"":127437406,""priority"":""3"",""node"":""kwok-node-10""},{""name"":""rs-28-p3-k94k2"",""cpu_m"":260,""mem_b"":127437406,""priority"":""3"",""node"":""kwok-node-28""},{""name"":""rs-28-p3-wr88s"",""cpu_m"":260,""mem_b"":127437406,""priority"":""3"",""node"":""kwok-node-3""},{""name"":""rs-29-p4-862wg"",""cpu_m"":437,""mem_b"":120549276,""priority"":""4"",""node"":""kwok-node-27""},{""name"":""rs-29-p4-cmh98"",""cpu_m"":437,""mem_b"":120549276,""priority"":""4"",""node"":""kwok-node-8""},{""name"":""rs-29-p4-cq6pz"",""cpu_m"":437,""mem_b"":120549276,""priority"":""4"",""node"":""kwok-node-32""},{""name"":""rs-29-p4-ct8mr"",""cpu_m"":437,""mem_b"":120549276,""priority"":""4"",""node"":""kwok-node-9""},{""name"":""rs-30-p1-777p9"",""cpu_m"":746,""mem_b"":437624149,""priority"":""1"",""node"":""kwok-node-23""},{""name"":""rs-30-p1-xsgbh"",""cpu_m"":746,""mem_b"":437624149,""priority"":""1"",""node"":""kwok-node-14""},{""name"":""rs-31-p3-47bsf"",""cpu_m"":401,""mem_b"":330110192,""priority"":""3"",""node"":""kwok-node-26""},{""name"":""rs-31-p3-5fbt6"",""cpu_m"":401,""mem_b"":330110192,""priority"":""3"",""node"":""kwok-node-22""},{""name"":""rs-31-p3-l9xm5"",""cpu_m"":401,""mem_b"":330110192,""priority"":""3"",""node"":""kwok-node-28""},{""name"":""rs-31-p3-skmg9"",""cpu_m"":401,""mem_b"":330110192,""priority"":""3"",""node"":""kwok-node-10""},{""name"":""rs-32-p2-spkpn"",""cpu_m"":736,""mem_b"":549345665,""priority"":""2"",""node"":""kwok-node-3""},{""name"":""rs-33-p3-wtfzh"",""cpu_m"":160,""mem_b"":612336813,""priority"":""3"",""node"":""kwok-node-6""},{""name"":""rs-34-p4-4hnq8"",""cpu_m"":274,""mem_b"":134083569,""priority"":""4"",""node"":""kwok-node-13""},{""name"":""rs-34-p4-8frds"",""cpu_m"":274,""mem_b"":134083569,""priority"":""4"",""node"":""kwok-node-16""},{""name"":""rs-35-p1-w82k7"",""cpu_m"":637,""mem_b"":141738749,""priority"":""1"",""node"":""kwok-node-25""},{""name"":""rs-36-p2-drwkd"",""cpu_m"":738,""mem_b"":398105082,""priority"":""2"",""node"":""kwok-node-4""},{""name"":""rs-36-p2-vhsk4"",""cpu_m"":738,""mem_b"":398105082,""priority"":""2"",""node"":""kwok-node-21""},{""name"":""rs-37-p2-hthgw"",""cpu_m"":444,""mem_b"":133321008,""priority"":""2"",""node"":""kwok-node-19""},{""name"":""rs-37-p2-jmsl6"",""cpu_m"":444,""mem_b"":133321008,""priority"":""2"",""node"":""kwok-node-15""},{""name"":""rs-38-p4-hr5cc"",""cpu_m"":588,""mem_b"":541824899,""priority"":""4"",""node"":""kwok-node-29""},{""name"":""rs-39-p1-fchv7"",""cpu_m"":839,""mem_b"":232964876,""priority"":""1"",""node"":""kwok-node-5""},{""name"":""rs-39-p1-wmfr2"",""cpu_m"":839,""mem_b"":232964876,""priority"":""1"",""node"":""kwok-node-2""},{""name"":""rs-40-p1-dqm42"",""cpu_m"":939,""mem_b"":802372095,""priority"":""1"",""node"":""""},{""name"":""rs-41-p3-vbcnl"",""cpu_m"":606,""mem_b"":865477669,""priority"":""3"",""node"":""kwok-node-27""},{""name"":""rs-42-p2-5hhsb"",""cpu_m"":453,""mem_b"":529453193,""priority"":""2"",""node"":""kwok-node-11""},{""name"":""rs-42-p2-648jk"",""cpu_m"":453,""mem_b"":529453193,""priority"":""2"",""node"":""kwok-node-9""},{""name"":""rs-42-p2-tmgsl"",""cpu_m"":453,""mem_b"":529453193,""priority"":""2"",""node"":""kwok-node-17""},{""name"":""rs-42-p2-zvj5k"",""cpu_m"":453,""mem_b"":529453193,""priority"":""2"",""node"":""kwok-node-32""},{""name"":""rs-43-p1-vs5m2"",""cpu_m"":305,""mem_b"":509959102,""priority"":""1"",""node"":""kwok-node-8""},{""name"":""rs-44-p2-4g86j"",""cpu_m"":196,""mem_b"":912520196,""priority"":""2"",""node"":""kwok-node-18""},{""name"":""rs-44-p2-8fkhb"",""cpu_m"":196,""mem_b"":912520196,""priority"":""2"",""node"":""""},{""name"":""rs-44-p2-qbfjr"",""cpu_m"":196,""mem_b"":912520196,""priority"":""2"",""node"":""""},{""name"":""rs-44-p2-wjwzt"",""cpu_m"":196,""mem_b"":912520196,""priority"":""2"",""node"":""""},{""name"":""rs-45-p2-ssqk7"",""cpu_m"":560,""mem_b"":140425515,""priority"":""2"",""node"":""kwok-node-7""},{""name"":""rs-46-p2-5d6m7"",""cpu_m"":523,""mem_b"":362093477,""priority"":""2"",""node"":""kwok-node-24""},{""name"":""rs-47-p3-2rjbm"",""cpu_m"":921,""mem_b"":692290774,""priority"":""3"",""node"":""""},{""name"":""rs-47-p3-9mdbp"",""cpu_m"":921,""mem_b"":692290774,""priority"":""3"",""node"":""""},{""name"":""rs-47-p3-rc8fh"",""cpu_m"":921,""mem_b"":692290774,""priority"":""3"",""node"":""""},{""name"":""rs-47-p3-zr7t9"",""cpu_m"":921,""mem_b"":692290774,""priority"":""3"",""node"":""""},{""name"":""rs-48-p4-7zqnx"",""cpu_m"":152,""mem_b"":691020762,""priority"":""4"",""node"":""kwok-node-19""},{""name"":""rs-48-p4-j7hhm"",""cpu_m"":152,""mem_b"":691020762,""priority"":""4"",""node"":""kwok-node-31""},{""name"":""rs-48-p4-jznkb"",""cpu_m"":152,""mem_b"":691020762,""priority"":""4"",""node"":""kwok-node-22""},{""name"":""rs-48-p4-ltb8q"",""cpu_m"":152,""mem_b"":691020762,""priority"":""4"",""node"":""""},{""name"":""rs-49-p1-crwrg"",""cpu_m"":815,""mem_b"":993391984,""priority"":""1"",""node"":""""},{""name"":""rs-49-p1-hldjw"",""cpu_m"":815,""mem_b"":993391984,""priority"":""1"",""node"":""""},{""name"":""rs-49-p1-mgg2p"",""cpu_m"":815,""mem_b"":993391984,""priority"":""1"",""node"":""""},{""name"":""rs-50-p4-2nlvw"",""cpu_m"":468,""mem_b"":340843911,""priority"":""4"",""node"":""kwok-node-30""},{""name"":""rs-50-p4-fwv4g"",""cpu_m"":468,""mem_b"":340843911,""priority"":""4"",""node"":""kwok-node-1""},{""name"":""rs-51-p3-x89n4"",""cpu_m"":346,""mem_b"":447330333,""priority"":""3"",""node"":""kwok-node-16""},{""name"":""rs-52-p1-gjwx5"",""cpu_m"":960,""mem_b"":214809540,""priority"":""1"",""node"":""kwok-node-20""},{""name"":""rs-53-p2-p6j8g"",""cpu_m"":505,""mem_b"":223504106,""priority"":""2"",""node"":""kwok-node-6""},{""name"":""rs-54-p2-gqrzs"",""cpu_m"":794,""mem_b"":662266557,""priority"":""2"",""node"":""""},{""name"":""rs-55-p2-4qsmn"",""cpu_m"":589,""mem_b"":297744127,""priority"":""2"",""node"":""kwok-node-12""},{""name"":""rs-56-p2-2cbbq"",""cpu_m"":739,""mem_b"":953553730,""priority"":""2"",""node"":""""},{""name"":""rs-56-p2-9h7nz"",""cpu_m"":739,""mem_b"":953553730,""priority"":""2"",""node"":""""},{""name"":""rs-57-p2-9qtnq"",""cpu_m"":969,""mem_b"":310946403,""priority"":""2"",""node"":""""},{""name"":""rs-58-p3-mjtb6"",""cpu_m"":661,""mem_b"":812249278,""priority"":""3"",""node"":""""}]","[{""name"":""rs-01-p2-mxntr"",""cpu_m"":672,""mem_b"":781726718,""priority"":""2"",""node"":""kwok-node-16""},{""name"":""rs-01-p2-zqgwz"",""cpu_m"":672,""mem_b"":781726718,""priority"":""2"",""node"":""kwok-node-13""},{""name"":""rs-02-p1-6krlr"",""cpu_m"":634,""mem_b"":473768059,""priority"":""1"",""node"":""kwok-node-12""},{""name"":""rs-02-p1-8lc84"",""cpu_m"":634,""mem_b"":473768059,""priority"":""1"",""node"":""kwok-node-1""},{""name"":""rs-02-p1-lcxwd"",""cpu_m"":634,""mem_b"":473768059,""priority"":""1"",""node"":""kwok-node-18""},{""name"":""rs-02-p1-sd9g2"",""cpu_m"":634,""mem_b"":473768059,""priority"":""1"",""node"":""kwok-node-17""},{""name"":""rs-03-p4-cvspm"",""cpu_m"":455,""mem_b"":140149242,""priority"":""4"",""node"":""kwok-node-21""},{""name"":""rs-03-p4-stfr2"",""cpu_m"":455,""mem_b"":140149242,""priority"":""4"",""node"":""kwok-node-19""},{""name"":""rs-04-p1-8mqdf"",""cpu_m"":526,""mem_b"":323343344,""priority"":""1"",""node"":""kwok-node-23""},{""name"":""rs-04-p1-hm779"",""cpu_m"":526,""mem_b"":323343344,""priority"":""1"",""node"":""kwok-node-22""},{""name"":""rs-04-p1-lrwk8"",""cpu_m"":526,""mem_b"":323343344,""priority"":""1"",""node"":""kwok-node-2""},{""name"":""rs-04-p1-xszrh"",""cpu_m"":526,""mem_b"":323343344,""priority"":""1"",""node"":""kwok-node-14""},{""name"":""rs-05-p1-cjz5q"",""cpu_m"":326,""mem_b"":763881875,""priority"":""1"",""node"":""kwok-node-15""},{""name"":""rs-06-p1-hbnpn"",""cpu_m"":573,""mem_b"":316544253,""priority"":""1"",""node"":""kwok-node-10""},{""name"":""rs-07-p3-54hhm"",""cpu_m"":648,""mem_b"":479877311,""priority"":""3"",""node"":""kwok-node-29""},{""name"":""rs-08-p3-fmc9c"",""cpu_m"":398,""mem_b"":345863625,""priority"":""3"",""node"":""kwok-node-26""},{""name"":""rs-09-p3-hlfjg"",""cpu_m"":518,""mem_b"":930237452,""priority"":""3"",""node"":""kwok-node-25""},{""name"":""rs-09-p3-mrmht"",""cpu_m"":518,""mem_b"":930237452,""priority"":""3"",""node"":""kwok-node-30""},{""name"":""rs-10-p4-2nhh5"",""cpu_m"":498,""mem_b"":494241987,""priority"":""4"",""node"":""kwok-node-11""},{""name"":""rs-10-p4-m69hr"",""cpu_m"":498,""mem_b"":494241987,""priority"":""4"",""node"":""kwok-node-20""},{""name"":""rs-11-p1-gm6qq"",""cpu_m"":920,""mem_b"":925774664,""priority"":""1"",""node"":""kwok-node-27""},{""name"":""rs-11-p1-xz66f"",""cpu_m"":920,""mem_b"":925774664,""priority"":""1"",""node"":""kwok-node-32""},{""name"":""rs-12-p2-k2gfq"",""cpu_m"":878,""mem_b"":845928615,""priority"":""2"",""node"":""kwok-node-6""},{""name"":""rs-12-p2-n7fk2"",""cpu_m"":878,""mem_b"":845928615,""priority"":""2"",""node"":""kwok-node-24""},{""name"":""rs-12-p2-ph2c9"",""cpu_m"":878,""mem_b"":845928615,""priority"":""2"",""node"":""kwok-node-5""},{""name"":""rs-12-p2-qcmxs"",""cpu_m"":878,""mem_b"":845928615,""priority"":""2"",""node"":""kwok-node-31""},{""name"":""rs-13-p3-k8m2l"",""cpu_m"":315,""mem_b"":598783961,""priority"":""3"",""node"":""kwok-node-8""},{""name"":""rs-13-p3-zqrn7"",""cpu_m"":315,""mem_b"":598783961,""priority"":""3"",""node"":""kwok-node-9""},{""name"":""rs-14-p2-4fj26"",""cpu_m"":667,""mem_b"":187220938,""priority"":""2"",""node"":""kwok-node-3""},{""name"":""rs-14-p2-rtmd5"",""cpu_m"":667,""mem_b"":187220938,""priority"":""2"",""node"":""kwok-node-28""},{""name"":""rs-14-p2-s8bcb"",""cpu_m"":667,""mem_b"":187220938,""priority"":""2"",""node"":""kwok-node-7""},{""name"":""rs-15-p4-2rc58"",""cpu_m"":682,""mem_b"":844618273,""priority"":""4"",""node"":""kwok-node-19""},{""name"":""rs-15-p4-f4vt2"",""cpu_m"":682,""mem_b"":844618273,""priority"":""4"",""node"":""kwok-node-21""},{""name"":""rs-15-p4-pj2gz"",""cpu_m"":682,""mem_b"":844618273,""priority"":""4"",""node"":""kwok-node-4""},{""name"":""rs-15-p4-v9dxj"",""cpu_m"":682,""mem_b"":844618273,""priority"":""4"",""node"":""kwok-node-26""},{""name"":""rs-16-p2-kp2sj"",""cpu_m"":357,""mem_b"":360662745,""priority"":""2"",""node"":""kwok-node-11""},{""name"":""rs-16-p2-rkwt9"",""cpu_m"":357,""mem_b"":360662745,""priority"":""2"",""node"":""kwok-node-2""},{""name"":""rs-16-p2-v2hs4"",""cpu_m"":357,""mem_b"":360662745,""priority"":""2"",""node"":""kwok-node-20""},{""name"":""rs-17-p3-g84wk"",""cpu_m"":604,""mem_b"":444064508,""priority"":""3"",""node"":""kwok-node-8""},{""name"":""rs-17-p3-zzlbp"",""cpu_m"":604,""mem_b"":444064508,""priority"":""3"",""node"":""kwok-node-9""},{""name"":""rs-18-p1-mlx7x"",""cpu_m"":446,""mem_b"":576783534,""priority"":""1"",""node"":""kwok-node-23""},{""name"":""rs-18-p1-n7rj2"",""cpu_m"":446,""mem_b"":576783534,""priority"":""1"",""node"":""kwok-node-22""},{""name"":""rs-18-p1-tgct7"",""cpu_m"":446,""mem_b"":576783534,""priority"":""1"",""node"":""kwok-node-14""},{""name"":""rs-19-p1-5jjgb"",""cpu_m"":185,""mem_b"":666881301,""priority"":""1"",""node"":""kwok-node-10""},{""name"":""rs-19-p1-7vn5k"",""cpu_m"":185,""mem_b"":666881301,""priority"":""1"",""node"":""kwok-node-3""},{""name"":""rs-19-p1-hqbgg"",""cpu_m"":185,""mem_b"":666881301,""priority"":""1"",""node"":""kwok-node-28""},{""name"":""rs-19-p1-tb9rt"",""cpu_m"":185,""mem_b"":666881301,""priority"":""1"",""node"":""kwok-node-7""},{""name"":""rs-20-p4-g6qhz"",""cpu_m"":853,""mem_b"":538146385,""priority"":""4"",""node"":""kwok-node-18""},{""name"":""rs-20-p4-g756p"",""cpu_m"":853,""mem_b"":538146385,""priority"":""4"",""node"":""kwok-node-15""},{""name"":""rs-20-p4-wf6zr"",""cpu_m"":853,""mem_b"":538146385,""priority"":""4"",""node"":""kwok-node-30""},{""name"":""rs-21-p3-n6wts"",""cpu_m"":185,""mem_b"":210383496,""priority"":""3"",""node"":""kwok-node-1""},{""name"":""rs-21-p3-vsv4m"",""cpu_m"":185,""mem_b"":210383496,""priority"":""3"",""node"":""kwok-node-12""},{""name"":""rs-22-p1-8pxcz"",""cpu_m"":554,""mem_b"":772067213,""priority"":""1"",""node"":""kwok-node-17""},{""name"":""rs-22-p1-9pp8s"",""cpu_m"":554,""mem_b"":772067213,""priority"":""1"",""node"":""kwok-node-1""},{""name"":""rs-22-p1-fhhld"",""cpu_m"":554,""mem_b"":772067213,""priority"":""1"",""node"":""kwok-node-29""},{""name"":""rs-22-p1-jztkc"",""cpu_m"":554,""mem_b"":772067213,""priority"":""1"",""node"":""kwok-node-12""},{""name"":""rs-23-p4-4mvz9"",""cpu_m"":464,""mem_b"":403508883,""priority"":""4"",""node"":""kwok-node-4""},{""name"":""rs-23-p4-cmtzb"",""cpu_m"":464,""mem_b"":403508883,""priority"":""4"",""node"":""kwok-node-11""},{""name"":""rs-23-p4-d8plv"",""cpu_m"":464,""mem_b"":403508883,""priority"":""4"",""node"":""kwok-node-16""},{""name"":""rs-23-p4-xx6g4"",""cpu_m"":464,""mem_b"":403508883,""priority"":""4"",""node"":""kwok-node-13""},{""name"":""rs-24-p1-2g8kj"",""cpu_m"":149,""mem_b"":866155643,""priority"":""1"",""node"":""kwok-node-5""},{""name"":""rs-24-p1-kbg6s"",""cpu_m"":149,""mem_b"":866155643,""priority"":""1"",""node"":""kwok-node-2""},{""name"":""rs-24-p1-kdbpj"",""cpu_m"":149,""mem_b"":866155643,""priority"":""1"",""node"":""kwok-node-20""},{""name"":""rs-25-p4-7wgn6"",""cpu_m"":366,""mem_b"":429273611,""priority"":""4"",""node"":""kwok-node-31""},{""name"":""rs-25-p4-rt8kh"",""cpu_m"":366,""mem_b"":429273611,""priority"":""4"",""node"":""kwok-node-24""},{""name"":""rs-26-p3-czrhr"",""cpu_m"":290,""mem_b"":695773389,""priority"":""3"",""node"":""kwok-node-7""},{""name"":""rs-27-p4-2nkqk"",""cpu_m"":484,""mem_b"":401922887,""priority"":""4"",""node"":""kwok-node-25""},{""name"":""rs-28-p3-9mzqw"",""cpu_m"":260,""mem_b"":127437406,""priority"":""3"",""node"":""kwok-node-6""},{""name"":""rs-28-p3-jql2b"",""cpu_m"":260,""mem_b"":127437406,""priority"":""3"",""node"":""kwok-node-10""},{""name"":""rs-28-p3-k94k2"",""cpu_m"":260,""mem_b"":127437406,""priority"":""3"",""node"":""kwok-node-28""},{""name"":""rs-28-p3-wr88s"",""cpu_m"":260,""mem_b"":127437406,""priority"":""3"",""node"":""kwok-node-3""},{""name"":""rs-29-p4-862wg"",""cpu_m"":437,""mem_b"":120549276,""priority"":""4"",""node"":""kwok-node-27""},{""name"":""rs-29-p4-cmh98"",""cpu_m"":437,""mem_b"":120549276,""priority"":""4"",""node"":""kwok-node-8""},{""name"":""rs-29-p4-cq6pz"",""cpu_m"":437,""mem_b"":120549276,""priority"":""4"",""node"":""kwok-node-32""},{""name"":""rs-29-p4-ct8mr"",""cpu_m"":437,""mem_b"":120549276,""priority"":""4"",""node"":""kwok-node-9""},{""name"":""rs-30-p1-777p9"",""cpu_m"":746,""mem_b"":437624149,""priority"":""1"",""node"":""kwok-node-23""},{""name"":""rs-30-p1-xsgbh"",""cpu_m"":746,""mem_b"":437624149,""priority"":""1"",""node"":""kwok-node-14""},{""name"":""rs-31-p3-47bsf"",""cpu_m"":401,""mem_b"":330110192,""priority"":""3"",""node"":""kwok-node-26""},{""name"":""rs-31-p3-5fbt6"",""cpu_m"":401,""mem_b"":330110192,""priority"":""3"",""node"":""kwok-node-22""},{""name"":""rs-31-p3-l9xm5"",""cpu_m"":401,""mem_b"":330110192,""priority"":""3"",""node"":""kwok-node-28""},{""name"":""rs-31-p3-skmg9"",""cpu_m"":401,""mem_b"":330110192,""priority"":""3"",""node"":""kwok-node-10""},{""name"":""rs-32-p2-spkpn"",""cpu_m"":736,""mem_b"":549345665,""priority"":""2"",""node"":""kwok-node-3""},{""name"":""rs-33-p3-wtfzh"",""cpu_m"":160,""mem_b"":612336813,""priority"":""3"",""node"":""kwok-node-6""},{""name"":""rs-34-p4-4hnq8"",""cpu_m"":274,""mem_b"":134083569,""priority"":""4"",""node"":""kwok-node-13""},{""name"":""rs-34-p4-8frds"",""cpu_m"":274,""mem_b"":134083569,""priority"":""4"",""node"":""kwok-node-16""},{""name"":""rs-35-p1-w82k7"",""cpu_m"":637,""mem_b"":141738749,""priority"":""1"",""node"":""kwok-node-25""},{""name"":""rs-36-p2-drwkd"",""cpu_m"":738,""mem_b"":398105082,""priority"":""2"",""node"":""kwok-node-4""},{""name"":""rs-36-p2-vhsk4"",""cpu_m"":738,""mem_b"":398105082,""priority"":""2"",""node"":""kwok-node-21""},{""name"":""rs-37-p2-hthgw"",""cpu_m"":444,""mem_b"":133321008,""priority"":""2"",""node"":""kwok-node-19""},{""name"":""rs-37-p2-jmsl6"",""cpu_m"":444,""mem_b"":133321008,""priority"":""2"",""node"":""kwok-node-15""},{""name"":""rs-38-p4-hr5cc"",""cpu_m"":588,""mem_b"":541824899,""priority"":""4"",""node"":""kwok-node-29""},{""name"":""rs-39-p1-fchv7"",""cpu_m"":839,""mem_b"":232964876,""priority"":""1"",""node"":""kwok-node-5""},{""name"":""rs-39-p1-wmfr2"",""cpu_m"":839,""mem_b"":232964876,""priority"":""1"",""node"":""kwok-node-2""},{""name"":""rs-40-p1-dqm42"",""cpu_m"":939,""mem_b"":802372095,""priority"":""1"",""node"":""""},{""name"":""rs-41-p3-vbcnl"",""cpu_m"":606,""mem_b"":865477669,""priority"":""3"",""node"":""kwok-node-27""},{""name"":""rs-42-p2-5hhsb"",""cpu_m"":453,""mem_b"":529453193,""priority"":""2"",""node"":""kwok-node-11""},{""name"":""rs-42-p2-648jk"",""cpu_m"":453,""mem_b"":529453193,""priority"":""2"",""node"":""kwok-node-9""},{""name"":""rs-42-p2-tmgsl"",""cpu_m"":453,""mem_b"":529453193,""priority"":""2"",""node"":""kwok-node-17""},{""name"":""rs-42-p2-zvj5k"",""cpu_m"":453,""mem_b"":529453193,""priority"":""2"",""node"":""kwok-node-32""},{""name"":""rs-43-p1-vs5m2"",""cpu_m"":305,""mem_b"":509959102,""priority"":""1"",""node"":""kwok-node-8""},{""name"":""rs-44-p2-4g86j"",""cpu_m"":196,""mem_b"":912520196,""priority"":""2"",""node"":""kwok-node-18""},{""name"":""rs-44-p2-8fkhb"",""cpu_m"":196,""mem_b"":912520196,""priority"":""2"",""node"":""""},{""name"":""rs-44-p2-qbfjr"",""cpu_m"":196,""mem_b"":912520196,""priority"":""2"",""node"":""""},{""name"":""rs-44-p2-wjwzt"",""cpu_m"":196,""mem_b"":912520196,""priority"":""2"",""node"":""""},{""name"":""rs-45-p2-ssqk7"",""cpu_m"":560,""mem_b"":140425515,""priority"":""2"",""node"":""kwok-node-7""},{""name"":""rs-46-p2-5d6m7"",""cpu_m"":523,""mem_b"":362093477,""priority"":""2"",""node"":""kwok-node-24""},{""name"":""rs-47-p3-2rjbm"",""cpu_m"":921,""mem_b"":692290774,""priority"":""3"",""node"":""""},{""name"":""rs-47-p3-9mdbp"",""cpu_m"":921,""mem_b"":692290774,""priority"":""3"",""node"":""""},{""name"":""rs-47-p3-rc8fh"",""cpu_m"":921,""mem_b"":692290774,""priority"":""3"",""node"":""""},{""name"":""rs-47-p3-zr7t9"",""cpu_m"":921,""mem_b"":692290774,""priority"":""3"",""node"":""""},{""name"":""rs-48-p4-7zqnx"",""cpu_m"":152,""mem_b"":691020762,""priority"":""4"",""node"":""kwok-node-19""},{""name"":""rs-48-p4-j7hhm"",""cpu_m"":152,""mem_b"":691020762,""priority"":""4"",""node"":""kwok-node-31""},{""name"":""rs-48-p4-jznkb"",""cpu_m"":152,""mem_b"":691020762,""priority"":""4"",""node"":""kwok-node-22""},{""name"":""rs-48-p4-ltb8q"",""cpu_m"":152,""mem_b"":691020762,""priority"":""4"",""node"":""""},{""name"":""rs-49-p1-crwrg"",""cpu_m"":815,""mem_b"":993391984,""priority"":""1"",""node"":""""},{""name"":""rs-49-p1-hldjw"",""cpu_m"":815,""mem_b"":993391984,""priority"":""1"",""node"":""""},{""name"":""rs-49-p1-mgg2p"",""cpu_m"":815,""mem_b"":993391984,""priority"":""1"",""node"":""""},{""name"":""rs-50-p4-2nlvw"",""cpu_m"":468,""mem_b"":340843911,""priority"":""4"",""node"":""kwok-node-30""},{""name"":""rs-50-p4-fwv4g"",""cpu_m"":468,""mem_b"":340843911,""priority"":""4"",""node"":""kwok-node-1""},{""name"":""rs-51-p3-x89n4"",""cpu_m"":346,""mem_b"":447330333,""priority"":""3"",""node"":""kwok-node-16""},{""name"":""rs-52-p1-gjwx5"",""cpu_m"":960,""mem_b"":214809540,""priority"":""1"",""node"":""kwok-node-20""},{""name"":""rs-53-p2-p6j8g"",""cpu_m"":505,""mem_b"":223504106,""priority"":""2"",""node"":""kwok-node-6""},{""name"":""rs-54-p2-gqrzs"",""cpu_m"":794,""mem_b"":662266557,""priority"":""2"",""node"":""""},{""name"":""rs-55-p2-4qsmn"",""cpu_m"":589,""mem_b"":297744127,""priority"":""2"",""node"":""kwok-node-12""},{""name"":""rs-56-p2-2cbbq"",""cpu_m"":739,""mem_b"":953553730,""priority"":""2"",""node"":""""},{""name"":""rs-56-p2-9h7nz"",""cpu_m"":739,""mem_b"":953553730,""priority"":""2"",""node"":""""},{""name"":""rs-57-p2-9qtnq"",""cpu_m"":969,""mem_b"":310946403,""priority"":""2"",""node"":""""},{""name"":""rs-58-p3-mjtb6"",""cpu_m"":661,""mem_b"":812249278,""priority"":""3"",""node"":""""}]","[{""name"":""kwok-node-1"",""cap_cpu_m"":1994,""cap_mem_bytes"":1999095990},{""name"":""kwok-node-2"",""cap_cpu_m"":1994,""cap_mem_bytes"":1999095990},{""name"":""kwok-node-3"",""cap_cpu_m"":1994,""cap_mem_bytes"":1999095990},{""name"":""kwok-node-4"",""cap_cpu_m"":1994,""cap_mem_bytes"":1999095990},{""name"":""kwok-node-5"",""cap_cpu_m"":1994,""cap_mem_bytes"":1999095990},{""name"":""kwok-node-6"",""cap_cpu_m"":1994,""cap_mem_bytes"":1999095990},{""name"":""kwok-node-7"",""cap_cpu_m"":1994,""cap_mem_bytes"":1999095990},{""name"":""kwok-node-8"",""cap_cpu_m"":1994,""cap_mem_bytes"":1999095990},{""name"":""kwok-node-9"",""cap_cpu_m"":1994,""cap_mem_bytes"":1999095990},{""name"":""kwok-node-10"",""cap_cpu_m"":1994,""cap_mem_bytes"":1999095990},{""name"":""kwok-node-11"",""cap_cpu_m"":1994,""cap_mem_bytes"":1999095990},{""name"":""kwok-node-12"",""cap_cpu_m"":1994,""cap_mem_bytes"":1999095990},{""name"":""kwok-node-13"",""cap_cpu_m"":1994,""cap_mem_bytes"":1999095990},{""name"":""kwok-node-14"",""cap_cpu_m"":1994,""cap_mem_bytes"":1999095990},{""name"":""kwok-node-15"",""cap_cpu_m"":1994,""cap_mem_bytes"":1999095990},{""name"":""kwok-node-16"",""cap_cpu_m"":1994,""cap_mem_bytes"":1999095990},{""name"":""kwok-node-17"",""cap_cpu_m"":1994,""cap_mem_bytes"":1999095990},{""name"":""kwok-node-18"",""cap_cpu_m"":1994,""cap_mem_bytes"":1999095990},{""name"":""kwok-node-19"",""cap_cpu_m"":1994,""cap_mem_bytes"":1999095990},{""name"":""kwok-node-20"",""cap_cpu_m"":1994,""cap_mem_bytes"":1999095990},{""name"":""kwok-node-21"",""cap_cpu_m"":1994,""cap_mem_bytes"":1999095990},{""name"":""kwok-node-22"",""cap_cpu_m"":1994,""cap_mem_bytes"":1999095990},{""name"":""kwok-node-23"",""cap_cpu_m"":1994,""cap_mem_bytes"":1999095990},{""name"":""kwok-node-24"",""cap_cpu_m"":1994,""cap_mem_bytes"":1999095990},{""name"":""kwok-node-25"",""cap_cpu_m"":1994,""cap_mem_bytes"":1999095990},{""name"":""kwok-node-26"",""cap_cpu_m"":1994,""cap_mem_bytes"":1999095990},{""name"":""kwok-node-27"",""cap_cpu_m"":1994,""cap_mem_bytes"":1999095990},{""name"":""kwok-node-28"",""cap_cpu_m"":1994,""cap_mem_bytes"":1999095990},{""name"":""kwok-node-29"",""cap_cpu_m"":1994,""cap_mem_bytes"":1999095990},{""name"":""kwok-node-30"",""cap_cpu_m"":1994,""cap_mem_bytes"":1999095990},{""name"":""kwok-node-31"",""cap_cpu_m"":1994,""cap_mem_bytes"":1999095990},{""name"":""kwok-node-32"",""cap_cpu_m"":1994,""cap_mem_bytes"":1999095990}]"
2026/02/11/11:58:29,5839509821751272860,,"{""evicted"":0,""moved"":0,""placed_by_priority"":{""1"":33,""2"":29,""3"":25,""4"":23}}",python,"{""evicted"":9,""moved"":11,""placed_by_priority"":{""1"":24,""2"":32,""3"":35,""4"":24}}",979,FEASIBLE,"[{""duration_ms"":979,""name"":""python"",""score"":{""evicted"":9,""moved"":11,""placed_by_priority"":{""1"":24,""2"":32,""3"":35,""4"":24}},""status"":""FEASIBLE""}]",0.905,0.857,0.915,0.890,57778,54666,66170162454,64317949226,115,110,13,18,"{""kwok-node-1"":4,""kwok-node-10"":3,""kwok-node-11"":3,""kwok-node-12"":4,""kwok-node-13"":4,""kwok-node-14"":3,""kwok-node-15"":4,""kwok-node-16"":5,""kwok-node-17"":4,""kwok-node-18"":4,""kwok-node-19"":3,""kwok-node-2"":3,""kwok-node-20"":3,""kwok-node-21"":3,""kwok-node-22"":4,""kwok-node-23"":4,""kwok-node-24"":4,""kwok-node-25"":4,""kwok-node-26"":3,""kwok-node-27"":3,""kwok-node-28"":4,""kwok-node-29"":4,""kwok-node-3"":4,""kwok-node-30"":3,""kwok-node-31"":3,""kwok-node-32"":3,""kwok-node-4"":3,""kwok-node-5"":4,""kwok-node-6"":4,""kwok-node-7"":4,""kwok-node-8"":4,""kwok-node-9"":3}","{""kwok-node-1"":4,""kwok-node-10"":3,""kwok-node-11"":3,""kwok-node-12"":4,""kwok-node-13"":4,""kwok-node-14"":3,""kwok-node-15"":4,""kwok-node-16"":4,""kwok-node-17"":4,""kwok-node-18"":4,""kwok-node-19"":3,""kwok-node-2"":3,""kwok-node-20"":3,""kwok-node-21"":3,""kwok-node-22"":4,""kwok-node-23"":4,""kwok-node-24"":4,""kwok-node-25"":3,""kwok-node-26"":3,""kwok-node-27"":3,""kwok-node-28"":4,""kwok-node-29"":4,""kwok-node-3"":4,""kwok-node-30"":3,""kwok-node-31"":3,""kwok-node-32"":3,""kwok-node-4"":3,""kwok-node-5"":3,""kwok-node-6"":3,""kwok-node-7"":3,""kwok-node-8"":4,""kwok-node-9"":3}","{""p1"":24,""p2"":32,""p3"":35,""p4"":24}","{""p1"":33,""p2"":29,""p3"":25,""p4"":23}","{""p1"":13}","{""p1"":4,""p2"":3,""p3"":10,""p4"":1}","{rs-02-p1-w9vl7,rs-12-p1-4jbrf,rs-12-p1-5qghg,rs-12-p1-zdd8m,rs-16-p1-nwglx,rs-18-p1-wlsvb,rs-18-p1-z4jtz,rs-33-p1-kkcqc,rs-33-p1-pmdmc,rs-45-p1-j7bbj,rs-45-p1-kzcsh,rs-45-p1-sr5d4,rs-45-p1-vvll6}","{rs-34-p3-fhkrc,rs-34-p3-nw94q,rs-34-p3-r8m2v,rs-34-p3-sgcfq,rs-39-p4-kflgz,rs-42-p3-2s6wn,rs-42-p3-zpkch,rs-43-p2-r88gs,rs-43-p2-txldg,rs-45-p1-j7bbj,rs-45-p1-kzcsh,rs-45-p1-sr5d4,rs-45-p1-vvll6,rs-46-p3-2zrh4,rs-46-p3-gnslm,rs-46-p3-jz7g2,rs-46-p3-x7v6m,rs-47-p2-tsb8z}","{rs-01-p3-6d26n,rs-01-p3-9l6w9,rs-02-p1-49cn8,rs-02-p1-9h7nb,rs-02-p1-lvmd6,rs-03-p3-bbxmf,rs-03-p3-hp8ss,rs-03-p3-vnxk4,rs-04-p3-58ndr,rs-04-p3-jdvmm,rs-04-p3-llt8q,rs-04-p3-rpf87,rs-05-p2-cz44j,rs-05-p2-mdgmh,rs-05-p2-pjq92,rs-06-p4-lfw7n,rs-06-p4-m2qxj,rs-06-p4-vtkdt,rs-07-p2-44ctf,rs-07-p2-6mmw8,rs-07-p2-lgltv,rs-07-p2-rsk5z,rs-08-p1-gls8x,rs-08-p1-t5smp,rs-09-p2-pb42n,rs-10-p3-72pqh,rs-10-p3-hr4qx,rs-11-p3-bndxk,rs-11-p3-t52hk,rs-13-p2-btk85,rs-13-p2-cs7g7,rs-13-p2-rjl9x,rs-14-p1-bwcqn,rs-14-p1-hb9dr,rs-14-p1-x9phl,rs-14-p1-zdvgq,rs-15-p2-xvjc4,rs-16-p1-6rv42,rs-17-p4-7tql8,rs-17-p4-nphds,rs-17-p4-vptxv,rs-19-p1-bp6bf,rs-19-p1-vtfkw,rs-20-p4-h56gg,rs-20-p4-mx2bg,rs-21-p4-5q9dx,rs-21-p4-dqfkb,rs-21-p4-f6vmb,rs-22-p2-wph67,rs-23-p1-9528d,rs-23-p1-kfxpp,rs-23-p1-rbndb,rs-24-p1-dqc6j,rs-24-p1-jxnq8,rs-24-p1-kgqkm,rs-24-p1-l8h96,rs-25-p3-qmv86,rs-25-p3-t8h7c,rs-26-p2-27cfm,rs-26-p2-dprtk,rs-26-p2-hkvr6,rs-26-p2-s8kld,rs-27-p4-szhvw,rs-27-p4-zmn2j,rs-28-p2-49plj,rs-28-p2-h6xdf,rs-28-p2-mzmd8,rs-28-p2-nx6sq,rs-29-p2-7s4k8,rs-29-p2-b47mz,rs-30-p4-8vz2v,rs-30-p4-c42q4,rs-30-p4-dhndf,rs-30-p4-zq2wv,rs-31-p4-2rtpx,rs-31-p4-6w5wt,rs-31-p4-8jfbx,rs-32-p2-jrljb,rs-32-p2-xh4nf,rs-33-p1-h49k4,rs-33-p1-wtc9z,rs-34-p3-fhkrc,rs-34-p3-nw94q,rs-34-p3-r8m2v,rs-34-p3-sgcfq,rs-35-p3-bhbtg,rs-35-p3-qb27t,rs-36-p3-vj6rv,rs-36-p3-zp5nf,rs-37-p2-ftfsl,rs-38-p3-755lr,rs-38-p3-q2r8s,rs-38-p3-qpk64,rs-39-p4-7v9lw,rs-39-p4-g4q7j,rs-39-p4-kflgz,rs-39-p4-pcx9p,rs-40-p3-4hz8d,rs-41-p3-hv8pf,rs-41-p3-w2w5g,rs-42-p3-2s6wn,rs-42-p3-zpkch,rs-43-p2-r88gs,rs-43-p2-txldg,rs-44-p1-85fg6,rs-44-p1-bmj92,rs-44-p1-h9snr,rs-46-p3-2zrh4,rs-46-p3-gnslm,rs-46-p3-jz7g2,rs-46-p3-x7v6m,rs-47-p2-mznls,rs-47-p2-tl5zf,rs-47-p2-tsb8z,rs-48-p2-76h5z}","{rs-01-p3-6d26n,rs-01-p3-9l6w9,rs-02-p1-49cn8,rs-02-p1-9h7nb,rs-02-p1-h258r,rs-02-p1-lvmd6,rs-03-p3-bbxmf,rs-03-p3-hp8ss,rs-03-p3-vnxk4,rs-04-p3-58ndr,rs-04-p3-jdvmm,rs-04-p3-llt8q,rs-04-p3-rpf87,rs-05-p2-cz44j,rs-05-p2-mdgmh,rs-05-p2-pjq92,rs-06-p4-lfw7n,rs-06-p4-m2qxj,rs-06-p4-vtkdt,rs-07-p2-44ctf,rs-07-p2-6mmw8,rs-07-p2-lgltv,rs-07-p2-rsk5z,rs-08-p1-6z82m,rs-08-p1-gls8x,rs-09-p2-pb42n,rs-10-p3-72pqh,rs-10-p3-hr4qx,rs-11-p3-bndxk,rs-11-p3-t52hk,rs-12-p1-8tmd9,rs-12-p1-b54hq,rs-12-p1-rhjzl,rs-13-p2-btk85,rs-13-p2-cs7g7,rs-13-p2-rjl9x,rs-14-p1-jpbx5,rs-14-p1-pbmvk,rs-14-p1-z6hhk,rs-14-p1-zdvgq,rs-15-p2-xvjc4,rs-16-p1-299zq,rs-16-p1-glsz9,rs-17-p4-7tql8,rs-17-p4-nphds,rs-17-p4-vptxv,rs-18-p1-qmbvt,rs-18-p1-z4kt4,rs-19-p1-4fbhb,rs-19-p1-f8gll,rs-20-p4-h56gg,rs-20-p4-mx2bg,rs-21-p4-5q9dx,rs-21-p4-dqfkb,rs-21-p4-f6vmb,rs-22-p2-wph67,rs-23-p1-kfxpp,rs-23-p1-rbndb,rs-23-p1-skzfz,rs-24-p1-9zsd6,rs-24-p1-dqc6j,rs-24-p1-h2tsp,rs-24-p1-kgqkm,rs-25-p3-qmv86,rs-25-p3-t8h7c,rs-26-p2-27cfm,rs-26-p2-dprtk,rs-26-p2-hkvr6,rs-26-p2-s8kld,rs-27-p4-szhvw,rs-27-p4-zmn2j,rs-28-p2-49plj,rs-28-p2-h6xdf,rs-28-p2-mzmd8,rs-28-p2-nx6sq,rs-29-p2-7s4k8,rs-29-p2-b47mz,rs-30-p4-8vz2v,rs-30-p4-c42q4,rs-30-p4-dhndf,rs-30-p4-zq2wv,rs-31-p4-2rtpx,rs-31-p4-6w5wt,rs-31-p4-8jfbx,rs-32-p2-jrljb,rs-32-p2-xh4nf,rs-33-p1-9thwc,rs-33-p1-dvl7z,rs-33-p1-h49k4,rs-33-p1-wtc9z,rs-35-p3-bhbtg,rs-35-p3-qb27t,rs-36-p3-vj6rv,rs-36-p3-zp5nf,rs-37-p2-ftfsl,rs-38-p3-755lr,rs-38-p3-q2r8s,rs-38-p3-qpk64,rs-39-p4-7v9lw,rs-39-p4-g4q7j,rs-39-p4-pcx9p,rs-40-p3-4hz8d,rs-41-p3-hv8pf,rs-41-p3-w2w5g,rs-44-p1-85fg6,rs-44-p1-h9snr,rs-44-p1-zs2d8,rs-47-p2-mznls,rs-47-p2-tl5zf,rs-48-p2-76h5z}","[{""name"":""rs-01-p3-6d26n"",""cpu_m"":650,""mem_b"":460520840,""priority"":""3"",""node"":""kwok-node-14""},{""name"":""rs-01-p3-9l6w9"",""cpu_m"":650,""mem_b"":460520840,""priority"":""3"",""node"":""kwok-node-18""},{""name"":""rs-02-p1-49cn8"",""cpu_m"":294,""mem_b"":802906475,""priority"":""1"",""node"":""kwok-node-1""},{""name"":""rs-02-p1-9h7nb"",""cpu_m"":294,""mem_b"":802906475,""priority"":""1"",""node"":""kwok-node-10""},{""name"":""rs-02-p1-lvmd6"",""cpu_m"":294,""mem_b"":802906475,""priority"":""1"",""node"":""kwok-node-15""},{""name"":""rs-02-p1-w9vl7"",""cpu_m"":294,""mem_b"":802906475,""priority"":""1"",""node"":""""},{""name"":""rs-03-p3-bbxmf"",""cpu_m"":177,""mem_b"":428873041,""priority"":""3"",""node"":""kwok-node-17""},{""name"":""rs-03-p3-hp8ss"",""cpu_m"":177,""mem_b"":428873041,""priority"":""3"",""node"":""kwok-node-12""},{""name"":""rs-03-p3-vnxk4"",""cpu_m"":177,""mem_b"":428873041,""priority"":""3"",""node"":""kwok-node-13""},{""name"":""rs-04-p3-58ndr"",""cpu_m"":414,""mem_b"":744933456,""priority"":""3"",""node"":""kwok-node-16""},{""name"":""rs-04-p3-jdvmm"",""cpu_m"":414,""mem_b"":744933456,""priority"":""3"",""node"":""kwok-node-19""},{""name"":""rs-04-p3-llt8q"",""cpu_m"":414,""mem_b"":744933456,""priority"":""3"",""node"":""kwok-node-20""},{""name"":""rs-04-p3-rpf87"",""cpu_m"":414,""mem_b"":744933456,""priority"":""3"",""node"":""kwok-node-2""},{""name"":""rs-05-p2-cz44j"",""cpu_m"":398,""mem_b"":699283656,""priority"":""2"",""node"":""kwok-node-17""},{""name"":""rs-05-p2-mdgmh"",""cpu_m"":398,""mem_b"":699283656,""priority"":""2"",""node"":""kwok-node-13""},{""name"":""rs-05-p2-pjq92"",""cpu_m"":398,""mem_b"":699283656,""priority"":""2"",""node"":""kwok-node-12""},{""name"":""rs-06-p4-lfw7n"",""cpu_m"":531,""mem_b"":514912109,""priority"":""4"",""node"":""kwok-node-22""},{""name"":""rs-06-p4-m2qxj"",""cpu_m"":531,""mem_b"":514912109,""priority"":""4"",""node"":""kwok-node-23""},{""name"":""rs-06-p4-vtkdt"",""cpu_m"":531,""mem_b"":514912109,""priority"":""4"",""node"":""kwok-node-21""},{""name"":""rs-07-p2-44ctf"",""cpu_m"":582,""mem_b"":825175709,""priority"":""2"",""node"":""kwok-node-27""},{""name"":""rs-07-p2-6mmw8"",""cpu_m"":582,""mem_b"":825175709,""priority"":""2"",""node"":""kwok-node-26""},{""name"":""rs-07-p2-lgltv"",""cpu_m"":582,""mem_b"":825175709,""priority"":""2"",""node"":""kwok-node-25""},{""name"":""rs-07-p2-rsk5z"",""cpu_m"":582,""mem_b"":825175709,""priority"":""2"",""node"":""kwok-node-24""},{""name"":""rs-08-p1-gls8x"",""cpu_m"":569,""mem_b"":418643253,""priority"":""1"",""node"":""kwok-node-20""},{""name"":""rs-08-p1-t5smp"",""cpu_m"":569,""mem_b"":418643253,""priority"":""1"",""node"":""kwok-node-16""},{""name"":""rs-09-p2-pb42n"",""cpu_m"":565,""mem_b"":475407938,""priority"":""2"",""node"":""kwok-node-28""},{""name"":""rs-10-p3-72pqh"",""cpu_m"":404,""mem_b"":231691360,""priority"":""3"",""node"":""kwok-node-16""},{""name"":""rs-10-p3-hr4qx"",""cpu_m"":404,""mem_b"":231691360,""priority"":""3"",""node"":""kwok-node-2""},{""name"":""rs-11-p3-bndxk"",""cpu_m"":590,""mem_b"":607201782,""priority"":""3"",""node"":""kwok-node-29""},{""name"":""rs-11-p3-t52hk"",""cpu_m"":590,""mem_b"":607201782,""priority"":""3"",""node"":""kwok-node-3""},{""name"":""rs-12-p1-4jbrf"",""cpu_m"":976,""mem_b"":692957152,""priority"":""1"",""node"":""""},{""name"":""rs-12-p1-5qghg"",""cpu_m"":976,""mem_b"":692957152,""priority"":""1"",""node"":""""},{""name"":""rs-12-p1-zdd8m"",""cpu_m"":976,""mem_b"":692957152,""priority"":""1"",""node"":""""},{""name"":""rs-13-p2-btk85"",""cpu_m"":625,""mem_b"":627102831,""priority"":""2"",""node"":""kwok-node-6""},{""name"":""rs-13-p2-cs7g7"",""cpu_m"":625,""mem_b"":627102831,""priority"":""2"",""node"":""kwok-node-30""},{""name"":""rs-13-p2-rjl9x"",""cpu_m"":625,""mem_b"":627102831,""priority"":""2"",""node"":""kwok-node-31""},{""name"":""rs-14-p1-bwcqn"",""cpu_m"":655,""mem_b"":231155828,""priority"":""1"",""node"":""kwok-node-7""},{""name"":""rs-14-p1-hb9dr"",""cpu_m"":655,""mem_b"":231155828,""priority"":""1"",""node"":""kwok-node-25""},{""name"":""rs-14-p1-x9phl"",""cpu_m"":655,""mem_b"":231155828,""priority"":""1"",""node"":""kwok-node-6""},{""name"":""rs-14-p1-zdvgq"",""cpu_m"":655,""mem_b"":231155828,""priority"":""1"",""node"":""kwok-node-15""},{""name"":""rs-15-p2-xvjc4"",""cpu_m"":204,""mem_b"":283436941,""priority"":""2"",""node"":""kwok-node-8""},{""name"":""rs-16-p1-6rv42"",""cpu_m"":262,""mem_b"":629778796,""priority"":""1"",""node"":""kwok-node-16""},{""name"":""rs-16-p1-nwglx"",""cpu_m"":262,""mem_b"":629778796,""priority"":""1"",""node"":""""},{""name"":""rs-17-p4-7tql8"",""cpu_m"":329,""mem_b"":650415165,""priority"":""4"",""node"":""kwok-node-28""},{""name"":""rs-17-p4-nphds"",""cpu_m"":329,""mem_b"":650415165,""priority"":""4"",""node"":""kwok-node-14""},{""name"":""rs-17-p4-vptxv"",""cpu_m"":329,""mem_b"":650415165,""priority"":""4"",""node"":""kwok-node-7""},{""name"":""rs-18-p1-wlsvb"",""cpu_m"":886,""mem_b"":735961893,""priority"":""1"",""node"":""""},{""name"":""rs-18-p1-z4jtz"",""cpu_m"":886,""mem_b"":735961893,""priority"":""1"",""node"":""""},{""name"":""rs-19-p1-bp6bf"",""cpu_m"":525,""mem_b"":378898165,""priority"":""1"",""node"":""kwok-node-7""},{""name"":""rs-19-p1-vtfkw"",""cpu_m"":525,""mem_b"":378898165,""priority"":""1"",""node"":""kwok-node-6""},{""name"":""rs-20-p4-h56gg"",""cpu_m"":206,""mem_b"":550407526,""priority"":""4"",""node"":""kwok-node-22""},{""name"":""rs-20-p4-mx2bg"",""cpu_m"":206,""mem_b"":550407526,""priority"":""4"",""node"":""kwok-node-18""},{""name"":""rs-21-p4-5q9dx"",""cpu_m"":776,""mem_b"":123275935,""priority"":""4"",""node"":""kwok-node-13""},{""name"":""rs-21-p4-dqfkb"",""cpu_m"":776,""mem_b"":123275935,""priority"":""4"",""node"":""kwok-node-8""},{""name"":""rs-21-p4-f6vmb"",""cpu_m"":776,""mem_b"":123275935,""priority"":""4"",""node"":""kwok-node-12""},{""name"":""rs-22-p2-wph67"",""cpu_m"":813,""mem_b"":721441334,""priority"":""2"",""node"":""kwok-node-26""},{""name"":""rs-23-p1-9528d"",""cpu_m"":206,""mem_b"":685756457,""priority"":""1"",""node"":""kwok-node-5""},{""name"":""rs-23-p1-kfxpp"",""cpu_m"":206,""mem_b"":685756457,""priority"":""1"",""node"":""kwok-node-29""},{""name"":""rs-23-p1-rbndb"",""cpu_m"":206,""mem_b"":685756457,""priority"":""1"",""node"":""kwok-node-30""},{""name"":""rs-24-p1-dqc6j"",""cpu_m"":646,""mem_b"":408085039,""priority"":""1"",""node"":""kwok-node-24""},{""name"":""rs-24-p1-jxnq8"",""cpu_m"":646,""mem_b"":408085039,""priority"":""1"",""node"":""kwok-node-3""},{""name"":""rs-24-p1-kgqkm"",""cpu_m"":646,""mem_b"":408085039,""priority"":""1"",""node"":""kwok-node-27""},{""name"":""rs-24-p1-l8h96"",""cpu_m"":646,""mem_b"":408085039,""priority"":""1"",""node"":""kwok-node-23""},{""name"":""rs-25-p3-qmv86"",""cpu_m"":889,""mem_b"":874283714,""priority"":""3"",""node"":""kwok-node-31""},{""name"":""rs-25-p3-t8h7c"",""cpu_m"":889,""mem_b"":874283714,""priority"":""3"",""node"":""kwok-node-2""},{""name"":""rs-26-p2-27cfm"",""cpu_m"":142,""mem_b"":685260520,""priority"":""2"",""node"":""kwok-node-23""},{""name"":""rs-26-p2-dprtk"",""cpu_m"":142,""mem_b"":685260520,""priority"":""2"",""node"":""kwok-node-4""},{""name"":""rs-26-p2-hkvr6"",""cpu_m"":142,""mem_b"":685260520,""priority"":""2"",""node"":""kwok-node-32""},{""name"":""rs-26-p2-s8kld"",""cpu_m"":142,""mem_b"":685260520,""priority"":""2"",""node"":""kwok-node-5""},{""name"":""rs-27-p4-szhvw"",""cpu_m"":306,""mem_b"":217713351,""priority"":""4"",""node"":""kwok-node-16""},{""name"":""rs-27-p4-zmn2j"",""cpu_m"":306,""mem_b"":217713351,""priority"":""4"",""node"":""kwok-node-22""},{""name"":""rs-28-p2-49plj"",""cpu_m"":553,""mem_b"":416894301,""priority"":""2"",""node"":""kwok-node-18""},{""name"":""rs-28-p2-h6xdf"",""cpu_m"":553,""mem_b"":416894301,""priority"":""2"",""node"":""kwok-node-17""},{""name"":""rs-28-p2-mzmd8"",""cpu_m"":553,""mem_b"":416894301,""priority"":""2"",""node"":""kwok-node-28""},{""name"":""rs-28-p2-nx6sq"",""cpu_m"":553,""mem_b"":416894301,""priority"":""2"",""node"":""kwok-node-1""},{""name"":""rs-29-p2-7s4k8"",""cpu_m"":382,""mem_b"":992758135,""priority"":""2"",""node"":""kwok-node-21""},{""name"":""rs-29-p2-b47mz"",""cpu_m"":382,""mem_b"":992758135,""priority"":""2"",""node"":""kwok-node-7""},{""name"":""rs-30-p4-8vz2v"",""cpu_m"":161,""mem_b"":924988215,""priority"":""4"",""node"":""kwok-node-8""},{""name"":""rs-30-p4-c42q4"",""cpu_m"":161,""mem_b"":924988215,""priority"":""4"",""node"":""kwok-node-10""},{""name"":""rs-30-p4-dhndf"",""cpu_m"":161,""mem_b"":924988215,""priority"":""4"",""node"":""kwok-node-15""},{""name"":""rs-30-p4-zq2wv"",""cpu_m"":161,""mem_b"":924988215,""priority"":""4"",""node"":""kwok-node-6""},{""name"":""rs-31-p4-2rtpx"",""cpu_m"":829,""mem_b"":908670133,""priority"":""4"",""node"":""kwok-node-20""},{""name"":""rs-31-p4-6w5wt"",""cpu_m"":829,""mem_b"":908670133,""priority"":""4"",""node"":""kwok-node-19""},{""name"":""rs-31-p4-8jfbx"",""cpu_m"":829,""mem_b"":908670133,""priority"":""4"",""node"":""kwok-node-14""},{""name"":""rs-32-p2-jrljb"",""cpu_m"":607,""mem_b"":266972690,""priority"":""2"",""node"":""kwok-node-29""},{""name"":""rs-32-p2-xh4nf"",""cpu_m"":607,""mem_b"":266972690,""priority"":""2"",""node"":""kwok-node-3""},{""name"":""rs-33-p1-h49k4"",""cpu_m"":625,""mem_b"":666334056,""priority"":""1"",""node"":""kwok-node-22""},{""name"":""rs-33-p1-kkcqc"",""cpu_m"":625,""mem_b"":666334056,""priority"":""1"",""node"":""""},{""name"":""rs-33-p1-pmdmc"",""cpu_m"":625,""mem_b"":666334056,""priority"":""1"",""node"":""""},{""name"":""rs-33-p1-wtc9z"",""cpu_m"":625,""mem_b"":666334056,""priority"":""1"",""node"":""kwok-node-9""},{""name"":""rs-34-p3-fhkrc"",""cpu_m"":967,""mem_b"":239151093,""priority"":""3"",""node"":""kwok-node-10""},{""name"":""rs-34-p3-nw94q"",""cpu_m"":967,""mem_b"":239151093,""priority"":""3"",""node"":""kwok-node-1""},{""name"":""rs-34-p3-r8m2v"",""cpu_m"":967,""mem_b"":239151093,""priority"":""3"",""node"":""kwok-node-5""},{""name"":""rs-34-p3-sgcfq"",""cpu_m"":967,""mem_b"":239151093,""priority"":""3"",""node"":""kwok-node-30""},{""name"":""rs-35-p3-bhbtg"",""cpu_m"":872,""mem_b"":734409165,""priority"":""3"",""node"":""kwok-node-32""},{""name"":""rs-35-p3-qb27t"",""cpu_m"":872,""mem_b"":734409165,""priority"":""3"",""node"":""kwok-node-4""},{""name"":""rs-36-p3-vj6rv"",""cpu_m"":348,""mem_b"":522287385,""priority"":""3"",""node"":""kwok-node-25""},{""name"":""rs-36-p3-zp5nf"",""cpu_m"":348,""mem_b"":522287385,""priority"":""3"",""node"":""kwok-node-24""},{""name"":""rs-37-p2-ftfsl"",""cpu_m"":672,""mem_b"":892889756,""priority"":""2"",""node"":""kwok-node-27""},{""name"":""rs-38-p3-755lr"",""cpu_m"":516,""mem_b"":510556685,""priority"":""3"",""node"":""kwok-node-11""},{""name"":""rs-38-p3-q2r8s"",""cpu_m"":516,""mem_b"":510556685,""priority"":""3"",""node"":""kwok-node-5""},{""name"":""rs-38-p3-qpk64"",""cpu_m"":516,""mem_b"":510556685,""priority"":""3"",""node"":""kwok-node-17""},{""name"":""rs-39-p4-7v9lw"",""cpu_m"":617,""mem_b"":631058053,""priority"":""4"",""node"":""kwok-node-13""},{""name"":""rs-39-p4-g4q7j"",""cpu_m"":617,""mem_b"":631058053,""priority"":""4"",""node"":""kwok-node-12""},{""name"":""rs-39-p4-kflgz"",""cpu_m"":617,""mem_b"":631058053,""priority"":""4"",""node"":""kwok-node-9""},{""name"":""rs-39-p4-pcx9p"",""cpu_m"":617,""mem_b"":631058053,""priority"":""4"",""node"":""kwok-node-23""},{""name"":""rs-40-p3-4hz8d"",""cpu_m"":630,""mem_b"":287413870,""priority"":""3"",""node"":""kwok-node-15""},{""name"":""rs-41-p3-hv8pf"",""cpu_m"":166,""mem_b"":527620659,""priority"":""3"",""node"":""kwok-node-1""},{""name"":""rs-41-p3-w2w5g"",""cpu_m"":166,""mem_b"":527620659,""priority"":""3"",""node"":""kwok-node-18""},{""name"":""rs-42-p3-2s6wn"",""cpu_m"":468,""mem_b"":914522883,""priority"":""3"",""node"":""kwok-node-8""},{""name"":""rs-42-p3-zpkch"",""cpu_m"":468,""mem_b"":914522883,""priority"":""3"",""node"":""kwok-node-9""},{""name"":""rs-43-p2-r88gs"",""cpu_m"":113,""mem_b"":964336033,""priority"":""2"",""node"":""kwok-node-3""},{""name"":""rs-43-p2-txldg"",""cpu_m"":113,""mem_b"":964336033,""priority"":""2"",""node"":""kwok-node-11""},{""name"":""rs-44-p1-85fg6"",""cpu_m"":518,""mem_b"":564933581,""priority"":""1"",""node"":""kwok-node-29""},{""name"":""rs-44-p1-bmj92"",""cpu_m"":518,""mem_b"":564933581,""priority"":""1"",""node"":""kwok-node-19""},{""name"":""rs-44-p1-h9snr"",""cpu_m"":518,""mem_b"":564933581,""priority"":""1"",""node"":""kwok-node-26""},{""name"":""rs-45-p1-j7bbj"",""cpu_m"":673,""mem_b"":851312229,""priority"":""1"",""node"":""""},{""name"":""rs-45-p1-kzcsh"",""cpu_m"":673,""mem_b"":851312229,""priority"":""1"",""node"":""""},{""name"":""rs-45-p1-sr5d4"",""cpu_m"":673,""mem_b"":851312229,""priority"":""1"",""node"":""""},{""name"":""rs-45-p1-vvll6"",""cpu_m"":673,""mem_b"":851312229,""priority"":""1"",""node"":""""},{""name"":""rs-46-p3-2zrh4"",""cpu_m"":954,""mem_b"":578728840,""priority"":""3"",""node"":""kwok-node-11""},{""name"":""rs-46-p3-gnslm"",""cpu_m"":954,""mem_b"":578728840,""priority"":""3"",""node"":""kwok-node-4""},{""name"":""rs-46-p3-jz7g2"",""cpu_m"":954,""mem_b"":578728840,""priority"":""3"",""node"":""kwok-node-32""},{""name"":""rs-46-p3-x7v6m"",""cpu_m"":954,""mem_b"":578728840,""priority"":""3"",""node"":""kwok-node-21""},{""name"":""rs-47-p2-mznls"",""cpu_m"":155,""mem_b"":508066236,""priority"":""2"",""node"":""kwok-node-28""},{""name"":""rs-47-p2-tl5zf"",""cpu_m"":155,""mem_b"":508066236,""priority"":""2"",""node"":""kwok-node-31""},{""name"":""rs-47-p2-tsb8z"",""cpu_m"":155,""mem_b"":508066236,""priority"":""2"",""node"":""kwok-node-25""},{""name"":""rs-48-p2-76h5z"",""cpu_m"":366,""mem_b"":406610697,""priority"":""2"",""node"":""kwok-node-24""}]","[{""name"":""rs-01-p3-6d26n"",""cpu_m"":650,""mem_b"":460520840,""priority"":""3"",""node"":""kwok-node-14""},{""name"":""rs-01-p3-9l6w9"",""cpu_m"":650,""mem_b"":460520840,""priority"":""3"",""node"":""kwok-node-18""},{""name"":""rs-02-p1-49cn8"",""cpu_m"":294,""mem_b"":802906475,""priority"":""1"",""node"":""kwok-node-1""},{""name"":""rs-02-p1-9h7nb"",""cpu_m"":294,""mem_b"":802906475,""priority"":""1"",""node"":""kwok-node-10""},{""name"":""rs-02-p1-h258r"",""cpu_m"":294,""mem_b"":802906475,""priority"":""1"",""node"":""kwok-node-11""},{""name"":""rs-02-p1-lvmd6"",""cpu_m"":294,""mem_b"":802906475,""priority"":""1"",""node"":""kwok-node-15""},{""name"":""rs-03-p3-bbxmf"",""cpu_m"":177,""mem_b"":428873041,""priority"":""3"",""node"":""kwok-node-17""},{""name"":""rs-03-p3-hp8ss"",""cpu_m"":177,""mem_b"":428873041,""priority"":""3"",""node"":""kwok-node-12""},{""name"":""rs-03-p3-vnxk4"",""cpu_m"":177,""mem_b"":428873041,""priority"":""3"",""node"":""kwok-node-13""},{""name"":""rs-04-p3-58ndr"",""cpu_m"":414,""mem_b"":744933456,""priority"":""3"",""node"":""kwok-node-16""},{""name"":""rs-04-p3-jdvmm"",""cpu_m"":414,""mem_b"":744933456,""priority"":""3"",""node"":""kwok-node-19""},{""name"":""rs-04-p3-llt8q"",""cpu_m"":414,""mem_b"":744933456,""priority"":""3"",""node"":""kwok-node-20""},{""name"":""rs-04-p3-rpf87"",""cpu_m"":414,""mem_b"":744933456,""priority"":""3"",""node"":""kwok-node-2""},{""name"":""rs-05-p2-cz44j"",""cpu_m"":398,""mem_b"":699283656,""priority"":""2"",""node"":""kwok-node-17""},{""name"":""rs-05-p2-mdgmh"",""cpu_m"":398,""mem_b"":699283656,""priority"":""2"",""node"":""kwok-node-13""},{""name"":""rs-05-p2-pjq92"",""cpu_m"":398,""mem_b"":699283656,""priority"":""2"",""node"":""kwok-node-12""},{""name"":""rs-06-p4-lfw7n"",""cpu_m"":531,""mem_b"":514912109,""priority"":""4"",""node"":""kwok-node-22""},{""name"":""rs-06-p4-m2qxj"",""cpu_m"":531,""mem_b"":514912109,""priority"":""4"",""node"":""kwok-node-23""},{""name"":""rs-06-p4-vtkdt"",""cpu_m"":531,""mem_b"":514912109,""priority"":""4"",""node"":""kwok-node-21""},{""name"":""rs-07-p2-44ctf"",""cpu_m"":582,""mem_b"":825175709,""priority"":""2"",""node"":""kwok-node-27""},{""name"":""rs-07-p2-6mmw8"",""cpu_m"":582,""mem_b"":825175709,""priority"":""2"",""node"":""kwok-node-26""},{""name"":""rs-07-p2-lgltv"",""cpu_m"":582,""mem_b"":825175709,""priority"":""2"",""node"":""kwok-node-25""},{""name"":""rs-07-p2-rsk5z"",""cpu_m"":582,""mem_b"":825175709,""priority"":""2"",""node"":""kwok-node-24""},{""name"":""rs-08-p1-6z82m"",""cpu_m"":569,""mem_b"":418643253,""priority"":""1"",""node"":""kwok-node-19""},{""name"":""rs-08-p1-gls8x"",""cpu_m"":569,""mem_b"":418643253,""priority"":""1"",""node"":""kwok-node-20""},{""name"":""rs-09-p2-pb42n"",""cpu_m"":565,""mem_b"":475407938,""priority"":""2"",""node"":""kwok-node-28""},{""name"":""rs-10-p3-72pqh"",""cpu_m"":404,""mem_b"":231691360,""priority"":""3"",""node"":""kwok-node-16""},{""name"":""rs-10-p3-hr4qx"",""cpu_m"":404,""mem_b"":231691360,""priority"":""3"",""node"":""kwok-node-2""},{""name"":""rs-11-p3-bndxk"",""cpu_m"":590,""mem_b"":607201782,""priority"":""3"",""node"":""kwok-node-29""},{""name"":""rs-11-p3-t52hk"",""cpu_m"":590,""mem_b"":607201782,""priority"":""3"",""node"":""kwok-node-3""},{""name"":""rs-12-p1-8tmd9"",""cpu_m"":976,""mem_b"":692957152,""priority"":""1"",""node"":""kwok-node-4""},{""name"":""rs-12-p1-b54hq"",""cpu_m"":976,""mem_b"":692957152,""priority"":""1"",""node"":""kwok-node-5""},{""name"":""rs-12-p1-rhjzl"",""cpu_m"":976,""mem_b"":692957152,""priority"":""1"",""node"":""kwok-node-32""},{""name"":""rs-13-p2-btk85"",""cpu_m"":625,""mem_b"":627102831,""priority"":""2"",""node"":""kwok-node-6""},{""name"":""rs-13-p2-cs7g7"",""cpu_m"":625,""mem_b"":627102831,""priority"":""2"",""node"":""kwok-node-30""},{""name"":""rs-13-p2-rjl9x"",""cpu_m"":625,""mem_b"":627102831,""priority"":""2"",""node"":""kwok-node-31""},{""name"":""rs-14-p1-jpbx5"",""cpu_m"":655,""mem_b"":231155828,""priority"":""1"",""node"":""kwok-node-10""},{""name"":""rs-14-p1-pbmvk"",""cpu_m"":655,""mem_b"":231155828,""priority"":""1"",""node"":""kwok-node-7""},{""name"":""rs-14-p1-z6hhk"",""cpu_m"":655,""mem_b"":231155828,""priority"":""1"",""node"":""kwok-node-1""},{""name"":""rs-14-p1-zdvgq"",""cpu_m"":655,""mem_b"":231155828,""priority"":""1"",""node"":""kwok-node-15""},{""name"":""rs-15-p2-xvjc4"",""cpu_m"":204,""mem_b"":283436941,""priority"":""2"",""node"":""kwok-node-8""},{""name"":""rs-16-p1-299zq"",""cpu_m"":262,""mem_b"":629778796,""priority"":""1"",""node"":""kwok-node-9""},{""name"":""rs-16-p1-glsz9"",""cpu_m"":262,""mem_b"":629778796,""priority"":""1"",""node"":""kwok-node-8""},{""name"":""rs-17-p4-7tql8"",""cpu_m"":329,""mem_b"":650415165,""priority"":""4"",""node"":""kwok-node-28""},{""name"":""rs-17-p4-nphds"",""cpu_m"":329,""mem_b"":650415165,""priority"":""4"",""node"":""kwok-node-14""},{""name"":""rs-17-p4-vptxv"",""cpu_m"":329,""mem_b"":650415165,""priority"":""4"",""node"":""kwok-node-7""},{""name"":""rs-18-p1-qmbvt"",""cpu_m"":886,""mem_b"":735961893,""priority"":""1"",""node"":""kwok-node-9""},{""name"":""rs-18-p1-z4kt4"",""cpu_m"":886,""mem_b"":735961893,""priority"":""1"",""node"":""kwok-node-11""},{""name"":""rs-19-p1-4fbhb"",""cpu_m"":525,""mem_b"":378898165,""priority"":""1"",""node"":""kwok-node-21""},{""name"":""rs-19-p1-f8gll"",""cpu_m"":525,""mem_b"":378898165,""priority"":""1"",""node"":""kwok-node-23""},{""name"":""rs-20-p4-h56gg"",""cpu_m"":206,""mem_b"":550407526,""priority"":""4"",""node"":""kwok-node-22""},{""name"":""rs-20-p4-mx2bg"",""cpu_m"":206,""mem_b"":550407526,""priority"":""4"",""node"":""kwok-node-18""},{""name"":""rs-21-p4-5q9dx"",""cpu_m"":776,""mem_b"":123275935,""priority"":""4"",""node"":""kwok-node-13""},{""name"":""rs-21-p4-dqfkb"",""cpu_m"":776,""mem_b"":123275935,""priority"":""4"",""node"":""kwok-node-8""},{""name"":""rs-21-p4-f6vmb"",""cpu_m"":776,""mem_b"":123275935,""priority"":""4"",""node"":""kwok-node-12""},{""name"":""rs-22-p2-wph67"",""cpu_m"":813,""mem_b"":721441334,""priority"":""2"",""node"":""kwok-node-26""},{""name"":""rs-23-p1-kfxpp"",""cpu_m"":206,""mem_b"":685756457,""priority"":""1"",""node"":""kwok-node-29""},{""name"":""rs-23-p1-rbndb"",""cpu_m"":206,""mem_b"":685756457,""priority"":""1"",""node"":""kwok-node-30""},{""name"":""rs-23-p1-skzfz"",""cpu_m"":206,""mem_b"":685756457,""priority"":""1"",""node"":""kwok-node-3""},{""name"":""rs-24-p1-9zsd6"",""cpu_m"":646,""mem_b"":408085039,""priority"":""1"",""node"":""kwok-node-25""},{""name"":""rs-24-p1-dqc6j"",""cpu_m"":646,""mem_b"":408085039,""priority"":""1"",""node"":""kwok-node-24""},{""name"":""rs-24-p1-h2tsp"",""cpu_m"":646,""mem_b"":408085039,""priority"":""1"",""node"":""kwok-node-6""},{""name"":""rs-24-p1-kgqkm"",""cpu_m"":646,""mem_b"":408085039,""priority"":""1"",""node"":""kwok-node-27""},{""name"":""rs-25-p3-qmv86"",""cpu_m"":889,""mem_b"":874283714,""priority"":""3"",""node"":""kwok-node-31""},{""name"":""rs-25-p3-t8h7c"",""cpu_m"":889,""mem_b"":874283714,""priority"":""3"",""node"":""kwok-node-2""},{""name"":""rs-26-p2-27cfm"",""cpu_m"":142,""mem_b"":685260520,""priority"":""2"",""node"":""kwok-node-23""},{""name"":""rs-26-p2-dprtk"",""cpu_m"":142,""mem_b"":685260520,""priority"":""2"",""node"":""kwok-node-4""},{""name"":""rs-26-p2-hkvr6"",""cpu_m"":142,""mem_b"":685260520,""priority"":""2"",""node"":""kwok-node-32""},{""name"":""rs-26-p2-s8kld"",""cpu_m"":142,""mem_b"":685260520,""priority"":""2"",""node"":""kwok-node-5""},{""name"":""rs-27-p4-szhvw"",""cpu_m"":306,""mem_b"":217713351,""priority"":""4"",""node"":""kwok-node-16""},{""name"":""rs-27-p4-zmn2j"",""cpu_m"":306,""mem_b"":217713351,""priority"":""4"",""node"":""kwok-node-22""},{""name"":""rs-28-p2-49plj"",""cpu_m"":553,""mem_b"":416894301,""priority"":""2"",""node"":""kwok-node-18""},{""name"":""rs-28-p2-h6xdf"",""cpu_m"":553,""mem_b"":416894301,""priority"":""2"",""node"":""kwok-node-17""},{""name"":""rs-28-p2-mzmd8"",""cpu_m"":553,""mem_b"":416894301,""priority"":""2"",""node"":""kwok-node-28""},{""name"":""rs-28-p2-nx6sq"",""cpu_m"":553,""mem_b"":416894301,""priority"":""2"",""node"":""kwok-node-1""},{""name"":""rs-29-p2-7s4k8"",""cpu_m"":382,""mem_b"":992758135,""priority"":""2"",""node"":""kwok-node-21""},{""name"":""rs-29-p2-b47mz"",""cpu_m"":382,""mem_b"":992758135,""priority"":""2"",""node"":""kwok-node-7""},{""name"":""rs-30-p4-8vz2v"",""cpu_m"":161,""mem_b"":924988215,""priority"":""4"",""node"":""kwok-node-8""},{""name"":""rs-30-p4-c42q4"",""cpu_m"":161,""mem_b"":924988215,""priority"":""4"",""node"":""kwok-node-10""},{""name"":""rs-30-p4-dhndf"",""cpu_m"":161,""mem_b"":924988215,""priority"":""4"",""node"":""kwok-node-15""},{""name"":""rs-30-p4-zq2wv"",""cpu_m"":161,""mem_b"":924988215,""priority"":""4"",""node"":""kwok-node-6""},{""name"":""rs-31-p4-2rtpx"",""cpu_m"":829,""mem_b"":908670133,""priority"":""4"",""node"":""kwok-node-20""},{""name"":""rs-31-p4-6w5wt"",""cpu_m"":829,""mem_b"":908670133,""priority"":""4"",""node"":""kwok-node-19""},{""name"":""rs-31-p4-8jfbx"",""cpu_m"":829,""mem_b"":908670133,""priority"":""4"",""node"":""kwok-node-14""},{""name"":""rs-32-p2-jrljb"",""cpu_m"":607,""mem_b"":266972690,""priority"":""2"",""node"":""kwok-node-29""},{""name"":""rs-32-p2-xh4nf"",""cpu_m"":607,""mem_b"":266972690,""priority"":""2"",""node"":""kwok-node-3""},{""name"":""rs-33-p1-9thwc"",""cpu_m"":625,""mem_b"":666334056,""priority"":""1"",""node"":""kwok-node-30""},{""name"":""rs-33-p1-dvl7z"",""cpu_m"":625,""mem_b"":666334056,""priority"":""1"",""node"":""kwok-node-16""},{""name"":""rs-33-p1-h49k4"",""cpu_m"":625,""mem_b"":666334056,""priority"":""1"",""node"":""kwok-node-22""},{""name"":""rs-33-p1-wtc9z"",""cpu_m"":625,""mem_b"":666334056,""priority"":""1"",""node"":""kwok-node-9""},{""name"":""rs-34-p3-fhkrc"",""cpu_m"":967,""mem_b"":239151093,""priority"":""3"",""node"":""""},{""name"":""rs-34-p3-nw94q"",""cpu_m"":967,""mem_b"":239151093,""priority"":""3"",""node"":""""},{""name"":""rs-34-p3-r8m2v"",""cpu_m"":967,""mem_b"":239151093,""priority"":""3"",""node"":""""},{""name"":""rs-34-p3-sgcfq"",""cpu_m"":967,""mem_b"":239151093,""priority"":""3"",""node"":""""},{""name"":""rs-35-p3-bhbtg"",""cpu_m"":872,""mem_b"":734409165,""priority"":""3"",""node"":""kwok-node-32""},{""name"":""rs-35-p3-qb27t"",""cpu_m"":872,""mem_b"":734409165,""priority"":""3"",""node"":""kwok-node-4""},{""name"":""rs-36-p3-vj6rv"",""cpu_m"":348,""mem_b"":522287385,""priority"":""3"",""node"":""kwok-node-25""},{""name"":""rs-36-p3-zp5nf"",""cpu_m"":348,""mem_b"":522287385,""priority"":""3"",""node"":""kwok-node-24""},{""name"":""rs-37-p2-ftfsl"",""cpu_m"":672,""mem_b"":892889756,""priority"":""2"",""node"":""kwok-node-27""},{""name"":""rs-38-p3-755lr"",""cpu_m"":516,""mem_b"":510556685,""priority"":""3"",""node"":""kwok-node-11""},{""name"":""rs-38-p3-q2r8s"",""cpu_m"":516,""mem_b"":510556685,""priority"":""3"",""node"":""kwok-node-5""},{""name"":""rs-38-p3-qpk64"",""cpu_m"":516,""mem_b"":510556685,""priority"":""3"",""node"":""kwok-node-17""},{""name"":""rs-39-p4-7v9lw"",""cpu_m"":617,""mem_b"":631058053,""priority"":""4"",""node"":""kwok-node-13""},{""name"":""rs-39-p4-g4q7j"",""cpu_m"":617,""mem_b"":631058053,""priority"":""4"",""node"":""kwok-node-12""},{""name"":""rs-39-p4-kflgz"",""cpu_m"":617,""mem_b"":631058053,""priority"":""4"",""node"":""""},{""name"":""rs-39-p4-pcx9p"",""cpu_m"":617,""mem_b"":631058053,""priority"":""4"",""node"":""kwok-node-23""},{""name"":""rs-40-p3-4hz8d"",""cpu_m"":630,""mem_b"":287413870,""priority"":""3"",""node"":""kwok-node-15""},{""name"":""rs-41-p3-hv8pf"",""cpu_m"":166,""mem_b"":527620659,""priority"":""3"",""node"":""kwok-node-1""},{""name"":""rs-41-p3-w2w5g"",""cpu_m"":166,""mem_b"":527620659,""priority"":""3"",""node"":""kwok-node-18""},{""name"":""rs-42-p3-2s6wn"",""cpu_m"":468,""mem_b"":914522883,""priority"":""3"",""node"":""""},{""name"":""rs-42-p3-zpkch"",""cpu_m"":468,""mem_b"":914522883,""priority"":""3"",""node"":""""},{""name"":""rs-43-p2-r88gs"",""cpu_m"":113,""mem_b"":964336033,""priority"":""2"",""node"":""""},{""name"":""rs-43-p2-txldg"",""cpu_m"":113,""mem_b"":964336033,""priority"":""2"",""node"":""""},{""name"":""rs-44-p1-85fg6"",""cpu_m"":518,""mem_b"":564933581,""priority"":""1"",""node"":""kwok-node-29""},{""name"":""rs-44-p1-h9snr"",""cpu_m"":518,""mem_b"":564933581,""priority"":""1"",""node"":""kwok-node-26""},{""name"":""rs-44-p1-zs2d8"",""cpu_m"":518,""mem_b"":564933581,""priority"":""1"",""node"":""kwok-node-3""},{""name"":""rs-45-p1-j7bbj"",""cpu_m"":673,""mem_b"":851312229,""priority"":""1"",""node"":""""},{""name"":""rs-45-p1-kzcsh"",""cpu_m"":673,""mem_b"":851312229,""priority"":""1"",""node"":""""},{""name"":""rs-45-p1-sr5d4"",""cpu_m"":673,""mem_b"":851312229,""priority"":""1"",""node"":""""},{""name"":""rs-45-p1-vvll6"",""cpu_m"":673,""mem_b"":851312229,""priority"":""1"",""node"":""""},{""name"":""rs-46-p3-2zrh4"",""cpu_m"":954,""mem_b"":578728840,""priority"":""3"",""node"":""""},{""name"":""rs-46-p3-gnslm"",""cpu_m"":954,""mem_b"":578728840,""priority"":""3"",""node"":""""},{""name"":""rs-46-p3-jz7g2"",""cpu_m"":954,""mem_b"":578728840,""priority"":""3"",""node"":""""},{""name"":""rs-46-p3-x7v6m"",""cpu_m"":954,""mem_b"":578728840,""priority"":""3"",""node"":""""},{""name"":""rs-47-p2-mznls"",""cpu_m"":155,""mem_b"":508066236,""priority"":""2"",""node"":""kwok-node-28""},{""name"":""rs-47-p2-tl5zf"",""cpu_m"":155,""mem_b"":508066236,""priority"":""2"",""node"":""kwok-node-31""},{""name"":""rs-47-p2-tsb8z"",""cpu_m"":155,""mem_b"":508066236,""priority"":""2"",""node"":""""},{""name"":""rs-48-p2-76h5z"",""cpu_m"":366,""mem_b"":406610697,""priority"":""2"",""node"":""kwok-node-24""}]","[{""name"":""kwok-node-1"",""cap_cpu_m"":1994,""cap_mem_bytes"":2258677381},{""name"":""kwok-node-2"",""cap_cpu_m"":1994,""cap_mem_bytes"":2258677381},{""name"":""kwok-node-3"",""cap_cpu_m"":1994,""cap_mem_bytes"":2258677381},{""name"":""kwok-node-4"",""cap_cpu_m"":1994,""cap_mem_bytes"":2258677381},{""name"":""kwok-node-5"",""cap_cpu_m"":1994,""cap_mem_bytes"":2258677381},{""name"":""kwok-node-6"",""cap_cpu_m"":1994,""cap_mem_bytes"":2258677381},{""name"":""kwok-node-7"",""cap_cpu_m"":1994,""cap_mem_bytes"":2258677381},{""name"":""kwok-node-8"",""cap_cpu_m"":1994,""cap_mem_bytes"":2258677381},{""name"":""kwok-node-9"",""cap_cpu_m"":1994,""cap_mem_bytes"":2258677381},{""name"":""kwok-node-10"",""cap_cpu_m"":1994,""cap_mem_bytes"":2258677381},{""name"":""kwok-node-11"",""cap_cpu_m"":1994,""cap_mem_bytes"":2258677381},{""name"":""kwok-node-12"",""cap_cpu_m"":1994,""cap_mem_bytes"":2258677381},{""name"":""kwok-node-13"",""cap_cpu_m"":1994,""cap_mem_bytes"":2258677381},{""name"":""kwok-node-14"",""cap_cpu_m"":1994,""cap_mem_bytes"":2258677381},{""name"":""kwok-node-15"",""cap_cpu_m"":1994,""cap_mem_bytes"":2258677381},{""name"":""kwok-node-16"",""cap_cpu_m"":1994,""cap_mem_bytes"":2258677381},{""name"":""kwok-node-17"",""cap_cpu_m"":1994,""cap_mem_bytes"":2258677381},{""name"":""kwok-node-18"",""cap_cpu_m"":1994,""cap_mem_bytes"":2258677381},{""name"":""kwok-node-19"",""cap_cpu_m"":1994,""cap_mem_bytes"":2258677381},{""name"":""kwok-node-20"",""cap_cpu_m"":1994,""cap_mem_bytes"":2258677381},{""name"":""kwok-node-21"",""cap_cpu_m"":1994,""cap_mem_bytes"":2258677381},{""name"":""kwok-node-22"",""cap_cpu_m"":1994,""cap_mem_bytes"":2258677381},{""name"":""kwok-node-23"",""cap_cpu_m"":1994,""cap_mem_bytes"":2258677381},{""name"":""kwok-node-24"",""cap_cpu_m"":1994,""cap_mem_bytes"":2258677381},{""name"":""kwok-node-25"",""cap_cpu_m"":1994,""cap_mem_bytes"":2258677381},{""name"":""kwok-node-26"",""cap_cpu_m"":1994,""cap_mem_bytes"":2258677381},{""name"":""kwok-node-27"",""cap_cpu_m"":1994,""cap_mem_bytes"":2258677381},{""name"":""kwok-node-28"",""cap_cpu_m"":1994,""cap_mem_bytes"":2258677381},{""name"":""kwok-node-29"",""cap_cpu_m"":1994,""cap_mem_bytes"":2258677381},{""name"":""kwok-node-30"",""cap_cpu_m"":1994,""cap_mem_bytes"":2258677381},{""name"":""kwok-node-31"",""cap_cpu_m"":1994,""cap_mem_bytes"":2258677381},{""name"":""kwok-node-32"",""cap_cpu_m"":1994,""cap_mem_bytes"":2258677381}]"
2026/02/11/11:59:18,4782248702426767105,,"{""evicted"":0,""moved"":0,""placed_by_priority"":{""1"":31,""2"":32,""3"":40,""4"":7}}",python,"{""evicted"":11,""moved"":13,""placed_by_priority"":{""1"":21,""2"":42,""3"":43,""4"":11}}",980,FEASIBLE,"[{""duration_ms"":980,""name"":""python"",""score"":{""evicted"":11,""moved"":13,""placed_by_priority"":{""1"":21,""2"":42,""3"":43,""4"":11}},""status"":""FEASIBLE""}]",0.932,0.860,0.921,0.846,65597,60506,61166900189,56217712161,117,110,11,18,"{""kwok-node-1"":5,""kwok-node-10"":3,""kwok-node-11"":4,""kwok-node-12"":4,""kwok-node-13"":3,""kwok-node-14"":3,""kwok-node-15"":4,""kwok-node-16"":4,""kwok-node-17"":4,""kwok-node-18"":5,""kwok-node-19"":4,""kwok-node-2"":4,""kwok-node-20"":4,""kwok-node-21"":4,""kwok-node-22"":3,""kwok-node-23"":4,""kwok-node-24"":4,""kwok-node-25"":4,""kwok-node-26"":3,""kwok-node-27"":3,""kwok-node-28"":3,""kwok-node-29"":4,""kwok-node-3"":3,""kwok-node-30"":3,""kwok-node-31"":3,""kwok-node-32"":4,""kwok-node-4"":3,""kwok-node-5"":3,""kwok-node-6"":3,""kwok-node-7"":4,""kwok-node-8"":4,""kwok-node-9"":4}","{""kwok-node-1"":4,""kwok-node-10"":3,""kwok-node-11"":4,""kwok-node-12"":3,""kwok-node-13"":3,""kwok-node-14"":3,""kwok-node-15"":4,""kwok-node-16"":4,""kwok-node-17"":4,""kwok-node-18"":4,""kwok-node-19"":3,""kwok-node-2"":3,""kwok-node-20"":4,""kwok-node-21"":4,""kwok-node-22"":3,""kwok-node-23"":4,""kwok-node-24"":4,""kwok-node-25"":4,""kwok-node-26"":3,""kwok-node-27"":3,""kwok-node-28"":3,""kwok-node-29"":4,""kwok-node-3"":3,""kwok-node-30"":3,""kwok-node-31"":3,""kwok-node-32"":3,""kwok-node-4"":3,""kwok-node-5"":3,""kwok-node-6"":3,""kwok-node-7"":3,""kwok-node-8"":4,""kwok-node-9"":4}","{""p1"":21,""p2"":42,""p3"":43,""p4"":11}","{""p1"":31,""p2"":32,""p3"":40,""p4"":7}","{""p1"":11}","{""p1"":1,""p2"":10,""p3"":3,""p4"":4}","{rs-03-p1-d8qw4,rs-03-p1-wvftt,rs-07-p1-bzc82,rs-07-p1-j8fr9,rs-07-p1-sb7sb,rs-07-p1-x7nln,rs-12-p1-86hl9,rs-20-p1-dvmw6,rs-36-p1-fqp5z,rs-36-p1-lch42,rs-36-p1-lz2pm}","{rs-40-p3-2mvk4,rs-40-p3-qqqp5,rs-40-p3-w7cqm,rs-43-p2-l4mvj,rs-43-p2-wcxqf,rs-44-p2-2xj28,rs-44-p2-752p7,rs-44-p2-ntc9d,rs-44-p2-r92zb,rs-45-p2-45lst,rs-45-p2-9fxjv,rs-45-p2-cd94c,rs-45-p2-jz5sl,rs-46-p4-ctvj7,rs-46-p4-f467t,rs-46-p4-pzs7j,rs-46-p4-qrrh5,rs-47-p1-h7rbz}","{rs-01-p3-7ph6m,rs-01-p3-cfhgs,rs-02-p3-5vp9p,rs-02-p3-prmmz,rs-02-p3-rft4f,rs-02-p3-tz4h6,rs-04-p3-g7pgv,rs-04-p3-jbgmq,rs-05-p2-5p9lc,rs-05-p2-xfb7x,rs-06-p2-5pt46,rs-06-p2-qgm7g,rs-06-p2-z78g8,rs-08-p3-dk55s,rs-08-p3-dpsb9,rs-08-p3-nkmlz,rs-09-p1-wq82f,rs-09-p1-z8crw,rs-10-p3-x4fs6,rs-11-p4-fpb9w,rs-11-p4-twpqm,rs-11-p4-zd4tb,rs-12-p1-f9n7r,rs-12-p1-m9bp7,rs-12-p1-q9tgn,rs-13-p3-qbtrl,rs-14-p3-45xwr,rs-14-p3-pglk4,rs-15-p2-dtqkm,rs-15-p2-mb9qs,rs-16-p2-cvx8p,rs-16-p2-lv88g,rs-16-p2-txgwx,rs-17-p3-cx4r7,rs-18-p3-22fr4,rs-18-p3-5phbn,rs-18-p3-7q8c6,rs-18-p3-9tk7s,rs-19-p3-7xg56,rs-20-p1-5j6vb,rs-20-p1-phfp2,rs-21-p3-48bqj,rs-21-p3-m5th6,rs-22-p2-zlg2f,rs-23-p3-nrtbx,rs-24-p2-2mh6r,rs-24-p2-bgjnc,rs-24-p2-dbdw6,rs-24-p2-l24ts,rs-25-p2-5lql5,rs-25-p2-rpmhb,rs-26-p4-b9z7f,rs-26-p4-kcltt,rs-26-p4-m24vg,rs-26-p4-mc6p7,rs-27-p1-49bd2,rs-27-p1-gqk7c,rs-27-p1-lpk9c,rs-27-p1-nlzq5,rs-28-p1-pv8dn,rs-28-p1-z7pdd,rs-29-p2-6nxl9,rs-29-p2-dj5zk,rs-29-p2-g5srf,rs-29-p2-wsrpl,rs-30-p3-t7n8f,rs-31-p2-4gbjt,rs-31-p2-jn6sk,rs-31-p2-s9zds,rs-31-p2-wkplx,rs-32-p3-hc824,rs-32-p3-zt8ll,rs-33-p3-2rrwt,rs-33-p3-tck96,rs-34-p3-6tcgf,rs-34-p3-9bkw5,rs-34-p3-wlw6m,rs-35-p1-55vb8,rs-35-p1-9b8r8,rs-35-p1-hnlgg,rs-35-p1-v8hw4,rs-37-p1-bvlv4,rs-37-p1-k2zdd,rs-37-p1-x9kfv,rs-38-p2-52vrd,rs-38-p2-szrwr,rs-38-p2-wld57,rs-38-p2-zkpkk,rs-39-p3-c4dqj,rs-39-p3-cm5vx,rs-39-p3-lcv7l,rs-39-p3-sg4gw,rs-40-p3-2mvk4,rs-40-p3-qqqp5,rs-40-p3-w7cqm,rs-41-p3-2qbvt,rs-41-p3-97fn5,rs-41-p3-n5b7k,rs-41-p3-npwqn,rs-42-p2-2npfv,rs-42-p2-cgxb9,rs-42-p2-rnhbb,rs-43-p2-l4mvj,rs-43-p2-wcxqf,rs-44-p2-2xj28,rs-44-p2-752p7,rs-44-p2-ntc9d,rs-44-p2-r92zb,rs-45-p2-45lst,rs-45-p2-9fxjv,rs-45-p2-cd94c,rs-45-p2-jz5sl,rs-46-p4-ctvj7,rs-46-p4-f467t,rs-46-p4-pzs7j,rs-46-p4-qrrh5,rs-47-p1-h7rbz}","{rs-01-p3-7ph6m,rs-01-p3-cfhgs,rs-02-p3-5vp9p,rs-02-p3-prmmz,rs-02-p3-rft4f,rs-02-p3-tz4h6,rs-03-p1-bcd6z,rs-03-p1-klm6j,rs-04-p3-g7pgv,rs-04-p3-jbgmq,rs-05-p2-5p9lc,rs-05-p2-xfb7x,rs-06-p2-5pt46,rs-06-p2-qgm7g,rs-06-p2-z78g8,rs-07-p1-gg6cn,rs-07-p1-hj8h9,rs-07-p1-qrg9f,rs-07-p1-slh9c,rs-08-p3-dk55s,rs-08-p3-dpsb9,rs-08-p3-nkmlz,rs-09-p1-k4nhl,rs-09-p1-wq82f,rs-10-p3-x4fs6,rs-11-p4-fpb9w,rs-11-p4-twpqm,rs-11-p4-zd4tb,rs-12-p1-5s8jg,rs-12-p1-m9bp7,rs-12-p1-q9hql,rs-12-p1-q9tgn,rs-13-p3-qbtrl,rs-14-p3-45xwr,rs-14-p3-pglk4,rs-15-p2-dtqkm,rs-15-p2-mb9qs,rs-16-p2-cvx8p,rs-16-p2-lv88g,rs-16-p2-txgwx,rs-17-p3-cx4r7,rs-18-p3-22fr4,rs-18-p3-5phbn,rs-18-p3-7q8c6,rs-18-p3-9tk7s,rs-19-p3-7xg56,rs-20-p1-5j6vb,rs-20-p1-phfp2,rs-20-p1-rfgds,rs-21-p3-48bqj,rs-21-p3-m5th6,rs-22-p2-zlg2f,rs-23-p3-nrtbx,rs-24-p2-2mh6r,rs-24-p2-bgjnc,rs-24-p2-dbdw6,rs-24-p2-l24ts,rs-25-p2-5lql5,rs-25-p2-rpmhb,rs-26-p4-b9z7f,rs-26-p4-kcltt,rs-26-p4-m24vg,rs-26-p4-mc6p7,rs-27-p1-hbkvr,rs-27-p1-pkmqn,rs-27-p1-r4k2m,rs-27-p1-sh8pp,rs-28-p1-qzplk,rs-28-p1-z7pdd,rs-29-p2-6nxl9,rs-29-p2-dj5zk,rs-29-p2-g5srf,rs-29-p2-wsrpl,rs-30-p3-t7n8f,rs-31-p2-4gbjt,rs-31-p2-jn6sk,rs-31-p2-s9zds,rs-31-p2-wkplx,rs-32-p3-hc824,rs-32-p3-zt8ll,rs-33-p3-2rrwt,rs-33-p3-tck96,rs-34-p3-6tcgf,rs-34-p3-9bkw5,rs-34-p3-wlw6m,rs-35-p1-b8rsf,rs-35-p1-fhh4m,rs-35-p1-jwvb6,rs-35-p1-l8xcw,rs-36-p1-95nvg,rs-36-p1-dbg8n,rs-36-p1-jwffr,rs-37-p1-9qhvq,rs-37-p1-bvlv4,rs-37-p1-tb4bn,rs-38-p2-52vrd,rs-38-p2-szrwr,rs-38-p2-wld57,rs-38-p2-zkpkk,rs-39-p3-c4dqj,rs-39-p3-cm5vx,rs-39-p3-lcv7l,rs-39-p3-sg4gw,rs-41-p3-2qbvt,rs-41-p3-97fn5,rs-41-p3-n5b7k,rs-41-p3-npwqn,rs-42-p2-2npfv,rs-42-p2-cgxb9,rs-42-p2-rnhbb}","[{""name"":""rs-01-p3-7ph6m"",""cpu_m"":494,""mem_b"":526520722,""priority"":""3"",""node"":""kwok-node-2""},{""name"":""rs-01-p3-cfhgs"",""cpu_m"":494,""mem_b"":526520722,""priority"":""3"",""node"":""kwok-node-18""},{""name"":""rs-02-p3-5vp9p"",""cpu_m"":501,""mem_b"":177773409,""priority"":""3"",""node"":""kwok-node-21""},{""name"":""rs-02-p3-prmmz"",""cpu_m"":501,""mem_b"":177773409,""priority"":""3"",""node"":""kwok-node-11""},{""name"":""rs-02-p3-rft4f"",""cpu_m"":501,""mem_b"":177773409,""priority"":""3"",""node"":""kwok-node-15""},{""name"":""rs-02-p3-tz4h6"",""cpu_m"":501,""mem_b"":177773409,""priority"":""3"",""node"":""kwok-node-16""},{""name"":""rs-03-p1-d8qw4"",""cpu_m"":675,""mem_b"":982988462,""priority"":""1"",""node"":""""},{""name"":""rs-03-p1-wvftt"",""cpu_m"":675,""mem_b"":982988462,""priority"":""1"",""node"":""""},{""name"":""rs-04-p3-g7pgv"",""cpu_m"":878,""mem_b"":931759794,""priority"":""3"",""node"":""kwok-node-14""},{""name"":""rs-04-p3-jbgmq"",""cpu_m"":878,""mem_b"":931759794,""priority"":""3"",""node"":""kwok-node-10""},{""name"":""rs-05-p2-5p9lc"",""cpu_m"":769,""mem_b"":441550135,""priority"":""2"",""node"":""kwok-node-1""},{""name"":""rs-05-p2-xfb7x"",""cpu_m"":769,""mem_b"":441550135,""priority"":""2"",""node"":""kwok-node-22""},{""name"":""rs-06-p2-5pt46"",""cpu_m"":960,""mem_b"":345945216,""priority"":""2"",""node"":""kwok-node-27""},{""name"":""rs-06-p2-qgm7g"",""cpu_m"":960,""mem_b"":345945216,""priority"":""2"",""node"":""kwok-node-19""},{""name"":""rs-06-p2-z78g8"",""cpu_m"":960,""mem_b"":345945216,""priority"":""2"",""node"":""kwok-node-26""},{""name"":""rs-07-p1-bzc82"",""cpu_m"":984,""mem_b"":571458415,""priority"":""1"",""node"":""""},{""name"":""rs-07-p1-j8fr9"",""cpu_m"":984,""mem_b"":571458415,""priority"":""1"",""node"":""""},{""name"":""rs-07-p1-sb7sb"",""cpu_m"":984,""mem_b"":571458415,""priority"":""1"",""node"":""""},{""name"":""rs-07-p1-x7nln"",""cpu_m"":984,""mem_b"":571458415,""priority"":""1"",""node"":""""},{""name"":""rs-08-p3-dk55s"",""cpu_m"":379,""mem_b"":932926653,""priority"":""3"",""node"":""kwok-node-28""},{""name"":""rs-08-p3-dpsb9"",""cpu_m"":379,""mem_b"":932926653,""priority"":""3"",""node"":""kwok-node-13""},{""name"":""rs-08-p3-nkmlz"",""cpu_m"":379,""mem_b"":932926653,""priority"":""3"",""node"":""kwok-node-29""},{""name"":""rs-09-p1-wq82f"",""cpu_m"":613,""mem_b"":266728644,""priority"":""1"",""node"":""kwok-node-11""},{""name"":""rs-09-p1-z8crw"",""cpu_m"":613,""mem_b"":266728644,""priority"":""1"",""node"":""kwok-node-32""},{""name"":""rs-10-p3-x4fs6"",""cpu_m"":572,""mem_b"":988333119,""priority"":""3"",""node"":""kwok-node-3""},{""name"":""rs-11-p4-fpb9w"",""cpu_m"":592,""mem_b"":746504697,""priority"":""4"",""node"":""kwok-node-32""},{""name"":""rs-11-p4-twpqm"",""cpu_m"":592,""mem_b"":746504697,""priority"":""4"",""node"":""kwok-node-4""},{""name"":""rs-11-p4-zd4tb"",""cpu_m"":592,""mem_b"":746504697,""priority"":""4"",""node"":""kwok-node-31""},{""name"":""rs-12-p1-86hl9"",""cpu_m"":740,""mem_b"":550918240,""priority"":""1"",""node"":""""},{""name"":""rs-12-p1-f9n7r"",""cpu_m"":740,""mem_b"":550918240,""priority"":""1"",""node"":""kwok-node-15""},{""name"":""rs-12-p1-m9bp7"",""cpu_m"":740,""mem_b"":550918240,""priority"":""1"",""node"":""kwok-node-7""},{""name"":""rs-12-p1-q9tgn"",""cpu_m"":740,""mem_b"":550918240,""priority"":""1"",""node"":""kwok-node-6""},{""name"":""rs-13-p3-qbtrl"",""cpu_m"":705,""mem_b"":334284783,""priority"":""3"",""node"":""kwok-node-2""},{""name"":""rs-14-p3-45xwr"",""cpu_m"":607,""mem_b"":131533504,""priority"":""3"",""node"":""kwok-node-8""},{""name"":""rs-14-p3-pglk4"",""cpu_m"":607,""mem_b"":131533504,""priority"":""3"",""node"":""kwok-node-9""},{""name"":""rs-15-p2-dtqkm"",""cpu_m"":306,""mem_b"":818041356,""priority"":""2"",""node"":""kwok-node-9""},{""name"":""rs-15-p2-mb9qs"",""cpu_m"":306,""mem_b"":818041356,""priority"":""2"",""node"":""kwok-node-8""},{""name"":""rs-16-p2-cvx8p"",""cpu_m"":291,""mem_b"":248006896,""priority"":""2"",""node"":""kwok-node-18""},{""name"":""rs-16-p2-lv88g"",""cpu_m"":291,""mem_b"":248006896,""priority"":""2"",""node"":""kwok-node-15""},{""name"":""rs-16-p2-txgwx"",""cpu_m"":291,""mem_b"":248006896,""priority"":""2"",""node"":""kwok-node-16""},{""name"":""rs-17-p3-cx4r7"",""cpu_m"":619,""mem_b"":818966973,""priority"":""3"",""node"":""kwok-node-22""},{""name"":""rs-18-p3-22fr4"",""cpu_m"":816,""mem_b"":410195018,""priority"":""3"",""node"":""kwok-node-4""},{""name"":""rs-18-p3-5phbn"",""cpu_m"":816,""mem_b"":410195018,""priority"":""3"",""node"":""kwok-node-13""},{""name"":""rs-18-p3-7q8c6"",""cpu_m"":816,""mem_b"":410195018,""priority"":""3"",""node"":""kwok-node-28""},{""name"":""rs-18-p3-9tk7s"",""cpu_m"":816,""mem_b"":410195018,""priority"":""3"",""node"":""kwok-node-32""},{""name"":""rs-19-p3-7xg56"",""cpu_m"":882,""mem_b"":643293433,""priority"":""3"",""node"":""kwok-node-31""},{""name"":""rs-20-p1-5j6vb"",""cpu_m"":301,""mem_b"":858891780,""priority"":""1"",""node"":""kwok-node-26""},{""name"":""rs-20-p1-dvmw6"",""cpu_m"":301,""mem_b"":858891780,""priority"":""1"",""node"":""""},{""name"":""rs-20-p1-phfp2"",""cpu_m"":301,""mem_b"":858891780,""priority"":""1"",""node"":""kwok-node-27""},{""name"":""rs-21-p3-48bqj"",""cpu_m"":509,""mem_b"":212267640,""priority"":""3"",""node"":""kwok-node-29""},{""name"":""rs-21-p3-m5th6"",""cpu_m"":509,""mem_b"":212267640,""priority"":""3"",""node"":""kwok-node-12""},{""name"":""rs-22-p2-zlg2f"",""cpu_m"":666,""mem_b"":532636838,""priority"":""2"",""node"":""kwok-node-6""},{""name"":""rs-23-p3-nrtbx"",""cpu_m"":268,""mem_b"":522395368,""priority"":""3"",""node"":""kwok-node-1""},{""name"":""rs-24-p2-2mh6r"",""cpu_m"":704,""mem_b"":108208988,""priority"":""2"",""node"":""kwok-node-7""},{""name"":""rs-24-p2-bgjnc"",""cpu_m"":704,""mem_b"":108208988,""priority"":""2"",""node"":""kwok-node-20""},{""name"":""rs-24-p2-dbdw6"",""cpu_m"":704,""mem_b"":108208988,""priority"":""2"",""node"":""kwok-node-3""},{""name"":""rs-24-p2-l24ts"",""cpu_m"":704,""mem_b"":108208988,""priority"":""2"",""node"":""kwok-node-30""},{""name"":""rs-25-p2-5lql5"",""cpu_m"":447,""mem_b"":924145484,""priority"":""2"",""node"":""kwok-node-16""},{""name"":""rs-25-p2-rpmhb"",""cpu_m"":447,""mem_b"":924145484,""priority"":""2"",""node"":""kwok-node-15""},{""name"":""rs-26-p4-b9z7f"",""cpu_m"":738,""mem_b"":384897624,""priority"":""4"",""node"":""kwok-node-10""},{""name"":""rs-26-p4-kcltt"",""cpu_m"":738,""mem_b"":384897624,""priority"":""4"",""node"":""kwok-node-18""},{""name"":""rs-26-p4-m24vg"",""cpu_m"":738,""mem_b"":384897624,""priority"":""4"",""node"":""kwok-node-14""},{""name"":""rs-26-p4-mc6p7"",""cpu_m"":738,""mem_b"":384897624,""priority"":""4"",""node"":""kwok-node-5""},{""name"":""rs-27-p1-49bd2"",""cpu_m"":133,""mem_b"":560957644,""priority"":""1"",""node"":""kwok-node-1""},{""name"":""rs-27-p1-gqk7c"",""cpu_m"":133,""mem_b"":560957644,""priority"":""1"",""node"":""kwok-node-32""},{""name"":""rs-27-p1-lpk9c"",""cpu_m"":133,""mem_b"":560957644,""priority"":""1"",""node"":""kwok-node-19""},{""name"":""rs-27-p1-nlzq5"",""cpu_m"":133,""mem_b"":560957644,""priority"":""1"",""node"":""kwok-node-2""},{""name"":""rs-28-p1-pv8dn"",""cpu_m"":727,""mem_b"":523912798,""priority"":""1"",""node"":""kwok-node-12""},{""name"":""rs-28-p1-z7pdd"",""cpu_m"":727,""mem_b"":523912798,""priority"":""1"",""node"":""kwok-node-9""},{""name"":""rs-29-p2-6nxl9"",""cpu_m"":478,""mem_b"":370920065,""priority"":""2"",""node"":""kwok-node-21""},{""name"":""rs-29-p2-dj5zk"",""cpu_m"":478,""mem_b"":370920065,""priority"":""2"",""node"":""kwok-node-1""},{""name"":""rs-29-p2-g5srf"",""cpu_m"":478,""mem_b"":370920065,""priority"":""2"",""node"":""kwok-node-25""},{""name"":""rs-29-p2-wsrpl"",""cpu_m"":478,""mem_b"":370920065,""priority"":""2"",""node"":""kwok-node-11""},{""name"":""rs-30-p3-t7n8f"",""cpu_m"":423,""mem_b"":968876173,""priority"":""3"",""node"":""kwok-node-30""},{""name"":""rs-31-p2-4gbjt"",""cpu_m"":586,""mem_b"":259889777,""priority"":""2"",""node"":""kwok-node-23""},{""name"":""rs-31-p2-jn6sk"",""cpu_m"":586,""mem_b"":259889777,""priority"":""2"",""node"":""kwok-node-17""},{""name"":""rs-31-p2-s9zds"",""cpu_m"":586,""mem_b"":259889777,""priority"":""2"",""node"":""kwok-node-29""},{""name"":""rs-31-p2-wkplx"",""cpu_m"":586,""mem_b"":259889777,""priority"":""2"",""node"":""kwok-node-24""},{""name"":""rs-32-p3-hc824"",""cpu_m"":782,""mem_b"":590713320,""priority"":""3"",""node"":""kwok-node-2""},{""name"":""rs-32-p3-zt8ll"",""cpu_m"":782,""mem_b"":590713320,""priority"":""3"",""node"":""kwok-node-12""},{""name"":""rs-33-p3-2rrwt"",""cpu_m"":863,""mem_b"":772897509,""priority"":""3"",""node"":""kwok-node-27""},{""name"":""rs-33-p3-tck96"",""cpu_m"":863,""mem_b"":772897509,""priority"":""3"",""node"":""kwok-node-26""},{""name"":""rs-34-p3-6tcgf"",""cpu_m"":171,""mem_b"":955671235,""priority"":""3"",""node"":""kwok-node-21""},{""name"":""rs-34-p3-9bkw5"",""cpu_m"":171,""mem_b"":955671235,""priority"":""3"",""node"":""kwok-node-7""},{""name"":""rs-34-p3-wlw6m"",""cpu_m"":171,""mem_b"":955671235,""priority"":""3"",""node"":""kwok-node-11""},{""name"":""rs-35-p1-55vb8"",""cpu_m"":416,""mem_b"":152817995,""priority"":""1"",""node"":""kwok-node-23""},{""name"":""rs-35-p1-9b8r8"",""cpu_m"":416,""mem_b"":152817995,""priority"":""1"",""node"":""kwok-node-7""},{""name"":""rs-35-p1-hnlgg"",""cpu_m"":416,""mem_b"":152817995,""priority"":""1"",""node"":""kwok-node-17""},{""name"":""rs-35-p1-v8hw4"",""cpu_m"":416,""mem_b"":152817995,""priority"":""1"",""node"":""kwok-node-24""},{""name"":""rs-36-p1-fqp5z"",""cpu_m"":645,""mem_b"":975451845,""priority"":""1"",""node"":""""},{""name"":""rs-36-p1-lch42"",""cpu_m"":645,""mem_b"":975451845,""priority"":""1"",""node"":""""},{""name"":""rs-36-p1-lz2pm"",""cpu_m"":645,""mem_b"":975451845,""priority"":""1"",""node"":""""},{""name"":""rs-37-p1-bvlv4"",""cpu_m"":172,""mem_b"":744564273,""priority"":""1"",""node"":""kwok-node-20""},{""name"":""rs-37-p1-k2zdd"",""cpu_m"":172,""mem_b"":744564273,""priority"":""1"",""node"":""kwok-node-12""},{""name"":""rs-37-p1-x9kfv"",""cpu_m"":172,""mem_b"":744564273,""priority"":""1"",""node"":""kwok-node-18""},{""name"":""rs-38-p2-52vrd"",""cpu_m"":474,""mem_b"":347610247,""priority"":""2"",""node"":""kwok-node-19""},{""name"":""rs-38-p2-szrwr"",""cpu_m"":474,""mem_b"":347610247,""priority"":""2"",""node"":""kwok-node-29""},{""name"":""rs-38-p2-wld57"",""cpu_m"":474,""mem_b"":347610247,""priority"":""2"",""node"":""kwok-node-22""},{""name"":""rs-38-p2-zkpkk"",""cpu_m"":474,""mem_b"":347610247,""priority"":""2"",""node"":""kwok-node-31""},{""name"":""rs-39-p3-c4dqj"",""cpu_m"":501,""mem_b"":113680797,""priority"":""3"",""node"":""kwok-node-1""},{""name"":""rs-39-p3-cm5vx"",""cpu_m"":501,""mem_b"":113680797,""priority"":""3"",""node"":""kwok-node-25""},{""name"":""rs-39-p3-lcv7l"",""cpu_m"":501,""mem_b"":113680797,""priority"":""3"",""node"":""kwok-node-18""},{""name"":""rs-39-p3-sg4gw"",""cpu_m"":501,""mem_b"":113680797,""priority"":""3"",""node"":""kwok-node-20""},{""name"":""rs-40-p3-2mvk4"",""cpu_m"":850,""mem_b"":541131533,""priority"":""3"",""node"":""kwok-node-16""},{""name"":""rs-40-p3-qqqp5"",""cpu_m"":850,""mem_b"":541131533,""priority"":""3"",""node"":""kwok-node-21""},{""name"":""rs-40-p3-w7cqm"",""cpu_m"":850,""mem_b"":541131533,""priority"":""3"",""node"":""kwok-node-8""},{""name"":""rs-41-p3-2qbvt"",""cpu_m"":288,""mem_b"":505283410,""priority"":""3"",""node"":""kwok-node-14""},{""name"":""rs-41-p3-97fn5"",""cpu_m"":288,""mem_b"":505283410,""priority"":""3"",""node"":""kwok-node-23""},{""name"":""rs-41-p3-n5b7k"",""cpu_m"":288,""mem_b"":505283410,""priority"":""3"",""node"":""kwok-node-10""},{""name"":""rs-41-p3-npwqn"",""cpu_m"":288,""mem_b"":505283410,""priority"":""3"",""node"":""kwok-node-24""},{""name"":""rs-42-p2-2npfv"",""cpu_m"":354,""mem_b"":560157479,""priority"":""2"",""node"":""kwok-node-9""},{""name"":""rs-42-p2-cgxb9"",""cpu_m"":354,""mem_b"":560157479,""priority"":""2"",""node"":""kwok-node-8""},{""name"":""rs-42-p2-rnhbb"",""cpu_m"":354,""mem_b"":560157479,""priority"":""2"",""node"":""kwok-node-17""},{""name"":""rs-43-p2-l4mvj"",""cpu_m"":995,""mem_b"":507281241,""priority"":""2"",""node"":""kwok-node-28""},{""name"":""rs-43-p2-wcxqf"",""cpu_m"":995,""mem_b"":507281241,""priority"":""2"",""node"":""kwok-node-13""},{""name"":""rs-44-p2-2xj28"",""cpu_m"":413,""mem_b"":816279666,""priority"":""2"",""node"":""kwok-node-5""},{""name"":""rs-44-p2-752p7"",""cpu_m"":413,""mem_b"":816279666,""priority"":""2"",""node"":""kwok-node-6""},{""name"":""rs-44-p2-ntc9d"",""cpu_m"":413,""mem_b"":816279666,""priority"":""2"",""node"":""kwok-node-19""},{""name"":""rs-44-p2-r92zb"",""cpu_m"":413,""mem_b"":816279666,""priority"":""2"",""node"":""kwok-node-4""},{""name"":""rs-45-p2-45lst"",""cpu_m"":807,""mem_b"":889131437,""priority"":""2"",""node"":""kwok-node-25""},{""name"":""rs-45-p2-9fxjv"",""cpu_m"":807,""mem_b"":889131437,""priority"":""2"",""node"":""kwok-node-20""},{""name"":""rs-45-p2-cd94c"",""cpu_m"":807,""mem_b"":889131437,""priority"":""2"",""node"":""kwok-node-24""},{""name"":""rs-45-p2-jz5sl"",""cpu_m"":807,""mem_b"":889131437,""priority"":""2"",""node"":""kwok-node-17""},{""name"":""rs-46-p4-ctvj7"",""cpu_m"":902,""mem_b"":873381299,""priority"":""4"",""node"":""kwok-node-3""},{""name"":""rs-46-p4-f467t"",""cpu_m"":902,""mem_b"":873381299,""priority"":""4"",""node"":""kwok-node-23""},{""name"":""rs-46-p4-pzs7j"",""cpu_m"":902,""mem_b"":873381299,""priority"":""4"",""node"":""kwok-node-30""},{""name"":""rs-46-p4-qrrh5"",""cpu_m"":902,""mem_b"":873381299,""priority"":""4"",""node"":""kwok-node-5""},{""name"":""rs-47-p1-h7rbz"",""cpu_m"":325,""mem_b"":584037478,""priority"":""1"",""node"":""kwok-node-25""}]","[{""name"":""rs-01-p3-7ph6m"",""cpu_m"":494,""mem_b"":526520722,""priority"":""3"",""node"":""kwok-node-2""},{""name"":""rs-01-p3-cfhgs"",""cpu_m"":494,""mem_b"":526520722,""priority"":""3"",""node"":""kwok-node-18""},{""name"":""rs-02-p3-5vp9p"",""cpu_m"":501,""mem_b"":177773409,""priority"":""3"",""node"":""kwok-node-21""},{""name"":""rs-02-p3-prmmz"",""cpu_m"":501,""mem_b"":177773409,""priority"":""3"",""node"":""kwok-node-11""},{""name"":""rs-02-p3-rft4f"",""cpu_m"":501,""mem_b"":177773409,""priority"":""3"",""node"":""kwok-node-15""},{""name"":""rs-02-p3-tz4h6"",""cpu_m"":501,""mem_b"":177773409,""priority"":""3"",""node"":""kwok-node-16""},{""name"":""rs-03-p1-bcd6z"",""cpu_m"":675,""mem_b"":982988462,""priority"":""1"",""node"":""kwok-node-20""},{""name"":""rs-03-p1-klm6j"",""cpu_m"":675,""mem_b"":982988462,""priority"":""1"",""node"":""kwok-node-12""},{""name"":""rs-04-p3-g7pgv"",""cpu_m"":878,""mem_b"":931759794,""priority"":""3"",""node"":""kwok-node-14""},{""name"":""rs-04-p3-jbgmq"",""cpu_m"":878,""mem_b"":931759794,""priority"":""3"",""node"":""kwok-node-10""},{""name"":""rs-05-p2-5p9lc"",""cpu_m"":769,""mem_b"":441550135,""priority"":""2"",""node"":""kwok-node-1""},{""name"":""rs-05-p2-xfb7x"",""cpu_m"":769,""mem_b"":441550135,""priority"":""2"",""node"":""kwok-node-22""},{""name"":""rs-06-p2-5pt46"",""cpu_m"":960,""mem_b"":345945216,""priority"":""2"",""node"":""kwok-node-27""},{""name"":""rs-06-p2-qgm7g"",""cpu_m"":960,""mem_b"":345945216,""priority"":""2"",""node"":""kwok-node-19""},{""name"":""rs-06-p2-z78g8"",""cpu_m"":960,""mem_b"":345945216,""priority"":""2"",""node"":""kwok-node-26""},{""name"":""rs-07-p1-gg6cn"",""cpu_m"":984,""mem_b"":571458415,""priority"":""1"",""node"":""kwok-node-17""},{""name"":""rs-07-p1-hj8h9"",""cpu_m"":984,""mem_b"":571458415,""priority"":""1"",""node"":""kwok-node-25""},{""name"":""rs-07-p1-qrg9f"",""cpu_m"":984,""mem_b"":571458415,""priority"":""1"",""node"":""kwok-node-24""},{""name"":""rs-07-p1-slh9c"",""cpu_m"":984,""mem_b"":571458415,""priority"":""1"",""node"":""kwok-node-23""},{""name"":""rs-08-p3-dk55s"",""cpu_m"":379,""mem_b"":932926653,""priority"":""3"",""node"":""kwok-node-28""},{""name"":""rs-08-p3-dpsb9"",""cpu_m"":379,""mem_b"":932926653,""priority"":""3"",""node"":""kwok-node-13""},{""name"":""rs-08-p3-nkmlz"",""cpu_m"":379,""mem_b"":932926653,""priority"":""3"",""node"":""kwok-node-29""},{""name"":""rs-09-p1-k4nhl"",""cpu_m"":613,""mem_b"":266728644,""priority"":""1"",""node"":""kwok-node-21""},{""name"":""rs-09-p1-wq82f"",""cpu_m"":613,""mem_b"":266728644,""priority"":""1"",""node"":""kwok-node-11""},{""name"":""rs-10-p3-x4fs6"",""cpu_m"":572,""mem_b"":988333119,""priority"":""3"",""node"":""kwok-node-3""},{""name"":""rs-11-p4-fpb9w"",""cpu_m"":592,""mem_b"":746504697,""priority"":""4"",""node"":""kwok-node-32""},{""name"":""rs-11-p4-twpqm"",""cpu_m"":592,""mem_b"":746504697,""priority"":""4"",""node"":""kwok-node-4""},{""name"":""rs-11-p4-zd4tb"",""cpu_m"":592,""mem_b"":746504697,""priority"":""4"",""node"":""kwok-node-31""},{""name"":""rs-12-p1-5s8jg"",""cpu_m"":740,""mem_b"":550918240,""priority"":""1"",""node"":""kwok-node-5""},{""name"":""rs-12-p1-m9bp7"",""cpu_m"":740,""mem_b"":550918240,""priority"":""1"",""node"":""kwok-node-7""},{""name"":""rs-12-p1-q9hql"",""cpu_m"":740,""mem_b"":550918240,""priority"":""1"",""node"":""kwok-node-30""},{""name"":""rs-12-p1-q9tgn"",""cpu_m"":740,""mem_b"":550918240,""priority"":""1"",""node"":""kwok-node-6""},{""name"":""rs-13-p3-qbtrl"",""cpu_m"":705,""mem_b"":334284783,""priority"":""3"",""node"":""kwok-node-2""},{""name"":""rs-14-p3-45xwr"",""cpu_m"":607,""mem_b"":131533504,""priority"":""3"",""node"":""kwok-node-8""},{""name"":""rs-14-p3-pglk4"",""cpu_m"":607,""mem_b"":131533504,""priority"":""3"",""node"":""kwok-node-9""},{""name"":""rs-15-p2-dtqkm"",""cpu_m"":306,""mem_b"":818041356,""priority"":""2"",""node"":""kwok-node-9""},{""name"":""rs-15-p2-mb9qs"",""cpu_m"":306,""mem_b"":818041356,""priority"":""2"",""node"":""kwok-node-8""},{""name"":""rs-16-p2-cvx8p"",""cpu_m"":291,""mem_b"":248006896,""priority"":""2"",""node"":""kwok-node-18""},{""name"":""rs-16-p2-lv88g"",""cpu_m"":291,""mem_b"":248006896,""priority"":""2"",""node"":""kwok-node-15""},{""name"":""rs-16-p2-txgwx"",""cpu_m"":291,""mem_b"":248006896,""priority"":""2"",""node"":""kwok-node-16""},{""name"":""rs-17-p3-cx4r7"",""cpu_m"":619,""mem_b"":818966973,""priority"":""3"",""node"":""kwok-node-22""},{""name"":""rs-18-p3-22fr4"",""cpu_m"":816,""mem_b"":410195018,""priority"":""3"",""node"":""kwok-node-4""},{""name"":""rs-18-p3-5phbn"",""cpu_m"":816,""mem_b"":410195018,""priority"":""3"",""node"":""kwok-node-13""},{""name"":""rs-18-p3-7q8c6"",""cpu_m"":816,""mem_b"":410195018,""priority"":""3"",""node"":""kwok-node-28""},{""name"":""rs-18-p3-9tk7s"",""cpu_m"":816,""mem_b"":410195018,""priority"":""3"",""node"":""kwok-node-32""},{""name"":""rs-19-p3-7xg56"",""cpu_m"":882,""mem_b"":643293433,""priority"":""3"",""node"":""kwok-node-31""},{""name"":""rs-20-p1-5j6vb"",""cpu_m"":301,""mem_b"":858891780,""priority"":""1"",""node"":""kwok-node-26""},{""name"":""rs-20-p1-phfp2"",""cpu_m"":301,""mem_b"":858891780,""priority"":""1"",""node"":""kwok-node-27""},{""name"":""rs-20-p1-rfgds"",""cpu_m"":301,""mem_b"":858891780,""priority"":""1"",""node"":""kwok-node-19""},{""name"":""rs-21-p3-48bqj"",""cpu_m"":509,""mem_b"":212267640,""priority"":""3"",""node"":""kwok-node-29""},{""name"":""rs-21-p3-m5th6"",""cpu_m"":509,""mem_b"":212267640,""priority"":""3"",""node"":""kwok-node-12""},{""name"":""rs-22-p2-zlg2f"",""cpu_m"":666,""mem_b"":532636838,""priority"":""2"",""node"":""kwok-node-6""},{""name"":""rs-23-p3-nrtbx"",""cpu_m"":268,""mem_b"":522395368,""priority"":""3"",""node"":""kwok-node-1""},{""name"":""rs-24-p2-2mh6r"",""cpu_m"":704,""mem_b"":108208988,""priority"":""2"",""node"":""kwok-node-7""},{""name"":""rs-24-p2-bgjnc"",""cpu_m"":704,""mem_b"":108208988,""priority"":""2"",""node"":""kwok-node-20""},{""name"":""rs-24-p2-dbdw6"",""cpu_m"":704,""mem_b"":108208988,""priority"":""2"",""node"":""kwok-node-3""},{""name"":""rs-24-p2-l24ts"",""cpu_m"":704,""mem_b"":108208988,""priority"":""2"",""node"":""kwok-node-30""},{""name"":""rs-25-p2-5lql5"",""cpu_m"":447,""mem_b"":924145484,""priority"":""2"",""node"":""kwok-node-16""},{""name"":""rs-25-p2-rpmhb"",""cpu_m"":447,""mem_b"":924145484,""priority"":""2"",""node"":""kwok-node-15""},{""name"":""rs-26-p4-b9z7f"",""cpu_m"":738,""mem_b"":384897624,""priority"":""4"",""node"":""kwok-node-10""},{""name"":""rs-26-p4-kcltt"",""cpu_m"":738,""mem_b"":384897624,""priority"":""4"",""node"":""kwok-node-18""},{""name"":""rs-26-p4-m24vg"",""cpu_m"":738,""mem_b"":384897624,""priority"":""4"",""node"":""kwok-node-14""},{""name"":""rs-26-p4-mc6p7"",""cpu_m"":738,""mem_b"":384897624,""priority"":""4"",""node"":""kwok-node-5""},{""name"":""rs-27-p1-hbkvr"",""cpu_m"":133,""mem_b"":560957644,""priority"":""1"",""node"":""kwok-node-24""},{""name"":""rs-27-p1-pkmqn"",""cpu_m"":133,""mem_b"":560957644,""priority"":""1"",""node"":""kwok-node-25""},{""name"":""rs-27-p1-r4k2m"",""cpu_m"":133,""mem_b"":560957644,""priority"":""1"",""node"":""kwok-node-17""},{""name"":""rs-27-p1-sh8pp"",""cpu_m"":133,""mem_b"":560957644,""priority"":""1"",""node"":""kwok-node-23""},{""name"":""rs-28-p1-qzplk"",""cpu_m"":727,""mem_b"":523912798,""priority"":""1"",""node"":""kwok-node-8""},{""name"":""rs-28-p1-z7pdd"",""cpu_m"":727,""mem_b"":523912798,""priority"":""1"",""node"":""kwok-node-9""},{""name"":""rs-29-p2-6nxl9"",""cpu_m"":478,""mem_b"":370920065,""priority"":""2"",""node"":""kwok-node-21""},{""name"":""rs-29-p2-dj5zk"",""cpu_m"":478,""mem_b"":370920065,""priority"":""2"",""node"":""kwok-node-1""},{""name"":""rs-29-p2-g5srf"",""cpu_m"":478,""mem_b"":370920065,""priority"":""2"",""node"":""kwok-node-25""},{""name"":""rs-29-p2-wsrpl"",""cpu_m"":478,""mem_b"":370920065,""priority"":""2"",""node"":""kwok-node-11""},{""name"":""rs-30-p3-t7n8f"",""cpu_m"":423,""mem_b"":968876173,""priority"":""3"",""node"":""kwok-node-30""},{""name"":""rs-31-p2-4gbjt"",""cpu_m"":586,""mem_b"":259889777,""priority"":""2"",""node"":""kwok-node-23""},{""name"":""rs-31-p2-jn6sk"",""cpu_m"":586,""mem_b"":259889777,""priority"":""2"",""node"":""kwok-node-17""},{""name"":""rs-31-p2-s9zds"",""cpu_m"":586,""mem_b"":259889777,""priority"":""2"",""node"":""kwok-node-29""},{""name"":""rs-31-p2-wkplx"",""cpu_m"":586,""mem_b"":259889777,""priority"":""2"",""node"":""kwok-node-24""},{""name"":""rs-32-p3-hc824"",""cpu_m"":782,""mem_b"":590713320,""priority"":""3"",""node"":""kwok-node-2""},{""name"":""rs-32-p3-zt8ll"",""cpu_m"":782,""mem_b"":590713320,""priority"":""3"",""node"":""kwok-node-12""},{""name"":""rs-33-p3-2rrwt"",""cpu_m"":863,""mem_b"":772897509,""priority"":""3"",""node"":""kwok-node-27""},{""name"":""rs-33-p3-tck96"",""cpu_m"":863,""mem_b"":772897509,""priority"":""3"",""node"":""kwok-node-26""},{""name"":""rs-34-p3-6tcgf"",""cpu_m"":171,""mem_b"":955671235,""priority"":""3"",""node"":""kwok-node-21""},{""name"":""rs-34-p3-9bkw5"",""cpu_m"":171,""mem_b"":955671235,""priority"":""3"",""node"":""kwok-node-7""},{""name"":""rs-34-p3-wlw6m"",""cpu_m"":171,""mem_b"":955671235,""priority"":""3"",""node"":""kwok-node-11""},{""name"":""rs-35-p1-b8rsf"",""cpu_m"":416,""mem_b"":152817995,""priority"":""1"",""node"":""kwok-node-13""},{""name"":""rs-35-p1-fhh4m"",""cpu_m"":416,""mem_b"":152817995,""priority"":""1"",""node"":""kwok-node-28""},{""name"":""rs-35-p1-jwvb6"",""cpu_m"":416,""mem_b"":152817995,""priority"":""1"",""node"":""kwok-node-15""},{""name"":""rs-35-p1-l8xcw"",""cpu_m"":416,""mem_b"":152817995,""priority"":""1"",""node"":""kwok-node-16""},{""name"":""rs-36-p1-95nvg"",""cpu_m"":645,""mem_b"":975451845,""priority"":""1"",""node"":""kwok-node-5""},{""name"":""rs-36-p1-dbg8n"",""cpu_m"":645,""mem_b"":975451845,""priority"":""1"",""node"":""kwok-node-6""},{""name"":""rs-36-p1-jwffr"",""cpu_m"":645,""mem_b"":975451845,""priority"":""1"",""node"":""kwok-node-3""},{""name"":""rs-37-p1-9qhvq"",""cpu_m"":172,""mem_b"":744564273,""priority"":""1"",""node"":""kwok-node-4""},{""name"":""rs-37-p1-bvlv4"",""cpu_m"":172,""mem_b"":744564273,""priority"":""1"",""node"":""kwok-node-20""},{""name"":""rs-37-p1-tb4bn"",""cpu_m"":172,""mem_b"":744564273,""priority"":""1"",""node"":""kwok-node-32""},{""name"":""rs-38-p2-52vrd"",""cpu_m"":474,""mem_b"":347610247,""priority"":""2"",""node"":""kwok-node-19""},{""name"":""rs-38-p2-szrwr"",""cpu_m"":474,""mem_b"":347610247,""priority"":""2"",""node"":""kwok-node-29""},{""name"":""rs-38-p2-wld57"",""cpu_m"":474,""mem_b"":347610247,""priority"":""2"",""node"":""kwok-node-22""},{""name"":""rs-38-p2-zkpkk"",""cpu_m"":474,""mem_b"":347610247,""priority"":""2"",""node"":""kwok-node-31""},{""name"":""rs-39-p3-c4dqj"",""cpu_m"":501,""mem_b"":113680797,""priority"":""3"",""node"":""kwok-node-1""},{""name"":""rs-39-p3-cm5vx"",""cpu_m"":501,""mem_b"":113680797,""priority"":""3"",""node"":""kwok-node-25""},{""name"":""rs-39-p3-lcv7l"",""cpu_m"":501,""mem_b"":113680797,""priority"":""3"",""node"":""kwok-node-18""},{""name"":""rs-39-p3-sg4gw"",""cpu_m"":501,""mem_b"":113680797,""priority"":""3"",""node"":""kwok-node-20""},{""name"":""rs-40-p3-2mvk4"",""cpu_m"":850,""mem_b"":541131533,""priority"":""3"",""node"":""""},{""name"":""rs-40-p3-qqqp5"",""cpu_m"":850,""mem_b"":541131533,""priority"":""3"",""node"":""""},{""name"":""rs-40-p3-w7cqm"",""cpu_m"":850,""mem_b"":541131533,""priority"":""3"",""node"":""""},{""name"":""rs-41-p3-2qbvt"",""cpu_m"":288,""mem_b"":505283410,""priority"":""3"",""node"":""kwok-node-14""},{""name"":""rs-41-p3-97fn5"",""cpu_m"":288,""mem_b"":505283410,""priority"":""3"",""node"":""kwok-node-23""},{""name"":""rs-41-p3-n5b7k"",""cpu_m"":288,""mem_b"":505283410,""priority"":""3"",""node"":""kwok-node-10""},{""name"":""rs-41-p3-npwqn"",""cpu_m"":288,""mem_b"":505283410,""priority"":""3"",""node"":""kwok-node-24""},{""name"":""rs-42-p2-2npfv"",""cpu_m"":354,""mem_b"":560157479,""priority"":""2"",""node"":""kwok-node-9""},{""name"":""rs-42-p2-cgxb9"",""cpu_m"":354,""mem_b"":560157479,""priority"":""2"",""node"":""kwok-node-8""},{""name"":""rs-42-p2-rnhbb"",""cpu_m"":354,""mem_b"":560157479,""priority"":""2"",""node"":""kwok-node-17""},{""name"":""rs-43-p2-l4mvj"",""cpu_m"":995,""mem_b"":507281241,""priority"":""2"",""node"":""""},{""name"":""rs-43-p2-wcxqf"",""cpu_m"":995,""mem_b"":507281241,""priority"":""2"",""node"":""""},{""name"":""rs-44-p2-2xj28"",""cpu_m"":413,""mem_b"":816279666,""priority"":""2"",""node"":""""},{""name"":""rs-44-p2-752p7"",""cpu_m"":413,""mem_b"":816279666,""priority"":""2"",""node"":""""},{""name"":""rs-44-p2-ntc9d"",""cpu_m"":413,""mem_b"":816279666,""priority"":""2"",""node"":""""},{""name"":""rs-44-p2-r92zb"",""cpu_m"":413,""mem_b"":816279666,""priority"":""2"",""node"":""""},{""name"":""rs-45-p2-45lst"",""cpu_m"":807,""mem_b"":889131437,""priority"":""2"",""node"":""""},{""name"":""rs-45-p2-9fxjv"",""cpu_m"":807,""mem_b"":889131437,""priority"":""2"",""node"":""""},{""name"":""rs-45-p2-cd94c"",""cpu_m"":807,""mem_b"":889131437,""priority"":""2"",""node"":""""},{""name"":""rs-45-p2-jz5sl"",""cpu_m"":807,""mem_b"":889131437,""priority"":""2"",""node"":""""},{""name"":""rs-46-p4-ctvj7"",""cpu_m"":902,""mem_b"":873381299,""priority"":""4"",""node"":""""},{""name"":""rs-46-p4-f467t"",""cpu_m"":902,""mem_b"":873381299,""priority"":""4"",""node"":""""},{""name"":""rs-46-p4-pzs7j"",""cpu_m"":902,""mem_b"":873381299,""priority"":""4"",""node"":""""},{""name"":""rs-46-p4-qrrh5"",""cpu_m"":902,""mem_b"":873381299,""priority"":""4"",""node"":""""},{""name"":""rs-47-p1-h7rbz"",""cpu_m"":325,""mem_b"":584037478,""priority"":""1"",""node"":""""}]","[{""name"":""kwok-node-1"",""cap_cpu_m"":2199,""cap_mem_bytes"":2076037986},{""name"":""kwok-node-2"",""cap_cpu_m"":2199,""cap_mem_bytes"":2076037986},{""name"":""kwok-node-3"",""cap_cpu_m"":2199,""cap_mem_bytes"":2076037986},{""name"":""kwok-node-4"",""cap_cpu_m"":2199,""cap_mem_bytes"":2076037986},{""name"":""kwok-node-5"",""cap_cpu_m"":2199,""cap_mem_bytes"":2076037986},{""name"":""kwok-node-6"",""cap_cpu_m"":2199,""cap_mem_bytes"":2076037986},{""name"":""kwok-node-7"",""cap_cpu_m"":2199,""cap_mem_bytes"":2076037986},{""name"":""kwok-node-8"",""cap_cpu_m"":2199,""cap_mem_bytes"":2076037986},{""name"":""kwok-node-9"",""cap_cpu_m"":2199,""cap_mem_bytes"":2076037986},{""name"":""kwok-node-10"",""cap_cpu_m"":2199,""cap_mem_bytes"":2076037986},{""name"":""kwok-node-11"",""cap_cpu_m"":2199,""cap_mem_bytes"":2076037986},{""name"":""kwok-node-12"",""cap_cpu_m"":2199,""cap_mem_bytes"":2076037986},{""name"":""kwok-node-13"",""cap_cpu_m"":2199,""cap_mem_bytes"":2076037986},{""name"":""kwok-node-14"",""cap_cpu_m"":2199,""cap_mem_bytes"":2076037986},{""name"":""kwok-node-15"",""cap_cpu_m"":2199,""cap_mem_bytes"":2076037986},{""name"":""kwok-node-16"",""cap_cpu_m"":2199,""cap_mem_bytes"":2076037986},{""name"":""kwok-node-17"",""cap_cpu_m"":2199,""cap_mem_bytes"":2076037986},{""name"":""kwok-node-18"",""cap_cpu_m"":2199,""cap_mem_bytes"":2076037986},{""name"":""kwok-node-19"",""cap_cpu_m"":2199,""cap_mem_bytes"":2076037986},{""name"":""kwok-node-20"",""cap_cpu_m"":2199,""cap_mem_bytes"":2076037986},{""name"":""kwok-node-21"",""cap_cpu_m"":2199,""cap_mem_bytes"":2076037986},{""name"":""kwok-node-22"",""cap_cpu_m"":2199,""cap_mem_bytes"":2076037986},{""name"":""kwok-node-23"",""cap_cpu_m"":2199,""cap_mem_bytes"":2076037986},{""name"":""kwok-node-24"",""cap_cpu_m"":2199,""cap_mem_bytes"":2076037986},{""name"":""kwok-node-25"",""cap_cpu_m"":2199,""cap_mem_bytes"":2076037986},{""name"":""kwok-node-26"",""cap_cpu_m"":2199,""cap_mem_bytes"":2076037986},{""name"":""kwok-node-27"",""cap_cpu_m"":2199,""cap_mem_bytes"":2076037986},{""name"":""kwok-node-28"",""cap_cpu_m"":2199,""cap_mem_bytes"":2076037986},{""name"":""kwok-node-29"",""cap_cpu_m"":2199,""cap_mem_bytes"":2076037986},{""name"":""kwok-node-30"",""cap_cpu_m"":2199,""cap_mem_bytes"":2076037986},{""name"":""kwok-node-31"",""cap_cpu_m"":2199,""cap_mem_bytes"":2076037986},{""name"":""kwok-node-32"",""cap_cpu_m"":2199,""cap_mem_bytes"":2076037986}]"
2026/02/11/12:00:12,5210833456475221841,,"{""evicted"":0,""moved"":0,""placed_by_priority"":{""1"":17,""2"":35,""3"":18,""4"":34}}",python,"{""evicted"":7,""moved"":8,""placed_by_priority"":{""1"":14,""2"":41,""3"":21,""4"":38}}",692,FEASIBLE,"[{""duration_ms"":692,""name"":""python"",""score"":{""evicted"":7,""moved"":8,""placed_by_priority"":{""1"":14,""2"":41,""3"":21,""4"":38}},""status"":""FEASIBLE""}]",0.880,0.809,0.889,0.830,52900,48632,54950940428,51342141243,114,104,14,24,"{""kwok-node-1"":3,""kwok-node-10"":3,""kwok-node-11"":3,""kwok-node-12"":2,""kwok-node-13"":2,""kwok-node-14"":4,""kwok-node-15"":2,""kwok-node-16"":4,""kwok-node-17"":4,""kwok-node-18"":4,""kwok-node-19"":2,""kwok-node-2"":4,""kwok-node-20"":4,""kwok-node-21"":4,""kwok-node-22"":4,""kwok-node-23"":4,""kwok-node-24"":4,""kwok-node-25"":3,""kwok-node-26"":4,""kwok-node-27"":4,""kwok-node-28"":4,""kwok-node-29"":3,""kwok-node-3"":3,""kwok-node-30"":4,""kwok-node-31"":5,""kwok-node-32"":4,""kwok-node-4"":4,""kwok-node-5"":4,""kwok-node-6"":3,""kwok-node-7"":5,""kwok-node-8"":3,""kwok-node-9"":4}","{""kwok-node-1"":3,""kwok-node-10"":3,""kwok-node-11"":3,""kwok-node-12"":2,""kwok-node-13"":2,""kwok-node-14"":4,""kwok-node-15"":2,""kwok-node-16"":4,""kwok-node-17"":3,""kwok-node-18"":4,""kwok-node-19"":2,""kwok-node-2"":3,""kwok-node-20"":3,""kwok-node-21"":3,""kwok-node-22"":3,""kwok-node-23"":3,""kwok-node-24"":3,""kwok-node-25"":3,""kwok-node-26"":3,""kwok-node-27"":4,""kwok-node-28"":3,""kwok-node-29"":3,""kwok-node-3"":3,""kwok-node-30"":4,""kwok-node-31"":5,""kwok-node-32"":4,""kwok-node-4"":4,""kwok-node-5"":4,""kwok-node-6"":3,""kwok-node-7"":5,""kwok-node-8"":3,""kwok-node-9"":3}","{""p1"":14,""p2"":41,""p3"":21,""p4"":38}","{""p1"":17,""p2"":35,""p3"":18,""p4"":34}","{""p1"":14}","{""p1"":11,""p2"":6,""p3"":3,""p4"":4}","{rs-06-p1-lw2j4,rs-07-p1-9mbwv,rs-07-p1-9z8nf,rs-07-p1-hnczz,rs-07-p1-ktjmz,rs-10-p1-sf4qg,rs-15-p1-f4k92,rs-44-p1-8s88t,rs-44-p1-p4sd7,rs-44-p1-plxrp,rs-46-p1-hnc8d,rs-46-p1-mzztk,rs-46-p1-pwcn4,rs-46-p1-tzsww}","{rs-40-p4-2knwc,rs-40-p4-lmndc,rs-44-p1-8s88t,rs-44-p1-p4sd7,rs-44-p1-plxrp,rs-46-p1-hnc8d,rs-46-p1-mzztk,rs-46-p1-pwcn4,rs-46-p1-tzsww,rs-47-p3-5zzxl,rs-47-p3-dbvs4,rs-47-p3-l59fd,rs-48-p2-p4s9v,rs-48-p2-vwhfw,rs-49-p4-kwg8t,rs-49-p4-kz9jh,rs-50-p1-6rndq,rs-50-p1-mfgfk,rs-50-p1-rxn97,rs-50-p1-s9hg9,rs-51-p2-gwz75,rs-52-p2-9cqcd,rs-52-p2-9qlpb,rs-52-p2-m84wn}","{rs-01-p3-mgn2m,rs-02-p3-qlb8c,rs-02-p3-qlzzm,rs-02-p3-rz6xw,rs-03-p2-6rkbn,rs-03-p2-c5xwp,rs-03-p2-j2t5m,rs-03-p2-vlg8l,rs-04-p4-27ps2,rs-04-p4-6pqbn,rs-04-p4-jx5kj,rs-05-p4-pghqt,rs-08-p3-95g7h,rs-08-p3-f8rfr,rs-08-p3-mn27m,rs-08-p3-xjklz,rs-09-p4-c4qw4,rs-09-p4-c7f82,rs-09-p4-gdd8p,rs-09-p4-rq5dc,rs-11-p1-4mtmm,rs-11-p1-9689p,rs-11-p1-rffnd,rs-12-p4-b8vl6,rs-13-p2-w7nd2,rs-13-p2-xq9wn,rs-14-p4-87szf,rs-16-p2-httsf,rs-16-p2-n7vsf,rs-17-p4-g4f4p,rs-18-p3-6s2xz,rs-18-p3-jh5fq,rs-19-p2-4gvfq,rs-19-p2-d9zlr,rs-20-p3-d55k6,rs-21-p4-tc97p,rs-22-p4-f7vpt,rs-22-p4-t4f2g,rs-23-p2-58xqs,rs-23-p2-pfr9h,rs-23-p2-psggz,rs-24-p1-t8qwc,rs-25-p2-8kpmk,rs-25-p2-hndlw,rs-26-p3-b6kmd,rs-26-p3-gx2f9,rs-26-p3-kc6dh,rs-26-p3-p9kf5,rs-27-p4-th88p,rs-27-p4-vplb4,rs-27-p4-zxqzp,rs-28-p3-gnd7w,rs-28-p3-jwqgb,rs-28-p3-rrcvc,rs-29-p2-p5ktl,rs-29-p2-sh6wz,rs-29-p2-zwv6h,rs-30-p2-2dr6d,rs-30-p2-n9nb8,rs-30-p2-pcktc,rs-31-p2-cf4f8,rs-31-p2-f5w8d,rs-31-p2-jrhhz,rs-31-p2-xfb7s,rs-32-p2-4lhbh,rs-32-p2-5j966,rs-32-p2-d6sb4,rs-32-p2-mxwfq,rs-33-p1-5qw9g,rs-34-p2-6ggfh,rs-34-p2-mjcdz,rs-35-p1-mxmw4,rs-36-p2-cj66t,rs-36-p2-lhsw6,rs-36-p2-x9jsx,rs-36-p2-xtpq8,rs-37-p4-8bkg9,rs-37-p4-8c69x,rs-37-p4-g29fd,rs-38-p4-22vwv,rs-38-p4-4lkbf,rs-38-p4-5dn24,rs-38-p4-r9cst,rs-39-p1-d8qql,rs-39-p1-l5gp5,rs-39-p1-wbd6k,rs-40-p4-2knwc,rs-40-p4-lmndc,rs-41-p1-cr9n7,rs-42-p4-6xdwf,rs-42-p4-79qhx,rs-42-p4-8n52p,rs-42-p4-vkvzh,rs-43-p4-2zcsr,rs-43-p4-n8xw7,rs-43-p4-qk46n,rs-43-p4-xbbpx,rs-45-p4-2sr2t,rs-45-p4-4t5l5,rs-47-p3-5zzxl,rs-47-p3-dbvs4,rs-47-p3-l59fd,rs-48-p2-p4s9v,rs-48-p2-vwhfw,rs-49-p4-kwg8t,rs-49-p4-kz9jh,rs-50-p1-6rndq,rs-50-p1-mfgfk,rs-50-p1-rxn97,rs-50-p1-s9hg9,rs-51-p2-gwz75,rs-52-p2-9cqcd,rs-52-p2-9qlpb,rs-52-p2-m84wn}","{rs-01-p3-mgn2m,rs-02-p3-qlb8c,rs-02-p3-qlzzm,rs-02-p3-rz6xw,rs-03-p2-6rkbn,rs-03-p2-c5xwp,rs-03-p2-j2t5m,rs-03-p2-vlg8l,rs-04-p4-27ps2,rs-04-p4-6pqbn,rs-04-p4-jx5kj,rs-05-p4-pghqt,rs-06-p1-rt778,rs-07-p1-5flrd,rs-07-p1-kmhr6,rs-07-p1-vb7r5,rs-07-p1-wvts7,rs-08-p3-95g7h,rs-08-p3-f8rfr,rs-08-p3-mn27m,rs-08-p3-xjklz,rs-09-p4-c4qw4,rs-09-p4-c7f82,rs-09-p4-gdd8p,rs-09-p4-rq5dc,rs-10-p1-lwpjd,rs-11-p1-2g6rl,rs-11-p1-2v4xj,rs-11-p1-rvsrl,rs-12-p4-b8vl6,rs-13-p2-w7nd2,rs-13-p2-xq9wn,rs-14-p4-87szf,rs-15-p1-ztw5n,rs-16-p2-httsf,rs-16-p2-n7vsf,rs-17-p4-g4f4p,rs-18-p3-6s2xz,rs-18-p3-jh5fq,rs-19-p2-4gvfq,rs-19-p2-d9zlr,rs-20-p3-d55k6,rs-21-p4-tc97p,rs-22-p4-f7vpt,rs-22-p4-t4f2g,rs-23-p2-58xqs,rs-23-p2-pfr9h,rs-23-p2-psggz,rs-24-p1-jj2pl,rs-25-p2-8kpmk,rs-25-p2-hndlw,rs-26-p3-b6kmd,rs-26-p3-gx2f9,rs-26-p3-kc6dh,rs-26-p3-p9kf5,rs-27-p4-th88p,rs-27-p4-vplb4,rs-27-p4-zxqzp,rs-28-p3-gnd7w,rs-28-p3-jwqgb,rs-28-p3-rrcvc,rs-29-p2-p5ktl,rs-29-p2-sh6wz,rs-29-p2-zwv6h,rs-30-p2-2dr6d,rs-30-p2-n9nb8,rs-30-p2-pcktc,rs-31-p2-cf4f8,rs-31-p2-f5w8d,rs-31-p2-jrhhz,rs-31-p2-xfb7s,rs-32-p2-4lhbh,rs-32-p2-5j966,rs-32-p2-d6sb4,rs-32-p2-mxwfq,rs-33-p1-5qw9g,rs-34-p2-6ggfh,rs-34-p2-mjcdz,rs-35-p1-mxmw4,rs-36-p2-cj66t,rs-36-p2-lhsw6,rs-36-p2-x9jsx,rs-36-p2-xtpq8,rs-37-p4-8bkg9,rs-37-p4-8c69x,rs-37-p4-g29fd,rs-38-p4-22vwv,rs-38-p4-4lkbf,rs-38-p4-5dn24,rs-38-p4-r9cst,rs-39-p1-bl42f,rs-39-p1-cwh5l,rs-39-p1-lkfrk,rs-41-p1-5pn9j,rs-42-p4-6xdwf,rs-42-p4-79qhx,rs-42-p4-8n52p,rs-42-p4-vkvzh,rs-43-p4-2zcsr,rs-43-p4-n8xw7,rs-43-p4-qk46n,rs-43-p4-xbbpx,rs-45-p4-2sr2t,rs-45-p4-4t5l5}","[{""name"":""rs-01-p3-mgn2m"",""cpu_m"":903,""mem_b"":800205122,""priority"":""3"",""node"":""kwok-node-17""},{""name"":""rs-02-p3-qlb8c"",""cpu_m"":685,""mem_b"":135185784,""priority"":""3"",""node"":""kwok-node-2""},{""name"":""rs-02-p3-qlzzm"",""cpu_m"":685,""mem_b"":135185784,""priority"":""3"",""node"":""kwok-node-16""},{""name"":""rs-02-p3-rz6xw"",""cpu_m"":685,""mem_b"":135185784,""priority"":""3"",""node"":""kwok-node-18""},{""name"":""rs-03-p2-6rkbn"",""cpu_m"":354,""mem_b"":996250181,""priority"":""2"",""node"":""kwok-node-1""},{""name"":""rs-03-p2-c5xwp"",""cpu_m"":354,""mem_b"":996250181,""priority"":""2"",""node"":""kwok-node-11""},{""name"":""rs-03-p2-j2t5m"",""cpu_m"":354,""mem_b"":996250181,""priority"":""2"",""node"":""kwok-node-10""},{""name"":""rs-03-p2-vlg8l"",""cpu_m"":354,""mem_b"":996250181,""priority"":""2"",""node"":""kwok-node-13""},{""name"":""rs-04-p4-27ps2"",""cpu_m"":738,""mem_b"":872588375,""priority"":""4"",""node"":""kwok-node-19""},{""name"":""rs-04-p4-6pqbn"",""cpu_m"":738,""mem_b"":872588375,""priority"":""4"",""node"":""kwok-node-12""},{""name"":""rs-04-p4-jx5kj"",""cpu_m"":738,""mem_b"":872588375,""priority"":""4"",""node"":""kwok-node-15""},{""name"":""rs-05-p4-pghqt"",""cpu_m"":530,""mem_b"":773602474,""priority"":""4"",""node"":""kwok-node-14""},{""name"":""rs-06-p1-lw2j4"",""cpu_m"":965,""mem_b"":842537323,""priority"":""1"",""node"":""""},{""name"":""rs-07-p1-9mbwv"",""cpu_m"":856,""mem_b"":678534465,""priority"":""1"",""node"":""""},{""name"":""rs-07-p1-9z8nf"",""cpu_m"":856,""mem_b"":678534465,""priority"":""1"",""node"":""""},{""name"":""rs-07-p1-hnczz"",""cpu_m"":856,""mem_b"":678534465,""priority"":""1"",""node"":""""},{""name"":""rs-07-p1-ktjmz"",""cpu_m"":856,""mem_b"":678534465,""priority"":""1"",""node"":""""},{""name"":""rs-08-p3-95g7h"",""cpu_m"":237,""mem_b"":519172545,""priority"":""3"",""node"":""kwok-node-27""},{""name"":""rs-08-p3-f8rfr"",""cpu_m"":237,""mem_b"":519172545,""priority"":""3"",""node"":""kwok-node-16""},{""name"":""rs-08-p3-mn27m"",""cpu_m"":237,""mem_b"":519172545,""priority"":""3"",""node"":""kwok-node-26""},{""name"":""rs-08-p3-xjklz"",""cpu_m"":237,""mem_b"":519172545,""priority"":""3"",""node"":""kwok-node-25""},{""name"":""rs-09-p4-c4qw4"",""cpu_m"":622,""mem_b"":434460278,""priority"":""4"",""node"":""kwok-node-27""},{""name"":""rs-09-p4-c7f82"",""cpu_m"":622,""mem_b"":434460278,""priority"":""4"",""node"":""kwok-node-25""},{""name"":""rs-09-p4-gdd8p"",""cpu_m"":622,""mem_b"":434460278,""priority"":""4"",""node"":""kwok-node-26""},{""name"":""rs-09-p4-rq5dc"",""cpu_m"":622,""mem_b"":434460278,""priority"":""4"",""node"":""kwok-node-14""},{""name"":""rs-10-p1-sf4qg"",""cpu_m"":688,""mem_b"":839773972,""priority"":""1"",""node"":""""},{""name"":""rs-11-p1-4mtmm"",""cpu_m"":302,""mem_b"":750445166,""priority"":""1"",""node"":""kwok-node-26""},{""name"":""rs-11-p1-9689p"",""cpu_m"":302,""mem_b"":750445166,""priority"":""1"",""node"":""kwok-node-22""},{""name"":""rs-11-p1-rffnd"",""cpu_m"":302,""mem_b"":750445166,""priority"":""1"",""node"":""kwok-node-27""},{""name"":""rs-12-p4-b8vl6"",""cpu_m"":410,""mem_b"":465831053,""priority"":""4"",""node"":""kwok-node-30""},{""name"":""rs-13-p2-w7nd2"",""cpu_m"":348,""mem_b"":177557440,""priority"":""2"",""node"":""kwok-node-31""},{""name"":""rs-13-p2-xq9wn"",""cpu_m"":348,""mem_b"":177557440,""priority"":""2"",""node"":""kwok-node-32""},{""name"":""rs-14-p4-87szf"",""cpu_m"":115,""mem_b"":260328231,""priority"":""4"",""node"":""kwok-node-4""},{""name"":""rs-15-p1-f4k92"",""cpu_m"":771,""mem_b"":239431638,""priority"":""1"",""node"":""""},{""name"":""rs-16-p2-httsf"",""cpu_m"":643,""mem_b"":350825348,""priority"":""2"",""node"":""kwok-node-3""},{""name"":""rs-16-p2-n7vsf"",""cpu_m"":643,""mem_b"":350825348,""priority"":""2"",""node"":""kwok-node-8""},{""name"":""rs-17-p4-g4f4p"",""cpu_m"":413,""mem_b"":180628399,""priority"":""4"",""node"":""kwok-node-9""},{""name"":""rs-18-p3-6s2xz"",""cpu_m"":574,""mem_b"":427866475,""priority"":""3"",""node"":""kwok-node-5""},{""name"":""rs-18-p3-jh5fq"",""cpu_m"":574,""mem_b"":427866475,""priority"":""3"",""node"":""kwok-node-7""},{""name"":""rs-19-p2-4gvfq"",""cpu_m"":814,""mem_b"":468943037,""priority"":""2"",""node"":""kwok-node-32""},{""name"":""rs-19-p2-d9zlr"",""cpu_m"":814,""mem_b"":468943037,""priority"":""2"",""node"":""kwok-node-4""},{""name"":""rs-20-p3-d55k6"",""cpu_m"":710,""mem_b"":165381296,""priority"":""3"",""node"":""kwok-node-29""},{""name"":""rs-21-p4-tc97p"",""cpu_m"":189,""mem_b"":780676293,""priority"":""4"",""node"":""kwok-node-31""},{""name"":""rs-22-p4-f7vpt"",""cpu_m"":373,""mem_b"":656983629,""priority"":""4"",""node"":""kwok-node-8""},{""name"":""rs-22-p4-t4f2g"",""cpu_m"":373,""mem_b"":656983629,""priority"":""4"",""node"":""kwok-node-9""},{""name"":""rs-23-p2-58xqs"",""cpu_m"":217,""mem_b"":219469548,""priority"":""2"",""node"":""kwok-node-5""},{""name"":""rs-23-p2-pfr9h"",""cpu_m"":217,""mem_b"":219469548,""priority"":""2"",""node"":""kwok-node-7""},{""name"":""rs-23-p2-psggz"",""cpu_m"":217,""mem_b"":219469548,""priority"":""2"",""node"":""kwok-node-30""},{""name"":""rs-24-p1-t8qwc"",""cpu_m"":435,""mem_b"":133818553,""priority"":""1"",""node"":""kwok-node-9""},{""name"":""rs-25-p2-8kpmk"",""cpu_m"":997,""mem_b"":541590156,""priority"":""2"",""node"":""kwok-node-13""},{""name"":""rs-25-p2-hndlw"",""cpu_m"":997,""mem_b"":541590156,""priority"":""2"",""node"":""kwok-node-1""},{""name"":""rs-26-p3-b6kmd"",""cpu_m"":517,""mem_b"":603251868,""priority"":""3"",""node"":""kwok-node-3""},{""name"":""rs-26-p3-gx2f9"",""cpu_m"":517,""mem_b"":603251868,""priority"":""3"",""node"":""kwok-node-6""},{""name"":""rs-26-p3-kc6dh"",""cpu_m"":517,""mem_b"":603251868,""priority"":""3"",""node"":""kwok-node-5""},{""name"":""rs-26-p3-p9kf5"",""cpu_m"":517,""mem_b"":603251868,""priority"":""3"",""node"":""kwok-node-30""},{""name"":""rs-27-p4-th88p"",""cpu_m"":172,""mem_b"":321738500,""priority"":""4"",""node"":""kwok-node-22""},{""name"":""rs-27-p4-vplb4"",""cpu_m"":172,""mem_b"":321738500,""priority"":""4"",""node"":""kwok-node-20""},{""name"":""rs-27-p4-zxqzp"",""cpu_m"":172,""mem_b"":321738500,""priority"":""4"",""node"":""kwok-node-7""},{""name"":""rs-28-p3-gnd7w"",""cpu_m"":167,""mem_b"":437329487,""priority"":""3"",""node"":""kwok-node-23""},{""name"":""rs-28-p3-jwqgb"",""cpu_m"":167,""mem_b"":437329487,""priority"":""3"",""node"":""kwok-node-24""},{""name"":""rs-28-p3-rrcvc"",""cpu_m"":167,""mem_b"":437329487,""priority"":""3"",""node"":""kwok-node-16""},{""name"":""rs-29-p2-p5ktl"",""cpu_m"":428,""mem_b"":785306890,""priority"":""2"",""node"":""kwok-node-9""},{""name"":""rs-29-p2-sh6wz"",""cpu_m"":428,""mem_b"":785306890,""priority"":""2"",""node"":""kwok-node-4""},{""name"":""rs-29-p2-zwv6h"",""cpu_m"":428,""mem_b"":785306890,""priority"":""2"",""node"":""kwok-node-17""},{""name"":""rs-30-p2-2dr6d"",""cpu_m"":494,""mem_b"":253490405,""priority"":""2"",""node"":""kwok-node-11""},{""name"":""rs-30-p2-n9nb8"",""cpu_m"":494,""mem_b"":253490405,""priority"":""2"",""node"":""kwok-node-10""},{""name"":""rs-30-p2-pcktc"",""cpu_m"":494,""mem_b"":253490405,""priority"":""2"",""node"":""kwok-node-28""},{""name"":""rs-31-p2-cf4f8"",""cpu_m"":889,""mem_b"":751566367,""priority"":""2"",""node"":""kwok-node-15""},{""name"":""rs-31-p2-f5w8d"",""cpu_m"":889,""mem_b"":751566367,""priority"":""2"",""node"":""kwok-node-25""},{""name"":""rs-31-p2-jrhhz"",""cpu_m"":889,""mem_b"":751566367,""priority"":""2"",""node"":""kwok-node-12""},{""name"":""rs-31-p2-xfb7s"",""cpu_m"":889,""mem_b"":751566367,""priority"":""2"",""node"":""kwok-node-19""},{""name"":""rs-32-p2-4lhbh"",""cpu_m"":679,""mem_b"":207706774,""priority"":""2"",""node"":""kwok-node-26""},{""name"":""rs-32-p2-5j966"",""cpu_m"":679,""mem_b"":207706774,""priority"":""2"",""node"":""kwok-node-10""},{""name"":""rs-32-p2-d6sb4"",""cpu_m"":679,""mem_b"":207706774,""priority"":""2"",""node"":""kwok-node-11""},{""name"":""rs-32-p2-mxwfq"",""cpu_m"":679,""mem_b"":207706774,""priority"":""2"",""node"":""kwok-node-27""},{""name"":""rs-33-p1-5qw9g"",""cpu_m"":313,""mem_b"":164611616,""priority"":""1"",""node"":""kwok-node-7""},{""name"":""rs-34-p2-6ggfh"",""cpu_m"":189,""mem_b"":477226876,""priority"":""2"",""node"":""kwok-node-21""},{""name"":""rs-34-p2-mjcdz"",""cpu_m"":189,""mem_b"":477226876,""priority"":""2"",""node"":""kwok-node-18""},{""name"":""rs-35-p1-mxmw4"",""cpu_m"":148,""mem_b"":875236856,""priority"":""1"",""node"":""kwok-node-32""},{""name"":""rs-36-p2-cj66t"",""cpu_m"":459,""mem_b"":604793824,""priority"":""2"",""node"":""kwok-node-20""},{""name"":""rs-36-p2-lhsw6"",""cpu_m"":459,""mem_b"":604793824,""priority"":""2"",""node"":""kwok-node-2""},{""name"":""rs-36-p2-x9jsx"",""cpu_m"":459,""mem_b"":604793824,""priority"":""2"",""node"":""kwok-node-22""},{""name"":""rs-36-p2-xtpq8"",""cpu_m"":459,""mem_b"":604793824,""priority"":""2"",""node"":""kwok-node-29""},{""name"":""rs-37-p4-8bkg9"",""cpu_m"":460,""mem_b"":296605974,""priority"":""4"",""node"":""kwok-node-31""},{""name"":""rs-37-p4-8c69x"",""cpu_m"":460,""mem_b"":296605974,""priority"":""4"",""node"":""kwok-node-24""},{""name"":""rs-37-p4-g29fd"",""cpu_m"":460,""mem_b"":296605974,""priority"":""4"",""node"":""kwok-node-8""},{""name"":""rs-38-p4-22vwv"",""cpu_m"":125,""mem_b"":795927555,""priority"":""4"",""node"":""kwok-node-6""},{""name"":""rs-38-p4-4lkbf"",""cpu_m"":125,""mem_b"":795927555,""priority"":""4"",""node"":""kwok-node-28""},{""name"":""rs-38-p4-5dn24"",""cpu_m"":125,""mem_b"":795927555,""priority"":""4"",""node"":""kwok-node-3""},{""name"":""rs-38-p4-r9cst"",""cpu_m"":125,""mem_b"":795927555,""priority"":""4"",""node"":""kwok-node-16""},{""name"":""rs-39-p1-d8qql"",""cpu_m"":212,""mem_b"":632717032,""priority"":""1"",""node"":""kwok-node-20""},{""name"":""rs-39-p1-l5gp5"",""cpu_m"":212,""mem_b"":632717032,""priority"":""1"",""node"":""kwok-node-2""},{""name"":""rs-39-p1-wbd6k"",""cpu_m"":212,""mem_b"":632717032,""priority"":""1"",""node"":""kwok-node-23""},{""name"":""rs-40-p4-2knwc"",""cpu_m"":803,""mem_b"":362070975,""priority"":""4"",""node"":""kwok-node-6""},{""name"":""rs-40-p4-lmndc"",""cpu_m"":803,""mem_b"":362070975,""priority"":""4"",""node"":""kwok-node-20""},{""name"":""rs-41-p1-cr9n7"",""cpu_m"":221,""mem_b"":185385906,""priority"":""1"",""node"":""kwok-node-17""},{""name"":""rs-42-p4-6xdwf"",""cpu_m"":498,""mem_b"":307970848,""priority"":""4"",""node"":""kwok-node-18""},{""name"":""rs-42-p4-79qhx"",""cpu_m"":498,""mem_b"":307970848,""priority"":""4"",""node"":""kwok-node-30""},{""name"":""rs-42-p4-8n52p"",""cpu_m"":498,""mem_b"":307970848,""priority"":""4"",""node"":""kwok-node-21""},{""name"":""rs-42-p4-vkvzh"",""cpu_m"":498,""mem_b"":307970848,""priority"":""4"",""node"":""kwok-node-5""},{""name"":""rs-43-p4-2zcsr"",""cpu_m"":186,""mem_b"":120939811,""priority"":""4"",""node"":""kwok-node-31""},{""name"":""rs-43-p4-n8xw7"",""cpu_m"":186,""mem_b"":120939811,""priority"":""4"",""node"":""kwok-node-4""},{""name"":""rs-43-p4-qk46n"",""cpu_m"":186,""mem_b"":120939811,""priority"":""4"",""node"":""kwok-node-32""},{""name"":""rs-43-p4-xbbpx"",""cpu_m"":186,""mem_b"":120939811,""priority"":""4"",""node"":""kwok-node-14""},{""name"":""rs-44-p1-8s88t"",""cpu_m"":560,""mem_b"":716811970,""priority"":""1"",""node"":""""},{""name"":""rs-44-p1-p4sd7"",""cpu_m"":560,""mem_b"":716811970,""priority"":""1"",""node"":""""},{""name"":""rs-44-p1-plxrp"",""cpu_m"":560,""mem_b"":716811970,""priority"":""1"",""node"":""""},{""name"":""rs-45-p4-2sr2t"",""cpu_m"":316,""mem_b"":117888521,""priority"":""4"",""node"":""kwok-node-1""},{""name"":""rs-45-p4-4t5l5"",""cpu_m"":316,""mem_b"":117888521,""priority"":""4"",""node"":""kwok-node-17""},{""name"":""rs-46-p1-hnc8d"",""cpu_m"":675,""mem_b"":794546818,""priority"":""1"",""node"":""""},{""name"":""rs-46-p1-mzztk"",""cpu_m"":675,""mem_b"":794546818,""priority"":""1"",""node"":""""},{""name"":""rs-46-p1-pwcn4"",""cpu_m"":675,""mem_b"":794546818,""priority"":""1"",""node"":""""},{""name"":""rs-46-p1-tzsww"",""cpu_m"":675,""mem_b"":794546818,""priority"":""1"",""node"":""""},{""name"":""rs-47-p3-5zzxl"",""cpu_m"":826,""mem_b"":107758143,""priority"":""3"",""node"":""kwok-node-23""},{""name"":""rs-47-p3-dbvs4"",""cpu_m"":826,""mem_b"":107758143,""priority"":""3"",""node"":""kwok-node-28""},{""name"":""rs-47-p3-l59fd"",""cpu_m"":826,""mem_b"":107758143,""priority"":""3"",""node"":""kwok-node-22""},{""name"":""rs-48-p2-p4s9v"",""cpu_m"":601,""mem_b"":624133997,""priority"":""2"",""node"":""kwok-node-24""},{""name"":""rs-48-p2-vwhfw"",""cpu_m"":601,""mem_b"":624133997,""priority"":""2"",""node"":""kwok-node-23""},{""name"":""rs-49-p4-kwg8t"",""cpu_m"":574,""mem_b"":670292911,""priority"":""4"",""node"":""kwok-node-7""},{""name"":""rs-49-p4-kz9jh"",""cpu_m"":574,""mem_b"":670292911,""priority"":""4"",""node"":""kwok-node-29""},{""name"":""rs-50-p1-6rndq"",""cpu_m"":420,""mem_b"":535937356,""priority"":""1"",""node"":""kwok-node-2""},{""name"":""rs-50-p1-mfgfk"",""cpu_m"":420,""mem_b"":535937356,""priority"":""1"",""node"":""kwok-node-31""},{""name"":""rs-50-p1-rxn97"",""cpu_m"":420,""mem_b"":535937356,""priority"":""1"",""node"":""kwok-node-24""},{""name"":""rs-50-p1-s9hg9"",""cpu_m"":420,""mem_b"":535937356,""priority"":""1"",""node"":""kwok-node-14""},{""name"":""rs-51-p2-gwz75"",""cpu_m"":730,""mem_b"":291989865,""priority"":""2"",""node"":""kwok-node-21""},{""name"":""rs-52-p2-9cqcd"",""cpu_m"":424,""mem_b"":724223498,""priority"":""2"",""node"":""kwok-node-21""},{""name"":""rs-52-p2-9qlpb"",""cpu_m"":424,""mem_b"":724223498,""priority"":""2"",""node"":""kwok-node-18""},{""name"":""rs-52-p2-m84wn"",""cpu_m"":424,""mem_b"":724223498,""priority"":""2"",""node"":""kwok-node-28""}]","[{""name"":""rs-01-p3-mgn2m"",""cpu_m"":903,""mem_b"":800205122,""priority"":""3"",""node"":""kwok-node-17""},{""name"":""rs-02-p3-qlb8c"",""cpu_m"":685,""mem_b"":135185784,""priority"":""3"",""node"":""kwok-node-2""},{""name"":""rs-02-p3-qlzzm"",""cpu_m"":685,""mem_b"":135185784,""priority"":""3"",""node"":""kwok-node-16""},{""name"":""rs-02-p3-rz6xw"",""cpu_m"":685,""mem_b"":135185784,""priority"":""3"",""node"":""kwok-node-18""},{""name"":""rs-03-p2-6rkbn"",""cpu_m"":354,""mem_b"":996250181,""priority"":""2"",""node"":""kwok-node-1""},{""name"":""rs-03-p2-c5xwp"",""cpu_m"":354,""mem_b"":996250181,""priority"":""2"",""node"":""kwok-node-11""},{""name"":""rs-03-p2-j2t5m"",""cpu_m"":354,""mem_b"":996250181,""priority"":""2"",""node"":""kwok-node-10""},{""name"":""rs-03-p2-vlg8l"",""cpu_m"":354,""mem_b"":996250181,""priority"":""2"",""node"":""kwok-node-13""},{""name"":""rs-04-p4-27ps2"",""cpu_m"":738,""mem_b"":872588375,""priority"":""4"",""node"":""kwok-node-19""},{""name"":""rs-04-p4-6pqbn"",""cpu_m"":738,""mem_b"":872588375,""priority"":""4"",""node"":""kwok-node-12""},{""name"":""rs-04-p4-jx5kj"",""cpu_m"":738,""mem_b"":872588375,""priority"":""4"",""node"":""kwok-node-15""},{""name"":""rs-05-p4-pghqt"",""cpu_m"":530,""mem_b"":773602474,""priority"":""4"",""node"":""kwok-node-14""},{""name"":""rs-06-p1-rt778"",""cpu_m"":965,""mem_b"":842537323,""priority"":""1"",""node"":""kwok-node-21""},{""name"":""rs-07-p1-5flrd"",""cpu_m"":856,""mem_b"":678534465,""priority"":""1"",""node"":""kwok-node-22""},{""name"":""rs-07-p1-kmhr6"",""cpu_m"":856,""mem_b"":678534465,""priority"":""1"",""node"":""kwok-node-24""},{""name"":""rs-07-p1-vb7r5"",""cpu_m"":856,""mem_b"":678534465,""priority"":""1"",""node"":""kwok-node-23""},{""name"":""rs-07-p1-wvts7"",""cpu_m"":856,""mem_b"":678534465,""priority"":""1"",""node"":""kwok-node-20""},{""name"":""rs-08-p3-95g7h"",""cpu_m"":237,""mem_b"":519172545,""priority"":""3"",""node"":""kwok-node-27""},{""name"":""rs-08-p3-f8rfr"",""cpu_m"":237,""mem_b"":519172545,""priority"":""3"",""node"":""kwok-node-16""},{""name"":""rs-08-p3-mn27m"",""cpu_m"":237,""mem_b"":519172545,""priority"":""3"",""node"":""kwok-node-26""},{""name"":""rs-08-p3-xjklz"",""cpu_m"":237,""mem_b"":519172545,""priority"":""3"",""node"":""kwok-node-25""},{""name"":""rs-09-p4-c4qw4"",""cpu_m"":622,""mem_b"":434460278,""priority"":""4"",""node"":""kwok-node-27""},{""name"":""rs-09-p4-c7f82"",""cpu_m"":622,""mem_b"":434460278,""priority"":""4"",""node"":""kwok-node-25""},{""name"":""rs-09-p4-gdd8p"",""cpu_m"":622,""mem_b"":434460278,""priority"":""4"",""node"":""kwok-node-26""},{""name"":""rs-09-p4-rq5dc"",""cpu_m"":622,""mem_b"":434460278,""priority"":""4"",""node"":""kwok-node-14""},{""name"":""rs-10-p1-lwpjd"",""cpu_m"":688,""mem_b"":839773972,""priority"":""1"",""node"":""kwok-node-28""},{""name"":""rs-11-p1-2g6rl"",""cpu_m"":302,""mem_b"":750445166,""priority"":""1"",""node"":""kwok-node-29""},{""name"":""rs-11-p1-2v4xj"",""cpu_m"":302,""mem_b"":750445166,""priority"":""1"",""node"":""kwok-node-2""},{""name"":""rs-11-p1-rvsrl"",""cpu_m"":302,""mem_b"":750445166,""priority"":""1"",""node"":""kwok-node-18""},{""name"":""rs-12-p4-b8vl6"",""cpu_m"":410,""mem_b"":465831053,""priority"":""4"",""node"":""kwok-node-30""},{""name"":""rs-13-p2-w7nd2"",""cpu_m"":348,""mem_b"":177557440,""priority"":""2"",""node"":""kwok-node-31""},{""name"":""rs-13-p2-xq9wn"",""cpu_m"":348,""mem_b"":177557440,""priority"":""2"",""node"":""kwok-node-32""},{""name"":""rs-14-p4-87szf"",""cpu_m"":115,""mem_b"":260328231,""priority"":""4"",""node"":""kwok-node-4""},{""name"":""rs-15-p1-ztw5n"",""cpu_m"":771,""mem_b"":239431638,""priority"":""1"",""node"":""kwok-node-6""},{""name"":""rs-16-p2-httsf"",""cpu_m"":643,""mem_b"":350825348,""priority"":""2"",""node"":""kwok-node-3""},{""name"":""rs-16-p2-n7vsf"",""cpu_m"":643,""mem_b"":350825348,""priority"":""2"",""node"":""kwok-node-8""},{""name"":""rs-17-p4-g4f4p"",""cpu_m"":413,""mem_b"":180628399,""priority"":""4"",""node"":""kwok-node-9""},{""name"":""rs-18-p3-6s2xz"",""cpu_m"":574,""mem_b"":427866475,""priority"":""3"",""node"":""kwok-node-5""},{""name"":""rs-18-p3-jh5fq"",""cpu_m"":574,""mem_b"":427866475,""priority"":""3"",""node"":""kwok-node-7""},{""name"":""rs-19-p2-4gvfq"",""cpu_m"":814,""mem_b"":468943037,""priority"":""2"",""node"":""kwok-node-32""},{""name"":""rs-19-p2-d9zlr"",""cpu_m"":814,""mem_b"":468943037,""priority"":""2"",""node"":""kwok-node-4""},{""name"":""rs-20-p3-d55k6"",""cpu_m"":710,""mem_b"":165381296,""priority"":""3"",""node"":""kwok-node-29""},{""name"":""rs-21-p4-tc97p"",""cpu_m"":189,""mem_b"":780676293,""priority"":""4"",""node"":""kwok-node-31""},{""name"":""rs-22-p4-f7vpt"",""cpu_m"":373,""mem_b"":656983629,""priority"":""4"",""node"":""kwok-node-8""},{""name"":""rs-22-p4-t4f2g"",""cpu_m"":373,""mem_b"":656983629,""priority"":""4"",""node"":""kwok-node-9""},{""name"":""rs-23-p2-58xqs"",""cpu_m"":217,""mem_b"":219469548,""priority"":""2"",""node"":""kwok-node-5""},{""name"":""rs-23-p2-pfr9h"",""cpu_m"":217,""mem_b"":219469548,""priority"":""2"",""node"":""kwok-node-7""},{""name"":""rs-23-p2-psggz"",""cpu_m"":217,""mem_b"":219469548,""priority"":""2"",""node"":""kwok-node-30""},{""name"":""rs-24-p1-jj2pl"",""cpu_m"":435,""mem_b"":133818553,""priority"":""1"",""node"":""kwok-node-31""},{""name"":""rs-25-p2-8kpmk"",""cpu_m"":997,""mem_b"":541590156,""priority"":""2"",""node"":""kwok-node-13""},{""name"":""rs-25-p2-hndlw"",""cpu_m"":997,""mem_b"":541590156,""priority"":""2"",""node"":""kwok-node-1""},{""name"":""rs-26-p3-b6kmd"",""cpu_m"":517,""mem_b"":603251868,""priority"":""3"",""node"":""kwok-node-3""},{""name"":""rs-26-p3-gx2f9"",""cpu_m"":517,""mem_b"":603251868,""priority"":""3"",""node"":""kwok-node-6""},{""name"":""rs-26-p3-kc6dh"",""cpu_m"":517,""mem_b"":603251868,""priority"":""3"",""node"":""kwok-node-5""},{""name"":""rs-26-p3-p9kf5"",""cpu_m"":517,""mem_b"":603251868,""priority"":""3"",""node"":""kwok-node-30""},{""name"":""rs-27-p4-th88p"",""cpu_m"":172,""mem_b"":321738500,""priority"":""4"",""node"":""kwok-node-22""},{""name"":""rs-27-p4-vplb4"",""cpu_m"":172,""mem_b"":321738500,""priority"":""4"",""node"":""kwok-node-20""},{""name"":""rs-27-p4-zxqzp"",""cpu_m"":172,""mem_b"":321738500,""priority"":""4"",""node"":""kwok-node-7""},{""name"":""rs-28-p3-gnd7w"",""cpu_m"":167,""mem_b"":437329487,""priority"":""3"",""node"":""kwok-node-23""},{""name"":""rs-28-p3-jwqgb"",""cpu_m"":167,""mem_b"":437329487,""priority"":""3"",""node"":""kwok-node-24""},{""name"":""rs-28-p3-rrcvc"",""cpu_m"":167,""mem_b"":437329487,""priority"":""3"",""node"":""kwok-node-16""},{""name"":""rs-29-p2-p5ktl"",""cpu_m"":428,""mem_b"":785306890,""priority"":""2"",""node"":""kwok-node-9""},{""name"":""rs-29-p2-sh6wz"",""cpu_m"":428,""mem_b"":785306890,""priority"":""2"",""node"":""kwok-node-4""},{""name"":""rs-29-p2-zwv6h"",""cpu_m"":428,""mem_b"":785306890,""priority"":""2"",""node"":""kwok-node-17""},{""name"":""rs-30-p2-2dr6d"",""cpu_m"":494,""mem_b"":253490405,""priority"":""2"",""node"":""kwok-node-11""},{""name"":""rs-30-p2-n9nb8"",""cpu_m"":494,""mem_b"":253490405,""priority"":""2"",""node"":""kwok-node-10""},{""name"":""rs-30-p2-pcktc"",""cpu_m"":494,""mem_b"":253490405,""priority"":""2"",""node"":""kwok-node-28""},{""name"":""rs-31-p2-cf4f8"",""cpu_m"":889,""mem_b"":751566367,""priority"":""2"",""node"":""kwok-node-15""},{""name"":""rs-31-p2-f5w8d"",""cpu_m"":889,""mem_b"":751566367,""priority"":""2"",""node"":""kwok-node-25""},{""name"":""rs-31-p2-jrhhz"",""cpu_m"":889,""mem_b"":751566367,""priority"":""2"",""node"":""kwok-node-12""},{""name"":""rs-31-p2-xfb7s"",""cpu_m"":889,""mem_b"":751566367,""priority"":""2"",""node"":""kwok-node-19""},{""name"":""rs-32-p2-4lhbh"",""cpu_m"":679,""mem_b"":207706774,""priority"":""2"",""node"":""kwok-node-26""},{""name"":""rs-32-p2-5j966"",""cpu_m"":679,""mem_b"":207706774,""priority"":""2"",""node"":""kwok-node-10""},{""name"":""rs-32-p2-d6sb4"",""cpu_m"":679,""mem_b"":207706774,""priority"":""2"",""node"":""kwok-node-11""},{""name"":""rs-32-p2-mxwfq"",""cpu_m"":679,""mem_b"":207706774,""priority"":""2"",""node"":""kwok-node-27""},{""name"":""rs-33-p1-5qw9g"",""cpu_m"":313,""mem_b"":164611616,""priority"":""1"",""node"":""kwok-node-7""},{""name"":""rs-34-p2-6ggfh"",""cpu_m"":189,""mem_b"":477226876,""priority"":""2"",""node"":""kwok-node-21""},{""name"":""rs-34-p2-mjcdz"",""cpu_m"":189,""mem_b"":477226876,""priority"":""2"",""node"":""kwok-node-18""},{""name"":""rs-35-p1-mxmw4"",""cpu_m"":148,""mem_b"":875236856,""priority"":""1"",""node"":""kwok-node-32""},{""name"":""rs-36-p2-cj66t"",""cpu_m"":459,""mem_b"":604793824,""priority"":""2"",""node"":""kwok-node-20""},{""name"":""rs-36-p2-lhsw6"",""cpu_m"":459,""mem_b"":604793824,""priority"":""2"",""node"":""kwok-node-2""},{""name"":""rs-36-p2-x9jsx"",""cpu_m"":459,""mem_b"":604793824,""priority"":""2"",""node"":""kwok-node-22""},{""name"":""rs-36-p2-xtpq8"",""cpu_m"":459,""mem_b"":604793824,""priority"":""2"",""node"":""kwok-node-29""},{""name"":""rs-37-p4-8bkg9"",""cpu_m"":460,""mem_b"":296605974,""priority"":""4"",""node"":""kwok-node-31""},{""name"":""rs-37-p4-8c69x"",""cpu_m"":460,""mem_b"":296605974,""priority"":""4"",""node"":""kwok-node-24""},{""name"":""rs-37-p4-g29fd"",""cpu_m"":460,""mem_b"":296605974,""priority"":""4"",""node"":""kwok-node-8""},{""name"":""rs-38-p4-22vwv"",""cpu_m"":125,""mem_b"":795927555,""priority"":""4"",""node"":""kwok-node-6""},{""name"":""rs-38-p4-4lkbf"",""cpu_m"":125,""mem_b"":795927555,""priority"":""4"",""node"":""kwok-node-28""},{""name"":""rs-38-p4-5dn24"",""cpu_m"":125,""mem_b"":795927555,""priority"":""4"",""node"":""kwok-node-3""},{""name"":""rs-38-p4-r9cst"",""cpu_m"":125,""mem_b"":795927555,""priority"":""4"",""node"":""kwok-node-16""},{""name"":""rs-39-p1-bl42f"",""cpu_m"":212,""mem_b"":632717032,""priority"":""1"",""node"":""kwok-node-7""},{""name"":""rs-39-p1-cwh5l"",""cpu_m"":212,""mem_b"":632717032,""priority"":""1"",""node"":""kwok-node-23""},{""name"":""rs-39-p1-lkfrk"",""cpu_m"":212,""mem_b"":632717032,""priority"":""1"",""node"":""kwok-node-27""},{""name"":""rs-40-p4-2knwc"",""cpu_m"":803,""mem_b"":362070975,""priority"":""4"",""node"":""""},{""name"":""rs-40-p4-lmndc"",""cpu_m"":803,""mem_b"":362070975,""priority"":""4"",""node"":""""},{""name"":""rs-41-p1-5pn9j"",""cpu_m"":221,""mem_b"":185385906,""priority"":""1"",""node"":""kwok-node-14""},{""name"":""rs-42-p4-6xdwf"",""cpu_m"":498,""mem_b"":307970848,""priority"":""4"",""node"":""kwok-node-18""},{""name"":""rs-42-p4-79qhx"",""cpu_m"":498,""mem_b"":307970848,""priority"":""4"",""node"":""kwok-node-30""},{""name"":""rs-42-p4-8n52p"",""cpu_m"":498,""mem_b"":307970848,""priority"":""4"",""node"":""kwok-node-21""},{""name"":""rs-42-p4-vkvzh"",""cpu_m"":498,""mem_b"":307970848,""priority"":""4"",""node"":""kwok-node-5""},{""name"":""rs-43-p4-2zcsr"",""cpu_m"":186,""mem_b"":120939811,""priority"":""4"",""node"":""kwok-node-31""},{""name"":""rs-43-p4-n8xw7"",""cpu_m"":186,""mem_b"":120939811,""priority"":""4"",""node"":""kwok-node-4""},{""name"":""rs-43-p4-qk46n"",""cpu_m"":186,""mem_b"":120939811,""priority"":""4"",""node"":""kwok-node-32""},{""name"":""rs-43-p4-xbbpx"",""cpu_m"":186,""mem_b"":120939811,""priority"":""4"",""node"":""kwok-node-14""},{""name"":""rs-44-p1-8s88t"",""cpu_m"":560,""mem_b"":716811970,""priority"":""1"",""node"":""""},{""name"":""rs-44-p1-p4sd7"",""cpu_m"":560,""mem_b"":716811970,""priority"":""1"",""node"":""""},{""name"":""rs-44-p1-plxrp"",""cpu_m"":560,""mem_b"":716811970,""priority"":""1"",""node"":""""},{""name"":""rs-45-p4-2sr2t"",""cpu_m"":316,""mem_b"":117888521,""priority"":""4"",""node"":""kwok-node-1""},{""name"":""rs-45-p4-4t5l5"",""cpu_m"":316,""mem_b"":117888521,""priority"":""4"",""node"":""kwok-node-17""},{""name"":""rs-46-p1-hnc8d"",""cpu_m"":675,""mem_b"":794546818,""priority"":""1"",""node"":""""},{""name"":""rs-46-p1-mzztk"",""cpu_m"":675,""mem_b"":794546818,""priority"":""1"",""node"":""""},{""name"":""rs-46-p1-pwcn4"",""cpu_m"":675,""mem_b"":794546818,""priority"":""1"",""node"":""""},{""name"":""rs-46-p1-tzsww"",""cpu_m"":675,""mem_b"":794546818,""priority"":""1"",""node"":""""},{""name"":""rs-47-p3-5zzxl"",""cpu_m"":826,""mem_b"":107758143,""priority"":""3"",""node"":""""},{""name"":""rs-47-p3-dbvs4"",""cpu_m"":826,""mem_b"":107758143,""priority"":""3"",""node"":""""},{""name"":""rs-47-p3-l59fd"",""cpu_m"":826,""mem_b"":107758143,""priority"":""3"",""node"":""""},{""name"":""rs-48-p2-p4s9v"",""cpu_m"":601,""mem_b"":624133997,""priority"":""2"",""node"":""""},{""name"":""rs-48-p2-vwhfw"",""cpu_m"":601,""mem_b"":624133997,""priority"":""2"",""node"":""""},{""name"":""rs-49-p4-kwg8t"",""cpu_m"":574,""mem_b"":670292911,""priority"":""4"",""node"":""""},{""name"":""rs-49-p4-kz9jh"",""cpu_m"":574,""mem_b"":670292911,""priority"":""4"",""node"":""""},{""name"":""rs-50-p1-6rndq"",""cpu_m"":420,""mem_b"":535937356,""priority"":""1"",""node"":""""},{""name"":""rs-50-p1-mfgfk"",""cpu_m"":420,""mem_b"":535937356,""priority"":""1"",""node"":""""},{""name"":""rs-50-p1-rxn97"",""cpu_m"":420,""mem_b"":535937356,""priority"":""1"",""node"":""""},{""name"":""rs-50-p1-s9hg9"",""cpu_m"":420,""mem_b"":535937356,""priority"":""1"",""node"":""""},{""name"":""rs-51-p2-gwz75"",""cpu_m"":730,""mem_b"":291989865,""priority"":""2"",""node"":""""},{""name"":""rs-52-p2-9cqcd"",""cpu_m"":424,""mem_b"":724223498,""priority"":""2"",""node"":""""},{""name"":""rs-52-p2-9qlpb"",""cpu_m"":424,""mem_b"":724223498,""priority"":""2"",""node"":""""},{""name"":""rs-52-p2-m84wn"",""cpu_m"":424,""mem_b"":724223498,""priority"":""2"",""node"":""""}]","[{""name"":""kwok-node-1"",""cap_cpu_m"":1879,""cap_mem_bytes"":1932007274},{""name"":""kwok-node-2"",""cap_cpu_m"":1879,""cap_mem_bytes"":1932007274},{""name"":""kwok-node-3"",""cap_cpu_m"":1879,""cap_mem_bytes"":1932007274},{""name"":""kwok-node-4"",""cap_cpu_m"":1879,""cap_mem_bytes"":1932007274},{""name"":""kwok-node-5"",""cap_cpu_m"":1879,""cap_mem_bytes"":1932007274},{""name"":""kwok-node-6"",""cap_cpu_m"":1879,""cap_mem_bytes"":1932007274},{""name"":""kwok-node-7"",""cap_cpu_m"":1879,""cap_mem_bytes"":1932007274},{""name"":""kwok-node-8"",""cap_cpu_m"":1879,""cap_mem_bytes"":1932007274},{""name"":""kwok-node-9"",""cap_cpu_m"":1879,""cap_mem_bytes"":1932007274},{""name"":""kwok-node-10"",""cap_cpu_m"":1879,""cap_mem_bytes"":1932007274},{""name"":""kwok-node-11"",""cap_cpu_m"":1879,""cap_mem_bytes"":1932007274},{""name"":""kwok-node-12"",""cap_cpu_m"":1879,""cap_mem_bytes"":1932007274},{""name"":""kwok-node-13"",""cap_cpu_m"":1879,""cap_mem_bytes"":1932007274},{""name"":""kwok-node-14"",""cap_cpu_m"":1879,""cap_mem_bytes"":1932007274},{""name"":""kwok-node-15"",""cap_cpu_m"":1879,""cap_mem_bytes"":1932007274},{""name"":""kwok-node-16"",""cap_cpu_m"":1879,""cap_mem_bytes"":1932007274},{""name"":""kwok-node-17"",""cap_cpu_m"":1879,""cap_mem_bytes"":1932007274},{""name"":""kwok-node-18"",""cap_cpu_m"":1879,""cap_mem_bytes"":1932007274},{""name"":""kwok-node-19"",""cap_cpu_m"":1879,""cap_mem_bytes"":1932007274},{""name"":""kwok-node-20"",""cap_cpu_m"":1879,""cap_mem_bytes"":1932007274},{""name"":""kwok-node-21"",""cap_cpu_m"":1879,""cap_mem_bytes"":1932007274},{""name"":""kwok-node-22"",""cap_cpu_m"":1879,""cap_mem_bytes"":1932007274},{""name"":""kwok-node-23"",""cap_cpu_m"":1879,""cap_mem_bytes"":1932007274},{""name"":""kwok-node-24"",""cap_cpu_m"":1879,""cap_mem_bytes"":1932007274},{""name"":""kwok-node-25"",""cap_cpu_m"":1879,""cap_mem_bytes"":1932007274},{""name"":""kwok-node-26"",""cap_cpu_m"":1879,""cap_mem_bytes"":1932007274},{""name"":""kwok-node-27"",""cap_cpu_m"":1879,""cap_mem_bytes"":1932007274},{""name"":""kwok-node-28"",""cap_cpu_m"":1879,""cap_mem_bytes"":1932007274},{""name"":""kwok-node-29"",""cap_cpu_m"":1879,""cap_mem_bytes"":1932007274},{""name"":""kwok-node-30"",""cap_cpu_m"":1879,""cap_mem_bytes"":1932007274},{""name"":""kwok-node-31"",""cap_cpu_m"":1879,""cap_mem_bytes"":1932007274},{""name"":""kwok-node-32"",""cap_cpu_m"":1879,""cap_mem_bytes"":1932007274}]"
2026/02/11/12:01:05,6791828356968382696,,"{""evicted"":0,""moved"":0,""placed_by_priority"":{""1"":41,""2"":41,""3"":12,""4"":17}}",python,"{""evicted"":10,""moved"":6,""placed_by_priority"":{""1"":32,""2"":42,""3"":15,""4"":26}}",982,FEASIBLE,"[{""duration_ms"":982,""name"":""python"",""score"":{""evicted"":10,""moved"":6,""placed_by_priority"":{""1"":32,""2"":42,""3"":15,""4"":26}},""status"":""FEASIBLE""}]",0.904,0.862,0.901,0.894,64879,61875,64229649699,63771062950,115,111,13,17,"{""kwok-node-1"":4,""kwok-node-10"":4,""kwok-node-11"":4,""kwok-node-12"":4,""kwok-node-13"":4,""kwok-node-14"":4,""kwok-node-15"":4,""kwok-node-16"":4,""kwok-node-17"":4,""kwok-node-18"":3,""kwok-node-19"":3,""kwok-node-2"":3,""kwok-node-20"":4,""kwok-node-21"":2,""kwok-node-22"":3,""kwok-node-23"":4,""kwok-node-24"":3,""kwok-node-25"":5,""kwok-node-26"":4,""kwok-node-27"":3,""kwok-node-28"":4,""kwok-node-29"":4,""kwok-node-3"":3,""kwok-node-30"":4,""kwok-node-31"":4,""kwok-node-32"":3,""kwok-node-4"":4,""kwok-node-5"":3,""kwok-node-6"":3,""kwok-node-7"":3,""kwok-node-8"":4,""kwok-node-9"":3}","{""kwok-node-1"":4,""kwok-node-10"":4,""kwok-node-11"":4,""kwok-node-12"":3,""kwok-node-13"":4,""kwok-node-14"":4,""kwok-node-15"":4,""kwok-node-16"":4,""kwok-node-17"":4,""kwok-node-18"":3,""kwok-node-19"":3,""kwok-node-2"":2,""kwok-node-20"":3,""kwok-node-21"":2,""kwok-node-22"":3,""kwok-node-23"":3,""kwok-node-24"":3,""kwok-node-25"":5,""kwok-node-26"":4,""kwok-node-27"":3,""kwok-node-28"":4,""kwok-node-29"":4,""kwok-node-3"":4,""kwok-node-30"":4,""kwok-node-31"":4,""kwok-node-32"":3,""kwok-node-4"":3,""kwok-node-5"":3,""kwok-node-6"":3,""kwok-node-7"":3,""kwok-node-8"":4,""kwok-node-9"":3}","{""p1"":32,""p2"":42,""p3"":15,""p4"":26}","{""p1"":41,""p2"":41,""p3"":12,""p4"":17}","{""p1"":13}","{""p1"":4,""p2"":1,""p3"":3,""p4"":9}","{rs-03-p1-9bfs9,rs-03-p1-dchzl,rs-03-p1-hzsv8,rs-16-p1-fcw78,rs-16-p1-x4sgr,rs-19-p1-7tsxw,rs-24-p1-9ndz9,rs-24-p1-w8m5m,rs-27-p1-8jmpq,rs-27-p1-d7rcr,rs-41-p1-57xcp,rs-41-p1-bsth6,rs-47-p1-6s5gr}","{rs-30-p4-6j86z,rs-30-p4-pf4sh,rs-34-p4-h5rsj,rs-41-p1-57xcp,rs-41-p1-bsth6,rs-42-p4-879sp,rs-42-p4-dg46j,rs-42-p4-mkcvq,rs-42-p4-n88b7,rs-44-p4-dxplc,rs-44-p4-t7jl7,rs-46-p2-9l52n,rs-47-p1-6s5gr,rs-47-p1-vl9g5,rs-48-p3-6xtgz,rs-48-p3-ln9fb,rs-48-p3-lswhz}","{rs-01-p2-kf4xj,rs-01-p2-l6lhk,rs-01-p2-wpghg,rs-01-p2-wz57v,rs-02-p2-cfbqj,rs-02-p2-pwgdn,rs-02-p2-vmlm9,rs-04-p3-bksq7,rs-04-p3-fgtg9,rs-04-p3-k4cl7,rs-05-p1-lhqc7,rs-05-p1-n9892,rs-05-p1-xrdmh,rs-06-p2-2m64d,rs-06-p2-crjhj,rs-06-p2-k86xj,rs-06-p2-tphfh,rs-07-p3-bjsmx,rs-07-p3-xfbs4,rs-08-p2-5qpkw,rs-08-p2-ls4mj,rs-08-p2-wtppn,rs-09-p1-klgmt,rs-10-p1-6jpmj,rs-10-p1-bwfts,rs-11-p1-5w8mr,rs-11-p1-hxj66,rs-11-p1-qljzr,rs-12-p2-6vs8p,rs-13-p2-p2v8q,rs-13-p2-pqpqf,rs-14-p4-7kplj,rs-14-p4-8bb9s,rs-14-p4-zpznm,rs-15-p2-4j787,rs-15-p2-k674l,rs-15-p2-ns8ld,rs-15-p2-qkwzs,rs-16-p1-dlh7q,rs-16-p1-zrdjc,rs-17-p1-lr2j8,rs-18-p4-65zzf,rs-18-p4-lr29g,rs-18-p4-nwwgb,rs-19-p1-gdzfl,rs-19-p1-jfmn8,rs-20-p1-7xtlw,rs-20-p1-fk44t,rs-20-p1-p8hzr,rs-20-p1-rgx68,rs-21-p1-nh7kl,rs-22-p1-bslnx,rs-22-p1-jng2b,rs-22-p1-kfnj7,rs-23-p4-2lpqf,rs-23-p4-jdrnc,rs-23-p4-vbtrt,rs-24-p1-ggs4x,rs-25-p2-5gpnz,rs-25-p2-cqhl5,rs-25-p2-pf7d8,rs-25-p2-wtnst,rs-26-p2-5fjh4,rs-26-p2-6rpq8,rs-26-p2-prckd,rs-28-p3-fszq7,rs-29-p1-5dw6q,rs-29-p1-6f5vp,rs-29-p1-vk9jf,rs-30-p4-6j86z,rs-30-p4-pf4sh,rs-31-p1-cwsg7,rs-31-p1-jhfvx,rs-31-p1-l52gr,rs-32-p2-rfszx,rs-32-p2-tgbs7,rs-32-p2-thrts,rs-32-p2-wmx4b,rs-33-p3-9f9rs,rs-33-p3-gk9jl,rs-33-p3-rb27p,rs-33-p3-wkkf9,rs-34-p4-h5rsj,rs-34-p4-p57wr,rs-35-p1-l82qx,rs-35-p1-nlwvs,rs-36-p2-2nh4j,rs-36-p2-56rm6,rs-36-p2-6w7zn,rs-36-p2-hz9ft,rs-37-p2-4qkxt,rs-37-p2-7585c,rs-37-p2-trjvf,rs-37-p2-xvcbb,rs-38-p2-998tg,rs-39-p3-dvk88,rs-39-p3-fs2sl,rs-40-p4-f64qc,rs-42-p4-879sp,rs-42-p4-dg46j,rs-42-p4-mkcvq,rs-42-p4-n88b7,rs-43-p4-9mdsn,rs-43-p4-psc6g,rs-44-p4-7htqr,rs-44-p4-dxplc,rs-44-p4-t7jl7,rs-45-p4-jb7jw,rs-45-p4-pcghc,rs-45-p4-xcvdm,rs-46-p2-9l52n,rs-47-p1-vl9g5,rs-48-p3-6xtgz,rs-48-p3-ln9fb,rs-48-p3-lswhz}","{rs-01-p2-kf4xj,rs-01-p2-l6lhk,rs-01-p2-wpghg,rs-01-p2-wz57v,rs-02-p2-cfbqj,rs-02-p2-pwgdn,rs-02-p2-vmlm9,rs-03-p1-7nz6f,rs-03-p1-8pbpk,rs-03-p1-bd2zm,rs-04-p3-bksq7,rs-04-p3-fgtg9,rs-04-p3-k4cl7,rs-05-p1-2f6lq,rs-05-p1-n9892,rs-05-p1-rs5bl,rs-06-p2-2m64d,rs-06-p2-crjhj,rs-06-p2-k86xj,rs-06-p2-tphfh,rs-07-p3-bjsmx,rs-07-p3-xfbs4,rs-08-p2-5qpkw,rs-08-p2-ls4mj,rs-08-p2-wtppn,rs-09-p1-fjzbd,rs-10-p1-6jpmj,rs-10-p1-bwfts,rs-11-p1-2qjrn,rs-11-p1-5w8mr,rs-11-p1-qljzr,rs-12-p2-6vs8p,rs-13-p2-p2v8q,rs-13-p2-pqpqf,rs-14-p4-7kplj,rs-14-p4-8bb9s,rs-14-p4-zpznm,rs-15-p2-4j787,rs-15-p2-k674l,rs-15-p2-ns8ld,rs-15-p2-qkwzs,rs-16-p1-dlh7q,rs-16-p1-gccgr,rs-16-p1-w4whv,rs-16-p1-zrdjc,rs-17-p1-tsfl7,rs-18-p4-65zzf,rs-18-p4-lr29g,rs-18-p4-nwwgb,rs-19-p1-8zzv6,rs-19-p1-gdzfl,rs-19-p1-jfmn8,rs-20-p1-7xtlw,rs-20-p1-fk44t,rs-20-p1-p8hzr,rs-20-p1-rgx68,rs-21-p1-nh7kl,rs-22-p1-bslnx,rs-22-p1-jng2b,rs-22-p1-kfnj7,rs-23-p4-2lpqf,rs-23-p4-jdrnc,rs-23-p4-vbtrt,rs-24-p1-47pn8,rs-24-p1-ggs4x,rs-24-p1-szqcg,rs-25-p2-5gpnz,rs-25-p2-cqhl5,rs-25-p2-pf7d8,rs-25-p2-wtnst,rs-26-p2-5fjh4,rs-26-p2-6rpq8,rs-26-p2-prckd,rs-27-p1-fbc7c,rs-27-p1-thxz9,rs-28-p3-fszq7,rs-29-p1-5dw6q,rs-29-p1-p46wc,rs-29-p1-vk9jf,rs-31-p1-cwsg7,rs-31-p1-jhfvx,rs-31-p1-l52gr,rs-32-p2-rfszx,rs-32-p2-tgbs7,rs-32-p2-thrts,rs-32-p2-wmx4b,rs-33-p3-9f9rs,rs-33-p3-gk9jl,rs-33-p3-rb27p,rs-33-p3-wkkf9,rs-34-p4-p57wr,rs-35-p1-l82qx,rs-35-p1-nlwvs,rs-36-p2-2nh4j,rs-36-p2-56rm6,rs-36-p2-6w7zn,rs-36-p2-hz9ft,rs-37-p2-4qkxt,rs-37-p2-7585c,rs-37-p2-trjvf,rs-37-p2-xvcbb,rs-38-p2-998tg,rs-39-p3-dvk88,rs-39-p3-fs2sl,rs-40-p4-f64qc,rs-43-p4-9mdsn,rs-43-p4-psc6g,rs-44-p4-7htqr,rs-45-p4-jb7jw,rs-45-p4-pcghc,rs-45-p4-xcvdm}","[{""name"":""rs-01-p2-kf4xj"",""cpu_m"":728,""mem_b"":442492166,""priority"":""2"",""node"":""kwok-node-11""},{""name"":""rs-01-p2-l6lhk"",""cpu_m"":728,""mem_b"":442492166,""priority"":""2"",""node"":""kwok-node-10""},{""name"":""rs-01-p2-wpghg"",""cpu_m"":728,""mem_b"":442492166,""priority"":""2"",""node"":""kwok-node-13""},{""name"":""rs-01-p2-wz57v"",""cpu_m"":728,""mem_b"":442492166,""priority"":""2"",""node"":""kwok-node-12""},{""name"":""rs-02-p2-cfbqj"",""cpu_m"":439,""mem_b"":484308252,""priority"":""2"",""node"":""kwok-node-1""},{""name"":""rs-02-p2-pwgdn"",""cpu_m"":439,""mem_b"":484308252,""priority"":""2"",""node"":""kwok-node-16""},{""name"":""rs-02-p2-vmlm9"",""cpu_m"":439,""mem_b"":484308252,""priority"":""2"",""node"":""kwok-node-15""},{""name"":""rs-03-p1-9bfs9"",""cpu_m"":799,""mem_b"":957142467,""priority"":""1"",""node"":""""},{""name"":""rs-03-p1-dchzl"",""cpu_m"":799,""mem_b"":957142467,""priority"":""1"",""node"":""""},{""name"":""rs-03-p1-hzsv8"",""cpu_m"":799,""mem_b"":957142467,""priority"":""1"",""node"":""""},{""name"":""rs-04-p3-bksq7"",""cpu_m"":416,""mem_b"":923960108,""priority"":""3"",""node"":""kwok-node-17""},{""name"":""rs-04-p3-fgtg9"",""cpu_m"":416,""mem_b"":923960108,""priority"":""3"",""node"":""kwok-node-19""},{""name"":""rs-04-p3-k4cl7"",""cpu_m"":416,""mem_b"":923960108,""priority"":""3"",""node"":""kwok-node-14""},{""name"":""rs-05-p1-lhqc7"",""cpu_m"":713,""mem_b"":843669540,""priority"":""1"",""node"":""kwok-node-3""},{""name"":""rs-05-p1-n9892"",""cpu_m"":713,""mem_b"":843669540,""priority"":""1"",""node"":""kwok-node-18""},{""name"":""rs-05-p1-xrdmh"",""cpu_m"":713,""mem_b"":843669540,""priority"":""1"",""node"":""kwok-node-27""},{""name"":""rs-06-p2-2m64d"",""cpu_m"":928,""mem_b"":737207184,""priority"":""2"",""node"":""kwok-node-15""},{""name"":""rs-06-p2-crjhj"",""cpu_m"":928,""mem_b"":737207184,""priority"":""2"",""node"":""kwok-node-12""},{""name"":""rs-06-p2-k86xj"",""cpu_m"":928,""mem_b"":737207184,""priority"":""2"",""node"":""kwok-node-16""},{""name"":""rs-06-p2-tphfh"",""cpu_m"":928,""mem_b"":737207184,""priority"":""2"",""node"":""kwok-node-1""},{""name"":""rs-07-p3-bjsmx"",""cpu_m"":614,""mem_b"":328487477,""priority"":""3"",""node"":""kwok-node-24""},{""name"":""rs-07-p3-xfbs4"",""cpu_m"":614,""mem_b"":328487477,""priority"":""3"",""node"":""kwok-node-19""},{""name"":""rs-08-p2-5qpkw"",""cpu_m"":455,""mem_b"":768370906,""priority"":""2"",""node"":""kwok-node-26""},{""name"":""rs-08-p2-ls4mj"",""cpu_m"":455,""mem_b"":768370906,""priority"":""2"",""node"":""kwok-node-29""},{""name"":""rs-08-p2-wtppn"",""cpu_m"":455,""mem_b"":768370906,""priority"":""2"",""node"":""kwok-node-28""},{""name"":""rs-09-p1-klgmt"",""cpu_m"":860,""mem_b"":186391895,""priority"":""1"",""node"":""kwok-node-4""},{""name"":""rs-10-p1-6jpmj"",""cpu_m"":691,""mem_b"":728559756,""priority"":""1"",""node"":""kwok-node-30""},{""name"":""rs-10-p1-bwfts"",""cpu_m"":691,""mem_b"":728559756,""priority"":""1"",""node"":""kwok-node-25""},{""name"":""rs-11-p1-5w8mr"",""cpu_m"":674,""mem_b"":547523648,""priority"":""1"",""node"":""kwok-node-28""},{""name"":""rs-11-p1-hxj66"",""cpu_m"":674,""mem_b"":547523648,""priority"":""1"",""node"":""kwok-node-20""},{""name"":""rs-11-p1-qljzr"",""cpu_m"":674,""mem_b"":547523648,""priority"":""1"",""node"":""kwok-node-24""},{""name"":""rs-12-p2-6vs8p"",""cpu_m"":456,""mem_b"":863124598,""priority"":""2"",""node"":""kwok-node-31""},{""name"":""rs-13-p2-p2v8q"",""cpu_m"":303,""mem_b"":399848998,""priority"":""2"",""node"":""kwok-node-4""},{""name"":""rs-13-p2-pqpqf"",""cpu_m"":303,""mem_b"":399848998,""priority"":""2"",""node"":""kwok-node-8""},{""name"":""rs-14-p4-7kplj"",""cpu_m"":808,""mem_b"":817823614,""priority"":""4"",""node"":""kwok-node-32""},{""name"":""rs-14-p4-8bb9s"",""cpu_m"":808,""mem_b"":817823614,""priority"":""4"",""node"":""kwok-node-5""},{""name"":""rs-14-p4-zpznm"",""cpu_m"":808,""mem_b"":817823614,""priority"":""4"",""node"":""kwok-node-6""},{""name"":""rs-15-p2-4j787"",""cpu_m"":573,""mem_b"":907226289,""priority"":""2"",""node"":""kwok-node-9""},{""name"":""rs-15-p2-k674l"",""cpu_m"":573,""mem_b"":907226289,""priority"":""2"",""node"":""kwok-node-4""},{""name"":""rs-15-p2-ns8ld"",""cpu_m"":573,""mem_b"":907226289,""priority"":""2"",""node"":""kwok-node-8""},{""name"":""rs-15-p2-qkwzs"",""cpu_m"":573,""mem_b"":907226289,""priority"":""2"",""node"":""kwok-node-7""},{""name"":""rs-16-p1-dlh7q"",""cpu_m"":831,""mem_b"":853578764,""priority"":""1"",""node"":""kwok-node-13""},{""name"":""rs-16-p1-fcw78"",""cpu_m"":831,""mem_b"":853578764,""priority"":""1"",""node"":""""},{""name"":""rs-16-p1-x4sgr"",""cpu_m"":831,""mem_b"":853578764,""priority"":""1"",""node"":""""},{""name"":""rs-16-p1-zrdjc"",""cpu_m"":831,""mem_b"":853578764,""priority"":""1"",""node"":""kwok-node-11""},{""name"":""rs-17-p1-lr2j8"",""cpu_m"":196,""mem_b"":609145056,""priority"":""1"",""node"":""kwok-node-12""},{""name"":""rs-18-p4-65zzf"",""cpu_m"":197,""mem_b"":384533063,""priority"":""4"",""node"":""kwok-node-30""},{""name"":""rs-18-p4-lr29g"",""cpu_m"":197,""mem_b"":384533063,""priority"":""4"",""node"":""kwok-node-25""},{""name"":""rs-18-p4-nwwgb"",""cpu_m"":197,""mem_b"":384533063,""priority"":""4"",""node"":""kwok-node-26""},{""name"":""rs-19-p1-7tsxw"",""cpu_m"":384,""mem_b"":865304632,""priority"":""1"",""node"":""""},{""name"":""rs-19-p1-gdzfl"",""cpu_m"":384,""mem_b"":865304632,""priority"":""1"",""node"":""kwok-node-29""},{""name"":""rs-19-p1-jfmn8"",""cpu_m"":384,""mem_b"":865304632,""priority"":""1"",""node"":""kwok-node-32""},{""name"":""rs-20-p1-7xtlw"",""cpu_m"":232,""mem_b"":830448660,""priority"":""1"",""node"":""kwok-node-22""},{""name"":""rs-20-p1-fk44t"",""cpu_m"":232,""mem_b"":830448660,""priority"":""1"",""node"":""kwok-node-5""},{""name"":""rs-20-p1-p8hzr"",""cpu_m"":232,""mem_b"":830448660,""priority"":""1"",""node"":""kwok-node-6""},{""name"":""rs-20-p1-rgx68"",""cpu_m"":232,""mem_b"":830448660,""priority"":""1"",""node"":""kwok-node-23""},{""name"":""rs-21-p1-nh7kl"",""cpu_m"":719,""mem_b"":774451922,""priority"":""1"",""node"":""kwok-node-18""},{""name"":""rs-22-p1-bslnx"",""cpu_m"":528,""mem_b"":574258905,""priority"":""1"",""node"":""kwok-node-9""},{""name"":""rs-22-p1-jng2b"",""cpu_m"":528,""mem_b"":574258905,""priority"":""1"",""node"":""kwok-node-31""},{""name"":""rs-22-p1-kfnj7"",""cpu_m"":528,""mem_b"":574258905,""priority"":""1"",""node"":""kwok-node-7""},{""name"":""rs-23-p4-2lpqf"",""cpu_m"":363,""mem_b"":652769895,""priority"":""4"",""node"":""kwok-node-14""},{""name"":""rs-23-p4-jdrnc"",""cpu_m"":363,""mem_b"":652769895,""priority"":""4"",""node"":""kwok-node-17""},{""name"":""rs-23-p4-vbtrt"",""cpu_m"":363,""mem_b"":652769895,""priority"":""4"",""node"":""kwok-node-20""},{""name"":""rs-24-p1-9ndz9"",""cpu_m"":798,""mem_b"":975831099,""priority"":""1"",""node"":""""},{""name"":""rs-24-p1-ggs4x"",""cpu_m"":798,""mem_b"":975831099,""priority"":""1"",""node"":""kwok-node-24""},{""name"":""rs-24-p1-w8m5m"",""cpu_m"":798,""mem_b"":975831099,""priority"":""1"",""node"":""""},{""name"":""rs-25-p2-5gpnz"",""cpu_m"":694,""mem_b"":255131092,""priority"":""2"",""node"":""kwok-node-30""},{""name"":""rs-25-p2-cqhl5"",""cpu_m"":694,""mem_b"":255131092,""priority"":""2"",""node"":""kwok-node-8""},{""name"":""rs-25-p2-pf7d8"",""cpu_m"":694,""mem_b"":255131092,""priority"":""2"",""node"":""kwok-node-25""},{""name"":""rs-25-p2-wtnst"",""cpu_m"":694,""mem_b"":255131092,""priority"":""2"",""node"":""kwok-node-26""},{""name"":""rs-26-p2-5fjh4"",""cpu_m"":221,""mem_b"":425413580,""priority"":""2"",""node"":""kwok-node-1""},{""name"":""rs-26-p2-6rpq8"",""cpu_m"":221,""mem_b"":425413580,""priority"":""2"",""node"":""kwok-node-15""},{""name"":""rs-26-p2-prckd"",""cpu_m"":221,""mem_b"":425413580,""priority"":""2"",""node"":""kwok-node-16""},{""name"":""rs-27-p1-8jmpq"",""cpu_m"":779,""mem_b"":911791280,""priority"":""1"",""node"":""""},{""name"":""rs-27-p1-d7rcr"",""cpu_m"":779,""mem_b"":911791280,""priority"":""1"",""node"":""""},{""name"":""rs-28-p3-fszq7"",""cpu_m"":320,""mem_b"":415865976,""priority"":""3"",""node"":""kwok-node-28""},{""name"":""rs-29-p1-5dw6q"",""cpu_m"":701,""mem_b"":103679682,""priority"":""1"",""node"":""kwok-node-14""},{""name"":""rs-29-p1-6f5vp"",""cpu_m"":701,""mem_b"":103679682,""priority"":""1"",""node"":""kwok-node-23""},{""name"":""rs-29-p1-vk9jf"",""cpu_m"":701,""mem_b"":103679682,""priority"":""1"",""node"":""kwok-node-17""},{""name"":""rs-30-p4-6j86z"",""cpu_m"":976,""mem_b"":892904745,""priority"":""4"",""node"":""kwok-node-10""},{""name"":""rs-30-p4-pf4sh"",""cpu_m"":976,""mem_b"":892904745,""priority"":""4"",""node"":""kwok-node-21""},{""name"":""rs-31-p1-cwsg7"",""cpu_m"":818,""mem_b"":745794555,""priority"":""1"",""node"":""kwok-node-7""},{""name"":""rs-31-p1-jhfvx"",""cpu_m"":818,""mem_b"":745794555,""priority"":""1"",""node"":""kwok-node-9""},{""name"":""rs-31-p1-l52gr"",""cpu_m"":818,""mem_b"":745794555,""priority"":""1"",""node"":""kwok-node-26""},{""name"":""rs-32-p2-rfszx"",""cpu_m"":531,""mem_b"":294135625,""priority"":""2"",""node"":""kwok-node-18""},{""name"":""rs-32-p2-tgbs7"",""cpu_m"":531,""mem_b"":294135625,""priority"":""2"",""node"":""kwok-node-29""},{""name"":""rs-32-p2-thrts"",""cpu_m"":531,""mem_b"":294135625,""priority"":""2"",""node"":""kwok-node-3""},{""name"":""rs-32-p2-wmx4b"",""cpu_m"":531,""mem_b"":294135625,""priority"":""2"",""node"":""kwok-node-20""},{""name"":""rs-33-p3-9f9rs"",""cpu_m"":821,""mem_b"":431923151,""priority"":""3"",""node"":""kwok-node-5""},{""name"":""rs-33-p3-gk9jl"",""cpu_m"":821,""mem_b"":431923151,""priority"":""3"",""node"":""kwok-node-23""},{""name"":""rs-33-p3-rb27p"",""cpu_m"":821,""mem_b"":431923151,""priority"":""3"",""node"":""kwok-node-22""},{""name"":""rs-33-p3-wkkf9"",""cpu_m"":821,""mem_b"":431923151,""priority"":""3"",""node"":""kwok-node-6""},{""name"":""rs-34-p4-h5rsj"",""cpu_m"":980,""mem_b"":445012854,""priority"":""4"",""node"":""kwok-node-22""},{""name"":""rs-34-p4-p57wr"",""cpu_m"":980,""mem_b"":445012854,""priority"":""4"",""node"":""kwok-node-32""},{""name"":""rs-35-p1-l82qx"",""cpu_m"":267,""mem_b"":404997650,""priority"":""1"",""node"":""kwok-node-13""},{""name"":""rs-35-p1-nlwvs"",""cpu_m"":267,""mem_b"":404997650,""priority"":""1"",""node"":""kwok-node-27""},{""name"":""rs-36-p2-2nh4j"",""cpu_m"":302,""mem_b"":277466403,""priority"":""2"",""node"":""kwok-node-8""},{""name"":""rs-36-p2-56rm6"",""cpu_m"":302,""mem_b"":277466403,""priority"":""2"",""node"":""kwok-node-10""},{""name"":""rs-36-p2-6w7zn"",""cpu_m"":302,""mem_b"":277466403,""priority"":""2"",""node"":""kwok-node-30""},{""name"":""rs-36-p2-hz9ft"",""cpu_m"":302,""mem_b"":277466403,""priority"":""2"",""node"":""kwok-node-11""},{""name"":""rs-37-p2-4qkxt"",""cpu_m"":233,""mem_b"":419635056,""priority"":""2"",""node"":""kwok-node-10""},{""name"":""rs-37-p2-7585c"",""cpu_m"":233,""mem_b"":419635056,""priority"":""2"",""node"":""kwok-node-25""},{""name"":""rs-37-p2-trjvf"",""cpu_m"":233,""mem_b"":419635056,""priority"":""2"",""node"":""kwok-node-31""},{""name"":""rs-37-p2-xvcbb"",""cpu_m"":233,""mem_b"":419635056,""priority"":""2"",""node"":""kwok-node-12""},{""name"":""rs-38-p2-998tg"",""cpu_m"":607,""mem_b"":164285675,""priority"":""2"",""node"":""kwok-node-28""},{""name"":""rs-39-p3-dvk88"",""cpu_m"":353,""mem_b"":243443926,""priority"":""3"",""node"":""kwok-node-1""},{""name"":""rs-39-p3-fs2sl"",""cpu_m"":353,""mem_b"":243443926,""priority"":""3"",""node"":""kwok-node-16""},{""name"":""rs-40-p4-f64qc"",""cpu_m"":239,""mem_b"":297972921,""priority"":""4"",""node"":""kwok-node-15""},{""name"":""rs-41-p1-57xcp"",""cpu_m"":932,""mem_b"":530714262,""priority"":""1"",""node"":""""},{""name"":""rs-41-p1-bsth6"",""cpu_m"":932,""mem_b"":530714262,""priority"":""1"",""node"":""""},{""name"":""rs-42-p4-879sp"",""cpu_m"":367,""mem_b"":674607671,""priority"":""4"",""node"":""kwok-node-20""},{""name"":""rs-42-p4-dg46j"",""cpu_m"":367,""mem_b"":674607671,""priority"":""4"",""node"":""kwok-node-2""},{""name"":""rs-42-p4-mkcvq"",""cpu_m"":367,""mem_b"":674607671,""priority"":""4"",""node"":""kwok-node-23""},{""name"":""rs-42-p4-n88b7"",""cpu_m"":367,""mem_b"":674607671,""priority"":""4"",""node"":""kwok-node-4""},{""name"":""rs-43-p4-9mdsn"",""cpu_m"":636,""mem_b"":120768835,""priority"":""4"",""node"":""kwok-node-29""},{""name"":""rs-43-p4-psc6g"",""cpu_m"":636,""mem_b"":120768835,""priority"":""4"",""node"":""kwok-node-17""},{""name"":""rs-44-p4-7htqr"",""cpu_m"":638,""mem_b"":417744997,""priority"":""4"",""node"":""kwok-node-14""},{""name"":""rs-44-p4-dxplc"",""cpu_m"":638,""mem_b"":417744997,""priority"":""4"",""node"":""kwok-node-19""},{""name"":""rs-44-p4-t7jl7"",""cpu_m"":638,""mem_b"":417744997,""priority"":""4"",""node"":""kwok-node-2""},{""name"":""rs-45-p4-jb7jw"",""cpu_m"":380,""mem_b"":437713938,""priority"":""4"",""node"":""kwok-node-25""},{""name"":""rs-45-p4-pcghc"",""cpu_m"":380,""mem_b"":437713938,""priority"":""4"",""node"":""kwok-node-11""},{""name"":""rs-45-p4-xcvdm"",""cpu_m"":380,""mem_b"":437713938,""priority"":""4"",""node"":""kwok-node-13""},{""name"":""rs-46-p2-9l52n"",""cpu_m"":957,""mem_b"":711023279,""priority"":""2"",""node"":""kwok-node-27""},{""name"":""rs-47-p1-6s5gr"",""cpu_m"":986,""mem_b"":364359731,""priority"":""1"",""node"":""""},{""name"":""rs-47-p1-vl9g5"",""cpu_m"":986,""mem_b"":364359731,""priority"":""1"",""node"":""kwok-node-31""},{""name"":""rs-48-p3-6xtgz"",""cpu_m"":994,""mem_b"":945865012,""priority"":""3"",""node"":""kwok-node-2""},{""name"":""rs-48-p3-ln9fb"",""cpu_m"":994,""mem_b"":945865012,""priority"":""3"",""node"":""kwok-node-21""},{""name"":""rs-48-p3-lswhz"",""cpu_m"":994,""mem_b"":945865012,""priority"":""3"",""node"":""kwok-node-3""}]","[{""name"":""rs-01-p2-kf4xj"",""cpu_m"":728,""mem_b"":442492166,""priority"":""2"",""node"":""kwok-node-11""},{""name"":""rs-01-p2-l6lhk"",""cpu_m"":728,""mem_b"":442492166,""priority"":""2"",""node"":""kwok-node-10""},{""name"":""rs-01-p2-wpghg"",""cpu_m"":728,""mem_b"":442492166,""priority"":""2"",""node"":""kwok-node-13""},{""name"":""rs-01-p2-wz57v"",""cpu_m"":728,""mem_b"":442492166,""priority"":""2"",""node"":""kwok-node-12""},{""name"":""rs-02-p2-cfbqj"",""cpu_m"":439,""mem_b"":484308252,""priority"":""2"",""node"":""kwok-node-1""},{""name"":""rs-02-p2-pwgdn"",""cpu_m"":439,""mem_b"":484308252,""priority"":""2"",""node"":""kwok-node-16""},{""name"":""rs-02-p2-vmlm9"",""cpu_m"":439,""mem_b"":484308252,""priority"":""2"",""node"":""kwok-node-15""},{""name"":""rs-03-p1-7nz6f"",""cpu_m"":799,""mem_b"":957142467,""priority"":""1"",""node"":""kwok-node-20""},{""name"":""rs-03-p1-8pbpk"",""cpu_m"":799,""mem_b"":957142467,""priority"":""1"",""node"":""kwok-node-2""},{""name"":""rs-03-p1-bd2zm"",""cpu_m"":799,""mem_b"":957142467,""priority"":""1"",""node"":""kwok-node-21""},{""name"":""rs-04-p3-bksq7"",""cpu_m"":416,""mem_b"":923960108,""priority"":""3"",""node"":""kwok-node-17""},{""name"":""rs-04-p3-fgtg9"",""cpu_m"":416,""mem_b"":923960108,""priority"":""3"",""node"":""kwok-node-19""},{""name"":""rs-04-p3-k4cl7"",""cpu_m"":416,""mem_b"":923960108,""priority"":""3"",""node"":""kwok-node-14""},{""name"":""rs-05-p1-2f6lq"",""cpu_m"":713,""mem_b"":843669540,""priority"":""1"",""node"":""kwok-node-23""},{""name"":""rs-05-p1-n9892"",""cpu_m"":713,""mem_b"":843669540,""priority"":""1"",""node"":""kwok-node-18""},{""name"":""rs-05-p1-rs5bl"",""cpu_m"":713,""mem_b"":843669540,""priority"":""1"",""node"":""kwok-node-22""},{""name"":""rs-06-p2-2m64d"",""cpu_m"":928,""mem_b"":737207184,""priority"":""2"",""node"":""kwok-node-15""},{""name"":""rs-06-p2-crjhj"",""cpu_m"":928,""mem_b"":737207184,""priority"":""2"",""node"":""kwok-node-12""},{""name"":""rs-06-p2-k86xj"",""cpu_m"":928,""mem_b"":737207184,""priority"":""2"",""node"":""kwok-node-16""},{""name"":""rs-06-p2-tphfh"",""cpu_m"":928,""mem_b"":737207184,""priority"":""2"",""node"":""kwok-node-1""},{""name"":""rs-07-p3-bjsmx"",""cpu_m"":614,""mem_b"":328487477,""priority"":""3"",""node"":""kwok-node-24""},{""name"":""rs-07-p3-xfbs4"",""cpu_m"":614,""mem_b"":328487477,""priority"":""3"",""node"":""kwok-node-19""},{""name"":""rs-08-p2-5qpkw"",""cpu_m"":455,""mem_b"":768370906,""priority"":""2"",""node"":""kwok-node-26""},{""name"":""rs-08-p2-ls4mj"",""cpu_m"":455,""mem_b"":768370906,""priority"":""2"",""node"":""kwok-node-29""},{""name"":""rs-08-p2-wtppn"",""cpu_m"":455,""mem_b"":768370906,""priority"":""2"",""node"":""kwok-node-28""},{""name"":""rs-09-p1-fjzbd"",""cpu_m"":860,""mem_b"":186391895,""priority"":""1"",""node"":""kwok-node-3""},{""name"":""rs-10-p1-6jpmj"",""cpu_m"":691,""mem_b"":728559756,""priority"":""1"",""node"":""kwok-node-30""},{""name"":""rs-10-p1-bwfts"",""cpu_m"":691,""mem_b"":728559756,""priority"":""1"",""node"":""kwok-node-25""},{""name"":""rs-11-p1-2qjrn"",""cpu_m"":674,""mem_b"":547523648,""priority"":""1"",""node"":""kwok-node-27""},{""name"":""rs-11-p1-5w8mr"",""cpu_m"":674,""mem_b"":547523648,""priority"":""1"",""node"":""kwok-node-28""},{""name"":""rs-11-p1-qljzr"",""cpu_m"":674,""mem_b"":547523648,""priority"":""1"",""node"":""kwok-node-24""},{""name"":""rs-12-p2-6vs8p"",""cpu_m"":456,""mem_b"":863124598,""priority"":""2"",""node"":""kwok-node-31""},{""name"":""rs-13-p2-p2v8q"",""cpu_m"":303,""mem_b"":399848998,""priority"":""2"",""node"":""kwok-node-4""},{""name"":""rs-13-p2-pqpqf"",""cpu_m"":303,""mem_b"":399848998,""priority"":""2"",""node"":""kwok-node-8""},{""name"":""rs-14-p4-7kplj"",""cpu_m"":808,""mem_b"":817823614,""priority"":""4"",""node"":""kwok-node-32""},{""name"":""rs-14-p4-8bb9s"",""cpu_m"":808,""mem_b"":817823614,""priority"":""4"",""node"":""kwok-node-5""},{""name"":""rs-14-p4-zpznm"",""cpu_m"":808,""mem_b"":817823614,""priority"":""4"",""node"":""kwok-node-6""},{""name"":""rs-15-p2-4j787"",""cpu_m"":573,""mem_b"":907226289,""priority"":""2"",""node"":""kwok-node-9""},{""name"":""rs-15-p2-k674l"",""cpu_m"":573,""mem_b"":907226289,""priority"":""2"",""node"":""kwok-node-4""},{""name"":""rs-15-p2-ns8ld"",""cpu_m"":573,""mem_b"":907226289,""priority"":""2"",""node"":""kwok-node-8""},{""name"":""rs-15-p2-qkwzs"",""cpu_m"":573,""mem_b"":907226289,""priority"":""2"",""node"":""kwok-node-7""},{""name"":""rs-16-p1-dlh7q"",""cpu_m"":831,""mem_b"":853578764,""priority"":""1"",""node"":""kwok-node-13""},{""name"":""rs-16-p1-gccgr"",""cpu_m"":831,""mem_b"":853578764,""priority"":""1"",""node"":""kwok-node-10""},{""name"":""rs-16-p1-w4whv"",""cpu_m"":831,""mem_b"":853578764,""priority"":""1"",""node"":""kwok-node-27""},{""name"":""rs-16-p1-zrdjc"",""cpu_m"":831,""mem_b"":853578764,""priority"":""1"",""node"":""kwok-node-11""},{""name"":""rs-17-p1-tsfl7"",""cpu_m"":196,""mem_b"":609145056,""priority"":""1"",""node"":""kwok-node-3""},{""name"":""rs-18-p4-65zzf"",""cpu_m"":197,""mem_b"":384533063,""priority"":""4"",""node"":""kwok-node-30""},{""name"":""rs-18-p4-lr29g"",""cpu_m"":197,""mem_b"":384533063,""priority"":""4"",""node"":""kwok-node-25""},{""name"":""rs-18-p4-nwwgb"",""cpu_m"":197,""mem_b"":384533063,""priority"":""4"",""node"":""kwok-node-26""},{""name"":""rs-19-p1-8zzv6"",""cpu_m"":384,""mem_b"":865304632,""priority"":""1"",""node"":""kwok-node-3""},{""name"":""rs-19-p1-gdzfl"",""cpu_m"":384,""mem_b"":865304632,""priority"":""1"",""node"":""kwok-node-29""},{""name"":""rs-19-p1-jfmn8"",""cpu_m"":384,""mem_b"":865304632,""priority"":""1"",""node"":""kwok-node-32""},{""name"":""rs-20-p1-7xtlw"",""cpu_m"":232,""mem_b"":830448660,""priority"":""1"",""node"":""kwok-node-22""},{""name"":""rs-20-p1-fk44t"",""cpu_m"":232,""mem_b"":830448660,""priority"":""1"",""node"":""kwok-node-5""},{""name"":""rs-20-p1-p8hzr"",""cpu_m"":232,""mem_b"":830448660,""priority"":""1"",""node"":""kwok-node-6""},{""name"":""rs-20-p1-rgx68"",""cpu_m"":232,""mem_b"":830448660,""priority"":""1"",""node"":""kwok-node-23""},{""name"":""rs-21-p1-nh7kl"",""cpu_m"":719,""mem_b"":774451922,""priority"":""1"",""node"":""kwok-node-18""},{""name"":""rs-22-p1-bslnx"",""cpu_m"":528,""mem_b"":574258905,""priority"":""1"",""node"":""kwok-node-9""},{""name"":""rs-22-p1-jng2b"",""cpu_m"":528,""mem_b"":574258905,""priority"":""1"",""node"":""kwok-node-31""},{""name"":""rs-22-p1-kfnj7"",""cpu_m"":528,""mem_b"":574258905,""priority"":""1"",""node"":""kwok-node-7""},{""name"":""rs-23-p4-2lpqf"",""cpu_m"":363,""mem_b"":652769895,""priority"":""4"",""node"":""kwok-node-14""},{""name"":""rs-23-p4-jdrnc"",""cpu_m"":363,""mem_b"":652769895,""priority"":""4"",""node"":""kwok-node-17""},{""name"":""rs-23-p4-vbtrt"",""cpu_m"":363,""mem_b"":652769895,""priority"":""4"",""node"":""kwok-node-20""},{""name"":""rs-24-p1-47pn8"",""cpu_m"":798,""mem_b"":975831099,""priority"":""1"",""node"":""kwok-node-21""},{""name"":""rs-24-p1-ggs4x"",""cpu_m"":798,""mem_b"":975831099,""priority"":""1"",""node"":""kwok-node-24""},{""name"":""rs-24-p1-szqcg"",""cpu_m"":798,""mem_b"":975831099,""priority"":""1"",""node"":""kwok-node-2""},{""name"":""rs-25-p2-5gpnz"",""cpu_m"":694,""mem_b"":255131092,""priority"":""2"",""node"":""kwok-node-30""},{""name"":""rs-25-p2-cqhl5"",""cpu_m"":694,""mem_b"":255131092,""priority"":""2"",""node"":""kwok-node-8""},{""name"":""rs-25-p2-pf7d8"",""cpu_m"":694,""mem_b"":255131092,""priority"":""2"",""node"":""kwok-node-25""},{""name"":""rs-25-p2-wtnst"",""cpu_m"":694,""mem_b"":255131092,""priority"":""2"",""node"":""kwok-node-26""},{""name"":""rs-26-p2-5fjh4"",""cpu_m"":221,""mem_b"":425413580,""priority"":""2"",""node"":""kwok-node-1""},{""name"":""rs-26-p2-6rpq8"",""cpu_m"":221,""mem_b"":425413580,""priority"":""2"",""node"":""kwok-node-15""},{""name"":""rs-26-p2-prckd"",""cpu_m"":221,""mem_b"":425413580,""priority"":""2"",""node"":""kwok-node-16""},{""name"":""rs-27-p1-fbc7c"",""cpu_m"":779,""mem_b"":911791280,""priority"":""1"",""node"":""kwok-node-19""},{""name"":""rs-27-p1-thxz9"",""cpu_m"":779,""mem_b"":911791280,""priority"":""1"",""node"":""kwok-node-4""},{""name"":""rs-28-p3-fszq7"",""cpu_m"":320,""mem_b"":415865976,""priority"":""3"",""node"":""kwok-node-28""},{""name"":""rs-29-p1-5dw6q"",""cpu_m"":701,""mem_b"":103679682,""priority"":""1"",""node"":""kwok-node-14""},{""name"":""rs-29-p1-p46wc"",""cpu_m"":701,""mem_b"":103679682,""priority"":""1"",""node"":""kwok-node-31""},{""name"":""rs-29-p1-vk9jf"",""cpu_m"":701,""mem_b"":103679682,""priority"":""1"",""node"":""kwok-node-17""},{""name"":""rs-30-p4-6j86z"",""cpu_m"":976,""mem_b"":892904745,""priority"":""4"",""node"":""""},{""name"":""rs-30-p4-pf4sh"",""cpu_m"":976,""mem_b"":892904745,""priority"":""4"",""node"":""""},{""name"":""rs-31-p1-cwsg7"",""cpu_m"":818,""mem_b"":745794555,""priority"":""1"",""node"":""kwok-node-7""},{""name"":""rs-31-p1-jhfvx"",""cpu_m"":818,""mem_b"":745794555,""priority"":""1"",""node"":""kwok-node-9""},{""name"":""rs-31-p1-l52gr"",""cpu_m"":818,""mem_b"":745794555,""priority"":""1"",""node"":""kwok-node-26""},{""name"":""rs-32-p2-rfszx"",""cpu_m"":531,""mem_b"":294135625,""priority"":""2"",""node"":""kwok-node-18""},{""name"":""rs-32-p2-tgbs7"",""cpu_m"":531,""mem_b"":294135625,""priority"":""2"",""node"":""kwok-node-29""},{""name"":""rs-32-p2-thrts"",""cpu_m"":531,""mem_b"":294135625,""priority"":""2"",""node"":""kwok-node-3""},{""name"":""rs-32-p2-wmx4b"",""cpu_m"":531,""mem_b"":294135625,""priority"":""2"",""node"":""kwok-node-20""},{""name"":""rs-33-p3-9f9rs"",""cpu_m"":821,""mem_b"":431923151,""priority"":""3"",""node"":""kwok-node-5""},{""name"":""rs-33-p3-gk9jl"",""cpu_m"":821,""mem_b"":431923151,""priority"":""3"",""node"":""kwok-node-23""},{""name"":""rs-33-p3-rb27p"",""cpu_m"":821,""mem_b"":431923151,""priority"":""3"",""node"":""kwok-node-22""},{""name"":""rs-33-p3-wkkf9"",""cpu_m"":821,""mem_b"":431923151,""priority"":""3"",""node"":""kwok-node-6""},{""name"":""rs-34-p4-h5rsj"",""cpu_m"":980,""mem_b"":445012854,""priority"":""4"",""node"":""""},{""name"":""rs-34-p4-p57wr"",""cpu_m"":980,""mem_b"":445012854,""priority"":""4"",""node"":""kwok-node-32""},{""name"":""rs-35-p1-l82qx"",""cpu_m"":267,""mem_b"":404997650,""priority"":""1"",""node"":""kwok-node-13""},{""name"":""rs-35-p1-nlwvs"",""cpu_m"":267,""mem_b"":404997650,""priority"":""1"",""node"":""kwok-node-27""},{""name"":""rs-36-p2-2nh4j"",""cpu_m"":302,""mem_b"":277466403,""priority"":""2"",""node"":""kwok-node-8""},{""name"":""rs-36-p2-56rm6"",""cpu_m"":302,""mem_b"":277466403,""priority"":""2"",""node"":""kwok-node-10""},{""name"":""rs-36-p2-6w7zn"",""cpu_m"":302,""mem_b"":277466403,""priority"":""2"",""node"":""kwok-node-30""},{""name"":""rs-36-p2-hz9ft"",""cpu_m"":302,""mem_b"":277466403,""priority"":""2"",""node"":""kwok-node-11""},{""name"":""rs-37-p2-4qkxt"",""cpu_m"":233,""mem_b"":419635056,""priority"":""2"",""node"":""kwok-node-10""},{""name"":""rs-37-p2-7585c"",""cpu_m"":233,""mem_b"":419635056,""priority"":""2"",""node"":""kwok-node-25""},{""name"":""rs-37-p2-trjvf"",""cpu_m"":233,""mem_b"":419635056,""priority"":""2"",""node"":""kwok-node-31""},{""name"":""rs-37-p2-xvcbb"",""cpu_m"":233,""mem_b"":419635056,""priority"":""2"",""node"":""kwok-node-12""},{""name"":""rs-38-p2-998tg"",""cpu_m"":607,""mem_b"":164285675,""priority"":""2"",""node"":""kwok-node-28""},{""name"":""rs-39-p3-dvk88"",""cpu_m"":353,""mem_b"":243443926,""priority"":""3"",""node"":""kwok-node-1""},{""name"":""rs-39-p3-fs2sl"",""cpu_m"":353,""mem_b"":243443926,""priority"":""3"",""node"":""kwok-node-16""},{""name"":""rs-40-p4-f64qc"",""cpu_m"":239,""mem_b"":297972921,""priority"":""4"",""node"":""kwok-node-15""},{""name"":""rs-41-p1-57xcp"",""cpu_m"":932,""mem_b"":530714262,""priority"":""1"",""node"":""""},{""name"":""rs-41-p1-bsth6"",""cpu_m"":932,""mem_b"":530714262,""priority"":""1"",""node"":""""},{""name"":""rs-42-p4-879sp"",""cpu_m"":367,""mem_b"":674607671,""priority"":""4"",""node"":""""},{""name"":""rs-42-p4-dg46j"",""cpu_m"":367,""mem_b"":674607671,""priority"":""4"",""node"":""""},{""name"":""rs-42-p4-mkcvq"",""cpu_m"":367,""mem_b"":674607671,""priority"":""4"",""node"":""""},{""name"":""rs-42-p4-n88b7"",""cpu_m"":367,""mem_b"":674607671,""priority"":""4"",""node"":""""},{""name"":""rs-43-p4-9mdsn"",""cpu_m"":636,""mem_b"":120768835,""priority"":""4"",""node"":""kwok-node-29""},{""name"":""rs-43-p4-psc6g"",""cpu_m"":636,""mem_b"":120768835,""priority"":""4"",""node"":""kwok-node-17""},{""name"":""rs-44-p4-7htqr"",""cpu_m"":638,""mem_b"":417744997,""priority"":""4"",""node"":""kwok-node-14""},{""name"":""rs-44-p4-dxplc"",""cpu_m"":638,""mem_b"":417744997,""priority"":""4"",""node"":""""},{""name"":""rs-44-p4-t7jl7"",""cpu_m"":638,""mem_b"":417744997,""priority"":""4"",""node"":""""},{""name"":""rs-45-p4-jb7jw"",""cpu_m"":380,""mem_b"":437713938,""priority"":""4"",""node"":""kwok-node-25""},{""name"":""rs-45-p4-pcghc"",""cpu_m"":380,""mem_b"":437713938,""priority"":""4"",""node"":""kwok-node-11""},{""name"":""rs-45-p4-xcvdm"",""cpu_m"":380,""mem_b"":437713938,""priority"":""4"",""node"":""kwok-node-13""},{""name"":""rs-46-p2-9l52n"",""cpu_m"":957,""mem_b"":711023279,""priority"":""2"",""node"":""""},{""name"":""rs-47-p1-6s5gr"",""cpu_m"":986,""mem_b"":364359731,""priority"":""1"",""node"":""""},{""name"":""rs-47-p1-vl9g5"",""cpu_m"":986,""mem_b"":364359731,""priority"":""1"",""node"":""""},{""name"":""rs-48-p3-6xtgz"",""cpu_m"":994,""mem_b"":945865012,""priority"":""3"",""node"":""""},{""name"":""rs-48-p3-ln9fb"",""cpu_m"":994,""mem_b"":945865012,""priority"":""3"",""node"":""""},{""name"":""rs-48-p3-lswhz"",""cpu_m"":994,""mem_b"":945865012,""priority"":""3"",""node"":""""}]","[{""name"":""kwok-node-1"",""cap_cpu_m"":2242,""cap_mem_bytes"":2228409890},{""name"":""kwok-node-2"",""cap_cpu_m"":2242,""cap_mem_bytes"":2228409890},{""name"":""kwok-node-3"",""cap_cpu_m"":2242,""cap_mem_bytes"":2228409890},{""name"":""kwok-node-4"",""cap_cpu_m"":2242,""cap_mem_bytes"":2228409890},{""name"":""kwok-node-5"",""cap_cpu_m"":2242,""cap_mem_bytes"":2228409890},{""name"":""kwok-node-6"",""cap_cpu_m"":2242,""cap_mem_bytes"":2228409890},{""name"":""kwok-node-7"",""cap_cpu_m"":2242,""cap_mem_bytes"":2228409890},{""name"":""kwok-node-8"",""cap_cpu_m"":2242,""cap_mem_bytes"":2228409890},{""name"":""kwok-node-9"",""cap_cpu_m"":2242,""cap_mem_bytes"":2228409890},{""name"":""kwok-node-10"",""cap_cpu_m"":2242,""cap_mem_bytes"":2228409890},{""name"":""kwok-node-11"",""cap_cpu_m"":2242,""cap_mem_bytes"":2228409890},{""name"":""kwok-node-12"",""cap_cpu_m"":2242,""cap_mem_bytes"":2228409890},{""name"":""kwok-node-13"",""cap_cpu_m"":2242,""cap_mem_bytes"":2228409890},{""name"":""kwok-node-14"",""cap_cpu_m"":2242,""cap_mem_bytes"":2228409890},{""name"":""kwok-node-15"",""cap_cpu_m"":2242,""cap_mem_bytes"":2228409890},{""name"":""kwok-node-16"",""cap_cpu_m"":2242,""cap_mem_bytes"":2228409890},{""name"":""kwok-node-17"",""cap_cpu_m"":2242,""cap_mem_bytes"":2228409890},{""name"":""kwok-node-18"",""cap_cpu_m"":2242,""cap_mem_bytes"":2228409890},{""name"":""kwok-node-19"",""cap_cpu_m"":2242,""cap_mem_bytes"":2228409890},{""name"":""kwok-node-20"",""cap_cpu_m"":2242,""cap_mem_bytes"":2228409890},{""name"":""kwok-node-21"",""cap_cpu_m"":2242,""cap_mem_bytes"":2228409890},{""name"":""kwok-node-22"",""cap_cpu_m"":2242,""cap_mem_bytes"":2228409890},{""name"":""kwok-node-23"",""cap_cpu_m"":2242,""cap_mem_bytes"":2228409890},{""name"":""kwok-node-24"",""cap_cpu_m"":2242,""cap_mem_bytes"":2228409890},{""name"":""kwok-node-25"",""cap_cpu_m"":2242,""cap_mem_bytes"":2228409890},{""name"":""kwok-node-26"",""cap_cpu_m"":2242,""cap_mem_bytes"":2228409890},{""name"":""kwok-node-27"",""cap_cpu_m"":2242,""cap_mem_bytes"":2228409890},{""name"":""kwok-node-28"",""cap_cpu_m"":2242,""cap_mem_bytes"":2228409890},{""name"":""kwok-node-29"",""cap_cpu_m"":2242,""cap_mem_bytes"":2228409890},{""name"":""kwok-node-30"",""cap_cpu_m"":2242,""cap_mem_bytes"":2228409890},{""name"":""kwok-node-31"",""cap_cpu_m"":2242,""cap_mem_bytes"":2228409890},{""name"":""kwok-node-32"",""cap_cpu_m"":2242,""cap_mem_bytes"":2228409890}]"
2026/02/11/12:02:05,4245042552790771277,,"{""evicted"":0,""moved"":0,""placed_by_priority"":{""1"":25,""2"":37,""3"":29,""4"":13}}",python,"{""evicted"":12,""moved"":12,""placed_by_priority"":{""1"":13,""2"":44,""3"":33,""4"":25}}",989,FEASIBLE,"[{""duration_ms"":989,""name"":""python"",""score"":{""evicted"":12,""moved"":12,""placed_by_priority"":{""1"":13,""2"":44,""3"":33,""4"":25}},""status"":""FEASIBLE""}]",0.928,0.850,0.916,0.853,63045,57714,61112063800,56869161918,115,104,13,24,"{""kwok-node-1"":4,""kwok-node-10"":3,""kwok-node-11"":3,""kwok-node-12"":4,""kwok-node-13"":3,""kwok-node-14"":4,""kwok-node-15"":4,""kwok-node-16"":3,""kwok-node-17"":4,""kwok-node-18"":3,""kwok-node-19"":4,""kwok-node-2"":4,""kwok-node-20"":4,""kwok-node-21"":3,""kwok-node-22"":3,""kwok-node-23"":3,""kwok-node-24"":4,""kwok-node-25"":3,""kwok-node-26"":4,""kwok-node-27"":3,""kwok-node-28"":4,""kwok-node-29"":4,""kwok-node-3"":4,""kwok-node-30"":4,""kwok-node-31"":3,""kwok-node-32"":4,""kwok-node-4"":4,""kwok-node-5"":5,""kwok-node-6"":3,""kwok-node-7"":3,""kwok-node-8"":3,""kwok-node-9"":4}","{""kwok-node-1"":3,""kwok-node-10"":3,""kwok-node-11"":4,""kwok-node-12"":3,""kwok-node-13"":4,""kwok-node-14"":3,""kwok-node-15"":5,""kwok-node-16"":3,""kwok-node-17"":4,""kwok-node-18"":3,""kwok-node-19"":3,""kwok-node-2"":3,""kwok-node-20"":3,""kwok-node-21"":2,""kwok-node-22"":3,""kwok-node-23"":3,""kwok-node-24"":3,""kwok-node-25"":3,""kwok-node-26"":4,""kwok-node-27"":3,""kwok-node-28"":3,""kwok-node-29"":5,""kwok-node-3"":3,""kwok-node-30"":3,""kwok-node-31"":3,""kwok-node-32"":3,""kwok-node-4"":3,""kwok-node-5"":4,""kwok-node-6"":3,""kwok-node-7"":3,""kwok-node-8"":3,""kwok-node-9"":3}","{""p1"":13,""p2"":44,""p3"":33,""p4"":25}","{""p1"":25,""p2"":37,""p3"":29,""p4"":13}","{""p1"":13}","{""p1"":1,""p2"":7,""p3"":4,""p4"":12}","{rs-03-p1-shqwj,rs-04-p1-tdxq2,rs-07-p1-zbf48,rs-17-p1-c5gws,rs-17-p1-zbw5d,rs-20-p1-dwt47,rs-20-p1-g9r76,rs-20-p1-nvr48,rs-21-p1-b65qz,rs-21-p1-n7r7p,rs-28-p1-4bsjg,rs-36-p1-fdmbg,rs-55-p1-xx5nz}","{rs-43-p2-p7pbt,rs-45-p4-4wcnz,rs-45-p4-jhhz7,rs-45-p4-x5s6x,rs-47-p4-hxzvw,rs-48-p3-2drth,rs-48-p3-qxjz2,rs-48-p3-rn6kh,rs-48-p3-tj7wj,rs-50-p2-x6lth,rs-52-p2-bww85,rs-52-p2-fg4lh,rs-52-p2-w7bjf,rs-53-p4-flh94,rs-53-p4-qs74c,rs-53-p4-wxhwf,rs-54-p2-bn9t8,rs-54-p2-fg5dj,rs-55-p1-xx5nz,rs-56-p4-tpvb5,rs-56-p4-zkfks,rs-57-p4-4l7qp,rs-57-p4-glw5h,rs-57-p4-jgnqz}","{rs-01-p3-d6dsq,rs-01-p3-wrhbr,rs-02-p4-7rpbp,rs-05-p2-8df59,rs-05-p2-h75p2,rs-06-p1-gfcls,rs-06-p1-pdqpt,rs-06-p1-w582m,rs-06-p1-x2dvh,rs-07-p1-78q7s,rs-08-p2-p8hnc,rs-09-p2-6kfwf,rs-09-p2-bj6wv,rs-09-p2-rnd4n,rs-10-p1-ggf66,rs-10-p1-h958r,rs-10-p1-j4v5w,rs-11-p3-5j9p5,rs-11-p3-7bft7,rs-11-p3-j2k56,rs-11-p3-sr8gj,rs-12-p3-gms4t,rs-12-p3-hl77v,rs-13-p3-fc6k8,rs-14-p2-99w9g,rs-14-p2-tqvc5,rs-14-p2-ttlzl,rs-15-p3-t99nk,rs-16-p2-bpfkt,rs-16-p2-m64wn,rs-18-p4-nf4px,rs-18-p4-nj9rt,rs-19-p2-bd7t5,rs-19-p2-k4mrf,rs-22-p2-4xhdd,rs-22-p2-k4jzv,rs-22-p2-pfmpt,rs-22-p2-zhjrn,rs-23-p3-47t88,rs-23-p3-5dhb7,rs-23-p3-7csmn,rs-23-p3-dxbtm,rs-24-p2-6wxf6,rs-24-p2-lf4vl,rs-24-p2-m74dj,rs-24-p2-qj664,rs-25-p1-hdv7v,rs-25-p1-mn62q,rs-25-p1-vrfh2,rs-26-p4-7mw48,rs-26-p4-7vg9j,rs-27-p3-4tcss,rs-29-p2-76mpb,rs-29-p2-cxs6g,rs-29-p2-ddgjk,rs-30-p4-ntr4m,rs-31-p3-fffjf,rs-31-p3-p4tsq,rs-31-p3-rrhpw,rs-31-p3-w7qhx,rs-32-p2-4kjwk,rs-32-p2-mpwmh,rs-33-p3-4wwp7,rs-33-p3-66bvx,rs-33-p3-6z88j,rs-33-p3-hf8t2,rs-34-p3-q7dqf,rs-35-p3-cjjhl,rs-35-p3-zrncd,rs-37-p3-g49jb,rs-37-p3-mhb7r,rs-37-p3-mslrp,rs-38-p2-4wtqd,rs-38-p2-xbz64,rs-39-p4-pw766,rs-40-p4-nf7sq,rs-41-p2-6mjmb,rs-41-p2-cvmcs,rs-41-p2-gwfm2,rs-41-p2-vb9pj,rs-42-p4-dvk64,rs-42-p4-wh8kq,rs-42-p4-xc4lp,rs-43-p2-p7pbt,rs-44-p2-ggq49,rs-44-p2-klj4q,rs-44-p2-nzckl,rs-44-p2-w6vpp,rs-45-p4-4wcnz,rs-45-p4-cgdnr,rs-45-p4-jhhz7,rs-45-p4-x5s6x,rs-46-p2-2c85j,rs-47-p4-hxzvw,rs-48-p3-2drth,rs-48-p3-qxjz2,rs-48-p3-rn6kh,rs-48-p3-tj7wj,rs-49-p1-5rsl9,rs-49-p1-mw9wn,rs-50-p2-x6lth,rs-51-p4-nz7ch,rs-52-p2-bww85,rs-52-p2-fg4lh,rs-52-p2-w7bjf,rs-53-p4-flh94,rs-53-p4-qs74c,rs-53-p4-wxhwf,rs-54-p2-bn9t8,rs-54-p2-fg5dj,rs-56-p4-tpvb5,rs-56-p4-zkfks,rs-57-p4-4l7qp,rs-57-p4-glw5h,rs-57-p4-jgnqz}","{rs-01-p3-d6dsq,rs-01-p3-wrhbr,rs-02-p4-7rpbp,rs-03-p1-q2cw7,rs-04-p1-xrw8d,rs-05-p2-8df59,rs-05-p2-h75p2,rs-06-p1-f2lgq,rs-06-p1-frn6x,rs-06-p1-gfcls,rs-06-p1-jhtg9,rs-07-p1-8jz2v,rs-07-p1-v2qg6,rs-08-p2-p8hnc,rs-09-p2-6kfwf,rs-09-p2-bj6wv,rs-09-p2-rnd4n,rs-10-p1-btn4r,rs-10-p1-bxgdr,rs-10-p1-h48pz,rs-11-p3-5j9p5,rs-11-p3-7bft7,rs-11-p3-j2k56,rs-11-p3-sr8gj,rs-12-p3-gms4t,rs-12-p3-hl77v,rs-13-p3-fc6k8,rs-14-p2-99w9g,rs-14-p2-tqvc5,rs-14-p2-ttlzl,rs-15-p3-t99nk,rs-16-p2-bpfkt,rs-16-p2-m64wn,rs-17-p1-bnl9p,rs-17-p1-zr542,rs-18-p4-nf4px,rs-18-p4-nj9rt,rs-19-p2-bd7t5,rs-19-p2-k4mrf,rs-20-p1-bl7ct,rs-20-p1-t4gtx,rs-20-p1-vfw2w,rs-21-p1-54ghh,rs-21-p1-fr64l,rs-22-p2-4xhdd,rs-22-p2-k4jzv,rs-22-p2-pfmpt,rs-22-p2-zhjrn,rs-23-p3-47t88,rs-23-p3-5dhb7,rs-23-p3-7csmn,rs-23-p3-dxbtm,rs-24-p2-6wxf6,rs-24-p2-lf4vl,rs-24-p2-m74dj,rs-24-p2-qj664,rs-25-p1-lm8nm,rs-25-p1-lpbfs,rs-25-p1-zsg4h,rs-26-p4-7mw48,rs-26-p4-7vg9j,rs-27-p3-4tcss,rs-28-p1-rb9xn,rs-29-p2-76mpb,rs-29-p2-cxs6g,rs-29-p2-ddgjk,rs-30-p4-ntr4m,rs-31-p3-fffjf,rs-31-p3-p4tsq,rs-31-p3-rrhpw,rs-31-p3-w7qhx,rs-32-p2-4kjwk,rs-32-p2-mpwmh,rs-33-p3-4wwp7,rs-33-p3-66bvx,rs-33-p3-6z88j,rs-33-p3-hf8t2,rs-34-p3-q7dqf,rs-35-p3-cjjhl,rs-35-p3-zrncd,rs-36-p1-knvfb,rs-37-p3-g49jb,rs-37-p3-mhb7r,rs-37-p3-mslrp,rs-38-p2-4wtqd,rs-38-p2-xbz64,rs-39-p4-pw766,rs-40-p4-nf7sq,rs-41-p2-6mjmb,rs-41-p2-cvmcs,rs-41-p2-gwfm2,rs-41-p2-vb9pj,rs-42-p4-dvk64,rs-42-p4-wh8kq,rs-42-p4-xc4lp,rs-44-p2-ggq49,rs-44-p2-klj4q,rs-44-p2-nzckl,rs-44-p2-w6vpp,rs-45-p4-cgdnr,rs-46-p2-2c85j,rs-49-p1-2t7dh,rs-49-p1-vjlxj,rs-51-p4-nz7ch}","[{""name"":""rs-01-p3-d6dsq"",""cpu_m"":552,""mem_b"":743931979,""priority"":""3"",""node"":""kwok-node-1""},{""name"":""rs-01-p3-wrhbr"",""cpu_m"":552,""mem_b"":743931979,""priority"":""3"",""node"":""kwok-node-10""},{""name"":""rs-02-p4-7rpbp"",""cpu_m"":982,""mem_b"":635334459,""priority"":""4"",""node"":""kwok-node-18""},{""name"":""rs-03-p1-shqwj"",""cpu_m"":997,""mem_b"":893162223,""priority"":""1"",""node"":""""},{""name"":""rs-04-p1-tdxq2"",""cpu_m"":804,""mem_b"":238766954,""priority"":""1"",""node"":""""},{""name"":""rs-05-p2-8df59"",""cpu_m"":923,""mem_b"":125308487,""priority"":""2"",""node"":""kwok-node-23""},{""name"":""rs-05-p2-h75p2"",""cpu_m"":923,""mem_b"":125308487,""priority"":""2"",""node"":""kwok-node-20""},{""name"":""rs-06-p1-gfcls"",""cpu_m"":128,""mem_b"":210457929,""priority"":""1"",""node"":""kwok-node-2""},{""name"":""rs-06-p1-pdqpt"",""cpu_m"":128,""mem_b"":210457929,""priority"":""1"",""node"":""kwok-node-9""},{""name"":""rs-06-p1-w582m"",""cpu_m"":128,""mem_b"":210457929,""priority"":""1"",""node"":""kwok-node-5""},{""name"":""rs-06-p1-x2dvh"",""cpu_m"":128,""mem_b"":210457929,""priority"":""1"",""node"":""kwok-node-32""},{""name"":""rs-07-p1-78q7s"",""cpu_m"":756,""mem_b"":465851742,""priority"":""1"",""node"":""kwok-node-15""},{""name"":""rs-07-p1-zbf48"",""cpu_m"":756,""mem_b"":465851742,""priority"":""1"",""node"":""""},{""name"":""rs-08-p2-p8hnc"",""cpu_m"":858,""mem_b"":343899531,""priority"":""2"",""node"":""kwok-node-25""},{""name"":""rs-09-p2-6kfwf"",""cpu_m"":186,""mem_b"":526117515,""priority"":""2"",""node"":""kwok-node-30""},{""name"":""rs-09-p2-bj6wv"",""cpu_m"":186,""mem_b"":526117515,""priority"":""2"",""node"":""kwok-node-28""},{""name"":""rs-09-p2-rnd4n"",""cpu_m"":186,""mem_b"":526117515,""priority"":""2"",""node"":""kwok-node-29""},{""name"":""rs-10-p1-ggf66"",""cpu_m"":194,""mem_b"":715151139,""priority"":""1"",""node"":""kwok-node-21""},{""name"":""rs-10-p1-h958r"",""cpu_m"":194,""mem_b"":715151139,""priority"":""1"",""node"":""kwok-node-17""},{""name"":""rs-10-p1-j4v5w"",""cpu_m"":194,""mem_b"":715151139,""priority"":""1"",""node"":""kwok-node-2""},{""name"":""rs-11-p3-5j9p5"",""cpu_m"":212,""mem_b"":389619139,""priority"":""3"",""node"":""kwok-node-14""},{""name"":""rs-11-p3-7bft7"",""cpu_m"":212,""mem_b"":389619139,""priority"":""3"",""node"":""kwok-node-26""},{""name"":""rs-11-p3-j2k56"",""cpu_m"":212,""mem_b"":389619139,""priority"":""3"",""node"":""kwok-node-3""},{""name"":""rs-11-p3-sr8gj"",""cpu_m"":212,""mem_b"":389619139,""priority"":""3"",""node"":""kwok-node-12""},{""name"":""rs-12-p3-gms4t"",""cpu_m"":833,""mem_b"":502972247,""priority"":""3"",""node"":""kwok-node-31""},{""name"":""rs-12-p3-hl77v"",""cpu_m"":833,""mem_b"":502972247,""priority"":""3"",""node"":""kwok-node-7""},{""name"":""rs-13-p3-fc6k8"",""cpu_m"":890,""mem_b"":492696016,""priority"":""3"",""node"":""kwok-node-32""},{""name"":""rs-14-p2-99w9g"",""cpu_m"":883,""mem_b"":424874290,""priority"":""2"",""node"":""kwok-node-6""},{""name"":""rs-14-p2-tqvc5"",""cpu_m"":883,""mem_b"":424874290,""priority"":""2"",""node"":""kwok-node-9""},{""name"":""rs-14-p2-ttlzl"",""cpu_m"":883,""mem_b"":424874290,""priority"":""2"",""node"":""kwok-node-8""},{""name"":""rs-15-p3-t99nk"",""cpu_m"":439,""mem_b"":910364900,""priority"":""3"",""node"":""kwok-node-4""},{""name"":""rs-16-p2-bpfkt"",""cpu_m"":617,""mem_b"":642931776,""priority"":""2"",""node"":""kwok-node-13""},{""name"":""rs-16-p2-m64wn"",""cpu_m"":617,""mem_b"":642931776,""priority"":""2"",""node"":""kwok-node-5""},{""name"":""rs-17-p1-c5gws"",""cpu_m"":745,""mem_b"":398698387,""priority"":""1"",""node"":""""},{""name"":""rs-17-p1-zbw5d"",""cpu_m"":745,""mem_b"":398698387,""priority"":""1"",""node"":""""},{""name"":""rs-18-p4-nf4px"",""cpu_m"":710,""mem_b"":373556806,""priority"":""4"",""node"":""kwok-node-15""},{""name"":""rs-18-p4-nj9rt"",""cpu_m"":710,""mem_b"":373556806,""priority"":""4"",""node"":""kwok-node-28""},{""name"":""rs-19-p2-bd7t5"",""cpu_m"":975,""mem_b"":314168384,""priority"":""2"",""node"":""kwok-node-22""},{""name"":""rs-19-p2-k4mrf"",""cpu_m"":975,""mem_b"":314168384,""priority"":""2"",""node"":""kwok-node-30""},{""name"":""rs-20-p1-dwt47"",""cpu_m"":692,""mem_b"":886743515,""priority"":""1"",""node"":""""},{""name"":""rs-20-p1-g9r76"",""cpu_m"":692,""mem_b"":886743515,""priority"":""1"",""node"":""""},{""name"":""rs-20-p1-nvr48"",""cpu_m"":692,""mem_b"":886743515,""priority"":""1"",""node"":""""},{""name"":""rs-21-p1-b65qz"",""cpu_m"":232,""mem_b"":823343420,""priority"":""1"",""node"":""""},{""name"":""rs-21-p1-n7r7p"",""cpu_m"":232,""mem_b"":823343420,""priority"":""1"",""node"":""""},{""name"":""rs-22-p2-4xhdd"",""cpu_m"":615,""mem_b"":400045068,""priority"":""2"",""node"":""kwok-node-26""},{""name"":""rs-22-p2-k4jzv"",""cpu_m"":615,""mem_b"":400045068,""priority"":""2"",""node"":""kwok-node-27""},{""name"":""rs-22-p2-pfmpt"",""cpu_m"":615,""mem_b"":400045068,""priority"":""2"",""node"":""kwok-node-29""},{""name"":""rs-22-p2-zhjrn"",""cpu_m"":615,""mem_b"":400045068,""priority"":""2"",""node"":""kwok-node-17""},{""name"":""rs-23-p3-47t88"",""cpu_m"":662,""mem_b"":981308017,""priority"":""3"",""node"":""kwok-node-7""},{""name"":""rs-23-p3-5dhb7"",""cpu_m"":662,""mem_b"":981308017,""priority"":""3"",""node"":""kwok-node-19""},{""name"":""rs-23-p3-7csmn"",""cpu_m"":662,""mem_b"":981308017,""priority"":""3"",""node"":""kwok-node-24""},{""name"":""rs-23-p3-dxbtm"",""cpu_m"":662,""mem_b"":981308017,""priority"":""3"",""node"":""kwok-node-25""},{""name"":""rs-24-p2-6wxf6"",""cpu_m"":732,""mem_b"":178928845,""priority"":""2"",""node"":""kwok-node-1""},{""name"":""rs-24-p2-lf4vl"",""cpu_m"":732,""mem_b"":178928845,""priority"":""2"",""node"":""kwok-node-4""},{""name"":""rs-24-p2-m74dj"",""cpu_m"":732,""mem_b"":178928845,""priority"":""2"",""node"":""kwok-node-5""},{""name"":""rs-24-p2-qj664"",""cpu_m"":732,""mem_b"":178928845,""priority"":""2"",""node"":""kwok-node-10""},{""name"":""rs-25-p1-hdv7v"",""cpu_m"":317,""mem_b"":101343921,""priority"":""1"",""node"":""kwok-node-30""},{""name"":""rs-25-p1-mn62q"",""cpu_m"":317,""mem_b"":101343921,""priority"":""1"",""node"":""kwok-node-4""},{""name"":""rs-25-p1-vrfh2"",""cpu_m"":317,""mem_b"":101343921,""priority"":""1"",""node"":""kwok-node-28""},{""name"":""rs-26-p4-7mw48"",""cpu_m"":126,""mem_b"":950544901,""priority"":""4"",""node"":""kwok-node-8""},{""name"":""rs-26-p4-7vg9j"",""cpu_m"":126,""mem_b"":950544901,""priority"":""4"",""node"":""kwok-node-20""},{""name"":""rs-27-p3-4tcss"",""cpu_m"":959,""mem_b"":100877826,""priority"":""3"",""node"":""kwok-node-17""},{""name"":""rs-28-p1-4bsjg"",""cpu_m"":365,""mem_b"":786219251,""priority"":""1"",""node"":""""},{""name"":""rs-29-p2-76mpb"",""cpu_m"":739,""mem_b"":978979359,""priority"":""2"",""node"":""kwok-node-2""},{""name"":""rs-29-p2-cxs6g"",""cpu_m"":739,""mem_b"":978979359,""priority"":""2"",""node"":""kwok-node-9""},{""name"":""rs-29-p2-ddgjk"",""cpu_m"":739,""mem_b"":978979359,""priority"":""2"",""node"":""kwok-node-31""},{""name"":""rs-30-p4-ntr4m"",""cpu_m"":542,""mem_b"":528039059,""priority"":""4"",""node"":""kwok-node-26""},{""name"":""rs-31-p3-fffjf"",""cpu_m"":323,""mem_b"":727788862,""priority"":""3"",""node"":""kwok-node-18""},{""name"":""rs-31-p3-p4tsq"",""cpu_m"":323,""mem_b"":727788862,""priority"":""3"",""node"":""kwok-node-11""},{""name"":""rs-31-p3-rrhpw"",""cpu_m"":323,""mem_b"":727788862,""priority"":""3"",""node"":""kwok-node-32""},{""name"":""rs-31-p3-w7qhx"",""cpu_m"":323,""mem_b"":727788862,""priority"":""3"",""node"":""kwok-node-15""},{""name"":""rs-32-p2-4kjwk"",""cpu_m"":830,""mem_b"":984589076,""priority"":""2"",""node"":""kwok-node-28""},{""name"":""rs-32-p2-mpwmh"",""cpu_m"":830,""mem_b"":984589076,""priority"":""2"",""node"":""kwok-node-21""},{""name"":""rs-33-p3-4wwp7"",""cpu_m"":874,""mem_b"":538205535,""priority"":""3"",""node"":""kwok-node-3""},{""name"":""rs-33-p3-66bvx"",""cpu_m"":874,""mem_b"":538205535,""priority"":""3"",""node"":""kwok-node-27""},{""name"":""rs-33-p3-6z88j"",""cpu_m"":874,""mem_b"":538205535,""priority"":""3"",""node"":""kwok-node-12""},{""name"":""rs-33-p3-hf8t2"",""cpu_m"":874,""mem_b"":538205535,""priority"":""3"",""node"":""kwok-node-14""},{""name"":""rs-34-p3-q7dqf"",""cpu_m"":907,""mem_b"":784608867,""priority"":""3"",""node"":""kwok-node-16""},{""name"":""rs-35-p3-cjjhl"",""cpu_m"":814,""mem_b"":402552665,""priority"":""3"",""node"":""kwok-node-8""},{""name"":""rs-35-p3-zrncd"",""cpu_m"":814,""mem_b"":402552665,""priority"":""3"",""node"":""kwok-node-20""},{""name"":""rs-36-p1-fdmbg"",""cpu_m"":911,""mem_b"":634670902,""priority"":""1"",""node"":""""},{""name"":""rs-37-p3-g49jb"",""cpu_m"":530,""mem_b"":841944601,""priority"":""3"",""node"":""kwok-node-30""},{""name"":""rs-37-p3-mhb7r"",""cpu_m"":530,""mem_b"":841944601,""priority"":""3"",""node"":""kwok-node-23""},{""name"":""rs-37-p3-mslrp"",""cpu_m"":530,""mem_b"":841944601,""priority"":""3"",""node"":""kwok-node-1""},{""name"":""rs-38-p2-4wtqd"",""cpu_m"":515,""mem_b"":540877485,""priority"":""2"",""node"":""kwok-node-29""},{""name"":""rs-38-p2-xbz64"",""cpu_m"":515,""mem_b"":540877485,""priority"":""2"",""node"":""kwok-node-22""},{""name"":""rs-39-p4-pw766"",""cpu_m"":471,""mem_b"":533266960,""priority"":""4"",""node"":""kwok-node-4""},{""name"":""rs-40-p4-nf7sq"",""cpu_m"":746,""mem_b"":574662261,""priority"":""4"",""node"":""kwok-node-11""},{""name"":""rs-41-p2-6mjmb"",""cpu_m"":626,""mem_b"":465222149,""priority"":""2"",""node"":""kwok-node-18""},{""name"":""rs-41-p2-cvmcs"",""cpu_m"":626,""mem_b"":465222149,""priority"":""2"",""node"":""kwok-node-32""},{""name"":""rs-41-p2-gwfm2"",""cpu_m"":626,""mem_b"":465222149,""priority"":""2"",""node"":""kwok-node-10""},{""name"":""rs-41-p2-vb9pj"",""cpu_m"":626,""mem_b"":465222149,""priority"":""2"",""node"":""kwok-node-6""},{""name"":""rs-42-p4-dvk64"",""cpu_m"":419,""mem_b"":689897705,""priority"":""4"",""node"":""kwok-node-5""},{""name"":""rs-42-p4-wh8kq"",""cpu_m"":419,""mem_b"":689897705,""priority"":""4"",""node"":""kwok-node-26""},{""name"":""rs-42-p4-xc4lp"",""cpu_m"":419,""mem_b"":689897705,""priority"":""4"",""node"":""kwok-node-25""},{""name"":""rs-43-p2-p7pbt"",""cpu_m"":384,""mem_b"":978569636,""priority"":""2"",""node"":""kwok-node-12""},{""name"":""rs-44-p2-ggq49"",""cpu_m"":212,""mem_b"":455297061,""priority"":""2"",""node"":""kwok-node-24""},{""name"":""rs-44-p2-klj4q"",""cpu_m"":212,""mem_b"":455297061,""priority"":""2"",""node"":""kwok-node-19""},{""name"":""rs-44-p2-nzckl"",""cpu_m"":212,""mem_b"":455297061,""priority"":""2"",""node"":""kwok-node-9""},{""name"":""rs-44-p2-w6vpp"",""cpu_m"":212,""mem_b"":455297061,""priority"":""2"",""node"":""kwok-node-15""},{""name"":""rs-45-p4-4wcnz"",""cpu_m"":592,""mem_b"":240262539,""priority"":""4"",""node"":""kwok-node-24""},{""name"":""rs-45-p4-cgdnr"",""cpu_m"":592,""mem_b"":240262539,""priority"":""4"",""node"":""kwok-node-7""},{""name"":""rs-45-p4-jhhz7"",""cpu_m"":592,""mem_b"":240262539,""priority"":""4"",""node"":""kwok-node-19""},{""name"":""rs-45-p4-x5s6x"",""cpu_m"":592,""mem_b"":240262539,""priority"":""4"",""node"":""kwok-node-24""},{""name"":""rs-46-p2-2c85j"",""cpu_m"":150,""mem_b"":853970161,""priority"":""2"",""node"":""kwok-node-17""},{""name"":""rs-47-p4-hxzvw"",""cpu_m"":929,""mem_b"":644148857,""priority"":""4"",""node"":""kwok-node-11""},{""name"":""rs-48-p3-2drth"",""cpu_m"":544,""mem_b"":945312870,""priority"":""3"",""node"":""kwok-node-6""},{""name"":""rs-48-p3-qxjz2"",""cpu_m"":544,""mem_b"":945312870,""priority"":""3"",""node"":""kwok-node-27""},{""name"":""rs-48-p3-rn6kh"",""cpu_m"":544,""mem_b"":945312870,""priority"":""3"",""node"":""kwok-node-22""},{""name"":""rs-48-p3-tj7wj"",""cpu_m"":544,""mem_b"":945312870,""priority"":""3"",""node"":""kwok-node-23""},{""name"":""rs-49-p1-5rsl9"",""cpu_m"":158,""mem_b"":287735673,""priority"":""1"",""node"":""kwok-node-1""},{""name"":""rs-49-p1-mw9wn"",""cpu_m"":158,""mem_b"":287735673,""priority"":""1"",""node"":""kwok-node-20""},{""name"":""rs-50-p2-x6lth"",""cpu_m"":189,""mem_b"":782172301,""priority"":""2"",""node"":""kwok-node-14""},{""name"":""rs-51-p4-nz7ch"",""cpu_m"":113,""mem_b"":321587398,""priority"":""4"",""node"":""kwok-node-5""},{""name"":""rs-52-p2-bww85"",""cpu_m"":638,""mem_b"":697979661,""priority"":""2"",""node"":""kwok-node-16""},{""name"":""rs-52-p2-fg4lh"",""cpu_m"":638,""mem_b"":697979661,""priority"":""2"",""node"":""kwok-node-13""},{""name"":""rs-52-p2-w7bjf"",""cpu_m"":638,""mem_b"":697979661,""priority"":""2"",""node"":""kwok-node-13""},{""name"":""rs-53-p4-flh94"",""cpu_m"":557,""mem_b"":120244633,""priority"":""4"",""node"":""kwok-node-14""},{""name"":""rs-53-p4-qs74c"",""cpu_m"":557,""mem_b"":120244633,""priority"":""4"",""node"":""kwok-node-19""},{""name"":""rs-53-p4-wxhwf"",""cpu_m"":557,""mem_b"":120244633,""priority"":""4"",""node"":""kwok-node-12""},{""name"":""rs-54-p2-bn9t8"",""cpu_m"":905,""mem_b"":162598214,""priority"":""2"",""node"":""kwok-node-21""},{""name"":""rs-54-p2-fg5dj"",""cpu_m"":905,""mem_b"":162598214,""priority"":""2"",""node"":""kwok-node-2""},{""name"":""rs-55-p1-xx5nz"",""cpu_m"":392,""mem_b"":785681147,""priority"":""1"",""node"":""""},{""name"":""rs-56-p4-tpvb5"",""cpu_m"":355,""mem_b"":527363148,""priority"":""4"",""node"":""kwok-node-3""},{""name"":""rs-56-p4-zkfks"",""cpu_m"":355,""mem_b"":527363148,""priority"":""4"",""node"":""kwok-node-31""},{""name"":""rs-57-p4-4l7qp"",""cpu_m"":545,""mem_b"":541453872,""priority"":""4"",""node"":""kwok-node-29""},{""name"":""rs-57-p4-glw5h"",""cpu_m"":545,""mem_b"":541453872,""priority"":""4"",""node"":""kwok-node-16""},{""name"":""rs-57-p4-jgnqz"",""cpu_m"":545,""mem_b"":541453872,""priority"":""4"",""node"":""kwok-node-3""}]","[{""name"":""rs-01-p3-d6dsq"",""cpu_m"":552,""mem_b"":743931979,""priority"":""3"",""node"":""kwok-node-1""},{""name"":""rs-01-p3-wrhbr"",""cpu_m"":552,""mem_b"":743931979,""priority"":""3"",""node"":""kwok-node-10""},{""name"":""rs-02-p4-7rpbp"",""cpu_m"":982,""mem_b"":635334459,""priority"":""4"",""node"":""kwok-node-18""},{""name"":""rs-03-p1-q2cw7"",""cpu_m"":997,""mem_b"":893162223,""priority"":""1"",""node"":""kwok-node-21""},{""name"":""rs-04-p1-xrw8d"",""cpu_m"":804,""mem_b"":238766954,""priority"":""1"",""node"":""kwok-node-16""},{""name"":""rs-05-p2-8df59"",""cpu_m"":923,""mem_b"":125308487,""priority"":""2"",""node"":""kwok-node-23""},{""name"":""rs-05-p2-h75p2"",""cpu_m"":923,""mem_b"":125308487,""priority"":""2"",""node"":""kwok-node-20""},{""name"":""rs-06-p1-f2lgq"",""cpu_m"":128,""mem_b"":210457929,""priority"":""1"",""node"":""kwok-node-13""},{""name"":""rs-06-p1-frn6x"",""cpu_m"":128,""mem_b"":210457929,""priority"":""1"",""node"":""kwok-node-15""},{""name"":""rs-06-p1-gfcls"",""cpu_m"":128,""mem_b"":210457929,""priority"":""1"",""node"":""kwok-node-2""},{""name"":""rs-06-p1-jhtg9"",""cpu_m"":128,""mem_b"":210457929,""priority"":""1"",""node"":""kwok-node-11""},{""name"":""rs-07-p1-8jz2v"",""cpu_m"":756,""mem_b"":465851742,""priority"":""1"",""node"":""kwok-node-19""},{""name"":""rs-07-p1-v2qg6"",""cpu_m"":756,""mem_b"":465851742,""priority"":""1"",""node"":""kwok-node-24""},{""name"":""rs-08-p2-p8hnc"",""cpu_m"":858,""mem_b"":343899531,""priority"":""2"",""node"":""kwok-node-25""},{""name"":""rs-09-p2-6kfwf"",""cpu_m"":186,""mem_b"":526117515,""priority"":""2"",""node"":""kwok-node-30""},{""name"":""rs-09-p2-bj6wv"",""cpu_m"":186,""mem_b"":526117515,""priority"":""2"",""node"":""kwok-node-28""},{""name"":""rs-09-p2-rnd4n"",""cpu_m"":186,""mem_b"":526117515,""priority"":""2"",""node"":""kwok-node-29""},{""name"":""rs-10-p1-btn4r"",""cpu_m"":194,""mem_b"":715151139,""priority"":""1"",""node"":""kwok-node-17""},{""name"":""rs-10-p1-bxgdr"",""cpu_m"":194,""mem_b"":715151139,""priority"":""1"",""node"":""kwok-node-22""},{""name"":""rs-10-p1-h48pz"",""cpu_m"":194,""mem_b"":715151139,""priority"":""1"",""node"":""kwok-node-27""},{""name"":""rs-11-p3-5j9p5"",""cpu_m"":212,""mem_b"":389619139,""priority"":""3"",""node"":""kwok-node-14""},{""name"":""rs-11-p3-7bft7"",""cpu_m"":212,""mem_b"":389619139,""priority"":""3"",""node"":""kwok-node-26""},{""name"":""rs-11-p3-j2k56"",""cpu_m"":212,""mem_b"":389619139,""priority"":""3"",""node"":""kwok-node-3""},{""name"":""rs-11-p3-sr8gj"",""cpu_m"":212,""mem_b"":389619139,""priority"":""3"",""node"":""kwok-node-12""},{""name"":""rs-12-p3-gms4t"",""cpu_m"":833,""mem_b"":502972247,""priority"":""3"",""node"":""kwok-node-31""},{""name"":""rs-12-p3-hl77v"",""cpu_m"":833,""mem_b"":502972247,""priority"":""3"",""node"":""kwok-node-7""},{""name"":""rs-13-p3-fc6k8"",""cpu_m"":890,""mem_b"":492696016,""priority"":""3"",""node"":""kwok-node-32""},{""name"":""rs-14-p2-99w9g"",""cpu_m"":883,""mem_b"":424874290,""priority"":""2"",""node"":""kwok-node-6""},{""name"":""rs-14-p2-tqvc5"",""cpu_m"":883,""mem_b"":424874290,""priority"":""2"",""node"":""kwok-node-9""},{""name"":""rs-14-p2-ttlzl"",""cpu_m"":883,""mem_b"":424874290,""priority"":""2"",""node"":""kwok-node-8""},{""name"":""rs-15-p3-t99nk"",""cpu_m"":439,""mem_b"":910364900,""priority"":""3"",""node"":""kwok-node-4""},{""name"":""rs-16-p2-bpfkt"",""cpu_m"":617,""mem_b"":642931776,""priority"":""2"",""node"":""kwok-node-13""},{""name"":""rs-16-p2-m64wn"",""cpu_m"":617,""mem_b"":642931776,""priority"":""2"",""node"":""kwok-node-5""},{""name"":""rs-17-p1-bnl9p"",""cpu_m"":745,""mem_b"":398698387,""priority"":""1"",""node"":""kwok-node-11""},{""name"":""rs-17-p1-zr542"",""cpu_m"":745,""mem_b"":398698387,""priority"":""1"",""node"":""kwok-node-2""},{""name"":""rs-18-p4-nf4px"",""cpu_m"":710,""mem_b"":373556806,""priority"":""4"",""node"":""kwok-node-15""},{""name"":""rs-18-p4-nj9rt"",""cpu_m"":710,""mem_b"":373556806,""priority"":""4"",""node"":""kwok-node-28""},{""name"":""rs-19-p2-bd7t5"",""cpu_m"":975,""mem_b"":314168384,""priority"":""2"",""node"":""kwok-node-22""},{""name"":""rs-19-p2-k4mrf"",""cpu_m"":975,""mem_b"":314168384,""priority"":""2"",""node"":""kwok-node-30""},{""name"":""rs-20-p1-bl7ct"",""cpu_m"":692,""mem_b"":886743515,""priority"":""1"",""node"":""kwok-node-12""},{""name"":""rs-20-p1-t4gtx"",""cpu_m"":692,""mem_b"":886743515,""priority"":""1"",""node"":""kwok-node-3""},{""name"":""rs-20-p1-vfw2w"",""cpu_m"":692,""mem_b"":886743515,""priority"":""1"",""node"":""kwok-node-14""},{""name"":""rs-21-p1-54ghh"",""cpu_m"":232,""mem_b"":823343420,""priority"":""1"",""node"":""kwok-node-23""},{""name"":""rs-21-p1-fr64l"",""cpu_m"":232,""mem_b"":823343420,""priority"":""1"",""node"":""kwok-node-16""},{""name"":""rs-22-p2-4xhdd"",""cpu_m"":615,""mem_b"":400045068,""priority"":""2"",""node"":""kwok-node-26""},{""name"":""rs-22-p2-k4jzv"",""cpu_m"":615,""mem_b"":400045068,""priority"":""2"",""node"":""kwok-node-27""},{""name"":""rs-22-p2-pfmpt"",""cpu_m"":615,""mem_b"":400045068,""priority"":""2"",""node"":""kwok-node-29""},{""name"":""rs-22-p2-zhjrn"",""cpu_m"":615,""mem_b"":400045068,""priority"":""2"",""node"":""kwok-node-17""},{""name"":""rs-23-p3-47t88"",""cpu_m"":662,""mem_b"":981308017,""priority"":""3"",""node"":""kwok-node-7""},{""name"":""rs-23-p3-5dhb7"",""cpu_m"":662,""mem_b"":981308017,""priority"":""3"",""node"":""kwok-node-19""},{""name"":""rs-23-p3-7csmn"",""cpu_m"":662,""mem_b"":981308017,""priority"":""3"",""node"":""kwok-node-24""},{""name"":""rs-23-p3-dxbtm"",""cpu_m"":662,""mem_b"":981308017,""priority"":""3"",""node"":""kwok-node-25""},{""name"":""rs-24-p2-6wxf6"",""cpu_m"":732,""mem_b"":178928845,""priority"":""2"",""node"":""kwok-node-1""},{""name"":""rs-24-p2-lf4vl"",""cpu_m"":732,""mem_b"":178928845,""priority"":""2"",""node"":""kwok-node-4""},{""name"":""rs-24-p2-m74dj"",""cpu_m"":732,""mem_b"":178928845,""priority"":""2"",""node"":""kwok-node-5""},{""name"":""rs-24-p2-qj664"",""cpu_m"":732,""mem_b"":178928845,""priority"":""2"",""node"":""kwok-node-10""},{""name"":""rs-25-p1-lm8nm"",""cpu_m"":317,""mem_b"":101343921,""priority"":""1"",""node"":""kwok-node-15""},{""name"":""rs-25-p1-lpbfs"",""cpu_m"":317,""mem_b"":101343921,""priority"":""1"",""node"":""kwok-node-13""},{""name"":""rs-25-p1-zsg4h"",""cpu_m"":317,""mem_b"":101343921,""priority"":""1"",""node"":""kwok-node-29""},{""name"":""rs-26-p4-7mw48"",""cpu_m"":126,""mem_b"":950544901,""priority"":""4"",""node"":""kwok-node-8""},{""name"":""rs-26-p4-7vg9j"",""cpu_m"":126,""mem_b"":950544901,""priority"":""4"",""node"":""kwok-node-20""},{""name"":""rs-27-p3-4tcss"",""cpu_m"":959,""mem_b"":100877826,""priority"":""3"",""node"":""kwok-node-17""},{""name"":""rs-28-p1-rb9xn"",""cpu_m"":365,""mem_b"":786219251,""priority"":""1"",""node"":""kwok-node-6""},{""name"":""rs-29-p2-76mpb"",""cpu_m"":739,""mem_b"":978979359,""priority"":""2"",""node"":""kwok-node-2""},{""name"":""rs-29-p2-cxs6g"",""cpu_m"":739,""mem_b"":978979359,""priority"":""2"",""node"":""kwok-node-9""},{""name"":""rs-29-p2-ddgjk"",""cpu_m"":739,""mem_b"":978979359,""priority"":""2"",""node"":""kwok-node-31""},{""name"":""rs-30-p4-ntr4m"",""cpu_m"":542,""mem_b"":528039059,""priority"":""4"",""node"":""kwok-node-26""},{""name"":""rs-31-p3-fffjf"",""cpu_m"":323,""mem_b"":727788862,""priority"":""3"",""node"":""kwok-node-18""},{""name"":""rs-31-p3-p4tsq"",""cpu_m"":323,""mem_b"":727788862,""priority"":""3"",""node"":""kwok-node-11""},{""name"":""rs-31-p3-rrhpw"",""cpu_m"":323,""mem_b"":727788862,""priority"":""3"",""node"":""kwok-node-32""},{""name"":""rs-31-p3-w7qhx"",""cpu_m"":323,""mem_b"":727788862,""priority"":""3"",""node"":""kwok-node-15""},{""name"":""rs-32-p2-4kjwk"",""cpu_m"":830,""mem_b"":984589076,""priority"":""2"",""node"":""kwok-node-28""},{""name"":""rs-32-p2-mpwmh"",""cpu_m"":830,""mem_b"":984589076,""priority"":""2"",""node"":""kwok-node-21""},{""name"":""rs-33-p3-4wwp7"",""cpu_m"":874,""mem_b"":538205535,""priority"":""3"",""node"":""kwok-node-3""},{""name"":""rs-33-p3-66bvx"",""cpu_m"":874,""mem_b"":538205535,""priority"":""3"",""node"":""kwok-node-27""},{""name"":""rs-33-p3-6z88j"",""cpu_m"":874,""mem_b"":538205535,""priority"":""3"",""node"":""kwok-node-12""},{""name"":""rs-33-p3-hf8t2"",""cpu_m"":874,""mem_b"":538205535,""priority"":""3"",""node"":""kwok-node-14""},{""name"":""rs-34-p3-q7dqf"",""cpu_m"":907,""mem_b"":784608867,""priority"":""3"",""node"":""kwok-node-16""},{""name"":""rs-35-p3-cjjhl"",""cpu_m"":814,""mem_b"":402552665,""priority"":""3"",""node"":""kwok-node-8""},{""name"":""rs-35-p3-zrncd"",""cpu_m"":814,""mem_b"":402552665,""priority"":""3"",""node"":""kwok-node-20""},{""name"":""rs-36-p1-knvfb"",""cpu_m"":911,""mem_b"":634670902,""priority"":""1"",""node"":""kwok-node-13""},{""name"":""rs-37-p3-g49jb"",""cpu_m"":530,""mem_b"":841944601,""priority"":""3"",""node"":""kwok-node-30""},{""name"":""rs-37-p3-mhb7r"",""cpu_m"":530,""mem_b"":841944601,""priority"":""3"",""node"":""kwok-node-23""},{""name"":""rs-37-p3-mslrp"",""cpu_m"":530,""mem_b"":841944601,""priority"":""3"",""node"":""kwok-node-1""},{""name"":""rs-38-p2-4wtqd"",""cpu_m"":515,""mem_b"":540877485,""priority"":""2"",""node"":""kwok-node-29""},{""name"":""rs-38-p2-xbz64"",""cpu_m"":515,""mem_b"":540877485,""priority"":""2"",""node"":""kwok-node-22""},{""name"":""rs-39-p4-pw766"",""cpu_m"":471,""mem_b"":533266960,""priority"":""4"",""node"":""kwok-node-4""},{""name"":""rs-40-p4-nf7sq"",""cpu_m"":746,""mem_b"":574662261,""priority"":""4"",""node"":""kwok-node-11""},{""name"":""rs-41-p2-6mjmb"",""cpu_m"":626,""mem_b"":465222149,""priority"":""2"",""node"":""kwok-node-18""},{""name"":""rs-41-p2-cvmcs"",""cpu_m"":626,""mem_b"":465222149,""priority"":""2"",""node"":""kwok-node-32""},{""name"":""rs-41-p2-gwfm2"",""cpu_m"":626,""mem_b"":465222149,""priority"":""2"",""node"":""kwok-node-10""},{""name"":""rs-41-p2-vb9pj"",""cpu_m"":626,""mem_b"":465222149,""priority"":""2"",""node"":""kwok-node-6""},{""name"":""rs-42-p4-dvk64"",""cpu_m"":419,""mem_b"":689897705,""priority"":""4"",""node"":""kwok-node-5""},{""name"":""rs-42-p4-wh8kq"",""cpu_m"":419,""mem_b"":689897705,""priority"":""4"",""node"":""kwok-node-26""},{""name"":""rs-42-p4-xc4lp"",""cpu_m"":419,""mem_b"":689897705,""priority"":""4"",""node"":""kwok-node-25""},{""name"":""rs-43-p2-p7pbt"",""cpu_m"":384,""mem_b"":978569636,""priority"":""2"",""node"":""""},{""name"":""rs-44-p2-ggq49"",""cpu_m"":212,""mem_b"":455297061,""priority"":""2"",""node"":""kwok-node-24""},{""name"":""rs-44-p2-klj4q"",""cpu_m"":212,""mem_b"":455297061,""priority"":""2"",""node"":""kwok-node-19""},{""name"":""rs-44-p2-nzckl"",""cpu_m"":212,""mem_b"":455297061,""priority"":""2"",""node"":""kwok-node-9""},{""name"":""rs-44-p2-w6vpp"",""cpu_m"":212,""mem_b"":455297061,""priority"":""2"",""node"":""kwok-node-15""},{""name"":""rs-45-p4-4wcnz"",""cpu_m"":592,""mem_b"":240262539,""priority"":""4"",""node"":""""},{""name"":""rs-45-p4-cgdnr"",""cpu_m"":592,""mem_b"":240262539,""priority"":""4"",""node"":""kwok-node-7""},{""name"":""rs-45-p4-jhhz7"",""cpu_m"":592,""mem_b"":240262539,""priority"":""4"",""node"":""""},{""name"":""rs-45-p4-x5s6x"",""cpu_m"":592,""mem_b"":240262539,""priority"":""4"",""node"":""""},{""name"":""rs-46-p2-2c85j"",""cpu_m"":150,""mem_b"":853970161,""priority"":""2"",""node"":""kwok-node-17""},{""name"":""rs-47-p4-hxzvw"",""cpu_m"":929,""mem_b"":644148857,""priority"":""4"",""node"":""""},{""name"":""rs-48-p3-2drth"",""cpu_m"":544,""mem_b"":945312870,""priority"":""3"",""node"":""""},{""name"":""rs-48-p3-qxjz2"",""cpu_m"":544,""mem_b"":945312870,""priority"":""3"",""node"":""""},{""name"":""rs-48-p3-rn6kh"",""cpu_m"":544,""mem_b"":945312870,""priority"":""3"",""node"":""""},{""name"":""rs-48-p3-tj7wj"",""cpu_m"":544,""mem_b"":945312870,""priority"":""3"",""node"":""""},{""name"":""rs-49-p1-2t7dh"",""cpu_m"":158,""mem_b"":287735673,""priority"":""1"",""node"":""kwok-node-29""},{""name"":""rs-49-p1-vjlxj"",""cpu_m"":158,""mem_b"":287735673,""priority"":""1"",""node"":""kwok-node-31""},{""name"":""rs-50-p2-x6lth"",""cpu_m"":189,""mem_b"":782172301,""priority"":""2"",""node"":""""},{""name"":""rs-51-p4-nz7ch"",""cpu_m"":113,""mem_b"":321587398,""priority"":""4"",""node"":""kwok-node-5""},{""name"":""rs-52-p2-bww85"",""cpu_m"":638,""mem_b"":697979661,""priority"":""2"",""node"":""""},{""name"":""rs-52-p2-fg4lh"",""cpu_m"":638,""mem_b"":697979661,""priority"":""2"",""node"":""""},{""name"":""rs-52-p2-w7bjf"",""cpu_m"":638,""mem_b"":697979661,""priority"":""2"",""node"":""""},{""name"":""rs-53-p4-flh94"",""cpu_m"":557,""mem_b"":120244633,""priority"":""4"",""node"":""""},{""name"":""rs-53-p4-qs74c"",""cpu_m"":557,""mem_b"":120244633,""priority"":""4"",""node"":""""},{""name"":""rs-53-p4-wxhwf"",""cpu_m"":557,""mem_b"":120244633,""priority"":""4"",""node"":""""},{""name"":""rs-54-p2-bn9t8"",""cpu_m"":905,""mem_b"":162598214,""priority"":""2"",""node"":""""},{""name"":""rs-54-p2-fg5dj"",""cpu_m"":905,""mem_b"":162598214,""priority"":""2"",""node"":""""},{""name"":""rs-55-p1-xx5nz"",""cpu_m"":392,""mem_b"":785681147,""priority"":""1"",""node"":""""},{""name"":""rs-56-p4-tpvb5"",""cpu_m"":355,""mem_b"":527363148,""priority"":""4"",""node"":""""},{""name"":""rs-56-p4-zkfks"",""cpu_m"":355,""mem_b"":527363148,""priority"":""4"",""node"":""""},{""name"":""rs-57-p4-4l7qp"",""cpu_m"":545,""mem_b"":541453872,""priority"":""4"",""node"":""""},{""name"":""rs-57-p4-glw5h"",""cpu_m"":545,""mem_b"":541453872,""priority"":""4"",""node"":""""},{""name"":""rs-57-p4-jgnqz"",""cpu_m"":545,""mem_b"":541453872,""priority"":""4"",""node"":""""}]","[{""name"":""kwok-node-1"",""cap_cpu_m"":2123,""cap_mem_bytes"":2083950303},{""name"":""kwok-node-2"",""cap_cpu_m"":2123,""cap_mem_bytes"":2083950303},{""name"":""kwok-node-3"",""cap_cpu_m"":2123,""cap_mem_bytes"":2083950303},{""name"":""kwok-node-4"",""cap_cpu_m"":2123,""cap_mem_bytes"":2083950303},{""name"":""kwok-node-5"",""cap_cpu_m"":2123,""cap_mem_bytes"":2083950303},{""name"":""kwok-node-6"",""cap_cpu_m"":2123,""cap_mem_bytes"":2083950303},{""name"":""kwok-node-7"",""cap_cpu_m"":2123,""cap_mem_bytes"":2083950303},{""name"":""kwok-node-8"",""cap_cpu_m"":2123,""cap_mem_bytes"":2083950303},{""name"":""kwok-node-9"",""cap_cpu_m"":2123,""cap_mem_bytes"":2083950303},{""name"":""kwok-node-10"",""cap_cpu_m"":2123,""cap_mem_bytes"":2083950303},{""name"":""kwok-node-11"",""cap_cpu_m"":2123,""cap_mem_bytes"":2083950303},{""name"":""kwok-node-12"",""cap_cpu_m"":2123,""cap_mem_bytes"":2083950303},{""name"":""kwok-node-13"",""cap_cpu_m"":2123,""cap_mem_bytes"":2083950303},{""name"":""kwok-node-14"",""cap_cpu_m"":2123,""cap_mem_bytes"":2083950303},{""name"":""kwok-node-15"",""cap_cpu_m"":2123,""cap_mem_bytes"":2083950303},{""name"":""kwok-node-16"",""cap_cpu_m"":2123,""cap_mem_bytes"":2083950303},{""name"":""kwok-node-17"",""cap_cpu_m"":2123,""cap_mem_bytes"":2083950303},{""name"":""kwok-node-18"",""cap_cpu_m"":2123,""cap_mem_bytes"":2083950303},{""name"":""kwok-node-19"",""cap_cpu_m"":2123,""cap_mem_bytes"":2083950303},{""name"":""kwok-node-20"",""cap_cpu_m"":2123,""cap_mem_bytes"":2083950303},{""name"":""kwok-node-21"",""cap_cpu_m"":2123,""cap_mem_bytes"":2083950303},{""name"":""kwok-node-22"",""cap_cpu_m"":2123,""cap_mem_bytes"":2083950303},{""name"":""kwok-node-23"",""cap_cpu_m"":2123,""cap_mem_bytes"":2083950303},{""name"":""kwok-node-24"",""cap_cpu_m"":2123,""cap_mem_bytes"":2083950303},{""name"":""kwok-node-25"",""cap_cpu_m"":2123,""cap_mem_bytes"":2083950303},{""name"":""kwok-node-26"",""cap_cpu_m"":2123,""cap_mem_bytes"":2083950303},{""name"":""kwok-node-27"",""cap_cpu_m"":2123,""cap_mem_bytes"":2083950303},{""name"":""kwok-node-28"",""cap_cpu_m"":2123,""cap_mem_bytes"":2083950303},{""name"":""kwok-node-29"",""cap_cpu_m"":2123,""cap_mem_bytes"":2083950303},{""name"":""kwok-node-30"",""cap_cpu_m"":2123,""cap_mem_bytes"":2083950303},{""name"":""kwok-node-31"",""cap_cpu_m"":2123,""cap_mem_bytes"":2083950303},{""name"":""kwok-node-32"",""cap_cpu_m"":2123,""cap_mem_bytes"":2083950303}]"
2026/02/11/12:02:55,4493970743770925510,,"{""evicted"":0,""moved"":0,""placed_by_priority"":{""1"":35,""2"":15,""3"":36,""4"":22}}",python,"{""evicted"":10,""moved"":23,""placed_by_priority"":{""1"":32,""2"":20,""3"":40,""4"":26}}",1168,FEASIBLE,"[{""duration_ms"":1168,""name"":""python"",""score"":{""evicted"":10,""moved"":23,""placed_by_priority"":{""1"":32,""2"":20,""3"":40,""4"":26}},""status"":""FEASIBLE""}]",0.920,0.843,0.924,0.876,60808,55725,64780520330,61413560817,117,108,11,20,"{""kwok-node-1"":4,""kwok-node-10"":5,""kwok-node-11"":3,""kwok-node-12"":3,""kwok-node-13"":3,""kwok-node-14"":5,""kwok-node-15"":4,""kwok-node-16"":3,""kwok-node-17"":5,""kwok-node-18"":3,""kwok-node-19"":3,""kwok-node-2"":4,""kwok-node-20"":3,""kwok-node-21"":3,""kwok-node-22"":3,""kwok-node-23"":4,""kwok-node-24"":4,""kwok-node-25"":4,""kwok-node-26"":4,""kwok-node-27"":4,""kwok-node-28"":3,""kwok-node-29"":3,""kwok-node-3"":3,""kwok-node-30"":4,""kwok-node-31"":4,""kwok-node-32"":4,""kwok-node-4"":4,""kwok-node-5"":4,""kwok-node-6"":3,""kwok-node-7"":4,""kwok-node-8"":4,""kwok-node-9"":3}","{""kwok-node-1"":4,""kwok-node-10"":4,""kwok-node-11"":3,""kwok-node-12"":3,""kwok-node-13"":3,""kwok-node-14"":4,""kwok-node-15"":3,""kwok-node-16"":3,""kwok-node-17"":4,""kwok-node-18"":3,""kwok-node-19"":2,""kwok-node-2"":3,""kwok-node-20"":3,""kwok-node-21"":3,""kwok-node-22"":3,""kwok-node-23"":4,""kwok-node-24"":3,""kwok-node-25"":3,""kwok-node-26"":4,""kwok-node-27"":3,""kwok-node-28"":3,""kwok-node-29"":3,""kwok-node-3"":3,""kwok-node-30"":3,""kwok-node-31"":5,""kwok-node-32"":4,""kwok-node-4"":3,""kwok-node-5"":3,""kwok-node-6"":4,""kwok-node-7"":4,""kwok-node-8"":5,""kwok-node-9"":3}","{""p1"":31,""p2"":20,""p3"":40,""p4"":26}","{""p1"":35,""p2"":15,""p3"":36,""p4"":22}","{""p1"":11}","{""p1"":7,""p2"":5,""p3"":4,""p4"":4}","{rs-06-p1-7cqk9,rs-06-p1-ngldm,rs-06-p1-vt5bv,rs-06-p1-x562j,rs-12-p1-crvj7,rs-12-p1-ngtr7,rs-12-p1-nvwwd,rs-12-p1-vswjg,rs-24-p1-6x2nq,rs-26-p1-rszj2,rs-30-p1-fslh4}","{rs-33-p4-5b2vr,rs-34-p1-7gtkh,rs-34-p1-gqrn7,rs-34-p1-rbk7s,rs-34-p1-xlbdj,rs-40-p2-2p5p2,rs-40-p2-bg8vv,rs-40-p2-tjkcp,rs-40-p2-vd5hc,rs-42-p1-dtphs,rs-42-p1-gnkxz,rs-42-p1-th79l,rs-43-p4-8x8bp,rs-43-p4-9mpw6,rs-43-p4-pvvst,rs-45-p3-9fvgq,rs-45-p3-ffr28,rs-45-p3-gr88l,rs-45-p3-wwnkt,rs-46-p2-8msk2}","{rs-01-p1-pns9j,rs-02-p2-4khqz,rs-03-p3-dxqf4,rs-03-p3-hthtd,rs-03-p3-s2j9p,rs-03-p3-vv5sd,rs-04-p3-696mg,rs-04-p3-j4522,rs-05-p4-dgzkz,rs-05-p4-dvpb2,rs-05-p4-sl245,rs-07-p4-dglld,rs-08-p1-58bm4,rs-08-p1-8tmbf,rs-08-p1-9jmgq,rs-08-p1-v5ch2,rs-09-p3-429dg,rs-09-p3-dvb6p,rs-10-p2-gzt44,rs-10-p2-t9dr2,rs-11-p3-cvpk4,rs-13-p3-ghqz5,rs-13-p3-gpl24,rs-13-p3-jh4kb,rs-13-p3-jhzzq,rs-14-p1-2cbqs,rs-14-p1-4x748,rs-14-p1-rw28c,rs-14-p1-vrtlq,rs-15-p4-4ll7l,rs-15-p4-cxvxb,rs-15-p4-dlz9q,rs-15-p4-j5qff,rs-16-p4-fpz9s,rs-16-p4-h4hn2,rs-16-p4-hmn97,rs-17-p3-2ss6b,rs-17-p3-cn42v,rs-17-p3-cq5cg,rs-18-p2-5wwks,rs-18-p2-6ljtq,rs-18-p2-j8nw9,rs-18-p2-wfwm4,rs-19-p3-klfwv,rs-19-p3-l2bjx,rs-19-p3-qc9d6,rs-20-p3-65zj8,rs-20-p3-6j5d8,rs-20-p3-6wvks,rs-20-p3-hwklc,rs-21-p3-d2x9h,rs-21-p3-r7n2q,rs-22-p4-gklf4,rs-22-p4-smxww,rs-23-p4-6bjrv,rs-23-p4-k455z,rs-23-p4-slngs,rs-24-p1-6hcx9,rs-24-p1-hjj47,rs-24-p1-nqr4w,rs-25-p2-7h9zb,rs-25-p2-j2ljh,rs-25-p2-kfhm7,rs-26-p1-5nz6j,rs-26-p1-hv8fd,rs-27-p1-8fz89,rs-27-p1-pf4w2,rs-27-p1-rxf8p,rs-27-p1-x2zjz,rs-28-p4-jbxwh,rs-28-p4-njsbm,rs-28-p4-tn64z,rs-29-p3-2hz26,rs-29-p3-b29wg,rs-29-p3-kmv9b,rs-29-p3-rk4dd,rs-30-p1-69c6j,rs-30-p1-9x7ks,rs-31-p4-hlr5z,rs-31-p4-lv7cm,rs-31-p4-rnzwc,rs-32-p2-jvkd9,rs-32-p2-k7bj5,rs-33-p4-5b2vr,rs-34-p1-7gtkh,rs-34-p1-gqrn7,rs-34-p1-rbk7s,rs-34-p1-xlbdj,rs-35-p1-8vl8f,rs-35-p1-nkw25,rs-35-p1-nzmdc,rs-36-p1-27brw,rs-37-p3-g4bn4,rs-37-p3-g89nt,rs-37-p3-nrdvv,rs-37-p3-zqnpk,rs-38-p2-lr6qv,rs-39-p2-464ds,rs-40-p2-2p5p2,rs-40-p2-bg8vv,rs-40-p2-tjkcp,rs-40-p2-vd5hc,rs-41-p2-28m4x,rs-42-p1-dtphs,rs-42-p1-gnkxz,rs-42-p1-th79l,rs-43-p4-8x8bp,rs-43-p4-9mpw6,rs-43-p4-pvvst,rs-44-p3-mw4ft,rs-44-p3-p87zb,rs-44-p3-rlh6g,rs-45-p3-9fvgq,rs-45-p3-ffr28,rs-45-p3-gr88l,rs-45-p3-wwnkt,rs-46-p2-8msk2}","{rs-01-p1-p978f,rs-02-p2-4khqz,rs-03-p3-dxqf4,rs-03-p3-hthtd,rs-03-p3-s2j9p,rs-03-p3-vv5sd,rs-04-p3-696mg,rs-04-p3-j4522,rs-05-p4-dgzkz,rs-05-p4-dvpb2,rs-05-p4-sl245,rs-06-p1-bz6gw,rs-06-p1-f9z2p,rs-06-p1-p5gp9,rs-06-p1-qcfgs,rs-07-p4-dglld,rs-08-p1-6xzx2,rs-08-p1-dh8f4,rs-08-p1-dmlvz,rs-08-p1-pqw2l,rs-09-p3-429dg,rs-09-p3-dvb6p,rs-10-p2-gzt44,rs-10-p2-t9dr2,rs-11-p3-cvpk4,rs-12-p1-ms6d8,rs-12-p1-nt5qd,rs-12-p1-pr8fs,rs-12-p1-qf76c,rs-13-p3-ghqz5,rs-13-p3-gpl24,rs-13-p3-jh4kb,rs-13-p3-jhzzq,rs-14-p1-9r4jx,rs-14-p1-njq98,rs-14-p1-p9hvf,rs-14-p1-wrzsm,rs-15-p4-4ll7l,rs-15-p4-cxvxb,rs-15-p4-dlz9q,rs-15-p4-j5qff,rs-16-p4-fpz9s,rs-16-p4-h4hn2,rs-16-p4-hmn97,rs-17-p3-2ss6b,rs-17-p3-cn42v,rs-17-p3-cq5cg,rs-18-p2-5wwks,rs-18-p2-6ljtq,rs-18-p2-j8nw9,rs-18-p2-wfwm4,rs-19-p3-klfwv,rs-19-p3-l2bjx,rs-19-p3-qc9d6,rs-20-p3-65zj8,rs-20-p3-6j5d8,rs-20-p3-6wvks,rs-20-p3-hwklc,rs-21-p3-d2x9h,rs-21-p3-r7n2q,rs-22-p4-gklf4,rs-22-p4-smxww,rs-23-p4-6bjrv,rs-23-p4-k455z,rs-23-p4-slngs,rs-24-p1-6hcx9,rs-24-p1-8ngdc,rs-24-p1-rvz7d,rs-24-p1-vbwrt,rs-25-p2-7h9zb,rs-25-p2-j2ljh,rs-25-p2-kfhm7,rs-26-p1-cbwpd,rs-26-p1-k7bmk,rs-26-p1-tpsx7,rs-27-p1-8bnd2,rs-27-p1-8ccx2,rs-27-p1-gvvms,rs-27-p1-xldgq,rs-28-p4-jbxwh,rs-28-p4-njsbm,rs-28-p4-tn64z,rs-29-p3-2hz26,rs-29-p3-b29wg,rs-29-p3-kmv9b,rs-29-p3-rk4dd,rs-30-p1-9x7ks,rs-30-p1-hk5hw,rs-30-p1-md99k,rs-31-p4-hlr5z,rs-31-p4-lv7cm,rs-31-p4-rnzwc,rs-32-p2-jvkd9,rs-32-p2-k7bj5,rs-35-p1-5wkq2,rs-35-p1-9dp4f,rs-35-p1-vrckh,rs-36-p1-dwzjd,rs-37-p3-g4bn4,rs-37-p3-g89nt,rs-37-p3-nrdvv,rs-37-p3-zqnpk,rs-38-p2-lr6qv,rs-39-p2-464ds,rs-41-p2-28m4x,rs-44-p3-mw4ft,rs-44-p3-p87zb,rs-44-p3-rlh6g}","[{""name"":""rs-01-p1-pns9j"",""cpu_m"":488,""mem_b"":788223651,""priority"":""1"",""node"":""kwok-node-6""},{""name"":""rs-02-p2-4khqz"",""cpu_m"":507,""mem_b"":609763114,""priority"":""2"",""node"":""kwok-node-15""},{""name"":""rs-03-p3-dxqf4"",""cpu_m"":894,""mem_b"":691464469,""priority"":""3"",""node"":""kwok-node-21""},{""name"":""rs-03-p3-hthtd"",""cpu_m"":894,""mem_b"":691464469,""priority"":""3"",""node"":""kwok-node-13""},{""name"":""rs-03-p3-s2j9p"",""cpu_m"":894,""mem_b"":691464469,""priority"":""3"",""node"":""kwok-node-22""},{""name"":""rs-03-p3-vv5sd"",""cpu_m"":894,""mem_b"":691464469,""priority"":""3"",""node"":""kwok-node-20""},{""name"":""rs-04-p3-696mg"",""cpu_m"":317,""mem_b"":178634968,""priority"":""3"",""node"":""kwok-node-1""},{""name"":""rs-04-p3-j4522"",""cpu_m"":317,""mem_b"":178634968,""priority"":""3"",""node"":""kwok-node-14""},{""name"":""rs-05-p4-dgzkz"",""cpu_m"":430,""mem_b"":572258894,""priority"":""4"",""node"":""kwok-node-2""},{""name"":""rs-05-p4-dvpb2"",""cpu_m"":430,""mem_b"":572258894,""priority"":""4"",""node"":""kwok-node-10""},{""name"":""rs-05-p4-sl245"",""cpu_m"":430,""mem_b"":572258894,""priority"":""4"",""node"":""kwok-node-17""},{""name"":""rs-06-p1-7cqk9"",""cpu_m"":970,""mem_b"":987498783,""priority"":""1"",""node"":""""},{""name"":""rs-06-p1-ngldm"",""cpu_m"":970,""mem_b"":987498783,""priority"":""1"",""node"":""""},{""name"":""rs-06-p1-vt5bv"",""cpu_m"":970,""mem_b"":987498783,""priority"":""1"",""node"":""""},{""name"":""rs-06-p1-x562j"",""cpu_m"":970,""mem_b"":987498783,""priority"":""1"",""node"":""""},{""name"":""rs-07-p4-dglld"",""cpu_m"":390,""mem_b"":765096051,""priority"":""4"",""node"":""kwok-node-26""},{""name"":""rs-08-p1-58bm4"",""cpu_m"":723,""mem_b"":796707061,""priority"":""1"",""node"":""kwok-node-12""},{""name"":""rs-08-p1-8tmbf"",""cpu_m"":723,""mem_b"":796707061,""priority"":""1"",""node"":""kwok-node-12""},{""name"":""rs-08-p1-9jmgq"",""cpu_m"":723,""mem_b"":796707061,""priority"":""1"",""node"":""kwok-node-32""},{""name"":""rs-08-p1-v5ch2"",""cpu_m"":723,""mem_b"":796707061,""priority"":""1"",""node"":""kwok-node-3""},{""name"":""rs-09-p3-429dg"",""cpu_m"":256,""mem_b"":984987131,""priority"":""3"",""node"":""kwok-node-28""},{""name"":""rs-09-p3-dvb6p"",""cpu_m"":256,""mem_b"":984987131,""priority"":""3"",""node"":""kwok-node-24""},{""name"":""rs-10-p2-gzt44"",""cpu_m"":345,""mem_b"":395676916,""priority"":""2"",""node"":""kwok-node-29""},{""name"":""rs-10-p2-t9dr2"",""cpu_m"":345,""mem_b"":395676916,""priority"":""2"",""node"":""kwok-node-30""},{""name"":""rs-11-p3-cvpk4"",""cpu_m"":598,""mem_b"":390130865,""priority"":""3"",""node"":""kwok-node-30""},{""name"":""rs-12-p1-crvj7"",""cpu_m"":798,""mem_b"":667590098,""priority"":""1"",""node"":""""},{""name"":""rs-12-p1-ngtr7"",""cpu_m"":798,""mem_b"":667590098,""priority"":""1"",""node"":""""},{""name"":""rs-12-p1-nvwwd"",""cpu_m"":798,""mem_b"":667590098,""priority"":""1"",""node"":""""},{""name"":""rs-12-p1-vswjg"",""cpu_m"":798,""mem_b"":667590098,""priority"":""1"",""node"":""""},{""name"":""rs-13-p3-ghqz5"",""cpu_m"":131,""mem_b"":840788236,""priority"":""3"",""node"":""kwok-node-7""},{""name"":""rs-13-p3-gpl24"",""cpu_m"":131,""mem_b"":840788236,""priority"":""3"",""node"":""kwok-node-31""},{""name"":""rs-13-p3-jh4kb"",""cpu_m"":131,""mem_b"":840788236,""priority"":""3"",""node"":""kwok-node-8""},{""name"":""rs-13-p3-jhzzq"",""cpu_m"":131,""mem_b"":840788236,""priority"":""3"",""node"":""kwok-node-9""},{""name"":""rs-14-p1-2cbqs"",""cpu_m"":574,""mem_b"":582481518,""priority"":""1"",""node"":""kwok-node-19""},{""name"":""rs-14-p1-4x748"",""cpu_m"":574,""mem_b"":582481518,""priority"":""1"",""node"":""kwok-node-4""},{""name"":""rs-14-p1-rw28c"",""cpu_m"":574,""mem_b"":582481518,""priority"":""1"",""node"":""kwok-node-5""},{""name"":""rs-14-p1-vrtlq"",""cpu_m"":574,""mem_b"":582481518,""priority"":""1"",""node"":""kwok-node-30""},{""name"":""rs-15-p4-4ll7l"",""cpu_m"":450,""mem_b"":474900800,""priority"":""4"",""node"":""kwok-node-10""},{""name"":""rs-15-p4-cxvxb"",""cpu_m"":450,""mem_b"":474900800,""priority"":""4"",""node"":""kwok-node-17""},{""name"":""rs-15-p4-dlz9q"",""cpu_m"":450,""mem_b"":474900800,""priority"":""4"",""node"":""kwok-node-15""},{""name"":""rs-15-p4-j5qff"",""cpu_m"":450,""mem_b"":474900800,""priority"":""4"",""node"":""kwok-node-26""},{""name"":""rs-16-p4-fpz9s"",""cpu_m"":259,""mem_b"":425754512,""priority"":""4"",""node"":""kwok-node-6""},{""name"":""rs-16-p4-h4hn2"",""cpu_m"":259,""mem_b"":425754512,""priority"":""4"",""node"":""kwok-node-4""},{""name"":""rs-16-p4-hmn97"",""cpu_m"":259,""mem_b"":425754512,""priority"":""4"",""node"":""kwok-node-5""},{""name"":""rs-17-p3-2ss6b"",""cpu_m"":827,""mem_b"":210133655,""priority"":""3"",""node"":""kwok-node-8""},{""name"":""rs-17-p3-cn42v"",""cpu_m"":827,""mem_b"":210133655,""priority"":""3"",""node"":""kwok-node-7""},{""name"":""rs-17-p3-cq5cg"",""cpu_m"":827,""mem_b"":210133655,""priority"":""3"",""node"":""kwok-node-31""},{""name"":""rs-18-p2-5wwks"",""cpu_m"":855,""mem_b"":701173031,""priority"":""2"",""node"":""kwok-node-28""},{""name"":""rs-18-p2-6ljtq"",""cpu_m"":855,""mem_b"":701173031,""priority"":""2"",""node"":""kwok-node-9""},{""name"":""rs-18-p2-j8nw9"",""cpu_m"":855,""mem_b"":701173031,""priority"":""2"",""node"":""kwok-node-3""},{""name"":""rs-18-p2-wfwm4"",""cpu_m"":855,""mem_b"":701173031,""priority"":""2"",""node"":""kwok-node-16""},{""name"":""rs-19-p3-klfwv"",""cpu_m"":446,""mem_b"":118595872,""priority"":""3"",""node"":""kwok-node-24""},{""name"":""rs-19-p3-l2bjx"",""cpu_m"":446,""mem_b"":118595872,""priority"":""3"",""node"":""kwok-node-27""},{""name"":""rs-19-p3-qc9d6"",""cpu_m"":446,""mem_b"":118595872,""priority"":""3"",""node"":""kwok-node-25""},{""name"":""rs-20-p3-65zj8"",""cpu_m"":173,""mem_b"":631886143,""priority"":""3"",""node"":""kwok-node-32""},{""name"":""rs-20-p3-6j5d8"",""cpu_m"":173,""mem_b"":631886143,""priority"":""3"",""node"":""kwok-node-20""},{""name"":""rs-20-p3-6wvks"",""cpu_m"":173,""mem_b"":631886143,""priority"":""3"",""node"":""kwok-node-22""},{""name"":""rs-20-p3-hwklc"",""cpu_m"":173,""mem_b"":631886143,""priority"":""3"",""node"":""kwok-node-21""},{""name"":""rs-21-p3-d2x9h"",""cpu_m"":226,""mem_b"":904200155,""priority"":""3"",""node"":""kwok-node-1""},{""name"":""rs-21-p3-r7n2q"",""cpu_m"":226,""mem_b"":904200155,""priority"":""3"",""node"":""kwok-node-13""},{""name"":""rs-22-p4-gklf4"",""cpu_m"":977,""mem_b"":714762803,""priority"":""4"",""node"":""kwok-node-19""},{""name"":""rs-22-p4-smxww"",""cpu_m"":977,""mem_b"":714762803,""priority"":""4"",""node"":""kwok-node-24""},{""name"":""rs-23-p4-6bjrv"",""cpu_m"":713,""mem_b"":286553296,""priority"":""4"",""node"":""kwok-node-10""},{""name"":""rs-23-p4-k455z"",""cpu_m"":713,""mem_b"":286553296,""priority"":""4"",""node"":""kwok-node-26""},{""name"":""rs-23-p4-slngs"",""cpu_m"":713,""mem_b"":286553296,""priority"":""4"",""node"":""kwok-node-14""},{""name"":""rs-24-p1-6hcx9"",""cpu_m"":562,""mem_b"":891430762,""priority"":""1"",""node"":""kwok-node-29""},{""name"":""rs-24-p1-6x2nq"",""cpu_m"":562,""mem_b"":891430762,""priority"":""1"",""node"":""""},{""name"":""rs-24-p1-hjj47"",""cpu_m"":562,""mem_b"":891430762,""priority"":""1"",""node"":""kwok-node-11""},{""name"":""rs-24-p1-nqr4w"",""cpu_m"":562,""mem_b"":891430762,""priority"":""1"",""node"":""kwok-node-6""},{""name"":""rs-25-p2-7h9zb"",""cpu_m"":730,""mem_b"":406460185,""priority"":""2"",""node"":""kwok-node-17""},{""name"":""rs-25-p2-j2ljh"",""cpu_m"":730,""mem_b"":406460185,""priority"":""2"",""node"":""kwok-node-15""},{""name"":""rs-25-p2-kfhm7"",""cpu_m"":730,""mem_b"":406460185,""priority"":""2"",""node"":""kwok-node-7""},{""name"":""rs-26-p1-5nz6j"",""cpu_m"":292,""mem_b"":639210569,""priority"":""1"",""node"":""kwok-node-25""},{""name"":""rs-26-p1-hv8fd"",""cpu_m"":292,""mem_b"":639210569,""priority"":""1"",""node"":""kwok-node-15""},{""name"":""rs-26-p1-rszj2"",""cpu_m"":292,""mem_b"":639210569,""priority"":""1"",""node"":""""},{""name"":""rs-27-p1-8fz89"",""cpu_m"":164,""mem_b"":184708638,""priority"":""1"",""node"":""kwok-node-27""},{""name"":""rs-27-p1-pf4w2"",""cpu_m"":164,""mem_b"":184708638,""priority"":""1"",""node"":""kwok-node-17""},{""name"":""rs-27-p1-rxf8p"",""cpu_m"":164,""mem_b"":184708638,""priority"":""1"",""node"":""kwok-node-24""},{""name"":""rs-27-p1-x2zjz"",""cpu_m"":164,""mem_b"":184708638,""priority"":""1"",""node"":""kwok-node-10""},{""name"":""rs-28-p4-jbxwh"",""cpu_m"":361,""mem_b"":892792555,""priority"":""4"",""node"":""kwok-node-4""},{""name"":""rs-28-p4-njsbm"",""cpu_m"":361,""mem_b"":892792555,""priority"":""4"",""node"":""kwok-node-5""},{""name"":""rs-28-p4-tn64z"",""cpu_m"":361,""mem_b"":892792555,""priority"":""4"",""node"":""kwok-node-2""},{""name"":""rs-29-p3-2hz26"",""cpu_m"":158,""mem_b"":149269166,""priority"":""3"",""node"":""kwok-node-32""},{""name"":""rs-29-p3-b29wg"",""cpu_m"":158,""mem_b"":149269166,""priority"":""3"",""node"":""kwok-node-8""},{""name"":""rs-29-p3-kmv9b"",""cpu_m"":158,""mem_b"":149269166,""priority"":""3"",""node"":""kwok-node-31""},{""name"":""rs-29-p3-rk4dd"",""cpu_m"":158,""mem_b"":149269166,""priority"":""3"",""node"":""kwok-node-23""},{""name"":""rs-30-p1-69c6j"",""cpu_m"":643,""mem_b"":717017644,""priority"":""1"",""node"":""kwok-node-16""},{""name"":""rs-30-p1-9x7ks"",""cpu_m"":643,""mem_b"":717017644,""priority"":""1"",""node"":""kwok-node-20""},{""name"":""rs-30-p1-fslh4"",""cpu_m"":643,""mem_b"":717017644,""priority"":""1"",""node"":""""},{""name"":""rs-31-p4-hlr5z"",""cpu_m"":802,""mem_b"":583891990,""priority"":""4"",""node"":""kwok-node-9""},{""name"":""rs-31-p4-lv7cm"",""cpu_m"":802,""mem_b"":583891990,""priority"":""4"",""node"":""kwok-node-32""},{""name"":""rs-31-p4-rnzwc"",""cpu_m"":802,""mem_b"":583891990,""priority"":""4"",""node"":""kwok-node-22""},{""name"":""rs-32-p2-jvkd9"",""cpu_m"":530,""mem_b"":671696619,""priority"":""2"",""node"":""kwok-node-31""},{""name"":""rs-32-p2-k7bj5"",""cpu_m"":530,""mem_b"":671696619,""priority"":""2"",""node"":""kwok-node-23""},{""name"":""rs-33-p4-5b2vr"",""cpu_m"":972,""mem_b"":423617988,""priority"":""4"",""node"":""kwok-node-11""},{""name"":""rs-34-p1-7gtkh"",""cpu_m"":511,""mem_b"":808493934,""priority"":""1"",""node"":""kwok-node-19""},{""name"":""rs-34-p1-gqrn7"",""cpu_m"":511,""mem_b"":808493934,""priority"":""1"",""node"":""kwok-node-30""},{""name"":""rs-34-p1-rbk7s"",""cpu_m"":511,""mem_b"":808493934,""priority"":""1"",""node"":""kwok-node-25""},{""name"":""rs-34-p1-xlbdj"",""cpu_m"":511,""mem_b"":808493934,""priority"":""1"",""node"":""kwok-node-27""},{""name"":""rs-35-p1-8vl8f"",""cpu_m"":321,""mem_b"":467345657,""priority"":""1"",""node"":""kwok-node-14""},{""name"":""rs-35-p1-nkw25"",""cpu_m"":321,""mem_b"":467345657,""priority"":""1"",""node"":""kwok-node-2""},{""name"":""rs-35-p1-nzmdc"",""cpu_m"":321,""mem_b"":467345657,""priority"":""1"",""node"":""kwok-node-26""},{""name"":""rs-36-p1-27brw"",""cpu_m"":916,""mem_b"":490038801,""priority"":""1"",""node"":""kwok-node-8""},{""name"":""rs-37-p3-g4bn4"",""cpu_m"":102,""mem_b"":406910163,""priority"":""3"",""node"":""kwok-node-10""},{""name"":""rs-37-p3-g89nt"",""cpu_m"":102,""mem_b"":406910163,""priority"":""3"",""node"":""kwok-node-14""},{""name"":""rs-37-p3-nrdvv"",""cpu_m"":102,""mem_b"":406910163,""priority"":""3"",""node"":""kwok-node-7""},{""name"":""rs-37-p3-zqnpk"",""cpu_m"":102,""mem_b"":406910163,""priority"":""3"",""node"":""kwok-node-17""},{""name"":""rs-38-p2-lr6qv"",""cpu_m"":922,""mem_b"":559539641,""priority"":""2"",""node"":""kwok-node-13""},{""name"":""rs-39-p2-464ds"",""cpu_m"":877,""mem_b"":489147472,""priority"":""2"",""node"":""kwok-node-28""},{""name"":""rs-40-p2-2p5p2"",""cpu_m"":821,""mem_b"":219614582,""priority"":""2"",""node"":""kwok-node-5""},{""name"":""rs-40-p2-bg8vv"",""cpu_m"":821,""mem_b"":219614582,""priority"":""2"",""node"":""kwok-node-2""},{""name"":""rs-40-p2-tjkcp"",""cpu_m"":821,""mem_b"":219614582,""priority"":""2"",""node"":""kwok-node-1""},{""name"":""rs-40-p2-vd5hc"",""cpu_m"":821,""mem_b"":219614582,""priority"":""2"",""node"":""kwok-node-4""},{""name"":""rs-41-p2-28m4x"",""cpu_m"":705,""mem_b"":141442987,""priority"":""2"",""node"":""kwok-node-18""},{""name"":""rs-42-p1-dtphs"",""cpu_m"":567,""mem_b"":734420565,""priority"":""1"",""node"":""kwok-node-14""},{""name"":""rs-42-p1-gnkxz"",""cpu_m"":567,""mem_b"":734420565,""priority"":""1"",""node"":""kwok-node-23""},{""name"":""rs-42-p1-th79l"",""cpu_m"":567,""mem_b"":734420565,""priority"":""1"",""node"":""kwok-node-16""},{""name"":""rs-43-p4-8x8bp"",""cpu_m"":784,""mem_b"":615604202,""priority"":""4"",""node"":""kwok-node-23""},{""name"":""rs-43-p4-9mpw6"",""cpu_m"":784,""mem_b"":615604202,""priority"":""4"",""node"":""kwok-node-27""},{""name"":""rs-43-p4-pvvst"",""cpu_m"":784,""mem_b"":615604202,""priority"":""4"",""node"":""kwok-node-25""},{""name"":""rs-44-p3-mw4ft"",""cpu_m"":444,""mem_b"":497660364,""priority"":""3"",""node"":""kwok-node-11""},{""name"":""rs-44-p3-p87zb"",""cpu_m"":444,""mem_b"":497660364,""priority"":""3"",""node"":""kwok-node-3""},{""name"":""rs-44-p3-rlh6g"",""cpu_m"":444,""mem_b"":497660364,""priority"":""3"",""node"":""kwok-node-12""},{""name"":""rs-45-p3-9fvgq"",""cpu_m"":617,""mem_b"":701113421,""priority"":""3"",""node"":""kwok-node-18""},{""name"":""rs-45-p3-ffr28"",""cpu_m"":617,""mem_b"":701113421,""priority"":""3"",""node"":""kwok-node-1""},{""name"":""rs-45-p3-gr88l"",""cpu_m"":617,""mem_b"":701113421,""priority"":""3"",""node"":""kwok-node-18""},{""name"":""rs-45-p3-wwnkt"",""cpu_m"":617,""mem_b"":701113421,""priority"":""3"",""node"":""kwok-node-29""},{""name"":""rs-46-p2-8msk2"",""cpu_m"":831,""mem_b"":844393975,""priority"":""2"",""node"":""kwok-node-21""}]","[{""name"":""rs-01-p1-p978f"",""cpu_m"":488,""mem_b"":788223651,""priority"":""1"",""node"":""kwok-node-16""},{""name"":""rs-02-p2-4khqz"",""cpu_m"":507,""mem_b"":609763114,""priority"":""2"",""node"":""kwok-node-15""},{""name"":""rs-03-p3-dxqf4"",""cpu_m"":894,""mem_b"":691464469,""priority"":""3"",""node"":""kwok-node-21""},{""name"":""rs-03-p3-hthtd"",""cpu_m"":894,""mem_b"":691464469,""priority"":""3"",""node"":""kwok-node-13""},{""name"":""rs-03-p3-s2j9p"",""cpu_m"":894,""mem_b"":691464469,""priority"":""3"",""node"":""kwok-node-22""},{""name"":""rs-03-p3-vv5sd"",""cpu_m"":894,""mem_b"":691464469,""priority"":""3"",""node"":""kwok-node-20""},{""name"":""rs-04-p3-696mg"",""cpu_m"":317,""mem_b"":178634968,""priority"":""3"",""node"":""kwok-node-1""},{""name"":""rs-04-p3-j4522"",""cpu_m"":317,""mem_b"":178634968,""priority"":""3"",""node"":""kwok-node-14""},{""name"":""rs-05-p4-dgzkz"",""cpu_m"":430,""mem_b"":572258894,""priority"":""4"",""node"":""kwok-node-2""},{""name"":""rs-05-p4-dvpb2"",""cpu_m"":430,""mem_b"":572258894,""priority"":""4"",""node"":""kwok-node-10""},{""name"":""rs-05-p4-sl245"",""cpu_m"":430,""mem_b"":572258894,""priority"":""4"",""node"":""kwok-node-17""},{""name"":""rs-06-p1-bz6gw"",""cpu_m"":970,""mem_b"":987498783,""priority"":""1"",""node"":""kwok-node-11""},{""name"":""rs-06-p1-f9z2p"",""cpu_m"":970,""mem_b"":987498783,""priority"":""1"",""node"":""kwok-node-23""},{""name"":""rs-06-p1-p5gp9"",""cpu_m"":970,""mem_b"":987498783,""priority"":""1"",""node"":""kwok-node-18""},{""name"":""rs-06-p1-qcfgs"",""cpu_m"":970,""mem_b"":987498783,""priority"":""1"",""node"":""kwok-node-12""},{""name"":""rs-07-p4-dglld"",""cpu_m"":390,""mem_b"":765096051,""priority"":""4"",""node"":""kwok-node-26""},{""name"":""rs-08-p1-6xzx2"",""cpu_m"":723,""mem_b"":796707061,""priority"":""1"",""node"":""kwok-node-25""},{""name"":""rs-08-p1-dh8f4"",""cpu_m"":723,""mem_b"":796707061,""priority"":""1"",""node"":""kwok-node-3""},{""name"":""rs-08-p1-dmlvz"",""cpu_m"":723,""mem_b"":796707061,""priority"":""1"",""node"":""kwok-node-27""},{""name"":""rs-08-p1-pqw2l"",""cpu_m"":723,""mem_b"":796707061,""priority"":""1"",""node"":""kwok-node-19""},{""name"":""rs-09-p3-429dg"",""cpu_m"":256,""mem_b"":984987131,""priority"":""3"",""node"":""kwok-node-28""},{""name"":""rs-09-p3-dvb6p"",""cpu_m"":256,""mem_b"":984987131,""priority"":""3"",""node"":""kwok-node-24""},{""name"":""rs-10-p2-gzt44"",""cpu_m"":345,""mem_b"":395676916,""priority"":""2"",""node"":""kwok-node-29""},{""name"":""rs-10-p2-t9dr2"",""cpu_m"":345,""mem_b"":395676916,""priority"":""2"",""node"":""kwok-node-30""},{""name"":""rs-11-p3-cvpk4"",""cpu_m"":598,""mem_b"":390130865,""priority"":""3"",""node"":""kwok-node-30""},{""name"":""rs-12-p1-ms6d8"",""cpu_m"":798,""mem_b"":667590098,""priority"":""1"",""node"":""kwok-node-4""},{""name"":""rs-12-p1-nt5qd"",""cpu_m"":798,""mem_b"":667590098,""priority"":""1"",""node"":""kwok-node-32""},{""name"":""rs-12-p1-pr8fs"",""cpu_m"":798,""mem_b"":667590098,""priority"":""1"",""node"":""kwok-node-5""},{""name"":""rs-12-p1-qf76c"",""cpu_m"":798,""mem_b"":667590098,""priority"":""1"",""node"":""kwok-node-6""},{""name"":""rs-13-p3-ghqz5"",""cpu_m"":131,""mem_b"":840788236,""priority"":""3"",""node"":""kwok-node-7""},{""name"":""rs-13-p3-gpl24"",""cpu_m"":131,""mem_b"":840788236,""priority"":""3"",""node"":""kwok-node-31""},{""name"":""rs-13-p3-jh4kb"",""cpu_m"":131,""mem_b"":840788236,""priority"":""3"",""node"":""kwok-node-8""},{""name"":""rs-13-p3-jhzzq"",""cpu_m"":131,""mem_b"":840788236,""priority"":""3"",""node"":""kwok-node-9""},{""name"":""rs-14-p1-9r4jx"",""cpu_m"":574,""mem_b"":582481518,""priority"":""1"",""node"":""kwok-node-29""},{""name"":""rs-14-p1-njq98"",""cpu_m"":574,""mem_b"":582481518,""priority"":""1"",""node"":""kwok-node-1""},{""name"":""rs-14-p1-p9hvf"",""cpu_m"":574,""mem_b"":582481518,""priority"":""1"",""node"":""kwok-node-2""},{""name"":""rs-14-p1-wrzsm"",""cpu_m"":574,""mem_b"":582481518,""priority"":""1"",""node"":""kwok-node-14""},{""name"":""rs-15-p4-4ll7l"",""cpu_m"":450,""mem_b"":474900800,""priority"":""4"",""node"":""kwok-node-10""},{""name"":""rs-15-p4-cxvxb"",""cpu_m"":450,""mem_b"":474900800,""priority"":""4"",""node"":""kwok-node-17""},{""name"":""rs-15-p4-dlz9q"",""cpu_m"":450,""mem_b"":474900800,""priority"":""4"",""node"":""kwok-node-15""},{""name"":""rs-15-p4-j5qff"",""cpu_m"":450,""mem_b"":474900800,""priority"":""4"",""node"":""kwok-node-26""},{""name"":""rs-16-p4-fpz9s"",""cpu_m"":259,""mem_b"":425754512,""priority"":""4"",""node"":""kwok-node-6""},{""name"":""rs-16-p4-h4hn2"",""cpu_m"":259,""mem_b"":425754512,""priority"":""4"",""node"":""kwok-node-4""},{""name"":""rs-16-p4-hmn97"",""cpu_m"":259,""mem_b"":425754512,""priority"":""4"",""node"":""kwok-node-5""},{""name"":""rs-17-p3-2ss6b"",""cpu_m"":827,""mem_b"":210133655,""priority"":""3"",""node"":""kwok-node-8""},{""name"":""rs-17-p3-cn42v"",""cpu_m"":827,""mem_b"":210133655,""priority"":""3"",""node"":""kwok-node-7""},{""name"":""rs-17-p3-cq5cg"",""cpu_m"":827,""mem_b"":210133655,""priority"":""3"",""node"":""kwok-node-31""},{""name"":""rs-18-p2-5wwks"",""cpu_m"":855,""mem_b"":701173031,""priority"":""2"",""node"":""kwok-node-28""},{""name"":""rs-18-p2-6ljtq"",""cpu_m"":855,""mem_b"":701173031,""priority"":""2"",""node"":""kwok-node-9""},{""name"":""rs-18-p2-j8nw9"",""cpu_m"":855,""mem_b"":701173031,""priority"":""2"",""node"":""kwok-node-3""},{""name"":""rs-18-p2-wfwm4"",""cpu_m"":855,""mem_b"":701173031,""priority"":""2"",""node"":""kwok-node-16""},{""name"":""rs-19-p3-klfwv"",""cpu_m"":446,""mem_b"":118595872,""priority"":""3"",""node"":""kwok-node-24""},{""name"":""rs-19-p3-l2bjx"",""cpu_m"":446,""mem_b"":118595872,""priority"":""3"",""node"":""kwok-node-27""},{""name"":""rs-19-p3-qc9d6"",""cpu_m"":446,""mem_b"":118595872,""priority"":""3"",""node"":""kwok-node-25""},{""name"":""rs-20-p3-65zj8"",""cpu_m"":173,""mem_b"":631886143,""priority"":""3"",""node"":""kwok-node-32""},{""name"":""rs-20-p3-6j5d8"",""cpu_m"":173,""mem_b"":631886143,""priority"":""3"",""node"":""kwok-node-20""},{""name"":""rs-20-p3-6wvks"",""cpu_m"":173,""mem_b"":631886143,""priority"":""3"",""node"":""kwok-node-22""},{""name"":""rs-20-p3-hwklc"",""cpu_m"":173,""mem_b"":631886143,""priority"":""3"",""node"":""kwok-node-21""},{""name"":""rs-21-p3-d2x9h"",""cpu_m"":226,""mem_b"":904200155,""priority"":""3"",""node"":""kwok-node-1""},{""name"":""rs-21-p3-r7n2q"",""cpu_m"":226,""mem_b"":904200155,""priority"":""3"",""node"":""kwok-node-13""},{""name"":""rs-22-p4-gklf4"",""cpu_m"":977,""mem_b"":714762803,""priority"":""4"",""node"":""kwok-node-19""},{""name"":""rs-22-p4-smxww"",""cpu_m"":977,""mem_b"":714762803,""priority"":""4"",""node"":""kwok-node-24""},{""name"":""rs-23-p4-6bjrv"",""cpu_m"":713,""mem_b"":286553296,""priority"":""4"",""node"":""kwok-node-10""},{""name"":""rs-23-p4-k455z"",""cpu_m"":713,""mem_b"":286553296,""priority"":""4"",""node"":""kwok-node-26""},{""name"":""rs-23-p4-slngs"",""cpu_m"":713,""mem_b"":286553296,""priority"":""4"",""node"":""kwok-node-14""},{""name"":""rs-24-p1-6hcx9"",""cpu_m"":562,""mem_b"":891430762,""priority"":""1"",""node"":""kwok-node-29""},{""name"":""rs-24-p1-8ngdc"",""cpu_m"":562,""mem_b"":891430762,""priority"":""1"",""node"":""kwok-node-25""},{""name"":""rs-24-p1-rvz7d"",""cpu_m"":562,""mem_b"":891430762,""priority"":""1"",""node"":""kwok-node-27""},{""name"":""rs-24-p1-vbwrt"",""cpu_m"":562,""mem_b"":891430762,""priority"":""1"",""node"":""kwok-node-30""},{""name"":""rs-25-p2-7h9zb"",""cpu_m"":730,""mem_b"":406460185,""priority"":""2"",""node"":""kwok-node-17""},{""name"":""rs-25-p2-j2ljh"",""cpu_m"":730,""mem_b"":406460185,""priority"":""2"",""node"":""kwok-node-15""},{""name"":""rs-25-p2-kfhm7"",""cpu_m"":730,""mem_b"":406460185,""priority"":""2"",""node"":""kwok-node-7""},{""name"":""rs-26-p1-cbwpd"",""cpu_m"":292,""mem_b"":639210569,""priority"":""1"",""node"":""kwok-node-18""},{""name"":""rs-26-p1-k7bmk"",""cpu_m"":292,""mem_b"":639210569,""priority"":""1"",""node"":""kwok-node-12""},{""name"":""rs-26-p1-tpsx7"",""cpu_m"":292,""mem_b"":639210569,""priority"":""1"",""node"":""kwok-node-11""},{""name"":""rs-27-p1-8bnd2"",""cpu_m"":164,""mem_b"":184708638,""priority"":""1"",""node"":""kwok-node-8""},{""name"":""rs-27-p1-8ccx2"",""cpu_m"":164,""mem_b"":184708638,""priority"":""1"",""node"":""kwok-node-31""},{""name"":""rs-27-p1-gvvms"",""cpu_m"":164,""mem_b"":184708638,""priority"":""1"",""node"":""kwok-node-23""},{""name"":""rs-27-p1-xldgq"",""cpu_m"":164,""mem_b"":184708638,""priority"":""1"",""node"":""kwok-node-6""},{""name"":""rs-28-p4-jbxwh"",""cpu_m"":361,""mem_b"":892792555,""priority"":""4"",""node"":""kwok-node-4""},{""name"":""rs-28-p4-njsbm"",""cpu_m"":361,""mem_b"":892792555,""priority"":""4"",""node"":""kwok-node-5""},{""name"":""rs-28-p4-tn64z"",""cpu_m"":361,""mem_b"":892792555,""priority"":""4"",""node"":""kwok-node-2""},{""name"":""rs-29-p3-2hz26"",""cpu_m"":158,""mem_b"":149269166,""priority"":""3"",""node"":""kwok-node-32""},{""name"":""rs-29-p3-b29wg"",""cpu_m"":158,""mem_b"":149269166,""priority"":""3"",""node"":""kwok-node-8""},{""name"":""rs-29-p3-kmv9b"",""cpu_m"":158,""mem_b"":149269166,""priority"":""3"",""node"":""kwok-node-31""},{""name"":""rs-29-p3-rk4dd"",""cpu_m"":158,""mem_b"":149269166,""priority"":""3"",""node"":""kwok-node-23""},{""name"":""rs-30-p1-9x7ks"",""cpu_m"":643,""mem_b"":717017644,""priority"":""1"",""node"":""kwok-node-20""},{""name"":""rs-30-p1-hk5hw"",""cpu_m"":643,""mem_b"":717017644,""priority"":""1"",""node"":""kwok-node-6""},{""name"":""rs-30-p1-md99k"",""cpu_m"":643,""mem_b"":717017644,""priority"":""1"",""node"":""kwok-node-21""},{""name"":""rs-31-p4-hlr5z"",""cpu_m"":802,""mem_b"":583891990,""priority"":""4"",""node"":""kwok-node-9""},{""name"":""rs-31-p4-lv7cm"",""cpu_m"":802,""mem_b"":583891990,""priority"":""4"",""node"":""kwok-node-32""},{""name"":""rs-31-p4-rnzwc"",""cpu_m"":802,""mem_b"":583891990,""priority"":""4"",""node"":""kwok-node-22""},{""name"":""rs-32-p2-jvkd9"",""cpu_m"":530,""mem_b"":671696619,""priority"":""2"",""node"":""kwok-node-31""},{""name"":""rs-32-p2-k7bj5"",""cpu_m"":530,""mem_b"":671696619,""priority"":""2"",""node"":""kwok-node-23""},{""name"":""rs-33-p4-5b2vr"",""cpu_m"":972,""mem_b"":423617988,""priority"":""4"",""node"":""""},{""name"":""rs-34-p1-7gtkh"",""cpu_m"":511,""mem_b"":808493934,""priority"":""1"",""node"":""""},{""name"":""rs-34-p1-gqrn7"",""cpu_m"":511,""mem_b"":808493934,""priority"":""1"",""node"":""""},{""name"":""rs-34-p1-rbk7s"",""cpu_m"":511,""mem_b"":808493934,""priority"":""1"",""node"":""""},{""name"":""rs-34-p1-xlbdj"",""cpu_m"":511,""mem_b"":808493934,""priority"":""1"",""node"":""""},{""name"":""rs-35-p1-5wkq2"",""cpu_m"":321,""mem_b"":467345657,""priority"":""1"",""node"":""kwok-node-26""},{""name"":""rs-35-p1-9dp4f"",""cpu_m"":321,""mem_b"":467345657,""priority"":""1"",""node"":""kwok-node-8""},{""name"":""rs-35-p1-vrckh"",""cpu_m"":321,""mem_b"":467345657,""priority"":""1"",""node"":""kwok-node-16""},{""name"":""rs-36-p1-dwzjd"",""cpu_m"":916,""mem_b"":490038801,""priority"":""1"",""node"":""kwok-node-1""},{""name"":""rs-37-p3-g4bn4"",""cpu_m"":102,""mem_b"":406910163,""priority"":""3"",""node"":""kwok-node-10""},{""name"":""rs-37-p3-g89nt"",""cpu_m"":102,""mem_b"":406910163,""priority"":""3"",""node"":""kwok-node-14""},{""name"":""rs-37-p3-nrdvv"",""cpu_m"":102,""mem_b"":406910163,""priority"":""3"",""node"":""kwok-node-7""},{""name"":""rs-37-p3-zqnpk"",""cpu_m"":102,""mem_b"":406910163,""priority"":""3"",""node"":""kwok-node-17""},{""name"":""rs-38-p2-lr6qv"",""cpu_m"":922,""mem_b"":559539641,""priority"":""2"",""node"":""kwok-node-13""},{""name"":""rs-39-p2-464ds"",""cpu_m"":877,""mem_b"":489147472,""priority"":""2"",""node"":""kwok-node-28""},{""name"":""rs-40-p2-2p5p2"",""cpu_m"":821,""mem_b"":219614582,""priority"":""2"",""node"":""""},{""name"":""rs-40-p2-bg8vv"",""cpu_m"":821,""mem_b"":219614582,""priority"":""2"",""node"":""""},{""name"":""rs-40-p2-tjkcp"",""cpu_m"":821,""mem_b"":219614582,""priority"":""2"",""node"":""""},{""name"":""rs-40-p2-vd5hc"",""cpu_m"":821,""mem_b"":219614582,""priority"":""2"",""node"":""""},{""name"":""rs-41-p2-28m4x"",""cpu_m"":705,""mem_b"":141442987,""priority"":""2"",""node"":""kwok-node-18""},{""name"":""rs-42-p1-dtphs"",""cpu_m"":567,""mem_b"":734420565,""priority"":""1"",""node"":""""},{""name"":""rs-42-p1-gnkxz"",""cpu_m"":567,""mem_b"":734420565,""priority"":""1"",""node"":""""},{""name"":""rs-42-p1-th79l"",""cpu_m"":567,""mem_b"":734420565,""priority"":""1"",""node"":""""},{""name"":""rs-43-p4-8x8bp"",""cpu_m"":784,""mem_b"":615604202,""priority"":""4"",""node"":""""},{""name"":""rs-43-p4-9mpw6"",""cpu_m"":784,""mem_b"":615604202,""priority"":""4"",""node"":""""},{""name"":""rs-43-p4-pvvst"",""cpu_m"":784,""mem_b"":615604202,""priority"":""4"",""node"":""""},{""name"":""rs-44-p3-mw4ft"",""cpu_m"":444,""mem_b"":497660364,""priority"":""3"",""node"":""kwok-node-11""},{""name"":""rs-44-p3-p87zb"",""cpu_m"":444,""mem_b"":497660364,""priority"":""3"",""node"":""kwok-node-3""},{""name"":""rs-44-p3-rlh6g"",""cpu_m"":444,""mem_b"":497660364,""priority"":""3"",""node"":""kwok-node-12""},{""name"":""rs-45-p3-9fvgq"",""cpu_m"":617,""mem_b"":701113421,""priority"":""3"",""node"":""""},{""name"":""rs-45-p3-ffr28"",""cpu_m"":617,""mem_b"":701113421,""priority"":""3"",""node"":""""},{""name"":""rs-45-p3-gr88l"",""cpu_m"":617,""mem_b"":701113421,""priority"":""3"",""node"":""""},{""name"":""rs-45-p3-wwnkt"",""cpu_m"":617,""mem_b"":701113421,""priority"":""3"",""node"":""""},{""name"":""rs-46-p2-8msk2"",""cpu_m"":831,""mem_b"":844393975,""priority"":""2"",""node"":""""}]","[{""name"":""kwok-node-1"",""cap_cpu_m"":2065,""cap_mem_bytes"":2191920680},{""name"":""kwok-node-2"",""cap_cpu_m"":2065,""cap_mem_bytes"":2191920680},{""name"":""kwok-node-3"",""cap_cpu_m"":2065,""cap_mem_bytes"":2191920680},{""name"":""kwok-node-4"",""cap_cpu_m"":2065,""cap_mem_bytes"":2191920680},{""name"":""kwok-node-5"",""cap_cpu_m"":2065,""cap_mem_bytes"":2191920680},{""name"":""kwok-node-6"",""cap_cpu_m"":2065,""cap_mem_bytes"":2191920680},{""name"":""kwok-node-7"",""cap_cpu_m"":2065,""cap_mem_bytes"":2191920680},{""name"":""kwok-node-8"",""cap_cpu_m"":2065,""cap_mem_bytes"":2191920680},{""name"":""kwok-node-9"",""cap_cpu_m"":2065,""cap_mem_bytes"":2191920680},{""name"":""kwok-node-10"",""cap_cpu_m"":2065,""cap_mem_bytes"":2191920680},{""name"":""kwok-node-11"",""cap_cpu_m"":2065,""cap_mem_bytes"":2191920680},{""name"":""kwok-node-12"",""cap_cpu_m"":2065,""cap_mem_bytes"":2191920680},{""name"":""kwok-node-13"",""cap_cpu_m"":2065,""cap_mem_bytes"":2191920680},{""name"":""kwok-node-14"",""cap_cpu_m"":2065,""cap_mem_bytes"":2191920680},{""name"":""kwok-node-15"",""cap_cpu_m"":2065,""cap_mem_bytes"":2191920680},{""name"":""kwok-node-16"",""cap_cpu_m"":2065,""cap_mem_bytes"":2191920680},{""name"":""kwok-node-17"",""cap_cpu_m"":2065,""cap_mem_bytes"":2191920680},{""name"":""kwok-node-18"",""cap_cpu_m"":2065,""cap_mem_bytes"":2191920680},{""name"":""kwok-node-19"",""cap_cpu_m"":2065,""cap_mem_bytes"":2191920680},{""name"":""kwok-node-20"",""cap_cpu_m"":2065,""cap_mem_bytes"":2191920680},{""name"":""kwok-node-21"",""cap_cpu_m"":2065,""cap_mem_bytes"":2191920680},{""name"":""kwok-node-22"",""cap_cpu_m"":2065,""cap_mem_bytes"":2191920680},{""name"":""kwok-node-23"",""cap_cpu_m"":2065,""cap_mem_bytes"":2191920680},{""name"":""kwok-node-24"",""cap_cpu_m"":2065,""cap_mem_bytes"":2191920680},{""name"":""kwok-node-25"",""cap_cpu_m"":2065,""cap_mem_bytes"":2191920680},{""name"":""kwok-node-26"",""cap_cpu_m"":2065,""cap_mem_bytes"":2191920680},{""name"":""kwok-node-27"",""cap_cpu_m"":2065,""cap_mem_bytes"":2191920680},{""name"":""kwok-node-28"",""cap_cpu_m"":2065,""cap_mem_bytes"":2191920680},{""name"":""kwok-node-29"",""cap_cpu_m"":2065,""cap_mem_bytes"":2191920680},{""name"":""kwok-node-30"",""cap_cpu_m"":2065,""cap_mem_bytes"":2191920680},{""name"":""kwok-node-31"",""cap_cpu_m"":2065,""cap_mem_bytes"":2191920680},{""name"":""kwok-node-32"",""cap_cpu_m"":2065,""cap_mem_bytes"":2191920680}]"
2026/02/11/12:03:52,4528391889290670831,,"{""evicted"":0,""moved"":0,""placed_by_priority"":{""1"":32,""2"":27,""3"":19,""4"":26}}",python,"{""evicted"":10,""moved"":20,""placed_by_priority"":{""1"":23,""2"":35,""3"":27,""4"":28}}",998,FEASIBLE,"[{""duration_ms"":998,""name"":""python"",""score"":{""evicted"":10,""moved"":20,""placed_by_priority"":{""1"":23,""2"":35,""3"":27,""4"":28}},""status"":""FEASIBLE""}]",0.913,0.849,0.903,0.850,61876,57526,61144893874,57512817776,112,104,16,24,"{""kwok-node-1"":4,""kwok-node-10"":3,""kwok-node-11"":3,""kwok-node-12"":3,""kwok-node-13"":3,""kwok-node-14"":4,""kwok-node-15"":4,""kwok-node-16"":4,""kwok-node-17"":3,""kwok-node-18"":3,""kwok-node-19"":3,""kwok-node-2"":3,""kwok-node-20"":4,""kwok-node-21"":3,""kwok-node-22"":4,""kwok-node-23"":3,""kwok-node-24"":3,""kwok-node-25"":5,""kwok-node-26"":4,""kwok-node-27"":3,""kwok-node-28"":3,""kwok-node-29"":3,""kwok-node-3"":3,""kwok-node-30"":3,""kwok-node-31"":4,""kwok-node-32"":4,""kwok-node-4"":4,""kwok-node-5"":5,""kwok-node-6"":3,""kwok-node-7"":3,""kwok-node-8"":5,""kwok-node-9"":3}","{""kwok-node-1"":3,""kwok-node-10"":3,""kwok-node-11"":3,""kwok-node-12"":3,""kwok-node-13"":3,""kwok-node-14"":3,""kwok-node-15"":4,""kwok-node-16"":4,""kwok-node-17"":3,""kwok-node-18"":3,""kwok-node-19"":3,""kwok-node-2"":3,""kwok-node-20"":4,""kwok-node-21"":3,""kwok-node-22"":4,""kwok-node-23"":3,""kwok-node-24"":3,""kwok-node-25"":3,""kwok-node-26"":4,""kwok-node-27"":2,""kwok-node-28"":4,""kwok-node-29"":3,""kwok-node-3"":3,""kwok-node-30"":3,""kwok-node-31"":3,""kwok-node-32"":3,""kwok-node-4"":4,""kwok-node-5"":4,""kwok-node-6"":3,""kwok-node-7"":3,""kwok-node-8"":4,""kwok-node-9"":3}","{""p1"":22,""p2"":35,""p3"":27,""p4"":28}","{""p1"":32,""p2"":27,""p3"":19,""p4"":26}","{""p1"":16}","{""p1"":6,""p2"":8,""p3"":8,""p4"":2}","{rs-02-p1-lvnhs,rs-02-p1-sblgt,rs-02-p1-t44p5,rs-18-p1-88k64,rs-18-p1-kvs7g,rs-21-p1-sdlr6,rs-29-p1-8dxzl,rs-29-p1-nlf6t,rs-37-p1-pdn9c,rs-39-p1-xgm4g,rs-45-p1-2wmhw,rs-45-p1-bhvz5,rs-45-p1-trglh,rs-47-p1-6vzhh,rs-47-p1-p7xvw,rs-47-p1-tf5jv}","{rs-43-p2-9xk55,rs-43-p2-tn5nr,rs-43-p2-wsfrs,rs-44-p4-5k4x2,rs-45-p1-2wmhw,rs-45-p1-bhvz5,rs-45-p1-hsnfh,rs-45-p1-trglh,rs-46-p2-grssq,rs-46-p2-rzj8d,rs-47-p1-p7xvw,rs-47-p1-tf5jv,rs-49-p3-x4lhf,rs-51-p3-jvxhw,rs-51-p3-rnpfl,rs-51-p3-sq7bp,rs-52-p4-6flzt,rs-53-p2-28l2q,rs-53-p2-44ffc,rs-53-p2-dpw7p,rs-55-p3-58znv,rs-55-p3-7fqk9,rs-55-p3-9s8hf,rs-55-p3-gw9fq}","{rs-01-p1-tbmp2,rs-03-p1-2wd52,rs-03-p1-n9s2r,rs-03-p1-v5wcf,rs-03-p1-w6kgb,rs-04-p1-wrdfv,rs-04-p1-zd52v,rs-05-p4-7s5gc,rs-05-p4-89xk2,rs-05-p4-jqdff,rs-06-p4-c677v,rs-06-p4-cnxjx,rs-06-p4-ht4jf,rs-06-p4-n4fms,rs-07-p2-4wlmv,rs-07-p2-8pgzk,rs-07-p2-b52gf,rs-08-p1-nz6vh,rs-09-p3-gtwq9,rs-10-p4-5tg5z,rs-11-p3-pb8t5,rs-11-p3-x95p4,rs-12-p2-f9rn9,rs-13-p1-2wzk6,rs-13-p1-mgm6h,rs-14-p1-2v482,rs-14-p1-4rrwc,rs-15-p3-v979p,rs-15-p3-zpn98,rs-16-p2-2dsv4,rs-17-p3-2l52z,rs-17-p3-mzjhx,rs-17-p3-t56zw,rs-17-p3-zpmj8,rs-19-p2-64m5q,rs-19-p2-fhrtk,rs-20-p4-42c4w,rs-20-p4-dzvwb,rs-20-p4-kkrxh,rs-20-p4-p64rs,rs-22-p4-448fg,rs-22-p4-6n2qg,rs-23-p2-d66pb,rs-24-p4-2fflm,rs-24-p4-7fbg2,rs-24-p4-crwlr,rs-25-p2-6t42z,rs-25-p2-dtqzf,rs-25-p2-lzzrs,rs-26-p1-cclw8,rs-26-p1-g2jj7,rs-26-p1-lrxjk,rs-27-p2-9597z,rs-27-p2-w98kb,rs-28-p2-6rgdr,rs-28-p2-d6pns,rs-28-p2-qz7bn,rs-30-p4-z6gfp,rs-31-p3-pwpk5,rs-31-p3-xj826,rs-32-p1-22j6v,rs-32-p1-242z6,rs-33-p3-76kqt,rs-34-p4-dk9vr,rs-34-p4-t7frv,rs-35-p2-khds8,rs-35-p2-mb6k8,rs-35-p2-ptv5g,rs-35-p2-r8skm,rs-36-p2-25cn2,rs-36-p2-2fgmh,rs-36-p2-4rlkm,rs-36-p2-vd8bn,rs-37-p1-kffbf,rs-37-p1-ncjwt,rs-37-p1-nn9ll,rs-38-p2-pg6xx,rs-38-p2-v7hv6,rs-38-p2-w7276,rs-40-p4-6bc8p,rs-40-p4-8kc55,rs-41-p3-xbfff,rs-41-p3-zn8b8,rs-42-p3-44z2m,rs-42-p3-7brnz,rs-42-p3-jfpq9,rs-42-p3-vxcsd,rs-43-p2-9xk55,rs-43-p2-tn5nr,rs-43-p2-wsfrs,rs-44-p4-5k4x2,rs-45-p1-hsnfh,rs-46-p2-grssq,rs-46-p2-rzj8d,rs-48-p1-9v56r,rs-49-p3-d7264,rs-49-p3-x4lhf,rs-50-p4-5bpd2,rs-50-p4-r8qqh,rs-50-p4-vs8fh,rs-51-p3-jvxhw,rs-51-p3-rnpfl,rs-51-p3-sq7bp,rs-52-p4-6flzt,rs-53-p2-28l2q,rs-53-p2-44ffc,rs-53-p2-dpw7p,rs-54-p4-cxxqx,rs-55-p3-58znv,rs-55-p3-7fqk9,rs-55-p3-9s8hf,rs-55-p3-gw9fq}","{rs-01-p1-vdm5k,rs-02-p1-4rhnq,rs-02-p1-5dp59,rs-02-p1-bqptm,rs-03-p1-cjj7c,rs-03-p1-hmgfb,rs-03-p1-p4l8g,rs-03-p1-xzzjc,rs-04-p1-9rckf,rs-04-p1-zd52v,rs-05-p4-7s5gc,rs-05-p4-89xk2,rs-05-p4-jqdff,rs-06-p4-c677v,rs-06-p4-cnxjx,rs-06-p4-ht4jf,rs-06-p4-n4fms,rs-07-p2-4wlmv,rs-07-p2-8pgzk,rs-07-p2-b52gf,rs-08-p1-7tzpd,rs-09-p3-gtwq9,rs-10-p4-5tg5z,rs-11-p3-pb8t5,rs-11-p3-x95p4,rs-12-p2-f9rn9,rs-13-p1-5rkq7,rs-13-p1-q4g8r,rs-14-p1-2v482,rs-14-p1-kwtn6,rs-15-p3-v979p,rs-15-p3-zpn98,rs-16-p2-2dsv4,rs-17-p3-2l52z,rs-17-p3-mzjhx,rs-17-p3-t56zw,rs-17-p3-zpmj8,rs-18-p1-2vmx5,rs-18-p1-jwhbz,rs-19-p2-64m5q,rs-19-p2-fhrtk,rs-20-p4-42c4w,rs-20-p4-dzvwb,rs-20-p4-kkrxh,rs-20-p4-p64rs,rs-21-p1-29slq,rs-22-p4-448fg,rs-22-p4-6n2qg,rs-23-p2-d66pb,rs-24-p4-2fflm,rs-24-p4-7fbg2,rs-24-p4-crwlr,rs-25-p2-6t42z,rs-25-p2-dtqzf,rs-25-p2-lzzrs,rs-26-p1-bnd8z,rs-26-p1-hh5t7,rs-26-p1-vf4ld,rs-27-p2-9597z,rs-27-p2-w98kb,rs-28-p2-6rgdr,rs-28-p2-d6pns,rs-28-p2-qz7bn,rs-29-p1-9mv9v,rs-29-p1-d6g76,rs-30-p4-z6gfp,rs-31-p3-pwpk5,rs-31-p3-xj826,rs-32-p1-85l2x,rs-32-p1-xgw56,rs-33-p3-76kqt,rs-34-p4-dk9vr,rs-34-p4-t7frv,rs-35-p2-khds8,rs-35-p2-mb6k8,rs-35-p2-ptv5g,rs-35-p2-r8skm,rs-36-p2-25cn2,rs-36-p2-2fgmh,rs-36-p2-4rlkm,rs-36-p2-vd8bn,rs-37-p1-74wr4,rs-37-p1-k6jkh,rs-37-p1-lnnxq,rs-37-p1-nxqkw,rs-38-p2-pg6xx,rs-38-p2-v7hv6,rs-38-p2-w7276,rs-39-p1-rgkwr,rs-40-p4-6bc8p,rs-40-p4-8kc55,rs-41-p3-xbfff,rs-41-p3-zn8b8,rs-42-p3-44z2m,rs-42-p3-7brnz,rs-42-p3-jfpq9,rs-42-p3-vxcsd,rs-47-p1-vgdhw,rs-48-p1-tcbj4,rs-49-p3-d7264,rs-50-p4-5bpd2,rs-50-p4-r8qqh,rs-50-p4-vs8fh,rs-54-p4-cxxqx}","[{""name"":""rs-01-p1-tbmp2"",""cpu_m"":793,""mem_b"":199176914,""priority"":""1"",""node"":""kwok-node-30""},{""name"":""rs-02-p1-lvnhs"",""cpu_m"":604,""mem_b"":777661708,""priority"":""1"",""node"":""""},{""name"":""rs-02-p1-sblgt"",""cpu_m"":604,""mem_b"":777661708,""priority"":""1"",""node"":""""},{""name"":""rs-02-p1-t44p5"",""cpu_m"":604,""mem_b"":777661708,""priority"":""1"",""node"":""""},{""name"":""rs-03-p1-2wd52"",""cpu_m"":535,""mem_b"":409706007,""priority"":""1"",""node"":""kwok-node-7""},{""name"":""rs-03-p1-n9s2r"",""cpu_m"":535,""mem_b"":409706007,""priority"":""1"",""node"":""kwok-node-15""},{""name"":""rs-03-p1-v5wcf"",""cpu_m"":535,""mem_b"":409706007,""priority"":""1"",""node"":""kwok-node-14""},{""name"":""rs-03-p1-w6kgb"",""cpu_m"":535,""mem_b"":409706007,""priority"":""1"",""node"":""kwok-node-32""},{""name"":""rs-04-p1-wrdfv"",""cpu_m"":216,""mem_b"":633089180,""priority"":""1"",""node"":""kwok-node-1""},{""name"":""rs-04-p1-zd52v"",""cpu_m"":216,""mem_b"":633089180,""priority"":""1"",""node"":""kwok-node-14""},{""name"":""rs-05-p4-7s5gc"",""cpu_m"":366,""mem_b"":854806009,""priority"":""4"",""node"":""kwok-node-2""},{""name"":""rs-05-p4-89xk2"",""cpu_m"":366,""mem_b"":854806009,""priority"":""4"",""node"":""kwok-node-22""},{""name"":""rs-05-p4-jqdff"",""cpu_m"":366,""mem_b"":854806009,""priority"":""4"",""node"":""kwok-node-20""},{""name"":""rs-06-p4-c677v"",""cpu_m"":467,""mem_b"":430127685,""priority"":""4"",""node"":""kwok-node-18""},{""name"":""rs-06-p4-cnxjx"",""cpu_m"":467,""mem_b"":430127685,""priority"":""4"",""node"":""kwok-node-23""},{""name"":""rs-06-p4-ht4jf"",""cpu_m"":467,""mem_b"":430127685,""priority"":""4"",""node"":""kwok-node-24""},{""name"":""rs-06-p4-n4fms"",""cpu_m"":467,""mem_b"":430127685,""priority"":""4"",""node"":""kwok-node-21""},{""name"":""rs-07-p2-4wlmv"",""cpu_m"":211,""mem_b"":824362272,""priority"":""2"",""node"":""kwok-node-25""},{""name"":""rs-07-p2-8pgzk"",""cpu_m"":211,""mem_b"":824362272,""priority"":""2"",""node"":""kwok-node-17""},{""name"":""rs-07-p2-b52gf"",""cpu_m"":211,""mem_b"":824362272,""priority"":""2"",""node"":""kwok-node-26""},{""name"":""rs-08-p1-nz6vh"",""cpu_m"":616,""mem_b"":306657716,""priority"":""1"",""node"":""kwok-node-5""},{""name"":""rs-09-p3-gtwq9"",""cpu_m"":116,""mem_b"":880993725,""priority"":""3"",""node"":""kwok-node-27""},{""name"":""rs-10-p4-5tg5z"",""cpu_m"":959,""mem_b"":338697382,""priority"":""4"",""node"":""kwok-node-29""},{""name"":""rs-11-p3-pb8t5"",""cpu_m"":399,""mem_b"":887425012,""priority"":""3"",""node"":""kwok-node-31""},{""name"":""rs-11-p3-x95p4"",""cpu_m"":399,""mem_b"":887425012,""priority"":""3"",""node"":""kwok-node-30""},{""name"":""rs-12-p2-f9rn9"",""cpu_m"":181,""mem_b"":905755128,""priority"":""2"",""node"":""kwok-node-32""},{""name"":""rs-13-p1-2wzk6"",""cpu_m"":124,""mem_b"":122536484,""priority"":""1"",""node"":""kwok-node-25""},{""name"":""rs-13-p1-mgm6h"",""cpu_m"":124,""mem_b"":122536484,""priority"":""1"",""node"":""kwok-node-25""},{""name"":""rs-14-p1-2v482"",""cpu_m"":897,""mem_b"":110336653,""priority"":""1"",""node"":""kwok-node-6""},{""name"":""rs-14-p1-4rrwc"",""cpu_m"":897,""mem_b"":110336653,""priority"":""1"",""node"":""kwok-node-32""},{""name"":""rs-15-p3-v979p"",""cpu_m"":245,""mem_b"":134579178,""priority"":""3"",""node"":""kwok-node-8""},{""name"":""rs-15-p3-zpn98"",""cpu_m"":245,""mem_b"":134579178,""priority"":""3"",""node"":""kwok-node-5""},{""name"":""rs-16-p2-2dsv4"",""cpu_m"":218,""mem_b"":916070174,""priority"":""2"",""node"":""kwok-node-3""},{""name"":""rs-17-p3-2l52z"",""cpu_m"":131,""mem_b"":840192459,""priority"":""3"",""node"":""kwok-node-9""},{""name"":""rs-17-p3-mzjhx"",""cpu_m"":131,""mem_b"":840192459,""priority"":""3"",""node"":""kwok-node-28""},{""name"":""rs-17-p3-t56zw"",""cpu_m"":131,""mem_b"":840192459,""priority"":""3"",""node"":""kwok-node-4""},{""name"":""rs-17-p3-zpmj8"",""cpu_m"":131,""mem_b"":840192459,""priority"":""3"",""node"":""kwok-node-5""},{""name"":""rs-18-p1-88k64"",""cpu_m"":815,""mem_b"":634854350,""priority"":""1"",""node"":""""},{""name"":""rs-18-p1-kvs7g"",""cpu_m"":815,""mem_b"":634854350,""priority"":""1"",""node"":""""},{""name"":""rs-19-p2-64m5q"",""cpu_m"":805,""mem_b"":826808057,""priority"":""2"",""node"":""kwok-node-23""},{""name"":""rs-19-p2-fhrtk"",""cpu_m"":805,""mem_b"":826808057,""priority"":""2"",""node"":""kwok-node-21""},{""name"":""rs-20-p4-42c4w"",""cpu_m"":986,""mem_b"":696691905,""priority"":""4"",""node"":""kwok-node-13""},{""name"":""rs-20-p4-dzvwb"",""cpu_m"":986,""mem_b"":696691905,""priority"":""4"",""node"":""kwok-node-24""},{""name"":""rs-20-p4-kkrxh"",""cpu_m"":986,""mem_b"":696691905,""priority"":""4"",""node"":""kwok-node-18""},{""name"":""rs-20-p4-p64rs"",""cpu_m"":986,""mem_b"":696691905,""priority"":""4"",""node"":""kwok-node-12""},{""name"":""rs-21-p1-sdlr6"",""cpu_m"":716,""mem_b"":539800495,""priority"":""1"",""node"":""""},{""name"":""rs-22-p4-448fg"",""cpu_m"":564,""mem_b"":932041476,""priority"":""4"",""node"":""kwok-node-6""},{""name"":""rs-22-p4-6n2qg"",""cpu_m"":564,""mem_b"":932041476,""priority"":""4"",""node"":""kwok-node-16""},{""name"":""rs-23-p2-d66pb"",""cpu_m"":894,""mem_b"":179317576,""priority"":""2"",""node"":""kwok-node-9""},{""name"":""rs-24-p4-2fflm"",""cpu_m"":923,""mem_b"":885653142,""priority"":""4"",""node"":""kwok-node-19""},{""name"":""rs-24-p4-7fbg2"",""cpu_m"":923,""mem_b"":885653142,""priority"":""4"",""node"":""kwok-node-11""},{""name"":""rs-24-p4-crwlr"",""cpu_m"":923,""mem_b"":885653142,""priority"":""4"",""node"":""kwok-node-1""},{""name"":""rs-25-p2-6t42z"",""cpu_m"":648,""mem_b"":300090285,""priority"":""2"",""node"":""kwok-node-2""},{""name"":""rs-25-p2-dtqzf"",""cpu_m"":648,""mem_b"":300090285,""priority"":""2"",""node"":""kwok-node-26""},{""name"":""rs-25-p2-lzzrs"",""cpu_m"":648,""mem_b"":300090285,""priority"":""2"",""node"":""kwok-node-25""},{""name"":""rs-26-p1-cclw8"",""cpu_m"":253,""mem_b"":622971397,""priority"":""1"",""node"":""kwok-node-12""},{""name"":""rs-26-p1-g2jj7"",""cpu_m"":253,""mem_b"":622971397,""priority"":""1"",""node"":""kwok-node-4""},{""name"":""rs-26-p1-lrxjk"",""cpu_m"":253,""mem_b"":622971397,""priority"":""1"",""node"":""kwok-node-5""},{""name"":""rs-27-p2-9597z"",""cpu_m"":990,""mem_b"":541941325,""priority"":""2"",""node"":""kwok-node-22""},{""name"":""rs-27-p2-w98kb"",""cpu_m"":990,""mem_b"":541941325,""priority"":""2"",""node"":""kwok-node-20""},{""name"":""rs-28-p2-6rgdr"",""cpu_m"":669,""mem_b"":954845564,""priority"":""2"",""node"":""kwok-node-7""},{""name"":""rs-28-p2-d6pns"",""cpu_m"":669,""mem_b"":954845564,""priority"":""2"",""node"":""kwok-node-30""},{""name"":""rs-28-p2-qz7bn"",""cpu_m"":669,""mem_b"":954845564,""priority"":""2"",""node"":""kwok-node-27""},{""name"":""rs-29-p1-8dxzl"",""cpu_m"":763,""mem_b"":494686931,""priority"":""1"",""node"":""""},{""name"":""rs-29-p1-nlf6t"",""cpu_m"":763,""mem_b"":494686931,""priority"":""1"",""node"":""""},{""name"":""rs-30-p4-z6gfp"",""cpu_m"":866,""mem_b"":545048654,""priority"":""4"",""node"":""kwok-node-3""},{""name"":""rs-31-p3-pwpk5"",""cpu_m"":971,""mem_b"":331148706,""priority"":""3"",""node"":""kwok-node-4""},{""name"":""rs-31-p3-xj826"",""cpu_m"":971,""mem_b"":331148706,""priority"":""3"",""node"":""kwok-node-28""},{""name"":""rs-32-p1-22j6v"",""cpu_m"":478,""mem_b"":446748145,""priority"":""1"",""node"":""kwok-node-14""},{""name"":""rs-32-p1-242z6"",""cpu_m"":478,""mem_b"":446748145,""priority"":""1"",""node"":""kwok-node-8""},{""name"":""rs-33-p3-76kqt"",""cpu_m"":800,""mem_b"":411477996,""priority"":""3"",""node"":""kwok-node-25""},{""name"":""rs-34-p4-dk9vr"",""cpu_m"":871,""mem_b"":193240589,""priority"":""4"",""node"":""kwok-node-5""},{""name"":""rs-34-p4-t7frv"",""cpu_m"":871,""mem_b"":193240589,""priority"":""4"",""node"":""kwok-node-26""},{""name"":""rs-35-p2-khds8"",""cpu_m"":837,""mem_b"":566861211,""priority"":""2"",""node"":""kwok-node-2""},{""name"":""rs-35-p2-mb6k8"",""cpu_m"":837,""mem_b"":566861211,""priority"":""2"",""node"":""kwok-node-14""},{""name"":""rs-35-p2-ptv5g"",""cpu_m"":837,""mem_b"":566861211,""priority"":""2"",""node"":""kwok-node-9""},{""name"":""rs-35-p2-r8skm"",""cpu_m"":837,""mem_b"":566861211,""priority"":""2"",""node"":""kwok-node-17""},{""name"":""rs-36-p2-25cn2"",""cpu_m"":428,""mem_b"":989759555,""priority"":""2"",""node"":""kwok-node-13""},{""name"":""rs-36-p2-2fgmh"",""cpu_m"":428,""mem_b"":989759555,""priority"":""2"",""node"":""kwok-node-6""},{""name"":""rs-36-p2-4rlkm"",""cpu_m"":428,""mem_b"":989759555,""priority"":""2"",""node"":""kwok-node-10""},{""name"":""rs-36-p2-vd8bn"",""cpu_m"":428,""mem_b"":989759555,""priority"":""2"",""node"":""kwok-node-29""},{""name"":""rs-37-p1-kffbf"",""cpu_m"":467,""mem_b"":499748713,""priority"":""1"",""node"":""kwok-node-31""},{""name"":""rs-37-p1-ncjwt"",""cpu_m"":467,""mem_b"":499748713,""priority"":""1"",""node"":""kwok-node-7""},{""name"":""rs-37-p1-nn9ll"",""cpu_m"":467,""mem_b"":499748713,""priority"":""1"",""node"":""kwok-node-17""},{""name"":""rs-37-p1-pdn9c"",""cpu_m"":467,""mem_b"":499748713,""priority"":""1"",""node"":""""},{""name"":""rs-38-p2-pg6xx"",""cpu_m"":221,""mem_b"":273266504,""priority"":""2"",""node"":""kwok-node-22""},{""name"":""rs-38-p2-v7hv6"",""cpu_m"":221,""mem_b"":273266504,""priority"":""2"",""node"":""kwok-node-16""},{""name"":""rs-38-p2-w7276"",""cpu_m"":221,""mem_b"":273266504,""priority"":""2"",""node"":""kwok-node-20""},{""name"":""rs-39-p1-xgm4g"",""cpu_m"":765,""mem_b"":251962257,""priority"":""1"",""node"":""""},{""name"":""rs-40-p4-6bc8p"",""cpu_m"":615,""mem_b"":331264707,""priority"":""4"",""node"":""kwok-node-3""},{""name"":""rs-40-p4-8kc55"",""cpu_m"":615,""mem_b"":331264707,""priority"":""4"",""node"":""kwok-node-31""},{""name"":""rs-41-p3-xbfff"",""cpu_m"":493,""mem_b"":104441056,""priority"":""3"",""node"":""kwok-node-16""},{""name"":""rs-41-p3-zn8b8"",""cpu_m"":493,""mem_b"":104441056,""priority"":""3"",""node"":""kwok-node-8""},{""name"":""rs-42-p3-44z2m"",""cpu_m"":540,""mem_b"":296406405,""priority"":""3"",""node"":""kwok-node-15""},{""name"":""rs-42-p3-7brnz"",""cpu_m"":540,""mem_b"":296406405,""priority"":""3"",""node"":""kwok-node-18""},{""name"":""rs-42-p3-jfpq9"",""cpu_m"":540,""mem_b"":296406405,""priority"":""3"",""node"":""kwok-node-11""},{""name"":""rs-42-p3-vxcsd"",""cpu_m"":540,""mem_b"":296406405,""priority"":""3"",""node"":""kwok-node-24""},{""name"":""rs-43-p2-9xk55"",""cpu_m"":625,""mem_b"":303113527,""priority"":""2"",""node"":""kwok-node-31""},{""name"":""rs-43-p2-tn5nr"",""cpu_m"":625,""mem_b"":303113527,""priority"":""2"",""node"":""kwok-node-4""},{""name"":""rs-43-p2-wsfrs"",""cpu_m"":625,""mem_b"":303113527,""priority"":""2"",""node"":""kwok-node-1""},{""name"":""rs-44-p4-5k4x2"",""cpu_m"":813,""mem_b"":844871454,""priority"":""4"",""node"":""kwok-node-21""},{""name"":""rs-45-p1-2wmhw"",""cpu_m"":599,""mem_b"":396178976,""priority"":""1"",""node"":""""},{""name"":""rs-45-p1-bhvz5"",""cpu_m"":599,""mem_b"":396178976,""priority"":""1"",""node"":""""},{""name"":""rs-45-p1-hsnfh"",""cpu_m"":599,""mem_b"":396178976,""priority"":""1"",""node"":""kwok-node-8""},{""name"":""rs-45-p1-trglh"",""cpu_m"":599,""mem_b"":396178976,""priority"":""1"",""node"":""""},{""name"":""rs-46-p2-grssq"",""cpu_m"":789,""mem_b"":299648526,""priority"":""2"",""node"":""kwok-node-16""},{""name"":""rs-46-p2-rzj8d"",""cpu_m"":789,""mem_b"":299648526,""priority"":""2"",""node"":""kwok-node-23""},{""name"":""rs-47-p1-6vzhh"",""cpu_m"":172,""mem_b"":950204541,""priority"":""1"",""node"":""""},{""name"":""rs-47-p1-p7xvw"",""cpu_m"":172,""mem_b"":950204541,""priority"":""1"",""node"":""""},{""name"":""rs-47-p1-tf5jv"",""cpu_m"":172,""mem_b"":950204541,""priority"":""1"",""node"":""""},{""name"":""rs-48-p1-9v56r"",""cpu_m"":569,""mem_b"":157135945,""priority"":""1"",""node"":""kwok-node-27""},{""name"":""rs-49-p3-d7264"",""cpu_m"":384,""mem_b"":596499858,""priority"":""3"",""node"":""kwok-node-26""},{""name"":""rs-49-p3-x4lhf"",""cpu_m"":384,""mem_b"":596499858,""priority"":""3"",""node"":""kwok-node-32""},{""name"":""rs-50-p4-5bpd2"",""cpu_m"":467,""mem_b"":410160483,""priority"":""4"",""node"":""kwok-node-22""},{""name"":""rs-50-p4-r8qqh"",""cpu_m"":467,""mem_b"":410160483,""priority"":""4"",""node"":""kwok-node-19""},{""name"":""rs-50-p4-vs8fh"",""cpu_m"":467,""mem_b"":410160483,""priority"":""4"",""node"":""kwok-node-20""},{""name"":""rs-51-p3-jvxhw"",""cpu_m"":561,""mem_b"":736313571,""priority"":""3"",""node"":""kwok-node-29""},{""name"":""rs-51-p3-rnpfl"",""cpu_m"":561,""mem_b"":736313571,""priority"":""3"",""node"":""kwok-node-11""},{""name"":""rs-51-p3-sq7bp"",""cpu_m"":561,""mem_b"":736313571,""priority"":""3"",""node"":""kwok-node-19""},{""name"":""rs-52-p4-6flzt"",""cpu_m"":985,""mem_b"":751034797,""priority"":""4"",""node"":""kwok-node-10""},{""name"":""rs-53-p2-28l2q"",""cpu_m"":299,""mem_b"":939169485,""priority"":""2"",""node"":""kwok-node-15""},{""name"":""rs-53-p2-44ffc"",""cpu_m"":299,""mem_b"":939169485,""priority"":""2"",""node"":""kwok-node-8""},{""name"":""rs-53-p2-dpw7p"",""cpu_m"":299,""mem_b"":939169485,""priority"":""2"",""node"":""kwok-node-28""},{""name"":""rs-54-p4-cxxqx"",""cpu_m"":335,""mem_b"":254307865,""priority"":""4"",""node"":""kwok-node-1""},{""name"":""rs-55-p3-58znv"",""cpu_m"":656,""mem_b"":335546976,""priority"":""3"",""node"":""kwok-node-13""},{""name"":""rs-55-p3-7fqk9"",""cpu_m"":656,""mem_b"":335546976,""priority"":""3"",""node"":""kwok-node-10""},{""name"":""rs-55-p3-9s8hf"",""cpu_m"":656,""mem_b"":335546976,""priority"":""3"",""node"":""kwok-node-15""},{""name"":""rs-55-p3-gw9fq"",""cpu_m"":656,""mem_b"":335546976,""priority"":""3"",""node"":""kwok-node-12""}]","[{""name"":""rs-01-p1-vdm5k"",""cpu_m"":793,""mem_b"":199176914,""priority"":""1"",""node"":""kwok-node-17""},{""name"":""rs-02-p1-4rhnq"",""cpu_m"":604,""mem_b"":777661708,""priority"":""1"",""node"":""kwok-node-11""},{""name"":""rs-02-p1-5dp59"",""cpu_m"":604,""mem_b"":777661708,""priority"":""1"",""node"":""kwok-node-1""},{""name"":""rs-02-p1-bqptm"",""cpu_m"":604,""mem_b"":777661708,""priority"":""1"",""node"":""kwok-node-19""},{""name"":""rs-03-p1-cjj7c"",""cpu_m"":535,""mem_b"":409706007,""priority"":""1"",""node"":""kwok-node-16""},{""name"":""rs-03-p1-hmgfb"",""cpu_m"":535,""mem_b"":409706007,""priority"":""1"",""node"":""kwok-node-13""},{""name"":""rs-03-p1-p4l8g"",""cpu_m"":535,""mem_b"":409706007,""priority"":""1"",""node"":""kwok-node-12""},{""name"":""rs-03-p1-xzzjc"",""cpu_m"":535,""mem_b"":409706007,""priority"":""1"",""node"":""kwok-node-10""},{""name"":""rs-04-p1-9rckf"",""cpu_m"":216,""mem_b"":633089180,""priority"":""1"",""node"":""kwok-node-15""},{""name"":""rs-04-p1-zd52v"",""cpu_m"":216,""mem_b"":633089180,""priority"":""1"",""node"":""kwok-node-14""},{""name"":""rs-05-p4-7s5gc"",""cpu_m"":366,""mem_b"":854806009,""priority"":""4"",""node"":""kwok-node-2""},{""name"":""rs-05-p4-89xk2"",""cpu_m"":366,""mem_b"":854806009,""priority"":""4"",""node"":""kwok-node-22""},{""name"":""rs-05-p4-jqdff"",""cpu_m"":366,""mem_b"":854806009,""priority"":""4"",""node"":""kwok-node-20""},{""name"":""rs-06-p4-c677v"",""cpu_m"":467,""mem_b"":430127685,""priority"":""4"",""node"":""kwok-node-18""},{""name"":""rs-06-p4-cnxjx"",""cpu_m"":467,""mem_b"":430127685,""priority"":""4"",""node"":""kwok-node-23""},{""name"":""rs-06-p4-ht4jf"",""cpu_m"":467,""mem_b"":430127685,""priority"":""4"",""node"":""kwok-node-24""},{""name"":""rs-06-p4-n4fms"",""cpu_m"":467,""mem_b"":430127685,""priority"":""4"",""node"":""kwok-node-21""},{""name"":""rs-07-p2-4wlmv"",""cpu_m"":211,""mem_b"":824362272,""priority"":""2"",""node"":""kwok-node-25""},{""name"":""rs-07-p2-8pgzk"",""cpu_m"":211,""mem_b"":824362272,""priority"":""2"",""node"":""kwok-node-17""},{""name"":""rs-07-p2-b52gf"",""cpu_m"":211,""mem_b"":824362272,""priority"":""2"",""node"":""kwok-node-26""},{""name"":""rs-08-p1-7tzpd"",""cpu_m"":616,""mem_b"":306657716,""priority"":""1"",""node"":""kwok-node-15""},{""name"":""rs-09-p3-gtwq9"",""cpu_m"":116,""mem_b"":880993725,""priority"":""3"",""node"":""kwok-node-27""},{""name"":""rs-10-p4-5tg5z"",""cpu_m"":959,""mem_b"":338697382,""priority"":""4"",""node"":""kwok-node-29""},{""name"":""rs-11-p3-pb8t5"",""cpu_m"":399,""mem_b"":887425012,""priority"":""3"",""node"":""kwok-node-31""},{""name"":""rs-11-p3-x95p4"",""cpu_m"":399,""mem_b"":887425012,""priority"":""3"",""node"":""kwok-node-30""},{""name"":""rs-12-p2-f9rn9"",""cpu_m"":181,""mem_b"":905755128,""priority"":""2"",""node"":""kwok-node-32""},{""name"":""rs-13-p1-5rkq7"",""cpu_m"":124,""mem_b"":122536484,""priority"":""1"",""node"":""kwok-node-28""},{""name"":""rs-13-p1-q4g8r"",""cpu_m"":124,""mem_b"":122536484,""priority"":""1"",""node"":""kwok-node-4""},{""name"":""rs-14-p1-2v482"",""cpu_m"":897,""mem_b"":110336653,""priority"":""1"",""node"":""kwok-node-6""},{""name"":""rs-14-p1-kwtn6"",""cpu_m"":897,""mem_b"":110336653,""priority"":""1"",""node"":""kwok-node-7""},{""name"":""rs-15-p3-v979p"",""cpu_m"":245,""mem_b"":134579178,""priority"":""3"",""node"":""kwok-node-8""},{""name"":""rs-15-p3-zpn98"",""cpu_m"":245,""mem_b"":134579178,""priority"":""3"",""node"":""kwok-node-5""},{""name"":""rs-16-p2-2dsv4"",""cpu_m"":218,""mem_b"":916070174,""priority"":""2"",""node"":""kwok-node-3""},{""name"":""rs-17-p3-2l52z"",""cpu_m"":131,""mem_b"":840192459,""priority"":""3"",""node"":""kwok-node-9""},{""name"":""rs-17-p3-mzjhx"",""cpu_m"":131,""mem_b"":840192459,""priority"":""3"",""node"":""kwok-node-28""},{""name"":""rs-17-p3-t56zw"",""cpu_m"":131,""mem_b"":840192459,""priority"":""3"",""node"":""kwok-node-4""},{""name"":""rs-17-p3-zpmj8"",""cpu_m"":131,""mem_b"":840192459,""priority"":""3"",""node"":""kwok-node-5""},{""name"":""rs-18-p1-2vmx5"",""cpu_m"":815,""mem_b"":634854350,""priority"":""1"",""node"":""kwok-node-14""},{""name"":""rs-18-p1-jwhbz"",""cpu_m"":815,""mem_b"":634854350,""priority"":""1"",""node"":""kwok-node-8""},{""name"":""rs-19-p2-64m5q"",""cpu_m"":805,""mem_b"":826808057,""priority"":""2"",""node"":""kwok-node-23""},{""name"":""rs-19-p2-fhrtk"",""cpu_m"":805,""mem_b"":826808057,""priority"":""2"",""node"":""kwok-node-21""},{""name"":""rs-20-p4-42c4w"",""cpu_m"":986,""mem_b"":696691905,""priority"":""4"",""node"":""kwok-node-13""},{""name"":""rs-20-p4-dzvwb"",""cpu_m"":986,""mem_b"":696691905,""priority"":""4"",""node"":""kwok-node-24""},{""name"":""rs-20-p4-kkrxh"",""cpu_m"":986,""mem_b"":696691905,""priority"":""4"",""node"":""kwok-node-18""},{""name"":""rs-20-p4-p64rs"",""cpu_m"":986,""mem_b"":696691905,""priority"":""4"",""node"":""kwok-node-12""},{""name"":""rs-21-p1-29slq"",""cpu_m"":716,""mem_b"":539800495,""priority"":""1"",""node"":""kwok-node-10""},{""name"":""rs-22-p4-448fg"",""cpu_m"":564,""mem_b"":932041476,""priority"":""4"",""node"":""kwok-node-6""},{""name"":""rs-22-p4-6n2qg"",""cpu_m"":564,""mem_b"":932041476,""priority"":""4"",""node"":""kwok-node-16""},{""name"":""rs-23-p2-d66pb"",""cpu_m"":894,""mem_b"":179317576,""priority"":""2"",""node"":""kwok-node-9""},{""name"":""rs-24-p4-2fflm"",""cpu_m"":923,""mem_b"":885653142,""priority"":""4"",""node"":""kwok-node-19""},{""name"":""rs-24-p4-7fbg2"",""cpu_m"":923,""mem_b"":885653142,""priority"":""4"",""node"":""kwok-node-11""},{""name"":""rs-24-p4-crwlr"",""cpu_m"":923,""mem_b"":885653142,""priority"":""4"",""node"":""kwok-node-1""},{""name"":""rs-25-p2-6t42z"",""cpu_m"":648,""mem_b"":300090285,""priority"":""2"",""node"":""kwok-node-2""},{""name"":""rs-25-p2-dtqzf"",""cpu_m"":648,""mem_b"":300090285,""priority"":""2"",""node"":""kwok-node-26""},{""name"":""rs-25-p2-lzzrs"",""cpu_m"":648,""mem_b"":300090285,""priority"":""2"",""node"":""kwok-node-25""},{""name"":""rs-26-p1-bnd8z"",""cpu_m"":253,""mem_b"":622971397,""priority"":""1"",""node"":""kwok-node-8""},{""name"":""rs-26-p1-hh5t7"",""cpu_m"":253,""mem_b"":622971397,""priority"":""1"",""node"":""kwok-node-7""},{""name"":""rs-26-p1-vf4ld"",""cpu_m"":253,""mem_b"":622971397,""priority"":""1"",""node"":""kwok-node-29""},{""name"":""rs-27-p2-9597z"",""cpu_m"":990,""mem_b"":541941325,""priority"":""2"",""node"":""kwok-node-22""},{""name"":""rs-27-p2-w98kb"",""cpu_m"":990,""mem_b"":541941325,""priority"":""2"",""node"":""kwok-node-20""},{""name"":""rs-28-p2-6rgdr"",""cpu_m"":669,""mem_b"":954845564,""priority"":""2"",""node"":""kwok-node-7""},{""name"":""rs-28-p2-d6pns"",""cpu_m"":669,""mem_b"":954845564,""priority"":""2"",""node"":""kwok-node-30""},{""name"":""rs-28-p2-qz7bn"",""cpu_m"":669,""mem_b"":954845564,""priority"":""2"",""node"":""kwok-node-27""},{""name"":""rs-29-p1-9mv9v"",""cpu_m"":763,""mem_b"":494686931,""priority"":""1"",""node"":""kwok-node-31""},{""name"":""rs-29-p1-d6g76"",""cpu_m"":763,""mem_b"":494686931,""priority"":""1"",""node"":""kwok-node-32""},{""name"":""rs-30-p4-z6gfp"",""cpu_m"":866,""mem_b"":545048654,""priority"":""4"",""node"":""kwok-node-3""},{""name"":""rs-31-p3-pwpk5"",""cpu_m"":971,""mem_b"":331148706,""priority"":""3"",""node"":""kwok-node-4""},{""name"":""rs-31-p3-xj826"",""cpu_m"":971,""mem_b"":331148706,""priority"":""3"",""node"":""kwok-node-28""},{""name"":""rs-32-p1-85l2x"",""cpu_m"":478,""mem_b"":446748145,""priority"":""1"",""node"":""kwok-node-5""},{""name"":""rs-32-p1-xgw56"",""cpu_m"":478,""mem_b"":446748145,""priority"":""1"",""node"":""kwok-node-15""},{""name"":""rs-33-p3-76kqt"",""cpu_m"":800,""mem_b"":411477996,""priority"":""3"",""node"":""kwok-node-25""},{""name"":""rs-34-p4-dk9vr"",""cpu_m"":871,""mem_b"":193240589,""priority"":""4"",""node"":""kwok-node-5""},{""name"":""rs-34-p4-t7frv"",""cpu_m"":871,""mem_b"":193240589,""priority"":""4"",""node"":""kwok-node-26""},{""name"":""rs-35-p2-khds8"",""cpu_m"":837,""mem_b"":566861211,""priority"":""2"",""node"":""kwok-node-2""},{""name"":""rs-35-p2-mb6k8"",""cpu_m"":837,""mem_b"":566861211,""priority"":""2"",""node"":""kwok-node-14""},{""name"":""rs-35-p2-ptv5g"",""cpu_m"":837,""mem_b"":566861211,""priority"":""2"",""node"":""kwok-node-9""},{""name"":""rs-35-p2-r8skm"",""cpu_m"":837,""mem_b"":566861211,""priority"":""2"",""node"":""kwok-node-17""},{""name"":""rs-36-p2-25cn2"",""cpu_m"":428,""mem_b"":989759555,""priority"":""2"",""node"":""kwok-node-13""},{""name"":""rs-36-p2-2fgmh"",""cpu_m"":428,""mem_b"":989759555,""priority"":""2"",""node"":""kwok-node-6""},{""name"":""rs-36-p2-4rlkm"",""cpu_m"":428,""mem_b"":989759555,""priority"":""2"",""node"":""kwok-node-10""},{""name"":""rs-36-p2-vd8bn"",""cpu_m"":428,""mem_b"":989759555,""priority"":""2"",""node"":""kwok-node-29""},{""name"":""rs-37-p1-74wr4"",""cpu_m"":467,""mem_b"":499748713,""priority"":""1"",""node"":""kwok-node-4""},{""name"":""rs-37-p1-k6jkh"",""cpu_m"":467,""mem_b"":499748713,""priority"":""1"",""node"":""kwok-node-21""},{""name"":""rs-37-p1-lnnxq"",""cpu_m"":467,""mem_b"":499748713,""priority"":""1"",""node"":""kwok-node-28""},{""name"":""rs-37-p1-nxqkw"",""cpu_m"":467,""mem_b"":499748713,""priority"":""1"",""node"":""kwok-node-23""},{""name"":""rs-38-p2-pg6xx"",""cpu_m"":221,""mem_b"":273266504,""priority"":""2"",""node"":""kwok-node-22""},{""name"":""rs-38-p2-v7hv6"",""cpu_m"":221,""mem_b"":273266504,""priority"":""2"",""node"":""kwok-node-16""},{""name"":""rs-38-p2-w7276"",""cpu_m"":221,""mem_b"":273266504,""priority"":""2"",""node"":""kwok-node-20""},{""name"":""rs-39-p1-rgkwr"",""cpu_m"":765,""mem_b"":251962257,""priority"":""1"",""node"":""kwok-node-32""},{""name"":""rs-40-p4-6bc8p"",""cpu_m"":615,""mem_b"":331264707,""priority"":""4"",""node"":""kwok-node-3""},{""name"":""rs-40-p4-8kc55"",""cpu_m"":615,""mem_b"":331264707,""priority"":""4"",""node"":""kwok-node-31""},{""name"":""rs-41-p3-xbfff"",""cpu_m"":493,""mem_b"":104441056,""priority"":""3"",""node"":""kwok-node-16""},{""name"":""rs-41-p3-zn8b8"",""cpu_m"":493,""mem_b"":104441056,""priority"":""3"",""node"":""kwok-node-8""},{""name"":""rs-42-p3-44z2m"",""cpu_m"":540,""mem_b"":296406405,""priority"":""3"",""node"":""kwok-node-15""},{""name"":""rs-42-p3-7brnz"",""cpu_m"":540,""mem_b"":296406405,""priority"":""3"",""node"":""kwok-node-18""},{""name"":""rs-42-p3-jfpq9"",""cpu_m"":540,""mem_b"":296406405,""priority"":""3"",""node"":""kwok-node-11""},{""name"":""rs-42-p3-vxcsd"",""cpu_m"":540,""mem_b"":296406405,""priority"":""3"",""node"":""kwok-node-24""},{""name"":""rs-43-p2-9xk55"",""cpu_m"":625,""mem_b"":303113527,""priority"":""2"",""node"":""""},{""name"":""rs-43-p2-tn5nr"",""cpu_m"":625,""mem_b"":303113527,""priority"":""2"",""node"":""""},{""name"":""rs-43-p2-wsfrs"",""cpu_m"":625,""mem_b"":303113527,""priority"":""2"",""node"":""""},{""name"":""rs-44-p4-5k4x2"",""cpu_m"":813,""mem_b"":844871454,""priority"":""4"",""node"":""""},{""name"":""rs-45-p1-2wmhw"",""cpu_m"":599,""mem_b"":396178976,""priority"":""1"",""node"":""""},{""name"":""rs-45-p1-bhvz5"",""cpu_m"":599,""mem_b"":396178976,""priority"":""1"",""node"":""""},{""name"":""rs-45-p1-hsnfh"",""cpu_m"":599,""mem_b"":396178976,""priority"":""1"",""node"":""""},{""name"":""rs-45-p1-trglh"",""cpu_m"":599,""mem_b"":396178976,""priority"":""1"",""node"":""""},{""name"":""rs-46-p2-grssq"",""cpu_m"":789,""mem_b"":299648526,""priority"":""2"",""node"":""""},{""name"":""rs-46-p2-rzj8d"",""cpu_m"":789,""mem_b"":299648526,""priority"":""2"",""node"":""""},{""name"":""rs-47-p1-p7xvw"",""cpu_m"":172,""mem_b"":950204541,""priority"":""1"",""node"":""""},{""name"":""rs-47-p1-tf5jv"",""cpu_m"":172,""mem_b"":950204541,""priority"":""1"",""node"":""""},{""name"":""rs-47-p1-vgdhw"",""cpu_m"":172,""mem_b"":950204541,""priority"":""1"",""node"":""kwok-node-12""},{""name"":""rs-48-p1-tcbj4"",""cpu_m"":569,""mem_b"":157135945,""priority"":""1"",""node"":""kwok-node-30""},{""name"":""rs-49-p3-d7264"",""cpu_m"":384,""mem_b"":596499858,""priority"":""3"",""node"":""kwok-node-26""},{""name"":""rs-49-p3-x4lhf"",""cpu_m"":384,""mem_b"":596499858,""priority"":""3"",""node"":""""},{""name"":""rs-50-p4-5bpd2"",""cpu_m"":467,""mem_b"":410160483,""priority"":""4"",""node"":""kwok-node-22""},{""name"":""rs-50-p4-r8qqh"",""cpu_m"":467,""mem_b"":410160483,""priority"":""4"",""node"":""kwok-node-19""},{""name"":""rs-50-p4-vs8fh"",""cpu_m"":467,""mem_b"":410160483,""priority"":""4"",""node"":""kwok-node-20""},{""name"":""rs-51-p3-jvxhw"",""cpu_m"":561,""mem_b"":736313571,""priority"":""3"",""node"":""""},{""name"":""rs-51-p3-rnpfl"",""cpu_m"":561,""mem_b"":736313571,""priority"":""3"",""node"":""""},{""name"":""rs-51-p3-sq7bp"",""cpu_m"":561,""mem_b"":736313571,""priority"":""3"",""node"":""""},{""name"":""rs-52-p4-6flzt"",""cpu_m"":985,""mem_b"":751034797,""priority"":""4"",""node"":""""},{""name"":""rs-53-p2-28l2q"",""cpu_m"":299,""mem_b"":939169485,""priority"":""2"",""node"":""""},{""name"":""rs-53-p2-44ffc"",""cpu_m"":299,""mem_b"":939169485,""priority"":""2"",""node"":""""},{""name"":""rs-53-p2-dpw7p"",""cpu_m"":299,""mem_b"":939169485,""priority"":""2"",""node"":""""},{""name"":""rs-54-p4-cxxqx"",""cpu_m"":335,""mem_b"":254307865,""priority"":""4"",""node"":""kwok-node-1""},{""name"":""rs-55-p3-58znv"",""cpu_m"":656,""mem_b"":335546976,""priority"":""3"",""node"":""""},{""name"":""rs-55-p3-7fqk9"",""cpu_m"":656,""mem_b"":335546976,""priority"":""3"",""node"":""""},{""name"":""rs-55-p3-9s8hf"",""cpu_m"":656,""mem_b"":335546976,""priority"":""3"",""node"":""""},{""name"":""rs-55-p3-gw9fq"",""cpu_m"":656,""mem_b"":335546976,""priority"":""3"",""node"":""""}]","[{""name"":""kwok-node-1"",""cap_cpu_m"":2117,""cap_mem_bytes"":2115107845},{""name"":""kwok-node-2"",""cap_cpu_m"":2117,""cap_mem_bytes"":2115107845},{""name"":""kwok-node-3"",""cap_cpu_m"":2117,""cap_mem_bytes"":2115107845},{""name"":""kwok-node-4"",""cap_cpu_m"":2117,""cap_mem_bytes"":2115107845},{""name"":""kwok-node-5"",""cap_cpu_m"":2117,""cap_mem_bytes"":2115107845},{""name"":""kwok-node-6"",""cap_cpu_m"":2117,""cap_mem_bytes"":2115107845},{""name"":""kwok-node-7"",""cap_cpu_m"":2117,""cap_mem_bytes"":2115107845},{""name"":""kwok-node-8"",""cap_cpu_m"":2117,""cap_mem_bytes"":2115107845},{""name"":""kwok-node-9"",""cap_cpu_m"":2117,""cap_mem_bytes"":2115107845},{""name"":""kwok-node-10"",""cap_cpu_m"":2117,""cap_mem_bytes"":2115107845},{""name"":""kwok-node-11"",""cap_cpu_m"":2117,""cap_mem_bytes"":2115107845},{""name"":""kwok-node-12"",""cap_cpu_m"":2117,""cap_mem_bytes"":2115107845},{""name"":""kwok-node-13"",""cap_cpu_m"":2117,""cap_mem_bytes"":2115107845},{""name"":""kwok-node-14"",""cap_cpu_m"":2117,""cap_mem_bytes"":2115107845},{""name"":""kwok-node-15"",""cap_cpu_m"":2117,""cap_mem_bytes"":2115107845},{""name"":""kwok-node-16"",""cap_cpu_m"":2117,""cap_mem_bytes"":2115107845},{""name"":""kwok-node-17"",""cap_cpu_m"":2117,""cap_mem_bytes"":2115107845},{""name"":""kwok-node-18"",""cap_cpu_m"":2117,""cap_mem_bytes"":2115107845},{""name"":""kwok-node-19"",""cap_cpu_m"":2117,""cap_mem_bytes"":2115107845},{""name"":""kwok-node-20"",""cap_cpu_m"":2117,""cap_mem_bytes"":2115107845},{""name"":""kwok-node-21"",""cap_cpu_m"":2117,""cap_mem_bytes"":2115107845},{""name"":""kwok-node-22"",""cap_cpu_m"":2117,""cap_mem_bytes"":2115107845},{""name"":""kwok-node-23"",""cap_cpu_m"":2117,""cap_mem_bytes"":2115107845},{""name"":""kwok-node-24"",""cap_cpu_m"":2117,""cap_mem_bytes"":2115107845},{""name"":""kwok-node-25"",""cap_cpu_m"":2117,""cap_mem_bytes"":2115107845},{""name"":""kwok-node-26"",""cap_cpu_m"":2117,""cap_mem_bytes"":2115107845},{""name"":""kwok-node-27"",""cap_cpu_m"":2117,""cap_mem_bytes"":2115107845},{""name"":""kwok-node-28"",""cap_cpu_m"":2117,""cap_mem_bytes"":2115107845},{""name"":""kwok-node-29"",""cap_cpu_m"":2117,""cap_mem_bytes"":2115107845},{""name"":""kwok-node-30"",""cap_cpu_m"":2117,""cap_mem_bytes"":2115107845},{""name"":""kwok-node-31"",""cap_cpu_m"":2117,""cap_mem_bytes"":2115107845},{""name"":""kwok-node-32"",""cap_cpu_m"":2117,""cap_mem_bytes"":2115107845}]"
2026/02/11/12:04:41,7899493300157142034,,"{""evicted"":0,""moved"":0,""placed_by_priority"":{""1"":28,""2"":25,""3"":25,""4"":33}}",python,"{""evicted"":11,""moved"":18,""placed_by_priority"":{""1"":17,""2"":25,""3"":26,""4"":46}}",984,FEASIBLE,"[{""duration_ms"":984,""name"":""python"",""score"":{""evicted"":11,""moved"":18,""placed_by_priority"":{""1"":17,""2"":25,""3"":26,""4"":46}},""status"":""FEASIBLE""}]",0.934,0.880,0.913,0.853,71344,67237,55930165459,52270294212,114,111,14,17,"{""kwok-node-1"":4,""kwok-node-10"":4,""kwok-node-11"":3,""kwok-node-12"":3,""kwok-node-13"":4,""kwok-node-14"":4,""kwok-node-15"":3,""kwok-node-16"":3,""kwok-node-17"":4,""kwok-node-18"":4,""kwok-node-19"":3,""kwok-node-2"":4,""kwok-node-20"":3,""kwok-node-21"":3,""kwok-node-22"":3,""kwok-node-23"":4,""kwok-node-24"":3,""kwok-node-25"":3,""kwok-node-26"":5,""kwok-node-27"":3,""kwok-node-28"":4,""kwok-node-29"":3,""kwok-node-3"":6,""kwok-node-30"":4,""kwok-node-31"":3,""kwok-node-32"":3,""kwok-node-4"":3,""kwok-node-5"":4,""kwok-node-6"":3,""kwok-node-7"":3,""kwok-node-8"":3,""kwok-node-9"":5}","{""kwok-node-1"":5,""kwok-node-10"":4,""kwok-node-11"":3,""kwok-node-12"":3,""kwok-node-13"":4,""kwok-node-14"":4,""kwok-node-15"":3,""kwok-node-16"":4,""kwok-node-17"":3,""kwok-node-18"":3,""kwok-node-19"":3,""kwok-node-2"":4,""kwok-node-20"":3,""kwok-node-21"":3,""kwok-node-22"":3,""kwok-node-23"":4,""kwok-node-24"":4,""kwok-node-25"":3,""kwok-node-26"":4,""kwok-node-27"":3,""kwok-node-28"":4,""kwok-node-29"":4,""kwok-node-3"":4,""kwok-node-30"":3,""kwok-node-31"":3,""kwok-node-32"":3,""kwok-node-4"":3,""kwok-node-5"":3,""kwok-node-6"":3,""kwok-node-7"":3,""kwok-node-8"":3,""kwok-node-9"":5}","{""p1"":17,""p2"":25,""p3"":26,""p4"":46}","{""p1"":28,""p2"":25,""p3"":25,""p4"":33}","{""p1"":14}","{""p1"":3,""p3"":1,""p4"":13}","{rs-07-p1-m8k6m,rs-07-p1-vrdz4,rs-20-p1-44r8x,rs-20-p1-z74hr,rs-21-p1-gtqdg,rs-21-p1-t7mqq,rs-21-p1-tnlv4,rs-29-p1-6x8wt,rs-29-p1-pxcz8,rs-32-p1-7ppgq,rs-35-p1-wzxcx,rs-45-p1-5z2gd,rs-46-p1-p5jp2,rs-46-p1-vx6cp}","{rs-33-p4-qcp9v,rs-33-p4-qqk65,rs-33-p4-v4gxp,rs-33-p4-zm8vr,rs-41-p3-dljdd,rs-44-p4-cg5h6,rs-45-p1-5z2gd,rs-46-p1-p5jp2,rs-46-p1-vx6cp,rs-47-p4-n7wlw,rs-47-p4-qd6lf,rs-47-p4-w6bnc,rs-47-p4-zc5m9,rs-49-p4-4xsjb,rs-49-p4-hxpnq,rs-49-p4-whmpb,rs-49-p4-zbjsn}","{rs-01-p3-bkx8n,rs-01-p3-fmtg6,rs-01-p3-pqxqh,rs-01-p3-q4cwv,rs-02-p4-l8zgh,rs-02-p4-mj82s,rs-02-p4-q8ddq,rs-02-p4-v995n,rs-03-p4-6cmsp,rs-03-p4-8pr2h,rs-03-p4-vbw5n,rs-03-p4-wgnjz,rs-04-p1-5576l,rs-04-p1-6lt85,rs-04-p1-d42q8,rs-04-p1-fr4bf,rs-05-p4-9jkl7,rs-05-p4-kd528,rs-05-p4-nmm4v,rs-05-p4-wg4mj,rs-06-p1-f27rb,rs-06-p1-hnqmk,rs-06-p1-j2lb7,rs-06-p1-n29f2,rs-07-p1-dhvz8,rs-07-p1-qhbsz,rs-08-p3-46zxz,rs-08-p3-497zw,rs-09-p2-99nvl,rs-10-p4-htptm,rs-11-p2-btlrr,rs-11-p2-rjznm,rs-11-p2-tt7m8,rs-12-p2-ljz8v,rs-12-p2-m9f26,rs-12-p2-vcf4c,rs-13-p2-4cgcq,rs-13-p2-756wz,rs-13-p2-9lfhq,rs-13-p2-t5dch,rs-14-p4-fr6x4,rs-14-p4-tbbtb,rs-15-p4-6795v,rs-16-p4-g4m4d,rs-16-p4-nmq4x,rs-17-p1-qx6tb,rs-18-p2-5cb4t,rs-18-p2-6xt6q,rs-18-p2-98xth,rs-18-p2-qfbgd,rs-19-p4-kgdxv,rs-19-p4-xdndc,rs-22-p4-7kdxp,rs-22-p4-h8z4s,rs-22-p4-rj7qj,rs-22-p4-t6tzh,rs-23-p1-2mk5z,rs-24-p2-cg47d,rs-24-p2-kzn54,rs-25-p2-b9g5k,rs-25-p2-l2fzs,rs-26-p3-wjzkm,rs-27-p3-4mrxp,rs-27-p3-bnqbn,rs-27-p3-nt68k,rs-27-p3-rbcw5,rs-28-p3-8pqcb,rs-28-p3-b44zs,rs-28-p3-cwkl5,rs-29-p1-zdzlr,rs-30-p2-dlmpq,rs-30-p2-k6j9m,rs-31-p2-g2dzr,rs-31-p2-lvxmt,rs-32-p1-ppbjb,rs-32-p1-rvpp9,rs-33-p4-qcp9v,rs-33-p4-qqk65,rs-33-p4-v4gxp,rs-33-p4-zm8vr,rs-34-p2-tdkj4,rs-36-p3-9p78d,rs-36-p3-p74wm,rs-36-p3-x5hbc,rs-37-p1-sv2kg,rs-37-p1-tgqc2,rs-38-p3-hhmk4,rs-38-p3-tp9wj,rs-39-p2-ds5hw,rs-40-p4-jtjx9,rs-40-p4-qjhk4,rs-40-p4-rnb46,rs-41-p3-dljdd,rs-42-p3-bkl96,rs-42-p3-gmnfw,rs-42-p3-kcccx,rs-43-p4-74hpc,rs-43-p4-v8v6x,rs-44-p4-cg5h6,rs-44-p4-hbhfw,rs-44-p4-jj4jb,rs-47-p4-n7wlw,rs-47-p4-qd6lf,rs-47-p4-w6bnc,rs-47-p4-zc5m9,rs-48-p3-76hsf,rs-48-p3-bss8z,rs-48-p3-tz2rl,rs-49-p4-4xsjb,rs-49-p4-hxpnq,rs-49-p4-whmpb,rs-49-p4-zbjsn,rs-50-p4-djd2b,rs-50-p4-fgl99}","{rs-01-p3-bkx8n,rs-01-p3-fmtg6,rs-01-p3-pqxqh,rs-01-p3-q4cwv,rs-02-p4-l8zgh,rs-02-p4-mj82s,rs-02-p4-q8ddq,rs-02-p4-v995n,rs-03-p4-6cmsp,rs-03-p4-8pr2h,rs-03-p4-vbw5n,rs-03-p4-wgnjz,rs-04-p1-4vhgx,rs-04-p1-b4dzc,rs-04-p1-dclnh,rs-04-p1-wx55d,rs-05-p4-9jkl7,rs-05-p4-kd528,rs-05-p4-nmm4v,rs-05-p4-wg4mj,rs-06-p1-457k8,rs-06-p1-bxrpp,rs-06-p1-w85hb,rs-06-p1-xxq9w,rs-07-p1-27scz,rs-07-p1-cdrxq,rs-07-p1-qvpqx,rs-07-p1-tvhkf,rs-08-p3-46zxz,rs-08-p3-497zw,rs-09-p2-99nvl,rs-10-p4-htptm,rs-11-p2-rjznm,rs-11-p2-trptn,rs-11-p2-tt7m8,rs-12-p2-ljz8v,rs-12-p2-m9f26,rs-12-p2-vcf4c,rs-13-p2-4cgcq,rs-13-p2-756wz,rs-13-p2-9lfhq,rs-13-p2-t5dch,rs-14-p4-fr6x4,rs-14-p4-tbbtb,rs-15-p4-6795v,rs-16-p4-g4m4d,rs-16-p4-nmq4x,rs-17-p1-4gzvt,rs-18-p2-5cb4t,rs-18-p2-6xt6q,rs-18-p2-98xth,rs-18-p2-qfbgd,rs-19-p4-kgdxv,rs-19-p4-xdndc,rs-20-p1-29wzh,rs-20-p1-rrsv4,rs-21-p1-8bdk9,rs-21-p1-fllss,rs-21-p1-nh7fs,rs-22-p4-7kdxp,rs-22-p4-h8z4s,rs-22-p4-rj7qj,rs-22-p4-t6tzh,rs-23-p1-9ddxc,rs-24-p2-cg47d,rs-24-p2-kzn54,rs-25-p2-b9g5k,rs-25-p2-l2fzs,rs-26-p3-wjzkm,rs-27-p3-4mrxp,rs-27-p3-bnqbn,rs-27-p3-nt68k,rs-27-p3-rbcw5,rs-28-p3-8pqcb,rs-28-p3-b44zs,rs-28-p3-cwkl5,rs-29-p1-hscp2,rs-29-p1-pbn7s,rs-29-p1-t4lvq,rs-30-p2-dlmpq,rs-30-p2-k6j9m,rs-31-p2-g2dzr,rs-31-p2-lvxmt,rs-32-p1-76n9g,rs-32-p1-jkctt,rs-32-p1-tmwtp,rs-34-p2-tdkj4,rs-35-p1-b6758,rs-36-p3-9p78d,rs-36-p3-p74wm,rs-36-p3-x5hbc,rs-37-p1-5jrrr,rs-37-p1-wpbqs,rs-38-p3-hhmk4,rs-38-p3-tp9wj,rs-39-p2-ds5hw,rs-40-p4-jtjx9,rs-40-p4-qjhk4,rs-40-p4-rnb46,rs-42-p3-bkl96,rs-42-p3-gmnfw,rs-42-p3-kcccx,rs-43-p4-74hpc,rs-43-p4-v8v6x,rs-44-p4-hbhfw,rs-44-p4-jj4jb,rs-48-p3-76hsf,rs-48-p3-bss8z,rs-48-p3-tz2rl,rs-50-p4-djd2b,rs-50-p4-fgl99}","[{""name"":""rs-01-p3-bkx8n"",""cpu_m"":765,""mem_b"":144874718,""priority"":""3"",""node"":""kwok-node-1""},{""name"":""rs-01-p3-fmtg6"",""cpu_m"":765,""mem_b"":144874718,""priority"":""3"",""node"":""kwok-node-16""},{""name"":""rs-01-p3-pqxqh"",""cpu_m"":765,""mem_b"":144874718,""priority"":""3"",""node"":""kwok-node-13""},{""name"":""rs-01-p3-q4cwv"",""cpu_m"":765,""mem_b"":144874718,""priority"":""3"",""node"":""kwok-node-15""},{""name"":""rs-02-p4-l8zgh"",""cpu_m"":804,""mem_b"":605042122,""priority"":""4"",""node"":""kwok-node-2""},{""name"":""rs-02-p4-mj82s"",""cpu_m"":804,""mem_b"":605042122,""priority"":""4"",""node"":""kwok-node-17""},{""name"":""rs-02-p4-q8ddq"",""cpu_m"":804,""mem_b"":605042122,""priority"":""4"",""node"":""kwok-node-19""},{""name"":""rs-02-p4-v995n"",""cpu_m"":804,""mem_b"":605042122,""priority"":""4"",""node"":""kwok-node-18""},{""name"":""rs-03-p4-6cmsp"",""cpu_m"":818,""mem_b"":779651570,""priority"":""4"",""node"":""kwok-node-10""},{""name"":""rs-03-p4-8pr2h"",""cpu_m"":818,""mem_b"":779651570,""priority"":""4"",""node"":""kwok-node-14""},{""name"":""rs-03-p4-vbw5n"",""cpu_m"":818,""mem_b"":779651570,""priority"":""4"",""node"":""kwok-node-11""},{""name"":""rs-03-p4-wgnjz"",""cpu_m"":818,""mem_b"":779651570,""priority"":""4"",""node"":""kwok-node-22""},{""name"":""rs-04-p1-5576l"",""cpu_m"":487,""mem_b"":290212441,""priority"":""1"",""node"":""kwok-node-13""},{""name"":""rs-04-p1-6lt85"",""cpu_m"":487,""mem_b"":290212441,""priority"":""1"",""node"":""kwok-node-9""},{""name"":""rs-04-p1-d42q8"",""cpu_m"":487,""mem_b"":290212441,""priority"":""1"",""node"":""kwok-node-2""},{""name"":""rs-04-p1-fr4bf"",""cpu_m"":487,""mem_b"":290212441,""priority"":""1"",""node"":""kwok-node-26""},{""name"":""rs-05-p4-9jkl7"",""cpu_m"":916,""mem_b"":346222192,""priority"":""4"",""node"":""kwok-node-20""},{""name"":""rs-05-p4-kd528"",""cpu_m"":916,""mem_b"":346222192,""priority"":""4"",""node"":""kwok-node-12""},{""name"":""rs-05-p4-nmm4v"",""cpu_m"":916,""mem_b"":346222192,""priority"":""4"",""node"":""kwok-node-15""},{""name"":""rs-05-p4-wg4mj"",""cpu_m"":916,""mem_b"":346222192,""priority"":""4"",""node"":""kwok-node-21""},{""name"":""rs-06-p1-f27rb"",""cpu_m"":239,""mem_b"":290925757,""priority"":""1"",""node"":""kwok-node-3""},{""name"":""rs-06-p1-hnqmk"",""cpu_m"":239,""mem_b"":290925757,""priority"":""1"",""node"":""kwok-node-3""},{""name"":""rs-06-p1-j2lb7"",""cpu_m"":239,""mem_b"":290925757,""priority"":""1"",""node"":""kwok-node-26""},{""name"":""rs-06-p1-n29f2"",""cpu_m"":239,""mem_b"":290925757,""priority"":""1"",""node"":""kwok-node-23""},{""name"":""rs-07-p1-dhvz8"",""cpu_m"":790,""mem_b"":288397586,""priority"":""1"",""node"":""kwok-node-18""},{""name"":""rs-07-p1-m8k6m"",""cpu_m"":790,""mem_b"":288397586,""priority"":""1"",""node"":""""},{""name"":""rs-07-p1-qhbsz"",""cpu_m"":790,""mem_b"":288397586,""priority"":""1"",""node"":""kwok-node-17""},{""name"":""rs-07-p1-vrdz4"",""cpu_m"":790,""mem_b"":288397586,""priority"":""1"",""node"":""""},{""name"":""rs-08-p3-46zxz"",""cpu_m"":499,""mem_b"":497321423,""priority"":""3"",""node"":""kwok-node-3""},{""name"":""rs-08-p3-497zw"",""cpu_m"":499,""mem_b"":497321423,""priority"":""3"",""node"":""kwok-node-28""},{""name"":""rs-09-p2-99nvl"",""cpu_m"":627,""mem_b"":391442344,""priority"":""2"",""node"":""kwok-node-24""},{""name"":""rs-10-p4-htptm"",""cpu_m"":429,""mem_b"":825370746,""priority"":""4"",""node"":""kwok-node-25""},{""name"":""rs-11-p2-btlrr"",""cpu_m"":147,""mem_b"":933403052,""priority"":""2"",""node"":""kwok-node-13""},{""name"":""rs-11-p2-rjznm"",""cpu_m"":147,""mem_b"":933403052,""priority"":""2"",""node"":""kwok-node-31""},{""name"":""rs-11-p2-tt7m8"",""cpu_m"":147,""mem_b"":933403052,""priority"":""2"",""node"":""kwok-node-30""},{""name"":""rs-12-p2-ljz8v"",""cpu_m"":517,""mem_b"":585701811,""priority"":""2"",""node"":""kwok-node-32""},{""name"":""rs-12-p2-m9f26"",""cpu_m"":517,""mem_b"":585701811,""priority"":""2"",""node"":""kwok-node-5""},{""name"":""rs-12-p2-vcf4c"",""cpu_m"":517,""mem_b"":585701811,""priority"":""2"",""node"":""kwok-node-4""},{""name"":""rs-13-p2-4cgcq"",""cpu_m"":898,""mem_b"":972093672,""priority"":""2"",""node"":""kwok-node-8""},{""name"":""rs-13-p2-756wz"",""cpu_m"":898,""mem_b"":972093672,""priority"":""2"",""node"":""kwok-node-7""},{""name"":""rs-13-p2-9lfhq"",""cpu_m"":898,""mem_b"":972093672,""priority"":""2"",""node"":""kwok-node-6""},{""name"":""rs-13-p2-t5dch"",""cpu_m"":898,""mem_b"":972093672,""priority"":""2"",""node"":""kwok-node-23""},{""name"":""rs-14-p4-fr6x4"",""cpu_m"":550,""mem_b"":234776768,""priority"":""4"",""node"":""kwok-node-3""},{""name"":""rs-14-p4-tbbtb"",""cpu_m"":550,""mem_b"":234776768,""priority"":""4"",""node"":""kwok-node-32""},{""name"":""rs-15-p4-6795v"",""cpu_m"":796,""mem_b"":676629032,""priority"":""4"",""node"":""kwok-node-9""},{""name"":""rs-16-p4-g4m4d"",""cpu_m"":988,""mem_b"":448356571,""priority"":""4"",""node"":""kwok-node-28""},{""name"":""rs-16-p4-nmq4x"",""cpu_m"":988,""mem_b"":448356571,""priority"":""4"",""node"":""kwok-node-5""},{""name"":""rs-17-p1-qx6tb"",""cpu_m"":563,""mem_b"":281640806,""priority"":""1"",""node"":""kwok-node-10""},{""name"":""rs-18-p2-5cb4t"",""cpu_m"":535,""mem_b"":270815156,""priority"":""2"",""node"":""kwok-node-9""},{""name"":""rs-18-p2-6xt6q"",""cpu_m"":535,""mem_b"":270815156,""priority"":""2"",""node"":""kwok-node-26""},{""name"":""rs-18-p2-98xth"",""cpu_m"":535,""mem_b"":270815156,""priority"":""2"",""node"":""kwok-node-22""},{""name"":""rs-18-p2-qfbgd"",""cpu_m"":535,""mem_b"":270815156,""priority"":""2"",""node"":""kwok-node-10""},{""name"":""rs-19-p4-kgdxv"",""cpu_m"":538,""mem_b"":413339292,""priority"":""4"",""node"":""kwok-node-27""},{""name"":""rs-19-p4-xdndc"",""cpu_m"":538,""mem_b"":413339292,""priority"":""4"",""node"":""kwok-node-2""},{""name"":""rs-20-p1-44r8x"",""cpu_m"":168,""mem_b"":925281036,""priority"":""1"",""node"":""""},{""name"":""rs-20-p1-z74hr"",""cpu_m"":168,""mem_b"":925281036,""priority"":""1"",""node"":""""},{""name"":""rs-21-p1-gtqdg"",""cpu_m"":920,""mem_b"":555450366,""priority"":""1"",""node"":""""},{""name"":""rs-21-p1-t7mqq"",""cpu_m"":920,""mem_b"":555450366,""priority"":""1"",""node"":""""},{""name"":""rs-21-p1-tnlv4"",""cpu_m"":920,""mem_b"":555450366,""priority"":""1"",""node"":""""},{""name"":""rs-22-p4-7kdxp"",""cpu_m"":403,""mem_b"":788903162,""priority"":""4"",""node"":""kwok-node-26""},{""name"":""rs-22-p4-h8z4s"",""cpu_m"":403,""mem_b"":788903162,""priority"":""4"",""node"":""kwok-node-21""},{""name"":""rs-22-p4-rj7qj"",""cpu_m"":403,""mem_b"":788903162,""priority"":""4"",""node"":""kwok-node-12""},{""name"":""rs-22-p4-t6tzh"",""cpu_m"":403,""mem_b"":788903162,""priority"":""4"",""node"":""kwok-node-1""},{""name"":""rs-23-p1-2mk5z"",""cpu_m"":277,""mem_b"":515460506,""priority"":""1"",""node"":""kwok-node-20""},{""name"":""rs-24-p2-cg47d"",""cpu_m"":637,""mem_b"":493318947,""priority"":""2"",""node"":""kwok-node-11""},{""name"":""rs-24-p2-kzn54"",""cpu_m"":637,""mem_b"":493318947,""priority"":""2"",""node"":""kwok-node-14""},{""name"":""rs-25-p2-b9g5k"",""cpu_m"":824,""mem_b"":458114308,""priority"":""2"",""node"":""kwok-node-30""},{""name"":""rs-25-p2-l2fzs"",""cpu_m"":824,""mem_b"":458114308,""priority"":""2"",""node"":""kwok-node-31""},{""name"":""rs-26-p3-wjzkm"",""cpu_m"":293,""mem_b"":337525234,""priority"":""3"",""node"":""kwok-node-3""},{""name"":""rs-27-p3-4mrxp"",""cpu_m"":957,""mem_b"":955040977,""priority"":""3"",""node"":""kwok-node-27""},{""name"":""rs-27-p3-bnqbn"",""cpu_m"":957,""mem_b"":955040977,""priority"":""3"",""node"":""kwok-node-20""},{""name"":""rs-27-p3-nt68k"",""cpu_m"":957,""mem_b"":955040977,""priority"":""3"",""node"":""kwok-node-4""},{""name"":""rs-27-p3-rbcw5"",""cpu_m"":957,""mem_b"":955040977,""priority"":""3"",""node"":""kwok-node-32""},{""name"":""rs-28-p3-8pqcb"",""cpu_m"":798,""mem_b"":197310985,""priority"":""3"",""node"":""kwok-node-7""},{""name"":""rs-28-p3-b44zs"",""cpu_m"":798,""mem_b"":197310985,""priority"":""3"",""node"":""kwok-node-8""},{""name"":""rs-28-p3-cwkl5"",""cpu_m"":798,""mem_b"":197310985,""priority"":""3"",""node"":""kwok-node-6""},{""name"":""rs-29-p1-6x8wt"",""cpu_m"":836,""mem_b"":384206946,""priority"":""1"",""node"":""""},{""name"":""rs-29-p1-pxcz8"",""cpu_m"":836,""mem_b"":384206946,""priority"":""1"",""node"":""""},{""name"":""rs-29-p1-zdzlr"",""cpu_m"":836,""mem_b"":384206946,""priority"":""1"",""node"":""kwok-node-27""},{""name"":""rs-30-p2-dlmpq"",""cpu_m"":115,""mem_b"":270955279,""priority"":""2"",""node"":""kwok-node-28""},{""name"":""rs-30-p2-k6j9m"",""cpu_m"":115,""mem_b"":270955279,""priority"":""2"",""node"":""kwok-node-9""},{""name"":""rs-31-p2-g2dzr"",""cpu_m"":523,""mem_b"":165624378,""priority"":""2"",""node"":""kwok-node-23""},{""name"":""rs-31-p2-lvxmt"",""cpu_m"":523,""mem_b"":165624378,""priority"":""2"",""node"":""kwok-node-3""},{""name"":""rs-32-p1-7ppgq"",""cpu_m"":471,""mem_b"":275157365,""priority"":""1"",""node"":""""},{""name"":""rs-32-p1-ppbjb"",""cpu_m"":471,""mem_b"":275157365,""priority"":""1"",""node"":""kwok-node-17""},{""name"":""rs-32-p1-rvpp9"",""cpu_m"":471,""mem_b"":275157365,""priority"":""1"",""node"":""kwok-node-18""},{""name"":""rs-33-p4-qcp9v"",""cpu_m"":959,""mem_b"":819384051,""priority"":""4"",""node"":""kwok-node-29""},{""name"":""rs-33-p4-qqk65"",""cpu_m"":959,""mem_b"":819384051,""priority"":""4"",""node"":""kwok-node-25""},{""name"":""rs-33-p4-v4gxp"",""cpu_m"":959,""mem_b"":819384051,""priority"":""4"",""node"":""kwok-node-22""},{""name"":""rs-33-p4-zm8vr"",""cpu_m"":959,""mem_b"":819384051,""priority"":""4"",""node"":""kwok-node-29""},{""name"":""rs-34-p2-tdkj4"",""cpu_m"":925,""mem_b"":352342237,""priority"":""2"",""node"":""kwok-node-16""},{""name"":""rs-35-p1-wzxcx"",""cpu_m"":395,""mem_b"":681239688,""priority"":""1"",""node"":""""},{""name"":""rs-36-p3-9p78d"",""cpu_m"":493,""mem_b"":596187298,""priority"":""3"",""node"":""kwok-node-7""},{""name"":""rs-36-p3-p74wm"",""cpu_m"":493,""mem_b"":596187298,""priority"":""3"",""node"":""kwok-node-19""},{""name"":""rs-36-p3-x5hbc"",""cpu_m"":493,""mem_b"":596187298,""priority"":""3"",""node"":""kwok-node-5""},{""name"":""rs-37-p1-sv2kg"",""cpu_m"":353,""mem_b"":205224048,""priority"":""1"",""node"":""kwok-node-5""},{""name"":""rs-37-p1-tgqc2"",""cpu_m"":353,""mem_b"":205224048,""priority"":""1"",""node"":""kwok-node-30""},{""name"":""rs-38-p3-hhmk4"",""cpu_m"":603,""mem_b"":478686024,""priority"":""3"",""node"":""kwok-node-11""},{""name"":""rs-38-p3-tp9wj"",""cpu_m"":603,""mem_b"":478686024,""priority"":""3"",""node"":""kwok-node-28""},{""name"":""rs-39-p2-ds5hw"",""cpu_m"":136,""mem_b"":170348934,""priority"":""2"",""node"":""kwok-node-14""},{""name"":""rs-40-p4-jtjx9"",""cpu_m"":869,""mem_b"":313199423,""priority"":""4"",""node"":""kwok-node-31""},{""name"":""rs-40-p4-qjhk4"",""cpu_m"":869,""mem_b"":313199423,""priority"":""4"",""node"":""kwok-node-13""},{""name"":""rs-40-p4-rnb46"",""cpu_m"":869,""mem_b"":313199423,""priority"":""4"",""node"":""kwok-node-30""},{""name"":""rs-41-p3-dljdd"",""cpu_m"":825,""mem_b"":355985806,""priority"":""3"",""node"":""kwok-node-4""},{""name"":""rs-42-p3-bkl96"",""cpu_m"":614,""mem_b"":393257922,""priority"":""3"",""node"":""kwok-node-14""},{""name"":""rs-42-p3-gmnfw"",""cpu_m"":614,""mem_b"":393257922,""priority"":""3"",""node"":""kwok-node-8""},{""name"":""rs-42-p3-kcccx"",""cpu_m"":614,""mem_b"":393257922,""priority"":""3"",""node"":""kwok-node-23""},{""name"":""rs-43-p4-74hpc"",""cpu_m"":137,""mem_b"":742174766,""priority"":""4"",""node"":""kwok-node-17""},{""name"":""rs-43-p4-v8v6x"",""cpu_m"":137,""mem_b"":742174766,""priority"":""4"",""node"":""kwok-node-18""},{""name"":""rs-44-p4-cg5h6"",""cpu_m"":648,""mem_b"":145390412,""priority"":""4"",""node"":""kwok-node-25""},{""name"":""rs-44-p4-hbhfw"",""cpu_m"":648,""mem_b"":145390412,""priority"":""4"",""node"":""kwok-node-6""},{""name"":""rs-44-p4-jj4jb"",""cpu_m"":648,""mem_b"":145390412,""priority"":""4"",""node"":""kwok-node-26""},{""name"":""rs-45-p1-5z2gd"",""cpu_m"":951,""mem_b"":769552983,""priority"":""1"",""node"":""""},{""name"":""rs-46-p1-p5jp2"",""cpu_m"":354,""mem_b"":917881551,""priority"":""1"",""node"":""""},{""name"":""rs-46-p1-vx6cp"",""cpu_m"":354,""mem_b"":917881551,""priority"":""1"",""node"":""""},{""name"":""rs-47-p4-n7wlw"",""cpu_m"":577,""mem_b"":762210058,""priority"":""4"",""node"":""kwok-node-16""},{""name"":""rs-47-p4-qd6lf"",""cpu_m"":577,""mem_b"":762210058,""priority"":""4"",""node"":""kwok-node-1""},{""name"":""rs-47-p4-w6bnc"",""cpu_m"":577,""mem_b"":762210058,""priority"":""4"",""node"":""kwok-node-24""},{""name"":""rs-47-p4-zc5m9"",""cpu_m"":577,""mem_b"":762210058,""priority"":""4"",""node"":""kwok-node-15""},{""name"":""rs-48-p3-76hsf"",""cpu_m"":437,""mem_b"":188477069,""priority"":""3"",""node"":""kwok-node-29""},{""name"":""rs-48-p3-bss8z"",""cpu_m"":437,""mem_b"":188477069,""priority"":""3"",""node"":""kwok-node-9""},{""name"":""rs-48-p3-tz2rl"",""cpu_m"":437,""mem_b"":188477069,""priority"":""3"",""node"":""kwok-node-1""},{""name"":""rs-49-p4-4xsjb"",""cpu_m"":926,""mem_b"":662659470,""priority"":""4"",""node"":""kwok-node-21""},{""name"":""rs-49-p4-hxpnq"",""cpu_m"":926,""mem_b"":662659470,""priority"":""4"",""node"":""kwok-node-12""},{""name"":""rs-49-p4-whmpb"",""cpu_m"":926,""mem_b"":662659470,""priority"":""4"",""node"":""kwok-node-19""},{""name"":""rs-49-p4-zbjsn"",""cpu_m"":926,""mem_b"":662659470,""priority"":""4"",""node"":""kwok-node-24""},{""name"":""rs-50-p4-djd2b"",""cpu_m"":438,""mem_b"":442697029,""priority"":""4"",""node"":""kwok-node-2""},{""name"":""rs-50-p4-fgl99"",""cpu_m"":438,""mem_b"":442697029,""priority"":""4"",""node"":""kwok-node-10""}]","[{""name"":""rs-01-p3-bkx8n"",""cpu_m"":765,""mem_b"":144874718,""priority"":""3"",""node"":""kwok-node-1""},{""name"":""rs-01-p3-fmtg6"",""cpu_m"":765,""mem_b"":144874718,""priority"":""3"",""node"":""kwok-node-16""},{""name"":""rs-01-p3-pqxqh"",""cpu_m"":765,""mem_b"":144874718,""priority"":""3"",""node"":""kwok-node-13""},{""name"":""rs-01-p3-q4cwv"",""cpu_m"":765,""mem_b"":144874718,""priority"":""3"",""node"":""kwok-node-15""},{""name"":""rs-02-p4-l8zgh"",""cpu_m"":804,""mem_b"":605042122,""priority"":""4"",""node"":""kwok-node-2""},{""name"":""rs-02-p4-mj82s"",""cpu_m"":804,""mem_b"":605042122,""priority"":""4"",""node"":""kwok-node-17""},{""name"":""rs-02-p4-q8ddq"",""cpu_m"":804,""mem_b"":605042122,""priority"":""4"",""node"":""kwok-node-19""},{""name"":""rs-02-p4-v995n"",""cpu_m"":804,""mem_b"":605042122,""priority"":""4"",""node"":""kwok-node-18""},{""name"":""rs-03-p4-6cmsp"",""cpu_m"":818,""mem_b"":779651570,""priority"":""4"",""node"":""kwok-node-10""},{""name"":""rs-03-p4-8pr2h"",""cpu_m"":818,""mem_b"":779651570,""priority"":""4"",""node"":""kwok-node-14""},{""name"":""rs-03-p4-vbw5n"",""cpu_m"":818,""mem_b"":779651570,""priority"":""4"",""node"":""kwok-node-11""},{""name"":""rs-03-p4-wgnjz"",""cpu_m"":818,""mem_b"":779651570,""priority"":""4"",""node"":""kwok-node-22""},{""name"":""rs-04-p1-4vhgx"",""cpu_m"":487,""mem_b"":290212441,""priority"":""1"",""node"":""kwok-node-13""},{""name"":""rs-04-p1-b4dzc"",""cpu_m"":487,""mem_b"":290212441,""priority"":""1"",""node"":""kwok-node-12""},{""name"":""rs-04-p1-dclnh"",""cpu_m"":487,""mem_b"":290212441,""priority"":""1"",""node"":""kwok-node-21""},{""name"":""rs-04-p1-wx55d"",""cpu_m"":487,""mem_b"":290212441,""priority"":""1"",""node"":""kwok-node-20""},{""name"":""rs-05-p4-9jkl7"",""cpu_m"":916,""mem_b"":346222192,""priority"":""4"",""node"":""kwok-node-20""},{""name"":""rs-05-p4-kd528"",""cpu_m"":916,""mem_b"":346222192,""priority"":""4"",""node"":""kwok-node-12""},{""name"":""rs-05-p4-nmm4v"",""cpu_m"":916,""mem_b"":346222192,""priority"":""4"",""node"":""kwok-node-15""},{""name"":""rs-05-p4-wg4mj"",""cpu_m"":916,""mem_b"":346222192,""priority"":""4"",""node"":""kwok-node-21""},{""name"":""rs-06-p1-457k8"",""cpu_m"":239,""mem_b"":290925757,""priority"":""1"",""node"":""kwok-node-23""},{""name"":""rs-06-p1-bxrpp"",""cpu_m"":239,""mem_b"":290925757,""priority"":""1"",""node"":""kwok-node-1""},{""name"":""rs-06-p1-w85hb"",""cpu_m"":239,""mem_b"":290925757,""priority"":""1"",""node"":""kwok-node-16""},{""name"":""rs-06-p1-xxq9w"",""cpu_m"":239,""mem_b"":290925757,""priority"":""1"",""node"":""kwok-node-24""},{""name"":""rs-07-p1-27scz"",""cpu_m"":790,""mem_b"":288397586,""priority"":""1"",""node"":""kwok-node-27""},{""name"":""rs-07-p1-cdrxq"",""cpu_m"":790,""mem_b"":288397586,""priority"":""1"",""node"":""kwok-node-26""},{""name"":""rs-07-p1-qvpqx"",""cpu_m"":790,""mem_b"":288397586,""priority"":""1"",""node"":""kwok-node-25""},{""name"":""rs-07-p1-tvhkf"",""cpu_m"":790,""mem_b"":288397586,""priority"":""1"",""node"":""kwok-node-29""},{""name"":""rs-08-p3-46zxz"",""cpu_m"":499,""mem_b"":497321423,""priority"":""3"",""node"":""kwok-node-3""},{""name"":""rs-08-p3-497zw"",""cpu_m"":499,""mem_b"":497321423,""priority"":""3"",""node"":""kwok-node-28""},{""name"":""rs-09-p2-99nvl"",""cpu_m"":627,""mem_b"":391442344,""priority"":""2"",""node"":""kwok-node-24""},{""name"":""rs-10-p4-htptm"",""cpu_m"":429,""mem_b"":825370746,""priority"":""4"",""node"":""kwok-node-25""},{""name"":""rs-11-p2-rjznm"",""cpu_m"":147,""mem_b"":933403052,""priority"":""2"",""node"":""kwok-node-31""},{""name"":""rs-11-p2-trptn"",""cpu_m"":147,""mem_b"":933403052,""priority"":""2"",""node"":""kwok-node-29""},{""name"":""rs-11-p2-tt7m8"",""cpu_m"":147,""mem_b"":933403052,""priority"":""2"",""node"":""kwok-node-30""},{""name"":""rs-12-p2-ljz8v"",""cpu_m"":517,""mem_b"":585701811,""priority"":""2"",""node"":""kwok-node-32""},{""name"":""rs-12-p2-m9f26"",""cpu_m"":517,""mem_b"":585701811,""priority"":""2"",""node"":""kwok-node-5""},{""name"":""rs-12-p2-vcf4c"",""cpu_m"":517,""mem_b"":585701811,""priority"":""2"",""node"":""kwok-node-4""},{""name"":""rs-13-p2-4cgcq"",""cpu_m"":898,""mem_b"":972093672,""priority"":""2"",""node"":""kwok-node-8""},{""name"":""rs-13-p2-756wz"",""cpu_m"":898,""mem_b"":972093672,""priority"":""2"",""node"":""kwok-node-7""},{""name"":""rs-13-p2-9lfhq"",""cpu_m"":898,""mem_b"":972093672,""priority"":""2"",""node"":""kwok-node-6""},{""name"":""rs-13-p2-t5dch"",""cpu_m"":898,""mem_b"":972093672,""priority"":""2"",""node"":""kwok-node-23""},{""name"":""rs-14-p4-fr6x4"",""cpu_m"":550,""mem_b"":234776768,""priority"":""4"",""node"":""kwok-node-3""},{""name"":""rs-14-p4-tbbtb"",""cpu_m"":550,""mem_b"":234776768,""priority"":""4"",""node"":""kwok-node-32""},{""name"":""rs-15-p4-6795v"",""cpu_m"":796,""mem_b"":676629032,""priority"":""4"",""node"":""kwok-node-9""},{""name"":""rs-16-p4-g4m4d"",""cpu_m"":988,""mem_b"":448356571,""priority"":""4"",""node"":""kwok-node-28""},{""name"":""rs-16-p4-nmq4x"",""cpu_m"":988,""mem_b"":448356571,""priority"":""4"",""node"":""kwok-node-5""},{""name"":""rs-17-p1-4gzvt"",""cpu_m"":563,""mem_b"":281640806,""priority"":""1"",""node"":""kwok-node-4""},{""name"":""rs-18-p2-5cb4t"",""cpu_m"":535,""mem_b"":270815156,""priority"":""2"",""node"":""kwok-node-9""},{""name"":""rs-18-p2-6xt6q"",""cpu_m"":535,""mem_b"":270815156,""priority"":""2"",""node"":""kwok-node-26""},{""name"":""rs-18-p2-98xth"",""cpu_m"":535,""mem_b"":270815156,""priority"":""2"",""node"":""kwok-node-22""},{""name"":""rs-18-p2-qfbgd"",""cpu_m"":535,""mem_b"":270815156,""priority"":""2"",""node"":""kwok-node-10""},{""name"":""rs-19-p4-kgdxv"",""cpu_m"":538,""mem_b"":413339292,""priority"":""4"",""node"":""kwok-node-27""},{""name"":""rs-19-p4-xdndc"",""cpu_m"":538,""mem_b"":413339292,""priority"":""4"",""node"":""kwok-node-2""},{""name"":""rs-20-p1-29wzh"",""cpu_m"":168,""mem_b"":925281036,""priority"":""1"",""node"":""kwok-node-16""},{""name"":""rs-20-p1-rrsv4"",""cpu_m"":168,""mem_b"":925281036,""priority"":""1"",""node"":""kwok-node-13""},{""name"":""rs-21-p1-8bdk9"",""cpu_m"":920,""mem_b"":555450366,""priority"":""1"",""node"":""kwok-node-19""},{""name"":""rs-21-p1-fllss"",""cpu_m"":920,""mem_b"":555450366,""priority"":""1"",""node"":""kwok-node-17""},{""name"":""rs-21-p1-nh7fs"",""cpu_m"":920,""mem_b"":555450366,""priority"":""1"",""node"":""kwok-node-18""},{""name"":""rs-22-p4-7kdxp"",""cpu_m"":403,""mem_b"":788903162,""priority"":""4"",""node"":""kwok-node-26""},{""name"":""rs-22-p4-h8z4s"",""cpu_m"":403,""mem_b"":788903162,""priority"":""4"",""node"":""kwok-node-21""},{""name"":""rs-22-p4-rj7qj"",""cpu_m"":403,""mem_b"":788903162,""priority"":""4"",""node"":""kwok-node-12""},{""name"":""rs-22-p4-t6tzh"",""cpu_m"":403,""mem_b"":788903162,""priority"":""4"",""node"":""kwok-node-1""},{""name"":""rs-23-p1-9ddxc"",""cpu_m"":277,""mem_b"":515460506,""priority"":""1"",""node"":""kwok-node-24""},{""name"":""rs-24-p2-cg47d"",""cpu_m"":637,""mem_b"":493318947,""priority"":""2"",""node"":""kwok-node-11""},{""name"":""rs-24-p2-kzn54"",""cpu_m"":637,""mem_b"":493318947,""priority"":""2"",""node"":""kwok-node-14""},{""name"":""rs-25-p2-b9g5k"",""cpu_m"":824,""mem_b"":458114308,""priority"":""2"",""node"":""kwok-node-30""},{""name"":""rs-25-p2-l2fzs"",""cpu_m"":824,""mem_b"":458114308,""priority"":""2"",""node"":""kwok-node-31""},{""name"":""rs-26-p3-wjzkm"",""cpu_m"":293,""mem_b"":337525234,""priority"":""3"",""node"":""kwok-node-3""},{""name"":""rs-27-p3-4mrxp"",""cpu_m"":957,""mem_b"":955040977,""priority"":""3"",""node"":""kwok-node-27""},{""name"":""rs-27-p3-bnqbn"",""cpu_m"":957,""mem_b"":955040977,""priority"":""3"",""node"":""kwok-node-20""},{""name"":""rs-27-p3-nt68k"",""cpu_m"":957,""mem_b"":955040977,""priority"":""3"",""node"":""kwok-node-4""},{""name"":""rs-27-p3-rbcw5"",""cpu_m"":957,""mem_b"":955040977,""priority"":""3"",""node"":""kwok-node-32""},{""name"":""rs-28-p3-8pqcb"",""cpu_m"":798,""mem_b"":197310985,""priority"":""3"",""node"":""kwok-node-7""},{""name"":""rs-28-p3-b44zs"",""cpu_m"":798,""mem_b"":197310985,""priority"":""3"",""node"":""kwok-node-8""},{""name"":""rs-28-p3-cwkl5"",""cpu_m"":798,""mem_b"":197310985,""priority"":""3"",""node"":""kwok-node-6""},{""name"":""rs-29-p1-hscp2"",""cpu_m"":836,""mem_b"":384206946,""priority"":""1"",""node"":""kwok-node-24""},{""name"":""rs-29-p1-pbn7s"",""cpu_m"":836,""mem_b"":384206946,""priority"":""1"",""node"":""kwok-node-25""},{""name"":""rs-29-p1-t4lvq"",""cpu_m"":836,""mem_b"":384206946,""priority"":""1"",""node"":""kwok-node-29""},{""name"":""rs-30-p2-dlmpq"",""cpu_m"":115,""mem_b"":270955279,""priority"":""2"",""node"":""kwok-node-28""},{""name"":""rs-30-p2-k6j9m"",""cpu_m"":115,""mem_b"":270955279,""priority"":""2"",""node"":""kwok-node-9""},{""name"":""rs-31-p2-g2dzr"",""cpu_m"":523,""mem_b"":165624378,""priority"":""2"",""node"":""kwok-node-23""},{""name"":""rs-31-p2-lvxmt"",""cpu_m"":523,""mem_b"":165624378,""priority"":""2"",""node"":""kwok-node-3""},{""name"":""rs-32-p1-76n9g"",""cpu_m"":471,""mem_b"":275157365,""priority"":""1"",""node"":""kwok-node-2""},{""name"":""rs-32-p1-jkctt"",""cpu_m"":471,""mem_b"":275157365,""priority"":""1"",""node"":""kwok-node-10""},{""name"":""rs-32-p1-tmwtp"",""cpu_m"":471,""mem_b"":275157365,""priority"":""1"",""node"":""kwok-node-22""},{""name"":""rs-33-p4-qcp9v"",""cpu_m"":959,""mem_b"":819384051,""priority"":""4"",""node"":""""},{""name"":""rs-33-p4-qqk65"",""cpu_m"":959,""mem_b"":819384051,""priority"":""4"",""node"":""""},{""name"":""rs-33-p4-v4gxp"",""cpu_m"":959,""mem_b"":819384051,""priority"":""4"",""node"":""""},{""name"":""rs-33-p4-zm8vr"",""cpu_m"":959,""mem_b"":819384051,""priority"":""4"",""node"":""""},{""name"":""rs-34-p2-tdkj4"",""cpu_m"":925,""mem_b"":352342237,""priority"":""2"",""node"":""kwok-node-16""},{""name"":""rs-35-p1-b6758"",""cpu_m"":395,""mem_b"":681239688,""priority"":""1"",""node"":""kwok-node-15""},{""name"":""rs-36-p3-9p78d"",""cpu_m"":493,""mem_b"":596187298,""priority"":""3"",""node"":""kwok-node-7""},{""name"":""rs-36-p3-p74wm"",""cpu_m"":493,""mem_b"":596187298,""priority"":""3"",""node"":""kwok-node-19""},{""name"":""rs-36-p3-x5hbc"",""cpu_m"":493,""mem_b"":596187298,""priority"":""3"",""node"":""kwok-node-5""},{""name"":""rs-37-p1-5jrrr"",""cpu_m"":353,""mem_b"":205224048,""priority"":""1"",""node"":""kwok-node-9""},{""name"":""rs-37-p1-wpbqs"",""cpu_m"":353,""mem_b"":205224048,""priority"":""1"",""node"":""kwok-node-1""},{""name"":""rs-38-p3-hhmk4"",""cpu_m"":603,""mem_b"":478686024,""priority"":""3"",""node"":""kwok-node-11""},{""name"":""rs-38-p3-tp9wj"",""cpu_m"":603,""mem_b"":478686024,""priority"":""3"",""node"":""kwok-node-28""},{""name"":""rs-39-p2-ds5hw"",""cpu_m"":136,""mem_b"":170348934,""priority"":""2"",""node"":""kwok-node-14""},{""name"":""rs-40-p4-jtjx9"",""cpu_m"":869,""mem_b"":313199423,""priority"":""4"",""node"":""kwok-node-31""},{""name"":""rs-40-p4-qjhk4"",""cpu_m"":869,""mem_b"":313199423,""priority"":""4"",""node"":""kwok-node-13""},{""name"":""rs-40-p4-rnb46"",""cpu_m"":869,""mem_b"":313199423,""priority"":""4"",""node"":""kwok-node-30""},{""name"":""rs-41-p3-dljdd"",""cpu_m"":825,""mem_b"":355985806,""priority"":""3"",""node"":""""},{""name"":""rs-42-p3-bkl96"",""cpu_m"":614,""mem_b"":393257922,""priority"":""3"",""node"":""kwok-node-14""},{""name"":""rs-42-p3-gmnfw"",""cpu_m"":614,""mem_b"":393257922,""priority"":""3"",""node"":""kwok-node-8""},{""name"":""rs-42-p3-kcccx"",""cpu_m"":614,""mem_b"":393257922,""priority"":""3"",""node"":""kwok-node-23""},{""name"":""rs-43-p4-74hpc"",""cpu_m"":137,""mem_b"":742174766,""priority"":""4"",""node"":""kwok-node-17""},{""name"":""rs-43-p4-v8v6x"",""cpu_m"":137,""mem_b"":742174766,""priority"":""4"",""node"":""kwok-node-18""},{""name"":""rs-44-p4-cg5h6"",""cpu_m"":648,""mem_b"":145390412,""priority"":""4"",""node"":""""},{""name"":""rs-44-p4-hbhfw"",""cpu_m"":648,""mem_b"":145390412,""priority"":""4"",""node"":""kwok-node-6""},{""name"":""rs-44-p4-jj4jb"",""cpu_m"":648,""mem_b"":145390412,""priority"":""4"",""node"":""kwok-node-26""},{""name"":""rs-45-p1-5z2gd"",""cpu_m"":951,""mem_b"":769552983,""priority"":""1"",""node"":""""},{""name"":""rs-46-p1-p5jp2"",""cpu_m"":354,""mem_b"":917881551,""priority"":""1"",""node"":""""},{""name"":""rs-46-p1-vx6cp"",""cpu_m"":354,""mem_b"":917881551,""priority"":""1"",""node"":""""},{""name"":""rs-47-p4-n7wlw"",""cpu_m"":577,""mem_b"":762210058,""priority"":""4"",""node"":""""},{""name"":""rs-47-p4-qd6lf"",""cpu_m"":577,""mem_b"":762210058,""priority"":""4"",""node"":""""},{""name"":""rs-47-p4-w6bnc"",""cpu_m"":577,""mem_b"":762210058,""priority"":""4"",""node"":""""},{""name"":""rs-47-p4-zc5m9"",""cpu_m"":577,""mem_b"":762210058,""priority"":""4"",""node"":""""},{""name"":""rs-48-p3-76hsf"",""cpu_m"":437,""mem_b"":188477069,""priority"":""3"",""node"":""kwok-node-29""},{""name"":""rs-48-p3-bss8z"",""cpu_m"":437,""mem_b"":188477069,""priority"":""3"",""node"":""kwok-node-9""},{""name"":""rs-48-p3-tz2rl"",""cpu_m"":437,""mem_b"":188477069,""priority"":""3"",""node"":""kwok-node-1""},{""name"":""rs-49-p4-4xsjb"",""cpu_m"":926,""mem_b"":662659470,""priority"":""4"",""node"":""""},{""name"":""rs-49-p4-hxpnq"",""cpu_m"":926,""mem_b"":662659470,""priority"":""4"",""node"":""""},{""name"":""rs-49-p4-whmpb"",""cpu_m"":926,""mem_b"":662659470,""priority"":""4"",""node"":""""},{""name"":""rs-49-p4-zbjsn"",""cpu_m"":926,""mem_b"":662659470,""priority"":""4"",""node"":""""},{""name"":""rs-50-p4-djd2b"",""cpu_m"":438,""mem_b"":442697029,""priority"":""4"",""node"":""kwok-node-2""},{""name"":""rs-50-p4-fgl99"",""cpu_m"":438,""mem_b"":442697029,""priority"":""4"",""node"":""kwok-node-10""}]","[{""name"":""kwok-node-1"",""cap_cpu_m"":2388,""cap_mem_bytes"":1915297644},{""name"":""kwok-node-2"",""cap_cpu_m"":2388,""cap_mem_bytes"":1915297644},{""name"":""kwok-node-3"",""cap_cpu_m"":2388,""cap_mem_bytes"":1915297644},{""name"":""kwok-node-4"",""cap_cpu_m"":2388,""cap_mem_bytes"":1915297644},{""name"":""kwok-node-5"",""cap_cpu_m"":2388,""cap_mem_bytes"":1915297644},{""name"":""kwok-node-6"",""cap_cpu_m"":2388,""cap_mem_bytes"":1915297644},{""name"":""kwok-node-7"",""cap_cpu_m"":2388,""cap_mem_bytes"":1915297644},{""name"":""kwok-node-8"",""cap_cpu_m"":2388,""cap_mem_bytes"":1915297644},{""name"":""kwok-node-9"",""cap_cpu_m"":2388,""cap_mem_bytes"":1915297644},{""name"":""kwok-node-10"",""cap_cpu_m"":2388,""cap_mem_bytes"":1915297644},{""name"":""kwok-node-11"",""cap_cpu_m"":2388,""cap_mem_bytes"":1915297644},{""name"":""kwok-node-12"",""cap_cpu_m"":2388,""cap_mem_bytes"":1915297644},{""name"":""kwok-node-13"",""cap_cpu_m"":2388,""cap_mem_bytes"":1915297644},{""name"":""kwok-node-14"",""cap_cpu_m"":2388,""cap_mem_bytes"":1915297644},{""name"":""kwok-node-15"",""cap_cpu_m"":2388,""cap_mem_bytes"":1915297644},{""name"":""kwok-node-16"",""cap_cpu_m"":2388,""cap_mem_bytes"":1915297644},{""name"":""kwok-node-17"",""cap_cpu_m"":2388,""cap_mem_bytes"":1915297644},{""name"":""kwok-node-18"",""cap_cpu_m"":2388,""cap_mem_bytes"":1915297644},{""name"":""kwok-node-19"",""cap_cpu_m"":2388,""cap_mem_bytes"":1915297644},{""name"":""kwok-node-20"",""cap_cpu_m"":2388,""cap_mem_bytes"":1915297644},{""name"":""kwok-node-21"",""cap_cpu_m"":2388,""cap_mem_bytes"":1915297644},{""name"":""kwok-node-22"",""cap_cpu_m"":2388,""cap_mem_bytes"":1915297644},{""name"":""kwok-node-23"",""cap_cpu_m"":2388,""cap_mem_bytes"":1915297644},{""name"":""kwok-node-24"",""cap_cpu_m"":2388,""cap_mem_bytes"":1915297644},{""name"":""kwok-node-25"",""cap_cpu_m"":2388,""cap_mem_bytes"":1915297644},{""name"":""kwok-node-26"",""cap_cpu_m"":2388,""cap_mem_bytes"":1915297644},{""name"":""kwok-node-27"",""cap_cpu_m"":2388,""cap_mem_bytes"":1915297644},{""name"":""kwok-node-28"",""cap_cpu_m"":2388,""cap_mem_bytes"":1915297644},{""name"":""kwok-node-29"",""cap_cpu_m"":2388,""cap_mem_bytes"":1915297644},{""name"":""kwok-node-30"",""cap_cpu_m"":2388,""cap_mem_bytes"":1915297644},{""name"":""kwok-node-31"",""cap_cpu_m"":2388,""cap_mem_bytes"":1915297644},{""name"":""kwok-node-32"",""cap_cpu_m"":2388,""cap_mem_bytes"":1915297644}]"
2026/02/11/12:05:41,697073105759480269,,"{""evicted"":0,""moved"":0,""placed_by_priority"":{""1"":30,""2"":28,""3"":23,""4"":24}}",python,"{""evicted"":10,""moved"":15,""placed_by_priority"":{""1"":23,""2"":43,""3"":24,""4"":26}}",985,FEASIBLE,"[{""duration_ms"":985,""name"":""python"",""score"":{""evicted"":10,""moved"":15,""placed_by_priority"":{""1"":23,""2"":43,""3"":24,""4"":26}},""status"":""FEASIBLE""}]",0.922,0.877,0.912,0.837,65153,61980,52995951407,48637986323,115,105,13,23,"{""kwok-node-1"":4,""kwok-node-10"":4,""kwok-node-11"":3,""kwok-node-12"":4,""kwok-node-13"":3,""kwok-node-14"":4,""kwok-node-15"":3,""kwok-node-16"":3,""kwok-node-17"":5,""kwok-node-18"":3,""kwok-node-19"":4,""kwok-node-2"":3,""kwok-node-20"":3,""kwok-node-21"":4,""kwok-node-22"":3,""kwok-node-23"":3,""kwok-node-24"":5,""kwok-node-25"":5,""kwok-node-26"":3,""kwok-node-27"":4,""kwok-node-28"":3,""kwok-node-29"":4,""kwok-node-3"":3,""kwok-node-30"":3,""kwok-node-31"":4,""kwok-node-32"":4,""kwok-node-4"":3,""kwok-node-5"":4,""kwok-node-6"":3,""kwok-node-7"":4,""kwok-node-8"":4,""kwok-node-9"":3}","{""kwok-node-1"":3,""kwok-node-10"":4,""kwok-node-11"":2,""kwok-node-12"":3,""kwok-node-13"":2,""kwok-node-14"":4,""kwok-node-15"":3,""kwok-node-16"":3,""kwok-node-17"":4,""kwok-node-18"":3,""kwok-node-19"":4,""kwok-node-2"":2,""kwok-node-20"":3,""kwok-node-21"":4,""kwok-node-22"":3,""kwok-node-23"":3,""kwok-node-24"":4,""kwok-node-25"":4,""kwok-node-26"":3,""kwok-node-27"":4,""kwok-node-28"":3,""kwok-node-29"":4,""kwok-node-3"":3,""kwok-node-30"":3,""kwok-node-31"":4,""kwok-node-32"":3,""kwok-node-4"":3,""kwok-node-5"":4,""kwok-node-6"":3,""kwok-node-7"":4,""kwok-node-8"":3,""kwok-node-9"":3}","{""p1"":22,""p2"":43,""p3"":24,""p4"":26}","{""p1"":30,""p2"":28,""p3"":23,""p4"":24}","{""p1"":13}","{""p1"":5,""p2"":15,""p3"":1,""p4"":2}","{rs-02-p1-cp9nl,rs-02-p1-smzhh,rs-02-p1-vmrbg,rs-16-p1-bbtvk,rs-16-p1-gq8t4,rs-16-p1-kp9bt,rs-16-p1-wpd5j,rs-17-p1-h5cjv,rs-24-p1-m5hnb,rs-27-p1-bh5ch,rs-39-p1-l8t6r,rs-43-p1-nck9w,rs-51-p1-g5r5w}","{rs-35-p2-jc9d4,rs-35-p2-kx6vp,rs-36-p3-7dtpb,rs-40-p4-jxt99,rs-43-p1-6xcw2,rs-43-p1-jkgqz,rs-43-p1-nck9w,rs-44-p1-fdvjt,rs-46-p2-dz65x,rs-46-p2-sg2fw,rs-46-p2-srskx,rs-46-p2-wsz74,rs-48-p2-5nm6m,rs-48-p2-8r59z,rs-48-p2-cvpnd,rs-48-p2-cxcj6,rs-49-p2-8w6zf,rs-49-p2-jggcv,rs-49-p2-z66sb,rs-49-p2-zf7td,rs-50-p2-mf6lz,rs-51-p1-g5r5w,rs-52-p4-sz4kg}","{rs-01-p2-6bb99,rs-03-p2-g296x,rs-03-p2-pbh2s,rs-03-p2-vwl64,rs-03-p2-xk795,rs-04-p3-fn6m8,rs-04-p3-lstxh,rs-04-p3-nrnrz,rs-05-p4-dcqrz,rs-05-p4-ndvdt,rs-05-p4-ng66d,rs-05-p4-tcjkg,rs-06-p2-77zdv,rs-06-p2-9qf9c,rs-07-p3-gc4rp,rs-08-p3-9n7ts,rs-08-p3-mwjj6,rs-09-p4-fp24t,rs-09-p4-gv6p7,rs-09-p4-q7bx7,rs-09-p4-sj588,rs-10-p3-7kshw,rs-10-p3-hfdtx,rs-10-p3-srng6,rs-11-p1-rk77n,rs-12-p3-dbf2c,rs-13-p4-ss2zm,rs-14-p3-cmmfj,rs-15-p4-gzc2j,rs-17-p1-gcvpv,rs-17-p1-pccwg,rs-18-p4-qk6vj,rs-18-p4-x7cx4,rs-19-p1-vv8qh,rs-19-p1-w2pdt,rs-20-p2-6chpl,rs-20-p2-7wfrz,rs-20-p2-l9l6g,rs-20-p2-q525j,rs-21-p2-bvq97,rs-21-p2-t7wvj,rs-22-p2-k8mdk,rs-23-p4-hmgbw,rs-23-p4-s787x,rs-24-p1-g8n54,rs-24-p1-pcbwv,rs-25-p3-6qv9z,rs-25-p3-9zz2c,rs-25-p3-wjn6b,rs-26-p4-4fdp4,rs-26-p4-h59b2,rs-26-p4-mwkwn,rs-26-p4-pd2rx,rs-27-p1-2njl2,rs-28-p1-5dj5v,rs-28-p1-b7zx7,rs-28-p1-dwlq4,rs-28-p1-k24pq,rs-29-p2-c2vwp,rs-29-p2-hls6t,rs-29-p2-qwnbt,rs-29-p2-wdztm,rs-30-p4-4kjp4,rs-30-p4-9fqqw,rs-31-p4-hldth,rs-31-p4-lp4cl,rs-31-p4-w6kpw,rs-32-p2-9lld2,rs-32-p2-fb65n,rs-32-p2-vnmwl,rs-32-p2-zlcpn,rs-33-p2-f5cf8,rs-33-p2-hvn49,rs-33-p2-n6nlx,rs-34-p3-zq7bd,rs-35-p2-bk22l,rs-35-p2-jc9d4,rs-35-p2-kx6vp,rs-35-p2-vxq6r,rs-36-p3-7dtpb,rs-36-p3-bddnm,rs-37-p3-7x2j7,rs-37-p3-k2x5k,rs-37-p3-p6jf4,rs-37-p3-qqgtf,rs-38-p4-fd2cj,rs-39-p1-t9d8p,rs-39-p1-tz9ck,rs-40-p4-jxt99,rs-41-p1-cbkkd,rs-41-p1-h77cs,rs-41-p1-sc9mv,rs-41-p1-wkjdk,rs-42-p3-wtnjc,rs-43-p1-6xcw2,rs-43-p1-jkgqz,rs-44-p1-fdvjt,rs-44-p1-v86zj,rs-45-p3-ptmq2,rs-45-p3-pwz7p,rs-46-p2-dz65x,rs-46-p2-sg2fw,rs-46-p2-srskx,rs-46-p2-wsz74,rs-47-p2-4blgp,rs-48-p2-5nm6m,rs-48-p2-8r59z,rs-48-p2-cvpnd,rs-48-p2-cxcj6,rs-49-p2-8w6zf,rs-49-p2-jggcv,rs-49-p2-z66sb,rs-49-p2-zf7td,rs-50-p2-mf6lz,rs-52-p4-sz4kg}","{rs-01-p2-6bb99,rs-02-p1-2n2sx,rs-02-p1-7n7fn,rs-02-p1-v64pf,rs-03-p2-g296x,rs-03-p2-pbh2s,rs-03-p2-vwl64,rs-03-p2-xk795,rs-04-p3-fn6m8,rs-04-p3-lstxh,rs-04-p3-nrnrz,rs-05-p4-dcqrz,rs-05-p4-ndvdt,rs-05-p4-ng66d,rs-05-p4-tcjkg,rs-06-p2-77zdv,rs-06-p2-9qf9c,rs-07-p3-gc4rp,rs-08-p3-9n7ts,rs-08-p3-mwjj6,rs-09-p4-fp24t,rs-09-p4-gv6p7,rs-09-p4-q7bx7,rs-09-p4-sj588,rs-10-p3-7kshw,rs-10-p3-hfdtx,rs-10-p3-srng6,rs-11-p1-sfphg,rs-12-p3-dbf2c,rs-13-p4-ss2zm,rs-14-p3-cmmfj,rs-15-p4-gzc2j,rs-16-p1-c8zxr,rs-16-p1-qczh8,rs-16-p1-rv9x6,rs-16-p1-x5jfc,rs-17-p1-f44dx,rs-17-p1-gcvpv,rs-17-p1-pccwg,rs-18-p4-qk6vj,rs-18-p4-x7cx4,rs-19-p1-bl6kc,rs-19-p1-hpr44,rs-20-p2-6chpl,rs-20-p2-7wfrz,rs-20-p2-l9l6g,rs-20-p2-q525j,rs-21-p2-bvq97,rs-21-p2-t7wvj,rs-22-p2-k8mdk,rs-23-p4-hmgbw,rs-23-p4-s787x,rs-24-p1-g8n54,rs-24-p1-k4r42,rs-24-p1-pcbwv,rs-25-p3-6qv9z,rs-25-p3-9zz2c,rs-25-p3-wjn6b,rs-26-p4-4fdp4,rs-26-p4-h59b2,rs-26-p4-mwkwn,rs-26-p4-pd2rx,rs-27-p1-n6lss,rs-27-p1-pnqdn,rs-28-p1-72c66,rs-28-p1-9h44f,rs-28-p1-k24pq,rs-28-p1-x7cvh,rs-29-p2-c2vwp,rs-29-p2-hls6t,rs-29-p2-qwnbt,rs-29-p2-wdztm,rs-30-p4-4kjp4,rs-30-p4-9fqqw,rs-31-p4-hldth,rs-31-p4-lp4cl,rs-31-p4-w6kpw,rs-32-p2-9lld2,rs-32-p2-fb65n,rs-32-p2-vnmwl,rs-32-p2-zlcpn,rs-33-p2-f5cf8,rs-33-p2-hvn49,rs-33-p2-n6nlx,rs-34-p3-zq7bd,rs-35-p2-bk22l,rs-35-p2-vxq6r,rs-36-p3-bddnm,rs-37-p3-7x2j7,rs-37-p3-k2x5k,rs-37-p3-p6jf4,rs-37-p3-qqgtf,rs-38-p4-fd2cj,rs-39-p1-75rb7,rs-39-p1-c7lb4,rs-39-p1-wx6zf,rs-41-p1-2n5vq,rs-41-p1-f8ppq,rs-41-p1-n7v4g,rs-41-p1-vp2mz,rs-42-p3-wtnjc,rs-44-p1-j2qj5,rs-45-p3-ptmq2,rs-45-p3-pwz7p,rs-47-p2-4blgp}","[{""name"":""rs-01-p2-6bb99"",""cpu_m"":546,""mem_b"":342648982,""priority"":""2"",""node"":""kwok-node-12""},{""name"":""rs-02-p1-cp9nl"",""cpu_m"":996,""mem_b"":888740166,""priority"":""1"",""node"":""""},{""name"":""rs-02-p1-smzhh"",""cpu_m"":996,""mem_b"":888740166,""priority"":""1"",""node"":""""},{""name"":""rs-02-p1-vmrbg"",""cpu_m"":996,""mem_b"":888740166,""priority"":""1"",""node"":""""},{""name"":""rs-03-p2-g296x"",""cpu_m"":834,""mem_b"":984774429,""priority"":""2"",""node"":""kwok-node-18""},{""name"":""rs-03-p2-pbh2s"",""cpu_m"":834,""mem_b"":984774429,""priority"":""2"",""node"":""kwok-node-20""},{""name"":""rs-03-p2-vwl64"",""cpu_m"":834,""mem_b"":984774429,""priority"":""2"",""node"":""kwok-node-15""},{""name"":""rs-03-p2-xk795"",""cpu_m"":834,""mem_b"":984774429,""priority"":""2"",""node"":""kwok-node-2""},{""name"":""rs-04-p3-fn6m8"",""cpu_m"":707,""mem_b"":272793126,""priority"":""3"",""node"":""kwok-node-22""},{""name"":""rs-04-p3-lstxh"",""cpu_m"":707,""mem_b"":272793126,""priority"":""3"",""node"":""kwok-node-1""},{""name"":""rs-04-p3-nrnrz"",""cpu_m"":707,""mem_b"":272793126,""priority"":""3"",""node"":""kwok-node-23""},{""name"":""rs-05-p4-dcqrz"",""cpu_m"":506,""mem_b"":271309062,""priority"":""4"",""node"":""kwok-node-21""},{""name"":""rs-05-p4-ndvdt"",""cpu_m"":506,""mem_b"":271309062,""priority"":""4"",""node"":""kwok-node-14""},{""name"":""rs-05-p4-ng66d"",""cpu_m"":506,""mem_b"":271309062,""priority"":""4"",""node"":""kwok-node-19""},{""name"":""rs-05-p4-tcjkg"",""cpu_m"":506,""mem_b"":271309062,""priority"":""4"",""node"":""kwok-node-10""},{""name"":""rs-06-p2-77zdv"",""cpu_m"":288,""mem_b"":322005175,""priority"":""2"",""node"":""kwok-node-24""},{""name"":""rs-06-p2-9qf9c"",""cpu_m"":288,""mem_b"":322005175,""priority"":""2"",""node"":""kwok-node-17""},{""name"":""rs-07-p3-gc4rp"",""cpu_m"":101,""mem_b"":877805008,""priority"":""3"",""node"":""kwok-node-26""},{""name"":""rs-08-p3-9n7ts"",""cpu_m"":667,""mem_b"":227097472,""priority"":""3"",""node"":""kwok-node-27""},{""name"":""rs-08-p3-mwjj6"",""cpu_m"":667,""mem_b"":227097472,""priority"":""3"",""node"":""kwok-node-25""},{""name"":""rs-09-p4-fp24t"",""cpu_m"":553,""mem_b"":133808552,""priority"":""4"",""node"":""kwok-node-29""},{""name"":""rs-09-p4-gv6p7"",""cpu_m"":553,""mem_b"":133808552,""priority"":""4"",""node"":""kwok-node-30""},{""name"":""rs-09-p4-q7bx7"",""cpu_m"":553,""mem_b"":133808552,""priority"":""4"",""node"":""kwok-node-3""},{""name"":""rs-09-p4-sj588"",""cpu_m"":553,""mem_b"":133808552,""priority"":""4"",""node"":""kwok-node-28""},{""name"":""rs-10-p3-7kshw"",""cpu_m"":414,""mem_b"":847815911,""priority"":""3"",""node"":""kwok-node-3""},{""name"":""rs-10-p3-hfdtx"",""cpu_m"":414,""mem_b"":847815911,""priority"":""3"",""node"":""kwok-node-28""},{""name"":""rs-10-p3-srng6"",""cpu_m"":414,""mem_b"":847815911,""priority"":""3"",""node"":""kwok-node-30""},{""name"":""rs-11-p1-rk77n"",""cpu_m"":573,""mem_b"":334705182,""priority"":""1"",""node"":""kwok-node-8""},{""name"":""rs-12-p3-dbf2c"",""cpu_m"":816,""mem_b"":307924314,""priority"":""3"",""node"":""kwok-node-6""},{""name"":""rs-13-p4-ss2zm"",""cpu_m"":424,""mem_b"":222305415,""priority"":""4"",""node"":""kwok-node-5""},{""name"":""rs-14-p3-cmmfj"",""cpu_m"":806,""mem_b"":956798562,""priority"":""3"",""node"":""kwok-node-4""},{""name"":""rs-15-p4-gzc2j"",""cpu_m"":877,""mem_b"":519765607,""priority"":""4"",""node"":""kwok-node-9""},{""name"":""rs-16-p1-bbtvk"",""cpu_m"":820,""mem_b"":368081777,""priority"":""1"",""node"":""""},{""name"":""rs-16-p1-gq8t4"",""cpu_m"":820,""mem_b"":368081777,""priority"":""1"",""node"":""""},{""name"":""rs-16-p1-kp9bt"",""cpu_m"":820,""mem_b"":368081777,""priority"":""1"",""node"":""""},{""name"":""rs-16-p1-wpd5j"",""cpu_m"":820,""mem_b"":368081777,""priority"":""1"",""node"":""""},{""name"":""rs-17-p1-gcvpv"",""cpu_m"":683,""mem_b"":338521604,""priority"":""1"",""node"":""kwok-node-19""},{""name"":""rs-17-p1-h5cjv"",""cpu_m"":683,""mem_b"":338521604,""priority"":""1"",""node"":""""},{""name"":""rs-17-p1-pccwg"",""cpu_m"":683,""mem_b"":338521604,""priority"":""1"",""node"":""kwok-node-5""},{""name"":""rs-18-p4-qk6vj"",""cpu_m"":250,""mem_b"":431077310,""priority"":""4"",""node"":""kwok-node-21""},{""name"":""rs-18-p4-x7cx4"",""cpu_m"":250,""mem_b"":431077310,""priority"":""4"",""node"":""kwok-node-29""},{""name"":""rs-19-p1-vv8qh"",""cpu_m"":753,""mem_b"":258688325,""priority"":""1"",""node"":""kwok-node-4""},{""name"":""rs-19-p1-w2pdt"",""cpu_m"":753,""mem_b"":258688325,""priority"":""1"",""node"":""kwok-node-7""},{""name"":""rs-20-p2-6chpl"",""cpu_m"":461,""mem_b"":544298891,""priority"":""2"",""node"":""kwok-node-32""},{""name"":""rs-20-p2-7wfrz"",""cpu_m"":461,""mem_b"":544298891,""priority"":""2"",""node"":""kwok-node-1""},{""name"":""rs-20-p2-l9l6g"",""cpu_m"":461,""mem_b"":544298891,""priority"":""2"",""node"":""kwok-node-22""},{""name"":""rs-20-p2-q525j"",""cpu_m"":461,""mem_b"":544298891,""priority"":""2"",""node"":""kwok-node-12""},{""name"":""rs-21-p2-bvq97"",""cpu_m"":316,""mem_b"":150836485,""priority"":""2"",""node"":""kwok-node-27""},{""name"":""rs-21-p2-t7wvj"",""cpu_m"":316,""mem_b"":150836485,""priority"":""2"",""node"":""kwok-node-25""},{""name"":""rs-22-p2-k8mdk"",""cpu_m"":905,""mem_b"":985884544,""priority"":""2"",""node"":""kwok-node-23""},{""name"":""rs-23-p4-hmgbw"",""cpu_m"":312,""mem_b"":453894128,""priority"":""4"",""node"":""kwok-node-8""},{""name"":""rs-23-p4-s787x"",""cpu_m"":312,""mem_b"":453894128,""priority"":""4"",""node"":""kwok-node-7""},{""name"":""rs-24-p1-g8n54"",""cpu_m"":374,""mem_b"":809734866,""priority"":""1"",""node"":""kwok-node-6""},{""name"":""rs-24-p1-m5hnb"",""cpu_m"":374,""mem_b"":809734866,""priority"":""1"",""node"":""""},{""name"":""rs-24-p1-pcbwv"",""cpu_m"":374,""mem_b"":809734866,""priority"":""1"",""node"":""kwok-node-27""},{""name"":""rs-25-p3-6qv9z"",""cpu_m"":990,""mem_b"":592998439,""priority"":""3"",""node"":""kwok-node-21""},{""name"":""rs-25-p3-9zz2c"",""cpu_m"":990,""mem_b"":592998439,""priority"":""3"",""node"":""kwok-node-29""},{""name"":""rs-25-p3-wjn6b"",""cpu_m"":990,""mem_b"":592998439,""priority"":""3"",""node"":""kwok-node-26""},{""name"":""rs-26-p4-4fdp4"",""cpu_m"":223,""mem_b"":373814992,""priority"":""4"",""node"":""kwok-node-17""},{""name"":""rs-26-p4-h59b2"",""cpu_m"":223,""mem_b"":373814992,""priority"":""4"",""node"":""kwok-node-9""},{""name"":""rs-26-p4-mwkwn"",""cpu_m"":223,""mem_b"":373814992,""priority"":""4"",""node"":""kwok-node-24""},{""name"":""rs-26-p4-pd2rx"",""cpu_m"":223,""mem_b"":373814992,""priority"":""4"",""node"":""kwok-node-31""},{""name"":""rs-27-p1-2njl2"",""cpu_m"":210,""mem_b"":941641338,""priority"":""1"",""node"":""kwok-node-10""},{""name"":""rs-27-p1-bh5ch"",""cpu_m"":210,""mem_b"":941641338,""priority"":""1"",""node"":""""},{""name"":""rs-28-p1-5dj5v"",""cpu_m"":758,""mem_b"":149834175,""priority"":""1"",""node"":""kwok-node-15""},{""name"":""rs-28-p1-b7zx7"",""cpu_m"":758,""mem_b"":149834175,""priority"":""1"",""node"":""kwok-node-17""},{""name"":""rs-28-p1-dwlq4"",""cpu_m"":758,""mem_b"":149834175,""priority"":""1"",""node"":""kwok-node-18""},{""name"":""rs-28-p1-k24pq"",""cpu_m"":758,""mem_b"":149834175,""priority"":""1"",""node"":""kwok-node-20""},{""name"":""rs-29-p2-c2vwp"",""cpu_m"":861,""mem_b"":542353595,""priority"":""2"",""node"":""kwok-node-11""},{""name"":""rs-29-p2-hls6t"",""cpu_m"":861,""mem_b"":542353595,""priority"":""2"",""node"":""kwok-node-3""},{""name"":""rs-29-p2-qwnbt"",""cpu_m"":861,""mem_b"":542353595,""priority"":""2"",""node"":""kwok-node-28""},{""name"":""rs-29-p2-wdztm"",""cpu_m"":861,""mem_b"":542353595,""priority"":""2"",""node"":""kwok-node-13""},{""name"":""rs-30-p4-4kjp4"",""cpu_m"":295,""mem_b"":364677179,""priority"":""4"",""node"":""kwok-node-31""},{""name"":""rs-30-p4-9fqqw"",""cpu_m"":295,""mem_b"":364677179,""priority"":""4"",""node"":""kwok-node-5""},{""name"":""rs-31-p4-hldth"",""cpu_m"":988,""mem_b"":486526310,""priority"":""4"",""node"":""kwok-node-30""},{""name"":""rs-31-p4-lp4cl"",""cpu_m"":988,""mem_b"":486526310,""priority"":""4"",""node"":""kwok-node-16""},{""name"":""rs-31-p4-w6kpw"",""cpu_m"":988,""mem_b"":486526310,""priority"":""4"",""node"":""kwok-node-2""},{""name"":""rs-32-p2-9lld2"",""cpu_m"":636,""mem_b"":685709208,""priority"":""2"",""node"":""kwok-node-8""},{""name"":""rs-32-p2-fb65n"",""cpu_m"":636,""mem_b"":685709208,""priority"":""2"",""node"":""kwok-node-19""},{""name"":""rs-32-p2-vnmwl"",""cpu_m"":636,""mem_b"":685709208,""priority"":""2"",""node"":""kwok-node-22""},{""name"":""rs-32-p2-zlcpn"",""cpu_m"":636,""mem_b"":685709208,""priority"":""2"",""node"":""kwok-node-1""},{""name"":""rs-33-p2-f5cf8"",""cpu_m"":805,""mem_b"":613559279,""priority"":""2"",""node"":""kwok-node-9""},{""name"":""rs-33-p2-hvn49"",""cpu_m"":805,""mem_b"":613559279,""priority"":""2"",""node"":""kwok-node-12""},{""name"":""rs-33-p2-n6nlx"",""cpu_m"":805,""mem_b"":613559279,""priority"":""2"",""node"":""kwok-node-32""},{""name"":""rs-34-p3-zq7bd"",""cpu_m"":824,""mem_b"":374224443,""priority"":""3"",""node"":""kwok-node-7""},{""name"":""rs-35-p2-bk22l"",""cpu_m"":886,""mem_b"":377530307,""priority"":""2"",""node"":""kwok-node-24""},{""name"":""rs-35-p2-jc9d4"",""cpu_m"":886,""mem_b"":377530307,""priority"":""2"",""node"":""kwok-node-13""},{""name"":""rs-35-p2-kx6vp"",""cpu_m"":886,""mem_b"":377530307,""priority"":""2"",""node"":""kwok-node-10""},{""name"":""rs-35-p2-vxq6r"",""cpu_m"":886,""mem_b"":377530307,""priority"":""2"",""node"":""kwok-node-6""},{""name"":""rs-36-p3-7dtpb"",""cpu_m"":662,""mem_b"":789974856,""priority"":""3"",""node"":""kwok-node-14""},{""name"":""rs-36-p3-bddnm"",""cpu_m"":662,""mem_b"":789974856,""priority"":""3"",""node"":""kwok-node-5""},{""name"":""rs-37-p3-7x2j7"",""cpu_m"":752,""mem_b"":119735218,""priority"":""3"",""node"":""kwok-node-25""},{""name"":""rs-37-p3-k2x5k"",""cpu_m"":752,""mem_b"":119735218,""priority"":""3"",""node"":""kwok-node-26""},{""name"":""rs-37-p3-p6jf4"",""cpu_m"":752,""mem_b"":119735218,""priority"":""3"",""node"":""kwok-node-31""},{""name"":""rs-37-p3-qqgtf"",""cpu_m"":752,""mem_b"":119735218,""priority"":""3"",""node"":""kwok-node-17""},{""name"":""rs-38-p4-fd2cj"",""cpu_m"":402,""mem_b"":493016288,""priority"":""4"",""node"":""kwok-node-4""},{""name"":""rs-39-p1-l8t6r"",""cpu_m"":346,""mem_b"":406788437,""priority"":""1"",""node"":""""},{""name"":""rs-39-p1-t9d8p"",""cpu_m"":346,""mem_b"":406788437,""priority"":""1"",""node"":""kwok-node-21""},{""name"":""rs-39-p1-tz9ck"",""cpu_m"":346,""mem_b"":406788437,""priority"":""1"",""node"":""kwok-node-23""},{""name"":""rs-40-p4-jxt99"",""cpu_m"":146,""mem_b"":759429158,""priority"":""4"",""node"":""kwok-node-17""},{""name"":""rs-41-p1-cbkkd"",""cpu_m"":225,""mem_b"":294573050,""priority"":""1"",""node"":""kwok-node-2""},{""name"":""rs-41-p1-h77cs"",""cpu_m"":225,""mem_b"":294573050,""priority"":""1"",""node"":""kwok-node-1""},{""name"":""rs-41-p1-sc9mv"",""cpu_m"":225,""mem_b"":294573050,""priority"":""1"",""node"":""kwok-node-12""},{""name"":""rs-41-p1-wkjdk"",""cpu_m"":225,""mem_b"":294573050,""priority"":""1"",""node"":""kwok-node-24""},{""name"":""rs-42-p3-wtnjc"",""cpu_m"":451,""mem_b"":176825876,""priority"":""3"",""node"":""kwok-node-10""},{""name"":""rs-43-p1-6xcw2"",""cpu_m"":597,""mem_b"":589874660,""priority"":""1"",""node"":""kwok-node-18""},{""name"":""rs-43-p1-jkgqz"",""cpu_m"":597,""mem_b"":589874660,""priority"":""1"",""node"":""kwok-node-15""},{""name"":""rs-43-p1-nck9w"",""cpu_m"":597,""mem_b"":589874660,""priority"":""1"",""node"":""""},{""name"":""rs-44-p1-fdvjt"",""cpu_m"":227,""mem_b"":586270923,""priority"":""1"",""node"":""kwok-node-25""},{""name"":""rs-44-p1-v86zj"",""cpu_m"":227,""mem_b"":586270923,""priority"":""1"",""node"":""kwok-node-25""},{""name"":""rs-45-p3-ptmq2"",""cpu_m"":212,""mem_b"":401794051,""priority"":""3"",""node"":""kwok-node-19""},{""name"":""rs-45-p3-pwz7p"",""cpu_m"":212,""mem_b"":401794051,""priority"":""3"",""node"":""kwok-node-16""},{""name"":""rs-46-p2-dz65x"",""cpu_m"":843,""mem_b"":627353281,""priority"":""2"",""node"":""kwok-node-27""},{""name"":""rs-46-p2-sg2fw"",""cpu_m"":843,""mem_b"":627353281,""priority"":""2"",""node"":""kwok-node-11""},{""name"":""rs-46-p2-srskx"",""cpu_m"":843,""mem_b"":627353281,""priority"":""2"",""node"":""kwok-node-16""},{""name"":""rs-46-p2-wsz74"",""cpu_m"":843,""mem_b"":627353281,""priority"":""2"",""node"":""kwok-node-31""},{""name"":""rs-47-p2-4blgp"",""cpu_m"":563,""mem_b"":165746573,""priority"":""2"",""node"":""kwok-node-14""},{""name"":""rs-48-p2-5nm6m"",""cpu_m"":303,""mem_b"":593381104,""priority"":""2"",""node"":""kwok-node-29""},{""name"":""rs-48-p2-8r59z"",""cpu_m"":303,""mem_b"":593381104,""priority"":""2"",""node"":""kwok-node-11""},{""name"":""rs-48-p2-cvpnd"",""cpu_m"":303,""mem_b"":593381104,""priority"":""2"",""node"":""kwok-node-7""},{""name"":""rs-48-p2-cxcj6"",""cpu_m"":303,""mem_b"":593381104,""priority"":""2"",""node"":""kwok-node-20""},{""name"":""rs-49-p2-8w6zf"",""cpu_m"":457,""mem_b"":236045785,""priority"":""2"",""node"":""kwok-node-8""},{""name"":""rs-49-p2-jggcv"",""cpu_m"":457,""mem_b"":236045785,""priority"":""2"",""node"":""kwok-node-32""},{""name"":""rs-49-p2-z66sb"",""cpu_m"":457,""mem_b"":236045785,""priority"":""2"",""node"":""kwok-node-32""},{""name"":""rs-49-p2-zf7td"",""cpu_m"":457,""mem_b"":236045785,""priority"":""2"",""node"":""kwok-node-24""},{""name"":""rs-50-p2-mf6lz"",""cpu_m"":172,""mem_b"":743315095,""priority"":""2"",""node"":""kwok-node-13""},{""name"":""rs-51-p1-g5r5w"",""cpu_m"":571,""mem_b"":810916667,""priority"":""1"",""node"":""""},{""name"":""rs-52-p4-sz4kg"",""cpu_m"":469,""mem_b"":352278289,""priority"":""4"",""node"":""kwok-node-14""}]","[{""name"":""rs-01-p2-6bb99"",""cpu_m"":546,""mem_b"":342648982,""priority"":""2"",""node"":""kwok-node-12""},{""name"":""rs-02-p1-2n2sx"",""cpu_m"":996,""mem_b"":888740166,""priority"":""1"",""node"":""kwok-node-13""},{""name"":""rs-02-p1-7n7fn"",""cpu_m"":996,""mem_b"":888740166,""priority"":""1"",""node"":""kwok-node-16""},{""name"":""rs-02-p1-v64pf"",""cpu_m"":996,""mem_b"":888740166,""priority"":""1"",""node"":""kwok-node-11""},{""name"":""rs-03-p2-g296x"",""cpu_m"":834,""mem_b"":984774429,""priority"":""2"",""node"":""kwok-node-18""},{""name"":""rs-03-p2-pbh2s"",""cpu_m"":834,""mem_b"":984774429,""priority"":""2"",""node"":""kwok-node-20""},{""name"":""rs-03-p2-vwl64"",""cpu_m"":834,""mem_b"":984774429,""priority"":""2"",""node"":""kwok-node-15""},{""name"":""rs-03-p2-xk795"",""cpu_m"":834,""mem_b"":984774429,""priority"":""2"",""node"":""kwok-node-2""},{""name"":""rs-04-p3-fn6m8"",""cpu_m"":707,""mem_b"":272793126,""priority"":""3"",""node"":""kwok-node-22""},{""name"":""rs-04-p3-lstxh"",""cpu_m"":707,""mem_b"":272793126,""priority"":""3"",""node"":""kwok-node-1""},{""name"":""rs-04-p3-nrnrz"",""cpu_m"":707,""mem_b"":272793126,""priority"":""3"",""node"":""kwok-node-23""},{""name"":""rs-05-p4-dcqrz"",""cpu_m"":506,""mem_b"":271309062,""priority"":""4"",""node"":""kwok-node-21""},{""name"":""rs-05-p4-ndvdt"",""cpu_m"":506,""mem_b"":271309062,""priority"":""4"",""node"":""kwok-node-14""},{""name"":""rs-05-p4-ng66d"",""cpu_m"":506,""mem_b"":271309062,""priority"":""4"",""node"":""kwok-node-19""},{""name"":""rs-05-p4-tcjkg"",""cpu_m"":506,""mem_b"":271309062,""priority"":""4"",""node"":""kwok-node-10""},{""name"":""rs-06-p2-77zdv"",""cpu_m"":288,""mem_b"":322005175,""priority"":""2"",""node"":""kwok-node-24""},{""name"":""rs-06-p2-9qf9c"",""cpu_m"":288,""mem_b"":322005175,""priority"":""2"",""node"":""kwok-node-17""},{""name"":""rs-07-p3-gc4rp"",""cpu_m"":101,""mem_b"":877805008,""priority"":""3"",""node"":""kwok-node-26""},{""name"":""rs-08-p3-9n7ts"",""cpu_m"":667,""mem_b"":227097472,""priority"":""3"",""node"":""kwok-node-27""},{""name"":""rs-08-p3-mwjj6"",""cpu_m"":667,""mem_b"":227097472,""priority"":""3"",""node"":""kwok-node-25""},{""name"":""rs-09-p4-fp24t"",""cpu_m"":553,""mem_b"":133808552,""priority"":""4"",""node"":""kwok-node-29""},{""name"":""rs-09-p4-gv6p7"",""cpu_m"":553,""mem_b"":133808552,""priority"":""4"",""node"":""kwok-node-30""},{""name"":""rs-09-p4-q7bx7"",""cpu_m"":553,""mem_b"":133808552,""priority"":""4"",""node"":""kwok-node-3""},{""name"":""rs-09-p4-sj588"",""cpu_m"":553,""mem_b"":133808552,""priority"":""4"",""node"":""kwok-node-28""},{""name"":""rs-10-p3-7kshw"",""cpu_m"":414,""mem_b"":847815911,""priority"":""3"",""node"":""kwok-node-3""},{""name"":""rs-10-p3-hfdtx"",""cpu_m"":414,""mem_b"":847815911,""priority"":""3"",""node"":""kwok-node-28""},{""name"":""rs-10-p3-srng6"",""cpu_m"":414,""mem_b"":847815911,""priority"":""3"",""node"":""kwok-node-30""},{""name"":""rs-11-p1-sfphg"",""cpu_m"":573,""mem_b"":334705182,""priority"":""1"",""node"":""kwok-node-32""},{""name"":""rs-12-p3-dbf2c"",""cpu_m"":816,""mem_b"":307924314,""priority"":""3"",""node"":""kwok-node-6""},{""name"":""rs-13-p4-ss2zm"",""cpu_m"":424,""mem_b"":222305415,""priority"":""4"",""node"":""kwok-node-5""},{""name"":""rs-14-p3-cmmfj"",""cpu_m"":806,""mem_b"":956798562,""priority"":""3"",""node"":""kwok-node-4""},{""name"":""rs-15-p4-gzc2j"",""cpu_m"":877,""mem_b"":519765607,""priority"":""4"",""node"":""kwok-node-9""},{""name"":""rs-16-p1-c8zxr"",""cpu_m"":820,""mem_b"":368081777,""priority"":""1"",""node"":""kwok-node-7""},{""name"":""rs-16-p1-qczh8"",""cpu_m"":820,""mem_b"":368081777,""priority"":""1"",""node"":""kwok-node-17""},{""name"":""rs-16-p1-rv9x6"",""cpu_m"":820,""mem_b"":368081777,""priority"":""1"",""node"":""kwok-node-31""},{""name"":""rs-16-p1-x5jfc"",""cpu_m"":820,""mem_b"":368081777,""priority"":""1"",""node"":""kwok-node-8""},{""name"":""rs-17-p1-f44dx"",""cpu_m"":683,""mem_b"":338521604,""priority"":""1"",""node"":""kwok-node-24""},{""name"":""rs-17-p1-gcvpv"",""cpu_m"":683,""mem_b"":338521604,""priority"":""1"",""node"":""kwok-node-19""},{""name"":""rs-17-p1-pccwg"",""cpu_m"":683,""mem_b"":338521604,""priority"":""1"",""node"":""kwok-node-5""},{""name"":""rs-18-p4-qk6vj"",""cpu_m"":250,""mem_b"":431077310,""priority"":""4"",""node"":""kwok-node-21""},{""name"":""rs-18-p4-x7cx4"",""cpu_m"":250,""mem_b"":431077310,""priority"":""4"",""node"":""kwok-node-29""},{""name"":""rs-19-p1-bl6kc"",""cpu_m"":753,""mem_b"":258688325,""priority"":""1"",""node"":""kwok-node-14""},{""name"":""rs-19-p1-hpr44"",""cpu_m"":753,""mem_b"":258688325,""priority"":""1"",""node"":""kwok-node-10""},{""name"":""rs-20-p2-6chpl"",""cpu_m"":461,""mem_b"":544298891,""priority"":""2"",""node"":""kwok-node-32""},{""name"":""rs-20-p2-7wfrz"",""cpu_m"":461,""mem_b"":544298891,""priority"":""2"",""node"":""kwok-node-1""},{""name"":""rs-20-p2-l9l6g"",""cpu_m"":461,""mem_b"":544298891,""priority"":""2"",""node"":""kwok-node-22""},{""name"":""rs-20-p2-q525j"",""cpu_m"":461,""mem_b"":544298891,""priority"":""2"",""node"":""kwok-node-12""},{""name"":""rs-21-p2-bvq97"",""cpu_m"":316,""mem_b"":150836485,""priority"":""2"",""node"":""kwok-node-27""},{""name"":""rs-21-p2-t7wvj"",""cpu_m"":316,""mem_b"":150836485,""priority"":""2"",""node"":""kwok-node-25""},{""name"":""rs-22-p2-k8mdk"",""cpu_m"":905,""mem_b"":985884544,""priority"":""2"",""node"":""kwok-node-23""},{""name"":""rs-23-p4-hmgbw"",""cpu_m"":312,""mem_b"":453894128,""priority"":""4"",""node"":""kwok-node-8""},{""name"":""rs-23-p4-s787x"",""cpu_m"":312,""mem_b"":453894128,""priority"":""4"",""node"":""kwok-node-7""},{""name"":""rs-24-p1-g8n54"",""cpu_m"":374,""mem_b"":809734866,""priority"":""1"",""node"":""kwok-node-6""},{""name"":""rs-24-p1-k4r42"",""cpu_m"":374,""mem_b"":809734866,""priority"":""1"",""node"":""kwok-node-25""},{""name"":""rs-24-p1-pcbwv"",""cpu_m"":374,""mem_b"":809734866,""priority"":""1"",""node"":""kwok-node-27""},{""name"":""rs-25-p3-6qv9z"",""cpu_m"":990,""mem_b"":592998439,""priority"":""3"",""node"":""kwok-node-21""},{""name"":""rs-25-p3-9zz2c"",""cpu_m"":990,""mem_b"":592998439,""priority"":""3"",""node"":""kwok-node-29""},{""name"":""rs-25-p3-wjn6b"",""cpu_m"":990,""mem_b"":592998439,""priority"":""3"",""node"":""kwok-node-26""},{""name"":""rs-26-p4-4fdp4"",""cpu_m"":223,""mem_b"":373814992,""priority"":""4"",""node"":""kwok-node-17""},{""name"":""rs-26-p4-h59b2"",""cpu_m"":223,""mem_b"":373814992,""priority"":""4"",""node"":""kwok-node-9""},{""name"":""rs-26-p4-mwkwn"",""cpu_m"":223,""mem_b"":373814992,""priority"":""4"",""node"":""kwok-node-24""},{""name"":""rs-26-p4-pd2rx"",""cpu_m"":223,""mem_b"":373814992,""priority"":""4"",""node"":""kwok-node-31""},{""name"":""rs-27-p1-n6lss"",""cpu_m"":210,""mem_b"":941641338,""priority"":""1"",""node"":""kwok-node-10""},{""name"":""rs-27-p1-pnqdn"",""cpu_m"":210,""mem_b"":941641338,""priority"":""1"",""node"":""kwok-node-14""},{""name"":""rs-28-p1-72c66"",""cpu_m"":758,""mem_b"":149834175,""priority"":""1"",""node"":""kwok-node-18""},{""name"":""rs-28-p1-9h44f"",""cpu_m"":758,""mem_b"":149834175,""priority"":""1"",""node"":""kwok-node-15""},{""name"":""rs-28-p1-k24pq"",""cpu_m"":758,""mem_b"":149834175,""priority"":""1"",""node"":""kwok-node-20""},{""name"":""rs-28-p1-x7cvh"",""cpu_m"":758,""mem_b"":149834175,""priority"":""1"",""node"":""kwok-node-4""},{""name"":""rs-29-p2-c2vwp"",""cpu_m"":861,""mem_b"":542353595,""priority"":""2"",""node"":""kwok-node-11""},{""name"":""rs-29-p2-hls6t"",""cpu_m"":861,""mem_b"":542353595,""priority"":""2"",""node"":""kwok-node-3""},{""name"":""rs-29-p2-qwnbt"",""cpu_m"":861,""mem_b"":542353595,""priority"":""2"",""node"":""kwok-node-28""},{""name"":""rs-29-p2-wdztm"",""cpu_m"":861,""mem_b"":542353595,""priority"":""2"",""node"":""kwok-node-13""},{""name"":""rs-30-p4-4kjp4"",""cpu_m"":295,""mem_b"":364677179,""priority"":""4"",""node"":""kwok-node-31""},{""name"":""rs-30-p4-9fqqw"",""cpu_m"":295,""mem_b"":364677179,""priority"":""4"",""node"":""kwok-node-5""},{""name"":""rs-31-p4-hldth"",""cpu_m"":988,""mem_b"":486526310,""priority"":""4"",""node"":""kwok-node-30""},{""name"":""rs-31-p4-lp4cl"",""cpu_m"":988,""mem_b"":486526310,""priority"":""4"",""node"":""kwok-node-16""},{""name"":""rs-31-p4-w6kpw"",""cpu_m"":988,""mem_b"":486526310,""priority"":""4"",""node"":""kwok-node-2""},{""name"":""rs-32-p2-9lld2"",""cpu_m"":636,""mem_b"":685709208,""priority"":""2"",""node"":""kwok-node-8""},{""name"":""rs-32-p2-fb65n"",""cpu_m"":636,""mem_b"":685709208,""priority"":""2"",""node"":""kwok-node-19""},{""name"":""rs-32-p2-vnmwl"",""cpu_m"":636,""mem_b"":685709208,""priority"":""2"",""node"":""kwok-node-22""},{""name"":""rs-32-p2-zlcpn"",""cpu_m"":636,""mem_b"":685709208,""priority"":""2"",""node"":""kwok-node-1""},{""name"":""rs-33-p2-f5cf8"",""cpu_m"":805,""mem_b"":613559279,""priority"":""2"",""node"":""kwok-node-9""},{""name"":""rs-33-p2-hvn49"",""cpu_m"":805,""mem_b"":613559279,""priority"":""2"",""node"":""kwok-node-12""},{""name"":""rs-33-p2-n6nlx"",""cpu_m"":805,""mem_b"":613559279,""priority"":""2"",""node"":""kwok-node-32""},{""name"":""rs-34-p3-zq7bd"",""cpu_m"":824,""mem_b"":374224443,""priority"":""3"",""node"":""kwok-node-7""},{""name"":""rs-35-p2-bk22l"",""cpu_m"":886,""mem_b"":377530307,""priority"":""2"",""node"":""kwok-node-24""},{""name"":""rs-35-p2-jc9d4"",""cpu_m"":886,""mem_b"":377530307,""priority"":""2"",""node"":""""},{""name"":""rs-35-p2-kx6vp"",""cpu_m"":886,""mem_b"":377530307,""priority"":""2"",""node"":""""},{""name"":""rs-35-p2-vxq6r"",""cpu_m"":886,""mem_b"":377530307,""priority"":""2"",""node"":""kwok-node-6""},{""name"":""rs-36-p3-7dtpb"",""cpu_m"":662,""mem_b"":789974856,""priority"":""3"",""node"":""""},{""name"":""rs-36-p3-bddnm"",""cpu_m"":662,""mem_b"":789974856,""priority"":""3"",""node"":""kwok-node-5""},{""name"":""rs-37-p3-7x2j7"",""cpu_m"":752,""mem_b"":119735218,""priority"":""3"",""node"":""kwok-node-25""},{""name"":""rs-37-p3-k2x5k"",""cpu_m"":752,""mem_b"":119735218,""priority"":""3"",""node"":""kwok-node-26""},{""name"":""rs-37-p3-p6jf4"",""cpu_m"":752,""mem_b"":119735218,""priority"":""3"",""node"":""kwok-node-31""},{""name"":""rs-37-p3-qqgtf"",""cpu_m"":752,""mem_b"":119735218,""priority"":""3"",""node"":""kwok-node-17""},{""name"":""rs-38-p4-fd2cj"",""cpu_m"":402,""mem_b"":493016288,""priority"":""4"",""node"":""kwok-node-4""},{""name"":""rs-39-p1-75rb7"",""cpu_m"":346,""mem_b"":406788437,""priority"":""1"",""node"":""kwok-node-27""},{""name"":""rs-39-p1-c7lb4"",""cpu_m"":346,""mem_b"":406788437,""priority"":""1"",""node"":""kwok-node-18""},{""name"":""rs-39-p1-wx6zf"",""cpu_m"":346,""mem_b"":406788437,""priority"":""1"",""node"":""kwok-node-20""},{""name"":""rs-40-p4-jxt99"",""cpu_m"":146,""mem_b"":759429158,""priority"":""4"",""node"":""""},{""name"":""rs-41-p1-2n5vq"",""cpu_m"":225,""mem_b"":294573050,""priority"":""1"",""node"":""kwok-node-29""},{""name"":""rs-41-p1-f8ppq"",""cpu_m"":225,""mem_b"":294573050,""priority"":""1"",""node"":""kwok-node-15""},{""name"":""rs-41-p1-n7v4g"",""cpu_m"":225,""mem_b"":294573050,""priority"":""1"",""node"":""kwok-node-23""},{""name"":""rs-41-p1-vp2mz"",""cpu_m"":225,""mem_b"":294573050,""priority"":""1"",""node"":""kwok-node-21""},{""name"":""rs-42-p3-wtnjc"",""cpu_m"":451,""mem_b"":176825876,""priority"":""3"",""node"":""kwok-node-10""},{""name"":""rs-43-p1-6xcw2"",""cpu_m"":597,""mem_b"":589874660,""priority"":""1"",""node"":""""},{""name"":""rs-43-p1-jkgqz"",""cpu_m"":597,""mem_b"":589874660,""priority"":""1"",""node"":""""},{""name"":""rs-43-p1-nck9w"",""cpu_m"":597,""mem_b"":589874660,""priority"":""1"",""node"":""""},{""name"":""rs-44-p1-fdvjt"",""cpu_m"":227,""mem_b"":586270923,""priority"":""1"",""node"":""""},{""name"":""rs-44-p1-j2qj5"",""cpu_m"":227,""mem_b"":586270923,""priority"":""1"",""node"":""kwok-node-7""},{""name"":""rs-45-p3-ptmq2"",""cpu_m"":212,""mem_b"":401794051,""priority"":""3"",""node"":""kwok-node-19""},{""name"":""rs-45-p3-pwz7p"",""cpu_m"":212,""mem_b"":401794051,""priority"":""3"",""node"":""kwok-node-16""},{""name"":""rs-46-p2-dz65x"",""cpu_m"":843,""mem_b"":627353281,""priority"":""2"",""node"":""""},{""name"":""rs-46-p2-sg2fw"",""cpu_m"":843,""mem_b"":627353281,""priority"":""2"",""node"":""""},{""name"":""rs-46-p2-srskx"",""cpu_m"":843,""mem_b"":627353281,""priority"":""2"",""node"":""""},{""name"":""rs-46-p2-wsz74"",""cpu_m"":843,""mem_b"":627353281,""priority"":""2"",""node"":""""},{""name"":""rs-47-p2-4blgp"",""cpu_m"":563,""mem_b"":165746573,""priority"":""2"",""node"":""kwok-node-14""},{""name"":""rs-48-p2-5nm6m"",""cpu_m"":303,""mem_b"":593381104,""priority"":""2"",""node"":""""},{""name"":""rs-48-p2-8r59z"",""cpu_m"":303,""mem_b"":593381104,""priority"":""2"",""node"":""""},{""name"":""rs-48-p2-cvpnd"",""cpu_m"":303,""mem_b"":593381104,""priority"":""2"",""node"":""""},{""name"":""rs-48-p2-cxcj6"",""cpu_m"":303,""mem_b"":593381104,""priority"":""2"",""node"":""""},{""name"":""rs-49-p2-8w6zf"",""cpu_m"":457,""mem_b"":236045785,""priority"":""2"",""node"":""""},{""name"":""rs-49-p2-jggcv"",""cpu_m"":457,""mem_b"":236045785,""priority"":""2"",""node"":""""},{""name"":""rs-49-p2-z66sb"",""cpu_m"":457,""mem_b"":236045785,""priority"":""2"",""node"":""""},{""name"":""rs-49-p2-zf7td"",""cpu_m"":457,""mem_b"":236045785,""priority"":""2"",""node"":""""},{""name"":""rs-50-p2-mf6lz"",""cpu_m"":172,""mem_b"":743315095,""priority"":""2"",""node"":""""},{""name"":""rs-51-p1-g5r5w"",""cpu_m"":571,""mem_b"":810916667,""priority"":""1"",""node"":""""},{""name"":""rs-52-p4-sz4kg"",""cpu_m"":469,""mem_b"":352278289,""priority"":""4"",""node"":""""}]","[{""name"":""kwok-node-1"",""cap_cpu_m"":2209,""cap_mem_bytes"":1816427875},{""name"":""kwok-node-2"",""cap_cpu_m"":2209,""cap_mem_bytes"":1816427875},{""name"":""kwok-node-3"",""cap_cpu_m"":2209,""cap_mem_bytes"":1816427875},{""name"":""kwok-node-4"",""cap_cpu_m"":2209,""cap_mem_bytes"":1816427875},{""name"":""kwok-node-5"",""cap_cpu_m"":2209,""cap_mem_bytes"":1816427875},{""name"":""kwok-node-6"",""cap_cpu_m"":2209,""cap_mem_bytes"":1816427875},{""name"":""kwok-node-7"",""cap_cpu_m"":2209,""cap_mem_bytes"":1816427875},{""name"":""kwok-node-8"",""cap_cpu_m"":2209,""cap_mem_bytes"":1816427875},{""name"":""kwok-node-9"",""cap_cpu_m"":2209,""cap_mem_bytes"":1816427875},{""name"":""kwok-node-10"",""cap_cpu_m"":2209,""cap_mem_bytes"":1816427875},{""name"":""kwok-node-11"",""cap_cpu_m"":2209,""cap_mem_bytes"":1816427875},{""name"":""kwok-node-12"",""cap_cpu_m"":2209,""cap_mem_bytes"":1816427875},{""name"":""kwok-node-13"",""cap_cpu_m"":2209,""cap_mem_bytes"":1816427875},{""name"":""kwok-node-14"",""cap_cpu_m"":2209,""cap_mem_bytes"":1816427875},{""name"":""kwok-node-15"",""cap_cpu_m"":2209,""cap_mem_bytes"":1816427875},{""name"":""kwok-node-16"",""cap_cpu_m"":2209,""cap_mem_bytes"":1816427875},{""name"":""kwok-node-17"",""cap_cpu_m"":2209,""cap_mem_bytes"":1816427875},{""name"":""kwok-node-18"",""cap_cpu_m"":2209,""cap_mem_bytes"":1816427875},{""name"":""kwok-node-19"",""cap_cpu_m"":2209,""cap_mem_bytes"":1816427875},{""name"":""kwok-node-20"",""cap_cpu_m"":2209,""cap_mem_bytes"":1816427875},{""name"":""kwok-node-21"",""cap_cpu_m"":2209,""cap_mem_bytes"":1816427875},{""name"":""kwok-node-22"",""cap_cpu_m"":2209,""cap_mem_bytes"":1816427875},{""name"":""kwok-node-23"",""cap_cpu_m"":2209,""cap_mem_bytes"":1816427875},{""name"":""kwok-node-24"",""cap_cpu_m"":2209,""cap_mem_bytes"":1816427875},{""name"":""kwok-node-25"",""cap_cpu_m"":2209,""cap_mem_bytes"":1816427875},{""name"":""kwok-node-26"",""cap_cpu_m"":2209,""cap_mem_bytes"":1816427875},{""name"":""kwok-node-27"",""cap_cpu_m"":2209,""cap_mem_bytes"":1816427875},{""name"":""kwok-node-28"",""cap_cpu_m"":2209,""cap_mem_bytes"":1816427875},{""name"":""kwok-node-29"",""cap_cpu_m"":2209,""cap_mem_bytes"":1816427875},{""name"":""kwok-node-30"",""cap_cpu_m"":2209,""cap_mem_bytes"":1816427875},{""name"":""kwok-node-31"",""cap_cpu_m"":2209,""cap_mem_bytes"":1816427875},{""name"":""kwok-node-32"",""cap_cpu_m"":2209,""cap_mem_bytes"":1816427875}]"
2026/02/11/12:06:32,1284945672489363765,,"{""evicted"":0,""moved"":0,""placed_by_priority"":{""1"":26,""2"":37,""3"":21,""4"":28}}",python,"{""evicted"":19,""moved"":5,""placed_by_priority"":{""1"":7,""2"":44,""3"":23,""4"":33}}",980,FEASIBLE,"[{""duration_ms"":980,""name"":""python"",""score"":{""evicted"":19,""moved"":5,""placed_by_priority"":{""1"":7,""2"":44,""3"":23,""4"":33}},""status"":""FEASIBLE""}]",0.908,0.875,0.921,0.899,59147,57002,60417228482,58950071842,108,112,20,16,"{""kwok-node-1"":5,""kwok-node-10"":4,""kwok-node-11"":4,""kwok-node-12"":4,""kwok-node-13"":3,""kwok-node-14"":3,""kwok-node-15"":3,""kwok-node-16"":3,""kwok-node-17"":3,""kwok-node-18"":3,""kwok-node-19"":3,""kwok-node-2"":3,""kwok-node-20"":4,""kwok-node-21"":3,""kwok-node-22"":3,""kwok-node-23"":3,""kwok-node-24"":4,""kwok-node-25"":3,""kwok-node-26"":4,""kwok-node-27"":3,""kwok-node-28"":3,""kwok-node-29"":4,""kwok-node-3"":3,""kwok-node-30"":4,""kwok-node-31"":4,""kwok-node-32"":3,""kwok-node-4"":4,""kwok-node-5"":3,""kwok-node-6"":3,""kwok-node-7"":2,""kwok-node-8"":3,""kwok-node-9"":4}","{""kwok-node-1"":5,""kwok-node-10"":4,""kwok-node-11"":4,""kwok-node-12"":3,""kwok-node-13"":3,""kwok-node-14"":3,""kwok-node-15"":3,""kwok-node-16"":4,""kwok-node-17"":3,""kwok-node-18"":3,""kwok-node-19"":3,""kwok-node-2"":3,""kwok-node-20"":4,""kwok-node-21"":3,""kwok-node-22"":4,""kwok-node-23"":3,""kwok-node-24"":5,""kwok-node-25"":3,""kwok-node-26"":4,""kwok-node-27"":3,""kwok-node-28"":3,""kwok-node-29"":4,""kwok-node-3"":4,""kwok-node-30"":4,""kwok-node-31"":4,""kwok-node-32"":3,""kwok-node-4"":4,""kwok-node-5"":4,""kwok-node-6"":4,""kwok-node-7"":2,""kwok-node-8"":3,""kwok-node-9"":3}","{""p1"":8,""p2"":44,""p3"":23,""p4"":33}","{""p1"":26,""p2"":37,""p3"":21,""p4"":28}","{""p1"":20}","{""p1"":2,""p2"":7,""p3"":2,""p4"":5}","{rs-01-p1-k5x5q,rs-01-p1-wd7lq,rs-08-p1-fvms2,rs-08-p1-ljbd7,rs-08-p1-p6tgq,rs-17-p1-447d6,rs-24-p1-5m4p4,rs-24-p1-hhq56,rs-24-p1-pns2m,rs-24-p1-qvmp2,rs-27-p1-fh9c4,rs-29-p1-lptf7,rs-35-p1-s2ntd,rs-35-p1-tcs4h,rs-45-p1-mcqgn,rs-46-p1-l5bbq,rs-47-p1-cqbtr,rs-51-p1-jtlz4,rs-52-p1-422d2,rs-52-p1-qxvbb}","{rs-41-p4-5jlng,rs-41-p4-bmhnt,rs-41-p4-dt9j7,rs-41-p4-rmp2z,rs-44-p4-2k6mh,rs-47-p1-cqbtr,rs-49-p2-6m5x7,rs-49-p2-gmm82,rs-49-p2-m5x6l,rs-49-p2-pw5mf,rs-50-p2-6w4qj,rs-50-p2-ncfsx,rs-50-p2-thxdp,rs-51-p1-jtlz4,rs-53-p3-64z52,rs-53-p3-mkjzv}","{rs-02-p4-d6bxd,rs-02-p4-k74s7,rs-02-p4-ktmjh,rs-02-p4-z4zvm,rs-03-p4-cwplv,rs-04-p2-56w2l,rs-04-p2-wqt9v,rs-04-p2-xmbhj,rs-05-p3-xhzs6,rs-06-p4-spfzk,rs-07-p3-5qpvz,rs-07-p3-kmvdn,rs-09-p2-n6rwt,rs-10-p4-vcg26,rs-11-p2-497ht,rs-11-p2-fcw4r,rs-11-p2-hfdrw,rs-12-p4-qq84s,rs-12-p4-s5xr4,rs-12-p4-tpdmn,rs-13-p4-kgmjw,rs-13-p4-kpnbg,rs-13-p4-krxmt,rs-13-p4-qvjzs,rs-14-p3-hq8gg,rs-14-p3-qkzcj,rs-14-p3-qnvhl,rs-14-p3-v9r6m,rs-15-p4-4tbh4,rs-16-p2-55rwh,rs-16-p2-kq8kl,rs-16-p2-rvnfx,rs-18-p3-p6tht,rs-19-p3-tbbvw,rs-20-p4-4q9bs,rs-20-p4-7bz24,rs-21-p3-54jh2,rs-21-p3-5fqzr,rs-21-p3-8x46k,rs-21-p3-psf2f,rs-22-p2-66dv8,rs-22-p2-fv2jb,rs-22-p2-nnfm9,rs-22-p2-wvkkg,rs-23-p4-rkm6h,rs-25-p3-g9zrq,rs-25-p3-shd66,rs-26-p2-pzf7n,rs-28-p4-crkbg,rs-28-p4-fznwf,rs-30-p2-grgsr,rs-30-p2-khdbk,rs-31-p2-zthtl,rs-32-p2-2q9x6,rs-32-p2-9t2sh,rs-32-p2-mx7jf,rs-32-p2-zrbjq,rs-33-p2-298ld,rs-33-p2-hwnrd,rs-34-p1-b4qdh,rs-34-p1-g2mb5,rs-34-p1-h786v,rs-36-p3-6bxbw,rs-36-p3-7lr2z,rs-36-p3-8zz5l,rs-36-p3-bg7w9,rs-37-p2-9hpqz,rs-37-p2-nppcc,rs-37-p2-xprjt,rs-37-p2-xspvl,rs-38-p2-d6pvs,rs-39-p3-jhhlg,rs-39-p3-xnhtb,rs-40-p4-7m9bw,rs-40-p4-jzxvs,rs-40-p4-szlds,rs-40-p4-zwp6t,rs-41-p4-5jlng,rs-41-p4-bmhnt,rs-41-p4-dt9j7,rs-41-p4-rmp2z,rs-42-p4-8wmsh,rs-42-p4-ldphr,rs-42-p4-wdhzj,rs-43-p2-cfxmf,rs-43-p2-kjf8j,rs-43-p2-msfxf,rs-43-p2-r8g4n,rs-44-p4-2k6mh,rs-44-p4-qpzwm,rs-45-p1-ds68t,rs-45-p1-xtqn5,rs-48-p2-5sl4d,rs-48-p2-bcztf,rs-48-p2-mjg5w,rs-48-p2-tqpmx,rs-49-p2-6m5x7,rs-49-p2-gmm82,rs-49-p2-m5x6l,rs-49-p2-pw5mf,rs-50-p2-6w4qj,rs-50-p2-ncfsx,rs-50-p2-thxdp,rs-51-p1-xp5zn,rs-52-p1-dfvpq,rs-52-p1-sxdtt,rs-53-p3-64z52,rs-53-p3-mkjzv}","{rs-01-p1-6rxtj,rs-01-p1-g2z8b,rs-02-p4-d6bxd,rs-02-p4-k74s7,rs-02-p4-ktmjh,rs-02-p4-z4zvm,rs-03-p4-cwplv,rs-04-p2-56w2l,rs-04-p2-wqt9v,rs-04-p2-xmbhj,rs-05-p3-xhzs6,rs-06-p4-spfzk,rs-07-p3-5qpvz,rs-07-p3-kmvdn,rs-08-p1-5gj6k,rs-08-p1-l5lq9,rs-08-p1-vzlkc,rs-09-p2-n6rwt,rs-10-p4-vcg26,rs-11-p2-497ht,rs-11-p2-fcw4r,rs-11-p2-hfdrw,rs-12-p4-qq84s,rs-12-p4-s5xr4,rs-12-p4-tpdmn,rs-13-p4-kgmjw,rs-13-p4-kpnbg,rs-13-p4-krxmt,rs-13-p4-qvjzs,rs-14-p3-hq8gg,rs-14-p3-qkzcj,rs-14-p3-qnvhl,rs-14-p3-v9r6m,rs-15-p4-4tbh4,rs-16-p2-55rwh,rs-16-p2-kq8kl,rs-16-p2-rvnfx,rs-17-p1-z6p6t,rs-18-p3-p6tht,rs-19-p3-tbbvw,rs-20-p4-4q9bs,rs-20-p4-7bz24,rs-21-p3-54jh2,rs-21-p3-5fqzr,rs-21-p3-8x46k,rs-21-p3-psf2f,rs-22-p2-66dv8,rs-22-p2-fv2jb,rs-22-p2-nnfm9,rs-22-p2-wvkkg,rs-23-p4-rkm6h,rs-24-p1-bfphf,rs-24-p1-clblw,rs-24-p1-tmjq9,rs-24-p1-wjzvh,rs-25-p3-g9zrq,rs-25-p3-shd66,rs-26-p2-pzf7n,rs-27-p1-mht5n,rs-28-p4-crkbg,rs-28-p4-fznwf,rs-29-p1-gc4ff,rs-30-p2-grgsr,rs-30-p2-khdbk,rs-31-p2-zthtl,rs-32-p2-2q9x6,rs-32-p2-9t2sh,rs-32-p2-mx7jf,rs-32-p2-zrbjq,rs-33-p2-298ld,rs-33-p2-jw7jn,rs-34-p1-c5mzc,rs-34-p1-h786v,rs-34-p1-krggr,rs-35-p1-j9wvd,rs-35-p1-w2c56,rs-36-p3-6bxbw,rs-36-p3-7lr2z,rs-36-p3-8zz5l,rs-36-p3-bg7w9,rs-37-p2-9hpqz,rs-37-p2-nppcc,rs-37-p2-xprjt,rs-37-p2-xspvl,rs-38-p2-qqs74,rs-39-p3-jhhlg,rs-39-p3-xnhtb,rs-40-p4-7m9bw,rs-40-p4-jzxvs,rs-40-p4-szlds,rs-40-p4-zwp6t,rs-42-p4-8wmsh,rs-42-p4-ldphr,rs-42-p4-wdhzj,rs-43-p2-cfxmf,rs-43-p2-kjf8j,rs-43-p2-msfxf,rs-43-p2-r8g4n,rs-44-p4-qpzwm,rs-45-p1-dlb9p,rs-45-p1-hx27h,rs-45-p1-xtqn5,rs-46-p1-5rprt,rs-48-p2-bcztf,rs-48-p2-mjg5w,rs-48-p2-mrqgk,rs-48-p2-tqpmx,rs-51-p1-xp5zn,rs-52-p1-bmdtq,rs-52-p1-dfvpq,rs-52-p1-nsn68,rs-52-p1-sxdtt}","[{""name"":""rs-01-p1-k5x5q"",""cpu_m"":273,""mem_b"":748342415,""priority"":""1"",""node"":""""},{""name"":""rs-01-p1-wd7lq"",""cpu_m"":273,""mem_b"":748342415,""priority"":""1"",""node"":""""},{""name"":""rs-02-p4-d6bxd"",""cpu_m"":622,""mem_b"":407235650,""priority"":""4"",""node"":""kwok-node-1""},{""name"":""rs-02-p4-k74s7"",""cpu_m"":622,""mem_b"":407235650,""priority"":""4"",""node"":""kwok-node-15""},{""name"":""rs-02-p4-ktmjh"",""cpu_m"":622,""mem_b"":407235650,""priority"":""4"",""node"":""kwok-node-14""},{""name"":""rs-02-p4-z4zvm"",""cpu_m"":622,""mem_b"":407235650,""priority"":""4"",""node"":""kwok-node-19""},{""name"":""rs-03-p4-cwplv"",""cpu_m"":638,""mem_b"":173708955,""priority"":""4"",""node"":""kwok-node-22""},{""name"":""rs-04-p2-56w2l"",""cpu_m"":634,""mem_b"":661092819,""priority"":""2"",""node"":""kwok-node-23""},{""name"":""rs-04-p2-wqt9v"",""cpu_m"":634,""mem_b"":661092819,""priority"":""2"",""node"":""kwok-node-2""},{""name"":""rs-04-p2-xmbhj"",""cpu_m"":634,""mem_b"":661092819,""priority"":""2"",""node"":""kwok-node-16""},{""name"":""rs-05-p3-xhzs6"",""cpu_m"":441,""mem_b"":116042940,""priority"":""3"",""node"":""kwok-node-12""},{""name"":""rs-06-p4-spfzk"",""cpu_m"":681,""mem_b"":418306348,""priority"":""4"",""node"":""kwok-node-20""},{""name"":""rs-07-p3-5qpvz"",""cpu_m"":677,""mem_b"":272405983,""priority"":""3"",""node"":""kwok-node-24""},{""name"":""rs-07-p3-kmvdn"",""cpu_m"":677,""mem_b"":272405983,""priority"":""3"",""node"":""kwok-node-13""},{""name"":""rs-08-p1-fvms2"",""cpu_m"":544,""mem_b"":185993324,""priority"":""1"",""node"":""""},{""name"":""rs-08-p1-ljbd7"",""cpu_m"":544,""mem_b"":185993324,""priority"":""1"",""node"":""""},{""name"":""rs-08-p1-p6tgq"",""cpu_m"":544,""mem_b"":185993324,""priority"":""1"",""node"":""""},{""name"":""rs-09-p2-n6rwt"",""cpu_m"":410,""mem_b"":303558549,""priority"":""2"",""node"":""kwok-node-18""},{""name"":""rs-10-p4-vcg26"",""cpu_m"":762,""mem_b"":846825136,""priority"":""4"",""node"":""kwok-node-17""},{""name"":""rs-11-p2-497ht"",""cpu_m"":104,""mem_b"":888337485,""priority"":""2"",""node"":""kwok-node-27""},{""name"":""rs-11-p2-fcw4r"",""cpu_m"":104,""mem_b"":888337485,""priority"":""2"",""node"":""kwok-node-26""},{""name"":""rs-11-p2-hfdrw"",""cpu_m"":104,""mem_b"":888337485,""priority"":""2"",""node"":""kwok-node-25""},{""name"":""rs-12-p4-qq84s"",""cpu_m"":895,""mem_b"":254264135,""priority"":""4"",""node"":""kwok-node-30""},{""name"":""rs-12-p4-s5xr4"",""cpu_m"":895,""mem_b"":254264135,""priority"":""4"",""node"":""kwok-node-4""},{""name"":""rs-12-p4-tpdmn"",""cpu_m"":895,""mem_b"":254264135,""priority"":""4"",""node"":""kwok-node-31""},{""name"":""rs-13-p4-kgmjw"",""cpu_m"":719,""mem_b"":914244276,""priority"":""4"",""node"":""kwok-node-7""},{""name"":""rs-13-p4-kpnbg"",""cpu_m"":719,""mem_b"":914244276,""priority"":""4"",""node"":""kwok-node-8""},{""name"":""rs-13-p4-krxmt"",""cpu_m"":719,""mem_b"":914244276,""priority"":""4"",""node"":""kwok-node-21""},{""name"":""rs-13-p4-qvjzs"",""cpu_m"":719,""mem_b"":914244276,""priority"":""4"",""node"":""kwok-node-6""},{""name"":""rs-14-p3-hq8gg"",""cpu_m"":849,""mem_b"":721821281,""priority"":""3"",""node"":""kwok-node-32""},{""name"":""rs-14-p3-qkzcj"",""cpu_m"":849,""mem_b"":721821281,""priority"":""3"",""node"":""kwok-node-18""},{""name"":""rs-14-p3-qnvhl"",""cpu_m"":849,""mem_b"":721821281,""priority"":""3"",""node"":""kwok-node-5""},{""name"":""rs-14-p3-v9r6m"",""cpu_m"":849,""mem_b"":721821281,""priority"":""3"",""node"":""kwok-node-9""},{""name"":""rs-15-p4-4tbh4"",""cpu_m"":746,""mem_b"":547680404,""priority"":""4"",""node"":""kwok-node-12""},{""name"":""rs-16-p2-55rwh"",""cpu_m"":705,""mem_b"":672295752,""priority"":""2"",""node"":""kwok-node-29""},{""name"":""rs-16-p2-kq8kl"",""cpu_m"":705,""mem_b"":672295752,""priority"":""2"",""node"":""kwok-node-3""},{""name"":""rs-16-p2-rvnfx"",""cpu_m"":705,""mem_b"":672295752,""priority"":""2"",""node"":""kwok-node-28""},{""name"":""rs-17-p1-447d6"",""cpu_m"":160,""mem_b"":904169816,""priority"":""1"",""node"":""""},{""name"":""rs-18-p3-p6tht"",""cpu_m"":490,""mem_b"":943962548,""priority"":""3"",""node"":""kwok-node-13""},{""name"":""rs-19-p3-tbbvw"",""cpu_m"":422,""mem_b"":155616970,""priority"":""3"",""node"":""kwok-node-11""},{""name"":""rs-20-p4-4q9bs"",""cpu_m"":889,""mem_b"":265591947,""priority"":""4"",""node"":""kwok-node-25""},{""name"":""rs-20-p4-7bz24"",""cpu_m"":889,""mem_b"":265591947,""priority"":""4"",""node"":""kwok-node-27""},{""name"":""rs-21-p3-54jh2"",""cpu_m"":178,""mem_b"":773157964,""priority"":""3"",""node"":""kwok-node-4""},{""name"":""rs-21-p3-5fqzr"",""cpu_m"":178,""mem_b"":773157964,""priority"":""3"",""node"":""kwok-node-31""},{""name"":""rs-21-p3-8x46k"",""cpu_m"":178,""mem_b"":773157964,""priority"":""3"",""node"":""kwok-node-30""},{""name"":""rs-21-p3-psf2f"",""cpu_m"":178,""mem_b"":773157964,""priority"":""3"",""node"":""kwok-node-24""},{""name"":""rs-22-p2-66dv8"",""cpu_m"":153,""mem_b"":771950099,""priority"":""2"",""node"":""kwok-node-19""},{""name"":""rs-22-p2-fv2jb"",""cpu_m"":153,""mem_b"":771950099,""priority"":""2"",""node"":""kwok-node-20""},{""name"":""rs-22-p2-nnfm9"",""cpu_m"":153,""mem_b"":771950099,""priority"":""2"",""node"":""kwok-node-15""},{""name"":""rs-22-p2-wvkkg"",""cpu_m"":153,""mem_b"":771950099,""priority"":""2"",""node"":""kwok-node-1""},{""name"":""rs-23-p4-rkm6h"",""cpu_m"":458,""mem_b"":678378306,""priority"":""4"",""node"":""kwok-node-14""},{""name"":""rs-24-p1-5m4p4"",""cpu_m"":338,""mem_b"":578738512,""priority"":""1"",""node"":""""},{""name"":""rs-24-p1-hhq56"",""cpu_m"":338,""mem_b"":578738512,""priority"":""1"",""node"":""""},{""name"":""rs-24-p1-pns2m"",""cpu_m"":338,""mem_b"":578738512,""priority"":""1"",""node"":""""},{""name"":""rs-24-p1-qvmp2"",""cpu_m"":338,""mem_b"":578738512,""priority"":""1"",""node"":""""},{""name"":""rs-25-p3-g9zrq"",""cpu_m"":404,""mem_b"":322688510,""priority"":""3"",""node"":""kwok-node-17""},{""name"":""rs-25-p3-shd66"",""cpu_m"":404,""mem_b"":322688510,""priority"":""3"",""node"":""kwok-node-10""},{""name"":""rs-26-p2-pzf7n"",""cpu_m"":257,""mem_b"":490771002,""priority"":""2"",""node"":""kwok-node-9""},{""name"":""rs-27-p1-fh9c4"",""cpu_m"":847,""mem_b"":107904870,""priority"":""1"",""node"":""""},{""name"":""rs-28-p4-crkbg"",""cpu_m"":437,""mem_b"":469873016,""priority"":""4"",""node"":""kwok-node-32""},{""name"":""rs-28-p4-fznwf"",""cpu_m"":437,""mem_b"":469873016,""priority"":""4"",""node"":""kwok-node-11""},{""name"":""rs-29-p1-lptf7"",""cpu_m"":446,""mem_b"":270745838,""priority"":""1"",""node"":""""},{""name"":""rs-30-p2-grgsr"",""cpu_m"":499,""mem_b"":829808881,""priority"":""2"",""node"":""kwok-node-8""},{""name"":""rs-30-p2-khdbk"",""cpu_m"":499,""mem_b"":829808881,""priority"":""2"",""node"":""kwok-node-12""},{""name"":""rs-31-p2-zthtl"",""cpu_m"":953,""mem_b"":979739955,""priority"":""2"",""node"":""kwok-node-7""},{""name"":""rs-32-p2-2q9x6"",""cpu_m"":184,""mem_b"":200994054,""priority"":""2"",""node"":""kwok-node-4""},{""name"":""rs-32-p2-9t2sh"",""cpu_m"":184,""mem_b"":200994054,""priority"":""2"",""node"":""kwok-node-30""},{""name"":""rs-32-p2-mx7jf"",""cpu_m"":184,""mem_b"":200994054,""priority"":""2"",""node"":""kwok-node-21""},{""name"":""rs-32-p2-zrbjq"",""cpu_m"":184,""mem_b"":200994054,""priority"":""2"",""node"":""kwok-node-26""},{""name"":""rs-33-p2-298ld"",""cpu_m"":589,""mem_b"":137214997,""priority"":""2"",""node"":""kwok-node-1""},{""name"":""rs-33-p2-hwnrd"",""cpu_m"":589,""mem_b"":137214997,""priority"":""2"",""node"":""kwok-node-28""},{""name"":""rs-34-p1-b4qdh"",""cpu_m"":190,""mem_b"":389781567,""priority"":""1"",""node"":""kwok-node-10""},{""name"":""rs-34-p1-g2mb5"",""cpu_m"":190,""mem_b"":389781567,""priority"":""1"",""node"":""kwok-node-12""},{""name"":""rs-34-p1-h786v"",""cpu_m"":190,""mem_b"":389781567,""priority"":""1"",""node"":""kwok-node-29""},{""name"":""rs-35-p1-s2ntd"",""cpu_m"":558,""mem_b"":262658024,""priority"":""1"",""node"":""""},{""name"":""rs-35-p1-tcs4h"",""cpu_m"":558,""mem_b"":262658024,""priority"":""1"",""node"":""""},{""name"":""rs-36-p3-6bxbw"",""cpu_m"":467,""mem_b"":860823846,""priority"":""3"",""node"":""kwok-node-21""},{""name"":""rs-36-p3-7lr2z"",""cpu_m"":467,""mem_b"":860823846,""priority"":""3"",""node"":""kwok-node-14""},{""name"":""rs-36-p3-8zz5l"",""cpu_m"":467,""mem_b"":860823846,""priority"":""3"",""node"":""kwok-node-18""},{""name"":""rs-36-p3-bg7w9"",""cpu_m"":467,""mem_b"":860823846,""priority"":""3"",""node"":""kwok-node-28""},{""name"":""rs-37-p2-9hpqz"",""cpu_m"":976,""mem_b"":804239077,""priority"":""2"",""node"":""kwok-node-27""},{""name"":""rs-37-p2-nppcc"",""cpu_m"":976,""mem_b"":804239077,""priority"":""2"",""node"":""kwok-node-15""},{""name"":""rs-37-p2-xprjt"",""cpu_m"":976,""mem_b"":804239077,""priority"":""2"",""node"":""kwok-node-19""},{""name"":""rs-37-p2-xspvl"",""cpu_m"":976,""mem_b"":804239077,""priority"":""2"",""node"":""kwok-node-25""},{""name"":""rs-38-p2-d6pvs"",""cpu_m"":277,""mem_b"":830808305,""priority"":""2"",""node"":""kwok-node-11""},{""name"":""rs-39-p3-jhhlg"",""cpu_m"":345,""mem_b"":470647757,""priority"":""3"",""node"":""kwok-node-6""},{""name"":""rs-39-p3-xnhtb"",""cpu_m"":345,""mem_b"":470647757,""priority"":""3"",""node"":""kwok-node-20""},{""name"":""rs-40-p4-7m9bw"",""cpu_m"":790,""mem_b"":207695553,""priority"":""4"",""node"":""kwok-node-2""},{""name"":""rs-40-p4-jzxvs"",""cpu_m"":790,""mem_b"":207695553,""priority"":""4"",""node"":""kwok-node-23""},{""name"":""rs-40-p4-szlds"",""cpu_m"":790,""mem_b"":207695553,""priority"":""4"",""node"":""kwok-node-16""},{""name"":""rs-40-p4-zwp6t"",""cpu_m"":790,""mem_b"":207695553,""priority"":""4"",""node"":""kwok-node-9""},{""name"":""rs-41-p4-5jlng"",""cpu_m"":520,""mem_b"":996334816,""priority"":""4"",""node"":""kwok-node-22""},{""name"":""rs-41-p4-bmhnt"",""cpu_m"":520,""mem_b"":996334816,""priority"":""4"",""node"":""kwok-node-23""},{""name"":""rs-41-p4-dt9j7"",""cpu_m"":520,""mem_b"":996334816,""priority"":""4"",""node"":""kwok-node-2""},{""name"":""rs-41-p4-rmp2z"",""cpu_m"":520,""mem_b"":996334816,""priority"":""4"",""node"":""kwok-node-16""},{""name"":""rs-42-p4-8wmsh"",""cpu_m"":846,""mem_b"":521881675,""priority"":""4"",""node"":""kwok-node-11""},{""name"":""rs-42-p4-ldphr"",""cpu_m"":846,""mem_b"":521881675,""priority"":""4"",""node"":""kwok-node-13""},{""name"":""rs-42-p4-wdhzj"",""cpu_m"":846,""mem_b"":521881675,""priority"":""4"",""node"":""kwok-node-26""},{""name"":""rs-43-p2-cfxmf"",""cpu_m"":403,""mem_b"":793311463,""priority"":""2"",""node"":""kwok-node-4""},{""name"":""rs-43-p2-kjf8j"",""cpu_m"":403,""mem_b"":793311463,""priority"":""2"",""node"":""kwok-node-32""},{""name"":""rs-43-p2-msfxf"",""cpu_m"":403,""mem_b"":793311463,""priority"":""2"",""node"":""kwok-node-10""},{""name"":""rs-43-p2-r8g4n"",""cpu_m"":403,""mem_b"":793311463,""priority"":""2"",""node"":""kwok-node-30""},{""name"":""rs-44-p4-2k6mh"",""cpu_m"":850,""mem_b"":304052528,""priority"":""4"",""node"":""kwok-node-26""},{""name"":""rs-44-p4-qpzwm"",""cpu_m"":850,""mem_b"":304052528,""priority"":""4"",""node"":""kwok-node-20""},{""name"":""rs-45-p1-ds68t"",""cpu_m"":362,""mem_b"":191064415,""priority"":""1"",""node"":""kwok-node-3""},{""name"":""rs-45-p1-mcqgn"",""cpu_m"":362,""mem_b"":191064415,""priority"":""1"",""node"":""""},{""name"":""rs-45-p1-xtqn5"",""cpu_m"":362,""mem_b"":191064415,""priority"":""1"",""node"":""kwok-node-31""},{""name"":""rs-46-p1-l5bbq"",""cpu_m"":427,""mem_b"":637586373,""priority"":""1"",""node"":""""},{""name"":""rs-47-p1-cqbtr"",""cpu_m"":914,""mem_b"":502668730,""priority"":""1"",""node"":""""},{""name"":""rs-48-p2-5sl4d"",""cpu_m"":121,""mem_b"":445658421,""priority"":""2"",""node"":""kwok-node-9""},{""name"":""rs-48-p2-bcztf"",""cpu_m"":121,""mem_b"":445658421,""priority"":""2"",""node"":""kwok-node-29""},{""name"":""rs-48-p2-mjg5w"",""cpu_m"":121,""mem_b"":445658421,""priority"":""2"",""node"":""kwok-node-1""},{""name"":""rs-48-p2-tqpmx"",""cpu_m"":121,""mem_b"":445658421,""priority"":""2"",""node"":""kwok-node-24""},{""name"":""rs-49-p2-6m5x7"",""cpu_m"":570,""mem_b"":809580852,""priority"":""2"",""node"":""kwok-node-31""},{""name"":""rs-49-p2-gmm82"",""cpu_m"":570,""mem_b"":809580852,""priority"":""2"",""node"":""kwok-node-5""},{""name"":""rs-49-p2-m5x6l"",""cpu_m"":570,""mem_b"":809580852,""priority"":""2"",""node"":""kwok-node-17""},{""name"":""rs-49-p2-pw5mf"",""cpu_m"":570,""mem_b"":809580852,""priority"":""2"",""node"":""kwok-node-22""},{""name"":""rs-50-p2-6w4qj"",""cpu_m"":987,""mem_b"":135428256,""priority"":""2"",""node"":""kwok-node-24""},{""name"":""rs-50-p2-ncfsx"",""cpu_m"":987,""mem_b"":135428256,""priority"":""2"",""node"":""kwok-node-10""},{""name"":""rs-50-p2-thxdp"",""cpu_m"":987,""mem_b"":135428256,""priority"":""2"",""node"":""kwok-node-29""},{""name"":""rs-51-p1-jtlz4"",""cpu_m"":459,""mem_b"":416157179,""priority"":""1"",""node"":""""},{""name"":""rs-51-p1-xp5zn"",""cpu_m"":459,""mem_b"":416157179,""priority"":""1"",""node"":""kwok-node-5""},{""name"":""rs-52-p1-422d2"",""cpu_m"":474,""mem_b"":262994615,""priority"":""1"",""node"":""""},{""name"":""rs-52-p1-dfvpq"",""cpu_m"":474,""mem_b"":262994615,""priority"":""1"",""node"":""kwok-node-8""},{""name"":""rs-52-p1-qxvbb"",""cpu_m"":474,""mem_b"":262994615,""priority"":""1"",""node"":""""},{""name"":""rs-52-p1-sxdtt"",""cpu_m"":474,""mem_b"":262994615,""priority"":""1"",""node"":""kwok-node-1""},{""name"":""rs-53-p3-64z52"",""cpu_m"":905,""mem_b"":532776056,""priority"":""3"",""node"":""kwok-node-3""},{""name"":""rs-53-p3-mkjzv"",""cpu_m"":905,""mem_b"":532776056,""priority"":""3"",""node"":""kwok-node-6""}]","[{""name"":""rs-01-p1-6rxtj"",""cpu_m"":273,""mem_b"":748342415,""priority"":""1"",""node"":""kwok-node-11""},{""name"":""rs-01-p1-g2z8b"",""cpu_m"":273,""mem_b"":748342415,""priority"":""1"",""node"":""kwok-node-10""},{""name"":""rs-02-p4-d6bxd"",""cpu_m"":622,""mem_b"":407235650,""priority"":""4"",""node"":""kwok-node-1""},{""name"":""rs-02-p4-k74s7"",""cpu_m"":622,""mem_b"":407235650,""priority"":""4"",""node"":""kwok-node-15""},{""name"":""rs-02-p4-ktmjh"",""cpu_m"":622,""mem_b"":407235650,""priority"":""4"",""node"":""kwok-node-14""},{""name"":""rs-02-p4-z4zvm"",""cpu_m"":622,""mem_b"":407235650,""priority"":""4"",""node"":""kwok-node-19""},{""name"":""rs-03-p4-cwplv"",""cpu_m"":638,""mem_b"":173708955,""priority"":""4"",""node"":""kwok-node-22""},{""name"":""rs-04-p2-56w2l"",""cpu_m"":634,""mem_b"":661092819,""priority"":""2"",""node"":""kwok-node-23""},{""name"":""rs-04-p2-wqt9v"",""cpu_m"":634,""mem_b"":661092819,""priority"":""2"",""node"":""kwok-node-2""},{""name"":""rs-04-p2-xmbhj"",""cpu_m"":634,""mem_b"":661092819,""priority"":""2"",""node"":""kwok-node-16""},{""name"":""rs-05-p3-xhzs6"",""cpu_m"":441,""mem_b"":116042940,""priority"":""3"",""node"":""kwok-node-12""},{""name"":""rs-06-p4-spfzk"",""cpu_m"":681,""mem_b"":418306348,""priority"":""4"",""node"":""kwok-node-20""},{""name"":""rs-07-p3-5qpvz"",""cpu_m"":677,""mem_b"":272405983,""priority"":""3"",""node"":""kwok-node-24""},{""name"":""rs-07-p3-kmvdn"",""cpu_m"":677,""mem_b"":272405983,""priority"":""3"",""node"":""kwok-node-13""},{""name"":""rs-08-p1-5gj6k"",""cpu_m"":544,""mem_b"":185993324,""priority"":""1"",""node"":""kwok-node-29""},{""name"":""rs-08-p1-l5lq9"",""cpu_m"":544,""mem_b"":185993324,""priority"":""1"",""node"":""kwok-node-28""},{""name"":""rs-08-p1-vzlkc"",""cpu_m"":544,""mem_b"":185993324,""priority"":""1"",""node"":""kwok-node-3""},{""name"":""rs-09-p2-n6rwt"",""cpu_m"":410,""mem_b"":303558549,""priority"":""2"",""node"":""kwok-node-18""},{""name"":""rs-10-p4-vcg26"",""cpu_m"":762,""mem_b"":846825136,""priority"":""4"",""node"":""kwok-node-17""},{""name"":""rs-11-p2-497ht"",""cpu_m"":104,""mem_b"":888337485,""priority"":""2"",""node"":""kwok-node-27""},{""name"":""rs-11-p2-fcw4r"",""cpu_m"":104,""mem_b"":888337485,""priority"":""2"",""node"":""kwok-node-26""},{""name"":""rs-11-p2-hfdrw"",""cpu_m"":104,""mem_b"":888337485,""priority"":""2"",""node"":""kwok-node-25""},{""name"":""rs-12-p4-qq84s"",""cpu_m"":895,""mem_b"":254264135,""priority"":""4"",""node"":""kwok-node-30""},{""name"":""rs-12-p4-s5xr4"",""cpu_m"":895,""mem_b"":254264135,""priority"":""4"",""node"":""kwok-node-4""},{""name"":""rs-12-p4-tpdmn"",""cpu_m"":895,""mem_b"":254264135,""priority"":""4"",""node"":""kwok-node-31""},{""name"":""rs-13-p4-kgmjw"",""cpu_m"":719,""mem_b"":914244276,""priority"":""4"",""node"":""kwok-node-7""},{""name"":""rs-13-p4-kpnbg"",""cpu_m"":719,""mem_b"":914244276,""priority"":""4"",""node"":""kwok-node-8""},{""name"":""rs-13-p4-krxmt"",""cpu_m"":719,""mem_b"":914244276,""priority"":""4"",""node"":""kwok-node-21""},{""name"":""rs-13-p4-qvjzs"",""cpu_m"":719,""mem_b"":914244276,""priority"":""4"",""node"":""kwok-node-6""},{""name"":""rs-14-p3-hq8gg"",""cpu_m"":849,""mem_b"":721821281,""priority"":""3"",""node"":""kwok-node-32""},{""name"":""rs-14-p3-qkzcj"",""cpu_m"":849,""mem_b"":721821281,""priority"":""3"",""node"":""kwok-node-18""},{""name"":""rs-14-p3-qnvhl"",""cpu_m"":849,""mem_b"":721821281,""priority"":""3"",""node"":""kwok-node-5""},{""name"":""rs-14-p3-v9r6m"",""cpu_m"":849,""mem_b"":721821281,""priority"":""3"",""node"":""kwok-node-9""},{""name"":""rs-15-p4-4tbh4"",""cpu_m"":746,""mem_b"":547680404,""priority"":""4"",""node"":""kwok-node-12""},{""name"":""rs-16-p2-55rwh"",""cpu_m"":705,""mem_b"":672295752,""priority"":""2"",""node"":""kwok-node-29""},{""name"":""rs-16-p2-kq8kl"",""cpu_m"":705,""mem_b"":672295752,""priority"":""2"",""node"":""kwok-node-3""},{""name"":""rs-16-p2-rvnfx"",""cpu_m"":705,""mem_b"":672295752,""priority"":""2"",""node"":""kwok-node-28""},{""name"":""rs-17-p1-z6p6t"",""cpu_m"":160,""mem_b"":904169816,""priority"":""1"",""node"":""kwok-node-22""},{""name"":""rs-18-p3-p6tht"",""cpu_m"":490,""mem_b"":943962548,""priority"":""3"",""node"":""kwok-node-13""},{""name"":""rs-19-p3-tbbvw"",""cpu_m"":422,""mem_b"":155616970,""priority"":""3"",""node"":""kwok-node-11""},{""name"":""rs-20-p4-4q9bs"",""cpu_m"":889,""mem_b"":265591947,""priority"":""4"",""node"":""kwok-node-25""},{""name"":""rs-20-p4-7bz24"",""cpu_m"":889,""mem_b"":265591947,""priority"":""4"",""node"":""kwok-node-27""},{""name"":""rs-21-p3-54jh2"",""cpu_m"":178,""mem_b"":773157964,""priority"":""3"",""node"":""kwok-node-4""},{""name"":""rs-21-p3-5fqzr"",""cpu_m"":178,""mem_b"":773157964,""priority"":""3"",""node"":""kwok-node-31""},{""name"":""rs-21-p3-8x46k"",""cpu_m"":178,""mem_b"":773157964,""priority"":""3"",""node"":""kwok-node-30""},{""name"":""rs-21-p3-psf2f"",""cpu_m"":178,""mem_b"":773157964,""priority"":""3"",""node"":""kwok-node-24""},{""name"":""rs-22-p2-66dv8"",""cpu_m"":153,""mem_b"":771950099,""priority"":""2"",""node"":""kwok-node-19""},{""name"":""rs-22-p2-fv2jb"",""cpu_m"":153,""mem_b"":771950099,""priority"":""2"",""node"":""kwok-node-20""},{""name"":""rs-22-p2-nnfm9"",""cpu_m"":153,""mem_b"":771950099,""priority"":""2"",""node"":""kwok-node-15""},{""name"":""rs-22-p2-wvkkg"",""cpu_m"":153,""mem_b"":771950099,""priority"":""2"",""node"":""kwok-node-1""},{""name"":""rs-23-p4-rkm6h"",""cpu_m"":458,""mem_b"":678378306,""priority"":""4"",""node"":""kwok-node-14""},{""name"":""rs-24-p1-bfphf"",""cpu_m"":338,""mem_b"":578738512,""priority"":""1"",""node"":""kwok-node-23""},{""name"":""rs-24-p1-clblw"",""cpu_m"":338,""mem_b"":578738512,""priority"":""1"",""node"":""kwok-node-2""},{""name"":""rs-24-p1-tmjq9"",""cpu_m"":338,""mem_b"":578738512,""priority"":""1"",""node"":""kwok-node-16""},{""name"":""rs-24-p1-wjzvh"",""cpu_m"":338,""mem_b"":578738512,""priority"":""1"",""node"":""kwok-node-5""},{""name"":""rs-25-p3-g9zrq"",""cpu_m"":404,""mem_b"":322688510,""priority"":""3"",""node"":""kwok-node-17""},{""name"":""rs-25-p3-shd66"",""cpu_m"":404,""mem_b"":322688510,""priority"":""3"",""node"":""kwok-node-10""},{""name"":""rs-26-p2-pzf7n"",""cpu_m"":257,""mem_b"":490771002,""priority"":""2"",""node"":""kwok-node-9""},{""name"":""rs-27-p1-mht5n"",""cpu_m"":847,""mem_b"":107904870,""priority"":""1"",""node"":""kwok-node-26""},{""name"":""rs-28-p4-crkbg"",""cpu_m"":437,""mem_b"":469873016,""priority"":""4"",""node"":""kwok-node-32""},{""name"":""rs-28-p4-fznwf"",""cpu_m"":437,""mem_b"":469873016,""priority"":""4"",""node"":""kwok-node-11""},{""name"":""rs-29-p1-gc4ff"",""cpu_m"":446,""mem_b"":270745838,""priority"":""1"",""node"":""kwok-node-6""},{""name"":""rs-30-p2-grgsr"",""cpu_m"":499,""mem_b"":829808881,""priority"":""2"",""node"":""kwok-node-8""},{""name"":""rs-30-p2-khdbk"",""cpu_m"":499,""mem_b"":829808881,""priority"":""2"",""node"":""kwok-node-12""},{""name"":""rs-31-p2-zthtl"",""cpu_m"":953,""mem_b"":979739955,""priority"":""2"",""node"":""kwok-node-7""},{""name"":""rs-32-p2-2q9x6"",""cpu_m"":184,""mem_b"":200994054,""priority"":""2"",""node"":""kwok-node-4""},{""name"":""rs-32-p2-9t2sh"",""cpu_m"":184,""mem_b"":200994054,""priority"":""2"",""node"":""kwok-node-30""},{""name"":""rs-32-p2-mx7jf"",""cpu_m"":184,""mem_b"":200994054,""priority"":""2"",""node"":""kwok-node-21""},{""name"":""rs-32-p2-zrbjq"",""cpu_m"":184,""mem_b"":200994054,""priority"":""2"",""node"":""kwok-node-26""},{""name"":""rs-33-p2-298ld"",""cpu_m"":589,""mem_b"":137214997,""priority"":""2"",""node"":""kwok-node-1""},{""name"":""rs-33-p2-jw7jn"",""cpu_m"":589,""mem_b"":137214997,""priority"":""2"",""node"":""kwok-node-10""},{""name"":""rs-34-p1-c5mzc"",""cpu_m"":190,""mem_b"":389781567,""priority"":""1"",""node"":""kwok-node-31""},{""name"":""rs-34-p1-h786v"",""cpu_m"":190,""mem_b"":389781567,""priority"":""1"",""node"":""kwok-node-29""},{""name"":""rs-34-p1-krggr"",""cpu_m"":190,""mem_b"":389781567,""priority"":""1"",""node"":""kwok-node-3""},{""name"":""rs-35-p1-j9wvd"",""cpu_m"":558,""mem_b"":262658024,""priority"":""1"",""node"":""kwok-node-22""},{""name"":""rs-35-p1-w2c56"",""cpu_m"":558,""mem_b"":262658024,""priority"":""1"",""node"":""kwok-node-24""},{""name"":""rs-36-p3-6bxbw"",""cpu_m"":467,""mem_b"":860823846,""priority"":""3"",""node"":""kwok-node-21""},{""name"":""rs-36-p3-7lr2z"",""cpu_m"":467,""mem_b"":860823846,""priority"":""3"",""node"":""kwok-node-14""},{""name"":""rs-36-p3-8zz5l"",""cpu_m"":467,""mem_b"":860823846,""priority"":""3"",""node"":""kwok-node-18""},{""name"":""rs-36-p3-bg7w9"",""cpu_m"":467,""mem_b"":860823846,""priority"":""3"",""node"":""kwok-node-28""},{""name"":""rs-37-p2-9hpqz"",""cpu_m"":976,""mem_b"":804239077,""priority"":""2"",""node"":""kwok-node-27""},{""name"":""rs-37-p2-nppcc"",""cpu_m"":976,""mem_b"":804239077,""priority"":""2"",""node"":""kwok-node-15""},{""name"":""rs-37-p2-xprjt"",""cpu_m"":976,""mem_b"":804239077,""priority"":""2"",""node"":""kwok-node-19""},{""name"":""rs-37-p2-xspvl"",""cpu_m"":976,""mem_b"":804239077,""priority"":""2"",""node"":""kwok-node-25""},{""name"":""rs-38-p2-qqs74"",""cpu_m"":277,""mem_b"":830808305,""priority"":""2"",""node"":""kwok-node-17""},{""name"":""rs-39-p3-jhhlg"",""cpu_m"":345,""mem_b"":470647757,""priority"":""3"",""node"":""kwok-node-6""},{""name"":""rs-39-p3-xnhtb"",""cpu_m"":345,""mem_b"":470647757,""priority"":""3"",""node"":""kwok-node-20""},{""name"":""rs-40-p4-7m9bw"",""cpu_m"":790,""mem_b"":207695553,""priority"":""4"",""node"":""kwok-node-2""},{""name"":""rs-40-p4-jzxvs"",""cpu_m"":790,""mem_b"":207695553,""priority"":""4"",""node"":""kwok-node-23""},{""name"":""rs-40-p4-szlds"",""cpu_m"":790,""mem_b"":207695553,""priority"":""4"",""node"":""kwok-node-16""},{""name"":""rs-40-p4-zwp6t"",""cpu_m"":790,""mem_b"":207695553,""priority"":""4"",""node"":""kwok-node-9""},{""name"":""rs-41-p4-5jlng"",""cpu_m"":520,""mem_b"":996334816,""priority"":""4"",""node"":""""},{""name"":""rs-41-p4-bmhnt"",""cpu_m"":520,""mem_b"":996334816,""priority"":""4"",""node"":""""},{""name"":""rs-41-p4-dt9j7"",""cpu_m"":520,""mem_b"":996334816,""priority"":""4"",""node"":""""},{""name"":""rs-41-p4-rmp2z"",""cpu_m"":520,""mem_b"":996334816,""priority"":""4"",""node"":""""},{""name"":""rs-42-p4-8wmsh"",""cpu_m"":846,""mem_b"":521881675,""priority"":""4"",""node"":""kwok-node-11""},{""name"":""rs-42-p4-ldphr"",""cpu_m"":846,""mem_b"":521881675,""priority"":""4"",""node"":""kwok-node-13""},{""name"":""rs-42-p4-wdhzj"",""cpu_m"":846,""mem_b"":521881675,""priority"":""4"",""node"":""kwok-node-26""},{""name"":""rs-43-p2-cfxmf"",""cpu_m"":403,""mem_b"":793311463,""priority"":""2"",""node"":""kwok-node-4""},{""name"":""rs-43-p2-kjf8j"",""cpu_m"":403,""mem_b"":793311463,""priority"":""2"",""node"":""kwok-node-32""},{""name"":""rs-43-p2-msfxf"",""cpu_m"":403,""mem_b"":793311463,""priority"":""2"",""node"":""kwok-node-10""},{""name"":""rs-43-p2-r8g4n"",""cpu_m"":403,""mem_b"":793311463,""priority"":""2"",""node"":""kwok-node-30""},{""name"":""rs-44-p4-2k6mh"",""cpu_m"":850,""mem_b"":304052528,""priority"":""4"",""node"":""""},{""name"":""rs-44-p4-qpzwm"",""cpu_m"":850,""mem_b"":304052528,""priority"":""4"",""node"":""kwok-node-20""},{""name"":""rs-45-p1-dlb9p"",""cpu_m"":362,""mem_b"":191064415,""priority"":""1"",""node"":""kwok-node-22""},{""name"":""rs-45-p1-hx27h"",""cpu_m"":362,""mem_b"":191064415,""priority"":""1"",""node"":""kwok-node-5""},{""name"":""rs-45-p1-xtqn5"",""cpu_m"":362,""mem_b"":191064415,""priority"":""1"",""node"":""kwok-node-31""},{""name"":""rs-46-p1-5rprt"",""cpu_m"":427,""mem_b"":637586373,""priority"":""1"",""node"":""kwok-node-3""},{""name"":""rs-47-p1-cqbtr"",""cpu_m"":914,""mem_b"":502668730,""priority"":""1"",""node"":""""},{""name"":""rs-48-p2-bcztf"",""cpu_m"":121,""mem_b"":445658421,""priority"":""2"",""node"":""kwok-node-29""},{""name"":""rs-48-p2-mjg5w"",""cpu_m"":121,""mem_b"":445658421,""priority"":""2"",""node"":""kwok-node-1""},{""name"":""rs-48-p2-mrqgk"",""cpu_m"":121,""mem_b"":445658421,""priority"":""2"",""node"":""kwok-node-16""},{""name"":""rs-48-p2-tqpmx"",""cpu_m"":121,""mem_b"":445658421,""priority"":""2"",""node"":""kwok-node-24""},{""name"":""rs-49-p2-6m5x7"",""cpu_m"":570,""mem_b"":809580852,""priority"":""2"",""node"":""""},{""name"":""rs-49-p2-gmm82"",""cpu_m"":570,""mem_b"":809580852,""priority"":""2"",""node"":""""},{""name"":""rs-49-p2-m5x6l"",""cpu_m"":570,""mem_b"":809580852,""priority"":""2"",""node"":""""},{""name"":""rs-49-p2-pw5mf"",""cpu_m"":570,""mem_b"":809580852,""priority"":""2"",""node"":""""},{""name"":""rs-50-p2-6w4qj"",""cpu_m"":987,""mem_b"":135428256,""priority"":""2"",""node"":""""},{""name"":""rs-50-p2-ncfsx"",""cpu_m"":987,""mem_b"":135428256,""priority"":""2"",""node"":""""},{""name"":""rs-50-p2-thxdp"",""cpu_m"":987,""mem_b"":135428256,""priority"":""2"",""node"":""""},{""name"":""rs-51-p1-jtlz4"",""cpu_m"":459,""mem_b"":416157179,""priority"":""1"",""node"":""""},{""name"":""rs-51-p1-xp5zn"",""cpu_m"":459,""mem_b"":416157179,""priority"":""1"",""node"":""kwok-node-5""},{""name"":""rs-52-p1-bmdtq"",""cpu_m"":474,""mem_b"":262994615,""priority"":""1"",""node"":""kwok-node-24""},{""name"":""rs-52-p1-dfvpq"",""cpu_m"":474,""mem_b"":262994615,""priority"":""1"",""node"":""kwok-node-8""},{""name"":""rs-52-p1-nsn68"",""cpu_m"":474,""mem_b"":262994615,""priority"":""1"",""node"":""kwok-node-6""},{""name"":""rs-52-p1-sxdtt"",""cpu_m"":474,""mem_b"":262994615,""priority"":""1"",""node"":""kwok-node-1""},{""name"":""rs-53-p3-64z52"",""cpu_m"":905,""mem_b"":532776056,""priority"":""3"",""node"":""""},{""name"":""rs-53-p3-mkjzv"",""cpu_m"":905,""mem_b"":532776056,""priority"":""3"",""node"":""""}]","[{""name"":""kwok-node-1"",""cap_cpu_m"":2035,""cap_mem_bytes"":2049656245},{""name"":""kwok-node-2"",""cap_cpu_m"":2035,""cap_mem_bytes"":2049656245},{""name"":""kwok-node-3"",""cap_cpu_m"":2035,""cap_mem_bytes"":2049656245},{""name"":""kwok-node-4"",""cap_cpu_m"":2035,""cap_mem_bytes"":2049656245},{""name"":""kwok-node-5"",""cap_cpu_m"":2035,""cap_mem_bytes"":2049656245},{""name"":""kwok-node-6"",""cap_cpu_m"":2035,""cap_mem_bytes"":2049656245},{""name"":""kwok-node-7"",""cap_cpu_m"":2035,""cap_mem_bytes"":2049656245},{""name"":""kwok-node-8"",""cap_cpu_m"":2035,""cap_mem_bytes"":2049656245},{""name"":""kwok-node-9"",""cap_cpu_m"":2035,""cap_mem_bytes"":2049656245},{""name"":""kwok-node-10"",""cap_cpu_m"":2035,""cap_mem_bytes"":2049656245},{""name"":""kwok-node-11"",""cap_cpu_m"":2035,""cap_mem_bytes"":2049656245},{""name"":""kwok-node-12"",""cap_cpu_m"":2035,""cap_mem_bytes"":2049656245},{""name"":""kwok-node-13"",""cap_cpu_m"":2035,""cap_mem_bytes"":2049656245},{""name"":""kwok-node-14"",""cap_cpu_m"":2035,""cap_mem_bytes"":2049656245},{""name"":""kwok-node-15"",""cap_cpu_m"":2035,""cap_mem_bytes"":2049656245},{""name"":""kwok-node-16"",""cap_cpu_m"":2035,""cap_mem_bytes"":2049656245},{""name"":""kwok-node-17"",""cap_cpu_m"":2035,""cap_mem_bytes"":2049656245},{""name"":""kwok-node-18"",""cap_cpu_m"":2035,""cap_mem_bytes"":2049656245},{""name"":""kwok-node-19"",""cap_cpu_m"":2035,""cap_mem_bytes"":2049656245},{""name"":""kwok-node-20"",""cap_cpu_m"":2035,""cap_mem_bytes"":2049656245},{""name"":""kwok-node-21"",""cap_cpu_m"":2035,""cap_mem_bytes"":2049656245},{""name"":""kwok-node-22"",""cap_cpu_m"":2035,""cap_mem_bytes"":2049656245},{""name"":""kwok-node-23"",""cap_cpu_m"":2035,""cap_mem_bytes"":2049656245},{""name"":""kwok-node-24"",""cap_cpu_m"":2035,""cap_mem_bytes"":2049656245},{""name"":""kwok-node-25"",""cap_cpu_m"":2035,""cap_mem_bytes"":2049656245},{""name"":""kwok-node-26"",""cap_cpu_m"":2035,""cap_mem_bytes"":2049656245},{""name"":""kwok-node-27"",""cap_cpu_m"":2035,""cap_mem_bytes"":2049656245},{""name"":""kwok-node-28"",""cap_cpu_m"":2035,""cap_mem_bytes"":2049656245},{""name"":""kwok-node-29"",""cap_cpu_m"":2035,""cap_mem_bytes"":2049656245},{""name"":""kwok-node-30"",""cap_cpu_m"":2035,""cap_mem_bytes"":2049656245},{""name"":""kwok-node-31"",""cap_cpu_m"":2035,""cap_mem_bytes"":2049656245},{""name"":""kwok-node-32"",""cap_cpu_m"":2035,""cap_mem_bytes"":2049656245}]"
2026/02/11/12:07:31,2027745333831851761,no improving solution from any solver,"{""evicted"":0,""moved"":0,""placed_by_priority"":{""1"":26,""2"":34,""3"":20,""4"":26}}",,,,,"[{""duration_ms"":962,""name"":""python"",""score"":{""evicted"":0,""moved"":0,""placed_by_priority"":null},""status"":""FAILED""}]",0.843,0.843,0.818,0.818,59246,59246,56728751275,56728751275,106,106,22,22,"{""kwok-node-1"":3,""kwok-node-10"":3,""kwok-node-11"":3,""kwok-node-12"":2,""kwok-node-13"":5,""kwok-node-14"":3,""kwok-node-15"":3,""kwok-node-16"":3,""kwok-node-17"":4,""kwok-node-18"":4,""kwok-node-19"":4,""kwok-node-2"":3,""kwok-node-20"":4,""kwok-node-21"":3,""kwok-node-22"":3,""kwok-node-23"":3,""kwok-node-24"":4,""kwok-node-25"":4,""kwok-node-26"":3,""kwok-node-27"":3,""kwok-node-28"":3,""kwok-node-29"":4,""kwok-node-3"":4,""kwok-node-30"":4,""kwok-node-31"":3,""kwok-node-32"":3,""kwok-node-4"":3,""kwok-node-5"":3,""kwok-node-6"":3,""kwok-node-7"":2,""kwok-node-8"":3,""kwok-node-9"":4}","{""kwok-node-1"":3,""kwok-node-10"":3,""kwok-node-11"":3,""kwok-node-12"":2,""kwok-node-13"":5,""kwok-node-14"":3,""kwok-node-15"":3,""kwok-node-16"":3,""kwok-node-17"":4,""kwok-node-18"":4,""kwok-node-19"":4,""kwok-node-2"":3,""kwok-node-20"":4,""kwok-node-21"":3,""kwok-node-22"":3,""kwok-node-23"":3,""kwok-node-24"":4,""kwok-node-25"":4,""kwok-node-26"":3,""kwok-node-27"":3,""kwok-node-28"":3,""kwok-node-29"":4,""kwok-node-3"":4,""kwok-node-30"":4,""kwok-node-31"":3,""kwok-node-32"":3,""kwok-node-4"":3,""kwok-node-5"":3,""kwok-node-6"":3,""kwok-node-7"":2,""kwok-node-8"":3,""kwok-node-9"":4}","{""p1"":26,""p2"":34,""p3"":20,""p4"":26}","{""p1"":26,""p2"":34,""p3"":20,""p4"":26}","{""p1"":1,""p2"":11,""p3"":2,""p4"":8}","{""p1"":1,""p2"":11,""p3"":2,""p4"":8}","{rs-42-p3-g4d5z,rs-42-p3-pkkgc,rs-43-p2-4cl4d,rs-44-p4-7mdwx,rs-44-p4-rhvmg,rs-44-p4-xqwxf,rs-46-p4-jn2gd,rs-46-p4-n8g9l,rs-47-p2-qsg2x,rs-47-p2-zc9jw,rs-47-p2-zqp4v,rs-48-p1-c2wnx,rs-49-p2-2wh2j,rs-49-p2-m4ltb,rs-49-p2-np6jk,rs-50-p4-8ntw8,rs-50-p4-jx5h7,rs-50-p4-w6wrv,rs-51-p2-gf2sw,rs-52-p2-ndfwj,rs-53-p2-5m57w,rs-53-p2-8bbv4}","{rs-42-p3-g4d5z,rs-42-p3-pkkgc,rs-43-p2-4cl4d,rs-44-p4-7mdwx,rs-44-p4-rhvmg,rs-44-p4-xqwxf,rs-46-p4-jn2gd,rs-46-p4-n8g9l,rs-47-p2-qsg2x,rs-47-p2-zc9jw,rs-47-p2-zqp4v,rs-48-p1-c2wnx,rs-49-p2-2wh2j,rs-49-p2-m4ltb,rs-49-p2-np6jk,rs-50-p4-8ntw8,rs-50-p4-jx5h7,rs-50-p4-w6wrv,rs-51-p2-gf2sw,rs-52-p2-ndfwj,rs-53-p2-5m57w,rs-53-p2-8bbv4}","{rs-01-p3-9kwlq,rs-01-p3-9r9bm,rs-01-p3-clqc6,rs-02-p2-9c4nr,rs-02-p2-n7s74,rs-02-p2-sfm9v,rs-03-p1-t2nq4,rs-04-p2-wn5p7,rs-05-p1-2q7qm,rs-05-p1-pg9zc,rs-06-p2-8s5kw,rs-06-p2-twflr,rs-07-p1-n2gsr,rs-07-p1-rjjnz,rs-07-p1-tvx29,rs-08-p1-9kcht,rs-08-p1-bm7wx,rs-08-p1-dwrtq,rs-09-p1-fg796,rs-09-p1-h4kcx,rs-09-p1-ttwtq,rs-10-p4-cw485,rs-10-p4-s2n5f,rs-11-p3-jd5hx,rs-11-p3-rc7zd,rs-11-p3-vp4hg,rs-12-p3-4pmdt,rs-12-p3-tnw9x,rs-12-p3-x69gw,rs-13-p4-gsnng,rs-13-p4-m2gt8,rs-14-p3-44hkl,rs-15-p4-lj86d,rs-16-p1-cfmhn,rs-16-p1-qgxhl,rs-17-p4-9fkxr,rs-17-p4-rqlk6,rs-17-p4-tv8dk,rs-18-p4-4cwkv,rs-18-p4-jxlss,rs-18-p4-klvht,rs-19-p4-8mbgc,rs-19-p4-9v2hq,rs-20-p4-gdvpm,rs-21-p2-7tg92,rs-21-p2-xnmvx,rs-22-p3-l7xpq,rs-22-p3-xqllp,rs-23-p3-lgqxx,rs-23-p3-qz9kr,rs-23-p3-zgmj2,rs-24-p2-8bgg2,rs-24-p2-c62gx,rs-24-p2-gkp24,rs-24-p2-r6kz6,rs-25-p2-7hjk6,rs-25-p2-gbk2k,rs-25-p2-qh62c,rs-25-p2-sgxj9,rs-26-p2-hnqvg,rs-26-p2-xh6wn,rs-27-p4-4gvk2,rs-27-p4-5x5km,rs-27-p4-xwqgs,rs-28-p4-9v5mt,rs-29-p1-8j5hg,rs-29-p1-c5khq,rs-30-p1-clzhr,rs-30-p1-llq5n,rs-30-p1-swpvd,rs-30-p1-wsm5h,rs-31-p2-dntx8,rs-31-p2-mjx6m,rs-31-p2-mqrgg,rs-32-p2-ftmb6,rs-32-p2-k4xkh,rs-32-p2-mqbs5,rs-33-p1-c8hmj,rs-34-p1-g4lbm,rs-34-p1-k5qwq,rs-34-p1-tw8p6,rs-34-p1-x9t7s,rs-35-p4-qp2h8,rs-35-p4-wnzvf,rs-36-p3-gprnq,rs-36-p3-nkvqk,rs-37-p2-nhp7h,rs-37-p2-x72qr,rs-38-p4-zgrql,rs-39-p3-854j8,rs-39-p3-8gw7m,rs-39-p3-j8nqd,rs-40-p2-97tvd,rs-40-p2-ktwcc,rs-40-p2-lqhq6,rs-40-p2-t8bbg,rs-41-p4-kh4vq,rs-41-p4-lqh2m,rs-41-p4-vb5z6,rs-43-p2-7s6tn,rs-43-p2-95c6h,rs-43-p2-jjh6q,rs-44-p4-m2d67,rs-45-p1-vmdfw,rs-46-p4-2pmmq,rs-54-p2-wmn6d}","{rs-01-p3-9kwlq,rs-01-p3-9r9bm,rs-01-p3-clqc6,rs-02-p2-9c4nr,rs-02-p2-n7s74,rs-02-p2-sfm9v,rs-03-p1-t2nq4,rs-04-p2-wn5p7,rs-05-p1-2q7qm,rs-05-p1-pg9zc,rs-06-p2-8s5kw,rs-06-p2-twflr,rs-07-p1-n2gsr,rs-07-p1-rjjnz,rs-07-p1-tvx29,rs-08-p1-9kcht,rs-08-p1-bm7wx,rs-08-p1-dwrtq,rs-09-p1-fg796,rs-09-p1-h4kcx,rs-09-p1-ttwtq,rs-10-p4-cw485,rs-10-p4-s2n5f,rs-11-p3-jd5hx,rs-11-p3-rc7zd,rs-11-p3-vp4hg,rs-12-p3-4pmdt,rs-12-p3-tnw9x,rs-12-p3-x69gw,rs-13-p4-gsnng,rs-13-p4-m2gt8,rs-14-p3-44hkl,rs-15-p4-lj86d,rs-16-p1-cfmhn,rs-16-p1-qgxhl,rs-17-p4-9fkxr,rs-17-p4-rqlk6,rs-17-p4-tv8dk,rs-18-p4-4cwkv,rs-18-p4-jxlss,rs-18-p4-klvht,rs-19-p4-8mbgc,rs-19-p4-9v2hq,rs-20-p4-gdvpm,rs-21-p2-7tg92,rs-21-p2-xnmvx,rs-22-p3-l7xpq,rs-22-p3-xqllp,rs-23-p3-lgqxx,rs-23-p3-qz9kr,rs-23-p3-zgmj2,rs-24-p2-8bgg2,rs-24-p2-c62gx,rs-24-p2-gkp24,rs-24-p2-r6kz6,rs-25-p2-7hjk6,rs-25-p2-gbk2k,rs-25-p2-qh62c,rs-25-p2-sgxj9,rs-26-p2-hnqvg,rs-26-p2-xh6wn,rs-27-p4-4gvk2,rs-27-p4-5x5km,rs-27-p4-xwqgs,rs-28-p4-9v5mt,rs-29-p1-8j5hg,rs-29-p1-c5khq,rs-30-p1-clzhr,rs-30-p1-llq5n,rs-30-p1-swpvd,rs-30-p1-wsm5h,rs-31-p2-dntx8,rs-31-p2-mjx6m,rs-31-p2-mqrgg,rs-32-p2-ftmb6,rs-32-p2-k4xkh,rs-32-p2-mqbs5,rs-33-p1-c8hmj,rs-34-p1-g4lbm,rs-34-p1-k5qwq,rs-34-p1-tw8p6,rs-34-p1-x9t7s,rs-35-p4-qp2h8,rs-35-p4-wnzvf,rs-36-p3-gprnq,rs-36-p3-nkvqk,rs-37-p2-nhp7h,rs-37-p2-x72qr,rs-38-p4-zgrql,rs-39-p3-854j8,rs-39-p3-8gw7m,rs-39-p3-j8nqd,rs-40-p2-97tvd,rs-40-p2-ktwcc,rs-40-p2-lqhq6,rs-40-p2-t8bbg,rs-41-p4-kh4vq,rs-41-p4-lqh2m,rs-41-p4-vb5z6,rs-43-p2-7s6tn,rs-43-p2-95c6h,rs-43-p2-jjh6q,rs-44-p4-m2d67,rs-45-p1-vmdfw,rs-46-p4-2pmmq,rs-54-p2-wmn6d}","[{""name"":""rs-01-p3-9kwlq"",""cpu_m"":724,""mem_b"":287354766,""priority"":""3"",""node"":""kwok-node-16""},{""name"":""rs-01-p3-9r9bm"",""cpu_m"":724,""mem_b"":287354766,""priority"":""3"",""node"":""kwok-node-14""},{""name"":""rs-01-p3-clqc6"",""cpu_m"":724,""mem_b"":287354766,""priority"":""3"",""node"":""kwok-node-11""},{""name"":""rs-02-p2-9c4nr"",""cpu_m"":490,""mem_b"":813147510,""priority"":""2"",""node"":""kwok-node-22""},{""name"":""rs-02-p2-n7s74"",""cpu_m"":490,""mem_b"":813147510,""priority"":""2"",""node"":""kwok-node-23""},{""name"":""rs-02-p2-sfm9v"",""cpu_m"":490,""mem_b"":813147510,""priority"":""2"",""node"":""kwok-node-15""},{""name"":""rs-03-p1-t2nq4"",""cpu_m"":130,""mem_b"":376012151,""priority"":""1"",""node"":""kwok-node-21""},{""name"":""rs-04-p2-wn5p7"",""cpu_m"":790,""mem_b"":953804530,""priority"":""2"",""node"":""kwok-node-12""},{""name"":""rs-05-p1-2q7qm"",""cpu_m"":449,""mem_b"":437575599,""priority"":""1"",""node"":""kwok-node-19""},{""name"":""rs-05-p1-pg9zc"",""cpu_m"":449,""mem_b"":437575599,""priority"":""1"",""node"":""kwok-node-2""},{""name"":""rs-06-p2-8s5kw"",""cpu_m"":748,""mem_b"":627787922,""priority"":""2"",""node"":""kwok-node-10""},{""name"":""rs-06-p2-twflr"",""cpu_m"":748,""mem_b"":627787922,""priority"":""2"",""node"":""kwok-node-17""},{""name"":""rs-07-p1-n2gsr"",""cpu_m"":760,""mem_b"":541559620,""priority"":""1"",""node"":""kwok-node-30""},{""name"":""rs-07-p1-rjjnz"",""cpu_m"":760,""mem_b"":541559620,""priority"":""1"",""node"":""kwok-node-18""},{""name"":""rs-07-p1-tvx29"",""cpu_m"":760,""mem_b"":541559620,""priority"":""1"",""node"":""kwok-node-1""},{""name"":""rs-08-p1-9kcht"",""cpu_m"":725,""mem_b"":205359610,""priority"":""1"",""node"":""kwok-node-13""},{""name"":""rs-08-p1-bm7wx"",""cpu_m"":725,""mem_b"":205359610,""priority"":""1"",""node"":""kwok-node-29""},{""name"":""rs-08-p1-dwrtq"",""cpu_m"":725,""mem_b"":205359610,""priority"":""1"",""node"":""kwok-node-20""},{""name"":""rs-09-p1-fg796"",""cpu_m"":901,""mem_b"":466749523,""priority"":""1"",""node"":""kwok-node-26""},{""name"":""rs-09-p1-h4kcx"",""cpu_m"":901,""mem_b"":466749523,""priority"":""1"",""node"":""kwok-node-28""},{""name"":""rs-09-p1-ttwtq"",""cpu_m"":901,""mem_b"":466749523,""priority"":""1"",""node"":""kwok-node-27""},{""name"":""rs-10-p4-cw485"",""cpu_m"":453,""mem_b"":622227244,""priority"":""4"",""node"":""kwok-node-25""},{""name"":""rs-10-p4-s2n5f"",""cpu_m"":453,""mem_b"":622227244,""priority"":""4"",""node"":""kwok-node-24""},{""name"":""rs-11-p3-jd5hx"",""cpu_m"":826,""mem_b"":681455450,""priority"":""3"",""node"":""kwok-node-31""},{""name"":""rs-11-p3-rc7zd"",""cpu_m"":826,""mem_b"":681455450,""priority"":""3"",""node"":""kwok-node-5""},{""name"":""rs-11-p3-vp4hg"",""cpu_m"":826,""mem_b"":681455450,""priority"":""3"",""node"":""kwok-node-4""},{""name"":""rs-12-p3-4pmdt"",""cpu_m"":598,""mem_b"":681683741,""priority"":""3"",""node"":""kwok-node-3""},{""name"":""rs-12-p3-tnw9x"",""cpu_m"":598,""mem_b"":681683741,""priority"":""3"",""node"":""kwok-node-9""},{""name"":""rs-12-p3-x69gw"",""cpu_m"":598,""mem_b"":681683741,""priority"":""3"",""node"":""kwok-node-8""},{""name"":""rs-13-p4-gsnng"",""cpu_m"":938,""mem_b"":240802360,""priority"":""4"",""node"":""kwok-node-6""},{""name"":""rs-13-p4-m2gt8"",""cpu_m"":938,""mem_b"":240802360,""priority"":""4"",""node"":""kwok-node-32""},{""name"":""rs-14-p3-44hkl"",""cpu_m"":553,""mem_b"":965131708,""priority"":""3"",""node"":""kwok-node-7""},{""name"":""rs-15-p4-lj86d"",""cpu_m"":400,""mem_b"":670135382,""priority"":""4"",""node"":""kwok-node-21""},{""name"":""rs-16-p1-cfmhn"",""cpu_m"":996,""mem_b"":328279378,""priority"":""1"",""node"":""kwok-node-2""},{""name"":""rs-16-p1-qgxhl"",""cpu_m"":996,""mem_b"":328279378,""priority"":""1"",""node"":""kwok-node-19""},{""name"":""rs-17-p4-9fkxr"",""cpu_m"":129,""mem_b"":398328328,""priority"":""4"",""node"":""kwok-node-13""},{""name"":""rs-17-p4-rqlk6"",""cpu_m"":129,""mem_b"":398328328,""priority"":""4"",""node"":""kwok-node-29""},{""name"":""rs-17-p4-tv8dk"",""cpu_m"":129,""mem_b"":398328328,""priority"":""4"",""node"":""kwok-node-20""},{""name"":""rs-18-p4-4cwkv"",""cpu_m"":749,""mem_b"":892048058,""priority"":""4"",""node"":""kwok-node-16""},{""name"":""rs-18-p4-jxlss"",""cpu_m"":749,""mem_b"":892048058,""priority"":""4"",""node"":""kwok-node-11""},{""name"":""rs-18-p4-klvht"",""cpu_m"":749,""mem_b"":892048058,""priority"":""4"",""node"":""kwok-node-14""},{""name"":""rs-19-p4-8mbgc"",""cpu_m"":413,""mem_b"":203721925,""priority"":""4"",""node"":""kwok-node-25""},{""name"":""rs-19-p4-9v2hq"",""cpu_m"":413,""mem_b"":203721925,""priority"":""4"",""node"":""kwok-node-24""},{""name"":""rs-20-p4-gdvpm"",""cpu_m"":961,""mem_b"":451373368,""priority"":""4"",""node"":""kwok-node-15""},{""name"":""rs-21-p2-7tg92"",""cpu_m"":356,""mem_b"":993217687,""priority"":""2"",""node"":""kwok-node-6""},{""name"":""rs-21-p2-xnmvx"",""cpu_m"":356,""mem_b"":993217687,""priority"":""2"",""node"":""kwok-node-32""},{""name"":""rs-22-p3-l7xpq"",""cpu_m"":964,""mem_b"":666736361,""priority"":""3"",""node"":""kwok-node-23""},{""name"":""rs-22-p3-xqllp"",""cpu_m"":964,""mem_b"":666736361,""priority"":""3"",""node"":""kwok-node-22""},{""name"":""rs-23-p3-lgqxx"",""cpu_m"":538,""mem_b"":498465560,""priority"":""3"",""node"":""kwok-node-3""},{""name"":""rs-23-p3-qz9kr"",""cpu_m"":538,""mem_b"":498465560,""priority"":""3"",""node"":""kwok-node-8""},{""name"":""rs-23-p3-zgmj2"",""cpu_m"":538,""mem_b"":498465560,""priority"":""3"",""node"":""kwok-node-9""},{""name"":""rs-24-p2-8bgg2"",""cpu_m"":478,""mem_b"":487294555,""priority"":""2"",""node"":""kwok-node-18""},{""name"":""rs-24-p2-c62gx"",""cpu_m"":478,""mem_b"":487294555,""priority"":""2"",""node"":""kwok-node-17""},{""name"":""rs-24-p2-gkp24"",""cpu_m"":478,""mem_b"":487294555,""priority"":""2"",""node"":""kwok-node-30""},{""name"":""rs-24-p2-r6kz6"",""cpu_m"":478,""mem_b"":487294555,""priority"":""2"",""node"":""kwok-node-10""},{""name"":""rs-25-p2-7hjk6"",""cpu_m"":1000,""mem_b"":693753870,""priority"":""2"",""node"":""kwok-node-21""},{""name"":""rs-25-p2-gbk2k"",""cpu_m"":1000,""mem_b"":693753870,""priority"":""2"",""node"":""kwok-node-1""},{""name"":""rs-25-p2-qh62c"",""cpu_m"":1000,""mem_b"":693753870,""priority"":""2"",""node"":""kwok-node-7""},{""name"":""rs-25-p2-sgxj9"",""cpu_m"":1000,""mem_b"":693753870,""priority"":""2"",""node"":""kwok-node-12""},{""name"":""rs-26-p2-hnqvg"",""cpu_m"":658,""mem_b"":133354981,""priority"":""2"",""node"":""kwok-node-31""},{""name"":""rs-26-p2-xh6wn"",""cpu_m"":658,""mem_b"":133354981,""priority"":""2"",""node"":""kwok-node-4""},{""name"":""rs-27-p4-4gvk2"",""cpu_m"":463,""mem_b"":491284360,""priority"":""4"",""node"":""kwok-node-29""},{""name"":""rs-27-p4-5x5km"",""cpu_m"":463,""mem_b"":491284360,""priority"":""4"",""node"":""kwok-node-13""},{""name"":""rs-27-p4-xwqgs"",""cpu_m"":463,""mem_b"":491284360,""priority"":""4"",""node"":""kwok-node-5""},{""name"":""rs-28-p4-9v5mt"",""cpu_m"":523,""mem_b"":520120022,""priority"":""4"",""node"":""kwok-node-20""},{""name"":""rs-29-p1-8j5hg"",""cpu_m"":215,""mem_b"":229342087,""priority"":""1"",""node"":""kwok-node-25""},{""name"":""rs-29-p1-c5khq"",""cpu_m"":215,""mem_b"":229342087,""priority"":""1"",""node"":""kwok-node-24""},{""name"":""rs-30-p1-clzhr"",""cpu_m"":350,""mem_b"":969214476,""priority"":""1"",""node"":""kwok-node-28""},{""name"":""rs-30-p1-llq5n"",""cpu_m"":350,""mem_b"":969214476,""priority"":""1"",""node"":""kwok-node-2""},{""name"":""rs-30-p1-swpvd"",""cpu_m"":350,""mem_b"":969214476,""priority"":""1"",""node"":""kwok-node-27""},{""name"":""rs-30-p1-wsm5h"",""cpu_m"":350,""mem_b"":969214476,""priority"":""1"",""node"":""kwok-node-26""},{""name"":""rs-31-p2-dntx8"",""cpu_m"":656,""mem_b"":458817476,""priority"":""2"",""node"":""kwok-node-24""},{""name"":""rs-31-p2-mjx6m"",""cpu_m"":656,""mem_b"":458817476,""priority"":""2"",""node"":""kwok-node-8""},{""name"":""rs-31-p2-mqrgg"",""cpu_m"":656,""mem_b"":458817476,""priority"":""2"",""node"":""kwok-node-25""},{""name"":""rs-32-p2-ftmb6"",""cpu_m"":317,""mem_b"":183237809,""priority"":""2"",""node"":""kwok-node-18""},{""name"":""rs-32-p2-k4xkh"",""cpu_m"":317,""mem_b"":183237809,""priority"":""2"",""node"":""kwok-node-3""},{""name"":""rs-32-p2-mqbs5"",""cpu_m"":317,""mem_b"":183237809,""priority"":""2"",""node"":""kwok-node-9""},{""name"":""rs-33-p1-c8hmj"",""cpu_m"":587,""mem_b"":240422983,""priority"":""1"",""node"":""kwok-node-10""},{""name"":""rs-34-p1-g4lbm"",""cpu_m"":108,""mem_b"":445299438,""priority"":""1"",""node"":""kwok-node-19""},{""name"":""rs-34-p1-k5qwq"",""cpu_m"":108,""mem_b"":445299438,""priority"":""1"",""node"":""kwok-node-17""},{""name"":""rs-34-p1-tw8p6"",""cpu_m"":108,""mem_b"":445299438,""priority"":""1"",""node"":""kwok-node-13""},{""name"":""rs-34-p1-x9t7s"",""cpu_m"":108,""mem_b"":445299438,""priority"":""1"",""node"":""kwok-node-30""},{""name"":""rs-35-p4-qp2h8"",""cpu_m"":810,""mem_b"":856851493,""priority"":""4"",""node"":""kwok-node-5""},{""name"":""rs-35-p4-wnzvf"",""cpu_m"":810,""mem_b"":856851493,""priority"":""4"",""node"":""kwok-node-32""},{""name"":""rs-36-p3-gprnq"",""cpu_m"":239,""mem_b"":769637627,""priority"":""3"",""node"":""kwok-node-4""},{""name"":""rs-36-p3-nkvqk"",""cpu_m"":239,""mem_b"":769637627,""priority"":""3"",""node"":""kwok-node-31""},{""name"":""rs-37-p2-nhp7h"",""cpu_m"":520,""mem_b"":771397556,""priority"":""2"",""node"":""kwok-node-29""},{""name"":""rs-37-p2-x72qr"",""cpu_m"":520,""mem_b"":771397556,""priority"":""2"",""node"":""kwok-node-20""},{""name"":""rs-38-p4-zgrql"",""cpu_m"":553,""mem_b"":647127447,""priority"":""4"",""node"":""kwok-node-6""},{""name"":""rs-39-p3-854j8"",""cpu_m"":448,""mem_b"":366077674,""priority"":""3"",""node"":""kwok-node-27""},{""name"":""rs-39-p3-8gw7m"",""cpu_m"":448,""mem_b"":366077674,""priority"":""3"",""node"":""kwok-node-26""},{""name"":""rs-39-p3-j8nqd"",""cpu_m"":448,""mem_b"":366077674,""priority"":""3"",""node"":""kwok-node-28""},{""name"":""rs-40-p2-97tvd"",""cpu_m"":275,""mem_b"":168764576,""priority"":""2"",""node"":""kwok-node-3""},{""name"":""rs-40-p2-ktwcc"",""cpu_m"":275,""mem_b"":168764576,""priority"":""2"",""node"":""kwok-node-9""},{""name"":""rs-40-p2-lqhq6"",""cpu_m"":275,""mem_b"":168764576,""priority"":""2"",""node"":""kwok-node-30""},{""name"":""rs-40-p2-t8bbg"",""cpu_m"":275,""mem_b"":168764576,""priority"":""2"",""node"":""kwok-node-22""},{""name"":""rs-41-p4-kh4vq"",""cpu_m"":551,""mem_b"":396629828,""priority"":""4"",""node"":""kwok-node-17""},{""name"":""rs-41-p4-lqh2m"",""cpu_m"":551,""mem_b"":396629828,""priority"":""4"",""node"":""kwok-node-16""},{""name"":""rs-41-p4-vb5z6"",""cpu_m"":551,""mem_b"":396629828,""priority"":""4"",""node"":""kwok-node-13""},{""name"":""rs-42-p3-g4d5z"",""cpu_m"":969,""mem_b"":501604946,""priority"":""3"",""node"":""""},{""name"":""rs-42-p3-pkkgc"",""cpu_m"":969,""mem_b"":501604946,""priority"":""3"",""node"":""""},{""name"":""rs-43-p2-4cl4d"",""cpu_m"":677,""mem_b"":791623369,""priority"":""2"",""node"":""""},{""name"":""rs-43-p2-7s6tn"",""cpu_m"":677,""mem_b"":791623369,""priority"":""2"",""node"":""kwok-node-15""},{""name"":""rs-43-p2-95c6h"",""cpu_m"":677,""mem_b"":791623369,""priority"":""2"",""node"":""kwok-node-11""},{""name"":""rs-43-p2-jjh6q"",""cpu_m"":677,""mem_b"":791623369,""priority"":""2"",""node"":""kwok-node-14""},{""name"":""rs-44-p4-7mdwx"",""cpu_m"":714,""mem_b"":574060800,""priority"":""4"",""node"":""""},{""name"":""rs-44-p4-m2d67"",""cpu_m"":714,""mem_b"":574060800,""priority"":""4"",""node"":""kwok-node-23""},{""name"":""rs-44-p4-rhvmg"",""cpu_m"":714,""mem_b"":574060800,""priority"":""4"",""node"":""""},{""name"":""rs-44-p4-xqwxf"",""cpu_m"":714,""mem_b"":574060800,""priority"":""4"",""node"":""""},{""name"":""rs-45-p1-vmdfw"",""cpu_m"":393,""mem_b"":405763504,""priority"":""1"",""node"":""kwok-node-19""},{""name"":""rs-46-p4-2pmmq"",""cpu_m"":510,""mem_b"":911183358,""priority"":""4"",""node"":""kwok-node-18""},{""name"":""rs-46-p4-jn2gd"",""cpu_m"":510,""mem_b"":911183358,""priority"":""4"",""node"":""""},{""name"":""rs-46-p4-n8g9l"",""cpu_m"":510,""mem_b"":911183358,""priority"":""4"",""node"":""""},{""name"":""rs-47-p2-qsg2x"",""cpu_m"":994,""mem_b"":740994079,""priority"":""2"",""node"":""""},{""name"":""rs-47-p2-zc9jw"",""cpu_m"":994,""mem_b"":740994079,""priority"":""2"",""node"":""""},{""name"":""rs-47-p2-zqp4v"",""cpu_m"":994,""mem_b"":740994079,""priority"":""2"",""node"":""""},{""name"":""rs-48-p1-c2wnx"",""cpu_m"":813,""mem_b"":127136497,""priority"":""1"",""node"":""""},{""name"":""rs-49-p2-2wh2j"",""cpu_m"":255,""mem_b"":964676779,""priority"":""2"",""node"":""""},{""name"":""rs-49-p2-m4ltb"",""cpu_m"":255,""mem_b"":964676779,""priority"":""2"",""node"":""""},{""name"":""rs-49-p2-np6jk"",""cpu_m"":255,""mem_b"":964676779,""priority"":""2"",""node"":""""},{""name"":""rs-50-p4-8ntw8"",""cpu_m"":574,""mem_b"":965227031,""priority"":""4"",""node"":""""},{""name"":""rs-50-p4-jx5h7"",""cpu_m"":574,""mem_b"":965227031,""priority"":""4"",""node"":""""},{""name"":""rs-50-p4-w6wrv"",""cpu_m"":574,""mem_b"":965227031,""priority"":""4"",""node"":""""},{""name"":""rs-51-p2-gf2sw"",""cpu_m"":931,""mem_b"":194682856,""priority"":""2"",""node"":""""},{""name"":""rs-52-p2-ndfwj"",""cpu_m"":877,""mem_b"":458027797,""priority"":""2"",""node"":""""},{""name"":""rs-53-p2-5m57w"",""cpu_m"":305,""mem_b"":983888961,""priority"":""2"",""node"":""""},{""name"":""rs-53-p2-8bbv4"",""cpu_m"":305,""mem_b"":983888961,""priority"":""2"",""node"":""""},{""name"":""rs-54-p2-wmn6d"",""cpu_m"":114,""mem_b"":732975876,""priority"":""2"",""node"":""kwok-node-1""}]","[{""name"":""rs-01-p3-9kwlq"",""cpu_m"":724,""mem_b"":287354766,""priority"":""3"",""node"":""kwok-node-16""},{""name"":""rs-01-p3-9r9bm"",""cpu_m"":724,""mem_b"":287354766,""priority"":""3"",""node"":""kwok-node-14""},{""name"":""rs-01-p3-clqc6"",""cpu_m"":724,""mem_b"":287354766,""priority"":""3"",""node"":""kwok-node-11""},{""name"":""rs-02-p2-9c4nr"",""cpu_m"":490,""mem_b"":813147510,""priority"":""2"",""node"":""kwok-node-22""},{""name"":""rs-02-p2-n7s74"",""cpu_m"":490,""mem_b"":813147510,""priority"":""2"",""node"":""kwok-node-23""},{""name"":""rs-02-p2-sfm9v"",""cpu_m"":490,""mem_b"":813147510,""priority"":""2"",""node"":""kwok-node-15""},{""name"":""rs-03-p1-t2nq4"",""cpu_m"":130,""mem_b"":376012151,""priority"":""1"",""node"":""kwok-node-21""},{""name"":""rs-04-p2-wn5p7"",""cpu_m"":790,""mem_b"":953804530,""priority"":""2"",""node"":""kwok-node-12""},{""name"":""rs-05-p1-2q7qm"",""cpu_m"":449,""mem_b"":437575599,""priority"":""1"",""node"":""kwok-node-19""},{""name"":""rs-05-p1-pg9zc"",""cpu_m"":449,""mem_b"":437575599,""priority"":""1"",""node"":""kwok-node-2""},{""name"":""rs-06-p2-8s5kw"",""cpu_m"":748,""mem_b"":627787922,""priority"":""2"",""node"":""kwok-node-10""},{""name"":""rs-06-p2-twflr"",""cpu_m"":748,""mem_b"":627787922,""priority"":""2"",""node"":""kwok-node-17""},{""name"":""rs-07-p1-n2gsr"",""cpu_m"":760,""mem_b"":541559620,""priority"":""1"",""node"":""kwok-node-30""},{""name"":""rs-07-p1-rjjnz"",""cpu_m"":760,""mem_b"":541559620,""priority"":""1"",""node"":""kwok-node-18""},{""name"":""rs-07-p1-tvx29"",""cpu_m"":760,""mem_b"":541559620,""priority"":""1"",""node"":""kwok-node-1""},{""name"":""rs-08-p1-9kcht"",""cpu_m"":725,""mem_b"":205359610,""priority"":""1"",""node"":""kwok-node-13""},{""name"":""rs-08-p1-bm7wx"",""cpu_m"":725,""mem_b"":205359610,""priority"":""1"",""node"":""kwok-node-29""},{""name"":""rs-08-p1-dwrtq"",""cpu_m"":725,""mem_b"":205359610,""priority"":""1"",""node"":""kwok-node-20""},{""name"":""rs-09-p1-fg796"",""cpu_m"":901,""mem_b"":466749523,""priority"":""1"",""node"":""kwok-node-26""},{""name"":""rs-09-p1-h4kcx"",""cpu_m"":901,""mem_b"":466749523,""priority"":""1"",""node"":""kwok-node-28""},{""name"":""rs-09-p1-ttwtq"",""cpu_m"":901,""mem_b"":466749523,""priority"":""1"",""node"":""kwok-node-27""},{""name"":""rs-10-p4-cw485"",""cpu_m"":453,""mem_b"":622227244,""priority"":""4"",""node"":""kwok-node-25""},{""name"":""rs-10-p4-s2n5f"",""cpu_m"":453,""mem_b"":622227244,""priority"":""4"",""node"":""kwok-node-24""},{""name"":""rs-11-p3-jd5hx"",""cpu_m"":826,""mem_b"":681455450,""priority"":""3"",""node"":""kwok-node-31""},{""name"":""rs-11-p3-rc7zd"",""cpu_m"":826,""mem_b"":681455450,""priority"":""3"",""node"":""kwok-node-5""},{""name"":""rs-11-p3-vp4hg"",""cpu_m"":826,""mem_b"":681455450,""priority"":""3"",""node"":""kwok-node-4""},{""name"":""rs-12-p3-4pmdt"",""cpu_m"":598,""mem_b"":681683741,""priority"":""3"",""node"":""kwok-node-3""},{""name"":""rs-12-p3-tnw9x"",""cpu_m"":598,""mem_b"":681683741,""priority"":""3"",""node"":""kwok-node-9""},{""name"":""rs-12-p3-x69gw"",""cpu_m"":598,""mem_b"":681683741,""priority"":""3"",""node"":""kwok-node-8""},{""name"":""rs-13-p4-gsnng"",""cpu_m"":938,""mem_b"":240802360,""priority"":""4"",""node"":""kwok-node-6""},{""name"":""rs-13-p4-m2gt8"",""cpu_m"":938,""mem_b"":240802360,""priority"":""4"",""node"":""kwok-node-32""},{""name"":""rs-14-p3-44hkl"",""cpu_m"":553,""mem_b"":965131708,""priority"":""3"",""node"":""kwok-node-7""},{""name"":""rs-15-p4-lj86d"",""cpu_m"":400,""mem_b"":670135382,""priority"":""4"",""node"":""kwok-node-21""},{""name"":""rs-16-p1-cfmhn"",""cpu_m"":996,""mem_b"":328279378,""priority"":""1"",""node"":""kwok-node-2""},{""name"":""rs-16-p1-qgxhl"",""cpu_m"":996,""mem_b"":328279378,""priority"":""1"",""node"":""kwok-node-19""},{""name"":""rs-17-p4-9fkxr"",""cpu_m"":129,""mem_b"":398328328,""priority"":""4"",""node"":""kwok-node-13""},{""name"":""rs-17-p4-rqlk6"",""cpu_m"":129,""mem_b"":398328328,""priority"":""4"",""node"":""kwok-node-29""},{""name"":""rs-17-p4-tv8dk"",""cpu_m"":129,""mem_b"":398328328,""priority"":""4"",""node"":""kwok-node-20""},{""name"":""rs-18-p4-4cwkv"",""cpu_m"":749,""mem_b"":892048058,""priority"":""4"",""node"":""kwok-node-16""},{""name"":""rs-18-p4-jxlss"",""cpu_m"":749,""mem_b"":892048058,""priority"":""4"",""node"":""kwok-node-11""},{""name"":""rs-18-p4-klvht"",""cpu_m"":749,""mem_b"":892048058,""priority"":""4"",""node"":""kwok-node-14""},{""name"":""rs-19-p4-8mbgc"",""cpu_m"":413,""mem_b"":203721925,""priority"":""4"",""node"":""kwok-node-25""},{""name"":""rs-19-p4-9v2hq"",""cpu_m"":413,""mem_b"":203721925,""priority"":""4"",""node"":""kwok-node-24""},{""name"":""rs-20-p4-gdvpm"",""cpu_m"":961,""mem_b"":451373368,""priority"":""4"",""node"":""kwok-node-15""},{""name"":""rs-21-p2-7tg92"",""cpu_m"":356,""mem_b"":993217687,""priority"":""2"",""node"":""kwok-node-6""},{""name"":""rs-21-p2-xnmvx"",""cpu_m"":356,""mem_b"":993217687,""priority"":""2"",""node"":""kwok-node-32""},{""name"":""rs-22-p3-l7xpq"",""cpu_m"":964,""mem_b"":666736361,""priority"":""3"",""node"":""kwok-node-23""},{""name"":""rs-22-p3-xqllp"",""cpu_m"":964,""mem_b"":666736361,""priority"":""3"",""node"":""kwok-node-22""},{""name"":""rs-23-p3-lgqxx"",""cpu_m"":538,""mem_b"":498465560,""priority"":""3"",""node"":""kwok-node-3""},{""name"":""rs-23-p3-qz9kr"",""cpu_m"":538,""mem_b"":498465560,""priority"":""3"",""node"":""kwok-node-8""},{""name"":""rs-23-p3-zgmj2"",""cpu_m"":538,""mem_b"":498465560,""priority"":""3"",""node"":""kwok-node-9""},{""name"":""rs-24-p2-8bgg2"",""cpu_m"":478,""mem_b"":487294555,""priority"":""2"",""node"":""kwok-node-18""},{""name"":""rs-24-p2-c62gx"",""cpu_m"":478,""mem_b"":487294555,""priority"":""2"",""node"":""kwok-node-17""},{""name"":""rs-24-p2-gkp24"",""cpu_m"":478,""mem_b"":487294555,""priority"":""2"",""node"":""kwok-node-30""},{""name"":""rs-24-p2-r6kz6"",""cpu_m"":478,""mem_b"":487294555,""priority"":""2"",""node"":""kwok-node-10""},{""name"":""rs-25-p2-7hjk6"",""cpu_m"":1000,""mem_b"":693753870,""priority"":""2"",""node"":""kwok-node-21""},{""name"":""rs-25-p2-gbk2k"",""cpu_m"":1000,""mem_b"":693753870,""priority"":""2"",""node"":""kwok-node-1""},{""name"":""rs-25-p2-qh62c"",""cpu_m"":1000,""mem_b"":693753870,""priority"":""2"",""node"":""kwok-node-7""},{""name"":""rs-25-p2-sgxj9"",""cpu_m"":1000,""mem_b"":693753870,""priority"":""2"",""node"":""kwok-node-12""},{""name"":""rs-26-p2-hnqvg"",""cpu_m"":658,""mem_b"":133354981,""priority"":""2"",""node"":""kwok-node-31""},{""name"":""rs-26-p2-xh6wn"",""cpu_m"":658,""mem_b"":133354981,""priority"":""2"",""node"":""kwok-node-4""},{""name"":""rs-27-p4-4gvk2"",""cpu_m"":463,""mem_b"":491284360,""priority"":""4"",""node"":""kwok-node-29""},{""name"":""rs-27-p4-5x5km"",""cpu_m"":463,""mem_b"":491284360,""priority"":""4"",""node"":""kwok-node-13""},{""name"":""rs-27-p4-xwqgs"",""cpu_m"":463,""mem_b"":491284360,""priority"":""4"",""node"":""kwok-node-5""},{""name"":""rs-28-p4-9v5mt"",""cpu_m"":523,""mem_b"":520120022,""priority"":""4"",""node"":""kwok-node-20""},{""name"":""rs-29-p1-8j5hg"",""cpu_m"":215,""mem_b"":229342087,""priority"":""1"",""node"":""kwok-node-25""},{""name"":""rs-29-p1-c5khq"",""cpu_m"":215,""mem_b"":229342087,""priority"":""1"",""node"":""kwok-node-24""},{""name"":""rs-30-p1-clzhr"",""cpu_m"":350,""mem_b"":969214476,""priority"":""1"",""node"":""kwok-node-28""},{""name"":""rs-30-p1-llq5n"",""cpu_m"":350,""mem_b"":969214476,""priority"":""1"",""node"":""kwok-node-2""},{""name"":""rs-30-p1-swpvd"",""cpu_m"":350,""mem_b"":969214476,""priority"":""1"",""node"":""kwok-node-27""},{""name"":""rs-30-p1-wsm5h"",""cpu_m"":350,""mem_b"":969214476,""priority"":""1"",""node"":""kwok-node-26""},{""name"":""rs-31-p2-dntx8"",""cpu_m"":656,""mem_b"":458817476,""priority"":""2"",""node"":""kwok-node-24""},{""name"":""rs-31-p2-mjx6m"",""cpu_m"":656,""mem_b"":458817476,""priority"":""2"",""node"":""kwok-node-8""},{""name"":""rs-31-p2-mqrgg"",""cpu_m"":656,""mem_b"":458817476,""priority"":""2"",""node"":""kwok-node-25""},{""name"":""rs-32-p2-ftmb6"",""cpu_m"":317,""mem_b"":183237809,""priority"":""2"",""node"":""kwok-node-18""},{""name"":""rs-32-p2-k4xkh"",""cpu_m"":317,""mem_b"":183237809,""priority"":""2"",""node"":""kwok-node-3""},{""name"":""rs-32-p2-mqbs5"",""cpu_m"":317,""mem_b"":183237809,""priority"":""2"",""node"":""kwok-node-9""},{""name"":""rs-33-p1-c8hmj"",""cpu_m"":587,""mem_b"":240422983,""priority"":""1"",""node"":""kwok-node-10""},{""name"":""rs-34-p1-g4lbm"",""cpu_m"":108,""mem_b"":445299438,""priority"":""1"",""node"":""kwok-node-19""},{""name"":""rs-34-p1-k5qwq"",""cpu_m"":108,""mem_b"":445299438,""priority"":""1"",""node"":""kwok-node-17""},{""name"":""rs-34-p1-tw8p6"",""cpu_m"":108,""mem_b"":445299438,""priority"":""1"",""node"":""kwok-node-13""},{""name"":""rs-34-p1-x9t7s"",""cpu_m"":108,""mem_b"":445299438,""priority"":""1"",""node"":""kwok-node-30""},{""name"":""rs-35-p4-qp2h8"",""cpu_m"":810,""mem_b"":856851493,""priority"":""4"",""node"":""kwok-node-5""},{""name"":""rs-35-p4-wnzvf"",""cpu_m"":810,""mem_b"":856851493,""priority"":""4"",""node"":""kwok-node-32""},{""name"":""rs-36-p3-gprnq"",""cpu_m"":239,""mem_b"":769637627,""priority"":""3"",""node"":""kwok-node-4""},{""name"":""rs-36-p3-nkvqk"",""cpu_m"":239,""mem_b"":769637627,""priority"":""3"",""node"":""kwok-node-31""},{""name"":""rs-37-p2-nhp7h"",""cpu_m"":520,""mem_b"":771397556,""priority"":""2"",""node"":""kwok-node-29""},{""name"":""rs-37-p2-x72qr"",""cpu_m"":520,""mem_b"":771397556,""priority"":""2"",""node"":""kwok-node-20""},{""name"":""rs-38-p4-zgrql"",""cpu_m"":553,""mem_b"":647127447,""priority"":""4"",""node"":""kwok-node-6""},{""name"":""rs-39-p3-854j8"",""cpu_m"":448,""mem_b"":366077674,""priority"":""3"",""node"":""kwok-node-27""},{""name"":""rs-39-p3-8gw7m"",""cpu_m"":448,""mem_b"":366077674,""priority"":""3"",""node"":""kwok-node-26""},{""name"":""rs-39-p3-j8nqd"",""cpu_m"":448,""mem_b"":366077674,""priority"":""3"",""node"":""kwok-node-28""},{""name"":""rs-40-p2-97tvd"",""cpu_m"":275,""mem_b"":168764576,""priority"":""2"",""node"":""kwok-node-3""},{""name"":""rs-40-p2-ktwcc"",""cpu_m"":275,""mem_b"":168764576,""priority"":""2"",""node"":""kwok-node-9""},{""name"":""rs-40-p2-lqhq6"",""cpu_m"":275,""mem_b"":168764576,""priority"":""2"",""node"":""kwok-node-30""},{""name"":""rs-40-p2-t8bbg"",""cpu_m"":275,""mem_b"":168764576,""priority"":""2"",""node"":""kwok-node-22""},{""name"":""rs-41-p4-kh4vq"",""cpu_m"":551,""mem_b"":396629828,""priority"":""4"",""node"":""kwok-node-17""},{""name"":""rs-41-p4-lqh2m"",""cpu_m"":551,""mem_b"":396629828,""priority"":""4"",""node"":""kwok-node-16""},{""name"":""rs-41-p4-vb5z6"",""cpu_m"":551,""mem_b"":396629828,""priority"":""4"",""node"":""kwok-node-13""},{""name"":""rs-42-p3-g4d5z"",""cpu_m"":969,""mem_b"":501604946,""priority"":""3"",""node"":""""},{""name"":""rs-42-p3-pkkgc"",""cpu_m"":969,""mem_b"":501604946,""priority"":""3"",""node"":""""},{""name"":""rs-43-p2-4cl4d"",""cpu_m"":677,""mem_b"":791623369,""priority"":""2"",""node"":""""},{""name"":""rs-43-p2-7s6tn"",""cpu_m"":677,""mem_b"":791623369,""priority"":""2"",""node"":""kwok-node-15""},{""name"":""rs-43-p2-95c6h"",""cpu_m"":677,""mem_b"":791623369,""priority"":""2"",""node"":""kwok-node-11""},{""name"":""rs-43-p2-jjh6q"",""cpu_m"":677,""mem_b"":791623369,""priority"":""2"",""node"":""kwok-node-14""},{""name"":""rs-44-p4-7mdwx"",""cpu_m"":714,""mem_b"":574060800,""priority"":""4"",""node"":""""},{""name"":""rs-44-p4-m2d67"",""cpu_m"":714,""mem_b"":574060800,""priority"":""4"",""node"":""kwok-node-23""},{""name"":""rs-44-p4-rhvmg"",""cpu_m"":714,""mem_b"":574060800,""priority"":""4"",""node"":""""},{""name"":""rs-44-p4-xqwxf"",""cpu_m"":714,""mem_b"":574060800,""priority"":""4"",""node"":""""},{""name"":""rs-45-p1-vmdfw"",""cpu_m"":393,""mem_b"":405763504,""priority"":""1"",""node"":""kwok-node-19""},{""name"":""rs-46-p4-2pmmq"",""cpu_m"":510,""mem_b"":911183358,""priority"":""4"",""node"":""kwok-node-18""},{""name"":""rs-46-p4-jn2gd"",""cpu_m"":510,""mem_b"":911183358,""priority"":""4"",""node"":""""},{""name"":""rs-46-p4-n8g9l"",""cpu_m"":510,""mem_b"":911183358,""priority"":""4"",""node"":""""},{""name"":""rs-47-p2-qsg2x"",""cpu_m"":994,""mem_b"":740994079,""priority"":""2"",""node"":""""},{""name"":""rs-47-p2-zc9jw"",""cpu_m"":994,""mem_b"":740994079,""priority"":""2"",""node"":""""},{""name"":""rs-47-p2-zqp4v"",""cpu_m"":994,""mem_b"":740994079,""priority"":""2"",""node"":""""},{""name"":""rs-48-p1-c2wnx"",""cpu_m"":813,""mem_b"":127136497,""priority"":""1"",""node"":""""},{""name"":""rs-49-p2-2wh2j"",""cpu_m"":255,""mem_b"":964676779,""priority"":""2"",""node"":""""},{""name"":""rs-49-p2-m4ltb"",""cpu_m"":255,""mem_b"":964676779,""priority"":""2"",""node"":""""},{""name"":""rs-49-p2-np6jk"",""cpu_m"":255,""mem_b"":964676779,""priority"":""2"",""node"":""""},{""name"":""rs-50-p4-8ntw8"",""cpu_m"":574,""mem_b"":965227031,""priority"":""4"",""node"":""""},{""name"":""rs-50-p4-jx5h7"",""cpu_m"":574,""mem_b"":965227031,""priority"":""4"",""node"":""""},{""name"":""rs-50-p4-w6wrv"",""cpu_m"":574,""mem_b"":965227031,""priority"":""4"",""node"":""""},{""name"":""rs-51-p2-gf2sw"",""cpu_m"":931,""mem_b"":194682856,""priority"":""2"",""node"":""""},{""name"":""rs-52-p2-ndfwj"",""cpu_m"":877,""mem_b"":458027797,""priority"":""2"",""node"":""""},{""name"":""rs-53-p2-5m57w"",""cpu_m"":305,""mem_b"":983888961,""priority"":""2"",""node"":""""},{""name"":""rs-53-p2-8bbv4"",""cpu_m"":305,""mem_b"":983888961,""priority"":""2"",""node"":""""},{""name"":""rs-54-p2-wmn6d"",""cpu_m"":114,""mem_b"":732975876,""priority"":""2"",""node"":""kwok-node-1""}]","[{""name"":""kwok-node-1"",""cap_cpu_m"":2195,""cap_mem_bytes"":2167513465},{""name"":""kwok-node-2"",""cap_cpu_m"":2195,""cap_mem_bytes"":2167513465},{""name"":""kwok-node-3"",""cap_cpu_m"":2195,""cap_mem_bytes"":2167513465},{""name"":""kwok-node-4"",""cap_cpu_m"":2195,""cap_mem_bytes"":2167513465},{""name"":""kwok-node-5"",""cap_cpu_m"":2195,""cap_mem_bytes"":2167513465},{""name"":""kwok-node-6"",""cap_cpu_m"":2195,""cap_mem_bytes"":2167513465},{""name"":""kwok-node-7"",""cap_cpu_m"":2195,""cap_mem_bytes"":2167513465},{""name"":""kwok-node-8"",""cap_cpu_m"":2195,""cap_mem_bytes"":2167513465},{""name"":""kwok-node-9"",""cap_cpu_m"":2195,""cap_mem_bytes"":2167513465},{""name"":""kwok-node-10"",""cap_cpu_m"":2195,""cap_mem_bytes"":2167513465},{""name"":""kwok-node-11"",""cap_cpu_m"":2195,""cap_mem_bytes"":2167513465},{""name"":""kwok-node-12"",""cap_cpu_m"":2195,""cap_mem_bytes"":2167513465},{""name"":""kwok-node-13"",""cap_cpu_m"":2195,""cap_mem_bytes"":2167513465},{""name"":""kwok-node-14"",""cap_cpu_m"":2195,""cap_mem_bytes"":2167513465},{""name"":""kwok-node-15"",""cap_cpu_m"":2195,""cap_mem_bytes"":2167513465},{""name"":""kwok-node-16"",""cap_cpu_m"":2195,""cap_mem_bytes"":2167513465},{""name"":""kwok-node-17"",""cap_cpu_m"":2195,""cap_mem_bytes"":2167513465},{""name"":""kwok-node-18"",""cap_cpu_m"":2195,""cap_mem_bytes"":2167513465},{""name"":""kwok-node-19"",""cap_cpu_m"":2195,""cap_mem_bytes"":2167513465},{""name"":""kwok-node-20"",""cap_cpu_m"":2195,""cap_mem_bytes"":2167513465},{""name"":""kwok-node-21"",""cap_cpu_m"":2195,""cap_mem_bytes"":2167513465},{""name"":""kwok-node-22"",""cap_cpu_m"":2195,""cap_mem_bytes"":2167513465},{""name"":""kwok-node-23"",""cap_cpu_m"":2195,""cap_mem_bytes"":2167513465},{""name"":""kwok-node-24"",""cap_cpu_m"":2195,""cap_mem_bytes"":2167513465},{""name"":""kwok-node-25"",""cap_cpu_m"":2195,""cap_mem_bytes"":2167513465},{""name"":""kwok-node-26"",""cap_cpu_m"":2195,""cap_mem_bytes"":2167513465},{""name"":""kwok-node-27"",""cap_cpu_m"":2195,""cap_mem_bytes"":2167513465},{""name"":""kwok-node-28"",""cap_cpu_m"":2195,""cap_mem_bytes"":2167513465},{""name"":""kwok-node-29"",""cap_cpu_m"":2195,""cap_mem_bytes"":2167513465},{""name"":""kwok-node-30"",""cap_cpu_m"":2195,""cap_mem_bytes"":2167513465},{""name"":""kwok-node-31"",""cap_cpu_m"":2195,""cap_mem_bytes"":2167513465},{""name"":""kwok-node-32"",""cap_cpu_m"":2195,""cap_mem_bytes"":2167513465}]"
2026/02/11/12:08:33,226216363256580172,no improving solution from any solver,"{""evicted"":0,""moved"":0,""placed_by_priority"":{""1"":18,""2"":29,""3"":21,""4"":36}}",,,,,"[{""duration_ms"":1037,""name"":""python"",""score"":{""evicted"":14,""moved"":26,""placed_by_priority"":{""1"":5,""2"":34,""3"":36,""4"":36}},""status"":""UNKNOWN""}]",0.815,0.815,0.796,0.796,49370,49370,55956399447,55956399447,104,104,24,24,"{""kwok-node-1"":3,""kwok-node-10"":3,""kwok-node-11"":3,""kwok-node-12"":5,""kwok-node-13"":3,""kwok-node-14"":4,""kwok-node-15"":4,""kwok-node-16"":3,""kwok-node-17"":3,""kwok-node-18"":3,""kwok-node-19"":3,""kwok-node-2"":3,""kwok-node-20"":3,""kwok-node-21"":4,""kwok-node-22"":3,""kwok-node-23"":4,""kwok-node-24"":2,""kwok-node-25"":3,""kwok-node-26"":3,""kwok-node-27"":3,""kwok-node-28"":3,""kwok-node-29"":3,""kwok-node-3"":3,""kwok-node-30"":3,""kwok-node-31"":3,""kwok-node-32"":4,""kwok-node-4"":4,""kwok-node-5"":3,""kwok-node-6"":2,""kwok-node-7"":4,""kwok-node-8"":3,""kwok-node-9"":4}","{""kwok-node-1"":3,""kwok-node-10"":3,""kwok-node-11"":3,""kwok-node-12"":5,""kwok-node-13"":3,""kwok-node-14"":4,""kwok-node-15"":4,""kwok-node-16"":3,""kwok-node-17"":3,""kwok-node-18"":3,""kwok-node-19"":3,""kwok-node-2"":3,""kwok-node-20"":3,""kwok-node-21"":4,""kwok-node-22"":3,""kwok-node-23"":4,""kwok-node-24"":2,""kwok-node-25"":3,""kwok-node-26"":3,""kwok-node-27"":3,""kwok-node-28"":3,""kwok-node-29"":3,""kwok-node-3"":3,""kwok-node-30"":3,""kwok-node-31"":3,""kwok-node-32"":4,""kwok-node-4"":4,""kwok-node-5"":3,""kwok-node-6"":2,""kwok-node-7"":4,""kwok-node-8"":3,""kwok-node-9"":4}","{""p1"":18,""p2"":29,""p3"":21,""p4"":36}","{""p1"":18,""p2"":29,""p3"":21,""p4"":36}","{""p1"":4,""p2"":5,""p3"":15}","{""p1"":4,""p2"":5,""p3"":15}","{rs-33-p3-mqhfq,rs-35-p3-7fljp,rs-35-p3-d6gfh,rs-35-p3-rzgrj,rs-36-p3-7vmch,rs-36-p3-l2ppz,rs-43-p2-hvzn6,rs-43-p2-rjps4,rs-46-p3-9kl9b,rs-46-p3-nnszw,rs-46-p3-wmj5q,rs-47-p2-npzsb,rs-48-p3-7z6sq,rs-48-p3-qv5j2,rs-48-p3-tspj9,rs-49-p1-c4rbm,rs-49-p1-ghlqk,rs-49-p1-tjjks,rs-51-p2-n4cp7,rs-53-p2-g2xcp,rs-54-p1-dq2wg,rs-55-p3-5l2f5,rs-55-p3-8nhcg,rs-55-p3-dbgqh}","{rs-33-p3-mqhfq,rs-35-p3-7fljp,rs-35-p3-d6gfh,rs-35-p3-rzgrj,rs-36-p3-7vmch,rs-36-p3-l2ppz,rs-43-p2-hvzn6,rs-43-p2-rjps4,rs-46-p3-9kl9b,rs-46-p3-nnszw,rs-46-p3-wmj5q,rs-47-p2-npzsb,rs-48-p3-7z6sq,rs-48-p3-qv5j2,rs-48-p3-tspj9,rs-49-p1-c4rbm,rs-49-p1-ghlqk,rs-49-p1-tjjks,rs-51-p2-n4cp7,rs-53-p2-g2xcp,rs-54-p1-dq2wg,rs-55-p3-5l2f5,rs-55-p3-8nhcg,rs-55-p3-dbgqh}","{rs-01-p4-n8vkc,rs-02-p3-jb8qz,rs-02-p3-nkpw6,rs-03-p2-5gvg9,rs-03-p2-fffs6,rs-04-p4-sljnh,rs-05-p2-5ql88,rs-05-p2-9bzkn,rs-05-p2-dqn4c,rs-06-p4-f2xfs,rs-06-p4-pgq4t,rs-06-p4-rzk26,rs-06-p4-zr7d9,rs-07-p2-q9vmv,rs-07-p2-qxm49,rs-07-p2-zxqcp,rs-08-p3-nndqv,rs-08-p3-v4dn9,rs-08-p3-vx9p9,rs-09-p2-2g5sk,rs-09-p2-7dhdp,rs-10-p4-hmh8l,rs-10-p4-sn2jb,rs-10-p4-wjkqc,rs-11-p3-7tp94,rs-12-p3-c9pcg,rs-12-p3-fcjvr,rs-12-p3-p5pdg,rs-12-p3-xnh25,rs-13-p4-59h6x,rs-13-p4-p6wtd,rs-13-p4-zr2nf,rs-14-p4-c8dcj,rs-14-p4-n754l,rs-14-p4-rhl6v,rs-15-p1-gf7sf,rs-15-p1-v5rhd,rs-16-p4-ptrw4,rs-16-p4-pwfwr,rs-16-p4-v7xg8,rs-17-p2-vt8d8,rs-18-p2-mt6j9,rs-19-p1-2ftbr,rs-19-p1-mwdwf,rs-19-p1-xwngj,rs-20-p1-4rtfg,rs-20-p1-65qvc,rs-20-p1-fkqn4,rs-20-p1-rv2qn,rs-21-p4-jv568,rs-21-p4-nklbb,rs-21-p4-vw4mp,rs-22-p2-cd9k4,rs-22-p2-wxqzv,rs-23-p1-2hb4v,rs-23-p1-4c6sg,rs-23-p1-rwbfk,rs-24-p3-kft28,rs-24-p3-kfvq6,rs-24-p3-ksxth,rs-24-p3-xr8tx,rs-25-p1-7hj87,rs-25-p1-ns75h,rs-25-p1-xllw2,rs-26-p4-mccvj,rs-27-p3-cdknw,rs-28-p1-xhvzw,rs-28-p1-z8mps,rs-29-p2-xjwh5,rs-30-p2-9vt4f,rs-31-p3-2c9h2,rs-31-p3-l5nwr,rs-31-p3-pk5l2,rs-31-p3-vqn6t,rs-32-p2-fzzxq,rs-32-p2-jr2kw,rs-32-p2-n86kl,rs-33-p3-d5bm4,rs-34-p2-945m9,rs-34-p2-9r7fn,rs-34-p2-c2lgn,rs-37-p4-rxh76,rs-37-p4-sdbhh,rs-38-p2-4jwhs,rs-38-p2-r8ntm,rs-38-p2-rhm4g,rs-39-p2-pnp4p,rs-39-p2-tc9x2,rs-40-p4-dwcc9,rs-40-p4-rvqgl,rs-40-p4-vcdq7,rs-40-p4-znj9p,rs-41-p4-n2xcc,rs-42-p4-5t9xl,rs-42-p4-dvgtg,rs-42-p4-sq695,rs-44-p4-gscbw,rs-44-p4-mbvxp,rs-44-p4-rltbp,rs-45-p1-d9dw7,rs-50-p2-5lp5c,rs-50-p2-jt879,rs-52-p3-2qbxz,rs-56-p4-kf5t4}","{rs-01-p4-n8vkc,rs-02-p3-jb8qz,rs-02-p3-nkpw6,rs-03-p2-5gvg9,rs-03-p2-fffs6,rs-04-p4-sljnh,rs-05-p2-5ql88,rs-05-p2-9bzkn,rs-05-p2-dqn4c,rs-06-p4-f2xfs,rs-06-p4-pgq4t,rs-06-p4-rzk26,rs-06-p4-zr7d9,rs-07-p2-q9vmv,rs-07-p2-qxm49,rs-07-p2-zxqcp,rs-08-p3-nndqv,rs-08-p3-v4dn9,rs-08-p3-vx9p9,rs-09-p2-2g5sk,rs-09-p2-7dhdp,rs-10-p4-hmh8l,rs-10-p4-sn2jb,rs-10-p4-wjkqc,rs-11-p3-7tp94,rs-12-p3-c9pcg,rs-12-p3-fcjvr,rs-12-p3-p5pdg,rs-12-p3-xnh25,rs-13-p4-59h6x,rs-13-p4-p6wtd,rs-13-p4-zr2nf,rs-14-p4-c8dcj,rs-14-p4-n754l,rs-14-p4-rhl6v,rs-15-p1-gf7sf,rs-15-p1-v5rhd,rs-16-p4-ptrw4,rs-16-p4-pwfwr,rs-16-p4-v7xg8,rs-17-p2-vt8d8,rs-18-p2-mt6j9,rs-19-p1-2ftbr,rs-19-p1-mwdwf,rs-19-p1-xwngj,rs-20-p1-4rtfg,rs-20-p1-65qvc,rs-20-p1-fkqn4,rs-20-p1-rv2qn,rs-21-p4-jv568,rs-21-p4-nklbb,rs-21-p4-vw4mp,rs-22-p2-cd9k4,rs-22-p2-wxqzv,rs-23-p1-2hb4v,rs-23-p1-4c6sg,rs-23-p1-rwbfk,rs-24-p3-kft28,rs-24-p3-kfvq6,rs-24-p3-ksxth,rs-24-p3-xr8tx,rs-25-p1-7hj87,rs-25-p1-ns75h,rs-25-p1-xllw2,rs-26-p4-mccvj,rs-27-p3-cdknw,rs-28-p1-xhvzw,rs-28-p1-z8mps,rs-29-p2-xjwh5,rs-30-p2-9vt4f,rs-31-p3-2c9h2,rs-31-p3-l5nwr,rs-31-p3-pk5l2,rs-31-p3-vqn6t,rs-32-p2-fzzxq,rs-32-p2-jr2kw,rs-32-p2-n86kl,rs-33-p3-d5bm4,rs-34-p2-945m9,rs-34-p2-9r7fn,rs-34-p2-c2lgn,rs-37-p4-rxh76,rs-37-p4-sdbhh,rs-38-p2-4jwhs,rs-38-p2-r8ntm,rs-38-p2-rhm4g,rs-39-p2-pnp4p,rs-39-p2-tc9x2,rs-40-p4-dwcc9,rs-40-p4-rvqgl,rs-40-p4-vcdq7,rs-40-p4-znj9p,rs-41-p4-n2xcc,rs-42-p4-5t9xl,rs-42-p4-dvgtg,rs-42-p4-sq695,rs-44-p4-gscbw,rs-44-p4-mbvxp,rs-44-p4-rltbp,rs-45-p1-d9dw7,rs-50-p2-5lp5c,rs-50-p2-jt879,rs-52-p3-2qbxz,rs-56-p4-kf5t4}","[{""name"":""rs-01-p4-n8vkc"",""cpu_m"":321,""mem_b"":124199962,""priority"":""4"",""node"":""kwok-node-10""},{""name"":""rs-02-p3-jb8qz"",""cpu_m"":360,""mem_b"":747283452,""priority"":""3"",""node"":""kwok-node-15""},{""name"":""rs-02-p3-nkpw6"",""cpu_m"":360,""mem_b"":747283452,""priority"":""3"",""node"":""kwok-node-11""},{""name"":""rs-03-p2-5gvg9"",""cpu_m"":947,""mem_b"":315862458,""priority"":""2"",""node"":""kwok-node-1""},{""name"":""rs-03-p2-fffs6"",""cpu_m"":947,""mem_b"":315862458,""priority"":""2"",""node"":""kwok-node-2""},{""name"":""rs-04-p4-sljnh"",""cpu_m"":610,""mem_b"":379694061,""priority"":""4"",""node"":""kwok-node-23""},{""name"":""rs-05-p2-5ql88"",""cpu_m"":816,""mem_b"":222810476,""priority"":""2"",""node"":""kwok-node-14""},{""name"":""rs-05-p2-9bzkn"",""cpu_m"":816,""mem_b"":222810476,""priority"":""2"",""node"":""kwok-node-13""},{""name"":""rs-05-p2-dqn4c"",""cpu_m"":816,""mem_b"":222810476,""priority"":""2"",""node"":""kwok-node-16""},{""name"":""rs-06-p4-f2xfs"",""cpu_m"":375,""mem_b"":369124187,""priority"":""4"",""node"":""kwok-node-12""},{""name"":""rs-06-p4-pgq4t"",""cpu_m"":375,""mem_b"":369124187,""priority"":""4"",""node"":""kwok-node-21""},{""name"":""rs-06-p4-rzk26"",""cpu_m"":375,""mem_b"":369124187,""priority"":""4"",""node"":""kwok-node-17""},{""name"":""rs-06-p4-zr7d9"",""cpu_m"":375,""mem_b"":369124187,""priority"":""4"",""node"":""kwok-node-22""},{""name"":""rs-07-p2-q9vmv"",""cpu_m"":758,""mem_b"":473260605,""priority"":""2"",""node"":""kwok-node-20""},{""name"":""rs-07-p2-qxm49"",""cpu_m"":758,""mem_b"":473260605,""priority"":""2"",""node"":""kwok-node-19""},{""name"":""rs-07-p2-zxqcp"",""cpu_m"":758,""mem_b"":473260605,""priority"":""2"",""node"":""kwok-node-18""},{""name"":""rs-08-p3-nndqv"",""cpu_m"":625,""mem_b"":805264617,""priority"":""3"",""node"":""kwok-node-27""},{""name"":""rs-08-p3-v4dn9"",""cpu_m"":625,""mem_b"":805264617,""priority"":""3"",""node"":""kwok-node-24""},{""name"":""rs-08-p3-vx9p9"",""cpu_m"":625,""mem_b"":805264617,""priority"":""3"",""node"":""kwok-node-26""},{""name"":""rs-09-p2-2g5sk"",""cpu_m"":578,""mem_b"":977735682,""priority"":""2"",""node"":""kwok-node-28""},{""name"":""rs-09-p2-7dhdp"",""cpu_m"":578,""mem_b"":977735682,""priority"":""2"",""node"":""kwok-node-29""},{""name"":""rs-10-p4-hmh8l"",""cpu_m"":647,""mem_b"":970005561,""priority"":""4"",""node"":""kwok-node-30""},{""name"":""rs-10-p4-sn2jb"",""cpu_m"":647,""mem_b"":970005561,""priority"":""4"",""node"":""kwok-node-3""},{""name"":""rs-10-p4-wjkqc"",""cpu_m"":647,""mem_b"":970005561,""priority"":""4"",""node"":""kwok-node-25""},{""name"":""rs-11-p3-7tp94"",""cpu_m"":293,""mem_b"":854038421,""priority"":""3"",""node"":""kwok-node-10""},{""name"":""rs-12-p3-c9pcg"",""cpu_m"":744,""mem_b"":305112038,""priority"":""3"",""node"":""kwok-node-17""},{""name"":""rs-12-p3-fcjvr"",""cpu_m"":744,""mem_b"":305112038,""priority"":""3"",""node"":""kwok-node-11""},{""name"":""rs-12-p3-p5pdg"",""cpu_m"":744,""mem_b"":305112038,""priority"":""3"",""node"":""kwok-node-31""},{""name"":""rs-12-p3-xnh25"",""cpu_m"":744,""mem_b"":305112038,""priority"":""3"",""node"":""kwok-node-15""},{""name"":""rs-13-p4-59h6x"",""cpu_m"":585,""mem_b"":853761288,""priority"":""4"",""node"":""kwok-node-6""},{""name"":""rs-13-p4-p6wtd"",""cpu_m"":585,""mem_b"":853761288,""priority"":""4"",""node"":""kwok-node-7""},{""name"":""rs-13-p4-zr2nf"",""cpu_m"":585,""mem_b"":853761288,""priority"":""4"",""node"":""kwok-node-5""},{""name"":""rs-14-p4-c8dcj"",""cpu_m"":449,""mem_b"":531480980,""priority"":""4"",""node"":""kwok-node-32""},{""name"":""rs-14-p4-n754l"",""cpu_m"":449,""mem_b"":531480980,""priority"":""4"",""node"":""kwok-node-9""},{""name"":""rs-14-p4-rhl6v"",""cpu_m"":449,""mem_b"":531480980,""priority"":""4"",""node"":""kwok-node-4""},{""name"":""rs-15-p1-gf7sf"",""cpu_m"":629,""mem_b"":399890200,""priority"":""1"",""node"":""kwok-node-8""},{""name"":""rs-15-p1-v5rhd"",""cpu_m"":629,""mem_b"":399890200,""priority"":""1"",""node"":""kwok-node-22""},{""name"":""rs-16-p4-ptrw4"",""cpu_m"":225,""mem_b"":492681593,""priority"":""4"",""node"":""kwok-node-23""},{""name"":""rs-16-p4-pwfwr"",""cpu_m"":225,""mem_b"":492681593,""priority"":""4"",""node"":""kwok-node-21""},{""name"":""rs-16-p4-v7xg8"",""cpu_m"":225,""mem_b"":492681593,""priority"":""4"",""node"":""kwok-node-12""},{""name"":""rs-17-p2-vt8d8"",""cpu_m"":623,""mem_b"":811595176,""priority"":""2"",""node"":""kwok-node-32""},{""name"":""rs-18-p2-mt6j9"",""cpu_m"":793,""mem_b"":134107448,""priority"":""2"",""node"":""kwok-node-9""},{""name"":""rs-19-p1-2ftbr"",""cpu_m"":204,""mem_b"":867324727,""priority"":""1"",""node"":""kwok-node-31""},{""name"":""rs-19-p1-mwdwf"",""cpu_m"":204,""mem_b"":867324727,""priority"":""1"",""node"":""kwok-node-13""},{""name"":""rs-19-p1-xwngj"",""cpu_m"":204,""mem_b"":867324727,""priority"":""1"",""node"":""kwok-node-16""},{""name"":""rs-20-p1-4rtfg"",""cpu_m"":557,""mem_b"":614867828,""priority"":""1"",""node"":""kwok-node-26""},{""name"":""rs-20-p1-65qvc"",""cpu_m"":557,""mem_b"":614867828,""priority"":""1"",""node"":""kwok-node-4""},{""name"":""rs-20-p1-fkqn4"",""cpu_m"":557,""mem_b"":614867828,""priority"":""1"",""node"":""kwok-node-8""},{""name"":""rs-20-p1-rv2qn"",""cpu_m"":557,""mem_b"":614867828,""priority"":""1"",""node"":""kwok-node-27""},{""name"":""rs-21-p4-jv568"",""cpu_m"":438,""mem_b"":364766793,""priority"":""4"",""node"":""kwok-node-12""},{""name"":""rs-21-p4-nklbb"",""cpu_m"":438,""mem_b"":364766793,""priority"":""4"",""node"":""kwok-node-7""},{""name"":""rs-21-p4-vw4mp"",""cpu_m"":438,""mem_b"":364766793,""priority"":""4"",""node"":""kwok-node-21""},{""name"":""rs-22-p2-cd9k4"",""cpu_m"":641,""mem_b"":724152874,""priority"":""2"",""node"":""kwok-node-6""},{""name"":""rs-22-p2-wxqzv"",""cpu_m"":641,""mem_b"":724152874,""priority"":""2"",""node"":""kwok-node-24""},{""name"":""rs-23-p1-2hb4v"",""cpu_m"":355,""mem_b"":788643225,""priority"":""1"",""node"":""kwok-node-18""},{""name"":""rs-23-p1-4c6sg"",""cpu_m"":355,""mem_b"":788643225,""priority"":""1"",""node"":""kwok-node-19""},{""name"":""rs-23-p1-rwbfk"",""cpu_m"":355,""mem_b"":788643225,""priority"":""1"",""node"":""kwok-node-20""},{""name"":""rs-24-p3-kft28"",""cpu_m"":964,""mem_b"":415664180,""priority"":""3"",""node"":""kwok-node-10""},{""name"":""rs-24-p3-kfvq6"",""cpu_m"":964,""mem_b"":415664180,""priority"":""3"",""node"":""kwok-node-5""},{""name"":""rs-24-p3-ksxth"",""cpu_m"":964,""mem_b"":415664180,""priority"":""3"",""node"":""kwok-node-29""},{""name"":""rs-24-p3-xr8tx"",""cpu_m"":964,""mem_b"":415664180,""priority"":""3"",""node"":""kwok-node-28""},{""name"":""rs-25-p1-7hj87"",""cpu_m"":134,""mem_b"":398295557,""priority"":""1"",""node"":""kwok-node-2""},{""name"":""rs-25-p1-ns75h"",""cpu_m"":134,""mem_b"":398295557,""priority"":""1"",""node"":""kwok-node-23""},{""name"":""rs-25-p1-xllw2"",""cpu_m"":134,""mem_b"":398295557,""priority"":""1"",""node"":""kwok-node-14""},{""name"":""rs-26-p4-mccvj"",""cpu_m"":431,""mem_b"":486032092,""priority"":""4"",""node"":""kwok-node-3""},{""name"":""rs-27-p3-cdknw"",""cpu_m"":501,""mem_b"":170115044,""priority"":""3"",""node"":""kwok-node-25""},{""name"":""rs-28-p1-xhvzw"",""cpu_m"":575,""mem_b"":384533610,""priority"":""1"",""node"":""kwok-node-31""},{""name"":""rs-28-p1-z8mps"",""cpu_m"":575,""mem_b"":384533610,""priority"":""1"",""node"":""kwok-node-30""},{""name"":""rs-29-p2-xjwh5"",""cpu_m"":701,""mem_b"":762376976,""priority"":""2"",""node"":""kwok-node-1""},{""name"":""rs-30-p2-9vt4f"",""cpu_m"":184,""mem_b"":241590814,""priority"":""2"",""node"":""kwok-node-14""},{""name"":""rs-31-p3-2c9h2"",""cpu_m"":517,""mem_b"":886220012,""priority"":""3"",""node"":""kwok-node-2""},{""name"":""rs-31-p3-l5nwr"",""cpu_m"":517,""mem_b"":886220012,""priority"":""3"",""node"":""kwok-node-14""},{""name"":""rs-31-p3-pk5l2"",""cpu_m"":517,""mem_b"":886220012,""priority"":""3"",""node"":""kwok-node-22""},{""name"":""rs-31-p3-vqn6t"",""cpu_m"":517,""mem_b"":886220012,""priority"":""3"",""node"":""kwok-node-17""},{""name"":""rs-32-p2-fzzxq"",""cpu_m"":332,""mem_b"":556900225,""priority"":""2"",""node"":""kwok-node-16""},{""name"":""rs-32-p2-jr2kw"",""cpu_m"":332,""mem_b"":556900225,""priority"":""2"",""node"":""kwok-node-11""},{""name"":""rs-32-p2-n86kl"",""cpu_m"":332,""mem_b"":556900225,""priority"":""2"",""node"":""kwok-node-13""},{""name"":""rs-33-p3-d5bm4"",""cpu_m"":896,""mem_b"":107811722,""priority"":""3"",""node"":""kwok-node-23""},{""name"":""rs-33-p3-mqhfq"",""cpu_m"":896,""mem_b"":107811722,""priority"":""3"",""node"":""""},{""name"":""rs-34-p2-945m9"",""cpu_m"":477,""mem_b"":303409334,""priority"":""2"",""node"":""kwok-node-7""},{""name"":""rs-34-p2-9r7fn"",""cpu_m"":477,""mem_b"":303409334,""priority"":""2"",""node"":""kwok-node-12""},{""name"":""rs-34-p2-c2lgn"",""cpu_m"":477,""mem_b"":303409334,""priority"":""2"",""node"":""kwok-node-4""},{""name"":""rs-35-p3-7fljp"",""cpu_m"":856,""mem_b"":207744111,""priority"":""3"",""node"":""""},{""name"":""rs-35-p3-d6gfh"",""cpu_m"":856,""mem_b"":207744111,""priority"":""3"",""node"":""""},{""name"":""rs-35-p3-rzgrj"",""cpu_m"":856,""mem_b"":207744111,""priority"":""3"",""node"":""""},{""name"":""rs-36-p3-7vmch"",""cpu_m"":896,""mem_b"":963359288,""priority"":""3"",""node"":""""},{""name"":""rs-36-p3-l2ppz"",""cpu_m"":896,""mem_b"":963359288,""priority"":""3"",""node"":""""},{""name"":""rs-37-p4-rxh76"",""cpu_m"":249,""mem_b"":388135352,""priority"":""4"",""node"":""kwok-node-15""},{""name"":""rs-37-p4-sdbhh"",""cpu_m"":249,""mem_b"":388135352,""priority"":""4"",""node"":""kwok-node-21""},{""name"":""rs-38-p2-4jwhs"",""cpu_m"":347,""mem_b"":454232544,""priority"":""2"",""node"":""kwok-node-18""},{""name"":""rs-38-p2-r8ntm"",""cpu_m"":347,""mem_b"":454232544,""priority"":""2"",""node"":""kwok-node-20""},{""name"":""rs-38-p2-rhm4g"",""cpu_m"":347,""mem_b"":454232544,""priority"":""2"",""node"":""kwok-node-19""},{""name"":""rs-39-p2-pnp4p"",""cpu_m"":448,""mem_b"":624217377,""priority"":""2"",""node"":""kwok-node-25""},{""name"":""rs-39-p2-tc9x2"",""cpu_m"":448,""mem_b"":624217377,""priority"":""2"",""node"":""kwok-node-8""},{""name"":""rs-40-p4-dwcc9"",""cpu_m"":151,""mem_b"":237486330,""priority"":""4"",""node"":""kwok-node-9""},{""name"":""rs-40-p4-rvqgl"",""cpu_m"":151,""mem_b"":237486330,""priority"":""4"",""node"":""kwok-node-32""},{""name"":""rs-40-p4-vcdq7"",""cpu_m"":151,""mem_b"":237486330,""priority"":""4"",""node"":""kwok-node-30""},{""name"":""rs-40-p4-znj9p"",""cpu_m"":151,""mem_b"":237486330,""priority"":""4"",""node"":""kwok-node-26""},{""name"":""rs-41-p4-n2xcc"",""cpu_m"":397,""mem_b"":532653484,""priority"":""4"",""node"":""kwok-node-27""},{""name"":""rs-42-p4-5t9xl"",""cpu_m"":108,""mem_b"":782010046,""priority"":""4"",""node"":""kwok-node-5""},{""name"":""rs-42-p4-dvgtg"",""cpu_m"":108,""mem_b"":782010046,""priority"":""4"",""node"":""kwok-node-1""},{""name"":""rs-42-p4-sq695"",""cpu_m"":108,""mem_b"":782010046,""priority"":""4"",""node"":""kwok-node-9""},{""name"":""rs-43-p2-hvzn6"",""cpu_m"":885,""mem_b"":981012237,""priority"":""2"",""node"":""""},{""name"":""rs-43-p2-rjps4"",""cpu_m"":885,""mem_b"":981012237,""priority"":""2"",""node"":""""},{""name"":""rs-44-p4-gscbw"",""cpu_m"":309,""mem_b"":623272407,""priority"":""4"",""node"":""kwok-node-4""},{""name"":""rs-44-p4-mbvxp"",""cpu_m"":309,""mem_b"":623272407,""priority"":""4"",""node"":""kwok-node-15""},{""name"":""rs-44-p4-rltbp"",""cpu_m"":309,""mem_b"":623272407,""priority"":""4"",""node"":""kwok-node-3""},{""name"":""rs-45-p1-d9dw7"",""cpu_m"":370,""mem_b"":124359954,""priority"":""1"",""node"":""kwok-node-32""},{""name"":""rs-46-p3-9kl9b"",""cpu_m"":274,""mem_b"":924244946,""priority"":""3"",""node"":""""},{""name"":""rs-46-p3-nnszw"",""cpu_m"":274,""mem_b"":924244946,""priority"":""3"",""node"":""""},{""name"":""rs-46-p3-wmj5q"",""cpu_m"":274,""mem_b"":924244946,""priority"":""3"",""node"":""""},{""name"":""rs-47-p2-npzsb"",""cpu_m"":508,""mem_b"":799644781,""priority"":""2"",""node"":""""},{""name"":""rs-48-p3-7z6sq"",""cpu_m"":716,""mem_b"":747058108,""priority"":""3"",""node"":""""},{""name"":""rs-48-p3-qv5j2"",""cpu_m"":716,""mem_b"":747058108,""priority"":""3"",""node"":""""},{""name"":""rs-48-p3-tspj9"",""cpu_m"":716,""mem_b"":747058108,""priority"":""3"",""node"":""""},{""name"":""rs-49-p1-c4rbm"",""cpu_m"":234,""mem_b"":889054579,""priority"":""1"",""node"":""""},{""name"":""rs-49-p1-ghlqk"",""cpu_m"":234,""mem_b"":889054579,""priority"":""1"",""node"":""""},{""name"":""rs-49-p1-tjjks"",""cpu_m"":234,""mem_b"":889054579,""priority"":""1"",""node"":""""},{""name"":""rs-50-p2-5lp5c"",""cpu_m"":148,""mem_b"":438641952,""priority"":""2"",""node"":""kwok-node-29""},{""name"":""rs-50-p2-jt879"",""cpu_m"":148,""mem_b"":438641952,""priority"":""2"",""node"":""kwok-node-12""},{""name"":""rs-51-p2-n4cp7"",""cpu_m"":801,""mem_b"":635652659,""priority"":""2"",""node"":""""},{""name"":""rs-52-p3-2qbxz"",""cpu_m"":129,""mem_b"":779822977,""priority"":""3"",""node"":""kwok-node-28""},{""name"":""rs-53-p2-g2xcp"",""cpu_m"":610,""mem_b"":774335980,""priority"":""2"",""node"":""""},{""name"":""rs-54-p1-dq2wg"",""cpu_m"":705,""mem_b"":816091582,""priority"":""1"",""node"":""""},{""name"":""rs-55-p3-5l2f5"",""cpu_m"":289,""mem_b"":849351996,""priority"":""3"",""node"":""""},{""name"":""rs-55-p3-8nhcg"",""cpu_m"":289,""mem_b"":849351996,""priority"":""3"",""node"":""""},{""name"":""rs-55-p3-dbgqh"",""cpu_m"":289,""mem_b"":849351996,""priority"":""3"",""node"":""""},{""name"":""rs-56-p4-kf5t4"",""cpu_m"":312,""mem_b"":668837168,""priority"":""4"",""node"":""kwok-node-7""}]","[{""name"":""rs-01-p4-n8vkc"",""cpu_m"":321,""mem_b"":124199962,""priority"":""4"",""node"":""kwok-node-10""},{""name"":""rs-02-p3-jb8qz"",""cpu_m"":360,""mem_b"":747283452,""priority"":""3"",""node"":""kwok-node-15""},{""name"":""rs-02-p3-nkpw6"",""cpu_m"":360,""mem_b"":747283452,""priority"":""3"",""node"":""kwok-node-11""},{""name"":""rs-03-p2-5gvg9"",""cpu_m"":947,""mem_b"":315862458,""priority"":""2"",""node"":""kwok-node-1""},{""name"":""rs-03-p2-fffs6"",""cpu_m"":947,""mem_b"":315862458,""priority"":""2"",""node"":""kwok-node-2""},{""name"":""rs-04-p4-sljnh"",""cpu_m"":610,""mem_b"":379694061,""priority"":""4"",""node"":""kwok-node-23""},{""name"":""rs-05-p2-5ql88"",""cpu_m"":816,""mem_b"":222810476,""priority"":""2"",""node"":""kwok-node-14""},{""name"":""rs-05-p2-9bzkn"",""cpu_m"":816,""mem_b"":222810476,""priority"":""2"",""node"":""kwok-node-13""},{""name"":""rs-05-p2-dqn4c"",""cpu_m"":816,""mem_b"":222810476,""priority"":""2"",""node"":""kwok-node-16""},{""name"":""rs-06-p4-f2xfs"",""cpu_m"":375,""mem_b"":369124187,""priority"":""4"",""node"":""kwok-node-12""},{""name"":""rs-06-p4-pgq4t"",""cpu_m"":375,""mem_b"":369124187,""priority"":""4"",""node"":""kwok-node-21""},{""name"":""rs-06-p4-rzk26"",""cpu_m"":375,""mem_b"":369124187,""priority"":""4"",""node"":""kwok-node-17""},{""name"":""rs-06-p4-zr7d9"",""cpu_m"":375,""mem_b"":369124187,""priority"":""4"",""node"":""kwok-node-22""},{""name"":""rs-07-p2-q9vmv"",""cpu_m"":758,""mem_b"":473260605,""priority"":""2"",""node"":""kwok-node-20""},{""name"":""rs-07-p2-qxm49"",""cpu_m"":758,""mem_b"":473260605,""priority"":""2"",""node"":""kwok-node-19""},{""name"":""rs-07-p2-zxqcp"",""cpu_m"":758,""mem_b"":473260605,""priority"":""2"",""node"":""kwok-node-18""},{""name"":""rs-08-p3-nndqv"",""cpu_m"":625,""mem_b"":805264617,""priority"":""3"",""node"":""kwok-node-27""},{""name"":""rs-08-p3-v4dn9"",""cpu_m"":625,""mem_b"":805264617,""priority"":""3"",""node"":""kwok-node-24""},{""name"":""rs-08-p3-vx9p9"",""cpu_m"":625,""mem_b"":805264617,""priority"":""3"",""node"":""kwok-node-26""},{""name"":""rs-09-p2-2g5sk"",""cpu_m"":578,""mem_b"":977735682,""priority"":""2"",""node"":""kwok-node-28""},{""name"":""rs-09-p2-7dhdp"",""cpu_m"":578,""mem_b"":977735682,""priority"":""2"",""node"":""kwok-node-29""},{""name"":""rs-10-p4-hmh8l"",""cpu_m"":647,""mem_b"":970005561,""priority"":""4"",""node"":""kwok-node-30""},{""name"":""rs-10-p4-sn2jb"",""cpu_m"":647,""mem_b"":970005561,""priority"":""4"",""node"":""kwok-node-3""},{""name"":""rs-10-p4-wjkqc"",""cpu_m"":647,""mem_b"":970005561,""priority"":""4"",""node"":""kwok-node-25""},{""name"":""rs-11-p3-7tp94"",""cpu_m"":293,""mem_b"":854038421,""priority"":""3"",""node"":""kwok-node-10""},{""name"":""rs-12-p3-c9pcg"",""cpu_m"":744,""mem_b"":305112038,""priority"":""3"",""node"":""kwok-node-17""},{""name"":""rs-12-p3-fcjvr"",""cpu_m"":744,""mem_b"":305112038,""priority"":""3"",""node"":""kwok-node-11""},{""name"":""rs-12-p3-p5pdg"",""cpu_m"":744,""mem_b"":305112038,""priority"":""3"",""node"":""kwok-node-31""},{""name"":""rs-12-p3-xnh25"",""cpu_m"":744,""mem_b"":305112038,""priority"":""3"",""node"":""kwok-node-15""},{""name"":""rs-13-p4-59h6x"",""cpu_m"":585,""mem_b"":853761288,""priority"":""4"",""node"":""kwok-node-6""},{""name"":""rs-13-p4-p6wtd"",""cpu_m"":585,""mem_b"":853761288,""priority"":""4"",""node"":""kwok-node-7""},{""name"":""rs-13-p4-zr2nf"",""cpu_m"":585,""mem_b"":853761288,""priority"":""4"",""node"":""kwok-node-5""},{""name"":""rs-14-p4-c8dcj"",""cpu_m"":449,""mem_b"":531480980,""priority"":""4"",""node"":""kwok-node-32""},{""name"":""rs-14-p4-n754l"",""cpu_m"":449,""mem_b"":531480980,""priority"":""4"",""node"":""kwok-node-9""},{""name"":""rs-14-p4-rhl6v"",""cpu_m"":449,""mem_b"":531480980,""priority"":""4"",""node"":""kwok-node-4""},{""name"":""rs-15-p1-gf7sf"",""cpu_m"":629,""mem_b"":399890200,""priority"":""1"",""node"":""kwok-node-8""},{""name"":""rs-15-p1-v5rhd"",""cpu_m"":629,""mem_b"":399890200,""priority"":""1"",""node"":""kwok-node-22""},{""name"":""rs-16-p4-ptrw4"",""cpu_m"":225,""mem_b"":492681593,""priority"":""4"",""node"":""kwok-node-23""},{""name"":""rs-16-p4-pwfwr"",""cpu_m"":225,""mem_b"":492681593,""priority"":""4"",""node"":""kwok-node-21""},{""name"":""rs-16-p4-v7xg8"",""cpu_m"":225,""mem_b"":492681593,""priority"":""4"",""node"":""kwok-node-12""},{""name"":""rs-17-p2-vt8d8"",""cpu_m"":623,""mem_b"":811595176,""priority"":""2"",""node"":""kwok-node-32""},{""name"":""rs-18-p2-mt6j9"",""cpu_m"":793,""mem_b"":134107448,""priority"":""2"",""node"":""kwok-node-9""},{""name"":""rs-19-p1-2ftbr"",""cpu_m"":204,""mem_b"":867324727,""priority"":""1"",""node"":""kwok-node-31""},{""name"":""rs-19-p1-mwdwf"",""cpu_m"":204,""mem_b"":867324727,""priority"":""1"",""node"":""kwok-node-13""},{""name"":""rs-19-p1-xwngj"",""cpu_m"":204,""mem_b"":867324727,""priority"":""1"",""node"":""kwok-node-16""},{""name"":""rs-20-p1-4rtfg"",""cpu_m"":557,""mem_b"":614867828,""priority"":""1"",""node"":""kwok-node-26""},{""name"":""rs-20-p1-65qvc"",""cpu_m"":557,""mem_b"":614867828,""priority"":""1"",""node"":""kwok-node-4""},{""name"":""rs-20-p1-fkqn4"",""cpu_m"":557,""mem_b"":614867828,""priority"":""1"",""node"":""kwok-node-8""},{""name"":""rs-20-p1-rv2qn"",""cpu_m"":557,""mem_b"":614867828,""priority"":""1"",""node"":""kwok-node-27""},{""name"":""rs-21-p4-jv568"",""cpu_m"":438,""mem_b"":364766793,""priority"":""4"",""node"":""kwok-node-12""},{""name"":""rs-21-p4-nklbb"",""cpu_m"":438,""mem_b"":364766793,""priority"":""4"",""node"":""kwok-node-7""},{""name"":""rs-21-p4-vw4mp"",""cpu_m"":438,""mem_b"":364766793,""priority"":""4"",""node"":""kwok-node-21""},{""name"":""rs-22-p2-cd9k4"",""cpu_m"":641,""mem_b"":724152874,""priority"":""2"",""node"":""kwok-node-6""},{""name"":""rs-22-p2-wxqzv"",""cpu_m"":641,""mem_b"":724152874,""priority"":""2"",""node"":""kwok-node-24""},{""name"":""rs-23-p1-2hb4v"",""cpu_m"":355,""mem_b"":788643225,""priority"":""1"",""node"":""kwok-node-18""},{""name"":""rs-23-p1-4c6sg"",""cpu_m"":355,""mem_b"":788643225,""priority"":""1"",""node"":""kwok-node-19""},{""name"":""rs-23-p1-rwbfk"",""cpu_m"":355,""mem_b"":788643225,""priority"":""1"",""node"":""kwok-node-20""},{""name"":""rs-24-p3-kft28"",""cpu_m"":964,""mem_b"":415664180,""priority"":""3"",""node"":""kwok-node-10""},{""name"":""rs-24-p3-kfvq6"",""cpu_m"":964,""mem_b"":415664180,""priority"":""3"",""node"":""kwok-node-5""},{""name"":""rs-24-p3-ksxth"",""cpu_m"":964,""mem_b"":415664180,""priority"":""3"",""node"":""kwok-node-29""},{""name"":""rs-24-p3-xr8tx"",""cpu_m"":964,""mem_b"":415664180,""priority"":""3"",""node"":""kwok-node-28""},{""name"":""rs-25-p1-7hj87"",""cpu_m"":134,""mem_b"":398295557,""priority"":""1"",""node"":""kwok-node-2""},{""name"":""rs-25-p1-ns75h"",""cpu_m"":134,""mem_b"":398295557,""priority"":""1"",""node"":""kwok-node-23""},{""name"":""rs-25-p1-xllw2"",""cpu_m"":134,""mem_b"":398295557,""priority"":""1"",""node"":""kwok-node-14""},{""name"":""rs-26-p4-mccvj"",""cpu_m"":431,""mem_b"":486032092,""priority"":""4"",""node"":""kwok-node-3""},{""name"":""rs-27-p3-cdknw"",""cpu_m"":501,""mem_b"":170115044,""priority"":""3"",""node"":""kwok-node-25""},{""name"":""rs-28-p1-xhvzw"",""cpu_m"":575,""mem_b"":384533610,""priority"":""1"",""node"":""kwok-node-31""},{""name"":""rs-28-p1-z8mps"",""cpu_m"":575,""mem_b"":384533610,""priority"":""1"",""node"":""kwok-node-30""},{""name"":""rs-29-p2-xjwh5"",""cpu_m"":701,""mem_b"":762376976,""priority"":""2"",""node"":""kwok-node-1""},{""name"":""rs-30-p2-9vt4f"",""cpu_m"":184,""mem_b"":241590814,""priority"":""2"",""node"":""kwok-node-14""},{""name"":""rs-31-p3-2c9h2"",""cpu_m"":517,""mem_b"":886220012,""priority"":""3"",""node"":""kwok-node-2""},{""name"":""rs-31-p3-l5nwr"",""cpu_m"":517,""mem_b"":886220012,""priority"":""3"",""node"":""kwok-node-14""},{""name"":""rs-31-p3-pk5l2"",""cpu_m"":517,""mem_b"":886220012,""priority"":""3"",""node"":""kwok-node-22""},{""name"":""rs-31-p3-vqn6t"",""cpu_m"":517,""mem_b"":886220012,""priority"":""3"",""node"":""kwok-node-17""},{""name"":""rs-32-p2-fzzxq"",""cpu_m"":332,""mem_b"":556900225,""priority"":""2"",""node"":""kwok-node-16""},{""name"":""rs-32-p2-jr2kw"",""cpu_m"":332,""mem_b"":556900225,""priority"":""2"",""node"":""kwok-node-11""},{""name"":""rs-32-p2-n86kl"",""cpu_m"":332,""mem_b"":556900225,""priority"":""2"",""node"":""kwok-node-13""},{""name"":""rs-33-p3-d5bm4"",""cpu_m"":896,""mem_b"":107811722,""priority"":""3"",""node"":""kwok-node-23""},{""name"":""rs-33-p3-mqhfq"",""cpu_m"":896,""mem_b"":107811722,""priority"":""3"",""node"":""""},{""name"":""rs-34-p2-945m9"",""cpu_m"":477,""mem_b"":303409334,""priority"":""2"",""node"":""kwok-node-7""},{""name"":""rs-34-p2-9r7fn"",""cpu_m"":477,""mem_b"":303409334,""priority"":""2"",""node"":""kwok-node-12""},{""name"":""rs-34-p2-c2lgn"",""cpu_m"":477,""mem_b"":303409334,""priority"":""2"",""node"":""kwok-node-4""},{""name"":""rs-35-p3-7fljp"",""cpu_m"":856,""mem_b"":207744111,""priority"":""3"",""node"":""""},{""name"":""rs-35-p3-d6gfh"",""cpu_m"":856,""mem_b"":207744111,""priority"":""3"",""node"":""""},{""name"":""rs-35-p3-rzgrj"",""cpu_m"":856,""mem_b"":207744111,""priority"":""3"",""node"":""""},{""name"":""rs-36-p3-7vmch"",""cpu_m"":896,""mem_b"":963359288,""priority"":""3"",""node"":""""},{""name"":""rs-36-p3-l2ppz"",""cpu_m"":896,""mem_b"":963359288,""priority"":""3"",""node"":""""},{""name"":""rs-37-p4-rxh76"",""cpu_m"":249,""mem_b"":388135352,""priority"":""4"",""node"":""kwok-node-15""},{""name"":""rs-37-p4-sdbhh"",""cpu_m"":249,""mem_b"":388135352,""priority"":""4"",""node"":""kwok-node-21""},{""name"":""rs-38-p2-4jwhs"",""cpu_m"":347,""mem_b"":454232544,""priority"":""2"",""node"":""kwok-node-18""},{""name"":""rs-38-p2-r8ntm"",""cpu_m"":347,""mem_b"":454232544,""priority"":""2"",""node"":""kwok-node-20""},{""name"":""rs-38-p2-rhm4g"",""cpu_m"":347,""mem_b"":454232544,""priority"":""2"",""node"":""kwok-node-19""},{""name"":""rs-39-p2-pnp4p"",""cpu_m"":448,""mem_b"":624217377,""priority"":""2"",""node"":""kwok-node-25""},{""name"":""rs-39-p2-tc9x2"",""cpu_m"":448,""mem_b"":624217377,""priority"":""2"",""node"":""kwok-node-8""},{""name"":""rs-40-p4-dwcc9"",""cpu_m"":151,""mem_b"":237486330,""priority"":""4"",""node"":""kwok-node-9""},{""name"":""rs-40-p4-rvqgl"",""cpu_m"":151,""mem_b"":237486330,""priority"":""4"",""node"":""kwok-node-32""},{""name"":""rs-40-p4-vcdq7"",""cpu_m"":151,""mem_b"":237486330,""priority"":""4"",""node"":""kwok-node-30""},{""name"":""rs-40-p4-znj9p"",""cpu_m"":151,""mem_b"":237486330,""priority"":""4"",""node"":""kwok-node-26""},{""name"":""rs-41-p4-n2xcc"",""cpu_m"":397,""mem_b"":532653484,""priority"":""4"",""node"":""kwok-node-27""},{""name"":""rs-42-p4-5t9xl"",""cpu_m"":108,""mem_b"":782010046,""priority"":""4"",""node"":""kwok-node-5""},{""name"":""rs-42-p4-dvgtg"",""cpu_m"":108,""mem_b"":782010046,""priority"":""4"",""node"":""kwok-node-1""},{""name"":""rs-42-p4-sq695"",""cpu_m"":108,""mem_b"":782010046,""priority"":""4"",""node"":""kwok-node-9""},{""name"":""rs-43-p2-hvzn6"",""cpu_m"":885,""mem_b"":981012237,""priority"":""2"",""node"":""""},{""name"":""rs-43-p2-rjps4"",""cpu_m"":885,""mem_b"":981012237,""priority"":""2"",""node"":""""},{""name"":""rs-44-p4-gscbw"",""cpu_m"":309,""mem_b"":623272407,""priority"":""4"",""node"":""kwok-node-4""},{""name"":""rs-44-p4-mbvxp"",""cpu_m"":309,""mem_b"":623272407,""priority"":""4"",""node"":""kwok-node-15""},{""name"":""rs-44-p4-rltbp"",""cpu_m"":309,""mem_b"":623272407,""priority"":""4"",""node"":""kwok-node-3""},{""name"":""rs-45-p1-d9dw7"",""cpu_m"":370,""mem_b"":124359954,""priority"":""1"",""node"":""kwok-node-32""},{""name"":""rs-46-p3-9kl9b"",""cpu_m"":274,""mem_b"":924244946,""priority"":""3"",""node"":""""},{""name"":""rs-46-p3-nnszw"",""cpu_m"":274,""mem_b"":924244946,""priority"":""3"",""node"":""""},{""name"":""rs-46-p3-wmj5q"",""cpu_m"":274,""mem_b"":924244946,""priority"":""3"",""node"":""""},{""name"":""rs-47-p2-npzsb"",""cpu_m"":508,""mem_b"":799644781,""priority"":""2"",""node"":""""},{""name"":""rs-48-p3-7z6sq"",""cpu_m"":716,""mem_b"":747058108,""priority"":""3"",""node"":""""},{""name"":""rs-48-p3-qv5j2"",""cpu_m"":716,""mem_b"":747058108,""priority"":""3"",""node"":""""},{""name"":""rs-48-p3-tspj9"",""cpu_m"":716,""mem_b"":747058108,""priority"":""3"",""node"":""""},{""name"":""rs-49-p1-c4rbm"",""cpu_m"":234,""mem_b"":889054579,""priority"":""1"",""node"":""""},{""name"":""rs-49-p1-ghlqk"",""cpu_m"":234,""mem_b"":889054579,""priority"":""1"",""node"":""""},{""name"":""rs-49-p1-tjjks"",""cpu_m"":234,""mem_b"":889054579,""priority"":""1"",""node"":""""},{""name"":""rs-50-p2-5lp5c"",""cpu_m"":148,""mem_b"":438641952,""priority"":""2"",""node"":""kwok-node-29""},{""name"":""rs-50-p2-jt879"",""cpu_m"":148,""mem_b"":438641952,""priority"":""2"",""node"":""kwok-node-12""},{""name"":""rs-51-p2-n4cp7"",""cpu_m"":801,""mem_b"":635652659,""priority"":""2"",""node"":""""},{""name"":""rs-52-p3-2qbxz"",""cpu_m"":129,""mem_b"":779822977,""priority"":""3"",""node"":""kwok-node-28""},{""name"":""rs-53-p2-g2xcp"",""cpu_m"":610,""mem_b"":774335980,""priority"":""2"",""node"":""""},{""name"":""rs-54-p1-dq2wg"",""cpu_m"":705,""mem_b"":816091582,""priority"":""1"",""node"":""""},{""name"":""rs-55-p3-5l2f5"",""cpu_m"":289,""mem_b"":849351996,""priority"":""3"",""node"":""""},{""name"":""rs-55-p3-8nhcg"",""cpu_m"":289,""mem_b"":849351996,""priority"":""3"",""node"":""""},{""name"":""rs-55-p3-dbgqh"",""cpu_m"":289,""mem_b"":849351996,""priority"":""3"",""node"":""""},{""name"":""rs-56-p4-kf5t4"",""cpu_m"":312,""mem_b"":668837168,""priority"":""4"",""node"":""kwok-node-7""}]","[{""name"":""kwok-node-1"",""cap_cpu_m"":1892,""cap_mem_bytes"":2197352395},{""name"":""kwok-node-2"",""cap_cpu_m"":1892,""cap_mem_bytes"":2197352395},{""name"":""kwok-node-3"",""cap_cpu_m"":1892,""cap_mem_bytes"":2197352395},{""name"":""kwok-node-4"",""cap_cpu_m"":1892,""cap_mem_bytes"":2197352395},{""name"":""kwok-node-5"",""cap_cpu_m"":1892,""cap_mem_bytes"":2197352395},{""name"":""kwok-node-6"",""cap_cpu_m"":1892,""cap_mem_bytes"":2197352395},{""name"":""kwok-node-7"",""cap_cpu_m"":1892,""cap_mem_bytes"":2197352395},{""name"":""kwok-node-8"",""cap_cpu_m"":1892,""cap_mem_bytes"":2197352395},{""name"":""kwok-node-9"",""cap_cpu_m"":1892,""cap_mem_bytes"":2197352395},{""name"":""kwok-node-10"",""cap_cpu_m"":1892,""cap_mem_bytes"":2197352395},{""name"":""kwok-node-11"",""cap_cpu_m"":1892,""cap_mem_bytes"":2197352395},{""name"":""kwok-node-12"",""cap_cpu_m"":1892,""cap_mem_bytes"":2197352395},{""name"":""kwok-node-13"",""cap_cpu_m"":1892,""cap_mem_bytes"":2197352395},{""name"":""kwok-node-14"",""cap_cpu_m"":1892,""cap_mem_bytes"":2197352395},{""name"":""kwok-node-15"",""cap_cpu_m"":1892,""cap_mem_bytes"":2197352395},{""name"":""kwok-node-16"",""cap_cpu_m"":1892,""cap_mem_bytes"":2197352395},{""name"":""kwok-node-17"",""cap_cpu_m"":1892,""cap_mem_bytes"":2197352395},{""name"":""kwok-node-18"",""cap_cpu_m"":1892,""cap_mem_bytes"":2197352395},{""name"":""kwok-node-19"",""cap_cpu_m"":1892,""cap_mem_bytes"":2197352395},{""name"":""kwok-node-20"",""cap_cpu_m"":1892,""cap_mem_bytes"":2197352395},{""name"":""kwok-node-21"",""cap_cpu_m"":1892,""cap_mem_bytes"":2197352395},{""name"":""kwok-node-22"",""cap_cpu_m"":1892,""cap_mem_bytes"":2197352395},{""name"":""kwok-node-23"",""cap_cpu_m"":1892,""cap_mem_bytes"":2197352395},{""name"":""kwok-node-24"",""cap_cpu_m"":1892,""cap_mem_bytes"":2197352395},{""name"":""kwok-node-25"",""cap_cpu_m"":1892,""cap_mem_bytes"":2197352395},{""name"":""kwok-node-26"",""cap_cpu_m"":1892,""cap_mem_bytes"":2197352395},{""name"":""kwok-node-27"",""cap_cpu_m"":1892,""cap_mem_bytes"":2197352395},{""name"":""kwok-node-28"",""cap_cpu_m"":1892,""cap_mem_bytes"":2197352395},{""name"":""kwok-node-29"",""cap_cpu_m"":1892,""cap_mem_bytes"":2197352395},{""name"":""kwok-node-30"",""cap_cpu_m"":1892,""cap_mem_bytes"":2197352395},{""name"":""kwok-node-31"",""cap_cpu_m"":1892,""cap_mem_bytes"":2197352395},{""name"":""kwok-node-32"",""cap_cpu_m"":1892,""cap_mem_bytes"":2197352395}]"
2026/02/11/12:09:28,6895378818991516291,,"{""evicted"":0,""moved"":0,""placed_by_priority"":{""1"":31,""2"":24,""3"":15,""4"":37}}",python,"{""evicted"":6,""moved"":13,""placed_by_priority"":{""1"":30,""2"":24,""3"":17,""4"":46}}",1014,FEASIBLE,"[{""duration_ms"":1014,""name"":""python"",""score"":{""evicted"":6,""moved"":13,""placed_by_priority"":{""1"":30,""2"":24,""3"":17,""4"":46}},""status"":""FEASIBLE""}]",0.940,0.885,0.914,0.791,68516,64467,59733387763,51673083290,117,107,11,21,"{""kwok-node-1"":4,""kwok-node-10"":3,""kwok-node-11"":3,""kwok-node-12"":4,""kwok-node-13"":3,""kwok-node-14"":3,""kwok-node-15"":4,""kwok-node-16"":4,""kwok-node-17"":3,""kwok-node-18"":4,""kwok-node-19"":5,""kwok-node-2"":4,""kwok-node-20"":4,""kwok-node-21"":4,""kwok-node-22"":3,""kwok-node-23"":3,""kwok-node-24"":4,""kwok-node-25"":3,""kwok-node-26"":4,""kwok-node-27"":4,""kwok-node-28"":4,""kwok-node-29"":4,""kwok-node-3"":4,""kwok-node-30"":3,""kwok-node-31"":4,""kwok-node-32"":3,""kwok-node-4"":4,""kwok-node-5"":5,""kwok-node-6"":3,""kwok-node-7"":4,""kwok-node-8"":3,""kwok-node-9"":3}","{""kwok-node-1"":3,""kwok-node-10"":3,""kwok-node-11"":3,""kwok-node-12"":3,""kwok-node-13"":3,""kwok-node-14"":3,""kwok-node-15"":4,""kwok-node-16"":3,""kwok-node-17"":4,""kwok-node-18"":4,""kwok-node-19"":4,""kwok-node-2"":3,""kwok-node-20"":4,""kwok-node-21"":4,""kwok-node-22"":3,""kwok-node-23"":3,""kwok-node-24"":3,""kwok-node-25"":2,""kwok-node-26"":4,""kwok-node-27"":4,""kwok-node-28"":4,""kwok-node-29"":3,""kwok-node-3"":3,""kwok-node-30"":3,""kwok-node-31"":4,""kwok-node-32"":3,""kwok-node-4"":3,""kwok-node-5"":5,""kwok-node-6"":3,""kwok-node-7"":4,""kwok-node-8"":3,""kwok-node-9"":2}","{""p1"":30,""p2"":24,""p3"":17,""p4"":46}","{""p1"":31,""p2"":24,""p3"":15,""p4"":37}","{""p1"":11}","{""p1"":10,""p3"":2,""p4"":9}","{rs-10-p1-425tv,rs-10-p1-7j5ns,rs-10-p1-hxxqz,rs-10-p1-rqqvh,rs-16-p1-djrrl,rs-32-p1-8vrcx,rs-39-p1-v42lh,rs-42-p1-4vxff,rs-42-p1-f8zcf,rs-46-p1-dsz75,rs-46-p1-v8w5q}","{rs-39-p1-v42lh,rs-42-p1-4vxff,rs-42-p1-f8zcf,rs-43-p4-md287,rs-44-p4-cxgl6,rs-46-p1-dsz75,rs-46-p1-gvdc4,rs-46-p1-mn5kp,rs-46-p1-v8w5q,rs-47-p4-59zcc,rs-47-p4-q42vp,rs-47-p4-tt84k,rs-48-p4-gwsgj,rs-48-p4-r8fhl,rs-48-p4-tfct5,rs-48-p4-v7qwt,rs-50-p1-4vvrw,rs-50-p1-hvj7d,rs-50-p1-k5c7m,rs-51-p3-dzcfn,rs-51-p3-ntjqk}","{rs-01-p4-dndcp,rs-02-p4-56xns,rs-02-p4-kl75d,rs-02-p4-l4gg5,rs-03-p2-7gjng,rs-03-p2-mf6mq,rs-04-p2-6tmk7,rs-04-p2-8c8t9,rs-04-p2-v2jdx,rs-05-p1-b6g45,rs-05-p1-h4tht,rs-05-p1-shjkf,rs-05-p1-xns5n,rs-06-p1-kwlx2,rs-06-p1-mq6f8,rs-06-p1-vpp2c,rs-07-p1-znvsd,rs-08-p4-5vj2f,rs-08-p4-fpmph,rs-09-p1-2lckf,rs-09-p1-vws88,rs-09-p1-x5zwf,rs-11-p4-6mrfx,rs-11-p4-dtrt9,rs-11-p4-s4sxs,rs-12-p3-nlr88,rs-13-p4-2sj7d,rs-13-p4-nj6ht,rs-13-p4-rt5dl,rs-14-p2-4wbct,rs-14-p2-vch4b,rs-14-p2-xdhxn,rs-15-p2-ccxhv,rs-15-p2-tzdxg,rs-16-p1-njmr9,rs-17-p4-4mg9w,rs-17-p4-hgknw,rs-18-p2-79b59,rs-18-p2-px9w8,rs-19-p4-4tfdw,rs-19-p4-76k87,rs-19-p4-v27v2,rs-20-p3-2pf7n,rs-20-p3-ng9tw,rs-20-p3-nw499,rs-20-p3-vpd9c,rs-21-p4-27584,rs-21-p4-5kqc5,rs-21-p4-gll5m,rs-21-p4-hcg2m,rs-22-p1-dzbff,rs-22-p1-g9lk7,rs-22-p1-gdpjs,rs-22-p1-ksz7c,rs-23-p3-q7gqb,rs-23-p3-x68wq,rs-24-p4-znxxp,rs-25-p4-nwj4k,rs-25-p4-v45vf,rs-25-p4-zsxl5,rs-26-p3-q9qjj,rs-27-p3-98thv,rs-27-p3-c9z9z,rs-28-p2-bbpsg,rs-28-p2-bt6n5,rs-28-p2-dst8j,rs-29-p3-kcw7b,rs-29-p3-lqd8f,rs-29-p3-pt5x6,rs-30-p3-7bllj,rs-30-p3-zlzhv,rs-31-p4-7d9pb,rs-31-p4-hkbf6,rs-31-p4-wcsds,rs-33-p4-6c2vn,rs-33-p4-dhwpt,rs-34-p2-6gp52,rs-34-p2-jqgf9,rs-34-p2-q28s4,rs-34-p2-tzb6m,rs-35-p1-d9k82,rs-35-p1-nr85g,rs-35-p1-t8dr6,rs-35-p1-tzb2l,rs-36-p4-9v5bw,rs-37-p4-mv28c,rs-37-p4-sv7j5,rs-38-p2-2bdbm,rs-38-p2-zjczc,rs-40-p2-8xnsw,rs-40-p2-9kt5s,rs-40-p2-zgflv,rs-41-p4-fpx9b,rs-43-p4-md287,rs-43-p4-r6lqq,rs-43-p4-vbrmb,rs-44-p4-cxgl6,rs-45-p1-4qzn2,rs-45-p1-8hvvh,rs-45-p1-g6wjn,rs-46-p1-gvdc4,rs-46-p1-mn5kp,rs-47-p4-59zcc,rs-47-p4-mg9p5,rs-47-p4-q42vp,rs-47-p4-tt84k,rs-48-p4-gwsgj,rs-48-p4-r8fhl,rs-48-p4-tfct5,rs-48-p4-v7qwt,rs-49-p1-7tq6w,rs-50-p1-4vvrw,rs-50-p1-hvj7d,rs-50-p1-k5c7m,rs-51-p3-dzcfn,rs-51-p3-ntjqk,rs-52-p1-bcgmb}","{rs-01-p4-dndcp,rs-02-p4-56xns,rs-02-p4-kl75d,rs-02-p4-l4gg5,rs-03-p2-7gjng,rs-03-p2-mf6mq,rs-04-p2-6tmk7,rs-04-p2-8c8t9,rs-04-p2-v2jdx,rs-05-p1-b6g45,rs-05-p1-gtssf,rs-05-p1-h4tht,rs-05-p1-shjkf,rs-06-p1-kwlx2,rs-06-p1-mpq59,rs-06-p1-vpp2c,rs-07-p1-4zm72,rs-08-p4-5vj2f,rs-08-p4-fpmph,rs-09-p1-2lckf,rs-09-p1-j2h7w,rs-09-p1-vws88,rs-10-p1-dhljp,rs-10-p1-lnh8c,rs-10-p1-mtdrz,rs-10-p1-nc74j,rs-11-p4-6mrfx,rs-11-p4-dtrt9,rs-11-p4-s4sxs,rs-12-p3-nlr88,rs-13-p4-2sj7d,rs-13-p4-nj6ht,rs-13-p4-rt5dl,rs-14-p2-4wbct,rs-14-p2-vch4b,rs-14-p2-xdhxn,rs-15-p2-ccxhv,rs-15-p2-tzdxg,rs-16-p1-fhcj6,rs-16-p1-njmr9,rs-17-p4-4mg9w,rs-17-p4-hgknw,rs-18-p2-79b59,rs-18-p2-px9w8,rs-19-p4-4tfdw,rs-19-p4-76k87,rs-19-p4-v27v2,rs-20-p3-2pf7n,rs-20-p3-ng9tw,rs-20-p3-nw499,rs-20-p3-vpd9c,rs-21-p4-27584,rs-21-p4-5kqc5,rs-21-p4-gll5m,rs-21-p4-hcg2m,rs-22-p1-8l6qm,rs-22-p1-bmkj4,rs-22-p1-ddjlh,rs-22-p1-llhtm,rs-23-p3-q7gqb,rs-23-p3-x68wq,rs-24-p4-znxxp,rs-25-p4-nwj4k,rs-25-p4-v45vf,rs-25-p4-zsxl5,rs-26-p3-q9qjj,rs-27-p3-98thv,rs-27-p3-c9z9z,rs-28-p2-bbpsg,rs-28-p2-bt6n5,rs-28-p2-dst8j,rs-29-p3-kcw7b,rs-29-p3-lqd8f,rs-29-p3-pt5x6,rs-30-p3-7bllj,rs-30-p3-zlzhv,rs-31-p4-7d9pb,rs-31-p4-hkbf6,rs-31-p4-wcsds,rs-32-p1-289ck,rs-33-p4-6c2vn,rs-33-p4-dhwpt,rs-34-p2-6gp52,rs-34-p2-jqgf9,rs-34-p2-q28s4,rs-34-p2-tzb6m,rs-35-p1-b2jw5,rs-35-p1-fp86t,rs-35-p1-nr85g,rs-35-p1-t8dr6,rs-36-p4-9v5bw,rs-37-p4-mv28c,rs-37-p4-sv7j5,rs-38-p2-2bdbm,rs-38-p2-zjczc,rs-40-p2-8xnsw,rs-40-p2-9kt5s,rs-40-p2-zgflv,rs-41-p4-fpx9b,rs-43-p4-r6lqq,rs-43-p4-vbrmb,rs-45-p1-5842c,rs-45-p1-g6wjn,rs-45-p1-kh795,rs-47-p4-mg9p5,rs-49-p1-27bvn,rs-52-p1-bcgmb}","[{""name"":""rs-01-p4-dndcp"",""cpu_m"":236,""mem_b"":691628935,""priority"":""4"",""node"":""kwok-node-1""},{""name"":""rs-02-p4-56xns"",""cpu_m"":354,""mem_b"":580285518,""priority"":""4"",""node"":""kwok-node-14""},{""name"":""rs-02-p4-kl75d"",""cpu_m"":354,""mem_b"":580285518,""priority"":""4"",""node"":""kwok-node-16""},{""name"":""rs-02-p4-l4gg5"",""cpu_m"":354,""mem_b"":580285518,""priority"":""4"",""node"":""kwok-node-11""},{""name"":""rs-03-p2-7gjng"",""cpu_m"":774,""mem_b"":294093716,""priority"":""2"",""node"":""kwok-node-2""},{""name"":""rs-03-p2-mf6mq"",""cpu_m"":774,""mem_b"":294093716,""priority"":""2"",""node"":""kwok-node-15""},{""name"":""rs-04-p2-6tmk7"",""cpu_m"":834,""mem_b"":229635197,""priority"":""2"",""node"":""kwok-node-19""},{""name"":""rs-04-p2-8c8t9"",""cpu_m"":834,""mem_b"":229635197,""priority"":""2"",""node"":""kwok-node-18""},{""name"":""rs-04-p2-v2jdx"",""cpu_m"":834,""mem_b"":229635197,""priority"":""2"",""node"":""kwok-node-20""},{""name"":""rs-05-p1-b6g45"",""cpu_m"":995,""mem_b"":336972685,""priority"":""1"",""node"":""kwok-node-13""},{""name"":""rs-05-p1-h4tht"",""cpu_m"":995,""mem_b"":336972685,""priority"":""1"",""node"":""kwok-node-12""},{""name"":""rs-05-p1-shjkf"",""cpu_m"":995,""mem_b"":336972685,""priority"":""1"",""node"":""kwok-node-10""},{""name"":""rs-05-p1-xns5n"",""cpu_m"":995,""mem_b"":336972685,""priority"":""1"",""node"":""kwok-node-29""},{""name"":""rs-06-p1-kwlx2"",""cpu_m"":644,""mem_b"":588711066,""priority"":""1"",""node"":""kwok-node-17""},{""name"":""rs-06-p1-mq6f8"",""cpu_m"":644,""mem_b"":588711066,""priority"":""1"",""node"":""kwok-node-24""},{""name"":""rs-06-p1-vpp2c"",""cpu_m"":644,""mem_b"":588711066,""priority"":""1"",""node"":""kwok-node-21""},{""name"":""rs-07-p1-znvsd"",""cpu_m"":170,""mem_b"":946211030,""priority"":""1"",""node"":""kwok-node-1""},{""name"":""rs-08-p4-5vj2f"",""cpu_m"":338,""mem_b"":130644569,""priority"":""4"",""node"":""kwok-node-3""},{""name"":""rs-08-p4-fpmph"",""cpu_m"":338,""mem_b"":130644569,""priority"":""4"",""node"":""kwok-node-26""},{""name"":""rs-09-p1-2lckf"",""cpu_m"":782,""mem_b"":321569974,""priority"":""1"",""node"":""kwok-node-28""},{""name"":""rs-09-p1-vws88"",""cpu_m"":782,""mem_b"":321569974,""priority"":""1"",""node"":""kwok-node-30""},{""name"":""rs-09-p1-x5zwf"",""cpu_m"":782,""mem_b"":321569974,""priority"":""1"",""node"":""kwok-node-3""},{""name"":""rs-10-p1-425tv"",""cpu_m"":980,""mem_b"":771624414,""priority"":""1"",""node"":""""},{""name"":""rs-10-p1-7j5ns"",""cpu_m"":980,""mem_b"":771624414,""priority"":""1"",""node"":""""},{""name"":""rs-10-p1-hxxqz"",""cpu_m"":980,""mem_b"":771624414,""priority"":""1"",""node"":""""},{""name"":""rs-10-p1-rqqvh"",""cpu_m"":980,""mem_b"":771624414,""priority"":""1"",""node"":""""},{""name"":""rs-11-p4-6mrfx"",""cpu_m"":176,""mem_b"":484892493,""priority"":""4"",""node"":""kwok-node-2""},{""name"":""rs-11-p4-dtrt9"",""cpu_m"":176,""mem_b"":484892493,""priority"":""4"",""node"":""kwok-node-15""},{""name"":""rs-11-p4-s4sxs"",""cpu_m"":176,""mem_b"":484892493,""priority"":""4"",""node"":""kwok-node-31""},{""name"":""rs-12-p3-nlr88"",""cpu_m"":795,""mem_b"":872719045,""priority"":""3"",""node"":""kwok-node-32""},{""name"":""rs-13-p4-2sj7d"",""cpu_m"":727,""mem_b"":866064370,""priority"":""4"",""node"":""kwok-node-6""},{""name"":""rs-13-p4-nj6ht"",""cpu_m"":727,""mem_b"":866064370,""priority"":""4"",""node"":""kwok-node-9""},{""name"":""rs-13-p4-rt5dl"",""cpu_m"":727,""mem_b"":866064370,""priority"":""4"",""node"":""kwok-node-8""},{""name"":""rs-14-p2-4wbct"",""cpu_m"":434,""mem_b"":414227814,""priority"":""2"",""node"":""kwok-node-7""},{""name"":""rs-14-p2-vch4b"",""cpu_m"":434,""mem_b"":414227814,""priority"":""2"",""node"":""kwok-node-4""},{""name"":""rs-14-p2-xdhxn"",""cpu_m"":434,""mem_b"":414227814,""priority"":""2"",""node"":""kwok-node-5""},{""name"":""rs-15-p2-ccxhv"",""cpu_m"":169,""mem_b"":426660311,""priority"":""2"",""node"":""kwok-node-7""},{""name"":""rs-15-p2-tzdxg"",""cpu_m"":169,""mem_b"":426660311,""priority"":""2"",""node"":""kwok-node-5""},{""name"":""rs-16-p1-djrrl"",""cpu_m"":777,""mem_b"":542247165,""priority"":""1"",""node"":""""},{""name"":""rs-16-p1-njmr9"",""cpu_m"":777,""mem_b"":542247165,""priority"":""1"",""node"":""kwok-node-31""},{""name"":""rs-17-p4-4mg9w"",""cpu_m"":973,""mem_b"":216547979,""priority"":""4"",""node"":""kwok-node-1""},{""name"":""rs-17-p4-hgknw"",""cpu_m"":973,""mem_b"":216547979,""priority"":""4"",""node"":""kwok-node-27""},{""name"":""rs-18-p2-79b59"",""cpu_m"":281,""mem_b"":401736650,""priority"":""2"",""node"":""kwok-node-24""},{""name"":""rs-18-p2-px9w8"",""cpu_m"":281,""mem_b"":401736650,""priority"":""2"",""node"":""kwok-node-30""},{""name"":""rs-19-p4-4tfdw"",""cpu_m"":847,""mem_b"":733532634,""priority"":""4"",""node"":""kwok-node-14""},{""name"":""rs-19-p4-76k87"",""cpu_m"":847,""mem_b"":733532634,""priority"":""4"",""node"":""kwok-node-11""},{""name"":""rs-19-p4-v27v2"",""cpu_m"":847,""mem_b"":733532634,""priority"":""4"",""node"":""kwok-node-16""},{""name"":""rs-20-p3-2pf7n"",""cpu_m"":787,""mem_b"":173228312,""priority"":""3"",""node"":""kwok-node-5""},{""name"":""rs-20-p3-ng9tw"",""cpu_m"":787,""mem_b"":173228312,""priority"":""3"",""node"":""kwok-node-17""},{""name"":""rs-20-p3-nw499"",""cpu_m"":787,""mem_b"":173228312,""priority"":""3"",""node"":""kwok-node-7""},{""name"":""rs-20-p3-vpd9c"",""cpu_m"":787,""mem_b"":173228312,""priority"":""3"",""node"":""kwok-node-21""},{""name"":""rs-21-p4-27584"",""cpu_m"":372,""mem_b"":723847456,""priority"":""4"",""node"":""kwok-node-18""},{""name"":""rs-21-p4-5kqc5"",""cpu_m"":372,""mem_b"":723847456,""priority"":""4"",""node"":""kwok-node-20""},{""name"":""rs-21-p4-gll5m"",""cpu_m"":372,""mem_b"":723847456,""priority"":""4"",""node"":""kwok-node-28""},{""name"":""rs-21-p4-hcg2m"",""cpu_m"":372,""mem_b"":723847456,""priority"":""4"",""node"":""kwok-node-19""},{""name"":""rs-22-p1-dzbff"",""cpu_m"":668,""mem_b"":471745336,""priority"":""1"",""node"":""kwok-node-9""},{""name"":""rs-22-p1-g9lk7"",""cpu_m"":668,""mem_b"":471745336,""priority"":""1"",""node"":""kwok-node-4""},{""name"":""rs-22-p1-gdpjs"",""cpu_m"":668,""mem_b"":471745336,""priority"":""1"",""node"":""kwok-node-23""},{""name"":""rs-22-p1-ksz7c"",""cpu_m"":668,""mem_b"":471745336,""priority"":""1"",""node"":""kwok-node-27""},{""name"":""rs-23-p3-q7gqb"",""cpu_m"":259,""mem_b"":361762250,""priority"":""3"",""node"":""kwok-node-12""},{""name"":""rs-23-p3-x68wq"",""cpu_m"":259,""mem_b"":361762250,""priority"":""3"",""node"":""kwok-node-29""},{""name"":""rs-24-p4-znxxp"",""cpu_m"":679,""mem_b"":866934381,""priority"":""4"",""node"":""kwok-node-13""},{""name"":""rs-25-p4-nwj4k"",""cpu_m"":874,""mem_b"":690514019,""priority"":""4"",""node"":""kwok-node-9""},{""name"":""rs-25-p4-v45vf"",""cpu_m"":874,""mem_b"":690514019,""priority"":""4"",""node"":""kwok-node-2""},{""name"":""rs-25-p4-zsxl5"",""cpu_m"":874,""mem_b"":690514019,""priority"":""4"",""node"":""kwok-node-25""},{""name"":""rs-26-p3-q9qjj"",""cpu_m"":859,""mem_b"":648854096,""priority"":""3"",""node"":""kwok-node-15""},{""name"":""rs-27-p3-98thv"",""cpu_m"":875,""mem_b"":204502629,""priority"":""3"",""node"":""kwok-node-31""},{""name"":""rs-27-p3-c9z9z"",""cpu_m"":875,""mem_b"":204502629,""priority"":""3"",""node"":""kwok-node-23""},{""name"":""rs-28-p2-bbpsg"",""cpu_m"":988,""mem_b"":511007424,""priority"":""2"",""node"":""kwok-node-10""},{""name"":""rs-28-p2-bt6n5"",""cpu_m"":988,""mem_b"":511007424,""priority"":""2"",""node"":""kwok-node-30""},{""name"":""rs-28-p2-dst8j"",""cpu_m"":988,""mem_b"":511007424,""priority"":""2"",""node"":""kwok-node-24""},{""name"":""rs-29-p3-kcw7b"",""cpu_m"":487,""mem_b"":273980705,""priority"":""3"",""node"":""kwok-node-18""},{""name"":""rs-29-p3-lqd8f"",""cpu_m"":487,""mem_b"":273980705,""priority"":""3"",""node"":""kwok-node-28""},{""name"":""rs-29-p3-pt5x6"",""cpu_m"":487,""mem_b"":273980705,""priority"":""3"",""node"":""kwok-node-27""},{""name"":""rs-30-p3-7bllj"",""cpu_m"":842,""mem_b"":165347798,""priority"":""3"",""node"":""kwok-node-1""},{""name"":""rs-30-p3-zlzhv"",""cpu_m"":842,""mem_b"":165347798,""priority"":""3"",""node"":""kwok-node-16""},{""name"":""rs-31-p4-7d9pb"",""cpu_m"":993,""mem_b"":165983688,""priority"":""4"",""node"":""kwok-node-4""},{""name"":""rs-31-p4-hkbf6"",""cpu_m"":993,""mem_b"":165983688,""priority"":""4"",""node"":""kwok-node-11""},{""name"":""rs-31-p4-wcsds"",""cpu_m"":993,""mem_b"":165983688,""priority"":""4"",""node"":""kwok-node-14""},{""name"":""rs-32-p1-8vrcx"",""cpu_m"":710,""mem_b"":965554371,""priority"":""1"",""node"":""""},{""name"":""rs-33-p4-6c2vn"",""cpu_m"":192,""mem_b"":221442491,""priority"":""4"",""node"":""kwok-node-20""},{""name"":""rs-33-p4-dhwpt"",""cpu_m"":192,""mem_b"":221442491,""priority"":""4"",""node"":""kwok-node-19""},{""name"":""rs-34-p2-6gp52"",""cpu_m"":519,""mem_b"":528686394,""priority"":""2"",""node"":""kwok-node-29""},{""name"":""rs-34-p2-jqgf9"",""cpu_m"":519,""mem_b"":528686394,""priority"":""2"",""node"":""kwok-node-26""},{""name"":""rs-34-p2-q28s4"",""cpu_m"":519,""mem_b"":528686394,""priority"":""2"",""node"":""kwok-node-22""},{""name"":""rs-34-p2-tzb6m"",""cpu_m"":519,""mem_b"":528686394,""priority"":""2"",""node"":""kwok-node-3""},{""name"":""rs-35-p1-d9k82"",""cpu_m"":276,""mem_b"":525273881,""priority"":""1"",""node"":""kwok-node-19""},{""name"":""rs-35-p1-nr85g"",""cpu_m"":276,""mem_b"":525273881,""priority"":""1"",""node"":""kwok-node-21""},{""name"":""rs-35-p1-t8dr6"",""cpu_m"":276,""mem_b"":525273881,""priority"":""1"",""node"":""kwok-node-5""},{""name"":""rs-35-p1-tzb2l"",""cpu_m"":276,""mem_b"":525273881,""priority"":""1"",""node"":""kwok-node-24""},{""name"":""rs-36-p4-9v5bw"",""cpu_m"":572,""mem_b"":201649888,""priority"":""4"",""node"":""kwok-node-19""},{""name"":""rs-37-p4-mv28c"",""cpu_m"":648,""mem_b"":147490931,""priority"":""4"",""node"":""kwok-node-6""},{""name"":""rs-37-p4-sv7j5"",""cpu_m"":648,""mem_b"":147490931,""priority"":""4"",""node"":""kwok-node-8""},{""name"":""rs-38-p2-2bdbm"",""cpu_m"":454,""mem_b"":486312984,""priority"":""2"",""node"":""kwok-node-20""},{""name"":""rs-38-p2-zjczc"",""cpu_m"":454,""mem_b"":486312984,""priority"":""2"",""node"":""kwok-node-32""},{""name"":""rs-39-p1-v42lh"",""cpu_m"":851,""mem_b"":740688587,""priority"":""1"",""node"":""""},{""name"":""rs-40-p2-8xnsw"",""cpu_m"":517,""mem_b"":692193519,""priority"":""2"",""node"":""kwok-node-13""},{""name"":""rs-40-p2-9kt5s"",""cpu_m"":517,""mem_b"":692193519,""priority"":""2"",""node"":""kwok-node-21""},{""name"":""rs-40-p2-zgflv"",""cpu_m"":517,""mem_b"":692193519,""priority"":""2"",""node"":""kwok-node-28""},{""name"":""rs-41-p4-fpx9b"",""cpu_m"":328,""mem_b"":705991873,""priority"":""4"",""node"":""kwok-node-18""},{""name"":""rs-42-p1-4vxff"",""cpu_m"":473,""mem_b"":983365110,""priority"":""1"",""node"":""""},{""name"":""rs-42-p1-f8zcf"",""cpu_m"":473,""mem_b"":983365110,""priority"":""1"",""node"":""""},{""name"":""rs-43-p4-md287"",""cpu_m"":394,""mem_b"":799634996,""priority"":""4"",""node"":""kwok-node-29""},{""name"":""rs-43-p4-r6lqq"",""cpu_m"":394,""mem_b"":799634996,""priority"":""4"",""node"":""kwok-node-23""},{""name"":""rs-43-p4-vbrmb"",""cpu_m"":394,""mem_b"":799634996,""priority"":""4"",""node"":""kwok-node-31""},{""name"":""rs-44-p4-cxgl6"",""cpu_m"":910,""mem_b"":571842484,""priority"":""4"",""node"":""kwok-node-32""},{""name"":""rs-45-p1-4qzn2"",""cpu_m"":352,""mem_b"":473147031,""priority"":""1"",""node"":""kwok-node-2""},{""name"":""rs-45-p1-8hvvh"",""cpu_m"":352,""mem_b"":473147031,""priority"":""1"",""node"":""kwok-node-12""},{""name"":""rs-45-p1-g6wjn"",""cpu_m"":352,""mem_b"":473147031,""priority"":""1"",""node"":""kwok-node-15""},{""name"":""rs-46-p1-dsz75"",""cpu_m"":379,""mem_b"":774926689,""priority"":""1"",""node"":""""},{""name"":""rs-46-p1-gvdc4"",""cpu_m"":379,""mem_b"":774926689,""priority"":""1"",""node"":""kwok-node-25""},{""name"":""rs-46-p1-mn5kp"",""cpu_m"":379,""mem_b"":774926689,""priority"":""1"",""node"":""kwok-node-12""},{""name"":""rs-46-p1-v8w5q"",""cpu_m"":379,""mem_b"":774926689,""priority"":""1"",""node"":""""},{""name"":""rs-47-p4-59zcc"",""cpu_m"":133,""mem_b"":978845702,""priority"":""4"",""node"":""kwok-node-27""},{""name"":""rs-47-p4-mg9p5"",""cpu_m"":133,""mem_b"":978845702,""priority"":""4"",""node"":""kwok-node-10""},{""name"":""rs-47-p4-q42vp"",""cpu_m"":133,""mem_b"":978845702,""priority"":""4"",""node"":""kwok-node-4""},{""name"":""rs-47-p4-tt84k"",""cpu_m"":133,""mem_b"":978845702,""priority"":""4"",""node"":""kwok-node-26""},{""name"":""rs-48-p4-gwsgj"",""cpu_m"":779,""mem_b"":908146046,""priority"":""4"",""node"":""kwok-node-17""},{""name"":""rs-48-p4-r8fhl"",""cpu_m"":779,""mem_b"":908146046,""priority"":""4"",""node"":""kwok-node-6""},{""name"":""rs-48-p4-tfct5"",""cpu_m"":779,""mem_b"":908146046,""priority"":""4"",""node"":""kwok-node-7""},{""name"":""rs-48-p4-v7qwt"",""cpu_m"":779,""mem_b"":908146046,""priority"":""4"",""node"":""kwok-node-22""},{""name"":""rs-49-p1-7tq6w"",""cpu_m"":203,""mem_b"":378065501,""priority"":""1"",""node"":""kwok-node-16""},{""name"":""rs-50-p1-4vvrw"",""cpu_m"":929,""mem_b"":388659561,""priority"":""1"",""node"":""kwok-node-25""},{""name"":""rs-50-p1-hvj7d"",""cpu_m"":929,""mem_b"":388659561,""priority"":""1"",""node"":""kwok-node-26""},{""name"":""rs-50-p1-k5c7m"",""cpu_m"":929,""mem_b"":388659561,""priority"":""1"",""node"":""kwok-node-22""},{""name"":""rs-51-p3-dzcfn"",""cpu_m"":546,""mem_b"":999086417,""priority"":""3"",""node"":""kwok-node-3""},{""name"":""rs-51-p3-ntjqk"",""cpu_m"":546,""mem_b"":999086417,""priority"":""3"",""node"":""kwok-node-8""},{""name"":""rs-52-p1-bcgmb"",""cpu_m"":415,""mem_b"":417029262,""priority"":""1"",""node"":""kwok-node-5""}]","[{""name"":""rs-01-p4-dndcp"",""cpu_m"":236,""mem_b"":691628935,""priority"":""4"",""node"":""kwok-node-1""},{""name"":""rs-02-p4-56xns"",""cpu_m"":354,""mem_b"":580285518,""priority"":""4"",""node"":""kwok-node-14""},{""name"":""rs-02-p4-kl75d"",""cpu_m"":354,""mem_b"":580285518,""priority"":""4"",""node"":""kwok-node-16""},{""name"":""rs-02-p4-l4gg5"",""cpu_m"":354,""mem_b"":580285518,""priority"":""4"",""node"":""kwok-node-11""},{""name"":""rs-03-p2-7gjng"",""cpu_m"":774,""mem_b"":294093716,""priority"":""2"",""node"":""kwok-node-2""},{""name"":""rs-03-p2-mf6mq"",""cpu_m"":774,""mem_b"":294093716,""priority"":""2"",""node"":""kwok-node-15""},{""name"":""rs-04-p2-6tmk7"",""cpu_m"":834,""mem_b"":229635197,""priority"":""2"",""node"":""kwok-node-19""},{""name"":""rs-04-p2-8c8t9"",""cpu_m"":834,""mem_b"":229635197,""priority"":""2"",""node"":""kwok-node-18""},{""name"":""rs-04-p2-v2jdx"",""cpu_m"":834,""mem_b"":229635197,""priority"":""2"",""node"":""kwok-node-20""},{""name"":""rs-05-p1-b6g45"",""cpu_m"":995,""mem_b"":336972685,""priority"":""1"",""node"":""kwok-node-13""},{""name"":""rs-05-p1-gtssf"",""cpu_m"":995,""mem_b"":336972685,""priority"":""1"",""node"":""kwok-node-23""},{""name"":""rs-05-p1-h4tht"",""cpu_m"":995,""mem_b"":336972685,""priority"":""1"",""node"":""kwok-node-12""},{""name"":""rs-05-p1-shjkf"",""cpu_m"":995,""mem_b"":336972685,""priority"":""1"",""node"":""kwok-node-10""},{""name"":""rs-06-p1-kwlx2"",""cpu_m"":644,""mem_b"":588711066,""priority"":""1"",""node"":""kwok-node-17""},{""name"":""rs-06-p1-mpq59"",""cpu_m"":644,""mem_b"":588711066,""priority"":""1"",""node"":""kwok-node-22""},{""name"":""rs-06-p1-vpp2c"",""cpu_m"":644,""mem_b"":588711066,""priority"":""1"",""node"":""kwok-node-21""},{""name"":""rs-07-p1-4zm72"",""cpu_m"":170,""mem_b"":946211030,""priority"":""1"",""node"":""kwok-node-27""},{""name"":""rs-08-p4-5vj2f"",""cpu_m"":338,""mem_b"":130644569,""priority"":""4"",""node"":""kwok-node-3""},{""name"":""rs-08-p4-fpmph"",""cpu_m"":338,""mem_b"":130644569,""priority"":""4"",""node"":""kwok-node-26""},{""name"":""rs-09-p1-2lckf"",""cpu_m"":782,""mem_b"":321569974,""priority"":""1"",""node"":""kwok-node-28""},{""name"":""rs-09-p1-j2h7w"",""cpu_m"":782,""mem_b"":321569974,""priority"":""1"",""node"":""kwok-node-24""},{""name"":""rs-09-p1-vws88"",""cpu_m"":782,""mem_b"":321569974,""priority"":""1"",""node"":""kwok-node-30""},{""name"":""rs-10-p1-dhljp"",""cpu_m"":980,""mem_b"":771624414,""priority"":""1"",""node"":""kwok-node-25""},{""name"":""rs-10-p1-lnh8c"",""cpu_m"":980,""mem_b"":771624414,""priority"":""1"",""node"":""kwok-node-29""},{""name"":""rs-10-p1-mtdrz"",""cpu_m"":980,""mem_b"":771624414,""priority"":""1"",""node"":""kwok-node-26""},{""name"":""rs-10-p1-nc74j"",""cpu_m"":980,""mem_b"":771624414,""priority"":""1"",""node"":""kwok-node-3""},{""name"":""rs-11-p4-6mrfx"",""cpu_m"":176,""mem_b"":484892493,""priority"":""4"",""node"":""kwok-node-2""},{""name"":""rs-11-p4-dtrt9"",""cpu_m"":176,""mem_b"":484892493,""priority"":""4"",""node"":""kwok-node-15""},{""name"":""rs-11-p4-s4sxs"",""cpu_m"":176,""mem_b"":484892493,""priority"":""4"",""node"":""kwok-node-31""},{""name"":""rs-12-p3-nlr88"",""cpu_m"":795,""mem_b"":872719045,""priority"":""3"",""node"":""kwok-node-32""},{""name"":""rs-13-p4-2sj7d"",""cpu_m"":727,""mem_b"":866064370,""priority"":""4"",""node"":""kwok-node-6""},{""name"":""rs-13-p4-nj6ht"",""cpu_m"":727,""mem_b"":866064370,""priority"":""4"",""node"":""kwok-node-9""},{""name"":""rs-13-p4-rt5dl"",""cpu_m"":727,""mem_b"":866064370,""priority"":""4"",""node"":""kwok-node-8""},{""name"":""rs-14-p2-4wbct"",""cpu_m"":434,""mem_b"":414227814,""priority"":""2"",""node"":""kwok-node-7""},{""name"":""rs-14-p2-vch4b"",""cpu_m"":434,""mem_b"":414227814,""priority"":""2"",""node"":""kwok-node-4""},{""name"":""rs-14-p2-xdhxn"",""cpu_m"":434,""mem_b"":414227814,""priority"":""2"",""node"":""kwok-node-5""},{""name"":""rs-15-p2-ccxhv"",""cpu_m"":169,""mem_b"":426660311,""priority"":""2"",""node"":""kwok-node-7""},{""name"":""rs-15-p2-tzdxg"",""cpu_m"":169,""mem_b"":426660311,""priority"":""2"",""node"":""kwok-node-5""},{""name"":""rs-16-p1-fhcj6"",""cpu_m"":777,""mem_b"":542247165,""priority"":""1"",""node"":""kwok-node-4""},{""name"":""rs-16-p1-njmr9"",""cpu_m"":777,""mem_b"":542247165,""priority"":""1"",""node"":""kwok-node-31""},{""name"":""rs-17-p4-4mg9w"",""cpu_m"":973,""mem_b"":216547979,""priority"":""4"",""node"":""kwok-node-1""},{""name"":""rs-17-p4-hgknw"",""cpu_m"":973,""mem_b"":216547979,""priority"":""4"",""node"":""kwok-node-27""},{""name"":""rs-18-p2-79b59"",""cpu_m"":281,""mem_b"":401736650,""priority"":""2"",""node"":""kwok-node-24""},{""name"":""rs-18-p2-px9w8"",""cpu_m"":281,""mem_b"":401736650,""priority"":""2"",""node"":""kwok-node-30""},{""name"":""rs-19-p4-4tfdw"",""cpu_m"":847,""mem_b"":733532634,""priority"":""4"",""node"":""kwok-node-14""},{""name"":""rs-19-p4-76k87"",""cpu_m"":847,""mem_b"":733532634,""priority"":""4"",""node"":""kwok-node-11""},{""name"":""rs-19-p4-v27v2"",""cpu_m"":847,""mem_b"":733532634,""priority"":""4"",""node"":""kwok-node-16""},{""name"":""rs-20-p3-2pf7n"",""cpu_m"":787,""mem_b"":173228312,""priority"":""3"",""node"":""kwok-node-5""},{""name"":""rs-20-p3-ng9tw"",""cpu_m"":787,""mem_b"":173228312,""priority"":""3"",""node"":""kwok-node-17""},{""name"":""rs-20-p3-nw499"",""cpu_m"":787,""mem_b"":173228312,""priority"":""3"",""node"":""kwok-node-7""},{""name"":""rs-20-p3-vpd9c"",""cpu_m"":787,""mem_b"":173228312,""priority"":""3"",""node"":""kwok-node-21""},{""name"":""rs-21-p4-27584"",""cpu_m"":372,""mem_b"":723847456,""priority"":""4"",""node"":""kwok-node-18""},{""name"":""rs-21-p4-5kqc5"",""cpu_m"":372,""mem_b"":723847456,""priority"":""4"",""node"":""kwok-node-20""},{""name"":""rs-21-p4-gll5m"",""cpu_m"":372,""mem_b"":723847456,""priority"":""4"",""node"":""kwok-node-28""},{""name"":""rs-21-p4-hcg2m"",""cpu_m"":372,""mem_b"":723847456,""priority"":""4"",""node"":""kwok-node-19""},{""name"":""rs-22-p1-8l6qm"",""cpu_m"":668,""mem_b"":471745336,""priority"":""1"",""node"":""kwok-node-32""},{""name"":""rs-22-p1-bmkj4"",""cpu_m"":668,""mem_b"":471745336,""priority"":""1"",""node"":""kwok-node-22""},{""name"":""rs-22-p1-ddjlh"",""cpu_m"":668,""mem_b"":471745336,""priority"":""1"",""node"":""kwok-node-6""},{""name"":""rs-22-p1-llhtm"",""cpu_m"":668,""mem_b"":471745336,""priority"":""1"",""node"":""kwok-node-8""},{""name"":""rs-23-p3-q7gqb"",""cpu_m"":259,""mem_b"":361762250,""priority"":""3"",""node"":""kwok-node-12""},{""name"":""rs-23-p3-x68wq"",""cpu_m"":259,""mem_b"":361762250,""priority"":""3"",""node"":""kwok-node-29""},{""name"":""rs-24-p4-znxxp"",""cpu_m"":679,""mem_b"":866934381,""priority"":""4"",""node"":""kwok-node-13""},{""name"":""rs-25-p4-nwj4k"",""cpu_m"":874,""mem_b"":690514019,""priority"":""4"",""node"":""kwok-node-9""},{""name"":""rs-25-p4-v45vf"",""cpu_m"":874,""mem_b"":690514019,""priority"":""4"",""node"":""kwok-node-2""},{""name"":""rs-25-p4-zsxl5"",""cpu_m"":874,""mem_b"":690514019,""priority"":""4"",""node"":""kwok-node-25""},{""name"":""rs-26-p3-q9qjj"",""cpu_m"":859,""mem_b"":648854096,""priority"":""3"",""node"":""kwok-node-15""},{""name"":""rs-27-p3-98thv"",""cpu_m"":875,""mem_b"":204502629,""priority"":""3"",""node"":""kwok-node-31""},{""name"":""rs-27-p3-c9z9z"",""cpu_m"":875,""mem_b"":204502629,""priority"":""3"",""node"":""kwok-node-23""},{""name"":""rs-28-p2-bbpsg"",""cpu_m"":988,""mem_b"":511007424,""priority"":""2"",""node"":""kwok-node-10""},{""name"":""rs-28-p2-bt6n5"",""cpu_m"":988,""mem_b"":511007424,""priority"":""2"",""node"":""kwok-node-30""},{""name"":""rs-28-p2-dst8j"",""cpu_m"":988,""mem_b"":511007424,""priority"":""2"",""node"":""kwok-node-24""},{""name"":""rs-29-p3-kcw7b"",""cpu_m"":487,""mem_b"":273980705,""priority"":""3"",""node"":""kwok-node-18""},{""name"":""rs-29-p3-lqd8f"",""cpu_m"":487,""mem_b"":273980705,""priority"":""3"",""node"":""kwok-node-28""},{""name"":""rs-29-p3-pt5x6"",""cpu_m"":487,""mem_b"":273980705,""priority"":""3"",""node"":""kwok-node-27""},{""name"":""rs-30-p3-7bllj"",""cpu_m"":842,""mem_b"":165347798,""priority"":""3"",""node"":""kwok-node-1""},{""name"":""rs-30-p3-zlzhv"",""cpu_m"":842,""mem_b"":165347798,""priority"":""3"",""node"":""kwok-node-16""},{""name"":""rs-31-p4-7d9pb"",""cpu_m"":993,""mem_b"":165983688,""priority"":""4"",""node"":""kwok-node-4""},{""name"":""rs-31-p4-hkbf6"",""cpu_m"":993,""mem_b"":165983688,""priority"":""4"",""node"":""kwok-node-11""},{""name"":""rs-31-p4-wcsds"",""cpu_m"":993,""mem_b"":165983688,""priority"":""4"",""node"":""kwok-node-14""},{""name"":""rs-32-p1-289ck"",""cpu_m"":710,""mem_b"":965554371,""priority"":""1"",""node"":""kwok-node-12""},{""name"":""rs-33-p4-6c2vn"",""cpu_m"":192,""mem_b"":221442491,""priority"":""4"",""node"":""kwok-node-20""},{""name"":""rs-33-p4-dhwpt"",""cpu_m"":192,""mem_b"":221442491,""priority"":""4"",""node"":""kwok-node-19""},{""name"":""rs-34-p2-6gp52"",""cpu_m"":519,""mem_b"":528686394,""priority"":""2"",""node"":""kwok-node-29""},{""name"":""rs-34-p2-jqgf9"",""cpu_m"":519,""mem_b"":528686394,""priority"":""2"",""node"":""kwok-node-26""},{""name"":""rs-34-p2-q28s4"",""cpu_m"":519,""mem_b"":528686394,""priority"":""2"",""node"":""kwok-node-22""},{""name"":""rs-34-p2-tzb6m"",""cpu_m"":519,""mem_b"":528686394,""priority"":""2"",""node"":""kwok-node-3""},{""name"":""rs-35-p1-b2jw5"",""cpu_m"":276,""mem_b"":525273881,""priority"":""1"",""node"":""kwok-node-7""},{""name"":""rs-35-p1-fp86t"",""cpu_m"":276,""mem_b"":525273881,""priority"":""1"",""node"":""kwok-node-17""},{""name"":""rs-35-p1-nr85g"",""cpu_m"":276,""mem_b"":525273881,""priority"":""1"",""node"":""kwok-node-21""},{""name"":""rs-35-p1-t8dr6"",""cpu_m"":276,""mem_b"":525273881,""priority"":""1"",""node"":""kwok-node-5""},{""name"":""rs-36-p4-9v5bw"",""cpu_m"":572,""mem_b"":201649888,""priority"":""4"",""node"":""kwok-node-19""},{""name"":""rs-37-p4-mv28c"",""cpu_m"":648,""mem_b"":147490931,""priority"":""4"",""node"":""kwok-node-6""},{""name"":""rs-37-p4-sv7j5"",""cpu_m"":648,""mem_b"":147490931,""priority"":""4"",""node"":""kwok-node-8""},{""name"":""rs-38-p2-2bdbm"",""cpu_m"":454,""mem_b"":486312984,""priority"":""2"",""node"":""kwok-node-20""},{""name"":""rs-38-p2-zjczc"",""cpu_m"":454,""mem_b"":486312984,""priority"":""2"",""node"":""kwok-node-32""},{""name"":""rs-39-p1-v42lh"",""cpu_m"":851,""mem_b"":740688587,""priority"":""1"",""node"":""""},{""name"":""rs-40-p2-8xnsw"",""cpu_m"":517,""mem_b"":692193519,""priority"":""2"",""node"":""kwok-node-13""},{""name"":""rs-40-p2-9kt5s"",""cpu_m"":517,""mem_b"":692193519,""priority"":""2"",""node"":""kwok-node-21""},{""name"":""rs-40-p2-zgflv"",""cpu_m"":517,""mem_b"":692193519,""priority"":""2"",""node"":""kwok-node-28""},{""name"":""rs-41-p4-fpx9b"",""cpu_m"":328,""mem_b"":705991873,""priority"":""4"",""node"":""kwok-node-18""},{""name"":""rs-42-p1-4vxff"",""cpu_m"":473,""mem_b"":983365110,""priority"":""1"",""node"":""""},{""name"":""rs-42-p1-f8zcf"",""cpu_m"":473,""mem_b"":983365110,""priority"":""1"",""node"":""""},{""name"":""rs-43-p4-md287"",""cpu_m"":394,""mem_b"":799634996,""priority"":""4"",""node"":""""},{""name"":""rs-43-p4-r6lqq"",""cpu_m"":394,""mem_b"":799634996,""priority"":""4"",""node"":""kwok-node-23""},{""name"":""rs-43-p4-vbrmb"",""cpu_m"":394,""mem_b"":799634996,""priority"":""4"",""node"":""kwok-node-31""},{""name"":""rs-44-p4-cxgl6"",""cpu_m"":910,""mem_b"":571842484,""priority"":""4"",""node"":""""},{""name"":""rs-45-p1-5842c"",""cpu_m"":352,""mem_b"":473147031,""priority"":""1"",""node"":""kwok-node-27""},{""name"":""rs-45-p1-g6wjn"",""cpu_m"":352,""mem_b"":473147031,""priority"":""1"",""node"":""kwok-node-15""},{""name"":""rs-45-p1-kh795"",""cpu_m"":352,""mem_b"":473147031,""priority"":""1"",""node"":""kwok-node-17""},{""name"":""rs-46-p1-dsz75"",""cpu_m"":379,""mem_b"":774926689,""priority"":""1"",""node"":""""},{""name"":""rs-46-p1-gvdc4"",""cpu_m"":379,""mem_b"":774926689,""priority"":""1"",""node"":""""},{""name"":""rs-46-p1-mn5kp"",""cpu_m"":379,""mem_b"":774926689,""priority"":""1"",""node"":""""},{""name"":""rs-46-p1-v8w5q"",""cpu_m"":379,""mem_b"":774926689,""priority"":""1"",""node"":""""},{""name"":""rs-47-p4-59zcc"",""cpu_m"":133,""mem_b"":978845702,""priority"":""4"",""node"":""""},{""name"":""rs-47-p4-mg9p5"",""cpu_m"":133,""mem_b"":978845702,""priority"":""4"",""node"":""kwok-node-10""},{""name"":""rs-47-p4-q42vp"",""cpu_m"":133,""mem_b"":978845702,""priority"":""4"",""node"":""""},{""name"":""rs-47-p4-tt84k"",""cpu_m"":133,""mem_b"":978845702,""priority"":""4"",""node"":""""},{""name"":""rs-48-p4-gwsgj"",""cpu_m"":779,""mem_b"":908146046,""priority"":""4"",""node"":""""},{""name"":""rs-48-p4-r8fhl"",""cpu_m"":779,""mem_b"":908146046,""priority"":""4"",""node"":""""},{""name"":""rs-48-p4-tfct5"",""cpu_m"":779,""mem_b"":908146046,""priority"":""4"",""node"":""""},{""name"":""rs-48-p4-v7qwt"",""cpu_m"":779,""mem_b"":908146046,""priority"":""4"",""node"":""""},{""name"":""rs-49-p1-27bvn"",""cpu_m"":203,""mem_b"":378065501,""priority"":""1"",""node"":""kwok-node-26""},{""name"":""rs-50-p1-4vvrw"",""cpu_m"":929,""mem_b"":388659561,""priority"":""1"",""node"":""""},{""name"":""rs-50-p1-hvj7d"",""cpu_m"":929,""mem_b"":388659561,""priority"":""1"",""node"":""""},{""name"":""rs-50-p1-k5c7m"",""cpu_m"":929,""mem_b"":388659561,""priority"":""1"",""node"":""""},{""name"":""rs-51-p3-dzcfn"",""cpu_m"":546,""mem_b"":999086417,""priority"":""3"",""node"":""""},{""name"":""rs-51-p3-ntjqk"",""cpu_m"":546,""mem_b"":999086417,""priority"":""3"",""node"":""""},{""name"":""rs-52-p1-bcgmb"",""cpu_m"":415,""mem_b"":417029262,""priority"":""1"",""node"":""kwok-node-5""}]","[{""name"":""kwok-node-1"",""cap_cpu_m"":2277,""cap_mem_bytes"":2041219023},{""name"":""kwok-node-2"",""cap_cpu_m"":2277,""cap_mem_bytes"":2041219023},{""name"":""kwok-node-3"",""cap_cpu_m"":2277,""cap_mem_bytes"":2041219023},{""name"":""kwok-node-4"",""cap_cpu_m"":2277,""cap_mem_bytes"":2041219023},{""name"":""kwok-node-5"",""cap_cpu_m"":2277,""cap_mem_bytes"":2041219023},{""name"":""kwok-node-6"",""cap_cpu_m"":2277,""cap_mem_bytes"":2041219023},{""name"":""kwok-node-7"",""cap_cpu_m"":2277,""cap_mem_bytes"":2041219023},{""name"":""kwok-node-8"",""cap_cpu_m"":2277,""cap_mem_bytes"":2041219023},{""name"":""kwok-node-9"",""cap_cpu_m"":2277,""cap_mem_bytes"":2041219023},{""name"":""kwok-node-10"",""cap_cpu_m"":2277,""cap_mem_bytes"":2041219023},{""name"":""kwok-node-11"",""cap_cpu_m"":2277,""cap_mem_bytes"":2041219023},{""name"":""kwok-node-12"",""cap_cpu_m"":2277,""cap_mem_bytes"":2041219023},{""name"":""kwok-node-13"",""cap_cpu_m"":2277,""cap_mem_bytes"":2041219023},{""name"":""kwok-node-14"",""cap_cpu_m"":2277,""cap_mem_bytes"":2041219023},{""name"":""kwok-node-15"",""cap_cpu_m"":2277,""cap_mem_bytes"":2041219023},{""name"":""kwok-node-16"",""cap_cpu_m"":2277,""cap_mem_bytes"":2041219023},{""name"":""kwok-node-17"",""cap_cpu_m"":2277,""cap_mem_bytes"":2041219023},{""name"":""kwok-node-18"",""cap_cpu_m"":2277,""cap_mem_bytes"":2041219023},{""name"":""kwok-node-19"",""cap_cpu_m"":2277,""cap_mem_bytes"":2041219023},{""name"":""kwok-node-20"",""cap_cpu_m"":2277,""cap_mem_bytes"":2041219023},{""name"":""kwok-node-21"",""cap_cpu_m"":2277,""cap_mem_bytes"":2041219023},{""name"":""kwok-node-22"",""cap_cpu_m"":2277,""cap_mem_bytes"":2041219023},{""name"":""kwok-node-23"",""cap_cpu_m"":2277,""cap_mem_bytes"":2041219023},{""name"":""kwok-node-24"",""cap_cpu_m"":2277,""cap_mem_bytes"":2041219023},{""name"":""kwok-node-25"",""cap_cpu_m"":2277,""cap_mem_bytes"":2041219023},{""name"":""kwok-node-26"",""cap_cpu_m"":2277,""cap_mem_bytes"":2041219023},{""name"":""kwok-node-27"",""cap_cpu_m"":2277,""cap_mem_bytes"":2041219023},{""name"":""kwok-node-28"",""cap_cpu_m"":2277,""cap_mem_bytes"":2041219023},{""name"":""kwok-node-29"",""cap_cpu_m"":2277,""cap_mem_bytes"":2041219023},{""name"":""kwok-node-30"",""cap_cpu_m"":2277,""cap_mem_bytes"":2041219023},{""name"":""kwok-node-31"",""cap_cpu_m"":2277,""cap_mem_bytes"":2041219023},{""name"":""kwok-node-32"",""cap_cpu_m"":2277,""cap_mem_bytes"":2041219023}]"
2026/02/11/12:10:24,5809399052914872227,,"{""evicted"":0,""moved"":0,""placed_by_priority"":{""1"":25,""2"":35,""3"":25,""4"":24}}",python,"{""evicted"":8,""moved"":8,""placed_by_priority"":{""1"":19,""2"":35,""3"":28,""4"":32}}",974,FEASIBLE,"[{""duration_ms"":974,""name"":""python"",""score"":{""evicted"":8,""moved"":8,""placed_by_priority"":{""1"":19,""2"":35,""3"":28,""4"":32}},""status"":""FEASIBLE""}]",0.906,0.843,0.897,0.828,56361,52412,62609702604,57823562886,114,109,14,19,"{""kwok-node-1"":3,""kwok-node-10"":3,""kwok-node-11"":3,""kwok-node-12"":3,""kwok-node-13"":4,""kwok-node-14"":4,""kwok-node-15"":3,""kwok-node-16"":4,""kwok-node-17"":3,""kwok-node-18"":3,""kwok-node-19"":3,""kwok-node-2"":4,""kwok-node-20"":4,""kwok-node-21"":4,""kwok-node-22"":4,""kwok-node-23"":3,""kwok-node-24"":4,""kwok-node-25"":3,""kwok-node-26"":4,""kwok-node-27"":4,""kwok-node-28"":3,""kwok-node-29"":4,""kwok-node-3"":4,""kwok-node-30"":4,""kwok-node-31"":3,""kwok-node-32"":4,""kwok-node-4"":5,""kwok-node-5"":4,""kwok-node-6"":4,""kwok-node-7"":3,""kwok-node-8"":3,""kwok-node-9"":3}","{""kwok-node-1"":3,""kwok-node-10"":3,""kwok-node-11"":3,""kwok-node-12"":3,""kwok-node-13"":4,""kwok-node-14"":3,""kwok-node-15"":3,""kwok-node-16"":4,""kwok-node-17"":3,""kwok-node-18"":3,""kwok-node-19"":3,""kwok-node-2"":4,""kwok-node-20"":4,""kwok-node-21"":3,""kwok-node-22"":4,""kwok-node-23"":2,""kwok-node-24"":4,""kwok-node-25"":3,""kwok-node-26"":4,""kwok-node-27"":4,""kwok-node-28"":3,""kwok-node-29"":4,""kwok-node-3"":3,""kwok-node-30"":4,""kwok-node-31"":3,""kwok-node-32"":4,""kwok-node-4"":4,""kwok-node-5"":4,""kwok-node-6"":4,""kwok-node-7"":3,""kwok-node-8"":3,""kwok-node-9"":3}","{""p1"":19,""p2"":35,""p3"":28,""p4"":32}","{""p1"":25,""p2"":35,""p3"":25,""p4"":24}","{""p1"":14}","{""p1"":8,""p3"":3,""p4"":8}","{rs-03-p1-bmht8,rs-03-p1-gd9s4,rs-03-p1-pzk64,rs-22-p1-7m9dr,rs-22-p1-l4xdx,rs-31-p1-5xbhd,rs-37-p1-2vbt2,rs-38-p1-bhmwl,rs-38-p1-xpwqv,rs-44-p1-6xg4t,rs-44-p1-8bbn7,rs-44-p1-jzcss,rs-50-p1-6b6p9,rs-50-p1-cswx4}","{rs-37-p1-2vbt2,rs-42-p4-8tlgg,rs-42-p4-x25x7,rs-44-p1-5ssr2,rs-44-p1-6xg4t,rs-44-p1-8bbn7,rs-44-p1-jzcss,rs-45-p4-c7vsc,rs-46-p3-m6z9z,rs-48-p4-vhdg6,rs-48-p4-vjzg5,rs-48-p4-xnfjn,rs-49-p3-r269k,rs-50-p1-6b6p9,rs-50-p1-cswx4,rs-50-p1-fplnm,rs-51-p4-2pzkp,rs-51-p4-pn75v,rs-53-p3-fjbfm}","{rs-01-p4-lbcpz,rs-02-p2-2q25w,rs-02-p2-fs75v,rs-02-p2-r8mnl,rs-02-p2-t5t4m,rs-04-p4-692cl,rs-04-p4-hbcbm,rs-04-p4-mnskd,rs-04-p4-xtmv5,rs-05-p4-6bb42,rs-06-p2-kjwvr,rs-06-p2-pxdcz,rs-06-p2-sqbcp,rs-07-p3-btmws,rs-08-p1-66bzn,rs-08-p1-fxz2c,rs-08-p1-xl89w,rs-08-p1-xt2hw,rs-09-p4-66k2h,rs-09-p4-fkh92,rs-09-p4-p94bd,rs-09-p4-txt92,rs-10-p1-zl222,rs-11-p3-59ckd,rs-11-p3-z5zhj,rs-12-p4-cxdhm,rs-12-p4-m87fc,rs-13-p1-bn8zj,rs-13-p1-f6gmg,rs-13-p1-s8lj4,rs-13-p1-szs92,rs-14-p1-bg5g5,rs-14-p1-kvdqd,rs-14-p1-l8vfw,rs-15-p3-4bm2g,rs-15-p3-lkchh,rs-16-p2-nbjns,rs-17-p2-fgp7t,rs-17-p2-pv5j4,rs-17-p2-qbsg4,rs-18-p3-4h8p9,rs-18-p3-j77n2,rs-18-p3-llbxp,rs-19-p1-vsst9,rs-20-p3-82psn,rs-20-p3-bhng5,rs-21-p2-45gb8,rs-21-p2-6h5jv,rs-21-p2-nhcm4,rs-21-p2-sgl5h,rs-23-p3-25xnl,rs-23-p3-8w8fg,rs-24-p4-gwrzd,rs-24-p4-hp4vm,rs-24-p4-q6h6t,rs-25-p1-rzc7b,rs-26-p1-7kxd8,rs-26-p1-lppbx,rs-27-p2-cnmcm,rs-27-p2-lrrrd,rs-27-p2-ssjxl,rs-28-p2-cgbfz,rs-28-p2-cspv8,rs-28-p2-tx2mk,rs-29-p3-l2nrc,rs-29-p3-ntph5,rs-29-p3-z6nfk,rs-30-p4-2qx2s,rs-32-p2-n2r4d,rs-32-p2-thm4d,rs-33-p4-497m9,rs-33-p4-dxm6m,rs-33-p4-j9kmf,rs-34-p3-8nqqh,rs-34-p3-bzk8r,rs-34-p3-qt8gg,rs-35-p2-dw2mr,rs-35-p2-ng48g,rs-36-p4-2d8dg,rs-36-p4-f8tnc,rs-36-p4-mz2xx,rs-36-p4-smdzf,rs-38-p1-ct9rp,rs-39-p3-2k7tb,rs-39-p3-8rltg,rs-39-p3-zjg7h,rs-40-p2-xlx9r,rs-40-p2-xw7lg,rs-41-p3-g8sgj,rs-41-p3-pls2g,rs-41-p3-w8g9p,rs-41-p3-wxbcw,rs-42-p4-8tlgg,rs-42-p4-rlf6g,rs-42-p4-x25x7,rs-43-p2-hrt2t,rs-43-p2-kdjqd,rs-43-p2-l5gxg,rs-43-p2-r224m,rs-44-p1-5ssr2,rs-45-p4-c7vsc,rs-46-p3-m6z9z,rs-47-p2-jd6p9,rs-47-p2-k94np,rs-47-p2-xgnz8,rs-48-p4-vhdg6,rs-48-p4-vjzg5,rs-48-p4-xnfjn,rs-49-p3-r269k,rs-50-p1-fplnm,rs-51-p4-2pzkp,rs-51-p4-pn75v,rs-52-p2-hhwmr,rs-53-p3-fjbfm}","{rs-01-p4-lbcpz,rs-02-p2-2q25w,rs-02-p2-fs75v,rs-02-p2-r8mnl,rs-02-p2-t5t4m,rs-03-p1-6cplv,rs-03-p1-htzcd,rs-03-p1-wtzdb,rs-04-p4-692cl,rs-04-p4-hbcbm,rs-04-p4-mnskd,rs-04-p4-xtmv5,rs-05-p4-6bb42,rs-06-p2-kjwvr,rs-06-p2-pxdcz,rs-06-p2-sqbcp,rs-07-p3-btmws,rs-08-p1-cmbhd,rs-08-p1-fxz2c,rs-08-p1-gvhwp,rs-08-p1-v7j9j,rs-09-p4-66k2h,rs-09-p4-fkh92,rs-09-p4-p94bd,rs-09-p4-txt92,rs-10-p1-gtcqx,rs-11-p3-59ckd,rs-11-p3-z5zhj,rs-12-p4-cxdhm,rs-12-p4-m87fc,rs-13-p1-bn8zj,rs-13-p1-f6gmg,rs-13-p1-fnmd6,rs-13-p1-s8lj4,rs-14-p1-6t56b,rs-14-p1-kvdqd,rs-14-p1-l8vfw,rs-15-p3-4bm2g,rs-15-p3-lkchh,rs-16-p2-nbjns,rs-17-p2-fgp7t,rs-17-p2-pv5j4,rs-17-p2-qbsg4,rs-18-p3-4h8p9,rs-18-p3-j77n2,rs-18-p3-llbxp,rs-19-p1-f4vjp,rs-20-p3-82psn,rs-20-p3-bhng5,rs-21-p2-45gb8,rs-21-p2-6h5jv,rs-21-p2-nhcm4,rs-21-p2-sgl5h,rs-22-p1-bk4x5,rs-22-p1-pj4bt,rs-23-p3-25xnl,rs-23-p3-8w8fg,rs-24-p4-gwrzd,rs-24-p4-hp4vm,rs-24-p4-q6h6t,rs-25-p1-rzc7b,rs-26-p1-7kxd8,rs-26-p1-lppbx,rs-27-p2-cnmcm,rs-27-p2-lrrrd,rs-27-p2-ssjxl,rs-28-p2-cgbfz,rs-28-p2-cspv8,rs-28-p2-tx2mk,rs-29-p3-l2nrc,rs-29-p3-ntph5,rs-29-p3-z6nfk,rs-30-p4-2qx2s,rs-31-p1-h4gjc,rs-32-p2-n2r4d,rs-32-p2-thm4d,rs-33-p4-497m9,rs-33-p4-dxm6m,rs-33-p4-j9kmf,rs-34-p3-8nqqh,rs-34-p3-bzk8r,rs-34-p3-qt8gg,rs-35-p2-dw2mr,rs-35-p2-ng48g,rs-36-p4-2d8dg,rs-36-p4-f8tnc,rs-36-p4-mz2xx,rs-36-p4-smdzf,rs-38-p1-288mf,rs-38-p1-b8bhp,rs-38-p1-pv8kd,rs-39-p3-2k7tb,rs-39-p3-8rltg,rs-39-p3-zjg7h,rs-40-p2-xlx9r,rs-40-p2-xw7lg,rs-41-p3-g8sgj,rs-41-p3-pls2g,rs-41-p3-w8g9p,rs-41-p3-wxbcw,rs-42-p4-rlf6g,rs-43-p2-hrt2t,rs-43-p2-kdjqd,rs-43-p2-l5gxg,rs-43-p2-r224m,rs-47-p2-jd6p9,rs-47-p2-k94np,rs-47-p2-xgnz8,rs-52-p2-hhwmr}","[{""name"":""rs-01-p4-lbcpz"",""cpu_m"":321,""mem_b"":508595304,""priority"":""4"",""node"":""kwok-node-15""},{""name"":""rs-02-p2-2q25w"",""cpu_m"":675,""mem_b"":538798710,""priority"":""2"",""node"":""kwok-node-17""},{""name"":""rs-02-p2-fs75v"",""cpu_m"":675,""mem_b"":538798710,""priority"":""2"",""node"":""kwok-node-22""},{""name"":""rs-02-p2-r8mnl"",""cpu_m"":675,""mem_b"":538798710,""priority"":""2"",""node"":""kwok-node-10""},{""name"":""rs-02-p2-t5t4m"",""cpu_m"":675,""mem_b"":538798710,""priority"":""2"",""node"":""kwok-node-11""},{""name"":""rs-03-p1-bmht8"",""cpu_m"":581,""mem_b"":927520213,""priority"":""1"",""node"":""""},{""name"":""rs-03-p1-gd9s4"",""cpu_m"":581,""mem_b"":927520213,""priority"":""1"",""node"":""""},{""name"":""rs-03-p1-pzk64"",""cpu_m"":581,""mem_b"":927520213,""priority"":""1"",""node"":""""},{""name"":""rs-04-p4-692cl"",""cpu_m"":366,""mem_b"":587795761,""priority"":""4"",""node"":""kwok-node-2""},{""name"":""rs-04-p4-hbcbm"",""cpu_m"":366,""mem_b"":587795761,""priority"":""4"",""node"":""kwok-node-16""},{""name"":""rs-04-p4-mnskd"",""cpu_m"":366,""mem_b"":587795761,""priority"":""4"",""node"":""kwok-node-20""},{""name"":""rs-04-p4-xtmv5"",""cpu_m"":366,""mem_b"":587795761,""priority"":""4"",""node"":""kwok-node-13""},{""name"":""rs-05-p4-6bb42"",""cpu_m"":464,""mem_b"":138140188,""priority"":""4"",""node"":""kwok-node-14""},{""name"":""rs-06-p2-kjwvr"",""cpu_m"":205,""mem_b"":923677701,""priority"":""2"",""node"":""kwok-node-24""},{""name"":""rs-06-p2-pxdcz"",""cpu_m"":205,""mem_b"":923677701,""priority"":""2"",""node"":""kwok-node-25""},{""name"":""rs-06-p2-sqbcp"",""cpu_m"":205,""mem_b"":923677701,""priority"":""2"",""node"":""kwok-node-21""},{""name"":""rs-07-p3-btmws"",""cpu_m"":369,""mem_b"":803383170,""priority"":""3"",""node"":""kwok-node-27""},{""name"":""rs-08-p1-66bzn"",""cpu_m"":246,""mem_b"":405080533,""priority"":""1"",""node"":""kwok-node-29""},{""name"":""rs-08-p1-fxz2c"",""cpu_m"":246,""mem_b"":405080533,""priority"":""1"",""node"":""kwok-node-26""},{""name"":""rs-08-p1-xl89w"",""cpu_m"":246,""mem_b"":405080533,""priority"":""1"",""node"":""kwok-node-4""},{""name"":""rs-08-p1-xt2hw"",""cpu_m"":246,""mem_b"":405080533,""priority"":""1"",""node"":""kwok-node-23""},{""name"":""rs-09-p4-66k2h"",""cpu_m"":557,""mem_b"":775064076,""priority"":""4"",""node"":""kwok-node-23""},{""name"":""rs-09-p4-fkh92"",""cpu_m"":557,""mem_b"":775064076,""priority"":""4"",""node"":""kwok-node-3""},{""name"":""rs-09-p4-p94bd"",""cpu_m"":557,""mem_b"":775064076,""priority"":""4"",""node"":""kwok-node-28""},{""name"":""rs-09-p4-txt92"",""cpu_m"":557,""mem_b"":775064076,""priority"":""4"",""node"":""kwok-node-14""},{""name"":""rs-10-p1-zl222"",""cpu_m"":248,""mem_b"":260290089,""priority"":""1"",""node"":""kwok-node-3""},{""name"":""rs-11-p3-59ckd"",""cpu_m"":560,""mem_b"":273108539,""priority"":""3"",""node"":""kwok-node-32""},{""name"":""rs-11-p3-z5zhj"",""cpu_m"":560,""mem_b"":273108539,""priority"":""3"",""node"":""kwok-node-6""},{""name"":""rs-12-p4-cxdhm"",""cpu_m"":675,""mem_b"":621438179,""priority"":""4"",""node"":""kwok-node-31""},{""name"":""rs-12-p4-m87fc"",""cpu_m"":675,""mem_b"":621438179,""priority"":""4"",""node"":""kwok-node-8""},{""name"":""rs-13-p1-bn8zj"",""cpu_m"":663,""mem_b"":191190350,""priority"":""1"",""node"":""kwok-node-5""},{""name"":""rs-13-p1-f6gmg"",""cpu_m"":663,""mem_b"":191190350,""priority"":""1"",""node"":""kwok-node-4""},{""name"":""rs-13-p1-s8lj4"",""cpu_m"":663,""mem_b"":191190350,""priority"":""1"",""node"":""kwok-node-30""},{""name"":""rs-13-p1-szs92"",""cpu_m"":663,""mem_b"":191190350,""priority"":""1"",""node"":""kwok-node-21""},{""name"":""rs-14-p1-bg5g5"",""cpu_m"":242,""mem_b"":842895448,""priority"":""1"",""node"":""kwok-node-3""},{""name"":""rs-14-p1-kvdqd"",""cpu_m"":242,""mem_b"":842895448,""priority"":""1"",""node"":""kwok-node-7""},{""name"":""rs-14-p1-l8vfw"",""cpu_m"":242,""mem_b"":842895448,""priority"":""1"",""node"":""kwok-node-4""},{""name"":""rs-15-p3-4bm2g"",""cpu_m"":499,""mem_b"":591296723,""priority"":""3"",""node"":""kwok-node-12""},{""name"":""rs-15-p3-lkchh"",""cpu_m"":499,""mem_b"":591296723,""priority"":""3"",""node"":""kwok-node-26""},{""name"":""rs-16-p2-nbjns"",""cpu_m"":792,""mem_b"":755075005,""priority"":""2"",""node"":""kwok-node-15""},{""name"":""rs-17-p2-fgp7t"",""cpu_m"":294,""mem_b"":149230110,""priority"":""2"",""node"":""kwok-node-2""},{""name"":""rs-17-p2-pv5j4"",""cpu_m"":294,""mem_b"":149230110,""priority"":""2"",""node"":""kwok-node-16""},{""name"":""rs-17-p2-qbsg4"",""cpu_m"":294,""mem_b"":149230110,""priority"":""2"",""node"":""kwok-node-13""},{""name"":""rs-18-p3-4h8p9"",""cpu_m"":323,""mem_b"":166853745,""priority"":""3"",""node"":""kwok-node-20""},{""name"":""rs-18-p3-j77n2"",""cpu_m"":323,""mem_b"":166853745,""priority"":""3"",""node"":""kwok-node-29""},{""name"":""rs-18-p3-llbxp"",""cpu_m"":323,""mem_b"":166853745,""priority"":""3"",""node"":""kwok-node-27""},{""name"":""rs-19-p1-vsst9"",""cpu_m"":353,""mem_b"":810744922,""priority"":""1"",""node"":""kwok-node-9""},{""name"":""rs-20-p3-82psn"",""cpu_m"":747,""mem_b"":109988211,""priority"":""3"",""node"":""kwok-node-21""},{""name"":""rs-20-p3-bhng5"",""cpu_m"":747,""mem_b"":109988211,""priority"":""3"",""node"":""kwok-node-24""},{""name"":""rs-21-p2-45gb8"",""cpu_m"":146,""mem_b"":449491485,""priority"":""2"",""node"":""kwok-node-30""},{""name"":""rs-21-p2-6h5jv"",""cpu_m"":146,""mem_b"":449491485,""priority"":""2"",""node"":""kwok-node-32""},{""name"":""rs-21-p2-nhcm4"",""cpu_m"":146,""mem_b"":449491485,""priority"":""2"",""node"":""kwok-node-22""},{""name"":""rs-21-p2-sgl5h"",""cpu_m"":146,""mem_b"":449491485,""priority"":""2"",""node"":""kwok-node-5""},{""name"":""rs-22-p1-7m9dr"",""cpu_m"":900,""mem_b"":925240845,""priority"":""1"",""node"":""""},{""name"":""rs-22-p1-l4xdx"",""cpu_m"":900,""mem_b"":925240845,""priority"":""1"",""node"":""""},{""name"":""rs-23-p3-25xnl"",""cpu_m"":513,""mem_b"":705156299,""priority"":""3"",""node"":""kwok-node-31""},{""name"":""rs-23-p3-8w8fg"",""cpu_m"":513,""mem_b"":705156299,""priority"":""3"",""node"":""kwok-node-8""},{""name"":""rs-24-p4-gwrzd"",""cpu_m"":452,""mem_b"":770394786,""priority"":""4"",""node"":""kwok-node-11""},{""name"":""rs-24-p4-hp4vm"",""cpu_m"":452,""mem_b"":770394786,""priority"":""4"",""node"":""kwok-node-10""},{""name"":""rs-24-p4-q6h6t"",""cpu_m"":452,""mem_b"":770394786,""priority"":""4"",""node"":""kwok-node-17""},{""name"":""rs-25-p1-rzc7b"",""cpu_m"":816,""mem_b"":128988551,""priority"":""1"",""node"":""kwok-node-25""},{""name"":""rs-26-p1-7kxd8"",""cpu_m"":154,""mem_b"":667050861,""priority"":""1"",""node"":""kwok-node-30""},{""name"":""rs-26-p1-lppbx"",""cpu_m"":154,""mem_b"":667050861,""priority"":""1"",""node"":""kwok-node-5""},{""name"":""rs-27-p2-cnmcm"",""cpu_m"":779,""mem_b"":668881533,""priority"":""2"",""node"":""kwok-node-19""},{""name"":""rs-27-p2-lrrrd"",""cpu_m"":779,""mem_b"":668881533,""priority"":""2"",""node"":""kwok-node-9""},{""name"":""rs-27-p2-ssjxl"",""cpu_m"":779,""mem_b"":668881533,""priority"":""2"",""node"":""kwok-node-18""},{""name"":""rs-28-p2-cgbfz"",""cpu_m"":926,""mem_b"":293440642,""priority"":""2"",""node"":""kwok-node-1""},{""name"":""rs-28-p2-cspv8"",""cpu_m"":926,""mem_b"":293440642,""priority"":""2"",""node"":""kwok-node-13""},{""name"":""rs-28-p2-tx2mk"",""cpu_m"":926,""mem_b"":293440642,""priority"":""2"",""node"":""kwok-node-16""},{""name"":""rs-29-p3-l2nrc"",""cpu_m"":396,""mem_b"":860488689,""priority"":""3"",""node"":""kwok-node-32""},{""name"":""rs-29-p3-ntph5"",""cpu_m"":396,""mem_b"":860488689,""priority"":""3"",""node"":""kwok-node-2""},{""name"":""rs-29-p3-z6nfk"",""cpu_m"":396,""mem_b"":860488689,""priority"":""3"",""node"":""kwok-node-20""},{""name"":""rs-30-p4-2qx2s"",""cpu_m"":804,""mem_b"":100135528,""priority"":""4"",""node"":""kwok-node-27""},{""name"":""rs-31-p1-5xbhd"",""cpu_m"":575,""mem_b"":500071757,""priority"":""1"",""node"":""""},{""name"":""rs-32-p2-n2r4d"",""cpu_m"":877,""mem_b"":722874893,""priority"":""2"",""node"":""kwok-node-29""},{""name"":""rs-32-p2-thm4d"",""cpu_m"":877,""mem_b"":722874893,""priority"":""2"",""node"":""kwok-node-12""},{""name"":""rs-33-p4-497m9"",""cpu_m"":891,""mem_b"":185557641,""priority"":""4"",""node"":""kwok-node-22""},{""name"":""rs-33-p4-dxm6m"",""cpu_m"":891,""mem_b"":185557641,""priority"":""4"",""node"":""kwok-node-3""},{""name"":""rs-33-p4-j9kmf"",""cpu_m"":891,""mem_b"":185557641,""priority"":""4"",""node"":""kwok-node-7""},{""name"":""rs-34-p3-8nqqh"",""cpu_m"":617,""mem_b"":411407965,""priority"":""3"",""node"":""kwok-node-24""},{""name"":""rs-34-p3-bzk8r"",""cpu_m"":617,""mem_b"":411407965,""priority"":""3"",""node"":""kwok-node-6""},{""name"":""rs-34-p3-qt8gg"",""cpu_m"":617,""mem_b"":411407965,""priority"":""3"",""node"":""kwok-node-4""},{""name"":""rs-35-p2-dw2mr"",""cpu_m"":105,""mem_b"":837714740,""priority"":""2"",""node"":""kwok-node-14""},{""name"":""rs-35-p2-ng48g"",""cpu_m"":105,""mem_b"":837714740,""priority"":""2"",""node"":""kwok-node-21""},{""name"":""rs-36-p4-2d8dg"",""cpu_m"":173,""mem_b"":947160821,""priority"":""4"",""node"":""kwok-node-27""},{""name"":""rs-36-p4-f8tnc"",""cpu_m"":173,""mem_b"":947160821,""priority"":""4"",""node"":""kwok-node-16""},{""name"":""rs-36-p4-mz2xx"",""cpu_m"":173,""mem_b"":947160821,""priority"":""4"",""node"":""kwok-node-13""},{""name"":""rs-36-p4-smdzf"",""cpu_m"":173,""mem_b"":947160821,""priority"":""4"",""node"":""kwok-node-25""},{""name"":""rs-37-p1-2vbt2"",""cpu_m"":995,""mem_b"":377851392,""priority"":""1"",""node"":""""},{""name"":""rs-38-p1-bhmwl"",""cpu_m"":811,""mem_b"":351976121,""priority"":""1"",""node"":""""},{""name"":""rs-38-p1-ct9rp"",""cpu_m"":811,""mem_b"":351976121,""priority"":""1"",""node"":""kwok-node-14""},{""name"":""rs-38-p1-xpwqv"",""cpu_m"":811,""mem_b"":351976121,""priority"":""1"",""node"":""""},{""name"":""rs-39-p3-2k7tb"",""cpu_m"":684,""mem_b"":371256887,""priority"":""3"",""node"":""kwok-node-2""},{""name"":""rs-39-p3-8rltg"",""cpu_m"":684,""mem_b"":371256887,""priority"":""3"",""node"":""kwok-node-15""},{""name"":""rs-39-p3-zjg7h"",""cpu_m"":684,""mem_b"":371256887,""priority"":""3"",""node"":""kwok-node-32""},{""name"":""rs-40-p2-xlx9r"",""cpu_m"":189,""mem_b"":626283336,""priority"":""2"",""node"":""kwok-node-17""},{""name"":""rs-40-p2-xw7lg"",""cpu_m"":189,""mem_b"":626283336,""priority"":""2"",""node"":""kwok-node-1""},{""name"":""rs-41-p3-g8sgj"",""cpu_m"":592,""mem_b"":326272918,""priority"":""3"",""node"":""kwok-node-31""},{""name"":""rs-41-p3-pls2g"",""cpu_m"":592,""mem_b"":326272918,""priority"":""3"",""node"":""kwok-node-10""},{""name"":""rs-41-p3-w8g9p"",""cpu_m"":592,""mem_b"":326272918,""priority"":""3"",""node"":""kwok-node-20""},{""name"":""rs-41-p3-wxbcw"",""cpu_m"":592,""mem_b"":326272918,""priority"":""3"",""node"":""kwok-node-11""},{""name"":""rs-42-p4-8tlgg"",""cpu_m"":463,""mem_b"":697383863,""priority"":""4"",""node"":""kwok-node-29""},{""name"":""rs-42-p4-rlf6g"",""cpu_m"":463,""mem_b"":697383863,""priority"":""4"",""node"":""kwok-node-8""},{""name"":""rs-42-p4-x25x7"",""cpu_m"":463,""mem_b"":697383863,""priority"":""4"",""node"":""kwok-node-9""},{""name"":""rs-43-p2-hrt2t"",""cpu_m"":154,""mem_b"":258096592,""priority"":""2"",""node"":""kwok-node-18""},{""name"":""rs-43-p2-kdjqd"",""cpu_m"":154,""mem_b"":258096592,""priority"":""2"",""node"":""kwok-node-19""},{""name"":""rs-43-p2-l5gxg"",""cpu_m"":154,""mem_b"":258096592,""priority"":""2"",""node"":""kwok-node-26""},{""name"":""rs-43-p2-r224m"",""cpu_m"":154,""mem_b"":258096592,""priority"":""2"",""node"":""kwok-node-4""},{""name"":""rs-44-p1-5ssr2"",""cpu_m"":455,""mem_b"":847022088,""priority"":""1"",""node"":""kwok-node-12""},{""name"":""rs-44-p1-6xg4t"",""cpu_m"":455,""mem_b"":847022088,""priority"":""1"",""node"":""""},{""name"":""rs-44-p1-8bbn7"",""cpu_m"":455,""mem_b"":847022088,""priority"":""1"",""node"":""""},{""name"":""rs-44-p1-jzcss"",""cpu_m"":455,""mem_b"":847022088,""priority"":""1"",""node"":""""},{""name"":""rs-45-p4-c7vsc"",""cpu_m"":998,""mem_b"":377739416,""priority"":""4"",""node"":""kwok-node-26""},{""name"":""rs-46-p3-m6z9z"",""cpu_m"":671,""mem_b"":831655475,""priority"":""3"",""node"":""kwok-node-30""},{""name"":""rs-47-p2-jd6p9"",""cpu_m"":238,""mem_b"":432056113,""priority"":""2"",""node"":""kwok-node-6""},{""name"":""rs-47-p2-k94np"",""cpu_m"":238,""mem_b"":432056113,""priority"":""2"",""node"":""kwok-node-24""},{""name"":""rs-47-p2-xgnz8"",""cpu_m"":238,""mem_b"":432056113,""priority"":""2"",""node"":""kwok-node-28""},{""name"":""rs-48-p4-vhdg6"",""cpu_m"":952,""mem_b"":931750331,""priority"":""4"",""node"":""kwok-node-28""},{""name"":""rs-48-p4-vjzg5"",""cpu_m"":952,""mem_b"":931750331,""priority"":""4"",""node"":""kwok-node-19""},{""name"":""rs-48-p4-xnfjn"",""cpu_m"":952,""mem_b"":931750331,""priority"":""4"",""node"":""kwok-node-18""},{""name"":""rs-49-p3-r269k"",""cpu_m"":830,""mem_b"":980263058,""priority"":""3"",""node"":""kwok-node-23""},{""name"":""rs-50-p1-6b6p9"",""cpu_m"":407,""mem_b"":979055080,""priority"":""1"",""node"":""""},{""name"":""rs-50-p1-cswx4"",""cpu_m"":407,""mem_b"":979055080,""priority"":""1"",""node"":""""},{""name"":""rs-50-p1-fplnm"",""cpu_m"":407,""mem_b"":979055080,""priority"":""1"",""node"":""kwok-node-6""},{""name"":""rs-51-p4-2pzkp"",""cpu_m"":797,""mem_b"":938428569,""priority"":""4"",""node"":""kwok-node-1""},{""name"":""rs-51-p4-pn75v"",""cpu_m"":797,""mem_b"":938428569,""priority"":""4"",""node"":""kwok-node-7""},{""name"":""rs-52-p2-hhwmr"",""cpu_m"":164,""mem_b"":977731491,""priority"":""2"",""node"":""kwok-node-22""},{""name"":""rs-53-p3-fjbfm"",""cpu_m"":952,""mem_b"":540595072,""priority"":""3"",""node"":""kwok-node-5""}]","[{""name"":""rs-01-p4-lbcpz"",""cpu_m"":321,""mem_b"":508595304,""priority"":""4"",""node"":""kwok-node-15""},{""name"":""rs-02-p2-2q25w"",""cpu_m"":675,""mem_b"":538798710,""priority"":""2"",""node"":""kwok-node-17""},{""name"":""rs-02-p2-fs75v"",""cpu_m"":675,""mem_b"":538798710,""priority"":""2"",""node"":""kwok-node-22""},{""name"":""rs-02-p2-r8mnl"",""cpu_m"":675,""mem_b"":538798710,""priority"":""2"",""node"":""kwok-node-10""},{""name"":""rs-02-p2-t5t4m"",""cpu_m"":675,""mem_b"":538798710,""priority"":""2"",""node"":""kwok-node-11""},{""name"":""rs-03-p1-6cplv"",""cpu_m"":581,""mem_b"":927520213,""priority"":""1"",""node"":""kwok-node-1""},{""name"":""rs-03-p1-htzcd"",""cpu_m"":581,""mem_b"":927520213,""priority"":""1"",""node"":""kwok-node-19""},{""name"":""rs-03-p1-wtzdb"",""cpu_m"":581,""mem_b"":927520213,""priority"":""1"",""node"":""kwok-node-18""},{""name"":""rs-04-p4-692cl"",""cpu_m"":366,""mem_b"":587795761,""priority"":""4"",""node"":""kwok-node-2""},{""name"":""rs-04-p4-hbcbm"",""cpu_m"":366,""mem_b"":587795761,""priority"":""4"",""node"":""kwok-node-16""},{""name"":""rs-04-p4-mnskd"",""cpu_m"":366,""mem_b"":587795761,""priority"":""4"",""node"":""kwok-node-20""},{""name"":""rs-04-p4-xtmv5"",""cpu_m"":366,""mem_b"":587795761,""priority"":""4"",""node"":""kwok-node-13""},{""name"":""rs-05-p4-6bb42"",""cpu_m"":464,""mem_b"":138140188,""priority"":""4"",""node"":""kwok-node-14""},{""name"":""rs-06-p2-kjwvr"",""cpu_m"":205,""mem_b"":923677701,""priority"":""2"",""node"":""kwok-node-24""},{""name"":""rs-06-p2-pxdcz"",""cpu_m"":205,""mem_b"":923677701,""priority"":""2"",""node"":""kwok-node-25""},{""name"":""rs-06-p2-sqbcp"",""cpu_m"":205,""mem_b"":923677701,""priority"":""2"",""node"":""kwok-node-21""},{""name"":""rs-07-p3-btmws"",""cpu_m"":369,""mem_b"":803383170,""priority"":""3"",""node"":""kwok-node-27""},{""name"":""rs-08-p1-cmbhd"",""cpu_m"":246,""mem_b"":405080533,""priority"":""1"",""node"":""kwok-node-29""},{""name"":""rs-08-p1-fxz2c"",""cpu_m"":246,""mem_b"":405080533,""priority"":""1"",""node"":""kwok-node-26""},{""name"":""rs-08-p1-gvhwp"",""cpu_m"":246,""mem_b"":405080533,""priority"":""1"",""node"":""kwok-node-12""},{""name"":""rs-08-p1-v7j9j"",""cpu_m"":246,""mem_b"":405080533,""priority"":""1"",""node"":""kwok-node-3""},{""name"":""rs-09-p4-66k2h"",""cpu_m"":557,""mem_b"":775064076,""priority"":""4"",""node"":""kwok-node-23""},{""name"":""rs-09-p4-fkh92"",""cpu_m"":557,""mem_b"":775064076,""priority"":""4"",""node"":""kwok-node-3""},{""name"":""rs-09-p4-p94bd"",""cpu_m"":557,""mem_b"":775064076,""priority"":""4"",""node"":""kwok-node-28""},{""name"":""rs-09-p4-txt92"",""cpu_m"":557,""mem_b"":775064076,""priority"":""4"",""node"":""kwok-node-14""},{""name"":""rs-10-p1-gtcqx"",""cpu_m"":248,""mem_b"":260290089,""priority"":""1"",""node"":""kwok-node-29""},{""name"":""rs-11-p3-59ckd"",""cpu_m"":560,""mem_b"":273108539,""priority"":""3"",""node"":""kwok-node-32""},{""name"":""rs-11-p3-z5zhj"",""cpu_m"":560,""mem_b"":273108539,""priority"":""3"",""node"":""kwok-node-6""},{""name"":""rs-12-p4-cxdhm"",""cpu_m"":675,""mem_b"":621438179,""priority"":""4"",""node"":""kwok-node-31""},{""name"":""rs-12-p4-m87fc"",""cpu_m"":675,""mem_b"":621438179,""priority"":""4"",""node"":""kwok-node-8""},{""name"":""rs-13-p1-bn8zj"",""cpu_m"":663,""mem_b"":191190350,""priority"":""1"",""node"":""kwok-node-5""},{""name"":""rs-13-p1-f6gmg"",""cpu_m"":663,""mem_b"":191190350,""priority"":""1"",""node"":""kwok-node-4""},{""name"":""rs-13-p1-fnmd6"",""cpu_m"":663,""mem_b"":191190350,""priority"":""1"",""node"":""kwok-node-7""},{""name"":""rs-13-p1-s8lj4"",""cpu_m"":663,""mem_b"":191190350,""priority"":""1"",""node"":""kwok-node-30""},{""name"":""rs-14-p1-6t56b"",""cpu_m"":242,""mem_b"":842895448,""priority"":""1"",""node"":""kwok-node-9""},{""name"":""rs-14-p1-kvdqd"",""cpu_m"":242,""mem_b"":842895448,""priority"":""1"",""node"":""kwok-node-7""},{""name"":""rs-14-p1-l8vfw"",""cpu_m"":242,""mem_b"":842895448,""priority"":""1"",""node"":""kwok-node-4""},{""name"":""rs-15-p3-4bm2g"",""cpu_m"":499,""mem_b"":591296723,""priority"":""3"",""node"":""kwok-node-12""},{""name"":""rs-15-p3-lkchh"",""cpu_m"":499,""mem_b"":591296723,""priority"":""3"",""node"":""kwok-node-26""},{""name"":""rs-16-p2-nbjns"",""cpu_m"":792,""mem_b"":755075005,""priority"":""2"",""node"":""kwok-node-15""},{""name"":""rs-17-p2-fgp7t"",""cpu_m"":294,""mem_b"":149230110,""priority"":""2"",""node"":""kwok-node-2""},{""name"":""rs-17-p2-pv5j4"",""cpu_m"":294,""mem_b"":149230110,""priority"":""2"",""node"":""kwok-node-16""},{""name"":""rs-17-p2-qbsg4"",""cpu_m"":294,""mem_b"":149230110,""priority"":""2"",""node"":""kwok-node-13""},{""name"":""rs-18-p3-4h8p9"",""cpu_m"":323,""mem_b"":166853745,""priority"":""3"",""node"":""kwok-node-20""},{""name"":""rs-18-p3-j77n2"",""cpu_m"":323,""mem_b"":166853745,""priority"":""3"",""node"":""kwok-node-29""},{""name"":""rs-18-p3-llbxp"",""cpu_m"":323,""mem_b"":166853745,""priority"":""3"",""node"":""kwok-node-27""},{""name"":""rs-19-p1-f4vjp"",""cpu_m"":353,""mem_b"":810744922,""priority"":""1"",""node"":""kwok-node-6""},{""name"":""rs-20-p3-82psn"",""cpu_m"":747,""mem_b"":109988211,""priority"":""3"",""node"":""kwok-node-21""},{""name"":""rs-20-p3-bhng5"",""cpu_m"":747,""mem_b"":109988211,""priority"":""3"",""node"":""kwok-node-24""},{""name"":""rs-21-p2-45gb8"",""cpu_m"":146,""mem_b"":449491485,""priority"":""2"",""node"":""kwok-node-30""},{""name"":""rs-21-p2-6h5jv"",""cpu_m"":146,""mem_b"":449491485,""priority"":""2"",""node"":""kwok-node-32""},{""name"":""rs-21-p2-nhcm4"",""cpu_m"":146,""mem_b"":449491485,""priority"":""2"",""node"":""kwok-node-22""},{""name"":""rs-21-p2-sgl5h"",""cpu_m"":146,""mem_b"":449491485,""priority"":""2"",""node"":""kwok-node-5""},{""name"":""rs-22-p1-bk4x5"",""cpu_m"":900,""mem_b"":925240845,""priority"":""1"",""node"":""kwok-node-28""},{""name"":""rs-22-p1-pj4bt"",""cpu_m"":900,""mem_b"":925240845,""priority"":""1"",""node"":""kwok-node-23""},{""name"":""rs-23-p3-25xnl"",""cpu_m"":513,""mem_b"":705156299,""priority"":""3"",""node"":""kwok-node-31""},{""name"":""rs-23-p3-8w8fg"",""cpu_m"":513,""mem_b"":705156299,""priority"":""3"",""node"":""kwok-node-8""},{""name"":""rs-24-p4-gwrzd"",""cpu_m"":452,""mem_b"":770394786,""priority"":""4"",""node"":""kwok-node-11""},{""name"":""rs-24-p4-hp4vm"",""cpu_m"":452,""mem_b"":770394786,""priority"":""4"",""node"":""kwok-node-10""},{""name"":""rs-24-p4-q6h6t"",""cpu_m"":452,""mem_b"":770394786,""priority"":""4"",""node"":""kwok-node-17""},{""name"":""rs-25-p1-rzc7b"",""cpu_m"":816,""mem_b"":128988551,""priority"":""1"",""node"":""kwok-node-25""},{""name"":""rs-26-p1-7kxd8"",""cpu_m"":154,""mem_b"":667050861,""priority"":""1"",""node"":""kwok-node-30""},{""name"":""rs-26-p1-lppbx"",""cpu_m"":154,""mem_b"":667050861,""priority"":""1"",""node"":""kwok-node-5""},{""name"":""rs-27-p2-cnmcm"",""cpu_m"":779,""mem_b"":668881533,""priority"":""2"",""node"":""kwok-node-19""},{""name"":""rs-27-p2-lrrrd"",""cpu_m"":779,""mem_b"":668881533,""priority"":""2"",""node"":""kwok-node-9""},{""name"":""rs-27-p2-ssjxl"",""cpu_m"":779,""mem_b"":668881533,""priority"":""2"",""node"":""kwok-node-18""},{""name"":""rs-28-p2-cgbfz"",""cpu_m"":926,""mem_b"":293440642,""priority"":""2"",""node"":""kwok-node-1""},{""name"":""rs-28-p2-cspv8"",""cpu_m"":926,""mem_b"":293440642,""priority"":""2"",""node"":""kwok-node-13""},{""name"":""rs-28-p2-tx2mk"",""cpu_m"":926,""mem_b"":293440642,""priority"":""2"",""node"":""kwok-node-16""},{""name"":""rs-29-p3-l2nrc"",""cpu_m"":396,""mem_b"":860488689,""priority"":""3"",""node"":""kwok-node-32""},{""name"":""rs-29-p3-ntph5"",""cpu_m"":396,""mem_b"":860488689,""priority"":""3"",""node"":""kwok-node-2""},{""name"":""rs-29-p3-z6nfk"",""cpu_m"":396,""mem_b"":860488689,""priority"":""3"",""node"":""kwok-node-20""},{""name"":""rs-30-p4-2qx2s"",""cpu_m"":804,""mem_b"":100135528,""priority"":""4"",""node"":""kwok-node-27""},{""name"":""rs-31-p1-h4gjc"",""cpu_m"":575,""mem_b"":500071757,""priority"":""1"",""node"":""kwok-node-26""},{""name"":""rs-32-p2-n2r4d"",""cpu_m"":877,""mem_b"":722874893,""priority"":""2"",""node"":""kwok-node-29""},{""name"":""rs-32-p2-thm4d"",""cpu_m"":877,""mem_b"":722874893,""priority"":""2"",""node"":""kwok-node-12""},{""name"":""rs-33-p4-497m9"",""cpu_m"":891,""mem_b"":185557641,""priority"":""4"",""node"":""kwok-node-22""},{""name"":""rs-33-p4-dxm6m"",""cpu_m"":891,""mem_b"":185557641,""priority"":""4"",""node"":""kwok-node-3""},{""name"":""rs-33-p4-j9kmf"",""cpu_m"":891,""mem_b"":185557641,""priority"":""4"",""node"":""kwok-node-7""},{""name"":""rs-34-p3-8nqqh"",""cpu_m"":617,""mem_b"":411407965,""priority"":""3"",""node"":""kwok-node-24""},{""name"":""rs-34-p3-bzk8r"",""cpu_m"":617,""mem_b"":411407965,""priority"":""3"",""node"":""kwok-node-6""},{""name"":""rs-34-p3-qt8gg"",""cpu_m"":617,""mem_b"":411407965,""priority"":""3"",""node"":""kwok-node-4""},{""name"":""rs-35-p2-dw2mr"",""cpu_m"":105,""mem_b"":837714740,""priority"":""2"",""node"":""kwok-node-14""},{""name"":""rs-35-p2-ng48g"",""cpu_m"":105,""mem_b"":837714740,""priority"":""2"",""node"":""kwok-node-21""},{""name"":""rs-36-p4-2d8dg"",""cpu_m"":173,""mem_b"":947160821,""priority"":""4"",""node"":""kwok-node-27""},{""name"":""rs-36-p4-f8tnc"",""cpu_m"":173,""mem_b"":947160821,""priority"":""4"",""node"":""kwok-node-16""},{""name"":""rs-36-p4-mz2xx"",""cpu_m"":173,""mem_b"":947160821,""priority"":""4"",""node"":""kwok-node-13""},{""name"":""rs-36-p4-smdzf"",""cpu_m"":173,""mem_b"":947160821,""priority"":""4"",""node"":""kwok-node-25""},{""name"":""rs-37-p1-2vbt2"",""cpu_m"":995,""mem_b"":377851392,""priority"":""1"",""node"":""""},{""name"":""rs-38-p1-288mf"",""cpu_m"":811,""mem_b"":351976121,""priority"":""1"",""node"":""kwok-node-5""},{""name"":""rs-38-p1-b8bhp"",""cpu_m"":811,""mem_b"":351976121,""priority"":""1"",""node"":""kwok-node-30""},{""name"":""rs-38-p1-pv8kd"",""cpu_m"":811,""mem_b"":351976121,""priority"":""1"",""node"":""kwok-node-9""},{""name"":""rs-39-p3-2k7tb"",""cpu_m"":684,""mem_b"":371256887,""priority"":""3"",""node"":""kwok-node-2""},{""name"":""rs-39-p3-8rltg"",""cpu_m"":684,""mem_b"":371256887,""priority"":""3"",""node"":""kwok-node-15""},{""name"":""rs-39-p3-zjg7h"",""cpu_m"":684,""mem_b"":371256887,""priority"":""3"",""node"":""kwok-node-32""},{""name"":""rs-40-p2-xlx9r"",""cpu_m"":189,""mem_b"":626283336,""priority"":""2"",""node"":""kwok-node-17""},{""name"":""rs-40-p2-xw7lg"",""cpu_m"":189,""mem_b"":626283336,""priority"":""2"",""node"":""kwok-node-1""},{""name"":""rs-41-p3-g8sgj"",""cpu_m"":592,""mem_b"":326272918,""priority"":""3"",""node"":""kwok-node-31""},{""name"":""rs-41-p3-pls2g"",""cpu_m"":592,""mem_b"":326272918,""priority"":""3"",""node"":""kwok-node-10""},{""name"":""rs-41-p3-w8g9p"",""cpu_m"":592,""mem_b"":326272918,""priority"":""3"",""node"":""kwok-node-20""},{""name"":""rs-41-p3-wxbcw"",""cpu_m"":592,""mem_b"":326272918,""priority"":""3"",""node"":""kwok-node-11""},{""name"":""rs-42-p4-8tlgg"",""cpu_m"":463,""mem_b"":697383863,""priority"":""4"",""node"":""""},{""name"":""rs-42-p4-rlf6g"",""cpu_m"":463,""mem_b"":697383863,""priority"":""4"",""node"":""kwok-node-8""},{""name"":""rs-42-p4-x25x7"",""cpu_m"":463,""mem_b"":697383863,""priority"":""4"",""node"":""""},{""name"":""rs-43-p2-hrt2t"",""cpu_m"":154,""mem_b"":258096592,""priority"":""2"",""node"":""kwok-node-18""},{""name"":""rs-43-p2-kdjqd"",""cpu_m"":154,""mem_b"":258096592,""priority"":""2"",""node"":""kwok-node-19""},{""name"":""rs-43-p2-l5gxg"",""cpu_m"":154,""mem_b"":258096592,""priority"":""2"",""node"":""kwok-node-26""},{""name"":""rs-43-p2-r224m"",""cpu_m"":154,""mem_b"":258096592,""priority"":""2"",""node"":""kwok-node-4""},{""name"":""rs-44-p1-5ssr2"",""cpu_m"":455,""mem_b"":847022088,""priority"":""1"",""node"":""""},{""name"":""rs-44-p1-6xg4t"",""cpu_m"":455,""mem_b"":847022088,""priority"":""1"",""node"":""""},{""name"":""rs-44-p1-8bbn7"",""cpu_m"":455,""mem_b"":847022088,""priority"":""1"",""node"":""""},{""name"":""rs-44-p1-jzcss"",""cpu_m"":455,""mem_b"":847022088,""priority"":""1"",""node"":""""},{""name"":""rs-45-p4-c7vsc"",""cpu_m"":998,""mem_b"":377739416,""priority"":""4"",""node"":""""},{""name"":""rs-46-p3-m6z9z"",""cpu_m"":671,""mem_b"":831655475,""priority"":""3"",""node"":""""},{""name"":""rs-47-p2-jd6p9"",""cpu_m"":238,""mem_b"":432056113,""priority"":""2"",""node"":""kwok-node-6""},{""name"":""rs-47-p2-k94np"",""cpu_m"":238,""mem_b"":432056113,""priority"":""2"",""node"":""kwok-node-24""},{""name"":""rs-47-p2-xgnz8"",""cpu_m"":238,""mem_b"":432056113,""priority"":""2"",""node"":""kwok-node-28""},{""name"":""rs-48-p4-vhdg6"",""cpu_m"":952,""mem_b"":931750331,""priority"":""4"",""node"":""""},{""name"":""rs-48-p4-vjzg5"",""cpu_m"":952,""mem_b"":931750331,""priority"":""4"",""node"":""""},{""name"":""rs-48-p4-xnfjn"",""cpu_m"":952,""mem_b"":931750331,""priority"":""4"",""node"":""""},{""name"":""rs-49-p3-r269k"",""cpu_m"":830,""mem_b"":980263058,""priority"":""3"",""node"":""""},{""name"":""rs-50-p1-6b6p9"",""cpu_m"":407,""mem_b"":979055080,""priority"":""1"",""node"":""""},{""name"":""rs-50-p1-cswx4"",""cpu_m"":407,""mem_b"":979055080,""priority"":""1"",""node"":""""},{""name"":""rs-50-p1-fplnm"",""cpu_m"":407,""mem_b"":979055080,""priority"":""1"",""node"":""""},{""name"":""rs-51-p4-2pzkp"",""cpu_m"":797,""mem_b"":938428569,""priority"":""4"",""node"":""""},{""name"":""rs-51-p4-pn75v"",""cpu_m"":797,""mem_b"":938428569,""priority"":""4"",""node"":""""},{""name"":""rs-52-p2-hhwmr"",""cpu_m"":164,""mem_b"":977731491,""priority"":""2"",""node"":""kwok-node-22""},{""name"":""rs-53-p3-fjbfm"",""cpu_m"":952,""mem_b"":540595072,""priority"":""3"",""node"":""""}]","[{""name"":""kwok-node-1"",""cap_cpu_m"":1943,""cap_mem_bytes"":2182255856},{""name"":""kwok-node-2"",""cap_cpu_m"":1943,""cap_mem_bytes"":2182255856},{""name"":""kwok-node-3"",""cap_cpu_m"":1943,""cap_mem_bytes"":2182255856},{""name"":""kwok-node-4"",""cap_cpu_m"":1943,""cap_mem_bytes"":2182255856},{""name"":""kwok-node-5"",""cap_cpu_m"":1943,""cap_mem_bytes"":2182255856},{""name"":""kwok-node-6"",""cap_cpu_m"":1943,""cap_mem_bytes"":2182255856},{""name"":""kwok-node-7"",""cap_cpu_m"":1943,""cap_mem_bytes"":2182255856},{""name"":""kwok-node-8"",""cap_cpu_m"":1943,""cap_mem_bytes"":2182255856},{""name"":""kwok-node-9"",""cap_cpu_m"":1943,""cap_mem_bytes"":2182255856},{""name"":""kwok-node-10"",""cap_cpu_m"":1943,""cap_mem_bytes"":2182255856},{""name"":""kwok-node-11"",""cap_cpu_m"":1943,""cap_mem_bytes"":2182255856},{""name"":""kwok-node-12"",""cap_cpu_m"":1943,""cap_mem_bytes"":2182255856},{""name"":""kwok-node-13"",""cap_cpu_m"":1943,""cap_mem_bytes"":2182255856},{""name"":""kwok-node-14"",""cap_cpu_m"":1943,""cap_mem_bytes"":2182255856},{""name"":""kwok-node-15"",""cap_cpu_m"":1943,""cap_mem_bytes"":2182255856},{""name"":""kwok-node-16"",""cap_cpu_m"":1943,""cap_mem_bytes"":2182255856},{""name"":""kwok-node-17"",""cap_cpu_m"":1943,""cap_mem_bytes"":2182255856},{""name"":""kwok-node-18"",""cap_cpu_m"":1943,""cap_mem_bytes"":2182255856},{""name"":""kwok-node-19"",""cap_cpu_m"":1943,""cap_mem_bytes"":2182255856},{""name"":""kwok-node-20"",""cap_cpu_m"":1943,""cap_mem_bytes"":2182255856},{""name"":""kwok-node-21"",""cap_cpu_m"":1943,""cap_mem_bytes"":2182255856},{""name"":""kwok-node-22"",""cap_cpu_m"":1943,""cap_mem_bytes"":2182255856},{""name"":""kwok-node-23"",""cap_cpu_m"":1943,""cap_mem_bytes"":2182255856},{""name"":""kwok-node-24"",""cap_cpu_m"":1943,""cap_mem_bytes"":2182255856},{""name"":""kwok-node-25"",""cap_cpu_m"":1943,""cap_mem_bytes"":2182255856},{""name"":""kwok-node-26"",""cap_cpu_m"":1943,""cap_mem_bytes"":2182255856},{""name"":""kwok-node-27"",""cap_cpu_m"":1943,""cap_mem_bytes"":2182255856},{""name"":""kwok-node-28"",""cap_cpu_m"":1943,""cap_mem_bytes"":2182255856},{""name"":""kwok-node-29"",""cap_cpu_m"":1943,""cap_mem_bytes"":2182255856},{""name"":""kwok-node-30"",""cap_cpu_m"":1943,""cap_mem_bytes"":2182255856},{""name"":""kwok-node-31"",""cap_cpu_m"":1943,""cap_mem_bytes"":2182255856},{""name"":""kwok-node-32"",""cap_cpu_m"":1943,""cap_mem_bytes"":2182255856}]"
2026/02/11/12:11:15,8727485397340111755,,"{""evicted"":0,""moved"":0,""placed_by_priority"":{""1"":28,""2"":27,""3"":31,""4"":25}}",python,"{""evicted"":11,""moved"":4,""placed_by_priority"":{""1"":18,""2"":36,""3"":31,""4"":29}}",497,OPTIMAL,"[{""duration_ms"":497,""name"":""python"",""score"":{""evicted"":11,""moved"":4,""placed_by_priority"":{""1"":18,""2"":36,""3"":31,""4"":29}},""status"":""OPTIMAL""}]",0.917,0.883,0.894,0.868,60513,58262,65582778211,63612042650,114,111,14,17,"{""kwok-node-1"":5,""kwok-node-10"":4,""kwok-node-11"":4,""kwok-node-12"":3,""kwok-node-13"":6,""kwok-node-14"":3,""kwok-node-15"":4,""kwok-node-16"":3,""kwok-node-17"":3,""kwok-node-18"":3,""kwok-node-19"":5,""kwok-node-2"":3,""kwok-node-20"":3,""kwok-node-21"":3,""kwok-node-22"":4,""kwok-node-23"":3,""kwok-node-24"":4,""kwok-node-25"":3,""kwok-node-26"":4,""kwok-node-27"":3,""kwok-node-28"":4,""kwok-node-29"":3,""kwok-node-3"":4,""kwok-node-30"":3,""kwok-node-31"":3,""kwok-node-32"":4,""kwok-node-4"":3,""kwok-node-5"":3,""kwok-node-6"":4,""kwok-node-7"":3,""kwok-node-8"":3,""kwok-node-9"":4}","{""kwok-node-1"":5,""kwok-node-10"":4,""kwok-node-11"":3,""kwok-node-12"":3,""kwok-node-13"":6,""kwok-node-14"":3,""kwok-node-15"":4,""kwok-node-16"":3,""kwok-node-17"":3,""kwok-node-18"":4,""kwok-node-19"":5,""kwok-node-2"":3,""kwok-node-20"":3,""kwok-node-21"":3,""kwok-node-22"":4,""kwok-node-23"":3,""kwok-node-24"":4,""kwok-node-25"":3,""kwok-node-26"":4,""kwok-node-27"":3,""kwok-node-28"":4,""kwok-node-29"":3,""kwok-node-3"":4,""kwok-node-30"":2,""kwok-node-31"":3,""kwok-node-32"":4,""kwok-node-4"":2,""kwok-node-5"":3,""kwok-node-6"":4,""kwok-node-7"":2,""kwok-node-8"":3,""kwok-node-9"":4}","{""p1"":18,""p2"":36,""p3"":31,""p4"":29}","{""p1"":28,""p2"":27,""p3"":31,""p4"":25}","{""p1"":14}","{""p1"":4,""p2"":9,""p4"":4}","{rs-06-p1-zq7kx,rs-19-p1-4j78f,rs-19-p1-lvgt9,rs-19-p1-vmzlw,rs-23-p1-2t2q6,rs-23-p1-cm228,rs-23-p1-scnh9,rs-23-p1-wfqj6,rs-36-p1-g8h6c,rs-40-p1-48lz9,rs-42-p1-sbsvq,rs-43-p1-kcczq,rs-45-p1-gtwwk,rs-45-p1-lnw5w}","{rs-38-p2-6jb6g,rs-38-p2-cgkk9,rs-38-p2-hxdzr,rs-38-p2-sl27z,rs-39-p2-6nwwq,rs-39-p2-8pw6c,rs-39-p2-h8bmp,rs-42-p1-sbsvq,rs-43-p1-v4pcw,rs-44-p4-2lj26,rs-44-p4-vrnhk,rs-44-p4-xswmr,rs-44-p4-z78qn,rs-45-p1-gtwwk,rs-45-p1-lnw5w,rs-47-p2-926zw,rs-47-p2-rf2ds}","{rs-01-p4-6mrq8,rs-01-p4-nrtmn,rs-01-p4-wt2tn,rs-02-p4-prmtz,rs-02-p4-ws2sf,rs-03-p4-cj25v,rs-04-p1-jzj4c,rs-04-p1-xphk6,rs-05-p3-bb9gd,rs-05-p3-jh4fd,rs-07-p2-2mzld,rs-07-p2-4vgx2,rs-08-p3-6stl7,rs-08-p3-z788h,rs-09-p2-9x9j4,rs-09-p2-gt2nf,rs-09-p2-nc7pz,rs-10-p4-5qpmq,rs-10-p4-l28kv,rs-11-p2-2pjvq,rs-11-p2-7vxwm,rs-11-p2-dw5qx,rs-12-p3-bft98,rs-12-p3-cch9n,rs-12-p3-mwn6j,rs-12-p3-nf77w,rs-13-p3-2xprn,rs-13-p3-bfx9c,rs-13-p3-kbm4b,rs-13-p3-spscs,rs-14-p2-dhtzj,rs-14-p2-g4sqh,rs-14-p2-jz297,rs-15-p2-k4k54,rs-16-p3-5b989,rs-16-p3-tjpqh,rs-17-p2-7j574,rs-17-p2-g5bbg,rs-17-p2-sfq7r,rs-18-p3-57qz8,rs-18-p3-cch59,rs-18-p3-lgh4j,rs-18-p3-pkrp7,rs-20-p3-8zf6z,rs-20-p3-j2dnh,rs-21-p4-87rkl,rs-21-p4-fdgbp,rs-22-p4-brmtr,rs-22-p4-gxjvj,rs-24-p2-77lbm,rs-25-p2-n766n,rs-25-p2-s8kgk,rs-26-p3-2bq9f,rs-26-p3-q869z,rs-26-p3-s5qgp,rs-27-p4-b698g,rs-27-p4-d7pkg,rs-27-p4-kx7rb,rs-27-p4-xcmdc,rs-28-p4-979fv,rs-29-p4-8b5ts,rs-29-p4-8fgzj,rs-30-p4-7l542,rs-30-p4-dq5zn,rs-30-p4-gpnh4,rs-30-p4-mvbd2,rs-31-p2-g2mb6,rs-31-p2-prdmx,rs-31-p2-r696x,rs-31-p2-xvvnv,rs-32-p4-gzvsm,rs-33-p1-6hfl2,rs-33-p1-fsb47,rs-33-p1-zsvn5,rs-34-p3-2kkk9,rs-34-p3-gp8hw,rs-34-p3-qhvpt,rs-34-p3-qw6ht,rs-35-p4-mq8gb,rs-36-p1-f2gl8,rs-36-p1-f6qgb,rs-37-p2-45cv7,rs-37-p2-lvhpq,rs-37-p2-nnx8p,rs-38-p2-6jb6g,rs-38-p2-cgkk9,rs-38-p2-hxdzr,rs-38-p2-sl27z,rs-39-p2-6nwwq,rs-39-p2-8pw6c,rs-39-p2-h8bmp,rs-40-p1-xjtfv,rs-41-p3-2vsf9,rs-41-p3-7pjqd,rs-41-p3-dhbsc,rs-41-p3-v77xr,rs-42-p1-27rwn,rs-42-p1-k4wp5,rs-42-p1-ngn8h,rs-43-p1-rdlkt,rs-43-p1-v4pcw,rs-44-p4-2lj26,rs-44-p4-vrnhk,rs-44-p4-xswmr,rs-44-p4-z78qn,rs-46-p2-wpht5,rs-47-p2-926zw,rs-47-p2-rf2ds,rs-48-p2-lq6vn,rs-49-p1-42ktf,rs-49-p1-954wj,rs-50-p1-7rdrk,rs-50-p1-jzmhb,rs-50-p1-qvkt5}","{rs-01-p4-6mrq8,rs-01-p4-nrtmn,rs-01-p4-wt2tn,rs-02-p4-prmtz,rs-02-p4-ws2sf,rs-03-p4-cj25v,rs-04-p1-jzj4c,rs-04-p1-xphk6,rs-05-p3-bb9gd,rs-05-p3-jh4fd,rs-06-p1-6cbzx,rs-07-p2-2mzld,rs-07-p2-4vgx2,rs-08-p3-6stl7,rs-08-p3-z788h,rs-09-p2-9x9j4,rs-09-p2-gt2nf,rs-09-p2-nc7pz,rs-10-p4-5qpmq,rs-10-p4-l28kv,rs-11-p2-2pjvq,rs-11-p2-7vxwm,rs-11-p2-dw5qx,rs-12-p3-bft98,rs-12-p3-cch9n,rs-12-p3-mwn6j,rs-12-p3-nf77w,rs-13-p3-2xprn,rs-13-p3-bfx9c,rs-13-p3-kbm4b,rs-13-p3-spscs,rs-14-p2-dhtzj,rs-14-p2-g4sqh,rs-14-p2-jz297,rs-15-p2-k4k54,rs-16-p3-5b989,rs-16-p3-tjpqh,rs-17-p2-7j574,rs-17-p2-g5bbg,rs-17-p2-sfq7r,rs-18-p3-57qz8,rs-18-p3-cch59,rs-18-p3-lgh4j,rs-18-p3-pkrp7,rs-19-p1-89zqb,rs-19-p1-gscqx,rs-19-p1-xwkf4,rs-20-p3-8zf6z,rs-20-p3-j2dnh,rs-21-p4-87rkl,rs-21-p4-fdgbp,rs-22-p4-brmtr,rs-22-p4-gxjvj,rs-23-p1-6vhlc,rs-23-p1-b24nn,rs-23-p1-gg8tm,rs-23-p1-h684k,rs-24-p2-77lbm,rs-25-p2-n766n,rs-25-p2-s8kgk,rs-26-p3-2bq9f,rs-26-p3-q869z,rs-26-p3-s5qgp,rs-27-p4-b698g,rs-27-p4-d7pkg,rs-27-p4-kx7rb,rs-27-p4-xcmdc,rs-28-p4-979fv,rs-29-p4-8b5ts,rs-29-p4-8fgzj,rs-30-p4-7l542,rs-30-p4-dq5zn,rs-30-p4-gpnh4,rs-30-p4-mvbd2,rs-31-p2-g2mb6,rs-31-p2-prdmx,rs-31-p2-r696x,rs-31-p2-xvvnv,rs-32-p4-gzvsm,rs-33-p1-82cg8,rs-33-p1-ffss7,rs-33-p1-mxrpm,rs-34-p3-2kkk9,rs-34-p3-gp8hw,rs-34-p3-qhvpt,rs-34-p3-qw6ht,rs-35-p4-mq8gb,rs-36-p1-f2gl8,rs-36-p1-f6qgb,rs-36-p1-w96sh,rs-37-p2-45cv7,rs-37-p2-lvhpq,rs-37-p2-nnx8p,rs-40-p1-5ccfj,rs-40-p1-xjtfv,rs-41-p3-2vsf9,rs-41-p3-7pjqd,rs-41-p3-dhbsc,rs-41-p3-v77xr,rs-42-p1-27rwn,rs-42-p1-k4wp5,rs-42-p1-ngn8h,rs-43-p1-b6w46,rs-43-p1-rdlkt,rs-46-p2-wpht5,rs-48-p2-lq6vn,rs-49-p1-42ktf,rs-49-p1-954wj,rs-50-p1-7rdrk,rs-50-p1-cc6dn,rs-50-p1-jzmhb}","[{""name"":""rs-01-p4-6mrq8"",""cpu_m"":149,""mem_b"":781577046,""priority"":""4"",""node"":""kwok-node-10""},{""name"":""rs-01-p4-nrtmn"",""cpu_m"":149,""mem_b"":781577046,""priority"":""4"",""node"":""kwok-node-1""},{""name"":""rs-01-p4-wt2tn"",""cpu_m"":149,""mem_b"":781577046,""priority"":""4"",""node"":""kwok-node-15""},{""name"":""rs-02-p4-prmtz"",""cpu_m"":564,""mem_b"":908770214,""priority"":""4"",""node"":""kwok-node-21""},{""name"":""rs-02-p4-ws2sf"",""cpu_m"":564,""mem_b"":908770214,""priority"":""4"",""node"":""kwok-node-16""},{""name"":""rs-03-p4-cj25v"",""cpu_m"":445,""mem_b"":881799480,""priority"":""4"",""node"":""kwok-node-14""},{""name"":""rs-04-p1-jzj4c"",""cpu_m"":145,""mem_b"":197086204,""priority"":""1"",""node"":""kwok-node-13""},{""name"":""rs-04-p1-xphk6"",""cpu_m"":145,""mem_b"":197086204,""priority"":""1"",""node"":""kwok-node-19""},{""name"":""rs-05-p3-bb9gd"",""cpu_m"":698,""mem_b"":644367676,""priority"":""3"",""node"":""kwok-node-12""},{""name"":""rs-05-p3-jh4fd"",""cpu_m"":698,""mem_b"":644367676,""priority"":""3"",""node"":""kwok-node-20""},{""name"":""rs-06-p1-zq7kx"",""cpu_m"":578,""mem_b"":959467861,""priority"":""1"",""node"":""""},{""name"":""rs-07-p2-2mzld"",""cpu_m"":669,""mem_b"":457497108,""priority"":""2"",""node"":""kwok-node-18""},{""name"":""rs-07-p2-4vgx2"",""cpu_m"":669,""mem_b"":457497108,""priority"":""2"",""node"":""kwok-node-22""},{""name"":""rs-08-p3-6stl7"",""cpu_m"":926,""mem_b"":849702505,""priority"":""3"",""node"":""kwok-node-29""},{""name"":""rs-08-p3-z788h"",""cpu_m"":926,""mem_b"":849702505,""priority"":""3"",""node"":""kwok-node-17""},{""name"":""rs-09-p2-9x9j4"",""cpu_m"":955,""mem_b"":796032649,""priority"":""2"",""node"":""kwok-node-2""},{""name"":""rs-09-p2-gt2nf"",""cpu_m"":955,""mem_b"":796032649,""priority"":""2"",""node"":""kwok-node-27""},{""name"":""rs-09-p2-nc7pz"",""cpu_m"":955,""mem_b"":796032649,""priority"":""2"",""node"":""kwok-node-30""},{""name"":""rs-10-p4-5qpmq"",""cpu_m"":533,""mem_b"":442621987,""priority"":""4"",""node"":""kwok-node-3""},{""name"":""rs-10-p4-l28kv"",""cpu_m"":533,""mem_b"":442621987,""priority"":""4"",""node"":""kwok-node-28""},{""name"":""rs-11-p2-2pjvq"",""cpu_m"":904,""mem_b"":728243419,""priority"":""2"",""node"":""kwok-node-25""},{""name"":""rs-11-p2-7vxwm"",""cpu_m"":904,""mem_b"":728243419,""priority"":""2"",""node"":""kwok-node-31""},{""name"":""rs-11-p2-dw5qx"",""cpu_m"":904,""mem_b"":728243419,""priority"":""2"",""node"":""kwok-node-4""},{""name"":""rs-12-p3-bft98"",""cpu_m"":661,""mem_b"":733734047,""priority"":""3"",""node"":""kwok-node-32""},{""name"":""rs-12-p3-cch9n"",""cpu_m"":661,""mem_b"":733734047,""priority"":""3"",""node"":""kwok-node-11""},{""name"":""rs-12-p3-mwn6j"",""cpu_m"":661,""mem_b"":733734047,""priority"":""3"",""node"":""kwok-node-24""},{""name"":""rs-12-p3-nf77w"",""cpu_m"":661,""mem_b"":733734047,""priority"":""3"",""node"":""kwok-node-7""},{""name"":""rs-13-p3-2xprn"",""cpu_m"":319,""mem_b"":791338907,""priority"":""3"",""node"":""kwok-node-9""},{""name"":""rs-13-p3-bfx9c"",""cpu_m"":319,""mem_b"":791338907,""priority"":""3"",""node"":""kwok-node-26""},{""name"":""rs-13-p3-kbm4b"",""cpu_m"":319,""mem_b"":791338907,""priority"":""3"",""node"":""kwok-node-8""},{""name"":""rs-13-p3-spscs"",""cpu_m"":319,""mem_b"":791338907,""priority"":""3"",""node"":""kwok-node-5""},{""name"":""rs-14-p2-dhtzj"",""cpu_m"":228,""mem_b"":222586781,""priority"":""2"",""node"":""kwok-node-13""},{""name"":""rs-14-p2-g4sqh"",""cpu_m"":228,""mem_b"":222586781,""priority"":""2"",""node"":""kwok-node-19""},{""name"":""rs-14-p2-jz297"",""cpu_m"":228,""mem_b"":222586781,""priority"":""2"",""node"":""kwok-node-6""},{""name"":""rs-15-p2-k4k54"",""cpu_m"":544,""mem_b"":109649426,""priority"":""2"",""node"":""kwok-node-6""},{""name"":""rs-16-p3-5b989"",""cpu_m"":822,""mem_b"":384664319,""priority"":""3"",""node"":""kwok-node-15""},{""name"":""rs-16-p3-tjpqh"",""cpu_m"":822,""mem_b"":384664319,""priority"":""3"",""node"":""kwok-node-10""},{""name"":""rs-17-p2-7j574"",""cpu_m"":401,""mem_b"":186673725,""priority"":""2"",""node"":""kwok-node-19""},{""name"":""rs-17-p2-g5bbg"",""cpu_m"":401,""mem_b"":186673725,""priority"":""2"",""node"":""kwok-node-1""},{""name"":""rs-17-p2-sfq7r"",""cpu_m"":401,""mem_b"":186673725,""priority"":""2"",""node"":""kwok-node-13""},{""name"":""rs-18-p3-57qz8"",""cpu_m"":362,""mem_b"":432564284,""priority"":""3"",""node"":""kwok-node-3""},{""name"":""rs-18-p3-cch59"",""cpu_m"":362,""mem_b"":432564284,""priority"":""3"",""node"":""kwok-node-28""},{""name"":""rs-18-p3-lgh4j"",""cpu_m"":362,""mem_b"":432564284,""priority"":""3"",""node"":""kwok-node-22""},{""name"":""rs-18-p3-pkrp7"",""cpu_m"":362,""mem_b"":432564284,""priority"":""3"",""node"":""kwok-node-18""},{""name"":""rs-19-p1-4j78f"",""cpu_m"":675,""mem_b"":850842336,""priority"":""1"",""node"":""""},{""name"":""rs-19-p1-lvgt9"",""cpu_m"":675,""mem_b"":850842336,""priority"":""1"",""node"":""""},{""name"":""rs-19-p1-vmzlw"",""cpu_m"":675,""mem_b"":850842336,""priority"":""1"",""node"":""""},{""name"":""rs-20-p3-8zf6z"",""cpu_m"":144,""mem_b"":120813773,""priority"":""3"",""node"":""kwok-node-32""},{""name"":""rs-20-p3-j2dnh"",""cpu_m"":144,""mem_b"":120813773,""priority"":""3"",""node"":""kwok-node-24""},{""name"":""rs-21-p4-87rkl"",""cpu_m"":213,""mem_b"":584486459,""priority"":""4"",""node"":""kwok-node-13""},{""name"":""rs-21-p4-fdgbp"",""cpu_m"":213,""mem_b"":584486459,""priority"":""4"",""node"":""kwok-node-6""},{""name"":""rs-22-p4-brmtr"",""cpu_m"":868,""mem_b"":967115313,""priority"":""4"",""node"":""kwok-node-8""},{""name"":""rs-22-p4-gxjvj"",""cpu_m"":868,""mem_b"":967115313,""priority"":""4"",""node"":""kwok-node-7""},{""name"":""rs-23-p1-2t2q6"",""cpu_m"":614,""mem_b"":979984529,""priority"":""1"",""node"":""""},{""name"":""rs-23-p1-cm228"",""cpu_m"":614,""mem_b"":979984529,""priority"":""1"",""node"":""""},{""name"":""rs-23-p1-scnh9"",""cpu_m"":614,""mem_b"":979984529,""priority"":""1"",""node"":""""},{""name"":""rs-23-p1-wfqj6"",""cpu_m"":614,""mem_b"":979984529,""priority"":""1"",""node"":""""},{""name"":""rs-24-p2-77lbm"",""cpu_m"":575,""mem_b"":457704596,""priority"":""2"",""node"":""kwok-node-26""},{""name"":""rs-25-p2-n766n"",""cpu_m"":782,""mem_b"":810982769,""priority"":""2"",""node"":""kwok-node-9""},{""name"":""rs-25-p2-s8kgk"",""cpu_m"":782,""mem_b"":810982769,""priority"":""2"",""node"":""kwok-node-5""},{""name"":""rs-26-p3-2bq9f"",""cpu_m"":676,""mem_b"":655906964,""priority"":""3"",""node"":""kwok-node-21""},{""name"":""rs-26-p3-q869z"",""cpu_m"":676,""mem_b"":655906964,""priority"":""3"",""node"":""kwok-node-14""},{""name"":""rs-26-p3-s5qgp"",""cpu_m"":676,""mem_b"":655906964,""priority"":""3"",""node"":""kwok-node-16""},{""name"":""rs-27-p4-b698g"",""cpu_m"":422,""mem_b"":983738679,""priority"":""4"",""node"":""kwok-node-2""},{""name"":""rs-27-p4-d7pkg"",""cpu_m"":422,""mem_b"":983738679,""priority"":""4"",""node"":""kwok-node-30""},{""name"":""rs-27-p4-kx7rb"",""cpu_m"":422,""mem_b"":983738679,""priority"":""4"",""node"":""kwok-node-27""},{""name"":""rs-27-p4-xcmdc"",""cpu_m"":422,""mem_b"":983738679,""priority"":""4"",""node"":""kwok-node-32""},{""name"":""rs-28-p4-979fv"",""cpu_m"":967,""mem_b"":150533253,""priority"":""4"",""node"":""kwok-node-1""},{""name"":""rs-29-p4-8b5ts"",""cpu_m"":902,""mem_b"":496747419,""priority"":""4"",""node"":""kwok-node-24""},{""name"":""rs-29-p4-8fgzj"",""cpu_m"":902,""mem_b"":496747419,""priority"":""4"",""node"":""kwok-node-23""},{""name"":""rs-30-p4-7l542"",""cpu_m"":173,""mem_b"":893550231,""priority"":""4"",""node"":""kwok-node-28""},{""name"":""rs-30-p4-dq5zn"",""cpu_m"":173,""mem_b"":893550231,""priority"":""4"",""node"":""kwok-node-29""},{""name"":""rs-30-p4-gpnh4"",""cpu_m"":173,""mem_b"":893550231,""priority"":""4"",""node"":""kwok-node-17""},{""name"":""rs-30-p4-mvbd2"",""cpu_m"":173,""mem_b"":893550231,""priority"":""4"",""node"":""kwok-node-3""},{""name"":""rs-31-p2-g2mb6"",""cpu_m"":525,""mem_b"":272315533,""priority"":""2"",""node"":""kwok-node-10""},{""name"":""rs-31-p2-prdmx"",""cpu_m"":525,""mem_b"":272315533,""priority"":""2"",""node"":""kwok-node-15""},{""name"":""rs-31-p2-r696x"",""cpu_m"":525,""mem_b"":272315533,""priority"":""2"",""node"":""kwok-node-13""},{""name"":""rs-31-p2-xvvnv"",""cpu_m"":525,""mem_b"":272315533,""priority"":""2"",""node"":""kwok-node-26""},{""name"":""rs-32-p4-gzvsm"",""cpu_m"":978,""mem_b"":266103715,""priority"":""4"",""node"":""kwok-node-6""},{""name"":""rs-33-p1-6hfl2"",""cpu_m"":546,""mem_b"":461795020,""priority"":""1"",""node"":""kwok-node-4""},{""name"":""rs-33-p1-fsb47"",""cpu_m"":546,""mem_b"":461795020,""priority"":""1"",""node"":""kwok-node-31""},{""name"":""rs-33-p1-zsvn5"",""cpu_m"":546,""mem_b"":461795020,""priority"":""1"",""node"":""kwok-node-30""},{""name"":""rs-34-p3-2kkk9"",""cpu_m"":466,""mem_b"":585320191,""priority"":""3"",""node"":""kwok-node-26""},{""name"":""rs-34-p3-gp8hw"",""cpu_m"":466,""mem_b"":585320191,""priority"":""3"",""node"":""kwok-node-12""},{""name"":""rs-34-p3-qhvpt"",""cpu_m"":466,""mem_b"":585320191,""priority"":""3"",""node"":""kwok-node-14""},{""name"":""rs-34-p3-qw6ht"",""cpu_m"":466,""mem_b"":585320191,""priority"":""3"",""node"":""kwok-node-20""},{""name"":""rs-35-p4-mq8gb"",""cpu_m"":612,""mem_b"":695406079,""priority"":""4"",""node"":""kwok-node-21""},{""name"":""rs-36-p1-f2gl8"",""cpu_m"":783,""mem_b"":333778047,""priority"":""1"",""node"":""kwok-node-28""},{""name"":""rs-36-p1-f6qgb"",""cpu_m"":783,""mem_b"":333778047,""priority"":""1"",""node"":""kwok-node-3""},{""name"":""rs-36-p1-g8h6c"",""cpu_m"":783,""mem_b"":333778047,""priority"":""1"",""node"":""""},{""name"":""rs-37-p2-45cv7"",""cpu_m"":346,""mem_b"":121833157,""priority"":""2"",""node"":""kwok-node-9""},{""name"":""rs-37-p2-lvhpq"",""cpu_m"":346,""mem_b"":121833157,""priority"":""2"",""node"":""kwok-node-11""},{""name"":""rs-37-p2-nnx8p"",""cpu_m"":346,""mem_b"":121833157,""priority"":""2"",""node"":""kwok-node-17""},{""name"":""rs-38-p2-6jb6g"",""cpu_m"":586,""mem_b"":885041023,""priority"":""2"",""node"":""kwok-node-23""},{""name"":""rs-38-p2-cgkk9"",""cpu_m"":586,""mem_b"":885041023,""priority"":""2"",""node"":""kwok-node-4""},{""name"":""rs-38-p2-hxdzr"",""cpu_m"":586,""mem_b"":885041023,""priority"":""2"",""node"":""kwok-node-19""},{""name"":""rs-38-p2-sl27z"",""cpu_m"":586,""mem_b"":885041023,""priority"":""2"",""node"":""kwok-node-25""},{""name"":""rs-39-p2-6nwwq"",""cpu_m"":854,""mem_b"":934774598,""priority"":""2"",""node"":""kwok-node-12""},{""name"":""rs-39-p2-8pw6c"",""cpu_m"":854,""mem_b"":934774598,""priority"":""2"",""node"":""kwok-node-20""},{""name"":""rs-39-p2-h8bmp"",""cpu_m"":854,""mem_b"":934774598,""priority"":""2"",""node"":""kwok-node-18""},{""name"":""rs-40-p1-48lz9"",""cpu_m"":569,""mem_b"":686169655,""priority"":""1"",""node"":""""},{""name"":""rs-40-p1-xjtfv"",""cpu_m"":569,""mem_b"":686169655,""priority"":""1"",""node"":""kwok-node-23""},{""name"":""rs-41-p3-2vsf9"",""cpu_m"":273,""mem_b"":413428770,""priority"":""3"",""node"":""kwok-node-10""},{""name"":""rs-41-p3-7pjqd"",""cpu_m"":273,""mem_b"":413428770,""priority"":""3"",""node"":""kwok-node-1""},{""name"":""rs-41-p3-dhbsc"",""cpu_m"":273,""mem_b"":413428770,""priority"":""3"",""node"":""kwok-node-15""},{""name"":""rs-41-p3-v77xr"",""cpu_m"":273,""mem_b"":413428770,""priority"":""3"",""node"":""kwok-node-13""},{""name"":""rs-42-p1-27rwn"",""cpu_m"":766,""mem_b"":312924644,""priority"":""1"",""node"":""kwok-node-8""},{""name"":""rs-42-p1-k4wp5"",""cpu_m"":766,""mem_b"":312924644,""priority"":""1"",""node"":""kwok-node-29""},{""name"":""rs-42-p1-ngn8h"",""cpu_m"":766,""mem_b"":312924644,""priority"":""1"",""node"":""kwok-node-32""},{""name"":""rs-42-p1-sbsvq"",""cpu_m"":766,""mem_b"":312924644,""priority"":""1"",""node"":""""},{""name"":""rs-43-p1-kcczq"",""cpu_m"":359,""mem_b"":722527181,""priority"":""1"",""node"":""""},{""name"":""rs-43-p1-rdlkt"",""cpu_m"":359,""mem_b"":722527181,""priority"":""1"",""node"":""kwok-node-22""},{""name"":""rs-43-p1-v4pcw"",""cpu_m"":359,""mem_b"":722527181,""priority"":""1"",""node"":""kwok-node-11""},{""name"":""rs-44-p4-2lj26"",""cpu_m"":610,""mem_b"":692930025,""priority"":""4"",""node"":""kwok-node-16""},{""name"":""rs-44-p4-vrnhk"",""cpu_m"":610,""mem_b"":692930025,""priority"":""4"",""node"":""kwok-node-31""},{""name"":""rs-44-p4-xswmr"",""cpu_m"":610,""mem_b"":692930025,""priority"":""4"",""node"":""kwok-node-11""},{""name"":""rs-44-p4-z78qn"",""cpu_m"":610,""mem_b"":692930025,""priority"":""4"",""node"":""kwok-node-19""},{""name"":""rs-45-p1-gtwwk"",""cpu_m"":616,""mem_b"":957426549,""priority"":""1"",""node"":""""},{""name"":""rs-45-p1-lnw5w"",""cpu_m"":616,""mem_b"":957426549,""priority"":""1"",""node"":""""},{""name"":""rs-46-p2-wpht5"",""cpu_m"":432,""mem_b"":341943428,""priority"":""2"",""node"":""kwok-node-9""},{""name"":""rs-47-p2-926zw"",""cpu_m"":658,""mem_b"":653204131,""priority"":""2"",""node"":""kwok-node-5""},{""name"":""rs-47-p2-rf2ds"",""cpu_m"":658,""mem_b"":653204131,""priority"":""2"",""node"":""kwok-node-22""},{""name"":""rs-48-p2-lq6vn"",""cpu_m"":464,""mem_b"":507782953,""priority"":""2"",""node"":""kwok-node-25""},{""name"":""rs-49-p1-42ktf"",""cpu_m"":665,""mem_b"":344382199,""priority"":""1"",""node"":""kwok-node-2""},{""name"":""rs-49-p1-954wj"",""cpu_m"":665,""mem_b"":344382199,""priority"":""1"",""node"":""kwok-node-27""},{""name"":""rs-50-p1-7rdrk"",""cpu_m"":134,""mem_b"":435100083,""priority"":""1"",""node"":""kwok-node-24""},{""name"":""rs-50-p1-jzmhb"",""cpu_m"":134,""mem_b"":435100083,""priority"":""1"",""node"":""kwok-node-1""},{""name"":""rs-50-p1-qvkt5"",""cpu_m"":134,""mem_b"":435100083,""priority"":""1"",""node"":""kwok-node-7""}]","[{""name"":""rs-01-p4-6mrq8"",""cpu_m"":149,""mem_b"":781577046,""priority"":""4"",""node"":""kwok-node-10""},{""name"":""rs-01-p4-nrtmn"",""cpu_m"":149,""mem_b"":781577046,""priority"":""4"",""node"":""kwok-node-1""},{""name"":""rs-01-p4-wt2tn"",""cpu_m"":149,""mem_b"":781577046,""priority"":""4"",""node"":""kwok-node-15""},{""name"":""rs-02-p4-prmtz"",""cpu_m"":564,""mem_b"":908770214,""priority"":""4"",""node"":""kwok-node-21""},{""name"":""rs-02-p4-ws2sf"",""cpu_m"":564,""mem_b"":908770214,""priority"":""4"",""node"":""kwok-node-16""},{""name"":""rs-03-p4-cj25v"",""cpu_m"":445,""mem_b"":881799480,""priority"":""4"",""node"":""kwok-node-14""},{""name"":""rs-04-p1-jzj4c"",""cpu_m"":145,""mem_b"":197086204,""priority"":""1"",""node"":""kwok-node-13""},{""name"":""rs-04-p1-xphk6"",""cpu_m"":145,""mem_b"":197086204,""priority"":""1"",""node"":""kwok-node-19""},{""name"":""rs-05-p3-bb9gd"",""cpu_m"":698,""mem_b"":644367676,""priority"":""3"",""node"":""kwok-node-12""},{""name"":""rs-05-p3-jh4fd"",""cpu_m"":698,""mem_b"":644367676,""priority"":""3"",""node"":""kwok-node-20""},{""name"":""rs-06-p1-6cbzx"",""cpu_m"":578,""mem_b"":959467861,""priority"":""1"",""node"":""kwok-node-23""},{""name"":""rs-07-p2-2mzld"",""cpu_m"":669,""mem_b"":457497108,""priority"":""2"",""node"":""kwok-node-18""},{""name"":""rs-07-p2-4vgx2"",""cpu_m"":669,""mem_b"":457497108,""priority"":""2"",""node"":""kwok-node-22""},{""name"":""rs-08-p3-6stl7"",""cpu_m"":926,""mem_b"":849702505,""priority"":""3"",""node"":""kwok-node-29""},{""name"":""rs-08-p3-z788h"",""cpu_m"":926,""mem_b"":849702505,""priority"":""3"",""node"":""kwok-node-17""},{""name"":""rs-09-p2-9x9j4"",""cpu_m"":955,""mem_b"":796032649,""priority"":""2"",""node"":""kwok-node-2""},{""name"":""rs-09-p2-gt2nf"",""cpu_m"":955,""mem_b"":796032649,""priority"":""2"",""node"":""kwok-node-27""},{""name"":""rs-09-p2-nc7pz"",""cpu_m"":955,""mem_b"":796032649,""priority"":""2"",""node"":""kwok-node-30""},{""name"":""rs-10-p4-5qpmq"",""cpu_m"":533,""mem_b"":442621987,""priority"":""4"",""node"":""kwok-node-3""},{""name"":""rs-10-p4-l28kv"",""cpu_m"":533,""mem_b"":442621987,""priority"":""4"",""node"":""kwok-node-28""},{""name"":""rs-11-p2-2pjvq"",""cpu_m"":904,""mem_b"":728243419,""priority"":""2"",""node"":""kwok-node-25""},{""name"":""rs-11-p2-7vxwm"",""cpu_m"":904,""mem_b"":728243419,""priority"":""2"",""node"":""kwok-node-31""},{""name"":""rs-11-p2-dw5qx"",""cpu_m"":904,""mem_b"":728243419,""priority"":""2"",""node"":""kwok-node-4""},{""name"":""rs-12-p3-bft98"",""cpu_m"":661,""mem_b"":733734047,""priority"":""3"",""node"":""kwok-node-32""},{""name"":""rs-12-p3-cch9n"",""cpu_m"":661,""mem_b"":733734047,""priority"":""3"",""node"":""kwok-node-11""},{""name"":""rs-12-p3-mwn6j"",""cpu_m"":661,""mem_b"":733734047,""priority"":""3"",""node"":""kwok-node-24""},{""name"":""rs-12-p3-nf77w"",""cpu_m"":661,""mem_b"":733734047,""priority"":""3"",""node"":""kwok-node-7""},{""name"":""rs-13-p3-2xprn"",""cpu_m"":319,""mem_b"":791338907,""priority"":""3"",""node"":""kwok-node-9""},{""name"":""rs-13-p3-bfx9c"",""cpu_m"":319,""mem_b"":791338907,""priority"":""3"",""node"":""kwok-node-26""},{""name"":""rs-13-p3-kbm4b"",""cpu_m"":319,""mem_b"":791338907,""priority"":""3"",""node"":""kwok-node-8""},{""name"":""rs-13-p3-spscs"",""cpu_m"":319,""mem_b"":791338907,""priority"":""3"",""node"":""kwok-node-5""},{""name"":""rs-14-p2-dhtzj"",""cpu_m"":228,""mem_b"":222586781,""priority"":""2"",""node"":""kwok-node-13""},{""name"":""rs-14-p2-g4sqh"",""cpu_m"":228,""mem_b"":222586781,""priority"":""2"",""node"":""kwok-node-19""},{""name"":""rs-14-p2-jz297"",""cpu_m"":228,""mem_b"":222586781,""priority"":""2"",""node"":""kwok-node-6""},{""name"":""rs-15-p2-k4k54"",""cpu_m"":544,""mem_b"":109649426,""priority"":""2"",""node"":""kwok-node-6""},{""name"":""rs-16-p3-5b989"",""cpu_m"":822,""mem_b"":384664319,""priority"":""3"",""node"":""kwok-node-15""},{""name"":""rs-16-p3-tjpqh"",""cpu_m"":822,""mem_b"":384664319,""priority"":""3"",""node"":""kwok-node-10""},{""name"":""rs-17-p2-7j574"",""cpu_m"":401,""mem_b"":186673725,""priority"":""2"",""node"":""kwok-node-19""},{""name"":""rs-17-p2-g5bbg"",""cpu_m"":401,""mem_b"":186673725,""priority"":""2"",""node"":""kwok-node-1""},{""name"":""rs-17-p2-sfq7r"",""cpu_m"":401,""mem_b"":186673725,""priority"":""2"",""node"":""kwok-node-13""},{""name"":""rs-18-p3-57qz8"",""cpu_m"":362,""mem_b"":432564284,""priority"":""3"",""node"":""kwok-node-3""},{""name"":""rs-18-p3-cch59"",""cpu_m"":362,""mem_b"":432564284,""priority"":""3"",""node"":""kwok-node-28""},{""name"":""rs-18-p3-lgh4j"",""cpu_m"":362,""mem_b"":432564284,""priority"":""3"",""node"":""kwok-node-22""},{""name"":""rs-18-p3-pkrp7"",""cpu_m"":362,""mem_b"":432564284,""priority"":""3"",""node"":""kwok-node-18""},{""name"":""rs-19-p1-89zqb"",""cpu_m"":675,""mem_b"":850842336,""priority"":""1"",""node"":""kwok-node-11""},{""name"":""rs-19-p1-gscqx"",""cpu_m"":675,""mem_b"":850842336,""priority"":""1"",""node"":""kwok-node-12""},{""name"":""rs-19-p1-xwkf4"",""cpu_m"":675,""mem_b"":850842336,""priority"":""1"",""node"":""kwok-node-20""},{""name"":""rs-20-p3-8zf6z"",""cpu_m"":144,""mem_b"":120813773,""priority"":""3"",""node"":""kwok-node-32""},{""name"":""rs-20-p3-j2dnh"",""cpu_m"":144,""mem_b"":120813773,""priority"":""3"",""node"":""kwok-node-24""},{""name"":""rs-21-p4-87rkl"",""cpu_m"":213,""mem_b"":584486459,""priority"":""4"",""node"":""kwok-node-13""},{""name"":""rs-21-p4-fdgbp"",""cpu_m"":213,""mem_b"":584486459,""priority"":""4"",""node"":""kwok-node-6""},{""name"":""rs-22-p4-brmtr"",""cpu_m"":868,""mem_b"":967115313,""priority"":""4"",""node"":""kwok-node-8""},{""name"":""rs-22-p4-gxjvj"",""cpu_m"":868,""mem_b"":967115313,""priority"":""4"",""node"":""kwok-node-7""},{""name"":""rs-23-p1-6vhlc"",""cpu_m"":614,""mem_b"":979984529,""priority"":""1"",""node"":""kwok-node-25""},{""name"":""rs-23-p1-b24nn"",""cpu_m"":614,""mem_b"":979984529,""priority"":""1"",""node"":""kwok-node-31""},{""name"":""rs-23-p1-gg8tm"",""cpu_m"":614,""mem_b"":979984529,""priority"":""1"",""node"":""kwok-node-4""},{""name"":""rs-23-p1-h684k"",""cpu_m"":614,""mem_b"":979984529,""priority"":""1"",""node"":""kwok-node-19""},{""name"":""rs-24-p2-77lbm"",""cpu_m"":575,""mem_b"":457704596,""priority"":""2"",""node"":""kwok-node-26""},{""name"":""rs-25-p2-n766n"",""cpu_m"":782,""mem_b"":810982769,""priority"":""2"",""node"":""kwok-node-9""},{""name"":""rs-25-p2-s8kgk"",""cpu_m"":782,""mem_b"":810982769,""priority"":""2"",""node"":""kwok-node-5""},{""name"":""rs-26-p3-2bq9f"",""cpu_m"":676,""mem_b"":655906964,""priority"":""3"",""node"":""kwok-node-21""},{""name"":""rs-26-p3-q869z"",""cpu_m"":676,""mem_b"":655906964,""priority"":""3"",""node"":""kwok-node-14""},{""name"":""rs-26-p3-s5qgp"",""cpu_m"":676,""mem_b"":655906964,""priority"":""3"",""node"":""kwok-node-16""},{""name"":""rs-27-p4-b698g"",""cpu_m"":422,""mem_b"":983738679,""priority"":""4"",""node"":""kwok-node-2""},{""name"":""rs-27-p4-d7pkg"",""cpu_m"":422,""mem_b"":983738679,""priority"":""4"",""node"":""kwok-node-30""},{""name"":""rs-27-p4-kx7rb"",""cpu_m"":422,""mem_b"":983738679,""priority"":""4"",""node"":""kwok-node-27""},{""name"":""rs-27-p4-xcmdc"",""cpu_m"":422,""mem_b"":983738679,""priority"":""4"",""node"":""kwok-node-32""},{""name"":""rs-28-p4-979fv"",""cpu_m"":967,""mem_b"":150533253,""priority"":""4"",""node"":""kwok-node-1""},{""name"":""rs-29-p4-8b5ts"",""cpu_m"":902,""mem_b"":496747419,""priority"":""4"",""node"":""kwok-node-24""},{""name"":""rs-29-p4-8fgzj"",""cpu_m"":902,""mem_b"":496747419,""priority"":""4"",""node"":""kwok-node-23""},{""name"":""rs-30-p4-7l542"",""cpu_m"":173,""mem_b"":893550231,""priority"":""4"",""node"":""kwok-node-28""},{""name"":""rs-30-p4-dq5zn"",""cpu_m"":173,""mem_b"":893550231,""priority"":""4"",""node"":""kwok-node-29""},{""name"":""rs-30-p4-gpnh4"",""cpu_m"":173,""mem_b"":893550231,""priority"":""4"",""node"":""kwok-node-17""},{""name"":""rs-30-p4-mvbd2"",""cpu_m"":173,""mem_b"":893550231,""priority"":""4"",""node"":""kwok-node-3""},{""name"":""rs-31-p2-g2mb6"",""cpu_m"":525,""mem_b"":272315533,""priority"":""2"",""node"":""kwok-node-10""},{""name"":""rs-31-p2-prdmx"",""cpu_m"":525,""mem_b"":272315533,""priority"":""2"",""node"":""kwok-node-15""},{""name"":""rs-31-p2-r696x"",""cpu_m"":525,""mem_b"":272315533,""priority"":""2"",""node"":""kwok-node-13""},{""name"":""rs-31-p2-xvvnv"",""cpu_m"":525,""mem_b"":272315533,""priority"":""2"",""node"":""kwok-node-26""},{""name"":""rs-32-p4-gzvsm"",""cpu_m"":978,""mem_b"":266103715,""priority"":""4"",""node"":""kwok-node-6""},{""name"":""rs-33-p1-82cg8"",""cpu_m"":546,""mem_b"":461795020,""priority"":""1"",""node"":""kwok-node-22""},{""name"":""rs-33-p1-ffss7"",""cpu_m"":546,""mem_b"":461795020,""priority"":""1"",""node"":""kwok-node-18""},{""name"":""rs-33-p1-mxrpm"",""cpu_m"":546,""mem_b"":461795020,""priority"":""1"",""node"":""kwok-node-16""},{""name"":""rs-34-p3-2kkk9"",""cpu_m"":466,""mem_b"":585320191,""priority"":""3"",""node"":""kwok-node-26""},{""name"":""rs-34-p3-gp8hw"",""cpu_m"":466,""mem_b"":585320191,""priority"":""3"",""node"":""kwok-node-12""},{""name"":""rs-34-p3-qhvpt"",""cpu_m"":466,""mem_b"":585320191,""priority"":""3"",""node"":""kwok-node-14""},{""name"":""rs-34-p3-qw6ht"",""cpu_m"":466,""mem_b"":585320191,""priority"":""3"",""node"":""kwok-node-20""},{""name"":""rs-35-p4-mq8gb"",""cpu_m"":612,""mem_b"":695406079,""priority"":""4"",""node"":""kwok-node-21""},{""name"":""rs-36-p1-f2gl8"",""cpu_m"":783,""mem_b"":333778047,""priority"":""1"",""node"":""kwok-node-28""},{""name"":""rs-36-p1-f6qgb"",""cpu_m"":783,""mem_b"":333778047,""priority"":""1"",""node"":""kwok-node-3""},{""name"":""rs-36-p1-w96sh"",""cpu_m"":783,""mem_b"":333778047,""priority"":""1"",""node"":""kwok-node-5""},{""name"":""rs-37-p2-45cv7"",""cpu_m"":346,""mem_b"":121833157,""priority"":""2"",""node"":""kwok-node-9""},{""name"":""rs-37-p2-lvhpq"",""cpu_m"":346,""mem_b"":121833157,""priority"":""2"",""node"":""kwok-node-11""},{""name"":""rs-37-p2-nnx8p"",""cpu_m"":346,""mem_b"":121833157,""priority"":""2"",""node"":""kwok-node-17""},{""name"":""rs-38-p2-6jb6g"",""cpu_m"":586,""mem_b"":885041023,""priority"":""2"",""node"":""""},{""name"":""rs-38-p2-cgkk9"",""cpu_m"":586,""mem_b"":885041023,""priority"":""2"",""node"":""""},{""name"":""rs-38-p2-hxdzr"",""cpu_m"":586,""mem_b"":885041023,""priority"":""2"",""node"":""""},{""name"":""rs-38-p2-sl27z"",""cpu_m"":586,""mem_b"":885041023,""priority"":""2"",""node"":""""},{""name"":""rs-39-p2-6nwwq"",""cpu_m"":854,""mem_b"":934774598,""priority"":""2"",""node"":""""},{""name"":""rs-39-p2-8pw6c"",""cpu_m"":854,""mem_b"":934774598,""priority"":""2"",""node"":""""},{""name"":""rs-39-p2-h8bmp"",""cpu_m"":854,""mem_b"":934774598,""priority"":""2"",""node"":""""},{""name"":""rs-40-p1-5ccfj"",""cpu_m"":569,""mem_b"":686169655,""priority"":""1"",""node"":""kwok-node-19""},{""name"":""rs-40-p1-xjtfv"",""cpu_m"":569,""mem_b"":686169655,""priority"":""1"",""node"":""kwok-node-23""},{""name"":""rs-41-p3-2vsf9"",""cpu_m"":273,""mem_b"":413428770,""priority"":""3"",""node"":""kwok-node-10""},{""name"":""rs-41-p3-7pjqd"",""cpu_m"":273,""mem_b"":413428770,""priority"":""3"",""node"":""kwok-node-1""},{""name"":""rs-41-p3-dhbsc"",""cpu_m"":273,""mem_b"":413428770,""priority"":""3"",""node"":""kwok-node-15""},{""name"":""rs-41-p3-v77xr"",""cpu_m"":273,""mem_b"":413428770,""priority"":""3"",""node"":""kwok-node-13""},{""name"":""rs-42-p1-27rwn"",""cpu_m"":766,""mem_b"":312924644,""priority"":""1"",""node"":""kwok-node-8""},{""name"":""rs-42-p1-k4wp5"",""cpu_m"":766,""mem_b"":312924644,""priority"":""1"",""node"":""kwok-node-29""},{""name"":""rs-42-p1-ngn8h"",""cpu_m"":766,""mem_b"":312924644,""priority"":""1"",""node"":""kwok-node-32""},{""name"":""rs-42-p1-sbsvq"",""cpu_m"":766,""mem_b"":312924644,""priority"":""1"",""node"":""""},{""name"":""rs-43-p1-b6w46"",""cpu_m"":359,""mem_b"":722527181,""priority"":""1"",""node"":""kwok-node-18""},{""name"":""rs-43-p1-rdlkt"",""cpu_m"":359,""mem_b"":722527181,""priority"":""1"",""node"":""kwok-node-22""},{""name"":""rs-43-p1-v4pcw"",""cpu_m"":359,""mem_b"":722527181,""priority"":""1"",""node"":""""},{""name"":""rs-44-p4-2lj26"",""cpu_m"":610,""mem_b"":692930025,""priority"":""4"",""node"":""""},{""name"":""rs-44-p4-vrnhk"",""cpu_m"":610,""mem_b"":692930025,""priority"":""4"",""node"":""""},{""name"":""rs-44-p4-xswmr"",""cpu_m"":610,""mem_b"":692930025,""priority"":""4"",""node"":""""},{""name"":""rs-44-p4-z78qn"",""cpu_m"":610,""mem_b"":692930025,""priority"":""4"",""node"":""""},{""name"":""rs-45-p1-gtwwk"",""cpu_m"":616,""mem_b"":957426549,""priority"":""1"",""node"":""""},{""name"":""rs-45-p1-lnw5w"",""cpu_m"":616,""mem_b"":957426549,""priority"":""1"",""node"":""""},{""name"":""rs-46-p2-wpht5"",""cpu_m"":432,""mem_b"":341943428,""priority"":""2"",""node"":""kwok-node-9""},{""name"":""rs-47-p2-926zw"",""cpu_m"":658,""mem_b"":653204131,""priority"":""2"",""node"":""""},{""name"":""rs-47-p2-rf2ds"",""cpu_m"":658,""mem_b"":653204131,""priority"":""2"",""node"":""""},{""name"":""rs-48-p2-lq6vn"",""cpu_m"":464,""mem_b"":507782953,""priority"":""2"",""node"":""kwok-node-25""},{""name"":""rs-49-p1-42ktf"",""cpu_m"":665,""mem_b"":344382199,""priority"":""1"",""node"":""kwok-node-2""},{""name"":""rs-49-p1-954wj"",""cpu_m"":665,""mem_b"":344382199,""priority"":""1"",""node"":""kwok-node-27""},{""name"":""rs-50-p1-7rdrk"",""cpu_m"":134,""mem_b"":435100083,""priority"":""1"",""node"":""kwok-node-24""},{""name"":""rs-50-p1-cc6dn"",""cpu_m"":134,""mem_b"":435100083,""priority"":""1"",""node"":""kwok-node-31""},{""name"":""rs-50-p1-jzmhb"",""cpu_m"":134,""mem_b"":435100083,""priority"":""1"",""node"":""kwok-node-1""}]","[{""name"":""kwok-node-1"",""cap_cpu_m"":2062,""cap_mem_bytes"":2291219162},{""name"":""kwok-node-2"",""cap_cpu_m"":2062,""cap_mem_bytes"":2291219162},{""name"":""kwok-node-3"",""cap_cpu_m"":2062,""cap_mem_bytes"":2291219162},{""name"":""kwok-node-4"",""cap_cpu_m"":2062,""cap_mem_bytes"":2291219162},{""name"":""kwok-node-5"",""cap_cpu_m"":2062,""cap_mem_bytes"":2291219162},{""name"":""kwok-node-6"",""cap_cpu_m"":2062,""cap_mem_bytes"":2291219162},{""name"":""kwok-node-7"",""cap_cpu_m"":2062,""cap_mem_bytes"":2291219162},{""name"":""kwok-node-8"",""cap_cpu_m"":2062,""cap_mem_bytes"":2291219162},{""name"":""kwok-node-9"",""cap_cpu_m"":2062,""cap_mem_bytes"":2291219162},{""name"":""kwok-node-10"",""cap_cpu_m"":2062,""cap_mem_bytes"":2291219162},{""name"":""kwok-node-11"",""cap_cpu_m"":2062,""cap_mem_bytes"":2291219162},{""name"":""kwok-node-12"",""cap_cpu_m"":2062,""cap_mem_bytes"":2291219162},{""name"":""kwok-node-13"",""cap_cpu_m"":2062,""cap_mem_bytes"":2291219162},{""name"":""kwok-node-14"",""cap_cpu_m"":2062,""cap_mem_bytes"":2291219162},{""name"":""kwok-node-15"",""cap_cpu_m"":2062,""cap_mem_bytes"":2291219162},{""name"":""kwok-node-16"",""cap_cpu_m"":2062,""cap_mem_bytes"":2291219162},{""name"":""kwok-node-17"",""cap_cpu_m"":2062,""cap_mem_bytes"":2291219162},{""name"":""kwok-node-18"",""cap_cpu_m"":2062,""cap_mem_bytes"":2291219162},{""name"":""kwok-node-19"",""cap_cpu_m"":2062,""cap_mem_bytes"":2291219162},{""name"":""kwok-node-20"",""cap_cpu_m"":2062,""cap_mem_bytes"":2291219162},{""name"":""kwok-node-21"",""cap_cpu_m"":2062,""cap_mem_bytes"":2291219162},{""name"":""kwok-node-22"",""cap_cpu_m"":2062,""cap_mem_bytes"":2291219162},{""name"":""kwok-node-23"",""cap_cpu_m"":2062,""cap_mem_bytes"":2291219162},{""name"":""kwok-node-24"",""cap_cpu_m"":2062,""cap_mem_bytes"":2291219162},{""name"":""kwok-node-25"",""cap_cpu_m"":2062,""cap_mem_bytes"":2291219162},{""name"":""kwok-node-26"",""cap_cpu_m"":2062,""cap_mem_bytes"":2291219162},{""name"":""kwok-node-27"",""cap_cpu_m"":2062,""cap_mem_bytes"":2291219162},{""name"":""kwok-node-28"",""cap_cpu_m"":2062,""cap_mem_bytes"":2291219162},{""name"":""kwok-node-29"",""cap_cpu_m"":2062,""cap_mem_bytes"":2291219162},{""name"":""kwok-node-30"",""cap_cpu_m"":2062,""cap_mem_bytes"":2291219162},{""name"":""kwok-node-31"",""cap_cpu_m"":2062,""cap_mem_bytes"":2291219162},{""name"":""kwok-node-32"",""cap_cpu_m"":2062,""cap_mem_bytes"":2291219162}]"
2026/02/11/12:12:10,657070463987715267,no improving solution from any solver,"{""evicted"":0,""moved"":0,""placed_by_priority"":{""1"":35,""2"":25,""3"":23,""4"":22}}",,,,,"[{""duration_ms"":991,""name"":""python"",""score"":{""evicted"":0,""moved"":0,""placed_by_priority"":null},""status"":""FAILED""}]",0.837,0.837,0.797,0.797,54896,54896,55645463775,55645463775,105,105,23,23,"{""kwok-node-1"":2,""kwok-node-10"":2,""kwok-node-11"":3,""kwok-node-12"":3,""kwok-node-13"":2,""kwok-node-14"":3,""kwok-node-15"":4,""kwok-node-16"":4,""kwok-node-17"":4,""kwok-node-18"":3,""kwok-node-19"":4,""kwok-node-2"":2,""kwok-node-20"":3,""kwok-node-21"":3,""kwok-node-22"":3,""kwok-node-23"":3,""kwok-node-24"":4,""kwok-node-25"":3,""kwok-node-26"":3,""kwok-node-27"":4,""kwok-node-28"":3,""kwok-node-29"":3,""kwok-node-3"":3,""kwok-node-30"":5,""kwok-node-31"":2,""kwok-node-32"":4,""kwok-node-4"":4,""kwok-node-5"":3,""kwok-node-6"":4,""kwok-node-7"":4,""kwok-node-8"":4,""kwok-node-9"":4}","{""kwok-node-1"":2,""kwok-node-10"":2,""kwok-node-11"":3,""kwok-node-12"":3,""kwok-node-13"":2,""kwok-node-14"":3,""kwok-node-15"":4,""kwok-node-16"":4,""kwok-node-17"":4,""kwok-node-18"":3,""kwok-node-19"":4,""kwok-node-2"":2,""kwok-node-20"":3,""kwok-node-21"":3,""kwok-node-22"":3,""kwok-node-23"":3,""kwok-node-24"":4,""kwok-node-25"":3,""kwok-node-26"":3,""kwok-node-27"":4,""kwok-node-28"":3,""kwok-node-29"":3,""kwok-node-3"":3,""kwok-node-30"":5,""kwok-node-31"":2,""kwok-node-32"":4,""kwok-node-4"":4,""kwok-node-5"":3,""kwok-node-6"":4,""kwok-node-7"":4,""kwok-node-8"":4,""kwok-node-9"":4}","{""p1"":35,""p2"":25,""p3"":23,""p4"":22}","{""p1"":35,""p2"":25,""p3"":23,""p4"":22}","{""p1"":2,""p2"":3,""p3"":12,""p4"":6}","{""p1"":2,""p2"":3,""p3"":12,""p4"":6}","{rs-29-p2-djr9k,rs-29-p2-s4522,rs-31-p3-gttw2,rs-31-p3-hvxsv,rs-31-p3-vhssq,rs-38-p4-68j9z,rs-38-p4-fsvp2,rs-38-p4-wths7,rs-38-p4-zr42q,rs-40-p3-xn9wl,rs-41-p3-fz2fg,rs-41-p3-r6p5z,rs-42-p3-bhzp2,rs-42-p3-g7rzf,rs-42-p3-gf9rw,rs-42-p3-gq46j,rs-43-p4-jhfg4,rs-43-p4-tdtbs,rs-45-p1-flfcl,rs-45-p1-slp2t,rs-46-p3-b574q,rs-46-p3-qzpv4,rs-48-p2-7h8wk}","{rs-29-p2-djr9k,rs-29-p2-s4522,rs-31-p3-gttw2,rs-31-p3-hvxsv,rs-31-p3-vhssq,rs-38-p4-68j9z,rs-38-p4-fsvp2,rs-38-p4-wths7,rs-38-p4-zr42q,rs-40-p3-xn9wl,rs-41-p3-fz2fg,rs-41-p3-r6p5z,rs-42-p3-bhzp2,rs-42-p3-g7rzf,rs-42-p3-gf9rw,rs-42-p3-gq46j,rs-43-p4-jhfg4,rs-43-p4-tdtbs,rs-45-p1-flfcl,rs-45-p1-slp2t,rs-46-p3-b574q,rs-46-p3-qzpv4,rs-48-p2-7h8wk}","{rs-01-p1-2n8vz,rs-01-p1-65rfr,rs-01-p1-6clkw,rs-01-p1-f5fwt,rs-02-p2-26zdt,rs-02-p2-lmnwg,rs-03-p2-kkwnc,rs-03-p2-ks7w2,rs-03-p2-lvcgn,rs-03-p2-m6tf4,rs-04-p3-jqmzh,rs-04-p3-q2dwz,rs-04-p3-r5ccn,rs-04-p3-tpbtb,rs-05-p4-8zngg,rs-05-p4-hxkj4,rs-06-p4-f9b6g,rs-07-p4-hgwhm,rs-07-p4-jgmfn,rs-07-p4-rhstc,rs-07-p4-s529p,rs-08-p1-8ccxz,rs-08-p1-j5w7m,rs-08-p1-v7wn5,rs-09-p1-m2f2c,rs-09-p1-rw2hx,rs-09-p1-rzfb9,rs-09-p1-vq4vv,rs-10-p4-85lvp,rs-10-p4-hnrm9,rs-10-p4-njstq,rs-11-p1-dmsz7,rs-11-p1-m8w8h,rs-12-p3-5j655,rs-12-p3-5sjkd,rs-12-p3-hdnkj,rs-12-p3-pmnlq,rs-13-p1-qpxf8,rs-14-p1-kwq6j,rs-14-p1-vcbd4,rs-15-p2-76k5r,rs-15-p2-phfwm,rs-16-p2-8dxwq,rs-16-p2-8qw6l,rs-16-p2-gvk62,rs-16-p2-m88sn,rs-17-p2-4hf58,rs-17-p2-6fzth,rs-17-p2-6mflk,rs-17-p2-hc7h8,rs-18-p1-jmjgv,rs-19-p4-2jzxj,rs-19-p4-7vf5h,rs-19-p4-mfrbg,rs-20-p1-fvs6w,rs-20-p1-vb7p8,rs-21-p3-czk4d,rs-21-p3-f48nj,rs-22-p3-ndd9z,rs-23-p3-5ww4b,rs-23-p3-6nch6,rs-23-p3-b266n,rs-23-p3-fdjc5,rs-24-p4-4rdjn,rs-24-p4-4rlw6,rs-24-p4-6xcgt,rs-24-p4-cpj8p,rs-25-p1-dpfnf,rs-25-p1-drw7z,rs-25-p1-vw4k4,rs-26-p2-cx4wb,rs-27-p1-4dnrc,rs-27-p1-6jkm2,rs-27-p1-7kr8v,rs-27-p1-qpp8x,rs-28-p4-2jk2c,rs-28-p4-ngtf8,rs-28-p4-v82cv,rs-28-p4-xcnt8,rs-30-p1-xjbgb,rs-30-p1-zjhrq,rs-32-p1-48259,rs-32-p1-85k8g,rs-32-p1-8vm75,rs-33-p1-qx6nt,rs-34-p3-4lbmg,rs-34-p3-c76rg,rs-34-p3-r7fjj,rs-34-p3-shjck,rs-35-p2-nxkb9,rs-35-p2-xmjp6,rs-36-p2-4m4qx,rs-36-p2-p6sqh,rs-36-p2-qxkf9,rs-37-p3-kmnt8,rs-37-p3-prqjg,rs-37-p3-rqdvq,rs-39-p3-zfrbr,rs-43-p4-7zdrq,rs-44-p1-8gmzv,rs-44-p1-j256x,rs-44-p1-v2hmg,rs-47-p2-4v7r7,rs-47-p2-n6x77,rs-47-p2-pwt4h}","{rs-01-p1-2n8vz,rs-01-p1-65rfr,rs-01-p1-6clkw,rs-01-p1-f5fwt,rs-02-p2-26zdt,rs-02-p2-lmnwg,rs-03-p2-kkwnc,rs-03-p2-ks7w2,rs-03-p2-lvcgn,rs-03-p2-m6tf4,rs-04-p3-jqmzh,rs-04-p3-q2dwz,rs-04-p3-r5ccn,rs-04-p3-tpbtb,rs-05-p4-8zngg,rs-05-p4-hxkj4,rs-06-p4-f9b6g,rs-07-p4-hgwhm,rs-07-p4-jgmfn,rs-07-p4-rhstc,rs-07-p4-s529p,rs-08-p1-8ccxz,rs-08-p1-j5w7m,rs-08-p1-v7wn5,rs-09-p1-m2f2c,rs-09-p1-rw2hx,rs-09-p1-rzfb9,rs-09-p1-vq4vv,rs-10-p4-85lvp,rs-10-p4-hnrm9,rs-10-p4-njstq,rs-11-p1-dmsz7,rs-11-p1-m8w8h,rs-12-p3-5j655,rs-12-p3-5sjkd,rs-12-p3-hdnkj,rs-12-p3-pmnlq,rs-13-p1-qpxf8,rs-14-p1-kwq6j,rs-14-p1-vcbd4,rs-15-p2-76k5r,rs-15-p2-phfwm,rs-16-p2-8dxwq,rs-16-p2-8qw6l,rs-16-p2-gvk62,rs-16-p2-m88sn,rs-17-p2-4hf58,rs-17-p2-6fzth,rs-17-p2-6mflk,rs-17-p2-hc7h8,rs-18-p1-jmjgv,rs-19-p4-2jzxj,rs-19-p4-7vf5h,rs-19-p4-mfrbg,rs-20-p1-fvs6w,rs-20-p1-vb7p8,rs-21-p3-czk4d,rs-21-p3-f48nj,rs-22-p3-ndd9z,rs-23-p3-5ww4b,rs-23-p3-6nch6,rs-23-p3-b266n,rs-23-p3-fdjc5,rs-24-p4-4rdjn,rs-24-p4-4rlw6,rs-24-p4-6xcgt,rs-24-p4-cpj8p,rs-25-p1-dpfnf,rs-25-p1-drw7z,rs-25-p1-vw4k4,rs-26-p2-cx4wb,rs-27-p1-4dnrc,rs-27-p1-6jkm2,rs-27-p1-7kr8v,rs-27-p1-qpp8x,rs-28-p4-2jk2c,rs-28-p4-ngtf8,rs-28-p4-v82cv,rs-28-p4-xcnt8,rs-30-p1-xjbgb,rs-30-p1-zjhrq,rs-32-p1-48259,rs-32-p1-85k8g,rs-32-p1-8vm75,rs-33-p1-qx6nt,rs-34-p3-4lbmg,rs-34-p3-c76rg,rs-34-p3-r7fjj,rs-34-p3-shjck,rs-35-p2-nxkb9,rs-35-p2-xmjp6,rs-36-p2-4m4qx,rs-36-p2-p6sqh,rs-36-p2-qxkf9,rs-37-p3-kmnt8,rs-37-p3-prqjg,rs-37-p3-rqdvq,rs-39-p3-zfrbr,rs-43-p4-7zdrq,rs-44-p1-8gmzv,rs-44-p1-j256x,rs-44-p1-v2hmg,rs-47-p2-4v7r7,rs-47-p2-n6x77,rs-47-p2-pwt4h}","[{""name"":""rs-01-p1-2n8vz"",""cpu_m"":703,""mem_b"":161152878,""priority"":""1"",""node"":""kwok-node-15""},{""name"":""rs-01-p1-65rfr"",""cpu_m"":703,""mem_b"":161152878,""priority"":""1"",""node"":""kwok-node-19""},{""name"":""rs-01-p1-6clkw"",""cpu_m"":703,""mem_b"":161152878,""priority"":""1"",""node"":""kwok-node-16""},{""name"":""rs-01-p1-f5fwt"",""cpu_m"":703,""mem_b"":161152878,""priority"":""1"",""node"":""kwok-node-17""},{""name"":""rs-02-p2-26zdt"",""cpu_m"":503,""mem_b"":566753152,""priority"":""2"",""node"":""kwok-node-20""},{""name"":""rs-02-p2-lmnwg"",""cpu_m"":503,""mem_b"":566753152,""priority"":""2"",""node"":""kwok-node-18""},{""name"":""rs-03-p2-kkwnc"",""cpu_m"":826,""mem_b"":665954033,""priority"":""2"",""node"":""kwok-node-11""},{""name"":""rs-03-p2-ks7w2"",""cpu_m"":826,""mem_b"":665954033,""priority"":""2"",""node"":""kwok-node-22""},{""name"":""rs-03-p2-lvcgn"",""cpu_m"":826,""mem_b"":665954033,""priority"":""2"",""node"":""kwok-node-23""},{""name"":""rs-03-p2-m6tf4"",""cpu_m"":826,""mem_b"":665954033,""priority"":""2"",""node"":""kwok-node-21""},{""name"":""rs-04-p3-jqmzh"",""cpu_m"":786,""mem_b"":786492614,""priority"":""3"",""node"":""kwok-node-10""},{""name"":""rs-04-p3-q2dwz"",""cpu_m"":786,""mem_b"":786492614,""priority"":""3"",""node"":""kwok-node-1""},{""name"":""rs-04-p3-r5ccn"",""cpu_m"":786,""mem_b"":786492614,""priority"":""3"",""node"":""kwok-node-13""},{""name"":""rs-04-p3-tpbtb"",""cpu_m"":786,""mem_b"":786492614,""priority"":""3"",""node"":""kwok-node-2""},{""name"":""rs-05-p4-8zngg"",""cpu_m"":217,""mem_b"":979817362,""priority"":""4"",""node"":""kwok-node-14""},{""name"":""rs-05-p4-hxkj4"",""cpu_m"":217,""mem_b"":979817362,""priority"":""4"",""node"":""kwok-node-12""},{""name"":""rs-06-p4-f9b6g"",""cpu_m"":828,""mem_b"":176727095,""priority"":""4"",""node"":""kwok-node-27""},{""name"":""rs-07-p4-hgwhm"",""cpu_m"":598,""mem_b"":111152406,""priority"":""4"",""node"":""kwok-node-30""},{""name"":""rs-07-p4-jgmfn"",""cpu_m"":598,""mem_b"":111152406,""priority"":""4"",""node"":""kwok-node-28""},{""name"":""rs-07-p4-rhstc"",""cpu_m"":598,""mem_b"":111152406,""priority"":""4"",""node"":""kwok-node-25""},{""name"":""rs-07-p4-s529p"",""cpu_m"":598,""mem_b"":111152406,""priority"":""4"",""node"":""kwok-node-29""},{""name"":""rs-08-p1-8ccxz"",""cpu_m"":583,""mem_b"":277398055,""priority"":""1"",""node"":""kwok-node-26""},{""name"":""rs-08-p1-j5w7m"",""cpu_m"":583,""mem_b"":277398055,""priority"":""1"",""node"":""kwok-node-3""},{""name"":""rs-08-p1-v7wn5"",""cpu_m"":583,""mem_b"":277398055,""priority"":""1"",""node"":""kwok-node-24""},{""name"":""rs-09-p1-m2f2c"",""cpu_m"":794,""mem_b"":856438673,""priority"":""1"",""node"":""kwok-node-3""},{""name"":""rs-09-p1-rw2hx"",""cpu_m"":794,""mem_b"":856438673,""priority"":""1"",""node"":""kwok-node-26""},{""name"":""rs-09-p1-rzfb9"",""cpu_m"":794,""mem_b"":856438673,""priority"":""1"",""node"":""kwok-node-18""},{""name"":""rs-09-p1-vq4vv"",""cpu_m"":794,""mem_b"":856438673,""priority"":""1"",""node"":""kwok-node-20""},{""name"":""rs-10-p4-85lvp"",""cpu_m"":973,""mem_b"":692195508,""priority"":""4"",""node"":""kwok-node-29""},{""name"":""rs-10-p4-hnrm9"",""cpu_m"":973,""mem_b"":692195508,""priority"":""4"",""node"":""kwok-node-25""},{""name"":""rs-10-p4-njstq"",""cpu_m"":973,""mem_b"":692195508,""priority"":""4"",""node"":""kwok-node-28""},{""name"":""rs-11-p1-dmsz7"",""cpu_m"":606,""mem_b"":502774972,""priority"":""1"",""node"":""kwok-node-4""},{""name"":""rs-11-p1-m8w8h"",""cpu_m"":606,""mem_b"":502774972,""priority"":""1"",""node"":""kwok-node-32""},{""name"":""rs-12-p3-5j655"",""cpu_m"":719,""mem_b"":419026606,""priority"":""3"",""node"":""kwok-node-9""},{""name"":""rs-12-p3-5sjkd"",""cpu_m"":719,""mem_b"":419026606,""priority"":""3"",""node"":""kwok-node-6""},{""name"":""rs-12-p3-hdnkj"",""cpu_m"":719,""mem_b"":419026606,""priority"":""3"",""node"":""kwok-node-5""},{""name"":""rs-12-p3-pmnlq"",""cpu_m"":719,""mem_b"":419026606,""priority"":""3"",""node"":""kwok-node-7""},{""name"":""rs-13-p1-qpxf8"",""cpu_m"":980,""mem_b"":886138292,""priority"":""1"",""node"":""kwok-node-31""},{""name"":""rs-14-p1-kwq6j"",""cpu_m"":490,""mem_b"":187889129,""priority"":""1"",""node"":""kwok-node-8""},{""name"":""rs-14-p1-vcbd4"",""cpu_m"":490,""mem_b"":187889129,""priority"":""1"",""node"":""kwok-node-4""},{""name"":""rs-15-p2-76k5r"",""cpu_m"":543,""mem_b"":621038970,""priority"":""2"",""node"":""kwok-node-8""},{""name"":""rs-15-p2-phfwm"",""cpu_m"":543,""mem_b"":621038970,""priority"":""2"",""node"":""kwok-node-24""},{""name"":""rs-16-p2-8dxwq"",""cpu_m"":225,""mem_b"":456899294,""priority"":""2"",""node"":""kwok-node-32""},{""name"":""rs-16-p2-8qw6l"",""cpu_m"":225,""mem_b"":456899294,""priority"":""2"",""node"":""kwok-node-9""},{""name"":""rs-16-p2-gvk62"",""cpu_m"":225,""mem_b"":456899294,""priority"":""2"",""node"":""kwok-node-15""},{""name"":""rs-16-p2-m88sn"",""cpu_m"":225,""mem_b"":456899294,""priority"":""2"",""node"":""kwok-node-30""},{""name"":""rs-17-p2-4hf58"",""cpu_m"":491,""mem_b"":616266001,""priority"":""2"",""node"":""kwok-node-19""},{""name"":""rs-17-p2-6fzth"",""cpu_m"":491,""mem_b"":616266001,""priority"":""2"",""node"":""kwok-node-17""},{""name"":""rs-17-p2-6mflk"",""cpu_m"":491,""mem_b"":616266001,""priority"":""2"",""node"":""kwok-node-6""},{""name"":""rs-17-p2-hc7h8"",""cpu_m"":491,""mem_b"":616266001,""priority"":""2"",""node"":""kwok-node-7""},{""name"":""rs-18-p1-jmjgv"",""cpu_m"":122,""mem_b"":492669388,""priority"":""1"",""node"":""kwok-node-16""},{""name"":""rs-19-p4-2jzxj"",""cpu_m"":351,""mem_b"":661415269,""priority"":""4"",""node"":""kwok-node-5""},{""name"":""rs-19-p4-7vf5h"",""cpu_m"":351,""mem_b"":661415269,""priority"":""4"",""node"":""kwok-node-27""},{""name"":""rs-19-p4-mfrbg"",""cpu_m"":351,""mem_b"":661415269,""priority"":""4"",""node"":""kwok-node-30""},{""name"":""rs-20-p1-fvs6w"",""cpu_m"":922,""mem_b"":363979586,""priority"":""1"",""node"":""kwok-node-14""},{""name"":""rs-20-p1-vb7p8"",""cpu_m"":922,""mem_b"":363979586,""priority"":""1"",""node"":""kwok-node-12""},{""name"":""rs-21-p3-czk4d"",""cpu_m"":466,""mem_b"":804566665,""priority"":""3"",""node"":""kwok-node-16""},{""name"":""rs-21-p3-f48nj"",""cpu_m"":466,""mem_b"":804566665,""priority"":""3"",""node"":""kwok-node-23""},{""name"":""rs-22-p3-ndd9z"",""cpu_m"":434,""mem_b"":578739384,""priority"":""3"",""node"":""kwok-node-22""},{""name"":""rs-23-p3-5ww4b"",""cpu_m"":906,""mem_b"":853571475,""priority"":""3"",""node"":""kwok-node-1""},{""name"":""rs-23-p3-6nch6"",""cpu_m"":906,""mem_b"":853571475,""priority"":""3"",""node"":""kwok-node-2""},{""name"":""rs-23-p3-b266n"",""cpu_m"":906,""mem_b"":853571475,""priority"":""3"",""node"":""kwok-node-10""},{""name"":""rs-23-p3-fdjc5"",""cpu_m"":906,""mem_b"":853571475,""priority"":""3"",""node"":""kwok-node-13""},{""name"":""rs-24-p4-4rdjn"",""cpu_m"":701,""mem_b"":373797216,""priority"":""4"",""node"":""kwok-node-15""},{""name"":""rs-24-p4-4rlw6"",""cpu_m"":701,""mem_b"":373797216,""priority"":""4"",""node"":""kwok-node-11""},{""name"":""rs-24-p4-6xcgt"",""cpu_m"":701,""mem_b"":373797216,""priority"":""4"",""node"":""kwok-node-32""},{""name"":""rs-24-p4-cpj8p"",""cpu_m"":701,""mem_b"":373797216,""priority"":""4"",""node"":""kwok-node-21""},{""name"":""rs-25-p1-dpfnf"",""cpu_m"":551,""mem_b"":730242810,""priority"":""1"",""node"":""kwok-node-31""},{""name"":""rs-25-p1-drw7z"",""cpu_m"":551,""mem_b"":730242810,""priority"":""1"",""node"":""kwok-node-9""},{""name"":""rs-25-p1-vw4k4"",""cpu_m"":551,""mem_b"":730242810,""priority"":""1"",""node"":""kwok-node-8""},{""name"":""rs-26-p2-cx4wb"",""cpu_m"":805,""mem_b"":506252667,""priority"":""2"",""node"":""kwok-node-5""},{""name"":""rs-27-p1-4dnrc"",""cpu_m"":194,""mem_b"":170324005,""priority"":""1"",""node"":""kwok-node-24""},{""name"":""rs-27-p1-6jkm2"",""cpu_m"":194,""mem_b"":170324005,""priority"":""1"",""node"":""kwok-node-4""},{""name"":""rs-27-p1-7kr8v"",""cpu_m"":194,""mem_b"":170324005,""priority"":""1"",""node"":""kwok-node-30""},{""name"":""rs-27-p1-qpp8x"",""cpu_m"":194,""mem_b"":170324005,""priority"":""1"",""node"":""kwok-node-17""},{""name"":""rs-28-p4-2jk2c"",""cpu_m"":223,""mem_b"":809180985,""priority"":""4"",""node"":""kwok-node-19""},{""name"":""rs-28-p4-ngtf8"",""cpu_m"":223,""mem_b"":809180985,""priority"":""4"",""node"":""kwok-node-17""},{""name"":""rs-28-p4-v82cv"",""cpu_m"":223,""mem_b"":809180985,""priority"":""4"",""node"":""kwok-node-27""},{""name"":""rs-28-p4-xcnt8"",""cpu_m"":223,""mem_b"":809180985,""priority"":""4"",""node"":""kwok-node-4""},{""name"":""rs-29-p2-djr9k"",""cpu_m"":995,""mem_b"":609813690,""priority"":""2"",""node"":""""},{""name"":""rs-29-p2-s4522"",""cpu_m"":995,""mem_b"":609813690,""priority"":""2"",""node"":""""},{""name"":""rs-30-p1-xjbgb"",""cpu_m"":714,""mem_b"":189247817,""priority"":""1"",""node"":""kwok-node-14""},{""name"":""rs-30-p1-zjhrq"",""cpu_m"":714,""mem_b"":189247817,""priority"":""1"",""node"":""kwok-node-12""},{""name"":""rs-31-p3-gttw2"",""cpu_m"":983,""mem_b"":787712477,""priority"":""3"",""node"":""""},{""name"":""rs-31-p3-hvxsv"",""cpu_m"":983,""mem_b"":787712477,""priority"":""3"",""node"":""""},{""name"":""rs-31-p3-vhssq"",""cpu_m"":983,""mem_b"":787712477,""priority"":""3"",""node"":""""},{""name"":""rs-32-p1-48259"",""cpu_m"":258,""mem_b"":386817938,""priority"":""1"",""node"":""kwok-node-6""},{""name"":""rs-32-p1-85k8g"",""cpu_m"":258,""mem_b"":386817938,""priority"":""1"",""node"":""kwok-node-22""},{""name"":""rs-32-p1-8vm75"",""cpu_m"":258,""mem_b"":386817938,""priority"":""1"",""node"":""kwok-node-7""},{""name"":""rs-33-p1-qx6nt"",""cpu_m"":281,""mem_b"":723488043,""priority"":""1"",""node"":""kwok-node-24""},{""name"":""rs-34-p3-4lbmg"",""cpu_m"":118,""mem_b"":833174684,""priority"":""3"",""node"":""kwok-node-25""},{""name"":""rs-34-p3-c76rg"",""cpu_m"":118,""mem_b"":833174684,""priority"":""3"",""node"":""kwok-node-28""},{""name"":""rs-34-p3-r7fjj"",""cpu_m"":118,""mem_b"":833174684,""priority"":""3"",""node"":""kwok-node-15""},{""name"":""rs-34-p3-shjck"",""cpu_m"":118,""mem_b"":833174684,""priority"":""3"",""node"":""kwok-node-29""},{""name"":""rs-35-p2-nxkb9"",""cpu_m"":139,""mem_b"":829017428,""priority"":""2"",""node"":""kwok-node-21""},{""name"":""rs-35-p2-xmjp6"",""cpu_m"":139,""mem_b"":829017428,""priority"":""2"",""node"":""kwok-node-11""},{""name"":""rs-36-p2-4m4qx"",""cpu_m"":312,""mem_b"":289115791,""priority"":""2"",""node"":""kwok-node-20""},{""name"":""rs-36-p2-p6sqh"",""cpu_m"":312,""mem_b"":289115791,""priority"":""2"",""node"":""kwok-node-16""},{""name"":""rs-36-p2-qxkf9"",""cpu_m"":312,""mem_b"":289115791,""priority"":""2"",""node"":""kwok-node-18""},{""name"":""rs-37-p3-kmnt8"",""cpu_m"":470,""mem_b"":541776593,""priority"":""3"",""node"":""kwok-node-26""},{""name"":""rs-37-p3-prqjg"",""cpu_m"":470,""mem_b"":541776593,""priority"":""3"",""node"":""kwok-node-3""},{""name"":""rs-37-p3-rqdvq"",""cpu_m"":470,""mem_b"":541776593,""priority"":""3"",""node"":""kwok-node-30""},{""name"":""rs-38-p4-68j9z"",""cpu_m"":490,""mem_b"":913728342,""priority"":""4"",""node"":""""},{""name"":""rs-38-p4-fsvp2"",""cpu_m"":490,""mem_b"":913728342,""priority"":""4"",""node"":""""},{""name"":""rs-38-p4-wths7"",""cpu_m"":490,""mem_b"":913728342,""priority"":""4"",""node"":""""},{""name"":""rs-38-p4-zr42q"",""cpu_m"":490,""mem_b"":913728342,""priority"":""4"",""node"":""""},{""name"":""rs-39-p3-zfrbr"",""cpu_m"":569,""mem_b"":378811577,""priority"":""3"",""node"":""kwok-node-23""},{""name"":""rs-40-p3-xn9wl"",""cpu_m"":919,""mem_b"":151997224,""priority"":""3"",""node"":""""},{""name"":""rs-41-p3-fz2fg"",""cpu_m"":750,""mem_b"":623237595,""priority"":""3"",""node"":""""},{""name"":""rs-41-p3-r6p5z"",""cpu_m"":750,""mem_b"":623237595,""priority"":""3"",""node"":""""},{""name"":""rs-42-p3-bhzp2"",""cpu_m"":320,""mem_b"":872849111,""priority"":""3"",""node"":""""},{""name"":""rs-42-p3-g7rzf"",""cpu_m"":320,""mem_b"":872849111,""priority"":""3"",""node"":""""},{""name"":""rs-42-p3-gf9rw"",""cpu_m"":320,""mem_b"":872849111,""priority"":""3"",""node"":""""},{""name"":""rs-42-p3-gq46j"",""cpu_m"":320,""mem_b"":872849111,""priority"":""3"",""node"":""""},{""name"":""rs-43-p4-7zdrq"",""cpu_m"":319,""mem_b"":829236019,""priority"":""4"",""node"":""kwok-node-32""},{""name"":""rs-43-p4-jhfg4"",""cpu_m"":319,""mem_b"":829236019,""priority"":""4"",""node"":""""},{""name"":""rs-43-p4-tdtbs"",""cpu_m"":319,""mem_b"":829236019,""priority"":""4"",""node"":""""},{""name"":""rs-44-p1-8gmzv"",""cpu_m"":453,""mem_b"":236596183,""priority"":""1"",""node"":""kwok-node-19""},{""name"":""rs-44-p1-j256x"",""cpu_m"":453,""mem_b"":236596183,""priority"":""1"",""node"":""kwok-node-27""},{""name"":""rs-44-p1-v2hmg"",""cpu_m"":453,""mem_b"":236596183,""priority"":""1"",""node"":""kwok-node-7""},{""name"":""rs-45-p1-flfcl"",""cpu_m"":410,""mem_b"":843417335,""priority"":""1"",""node"":""""},{""name"":""rs-45-p1-slp2t"",""cpu_m"":410,""mem_b"":843417335,""priority"":""1"",""node"":""""},{""name"":""rs-46-p3-b574q"",""cpu_m"":642,""mem_b"":656914861,""priority"":""3"",""node"":""""},{""name"":""rs-46-p3-qzpv4"",""cpu_m"":642,""mem_b"":656914861,""priority"":""3"",""node"":""""},{""name"":""rs-47-p2-4v7r7"",""cpu_m"":123,""mem_b"":360944409,""priority"":""2"",""node"":""kwok-node-8""},{""name"":""rs-47-p2-n6x77"",""cpu_m"":123,""mem_b"":360944409,""priority"":""2"",""node"":""kwok-node-9""},{""name"":""rs-47-p2-pwt4h"",""cpu_m"":123,""mem_b"":360944409,""priority"":""2"",""node"":""kwok-node-6""},{""name"":""rs-48-p2-7h8wk"",""cpu_m"":587,""mem_b"":877786415,""priority"":""2"",""node"":""""}]","[{""name"":""rs-01-p1-2n8vz"",""cpu_m"":703,""mem_b"":161152878,""priority"":""1"",""node"":""kwok-node-15""},{""name"":""rs-01-p1-65rfr"",""cpu_m"":703,""mem_b"":161152878,""priority"":""1"",""node"":""kwok-node-19""},{""name"":""rs-01-p1-6clkw"",""cpu_m"":703,""mem_b"":161152878,""priority"":""1"",""node"":""kwok-node-16""},{""name"":""rs-01-p1-f5fwt"",""cpu_m"":703,""mem_b"":161152878,""priority"":""1"",""node"":""kwok-node-17""},{""name"":""rs-02-p2-26zdt"",""cpu_m"":503,""mem_b"":566753152,""priority"":""2"",""node"":""kwok-node-20""},{""name"":""rs-02-p2-lmnwg"",""cpu_m"":503,""mem_b"":566753152,""priority"":""2"",""node"":""kwok-node-18""},{""name"":""rs-03-p2-kkwnc"",""cpu_m"":826,""mem_b"":665954033,""priority"":""2"",""node"":""kwok-node-11""},{""name"":""rs-03-p2-ks7w2"",""cpu_m"":826,""mem_b"":665954033,""priority"":""2"",""node"":""kwok-node-22""},{""name"":""rs-03-p2-lvcgn"",""cpu_m"":826,""mem_b"":665954033,""priority"":""2"",""node"":""kwok-node-23""},{""name"":""rs-03-p2-m6tf4"",""cpu_m"":826,""mem_b"":665954033,""priority"":""2"",""node"":""kwok-node-21""},{""name"":""rs-04-p3-jqmzh"",""cpu_m"":786,""mem_b"":786492614,""priority"":""3"",""node"":""kwok-node-10""},{""name"":""rs-04-p3-q2dwz"",""cpu_m"":786,""mem_b"":786492614,""priority"":""3"",""node"":""kwok-node-1""},{""name"":""rs-04-p3-r5ccn"",""cpu_m"":786,""mem_b"":786492614,""priority"":""3"",""node"":""kwok-node-13""},{""name"":""rs-04-p3-tpbtb"",""cpu_m"":786,""mem_b"":786492614,""priority"":""3"",""node"":""kwok-node-2""},{""name"":""rs-05-p4-8zngg"",""cpu_m"":217,""mem_b"":979817362,""priority"":""4"",""node"":""kwok-node-14""},{""name"":""rs-05-p4-hxkj4"",""cpu_m"":217,""mem_b"":979817362,""priority"":""4"",""node"":""kwok-node-12""},{""name"":""rs-06-p4-f9b6g"",""cpu_m"":828,""mem_b"":176727095,""priority"":""4"",""node"":""kwok-node-27""},{""name"":""rs-07-p4-hgwhm"",""cpu_m"":598,""mem_b"":111152406,""priority"":""4"",""node"":""kwok-node-30""},{""name"":""rs-07-p4-jgmfn"",""cpu_m"":598,""mem_b"":111152406,""priority"":""4"",""node"":""kwok-node-28""},{""name"":""rs-07-p4-rhstc"",""cpu_m"":598,""mem_b"":111152406,""priority"":""4"",""node"":""kwok-node-25""},{""name"":""rs-07-p4-s529p"",""cpu_m"":598,""mem_b"":111152406,""priority"":""4"",""node"":""kwok-node-29""},{""name"":""rs-08-p1-8ccxz"",""cpu_m"":583,""mem_b"":277398055,""priority"":""1"",""node"":""kwok-node-26""},{""name"":""rs-08-p1-j5w7m"",""cpu_m"":583,""mem_b"":277398055,""priority"":""1"",""node"":""kwok-node-3""},{""name"":""rs-08-p1-v7wn5"",""cpu_m"":583,""mem_b"":277398055,""priority"":""1"",""node"":""kwok-node-24""},{""name"":""rs-09-p1-m2f2c"",""cpu_m"":794,""mem_b"":856438673,""priority"":""1"",""node"":""kwok-node-3""},{""name"":""rs-09-p1-rw2hx"",""cpu_m"":794,""mem_b"":856438673,""priority"":""1"",""node"":""kwok-node-26""},{""name"":""rs-09-p1-rzfb9"",""cpu_m"":794,""mem_b"":856438673,""priority"":""1"",""node"":""kwok-node-18""},{""name"":""rs-09-p1-vq4vv"",""cpu_m"":794,""mem_b"":856438673,""priority"":""1"",""node"":""kwok-node-20""},{""name"":""rs-10-p4-85lvp"",""cpu_m"":973,""mem_b"":692195508,""priority"":""4"",""node"":""kwok-node-29""},{""name"":""rs-10-p4-hnrm9"",""cpu_m"":973,""mem_b"":692195508,""priority"":""4"",""node"":""kwok-node-25""},{""name"":""rs-10-p4-njstq"",""cpu_m"":973,""mem_b"":692195508,""priority"":""4"",""node"":""kwok-node-28""},{""name"":""rs-11-p1-dmsz7"",""cpu_m"":606,""mem_b"":502774972,""priority"":""1"",""node"":""kwok-node-4""},{""name"":""rs-11-p1-m8w8h"",""cpu_m"":606,""mem_b"":502774972,""priority"":""1"",""node"":""kwok-node-32""},{""name"":""rs-12-p3-5j655"",""cpu_m"":719,""mem_b"":419026606,""priority"":""3"",""node"":""kwok-node-9""},{""name"":""rs-12-p3-5sjkd"",""cpu_m"":719,""mem_b"":419026606,""priority"":""3"",""node"":""kwok-node-6""},{""name"":""rs-12-p3-hdnkj"",""cpu_m"":719,""mem_b"":419026606,""priority"":""3"",""node"":""kwok-node-5""},{""name"":""rs-12-p3-pmnlq"",""cpu_m"":719,""mem_b"":419026606,""priority"":""3"",""node"":""kwok-node-7""},{""name"":""rs-13-p1-qpxf8"",""cpu_m"":980,""mem_b"":886138292,""priority"":""1"",""node"":""kwok-node-31""},{""name"":""rs-14-p1-kwq6j"",""cpu_m"":490,""mem_b"":187889129,""priority"":""1"",""node"":""kwok-node-8""},{""name"":""rs-14-p1-vcbd4"",""cpu_m"":490,""mem_b"":187889129,""priority"":""1"",""node"":""kwok-node-4""},{""name"":""rs-15-p2-76k5r"",""cpu_m"":543,""mem_b"":621038970,""priority"":""2"",""node"":""kwok-node-8""},{""name"":""rs-15-p2-phfwm"",""cpu_m"":543,""mem_b"":621038970,""priority"":""2"",""node"":""kwok-node-24""},{""name"":""rs-16-p2-8dxwq"",""cpu_m"":225,""mem_b"":456899294,""priority"":""2"",""node"":""kwok-node-32""},{""name"":""rs-16-p2-8qw6l"",""cpu_m"":225,""mem_b"":456899294,""priority"":""2"",""node"":""kwok-node-9""},{""name"":""rs-16-p2-gvk62"",""cpu_m"":225,""mem_b"":456899294,""priority"":""2"",""node"":""kwok-node-15""},{""name"":""rs-16-p2-m88sn"",""cpu_m"":225,""mem_b"":456899294,""priority"":""2"",""node"":""kwok-node-30""},{""name"":""rs-17-p2-4hf58"",""cpu_m"":491,""mem_b"":616266001,""priority"":""2"",""node"":""kwok-node-19""},{""name"":""rs-17-p2-6fzth"",""cpu_m"":491,""mem_b"":616266001,""priority"":""2"",""node"":""kwok-node-17""},{""name"":""rs-17-p2-6mflk"",""cpu_m"":491,""mem_b"":616266001,""priority"":""2"",""node"":""kwok-node-6""},{""name"":""rs-17-p2-hc7h8"",""cpu_m"":491,""mem_b"":616266001,""priority"":""2"",""node"":""kwok-node-7""},{""name"":""rs-18-p1-jmjgv"",""cpu_m"":122,""mem_b"":492669388,""priority"":""1"",""node"":""kwok-node-16""},{""name"":""rs-19-p4-2jzxj"",""cpu_m"":351,""mem_b"":661415269,""priority"":""4"",""node"":""kwok-node-5""},{""name"":""rs-19-p4-7vf5h"",""cpu_m"":351,""mem_b"":661415269,""priority"":""4"",""node"":""kwok-node-27""},{""name"":""rs-19-p4-mfrbg"",""cpu_m"":351,""mem_b"":661415269,""priority"":""4"",""node"":""kwok-node-30""},{""name"":""rs-20-p1-fvs6w"",""cpu_m"":922,""mem_b"":363979586,""priority"":""1"",""node"":""kwok-node-14""},{""name"":""rs-20-p1-vb7p8"",""cpu_m"":922,""mem_b"":363979586,""priority"":""1"",""node"":""kwok-node-12""},{""name"":""rs-21-p3-czk4d"",""cpu_m"":466,""mem_b"":804566665,""priority"":""3"",""node"":""kwok-node-16""},{""name"":""rs-21-p3-f48nj"",""cpu_m"":466,""mem_b"":804566665,""priority"":""3"",""node"":""kwok-node-23""},{""name"":""rs-22-p3-ndd9z"",""cpu_m"":434,""mem_b"":578739384,""priority"":""3"",""node"":""kwok-node-22""},{""name"":""rs-23-p3-5ww4b"",""cpu_m"":906,""mem_b"":853571475,""priority"":""3"",""node"":""kwok-node-1""},{""name"":""rs-23-p3-6nch6"",""cpu_m"":906,""mem_b"":853571475,""priority"":""3"",""node"":""kwok-node-2""},{""name"":""rs-23-p3-b266n"",""cpu_m"":906,""mem_b"":853571475,""priority"":""3"",""node"":""kwok-node-10""},{""name"":""rs-23-p3-fdjc5"",""cpu_m"":906,""mem_b"":853571475,""priority"":""3"",""node"":""kwok-node-13""},{""name"":""rs-24-p4-4rdjn"",""cpu_m"":701,""mem_b"":373797216,""priority"":""4"",""node"":""kwok-node-15""},{""name"":""rs-24-p4-4rlw6"",""cpu_m"":701,""mem_b"":373797216,""priority"":""4"",""node"":""kwok-node-11""},{""name"":""rs-24-p4-6xcgt"",""cpu_m"":701,""mem_b"":373797216,""priority"":""4"",""node"":""kwok-node-32""},{""name"":""rs-24-p4-cpj8p"",""cpu_m"":701,""mem_b"":373797216,""priority"":""4"",""node"":""kwok-node-21""},{""name"":""rs-25-p1-dpfnf"",""cpu_m"":551,""mem_b"":730242810,""priority"":""1"",""node"":""kwok-node-31""},{""name"":""rs-25-p1-drw7z"",""cpu_m"":551,""mem_b"":730242810,""priority"":""1"",""node"":""kwok-node-9""},{""name"":""rs-25-p1-vw4k4"",""cpu_m"":551,""mem_b"":730242810,""priority"":""1"",""node"":""kwok-node-8""},{""name"":""rs-26-p2-cx4wb"",""cpu_m"":805,""mem_b"":506252667,""priority"":""2"",""node"":""kwok-node-5""},{""name"":""rs-27-p1-4dnrc"",""cpu_m"":194,""mem_b"":170324005,""priority"":""1"",""node"":""kwok-node-24""},{""name"":""rs-27-p1-6jkm2"",""cpu_m"":194,""mem_b"":170324005,""priority"":""1"",""node"":""kwok-node-4""},{""name"":""rs-27-p1-7kr8v"",""cpu_m"":194,""mem_b"":170324005,""priority"":""1"",""node"":""kwok-node-30""},{""name"":""rs-27-p1-qpp8x"",""cpu_m"":194,""mem_b"":170324005,""priority"":""1"",""node"":""kwok-node-17""},{""name"":""rs-28-p4-2jk2c"",""cpu_m"":223,""mem_b"":809180985,""priority"":""4"",""node"":""kwok-node-19""},{""name"":""rs-28-p4-ngtf8"",""cpu_m"":223,""mem_b"":809180985,""priority"":""4"",""node"":""kwok-node-17""},{""name"":""rs-28-p4-v82cv"",""cpu_m"":223,""mem_b"":809180985,""priority"":""4"",""node"":""kwok-node-27""},{""name"":""rs-28-p4-xcnt8"",""cpu_m"":223,""mem_b"":809180985,""priority"":""4"",""node"":""kwok-node-4""},{""name"":""rs-29-p2-djr9k"",""cpu_m"":995,""mem_b"":609813690,""priority"":""2"",""node"":""""},{""name"":""rs-29-p2-s4522"",""cpu_m"":995,""mem_b"":609813690,""priority"":""2"",""node"":""""},{""name"":""rs-30-p1-xjbgb"",""cpu_m"":714,""mem_b"":189247817,""priority"":""1"",""node"":""kwok-node-14""},{""name"":""rs-30-p1-zjhrq"",""cpu_m"":714,""mem_b"":189247817,""priority"":""1"",""node"":""kwok-node-12""},{""name"":""rs-31-p3-gttw2"",""cpu_m"":983,""mem_b"":787712477,""priority"":""3"",""node"":""""},{""name"":""rs-31-p3-hvxsv"",""cpu_m"":983,""mem_b"":787712477,""priority"":""3"",""node"":""""},{""name"":""rs-31-p3-vhssq"",""cpu_m"":983,""mem_b"":787712477,""priority"":""3"",""node"":""""},{""name"":""rs-32-p1-48259"",""cpu_m"":258,""mem_b"":386817938,""priority"":""1"",""node"":""kwok-node-6""},{""name"":""rs-32-p1-85k8g"",""cpu_m"":258,""mem_b"":386817938,""priority"":""1"",""node"":""kwok-node-22""},{""name"":""rs-32-p1-8vm75"",""cpu_m"":258,""mem_b"":386817938,""priority"":""1"",""node"":""kwok-node-7""},{""name"":""rs-33-p1-qx6nt"",""cpu_m"":281,""mem_b"":723488043,""priority"":""1"",""node"":""kwok-node-24""},{""name"":""rs-34-p3-4lbmg"",""cpu_m"":118,""mem_b"":833174684,""priority"":""3"",""node"":""kwok-node-25""},{""name"":""rs-34-p3-c76rg"",""cpu_m"":118,""mem_b"":833174684,""priority"":""3"",""node"":""kwok-node-28""},{""name"":""rs-34-p3-r7fjj"",""cpu_m"":118,""mem_b"":833174684,""priority"":""3"",""node"":""kwok-node-15""},{""name"":""rs-34-p3-shjck"",""cpu_m"":118,""mem_b"":833174684,""priority"":""3"",""node"":""kwok-node-29""},{""name"":""rs-35-p2-nxkb9"",""cpu_m"":139,""mem_b"":829017428,""priority"":""2"",""node"":""kwok-node-21""},{""name"":""rs-35-p2-xmjp6"",""cpu_m"":139,""mem_b"":829017428,""priority"":""2"",""node"":""kwok-node-11""},{""name"":""rs-36-p2-4m4qx"",""cpu_m"":312,""mem_b"":289115791,""priority"":""2"",""node"":""kwok-node-20""},{""name"":""rs-36-p2-p6sqh"",""cpu_m"":312,""mem_b"":289115791,""priority"":""2"",""node"":""kwok-node-16""},{""name"":""rs-36-p2-qxkf9"",""cpu_m"":312,""mem_b"":289115791,""priority"":""2"",""node"":""kwok-node-18""},{""name"":""rs-37-p3-kmnt8"",""cpu_m"":470,""mem_b"":541776593,""priority"":""3"",""node"":""kwok-node-26""},{""name"":""rs-37-p3-prqjg"",""cpu_m"":470,""mem_b"":541776593,""priority"":""3"",""node"":""kwok-node-3""},{""name"":""rs-37-p3-rqdvq"",""cpu_m"":470,""mem_b"":541776593,""priority"":""3"",""node"":""kwok-node-30""},{""name"":""rs-38-p4-68j9z"",""cpu_m"":490,""mem_b"":913728342,""priority"":""4"",""node"":""""},{""name"":""rs-38-p4-fsvp2"",""cpu_m"":490,""mem_b"":913728342,""priority"":""4"",""node"":""""},{""name"":""rs-38-p4-wths7"",""cpu_m"":490,""mem_b"":913728342,""priority"":""4"",""node"":""""},{""name"":""rs-38-p4-zr42q"",""cpu_m"":490,""mem_b"":913728342,""priority"":""4"",""node"":""""},{""name"":""rs-39-p3-zfrbr"",""cpu_m"":569,""mem_b"":378811577,""priority"":""3"",""node"":""kwok-node-23""},{""name"":""rs-40-p3-xn9wl"",""cpu_m"":919,""mem_b"":151997224,""priority"":""3"",""node"":""""},{""name"":""rs-41-p3-fz2fg"",""cpu_m"":750,""mem_b"":623237595,""priority"":""3"",""node"":""""},{""name"":""rs-41-p3-r6p5z"",""cpu_m"":750,""mem_b"":623237595,""priority"":""3"",""node"":""""},{""name"":""rs-42-p3-bhzp2"",""cpu_m"":320,""mem_b"":872849111,""priority"":""3"",""node"":""""},{""name"":""rs-42-p3-g7rzf"",""cpu_m"":320,""mem_b"":872849111,""priority"":""3"",""node"":""""},{""name"":""rs-42-p3-gf9rw"",""cpu_m"":320,""mem_b"":872849111,""priority"":""3"",""node"":""""},{""name"":""rs-42-p3-gq46j"",""cpu_m"":320,""mem_b"":872849111,""priority"":""3"",""node"":""""},{""name"":""rs-43-p4-7zdrq"",""cpu_m"":319,""mem_b"":829236019,""priority"":""4"",""node"":""kwok-node-32""},{""name"":""rs-43-p4-jhfg4"",""cpu_m"":319,""mem_b"":829236019,""priority"":""4"",""node"":""""},{""name"":""rs-43-p4-tdtbs"",""cpu_m"":319,""mem_b"":829236019,""priority"":""4"",""node"":""""},{""name"":""rs-44-p1-8gmzv"",""cpu_m"":453,""mem_b"":236596183,""priority"":""1"",""node"":""kwok-node-19""},{""name"":""rs-44-p1-j256x"",""cpu_m"":453,""mem_b"":236596183,""priority"":""1"",""node"":""kwok-node-27""},{""name"":""rs-44-p1-v2hmg"",""cpu_m"":453,""mem_b"":236596183,""priority"":""1"",""node"":""kwok-node-7""},{""name"":""rs-45-p1-flfcl"",""cpu_m"":410,""mem_b"":843417335,""priority"":""1"",""node"":""""},{""name"":""rs-45-p1-slp2t"",""cpu_m"":410,""mem_b"":843417335,""priority"":""1"",""node"":""""},{""name"":""rs-46-p3-b574q"",""cpu_m"":642,""mem_b"":656914861,""priority"":""3"",""node"":""""},{""name"":""rs-46-p3-qzpv4"",""cpu_m"":642,""mem_b"":656914861,""priority"":""3"",""node"":""""},{""name"":""rs-47-p2-4v7r7"",""cpu_m"":123,""mem_b"":360944409,""priority"":""2"",""node"":""kwok-node-8""},{""name"":""rs-47-p2-n6x77"",""cpu_m"":123,""mem_b"":360944409,""priority"":""2"",""node"":""kwok-node-9""},{""name"":""rs-47-p2-pwt4h"",""cpu_m"":123,""mem_b"":360944409,""priority"":""2"",""node"":""kwok-node-6""},{""name"":""rs-48-p2-7h8wk"",""cpu_m"":587,""mem_b"":877786415,""priority"":""2"",""node"":""""}]","[{""name"":""kwok-node-1"",""cap_cpu_m"":2049,""cap_mem_bytes"":2181843264},{""name"":""kwok-node-2"",""cap_cpu_m"":2049,""cap_mem_bytes"":2181843264},{""name"":""kwok-node-3"",""cap_cpu_m"":2049,""cap_mem_bytes"":2181843264},{""name"":""kwok-node-4"",""cap_cpu_m"":2049,""cap_mem_bytes"":2181843264},{""name"":""kwok-node-5"",""cap_cpu_m"":2049,""cap_mem_bytes"":2181843264},{""name"":""kwok-node-6"",""cap_cpu_m"":2049,""cap_mem_bytes"":2181843264},{""name"":""kwok-node-7"",""cap_cpu_m"":2049,""cap_mem_bytes"":2181843264},{""name"":""kwok-node-8"",""cap_cpu_m"":2049,""cap_mem_bytes"":2181843264},{""name"":""kwok-node-9"",""cap_cpu_m"":2049,""cap_mem_bytes"":2181843264},{""name"":""kwok-node-10"",""cap_cpu_m"":2049,""cap_mem_bytes"":2181843264},{""name"":""kwok-node-11"",""cap_cpu_m"":2049,""cap_mem_bytes"":2181843264},{""name"":""kwok-node-12"",""cap_cpu_m"":2049,""cap_mem_bytes"":2181843264},{""name"":""kwok-node-13"",""cap_cpu_m"":2049,""cap_mem_bytes"":2181843264},{""name"":""kwok-node-14"",""cap_cpu_m"":2049,""cap_mem_bytes"":2181843264},{""name"":""kwok-node-15"",""cap_cpu_m"":2049,""cap_mem_bytes"":2181843264},{""name"":""kwok-node-16"",""cap_cpu_m"":2049,""cap_mem_bytes"":2181843264},{""name"":""kwok-node-17"",""cap_cpu_m"":2049,""cap_mem_bytes"":2181843264},{""name"":""kwok-node-18"",""cap_cpu_m"":2049,""cap_mem_bytes"":2181843264},{""name"":""kwok-node-19"",""cap_cpu_m"":2049,""cap_mem_bytes"":2181843264},{""name"":""kwok-node-20"",""cap_cpu_m"":2049,""cap_mem_bytes"":2181843264},{""name"":""kwok-node-21"",""cap_cpu_m"":2049,""cap_mem_bytes"":2181843264},{""name"":""kwok-node-22"",""cap_cpu_m"":2049,""cap_mem_bytes"":2181843264},{""name"":""kwok-node-23"",""cap_cpu_m"":2049,""cap_mem_bytes"":2181843264},{""name"":""kwok-node-24"",""cap_cpu_m"":2049,""cap_mem_bytes"":2181843264},{""name"":""kwok-node-25"",""cap_cpu_m"":2049,""cap_mem_bytes"":2181843264},{""name"":""kwok-node-26"",""cap_cpu_m"":2049,""cap_mem_bytes"":2181843264},{""name"":""kwok-node-27"",""cap_cpu_m"":2049,""cap_mem_bytes"":2181843264},{""name"":""kwok-node-28"",""cap_cpu_m"":2049,""cap_mem_bytes"":2181843264},{""name"":""kwok-node-29"",""cap_cpu_m"":2049,""cap_mem_bytes"":2181843264},{""name"":""kwok-node-30"",""cap_cpu_m"":2049,""cap_mem_bytes"":2181843264},{""name"":""kwok-node-31"",""cap_cpu_m"":2049,""cap_mem_bytes"":2181843264},{""name"":""kwok-node-32"",""cap_cpu_m"":2049,""cap_mem_bytes"":2181843264}]"
2026/02/11/12:13:05,4559964496990583395,,"{""evicted"":0,""moved"":0,""placed_by_priority"":{""1"":27,""2"":21,""3"":32,""4"":27}}",python,"{""evicted"":17,""moved"":4,""placed_by_priority"":{""1"":13,""2"":30,""3"":36,""4"":32}}",1021,FEASIBLE,"[{""duration_ms"":1021,""name"":""python"",""score"":{""evicted"":17,""moved"":4,""placed_by_priority"":{""1"":13,""2"":30,""3"":36,""4"":32}},""status"":""FEASIBLE""}]",0.876,0.869,0.920,0.848,58793,58313,60699176918,55964955135,111,107,17,21,"{""kwok-node-1"":4,""kwok-node-10"":4,""kwok-node-11"":3,""kwok-node-12"":5,""kwok-node-13"":3,""kwok-node-14"":3,""kwok-node-15"":3,""kwok-node-16"":3,""kwok-node-17"":4,""kwok-node-18"":3,""kwok-node-19"":3,""kwok-node-2"":4,""kwok-node-20"":4,""kwok-node-21"":3,""kwok-node-22"":4,""kwok-node-23"":5,""kwok-node-24"":4,""kwok-node-25"":3,""kwok-node-26"":4,""kwok-node-27"":3,""kwok-node-28"":3,""kwok-node-29"":5,""kwok-node-3"":3,""kwok-node-30"":3,""kwok-node-31"":3,""kwok-node-32"":3,""kwok-node-4"":3,""kwok-node-5"":3,""kwok-node-6"":3,""kwok-node-7"":4,""kwok-node-8"":3,""kwok-node-9"":3}","{""kwok-node-1"":4,""kwok-node-10"":3,""kwok-node-11"":3,""kwok-node-12"":4,""kwok-node-13"":3,""kwok-node-14"":3,""kwok-node-15"":3,""kwok-node-16"":3,""kwok-node-17"":4,""kwok-node-18"":3,""kwok-node-19"":3,""kwok-node-2"":4,""kwok-node-20"":3,""kwok-node-21"":3,""kwok-node-22"":4,""kwok-node-23"":5,""kwok-node-24"":4,""kwok-node-25"":3,""kwok-node-26"":3,""kwok-node-27"":3,""kwok-node-28"":3,""kwok-node-29"":5,""kwok-node-3"":3,""kwok-node-30"":3,""kwok-node-31"":3,""kwok-node-32"":3,""kwok-node-4"":3,""kwok-node-5"":3,""kwok-node-6"":3,""kwok-node-7"":4,""kwok-node-8"":3,""kwok-node-9"":3}","{""p1"":13,""p2"":30,""p3"":36,""p4"":32}","{""p1"":27,""p2"":21,""p3"":32,""p4"":27}","{""p1"":17}","{""p1"":3,""p2"":9,""p3"":4,""p4"":5}","{rs-01-p1-6mhhw,rs-01-p1-qjwmc,rs-07-p1-jg4cx,rs-09-p1-78bb2,rs-13-p1-94wn6,rs-13-p1-lt7bl,rs-13-p1-q5dm6,rs-13-p1-xwml7,rs-16-p1-99mcl,rs-16-p1-pqdbj,rs-20-p1-w6fm4,rs-21-p1-mx2pk,rs-21-p1-qxl48,rs-28-p1-kcvv4,rs-38-p1-m788x,rs-40-p1-zpkr7,rs-45-p1-4dxb8}","{rs-37-p4-98txb,rs-37-p4-h8sg4,rs-41-p1-9mcmj,rs-41-p1-k4m5r,rs-41-p1-mmdqm,rs-42-p3-2qmsz,rs-42-p3-4hz4x,rs-42-p3-7fcdz,rs-42-p3-j9v5s,rs-43-p4-6xd76,rs-43-p4-j827n,rs-47-p2-2q74c,rs-47-p2-d59h5,rs-47-p2-nb9sh,rs-50-p4-lpt8w,rs-51-p2-d6hlb,rs-51-p2-vqnwz,rs-52-p2-lm9pc,rs-52-p2-qdsp4,rs-53-p2-ck5m5,rs-53-p2-k42m4}","{rs-02-p2-5cv7r,rs-02-p2-kxqxm,rs-02-p2-q5bbx,rs-03-p3-jlb4f,rs-03-p3-kgtfb,rs-04-p4-gv54l,rs-04-p4-lfz2r,rs-04-p4-prk8p,rs-05-p2-mpcbk,rs-06-p3-m5ztk,rs-07-p1-gc8p5,rs-07-p1-jt2bv,rs-07-p1-smmt7,rs-08-p2-894xs,rs-08-p2-f964d,rs-08-p2-qbdhh,rs-09-p1-dggrh,rs-10-p4-4fnns,rs-10-p4-9wsgz,rs-10-p4-jvtb9,rs-11-p3-h74zn,rs-11-p3-p7f7t,rs-12-p2-4pz4r,rs-12-p2-hfdcj,rs-12-p2-szgg2,rs-14-p4-7zlkq,rs-14-p4-9lg6k,rs-14-p4-hz47w,rs-15-p4-f6xn2,rs-15-p4-v27b2,rs-17-p2-cgmxf,rs-18-p1-2pqpq,rs-19-p3-n9hdd,rs-22-p2-6dpbj,rs-22-p2-bphqq,rs-23-p3-424vz,rs-23-p3-lqq8v,rs-23-p3-ppgfq,rs-24-p3-lgp9z,rs-24-p3-q5z6b,rs-25-p4-fqf8g,rs-25-p4-k6bjk,rs-25-p4-mz2kr,rs-25-p4-x9d9r,rs-26-p3-9ft8m,rs-26-p3-c9x4b,rs-26-p3-qctbj,rs-27-p4-6tntz,rs-27-p4-vbvmn,rs-29-p4-2bgh6,rs-29-p4-5cxgw,rs-30-p3-hbv7b,rs-30-p3-rvdq4,rs-30-p3-z9gwx,rs-31-p2-dsnn8,rs-31-p2-pbnms,rs-31-p2-pd6x2,rs-32-p4-f4wnw,rs-33-p4-2vsl8,rs-33-p4-77vlb,rs-34-p3-6dfgz,rs-34-p3-pjtgc,rs-34-p3-zmxk4,rs-35-p3-7xbm9,rs-35-p3-bwzpz,rs-35-p3-qkjqz,rs-36-p3-6tr8n,rs-36-p3-7hqrd,rs-36-p3-m8dmj,rs-36-p3-vxmrp,rs-37-p4-98txb,rs-37-p4-h8sg4,rs-37-p4-qf44m,rs-38-p1-qgmq7,rs-39-p2-6bzhk,rs-39-p2-zqkw6,rs-40-p1-ndq2l,rs-41-p1-9mcmj,rs-41-p1-k4m5r,rs-41-p1-mmdqm,rs-42-p3-2qmsz,rs-42-p3-4hz4x,rs-42-p3-7fcdz,rs-42-p3-j9v5s,rs-43-p4-6xd76,rs-43-p4-j827n,rs-44-p3-xbm47,rs-45-p1-c4cg2,rs-45-p1-sqbr5,rs-45-p1-wjbxq,rs-46-p3-jzjsc,rs-46-p3-njxw2,rs-46-p3-r8wr4,rs-46-p3-rwlqt,rs-47-p2-2q74c,rs-47-p2-d59h5,rs-47-p2-nb9sh,rs-48-p4-9dmmm,rs-48-p4-msszz,rs-49-p2-9sctz,rs-49-p2-pjl9c,rs-49-p2-ppbh8,rs-50-p4-72v8w,rs-50-p4-jw5ll,rs-50-p4-lpt8w,rs-51-p2-d6hlb,rs-51-p2-vqnwz,rs-52-p2-lm9pc,rs-52-p2-qdsp4,rs-53-p2-ck5m5,rs-53-p2-k42m4}","{rs-01-p1-9v88b,rs-01-p1-kxcnk,rs-02-p2-5cv7r,rs-02-p2-kxqxm,rs-02-p2-q5bbx,rs-03-p3-jlb4f,rs-03-p3-kgtfb,rs-04-p4-gv54l,rs-04-p4-lfz2r,rs-04-p4-prk8p,rs-05-p2-mpcbk,rs-06-p3-m5ztk,rs-07-p1-gc8p5,rs-07-p1-jt2bv,rs-07-p1-smmt7,rs-07-p1-z2v4x,rs-08-p2-894xs,rs-08-p2-f964d,rs-08-p2-qbdhh,rs-09-p1-dggrh,rs-09-p1-rdh89,rs-10-p4-4fnns,rs-10-p4-9wsgz,rs-10-p4-jvtb9,rs-11-p3-h74zn,rs-11-p3-p7f7t,rs-12-p2-4pz4r,rs-12-p2-hfdcj,rs-12-p2-szgg2,rs-13-p1-54mfx,rs-13-p1-7dvbf,rs-13-p1-gxrgx,rs-13-p1-jdxz2,rs-14-p4-7zlkq,rs-14-p4-9lg6k,rs-14-p4-hz47w,rs-15-p4-f6xn2,rs-15-p4-v27b2,rs-16-p1-mb9d7,rs-16-p1-w856m,rs-17-p2-cgmxf,rs-18-p1-vfdkt,rs-19-p3-n9hdd,rs-20-p1-86z64,rs-21-p1-6kpck,rs-21-p1-bdrfn,rs-22-p2-6dpbj,rs-22-p2-bphqq,rs-23-p3-424vz,rs-23-p3-lqq8v,rs-23-p3-ppgfq,rs-24-p3-lgp9z,rs-24-p3-q5z6b,rs-25-p4-fqf8g,rs-25-p4-k6bjk,rs-25-p4-mz2kr,rs-25-p4-x9d9r,rs-26-p3-9ft8m,rs-26-p3-c9x4b,rs-26-p3-qctbj,rs-27-p4-6tntz,rs-27-p4-vbvmn,rs-28-p1-dvslk,rs-29-p4-2bgh6,rs-29-p4-5cxgw,rs-30-p3-hbv7b,rs-30-p3-rvdq4,rs-30-p3-z9gwx,rs-31-p2-dsnn8,rs-31-p2-pbnms,rs-31-p2-pd6x2,rs-32-p4-f4wnw,rs-33-p4-2vsl8,rs-33-p4-77vlb,rs-34-p3-6dfgz,rs-34-p3-pjtgc,rs-34-p3-zmxk4,rs-35-p3-7xbm9,rs-35-p3-bwzpz,rs-35-p3-qkjqz,rs-36-p3-6tr8n,rs-36-p3-7hqrd,rs-36-p3-m8dmj,rs-36-p3-vxmrp,rs-37-p4-qf44m,rs-38-p1-mcspf,rs-38-p1-ntkgj,rs-39-p2-6bzhk,rs-39-p2-zqkw6,rs-40-p1-gzm65,rs-40-p1-ndq2l,rs-44-p3-xbm47,rs-45-p1-c4cg2,rs-45-p1-ghtng,rs-45-p1-nbdlm,rs-45-p1-v2xpg,rs-46-p3-jzjsc,rs-46-p3-njxw2,rs-46-p3-r8wr4,rs-46-p3-rwlqt,rs-48-p4-9dmmm,rs-48-p4-msszz,rs-49-p2-9sctz,rs-49-p2-pjl9c,rs-49-p2-ppbh8,rs-50-p4-72v8w,rs-50-p4-jw5ll}","[{""name"":""rs-01-p1-6mhhw"",""cpu_m"":927,""mem_b"":645530087,""priority"":""1"",""node"":""""},{""name"":""rs-01-p1-qjwmc"",""cpu_m"":927,""mem_b"":645530087,""priority"":""1"",""node"":""""},{""name"":""rs-02-p2-5cv7r"",""cpu_m"":961,""mem_b"":333350944,""priority"":""2"",""node"":""kwok-node-13""},{""name"":""rs-02-p2-kxqxm"",""cpu_m"":961,""mem_b"":333350944,""priority"":""2"",""node"":""kwok-node-14""},{""name"":""rs-02-p2-q5bbx"",""cpu_m"":961,""mem_b"":333350944,""priority"":""2"",""node"":""kwok-node-11""},{""name"":""rs-03-p3-jlb4f"",""cpu_m"":377,""mem_b"":914875764,""priority"":""3"",""node"":""kwok-node-17""},{""name"":""rs-03-p3-kgtfb"",""cpu_m"":377,""mem_b"":914875764,""priority"":""3"",""node"":""kwok-node-18""},{""name"":""rs-04-p4-gv54l"",""cpu_m"":762,""mem_b"":736455383,""priority"":""4"",""node"":""kwok-node-16""},{""name"":""rs-04-p4-lfz2r"",""cpu_m"":762,""mem_b"":736455383,""priority"":""4"",""node"":""kwok-node-19""},{""name"":""rs-04-p4-prk8p"",""cpu_m"":762,""mem_b"":736455383,""priority"":""4"",""node"":""kwok-node-20""},{""name"":""rs-05-p2-mpcbk"",""cpu_m"":314,""mem_b"":255018614,""priority"":""2"",""node"":""kwok-node-1""},{""name"":""rs-06-p3-m5ztk"",""cpu_m"":997,""mem_b"":903612779,""priority"":""3"",""node"":""kwok-node-21""},{""name"":""rs-07-p1-gc8p5"",""cpu_m"":212,""mem_b"":507681831,""priority"":""1"",""node"":""kwok-node-12""},{""name"":""rs-07-p1-jg4cx"",""cpu_m"":212,""mem_b"":507681831,""priority"":""1"",""node"":""""},{""name"":""rs-07-p1-jt2bv"",""cpu_m"":212,""mem_b"":507681831,""priority"":""1"",""node"":""kwok-node-23""},{""name"":""rs-07-p1-smmt7"",""cpu_m"":212,""mem_b"":507681831,""priority"":""1"",""node"":""kwok-node-22""},{""name"":""rs-08-p2-894xs"",""cpu_m"":896,""mem_b"":383813018,""priority"":""2"",""node"":""kwok-node-25""},{""name"":""rs-08-p2-f964d"",""cpu_m"":896,""mem_b"":383813018,""priority"":""2"",""node"":""kwok-node-24""},{""name"":""rs-08-p2-qbdhh"",""cpu_m"":896,""mem_b"":383813018,""priority"":""2"",""node"":""kwok-node-26""},{""name"":""rs-09-p1-78bb2"",""cpu_m"":703,""mem_b"":330355040,""priority"":""1"",""node"":""""},{""name"":""rs-09-p1-dggrh"",""cpu_m"":703,""mem_b"":330355040,""priority"":""1"",""node"":""kwok-node-30""},{""name"":""rs-10-p4-4fnns"",""cpu_m"":445,""mem_b"":635848852,""priority"":""4"",""node"":""kwok-node-3""},{""name"":""rs-10-p4-9wsgz"",""cpu_m"":445,""mem_b"":635848852,""priority"":""4"",""node"":""kwok-node-29""},{""name"":""rs-10-p4-jvtb9"",""cpu_m"":445,""mem_b"":635848852,""priority"":""4"",""node"":""kwok-node-28""},{""name"":""rs-11-p3-h74zn"",""cpu_m"":774,""mem_b"":158304660,""priority"":""3"",""node"":""kwok-node-23""},{""name"":""rs-11-p3-p7f7t"",""cpu_m"":774,""mem_b"":158304660,""priority"":""3"",""node"":""kwok-node-22""},{""name"":""rs-12-p2-4pz4r"",""cpu_m"":545,""mem_b"":730038236,""priority"":""2"",""node"":""kwok-node-30""},{""name"":""rs-12-p2-hfdcj"",""cpu_m"":545,""mem_b"":730038236,""priority"":""2"",""node"":""kwok-node-1""},{""name"":""rs-12-p2-szgg2"",""cpu_m"":545,""mem_b"":730038236,""priority"":""2"",""node"":""kwok-node-2""},{""name"":""rs-13-p1-94wn6"",""cpu_m"":678,""mem_b"":400404341,""priority"":""1"",""node"":""""},{""name"":""rs-13-p1-lt7bl"",""cpu_m"":678,""mem_b"":400404341,""priority"":""1"",""node"":""""},{""name"":""rs-13-p1-q5dm6"",""cpu_m"":678,""mem_b"":400404341,""priority"":""1"",""node"":""""},{""name"":""rs-13-p1-xwml7"",""cpu_m"":678,""mem_b"":400404341,""priority"":""1"",""node"":""""},{""name"":""rs-14-p4-7zlkq"",""cpu_m"":191,""mem_b"":892227555,""priority"":""4"",""node"":""kwok-node-8""},{""name"":""rs-14-p4-9lg6k"",""cpu_m"":191,""mem_b"":892227555,""priority"":""4"",""node"":""kwok-node-9""},{""name"":""rs-14-p4-hz47w"",""cpu_m"":191,""mem_b"":892227555,""priority"":""4"",""node"":""kwok-node-32""},{""name"":""rs-15-p4-f6xn2"",""cpu_m"":450,""mem_b"":351393957,""priority"":""4"",""node"":""kwok-node-12""},{""name"":""rs-15-p4-v27b2"",""cpu_m"":450,""mem_b"":351393957,""priority"":""4"",""node"":""kwok-node-7""},{""name"":""rs-16-p1-99mcl"",""cpu_m"":924,""mem_b"":516361985,""priority"":""1"",""node"":""""},{""name"":""rs-16-p1-pqdbj"",""cpu_m"":924,""mem_b"":516361985,""priority"":""1"",""node"":""""},{""name"":""rs-17-p2-cgmxf"",""cpu_m"":444,""mem_b"":885994201,""priority"":""2"",""node"":""kwok-node-27""},{""name"":""rs-18-p1-2pqpq"",""cpu_m"":218,""mem_b"":147160568,""priority"":""1"",""node"":""kwok-node-26""},{""name"":""rs-19-p3-n9hdd"",""cpu_m"":260,""mem_b"":186082064,""priority"":""3"",""node"":""kwok-node-29""},{""name"":""rs-20-p1-w6fm4"",""cpu_m"":714,""mem_b"":377872197,""priority"":""1"",""node"":""""},{""name"":""rs-21-p1-mx2pk"",""cpu_m"":646,""mem_b"":652805100,""priority"":""1"",""node"":""""},{""name"":""rs-21-p1-qxl48"",""cpu_m"":646,""mem_b"":652805100,""priority"":""1"",""node"":""""},{""name"":""rs-22-p2-6dpbj"",""cpu_m"":827,""mem_b"":229383531,""priority"":""2"",""node"":""kwok-node-9""},{""name"":""rs-22-p2-bphqq"",""cpu_m"":827,""mem_b"":229383531,""priority"":""2"",""node"":""kwok-node-32""},{""name"":""rs-23-p3-424vz"",""cpu_m"":845,""mem_b"":959788972,""priority"":""3"",""node"":""kwok-node-31""},{""name"":""rs-23-p3-lqq8v"",""cpu_m"":845,""mem_b"":959788972,""priority"":""3"",""node"":""kwok-node-4""},{""name"":""rs-23-p3-ppgfq"",""cpu_m"":845,""mem_b"":959788972,""priority"":""3"",""node"":""kwok-node-6""},{""name"":""rs-24-p3-lgp9z"",""cpu_m"":678,""mem_b"":692436635,""priority"":""3"",""node"":""kwok-node-19""},{""name"":""rs-24-p3-q5z6b"",""cpu_m"":678,""mem_b"":692436635,""priority"":""3"",""node"":""kwok-node-16""},{""name"":""rs-25-p4-fqf8g"",""cpu_m"":115,""mem_b"":146619220,""priority"":""4"",""node"":""kwok-node-29""},{""name"":""rs-25-p4-k6bjk"",""cpu_m"":115,""mem_b"":146619220,""priority"":""4"",""node"":""kwok-node-12""},{""name"":""rs-25-p4-mz2kr"",""cpu_m"":115,""mem_b"":146619220,""priority"":""4"",""node"":""kwok-node-24""},{""name"":""rs-25-p4-x9d9r"",""cpu_m"":115,""mem_b"":146619220,""priority"":""4"",""node"":""kwok-node-20""},{""name"":""rs-26-p3-9ft8m"",""cpu_m"":926,""mem_b"":632343606,""priority"":""3"",""node"":""kwok-node-17""},{""name"":""rs-26-p3-c9x4b"",""cpu_m"":926,""mem_b"":632343606,""priority"":""3"",""node"":""kwok-node-18""},{""name"":""rs-26-p3-qctbj"",""cpu_m"":926,""mem_b"":632343606,""priority"":""3"",""node"":""kwok-node-12""},{""name"":""rs-27-p4-6tntz"",""cpu_m"":480,""mem_b"":759389357,""priority"":""4"",""node"":""kwok-node-26""},{""name"":""rs-27-p4-vbvmn"",""cpu_m"":480,""mem_b"":759389357,""priority"":""4"",""node"":""kwok-node-25""},{""name"":""rs-28-p1-kcvv4"",""cpu_m"":876,""mem_b"":850796142,""priority"":""1"",""node"":""""},{""name"":""rs-29-p4-2bgh6"",""cpu_m"":819,""mem_b"":206955909,""priority"":""4"",""node"":""kwok-node-2""},{""name"":""rs-29-p4-5cxgw"",""cpu_m"":819,""mem_b"":206955909,""priority"":""4"",""node"":""kwok-node-29""},{""name"":""rs-30-p3-hbv7b"",""cpu_m"":268,""mem_b"":843162862,""priority"":""3"",""node"":""kwok-node-11""},{""name"":""rs-30-p3-rvdq4"",""cpu_m"":268,""mem_b"":843162862,""priority"":""3"",""node"":""kwok-node-13""},{""name"":""rs-30-p3-z9gwx"",""cpu_m"":268,""mem_b"":843162862,""priority"":""3"",""node"":""kwok-node-14""},{""name"":""rs-31-p2-dsnn8"",""cpu_m"":864,""mem_b"":248649085,""priority"":""2"",""node"":""kwok-node-8""},{""name"":""rs-31-p2-pbnms"",""cpu_m"":864,""mem_b"":248649085,""priority"":""2"",""node"":""kwok-node-1""},{""name"":""rs-31-p2-pd6x2"",""cpu_m"":864,""mem_b"":248649085,""priority"":""2"",""node"":""kwok-node-10""},{""name"":""rs-32-p4-f4wnw"",""cpu_m"":714,""mem_b"":441726783,""priority"":""4"",""node"":""kwok-node-15""},{""name"":""rs-33-p4-2vsl8"",""cpu_m"":362,""mem_b"":808981680,""priority"":""4"",""node"":""kwok-node-23""},{""name"":""rs-33-p4-77vlb"",""cpu_m"":362,""mem_b"":808981680,""priority"":""4"",""node"":""kwok-node-24""},{""name"":""rs-34-p3-6dfgz"",""cpu_m"":921,""mem_b"":183881678,""priority"":""3"",""node"":""kwok-node-22""},{""name"":""rs-34-p3-pjtgc"",""cpu_m"":921,""mem_b"":183881678,""priority"":""3"",""node"":""kwok-node-9""},{""name"":""rs-34-p3-zmxk4"",""cpu_m"":921,""mem_b"":183881678,""priority"":""3"",""node"":""kwok-node-21""},{""name"":""rs-35-p3-7xbm9"",""cpu_m"":349,""mem_b"":788452480,""priority"":""3"",""node"":""kwok-node-5""},{""name"":""rs-35-p3-bwzpz"",""cpu_m"":349,""mem_b"":788452480,""priority"":""3"",""node"":""kwok-node-30""},{""name"":""rs-35-p3-qkjqz"",""cpu_m"":349,""mem_b"":788452480,""priority"":""3"",""node"":""kwok-node-32""},{""name"":""rs-36-p3-6tr8n"",""cpu_m"":279,""mem_b"":512619345,""priority"":""3"",""node"":""kwok-node-7""},{""name"":""rs-36-p3-7hqrd"",""cpu_m"":279,""mem_b"":512619345,""priority"":""3"",""node"":""kwok-node-26""},{""name"":""rs-36-p3-m8dmj"",""cpu_m"":279,""mem_b"":512619345,""priority"":""3"",""node"":""kwok-node-25""},{""name"":""rs-36-p3-vxmrp"",""cpu_m"":279,""mem_b"":512619345,""priority"":""3"",""node"":""kwok-node-28""},{""name"":""rs-37-p4-98txb"",""cpu_m"":341,""mem_b"":913160408,""priority"":""4"",""node"":""kwok-node-28""},{""name"":""rs-37-p4-h8sg4"",""cpu_m"":341,""mem_b"":913160408,""priority"":""4"",""node"":""kwok-node-8""},{""name"":""rs-37-p4-qf44m"",""cpu_m"":341,""mem_b"":913160408,""priority"":""4"",""node"":""kwok-node-15""},{""name"":""rs-38-p1-m788x"",""cpu_m"":609,""mem_b"":273315657,""priority"":""1"",""node"":""""},{""name"":""rs-38-p1-qgmq7"",""cpu_m"":609,""mem_b"":273315657,""priority"":""1"",""node"":""kwok-node-31""},{""name"":""rs-39-p2-6bzhk"",""cpu_m"":839,""mem_b"":646158149,""priority"":""2"",""node"":""kwok-node-13""},{""name"":""rs-39-p2-zqkw6"",""cpu_m"":839,""mem_b"":646158149,""priority"":""2"",""node"":""kwok-node-14""},{""name"":""rs-40-p1-ndq2l"",""cpu_m"":612,""mem_b"":616825038,""priority"":""1"",""node"":""kwok-node-24""},{""name"":""rs-40-p1-zpkr7"",""cpu_m"":612,""mem_b"":616825038,""priority"":""1"",""node"":""""},{""name"":""rs-41-p1-9mcmj"",""cpu_m"":953,""mem_b"":114931988,""priority"":""1"",""node"":""kwok-node-4""},{""name"":""rs-41-p1-k4m5r"",""cpu_m"":953,""mem_b"":114931988,""priority"":""1"",""node"":""kwok-node-6""},{""name"":""rs-41-p1-mmdqm"",""cpu_m"":953,""mem_b"":114931988,""priority"":""1"",""node"":""kwok-node-20""},{""name"":""rs-42-p3-2qmsz"",""cpu_m"":845,""mem_b"":692363692,""priority"":""3"",""node"":""kwok-node-27""},{""name"":""rs-42-p3-4hz4x"",""cpu_m"":845,""mem_b"":692363692,""priority"":""3"",""node"":""kwok-node-5""},{""name"":""rs-42-p3-7fcdz"",""cpu_m"":845,""mem_b"":692363692,""priority"":""3"",""node"":""kwok-node-11""},{""name"":""rs-42-p3-j9v5s"",""cpu_m"":845,""mem_b"":692363692,""priority"":""3"",""node"":""kwok-node-15""},{""name"":""rs-43-p4-6xd76"",""cpu_m"":498,""mem_b"":748944026,""priority"":""4"",""node"":""kwok-node-31""},{""name"":""rs-43-p4-j827n"",""cpu_m"":498,""mem_b"":748944026,""priority"":""4"",""node"":""kwok-node-10""},{""name"":""rs-44-p3-xbm47"",""cpu_m"":691,""mem_b"":187832585,""priority"":""3"",""node"":""kwok-node-18""},{""name"":""rs-45-p1-4dxb8"",""cpu_m"":265,""mem_b"":417816511,""priority"":""1"",""node"":""""},{""name"":""rs-45-p1-c4cg2"",""cpu_m"":265,""mem_b"":417816511,""priority"":""1"",""node"":""kwok-node-19""},{""name"":""rs-45-p1-sqbr5"",""cpu_m"":265,""mem_b"":417816511,""priority"":""1"",""node"":""kwok-node-12""},{""name"":""rs-45-p1-wjbxq"",""cpu_m"":265,""mem_b"":417816511,""priority"":""1"",""node"":""kwok-node-10""},{""name"":""rs-46-p3-jzjsc"",""cpu_m"":197,""mem_b"":622062341,""priority"":""3"",""node"":""kwok-node-29""},{""name"":""rs-46-p3-njxw2"",""cpu_m"":197,""mem_b"":622062341,""priority"":""3"",""node"":""kwok-node-10""},{""name"":""rs-46-p3-r8wr4"",""cpu_m"":197,""mem_b"":622062341,""priority"":""3"",""node"":""kwok-node-16""},{""name"":""rs-46-p3-rwlqt"",""cpu_m"":197,""mem_b"":622062341,""priority"":""3"",""node"":""kwok-node-1""},{""name"":""rs-47-p2-2q74c"",""cpu_m"":215,""mem_b"":987046633,""priority"":""2"",""node"":""kwok-node-6""},{""name"":""rs-47-p2-d59h5"",""cpu_m"":215,""mem_b"":987046633,""priority"":""2"",""node"":""kwok-node-4""},{""name"":""rs-47-p2-nb9sh"",""cpu_m"":215,""mem_b"":987046633,""priority"":""2"",""node"":""kwok-node-2""},{""name"":""rs-48-p4-9dmmm"",""cpu_m"":194,""mem_b"":176699980,""priority"":""4"",""node"":""kwok-node-23""},{""name"":""rs-48-p4-msszz"",""cpu_m"":194,""mem_b"":176699980,""priority"":""4"",""node"":""kwok-node-17""},{""name"":""rs-49-p2-9sctz"",""cpu_m"":375,""mem_b"":127942457,""priority"":""2"",""node"":""kwok-node-23""},{""name"":""rs-49-p2-pjl9c"",""cpu_m"":375,""mem_b"":127942457,""priority"":""2"",""node"":""kwok-node-17""},{""name"":""rs-49-p2-ppbh8"",""cpu_m"":375,""mem_b"":127942457,""priority"":""2"",""node"":""kwok-node-2""},{""name"":""rs-50-p4-72v8w"",""cpu_m"":137,""mem_b"":969736998,""priority"":""4"",""node"":""kwok-node-21""},{""name"":""rs-50-p4-jw5ll"",""cpu_m"":137,""mem_b"":969736998,""priority"":""4"",""node"":""kwok-node-22""},{""name"":""rs-50-p4-lpt8w"",""cpu_m"":137,""mem_b"":969736998,""priority"":""4"",""node"":""kwok-node-3""},{""name"":""rs-51-p2-d6hlb"",""cpu_m"":764,""mem_b"":290738475,""priority"":""2"",""node"":""kwok-node-3""},{""name"":""rs-51-p2-vqnwz"",""cpu_m"":764,""mem_b"":290738475,""priority"":""2"",""node"":""kwok-node-27""},{""name"":""rs-52-p2-lm9pc"",""cpu_m"":866,""mem_b"":253574305,""priority"":""2"",""node"":""kwok-node-7""},{""name"":""rs-52-p2-qdsp4"",""cpu_m"":866,""mem_b"":253574305,""priority"":""2"",""node"":""kwok-node-5""},{""name"":""rs-53-p2-ck5m5"",""cpu_m"":109,""mem_b"":940966925,""priority"":""2"",""node"":""kwok-node-20""},{""name"":""rs-53-p2-k42m4"",""cpu_m"":109,""mem_b"":940966925,""priority"":""2"",""node"":""kwok-node-7""}]","[{""name"":""rs-01-p1-9v88b"",""cpu_m"":927,""mem_b"":645530087,""priority"":""1"",""node"":""kwok-node-10""},{""name"":""rs-01-p1-kxcnk"",""cpu_m"":927,""mem_b"":645530087,""priority"":""1"",""node"":""kwok-node-15""},{""name"":""rs-02-p2-5cv7r"",""cpu_m"":961,""mem_b"":333350944,""priority"":""2"",""node"":""kwok-node-13""},{""name"":""rs-02-p2-kxqxm"",""cpu_m"":961,""mem_b"":333350944,""priority"":""2"",""node"":""kwok-node-14""},{""name"":""rs-02-p2-q5bbx"",""cpu_m"":961,""mem_b"":333350944,""priority"":""2"",""node"":""kwok-node-11""},{""name"":""rs-03-p3-jlb4f"",""cpu_m"":377,""mem_b"":914875764,""priority"":""3"",""node"":""kwok-node-17""},{""name"":""rs-03-p3-kgtfb"",""cpu_m"":377,""mem_b"":914875764,""priority"":""3"",""node"":""kwok-node-18""},{""name"":""rs-04-p4-gv54l"",""cpu_m"":762,""mem_b"":736455383,""priority"":""4"",""node"":""kwok-node-16""},{""name"":""rs-04-p4-lfz2r"",""cpu_m"":762,""mem_b"":736455383,""priority"":""4"",""node"":""kwok-node-19""},{""name"":""rs-04-p4-prk8p"",""cpu_m"":762,""mem_b"":736455383,""priority"":""4"",""node"":""kwok-node-20""},{""name"":""rs-05-p2-mpcbk"",""cpu_m"":314,""mem_b"":255018614,""priority"":""2"",""node"":""kwok-node-1""},{""name"":""rs-06-p3-m5ztk"",""cpu_m"":997,""mem_b"":903612779,""priority"":""3"",""node"":""kwok-node-21""},{""name"":""rs-07-p1-gc8p5"",""cpu_m"":212,""mem_b"":507681831,""priority"":""1"",""node"":""kwok-node-12""},{""name"":""rs-07-p1-jt2bv"",""cpu_m"":212,""mem_b"":507681831,""priority"":""1"",""node"":""kwok-node-23""},{""name"":""rs-07-p1-smmt7"",""cpu_m"":212,""mem_b"":507681831,""priority"":""1"",""node"":""kwok-node-22""},{""name"":""rs-07-p1-z2v4x"",""cpu_m"":212,""mem_b"":507681831,""priority"":""1"",""node"":""kwok-node-2""},{""name"":""rs-08-p2-894xs"",""cpu_m"":896,""mem_b"":383813018,""priority"":""2"",""node"":""kwok-node-25""},{""name"":""rs-08-p2-f964d"",""cpu_m"":896,""mem_b"":383813018,""priority"":""2"",""node"":""kwok-node-24""},{""name"":""rs-08-p2-qbdhh"",""cpu_m"":896,""mem_b"":383813018,""priority"":""2"",""node"":""kwok-node-26""},{""name"":""rs-09-p1-dggrh"",""cpu_m"":703,""mem_b"":330355040,""priority"":""1"",""node"":""kwok-node-30""},{""name"":""rs-09-p1-rdh89"",""cpu_m"":703,""mem_b"":330355040,""priority"":""1"",""node"":""kwok-node-27""},{""name"":""rs-10-p4-4fnns"",""cpu_m"":445,""mem_b"":635848852,""priority"":""4"",""node"":""kwok-node-3""},{""name"":""rs-10-p4-9wsgz"",""cpu_m"":445,""mem_b"":635848852,""priority"":""4"",""node"":""kwok-node-29""},{""name"":""rs-10-p4-jvtb9"",""cpu_m"":445,""mem_b"":635848852,""priority"":""4"",""node"":""kwok-node-28""},{""name"":""rs-11-p3-h74zn"",""cpu_m"":774,""mem_b"":158304660,""priority"":""3"",""node"":""kwok-node-23""},{""name"":""rs-11-p3-p7f7t"",""cpu_m"":774,""mem_b"":158304660,""priority"":""3"",""node"":""kwok-node-22""},{""name"":""rs-12-p2-4pz4r"",""cpu_m"":545,""mem_b"":730038236,""priority"":""2"",""node"":""kwok-node-30""},{""name"":""rs-12-p2-hfdcj"",""cpu_m"":545,""mem_b"":730038236,""priority"":""2"",""node"":""kwok-node-1""},{""name"":""rs-12-p2-szgg2"",""cpu_m"":545,""mem_b"":730038236,""priority"":""2"",""node"":""kwok-node-2""},{""name"":""rs-13-p1-54mfx"",""cpu_m"":678,""mem_b"":400404341,""priority"":""1"",""node"":""kwok-node-6""},{""name"":""rs-13-p1-7dvbf"",""cpu_m"":678,""mem_b"":400404341,""priority"":""1"",""node"":""kwok-node-31""},{""name"":""rs-13-p1-gxrgx"",""cpu_m"":678,""mem_b"":400404341,""priority"":""1"",""node"":""kwok-node-4""},{""name"":""rs-13-p1-jdxz2"",""cpu_m"":678,""mem_b"":400404341,""priority"":""1"",""node"":""kwok-node-5""},{""name"":""rs-14-p4-7zlkq"",""cpu_m"":191,""mem_b"":892227555,""priority"":""4"",""node"":""kwok-node-8""},{""name"":""rs-14-p4-9lg6k"",""cpu_m"":191,""mem_b"":892227555,""priority"":""4"",""node"":""kwok-node-9""},{""name"":""rs-14-p4-hz47w"",""cpu_m"":191,""mem_b"":892227555,""priority"":""4"",""node"":""kwok-node-32""},{""name"":""rs-15-p4-f6xn2"",""cpu_m"":450,""mem_b"":351393957,""priority"":""4"",""node"":""kwok-node-12""},{""name"":""rs-15-p4-v27b2"",""cpu_m"":450,""mem_b"":351393957,""priority"":""4"",""node"":""kwok-node-7""},{""name"":""rs-16-p1-mb9d7"",""cpu_m"":924,""mem_b"":516361985,""priority"":""1"",""node"":""kwok-node-28""},{""name"":""rs-16-p1-w856m"",""cpu_m"":924,""mem_b"":516361985,""priority"":""1"",""node"":""kwok-node-3""},{""name"":""rs-17-p2-cgmxf"",""cpu_m"":444,""mem_b"":885994201,""priority"":""2"",""node"":""kwok-node-27""},{""name"":""rs-18-p1-vfdkt"",""cpu_m"":218,""mem_b"":147160568,""priority"":""1"",""node"":""kwok-node-7""},{""name"":""rs-19-p3-n9hdd"",""cpu_m"":260,""mem_b"":186082064,""priority"":""3"",""node"":""kwok-node-29""},{""name"":""rs-20-p1-86z64"",""cpu_m"":714,""mem_b"":377872197,""priority"":""1"",""node"":""kwok-node-8""},{""name"":""rs-21-p1-6kpck"",""cpu_m"":646,""mem_b"":652805100,""priority"":""1"",""node"":""kwok-node-7""},{""name"":""rs-21-p1-bdrfn"",""cpu_m"":646,""mem_b"":652805100,""priority"":""1"",""node"":""kwok-node-5""},{""name"":""rs-22-p2-6dpbj"",""cpu_m"":827,""mem_b"":229383531,""priority"":""2"",""node"":""kwok-node-9""},{""name"":""rs-22-p2-bphqq"",""cpu_m"":827,""mem_b"":229383531,""priority"":""2"",""node"":""kwok-node-32""},{""name"":""rs-23-p3-424vz"",""cpu_m"":845,""mem_b"":959788972,""priority"":""3"",""node"":""kwok-node-31""},{""name"":""rs-23-p3-lqq8v"",""cpu_m"":845,""mem_b"":959788972,""priority"":""3"",""node"":""kwok-node-4""},{""name"":""rs-23-p3-ppgfq"",""cpu_m"":845,""mem_b"":959788972,""priority"":""3"",""node"":""kwok-node-6""},{""name"":""rs-24-p3-lgp9z"",""cpu_m"":678,""mem_b"":692436635,""priority"":""3"",""node"":""kwok-node-19""},{""name"":""rs-24-p3-q5z6b"",""cpu_m"":678,""mem_b"":692436635,""priority"":""3"",""node"":""kwok-node-16""},{""name"":""rs-25-p4-fqf8g"",""cpu_m"":115,""mem_b"":146619220,""priority"":""4"",""node"":""kwok-node-29""},{""name"":""rs-25-p4-k6bjk"",""cpu_m"":115,""mem_b"":146619220,""priority"":""4"",""node"":""kwok-node-12""},{""name"":""rs-25-p4-mz2kr"",""cpu_m"":115,""mem_b"":146619220,""priority"":""4"",""node"":""kwok-node-24""},{""name"":""rs-25-p4-x9d9r"",""cpu_m"":115,""mem_b"":146619220,""priority"":""4"",""node"":""kwok-node-20""},{""name"":""rs-26-p3-9ft8m"",""cpu_m"":926,""mem_b"":632343606,""priority"":""3"",""node"":""kwok-node-17""},{""name"":""rs-26-p3-c9x4b"",""cpu_m"":926,""mem_b"":632343606,""priority"":""3"",""node"":""kwok-node-18""},{""name"":""rs-26-p3-qctbj"",""cpu_m"":926,""mem_b"":632343606,""priority"":""3"",""node"":""kwok-node-12""},{""name"":""rs-27-p4-6tntz"",""cpu_m"":480,""mem_b"":759389357,""priority"":""4"",""node"":""kwok-node-26""},{""name"":""rs-27-p4-vbvmn"",""cpu_m"":480,""mem_b"":759389357,""priority"":""4"",""node"":""kwok-node-25""},{""name"":""rs-28-p1-dvslk"",""cpu_m"":876,""mem_b"":850796142,""priority"":""1"",""node"":""kwok-node-20""},{""name"":""rs-29-p4-2bgh6"",""cpu_m"":819,""mem_b"":206955909,""priority"":""4"",""node"":""kwok-node-2""},{""name"":""rs-29-p4-5cxgw"",""cpu_m"":819,""mem_b"":206955909,""priority"":""4"",""node"":""kwok-node-29""},{""name"":""rs-30-p3-hbv7b"",""cpu_m"":268,""mem_b"":843162862,""priority"":""3"",""node"":""kwok-node-11""},{""name"":""rs-30-p3-rvdq4"",""cpu_m"":268,""mem_b"":843162862,""priority"":""3"",""node"":""kwok-node-13""},{""name"":""rs-30-p3-z9gwx"",""cpu_m"":268,""mem_b"":843162862,""priority"":""3"",""node"":""kwok-node-14""},{""name"":""rs-31-p2-dsnn8"",""cpu_m"":864,""mem_b"":248649085,""priority"":""2"",""node"":""kwok-node-8""},{""name"":""rs-31-p2-pbnms"",""cpu_m"":864,""mem_b"":248649085,""priority"":""2"",""node"":""kwok-node-1""},{""name"":""rs-31-p2-pd6x2"",""cpu_m"":864,""mem_b"":248649085,""priority"":""2"",""node"":""kwok-node-10""},{""name"":""rs-32-p4-f4wnw"",""cpu_m"":714,""mem_b"":441726783,""priority"":""4"",""node"":""kwok-node-15""},{""name"":""rs-33-p4-2vsl8"",""cpu_m"":362,""mem_b"":808981680,""priority"":""4"",""node"":""kwok-node-23""},{""name"":""rs-33-p4-77vlb"",""cpu_m"":362,""mem_b"":808981680,""priority"":""4"",""node"":""kwok-node-24""},{""name"":""rs-34-p3-6dfgz"",""cpu_m"":921,""mem_b"":183881678,""priority"":""3"",""node"":""kwok-node-22""},{""name"":""rs-34-p3-pjtgc"",""cpu_m"":921,""mem_b"":183881678,""priority"":""3"",""node"":""kwok-node-9""},{""name"":""rs-34-p3-zmxk4"",""cpu_m"":921,""mem_b"":183881678,""priority"":""3"",""node"":""kwok-node-21""},{""name"":""rs-35-p3-7xbm9"",""cpu_m"":349,""mem_b"":788452480,""priority"":""3"",""node"":""kwok-node-5""},{""name"":""rs-35-p3-bwzpz"",""cpu_m"":349,""mem_b"":788452480,""priority"":""3"",""node"":""kwok-node-30""},{""name"":""rs-35-p3-qkjqz"",""cpu_m"":349,""mem_b"":788452480,""priority"":""3"",""node"":""kwok-node-32""},{""name"":""rs-36-p3-6tr8n"",""cpu_m"":279,""mem_b"":512619345,""priority"":""3"",""node"":""kwok-node-7""},{""name"":""rs-36-p3-7hqrd"",""cpu_m"":279,""mem_b"":512619345,""priority"":""3"",""node"":""kwok-node-26""},{""name"":""rs-36-p3-m8dmj"",""cpu_m"":279,""mem_b"":512619345,""priority"":""3"",""node"":""kwok-node-25""},{""name"":""rs-36-p3-vxmrp"",""cpu_m"":279,""mem_b"":512619345,""priority"":""3"",""node"":""kwok-node-28""},{""name"":""rs-37-p4-98txb"",""cpu_m"":341,""mem_b"":913160408,""priority"":""4"",""node"":""""},{""name"":""rs-37-p4-h8sg4"",""cpu_m"":341,""mem_b"":913160408,""priority"":""4"",""node"":""""},{""name"":""rs-37-p4-qf44m"",""cpu_m"":341,""mem_b"":913160408,""priority"":""4"",""node"":""kwok-node-15""},{""name"":""rs-38-p1-mcspf"",""cpu_m"":609,""mem_b"":273315657,""priority"":""1"",""node"":""kwok-node-11""},{""name"":""rs-38-p1-ntkgj"",""cpu_m"":609,""mem_b"":273315657,""priority"":""1"",""node"":""kwok-node-27""},{""name"":""rs-39-p2-6bzhk"",""cpu_m"":839,""mem_b"":646158149,""priority"":""2"",""node"":""kwok-node-13""},{""name"":""rs-39-p2-zqkw6"",""cpu_m"":839,""mem_b"":646158149,""priority"":""2"",""node"":""kwok-node-14""},{""name"":""rs-40-p1-gzm65"",""cpu_m"":612,""mem_b"":616825038,""priority"":""1"",""node"":""kwok-node-3""},{""name"":""rs-40-p1-ndq2l"",""cpu_m"":612,""mem_b"":616825038,""priority"":""1"",""node"":""kwok-node-24""},{""name"":""rs-41-p1-9mcmj"",""cpu_m"":953,""mem_b"":114931988,""priority"":""1"",""node"":""""},{""name"":""rs-41-p1-k4m5r"",""cpu_m"":953,""mem_b"":114931988,""priority"":""1"",""node"":""""},{""name"":""rs-41-p1-mmdqm"",""cpu_m"":953,""mem_b"":114931988,""priority"":""1"",""node"":""""},{""name"":""rs-42-p3-2qmsz"",""cpu_m"":845,""mem_b"":692363692,""priority"":""3"",""node"":""""},{""name"":""rs-42-p3-4hz4x"",""cpu_m"":845,""mem_b"":692363692,""priority"":""3"",""node"":""""},{""name"":""rs-42-p3-7fcdz"",""cpu_m"":845,""mem_b"":692363692,""priority"":""3"",""node"":""""},{""name"":""rs-42-p3-j9v5s"",""cpu_m"":845,""mem_b"":692363692,""priority"":""3"",""node"":""""},{""name"":""rs-43-p4-6xd76"",""cpu_m"":498,""mem_b"":748944026,""priority"":""4"",""node"":""""},{""name"":""rs-43-p4-j827n"",""cpu_m"":498,""mem_b"":748944026,""priority"":""4"",""node"":""""},{""name"":""rs-44-p3-xbm47"",""cpu_m"":691,""mem_b"":187832585,""priority"":""3"",""node"":""kwok-node-18""},{""name"":""rs-45-p1-c4cg2"",""cpu_m"":265,""mem_b"":417816511,""priority"":""1"",""node"":""kwok-node-19""},{""name"":""rs-45-p1-ghtng"",""cpu_m"":265,""mem_b"":417816511,""priority"":""1"",""node"":""kwok-node-6""},{""name"":""rs-45-p1-nbdlm"",""cpu_m"":265,""mem_b"":417816511,""priority"":""1"",""node"":""kwok-node-4""},{""name"":""rs-45-p1-v2xpg"",""cpu_m"":265,""mem_b"":417816511,""priority"":""1"",""node"":""kwok-node-31""},{""name"":""rs-46-p3-jzjsc"",""cpu_m"":197,""mem_b"":622062341,""priority"":""3"",""node"":""kwok-node-29""},{""name"":""rs-46-p3-njxw2"",""cpu_m"":197,""mem_b"":622062341,""priority"":""3"",""node"":""kwok-node-10""},{""name"":""rs-46-p3-r8wr4"",""cpu_m"":197,""mem_b"":622062341,""priority"":""3"",""node"":""kwok-node-16""},{""name"":""rs-46-p3-rwlqt"",""cpu_m"":197,""mem_b"":622062341,""priority"":""3"",""node"":""kwok-node-1""},{""name"":""rs-47-p2-2q74c"",""cpu_m"":215,""mem_b"":987046633,""priority"":""2"",""node"":""""},{""name"":""rs-47-p2-d59h5"",""cpu_m"":215,""mem_b"":987046633,""priority"":""2"",""node"":""""},{""name"":""rs-47-p2-nb9sh"",""cpu_m"":215,""mem_b"":987046633,""priority"":""2"",""node"":""""},{""name"":""rs-48-p4-9dmmm"",""cpu_m"":194,""mem_b"":176699980,""priority"":""4"",""node"":""kwok-node-23""},{""name"":""rs-48-p4-msszz"",""cpu_m"":194,""mem_b"":176699980,""priority"":""4"",""node"":""kwok-node-17""},{""name"":""rs-49-p2-9sctz"",""cpu_m"":375,""mem_b"":127942457,""priority"":""2"",""node"":""kwok-node-23""},{""name"":""rs-49-p2-pjl9c"",""cpu_m"":375,""mem_b"":127942457,""priority"":""2"",""node"":""kwok-node-17""},{""name"":""rs-49-p2-ppbh8"",""cpu_m"":375,""mem_b"":127942457,""priority"":""2"",""node"":""kwok-node-2""},{""name"":""rs-50-p4-72v8w"",""cpu_m"":137,""mem_b"":969736998,""priority"":""4"",""node"":""kwok-node-21""},{""name"":""rs-50-p4-jw5ll"",""cpu_m"":137,""mem_b"":969736998,""priority"":""4"",""node"":""kwok-node-22""},{""name"":""rs-50-p4-lpt8w"",""cpu_m"":137,""mem_b"":969736998,""priority"":""4"",""node"":""""},{""name"":""rs-51-p2-d6hlb"",""cpu_m"":764,""mem_b"":290738475,""priority"":""2"",""node"":""""},{""name"":""rs-51-p2-vqnwz"",""cpu_m"":764,""mem_b"":290738475,""priority"":""2"",""node"":""""},{""name"":""rs-52-p2-lm9pc"",""cpu_m"":866,""mem_b"":253574305,""priority"":""2"",""node"":""""},{""name"":""rs-52-p2-qdsp4"",""cpu_m"":866,""mem_b"":253574305,""priority"":""2"",""node"":""""},{""name"":""rs-53-p2-ck5m5"",""cpu_m"":109,""mem_b"":940966925,""priority"":""2"",""node"":""""},{""name"":""rs-53-p2-k42m4"",""cpu_m"":109,""mem_b"":940966925,""priority"":""2"",""node"":""""}]","[{""name"":""kwok-node-1"",""cap_cpu_m"":2098,""cap_mem_bytes"":2062644377},{""name"":""kwok-node-2"",""cap_cpu_m"":2098,""cap_mem_bytes"":2062644377},{""name"":""kwok-node-3"",""cap_cpu_m"":2098,""cap_mem_bytes"":2062644377},{""name"":""kwok-node-4"",""cap_cpu_m"":2098,""cap_mem_bytes"":2062644377},{""name"":""kwok-node-5"",""cap_cpu_m"":2098,""cap_mem_bytes"":2062644377},{""name"":""kwok-node-6"",""cap_cpu_m"":2098,""cap_mem_bytes"":2062644377},{""name"":""kwok-node-7"",""cap_cpu_m"":2098,""cap_mem_bytes"":2062644377},{""name"":""kwok-node-8"",""cap_cpu_m"":2098,""cap_mem_bytes"":2062644377},{""name"":""kwok-node-9"",""cap_cpu_m"":2098,""cap_mem_bytes"":2062644377},{""name"":""kwok-node-10"",""cap_cpu_m"":2098,""cap_mem_bytes"":2062644377},{""name"":""kwok-node-11"",""cap_cpu_m"":2098,""cap_mem_bytes"":2062644377},{""name"":""kwok-node-12"",""cap_cpu_m"":2098,""cap_mem_bytes"":2062644377},{""name"":""kwok-node-13"",""cap_cpu_m"":2098,""cap_mem_bytes"":2062644377},{""name"":""kwok-node-14"",""cap_cpu_m"":2098,""cap_mem_bytes"":2062644377},{""name"":""kwok-node-15"",""cap_cpu_m"":2098,""cap_mem_bytes"":2062644377},{""name"":""kwok-node-16"",""cap_cpu_m"":2098,""cap_mem_bytes"":2062644377},{""name"":""kwok-node-17"",""cap_cpu_m"":2098,""cap_mem_bytes"":2062644377},{""name"":""kwok-node-18"",""cap_cpu_m"":2098,""cap_mem_bytes"":2062644377},{""name"":""kwok-node-19"",""cap_cpu_m"":2098,""cap_mem_bytes"":2062644377},{""name"":""kwok-node-20"",""cap_cpu_m"":2098,""cap_mem_bytes"":2062644377},{""name"":""kwok-node-21"",""cap_cpu_m"":2098,""cap_mem_bytes"":2062644377},{""name"":""kwok-node-22"",""cap_cpu_m"":2098,""cap_mem_bytes"":2062644377},{""name"":""kwok-node-23"",""cap_cpu_m"":2098,""cap_mem_bytes"":2062644377},{""name"":""kwok-node-24"",""cap_cpu_m"":2098,""cap_mem_bytes"":2062644377},{""name"":""kwok-node-25"",""cap_cpu_m"":2098,""cap_mem_bytes"":2062644377},{""name"":""kwok-node-26"",""cap_cpu_m"":2098,""cap_mem_bytes"":2062644377},{""name"":""kwok-node-27"",""cap_cpu_m"":2098,""cap_mem_bytes"":2062644377},{""name"":""kwok-node-28"",""cap_cpu_m"":2098,""cap_mem_bytes"":2062644377},{""name"":""kwok-node-29"",""cap_cpu_m"":2098,""cap_mem_bytes"":2062644377},{""name"":""kwok-node-30"",""cap_cpu_m"":2098,""cap_mem_bytes"":2062644377},{""name"":""kwok-node-31"",""cap_cpu_m"":2098,""cap_mem_bytes"":2062644377},{""name"":""kwok-node-32"",""cap_cpu_m"":2098,""cap_mem_bytes"":2062644377}]"
2026/02/11/12:13:56,2057909903460133994,,"{""evicted"":0,""moved"":0,""placed_by_priority"":{""1"":20,""2"":46,""3"":23,""4"":20}}",python,"{""evicted"":15,""moved"":35,""placed_by_priority"":{""1"":5,""2"":57,""3"":25,""4"":24}}",996,FEASIBLE,"[{""duration_ms"":996,""name"":""python"",""score"":{""evicted"":15,""moved"":35,""placed_by_priority"":{""1"":5,""2"":57,""3"":25,""4"":24}},""status"":""FEASIBLE""}]",0.917,0.847,0.908,0.850,59587,55070,60125635727,56275963486,113,109,15,19,"{""kwok-node-1"":3,""kwok-node-10"":4,""kwok-node-11"":5,""kwok-node-12"":3,""kwok-node-13"":3,""kwok-node-14"":4,""kwok-node-15"":5,""kwok-node-16"":4,""kwok-node-17"":3,""kwok-node-18"":3,""kwok-node-19"":3,""kwok-node-2"":4,""kwok-node-20"":4,""kwok-node-21"":4,""kwok-node-22"":4,""kwok-node-23"":4,""kwok-node-24"":3,""kwok-node-25"":5,""kwok-node-26"":3,""kwok-node-27"":4,""kwok-node-28"":3,""kwok-node-29"":3,""kwok-node-3"":3,""kwok-node-30"":4,""kwok-node-31"":4,""kwok-node-32"":3,""kwok-node-4"":3,""kwok-node-5"":3,""kwok-node-6"":3,""kwok-node-7"":3,""kwok-node-8"":3,""kwok-node-9"":3}","{""kwok-node-1"":4,""kwok-node-10"":4,""kwok-node-11"":3,""kwok-node-12"":3,""kwok-node-13"":4,""kwok-node-14"":3,""kwok-node-15"":5,""kwok-node-16"":3,""kwok-node-17"":3,""kwok-node-18"":3,""kwok-node-19"":3,""kwok-node-2"":4,""kwok-node-20"":3,""kwok-node-21"":4,""kwok-node-22"":4,""kwok-node-23"":4,""kwok-node-24"":3,""kwok-node-25"":4,""kwok-node-26"":3,""kwok-node-27"":4,""kwok-node-28"":3,""kwok-node-29"":3,""kwok-node-3"":3,""kwok-node-30"":3,""kwok-node-31"":3,""kwok-node-32"":3,""kwok-node-4"":4,""kwok-node-5"":3,""kwok-node-6"":3,""kwok-node-7"":4,""kwok-node-8"":3,""kwok-node-9"":3}","{""p1"":13,""p2"":51,""p3"":25,""p4"":24}","{""p1"":20,""p2"":46,""p3"":23,""p4"":20}","{""p1"":9,""p2"":6}","{""p1"":2,""p2"":11,""p3"":2,""p4"":4}","{rs-15-p2-zm9v6,rs-16-p2-tq87m,rs-25-p1-5bnv4,rs-25-p1-b84tg,rs-26-p2-8vrkk,rs-27-p2-5s8cj,rs-27-p2-sxbpj,rs-30-p1-7fj9p,rs-30-p1-fdqk5,rs-30-p1-zvwj7,rs-31-p1-ttd8w,rs-33-p1-gvlf6,rs-33-p1-m2xwf,rs-36-p2-rl8kl,rs-47-p1-82fs5}","{rs-32-p2-7q9hn,rs-32-p2-hwdbt,rs-32-p2-vfqbk,rs-37-p1-lrbmh,rs-37-p1-shglj,rs-38-p3-9fx4h,rs-38-p3-vdrmf,rs-40-p2-cq2h7,rs-40-p2-k929q,rs-40-p2-stbf8,rs-40-p2-xwwlk,rs-41-p4-gnvgk,rs-44-p4-fcrkm,rs-44-p4-kk7ks,rs-44-p4-pcv4q,rs-45-p2-2hzs9,rs-46-p2-q6hdn,rs-46-p2-qsnsk,rs-46-p2-z8nlr}","{rs-01-p1-nhpx4,rs-01-p1-r5qmw,rs-01-p1-w4vmx,rs-02-p3-8jg95,rs-02-p3-ccxzw,rs-02-p3-fdvb2,rs-03-p4-qqp5c,rs-03-p4-rdfwx,rs-04-p3-8rs5k,rs-05-p2-grhdz,rs-05-p2-lhjrh,rs-05-p2-n5q6z,rs-05-p2-zkvd5,rs-06-p3-427f7,rs-06-p3-6fjxn,rs-06-p3-6lc9q,rs-07-p2-98jhc,rs-07-p2-s2bzl,rs-08-p3-jbc48,rs-09-p2-4m4b8,rs-09-p2-58s7v,rs-09-p2-848r4,rs-09-p2-vczrt,rs-10-p3-6d4hf,rs-10-p3-fjpxx,rs-10-p3-fsmhd,rs-10-p3-k46pv,rs-11-p2-hsv7n,rs-11-p2-jpx94,rs-11-p2-qbrsm,rs-11-p2-tgzvj,rs-12-p4-vx69f,rs-12-p4-zcsgq,rs-13-p2-k4vxg,rs-13-p2-qh8kx,rs-13-p2-qz5hm,rs-13-p2-t8fnk,rs-14-p4-66dcn,rs-14-p4-ls46r,rs-15-p2-jrj52,rs-15-p2-psv4k,rs-15-p2-xz9gj,rs-16-p2-cc6wk,rs-16-p2-gf2k2,rs-16-p2-h6wrh,rs-17-p2-ljf8g,rs-17-p2-zxpxg,rs-18-p2-8sfz7,rs-19-p4-2g74k,rs-19-p4-97fkr,rs-19-p4-vh6rf,rs-19-p4-vzgbs,rs-20-p3-5m5gt,rs-20-p3-vlpt7,rs-21-p1-2zbm4,rs-21-p1-gpjt6,rs-21-p1-k6rxv,rs-22-p2-5sx5s,rs-22-p2-tw5sc,rs-22-p2-vvwbz,rs-23-p2-5w88b,rs-23-p2-dlh7q,rs-24-p1-w4mt8,rs-25-p1-t87c7,rs-26-p2-8lvl6,rs-26-p2-gz7lr,rs-26-p2-qgdhs,rs-27-p2-69kcf,rs-27-p2-7x4pq,rs-28-p4-744x6,rs-28-p4-dhzx7,rs-28-p4-pqxrr,rs-28-p4-sbs2s,rs-29-p4-czhpx,rs-29-p4-x7jbk,rs-31-p1-drs9s,rs-31-p1-k8jtj,rs-31-p1-xdsbv,rs-32-p2-7q9hn,rs-32-p2-hwdbt,rs-32-p2-vfqbk,rs-34-p3-7sdqq,rs-34-p3-sdr4k,rs-35-p4-ft4rl,rs-35-p4-msr9x,rs-35-p4-q4w86,rs-35-p4-wzrrj,rs-36-p2-2zk8t,rs-36-p2-4nwrc,rs-36-p2-dvqkg,rs-37-p1-lrbmh,rs-37-p1-shglj,rs-38-p3-9fx4h,rs-38-p3-vdrmf,rs-39-p3-g6d44,rs-39-p3-lbz7q,rs-40-p2-cq2h7,rs-40-p2-k929q,rs-40-p2-stbf8,rs-40-p2-xwwlk,rs-41-p4-gnvgk,rs-42-p3-pqztq,rs-43-p3-4d7mt,rs-43-p3-dngqg,rs-43-p3-kg4gg,rs-43-p3-xpq2t,rs-44-p4-fcrkm,rs-44-p4-kk7ks,rs-44-p4-pcv4q,rs-45-p2-2hzs9,rs-46-p2-q6hdn,rs-46-p2-qsnsk,rs-46-p2-z8nlr}","{rs-01-p1-4jq8w,rs-01-p1-gs967,rs-01-p1-qrms9,rs-02-p3-8jg95,rs-02-p3-ccxzw,rs-02-p3-fdvb2,rs-03-p4-qqp5c,rs-03-p4-rdfwx,rs-04-p3-8rs5k,rs-05-p2-kjmrl,rs-05-p2-n5q6z,rs-05-p2-xtztj,rs-05-p2-zkvd5,rs-06-p3-427f7,rs-06-p3-6fjxn,rs-06-p3-6lc9q,rs-07-p2-fnxv9,rs-07-p2-s2bzl,rs-08-p3-jbc48,rs-09-p2-58s7v,rs-09-p2-mn5d5,rs-09-p2-vczrt,rs-09-p2-znqmk,rs-10-p3-6d4hf,rs-10-p3-fjpxx,rs-10-p3-fsmhd,rs-10-p3-k46pv,rs-11-p2-bsfqw,rs-11-p2-jpx94,rs-11-p2-ngv9h,rs-11-p2-qbrsm,rs-12-p4-vx69f,rs-12-p4-zcsgq,rs-13-p2-k4vxg,rs-13-p2-qh8kx,rs-13-p2-qz5hm,rs-13-p2-t8fnk,rs-14-p4-66dcn,rs-14-p4-ls46r,rs-15-p2-hmcqx,rs-15-p2-mpgcl,rs-15-p2-n8624,rs-15-p2-xbx6s,rs-16-p2-khmch,rs-16-p2-ml74g,rs-16-p2-qq5sj,rs-16-p2-w6w6k,rs-17-p2-cxr7x,rs-17-p2-f4hg5,rs-18-p2-pmphc,rs-19-p4-2g74k,rs-19-p4-97fkr,rs-19-p4-vh6rf,rs-19-p4-vzgbs,rs-20-p3-5m5gt,rs-20-p3-vlpt7,rs-21-p1-drrdj,rs-21-p1-mlz49,rs-21-p1-s9knh,rs-22-p2-5sx5s,rs-22-p2-lxsmk,rs-22-p2-pws6b,rs-23-p2-dlh7q,rs-23-p2-twllv,rs-24-p1-xp8w4,rs-25-p1-jlmjc,rs-25-p1-kb625,rs-25-p1-l98v5,rs-26-p2-b8t82,rs-26-p2-nsn7z,rs-26-p2-qf75t,rs-26-p2-rf6pw,rs-27-p2-69kcf,rs-27-p2-dtckx,rs-27-p2-r6qg8,rs-27-p2-wktzb,rs-28-p4-744x6,rs-28-p4-dhzx7,rs-28-p4-pqxrr,rs-28-p4-sbs2s,rs-29-p4-czhpx,rs-29-p4-x7jbk,rs-30-p1-jldzx,rs-30-p1-jmwxs,rs-30-p1-sz5mt,rs-31-p1-6fjwv,rs-31-p1-pgbbz,rs-31-p1-r9lqr,rs-31-p1-vwdgj,rs-33-p1-f9kcx,rs-33-p1-ttg89,rs-34-p3-7sdqq,rs-34-p3-sdr4k,rs-35-p4-ft4rl,rs-35-p4-msr9x,rs-35-p4-q4w86,rs-35-p4-wzrrj,rs-36-p2-47ftb,rs-36-p2-4nwrc,rs-36-p2-dvqkg,rs-36-p2-jgv6k,rs-39-p3-g6d44,rs-39-p3-lbz7q,rs-42-p3-pqztq,rs-43-p3-4d7mt,rs-43-p3-dngqg,rs-43-p3-kg4gg,rs-43-p3-xpq2t,rs-47-p1-9tmw9}","[{""name"":""rs-01-p1-nhpx4"",""cpu_m"":373,""mem_b"":659082230,""priority"":""1"",""node"":""kwok-node-12""},{""name"":""rs-01-p1-r5qmw"",""cpu_m"":373,""mem_b"":659082230,""priority"":""1"",""node"":""kwok-node-21""},{""name"":""rs-01-p1-w4vmx"",""cpu_m"":373,""mem_b"":659082230,""priority"":""1"",""node"":""kwok-node-15""},{""name"":""rs-02-p3-8jg95"",""cpu_m"":203,""mem_b"":123969165,""priority"":""3"",""node"":""kwok-node-10""},{""name"":""rs-02-p3-ccxzw"",""cpu_m"":203,""mem_b"":123969165,""priority"":""3"",""node"":""kwok-node-2""},{""name"":""rs-02-p3-fdvb2"",""cpu_m"":203,""mem_b"":123969165,""priority"":""3"",""node"":""kwok-node-15""},{""name"":""rs-03-p4-qqp5c"",""cpu_m"":127,""mem_b"":954989906,""priority"":""4"",""node"":""kwok-node-16""},{""name"":""rs-03-p4-rdfwx"",""cpu_m"":127,""mem_b"":954989906,""priority"":""4"",""node"":""kwok-node-14""},{""name"":""rs-04-p3-8rs5k"",""cpu_m"":690,""mem_b"":887155224,""priority"":""3"",""node"":""kwok-node-12""},{""name"":""rs-05-p2-grhdz"",""cpu_m"":107,""mem_b"":489775228,""priority"":""2"",""node"":""kwok-node-17""},{""name"":""rs-05-p2-lhjrh"",""cpu_m"":107,""mem_b"":489775228,""priority"":""2"",""node"":""kwok-node-15""},{""name"":""rs-05-p2-n5q6z"",""cpu_m"":107,""mem_b"":489775228,""priority"":""2"",""node"":""kwok-node-11""},{""name"":""rs-05-p2-zkvd5"",""cpu_m"":107,""mem_b"":489775228,""priority"":""2"",""node"":""kwok-node-20""},{""name"":""rs-06-p3-427f7"",""cpu_m"":167,""mem_b"":299050893,""priority"":""3"",""node"":""kwok-node-23""},{""name"":""rs-06-p3-6fjxn"",""cpu_m"":167,""mem_b"":299050893,""priority"":""3"",""node"":""kwok-node-25""},{""name"":""rs-06-p3-6lc9q"",""cpu_m"":167,""mem_b"":299050893,""priority"":""3"",""node"":""kwok-node-22""},{""name"":""rs-07-p2-98jhc"",""cpu_m"":663,""mem_b"":363782387,""priority"":""2"",""node"":""kwok-node-19""},{""name"":""rs-07-p2-s2bzl"",""cpu_m"":663,""mem_b"":363782387,""priority"":""2"",""node"":""kwok-node-24""},{""name"":""rs-08-p3-jbc48"",""cpu_m"":970,""mem_b"":413194356,""priority"":""3"",""node"":""kwok-node-17""},{""name"":""rs-09-p2-4m4b8"",""cpu_m"":392,""mem_b"":919917254,""priority"":""2"",""node"":""kwok-node-19""},{""name"":""rs-09-p2-58s7v"",""cpu_m"":392,""mem_b"":919917254,""priority"":""2"",""node"":""kwok-node-26""},{""name"":""rs-09-p2-848r4"",""cpu_m"":392,""mem_b"":919917254,""priority"":""2"",""node"":""kwok-node-9""},{""name"":""rs-09-p2-vczrt"",""cpu_m"":392,""mem_b"":919917254,""priority"":""2"",""node"":""kwok-node-28""},{""name"":""rs-10-p3-6d4hf"",""cpu_m"":545,""mem_b"":497334252,""priority"":""3"",""node"":""kwok-node-25""},{""name"":""rs-10-p3-fjpxx"",""cpu_m"":545,""mem_b"":497334252,""priority"":""3"",""node"":""kwok-node-15""},{""name"":""rs-10-p3-fsmhd"",""cpu_m"":545,""mem_b"":497334252,""priority"":""3"",""node"":""kwok-node-23""},{""name"":""rs-10-p3-k46pv"",""cpu_m"":545,""mem_b"":497334252,""priority"":""3"",""node"":""kwok-node-10""},{""name"":""rs-11-p2-hsv7n"",""cpu_m"":950,""mem_b"":939650072,""priority"":""2"",""node"":""kwok-node-29""},{""name"":""rs-11-p2-jpx94"",""cpu_m"":950,""mem_b"":939650072,""priority"":""2"",""node"":""kwok-node-3""},{""name"":""rs-11-p2-qbrsm"",""cpu_m"":950,""mem_b"":939650072,""priority"":""2"",""node"":""kwok-node-32""},{""name"":""rs-11-p2-tgzvj"",""cpu_m"":950,""mem_b"":939650072,""priority"":""2"",""node"":""kwok-node-8""},{""name"":""rs-12-p4-vx69f"",""cpu_m"":883,""mem_b"":267547665,""priority"":""4"",""node"":""kwok-node-4""},{""name"":""rs-12-p4-zcsgq"",""cpu_m"":883,""mem_b"":267547665,""priority"":""4"",""node"":""kwok-node-5""},{""name"":""rs-13-p2-k4vxg"",""cpu_m"":916,""mem_b"":341625238,""priority"":""2"",""node"":""kwok-node-11""},{""name"":""rs-13-p2-qh8kx"",""cpu_m"":916,""mem_b"":341625238,""priority"":""2"",""node"":""kwok-node-6""},{""name"":""rs-13-p2-qz5hm"",""cpu_m"":916,""mem_b"":341625238,""priority"":""2"",""node"":""kwok-node-20""},{""name"":""rs-13-p2-t8fnk"",""cpu_m"":916,""mem_b"":341625238,""priority"":""2"",""node"":""kwok-node-7""},{""name"":""rs-14-p4-66dcn"",""cpu_m"":416,""mem_b"":468034127,""priority"":""4"",""node"":""kwok-node-21""},{""name"":""rs-14-p4-ls46r"",""cpu_m"":416,""mem_b"":468034127,""priority"":""4"",""node"":""kwok-node-22""},{""name"":""rs-15-p2-jrj52"",""cpu_m"":508,""mem_b"":758569808,""priority"":""2"",""node"":""kwok-node-31""},{""name"":""rs-15-p2-psv4k"",""cpu_m"":508,""mem_b"":758569808,""priority"":""2"",""node"":""kwok-node-13""},{""name"":""rs-15-p2-xz9gj"",""cpu_m"":508,""mem_b"":758569808,""priority"":""2"",""node"":""kwok-node-13""},{""name"":""rs-15-p2-zm9v6"",""cpu_m"":508,""mem_b"":758569808,""priority"":""2"",""node"":""""},{""name"":""rs-16-p2-cc6wk"",""cpu_m"":664,""mem_b"":420629479,""priority"":""2"",""node"":""kwok-node-25""},{""name"":""rs-16-p2-gf2k2"",""cpu_m"":664,""mem_b"":420629479,""priority"":""2"",""node"":""kwok-node-14""},{""name"":""rs-16-p2-h6wrh"",""cpu_m"":664,""mem_b"":420629479,""priority"":""2"",""node"":""kwok-node-27""},{""name"":""rs-16-p2-tq87m"",""cpu_m"":664,""mem_b"":420629479,""priority"":""2"",""node"":""""},{""name"":""rs-17-p2-ljf8g"",""cpu_m"":896,""mem_b"":728552237,""priority"":""2"",""node"":""kwok-node-24""},{""name"":""rs-17-p2-zxpxg"",""cpu_m"":896,""mem_b"":728552237,""priority"":""2"",""node"":""kwok-node-23""},{""name"":""rs-18-p2-8sfz7"",""cpu_m"":326,""mem_b"":304932617,""priority"":""2"",""node"":""kwok-node-14""},{""name"":""rs-19-p4-2g74k"",""cpu_m"":528,""mem_b"":176695705,""priority"":""4"",""node"":""kwok-node-29""},{""name"":""rs-19-p4-97fkr"",""cpu_m"":528,""mem_b"":176695705,""priority"":""4"",""node"":""kwok-node-21""},{""name"":""rs-19-p4-vh6rf"",""cpu_m"":528,""mem_b"":176695705,""priority"":""4"",""node"":""kwok-node-26""},{""name"":""rs-19-p4-vzgbs"",""cpu_m"":528,""mem_b"":176695705,""priority"":""4"",""node"":""kwok-node-28""},{""name"":""rs-20-p3-5m5gt"",""cpu_m"":423,""mem_b"":325532513,""priority"":""3"",""node"":""kwok-node-23""},{""name"":""rs-20-p3-vlpt7"",""cpu_m"":423,""mem_b"":325532513,""priority"":""3"",""node"":""kwok-node-25""},{""name"":""rs-21-p1-2zbm4"",""cpu_m"":140,""mem_b"":250212792,""priority"":""1"",""node"":""kwok-node-11""},{""name"":""rs-21-p1-gpjt6"",""cpu_m"":140,""mem_b"":250212792,""priority"":""1"",""node"":""kwok-node-16""},{""name"":""rs-21-p1-k6rxv"",""cpu_m"":140,""mem_b"":250212792,""priority"":""1"",""node"":""kwok-node-31""},{""name"":""rs-22-p2-5sx5s"",""cpu_m"":849,""mem_b"":476766289,""priority"":""2"",""node"":""kwok-node-2""},{""name"":""rs-22-p2-tw5sc"",""cpu_m"":849,""mem_b"":476766289,""priority"":""2"",""node"":""kwok-node-8""},{""name"":""rs-22-p2-vvwbz"",""cpu_m"":849,""mem_b"":476766289,""priority"":""2"",""node"":""kwok-node-27""},{""name"":""rs-23-p2-5w88b"",""cpu_m"":717,""mem_b"":178223522,""priority"":""2"",""node"":""kwok-node-11""},{""name"":""rs-23-p2-dlh7q"",""cpu_m"":717,""mem_b"":178223522,""priority"":""2"",""node"":""kwok-node-12""},{""name"":""rs-24-p1-w4mt8"",""cpu_m"":166,""mem_b"":333428568,""priority"":""1"",""node"":""kwok-node-20""},{""name"":""rs-25-p1-5bnv4"",""cpu_m"":334,""mem_b"":423763090,""priority"":""1"",""node"":""""},{""name"":""rs-25-p1-b84tg"",""cpu_m"":334,""mem_b"":423763090,""priority"":""1"",""node"":""""},{""name"":""rs-25-p1-t87c7"",""cpu_m"":334,""mem_b"":423763090,""priority"":""1"",""node"":""kwok-node-2""},{""name"":""rs-26-p2-8lvl6"",""cpu_m"":269,""mem_b"":927610654,""priority"":""2"",""node"":""kwok-node-5""},{""name"":""rs-26-p2-8vrkk"",""cpu_m"":269,""mem_b"":927610654,""priority"":""2"",""node"":""""},{""name"":""rs-26-p2-gz7lr"",""cpu_m"":269,""mem_b"":927610654,""priority"":""2"",""node"":""kwok-node-1""},{""name"":""rs-26-p2-qgdhs"",""cpu_m"":269,""mem_b"":927610654,""priority"":""2"",""node"":""kwok-node-10""},{""name"":""rs-27-p2-5s8cj"",""cpu_m"":968,""mem_b"":606972272,""priority"":""2"",""node"":""""},{""name"":""rs-27-p2-69kcf"",""cpu_m"":968,""mem_b"":606972272,""priority"":""2"",""node"":""kwok-node-26""},{""name"":""rs-27-p2-7x4pq"",""cpu_m"":968,""mem_b"":606972272,""priority"":""2"",""node"":""kwok-node-9""},{""name"":""rs-27-p2-sxbpj"",""cpu_m"":968,""mem_b"":606972272,""priority"":""2"",""node"":""""},{""name"":""rs-28-p4-744x6"",""cpu_m"":567,""mem_b"":546690015,""priority"":""4"",""node"":""kwok-node-32""},{""name"":""rs-28-p4-dhzx7"",""cpu_m"":567,""mem_b"":546690015,""priority"":""4"",""node"":""kwok-node-30""},{""name"":""rs-28-p4-pqxrr"",""cpu_m"":567,""mem_b"":546690015,""priority"":""4"",""node"":""kwok-node-3""},{""name"":""rs-28-p4-sbs2s"",""cpu_m"":567,""mem_b"":546690015,""priority"":""4"",""node"":""kwok-node-31""},{""name"":""rs-29-p4-czhpx"",""cpu_m"":990,""mem_b"":702890561,""priority"":""4"",""node"":""kwok-node-18""},{""name"":""rs-29-p4-x7jbk"",""cpu_m"":990,""mem_b"":702890561,""priority"":""4"",""node"":""kwok-node-28""},{""name"":""rs-30-p1-7fj9p"",""cpu_m"":887,""mem_b"":791804872,""priority"":""1"",""node"":""""},{""name"":""rs-30-p1-fdqk5"",""cpu_m"":887,""mem_b"":791804872,""priority"":""1"",""node"":""""},{""name"":""rs-30-p1-zvwj7"",""cpu_m"":887,""mem_b"":791804872,""priority"":""1"",""node"":""""},{""name"":""rs-31-p1-drs9s"",""cpu_m"":144,""mem_b"":475621687,""priority"":""1"",""node"":""kwok-node-11""},{""name"":""rs-31-p1-k8jtj"",""cpu_m"":144,""mem_b"":475621687,""priority"":""1"",""node"":""kwok-node-6""},{""name"":""rs-31-p1-ttd8w"",""cpu_m"":144,""mem_b"":475621687,""priority"":""1"",""node"":""""},{""name"":""rs-31-p1-xdsbv"",""cpu_m"":144,""mem_b"":475621687,""priority"":""1"",""node"":""kwok-node-18""},{""name"":""rs-32-p2-7q9hn"",""cpu_m"":807,""mem_b"":966355960,""priority"":""2"",""node"":""kwok-node-6""},{""name"":""rs-32-p2-hwdbt"",""cpu_m"":807,""mem_b"":966355960,""priority"":""2"",""node"":""kwok-node-4""},{""name"":""rs-32-p2-vfqbk"",""cpu_m"":807,""mem_b"":966355960,""priority"":""2"",""node"":""kwok-node-17""},{""name"":""rs-33-p1-gvlf6"",""cpu_m"":624,""mem_b"":616793862,""priority"":""1"",""node"":""""},{""name"":""rs-33-p1-m2xwf"",""cpu_m"":624,""mem_b"":616793862,""priority"":""1"",""node"":""""},{""name"":""rs-34-p3-7sdqq"",""cpu_m"":116,""mem_b"":393692183,""priority"":""3"",""node"":""kwok-node-27""},{""name"":""rs-34-p3-sdr4k"",""cpu_m"":116,""mem_b"":393692183,""priority"":""3"",""node"":""kwok-node-25""},{""name"":""rs-35-p4-ft4rl"",""cpu_m"":758,""mem_b"":182823202,""priority"":""4"",""node"":""kwok-node-1""},{""name"":""rs-35-p4-msr9x"",""cpu_m"":758,""mem_b"":182823202,""priority"":""4"",""node"":""kwok-node-16""},{""name"":""rs-35-p4-q4w86"",""cpu_m"":758,""mem_b"":182823202,""priority"":""4"",""node"":""kwok-node-15""},{""name"":""rs-35-p4-wzrrj"",""cpu_m"":758,""mem_b"":182823202,""priority"":""4"",""node"":""kwok-node-14""},{""name"":""rs-36-p2-2zk8t"",""cpu_m"":275,""mem_b"":584570389,""priority"":""2"",""node"":""kwok-node-30""},{""name"":""rs-36-p2-4nwrc"",""cpu_m"":275,""mem_b"":584570389,""priority"":""2"",""node"":""kwok-node-7""},{""name"":""rs-36-p2-dvqkg"",""cpu_m"":275,""mem_b"":584570389,""priority"":""2"",""node"":""kwok-node-4""},{""name"":""rs-36-p2-rl8kl"",""cpu_m"":275,""mem_b"":584570389,""priority"":""2"",""node"":""""},{""name"":""rs-37-p1-lrbmh"",""cpu_m"":579,""mem_b"":707465069,""priority"":""1"",""node"":""kwok-node-21""},{""name"":""rs-37-p1-shglj"",""cpu_m"":579,""mem_b"":707465069,""priority"":""1"",""node"":""kwok-node-20""},{""name"":""rs-38-p3-9fx4h"",""cpu_m"":209,""mem_b"":952262314,""priority"":""3"",""node"":""kwok-node-2""},{""name"":""rs-38-p3-vdrmf"",""cpu_m"":209,""mem_b"":952262314,""priority"":""3"",""node"":""kwok-node-29""},{""name"":""rs-39-p3-g6d44"",""cpu_m"":288,""mem_b"":533858469,""priority"":""3"",""node"":""kwok-node-32""},{""name"":""rs-39-p3-lbz7q"",""cpu_m"":288,""mem_b"":533858469,""priority"":""3"",""node"":""kwok-node-3""},{""name"":""rs-40-p2-cq2h7"",""cpu_m"":963,""mem_b"":436409796,""priority"":""2"",""node"":""kwok-node-13""},{""name"":""rs-40-p2-k929q"",""cpu_m"":963,""mem_b"":436409796,""priority"":""2"",""node"":""kwok-node-22""},{""name"":""rs-40-p2-stbf8"",""cpu_m"":963,""mem_b"":436409796,""priority"":""2"",""node"":""kwok-node-16""},{""name"":""rs-40-p2-xwwlk"",""cpu_m"":963,""mem_b"":436409796,""priority"":""2"",""node"":""kwok-node-1""},{""name"":""rs-41-p4-gnvgk"",""cpu_m"":713,""mem_b"":946740008,""priority"":""4"",""node"":""kwok-node-7""},{""name"":""rs-42-p3-pqztq"",""cpu_m"":298,""mem_b"":525603494,""priority"":""3"",""node"":""kwok-node-9""},{""name"":""rs-43-p3-4d7mt"",""cpu_m"":209,""mem_b"":412712675,""priority"":""3"",""node"":""kwok-node-8""},{""name"":""rs-43-p3-dngqg"",""cpu_m"":209,""mem_b"":412712675,""priority"":""3"",""node"":""kwok-node-27""},{""name"":""rs-43-p3-kg4gg"",""cpu_m"":209,""mem_b"":412712675,""priority"":""3"",""node"":""kwok-node-30""},{""name"":""rs-43-p3-xpq2t"",""cpu_m"":209,""mem_b"":412712675,""priority"":""3"",""node"":""kwok-node-31""},{""name"":""rs-44-p4-fcrkm"",""cpu_m"":451,""mem_b"":780391960,""priority"":""4"",""node"":""kwok-node-24""},{""name"":""rs-44-p4-kk7ks"",""cpu_m"":451,""mem_b"":780391960,""priority"":""4"",""node"":""kwok-node-19""},{""name"":""rs-44-p4-pcv4q"",""cpu_m"":451,""mem_b"":780391960,""priority"":""4"",""node"":""kwok-node-22""},{""name"":""rs-45-p2-2hzs9"",""cpu_m"":763,""mem_b"":798560841,""priority"":""2"",""node"":""kwok-node-18""},{""name"":""rs-46-p2-q6hdn"",""cpu_m"":829,""mem_b"":393874471,""priority"":""2"",""node"":""kwok-node-30""},{""name"":""rs-46-p2-qsnsk"",""cpu_m"":829,""mem_b"":393874471,""priority"":""2"",""node"":""kwok-node-5""},{""name"":""rs-46-p2-z8nlr"",""cpu_m"":829,""mem_b"":393874471,""priority"":""2"",""node"":""kwok-node-10""},{""name"":""rs-47-p1-82fs5"",""cpu_m"":275,""mem_b"":545114650,""priority"":""1"",""node"":""""}]","[{""name"":""rs-01-p1-4jq8w"",""cpu_m"":373,""mem_b"":659082230,""priority"":""1"",""node"":""kwok-node-1""},{""name"":""rs-01-p1-gs967"",""cpu_m"":373,""mem_b"":659082230,""priority"":""1"",""node"":""kwok-node-18""},{""name"":""rs-01-p1-qrms9"",""cpu_m"":373,""mem_b"":659082230,""priority"":""1"",""node"":""kwok-node-19""},{""name"":""rs-02-p3-8jg95"",""cpu_m"":203,""mem_b"":123969165,""priority"":""3"",""node"":""kwok-node-10""},{""name"":""rs-02-p3-ccxzw"",""cpu_m"":203,""mem_b"":123969165,""priority"":""3"",""node"":""kwok-node-2""},{""name"":""rs-02-p3-fdvb2"",""cpu_m"":203,""mem_b"":123969165,""priority"":""3"",""node"":""kwok-node-15""},{""name"":""rs-03-p4-qqp5c"",""cpu_m"":127,""mem_b"":954989906,""priority"":""4"",""node"":""kwok-node-16""},{""name"":""rs-03-p4-rdfwx"",""cpu_m"":127,""mem_b"":954989906,""priority"":""4"",""node"":""kwok-node-14""},{""name"":""rs-04-p3-8rs5k"",""cpu_m"":690,""mem_b"":887155224,""priority"":""3"",""node"":""kwok-node-12""},{""name"":""rs-05-p2-kjmrl"",""cpu_m"":107,""mem_b"":489775228,""priority"":""2"",""node"":""kwok-node-21""},{""name"":""rs-05-p2-n5q6z"",""cpu_m"":107,""mem_b"":489775228,""priority"":""2"",""node"":""kwok-node-11""},{""name"":""rs-05-p2-xtztj"",""cpu_m"":107,""mem_b"":489775228,""priority"":""2"",""node"":""kwok-node-13""},{""name"":""rs-05-p2-zkvd5"",""cpu_m"":107,""mem_b"":489775228,""priority"":""2"",""node"":""kwok-node-20""},{""name"":""rs-06-p3-427f7"",""cpu_m"":167,""mem_b"":299050893,""priority"":""3"",""node"":""kwok-node-23""},{""name"":""rs-06-p3-6fjxn"",""cpu_m"":167,""mem_b"":299050893,""priority"":""3"",""node"":""kwok-node-25""},{""name"":""rs-06-p3-6lc9q"",""cpu_m"":167,""mem_b"":299050893,""priority"":""3"",""node"":""kwok-node-22""},{""name"":""rs-07-p2-fnxv9"",""cpu_m"":663,""mem_b"":363782387,""priority"":""2"",""node"":""kwok-node-27""},{""name"":""rs-07-p2-s2bzl"",""cpu_m"":663,""mem_b"":363782387,""priority"":""2"",""node"":""kwok-node-24""},{""name"":""rs-08-p3-jbc48"",""cpu_m"":970,""mem_b"":413194356,""priority"":""3"",""node"":""kwok-node-17""},{""name"":""rs-09-p2-58s7v"",""cpu_m"":392,""mem_b"":919917254,""priority"":""2"",""node"":""kwok-node-26""},{""name"":""rs-09-p2-mn5d5"",""cpu_m"":392,""mem_b"":919917254,""priority"":""2"",""node"":""kwok-node-2""},{""name"":""rs-09-p2-vczrt"",""cpu_m"":392,""mem_b"":919917254,""priority"":""2"",""node"":""kwok-node-28""},{""name"":""rs-09-p2-znqmk"",""cpu_m"":392,""mem_b"":919917254,""priority"":""2"",""node"":""kwok-node-29""},{""name"":""rs-10-p3-6d4hf"",""cpu_m"":545,""mem_b"":497334252,""priority"":""3"",""node"":""kwok-node-25""},{""name"":""rs-10-p3-fjpxx"",""cpu_m"":545,""mem_b"":497334252,""priority"":""3"",""node"":""kwok-node-15""},{""name"":""rs-10-p3-fsmhd"",""cpu_m"":545,""mem_b"":497334252,""priority"":""3"",""node"":""kwok-node-23""},{""name"":""rs-10-p3-k46pv"",""cpu_m"":545,""mem_b"":497334252,""priority"":""3"",""node"":""kwok-node-10""},{""name"":""rs-11-p2-bsfqw"",""cpu_m"":950,""mem_b"":939650072,""priority"":""2"",""node"":""kwok-node-30""},{""name"":""rs-11-p2-jpx94"",""cpu_m"":950,""mem_b"":939650072,""priority"":""2"",""node"":""kwok-node-3""},{""name"":""rs-11-p2-ngv9h"",""cpu_m"":950,""mem_b"":939650072,""priority"":""2"",""node"":""kwok-node-31""},{""name"":""rs-11-p2-qbrsm"",""cpu_m"":950,""mem_b"":939650072,""priority"":""2"",""node"":""kwok-node-32""},{""name"":""rs-12-p4-vx69f"",""cpu_m"":883,""mem_b"":267547665,""priority"":""4"",""node"":""kwok-node-4""},{""name"":""rs-12-p4-zcsgq"",""cpu_m"":883,""mem_b"":267547665,""priority"":""4"",""node"":""kwok-node-5""},{""name"":""rs-13-p2-k4vxg"",""cpu_m"":916,""mem_b"":341625238,""priority"":""2"",""node"":""kwok-node-11""},{""name"":""rs-13-p2-qh8kx"",""cpu_m"":916,""mem_b"":341625238,""priority"":""2"",""node"":""kwok-node-6""},{""name"":""rs-13-p2-qz5hm"",""cpu_m"":916,""mem_b"":341625238,""priority"":""2"",""node"":""kwok-node-20""},{""name"":""rs-13-p2-t8fnk"",""cpu_m"":916,""mem_b"":341625238,""priority"":""2"",""node"":""kwok-node-7""},{""name"":""rs-14-p4-66dcn"",""cpu_m"":416,""mem_b"":468034127,""priority"":""4"",""node"":""kwok-node-21""},{""name"":""rs-14-p4-ls46r"",""cpu_m"":416,""mem_b"":468034127,""priority"":""4"",""node"":""kwok-node-22""},{""name"":""rs-15-p2-hmcqx"",""cpu_m"":508,""mem_b"":758569808,""priority"":""2"",""node"":""kwok-node-24""},{""name"":""rs-15-p2-mpgcl"",""cpu_m"":508,""mem_b"":758569808,""priority"":""2"",""node"":""kwok-node-27""},{""name"":""rs-15-p2-n8624"",""cpu_m"":508,""mem_b"":758569808,""priority"":""2"",""node"":""kwok-node-9""},{""name"":""rs-15-p2-xbx6s"",""cpu_m"":508,""mem_b"":758569808,""priority"":""2"",""node"":""kwok-node-8""},{""name"":""rs-16-p2-khmch"",""cpu_m"":664,""mem_b"":420629479,""priority"":""2"",""node"":""kwok-node-13""},{""name"":""rs-16-p2-ml74g"",""cpu_m"":664,""mem_b"":420629479,""priority"":""2"",""node"":""kwok-node-18""},{""name"":""rs-16-p2-qq5sj"",""cpu_m"":664,""mem_b"":420629479,""priority"":""2"",""node"":""kwok-node-19""},{""name"":""rs-16-p2-w6w6k"",""cpu_m"":664,""mem_b"":420629479,""priority"":""2"",""node"":""kwok-node-1""},{""name"":""rs-17-p2-cxr7x"",""cpu_m"":896,""mem_b"":728552237,""priority"":""2"",""node"":""kwok-node-8""},{""name"":""rs-17-p2-f4hg5"",""cpu_m"":896,""mem_b"":728552237,""priority"":""2"",""node"":""kwok-node-9""},{""name"":""rs-18-p2-pmphc"",""cpu_m"":326,""mem_b"":304932617,""priority"":""2"",""node"":""kwok-node-22""},{""name"":""rs-19-p4-2g74k"",""cpu_m"":528,""mem_b"":176695705,""priority"":""4"",""node"":""kwok-node-29""},{""name"":""rs-19-p4-97fkr"",""cpu_m"":528,""mem_b"":176695705,""priority"":""4"",""node"":""kwok-node-21""},{""name"":""rs-19-p4-vh6rf"",""cpu_m"":528,""mem_b"":176695705,""priority"":""4"",""node"":""kwok-node-26""},{""name"":""rs-19-p4-vzgbs"",""cpu_m"":528,""mem_b"":176695705,""priority"":""4"",""node"":""kwok-node-28""},{""name"":""rs-20-p3-5m5gt"",""cpu_m"":423,""mem_b"":325532513,""priority"":""3"",""node"":""kwok-node-23""},{""name"":""rs-20-p3-vlpt7"",""cpu_m"":423,""mem_b"":325532513,""priority"":""3"",""node"":""kwok-node-25""},{""name"":""rs-21-p1-drrdj"",""cpu_m"":140,""mem_b"":250212792,""priority"":""1"",""node"":""kwok-node-15""},{""name"":""rs-21-p1-mlz49"",""cpu_m"":140,""mem_b"":250212792,""priority"":""1"",""node"":""kwok-node-4""},{""name"":""rs-21-p1-s9knh"",""cpu_m"":140,""mem_b"":250212792,""priority"":""1"",""node"":""kwok-node-10""},{""name"":""rs-22-p2-5sx5s"",""cpu_m"":849,""mem_b"":476766289,""priority"":""2"",""node"":""kwok-node-2""},{""name"":""rs-22-p2-lxsmk"",""cpu_m"":849,""mem_b"":476766289,""priority"":""2"",""node"":""kwok-node-16""},{""name"":""rs-22-p2-pws6b"",""cpu_m"":849,""mem_b"":476766289,""priority"":""2"",""node"":""kwok-node-14""},{""name"":""rs-23-p2-dlh7q"",""cpu_m"":717,""mem_b"":178223522,""priority"":""2"",""node"":""kwok-node-12""},{""name"":""rs-23-p2-twllv"",""cpu_m"":717,""mem_b"":178223522,""priority"":""2"",""node"":""kwok-node-13""},{""name"":""rs-24-p1-xp8w4"",""cpu_m"":166,""mem_b"":333428568,""priority"":""1"",""node"":""kwok-node-5""},{""name"":""rs-25-p1-jlmjc"",""cpu_m"":334,""mem_b"":423763090,""priority"":""1"",""node"":""kwok-node-6""},{""name"":""rs-25-p1-kb625"",""cpu_m"":334,""mem_b"":423763090,""priority"":""1"",""node"":""kwok-node-15""},{""name"":""rs-25-p1-l98v5"",""cpu_m"":334,""mem_b"":423763090,""priority"":""1"",""node"":""kwok-node-7""},{""name"":""rs-26-p2-b8t82"",""cpu_m"":269,""mem_b"":927610654,""priority"":""2"",""node"":""kwok-node-4""},{""name"":""rs-26-p2-nsn7z"",""cpu_m"":269,""mem_b"":927610654,""priority"":""2"",""node"":""kwok-node-17""},{""name"":""rs-26-p2-qf75t"",""cpu_m"":269,""mem_b"":927610654,""priority"":""2"",""node"":""kwok-node-5""},{""name"":""rs-26-p2-rf6pw"",""cpu_m"":269,""mem_b"":927610654,""priority"":""2"",""node"":""kwok-node-6""},{""name"":""rs-27-p2-69kcf"",""cpu_m"":968,""mem_b"":606972272,""priority"":""2"",""node"":""kwok-node-26""},{""name"":""rs-27-p2-dtckx"",""cpu_m"":968,""mem_b"":606972272,""priority"":""2"",""node"":""kwok-node-29""},{""name"":""rs-27-p2-r6qg8"",""cpu_m"":968,""mem_b"":606972272,""priority"":""2"",""node"":""kwok-node-22""},{""name"":""rs-27-p2-wktzb"",""cpu_m"":968,""mem_b"":606972272,""priority"":""2"",""node"":""kwok-node-10""},{""name"":""rs-28-p4-744x6"",""cpu_m"":567,""mem_b"":546690015,""priority"":""4"",""node"":""kwok-node-32""},{""name"":""rs-28-p4-dhzx7"",""cpu_m"":567,""mem_b"":546690015,""priority"":""4"",""node"":""kwok-node-30""},{""name"":""rs-28-p4-pqxrr"",""cpu_m"":567,""mem_b"":546690015,""priority"":""4"",""node"":""kwok-node-3""},{""name"":""rs-28-p4-sbs2s"",""cpu_m"":567,""mem_b"":546690015,""priority"":""4"",""node"":""kwok-node-31""},{""name"":""rs-29-p4-czhpx"",""cpu_m"":990,""mem_b"":702890561,""priority"":""4"",""node"":""kwok-node-18""},{""name"":""rs-29-p4-x7jbk"",""cpu_m"":990,""mem_b"":702890561,""priority"":""4"",""node"":""kwok-node-28""},{""name"":""rs-30-p1-jldzx"",""cpu_m"":887,""mem_b"":791804872,""priority"":""1"",""node"":""kwok-node-20""},{""name"":""rs-30-p1-jmwxs"",""cpu_m"":887,""mem_b"":791804872,""priority"":""1"",""node"":""kwok-node-11""},{""name"":""rs-30-p1-sz5mt"",""cpu_m"":887,""mem_b"":791804872,""priority"":""1"",""node"":""kwok-node-19""},{""name"":""rs-31-p1-6fjwv"",""cpu_m"":144,""mem_b"":475621687,""priority"":""1"",""node"":""kwok-node-24""},{""name"":""rs-31-p1-pgbbz"",""cpu_m"":144,""mem_b"":475621687,""priority"":""1"",""node"":""kwok-node-1""},{""name"":""rs-31-p1-r9lqr"",""cpu_m"":144,""mem_b"":475621687,""priority"":""1"",""node"":""kwok-node-7""},{""name"":""rs-31-p1-vwdgj"",""cpu_m"":144,""mem_b"":475621687,""priority"":""1"",""node"":""kwok-node-12""},{""name"":""rs-32-p2-7q9hn"",""cpu_m"":807,""mem_b"":966355960,""priority"":""2"",""node"":""""},{""name"":""rs-32-p2-hwdbt"",""cpu_m"":807,""mem_b"":966355960,""priority"":""2"",""node"":""""},{""name"":""rs-32-p2-vfqbk"",""cpu_m"":807,""mem_b"":966355960,""priority"":""2"",""node"":""""},{""name"":""rs-33-p1-f9kcx"",""cpu_m"":624,""mem_b"":616793862,""priority"":""1"",""node"":""kwok-node-21""},{""name"":""rs-33-p1-ttg89"",""cpu_m"":624,""mem_b"":616793862,""priority"":""1"",""node"":""kwok-node-23""},{""name"":""rs-34-p3-7sdqq"",""cpu_m"":116,""mem_b"":393692183,""priority"":""3"",""node"":""kwok-node-27""},{""name"":""rs-34-p3-sdr4k"",""cpu_m"":116,""mem_b"":393692183,""priority"":""3"",""node"":""kwok-node-25""},{""name"":""rs-35-p4-ft4rl"",""cpu_m"":758,""mem_b"":182823202,""priority"":""4"",""node"":""kwok-node-1""},{""name"":""rs-35-p4-msr9x"",""cpu_m"":758,""mem_b"":182823202,""priority"":""4"",""node"":""kwok-node-16""},{""name"":""rs-35-p4-q4w86"",""cpu_m"":758,""mem_b"":182823202,""priority"":""4"",""node"":""kwok-node-15""},{""name"":""rs-35-p4-wzrrj"",""cpu_m"":758,""mem_b"":182823202,""priority"":""4"",""node"":""kwok-node-14""},{""name"":""rs-36-p2-47ftb"",""cpu_m"":275,""mem_b"":584570389,""priority"":""2"",""node"":""kwok-node-13""},{""name"":""rs-36-p2-4nwrc"",""cpu_m"":275,""mem_b"":584570389,""priority"":""2"",""node"":""kwok-node-7""},{""name"":""rs-36-p2-dvqkg"",""cpu_m"":275,""mem_b"":584570389,""priority"":""2"",""node"":""kwok-node-4""},{""name"":""rs-36-p2-jgv6k"",""cpu_m"":275,""mem_b"":584570389,""priority"":""2"",""node"":""kwok-node-17""},{""name"":""rs-37-p1-lrbmh"",""cpu_m"":579,""mem_b"":707465069,""priority"":""1"",""node"":""""},{""name"":""rs-37-p1-shglj"",""cpu_m"":579,""mem_b"":707465069,""priority"":""1"",""node"":""""},{""name"":""rs-38-p3-9fx4h"",""cpu_m"":209,""mem_b"":952262314,""priority"":""3"",""node"":""""},{""name"":""rs-38-p3-vdrmf"",""cpu_m"":209,""mem_b"":952262314,""priority"":""3"",""node"":""""},{""name"":""rs-39-p3-g6d44"",""cpu_m"":288,""mem_b"":533858469,""priority"":""3"",""node"":""kwok-node-32""},{""name"":""rs-39-p3-lbz7q"",""cpu_m"":288,""mem_b"":533858469,""priority"":""3"",""node"":""kwok-node-3""},{""name"":""rs-40-p2-cq2h7"",""cpu_m"":963,""mem_b"":436409796,""priority"":""2"",""node"":""""},{""name"":""rs-40-p2-k929q"",""cpu_m"":963,""mem_b"":436409796,""priority"":""2"",""node"":""""},{""name"":""rs-40-p2-stbf8"",""cpu_m"":963,""mem_b"":436409796,""priority"":""2"",""node"":""""},{""name"":""rs-40-p2-xwwlk"",""cpu_m"":963,""mem_b"":436409796,""priority"":""2"",""node"":""""},{""name"":""rs-41-p4-gnvgk"",""cpu_m"":713,""mem_b"":946740008,""priority"":""4"",""node"":""""},{""name"":""rs-42-p3-pqztq"",""cpu_m"":298,""mem_b"":525603494,""priority"":""3"",""node"":""kwok-node-9""},{""name"":""rs-43-p3-4d7mt"",""cpu_m"":209,""mem_b"":412712675,""priority"":""3"",""node"":""kwok-node-8""},{""name"":""rs-43-p3-dngqg"",""cpu_m"":209,""mem_b"":412712675,""priority"":""3"",""node"":""kwok-node-27""},{""name"":""rs-43-p3-kg4gg"",""cpu_m"":209,""mem_b"":412712675,""priority"":""3"",""node"":""kwok-node-30""},{""name"":""rs-43-p3-xpq2t"",""cpu_m"":209,""mem_b"":412712675,""priority"":""3"",""node"":""kwok-node-31""},{""name"":""rs-44-p4-fcrkm"",""cpu_m"":451,""mem_b"":780391960,""priority"":""4"",""node"":""""},{""name"":""rs-44-p4-kk7ks"",""cpu_m"":451,""mem_b"":780391960,""priority"":""4"",""node"":""""},{""name"":""rs-44-p4-pcv4q"",""cpu_m"":451,""mem_b"":780391960,""priority"":""4"",""node"":""""},{""name"":""rs-45-p2-2hzs9"",""cpu_m"":763,""mem_b"":798560841,""priority"":""2"",""node"":""""},{""name"":""rs-46-p2-q6hdn"",""cpu_m"":829,""mem_b"":393874471,""priority"":""2"",""node"":""""},{""name"":""rs-46-p2-qsnsk"",""cpu_m"":829,""mem_b"":393874471,""priority"":""2"",""node"":""""},{""name"":""rs-46-p2-z8nlr"",""cpu_m"":829,""mem_b"":393874471,""priority"":""2"",""node"":""""},{""name"":""rs-47-p1-9tmw9"",""cpu_m"":275,""mem_b"":545114650,""priority"":""1"",""node"":""kwok-node-2""}]","[{""name"":""kwok-node-1"",""cap_cpu_m"":2031,""cap_mem_bytes"":2068697187},{""name"":""kwok-node-2"",""cap_cpu_m"":2031,""cap_mem_bytes"":2068697187},{""name"":""kwok-node-3"",""cap_cpu_m"":2031,""cap_mem_bytes"":2068697187},{""name"":""kwok-node-4"",""cap_cpu_m"":2031,""cap_mem_bytes"":2068697187},{""name"":""kwok-node-5"",""cap_cpu_m"":2031,""cap_mem_bytes"":2068697187},{""name"":""kwok-node-6"",""cap_cpu_m"":2031,""cap_mem_bytes"":2068697187},{""name"":""kwok-node-7"",""cap_cpu_m"":2031,""cap_mem_bytes"":2068697187},{""name"":""kwok-node-8"",""cap_cpu_m"":2031,""cap_mem_bytes"":2068697187},{""name"":""kwok-node-9"",""cap_cpu_m"":2031,""cap_mem_bytes"":2068697187},{""name"":""kwok-node-10"",""cap_cpu_m"":2031,""cap_mem_bytes"":2068697187},{""name"":""kwok-node-11"",""cap_cpu_m"":2031,""cap_mem_bytes"":2068697187},{""name"":""kwok-node-12"",""cap_cpu_m"":2031,""cap_mem_bytes"":2068697187},{""name"":""kwok-node-13"",""cap_cpu_m"":2031,""cap_mem_bytes"":2068697187},{""name"":""kwok-node-14"",""cap_cpu_m"":2031,""cap_mem_bytes"":2068697187},{""name"":""kwok-node-15"",""cap_cpu_m"":2031,""cap_mem_bytes"":2068697187},{""name"":""kwok-node-16"",""cap_cpu_m"":2031,""cap_mem_bytes"":2068697187},{""name"":""kwok-node-17"",""cap_cpu_m"":2031,""cap_mem_bytes"":2068697187},{""name"":""kwok-node-18"",""cap_cpu_m"":2031,""cap_mem_bytes"":2068697187},{""name"":""kwok-node-19"",""cap_cpu_m"":2031,""cap_mem_bytes"":2068697187},{""name"":""kwok-node-20"",""cap_cpu_m"":2031,""cap_mem_bytes"":2068697187},{""name"":""kwok-node-21"",""cap_cpu_m"":2031,""cap_mem_bytes"":2068697187},{""name"":""kwok-node-22"",""cap_cpu_m"":2031,""cap_mem_bytes"":2068697187},{""name"":""kwok-node-23"",""cap_cpu_m"":2031,""cap_mem_bytes"":2068697187},{""name"":""kwok-node-24"",""cap_cpu_m"":2031,""cap_mem_bytes"":2068697187},{""name"":""kwok-node-25"",""cap_cpu_m"":2031,""cap_mem_bytes"":2068697187},{""name"":""kwok-node-26"",""cap_cpu_m"":2031,""cap_mem_bytes"":2068697187},{""name"":""kwok-node-27"",""cap_cpu_m"":2031,""cap_mem_bytes"":2068697187},{""name"":""kwok-node-28"",""cap_cpu_m"":2031,""cap_mem_bytes"":2068697187},{""name"":""kwok-node-29"",""cap_cpu_m"":2031,""cap_mem_bytes"":2068697187},{""name"":""kwok-node-30"",""cap_cpu_m"":2031,""cap_mem_bytes"":2068697187},{""name"":""kwok-node-31"",""cap_cpu_m"":2031,""cap_mem_bytes"":2068697187},{""name"":""kwok-node-32"",""cap_cpu_m"":2031,""cap_mem_bytes"":2068697187}]"
2026/02/11/12:14:50,7753940112227685379,,"{""evicted"":0,""moved"":0,""placed_by_priority"":{""1"":19,""2"":43,""3"":18,""4"":28}}",python,"{""evicted"":7,""moved"":4,""placed_by_priority"":{""1"":12,""2"":49,""3"":22,""4"":30}}",979,FEASIBLE,"[{""duration_ms"":979,""name"":""python"",""score"":{""evicted"":7,""moved"":4,""placed_by_priority"":{""1"":12,""2"":49,""3"":22,""4"":30}},""status"":""FEASIBLE""}]",0.894,0.865,0.904,0.855,61568,59579,63534023141,60088399265,113,108,15,20,"{""kwok-node-1"":3,""kwok-node-10"":3,""kwok-node-11"":4,""kwok-node-12"":3,""kwok-node-13"":3,""kwok-node-14"":4,""kwok-node-15"":4,""kwok-node-16"":3,""kwok-node-17"":3,""kwok-node-18"":4,""kwok-node-19"":3,""kwok-node-2"":4,""kwok-node-20"":4,""kwok-node-21"":3,""kwok-node-22"":4,""kwok-node-23"":4,""kwok-node-24"":4,""kwok-node-25"":3,""kwok-node-26"":3,""kwok-node-27"":4,""kwok-node-28"":3,""kwok-node-29"":5,""kwok-node-3"":3,""kwok-node-30"":4,""kwok-node-31"":4,""kwok-node-32"":3,""kwok-node-4"":4,""kwok-node-5"":3,""kwok-node-6"":3,""kwok-node-7"":3,""kwok-node-8"":4,""kwok-node-9"":4}","{""kwok-node-1"":3,""kwok-node-10"":3,""kwok-node-11"":4,""kwok-node-12"":3,""kwok-node-13"":3,""kwok-node-14"":4,""kwok-node-15"":3,""kwok-node-16"":3,""kwok-node-17"":3,""kwok-node-18"":4,""kwok-node-19"":3,""kwok-node-2"":4,""kwok-node-20"":3,""kwok-node-21"":3,""kwok-node-22"":3,""kwok-node-23"":3,""kwok-node-24"":4,""kwok-node-25"":3,""kwok-node-26"":3,""kwok-node-27"":4,""kwok-node-28"":3,""kwok-node-29"":5,""kwok-node-3"":3,""kwok-node-30"":4,""kwok-node-31"":4,""kwok-node-32"":3,""kwok-node-4"":4,""kwok-node-5"":3,""kwok-node-6"":3,""kwok-node-7"":3,""kwok-node-8"":4,""kwok-node-9"":3}","{""p1"":12,""p2"":49,""p3"":22,""p4"":30}","{""p1"":19,""p2"":43,""p3"":18,""p4"":28}","{""p1"":15}","{""p1"":8,""p2"":6,""p3"":4,""p4"":2}","{rs-04-p1-wj59g,rs-32-p1-84ksz,rs-32-p1-jtvm5,rs-32-p1-p97vq,rs-32-p1-wgs8r,rs-34-p1-fb8vl,rs-34-p1-fn2g6,rs-37-p1-4svcx,rs-37-p1-vpn26,rs-45-p1-v2kcv,rs-46-p1-955k7,rs-47-p1-5ppfv,rs-47-p1-ltmfj,rs-47-p1-vz947,rs-47-p1-wcz8n}","{rs-37-p1-4svcx,rs-37-p1-vpn26,rs-39-p4-42w68,rs-39-p4-ks85j,rs-44-p2-bv5b8,rs-45-p1-v2kcv,rs-46-p1-955k7,rs-47-p1-5ppfv,rs-47-p1-ltmfj,rs-47-p1-vz947,rs-47-p1-wcz8n,rs-48-p3-2b97x,rs-48-p3-js7km,rs-48-p3-jxjqm,rs-48-p3-x7lz9,rs-50-p2-h8p6v,rs-52-p2-4gdlq,rs-52-p2-ggf4w,rs-52-p2-r5bp5,rs-52-p2-ssmbh}","{rs-01-p3-8kklk,rs-01-p3-kvt2v,rs-01-p3-lsvrq,rs-02-p2-2zvph,rs-02-p2-mmj7c,rs-03-p2-86jbz,rs-03-p2-l7zkn,rs-03-p2-zjlpd,rs-05-p2-kjknd,rs-05-p2-snhh4,rs-06-p2-89f52,rs-06-p2-pdrfj,rs-06-p2-wvvgj,rs-07-p2-nkl57,rs-07-p2-p7w9f,rs-07-p2-qf5dk,rs-07-p2-vm6hg,rs-08-p1-48qtd,rs-08-p1-9jmnz,rs-09-p2-989vk,rs-09-p2-h8d69,rs-09-p2-k2m69,rs-09-p2-nffxd,rs-10-p2-87lkg,rs-11-p2-2vftt,rs-11-p2-jhqts,rs-11-p2-sd2sc,rs-12-p4-574pm,rs-12-p4-g6z67,rs-13-p2-229xv,rs-13-p2-rtcsc,rs-14-p4-4ttcl,rs-14-p4-9qtkr,rs-14-p4-p642l,rs-15-p3-ct9df,rs-15-p3-h56z2,rs-15-p3-nrhf4,rs-16-p3-kxx55,rs-17-p3-tvzxf,rs-18-p4-lp95q,rs-19-p1-8l8jf,rs-20-p1-lml8p,rs-20-p1-mrt59,rs-21-p3-sdvz6,rs-22-p2-jlghj,rs-23-p4-mmx4r,rs-23-p4-rtzkw,rs-24-p2-fdlx4,rs-24-p2-h49l9,rs-24-p2-lxjqh,rs-24-p2-v2v29,rs-25-p4-2gqvs,rs-25-p4-7mh57,rs-25-p4-gvqjs,rs-25-p4-ndrvx,rs-26-p2-wh4lz,rs-27-p2-4kgf6,rs-27-p2-8n782,rs-28-p3-4qkxn,rs-28-p3-nz97x,rs-28-p3-x2ng9,rs-29-p3-48tk8,rs-29-p3-6hltk,rs-29-p3-n7lx7,rs-29-p3-znn7x,rs-30-p2-4wddf,rs-30-p2-8szv2,rs-30-p2-v8ngp,rs-30-p2-z8psb,rs-31-p3-7slqj,rs-31-p3-9nftz,rs-33-p4-jf64c,rs-34-p1-4vhdt,rs-34-p1-6cv9s,rs-35-p2-6bx85,rs-35-p2-l9slk,rs-36-p4-glz5h,rs-36-p4-nf88k,rs-36-p4-wfsvd,rs-38-p4-6ld2s,rs-38-p4-sb48s,rs-38-p4-w58vr,rs-39-p4-42w68,rs-39-p4-ks85j,rs-39-p4-vvk9v,rs-39-p4-wnp7r,rs-40-p1-d6c4p,rs-40-p1-flcws,rs-41-p2-8xkbd,rs-41-p2-btc6g,rs-41-p2-x7z69,rs-42-p2-hlrnv,rs-43-p4-9tdgd,rs-43-p4-b4tsk,rs-43-p4-nczvx,rs-43-p4-pc5jh,rs-44-p2-bv5b8,rs-44-p2-nt79n,rs-45-p1-4njs4,rs-45-p1-7x2qr,rs-45-p1-rk56r,rs-48-p3-2b97x,rs-48-p3-js7km,rs-48-p3-jxjqm,rs-48-p3-x7lz9,rs-49-p4-5tqpp,rs-49-p4-zv2vg,rs-50-p2-h8p6v,rs-51-p4-8sptm,rs-52-p2-4gdlq,rs-52-p2-ggf4w,rs-52-p2-r5bp5,rs-52-p2-ssmbh}","{rs-01-p3-8kklk,rs-01-p3-kvt2v,rs-01-p3-lsvrq,rs-02-p2-2zvph,rs-02-p2-mmj7c,rs-03-p2-86jbz,rs-03-p2-l7zkn,rs-03-p2-zjlpd,rs-04-p1-ps5fn,rs-05-p2-kjknd,rs-05-p2-snhh4,rs-06-p2-89f52,rs-06-p2-pdrfj,rs-06-p2-wvvgj,rs-07-p2-nkl57,rs-07-p2-p7w9f,rs-07-p2-qf5dk,rs-07-p2-vm6hg,rs-08-p1-6g278,rs-08-p1-r6qkd,rs-09-p2-989vk,rs-09-p2-h8d69,rs-09-p2-k2m69,rs-09-p2-nffxd,rs-10-p2-87lkg,rs-11-p2-2vftt,rs-11-p2-jhqts,rs-11-p2-sd2sc,rs-12-p4-574pm,rs-12-p4-g6z67,rs-13-p2-229xv,rs-13-p2-rtcsc,rs-14-p4-4ttcl,rs-14-p4-9qtkr,rs-14-p4-p642l,rs-15-p3-ct9df,rs-15-p3-h56z2,rs-15-p3-nrhf4,rs-16-p3-kxx55,rs-17-p3-tvzxf,rs-18-p4-lp95q,rs-19-p1-8l8jf,rs-20-p1-6j94g,rs-20-p1-mrt59,rs-21-p3-sdvz6,rs-22-p2-jlghj,rs-23-p4-mmx4r,rs-23-p4-rtzkw,rs-24-p2-fdlx4,rs-24-p2-h49l9,rs-24-p2-lxjqh,rs-24-p2-v2v29,rs-25-p4-2gqvs,rs-25-p4-7mh57,rs-25-p4-gvqjs,rs-25-p4-ndrvx,rs-26-p2-wh4lz,rs-27-p2-4kgf6,rs-27-p2-8n782,rs-28-p3-4qkxn,rs-28-p3-nz97x,rs-28-p3-x2ng9,rs-29-p3-48tk8,rs-29-p3-6hltk,rs-29-p3-n7lx7,rs-29-p3-znn7x,rs-30-p2-4wddf,rs-30-p2-8szv2,rs-30-p2-v8ngp,rs-30-p2-z8psb,rs-31-p3-7slqj,rs-31-p3-9nftz,rs-32-p1-5ln2h,rs-32-p1-cnpmt,rs-32-p1-gl7qx,rs-32-p1-xvbjj,rs-33-p4-jf64c,rs-34-p1-4vhdt,rs-34-p1-5w7pj,rs-34-p1-6cv9s,rs-34-p1-sb66j,rs-35-p2-6bx85,rs-35-p2-l9slk,rs-36-p4-glz5h,rs-36-p4-nf88k,rs-36-p4-wfsvd,rs-38-p4-6ld2s,rs-38-p4-sb48s,rs-38-p4-w58vr,rs-39-p4-vvk9v,rs-39-p4-wnp7r,rs-40-p1-d6c4p,rs-40-p1-tqsrf,rs-41-p2-8xkbd,rs-41-p2-btc6g,rs-41-p2-x7z69,rs-42-p2-hlrnv,rs-43-p4-9tdgd,rs-43-p4-b4tsk,rs-43-p4-nczvx,rs-43-p4-pc5jh,rs-44-p2-nt79n,rs-45-p1-4njs4,rs-45-p1-7x2qr,rs-45-p1-rk56r,rs-49-p4-5tqpp,rs-49-p4-zv2vg,rs-51-p4-8sptm}","[{""name"":""rs-01-p3-8kklk"",""cpu_m"":438,""mem_b"":247735607,""priority"":""3"",""node"":""kwok-node-11""},{""name"":""rs-01-p3-kvt2v"",""cpu_m"":438,""mem_b"":247735607,""priority"":""3"",""node"":""kwok-node-13""},{""name"":""rs-01-p3-lsvrq"",""cpu_m"":438,""mem_b"":247735607,""priority"":""3"",""node"":""kwok-node-1""},{""name"":""rs-02-p2-2zvph"",""cpu_m"":182,""mem_b"":614311475,""priority"":""2"",""node"":""kwok-node-16""},{""name"":""rs-02-p2-mmj7c"",""cpu_m"":182,""mem_b"":614311475,""priority"":""2"",""node"":""kwok-node-18""},{""name"":""rs-03-p2-86jbz"",""cpu_m"":437,""mem_b"":632512796,""priority"":""2"",""node"":""kwok-node-14""},{""name"":""rs-03-p2-l7zkn"",""cpu_m"":437,""mem_b"":632512796,""priority"":""2"",""node"":""kwok-node-10""},{""name"":""rs-03-p2-zjlpd"",""cpu_m"":437,""mem_b"":632512796,""priority"":""2"",""node"":""kwok-node-15""},{""name"":""rs-04-p1-wj59g"",""cpu_m"":786,""mem_b"":902507074,""priority"":""1"",""node"":""""},{""name"":""rs-05-p2-kjknd"",""cpu_m"":606,""mem_b"":330746806,""priority"":""2"",""node"":""kwok-node-21""},{""name"":""rs-05-p2-snhh4"",""cpu_m"":606,""mem_b"":330746806,""priority"":""2"",""node"":""kwok-node-2""},{""name"":""rs-06-p2-89f52"",""cpu_m"":536,""mem_b"":529502558,""priority"":""2"",""node"":""kwok-node-23""},{""name"":""rs-06-p2-pdrfj"",""cpu_m"":536,""mem_b"":529502558,""priority"":""2"",""node"":""kwok-node-12""},{""name"":""rs-06-p2-wvvgj"",""cpu_m"":536,""mem_b"":529502558,""priority"":""2"",""node"":""kwok-node-17""},{""name"":""rs-07-p2-nkl57"",""cpu_m"":271,""mem_b"":580397279,""priority"":""2"",""node"":""kwok-node-25""},{""name"":""rs-07-p2-p7w9f"",""cpu_m"":271,""mem_b"":580397279,""priority"":""2"",""node"":""kwok-node-19""},{""name"":""rs-07-p2-qf5dk"",""cpu_m"":271,""mem_b"":580397279,""priority"":""2"",""node"":""kwok-node-22""},{""name"":""rs-07-p2-vm6hg"",""cpu_m"":271,""mem_b"":580397279,""priority"":""2"",""node"":""kwok-node-24""},{""name"":""rs-08-p1-48qtd"",""cpu_m"":424,""mem_b"":329801509,""priority"":""1"",""node"":""kwok-node-23""},{""name"":""rs-08-p1-9jmnz"",""cpu_m"":424,""mem_b"":329801509,""priority"":""1"",""node"":""kwok-node-15""},{""name"":""rs-09-p2-989vk"",""cpu_m"":761,""mem_b"":194565062,""priority"":""2"",""node"":""kwok-node-3""},{""name"":""rs-09-p2-h8d69"",""cpu_m"":761,""mem_b"":194565062,""priority"":""2"",""node"":""kwok-node-29""},{""name"":""rs-09-p2-k2m69"",""cpu_m"":761,""mem_b"":194565062,""priority"":""2"",""node"":""kwok-node-30""},{""name"":""rs-09-p2-nffxd"",""cpu_m"":761,""mem_b"":194565062,""priority"":""2"",""node"":""kwok-node-27""},{""name"":""rs-10-p2-87lkg"",""cpu_m"":691,""mem_b"":825566069,""priority"":""2"",""node"":""kwok-node-13""},{""name"":""rs-11-p2-2vftt"",""cpu_m"":941,""mem_b"":333716010,""priority"":""2"",""node"":""kwok-node-18""},{""name"":""rs-11-p2-jhqts"",""cpu_m"":941,""mem_b"":333716010,""priority"":""2"",""node"":""kwok-node-25""},{""name"":""rs-11-p2-sd2sc"",""cpu_m"":941,""mem_b"":333716010,""priority"":""2"",""node"":""kwok-node-16""},{""name"":""rs-12-p4-574pm"",""cpu_m"":276,""mem_b"":424297007,""priority"":""4"",""node"":""kwok-node-31""},{""name"":""rs-12-p4-g6z67"",""cpu_m"":276,""mem_b"":424297007,""priority"":""4"",""node"":""kwok-node-5""},{""name"":""rs-13-p2-229xv"",""cpu_m"":557,""mem_b"":564280331,""priority"":""2"",""node"":""kwok-node-32""},{""name"":""rs-13-p2-rtcsc"",""cpu_m"":557,""mem_b"":564280331,""priority"":""2"",""node"":""kwok-node-7""},{""name"":""rs-14-p4-4ttcl"",""cpu_m"":997,""mem_b"":333147720,""priority"":""4"",""node"":""kwok-node-6""},{""name"":""rs-14-p4-9qtkr"",""cpu_m"":997,""mem_b"":333147720,""priority"":""4"",""node"":""kwok-node-4""},{""name"":""rs-14-p4-p642l"",""cpu_m"":997,""mem_b"":333147720,""priority"":""4"",""node"":""kwok-node-8""},{""name"":""rs-15-p3-ct9df"",""cpu_m"":734,""mem_b"":752878328,""priority"":""3"",""node"":""kwok-node-9""},{""name"":""rs-15-p3-h56z2"",""cpu_m"":734,""mem_b"":752878328,""priority"":""3"",""node"":""kwok-node-28""},{""name"":""rs-15-p3-nrhf4"",""cpu_m"":734,""mem_b"":752878328,""priority"":""3"",""node"":""kwok-node-26""},{""name"":""rs-16-p3-kxx55"",""cpu_m"":764,""mem_b"":261925620,""priority"":""3"",""node"":""kwok-node-24""},{""name"":""rs-17-p3-tvzxf"",""cpu_m"":686,""mem_b"":988627476,""priority"":""3"",""node"":""kwok-node-1""},{""name"":""rs-18-p4-lp95q"",""cpu_m"":106,""mem_b"":919106740,""priority"":""4"",""node"":""kwok-node-29""},{""name"":""rs-19-p1-8l8jf"",""cpu_m"":245,""mem_b"":989170478,""priority"":""1"",""node"":""kwok-node-27""},{""name"":""rs-20-p1-lml8p"",""cpu_m"":411,""mem_b"":539191844,""priority"":""1"",""node"":""kwok-node-22""},{""name"":""rs-20-p1-mrt59"",""cpu_m"":411,""mem_b"":539191844,""priority"":""1"",""node"":""kwok-node-31""},{""name"":""rs-21-p3-sdvz6"",""cpu_m"":948,""mem_b"":970778253,""priority"":""3"",""node"":""kwok-node-5""},{""name"":""rs-22-p2-jlghj"",""cpu_m"":391,""mem_b"":849329440,""priority"":""2"",""node"":""kwok-node-3""},{""name"":""rs-23-p4-mmx4r"",""cpu_m"":703,""mem_b"":840814158,""priority"":""4"",""node"":""kwok-node-2""},{""name"":""rs-23-p4-rtzkw"",""cpu_m"":703,""mem_b"":840814158,""priority"":""4"",""node"":""kwok-node-21""},{""name"":""rs-24-p2-fdlx4"",""cpu_m"":795,""mem_b"":650771517,""priority"":""2"",""node"":""kwok-node-22""},{""name"":""rs-24-p2-h49l9"",""cpu_m"":795,""mem_b"":650771517,""priority"":""2"",""node"":""kwok-node-10""},{""name"":""rs-24-p2-lxjqh"",""cpu_m"":795,""mem_b"":650771517,""priority"":""2"",""node"":""kwok-node-19""},{""name"":""rs-24-p2-v2v29"",""cpu_m"":795,""mem_b"":650771517,""priority"":""2"",""node"":""kwok-node-15""},{""name"":""rs-25-p4-2gqvs"",""cpu_m"":640,""mem_b"":626615528,""priority"":""4"",""node"":""kwok-node-12""},{""name"":""rs-25-p4-7mh57"",""cpu_m"":640,""mem_b"":626615528,""priority"":""4"",""node"":""kwok-node-7""},{""name"":""rs-25-p4-gvqjs"",""cpu_m"":640,""mem_b"":626615528,""priority"":""4"",""node"":""kwok-node-17""},{""name"":""rs-25-p4-ndrvx"",""cpu_m"":640,""mem_b"":626615528,""priority"":""4"",""node"":""kwok-node-23""},{""name"":""rs-26-p2-wh4lz"",""cpu_m"":691,""mem_b"":833050475,""priority"":""2"",""node"":""kwok-node-32""},{""name"":""rs-27-p2-4kgf6"",""cpu_m"":377,""mem_b"":760201338,""priority"":""2"",""node"":""kwok-node-30""},{""name"":""rs-27-p2-8n782"",""cpu_m"":377,""mem_b"":760201338,""priority"":""2"",""node"":""kwok-node-14""},{""name"":""rs-28-p3-4qkxn"",""cpu_m"":372,""mem_b"":306731552,""priority"":""3"",""node"":""kwok-node-9""},{""name"":""rs-28-p3-nz97x"",""cpu_m"":372,""mem_b"":306731552,""priority"":""3"",""node"":""kwok-node-20""},{""name"":""rs-28-p3-x2ng9"",""cpu_m"":372,""mem_b"":306731552,""priority"":""3"",""node"":""kwok-node-11""},{""name"":""rs-29-p3-48tk8"",""cpu_m"":501,""mem_b"":238643714,""priority"":""3"",""node"":""kwok-node-29""},{""name"":""rs-29-p3-6hltk"",""cpu_m"":501,""mem_b"":238643714,""priority"":""3"",""node"":""kwok-node-4""},{""name"":""rs-29-p3-n7lx7"",""cpu_m"":501,""mem_b"":238643714,""priority"":""3"",""node"":""kwok-node-8""},{""name"":""rs-29-p3-znn7x"",""cpu_m"":501,""mem_b"":238643714,""priority"":""3"",""node"":""kwok-node-31""},{""name"":""rs-30-p2-4wddf"",""cpu_m"":445,""mem_b"":710071585,""priority"":""2"",""node"":""kwok-node-18""},{""name"":""rs-30-p2-8szv2"",""cpu_m"":445,""mem_b"":710071585,""priority"":""2"",""node"":""kwok-node-6""},{""name"":""rs-30-p2-v8ngp"",""cpu_m"":445,""mem_b"":710071585,""priority"":""2"",""node"":""kwok-node-30""},{""name"":""rs-30-p2-z8psb"",""cpu_m"":445,""mem_b"":710071585,""priority"":""2"",""node"":""kwok-node-24""},{""name"":""rs-31-p3-7slqj"",""cpu_m"":827,""mem_b"":220083349,""priority"":""3"",""node"":""kwok-node-14""},{""name"":""rs-31-p3-9nftz"",""cpu_m"":827,""mem_b"":220083349,""priority"":""3"",""node"":""kwok-node-27""},{""name"":""rs-32-p1-84ksz"",""cpu_m"":697,""mem_b"":673596278,""priority"":""1"",""node"":""""},{""name"":""rs-32-p1-jtvm5"",""cpu_m"":697,""mem_b"":673596278,""priority"":""1"",""node"":""""},{""name"":""rs-32-p1-p97vq"",""cpu_m"":697,""mem_b"":673596278,""priority"":""1"",""node"":""""},{""name"":""rs-32-p1-wgs8r"",""cpu_m"":697,""mem_b"":673596278,""priority"":""1"",""node"":""""},{""name"":""rs-33-p4-jf64c"",""cpu_m"":954,""mem_b"":695446943,""priority"":""4"",""node"":""kwok-node-19""},{""name"":""rs-34-p1-4vhdt"",""cpu_m"":529,""mem_b"":632430127,""priority"":""1"",""node"":""kwok-node-23""},{""name"":""rs-34-p1-6cv9s"",""cpu_m"":529,""mem_b"":632430127,""priority"":""1"",""node"":""kwok-node-26""},{""name"":""rs-34-p1-fb8vl"",""cpu_m"":529,""mem_b"":632430127,""priority"":""1"",""node"":""""},{""name"":""rs-34-p1-fn2g6"",""cpu_m"":529,""mem_b"":632430127,""priority"":""1"",""node"":""""},{""name"":""rs-35-p2-6bx85"",""cpu_m"":523,""mem_b"":826397001,""priority"":""2"",""node"":""kwok-node-11""},{""name"":""rs-35-p2-l9slk"",""cpu_m"":523,""mem_b"":826397001,""priority"":""2"",""node"":""kwok-node-17""},{""name"":""rs-36-p4-glz5h"",""cpu_m"":608,""mem_b"":948973795,""priority"":""4"",""node"":""kwok-node-12""},{""name"":""rs-36-p4-nf88k"",""cpu_m"":608,""mem_b"":948973795,""priority"":""4"",""node"":""kwok-node-6""},{""name"":""rs-36-p4-wfsvd"",""cpu_m"":608,""mem_b"":948973795,""priority"":""4"",""node"":""kwok-node-21""},{""name"":""rs-37-p1-4svcx"",""cpu_m"":980,""mem_b"":994410974,""priority"":""1"",""node"":""""},{""name"":""rs-37-p1-vpn26"",""cpu_m"":980,""mem_b"":994410974,""priority"":""1"",""node"":""""},{""name"":""rs-38-p4-6ld2s"",""cpu_m"":661,""mem_b"":230797421,""priority"":""4"",""node"":""kwok-node-1""},{""name"":""rs-38-p4-sb48s"",""cpu_m"":661,""mem_b"":230797421,""priority"":""4"",""node"":""kwok-node-22""},{""name"":""rs-38-p4-w58vr"",""cpu_m"":661,""mem_b"":230797421,""priority"":""4"",""node"":""kwok-node-20""},{""name"":""rs-39-p4-42w68"",""cpu_m"":883,""mem_b"":987540983,""priority"":""4"",""node"":""kwok-node-16""},{""name"":""rs-39-p4-ks85j"",""cpu_m"":883,""mem_b"":987540983,""priority"":""4"",""node"":""kwok-node-3""},{""name"":""rs-39-p4-vvk9v"",""cpu_m"":883,""mem_b"":987540983,""priority"":""4"",""node"":""kwok-node-31""},{""name"":""rs-39-p4-wnp7r"",""cpu_m"":883,""mem_b"":987540983,""priority"":""4"",""node"":""kwok-node-7""},{""name"":""rs-40-p1-d6c4p"",""cpu_m"":145,""mem_b"":439456168,""priority"":""1"",""node"":""kwok-node-2""},{""name"":""rs-40-p1-flcws"",""cpu_m"":145,""mem_b"":439456168,""priority"":""1"",""node"":""kwok-node-9""},{""name"":""rs-41-p2-8xkbd"",""cpu_m"":256,""mem_b"":524518661,""priority"":""2"",""node"":""kwok-node-8""},{""name"":""rs-41-p2-btc6g"",""cpu_m"":256,""mem_b"":524518661,""priority"":""2"",""node"":""kwok-node-15""},{""name"":""rs-41-p2-x7z69"",""cpu_m"":256,""mem_b"":524518661,""priority"":""2"",""node"":""kwok-node-10""},{""name"":""rs-42-p2-hlrnv"",""cpu_m"":162,""mem_b"":328328812,""priority"":""2"",""node"":""kwok-node-29""},{""name"":""rs-43-p4-9tdgd"",""cpu_m"":188,""mem_b"":655093739,""priority"":""4"",""node"":""kwok-node-5""},{""name"":""rs-43-p4-b4tsk"",""cpu_m"":188,""mem_b"":655093739,""priority"":""4"",""node"":""kwok-node-27""},{""name"":""rs-43-p4-nczvx"",""cpu_m"":188,""mem_b"":655093739,""priority"":""4"",""node"":""kwok-node-4""},{""name"":""rs-43-p4-pc5jh"",""cpu_m"":188,""mem_b"":655093739,""priority"":""4"",""node"":""kwok-node-8""},{""name"":""rs-44-p2-bv5b8"",""cpu_m"":789,""mem_b"":615065931,""priority"":""2"",""node"":""kwok-node-9""},{""name"":""rs-44-p2-nt79n"",""cpu_m"":789,""mem_b"":615065931,""priority"":""2"",""node"":""kwok-node-32""},{""name"":""rs-45-p1-4njs4"",""cpu_m"":613,""mem_b"":446087977,""priority"":""1"",""node"":""kwok-node-2""},{""name"":""rs-45-p1-7x2qr"",""cpu_m"":613,""mem_b"":446087977,""priority"":""1"",""node"":""kwok-node-29""},{""name"":""rs-45-p1-rk56r"",""cpu_m"":613,""mem_b"":446087977,""priority"":""1"",""node"":""kwok-node-24""},{""name"":""rs-45-p1-v2kcv"",""cpu_m"":613,""mem_b"":446087977,""priority"":""1"",""node"":""""},{""name"":""rs-46-p1-955k7"",""cpu_m"":348,""mem_b"":936964418,""priority"":""1"",""node"":""""},{""name"":""rs-47-p1-5ppfv"",""cpu_m"":789,""mem_b"":499082249,""priority"":""1"",""node"":""""},{""name"":""rs-47-p1-ltmfj"",""cpu_m"":789,""mem_b"":499082249,""priority"":""1"",""node"":""""},{""name"":""rs-47-p1-vz947"",""cpu_m"":789,""mem_b"":499082249,""priority"":""1"",""node"":""""},{""name"":""rs-47-p1-wcz8n"",""cpu_m"":789,""mem_b"":499082249,""priority"":""1"",""node"":""""},{""name"":""rs-48-p3-2b97x"",""cpu_m"":108,""mem_b"":896603897,""priority"":""3"",""node"":""kwok-node-20""},{""name"":""rs-48-p3-js7km"",""cpu_m"":108,""mem_b"":896603897,""priority"":""3"",""node"":""kwok-node-4""},{""name"":""rs-48-p3-jxjqm"",""cpu_m"":108,""mem_b"":896603897,""priority"":""3"",""node"":""kwok-node-25""},{""name"":""rs-48-p3-x7lz9"",""cpu_m"":108,""mem_b"":896603897,""priority"":""3"",""node"":""kwok-node-28""},{""name"":""rs-49-p4-5tqpp"",""cpu_m"":534,""mem_b"":512888503,""priority"":""4"",""node"":""kwok-node-18""},{""name"":""rs-49-p4-zv2vg"",""cpu_m"":534,""mem_b"":512888503,""priority"":""4"",""node"":""kwok-node-30""},{""name"":""rs-50-p2-h8p6v"",""cpu_m"":766,""mem_b"":528657351,""priority"":""2"",""node"":""kwok-node-13""},{""name"":""rs-51-p4-8sptm"",""cpu_m"":383,""mem_b"":420928419,""priority"":""4"",""node"":""kwok-node-14""},{""name"":""rs-52-p2-4gdlq"",""cpu_m"":717,""mem_b"":400538870,""priority"":""2"",""node"":""kwok-node-11""},{""name"":""rs-52-p2-ggf4w"",""cpu_m"":717,""mem_b"":400538870,""priority"":""2"",""node"":""kwok-node-28""},{""name"":""rs-52-p2-r5bp5"",""cpu_m"":717,""mem_b"":400538870,""priority"":""2"",""node"":""kwok-node-26""},{""name"":""rs-52-p2-ssmbh"",""cpu_m"":717,""mem_b"":400538870,""priority"":""2"",""node"":""kwok-node-20""}]","[{""name"":""rs-01-p3-8kklk"",""cpu_m"":438,""mem_b"":247735607,""priority"":""3"",""node"":""kwok-node-11""},{""name"":""rs-01-p3-kvt2v"",""cpu_m"":438,""mem_b"":247735607,""priority"":""3"",""node"":""kwok-node-13""},{""name"":""rs-01-p3-lsvrq"",""cpu_m"":438,""mem_b"":247735607,""priority"":""3"",""node"":""kwok-node-1""},{""name"":""rs-02-p2-2zvph"",""cpu_m"":182,""mem_b"":614311475,""priority"":""2"",""node"":""kwok-node-16""},{""name"":""rs-02-p2-mmj7c"",""cpu_m"":182,""mem_b"":614311475,""priority"":""2"",""node"":""kwok-node-18""},{""name"":""rs-03-p2-86jbz"",""cpu_m"":437,""mem_b"":632512796,""priority"":""2"",""node"":""kwok-node-14""},{""name"":""rs-03-p2-l7zkn"",""cpu_m"":437,""mem_b"":632512796,""priority"":""2"",""node"":""kwok-node-10""},{""name"":""rs-03-p2-zjlpd"",""cpu_m"":437,""mem_b"":632512796,""priority"":""2"",""node"":""kwok-node-15""},{""name"":""rs-04-p1-ps5fn"",""cpu_m"":786,""mem_b"":902507074,""priority"":""1"",""node"":""kwok-node-20""},{""name"":""rs-05-p2-kjknd"",""cpu_m"":606,""mem_b"":330746806,""priority"":""2"",""node"":""kwok-node-21""},{""name"":""rs-05-p2-snhh4"",""cpu_m"":606,""mem_b"":330746806,""priority"":""2"",""node"":""kwok-node-2""},{""name"":""rs-06-p2-89f52"",""cpu_m"":536,""mem_b"":529502558,""priority"":""2"",""node"":""kwok-node-23""},{""name"":""rs-06-p2-pdrfj"",""cpu_m"":536,""mem_b"":529502558,""priority"":""2"",""node"":""kwok-node-12""},{""name"":""rs-06-p2-wvvgj"",""cpu_m"":536,""mem_b"":529502558,""priority"":""2"",""node"":""kwok-node-17""},{""name"":""rs-07-p2-nkl57"",""cpu_m"":271,""mem_b"":580397279,""priority"":""2"",""node"":""kwok-node-25""},{""name"":""rs-07-p2-p7w9f"",""cpu_m"":271,""mem_b"":580397279,""priority"":""2"",""node"":""kwok-node-19""},{""name"":""rs-07-p2-qf5dk"",""cpu_m"":271,""mem_b"":580397279,""priority"":""2"",""node"":""kwok-node-22""},{""name"":""rs-07-p2-vm6hg"",""cpu_m"":271,""mem_b"":580397279,""priority"":""2"",""node"":""kwok-node-24""},{""name"":""rs-08-p1-6g278"",""cpu_m"":424,""mem_b"":329801509,""priority"":""1"",""node"":""kwok-node-26""},{""name"":""rs-08-p1-r6qkd"",""cpu_m"":424,""mem_b"":329801509,""priority"":""1"",""node"":""kwok-node-28""},{""name"":""rs-09-p2-989vk"",""cpu_m"":761,""mem_b"":194565062,""priority"":""2"",""node"":""kwok-node-3""},{""name"":""rs-09-p2-h8d69"",""cpu_m"":761,""mem_b"":194565062,""priority"":""2"",""node"":""kwok-node-29""},{""name"":""rs-09-p2-k2m69"",""cpu_m"":761,""mem_b"":194565062,""priority"":""2"",""node"":""kwok-node-30""},{""name"":""rs-09-p2-nffxd"",""cpu_m"":761,""mem_b"":194565062,""priority"":""2"",""node"":""kwok-node-27""},{""name"":""rs-10-p2-87lkg"",""cpu_m"":691,""mem_b"":825566069,""priority"":""2"",""node"":""kwok-node-13""},{""name"":""rs-11-p2-2vftt"",""cpu_m"":941,""mem_b"":333716010,""priority"":""2"",""node"":""kwok-node-18""},{""name"":""rs-11-p2-jhqts"",""cpu_m"":941,""mem_b"":333716010,""priority"":""2"",""node"":""kwok-node-25""},{""name"":""rs-11-p2-sd2sc"",""cpu_m"":941,""mem_b"":333716010,""priority"":""2"",""node"":""kwok-node-16""},{""name"":""rs-12-p4-574pm"",""cpu_m"":276,""mem_b"":424297007,""priority"":""4"",""node"":""kwok-node-31""},{""name"":""rs-12-p4-g6z67"",""cpu_m"":276,""mem_b"":424297007,""priority"":""4"",""node"":""kwok-node-5""},{""name"":""rs-13-p2-229xv"",""cpu_m"":557,""mem_b"":564280331,""priority"":""2"",""node"":""kwok-node-32""},{""name"":""rs-13-p2-rtcsc"",""cpu_m"":557,""mem_b"":564280331,""priority"":""2"",""node"":""kwok-node-7""},{""name"":""rs-14-p4-4ttcl"",""cpu_m"":997,""mem_b"":333147720,""priority"":""4"",""node"":""kwok-node-6""},{""name"":""rs-14-p4-9qtkr"",""cpu_m"":997,""mem_b"":333147720,""priority"":""4"",""node"":""kwok-node-4""},{""name"":""rs-14-p4-p642l"",""cpu_m"":997,""mem_b"":333147720,""priority"":""4"",""node"":""kwok-node-8""},{""name"":""rs-15-p3-ct9df"",""cpu_m"":734,""mem_b"":752878328,""priority"":""3"",""node"":""kwok-node-9""},{""name"":""rs-15-p3-h56z2"",""cpu_m"":734,""mem_b"":752878328,""priority"":""3"",""node"":""kwok-node-28""},{""name"":""rs-15-p3-nrhf4"",""cpu_m"":734,""mem_b"":752878328,""priority"":""3"",""node"":""kwok-node-26""},{""name"":""rs-16-p3-kxx55"",""cpu_m"":764,""mem_b"":261925620,""priority"":""3"",""node"":""kwok-node-24""},{""name"":""rs-17-p3-tvzxf"",""cpu_m"":686,""mem_b"":988627476,""priority"":""3"",""node"":""kwok-node-1""},{""name"":""rs-18-p4-lp95q"",""cpu_m"":106,""mem_b"":919106740,""priority"":""4"",""node"":""kwok-node-29""},{""name"":""rs-19-p1-8l8jf"",""cpu_m"":245,""mem_b"":989170478,""priority"":""1"",""node"":""kwok-node-27""},{""name"":""rs-20-p1-6j94g"",""cpu_m"":411,""mem_b"":539191844,""priority"":""1"",""node"":""kwok-node-11""},{""name"":""rs-20-p1-mrt59"",""cpu_m"":411,""mem_b"":539191844,""priority"":""1"",""node"":""kwok-node-31""},{""name"":""rs-21-p3-sdvz6"",""cpu_m"":948,""mem_b"":970778253,""priority"":""3"",""node"":""kwok-node-5""},{""name"":""rs-22-p2-jlghj"",""cpu_m"":391,""mem_b"":849329440,""priority"":""2"",""node"":""kwok-node-3""},{""name"":""rs-23-p4-mmx4r"",""cpu_m"":703,""mem_b"":840814158,""priority"":""4"",""node"":""kwok-node-2""},{""name"":""rs-23-p4-rtzkw"",""cpu_m"":703,""mem_b"":840814158,""priority"":""4"",""node"":""kwok-node-21""},{""name"":""rs-24-p2-fdlx4"",""cpu_m"":795,""mem_b"":650771517,""priority"":""2"",""node"":""kwok-node-22""},{""name"":""rs-24-p2-h49l9"",""cpu_m"":795,""mem_b"":650771517,""priority"":""2"",""node"":""kwok-node-10""},{""name"":""rs-24-p2-lxjqh"",""cpu_m"":795,""mem_b"":650771517,""priority"":""2"",""node"":""kwok-node-19""},{""name"":""rs-24-p2-v2v29"",""cpu_m"":795,""mem_b"":650771517,""priority"":""2"",""node"":""kwok-node-15""},{""name"":""rs-25-p4-2gqvs"",""cpu_m"":640,""mem_b"":626615528,""priority"":""4"",""node"":""kwok-node-12""},{""name"":""rs-25-p4-7mh57"",""cpu_m"":640,""mem_b"":626615528,""priority"":""4"",""node"":""kwok-node-7""},{""name"":""rs-25-p4-gvqjs"",""cpu_m"":640,""mem_b"":626615528,""priority"":""4"",""node"":""kwok-node-17""},{""name"":""rs-25-p4-ndrvx"",""cpu_m"":640,""mem_b"":626615528,""priority"":""4"",""node"":""kwok-node-23""},{""name"":""rs-26-p2-wh4lz"",""cpu_m"":691,""mem_b"":833050475,""priority"":""2"",""node"":""kwok-node-32""},{""name"":""rs-27-p2-4kgf6"",""cpu_m"":377,""mem_b"":760201338,""priority"":""2"",""node"":""kwok-node-30""},{""name"":""rs-27-p2-8n782"",""cpu_m"":377,""mem_b"":760201338,""priority"":""2"",""node"":""kwok-node-14""},{""name"":""rs-28-p3-4qkxn"",""cpu_m"":372,""mem_b"":306731552,""priority"":""3"",""node"":""kwok-node-9""},{""name"":""rs-28-p3-nz97x"",""cpu_m"":372,""mem_b"":306731552,""priority"":""3"",""node"":""kwok-node-20""},{""name"":""rs-28-p3-x2ng9"",""cpu_m"":372,""mem_b"":306731552,""priority"":""3"",""node"":""kwok-node-11""},{""name"":""rs-29-p3-48tk8"",""cpu_m"":501,""mem_b"":238643714,""priority"":""3"",""node"":""kwok-node-29""},{""name"":""rs-29-p3-6hltk"",""cpu_m"":501,""mem_b"":238643714,""priority"":""3"",""node"":""kwok-node-4""},{""name"":""rs-29-p3-n7lx7"",""cpu_m"":501,""mem_b"":238643714,""priority"":""3"",""node"":""kwok-node-8""},{""name"":""rs-29-p3-znn7x"",""cpu_m"":501,""mem_b"":238643714,""priority"":""3"",""node"":""kwok-node-31""},{""name"":""rs-30-p2-4wddf"",""cpu_m"":445,""mem_b"":710071585,""priority"":""2"",""node"":""kwok-node-18""},{""name"":""rs-30-p2-8szv2"",""cpu_m"":445,""mem_b"":710071585,""priority"":""2"",""node"":""kwok-node-6""},{""name"":""rs-30-p2-v8ngp"",""cpu_m"":445,""mem_b"":710071585,""priority"":""2"",""node"":""kwok-node-30""},{""name"":""rs-30-p2-z8psb"",""cpu_m"":445,""mem_b"":710071585,""priority"":""2"",""node"":""kwok-node-24""},{""name"":""rs-31-p3-7slqj"",""cpu_m"":827,""mem_b"":220083349,""priority"":""3"",""node"":""kwok-node-14""},{""name"":""rs-31-p3-9nftz"",""cpu_m"":827,""mem_b"":220083349,""priority"":""3"",""node"":""kwok-node-27""},{""name"":""rs-32-p1-5ln2h"",""cpu_m"":697,""mem_b"":673596278,""priority"":""1"",""node"":""kwok-node-3""},{""name"":""rs-32-p1-cnpmt"",""cpu_m"":697,""mem_b"":673596278,""priority"":""1"",""node"":""kwok-node-13""},{""name"":""rs-32-p1-gl7qx"",""cpu_m"":697,""mem_b"":673596278,""priority"":""1"",""node"":""kwok-node-16""},{""name"":""rs-32-p1-xvbjj"",""cpu_m"":697,""mem_b"":673596278,""priority"":""1"",""node"":""kwok-node-9""},{""name"":""rs-33-p4-jf64c"",""cpu_m"":954,""mem_b"":695446943,""priority"":""4"",""node"":""kwok-node-19""},{""name"":""rs-34-p1-4vhdt"",""cpu_m"":529,""mem_b"":632430127,""priority"":""1"",""node"":""kwok-node-23""},{""name"":""rs-34-p1-5w7pj"",""cpu_m"":529,""mem_b"":632430127,""priority"":""1"",""node"":""kwok-node-25""},{""name"":""rs-34-p1-6cv9s"",""cpu_m"":529,""mem_b"":632430127,""priority"":""1"",""node"":""kwok-node-26""},{""name"":""rs-34-p1-sb66j"",""cpu_m"":529,""mem_b"":632430127,""priority"":""1"",""node"":""kwok-node-28""},{""name"":""rs-35-p2-6bx85"",""cpu_m"":523,""mem_b"":826397001,""priority"":""2"",""node"":""kwok-node-11""},{""name"":""rs-35-p2-l9slk"",""cpu_m"":523,""mem_b"":826397001,""priority"":""2"",""node"":""kwok-node-17""},{""name"":""rs-36-p4-glz5h"",""cpu_m"":608,""mem_b"":948973795,""priority"":""4"",""node"":""kwok-node-12""},{""name"":""rs-36-p4-nf88k"",""cpu_m"":608,""mem_b"":948973795,""priority"":""4"",""node"":""kwok-node-6""},{""name"":""rs-36-p4-wfsvd"",""cpu_m"":608,""mem_b"":948973795,""priority"":""4"",""node"":""kwok-node-21""},{""name"":""rs-37-p1-4svcx"",""cpu_m"":980,""mem_b"":994410974,""priority"":""1"",""node"":""""},{""name"":""rs-37-p1-vpn26"",""cpu_m"":980,""mem_b"":994410974,""priority"":""1"",""node"":""""},{""name"":""rs-38-p4-6ld2s"",""cpu_m"":661,""mem_b"":230797421,""priority"":""4"",""node"":""kwok-node-1""},{""name"":""rs-38-p4-sb48s"",""cpu_m"":661,""mem_b"":230797421,""priority"":""4"",""node"":""kwok-node-22""},{""name"":""rs-38-p4-w58vr"",""cpu_m"":661,""mem_b"":230797421,""priority"":""4"",""node"":""kwok-node-20""},{""name"":""rs-39-p4-42w68"",""cpu_m"":883,""mem_b"":987540983,""priority"":""4"",""node"":""""},{""name"":""rs-39-p4-ks85j"",""cpu_m"":883,""mem_b"":987540983,""priority"":""4"",""node"":""""},{""name"":""rs-39-p4-vvk9v"",""cpu_m"":883,""mem_b"":987540983,""priority"":""4"",""node"":""kwok-node-31""},{""name"":""rs-39-p4-wnp7r"",""cpu_m"":883,""mem_b"":987540983,""priority"":""4"",""node"":""kwok-node-7""},{""name"":""rs-40-p1-d6c4p"",""cpu_m"":145,""mem_b"":439456168,""priority"":""1"",""node"":""kwok-node-2""},{""name"":""rs-40-p1-tqsrf"",""cpu_m"":145,""mem_b"":439456168,""priority"":""1"",""node"":""kwok-node-4""},{""name"":""rs-41-p2-8xkbd"",""cpu_m"":256,""mem_b"":524518661,""priority"":""2"",""node"":""kwok-node-8""},{""name"":""rs-41-p2-btc6g"",""cpu_m"":256,""mem_b"":524518661,""priority"":""2"",""node"":""kwok-node-15""},{""name"":""rs-41-p2-x7z69"",""cpu_m"":256,""mem_b"":524518661,""priority"":""2"",""node"":""kwok-node-10""},{""name"":""rs-42-p2-hlrnv"",""cpu_m"":162,""mem_b"":328328812,""priority"":""2"",""node"":""kwok-node-29""},{""name"":""rs-43-p4-9tdgd"",""cpu_m"":188,""mem_b"":655093739,""priority"":""4"",""node"":""kwok-node-5""},{""name"":""rs-43-p4-b4tsk"",""cpu_m"":188,""mem_b"":655093739,""priority"":""4"",""node"":""kwok-node-27""},{""name"":""rs-43-p4-nczvx"",""cpu_m"":188,""mem_b"":655093739,""priority"":""4"",""node"":""kwok-node-4""},{""name"":""rs-43-p4-pc5jh"",""cpu_m"":188,""mem_b"":655093739,""priority"":""4"",""node"":""kwok-node-8""},{""name"":""rs-44-p2-bv5b8"",""cpu_m"":789,""mem_b"":615065931,""priority"":""2"",""node"":""""},{""name"":""rs-44-p2-nt79n"",""cpu_m"":789,""mem_b"":615065931,""priority"":""2"",""node"":""kwok-node-32""},{""name"":""rs-45-p1-4njs4"",""cpu_m"":613,""mem_b"":446087977,""priority"":""1"",""node"":""kwok-node-2""},{""name"":""rs-45-p1-7x2qr"",""cpu_m"":613,""mem_b"":446087977,""priority"":""1"",""node"":""kwok-node-29""},{""name"":""rs-45-p1-rk56r"",""cpu_m"":613,""mem_b"":446087977,""priority"":""1"",""node"":""kwok-node-24""},{""name"":""rs-45-p1-v2kcv"",""cpu_m"":613,""mem_b"":446087977,""priority"":""1"",""node"":""""},{""name"":""rs-46-p1-955k7"",""cpu_m"":348,""mem_b"":936964418,""priority"":""1"",""node"":""""},{""name"":""rs-47-p1-5ppfv"",""cpu_m"":789,""mem_b"":499082249,""priority"":""1"",""node"":""""},{""name"":""rs-47-p1-ltmfj"",""cpu_m"":789,""mem_b"":499082249,""priority"":""1"",""node"":""""},{""name"":""rs-47-p1-vz947"",""cpu_m"":789,""mem_b"":499082249,""priority"":""1"",""node"":""""},{""name"":""rs-47-p1-wcz8n"",""cpu_m"":789,""mem_b"":499082249,""priority"":""1"",""node"":""""},{""name"":""rs-48-p3-2b97x"",""cpu_m"":108,""mem_b"":896603897,""priority"":""3"",""node"":""""},{""name"":""rs-48-p3-js7km"",""cpu_m"":108,""mem_b"":896603897,""priority"":""3"",""node"":""""},{""name"":""rs-48-p3-jxjqm"",""cpu_m"":108,""mem_b"":896603897,""priority"":""3"",""node"":""""},{""name"":""rs-48-p3-x7lz9"",""cpu_m"":108,""mem_b"":896603897,""priority"":""3"",""node"":""""},{""name"":""rs-49-p4-5tqpp"",""cpu_m"":534,""mem_b"":512888503,""priority"":""4"",""node"":""kwok-node-18""},{""name"":""rs-49-p4-zv2vg"",""cpu_m"":534,""mem_b"":512888503,""priority"":""4"",""node"":""kwok-node-30""},{""name"":""rs-50-p2-h8p6v"",""cpu_m"":766,""mem_b"":528657351,""priority"":""2"",""node"":""""},{""name"":""rs-51-p4-8sptm"",""cpu_m"":383,""mem_b"":420928419,""priority"":""4"",""node"":""kwok-node-14""},{""name"":""rs-52-p2-4gdlq"",""cpu_m"":717,""mem_b"":400538870,""priority"":""2"",""node"":""""},{""name"":""rs-52-p2-ggf4w"",""cpu_m"":717,""mem_b"":400538870,""priority"":""2"",""node"":""""},{""name"":""rs-52-p2-r5bp5"",""cpu_m"":717,""mem_b"":400538870,""priority"":""2"",""node"":""""},{""name"":""rs-52-p2-ssmbh"",""cpu_m"":717,""mem_b"":400538870,""priority"":""2"",""node"":""""}]","[{""name"":""kwok-node-1"",""cap_cpu_m"":2152,""cap_mem_bytes"":2195356516},{""name"":""kwok-node-2"",""cap_cpu_m"":2152,""cap_mem_bytes"":2195356516},{""name"":""kwok-node-3"",""cap_cpu_m"":2152,""cap_mem_bytes"":2195356516},{""name"":""kwok-node-4"",""cap_cpu_m"":2152,""cap_mem_bytes"":2195356516},{""name"":""kwok-node-5"",""cap_cpu_m"":2152,""cap_mem_bytes"":2195356516},{""name"":""kwok-node-6"",""cap_cpu_m"":2152,""cap_mem_bytes"":2195356516},{""name"":""kwok-node-7"",""cap_cpu_m"":2152,""cap_mem_bytes"":2195356516},{""name"":""kwok-node-8"",""cap_cpu_m"":2152,""cap_mem_bytes"":2195356516},{""name"":""kwok-node-9"",""cap_cpu_m"":2152,""cap_mem_bytes"":2195356516},{""name"":""kwok-node-10"",""cap_cpu_m"":2152,""cap_mem_bytes"":2195356516},{""name"":""kwok-node-11"",""cap_cpu_m"":2152,""cap_mem_bytes"":2195356516},{""name"":""kwok-node-12"",""cap_cpu_m"":2152,""cap_mem_bytes"":2195356516},{""name"":""kwok-node-13"",""cap_cpu_m"":2152,""cap_mem_bytes"":2195356516},{""name"":""kwok-node-14"",""cap_cpu_m"":2152,""cap_mem_bytes"":2195356516},{""name"":""kwok-node-15"",""cap_cpu_m"":2152,""cap_mem_bytes"":2195356516},{""name"":""kwok-node-16"",""cap_cpu_m"":2152,""cap_mem_bytes"":2195356516},{""name"":""kwok-node-17"",""cap_cpu_m"":2152,""cap_mem_bytes"":2195356516},{""name"":""kwok-node-18"",""cap_cpu_m"":2152,""cap_mem_bytes"":2195356516},{""name"":""kwok-node-19"",""cap_cpu_m"":2152,""cap_mem_bytes"":2195356516},{""name"":""kwok-node-20"",""cap_cpu_m"":2152,""cap_mem_bytes"":2195356516},{""name"":""kwok-node-21"",""cap_cpu_m"":2152,""cap_mem_bytes"":2195356516},{""name"":""kwok-node-22"",""cap_cpu_m"":2152,""cap_mem_bytes"":2195356516},{""name"":""kwok-node-23"",""cap_cpu_m"":2152,""cap_mem_bytes"":2195356516},{""name"":""kwok-node-24"",""cap_cpu_m"":2152,""cap_mem_bytes"":2195356516},{""name"":""kwok-node-25"",""cap_cpu_m"":2152,""cap_mem_bytes"":2195356516},{""name"":""kwok-node-26"",""cap_cpu_m"":2152,""cap_mem_bytes"":2195356516},{""name"":""kwok-node-27"",""cap_cpu_m"":2152,""cap_mem_bytes"":2195356516},{""name"":""kwok-node-28"",""cap_cpu_m"":2152,""cap_mem_bytes"":2195356516},{""name"":""kwok-node-29"",""cap_cpu_m"":2152,""cap_mem_bytes"":2195356516},{""name"":""kwok-node-30"",""cap_cpu_m"":2152,""cap_mem_bytes"":2195356516},{""name"":""kwok-node-31"",""cap_cpu_m"":2152,""cap_mem_bytes"":2195356516},{""name"":""kwok-node-32"",""cap_cpu_m"":2152,""cap_mem_bytes"":2195356516}]"
2026/02/11/12:15:47,7965293553015376524,,"{""evicted"":0,""moved"":0,""placed_by_priority"":{""1"":22,""2"":38,""3"":18,""4"":27}}",python,"{""evicted"":8,""moved"":8,""placed_by_priority"":{""1"":14,""2"":40,""3"":22,""4"":38}}",1027,FEASIBLE,"[{""duration_ms"":1027,""name"":""python"",""score"":{""evicted"":8,""moved"":8,""placed_by_priority"":{""1"":14,""2"":40,""3"":22,""4"":38}},""status"":""FEASIBLE""}]",0.916,0.825,0.900,0.805,68703,61885,57733021856,51592903795,114,105,14,23,"{""kwok-node-1"":3,""kwok-node-10"":3,""kwok-node-11"":3,""kwok-node-12"":3,""kwok-node-13"":3,""kwok-node-14"":3,""kwok-node-15"":3,""kwok-node-16"":5,""kwok-node-17"":3,""kwok-node-18"":4,""kwok-node-19"":4,""kwok-node-2"":4,""kwok-node-20"":4,""kwok-node-21"":4,""kwok-node-22"":4,""kwok-node-23"":4,""kwok-node-24"":4,""kwok-node-25"":4,""kwok-node-26"":4,""kwok-node-27"":5,""kwok-node-28"":4,""kwok-node-29"":4,""kwok-node-3"":4,""kwok-node-30"":3,""kwok-node-31"":3,""kwok-node-32"":3,""kwok-node-4"":3,""kwok-node-5"":3,""kwok-node-6"":3,""kwok-node-7"":4,""kwok-node-8"":3,""kwok-node-9"":3}","{""kwok-node-1"":3,""kwok-node-10"":3,""kwok-node-11"":2,""kwok-node-12"":3,""kwok-node-13"":3,""kwok-node-14"":3,""kwok-node-15"":3,""kwok-node-16"":5,""kwok-node-17"":3,""kwok-node-18"":3,""kwok-node-19"":4,""kwok-node-2"":4,""kwok-node-20"":4,""kwok-node-21"":3,""kwok-node-22"":2,""kwok-node-23"":3,""kwok-node-24"":4,""kwok-node-25"":4,""kwok-node-26"":4,""kwok-node-27"":4,""kwok-node-28"":3,""kwok-node-29"":4,""kwok-node-3"":3,""kwok-node-30"":3,""kwok-node-31"":3,""kwok-node-32"":3,""kwok-node-4"":3,""kwok-node-5"":3,""kwok-node-6"":3,""kwok-node-7"":4,""kwok-node-8"":3,""kwok-node-9"":3}","{""p1"":14,""p2"":40,""p3"":22,""p4"":38}","{""p1"":22,""p2"":38,""p3"":18,""p4"":27}","{""p1"":14}","{""p1"":6,""p2"":2,""p3"":4,""p4"":11}","{rs-07-p1-jw7mq,rs-07-p1-kc2ft,rs-25-p1-795nh,rs-25-p1-tbn62,rs-37-p1-57s4q,rs-37-p1-fvvf6,rs-37-p1-fx967,rs-37-p1-tljvt,rs-43-p1-5chc9,rs-43-p1-pswlw,rs-46-p1-7q6lf,rs-46-p1-c6rvz,rs-46-p1-tm7nf,rs-49-p1-lmbjb}","{rs-39-p3-5s7nc,rs-39-p3-gjs2x,rs-39-p3-hhsc9,rs-39-p3-jrswt,rs-42-p4-57pl6,rs-42-p4-7zt6t,rs-42-p4-nzcj8,rs-42-p4-x4dkz,rs-43-p1-5chc9,rs-43-p1-pswlw,rs-44-p4-c2mrd,rs-44-p4-cjjtl,rs-44-p4-gr4g2,rs-45-p2-nnwpg,rs-46-p1-7q6lf,rs-46-p1-c6rvz,rs-46-p1-tm7nf,rs-48-p4-js7s4,rs-48-p4-l8j2m,rs-48-p4-xrmhr,rs-49-p1-lmbjb,rs-50-p4-wz2dx,rs-52-p2-7z6pv}","{rs-01-p4-4t5fv,rs-02-p4-b7l6p,rs-02-p4-bkr4h,rs-02-p4-pbd2q,rs-03-p2-9zjf8,rs-03-p2-d9jwv,rs-03-p2-dfcfx,rs-03-p2-vqjkh,rs-04-p2-dkk5f,rs-04-p2-js88t,rs-05-p1-sq8gr,rs-06-p3-bgp6f,rs-08-p1-l942m,rs-08-p1-mmfb4,rs-09-p4-ksdwk,rs-09-p4-rp8jb,rs-09-p4-zdmp8,rs-10-p3-jz4zn,rs-10-p3-s7ffk,rs-10-p3-trbtg,rs-11-p2-f7k4t,rs-11-p2-kh57b,rs-11-p2-t6cq8,rs-12-p2-fdnz8,rs-12-p2-lm8ts,rs-13-p2-mx5x9,rs-13-p2-skd2m,rs-13-p2-skpcn,rs-13-p2-txvtg,rs-14-p4-nmf4g,rs-14-p4-r2r9t,rs-15-p3-hx75b,rs-16-p2-nqtsc,rs-17-p3-jjszp,rs-17-p3-l9ln9,rs-18-p4-hk5ph,rs-19-p1-c6lfv,rs-19-p1-fkp86,rs-19-p1-s5gsv,rs-20-p3-9qrgl,rs-20-p3-w6t7h,rs-21-p2-74ks2,rs-21-p2-ccdms,rs-21-p2-gmxkc,rs-21-p2-jnlgw,rs-22-p2-5w54q,rs-22-p2-gc9zn,rs-22-p2-lfjx5,rs-23-p2-g5kwt,rs-23-p2-ns7m2,rs-24-p2-bgm7v,rs-24-p2-ll4bp,rs-26-p2-mptdk,rs-26-p2-vx7vv,rs-26-p2-zqspc,rs-27-p3-2vqfv,rs-27-p3-6v7sm,rs-27-p3-wx67s,rs-28-p4-97nkb,rs-28-p4-9h8c2,rs-29-p1-4h9zb,rs-29-p1-rxzr5,rs-29-p1-wvzkg,rs-30-p2-7rhm7,rs-30-p2-pp8w6,rs-31-p4-6xtdv,rs-31-p4-g8r9d,rs-32-p4-bfnpt,rs-32-p4-dznfd,rs-32-p4-qv2c4,rs-32-p4-zj28d,rs-33-p2-6599c,rs-33-p2-m42sq,rs-34-p3-4cln2,rs-35-p3-bp5wp,rs-36-p4-9xsxz,rs-36-p4-d546d,rs-36-p4-g6s9d,rs-36-p4-zrpnc,rs-38-p3-4qz6s,rs-38-p3-8rczp,rs-38-p3-kldtb,rs-38-p3-kxzp5,rs-39-p3-5s7nc,rs-39-p3-gjs2x,rs-39-p3-hhsc9,rs-39-p3-jrswt,rs-40-p1-cggzv,rs-40-p1-h6bb7,rs-40-p1-lqd4g,rs-40-p1-qvh6h,rs-41-p2-b76nk,rs-41-p2-bsf4d,rs-41-p2-ptr5w,rs-41-p2-qfq2b,rs-42-p4-57pl6,rs-42-p4-7zt6t,rs-42-p4-nzcj8,rs-42-p4-x4dkz,rs-44-p4-c2mrd,rs-44-p4-cjjtl,rs-44-p4-gr4g2,rs-45-p2-nnwpg,rs-47-p4-8c5h2,rs-47-p4-bgdlc,rs-47-p4-h7xdq,rs-47-p4-jtv9j,rs-48-p4-js7s4,rs-48-p4-l8j2m,rs-48-p4-xrmhr,rs-49-p1-9wh5r,rs-50-p4-wz2dx,rs-51-p4-kf2dj,rs-52-p2-7z6pv}","{rs-01-p4-4t5fv,rs-02-p4-b7l6p,rs-02-p4-bkr4h,rs-02-p4-pbd2q,rs-03-p2-9zjf8,rs-03-p2-d9jwv,rs-03-p2-dfcfx,rs-03-p2-vqjkh,rs-04-p2-dkk5f,rs-04-p2-js88t,rs-05-p1-xk7n5,rs-06-p3-bgp6f,rs-07-p1-d9vp6,rs-07-p1-rkn47,rs-08-p1-l942m,rs-08-p1-mmfb4,rs-09-p4-ksdwk,rs-09-p4-rp8jb,rs-09-p4-zdmp8,rs-10-p3-jz4zn,rs-10-p3-s7ffk,rs-10-p3-trbtg,rs-11-p2-f7k4t,rs-11-p2-kh57b,rs-11-p2-t6cq8,rs-12-p2-fdnz8,rs-12-p2-lm8ts,rs-13-p2-mx5x9,rs-13-p2-skd2m,rs-13-p2-skpcn,rs-13-p2-txvtg,rs-14-p4-nmf4g,rs-14-p4-r2r9t,rs-15-p3-hx75b,rs-16-p2-nqtsc,rs-17-p3-jjszp,rs-17-p3-l9ln9,rs-18-p4-hk5ph,rs-19-p1-c6lfv,rs-19-p1-qqtvj,rs-19-p1-s5gsv,rs-20-p3-9qrgl,rs-20-p3-w6t7h,rs-21-p2-74ks2,rs-21-p2-ccdms,rs-21-p2-gmxkc,rs-21-p2-jnlgw,rs-22-p2-5w54q,rs-22-p2-gc9zn,rs-22-p2-lfjx5,rs-23-p2-g5kwt,rs-23-p2-ns7m2,rs-24-p2-bgm7v,rs-24-p2-ll4bp,rs-25-p1-g22bn,rs-25-p1-mwlvd,rs-26-p2-mptdk,rs-26-p2-vx7vv,rs-26-p2-zqspc,rs-27-p3-2vqfv,rs-27-p3-6v7sm,rs-27-p3-wx67s,rs-28-p4-97nkb,rs-28-p4-9h8c2,rs-29-p1-24lrs,rs-29-p1-f845w,rs-29-p1-wvzkg,rs-30-p2-7rhm7,rs-30-p2-pp8w6,rs-31-p4-6xtdv,rs-31-p4-g8r9d,rs-32-p4-bfnpt,rs-32-p4-dznfd,rs-32-p4-qv2c4,rs-32-p4-zj28d,rs-33-p2-6599c,rs-33-p2-m42sq,rs-34-p3-4cln2,rs-35-p3-bp5wp,rs-36-p4-9xsxz,rs-36-p4-d546d,rs-36-p4-g6s9d,rs-36-p4-zrpnc,rs-37-p1-j6mdh,rs-37-p1-j7859,rs-37-p1-n5j6z,rs-37-p1-p8x2r,rs-38-p3-4qz6s,rs-38-p3-8rczp,rs-38-p3-kldtb,rs-38-p3-kxzp5,rs-40-p1-4dzk2,rs-40-p1-lzr9h,rs-40-p1-nw6ch,rs-40-p1-tmbv5,rs-41-p2-b76nk,rs-41-p2-bsf4d,rs-41-p2-ptr5w,rs-41-p2-qfq2b,rs-47-p4-8c5h2,rs-47-p4-bgdlc,rs-47-p4-h7xdq,rs-47-p4-jtv9j,rs-49-p1-9wh5r,rs-51-p4-kf2dj}","[{""name"":""rs-01-p4-4t5fv"",""cpu_m"":660,""mem_b"":269612892,""priority"":""4"",""node"":""kwok-node-19""},{""name"":""rs-02-p4-b7l6p"",""cpu_m"":533,""mem_b"":834613011,""priority"":""4"",""node"":""kwok-node-1""},{""name"":""rs-02-p4-bkr4h"",""cpu_m"":533,""mem_b"":834613011,""priority"":""4"",""node"":""kwok-node-10""},{""name"":""rs-02-p4-pbd2q"",""cpu_m"":533,""mem_b"":834613011,""priority"":""4"",""node"":""kwok-node-17""},{""name"":""rs-03-p2-9zjf8"",""cpu_m"":397,""mem_b"":976006905,""priority"":""2"",""node"":""kwok-node-20""},{""name"":""rs-03-p2-d9jwv"",""cpu_m"":397,""mem_b"":976006905,""priority"":""2"",""node"":""kwok-node-18""},{""name"":""rs-03-p2-dfcfx"",""cpu_m"":397,""mem_b"":976006905,""priority"":""2"",""node"":""kwok-node-12""},{""name"":""rs-03-p2-vqjkh"",""cpu_m"":397,""mem_b"":976006905,""priority"":""2"",""node"":""kwok-node-14""},{""name"":""rs-04-p2-dkk5f"",""cpu_m"":619,""mem_b"":494172226,""priority"":""2"",""node"":""kwok-node-13""},{""name"":""rs-04-p2-js88t"",""cpu_m"":619,""mem_b"":494172226,""priority"":""2"",""node"":""kwok-node-15""},{""name"":""rs-05-p1-sq8gr"",""cpu_m"":548,""mem_b"":270103804,""priority"":""1"",""node"":""kwok-node-21""},{""name"":""rs-06-p3-bgp6f"",""cpu_m"":833,""mem_b"":124946388,""priority"":""3"",""node"":""kwok-node-21""},{""name"":""rs-07-p1-jw7mq"",""cpu_m"":926,""mem_b"":927684976,""priority"":""1"",""node"":""""},{""name"":""rs-07-p1-kc2ft"",""cpu_m"":926,""mem_b"":927684976,""priority"":""1"",""node"":""""},{""name"":""rs-08-p1-l942m"",""cpu_m"":292,""mem_b"":445762994,""priority"":""1"",""node"":""kwok-node-27""},{""name"":""rs-08-p1-mmfb4"",""cpu_m"":292,""mem_b"":445762994,""priority"":""1"",""node"":""kwok-node-16""},{""name"":""rs-09-p4-ksdwk"",""cpu_m"":702,""mem_b"":225422086,""priority"":""4"",""node"":""kwok-node-26""},{""name"":""rs-09-p4-rp8jb"",""cpu_m"":702,""mem_b"":225422086,""priority"":""4"",""node"":""kwok-node-25""},{""name"":""rs-09-p4-zdmp8"",""cpu_m"":702,""mem_b"":225422086,""priority"":""4"",""node"":""kwok-node-24""},{""name"":""rs-10-p3-jz4zn"",""cpu_m"":114,""mem_b"":752592080,""priority"":""3"",""node"":""kwok-node-29""},{""name"":""rs-10-p3-s7ffk"",""cpu_m"":114,""mem_b"":752592080,""priority"":""3"",""node"":""kwok-node-23""},{""name"":""rs-10-p3-trbtg"",""cpu_m"":114,""mem_b"":752592080,""priority"":""3"",""node"":""kwok-node-28""},{""name"":""rs-11-p2-f7k4t"",""cpu_m"":698,""mem_b"":507237062,""priority"":""2"",""node"":""kwok-node-32""},{""name"":""rs-11-p2-kh57b"",""cpu_m"":698,""mem_b"":507237062,""priority"":""2"",""node"":""kwok-node-31""},{""name"":""rs-11-p2-t6cq8"",""cpu_m"":698,""mem_b"":507237062,""priority"":""2"",""node"":""kwok-node-3""},{""name"":""rs-12-p2-fdnz8"",""cpu_m"":924,""mem_b"":588912042,""priority"":""2"",""node"":""kwok-node-30""},{""name"":""rs-12-p2-lm8ts"",""cpu_m"":924,""mem_b"":588912042,""priority"":""2"",""node"":""kwok-node-4""},{""name"":""rs-13-p2-mx5x9"",""cpu_m"":954,""mem_b"":257790873,""priority"":""2"",""node"":""kwok-node-23""},{""name"":""rs-13-p2-skd2m"",""cpu_m"":954,""mem_b"":257790873,""priority"":""2"",""node"":""kwok-node-5""},{""name"":""rs-13-p2-skpcn"",""cpu_m"":954,""mem_b"":257790873,""priority"":""2"",""node"":""kwok-node-6""},{""name"":""rs-13-p2-txvtg"",""cpu_m"":954,""mem_b"":257790873,""priority"":""2"",""node"":""kwok-node-28""},{""name"":""rs-14-p4-nmf4g"",""cpu_m"":173,""mem_b"":333722836,""priority"":""4"",""node"":""kwok-node-2""},{""name"":""rs-14-p4-r2r9t"",""cpu_m"":173,""mem_b"":333722836,""priority"":""4"",""node"":""kwok-node-7""},{""name"":""rs-15-p3-hx75b"",""cpu_m"":733,""mem_b"":688776137,""priority"":""3"",""node"":""kwok-node-9""},{""name"":""rs-16-p2-nqtsc"",""cpu_m"":561,""mem_b"":111260142,""priority"":""2"",""node"":""kwok-node-8""},{""name"":""rs-17-p3-jjszp"",""cpu_m"":585,""mem_b"":862412415,""priority"":""3"",""node"":""kwok-node-8""},{""name"":""rs-17-p3-l9ln9"",""cpu_m"":585,""mem_b"":862412415,""priority"":""3"",""node"":""kwok-node-24""},{""name"":""rs-18-p4-hk5ph"",""cpu_m"":954,""mem_b"":680710220,""priority"":""4"",""node"":""kwok-node-7""},{""name"":""rs-19-p1-c6lfv"",""cpu_m"":430,""mem_b"":582321491,""priority"":""1"",""node"":""kwok-node-26""},{""name"":""rs-19-p1-fkp86"",""cpu_m"":430,""mem_b"":582321491,""priority"":""1"",""node"":""kwok-node-18""},{""name"":""rs-19-p1-s5gsv"",""cpu_m"":430,""mem_b"":582321491,""priority"":""1"",""node"":""kwok-node-25""},{""name"":""rs-20-p3-9qrgl"",""cpu_m"":288,""mem_b"":329117626,""priority"":""3"",""node"":""kwok-node-27""},{""name"":""rs-20-p3-w6t7h"",""cpu_m"":288,""mem_b"":329117626,""priority"":""3"",""node"":""kwok-node-16""},{""name"":""rs-21-p2-74ks2"",""cpu_m"":413,""mem_b"":578569106,""priority"":""2"",""node"":""kwok-node-3""},{""name"":""rs-21-p2-ccdms"",""cpu_m"":413,""mem_b"":578569106,""priority"":""2"",""node"":""kwok-node-13""},{""name"":""rs-21-p2-gmxkc"",""cpu_m"":413,""mem_b"":578569106,""priority"":""2"",""node"":""kwok-node-21""},{""name"":""rs-21-p2-jnlgw"",""cpu_m"":413,""mem_b"":578569106,""priority"":""2"",""node"":""kwok-node-15""},{""name"":""rs-22-p2-5w54q"",""cpu_m"":663,""mem_b"":540147462,""priority"":""2"",""node"":""kwok-node-31""},{""name"":""rs-22-p2-gc9zn"",""cpu_m"":663,""mem_b"":540147462,""priority"":""2"",""node"":""kwok-node-32""},{""name"":""rs-22-p2-lfjx5"",""cpu_m"":663,""mem_b"":540147462,""priority"":""2"",""node"":""kwok-node-2""},{""name"":""rs-23-p2-g5kwt"",""cpu_m"":463,""mem_b"":687677720,""priority"":""2"",""node"":""kwok-node-6""},{""name"":""rs-23-p2-ns7m2"",""cpu_m"":463,""mem_b"":687677720,""priority"":""2"",""node"":""kwok-node-5""},{""name"":""rs-24-p2-bgm7v"",""cpu_m"":119,""mem_b"":783084710,""priority"":""2"",""node"":""kwok-node-4""},{""name"":""rs-24-p2-ll4bp"",""cpu_m"":119,""mem_b"":783084710,""priority"":""2"",""node"":""kwok-node-30""},{""name"":""rs-25-p1-795nh"",""cpu_m"":283,""mem_b"":923456197,""priority"":""1"",""node"":""""},{""name"":""rs-25-p1-tbn62"",""cpu_m"":283,""mem_b"":923456197,""priority"":""1"",""node"":""""},{""name"":""rs-26-p2-mptdk"",""cpu_m"":439,""mem_b"":434452597,""priority"":""2"",""node"":""kwok-node-27""},{""name"":""rs-26-p2-vx7vv"",""cpu_m"":439,""mem_b"":434452597,""priority"":""2"",""node"":""kwok-node-29""},{""name"":""rs-26-p2-zqspc"",""cpu_m"":439,""mem_b"":434452597,""priority"":""2"",""node"":""kwok-node-16""},{""name"":""rs-27-p3-2vqfv"",""cpu_m"":658,""mem_b"":359001204,""priority"":""3"",""node"":""kwok-node-10""},{""name"":""rs-27-p3-6v7sm"",""cpu_m"":658,""mem_b"":359001204,""priority"":""3"",""node"":""kwok-node-17""},{""name"":""rs-27-p3-wx67s"",""cpu_m"":658,""mem_b"":359001204,""priority"":""3"",""node"":""kwok-node-1""},{""name"":""rs-28-p4-97nkb"",""cpu_m"":777,""mem_b"":631987286,""priority"":""4"",""node"":""kwok-node-11""},{""name"":""rs-28-p4-9h8c2"",""cpu_m"":777,""mem_b"":631987286,""priority"":""4"",""node"":""kwok-node-22""},{""name"":""rs-29-p1-4h9zb"",""cpu_m"":602,""mem_b"":139413463,""priority"":""1"",""node"":""kwok-node-22""},{""name"":""rs-29-p1-rxzr5"",""cpu_m"":602,""mem_b"":139413463,""priority"":""1"",""node"":""kwok-node-22""},{""name"":""rs-29-p1-wvzkg"",""cpu_m"":602,""mem_b"":139413463,""priority"":""1"",""node"":""kwok-node-18""},{""name"":""rs-30-p2-7rhm7"",""cpu_m"":406,""mem_b"":711857542,""priority"":""2"",""node"":""kwok-node-25""},{""name"":""rs-30-p2-pp8w6"",""cpu_m"":406,""mem_b"":711857542,""priority"":""2"",""node"":""kwok-node-26""},{""name"":""rs-31-p4-6xtdv"",""cpu_m"":282,""mem_b"":364736187,""priority"":""4"",""node"":""kwok-node-20""},{""name"":""rs-31-p4-g8r9d"",""cpu_m"":282,""mem_b"":364736187,""priority"":""4"",""node"":""kwok-node-19""},{""name"":""rs-32-p4-bfnpt"",""cpu_m"":860,""mem_b"":560585044,""priority"":""4"",""node"":""kwok-node-28""},{""name"":""rs-32-p4-dznfd"",""cpu_m"":860,""mem_b"":560585044,""priority"":""4"",""node"":""kwok-node-13""},{""name"":""rs-32-p4-qv2c4"",""cpu_m"":860,""mem_b"":560585044,""priority"":""4"",""node"":""kwok-node-23""},{""name"":""rs-32-p4-zj28d"",""cpu_m"":860,""mem_b"":560585044,""priority"":""4"",""node"":""kwok-node-15""},{""name"":""rs-33-p2-6599c"",""cpu_m"":944,""mem_b"":381189840,""priority"":""2"",""node"":""kwok-node-29""},{""name"":""rs-33-p2-m42sq"",""cpu_m"":944,""mem_b"":381189840,""priority"":""2"",""node"":""kwok-node-12""},{""name"":""rs-34-p3-4cln2"",""cpu_m"":265,""mem_b"":155621489,""priority"":""3"",""node"":""kwok-node-7""},{""name"":""rs-35-p3-bp5wp"",""cpu_m"":680,""mem_b"":169669704,""priority"":""3"",""node"":""kwok-node-16""},{""name"":""rs-36-p4-9xsxz"",""cpu_m"":843,""mem_b"":276187166,""priority"":""4"",""node"":""kwok-node-20""},{""name"":""rs-36-p4-d546d"",""cpu_m"":843,""mem_b"":276187166,""priority"":""4"",""node"":""kwok-node-18""},{""name"":""rs-36-p4-g6s9d"",""cpu_m"":843,""mem_b"":276187166,""priority"":""4"",""node"":""kwok-node-14""},{""name"":""rs-36-p4-zrpnc"",""cpu_m"":843,""mem_b"":276187166,""priority"":""4"",""node"":""kwok-node-27""},{""name"":""rs-37-p1-57s4q"",""cpu_m"":594,""mem_b"":679140709,""priority"":""1"",""node"":""""},{""name"":""rs-37-p1-fvvf6"",""cpu_m"":594,""mem_b"":679140709,""priority"":""1"",""node"":""""},{""name"":""rs-37-p1-fx967"",""cpu_m"":594,""mem_b"":679140709,""priority"":""1"",""node"":""""},{""name"":""rs-37-p1-tljvt"",""cpu_m"":594,""mem_b"":679140709,""priority"":""1"",""node"":""""},{""name"":""rs-38-p3-4qz6s"",""cpu_m"":686,""mem_b"":428054666,""priority"":""3"",""node"":""kwok-node-17""},{""name"":""rs-38-p3-8rczp"",""cpu_m"":686,""mem_b"":428054666,""priority"":""3"",""node"":""kwok-node-10""},{""name"":""rs-38-p3-kldtb"",""cpu_m"":686,""mem_b"":428054666,""priority"":""3"",""node"":""kwok-node-1""},{""name"":""rs-38-p3-kxzp5"",""cpu_m"":686,""mem_b"":428054666,""priority"":""3"",""node"":""kwok-node-3""},{""name"":""rs-39-p3-5s7nc"",""cpu_m"":337,""mem_b"":975540621,""priority"":""3"",""node"":""kwok-node-11""},{""name"":""rs-39-p3-gjs2x"",""cpu_m"":337,""mem_b"":975540621,""priority"":""3"",""node"":""kwok-node-9""},{""name"":""rs-39-p3-hhsc9"",""cpu_m"":337,""mem_b"":975540621,""priority"":""3"",""node"":""kwok-node-21""},{""name"":""rs-39-p3-jrswt"",""cpu_m"":337,""mem_b"":975540621,""priority"":""3"",""node"":""kwok-node-19""},{""name"":""rs-40-p1-cggzv"",""cpu_m"":366,""mem_b"":416034866,""priority"":""1"",""node"":""kwok-node-3""},{""name"":""rs-40-p1-h6bb7"",""cpu_m"":366,""mem_b"":416034866,""priority"":""1"",""node"":""kwok-node-23""},{""name"":""rs-40-p1-lqd4g"",""cpu_m"":366,""mem_b"":416034866,""priority"":""1"",""node"":""kwok-node-27""},{""name"":""rs-40-p1-qvh6h"",""cpu_m"":366,""mem_b"":416034866,""priority"":""1"",""node"":""kwok-node-28""},{""name"":""rs-41-p2-b76nk"",""cpu_m"":903,""mem_b"":300961366,""priority"":""2"",""node"":""kwok-node-9""},{""name"":""rs-41-p2-bsf4d"",""cpu_m"":903,""mem_b"":300961366,""priority"":""2"",""node"":""kwok-node-30""},{""name"":""rs-41-p2-ptr5w"",""cpu_m"":903,""mem_b"":300961366,""priority"":""2"",""node"":""kwok-node-4""},{""name"":""rs-41-p2-qfq2b"",""cpu_m"":903,""mem_b"":300961366,""priority"":""2"",""node"":""kwok-node-19""},{""name"":""rs-42-p4-57pl6"",""cpu_m"":837,""mem_b"":717882007,""priority"":""4"",""node"":""kwok-node-14""},{""name"":""rs-42-p4-7zt6t"",""cpu_m"":837,""mem_b"":717882007,""priority"":""4"",""node"":""kwok-node-7""},{""name"":""rs-42-p4-nzcj8"",""cpu_m"":837,""mem_b"":717882007,""priority"":""4"",""node"":""kwok-node-6""},{""name"":""rs-42-p4-x4dkz"",""cpu_m"":837,""mem_b"":717882007,""priority"":""4"",""node"":""kwok-node-5""},{""name"":""rs-43-p1-5chc9"",""cpu_m"":969,""mem_b"":858600364,""priority"":""1"",""node"":""""},{""name"":""rs-43-p1-pswlw"",""cpu_m"":969,""mem_b"":858600364,""priority"":""1"",""node"":""""},{""name"":""rs-44-p4-c2mrd"",""cpu_m"":988,""mem_b"":215472307,""priority"":""4"",""node"":""kwok-node-11""},{""name"":""rs-44-p4-cjjtl"",""cpu_m"":988,""mem_b"":215472307,""priority"":""4"",""node"":""kwok-node-12""},{""name"":""rs-44-p4-gr4g2"",""cpu_m"":988,""mem_b"":215472307,""priority"":""4"",""node"":""kwok-node-2""},{""name"":""rs-45-p2-nnwpg"",""cpu_m"":566,""mem_b"":693954162,""priority"":""2"",""node"":""kwok-node-24""},{""name"":""rs-46-p1-7q6lf"",""cpu_m"":931,""mem_b"":304041529,""priority"":""1"",""node"":""""},{""name"":""rs-46-p1-c6rvz"",""cpu_m"":931,""mem_b"":304041529,""priority"":""1"",""node"":""""},{""name"":""rs-46-p1-tm7nf"",""cpu_m"":931,""mem_b"":304041529,""priority"":""1"",""node"":""""},{""name"":""rs-47-p4-8c5h2"",""cpu_m"":757,""mem_b"":115378378,""priority"":""4"",""node"":""kwok-node-20""},{""name"":""rs-47-p4-bgdlc"",""cpu_m"":757,""mem_b"":115378378,""priority"":""4"",""node"":""kwok-node-29""},{""name"":""rs-47-p4-h7xdq"",""cpu_m"":757,""mem_b"":115378378,""priority"":""4"",""node"":""kwok-node-25""},{""name"":""rs-47-p4-jtv9j"",""cpu_m"":757,""mem_b"":115378378,""priority"":""4"",""node"":""kwok-node-26""},{""name"":""rs-48-p4-js7s4"",""cpu_m"":973,""mem_b"":865642280,""priority"":""4"",""node"":""kwok-node-31""},{""name"":""rs-48-p4-l8j2m"",""cpu_m"":973,""mem_b"":865642280,""priority"":""4"",""node"":""kwok-node-32""},{""name"":""rs-48-p4-xrmhr"",""cpu_m"":973,""mem_b"":865642280,""priority"":""4"",""node"":""kwok-node-8""},{""name"":""rs-49-p1-9wh5r"",""cpu_m"":522,""mem_b"":543392345,""priority"":""1"",""node"":""kwok-node-16""},{""name"":""rs-49-p1-lmbjb"",""cpu_m"":522,""mem_b"":543392345,""priority"":""1"",""node"":""""},{""name"":""rs-50-p4-wz2dx"",""cpu_m"":224,""mem_b"":900948972,""priority"":""4"",""node"":""kwok-node-2""},{""name"":""rs-51-p4-kf2dj"",""cpu_m"":358,""mem_b"":166823796,""priority"":""4"",""node"":""kwok-node-24""},{""name"":""rs-52-p2-7z6pv"",""cpu_m"":243,""mem_b"":947025836,""priority"":""2"",""node"":""kwok-node-22""}]","[{""name"":""rs-01-p4-4t5fv"",""cpu_m"":660,""mem_b"":269612892,""priority"":""4"",""node"":""kwok-node-19""},{""name"":""rs-02-p4-b7l6p"",""cpu_m"":533,""mem_b"":834613011,""priority"":""4"",""node"":""kwok-node-1""},{""name"":""rs-02-p4-bkr4h"",""cpu_m"":533,""mem_b"":834613011,""priority"":""4"",""node"":""kwok-node-10""},{""name"":""rs-02-p4-pbd2q"",""cpu_m"":533,""mem_b"":834613011,""priority"":""4"",""node"":""kwok-node-17""},{""name"":""rs-03-p2-9zjf8"",""cpu_m"":397,""mem_b"":976006905,""priority"":""2"",""node"":""kwok-node-20""},{""name"":""rs-03-p2-d9jwv"",""cpu_m"":397,""mem_b"":976006905,""priority"":""2"",""node"":""kwok-node-18""},{""name"":""rs-03-p2-dfcfx"",""cpu_m"":397,""mem_b"":976006905,""priority"":""2"",""node"":""kwok-node-12""},{""name"":""rs-03-p2-vqjkh"",""cpu_m"":397,""mem_b"":976006905,""priority"":""2"",""node"":""kwok-node-14""},{""name"":""rs-04-p2-dkk5f"",""cpu_m"":619,""mem_b"":494172226,""priority"":""2"",""node"":""kwok-node-13""},{""name"":""rs-04-p2-js88t"",""cpu_m"":619,""mem_b"":494172226,""priority"":""2"",""node"":""kwok-node-15""},{""name"":""rs-05-p1-xk7n5"",""cpu_m"":548,""mem_b"":270103804,""priority"":""1"",""node"":""kwok-node-2""},{""name"":""rs-06-p3-bgp6f"",""cpu_m"":833,""mem_b"":124946388,""priority"":""3"",""node"":""kwok-node-21""},{""name"":""rs-07-p1-d9vp6"",""cpu_m"":926,""mem_b"":927684976,""priority"":""1"",""node"":""kwok-node-11""},{""name"":""rs-07-p1-rkn47"",""cpu_m"":926,""mem_b"":927684976,""priority"":""1"",""node"":""kwok-node-22""},{""name"":""rs-08-p1-l942m"",""cpu_m"":292,""mem_b"":445762994,""priority"":""1"",""node"":""kwok-node-27""},{""name"":""rs-08-p1-mmfb4"",""cpu_m"":292,""mem_b"":445762994,""priority"":""1"",""node"":""kwok-node-16""},{""name"":""rs-09-p4-ksdwk"",""cpu_m"":702,""mem_b"":225422086,""priority"":""4"",""node"":""kwok-node-26""},{""name"":""rs-09-p4-rp8jb"",""cpu_m"":702,""mem_b"":225422086,""priority"":""4"",""node"":""kwok-node-25""},{""name"":""rs-09-p4-zdmp8"",""cpu_m"":702,""mem_b"":225422086,""priority"":""4"",""node"":""kwok-node-24""},{""name"":""rs-10-p3-jz4zn"",""cpu_m"":114,""mem_b"":752592080,""priority"":""3"",""node"":""kwok-node-29""},{""name"":""rs-10-p3-s7ffk"",""cpu_m"":114,""mem_b"":752592080,""priority"":""3"",""node"":""kwok-node-23""},{""name"":""rs-10-p3-trbtg"",""cpu_m"":114,""mem_b"":752592080,""priority"":""3"",""node"":""kwok-node-28""},{""name"":""rs-11-p2-f7k4t"",""cpu_m"":698,""mem_b"":507237062,""priority"":""2"",""node"":""kwok-node-32""},{""name"":""rs-11-p2-kh57b"",""cpu_m"":698,""mem_b"":507237062,""priority"":""2"",""node"":""kwok-node-31""},{""name"":""rs-11-p2-t6cq8"",""cpu_m"":698,""mem_b"":507237062,""priority"":""2"",""node"":""kwok-node-3""},{""name"":""rs-12-p2-fdnz8"",""cpu_m"":924,""mem_b"":588912042,""priority"":""2"",""node"":""kwok-node-30""},{""name"":""rs-12-p2-lm8ts"",""cpu_m"":924,""mem_b"":588912042,""priority"":""2"",""node"":""kwok-node-4""},{""name"":""rs-13-p2-mx5x9"",""cpu_m"":954,""mem_b"":257790873,""priority"":""2"",""node"":""kwok-node-23""},{""name"":""rs-13-p2-skd2m"",""cpu_m"":954,""mem_b"":257790873,""priority"":""2"",""node"":""kwok-node-5""},{""name"":""rs-13-p2-skpcn"",""cpu_m"":954,""mem_b"":257790873,""priority"":""2"",""node"":""kwok-node-6""},{""name"":""rs-13-p2-txvtg"",""cpu_m"":954,""mem_b"":257790873,""priority"":""2"",""node"":""kwok-node-28""},{""name"":""rs-14-p4-nmf4g"",""cpu_m"":173,""mem_b"":333722836,""priority"":""4"",""node"":""kwok-node-2""},{""name"":""rs-14-p4-r2r9t"",""cpu_m"":173,""mem_b"":333722836,""priority"":""4"",""node"":""kwok-node-7""},{""name"":""rs-15-p3-hx75b"",""cpu_m"":733,""mem_b"":688776137,""priority"":""3"",""node"":""kwok-node-9""},{""name"":""rs-16-p2-nqtsc"",""cpu_m"":561,""mem_b"":111260142,""priority"":""2"",""node"":""kwok-node-8""},{""name"":""rs-17-p3-jjszp"",""cpu_m"":585,""mem_b"":862412415,""priority"":""3"",""node"":""kwok-node-8""},{""name"":""rs-17-p3-l9ln9"",""cpu_m"":585,""mem_b"":862412415,""priority"":""3"",""node"":""kwok-node-24""},{""name"":""rs-18-p4-hk5ph"",""cpu_m"":954,""mem_b"":680710220,""priority"":""4"",""node"":""kwok-node-7""},{""name"":""rs-19-p1-c6lfv"",""cpu_m"":430,""mem_b"":582321491,""priority"":""1"",""node"":""kwok-node-26""},{""name"":""rs-19-p1-qqtvj"",""cpu_m"":430,""mem_b"":582321491,""priority"":""1"",""node"":""kwok-node-19""},{""name"":""rs-19-p1-s5gsv"",""cpu_m"":430,""mem_b"":582321491,""priority"":""1"",""node"":""kwok-node-25""},{""name"":""rs-20-p3-9qrgl"",""cpu_m"":288,""mem_b"":329117626,""priority"":""3"",""node"":""kwok-node-27""},{""name"":""rs-20-p3-w6t7h"",""cpu_m"":288,""mem_b"":329117626,""priority"":""3"",""node"":""kwok-node-16""},{""name"":""rs-21-p2-74ks2"",""cpu_m"":413,""mem_b"":578569106,""priority"":""2"",""node"":""kwok-node-3""},{""name"":""rs-21-p2-ccdms"",""cpu_m"":413,""mem_b"":578569106,""priority"":""2"",""node"":""kwok-node-13""},{""name"":""rs-21-p2-gmxkc"",""cpu_m"":413,""mem_b"":578569106,""priority"":""2"",""node"":""kwok-node-21""},{""name"":""rs-21-p2-jnlgw"",""cpu_m"":413,""mem_b"":578569106,""priority"":""2"",""node"":""kwok-node-15""},{""name"":""rs-22-p2-5w54q"",""cpu_m"":663,""mem_b"":540147462,""priority"":""2"",""node"":""kwok-node-31""},{""name"":""rs-22-p2-gc9zn"",""cpu_m"":663,""mem_b"":540147462,""priority"":""2"",""node"":""kwok-node-32""},{""name"":""rs-22-p2-lfjx5"",""cpu_m"":663,""mem_b"":540147462,""priority"":""2"",""node"":""kwok-node-2""},{""name"":""rs-23-p2-g5kwt"",""cpu_m"":463,""mem_b"":687677720,""priority"":""2"",""node"":""kwok-node-6""},{""name"":""rs-23-p2-ns7m2"",""cpu_m"":463,""mem_b"":687677720,""priority"":""2"",""node"":""kwok-node-5""},{""name"":""rs-24-p2-bgm7v"",""cpu_m"":119,""mem_b"":783084710,""priority"":""2"",""node"":""kwok-node-4""},{""name"":""rs-24-p2-ll4bp"",""cpu_m"":119,""mem_b"":783084710,""priority"":""2"",""node"":""kwok-node-30""},{""name"":""rs-25-p1-g22bn"",""cpu_m"":283,""mem_b"":923456197,""priority"":""1"",""node"":""kwok-node-9""},{""name"":""rs-25-p1-mwlvd"",""cpu_m"":283,""mem_b"":923456197,""priority"":""1"",""node"":""kwok-node-21""},{""name"":""rs-26-p2-mptdk"",""cpu_m"":439,""mem_b"":434452597,""priority"":""2"",""node"":""kwok-node-27""},{""name"":""rs-26-p2-vx7vv"",""cpu_m"":439,""mem_b"":434452597,""priority"":""2"",""node"":""kwok-node-29""},{""name"":""rs-26-p2-zqspc"",""cpu_m"":439,""mem_b"":434452597,""priority"":""2"",""node"":""kwok-node-16""},{""name"":""rs-27-p3-2vqfv"",""cpu_m"":658,""mem_b"":359001204,""priority"":""3"",""node"":""kwok-node-10""},{""name"":""rs-27-p3-6v7sm"",""cpu_m"":658,""mem_b"":359001204,""priority"":""3"",""node"":""kwok-node-17""},{""name"":""rs-27-p3-wx67s"",""cpu_m"":658,""mem_b"":359001204,""priority"":""3"",""node"":""kwok-node-1""},{""name"":""rs-28-p4-97nkb"",""cpu_m"":777,""mem_b"":631987286,""priority"":""4"",""node"":""kwok-node-11""},{""name"":""rs-28-p4-9h8c2"",""cpu_m"":777,""mem_b"":631987286,""priority"":""4"",""node"":""kwok-node-22""},{""name"":""rs-29-p1-24lrs"",""cpu_m"":602,""mem_b"":139413463,""priority"":""1"",""node"":""kwok-node-12""},{""name"":""rs-29-p1-f845w"",""cpu_m"":602,""mem_b"":139413463,""priority"":""1"",""node"":""kwok-node-14""},{""name"":""rs-29-p1-wvzkg"",""cpu_m"":602,""mem_b"":139413463,""priority"":""1"",""node"":""kwok-node-18""},{""name"":""rs-30-p2-7rhm7"",""cpu_m"":406,""mem_b"":711857542,""priority"":""2"",""node"":""kwok-node-25""},{""name"":""rs-30-p2-pp8w6"",""cpu_m"":406,""mem_b"":711857542,""priority"":""2"",""node"":""kwok-node-26""},{""name"":""rs-31-p4-6xtdv"",""cpu_m"":282,""mem_b"":364736187,""priority"":""4"",""node"":""kwok-node-20""},{""name"":""rs-31-p4-g8r9d"",""cpu_m"":282,""mem_b"":364736187,""priority"":""4"",""node"":""kwok-node-19""},{""name"":""rs-32-p4-bfnpt"",""cpu_m"":860,""mem_b"":560585044,""priority"":""4"",""node"":""kwok-node-28""},{""name"":""rs-32-p4-dznfd"",""cpu_m"":860,""mem_b"":560585044,""priority"":""4"",""node"":""kwok-node-13""},{""name"":""rs-32-p4-qv2c4"",""cpu_m"":860,""mem_b"":560585044,""priority"":""4"",""node"":""kwok-node-23""},{""name"":""rs-32-p4-zj28d"",""cpu_m"":860,""mem_b"":560585044,""priority"":""4"",""node"":""kwok-node-15""},{""name"":""rs-33-p2-6599c"",""cpu_m"":944,""mem_b"":381189840,""priority"":""2"",""node"":""kwok-node-29""},{""name"":""rs-33-p2-m42sq"",""cpu_m"":944,""mem_b"":381189840,""priority"":""2"",""node"":""kwok-node-12""},{""name"":""rs-34-p3-4cln2"",""cpu_m"":265,""mem_b"":155621489,""priority"":""3"",""node"":""kwok-node-7""},{""name"":""rs-35-p3-bp5wp"",""cpu_m"":680,""mem_b"":169669704,""priority"":""3"",""node"":""kwok-node-16""},{""name"":""rs-36-p4-9xsxz"",""cpu_m"":843,""mem_b"":276187166,""priority"":""4"",""node"":""kwok-node-20""},{""name"":""rs-36-p4-d546d"",""cpu_m"":843,""mem_b"":276187166,""priority"":""4"",""node"":""kwok-node-18""},{""name"":""rs-36-p4-g6s9d"",""cpu_m"":843,""mem_b"":276187166,""priority"":""4"",""node"":""kwok-node-14""},{""name"":""rs-36-p4-zrpnc"",""cpu_m"":843,""mem_b"":276187166,""priority"":""4"",""node"":""kwok-node-27""},{""name"":""rs-37-p1-j6mdh"",""cpu_m"":594,""mem_b"":679140709,""priority"":""1"",""node"":""kwok-node-32""},{""name"":""rs-37-p1-j7859"",""cpu_m"":594,""mem_b"":679140709,""priority"":""1"",""node"":""kwok-node-8""},{""name"":""rs-37-p1-n5j6z"",""cpu_m"":594,""mem_b"":679140709,""priority"":""1"",""node"":""kwok-node-5""},{""name"":""rs-37-p1-p8x2r"",""cpu_m"":594,""mem_b"":679140709,""priority"":""1"",""node"":""kwok-node-6""},{""name"":""rs-38-p3-4qz6s"",""cpu_m"":686,""mem_b"":428054666,""priority"":""3"",""node"":""kwok-node-17""},{""name"":""rs-38-p3-8rczp"",""cpu_m"":686,""mem_b"":428054666,""priority"":""3"",""node"":""kwok-node-10""},{""name"":""rs-38-p3-kldtb"",""cpu_m"":686,""mem_b"":428054666,""priority"":""3"",""node"":""kwok-node-1""},{""name"":""rs-38-p3-kxzp5"",""cpu_m"":686,""mem_b"":428054666,""priority"":""3"",""node"":""kwok-node-3""},{""name"":""rs-39-p3-5s7nc"",""cpu_m"":337,""mem_b"":975540621,""priority"":""3"",""node"":""""},{""name"":""rs-39-p3-gjs2x"",""cpu_m"":337,""mem_b"":975540621,""priority"":""3"",""node"":""""},{""name"":""rs-39-p3-hhsc9"",""cpu_m"":337,""mem_b"":975540621,""priority"":""3"",""node"":""""},{""name"":""rs-39-p3-jrswt"",""cpu_m"":337,""mem_b"":975540621,""priority"":""3"",""node"":""""},{""name"":""rs-40-p1-4dzk2"",""cpu_m"":366,""mem_b"":416034866,""priority"":""1"",""node"":""kwok-node-2""},{""name"":""rs-40-p1-lzr9h"",""cpu_m"":366,""mem_b"":416034866,""priority"":""1"",""node"":""kwok-node-24""},{""name"":""rs-40-p1-nw6ch"",""cpu_m"":366,""mem_b"":416034866,""priority"":""1"",""node"":""kwok-node-31""},{""name"":""rs-40-p1-tmbv5"",""cpu_m"":366,""mem_b"":416034866,""priority"":""1"",""node"":""kwok-node-7""},{""name"":""rs-41-p2-b76nk"",""cpu_m"":903,""mem_b"":300961366,""priority"":""2"",""node"":""kwok-node-9""},{""name"":""rs-41-p2-bsf4d"",""cpu_m"":903,""mem_b"":300961366,""priority"":""2"",""node"":""kwok-node-30""},{""name"":""rs-41-p2-ptr5w"",""cpu_m"":903,""mem_b"":300961366,""priority"":""2"",""node"":""kwok-node-4""},{""name"":""rs-41-p2-qfq2b"",""cpu_m"":903,""mem_b"":300961366,""priority"":""2"",""node"":""kwok-node-19""},{""name"":""rs-42-p4-57pl6"",""cpu_m"":837,""mem_b"":717882007,""priority"":""4"",""node"":""""},{""name"":""rs-42-p4-7zt6t"",""cpu_m"":837,""mem_b"":717882007,""priority"":""4"",""node"":""""},{""name"":""rs-42-p4-nzcj8"",""cpu_m"":837,""mem_b"":717882007,""priority"":""4"",""node"":""""},{""name"":""rs-42-p4-x4dkz"",""cpu_m"":837,""mem_b"":717882007,""priority"":""4"",""node"":""""},{""name"":""rs-43-p1-5chc9"",""cpu_m"":969,""mem_b"":858600364,""priority"":""1"",""node"":""""},{""name"":""rs-43-p1-pswlw"",""cpu_m"":969,""mem_b"":858600364,""priority"":""1"",""node"":""""},{""name"":""rs-44-p4-c2mrd"",""cpu_m"":988,""mem_b"":215472307,""priority"":""4"",""node"":""""},{""name"":""rs-44-p4-cjjtl"",""cpu_m"":988,""mem_b"":215472307,""priority"":""4"",""node"":""""},{""name"":""rs-44-p4-gr4g2"",""cpu_m"":988,""mem_b"":215472307,""priority"":""4"",""node"":""""},{""name"":""rs-45-p2-nnwpg"",""cpu_m"":566,""mem_b"":693954162,""priority"":""2"",""node"":""""},{""name"":""rs-46-p1-7q6lf"",""cpu_m"":931,""mem_b"":304041529,""priority"":""1"",""node"":""""},{""name"":""rs-46-p1-c6rvz"",""cpu_m"":931,""mem_b"":304041529,""priority"":""1"",""node"":""""},{""name"":""rs-46-p1-tm7nf"",""cpu_m"":931,""mem_b"":304041529,""priority"":""1"",""node"":""""},{""name"":""rs-47-p4-8c5h2"",""cpu_m"":757,""mem_b"":115378378,""priority"":""4"",""node"":""kwok-node-20""},{""name"":""rs-47-p4-bgdlc"",""cpu_m"":757,""mem_b"":115378378,""priority"":""4"",""node"":""kwok-node-29""},{""name"":""rs-47-p4-h7xdq"",""cpu_m"":757,""mem_b"":115378378,""priority"":""4"",""node"":""kwok-node-25""},{""name"":""rs-47-p4-jtv9j"",""cpu_m"":757,""mem_b"":115378378,""priority"":""4"",""node"":""kwok-node-26""},{""name"":""rs-48-p4-js7s4"",""cpu_m"":973,""mem_b"":865642280,""priority"":""4"",""node"":""""},{""name"":""rs-48-p4-l8j2m"",""cpu_m"":973,""mem_b"":865642280,""priority"":""4"",""node"":""""},{""name"":""rs-48-p4-xrmhr"",""cpu_m"":973,""mem_b"":865642280,""priority"":""4"",""node"":""""},{""name"":""rs-49-p1-9wh5r"",""cpu_m"":522,""mem_b"":543392345,""priority"":""1"",""node"":""kwok-node-16""},{""name"":""rs-49-p1-lmbjb"",""cpu_m"":522,""mem_b"":543392345,""priority"":""1"",""node"":""""},{""name"":""rs-50-p4-wz2dx"",""cpu_m"":224,""mem_b"":900948972,""priority"":""4"",""node"":""""},{""name"":""rs-51-p4-kf2dj"",""cpu_m"":358,""mem_b"":166823796,""priority"":""4"",""node"":""kwok-node-24""},{""name"":""rs-52-p2-7z6pv"",""cpu_m"":243,""mem_b"":947025836,""priority"":""2"",""node"":""""}]","[{""name"":""kwok-node-1"",""cap_cpu_m"":2344,""cap_mem_bytes"":2003707878},{""name"":""kwok-node-2"",""cap_cpu_m"":2344,""cap_mem_bytes"":2003707878},{""name"":""kwok-node-3"",""cap_cpu_m"":2344,""cap_mem_bytes"":2003707878},{""name"":""kwok-node-4"",""cap_cpu_m"":2344,""cap_mem_bytes"":2003707878},{""name"":""kwok-node-5"",""cap_cpu_m"":2344,""cap_mem_bytes"":2003707878},{""name"":""kwok-node-6"",""cap_cpu_m"":2344,""cap_mem_bytes"":2003707878},{""name"":""kwok-node-7"",""cap_cpu_m"":2344,""cap_mem_bytes"":2003707878},{""name"":""kwok-node-8"",""cap_cpu_m"":2344,""cap_mem_bytes"":2003707878},{""name"":""kwok-node-9"",""cap_cpu_m"":2344,""cap_mem_bytes"":2003707878},{""name"":""kwok-node-10"",""cap_cpu_m"":2344,""cap_mem_bytes"":2003707878},{""name"":""kwok-node-11"",""cap_cpu_m"":2344,""cap_mem_bytes"":2003707878},{""name"":""kwok-node-12"",""cap_cpu_m"":2344,""cap_mem_bytes"":2003707878},{""name"":""kwok-node-13"",""cap_cpu_m"":2344,""cap_mem_bytes"":2003707878},{""name"":""kwok-node-14"",""cap_cpu_m"":2344,""cap_mem_bytes"":2003707878},{""name"":""kwok-node-15"",""cap_cpu_m"":2344,""cap_mem_bytes"":2003707878},{""name"":""kwok-node-16"",""cap_cpu_m"":2344,""cap_mem_bytes"":2003707878},{""name"":""kwok-node-17"",""cap_cpu_m"":2344,""cap_mem_bytes"":2003707878},{""name"":""kwok-node-18"",""cap_cpu_m"":2344,""cap_mem_bytes"":2003707878},{""name"":""kwok-node-19"",""cap_cpu_m"":2344,""cap_mem_bytes"":2003707878},{""name"":""kwok-node-20"",""cap_cpu_m"":2344,""cap_mem_bytes"":2003707878},{""name"":""kwok-node-21"",""cap_cpu_m"":2344,""cap_mem_bytes"":2003707878},{""name"":""kwok-node-22"",""cap_cpu_m"":2344,""cap_mem_bytes"":2003707878},{""name"":""kwok-node-23"",""cap_cpu_m"":2344,""cap_mem_bytes"":2003707878},{""name"":""kwok-node-24"",""cap_cpu_m"":2344,""cap_mem_bytes"":2003707878},{""name"":""kwok-node-25"",""cap_cpu_m"":2344,""cap_mem_bytes"":2003707878},{""name"":""kwok-node-26"",""cap_cpu_m"":2344,""cap_mem_bytes"":2003707878},{""name"":""kwok-node-27"",""cap_cpu_m"":2344,""cap_mem_bytes"":2003707878},{""name"":""kwok-node-28"",""cap_cpu_m"":2344,""cap_mem_bytes"":2003707878},{""name"":""kwok-node-29"",""cap_cpu_m"":2344,""cap_mem_bytes"":2003707878},{""name"":""kwok-node-30"",""cap_cpu_m"":2344,""cap_mem_bytes"":2003707878},{""name"":""kwok-node-31"",""cap_cpu_m"":2344,""cap_mem_bytes"":2003707878},{""name"":""kwok-node-32"",""cap_cpu_m"":2344,""cap_mem_bytes"":2003707878}]"
2026/02/11/12:16:41,6189391917187610042,no improving solution from any solver,"{""evicted"":0,""moved"":0,""placed_by_priority"":{""1"":25,""2"":37,""3"":30,""4"":18}}",,,,,"[{""duration_ms"":984,""name"":""python"",""score"":{""evicted"":0,""moved"":0,""placed_by_priority"":null},""status"":""FAILED""}]",0.873,0.873,0.879,0.879,68836,68836,57485008693,57485008693,110,110,18,18,"{""kwok-node-1"":3,""kwok-node-10"":4,""kwok-node-11"":3,""kwok-node-12"":5,""kwok-node-13"":3,""kwok-node-14"":3,""kwok-node-15"":3,""kwok-node-16"":3,""kwok-node-17"":4,""kwok-node-18"":3,""kwok-node-19"":4,""kwok-node-2"":3,""kwok-node-20"":3,""kwok-node-21"":4,""kwok-node-22"":3,""kwok-node-23"":3,""kwok-node-24"":3,""kwok-node-25"":3,""kwok-node-26"":3,""kwok-node-27"":4,""kwok-node-28"":4,""kwok-node-29"":3,""kwok-node-3"":3,""kwok-node-30"":3,""kwok-node-31"":4,""kwok-node-32"":4,""kwok-node-4"":4,""kwok-node-5"":3,""kwok-node-6"":4,""kwok-node-7"":4,""kwok-node-8"":4,""kwok-node-9"":3}","{""kwok-node-1"":3,""kwok-node-10"":4,""kwok-node-11"":3,""kwok-node-12"":5,""kwok-node-13"":3,""kwok-node-14"":3,""kwok-node-15"":3,""kwok-node-16"":3,""kwok-node-17"":4,""kwok-node-18"":3,""kwok-node-19"":4,""kwok-node-2"":3,""kwok-node-20"":3,""kwok-node-21"":4,""kwok-node-22"":3,""kwok-node-23"":3,""kwok-node-24"":3,""kwok-node-25"":3,""kwok-node-26"":3,""kwok-node-27"":4,""kwok-node-28"":4,""kwok-node-29"":3,""kwok-node-3"":3,""kwok-node-30"":3,""kwok-node-31"":4,""kwok-node-32"":4,""kwok-node-4"":4,""kwok-node-5"":3,""kwok-node-6"":4,""kwok-node-7"":4,""kwok-node-8"":4,""kwok-node-9"":3}","{""p1"":25,""p2"":37,""p3"":30,""p4"":18}","{""p1"":25,""p2"":37,""p3"":30,""p4"":18}","{""p1"":13,""p2"":1,""p3"":4}","{""p1"":13,""p2"":1,""p3"":4}","{rs-32-p3-pdh89,rs-42-p1-cm8mn,rs-42-p1-nttxh,rs-42-p1-tzc6v,rs-43-p1-d7jxq,rs-43-p1-k7jkm,rs-43-p1-tnpv2,rs-45-p1-7czj9,rs-45-p1-f9zgx,rs-45-p1-wwpkp,rs-46-p3-c56fh,rs-46-p3-df5vw,rs-47-p1-8vdvb,rs-47-p1-bwv9t,rs-48-p1-f7gk8,rs-48-p1-tfn4s,rs-49-p2-bvgzq,rs-50-p3-blpmp}","{rs-32-p3-pdh89,rs-42-p1-cm8mn,rs-42-p1-nttxh,rs-42-p1-tzc6v,rs-43-p1-d7jxq,rs-43-p1-k7jkm,rs-43-p1-tnpv2,rs-45-p1-7czj9,rs-45-p1-f9zgx,rs-45-p1-wwpkp,rs-46-p3-c56fh,rs-46-p3-df5vw,rs-47-p1-8vdvb,rs-47-p1-bwv9t,rs-48-p1-f7gk8,rs-48-p1-tfn4s,rs-49-p2-bvgzq,rs-50-p3-blpmp}","{rs-01-p2-ng9fl,rs-02-p2-gqh6b,rs-02-p2-xzqjz,rs-03-p3-29lk2,rs-03-p3-5gcwm,rs-03-p3-wkv4d,rs-04-p4-dqd96,rs-04-p4-kbc7g,rs-04-p4-ldq5t,rs-04-p4-lxbbs,rs-05-p4-fv7xp,rs-05-p4-hmv7q,rs-05-p4-rg62t,rs-06-p2-lwgtc,rs-07-p4-fmglx,rs-08-p1-6vfs8,rs-08-p1-758rx,rs-08-p1-jq9p4,rs-09-p3-bq5gp,rs-09-p3-llbzv,rs-09-p3-qbp5b,rs-09-p3-r672m,rs-10-p1-4px5b,rs-10-p1-d7nr6,rs-10-p1-gpblw,rs-10-p1-kg52g,rs-11-p2-kmdqm,rs-11-p2-w5ds7,rs-12-p3-2bs5v,rs-12-p3-8r6s2,rs-13-p4-f6xkm,rs-14-p3-stjdw,rs-15-p3-mzlpw,rs-16-p4-9t6n2,rs-16-p4-bvlhs,rs-16-p4-ksh6v,rs-16-p4-thvlv,rs-17-p2-48cwx,rs-17-p2-fhcbl,rs-17-p2-h2pw4,rs-17-p2-z49ps,rs-18-p1-4wfrv,rs-18-p1-8vlqb,rs-18-p1-qcgkz,rs-18-p1-zn9mn,rs-19-p3-88cqg,rs-19-p3-94c97,rs-19-p3-qhh65,rs-19-p3-sr9n5,rs-20-p1-2zpg6,rs-20-p1-rp76r,rs-21-p1-nfsql,rs-22-p4-5vs5q,rs-22-p4-7p7dg,rs-22-p4-dfwg4,rs-22-p4-zrvnb,rs-23-p2-2vzfg,rs-24-p2-8zt7x,rs-24-p2-cdf8b,rs-24-p2-xvd6w,rs-24-p2-xwzfc,rs-25-p3-b8627,rs-25-p3-mpjdg,rs-25-p3-r847x,rs-26-p2-ckxcg,rs-26-p2-d4crp,rs-27-p2-4tt6f,rs-27-p2-f6sh9,rs-27-p2-gd27h,rs-27-p2-lprlq,rs-28-p2-cs9ks,rs-28-p2-fm2w9,rs-28-p2-vmqbv,rs-28-p2-zx9kd,rs-29-p2-jml58,rs-29-p2-l8gjm,rs-30-p3-gspht,rs-30-p3-q5zx8,rs-31-p2-b5vrf,rs-31-p2-jg6cx,rs-32-p3-gxtt9,rs-32-p3-lszcv,rs-33-p3-8xfgz,rs-33-p3-z5bks,rs-34-p1-22czk,rs-34-p1-l75m2,rs-34-p1-zhqdd,rs-35-p3-b7h6r,rs-36-p2-6ngsw,rs-36-p2-8tfkq,rs-36-p2-pnfn5,rs-36-p2-xkjnk,rs-37-p3-6cndj,rs-38-p1-5x959,rs-38-p1-5xgwg,rs-38-p1-6jtqz,rs-38-p1-wcflv,rs-39-p4-g4bc8,rs-40-p2-2psfk,rs-40-p2-cflff,rs-40-p2-w8wvr,rs-40-p2-wxcv4,rs-41-p1-hncw4,rs-41-p1-scxg6,rs-41-p1-tjpwg,rs-41-p1-xlt6k,rs-44-p3-2bfd6,rs-44-p3-qq8w7,rs-44-p3-wpfg4,rs-50-p3-k7k9h}","{rs-01-p2-ng9fl,rs-02-p2-gqh6b,rs-02-p2-xzqjz,rs-03-p3-29lk2,rs-03-p3-5gcwm,rs-03-p3-wkv4d,rs-04-p4-dqd96,rs-04-p4-kbc7g,rs-04-p4-ldq5t,rs-04-p4-lxbbs,rs-05-p4-fv7xp,rs-05-p4-hmv7q,rs-05-p4-rg62t,rs-06-p2-lwgtc,rs-07-p4-fmglx,rs-08-p1-6vfs8,rs-08-p1-758rx,rs-08-p1-jq9p4,rs-09-p3-bq5gp,rs-09-p3-llbzv,rs-09-p3-qbp5b,rs-09-p3-r672m,rs-10-p1-4px5b,rs-10-p1-d7nr6,rs-10-p1-gpblw,rs-10-p1-kg52g,rs-11-p2-kmdqm,rs-11-p2-w5ds7,rs-12-p3-2bs5v,rs-12-p3-8r6s2,rs-13-p4-f6xkm,rs-14-p3-stjdw,rs-15-p3-mzlpw,rs-16-p4-9t6n2,rs-16-p4-bvlhs,rs-16-p4-ksh6v,rs-16-p4-thvlv,rs-17-p2-48cwx,rs-17-p2-fhcbl,rs-17-p2-h2pw4,rs-17-p2-z49ps,rs-18-p1-4wfrv,rs-18-p1-8vlqb,rs-18-p1-qcgkz,rs-18-p1-zn9mn,rs-19-p3-88cqg,rs-19-p3-94c97,rs-19-p3-qhh65,rs-19-p3-sr9n5,rs-20-p1-2zpg6,rs-20-p1-rp76r,rs-21-p1-nfsql,rs-22-p4-5vs5q,rs-22-p4-7p7dg,rs-22-p4-dfwg4,rs-22-p4-zrvnb,rs-23-p2-2vzfg,rs-24-p2-8zt7x,rs-24-p2-cdf8b,rs-24-p2-xvd6w,rs-24-p2-xwzfc,rs-25-p3-b8627,rs-25-p3-mpjdg,rs-25-p3-r847x,rs-26-p2-ckxcg,rs-26-p2-d4crp,rs-27-p2-4tt6f,rs-27-p2-f6sh9,rs-27-p2-gd27h,rs-27-p2-lprlq,rs-28-p2-cs9ks,rs-28-p2-fm2w9,rs-28-p2-vmqbv,rs-28-p2-zx9kd,rs-29-p2-jml58,rs-29-p2-l8gjm,rs-30-p3-gspht,rs-30-p3-q5zx8,rs-31-p2-b5vrf,rs-31-p2-jg6cx,rs-32-p3-gxtt9,rs-32-p3-lszcv,rs-33-p3-8xfgz,rs-33-p3-z5bks,rs-34-p1-22czk,rs-34-p1-l75m2,rs-34-p1-zhqdd,rs-35-p3-b7h6r,rs-36-p2-6ngsw,rs-36-p2-8tfkq,rs-36-p2-pnfn5,rs-36-p2-xkjnk,rs-37-p3-6cndj,rs-38-p1-5x959,rs-38-p1-5xgwg,rs-38-p1-6jtqz,rs-38-p1-wcflv,rs-39-p4-g4bc8,rs-40-p2-2psfk,rs-40-p2-cflff,rs-40-p2-w8wvr,rs-40-p2-wxcv4,rs-41-p1-hncw4,rs-41-p1-scxg6,rs-41-p1-tjpwg,rs-41-p1-xlt6k,rs-44-p3-2bfd6,rs-44-p3-qq8w7,rs-44-p3-wpfg4,rs-50-p3-k7k9h}","[{""name"":""rs-01-p2-ng9fl"",""cpu_m"":400,""mem_b"":917400922,""priority"":""2"",""node"":""kwok-node-17""},{""name"":""rs-02-p2-gqh6b"",""cpu_m"":491,""mem_b"":769418252,""priority"":""2"",""node"":""kwok-node-15""},{""name"":""rs-02-p2-xzqjz"",""cpu_m"":491,""mem_b"":769418252,""priority"":""2"",""node"":""kwok-node-12""},{""name"":""rs-03-p3-29lk2"",""cpu_m"":960,""mem_b"":323370161,""priority"":""3"",""node"":""kwok-node-2""},{""name"":""rs-03-p3-5gcwm"",""cpu_m"":960,""mem_b"":323370161,""priority"":""3"",""node"":""kwok-node-18""},{""name"":""rs-03-p3-wkv4d"",""cpu_m"":960,""mem_b"":323370161,""priority"":""3"",""node"":""kwok-node-16""},{""name"":""rs-04-p4-dqd96"",""cpu_m"":995,""mem_b"":993486312,""priority"":""4"",""node"":""kwok-node-23""},{""name"":""rs-04-p4-kbc7g"",""cpu_m"":995,""mem_b"":993486312,""priority"":""4"",""node"":""kwok-node-21""},{""name"":""rs-04-p4-ldq5t"",""cpu_m"":995,""mem_b"":993486312,""priority"":""4"",""node"":""kwok-node-20""},{""name"":""rs-04-p4-lxbbs"",""cpu_m"":995,""mem_b"":993486312,""priority"":""4"",""node"":""kwok-node-22""},{""name"":""rs-05-p4-fv7xp"",""cpu_m"":304,""mem_b"":657748445,""priority"":""4"",""node"":""kwok-node-25""},{""name"":""rs-05-p4-hmv7q"",""cpu_m"":304,""mem_b"":657748445,""priority"":""4"",""node"":""kwok-node-1""},{""name"":""rs-05-p4-rg62t"",""cpu_m"":304,""mem_b"":657748445,""priority"":""4"",""node"":""kwok-node-14""},{""name"":""rs-06-p2-lwgtc"",""cpu_m"":497,""mem_b"":918286282,""priority"":""2"",""node"":""kwok-node-28""},{""name"":""rs-07-p4-fmglx"",""cpu_m"":581,""mem_b"":260440861,""priority"":""4"",""node"":""kwok-node-10""},{""name"":""rs-08-p1-6vfs8"",""cpu_m"":148,""mem_b"":689684060,""priority"":""1"",""node"":""kwok-node-11""},{""name"":""rs-08-p1-758rx"",""cpu_m"":148,""mem_b"":689684060,""priority"":""1"",""node"":""kwok-node-13""},{""name"":""rs-08-p1-jq9p4"",""cpu_m"":148,""mem_b"":689684060,""priority"":""1"",""node"":""kwok-node-24""},{""name"":""rs-09-p3-bq5gp"",""cpu_m"":327,""mem_b"":863731902,""priority"":""3"",""node"":""kwok-node-26""},{""name"":""rs-09-p3-llbzv"",""cpu_m"":327,""mem_b"":863731902,""priority"":""3"",""node"":""kwok-node-29""},{""name"":""rs-09-p3-qbp5b"",""cpu_m"":327,""mem_b"":863731902,""priority"":""3"",""node"":""kwok-node-3""},{""name"":""rs-09-p3-r672m"",""cpu_m"":327,""mem_b"":863731902,""priority"":""3"",""node"":""kwok-node-30""},{""name"":""rs-10-p1-4px5b"",""cpu_m"":396,""mem_b"":324880150,""priority"":""1"",""node"":""kwok-node-27""},{""name"":""rs-10-p1-d7nr6"",""cpu_m"":396,""mem_b"":324880150,""priority"":""1"",""node"":""kwok-node-32""},{""name"":""rs-10-p1-gpblw"",""cpu_m"":396,""mem_b"":324880150,""priority"":""1"",""node"":""kwok-node-4""},{""name"":""rs-10-p1-kg52g"",""cpu_m"":396,""mem_b"":324880150,""priority"":""1"",""node"":""kwok-node-31""},{""name"":""rs-11-p2-kmdqm"",""cpu_m"":465,""mem_b"":777805736,""priority"":""2"",""node"":""kwok-node-7""},{""name"":""rs-11-p2-w5ds7"",""cpu_m"":465,""mem_b"":777805736,""priority"":""2"",""node"":""kwok-node-5""},{""name"":""rs-12-p3-2bs5v"",""cpu_m"":749,""mem_b"":898440493,""priority"":""3"",""node"":""kwok-node-8""},{""name"":""rs-12-p3-8r6s2"",""cpu_m"":749,""mem_b"":898440493,""priority"":""3"",""node"":""kwok-node-6""},{""name"":""rs-13-p4-f6xkm"",""cpu_m"":700,""mem_b"":473893001,""priority"":""4"",""node"":""kwok-node-9""},{""name"":""rs-14-p3-stjdw"",""cpu_m"":119,""mem_b"":253015279,""priority"":""3"",""node"":""kwok-node-19""},{""name"":""rs-15-p3-mzlpw"",""cpu_m"":794,""mem_b"":770827564,""priority"":""3"",""node"":""kwok-node-19""},{""name"":""rs-16-p4-9t6n2"",""cpu_m"":587,""mem_b"":631604206,""priority"":""4"",""node"":""kwok-node-32""},{""name"":""rs-16-p4-bvlhs"",""cpu_m"":587,""mem_b"":631604206,""priority"":""4"",""node"":""kwok-node-10""},{""name"":""rs-16-p4-ksh6v"",""cpu_m"":587,""mem_b"":631604206,""priority"":""4"",""node"":""kwok-node-31""},{""name"":""rs-16-p4-thvlv"",""cpu_m"":587,""mem_b"":631604206,""priority"":""4"",""node"":""kwok-node-27""},{""name"":""rs-17-p2-48cwx"",""cpu_m"":460,""mem_b"":658079836,""priority"":""2"",""node"":""kwok-node-4""},{""name"":""rs-17-p2-fhcbl"",""cpu_m"":460,""mem_b"":658079836,""priority"":""2"",""node"":""kwok-node-18""},{""name"":""rs-17-p2-h2pw4"",""cpu_m"":460,""mem_b"":658079836,""priority"":""2"",""node"":""kwok-node-9""},{""name"":""rs-17-p2-z49ps"",""cpu_m"":460,""mem_b"":658079836,""priority"":""2"",""node"":""kwok-node-2""},{""name"":""rs-18-p1-4wfrv"",""cpu_m"":998,""mem_b"":691475707,""priority"":""1"",""node"":""kwok-node-14""},{""name"":""rs-18-p1-8vlqb"",""cpu_m"":998,""mem_b"":691475707,""priority"":""1"",""node"":""kwok-node-1""},{""name"":""rs-18-p1-qcgkz"",""cpu_m"":998,""mem_b"":691475707,""priority"":""1"",""node"":""kwok-node-11""},{""name"":""rs-18-p1-zn9mn"",""cpu_m"":998,""mem_b"":691475707,""priority"":""1"",""node"":""kwok-node-25""},{""name"":""rs-19-p3-88cqg"",""cpu_m"":926,""mem_b"":701038531,""priority"":""3"",""node"":""kwok-node-5""},{""name"":""rs-19-p3-94c97"",""cpu_m"":926,""mem_b"":701038531,""priority"":""3"",""node"":""kwok-node-24""},{""name"":""rs-19-p3-qhh65"",""cpu_m"":926,""mem_b"":701038531,""priority"":""3"",""node"":""kwok-node-15""},{""name"":""rs-19-p3-sr9n5"",""cpu_m"":926,""mem_b"":701038531,""priority"":""3"",""node"":""kwok-node-13""},{""name"":""rs-20-p1-2zpg6"",""cpu_m"":278,""mem_b"":116168757,""priority"":""1"",""node"":""kwok-node-12""},{""name"":""rs-20-p1-rp76r"",""cpu_m"":278,""mem_b"":116168757,""priority"":""1"",""node"":""kwok-node-7""},{""name"":""rs-21-p1-nfsql"",""cpu_m"":723,""mem_b"":703591082,""priority"":""1"",""node"":""kwok-node-16""},{""name"":""rs-22-p4-5vs5q"",""cpu_m"":492,""mem_b"":873178514,""priority"":""4"",""node"":""kwok-node-26""},{""name"":""rs-22-p4-7p7dg"",""cpu_m"":492,""mem_b"":873178514,""priority"":""4"",""node"":""kwok-node-30""},{""name"":""rs-22-p4-dfwg4"",""cpu_m"":492,""mem_b"":873178514,""priority"":""4"",""node"":""kwok-node-29""},{""name"":""rs-22-p4-zrvnb"",""cpu_m"":492,""mem_b"":873178514,""priority"":""4"",""node"":""kwok-node-3""},{""name"":""rs-23-p2-2vzfg"",""cpu_m"":650,""mem_b"":193987039,""priority"":""2"",""node"":""kwok-node-17""},{""name"":""rs-24-p2-8zt7x"",""cpu_m"":721,""mem_b"":192767611,""priority"":""2"",""node"":""kwok-node-6""},{""name"":""rs-24-p2-cdf8b"",""cpu_m"":721,""mem_b"":192767611,""priority"":""2"",""node"":""kwok-node-28""},{""name"":""rs-24-p2-xvd6w"",""cpu_m"":721,""mem_b"":192767611,""priority"":""2"",""node"":""kwok-node-8""},{""name"":""rs-24-p2-xwzfc"",""cpu_m"":721,""mem_b"":192767611,""priority"":""2"",""node"":""kwok-node-12""},{""name"":""rs-25-p3-b8627"",""cpu_m"":152,""mem_b"":898895706,""priority"":""3"",""node"":""kwok-node-10""},{""name"":""rs-25-p3-mpjdg"",""cpu_m"":152,""mem_b"":898895706,""priority"":""3"",""node"":""kwok-node-7""},{""name"":""rs-25-p3-r847x"",""cpu_m"":152,""mem_b"":898895706,""priority"":""3"",""node"":""kwok-node-27""},{""name"":""rs-26-p2-ckxcg"",""cpu_m"":846,""mem_b"":802399375,""priority"":""2"",""node"":""kwok-node-32""},{""name"":""rs-26-p2-d4crp"",""cpu_m"":846,""mem_b"":802399375,""priority"":""2"",""node"":""kwok-node-31""},{""name"":""rs-27-p2-4tt6f"",""cpu_m"":698,""mem_b"":382704185,""priority"":""2"",""node"":""kwok-node-22""},{""name"":""rs-27-p2-f6sh9"",""cpu_m"":698,""mem_b"":382704185,""priority"":""2"",""node"":""kwok-node-4""},{""name"":""rs-27-p2-gd27h"",""cpu_m"":698,""mem_b"":382704185,""priority"":""2"",""node"":""kwok-node-20""},{""name"":""rs-27-p2-lprlq"",""cpu_m"":698,""mem_b"":382704185,""priority"":""2"",""node"":""kwok-node-23""},{""name"":""rs-28-p2-cs9ks"",""cpu_m"":521,""mem_b"":367812535,""priority"":""2"",""node"":""kwok-node-28""},{""name"":""rs-28-p2-fm2w9"",""cpu_m"":521,""mem_b"":367812535,""priority"":""2"",""node"":""kwok-node-19""},{""name"":""rs-28-p2-vmqbv"",""cpu_m"":521,""mem_b"":367812535,""priority"":""2"",""node"":""kwok-node-17""},{""name"":""rs-28-p2-zx9kd"",""cpu_m"":521,""mem_b"":367812535,""priority"":""2"",""node"":""kwok-node-21""},{""name"":""rs-29-p2-jml58"",""cpu_m"":807,""mem_b"":468892575,""priority"":""2"",""node"":""kwok-node-14""},{""name"":""rs-29-p2-l8gjm"",""cpu_m"":807,""mem_b"":468892575,""priority"":""2"",""node"":""kwok-node-9""},{""name"":""rs-30-p3-gspht"",""cpu_m"":785,""mem_b"":450617214,""priority"":""3"",""node"":""kwok-node-1""},{""name"":""rs-30-p3-q5zx8"",""cpu_m"":785,""mem_b"":450617214,""priority"":""3"",""node"":""kwok-node-25""},{""name"":""rs-31-p2-b5vrf"",""cpu_m"":989,""mem_b"":577380099,""priority"":""2"",""node"":""kwok-node-11""},{""name"":""rs-31-p2-jg6cx"",""cpu_m"":989,""mem_b"":577380099,""priority"":""2"",""node"":""kwok-node-13""},{""name"":""rs-32-p3-gxtt9"",""cpu_m"":828,""mem_b"":973625740,""priority"":""3"",""node"":""kwok-node-2""},{""name"":""rs-32-p3-lszcv"",""cpu_m"":828,""mem_b"":973625740,""priority"":""3"",""node"":""kwok-node-18""},{""name"":""rs-32-p3-pdh89"",""cpu_m"":828,""mem_b"":973625740,""priority"":""3"",""node"":""""},{""name"":""rs-33-p3-8xfgz"",""cpu_m"":393,""mem_b"":321620208,""priority"":""3"",""node"":""kwok-node-6""},{""name"":""rs-33-p3-z5bks"",""cpu_m"":393,""mem_b"":321620208,""priority"":""3"",""node"":""kwok-node-12""},{""name"":""rs-34-p1-22czk"",""cpu_m"":864,""mem_b"":203764122,""priority"":""1"",""node"":""kwok-node-15""},{""name"":""rs-34-p1-l75m2"",""cpu_m"":864,""mem_b"":203764122,""priority"":""1"",""node"":""kwok-node-24""},{""name"":""rs-34-p1-zhqdd"",""cpu_m"":864,""mem_b"":203764122,""priority"":""1"",""node"":""kwok-node-5""},{""name"":""rs-35-p3-b7h6r"",""cpu_m"":460,""mem_b"":274457007,""priority"":""3"",""node"":""kwok-node-8""},{""name"":""rs-36-p2-6ngsw"",""cpu_m"":971,""mem_b"":140890329,""priority"":""2"",""node"":""kwok-node-3""},{""name"":""rs-36-p2-8tfkq"",""cpu_m"":971,""mem_b"":140890329,""priority"":""2"",""node"":""kwok-node-26""},{""name"":""rs-36-p2-pnfn5"",""cpu_m"":971,""mem_b"":140890329,""priority"":""2"",""node"":""kwok-node-29""},{""name"":""rs-36-p2-xkjnk"",""cpu_m"":971,""mem_b"":140890329,""priority"":""2"",""node"":""kwok-node-30""},{""name"":""rs-37-p3-6cndj"",""cpu_m"":371,""mem_b"":266745164,""priority"":""3"",""node"":""kwok-node-21""},{""name"":""rs-38-p1-5x959"",""cpu_m"":731,""mem_b"":118947096,""priority"":""1"",""node"":""kwok-node-7""},{""name"":""rs-38-p1-5xgwg"",""cpu_m"":731,""mem_b"":118947096,""priority"":""1"",""node"":""kwok-node-10""},{""name"":""rs-38-p1-6jtqz"",""cpu_m"":731,""mem_b"":118947096,""priority"":""1"",""node"":""kwok-node-4""},{""name"":""rs-38-p1-wcflv"",""cpu_m"":731,""mem_b"":118947096,""priority"":""1"",""node"":""kwok-node-19""},{""name"":""rs-39-p4-g4bc8"",""cpu_m"":223,""mem_b"":103987436,""priority"":""4"",""node"":""kwok-node-23""},{""name"":""rs-40-p2-2psfk"",""cpu_m"":686,""mem_b"":317934708,""priority"":""2"",""node"":""kwok-node-20""},{""name"":""rs-40-p2-cflff"",""cpu_m"":686,""mem_b"":317934708,""priority"":""2"",""node"":""kwok-node-22""},{""name"":""rs-40-p2-w8wvr"",""cpu_m"":686,""mem_b"":317934708,""priority"":""2"",""node"":""kwok-node-17""},{""name"":""rs-40-p2-wxcv4"",""cpu_m"":686,""mem_b"":317934708,""priority"":""2"",""node"":""kwok-node-16""},{""name"":""rs-41-p1-hncw4"",""cpu_m"":528,""mem_b"":472667709,""priority"":""1"",""node"":""kwok-node-12""},{""name"":""rs-41-p1-scxg6"",""cpu_m"":528,""mem_b"":472667709,""priority"":""1"",""node"":""kwok-node-28""},{""name"":""rs-41-p1-tjpwg"",""cpu_m"":528,""mem_b"":472667709,""priority"":""1"",""node"":""kwok-node-8""},{""name"":""rs-41-p1-xlt6k"",""cpu_m"":528,""mem_b"":472667709,""priority"":""1"",""node"":""kwok-node-6""},{""name"":""rs-42-p1-cm8mn"",""cpu_m"":550,""mem_b"":487605218,""priority"":""1"",""node"":""""},{""name"":""rs-42-p1-nttxh"",""cpu_m"":550,""mem_b"":487605218,""priority"":""1"",""node"":""""},{""name"":""rs-42-p1-tzc6v"",""cpu_m"":550,""mem_b"":487605218,""priority"":""1"",""node"":""""},{""name"":""rs-43-p1-d7jxq"",""cpu_m"":892,""mem_b"":829282925,""priority"":""1"",""node"":""""},{""name"":""rs-43-p1-k7jkm"",""cpu_m"":892,""mem_b"":829282925,""priority"":""1"",""node"":""""},{""name"":""rs-43-p1-tnpv2"",""cpu_m"":892,""mem_b"":829282925,""priority"":""1"",""node"":""""},{""name"":""rs-44-p3-2bfd6"",""cpu_m"":569,""mem_b"":223804890,""priority"":""3"",""node"":""kwok-node-32""},{""name"":""rs-44-p3-qq8w7"",""cpu_m"":569,""mem_b"":223804890,""priority"":""3"",""node"":""kwok-node-31""},{""name"":""rs-44-p3-wpfg4"",""cpu_m"":569,""mem_b"":223804890,""priority"":""3"",""node"":""kwok-node-21""},{""name"":""rs-45-p1-7czj9"",""cpu_m"":989,""mem_b"":812939308,""priority"":""1"",""node"":""""},{""name"":""rs-45-p1-f9zgx"",""cpu_m"":989,""mem_b"":812939308,""priority"":""1"",""node"":""""},{""name"":""rs-45-p1-wwpkp"",""cpu_m"":989,""mem_b"":812939308,""priority"":""1"",""node"":""""},{""name"":""rs-46-p3-c56fh"",""cpu_m"":311,""mem_b"":652768249,""priority"":""3"",""node"":""""},{""name"":""rs-46-p3-df5vw"",""cpu_m"":311,""mem_b"":652768249,""priority"":""3"",""node"":""""},{""name"":""rs-47-p1-8vdvb"",""cpu_m"":830,""mem_b"":431504672,""priority"":""1"",""node"":""""},{""name"":""rs-47-p1-bwv9t"",""cpu_m"":830,""mem_b"":431504672,""priority"":""1"",""node"":""""},{""name"":""rs-48-p1-f7gk8"",""cpu_m"":860,""mem_b"":351484589,""priority"":""1"",""node"":""""},{""name"":""rs-48-p1-tfn4s"",""cpu_m"":860,""mem_b"":351484589,""priority"":""1"",""node"":""""},{""name"":""rs-49-p2-bvgzq"",""cpu_m"":909,""mem_b"":838906049,""priority"":""2"",""node"":""""},{""name"":""rs-50-p3-blpmp"",""cpu_m"":917,""mem_b"":119040682,""priority"":""3"",""node"":""""},{""name"":""rs-50-p3-k7k9h"",""cpu_m"":917,""mem_b"":119040682,""priority"":""3"",""node"":""kwok-node-27""}]","[{""name"":""rs-01-p2-ng9fl"",""cpu_m"":400,""mem_b"":917400922,""priority"":""2"",""node"":""kwok-node-17""},{""name"":""rs-02-p2-gqh6b"",""cpu_m"":491,""mem_b"":769418252,""priority"":""2"",""node"":""kwok-node-15""},{""name"":""rs-02-p2-xzqjz"",""cpu_m"":491,""mem_b"":769418252,""priority"":""2"",""node"":""kwok-node-12""},{""name"":""rs-03-p3-29lk2"",""cpu_m"":960,""mem_b"":323370161,""priority"":""3"",""node"":""kwok-node-2""},{""name"":""rs-03-p3-5gcwm"",""cpu_m"":960,""mem_b"":323370161,""priority"":""3"",""node"":""kwok-node-18""},{""name"":""rs-03-p3-wkv4d"",""cpu_m"":960,""mem_b"":323370161,""priority"":""3"",""node"":""kwok-node-16""},{""name"":""rs-04-p4-dqd96"",""cpu_m"":995,""mem_b"":993486312,""priority"":""4"",""node"":""kwok-node-23""},{""name"":""rs-04-p4-kbc7g"",""cpu_m"":995,""mem_b"":993486312,""priority"":""4"",""node"":""kwok-node-21""},{""name"":""rs-04-p4-ldq5t"",""cpu_m"":995,""mem_b"":993486312,""priority"":""4"",""node"":""kwok-node-20""},{""name"":""rs-04-p4-lxbbs"",""cpu_m"":995,""mem_b"":993486312,""priority"":""4"",""node"":""kwok-node-22""},{""name"":""rs-05-p4-fv7xp"",""cpu_m"":304,""mem_b"":657748445,""priority"":""4"",""node"":""kwok-node-25""},{""name"":""rs-05-p4-hmv7q"",""cpu_m"":304,""mem_b"":657748445,""priority"":""4"",""node"":""kwok-node-1""},{""name"":""rs-05-p4-rg62t"",""cpu_m"":304,""mem_b"":657748445,""priority"":""4"",""node"":""kwok-node-14""},{""name"":""rs-06-p2-lwgtc"",""cpu_m"":497,""mem_b"":918286282,""priority"":""2"",""node"":""kwok-node-28""},{""name"":""rs-07-p4-fmglx"",""cpu_m"":581,""mem_b"":260440861,""priority"":""4"",""node"":""kwok-node-10""},{""name"":""rs-08-p1-6vfs8"",""cpu_m"":148,""mem_b"":689684060,""priority"":""1"",""node"":""kwok-node-11""},{""name"":""rs-08-p1-758rx"",""cpu_m"":148,""mem_b"":689684060,""priority"":""1"",""node"":""kwok-node-13""},{""name"":""rs-08-p1-jq9p4"",""cpu_m"":148,""mem_b"":689684060,""priority"":""1"",""node"":""kwok-node-24""},{""name"":""rs-09-p3-bq5gp"",""cpu_m"":327,""mem_b"":863731902,""priority"":""3"",""node"":""kwok-node-26""},{""name"":""rs-09-p3-llbzv"",""cpu_m"":327,""mem_b"":863731902,""priority"":""3"",""node"":""kwok-node-29""},{""name"":""rs-09-p3-qbp5b"",""cpu_m"":327,""mem_b"":863731902,""priority"":""3"",""node"":""kwok-node-3""},{""name"":""rs-09-p3-r672m"",""cpu_m"":327,""mem_b"":863731902,""priority"":""3"",""node"":""kwok-node-30""},{""name"":""rs-10-p1-4px5b"",""cpu_m"":396,""mem_b"":324880150,""priority"":""1"",""node"":""kwok-node-27""},{""name"":""rs-10-p1-d7nr6"",""cpu_m"":396,""mem_b"":324880150,""priority"":""1"",""node"":""kwok-node-32""},{""name"":""rs-10-p1-gpblw"",""cpu_m"":396,""mem_b"":324880150,""priority"":""1"",""node"":""kwok-node-4""},{""name"":""rs-10-p1-kg52g"",""cpu_m"":396,""mem_b"":324880150,""priority"":""1"",""node"":""kwok-node-31""},{""name"":""rs-11-p2-kmdqm"",""cpu_m"":465,""mem_b"":777805736,""priority"":""2"",""node"":""kwok-node-7""},{""name"":""rs-11-p2-w5ds7"",""cpu_m"":465,""mem_b"":777805736,""priority"":""2"",""node"":""kwok-node-5""},{""name"":""rs-12-p3-2bs5v"",""cpu_m"":749,""mem_b"":898440493,""priority"":""3"",""node"":""kwok-node-8""},{""name"":""rs-12-p3-8r6s2"",""cpu_m"":749,""mem_b"":898440493,""priority"":""3"",""node"":""kwok-node-6""},{""name"":""rs-13-p4-f6xkm"",""cpu_m"":700,""mem_b"":473893001,""priority"":""4"",""node"":""kwok-node-9""},{""name"":""rs-14-p3-stjdw"",""cpu_m"":119,""mem_b"":253015279,""priority"":""3"",""node"":""kwok-node-19""},{""name"":""rs-15-p3-mzlpw"",""cpu_m"":794,""mem_b"":770827564,""priority"":""3"",""node"":""kwok-node-19""},{""name"":""rs-16-p4-9t6n2"",""cpu_m"":587,""mem_b"":631604206,""priority"":""4"",""node"":""kwok-node-32""},{""name"":""rs-16-p4-bvlhs"",""cpu_m"":587,""mem_b"":631604206,""priority"":""4"",""node"":""kwok-node-10""},{""name"":""rs-16-p4-ksh6v"",""cpu_m"":587,""mem_b"":631604206,""priority"":""4"",""node"":""kwok-node-31""},{""name"":""rs-16-p4-thvlv"",""cpu_m"":587,""mem_b"":631604206,""priority"":""4"",""node"":""kwok-node-27""},{""name"":""rs-17-p2-48cwx"",""cpu_m"":460,""mem_b"":658079836,""priority"":""2"",""node"":""kwok-node-4""},{""name"":""rs-17-p2-fhcbl"",""cpu_m"":460,""mem_b"":658079836,""priority"":""2"",""node"":""kwok-node-18""},{""name"":""rs-17-p2-h2pw4"",""cpu_m"":460,""mem_b"":658079836,""priority"":""2"",""node"":""kwok-node-9""},{""name"":""rs-17-p2-z49ps"",""cpu_m"":460,""mem_b"":658079836,""priority"":""2"",""node"":""kwok-node-2""},{""name"":""rs-18-p1-4wfrv"",""cpu_m"":998,""mem_b"":691475707,""priority"":""1"",""node"":""kwok-node-14""},{""name"":""rs-18-p1-8vlqb"",""cpu_m"":998,""mem_b"":691475707,""priority"":""1"",""node"":""kwok-node-1""},{""name"":""rs-18-p1-qcgkz"",""cpu_m"":998,""mem_b"":691475707,""priority"":""1"",""node"":""kwok-node-11""},{""name"":""rs-18-p1-zn9mn"",""cpu_m"":998,""mem_b"":691475707,""priority"":""1"",""node"":""kwok-node-25""},{""name"":""rs-19-p3-88cqg"",""cpu_m"":926,""mem_b"":701038531,""priority"":""3"",""node"":""kwok-node-5""},{""name"":""rs-19-p3-94c97"",""cpu_m"":926,""mem_b"":701038531,""priority"":""3"",""node"":""kwok-node-24""},{""name"":""rs-19-p3-qhh65"",""cpu_m"":926,""mem_b"":701038531,""priority"":""3"",""node"":""kwok-node-15""},{""name"":""rs-19-p3-sr9n5"",""cpu_m"":926,""mem_b"":701038531,""priority"":""3"",""node"":""kwok-node-13""},{""name"":""rs-20-p1-2zpg6"",""cpu_m"":278,""mem_b"":116168757,""priority"":""1"",""node"":""kwok-node-12""},{""name"":""rs-20-p1-rp76r"",""cpu_m"":278,""mem_b"":116168757,""priority"":""1"",""node"":""kwok-node-7""},{""name"":""rs-21-p1-nfsql"",""cpu_m"":723,""mem_b"":703591082,""priority"":""1"",""node"":""kwok-node-16""},{""name"":""rs-22-p4-5vs5q"",""cpu_m"":492,""mem_b"":873178514,""priority"":""4"",""node"":""kwok-node-26""},{""name"":""rs-22-p4-7p7dg"",""cpu_m"":492,""mem_b"":873178514,""priority"":""4"",""node"":""kwok-node-30""},{""name"":""rs-22-p4-dfwg4"",""cpu_m"":492,""mem_b"":873178514,""priority"":""4"",""node"":""kwok-node-29""},{""name"":""rs-22-p4-zrvnb"",""cpu_m"":492,""mem_b"":873178514,""priority"":""4"",""node"":""kwok-node-3""},{""name"":""rs-23-p2-2vzfg"",""cpu_m"":650,""mem_b"":193987039,""priority"":""2"",""node"":""kwok-node-17""},{""name"":""rs-24-p2-8zt7x"",""cpu_m"":721,""mem_b"":192767611,""priority"":""2"",""node"":""kwok-node-6""},{""name"":""rs-24-p2-cdf8b"",""cpu_m"":721,""mem_b"":192767611,""priority"":""2"",""node"":""kwok-node-28""},{""name"":""rs-24-p2-xvd6w"",""cpu_m"":721,""mem_b"":192767611,""priority"":""2"",""node"":""kwok-node-8""},{""name"":""rs-24-p2-xwzfc"",""cpu_m"":721,""mem_b"":192767611,""priority"":""2"",""node"":""kwok-node-12""},{""name"":""rs-25-p3-b8627"",""cpu_m"":152,""mem_b"":898895706,""priority"":""3"",""node"":""kwok-node-10""},{""name"":""rs-25-p3-mpjdg"",""cpu_m"":152,""mem_b"":898895706,""priority"":""3"",""node"":""kwok-node-7""},{""name"":""rs-25-p3-r847x"",""cpu_m"":152,""mem_b"":898895706,""priority"":""3"",""node"":""kwok-node-27""},{""name"":""rs-26-p2-ckxcg"",""cpu_m"":846,""mem_b"":802399375,""priority"":""2"",""node"":""kwok-node-32""},{""name"":""rs-26-p2-d4crp"",""cpu_m"":846,""mem_b"":802399375,""priority"":""2"",""node"":""kwok-node-31""},{""name"":""rs-27-p2-4tt6f"",""cpu_m"":698,""mem_b"":382704185,""priority"":""2"",""node"":""kwok-node-22""},{""name"":""rs-27-p2-f6sh9"",""cpu_m"":698,""mem_b"":382704185,""priority"":""2"",""node"":""kwok-node-4""},{""name"":""rs-27-p2-gd27h"",""cpu_m"":698,""mem_b"":382704185,""priority"":""2"",""node"":""kwok-node-20""},{""name"":""rs-27-p2-lprlq"",""cpu_m"":698,""mem_b"":382704185,""priority"":""2"",""node"":""kwok-node-23""},{""name"":""rs-28-p2-cs9ks"",""cpu_m"":521,""mem_b"":367812535,""priority"":""2"",""node"":""kwok-node-28""},{""name"":""rs-28-p2-fm2w9"",""cpu_m"":521,""mem_b"":367812535,""priority"":""2"",""node"":""kwok-node-19""},{""name"":""rs-28-p2-vmqbv"",""cpu_m"":521,""mem_b"":367812535,""priority"":""2"",""node"":""kwok-node-17""},{""name"":""rs-28-p2-zx9kd"",""cpu_m"":521,""mem_b"":367812535,""priority"":""2"",""node"":""kwok-node-21""},{""name"":""rs-29-p2-jml58"",""cpu_m"":807,""mem_b"":468892575,""priority"":""2"",""node"":""kwok-node-14""},{""name"":""rs-29-p2-l8gjm"",""cpu_m"":807,""mem_b"":468892575,""priority"":""2"",""node"":""kwok-node-9""},{""name"":""rs-30-p3-gspht"",""cpu_m"":785,""mem_b"":450617214,""priority"":""3"",""node"":""kwok-node-1""},{""name"":""rs-30-p3-q5zx8"",""cpu_m"":785,""mem_b"":450617214,""priority"":""3"",""node"":""kwok-node-25""},{""name"":""rs-31-p2-b5vrf"",""cpu_m"":989,""mem_b"":577380099,""priority"":""2"",""node"":""kwok-node-11""},{""name"":""rs-31-p2-jg6cx"",""cpu_m"":989,""mem_b"":577380099,""priority"":""2"",""node"":""kwok-node-13""},{""name"":""rs-32-p3-gxtt9"",""cpu_m"":828,""mem_b"":973625740,""priority"":""3"",""node"":""kwok-node-2""},{""name"":""rs-32-p3-lszcv"",""cpu_m"":828,""mem_b"":973625740,""priority"":""3"",""node"":""kwok-node-18""},{""name"":""rs-32-p3-pdh89"",""cpu_m"":828,""mem_b"":973625740,""priority"":""3"",""node"":""""},{""name"":""rs-33-p3-8xfgz"",""cpu_m"":393,""mem_b"":321620208,""priority"":""3"",""node"":""kwok-node-6""},{""name"":""rs-33-p3-z5bks"",""cpu_m"":393,""mem_b"":321620208,""priority"":""3"",""node"":""kwok-node-12""},{""name"":""rs-34-p1-22czk"",""cpu_m"":864,""mem_b"":203764122,""priority"":""1"",""node"":""kwok-node-15""},{""name"":""rs-34-p1-l75m2"",""cpu_m"":864,""mem_b"":203764122,""priority"":""1"",""node"":""kwok-node-24""},{""name"":""rs-34-p1-zhqdd"",""cpu_m"":864,""mem_b"":203764122,""priority"":""1"",""node"":""kwok-node-5""},{""name"":""rs-35-p3-b7h6r"",""cpu_m"":460,""mem_b"":274457007,""priority"":""3"",""node"":""kwok-node-8""},{""name"":""rs-36-p2-6ngsw"",""cpu_m"":971,""mem_b"":140890329,""priority"":""2"",""node"":""kwok-node-3""},{""name"":""rs-36-p2-8tfkq"",""cpu_m"":971,""mem_b"":140890329,""priority"":""2"",""node"":""kwok-node-26""},{""name"":""rs-36-p2-pnfn5"",""cpu_m"":971,""mem_b"":140890329,""priority"":""2"",""node"":""kwok-node-29""},{""name"":""rs-36-p2-xkjnk"",""cpu_m"":971,""mem_b"":140890329,""priority"":""2"",""node"":""kwok-node-30""},{""name"":""rs-37-p3-6cndj"",""cpu_m"":371,""mem_b"":266745164,""priority"":""3"",""node"":""kwok-node-21""},{""name"":""rs-38-p1-5x959"",""cpu_m"":731,""mem_b"":118947096,""priority"":""1"",""node"":""kwok-node-7""},{""name"":""rs-38-p1-5xgwg"",""cpu_m"":731,""mem_b"":118947096,""priority"":""1"",""node"":""kwok-node-10""},{""name"":""rs-38-p1-6jtqz"",""cpu_m"":731,""mem_b"":118947096,""priority"":""1"",""node"":""kwok-node-4""},{""name"":""rs-38-p1-wcflv"",""cpu_m"":731,""mem_b"":118947096,""priority"":""1"",""node"":""kwok-node-19""},{""name"":""rs-39-p4-g4bc8"",""cpu_m"":223,""mem_b"":103987436,""priority"":""4"",""node"":""kwok-node-23""},{""name"":""rs-40-p2-2psfk"",""cpu_m"":686,""mem_b"":317934708,""priority"":""2"",""node"":""kwok-node-20""},{""name"":""rs-40-p2-cflff"",""cpu_m"":686,""mem_b"":317934708,""priority"":""2"",""node"":""kwok-node-22""},{""name"":""rs-40-p2-w8wvr"",""cpu_m"":686,""mem_b"":317934708,""priority"":""2"",""node"":""kwok-node-17""},{""name"":""rs-40-p2-wxcv4"",""cpu_m"":686,""mem_b"":317934708,""priority"":""2"",""node"":""kwok-node-16""},{""name"":""rs-41-p1-hncw4"",""cpu_m"":528,""mem_b"":472667709,""priority"":""1"",""node"":""kwok-node-12""},{""name"":""rs-41-p1-scxg6"",""cpu_m"":528,""mem_b"":472667709,""priority"":""1"",""node"":""kwok-node-28""},{""name"":""rs-41-p1-tjpwg"",""cpu_m"":528,""mem_b"":472667709,""priority"":""1"",""node"":""kwok-node-8""},{""name"":""rs-41-p1-xlt6k"",""cpu_m"":528,""mem_b"":472667709,""priority"":""1"",""node"":""kwok-node-6""},{""name"":""rs-42-p1-cm8mn"",""cpu_m"":550,""mem_b"":487605218,""priority"":""1"",""node"":""""},{""name"":""rs-42-p1-nttxh"",""cpu_m"":550,""mem_b"":487605218,""priority"":""1"",""node"":""""},{""name"":""rs-42-p1-tzc6v"",""cpu_m"":550,""mem_b"":487605218,""priority"":""1"",""node"":""""},{""name"":""rs-43-p1-d7jxq"",""cpu_m"":892,""mem_b"":829282925,""priority"":""1"",""node"":""""},{""name"":""rs-43-p1-k7jkm"",""cpu_m"":892,""mem_b"":829282925,""priority"":""1"",""node"":""""},{""name"":""rs-43-p1-tnpv2"",""cpu_m"":892,""mem_b"":829282925,""priority"":""1"",""node"":""""},{""name"":""rs-44-p3-2bfd6"",""cpu_m"":569,""mem_b"":223804890,""priority"":""3"",""node"":""kwok-node-32""},{""name"":""rs-44-p3-qq8w7"",""cpu_m"":569,""mem_b"":223804890,""priority"":""3"",""node"":""kwok-node-31""},{""name"":""rs-44-p3-wpfg4"",""cpu_m"":569,""mem_b"":223804890,""priority"":""3"",""node"":""kwok-node-21""},{""name"":""rs-45-p1-7czj9"",""cpu_m"":989,""mem_b"":812939308,""priority"":""1"",""node"":""""},{""name"":""rs-45-p1-f9zgx"",""cpu_m"":989,""mem_b"":812939308,""priority"":""1"",""node"":""""},{""name"":""rs-45-p1-wwpkp"",""cpu_m"":989,""mem_b"":812939308,""priority"":""1"",""node"":""""},{""name"":""rs-46-p3-c56fh"",""cpu_m"":311,""mem_b"":652768249,""priority"":""3"",""node"":""""},{""name"":""rs-46-p3-df5vw"",""cpu_m"":311,""mem_b"":652768249,""priority"":""3"",""node"":""""},{""name"":""rs-47-p1-8vdvb"",""cpu_m"":830,""mem_b"":431504672,""priority"":""1"",""node"":""""},{""name"":""rs-47-p1-bwv9t"",""cpu_m"":830,""mem_b"":431504672,""priority"":""1"",""node"":""""},{""name"":""rs-48-p1-f7gk8"",""cpu_m"":860,""mem_b"":351484589,""priority"":""1"",""node"":""""},{""name"":""rs-48-p1-tfn4s"",""cpu_m"":860,""mem_b"":351484589,""priority"":""1"",""node"":""""},{""name"":""rs-49-p2-bvgzq"",""cpu_m"":909,""mem_b"":838906049,""priority"":""2"",""node"":""""},{""name"":""rs-50-p3-blpmp"",""cpu_m"":917,""mem_b"":119040682,""priority"":""3"",""node"":""""},{""name"":""rs-50-p3-k7k9h"",""cpu_m"":917,""mem_b"":119040682,""priority"":""3"",""node"":""kwok-node-27""}]","[{""name"":""kwok-node-1"",""cap_cpu_m"":2464,""cap_mem_bytes"":2043975552},{""name"":""kwok-node-2"",""cap_cpu_m"":2464,""cap_mem_bytes"":2043975552},{""name"":""kwok-node-3"",""cap_cpu_m"":2464,""cap_mem_bytes"":2043975552},{""name"":""kwok-node-4"",""cap_cpu_m"":2464,""cap_mem_bytes"":2043975552},{""name"":""kwok-node-5"",""cap_cpu_m"":2464,""cap_mem_bytes"":2043975552},{""name"":""kwok-node-6"",""cap_cpu_m"":2464,""cap_mem_bytes"":2043975552},{""name"":""kwok-node-7"",""cap_cpu_m"":2464,""cap_mem_bytes"":2043975552},{""name"":""kwok-node-8"",""cap_cpu_m"":2464,""cap_mem_bytes"":2043975552},{""name"":""kwok-node-9"",""cap_cpu_m"":2464,""cap_mem_bytes"":2043975552},{""name"":""kwok-node-10"",""cap_cpu_m"":2464,""cap_mem_bytes"":2043975552},{""name"":""kwok-node-11"",""cap_cpu_m"":2464,""cap_mem_bytes"":2043975552},{""name"":""kwok-node-12"",""cap_cpu_m"":2464,""cap_mem_bytes"":2043975552},{""name"":""kwok-node-13"",""cap_cpu_m"":2464,""cap_mem_bytes"":2043975552},{""name"":""kwok-node-14"",""cap_cpu_m"":2464,""cap_mem_bytes"":2043975552},{""name"":""kwok-node-15"",""cap_cpu_m"":2464,""cap_mem_bytes"":2043975552},{""name"":""kwok-node-16"",""cap_cpu_m"":2464,""cap_mem_bytes"":2043975552},{""name"":""kwok-node-17"",""cap_cpu_m"":2464,""cap_mem_bytes"":2043975552},{""name"":""kwok-node-18"",""cap_cpu_m"":2464,""cap_mem_bytes"":2043975552},{""name"":""kwok-node-19"",""cap_cpu_m"":2464,""cap_mem_bytes"":2043975552},{""name"":""kwok-node-20"",""cap_cpu_m"":2464,""cap_mem_bytes"":2043975552},{""name"":""kwok-node-21"",""cap_cpu_m"":2464,""cap_mem_bytes"":2043975552},{""name"":""kwok-node-22"",""cap_cpu_m"":2464,""cap_mem_bytes"":2043975552},{""name"":""kwok-node-23"",""cap_cpu_m"":2464,""cap_mem_bytes"":2043975552},{""name"":""kwok-node-24"",""cap_cpu_m"":2464,""cap_mem_bytes"":2043975552},{""name"":""kwok-node-25"",""cap_cpu_m"":2464,""cap_mem_bytes"":2043975552},{""name"":""kwok-node-26"",""cap_cpu_m"":2464,""cap_mem_bytes"":2043975552},{""name"":""kwok-node-27"",""cap_cpu_m"":2464,""cap_mem_bytes"":2043975552},{""name"":""kwok-node-28"",""cap_cpu_m"":2464,""cap_mem_bytes"":2043975552},{""name"":""kwok-node-29"",""cap_cpu_m"":2464,""cap_mem_bytes"":2043975552},{""name"":""kwok-node-30"",""cap_cpu_m"":2464,""cap_mem_bytes"":2043975552},{""name"":""kwok-node-31"",""cap_cpu_m"":2464,""cap_mem_bytes"":2043975552},{""name"":""kwok-node-32"",""cap_cpu_m"":2464,""cap_mem_bytes"":2043975552}]"
2026/02/11/12:17:36,5130844505531187853,,"{""evicted"":0,""moved"":0,""placed_by_priority"":{""1"":20,""2"":20,""3"":43,""4"":27}}",python,"{""evicted"":12,""moved"":3,""placed_by_priority"":{""1"":8,""2"":32,""3"":44,""4"":28}}",494,OPTIMAL,"[{""duration_ms"":494,""name"":""python"",""score"":{""evicted"":12,""moved"":3,""placed_by_priority"":{""1"":8,""2"":32,""3"":44,""4"":28}},""status"":""OPTIMAL""}]",0.901,0.889,0.909,0.902,58930,58115,57544467797,57081150957,112,110,16,18,"{""kwok-node-1"":4,""kwok-node-10"":4,""kwok-node-11"":3,""kwok-node-12"":4,""kwok-node-13"":3,""kwok-node-14"":3,""kwok-node-15"":4,""kwok-node-16"":3,""kwok-node-17"":4,""kwok-node-18"":4,""kwok-node-19"":2,""kwok-node-2"":2,""kwok-node-20"":5,""kwok-node-21"":4,""kwok-node-22"":4,""kwok-node-23"":4,""kwok-node-24"":3,""kwok-node-25"":3,""kwok-node-26"":4,""kwok-node-27"":3,""kwok-node-28"":5,""kwok-node-29"":4,""kwok-node-3"":3,""kwok-node-30"":3,""kwok-node-31"":3,""kwok-node-32"":4,""kwok-node-4"":2,""kwok-node-5"":4,""kwok-node-6"":3,""kwok-node-7"":4,""kwok-node-8"":3,""kwok-node-9"":4}","{""kwok-node-1"":4,""kwok-node-10"":4,""kwok-node-11"":3,""kwok-node-12"":4,""kwok-node-13"":3,""kwok-node-14"":3,""kwok-node-15"":4,""kwok-node-16"":3,""kwok-node-17"":4,""kwok-node-18"":4,""kwok-node-19"":2,""kwok-node-2"":2,""kwok-node-20"":4,""kwok-node-21"":4,""kwok-node-22"":4,""kwok-node-23"":4,""kwok-node-24"":4,""kwok-node-25"":3,""kwok-node-26"":4,""kwok-node-27"":3,""kwok-node-28"":5,""kwok-node-29"":4,""kwok-node-3"":3,""kwok-node-30"":3,""kwok-node-31"":2,""kwok-node-32"":4,""kwok-node-4"":2,""kwok-node-5"":4,""kwok-node-6"":2,""kwok-node-7"":4,""kwok-node-8"":3,""kwok-node-9"":4}","{""p1"":8,""p2"":32,""p3"":44,""p4"":28}","{""p1"":20,""p2"":20,""p3"":43,""p4"":27}","{""p1"":16}","{""p1"":4,""p2"":12,""p3"":1,""p4"":1}","{rs-07-p1-gtdss,rs-07-p1-q6h6l,rs-07-p1-zvldd,rs-13-p1-266cv,rs-13-p1-fsqtp,rs-13-p1-hpks2,rs-13-p1-ln8pd,rs-25-p1-2jqnb,rs-25-p1-dtlwq,rs-25-p1-jjwst,rs-33-p1-pdtw6,rs-49-p1-4d8q4,rs-49-p1-5hbhr,rs-49-p1-p6mtl,rs-50-p1-mf9tv,rs-50-p1-msvg8}","{rs-37-p2-h7pjt,rs-38-p2-9pxcm,rs-44-p4-24bwr,rs-45-p2-dcq22,rs-45-p2-mdqs6,rs-47-p3-7ct4m,rs-48-p2-2zqpx,rs-48-p2-hk52t,rs-48-p2-wgkdx,rs-48-p2-xv9r5,rs-49-p1-4d8q4,rs-49-p1-p6mtl,rs-50-p1-mf9tv,rs-50-p1-msvg8,rs-51-p2-dhw69,rs-51-p2-mfc97,rs-52-p2-pzzpg,rs-52-p2-trvxh}","{rs-01-p4-4bf5x,rs-01-p4-5n668,rs-01-p4-99m2t,rs-01-p4-wzv75,rs-02-p4-4gpjs,rs-02-p4-sjfgc,rs-02-p4-trstz,rs-03-p2-hxk4r,rs-03-p2-jkhht,rs-04-p4-dkt5t,rs-04-p4-mzwlq,rs-04-p4-sdpds,rs-04-p4-vl6zg,rs-05-p3-44hn2,rs-05-p3-5swxn,rs-05-p3-hdsvl,rs-05-p3-hmr8m,rs-06-p1-x469j,rs-07-p1-dmbs6,rs-08-p3-npsrz,rs-08-p3-tx66b,rs-09-p3-7vxpd,rs-09-p3-l7qlc,rs-09-p3-xrnkj,rs-10-p2-qmm96,rs-11-p4-cjqmh,rs-11-p4-fltpj,rs-11-p4-lg2gk,rs-11-p4-w9qw8,rs-12-p2-c8mdb,rs-12-p2-j5rg8,rs-12-p2-rrk4z,rs-14-p3-696sp,rs-14-p3-tg7lz,rs-15-p3-gm9dz,rs-15-p3-v6dk6,rs-16-p3-4zndw,rs-16-p3-7mxm8,rs-16-p3-88g2w,rs-16-p3-r9gn9,rs-17-p4-4kccg,rs-17-p4-l5xzt,rs-17-p4-lk6l9,rs-18-p1-5fsc9,rs-18-p1-l7bpm,rs-18-p1-r5jd6,rs-18-p1-sptft,rs-19-p3-5f47l,rs-19-p3-xf54v,rs-20-p3-hpz2k,rs-21-p2-7jnj4,rs-21-p2-7pl77,rs-21-p2-l99rd,rs-22-p4-9ls68,rs-22-p4-g772h,rs-22-p4-kjls9,rs-22-p4-qdrs2,rs-23-p3-4pcmn,rs-23-p3-d8hwp,rs-23-p3-wzhrc,rs-24-p2-ch7b8,rs-24-p2-gsq25,rs-24-p2-jbvr4,rs-26-p2-nt9xt,rs-27-p3-8hqg9,rs-27-p3-8xz5r,rs-27-p3-hflfh,rs-27-p3-mkrgb,rs-28-p3-bzgz8,rs-28-p3-v8mwn,rs-29-p3-bwr2j,rs-30-p3-7trbh,rs-30-p3-nqgzk,rs-31-p4-hd9nd,rs-31-p4-jr7mv,rs-32-p3-6w7c9,rs-32-p3-db68f,rs-32-p3-vnpr9,rs-34-p3-blrgr,rs-34-p3-gkfbt,rs-34-p3-kbn6w,rs-35-p1-q6p5s,rs-36-p2-bx64f,rs-37-p2-h7pjt,rs-38-p2-9pxcm,rs-39-p2-4drw5,rs-39-p2-86m8x,rs-40-p4-zn2b2,rs-41-p4-7pm7h,rs-41-p4-dr2n9,rs-42-p2-djjd9,rs-42-p2-zw52v,rs-43-p3-rb2h9,rs-44-p4-24bwr,rs-45-p2-dcq22,rs-45-p2-mdqs6,rs-46-p3-5kgsh,rs-46-p3-6x9rv,rs-46-p3-fwxb4,rs-46-p3-nnwf5,rs-47-p3-7ct4m,rs-48-p2-2zqpx,rs-48-p2-hk52t,rs-48-p2-wgkdx,rs-48-p2-xv9r5,rs-49-p1-vf6fb,rs-51-p2-dhw69,rs-51-p2-mfc97,rs-52-p2-b7gqt,rs-52-p2-hrkvs,rs-52-p2-pzzpg,rs-52-p2-trvxh}","{rs-01-p4-4bf5x,rs-01-p4-5n668,rs-01-p4-99m2t,rs-01-p4-wzv75,rs-02-p4-4gpjs,rs-02-p4-sjfgc,rs-02-p4-trstz,rs-03-p2-hxk4r,rs-03-p2-jkhht,rs-04-p4-dkt5t,rs-04-p4-mzwlq,rs-04-p4-sdpds,rs-04-p4-vl6zg,rs-05-p3-44hn2,rs-05-p3-5swxn,rs-05-p3-hdsvl,rs-05-p3-hmr8m,rs-06-p1-x469j,rs-07-p1-dh8vl,rs-07-p1-dmbs6,rs-07-p1-jglj2,rs-07-p1-vjl5p,rs-08-p3-npsrz,rs-08-p3-tx66b,rs-09-p3-7vxpd,rs-09-p3-l7qlc,rs-09-p3-xrnkj,rs-10-p2-qmm96,rs-11-p4-cjqmh,rs-11-p4-fltpj,rs-11-p4-lg2gk,rs-11-p4-w9qw8,rs-12-p2-c8mdb,rs-12-p2-j5rg8,rs-12-p2-rrk4z,rs-13-p1-9bq8w,rs-13-p1-gmqgs,rs-13-p1-ltw2z,rs-13-p1-tpcpl,rs-14-p3-696sp,rs-14-p3-tg7lz,rs-15-p3-gm9dz,rs-15-p3-v6dk6,rs-16-p3-4zndw,rs-16-p3-7mxm8,rs-16-p3-88g2w,rs-16-p3-r9gn9,rs-17-p4-4kccg,rs-17-p4-l5xzt,rs-17-p4-lk6l9,rs-18-p1-l6xhd,rs-18-p1-m9ppb,rs-18-p1-sptft,rs-18-p1-wrx7d,rs-19-p3-5f47l,rs-19-p3-xf54v,rs-20-p3-hpz2k,rs-21-p2-7jnj4,rs-21-p2-7pl77,rs-21-p2-l99rd,rs-22-p4-9ls68,rs-22-p4-g772h,rs-22-p4-kjls9,rs-22-p4-qdrs2,rs-23-p3-4pcmn,rs-23-p3-d8hwp,rs-23-p3-wzhrc,rs-24-p2-ch7b8,rs-24-p2-gsq25,rs-24-p2-jbvr4,rs-25-p1-9h5gn,rs-25-p1-fwjbx,rs-25-p1-rn649,rs-26-p2-nt9xt,rs-27-p3-8hqg9,rs-27-p3-8xz5r,rs-27-p3-hflfh,rs-27-p3-mkrgb,rs-28-p3-bzgz8,rs-28-p3-v8mwn,rs-29-p3-bwr2j,rs-30-p3-7trbh,rs-30-p3-nqgzk,rs-31-p4-hd9nd,rs-31-p4-jr7mv,rs-32-p3-6w7c9,rs-32-p3-db68f,rs-32-p3-vnpr9,rs-33-p1-w9gx2,rs-34-p3-blrgr,rs-34-p3-gkfbt,rs-34-p3-kbn6w,rs-35-p1-q6p5s,rs-36-p2-bx64f,rs-39-p2-4drw5,rs-39-p2-86m8x,rs-40-p4-zn2b2,rs-41-p4-7pm7h,rs-41-p4-dr2n9,rs-42-p2-djjd9,rs-42-p2-zw52v,rs-43-p3-rb2h9,rs-46-p3-5kgsh,rs-46-p3-6x9rv,rs-46-p3-fwxb4,rs-46-p3-nnwf5,rs-49-p1-9tcbt,rs-49-p1-vf6fb,rs-52-p2-b7gqt,rs-52-p2-hrkvs}","[{""name"":""rs-01-p4-4bf5x"",""cpu_m"":645,""mem_b"":568830292,""priority"":""4"",""node"":""kwok-node-14""},{""name"":""rs-01-p4-5n668"",""cpu_m"":645,""mem_b"":568830292,""priority"":""4"",""node"":""kwok-node-1""},{""name"":""rs-01-p4-99m2t"",""cpu_m"":645,""mem_b"":568830292,""priority"":""4"",""node"":""kwok-node-10""},{""name"":""rs-01-p4-wzv75"",""cpu_m"":645,""mem_b"":568830292,""priority"":""4"",""node"":""kwok-node-15""},{""name"":""rs-02-p4-4gpjs"",""cpu_m"":700,""mem_b"":588844479,""priority"":""4"",""node"":""kwok-node-13""},{""name"":""rs-02-p4-sjfgc"",""cpu_m"":700,""mem_b"":588844479,""priority"":""4"",""node"":""kwok-node-12""},{""name"":""rs-02-p4-trstz"",""cpu_m"":700,""mem_b"":588844479,""priority"":""4"",""node"":""kwok-node-11""},{""name"":""rs-03-p2-hxk4r"",""cpu_m"":269,""mem_b"":549400745,""priority"":""2"",""node"":""kwok-node-20""},{""name"":""rs-03-p2-jkhht"",""cpu_m"":269,""mem_b"":549400745,""priority"":""2"",""node"":""kwok-node-16""},{""name"":""rs-04-p4-dkt5t"",""cpu_m"":960,""mem_b"":963467248,""priority"":""4"",""node"":""kwok-node-23""},{""name"":""rs-04-p4-mzwlq"",""cpu_m"":960,""mem_b"":963467248,""priority"":""4"",""node"":""kwok-node-22""},{""name"":""rs-04-p4-sdpds"",""cpu_m"":960,""mem_b"":963467248,""priority"":""4"",""node"":""kwok-node-19""},{""name"":""rs-04-p4-vl6zg"",""cpu_m"":960,""mem_b"":963467248,""priority"":""4"",""node"":""kwok-node-2""},{""name"":""rs-05-p3-44hn2"",""cpu_m"":113,""mem_b"":519150337,""priority"":""3"",""node"":""kwok-node-20""},{""name"":""rs-05-p3-5swxn"",""cpu_m"":113,""mem_b"":519150337,""priority"":""3"",""node"":""kwok-node-21""},{""name"":""rs-05-p3-hdsvl"",""cpu_m"":113,""mem_b"":519150337,""priority"":""3"",""node"":""kwok-node-18""},{""name"":""rs-05-p3-hmr8m"",""cpu_m"":113,""mem_b"":519150337,""priority"":""3"",""node"":""kwok-node-17""},{""name"":""rs-06-p1-x469j"",""cpu_m"":575,""mem_b"":455088194,""priority"":""1"",""node"":""kwok-node-21""},{""name"":""rs-07-p1-dmbs6"",""cpu_m"":206,""mem_b"":631905790,""priority"":""1"",""node"":""kwok-node-26""},{""name"":""rs-07-p1-gtdss"",""cpu_m"":206,""mem_b"":631905790,""priority"":""1"",""node"":""""},{""name"":""rs-07-p1-q6h6l"",""cpu_m"":206,""mem_b"":631905790,""priority"":""1"",""node"":""""},{""name"":""rs-07-p1-zvldd"",""cpu_m"":206,""mem_b"":631905790,""priority"":""1"",""node"":""""},{""name"":""rs-08-p3-npsrz"",""cpu_m"":189,""mem_b"":662621967,""priority"":""3"",""node"":""kwok-node-29""},{""name"":""rs-08-p3-tx66b"",""cpu_m"":189,""mem_b"":662621967,""priority"":""3"",""node"":""kwok-node-28""},{""name"":""rs-09-p3-7vxpd"",""cpu_m"":538,""mem_b"":624948618,""priority"":""3"",""node"":""kwok-node-18""},{""name"":""rs-09-p3-l7qlc"",""cpu_m"":538,""mem_b"":624948618,""priority"":""3"",""node"":""kwok-node-30""},{""name"":""rs-09-p3-xrnkj"",""cpu_m"":538,""mem_b"":624948618,""priority"":""3"",""node"":""kwok-node-3""},{""name"":""rs-10-p2-qmm96"",""cpu_m"":376,""mem_b"":902879354,""priority"":""2"",""node"":""kwok-node-17""},{""name"":""rs-11-p4-cjqmh"",""cpu_m"":660,""mem_b"":417757213,""priority"":""4"",""node"":""kwok-node-27""},{""name"":""rs-11-p4-fltpj"",""cpu_m"":660,""mem_b"":417757213,""priority"":""4"",""node"":""kwok-node-24""},{""name"":""rs-11-p4-lg2gk"",""cpu_m"":660,""mem_b"":417757213,""priority"":""4"",""node"":""kwok-node-25""},{""name"":""rs-11-p4-w9qw8"",""cpu_m"":660,""mem_b"":417757213,""priority"":""4"",""node"":""kwok-node-16""},{""name"":""rs-12-p2-c8mdb"",""cpu_m"":879,""mem_b"":878272198,""priority"":""2"",""node"":""kwok-node-31""},{""name"":""rs-12-p2-j5rg8"",""cpu_m"":879,""mem_b"":878272198,""priority"":""2"",""node"":""kwok-node-4""},{""name"":""rs-12-p2-rrk4z"",""cpu_m"":879,""mem_b"":878272198,""priority"":""2"",""node"":""kwok-node-6""},{""name"":""rs-13-p1-266cv"",""cpu_m"":796,""mem_b"":193404836,""priority"":""1"",""node"":""""},{""name"":""rs-13-p1-fsqtp"",""cpu_m"":796,""mem_b"":193404836,""priority"":""1"",""node"":""""},{""name"":""rs-13-p1-hpks2"",""cpu_m"":796,""mem_b"":193404836,""priority"":""1"",""node"":""""},{""name"":""rs-13-p1-ln8pd"",""cpu_m"":796,""mem_b"":193404836,""priority"":""1"",""node"":""""},{""name"":""rs-14-p3-696sp"",""cpu_m"":523,""mem_b"":261169168,""priority"":""3"",""node"":""kwok-node-26""},{""name"":""rs-14-p3-tg7lz"",""cpu_m"":523,""mem_b"":261169168,""priority"":""3"",""node"":""kwok-node-5""},{""name"":""rs-15-p3-gm9dz"",""cpu_m"":369,""mem_b"":850248276,""priority"":""3"",""node"":""kwok-node-5""},{""name"":""rs-15-p3-v6dk6"",""cpu_m"":369,""mem_b"":850248276,""priority"":""3"",""node"":""kwok-node-8""},{""name"":""rs-16-p3-4zndw"",""cpu_m"":671,""mem_b"":173014718,""priority"":""3"",""node"":""kwok-node-30""},{""name"":""rs-16-p3-7mxm8"",""cpu_m"":671,""mem_b"":173014718,""priority"":""3"",""node"":""kwok-node-29""},{""name"":""rs-16-p3-88g2w"",""cpu_m"":671,""mem_b"":173014718,""priority"":""3"",""node"":""kwok-node-3""},{""name"":""rs-16-p3-r9gn9"",""cpu_m"":671,""mem_b"":173014718,""priority"":""3"",""node"":""kwok-node-28""},{""name"":""rs-17-p4-4kccg"",""cpu_m"":994,""mem_b"":290750678,""priority"":""4"",""node"":""kwok-node-20""},{""name"":""rs-17-p4-l5xzt"",""cpu_m"":994,""mem_b"":290750678,""priority"":""4"",""node"":""kwok-node-14""},{""name"":""rs-17-p4-lk6l9"",""cpu_m"":994,""mem_b"":290750678,""priority"":""4"",""node"":""kwok-node-18""},{""name"":""rs-18-p1-5fsc9"",""cpu_m"":336,""mem_b"":241853463,""priority"":""1"",""node"":""kwok-node-31""},{""name"":""rs-18-p1-l7bpm"",""cpu_m"":336,""mem_b"":241853463,""priority"":""1"",""node"":""kwok-node-20""},{""name"":""rs-18-p1-r5jd6"",""cpu_m"":336,""mem_b"":241853463,""priority"":""1"",""node"":""kwok-node-6""},{""name"":""rs-18-p1-sptft"",""cpu_m"":336,""mem_b"":241853463,""priority"":""1"",""node"":""kwok-node-12""},{""name"":""rs-19-p3-5f47l"",""cpu_m"":270,""mem_b"":741916198,""priority"":""3"",""node"":""kwok-node-9""},{""name"":""rs-19-p3-xf54v"",""cpu_m"":270,""mem_b"":741916198,""priority"":""3"",""node"":""kwok-node-7""},{""name"":""rs-20-p3-hpz2k"",""cpu_m"":203,""mem_b"":547046309,""priority"":""3"",""node"":""kwok-node-32""},{""name"":""rs-21-p2-7jnj4"",""cpu_m"":462,""mem_b"":501435658,""priority"":""2"",""node"":""kwok-node-13""},{""name"":""rs-21-p2-7pl77"",""cpu_m"":462,""mem_b"":501435658,""priority"":""2"",""node"":""kwok-node-29""},{""name"":""rs-21-p2-l99rd"",""cpu_m"":462,""mem_b"":501435658,""priority"":""2"",""node"":""kwok-node-11""},{""name"":""rs-22-p4-9ls68"",""cpu_m"":135,""mem_b"":318966505,""priority"":""4"",""node"":""kwok-node-1""},{""name"":""rs-22-p4-g772h"",""cpu_m"":135,""mem_b"":318966505,""priority"":""4"",""node"":""kwok-node-28""},{""name"":""rs-22-p4-kjls9"",""cpu_m"":135,""mem_b"":318966505,""priority"":""4"",""node"":""kwok-node-10""},{""name"":""rs-22-p4-qdrs2"",""cpu_m"":135,""mem_b"":318966505,""priority"":""4"",""node"":""kwok-node-32""},{""name"":""rs-23-p3-4pcmn"",""cpu_m"":834,""mem_b"":331973144,""priority"":""3"",""node"":""kwok-node-21""},{""name"":""rs-23-p3-d8hwp"",""cpu_m"":834,""mem_b"":331973144,""priority"":""3"",""node"":""kwok-node-24""},{""name"":""rs-23-p3-wzhrc"",""cpu_m"":834,""mem_b"":331973144,""priority"":""3"",""node"":""kwok-node-26""},{""name"":""rs-24-p2-ch7b8"",""cpu_m"":739,""mem_b"":764715269,""priority"":""2"",""node"":""kwok-node-6""},{""name"":""rs-24-p2-gsq25"",""cpu_m"":739,""mem_b"":764715269,""priority"":""2"",""node"":""kwok-node-31""},{""name"":""rs-24-p2-jbvr4"",""cpu_m"":739,""mem_b"":764715269,""priority"":""2"",""node"":""kwok-node-4""},{""name"":""rs-25-p1-2jqnb"",""cpu_m"":975,""mem_b"":724782666,""priority"":""1"",""node"":""""},{""name"":""rs-25-p1-dtlwq"",""cpu_m"":975,""mem_b"":724782666,""priority"":""1"",""node"":""""},{""name"":""rs-25-p1-jjwst"",""cpu_m"":975,""mem_b"":724782666,""priority"":""1"",""node"":""""},{""name"":""rs-26-p2-nt9xt"",""cpu_m"":848,""mem_b"":274264899,""priority"":""2"",""node"":""kwok-node-5""},{""name"":""rs-27-p3-8hqg9"",""cpu_m"":401,""mem_b"":567227286,""priority"":""3"",""node"":""kwok-node-9""},{""name"":""rs-27-p3-8xz5r"",""cpu_m"":401,""mem_b"":567227286,""priority"":""3"",""node"":""kwok-node-7""},{""name"":""rs-27-p3-hflfh"",""cpu_m"":401,""mem_b"":567227286,""priority"":""3"",""node"":""kwok-node-15""},{""name"":""rs-27-p3-mkrgb"",""cpu_m"":401,""mem_b"":567227286,""priority"":""3"",""node"":""kwok-node-12""},{""name"":""rs-28-p3-bzgz8"",""cpu_m"":323,""mem_b"":388714440,""priority"":""3"",""node"":""kwok-node-22""},{""name"":""rs-28-p3-v8mwn"",""cpu_m"":323,""mem_b"":388714440,""priority"":""3"",""node"":""kwok-node-23""},{""name"":""rs-29-p3-bwr2j"",""cpu_m"":762,""mem_b"":134747083,""priority"":""3"",""node"":""kwok-node-17""},{""name"":""rs-30-p3-7trbh"",""cpu_m"":948,""mem_b"":792623677,""priority"":""3"",""node"":""kwok-node-19""},{""name"":""rs-30-p3-nqgzk"",""cpu_m"":948,""mem_b"":792623677,""priority"":""3"",""node"":""kwok-node-2""},{""name"":""rs-31-p4-hd9nd"",""cpu_m"":695,""mem_b"":864489230,""priority"":""4"",""node"":""kwok-node-3""},{""name"":""rs-31-p4-jr7mv"",""cpu_m"":695,""mem_b"":864489230,""priority"":""4"",""node"":""kwok-node-30""},{""name"":""rs-32-p3-6w7c9"",""cpu_m"":616,""mem_b"":824010405,""priority"":""3"",""node"":""kwok-node-11""},{""name"":""rs-32-p3-db68f"",""cpu_m"":616,""mem_b"":824010405,""priority"":""3"",""node"":""kwok-node-32""},{""name"":""rs-32-p3-vnpr9"",""cpu_m"":616,""mem_b"":824010405,""priority"":""3"",""node"":""kwok-node-8""},{""name"":""rs-33-p1-pdtw6"",""cpu_m"":522,""mem_b"":870160675,""priority"":""1"",""node"":""""},{""name"":""rs-34-p3-blrgr"",""cpu_m"":556,""mem_b"":431979589,""priority"":""3"",""node"":""kwok-node-10""},{""name"":""rs-34-p3-gkfbt"",""cpu_m"":556,""mem_b"":431979589,""priority"":""3"",""node"":""kwok-node-1""},{""name"":""rs-34-p3-kbn6w"",""cpu_m"":556,""mem_b"":431979589,""priority"":""3"",""node"":""kwok-node-28""},{""name"":""rs-35-p1-q6p5s"",""cpu_m"":122,""mem_b"":731000465,""priority"":""1"",""node"":""kwok-node-14""},{""name"":""rs-36-p2-bx64f"",""cpu_m"":145,""mem_b"":256926846,""priority"":""2"",""node"":""kwok-node-22""},{""name"":""rs-37-p2-h7pjt"",""cpu_m"":924,""mem_b"":530024743,""priority"":""2"",""node"":""kwok-node-16""},{""name"":""rs-38-p2-9pxcm"",""cpu_m"":722,""mem_b"":649945854,""priority"":""2"",""node"":""kwok-node-13""},{""name"":""rs-39-p2-4drw5"",""cpu_m"":419,""mem_b"":659977855,""priority"":""2"",""node"":""kwok-node-26""},{""name"":""rs-39-p2-86m8x"",""cpu_m"":419,""mem_b"":659977855,""priority"":""2"",""node"":""kwok-node-21""},{""name"":""rs-40-p4-zn2b2"",""cpu_m"":414,""mem_b"":152118021,""priority"":""4"",""node"":""kwok-node-23""},{""name"":""rs-41-p4-7pm7h"",""cpu_m"":192,""mem_b"":307529088,""priority"":""4"",""node"":""kwok-node-29""},{""name"":""rs-41-p4-dr2n9"",""cpu_m"":192,""mem_b"":307529088,""priority"":""4"",""node"":""kwok-node-20""},{""name"":""rs-42-p2-djjd9"",""cpu_m"":483,""mem_b"":133218680,""priority"":""2"",""node"":""kwok-node-15""},{""name"":""rs-42-p2-zw52v"",""cpu_m"":483,""mem_b"":133218680,""priority"":""2"",""node"":""kwok-node-17""},{""name"":""rs-43-p3-rb2h9"",""cpu_m"":423,""mem_b"":571652979,""priority"":""3"",""node"":""kwok-node-12""},{""name"":""rs-44-p4-24bwr"",""cpu_m"":696,""mem_b"":169938611,""priority"":""4"",""node"":""kwok-node-10""},{""name"":""rs-45-p2-dcq22"",""cpu_m"":975,""mem_b"":168246873,""priority"":""2"",""node"":""kwok-node-32""},{""name"":""rs-45-p2-mdqs6"",""cpu_m"":975,""mem_b"":168246873,""priority"":""2"",""node"":""kwok-node-8""},{""name"":""rs-46-p3-5kgsh"",""cpu_m"":462,""mem_b"":360254957,""priority"":""3"",""node"":""kwok-node-22""},{""name"":""rs-46-p3-6x9rv"",""cpu_m"":462,""mem_b"":360254957,""priority"":""3"",""node"":""kwok-node-28""},{""name"":""rs-46-p3-fwxb4"",""cpu_m"":462,""mem_b"":360254957,""priority"":""3"",""node"":""kwok-node-7""},{""name"":""rs-46-p3-nnwf5"",""cpu_m"":462,""mem_b"":360254957,""priority"":""3"",""node"":""kwok-node-9""},{""name"":""rs-47-p3-7ct4m"",""cpu_m"":452,""mem_b"":940754248,""priority"":""3"",""node"":""kwok-node-24""},{""name"":""rs-48-p2-2zqpx"",""cpu_m"":447,""mem_b"":723356742,""priority"":""2"",""node"":""kwok-node-27""},{""name"":""rs-48-p2-hk52t"",""cpu_m"":447,""mem_b"":723356742,""priority"":""2"",""node"":""kwok-node-25""},{""name"":""rs-48-p2-wgkdx"",""cpu_m"":447,""mem_b"":723356742,""priority"":""2"",""node"":""kwok-node-25""},{""name"":""rs-48-p2-xv9r5"",""cpu_m"":447,""mem_b"":723356742,""priority"":""2"",""node"":""kwok-node-27""},{""name"":""rs-49-p1-4d8q4"",""cpu_m"":256,""mem_b"":589300943,""priority"":""1"",""node"":""""},{""name"":""rs-49-p1-5hbhr"",""cpu_m"":256,""mem_b"":589300943,""priority"":""1"",""node"":""""},{""name"":""rs-49-p1-p6mtl"",""cpu_m"":256,""mem_b"":589300943,""priority"":""1"",""node"":""""},{""name"":""rs-49-p1-vf6fb"",""cpu_m"":256,""mem_b"":589300943,""priority"":""1"",""node"":""kwok-node-5""},{""name"":""rs-50-p1-mf9tv"",""cpu_m"":841,""mem_b"":715626269,""priority"":""1"",""node"":""""},{""name"":""rs-50-p1-msvg8"",""cpu_m"":841,""mem_b"":715626269,""priority"":""1"",""node"":""""},{""name"":""rs-51-p2-dhw69"",""cpu_m"":677,""mem_b"":185751047,""priority"":""2"",""node"":""kwok-node-9""},{""name"":""rs-51-p2-mfc97"",""cpu_m"":677,""mem_b"":185751047,""priority"":""2"",""node"":""kwok-node-7""},{""name"":""rs-52-p2-b7gqt"",""cpu_m"":217,""mem_b"":437188453,""priority"":""2"",""node"":""kwok-node-23""},{""name"":""rs-52-p2-hrkvs"",""cpu_m"":217,""mem_b"":437188453,""priority"":""2"",""node"":""kwok-node-18""},{""name"":""rs-52-p2-pzzpg"",""cpu_m"":217,""mem_b"":437188453,""priority"":""2"",""node"":""kwok-node-1""},{""name"":""rs-52-p2-trvxh"",""cpu_m"":217,""mem_b"":437188453,""priority"":""2"",""node"":""kwok-node-15""}]","[{""name"":""rs-01-p4-4bf5x"",""cpu_m"":645,""mem_b"":568830292,""priority"":""4"",""node"":""kwok-node-14""},{""name"":""rs-01-p4-5n668"",""cpu_m"":645,""mem_b"":568830292,""priority"":""4"",""node"":""kwok-node-1""},{""name"":""rs-01-p4-99m2t"",""cpu_m"":645,""mem_b"":568830292,""priority"":""4"",""node"":""kwok-node-10""},{""name"":""rs-01-p4-wzv75"",""cpu_m"":645,""mem_b"":568830292,""priority"":""4"",""node"":""kwok-node-15""},{""name"":""rs-02-p4-4gpjs"",""cpu_m"":700,""mem_b"":588844479,""priority"":""4"",""node"":""kwok-node-13""},{""name"":""rs-02-p4-sjfgc"",""cpu_m"":700,""mem_b"":588844479,""priority"":""4"",""node"":""kwok-node-12""},{""name"":""rs-02-p4-trstz"",""cpu_m"":700,""mem_b"":588844479,""priority"":""4"",""node"":""kwok-node-11""},{""name"":""rs-03-p2-hxk4r"",""cpu_m"":269,""mem_b"":549400745,""priority"":""2"",""node"":""kwok-node-20""},{""name"":""rs-03-p2-jkhht"",""cpu_m"":269,""mem_b"":549400745,""priority"":""2"",""node"":""kwok-node-16""},{""name"":""rs-04-p4-dkt5t"",""cpu_m"":960,""mem_b"":963467248,""priority"":""4"",""node"":""kwok-node-23""},{""name"":""rs-04-p4-mzwlq"",""cpu_m"":960,""mem_b"":963467248,""priority"":""4"",""node"":""kwok-node-22""},{""name"":""rs-04-p4-sdpds"",""cpu_m"":960,""mem_b"":963467248,""priority"":""4"",""node"":""kwok-node-19""},{""name"":""rs-04-p4-vl6zg"",""cpu_m"":960,""mem_b"":963467248,""priority"":""4"",""node"":""kwok-node-2""},{""name"":""rs-05-p3-44hn2"",""cpu_m"":113,""mem_b"":519150337,""priority"":""3"",""node"":""kwok-node-20""},{""name"":""rs-05-p3-5swxn"",""cpu_m"":113,""mem_b"":519150337,""priority"":""3"",""node"":""kwok-node-21""},{""name"":""rs-05-p3-hdsvl"",""cpu_m"":113,""mem_b"":519150337,""priority"":""3"",""node"":""kwok-node-18""},{""name"":""rs-05-p3-hmr8m"",""cpu_m"":113,""mem_b"":519150337,""priority"":""3"",""node"":""kwok-node-17""},{""name"":""rs-06-p1-x469j"",""cpu_m"":575,""mem_b"":455088194,""priority"":""1"",""node"":""kwok-node-21""},{""name"":""rs-07-p1-dh8vl"",""cpu_m"":206,""mem_b"":631905790,""priority"":""1"",""node"":""kwok-node-27""},{""name"":""rs-07-p1-dmbs6"",""cpu_m"":206,""mem_b"":631905790,""priority"":""1"",""node"":""kwok-node-26""},{""name"":""rs-07-p1-jglj2"",""cpu_m"":206,""mem_b"":631905790,""priority"":""1"",""node"":""kwok-node-25""},{""name"":""rs-07-p1-vjl5p"",""cpu_m"":206,""mem_b"":631905790,""priority"":""1"",""node"":""kwok-node-24""},{""name"":""rs-08-p3-npsrz"",""cpu_m"":189,""mem_b"":662621967,""priority"":""3"",""node"":""kwok-node-29""},{""name"":""rs-08-p3-tx66b"",""cpu_m"":189,""mem_b"":662621967,""priority"":""3"",""node"":""kwok-node-28""},{""name"":""rs-09-p3-7vxpd"",""cpu_m"":538,""mem_b"":624948618,""priority"":""3"",""node"":""kwok-node-18""},{""name"":""rs-09-p3-l7qlc"",""cpu_m"":538,""mem_b"":624948618,""priority"":""3"",""node"":""kwok-node-30""},{""name"":""rs-09-p3-xrnkj"",""cpu_m"":538,""mem_b"":624948618,""priority"":""3"",""node"":""kwok-node-3""},{""name"":""rs-10-p2-qmm96"",""cpu_m"":376,""mem_b"":902879354,""priority"":""2"",""node"":""kwok-node-17""},{""name"":""rs-11-p4-cjqmh"",""cpu_m"":660,""mem_b"":417757213,""priority"":""4"",""node"":""kwok-node-27""},{""name"":""rs-11-p4-fltpj"",""cpu_m"":660,""mem_b"":417757213,""priority"":""4"",""node"":""kwok-node-24""},{""name"":""rs-11-p4-lg2gk"",""cpu_m"":660,""mem_b"":417757213,""priority"":""4"",""node"":""kwok-node-25""},{""name"":""rs-11-p4-w9qw8"",""cpu_m"":660,""mem_b"":417757213,""priority"":""4"",""node"":""kwok-node-16""},{""name"":""rs-12-p2-c8mdb"",""cpu_m"":879,""mem_b"":878272198,""priority"":""2"",""node"":""kwok-node-31""},{""name"":""rs-12-p2-j5rg8"",""cpu_m"":879,""mem_b"":878272198,""priority"":""2"",""node"":""kwok-node-4""},{""name"":""rs-12-p2-rrk4z"",""cpu_m"":879,""mem_b"":878272198,""priority"":""2"",""node"":""kwok-node-6""},{""name"":""rs-13-p1-9bq8w"",""cpu_m"":796,""mem_b"":193404836,""priority"":""1"",""node"":""kwok-node-9""},{""name"":""rs-13-p1-gmqgs"",""cpu_m"":796,""mem_b"":193404836,""priority"":""1"",""node"":""kwok-node-7""},{""name"":""rs-13-p1-ltw2z"",""cpu_m"":796,""mem_b"":193404836,""priority"":""1"",""node"":""kwok-node-32""},{""name"":""rs-13-p1-tpcpl"",""cpu_m"":796,""mem_b"":193404836,""priority"":""1"",""node"":""kwok-node-8""},{""name"":""rs-14-p3-696sp"",""cpu_m"":523,""mem_b"":261169168,""priority"":""3"",""node"":""kwok-node-26""},{""name"":""rs-14-p3-tg7lz"",""cpu_m"":523,""mem_b"":261169168,""priority"":""3"",""node"":""kwok-node-5""},{""name"":""rs-15-p3-gm9dz"",""cpu_m"":369,""mem_b"":850248276,""priority"":""3"",""node"":""kwok-node-5""},{""name"":""rs-15-p3-v6dk6"",""cpu_m"":369,""mem_b"":850248276,""priority"":""3"",""node"":""kwok-node-8""},{""name"":""rs-16-p3-4zndw"",""cpu_m"":671,""mem_b"":173014718,""priority"":""3"",""node"":""kwok-node-30""},{""name"":""rs-16-p3-7mxm8"",""cpu_m"":671,""mem_b"":173014718,""priority"":""3"",""node"":""kwok-node-29""},{""name"":""rs-16-p3-88g2w"",""cpu_m"":671,""mem_b"":173014718,""priority"":""3"",""node"":""kwok-node-3""},{""name"":""rs-16-p3-r9gn9"",""cpu_m"":671,""mem_b"":173014718,""priority"":""3"",""node"":""kwok-node-28""},{""name"":""rs-17-p4-4kccg"",""cpu_m"":994,""mem_b"":290750678,""priority"":""4"",""node"":""kwok-node-20""},{""name"":""rs-17-p4-l5xzt"",""cpu_m"":994,""mem_b"":290750678,""priority"":""4"",""node"":""kwok-node-14""},{""name"":""rs-17-p4-lk6l9"",""cpu_m"":994,""mem_b"":290750678,""priority"":""4"",""node"":""kwok-node-18""},{""name"":""rs-18-p1-l6xhd"",""cpu_m"":336,""mem_b"":241853463,""priority"":""1"",""node"":""kwok-node-10""},{""name"":""rs-18-p1-m9ppb"",""cpu_m"":336,""mem_b"":241853463,""priority"":""1"",""node"":""kwok-node-1""},{""name"":""rs-18-p1-sptft"",""cpu_m"":336,""mem_b"":241853463,""priority"":""1"",""node"":""kwok-node-12""},{""name"":""rs-18-p1-wrx7d"",""cpu_m"":336,""mem_b"":241853463,""priority"":""1"",""node"":""kwok-node-15""},{""name"":""rs-19-p3-5f47l"",""cpu_m"":270,""mem_b"":741916198,""priority"":""3"",""node"":""kwok-node-9""},{""name"":""rs-19-p3-xf54v"",""cpu_m"":270,""mem_b"":741916198,""priority"":""3"",""node"":""kwok-node-7""},{""name"":""rs-20-p3-hpz2k"",""cpu_m"":203,""mem_b"":547046309,""priority"":""3"",""node"":""kwok-node-32""},{""name"":""rs-21-p2-7jnj4"",""cpu_m"":462,""mem_b"":501435658,""priority"":""2"",""node"":""kwok-node-13""},{""name"":""rs-21-p2-7pl77"",""cpu_m"":462,""mem_b"":501435658,""priority"":""2"",""node"":""kwok-node-29""},{""name"":""rs-21-p2-l99rd"",""cpu_m"":462,""mem_b"":501435658,""priority"":""2"",""node"":""kwok-node-11""},{""name"":""rs-22-p4-9ls68"",""cpu_m"":135,""mem_b"":318966505,""priority"":""4"",""node"":""kwok-node-1""},{""name"":""rs-22-p4-g772h"",""cpu_m"":135,""mem_b"":318966505,""priority"":""4"",""node"":""kwok-node-28""},{""name"":""rs-22-p4-kjls9"",""cpu_m"":135,""mem_b"":318966505,""priority"":""4"",""node"":""kwok-node-10""},{""name"":""rs-22-p4-qdrs2"",""cpu_m"":135,""mem_b"":318966505,""priority"":""4"",""node"":""kwok-node-32""},{""name"":""rs-23-p3-4pcmn"",""cpu_m"":834,""mem_b"":331973144,""priority"":""3"",""node"":""kwok-node-21""},{""name"":""rs-23-p3-d8hwp"",""cpu_m"":834,""mem_b"":331973144,""priority"":""3"",""node"":""kwok-node-24""},{""name"":""rs-23-p3-wzhrc"",""cpu_m"":834,""mem_b"":331973144,""priority"":""3"",""node"":""kwok-node-26""},{""name"":""rs-24-p2-ch7b8"",""cpu_m"":739,""mem_b"":764715269,""priority"":""2"",""node"":""kwok-node-6""},{""name"":""rs-24-p2-gsq25"",""cpu_m"":739,""mem_b"":764715269,""priority"":""2"",""node"":""kwok-node-31""},{""name"":""rs-24-p2-jbvr4"",""cpu_m"":739,""mem_b"":764715269,""priority"":""2"",""node"":""kwok-node-4""},{""name"":""rs-25-p1-9h5gn"",""cpu_m"":975,""mem_b"":724782666,""priority"":""1"",""node"":""kwok-node-25""},{""name"":""rs-25-p1-fwjbx"",""cpu_m"":975,""mem_b"":724782666,""priority"":""1"",""node"":""kwok-node-16""},{""name"":""rs-25-p1-rn649"",""cpu_m"":975,""mem_b"":724782666,""priority"":""1"",""node"":""kwok-node-27""},{""name"":""rs-26-p2-nt9xt"",""cpu_m"":848,""mem_b"":274264899,""priority"":""2"",""node"":""kwok-node-5""},{""name"":""rs-27-p3-8hqg9"",""cpu_m"":401,""mem_b"":567227286,""priority"":""3"",""node"":""kwok-node-9""},{""name"":""rs-27-p3-8xz5r"",""cpu_m"":401,""mem_b"":567227286,""priority"":""3"",""node"":""kwok-node-7""},{""name"":""rs-27-p3-hflfh"",""cpu_m"":401,""mem_b"":567227286,""priority"":""3"",""node"":""kwok-node-15""},{""name"":""rs-27-p3-mkrgb"",""cpu_m"":401,""mem_b"":567227286,""priority"":""3"",""node"":""kwok-node-12""},{""name"":""rs-28-p3-bzgz8"",""cpu_m"":323,""mem_b"":388714440,""priority"":""3"",""node"":""kwok-node-22""},{""name"":""rs-28-p3-v8mwn"",""cpu_m"":323,""mem_b"":388714440,""priority"":""3"",""node"":""kwok-node-23""},{""name"":""rs-29-p3-bwr2j"",""cpu_m"":762,""mem_b"":134747083,""priority"":""3"",""node"":""kwok-node-17""},{""name"":""rs-30-p3-7trbh"",""cpu_m"":948,""mem_b"":792623677,""priority"":""3"",""node"":""kwok-node-19""},{""name"":""rs-30-p3-nqgzk"",""cpu_m"":948,""mem_b"":792623677,""priority"":""3"",""node"":""kwok-node-2""},{""name"":""rs-31-p4-hd9nd"",""cpu_m"":695,""mem_b"":864489230,""priority"":""4"",""node"":""kwok-node-3""},{""name"":""rs-31-p4-jr7mv"",""cpu_m"":695,""mem_b"":864489230,""priority"":""4"",""node"":""kwok-node-30""},{""name"":""rs-32-p3-6w7c9"",""cpu_m"":616,""mem_b"":824010405,""priority"":""3"",""node"":""kwok-node-11""},{""name"":""rs-32-p3-db68f"",""cpu_m"":616,""mem_b"":824010405,""priority"":""3"",""node"":""kwok-node-32""},{""name"":""rs-32-p3-vnpr9"",""cpu_m"":616,""mem_b"":824010405,""priority"":""3"",""node"":""kwok-node-8""},{""name"":""rs-33-p1-w9gx2"",""cpu_m"":522,""mem_b"":870160675,""priority"":""1"",""node"":""kwok-node-13""},{""name"":""rs-34-p3-blrgr"",""cpu_m"":556,""mem_b"":431979589,""priority"":""3"",""node"":""kwok-node-10""},{""name"":""rs-34-p3-gkfbt"",""cpu_m"":556,""mem_b"":431979589,""priority"":""3"",""node"":""kwok-node-1""},{""name"":""rs-34-p3-kbn6w"",""cpu_m"":556,""mem_b"":431979589,""priority"":""3"",""node"":""kwok-node-28""},{""name"":""rs-35-p1-q6p5s"",""cpu_m"":122,""mem_b"":731000465,""priority"":""1"",""node"":""kwok-node-14""},{""name"":""rs-36-p2-bx64f"",""cpu_m"":145,""mem_b"":256926846,""priority"":""2"",""node"":""kwok-node-22""},{""name"":""rs-37-p2-h7pjt"",""cpu_m"":924,""mem_b"":530024743,""priority"":""2"",""node"":""""},{""name"":""rs-38-p2-9pxcm"",""cpu_m"":722,""mem_b"":649945854,""priority"":""2"",""node"":""""},{""name"":""rs-39-p2-4drw5"",""cpu_m"":419,""mem_b"":659977855,""priority"":""2"",""node"":""kwok-node-26""},{""name"":""rs-39-p2-86m8x"",""cpu_m"":419,""mem_b"":659977855,""priority"":""2"",""node"":""kwok-node-21""},{""name"":""rs-40-p4-zn2b2"",""cpu_m"":414,""mem_b"":152118021,""priority"":""4"",""node"":""kwok-node-23""},{""name"":""rs-41-p4-7pm7h"",""cpu_m"":192,""mem_b"":307529088,""priority"":""4"",""node"":""kwok-node-29""},{""name"":""rs-41-p4-dr2n9"",""cpu_m"":192,""mem_b"":307529088,""priority"":""4"",""node"":""kwok-node-20""},{""name"":""rs-42-p2-djjd9"",""cpu_m"":483,""mem_b"":133218680,""priority"":""2"",""node"":""kwok-node-15""},{""name"":""rs-42-p2-zw52v"",""cpu_m"":483,""mem_b"":133218680,""priority"":""2"",""node"":""kwok-node-17""},{""name"":""rs-43-p3-rb2h9"",""cpu_m"":423,""mem_b"":571652979,""priority"":""3"",""node"":""kwok-node-12""},{""name"":""rs-44-p4-24bwr"",""cpu_m"":696,""mem_b"":169938611,""priority"":""4"",""node"":""""},{""name"":""rs-45-p2-dcq22"",""cpu_m"":975,""mem_b"":168246873,""priority"":""2"",""node"":""""},{""name"":""rs-45-p2-mdqs6"",""cpu_m"":975,""mem_b"":168246873,""priority"":""2"",""node"":""""},{""name"":""rs-46-p3-5kgsh"",""cpu_m"":462,""mem_b"":360254957,""priority"":""3"",""node"":""kwok-node-22""},{""name"":""rs-46-p3-6x9rv"",""cpu_m"":462,""mem_b"":360254957,""priority"":""3"",""node"":""kwok-node-28""},{""name"":""rs-46-p3-fwxb4"",""cpu_m"":462,""mem_b"":360254957,""priority"":""3"",""node"":""kwok-node-7""},{""name"":""rs-46-p3-nnwf5"",""cpu_m"":462,""mem_b"":360254957,""priority"":""3"",""node"":""kwok-node-9""},{""name"":""rs-47-p3-7ct4m"",""cpu_m"":452,""mem_b"":940754248,""priority"":""3"",""node"":""""},{""name"":""rs-48-p2-2zqpx"",""cpu_m"":447,""mem_b"":723356742,""priority"":""2"",""node"":""""},{""name"":""rs-48-p2-hk52t"",""cpu_m"":447,""mem_b"":723356742,""priority"":""2"",""node"":""""},{""name"":""rs-48-p2-wgkdx"",""cpu_m"":447,""mem_b"":723356742,""priority"":""2"",""node"":""""},{""name"":""rs-48-p2-xv9r5"",""cpu_m"":447,""mem_b"":723356742,""priority"":""2"",""node"":""""},{""name"":""rs-49-p1-4d8q4"",""cpu_m"":256,""mem_b"":589300943,""priority"":""1"",""node"":""""},{""name"":""rs-49-p1-9tcbt"",""cpu_m"":256,""mem_b"":589300943,""priority"":""1"",""node"":""kwok-node-24""},{""name"":""rs-49-p1-p6mtl"",""cpu_m"":256,""mem_b"":589300943,""priority"":""1"",""node"":""""},{""name"":""rs-49-p1-vf6fb"",""cpu_m"":256,""mem_b"":589300943,""priority"":""1"",""node"":""kwok-node-5""},{""name"":""rs-50-p1-mf9tv"",""cpu_m"":841,""mem_b"":715626269,""priority"":""1"",""node"":""""},{""name"":""rs-50-p1-msvg8"",""cpu_m"":841,""mem_b"":715626269,""priority"":""1"",""node"":""""},{""name"":""rs-51-p2-dhw69"",""cpu_m"":677,""mem_b"":185751047,""priority"":""2"",""node"":""""},{""name"":""rs-51-p2-mfc97"",""cpu_m"":677,""mem_b"":185751047,""priority"":""2"",""node"":""""},{""name"":""rs-52-p2-b7gqt"",""cpu_m"":217,""mem_b"":437188453,""priority"":""2"",""node"":""kwok-node-23""},{""name"":""rs-52-p2-hrkvs"",""cpu_m"":217,""mem_b"":437188453,""priority"":""2"",""node"":""kwok-node-18""},{""name"":""rs-52-p2-pzzpg"",""cpu_m"":217,""mem_b"":437188453,""priority"":""2"",""node"":""""},{""name"":""rs-52-p2-trvxh"",""cpu_m"":217,""mem_b"":437188453,""priority"":""2"",""node"":""""}]","[{""name"":""kwok-node-1"",""cap_cpu_m"":2043,""cap_mem_bytes"":1977900850},{""name"":""kwok-node-2"",""cap_cpu_m"":2043,""cap_mem_bytes"":1977900850},{""name"":""kwok-node-3"",""cap_cpu_m"":2043,""cap_mem_bytes"":1977900850},{""name"":""kwok-node-4"",""cap_cpu_m"":2043,""cap_mem_bytes"":1977900850},{""name"":""kwok-node-5"",""cap_cpu_m"":2043,""cap_mem_bytes"":1977900850},{""name"":""kwok-node-6"",""cap_cpu_m"":2043,""cap_mem_bytes"":1977900850},{""name"":""kwok-node-7"",""cap_cpu_m"":2043,""cap_mem_bytes"":1977900850},{""name"":""kwok-node-8"",""cap_cpu_m"":2043,""cap_mem_bytes"":1977900850},{""name"":""kwok-node-9"",""cap_cpu_m"":2043,""cap_mem_bytes"":1977900850},{""name"":""kwok-node-10"",""cap_cpu_m"":2043,""cap_mem_bytes"":1977900850},{""name"":""kwok-node-11"",""cap_cpu_m"":2043,""cap_mem_bytes"":1977900850},{""name"":""kwok-node-12"",""cap_cpu_m"":2043,""cap_mem_bytes"":1977900850},{""name"":""kwok-node-13"",""cap_cpu_m"":2043,""cap_mem_bytes"":1977900850},{""name"":""kwok-node-14"",""cap_cpu_m"":2043,""cap_mem_bytes"":1977900850},{""name"":""kwok-node-15"",""cap_cpu_m"":2043,""cap_mem_bytes"":1977900850},{""name"":""kwok-node-16"",""cap_cpu_m"":2043,""cap_mem_bytes"":1977900850},{""name"":""kwok-node-17"",""cap_cpu_m"":2043,""cap_mem_bytes"":1977900850},{""name"":""kwok-node-18"",""cap_cpu_m"":2043,""cap_mem_bytes"":1977900850},{""name"":""kwok-node-19"",""cap_cpu_m"":2043,""cap_mem_bytes"":1977900850},{""name"":""kwok-node-20"",""cap_cpu_m"":2043,""cap_mem_bytes"":1977900850},{""name"":""kwok-node-21"",""cap_cpu_m"":2043,""cap_mem_bytes"":1977900850},{""name"":""kwok-node-22"",""cap_cpu_m"":2043,""cap_mem_bytes"":1977900850},{""name"":""kwok-node-23"",""cap_cpu_m"":2043,""cap_mem_bytes"":1977900850},{""name"":""kwok-node-24"",""cap_cpu_m"":2043,""cap_mem_bytes"":1977900850},{""name"":""kwok-node-25"",""cap_cpu_m"":2043,""cap_mem_bytes"":1977900850},{""name"":""kwok-node-26"",""cap_cpu_m"":2043,""cap_mem_bytes"":1977900850},{""name"":""kwok-node-27"",""cap_cpu_m"":2043,""cap_mem_bytes"":1977900850},{""name"":""kwok-node-28"",""cap_cpu_m"":2043,""cap_mem_bytes"":1977900850},{""name"":""kwok-node-29"",""cap_cpu_m"":2043,""cap_mem_bytes"":1977900850},{""name"":""kwok-node-30"",""cap_cpu_m"":2043,""cap_mem_bytes"":1977900850},{""name"":""kwok-node-31"",""cap_cpu_m"":2043,""cap_mem_bytes"":1977900850},{""name"":""kwok-node-32"",""cap_cpu_m"":2043,""cap_mem_bytes"":1977900850}]"
2026/02/11/12:18:30,1221345081614209477,,"{""evicted"":0,""moved"":0,""placed_by_priority"":{""1"":37,""2"":22,""3"":28,""4"":22}}",python,"{""evicted"":7,""moved"":24,""placed_by_priority"":{""1"":31,""2"":25,""3"":38,""4"":24}}",997,FEASIBLE,"[{""duration_ms"":997,""name"":""python"",""score"":{""evicted"":7,""moved"":24,""placed_by_priority"":{""1"":31,""2"":25,""3"":38,""4"":24}},""status"":""FEASIBLE""}]",0.899,0.815,0.920,0.860,60016,54395,53898334226,50396042310,116,109,12,19,"{""kwok-node-1"":5,""kwok-node-10"":3,""kwok-node-11"":4,""kwok-node-12"":4,""kwok-node-13"":5,""kwok-node-14"":4,""kwok-node-15"":3,""kwok-node-16"":3,""kwok-node-17"":3,""kwok-node-18"":4,""kwok-node-19"":4,""kwok-node-2"":3,""kwok-node-20"":3,""kwok-node-21"":3,""kwok-node-22"":5,""kwok-node-23"":4,""kwok-node-24"":3,""kwok-node-25"":4,""kwok-node-26"":4,""kwok-node-27"":4,""kwok-node-28"":4,""kwok-node-29"":3,""kwok-node-3"":4,""kwok-node-30"":4,""kwok-node-31"":4,""kwok-node-32"":3,""kwok-node-4"":4,""kwok-node-5"":3,""kwok-node-6"":2,""kwok-node-7"":3,""kwok-node-8"":4,""kwok-node-9"":3}","{""kwok-node-1"":4,""kwok-node-10"":4,""kwok-node-11"":3,""kwok-node-12"":4,""kwok-node-13"":4,""kwok-node-14"":3,""kwok-node-15"":4,""kwok-node-16"":3,""kwok-node-17"":4,""kwok-node-18"":5,""kwok-node-19"":4,""kwok-node-2"":3,""kwok-node-20"":3,""kwok-node-21"":3,""kwok-node-22"":4,""kwok-node-23"":3,""kwok-node-24"":3,""kwok-node-25"":4,""kwok-node-26"":3,""kwok-node-27"":4,""kwok-node-28"":4,""kwok-node-29"":2,""kwok-node-3"":4,""kwok-node-30"":3,""kwok-node-31"":4,""kwok-node-32"":3,""kwok-node-4"":3,""kwok-node-5"":3,""kwok-node-6"":2,""kwok-node-7"":3,""kwok-node-8"":3,""kwok-node-9"":3}","{""p1"":29,""p2"":25,""p3"":38,""p4"":24}","{""p1"":37,""p2"":22,""p3"":28,""p4"":22}","{""p1"":12}","{""p1"":4,""p2"":3,""p3"":10,""p4"":2}","{rs-18-p1-gt67n,rs-19-p1-vxsms,rs-20-p1-hb8nk,rs-22-p1-7hqfk,rs-22-p1-blfkq,rs-22-p1-c57tr,rs-22-p1-xqxv5,rs-41-p1-f7zfg,rs-45-p1-4spzm,rs-47-p1-49494,rs-47-p1-9w4tw,rs-47-p1-gmjxf}","{rs-44-p2-jbzgp,rs-44-p2-xk2nb,rs-46-p3-5ltzd,rs-46-p3-bcdzd,rs-46-p3-kkbcq,rs-46-p3-km9fb,rs-47-p1-49494,rs-47-p1-4xf9l,rs-47-p1-9w4tw,rs-47-p1-gmjxf,rs-49-p3-8cpd7,rs-49-p3-sq9dk,rs-49-p3-wthrs,rs-50-p3-64stw,rs-50-p3-j5trc,rs-50-p3-nsrr7,rs-52-p4-9cg2q,rs-54-p2-9r9mz,rs-55-p4-tckqj}","{rs-01-p4-96l9s,rs-02-p3-rxwxq,rs-02-p3-twbcl,rs-03-p1-h522f,rs-03-p1-ktfqk,rs-03-p1-l7pgg,rs-03-p1-vm6l5,rs-04-p2-8pkd6,rs-05-p1-qqs48,rs-05-p1-vg5ds,rs-06-p4-9hg2h,rs-07-p3-kv2n9,rs-07-p3-t4qbr,rs-08-p4-4trxj,rs-08-p4-jrwzp,rs-08-p4-w7fj9,rs-09-p4-4qzcr,rs-09-p4-khdjf,rs-10-p3-7w7fc,rs-10-p3-rznls,rs-11-p2-vzsct,rs-12-p1-nl5rl,rs-13-p2-7qh67,rs-14-p3-s4lbg,rs-15-p4-dql9l,rs-15-p4-hs26w,rs-15-p4-lzjvv,rs-15-p4-wwbbx,rs-16-p1-gzhv7,rs-16-p1-x5pkk,rs-17-p4-69qtd,rs-17-p4-mrq4q,rs-17-p4-njjvf,rs-17-p4-p4mt6,rs-19-p1-2c7sn,rs-19-p1-g47b5,rs-19-p1-rmzmb,rs-21-p3-28xlz,rs-21-p3-flft8,rs-23-p2-d6zbw,rs-24-p2-6pzvx,rs-24-p2-xphvg,rs-25-p3-2jd6n,rs-25-p3-kqwnn,rs-25-p3-rftpp,rs-26-p3-8q9gb,rs-26-p3-d7g95,rs-26-p3-gffhw,rs-26-p3-q7zwz,rs-27-p3-8h4p7,rs-27-p3-8z2zs,rs-28-p4-479hs,rs-28-p4-7w7t9,rs-28-p4-nncfb,rs-29-p3-45xdx,rs-29-p3-hxnf7,rs-29-p3-lqt2f,rs-29-p3-mkvld,rs-30-p1-6pw8n,rs-30-p1-cdnzg,rs-30-p1-m9j7d,rs-31-p1-8wdq7,rs-32-p1-k4mdx,rs-33-p3-fkcxn,rs-34-p3-49fss,rs-34-p3-jmdq8,rs-34-p3-l8pnv,rs-35-p2-ftspr,rs-35-p2-h7bl6,rs-35-p2-pd9km,rs-35-p2-wb4vs,rs-36-p1-w5jjc,rs-37-p4-lqgmq,rs-37-p4-mgx8n,rs-38-p1-898v2,rs-38-p1-f7hsj,rs-38-p1-htrxw,rs-38-p1-wbrdl,rs-39-p4-flvth,rs-39-p4-mxkrv,rs-40-p2-9q5rq,rs-40-p2-nj2sj,rs-40-p2-wc8l6,rs-40-p2-zxvzw,rs-41-p1-4hccn,rs-42-p3-5d8x7,rs-42-p3-5mn64,rs-43-p2-54hsf,rs-43-p2-8lcpc,rs-43-p2-bxbtl,rs-43-p2-xwnmz,rs-44-p2-jbzgp,rs-44-p2-xk2nb,rs-46-p3-5ltzd,rs-46-p3-bcdzd,rs-46-p3-kkbcq,rs-46-p3-km9fb,rs-47-p1-4xf9l,rs-48-p2-5xwk6,rs-48-p2-x4r4g,rs-49-p3-8cpd7,rs-49-p3-sq9dk,rs-49-p3-wthrs,rs-50-p3-64stw,rs-50-p3-j5trc,rs-50-p3-nsrr7,rs-51-p1-7dh88,rs-51-p1-b9rx7,rs-51-p1-qtxcq,rs-52-p4-9cg2q,rs-53-p1-s8c65,rs-53-p1-ttxnb,rs-54-p2-9r9mz,rs-54-p2-l4k6l,rs-54-p2-qtcl8,rs-55-p4-tckqj}","{rs-01-p4-96l9s,rs-02-p3-rxwxq,rs-02-p3-twbcl,rs-03-p1-6jsnt,rs-03-p1-977gl,rs-03-p1-h522f,rs-03-p1-l7pgg,rs-04-p2-8pkd6,rs-05-p1-gx5cl,rs-05-p1-njp2t,rs-06-p4-9hg2h,rs-07-p3-kv2n9,rs-07-p3-t4qbr,rs-08-p4-4trxj,rs-08-p4-jrwzp,rs-08-p4-w7fj9,rs-09-p4-4qzcr,rs-09-p4-khdjf,rs-10-p3-7w7fc,rs-10-p3-rznls,rs-11-p2-vzsct,rs-12-p1-8pbwn,rs-13-p2-7qh67,rs-14-p3-s4lbg,rs-15-p4-dql9l,rs-15-p4-hs26w,rs-15-p4-lzjvv,rs-15-p4-wwbbx,rs-16-p1-4hhf9,rs-16-p1-xpnzr,rs-17-p4-69qtd,rs-17-p4-mrq4q,rs-17-p4-njjvf,rs-17-p4-p4mt6,rs-18-p1-rfqvq,rs-19-p1-ckc68,rs-19-p1-dxr47,rs-19-p1-lkqj8,rs-19-p1-sk9dv,rs-20-p1-q7s5m,rs-21-p3-28xlz,rs-21-p3-flft8,rs-22-p1-2qkgc,rs-22-p1-2whbm,rs-22-p1-l8chk,rs-22-p1-rspk2,rs-23-p2-d6zbw,rs-24-p2-6pzvx,rs-24-p2-xphvg,rs-25-p3-2jd6n,rs-25-p3-kqwnn,rs-25-p3-rftpp,rs-26-p3-8q9gb,rs-26-p3-d7g95,rs-26-p3-gffhw,rs-26-p3-q7zwz,rs-27-p3-8h4p7,rs-27-p3-8z2zs,rs-28-p4-479hs,rs-28-p4-7w7t9,rs-28-p4-nncfb,rs-29-p3-45xdx,rs-29-p3-hxnf7,rs-29-p3-lqt2f,rs-29-p3-mkvld,rs-30-p1-m9j7d,rs-30-p1-rpkzc,rs-30-p1-x5dts,rs-31-p1-8wdq7,rs-32-p1-k4mdx,rs-33-p3-fkcxn,rs-34-p3-49fss,rs-34-p3-jmdq8,rs-34-p3-l8pnv,rs-35-p2-ftspr,rs-35-p2-h7bl6,rs-35-p2-pd9km,rs-35-p2-wb4vs,rs-36-p1-sn5hh,rs-37-p4-lqgmq,rs-37-p4-mgx8n,rs-38-p1-544kr,rs-38-p1-898v2,rs-38-p1-s66sp,rs-38-p1-w4w27,rs-39-p4-flvth,rs-39-p4-mxkrv,rs-40-p2-9q5rq,rs-40-p2-nj2sj,rs-40-p2-wc8l6,rs-40-p2-zxvzw,rs-41-p1-nz42x,rs-41-p1-vhhcq,rs-42-p3-5d8x7,rs-42-p3-5mn64,rs-43-p2-54hsf,rs-43-p2-8lcpc,rs-43-p2-bxbtl,rs-43-p2-xwnmz,rs-45-p1-2qgvg,rs-48-p2-5xwk6,rs-48-p2-x4r4g,rs-51-p1-dfzd7,rs-51-p1-f6lxm,rs-51-p1-qvj7h,rs-53-p1-dwng9,rs-53-p1-tzdkt,rs-54-p2-l4k6l,rs-54-p2-qtcl8}","[{""name"":""rs-01-p4-96l9s"",""cpu_m"":643,""mem_b"":820576996,""priority"":""4"",""node"":""kwok-node-2""},{""name"":""rs-02-p3-rxwxq"",""cpu_m"":259,""mem_b"":277648463,""priority"":""3"",""node"":""kwok-node-1""},{""name"":""rs-02-p3-twbcl"",""cpu_m"":259,""mem_b"":277648463,""priority"":""3"",""node"":""kwok-node-18""},{""name"":""rs-03-p1-h522f"",""cpu_m"":167,""mem_b"":894643002,""priority"":""1"",""node"":""kwok-node-12""},{""name"":""rs-03-p1-ktfqk"",""cpu_m"":167,""mem_b"":894643002,""priority"":""1"",""node"":""kwok-node-16""},{""name"":""rs-03-p1-l7pgg"",""cpu_m"":167,""mem_b"":894643002,""priority"":""1"",""node"":""kwok-node-11""},{""name"":""rs-03-p1-vm6l5"",""cpu_m"":167,""mem_b"":894643002,""priority"":""1"",""node"":""kwok-node-17""},{""name"":""rs-04-p2-8pkd6"",""cpu_m"":719,""mem_b"":141281282,""priority"":""2"",""node"":""kwok-node-14""},{""name"":""rs-05-p1-qqs48"",""cpu_m"":296,""mem_b"":299497540,""priority"":""1"",""node"":""kwok-node-13""},{""name"":""rs-05-p1-vg5ds"",""cpu_m"":296,""mem_b"":299497540,""priority"":""1"",""node"":""kwok-node-22""},{""name"":""rs-06-p4-9hg2h"",""cpu_m"":351,""mem_b"":796939999,""priority"":""4"",""node"":""kwok-node-19""},{""name"":""rs-07-p3-kv2n9"",""cpu_m"":394,""mem_b"":111185898,""priority"":""3"",""node"":""kwok-node-22""},{""name"":""rs-07-p3-t4qbr"",""cpu_m"":394,""mem_b"":111185898,""priority"":""3"",""node"":""kwok-node-13""},{""name"":""rs-08-p4-4trxj"",""cpu_m"":143,""mem_b"":602927089,""priority"":""4"",""node"":""kwok-node-28""},{""name"":""rs-08-p4-jrwzp"",""cpu_m"":143,""mem_b"":602927089,""priority"":""4"",""node"":""kwok-node-26""},{""name"":""rs-08-p4-w7fj9"",""cpu_m"":143,""mem_b"":602927089,""priority"":""4"",""node"":""kwok-node-23""},{""name"":""rs-09-p4-4qzcr"",""cpu_m"":365,""mem_b"":144770923,""priority"":""4"",""node"":""kwok-node-27""},{""name"":""rs-09-p4-khdjf"",""cpu_m"":365,""mem_b"":144770923,""priority"":""4"",""node"":""kwok-node-30""},{""name"":""rs-10-p3-7w7fc"",""cpu_m"":476,""mem_b"":671366169,""priority"":""3"",""node"":""kwok-node-4""},{""name"":""rs-10-p3-rznls"",""cpu_m"":476,""mem_b"":671366169,""priority"":""3"",""node"":""kwok-node-25""},{""name"":""rs-11-p2-vzsct"",""cpu_m"":685,""mem_b"":256213450,""priority"":""2"",""node"":""kwok-node-17""},{""name"":""rs-12-p1-nl5rl"",""cpu_m"":561,""mem_b"":727291868,""priority"":""1"",""node"":""kwok-node-18""},{""name"":""rs-13-p2-7qh67"",""cpu_m"":173,""mem_b"":645544690,""priority"":""2"",""node"":""kwok-node-31""},{""name"":""rs-14-p3-s4lbg"",""cpu_m"":902,""mem_b"":383258052,""priority"":""3"",""node"":""kwok-node-20""},{""name"":""rs-15-p4-dql9l"",""cpu_m"":924,""mem_b"":784918508,""priority"":""4"",""node"":""kwok-node-6""},{""name"":""rs-15-p4-hs26w"",""cpu_m"":924,""mem_b"":784918508,""priority"":""4"",""node"":""kwok-node-29""},{""name"":""rs-15-p4-lzjvv"",""cpu_m"":924,""mem_b"":784918508,""priority"":""4"",""node"":""kwok-node-7""},{""name"":""rs-15-p4-wwbbx"",""cpu_m"":924,""mem_b"":784918508,""priority"":""4"",""node"":""kwok-node-9""},{""name"":""rs-16-p1-gzhv7"",""cpu_m"":537,""mem_b"":688989273,""priority"":""1"",""node"":""kwok-node-27""},{""name"":""rs-16-p1-x5pkk"",""cpu_m"":537,""mem_b"":688989273,""priority"":""1"",""node"":""kwok-node-21""},{""name"":""rs-17-p4-69qtd"",""cpu_m"":107,""mem_b"":394956979,""priority"":""4"",""node"":""kwok-node-8""},{""name"":""rs-17-p4-mrq4q"",""cpu_m"":107,""mem_b"":394956979,""priority"":""4"",""node"":""kwok-node-3""},{""name"":""rs-17-p4-njjvf"",""cpu_m"":107,""mem_b"":394956979,""priority"":""4"",""node"":""kwok-node-13""},{""name"":""rs-17-p4-p4mt6"",""cpu_m"":107,""mem_b"":394956979,""priority"":""4"",""node"":""kwok-node-22""},{""name"":""rs-18-p1-gt67n"",""cpu_m"":846,""mem_b"":627988777,""priority"":""1"",""node"":""""},{""name"":""rs-19-p1-2c7sn"",""cpu_m"":981,""mem_b"":230092240,""priority"":""1"",""node"":""kwok-node-8""},{""name"":""rs-19-p1-g47b5"",""cpu_m"":981,""mem_b"":230092240,""priority"":""1"",""node"":""kwok-node-26""},{""name"":""rs-19-p1-rmzmb"",""cpu_m"":981,""mem_b"":230092240,""priority"":""1"",""node"":""kwok-node-3""},{""name"":""rs-19-p1-vxsms"",""cpu_m"":981,""mem_b"":230092240,""priority"":""1"",""node"":""""},{""name"":""rs-20-p1-hb8nk"",""cpu_m"":814,""mem_b"":983076918,""priority"":""1"",""node"":""""},{""name"":""rs-21-p3-28xlz"",""cpu_m"":304,""mem_b"":272394423,""priority"":""3"",""node"":""kwok-node-27""},{""name"":""rs-21-p3-flft8"",""cpu_m"":304,""mem_b"":272394423,""priority"":""3"",""node"":""kwok-node-1""},{""name"":""rs-22-p1-7hqfk"",""cpu_m"":900,""mem_b"":907462034,""priority"":""1"",""node"":""""},{""name"":""rs-22-p1-blfkq"",""cpu_m"":900,""mem_b"":907462034,""priority"":""1"",""node"":""""},{""name"":""rs-22-p1-c57tr"",""cpu_m"":900,""mem_b"":907462034,""priority"":""1"",""node"":""""},{""name"":""rs-22-p1-xqxv5"",""cpu_m"":900,""mem_b"":907462034,""priority"":""1"",""node"":""""},{""name"":""rs-23-p2-d6zbw"",""cpu_m"":679,""mem_b"":358136990,""priority"":""2"",""node"":""kwok-node-23""},{""name"":""rs-24-p2-6pzvx"",""cpu_m"":272,""mem_b"":555269769,""priority"":""2"",""node"":""kwok-node-14""},{""name"":""rs-24-p2-xphvg"",""cpu_m"":272,""mem_b"":555269769,""priority"":""2"",""node"":""kwok-node-20""},{""name"":""rs-25-p3-2jd6n"",""cpu_m"":305,""mem_b"":286275930,""priority"":""3"",""node"":""kwok-node-13""},{""name"":""rs-25-p3-kqwnn"",""cpu_m"":305,""mem_b"":286275930,""priority"":""3"",""node"":""kwok-node-22""},{""name"":""rs-25-p3-rftpp"",""cpu_m"":305,""mem_b"":286275930,""priority"":""3"",""node"":""kwok-node-1""},{""name"":""rs-26-p3-8q9gb"",""cpu_m"":398,""mem_b"":122853490,""priority"":""3"",""node"":""kwok-node-24""},{""name"":""rs-26-p3-d7g95"",""cpu_m"":398,""mem_b"":122853490,""priority"":""3"",""node"":""kwok-node-4""},{""name"":""rs-26-p3-gffhw"",""cpu_m"":398,""mem_b"":122853490,""priority"":""3"",""node"":""kwok-node-31""},{""name"":""rs-26-p3-q7zwz"",""cpu_m"":398,""mem_b"":122853490,""priority"":""3"",""node"":""kwok-node-25""},{""name"":""rs-27-p3-8h4p7"",""cpu_m"":616,""mem_b"":207529484,""priority"":""3"",""node"":""kwok-node-32""},{""name"":""rs-27-p3-8z2zs"",""cpu_m"":616,""mem_b"":207529484,""priority"":""3"",""node"":""kwok-node-19""},{""name"":""rs-28-p4-479hs"",""cpu_m"":105,""mem_b"":930035597,""priority"":""4"",""node"":""kwok-node-8""},{""name"":""rs-28-p4-7w7t9"",""cpu_m"":105,""mem_b"":930035597,""priority"":""4"",""node"":""kwok-node-3""},{""name"":""rs-28-p4-nncfb"",""cpu_m"":105,""mem_b"":930035597,""priority"":""4"",""node"":""kwok-node-14""},{""name"":""rs-29-p3-45xdx"",""cpu_m"":745,""mem_b"":651207987,""priority"":""3"",""node"":""kwok-node-13""},{""name"":""rs-29-p3-hxnf7"",""cpu_m"":745,""mem_b"":651207987,""priority"":""3"",""node"":""kwok-node-22""},{""name"":""rs-29-p3-lqt2f"",""cpu_m"":745,""mem_b"":651207987,""priority"":""3"",""node"":""kwok-node-31""},{""name"":""rs-29-p3-mkvld"",""cpu_m"":745,""mem_b"":651207987,""priority"":""3"",""node"":""kwok-node-5""},{""name"":""rs-30-p1-6pw8n"",""cpu_m"":287,""mem_b"":275947903,""priority"":""1"",""node"":""kwok-node-1""},{""name"":""rs-30-p1-cdnzg"",""cpu_m"":287,""mem_b"":275947903,""priority"":""1"",""node"":""kwok-node-8""},{""name"":""rs-30-p1-m9j7d"",""cpu_m"":287,""mem_b"":275947903,""priority"":""1"",""node"":""kwok-node-25""},{""name"":""rs-31-p1-8wdq7"",""cpu_m"":598,""mem_b"":221283323,""priority"":""1"",""node"":""kwok-node-2""},{""name"":""rs-32-p1-k4mdx"",""cpu_m"":785,""mem_b"":486020292,""priority"":""1"",""node"":""kwok-node-11""},{""name"":""rs-33-p3-fkcxn"",""cpu_m"":944,""mem_b"":990701896,""priority"":""3"",""node"":""kwok-node-6""},{""name"":""rs-34-p3-49fss"",""cpu_m"":556,""mem_b"":112468338,""priority"":""3"",""node"":""kwok-node-12""},{""name"":""rs-34-p3-jmdq8"",""cpu_m"":556,""mem_b"":112468338,""priority"":""3"",""node"":""kwok-node-15""},{""name"":""rs-34-p3-l8pnv"",""cpu_m"":556,""mem_b"":112468338,""priority"":""3"",""node"":""kwok-node-10""},{""name"":""rs-35-p2-ftspr"",""cpu_m"":929,""mem_b"":610727417,""priority"":""2"",""node"":""kwok-node-4""},{""name"":""rs-35-p2-h7bl6"",""cpu_m"":929,""mem_b"":610727417,""priority"":""2"",""node"":""kwok-node-24""},{""name"":""rs-35-p2-pd9km"",""cpu_m"":929,""mem_b"":610727417,""priority"":""2"",""node"":""kwok-node-1""},{""name"":""rs-35-p2-wb4vs"",""cpu_m"":929,""mem_b"":610727417,""priority"":""2"",""node"":""kwok-node-23""},{""name"":""rs-36-p1-w5jjc"",""cpu_m"":278,""mem_b"":812366863,""priority"":""1"",""node"":""kwok-node-30""},{""name"":""rs-37-p4-lqgmq"",""cpu_m"":246,""mem_b"":226767805,""priority"":""4"",""node"":""kwok-node-18""},{""name"":""rs-37-p4-mgx8n"",""cpu_m"":246,""mem_b"":226767805,""priority"":""4"",""node"":""kwok-node-28""},{""name"":""rs-38-p1-898v2"",""cpu_m"":275,""mem_b"":145031542,""priority"":""1"",""node"":""kwok-node-12""},{""name"":""rs-38-p1-f7hsj"",""cpu_m"":275,""mem_b"":145031542,""priority"":""1"",""node"":""kwok-node-14""},{""name"":""rs-38-p1-htrxw"",""cpu_m"":275,""mem_b"":145031542,""priority"":""1"",""node"":""kwok-node-23""},{""name"":""rs-38-p1-wbrdl"",""cpu_m"":275,""mem_b"":145031542,""priority"":""1"",""node"":""kwok-node-11""},{""name"":""rs-39-p4-flvth"",""cpu_m"":742,""mem_b"":290192020,""priority"":""4"",""node"":""kwok-node-10""},{""name"":""rs-39-p4-mxkrv"",""cpu_m"":742,""mem_b"":290192020,""priority"":""4"",""node"":""kwok-node-15""},{""name"":""rs-40-p2-9q5rq"",""cpu_m"":594,""mem_b"":723623322,""priority"":""2"",""node"":""kwok-node-26""},{""name"":""rs-40-p2-nj2sj"",""cpu_m"":594,""mem_b"":723623322,""priority"":""2"",""node"":""kwok-node-2""},{""name"":""rs-40-p2-wc8l6"",""cpu_m"":594,""mem_b"":723623322,""priority"":""2"",""node"":""kwok-node-20""},{""name"":""rs-40-p2-zxvzw"",""cpu_m"":594,""mem_b"":723623322,""priority"":""2"",""node"":""kwok-node-32""},{""name"":""rs-41-p1-4hccn"",""cpu_m"":583,""mem_b"":358584590,""priority"":""1"",""node"":""kwok-node-7""},{""name"":""rs-41-p1-f7zfg"",""cpu_m"":583,""mem_b"":358584590,""priority"":""1"",""node"":""""},{""name"":""rs-42-p3-5d8x7"",""cpu_m"":493,""mem_b"":676984737,""priority"":""3"",""node"":""kwok-node-28""},{""name"":""rs-42-p3-5mn64"",""cpu_m"":493,""mem_b"":676984737,""priority"":""3"",""node"":""kwok-node-9""},{""name"":""rs-43-p2-54hsf"",""cpu_m"":527,""mem_b"":357799251,""priority"":""2"",""node"":""kwok-node-30""},{""name"":""rs-43-p2-8lcpc"",""cpu_m"":527,""mem_b"":357799251,""priority"":""2"",""node"":""kwok-node-21""},{""name"":""rs-43-p2-bxbtl"",""cpu_m"":527,""mem_b"":357799251,""priority"":""2"",""node"":""kwok-node-19""},{""name"":""rs-43-p2-xwnmz"",""cpu_m"":527,""mem_b"":357799251,""priority"":""2"",""node"":""kwok-node-7""},{""name"":""rs-44-p2-jbzgp"",""cpu_m"":928,""mem_b"":616117871,""priority"":""2"",""node"":""kwok-node-16""},{""name"":""rs-44-p2-xk2nb"",""cpu_m"":928,""mem_b"":616117871,""priority"":""2"",""node"":""kwok-node-29""},{""name"":""rs-45-p1-4spzm"",""cpu_m"":520,""mem_b"":433306298,""priority"":""1"",""node"":""""},{""name"":""rs-46-p3-5ltzd"",""cpu_m"":602,""mem_b"":795650779,""priority"":""3"",""node"":""kwok-node-15""},{""name"":""rs-46-p3-bcdzd"",""cpu_m"":602,""mem_b"":795650779,""priority"":""3"",""node"":""kwok-node-5""},{""name"":""rs-46-p3-kkbcq"",""cpu_m"":602,""mem_b"":795650779,""priority"":""3"",""node"":""kwok-node-10""},{""name"":""rs-46-p3-km9fb"",""cpu_m"":602,""mem_b"":795650779,""priority"":""3"",""node"":""kwok-node-24""},{""name"":""rs-47-p1-49494"",""cpu_m"":900,""mem_b"":460346437,""priority"":""1"",""node"":""""},{""name"":""rs-47-p1-4xf9l"",""cpu_m"":900,""mem_b"":460346437,""priority"":""1"",""node"":""kwok-node-30""},{""name"":""rs-47-p1-9w4tw"",""cpu_m"":900,""mem_b"":460346437,""priority"":""1"",""node"":""""},{""name"":""rs-47-p1-gmjxf"",""cpu_m"":900,""mem_b"":460346437,""priority"":""1"",""node"":""""},{""name"":""rs-48-p2-5xwk6"",""cpu_m"":777,""mem_b"":220536534,""priority"":""2"",""node"":""kwok-node-3""},{""name"":""rs-48-p2-x4r4g"",""cpu_m"":777,""mem_b"":220536534,""priority"":""2"",""node"":""kwok-node-11""},{""name"":""rs-49-p3-8cpd7"",""cpu_m"":968,""mem_b"":533121870,""priority"":""3"",""node"":""kwok-node-18""},{""name"":""rs-49-p3-sq9dk"",""cpu_m"":968,""mem_b"":533121870,""priority"":""3"",""node"":""kwok-node-17""},{""name"":""rs-49-p3-wthrs"",""cpu_m"":968,""mem_b"":533121870,""priority"":""3"",""node"":""kwok-node-12""},{""name"":""rs-50-p3-64stw"",""cpu_m"":858,""mem_b"":583764963,""priority"":""3"",""node"":""kwok-node-25""},{""name"":""rs-50-p3-j5trc"",""cpu_m"":858,""mem_b"":583764963,""priority"":""3"",""node"":""kwok-node-27""},{""name"":""rs-50-p3-nsrr7"",""cpu_m"":858,""mem_b"":583764963,""priority"":""3"",""node"":""kwok-node-21""},{""name"":""rs-51-p1-7dh88"",""cpu_m"":139,""mem_b"":162998277,""priority"":""1"",""node"":""kwok-node-26""},{""name"":""rs-51-p1-b9rx7"",""cpu_m"":139,""mem_b"":162998277,""priority"":""1"",""node"":""kwok-node-16""},{""name"":""rs-51-p1-qtxcq"",""cpu_m"":139,""mem_b"":162998277,""priority"":""1"",""node"":""kwok-node-9""},{""name"":""rs-52-p4-9cg2q"",""cpu_m"":926,""mem_b"":297344548,""priority"":""4"",""node"":""kwok-node-28""},{""name"":""rs-53-p1-s8c65"",""cpu_m"":120,""mem_b"":268245214,""priority"":""1"",""node"":""kwok-node-4""},{""name"":""rs-53-p1-ttxnb"",""cpu_m"":120,""mem_b"":268245214,""priority"":""1"",""node"":""kwok-node-29""},{""name"":""rs-54-p2-9r9mz"",""cpu_m"":572,""mem_b"":383453221,""priority"":""2"",""node"":""kwok-node-19""},{""name"":""rs-54-p2-l4k6l"",""cpu_m"":572,""mem_b"":383453221,""priority"":""2"",""node"":""kwok-node-31""},{""name"":""rs-54-p2-qtcl8"",""cpu_m"":572,""mem_b"":383453221,""priority"":""2"",""node"":""kwok-node-5""},{""name"":""rs-55-p4-tckqj"",""cpu_m"":825,""mem_b"":858545312,""priority"":""4"",""node"":""kwok-node-32""}]","[{""name"":""rs-01-p4-96l9s"",""cpu_m"":643,""mem_b"":820576996,""priority"":""4"",""node"":""kwok-node-2""},{""name"":""rs-02-p3-rxwxq"",""cpu_m"":259,""mem_b"":277648463,""priority"":""3"",""node"":""kwok-node-1""},{""name"":""rs-02-p3-twbcl"",""cpu_m"":259,""mem_b"":277648463,""priority"":""3"",""node"":""kwok-node-18""},{""name"":""rs-03-p1-6jsnt"",""cpu_m"":167,""mem_b"":894643002,""priority"":""1"",""node"":""kwok-node-15""},{""name"":""rs-03-p1-977gl"",""cpu_m"":167,""mem_b"":894643002,""priority"":""1"",""node"":""kwok-node-10""},{""name"":""rs-03-p1-h522f"",""cpu_m"":167,""mem_b"":894643002,""priority"":""1"",""node"":""kwok-node-12""},{""name"":""rs-03-p1-l7pgg"",""cpu_m"":167,""mem_b"":894643002,""priority"":""1"",""node"":""kwok-node-11""},{""name"":""rs-04-p2-8pkd6"",""cpu_m"":719,""mem_b"":141281282,""priority"":""2"",""node"":""kwok-node-14""},{""name"":""rs-05-p1-gx5cl"",""cpu_m"":296,""mem_b"":299497540,""priority"":""1"",""node"":""kwok-node-16""},{""name"":""rs-05-p1-njp2t"",""cpu_m"":296,""mem_b"":299497540,""priority"":""1"",""node"":""kwok-node-21""},{""name"":""rs-06-p4-9hg2h"",""cpu_m"":351,""mem_b"":796939999,""priority"":""4"",""node"":""kwok-node-19""},{""name"":""rs-07-p3-kv2n9"",""cpu_m"":394,""mem_b"":111185898,""priority"":""3"",""node"":""kwok-node-22""},{""name"":""rs-07-p3-t4qbr"",""cpu_m"":394,""mem_b"":111185898,""priority"":""3"",""node"":""kwok-node-13""},{""name"":""rs-08-p4-4trxj"",""cpu_m"":143,""mem_b"":602927089,""priority"":""4"",""node"":""kwok-node-28""},{""name"":""rs-08-p4-jrwzp"",""cpu_m"":143,""mem_b"":602927089,""priority"":""4"",""node"":""kwok-node-26""},{""name"":""rs-08-p4-w7fj9"",""cpu_m"":143,""mem_b"":602927089,""priority"":""4"",""node"":""kwok-node-23""},{""name"":""rs-09-p4-4qzcr"",""cpu_m"":365,""mem_b"":144770923,""priority"":""4"",""node"":""kwok-node-27""},{""name"":""rs-09-p4-khdjf"",""cpu_m"":365,""mem_b"":144770923,""priority"":""4"",""node"":""kwok-node-30""},{""name"":""rs-10-p3-7w7fc"",""cpu_m"":476,""mem_b"":671366169,""priority"":""3"",""node"":""kwok-node-4""},{""name"":""rs-10-p3-rznls"",""cpu_m"":476,""mem_b"":671366169,""priority"":""3"",""node"":""kwok-node-25""},{""name"":""rs-11-p2-vzsct"",""cpu_m"":685,""mem_b"":256213450,""priority"":""2"",""node"":""kwok-node-17""},{""name"":""rs-12-p1-8pbwn"",""cpu_m"":561,""mem_b"":727291868,""priority"":""1"",""node"":""kwok-node-5""},{""name"":""rs-13-p2-7qh67"",""cpu_m"":173,""mem_b"":645544690,""priority"":""2"",""node"":""kwok-node-31""},{""name"":""rs-14-p3-s4lbg"",""cpu_m"":902,""mem_b"":383258052,""priority"":""3"",""node"":""kwok-node-20""},{""name"":""rs-15-p4-dql9l"",""cpu_m"":924,""mem_b"":784918508,""priority"":""4"",""node"":""kwok-node-6""},{""name"":""rs-15-p4-hs26w"",""cpu_m"":924,""mem_b"":784918508,""priority"":""4"",""node"":""kwok-node-29""},{""name"":""rs-15-p4-lzjvv"",""cpu_m"":924,""mem_b"":784918508,""priority"":""4"",""node"":""kwok-node-7""},{""name"":""rs-15-p4-wwbbx"",""cpu_m"":924,""mem_b"":784918508,""priority"":""4"",""node"":""kwok-node-9""},{""name"":""rs-16-p1-4hhf9"",""cpu_m"":537,""mem_b"":688989273,""priority"":""1"",""node"":""kwok-node-24""},{""name"":""rs-16-p1-xpnzr"",""cpu_m"":537,""mem_b"":688989273,""priority"":""1"",""node"":""kwok-node-32""},{""name"":""rs-17-p4-69qtd"",""cpu_m"":107,""mem_b"":394956979,""priority"":""4"",""node"":""kwok-node-8""},{""name"":""rs-17-p4-mrq4q"",""cpu_m"":107,""mem_b"":394956979,""priority"":""4"",""node"":""kwok-node-3""},{""name"":""rs-17-p4-njjvf"",""cpu_m"":107,""mem_b"":394956979,""priority"":""4"",""node"":""kwok-node-13""},{""name"":""rs-17-p4-p4mt6"",""cpu_m"":107,""mem_b"":394956979,""priority"":""4"",""node"":""kwok-node-22""},{""name"":""rs-18-p1-rfqvq"",""cpu_m"":846,""mem_b"":627988777,""priority"":""1"",""node"":""kwok-node-18""},{""name"":""rs-19-p1-ckc68"",""cpu_m"":981,""mem_b"":230092240,""priority"":""1"",""node"":""kwok-node-26""},{""name"":""rs-19-p1-dxr47"",""cpu_m"":981,""mem_b"":230092240,""priority"":""1"",""node"":""kwok-node-28""},{""name"":""rs-19-p1-lkqj8"",""cpu_m"":981,""mem_b"":230092240,""priority"":""1"",""node"":""kwok-node-8""},{""name"":""rs-19-p1-sk9dv"",""cpu_m"":981,""mem_b"":230092240,""priority"":""1"",""node"":""kwok-node-3""},{""name"":""rs-20-p1-q7s5m"",""cpu_m"":814,""mem_b"":983076918,""priority"":""1"",""node"":""kwok-node-30""},{""name"":""rs-21-p3-28xlz"",""cpu_m"":304,""mem_b"":272394423,""priority"":""3"",""node"":""kwok-node-27""},{""name"":""rs-21-p3-flft8"",""cpu_m"":304,""mem_b"":272394423,""priority"":""3"",""node"":""kwok-node-1""},{""name"":""rs-22-p1-2qkgc"",""cpu_m"":900,""mem_b"":907462034,""priority"":""1"",""node"":""kwok-node-17""},{""name"":""rs-22-p1-2whbm"",""cpu_m"":900,""mem_b"":907462034,""priority"":""1"",""node"":""kwok-node-21""},{""name"":""rs-22-p1-l8chk"",""cpu_m"":900,""mem_b"":907462034,""priority"":""1"",""node"":""kwok-node-16""},{""name"":""rs-22-p1-rspk2"",""cpu_m"":900,""mem_b"":907462034,""priority"":""1"",""node"":""kwok-node-27""},{""name"":""rs-23-p2-d6zbw"",""cpu_m"":679,""mem_b"":358136990,""priority"":""2"",""node"":""kwok-node-23""},{""name"":""rs-24-p2-6pzvx"",""cpu_m"":272,""mem_b"":555269769,""priority"":""2"",""node"":""kwok-node-14""},{""name"":""rs-24-p2-xphvg"",""cpu_m"":272,""mem_b"":555269769,""priority"":""2"",""node"":""kwok-node-20""},{""name"":""rs-25-p3-2jd6n"",""cpu_m"":305,""mem_b"":286275930,""priority"":""3"",""node"":""kwok-node-13""},{""name"":""rs-25-p3-kqwnn"",""cpu_m"":305,""mem_b"":286275930,""priority"":""3"",""node"":""kwok-node-22""},{""name"":""rs-25-p3-rftpp"",""cpu_m"":305,""mem_b"":286275930,""priority"":""3"",""node"":""kwok-node-1""},{""name"":""rs-26-p3-8q9gb"",""cpu_m"":398,""mem_b"":122853490,""priority"":""3"",""node"":""kwok-node-24""},{""name"":""rs-26-p3-d7g95"",""cpu_m"":398,""mem_b"":122853490,""priority"":""3"",""node"":""kwok-node-4""},{""name"":""rs-26-p3-gffhw"",""cpu_m"":398,""mem_b"":122853490,""priority"":""3"",""node"":""kwok-node-31""},{""name"":""rs-26-p3-q7zwz"",""cpu_m"":398,""mem_b"":122853490,""priority"":""3"",""node"":""kwok-node-25""},{""name"":""rs-27-p3-8h4p7"",""cpu_m"":616,""mem_b"":207529484,""priority"":""3"",""node"":""kwok-node-32""},{""name"":""rs-27-p3-8z2zs"",""cpu_m"":616,""mem_b"":207529484,""priority"":""3"",""node"":""kwok-node-19""},{""name"":""rs-28-p4-479hs"",""cpu_m"":105,""mem_b"":930035597,""priority"":""4"",""node"":""kwok-node-8""},{""name"":""rs-28-p4-7w7t9"",""cpu_m"":105,""mem_b"":930035597,""priority"":""4"",""node"":""kwok-node-3""},{""name"":""rs-28-p4-nncfb"",""cpu_m"":105,""mem_b"":930035597,""priority"":""4"",""node"":""kwok-node-14""},{""name"":""rs-29-p3-45xdx"",""cpu_m"":745,""mem_b"":651207987,""priority"":""3"",""node"":""kwok-node-13""},{""name"":""rs-29-p3-hxnf7"",""cpu_m"":745,""mem_b"":651207987,""priority"":""3"",""node"":""kwok-node-22""},{""name"":""rs-29-p3-lqt2f"",""cpu_m"":745,""mem_b"":651207987,""priority"":""3"",""node"":""kwok-node-31""},{""name"":""rs-29-p3-mkvld"",""cpu_m"":745,""mem_b"":651207987,""priority"":""3"",""node"":""kwok-node-5""},{""name"":""rs-30-p1-m9j7d"",""cpu_m"":287,""mem_b"":275947903,""priority"":""1"",""node"":""kwok-node-25""},{""name"":""rs-30-p1-rpkzc"",""cpu_m"":287,""mem_b"":275947903,""priority"":""1"",""node"":""kwok-node-7""},{""name"":""rs-30-p1-x5dts"",""cpu_m"":287,""mem_b"":275947903,""priority"":""1"",""node"":""kwok-node-9""},{""name"":""rs-31-p1-8wdq7"",""cpu_m"":598,""mem_b"":221283323,""priority"":""1"",""node"":""kwok-node-2""},{""name"":""rs-32-p1-k4mdx"",""cpu_m"":785,""mem_b"":486020292,""priority"":""1"",""node"":""kwok-node-11""},{""name"":""rs-33-p3-fkcxn"",""cpu_m"":944,""mem_b"":990701896,""priority"":""3"",""node"":""kwok-node-6""},{""name"":""rs-34-p3-49fss"",""cpu_m"":556,""mem_b"":112468338,""priority"":""3"",""node"":""kwok-node-12""},{""name"":""rs-34-p3-jmdq8"",""cpu_m"":556,""mem_b"":112468338,""priority"":""3"",""node"":""kwok-node-15""},{""name"":""rs-34-p3-l8pnv"",""cpu_m"":556,""mem_b"":112468338,""priority"":""3"",""node"":""kwok-node-10""},{""name"":""rs-35-p2-ftspr"",""cpu_m"":929,""mem_b"":610727417,""priority"":""2"",""node"":""kwok-node-4""},{""name"":""rs-35-p2-h7bl6"",""cpu_m"":929,""mem_b"":610727417,""priority"":""2"",""node"":""kwok-node-24""},{""name"":""rs-35-p2-pd9km"",""cpu_m"":929,""mem_b"":610727417,""priority"":""2"",""node"":""kwok-node-1""},{""name"":""rs-35-p2-wb4vs"",""cpu_m"":929,""mem_b"":610727417,""priority"":""2"",""node"":""kwok-node-23""},{""name"":""rs-36-p1-sn5hh"",""cpu_m"":278,""mem_b"":812366863,""priority"":""1"",""node"":""kwok-node-29""},{""name"":""rs-37-p4-lqgmq"",""cpu_m"":246,""mem_b"":226767805,""priority"":""4"",""node"":""kwok-node-18""},{""name"":""rs-37-p4-mgx8n"",""cpu_m"":246,""mem_b"":226767805,""priority"":""4"",""node"":""kwok-node-28""},{""name"":""rs-38-p1-544kr"",""cpu_m"":275,""mem_b"":145031542,""priority"":""1"",""node"":""kwok-node-10""},{""name"":""rs-38-p1-898v2"",""cpu_m"":275,""mem_b"":145031542,""priority"":""1"",""node"":""kwok-node-12""},{""name"":""rs-38-p1-s66sp"",""cpu_m"":275,""mem_b"":145031542,""priority"":""1"",""node"":""kwok-node-15""},{""name"":""rs-38-p1-w4w27"",""cpu_m"":275,""mem_b"":145031542,""priority"":""1"",""node"":""kwok-node-19""},{""name"":""rs-39-p4-flvth"",""cpu_m"":742,""mem_b"":290192020,""priority"":""4"",""node"":""kwok-node-10""},{""name"":""rs-39-p4-mxkrv"",""cpu_m"":742,""mem_b"":290192020,""priority"":""4"",""node"":""kwok-node-15""},{""name"":""rs-40-p2-9q5rq"",""cpu_m"":594,""mem_b"":723623322,""priority"":""2"",""node"":""kwok-node-26""},{""name"":""rs-40-p2-nj2sj"",""cpu_m"":594,""mem_b"":723623322,""priority"":""2"",""node"":""kwok-node-2""},{""name"":""rs-40-p2-wc8l6"",""cpu_m"":594,""mem_b"":723623322,""priority"":""2"",""node"":""kwok-node-20""},{""name"":""rs-40-p2-zxvzw"",""cpu_m"":594,""mem_b"":723623322,""priority"":""2"",""node"":""kwok-node-32""},{""name"":""rs-41-p1-nz42x"",""cpu_m"":583,""mem_b"":358584590,""priority"":""1"",""node"":""kwok-node-12""},{""name"":""rs-41-p1-vhhcq"",""cpu_m"":583,""mem_b"":358584590,""priority"":""1"",""node"":""kwok-node-25""},{""name"":""rs-42-p3-5d8x7"",""cpu_m"":493,""mem_b"":676984737,""priority"":""3"",""node"":""kwok-node-28""},{""name"":""rs-42-p3-5mn64"",""cpu_m"":493,""mem_b"":676984737,""priority"":""3"",""node"":""kwok-node-9""},{""name"":""rs-43-p2-54hsf"",""cpu_m"":527,""mem_b"":357799251,""priority"":""2"",""node"":""kwok-node-30""},{""name"":""rs-43-p2-8lcpc"",""cpu_m"":527,""mem_b"":357799251,""priority"":""2"",""node"":""kwok-node-21""},{""name"":""rs-43-p2-bxbtl"",""cpu_m"":527,""mem_b"":357799251,""priority"":""2"",""node"":""kwok-node-19""},{""name"":""rs-43-p2-xwnmz"",""cpu_m"":527,""mem_b"":357799251,""priority"":""2"",""node"":""kwok-node-7""},{""name"":""rs-44-p2-jbzgp"",""cpu_m"":928,""mem_b"":616117871,""priority"":""2"",""node"":""""},{""name"":""rs-44-p2-xk2nb"",""cpu_m"":928,""mem_b"":616117871,""priority"":""2"",""node"":""""},{""name"":""rs-45-p1-2qgvg"",""cpu_m"":520,""mem_b"":433306298,""priority"":""1"",""node"":""kwok-node-16""},{""name"":""rs-46-p3-5ltzd"",""cpu_m"":602,""mem_b"":795650779,""priority"":""3"",""node"":""""},{""name"":""rs-46-p3-bcdzd"",""cpu_m"":602,""mem_b"":795650779,""priority"":""3"",""node"":""""},{""name"":""rs-46-p3-kkbcq"",""cpu_m"":602,""mem_b"":795650779,""priority"":""3"",""node"":""""},{""name"":""rs-46-p3-km9fb"",""cpu_m"":602,""mem_b"":795650779,""priority"":""3"",""node"":""""},{""name"":""rs-47-p1-49494"",""cpu_m"":900,""mem_b"":460346437,""priority"":""1"",""node"":""""},{""name"":""rs-47-p1-4xf9l"",""cpu_m"":900,""mem_b"":460346437,""priority"":""1"",""node"":""""},{""name"":""rs-47-p1-9w4tw"",""cpu_m"":900,""mem_b"":460346437,""priority"":""1"",""node"":""""},{""name"":""rs-47-p1-gmjxf"",""cpu_m"":900,""mem_b"":460346437,""priority"":""1"",""node"":""""},{""name"":""rs-48-p2-5xwk6"",""cpu_m"":777,""mem_b"":220536534,""priority"":""2"",""node"":""kwok-node-3""},{""name"":""rs-48-p2-x4r4g"",""cpu_m"":777,""mem_b"":220536534,""priority"":""2"",""node"":""kwok-node-11""},{""name"":""rs-49-p3-8cpd7"",""cpu_m"":968,""mem_b"":533121870,""priority"":""3"",""node"":""""},{""name"":""rs-49-p3-sq9dk"",""cpu_m"":968,""mem_b"":533121870,""priority"":""3"",""node"":""""},{""name"":""rs-49-p3-wthrs"",""cpu_m"":968,""mem_b"":533121870,""priority"":""3"",""node"":""""},{""name"":""rs-50-p3-64stw"",""cpu_m"":858,""mem_b"":583764963,""priority"":""3"",""node"":""""},{""name"":""rs-50-p3-j5trc"",""cpu_m"":858,""mem_b"":583764963,""priority"":""3"",""node"":""""},{""name"":""rs-50-p3-nsrr7"",""cpu_m"":858,""mem_b"":583764963,""priority"":""3"",""node"":""""},{""name"":""rs-51-p1-dfzd7"",""cpu_m"":139,""mem_b"":162998277,""priority"":""1"",""node"":""kwok-node-27""},{""name"":""rs-51-p1-f6lxm"",""cpu_m"":139,""mem_b"":162998277,""priority"":""1"",""node"":""kwok-node-18""},{""name"":""rs-51-p1-qvj7h"",""cpu_m"":139,""mem_b"":162998277,""priority"":""1"",""node"":""kwok-node-17""},{""name"":""rs-52-p4-9cg2q"",""cpu_m"":926,""mem_b"":297344548,""priority"":""4"",""node"":""""},{""name"":""rs-53-p1-dwng9"",""cpu_m"":120,""mem_b"":268245214,""priority"":""1"",""node"":""kwok-node-17""},{""name"":""rs-53-p1-tzdkt"",""cpu_m"":120,""mem_b"":268245214,""priority"":""1"",""node"":""kwok-node-18""},{""name"":""rs-54-p2-9r9mz"",""cpu_m"":572,""mem_b"":383453221,""priority"":""2"",""node"":""""},{""name"":""rs-54-p2-l4k6l"",""cpu_m"":572,""mem_b"":383453221,""priority"":""2"",""node"":""kwok-node-31""},{""name"":""rs-54-p2-qtcl8"",""cpu_m"":572,""mem_b"":383453221,""priority"":""2"",""node"":""kwok-node-5""},{""name"":""rs-55-p4-tckqj"",""cpu_m"":825,""mem_b"":858545312,""priority"":""4"",""node"":""""}]","[{""name"":""kwok-node-1"",""cap_cpu_m"":2086,""cap_mem_bytes"":1831615194},{""name"":""kwok-node-2"",""cap_cpu_m"":2086,""cap_mem_bytes"":1831615194},{""name"":""kwok-node-3"",""cap_cpu_m"":2086,""cap_mem_bytes"":1831615194},{""name"":""kwok-node-4"",""cap_cpu_m"":2086,""cap_mem_bytes"":1831615194},{""name"":""kwok-node-5"",""cap_cpu_m"":2086,""cap_mem_bytes"":1831615194},{""name"":""kwok-node-6"",""cap_cpu_m"":2086,""cap_mem_bytes"":1831615194},{""name"":""kwok-node-7"",""cap_cpu_m"":2086,""cap_mem_bytes"":1831615194},{""name"":""kwok-node-8"",""cap_cpu_m"":2086,""cap_mem_bytes"":1831615194},{""name"":""kwok-node-9"",""cap_cpu_m"":2086,""cap_mem_bytes"":1831615194},{""name"":""kwok-node-10"",""cap_cpu_m"":2086,""cap_mem_bytes"":1831615194},{""name"":""kwok-node-11"",""cap_cpu_m"":2086,""cap_mem_bytes"":1831615194},{""name"":""kwok-node-12"",""cap_cpu_m"":2086,""cap_mem_bytes"":1831615194},{""name"":""kwok-node-13"",""cap_cpu_m"":2086,""cap_mem_bytes"":1831615194},{""name"":""kwok-node-14"",""cap_cpu_m"":2086,""cap_mem_bytes"":1831615194},{""name"":""kwok-node-15"",""cap_cpu_m"":2086,""cap_mem_bytes"":1831615194},{""name"":""kwok-node-16"",""cap_cpu_m"":2086,""cap_mem_bytes"":1831615194},{""name"":""kwok-node-17"",""cap_cpu_m"":2086,""cap_mem_bytes"":1831615194},{""name"":""kwok-node-18"",""cap_cpu_m"":2086,""cap_mem_bytes"":1831615194},{""name"":""kwok-node-19"",""cap_cpu_m"":2086,""cap_mem_bytes"":1831615194},{""name"":""kwok-node-20"",""cap_cpu_m"":2086,""cap_mem_bytes"":1831615194},{""name"":""kwok-node-21"",""cap_cpu_m"":2086,""cap_mem_bytes"":1831615194},{""name"":""kwok-node-22"",""cap_cpu_m"":2086,""cap_mem_bytes"":1831615194},{""name"":""kwok-node-23"",""cap_cpu_m"":2086,""cap_mem_bytes"":1831615194},{""name"":""kwok-node-24"",""cap_cpu_m"":2086,""cap_mem_bytes"":1831615194},{""name"":""kwok-node-25"",""cap_cpu_m"":2086,""cap_mem_bytes"":1831615194},{""name"":""kwok-node-26"",""cap_cpu_m"":2086,""cap_mem_bytes"":1831615194},{""name"":""kwok-node-27"",""cap_cpu_m"":2086,""cap_mem_bytes"":1831615194},{""name"":""kwok-node-28"",""cap_cpu_m"":2086,""cap_mem_bytes"":1831615194},{""name"":""kwok-node-29"",""cap_cpu_m"":2086,""cap_mem_bytes"":1831615194},{""name"":""kwok-node-30"",""cap_cpu_m"":2086,""cap_mem_bytes"":1831615194},{""name"":""kwok-node-31"",""cap_cpu_m"":2086,""cap_mem_bytes"":1831615194},{""name"":""kwok-node-32"",""cap_cpu_m"":2086,""cap_mem_bytes"":1831615194}]"
2026/02/11/12:19:26,6636232377391960297,,"{""evicted"":0,""moved"":0,""placed_by_priority"":{""1"":34,""2"":25,""3"":33,""4"":14}}",python,"{""evicted"":7,""moved"":22,""placed_by_priority"":{""1"":31,""2"":28,""3"":36,""4"":21}}",1015,FEASIBLE,"[{""duration_ms"":1015,""name"":""python"",""score"":{""evicted"":7,""moved"":22,""placed_by_priority"":{""1"":31,""2"":28,""3"":36,""4"":21}},""status"":""FEASIBLE""}]",0.915,0.814,0.911,0.821,60414,53769,57637298995,51967746564,114,106,14,22,"{""kwok-node-1"":4,""kwok-node-10"":4,""kwok-node-11"":3,""kwok-node-12"":4,""kwok-node-13"":3,""kwok-node-14"":4,""kwok-node-15"":3,""kwok-node-16"":4,""kwok-node-17"":4,""kwok-node-18"":4,""kwok-node-19"":3,""kwok-node-2"":3,""kwok-node-20"":3,""kwok-node-21"":3,""kwok-node-22"":4,""kwok-node-23"":3,""kwok-node-24"":3,""kwok-node-25"":3,""kwok-node-26"":4,""kwok-node-27"":3,""kwok-node-28"":4,""kwok-node-29"":3,""kwok-node-3"":4,""kwok-node-30"":3,""kwok-node-31"":3,""kwok-node-32"":5,""kwok-node-4"":5,""kwok-node-5"":3,""kwok-node-6"":3,""kwok-node-7"":4,""kwok-node-8"":4,""kwok-node-9"":4}","{""kwok-node-1"":3,""kwok-node-10"":4,""kwok-node-11"":3,""kwok-node-12"":4,""kwok-node-13"":3,""kwok-node-14"":4,""kwok-node-15"":3,""kwok-node-16"":3,""kwok-node-17"":5,""kwok-node-18"":3,""kwok-node-19"":3,""kwok-node-2"":4,""kwok-node-20"":2,""kwok-node-21"":3,""kwok-node-22"":3,""kwok-node-23"":3,""kwok-node-24"":3,""kwok-node-25"":3,""kwok-node-26"":3,""kwok-node-27"":3,""kwok-node-28"":3,""kwok-node-29"":3,""kwok-node-3"":4,""kwok-node-30"":3,""kwok-node-31"":3,""kwok-node-32"":5,""kwok-node-4"":4,""kwok-node-5"":3,""kwok-node-6"":3,""kwok-node-7"":4,""kwok-node-8"":3,""kwok-node-9"":3}","{""p1"":29,""p2"":28,""p3"":36,""p4"":21}","{""p1"":34,""p2"":25,""p3"":33,""p4"":14}","{""p1"":14}","{""p1"":9,""p2"":3,""p3"":3,""p4"":7}","{rs-12-p1-dl6tf,rs-12-p1-rxn7l,rs-15-p1-24kfl,rs-22-p1-8k6t5,rs-27-p1-ds2th,rs-36-p1-gtlhk,rs-38-p1-4vqxj,rs-42-p1-wbxtf,rs-47-p1-698qg,rs-53-p1-6snsk,rs-53-p1-htvv2,rs-56-p1-lch6x,rs-56-p1-wgvm6,rs-56-p1-wvxxq}","{rs-45-p2-4dwbg,rs-45-p2-f9l9t,rs-45-p2-vljcl,rs-46-p4-vtzt5,rs-48-p3-8g4xw,rs-48-p3-bswrf,rs-48-p3-t7ff8,rs-49-p4-4blfs,rs-51-p1-jcffm,rs-51-p1-m84fv,rs-51-p1-p5bkn,rs-52-p4-6sqxn,rs-52-p4-wz2r9,rs-53-p1-6snsk,rs-53-p1-ggdks,rs-53-p1-htvv2,rs-55-p4-hbmdc,rs-55-p4-jvx5d,rs-55-p4-vdsnv,rs-56-p1-lch6x,rs-56-p1-wgvm6,rs-56-p1-wvxxq}","{rs-01-p1-4sjkt,rs-01-p1-r5tjf,rs-02-p2-nmj6m,rs-02-p2-wxhkz,rs-03-p2-b7x2t,rs-03-p2-ks7k9,rs-03-p2-mqtsh,rs-04-p3-bmxnz,rs-04-p3-cnk8x,rs-05-p1-5tkrw,rs-05-p1-mcs97,rs-05-p1-n8gll,rs-05-p1-nsfs5,rs-06-p3-6rhw5,rs-06-p3-l5r2m,rs-06-p3-sn4jf,rs-07-p4-zz4hh,rs-08-p1-jxs6r,rs-09-p3-2krbh,rs-09-p3-c7fhg,rs-09-p3-lnt6l,rs-09-p3-z7q88,rs-10-p3-2c9f8,rs-10-p3-tns7w,rs-10-p3-v2nbm,rs-11-p3-77mr4,rs-11-p3-v5p2k,rs-11-p3-vdt9m,rs-13-p2-pbwj2,rs-14-p1-hbfng,rs-14-p1-mrnrc,rs-14-p1-nr7xj,rs-16-p4-86nw8,rs-16-p4-889wl,rs-16-p4-bmhv2,rs-16-p4-kf5b2,rs-17-p1-224cx,rs-17-p1-74fb9,rs-17-p1-7tsss,rs-18-p2-c62b7,rs-18-p2-h5vx2,rs-19-p2-v6sqq,rs-20-p3-k2z2s,rs-21-p2-6mr8g,rs-22-p1-vvnjq,rs-23-p3-jb5w8,rs-23-p3-kd6q6,rs-23-p3-x9srg,rs-24-p3-7f9ps,rs-24-p3-r8lgp,rs-24-p3-swzrf,rs-24-p3-vxcxz,rs-25-p3-t29d4,rs-26-p3-x5w5t,rs-27-p1-5554w,rs-28-p1-97t5s,rs-29-p4-69hlm,rs-30-p1-7qvcl,rs-31-p2-b7f6j,rs-31-p2-gjpvt,rs-31-p2-htz5r,rs-31-p2-sjn27,rs-32-p4-58vhw,rs-32-p4-8nqlg,rs-33-p2-6sbfx,rs-33-p2-mzw4l,rs-34-p1-kwl65,rs-35-p1-8ttgt,rs-35-p1-nzk5f,rs-35-p1-sxl4k,rs-36-p1-z8lkq,rs-37-p3-bv9fp,rs-37-p3-dg4p9,rs-37-p3-p2fj9,rs-39-p2-2r6vd,rs-40-p2-b7p4x,rs-40-p2-q8tqm,rs-40-p2-vq42n,rs-40-p2-x9kb4,rs-41-p2-s4svq,rs-41-p2-s6xkh,rs-42-p1-hflhv,rs-42-p1-jzltc,rs-42-p1-mnlpr,rs-43-p2-8mm98,rs-43-p2-v4cb5,rs-44-p4-246xn,rs-44-p4-5zzfn,rs-44-p4-6tq9v,rs-45-p2-4dwbg,rs-45-p2-f9l9t,rs-45-p2-vljcl,rs-46-p4-5k4f4,rs-46-p4-5ksb2,rs-46-p4-drtwj,rs-46-p4-vtzt5,rs-48-p3-8g4xw,rs-48-p3-bswrf,rs-48-p3-t7ff8,rs-49-p4-4blfs,rs-50-p3-kpfb7,rs-50-p3-vph74,rs-51-p1-jcffm,rs-51-p1-m84fv,rs-51-p1-p5bkn,rs-52-p4-6sqxn,rs-52-p4-wz2r9,rs-53-p1-ggdks,rs-54-p3-f9tz2,rs-54-p3-qtpm4,rs-54-p3-zlgfz,rs-55-p4-hbmdc,rs-55-p4-jvx5d,rs-55-p4-vdsnv}","{rs-01-p1-r5tjf,rs-01-p1-tkhn6,rs-02-p2-nmj6m,rs-02-p2-wxhkz,rs-03-p2-b7x2t,rs-03-p2-ks7k9,rs-03-p2-mqtsh,rs-04-p3-bmxnz,rs-04-p3-cnk8x,rs-05-p1-5fqx5,rs-05-p1-dgf8d,rs-05-p1-h8p89,rs-05-p1-j8ljc,rs-06-p3-6rhw5,rs-06-p3-l5r2m,rs-06-p3-sn4jf,rs-07-p4-zz4hh,rs-08-p1-v6fwq,rs-09-p3-2krbh,rs-09-p3-c7fhg,rs-09-p3-lnt6l,rs-09-p3-z7q88,rs-10-p3-2c9f8,rs-10-p3-tns7w,rs-10-p3-v2nbm,rs-11-p3-77mr4,rs-11-p3-v5p2k,rs-11-p3-vdt9m,rs-12-p1-cv9hs,rs-12-p1-kqc75,rs-13-p2-pbwj2,rs-14-p1-r4z6p,rs-14-p1-w8wwp,rs-14-p1-z2gzs,rs-15-p1-ldx8d,rs-16-p4-86nw8,rs-16-p4-889wl,rs-16-p4-bmhv2,rs-16-p4-kf5b2,rs-17-p1-2w5fz,rs-17-p1-74fb9,rs-17-p1-w5gfm,rs-18-p2-c62b7,rs-18-p2-h5vx2,rs-19-p2-v6sqq,rs-20-p3-k2z2s,rs-21-p2-6mr8g,rs-22-p1-rxmpt,rs-22-p1-v5c84,rs-23-p3-jb5w8,rs-23-p3-kd6q6,rs-23-p3-x9srg,rs-24-p3-7f9ps,rs-24-p3-r8lgp,rs-24-p3-swzrf,rs-24-p3-vxcxz,rs-25-p3-t29d4,rs-26-p3-x5w5t,rs-27-p1-n4crx,rs-27-p1-pztr5,rs-28-p1-zrhb4,rs-29-p4-69hlm,rs-30-p1-6j8zn,rs-31-p2-b7f6j,rs-31-p2-gjpvt,rs-31-p2-htz5r,rs-31-p2-sjn27,rs-32-p4-58vhw,rs-32-p4-8nqlg,rs-33-p2-6sbfx,rs-33-p2-mzw4l,rs-34-p1-p7d4k,rs-35-p1-2jk86,rs-35-p1-sxl4k,rs-35-p1-wwnv6,rs-36-p1-ltg9t,rs-36-p1-vhbh4,rs-37-p3-bv9fp,rs-37-p3-dg4p9,rs-37-p3-p2fj9,rs-38-p1-8l6zf,rs-39-p2-2r6vd,rs-40-p2-b7p4x,rs-40-p2-q8tqm,rs-40-p2-vq42n,rs-40-p2-x9kb4,rs-41-p2-s4svq,rs-41-p2-s6xkh,rs-42-p1-c6m5b,rs-42-p1-hflhv,rs-42-p1-jzltc,rs-42-p1-nqr7w,rs-43-p2-8mm98,rs-43-p2-v4cb5,rs-44-p4-246xn,rs-44-p4-5zzfn,rs-44-p4-6tq9v,rs-46-p4-5k4f4,rs-46-p4-5ksb2,rs-46-p4-drtwj,rs-47-p1-nprz5,rs-50-p3-kpfb7,rs-50-p3-vph74,rs-54-p3-f9tz2,rs-54-p3-qtpm4,rs-54-p3-zlgfz}","[{""name"":""rs-01-p1-4sjkt"",""cpu_m"":219,""mem_b"":464381616,""priority"":""1"",""node"":""kwok-node-8""},{""name"":""rs-01-p1-r5tjf"",""cpu_m"":219,""mem_b"":464381616,""priority"":""1"",""node"":""kwok-node-10""},{""name"":""rs-02-p2-nmj6m"",""cpu_m"":606,""mem_b"":505299572,""priority"":""2"",""node"":""kwok-node-14""},{""name"":""rs-02-p2-wxhkz"",""cpu_m"":606,""mem_b"":505299572,""priority"":""2"",""node"":""kwok-node-13""},{""name"":""rs-03-p2-b7x2t"",""cpu_m"":457,""mem_b"":773486177,""priority"":""2"",""node"":""kwok-node-18""},{""name"":""rs-03-p2-ks7k9"",""cpu_m"":457,""mem_b"":773486177,""priority"":""2"",""node"":""kwok-node-1""},{""name"":""rs-03-p2-mqtsh"",""cpu_m"":457,""mem_b"":773486177,""priority"":""2"",""node"":""kwok-node-16""},{""name"":""rs-04-p3-bmxnz"",""cpu_m"":802,""mem_b"":826014044,""priority"":""3"",""node"":""kwok-node-21""},{""name"":""rs-04-p3-cnk8x"",""cpu_m"":802,""mem_b"":826014044,""priority"":""3"",""node"":""kwok-node-15""},{""name"":""rs-05-p1-5tkrw"",""cpu_m"":485,""mem_b"":287706583,""priority"":""1"",""node"":""kwok-node-16""},{""name"":""rs-05-p1-mcs97"",""cpu_m"":485,""mem_b"":287706583,""priority"":""1"",""node"":""kwok-node-8""},{""name"":""rs-05-p1-n8gll"",""cpu_m"":485,""mem_b"":287706583,""priority"":""1"",""node"":""kwok-node-18""},{""name"":""rs-05-p1-nsfs5"",""cpu_m"":485,""mem_b"":287706583,""priority"":""1"",""node"":""kwok-node-7""},{""name"":""rs-06-p3-6rhw5"",""cpu_m"":689,""mem_b"":657252865,""priority"":""3"",""node"":""kwok-node-19""},{""name"":""rs-06-p3-l5r2m"",""cpu_m"":689,""mem_b"":657252865,""priority"":""3"",""node"":""kwok-node-20""},{""name"":""rs-06-p3-sn4jf"",""cpu_m"":689,""mem_b"":657252865,""priority"":""3"",""node"":""kwok-node-23""},{""name"":""rs-07-p4-zz4hh"",""cpu_m"":147,""mem_b"":787549942,""priority"":""4"",""node"":""kwok-node-26""},{""name"":""rs-08-p1-jxs6r"",""cpu_m"":212,""mem_b"":280093370,""priority"":""1"",""node"":""kwok-node-22""},{""name"":""rs-09-p3-2krbh"",""cpu_m"":463,""mem_b"":621213417,""priority"":""3"",""node"":""kwok-node-3""},{""name"":""rs-09-p3-c7fhg"",""cpu_m"":463,""mem_b"":621213417,""priority"":""3"",""node"":""kwok-node-30""},{""name"":""rs-09-p3-lnt6l"",""cpu_m"":463,""mem_b"":621213417,""priority"":""3"",""node"":""kwok-node-25""},{""name"":""rs-09-p3-z7q88"",""cpu_m"":463,""mem_b"":621213417,""priority"":""3"",""node"":""kwok-node-28""},{""name"":""rs-10-p3-2c9f8"",""cpu_m"":838,""mem_b"":410145739,""priority"":""3"",""node"":""kwok-node-27""},{""name"":""rs-10-p3-tns7w"",""cpu_m"":838,""mem_b"":410145739,""priority"":""3"",""node"":""kwok-node-24""},{""name"":""rs-10-p3-v2nbm"",""cpu_m"":838,""mem_b"":410145739,""priority"":""3"",""node"":""kwok-node-29""},{""name"":""rs-11-p3-77mr4"",""cpu_m"":679,""mem_b"":694769000,""priority"":""3"",""node"":""kwok-node-11""},{""name"":""rs-11-p3-v5p2k"",""cpu_m"":679,""mem_b"":694769000,""priority"":""3"",""node"":""kwok-node-22""},{""name"":""rs-11-p3-vdt9m"",""cpu_m"":679,""mem_b"":694769000,""priority"":""3"",""node"":""kwok-node-31""},{""name"":""rs-12-p1-dl6tf"",""cpu_m"":580,""mem_b"":732633310,""priority"":""1"",""node"":""""},{""name"":""rs-12-p1-rxn7l"",""cpu_m"":580,""mem_b"":732633310,""priority"":""1"",""node"":""""},{""name"":""rs-13-p2-pbwj2"",""cpu_m"":472,""mem_b"":646360432,""priority"":""2"",""node"":""kwok-node-5""},{""name"":""rs-14-p1-hbfng"",""cpu_m"":372,""mem_b"":416798011,""priority"":""1"",""node"":""kwok-node-12""},{""name"":""rs-14-p1-mrnrc"",""cpu_m"":372,""mem_b"":416798011,""priority"":""1"",""node"":""kwok-node-13""},{""name"":""rs-14-p1-nr7xj"",""cpu_m"":372,""mem_b"":416798011,""priority"":""1"",""node"":""kwok-node-1""},{""name"":""rs-15-p1-24kfl"",""cpu_m"":751,""mem_b"":450082634,""priority"":""1"",""node"":""""},{""name"":""rs-16-p4-86nw8"",""cpu_m"":368,""mem_b"":112639518,""priority"":""4"",""node"":""kwok-node-10""},{""name"":""rs-16-p4-889wl"",""cpu_m"":368,""mem_b"":112639518,""priority"":""4"",""node"":""kwok-node-32""},{""name"":""rs-16-p4-bmhv2"",""cpu_m"":368,""mem_b"":112639518,""priority"":""4"",""node"":""kwok-node-12""},{""name"":""rs-16-p4-kf5b2"",""cpu_m"":368,""mem_b"":112639518,""priority"":""4"",""node"":""kwok-node-4""},{""name"":""rs-17-p1-224cx"",""cpu_m"":292,""mem_b"":207367408,""priority"":""1"",""node"":""kwok-node-26""},{""name"":""rs-17-p1-74fb9"",""cpu_m"":292,""mem_b"":207367408,""priority"":""1"",""node"":""kwok-node-17""},{""name"":""rs-17-p1-7tsss"",""cpu_m"":292,""mem_b"":207367408,""priority"":""1"",""node"":""kwok-node-4""},{""name"":""rs-18-p2-c62b7"",""cpu_m"":561,""mem_b"":432294875,""priority"":""2"",""node"":""kwok-node-28""},{""name"":""rs-18-p2-h5vx2"",""cpu_m"":561,""mem_b"":432294875,""priority"":""2"",""node"":""kwok-node-3""},{""name"":""rs-19-p2-v6sqq"",""cpu_m"":809,""mem_b"":419878987,""priority"":""2"",""node"":""kwok-node-1""},{""name"":""rs-20-p3-k2z2s"",""cpu_m"":165,""mem_b"":793301545,""priority"":""3"",""node"":""kwok-node-27""},{""name"":""rs-21-p2-6mr8g"",""cpu_m"":393,""mem_b"":680035892,""priority"":""2"",""node"":""kwok-node-9""},{""name"":""rs-22-p1-8k6t5"",""cpu_m"":710,""mem_b"":509930594,""priority"":""1"",""node"":""""},{""name"":""rs-22-p1-vvnjq"",""cpu_m"":710,""mem_b"":509930594,""priority"":""1"",""node"":""kwok-node-20""},{""name"":""rs-23-p3-jb5w8"",""cpu_m"":769,""mem_b"":728807643,""priority"":""3"",""node"":""kwok-node-10""},{""name"":""rs-23-p3-kd6q6"",""cpu_m"":769,""mem_b"":728807643,""priority"":""3"",""node"":""kwok-node-13""},{""name"":""rs-23-p3-x9srg"",""cpu_m"":769,""mem_b"":728807643,""priority"":""3"",""node"":""kwok-node-12""},{""name"":""rs-24-p3-7f9ps"",""cpu_m"":318,""mem_b"":367303554,""priority"":""3"",""node"":""kwok-node-7""},{""name"":""rs-24-p3-r8lgp"",""cpu_m"":318,""mem_b"":367303554,""priority"":""3"",""node"":""kwok-node-4""},{""name"":""rs-24-p3-swzrf"",""cpu_m"":318,""mem_b"":367303554,""priority"":""3"",""node"":""kwok-node-32""},{""name"":""rs-24-p3-vxcxz"",""cpu_m"":318,""mem_b"":367303554,""priority"":""3"",""node"":""kwok-node-14""},{""name"":""rs-25-p3-t29d4"",""cpu_m"":170,""mem_b"":400626540,""priority"":""3"",""node"":""kwok-node-17""},{""name"":""rs-26-p3-x5w5t"",""cpu_m"":259,""mem_b"":398495268,""priority"":""3"",""node"":""kwok-node-2""},{""name"":""rs-27-p1-5554w"",""cpu_m"":653,""mem_b"":254219531,""priority"":""1"",""node"":""kwok-node-22""},{""name"":""rs-27-p1-ds2th"",""cpu_m"":653,""mem_b"":254219531,""priority"":""1"",""node"":""""},{""name"":""rs-28-p1-97t5s"",""cpu_m"":689,""mem_b"":291872796,""priority"":""1"",""node"":""kwok-node-28""},{""name"":""rs-29-p4-69hlm"",""cpu_m"":996,""mem_b"":339954411,""priority"":""4"",""node"":""kwok-node-5""},{""name"":""rs-30-p1-7qvcl"",""cpu_m"":449,""mem_b"":283934048,""priority"":""1"",""node"":""kwok-node-4""},{""name"":""rs-31-p2-b7f6j"",""cpu_m"":576,""mem_b"":789064171,""priority"":""2"",""node"":""kwok-node-24""},{""name"":""rs-31-p2-gjpvt"",""cpu_m"":576,""mem_b"":789064171,""priority"":""2"",""node"":""kwok-node-23""},{""name"":""rs-31-p2-htz5r"",""cpu_m"":576,""mem_b"":789064171,""priority"":""2"",""node"":""kwok-node-20""},{""name"":""rs-31-p2-sjn27"",""cpu_m"":576,""mem_b"":789064171,""priority"":""2"",""node"":""kwok-node-19""},{""name"":""rs-32-p4-58vhw"",""cpu_m"":930,""mem_b"":287276346,""priority"":""4"",""node"":""kwok-node-31""},{""name"":""rs-32-p4-8nqlg"",""cpu_m"":930,""mem_b"":287276346,""priority"":""4"",""node"":""kwok-node-8""},{""name"":""rs-33-p2-6sbfx"",""cpu_m"":939,""mem_b"":355362567,""priority"":""2"",""node"":""kwok-node-26""},{""name"":""rs-33-p2-mzw4l"",""cpu_m"":939,""mem_b"":355362567,""priority"":""2"",""node"":""kwok-node-21""},{""name"":""rs-34-p1-kwl65"",""cpu_m"":854,""mem_b"":245866755,""priority"":""1"",""node"":""kwok-node-18""},{""name"":""rs-35-p1-8ttgt"",""cpu_m"":232,""mem_b"":228667877,""priority"":""1"",""node"":""kwok-node-26""},{""name"":""rs-35-p1-nzk5f"",""cpu_m"":232,""mem_b"":228667877,""priority"":""1"",""node"":""kwok-node-9""},{""name"":""rs-35-p1-sxl4k"",""cpu_m"":232,""mem_b"":228667877,""priority"":""1"",""node"":""kwok-node-17""},{""name"":""rs-36-p1-gtlhk"",""cpu_m"":429,""mem_b"":691331497,""priority"":""1"",""node"":""""},{""name"":""rs-36-p1-z8lkq"",""cpu_m"":429,""mem_b"":691331497,""priority"":""1"",""node"":""kwok-node-14""},{""name"":""rs-37-p3-bv9fp"",""cpu_m"":295,""mem_b"":726338683,""priority"":""3"",""node"":""kwok-node-4""},{""name"":""rs-37-p3-dg4p9"",""cpu_m"":295,""mem_b"":726338683,""priority"":""3"",""node"":""kwok-node-11""},{""name"":""rs-37-p3-p2fj9"",""cpu_m"":295,""mem_b"":726338683,""priority"":""3"",""node"":""kwok-node-22""},{""name"":""rs-38-p1-4vqxj"",""cpu_m"":986,""mem_b"":728314070,""priority"":""1"",""node"":""""},{""name"":""rs-39-p2-2r6vd"",""cpu_m"":988,""mem_b"":237356869,""priority"":""2"",""node"":""kwok-node-27""},{""name"":""rs-40-p2-b7p4x"",""cpu_m"":254,""mem_b"":590905014,""priority"":""2"",""node"":""kwok-node-28""},{""name"":""rs-40-p2-q8tqm"",""cpu_m"":254,""mem_b"":590905014,""priority"":""2"",""node"":""kwok-node-18""},{""name"":""rs-40-p2-vq42n"",""cpu_m"":254,""mem_b"":590905014,""priority"":""2"",""node"":""kwok-node-16""},{""name"":""rs-40-p2-x9kb4"",""cpu_m"":254,""mem_b"":590905014,""priority"":""2"",""node"":""kwok-node-6""},{""name"":""rs-41-p2-s4svq"",""cpu_m"":319,""mem_b"":205503230,""priority"":""2"",""node"":""kwok-node-3""},{""name"":""rs-41-p2-s6xkh"",""cpu_m"":319,""mem_b"":205503230,""priority"":""2"",""node"":""kwok-node-9""},{""name"":""rs-42-p1-hflhv"",""cpu_m"":643,""mem_b"":364725873,""priority"":""1"",""node"":""kwok-node-14""},{""name"":""rs-42-p1-jzltc"",""cpu_m"":643,""mem_b"":364725873,""priority"":""1"",""node"":""kwok-node-25""},{""name"":""rs-42-p1-mnlpr"",""cpu_m"":643,""mem_b"":364725873,""priority"":""1"",""node"":""kwok-node-30""},{""name"":""rs-42-p1-wbxtf"",""cpu_m"":643,""mem_b"":364725873,""priority"":""1"",""node"":""""},{""name"":""rs-43-p2-8mm98"",""cpu_m"":161,""mem_b"":218397768,""priority"":""2"",""node"":""kwok-node-1""},{""name"":""rs-43-p2-v4cb5"",""cpu_m"":161,""mem_b"":218397768,""priority"":""2"",""node"":""kwok-node-32""},{""name"":""rs-44-p4-246xn"",""cpu_m"":368,""mem_b"":800868617,""priority"":""4"",""node"":""kwok-node-8""},{""name"":""rs-44-p4-5zzfn"",""cpu_m"":368,""mem_b"":800868617,""priority"":""4"",""node"":""kwok-node-31""},{""name"":""rs-44-p4-6tq9v"",""cpu_m"":368,""mem_b"":800868617,""priority"":""4"",""node"":""kwok-node-5""},{""name"":""rs-45-p2-4dwbg"",""cpu_m"":978,""mem_b"":484196185,""priority"":""2"",""node"":""kwok-node-2""},{""name"":""rs-45-p2-f9l9t"",""cpu_m"":978,""mem_b"":484196185,""priority"":""2"",""node"":""kwok-node-7""},{""name"":""rs-45-p2-vljcl"",""cpu_m"":978,""mem_b"":484196185,""priority"":""2"",""node"":""kwok-node-11""},{""name"":""rs-46-p4-5k4f4"",""cpu_m"":282,""mem_b"":766473845,""priority"":""4"",""node"":""kwok-node-21""},{""name"":""rs-46-p4-5ksb2"",""cpu_m"":282,""mem_b"":766473845,""priority"":""4"",""node"":""kwok-node-15""},{""name"":""rs-46-p4-drtwj"",""cpu_m"":282,""mem_b"":766473845,""priority"":""4"",""node"":""kwok-node-24""},{""name"":""rs-46-p4-vtzt5"",""cpu_m"":282,""mem_b"":766473845,""priority"":""4"",""node"":""kwok-node-32""},{""name"":""rs-47-p1-698qg"",""cpu_m"":526,""mem_b"":575675728,""priority"":""1"",""node"":""""},{""name"":""rs-48-p3-8g4xw"",""cpu_m"":594,""mem_b"":746289904,""priority"":""3"",""node"":""kwok-node-29""},{""name"":""rs-48-p3-bswrf"",""cpu_m"":594,""mem_b"":746289904,""priority"":""3"",""node"":""kwok-node-9""},{""name"":""rs-48-p3-t7ff8"",""cpu_m"":594,""mem_b"":746289904,""priority"":""3"",""node"":""kwok-node-29""},{""name"":""rs-49-p4-4blfs"",""cpu_m"":933,""mem_b"":187730690,""priority"":""4"",""node"":""kwok-node-15""},{""name"":""rs-50-p3-kpfb7"",""cpu_m"":633,""mem_b"":185307217,""priority"":""3"",""node"":""kwok-node-23""},{""name"":""rs-50-p3-vph74"",""cpu_m"":633,""mem_b"":185307217,""priority"":""3"",""node"":""kwok-node-19""},{""name"":""rs-51-p1-jcffm"",""cpu_m"":810,""mem_b"":133739370,""priority"":""1"",""node"":""kwok-node-6""},{""name"":""rs-51-p1-m84fv"",""cpu_m"":810,""mem_b"":133739370,""priority"":""1"",""node"":""kwok-node-16""},{""name"":""rs-51-p1-p5bkn"",""cpu_m"":810,""mem_b"":133739370,""priority"":""1"",""node"":""kwok-node-32""},{""name"":""rs-52-p4-6sqxn"",""cpu_m"":803,""mem_b"":968814975,""priority"":""4"",""node"":""kwok-node-6""},{""name"":""rs-52-p4-wz2r9"",""cpu_m"":803,""mem_b"":968814975,""priority"":""4"",""node"":""kwok-node-25""},{""name"":""rs-53-p1-6snsk"",""cpu_m"":124,""mem_b"":813461226,""priority"":""1"",""node"":""""},{""name"":""rs-53-p1-ggdks"",""cpu_m"":124,""mem_b"":813461226,""priority"":""1"",""node"":""kwok-node-7""},{""name"":""rs-53-p1-htvv2"",""cpu_m"":124,""mem_b"":813461226,""priority"":""1"",""node"":""""},{""name"":""rs-54-p3-f9tz2"",""cpu_m"":524,""mem_b"":435094276,""priority"":""3"",""node"":""kwok-node-3""},{""name"":""rs-54-p3-qtpm4"",""cpu_m"":524,""mem_b"":435094276,""priority"":""3"",""node"":""kwok-node-10""},{""name"":""rs-54-p3-zlgfz"",""cpu_m"":524,""mem_b"":435094276,""priority"":""3"",""node"":""kwok-node-12""},{""name"":""rs-55-p4-hbmdc"",""cpu_m"":804,""mem_b"":970375630,""priority"":""4"",""node"":""kwok-node-30""},{""name"":""rs-55-p4-jvx5d"",""cpu_m"":804,""mem_b"":970375630,""priority"":""4"",""node"":""kwok-node-2""},{""name"":""rs-55-p4-vdsnv"",""cpu_m"":804,""mem_b"":970375630,""priority"":""4"",""node"":""kwok-node-17""},{""name"":""rs-56-p1-lch6x"",""cpu_m"":943,""mem_b"":719551963,""priority"":""1"",""node"":""""},{""name"":""rs-56-p1-wgvm6"",""cpu_m"":943,""mem_b"":719551963,""priority"":""1"",""node"":""""},{""name"":""rs-56-p1-wvxxq"",""cpu_m"":943,""mem_b"":719551963,""priority"":""1"",""node"":""""}]","[{""name"":""rs-01-p1-r5tjf"",""cpu_m"":219,""mem_b"":464381616,""priority"":""1"",""node"":""kwok-node-10""},{""name"":""rs-01-p1-tkhn6"",""cpu_m"":219,""mem_b"":464381616,""priority"":""1"",""node"":""kwok-node-12""},{""name"":""rs-02-p2-nmj6m"",""cpu_m"":606,""mem_b"":505299572,""priority"":""2"",""node"":""kwok-node-14""},{""name"":""rs-02-p2-wxhkz"",""cpu_m"":606,""mem_b"":505299572,""priority"":""2"",""node"":""kwok-node-13""},{""name"":""rs-03-p2-b7x2t"",""cpu_m"":457,""mem_b"":773486177,""priority"":""2"",""node"":""kwok-node-18""},{""name"":""rs-03-p2-ks7k9"",""cpu_m"":457,""mem_b"":773486177,""priority"":""2"",""node"":""kwok-node-1""},{""name"":""rs-03-p2-mqtsh"",""cpu_m"":457,""mem_b"":773486177,""priority"":""2"",""node"":""kwok-node-16""},{""name"":""rs-04-p3-bmxnz"",""cpu_m"":802,""mem_b"":826014044,""priority"":""3"",""node"":""kwok-node-21""},{""name"":""rs-04-p3-cnk8x"",""cpu_m"":802,""mem_b"":826014044,""priority"":""3"",""node"":""kwok-node-15""},{""name"":""rs-05-p1-5fqx5"",""cpu_m"":485,""mem_b"":287706583,""priority"":""1"",""node"":""kwok-node-11""},{""name"":""rs-05-p1-dgf8d"",""cpu_m"":485,""mem_b"":287706583,""priority"":""1"",""node"":""kwok-node-2""},{""name"":""rs-05-p1-h8p89"",""cpu_m"":485,""mem_b"":287706583,""priority"":""1"",""node"":""kwok-node-22""},{""name"":""rs-05-p1-j8ljc"",""cpu_m"":485,""mem_b"":287706583,""priority"":""1"",""node"":""kwok-node-17""},{""name"":""rs-06-p3-6rhw5"",""cpu_m"":689,""mem_b"":657252865,""priority"":""3"",""node"":""kwok-node-19""},{""name"":""rs-06-p3-l5r2m"",""cpu_m"":689,""mem_b"":657252865,""priority"":""3"",""node"":""kwok-node-20""},{""name"":""rs-06-p3-sn4jf"",""cpu_m"":689,""mem_b"":657252865,""priority"":""3"",""node"":""kwok-node-23""},{""name"":""rs-07-p4-zz4hh"",""cpu_m"":147,""mem_b"":787549942,""priority"":""4"",""node"":""kwok-node-26""},{""name"":""rs-08-p1-v6fwq"",""cpu_m"":212,""mem_b"":280093370,""priority"":""1"",""node"":""kwok-node-29""},{""name"":""rs-09-p3-2krbh"",""cpu_m"":463,""mem_b"":621213417,""priority"":""3"",""node"":""kwok-node-3""},{""name"":""rs-09-p3-c7fhg"",""cpu_m"":463,""mem_b"":621213417,""priority"":""3"",""node"":""kwok-node-30""},{""name"":""rs-09-p3-lnt6l"",""cpu_m"":463,""mem_b"":621213417,""priority"":""3"",""node"":""kwok-node-25""},{""name"":""rs-09-p3-z7q88"",""cpu_m"":463,""mem_b"":621213417,""priority"":""3"",""node"":""kwok-node-28""},{""name"":""rs-10-p3-2c9f8"",""cpu_m"":838,""mem_b"":410145739,""priority"":""3"",""node"":""kwok-node-27""},{""name"":""rs-10-p3-tns7w"",""cpu_m"":838,""mem_b"":410145739,""priority"":""3"",""node"":""kwok-node-24""},{""name"":""rs-10-p3-v2nbm"",""cpu_m"":838,""mem_b"":410145739,""priority"":""3"",""node"":""kwok-node-29""},{""name"":""rs-11-p3-77mr4"",""cpu_m"":679,""mem_b"":694769000,""priority"":""3"",""node"":""kwok-node-11""},{""name"":""rs-11-p3-v5p2k"",""cpu_m"":679,""mem_b"":694769000,""priority"":""3"",""node"":""kwok-node-22""},{""name"":""rs-11-p3-vdt9m"",""cpu_m"":679,""mem_b"":694769000,""priority"":""3"",""node"":""kwok-node-31""},{""name"":""rs-12-p1-cv9hs"",""cpu_m"":580,""mem_b"":732633310,""priority"":""1"",""node"":""kwok-node-6""},{""name"":""rs-12-p1-kqc75"",""cpu_m"":580,""mem_b"":732633310,""priority"":""1"",""node"":""kwok-node-8""},{""name"":""rs-13-p2-pbwj2"",""cpu_m"":472,""mem_b"":646360432,""priority"":""2"",""node"":""kwok-node-5""},{""name"":""rs-14-p1-r4z6p"",""cpu_m"":372,""mem_b"":416798011,""priority"":""1"",""node"":""kwok-node-7""},{""name"":""rs-14-p1-w8wwp"",""cpu_m"":372,""mem_b"":416798011,""priority"":""1"",""node"":""kwok-node-4""},{""name"":""rs-14-p1-z2gzs"",""cpu_m"":372,""mem_b"":416798011,""priority"":""1"",""node"":""kwok-node-32""},{""name"":""rs-15-p1-ldx8d"",""cpu_m"":751,""mem_b"":450082634,""priority"":""1"",""node"":""kwok-node-9""},{""name"":""rs-16-p4-86nw8"",""cpu_m"":368,""mem_b"":112639518,""priority"":""4"",""node"":""kwok-node-10""},{""name"":""rs-16-p4-889wl"",""cpu_m"":368,""mem_b"":112639518,""priority"":""4"",""node"":""kwok-node-32""},{""name"":""rs-16-p4-bmhv2"",""cpu_m"":368,""mem_b"":112639518,""priority"":""4"",""node"":""kwok-node-12""},{""name"":""rs-16-p4-kf5b2"",""cpu_m"":368,""mem_b"":112639518,""priority"":""4"",""node"":""kwok-node-4""},{""name"":""rs-17-p1-2w5fz"",""cpu_m"":292,""mem_b"":207367408,""priority"":""1"",""node"":""kwok-node-7""},{""name"":""rs-17-p1-74fb9"",""cpu_m"":292,""mem_b"":207367408,""priority"":""1"",""node"":""kwok-node-17""},{""name"":""rs-17-p1-w5gfm"",""cpu_m"":292,""mem_b"":207367408,""priority"":""1"",""node"":""kwok-node-2""},{""name"":""rs-18-p2-c62b7"",""cpu_m"":561,""mem_b"":432294875,""priority"":""2"",""node"":""kwok-node-28""},{""name"":""rs-18-p2-h5vx2"",""cpu_m"":561,""mem_b"":432294875,""priority"":""2"",""node"":""kwok-node-3""},{""name"":""rs-19-p2-v6sqq"",""cpu_m"":809,""mem_b"":419878987,""priority"":""2"",""node"":""kwok-node-1""},{""name"":""rs-20-p3-k2z2s"",""cpu_m"":165,""mem_b"":793301545,""priority"":""3"",""node"":""kwok-node-27""},{""name"":""rs-21-p2-6mr8g"",""cpu_m"":393,""mem_b"":680035892,""priority"":""2"",""node"":""kwok-node-9""},{""name"":""rs-22-p1-rxmpt"",""cpu_m"":710,""mem_b"":509930594,""priority"":""1"",""node"":""kwok-node-30""},{""name"":""rs-22-p1-v5c84"",""cpu_m"":710,""mem_b"":509930594,""priority"":""1"",""node"":""kwok-node-25""},{""name"":""rs-23-p3-jb5w8"",""cpu_m"":769,""mem_b"":728807643,""priority"":""3"",""node"":""kwok-node-10""},{""name"":""rs-23-p3-kd6q6"",""cpu_m"":769,""mem_b"":728807643,""priority"":""3"",""node"":""kwok-node-13""},{""name"":""rs-23-p3-x9srg"",""cpu_m"":769,""mem_b"":728807643,""priority"":""3"",""node"":""kwok-node-12""},{""name"":""rs-24-p3-7f9ps"",""cpu_m"":318,""mem_b"":367303554,""priority"":""3"",""node"":""kwok-node-7""},{""name"":""rs-24-p3-r8lgp"",""cpu_m"":318,""mem_b"":367303554,""priority"":""3"",""node"":""kwok-node-4""},{""name"":""rs-24-p3-swzrf"",""cpu_m"":318,""mem_b"":367303554,""priority"":""3"",""node"":""kwok-node-32""},{""name"":""rs-24-p3-vxcxz"",""cpu_m"":318,""mem_b"":367303554,""priority"":""3"",""node"":""kwok-node-14""},{""name"":""rs-25-p3-t29d4"",""cpu_m"":170,""mem_b"":400626540,""priority"":""3"",""node"":""kwok-node-17""},{""name"":""rs-26-p3-x5w5t"",""cpu_m"":259,""mem_b"":398495268,""priority"":""3"",""node"":""kwok-node-2""},{""name"":""rs-27-p1-n4crx"",""cpu_m"":653,""mem_b"":254219531,""priority"":""1"",""node"":""kwok-node-18""},{""name"":""rs-27-p1-pztr5"",""cpu_m"":653,""mem_b"":254219531,""priority"":""1"",""node"":""kwok-node-26""},{""name"":""rs-28-p1-zrhb4"",""cpu_m"":689,""mem_b"":291872796,""priority"":""1"",""node"":""kwok-node-16""},{""name"":""rs-29-p4-69hlm"",""cpu_m"":996,""mem_b"":339954411,""priority"":""4"",""node"":""kwok-node-5""},{""name"":""rs-30-p1-6j8zn"",""cpu_m"":449,""mem_b"":283934048,""priority"":""1"",""node"":""kwok-node-6""},{""name"":""rs-31-p2-b7f6j"",""cpu_m"":576,""mem_b"":789064171,""priority"":""2"",""node"":""kwok-node-24""},{""name"":""rs-31-p2-gjpvt"",""cpu_m"":576,""mem_b"":789064171,""priority"":""2"",""node"":""kwok-node-23""},{""name"":""rs-31-p2-htz5r"",""cpu_m"":576,""mem_b"":789064171,""priority"":""2"",""node"":""kwok-node-20""},{""name"":""rs-31-p2-sjn27"",""cpu_m"":576,""mem_b"":789064171,""priority"":""2"",""node"":""kwok-node-19""},{""name"":""rs-32-p4-58vhw"",""cpu_m"":930,""mem_b"":287276346,""priority"":""4"",""node"":""kwok-node-31""},{""name"":""rs-32-p4-8nqlg"",""cpu_m"":930,""mem_b"":287276346,""priority"":""4"",""node"":""kwok-node-8""},{""name"":""rs-33-p2-6sbfx"",""cpu_m"":939,""mem_b"":355362567,""priority"":""2"",""node"":""kwok-node-26""},{""name"":""rs-33-p2-mzw4l"",""cpu_m"":939,""mem_b"":355362567,""priority"":""2"",""node"":""kwok-node-21""},{""name"":""rs-34-p1-p7d4k"",""cpu_m"":854,""mem_b"":245866755,""priority"":""1"",""node"":""kwok-node-15""},{""name"":""rs-35-p1-2jk86"",""cpu_m"":232,""mem_b"":228667877,""priority"":""1"",""node"":""kwok-node-32""},{""name"":""rs-35-p1-sxl4k"",""cpu_m"":232,""mem_b"":228667877,""priority"":""1"",""node"":""kwok-node-17""},{""name"":""rs-35-p1-wwnv6"",""cpu_m"":232,""mem_b"":228667877,""priority"":""1"",""node"":""kwok-node-14""},{""name"":""rs-36-p1-ltg9t"",""cpu_m"":429,""mem_b"":691331497,""priority"":""1"",""node"":""kwok-node-29""},{""name"":""rs-36-p1-vhbh4"",""cpu_m"":429,""mem_b"":691331497,""priority"":""1"",""node"":""kwok-node-2""},{""name"":""rs-37-p3-bv9fp"",""cpu_m"":295,""mem_b"":726338683,""priority"":""3"",""node"":""kwok-node-4""},{""name"":""rs-37-p3-dg4p9"",""cpu_m"":295,""mem_b"":726338683,""priority"":""3"",""node"":""kwok-node-11""},{""name"":""rs-37-p3-p2fj9"",""cpu_m"":295,""mem_b"":726338683,""priority"":""3"",""node"":""kwok-node-22""},{""name"":""rs-38-p1-8l6zf"",""cpu_m"":986,""mem_b"":728314070,""priority"":""1"",""node"":""kwok-node-7""},{""name"":""rs-39-p2-2r6vd"",""cpu_m"":988,""mem_b"":237356869,""priority"":""2"",""node"":""kwok-node-27""},{""name"":""rs-40-p2-b7p4x"",""cpu_m"":254,""mem_b"":590905014,""priority"":""2"",""node"":""kwok-node-28""},{""name"":""rs-40-p2-q8tqm"",""cpu_m"":254,""mem_b"":590905014,""priority"":""2"",""node"":""kwok-node-18""},{""name"":""rs-40-p2-vq42n"",""cpu_m"":254,""mem_b"":590905014,""priority"":""2"",""node"":""kwok-node-16""},{""name"":""rs-40-p2-x9kb4"",""cpu_m"":254,""mem_b"":590905014,""priority"":""2"",""node"":""kwok-node-6""},{""name"":""rs-41-p2-s4svq"",""cpu_m"":319,""mem_b"":205503230,""priority"":""2"",""node"":""kwok-node-3""},{""name"":""rs-41-p2-s6xkh"",""cpu_m"":319,""mem_b"":205503230,""priority"":""2"",""node"":""kwok-node-9""},{""name"":""rs-42-p1-c6m5b"",""cpu_m"":643,""mem_b"":364725873,""priority"":""1"",""node"":""kwok-node-30""},{""name"":""rs-42-p1-hflhv"",""cpu_m"":643,""mem_b"":364725873,""priority"":""1"",""node"":""kwok-node-14""},{""name"":""rs-42-p1-jzltc"",""cpu_m"":643,""mem_b"":364725873,""priority"":""1"",""node"":""kwok-node-25""},{""name"":""rs-42-p1-nqr7w"",""cpu_m"":643,""mem_b"":364725873,""priority"":""1"",""node"":""kwok-node-17""},{""name"":""rs-43-p2-8mm98"",""cpu_m"":161,""mem_b"":218397768,""priority"":""2"",""node"":""kwok-node-1""},{""name"":""rs-43-p2-v4cb5"",""cpu_m"":161,""mem_b"":218397768,""priority"":""2"",""node"":""kwok-node-32""},{""name"":""rs-44-p4-246xn"",""cpu_m"":368,""mem_b"":800868617,""priority"":""4"",""node"":""kwok-node-8""},{""name"":""rs-44-p4-5zzfn"",""cpu_m"":368,""mem_b"":800868617,""priority"":""4"",""node"":""kwok-node-31""},{""name"":""rs-44-p4-6tq9v"",""cpu_m"":368,""mem_b"":800868617,""priority"":""4"",""node"":""kwok-node-5""},{""name"":""rs-45-p2-4dwbg"",""cpu_m"":978,""mem_b"":484196185,""priority"":""2"",""node"":""""},{""name"":""rs-45-p2-f9l9t"",""cpu_m"":978,""mem_b"":484196185,""priority"":""2"",""node"":""""},{""name"":""rs-45-p2-vljcl"",""cpu_m"":978,""mem_b"":484196185,""priority"":""2"",""node"":""""},{""name"":""rs-46-p4-5k4f4"",""cpu_m"":282,""mem_b"":766473845,""priority"":""4"",""node"":""kwok-node-21""},{""name"":""rs-46-p4-5ksb2"",""cpu_m"":282,""mem_b"":766473845,""priority"":""4"",""node"":""kwok-node-15""},{""name"":""rs-46-p4-drtwj"",""cpu_m"":282,""mem_b"":766473845,""priority"":""4"",""node"":""kwok-node-24""},{""name"":""rs-46-p4-vtzt5"",""cpu_m"":282,""mem_b"":766473845,""priority"":""4"",""node"":""""},{""name"":""rs-47-p1-nprz5"",""cpu_m"":526,""mem_b"":575675728,""priority"":""1"",""node"":""kwok-node-13""},{""name"":""rs-48-p3-8g4xw"",""cpu_m"":594,""mem_b"":746289904,""priority"":""3"",""node"":""""},{""name"":""rs-48-p3-bswrf"",""cpu_m"":594,""mem_b"":746289904,""priority"":""3"",""node"":""""},{""name"":""rs-48-p3-t7ff8"",""cpu_m"":594,""mem_b"":746289904,""priority"":""3"",""node"":""""},{""name"":""rs-49-p4-4blfs"",""cpu_m"":933,""mem_b"":187730690,""priority"":""4"",""node"":""""},{""name"":""rs-50-p3-kpfb7"",""cpu_m"":633,""mem_b"":185307217,""priority"":""3"",""node"":""kwok-node-23""},{""name"":""rs-50-p3-vph74"",""cpu_m"":633,""mem_b"":185307217,""priority"":""3"",""node"":""kwok-node-19""},{""name"":""rs-51-p1-jcffm"",""cpu_m"":810,""mem_b"":133739370,""priority"":""1"",""node"":""""},{""name"":""rs-51-p1-m84fv"",""cpu_m"":810,""mem_b"":133739370,""priority"":""1"",""node"":""""},{""name"":""rs-51-p1-p5bkn"",""cpu_m"":810,""mem_b"":133739370,""priority"":""1"",""node"":""""},{""name"":""rs-52-p4-6sqxn"",""cpu_m"":803,""mem_b"":968814975,""priority"":""4"",""node"":""""},{""name"":""rs-52-p4-wz2r9"",""cpu_m"":803,""mem_b"":968814975,""priority"":""4"",""node"":""""},{""name"":""rs-53-p1-6snsk"",""cpu_m"":124,""mem_b"":813461226,""priority"":""1"",""node"":""""},{""name"":""rs-53-p1-ggdks"",""cpu_m"":124,""mem_b"":813461226,""priority"":""1"",""node"":""""},{""name"":""rs-53-p1-htvv2"",""cpu_m"":124,""mem_b"":813461226,""priority"":""1"",""node"":""""},{""name"":""rs-54-p3-f9tz2"",""cpu_m"":524,""mem_b"":435094276,""priority"":""3"",""node"":""kwok-node-3""},{""name"":""rs-54-p3-qtpm4"",""cpu_m"":524,""mem_b"":435094276,""priority"":""3"",""node"":""kwok-node-10""},{""name"":""rs-54-p3-zlgfz"",""cpu_m"":524,""mem_b"":435094276,""priority"":""3"",""node"":""kwok-node-12""},{""name"":""rs-55-p4-hbmdc"",""cpu_m"":804,""mem_b"":970375630,""priority"":""4"",""node"":""""},{""name"":""rs-55-p4-jvx5d"",""cpu_m"":804,""mem_b"":970375630,""priority"":""4"",""node"":""""},{""name"":""rs-55-p4-vdsnv"",""cpu_m"":804,""mem_b"":970375630,""priority"":""4"",""node"":""""},{""name"":""rs-56-p1-lch6x"",""cpu_m"":943,""mem_b"":719551963,""priority"":""1"",""node"":""""},{""name"":""rs-56-p1-wgvm6"",""cpu_m"":943,""mem_b"":719551963,""priority"":""1"",""node"":""""},{""name"":""rs-56-p1-wvxxq"",""cpu_m"":943,""mem_b"":719551963,""priority"":""1"",""node"":""""}]","[{""name"":""kwok-node-1"",""cap_cpu_m"":2064,""cap_mem_bytes"":1978048330},{""name"":""kwok-node-2"",""cap_cpu_m"":2064,""cap_mem_bytes"":1978048330},{""name"":""kwok-node-3"",""cap_cpu_m"":2064,""cap_mem_bytes"":1978048330},{""name"":""kwok-node-4"",""cap_cpu_m"":2064,""cap_mem_bytes"":1978048330},{""name"":""kwok-node-5"",""cap_cpu_m"":2064,""cap_mem_bytes"":1978048330},{""name"":""kwok-node-6"",""cap_cpu_m"":2064,""cap_mem_bytes"":1978048330},{""name"":""kwok-node-7"",""cap_cpu_m"":2064,""cap_mem_bytes"":1978048330},{""name"":""kwok-node-8"",""cap_cpu_m"":2064,""cap_mem_bytes"":1978048330},{""name"":""kwok-node-9"",""cap_cpu_m"":2064,""cap_mem_bytes"":1978048330},{""name"":""kwok-node-10"",""cap_cpu_m"":2064,""cap_mem_bytes"":1978048330},{""name"":""kwok-node-11"",""cap_cpu_m"":2064,""cap_mem_bytes"":1978048330},{""name"":""kwok-node-12"",""cap_cpu_m"":2064,""cap_mem_bytes"":1978048330},{""name"":""kwok-node-13"",""cap_cpu_m"":2064,""cap_mem_bytes"":1978048330},{""name"":""kwok-node-14"",""cap_cpu_m"":2064,""cap_mem_bytes"":1978048330},{""name"":""kwok-node-15"",""cap_cpu_m"":2064,""cap_mem_bytes"":1978048330},{""name"":""kwok-node-16"",""cap_cpu_m"":2064,""cap_mem_bytes"":1978048330},{""name"":""kwok-node-17"",""cap_cpu_m"":2064,""cap_mem_bytes"":1978048330},{""name"":""kwok-node-18"",""cap_cpu_m"":2064,""cap_mem_bytes"":1978048330},{""name"":""kwok-node-19"",""cap_cpu_m"":2064,""cap_mem_bytes"":1978048330},{""name"":""kwok-node-20"",""cap_cpu_m"":2064,""cap_mem_bytes"":1978048330},{""name"":""kwok-node-21"",""cap_cpu_m"":2064,""cap_mem_bytes"":1978048330},{""name"":""kwok-node-22"",""cap_cpu_m"":2064,""cap_mem_bytes"":1978048330},{""name"":""kwok-node-23"",""cap_cpu_m"":2064,""cap_mem_bytes"":1978048330},{""name"":""kwok-node-24"",""cap_cpu_m"":2064,""cap_mem_bytes"":1978048330},{""name"":""kwok-node-25"",""cap_cpu_m"":2064,""cap_mem_bytes"":1978048330},{""name"":""kwok-node-26"",""cap_cpu_m"":2064,""cap_mem_bytes"":1978048330},{""name"":""kwok-node-27"",""cap_cpu_m"":2064,""cap_mem_bytes"":1978048330},{""name"":""kwok-node-28"",""cap_cpu_m"":2064,""cap_mem_bytes"":1978048330},{""name"":""kwok-node-29"",""cap_cpu_m"":2064,""cap_mem_bytes"":1978048330},{""name"":""kwok-node-30"",""cap_cpu_m"":2064,""cap_mem_bytes"":1978048330},{""name"":""kwok-node-31"",""cap_cpu_m"":2064,""cap_mem_bytes"":1978048330},{""name"":""kwok-node-32"",""cap_cpu_m"":2064,""cap_mem_bytes"":1978048330}]"
2026/02/11/12:20:19,7252074906178545503,,"{""evicted"":0,""moved"":0,""placed_by_priority"":{""1"":32,""2"":26,""3"":19,""4"":27}}",python,"{""evicted"":8,""moved"":21,""placed_by_priority"":{""1"":30,""2"":26,""3"":19,""4"":41}}",1034,FEASIBLE,"[{""duration_ms"":1034,""name"":""python"",""score"":{""evicted"":8,""moved"":21,""placed_by_priority"":{""1"":30,""2"":26,""3"":19,""4"":41}},""status"":""FEASIBLE""}]",0.897,0.785,0.918,0.846,53014,46388,63788882895,58783351532,114,104,14,24,"{""kwok-node-1"":3,""kwok-node-10"":3,""kwok-node-11"":4,""kwok-node-12"":4,""kwok-node-13"":4,""kwok-node-14"":3,""kwok-node-15"":4,""kwok-node-16"":3,""kwok-node-17"":4,""kwok-node-18"":3,""kwok-node-19"":4,""kwok-node-2"":4,""kwok-node-20"":4,""kwok-node-21"":4,""kwok-node-22"":5,""kwok-node-23"":3,""kwok-node-24"":4,""kwok-node-25"":4,""kwok-node-26"":4,""kwok-node-27"":3,""kwok-node-28"":4,""kwok-node-29"":3,""kwok-node-3"":4,""kwok-node-30"":3,""kwok-node-31"":3,""kwok-node-32"":3,""kwok-node-4"":3,""kwok-node-5"":4,""kwok-node-6"":4,""kwok-node-7"":3,""kwok-node-8"":3,""kwok-node-9"":3}","{""kwok-node-1"":4,""kwok-node-10"":3,""kwok-node-11"":4,""kwok-node-12"":4,""kwok-node-13"":4,""kwok-node-14"":3,""kwok-node-15"":4,""kwok-node-16"":3,""kwok-node-17"":4,""kwok-node-18"":3,""kwok-node-19"":4,""kwok-node-2"":3,""kwok-node-20"":4,""kwok-node-21"":3,""kwok-node-22"":4,""kwok-node-23"":2,""kwok-node-24"":4,""kwok-node-25"":5,""kwok-node-26"":3,""kwok-node-27"":2,""kwok-node-28"":3,""kwok-node-29"":3,""kwok-node-3"":3,""kwok-node-30"":3,""kwok-node-31"":3,""kwok-node-32"":3,""kwok-node-4"":3,""kwok-node-5"":3,""kwok-node-6"":3,""kwok-node-7"":2,""kwok-node-8"":3,""kwok-node-9"":2}","{""p1"":28,""p2"":26,""p3"":19,""p4"":41}","{""p1"":32,""p2"":26,""p3"":19,""p4"":27}","{""p1"":14}","{""p1"":10,""p4"":14}","{rs-12-p1-j57j4,rs-12-p1-lsqv8,rs-18-p1-h8hwl,rs-18-p1-jx27g,rs-30-p1-fvnrw,rs-33-p1-4tgmx,rs-33-p1-fnzd8,rs-33-p1-n2vvv,rs-35-p1-4bgpq,rs-35-p1-4fgxk,rs-35-p1-lvx5v,rs-42-p1-x54jw,rs-43-p1-nnzqr,rs-48-p1-zd8tk}","{rs-30-p1-92vnd,rs-30-p1-wfccf,rs-36-p1-j68tf,rs-39-p4-82bhj,rs-39-p4-c2jpb,rs-40-p4-225l5,rs-40-p4-5jlcs,rs-40-p4-f77fz,rs-40-p4-srt2b,rs-41-p4-gmgxr,rs-41-p4-h4flg,rs-41-p4-ncs4f,rs-41-p4-phxf7,rs-42-p1-x54jw,rs-43-p1-nnzqr,rs-43-p1-t2pph,rs-45-p1-j25xg,rs-45-p1-l9sxc,rs-45-p1-q5vm7,rs-47-p4-92rkl,rs-47-p4-ndcpc,rs-47-p4-sn8sz,rs-47-p4-zf9rk,rs-48-p1-zd8tk}","{rs-01-p2-mlwtg,rs-02-p2-29k7b,rs-02-p2-4m4r4,rs-02-p2-p49rs,rs-03-p4-7j2sg,rs-04-p1-72kv5,rs-04-p1-8slts,rs-04-p1-h5rsp,rs-04-p1-vj8t8,rs-05-p1-2n2nq,rs-05-p1-bfr4v,rs-05-p1-vvrtg,rs-06-p2-86hcf,rs-06-p2-fm55j,rs-06-p2-gfrjw,rs-06-p2-gj8hv,rs-07-p2-d47ss,rs-08-p1-2tjtj,rs-08-p1-58vhw,rs-08-p1-ss54x,rs-09-p3-2jpps,rs-09-p3-7q8pb,rs-09-p3-9prkb,rs-09-p3-g6hkc,rs-10-p4-7d6md,rs-10-p4-fkkrv,rs-10-p4-ggj84,rs-10-p4-qkvff,rs-11-p3-f7vcv,rs-11-p3-ggv8m,rs-11-p3-mvsvr,rs-11-p3-w6b82,rs-12-p1-rq6ds,rs-12-p1-w6dbw,rs-13-p1-dj9cr,rs-14-p3-kpxrt,rs-14-p3-z8l9h,rs-15-p1-b7gd5,rs-15-p1-p6jdg,rs-16-p1-l27nt,rs-17-p2-5l5mb,rs-17-p2-k48k9,rs-17-p2-kgc5q,rs-17-p2-kzwjm,rs-18-p1-4zkfk,rs-19-p4-65f7d,rs-19-p4-cg7j2,rs-19-p4-z7xz2,rs-20-p1-6fnpk,rs-21-p4-khx69,rs-21-p4-ntj2j,rs-21-p4-xs249,rs-22-p2-m9gqj,rs-22-p2-nq4nf,rs-23-p2-29bdx,rs-23-p2-6cfx9,rs-23-p2-rprmx,rs-23-p2-v5577,rs-24-p2-kt526,rs-24-p2-pc7kn,rs-25-p3-8gbzp,rs-25-p3-kxqgn,rs-25-p3-qrgwl,rs-26-p3-dvxw8,rs-27-p4-7pnvw,rs-27-p4-hq8xp,rs-27-p4-kmkp9,rs-27-p4-xfs2g,rs-28-p4-8kllf,rs-28-p4-c8qfv,rs-29-p3-j95bv,rs-29-p3-kljn4,rs-30-p1-55g5r,rs-30-p1-92vnd,rs-30-p1-wfccf,rs-31-p4-2gh92,rs-31-p4-gfvp4,rs-31-p4-qwvbh,rs-31-p4-sbhzg,rs-32-p2-jq8q4,rs-32-p2-kp6hc,rs-32-p2-ssshn,rs-34-p1-k2jhh,rs-34-p1-lbbrk,rs-36-p1-j68tf,rs-37-p3-n8qwt,rs-37-p3-qdv8m,rs-37-p3-s4gkv,rs-38-p4-mtchj,rs-39-p4-625s5,rs-39-p4-82bhj,rs-39-p4-c2jpb,rs-39-p4-g9vn2,rs-40-p4-225l5,rs-40-p4-5jlcs,rs-40-p4-f77fz,rs-40-p4-srt2b,rs-41-p4-gmgxr,rs-41-p4-h4flg,rs-41-p4-ncs4f,rs-41-p4-phxf7,rs-43-p1-t2pph,rs-44-p4-8xl9v,rs-44-p4-dzpxh,rs-44-p4-pm5wk,rs-45-p1-j25xg,rs-45-p1-l9sxc,rs-45-p1-q5vm7,rs-46-p2-khvw6,rs-46-p2-z4dnq,rs-47-p4-92rkl,rs-47-p4-ndcpc,rs-47-p4-sn8sz,rs-47-p4-zf9rk}","{rs-01-p2-mlwtg,rs-02-p2-29k7b,rs-02-p2-4m4r4,rs-02-p2-p49rs,rs-03-p4-7j2sg,rs-04-p1-5zw6k,rs-04-p1-d7wct,rs-04-p1-jfvl4,rs-04-p1-wzz5z,rs-05-p1-cmtdf,rs-05-p1-h68s9,rs-05-p1-hk6q4,rs-06-p2-86hcf,rs-06-p2-fm55j,rs-06-p2-gfrjw,rs-06-p2-gj8hv,rs-07-p2-d47ss,rs-08-p1-2tjtj,rs-08-p1-h74gf,rs-08-p1-ss54x,rs-09-p3-2jpps,rs-09-p3-7q8pb,rs-09-p3-9prkb,rs-09-p3-g6hkc,rs-10-p4-7d6md,rs-10-p4-fkkrv,rs-10-p4-ggj84,rs-10-p4-qkvff,rs-11-p3-f7vcv,rs-11-p3-ggv8m,rs-11-p3-mvsvr,rs-11-p3-w6b82,rs-12-p1-2hmwn,rs-12-p1-jzmtn,rs-12-p1-tpf4d,rs-12-p1-xls22,rs-13-p1-wzj8p,rs-14-p3-kpxrt,rs-14-p3-z8l9h,rs-15-p1-cfnd5,rs-15-p1-ps6t9,rs-16-p1-2skhw,rs-17-p2-5l5mb,rs-17-p2-k48k9,rs-17-p2-kgc5q,rs-17-p2-kzwjm,rs-18-p1-25lcq,rs-18-p1-pnxgx,rs-18-p1-v6xm9,rs-19-p4-65f7d,rs-19-p4-cg7j2,rs-19-p4-z7xz2,rs-20-p1-lw2nk,rs-21-p4-khx69,rs-21-p4-ntj2j,rs-21-p4-xs249,rs-22-p2-m9gqj,rs-22-p2-nq4nf,rs-23-p2-29bdx,rs-23-p2-6cfx9,rs-23-p2-rprmx,rs-23-p2-v5577,rs-24-p2-kt526,rs-24-p2-pc7kn,rs-25-p3-8gbzp,rs-25-p3-kxqgn,rs-25-p3-qrgwl,rs-26-p3-dvxw8,rs-27-p4-7pnvw,rs-27-p4-hq8xp,rs-27-p4-kmkp9,rs-27-p4-xfs2g,rs-28-p4-8kllf,rs-28-p4-c8qfv,rs-29-p3-j95bv,rs-29-p3-kljn4,rs-30-p1-55g5r,rs-30-p1-lq6dv,rs-31-p4-2gh92,rs-31-p4-gfvp4,rs-31-p4-qwvbh,rs-31-p4-sbhzg,rs-32-p2-jq8q4,rs-32-p2-kp6hc,rs-32-p2-ssshn,rs-33-p1-98c6s,rs-33-p1-dpkrq,rs-33-p1-wmjhb,rs-34-p1-9dz76,rs-34-p1-bk4fp,rs-35-p1-5h4pt,rs-35-p1-b45fc,rs-35-p1-vx57w,rs-37-p3-n8qwt,rs-37-p3-qdv8m,rs-37-p3-s4gkv,rs-38-p4-mtchj,rs-39-p4-625s5,rs-39-p4-g9vn2,rs-44-p4-8xl9v,rs-44-p4-dzpxh,rs-44-p4-pm5wk,rs-46-p2-khvw6,rs-46-p2-z4dnq}","[{""name"":""rs-01-p2-mlwtg"",""cpu_m"":550,""mem_b"":194695846,""priority"":""2"",""node"":""kwok-node-16""},{""name"":""rs-02-p2-29k7b"",""cpu_m"":185,""mem_b"":453394672,""priority"":""2"",""node"":""kwok-node-18""},{""name"":""rs-02-p2-4m4r4"",""cpu_m"":185,""mem_b"":453394672,""priority"":""2"",""node"":""kwok-node-14""},{""name"":""rs-02-p2-p49rs"",""cpu_m"":185,""mem_b"":453394672,""priority"":""2"",""node"":""kwok-node-15""},{""name"":""rs-03-p4-7j2sg"",""cpu_m"":113,""mem_b"":346113354,""priority"":""4"",""node"":""kwok-node-11""},{""name"":""rs-04-p1-72kv5"",""cpu_m"":130,""mem_b"":626032509,""priority"":""1"",""node"":""kwok-node-20""},{""name"":""rs-04-p1-8slts"",""cpu_m"":130,""mem_b"":626032509,""priority"":""1"",""node"":""kwok-node-15""},{""name"":""rs-04-p1-h5rsp"",""cpu_m"":130,""mem_b"":626032509,""priority"":""1"",""node"":""kwok-node-22""},{""name"":""rs-04-p1-vj8t8"",""cpu_m"":130,""mem_b"":626032509,""priority"":""1"",""node"":""kwok-node-13""},{""name"":""rs-05-p1-2n2nq"",""cpu_m"":241,""mem_b"":131793992,""priority"":""1"",""node"":""kwok-node-26""},{""name"":""rs-05-p1-bfr4v"",""cpu_m"":241,""mem_b"":131793992,""priority"":""1"",""node"":""kwok-node-21""},{""name"":""rs-05-p1-vvrtg"",""cpu_m"":241,""mem_b"":131793992,""priority"":""1"",""node"":""kwok-node-28""},{""name"":""rs-06-p2-86hcf"",""cpu_m"":113,""mem_b"":537389283,""priority"":""2"",""node"":""kwok-node-19""},{""name"":""rs-06-p2-fm55j"",""cpu_m"":113,""mem_b"":537389283,""priority"":""2"",""node"":""kwok-node-20""},{""name"":""rs-06-p2-gfrjw"",""cpu_m"":113,""mem_b"":537389283,""priority"":""2"",""node"":""kwok-node-1""},{""name"":""rs-06-p2-gj8hv"",""cpu_m"":113,""mem_b"":537389283,""priority"":""2"",""node"":""kwok-node-2""},{""name"":""rs-07-p2-d47ss"",""cpu_m"":776,""mem_b"":131974229,""priority"":""2"",""node"":""kwok-node-2""},{""name"":""rs-08-p1-2tjtj"",""cpu_m"":147,""mem_b"":130810564,""priority"":""1"",""node"":""kwok-node-24""},{""name"":""rs-08-p1-58vhw"",""cpu_m"":147,""mem_b"":130810564,""priority"":""1"",""node"":""kwok-node-7""},{""name"":""rs-08-p1-ss54x"",""cpu_m"":147,""mem_b"":130810564,""priority"":""1"",""node"":""kwok-node-22""},{""name"":""rs-09-p3-2jpps"",""cpu_m"":194,""mem_b"":805460200,""priority"":""3"",""node"":""kwok-node-27""},{""name"":""rs-09-p3-7q8pb"",""cpu_m"":194,""mem_b"":805460200,""priority"":""3"",""node"":""kwok-node-26""},{""name"":""rs-09-p3-9prkb"",""cpu_m"":194,""mem_b"":805460200,""priority"":""3"",""node"":""kwok-node-21""},{""name"":""rs-09-p3-g6hkc"",""cpu_m"":194,""mem_b"":805460200,""priority"":""3"",""node"":""kwok-node-23""},{""name"":""rs-10-p4-7d6md"",""cpu_m"":167,""mem_b"":956793545,""priority"":""4"",""node"":""kwok-node-25""},{""name"":""rs-10-p4-fkkrv"",""cpu_m"":167,""mem_b"":956793545,""priority"":""4"",""node"":""kwok-node-24""},{""name"":""rs-10-p4-ggj84"",""cpu_m"":167,""mem_b"":956793545,""priority"":""4"",""node"":""kwok-node-22""},{""name"":""rs-10-p4-qkvff"",""cpu_m"":167,""mem_b"":956793545,""priority"":""4"",""node"":""kwok-node-28""},{""name"":""rs-11-p3-f7vcv"",""cpu_m"":436,""mem_b"":775443213,""priority"":""3"",""node"":""kwok-node-16""},{""name"":""rs-11-p3-ggv8m"",""cpu_m"":436,""mem_b"":775443213,""priority"":""3"",""node"":""kwok-node-11""},{""name"":""rs-11-p3-mvsvr"",""cpu_m"":436,""mem_b"":775443213,""priority"":""3"",""node"":""kwok-node-18""},{""name"":""rs-11-p3-w6b82"",""cpu_m"":436,""mem_b"":775443213,""priority"":""3"",""node"":""kwok-node-14""},{""name"":""rs-12-p1-j57j4"",""cpu_m"":448,""mem_b"":675371849,""priority"":""1"",""node"":""""},{""name"":""rs-12-p1-lsqv8"",""cpu_m"":448,""mem_b"":675371849,""priority"":""1"",""node"":""""},{""name"":""rs-12-p1-rq6ds"",""cpu_m"":448,""mem_b"":675371849,""priority"":""1"",""node"":""kwok-node-12""},{""name"":""rs-12-p1-w6dbw"",""cpu_m"":448,""mem_b"":675371849,""priority"":""1"",""node"":""kwok-node-29""},{""name"":""rs-13-p1-dj9cr"",""cpu_m"":330,""mem_b"":604237030,""priority"":""1"",""node"":""kwok-node-25""},{""name"":""rs-14-p3-kpxrt"",""cpu_m"":678,""mem_b"":502439384,""priority"":""3"",""node"":""kwok-node-6""},{""name"":""rs-14-p3-z8l9h"",""cpu_m"":678,""mem_b"":502439384,""priority"":""3"",""node"":""kwok-node-5""},{""name"":""rs-15-p1-b7gd5"",""cpu_m"":370,""mem_b"":525632046,""priority"":""1"",""node"":""kwok-node-2""},{""name"":""rs-15-p1-p6jdg"",""cpu_m"":370,""mem_b"":525632046,""priority"":""1"",""node"":""kwok-node-19""},{""name"":""rs-16-p1-l27nt"",""cpu_m"":197,""mem_b"":265408812,""priority"":""1"",""node"":""kwok-node-9""},{""name"":""rs-17-p2-5l5mb"",""cpu_m"":783,""mem_b"":820569699,""priority"":""2"",""node"":""kwok-node-4""},{""name"":""rs-17-p2-k48k9"",""cpu_m"":783,""mem_b"":820569699,""priority"":""2"",""node"":""kwok-node-7""},{""name"":""rs-17-p2-kgc5q"",""cpu_m"":783,""mem_b"":820569699,""priority"":""2"",""node"":""kwok-node-9""},{""name"":""rs-17-p2-kzwjm"",""cpu_m"":783,""mem_b"":820569699,""priority"":""2"",""node"":""kwok-node-8""},{""name"":""rs-18-p1-4zkfk"",""cpu_m"":461,""mem_b"":918794843,""priority"":""1"",""node"":""kwok-node-16""},{""name"":""rs-18-p1-h8hwl"",""cpu_m"":461,""mem_b"":918794843,""priority"":""1"",""node"":""""},{""name"":""rs-18-p1-jx27g"",""cpu_m"":461,""mem_b"":918794843,""priority"":""1"",""node"":""""},{""name"":""rs-19-p4-65f7d"",""cpu_m"":425,""mem_b"":300425819,""priority"":""4"",""node"":""kwok-node-17""},{""name"":""rs-19-p4-cg7j2"",""cpu_m"":425,""mem_b"":300425819,""priority"":""4"",""node"":""kwok-node-12""},{""name"":""rs-19-p4-z7xz2"",""cpu_m"":425,""mem_b"":300425819,""priority"":""4"",""node"":""kwok-node-13""},{""name"":""rs-20-p1-6fnpk"",""cpu_m"":479,""mem_b"":698985997,""priority"":""1"",""node"":""kwok-node-23""},{""name"":""rs-21-p4-khx69"",""cpu_m"":385,""mem_b"":921220172,""priority"":""4"",""node"":""kwok-node-2""},{""name"":""rs-21-p4-ntj2j"",""cpu_m"":385,""mem_b"":921220172,""priority"":""4"",""node"":""kwok-node-29""},{""name"":""rs-21-p4-xs249"",""cpu_m"":385,""mem_b"":921220172,""priority"":""4"",""node"":""kwok-node-3""},{""name"":""rs-22-p2-m9gqj"",""cpu_m"":215,""mem_b"":584331525,""priority"":""2"",""node"":""kwok-node-20""},{""name"":""rs-22-p2-nq4nf"",""cpu_m"":215,""mem_b"":584331525,""priority"":""2"",""node"":""kwok-node-19""},{""name"":""rs-23-p2-29bdx"",""cpu_m"":920,""mem_b"":651484882,""priority"":""2"",""node"":""kwok-node-21""},{""name"":""rs-23-p2-6cfx9"",""cpu_m"":920,""mem_b"":651484882,""priority"":""2"",""node"":""kwok-node-27""},{""name"":""rs-23-p2-rprmx"",""cpu_m"":920,""mem_b"":651484882,""priority"":""2"",""node"":""kwok-node-26""},{""name"":""rs-23-p2-v5577"",""cpu_m"":920,""mem_b"":651484882,""priority"":""2"",""node"":""kwok-node-23""},{""name"":""rs-24-p2-kt526"",""cpu_m"":258,""mem_b"":616179737,""priority"":""2"",""node"":""kwok-node-30""},{""name"":""rs-24-p2-pc7kn"",""cpu_m"":258,""mem_b"":616179737,""priority"":""2"",""node"":""kwok-node-31""},{""name"":""rs-25-p3-8gbzp"",""cpu_m"":687,""mem_b"":931297037,""priority"":""3"",""node"":""kwok-node-32""},{""name"":""rs-25-p3-kxqgn"",""cpu_m"":687,""mem_b"":931297037,""priority"":""3"",""node"":""kwok-node-7""},{""name"":""rs-25-p3-qrgwl"",""cpu_m"":687,""mem_b"":931297037,""priority"":""3"",""node"":""kwok-node-9""},{""name"":""rs-26-p3-dvxw8"",""cpu_m"":894,""mem_b"":696113290,""priority"":""3"",""node"":""kwok-node-28""},{""name"":""rs-27-p4-7pnvw"",""cpu_m"":486,""mem_b"":371458582,""priority"":""4"",""node"":""kwok-node-12""},{""name"":""rs-27-p4-hq8xp"",""cpu_m"":486,""mem_b"":371458582,""priority"":""4"",""node"":""kwok-node-15""},{""name"":""rs-27-p4-kmkp9"",""cpu_m"":486,""mem_b"":371458582,""priority"":""4"",""node"":""kwok-node-17""},{""name"":""rs-27-p4-xfs2g"",""cpu_m"":486,""mem_b"":371458582,""priority"":""4"",""node"":""kwok-node-13""},{""name"":""rs-28-p4-8kllf"",""cpu_m"":462,""mem_b"":293052325,""priority"":""4"",""node"":""kwok-node-24""},{""name"":""rs-28-p4-c8qfv"",""cpu_m"":462,""mem_b"":293052325,""priority"":""4"",""node"":""kwok-node-25""},{""name"":""rs-29-p3-j95bv"",""cpu_m"":778,""mem_b"":287223924,""priority"":""3"",""node"":""kwok-node-11""},{""name"":""rs-29-p3-kljn4"",""cpu_m"":778,""mem_b"":287223924,""priority"":""3"",""node"":""kwok-node-22""},{""name"":""rs-30-p1-55g5r"",""cpu_m"":119,""mem_b"":988602695,""priority"":""1"",""node"":""kwok-node-8""},{""name"":""rs-30-p1-92vnd"",""cpu_m"":119,""mem_b"":988602695,""priority"":""1"",""node"":""kwok-node-32""},{""name"":""rs-30-p1-fvnrw"",""cpu_m"":119,""mem_b"":988602695,""priority"":""1"",""node"":""""},{""name"":""rs-30-p1-wfccf"",""cpu_m"":119,""mem_b"":988602695,""priority"":""1"",""node"":""kwok-node-10""},{""name"":""rs-31-p4-2gh92"",""cpu_m"":771,""mem_b"":417471859,""priority"":""4"",""node"":""kwok-node-18""},{""name"":""rs-31-p4-gfvp4"",""cpu_m"":771,""mem_b"":417471859,""priority"":""4"",""node"":""kwok-node-19""},{""name"":""rs-31-p4-qwvbh"",""cpu_m"":771,""mem_b"":417471859,""priority"":""4"",""node"":""kwok-node-14""},{""name"":""rs-31-p4-sbhzg"",""cpu_m"":771,""mem_b"":417471859,""priority"":""4"",""node"":""kwok-node-20""},{""name"":""rs-32-p2-jq8q4"",""cpu_m"":758,""mem_b"":831481301,""priority"":""2"",""node"":""kwok-node-31""},{""name"":""rs-32-p2-kp6hc"",""cpu_m"":758,""mem_b"":831481301,""priority"":""2"",""node"":""kwok-node-30""},{""name"":""rs-32-p2-ssshn"",""cpu_m"":758,""mem_b"":831481301,""priority"":""2"",""node"":""kwok-node-13""},{""name"":""rs-33-p1-4tgmx"",""cpu_m"":594,""mem_b"":786508648,""priority"":""1"",""node"":""""},{""name"":""rs-33-p1-fnzd8"",""cpu_m"":594,""mem_b"":786508648,""priority"":""1"",""node"":""""},{""name"":""rs-33-p1-n2vvv"",""cpu_m"":594,""mem_b"":786508648,""priority"":""1"",""node"":""""},{""name"":""rs-34-p1-k2jhh"",""cpu_m"":275,""mem_b"":481452318,""priority"":""1"",""node"":""kwok-node-12""},{""name"":""rs-34-p1-lbbrk"",""cpu_m"":275,""mem_b"":481452318,""priority"":""1"",""node"":""kwok-node-27""},{""name"":""rs-35-p1-4bgpq"",""cpu_m"":871,""mem_b"":326639188,""priority"":""1"",""node"":""""},{""name"":""rs-35-p1-4fgxk"",""cpu_m"":871,""mem_b"":326639188,""priority"":""1"",""node"":""""},{""name"":""rs-35-p1-lvx5v"",""cpu_m"":871,""mem_b"":326639188,""priority"":""1"",""node"":""""},{""name"":""rs-36-p1-j68tf"",""cpu_m"":496,""mem_b"":965942290,""priority"":""1"",""node"":""kwok-node-1""},{""name"":""rs-37-p3-n8qwt"",""cpu_m"":513,""mem_b"":104135619,""priority"":""3"",""node"":""kwok-node-22""},{""name"":""rs-37-p3-qdv8m"",""cpu_m"":513,""mem_b"":104135619,""priority"":""3"",""node"":""kwok-node-3""},{""name"":""rs-37-p3-s4gkv"",""cpu_m"":513,""mem_b"":104135619,""priority"":""3"",""node"":""kwok-node-28""},{""name"":""rs-38-p4-mtchj"",""cpu_m"":260,""mem_b"":666337218,""priority"":""4"",""node"":""kwok-node-11""},{""name"":""rs-39-p4-625s5"",""cpu_m"":794,""mem_b"":231782113,""priority"":""4"",""node"":""kwok-node-25""},{""name"":""rs-39-p4-82bhj"",""cpu_m"":794,""mem_b"":231782113,""priority"":""4"",""node"":""kwok-node-32""},{""name"":""rs-39-p4-c2jpb"",""cpu_m"":794,""mem_b"":231782113,""priority"":""4"",""node"":""kwok-node-10""},{""name"":""rs-39-p4-g9vn2"",""cpu_m"":794,""mem_b"":231782113,""priority"":""4"",""node"":""kwok-node-8""},{""name"":""rs-40-p4-225l5"",""cpu_m"":809,""mem_b"":573556598,""priority"":""4"",""node"":""kwok-node-17""},{""name"":""rs-40-p4-5jlcs"",""cpu_m"":809,""mem_b"":573556598,""priority"":""4"",""node"":""kwok-node-29""},{""name"":""rs-40-p4-f77fz"",""cpu_m"":809,""mem_b"":573556598,""priority"":""4"",""node"":""kwok-node-4""},{""name"":""rs-40-p4-srt2b"",""cpu_m"":809,""mem_b"":573556598,""priority"":""4"",""node"":""kwok-node-31""},{""name"":""rs-41-p4-gmgxr"",""cpu_m"":100,""mem_b"":893033906,""priority"":""4"",""node"":""kwok-node-6""},{""name"":""rs-41-p4-h4flg"",""cpu_m"":100,""mem_b"":893033906,""priority"":""4"",""node"":""kwok-node-5""},{""name"":""rs-41-p4-ncs4f"",""cpu_m"":100,""mem_b"":893033906,""priority"":""4"",""node"":""kwok-node-17""},{""name"":""rs-41-p4-phxf7"",""cpu_m"":100,""mem_b"":893033906,""priority"":""4"",""node"":""kwok-node-3""},{""name"":""rs-42-p1-x54jw"",""cpu_m"":907,""mem_b"":950390372,""priority"":""1"",""node"":""""},{""name"":""rs-43-p1-nnzqr"",""cpu_m"":819,""mem_b"":190556794,""priority"":""1"",""node"":""""},{""name"":""rs-43-p1-t2pph"",""cpu_m"":819,""mem_b"":190556794,""priority"":""1"",""node"":""kwok-node-3""},{""name"":""rs-44-p4-8xl9v"",""cpu_m"":196,""mem_b"":526852999,""priority"":""4"",""node"":""kwok-node-4""},{""name"":""rs-44-p4-dzpxh"",""cpu_m"":196,""mem_b"":526852999,""priority"":""4"",""node"":""kwok-node-6""},{""name"":""rs-44-p4-pm5wk"",""cpu_m"":196,""mem_b"":526852999,""priority"":""4"",""node"":""kwok-node-5""},{""name"":""rs-45-p1-j25xg"",""cpu_m"":827,""mem_b"":245849938,""priority"":""1"",""node"":""kwok-node-30""},{""name"":""rs-45-p1-l9sxc"",""cpu_m"":827,""mem_b"":245849938,""priority"":""1"",""node"":""kwok-node-5""},{""name"":""rs-45-p1-q5vm7"",""cpu_m"":827,""mem_b"":245849938,""priority"":""1"",""node"":""kwok-node-6""},{""name"":""rs-46-p2-khvw6"",""cpu_m"":355,""mem_b"":259063288,""priority"":""2"",""node"":""kwok-node-21""},{""name"":""rs-46-p2-z4dnq"",""cpu_m"":355,""mem_b"":259063288,""priority"":""2"",""node"":""kwok-node-26""},{""name"":""rs-47-p4-92rkl"",""cpu_m"":925,""mem_b"":580182605,""priority"":""4"",""node"":""kwok-node-24""},{""name"":""rs-47-p4-ndcpc"",""cpu_m"":925,""mem_b"":580182605,""priority"":""4"",""node"":""kwok-node-15""},{""name"":""rs-47-p4-sn8sz"",""cpu_m"":925,""mem_b"":580182605,""priority"":""4"",""node"":""kwok-node-1""},{""name"":""rs-47-p4-zf9rk"",""cpu_m"":925,""mem_b"":580182605,""priority"":""4"",""node"":""kwok-node-10""},{""name"":""rs-48-p1-zd8tk"",""cpu_m"":982,""mem_b"":525857728,""priority"":""1"",""node"":""""}]","[{""name"":""rs-01-p2-mlwtg"",""cpu_m"":550,""mem_b"":194695846,""priority"":""2"",""node"":""kwok-node-16""},{""name"":""rs-02-p2-29k7b"",""cpu_m"":185,""mem_b"":453394672,""priority"":""2"",""node"":""kwok-node-18""},{""name"":""rs-02-p2-4m4r4"",""cpu_m"":185,""mem_b"":453394672,""priority"":""2"",""node"":""kwok-node-14""},{""name"":""rs-02-p2-p49rs"",""cpu_m"":185,""mem_b"":453394672,""priority"":""2"",""node"":""kwok-node-15""},{""name"":""rs-03-p4-7j2sg"",""cpu_m"":113,""mem_b"":346113354,""priority"":""4"",""node"":""kwok-node-11""},{""name"":""rs-04-p1-5zw6k"",""cpu_m"":130,""mem_b"":626032509,""priority"":""1"",""node"":""kwok-node-12""},{""name"":""rs-04-p1-d7wct"",""cpu_m"":130,""mem_b"":626032509,""priority"":""1"",""node"":""kwok-node-10""},{""name"":""rs-04-p1-jfvl4"",""cpu_m"":130,""mem_b"":626032509,""priority"":""1"",""node"":""kwok-node-13""},{""name"":""rs-04-p1-wzz5z"",""cpu_m"":130,""mem_b"":626032509,""priority"":""1"",""node"":""kwok-node-17""},{""name"":""rs-05-p1-cmtdf"",""cpu_m"":241,""mem_b"":131793992,""priority"":""1"",""node"":""kwok-node-20""},{""name"":""rs-05-p1-h68s9"",""cpu_m"":241,""mem_b"":131793992,""priority"":""1"",""node"":""kwok-node-19""},{""name"":""rs-05-p1-hk6q4"",""cpu_m"":241,""mem_b"":131793992,""priority"":""1"",""node"":""kwok-node-1""},{""name"":""rs-06-p2-86hcf"",""cpu_m"":113,""mem_b"":537389283,""priority"":""2"",""node"":""kwok-node-19""},{""name"":""rs-06-p2-fm55j"",""cpu_m"":113,""mem_b"":537389283,""priority"":""2"",""node"":""kwok-node-20""},{""name"":""rs-06-p2-gfrjw"",""cpu_m"":113,""mem_b"":537389283,""priority"":""2"",""node"":""kwok-node-1""},{""name"":""rs-06-p2-gj8hv"",""cpu_m"":113,""mem_b"":537389283,""priority"":""2"",""node"":""kwok-node-2""},{""name"":""rs-07-p2-d47ss"",""cpu_m"":776,""mem_b"":131974229,""priority"":""2"",""node"":""kwok-node-2""},{""name"":""rs-08-p1-2tjtj"",""cpu_m"":147,""mem_b"":130810564,""priority"":""1"",""node"":""kwok-node-24""},{""name"":""rs-08-p1-h74gf"",""cpu_m"":147,""mem_b"":130810564,""priority"":""1"",""node"":""kwok-node-25""},{""name"":""rs-08-p1-ss54x"",""cpu_m"":147,""mem_b"":130810564,""priority"":""1"",""node"":""kwok-node-22""},{""name"":""rs-09-p3-2jpps"",""cpu_m"":194,""mem_b"":805460200,""priority"":""3"",""node"":""kwok-node-27""},{""name"":""rs-09-p3-7q8pb"",""cpu_m"":194,""mem_b"":805460200,""priority"":""3"",""node"":""kwok-node-26""},{""name"":""rs-09-p3-9prkb"",""cpu_m"":194,""mem_b"":805460200,""priority"":""3"",""node"":""kwok-node-21""},{""name"":""rs-09-p3-g6hkc"",""cpu_m"":194,""mem_b"":805460200,""priority"":""3"",""node"":""kwok-node-23""},{""name"":""rs-10-p4-7d6md"",""cpu_m"":167,""mem_b"":956793545,""priority"":""4"",""node"":""kwok-node-25""},{""name"":""rs-10-p4-fkkrv"",""cpu_m"":167,""mem_b"":956793545,""priority"":""4"",""node"":""kwok-node-24""},{""name"":""rs-10-p4-ggj84"",""cpu_m"":167,""mem_b"":956793545,""priority"":""4"",""node"":""kwok-node-22""},{""name"":""rs-10-p4-qkvff"",""cpu_m"":167,""mem_b"":956793545,""priority"":""4"",""node"":""kwok-node-28""},{""name"":""rs-11-p3-f7vcv"",""cpu_m"":436,""mem_b"":775443213,""priority"":""3"",""node"":""kwok-node-16""},{""name"":""rs-11-p3-ggv8m"",""cpu_m"":436,""mem_b"":775443213,""priority"":""3"",""node"":""kwok-node-11""},{""name"":""rs-11-p3-mvsvr"",""cpu_m"":436,""mem_b"":775443213,""priority"":""3"",""node"":""kwok-node-18""},{""name"":""rs-11-p3-w6b82"",""cpu_m"":436,""mem_b"":775443213,""priority"":""3"",""node"":""kwok-node-14""},{""name"":""rs-12-p1-2hmwn"",""cpu_m"":448,""mem_b"":675371849,""priority"":""1"",""node"":""kwok-node-29""},{""name"":""rs-12-p1-jzmtn"",""cpu_m"":448,""mem_b"":675371849,""priority"":""1"",""node"":""kwok-node-30""},{""name"":""rs-12-p1-tpf4d"",""cpu_m"":448,""mem_b"":675371849,""priority"":""1"",""node"":""kwok-node-31""},{""name"":""rs-12-p1-xls22"",""cpu_m"":448,""mem_b"":675371849,""priority"":""1"",""node"":""kwok-node-3""},{""name"":""rs-13-p1-wzj8p"",""cpu_m"":330,""mem_b"":604237030,""priority"":""1"",""node"":""kwok-node-4""},{""name"":""rs-14-p3-kpxrt"",""cpu_m"":678,""mem_b"":502439384,""priority"":""3"",""node"":""kwok-node-6""},{""name"":""rs-14-p3-z8l9h"",""cpu_m"":678,""mem_b"":502439384,""priority"":""3"",""node"":""kwok-node-5""},{""name"":""rs-15-p1-cfnd5"",""cpu_m"":370,""mem_b"":525632046,""priority"":""1"",""node"":""kwok-node-15""},{""name"":""rs-15-p1-ps6t9"",""cpu_m"":370,""mem_b"":525632046,""priority"":""1"",""node"":""kwok-node-32""},{""name"":""rs-16-p1-2skhw"",""cpu_m"":197,""mem_b"":265408812,""priority"":""1"",""node"":""kwok-node-32""},{""name"":""rs-17-p2-5l5mb"",""cpu_m"":783,""mem_b"":820569699,""priority"":""2"",""node"":""kwok-node-4""},{""name"":""rs-17-p2-k48k9"",""cpu_m"":783,""mem_b"":820569699,""priority"":""2"",""node"":""kwok-node-7""},{""name"":""rs-17-p2-kgc5q"",""cpu_m"":783,""mem_b"":820569699,""priority"":""2"",""node"":""kwok-node-9""},{""name"":""rs-17-p2-kzwjm"",""cpu_m"":783,""mem_b"":820569699,""priority"":""2"",""node"":""kwok-node-8""},{""name"":""rs-18-p1-25lcq"",""cpu_m"":461,""mem_b"":918794843,""priority"":""1"",""node"":""kwok-node-6""},{""name"":""rs-18-p1-pnxgx"",""cpu_m"":461,""mem_b"":918794843,""priority"":""1"",""node"":""kwok-node-5""},{""name"":""rs-18-p1-v6xm9"",""cpu_m"":461,""mem_b"":918794843,""priority"":""1"",""node"":""kwok-node-10""},{""name"":""rs-19-p4-65f7d"",""cpu_m"":425,""mem_b"":300425819,""priority"":""4"",""node"":""kwok-node-17""},{""name"":""rs-19-p4-cg7j2"",""cpu_m"":425,""mem_b"":300425819,""priority"":""4"",""node"":""kwok-node-12""},{""name"":""rs-19-p4-z7xz2"",""cpu_m"":425,""mem_b"":300425819,""priority"":""4"",""node"":""kwok-node-13""},{""name"":""rs-20-p1-lw2nk"",""cpu_m"":479,""mem_b"":698985997,""priority"":""1"",""node"":""kwok-node-1""},{""name"":""rs-21-p4-khx69"",""cpu_m"":385,""mem_b"":921220172,""priority"":""4"",""node"":""kwok-node-2""},{""name"":""rs-21-p4-ntj2j"",""cpu_m"":385,""mem_b"":921220172,""priority"":""4"",""node"":""kwok-node-29""},{""name"":""rs-21-p4-xs249"",""cpu_m"":385,""mem_b"":921220172,""priority"":""4"",""node"":""kwok-node-3""},{""name"":""rs-22-p2-m9gqj"",""cpu_m"":215,""mem_b"":584331525,""priority"":""2"",""node"":""kwok-node-20""},{""name"":""rs-22-p2-nq4nf"",""cpu_m"":215,""mem_b"":584331525,""priority"":""2"",""node"":""kwok-node-19""},{""name"":""rs-23-p2-29bdx"",""cpu_m"":920,""mem_b"":651484882,""priority"":""2"",""node"":""kwok-node-21""},{""name"":""rs-23-p2-6cfx9"",""cpu_m"":920,""mem_b"":651484882,""priority"":""2"",""node"":""kwok-node-27""},{""name"":""rs-23-p2-rprmx"",""cpu_m"":920,""mem_b"":651484882,""priority"":""2"",""node"":""kwok-node-26""},{""name"":""rs-23-p2-v5577"",""cpu_m"":920,""mem_b"":651484882,""priority"":""2"",""node"":""kwok-node-23""},{""name"":""rs-24-p2-kt526"",""cpu_m"":258,""mem_b"":616179737,""priority"":""2"",""node"":""kwok-node-30""},{""name"":""rs-24-p2-pc7kn"",""cpu_m"":258,""mem_b"":616179737,""priority"":""2"",""node"":""kwok-node-31""},{""name"":""rs-25-p3-8gbzp"",""cpu_m"":687,""mem_b"":931297037,""priority"":""3"",""node"":""kwok-node-32""},{""name"":""rs-25-p3-kxqgn"",""cpu_m"":687,""mem_b"":931297037,""priority"":""3"",""node"":""kwok-node-7""},{""name"":""rs-25-p3-qrgwl"",""cpu_m"":687,""mem_b"":931297037,""priority"":""3"",""node"":""kwok-node-9""},{""name"":""rs-26-p3-dvxw8"",""cpu_m"":894,""mem_b"":696113290,""priority"":""3"",""node"":""kwok-node-28""},{""name"":""rs-27-p4-7pnvw"",""cpu_m"":486,""mem_b"":371458582,""priority"":""4"",""node"":""kwok-node-12""},{""name"":""rs-27-p4-hq8xp"",""cpu_m"":486,""mem_b"":371458582,""priority"":""4"",""node"":""kwok-node-15""},{""name"":""rs-27-p4-kmkp9"",""cpu_m"":486,""mem_b"":371458582,""priority"":""4"",""node"":""kwok-node-17""},{""name"":""rs-27-p4-xfs2g"",""cpu_m"":486,""mem_b"":371458582,""priority"":""4"",""node"":""kwok-node-13""},{""name"":""rs-28-p4-8kllf"",""cpu_m"":462,""mem_b"":293052325,""priority"":""4"",""node"":""kwok-node-24""},{""name"":""rs-28-p4-c8qfv"",""cpu_m"":462,""mem_b"":293052325,""priority"":""4"",""node"":""kwok-node-25""},{""name"":""rs-29-p3-j95bv"",""cpu_m"":778,""mem_b"":287223924,""priority"":""3"",""node"":""kwok-node-11""},{""name"":""rs-29-p3-kljn4"",""cpu_m"":778,""mem_b"":287223924,""priority"":""3"",""node"":""kwok-node-22""},{""name"":""rs-30-p1-55g5r"",""cpu_m"":119,""mem_b"":988602695,""priority"":""1"",""node"":""kwok-node-8""},{""name"":""rs-30-p1-92vnd"",""cpu_m"":119,""mem_b"":988602695,""priority"":""1"",""node"":""""},{""name"":""rs-30-p1-lq6dv"",""cpu_m"":119,""mem_b"":988602695,""priority"":""1"",""node"":""kwok-node-16""},{""name"":""rs-30-p1-wfccf"",""cpu_m"":119,""mem_b"":988602695,""priority"":""1"",""node"":""""},{""name"":""rs-31-p4-2gh92"",""cpu_m"":771,""mem_b"":417471859,""priority"":""4"",""node"":""kwok-node-18""},{""name"":""rs-31-p4-gfvp4"",""cpu_m"":771,""mem_b"":417471859,""priority"":""4"",""node"":""kwok-node-19""},{""name"":""rs-31-p4-qwvbh"",""cpu_m"":771,""mem_b"":417471859,""priority"":""4"",""node"":""kwok-node-14""},{""name"":""rs-31-p4-sbhzg"",""cpu_m"":771,""mem_b"":417471859,""priority"":""4"",""node"":""kwok-node-20""},{""name"":""rs-32-p2-jq8q4"",""cpu_m"":758,""mem_b"":831481301,""priority"":""2"",""node"":""kwok-node-31""},{""name"":""rs-32-p2-kp6hc"",""cpu_m"":758,""mem_b"":831481301,""priority"":""2"",""node"":""kwok-node-30""},{""name"":""rs-32-p2-ssshn"",""cpu_m"":758,""mem_b"":831481301,""priority"":""2"",""node"":""kwok-node-13""},{""name"":""rs-33-p1-98c6s"",""cpu_m"":594,""mem_b"":786508648,""priority"":""1"",""node"":""kwok-node-17""},{""name"":""rs-33-p1-dpkrq"",""cpu_m"":594,""mem_b"":786508648,""priority"":""1"",""node"":""kwok-node-12""},{""name"":""rs-33-p1-wmjhb"",""cpu_m"":594,""mem_b"":786508648,""priority"":""1"",""node"":""kwok-node-15""},{""name"":""rs-34-p1-9dz76"",""cpu_m"":275,""mem_b"":481452318,""priority"":""1"",""node"":""kwok-node-1""},{""name"":""rs-34-p1-bk4fp"",""cpu_m"":275,""mem_b"":481452318,""priority"":""1"",""node"":""kwok-node-25""},{""name"":""rs-35-p1-5h4pt"",""cpu_m"":871,""mem_b"":326639188,""priority"":""1"",""node"":""kwok-node-10""},{""name"":""rs-35-p1-b45fc"",""cpu_m"":871,""mem_b"":326639188,""priority"":""1"",""node"":""kwok-node-24""},{""name"":""rs-35-p1-vx57w"",""cpu_m"":871,""mem_b"":326639188,""priority"":""1"",""node"":""kwok-node-29""},{""name"":""rs-36-p1-j68tf"",""cpu_m"":496,""mem_b"":965942290,""priority"":""1"",""node"":""""},{""name"":""rs-37-p3-n8qwt"",""cpu_m"":513,""mem_b"":104135619,""priority"":""3"",""node"":""kwok-node-22""},{""name"":""rs-37-p3-qdv8m"",""cpu_m"":513,""mem_b"":104135619,""priority"":""3"",""node"":""kwok-node-3""},{""name"":""rs-37-p3-s4gkv"",""cpu_m"":513,""mem_b"":104135619,""priority"":""3"",""node"":""kwok-node-28""},{""name"":""rs-38-p4-mtchj"",""cpu_m"":260,""mem_b"":666337218,""priority"":""4"",""node"":""kwok-node-11""},{""name"":""rs-39-p4-625s5"",""cpu_m"":794,""mem_b"":231782113,""priority"":""4"",""node"":""kwok-node-25""},{""name"":""rs-39-p4-82bhj"",""cpu_m"":794,""mem_b"":231782113,""priority"":""4"",""node"":""""},{""name"":""rs-39-p4-c2jpb"",""cpu_m"":794,""mem_b"":231782113,""priority"":""4"",""node"":""""},{""name"":""rs-39-p4-g9vn2"",""cpu_m"":794,""mem_b"":231782113,""priority"":""4"",""node"":""kwok-node-8""},{""name"":""rs-40-p4-225l5"",""cpu_m"":809,""mem_b"":573556598,""priority"":""4"",""node"":""""},{""name"":""rs-40-p4-5jlcs"",""cpu_m"":809,""mem_b"":573556598,""priority"":""4"",""node"":""""},{""name"":""rs-40-p4-f77fz"",""cpu_m"":809,""mem_b"":573556598,""priority"":""4"",""node"":""""},{""name"":""rs-40-p4-srt2b"",""cpu_m"":809,""mem_b"":573556598,""priority"":""4"",""node"":""""},{""name"":""rs-41-p4-gmgxr"",""cpu_m"":100,""mem_b"":893033906,""priority"":""4"",""node"":""""},{""name"":""rs-41-p4-h4flg"",""cpu_m"":100,""mem_b"":893033906,""priority"":""4"",""node"":""""},{""name"":""rs-41-p4-ncs4f"",""cpu_m"":100,""mem_b"":893033906,""priority"":""4"",""node"":""""},{""name"":""rs-41-p4-phxf7"",""cpu_m"":100,""mem_b"":893033906,""priority"":""4"",""node"":""""},{""name"":""rs-42-p1-x54jw"",""cpu_m"":907,""mem_b"":950390372,""priority"":""1"",""node"":""""},{""name"":""rs-43-p1-nnzqr"",""cpu_m"":819,""mem_b"":190556794,""priority"":""1"",""node"":""""},{""name"":""rs-43-p1-t2pph"",""cpu_m"":819,""mem_b"":190556794,""priority"":""1"",""node"":""""},{""name"":""rs-44-p4-8xl9v"",""cpu_m"":196,""mem_b"":526852999,""priority"":""4"",""node"":""kwok-node-4""},{""name"":""rs-44-p4-dzpxh"",""cpu_m"":196,""mem_b"":526852999,""priority"":""4"",""node"":""kwok-node-6""},{""name"":""rs-44-p4-pm5wk"",""cpu_m"":196,""mem_b"":526852999,""priority"":""4"",""node"":""kwok-node-5""},{""name"":""rs-45-p1-j25xg"",""cpu_m"":827,""mem_b"":245849938,""priority"":""1"",""node"":""""},{""name"":""rs-45-p1-l9sxc"",""cpu_m"":827,""mem_b"":245849938,""priority"":""1"",""node"":""""},{""name"":""rs-45-p1-q5vm7"",""cpu_m"":827,""mem_b"":245849938,""priority"":""1"",""node"":""""},{""name"":""rs-46-p2-khvw6"",""cpu_m"":355,""mem_b"":259063288,""priority"":""2"",""node"":""kwok-node-21""},{""name"":""rs-46-p2-z4dnq"",""cpu_m"":355,""mem_b"":259063288,""priority"":""2"",""node"":""kwok-node-26""},{""name"":""rs-47-p4-92rkl"",""cpu_m"":925,""mem_b"":580182605,""priority"":""4"",""node"":""""},{""name"":""rs-47-p4-ndcpc"",""cpu_m"":925,""mem_b"":580182605,""priority"":""4"",""node"":""""},{""name"":""rs-47-p4-sn8sz"",""cpu_m"":925,""mem_b"":580182605,""priority"":""4"",""node"":""""},{""name"":""rs-47-p4-zf9rk"",""cpu_m"":925,""mem_b"":580182605,""priority"":""4"",""node"":""""},{""name"":""rs-48-p1-zd8tk"",""cpu_m"":982,""mem_b"":525857728,""priority"":""1"",""node"":""""}]","[{""name"":""kwok-node-1"",""cap_cpu_m"":1847,""cap_mem_bytes"":2171787720},{""name"":""kwok-node-2"",""cap_cpu_m"":1847,""cap_mem_bytes"":2171787720},{""name"":""kwok-node-3"",""cap_cpu_m"":1847,""cap_mem_bytes"":2171787720},{""name"":""kwok-node-4"",""cap_cpu_m"":1847,""cap_mem_bytes"":2171787720},{""name"":""kwok-node-5"",""cap_cpu_m"":1847,""cap_mem_bytes"":2171787720},{""name"":""kwok-node-6"",""cap_cpu_m"":1847,""cap_mem_bytes"":2171787720},{""name"":""kwok-node-7"",""cap_cpu_m"":1847,""cap_mem_bytes"":2171787720},{""name"":""kwok-node-8"",""cap_cpu_m"":1847,""cap_mem_bytes"":2171787720},{""name"":""kwok-node-9"",""cap_cpu_m"":1847,""cap_mem_bytes"":2171787720},{""name"":""kwok-node-10"",""cap_cpu_m"":1847,""cap_mem_bytes"":2171787720},{""name"":""kwok-node-11"",""cap_cpu_m"":1847,""cap_mem_bytes"":2171787720},{""name"":""kwok-node-12"",""cap_cpu_m"":1847,""cap_mem_bytes"":2171787720},{""name"":""kwok-node-13"",""cap_cpu_m"":1847,""cap_mem_bytes"":2171787720},{""name"":""kwok-node-14"",""cap_cpu_m"":1847,""cap_mem_bytes"":2171787720},{""name"":""kwok-node-15"",""cap_cpu_m"":1847,""cap_mem_bytes"":2171787720},{""name"":""kwok-node-16"",""cap_cpu_m"":1847,""cap_mem_bytes"":2171787720},{""name"":""kwok-node-17"",""cap_cpu_m"":1847,""cap_mem_bytes"":2171787720},{""name"":""kwok-node-18"",""cap_cpu_m"":1847,""cap_mem_bytes"":2171787720},{""name"":""kwok-node-19"",""cap_cpu_m"":1847,""cap_mem_bytes"":2171787720},{""name"":""kwok-node-20"",""cap_cpu_m"":1847,""cap_mem_bytes"":2171787720},{""name"":""kwok-node-21"",""cap_cpu_m"":1847,""cap_mem_bytes"":2171787720},{""name"":""kwok-node-22"",""cap_cpu_m"":1847,""cap_mem_bytes"":2171787720},{""name"":""kwok-node-23"",""cap_cpu_m"":1847,""cap_mem_bytes"":2171787720},{""name"":""kwok-node-24"",""cap_cpu_m"":1847,""cap_mem_bytes"":2171787720},{""name"":""kwok-node-25"",""cap_cpu_m"":1847,""cap_mem_bytes"":2171787720},{""name"":""kwok-node-26"",""cap_cpu_m"":1847,""cap_mem_bytes"":2171787720},{""name"":""kwok-node-27"",""cap_cpu_m"":1847,""cap_mem_bytes"":2171787720},{""name"":""kwok-node-28"",""cap_cpu_m"":1847,""cap_mem_bytes"":2171787720},{""name"":""kwok-node-29"",""cap_cpu_m"":1847,""cap_mem_bytes"":2171787720},{""name"":""kwok-node-30"",""cap_cpu_m"":1847,""cap_mem_bytes"":2171787720},{""name"":""kwok-node-31"",""cap_cpu_m"":1847,""cap_mem_bytes"":2171787720},{""name"":""kwok-node-32"",""cap_cpu_m"":1847,""cap_mem_bytes"":2171787720}]"
2026/02/11/12:21:11,3712956461027657442,,"{""evicted"":0,""moved"":0,""placed_by_priority"":{""1"":23,""2"":22,""3"":31,""4"":33}}",python,"{""evicted"":14,""moved"":17,""placed_by_priority"":{""1"":9,""2"":26,""3"":37,""4"":42}}",968,FEASIBLE,"[{""duration_ms"":968,""name"":""python"",""score"":{""evicted"":14,""moved"":17,""placed_by_priority"":{""1"":9,""2"":26,""3"":37,""4"":42}},""status"":""FEASIBLE""}]",0.930,0.846,0.920,0.844,58419,53131,65454138473,60046515422,114,109,14,19,"{""kwok-node-1"":3,""kwok-node-10"":4,""kwok-node-11"":3,""kwok-node-12"":3,""kwok-node-13"":3,""kwok-node-14"":2,""kwok-node-15"":4,""kwok-node-16"":3,""kwok-node-17"":3,""kwok-node-18"":4,""kwok-node-19"":4,""kwok-node-2"":3,""kwok-node-20"":4,""kwok-node-21"":3,""kwok-node-22"":4,""kwok-node-23"":4,""kwok-node-24"":5,""kwok-node-25"":3,""kwok-node-26"":5,""kwok-node-27"":3,""kwok-node-28"":4,""kwok-node-29"":4,""kwok-node-3"":3,""kwok-node-30"":3,""kwok-node-31"":4,""kwok-node-32"":3,""kwok-node-4"":3,""kwok-node-5"":5,""kwok-node-6"":3,""kwok-node-7"":5,""kwok-node-8"":4,""kwok-node-9"":3}","{""kwok-node-1"":3,""kwok-node-10"":4,""kwok-node-11"":3,""kwok-node-12"":2,""kwok-node-13"":3,""kwok-node-14"":3,""kwok-node-15"":4,""kwok-node-16"":2,""kwok-node-17"":3,""kwok-node-18"":2,""kwok-node-19"":4,""kwok-node-2"":3,""kwok-node-20"":4,""kwok-node-21"":3,""kwok-node-22"":4,""kwok-node-23"":3,""kwok-node-24"":5,""kwok-node-25"":4,""kwok-node-26"":5,""kwok-node-27"":3,""kwok-node-28"":4,""kwok-node-29"":5,""kwok-node-3"":3,""kwok-node-30"":3,""kwok-node-31"":3,""kwok-node-32"":3,""kwok-node-4"":3,""kwok-node-5"":4,""kwok-node-6"":3,""kwok-node-7"":4,""kwok-node-8"":4,""kwok-node-9"":3}","{""p1"":9,""p2"":26,""p3"":37,""p4"":42}","{""p1"":23,""p2"":22,""p3"":31,""p4"":33}","{""p1"":14}","{""p2"":4,""p3"":6,""p4"":9}","{rs-03-p1-r8dzq,rs-11-p1-568tm,rs-11-p1-qkvhm,rs-20-p1-bw8n2,rs-20-p1-hpsg8,rs-20-p1-lhzwl,rs-20-p1-mbd4c,rs-25-p1-sr4c7,rs-34-p1-tbl52,rs-39-p1-j7spl,rs-39-p1-p6pvp,rs-45-p1-d8blj,rs-45-p1-zd77r,rs-50-p1-dq9zw}","{rs-38-p4-2zhp4,rs-38-p4-69hzx,rs-41-p3-f7rgl,rs-41-p3-h8v9m,rs-41-p3-npdk6,rs-43-p2-drj4s,rs-43-p2-j52hl,rs-43-p2-ksjwg,rs-43-p2-q5ql2,rs-44-p3-bgk2v,rs-44-p3-fn2mb,rs-44-p3-gs2gh,rs-46-p4-4c6f9,rs-46-p4-cf8mf,rs-47-p4-wtllk,rs-49-p4-86hwq,rs-49-p4-pfk8d,rs-49-p4-rkvgb,rs-49-p4-szfmr}","{rs-01-p2-hjrvm,rs-02-p4-6l4hg,rs-02-p4-xc8gx,rs-03-p1-x8c5r,rs-04-p2-8tqhp,rs-04-p2-k2npj,rs-04-p2-sltj2,rs-04-p2-vvqzf,rs-05-p2-q8k5b,rs-05-p2-xrlbr,rs-06-p2-vs9hk,rs-07-p3-j54zw,rs-07-p3-nmqr4,rs-07-p3-wnhlc,rs-08-p4-9pdb7,rs-09-p4-n8q8k,rs-09-p4-ptm8g,rs-10-p3-gjb4r,rs-10-p3-k7bf2,rs-10-p3-pt8hs,rs-10-p3-sxv76,rs-12-p4-5f6h7,rs-12-p4-fk9c2,rs-12-p4-fz75k,rs-13-p4-d79nb,rs-14-p4-5fc9z,rs-14-p4-bbr7v,rs-14-p4-jbdng,rs-14-p4-sh6mx,rs-15-p3-4j497,rs-15-p3-9jrtt,rs-15-p3-pznhv,rs-15-p3-wdkvs,rs-16-p3-z2tw7,rs-17-p2-pn5hh,rs-17-p2-tbzbs,rs-18-p3-b98zf,rs-18-p3-fbjgj,rs-18-p3-kfxw2,rs-19-p3-4rv4h,rs-19-p3-flvqb,rs-19-p3-hpmc5,rs-19-p3-pz87k,rs-21-p4-5jdt7,rs-21-p4-fk7fl,rs-21-p4-t92rp,rs-22-p2-4dtpt,rs-22-p2-d6v4l,rs-22-p2-msqrg,rs-23-p2-g5gnn,rs-23-p2-jp4wz,rs-23-p2-lgz9f,rs-23-p2-mzf6j,rs-24-p4-lqtjp,rs-24-p4-lzlhm,rs-24-p4-vvm2b,rs-24-p4-wwqgj,rs-26-p1-5gf85,rs-26-p1-hmpmp,rs-26-p1-hnch5,rs-27-p4-4cm5q,rs-27-p4-5rs24,rs-27-p4-gvgww,rs-28-p3-d8k99,rs-28-p3-mz9ss,rs-28-p3-n2mzj,rs-28-p3-z24gg,rs-29-p2-g2tmf,rs-29-p2-qwf6n,rs-29-p2-w57t4,rs-30-p2-hddtt,rs-31-p2-bnjhk,rs-32-p4-vqrh5,rs-33-p3-6r9pj,rs-33-p3-frb8b,rs-33-p3-h9v48,rs-33-p3-rrqnd,rs-34-p1-9blxs,rs-34-p1-csvrc,rs-35-p1-bxrr7,rs-36-p3-fxq2z,rs-36-p3-g4twz,rs-36-p3-wg857,rs-37-p1-4lznk,rs-38-p4-2zhp4,rs-38-p4-69hzx,rs-40-p4-d8xfr,rs-40-p4-fj2fg,rs-40-p4-lnj2v,rs-40-p4-tccmf,rs-41-p3-f7rgl,rs-41-p3-h8v9m,rs-41-p3-npdk6,rs-42-p4-jpj7j,rs-43-p2-drj4s,rs-43-p2-j52hl,rs-43-p2-ksjwg,rs-43-p2-q5ql2,rs-44-p3-bgk2v,rs-44-p3-fn2mb,rs-44-p3-gs2gh,rs-46-p4-29256,rs-46-p4-4c6f9,rs-46-p4-cf8mf,rs-47-p4-wtllk,rs-48-p4-gxh86,rs-48-p4-w9rz2,rs-48-p4-xft2k,rs-49-p4-86hwq,rs-49-p4-pfk8d,rs-49-p4-rkvgb,rs-49-p4-szfmr,rs-50-p1-7489l,rs-51-p3-lgtb6}","{rs-01-p2-tzrl6,rs-02-p4-6l4hg,rs-02-p4-xc8gx,rs-03-p1-vzfml,rs-03-p1-x8c5r,rs-04-p2-8tqhp,rs-04-p2-k2npj,rs-04-p2-m2sfb,rs-04-p2-vvqzf,rs-05-p2-q8k5b,rs-05-p2-xrlbr,rs-06-p2-vs9hk,rs-07-p3-j54zw,rs-07-p3-nmqr4,rs-07-p3-wnhlc,rs-08-p4-9pdb7,rs-09-p4-n8q8k,rs-09-p4-ptm8g,rs-10-p3-gjb4r,rs-10-p3-k7bf2,rs-10-p3-pt8hs,rs-10-p3-sxv76,rs-11-p1-rgszz,rs-11-p1-zcrpg,rs-12-p4-5f6h7,rs-12-p4-fk9c2,rs-12-p4-fz75k,rs-13-p4-d79nb,rs-14-p4-5fc9z,rs-14-p4-bbr7v,rs-14-p4-jbdng,rs-14-p4-sh6mx,rs-15-p3-4j497,rs-15-p3-9jrtt,rs-15-p3-pznhv,rs-15-p3-wdkvs,rs-16-p3-z2tw7,rs-17-p2-ks2qn,rs-17-p2-pn5hh,rs-18-p3-b98zf,rs-18-p3-fbjgj,rs-18-p3-kfxw2,rs-19-p3-4rv4h,rs-19-p3-flvqb,rs-19-p3-hpmc5,rs-19-p3-pz87k,rs-20-p1-5kbhw,rs-20-p1-8gpx6,rs-20-p1-jhn9l,rs-20-p1-z4zq2,rs-21-p4-5jdt7,rs-21-p4-fk7fl,rs-21-p4-t92rp,rs-22-p2-4dtpt,rs-22-p2-d6v4l,rs-22-p2-msqrg,rs-23-p2-5lhlp,rs-23-p2-bvs2m,rs-23-p2-h4tks,rs-23-p2-ktw5r,rs-24-p4-lqtjp,rs-24-p4-lzlhm,rs-24-p4-vvm2b,rs-24-p4-wwqgj,rs-25-p1-gsrwq,rs-26-p1-p4bmv,rs-26-p1-rw2cx,rs-26-p1-x46p5,rs-27-p4-4cm5q,rs-27-p4-5rs24,rs-27-p4-gvgww,rs-28-p3-d8k99,rs-28-p3-mz9ss,rs-28-p3-n2mzj,rs-28-p3-z24gg,rs-29-p2-g2tmf,rs-29-p2-qwf6n,rs-29-p2-w57t4,rs-30-p2-sq5nf,rs-31-p2-c8mfl,rs-32-p4-vqrh5,rs-33-p3-6r9pj,rs-33-p3-frb8b,rs-33-p3-h9v48,rs-33-p3-rrqnd,rs-34-p1-dgptc,rs-34-p1-h96qp,rs-34-p1-w4bq2,rs-35-p1-t4rfh,rs-36-p3-fxq2z,rs-36-p3-g4twz,rs-36-p3-wg857,rs-37-p1-mh42l,rs-39-p1-knw9w,rs-39-p1-pqlhj,rs-40-p4-d8xfr,rs-40-p4-fj2fg,rs-40-p4-lnj2v,rs-40-p4-tccmf,rs-42-p4-jpj7j,rs-45-p1-kjzjd,rs-45-p1-n8jhl,rs-46-p4-29256,rs-48-p4-gxh86,rs-48-p4-w9rz2,rs-48-p4-xft2k,rs-50-p1-wfj7m,rs-50-p1-xhw28,rs-51-p3-lgtb6}","[{""name"":""rs-01-p2-hjrvm"",""cpu_m"":633,""mem_b"":846651415,""priority"":""2"",""node"":""kwok-node-29""},{""name"":""rs-02-p4-6l4hg"",""cpu_m"":755,""mem_b"":908884879,""priority"":""4"",""node"":""kwok-node-16""},{""name"":""rs-02-p4-xc8gx"",""cpu_m"":755,""mem_b"":908884879,""priority"":""4"",""node"":""kwok-node-12""},{""name"":""rs-03-p1-r8dzq"",""cpu_m"":134,""mem_b"":667167950,""priority"":""1"",""node"":""""},{""name"":""rs-03-p1-x8c5r"",""cpu_m"":134,""mem_b"":667167950,""priority"":""1"",""node"":""kwok-node-22""},{""name"":""rs-04-p2-8tqhp"",""cpu_m"":532,""mem_b"":914985662,""priority"":""2"",""node"":""kwok-node-21""},{""name"":""rs-04-p2-k2npj"",""cpu_m"":532,""mem_b"":914985662,""priority"":""2"",""node"":""kwok-node-23""},{""name"":""rs-04-p2-sltj2"",""cpu_m"":532,""mem_b"":914985662,""priority"":""2"",""node"":""kwok-node-23""},{""name"":""rs-04-p2-vvqzf"",""cpu_m"":532,""mem_b"":914985662,""priority"":""2"",""node"":""kwok-node-1""},{""name"":""rs-05-p2-q8k5b"",""cpu_m"":504,""mem_b"":565740330,""priority"":""2"",""node"":""kwok-node-17""},{""name"":""rs-05-p2-xrlbr"",""cpu_m"":504,""mem_b"":565740330,""priority"":""2"",""node"":""kwok-node-15""},{""name"":""rs-06-p2-vs9hk"",""cpu_m"":339,""mem_b"":851510338,""priority"":""2"",""node"":""kwok-node-2""},{""name"":""rs-07-p3-j54zw"",""cpu_m"":123,""mem_b"":561627895,""priority"":""3"",""node"":""kwok-node-10""},{""name"":""rs-07-p3-nmqr4"",""cpu_m"":123,""mem_b"":561627895,""priority"":""3"",""node"":""kwok-node-19""},{""name"":""rs-07-p3-wnhlc"",""cpu_m"":123,""mem_b"":561627895,""priority"":""3"",""node"":""kwok-node-28""},{""name"":""rs-08-p4-9pdb7"",""cpu_m"":202,""mem_b"":195940179,""priority"":""4"",""node"":""kwok-node-20""},{""name"":""rs-09-p4-n8q8k"",""cpu_m"":499,""mem_b"":929877694,""priority"":""4"",""node"":""kwok-node-27""},{""name"":""rs-09-p4-ptm8g"",""cpu_m"":499,""mem_b"":929877694,""priority"":""4"",""node"":""kwok-node-3""},{""name"":""rs-10-p3-gjb4r"",""cpu_m"":442,""mem_b"":108554100,""priority"":""3"",""node"":""kwok-node-26""},{""name"":""rs-10-p3-k7bf2"",""cpu_m"":442,""mem_b"":108554100,""priority"":""3"",""node"":""kwok-node-25""},{""name"":""rs-10-p3-pt8hs"",""cpu_m"":442,""mem_b"":108554100,""priority"":""3"",""node"":""kwok-node-29""},{""name"":""rs-10-p3-sxv76"",""cpu_m"":442,""mem_b"":108554100,""priority"":""3"",""node"":""kwok-node-24""},{""name"":""rs-11-p1-568tm"",""cpu_m"":477,""mem_b"":875064276,""priority"":""1"",""node"":""""},{""name"":""rs-11-p1-qkvhm"",""cpu_m"":477,""mem_b"":875064276,""priority"":""1"",""node"":""""},{""name"":""rs-12-p4-5f6h7"",""cpu_m"":272,""mem_b"":723391511,""priority"":""4"",""node"":""kwok-node-4""},{""name"":""rs-12-p4-fk9c2"",""cpu_m"":272,""mem_b"":723391511,""priority"":""4"",""node"":""kwok-node-9""},{""name"":""rs-12-p4-fz75k"",""cpu_m"":272,""mem_b"":723391511,""priority"":""4"",""node"":""kwok-node-31""},{""name"":""rs-13-p4-d79nb"",""cpu_m"":764,""mem_b"":247401083,""priority"":""4"",""node"":""kwok-node-7""},{""name"":""rs-14-p4-5fc9z"",""cpu_m"":607,""mem_b"":659141216,""priority"":""4"",""node"":""kwok-node-5""},{""name"":""rs-14-p4-bbr7v"",""cpu_m"":607,""mem_b"":659141216,""priority"":""4"",""node"":""kwok-node-32""},{""name"":""rs-14-p4-jbdng"",""cpu_m"":607,""mem_b"":659141216,""priority"":""4"",""node"":""kwok-node-6""},{""name"":""rs-14-p4-sh6mx"",""cpu_m"":607,""mem_b"":659141216,""priority"":""4"",""node"":""kwok-node-8""},{""name"":""rs-15-p3-4j497"",""cpu_m"":221,""mem_b"":414703343,""priority"":""3"",""node"":""kwok-node-29""},{""name"":""rs-15-p3-9jrtt"",""cpu_m"":221,""mem_b"":414703343,""priority"":""3"",""node"":""kwok-node-26""},{""name"":""rs-15-p3-pznhv"",""cpu_m"":221,""mem_b"":414703343,""priority"":""3"",""node"":""kwok-node-20""},{""name"":""rs-15-p3-wdkvs"",""cpu_m"":221,""mem_b"":414703343,""priority"":""3"",""node"":""kwok-node-24""},{""name"":""rs-16-p3-z2tw7"",""cpu_m"":735,""mem_b"":328395769,""priority"":""3"",""node"":""kwok-node-10""},{""name"":""rs-17-p2-pn5hh"",""cpu_m"":489,""mem_b"":738828173,""priority"":""2"",""node"":""kwok-node-29""},{""name"":""rs-17-p2-tbzbs"",""cpu_m"":489,""mem_b"":738828173,""priority"":""2"",""node"":""kwok-node-28""},{""name"":""rs-18-p3-b98zf"",""cpu_m"":934,""mem_b"":180016270,""priority"":""3"",""node"":""kwok-node-22""},{""name"":""rs-18-p3-fbjgj"",""cpu_m"":934,""mem_b"":180016270,""priority"":""3"",""node"":""kwok-node-19""},{""name"":""rs-18-p3-kfxw2"",""cpu_m"":934,""mem_b"":180016270,""priority"":""3"",""node"":""kwok-node-28""},{""name"":""rs-19-p3-4rv4h"",""cpu_m"":334,""mem_b"":659558079,""priority"":""3"",""node"":""kwok-node-7""},{""name"":""rs-19-p3-flvqb"",""cpu_m"":334,""mem_b"":659558079,""priority"":""3"",""node"":""kwok-node-24""},{""name"":""rs-19-p3-hpmc5"",""cpu_m"":334,""mem_b"":659558079,""priority"":""3"",""node"":""kwok-node-26""},{""name"":""rs-19-p3-pz87k"",""cpu_m"":334,""mem_b"":659558079,""priority"":""3"",""node"":""kwok-node-15""},{""name"":""rs-20-p1-bw8n2"",""cpu_m"":895,""mem_b"":826573643,""priority"":""1"",""node"":""""},{""name"":""rs-20-p1-hpsg8"",""cpu_m"":895,""mem_b"":826573643,""priority"":""1"",""node"":""""},{""name"":""rs-20-p1-lhzwl"",""cpu_m"":895,""mem_b"":826573643,""priority"":""1"",""node"":""""},{""name"":""rs-20-p1-mbd4c"",""cpu_m"":895,""mem_b"":826573643,""priority"":""1"",""node"":""""},{""name"":""rs-21-p4-5jdt7"",""cpu_m"":209,""mem_b"":581149506,""priority"":""4"",""node"":""kwok-node-5""},{""name"":""rs-21-p4-fk7fl"",""cpu_m"":209,""mem_b"":581149506,""priority"":""4"",""node"":""kwok-node-8""},{""name"":""rs-21-p4-t92rp"",""cpu_m"":209,""mem_b"":581149506,""priority"":""4"",""node"":""kwok-node-17""},{""name"":""rs-22-p2-4dtpt"",""cpu_m"":988,""mem_b"":561303627,""priority"":""2"",""node"":""kwok-node-4""},{""name"":""rs-22-p2-d6v4l"",""cpu_m"":988,""mem_b"":561303627,""priority"":""2"",""node"":""kwok-node-30""},{""name"":""rs-22-p2-msqrg"",""cpu_m"":988,""mem_b"":561303627,""priority"":""2"",""node"":""kwok-node-2""},{""name"":""rs-23-p2-g5gnn"",""cpu_m"":319,""mem_b"":206523344,""priority"":""2"",""node"":""kwok-node-7""},{""name"":""rs-23-p2-jp4wz"",""cpu_m"":319,""mem_b"":206523344,""priority"":""2"",""node"":""kwok-node-5""},{""name"":""rs-23-p2-lgz9f"",""cpu_m"":319,""mem_b"":206523344,""priority"":""2"",""node"":""kwok-node-31""},{""name"":""rs-23-p2-mzf6j"",""cpu_m"":319,""mem_b"":206523344,""priority"":""2"",""node"":""kwok-node-7""},{""name"":""rs-24-p4-lqtjp"",""cpu_m"":442,""mem_b"":779603034,""priority"":""4"",""node"":""kwok-node-6""},{""name"":""rs-24-p4-lzlhm"",""cpu_m"":442,""mem_b"":779603034,""priority"":""4"",""node"":""kwok-node-10""},{""name"":""rs-24-p4-vvm2b"",""cpu_m"":442,""mem_b"":779603034,""priority"":""4"",""node"":""kwok-node-32""},{""name"":""rs-24-p4-wwqgj"",""cpu_m"":442,""mem_b"":779603034,""priority"":""4"",""node"":""kwok-node-25""},{""name"":""rs-25-p1-sr4c7"",""cpu_m"":577,""mem_b"":871667929,""priority"":""1"",""node"":""""},{""name"":""rs-26-p1-5gf85"",""cpu_m"":339,""mem_b"":222348013,""priority"":""1"",""node"":""kwok-node-31""},{""name"":""rs-26-p1-hmpmp"",""cpu_m"":339,""mem_b"":222348013,""priority"":""1"",""node"":""kwok-node-23""},{""name"":""rs-26-p1-hnch5"",""cpu_m"":339,""mem_b"":222348013,""priority"":""1"",""node"":""kwok-node-16""},{""name"":""rs-27-p4-4cm5q"",""cpu_m"":858,""mem_b"":708690878,""priority"":""4"",""node"":""kwok-node-16""},{""name"":""rs-27-p4-5rs24"",""cpu_m"":858,""mem_b"":708690878,""priority"":""4"",""node"":""kwok-node-18""},{""name"":""rs-27-p4-gvgww"",""cpu_m"":858,""mem_b"":708690878,""priority"":""4"",""node"":""kwok-node-21""},{""name"":""rs-28-p3-d8k99"",""cpu_m"":664,""mem_b"":778739788,""priority"":""3"",""node"":""kwok-node-11""},{""name"":""rs-28-p3-mz9ss"",""cpu_m"":664,""mem_b"":778739788,""priority"":""3"",""node"":""kwok-node-12""},{""name"":""rs-28-p3-n2mzj"",""cpu_m"":664,""mem_b"":778739788,""priority"":""3"",""node"":""kwok-node-13""},{""name"":""rs-28-p3-z24gg"",""cpu_m"":664,""mem_b"":778739788,""priority"":""3"",""node"":""kwok-node-1""},{""name"":""rs-29-p2-g2tmf"",""cpu_m"":952,""mem_b"":857449851,""priority"":""2"",""node"":""kwok-node-17""},{""name"":""rs-29-p2-qwf6n"",""cpu_m"":952,""mem_b"":857449851,""priority"":""2"",""node"":""kwok-node-27""},{""name"":""rs-29-p2-w57t4"",""cpu_m"":952,""mem_b"":857449851,""priority"":""2"",""node"":""kwok-node-3""},{""name"":""rs-30-p2-hddtt"",""cpu_m"":188,""mem_b"":557729562,""priority"":""2"",""node"":""kwok-node-5""},{""name"":""rs-31-p2-bnjhk"",""cpu_m"":480,""mem_b"":338118468,""priority"":""2"",""node"":""kwok-node-12""},{""name"":""rs-32-p4-vqrh5"",""cpu_m"":493,""mem_b"":701240831,""priority"":""4"",""node"":""kwok-node-22""},{""name"":""rs-33-p3-6r9pj"",""cpu_m"":452,""mem_b"":131392666,""priority"":""3"",""node"":""kwok-node-15""},{""name"":""rs-33-p3-frb8b"",""cpu_m"":452,""mem_b"":131392666,""priority"":""3"",""node"":""kwok-node-26""},{""name"":""rs-33-p3-h9v48"",""cpu_m"":452,""mem_b"":131392666,""priority"":""3"",""node"":""kwok-node-24""},{""name"":""rs-33-p3-rrqnd"",""cpu_m"":452,""mem_b"":131392666,""priority"":""3"",""node"":""kwok-node-8""},{""name"":""rs-34-p1-9blxs"",""cpu_m"":480,""mem_b"":131274766,""priority"":""1"",""node"":""kwok-node-18""},{""name"":""rs-34-p1-csvrc"",""cpu_m"":480,""mem_b"":131274766,""priority"":""1"",""node"":""kwok-node-27""},{""name"":""rs-34-p1-tbl52"",""cpu_m"":480,""mem_b"":131274766,""priority"":""1"",""node"":""""},{""name"":""rs-35-p1-bxrr7"",""cpu_m"":230,""mem_b"":337704535,""priority"":""1"",""node"":""kwok-node-13""},{""name"":""rs-36-p3-fxq2z"",""cpu_m"":610,""mem_b"":637379275,""priority"":""3"",""node"":""kwok-node-8""},{""name"":""rs-36-p3-g4twz"",""cpu_m"":610,""mem_b"":637379275,""priority"":""3"",""node"":""kwok-node-19""},{""name"":""rs-36-p3-wg857"",""cpu_m"":610,""mem_b"":637379275,""priority"":""3"",""node"":""kwok-node-4""},{""name"":""rs-37-p1-4lznk"",""cpu_m"":493,""mem_b"":318294019,""priority"":""1"",""node"":""kwok-node-1""},{""name"":""rs-38-p4-2zhp4"",""cpu_m"":962,""mem_b"":476782428,""priority"":""4"",""node"":""kwok-node-9""},{""name"":""rs-38-p4-69hzx"",""cpu_m"":962,""mem_b"":476782428,""priority"":""4"",""node"":""kwok-node-11""},{""name"":""rs-39-p1-j7spl"",""cpu_m"":286,""mem_b"":630409466,""priority"":""1"",""node"":""""},{""name"":""rs-39-p1-p6pvp"",""cpu_m"":286,""mem_b"":630409466,""priority"":""1"",""node"":""""},{""name"":""rs-40-p4-d8xfr"",""cpu_m"":222,""mem_b"":671982373,""priority"":""4"",""node"":""kwok-node-15""},{""name"":""rs-40-p4-fj2fg"",""cpu_m"":222,""mem_b"":671982373,""priority"":""4"",""node"":""kwok-node-7""},{""name"":""rs-40-p4-lnj2v"",""cpu_m"":222,""mem_b"":671982373,""priority"":""4"",""node"":""kwok-node-28""},{""name"":""rs-40-p4-tccmf"",""cpu_m"":222,""mem_b"":671982373,""priority"":""4"",""node"":""kwok-node-2""},{""name"":""rs-41-p3-f7rgl"",""cpu_m"":614,""mem_b"":852173411,""priority"":""3"",""node"":""kwok-node-9""},{""name"":""rs-41-p3-h8v9m"",""cpu_m"":614,""mem_b"":852173411,""priority"":""3"",""node"":""kwok-node-20""},{""name"":""rs-41-p3-npdk6"",""cpu_m"":614,""mem_b"":852173411,""priority"":""3"",""node"":""kwok-node-30""},{""name"":""rs-42-p4-jpj7j"",""cpu_m"":359,""mem_b"":657038639,""priority"":""4"",""node"":""kwok-node-30""},{""name"":""rs-43-p2-drj4s"",""cpu_m"":1000,""mem_b"":926328879,""priority"":""2"",""node"":""kwok-node-13""},{""name"":""rs-43-p2-j52hl"",""cpu_m"":1000,""mem_b"":926328879,""priority"":""2"",""node"":""kwok-node-25""},{""name"":""rs-43-p2-ksjwg"",""cpu_m"":1000,""mem_b"":926328879,""priority"":""2"",""node"":""kwok-node-14""},{""name"":""rs-43-p2-q5ql2"",""cpu_m"":1000,""mem_b"":926328879,""priority"":""2"",""node"":""kwok-node-31""},{""name"":""rs-44-p3-bgk2v"",""cpu_m"":238,""mem_b"":884894267,""priority"":""3"",""node"":""kwok-node-24""},{""name"":""rs-44-p3-fn2mb"",""cpu_m"":238,""mem_b"":884894267,""priority"":""3"",""node"":""kwok-node-26""},{""name"":""rs-44-p3-gs2gh"",""cpu_m"":238,""mem_b"":884894267,""priority"":""3"",""node"":""kwok-node-11""},{""name"":""rs-45-p1-d8blj"",""cpu_m"":376,""mem_b"":493660012,""priority"":""1"",""node"":""""},{""name"":""rs-45-p1-zd77r"",""cpu_m"":376,""mem_b"":493660012,""priority"":""1"",""node"":""""},{""name"":""rs-46-p4-29256"",""cpu_m"":300,""mem_b"":661080404,""priority"":""4"",""node"":""kwok-node-22""},{""name"":""rs-46-p4-4c6f9"",""cpu_m"":300,""mem_b"":661080404,""priority"":""4"",""node"":""kwok-node-18""},{""name"":""rs-46-p4-cf8mf"",""cpu_m"":300,""mem_b"":661080404,""priority"":""4"",""node"":""kwok-node-18""},{""name"":""rs-47-p4-wtllk"",""cpu_m"":286,""mem_b"":737729963,""priority"":""4"",""node"":""kwok-node-19""},{""name"":""rs-48-p4-gxh86"",""cpu_m"":446,""mem_b"":139500291,""priority"":""4"",""node"":""kwok-node-5""},{""name"":""rs-48-p4-w9rz2"",""cpu_m"":446,""mem_b"":139500291,""priority"":""4"",""node"":""kwok-node-10""},{""name"":""rs-48-p4-xft2k"",""cpu_m"":446,""mem_b"":139500291,""priority"":""4"",""node"":""kwok-node-23""},{""name"":""rs-49-p4-86hwq"",""cpu_m"":854,""mem_b"":689458358,""priority"":""4"",""node"":""kwok-node-20""},{""name"":""rs-49-p4-pfk8d"",""cpu_m"":854,""mem_b"":689458358,""priority"":""4"",""node"":""kwok-node-6""},{""name"":""rs-49-p4-rkvgb"",""cpu_m"":854,""mem_b"":689458358,""priority"":""4"",""node"":""kwok-node-14""},{""name"":""rs-49-p4-szfmr"",""cpu_m"":854,""mem_b"":689458358,""priority"":""4"",""node"":""kwok-node-32""},{""name"":""rs-50-p1-7489l"",""cpu_m"":445,""mem_b"":305511833,""priority"":""1"",""node"":""kwok-node-3""},{""name"":""rs-50-p1-dq9zw"",""cpu_m"":445,""mem_b"":305511833,""priority"":""1"",""node"":""""},{""name"":""rs-51-p3-lgtb6"",""cpu_m"":255,""mem_b"":384028384,""priority"":""3"",""node"":""kwok-node-21""}]","[{""name"":""rs-01-p2-tzrl6"",""cpu_m"":633,""mem_b"":846651415,""priority"":""2"",""node"":""kwok-node-11""},{""name"":""rs-02-p4-6l4hg"",""cpu_m"":755,""mem_b"":908884879,""priority"":""4"",""node"":""kwok-node-16""},{""name"":""rs-02-p4-xc8gx"",""cpu_m"":755,""mem_b"":908884879,""priority"":""4"",""node"":""kwok-node-12""},{""name"":""rs-03-p1-vzfml"",""cpu_m"":134,""mem_b"":667167950,""priority"":""1"",""node"":""kwok-node-14""},{""name"":""rs-03-p1-x8c5r"",""cpu_m"":134,""mem_b"":667167950,""priority"":""1"",""node"":""kwok-node-22""},{""name"":""rs-04-p2-8tqhp"",""cpu_m"":532,""mem_b"":914985662,""priority"":""2"",""node"":""kwok-node-21""},{""name"":""rs-04-p2-k2npj"",""cpu_m"":532,""mem_b"":914985662,""priority"":""2"",""node"":""kwok-node-23""},{""name"":""rs-04-p2-m2sfb"",""cpu_m"":532,""mem_b"":914985662,""priority"":""2"",""node"":""kwok-node-18""},{""name"":""rs-04-p2-vvqzf"",""cpu_m"":532,""mem_b"":914985662,""priority"":""2"",""node"":""kwok-node-1""},{""name"":""rs-05-p2-q8k5b"",""cpu_m"":504,""mem_b"":565740330,""priority"":""2"",""node"":""kwok-node-17""},{""name"":""rs-05-p2-xrlbr"",""cpu_m"":504,""mem_b"":565740330,""priority"":""2"",""node"":""kwok-node-15""},{""name"":""rs-06-p2-vs9hk"",""cpu_m"":339,""mem_b"":851510338,""priority"":""2"",""node"":""kwok-node-2""},{""name"":""rs-07-p3-j54zw"",""cpu_m"":123,""mem_b"":561627895,""priority"":""3"",""node"":""kwok-node-10""},{""name"":""rs-07-p3-nmqr4"",""cpu_m"":123,""mem_b"":561627895,""priority"":""3"",""node"":""kwok-node-19""},{""name"":""rs-07-p3-wnhlc"",""cpu_m"":123,""mem_b"":561627895,""priority"":""3"",""node"":""kwok-node-28""},{""name"":""rs-08-p4-9pdb7"",""cpu_m"":202,""mem_b"":195940179,""priority"":""4"",""node"":""kwok-node-20""},{""name"":""rs-09-p4-n8q8k"",""cpu_m"":499,""mem_b"":929877694,""priority"":""4"",""node"":""kwok-node-27""},{""name"":""rs-09-p4-ptm8g"",""cpu_m"":499,""mem_b"":929877694,""priority"":""4"",""node"":""kwok-node-3""},{""name"":""rs-10-p3-gjb4r"",""cpu_m"":442,""mem_b"":108554100,""priority"":""3"",""node"":""kwok-node-26""},{""name"":""rs-10-p3-k7bf2"",""cpu_m"":442,""mem_b"":108554100,""priority"":""3"",""node"":""kwok-node-25""},{""name"":""rs-10-p3-pt8hs"",""cpu_m"":442,""mem_b"":108554100,""priority"":""3"",""node"":""kwok-node-29""},{""name"":""rs-10-p3-sxv76"",""cpu_m"":442,""mem_b"":108554100,""priority"":""3"",""node"":""kwok-node-24""},{""name"":""rs-11-p1-rgszz"",""cpu_m"":477,""mem_b"":875064276,""priority"":""1"",""node"":""kwok-node-13""},{""name"":""rs-11-p1-zcrpg"",""cpu_m"":477,""mem_b"":875064276,""priority"":""1"",""node"":""kwok-node-30""},{""name"":""rs-12-p4-5f6h7"",""cpu_m"":272,""mem_b"":723391511,""priority"":""4"",""node"":""kwok-node-4""},{""name"":""rs-12-p4-fk9c2"",""cpu_m"":272,""mem_b"":723391511,""priority"":""4"",""node"":""kwok-node-9""},{""name"":""rs-12-p4-fz75k"",""cpu_m"":272,""mem_b"":723391511,""priority"":""4"",""node"":""kwok-node-31""},{""name"":""rs-13-p4-d79nb"",""cpu_m"":764,""mem_b"":247401083,""priority"":""4"",""node"":""kwok-node-7""},{""name"":""rs-14-p4-5fc9z"",""cpu_m"":607,""mem_b"":659141216,""priority"":""4"",""node"":""kwok-node-5""},{""name"":""rs-14-p4-bbr7v"",""cpu_m"":607,""mem_b"":659141216,""priority"":""4"",""node"":""kwok-node-32""},{""name"":""rs-14-p4-jbdng"",""cpu_m"":607,""mem_b"":659141216,""priority"":""4"",""node"":""kwok-node-6""},{""name"":""rs-14-p4-sh6mx"",""cpu_m"":607,""mem_b"":659141216,""priority"":""4"",""node"":""kwok-node-8""},{""name"":""rs-15-p3-4j497"",""cpu_m"":221,""mem_b"":414703343,""priority"":""3"",""node"":""kwok-node-29""},{""name"":""rs-15-p3-9jrtt"",""cpu_m"":221,""mem_b"":414703343,""priority"":""3"",""node"":""kwok-node-26""},{""name"":""rs-15-p3-pznhv"",""cpu_m"":221,""mem_b"":414703343,""priority"":""3"",""node"":""kwok-node-20""},{""name"":""rs-15-p3-wdkvs"",""cpu_m"":221,""mem_b"":414703343,""priority"":""3"",""node"":""kwok-node-24""},{""name"":""rs-16-p3-z2tw7"",""cpu_m"":735,""mem_b"":328395769,""priority"":""3"",""node"":""kwok-node-10""},{""name"":""rs-17-p2-ks2qn"",""cpu_m"":489,""mem_b"":738828173,""priority"":""2"",""node"":""kwok-node-25""},{""name"":""rs-17-p2-pn5hh"",""cpu_m"":489,""mem_b"":738828173,""priority"":""2"",""node"":""kwok-node-29""},{""name"":""rs-18-p3-b98zf"",""cpu_m"":934,""mem_b"":180016270,""priority"":""3"",""node"":""kwok-node-22""},{""name"":""rs-18-p3-fbjgj"",""cpu_m"":934,""mem_b"":180016270,""priority"":""3"",""node"":""kwok-node-19""},{""name"":""rs-18-p3-kfxw2"",""cpu_m"":934,""mem_b"":180016270,""priority"":""3"",""node"":""kwok-node-28""},{""name"":""rs-19-p3-4rv4h"",""cpu_m"":334,""mem_b"":659558079,""priority"":""3"",""node"":""kwok-node-7""},{""name"":""rs-19-p3-flvqb"",""cpu_m"":334,""mem_b"":659558079,""priority"":""3"",""node"":""kwok-node-24""},{""name"":""rs-19-p3-hpmc5"",""cpu_m"":334,""mem_b"":659558079,""priority"":""3"",""node"":""kwok-node-26""},{""name"":""rs-19-p3-pz87k"",""cpu_m"":334,""mem_b"":659558079,""priority"":""3"",""node"":""kwok-node-15""},{""name"":""rs-20-p1-5kbhw"",""cpu_m"":895,""mem_b"":826573643,""priority"":""1"",""node"":""kwok-node-20""},{""name"":""rs-20-p1-8gpx6"",""cpu_m"":895,""mem_b"":826573643,""priority"":""1"",""node"":""kwok-node-14""},{""name"":""rs-20-p1-jhn9l"",""cpu_m"":895,""mem_b"":826573643,""priority"":""1"",""node"":""kwok-node-9""},{""name"":""rs-20-p1-z4zq2"",""cpu_m"":895,""mem_b"":826573643,""priority"":""1"",""node"":""kwok-node-31""},{""name"":""rs-21-p4-5jdt7"",""cpu_m"":209,""mem_b"":581149506,""priority"":""4"",""node"":""kwok-node-5""},{""name"":""rs-21-p4-fk7fl"",""cpu_m"":209,""mem_b"":581149506,""priority"":""4"",""node"":""kwok-node-8""},{""name"":""rs-21-p4-t92rp"",""cpu_m"":209,""mem_b"":581149506,""priority"":""4"",""node"":""kwok-node-17""},{""name"":""rs-22-p2-4dtpt"",""cpu_m"":988,""mem_b"":561303627,""priority"":""2"",""node"":""kwok-node-4""},{""name"":""rs-22-p2-d6v4l"",""cpu_m"":988,""mem_b"":561303627,""priority"":""2"",""node"":""kwok-node-30""},{""name"":""rs-22-p2-msqrg"",""cpu_m"":988,""mem_b"":561303627,""priority"":""2"",""node"":""kwok-node-2""},{""name"":""rs-23-p2-5lhlp"",""cpu_m"":319,""mem_b"":206523344,""priority"":""2"",""node"":""kwok-node-6""},{""name"":""rs-23-p2-bvs2m"",""cpu_m"":319,""mem_b"":206523344,""priority"":""2"",""node"":""kwok-node-32""},{""name"":""rs-23-p2-h4tks"",""cpu_m"":319,""mem_b"":206523344,""priority"":""2"",""node"":""kwok-node-13""},{""name"":""rs-23-p2-ktw5r"",""cpu_m"":319,""mem_b"":206523344,""priority"":""2"",""node"":""kwok-node-11""},{""name"":""rs-24-p4-lqtjp"",""cpu_m"":442,""mem_b"":779603034,""priority"":""4"",""node"":""kwok-node-6""},{""name"":""rs-24-p4-lzlhm"",""cpu_m"":442,""mem_b"":779603034,""priority"":""4"",""node"":""kwok-node-10""},{""name"":""rs-24-p4-vvm2b"",""cpu_m"":442,""mem_b"":779603034,""priority"":""4"",""node"":""kwok-node-32""},{""name"":""rs-24-p4-wwqgj"",""cpu_m"":442,""mem_b"":779603034,""priority"":""4"",""node"":""kwok-node-25""},{""name"":""rs-25-p1-gsrwq"",""cpu_m"":577,""mem_b"":871667929,""priority"":""1"",""node"":""kwok-node-23""},{""name"":""rs-26-p1-p4bmv"",""cpu_m"":339,""mem_b"":222348013,""priority"":""1"",""node"":""kwok-node-1""},{""name"":""rs-26-p1-rw2cx"",""cpu_m"":339,""mem_b"":222348013,""priority"":""1"",""node"":""kwok-node-3""},{""name"":""rs-26-p1-x46p5"",""cpu_m"":339,""mem_b"":222348013,""priority"":""1"",""node"":""kwok-node-27""},{""name"":""rs-27-p4-4cm5q"",""cpu_m"":858,""mem_b"":708690878,""priority"":""4"",""node"":""kwok-node-16""},{""name"":""rs-27-p4-5rs24"",""cpu_m"":858,""mem_b"":708690878,""priority"":""4"",""node"":""kwok-node-18""},{""name"":""rs-27-p4-gvgww"",""cpu_m"":858,""mem_b"":708690878,""priority"":""4"",""node"":""kwok-node-21""},{""name"":""rs-28-p3-d8k99"",""cpu_m"":664,""mem_b"":778739788,""priority"":""3"",""node"":""kwok-node-11""},{""name"":""rs-28-p3-mz9ss"",""cpu_m"":664,""mem_b"":778739788,""priority"":""3"",""node"":""kwok-node-12""},{""name"":""rs-28-p3-n2mzj"",""cpu_m"":664,""mem_b"":778739788,""priority"":""3"",""node"":""kwok-node-13""},{""name"":""rs-28-p3-z24gg"",""cpu_m"":664,""mem_b"":778739788,""priority"":""3"",""node"":""kwok-node-1""},{""name"":""rs-29-p2-g2tmf"",""cpu_m"":952,""mem_b"":857449851,""priority"":""2"",""node"":""kwok-node-17""},{""name"":""rs-29-p2-qwf6n"",""cpu_m"":952,""mem_b"":857449851,""priority"":""2"",""node"":""kwok-node-27""},{""name"":""rs-29-p2-w57t4"",""cpu_m"":952,""mem_b"":857449851,""priority"":""2"",""node"":""kwok-node-3""},{""name"":""rs-30-p2-sq5nf"",""cpu_m"":188,""mem_b"":557729562,""priority"":""2"",""node"":""kwok-node-19""},{""name"":""rs-31-p2-c8mfl"",""cpu_m"":480,""mem_b"":338118468,""priority"":""2"",""node"":""kwok-node-5""},{""name"":""rs-32-p4-vqrh5"",""cpu_m"":493,""mem_b"":701240831,""priority"":""4"",""node"":""kwok-node-22""},{""name"":""rs-33-p3-6r9pj"",""cpu_m"":452,""mem_b"":131392666,""priority"":""3"",""node"":""kwok-node-15""},{""name"":""rs-33-p3-frb8b"",""cpu_m"":452,""mem_b"":131392666,""priority"":""3"",""node"":""kwok-node-26""},{""name"":""rs-33-p3-h9v48"",""cpu_m"":452,""mem_b"":131392666,""priority"":""3"",""node"":""kwok-node-24""},{""name"":""rs-33-p3-rrqnd"",""cpu_m"":452,""mem_b"":131392666,""priority"":""3"",""node"":""kwok-node-8""},{""name"":""rs-34-p1-dgptc"",""cpu_m"":480,""mem_b"":131274766,""priority"":""1"",""node"":""kwok-node-7""},{""name"":""rs-34-p1-h96qp"",""cpu_m"":480,""mem_b"":131274766,""priority"":""1"",""node"":""kwok-node-14""},{""name"":""rs-34-p1-w4bq2"",""cpu_m"":480,""mem_b"":131274766,""priority"":""1"",""node"":""kwok-node-28""},{""name"":""rs-35-p1-t4rfh"",""cpu_m"":230,""mem_b"":337704535,""priority"":""1"",""node"":""kwok-node-29""},{""name"":""rs-36-p3-fxq2z"",""cpu_m"":610,""mem_b"":637379275,""priority"":""3"",""node"":""kwok-node-8""},{""name"":""rs-36-p3-g4twz"",""cpu_m"":610,""mem_b"":637379275,""priority"":""3"",""node"":""kwok-node-19""},{""name"":""rs-36-p3-wg857"",""cpu_m"":610,""mem_b"":637379275,""priority"":""3"",""node"":""kwok-node-4""},{""name"":""rs-37-p1-mh42l"",""cpu_m"":493,""mem_b"":318294019,""priority"":""1"",""node"":""kwok-node-9""},{""name"":""rs-38-p4-2zhp4"",""cpu_m"":962,""mem_b"":476782428,""priority"":""4"",""node"":""""},{""name"":""rs-38-p4-69hzx"",""cpu_m"":962,""mem_b"":476782428,""priority"":""4"",""node"":""""},{""name"":""rs-39-p1-knw9w"",""cpu_m"":286,""mem_b"":630409466,""priority"":""1"",""node"":""kwok-node-24""},{""name"":""rs-39-p1-pqlhj"",""cpu_m"":286,""mem_b"":630409466,""priority"":""1"",""node"":""kwok-node-26""},{""name"":""rs-40-p4-d8xfr"",""cpu_m"":222,""mem_b"":671982373,""priority"":""4"",""node"":""kwok-node-15""},{""name"":""rs-40-p4-fj2fg"",""cpu_m"":222,""mem_b"":671982373,""priority"":""4"",""node"":""kwok-node-7""},{""name"":""rs-40-p4-lnj2v"",""cpu_m"":222,""mem_b"":671982373,""priority"":""4"",""node"":""kwok-node-28""},{""name"":""rs-40-p4-tccmf"",""cpu_m"":222,""mem_b"":671982373,""priority"":""4"",""node"":""kwok-node-2""},{""name"":""rs-41-p3-f7rgl"",""cpu_m"":614,""mem_b"":852173411,""priority"":""3"",""node"":""""},{""name"":""rs-41-p3-h8v9m"",""cpu_m"":614,""mem_b"":852173411,""priority"":""3"",""node"":""""},{""name"":""rs-41-p3-npdk6"",""cpu_m"":614,""mem_b"":852173411,""priority"":""3"",""node"":""""},{""name"":""rs-42-p4-jpj7j"",""cpu_m"":359,""mem_b"":657038639,""priority"":""4"",""node"":""kwok-node-30""},{""name"":""rs-43-p2-drj4s"",""cpu_m"":1000,""mem_b"":926328879,""priority"":""2"",""node"":""""},{""name"":""rs-43-p2-j52hl"",""cpu_m"":1000,""mem_b"":926328879,""priority"":""2"",""node"":""""},{""name"":""rs-43-p2-ksjwg"",""cpu_m"":1000,""mem_b"":926328879,""priority"":""2"",""node"":""""},{""name"":""rs-43-p2-q5ql2"",""cpu_m"":1000,""mem_b"":926328879,""priority"":""2"",""node"":""""},{""name"":""rs-44-p3-bgk2v"",""cpu_m"":238,""mem_b"":884894267,""priority"":""3"",""node"":""""},{""name"":""rs-44-p3-fn2mb"",""cpu_m"":238,""mem_b"":884894267,""priority"":""3"",""node"":""""},{""name"":""rs-44-p3-gs2gh"",""cpu_m"":238,""mem_b"":884894267,""priority"":""3"",""node"":""""},{""name"":""rs-45-p1-kjzjd"",""cpu_m"":376,""mem_b"":493660012,""priority"":""1"",""node"":""kwok-node-31""},{""name"":""rs-45-p1-n8jhl"",""cpu_m"":376,""mem_b"":493660012,""priority"":""1"",""node"":""kwok-node-20""},{""name"":""rs-46-p4-29256"",""cpu_m"":300,""mem_b"":661080404,""priority"":""4"",""node"":""kwok-node-22""},{""name"":""rs-46-p4-4c6f9"",""cpu_m"":300,""mem_b"":661080404,""priority"":""4"",""node"":""""},{""name"":""rs-46-p4-cf8mf"",""cpu_m"":300,""mem_b"":661080404,""priority"":""4"",""node"":""""},{""name"":""rs-47-p4-wtllk"",""cpu_m"":286,""mem_b"":737729963,""priority"":""4"",""node"":""""},{""name"":""rs-48-p4-gxh86"",""cpu_m"":446,""mem_b"":139500291,""priority"":""4"",""node"":""kwok-node-5""},{""name"":""rs-48-p4-w9rz2"",""cpu_m"":446,""mem_b"":139500291,""priority"":""4"",""node"":""kwok-node-10""},{""name"":""rs-48-p4-xft2k"",""cpu_m"":446,""mem_b"":139500291,""priority"":""4"",""node"":""kwok-node-23""},{""name"":""rs-49-p4-86hwq"",""cpu_m"":854,""mem_b"":689458358,""priority"":""4"",""node"":""""},{""name"":""rs-49-p4-pfk8d"",""cpu_m"":854,""mem_b"":689458358,""priority"":""4"",""node"":""""},{""name"":""rs-49-p4-rkvgb"",""cpu_m"":854,""mem_b"":689458358,""priority"":""4"",""node"":""""},{""name"":""rs-49-p4-szfmr"",""cpu_m"":854,""mem_b"":689458358,""priority"":""4"",""node"":""""},{""name"":""rs-50-p1-wfj7m"",""cpu_m"":445,""mem_b"":305511833,""priority"":""1"",""node"":""kwok-node-29""},{""name"":""rs-50-p1-xhw28"",""cpu_m"":445,""mem_b"":305511833,""priority"":""1"",""node"":""kwok-node-25""},{""name"":""rs-51-p3-lgtb6"",""cpu_m"":255,""mem_b"":384028384,""priority"":""3"",""node"":""kwok-node-21""}]","[{""name"":""kwok-node-1"",""cap_cpu_m"":1962,""cap_mem_bytes"":2224235805},{""name"":""kwok-node-2"",""cap_cpu_m"":1962,""cap_mem_bytes"":2224235805},{""name"":""kwok-node-3"",""cap_cpu_m"":1962,""cap_mem_bytes"":2224235805},{""name"":""kwok-node-4"",""cap_cpu_m"":1962,""cap_mem_bytes"":2224235805},{""name"":""kwok-node-5"",""cap_cpu_m"":1962,""cap_mem_bytes"":2224235805},{""name"":""kwok-node-6"",""cap_cpu_m"":1962,""cap_mem_bytes"":2224235805},{""name"":""kwok-node-7"",""cap_cpu_m"":1962,""cap_mem_bytes"":2224235805},{""name"":""kwok-node-8"",""cap_cpu_m"":1962,""cap_mem_bytes"":2224235805},{""name"":""kwok-node-9"",""cap_cpu_m"":1962,""cap_mem_bytes"":2224235805},{""name"":""kwok-node-10"",""cap_cpu_m"":1962,""cap_mem_bytes"":2224235805},{""name"":""kwok-node-11"",""cap_cpu_m"":1962,""cap_mem_bytes"":2224235805},{""name"":""kwok-node-12"",""cap_cpu_m"":1962,""cap_mem_bytes"":2224235805},{""name"":""kwok-node-13"",""cap_cpu_m"":1962,""cap_mem_bytes"":2224235805},{""name"":""kwok-node-14"",""cap_cpu_m"":1962,""cap_mem_bytes"":2224235805},{""name"":""kwok-node-15"",""cap_cpu_m"":1962,""cap_mem_bytes"":2224235805},{""name"":""kwok-node-16"",""cap_cpu_m"":1962,""cap_mem_bytes"":2224235805},{""name"":""kwok-node-17"",""cap_cpu_m"":1962,""cap_mem_bytes"":2224235805},{""name"":""kwok-node-18"",""cap_cpu_m"":1962,""cap_mem_bytes"":2224235805},{""name"":""kwok-node-19"",""cap_cpu_m"":1962,""cap_mem_bytes"":2224235805},{""name"":""kwok-node-20"",""cap_cpu_m"":1962,""cap_mem_bytes"":2224235805},{""name"":""kwok-node-21"",""cap_cpu_m"":1962,""cap_mem_bytes"":2224235805},{""name"":""kwok-node-22"",""cap_cpu_m"":1962,""cap_mem_bytes"":2224235805},{""name"":""kwok-node-23"",""cap_cpu_m"":1962,""cap_mem_bytes"":2224235805},{""name"":""kwok-node-24"",""cap_cpu_m"":1962,""cap_mem_bytes"":2224235805},{""name"":""kwok-node-25"",""cap_cpu_m"":1962,""cap_mem_bytes"":2224235805},{""name"":""kwok-node-26"",""cap_cpu_m"":1962,""cap_mem_bytes"":2224235805},{""name"":""kwok-node-27"",""cap_cpu_m"":1962,""cap_mem_bytes"":2224235805},{""name"":""kwok-node-28"",""cap_cpu_m"":1962,""cap_mem_bytes"":2224235805},{""name"":""kwok-node-29"",""cap_cpu_m"":1962,""cap_mem_bytes"":2224235805},{""name"":""kwok-node-30"",""cap_cpu_m"":1962,""cap_mem_bytes"":2224235805},{""name"":""kwok-node-31"",""cap_cpu_m"":1962,""cap_mem_bytes"":2224235805},{""name"":""kwok-node-32"",""cap_cpu_m"":1962,""cap_mem_bytes"":2224235805}]"
2026/02/11/12:22:10,2008907309570689453,,"{""evicted"":0,""moved"":0,""placed_by_priority"":{""1"":41,""2"":30,""3"":10,""4"":26}}",python,"{""evicted"":8,""moved"":32,""placed_by_priority"":{""1"":33,""2"":37,""3"":17,""4"":29}}",1207,FEASIBLE,"[{""duration_ms"":1207,""name"":""python"",""score"":{""evicted"":8,""moved"":32,""placed_by_priority"":{""1"":33,""2"":37,""3"":17,""4"":29}},""status"":""FEASIBLE""}]",0.919,0.835,0.905,0.875,68951,62604,57403132440,55475354012,114,107,14,21,"{""kwok-node-1"":4,""kwok-node-10"":4,""kwok-node-11"":4,""kwok-node-12"":4,""kwok-node-13"":3,""kwok-node-14"":3,""kwok-node-15"":4,""kwok-node-16"":5,""kwok-node-17"":3,""kwok-node-18"":3,""kwok-node-19"":4,""kwok-node-2"":3,""kwok-node-20"":4,""kwok-node-21"":3,""kwok-node-22"":3,""kwok-node-23"":4,""kwok-node-24"":3,""kwok-node-25"":4,""kwok-node-26"":3,""kwok-node-27"":3,""kwok-node-28"":4,""kwok-node-29"":4,""kwok-node-3"":4,""kwok-node-30"":4,""kwok-node-31"":4,""kwok-node-32"":3,""kwok-node-4"":3,""kwok-node-5"":3,""kwok-node-6"":3,""kwok-node-7"":4,""kwok-node-8"":3,""kwok-node-9"":4}","{""kwok-node-1"":3,""kwok-node-10"":4,""kwok-node-11"":3,""kwok-node-12"":4,""kwok-node-13"":3,""kwok-node-14"":4,""kwok-node-15"":3,""kwok-node-16"":4,""kwok-node-17"":3,""kwok-node-18"":3,""kwok-node-19"":4,""kwok-node-2"":3,""kwok-node-20"":4,""kwok-node-21"":3,""kwok-node-22"":3,""kwok-node-23"":4,""kwok-node-24"":3,""kwok-node-25"":4,""kwok-node-26"":3,""kwok-node-27"":3,""kwok-node-28"":3,""kwok-node-29"":4,""kwok-node-3"":4,""kwok-node-30"":3,""kwok-node-31"":3,""kwok-node-32"":3,""kwok-node-4"":3,""kwok-node-5"":3,""kwok-node-6"":3,""kwok-node-7"":3,""kwok-node-8"":3,""kwok-node-9"":4}","{""p1"":31,""p2"":37,""p3"":17,""p4"":29}","{""p1"":41,""p2"":30,""p3"":10,""p4"":26}","{""p1"":14}","{""p1"":4,""p2"":7,""p3"":7,""p4"":3}","{rs-11-p1-x7k62,rs-14-p1-b8492,rs-14-p1-d9f5r,rs-18-p1-5n5v7,rs-18-p1-vjjv4,rs-24-p1-5tb6w,rs-24-p1-cm762,rs-24-p1-cqxrj,rs-24-p1-dnzzm,rs-41-p1-7q9rm,rs-41-p1-lkmvr,rs-41-p1-xhwtl,rs-42-p1-8krzd,rs-49-p1-8q9jw}","{rs-39-p3-9kvpf,rs-39-p3-j5hlv,rs-40-p2-fs6q5,rs-40-p2-nz5gl,rs-40-p2-pf7qm,rs-41-p1-7q9rm,rs-41-p1-lkmvr,rs-41-p1-xhwtl,rs-43-p3-27p6m,rs-43-p3-q7z5q,rs-45-p2-zzndw,rs-46-p2-7s9jt,rs-46-p2-snpz2,rs-46-p2-w4l47,rs-47-p3-7dsrf,rs-49-p1-8q9jw,rs-50-p4-rsjx9,rs-50-p4-stfnz,rs-50-p4-xp95t,rs-51-p3-4pt4r,rs-51-p3-wv4r7}","{rs-01-p4-r8skb,rs-01-p4-wp89f,rs-02-p2-m9jdk,rs-03-p4-xsw4p,rs-04-p1-khqtg,rs-05-p4-k457n,rs-06-p4-l7qr5,rs-06-p4-zgg78,rs-07-p2-fqbzs,rs-07-p2-vj6kk,rs-08-p2-ck9r4,rs-09-p1-jsrxj,rs-09-p1-p9q84,rs-09-p1-x2ssm,rs-10-p2-kpnjv,rs-10-p2-n62g5,rs-10-p2-qqmxh,rs-10-p2-x5cdg,rs-11-p1-64b9j,rs-11-p1-6xnxc,rs-11-p1-drpcw,rs-12-p3-9gnfn,rs-12-p3-lrcgv,rs-12-p3-qxzmx,rs-13-p1-4z782,rs-13-p1-h67ns,rs-13-p1-tw5f6,rs-14-p1-9rbs2,rs-14-p1-cdvtk,rs-15-p2-59kqb,rs-15-p2-6x7dl,rs-16-p1-btnp7,rs-16-p1-bxbdv,rs-16-p1-jn8np,rs-16-p1-qg4cr,rs-17-p2-58cph,rs-17-p2-7kp4g,rs-17-p2-r7fdc,rs-18-p1-f2pc6,rs-19-p3-xf9qt,rs-20-p2-4nj2z,rs-20-p2-98v7h,rs-21-p1-6wgwb,rs-21-p1-bzkm7,rs-21-p1-p5l45,rs-21-p1-zptq6,rs-22-p4-4md6g,rs-22-p4-shclh,rs-22-p4-wg492,rs-22-p4-xf4mf,rs-23-p4-npk4t,rs-25-p2-cppkc,rs-26-p1-dwdhd,rs-26-p1-g69c4,rs-26-p1-kxfkk,rs-26-p1-p4zfq,rs-27-p4-7ml7l,rs-27-p4-fvzzk,rs-27-p4-vdqn2,rs-28-p1-6rvzc,rs-29-p2-9d5v7,rs-29-p2-hfkkg,rs-29-p2-thqth,rs-30-p4-dcl8n,rs-30-p4-q7nvv,rs-30-p4-sr4v4,rs-30-p4-v2c8t,rs-31-p2-89j4x,rs-32-p4-kpn7v,rs-32-p4-ttl67,rs-32-p4-xxqjd,rs-33-p4-2g4nt,rs-33-p4-z9vsw,rs-34-p4-4tnq7,rs-34-p4-cc66d,rs-34-p4-gpstl,rs-35-p3-2v8vl,rs-35-p3-92nzn,rs-35-p3-cm7jj,rs-35-p3-xzgtb,rs-36-p2-qdqg6,rs-36-p2-qmsn5,rs-37-p2-lqstt,rs-37-p2-s28dh,rs-37-p2-tq997,rs-37-p2-zfvhq,rs-38-p2-bp8qq,rs-38-p2-lwqrx,rs-39-p3-9kvpf,rs-39-p3-j5hlv,rs-40-p2-fs6q5,rs-40-p2-nz5gl,rs-40-p2-pf7qm,rs-42-p1-g87f7,rs-42-p1-tbkvb,rs-42-p1-tl5kb,rs-43-p3-27p6m,rs-43-p3-q7z5q,rs-44-p1-pnzgb,rs-45-p2-m2hkl,rs-45-p2-wq4n4,rs-45-p2-zzndw,rs-46-p2-7s9jt,rs-46-p2-snpz2,rs-46-p2-w4l47,rs-47-p3-5xf42,rs-47-p3-7dsrf,rs-47-p3-9sff6,rs-48-p1-j5pkj,rs-50-p4-rsjx9,rs-50-p4-stfnz,rs-50-p4-xp95t,rs-51-p3-4pt4r,rs-51-p3-wv4r7}","{rs-01-p4-r8skb,rs-01-p4-wp89f,rs-02-p2-m9jdk,rs-03-p4-xsw4p,rs-04-p1-7nzwd,rs-05-p4-k457n,rs-06-p4-l7qr5,rs-06-p4-zgg78,rs-07-p2-fqbzs,rs-07-p2-vj6kk,rs-08-p2-ck9r4,rs-09-p1-nzs79,rs-09-p1-s79vw,rs-09-p1-xz2hl,rs-10-p2-kpnjv,rs-10-p2-n62g5,rs-10-p2-qqmxh,rs-10-p2-x5cdg,rs-11-p1-7jfqn,rs-11-p1-rpwcw,rs-11-p1-rxx45,rs-11-p1-sggmc,rs-12-p3-9gnfn,rs-12-p3-lrcgv,rs-12-p3-qxzmx,rs-13-p1-5t97k,rs-13-p1-kc6pq,rs-13-p1-zbkd9,rs-14-p1-8clb8,rs-14-p1-dm8bw,rs-14-p1-l696q,rs-14-p1-qdzk2,rs-15-p2-59kqb,rs-15-p2-6x7dl,rs-16-p1-gcm2p,rs-16-p1-kbm54,rs-16-p1-wv7mx,rs-16-p1-xcxmm,rs-17-p2-58cph,rs-17-p2-7kp4g,rs-17-p2-r7fdc,rs-18-p1-9mztc,rs-18-p1-dtw4f,rs-18-p1-jqqjk,rs-19-p3-xf9qt,rs-20-p2-4nj2z,rs-20-p2-98v7h,rs-21-p1-dwntx,rs-21-p1-f2kql,rs-21-p1-gdnmw,rs-21-p1-knsvz,rs-22-p4-4md6g,rs-22-p4-shclh,rs-22-p4-wg492,rs-22-p4-xf4mf,rs-23-p4-npk4t,rs-24-p1-h8xlc,rs-24-p1-m8w6h,rs-24-p1-nrmrx,rs-24-p1-pp8qw,rs-25-p2-cppkc,rs-26-p1-2vd8n,rs-26-p1-7s64q,rs-26-p1-f8bb4,rs-26-p1-k7rbh,rs-27-p4-7ml7l,rs-27-p4-fvzzk,rs-27-p4-vdqn2,rs-28-p1-x8ntj,rs-29-p2-9d5v7,rs-29-p2-hfkkg,rs-29-p2-thqth,rs-30-p4-dcl8n,rs-30-p4-q7nvv,rs-30-p4-sr4v4,rs-30-p4-v2c8t,rs-31-p2-89j4x,rs-32-p4-kpn7v,rs-32-p4-ttl67,rs-32-p4-xxqjd,rs-33-p4-2g4nt,rs-33-p4-z9vsw,rs-34-p4-4tnq7,rs-34-p4-cc66d,rs-34-p4-gpstl,rs-35-p3-2v8vl,rs-35-p3-92nzn,rs-35-p3-cm7jj,rs-35-p3-xzgtb,rs-36-p2-qdqg6,rs-36-p2-qmsn5,rs-37-p2-lqstt,rs-37-p2-s28dh,rs-37-p2-tq997,rs-37-p2-zfvhq,rs-38-p2-bp8qq,rs-38-p2-lwqrx,rs-42-p1-597q9,rs-42-p1-5cjlx,rs-42-p1-p76v9,rs-42-p1-tl5kb,rs-44-p1-grsgx,rs-45-p2-m2hkl,rs-45-p2-wq4n4,rs-47-p3-5xf42,rs-47-p3-9sff6,rs-48-p1-vp95n}","[{""name"":""rs-01-p4-r8skb"",""cpu_m"":788,""mem_b"":609690620,""priority"":""4"",""node"":""kwok-node-1""},{""name"":""rs-01-p4-wp89f"",""cpu_m"":788,""mem_b"":609690620,""priority"":""4"",""node"":""kwok-node-17""},{""name"":""rs-02-p2-m9jdk"",""cpu_m"":475,""mem_b"":147800160,""priority"":""2"",""node"":""kwok-node-18""},{""name"":""rs-03-p4-xsw4p"",""cpu_m"":273,""mem_b"":110871494,""priority"":""4"",""node"":""kwok-node-16""},{""name"":""rs-04-p1-khqtg"",""cpu_m"":764,""mem_b"":508015330,""priority"":""1"",""node"":""kwok-node-19""},{""name"":""rs-05-p4-k457n"",""cpu_m"":293,""mem_b"":524657282,""priority"":""4"",""node"":""kwok-node-15""},{""name"":""rs-06-p4-l7qr5"",""cpu_m"":189,""mem_b"":204459334,""priority"":""4"",""node"":""kwok-node-12""},{""name"":""rs-06-p4-zgg78"",""cpu_m"":189,""mem_b"":204459334,""priority"":""4"",""node"":""kwok-node-10""},{""name"":""rs-07-p2-fqbzs"",""cpu_m"":419,""mem_b"":781460944,""priority"":""2"",""node"":""kwok-node-20""},{""name"":""rs-07-p2-vj6kk"",""cpu_m"":419,""mem_b"":781460944,""priority"":""2"",""node"":""kwok-node-23""},{""name"":""rs-08-p2-ck9r4"",""cpu_m"":145,""mem_b"":444609883,""priority"":""2"",""node"":""kwok-node-19""},{""name"":""rs-09-p1-jsrxj"",""cpu_m"":902,""mem_b"":457778691,""priority"":""1"",""node"":""kwok-node-13""},{""name"":""rs-09-p1-p9q84"",""cpu_m"":902,""mem_b"":457778691,""priority"":""1"",""node"":""kwok-node-4""},{""name"":""rs-09-p1-x2ssm"",""cpu_m"":902,""mem_b"":457778691,""priority"":""1"",""node"":""kwok-node-4""},{""name"":""rs-10-p2-kpnjv"",""cpu_m"":885,""mem_b"":295730935,""priority"":""2"",""node"":""kwok-node-2""},{""name"":""rs-10-p2-n62g5"",""cpu_m"":885,""mem_b"":295730935,""priority"":""2"",""node"":""kwok-node-28""},{""name"":""rs-10-p2-qqmxh"",""cpu_m"":885,""mem_b"":295730935,""priority"":""2"",""node"":""kwok-node-29""},{""name"":""rs-10-p2-x5cdg"",""cpu_m"":885,""mem_b"":295730935,""priority"":""2"",""node"":""kwok-node-11""},{""name"":""rs-11-p1-64b9j"",""cpu_m"":402,""mem_b"":872129871,""priority"":""1"",""node"":""kwok-node-21""},{""name"":""rs-11-p1-6xnxc"",""cpu_m"":402,""mem_b"":872129871,""priority"":""1"",""node"":""kwok-node-2""},{""name"":""rs-11-p1-drpcw"",""cpu_m"":402,""mem_b"":872129871,""priority"":""1"",""node"":""kwok-node-6""},{""name"":""rs-11-p1-x7k62"",""cpu_m"":402,""mem_b"":872129871,""priority"":""1"",""node"":""""},{""name"":""rs-12-p3-9gnfn"",""cpu_m"":289,""mem_b"":624445771,""priority"":""3"",""node"":""kwok-node-3""},{""name"":""rs-12-p3-lrcgv"",""cpu_m"":289,""mem_b"":624445771,""priority"":""3"",""node"":""kwok-node-9""},{""name"":""rs-12-p3-qxzmx"",""cpu_m"":289,""mem_b"":624445771,""priority"":""3"",""node"":""kwok-node-25""},{""name"":""rs-13-p1-4z782"",""cpu_m"":471,""mem_b"":336709297,""priority"":""1"",""node"":""kwok-node-29""},{""name"":""rs-13-p1-h67ns"",""cpu_m"":471,""mem_b"":336709297,""priority"":""1"",""node"":""kwok-node-20""},{""name"":""rs-13-p1-tw5f6"",""cpu_m"":471,""mem_b"":336709297,""priority"":""1"",""node"":""kwok-node-5""},{""name"":""rs-14-p1-9rbs2"",""cpu_m"":921,""mem_b"":316592965,""priority"":""1"",""node"":""kwok-node-14""},{""name"":""rs-14-p1-b8492"",""cpu_m"":921,""mem_b"":316592965,""priority"":""1"",""node"":""""},{""name"":""rs-14-p1-cdvtk"",""cpu_m"":921,""mem_b"":316592965,""priority"":""1"",""node"":""kwok-node-19""},{""name"":""rs-14-p1-d9f5r"",""cpu_m"":921,""mem_b"":316592965,""priority"":""1"",""node"":""""},{""name"":""rs-15-p2-59kqb"",""cpu_m"":788,""mem_b"":517792183,""priority"":""2"",""node"":""kwok-node-12""},{""name"":""rs-15-p2-6x7dl"",""cpu_m"":788,""mem_b"":517792183,""priority"":""2"",""node"":""kwok-node-10""},{""name"":""rs-16-p1-btnp7"",""cpu_m"":977,""mem_b"":318573980,""priority"":""1"",""node"":""kwok-node-3""},{""name"":""rs-16-p1-bxbdv"",""cpu_m"":977,""mem_b"":318573980,""priority"":""1"",""node"":""kwok-node-7""},{""name"":""rs-16-p1-jn8np"",""cpu_m"":977,""mem_b"":318573980,""priority"":""1"",""node"":""kwok-node-7""},{""name"":""rs-16-p1-qg4cr"",""cpu_m"":977,""mem_b"":318573980,""priority"":""1"",""node"":""kwok-node-26""},{""name"":""rs-17-p2-58cph"",""cpu_m"":925,""mem_b"":995248957,""priority"":""2"",""node"":""kwok-node-18""},{""name"":""rs-17-p2-7kp4g"",""cpu_m"":925,""mem_b"":995248957,""priority"":""2"",""node"":""kwok-node-32""},{""name"":""rs-17-p2-r7fdc"",""cpu_m"":925,""mem_b"":995248957,""priority"":""2"",""node"":""kwok-node-8""},{""name"":""rs-18-p1-5n5v7"",""cpu_m"":306,""mem_b"":653725738,""priority"":""1"",""node"":""""},{""name"":""rs-18-p1-f2pc6"",""cpu_m"":306,""mem_b"":653725738,""priority"":""1"",""node"":""kwok-node-11""},{""name"":""rs-18-p1-vjjv4"",""cpu_m"":306,""mem_b"":653725738,""priority"":""1"",""node"":""""},{""name"":""rs-19-p3-xf9qt"",""cpu_m"":258,""mem_b"":649844720,""priority"":""3"",""node"":""kwok-node-29""},{""name"":""rs-20-p2-4nj2z"",""cpu_m"":779,""mem_b"":186994063,""priority"":""2"",""node"":""kwok-node-25""},{""name"":""rs-20-p2-98v7h"",""cpu_m"":779,""mem_b"":186994063,""priority"":""2"",""node"":""kwok-node-9""},{""name"":""rs-21-p1-6wgwb"",""cpu_m"":187,""mem_b"":588142000,""priority"":""1"",""node"":""kwok-node-30""},{""name"":""rs-21-p1-bzkm7"",""cpu_m"":187,""mem_b"":588142000,""priority"":""1"",""node"":""kwok-node-7""},{""name"":""rs-21-p1-p5l45"",""cpu_m"":187,""mem_b"":588142000,""priority"":""1"",""node"":""kwok-node-31""},{""name"":""rs-21-p1-zptq6"",""cpu_m"":187,""mem_b"":588142000,""priority"":""1"",""node"":""kwok-node-28""},{""name"":""rs-22-p4-4md6g"",""cpu_m"":854,""mem_b"":897318671,""priority"":""4"",""node"":""kwok-node-24""},{""name"":""rs-22-p4-shclh"",""cpu_m"":854,""mem_b"":897318671,""priority"":""4"",""node"":""kwok-node-22""},{""name"":""rs-22-p4-wg492"",""cpu_m"":854,""mem_b"":897318671,""priority"":""4"",""node"":""kwok-node-27""},{""name"":""rs-22-p4-xf4mf"",""cpu_m"":854,""mem_b"":897318671,""priority"":""4"",""node"":""kwok-node-13""},{""name"":""rs-23-p4-npk4t"",""cpu_m"":834,""mem_b"":781938457,""priority"":""4"",""node"":""kwok-node-17""},{""name"":""rs-24-p1-5tb6w"",""cpu_m"":726,""mem_b"":729198090,""priority"":""1"",""node"":""""},{""name"":""rs-24-p1-cm762"",""cpu_m"":726,""mem_b"":729198090,""priority"":""1"",""node"":""""},{""name"":""rs-24-p1-cqxrj"",""cpu_m"":726,""mem_b"":729198090,""priority"":""1"",""node"":""""},{""name"":""rs-24-p1-dnzzm"",""cpu_m"":726,""mem_b"":729198090,""priority"":""1"",""node"":""""},{""name"":""rs-25-p2-cppkc"",""cpu_m"":117,""mem_b"":775410463,""priority"":""2"",""node"":""kwok-node-16""},{""name"":""rs-26-p1-dwdhd"",""cpu_m"":376,""mem_b"":372570099,""priority"":""1"",""node"":""kwok-node-28""},{""name"":""rs-26-p1-g69c4"",""cpu_m"":376,""mem_b"":372570099,""priority"":""1"",""node"":""kwok-node-10""},{""name"":""rs-26-p1-kxfkk"",""cpu_m"":376,""mem_b"":372570099,""priority"":""1"",""node"":""kwok-node-12""},{""name"":""rs-26-p1-p4zfq"",""cpu_m"":376,""mem_b"":372570099,""priority"":""1"",""node"":""kwok-node-30""},{""name"":""rs-27-p4-7ml7l"",""cpu_m"":998,""mem_b"":467853912,""priority"":""4"",""node"":""kwok-node-5""},{""name"":""rs-27-p4-fvzzk"",""cpu_m"":998,""mem_b"":467853912,""priority"":""4"",""node"":""kwok-node-31""},{""name"":""rs-27-p4-vdqn2"",""cpu_m"":998,""mem_b"":467853912,""priority"":""4"",""node"":""kwok-node-6""},{""name"":""rs-28-p1-6rvzc"",""cpu_m"":446,""mem_b"":623486106,""priority"":""1"",""node"":""kwok-node-27""},{""name"":""rs-29-p2-9d5v7"",""cpu_m"":914,""mem_b"":706596178,""priority"":""2"",""node"":""kwok-node-30""},{""name"":""rs-29-p2-hfkkg"",""cpu_m"":914,""mem_b"":706596178,""priority"":""2"",""node"":""kwok-node-21""},{""name"":""rs-29-p2-thqth"",""cpu_m"":914,""mem_b"":706596178,""priority"":""2"",""node"":""kwok-node-2""},{""name"":""rs-30-p4-dcl8n"",""cpu_m"":379,""mem_b"":775038620,""priority"":""4"",""node"":""kwok-node-4""},{""name"":""rs-30-p4-q7nvv"",""cpu_m"":379,""mem_b"":775038620,""priority"":""4"",""node"":""kwok-node-26""},{""name"":""rs-30-p4-sr4v4"",""cpu_m"":379,""mem_b"":775038620,""priority"":""4"",""node"":""kwok-node-15""},{""name"":""rs-30-p4-v2c8t"",""cpu_m"":379,""mem_b"":775038620,""priority"":""4"",""node"":""kwok-node-14""},{""name"":""rs-31-p2-89j4x"",""cpu_m"":864,""mem_b"":178910629,""priority"":""2"",""node"":""kwok-node-20""},{""name"":""rs-32-p4-kpn7v"",""cpu_m"":632,""mem_b"":572945701,""priority"":""4"",""node"":""kwok-node-28""},{""name"":""rs-32-p4-ttl67"",""cpu_m"":632,""mem_b"":572945701,""priority"":""4"",""node"":""kwok-node-11""},{""name"":""rs-32-p4-xxqjd"",""cpu_m"":632,""mem_b"":572945701,""priority"":""4"",""node"":""kwok-node-29""},{""name"":""rs-33-p4-2g4nt"",""cpu_m"":412,""mem_b"":331573765,""priority"":""4"",""node"":""kwok-node-3""},{""name"":""rs-33-p4-z9vsw"",""cpu_m"":412,""mem_b"":331573765,""priority"":""4"",""node"":""kwok-node-23""},{""name"":""rs-34-p4-4tnq7"",""cpu_m"":379,""mem_b"":481795864,""priority"":""4"",""node"":""kwok-node-25""},{""name"":""rs-34-p4-cc66d"",""cpu_m"":379,""mem_b"":481795864,""priority"":""4"",""node"":""kwok-node-18""},{""name"":""rs-34-p4-gpstl"",""cpu_m"":379,""mem_b"":481795864,""priority"":""4"",""node"":""kwok-node-9""},{""name"":""rs-35-p3-2v8vl"",""cpu_m"":831,""mem_b"":312591258,""priority"":""3"",""node"":""kwok-node-23""},{""name"":""rs-35-p3-92nzn"",""cpu_m"":831,""mem_b"":312591258,""priority"":""3"",""node"":""kwok-node-5""},{""name"":""rs-35-p3-cm7jj"",""cpu_m"":831,""mem_b"":312591258,""priority"":""3"",""node"":""kwok-node-30""},{""name"":""rs-35-p3-xzgtb"",""cpu_m"":831,""mem_b"":312591258,""priority"":""3"",""node"":""kwok-node-16""},{""name"":""rs-36-p2-qdqg6"",""cpu_m"":161,""mem_b"":512385366,""priority"":""2"",""node"":""kwok-node-3""},{""name"":""rs-36-p2-qmsn5"",""cpu_m"":161,""mem_b"":512385366,""priority"":""2"",""node"":""kwok-node-7""},{""name"":""rs-37-p2-lqstt"",""cpu_m"":685,""mem_b"":436189788,""priority"":""2"",""node"":""kwok-node-8""},{""name"":""rs-37-p2-s28dh"",""cpu_m"":685,""mem_b"":436189788,""priority"":""2"",""node"":""kwok-node-6""},{""name"":""rs-37-p2-tq997"",""cpu_m"":685,""mem_b"":436189788,""priority"":""2"",""node"":""kwok-node-31""},{""name"":""rs-37-p2-zfvhq"",""cpu_m"":685,""mem_b"":436189788,""priority"":""2"",""node"":""kwok-node-32""},{""name"":""rs-38-p2-bp8qq"",""cpu_m"":421,""mem_b"":309927315,""priority"":""2"",""node"":""kwok-node-19""},{""name"":""rs-38-p2-lwqrx"",""cpu_m"":421,""mem_b"":309927315,""priority"":""2"",""node"":""kwok-node-1""},{""name"":""rs-39-p3-9kvpf"",""cpu_m"":894,""mem_b"":506428081,""priority"":""3"",""node"":""kwok-node-9""},{""name"":""rs-39-p3-j5hlv"",""cpu_m"":894,""mem_b"":506428081,""priority"":""3"",""node"":""kwok-node-25""},{""name"":""rs-40-p2-fs6q5"",""cpu_m"":727,""mem_b"":459954718,""priority"":""2"",""node"":""kwok-node-8""},{""name"":""rs-40-p2-nz5gl"",""cpu_m"":727,""mem_b"":459954718,""priority"":""2"",""node"":""kwok-node-22""},{""name"":""rs-40-p2-pf7qm"",""cpu_m"":727,""mem_b"":459954718,""priority"":""2"",""node"":""kwok-node-32""},{""name"":""rs-41-p1-7q9rm"",""cpu_m"":978,""mem_b"":683841423,""priority"":""1"",""node"":""""},{""name"":""rs-41-p1-lkmvr"",""cpu_m"":978,""mem_b"":683841423,""priority"":""1"",""node"":""""},{""name"":""rs-41-p1-xhwtl"",""cpu_m"":978,""mem_b"":683841423,""priority"":""1"",""node"":""""},{""name"":""rs-42-p1-8krzd"",""cpu_m"":223,""mem_b"":428005144,""priority"":""1"",""node"":""""},{""name"":""rs-42-p1-g87f7"",""cpu_m"":223,""mem_b"":428005144,""priority"":""1"",""node"":""kwok-node-16""},{""name"":""rs-42-p1-tbkvb"",""cpu_m"":223,""mem_b"":428005144,""priority"":""1"",""node"":""kwok-node-31""},{""name"":""rs-42-p1-tl5kb"",""cpu_m"":223,""mem_b"":428005144,""priority"":""1"",""node"":""kwok-node-24""},{""name"":""rs-43-p3-27p6m"",""cpu_m"":660,""mem_b"":706907266,""priority"":""3"",""node"":""kwok-node-14""},{""name"":""rs-43-p3-q7z5q"",""cpu_m"":660,""mem_b"":706907266,""priority"":""3"",""node"":""kwok-node-26""},{""name"":""rs-44-p1-pnzgb"",""cpu_m"":854,""mem_b"":180417041,""priority"":""1"",""node"":""kwok-node-15""},{""name"":""rs-45-p2-m2hkl"",""cpu_m"":402,""mem_b"":530666666,""priority"":""2"",""node"":""kwok-node-13""},{""name"":""rs-45-p2-wq4n4"",""cpu_m"":402,""mem_b"":530666666,""priority"":""2"",""node"":""kwok-node-17""},{""name"":""rs-45-p2-zzndw"",""cpu_m"":402,""mem_b"":530666666,""priority"":""2"",""node"":""kwok-node-1""},{""name"":""rs-46-p2-7s9jt"",""cpu_m"":661,""mem_b"":529637470,""priority"":""2"",""node"":""kwok-node-1""},{""name"":""rs-46-p2-snpz2"",""cpu_m"":661,""mem_b"":529637470,""priority"":""2"",""node"":""kwok-node-23""},{""name"":""rs-46-p2-w4l47"",""cpu_m"":661,""mem_b"":529637470,""priority"":""2"",""node"":""kwok-node-22""},{""name"":""rs-47-p3-5xf42"",""cpu_m"":427,""mem_b"":486952256,""priority"":""3"",""node"":""kwok-node-10""},{""name"":""rs-47-p3-7dsrf"",""cpu_m"":427,""mem_b"":486952256,""priority"":""3"",""node"":""kwok-node-20""},{""name"":""rs-47-p3-9sff6"",""cpu_m"":427,""mem_b"":486952256,""priority"":""3"",""node"":""kwok-node-12""},{""name"":""rs-48-p1-j5pkj"",""cpu_m"":477,""mem_b"":345961412,""priority"":""1"",""node"":""kwok-node-11""},{""name"":""rs-49-p1-8q9jw"",""cpu_m"":876,""mem_b"":953947489,""priority"":""1"",""node"":""""},{""name"":""rs-50-p4-rsjx9"",""cpu_m"":891,""mem_b"":291521069,""priority"":""4"",""node"":""kwok-node-16""},{""name"":""rs-50-p4-stfnz"",""cpu_m"":891,""mem_b"":291521069,""priority"":""4"",""node"":""kwok-node-24""},{""name"":""rs-50-p4-xp95t"",""cpu_m"":891,""mem_b"":291521069,""priority"":""4"",""node"":""kwok-node-27""},{""name"":""rs-51-p3-4pt4r"",""cpu_m"":778,""mem_b"":398856911,""priority"":""3"",""node"":""kwok-node-15""},{""name"":""rs-51-p3-wv4r7"",""cpu_m"":778,""mem_b"":398856911,""priority"":""3"",""node"":""kwok-node-21""}]","[{""name"":""rs-01-p4-r8skb"",""cpu_m"":788,""mem_b"":609690620,""priority"":""4"",""node"":""kwok-node-1""},{""name"":""rs-01-p4-wp89f"",""cpu_m"":788,""mem_b"":609690620,""priority"":""4"",""node"":""kwok-node-17""},{""name"":""rs-02-p2-m9jdk"",""cpu_m"":475,""mem_b"":147800160,""priority"":""2"",""node"":""kwok-node-18""},{""name"":""rs-03-p4-xsw4p"",""cpu_m"":273,""mem_b"":110871494,""priority"":""4"",""node"":""kwok-node-16""},{""name"":""rs-04-p1-7nzwd"",""cpu_m"":764,""mem_b"":508015330,""priority"":""1"",""node"":""kwok-node-13""},{""name"":""rs-05-p4-k457n"",""cpu_m"":293,""mem_b"":524657282,""priority"":""4"",""node"":""kwok-node-15""},{""name"":""rs-06-p4-l7qr5"",""cpu_m"":189,""mem_b"":204459334,""priority"":""4"",""node"":""kwok-node-12""},{""name"":""rs-06-p4-zgg78"",""cpu_m"":189,""mem_b"":204459334,""priority"":""4"",""node"":""kwok-node-10""},{""name"":""rs-07-p2-fqbzs"",""cpu_m"":419,""mem_b"":781460944,""priority"":""2"",""node"":""kwok-node-20""},{""name"":""rs-07-p2-vj6kk"",""cpu_m"":419,""mem_b"":781460944,""priority"":""2"",""node"":""kwok-node-23""},{""name"":""rs-08-p2-ck9r4"",""cpu_m"":145,""mem_b"":444609883,""priority"":""2"",""node"":""kwok-node-19""},{""name"":""rs-09-p1-nzs79"",""cpu_m"":902,""mem_b"":457778691,""priority"":""1"",""node"":""kwok-node-22""},{""name"":""rs-09-p1-s79vw"",""cpu_m"":902,""mem_b"":457778691,""priority"":""1"",""node"":""kwok-node-27""},{""name"":""rs-09-p1-xz2hl"",""cpu_m"":902,""mem_b"":457778691,""priority"":""1"",""node"":""kwok-node-24""},{""name"":""rs-10-p2-kpnjv"",""cpu_m"":885,""mem_b"":295730935,""priority"":""2"",""node"":""kwok-node-2""},{""name"":""rs-10-p2-n62g5"",""cpu_m"":885,""mem_b"":295730935,""priority"":""2"",""node"":""kwok-node-28""},{""name"":""rs-10-p2-qqmxh"",""cpu_m"":885,""mem_b"":295730935,""priority"":""2"",""node"":""kwok-node-29""},{""name"":""rs-10-p2-x5cdg"",""cpu_m"":885,""mem_b"":295730935,""priority"":""2"",""node"":""kwok-node-11""},{""name"":""rs-11-p1-7jfqn"",""cpu_m"":402,""mem_b"":872129871,""priority"":""1"",""node"":""kwok-node-31""},{""name"":""rs-11-p1-rpwcw"",""cpu_m"":402,""mem_b"":872129871,""priority"":""1"",""node"":""kwok-node-30""},{""name"":""rs-11-p1-rxx45"",""cpu_m"":402,""mem_b"":872129871,""priority"":""1"",""node"":""kwok-node-6""},{""name"":""rs-11-p1-sggmc"",""cpu_m"":402,""mem_b"":872129871,""priority"":""1"",""node"":""kwok-node-5""},{""name"":""rs-12-p3-9gnfn"",""cpu_m"":289,""mem_b"":624445771,""priority"":""3"",""node"":""kwok-node-3""},{""name"":""rs-12-p3-lrcgv"",""cpu_m"":289,""mem_b"":624445771,""priority"":""3"",""node"":""kwok-node-9""},{""name"":""rs-12-p3-qxzmx"",""cpu_m"":289,""mem_b"":624445771,""priority"":""3"",""node"":""kwok-node-25""},{""name"":""rs-13-p1-5t97k"",""cpu_m"":471,""mem_b"":336709297,""priority"":""1"",""node"":""kwok-node-21""},{""name"":""rs-13-p1-kc6pq"",""cpu_m"":471,""mem_b"":336709297,""priority"":""1"",""node"":""kwok-node-32""},{""name"":""rs-13-p1-zbkd9"",""cpu_m"":471,""mem_b"":336709297,""priority"":""1"",""node"":""kwok-node-8""},{""name"":""rs-14-p1-8clb8"",""cpu_m"":921,""mem_b"":316592965,""priority"":""1"",""node"":""kwok-node-4""},{""name"":""rs-14-p1-dm8bw"",""cpu_m"":921,""mem_b"":316592965,""priority"":""1"",""node"":""kwok-node-7""},{""name"":""rs-14-p1-l696q"",""cpu_m"":921,""mem_b"":316592965,""priority"":""1"",""node"":""kwok-node-14""},{""name"":""rs-14-p1-qdzk2"",""cpu_m"":921,""mem_b"":316592965,""priority"":""1"",""node"":""kwok-node-26""},{""name"":""rs-15-p2-59kqb"",""cpu_m"":788,""mem_b"":517792183,""priority"":""2"",""node"":""kwok-node-12""},{""name"":""rs-15-p2-6x7dl"",""cpu_m"":788,""mem_b"":517792183,""priority"":""2"",""node"":""kwok-node-10""},{""name"":""rs-16-p1-gcm2p"",""cpu_m"":977,""mem_b"":318573980,""priority"":""1"",""node"":""kwok-node-15""},{""name"":""rs-16-p1-kbm54"",""cpu_m"":977,""mem_b"":318573980,""priority"":""1"",""node"":""kwok-node-16""},{""name"":""rs-16-p1-wv7mx"",""cpu_m"":977,""mem_b"":318573980,""priority"":""1"",""node"":""kwok-node-19""},{""name"":""rs-16-p1-xcxmm"",""cpu_m"":977,""mem_b"":318573980,""priority"":""1"",""node"":""kwok-node-3""},{""name"":""rs-17-p2-58cph"",""cpu_m"":925,""mem_b"":995248957,""priority"":""2"",""node"":""kwok-node-18""},{""name"":""rs-17-p2-7kp4g"",""cpu_m"":925,""mem_b"":995248957,""priority"":""2"",""node"":""kwok-node-32""},{""name"":""rs-17-p2-r7fdc"",""cpu_m"":925,""mem_b"":995248957,""priority"":""2"",""node"":""kwok-node-8""},{""name"":""rs-18-p1-9mztc"",""cpu_m"":306,""mem_b"":653725738,""priority"":""1"",""node"":""kwok-node-21""},{""name"":""rs-18-p1-dtw4f"",""cpu_m"":306,""mem_b"":653725738,""priority"":""1"",""node"":""kwok-node-28""},{""name"":""rs-18-p1-jqqjk"",""cpu_m"":306,""mem_b"":653725738,""priority"":""1"",""node"":""kwok-node-11""},{""name"":""rs-19-p3-xf9qt"",""cpu_m"":258,""mem_b"":649844720,""priority"":""3"",""node"":""kwok-node-29""},{""name"":""rs-20-p2-4nj2z"",""cpu_m"":779,""mem_b"":186994063,""priority"":""2"",""node"":""kwok-node-25""},{""name"":""rs-20-p2-98v7h"",""cpu_m"":779,""mem_b"":186994063,""priority"":""2"",""node"":""kwok-node-9""},{""name"":""rs-21-p1-dwntx"",""cpu_m"":187,""mem_b"":588142000,""priority"":""1"",""node"":""kwok-node-26""},{""name"":""rs-21-p1-f2kql"",""cpu_m"":187,""mem_b"":588142000,""priority"":""1"",""node"":""kwok-node-2""},{""name"":""rs-21-p1-gdnmw"",""cpu_m"":187,""mem_b"":588142000,""priority"":""1"",""node"":""kwok-node-4""},{""name"":""rs-21-p1-knsvz"",""cpu_m"":187,""mem_b"":588142000,""priority"":""1"",""node"":""kwok-node-14""},{""name"":""rs-22-p4-4md6g"",""cpu_m"":854,""mem_b"":897318671,""priority"":""4"",""node"":""kwok-node-24""},{""name"":""rs-22-p4-shclh"",""cpu_m"":854,""mem_b"":897318671,""priority"":""4"",""node"":""kwok-node-22""},{""name"":""rs-22-p4-wg492"",""cpu_m"":854,""mem_b"":897318671,""priority"":""4"",""node"":""kwok-node-27""},{""name"":""rs-22-p4-xf4mf"",""cpu_m"":854,""mem_b"":897318671,""priority"":""4"",""node"":""kwok-node-13""},{""name"":""rs-23-p4-npk4t"",""cpu_m"":834,""mem_b"":781938457,""priority"":""4"",""node"":""kwok-node-17""},{""name"":""rs-24-p1-h8xlc"",""cpu_m"":726,""mem_b"":729198090,""priority"":""1"",""node"":""kwok-node-7""},{""name"":""rs-24-p1-m8w6h"",""cpu_m"":726,""mem_b"":729198090,""priority"":""1"",""node"":""kwok-node-1""},{""name"":""rs-24-p1-nrmrx"",""cpu_m"":726,""mem_b"":729198090,""priority"":""1"",""node"":""kwok-node-10""},{""name"":""rs-24-p1-pp8qw"",""cpu_m"":726,""mem_b"":729198090,""priority"":""1"",""node"":""kwok-node-12""},{""name"":""rs-25-p2-cppkc"",""cpu_m"":117,""mem_b"":775410463,""priority"":""2"",""node"":""kwok-node-16""},{""name"":""rs-26-p1-2vd8n"",""cpu_m"":376,""mem_b"":372570099,""priority"":""1"",""node"":""kwok-node-20""},{""name"":""rs-26-p1-7s64q"",""cpu_m"":376,""mem_b"":372570099,""priority"":""1"",""node"":""kwok-node-25""},{""name"":""rs-26-p1-f8bb4"",""cpu_m"":376,""mem_b"":372570099,""priority"":""1"",""node"":""kwok-node-9""},{""name"":""rs-26-p1-k7rbh"",""cpu_m"":376,""mem_b"":372570099,""priority"":""1"",""node"":""kwok-node-23""},{""name"":""rs-27-p4-7ml7l"",""cpu_m"":998,""mem_b"":467853912,""priority"":""4"",""node"":""kwok-node-5""},{""name"":""rs-27-p4-fvzzk"",""cpu_m"":998,""mem_b"":467853912,""priority"":""4"",""node"":""kwok-node-31""},{""name"":""rs-27-p4-vdqn2"",""cpu_m"":998,""mem_b"":467853912,""priority"":""4"",""node"":""kwok-node-6""},{""name"":""rs-28-p1-x8ntj"",""cpu_m"":446,""mem_b"":623486106,""priority"":""1"",""node"":""kwok-node-19""},{""name"":""rs-29-p2-9d5v7"",""cpu_m"":914,""mem_b"":706596178,""priority"":""2"",""node"":""kwok-node-30""},{""name"":""rs-29-p2-hfkkg"",""cpu_m"":914,""mem_b"":706596178,""priority"":""2"",""node"":""kwok-node-21""},{""name"":""rs-29-p2-thqth"",""cpu_m"":914,""mem_b"":706596178,""priority"":""2"",""node"":""kwok-node-2""},{""name"":""rs-30-p4-dcl8n"",""cpu_m"":379,""mem_b"":775038620,""priority"":""4"",""node"":""kwok-node-4""},{""name"":""rs-30-p4-q7nvv"",""cpu_m"":379,""mem_b"":775038620,""priority"":""4"",""node"":""kwok-node-26""},{""name"":""rs-30-p4-sr4v4"",""cpu_m"":379,""mem_b"":775038620,""priority"":""4"",""node"":""kwok-node-15""},{""name"":""rs-30-p4-v2c8t"",""cpu_m"":379,""mem_b"":775038620,""priority"":""4"",""node"":""kwok-node-14""},{""name"":""rs-31-p2-89j4x"",""cpu_m"":864,""mem_b"":178910629,""priority"":""2"",""node"":""kwok-node-20""},{""name"":""rs-32-p4-kpn7v"",""cpu_m"":632,""mem_b"":572945701,""priority"":""4"",""node"":""kwok-node-28""},{""name"":""rs-32-p4-ttl67"",""cpu_m"":632,""mem_b"":572945701,""priority"":""4"",""node"":""kwok-node-11""},{""name"":""rs-32-p4-xxqjd"",""cpu_m"":632,""mem_b"":572945701,""priority"":""4"",""node"":""kwok-node-29""},{""name"":""rs-33-p4-2g4nt"",""cpu_m"":412,""mem_b"":331573765,""priority"":""4"",""node"":""kwok-node-3""},{""name"":""rs-33-p4-z9vsw"",""cpu_m"":412,""mem_b"":331573765,""priority"":""4"",""node"":""kwok-node-23""},{""name"":""rs-34-p4-4tnq7"",""cpu_m"":379,""mem_b"":481795864,""priority"":""4"",""node"":""kwok-node-25""},{""name"":""rs-34-p4-cc66d"",""cpu_m"":379,""mem_b"":481795864,""priority"":""4"",""node"":""kwok-node-18""},{""name"":""rs-34-p4-gpstl"",""cpu_m"":379,""mem_b"":481795864,""priority"":""4"",""node"":""kwok-node-9""},{""name"":""rs-35-p3-2v8vl"",""cpu_m"":831,""mem_b"":312591258,""priority"":""3"",""node"":""kwok-node-23""},{""name"":""rs-35-p3-92nzn"",""cpu_m"":831,""mem_b"":312591258,""priority"":""3"",""node"":""kwok-node-5""},{""name"":""rs-35-p3-cm7jj"",""cpu_m"":831,""mem_b"":312591258,""priority"":""3"",""node"":""kwok-node-30""},{""name"":""rs-35-p3-xzgtb"",""cpu_m"":831,""mem_b"":312591258,""priority"":""3"",""node"":""kwok-node-16""},{""name"":""rs-36-p2-qdqg6"",""cpu_m"":161,""mem_b"":512385366,""priority"":""2"",""node"":""kwok-node-3""},{""name"":""rs-36-p2-qmsn5"",""cpu_m"":161,""mem_b"":512385366,""priority"":""2"",""node"":""kwok-node-7""},{""name"":""rs-37-p2-lqstt"",""cpu_m"":685,""mem_b"":436189788,""priority"":""2"",""node"":""kwok-node-8""},{""name"":""rs-37-p2-s28dh"",""cpu_m"":685,""mem_b"":436189788,""priority"":""2"",""node"":""kwok-node-6""},{""name"":""rs-37-p2-tq997"",""cpu_m"":685,""mem_b"":436189788,""priority"":""2"",""node"":""kwok-node-31""},{""name"":""rs-37-p2-zfvhq"",""cpu_m"":685,""mem_b"":436189788,""priority"":""2"",""node"":""kwok-node-32""},{""name"":""rs-38-p2-bp8qq"",""cpu_m"":421,""mem_b"":309927315,""priority"":""2"",""node"":""kwok-node-19""},{""name"":""rs-38-p2-lwqrx"",""cpu_m"":421,""mem_b"":309927315,""priority"":""2"",""node"":""kwok-node-1""},{""name"":""rs-39-p3-9kvpf"",""cpu_m"":894,""mem_b"":506428081,""priority"":""3"",""node"":""""},{""name"":""rs-39-p3-j5hlv"",""cpu_m"":894,""mem_b"":506428081,""priority"":""3"",""node"":""""},{""name"":""rs-40-p2-fs6q5"",""cpu_m"":727,""mem_b"":459954718,""priority"":""2"",""node"":""""},{""name"":""rs-40-p2-nz5gl"",""cpu_m"":727,""mem_b"":459954718,""priority"":""2"",""node"":""""},{""name"":""rs-40-p2-pf7qm"",""cpu_m"":727,""mem_b"":459954718,""priority"":""2"",""node"":""""},{""name"":""rs-41-p1-7q9rm"",""cpu_m"":978,""mem_b"":683841423,""priority"":""1"",""node"":""""},{""name"":""rs-41-p1-lkmvr"",""cpu_m"":978,""mem_b"":683841423,""priority"":""1"",""node"":""""},{""name"":""rs-41-p1-xhwtl"",""cpu_m"":978,""mem_b"":683841423,""priority"":""1"",""node"":""""},{""name"":""rs-42-p1-597q9"",""cpu_m"":223,""mem_b"":428005144,""priority"":""1"",""node"":""kwok-node-22""},{""name"":""rs-42-p1-5cjlx"",""cpu_m"":223,""mem_b"":428005144,""priority"":""1"",""node"":""kwok-node-20""},{""name"":""rs-42-p1-p76v9"",""cpu_m"":223,""mem_b"":428005144,""priority"":""1"",""node"":""kwok-node-27""},{""name"":""rs-42-p1-tl5kb"",""cpu_m"":223,""mem_b"":428005144,""priority"":""1"",""node"":""kwok-node-24""},{""name"":""rs-43-p3-27p6m"",""cpu_m"":660,""mem_b"":706907266,""priority"":""3"",""node"":""""},{""name"":""rs-43-p3-q7z5q"",""cpu_m"":660,""mem_b"":706907266,""priority"":""3"",""node"":""""},{""name"":""rs-44-p1-grsgx"",""cpu_m"":854,""mem_b"":180417041,""priority"":""1"",""node"":""kwok-node-14""},{""name"":""rs-45-p2-m2hkl"",""cpu_m"":402,""mem_b"":530666666,""priority"":""2"",""node"":""kwok-node-13""},{""name"":""rs-45-p2-wq4n4"",""cpu_m"":402,""mem_b"":530666666,""priority"":""2"",""node"":""kwok-node-17""},{""name"":""rs-45-p2-zzndw"",""cpu_m"":402,""mem_b"":530666666,""priority"":""2"",""node"":""""},{""name"":""rs-46-p2-7s9jt"",""cpu_m"":661,""mem_b"":529637470,""priority"":""2"",""node"":""""},{""name"":""rs-46-p2-snpz2"",""cpu_m"":661,""mem_b"":529637470,""priority"":""2"",""node"":""""},{""name"":""rs-46-p2-w4l47"",""cpu_m"":661,""mem_b"":529637470,""priority"":""2"",""node"":""""},{""name"":""rs-47-p3-5xf42"",""cpu_m"":427,""mem_b"":486952256,""priority"":""3"",""node"":""kwok-node-10""},{""name"":""rs-47-p3-7dsrf"",""cpu_m"":427,""mem_b"":486952256,""priority"":""3"",""node"":""""},{""name"":""rs-47-p3-9sff6"",""cpu_m"":427,""mem_b"":486952256,""priority"":""3"",""node"":""kwok-node-12""},{""name"":""rs-48-p1-vp95n"",""cpu_m"":477,""mem_b"":345961412,""priority"":""1"",""node"":""kwok-node-29""},{""name"":""rs-49-p1-8q9jw"",""cpu_m"":876,""mem_b"":953947489,""priority"":""1"",""node"":""""},{""name"":""rs-50-p4-rsjx9"",""cpu_m"":891,""mem_b"":291521069,""priority"":""4"",""node"":""""},{""name"":""rs-50-p4-stfnz"",""cpu_m"":891,""mem_b"":291521069,""priority"":""4"",""node"":""""},{""name"":""rs-50-p4-xp95t"",""cpu_m"":891,""mem_b"":291521069,""priority"":""4"",""node"":""""},{""name"":""rs-51-p3-4pt4r"",""cpu_m"":778,""mem_b"":398856911,""priority"":""3"",""node"":""""},{""name"":""rs-51-p3-wv4r7"",""cpu_m"":778,""mem_b"":398856911,""priority"":""3"",""node"":""""}]","[{""name"":""kwok-node-1"",""cap_cpu_m"":2344,""cap_mem_bytes"":1981135982},{""name"":""kwok-node-2"",""cap_cpu_m"":2344,""cap_mem_bytes"":1981135982},{""name"":""kwok-node-3"",""cap_cpu_m"":2344,""cap_mem_bytes"":1981135982},{""name"":""kwok-node-4"",""cap_cpu_m"":2344,""cap_mem_bytes"":1981135982},{""name"":""kwok-node-5"",""cap_cpu_m"":2344,""cap_mem_bytes"":1981135982},{""name"":""kwok-node-6"",""cap_cpu_m"":2344,""cap_mem_bytes"":1981135982},{""name"":""kwok-node-7"",""cap_cpu_m"":2344,""cap_mem_bytes"":1981135982},{""name"":""kwok-node-8"",""cap_cpu_m"":2344,""cap_mem_bytes"":1981135982},{""name"":""kwok-node-9"",""cap_cpu_m"":2344,""cap_mem_bytes"":1981135982},{""name"":""kwok-node-10"",""cap_cpu_m"":2344,""cap_mem_bytes"":1981135982},{""name"":""kwok-node-11"",""cap_cpu_m"":2344,""cap_mem_bytes"":1981135982},{""name"":""kwok-node-12"",""cap_cpu_m"":2344,""cap_mem_bytes"":1981135982},{""name"":""kwok-node-13"",""cap_cpu_m"":2344,""cap_mem_bytes"":1981135982},{""name"":""kwok-node-14"",""cap_cpu_m"":2344,""cap_mem_bytes"":1981135982},{""name"":""kwok-node-15"",""cap_cpu_m"":2344,""cap_mem_bytes"":1981135982},{""name"":""kwok-node-16"",""cap_cpu_m"":2344,""cap_mem_bytes"":1981135982},{""name"":""kwok-node-17"",""cap_cpu_m"":2344,""cap_mem_bytes"":1981135982},{""name"":""kwok-node-18"",""cap_cpu_m"":2344,""cap_mem_bytes"":1981135982},{""name"":""kwok-node-19"",""cap_cpu_m"":2344,""cap_mem_bytes"":1981135982},{""name"":""kwok-node-20"",""cap_cpu_m"":2344,""cap_mem_bytes"":1981135982},{""name"":""kwok-node-21"",""cap_cpu_m"":2344,""cap_mem_bytes"":1981135982},{""name"":""kwok-node-22"",""cap_cpu_m"":2344,""cap_mem_bytes"":1981135982},{""name"":""kwok-node-23"",""cap_cpu_m"":2344,""cap_mem_bytes"":1981135982},{""name"":""kwok-node-24"",""cap_cpu_m"":2344,""cap_mem_bytes"":1981135982},{""name"":""kwok-node-25"",""cap_cpu_m"":2344,""cap_mem_bytes"":1981135982},{""name"":""kwok-node-26"",""cap_cpu_m"":2344,""cap_mem_bytes"":1981135982},{""name"":""kwok-node-27"",""cap_cpu_m"":2344,""cap_mem_bytes"":1981135982},{""name"":""kwok-node-28"",""cap_cpu_m"":2344,""cap_mem_bytes"":1981135982},{""name"":""kwok-node-29"",""cap_cpu_m"":2344,""cap_mem_bytes"":1981135982},{""name"":""kwok-node-30"",""cap_cpu_m"":2344,""cap_mem_bytes"":1981135982},{""name"":""kwok-node-31"",""cap_cpu_m"":2344,""cap_mem_bytes"":1981135982},{""name"":""kwok-node-32"",""cap_cpu_m"":2344,""cap_mem_bytes"":1981135982}]"
2026/02/11/12:23:05,3937612914725950854,,"{""evicted"":0,""moved"":0,""placed_by_priority"":{""1"":25,""2"":31,""3"":35,""4"":18}}",python,"{""evicted"":13,""moved"":5,""placed_by_priority"":{""1"":12,""2"":39,""3"":39,""4"":21}}",700,OPTIMAL,"[{""duration_ms"":700,""name"":""python"",""score"":{""evicted"":13,""moved"":5,""placed_by_priority"":{""1"":12,""2"":39,""3"":39,""4"":21}},""status"":""OPTIMAL""}]",0.872,0.829,0.891,0.847,56468,53696,54768901734,52115032717,111,109,17,19,"{""kwok-node-1"":4,""kwok-node-10"":2,""kwok-node-11"":4,""kwok-node-12"":4,""kwok-node-13"":4,""kwok-node-14"":3,""kwok-node-15"":4,""kwok-node-16"":4,""kwok-node-17"":5,""kwok-node-18"":3,""kwok-node-19"":4,""kwok-node-2"":4,""kwok-node-20"":3,""kwok-node-21"":4,""kwok-node-22"":2,""kwok-node-23"":4,""kwok-node-24"":4,""kwok-node-25"":3,""kwok-node-26"":3,""kwok-node-27"":3,""kwok-node-28"":4,""kwok-node-29"":3,""kwok-node-3"":4,""kwok-node-30"":3,""kwok-node-31"":4,""kwok-node-32"":4,""kwok-node-4"":3,""kwok-node-5"":3,""kwok-node-6"":3,""kwok-node-7"":3,""kwok-node-8"":3,""kwok-node-9"":3}","{""kwok-node-1"":4,""kwok-node-10"":3,""kwok-node-11"":4,""kwok-node-12"":4,""kwok-node-13"":4,""kwok-node-14"":3,""kwok-node-15"":4,""kwok-node-16"":4,""kwok-node-17"":4,""kwok-node-18"":3,""kwok-node-19"":4,""kwok-node-2"":4,""kwok-node-20"":3,""kwok-node-21"":4,""kwok-node-22"":3,""kwok-node-23"":4,""kwok-node-24"":4,""kwok-node-25"":3,""kwok-node-26"":3,""kwok-node-27"":3,""kwok-node-28"":4,""kwok-node-29"":3,""kwok-node-3"":3,""kwok-node-30"":3,""kwok-node-31"":3,""kwok-node-32"":3,""kwok-node-4"":3,""kwok-node-5"":3,""kwok-node-6"":3,""kwok-node-7"":3,""kwok-node-8"":3,""kwok-node-9"":3}","{""p1"":12,""p2"":39,""p3"":39,""p4"":21}","{""p1"":25,""p2"":31,""p3"":35,""p4"":18}","{""p1"":17}","{""p1"":4,""p2"":8,""p3"":4,""p4"":3}","{rs-04-p1-85ct9,rs-04-p1-ft9zm,rs-04-p1-hqsjp,rs-09-p1-9h6kt,rs-09-p1-nsnqh,rs-12-p1-47mbn,rs-12-p1-4gfhn,rs-12-p1-6qlt4,rs-12-p1-nddkn,rs-23-p1-wdhrb,rs-32-p1-bhjlx,rs-32-p1-ktfkm,rs-32-p1-s65hf,rs-39-p1-6c5gh,rs-39-p1-h4kp8,rs-39-p1-p4rmv,rs-39-p1-tgw4x}","{rs-34-p4-fglh6,rs-38-p3-bmrm9,rs-39-p1-6c5gh,rs-39-p1-h4kp8,rs-39-p1-p4rmv,rs-39-p1-tgw4x,rs-40-p2-7nzms,rs-40-p2-h45kg,rs-40-p2-nbzfp,rs-40-p2-xm75k,rs-42-p3-d6f8n,rs-45-p2-56wjv,rs-45-p2-rzfrv,rs-45-p2-t542f,rs-46-p2-m6cmb,rs-47-p3-449th,rs-47-p3-m58x4,rs-50-p4-5rqrm,rs-50-p4-lljcz}","{rs-01-p3-5qbkq,rs-01-p3-szdzq,rs-01-p3-tlp8h,rs-01-p3-wdp4x,rs-02-p3-6z7pj,rs-02-p3-88jks,rs-03-p2-mbc65,rs-04-p1-fw95v,rs-05-p2-dc48h,rs-05-p2-gwmxd,rs-05-p2-xnq9c,rs-06-p1-469xm,rs-06-p1-wb98x,rs-07-p2-2d8j6,rs-07-p2-95hzs,rs-07-p2-kswfm,rs-07-p2-tss9n,rs-08-p4-9djdt,rs-08-p4-jvtzz,rs-08-p4-xptzh,rs-10-p3-mngsr,rs-11-p4-7kg66,rs-13-p4-qvqmr,rs-13-p4-wbmqj,rs-13-p4-zcqts,rs-14-p4-g6ktx,rs-14-p4-qx2h4,rs-14-p4-rxnmc,rs-14-p4-trbqp,rs-15-p3-g6hcv,rs-15-p3-g6l42,rs-15-p3-nzpsf,rs-15-p3-wcvws,rs-16-p3-sptjv,rs-17-p3-w6rcn,rs-18-p2-jwqdx,rs-18-p2-l4gt8,rs-18-p2-nvkjd,rs-19-p3-j42gw,rs-19-p3-mpg2v,rs-19-p3-z2xpk,rs-20-p3-nqv59,rs-21-p1-mwrvt,rs-21-p1-wn5z7,rs-21-p1-x7gj8,rs-22-p4-fkpjt,rs-22-p4-jzxng,rs-22-p4-r922l,rs-24-p2-2tcnl,rs-24-p2-gdmqp,rs-24-p2-rxg29,rs-24-p2-z8kds,rs-25-p2-6hlt8,rs-25-p2-dlx86,rs-25-p2-qcnqz,rs-25-p2-xj5x6,rs-26-p3-6thh8,rs-26-p3-9b75d,rs-26-p3-g8jwm,rs-26-p3-qtjr7,rs-27-p2-kbnxp,rs-27-p2-kzr5k,rs-28-p3-8h2vk,rs-28-p3-8rxzt,rs-28-p3-ptlkd,rs-29-p2-xjpdw,rs-30-p3-2hlhr,rs-30-p3-nt5v4,rs-30-p3-tsqj8,rs-30-p3-vvfc2,rs-31-p3-c6nv8,rs-33-p2-2wwdp,rs-33-p2-6mplb,rs-33-p2-r2p7j,rs-34-p4-fglh6,rs-35-p2-kptc7,rs-35-p2-nqr92,rs-35-p2-t5ntd,rs-35-p2-vvx6w,rs-36-p3-j4fk8,rs-36-p3-vprtx,rs-37-p1-9fsvp,rs-38-p3-bmrm9,rs-38-p3-kx5rq,rs-38-p3-lthfm,rs-38-p3-sptwk,rs-40-p2-7nzms,rs-40-p2-h45kg,rs-40-p2-nbzfp,rs-40-p2-xm75k,rs-41-p1-v7bm5,rs-42-p3-d6f8n,rs-43-p4-6bq52,rs-43-p4-mtbmz,rs-43-p4-mzcgg,rs-43-p4-n5p8d,rs-44-p2-d6lx2,rs-44-p2-ltm9m,rs-45-p2-56wjv,rs-45-p2-rzfrv,rs-45-p2-t542f,rs-46-p2-m6cmb,rs-47-p3-449th,rs-47-p3-m58x4,rs-48-p3-zzfns,rs-49-p1-f74qm,rs-49-p1-mvtsc,rs-49-p1-xq5x9,rs-49-p1-zf4vj,rs-50-p4-5rqrm,rs-50-p4-lljcz}","{rs-01-p3-5qbkq,rs-01-p3-szdzq,rs-01-p3-tlp8h,rs-01-p3-wdp4x,rs-02-p3-6z7pj,rs-02-p3-88jks,rs-03-p2-mbc65,rs-04-p1-4s22l,rs-04-p1-fw95v,rs-04-p1-k59z9,rs-04-p1-tl6xc,rs-05-p2-dc48h,rs-05-p2-gwmxd,rs-05-p2-xnq9c,rs-06-p1-469xm,rs-06-p1-b7gwz,rs-07-p2-2d8j6,rs-07-p2-95hzs,rs-07-p2-kswfm,rs-07-p2-tss9n,rs-08-p4-9djdt,rs-08-p4-jvtzz,rs-08-p4-xptzh,rs-09-p1-r5z22,rs-09-p1-xj667,rs-10-p3-mngsr,rs-11-p4-7kg66,rs-12-p1-56mbr,rs-12-p1-644zr,rs-12-p1-ggcdk,rs-12-p1-shrcj,rs-13-p4-qvqmr,rs-13-p4-wbmqj,rs-13-p4-zcqts,rs-14-p4-g6ktx,rs-14-p4-qx2h4,rs-14-p4-rxnmc,rs-14-p4-trbqp,rs-15-p3-g6hcv,rs-15-p3-g6l42,rs-15-p3-nzpsf,rs-15-p3-wcvws,rs-16-p3-sptjv,rs-17-p3-w6rcn,rs-18-p2-jwqdx,rs-18-p2-l4gt8,rs-18-p2-nvkjd,rs-19-p3-j42gw,rs-19-p3-mpg2v,rs-19-p3-z2xpk,rs-20-p3-nqv59,rs-21-p1-78j7b,rs-21-p1-bkktg,rs-21-p1-c6pb5,rs-22-p4-fkpjt,rs-22-p4-jzxng,rs-22-p4-r922l,rs-23-p1-6snjv,rs-24-p2-2tcnl,rs-24-p2-gdmqp,rs-24-p2-rxg29,rs-24-p2-z8kds,rs-25-p2-6hlt8,rs-25-p2-dlx86,rs-25-p2-qcnqz,rs-25-p2-xj5x6,rs-26-p3-6thh8,rs-26-p3-9b75d,rs-26-p3-g8jwm,rs-26-p3-qtjr7,rs-27-p2-kbnxp,rs-27-p2-kzr5k,rs-28-p3-8h2vk,rs-28-p3-8rxzt,rs-28-p3-ptlkd,rs-29-p2-xjpdw,rs-30-p3-2hlhr,rs-30-p3-nt5v4,rs-30-p3-tsqj8,rs-30-p3-vvfc2,rs-31-p3-c6nv8,rs-32-p1-4q2t7,rs-32-p1-nds68,rs-32-p1-wfcmx,rs-33-p2-2wwdp,rs-33-p2-6mplb,rs-33-p2-r2p7j,rs-35-p2-kptc7,rs-35-p2-nqr92,rs-35-p2-t5ntd,rs-35-p2-vvx6w,rs-36-p3-j4fk8,rs-36-p3-vprtx,rs-37-p1-dwk85,rs-38-p3-kx5rq,rs-38-p3-lthfm,rs-38-p3-sptwk,rs-41-p1-v7bm5,rs-43-p4-6bq52,rs-43-p4-mtbmz,rs-43-p4-mzcgg,rs-43-p4-n5p8d,rs-44-p2-d6lx2,rs-44-p2-ltm9m,rs-48-p3-zzfns,rs-49-p1-f74qm,rs-49-p1-mvtsc,rs-49-p1-xq5x9,rs-49-p1-zf4vj}","[{""name"":""rs-01-p3-5qbkq"",""cpu_m"":187,""mem_b"":199941884,""priority"":""3"",""node"":""kwok-node-15""},{""name"":""rs-01-p3-szdzq"",""cpu_m"":187,""mem_b"":199941884,""priority"":""3"",""node"":""kwok-node-13""},{""name"":""rs-01-p3-tlp8h"",""cpu_m"":187,""mem_b"":199941884,""priority"":""3"",""node"":""kwok-node-12""},{""name"":""rs-01-p3-wdp4x"",""cpu_m"":187,""mem_b"":199941884,""priority"":""3"",""node"":""kwok-node-1""},{""name"":""rs-02-p3-6z7pj"",""cpu_m"":147,""mem_b"":337117994,""priority"":""3"",""node"":""kwok-node-17""},{""name"":""rs-02-p3-88jks"",""cpu_m"":147,""mem_b"":337117994,""priority"":""3"",""node"":""kwok-node-16""},{""name"":""rs-03-p2-mbc65"",""cpu_m"":592,""mem_b"":784576381,""priority"":""2"",""node"":""kwok-node-18""},{""name"":""rs-04-p1-85ct9"",""cpu_m"":800,""mem_b"":367003892,""priority"":""1"",""node"":""""},{""name"":""rs-04-p1-ft9zm"",""cpu_m"":800,""mem_b"":367003892,""priority"":""1"",""node"":""""},{""name"":""rs-04-p1-fw95v"",""cpu_m"":800,""mem_b"":367003892,""priority"":""1"",""node"":""kwok-node-20""},{""name"":""rs-04-p1-hqsjp"",""cpu_m"":800,""mem_b"":367003892,""priority"":""1"",""node"":""""},{""name"":""rs-05-p2-dc48h"",""cpu_m"":205,""mem_b"":115628400,""priority"":""2"",""node"":""kwok-node-23""},{""name"":""rs-05-p2-gwmxd"",""cpu_m"":205,""mem_b"":115628400,""priority"":""2"",""node"":""kwok-node-11""},{""name"":""rs-05-p2-xnq9c"",""cpu_m"":205,""mem_b"":115628400,""priority"":""2"",""node"":""kwok-node-21""},{""name"":""rs-06-p1-469xm"",""cpu_m"":181,""mem_b"":106940336,""priority"":""1"",""node"":""kwok-node-2""},{""name"":""rs-06-p1-wb98x"",""cpu_m"":181,""mem_b"":106940336,""priority"":""1"",""node"":""kwok-node-17""},{""name"":""rs-07-p2-2d8j6"",""cpu_m"":570,""mem_b"":402602932,""priority"":""2"",""node"":""kwok-node-25""},{""name"":""rs-07-p2-95hzs"",""cpu_m"":570,""mem_b"":402602932,""priority"":""2"",""node"":""kwok-node-24""},{""name"":""rs-07-p2-kswfm"",""cpu_m"":570,""mem_b"":402602932,""priority"":""2"",""node"":""kwok-node-27""},{""name"":""rs-07-p2-tss9n"",""cpu_m"":570,""mem_b"":402602932,""priority"":""2"",""node"":""kwok-node-28""},{""name"":""rs-08-p4-9djdt"",""cpu_m"":579,""mem_b"":789313640,""priority"":""4"",""node"":""kwok-node-26""},{""name"":""rs-08-p4-jvtzz"",""cpu_m"":579,""mem_b"":789313640,""priority"":""4"",""node"":""kwok-node-29""},{""name"":""rs-08-p4-xptzh"",""cpu_m"":579,""mem_b"":789313640,""priority"":""4"",""node"":""kwok-node-2""},{""name"":""rs-09-p1-9h6kt"",""cpu_m"":697,""mem_b"":751536345,""priority"":""1"",""node"":""""},{""name"":""rs-09-p1-nsnqh"",""cpu_m"":697,""mem_b"":751536345,""priority"":""1"",""node"":""""},{""name"":""rs-10-p3-mngsr"",""cpu_m"":424,""mem_b"":633885908,""priority"":""3"",""node"":""kwok-node-11""},{""name"":""rs-11-p4-7kg66"",""cpu_m"":564,""mem_b"":845572433,""priority"":""4"",""node"":""kwok-node-19""},{""name"":""rs-12-p1-47mbn"",""cpu_m"":459,""mem_b"":922117723,""priority"":""1"",""node"":""""},{""name"":""rs-12-p1-4gfhn"",""cpu_m"":459,""mem_b"":922117723,""priority"":""1"",""node"":""""},{""name"":""rs-12-p1-6qlt4"",""cpu_m"":459,""mem_b"":922117723,""priority"":""1"",""node"":""""},{""name"":""rs-12-p1-nddkn"",""cpu_m"":459,""mem_b"":922117723,""priority"":""1"",""node"":""""},{""name"":""rs-13-p4-qvqmr"",""cpu_m"":344,""mem_b"":922028405,""priority"":""4"",""node"":""kwok-node-4""},{""name"":""rs-13-p4-wbmqj"",""cpu_m"":344,""mem_b"":922028405,""priority"":""4"",""node"":""kwok-node-7""},{""name"":""rs-13-p4-zcqts"",""cpu_m"":344,""mem_b"":922028405,""priority"":""4"",""node"":""kwok-node-9""},{""name"":""rs-14-p4-g6ktx"",""cpu_m"":123,""mem_b"":511538338,""priority"":""4"",""node"":""kwok-node-8""},{""name"":""rs-14-p4-qx2h4"",""cpu_m"":123,""mem_b"":511538338,""priority"":""4"",""node"":""kwok-node-21""},{""name"":""rs-14-p4-rxnmc"",""cpu_m"":123,""mem_b"":511538338,""priority"":""4"",""node"":""kwok-node-23""},{""name"":""rs-14-p4-trbqp"",""cpu_m"":123,""mem_b"":511538338,""priority"":""4"",""node"":""kwok-node-13""},{""name"":""rs-15-p3-g6hcv"",""cpu_m"":412,""mem_b"":931089000,""priority"":""3"",""node"":""kwok-node-16""},{""name"":""rs-15-p3-g6l42"",""cpu_m"":412,""mem_b"":931089000,""priority"":""3"",""node"":""kwok-node-1""},{""name"":""rs-15-p3-nzpsf"",""cpu_m"":412,""mem_b"":931089000,""priority"":""3"",""node"":""kwok-node-15""},{""name"":""rs-15-p3-wcvws"",""cpu_m"":412,""mem_b"":931089000,""priority"":""3"",""node"":""kwok-node-12""},{""name"":""rs-16-p3-sptjv"",""cpu_m"":520,""mem_b"":715105956,""priority"":""3"",""node"":""kwok-node-17""},{""name"":""rs-17-p3-w6rcn"",""cpu_m"":230,""mem_b"":708559090,""priority"":""3"",""node"":""kwok-node-14""},{""name"":""rs-18-p2-jwqdx"",""cpu_m"":304,""mem_b"":386964391,""priority"":""2"",""node"":""kwok-node-28""},{""name"":""rs-18-p2-l4gt8"",""cpu_m"":304,""mem_b"":386964391,""priority"":""2"",""node"":""kwok-node-27""},{""name"":""rs-18-p2-nvkjd"",""cpu_m"":304,""mem_b"":386964391,""priority"":""2"",""node"":""kwok-node-24""},{""name"":""rs-19-p3-j42gw"",""cpu_m"":871,""mem_b"":484075548,""priority"":""3"",""node"":""kwok-node-23""},{""name"":""rs-19-p3-mpg2v"",""cpu_m"":871,""mem_b"":484075548,""priority"":""3"",""node"":""kwok-node-21""},{""name"":""rs-19-p3-z2xpk"",""cpu_m"":871,""mem_b"":484075548,""priority"":""3"",""node"":""kwok-node-8""},{""name"":""rs-20-p3-nqv59"",""cpu_m"":780,""mem_b"":517908055,""priority"":""3"",""node"":""kwok-node-13""},{""name"":""rs-21-p1-mwrvt"",""cpu_m"":356,""mem_b"":446775674,""priority"":""1"",""node"":""kwok-node-32""},{""name"":""rs-21-p1-wn5z7"",""cpu_m"":356,""mem_b"":446775674,""priority"":""1"",""node"":""kwok-node-3""},{""name"":""rs-21-p1-x7gj8"",""cpu_m"":356,""mem_b"":446775674,""priority"":""1"",""node"":""kwok-node-31""},{""name"":""rs-22-p4-fkpjt"",""cpu_m"":815,""mem_b"":335546013,""priority"":""4"",""node"":""kwok-node-7""},{""name"":""rs-22-p4-jzxng"",""cpu_m"":815,""mem_b"":335546013,""priority"":""4"",""node"":""kwok-node-9""},{""name"":""rs-22-p4-r922l"",""cpu_m"":815,""mem_b"":335546013,""priority"":""4"",""node"":""kwok-node-32""},{""name"":""rs-23-p1-wdhrb"",""cpu_m"":294,""mem_b"":850811331,""priority"":""1"",""node"":""""},{""name"":""rs-24-p2-2tcnl"",""cpu_m"":446,""mem_b"":268604821,""priority"":""2"",""node"":""kwok-node-26""},{""name"":""rs-24-p2-gdmqp"",""cpu_m"":446,""mem_b"":268604821,""priority"":""2"",""node"":""kwok-node-18""},{""name"":""rs-24-p2-rxg29"",""cpu_m"":446,""mem_b"":268604821,""priority"":""2"",""node"":""kwok-node-29""},{""name"":""rs-24-p2-z8kds"",""cpu_m"":446,""mem_b"":268604821,""priority"":""2"",""node"":""kwok-node-11""},{""name"":""rs-25-p2-6hlt8"",""cpu_m"":108,""mem_b"":166081224,""priority"":""2"",""node"":""kwok-node-28""},{""name"":""rs-25-p2-dlx86"",""cpu_m"":108,""mem_b"":166081224,""priority"":""2"",""node"":""kwok-node-24""},{""name"":""rs-25-p2-qcnqz"",""cpu_m"":108,""mem_b"":166081224,""priority"":""2"",""node"":""kwok-node-30""},{""name"":""rs-25-p2-xj5x6"",""cpu_m"":108,""mem_b"":166081224,""priority"":""2"",""node"":""kwok-node-3""},{""name"":""rs-26-p3-6thh8"",""cpu_m"":866,""mem_b"":650692707,""priority"":""3"",""node"":""kwok-node-5""},{""name"":""rs-26-p3-9b75d"",""cpu_m"":866,""mem_b"":650692707,""priority"":""3"",""node"":""kwok-node-2""},{""name"":""rs-26-p3-g8jwm"",""cpu_m"":866,""mem_b"":650692707,""priority"":""3"",""node"":""kwok-node-6""},{""name"":""rs-26-p3-qtjr7"",""cpu_m"":866,""mem_b"":650692707,""priority"":""3"",""node"":""kwok-node-4""},{""name"":""rs-27-p2-kbnxp"",""cpu_m"":546,""mem_b"":305877731,""priority"":""2"",""node"":""kwok-node-31""},{""name"":""rs-27-p2-kzr5k"",""cpu_m"":546,""mem_b"":305877731,""priority"":""2"",""node"":""kwok-node-19""},{""name"":""rs-28-p3-8h2vk"",""cpu_m"":606,""mem_b"":946625904,""priority"":""3"",""node"":""kwok-node-22""},{""name"":""rs-28-p3-8rxzt"",""cpu_m"":606,""mem_b"":946625904,""priority"":""3"",""node"":""kwok-node-27""},{""name"":""rs-28-p3-ptlkd"",""cpu_m"":606,""mem_b"":946625904,""priority"":""3"",""node"":""kwok-node-10""},{""name"":""rs-29-p2-xjpdw"",""cpu_m"":946,""mem_b"":522044576,""priority"":""2"",""node"":""kwok-node-17""},{""name"":""rs-30-p3-2hlhr"",""cpu_m"":357,""mem_b"":932983979,""priority"":""3"",""node"":""kwok-node-3""},{""name"":""rs-30-p3-nt5v4"",""cpu_m"":357,""mem_b"":932983979,""priority"":""3"",""node"":""kwok-node-30""},{""name"":""rs-30-p3-tsqj8"",""cpu_m"":357,""mem_b"":932983979,""priority"":""3"",""node"":""kwok-node-24""},{""name"":""rs-30-p3-vvfc2"",""cpu_m"":357,""mem_b"":932983979,""priority"":""3"",""node"":""kwok-node-25""},{""name"":""rs-31-p3-c6nv8"",""cpu_m"":973,""mem_b"":449070337,""priority"":""3"",""node"":""kwok-node-1""},{""name"":""rs-32-p1-bhjlx"",""cpu_m"":530,""mem_b"":694286227,""priority"":""1"",""node"":""""},{""name"":""rs-32-p1-ktfkm"",""cpu_m"":530,""mem_b"":694286227,""priority"":""1"",""node"":""""},{""name"":""rs-32-p1-s65hf"",""cpu_m"":530,""mem_b"":694286227,""priority"":""1"",""node"":""""},{""name"":""rs-33-p2-2wwdp"",""cpu_m"":983,""mem_b"":208481875,""priority"":""2"",""node"":""kwok-node-12""},{""name"":""rs-33-p2-6mplb"",""cpu_m"":983,""mem_b"":208481875,""priority"":""2"",""node"":""kwok-node-15""},{""name"":""rs-33-p2-r2p7j"",""cpu_m"":983,""mem_b"":208481875,""priority"":""2"",""node"":""kwok-node-16""},{""name"":""rs-34-p4-fglh6"",""cpu_m"":773,""mem_b"":941532592,""priority"":""4"",""node"":""kwok-node-22""},{""name"":""rs-35-p2-kptc7"",""cpu_m"":784,""mem_b"":225240183,""priority"":""2"",""node"":""kwok-node-18""},{""name"":""rs-35-p2-nqr92"",""cpu_m"":784,""mem_b"":225240183,""priority"":""2"",""node"":""kwok-node-14""},{""name"":""rs-35-p2-t5ntd"",""cpu_m"":784,""mem_b"":225240183,""priority"":""2"",""node"":""kwok-node-31""},{""name"":""rs-35-p2-vvx6w"",""cpu_m"":784,""mem_b"":225240183,""priority"":""2"",""node"":""kwok-node-26""},{""name"":""rs-36-p3-j4fk8"",""cpu_m"":928,""mem_b"":450309065,""priority"":""3"",""node"":""kwok-node-29""},{""name"":""rs-36-p3-vprtx"",""cpu_m"":928,""mem_b"":450309065,""priority"":""3"",""node"":""kwok-node-20""},{""name"":""rs-37-p1-9fsvp"",""cpu_m"":274,""mem_b"":593563963,""priority"":""1"",""node"":""kwok-node-19""},{""name"":""rs-38-p3-bmrm9"",""cpu_m"":840,""mem_b"":282528471,""priority"":""3"",""node"":""kwok-node-3""},{""name"":""rs-38-p3-kx5rq"",""cpu_m"":840,""mem_b"":282528471,""priority"":""3"",""node"":""kwok-node-13""},{""name"":""rs-38-p3-lthfm"",""cpu_m"":840,""mem_b"":282528471,""priority"":""3"",""node"":""kwok-node-7""},{""name"":""rs-38-p3-sptwk"",""cpu_m"":840,""mem_b"":282528471,""priority"":""3"",""node"":""kwok-node-9""},{""name"":""rs-39-p1-6c5gh"",""cpu_m"":993,""mem_b"":145017802,""priority"":""1"",""node"":""""},{""name"":""rs-39-p1-h4kp8"",""cpu_m"":993,""mem_b"":145017802,""priority"":""1"",""node"":""""},{""name"":""rs-39-p1-p4rmv"",""cpu_m"":993,""mem_b"":145017802,""priority"":""1"",""node"":""""},{""name"":""rs-39-p1-tgw4x"",""cpu_m"":993,""mem_b"":145017802,""priority"":""1"",""node"":""""},{""name"":""rs-40-p2-7nzms"",""cpu_m"":968,""mem_b"":849010492,""priority"":""2"",""node"":""kwok-node-8""},{""name"":""rs-40-p2-h45kg"",""cpu_m"":968,""mem_b"":849010492,""priority"":""2"",""node"":""kwok-node-28""},{""name"":""rs-40-p2-nbzfp"",""cpu_m"":968,""mem_b"":849010492,""priority"":""2"",""node"":""kwok-node-10""},{""name"":""rs-40-p2-xm75k"",""cpu_m"":968,""mem_b"":849010492,""priority"":""2"",""node"":""kwok-node-14""},{""name"":""rs-41-p1-v7bm5"",""cpu_m"":335,""mem_b"":780784348,""priority"":""1"",""node"":""kwok-node-21""},{""name"":""rs-42-p3-d6f8n"",""cpu_m"":761,""mem_b"":751890228,""priority"":""3"",""node"":""kwok-node-23""},{""name"":""rs-43-p4-6bq52"",""cpu_m"":431,""mem_b"":104469107,""priority"":""4"",""node"":""kwok-node-32""},{""name"":""rs-43-p4-mtbmz"",""cpu_m"":431,""mem_b"":104469107,""priority"":""4"",""node"":""kwok-node-6""},{""name"":""rs-43-p4-mzcgg"",""cpu_m"":431,""mem_b"":104469107,""priority"":""4"",""node"":""kwok-node-4""},{""name"":""rs-43-p4-n5p8d"",""cpu_m"":431,""mem_b"":104469107,""priority"":""4"",""node"":""kwok-node-19""},{""name"":""rs-44-p2-d6lx2"",""cpu_m"":230,""mem_b"":334445993,""priority"":""2"",""node"":""kwok-node-12""},{""name"":""rs-44-p2-ltm9m"",""cpu_m"":230,""mem_b"":334445993,""priority"":""2"",""node"":""kwok-node-15""},{""name"":""rs-45-p2-56wjv"",""cpu_m"":108,""mem_b"":927642077,""priority"":""2"",""node"":""kwok-node-31""},{""name"":""rs-45-p2-rzfrv"",""cpu_m"":108,""mem_b"":927642077,""priority"":""2"",""node"":""kwok-node-32""},{""name"":""rs-45-p2-t542f"",""cpu_m"":108,""mem_b"":927642077,""priority"":""2"",""node"":""kwok-node-20""},{""name"":""rs-46-p2-m6cmb"",""cpu_m"":592,""mem_b"":992594513,""priority"":""2"",""node"":""kwok-node-5""},{""name"":""rs-47-p3-449th"",""cpu_m"":920,""mem_b"":501318646,""priority"":""3"",""node"":""kwok-node-30""},{""name"":""rs-47-p3-m58x4"",""cpu_m"":920,""mem_b"":501318646,""priority"":""3"",""node"":""kwok-node-25""},{""name"":""rs-48-p3-zzfns"",""cpu_m"":319,""mem_b"":116731919,""priority"":""3"",""node"":""kwok-node-5""},{""name"":""rs-49-p1-f74qm"",""cpu_m"":129,""mem_b"":114434172,""priority"":""1"",""node"":""kwok-node-1""},{""name"":""rs-49-p1-mvtsc"",""cpu_m"":129,""mem_b"":114434172,""priority"":""1"",""node"":""kwok-node-2""},{""name"":""rs-49-p1-xq5x9"",""cpu_m"":129,""mem_b"":114434172,""priority"":""1"",""node"":""kwok-node-17""},{""name"":""rs-49-p1-zf4vj"",""cpu_m"":129,""mem_b"":114434172,""priority"":""1"",""node"":""kwok-node-16""},{""name"":""rs-50-p4-5rqrm"",""cpu_m"":642,""mem_b"":864971496,""priority"":""4"",""node"":""kwok-node-11""},{""name"":""rs-50-p4-lljcz"",""cpu_m"":642,""mem_b"":864971496,""priority"":""4"",""node"":""kwok-node-6""}]","[{""name"":""rs-01-p3-5qbkq"",""cpu_m"":187,""mem_b"":199941884,""priority"":""3"",""node"":""kwok-node-15""},{""name"":""rs-01-p3-szdzq"",""cpu_m"":187,""mem_b"":199941884,""priority"":""3"",""node"":""kwok-node-13""},{""name"":""rs-01-p3-tlp8h"",""cpu_m"":187,""mem_b"":199941884,""priority"":""3"",""node"":""kwok-node-12""},{""name"":""rs-01-p3-wdp4x"",""cpu_m"":187,""mem_b"":199941884,""priority"":""3"",""node"":""kwok-node-1""},{""name"":""rs-02-p3-6z7pj"",""cpu_m"":147,""mem_b"":337117994,""priority"":""3"",""node"":""kwok-node-17""},{""name"":""rs-02-p3-88jks"",""cpu_m"":147,""mem_b"":337117994,""priority"":""3"",""node"":""kwok-node-16""},{""name"":""rs-03-p2-mbc65"",""cpu_m"":592,""mem_b"":784576381,""priority"":""2"",""node"":""kwok-node-18""},{""name"":""rs-04-p1-4s22l"",""cpu_m"":800,""mem_b"":367003892,""priority"":""1"",""node"":""kwok-node-14""},{""name"":""rs-04-p1-fw95v"",""cpu_m"":800,""mem_b"":367003892,""priority"":""1"",""node"":""kwok-node-20""},{""name"":""rs-04-p1-k59z9"",""cpu_m"":800,""mem_b"":367003892,""priority"":""1"",""node"":""kwok-node-22""},{""name"":""rs-04-p1-tl6xc"",""cpu_m"":800,""mem_b"":367003892,""priority"":""1"",""node"":""kwok-node-10""},{""name"":""rs-05-p2-dc48h"",""cpu_m"":205,""mem_b"":115628400,""priority"":""2"",""node"":""kwok-node-23""},{""name"":""rs-05-p2-gwmxd"",""cpu_m"":205,""mem_b"":115628400,""priority"":""2"",""node"":""kwok-node-11""},{""name"":""rs-05-p2-xnq9c"",""cpu_m"":205,""mem_b"":115628400,""priority"":""2"",""node"":""kwok-node-21""},{""name"":""rs-06-p1-469xm"",""cpu_m"":181,""mem_b"":106940336,""priority"":""1"",""node"":""kwok-node-2""},{""name"":""rs-06-p1-b7gwz"",""cpu_m"":181,""mem_b"":106940336,""priority"":""1"",""node"":""kwok-node-19""},{""name"":""rs-07-p2-2d8j6"",""cpu_m"":570,""mem_b"":402602932,""priority"":""2"",""node"":""kwok-node-25""},{""name"":""rs-07-p2-95hzs"",""cpu_m"":570,""mem_b"":402602932,""priority"":""2"",""node"":""kwok-node-24""},{""name"":""rs-07-p2-kswfm"",""cpu_m"":570,""mem_b"":402602932,""priority"":""2"",""node"":""kwok-node-27""},{""name"":""rs-07-p2-tss9n"",""cpu_m"":570,""mem_b"":402602932,""priority"":""2"",""node"":""kwok-node-28""},{""name"":""rs-08-p4-9djdt"",""cpu_m"":579,""mem_b"":789313640,""priority"":""4"",""node"":""kwok-node-26""},{""name"":""rs-08-p4-jvtzz"",""cpu_m"":579,""mem_b"":789313640,""priority"":""4"",""node"":""kwok-node-29""},{""name"":""rs-08-p4-xptzh"",""cpu_m"":579,""mem_b"":789313640,""priority"":""4"",""node"":""kwok-node-2""},{""name"":""rs-09-p1-r5z22"",""cpu_m"":697,""mem_b"":751536345,""priority"":""1"",""node"":""kwok-node-3""},{""name"":""rs-09-p1-xj667"",""cpu_m"":697,""mem_b"":751536345,""priority"":""1"",""node"":""kwok-node-30""},{""name"":""rs-10-p3-mngsr"",""cpu_m"":424,""mem_b"":633885908,""priority"":""3"",""node"":""kwok-node-11""},{""name"":""rs-11-p4-7kg66"",""cpu_m"":564,""mem_b"":845572433,""priority"":""4"",""node"":""kwok-node-19""},{""name"":""rs-12-p1-56mbr"",""cpu_m"":459,""mem_b"":922117723,""priority"":""1"",""node"":""kwok-node-5""},{""name"":""rs-12-p1-644zr"",""cpu_m"":459,""mem_b"":922117723,""priority"":""1"",""node"":""kwok-node-31""},{""name"":""rs-12-p1-ggcdk"",""cpu_m"":459,""mem_b"":922117723,""priority"":""1"",""node"":""kwok-node-32""},{""name"":""rs-12-p1-shrcj"",""cpu_m"":459,""mem_b"":922117723,""priority"":""1"",""node"":""kwok-node-6""},{""name"":""rs-13-p4-qvqmr"",""cpu_m"":344,""mem_b"":922028405,""priority"":""4"",""node"":""kwok-node-4""},{""name"":""rs-13-p4-wbmqj"",""cpu_m"":344,""mem_b"":922028405,""priority"":""4"",""node"":""kwok-node-7""},{""name"":""rs-13-p4-zcqts"",""cpu_m"":344,""mem_b"":922028405,""priority"":""4"",""node"":""kwok-node-9""},{""name"":""rs-14-p4-g6ktx"",""cpu_m"":123,""mem_b"":511538338,""priority"":""4"",""node"":""kwok-node-8""},{""name"":""rs-14-p4-qx2h4"",""cpu_m"":123,""mem_b"":511538338,""priority"":""4"",""node"":""kwok-node-21""},{""name"":""rs-14-p4-rxnmc"",""cpu_m"":123,""mem_b"":511538338,""priority"":""4"",""node"":""kwok-node-23""},{""name"":""rs-14-p4-trbqp"",""cpu_m"":123,""mem_b"":511538338,""priority"":""4"",""node"":""kwok-node-13""},{""name"":""rs-15-p3-g6hcv"",""cpu_m"":412,""mem_b"":931089000,""priority"":""3"",""node"":""kwok-node-16""},{""name"":""rs-15-p3-g6l42"",""cpu_m"":412,""mem_b"":931089000,""priority"":""3"",""node"":""kwok-node-1""},{""name"":""rs-15-p3-nzpsf"",""cpu_m"":412,""mem_b"":931089000,""priority"":""3"",""node"":""kwok-node-15""},{""name"":""rs-15-p3-wcvws"",""cpu_m"":412,""mem_b"":931089000,""priority"":""3"",""node"":""kwok-node-12""},{""name"":""rs-16-p3-sptjv"",""cpu_m"":520,""mem_b"":715105956,""priority"":""3"",""node"":""kwok-node-17""},{""name"":""rs-17-p3-w6rcn"",""cpu_m"":230,""mem_b"":708559090,""priority"":""3"",""node"":""kwok-node-14""},{""name"":""rs-18-p2-jwqdx"",""cpu_m"":304,""mem_b"":386964391,""priority"":""2"",""node"":""kwok-node-28""},{""name"":""rs-18-p2-l4gt8"",""cpu_m"":304,""mem_b"":386964391,""priority"":""2"",""node"":""kwok-node-27""},{""name"":""rs-18-p2-nvkjd"",""cpu_m"":304,""mem_b"":386964391,""priority"":""2"",""node"":""kwok-node-24""},{""name"":""rs-19-p3-j42gw"",""cpu_m"":871,""mem_b"":484075548,""priority"":""3"",""node"":""kwok-node-23""},{""name"":""rs-19-p3-mpg2v"",""cpu_m"":871,""mem_b"":484075548,""priority"":""3"",""node"":""kwok-node-21""},{""name"":""rs-19-p3-z2xpk"",""cpu_m"":871,""mem_b"":484075548,""priority"":""3"",""node"":""kwok-node-8""},{""name"":""rs-20-p3-nqv59"",""cpu_m"":780,""mem_b"":517908055,""priority"":""3"",""node"":""kwok-node-13""},{""name"":""rs-21-p1-78j7b"",""cpu_m"":356,""mem_b"":446775674,""priority"":""1"",""node"":""kwok-node-10""},{""name"":""rs-21-p1-bkktg"",""cpu_m"":356,""mem_b"":446775674,""priority"":""1"",""node"":""kwok-node-25""},{""name"":""rs-21-p1-c6pb5"",""cpu_m"":356,""mem_b"":446775674,""priority"":""1"",""node"":""kwok-node-22""},{""name"":""rs-22-p4-fkpjt"",""cpu_m"":815,""mem_b"":335546013,""priority"":""4"",""node"":""kwok-node-7""},{""name"":""rs-22-p4-jzxng"",""cpu_m"":815,""mem_b"":335546013,""priority"":""4"",""node"":""kwok-node-9""},{""name"":""rs-22-p4-r922l"",""cpu_m"":815,""mem_b"":335546013,""priority"":""4"",""node"":""kwok-node-32""},{""name"":""rs-23-p1-6snjv"",""cpu_m"":294,""mem_b"":850811331,""priority"":""1"",""node"":""kwok-node-20""},{""name"":""rs-24-p2-2tcnl"",""cpu_m"":446,""mem_b"":268604821,""priority"":""2"",""node"":""kwok-node-26""},{""name"":""rs-24-p2-gdmqp"",""cpu_m"":446,""mem_b"":268604821,""priority"":""2"",""node"":""kwok-node-18""},{""name"":""rs-24-p2-rxg29"",""cpu_m"":446,""mem_b"":268604821,""priority"":""2"",""node"":""kwok-node-29""},{""name"":""rs-24-p2-z8kds"",""cpu_m"":446,""mem_b"":268604821,""priority"":""2"",""node"":""kwok-node-11""},{""name"":""rs-25-p2-6hlt8"",""cpu_m"":108,""mem_b"":166081224,""priority"":""2"",""node"":""kwok-node-28""},{""name"":""rs-25-p2-dlx86"",""cpu_m"":108,""mem_b"":166081224,""priority"":""2"",""node"":""kwok-node-24""},{""name"":""rs-25-p2-qcnqz"",""cpu_m"":108,""mem_b"":166081224,""priority"":""2"",""node"":""kwok-node-30""},{""name"":""rs-25-p2-xj5x6"",""cpu_m"":108,""mem_b"":166081224,""priority"":""2"",""node"":""kwok-node-3""},{""name"":""rs-26-p3-6thh8"",""cpu_m"":866,""mem_b"":650692707,""priority"":""3"",""node"":""kwok-node-5""},{""name"":""rs-26-p3-9b75d"",""cpu_m"":866,""mem_b"":650692707,""priority"":""3"",""node"":""kwok-node-2""},{""name"":""rs-26-p3-g8jwm"",""cpu_m"":866,""mem_b"":650692707,""priority"":""3"",""node"":""kwok-node-6""},{""name"":""rs-26-p3-qtjr7"",""cpu_m"":866,""mem_b"":650692707,""priority"":""3"",""node"":""kwok-node-4""},{""name"":""rs-27-p2-kbnxp"",""cpu_m"":546,""mem_b"":305877731,""priority"":""2"",""node"":""kwok-node-31""},{""name"":""rs-27-p2-kzr5k"",""cpu_m"":546,""mem_b"":305877731,""priority"":""2"",""node"":""kwok-node-19""},{""name"":""rs-28-p3-8h2vk"",""cpu_m"":606,""mem_b"":946625904,""priority"":""3"",""node"":""kwok-node-22""},{""name"":""rs-28-p3-8rxzt"",""cpu_m"":606,""mem_b"":946625904,""priority"":""3"",""node"":""kwok-node-27""},{""name"":""rs-28-p3-ptlkd"",""cpu_m"":606,""mem_b"":946625904,""priority"":""3"",""node"":""kwok-node-10""},{""name"":""rs-29-p2-xjpdw"",""cpu_m"":946,""mem_b"":522044576,""priority"":""2"",""node"":""kwok-node-17""},{""name"":""rs-30-p3-2hlhr"",""cpu_m"":357,""mem_b"":932983979,""priority"":""3"",""node"":""kwok-node-3""},{""name"":""rs-30-p3-nt5v4"",""cpu_m"":357,""mem_b"":932983979,""priority"":""3"",""node"":""kwok-node-30""},{""name"":""rs-30-p3-tsqj8"",""cpu_m"":357,""mem_b"":932983979,""priority"":""3"",""node"":""kwok-node-24""},{""name"":""rs-30-p3-vvfc2"",""cpu_m"":357,""mem_b"":932983979,""priority"":""3"",""node"":""kwok-node-25""},{""name"":""rs-31-p3-c6nv8"",""cpu_m"":973,""mem_b"":449070337,""priority"":""3"",""node"":""kwok-node-1""},{""name"":""rs-32-p1-4q2t7"",""cpu_m"":530,""mem_b"":694286227,""priority"":""1"",""node"":""kwok-node-28""},{""name"":""rs-32-p1-nds68"",""cpu_m"":530,""mem_b"":694286227,""priority"":""1"",""node"":""kwok-node-8""},{""name"":""rs-32-p1-wfcmx"",""cpu_m"":530,""mem_b"":694286227,""priority"":""1"",""node"":""kwok-node-11""},{""name"":""rs-33-p2-2wwdp"",""cpu_m"":983,""mem_b"":208481875,""priority"":""2"",""node"":""kwok-node-12""},{""name"":""rs-33-p2-6mplb"",""cpu_m"":983,""mem_b"":208481875,""priority"":""2"",""node"":""kwok-node-15""},{""name"":""rs-33-p2-r2p7j"",""cpu_m"":983,""mem_b"":208481875,""priority"":""2"",""node"":""kwok-node-16""},{""name"":""rs-34-p4-fglh6"",""cpu_m"":773,""mem_b"":941532592,""priority"":""4"",""node"":""""},{""name"":""rs-35-p2-kptc7"",""cpu_m"":784,""mem_b"":225240183,""priority"":""2"",""node"":""kwok-node-18""},{""name"":""rs-35-p2-nqr92"",""cpu_m"":784,""mem_b"":225240183,""priority"":""2"",""node"":""kwok-node-14""},{""name"":""rs-35-p2-t5ntd"",""cpu_m"":784,""mem_b"":225240183,""priority"":""2"",""node"":""kwok-node-31""},{""name"":""rs-35-p2-vvx6w"",""cpu_m"":784,""mem_b"":225240183,""priority"":""2"",""node"":""kwok-node-26""},{""name"":""rs-36-p3-j4fk8"",""cpu_m"":928,""mem_b"":450309065,""priority"":""3"",""node"":""kwok-node-29""},{""name"":""rs-36-p3-vprtx"",""cpu_m"":928,""mem_b"":450309065,""priority"":""3"",""node"":""kwok-node-20""},{""name"":""rs-37-p1-dwk85"",""cpu_m"":274,""mem_b"":593563963,""priority"":""1"",""node"":""kwok-node-23""},{""name"":""rs-38-p3-bmrm9"",""cpu_m"":840,""mem_b"":282528471,""priority"":""3"",""node"":""""},{""name"":""rs-38-p3-kx5rq"",""cpu_m"":840,""mem_b"":282528471,""priority"":""3"",""node"":""kwok-node-13""},{""name"":""rs-38-p3-lthfm"",""cpu_m"":840,""mem_b"":282528471,""priority"":""3"",""node"":""kwok-node-7""},{""name"":""rs-38-p3-sptwk"",""cpu_m"":840,""mem_b"":282528471,""priority"":""3"",""node"":""kwok-node-9""},{""name"":""rs-39-p1-6c5gh"",""cpu_m"":993,""mem_b"":145017802,""priority"":""1"",""node"":""""},{""name"":""rs-39-p1-h4kp8"",""cpu_m"":993,""mem_b"":145017802,""priority"":""1"",""node"":""""},{""name"":""rs-39-p1-p4rmv"",""cpu_m"":993,""mem_b"":145017802,""priority"":""1"",""node"":""""},{""name"":""rs-39-p1-tgw4x"",""cpu_m"":993,""mem_b"":145017802,""priority"":""1"",""node"":""""},{""name"":""rs-40-p2-7nzms"",""cpu_m"":968,""mem_b"":849010492,""priority"":""2"",""node"":""""},{""name"":""rs-40-p2-h45kg"",""cpu_m"":968,""mem_b"":849010492,""priority"":""2"",""node"":""""},{""name"":""rs-40-p2-nbzfp"",""cpu_m"":968,""mem_b"":849010492,""priority"":""2"",""node"":""""},{""name"":""rs-40-p2-xm75k"",""cpu_m"":968,""mem_b"":849010492,""priority"":""2"",""node"":""""},{""name"":""rs-41-p1-v7bm5"",""cpu_m"":335,""mem_b"":780784348,""priority"":""1"",""node"":""kwok-node-21""},{""name"":""rs-42-p3-d6f8n"",""cpu_m"":761,""mem_b"":751890228,""priority"":""3"",""node"":""""},{""name"":""rs-43-p4-6bq52"",""cpu_m"":431,""mem_b"":104469107,""priority"":""4"",""node"":""kwok-node-32""},{""name"":""rs-43-p4-mtbmz"",""cpu_m"":431,""mem_b"":104469107,""priority"":""4"",""node"":""kwok-node-6""},{""name"":""rs-43-p4-mzcgg"",""cpu_m"":431,""mem_b"":104469107,""priority"":""4"",""node"":""kwok-node-4""},{""name"":""rs-43-p4-n5p8d"",""cpu_m"":431,""mem_b"":104469107,""priority"":""4"",""node"":""kwok-node-19""},{""name"":""rs-44-p2-d6lx2"",""cpu_m"":230,""mem_b"":334445993,""priority"":""2"",""node"":""kwok-node-12""},{""name"":""rs-44-p2-ltm9m"",""cpu_m"":230,""mem_b"":334445993,""priority"":""2"",""node"":""kwok-node-15""},{""name"":""rs-45-p2-56wjv"",""cpu_m"":108,""mem_b"":927642077,""priority"":""2"",""node"":""""},{""name"":""rs-45-p2-rzfrv"",""cpu_m"":108,""mem_b"":927642077,""priority"":""2"",""node"":""""},{""name"":""rs-45-p2-t542f"",""cpu_m"":108,""mem_b"":927642077,""priority"":""2"",""node"":""""},{""name"":""rs-46-p2-m6cmb"",""cpu_m"":592,""mem_b"":992594513,""priority"":""2"",""node"":""""},{""name"":""rs-47-p3-449th"",""cpu_m"":920,""mem_b"":501318646,""priority"":""3"",""node"":""""},{""name"":""rs-47-p3-m58x4"",""cpu_m"":920,""mem_b"":501318646,""priority"":""3"",""node"":""""},{""name"":""rs-48-p3-zzfns"",""cpu_m"":319,""mem_b"":116731919,""priority"":""3"",""node"":""kwok-node-5""},{""name"":""rs-49-p1-f74qm"",""cpu_m"":129,""mem_b"":114434172,""priority"":""1"",""node"":""kwok-node-1""},{""name"":""rs-49-p1-mvtsc"",""cpu_m"":129,""mem_b"":114434172,""priority"":""1"",""node"":""kwok-node-2""},{""name"":""rs-49-p1-xq5x9"",""cpu_m"":129,""mem_b"":114434172,""priority"":""1"",""node"":""kwok-node-17""},{""name"":""rs-49-p1-zf4vj"",""cpu_m"":129,""mem_b"":114434172,""priority"":""1"",""node"":""kwok-node-16""},{""name"":""rs-50-p4-5rqrm"",""cpu_m"":642,""mem_b"":864971496,""priority"":""4"",""node"":""""},{""name"":""rs-50-p4-lljcz"",""cpu_m"":642,""mem_b"":864971496,""priority"":""4"",""node"":""""}]","[{""name"":""kwok-node-1"",""cap_cpu_m"":2023,""cap_mem_bytes"":1921880900},{""name"":""kwok-node-2"",""cap_cpu_m"":2023,""cap_mem_bytes"":1921880900},{""name"":""kwok-node-3"",""cap_cpu_m"":2023,""cap_mem_bytes"":1921880900},{""name"":""kwok-node-4"",""cap_cpu_m"":2023,""cap_mem_bytes"":1921880900},{""name"":""kwok-node-5"",""cap_cpu_m"":2023,""cap_mem_bytes"":1921880900},{""name"":""kwok-node-6"",""cap_cpu_m"":2023,""cap_mem_bytes"":1921880900},{""name"":""kwok-node-7"",""cap_cpu_m"":2023,""cap_mem_bytes"":1921880900},{""name"":""kwok-node-8"",""cap_cpu_m"":2023,""cap_mem_bytes"":1921880900},{""name"":""kwok-node-9"",""cap_cpu_m"":2023,""cap_mem_bytes"":1921880900},{""name"":""kwok-node-10"",""cap_cpu_m"":2023,""cap_mem_bytes"":1921880900},{""name"":""kwok-node-11"",""cap_cpu_m"":2023,""cap_mem_bytes"":1921880900},{""name"":""kwok-node-12"",""cap_cpu_m"":2023,""cap_mem_bytes"":1921880900},{""name"":""kwok-node-13"",""cap_cpu_m"":2023,""cap_mem_bytes"":1921880900},{""name"":""kwok-node-14"",""cap_cpu_m"":2023,""cap_mem_bytes"":1921880900},{""name"":""kwok-node-15"",""cap_cpu_m"":2023,""cap_mem_bytes"":1921880900},{""name"":""kwok-node-16"",""cap_cpu_m"":2023,""cap_mem_bytes"":1921880900},{""name"":""kwok-node-17"",""cap_cpu_m"":2023,""cap_mem_bytes"":1921880900},{""name"":""kwok-node-18"",""cap_cpu_m"":2023,""cap_mem_bytes"":1921880900},{""name"":""kwok-node-19"",""cap_cpu_m"":2023,""cap_mem_bytes"":1921880900},{""name"":""kwok-node-20"",""cap_cpu_m"":2023,""cap_mem_bytes"":1921880900},{""name"":""kwok-node-21"",""cap_cpu_m"":2023,""cap_mem_bytes"":1921880900},{""name"":""kwok-node-22"",""cap_cpu_m"":2023,""cap_mem_bytes"":1921880900},{""name"":""kwok-node-23"",""cap_cpu_m"":2023,""cap_mem_bytes"":1921880900},{""name"":""kwok-node-24"",""cap_cpu_m"":2023,""cap_mem_bytes"":1921880900},{""name"":""kwok-node-25"",""cap_cpu_m"":2023,""cap_mem_bytes"":1921880900},{""name"":""kwok-node-26"",""cap_cpu_m"":2023,""cap_mem_bytes"":1921880900},{""name"":""kwok-node-27"",""cap_cpu_m"":2023,""cap_mem_bytes"":1921880900},{""name"":""kwok-node-28"",""cap_cpu_m"":2023,""cap_mem_bytes"":1921880900},{""name"":""kwok-node-29"",""cap_cpu_m"":2023,""cap_mem_bytes"":1921880900},{""name"":""kwok-node-30"",""cap_cpu_m"":2023,""cap_mem_bytes"":1921880900},{""name"":""kwok-node-31"",""cap_cpu_m"":2023,""cap_mem_bytes"":1921880900},{""name"":""kwok-node-32"",""cap_cpu_m"":2023,""cap_mem_bytes"":1921880900}]"
2026/02/11/12:24:00,5435020287124189294,,"{""evicted"":0,""moved"":0,""placed_by_priority"":{""1"":18,""2"":31,""3"":31,""4"":29}}",python,"{""evicted"":8,""moved"":5,""placed_by_priority"":{""1"":10,""2"":37,""3"":33,""4"":35}}",543,OPTIMAL,"[{""duration_ms"":543,""name"":""python"",""score"":{""evicted"":8,""moved"":5,""placed_by_priority"":{""1"":10,""2"":37,""3"":33,""4"":35}},""status"":""OPTIMAL""}]",0.911,0.860,0.905,0.859,63375,59866,69646045412,66107151521,115,109,13,19,"{""kwok-node-1"":4,""kwok-node-10"":3,""kwok-node-11"":4,""kwok-node-12"":4,""kwok-node-13"":4,""kwok-node-14"":4,""kwok-node-15"":3,""kwok-node-16"":4,""kwok-node-17"":3,""kwok-node-18"":4,""kwok-node-19"":4,""kwok-node-2"":3,""kwok-node-20"":3,""kwok-node-21"":3,""kwok-node-22"":5,""kwok-node-23"":3,""kwok-node-24"":3,""kwok-node-25"":3,""kwok-node-26"":4,""kwok-node-27"":3,""kwok-node-28"":3,""kwok-node-29"":3,""kwok-node-3"":4,""kwok-node-30"":4,""kwok-node-31"":4,""kwok-node-32"":4,""kwok-node-4"":3,""kwok-node-5"":3,""kwok-node-6"":3,""kwok-node-7"":4,""kwok-node-8"":5,""kwok-node-9"":4}","{""kwok-node-1"":4,""kwok-node-10"":3,""kwok-node-11"":4,""kwok-node-12"":3,""kwok-node-13"":3,""kwok-node-14"":4,""kwok-node-15"":3,""kwok-node-16"":3,""kwok-node-17"":3,""kwok-node-18"":4,""kwok-node-19"":4,""kwok-node-2"":3,""kwok-node-20"":3,""kwok-node-21"":3,""kwok-node-22"":4,""kwok-node-23"":3,""kwok-node-24"":3,""kwok-node-25"":3,""kwok-node-26"":4,""kwok-node-27"":3,""kwok-node-28"":3,""kwok-node-29"":3,""kwok-node-3"":4,""kwok-node-30"":4,""kwok-node-31"":3,""kwok-node-32"":4,""kwok-node-4"":2,""kwok-node-5"":3,""kwok-node-6"":3,""kwok-node-7"":4,""kwok-node-8"":5,""kwok-node-9"":4}","{""p1"":10,""p2"":37,""p3"":33,""p4"":35}","{""p1"":18,""p2"":31,""p3"":31,""p4"":29}","{""p1"":13}","{""p1"":5,""p2"":6,""p3"":2,""p4"":6}","{rs-12-p1-22s9d,rs-12-p1-kbpx2,rs-12-p1-s8b49,rs-12-p1-z69ts,rs-13-p1-msrjr,rs-21-p1-gjwjn,rs-21-p1-kllqk,rs-21-p1-qjbmg,rs-37-p1-fbzs5,rs-37-p1-r68ck,rs-37-p1-xzl7n,rs-45-p1-f6m28,rs-45-p1-pbt4k}","{rs-36-p2-f2hmx,rs-36-p2-hnmch,rs-37-p1-fbzs5,rs-37-p1-r68ck,rs-37-p1-xzl7n,rs-38-p3-qqpx4,rs-39-p3-sp58m,rs-41-p2-fm2x5,rs-41-p2-g5wxv,rs-41-p2-mzfwd,rs-44-p4-gd2lx,rs-44-p4-jknzh,rs-44-p4-t4b4b,rs-45-p1-f6m28,rs-45-p1-pbt4k,rs-47-p2-v8vcl,rs-48-p4-g6vw6,rs-48-p4-wf77p,rs-48-p4-wspsc}","{rs-01-p1-8pwgt,rs-01-p1-hflnh,rs-01-p1-n89vb,rs-02-p2-cqdhs,rs-02-p2-zk899,rs-03-p4-g5f7n,rs-03-p4-hlpcr,rs-04-p4-qg8fl,rs-05-p2-9gvq7,rs-05-p2-ncmr9,rs-06-p2-6fjl4,rs-06-p2-8jqf8,rs-06-p2-hc8ht,rs-06-p2-lh6zw,rs-07-p2-d9k2z,rs-07-p2-vx84w,rs-08-p2-fv46h,rs-08-p2-krcs7,rs-08-p2-t4b9v,rs-09-p3-2jf79,rs-09-p3-m692w,rs-10-p4-5fpv4,rs-10-p4-dc5vp,rs-11-p4-7qpgc,rs-11-p4-bjrtr,rs-11-p4-c4vhb,rs-13-p1-4xzbd,rs-13-p1-w4g6w,rs-13-p1-xnmvw,rs-14-p4-2cqhf,rs-14-p4-jzzbb,rs-15-p1-f69qk,rs-16-p4-4lzc2,rs-16-p4-ntcdq,rs-16-p4-rwxd4,rs-16-p4-vdbbw,rs-17-p4-5xwvp,rs-17-p4-b278w,rs-17-p4-rpz6l,rs-18-p2-tvbgn,rs-18-p2-xg6c7,rs-19-p3-95pkw,rs-19-p3-p5h5g,rs-19-p3-qghtv,rs-19-p3-xt9wq,rs-20-p2-ftc7h,rs-20-p2-kqx9t,rs-20-p2-spmjf,rs-20-p2-txlcs,rs-22-p3-nt8pw,rs-22-p3-pp88m,rs-22-p3-rf59p,rs-22-p3-rfsvn,rs-23-p3-42xvg,rs-23-p3-7k8jw,rs-23-p3-9q9n7,rs-24-p2-6mw6f,rs-24-p2-88gxf,rs-24-p2-nztbz,rs-24-p2-qrxh8,rs-25-p3-6lgzm,rs-25-p3-dp24p,rs-26-p3-2ppgq,rs-26-p3-vtr24,rs-27-p4-lnrz5,rs-27-p4-vl668,rs-28-p3-bw69j,rs-28-p3-qfwpl,rs-29-p2-7vntd,rs-30-p3-cmsm5,rs-30-p3-pc98s,rs-30-p3-t7d52,rs-31-p2-s2lmt,rs-31-p2-t7bdg,rs-32-p3-8lpt5,rs-32-p3-cbxq7,rs-32-p3-npkw6,rs-32-p3-zn9cc,rs-33-p3-lr5nh,rs-34-p4-7d928,rs-34-p4-flw5h,rs-34-p4-v9v7l,rs-34-p4-zq4hl,rs-35-p4-8zgn8,rs-35-p4-rdx8m,rs-36-p2-5sdsf,rs-36-p2-f2hmx,rs-36-p2-hnmch,rs-38-p3-cnjxw,rs-38-p3-qqpx4,rs-38-p3-r4tkr,rs-39-p3-sp58m,rs-40-p4-5pwfg,rs-40-p4-fgbqr,rs-41-p2-fm2x5,rs-41-p2-g5wxv,rs-41-p2-mzfwd,rs-41-p2-qrzcr,rs-42-p1-jqrzc,rs-42-p1-s9xjt,rs-43-p4-rr5gc,rs-43-p4-wlqzd,rs-44-p4-gd2lx,rs-44-p4-jknzh,rs-44-p4-t4b4b,rs-46-p2-dntj5,rs-46-p2-jl8rn,rs-46-p2-xrhhs,rs-47-p2-v8vcl,rs-48-p4-g6vw6,rs-48-p4-wf77p,rs-48-p4-wspsc,rs-49-p3-gsgkv,rs-49-p3-w5xwp,rs-50-p1-lsc97}","{rs-01-p1-kwwxc,rs-01-p1-n89vb,rs-01-p1-xkmdp,rs-02-p2-cqdhs,rs-02-p2-zk899,rs-03-p4-g5f7n,rs-03-p4-hlpcr,rs-04-p4-qg8fl,rs-05-p2-9gvq7,rs-05-p2-ncmr9,rs-06-p2-6fjl4,rs-06-p2-8jqf8,rs-06-p2-hc8ht,rs-06-p2-lh6zw,rs-07-p2-d9k2z,rs-07-p2-vx84w,rs-08-p2-fv46h,rs-08-p2-krcs7,rs-08-p2-t4b9v,rs-09-p3-2jf79,rs-09-p3-m692w,rs-10-p4-5fpv4,rs-10-p4-dc5vp,rs-11-p4-7qpgc,rs-11-p4-bjrtr,rs-11-p4-c4vhb,rs-12-p1-7bh6w,rs-12-p1-cr8s5,rs-12-p1-pkgw8,rs-12-p1-qsb7q,rs-13-p1-4xzbd,rs-13-p1-w4g6w,rs-13-p1-xnmvw,rs-13-p1-z2mjv,rs-14-p4-2cqhf,rs-14-p4-jzzbb,rs-15-p1-cgbv6,rs-16-p4-4lzc2,rs-16-p4-ntcdq,rs-16-p4-rwxd4,rs-16-p4-vdbbw,rs-17-p4-5xwvp,rs-17-p4-b278w,rs-17-p4-rpz6l,rs-18-p2-tvbgn,rs-18-p2-xg6c7,rs-19-p3-95pkw,rs-19-p3-p5h5g,rs-19-p3-qghtv,rs-19-p3-xt9wq,rs-20-p2-ftc7h,rs-20-p2-kqx9t,rs-20-p2-spmjf,rs-20-p2-txlcs,rs-21-p1-5797h,rs-21-p1-nhzht,rs-21-p1-vc4d4,rs-22-p3-nt8pw,rs-22-p3-pp88m,rs-22-p3-rf59p,rs-22-p3-rfsvn,rs-23-p3-42xvg,rs-23-p3-7k8jw,rs-23-p3-9q9n7,rs-24-p2-6mw6f,rs-24-p2-88gxf,rs-24-p2-nztbz,rs-24-p2-qrxh8,rs-25-p3-6lgzm,rs-25-p3-dp24p,rs-26-p3-2ppgq,rs-26-p3-vtr24,rs-27-p4-lnrz5,rs-27-p4-vl668,rs-28-p3-bw69j,rs-28-p3-qfwpl,rs-29-p2-7vntd,rs-30-p3-cmsm5,rs-30-p3-pc98s,rs-30-p3-t7d52,rs-31-p2-s2lmt,rs-31-p2-t7bdg,rs-32-p3-8lpt5,rs-32-p3-cbxq7,rs-32-p3-npkw6,rs-32-p3-zn9cc,rs-33-p3-lr5nh,rs-34-p4-7d928,rs-34-p4-flw5h,rs-34-p4-v9v7l,rs-34-p4-zq4hl,rs-35-p4-8zgn8,rs-35-p4-rdx8m,rs-36-p2-5sdsf,rs-38-p3-cnjxw,rs-38-p3-r4tkr,rs-40-p4-5pwfg,rs-40-p4-fgbqr,rs-41-p2-qrzcr,rs-42-p1-cftgz,rs-42-p1-s6549,rs-43-p4-rr5gc,rs-43-p4-wlqzd,rs-46-p2-dntj5,rs-46-p2-jl8rn,rs-46-p2-xrhhs,rs-49-p3-gsgkv,rs-49-p3-w5xwp,rs-50-p1-lsc97}","[{""name"":""rs-01-p1-8pwgt"",""cpu_m"":344,""mem_b"":770487764,""priority"":""1"",""node"":""kwok-node-16""},{""name"":""rs-01-p1-hflnh"",""cpu_m"":344,""mem_b"":770487764,""priority"":""1"",""node"":""kwok-node-31""},{""name"":""rs-01-p1-n89vb"",""cpu_m"":344,""mem_b"":770487764,""priority"":""1"",""node"":""kwok-node-18""},{""name"":""rs-02-p2-cqdhs"",""cpu_m"":356,""mem_b"":756811229,""priority"":""2"",""node"":""kwok-node-1""},{""name"":""rs-02-p2-zk899"",""cpu_m"":356,""mem_b"":756811229,""priority"":""2"",""node"":""kwok-node-15""},{""name"":""rs-03-p4-g5f7n"",""cpu_m"":477,""mem_b"":943211767,""priority"":""4"",""node"":""kwok-node-2""},{""name"":""rs-03-p4-hlpcr"",""cpu_m"":477,""mem_b"":943211767,""priority"":""4"",""node"":""kwok-node-20""},{""name"":""rs-04-p4-qg8fl"",""cpu_m"":326,""mem_b"":359163323,""priority"":""4"",""node"":""kwok-node-16""},{""name"":""rs-05-p2-9gvq7"",""cpu_m"":715,""mem_b"":581746491,""priority"":""2"",""node"":""kwok-node-14""},{""name"":""rs-05-p2-ncmr9"",""cpu_m"":715,""mem_b"":581746491,""priority"":""2"",""node"":""kwok-node-11""},{""name"":""rs-06-p2-6fjl4"",""cpu_m"":899,""mem_b"":676861788,""priority"":""2"",""node"":""kwok-node-10""},{""name"":""rs-06-p2-8jqf8"",""cpu_m"":899,""mem_b"":676861788,""priority"":""2"",""node"":""kwok-node-21""},{""name"":""rs-06-p2-hc8ht"",""cpu_m"":899,""mem_b"":676861788,""priority"":""2"",""node"":""kwok-node-12""},{""name"":""rs-06-p2-lh6zw"",""cpu_m"":899,""mem_b"":676861788,""priority"":""2"",""node"":""kwok-node-22""},{""name"":""rs-07-p2-d9k2z"",""cpu_m"":766,""mem_b"":702510341,""priority"":""2"",""node"":""kwok-node-26""},{""name"":""rs-07-p2-vx84w"",""cpu_m"":766,""mem_b"":702510341,""priority"":""2"",""node"":""kwok-node-13""},{""name"":""rs-08-p2-fv46h"",""cpu_m"":977,""mem_b"":908162676,""priority"":""2"",""node"":""kwok-node-25""},{""name"":""rs-08-p2-krcs7"",""cpu_m"":977,""mem_b"":908162676,""priority"":""2"",""node"":""kwok-node-28""},{""name"":""rs-08-p2-t4b9v"",""cpu_m"":977,""mem_b"":908162676,""priority"":""2"",""node"":""kwok-node-27""},{""name"":""rs-09-p3-2jf79"",""cpu_m"":621,""mem_b"":991103903,""priority"":""3"",""node"":""kwok-node-24""},{""name"":""rs-09-p3-m692w"",""cpu_m"":621,""mem_b"":991103903,""priority"":""3"",""node"":""kwok-node-23""},{""name"":""rs-10-p4-5fpv4"",""cpu_m"":687,""mem_b"":675114885,""priority"":""4"",""node"":""kwok-node-3""},{""name"":""rs-10-p4-dc5vp"",""cpu_m"":687,""mem_b"":675114885,""priority"":""4"",""node"":""kwok-node-29""},{""name"":""rs-11-p4-7qpgc"",""cpu_m"":229,""mem_b"":249127379,""priority"":""4"",""node"":""kwok-node-32""},{""name"":""rs-11-p4-bjrtr"",""cpu_m"":229,""mem_b"":249127379,""priority"":""4"",""node"":""kwok-node-30""},{""name"":""rs-11-p4-c4vhb"",""cpu_m"":229,""mem_b"":249127379,""priority"":""4"",""node"":""kwok-node-31""},{""name"":""rs-12-p1-22s9d"",""cpu_m"":736,""mem_b"":992788146,""priority"":""1"",""node"":""""},{""name"":""rs-12-p1-kbpx2"",""cpu_m"":736,""mem_b"":992788146,""priority"":""1"",""node"":""""},{""name"":""rs-12-p1-s8b49"",""cpu_m"":736,""mem_b"":992788146,""priority"":""1"",""node"":""""},{""name"":""rs-12-p1-z69ts"",""cpu_m"":736,""mem_b"":992788146,""priority"":""1"",""node"":""""},{""name"":""rs-13-p1-4xzbd"",""cpu_m"":408,""mem_b"":876589838,""priority"":""1"",""node"":""kwok-node-32""},{""name"":""rs-13-p1-msrjr"",""cpu_m"":408,""mem_b"":876589838,""priority"":""1"",""node"":""""},{""name"":""rs-13-p1-w4g6w"",""cpu_m"":408,""mem_b"":876589838,""priority"":""1"",""node"":""kwok-node-11""},{""name"":""rs-13-p1-xnmvw"",""cpu_m"":408,""mem_b"":876589838,""priority"":""1"",""node"":""kwok-node-30""},{""name"":""rs-14-p4-2cqhf"",""cpu_m"":425,""mem_b"":734461983,""priority"":""4"",""node"":""kwok-node-7""},{""name"":""rs-14-p4-jzzbb"",""cpu_m"":425,""mem_b"":734461983,""priority"":""4"",""node"":""kwok-node-9""},{""name"":""rs-15-p1-f69qk"",""cpu_m"":400,""mem_b"":235372831,""priority"":""1"",""node"":""kwok-node-22""},{""name"":""rs-16-p4-4lzc2"",""cpu_m"":843,""mem_b"":383210405,""priority"":""4"",""node"":""kwok-node-18""},{""name"":""rs-16-p4-ntcdq"",""cpu_m"":843,""mem_b"":383210405,""priority"":""4"",""node"":""kwok-node-1""},{""name"":""rs-16-p4-rwxd4"",""cpu_m"":843,""mem_b"":383210405,""priority"":""4"",""node"":""kwok-node-19""},{""name"":""rs-16-p4-vdbbw"",""cpu_m"":843,""mem_b"":383210405,""priority"":""4"",""node"":""kwok-node-15""},{""name"":""rs-17-p4-5xwvp"",""cpu_m"":231,""mem_b"":646688402,""priority"":""4"",""node"":""kwok-node-14""},{""name"":""rs-17-p4-b278w"",""cpu_m"":231,""mem_b"":646688402,""priority"":""4"",""node"":""kwok-node-29""},{""name"":""rs-17-p4-rpz6l"",""cpu_m"":231,""mem_b"":646688402,""priority"":""4"",""node"":""kwok-node-8""},{""name"":""rs-18-p2-tvbgn"",""cpu_m"":598,""mem_b"":648613461,""priority"":""2"",""node"":""kwok-node-9""},{""name"":""rs-18-p2-xg6c7"",""cpu_m"":598,""mem_b"":648613461,""priority"":""2"",""node"":""kwok-node-7""},{""name"":""rs-19-p3-95pkw"",""cpu_m"":581,""mem_b"":578174506,""priority"":""3"",""node"":""kwok-node-17""},{""name"":""rs-19-p3-p5h5g"",""cpu_m"":581,""mem_b"":578174506,""priority"":""3"",""node"":""kwok-node-8""},{""name"":""rs-19-p3-qghtv"",""cpu_m"":581,""mem_b"":578174506,""priority"":""3"",""node"":""kwok-node-3""},{""name"":""rs-19-p3-xt9wq"",""cpu_m"":581,""mem_b"":578174506,""priority"":""3"",""node"":""kwok-node-26""},{""name"":""rs-20-p2-ftc7h"",""cpu_m"":257,""mem_b"":773715690,""priority"":""2"",""node"":""kwok-node-22""},{""name"":""rs-20-p2-kqx9t"",""cpu_m"":257,""mem_b"":773715690,""priority"":""2"",""node"":""kwok-node-21""},{""name"":""rs-20-p2-spmjf"",""cpu_m"":257,""mem_b"":773715690,""priority"":""2"",""node"":""kwok-node-12""},{""name"":""rs-20-p2-txlcs"",""cpu_m"":257,""mem_b"":773715690,""priority"":""2"",""node"":""kwok-node-10""},{""name"":""rs-21-p1-gjwjn"",""cpu_m"":813,""mem_b"":744993403,""priority"":""1"",""node"":""""},{""name"":""rs-21-p1-kllqk"",""cpu_m"":813,""mem_b"":744993403,""priority"":""1"",""node"":""""},{""name"":""rs-21-p1-qjbmg"",""cpu_m"":813,""mem_b"":744993403,""priority"":""1"",""node"":""""},{""name"":""rs-22-p3-nt8pw"",""cpu_m"":890,""mem_b"":766709638,""priority"":""3"",""node"":""kwok-node-6""},{""name"":""rs-22-p3-pp88m"",""cpu_m"":890,""mem_b"":766709638,""priority"":""3"",""node"":""kwok-node-5""},{""name"":""rs-22-p3-rf59p"",""cpu_m"":890,""mem_b"":766709638,""priority"":""3"",""node"":""kwok-node-4""},{""name"":""rs-22-p3-rfsvn"",""cpu_m"":890,""mem_b"":766709638,""priority"":""3"",""node"":""kwok-node-24""},{""name"":""rs-23-p3-42xvg"",""cpu_m"":236,""mem_b"":995743655,""priority"":""3"",""node"":""kwok-node-28""},{""name"":""rs-23-p3-7k8jw"",""cpu_m"":236,""mem_b"":995743655,""priority"":""3"",""node"":""kwok-node-13""},{""name"":""rs-23-p3-9q9n7"",""cpu_m"":236,""mem_b"":995743655,""priority"":""3"",""node"":""kwok-node-27""},{""name"":""rs-24-p2-6mw6f"",""cpu_m"":729,""mem_b"":749548369,""priority"":""2"",""node"":""kwok-node-16""},{""name"":""rs-24-p2-88gxf"",""cpu_m"":729,""mem_b"":749548369,""priority"":""2"",""node"":""kwok-node-25""},{""name"":""rs-24-p2-nztbz"",""cpu_m"":729,""mem_b"":749548369,""priority"":""2"",""node"":""kwok-node-30""},{""name"":""rs-24-p2-qrxh8"",""cpu_m"":729,""mem_b"":749548369,""priority"":""2"",""node"":""kwok-node-32""},{""name"":""rs-25-p3-6lgzm"",""cpu_m"":738,""mem_b"":304442715,""priority"":""3"",""node"":""kwok-node-17""},{""name"":""rs-25-p3-dp24p"",""cpu_m"":738,""mem_b"":304442715,""priority"":""3"",""node"":""kwok-node-14""},{""name"":""rs-26-p3-2ppgq"",""cpu_m"":954,""mem_b"":520350334,""priority"":""3"",""node"":""kwok-node-31""},{""name"":""rs-26-p3-vtr24"",""cpu_m"":954,""mem_b"":520350334,""priority"":""3"",""node"":""kwok-node-29""},{""name"":""rs-27-p4-lnrz5"",""cpu_m"":258,""mem_b"":403294030,""priority"":""4"",""node"":""kwok-node-19""},{""name"":""rs-27-p4-vl668"",""cpu_m"":258,""mem_b"":403294030,""priority"":""4"",""node"":""kwok-node-18""},{""name"":""rs-28-p3-bw69j"",""cpu_m"":509,""mem_b"":120210605,""priority"":""3"",""node"":""kwok-node-9""},{""name"":""rs-28-p3-qfwpl"",""cpu_m"":509,""mem_b"":120210605,""priority"":""3"",""node"":""kwok-node-7""},{""name"":""rs-29-p2-7vntd"",""cpu_m"":406,""mem_b"":119731197,""priority"":""2"",""node"":""kwok-node-11""},{""name"":""rs-30-p3-cmsm5"",""cpu_m"":538,""mem_b"":262178486,""priority"":""3"",""node"":""kwok-node-21""},{""name"":""rs-30-p3-pc98s"",""cpu_m"":538,""mem_b"":262178486,""priority"":""3"",""node"":""kwok-node-12""},{""name"":""rs-30-p3-t7d52"",""cpu_m"":538,""mem_b"":262178486,""priority"":""3"",""node"":""kwok-node-10""},{""name"":""rs-31-p2-s2lmt"",""cpu_m"":262,""mem_b"":732125428,""priority"":""2"",""node"":""kwok-node-1""},{""name"":""rs-31-p2-t7bdg"",""cpu_m"":262,""mem_b"":732125428,""priority"":""2"",""node"":""kwok-node-15""},{""name"":""rs-32-p3-8lpt5"",""cpu_m"":178,""mem_b"":409917903,""priority"":""3"",""node"":""kwok-node-8""},{""name"":""rs-32-p3-cbxq7"",""cpu_m"":178,""mem_b"":409917903,""priority"":""3"",""node"":""kwok-node-22""},{""name"":""rs-32-p3-npkw6"",""cpu_m"":178,""mem_b"":409917903,""priority"":""3"",""node"":""kwok-node-26""},{""name"":""rs-32-p3-zn9cc"",""cpu_m"":178,""mem_b"":409917903,""priority"":""3"",""node"":""kwok-node-3""},{""name"":""rs-33-p3-lr5nh"",""cpu_m"":223,""mem_b"":390937976,""priority"":""3"",""node"":""kwok-node-7""},{""name"":""rs-34-p4-7d928"",""cpu_m"":541,""mem_b"":233353384,""priority"":""4"",""node"":""kwok-node-20""},{""name"":""rs-34-p4-flw5h"",""cpu_m"":541,""mem_b"":233353384,""priority"":""4"",""node"":""kwok-node-13""},{""name"":""rs-34-p4-v9v7l"",""cpu_m"":541,""mem_b"":233353384,""priority"":""4"",""node"":""kwok-node-2""},{""name"":""rs-34-p4-zq4hl"",""cpu_m"":541,""mem_b"":233353384,""priority"":""4"",""node"":""kwok-node-30""},{""name"":""rs-35-p4-8zgn8"",""cpu_m"":520,""mem_b"":723595249,""priority"":""4"",""node"":""kwok-node-19""},{""name"":""rs-35-p4-rdx8m"",""cpu_m"":520,""mem_b"":723595249,""priority"":""4"",""node"":""kwok-node-9""},{""name"":""rs-36-p2-5sdsf"",""cpu_m"":458,""mem_b"":871518654,""priority"":""2"",""node"":""kwok-node-14""},{""name"":""rs-36-p2-f2hmx"",""cpu_m"":458,""mem_b"":871518654,""priority"":""2"",""node"":""kwok-node-4""},{""name"":""rs-36-p2-hnmch"",""cpu_m"":458,""mem_b"":871518654,""priority"":""2"",""node"":""kwok-node-19""},{""name"":""rs-37-p1-fbzs5"",""cpu_m"":738,""mem_b"":785005877,""priority"":""1"",""node"":""""},{""name"":""rs-37-p1-r68ck"",""cpu_m"":738,""mem_b"":785005877,""priority"":""1"",""node"":""""},{""name"":""rs-37-p1-xzl7n"",""cpu_m"":738,""mem_b"":785005877,""priority"":""1"",""node"":""""},{""name"":""rs-38-p3-cnjxw"",""cpu_m"":960,""mem_b"":487335337,""priority"":""3"",""node"":""kwok-node-28""},{""name"":""rs-38-p3-qqpx4"",""cpu_m"":960,""mem_b"":487335337,""priority"":""3"",""node"":""kwok-node-23""},{""name"":""rs-38-p3-r4tkr"",""cpu_m"":960,""mem_b"":487335337,""priority"":""3"",""node"":""kwok-node-27""},{""name"":""rs-39-p3-sp58m"",""cpu_m"":800,""mem_b"":765823595,""priority"":""3"",""node"":""kwok-node-2""},{""name"":""rs-40-p4-5pwfg"",""cpu_m"":378,""mem_b"":121568807,""priority"":""4"",""node"":""kwok-node-8""},{""name"":""rs-40-p4-fgbqr"",""cpu_m"":378,""mem_b"":121568807,""priority"":""4"",""node"":""kwok-node-22""},{""name"":""rs-41-p2-fm2x5"",""cpu_m"":773,""mem_b"":470662101,""priority"":""2"",""node"":""kwok-node-4""},{""name"":""rs-41-p2-g5wxv"",""cpu_m"":773,""mem_b"":470662101,""priority"":""2"",""node"":""kwok-node-8""},{""name"":""rs-41-p2-mzfwd"",""cpu_m"":773,""mem_b"":470662101,""priority"":""2"",""node"":""kwok-node-16""},{""name"":""rs-41-p2-qrzcr"",""cpu_m"":773,""mem_b"":470662101,""priority"":""2"",""node"":""kwok-node-32""},{""name"":""rs-42-p1-jqrzc"",""cpu_m"":336,""mem_b"":471350918,""priority"":""1"",""node"":""kwok-node-12""},{""name"":""rs-42-p1-s9xjt"",""cpu_m"":336,""mem_b"":471350918,""priority"":""1"",""node"":""kwok-node-13""},{""name"":""rs-43-p4-rr5gc"",""cpu_m"":551,""mem_b"":675764886,""priority"":""4"",""node"":""kwok-node-26""},{""name"":""rs-43-p4-wlqzd"",""cpu_m"":551,""mem_b"":675764886,""priority"":""4"",""node"":""kwok-node-3""},{""name"":""rs-44-p4-gd2lx"",""cpu_m"":559,""mem_b"":806139298,""priority"":""4"",""node"":""kwok-node-18""},{""name"":""rs-44-p4-jknzh"",""cpu_m"":559,""mem_b"":806139298,""priority"":""4"",""node"":""kwok-node-31""},{""name"":""rs-44-p4-t4b4b"",""cpu_m"":559,""mem_b"":806139298,""priority"":""4"",""node"":""kwok-node-11""},{""name"":""rs-45-p1-f6m28"",""cpu_m"":839,""mem_b"":876927357,""priority"":""1"",""node"":""""},{""name"":""rs-45-p1-pbt4k"",""cpu_m"":839,""mem_b"":876927357,""priority"":""1"",""node"":""""},{""name"":""rs-46-p2-dntj5"",""cpu_m"":473,""mem_b"":404497509,""priority"":""2"",""node"":""kwok-node-1""},{""name"":""rs-46-p2-jl8rn"",""cpu_m"":473,""mem_b"":404497509,""priority"":""2"",""node"":""kwok-node-24""},{""name"":""rs-46-p2-xrhhs"",""cpu_m"":473,""mem_b"":404497509,""priority"":""2"",""node"":""kwok-node-23""},{""name"":""rs-47-p2-v8vcl"",""cpu_m"":426,""mem_b"":937799690,""priority"":""2"",""node"":""kwok-node-6""},{""name"":""rs-48-p4-g6vw6"",""cpu_m"":734,""mem_b"":952405465,""priority"":""4"",""node"":""kwok-node-5""},{""name"":""rs-48-p4-wf77p"",""cpu_m"":734,""mem_b"":952405465,""priority"":""4"",""node"":""kwok-node-17""},{""name"":""rs-48-p4-wspsc"",""cpu_m"":734,""mem_b"":952405465,""priority"":""4"",""node"":""kwok-node-20""},{""name"":""rs-49-p3-gsgkv"",""cpu_m"":506,""mem_b"":543373664,""priority"":""3"",""node"":""kwok-node-6""},{""name"":""rs-49-p3-w5xwp"",""cpu_m"":506,""mem_b"":543373664,""priority"":""3"",""node"":""kwok-node-5""},{""name"":""rs-50-p1-lsc97"",""cpu_m"":275,""mem_b"":676676883,""priority"":""1"",""node"":""kwok-node-25""}]","[{""name"":""rs-01-p1-kwwxc"",""cpu_m"":344,""mem_b"":770487764,""priority"":""1"",""node"":""kwok-node-19""},{""name"":""rs-01-p1-n89vb"",""cpu_m"":344,""mem_b"":770487764,""priority"":""1"",""node"":""kwok-node-18""},{""name"":""rs-01-p1-xkmdp"",""cpu_m"":344,""mem_b"":770487764,""priority"":""1"",""node"":""kwok-node-17""},{""name"":""rs-02-p2-cqdhs"",""cpu_m"":356,""mem_b"":756811229,""priority"":""2"",""node"":""kwok-node-1""},{""name"":""rs-02-p2-zk899"",""cpu_m"":356,""mem_b"":756811229,""priority"":""2"",""node"":""kwok-node-15""},{""name"":""rs-03-p4-g5f7n"",""cpu_m"":477,""mem_b"":943211767,""priority"":""4"",""node"":""kwok-node-2""},{""name"":""rs-03-p4-hlpcr"",""cpu_m"":477,""mem_b"":943211767,""priority"":""4"",""node"":""kwok-node-20""},{""name"":""rs-04-p4-qg8fl"",""cpu_m"":326,""mem_b"":359163323,""priority"":""4"",""node"":""kwok-node-16""},{""name"":""rs-05-p2-9gvq7"",""cpu_m"":715,""mem_b"":581746491,""priority"":""2"",""node"":""kwok-node-14""},{""name"":""rs-05-p2-ncmr9"",""cpu_m"":715,""mem_b"":581746491,""priority"":""2"",""node"":""kwok-node-11""},{""name"":""rs-06-p2-6fjl4"",""cpu_m"":899,""mem_b"":676861788,""priority"":""2"",""node"":""kwok-node-10""},{""name"":""rs-06-p2-8jqf8"",""cpu_m"":899,""mem_b"":676861788,""priority"":""2"",""node"":""kwok-node-21""},{""name"":""rs-06-p2-hc8ht"",""cpu_m"":899,""mem_b"":676861788,""priority"":""2"",""node"":""kwok-node-12""},{""name"":""rs-06-p2-lh6zw"",""cpu_m"":899,""mem_b"":676861788,""priority"":""2"",""node"":""kwok-node-22""},{""name"":""rs-07-p2-d9k2z"",""cpu_m"":766,""mem_b"":702510341,""priority"":""2"",""node"":""kwok-node-26""},{""name"":""rs-07-p2-vx84w"",""cpu_m"":766,""mem_b"":702510341,""priority"":""2"",""node"":""kwok-node-13""},{""name"":""rs-08-p2-fv46h"",""cpu_m"":977,""mem_b"":908162676,""priority"":""2"",""node"":""kwok-node-25""},{""name"":""rs-08-p2-krcs7"",""cpu_m"":977,""mem_b"":908162676,""priority"":""2"",""node"":""kwok-node-28""},{""name"":""rs-08-p2-t4b9v"",""cpu_m"":977,""mem_b"":908162676,""priority"":""2"",""node"":""kwok-node-27""},{""name"":""rs-09-p3-2jf79"",""cpu_m"":621,""mem_b"":991103903,""priority"":""3"",""node"":""kwok-node-24""},{""name"":""rs-09-p3-m692w"",""cpu_m"":621,""mem_b"":991103903,""priority"":""3"",""node"":""kwok-node-23""},{""name"":""rs-10-p4-5fpv4"",""cpu_m"":687,""mem_b"":675114885,""priority"":""4"",""node"":""kwok-node-3""},{""name"":""rs-10-p4-dc5vp"",""cpu_m"":687,""mem_b"":675114885,""priority"":""4"",""node"":""kwok-node-29""},{""name"":""rs-11-p4-7qpgc"",""cpu_m"":229,""mem_b"":249127379,""priority"":""4"",""node"":""kwok-node-32""},{""name"":""rs-11-p4-bjrtr"",""cpu_m"":229,""mem_b"":249127379,""priority"":""4"",""node"":""kwok-node-30""},{""name"":""rs-11-p4-c4vhb"",""cpu_m"":229,""mem_b"":249127379,""priority"":""4"",""node"":""kwok-node-31""},{""name"":""rs-12-p1-7bh6w"",""cpu_m"":736,""mem_b"":992788146,""priority"":""1"",""node"":""kwok-node-31""},{""name"":""rs-12-p1-cr8s5"",""cpu_m"":736,""mem_b"":992788146,""priority"":""1"",""node"":""kwok-node-5""},{""name"":""rs-12-p1-pkgw8"",""cpu_m"":736,""mem_b"":992788146,""priority"":""1"",""node"":""kwok-node-4""},{""name"":""rs-12-p1-qsb7q"",""cpu_m"":736,""mem_b"":992788146,""priority"":""1"",""node"":""kwok-node-6""},{""name"":""rs-13-p1-4xzbd"",""cpu_m"":408,""mem_b"":876589838,""priority"":""1"",""node"":""kwok-node-32""},{""name"":""rs-13-p1-w4g6w"",""cpu_m"":408,""mem_b"":876589838,""priority"":""1"",""node"":""kwok-node-11""},{""name"":""rs-13-p1-xnmvw"",""cpu_m"":408,""mem_b"":876589838,""priority"":""1"",""node"":""kwok-node-30""},{""name"":""rs-13-p1-z2mjv"",""cpu_m"":408,""mem_b"":876589838,""priority"":""1"",""node"":""kwok-node-16""},{""name"":""rs-14-p4-2cqhf"",""cpu_m"":425,""mem_b"":734461983,""priority"":""4"",""node"":""kwok-node-7""},{""name"":""rs-14-p4-jzzbb"",""cpu_m"":425,""mem_b"":734461983,""priority"":""4"",""node"":""kwok-node-9""},{""name"":""rs-15-p1-cgbv6"",""cpu_m"":400,""mem_b"":235372831,""priority"":""1"",""node"":""kwok-node-8""},{""name"":""rs-16-p4-4lzc2"",""cpu_m"":843,""mem_b"":383210405,""priority"":""4"",""node"":""kwok-node-18""},{""name"":""rs-16-p4-ntcdq"",""cpu_m"":843,""mem_b"":383210405,""priority"":""4"",""node"":""kwok-node-1""},{""name"":""rs-16-p4-rwxd4"",""cpu_m"":843,""mem_b"":383210405,""priority"":""4"",""node"":""kwok-node-19""},{""name"":""rs-16-p4-vdbbw"",""cpu_m"":843,""mem_b"":383210405,""priority"":""4"",""node"":""kwok-node-15""},{""name"":""rs-17-p4-5xwvp"",""cpu_m"":231,""mem_b"":646688402,""priority"":""4"",""node"":""kwok-node-14""},{""name"":""rs-17-p4-b278w"",""cpu_m"":231,""mem_b"":646688402,""priority"":""4"",""node"":""kwok-node-29""},{""name"":""rs-17-p4-rpz6l"",""cpu_m"":231,""mem_b"":646688402,""priority"":""4"",""node"":""kwok-node-8""},{""name"":""rs-18-p2-tvbgn"",""cpu_m"":598,""mem_b"":648613461,""priority"":""2"",""node"":""kwok-node-9""},{""name"":""rs-18-p2-xg6c7"",""cpu_m"":598,""mem_b"":648613461,""priority"":""2"",""node"":""kwok-node-7""},{""name"":""rs-19-p3-95pkw"",""cpu_m"":581,""mem_b"":578174506,""priority"":""3"",""node"":""kwok-node-17""},{""name"":""rs-19-p3-p5h5g"",""cpu_m"":581,""mem_b"":578174506,""priority"":""3"",""node"":""kwok-node-8""},{""name"":""rs-19-p3-qghtv"",""cpu_m"":581,""mem_b"":578174506,""priority"":""3"",""node"":""kwok-node-3""},{""name"":""rs-19-p3-xt9wq"",""cpu_m"":581,""mem_b"":578174506,""priority"":""3"",""node"":""kwok-node-26""},{""name"":""rs-20-p2-ftc7h"",""cpu_m"":257,""mem_b"":773715690,""priority"":""2"",""node"":""kwok-node-22""},{""name"":""rs-20-p2-kqx9t"",""cpu_m"":257,""mem_b"":773715690,""priority"":""2"",""node"":""kwok-node-21""},{""name"":""rs-20-p2-spmjf"",""cpu_m"":257,""mem_b"":773715690,""priority"":""2"",""node"":""kwok-node-12""},{""name"":""rs-20-p2-txlcs"",""cpu_m"":257,""mem_b"":773715690,""priority"":""2"",""node"":""kwok-node-10""},{""name"":""rs-21-p1-5797h"",""cpu_m"":813,""mem_b"":744993403,""priority"":""1"",""node"":""kwok-node-2""},{""name"":""rs-21-p1-nhzht"",""cpu_m"":813,""mem_b"":744993403,""priority"":""1"",""node"":""kwok-node-23""},{""name"":""rs-21-p1-vc4d4"",""cpu_m"":813,""mem_b"":744993403,""priority"":""1"",""node"":""kwok-node-20""},{""name"":""rs-22-p3-nt8pw"",""cpu_m"":890,""mem_b"":766709638,""priority"":""3"",""node"":""kwok-node-6""},{""name"":""rs-22-p3-pp88m"",""cpu_m"":890,""mem_b"":766709638,""priority"":""3"",""node"":""kwok-node-5""},{""name"":""rs-22-p3-rf59p"",""cpu_m"":890,""mem_b"":766709638,""priority"":""3"",""node"":""kwok-node-4""},{""name"":""rs-22-p3-rfsvn"",""cpu_m"":890,""mem_b"":766709638,""priority"":""3"",""node"":""kwok-node-24""},{""name"":""rs-23-p3-42xvg"",""cpu_m"":236,""mem_b"":995743655,""priority"":""3"",""node"":""kwok-node-28""},{""name"":""rs-23-p3-7k8jw"",""cpu_m"":236,""mem_b"":995743655,""priority"":""3"",""node"":""kwok-node-13""},{""name"":""rs-23-p3-9q9n7"",""cpu_m"":236,""mem_b"":995743655,""priority"":""3"",""node"":""kwok-node-27""},{""name"":""rs-24-p2-6mw6f"",""cpu_m"":729,""mem_b"":749548369,""priority"":""2"",""node"":""kwok-node-16""},{""name"":""rs-24-p2-88gxf"",""cpu_m"":729,""mem_b"":749548369,""priority"":""2"",""node"":""kwok-node-25""},{""name"":""rs-24-p2-nztbz"",""cpu_m"":729,""mem_b"":749548369,""priority"":""2"",""node"":""kwok-node-30""},{""name"":""rs-24-p2-qrxh8"",""cpu_m"":729,""mem_b"":749548369,""priority"":""2"",""node"":""kwok-node-32""},{""name"":""rs-25-p3-6lgzm"",""cpu_m"":738,""mem_b"":304442715,""priority"":""3"",""node"":""kwok-node-17""},{""name"":""rs-25-p3-dp24p"",""cpu_m"":738,""mem_b"":304442715,""priority"":""3"",""node"":""kwok-node-14""},{""name"":""rs-26-p3-2ppgq"",""cpu_m"":954,""mem_b"":520350334,""priority"":""3"",""node"":""kwok-node-31""},{""name"":""rs-26-p3-vtr24"",""cpu_m"":954,""mem_b"":520350334,""priority"":""3"",""node"":""kwok-node-29""},{""name"":""rs-27-p4-lnrz5"",""cpu_m"":258,""mem_b"":403294030,""priority"":""4"",""node"":""kwok-node-19""},{""name"":""rs-27-p4-vl668"",""cpu_m"":258,""mem_b"":403294030,""priority"":""4"",""node"":""kwok-node-18""},{""name"":""rs-28-p3-bw69j"",""cpu_m"":509,""mem_b"":120210605,""priority"":""3"",""node"":""kwok-node-9""},{""name"":""rs-28-p3-qfwpl"",""cpu_m"":509,""mem_b"":120210605,""priority"":""3"",""node"":""kwok-node-7""},{""name"":""rs-29-p2-7vntd"",""cpu_m"":406,""mem_b"":119731197,""priority"":""2"",""node"":""kwok-node-11""},{""name"":""rs-30-p3-cmsm5"",""cpu_m"":538,""mem_b"":262178486,""priority"":""3"",""node"":""kwok-node-21""},{""name"":""rs-30-p3-pc98s"",""cpu_m"":538,""mem_b"":262178486,""priority"":""3"",""node"":""kwok-node-12""},{""name"":""rs-30-p3-t7d52"",""cpu_m"":538,""mem_b"":262178486,""priority"":""3"",""node"":""kwok-node-10""},{""name"":""rs-31-p2-s2lmt"",""cpu_m"":262,""mem_b"":732125428,""priority"":""2"",""node"":""kwok-node-1""},{""name"":""rs-31-p2-t7bdg"",""cpu_m"":262,""mem_b"":732125428,""priority"":""2"",""node"":""kwok-node-15""},{""name"":""rs-32-p3-8lpt5"",""cpu_m"":178,""mem_b"":409917903,""priority"":""3"",""node"":""kwok-node-8""},{""name"":""rs-32-p3-cbxq7"",""cpu_m"":178,""mem_b"":409917903,""priority"":""3"",""node"":""kwok-node-22""},{""name"":""rs-32-p3-npkw6"",""cpu_m"":178,""mem_b"":409917903,""priority"":""3"",""node"":""kwok-node-26""},{""name"":""rs-32-p3-zn9cc"",""cpu_m"":178,""mem_b"":409917903,""priority"":""3"",""node"":""kwok-node-3""},{""name"":""rs-33-p3-lr5nh"",""cpu_m"":223,""mem_b"":390937976,""priority"":""3"",""node"":""kwok-node-7""},{""name"":""rs-34-p4-7d928"",""cpu_m"":541,""mem_b"":233353384,""priority"":""4"",""node"":""kwok-node-20""},{""name"":""rs-34-p4-flw5h"",""cpu_m"":541,""mem_b"":233353384,""priority"":""4"",""node"":""kwok-node-13""},{""name"":""rs-34-p4-v9v7l"",""cpu_m"":541,""mem_b"":233353384,""priority"":""4"",""node"":""kwok-node-2""},{""name"":""rs-34-p4-zq4hl"",""cpu_m"":541,""mem_b"":233353384,""priority"":""4"",""node"":""kwok-node-30""},{""name"":""rs-35-p4-8zgn8"",""cpu_m"":520,""mem_b"":723595249,""priority"":""4"",""node"":""kwok-node-19""},{""name"":""rs-35-p4-rdx8m"",""cpu_m"":520,""mem_b"":723595249,""priority"":""4"",""node"":""kwok-node-9""},{""name"":""rs-36-p2-5sdsf"",""cpu_m"":458,""mem_b"":871518654,""priority"":""2"",""node"":""kwok-node-14""},{""name"":""rs-36-p2-f2hmx"",""cpu_m"":458,""mem_b"":871518654,""priority"":""2"",""node"":""""},{""name"":""rs-36-p2-hnmch"",""cpu_m"":458,""mem_b"":871518654,""priority"":""2"",""node"":""""},{""name"":""rs-37-p1-fbzs5"",""cpu_m"":738,""mem_b"":785005877,""priority"":""1"",""node"":""""},{""name"":""rs-37-p1-r68ck"",""cpu_m"":738,""mem_b"":785005877,""priority"":""1"",""node"":""""},{""name"":""rs-37-p1-xzl7n"",""cpu_m"":738,""mem_b"":785005877,""priority"":""1"",""node"":""""},{""name"":""rs-38-p3-cnjxw"",""cpu_m"":960,""mem_b"":487335337,""priority"":""3"",""node"":""kwok-node-28""},{""name"":""rs-38-p3-qqpx4"",""cpu_m"":960,""mem_b"":487335337,""priority"":""3"",""node"":""""},{""name"":""rs-38-p3-r4tkr"",""cpu_m"":960,""mem_b"":487335337,""priority"":""3"",""node"":""kwok-node-27""},{""name"":""rs-39-p3-sp58m"",""cpu_m"":800,""mem_b"":765823595,""priority"":""3"",""node"":""""},{""name"":""rs-40-p4-5pwfg"",""cpu_m"":378,""mem_b"":121568807,""priority"":""4"",""node"":""kwok-node-8""},{""name"":""rs-40-p4-fgbqr"",""cpu_m"":378,""mem_b"":121568807,""priority"":""4"",""node"":""kwok-node-22""},{""name"":""rs-41-p2-fm2x5"",""cpu_m"":773,""mem_b"":470662101,""priority"":""2"",""node"":""""},{""name"":""rs-41-p2-g5wxv"",""cpu_m"":773,""mem_b"":470662101,""priority"":""2"",""node"":""""},{""name"":""rs-41-p2-mzfwd"",""cpu_m"":773,""mem_b"":470662101,""priority"":""2"",""node"":""""},{""name"":""rs-41-p2-qrzcr"",""cpu_m"":773,""mem_b"":470662101,""priority"":""2"",""node"":""kwok-node-32""},{""name"":""rs-42-p1-cftgz"",""cpu_m"":336,""mem_b"":471350918,""priority"":""1"",""node"":""kwok-node-11""},{""name"":""rs-42-p1-s6549"",""cpu_m"":336,""mem_b"":471350918,""priority"":""1"",""node"":""kwok-node-18""},{""name"":""rs-43-p4-rr5gc"",""cpu_m"":551,""mem_b"":675764886,""priority"":""4"",""node"":""kwok-node-26""},{""name"":""rs-43-p4-wlqzd"",""cpu_m"":551,""mem_b"":675764886,""priority"":""4"",""node"":""kwok-node-3""},{""name"":""rs-44-p4-gd2lx"",""cpu_m"":559,""mem_b"":806139298,""priority"":""4"",""node"":""""},{""name"":""rs-44-p4-jknzh"",""cpu_m"":559,""mem_b"":806139298,""priority"":""4"",""node"":""""},{""name"":""rs-44-p4-t4b4b"",""cpu_m"":559,""mem_b"":806139298,""priority"":""4"",""node"":""""},{""name"":""rs-45-p1-f6m28"",""cpu_m"":839,""mem_b"":876927357,""priority"":""1"",""node"":""""},{""name"":""rs-45-p1-pbt4k"",""cpu_m"":839,""mem_b"":876927357,""priority"":""1"",""node"":""""},{""name"":""rs-46-p2-dntj5"",""cpu_m"":473,""mem_b"":404497509,""priority"":""2"",""node"":""kwok-node-1""},{""name"":""rs-46-p2-jl8rn"",""cpu_m"":473,""mem_b"":404497509,""priority"":""2"",""node"":""kwok-node-24""},{""name"":""rs-46-p2-xrhhs"",""cpu_m"":473,""mem_b"":404497509,""priority"":""2"",""node"":""kwok-node-23""},{""name"":""rs-47-p2-v8vcl"",""cpu_m"":426,""mem_b"":937799690,""priority"":""2"",""node"":""""},{""name"":""rs-48-p4-g6vw6"",""cpu_m"":734,""mem_b"":952405465,""priority"":""4"",""node"":""""},{""name"":""rs-48-p4-wf77p"",""cpu_m"":734,""mem_b"":952405465,""priority"":""4"",""node"":""""},{""name"":""rs-48-p4-wspsc"",""cpu_m"":734,""mem_b"":952405465,""priority"":""4"",""node"":""""},{""name"":""rs-49-p3-gsgkv"",""cpu_m"":506,""mem_b"":543373664,""priority"":""3"",""node"":""kwok-node-6""},{""name"":""rs-49-p3-w5xwp"",""cpu_m"":506,""mem_b"":543373664,""priority"":""3"",""node"":""kwok-node-5""},{""name"":""rs-50-p1-lsc97"",""cpu_m"":275,""mem_b"":676676883,""priority"":""1"",""node"":""kwok-node-25""}]","[{""name"":""kwok-node-1"",""cap_cpu_m"":2175,""cap_mem_bytes"":2405882155},{""name"":""kwok-node-2"",""cap_cpu_m"":2175,""cap_mem_bytes"":2405882155},{""name"":""kwok-node-3"",""cap_cpu_m"":2175,""cap_mem_bytes"":2405882155},{""name"":""kwok-node-4"",""cap_cpu_m"":2175,""cap_mem_bytes"":2405882155},{""name"":""kwok-node-5"",""cap_cpu_m"":2175,""cap_mem_bytes"":2405882155},{""name"":""kwok-node-6"",""cap_cpu_m"":2175,""cap_mem_bytes"":2405882155},{""name"":""kwok-node-7"",""cap_cpu_m"":2175,""cap_mem_bytes"":2405882155},{""name"":""kwok-node-8"",""cap_cpu_m"":2175,""cap_mem_bytes"":2405882155},{""name"":""kwok-node-9"",""cap_cpu_m"":2175,""cap_mem_bytes"":2405882155},{""name"":""kwok-node-10"",""cap_cpu_m"":2175,""cap_mem_bytes"":2405882155},{""name"":""kwok-node-11"",""cap_cpu_m"":2175,""cap_mem_bytes"":2405882155},{""name"":""kwok-node-12"",""cap_cpu_m"":2175,""cap_mem_bytes"":2405882155},{""name"":""kwok-node-13"",""cap_cpu_m"":2175,""cap_mem_bytes"":2405882155},{""name"":""kwok-node-14"",""cap_cpu_m"":2175,""cap_mem_bytes"":2405882155},{""name"":""kwok-node-15"",""cap_cpu_m"":2175,""cap_mem_bytes"":2405882155},{""name"":""kwok-node-16"",""cap_cpu_m"":2175,""cap_mem_bytes"":2405882155},{""name"":""kwok-node-17"",""cap_cpu_m"":2175,""cap_mem_bytes"":2405882155},{""name"":""kwok-node-18"",""cap_cpu_m"":2175,""cap_mem_bytes"":2405882155},{""name"":""kwok-node-19"",""cap_cpu_m"":2175,""cap_mem_bytes"":2405882155},{""name"":""kwok-node-20"",""cap_cpu_m"":2175,""cap_mem_bytes"":2405882155},{""name"":""kwok-node-21"",""cap_cpu_m"":2175,""cap_mem_bytes"":2405882155},{""name"":""kwok-node-22"",""cap_cpu_m"":2175,""cap_mem_bytes"":2405882155},{""name"":""kwok-node-23"",""cap_cpu_m"":2175,""cap_mem_bytes"":2405882155},{""name"":""kwok-node-24"",""cap_cpu_m"":2175,""cap_mem_bytes"":2405882155},{""name"":""kwok-node-25"",""cap_cpu_m"":2175,""cap_mem_bytes"":2405882155},{""name"":""kwok-node-26"",""cap_cpu_m"":2175,""cap_mem_bytes"":2405882155},{""name"":""kwok-node-27"",""cap_cpu_m"":2175,""cap_mem_bytes"":2405882155},{""name"":""kwok-node-28"",""cap_cpu_m"":2175,""cap_mem_bytes"":2405882155},{""name"":""kwok-node-29"",""cap_cpu_m"":2175,""cap_mem_bytes"":2405882155},{""name"":""kwok-node-30"",""cap_cpu_m"":2175,""cap_mem_bytes"":2405882155},{""name"":""kwok-node-31"",""cap_cpu_m"":2175,""cap_mem_bytes"":2405882155},{""name"":""kwok-node-32"",""cap_cpu_m"":2175,""cap_mem_bytes"":2405882155}]"
2026/02/11/12:24:51,4855668352291734553,,"{""evicted"":0,""moved"":0,""placed_by_priority"":{""1"":31,""2"":27,""3"":22,""4"":26}}",python,"{""evicted"":11,""moved"":15,""placed_by_priority"":{""1"":28,""2"":31,""3"":28,""4"":30}}",977,FEASIBLE,"[{""duration_ms"":977,""name"":""python"",""score"":{""evicted"":11,""moved"":15,""placed_by_priority"":{""1"":28,""2"":31,""3"":28,""4"":30}},""status"":""FEASIBLE""}]",0.926,0.830,0.918,0.842,59009,52939,57969795704,53158690804,117,106,11,22,"{""kwok-node-1"":4,""kwok-node-10"":3,""kwok-node-11"":3,""kwok-node-12"":4,""kwok-node-13"":3,""kwok-node-14"":4,""kwok-node-15"":4,""kwok-node-16"":4,""kwok-node-17"":4,""kwok-node-18"":4,""kwok-node-19"":4,""kwok-node-2"":5,""kwok-node-20"":4,""kwok-node-21"":3,""kwok-node-22"":4,""kwok-node-23"":4,""kwok-node-24"":4,""kwok-node-25"":3,""kwok-node-26"":4,""kwok-node-27"":3,""kwok-node-28"":3,""kwok-node-29"":4,""kwok-node-3"":2,""kwok-node-30"":3,""kwok-node-31"":4,""kwok-node-32"":3,""kwok-node-4"":4,""kwok-node-5"":4,""kwok-node-6"":4,""kwok-node-7"":3,""kwok-node-8"":4,""kwok-node-9"":4}","{""kwok-node-1"":3,""kwok-node-10"":2,""kwok-node-11"":3,""kwok-node-12"":4,""kwok-node-13"":2,""kwok-node-14"":3,""kwok-node-15"":4,""kwok-node-16"":4,""kwok-node-17"":3,""kwok-node-18"":4,""kwok-node-19"":4,""kwok-node-2"":4,""kwok-node-20"":3,""kwok-node-21"":3,""kwok-node-22"":3,""kwok-node-23"":4,""kwok-node-24"":4,""kwok-node-25"":2,""kwok-node-26"":4,""kwok-node-27"":3,""kwok-node-28"":3,""kwok-node-29"":4,""kwok-node-3"":2,""kwok-node-30"":3,""kwok-node-31"":3,""kwok-node-32"":3,""kwok-node-4"":4,""kwok-node-5"":4,""kwok-node-6"":4,""kwok-node-7"":3,""kwok-node-8"":4,""kwok-node-9"":3}","{""p1"":28,""p2"":31,""p3"":28,""p4"":30}","{""p1"":31,""p2"":27,""p3"":22,""p4"":26}","{""p1"":11}","{""p1"":8,""p2"":4,""p3"":6,""p4"":4}","{rs-28-p1-29blg,rs-28-p1-6zrvv,rs-28-p1-xbj7w,rs-35-p1-cmn7f,rs-35-p1-czggq,rs-36-p1-ls6x9,rs-36-p1-lvhcq,rs-36-p1-q9gb8,rs-36-p1-spsr6,rs-38-p1-464k5,rs-38-p1-dn9ns}","{rs-40-p2-7rlww,rs-40-p2-gpmqq,rs-40-p2-s757b,rs-40-p2-v9kw7,rs-42-p3-twjhb,rs-44-p4-946df,rs-44-p4-c4g9l,rs-44-p4-qwp8g,rs-44-p4-w24qd,rs-46-p1-ckg6c,rs-46-p1-mk9gl,rs-46-p1-rwrpr,rs-46-p1-skgkq,rs-47-p1-875kd,rs-47-p1-fwblq,rs-47-p1-n5wjz,rs-47-p1-qrdgp,rs-48-p3-48zl5,rs-48-p3-hf6mh,rs-48-p3-nc9kc,rs-48-p3-qnw9b,rs-49-p3-v4795}","{rs-01-p4-jsxcx,rs-02-p1-pqcvk,rs-02-p1-q89f8,rs-03-p3-rkvpw,rs-03-p3-xwlxg,rs-04-p2-7ztw2,rs-04-p2-g4kf2,rs-05-p1-7wsmm,rs-05-p1-wd2nj,rs-06-p3-pdfbt,rs-07-p4-hm4px,rs-07-p4-knjm4,rs-08-p3-5ch5b,rs-08-p3-f79rz,rs-08-p3-vdlnb,rs-09-p2-bk5jd,rs-09-p2-dnd6s,rs-09-p2-ghdpd,rs-09-p2-hflvb,rs-10-p3-488jk,rs-10-p3-wd2q6,rs-11-p1-45txz,rs-11-p1-9rm9h,rs-11-p1-qkddq,rs-12-p4-7jnhf,rs-12-p4-8vhsd,rs-12-p4-zh52w,rs-13-p2-8cpxb,rs-13-p2-wlsph,rs-14-p3-57qpv,rs-14-p3-d552g,rs-14-p3-j5cnk,rs-14-p3-shvqh,rs-15-p2-fvlk6,rs-16-p2-bphb4,rs-17-p3-tfl9z,rs-18-p1-557dr,rs-18-p1-l2vkb,rs-18-p1-xhf27,rs-18-p1-xrjsv,rs-19-p3-kwh7d,rs-19-p3-zq474,rs-20-p4-c8g79,rs-20-p4-jhkw5,rs-20-p4-kpxps,rs-21-p2-8g9d2,rs-21-p2-nxbdw,rs-22-p2-5zhvk,rs-22-p2-cvvkj,rs-22-p2-nmhx6,rs-23-p2-6927v,rs-23-p2-6vtwm,rs-24-p4-qszdq,rs-25-p3-47cl4,rs-25-p3-g8kkv,rs-26-p4-642t7,rs-26-p4-nbtw6,rs-26-p4-xfjps,rs-27-p4-mblxs,rs-29-p4-7st24,rs-29-p4-p2kc4,rs-29-p4-x2kqb,rs-29-p4-xbg6l,rs-30-p4-d8cbj,rs-30-p4-k4dhg,rs-30-p4-nm78c,rs-30-p4-r4gnc,rs-31-p2-l2j54,rs-31-p2-qpc4b,rs-31-p2-rr8m4,rs-32-p4-48qk6,rs-32-p4-6z28g,rs-32-p4-9rcg6,rs-33-p4-g5nc4,rs-34-p2-4qhpv,rs-34-p2-j2bg4,rs-34-p2-slsv6,rs-35-p1-j4wfw,rs-35-p1-l26c6,rs-37-p2-6xcff,rs-37-p2-dd2pv,rs-37-p2-hlh2q,rs-37-p2-jzckv,rs-38-p1-kw7rc,rs-38-p1-v8rpf,rs-39-p3-hfm2g,rs-39-p3-jctdt,rs-40-p2-7rlww,rs-40-p2-gpmqq,rs-40-p2-s757b,rs-40-p2-v9kw7,rs-41-p1-h4457,rs-41-p1-tr7mw,rs-42-p3-twjhb,rs-43-p3-5drsv,rs-43-p3-7chdt,rs-43-p3-b4tzs,rs-44-p4-946df,rs-44-p4-c4g9l,rs-44-p4-qwp8g,rs-44-p4-w24qd,rs-45-p1-dwblr,rs-45-p1-fcshc,rs-45-p1-qhcw6,rs-46-p1-ckg6c,rs-46-p1-mk9gl,rs-46-p1-rwrpr,rs-46-p1-skgkq,rs-47-p1-875kd,rs-47-p1-fwblq,rs-47-p1-n5wjz,rs-47-p1-qrdgp,rs-48-p3-48zl5,rs-48-p3-hf6mh,rs-48-p3-nc9kc,rs-48-p3-qnw9b,rs-49-p3-v4795}","{rs-01-p4-jsxcx,rs-02-p1-pqcvk,rs-02-p1-zxmns,rs-03-p3-rkvpw,rs-03-p3-xwlxg,rs-04-p2-7ztw2,rs-04-p2-g4kf2,rs-05-p1-6ssbq,rs-05-p1-l462v,rs-06-p3-pdfbt,rs-07-p4-hm4px,rs-07-p4-knjm4,rs-08-p3-5ch5b,rs-08-p3-f79rz,rs-08-p3-vdlnb,rs-09-p2-bk5jd,rs-09-p2-dnd6s,rs-09-p2-ghdpd,rs-09-p2-hflvb,rs-10-p3-488jk,rs-10-p3-wd2q6,rs-11-p1-6n8ft,rs-11-p1-9rm9h,rs-11-p1-gqp6l,rs-12-p4-7jnhf,rs-12-p4-8vhsd,rs-12-p4-zh52w,rs-13-p2-8cpxb,rs-13-p2-wlsph,rs-14-p3-57qpv,rs-14-p3-d552g,rs-14-p3-j5cnk,rs-14-p3-shvqh,rs-15-p2-fvlk6,rs-16-p2-bphb4,rs-17-p3-tfl9z,rs-18-p1-557dr,rs-18-p1-dsvgk,rs-18-p1-rhcnw,rs-18-p1-s4whp,rs-19-p3-kwh7d,rs-19-p3-zq474,rs-20-p4-c8g79,rs-20-p4-jhkw5,rs-20-p4-kpxps,rs-21-p2-8g9d2,rs-21-p2-nxbdw,rs-22-p2-5zhvk,rs-22-p2-cvvkj,rs-22-p2-nmhx6,rs-23-p2-6927v,rs-23-p2-6vtwm,rs-24-p4-qszdq,rs-25-p3-47cl4,rs-25-p3-g8kkv,rs-26-p4-642t7,rs-26-p4-nbtw6,rs-26-p4-xfjps,rs-27-p4-mblxs,rs-28-p1-csd5r,rs-28-p1-mxph7,rs-28-p1-slb5j,rs-29-p4-7st24,rs-29-p4-p2kc4,rs-29-p4-x2kqb,rs-29-p4-xbg6l,rs-30-p4-d8cbj,rs-30-p4-k4dhg,rs-30-p4-nm78c,rs-30-p4-r4gnc,rs-31-p2-l2j54,rs-31-p2-qpc4b,rs-31-p2-rr8m4,rs-32-p4-48qk6,rs-32-p4-6z28g,rs-32-p4-9rcg6,rs-33-p4-g5nc4,rs-34-p2-4qhpv,rs-34-p2-j2bg4,rs-34-p2-slsv6,rs-35-p1-2wtkp,rs-35-p1-5vhgl,rs-35-p1-9fcbv,rs-35-p1-qklfp,rs-36-p1-ghw4t,rs-36-p1-hlng5,rs-36-p1-jh4pz,rs-36-p1-zg5x5,rs-37-p2-6xcff,rs-37-p2-dd2pv,rs-37-p2-hlh2q,rs-37-p2-jzckv,rs-38-p1-8kv8b,rs-38-p1-l97kh,rs-38-p1-mnkbk,rs-38-p1-v8rpf,rs-39-p3-hfm2g,rs-39-p3-jctdt,rs-41-p1-gq6lb,rs-41-p1-m7zms,rs-43-p3-5drsv,rs-43-p3-7chdt,rs-43-p3-b4tzs,rs-45-p1-fcshc,rs-45-p1-m9w9x,rs-45-p1-mc2bn}","[{""name"":""rs-01-p4-jsxcx"",""cpu_m"":687,""mem_b"":737332043,""priority"":""4"",""node"":""kwok-node-10""},{""name"":""rs-02-p1-pqcvk"",""cpu_m"":358,""mem_b"":210678458,""priority"":""1"",""node"":""kwok-node-2""},{""name"":""rs-02-p1-q89f8"",""cpu_m"":358,""mem_b"":210678458,""priority"":""1"",""node"":""kwok-node-9""},{""name"":""rs-03-p3-rkvpw"",""cpu_m"":335,""mem_b"":644397884,""priority"":""3"",""node"":""kwok-node-1""},{""name"":""rs-03-p3-xwlxg"",""cpu_m"":335,""mem_b"":644397884,""priority"":""3"",""node"":""kwok-node-20""},{""name"":""rs-04-p2-7ztw2"",""cpu_m"":437,""mem_b"":852106216,""priority"":""2"",""node"":""kwok-node-17""},{""name"":""rs-04-p2-g4kf2"",""cpu_m"":437,""mem_b"":852106216,""priority"":""2"",""node"":""kwok-node-23""},{""name"":""rs-05-p1-7wsmm"",""cpu_m"":637,""mem_b"":215477996,""priority"":""1"",""node"":""kwok-node-4""},{""name"":""rs-05-p1-wd2nj"",""cpu_m"":637,""mem_b"":215477996,""priority"":""1"",""node"":""kwok-node-12""},{""name"":""rs-06-p3-pdfbt"",""cpu_m"":228,""mem_b"":422276473,""priority"":""3"",""node"":""kwok-node-12""},{""name"":""rs-07-p4-hm4px"",""cpu_m"":825,""mem_b"":410606795,""priority"":""4"",""node"":""kwok-node-27""},{""name"":""rs-07-p4-knjm4"",""cpu_m"":825,""mem_b"":410606795,""priority"":""4"",""node"":""kwok-node-28""},{""name"":""rs-08-p3-5ch5b"",""cpu_m"":441,""mem_b"":161590886,""priority"":""3"",""node"":""kwok-node-29""},{""name"":""rs-08-p3-f79rz"",""cpu_m"":441,""mem_b"":161590886,""priority"":""3"",""node"":""kwok-node-15""},{""name"":""rs-08-p3-vdlnb"",""cpu_m"":441,""mem_b"":161590886,""priority"":""3"",""node"":""kwok-node-24""},{""name"":""rs-09-p2-bk5jd"",""cpu_m"":350,""mem_b"":333398060,""priority"":""2"",""node"":""kwok-node-26""},{""name"":""rs-09-p2-dnd6s"",""cpu_m"":350,""mem_b"":333398060,""priority"":""2"",""node"":""kwok-node-19""},{""name"":""rs-09-p2-ghdpd"",""cpu_m"":350,""mem_b"":333398060,""priority"":""2"",""node"":""kwok-node-22""},{""name"":""rs-09-p2-hflvb"",""cpu_m"":350,""mem_b"":333398060,""priority"":""2"",""node"":""kwok-node-14""},{""name"":""rs-10-p3-488jk"",""cpu_m"":448,""mem_b"":956613831,""priority"":""3"",""node"":""kwok-node-11""},{""name"":""rs-10-p3-wd2q6"",""cpu_m"":448,""mem_b"":956613831,""priority"":""3"",""node"":""kwok-node-30""},{""name"":""rs-11-p1-45txz"",""cpu_m"":567,""mem_b"":615283543,""priority"":""1"",""node"":""kwok-node-15""},{""name"":""rs-11-p1-9rm9h"",""cpu_m"":567,""mem_b"":615283543,""priority"":""1"",""node"":""kwok-node-13""},{""name"":""rs-11-p1-qkddq"",""cpu_m"":567,""mem_b"":615283543,""priority"":""1"",""node"":""kwok-node-16""},{""name"":""rs-12-p4-7jnhf"",""cpu_m"":313,""mem_b"":326947370,""priority"":""4"",""node"":""kwok-node-8""},{""name"":""rs-12-p4-8vhsd"",""cpu_m"":313,""mem_b"":326947370,""priority"":""4"",""node"":""kwok-node-4""},{""name"":""rs-12-p4-zh52w"",""cpu_m"":313,""mem_b"":326947370,""priority"":""4"",""node"":""kwok-node-5""},{""name"":""rs-13-p2-8cpxb"",""cpu_m"":129,""mem_b"":297198893,""priority"":""2"",""node"":""kwok-node-9""},{""name"":""rs-13-p2-wlsph"",""cpu_m"":129,""mem_b"":297198893,""priority"":""2"",""node"":""kwok-node-32""},{""name"":""rs-14-p3-57qpv"",""cpu_m"":507,""mem_b"":544748149,""priority"":""3"",""node"":""kwok-node-6""},{""name"":""rs-14-p3-d552g"",""cpu_m"":507,""mem_b"":544748149,""priority"":""3"",""node"":""kwok-node-31""},{""name"":""rs-14-p3-j5cnk"",""cpu_m"":507,""mem_b"":544748149,""priority"":""3"",""node"":""kwok-node-32""},{""name"":""rs-14-p3-shvqh"",""cpu_m"":507,""mem_b"":544748149,""priority"":""3"",""node"":""kwok-node-7""},{""name"":""rs-15-p2-fvlk6"",""cpu_m"":479,""mem_b"":861725279,""priority"":""2"",""node"":""kwok-node-29""},{""name"":""rs-16-p2-bphb4"",""cpu_m"":521,""mem_b"":440332405,""priority"":""2"",""node"":""kwok-node-9""},{""name"":""rs-17-p3-tfl9z"",""cpu_m"":824,""mem_b"":416020978,""priority"":""3"",""node"":""kwok-node-12""},{""name"":""rs-18-p1-557dr"",""cpu_m"":683,""mem_b"":148177573,""priority"":""1"",""node"":""kwok-node-20""},{""name"":""rs-18-p1-l2vkb"",""cpu_m"":683,""mem_b"":148177573,""priority"":""1"",""node"":""kwok-node-17""},{""name"":""rs-18-p1-xhf27"",""cpu_m"":683,""mem_b"":148177573,""priority"":""1"",""node"":""kwok-node-29""},{""name"":""rs-18-p1-xrjsv"",""cpu_m"":683,""mem_b"":148177573,""priority"":""1"",""node"":""kwok-node-24""},{""name"":""rs-19-p3-kwh7d"",""cpu_m"":330,""mem_b"":655663170,""priority"":""3"",""node"":""kwok-node-24""},{""name"":""rs-19-p3-zq474"",""cpu_m"":330,""mem_b"":655663170,""priority"":""3"",""node"":""kwok-node-15""},{""name"":""rs-20-p4-c8g79"",""cpu_m"":105,""mem_b"":307873984,""priority"":""4"",""node"":""kwok-node-2""},{""name"":""rs-20-p4-jhkw5"",""cpu_m"":105,""mem_b"":307873984,""priority"":""4"",""node"":""kwok-node-16""},{""name"":""rs-20-p4-kpxps"",""cpu_m"":105,""mem_b"":307873984,""priority"":""4"",""node"":""kwok-node-26""},{""name"":""rs-21-p2-8g9d2"",""cpu_m"":637,""mem_b"":335861270,""priority"":""2"",""node"":""kwok-node-14""},{""name"":""rs-21-p2-nxbdw"",""cpu_m"":637,""mem_b"":335861270,""priority"":""2"",""node"":""kwok-node-22""},{""name"":""rs-22-p2-5zhvk"",""cpu_m"":628,""mem_b"":166654889,""priority"":""2"",""node"":""kwok-node-1""},{""name"":""rs-22-p2-cvvkj"",""cpu_m"":628,""mem_b"":166654889,""priority"":""2"",""node"":""kwok-node-23""},{""name"":""rs-22-p2-nmhx6"",""cpu_m"":628,""mem_b"":166654889,""priority"":""2"",""node"":""kwok-node-19""},{""name"":""rs-23-p2-6927v"",""cpu_m"":207,""mem_b"":220920453,""priority"":""2"",""node"":""kwok-node-16""},{""name"":""rs-23-p2-6vtwm"",""cpu_m"":207,""mem_b"":220920453,""priority"":""2"",""node"":""kwok-node-2""},{""name"":""rs-24-p4-qszdq"",""cpu_m"":223,""mem_b"":401607040,""priority"":""4"",""node"":""kwok-node-21""},{""name"":""rs-25-p3-47cl4"",""cpu_m"":438,""mem_b"":154411755,""priority"":""3"",""node"":""kwok-node-31""},{""name"":""rs-25-p3-g8kkv"",""cpu_m"":438,""mem_b"":154411755,""priority"":""3"",""node"":""kwok-node-26""},{""name"":""rs-26-p4-642t7"",""cpu_m"":145,""mem_b"":294201137,""priority"":""4"",""node"":""kwok-node-7""},{""name"":""rs-26-p4-nbtw6"",""cpu_m"":145,""mem_b"":294201137,""priority"":""4"",""node"":""kwok-node-6""},{""name"":""rs-26-p4-xfjps"",""cpu_m"":145,""mem_b"":294201137,""priority"":""4"",""node"":""kwok-node-18""},{""name"":""rs-27-p4-mblxs"",""cpu_m"":567,""mem_b"":208988822,""priority"":""4"",""node"":""kwok-node-17""},{""name"":""rs-28-p1-29blg"",""cpu_m"":947,""mem_b"":781872970,""priority"":""1"",""node"":""""},{""name"":""rs-28-p1-6zrvv"",""cpu_m"":947,""mem_b"":781872970,""priority"":""1"",""node"":""""},{""name"":""rs-28-p1-xbj7w"",""cpu_m"":947,""mem_b"":781872970,""priority"":""1"",""node"":""""},{""name"":""rs-29-p4-7st24"",""cpu_m"":837,""mem_b"":714039666,""priority"":""4"",""node"":""kwok-node-16""},{""name"":""rs-29-p4-p2kc4"",""cpu_m"":837,""mem_b"":714039666,""priority"":""4"",""node"":""kwok-node-2""},{""name"":""rs-29-p4-x2kqb"",""cpu_m"":837,""mem_b"":714039666,""priority"":""4"",""node"":""kwok-node-9""},{""name"":""rs-29-p4-xbg6l"",""cpu_m"":837,""mem_b"":714039666,""priority"":""4"",""node"":""kwok-node-10""},{""name"":""rs-30-p4-d8cbj"",""cpu_m"":181,""mem_b"":853080101,""priority"":""4"",""node"":""kwok-node-8""},{""name"":""rs-30-p4-k4dhg"",""cpu_m"":181,""mem_b"":853080101,""priority"":""4"",""node"":""kwok-node-28""},{""name"":""rs-30-p4-nm78c"",""cpu_m"":181,""mem_b"":853080101,""priority"":""4"",""node"":""kwok-node-27""},{""name"":""rs-30-p4-r4gnc"",""cpu_m"":181,""mem_b"":853080101,""priority"":""4"",""node"":""kwok-node-5""},{""name"":""rs-31-p2-l2j54"",""cpu_m"":351,""mem_b"":307458829,""priority"":""2"",""node"":""kwok-node-6""},{""name"":""rs-31-p2-qpc4b"",""cpu_m"":351,""mem_b"":307458829,""priority"":""2"",""node"":""kwok-node-18""},{""name"":""rs-31-p2-rr8m4"",""cpu_m"":351,""mem_b"":307458829,""priority"":""2"",""node"":""kwok-node-15""},{""name"":""rs-32-p4-48qk6"",""cpu_m"":899,""mem_b"":969239179,""priority"":""4"",""node"":""kwok-node-7""},{""name"":""rs-32-p4-6z28g"",""cpu_m"":899,""mem_b"":969239179,""priority"":""4"",""node"":""kwok-node-26""},{""name"":""rs-32-p4-9rcg6"",""cpu_m"":899,""mem_b"":969239179,""priority"":""4"",""node"":""kwok-node-21""},{""name"":""rs-33-p4-g5nc4"",""cpu_m"":999,""mem_b"":733592739,""priority"":""4"",""node"":""kwok-node-32""},{""name"":""rs-34-p2-4qhpv"",""cpu_m"":433,""mem_b"":847743399,""priority"":""2"",""node"":""kwok-node-4""},{""name"":""rs-34-p2-j2bg4"",""cpu_m"":433,""mem_b"":847743399,""priority"":""2"",""node"":""kwok-node-19""},{""name"":""rs-34-p2-slsv6"",""cpu_m"":433,""mem_b"":847743399,""priority"":""2"",""node"":""kwok-node-22""},{""name"":""rs-35-p1-cmn7f"",""cpu_m"":797,""mem_b"":439080185,""priority"":""1"",""node"":""""},{""name"":""rs-35-p1-czggq"",""cpu_m"":797,""mem_b"":439080185,""priority"":""1"",""node"":""""},{""name"":""rs-35-p1-j4wfw"",""cpu_m"":797,""mem_b"":439080185,""priority"":""1"",""node"":""kwok-node-21""},{""name"":""rs-35-p1-l26c6"",""cpu_m"":797,""mem_b"":439080185,""priority"":""1"",""node"":""kwok-node-5""},{""name"":""rs-36-p1-ls6x9"",""cpu_m"":506,""mem_b"":985447666,""priority"":""1"",""node"":""""},{""name"":""rs-36-p1-lvhcq"",""cpu_m"":506,""mem_b"":985447666,""priority"":""1"",""node"":""""},{""name"":""rs-36-p1-q9gb8"",""cpu_m"":506,""mem_b"":985447666,""priority"":""1"",""node"":""""},{""name"":""rs-36-p1-spsr6"",""cpu_m"":506,""mem_b"":985447666,""priority"":""1"",""node"":""""},{""name"":""rs-37-p2-6xcff"",""cpu_m"":271,""mem_b"":760917368,""priority"":""2"",""node"":""kwok-node-17""},{""name"":""rs-37-p2-dd2pv"",""cpu_m"":271,""mem_b"":760917368,""priority"":""2"",""node"":""kwok-node-23""},{""name"":""rs-37-p2-hlh2q"",""cpu_m"":271,""mem_b"":760917368,""priority"":""2"",""node"":""kwok-node-12""},{""name"":""rs-37-p2-jzckv"",""cpu_m"":271,""mem_b"":760917368,""priority"":""2"",""node"":""kwok-node-29""},{""name"":""rs-38-p1-464k5"",""cpu_m"":716,""mem_b"":576530290,""priority"":""1"",""node"":""""},{""name"":""rs-38-p1-dn9ns"",""cpu_m"":716,""mem_b"":576530290,""priority"":""1"",""node"":""""},{""name"":""rs-38-p1-kw7rc"",""cpu_m"":716,""mem_b"":576530290,""priority"":""1"",""node"":""kwok-node-27""},{""name"":""rs-38-p1-v8rpf"",""cpu_m"":716,""mem_b"":576530290,""priority"":""1"",""node"":""kwok-node-6""},{""name"":""rs-39-p3-hfm2g"",""cpu_m"":642,""mem_b"":155748587,""priority"":""3"",""node"":""kwok-node-8""},{""name"":""rs-39-p3-jctdt"",""cpu_m"":642,""mem_b"":155748587,""priority"":""3"",""node"":""kwok-node-5""},{""name"":""rs-40-p2-7rlww"",""cpu_m"":820,""mem_b"":344797421,""priority"":""2"",""node"":""kwok-node-28""},{""name"":""rs-40-p2-gpmqq"",""cpu_m"":820,""mem_b"":344797421,""priority"":""2"",""node"":""kwok-node-14""},{""name"":""rs-40-p2-s757b"",""cpu_m"":820,""mem_b"":344797421,""priority"":""2"",""node"":""kwok-node-31""},{""name"":""rs-40-p2-v9kw7"",""cpu_m"":820,""mem_b"":344797421,""priority"":""2"",""node"":""kwok-node-8""},{""name"":""rs-41-p1-h4457"",""cpu_m"":247,""mem_b"":458460915,""priority"":""1"",""node"":""kwok-node-2""},{""name"":""rs-41-p1-tr7mw"",""cpu_m"":247,""mem_b"":458460915,""priority"":""1"",""node"":""kwok-node-10""},{""name"":""rs-42-p3-twjhb"",""cpu_m"":791,""mem_b"":928230177,""priority"":""3"",""node"":""kwok-node-3""},{""name"":""rs-43-p3-5drsv"",""cpu_m"":493,""mem_b"":536303627,""priority"":""3"",""node"":""kwok-node-19""},{""name"":""rs-43-p3-7chdt"",""cpu_m"":493,""mem_b"":536303627,""priority"":""3"",""node"":""kwok-node-30""},{""name"":""rs-43-p3-b4tzs"",""cpu_m"":493,""mem_b"":536303627,""priority"":""3"",""node"":""kwok-node-11""},{""name"":""rs-44-p4-946df"",""cpu_m"":353,""mem_b"":973798762,""priority"":""4"",""node"":""kwok-node-24""},{""name"":""rs-44-p4-c4g9l"",""cpu_m"":353,""mem_b"":973798762,""priority"":""4"",""node"":""kwok-node-13""},{""name"":""rs-44-p4-qwp8g"",""cpu_m"":353,""mem_b"":973798762,""priority"":""4"",""node"":""kwok-node-1""},{""name"":""rs-44-p4-w24qd"",""cpu_m"":353,""mem_b"":973798762,""priority"":""4"",""node"":""kwok-node-25""},{""name"":""rs-45-p1-dwblr"",""cpu_m"":571,""mem_b"":144445636,""priority"":""1"",""node"":""kwok-node-1""},{""name"":""rs-45-p1-fcshc"",""cpu_m"":571,""mem_b"":144445636,""priority"":""1"",""node"":""kwok-node-23""},{""name"":""rs-45-p1-qhcw6"",""cpu_m"":571,""mem_b"":144445636,""priority"":""1"",""node"":""kwok-node-22""},{""name"":""rs-46-p1-ckg6c"",""cpu_m"":185,""mem_b"":913954535,""priority"":""1"",""node"":""kwok-node-31""},{""name"":""rs-46-p1-mk9gl"",""cpu_m"":185,""mem_b"":913954535,""priority"":""1"",""node"":""kwok-node-18""},{""name"":""rs-46-p1-rwrpr"",""cpu_m"":185,""mem_b"":913954535,""priority"":""1"",""node"":""kwok-node-20""},{""name"":""rs-46-p1-skgkq"",""cpu_m"":185,""mem_b"":913954535,""priority"":""1"",""node"":""kwok-node-14""},{""name"":""rs-47-p1-875kd"",""cpu_m"":787,""mem_b"":256176663,""priority"":""1"",""node"":""kwok-node-13""},{""name"":""rs-47-p1-fwblq"",""cpu_m"":787,""mem_b"":256176663,""priority"":""1"",""node"":""kwok-node-20""},{""name"":""rs-47-p1-n5wjz"",""cpu_m"":787,""mem_b"":256176663,""priority"":""1"",""node"":""kwok-node-25""},{""name"":""rs-47-p1-qrdgp"",""cpu_m"":787,""mem_b"":256176663,""priority"":""1"",""node"":""kwok-node-25""},{""name"":""rs-48-p3-48zl5"",""cpu_m"":998,""mem_b"":426437492,""priority"":""3"",""node"":""kwok-node-18""},{""name"":""rs-48-p3-hf6mh"",""cpu_m"":998,""mem_b"":426437492,""priority"":""3"",""node"":""kwok-node-11""},{""name"":""rs-48-p3-nc9kc"",""cpu_m"":998,""mem_b"":426437492,""priority"":""3"",""node"":""kwok-node-3""},{""name"":""rs-48-p3-qnw9b"",""cpu_m"":998,""mem_b"":426437492,""priority"":""3"",""node"":""kwok-node-30""},{""name"":""rs-49-p3-v4795"",""cpu_m"":598,""mem_b"":540845755,""priority"":""3"",""node"":""kwok-node-4""}]","[{""name"":""rs-01-p4-jsxcx"",""cpu_m"":687,""mem_b"":737332043,""priority"":""4"",""node"":""kwok-node-10""},{""name"":""rs-02-p1-pqcvk"",""cpu_m"":358,""mem_b"":210678458,""priority"":""1"",""node"":""kwok-node-2""},{""name"":""rs-02-p1-zxmns"",""cpu_m"":358,""mem_b"":210678458,""priority"":""1"",""node"":""kwok-node-16""},{""name"":""rs-03-p3-rkvpw"",""cpu_m"":335,""mem_b"":644397884,""priority"":""3"",""node"":""kwok-node-1""},{""name"":""rs-03-p3-xwlxg"",""cpu_m"":335,""mem_b"":644397884,""priority"":""3"",""node"":""kwok-node-20""},{""name"":""rs-04-p2-7ztw2"",""cpu_m"":437,""mem_b"":852106216,""priority"":""2"",""node"":""kwok-node-17""},{""name"":""rs-04-p2-g4kf2"",""cpu_m"":437,""mem_b"":852106216,""priority"":""2"",""node"":""kwok-node-23""},{""name"":""rs-05-p1-6ssbq"",""cpu_m"":637,""mem_b"":215477996,""priority"":""1"",""node"":""kwok-node-18""},{""name"":""rs-05-p1-l462v"",""cpu_m"":637,""mem_b"":215477996,""priority"":""1"",""node"":""kwok-node-21""},{""name"":""rs-06-p3-pdfbt"",""cpu_m"":228,""mem_b"":422276473,""priority"":""3"",""node"":""kwok-node-12""},{""name"":""rs-07-p4-hm4px"",""cpu_m"":825,""mem_b"":410606795,""priority"":""4"",""node"":""kwok-node-27""},{""name"":""rs-07-p4-knjm4"",""cpu_m"":825,""mem_b"":410606795,""priority"":""4"",""node"":""kwok-node-28""},{""name"":""rs-08-p3-5ch5b"",""cpu_m"":441,""mem_b"":161590886,""priority"":""3"",""node"":""kwok-node-29""},{""name"":""rs-08-p3-f79rz"",""cpu_m"":441,""mem_b"":161590886,""priority"":""3"",""node"":""kwok-node-15""},{""name"":""rs-08-p3-vdlnb"",""cpu_m"":441,""mem_b"":161590886,""priority"":""3"",""node"":""kwok-node-24""},{""name"":""rs-09-p2-bk5jd"",""cpu_m"":350,""mem_b"":333398060,""priority"":""2"",""node"":""kwok-node-26""},{""name"":""rs-09-p2-dnd6s"",""cpu_m"":350,""mem_b"":333398060,""priority"":""2"",""node"":""kwok-node-19""},{""name"":""rs-09-p2-ghdpd"",""cpu_m"":350,""mem_b"":333398060,""priority"":""2"",""node"":""kwok-node-22""},{""name"":""rs-09-p2-hflvb"",""cpu_m"":350,""mem_b"":333398060,""priority"":""2"",""node"":""kwok-node-14""},{""name"":""rs-10-p3-488jk"",""cpu_m"":448,""mem_b"":956613831,""priority"":""3"",""node"":""kwok-node-11""},{""name"":""rs-10-p3-wd2q6"",""cpu_m"":448,""mem_b"":956613831,""priority"":""3"",""node"":""kwok-node-30""},{""name"":""rs-11-p1-6n8ft"",""cpu_m"":567,""mem_b"":615283543,""priority"":""1"",""node"":""kwok-node-25""},{""name"":""rs-11-p1-9rm9h"",""cpu_m"":567,""mem_b"":615283543,""priority"":""1"",""node"":""kwok-node-13""},{""name"":""rs-11-p1-gqp6l"",""cpu_m"":567,""mem_b"":615283543,""priority"":""1"",""node"":""kwok-node-3""},{""name"":""rs-12-p4-7jnhf"",""cpu_m"":313,""mem_b"":326947370,""priority"":""4"",""node"":""kwok-node-8""},{""name"":""rs-12-p4-8vhsd"",""cpu_m"":313,""mem_b"":326947370,""priority"":""4"",""node"":""kwok-node-4""},{""name"":""rs-12-p4-zh52w"",""cpu_m"":313,""mem_b"":326947370,""priority"":""4"",""node"":""kwok-node-5""},{""name"":""rs-13-p2-8cpxb"",""cpu_m"":129,""mem_b"":297198893,""priority"":""2"",""node"":""kwok-node-9""},{""name"":""rs-13-p2-wlsph"",""cpu_m"":129,""mem_b"":297198893,""priority"":""2"",""node"":""kwok-node-32""},{""name"":""rs-14-p3-57qpv"",""cpu_m"":507,""mem_b"":544748149,""priority"":""3"",""node"":""kwok-node-6""},{""name"":""rs-14-p3-d552g"",""cpu_m"":507,""mem_b"":544748149,""priority"":""3"",""node"":""kwok-node-31""},{""name"":""rs-14-p3-j5cnk"",""cpu_m"":507,""mem_b"":544748149,""priority"":""3"",""node"":""kwok-node-32""},{""name"":""rs-14-p3-shvqh"",""cpu_m"":507,""mem_b"":544748149,""priority"":""3"",""node"":""kwok-node-7""},{""name"":""rs-15-p2-fvlk6"",""cpu_m"":479,""mem_b"":861725279,""priority"":""2"",""node"":""kwok-node-29""},{""name"":""rs-16-p2-bphb4"",""cpu_m"":521,""mem_b"":440332405,""priority"":""2"",""node"":""kwok-node-9""},{""name"":""rs-17-p3-tfl9z"",""cpu_m"":824,""mem_b"":416020978,""priority"":""3"",""node"":""kwok-node-12""},{""name"":""rs-18-p1-557dr"",""cpu_m"":683,""mem_b"":148177573,""priority"":""1"",""node"":""kwok-node-20""},{""name"":""rs-18-p1-dsvgk"",""cpu_m"":683,""mem_b"":148177573,""priority"":""1"",""node"":""kwok-node-4""},{""name"":""rs-18-p1-rhcnw"",""cpu_m"":683,""mem_b"":148177573,""priority"":""1"",""node"":""kwok-node-8""},{""name"":""rs-18-p1-s4whp"",""cpu_m"":683,""mem_b"":148177573,""priority"":""1"",""node"":""kwok-node-5""},{""name"":""rs-19-p3-kwh7d"",""cpu_m"":330,""mem_b"":655663170,""priority"":""3"",""node"":""kwok-node-24""},{""name"":""rs-19-p3-zq474"",""cpu_m"":330,""mem_b"":655663170,""priority"":""3"",""node"":""kwok-node-15""},{""name"":""rs-20-p4-c8g79"",""cpu_m"":105,""mem_b"":307873984,""priority"":""4"",""node"":""kwok-node-2""},{""name"":""rs-20-p4-jhkw5"",""cpu_m"":105,""mem_b"":307873984,""priority"":""4"",""node"":""kwok-node-16""},{""name"":""rs-20-p4-kpxps"",""cpu_m"":105,""mem_b"":307873984,""priority"":""4"",""node"":""kwok-node-26""},{""name"":""rs-21-p2-8g9d2"",""cpu_m"":637,""mem_b"":335861270,""priority"":""2"",""node"":""kwok-node-14""},{""name"":""rs-21-p2-nxbdw"",""cpu_m"":637,""mem_b"":335861270,""priority"":""2"",""node"":""kwok-node-22""},{""name"":""rs-22-p2-5zhvk"",""cpu_m"":628,""mem_b"":166654889,""priority"":""2"",""node"":""kwok-node-1""},{""name"":""rs-22-p2-cvvkj"",""cpu_m"":628,""mem_b"":166654889,""priority"":""2"",""node"":""kwok-node-23""},{""name"":""rs-22-p2-nmhx6"",""cpu_m"":628,""mem_b"":166654889,""priority"":""2"",""node"":""kwok-node-19""},{""name"":""rs-23-p2-6927v"",""cpu_m"":207,""mem_b"":220920453,""priority"":""2"",""node"":""kwok-node-16""},{""name"":""rs-23-p2-6vtwm"",""cpu_m"":207,""mem_b"":220920453,""priority"":""2"",""node"":""kwok-node-2""},{""name"":""rs-24-p4-qszdq"",""cpu_m"":223,""mem_b"":401607040,""priority"":""4"",""node"":""kwok-node-21""},{""name"":""rs-25-p3-47cl4"",""cpu_m"":438,""mem_b"":154411755,""priority"":""3"",""node"":""kwok-node-31""},{""name"":""rs-25-p3-g8kkv"",""cpu_m"":438,""mem_b"":154411755,""priority"":""3"",""node"":""kwok-node-26""},{""name"":""rs-26-p4-642t7"",""cpu_m"":145,""mem_b"":294201137,""priority"":""4"",""node"":""kwok-node-7""},{""name"":""rs-26-p4-nbtw6"",""cpu_m"":145,""mem_b"":294201137,""priority"":""4"",""node"":""kwok-node-6""},{""name"":""rs-26-p4-xfjps"",""cpu_m"":145,""mem_b"":294201137,""priority"":""4"",""node"":""kwok-node-18""},{""name"":""rs-27-p4-mblxs"",""cpu_m"":567,""mem_b"":208988822,""priority"":""4"",""node"":""kwok-node-17""},{""name"":""rs-28-p1-csd5r"",""cpu_m"":947,""mem_b"":781872970,""priority"":""1"",""node"":""kwok-node-25""},{""name"":""rs-28-p1-mxph7"",""cpu_m"":947,""mem_b"":781872970,""priority"":""1"",""node"":""kwok-node-3""},{""name"":""rs-28-p1-slb5j"",""cpu_m"":947,""mem_b"":781872970,""priority"":""1"",""node"":""kwok-node-13""},{""name"":""rs-29-p4-7st24"",""cpu_m"":837,""mem_b"":714039666,""priority"":""4"",""node"":""kwok-node-16""},{""name"":""rs-29-p4-p2kc4"",""cpu_m"":837,""mem_b"":714039666,""priority"":""4"",""node"":""kwok-node-2""},{""name"":""rs-29-p4-x2kqb"",""cpu_m"":837,""mem_b"":714039666,""priority"":""4"",""node"":""kwok-node-9""},{""name"":""rs-29-p4-xbg6l"",""cpu_m"":837,""mem_b"":714039666,""priority"":""4"",""node"":""kwok-node-10""},{""name"":""rs-30-p4-d8cbj"",""cpu_m"":181,""mem_b"":853080101,""priority"":""4"",""node"":""kwok-node-8""},{""name"":""rs-30-p4-k4dhg"",""cpu_m"":181,""mem_b"":853080101,""priority"":""4"",""node"":""kwok-node-28""},{""name"":""rs-30-p4-nm78c"",""cpu_m"":181,""mem_b"":853080101,""priority"":""4"",""node"":""kwok-node-27""},{""name"":""rs-30-p4-r4gnc"",""cpu_m"":181,""mem_b"":853080101,""priority"":""4"",""node"":""kwok-node-5""},{""name"":""rs-31-p2-l2j54"",""cpu_m"":351,""mem_b"":307458829,""priority"":""2"",""node"":""kwok-node-6""},{""name"":""rs-31-p2-qpc4b"",""cpu_m"":351,""mem_b"":307458829,""priority"":""2"",""node"":""kwok-node-18""},{""name"":""rs-31-p2-rr8m4"",""cpu_m"":351,""mem_b"":307458829,""priority"":""2"",""node"":""kwok-node-15""},{""name"":""rs-32-p4-48qk6"",""cpu_m"":899,""mem_b"":969239179,""priority"":""4"",""node"":""kwok-node-7""},{""name"":""rs-32-p4-6z28g"",""cpu_m"":899,""mem_b"":969239179,""priority"":""4"",""node"":""kwok-node-26""},{""name"":""rs-32-p4-9rcg6"",""cpu_m"":899,""mem_b"":969239179,""priority"":""4"",""node"":""kwok-node-21""},{""name"":""rs-33-p4-g5nc4"",""cpu_m"":999,""mem_b"":733592739,""priority"":""4"",""node"":""kwok-node-32""},{""name"":""rs-34-p2-4qhpv"",""cpu_m"":433,""mem_b"":847743399,""priority"":""2"",""node"":""kwok-node-4""},{""name"":""rs-34-p2-j2bg4"",""cpu_m"":433,""mem_b"":847743399,""priority"":""2"",""node"":""kwok-node-19""},{""name"":""rs-34-p2-slsv6"",""cpu_m"":433,""mem_b"":847743399,""priority"":""2"",""node"":""kwok-node-22""},{""name"":""rs-35-p1-2wtkp"",""cpu_m"":797,""mem_b"":439080185,""priority"":""1"",""node"":""kwok-node-30""},{""name"":""rs-35-p1-5vhgl"",""cpu_m"":797,""mem_b"":439080185,""priority"":""1"",""node"":""kwok-node-31""},{""name"":""rs-35-p1-9fcbv"",""cpu_m"":797,""mem_b"":439080185,""priority"":""1"",""node"":""kwok-node-11""},{""name"":""rs-35-p1-qklfp"",""cpu_m"":797,""mem_b"":439080185,""priority"":""1"",""node"":""kwok-node-24""},{""name"":""rs-36-p1-ghw4t"",""cpu_m"":506,""mem_b"":985447666,""priority"":""1"",""node"":""kwok-node-1""},{""name"":""rs-36-p1-hlng5"",""cpu_m"":506,""mem_b"":985447666,""priority"":""1"",""node"":""kwok-node-20""},{""name"":""rs-36-p1-jh4pz"",""cpu_m"":506,""mem_b"":985447666,""priority"":""1"",""node"":""kwok-node-14""},{""name"":""rs-36-p1-zg5x5"",""cpu_m"":506,""mem_b"":985447666,""priority"":""1"",""node"":""kwok-node-18""},{""name"":""rs-37-p2-6xcff"",""cpu_m"":271,""mem_b"":760917368,""priority"":""2"",""node"":""kwok-node-17""},{""name"":""rs-37-p2-dd2pv"",""cpu_m"":271,""mem_b"":760917368,""priority"":""2"",""node"":""kwok-node-23""},{""name"":""rs-37-p2-hlh2q"",""cpu_m"":271,""mem_b"":760917368,""priority"":""2"",""node"":""kwok-node-12""},{""name"":""rs-37-p2-jzckv"",""cpu_m"":271,""mem_b"":760917368,""priority"":""2"",""node"":""kwok-node-29""},{""name"":""rs-38-p1-8kv8b"",""cpu_m"":716,""mem_b"":576530290,""priority"":""1"",""node"":""kwok-node-15""},{""name"":""rs-38-p1-l97kh"",""cpu_m"":716,""mem_b"":576530290,""priority"":""1"",""node"":""kwok-node-28""},{""name"":""rs-38-p1-mnkbk"",""cpu_m"":716,""mem_b"":576530290,""priority"":""1"",""node"":""kwok-node-27""},{""name"":""rs-38-p1-v8rpf"",""cpu_m"":716,""mem_b"":576530290,""priority"":""1"",""node"":""kwok-node-6""},{""name"":""rs-39-p3-hfm2g"",""cpu_m"":642,""mem_b"":155748587,""priority"":""3"",""node"":""kwok-node-8""},{""name"":""rs-39-p3-jctdt"",""cpu_m"":642,""mem_b"":155748587,""priority"":""3"",""node"":""kwok-node-5""},{""name"":""rs-40-p2-7rlww"",""cpu_m"":820,""mem_b"":344797421,""priority"":""2"",""node"":""""},{""name"":""rs-40-p2-gpmqq"",""cpu_m"":820,""mem_b"":344797421,""priority"":""2"",""node"":""""},{""name"":""rs-40-p2-s757b"",""cpu_m"":820,""mem_b"":344797421,""priority"":""2"",""node"":""""},{""name"":""rs-40-p2-v9kw7"",""cpu_m"":820,""mem_b"":344797421,""priority"":""2"",""node"":""""},{""name"":""rs-41-p1-gq6lb"",""cpu_m"":247,""mem_b"":458460915,""priority"":""1"",""node"":""kwok-node-4""},{""name"":""rs-41-p1-m7zms"",""cpu_m"":247,""mem_b"":458460915,""priority"":""1"",""node"":""kwok-node-24""},{""name"":""rs-42-p3-twjhb"",""cpu_m"":791,""mem_b"":928230177,""priority"":""3"",""node"":""""},{""name"":""rs-43-p3-5drsv"",""cpu_m"":493,""mem_b"":536303627,""priority"":""3"",""node"":""kwok-node-19""},{""name"":""rs-43-p3-7chdt"",""cpu_m"":493,""mem_b"":536303627,""priority"":""3"",""node"":""kwok-node-30""},{""name"":""rs-43-p3-b4tzs"",""cpu_m"":493,""mem_b"":536303627,""priority"":""3"",""node"":""kwok-node-11""},{""name"":""rs-44-p4-946df"",""cpu_m"":353,""mem_b"":973798762,""priority"":""4"",""node"":""""},{""name"":""rs-44-p4-c4g9l"",""cpu_m"":353,""mem_b"":973798762,""priority"":""4"",""node"":""""},{""name"":""rs-44-p4-qwp8g"",""cpu_m"":353,""mem_b"":973798762,""priority"":""4"",""node"":""""},{""name"":""rs-44-p4-w24qd"",""cpu_m"":353,""mem_b"":973798762,""priority"":""4"",""node"":""""},{""name"":""rs-45-p1-fcshc"",""cpu_m"":571,""mem_b"":144445636,""priority"":""1"",""node"":""kwok-node-23""},{""name"":""rs-45-p1-m9w9x"",""cpu_m"":571,""mem_b"":144445636,""priority"":""1"",""node"":""kwok-node-12""},{""name"":""rs-45-p1-mc2bn"",""cpu_m"":571,""mem_b"":144445636,""priority"":""1"",""node"":""kwok-node-29""},{""name"":""rs-46-p1-ckg6c"",""cpu_m"":185,""mem_b"":913954535,""priority"":""1"",""node"":""""},{""name"":""rs-46-p1-mk9gl"",""cpu_m"":185,""mem_b"":913954535,""priority"":""1"",""node"":""""},{""name"":""rs-46-p1-rwrpr"",""cpu_m"":185,""mem_b"":913954535,""priority"":""1"",""node"":""""},{""name"":""rs-46-p1-skgkq"",""cpu_m"":185,""mem_b"":913954535,""priority"":""1"",""node"":""""},{""name"":""rs-47-p1-875kd"",""cpu_m"":787,""mem_b"":256176663,""priority"":""1"",""node"":""""},{""name"":""rs-47-p1-fwblq"",""cpu_m"":787,""mem_b"":256176663,""priority"":""1"",""node"":""""},{""name"":""rs-47-p1-n5wjz"",""cpu_m"":787,""mem_b"":256176663,""priority"":""1"",""node"":""""},{""name"":""rs-47-p1-qrdgp"",""cpu_m"":787,""mem_b"":256176663,""priority"":""1"",""node"":""""},{""name"":""rs-48-p3-48zl5"",""cpu_m"":998,""mem_b"":426437492,""priority"":""3"",""node"":""""},{""name"":""rs-48-p3-hf6mh"",""cpu_m"":998,""mem_b"":426437492,""priority"":""3"",""node"":""""},{""name"":""rs-48-p3-nc9kc"",""cpu_m"":998,""mem_b"":426437492,""priority"":""3"",""node"":""""},{""name"":""rs-48-p3-qnw9b"",""cpu_m"":998,""mem_b"":426437492,""priority"":""3"",""node"":""""},{""name"":""rs-49-p3-v4795"",""cpu_m"":598,""mem_b"":540845755,""priority"":""3"",""node"":""""}]","[{""name"":""kwok-node-1"",""cap_cpu_m"":1992,""cap_mem_bytes"":1972869829},{""name"":""kwok-node-2"",""cap_cpu_m"":1992,""cap_mem_bytes"":1972869829},{""name"":""kwok-node-3"",""cap_cpu_m"":1992,""cap_mem_bytes"":1972869829},{""name"":""kwok-node-4"",""cap_cpu_m"":1992,""cap_mem_bytes"":1972869829},{""name"":""kwok-node-5"",""cap_cpu_m"":1992,""cap_mem_bytes"":1972869829},{""name"":""kwok-node-6"",""cap_cpu_m"":1992,""cap_mem_bytes"":1972869829},{""name"":""kwok-node-7"",""cap_cpu_m"":1992,""cap_mem_bytes"":1972869829},{""name"":""kwok-node-8"",""cap_cpu_m"":1992,""cap_mem_bytes"":1972869829},{""name"":""kwok-node-9"",""cap_cpu_m"":1992,""cap_mem_bytes"":1972869829},{""name"":""kwok-node-10"",""cap_cpu_m"":1992,""cap_mem_bytes"":1972869829},{""name"":""kwok-node-11"",""cap_cpu_m"":1992,""cap_mem_bytes"":1972869829},{""name"":""kwok-node-12"",""cap_cpu_m"":1992,""cap_mem_bytes"":1972869829},{""name"":""kwok-node-13"",""cap_cpu_m"":1992,""cap_mem_bytes"":1972869829},{""name"":""kwok-node-14"",""cap_cpu_m"":1992,""cap_mem_bytes"":1972869829},{""name"":""kwok-node-15"",""cap_cpu_m"":1992,""cap_mem_bytes"":1972869829},{""name"":""kwok-node-16"",""cap_cpu_m"":1992,""cap_mem_bytes"":1972869829},{""name"":""kwok-node-17"",""cap_cpu_m"":1992,""cap_mem_bytes"":1972869829},{""name"":""kwok-node-18"",""cap_cpu_m"":1992,""cap_mem_bytes"":1972869829},{""name"":""kwok-node-19"",""cap_cpu_m"":1992,""cap_mem_bytes"":1972869829},{""name"":""kwok-node-20"",""cap_cpu_m"":1992,""cap_mem_bytes"":1972869829},{""name"":""kwok-node-21"",""cap_cpu_m"":1992,""cap_mem_bytes"":1972869829},{""name"":""kwok-node-22"",""cap_cpu_m"":1992,""cap_mem_bytes"":1972869829},{""name"":""kwok-node-23"",""cap_cpu_m"":1992,""cap_mem_bytes"":1972869829},{""name"":""kwok-node-24"",""cap_cpu_m"":1992,""cap_mem_bytes"":1972869829},{""name"":""kwok-node-25"",""cap_cpu_m"":1992,""cap_mem_bytes"":1972869829},{""name"":""kwok-node-26"",""cap_cpu_m"":1992,""cap_mem_bytes"":1972869829},{""name"":""kwok-node-27"",""cap_cpu_m"":1992,""cap_mem_bytes"":1972869829},{""name"":""kwok-node-28"",""cap_cpu_m"":1992,""cap_mem_bytes"":1972869829},{""name"":""kwok-node-29"",""cap_cpu_m"":1992,""cap_mem_bytes"":1972869829},{""name"":""kwok-node-30"",""cap_cpu_m"":1992,""cap_mem_bytes"":1972869829},{""name"":""kwok-node-31"",""cap_cpu_m"":1992,""cap_mem_bytes"":1972869829},{""name"":""kwok-node-32"",""cap_cpu_m"":1992,""cap_mem_bytes"":1972869829}]"
2026/02/11/12:25:48,6181536930444734779,,"{""evicted"":0,""moved"":0,""placed_by_priority"":{""1"":21,""2"":21,""3"":37,""4"":27}}",python,"{""evicted"":11,""moved"":11,""placed_by_priority"":{""1"":10,""2"":23,""3"":49,""4"":30}}",812,FEASIBLE,"[{""duration_ms"":812,""name"":""python"",""score"":{""evicted"":11,""moved"":11,""placed_by_priority"":{""1"":10,""2"":23,""3"":49,""4"":30}},""status"":""FEASIBLE""}]",0.912,0.808,0.902,0.834,60606,53668,63113762975,58415251854,112,106,16,22,"{""kwok-node-1"":3,""kwok-node-10"":4,""kwok-node-11"":3,""kwok-node-12"":4,""kwok-node-13"":3,""kwok-node-14"":4,""kwok-node-15"":3,""kwok-node-16"":4,""kwok-node-17"":3,""kwok-node-18"":4,""kwok-node-19"":4,""kwok-node-2"":3,""kwok-node-20"":3,""kwok-node-21"":3,""kwok-node-22"":3,""kwok-node-23"":4,""kwok-node-24"":4,""kwok-node-25"":4,""kwok-node-26"":3,""kwok-node-27"":3,""kwok-node-28"":4,""kwok-node-29"":4,""kwok-node-3"":3,""kwok-node-30"":4,""kwok-node-31"":3,""kwok-node-32"":4,""kwok-node-4"":4,""kwok-node-5"":3,""kwok-node-6"":4,""kwok-node-7"":4,""kwok-node-8"":3,""kwok-node-9"":3}","{""kwok-node-1"":3,""kwok-node-10"":4,""kwok-node-11"":3,""kwok-node-12"":4,""kwok-node-13"":3,""kwok-node-14"":4,""kwok-node-15"":3,""kwok-node-16"":3,""kwok-node-17"":3,""kwok-node-18"":4,""kwok-node-19"":4,""kwok-node-2"":3,""kwok-node-20"":3,""kwok-node-21"":4,""kwok-node-22"":3,""kwok-node-23"":4,""kwok-node-24"":4,""kwok-node-25"":4,""kwok-node-26"":3,""kwok-node-27"":3,""kwok-node-28"":3,""kwok-node-29"":3,""kwok-node-3"":3,""kwok-node-30"":4,""kwok-node-31"":3,""kwok-node-32"":4,""kwok-node-4"":4,""kwok-node-5"":3,""kwok-node-6"":3,""kwok-node-7"":3,""kwok-node-8"":2,""kwok-node-9"":2}","{""p1"":10,""p2"":23,""p3"":49,""p4"":30}","{""p1"":21,""p2"":21,""p3"":37,""p4"":27}","{""p1"":16}","{""p1"":5,""p2"":2,""p3"":12,""p4"":3}","{rs-21-p1-92jc6,rs-21-p1-jffnb,rs-29-p1-lx4zf,rs-29-p1-pqf78,rs-29-p1-rkppj,rs-31-p1-8bv85,rs-31-p1-kpvnm,rs-31-p1-nhppf,rs-31-p1-x7nz7,rs-33-p1-44tvb,rs-36-p1-2vlrn,rs-36-p1-bffv7,rs-36-p1-sxdb2,rs-39-p1-qjrlf,rs-51-p1-665l6,rs-51-p1-mnzmj}","{rs-36-p1-2vlrn,rs-36-p1-bffv7,rs-36-p1-sxdb2,rs-40-p2-jqrk9,rs-40-p2-mr266,rs-42-p3-4f4nm,rs-42-p3-5hxgq,rs-42-p3-8pjzn,rs-42-p3-j2vkd,rs-43-p3-66ds7,rs-43-p3-lxjv6,rs-44-p3-fhphg,rs-44-p3-flm5z,rs-44-p3-grq4k,rs-44-p3-xksj7,rs-45-p4-cnwj4,rs-47-p4-sh8km,rs-49-p3-6t9mc,rs-49-p3-8hjh5,rs-50-p4-wbm82,rs-51-p1-665l6,rs-51-p1-mnzmj}","{rs-01-p2-25t48,rs-01-p2-9f8vn,rs-01-p2-9st4d,rs-01-p2-tvdtn,rs-02-p2-mmshb,rs-03-p4-78lfn,rs-03-p4-824jx,rs-03-p4-8xjwd,rs-03-p4-n8jrw,rs-04-p2-fc6gc,rs-05-p3-5btln,rs-05-p3-fsgcf,rs-05-p3-jl9hn,rs-05-p3-k8g24,rs-06-p3-ktjx4,rs-06-p3-q5rs4,rs-07-p2-hsknv,rs-07-p2-n64sj,rs-08-p4-cgjhg,rs-08-p4-gltxg,rs-08-p4-trjf4,rs-09-p4-56557,rs-09-p4-sn5p9,rs-10-p3-6hsgf,rs-10-p3-q6nwb,rs-10-p3-v6zvt,rs-10-p3-xkk4v,rs-11-p3-2llkt,rs-11-p3-6mb74,rs-11-p3-nl4m8,rs-12-p1-4gh9m,rs-12-p1-5bw7t,rs-12-p1-jqn2t,rs-13-p3-56mm2,rs-13-p3-gm698,rs-13-p3-mtks5,rs-14-p4-pnt7f,rs-14-p4-skz7l,rs-14-p4-z7jx4,rs-15-p2-846gw,rs-15-p2-9vbtc,rs-15-p2-cb24b,rs-16-p2-qz8vk,rs-17-p4-j64pf,rs-18-p3-66vmc,rs-18-p3-bx8j5,rs-19-p4-h8w8p,rs-19-p4-jnqdl,rs-19-p4-ljsn6,rs-19-p4-zftvr,rs-20-p2-9zbcq,rs-20-p2-g6wjf,rs-20-p2-q6gn2,rs-22-p2-29v87,rs-22-p2-hk6ss,rs-22-p2-qjwqg,rs-23-p3-dh2vc,rs-23-p3-kv2bn,rs-23-p3-qhds6,rs-24-p1-8rfd2,rs-24-p1-k9xcr,rs-24-p1-qnsb9,rs-25-p3-7g5nk,rs-25-p3-klbpg,rs-25-p3-lzqs2,rs-26-p3-2cb7k,rs-26-p3-7dlwd,rs-26-p3-dgsjj,rs-26-p3-krlj7,rs-27-p4-rkh64,rs-28-p3-l2hb8,rs-28-p3-l9c4b,rs-28-p3-n7vjj,rs-30-p3-zffm6,rs-32-p2-bsltv,rs-32-p2-djqlx,rs-32-p2-zhbhk,rs-34-p4-2bhvx,rs-34-p4-5wz7d,rs-34-p4-j9cvc,rs-34-p4-rpq5l,rs-35-p4-95jhp,rs-37-p3-l7jd4,rs-38-p3-4l795,rs-38-p3-xl7j7,rs-40-p2-jqrk9,rs-40-p2-mr266,rs-41-p3-7mjzc,rs-41-p3-nlsdd,rs-42-p3-4f4nm,rs-42-p3-5hxgq,rs-42-p3-8pjzn,rs-42-p3-j2vkd,rs-43-p3-66ds7,rs-43-p3-lxjv6,rs-44-p3-fhphg,rs-44-p3-flm5z,rs-44-p3-grq4k,rs-44-p3-xksj7,rs-45-p4-cnwj4,rs-46-p4-744sd,rs-46-p4-b7x9s,rs-46-p4-bjbdq,rs-46-p4-rjv2c,rs-47-p4-sh8km,rs-48-p1-cdhsf,rs-48-p1-dqdmx,rs-48-p1-dqp26,rs-48-p1-s4nmr,rs-49-p3-6t9mc,rs-49-p3-8hjh5,rs-50-p4-wbm82}","{rs-01-p2-25t48,rs-01-p2-9f8vn,rs-01-p2-9st4d,rs-01-p2-tvdtn,rs-02-p2-r56lv,rs-03-p4-78lfn,rs-03-p4-824jx,rs-03-p4-8xjwd,rs-03-p4-n8jrw,rs-04-p2-fc6gc,rs-05-p3-5btln,rs-05-p3-fsgcf,rs-05-p3-jl9hn,rs-05-p3-k8g24,rs-06-p3-ktjx4,rs-06-p3-q5rs4,rs-07-p2-hsknv,rs-07-p2-n64sj,rs-08-p4-cgjhg,rs-08-p4-gltxg,rs-08-p4-trjf4,rs-09-p4-56557,rs-09-p4-sn5p9,rs-10-p3-6hsgf,rs-10-p3-q6nwb,rs-10-p3-v6zvt,rs-10-p3-xkk4v,rs-11-p3-2llkt,rs-11-p3-6mb74,rs-11-p3-nl4m8,rs-12-p1-5w46c,rs-12-p1-szvht,rs-12-p1-xxn9t,rs-13-p3-56mm2,rs-13-p3-gm698,rs-13-p3-mtks5,rs-14-p4-pnt7f,rs-14-p4-skz7l,rs-14-p4-z7jx4,rs-15-p2-846gw,rs-15-p2-9vbtc,rs-15-p2-cb24b,rs-16-p2-qz8vk,rs-17-p4-j64pf,rs-18-p3-66vmc,rs-18-p3-bx8j5,rs-19-p4-h8w8p,rs-19-p4-jnqdl,rs-19-p4-ljsn6,rs-19-p4-zftvr,rs-20-p2-9zbcq,rs-20-p2-g6wjf,rs-20-p2-q6gn2,rs-21-p1-gwmqb,rs-21-p1-jr6bb,rs-22-p2-7wxfh,rs-22-p2-qjwqg,rs-22-p2-x2lmt,rs-23-p3-dh2vc,rs-23-p3-kv2bn,rs-23-p3-qhds6,rs-24-p1-92l4c,rs-24-p1-lhlhp,rs-24-p1-mm6rq,rs-25-p3-7g5nk,rs-25-p3-klbpg,rs-25-p3-lzqs2,rs-26-p3-2cb7k,rs-26-p3-7dlwd,rs-26-p3-dgsjj,rs-26-p3-krlj7,rs-27-p4-rkh64,rs-28-p3-l2hb8,rs-28-p3-l9c4b,rs-28-p3-n7vjj,rs-29-p1-kjwdc,rs-29-p1-s2f6k,rs-29-p1-zpsk9,rs-30-p3-zffm6,rs-31-p1-24ktp,rs-31-p1-4trmt,rs-31-p1-gdjww,rs-31-p1-q4whq,rs-32-p2-bsltv,rs-32-p2-djqlx,rs-32-p2-zhbhk,rs-33-p1-ljs7l,rs-34-p4-2bhvx,rs-34-p4-5wz7d,rs-34-p4-j9cvc,rs-34-p4-rpq5l,rs-35-p4-95jhp,rs-37-p3-l7jd4,rs-38-p3-4l795,rs-38-p3-xl7j7,rs-39-p1-kfqlg,rs-41-p3-7mjzc,rs-41-p3-nlsdd,rs-46-p4-744sd,rs-46-p4-b7x9s,rs-46-p4-bjbdq,rs-46-p4-rjv2c,rs-48-p1-4qdhx,rs-48-p1-9bzhb,rs-48-p1-cdhsf,rs-48-p1-dqdmx}","[{""name"":""rs-01-p2-25t48"",""cpu_m"":772,""mem_b"":126273468,""priority"":""2"",""node"":""kwok-node-13""},{""name"":""rs-01-p2-9f8vn"",""cpu_m"":772,""mem_b"":126273468,""priority"":""2"",""node"":""kwok-node-12""},{""name"":""rs-01-p2-9st4d"",""cpu_m"":772,""mem_b"":126273468,""priority"":""2"",""node"":""kwok-node-14""},{""name"":""rs-01-p2-tvdtn"",""cpu_m"":772,""mem_b"":126273468,""priority"":""2"",""node"":""kwok-node-11""},{""name"":""rs-02-p2-mmshb"",""cpu_m"":568,""mem_b"":716116952,""priority"":""2"",""node"":""kwok-node-18""},{""name"":""rs-03-p4-78lfn"",""cpu_m"":257,""mem_b"":134828300,""priority"":""4"",""node"":""kwok-node-10""},{""name"":""rs-03-p4-824jx"",""cpu_m"":257,""mem_b"":134828300,""priority"":""4"",""node"":""kwok-node-17""},{""name"":""rs-03-p4-8xjwd"",""cpu_m"":257,""mem_b"":134828300,""priority"":""4"",""node"":""kwok-node-16""},{""name"":""rs-03-p4-n8jrw"",""cpu_m"":257,""mem_b"":134828300,""priority"":""4"",""node"":""kwok-node-18""},{""name"":""rs-04-p2-fc6gc"",""cpu_m"":286,""mem_b"":864649731,""priority"":""2"",""node"":""kwok-node-2""},{""name"":""rs-05-p3-5btln"",""cpu_m"":562,""mem_b"":833076132,""priority"":""3"",""node"":""kwok-node-20""},{""name"":""rs-05-p3-fsgcf"",""cpu_m"":562,""mem_b"":833076132,""priority"":""3"",""node"":""kwok-node-21""},{""name"":""rs-05-p3-jl9hn"",""cpu_m"":562,""mem_b"":833076132,""priority"":""3"",""node"":""kwok-node-1""},{""name"":""rs-05-p3-k8g24"",""cpu_m"":562,""mem_b"":833076132,""priority"":""3"",""node"":""kwok-node-22""},{""name"":""rs-06-p3-ktjx4"",""cpu_m"":494,""mem_b"":484020737,""priority"":""3"",""node"":""kwok-node-23""},{""name"":""rs-06-p3-q5rs4"",""cpu_m"":494,""mem_b"":484020737,""priority"":""3"",""node"":""kwok-node-19""},{""name"":""rs-07-p2-hsknv"",""cpu_m"":668,""mem_b"":960811411,""priority"":""2"",""node"":""kwok-node-17""},{""name"":""rs-07-p2-n64sj"",""cpu_m"":668,""mem_b"":960811411,""priority"":""2"",""node"":""kwok-node-18""},{""name"":""rs-08-p4-cgjhg"",""cpu_m"":381,""mem_b"":874618399,""priority"":""4"",""node"":""kwok-node-27""},{""name"":""rs-08-p4-gltxg"",""cpu_m"":381,""mem_b"":874618399,""priority"":""4"",""node"":""kwok-node-26""},{""name"":""rs-08-p4-trjf4"",""cpu_m"":381,""mem_b"":874618399,""priority"":""4"",""node"":""kwok-node-25""},{""name"":""rs-09-p4-56557"",""cpu_m"":155,""mem_b"":885039757,""priority"":""4"",""node"":""kwok-node-30""},{""name"":""rs-09-p4-sn5p9"",""cpu_m"":155,""mem_b"":885039757,""priority"":""4"",""node"":""kwok-node-24""},{""name"":""rs-10-p3-6hsgf"",""cpu_m"":540,""mem_b"":859056398,""priority"":""3"",""node"":""kwok-node-28""},{""name"":""rs-10-p3-q6nwb"",""cpu_m"":540,""mem_b"":859056398,""priority"":""3"",""node"":""kwok-node-3""},{""name"":""rs-10-p3-v6zvt"",""cpu_m"":540,""mem_b"":859056398,""priority"":""3"",""node"":""kwok-node-29""},{""name"":""rs-10-p3-xkk4v"",""cpu_m"":540,""mem_b"":859056398,""priority"":""3"",""node"":""kwok-node-16""},{""name"":""rs-11-p3-2llkt"",""cpu_m"":727,""mem_b"":498560642,""priority"":""3"",""node"":""kwok-node-10""},{""name"":""rs-11-p3-6mb74"",""cpu_m"":727,""mem_b"":498560642,""priority"":""3"",""node"":""kwok-node-23""},{""name"":""rs-11-p3-nl4m8"",""cpu_m"":727,""mem_b"":498560642,""priority"":""3"",""node"":""kwok-node-19""},{""name"":""rs-12-p1-4gh9m"",""cpu_m"":648,""mem_b"":143169658,""priority"":""1"",""node"":""kwok-node-6""},{""name"":""rs-12-p1-5bw7t"",""cpu_m"":648,""mem_b"":143169658,""priority"":""1"",""node"":""kwok-node-23""},{""name"":""rs-12-p1-jqn2t"",""cpu_m"":648,""mem_b"":143169658,""priority"":""1"",""node"":""kwok-node-7""},{""name"":""rs-13-p3-56mm2"",""cpu_m"":516,""mem_b"":796237849,""priority"":""3"",""node"":""kwok-node-5""},{""name"":""rs-13-p3-gm698"",""cpu_m"":516,""mem_b"":796237849,""priority"":""3"",""node"":""kwok-node-6""},{""name"":""rs-13-p3-mtks5"",""cpu_m"":516,""mem_b"":796237849,""priority"":""3"",""node"":""kwok-node-7""},{""name"":""rs-14-p4-pnt7f"",""cpu_m"":914,""mem_b"":628891776,""priority"":""4"",""node"":""kwok-node-31""},{""name"":""rs-14-p4-skz7l"",""cpu_m"":914,""mem_b"":628891776,""priority"":""4"",""node"":""kwok-node-9""},{""name"":""rs-14-p4-z7jx4"",""cpu_m"":914,""mem_b"":628891776,""priority"":""4"",""node"":""kwok-node-8""},{""name"":""rs-15-p2-846gw"",""cpu_m"":297,""mem_b"":185842052,""priority"":""2"",""node"":""kwok-node-15""},{""name"":""rs-15-p2-9vbtc"",""cpu_m"":297,""mem_b"":185842052,""priority"":""2"",""node"":""kwok-node-4""},{""name"":""rs-15-p2-cb24b"",""cpu_m"":297,""mem_b"":185842052,""priority"":""2"",""node"":""kwok-node-32""},{""name"":""rs-16-p2-qz8vk"",""cpu_m"":917,""mem_b"":369621754,""priority"":""2"",""node"":""kwok-node-32""},{""name"":""rs-17-p4-j64pf"",""cpu_m"":419,""mem_b"":890140070,""priority"":""4"",""node"":""kwok-node-4""},{""name"":""rs-18-p3-66vmc"",""cpu_m"":418,""mem_b"":685749246,""priority"":""3"",""node"":""kwok-node-14""},{""name"":""rs-18-p3-bx8j5"",""cpu_m"":418,""mem_b"":685749246,""priority"":""3"",""node"":""kwok-node-12""},{""name"":""rs-19-p4-h8w8p"",""cpu_m"":579,""mem_b"":996301422,""priority"":""4"",""node"":""kwok-node-13""},{""name"":""rs-19-p4-jnqdl"",""cpu_m"":579,""mem_b"":996301422,""priority"":""4"",""node"":""kwok-node-11""},{""name"":""rs-19-p4-ljsn6"",""cpu_m"":579,""mem_b"":996301422,""priority"":""4"",""node"":""kwok-node-9""},{""name"":""rs-19-p4-zftvr"",""cpu_m"":579,""mem_b"":996301422,""priority"":""4"",""node"":""kwok-node-8""},{""name"":""rs-20-p2-9zbcq"",""cpu_m"":361,""mem_b"":461612030,""priority"":""2"",""node"":""kwok-node-5""},{""name"":""rs-20-p2-g6wjf"",""cpu_m"":361,""mem_b"":461612030,""priority"":""2"",""node"":""kwok-node-7""},{""name"":""rs-20-p2-q6gn2"",""cpu_m"":361,""mem_b"":461612030,""priority"":""2"",""node"":""kwok-node-6""},{""name"":""rs-21-p1-92jc6"",""cpu_m"":435,""mem_b"":805437772,""priority"":""1"",""node"":""""},{""name"":""rs-21-p1-jffnb"",""cpu_m"":435,""mem_b"":805437772,""priority"":""1"",""node"":""""},{""name"":""rs-22-p2-29v87"",""cpu_m"":117,""mem_b"":612594848,""priority"":""2"",""node"":""kwok-node-12""},{""name"":""rs-22-p2-hk6ss"",""cpu_m"":117,""mem_b"":612594848,""priority"":""2"",""node"":""kwok-node-25""},{""name"":""rs-22-p2-qjwqg"",""cpu_m"":117,""mem_b"":612594848,""priority"":""2"",""node"":""kwok-node-32""},{""name"":""rs-23-p3-dh2vc"",""cpu_m"":134,""mem_b"":756935802,""priority"":""3"",""node"":""kwok-node-12""},{""name"":""rs-23-p3-kv2bn"",""cpu_m"":134,""mem_b"":756935802,""priority"":""3"",""node"":""kwok-node-1""},{""name"":""rs-23-p3-qhds6"",""cpu_m"":134,""mem_b"":756935802,""priority"":""3"",""node"":""kwok-node-22""},{""name"":""rs-24-p1-8rfd2"",""cpu_m"":425,""mem_b"":323812712,""priority"":""1"",""node"":""kwok-node-16""},{""name"":""rs-24-p1-k9xcr"",""cpu_m"":425,""mem_b"":323812712,""priority"":""1"",""node"":""kwok-node-28""},{""name"":""rs-24-p1-qnsb9"",""cpu_m"":425,""mem_b"":323812712,""priority"":""1"",""node"":""kwok-node-29""},{""name"":""rs-25-p3-7g5nk"",""cpu_m"":738,""mem_b"":534598236,""priority"":""3"",""node"":""kwok-node-28""},{""name"":""rs-25-p3-klbpg"",""cpu_m"":738,""mem_b"":534598236,""priority"":""3"",""node"":""kwok-node-29""},{""name"":""rs-25-p3-lzqs2"",""cpu_m"":738,""mem_b"":534598236,""priority"":""3"",""node"":""kwok-node-26""},{""name"":""rs-26-p3-2cb7k"",""cpu_m"":778,""mem_b"":824886482,""priority"":""3"",""node"":""kwok-node-15""},{""name"":""rs-26-p3-7dlwd"",""cpu_m"":778,""mem_b"":824886482,""priority"":""3"",""node"":""kwok-node-2""},{""name"":""rs-26-p3-dgsjj"",""cpu_m"":778,""mem_b"":824886482,""priority"":""3"",""node"":""kwok-node-16""},{""name"":""rs-26-p3-krlj7"",""cpu_m"":778,""mem_b"":824886482,""priority"":""3"",""node"":""kwok-node-27""},{""name"":""rs-27-p4-rkh64"",""cpu_m"":143,""mem_b"":131221641,""priority"":""4"",""node"":""kwok-node-30""},{""name"":""rs-28-p3-l2hb8"",""cpu_m"":406,""mem_b"":273649847,""priority"":""3"",""node"":""kwok-node-18""},{""name"":""rs-28-p3-l9c4b"",""cpu_m"":406,""mem_b"":273649847,""priority"":""3"",""node"":""kwok-node-4""},{""name"":""rs-28-p3-n7vjj"",""cpu_m"":406,""mem_b"":273649847,""priority"":""3"",""node"":""kwok-node-24""},{""name"":""rs-29-p1-lx4zf"",""cpu_m"":670,""mem_b"":751230737,""priority"":""1"",""node"":""""},{""name"":""rs-29-p1-pqf78"",""cpu_m"":670,""mem_b"":751230737,""priority"":""1"",""node"":""""},{""name"":""rs-29-p1-rkppj"",""cpu_m"":670,""mem_b"":751230737,""priority"":""1"",""node"":""""},{""name"":""rs-30-p3-zffm6"",""cpu_m"":736,""mem_b"":306911949,""priority"":""3"",""node"":""kwok-node-25""},{""name"":""rs-31-p1-8bv85"",""cpu_m"":772,""mem_b"":145535531,""priority"":""1"",""node"":""""},{""name"":""rs-31-p1-kpvnm"",""cpu_m"":772,""mem_b"":145535531,""priority"":""1"",""node"":""""},{""name"":""rs-31-p1-nhppf"",""cpu_m"":772,""mem_b"":145535531,""priority"":""1"",""node"":""""},{""name"":""rs-31-p1-x7nz7"",""cpu_m"":772,""mem_b"":145535531,""priority"":""1"",""node"":""""},{""name"":""rs-32-p2-bsltv"",""cpu_m"":199,""mem_b"":721030076,""priority"":""2"",""node"":""kwok-node-11""},{""name"":""rs-32-p2-djqlx"",""cpu_m"":199,""mem_b"":721030076,""priority"":""2"",""node"":""kwok-node-23""},{""name"":""rs-32-p2-zhbhk"",""cpu_m"":199,""mem_b"":721030076,""priority"":""2"",""node"":""kwok-node-19""},{""name"":""rs-33-p1-44tvb"",""cpu_m"":904,""mem_b"":923124075,""priority"":""1"",""node"":""""},{""name"":""rs-34-p4-2bhvx"",""cpu_m"":495,""mem_b"":682143074,""priority"":""4"",""node"":""kwok-node-32""},{""name"":""rs-34-p4-5wz7d"",""cpu_m"":495,""mem_b"":682143074,""priority"":""4"",""node"":""kwok-node-13""},{""name"":""rs-34-p4-j9cvc"",""cpu_m"":495,""mem_b"":682143074,""priority"":""4"",""node"":""kwok-node-7""},{""name"":""rs-34-p4-rpq5l"",""cpu_m"":495,""mem_b"":682143074,""priority"":""4"",""node"":""kwok-node-6""},{""name"":""rs-35-p4-95jhp"",""cpu_m"":748,""mem_b"":197877689,""priority"":""4"",""node"":""kwok-node-26""},{""name"":""rs-36-p1-2vlrn"",""cpu_m"":356,""mem_b"":894656051,""priority"":""1"",""node"":""""},{""name"":""rs-36-p1-bffv7"",""cpu_m"":356,""mem_b"":894656051,""priority"":""1"",""node"":""""},{""name"":""rs-36-p1-sxdb2"",""cpu_m"":356,""mem_b"":894656051,""priority"":""1"",""node"":""""},{""name"":""rs-37-p3-l7jd4"",""cpu_m"":161,""mem_b"":494520972,""priority"":""3"",""node"":""kwok-node-24""},{""name"":""rs-38-p3-4l795"",""cpu_m"":913,""mem_b"":280373811,""priority"":""3"",""node"":""kwok-node-4""},{""name"":""rs-38-p3-xl7j7"",""cpu_m"":913,""mem_b"":280373811,""priority"":""3"",""node"":""kwok-node-27""},{""name"":""rs-39-p1-qjrlf"",""cpu_m"":463,""mem_b"":743996687,""priority"":""1"",""node"":""""},{""name"":""rs-40-p2-jqrk9"",""cpu_m"":867,""mem_b"":324079543,""priority"":""2"",""node"":""kwok-node-1""},{""name"":""rs-40-p2-mr266"",""cpu_m"":867,""mem_b"":324079543,""priority"":""2"",""node"":""kwok-node-3""},{""name"":""rs-41-p3-7mjzc"",""cpu_m"":343,""mem_b"":324645653,""priority"":""3"",""node"":""kwok-node-28""},{""name"":""rs-41-p3-nlsdd"",""cpu_m"":343,""mem_b"":324645653,""priority"":""3"",""node"":""kwok-node-29""},{""name"":""rs-42-p3-4f4nm"",""cpu_m"":866,""mem_b"":347959319,""priority"":""3"",""node"":""kwok-node-30""},{""name"":""rs-42-p3-5hxgq"",""cpu_m"":866,""mem_b"":347959319,""priority"":""3"",""node"":""kwok-node-22""},{""name"":""rs-42-p3-8pjzn"",""cpu_m"":866,""mem_b"":347959319,""priority"":""3"",""node"":""kwok-node-24""},{""name"":""rs-42-p3-j2vkd"",""cpu_m"":866,""mem_b"":347959319,""priority"":""3"",""node"":""kwok-node-20""},{""name"":""rs-43-p3-66ds7"",""cpu_m"":660,""mem_b"":999658792,""priority"":""3"",""node"":""kwok-node-3""},{""name"":""rs-43-p3-lxjv6"",""cpu_m"":660,""mem_b"":999658792,""priority"":""3"",""node"":""kwok-node-14""},{""name"":""rs-44-p3-fhphg"",""cpu_m"":901,""mem_b"":770203282,""priority"":""3"",""node"":""kwok-node-30""},{""name"":""rs-44-p3-flm5z"",""cpu_m"":901,""mem_b"":770203282,""priority"":""3"",""node"":""kwok-node-17""},{""name"":""rs-44-p3-grq4k"",""cpu_m"":901,""mem_b"":770203282,""priority"":""3"",""node"":""kwok-node-10""},{""name"":""rs-44-p3-xksj7"",""cpu_m"":901,""mem_b"":770203282,""priority"":""3"",""node"":""kwok-node-15""},{""name"":""rs-45-p4-cnwj4"",""cpu_m"":428,""mem_b"":879646335,""priority"":""4"",""node"":""kwok-node-20""},{""name"":""rs-46-p4-744sd"",""cpu_m"":163,""mem_b"":298552100,""priority"":""4"",""node"":""kwok-node-31""},{""name"":""rs-46-p4-b7x9s"",""cpu_m"":163,""mem_b"":298552100,""priority"":""4"",""node"":""kwok-node-10""},{""name"":""rs-46-p4-bjbdq"",""cpu_m"":163,""mem_b"":298552100,""priority"":""4"",""node"":""kwok-node-25""},{""name"":""rs-46-p4-rjv2c"",""cpu_m"":163,""mem_b"":298552100,""priority"":""4"",""node"":""kwok-node-14""},{""name"":""rs-47-p4-sh8km"",""cpu_m"":802,""mem_b"":408055580,""priority"":""4"",""node"":""kwok-node-2""},{""name"":""rs-48-p1-cdhsf"",""cpu_m"":550,""mem_b"":408486985,""priority"":""1"",""node"":""kwok-node-21""},{""name"":""rs-48-p1-dqdmx"",""cpu_m"":550,""mem_b"":408486985,""priority"":""1"",""node"":""kwok-node-19""},{""name"":""rs-48-p1-dqp26"",""cpu_m"":550,""mem_b"":408486985,""priority"":""1"",""node"":""kwok-node-8""},{""name"":""rs-48-p1-s4nmr"",""cpu_m"":550,""mem_b"":408486985,""priority"":""1"",""node"":""kwok-node-9""},{""name"":""rs-49-p3-6t9mc"",""cpu_m"":988,""mem_b"":827892084,""priority"":""3"",""node"":""kwok-node-5""},{""name"":""rs-49-p3-8hjh5"",""cpu_m"":988,""mem_b"":827892084,""priority"":""3"",""node"":""kwok-node-31""},{""name"":""rs-50-p4-wbm82"",""cpu_m"":945,""mem_b"":748728605,""priority"":""4"",""node"":""kwok-node-21""},{""name"":""rs-51-p1-665l6"",""cpu_m"":362,""mem_b"":798654554,""priority"":""1"",""node"":""""},{""name"":""rs-51-p1-mnzmj"",""cpu_m"":362,""mem_b"":798654554,""priority"":""1"",""node"":""""}]","[{""name"":""rs-01-p2-25t48"",""cpu_m"":772,""mem_b"":126273468,""priority"":""2"",""node"":""kwok-node-13""},{""name"":""rs-01-p2-9f8vn"",""cpu_m"":772,""mem_b"":126273468,""priority"":""2"",""node"":""kwok-node-12""},{""name"":""rs-01-p2-9st4d"",""cpu_m"":772,""mem_b"":126273468,""priority"":""2"",""node"":""kwok-node-14""},{""name"":""rs-01-p2-tvdtn"",""cpu_m"":772,""mem_b"":126273468,""priority"":""2"",""node"":""kwok-node-11""},{""name"":""rs-02-p2-r56lv"",""cpu_m"":568,""mem_b"":716116952,""priority"":""2"",""node"":""kwok-node-15""},{""name"":""rs-03-p4-78lfn"",""cpu_m"":257,""mem_b"":134828300,""priority"":""4"",""node"":""kwok-node-10""},{""name"":""rs-03-p4-824jx"",""cpu_m"":257,""mem_b"":134828300,""priority"":""4"",""node"":""kwok-node-17""},{""name"":""rs-03-p4-8xjwd"",""cpu_m"":257,""mem_b"":134828300,""priority"":""4"",""node"":""kwok-node-16""},{""name"":""rs-03-p4-n8jrw"",""cpu_m"":257,""mem_b"":134828300,""priority"":""4"",""node"":""kwok-node-18""},{""name"":""rs-04-p2-fc6gc"",""cpu_m"":286,""mem_b"":864649731,""priority"":""2"",""node"":""kwok-node-2""},{""name"":""rs-05-p3-5btln"",""cpu_m"":562,""mem_b"":833076132,""priority"":""3"",""node"":""kwok-node-20""},{""name"":""rs-05-p3-fsgcf"",""cpu_m"":562,""mem_b"":833076132,""priority"":""3"",""node"":""kwok-node-21""},{""name"":""rs-05-p3-jl9hn"",""cpu_m"":562,""mem_b"":833076132,""priority"":""3"",""node"":""kwok-node-1""},{""name"":""rs-05-p3-k8g24"",""cpu_m"":562,""mem_b"":833076132,""priority"":""3"",""node"":""kwok-node-22""},{""name"":""rs-06-p3-ktjx4"",""cpu_m"":494,""mem_b"":484020737,""priority"":""3"",""node"":""kwok-node-23""},{""name"":""rs-06-p3-q5rs4"",""cpu_m"":494,""mem_b"":484020737,""priority"":""3"",""node"":""kwok-node-19""},{""name"":""rs-07-p2-hsknv"",""cpu_m"":668,""mem_b"":960811411,""priority"":""2"",""node"":""kwok-node-17""},{""name"":""rs-07-p2-n64sj"",""cpu_m"":668,""mem_b"":960811411,""priority"":""2"",""node"":""kwok-node-18""},{""name"":""rs-08-p4-cgjhg"",""cpu_m"":381,""mem_b"":874618399,""priority"":""4"",""node"":""kwok-node-27""},{""name"":""rs-08-p4-gltxg"",""cpu_m"":381,""mem_b"":874618399,""priority"":""4"",""node"":""kwok-node-26""},{""name"":""rs-08-p4-trjf4"",""cpu_m"":381,""mem_b"":874618399,""priority"":""4"",""node"":""kwok-node-25""},{""name"":""rs-09-p4-56557"",""cpu_m"":155,""mem_b"":885039757,""priority"":""4"",""node"":""kwok-node-30""},{""name"":""rs-09-p4-sn5p9"",""cpu_m"":155,""mem_b"":885039757,""priority"":""4"",""node"":""kwok-node-24""},{""name"":""rs-10-p3-6hsgf"",""cpu_m"":540,""mem_b"":859056398,""priority"":""3"",""node"":""kwok-node-28""},{""name"":""rs-10-p3-q6nwb"",""cpu_m"":540,""mem_b"":859056398,""priority"":""3"",""node"":""kwok-node-3""},{""name"":""rs-10-p3-v6zvt"",""cpu_m"":540,""mem_b"":859056398,""priority"":""3"",""node"":""kwok-node-29""},{""name"":""rs-10-p3-xkk4v"",""cpu_m"":540,""mem_b"":859056398,""priority"":""3"",""node"":""kwok-node-16""},{""name"":""rs-11-p3-2llkt"",""cpu_m"":727,""mem_b"":498560642,""priority"":""3"",""node"":""kwok-node-10""},{""name"":""rs-11-p3-6mb74"",""cpu_m"":727,""mem_b"":498560642,""priority"":""3"",""node"":""kwok-node-23""},{""name"":""rs-11-p3-nl4m8"",""cpu_m"":727,""mem_b"":498560642,""priority"":""3"",""node"":""kwok-node-19""},{""name"":""rs-12-p1-5w46c"",""cpu_m"":648,""mem_b"":143169658,""priority"":""1"",""node"":""kwok-node-24""},{""name"":""rs-12-p1-szvht"",""cpu_m"":648,""mem_b"":143169658,""priority"":""1"",""node"":""kwok-node-2""},{""name"":""rs-12-p1-xxn9t"",""cpu_m"":648,""mem_b"":143169658,""priority"":""1"",""node"":""kwok-node-30""},{""name"":""rs-13-p3-56mm2"",""cpu_m"":516,""mem_b"":796237849,""priority"":""3"",""node"":""kwok-node-5""},{""name"":""rs-13-p3-gm698"",""cpu_m"":516,""mem_b"":796237849,""priority"":""3"",""node"":""kwok-node-6""},{""name"":""rs-13-p3-mtks5"",""cpu_m"":516,""mem_b"":796237849,""priority"":""3"",""node"":""kwok-node-7""},{""name"":""rs-14-p4-pnt7f"",""cpu_m"":914,""mem_b"":628891776,""priority"":""4"",""node"":""kwok-node-31""},{""name"":""rs-14-p4-skz7l"",""cpu_m"":914,""mem_b"":628891776,""priority"":""4"",""node"":""kwok-node-9""},{""name"":""rs-14-p4-z7jx4"",""cpu_m"":914,""mem_b"":628891776,""priority"":""4"",""node"":""kwok-node-8""},{""name"":""rs-15-p2-846gw"",""cpu_m"":297,""mem_b"":185842052,""priority"":""2"",""node"":""kwok-node-15""},{""name"":""rs-15-p2-9vbtc"",""cpu_m"":297,""mem_b"":185842052,""priority"":""2"",""node"":""kwok-node-4""},{""name"":""rs-15-p2-cb24b"",""cpu_m"":297,""mem_b"":185842052,""priority"":""2"",""node"":""kwok-node-32""},{""name"":""rs-16-p2-qz8vk"",""cpu_m"":917,""mem_b"":369621754,""priority"":""2"",""node"":""kwok-node-32""},{""name"":""rs-17-p4-j64pf"",""cpu_m"":419,""mem_b"":890140070,""priority"":""4"",""node"":""kwok-node-4""},{""name"":""rs-18-p3-66vmc"",""cpu_m"":418,""mem_b"":685749246,""priority"":""3"",""node"":""kwok-node-14""},{""name"":""rs-18-p3-bx8j5"",""cpu_m"":418,""mem_b"":685749246,""priority"":""3"",""node"":""kwok-node-12""},{""name"":""rs-19-p4-h8w8p"",""cpu_m"":579,""mem_b"":996301422,""priority"":""4"",""node"":""kwok-node-13""},{""name"":""rs-19-p4-jnqdl"",""cpu_m"":579,""mem_b"":996301422,""priority"":""4"",""node"":""kwok-node-11""},{""name"":""rs-19-p4-ljsn6"",""cpu_m"":579,""mem_b"":996301422,""priority"":""4"",""node"":""kwok-node-9""},{""name"":""rs-19-p4-zftvr"",""cpu_m"":579,""mem_b"":996301422,""priority"":""4"",""node"":""kwok-node-8""},{""name"":""rs-20-p2-9zbcq"",""cpu_m"":361,""mem_b"":461612030,""priority"":""2"",""node"":""kwok-node-5""},{""name"":""rs-20-p2-g6wjf"",""cpu_m"":361,""mem_b"":461612030,""priority"":""2"",""node"":""kwok-node-7""},{""name"":""rs-20-p2-q6gn2"",""cpu_m"":361,""mem_b"":461612030,""priority"":""2"",""node"":""kwok-node-6""},{""name"":""rs-21-p1-gwmqb"",""cpu_m"":435,""mem_b"":805437772,""priority"":""1"",""node"":""kwok-node-10""},{""name"":""rs-21-p1-jr6bb"",""cpu_m"":435,""mem_b"":805437772,""priority"":""1"",""node"":""kwok-node-31""},{""name"":""rs-22-p2-7wxfh"",""cpu_m"":117,""mem_b"":612594848,""priority"":""2"",""node"":""kwok-node-21""},{""name"":""rs-22-p2-qjwqg"",""cpu_m"":117,""mem_b"":612594848,""priority"":""2"",""node"":""kwok-node-32""},{""name"":""rs-22-p2-x2lmt"",""cpu_m"":117,""mem_b"":612594848,""priority"":""2"",""node"":""kwok-node-14""},{""name"":""rs-23-p3-dh2vc"",""cpu_m"":134,""mem_b"":756935802,""priority"":""3"",""node"":""kwok-node-12""},{""name"":""rs-23-p3-kv2bn"",""cpu_m"":134,""mem_b"":756935802,""priority"":""3"",""node"":""kwok-node-1""},{""name"":""rs-23-p3-qhds6"",""cpu_m"":134,""mem_b"":756935802,""priority"":""3"",""node"":""kwok-node-22""},{""name"":""rs-24-p1-92l4c"",""cpu_m"":425,""mem_b"":323812712,""priority"":""1"",""node"":""kwok-node-25""},{""name"":""rs-24-p1-lhlhp"",""cpu_m"":425,""mem_b"":323812712,""priority"":""1"",""node"":""kwok-node-20""},{""name"":""rs-24-p1-mm6rq"",""cpu_m"":425,""mem_b"":323812712,""priority"":""1"",""node"":""kwok-node-3""},{""name"":""rs-25-p3-7g5nk"",""cpu_m"":738,""mem_b"":534598236,""priority"":""3"",""node"":""kwok-node-28""},{""name"":""rs-25-p3-klbpg"",""cpu_m"":738,""mem_b"":534598236,""priority"":""3"",""node"":""kwok-node-29""},{""name"":""rs-25-p3-lzqs2"",""cpu_m"":738,""mem_b"":534598236,""priority"":""3"",""node"":""kwok-node-26""},{""name"":""rs-26-p3-2cb7k"",""cpu_m"":778,""mem_b"":824886482,""priority"":""3"",""node"":""kwok-node-15""},{""name"":""rs-26-p3-7dlwd"",""cpu_m"":778,""mem_b"":824886482,""priority"":""3"",""node"":""kwok-node-2""},{""name"":""rs-26-p3-dgsjj"",""cpu_m"":778,""mem_b"":824886482,""priority"":""3"",""node"":""kwok-node-16""},{""name"":""rs-26-p3-krlj7"",""cpu_m"":778,""mem_b"":824886482,""priority"":""3"",""node"":""kwok-node-27""},{""name"":""rs-27-p4-rkh64"",""cpu_m"":143,""mem_b"":131221641,""priority"":""4"",""node"":""kwok-node-30""},{""name"":""rs-28-p3-l2hb8"",""cpu_m"":406,""mem_b"":273649847,""priority"":""3"",""node"":""kwok-node-18""},{""name"":""rs-28-p3-l9c4b"",""cpu_m"":406,""mem_b"":273649847,""priority"":""3"",""node"":""kwok-node-4""},{""name"":""rs-28-p3-n7vjj"",""cpu_m"":406,""mem_b"":273649847,""priority"":""3"",""node"":""kwok-node-24""},{""name"":""rs-29-p1-kjwdc"",""cpu_m"":670,""mem_b"":751230737,""priority"":""1"",""node"":""kwok-node-20""},{""name"":""rs-29-p1-s2f6k"",""cpu_m"":670,""mem_b"":751230737,""priority"":""1"",""node"":""kwok-node-17""},{""name"":""rs-29-p1-zpsk9"",""cpu_m"":670,""mem_b"":751230737,""priority"":""1"",""node"":""kwok-node-30""},{""name"":""rs-30-p3-zffm6"",""cpu_m"":736,""mem_b"":306911949,""priority"":""3"",""node"":""kwok-node-25""},{""name"":""rs-31-p1-24ktp"",""cpu_m"":772,""mem_b"":145535531,""priority"":""1"",""node"":""kwok-node-5""},{""name"":""rs-31-p1-4trmt"",""cpu_m"":772,""mem_b"":145535531,""priority"":""1"",""node"":""kwok-node-22""},{""name"":""rs-31-p1-gdjww"",""cpu_m"":772,""mem_b"":145535531,""priority"":""1"",""node"":""kwok-node-1""},{""name"":""rs-31-p1-q4whq"",""cpu_m"":772,""mem_b"":145535531,""priority"":""1"",""node"":""kwok-node-21""},{""name"":""rs-32-p2-bsltv"",""cpu_m"":199,""mem_b"":721030076,""priority"":""2"",""node"":""kwok-node-11""},{""name"":""rs-32-p2-djqlx"",""cpu_m"":199,""mem_b"":721030076,""priority"":""2"",""node"":""kwok-node-23""},{""name"":""rs-32-p2-zhbhk"",""cpu_m"":199,""mem_b"":721030076,""priority"":""2"",""node"":""kwok-node-19""},{""name"":""rs-33-p1-ljs7l"",""cpu_m"":904,""mem_b"":923124075,""priority"":""1"",""node"":""kwok-node-3""},{""name"":""rs-34-p4-2bhvx"",""cpu_m"":495,""mem_b"":682143074,""priority"":""4"",""node"":""kwok-node-32""},{""name"":""rs-34-p4-5wz7d"",""cpu_m"":495,""mem_b"":682143074,""priority"":""4"",""node"":""kwok-node-13""},{""name"":""rs-34-p4-j9cvc"",""cpu_m"":495,""mem_b"":682143074,""priority"":""4"",""node"":""kwok-node-7""},{""name"":""rs-34-p4-rpq5l"",""cpu_m"":495,""mem_b"":682143074,""priority"":""4"",""node"":""kwok-node-6""},{""name"":""rs-35-p4-95jhp"",""cpu_m"":748,""mem_b"":197877689,""priority"":""4"",""node"":""kwok-node-26""},{""name"":""rs-36-p1-2vlrn"",""cpu_m"":356,""mem_b"":894656051,""priority"":""1"",""node"":""""},{""name"":""rs-36-p1-bffv7"",""cpu_m"":356,""mem_b"":894656051,""priority"":""1"",""node"":""""},{""name"":""rs-36-p1-sxdb2"",""cpu_m"":356,""mem_b"":894656051,""priority"":""1"",""node"":""""},{""name"":""rs-37-p3-l7jd4"",""cpu_m"":161,""mem_b"":494520972,""priority"":""3"",""node"":""kwok-node-24""},{""name"":""rs-38-p3-4l795"",""cpu_m"":913,""mem_b"":280373811,""priority"":""3"",""node"":""kwok-node-4""},{""name"":""rs-38-p3-xl7j7"",""cpu_m"":913,""mem_b"":280373811,""priority"":""3"",""node"":""kwok-node-27""},{""name"":""rs-39-p1-kfqlg"",""cpu_m"":463,""mem_b"":743996687,""priority"":""1"",""node"":""kwok-node-18""},{""name"":""rs-40-p2-jqrk9"",""cpu_m"":867,""mem_b"":324079543,""priority"":""2"",""node"":""""},{""name"":""rs-40-p2-mr266"",""cpu_m"":867,""mem_b"":324079543,""priority"":""2"",""node"":""""},{""name"":""rs-41-p3-7mjzc"",""cpu_m"":343,""mem_b"":324645653,""priority"":""3"",""node"":""kwok-node-28""},{""name"":""rs-41-p3-nlsdd"",""cpu_m"":343,""mem_b"":324645653,""priority"":""3"",""node"":""kwok-node-29""},{""name"":""rs-42-p3-4f4nm"",""cpu_m"":866,""mem_b"":347959319,""priority"":""3"",""node"":""""},{""name"":""rs-42-p3-5hxgq"",""cpu_m"":866,""mem_b"":347959319,""priority"":""3"",""node"":""""},{""name"":""rs-42-p3-8pjzn"",""cpu_m"":866,""mem_b"":347959319,""priority"":""3"",""node"":""""},{""name"":""rs-42-p3-j2vkd"",""cpu_m"":866,""mem_b"":347959319,""priority"":""3"",""node"":""""},{""name"":""rs-43-p3-66ds7"",""cpu_m"":660,""mem_b"":999658792,""priority"":""3"",""node"":""""},{""name"":""rs-43-p3-lxjv6"",""cpu_m"":660,""mem_b"":999658792,""priority"":""3"",""node"":""""},{""name"":""rs-44-p3-fhphg"",""cpu_m"":901,""mem_b"":770203282,""priority"":""3"",""node"":""""},{""name"":""rs-44-p3-flm5z"",""cpu_m"":901,""mem_b"":770203282,""priority"":""3"",""node"":""""},{""name"":""rs-44-p3-grq4k"",""cpu_m"":901,""mem_b"":770203282,""priority"":""3"",""node"":""""},{""name"":""rs-44-p3-xksj7"",""cpu_m"":901,""mem_b"":770203282,""priority"":""3"",""node"":""""},{""name"":""rs-45-p4-cnwj4"",""cpu_m"":428,""mem_b"":879646335,""priority"":""4"",""node"":""""},{""name"":""rs-46-p4-744sd"",""cpu_m"":163,""mem_b"":298552100,""priority"":""4"",""node"":""kwok-node-31""},{""name"":""rs-46-p4-b7x9s"",""cpu_m"":163,""mem_b"":298552100,""priority"":""4"",""node"":""kwok-node-10""},{""name"":""rs-46-p4-bjbdq"",""cpu_m"":163,""mem_b"":298552100,""priority"":""4"",""node"":""kwok-node-25""},{""name"":""rs-46-p4-rjv2c"",""cpu_m"":163,""mem_b"":298552100,""priority"":""4"",""node"":""kwok-node-14""},{""name"":""rs-47-p4-sh8km"",""cpu_m"":802,""mem_b"":408055580,""priority"":""4"",""node"":""""},{""name"":""rs-48-p1-4qdhx"",""cpu_m"":550,""mem_b"":408486985,""priority"":""1"",""node"":""kwok-node-23""},{""name"":""rs-48-p1-9bzhb"",""cpu_m"":550,""mem_b"":408486985,""priority"":""1"",""node"":""kwok-node-12""},{""name"":""rs-48-p1-cdhsf"",""cpu_m"":550,""mem_b"":408486985,""priority"":""1"",""node"":""kwok-node-21""},{""name"":""rs-48-p1-dqdmx"",""cpu_m"":550,""mem_b"":408486985,""priority"":""1"",""node"":""kwok-node-19""},{""name"":""rs-49-p3-6t9mc"",""cpu_m"":988,""mem_b"":827892084,""priority"":""3"",""node"":""""},{""name"":""rs-49-p3-8hjh5"",""cpu_m"":988,""mem_b"":827892084,""priority"":""3"",""node"":""""},{""name"":""rs-50-p4-wbm82"",""cpu_m"":945,""mem_b"":748728605,""priority"":""4"",""node"":""""},{""name"":""rs-51-p1-665l6"",""cpu_m"":362,""mem_b"":798654554,""priority"":""1"",""node"":""""},{""name"":""rs-51-p1-mnzmj"",""cpu_m"":362,""mem_b"":798654554,""priority"":""1"",""node"":""""}]","[{""name"":""kwok-node-1"",""cap_cpu_m"":2076,""cap_mem_bytes"":2187764015},{""name"":""kwok-node-2"",""cap_cpu_m"":2076,""cap_mem_bytes"":2187764015},{""name"":""kwok-node-3"",""cap_cpu_m"":2076,""cap_mem_bytes"":2187764015},{""name"":""kwok-node-4"",""cap_cpu_m"":2076,""cap_mem_bytes"":2187764015},{""name"":""kwok-node-5"",""cap_cpu_m"":2076,""cap_mem_bytes"":2187764015},{""name"":""kwok-node-6"",""cap_cpu_m"":2076,""cap_mem_bytes"":2187764015},{""name"":""kwok-node-7"",""cap_cpu_m"":2076,""cap_mem_bytes"":2187764015},{""name"":""kwok-node-8"",""cap_cpu_m"":2076,""cap_mem_bytes"":2187764015},{""name"":""kwok-node-9"",""cap_cpu_m"":2076,""cap_mem_bytes"":2187764015},{""name"":""kwok-node-10"",""cap_cpu_m"":2076,""cap_mem_bytes"":2187764015},{""name"":""kwok-node-11"",""cap_cpu_m"":2076,""cap_mem_bytes"":2187764015},{""name"":""kwok-node-12"",""cap_cpu_m"":2076,""cap_mem_bytes"":2187764015},{""name"":""kwok-node-13"",""cap_cpu_m"":2076,""cap_mem_bytes"":2187764015},{""name"":""kwok-node-14"",""cap_cpu_m"":2076,""cap_mem_bytes"":2187764015},{""name"":""kwok-node-15"",""cap_cpu_m"":2076,""cap_mem_bytes"":2187764015},{""name"":""kwok-node-16"",""cap_cpu_m"":2076,""cap_mem_bytes"":2187764015},{""name"":""kwok-node-17"",""cap_cpu_m"":2076,""cap_mem_bytes"":2187764015},{""name"":""kwok-node-18"",""cap_cpu_m"":2076,""cap_mem_bytes"":2187764015},{""name"":""kwok-node-19"",""cap_cpu_m"":2076,""cap_mem_bytes"":2187764015},{""name"":""kwok-node-20"",""cap_cpu_m"":2076,""cap_mem_bytes"":2187764015},{""name"":""kwok-node-21"",""cap_cpu_m"":2076,""cap_mem_bytes"":2187764015},{""name"":""kwok-node-22"",""cap_cpu_m"":2076,""cap_mem_bytes"":2187764015},{""name"":""kwok-node-23"",""cap_cpu_m"":2076,""cap_mem_bytes"":2187764015},{""name"":""kwok-node-24"",""cap_cpu_m"":2076,""cap_mem_bytes"":2187764015},{""name"":""kwok-node-25"",""cap_cpu_m"":2076,""cap_mem_bytes"":2187764015},{""name"":""kwok-node-26"",""cap_cpu_m"":2076,""cap_mem_bytes"":2187764015},{""name"":""kwok-node-27"",""cap_cpu_m"":2076,""cap_mem_bytes"":2187764015},{""name"":""kwok-node-28"",""cap_cpu_m"":2076,""cap_mem_bytes"":2187764015},{""name"":""kwok-node-29"",""cap_cpu_m"":2076,""cap_mem_bytes"":2187764015},{""name"":""kwok-node-30"",""cap_cpu_m"":2076,""cap_mem_bytes"":2187764015},{""name"":""kwok-node-31"",""cap_cpu_m"":2076,""cap_mem_bytes"":2187764015},{""name"":""kwok-node-32"",""cap_cpu_m"":2076,""cap_mem_bytes"":2187764015}]"
2026/02/11/12:26:41,3928363649402512180,no improving solution from any solver,"{""evicted"":0,""moved"":0,""placed_by_priority"":{""1"":29,""2"":36,""3"":20,""4"":24}}",,,,,"[{""duration_ms"":997,""name"":""python"",""score"":{""evicted"":0,""moved"":0,""placed_by_priority"":null},""status"":""FAILED""}]",0.881,0.881,0.845,0.845,53306,53306,56475218682,56475218682,109,109,19,19,"{""kwok-node-1"":4,""kwok-node-10"":4,""kwok-node-11"":4,""kwok-node-12"":3,""kwok-node-13"":4,""kwok-node-14"":3,""kwok-node-15"":3,""kwok-node-16"":3,""kwok-node-17"":4,""kwok-node-18"":4,""kwok-node-19"":4,""kwok-node-2"":4,""kwok-node-20"":3,""kwok-node-21"":3,""kwok-node-22"":3,""kwok-node-23"":3,""kwok-node-24"":4,""kwok-node-25"":3,""kwok-node-26"":4,""kwok-node-27"":3,""kwok-node-28"":3,""kwok-node-29"":3,""kwok-node-3"":2,""kwok-node-30"":3,""kwok-node-31"":4,""kwok-node-32"":3,""kwok-node-4"":3,""kwok-node-5"":3,""kwok-node-6"":3,""kwok-node-7"":4,""kwok-node-8"":4,""kwok-node-9"":4}","{""kwok-node-1"":4,""kwok-node-10"":4,""kwok-node-11"":4,""kwok-node-12"":3,""kwok-node-13"":4,""kwok-node-14"":3,""kwok-node-15"":3,""kwok-node-16"":3,""kwok-node-17"":4,""kwok-node-18"":4,""kwok-node-19"":4,""kwok-node-2"":4,""kwok-node-20"":3,""kwok-node-21"":3,""kwok-node-22"":3,""kwok-node-23"":3,""kwok-node-24"":4,""kwok-node-25"":3,""kwok-node-26"":4,""kwok-node-27"":3,""kwok-node-28"":3,""kwok-node-29"":3,""kwok-node-3"":2,""kwok-node-30"":3,""kwok-node-31"":4,""kwok-node-32"":3,""kwok-node-4"":3,""kwok-node-5"":3,""kwok-node-6"":3,""kwok-node-7"":4,""kwok-node-8"":4,""kwok-node-9"":4}","{""p1"":29,""p2"":36,""p3"":20,""p4"":24}","{""p1"":29,""p2"":36,""p3"":20,""p4"":24}","{""p1"":5,""p2"":9,""p3"":3,""p4"":2}","{""p1"":5,""p2"":9,""p3"":3,""p4"":2}","{rs-36-p1-pjctb,rs-39-p1-f5tff,rs-39-p1-swlwc,rs-39-p1-z99kj,rs-40-p2-9xwx8,rs-40-p2-hqqd6,rs-41-p2-8hwxj,rs-41-p2-brttj,rs-41-p2-hq544,rs-41-p2-qttkj,rs-42-p2-245ms,rs-42-p2-88g6t,rs-42-p2-j6gng,rs-43-p3-7cjst,rs-43-p3-dssmd,rs-43-p3-kclmq,rs-44-p1-nkrnd,rs-45-p4-hcfc9,rs-46-p4-vskn8}","{rs-36-p1-pjctb,rs-39-p1-f5tff,rs-39-p1-swlwc,rs-39-p1-z99kj,rs-40-p2-9xwx8,rs-40-p2-hqqd6,rs-41-p2-8hwxj,rs-41-p2-brttj,rs-41-p2-hq544,rs-41-p2-qttkj,rs-42-p2-245ms,rs-42-p2-88g6t,rs-42-p2-j6gng,rs-43-p3-7cjst,rs-43-p3-dssmd,rs-43-p3-kclmq,rs-44-p1-nkrnd,rs-45-p4-hcfc9,rs-46-p4-vskn8}","{rs-01-p2-67hcg,rs-01-p2-9ntsn,rs-01-p2-xjm76,rs-02-p2-gjtss,rs-02-p2-k27rf,rs-02-p2-mpgr9,rs-03-p4-qbvhd,rs-03-p4-zf99n,rs-03-p4-zgktb,rs-04-p4-5q88f,rs-04-p4-9khrq,rs-04-p4-gqjzf,rs-04-p4-rrp9d,rs-05-p4-9xw8z,rs-05-p4-h2ppg,rs-06-p2-52667,rs-06-p2-hbbzl,rs-07-p1-4cxsn,rs-07-p1-8sbsv,rs-07-p1-jbxgt,rs-07-p1-w7r8g,rs-08-p1-5qlkz,rs-08-p1-k4hz9,rs-08-p1-vfflb,rs-09-p2-2q2rk,rs-09-p2-d2zj8,rs-10-p3-4h6bt,rs-10-p3-t4jbt,rs-10-p3-zbnz2,rs-11-p2-xhdhs,rs-12-p1-lvq5r,rs-12-p1-w8plg,rs-13-p2-8tqxd,rs-14-p4-mhcgg,rs-14-p4-pp6ph,rs-14-p4-zl88d,rs-15-p1-8bsph,rs-15-p1-95j4l,rs-15-p1-mmbm5,rs-16-p2-482xs,rs-16-p2-9wp44,rs-16-p2-l86wh,rs-17-p3-gg2sc,rs-18-p3-8g89t,rs-19-p1-7bnkq,rs-19-p1-npbj4,rs-20-p3-dz6pb,rs-20-p3-ghkjv,rs-21-p2-5qrsn,rs-21-p2-lhd7q,rs-21-p2-q54xd,rs-21-p2-sxbxj,rs-22-p4-f9rpz,rs-22-p4-gqhhp,rs-22-p4-t6gl9,rs-23-p3-fxt4k,rs-23-p3-hcrcg,rs-23-p3-pvjjf,rs-23-p3-r6ngs,rs-24-p1-dgbgc,rs-24-p1-s45j2,rs-25-p2-h27dn,rs-25-p2-k6tzd,rs-25-p2-l44cb,rs-25-p2-t2x7g,rs-26-p1-4xr49,rs-26-p1-5b9z6,rs-26-p1-t94v6,rs-27-p2-ftd7z,rs-27-p2-hxd8t,rs-27-p2-nqb9k,rs-28-p4-2wq4x,rs-28-p4-9rvlh,rs-28-p4-h2k9t,rs-28-p4-x6nb4,rs-29-p4-6pz9c,rs-29-p4-pq6b8,rs-30-p4-fkbzm,rs-30-p4-g4xsf,rs-30-p4-nnz9k,rs-31-p1-bf9gs,rs-31-p1-twdh5,rs-32-p2-5lf59,rs-32-p2-j9zhw,rs-32-p2-srbds,rs-33-p3-8l84x,rs-33-p3-hsxq2,rs-33-p3-mn6w2,rs-33-p3-wwgfs,rs-34-p2-2c267,rs-34-p2-h8qx4,rs-35-p1-5dc6x,rs-35-p1-9t6sl,rs-35-p1-ks867,rs-35-p1-n5lqb,rs-36-p1-gj9gg,rs-36-p1-hjgvf,rs-37-p1-8jfhs,rs-37-p1-kgvpt,rs-38-p2-7w8c9,rs-38-p2-jb4cw,rs-38-p2-jnsp9,rs-40-p2-c7br7,rs-40-p2-nj2z6,rs-43-p3-m8fp4,rs-47-p3-2cmnl,rs-47-p3-fgk4d,rs-47-p3-fq52b,rs-47-p3-pllb4}","{rs-01-p2-67hcg,rs-01-p2-9ntsn,rs-01-p2-xjm76,rs-02-p2-gjtss,rs-02-p2-k27rf,rs-02-p2-mpgr9,rs-03-p4-qbvhd,rs-03-p4-zf99n,rs-03-p4-zgktb,rs-04-p4-5q88f,rs-04-p4-9khrq,rs-04-p4-gqjzf,rs-04-p4-rrp9d,rs-05-p4-9xw8z,rs-05-p4-h2ppg,rs-06-p2-52667,rs-06-p2-hbbzl,rs-07-p1-4cxsn,rs-07-p1-8sbsv,rs-07-p1-jbxgt,rs-07-p1-w7r8g,rs-08-p1-5qlkz,rs-08-p1-k4hz9,rs-08-p1-vfflb,rs-09-p2-2q2rk,rs-09-p2-d2zj8,rs-10-p3-4h6bt,rs-10-p3-t4jbt,rs-10-p3-zbnz2,rs-11-p2-xhdhs,rs-12-p1-lvq5r,rs-12-p1-w8plg,rs-13-p2-8tqxd,rs-14-p4-mhcgg,rs-14-p4-pp6ph,rs-14-p4-zl88d,rs-15-p1-8bsph,rs-15-p1-95j4l,rs-15-p1-mmbm5,rs-16-p2-482xs,rs-16-p2-9wp44,rs-16-p2-l86wh,rs-17-p3-gg2sc,rs-18-p3-8g89t,rs-19-p1-7bnkq,rs-19-p1-npbj4,rs-20-p3-dz6pb,rs-20-p3-ghkjv,rs-21-p2-5qrsn,rs-21-p2-lhd7q,rs-21-p2-q54xd,rs-21-p2-sxbxj,rs-22-p4-f9rpz,rs-22-p4-gqhhp,rs-22-p4-t6gl9,rs-23-p3-fxt4k,rs-23-p3-hcrcg,rs-23-p3-pvjjf,rs-23-p3-r6ngs,rs-24-p1-dgbgc,rs-24-p1-s45j2,rs-25-p2-h27dn,rs-25-p2-k6tzd,rs-25-p2-l44cb,rs-25-p2-t2x7g,rs-26-p1-4xr49,rs-26-p1-5b9z6,rs-26-p1-t94v6,rs-27-p2-ftd7z,rs-27-p2-hxd8t,rs-27-p2-nqb9k,rs-28-p4-2wq4x,rs-28-p4-9rvlh,rs-28-p4-h2k9t,rs-28-p4-x6nb4,rs-29-p4-6pz9c,rs-29-p4-pq6b8,rs-30-p4-fkbzm,rs-30-p4-g4xsf,rs-30-p4-nnz9k,rs-31-p1-bf9gs,rs-31-p1-twdh5,rs-32-p2-5lf59,rs-32-p2-j9zhw,rs-32-p2-srbds,rs-33-p3-8l84x,rs-33-p3-hsxq2,rs-33-p3-mn6w2,rs-33-p3-wwgfs,rs-34-p2-2c267,rs-34-p2-h8qx4,rs-35-p1-5dc6x,rs-35-p1-9t6sl,rs-35-p1-ks867,rs-35-p1-n5lqb,rs-36-p1-gj9gg,rs-36-p1-hjgvf,rs-37-p1-8jfhs,rs-37-p1-kgvpt,rs-38-p2-7w8c9,rs-38-p2-jb4cw,rs-38-p2-jnsp9,rs-40-p2-c7br7,rs-40-p2-nj2z6,rs-43-p3-m8fp4,rs-47-p3-2cmnl,rs-47-p3-fgk4d,rs-47-p3-fq52b,rs-47-p3-pllb4}","[{""name"":""rs-01-p2-67hcg"",""cpu_m"":446,""mem_b"":849498644,""priority"":""2"",""node"":""kwok-node-10""},{""name"":""rs-01-p2-9ntsn"",""cpu_m"":446,""mem_b"":849498644,""priority"":""2"",""node"":""kwok-node-12""},{""name"":""rs-01-p2-xjm76"",""cpu_m"":446,""mem_b"":849498644,""priority"":""2"",""node"":""kwok-node-16""},{""name"":""rs-02-p2-gjtss"",""cpu_m"":705,""mem_b"":278768455,""priority"":""2"",""node"":""kwok-node-19""},{""name"":""rs-02-p2-k27rf"",""cpu_m"":705,""mem_b"":278768455,""priority"":""2"",""node"":""kwok-node-18""},{""name"":""rs-02-p2-mpgr9"",""cpu_m"":705,""mem_b"":278768455,""priority"":""2"",""node"":""kwok-node-14""},{""name"":""rs-03-p4-qbvhd"",""cpu_m"":596,""mem_b"":181751528,""priority"":""4"",""node"":""kwok-node-15""},{""name"":""rs-03-p4-zf99n"",""cpu_m"":596,""mem_b"":181751528,""priority"":""4"",""node"":""kwok-node-13""},{""name"":""rs-03-p4-zgktb"",""cpu_m"":596,""mem_b"":181751528,""priority"":""4"",""node"":""kwok-node-11""},{""name"":""rs-04-p4-5q88f"",""cpu_m"":620,""mem_b"":281217359,""priority"":""4"",""node"":""kwok-node-1""},{""name"":""rs-04-p4-9khrq"",""cpu_m"":620,""mem_b"":281217359,""priority"":""4"",""node"":""kwok-node-10""},{""name"":""rs-04-p4-gqjzf"",""cpu_m"":620,""mem_b"":281217359,""priority"":""4"",""node"":""kwok-node-17""},{""name"":""rs-04-p4-rrp9d"",""cpu_m"":620,""mem_b"":281217359,""priority"":""4"",""node"":""kwok-node-2""},{""name"":""rs-05-p4-9xw8z"",""cpu_m"":918,""mem_b"":439871359,""priority"":""4"",""node"":""kwok-node-16""},{""name"":""rs-05-p4-h2ppg"",""cpu_m"":918,""mem_b"":439871359,""priority"":""4"",""node"":""kwok-node-12""},{""name"":""rs-06-p2-52667"",""cpu_m"":617,""mem_b"":716801714,""priority"":""2"",""node"":""kwok-node-20""},{""name"":""rs-06-p2-hbbzl"",""cpu_m"":617,""mem_b"":716801714,""priority"":""2"",""node"":""kwok-node-21""},{""name"":""rs-07-p1-4cxsn"",""cpu_m"":550,""mem_b"":390142050,""priority"":""1"",""node"":""kwok-node-24""},{""name"":""rs-07-p1-8sbsv"",""cpu_m"":550,""mem_b"":390142050,""priority"":""1"",""node"":""kwok-node-26""},{""name"":""rs-07-p1-jbxgt"",""cpu_m"":550,""mem_b"":390142050,""priority"":""1"",""node"":""kwok-node-22""},{""name"":""rs-07-p1-w7r8g"",""cpu_m"":550,""mem_b"":390142050,""priority"":""1"",""node"":""kwok-node-25""},{""name"":""rs-08-p1-5qlkz"",""cpu_m"":486,""mem_b"":172393914,""priority"":""1"",""node"":""kwok-node-24""},{""name"":""rs-08-p1-k4hz9"",""cpu_m"":486,""mem_b"":172393914,""priority"":""1"",""node"":""kwok-node-26""},{""name"":""rs-08-p1-vfflb"",""cpu_m"":486,""mem_b"":172393914,""priority"":""1"",""node"":""kwok-node-23""},{""name"":""rs-09-p2-2q2rk"",""cpu_m"":321,""mem_b"":567574505,""priority"":""2"",""node"":""kwok-node-27""},{""name"":""rs-09-p2-d2zj8"",""cpu_m"":321,""mem_b"":567574505,""priority"":""2"",""node"":""kwok-node-23""},{""name"":""rs-10-p3-4h6bt"",""cpu_m"":226,""mem_b"":988236673,""priority"":""3"",""node"":""kwok-node-28""},{""name"":""rs-10-p3-t4jbt"",""cpu_m"":226,""mem_b"":988236673,""priority"":""3"",""node"":""kwok-node-4""},{""name"":""rs-10-p3-zbnz2"",""cpu_m"":226,""mem_b"":988236673,""priority"":""3"",""node"":""kwok-node-30""},{""name"":""rs-11-p2-xhdhs"",""cpu_m"":286,""mem_b"":667647470,""priority"":""2"",""node"":""kwok-node-29""},{""name"":""rs-12-p1-lvq5r"",""cpu_m"":797,""mem_b"":646872458,""priority"":""1"",""node"":""kwok-node-5""},{""name"":""rs-12-p1-w8plg"",""cpu_m"":797,""mem_b"":646872458,""priority"":""1"",""node"":""kwok-node-31""},{""name"":""rs-13-p2-8tqxd"",""cpu_m"":854,""mem_b"":887490701,""priority"":""2"",""node"":""kwok-node-3""},{""name"":""rs-14-p4-mhcgg"",""cpu_m"":602,""mem_b"":145706603,""priority"":""4"",""node"":""kwok-node-7""},{""name"":""rs-14-p4-pp6ph"",""cpu_m"":602,""mem_b"":145706603,""priority"":""4"",""node"":""kwok-node-8""},{""name"":""rs-14-p4-zl88d"",""cpu_m"":602,""mem_b"":145706603,""priority"":""4"",""node"":""kwok-node-9""},{""name"":""rs-15-p1-8bsph"",""cpu_m"":401,""mem_b"":923951016,""priority"":""1"",""node"":""kwok-node-7""},{""name"":""rs-15-p1-95j4l"",""cpu_m"":401,""mem_b"":923951016,""priority"":""1"",""node"":""kwok-node-6""},{""name"":""rs-15-p1-mmbm5"",""cpu_m"":401,""mem_b"":923951016,""priority"":""1"",""node"":""kwok-node-32""},{""name"":""rs-16-p2-482xs"",""cpu_m"":895,""mem_b"":798132412,""priority"":""2"",""node"":""kwok-node-27""},{""name"":""rs-16-p2-9wp44"",""cpu_m"":895,""mem_b"":798132412,""priority"":""2"",""node"":""kwok-node-29""},{""name"":""rs-16-p2-l86wh"",""cpu_m"":895,""mem_b"":798132412,""priority"":""2"",""node"":""kwok-node-22""},{""name"":""rs-17-p3-gg2sc"",""cpu_m"":291,""mem_b"":360489792,""priority"":""3"",""node"":""kwok-node-25""},{""name"":""rs-18-p3-8g89t"",""cpu_m"":540,""mem_b"":753107117,""priority"":""3"",""node"":""kwok-node-15""},{""name"":""rs-19-p1-7bnkq"",""cpu_m"":458,""mem_b"":416642565,""priority"":""1"",""node"":""kwok-node-9""},{""name"":""rs-19-p1-npbj4"",""cpu_m"":458,""mem_b"":416642565,""priority"":""1"",""node"":""kwok-node-13""},{""name"":""rs-20-p3-dz6pb"",""cpu_m"":399,""mem_b"":379204333,""priority"":""3"",""node"":""kwok-node-11""},{""name"":""rs-20-p3-ghkjv"",""cpu_m"":399,""mem_b"":379204333,""priority"":""3"",""node"":""kwok-node-8""},{""name"":""rs-21-p2-5qrsn"",""cpu_m"":368,""mem_b"":889637209,""priority"":""2"",""node"":""kwok-node-2""},{""name"":""rs-21-p2-lhd7q"",""cpu_m"":368,""mem_b"":889637209,""priority"":""2"",""node"":""kwok-node-17""},{""name"":""rs-21-p2-q54xd"",""cpu_m"":368,""mem_b"":889637209,""priority"":""2"",""node"":""kwok-node-19""},{""name"":""rs-21-p2-sxbxj"",""cpu_m"":368,""mem_b"":889637209,""priority"":""2"",""node"":""kwok-node-1""},{""name"":""rs-22-p4-f9rpz"",""cpu_m"":164,""mem_b"":541313912,""priority"":""4"",""node"":""kwok-node-14""},{""name"":""rs-22-p4-gqhhp"",""cpu_m"":164,""mem_b"":541313912,""priority"":""4"",""node"":""kwok-node-18""},{""name"":""rs-22-p4-t6gl9"",""cpu_m"":164,""mem_b"":541313912,""priority"":""4"",""node"":""kwok-node-31""},{""name"":""rs-23-p3-fxt4k"",""cpu_m"":305,""mem_b"":708013711,""priority"":""3"",""node"":""kwok-node-5""},{""name"":""rs-23-p3-hcrcg"",""cpu_m"":305,""mem_b"":708013711,""priority"":""3"",""node"":""kwok-node-21""},{""name"":""rs-23-p3-pvjjf"",""cpu_m"":305,""mem_b"":708013711,""priority"":""3"",""node"":""kwok-node-20""},{""name"":""rs-23-p3-r6ngs"",""cpu_m"":305,""mem_b"":708013711,""priority"":""3"",""node"":""kwok-node-11""},{""name"":""rs-24-p1-dgbgc"",""cpu_m"":755,""mem_b"":763876401,""priority"":""1"",""node"":""kwok-node-6""},{""name"":""rs-24-p1-s45j2"",""cpu_m"":755,""mem_b"":763876401,""priority"":""1"",""node"":""kwok-node-32""},{""name"":""rs-25-p2-h27dn"",""cpu_m"":979,""mem_b"":272890526,""priority"":""2"",""node"":""kwok-node-23""},{""name"":""rs-25-p2-k6tzd"",""cpu_m"":979,""mem_b"":272890526,""priority"":""2"",""node"":""kwok-node-4""},{""name"":""rs-25-p2-l44cb"",""cpu_m"":979,""mem_b"":272890526,""priority"":""2"",""node"":""kwok-node-28""},{""name"":""rs-25-p2-t2x7g"",""cpu_m"":979,""mem_b"":272890526,""priority"":""2"",""node"":""kwok-node-30""},{""name"":""rs-26-p1-4xr49"",""cpu_m"":997,""mem_b"":989506152,""priority"":""1"",""node"":""kwok-node-3""},{""name"":""rs-26-p1-5b9z6"",""cpu_m"":997,""mem_b"":989506152,""priority"":""1"",""node"":""kwok-node-14""},{""name"":""rs-26-p1-t94v6"",""cpu_m"":997,""mem_b"":989506152,""priority"":""1"",""node"":""kwok-node-25""},{""name"":""rs-27-p2-ftd7z"",""cpu_m"":590,""mem_b"":241955075,""priority"":""2"",""node"":""kwok-node-21""},{""name"":""rs-27-p2-hxd8t"",""cpu_m"":590,""mem_b"":241955075,""priority"":""2"",""node"":""kwok-node-20""},{""name"":""rs-27-p2-nqb9k"",""cpu_m"":590,""mem_b"":241955075,""priority"":""2"",""node"":""kwok-node-18""},{""name"":""rs-28-p4-2wq4x"",""cpu_m"":133,""mem_b"":733717577,""priority"":""4"",""node"":""kwok-node-13""},{""name"":""rs-28-p4-9rvlh"",""cpu_m"":133,""mem_b"":733717577,""priority"":""4"",""node"":""kwok-node-8""},{""name"":""rs-28-p4-h2k9t"",""cpu_m"":133,""mem_b"":733717577,""priority"":""4"",""node"":""kwok-node-24""},{""name"":""rs-28-p4-x6nb4"",""cpu_m"":133,""mem_b"":733717577,""priority"":""4"",""node"":""kwok-node-26""},{""name"":""rs-29-p4-6pz9c"",""cpu_m"":337,""mem_b"":664936610,""priority"":""4"",""node"":""kwok-node-9""},{""name"":""rs-29-p4-pq6b8"",""cpu_m"":337,""mem_b"":664936610,""priority"":""4"",""node"":""kwok-node-15""},{""name"":""rs-30-p4-fkbzm"",""cpu_m"":434,""mem_b"":187013659,""priority"":""4"",""node"":""kwok-node-17""},{""name"":""rs-30-p4-g4xsf"",""cpu_m"":434,""mem_b"":187013659,""priority"":""4"",""node"":""kwok-node-2""},{""name"":""rs-30-p4-nnz9k"",""cpu_m"":434,""mem_b"":187013659,""priority"":""4"",""node"":""kwok-node-31""},{""name"":""rs-31-p1-bf9gs"",""cpu_m"":424,""mem_b"":191420013,""priority"":""1"",""node"":""kwok-node-7""},{""name"":""rs-31-p1-twdh5"",""cpu_m"":424,""mem_b"":191420013,""priority"":""1"",""node"":""kwok-node-1""},{""name"":""rs-32-p2-5lf59"",""cpu_m"":259,""mem_b"":509616148,""priority"":""2"",""node"":""kwok-node-19""},{""name"":""rs-32-p2-j9zhw"",""cpu_m"":259,""mem_b"":509616148,""priority"":""2"",""node"":""kwok-node-4""},{""name"":""rs-32-p2-srbds"",""cpu_m"":259,""mem_b"":509616148,""priority"":""2"",""node"":""kwok-node-10""},{""name"":""rs-33-p3-8l84x"",""cpu_m"":383,""mem_b"":256009725,""priority"":""3"",""node"":""kwok-node-8""},{""name"":""rs-33-p3-hsxq2"",""cpu_m"":383,""mem_b"":256009725,""priority"":""3"",""node"":""kwok-node-24""},{""name"":""rs-33-p3-mn6w2"",""cpu_m"":383,""mem_b"":256009725,""priority"":""3"",""node"":""kwok-node-26""},{""name"":""rs-33-p3-wwgfs"",""cpu_m"":383,""mem_b"":256009725,""priority"":""3"",""node"":""kwok-node-5""},{""name"":""rs-34-p2-2c267"",""cpu_m"":601,""mem_b"":408868298,""priority"":""2"",""node"":""kwok-node-29""},{""name"":""rs-34-p2-h8qx4"",""cpu_m"":601,""mem_b"":408868298,""priority"":""2"",""node"":""kwok-node-28""},{""name"":""rs-35-p1-5dc6x"",""cpu_m"":368,""mem_b"":390007397,""priority"":""1"",""node"":""kwok-node-30""},{""name"":""rs-35-p1-9t6sl"",""cpu_m"":368,""mem_b"":390007397,""priority"":""1"",""node"":""kwok-node-11""},{""name"":""rs-35-p1-ks867"",""cpu_m"":368,""mem_b"":390007397,""priority"":""1"",""node"":""kwok-node-27""},{""name"":""rs-35-p1-n5lqb"",""cpu_m"":368,""mem_b"":390007397,""priority"":""1"",""node"":""kwok-node-13""},{""name"":""rs-36-p1-gj9gg"",""cpu_m"":265,""mem_b"":881683433,""priority"":""1"",""node"":""kwok-node-18""},{""name"":""rs-36-p1-hjgvf"",""cpu_m"":265,""mem_b"":881683433,""priority"":""1"",""node"":""kwok-node-22""},{""name"":""rs-36-p1-pjctb"",""cpu_m"":265,""mem_b"":881683433,""priority"":""1"",""node"":""""},{""name"":""rs-37-p1-8jfhs"",""cpu_m"":407,""mem_b"":329616423,""priority"":""1"",""node"":""kwok-node-12""},{""name"":""rs-37-p1-kgvpt"",""cpu_m"":407,""mem_b"":329616423,""priority"":""1"",""node"":""kwok-node-16""},{""name"":""rs-38-p2-7w8c9"",""cpu_m"":481,""mem_b"":386967002,""priority"":""2"",""node"":""kwok-node-19""},{""name"":""rs-38-p2-jb4cw"",""cpu_m"":481,""mem_b"":386967002,""priority"":""2"",""node"":""kwok-node-10""},{""name"":""rs-38-p2-jnsp9"",""cpu_m"":481,""mem_b"":386967002,""priority"":""2"",""node"":""kwok-node-9""},{""name"":""rs-39-p1-f5tff"",""cpu_m"":692,""mem_b"":865685098,""priority"":""1"",""node"":""""},{""name"":""rs-39-p1-swlwc"",""cpu_m"":692,""mem_b"":865685098,""priority"":""1"",""node"":""""},{""name"":""rs-39-p1-z99kj"",""cpu_m"":692,""mem_b"":865685098,""priority"":""1"",""node"":""""},{""name"":""rs-40-p2-9xwx8"",""cpu_m"":721,""mem_b"":276464072,""priority"":""2"",""node"":""""},{""name"":""rs-40-p2-c7br7"",""cpu_m"":721,""mem_b"":276464072,""priority"":""2"",""node"":""kwok-node-32""},{""name"":""rs-40-p2-hqqd6"",""cpu_m"":721,""mem_b"":276464072,""priority"":""2"",""node"":""""},{""name"":""rs-40-p2-nj2z6"",""cpu_m"":721,""mem_b"":276464072,""priority"":""2"",""node"":""kwok-node-6""},{""name"":""rs-41-p2-8hwxj"",""cpu_m"":220,""mem_b"":841988359,""priority"":""2"",""node"":""""},{""name"":""rs-41-p2-brttj"",""cpu_m"":220,""mem_b"":841988359,""priority"":""2"",""node"":""""},{""name"":""rs-41-p2-hq544"",""cpu_m"":220,""mem_b"":841988359,""priority"":""2"",""node"":""""},{""name"":""rs-41-p2-qttkj"",""cpu_m"":220,""mem_b"":841988359,""priority"":""2"",""node"":""""},{""name"":""rs-42-p2-245ms"",""cpu_m"":804,""mem_b"":802560504,""priority"":""2"",""node"":""""},{""name"":""rs-42-p2-88g6t"",""cpu_m"":804,""mem_b"":802560504,""priority"":""2"",""node"":""""},{""name"":""rs-42-p2-j6gng"",""cpu_m"":804,""mem_b"":802560504,""priority"":""2"",""node"":""""},{""name"":""rs-43-p3-7cjst"",""cpu_m"":213,""mem_b"":735598419,""priority"":""3"",""node"":""""},{""name"":""rs-43-p3-dssmd"",""cpu_m"":213,""mem_b"":735598419,""priority"":""3"",""node"":""""},{""name"":""rs-43-p3-kclmq"",""cpu_m"":213,""mem_b"":735598419,""priority"":""3"",""node"":""""},{""name"":""rs-43-p3-m8fp4"",""cpu_m"":213,""mem_b"":735598419,""priority"":""3"",""node"":""kwok-node-7""},{""name"":""rs-44-p1-nkrnd"",""cpu_m"":932,""mem_b"":921173458,""priority"":""1"",""node"":""""},{""name"":""rs-45-p4-hcfc9"",""cpu_m"":805,""mem_b"":232468943,""priority"":""4"",""node"":""""},{""name"":""rs-46-p4-vskn8"",""cpu_m"":767,""mem_b"":496857927,""priority"":""4"",""node"":""""},{""name"":""rs-47-p3-2cmnl"",""cpu_m"":103,""mem_b"":608061255,""priority"":""3"",""node"":""kwok-node-1""},{""name"":""rs-47-p3-fgk4d"",""cpu_m"":103,""mem_b"":608061255,""priority"":""3"",""node"":""kwok-node-31""},{""name"":""rs-47-p3-fq52b"",""cpu_m"":103,""mem_b"":608061255,""priority"":""3"",""node"":""kwok-node-17""},{""name"":""rs-47-p3-pllb4"",""cpu_m"":103,""mem_b"":608061255,""priority"":""3"",""node"":""kwok-node-2""}]","[{""name"":""rs-01-p2-67hcg"",""cpu_m"":446,""mem_b"":849498644,""priority"":""2"",""node"":""kwok-node-10""},{""name"":""rs-01-p2-9ntsn"",""cpu_m"":446,""mem_b"":849498644,""priority"":""2"",""node"":""kwok-node-12""},{""name"":""rs-01-p2-xjm76"",""cpu_m"":446,""mem_b"":849498644,""priority"":""2"",""node"":""kwok-node-16""},{""name"":""rs-02-p2-gjtss"",""cpu_m"":705,""mem_b"":278768455,""priority"":""2"",""node"":""kwok-node-19""},{""name"":""rs-02-p2-k27rf"",""cpu_m"":705,""mem_b"":278768455,""priority"":""2"",""node"":""kwok-node-18""},{""name"":""rs-02-p2-mpgr9"",""cpu_m"":705,""mem_b"":278768455,""priority"":""2"",""node"":""kwok-node-14""},{""name"":""rs-03-p4-qbvhd"",""cpu_m"":596,""mem_b"":181751528,""priority"":""4"",""node"":""kwok-node-15""},{""name"":""rs-03-p4-zf99n"",""cpu_m"":596,""mem_b"":181751528,""priority"":""4"",""node"":""kwok-node-13""},{""name"":""rs-03-p4-zgktb"",""cpu_m"":596,""mem_b"":181751528,""priority"":""4"",""node"":""kwok-node-11""},{""name"":""rs-04-p4-5q88f"",""cpu_m"":620,""mem_b"":281217359,""priority"":""4"",""node"":""kwok-node-1""},{""name"":""rs-04-p4-9khrq"",""cpu_m"":620,""mem_b"":281217359,""priority"":""4"",""node"":""kwok-node-10""},{""name"":""rs-04-p4-gqjzf"",""cpu_m"":620,""mem_b"":281217359,""priority"":""4"",""node"":""kwok-node-17""},{""name"":""rs-04-p4-rrp9d"",""cpu_m"":620,""mem_b"":281217359,""priority"":""4"",""node"":""kwok-node-2""},{""name"":""rs-05-p4-9xw8z"",""cpu_m"":918,""mem_b"":439871359,""priority"":""4"",""node"":""kwok-node-16""},{""name"":""rs-05-p4-h2ppg"",""cpu_m"":918,""mem_b"":439871359,""priority"":""4"",""node"":""kwok-node-12""},{""name"":""rs-06-p2-52667"",""cpu_m"":617,""mem_b"":716801714,""priority"":""2"",""node"":""kwok-node-20""},{""name"":""rs-06-p2-hbbzl"",""cpu_m"":617,""mem_b"":716801714,""priority"":""2"",""node"":""kwok-node-21""},{""name"":""rs-07-p1-4cxsn"",""cpu_m"":550,""mem_b"":390142050,""priority"":""1"",""node"":""kwok-node-24""},{""name"":""rs-07-p1-8sbsv"",""cpu_m"":550,""mem_b"":390142050,""priority"":""1"",""node"":""kwok-node-26""},{""name"":""rs-07-p1-jbxgt"",""cpu_m"":550,""mem_b"":390142050,""priority"":""1"",""node"":""kwok-node-22""},{""name"":""rs-07-p1-w7r8g"",""cpu_m"":550,""mem_b"":390142050,""priority"":""1"",""node"":""kwok-node-25""},{""name"":""rs-08-p1-5qlkz"",""cpu_m"":486,""mem_b"":172393914,""priority"":""1"",""node"":""kwok-node-24""},{""name"":""rs-08-p1-k4hz9"",""cpu_m"":486,""mem_b"":172393914,""priority"":""1"",""node"":""kwok-node-26""},{""name"":""rs-08-p1-vfflb"",""cpu_m"":486,""mem_b"":172393914,""priority"":""1"",""node"":""kwok-node-23""},{""name"":""rs-09-p2-2q2rk"",""cpu_m"":321,""mem_b"":567574505,""priority"":""2"",""node"":""kwok-node-27""},{""name"":""rs-09-p2-d2zj8"",""cpu_m"":321,""mem_b"":567574505,""priority"":""2"",""node"":""kwok-node-23""},{""name"":""rs-10-p3-4h6bt"",""cpu_m"":226,""mem_b"":988236673,""priority"":""3"",""node"":""kwok-node-28""},{""name"":""rs-10-p3-t4jbt"",""cpu_m"":226,""mem_b"":988236673,""priority"":""3"",""node"":""kwok-node-4""},{""name"":""rs-10-p3-zbnz2"",""cpu_m"":226,""mem_b"":988236673,""priority"":""3"",""node"":""kwok-node-30""},{""name"":""rs-11-p2-xhdhs"",""cpu_m"":286,""mem_b"":667647470,""priority"":""2"",""node"":""kwok-node-29""},{""name"":""rs-12-p1-lvq5r"",""cpu_m"":797,""mem_b"":646872458,""priority"":""1"",""node"":""kwok-node-5""},{""name"":""rs-12-p1-w8plg"",""cpu_m"":797,""mem_b"":646872458,""priority"":""1"",""node"":""kwok-node-31""},{""name"":""rs-13-p2-8tqxd"",""cpu_m"":854,""mem_b"":887490701,""priority"":""2"",""node"":""kwok-node-3""},{""name"":""rs-14-p4-mhcgg"",""cpu_m"":602,""mem_b"":145706603,""priority"":""4"",""node"":""kwok-node-7""},{""name"":""rs-14-p4-pp6ph"",""cpu_m"":602,""mem_b"":145706603,""priority"":""4"",""node"":""kwok-node-8""},{""name"":""rs-14-p4-zl88d"",""cpu_m"":602,""mem_b"":145706603,""priority"":""4"",""node"":""kwok-node-9""},{""name"":""rs-15-p1-8bsph"",""cpu_m"":401,""mem_b"":923951016,""priority"":""1"",""node"":""kwok-node-7""},{""name"":""rs-15-p1-95j4l"",""cpu_m"":401,""mem_b"":923951016,""priority"":""1"",""node"":""kwok-node-6""},{""name"":""rs-15-p1-mmbm5"",""cpu_m"":401,""mem_b"":923951016,""priority"":""1"",""node"":""kwok-node-32""},{""name"":""rs-16-p2-482xs"",""cpu_m"":895,""mem_b"":798132412,""priority"":""2"",""node"":""kwok-node-27""},{""name"":""rs-16-p2-9wp44"",""cpu_m"":895,""mem_b"":798132412,""priority"":""2"",""node"":""kwok-node-29""},{""name"":""rs-16-p2-l86wh"",""cpu_m"":895,""mem_b"":798132412,""priority"":""2"",""node"":""kwok-node-22""},{""name"":""rs-17-p3-gg2sc"",""cpu_m"":291,""mem_b"":360489792,""priority"":""3"",""node"":""kwok-node-25""},{""name"":""rs-18-p3-8g89t"",""cpu_m"":540,""mem_b"":753107117,""priority"":""3"",""node"":""kwok-node-15""},{""name"":""rs-19-p1-7bnkq"",""cpu_m"":458,""mem_b"":416642565,""priority"":""1"",""node"":""kwok-node-9""},{""name"":""rs-19-p1-npbj4"",""cpu_m"":458,""mem_b"":416642565,""priority"":""1"",""node"":""kwok-node-13""},{""name"":""rs-20-p3-dz6pb"",""cpu_m"":399,""mem_b"":379204333,""priority"":""3"",""node"":""kwok-node-11""},{""name"":""rs-20-p3-ghkjv"",""cpu_m"":399,""mem_b"":379204333,""priority"":""3"",""node"":""kwok-node-8""},{""name"":""rs-21-p2-5qrsn"",""cpu_m"":368,""mem_b"":889637209,""priority"":""2"",""node"":""kwok-node-2""},{""name"":""rs-21-p2-lhd7q"",""cpu_m"":368,""mem_b"":889637209,""priority"":""2"",""node"":""kwok-node-17""},{""name"":""rs-21-p2-q54xd"",""cpu_m"":368,""mem_b"":889637209,""priority"":""2"",""node"":""kwok-node-19""},{""name"":""rs-21-p2-sxbxj"",""cpu_m"":368,""mem_b"":889637209,""priority"":""2"",""node"":""kwok-node-1""},{""name"":""rs-22-p4-f9rpz"",""cpu_m"":164,""mem_b"":541313912,""priority"":""4"",""node"":""kwok-node-14""},{""name"":""rs-22-p4-gqhhp"",""cpu_m"":164,""mem_b"":541313912,""priority"":""4"",""node"":""kwok-node-18""},{""name"":""rs-22-p4-t6gl9"",""cpu_m"":164,""mem_b"":541313912,""priority"":""4"",""node"":""kwok-node-31""},{""name"":""rs-23-p3-fxt4k"",""cpu_m"":305,""mem_b"":708013711,""priority"":""3"",""node"":""kwok-node-5""},{""name"":""rs-23-p3-hcrcg"",""cpu_m"":305,""mem_b"":708013711,""priority"":""3"",""node"":""kwok-node-21""},{""name"":""rs-23-p3-pvjjf"",""cpu_m"":305,""mem_b"":708013711,""priority"":""3"",""node"":""kwok-node-20""},{""name"":""rs-23-p3-r6ngs"",""cpu_m"":305,""mem_b"":708013711,""priority"":""3"",""node"":""kwok-node-11""},{""name"":""rs-24-p1-dgbgc"",""cpu_m"":755,""mem_b"":763876401,""priority"":""1"",""node"":""kwok-node-6""},{""name"":""rs-24-p1-s45j2"",""cpu_m"":755,""mem_b"":763876401,""priority"":""1"",""node"":""kwok-node-32""},{""name"":""rs-25-p2-h27dn"",""cpu_m"":979,""mem_b"":272890526,""priority"":""2"",""node"":""kwok-node-23""},{""name"":""rs-25-p2-k6tzd"",""cpu_m"":979,""mem_b"":272890526,""priority"":""2"",""node"":""kwok-node-4""},{""name"":""rs-25-p2-l44cb"",""cpu_m"":979,""mem_b"":272890526,""priority"":""2"",""node"":""kwok-node-28""},{""name"":""rs-25-p2-t2x7g"",""cpu_m"":979,""mem_b"":272890526,""priority"":""2"",""node"":""kwok-node-30""},{""name"":""rs-26-p1-4xr49"",""cpu_m"":997,""mem_b"":989506152,""priority"":""1"",""node"":""kwok-node-3""},{""name"":""rs-26-p1-5b9z6"",""cpu_m"":997,""mem_b"":989506152,""priority"":""1"",""node"":""kwok-node-14""},{""name"":""rs-26-p1-t94v6"",""cpu_m"":997,""mem_b"":989506152,""priority"":""1"",""node"":""kwok-node-25""},{""name"":""rs-27-p2-ftd7z"",""cpu_m"":590,""mem_b"":241955075,""priority"":""2"",""node"":""kwok-node-21""},{""name"":""rs-27-p2-hxd8t"",""cpu_m"":590,""mem_b"":241955075,""priority"":""2"",""node"":""kwok-node-20""},{""name"":""rs-27-p2-nqb9k"",""cpu_m"":590,""mem_b"":241955075,""priority"":""2"",""node"":""kwok-node-18""},{""name"":""rs-28-p4-2wq4x"",""cpu_m"":133,""mem_b"":733717577,""priority"":""4"",""node"":""kwok-node-13""},{""name"":""rs-28-p4-9rvlh"",""cpu_m"":133,""mem_b"":733717577,""priority"":""4"",""node"":""kwok-node-8""},{""name"":""rs-28-p4-h2k9t"",""cpu_m"":133,""mem_b"":733717577,""priority"":""4"",""node"":""kwok-node-24""},{""name"":""rs-28-p4-x6nb4"",""cpu_m"":133,""mem_b"":733717577,""priority"":""4"",""node"":""kwok-node-26""},{""name"":""rs-29-p4-6pz9c"",""cpu_m"":337,""mem_b"":664936610,""priority"":""4"",""node"":""kwok-node-9""},{""name"":""rs-29-p4-pq6b8"",""cpu_m"":337,""mem_b"":664936610,""priority"":""4"",""node"":""kwok-node-15""},{""name"":""rs-30-p4-fkbzm"",""cpu_m"":434,""mem_b"":187013659,""priority"":""4"",""node"":""kwok-node-17""},{""name"":""rs-30-p4-g4xsf"",""cpu_m"":434,""mem_b"":187013659,""priority"":""4"",""node"":""kwok-node-2""},{""name"":""rs-30-p4-nnz9k"",""cpu_m"":434,""mem_b"":187013659,""priority"":""4"",""node"":""kwok-node-31""},{""name"":""rs-31-p1-bf9gs"",""cpu_m"":424,""mem_b"":191420013,""priority"":""1"",""node"":""kwok-node-7""},{""name"":""rs-31-p1-twdh5"",""cpu_m"":424,""mem_b"":191420013,""priority"":""1"",""node"":""kwok-node-1""},{""name"":""rs-32-p2-5lf59"",""cpu_m"":259,""mem_b"":509616148,""priority"":""2"",""node"":""kwok-node-19""},{""name"":""rs-32-p2-j9zhw"",""cpu_m"":259,""mem_b"":509616148,""priority"":""2"",""node"":""kwok-node-4""},{""name"":""rs-32-p2-srbds"",""cpu_m"":259,""mem_b"":509616148,""priority"":""2"",""node"":""kwok-node-10""},{""name"":""rs-33-p3-8l84x"",""cpu_m"":383,""mem_b"":256009725,""priority"":""3"",""node"":""kwok-node-8""},{""name"":""rs-33-p3-hsxq2"",""cpu_m"":383,""mem_b"":256009725,""priority"":""3"",""node"":""kwok-node-24""},{""name"":""rs-33-p3-mn6w2"",""cpu_m"":383,""mem_b"":256009725,""priority"":""3"",""node"":""kwok-node-26""},{""name"":""rs-33-p3-wwgfs"",""cpu_m"":383,""mem_b"":256009725,""priority"":""3"",""node"":""kwok-node-5""},{""name"":""rs-34-p2-2c267"",""cpu_m"":601,""mem_b"":408868298,""priority"":""2"",""node"":""kwok-node-29""},{""name"":""rs-34-p2-h8qx4"",""cpu_m"":601,""mem_b"":408868298,""priority"":""2"",""node"":""kwok-node-28""},{""name"":""rs-35-p1-5dc6x"",""cpu_m"":368,""mem_b"":390007397,""priority"":""1"",""node"":""kwok-node-30""},{""name"":""rs-35-p1-9t6sl"",""cpu_m"":368,""mem_b"":390007397,""priority"":""1"",""node"":""kwok-node-11""},{""name"":""rs-35-p1-ks867"",""cpu_m"":368,""mem_b"":390007397,""priority"":""1"",""node"":""kwok-node-27""},{""name"":""rs-35-p1-n5lqb"",""cpu_m"":368,""mem_b"":390007397,""priority"":""1"",""node"":""kwok-node-13""},{""name"":""rs-36-p1-gj9gg"",""cpu_m"":265,""mem_b"":881683433,""priority"":""1"",""node"":""kwok-node-18""},{""name"":""rs-36-p1-hjgvf"",""cpu_m"":265,""mem_b"":881683433,""priority"":""1"",""node"":""kwok-node-22""},{""name"":""rs-36-p1-pjctb"",""cpu_m"":265,""mem_b"":881683433,""priority"":""1"",""node"":""""},{""name"":""rs-37-p1-8jfhs"",""cpu_m"":407,""mem_b"":329616423,""priority"":""1"",""node"":""kwok-node-12""},{""name"":""rs-37-p1-kgvpt"",""cpu_m"":407,""mem_b"":329616423,""priority"":""1"",""node"":""kwok-node-16""},{""name"":""rs-38-p2-7w8c9"",""cpu_m"":481,""mem_b"":386967002,""priority"":""2"",""node"":""kwok-node-19""},{""name"":""rs-38-p2-jb4cw"",""cpu_m"":481,""mem_b"":386967002,""priority"":""2"",""node"":""kwok-node-10""},{""name"":""rs-38-p2-jnsp9"",""cpu_m"":481,""mem_b"":386967002,""priority"":""2"",""node"":""kwok-node-9""},{""name"":""rs-39-p1-f5tff"",""cpu_m"":692,""mem_b"":865685098,""priority"":""1"",""node"":""""},{""name"":""rs-39-p1-swlwc"",""cpu_m"":692,""mem_b"":865685098,""priority"":""1"",""node"":""""},{""name"":""rs-39-p1-z99kj"",""cpu_m"":692,""mem_b"":865685098,""priority"":""1"",""node"":""""},{""name"":""rs-40-p2-9xwx8"",""cpu_m"":721,""mem_b"":276464072,""priority"":""2"",""node"":""""},{""name"":""rs-40-p2-c7br7"",""cpu_m"":721,""mem_b"":276464072,""priority"":""2"",""node"":""kwok-node-32""},{""name"":""rs-40-p2-hqqd6"",""cpu_m"":721,""mem_b"":276464072,""priority"":""2"",""node"":""""},{""name"":""rs-40-p2-nj2z6"",""cpu_m"":721,""mem_b"":276464072,""priority"":""2"",""node"":""kwok-node-6""},{""name"":""rs-41-p2-8hwxj"",""cpu_m"":220,""mem_b"":841988359,""priority"":""2"",""node"":""""},{""name"":""rs-41-p2-brttj"",""cpu_m"":220,""mem_b"":841988359,""priority"":""2"",""node"":""""},{""name"":""rs-41-p2-hq544"",""cpu_m"":220,""mem_b"":841988359,""priority"":""2"",""node"":""""},{""name"":""rs-41-p2-qttkj"",""cpu_m"":220,""mem_b"":841988359,""priority"":""2"",""node"":""""},{""name"":""rs-42-p2-245ms"",""cpu_m"":804,""mem_b"":802560504,""priority"":""2"",""node"":""""},{""name"":""rs-42-p2-88g6t"",""cpu_m"":804,""mem_b"":802560504,""priority"":""2"",""node"":""""},{""name"":""rs-42-p2-j6gng"",""cpu_m"":804,""mem_b"":802560504,""priority"":""2"",""node"":""""},{""name"":""rs-43-p3-7cjst"",""cpu_m"":213,""mem_b"":735598419,""priority"":""3"",""node"":""""},{""name"":""rs-43-p3-dssmd"",""cpu_m"":213,""mem_b"":735598419,""priority"":""3"",""node"":""""},{""name"":""rs-43-p3-kclmq"",""cpu_m"":213,""mem_b"":735598419,""priority"":""3"",""node"":""""},{""name"":""rs-43-p3-m8fp4"",""cpu_m"":213,""mem_b"":735598419,""priority"":""3"",""node"":""kwok-node-7""},{""name"":""rs-44-p1-nkrnd"",""cpu_m"":932,""mem_b"":921173458,""priority"":""1"",""node"":""""},{""name"":""rs-45-p4-hcfc9"",""cpu_m"":805,""mem_b"":232468943,""priority"":""4"",""node"":""""},{""name"":""rs-46-p4-vskn8"",""cpu_m"":767,""mem_b"":496857927,""priority"":""4"",""node"":""""},{""name"":""rs-47-p3-2cmnl"",""cpu_m"":103,""mem_b"":608061255,""priority"":""3"",""node"":""kwok-node-1""},{""name"":""rs-47-p3-fgk4d"",""cpu_m"":103,""mem_b"":608061255,""priority"":""3"",""node"":""kwok-node-31""},{""name"":""rs-47-p3-fq52b"",""cpu_m"":103,""mem_b"":608061255,""priority"":""3"",""node"":""kwok-node-17""},{""name"":""rs-47-p3-pllb4"",""cpu_m"":103,""mem_b"":608061255,""priority"":""3"",""node"":""kwok-node-2""}]","[{""name"":""kwok-node-1"",""cap_cpu_m"":1891,""cap_mem_bytes"":2087494527},{""name"":""kwok-node-2"",""cap_cpu_m"":1891,""cap_mem_bytes"":2087494527},{""name"":""kwok-node-3"",""cap_cpu_m"":1891,""cap_mem_bytes"":2087494527},{""name"":""kwok-node-4"",""cap_cpu_m"":1891,""cap_mem_bytes"":2087494527},{""name"":""kwok-node-5"",""cap_cpu_m"":1891,""cap_mem_bytes"":2087494527},{""name"":""kwok-node-6"",""cap_cpu_m"":1891,""cap_mem_bytes"":2087494527},{""name"":""kwok-node-7"",""cap_cpu_m"":1891,""cap_mem_bytes"":2087494527},{""name"":""kwok-node-8"",""cap_cpu_m"":1891,""cap_mem_bytes"":2087494527},{""name"":""kwok-node-9"",""cap_cpu_m"":1891,""cap_mem_bytes"":2087494527},{""name"":""kwok-node-10"",""cap_cpu_m"":1891,""cap_mem_bytes"":2087494527},{""name"":""kwok-node-11"",""cap_cpu_m"":1891,""cap_mem_bytes"":2087494527},{""name"":""kwok-node-12"",""cap_cpu_m"":1891,""cap_mem_bytes"":2087494527},{""name"":""kwok-node-13"",""cap_cpu_m"":1891,""cap_mem_bytes"":2087494527},{""name"":""kwok-node-14"",""cap_cpu_m"":1891,""cap_mem_bytes"":2087494527},{""name"":""kwok-node-15"",""cap_cpu_m"":1891,""cap_mem_bytes"":2087494527},{""name"":""kwok-node-16"",""cap_cpu_m"":1891,""cap_mem_bytes"":2087494527},{""name"":""kwok-node-17"",""cap_cpu_m"":1891,""cap_mem_bytes"":2087494527},{""name"":""kwok-node-18"",""cap_cpu_m"":1891,""cap_mem_bytes"":2087494527},{""name"":""kwok-node-19"",""cap_cpu_m"":1891,""cap_mem_bytes"":2087494527},{""name"":""kwok-node-20"",""cap_cpu_m"":1891,""cap_mem_bytes"":2087494527},{""name"":""kwok-node-21"",""cap_cpu_m"":1891,""cap_mem_bytes"":2087494527},{""name"":""kwok-node-22"",""cap_cpu_m"":1891,""cap_mem_bytes"":2087494527},{""name"":""kwok-node-23"",""cap_cpu_m"":1891,""cap_mem_bytes"":2087494527},{""name"":""kwok-node-24"",""cap_cpu_m"":1891,""cap_mem_bytes"":2087494527},{""name"":""kwok-node-25"",""cap_cpu_m"":1891,""cap_mem_bytes"":2087494527},{""name"":""kwok-node-26"",""cap_cpu_m"":1891,""cap_mem_bytes"":2087494527},{""name"":""kwok-node-27"",""cap_cpu_m"":1891,""cap_mem_bytes"":2087494527},{""name"":""kwok-node-28"",""cap_cpu_m"":1891,""cap_mem_bytes"":2087494527},{""name"":""kwok-node-29"",""cap_cpu_m"":1891,""cap_mem_bytes"":2087494527},{""name"":""kwok-node-30"",""cap_cpu_m"":1891,""cap_mem_bytes"":2087494527},{""name"":""kwok-node-31"",""cap_cpu_m"":1891,""cap_mem_bytes"":2087494527},{""name"":""kwok-node-32"",""cap_cpu_m"":1891,""cap_mem_bytes"":2087494527}]"
2026/02/11/12:27:39,1120181360350854083,,"{""evicted"":0,""moved"":0,""placed_by_priority"":{""1"":15,""2"":31,""3"":33,""4"":26}}",python,"{""evicted"":13,""moved"":20,""placed_by_priority"":{""1"":4,""2"":34,""3"":42,""4"":32}}",985,FEASIBLE,"[{""duration_ms"":985,""name"":""python"",""score"":{""evicted"":13,""moved"":20,""placed_by_priority"":{""1"":4,""2"":34,""3"":42,""4"":32}},""status"":""FEASIBLE""}]",0.911,0.846,0.889,0.785,64773,60190,60269101188,53218728936,110,105,18,23,"{""kwok-node-1"":4,""kwok-node-10"":3,""kwok-node-11"":3,""kwok-node-12"":5,""kwok-node-13"":3,""kwok-node-14"":2,""kwok-node-15"":3,""kwok-node-16"":4,""kwok-node-17"":4,""kwok-node-18"":3,""kwok-node-19"":3,""kwok-node-2"":3,""kwok-node-20"":3,""kwok-node-21"":3,""kwok-node-22"":3,""kwok-node-23"":4,""kwok-node-24"":3,""kwok-node-25"":4,""kwok-node-26"":4,""kwok-node-27"":3,""kwok-node-28"":3,""kwok-node-29"":4,""kwok-node-3"":4,""kwok-node-30"":4,""kwok-node-31"":4,""kwok-node-32"":3,""kwok-node-4"":4,""kwok-node-5"":4,""kwok-node-6"":3,""kwok-node-7"":4,""kwok-node-8"":3,""kwok-node-9"":3}","{""kwok-node-1"":4,""kwok-node-10"":3,""kwok-node-11"":3,""kwok-node-12"":5,""kwok-node-13"":3,""kwok-node-14"":3,""kwok-node-15"":3,""kwok-node-16"":3,""kwok-node-17"":3,""kwok-node-18"":3,""kwok-node-19"":3,""kwok-node-2"":3,""kwok-node-20"":3,""kwok-node-21"":3,""kwok-node-22"":3,""kwok-node-23"":3,""kwok-node-24"":3,""kwok-node-25"":4,""kwok-node-26"":4,""kwok-node-27"":3,""kwok-node-28"":3,""kwok-node-29"":3,""kwok-node-3"":3,""kwok-node-30"":4,""kwok-node-31"":4,""kwok-node-32"":3,""kwok-node-4"":4,""kwok-node-5"":4,""kwok-node-6"":3,""kwok-node-7"":3,""kwok-node-8"":3,""kwok-node-9"":3}","{""p1"":4,""p2"":32,""p3"":42,""p4"":32}","{""p1"":15,""p2"":31,""p3"":33,""p4"":26}","{""p1"":11,""p2"":7}","{""p2"":8,""p3"":9,""p4"":6}","{rs-02-p1-lvmx4,rs-02-p1-v9vvh,rs-09-p1-x66pj,rs-13-p1-8r4hx,rs-13-p1-rz6zj,rs-13-p1-vstlt,rs-13-p1-zzpw9,rs-15-p2-d67hh,rs-16-p2-6rdx2,rs-34-p1-fvtgz,rs-35-p2-6b582,rs-35-p2-t87mj,rs-35-p2-vxb8h,rs-38-p1-2jnvz,rs-38-p1-456gx,rs-38-p1-xhpfw,rs-39-p2-5xwqp,rs-41-p2-x5mrr}","{rs-37-p4-5czsh,rs-37-p4-d25rn,rs-39-p2-5xwqp,rs-39-p2-w424d,rs-41-p2-98gc5,rs-41-p2-x5mrr,rs-42-p3-hz2kc,rs-42-p3-jzd5v,rs-42-p3-p79q8,rs-42-p3-pprrp,rs-43-p3-jmxzq,rs-44-p2-8m5wx,rs-44-p2-pj7cf,rs-45-p4-b4bjb,rs-45-p4-nfsvd,rs-45-p4-prwfd,rs-46-p3-4lkfk,rs-46-p3-b5nb6,rs-46-p3-ncdtx,rs-48-p4-p9qz2,rs-50-p2-96q9p,rs-50-p2-t44b4,rs-51-p3-j4942}","{rs-01-p2-hrt6g,rs-01-p2-klv2p,rs-01-p2-qpkg6,rs-03-p1-fjcg9,rs-03-p1-twljx,rs-04-p3-2pqnv,rs-04-p3-4tptd,rs-04-p3-ntt9j,rs-05-p2-6b9hv,rs-05-p2-6t7vs,rs-05-p2-dqgl2,rs-05-p2-xqr2h,rs-06-p2-h4qgs,rs-07-p3-72g2l,rs-07-p3-h2zx4,rs-07-p3-tqq5h,rs-08-p3-qsfbn,rs-08-p3-sc47r,rs-08-p3-ts5z9,rs-08-p3-twl8h,rs-10-p4-cwbsz,rs-11-p4-hrs6r,rs-11-p4-nkvjv,rs-12-p3-x2t66,rs-14-p4-jntkx,rs-14-p4-r6265,rs-14-p4-tg7th,rs-15-p2-jqbww,rs-16-p2-7hp5b,rs-16-p2-g46hz,rs-16-p2-tmcdq,rs-17-p2-vl64d,rs-18-p2-5ql4c,rs-18-p2-dwk4j,rs-18-p2-jx9sm,rs-18-p2-qc4l7,rs-19-p3-8t8xp,rs-19-p3-kzxbx,rs-19-p3-q6ckx,rs-19-p3-xms98,rs-20-p3-8tsl2,rs-20-p3-cv4w8,rs-20-p3-nr6q6,rs-20-p3-rstpb,rs-21-p4-h6tdw,rs-21-p4-k2rkk,rs-21-p4-tdds8,rs-22-p1-kndw2,rs-22-p1-rktm8,rs-23-p2-5zmgx,rs-23-p2-92sgt,rs-24-p2-rhrrp,rs-25-p4-6dx6d,rs-25-p4-lfhww,rs-25-p4-tp9j4,rs-26-p3-8clp4,rs-26-p3-g4xzr,rs-27-p2-5mt4d,rs-27-p2-9br75,rs-27-p2-fzdql,rs-27-p2-m6mnd,rs-28-p4-fdbzm,rs-28-p4-g6rcr,rs-28-p4-ww96n,rs-29-p4-5sgbl,rs-30-p4-7krfd,rs-30-p4-fhrbm,rs-30-p4-k59zg,rs-31-p3-spp9f,rs-31-p3-wgbgr,rs-32-p3-45v45,rs-32-p3-5xv8s,rs-32-p3-sp4n8,rs-32-p3-wbgk9,rs-33-p3-dfwwq,rs-33-p3-hdjxg,rs-35-p2-8gg8l,rs-36-p4-4dd85,rs-36-p4-c7m7q,rs-36-p4-nddhs,rs-36-p4-sr5sn,rs-37-p4-4hnmc,rs-37-p4-5czsh,rs-37-p4-bhp2l,rs-37-p4-d25rn,rs-39-p2-w424d,rs-40-p4-qmg2r,rs-41-p2-98gc5,rs-42-p3-hz2kc,rs-42-p3-jzd5v,rs-42-p3-p79q8,rs-42-p3-pprrp,rs-43-p3-jmxzq,rs-44-p2-8m5wx,rs-44-p2-kc5jx,rs-44-p2-pj7cf,rs-45-p4-b4bjb,rs-45-p4-nfsvd,rs-45-p4-prwfd,rs-46-p3-4lkfk,rs-46-p3-b5nb6,rs-46-p3-ncdtx,rs-47-p3-d57p6,rs-48-p4-p9qz2,rs-49-p3-cbc7t,rs-49-p3-f9gzj,rs-49-p3-shvg2,rs-50-p2-96q9p,rs-50-p2-t44b4,rs-51-p3-j4942}","{rs-01-p2-klv2p,rs-01-p2-qpkg6,rs-01-p2-xkgpc,rs-02-p1-r4dbd,rs-02-p1-v6st4,rs-03-p1-fjcg9,rs-03-p1-n7p8s,rs-04-p3-2pqnv,rs-04-p3-4tptd,rs-04-p3-ntt9j,rs-05-p2-6kpk7,rs-05-p2-fmxnp,rs-05-p2-w9b6c,rs-05-p2-xbhdl,rs-06-p2-h4qgs,rs-07-p3-72g2l,rs-07-p3-h2zx4,rs-07-p3-tqq5h,rs-08-p3-qsfbn,rs-08-p3-sc47r,rs-08-p3-ts5z9,rs-08-p3-twl8h,rs-09-p1-4z46c,rs-10-p4-cwbsz,rs-11-p4-hrs6r,rs-11-p4-nkvjv,rs-12-p3-x2t66,rs-13-p1-2fz6r,rs-13-p1-5hswj,rs-13-p1-wd4fn,rs-13-p1-z6ggr,rs-14-p4-jntkx,rs-14-p4-r6265,rs-14-p4-tg7th,rs-15-p2-jqbww,rs-15-p2-kbchg,rs-16-p2-2whxw,rs-16-p2-p69ms,rs-16-p2-vhjvn,rs-16-p2-vppmh,rs-17-p2-f8t6z,rs-18-p2-5ql4c,rs-18-p2-dwk4j,rs-18-p2-jx9sm,rs-18-p2-qc4l7,rs-19-p3-8t8xp,rs-19-p3-kzxbx,rs-19-p3-q6ckx,rs-19-p3-xms98,rs-20-p3-8tsl2,rs-20-p3-cv4w8,rs-20-p3-nr6q6,rs-20-p3-rstpb,rs-21-p4-h6tdw,rs-21-p4-k2rkk,rs-21-p4-tdds8,rs-22-p1-kndw2,rs-22-p1-zd4nj,rs-23-p2-qz785,rs-23-p2-wtp7f,rs-24-p2-6hfrm,rs-25-p4-6dx6d,rs-25-p4-lfhww,rs-25-p4-tp9j4,rs-26-p3-8clp4,rs-26-p3-g4xzr,rs-27-p2-5mt4d,rs-27-p2-brmgs,rs-27-p2-fzdql,rs-27-p2-m6mnd,rs-28-p4-fdbzm,rs-28-p4-g6rcr,rs-28-p4-ww96n,rs-29-p4-5sgbl,rs-30-p4-7krfd,rs-30-p4-fhrbm,rs-30-p4-k59zg,rs-31-p3-spp9f,rs-31-p3-wgbgr,rs-32-p3-45v45,rs-32-p3-5xv8s,rs-32-p3-sp4n8,rs-32-p3-wbgk9,rs-33-p3-dfwwq,rs-33-p3-hdjxg,rs-34-p1-hqwk5,rs-35-p2-cbpmr,rs-35-p2-gwwrt,rs-35-p2-l69dh,rs-35-p2-nzsw9,rs-36-p4-4dd85,rs-36-p4-c7m7q,rs-36-p4-nddhs,rs-36-p4-sr5sn,rs-37-p4-4hnmc,rs-37-p4-bhp2l,rs-38-p1-8zcsm,rs-38-p1-chqcc,rs-38-p1-t9fps,rs-40-p4-qmg2r,rs-44-p2-j6zh6,rs-47-p3-d57p6,rs-49-p3-cbc7t,rs-49-p3-f9gzj,rs-49-p3-shvg2}","[{""name"":""rs-01-p2-hrt6g"",""cpu_m"":852,""mem_b"":245942401,""priority"":""2"",""node"":""kwok-node-12""},{""name"":""rs-01-p2-klv2p"",""cpu_m"":852,""mem_b"":245942401,""priority"":""2"",""node"":""kwok-node-18""},{""name"":""rs-01-p2-qpkg6"",""cpu_m"":852,""mem_b"":245942401,""priority"":""2"",""node"":""kwok-node-16""},{""name"":""rs-02-p1-lvmx4"",""cpu_m"":277,""mem_b"":627060372,""priority"":""1"",""node"":""""},{""name"":""rs-02-p1-v9vvh"",""cpu_m"":277,""mem_b"":627060372,""priority"":""1"",""node"":""""},{""name"":""rs-03-p1-fjcg9"",""cpu_m"":445,""mem_b"":416269672,""priority"":""1"",""node"":""kwok-node-12""},{""name"":""rs-03-p1-twljx"",""cpu_m"":445,""mem_b"":416269672,""priority"":""1"",""node"":""kwok-node-17""},{""name"":""rs-04-p3-2pqnv"",""cpu_m"":944,""mem_b"":213522370,""priority"":""3"",""node"":""kwok-node-19""},{""name"":""rs-04-p3-4tptd"",""cpu_m"":944,""mem_b"":213522370,""priority"":""3"",""node"":""kwok-node-13""},{""name"":""rs-04-p3-ntt9j"",""cpu_m"":944,""mem_b"":213522370,""priority"":""3"",""node"":""kwok-node-10""},{""name"":""rs-05-p2-6b9hv"",""cpu_m"":457,""mem_b"":380184299,""priority"":""2"",""node"":""kwok-node-7""},{""name"":""rs-05-p2-6t7vs"",""cpu_m"":457,""mem_b"":380184299,""priority"":""2"",""node"":""kwok-node-16""},{""name"":""rs-05-p2-dqgl2"",""cpu_m"":457,""mem_b"":380184299,""priority"":""2"",""node"":""kwok-node-30""},{""name"":""rs-05-p2-xqr2h"",""cpu_m"":457,""mem_b"":380184299,""priority"":""2"",""node"":""kwok-node-29""},{""name"":""rs-06-p2-h4qgs"",""cpu_m"":558,""mem_b"":992530631,""priority"":""2"",""node"":""kwok-node-18""},{""name"":""rs-07-p3-72g2l"",""cpu_m"":418,""mem_b"":682348640,""priority"":""3"",""node"":""kwok-node-2""},{""name"":""rs-07-p3-h2zx4"",""cpu_m"":418,""mem_b"":682348640,""priority"":""3"",""node"":""kwok-node-20""},{""name"":""rs-07-p3-tqq5h"",""cpu_m"":418,""mem_b"":682348640,""priority"":""3"",""node"":""kwok-node-11""},{""name"":""rs-08-p3-qsfbn"",""cpu_m"":179,""mem_b"":736572871,""priority"":""3"",""node"":""kwok-node-23""},{""name"":""rs-08-p3-sc47r"",""cpu_m"":179,""mem_b"":736572871,""priority"":""3"",""node"":""kwok-node-25""},{""name"":""rs-08-p3-ts5z9"",""cpu_m"":179,""mem_b"":736572871,""priority"":""3"",""node"":""kwok-node-21""},{""name"":""rs-08-p3-twl8h"",""cpu_m"":179,""mem_b"":736572871,""priority"":""3"",""node"":""kwok-node-24""},{""name"":""rs-09-p1-x66pj"",""cpu_m"":675,""mem_b"":510608310,""priority"":""1"",""node"":""""},{""name"":""rs-10-p4-cwbsz"",""cpu_m"":363,""mem_b"":265660749,""priority"":""4"",""node"":""kwok-node-22""},{""name"":""rs-11-p4-hrs6r"",""cpu_m"":507,""mem_b"":694203177,""priority"":""4"",""node"":""kwok-node-28""},{""name"":""rs-11-p4-nkvjv"",""cpu_m"":507,""mem_b"":694203177,""priority"":""4"",""node"":""kwok-node-26""},{""name"":""rs-12-p3-x2t66"",""cpu_m"":415,""mem_b"":345077705,""priority"":""3"",""node"":""kwok-node-3""},{""name"":""rs-13-p1-8r4hx"",""cpu_m"":585,""mem_b"":593150367,""priority"":""1"",""node"":""""},{""name"":""rs-13-p1-rz6zj"",""cpu_m"":585,""mem_b"":593150367,""priority"":""1"",""node"":""""},{""name"":""rs-13-p1-vstlt"",""cpu_m"":585,""mem_b"":593150367,""priority"":""1"",""node"":""""},{""name"":""rs-13-p1-zzpw9"",""cpu_m"":585,""mem_b"":593150367,""priority"":""1"",""node"":""""},{""name"":""rs-14-p4-jntkx"",""cpu_m"":494,""mem_b"":136816093,""priority"":""4"",""node"":""kwok-node-4""},{""name"":""rs-14-p4-r6265"",""cpu_m"":494,""mem_b"":136816093,""priority"":""4"",""node"":""kwok-node-6""},{""name"":""rs-14-p4-tg7th"",""cpu_m"":494,""mem_b"":136816093,""priority"":""4"",""node"":""kwok-node-5""},{""name"":""rs-15-p2-d67hh"",""cpu_m"":159,""mem_b"":949634751,""priority"":""2"",""node"":""""},{""name"":""rs-15-p2-jqbww"",""cpu_m"":159,""mem_b"":949634751,""priority"":""2"",""node"":""kwok-node-5""},{""name"":""rs-16-p2-6rdx2"",""cpu_m"":720,""mem_b"":645867181,""priority"":""2"",""node"":""""},{""name"":""rs-16-p2-7hp5b"",""cpu_m"":720,""mem_b"":645867181,""priority"":""2"",""node"":""kwok-node-13""},{""name"":""rs-16-p2-g46hz"",""cpu_m"":720,""mem_b"":645867181,""priority"":""2"",""node"":""kwok-node-11""},{""name"":""rs-16-p2-tmcdq"",""cpu_m"":720,""mem_b"":645867181,""priority"":""2"",""node"":""kwok-node-3""},{""name"":""rs-17-p2-vl64d"",""cpu_m"":970,""mem_b"":244927203,""priority"":""2"",""node"":""kwok-node-20""},{""name"":""rs-18-p2-5ql4c"",""cpu_m"":999,""mem_b"":777804539,""priority"":""2"",""node"":""kwok-node-6""},{""name"":""rs-18-p2-dwk4j"",""cpu_m"":999,""mem_b"":777804539,""priority"":""2"",""node"":""kwok-node-14""},{""name"":""rs-18-p2-jx9sm"",""cpu_m"":999,""mem_b"":777804539,""priority"":""2"",""node"":""kwok-node-8""},{""name"":""rs-18-p2-qc4l7"",""cpu_m"":999,""mem_b"":777804539,""priority"":""2"",""node"":""kwok-node-15""},{""name"":""rs-19-p3-8t8xp"",""cpu_m"":574,""mem_b"":808256023,""priority"":""3"",""node"":""kwok-node-27""},{""name"":""rs-19-p3-kzxbx"",""cpu_m"":574,""mem_b"":808256023,""priority"":""3"",""node"":""kwok-node-29""},{""name"":""rs-19-p3-q6ckx"",""cpu_m"":574,""mem_b"":808256023,""priority"":""3"",""node"":""kwok-node-16""},{""name"":""rs-19-p3-xms98"",""cpu_m"":574,""mem_b"":808256023,""priority"":""3"",""node"":""kwok-node-17""},{""name"":""rs-20-p3-8tsl2"",""cpu_m"":407,""mem_b"":729994945,""priority"":""3"",""node"":""kwok-node-13""},{""name"":""rs-20-p3-cv4w8"",""cpu_m"":407,""mem_b"":729994945,""priority"":""3"",""node"":""kwok-node-9""},{""name"":""rs-20-p3-nr6q6"",""cpu_m"":407,""mem_b"":729994945,""priority"":""3"",""node"":""kwok-node-19""},{""name"":""rs-20-p3-rstpb"",""cpu_m"":407,""mem_b"":729994945,""priority"":""3"",""node"":""kwok-node-10""},{""name"":""rs-21-p4-h6tdw"",""cpu_m"":964,""mem_b"":383290030,""priority"":""4"",""node"":""kwok-node-21""},{""name"":""rs-21-p4-k2rkk"",""cpu_m"":964,""mem_b"":383290030,""priority"":""4"",""node"":""kwok-node-23""},{""name"":""rs-21-p4-tdds8"",""cpu_m"":964,""mem_b"":383290030,""priority"":""4"",""node"":""kwok-node-24""},{""name"":""rs-22-p1-kndw2"",""cpu_m"":113,""mem_b"":467368657,""priority"":""1"",""node"":""kwok-node-31""},{""name"":""rs-22-p1-rktm8"",""cpu_m"":113,""mem_b"":467368657,""priority"":""1"",""node"":""kwok-node-23""},{""name"":""rs-23-p2-5zmgx"",""cpu_m"":243,""mem_b"":789391953,""priority"":""2"",""node"":""kwok-node-1""},{""name"":""rs-23-p2-92sgt"",""cpu_m"":243,""mem_b"":789391953,""priority"":""2"",""node"":""kwok-node-3""},{""name"":""rs-24-p2-rhrrp"",""cpu_m"":424,""mem_b"":515283288,""priority"":""2"",""node"":""kwok-node-29""},{""name"":""rs-25-p4-6dx6d"",""cpu_m"":259,""mem_b"":177356889,""priority"":""4"",""node"":""kwok-node-25""},{""name"":""rs-25-p4-lfhww"",""cpu_m"":259,""mem_b"":177356889,""priority"":""4"",""node"":""kwok-node-12""},{""name"":""rs-25-p4-tp9j4"",""cpu_m"":259,""mem_b"":177356889,""priority"":""4"",""node"":""kwok-node-26""},{""name"":""rs-26-p3-8clp4"",""cpu_m"":695,""mem_b"":234035343,""priority"":""3"",""node"":""kwok-node-4""},{""name"":""rs-26-p3-g4xzr"",""cpu_m"":695,""mem_b"":234035343,""priority"":""3"",""node"":""kwok-node-25""},{""name"":""rs-27-p2-5mt4d"",""cpu_m"":610,""mem_b"":345605708,""priority"":""2"",""node"":""kwok-node-31""},{""name"":""rs-27-p2-9br75"",""cpu_m"":610,""mem_b"":345605708,""priority"":""2"",""node"":""kwok-node-29""},{""name"":""rs-27-p2-fzdql"",""cpu_m"":610,""mem_b"":345605708,""priority"":""2"",""node"":""kwok-node-26""},{""name"":""rs-27-p2-m6mnd"",""cpu_m"":610,""mem_b"":345605708,""priority"":""2"",""node"":""kwok-node-30""},{""name"":""rs-28-p4-fdbzm"",""cpu_m"":812,""mem_b"":558014946,""priority"":""4"",""node"":""kwok-node-11""},{""name"":""rs-28-p4-g6rcr"",""cpu_m"":812,""mem_b"":558014946,""priority"":""4"",""node"":""kwok-node-2""},{""name"":""rs-28-p4-ww96n"",""cpu_m"":812,""mem_b"":558014946,""priority"":""4"",""node"":""kwok-node-5""},{""name"":""rs-29-p4-5sgbl"",""cpu_m"":494,""mem_b"":587352707,""priority"":""4"",""node"":""kwok-node-8""},{""name"":""rs-30-p4-7krfd"",""cpu_m"":854,""mem_b"":153090814,""priority"":""4"",""node"":""kwok-node-7""},{""name"":""rs-30-p4-fhrbm"",""cpu_m"":854,""mem_b"":153090814,""priority"":""4"",""node"":""kwok-node-32""},{""name"":""rs-30-p4-k59zg"",""cpu_m"":854,""mem_b"":153090814,""priority"":""4"",""node"":""kwok-node-28""},{""name"":""rs-31-p3-spp9f"",""cpu_m"":913,""mem_b"":619395793,""priority"":""3"",""node"":""kwok-node-22""},{""name"":""rs-31-p3-wgbgr"",""cpu_m"":913,""mem_b"":619395793,""priority"":""3"",""node"":""kwok-node-25""},{""name"":""rs-32-p3-45v45"",""cpu_m"":837,""mem_b"":311359823,""priority"":""3"",""node"":""kwok-node-3""},{""name"":""rs-32-p3-5xv8s"",""cpu_m"":837,""mem_b"":311359823,""priority"":""3"",""node"":""kwok-node-24""},{""name"":""rs-32-p3-sp4n8"",""cpu_m"":837,""mem_b"":311359823,""priority"":""3"",""node"":""kwok-node-21""},{""name"":""rs-32-p3-wbgk9"",""cpu_m"":837,""mem_b"":311359823,""priority"":""3"",""node"":""kwok-node-23""},{""name"":""rs-33-p3-dfwwq"",""cpu_m"":179,""mem_b"":220764289,""priority"":""3"",""node"":""kwok-node-12""},{""name"":""rs-33-p3-hdjxg"",""cpu_m"":179,""mem_b"":220764289,""priority"":""3"",""node"":""kwok-node-1""},{""name"":""rs-34-p1-fvtgz"",""cpu_m"":202,""mem_b"":837019227,""priority"":""1"",""node"":""""},{""name"":""rs-35-p2-6b582"",""cpu_m"":530,""mem_b"":558311661,""priority"":""2"",""node"":""""},{""name"":""rs-35-p2-8gg8l"",""cpu_m"":530,""mem_b"":558311661,""priority"":""2"",""node"":""kwok-node-7""},{""name"":""rs-35-p2-t87mj"",""cpu_m"":530,""mem_b"":558311661,""priority"":""2"",""node"":""""},{""name"":""rs-35-p2-vxb8h"",""cpu_m"":530,""mem_b"":558311661,""priority"":""2"",""node"":""""},{""name"":""rs-36-p4-4dd85"",""cpu_m"":223,""mem_b"":646316828,""priority"":""4"",""node"":""kwok-node-9""},{""name"":""rs-36-p4-c7m7q"",""cpu_m"":223,""mem_b"":646316828,""priority"":""4"",""node"":""kwok-node-17""},{""name"":""rs-36-p4-nddhs"",""cpu_m"":223,""mem_b"":646316828,""priority"":""4"",""node"":""kwok-node-16""},{""name"":""rs-36-p4-sr5sn"",""cpu_m"":223,""mem_b"":646316828,""priority"":""4"",""node"":""kwok-node-26""},{""name"":""rs-37-p4-4hnmc"",""cpu_m"":614,""mem_b"":821004782,""priority"":""4"",""node"":""kwok-node-1""},{""name"":""rs-37-p4-5czsh"",""cpu_m"":614,""mem_b"":821004782,""priority"":""4"",""node"":""kwok-node-20""},{""name"":""rs-37-p4-bhp2l"",""cpu_m"":614,""mem_b"":821004782,""priority"":""4"",""node"":""kwok-node-18""},{""name"":""rs-37-p4-d25rn"",""cpu_m"":614,""mem_b"":821004782,""priority"":""4"",""node"":""kwok-node-32""},{""name"":""rs-38-p1-2jnvz"",""cpu_m"":813,""mem_b"":257977554,""priority"":""1"",""node"":""""},{""name"":""rs-38-p1-456gx"",""cpu_m"":813,""mem_b"":257977554,""priority"":""1"",""node"":""""},{""name"":""rs-38-p1-xhpfw"",""cpu_m"":813,""mem_b"":257977554,""priority"":""1"",""node"":""""},{""name"":""rs-39-p2-5xwqp"",""cpu_m"":981,""mem_b"":991159863,""priority"":""2"",""node"":""""},{""name"":""rs-39-p2-w424d"",""cpu_m"":981,""mem_b"":991159863,""priority"":""2"",""node"":""kwok-node-14""},{""name"":""rs-40-p4-qmg2r"",""cpu_m"":500,""mem_b"":439482616,""priority"":""4"",""node"":""kwok-node-4""},{""name"":""rs-41-p2-98gc5"",""cpu_m"":228,""mem_b"":943350397,""priority"":""2"",""node"":""kwok-node-15""},{""name"":""rs-41-p2-x5mrr"",""cpu_m"":228,""mem_b"":943350397,""priority"":""2"",""node"":""""},{""name"":""rs-42-p3-hz2kc"",""cpu_m"":674,""mem_b"":811602657,""priority"":""3"",""node"":""kwok-node-32""},{""name"":""rs-42-p3-jzd5v"",""cpu_m"":674,""mem_b"":811602657,""priority"":""3"",""node"":""kwok-node-31""},{""name"":""rs-42-p3-p79q8"",""cpu_m"":674,""mem_b"":811602657,""priority"":""3"",""node"":""kwok-node-2""},{""name"":""rs-42-p3-pprrp"",""cpu_m"":674,""mem_b"":811602657,""priority"":""3"",""node"":""kwok-node-6""},{""name"":""rs-43-p3-jmxzq"",""cpu_m"":382,""mem_b"":967044501,""priority"":""3"",""node"":""kwok-node-28""},{""name"":""rs-44-p2-8m5wx"",""cpu_m"":926,""mem_b"":224520039,""priority"":""2"",""node"":""kwok-node-9""},{""name"":""rs-44-p2-kc5jx"",""cpu_m"":926,""mem_b"":224520039,""priority"":""2"",""node"":""kwok-node-27""},{""name"":""rs-44-p2-pj7cf"",""cpu_m"":926,""mem_b"":224520039,""priority"":""2"",""node"":""kwok-node-1""},{""name"":""rs-45-p4-b4bjb"",""cpu_m"":389,""mem_b"":872421233,""priority"":""4"",""node"":""kwok-node-4""},{""name"":""rs-45-p4-nfsvd"",""cpu_m"":389,""mem_b"":872421233,""priority"":""4"",""node"":""kwok-node-30""},{""name"":""rs-45-p4-prwfd"",""cpu_m"":389,""mem_b"":872421233,""priority"":""4"",""node"":""kwok-node-12""},{""name"":""rs-46-p3-4lkfk"",""cpu_m"":704,""mem_b"":943262794,""priority"":""3"",""node"":""kwok-node-19""},{""name"":""rs-46-p3-b5nb6"",""cpu_m"":704,""mem_b"":943262794,""priority"":""3"",""node"":""kwok-node-27""},{""name"":""rs-46-p3-ncdtx"",""cpu_m"":704,""mem_b"":943262794,""priority"":""3"",""node"":""kwok-node-22""},{""name"":""rs-47-p3-d57p6"",""cpu_m"":439,""mem_b"":738710610,""priority"":""3"",""node"":""kwok-node-8""},{""name"":""rs-48-p4-p9qz2"",""cpu_m"":124,""mem_b"":991338128,""priority"":""4"",""node"":""kwok-node-7""},{""name"":""rs-49-p3-cbc7t"",""cpu_m"":740,""mem_b"":426840694,""priority"":""3"",""node"":""kwok-node-5""},{""name"":""rs-49-p3-f9gzj"",""cpu_m"":740,""mem_b"":426840694,""priority"":""3"",""node"":""kwok-node-31""},{""name"":""rs-49-p3-shvg2"",""cpu_m"":740,""mem_b"":426840694,""priority"":""3"",""node"":""kwok-node-30""},{""name"":""rs-50-p2-96q9p"",""cpu_m"":812,""mem_b"":204655352,""priority"":""2"",""node"":""kwok-node-15""},{""name"":""rs-50-p2-t44b4"",""cpu_m"":812,""mem_b"":204655352,""priority"":""2"",""node"":""kwok-node-17""},{""name"":""rs-51-p3-j4942"",""cpu_m"":868,""mem_b"":982375634,""priority"":""3"",""node"":""kwok-node-10""}]","[{""name"":""rs-01-p2-klv2p"",""cpu_m"":852,""mem_b"":245942401,""priority"":""2"",""node"":""kwok-node-18""},{""name"":""rs-01-p2-qpkg6"",""cpu_m"":852,""mem_b"":245942401,""priority"":""2"",""node"":""kwok-node-16""},{""name"":""rs-01-p2-xkgpc"",""cpu_m"":852,""mem_b"":245942401,""priority"":""2"",""node"":""kwok-node-17""},{""name"":""rs-02-p1-r4dbd"",""cpu_m"":277,""mem_b"":627060372,""priority"":""1"",""node"":""kwok-node-15""},{""name"":""rs-02-p1-v6st4"",""cpu_m"":277,""mem_b"":627060372,""priority"":""1"",""node"":""kwok-node-14""},{""name"":""rs-03-p1-fjcg9"",""cpu_m"":445,""mem_b"":416269672,""priority"":""1"",""node"":""kwok-node-12""},{""name"":""rs-03-p1-n7p8s"",""cpu_m"":445,""mem_b"":416269672,""priority"":""1"",""node"":""kwok-node-1""},{""name"":""rs-04-p3-2pqnv"",""cpu_m"":944,""mem_b"":213522370,""priority"":""3"",""node"":""kwok-node-19""},{""name"":""rs-04-p3-4tptd"",""cpu_m"":944,""mem_b"":213522370,""priority"":""3"",""node"":""kwok-node-13""},{""name"":""rs-04-p3-ntt9j"",""cpu_m"":944,""mem_b"":213522370,""priority"":""3"",""node"":""kwok-node-10""},{""name"":""rs-05-p2-6kpk7"",""cpu_m"":457,""mem_b"":380184299,""priority"":""2"",""node"":""kwok-node-20""},{""name"":""rs-05-p2-fmxnp"",""cpu_m"":457,""mem_b"":380184299,""priority"":""2"",""node"":""kwok-node-11""},{""name"":""rs-05-p2-w9b6c"",""cpu_m"":457,""mem_b"":380184299,""priority"":""2"",""node"":""kwok-node-2""},{""name"":""rs-05-p2-xbhdl"",""cpu_m"":457,""mem_b"":380184299,""priority"":""2"",""node"":""kwok-node-12""},{""name"":""rs-06-p2-h4qgs"",""cpu_m"":558,""mem_b"":992530631,""priority"":""2"",""node"":""kwok-node-18""},{""name"":""rs-07-p3-72g2l"",""cpu_m"":418,""mem_b"":682348640,""priority"":""3"",""node"":""kwok-node-2""},{""name"":""rs-07-p3-h2zx4"",""cpu_m"":418,""mem_b"":682348640,""priority"":""3"",""node"":""kwok-node-20""},{""name"":""rs-07-p3-tqq5h"",""cpu_m"":418,""mem_b"":682348640,""priority"":""3"",""node"":""kwok-node-11""},{""name"":""rs-08-p3-qsfbn"",""cpu_m"":179,""mem_b"":736572871,""priority"":""3"",""node"":""kwok-node-23""},{""name"":""rs-08-p3-sc47r"",""cpu_m"":179,""mem_b"":736572871,""priority"":""3"",""node"":""kwok-node-25""},{""name"":""rs-08-p3-ts5z9"",""cpu_m"":179,""mem_b"":736572871,""priority"":""3"",""node"":""kwok-node-21""},{""name"":""rs-08-p3-twl8h"",""cpu_m"":179,""mem_b"":736572871,""priority"":""3"",""node"":""kwok-node-24""},{""name"":""rs-09-p1-4z46c"",""cpu_m"":675,""mem_b"":510608310,""priority"":""1"",""node"":""kwok-node-27""},{""name"":""rs-10-p4-cwbsz"",""cpu_m"":363,""mem_b"":265660749,""priority"":""4"",""node"":""kwok-node-22""},{""name"":""rs-11-p4-hrs6r"",""cpu_m"":507,""mem_b"":694203177,""priority"":""4"",""node"":""kwok-node-28""},{""name"":""rs-11-p4-nkvjv"",""cpu_m"":507,""mem_b"":694203177,""priority"":""4"",""node"":""kwok-node-26""},{""name"":""rs-12-p3-x2t66"",""cpu_m"":415,""mem_b"":345077705,""priority"":""3"",""node"":""kwok-node-3""},{""name"":""rs-13-p1-2fz6r"",""cpu_m"":585,""mem_b"":593150367,""priority"":""1"",""node"":""kwok-node-30""},{""name"":""rs-13-p1-5hswj"",""cpu_m"":585,""mem_b"":593150367,""priority"":""1"",""node"":""kwok-node-31""},{""name"":""rs-13-p1-wd4fn"",""cpu_m"":585,""mem_b"":593150367,""priority"":""1"",""node"":""kwok-node-32""},{""name"":""rs-13-p1-z6ggr"",""cpu_m"":585,""mem_b"":593150367,""priority"":""1"",""node"":""kwok-node-29""},{""name"":""rs-14-p4-jntkx"",""cpu_m"":494,""mem_b"":136816093,""priority"":""4"",""node"":""kwok-node-4""},{""name"":""rs-14-p4-r6265"",""cpu_m"":494,""mem_b"":136816093,""priority"":""4"",""node"":""kwok-node-6""},{""name"":""rs-14-p4-tg7th"",""cpu_m"":494,""mem_b"":136816093,""priority"":""4"",""node"":""kwok-node-5""},{""name"":""rs-15-p2-jqbww"",""cpu_m"":159,""mem_b"":949634751,""priority"":""2"",""node"":""kwok-node-5""},{""name"":""rs-15-p2-kbchg"",""cpu_m"":159,""mem_b"":949634751,""priority"":""2"",""node"":""kwok-node-4""},{""name"":""rs-16-p2-2whxw"",""cpu_m"":720,""mem_b"":645867181,""priority"":""2"",""node"":""kwok-node-7""},{""name"":""rs-16-p2-p69ms"",""cpu_m"":720,""mem_b"":645867181,""priority"":""2"",""node"":""kwok-node-1""},{""name"":""rs-16-p2-vhjvn"",""cpu_m"":720,""mem_b"":645867181,""priority"":""2"",""node"":""kwok-node-22""},{""name"":""rs-16-p2-vppmh"",""cpu_m"":720,""mem_b"":645867181,""priority"":""2"",""node"":""kwok-node-3""},{""name"":""rs-17-p2-f8t6z"",""cpu_m"":970,""mem_b"":244927203,""priority"":""2"",""node"":""kwok-node-9""},{""name"":""rs-18-p2-5ql4c"",""cpu_m"":999,""mem_b"":777804539,""priority"":""2"",""node"":""kwok-node-6""},{""name"":""rs-18-p2-dwk4j"",""cpu_m"":999,""mem_b"":777804539,""priority"":""2"",""node"":""kwok-node-14""},{""name"":""rs-18-p2-jx9sm"",""cpu_m"":999,""mem_b"":777804539,""priority"":""2"",""node"":""kwok-node-8""},{""name"":""rs-18-p2-qc4l7"",""cpu_m"":999,""mem_b"":777804539,""priority"":""2"",""node"":""kwok-node-15""},{""name"":""rs-19-p3-8t8xp"",""cpu_m"":574,""mem_b"":808256023,""priority"":""3"",""node"":""kwok-node-27""},{""name"":""rs-19-p3-kzxbx"",""cpu_m"":574,""mem_b"":808256023,""priority"":""3"",""node"":""kwok-node-29""},{""name"":""rs-19-p3-q6ckx"",""cpu_m"":574,""mem_b"":808256023,""priority"":""3"",""node"":""kwok-node-16""},{""name"":""rs-19-p3-xms98"",""cpu_m"":574,""mem_b"":808256023,""priority"":""3"",""node"":""kwok-node-17""},{""name"":""rs-20-p3-8tsl2"",""cpu_m"":407,""mem_b"":729994945,""priority"":""3"",""node"":""kwok-node-13""},{""name"":""rs-20-p3-cv4w8"",""cpu_m"":407,""mem_b"":729994945,""priority"":""3"",""node"":""kwok-node-9""},{""name"":""rs-20-p3-nr6q6"",""cpu_m"":407,""mem_b"":729994945,""priority"":""3"",""node"":""kwok-node-19""},{""name"":""rs-20-p3-rstpb"",""cpu_m"":407,""mem_b"":729994945,""priority"":""3"",""node"":""kwok-node-10""},{""name"":""rs-21-p4-h6tdw"",""cpu_m"":964,""mem_b"":383290030,""priority"":""4"",""node"":""kwok-node-21""},{""name"":""rs-21-p4-k2rkk"",""cpu_m"":964,""mem_b"":383290030,""priority"":""4"",""node"":""kwok-node-23""},{""name"":""rs-21-p4-tdds8"",""cpu_m"":964,""mem_b"":383290030,""priority"":""4"",""node"":""kwok-node-24""},{""name"":""rs-22-p1-kndw2"",""cpu_m"":113,""mem_b"":467368657,""priority"":""1"",""node"":""kwok-node-31""},{""name"":""rs-22-p1-zd4nj"",""cpu_m"":113,""mem_b"":467368657,""priority"":""1"",""node"":""kwok-node-30""},{""name"":""rs-23-p2-qz785"",""cpu_m"":243,""mem_b"":789391953,""priority"":""2"",""node"":""kwok-node-7""},{""name"":""rs-23-p2-wtp7f"",""cpu_m"":243,""mem_b"":789391953,""priority"":""2"",""node"":""kwok-node-32""},{""name"":""rs-24-p2-6hfrm"",""cpu_m"":424,""mem_b"":515283288,""priority"":""2"",""node"":""kwok-node-28""},{""name"":""rs-25-p4-6dx6d"",""cpu_m"":259,""mem_b"":177356889,""priority"":""4"",""node"":""kwok-node-25""},{""name"":""rs-25-p4-lfhww"",""cpu_m"":259,""mem_b"":177356889,""priority"":""4"",""node"":""kwok-node-12""},{""name"":""rs-25-p4-tp9j4"",""cpu_m"":259,""mem_b"":177356889,""priority"":""4"",""node"":""kwok-node-26""},{""name"":""rs-26-p3-8clp4"",""cpu_m"":695,""mem_b"":234035343,""priority"":""3"",""node"":""kwok-node-4""},{""name"":""rs-26-p3-g4xzr"",""cpu_m"":695,""mem_b"":234035343,""priority"":""3"",""node"":""kwok-node-25""},{""name"":""rs-27-p2-5mt4d"",""cpu_m"":610,""mem_b"":345605708,""priority"":""2"",""node"":""kwok-node-31""},{""name"":""rs-27-p2-brmgs"",""cpu_m"":610,""mem_b"":345605708,""priority"":""2"",""node"":""kwok-node-20""},{""name"":""rs-27-p2-fzdql"",""cpu_m"":610,""mem_b"":345605708,""priority"":""2"",""node"":""kwok-node-26""},{""name"":""rs-27-p2-m6mnd"",""cpu_m"":610,""mem_b"":345605708,""priority"":""2"",""node"":""kwok-node-30""},{""name"":""rs-28-p4-fdbzm"",""cpu_m"":812,""mem_b"":558014946,""priority"":""4"",""node"":""kwok-node-11""},{""name"":""rs-28-p4-g6rcr"",""cpu_m"":812,""mem_b"":558014946,""priority"":""4"",""node"":""kwok-node-2""},{""name"":""rs-28-p4-ww96n"",""cpu_m"":812,""mem_b"":558014946,""priority"":""4"",""node"":""kwok-node-5""},{""name"":""rs-29-p4-5sgbl"",""cpu_m"":494,""mem_b"":587352707,""priority"":""4"",""node"":""kwok-node-8""},{""name"":""rs-30-p4-7krfd"",""cpu_m"":854,""mem_b"":153090814,""priority"":""4"",""node"":""kwok-node-7""},{""name"":""rs-30-p4-fhrbm"",""cpu_m"":854,""mem_b"":153090814,""priority"":""4"",""node"":""kwok-node-32""},{""name"":""rs-30-p4-k59zg"",""cpu_m"":854,""mem_b"":153090814,""priority"":""4"",""node"":""kwok-node-28""},{""name"":""rs-31-p3-spp9f"",""cpu_m"":913,""mem_b"":619395793,""priority"":""3"",""node"":""kwok-node-22""},{""name"":""rs-31-p3-wgbgr"",""cpu_m"":913,""mem_b"":619395793,""priority"":""3"",""node"":""kwok-node-25""},{""name"":""rs-32-p3-45v45"",""cpu_m"":837,""mem_b"":311359823,""priority"":""3"",""node"":""kwok-node-3""},{""name"":""rs-32-p3-5xv8s"",""cpu_m"":837,""mem_b"":311359823,""priority"":""3"",""node"":""kwok-node-24""},{""name"":""rs-32-p3-sp4n8"",""cpu_m"":837,""mem_b"":311359823,""priority"":""3"",""node"":""kwok-node-21""},{""name"":""rs-32-p3-wbgk9"",""cpu_m"":837,""mem_b"":311359823,""priority"":""3"",""node"":""kwok-node-23""},{""name"":""rs-33-p3-dfwwq"",""cpu_m"":179,""mem_b"":220764289,""priority"":""3"",""node"":""kwok-node-12""},{""name"":""rs-33-p3-hdjxg"",""cpu_m"":179,""mem_b"":220764289,""priority"":""3"",""node"":""kwok-node-1""},{""name"":""rs-34-p1-hqwk5"",""cpu_m"":202,""mem_b"":837019227,""priority"":""1"",""node"":""kwok-node-6""},{""name"":""rs-35-p2-cbpmr"",""cpu_m"":530,""mem_b"":558311661,""priority"":""2"",""node"":""kwok-node-19""},{""name"":""rs-35-p2-gwwrt"",""cpu_m"":530,""mem_b"":558311661,""priority"":""2"",""node"":""kwok-node-10""},{""name"":""rs-35-p2-l69dh"",""cpu_m"":530,""mem_b"":558311661,""priority"":""2"",""node"":""kwok-node-12""},{""name"":""rs-35-p2-nzsw9"",""cpu_m"":530,""mem_b"":558311661,""priority"":""2"",""node"":""kwok-node-13""},{""name"":""rs-36-p4-4dd85"",""cpu_m"":223,""mem_b"":646316828,""priority"":""4"",""node"":""kwok-node-9""},{""name"":""rs-36-p4-c7m7q"",""cpu_m"":223,""mem_b"":646316828,""priority"":""4"",""node"":""kwok-node-17""},{""name"":""rs-36-p4-nddhs"",""cpu_m"":223,""mem_b"":646316828,""priority"":""4"",""node"":""kwok-node-16""},{""name"":""rs-36-p4-sr5sn"",""cpu_m"":223,""mem_b"":646316828,""priority"":""4"",""node"":""kwok-node-26""},{""name"":""rs-37-p4-4hnmc"",""cpu_m"":614,""mem_b"":821004782,""priority"":""4"",""node"":""kwok-node-1""},{""name"":""rs-37-p4-5czsh"",""cpu_m"":614,""mem_b"":821004782,""priority"":""4"",""node"":""""},{""name"":""rs-37-p4-bhp2l"",""cpu_m"":614,""mem_b"":821004782,""priority"":""4"",""node"":""kwok-node-18""},{""name"":""rs-37-p4-d25rn"",""cpu_m"":614,""mem_b"":821004782,""priority"":""4"",""node"":""""},{""name"":""rs-38-p1-8zcsm"",""cpu_m"":813,""mem_b"":257977554,""priority"":""1"",""node"":""kwok-node-27""},{""name"":""rs-38-p1-chqcc"",""cpu_m"":813,""mem_b"":257977554,""priority"":""1"",""node"":""kwok-node-29""},{""name"":""rs-38-p1-t9fps"",""cpu_m"":813,""mem_b"":257977554,""priority"":""1"",""node"":""kwok-node-14""},{""name"":""rs-39-p2-5xwqp"",""cpu_m"":981,""mem_b"":991159863,""priority"":""2"",""node"":""""},{""name"":""rs-39-p2-w424d"",""cpu_m"":981,""mem_b"":991159863,""priority"":""2"",""node"":""""},{""name"":""rs-40-p4-qmg2r"",""cpu_m"":500,""mem_b"":439482616,""priority"":""4"",""node"":""kwok-node-4""},{""name"":""rs-41-p2-98gc5"",""cpu_m"":228,""mem_b"":943350397,""priority"":""2"",""node"":""""},{""name"":""rs-41-p2-x5mrr"",""cpu_m"":228,""mem_b"":943350397,""priority"":""2"",""node"":""""},{""name"":""rs-42-p3-hz2kc"",""cpu_m"":674,""mem_b"":811602657,""priority"":""3"",""node"":""""},{""name"":""rs-42-p3-jzd5v"",""cpu_m"":674,""mem_b"":811602657,""priority"":""3"",""node"":""""},{""name"":""rs-42-p3-p79q8"",""cpu_m"":674,""mem_b"":811602657,""priority"":""3"",""node"":""""},{""name"":""rs-42-p3-pprrp"",""cpu_m"":674,""mem_b"":811602657,""priority"":""3"",""node"":""""},{""name"":""rs-43-p3-jmxzq"",""cpu_m"":382,""mem_b"":967044501,""priority"":""3"",""node"":""""},{""name"":""rs-44-p2-8m5wx"",""cpu_m"":926,""mem_b"":224520039,""priority"":""2"",""node"":""""},{""name"":""rs-44-p2-j6zh6"",""cpu_m"":926,""mem_b"":224520039,""priority"":""2"",""node"":""kwok-node-15""},{""name"":""rs-44-p2-pj7cf"",""cpu_m"":926,""mem_b"":224520039,""priority"":""2"",""node"":""""},{""name"":""rs-45-p4-b4bjb"",""cpu_m"":389,""mem_b"":872421233,""priority"":""4"",""node"":""""},{""name"":""rs-45-p4-nfsvd"",""cpu_m"":389,""mem_b"":872421233,""priority"":""4"",""node"":""""},{""name"":""rs-45-p4-prwfd"",""cpu_m"":389,""mem_b"":872421233,""priority"":""4"",""node"":""""},{""name"":""rs-46-p3-4lkfk"",""cpu_m"":704,""mem_b"":943262794,""priority"":""3"",""node"":""""},{""name"":""rs-46-p3-b5nb6"",""cpu_m"":704,""mem_b"":943262794,""priority"":""3"",""node"":""""},{""name"":""rs-46-p3-ncdtx"",""cpu_m"":704,""mem_b"":943262794,""priority"":""3"",""node"":""""},{""name"":""rs-47-p3-d57p6"",""cpu_m"":439,""mem_b"":738710610,""priority"":""3"",""node"":""kwok-node-8""},{""name"":""rs-48-p4-p9qz2"",""cpu_m"":124,""mem_b"":991338128,""priority"":""4"",""node"":""""},{""name"":""rs-49-p3-cbc7t"",""cpu_m"":740,""mem_b"":426840694,""priority"":""3"",""node"":""kwok-node-5""},{""name"":""rs-49-p3-f9gzj"",""cpu_m"":740,""mem_b"":426840694,""priority"":""3"",""node"":""kwok-node-31""},{""name"":""rs-49-p3-shvg2"",""cpu_m"":740,""mem_b"":426840694,""priority"":""3"",""node"":""kwok-node-30""},{""name"":""rs-50-p2-96q9p"",""cpu_m"":812,""mem_b"":204655352,""priority"":""2"",""node"":""""},{""name"":""rs-50-p2-t44b4"",""cpu_m"":812,""mem_b"":204655352,""priority"":""2"",""node"":""""},{""name"":""rs-51-p3-j4942"",""cpu_m"":868,""mem_b"":982375634,""priority"":""3"",""node"":""""}]","[{""name"":""kwok-node-1"",""cap_cpu_m"":2223,""cap_mem_bytes"":2119712226},{""name"":""kwok-node-2"",""cap_cpu_m"":2223,""cap_mem_bytes"":2119712226},{""name"":""kwok-node-3"",""cap_cpu_m"":2223,""cap_mem_bytes"":2119712226},{""name"":""kwok-node-4"",""cap_cpu_m"":2223,""cap_mem_bytes"":2119712226},{""name"":""kwok-node-5"",""cap_cpu_m"":2223,""cap_mem_bytes"":2119712226},{""name"":""kwok-node-6"",""cap_cpu_m"":2223,""cap_mem_bytes"":2119712226},{""name"":""kwok-node-7"",""cap_cpu_m"":2223,""cap_mem_bytes"":2119712226},{""name"":""kwok-node-8"",""cap_cpu_m"":2223,""cap_mem_bytes"":2119712226},{""name"":""kwok-node-9"",""cap_cpu_m"":2223,""cap_mem_bytes"":2119712226},{""name"":""kwok-node-10"",""cap_cpu_m"":2223,""cap_mem_bytes"":2119712226},{""name"":""kwok-node-11"",""cap_cpu_m"":2223,""cap_mem_bytes"":2119712226},{""name"":""kwok-node-12"",""cap_cpu_m"":2223,""cap_mem_bytes"":2119712226},{""name"":""kwok-node-13"",""cap_cpu_m"":2223,""cap_mem_bytes"":2119712226},{""name"":""kwok-node-14"",""cap_cpu_m"":2223,""cap_mem_bytes"":2119712226},{""name"":""kwok-node-15"",""cap_cpu_m"":2223,""cap_mem_bytes"":2119712226},{""name"":""kwok-node-16"",""cap_cpu_m"":2223,""cap_mem_bytes"":2119712226},{""name"":""kwok-node-17"",""cap_cpu_m"":2223,""cap_mem_bytes"":2119712226},{""name"":""kwok-node-18"",""cap_cpu_m"":2223,""cap_mem_bytes"":2119712226},{""name"":""kwok-node-19"",""cap_cpu_m"":2223,""cap_mem_bytes"":2119712226},{""name"":""kwok-node-20"",""cap_cpu_m"":2223,""cap_mem_bytes"":2119712226},{""name"":""kwok-node-21"",""cap_cpu_m"":2223,""cap_mem_bytes"":2119712226},{""name"":""kwok-node-22"",""cap_cpu_m"":2223,""cap_mem_bytes"":2119712226},{""name"":""kwok-node-23"",""cap_cpu_m"":2223,""cap_mem_bytes"":2119712226},{""name"":""kwok-node-24"",""cap_cpu_m"":2223,""cap_mem_bytes"":2119712226},{""name"":""kwok-node-25"",""cap_cpu_m"":2223,""cap_mem_bytes"":2119712226},{""name"":""kwok-node-26"",""cap_cpu_m"":2223,""cap_mem_bytes"":2119712226},{""name"":""kwok-node-27"",""cap_cpu_m"":2223,""cap_mem_bytes"":2119712226},{""name"":""kwok-node-28"",""cap_cpu_m"":2223,""cap_mem_bytes"":2119712226},{""name"":""kwok-node-29"",""cap_cpu_m"":2223,""cap_mem_bytes"":2119712226},{""name"":""kwok-node-30"",""cap_cpu_m"":2223,""cap_mem_bytes"":2119712226},{""name"":""kwok-node-31"",""cap_cpu_m"":2223,""cap_mem_bytes"":2119712226},{""name"":""kwok-node-32"",""cap_cpu_m"":2223,""cap_mem_bytes"":2119712226}]"
2026/02/11/12:28:37,4275183120444302794,,"{""evicted"":0,""moved"":0,""placed_by_priority"":{""1"":24,""2"":32,""3"":26,""4"":24}}",python,"{""evicted"":7,""moved"":14,""placed_by_priority"":{""1"":17,""2"":40,""3"":34,""4"":27}}",979,FEASIBLE,"[{""duration_ms"":979,""name"":""python"",""score"":{""evicted"":7,""moved"":14,""placed_by_priority"":{""1"":17,""2"":40,""3"":34,""4"":27}},""status"":""FEASIBLE""}]",0.924,0.829,0.939,0.824,62554,56104,67859048807,59522435235,118,106,10,22,"{""kwok-node-1"":4,""kwok-node-10"":3,""kwok-node-11"":5,""kwok-node-12"":3,""kwok-node-13"":5,""kwok-node-14"":3,""kwok-node-15"":4,""kwok-node-16"":3,""kwok-node-17"":4,""kwok-node-18"":4,""kwok-node-19"":3,""kwok-node-2"":3,""kwok-node-20"":4,""kwok-node-21"":3,""kwok-node-22"":3,""kwok-node-23"":3,""kwok-node-24"":4,""kwok-node-25"":4,""kwok-node-26"":3,""kwok-node-27"":4,""kwok-node-28"":3,""kwok-node-29"":3,""kwok-node-3"":3,""kwok-node-30"":3,""kwok-node-31"":6,""kwok-node-32"":5,""kwok-node-4"":4,""kwok-node-5"":3,""kwok-node-6"":4,""kwok-node-7"":4,""kwok-node-8"":4,""kwok-node-9"":4}","{""kwok-node-1"":4,""kwok-node-10"":3,""kwok-node-11"":5,""kwok-node-12"":2,""kwok-node-13"":4,""kwok-node-14"":3,""kwok-node-15"":4,""kwok-node-16"":3,""kwok-node-17"":4,""kwok-node-18"":3,""kwok-node-19"":2,""kwok-node-2"":3,""kwok-node-20"":4,""kwok-node-21"":2,""kwok-node-22"":3,""kwok-node-23"":3,""kwok-node-24"":4,""kwok-node-25"":4,""kwok-node-26"":3,""kwok-node-27"":3,""kwok-node-28"":2,""kwok-node-29"":3,""kwok-node-3"":3,""kwok-node-30"":3,""kwok-node-31"":5,""kwok-node-32"":4,""kwok-node-4"":3,""kwok-node-5"":2,""kwok-node-6"":4,""kwok-node-7"":3,""kwok-node-8"":4,""kwok-node-9"":4}","{""p1"":17,""p2"":40,""p3"":34,""p4"":27}","{""p1"":24,""p2"":32,""p3"":26,""p4"":24}","{""p1"":10}","{""p1"":3,""p2"":8,""p3"":8,""p4"":3}","{rs-09-p1-2c4dj,rs-09-p1-7kzl7,rs-09-p1-g889f,rs-09-p1-mp2b6,rs-13-p1-vjksl,rs-39-p1-7cb57,rs-39-p1-7mjz6,rs-45-p1-fvlpl,rs-45-p1-zp7n5,rs-48-p1-9fcwr}","{rs-45-p1-fvlpl,rs-45-p1-rnxhq,rs-46-p3-62vsl,rs-46-p3-d9dmc,rs-46-p3-hbtlg,rs-46-p3-xl9hz,rs-47-p4-frc4x,rs-47-p4-j7w8d,rs-48-p1-9fcwr,rs-49-p2-kpn8r,rs-49-p2-vsz9h,rs-51-p4-gxshj,rs-53-p3-69rdk,rs-53-p3-d6prc,rs-53-p3-z7jdk,rs-53-p3-zbpt8,rs-56-p2-9ktgt,rs-56-p2-p8f6m,rs-56-p2-qfqxr,rs-57-p2-4hsdh,rs-57-p2-7szwf,rs-57-p2-bfbk2}","{rs-01-p4-6k8nr,rs-01-p4-knf62,rs-02-p3-4cfp6,rs-02-p3-hr6zk,rs-02-p3-pbld7,rs-03-p2-r7gbm,rs-04-p4-d5n47,rs-05-p1-56zcl,rs-05-p1-7ptd4,rs-05-p1-lkmtn,rs-06-p1-npmtz,rs-06-p1-tr5c6,rs-07-p3-9xd5n,rs-07-p3-ftj65,rs-08-p3-ztq9r,rs-10-p2-hqg4z,rs-10-p2-kmnhx,rs-10-p2-r9gz8,rs-11-p2-49v4h,rs-11-p2-cr726,rs-11-p2-hncvk,rs-11-p2-nmkmw,rs-12-p3-j4lpj,rs-14-p3-j9b8n,rs-14-p3-rqzgw,rs-15-p2-8s7wb,rs-16-p1-bggnj,rs-17-p4-c5wdk,rs-17-p4-lw2cl,rs-18-p4-cwws7,rs-18-p4-xv987,rs-19-p4-h8tj9,rs-20-p1-c8jbq,rs-20-p1-v7rdt,rs-20-p1-xv9d2,rs-21-p3-8qxrn,rs-21-p3-92pvl,rs-21-p3-l8b6q,rs-21-p3-vmpn9,rs-22-p4-bmlzm,rs-23-p3-55gsd,rs-23-p3-7bs5q,rs-23-p3-jnljb,rs-23-p3-q9sm7,rs-24-p4-2rzbx,rs-24-p4-cv9nn,rs-24-p4-vvb8f,rs-24-p4-x4l9j,rs-25-p2-llmvg,rs-26-p1-5l9xg,rs-27-p3-hj7cl,rs-28-p2-2mzbh,rs-28-p2-x7mqx,rs-29-p2-59dkr,rs-29-p2-5hjf5,rs-29-p2-gp6nq,rs-29-p2-vxnjr,rs-30-p3-hrblt,rs-30-p3-wg62q,rs-31-p2-hzwv6,rs-32-p2-84ztl,rs-32-p2-d9mfh,rs-32-p2-rhl66,rs-33-p2-gjf4r,rs-33-p2-rnw85,rs-34-p4-wbmm6,rs-35-p4-4698m,rs-35-p4-dqzx2,rs-36-p4-jglzz,rs-36-p4-lrcwt,rs-37-p2-7nf9w,rs-37-p2-kvztq,rs-38-p3-29pwg,rs-38-p3-dbrmh,rs-38-p3-tbsvg,rs-39-p1-xpw78,rs-40-p3-gmmn8,rs-40-p3-td8t7,rs-41-p1-2jd8g,rs-41-p1-dxxr7,rs-41-p1-fkxmf,rs-42-p2-k8z7j,rs-43-p2-8rwmq,rs-43-p2-ddzck,rs-44-p2-fhs8n,rs-44-p2-kgb64,rs-44-p2-vgl8z,rs-45-p1-fqfxc,rs-45-p1-rnxhq,rs-46-p3-62vsl,rs-46-p3-d9dmc,rs-46-p3-hbtlg,rs-46-p3-xl9hz,rs-47-p4-frc4x,rs-47-p4-hw2s5,rs-47-p4-j7w8d,rs-49-p2-c2qzp,rs-49-p2-g7x42,rs-49-p2-kpn8r,rs-49-p2-vsz9h,rs-50-p4-kzql5,rs-51-p4-gxshj,rs-51-p4-r7lwh,rs-52-p3-tl74r,rs-53-p3-69rdk,rs-53-p3-d6prc,rs-53-p3-z7jdk,rs-53-p3-zbpt8,rs-54-p4-26vlf,rs-54-p4-dj58n,rs-54-p4-ldpjz,rs-55-p1-5hr5g,rs-56-p2-9ktgt,rs-56-p2-p8f6m,rs-56-p2-qfqxr,rs-57-p2-4hsdh,rs-57-p2-7szwf,rs-57-p2-bfbk2}","{rs-01-p4-6k8nr,rs-01-p4-knf62,rs-02-p3-4cfp6,rs-02-p3-hr6zk,rs-02-p3-pbld7,rs-03-p2-r7gbm,rs-04-p4-d5n47,rs-05-p1-7bxsg,rs-05-p1-9rncc,rs-05-p1-lkmtn,rs-06-p1-mmxlv,rs-06-p1-qldtd,rs-07-p3-9xd5n,rs-07-p3-ftj65,rs-08-p3-ztq9r,rs-09-p1-6967j,rs-09-p1-95nzx,rs-09-p1-c8zds,rs-09-p1-svxsm,rs-10-p2-hqg4z,rs-10-p2-kmnhx,rs-10-p2-r9gz8,rs-11-p2-49v4h,rs-11-p2-cr726,rs-11-p2-hncvk,rs-11-p2-nmkmw,rs-12-p3-j4lpj,rs-13-p1-pdstc,rs-14-p3-j9b8n,rs-14-p3-rqzgw,rs-15-p2-8s7wb,rs-16-p1-qwxgw,rs-17-p4-c5wdk,rs-17-p4-lw2cl,rs-18-p4-cwws7,rs-18-p4-xv987,rs-19-p4-h8tj9,rs-20-p1-h5wx5,rs-20-p1-xv9d2,rs-20-p1-zblq9,rs-21-p3-8qxrn,rs-21-p3-92pvl,rs-21-p3-l8b6q,rs-21-p3-vmpn9,rs-22-p4-bmlzm,rs-23-p3-55gsd,rs-23-p3-7bs5q,rs-23-p3-jnljb,rs-23-p3-q9sm7,rs-24-p4-2rzbx,rs-24-p4-cv9nn,rs-24-p4-vvb8f,rs-24-p4-x4l9j,rs-25-p2-llmvg,rs-26-p1-dk4nc,rs-27-p3-hj7cl,rs-28-p2-2mzbh,rs-28-p2-x7mqx,rs-29-p2-59dkr,rs-29-p2-5hjf5,rs-29-p2-gp6nq,rs-29-p2-vxnjr,rs-30-p3-hrblt,rs-30-p3-wg62q,rs-31-p2-hzwv6,rs-32-p2-84ztl,rs-32-p2-d9mfh,rs-32-p2-rhl66,rs-33-p2-gjf4r,rs-33-p2-rnw85,rs-34-p4-wbmm6,rs-35-p4-4698m,rs-35-p4-dqzx2,rs-36-p4-jglzz,rs-36-p4-lrcwt,rs-37-p2-7nf9w,rs-37-p2-kvztq,rs-38-p3-29pwg,rs-38-p3-dbrmh,rs-38-p3-tbsvg,rs-39-p1-cgh6g,rs-39-p1-v8ndh,rs-39-p1-wkgfv,rs-40-p3-gmmn8,rs-40-p3-td8t7,rs-41-p1-nmsf2,rs-41-p1-qdnbm,rs-41-p1-trpkp,rs-42-p2-k8z7j,rs-43-p2-8rwmq,rs-43-p2-ddzck,rs-44-p2-fhs8n,rs-44-p2-kgb64,rs-44-p2-vgl8z,rs-45-p1-fqfxc,rs-45-p1-smnww,rs-47-p4-hw2s5,rs-49-p2-c2qzp,rs-49-p2-g7x42,rs-50-p4-kzql5,rs-51-p4-r7lwh,rs-52-p3-tl74r,rs-54-p4-26vlf,rs-54-p4-dj58n,rs-54-p4-ldpjz,rs-55-p1-ftmhl}","[{""name"":""rs-01-p4-6k8nr"",""cpu_m"":402,""mem_b"":969648984,""priority"":""4"",""node"":""kwok-node-16""},{""name"":""rs-01-p4-knf62"",""cpu_m"":402,""mem_b"":969648984,""priority"":""4"",""node"":""kwok-node-14""},{""name"":""rs-02-p3-4cfp6"",""cpu_m"":705,""mem_b"":815206968,""priority"":""3"",""node"":""kwok-node-12""},{""name"":""rs-02-p3-hr6zk"",""cpu_m"":705,""mem_b"":815206968,""priority"":""3"",""node"":""kwok-node-19""},{""name"":""rs-02-p3-pbld7"",""cpu_m"":705,""mem_b"":815206968,""priority"":""3"",""node"":""kwok-node-10""},{""name"":""rs-03-p2-r7gbm"",""cpu_m"":546,""mem_b"":782932650,""priority"":""2"",""node"":""kwok-node-18""},{""name"":""rs-04-p4-d5n47"",""cpu_m"":201,""mem_b"":102267352,""priority"":""4"",""node"":""kwok-node-1""},{""name"":""rs-05-p1-56zcl"",""cpu_m"":642,""mem_b"":256922794,""priority"":""1"",""node"":""kwok-node-27""},{""name"":""rs-05-p1-7ptd4"",""cpu_m"":642,""mem_b"":256922794,""priority"":""1"",""node"":""kwok-node-6""},{""name"":""rs-05-p1-lkmtn"",""cpu_m"":642,""mem_b"":256922794,""priority"":""1"",""node"":""kwok-node-20""},{""name"":""rs-06-p1-npmtz"",""cpu_m"":483,""mem_b"":144559256,""priority"":""1"",""node"":""kwok-node-31""},{""name"":""rs-06-p1-tr5c6"",""cpu_m"":483,""mem_b"":144559256,""priority"":""1"",""node"":""kwok-node-7""},{""name"":""rs-07-p3-9xd5n"",""cpu_m"":950,""mem_b"":340589041,""priority"":""3"",""node"":""kwok-node-13""},{""name"":""rs-07-p3-ftj65"",""cpu_m"":950,""mem_b"":340589041,""priority"":""3"",""node"":""kwok-node-23""},{""name"":""rs-08-p3-ztq9r"",""cpu_m"":131,""mem_b"":570948924,""priority"":""3"",""node"":""kwok-node-17""},{""name"":""rs-09-p1-2c4dj"",""cpu_m"":996,""mem_b"":947122150,""priority"":""1"",""node"":""""},{""name"":""rs-09-p1-7kzl7"",""cpu_m"":996,""mem_b"":947122150,""priority"":""1"",""node"":""""},{""name"":""rs-09-p1-g889f"",""cpu_m"":996,""mem_b"":947122150,""priority"":""1"",""node"":""""},{""name"":""rs-09-p1-mp2b6"",""cpu_m"":996,""mem_b"":947122150,""priority"":""1"",""node"":""""},{""name"":""rs-10-p2-hqg4z"",""cpu_m"":206,""mem_b"":907176673,""priority"":""2"",""node"":""kwok-node-3""},{""name"":""rs-10-p2-kmnhx"",""cpu_m"":206,""mem_b"":907176673,""priority"":""2"",""node"":""kwok-node-25""},{""name"":""rs-10-p2-r9gz8"",""cpu_m"":206,""mem_b"":907176673,""priority"":""2"",""node"":""kwok-node-30""},{""name"":""rs-11-p2-49v4h"",""cpu_m"":174,""mem_b"":147860106,""priority"":""2"",""node"":""kwok-node-31""},{""name"":""rs-11-p2-cr726"",""cpu_m"":174,""mem_b"":147860106,""priority"":""2"",""node"":""kwok-node-32""},{""name"":""rs-11-p2-hncvk"",""cpu_m"":174,""mem_b"":147860106,""priority"":""2"",""node"":""kwok-node-27""},{""name"":""rs-11-p2-nmkmw"",""cpu_m"":174,""mem_b"":147860106,""priority"":""2"",""node"":""kwok-node-15""},{""name"":""rs-12-p3-j4lpj"",""cpu_m"":981,""mem_b"":651753944,""priority"":""3"",""node"":""kwok-node-8""},{""name"":""rs-13-p1-vjksl"",""cpu_m"":465,""mem_b"":997642398,""priority"":""1"",""node"":""""},{""name"":""rs-14-p3-j9b8n"",""cpu_m"":378,""mem_b"":728002365,""priority"":""3"",""node"":""kwok-node-7""},{""name"":""rs-14-p3-rqzgw"",""cpu_m"":378,""mem_b"":728002365,""priority"":""3"",""node"":""kwok-node-4""},{""name"":""rs-15-p2-8s7wb"",""cpu_m"":154,""mem_b"":800700791,""priority"":""2"",""node"":""kwok-node-9""},{""name"":""rs-16-p1-bggnj"",""cpu_m"":493,""mem_b"":434570346,""priority"":""1"",""node"":""kwok-node-28""},{""name"":""rs-17-p4-c5wdk"",""cpu_m"":674,""mem_b"":986966479,""priority"":""4"",""node"":""kwok-node-15""},{""name"":""rs-17-p4-lw2cl"",""cpu_m"":674,""mem_b"":986966479,""priority"":""4"",""node"":""kwok-node-1""},{""name"":""rs-18-p4-cwws7"",""cpu_m"":400,""mem_b"":324358913,""priority"":""4"",""node"":""kwok-node-32""},{""name"":""rs-18-p4-xv987"",""cpu_m"":400,""mem_b"":324358913,""priority"":""4"",""node"":""kwok-node-31""},{""name"":""rs-19-p4-h8tj9"",""cpu_m"":742,""mem_b"":802183841,""priority"":""4"",""node"":""kwok-node-27""},{""name"":""rs-20-p1-c8jbq"",""cpu_m"":377,""mem_b"":648798290,""priority"":""1"",""node"":""kwok-node-13""},{""name"":""rs-20-p1-v7rdt"",""cpu_m"":377,""mem_b"":648798290,""priority"":""1"",""node"":""kwok-node-10""},{""name"":""rs-20-p1-xv9d2"",""cpu_m"":377,""mem_b"":648798290,""priority"":""1"",""node"":""kwok-node-2""},{""name"":""rs-21-p3-8qxrn"",""cpu_m"":569,""mem_b"":222258085,""priority"":""3"",""node"":""kwok-node-17""},{""name"":""rs-21-p3-92pvl"",""cpu_m"":569,""mem_b"":222258085,""priority"":""3"",""node"":""kwok-node-4""},{""name"":""rs-21-p3-l8b6q"",""cpu_m"":569,""mem_b"":222258085,""priority"":""3"",""node"":""kwok-node-9""},{""name"":""rs-21-p3-vmpn9"",""cpu_m"":569,""mem_b"":222258085,""priority"":""3"",""node"":""kwok-node-7""},{""name"":""rs-22-p4-bmlzm"",""cpu_m"":816,""mem_b"":558172841,""priority"":""4"",""node"":""kwok-node-18""},{""name"":""rs-23-p3-55gsd"",""cpu_m"":195,""mem_b"":332275127,""priority"":""3"",""node"":""kwok-node-20""},{""name"":""rs-23-p3-7bs5q"",""cpu_m"":195,""mem_b"":332275127,""priority"":""3"",""node"":""kwok-node-11""},{""name"":""rs-23-p3-jnljb"",""cpu_m"":195,""mem_b"":332275127,""priority"":""3"",""node"":""kwok-node-31""},{""name"":""rs-23-p3-q9sm7"",""cpu_m"":195,""mem_b"":332275127,""priority"":""3"",""node"":""kwok-node-32""},{""name"":""rs-24-p4-2rzbx"",""cpu_m"":760,""mem_b"":708896958,""priority"":""4"",""node"":""kwok-node-22""},{""name"":""rs-24-p4-cv9nn"",""cpu_m"":760,""mem_b"":708896958,""priority"":""4"",""node"":""kwok-node-12""},{""name"":""rs-24-p4-vvb8f"",""cpu_m"":760,""mem_b"":708896958,""priority"":""4"",""node"":""kwok-node-19""},{""name"":""rs-24-p4-x4l9j"",""cpu_m"":760,""mem_b"":708896958,""priority"":""4"",""node"":""kwok-node-10""},{""name"":""rs-25-p2-llmvg"",""cpu_m"":150,""mem_b"":503888839,""priority"":""2"",""node"":""kwok-node-11""},{""name"":""rs-26-p1-5l9xg"",""cpu_m"":383,""mem_b"":122854456,""priority"":""1"",""node"":""kwok-node-18""},{""name"":""rs-27-p3-hj7cl"",""cpu_m"":573,""mem_b"":137942315,""priority"":""3"",""node"":""kwok-node-25""},{""name"":""rs-28-p2-2mzbh"",""cpu_m"":983,""mem_b"":703916712,""priority"":""2"",""node"":""kwok-node-16""},{""name"":""rs-28-p2-x7mqx"",""cpu_m"":983,""mem_b"":703916712,""priority"":""2"",""node"":""kwok-node-30""},{""name"":""rs-29-p2-59dkr"",""cpu_m"":992,""mem_b"":662678701,""priority"":""2"",""node"":""kwok-node-14""},{""name"":""rs-29-p2-5hjf5"",""cpu_m"":992,""mem_b"":662678701,""priority"":""2"",""node"":""kwok-node-17""},{""name"":""rs-29-p2-gp6nq"",""cpu_m"":992,""mem_b"":662678701,""priority"":""2"",""node"":""kwok-node-3""},{""name"":""rs-29-p2-vxnjr"",""cpu_m"":992,""mem_b"":662678701,""priority"":""2"",""node"":""kwok-node-5""},{""name"":""rs-30-p3-hrblt"",""cpu_m"":559,""mem_b"":152881833,""priority"":""3"",""node"":""kwok-node-31""},{""name"":""rs-30-p3-wg62q"",""cpu_m"":559,""mem_b"":152881833,""priority"":""3"",""node"":""kwok-node-9""},{""name"":""rs-31-p2-hzwv6"",""cpu_m"":170,""mem_b"":689488929,""priority"":""2"",""node"":""kwok-node-23""},{""name"":""rs-32-p2-84ztl"",""cpu_m"":778,""mem_b"":732432911,""priority"":""2"",""node"":""kwok-node-32""},{""name"":""rs-32-p2-d9mfh"",""cpu_m"":778,""mem_b"":732432911,""priority"":""2"",""node"":""kwok-node-2""},{""name"":""rs-32-p2-rhl66"",""cpu_m"":778,""mem_b"":732432911,""priority"":""2"",""node"":""kwok-node-20""},{""name"":""rs-33-p2-gjf4r"",""cpu_m"":894,""mem_b"":221960338,""priority"":""2"",""node"":""kwok-node-24""},{""name"":""rs-33-p2-rnw85"",""cpu_m"":894,""mem_b"":221960338,""priority"":""2"",""node"":""kwok-node-25""},{""name"":""rs-34-p4-wbmm6"",""cpu_m"":137,""mem_b"":329519445,""priority"":""4"",""node"":""kwok-node-13""},{""name"":""rs-35-p4-4698m"",""cpu_m"":106,""mem_b"":714785317,""priority"":""4"",""node"":""kwok-node-8""},{""name"":""rs-35-p4-dqzx2"",""cpu_m"":106,""mem_b"":714785317,""priority"":""4"",""node"":""kwok-node-13""},{""name"":""rs-36-p4-jglzz"",""cpu_m"":354,""mem_b"":884499727,""priority"":""4"",""node"":""kwok-node-21""},{""name"":""rs-36-p4-lrcwt"",""cpu_m"":354,""mem_b"":884499727,""priority"":""4"",""node"":""kwok-node-28""},{""name"":""rs-37-p2-7nf9w"",""cpu_m"":178,""mem_b"":724335059,""priority"":""2"",""node"":""kwok-node-29""},{""name"":""rs-37-p2-kvztq"",""cpu_m"":178,""mem_b"":724335059,""priority"":""2"",""node"":""kwok-node-22""},{""name"":""rs-38-p3-29pwg"",""cpu_m"":507,""mem_b"":266709857,""priority"":""3"",""node"":""kwok-node-1""},{""name"":""rs-38-p3-dbrmh"",""cpu_m"":507,""mem_b"":266709857,""priority"":""3"",""node"":""kwok-node-15""},{""name"":""rs-38-p3-tbsvg"",""cpu_m"":507,""mem_b"":266709857,""priority"":""3"",""node"":""kwok-node-6""},{""name"":""rs-39-p1-7cb57"",""cpu_m"":844,""mem_b"":590617217,""priority"":""1"",""node"":""""},{""name"":""rs-39-p1-7mjz6"",""cpu_m"":844,""mem_b"":590617217,""priority"":""1"",""node"":""""},{""name"":""rs-39-p1-xpw78"",""cpu_m"":844,""mem_b"":590617217,""priority"":""1"",""node"":""kwok-node-3""},{""name"":""rs-40-p3-gmmn8"",""cpu_m"":179,""mem_b"":871914737,""priority"":""3"",""node"":""kwok-node-26""},{""name"":""rs-40-p3-td8t7"",""cpu_m"":179,""mem_b"":871914737,""priority"":""3"",""node"":""kwok-node-31""},{""name"":""rs-41-p1-2jd8g"",""cpu_m"":397,""mem_b"":711446255,""priority"":""1"",""node"":""kwok-node-32""},{""name"":""rs-41-p1-dxxr7"",""cpu_m"":397,""mem_b"":711446255,""priority"":""1"",""node"":""kwok-node-12""},{""name"":""rs-41-p1-fkxmf"",""cpu_m"":397,""mem_b"":711446255,""priority"":""1"",""node"":""kwok-node-19""},{""name"":""rs-42-p2-k8z7j"",""cpu_m"":324,""mem_b"":681574231,""priority"":""2"",""node"":""kwok-node-18""},{""name"":""rs-43-p2-8rwmq"",""cpu_m"":331,""mem_b"":184780833,""priority"":""2"",""node"":""kwok-node-8""},{""name"":""rs-43-p2-ddzck"",""cpu_m"":331,""mem_b"":184780833,""priority"":""2"",""node"":""kwok-node-13""},{""name"":""rs-44-p2-fhs8n"",""cpu_m"":553,""mem_b"":803478709,""priority"":""2"",""node"":""kwok-node-1""},{""name"":""rs-44-p2-kgb64"",""cpu_m"":553,""mem_b"":803478709,""priority"":""2"",""node"":""kwok-node-15""},{""name"":""rs-44-p2-vgl8z"",""cpu_m"":553,""mem_b"":803478709,""priority"":""2"",""node"":""kwok-node-6""},{""name"":""rs-45-p1-fqfxc"",""cpu_m"":890,""mem_b"":580033008,""priority"":""1"",""node"":""kwok-node-30""},{""name"":""rs-45-p1-fvlpl"",""cpu_m"":890,""mem_b"":580033008,""priority"":""1"",""node"":""""},{""name"":""rs-45-p1-rnxhq"",""cpu_m"":890,""mem_b"":580033008,""priority"":""1"",""node"":""kwok-node-21""},{""name"":""rs-45-p1-zp7n5"",""cpu_m"":890,""mem_b"":580033008,""priority"":""1"",""node"":""""},{""name"":""rs-46-p3-62vsl"",""cpu_m"":976,""mem_b"":792911255,""priority"":""3"",""node"":""kwok-node-23""},{""name"":""rs-46-p3-d9dmc"",""cpu_m"":976,""mem_b"":792911255,""priority"":""3"",""node"":""kwok-node-26""},{""name"":""rs-46-p3-hbtlg"",""cpu_m"":976,""mem_b"":792911255,""priority"":""3"",""node"":""kwok-node-22""},{""name"":""rs-46-p3-xl9hz"",""cpu_m"":976,""mem_b"":792911255,""priority"":""3"",""node"":""kwok-node-28""},{""name"":""rs-47-p4-frc4x"",""cpu_m"":909,""mem_b"":356041458,""priority"":""4"",""node"":""kwok-node-11""},{""name"":""rs-47-p4-hw2s5"",""cpu_m"":909,""mem_b"":356041458,""priority"":""4"",""node"":""kwok-node-26""},{""name"":""rs-47-p4-j7w8d"",""cpu_m"":909,""mem_b"":356041458,""priority"":""4"",""node"":""kwok-node-4""},{""name"":""rs-48-p1-9fcwr"",""cpu_m"":575,""mem_b"":876725369,""priority"":""1"",""node"":""""},{""name"":""rs-49-p2-c2qzp"",""cpu_m"":381,""mem_b"":913189551,""priority"":""2"",""node"":""kwok-node-20""},{""name"":""rs-49-p2-g7x42"",""cpu_m"":381,""mem_b"":913189551,""priority"":""2"",""node"":""kwok-node-25""},{""name"":""rs-49-p2-kpn8r"",""cpu_m"":381,""mem_b"":913189551,""priority"":""2"",""node"":""kwok-node-6""},{""name"":""rs-49-p2-vsz9h"",""cpu_m"":381,""mem_b"":913189551,""priority"":""2"",""node"":""kwok-node-27""},{""name"":""rs-50-p4-kzql5"",""cpu_m"":534,""mem_b"":251690916,""priority"":""4"",""node"":""kwok-node-14""},{""name"":""rs-51-p4-gxshj"",""cpu_m"":258,""mem_b"":930054074,""priority"":""4"",""node"":""kwok-node-4""},{""name"":""rs-51-p4-r7lwh"",""cpu_m"":258,""mem_b"":930054074,""priority"":""4"",""node"":""kwok-node-24""},{""name"":""rs-52-p3-tl74r"",""cpu_m"":267,""mem_b"":712295224,""priority"":""3"",""node"":""kwok-node-17""},{""name"":""rs-53-p3-69rdk"",""cpu_m"":562,""mem_b"":766499136,""priority"":""3"",""node"":""kwok-node-9""},{""name"":""rs-53-p3-d6prc"",""cpu_m"":562,""mem_b"":766499136,""priority"":""3"",""node"":""kwok-node-5""},{""name"":""rs-53-p3-z7jdk"",""cpu_m"":562,""mem_b"":766499136,""priority"":""3"",""node"":""kwok-node-24""},{""name"":""rs-53-p3-zbpt8"",""cpu_m"":562,""mem_b"":766499136,""priority"":""3"",""node"":""kwok-node-7""},{""name"":""rs-54-p4-26vlf"",""cpu_m"":473,""mem_b"":251427708,""priority"":""4"",""node"":""kwok-node-16""},{""name"":""rs-54-p4-dj58n"",""cpu_m"":473,""mem_b"":251427708,""priority"":""4"",""node"":""kwok-node-8""},{""name"":""rs-54-p4-ldpjz"",""cpu_m"":473,""mem_b"":251427708,""priority"":""4"",""node"":""kwok-node-11""},{""name"":""rs-55-p1-5hr5g"",""cpu_m"":396,""mem_b"":176051301,""priority"":""1"",""node"":""kwok-node-24""},{""name"":""rs-56-p2-9ktgt"",""cpu_m"":850,""mem_b"":741853074,""priority"":""2"",""node"":""kwok-node-29""},{""name"":""rs-56-p2-p8f6m"",""cpu_m"":850,""mem_b"":741853074,""priority"":""2"",""node"":""kwok-node-21""},{""name"":""rs-56-p2-qfqxr"",""cpu_m"":850,""mem_b"":741853074,""priority"":""2"",""node"":""kwok-node-29""},{""name"":""rs-57-p2-4hsdh"",""cpu_m"":349,""mem_b"":790754042,""priority"":""2"",""node"":""kwok-node-11""},{""name"":""rs-57-p2-7szwf"",""cpu_m"":349,""mem_b"":790754042,""priority"":""2"",""node"":""kwok-node-5""},{""name"":""rs-57-p2-bfbk2"",""cpu_m"":349,""mem_b"":790754042,""priority"":""2"",""node"":""kwok-node-2""}]","[{""name"":""rs-01-p4-6k8nr"",""cpu_m"":402,""mem_b"":969648984,""priority"":""4"",""node"":""kwok-node-16""},{""name"":""rs-01-p4-knf62"",""cpu_m"":402,""mem_b"":969648984,""priority"":""4"",""node"":""kwok-node-14""},{""name"":""rs-02-p3-4cfp6"",""cpu_m"":705,""mem_b"":815206968,""priority"":""3"",""node"":""kwok-node-12""},{""name"":""rs-02-p3-hr6zk"",""cpu_m"":705,""mem_b"":815206968,""priority"":""3"",""node"":""kwok-node-19""},{""name"":""rs-02-p3-pbld7"",""cpu_m"":705,""mem_b"":815206968,""priority"":""3"",""node"":""kwok-node-10""},{""name"":""rs-03-p2-r7gbm"",""cpu_m"":546,""mem_b"":782932650,""priority"":""2"",""node"":""kwok-node-18""},{""name"":""rs-04-p4-d5n47"",""cpu_m"":201,""mem_b"":102267352,""priority"":""4"",""node"":""kwok-node-1""},{""name"":""rs-05-p1-7bxsg"",""cpu_m"":642,""mem_b"":256922794,""priority"":""1"",""node"":""kwok-node-22""},{""name"":""rs-05-p1-9rncc"",""cpu_m"":642,""mem_b"":256922794,""priority"":""1"",""node"":""kwok-node-11""},{""name"":""rs-05-p1-lkmtn"",""cpu_m"":642,""mem_b"":256922794,""priority"":""1"",""node"":""kwok-node-20""},{""name"":""rs-06-p1-mmxlv"",""cpu_m"":483,""mem_b"":144559256,""priority"":""1"",""node"":""kwok-node-2""},{""name"":""rs-06-p1-qldtd"",""cpu_m"":483,""mem_b"":144559256,""priority"":""1"",""node"":""kwok-node-24""},{""name"":""rs-07-p3-9xd5n"",""cpu_m"":950,""mem_b"":340589041,""priority"":""3"",""node"":""kwok-node-13""},{""name"":""rs-07-p3-ftj65"",""cpu_m"":950,""mem_b"":340589041,""priority"":""3"",""node"":""kwok-node-23""},{""name"":""rs-08-p3-ztq9r"",""cpu_m"":131,""mem_b"":570948924,""priority"":""3"",""node"":""kwok-node-17""},{""name"":""rs-09-p1-6967j"",""cpu_m"":996,""mem_b"":947122150,""priority"":""1"",""node"":""kwok-node-29""},{""name"":""rs-09-p1-95nzx"",""cpu_m"":996,""mem_b"":947122150,""priority"":""1"",""node"":""kwok-node-21""},{""name"":""rs-09-p1-c8zds"",""cpu_m"":996,""mem_b"":947122150,""priority"":""1"",""node"":""kwok-node-26""},{""name"":""rs-09-p1-svxsm"",""cpu_m"":996,""mem_b"":947122150,""priority"":""1"",""node"":""kwok-node-28""},{""name"":""rs-10-p2-hqg4z"",""cpu_m"":206,""mem_b"":907176673,""priority"":""2"",""node"":""kwok-node-3""},{""name"":""rs-10-p2-kmnhx"",""cpu_m"":206,""mem_b"":907176673,""priority"":""2"",""node"":""kwok-node-25""},{""name"":""rs-10-p2-r9gz8"",""cpu_m"":206,""mem_b"":907176673,""priority"":""2"",""node"":""kwok-node-30""},{""name"":""rs-11-p2-49v4h"",""cpu_m"":174,""mem_b"":147860106,""priority"":""2"",""node"":""kwok-node-31""},{""name"":""rs-11-p2-cr726"",""cpu_m"":174,""mem_b"":147860106,""priority"":""2"",""node"":""kwok-node-32""},{""name"":""rs-11-p2-hncvk"",""cpu_m"":174,""mem_b"":147860106,""priority"":""2"",""node"":""kwok-node-27""},{""name"":""rs-11-p2-nmkmw"",""cpu_m"":174,""mem_b"":147860106,""priority"":""2"",""node"":""kwok-node-15""},{""name"":""rs-12-p3-j4lpj"",""cpu_m"":981,""mem_b"":651753944,""priority"":""3"",""node"":""kwok-node-8""},{""name"":""rs-13-p1-pdstc"",""cpu_m"":465,""mem_b"":997642398,""priority"":""1"",""node"":""kwok-node-5""},{""name"":""rs-14-p3-j9b8n"",""cpu_m"":378,""mem_b"":728002365,""priority"":""3"",""node"":""kwok-node-7""},{""name"":""rs-14-p3-rqzgw"",""cpu_m"":378,""mem_b"":728002365,""priority"":""3"",""node"":""kwok-node-4""},{""name"":""rs-15-p2-8s7wb"",""cpu_m"":154,""mem_b"":800700791,""priority"":""2"",""node"":""kwok-node-9""},{""name"":""rs-16-p1-qwxgw"",""cpu_m"":493,""mem_b"":434570346,""priority"":""1"",""node"":""kwok-node-6""},{""name"":""rs-17-p4-c5wdk"",""cpu_m"":674,""mem_b"":986966479,""priority"":""4"",""node"":""kwok-node-15""},{""name"":""rs-17-p4-lw2cl"",""cpu_m"":674,""mem_b"":986966479,""priority"":""4"",""node"":""kwok-node-1""},{""name"":""rs-18-p4-cwws7"",""cpu_m"":400,""mem_b"":324358913,""priority"":""4"",""node"":""kwok-node-32""},{""name"":""rs-18-p4-xv987"",""cpu_m"":400,""mem_b"":324358913,""priority"":""4"",""node"":""kwok-node-31""},{""name"":""rs-19-p4-h8tj9"",""cpu_m"":742,""mem_b"":802183841,""priority"":""4"",""node"":""kwok-node-27""},{""name"":""rs-20-p1-h5wx5"",""cpu_m"":377,""mem_b"":648798290,""priority"":""1"",""node"":""kwok-node-6""},{""name"":""rs-20-p1-xv9d2"",""cpu_m"":377,""mem_b"":648798290,""priority"":""1"",""node"":""kwok-node-2""},{""name"":""rs-20-p1-zblq9"",""cpu_m"":377,""mem_b"":648798290,""priority"":""1"",""node"":""kwok-node-24""},{""name"":""rs-21-p3-8qxrn"",""cpu_m"":569,""mem_b"":222258085,""priority"":""3"",""node"":""kwok-node-17""},{""name"":""rs-21-p3-92pvl"",""cpu_m"":569,""mem_b"":222258085,""priority"":""3"",""node"":""kwok-node-4""},{""name"":""rs-21-p3-l8b6q"",""cpu_m"":569,""mem_b"":222258085,""priority"":""3"",""node"":""kwok-node-9""},{""name"":""rs-21-p3-vmpn9"",""cpu_m"":569,""mem_b"":222258085,""priority"":""3"",""node"":""kwok-node-7""},{""name"":""rs-22-p4-bmlzm"",""cpu_m"":816,""mem_b"":558172841,""priority"":""4"",""node"":""kwok-node-18""},{""name"":""rs-23-p3-55gsd"",""cpu_m"":195,""mem_b"":332275127,""priority"":""3"",""node"":""kwok-node-20""},{""name"":""rs-23-p3-7bs5q"",""cpu_m"":195,""mem_b"":332275127,""priority"":""3"",""node"":""kwok-node-11""},{""name"":""rs-23-p3-jnljb"",""cpu_m"":195,""mem_b"":332275127,""priority"":""3"",""node"":""kwok-node-31""},{""name"":""rs-23-p3-q9sm7"",""cpu_m"":195,""mem_b"":332275127,""priority"":""3"",""node"":""kwok-node-32""},{""name"":""rs-24-p4-2rzbx"",""cpu_m"":760,""mem_b"":708896958,""priority"":""4"",""node"":""kwok-node-22""},{""name"":""rs-24-p4-cv9nn"",""cpu_m"":760,""mem_b"":708896958,""priority"":""4"",""node"":""kwok-node-12""},{""name"":""rs-24-p4-vvb8f"",""cpu_m"":760,""mem_b"":708896958,""priority"":""4"",""node"":""kwok-node-19""},{""name"":""rs-24-p4-x4l9j"",""cpu_m"":760,""mem_b"":708896958,""priority"":""4"",""node"":""kwok-node-10""},{""name"":""rs-25-p2-llmvg"",""cpu_m"":150,""mem_b"":503888839,""priority"":""2"",""node"":""kwok-node-11""},{""name"":""rs-26-p1-dk4nc"",""cpu_m"":383,""mem_b"":122854456,""priority"":""1"",""node"":""kwok-node-3""},{""name"":""rs-27-p3-hj7cl"",""cpu_m"":573,""mem_b"":137942315,""priority"":""3"",""node"":""kwok-node-25""},{""name"":""rs-28-p2-2mzbh"",""cpu_m"":983,""mem_b"":703916712,""priority"":""2"",""node"":""kwok-node-16""},{""name"":""rs-28-p2-x7mqx"",""cpu_m"":983,""mem_b"":703916712,""priority"":""2"",""node"":""kwok-node-30""},{""name"":""rs-29-p2-59dkr"",""cpu_m"":992,""mem_b"":662678701,""priority"":""2"",""node"":""kwok-node-14""},{""name"":""rs-29-p2-5hjf5"",""cpu_m"":992,""mem_b"":662678701,""priority"":""2"",""node"":""kwok-node-17""},{""name"":""rs-29-p2-gp6nq"",""cpu_m"":992,""mem_b"":662678701,""priority"":""2"",""node"":""kwok-node-3""},{""name"":""rs-29-p2-vxnjr"",""cpu_m"":992,""mem_b"":662678701,""priority"":""2"",""node"":""kwok-node-5""},{""name"":""rs-30-p3-hrblt"",""cpu_m"":559,""mem_b"":152881833,""priority"":""3"",""node"":""kwok-node-31""},{""name"":""rs-30-p3-wg62q"",""cpu_m"":559,""mem_b"":152881833,""priority"":""3"",""node"":""kwok-node-9""},{""name"":""rs-31-p2-hzwv6"",""cpu_m"":170,""mem_b"":689488929,""priority"":""2"",""node"":""kwok-node-23""},{""name"":""rs-32-p2-84ztl"",""cpu_m"":778,""mem_b"":732432911,""priority"":""2"",""node"":""kwok-node-32""},{""name"":""rs-32-p2-d9mfh"",""cpu_m"":778,""mem_b"":732432911,""priority"":""2"",""node"":""kwok-node-2""},{""name"":""rs-32-p2-rhl66"",""cpu_m"":778,""mem_b"":732432911,""priority"":""2"",""node"":""kwok-node-20""},{""name"":""rs-33-p2-gjf4r"",""cpu_m"":894,""mem_b"":221960338,""priority"":""2"",""node"":""kwok-node-24""},{""name"":""rs-33-p2-rnw85"",""cpu_m"":894,""mem_b"":221960338,""priority"":""2"",""node"":""kwok-node-25""},{""name"":""rs-34-p4-wbmm6"",""cpu_m"":137,""mem_b"":329519445,""priority"":""4"",""node"":""kwok-node-13""},{""name"":""rs-35-p4-4698m"",""cpu_m"":106,""mem_b"":714785317,""priority"":""4"",""node"":""kwok-node-8""},{""name"":""rs-35-p4-dqzx2"",""cpu_m"":106,""mem_b"":714785317,""priority"":""4"",""node"":""kwok-node-13""},{""name"":""rs-36-p4-jglzz"",""cpu_m"":354,""mem_b"":884499727,""priority"":""4"",""node"":""kwok-node-21""},{""name"":""rs-36-p4-lrcwt"",""cpu_m"":354,""mem_b"":884499727,""priority"":""4"",""node"":""kwok-node-28""},{""name"":""rs-37-p2-7nf9w"",""cpu_m"":178,""mem_b"":724335059,""priority"":""2"",""node"":""kwok-node-29""},{""name"":""rs-37-p2-kvztq"",""cpu_m"":178,""mem_b"":724335059,""priority"":""2"",""node"":""kwok-node-22""},{""name"":""rs-38-p3-29pwg"",""cpu_m"":507,""mem_b"":266709857,""priority"":""3"",""node"":""kwok-node-1""},{""name"":""rs-38-p3-dbrmh"",""cpu_m"":507,""mem_b"":266709857,""priority"":""3"",""node"":""kwok-node-15""},{""name"":""rs-38-p3-tbsvg"",""cpu_m"":507,""mem_b"":266709857,""priority"":""3"",""node"":""kwok-node-6""},{""name"":""rs-39-p1-cgh6g"",""cpu_m"":844,""mem_b"":590617217,""priority"":""1"",""node"":""kwok-node-7""},{""name"":""rs-39-p1-v8ndh"",""cpu_m"":844,""mem_b"":590617217,""priority"":""1"",""node"":""kwok-node-27""},{""name"":""rs-39-p1-wkgfv"",""cpu_m"":844,""mem_b"":590617217,""priority"":""1"",""node"":""kwok-node-4""},{""name"":""rs-40-p3-gmmn8"",""cpu_m"":179,""mem_b"":871914737,""priority"":""3"",""node"":""kwok-node-26""},{""name"":""rs-40-p3-td8t7"",""cpu_m"":179,""mem_b"":871914737,""priority"":""3"",""node"":""kwok-node-31""},{""name"":""rs-41-p1-nmsf2"",""cpu_m"":397,""mem_b"":711446255,""priority"":""1"",""node"":""kwok-node-23""},{""name"":""rs-41-p1-qdnbm"",""cpu_m"":397,""mem_b"":711446255,""priority"":""1"",""node"":""kwok-node-9""},{""name"":""rs-41-p1-trpkp"",""cpu_m"":397,""mem_b"":711446255,""priority"":""1"",""node"":""kwok-node-11""},{""name"":""rs-42-p2-k8z7j"",""cpu_m"":324,""mem_b"":681574231,""priority"":""2"",""node"":""kwok-node-18""},{""name"":""rs-43-p2-8rwmq"",""cpu_m"":331,""mem_b"":184780833,""priority"":""2"",""node"":""kwok-node-8""},{""name"":""rs-43-p2-ddzck"",""cpu_m"":331,""mem_b"":184780833,""priority"":""2"",""node"":""kwok-node-13""},{""name"":""rs-44-p2-fhs8n"",""cpu_m"":553,""mem_b"":803478709,""priority"":""2"",""node"":""kwok-node-1""},{""name"":""rs-44-p2-kgb64"",""cpu_m"":553,""mem_b"":803478709,""priority"":""2"",""node"":""kwok-node-15""},{""name"":""rs-44-p2-vgl8z"",""cpu_m"":553,""mem_b"":803478709,""priority"":""2"",""node"":""kwok-node-6""},{""name"":""rs-45-p1-fqfxc"",""cpu_m"":890,""mem_b"":580033008,""priority"":""1"",""node"":""kwok-node-30""},{""name"":""rs-45-p1-fvlpl"",""cpu_m"":890,""mem_b"":580033008,""priority"":""1"",""node"":""""},{""name"":""rs-45-p1-rnxhq"",""cpu_m"":890,""mem_b"":580033008,""priority"":""1"",""node"":""""},{""name"":""rs-45-p1-smnww"",""cpu_m"":890,""mem_b"":580033008,""priority"":""1"",""node"":""kwok-node-29""},{""name"":""rs-46-p3-62vsl"",""cpu_m"":976,""mem_b"":792911255,""priority"":""3"",""node"":""""},{""name"":""rs-46-p3-d9dmc"",""cpu_m"":976,""mem_b"":792911255,""priority"":""3"",""node"":""""},{""name"":""rs-46-p3-hbtlg"",""cpu_m"":976,""mem_b"":792911255,""priority"":""3"",""node"":""""},{""name"":""rs-46-p3-xl9hz"",""cpu_m"":976,""mem_b"":792911255,""priority"":""3"",""node"":""""},{""name"":""rs-47-p4-frc4x"",""cpu_m"":909,""mem_b"":356041458,""priority"":""4"",""node"":""""},{""name"":""rs-47-p4-hw2s5"",""cpu_m"":909,""mem_b"":356041458,""priority"":""4"",""node"":""kwok-node-26""},{""name"":""rs-47-p4-j7w8d"",""cpu_m"":909,""mem_b"":356041458,""priority"":""4"",""node"":""""},{""name"":""rs-48-p1-9fcwr"",""cpu_m"":575,""mem_b"":876725369,""priority"":""1"",""node"":""""},{""name"":""rs-49-p2-c2qzp"",""cpu_m"":381,""mem_b"":913189551,""priority"":""2"",""node"":""kwok-node-20""},{""name"":""rs-49-p2-g7x42"",""cpu_m"":381,""mem_b"":913189551,""priority"":""2"",""node"":""kwok-node-25""},{""name"":""rs-49-p2-kpn8r"",""cpu_m"":381,""mem_b"":913189551,""priority"":""2"",""node"":""""},{""name"":""rs-49-p2-vsz9h"",""cpu_m"":381,""mem_b"":913189551,""priority"":""2"",""node"":""""},{""name"":""rs-50-p4-kzql5"",""cpu_m"":534,""mem_b"":251690916,""priority"":""4"",""node"":""kwok-node-14""},{""name"":""rs-51-p4-gxshj"",""cpu_m"":258,""mem_b"":930054074,""priority"":""4"",""node"":""""},{""name"":""rs-51-p4-r7lwh"",""cpu_m"":258,""mem_b"":930054074,""priority"":""4"",""node"":""kwok-node-24""},{""name"":""rs-52-p3-tl74r"",""cpu_m"":267,""mem_b"":712295224,""priority"":""3"",""node"":""kwok-node-17""},{""name"":""rs-53-p3-69rdk"",""cpu_m"":562,""mem_b"":766499136,""priority"":""3"",""node"":""""},{""name"":""rs-53-p3-d6prc"",""cpu_m"":562,""mem_b"":766499136,""priority"":""3"",""node"":""""},{""name"":""rs-53-p3-z7jdk"",""cpu_m"":562,""mem_b"":766499136,""priority"":""3"",""node"":""""},{""name"":""rs-53-p3-zbpt8"",""cpu_m"":562,""mem_b"":766499136,""priority"":""3"",""node"":""""},{""name"":""rs-54-p4-26vlf"",""cpu_m"":473,""mem_b"":251427708,""priority"":""4"",""node"":""kwok-node-16""},{""name"":""rs-54-p4-dj58n"",""cpu_m"":473,""mem_b"":251427708,""priority"":""4"",""node"":""kwok-node-8""},{""name"":""rs-54-p4-ldpjz"",""cpu_m"":473,""mem_b"":251427708,""priority"":""4"",""node"":""kwok-node-11""},{""name"":""rs-55-p1-ftmhl"",""cpu_m"":396,""mem_b"":176051301,""priority"":""1"",""node"":""kwok-node-10""},{""name"":""rs-56-p2-9ktgt"",""cpu_m"":850,""mem_b"":741853074,""priority"":""2"",""node"":""""},{""name"":""rs-56-p2-p8f6m"",""cpu_m"":850,""mem_b"":741853074,""priority"":""2"",""node"":""""},{""name"":""rs-56-p2-qfqxr"",""cpu_m"":850,""mem_b"":741853074,""priority"":""2"",""node"":""""},{""name"":""rs-57-p2-4hsdh"",""cpu_m"":349,""mem_b"":790754042,""priority"":""2"",""node"":""""},{""name"":""rs-57-p2-7szwf"",""cpu_m"":349,""mem_b"":790754042,""priority"":""2"",""node"":""""},{""name"":""rs-57-p2-bfbk2"",""cpu_m"":349,""mem_b"":790754042,""priority"":""2"",""node"":""""}]","[{""name"":""kwok-node-1"",""cap_cpu_m"":2115,""cap_mem_bytes"":2257833501},{""name"":""kwok-node-2"",""cap_cpu_m"":2115,""cap_mem_bytes"":2257833501},{""name"":""kwok-node-3"",""cap_cpu_m"":2115,""cap_mem_bytes"":2257833501},{""name"":""kwok-node-4"",""cap_cpu_m"":2115,""cap_mem_bytes"":2257833501},{""name"":""kwok-node-5"",""cap_cpu_m"":2115,""cap_mem_bytes"":2257833501},{""name"":""kwok-node-6"",""cap_cpu_m"":2115,""cap_mem_bytes"":2257833501},{""name"":""kwok-node-7"",""cap_cpu_m"":2115,""cap_mem_bytes"":2257833501},{""name"":""kwok-node-8"",""cap_cpu_m"":2115,""cap_mem_bytes"":2257833501},{""name"":""kwok-node-9"",""cap_cpu_m"":2115,""cap_mem_bytes"":2257833501},{""name"":""kwok-node-10"",""cap_cpu_m"":2115,""cap_mem_bytes"":2257833501},{""name"":""kwok-node-11"",""cap_cpu_m"":2115,""cap_mem_bytes"":2257833501},{""name"":""kwok-node-12"",""cap_cpu_m"":2115,""cap_mem_bytes"":2257833501},{""name"":""kwok-node-13"",""cap_cpu_m"":2115,""cap_mem_bytes"":2257833501},{""name"":""kwok-node-14"",""cap_cpu_m"":2115,""cap_mem_bytes"":2257833501},{""name"":""kwok-node-15"",""cap_cpu_m"":2115,""cap_mem_bytes"":2257833501},{""name"":""kwok-node-16"",""cap_cpu_m"":2115,""cap_mem_bytes"":2257833501},{""name"":""kwok-node-17"",""cap_cpu_m"":2115,""cap_mem_bytes"":2257833501},{""name"":""kwok-node-18"",""cap_cpu_m"":2115,""cap_mem_bytes"":2257833501},{""name"":""kwok-node-19"",""cap_cpu_m"":2115,""cap_mem_bytes"":2257833501},{""name"":""kwok-node-20"",""cap_cpu_m"":2115,""cap_mem_bytes"":2257833501},{""name"":""kwok-node-21"",""cap_cpu_m"":2115,""cap_mem_bytes"":2257833501},{""name"":""kwok-node-22"",""cap_cpu_m"":2115,""cap_mem_bytes"":2257833501},{""name"":""kwok-node-23"",""cap_cpu_m"":2115,""cap_mem_bytes"":2257833501},{""name"":""kwok-node-24"",""cap_cpu_m"":2115,""cap_mem_bytes"":2257833501},{""name"":""kwok-node-25"",""cap_cpu_m"":2115,""cap_mem_bytes"":2257833501},{""name"":""kwok-node-26"",""cap_cpu_m"":2115,""cap_mem_bytes"":2257833501},{""name"":""kwok-node-27"",""cap_cpu_m"":2115,""cap_mem_bytes"":2257833501},{""name"":""kwok-node-28"",""cap_cpu_m"":2115,""cap_mem_bytes"":2257833501},{""name"":""kwok-node-29"",""cap_cpu_m"":2115,""cap_mem_bytes"":2257833501},{""name"":""kwok-node-30"",""cap_cpu_m"":2115,""cap_mem_bytes"":2257833501},{""name"":""kwok-node-31"",""cap_cpu_m"":2115,""cap_mem_bytes"":2257833501},{""name"":""kwok-node-32"",""cap_cpu_m"":2115,""cap_mem_bytes"":2257833501}]"
2026/02/11/12:29:35,6617179428660612426,,"{""evicted"":0,""moved"":0,""placed_by_priority"":{""1"":31,""2"":36,""3"":20,""4"":20}}",python,"{""evicted"":6,""moved"":18,""placed_by_priority"":{""1"":25,""2"":47,""3"":23,""4"":23}}",957,FEASIBLE,"[{""duration_ms"":957,""name"":""python"",""score"":{""evicted"":6,""moved"":18,""placed_by_priority"":{""1"":25,""2"":47,""3"":23,""4"":23}},""status"":""FEASIBLE""}]",0.946,0.828,0.937,0.855,66789,58415,65200666663,59542417177,117,107,11,21,"{""kwok-node-1"":4,""kwok-node-10"":3,""kwok-node-11"":4,""kwok-node-12"":3,""kwok-node-13"":4,""kwok-node-14"":4,""kwok-node-15"":4,""kwok-node-16"":4,""kwok-node-17"":4,""kwok-node-18"":3,""kwok-node-19"":4,""kwok-node-2"":4,""kwok-node-20"":3,""kwok-node-21"":3,""kwok-node-22"":4,""kwok-node-23"":3,""kwok-node-24"":3,""kwok-node-25"":3,""kwok-node-26"":4,""kwok-node-27"":4,""kwok-node-28"":4,""kwok-node-29"":3,""kwok-node-3"":3,""kwok-node-30"":4,""kwok-node-31"":4,""kwok-node-32"":4,""kwok-node-4"":3,""kwok-node-5"":4,""kwok-node-6"":4,""kwok-node-7"":4,""kwok-node-8"":4,""kwok-node-9"":4}","{""kwok-node-1"":4,""kwok-node-10"":2,""kwok-node-11"":4,""kwok-node-12"":3,""kwok-node-13"":4,""kwok-node-14"":4,""kwok-node-15"":4,""kwok-node-16"":4,""kwok-node-17"":3,""kwok-node-18"":3,""kwok-node-19"":3,""kwok-node-2"":4,""kwok-node-20"":2,""kwok-node-21"":2,""kwok-node-22"":4,""kwok-node-23"":3,""kwok-node-24"":3,""kwok-node-25"":3,""kwok-node-26"":4,""kwok-node-27"":4,""kwok-node-28"":3,""kwok-node-29"":3,""kwok-node-3"":3,""kwok-node-30"":3,""kwok-node-31"":3,""kwok-node-32"":4,""kwok-node-4"":3,""kwok-node-5"":4,""kwok-node-6"":3,""kwok-node-7"":4,""kwok-node-8"":3,""kwok-node-9"":4}","{""p1"":24,""p2"":47,""p3"":23,""p4"":23}","{""p1"":31,""p2"":36,""p3"":20,""p4"":20}","{""p1"":11}","{""p1"":4,""p2"":11,""p3"":3,""p4"":3}","{rs-16-p1-bpdj4,rs-16-p1-dkltq,rs-16-p1-spr2p,rs-25-p1-8jpf7,rs-25-p1-rdhtk,rs-31-p1-mnjnr,rs-33-p1-qx8d2,rs-53-p1-l9lf9,rs-53-p1-m5kr9,rs-53-p1-smcqz,rs-53-p1-xrvrq}","{rs-39-p4-dx82t,rs-40-p3-2txw4,rs-40-p3-j9k6l,rs-41-p2-bxf2h,rs-41-p2-f2qm6,rs-41-p2-pk8ds,rs-41-p2-rq2fg,rs-46-p2-kktnh,rs-46-p2-sl5k6,rs-48-p2-jkd64,rs-48-p2-k4bpv,rs-48-p2-kslcx,rs-49-p4-b4c7q,rs-49-p4-hwsds,rs-50-p2-pljnn,rs-51-p2-2vtkd,rs-52-p3-5c9wz,rs-53-p1-l9lf9,rs-53-p1-m5kr9,rs-53-p1-smcqz,rs-53-p1-xrvrq}","{rs-01-p3-dxwmc,rs-01-p3-sggqp,rs-01-p3-t9qz5,rs-02-p3-875w9,rs-03-p4-s9d2f,rs-04-p4-kd85h,rs-04-p4-xxbvn,rs-05-p1-mm4bt,rs-06-p1-gg8fd,rs-07-p3-4xtzl,rs-07-p3-rzt4v,rs-08-p3-4kjpl,rs-08-p3-7d8n5,rs-08-p3-d272s,rs-09-p4-6lcvv,rs-09-p4-96b94,rs-09-p4-fl4lb,rs-09-p4-qp6bs,rs-10-p2-ndxrl,rs-11-p4-gclw4,rs-11-p4-zxm4j,rs-12-p1-2nmwj,rs-13-p3-8pk5q,rs-13-p3-qkjdz,rs-14-p2-nzdfq,rs-14-p2-qp4qn,rs-14-p2-wl7nq,rs-15-p3-c869k,rs-15-p3-gc8n6,rs-17-p2-6l6x6,rs-17-p2-7l7lt,rs-17-p2-8pzh5,rs-17-p2-lgpd9,rs-18-p1-5j6d9,rs-18-p1-6hlw7,rs-18-p1-dwcwc,rs-18-p1-lhwfb,rs-19-p1-j5rrj,rs-20-p2-fsglk,rs-20-p2-qw774,rs-20-p2-sfgg5,rs-20-p2-wm8df,rs-21-p1-4vh8t,rs-21-p1-6t8l7,rs-21-p1-9kpbs,rs-21-p1-tmddw,rs-22-p2-sxnkx,rs-23-p4-2sl7m,rs-23-p4-5p7fg,rs-23-p4-psgp8,rs-24-p2-t2rzm,rs-25-p1-pvs8f,rs-26-p1-995wt,rs-26-p1-xbk2g,rs-27-p2-brv9t,rs-27-p2-f5sgv,rs-27-p2-k5tr4,rs-27-p2-s55pv,rs-28-p2-mpwxs,rs-28-p2-p74ht,rs-29-p3-cc56p,rs-29-p3-jzlpg,rs-30-p2-fwwwp,rs-30-p2-mkqfp,rs-31-p1-4c77d,rs-31-p1-gww67,rs-31-p1-wgv2d,rs-32-p1-4phgf,rs-32-p1-86r6s,rs-32-p1-btjqz,rs-33-p1-ss4vw,rs-33-p1-x6lgb,rs-33-p1-z5jxx,rs-34-p2-8qqbt,rs-34-p2-997px,rs-35-p2-8qhnv,rs-35-p2-r8d9k,rs-35-p2-tpg72,rs-36-p2-4lcnn,rs-36-p2-gp2p2,rs-36-p2-ndd28,rs-36-p2-wlcbd,rs-37-p2-c9jk5,rs-38-p2-mf8tr,rs-39-p4-dx82t,rs-39-p4-pqvcd,rs-39-p4-skb6b,rs-39-p4-wl8p5,rs-40-p3-2txw4,rs-40-p3-j9k6l,rs-41-p2-bxf2h,rs-41-p2-f2qm6,rs-41-p2-pk8ds,rs-41-p2-rq2fg,rs-42-p3-2wmlr,rs-43-p4-cnrtx,rs-43-p4-vjcgl,rs-44-p3-6sj4f,rs-45-p4-69rgx,rs-45-p4-mjtlk,rs-45-p4-nzmlg,rs-46-p2-kktnh,rs-46-p2-sl5k6,rs-47-p3-xgds8,rs-48-p2-jkd64,rs-48-p2-k4bpv,rs-48-p2-kslcx,rs-49-p4-b4c7q,rs-49-p4-hwsds,rs-50-p2-f4qhs,rs-50-p2-frrcd,rs-50-p2-pljnn,rs-50-p2-xql5n,rs-51-p2-2vtkd,rs-52-p3-5c9wz,rs-54-p3-m9b9w,rs-55-p3-4st6f}","{rs-01-p3-dxwmc,rs-01-p3-sggqp,rs-01-p3-t9qz5,rs-02-p3-875w9,rs-03-p4-s9d2f,rs-04-p4-kd85h,rs-04-p4-xxbvn,rs-05-p1-fnrg4,rs-06-p1-zdczz,rs-07-p3-4xtzl,rs-07-p3-rzt4v,rs-08-p3-4kjpl,rs-08-p3-7d8n5,rs-08-p3-d272s,rs-09-p4-6lcvv,rs-09-p4-96b94,rs-09-p4-fl4lb,rs-09-p4-qp6bs,rs-10-p2-ndxrl,rs-11-p4-gclw4,rs-11-p4-zxm4j,rs-12-p1-xm554,rs-13-p3-8pk5q,rs-13-p3-qkjdz,rs-14-p2-nzdfq,rs-14-p2-qp4qn,rs-14-p2-wl7nq,rs-15-p3-c869k,rs-15-p3-gc8n6,rs-16-p1-4ckzc,rs-16-p1-8mtg2,rs-16-p1-hdskz,rs-17-p2-6l6x6,rs-17-p2-7l7lt,rs-17-p2-8pzh5,rs-17-p2-lgpd9,rs-18-p1-6bfvb,rs-18-p1-7k6cg,rs-18-p1-dwcwc,rs-18-p1-mp2xv,rs-19-p1-8w9h9,rs-20-p2-fsglk,rs-20-p2-qw774,rs-20-p2-sfgg5,rs-20-p2-wm8df,rs-21-p1-2ss5c,rs-21-p1-4vh8t,rs-21-p1-6t8l7,rs-21-p1-9kpbs,rs-22-p2-sxnkx,rs-23-p4-2sl7m,rs-23-p4-5p7fg,rs-23-p4-psgp8,rs-24-p2-t2rzm,rs-25-p1-4gg4r,rs-25-p1-l464l,rs-25-p1-q84fw,rs-26-p1-bd8mq,rs-26-p1-vk6hg,rs-27-p2-brv9t,rs-27-p2-f5sgv,rs-27-p2-k5tr4,rs-27-p2-s55pv,rs-28-p2-mpwxs,rs-28-p2-p74ht,rs-29-p3-cc56p,rs-29-p3-jzlpg,rs-30-p2-fwwwp,rs-30-p2-mkqfp,rs-31-p1-9hk76,rs-31-p1-hsx6j,rs-31-p1-rvglz,rs-31-p1-wgv2d,rs-32-p1-b489g,rs-32-p1-btjqz,rs-32-p1-d5jbs,rs-33-p1-4llkm,rs-33-p1-lmgbb,rs-33-p1-nncms,rs-33-p1-ss4vw,rs-34-p2-8qqbt,rs-34-p2-997px,rs-35-p2-8qhnv,rs-35-p2-r8d9k,rs-35-p2-tpg72,rs-36-p2-4lcnn,rs-36-p2-gp2p2,rs-36-p2-ndd28,rs-36-p2-wlcbd,rs-37-p2-c9jk5,rs-38-p2-mf8tr,rs-39-p4-pqvcd,rs-39-p4-skb6b,rs-39-p4-wl8p5,rs-42-p3-2wmlr,rs-43-p4-cnrtx,rs-43-p4-vjcgl,rs-44-p3-6sj4f,rs-45-p4-69rgx,rs-45-p4-mjtlk,rs-45-p4-nzmlg,rs-47-p3-xgds8,rs-50-p2-f4qhs,rs-50-p2-frrcd,rs-50-p2-xql5n,rs-54-p3-m9b9w,rs-55-p3-4st6f}","[{""name"":""rs-01-p3-dxwmc"",""cpu_m"":626,""mem_b"":258475478,""priority"":""3"",""node"":""kwok-node-15""},{""name"":""rs-01-p3-sggqp"",""cpu_m"":626,""mem_b"":258475478,""priority"":""3"",""node"":""kwok-node-11""},{""name"":""rs-01-p3-t9qz5"",""cpu_m"":626,""mem_b"":258475478,""priority"":""3"",""node"":""kwok-node-1""},{""name"":""rs-02-p3-875w9"",""cpu_m"":337,""mem_b"":555487797,""priority"":""3"",""node"":""kwok-node-18""},{""name"":""rs-03-p4-s9d2f"",""cpu_m"":899,""mem_b"":324947756,""priority"":""4"",""node"":""kwok-node-19""},{""name"":""rs-04-p4-kd85h"",""cpu_m"":746,""mem_b"":838140668,""priority"":""4"",""node"":""kwok-node-20""},{""name"":""rs-04-p4-xxbvn"",""cpu_m"":746,""mem_b"":838140668,""priority"":""4"",""node"":""kwok-node-10""},{""name"":""rs-05-p1-mm4bt"",""cpu_m"":733,""mem_b"":742272942,""priority"":""1"",""node"":""kwok-node-25""},{""name"":""rs-06-p1-gg8fd"",""cpu_m"":233,""mem_b"":721005555,""priority"":""1"",""node"":""kwok-node-1""},{""name"":""rs-07-p3-4xtzl"",""cpu_m"":389,""mem_b"":967226055,""priority"":""3"",""node"":""kwok-node-23""},{""name"":""rs-07-p3-rzt4v"",""cpu_m"":389,""mem_b"":967226055,""priority"":""3"",""node"":""kwok-node-29""},{""name"":""rs-08-p3-4kjpl"",""cpu_m"":684,""mem_b"":964707017,""priority"":""3"",""node"":""kwok-node-24""},{""name"":""rs-08-p3-7d8n5"",""cpu_m"":684,""mem_b"":964707017,""priority"":""3"",""node"":""kwok-node-12""},{""name"":""rs-08-p3-d272s"",""cpu_m"":684,""mem_b"":964707017,""priority"":""3"",""node"":""kwok-node-3""},{""name"":""rs-09-p4-6lcvv"",""cpu_m"":769,""mem_b"":178548938,""priority"":""4"",""node"":""kwok-node-30""},{""name"":""rs-09-p4-96b94"",""cpu_m"":769,""mem_b"":178548938,""priority"":""4"",""node"":""kwok-node-28""},{""name"":""rs-09-p4-fl4lb"",""cpu_m"":769,""mem_b"":178548938,""priority"":""4"",""node"":""kwok-node-14""},{""name"":""rs-09-p4-qp6bs"",""cpu_m"":769,""mem_b"":178548938,""priority"":""4"",""node"":""kwok-node-16""},{""name"":""rs-10-p2-ndxrl"",""cpu_m"":299,""mem_b"":744574740,""priority"":""2"",""node"":""kwok-node-17""},{""name"":""rs-11-p4-gclw4"",""cpu_m"":758,""mem_b"":370687115,""priority"":""4"",""node"":""kwok-node-13""},{""name"":""rs-11-p4-zxm4j"",""cpu_m"":758,""mem_b"":370687115,""priority"":""4"",""node"":""kwok-node-27""},{""name"":""rs-12-p1-2nmwj"",""cpu_m"":638,""mem_b"":787051317,""priority"":""1"",""node"":""kwok-node-2""},{""name"":""rs-13-p3-8pk5q"",""cpu_m"":268,""mem_b"":436434472,""priority"":""3"",""node"":""kwok-node-9""},{""name"":""rs-13-p3-qkjdz"",""cpu_m"":268,""mem_b"":436434472,""priority"":""3"",""node"":""kwok-node-26""},{""name"":""rs-14-p2-nzdfq"",""cpu_m"":440,""mem_b"":628075689,""priority"":""2"",""node"":""kwok-node-7""},{""name"":""rs-14-p2-qp4qn"",""cpu_m"":440,""mem_b"":628075689,""priority"":""2"",""node"":""kwok-node-5""},{""name"":""rs-14-p2-wl7nq"",""cpu_m"":440,""mem_b"":628075689,""priority"":""2"",""node"":""kwok-node-22""},{""name"":""rs-15-p3-c869k"",""cpu_m"":388,""mem_b"":221277798,""priority"":""3"",""node"":""kwok-node-8""},{""name"":""rs-15-p3-gc8n6"",""cpu_m"":388,""mem_b"":221277798,""priority"":""3"",""node"":""kwok-node-6""},{""name"":""rs-16-p1-bpdj4"",""cpu_m"":688,""mem_b"":893770926,""priority"":""1"",""node"":""""},{""name"":""rs-16-p1-dkltq"",""cpu_m"":688,""mem_b"":893770926,""priority"":""1"",""node"":""""},{""name"":""rs-16-p1-spr2p"",""cpu_m"":688,""mem_b"":893770926,""priority"":""1"",""node"":""""},{""name"":""rs-17-p2-6l6x6"",""cpu_m"":390,""mem_b"":644644396,""priority"":""2"",""node"":""kwok-node-8""},{""name"":""rs-17-p2-7l7lt"",""cpu_m"":390,""mem_b"":644644396,""priority"":""2"",""node"":""kwok-node-1""},{""name"":""rs-17-p2-8pzh5"",""cpu_m"":390,""mem_b"":644644396,""priority"":""2"",""node"":""kwok-node-6""},{""name"":""rs-17-p2-lgpd9"",""cpu_m"":390,""mem_b"":644644396,""priority"":""2"",""node"":""kwok-node-15""},{""name"":""rs-18-p1-5j6d9"",""cpu_m"":919,""mem_b"":237740636,""priority"":""1"",""node"":""kwok-node-30""},{""name"":""rs-18-p1-6hlw7"",""cpu_m"":919,""mem_b"":237740636,""priority"":""1"",""node"":""kwok-node-31""},{""name"":""rs-18-p1-dwcwc"",""cpu_m"":919,""mem_b"":237740636,""priority"":""1"",""node"":""kwok-node-17""},{""name"":""rs-18-p1-lhwfb"",""cpu_m"":919,""mem_b"":237740636,""priority"":""1"",""node"":""kwok-node-28""},{""name"":""rs-19-p1-j5rrj"",""cpu_m"":358,""mem_b"":211219265,""priority"":""1"",""node"":""kwok-node-19""},{""name"":""rs-20-p2-fsglk"",""cpu_m"":488,""mem_b"":385383234,""priority"":""2"",""node"":""kwok-node-11""},{""name"":""rs-20-p2-qw774"",""cpu_m"":488,""mem_b"":385383234,""priority"":""2"",""node"":""kwok-node-7""},{""name"":""rs-20-p2-sfgg5"",""cpu_m"":488,""mem_b"":385383234,""priority"":""2"",""node"":""kwok-node-22""},{""name"":""rs-20-p2-wm8df"",""cpu_m"":488,""mem_b"":385383234,""priority"":""2"",""node"":""kwok-node-5""},{""name"":""rs-21-p1-4vh8t"",""cpu_m"":422,""mem_b"":505435494,""priority"":""1"",""node"":""kwok-node-16""},{""name"":""rs-21-p1-6t8l7"",""cpu_m"":422,""mem_b"":505435494,""priority"":""1"",""node"":""kwok-node-13""},{""name"":""rs-21-p1-9kpbs"",""cpu_m"":422,""mem_b"":505435494,""priority"":""1"",""node"":""kwok-node-27""},{""name"":""rs-21-p1-tmddw"",""cpu_m"":422,""mem_b"":505435494,""priority"":""1"",""node"":""kwok-node-20""},{""name"":""rs-22-p2-sxnkx"",""cpu_m"":212,""mem_b"":129844586,""priority"":""2"",""node"":""kwok-node-32""},{""name"":""rs-23-p4-2sl7m"",""cpu_m"":915,""mem_b"":399706070,""priority"":""4"",""node"":""kwok-node-3""},{""name"":""rs-23-p4-5p7fg"",""cpu_m"":915,""mem_b"":399706070,""priority"":""4"",""node"":""kwok-node-23""},{""name"":""rs-23-p4-psgp8"",""cpu_m"":915,""mem_b"":399706070,""priority"":""4"",""node"":""kwok-node-29""},{""name"":""rs-24-p2-t2rzm"",""cpu_m"":336,""mem_b"":970794759,""priority"":""2"",""node"":""kwok-node-14""},{""name"":""rs-25-p1-8jpf7"",""cpu_m"":415,""mem_b"":866261876,""priority"":""1"",""node"":""""},{""name"":""rs-25-p1-pvs8f"",""cpu_m"":415,""mem_b"":866261876,""priority"":""1"",""node"":""kwok-node-16""},{""name"":""rs-25-p1-rdhtk"",""cpu_m"":415,""mem_b"":866261876,""priority"":""1"",""node"":""""},{""name"":""rs-26-p1-995wt"",""cpu_m"":651,""mem_b"":316831752,""priority"":""1"",""node"":""kwok-node-6""},{""name"":""rs-26-p1-xbk2g"",""cpu_m"":651,""mem_b"":316831752,""priority"":""1"",""node"":""kwok-node-8""},{""name"":""rs-27-p2-brv9t"",""cpu_m"":909,""mem_b"":802534633,""priority"":""2"",""node"":""kwok-node-10""},{""name"":""rs-27-p2-f5sgv"",""cpu_m"":909,""mem_b"":802534633,""priority"":""2"",""node"":""kwok-node-18""},{""name"":""rs-27-p2-k5tr4"",""cpu_m"":909,""mem_b"":802534633,""priority"":""2"",""node"":""kwok-node-20""},{""name"":""rs-27-p2-s55pv"",""cpu_m"":909,""mem_b"":802534633,""priority"":""2"",""node"":""kwok-node-21""},{""name"":""rs-28-p2-mpwxs"",""cpu_m"":417,""mem_b"":889662734,""priority"":""2"",""node"":""kwok-node-26""},{""name"":""rs-28-p2-p74ht"",""cpu_m"":417,""mem_b"":889662734,""priority"":""2"",""node"":""kwok-node-28""},{""name"":""rs-29-p3-cc56p"",""cpu_m"":753,""mem_b"":825002561,""priority"":""3"",""node"":""kwok-node-6""},{""name"":""rs-29-p3-jzlpg"",""cpu_m"":753,""mem_b"":825002561,""priority"":""3"",""node"":""kwok-node-8""},{""name"":""rs-30-p2-fwwwp"",""cpu_m"":882,""mem_b"":383147877,""priority"":""2"",""node"":""kwok-node-25""},{""name"":""rs-30-p2-mkqfp"",""cpu_m"":882,""mem_b"":383147877,""priority"":""2"",""node"":""kwok-node-31""},{""name"":""rs-31-p1-4c77d"",""cpu_m"":101,""mem_b"":622093520,""priority"":""1"",""node"":""kwok-node-31""},{""name"":""rs-31-p1-gww67"",""cpu_m"":101,""mem_b"":622093520,""priority"":""1"",""node"":""kwok-node-28""},{""name"":""rs-31-p1-mnjnr"",""cpu_m"":101,""mem_b"":622093520,""priority"":""1"",""node"":""""},{""name"":""rs-31-p1-wgv2d"",""cpu_m"":101,""mem_b"":622093520,""priority"":""1"",""node"":""kwok-node-27""},{""name"":""rs-32-p1-4phgf"",""cpu_m"":131,""mem_b"":749006842,""priority"":""1"",""node"":""kwok-node-32""},{""name"":""rs-32-p1-86r6s"",""cpu_m"":131,""mem_b"":749006842,""priority"":""1"",""node"":""kwok-node-15""},{""name"":""rs-32-p1-btjqz"",""cpu_m"":131,""mem_b"":749006842,""priority"":""1"",""node"":""kwok-node-13""},{""name"":""rs-33-p1-qx8d2"",""cpu_m"":541,""mem_b"":341459104,""priority"":""1"",""node"":""""},{""name"":""rs-33-p1-ss4vw"",""cpu_m"":541,""mem_b"":341459104,""priority"":""1"",""node"":""kwok-node-7""},{""name"":""rs-33-p1-x6lgb"",""cpu_m"":541,""mem_b"":341459104,""priority"":""1"",""node"":""kwok-node-10""},{""name"":""rs-33-p1-z5jxx"",""cpu_m"":541,""mem_b"":341459104,""priority"":""1"",""node"":""kwok-node-17""},{""name"":""rs-34-p2-8qqbt"",""cpu_m"":374,""mem_b"":112018234,""priority"":""2"",""node"":""kwok-node-14""},{""name"":""rs-34-p2-997px"",""cpu_m"":374,""mem_b"":112018234,""priority"":""2"",""node"":""kwok-node-2""},{""name"":""rs-35-p2-8qhnv"",""cpu_m"":239,""mem_b"":816834237,""priority"":""2"",""node"":""kwok-node-30""},{""name"":""rs-35-p2-r8d9k"",""cpu_m"":239,""mem_b"":816834237,""priority"":""2"",""node"":""kwok-node-17""},{""name"":""rs-35-p2-tpg72"",""cpu_m"":239,""mem_b"":816834237,""priority"":""2"",""node"":""kwok-node-2""},{""name"":""rs-36-p2-4lcnn"",""cpu_m"":583,""mem_b"":509427354,""priority"":""2"",""node"":""kwok-node-9""},{""name"":""rs-36-p2-gp2p2"",""cpu_m"":583,""mem_b"":509427354,""priority"":""2"",""node"":""kwok-node-16""},{""name"":""rs-36-p2-ndd28"",""cpu_m"":583,""mem_b"":509427354,""priority"":""2"",""node"":""kwok-node-19""},{""name"":""rs-36-p2-wlcbd"",""cpu_m"":583,""mem_b"":509427354,""priority"":""2"",""node"":""kwok-node-24""},{""name"":""rs-37-p2-c9jk5"",""cpu_m"":787,""mem_b"":902179046,""priority"":""2"",""node"":""kwok-node-32""},{""name"":""rs-38-p2-mf8tr"",""cpu_m"":946,""mem_b"":267358852,""priority"":""2"",""node"":""kwok-node-4""},{""name"":""rs-39-p4-dx82t"",""cpu_m"":905,""mem_b"":472753709,""priority"":""4"",""node"":""kwok-node-24""},{""name"":""rs-39-p4-pqvcd"",""cpu_m"":905,""mem_b"":472753709,""priority"":""4"",""node"":""kwok-node-15""},{""name"":""rs-39-p4-skb6b"",""cpu_m"":905,""mem_b"":472753709,""priority"":""4"",""node"":""kwok-node-27""},{""name"":""rs-39-p4-wl8p5"",""cpu_m"":905,""mem_b"":472753709,""priority"":""4"",""node"":""kwok-node-1""},{""name"":""rs-40-p3-2txw4"",""cpu_m"":356,""mem_b"":944230077,""priority"":""3"",""node"":""kwok-node-4""},{""name"":""rs-40-p3-j9k6l"",""cpu_m"":356,""mem_b"":944230077,""priority"":""3"",""node"":""kwok-node-19""},{""name"":""rs-41-p2-bxf2h"",""cpu_m"":950,""mem_b"":366927572,""priority"":""2"",""node"":""kwok-node-9""},{""name"":""rs-41-p2-f2qm6"",""cpu_m"":950,""mem_b"":366927572,""priority"":""2"",""node"":""kwok-node-32""},{""name"":""rs-41-p2-pk8ds"",""cpu_m"":950,""mem_b"":366927572,""priority"":""2"",""node"":""kwok-node-2""},{""name"":""rs-41-p2-rq2fg"",""cpu_m"":950,""mem_b"":366927572,""priority"":""2"",""node"":""kwok-node-21""},{""name"":""rs-42-p3-2wmlr"",""cpu_m"":833,""mem_b"":619833931,""priority"":""3"",""node"":""kwok-node-29""},{""name"":""rs-43-p4-cnrtx"",""cpu_m"":390,""mem_b"":768075447,""priority"":""4"",""node"":""kwok-node-25""},{""name"":""rs-43-p4-vjcgl"",""cpu_m"":390,""mem_b"":768075447,""priority"":""4"",""node"":""kwok-node-14""},{""name"":""rs-44-p3-6sj4f"",""cpu_m"":280,""mem_b"":468901770,""priority"":""3"",""node"":""kwok-node-12""},{""name"":""rs-45-p4-69rgx"",""cpu_m"":701,""mem_b"":408872911,""priority"":""4"",""node"":""kwok-node-7""},{""name"":""rs-45-p4-mjtlk"",""cpu_m"":701,""mem_b"":408872911,""priority"":""4"",""node"":""kwok-node-23""},{""name"":""rs-45-p4-nzmlg"",""cpu_m"":701,""mem_b"":408872911,""priority"":""4"",""node"":""kwok-node-13""},{""name"":""rs-46-p2-kktnh"",""cpu_m"":959,""mem_b"":703986825,""priority"":""2"",""node"":""kwok-node-26""},{""name"":""rs-46-p2-sl5k6"",""cpu_m"":959,""mem_b"":703986825,""priority"":""2"",""node"":""kwok-node-18""},{""name"":""rs-47-p3-xgds8"",""cpu_m"":106,""mem_b"":879534002,""priority"":""3"",""node"":""kwok-node-31""},{""name"":""rs-48-p2-jkd64"",""cpu_m"":269,""mem_b"":921797748,""priority"":""2"",""node"":""kwok-node-4""},{""name"":""rs-48-p2-k4bpv"",""cpu_m"":269,""mem_b"":921797748,""priority"":""2"",""node"":""kwok-node-30""},{""name"":""rs-48-p2-kslcx"",""cpu_m"":269,""mem_b"":921797748,""priority"":""2"",""node"":""kwok-node-21""},{""name"":""rs-49-p4-b4c7q"",""cpu_m"":922,""mem_b"":357236618,""priority"":""4"",""node"":""kwok-node-5""},{""name"":""rs-49-p4-hwsds"",""cpu_m"":922,""mem_b"":357236618,""priority"":""4"",""node"":""kwok-node-22""},{""name"":""rs-50-p2-f4qhs"",""cpu_m"":351,""mem_b"":775653564,""priority"":""2"",""node"":""kwok-node-5""},{""name"":""rs-50-p2-frrcd"",""cpu_m"":351,""mem_b"":775653564,""priority"":""2"",""node"":""kwok-node-22""},{""name"":""rs-50-p2-pljnn"",""cpu_m"":351,""mem_b"":775653564,""priority"":""2"",""node"":""kwok-node-9""},{""name"":""rs-50-p2-xql5n"",""cpu_m"":351,""mem_b"":775653564,""priority"":""2"",""node"":""kwok-node-3""},{""name"":""rs-51-p2-2vtkd"",""cpu_m"":589,""mem_b"":966732486,""priority"":""2"",""node"":""kwok-node-11""},{""name"":""rs-52-p3-5c9wz"",""cpu_m"":984,""mem_b"":576488309,""priority"":""3"",""node"":""kwok-node-12""},{""name"":""rs-53-p1-l9lf9"",""cpu_m"":943,""mem_b"":627701242,""priority"":""1"",""node"":""""},{""name"":""rs-53-p1-m5kr9"",""cpu_m"":943,""mem_b"":627701242,""priority"":""1"",""node"":""""},{""name"":""rs-53-p1-smcqz"",""cpu_m"":943,""mem_b"":627701242,""priority"":""1"",""node"":""""},{""name"":""rs-53-p1-xrvrq"",""cpu_m"":943,""mem_b"":627701242,""priority"":""1"",""node"":""""},{""name"":""rs-54-p3-m9b9w"",""cpu_m"":418,""mem_b"":242116341,""priority"":""3"",""node"":""kwok-node-11""},{""name"":""rs-55-p3-4st6f"",""cpu_m"":195,""mem_b"":106860899,""priority"":""3"",""node"":""kwok-node-26""}]","[{""name"":""rs-01-p3-dxwmc"",""cpu_m"":626,""mem_b"":258475478,""priority"":""3"",""node"":""kwok-node-15""},{""name"":""rs-01-p3-sggqp"",""cpu_m"":626,""mem_b"":258475478,""priority"":""3"",""node"":""kwok-node-11""},{""name"":""rs-01-p3-t9qz5"",""cpu_m"":626,""mem_b"":258475478,""priority"":""3"",""node"":""kwok-node-1""},{""name"":""rs-02-p3-875w9"",""cpu_m"":337,""mem_b"":555487797,""priority"":""3"",""node"":""kwok-node-18""},{""name"":""rs-03-p4-s9d2f"",""cpu_m"":899,""mem_b"":324947756,""priority"":""4"",""node"":""kwok-node-19""},{""name"":""rs-04-p4-kd85h"",""cpu_m"":746,""mem_b"":838140668,""priority"":""4"",""node"":""kwok-node-20""},{""name"":""rs-04-p4-xxbvn"",""cpu_m"":746,""mem_b"":838140668,""priority"":""4"",""node"":""kwok-node-10""},{""name"":""rs-05-p1-fnrg4"",""cpu_m"":733,""mem_b"":742272942,""priority"":""1"",""node"":""kwok-node-21""},{""name"":""rs-06-p1-zdczz"",""cpu_m"":233,""mem_b"":721005555,""priority"":""1"",""node"":""kwok-node-2""},{""name"":""rs-07-p3-4xtzl"",""cpu_m"":389,""mem_b"":967226055,""priority"":""3"",""node"":""kwok-node-23""},{""name"":""rs-07-p3-rzt4v"",""cpu_m"":389,""mem_b"":967226055,""priority"":""3"",""node"":""kwok-node-29""},{""name"":""rs-08-p3-4kjpl"",""cpu_m"":684,""mem_b"":964707017,""priority"":""3"",""node"":""kwok-node-24""},{""name"":""rs-08-p3-7d8n5"",""cpu_m"":684,""mem_b"":964707017,""priority"":""3"",""node"":""kwok-node-12""},{""name"":""rs-08-p3-d272s"",""cpu_m"":684,""mem_b"":964707017,""priority"":""3"",""node"":""kwok-node-3""},{""name"":""rs-09-p4-6lcvv"",""cpu_m"":769,""mem_b"":178548938,""priority"":""4"",""node"":""kwok-node-30""},{""name"":""rs-09-p4-96b94"",""cpu_m"":769,""mem_b"":178548938,""priority"":""4"",""node"":""kwok-node-28""},{""name"":""rs-09-p4-fl4lb"",""cpu_m"":769,""mem_b"":178548938,""priority"":""4"",""node"":""kwok-node-14""},{""name"":""rs-09-p4-qp6bs"",""cpu_m"":769,""mem_b"":178548938,""priority"":""4"",""node"":""kwok-node-16""},{""name"":""rs-10-p2-ndxrl"",""cpu_m"":299,""mem_b"":744574740,""priority"":""2"",""node"":""kwok-node-17""},{""name"":""rs-11-p4-gclw4"",""cpu_m"":758,""mem_b"":370687115,""priority"":""4"",""node"":""kwok-node-13""},{""name"":""rs-11-p4-zxm4j"",""cpu_m"":758,""mem_b"":370687115,""priority"":""4"",""node"":""kwok-node-27""},{""name"":""rs-12-p1-xm554"",""cpu_m"":638,""mem_b"":787051317,""priority"":""1"",""node"":""kwok-node-32""},{""name"":""rs-13-p3-8pk5q"",""cpu_m"":268,""mem_b"":436434472,""priority"":""3"",""node"":""kwok-node-9""},{""name"":""rs-13-p3-qkjdz"",""cpu_m"":268,""mem_b"":436434472,""priority"":""3"",""node"":""kwok-node-26""},{""name"":""rs-14-p2-nzdfq"",""cpu_m"":440,""mem_b"":628075689,""priority"":""2"",""node"":""kwok-node-7""},{""name"":""rs-14-p2-qp4qn"",""cpu_m"":440,""mem_b"":628075689,""priority"":""2"",""node"":""kwok-node-5""},{""name"":""rs-14-p2-wl7nq"",""cpu_m"":440,""mem_b"":628075689,""priority"":""2"",""node"":""kwok-node-22""},{""name"":""rs-15-p3-c869k"",""cpu_m"":388,""mem_b"":221277798,""priority"":""3"",""node"":""kwok-node-8""},{""name"":""rs-15-p3-gc8n6"",""cpu_m"":388,""mem_b"":221277798,""priority"":""3"",""node"":""kwok-node-6""},{""name"":""rs-16-p1-4ckzc"",""cpu_m"":688,""mem_b"":893770926,""priority"":""1"",""node"":""kwok-node-31""},{""name"":""rs-16-p1-8mtg2"",""cpu_m"":688,""mem_b"":893770926,""priority"":""1"",""node"":""kwok-node-25""},{""name"":""rs-16-p1-hdskz"",""cpu_m"":688,""mem_b"":893770926,""priority"":""1"",""node"":""kwok-node-4""},{""name"":""rs-17-p2-6l6x6"",""cpu_m"":390,""mem_b"":644644396,""priority"":""2"",""node"":""kwok-node-8""},{""name"":""rs-17-p2-7l7lt"",""cpu_m"":390,""mem_b"":644644396,""priority"":""2"",""node"":""kwok-node-1""},{""name"":""rs-17-p2-8pzh5"",""cpu_m"":390,""mem_b"":644644396,""priority"":""2"",""node"":""kwok-node-6""},{""name"":""rs-17-p2-lgpd9"",""cpu_m"":390,""mem_b"":644644396,""priority"":""2"",""node"":""kwok-node-15""},{""name"":""rs-18-p1-6bfvb"",""cpu_m"":919,""mem_b"":237740636,""priority"":""1"",""node"":""kwok-node-2""},{""name"":""rs-18-p1-7k6cg"",""cpu_m"":919,""mem_b"":237740636,""priority"":""1"",""node"":""kwok-node-9""},{""name"":""rs-18-p1-dwcwc"",""cpu_m"":919,""mem_b"":237740636,""priority"":""1"",""node"":""kwok-node-17""},{""name"":""rs-18-p1-mp2xv"",""cpu_m"":919,""mem_b"":237740636,""priority"":""1"",""node"":""kwok-node-26""},{""name"":""rs-19-p1-8w9h9"",""cpu_m"":358,""mem_b"":211219265,""priority"":""1"",""node"":""kwok-node-18""},{""name"":""rs-20-p2-fsglk"",""cpu_m"":488,""mem_b"":385383234,""priority"":""2"",""node"":""kwok-node-11""},{""name"":""rs-20-p2-qw774"",""cpu_m"":488,""mem_b"":385383234,""priority"":""2"",""node"":""kwok-node-7""},{""name"":""rs-20-p2-sfgg5"",""cpu_m"":488,""mem_b"":385383234,""priority"":""2"",""node"":""kwok-node-22""},{""name"":""rs-20-p2-wm8df"",""cpu_m"":488,""mem_b"":385383234,""priority"":""2"",""node"":""kwok-node-5""},{""name"":""rs-21-p1-2ss5c"",""cpu_m"":422,""mem_b"":505435494,""priority"":""1"",""node"":""kwok-node-28""},{""name"":""rs-21-p1-4vh8t"",""cpu_m"":422,""mem_b"":505435494,""priority"":""1"",""node"":""kwok-node-16""},{""name"":""rs-21-p1-6t8l7"",""cpu_m"":422,""mem_b"":505435494,""priority"":""1"",""node"":""kwok-node-13""},{""name"":""rs-21-p1-9kpbs"",""cpu_m"":422,""mem_b"":505435494,""priority"":""1"",""node"":""kwok-node-27""},{""name"":""rs-22-p2-sxnkx"",""cpu_m"":212,""mem_b"":129844586,""priority"":""2"",""node"":""kwok-node-32""},{""name"":""rs-23-p4-2sl7m"",""cpu_m"":915,""mem_b"":399706070,""priority"":""4"",""node"":""kwok-node-3""},{""name"":""rs-23-p4-5p7fg"",""cpu_m"":915,""mem_b"":399706070,""priority"":""4"",""node"":""kwok-node-23""},{""name"":""rs-23-p4-psgp8"",""cpu_m"":915,""mem_b"":399706070,""priority"":""4"",""node"":""kwok-node-29""},{""name"":""rs-24-p2-t2rzm"",""cpu_m"":336,""mem_b"":970794759,""priority"":""2"",""node"":""kwok-node-14""},{""name"":""rs-25-p1-4gg4r"",""cpu_m"":415,""mem_b"":866261876,""priority"":""1"",""node"":""kwok-node-30""},{""name"":""rs-25-p1-l464l"",""cpu_m"":415,""mem_b"":866261876,""priority"":""1"",""node"":""kwok-node-19""},{""name"":""rs-25-p1-q84fw"",""cpu_m"":415,""mem_b"":866261876,""priority"":""1"",""node"":""kwok-node-11""},{""name"":""rs-26-p1-bd8mq"",""cpu_m"":651,""mem_b"":316831752,""priority"":""1"",""node"":""kwok-node-12""},{""name"":""rs-26-p1-vk6hg"",""cpu_m"":651,""mem_b"":316831752,""priority"":""1"",""node"":""kwok-node-24""},{""name"":""rs-27-p2-brv9t"",""cpu_m"":909,""mem_b"":802534633,""priority"":""2"",""node"":""kwok-node-10""},{""name"":""rs-27-p2-f5sgv"",""cpu_m"":909,""mem_b"":802534633,""priority"":""2"",""node"":""kwok-node-18""},{""name"":""rs-27-p2-k5tr4"",""cpu_m"":909,""mem_b"":802534633,""priority"":""2"",""node"":""kwok-node-20""},{""name"":""rs-27-p2-s55pv"",""cpu_m"":909,""mem_b"":802534633,""priority"":""2"",""node"":""kwok-node-21""},{""name"":""rs-28-p2-mpwxs"",""cpu_m"":417,""mem_b"":889662734,""priority"":""2"",""node"":""kwok-node-26""},{""name"":""rs-28-p2-p74ht"",""cpu_m"":417,""mem_b"":889662734,""priority"":""2"",""node"":""kwok-node-28""},{""name"":""rs-29-p3-cc56p"",""cpu_m"":753,""mem_b"":825002561,""priority"":""3"",""node"":""kwok-node-6""},{""name"":""rs-29-p3-jzlpg"",""cpu_m"":753,""mem_b"":825002561,""priority"":""3"",""node"":""kwok-node-8""},{""name"":""rs-30-p2-fwwwp"",""cpu_m"":882,""mem_b"":383147877,""priority"":""2"",""node"":""kwok-node-25""},{""name"":""rs-30-p2-mkqfp"",""cpu_m"":882,""mem_b"":383147877,""priority"":""2"",""node"":""kwok-node-31""},{""name"":""rs-31-p1-9hk76"",""cpu_m"":101,""mem_b"":622093520,""priority"":""1"",""node"":""kwok-node-4""},{""name"":""rs-31-p1-hsx6j"",""cpu_m"":101,""mem_b"":622093520,""priority"":""1"",""node"":""kwok-node-16""},{""name"":""rs-31-p1-rvglz"",""cpu_m"":101,""mem_b"":622093520,""priority"":""1"",""node"":""kwok-node-9""},{""name"":""rs-31-p1-wgv2d"",""cpu_m"":101,""mem_b"":622093520,""priority"":""1"",""node"":""kwok-node-27""},{""name"":""rs-32-p1-b489g"",""cpu_m"":131,""mem_b"":749006842,""priority"":""1"",""node"":""kwok-node-15""},{""name"":""rs-32-p1-btjqz"",""cpu_m"":131,""mem_b"":749006842,""priority"":""1"",""node"":""kwok-node-13""},{""name"":""rs-32-p1-d5jbs"",""cpu_m"":131,""mem_b"":749006842,""priority"":""1"",""node"":""kwok-node-1""},{""name"":""rs-33-p1-4llkm"",""cpu_m"":541,""mem_b"":341459104,""priority"":""1"",""node"":""kwok-node-5""},{""name"":""rs-33-p1-lmgbb"",""cpu_m"":541,""mem_b"":341459104,""priority"":""1"",""node"":""kwok-node-22""},{""name"":""rs-33-p1-nncms"",""cpu_m"":541,""mem_b"":341459104,""priority"":""1"",""node"":""kwok-node-32""},{""name"":""rs-33-p1-ss4vw"",""cpu_m"":541,""mem_b"":341459104,""priority"":""1"",""node"":""kwok-node-7""},{""name"":""rs-34-p2-8qqbt"",""cpu_m"":374,""mem_b"":112018234,""priority"":""2"",""node"":""kwok-node-14""},{""name"":""rs-34-p2-997px"",""cpu_m"":374,""mem_b"":112018234,""priority"":""2"",""node"":""kwok-node-2""},{""name"":""rs-35-p2-8qhnv"",""cpu_m"":239,""mem_b"":816834237,""priority"":""2"",""node"":""kwok-node-30""},{""name"":""rs-35-p2-r8d9k"",""cpu_m"":239,""mem_b"":816834237,""priority"":""2"",""node"":""kwok-node-17""},{""name"":""rs-35-p2-tpg72"",""cpu_m"":239,""mem_b"":816834237,""priority"":""2"",""node"":""kwok-node-2""},{""name"":""rs-36-p2-4lcnn"",""cpu_m"":583,""mem_b"":509427354,""priority"":""2"",""node"":""kwok-node-9""},{""name"":""rs-36-p2-gp2p2"",""cpu_m"":583,""mem_b"":509427354,""priority"":""2"",""node"":""kwok-node-16""},{""name"":""rs-36-p2-ndd28"",""cpu_m"":583,""mem_b"":509427354,""priority"":""2"",""node"":""kwok-node-19""},{""name"":""rs-36-p2-wlcbd"",""cpu_m"":583,""mem_b"":509427354,""priority"":""2"",""node"":""kwok-node-24""},{""name"":""rs-37-p2-c9jk5"",""cpu_m"":787,""mem_b"":902179046,""priority"":""2"",""node"":""kwok-node-32""},{""name"":""rs-38-p2-mf8tr"",""cpu_m"":946,""mem_b"":267358852,""priority"":""2"",""node"":""kwok-node-4""},{""name"":""rs-39-p4-dx82t"",""cpu_m"":905,""mem_b"":472753709,""priority"":""4"",""node"":""""},{""name"":""rs-39-p4-pqvcd"",""cpu_m"":905,""mem_b"":472753709,""priority"":""4"",""node"":""kwok-node-15""},{""name"":""rs-39-p4-skb6b"",""cpu_m"":905,""mem_b"":472753709,""priority"":""4"",""node"":""kwok-node-27""},{""name"":""rs-39-p4-wl8p5"",""cpu_m"":905,""mem_b"":472753709,""priority"":""4"",""node"":""kwok-node-1""},{""name"":""rs-40-p3-2txw4"",""cpu_m"":356,""mem_b"":944230077,""priority"":""3"",""node"":""""},{""name"":""rs-40-p3-j9k6l"",""cpu_m"":356,""mem_b"":944230077,""priority"":""3"",""node"":""""},{""name"":""rs-41-p2-bxf2h"",""cpu_m"":950,""mem_b"":366927572,""priority"":""2"",""node"":""""},{""name"":""rs-41-p2-f2qm6"",""cpu_m"":950,""mem_b"":366927572,""priority"":""2"",""node"":""""},{""name"":""rs-41-p2-pk8ds"",""cpu_m"":950,""mem_b"":366927572,""priority"":""2"",""node"":""""},{""name"":""rs-41-p2-rq2fg"",""cpu_m"":950,""mem_b"":366927572,""priority"":""2"",""node"":""""},{""name"":""rs-42-p3-2wmlr"",""cpu_m"":833,""mem_b"":619833931,""priority"":""3"",""node"":""kwok-node-29""},{""name"":""rs-43-p4-cnrtx"",""cpu_m"":390,""mem_b"":768075447,""priority"":""4"",""node"":""kwok-node-25""},{""name"":""rs-43-p4-vjcgl"",""cpu_m"":390,""mem_b"":768075447,""priority"":""4"",""node"":""kwok-node-14""},{""name"":""rs-44-p3-6sj4f"",""cpu_m"":280,""mem_b"":468901770,""priority"":""3"",""node"":""kwok-node-12""},{""name"":""rs-45-p4-69rgx"",""cpu_m"":701,""mem_b"":408872911,""priority"":""4"",""node"":""kwok-node-7""},{""name"":""rs-45-p4-mjtlk"",""cpu_m"":701,""mem_b"":408872911,""priority"":""4"",""node"":""kwok-node-23""},{""name"":""rs-45-p4-nzmlg"",""cpu_m"":701,""mem_b"":408872911,""priority"":""4"",""node"":""kwok-node-13""},{""name"":""rs-46-p2-kktnh"",""cpu_m"":959,""mem_b"":703986825,""priority"":""2"",""node"":""""},{""name"":""rs-46-p2-sl5k6"",""cpu_m"":959,""mem_b"":703986825,""priority"":""2"",""node"":""""},{""name"":""rs-47-p3-xgds8"",""cpu_m"":106,""mem_b"":879534002,""priority"":""3"",""node"":""kwok-node-31""},{""name"":""rs-48-p2-jkd64"",""cpu_m"":269,""mem_b"":921797748,""priority"":""2"",""node"":""""},{""name"":""rs-48-p2-k4bpv"",""cpu_m"":269,""mem_b"":921797748,""priority"":""2"",""node"":""""},{""name"":""rs-48-p2-kslcx"",""cpu_m"":269,""mem_b"":921797748,""priority"":""2"",""node"":""""},{""name"":""rs-49-p4-b4c7q"",""cpu_m"":922,""mem_b"":357236618,""priority"":""4"",""node"":""""},{""name"":""rs-49-p4-hwsds"",""cpu_m"":922,""mem_b"":357236618,""priority"":""4"",""node"":""""},{""name"":""rs-50-p2-f4qhs"",""cpu_m"":351,""mem_b"":775653564,""priority"":""2"",""node"":""kwok-node-5""},{""name"":""rs-50-p2-frrcd"",""cpu_m"":351,""mem_b"":775653564,""priority"":""2"",""node"":""kwok-node-22""},{""name"":""rs-50-p2-pljnn"",""cpu_m"":351,""mem_b"":775653564,""priority"":""2"",""node"":""""},{""name"":""rs-50-p2-xql5n"",""cpu_m"":351,""mem_b"":775653564,""priority"":""2"",""node"":""kwok-node-3""},{""name"":""rs-51-p2-2vtkd"",""cpu_m"":589,""mem_b"":966732486,""priority"":""2"",""node"":""""},{""name"":""rs-52-p3-5c9wz"",""cpu_m"":984,""mem_b"":576488309,""priority"":""3"",""node"":""""},{""name"":""rs-53-p1-l9lf9"",""cpu_m"":943,""mem_b"":627701242,""priority"":""1"",""node"":""""},{""name"":""rs-53-p1-m5kr9"",""cpu_m"":943,""mem_b"":627701242,""priority"":""1"",""node"":""""},{""name"":""rs-53-p1-smcqz"",""cpu_m"":943,""mem_b"":627701242,""priority"":""1"",""node"":""""},{""name"":""rs-53-p1-xrvrq"",""cpu_m"":943,""mem_b"":627701242,""priority"":""1"",""node"":""""},{""name"":""rs-54-p3-m9b9w"",""cpu_m"":418,""mem_b"":242116341,""priority"":""3"",""node"":""kwok-node-11""},{""name"":""rs-55-p3-4st6f"",""cpu_m"":195,""mem_b"":106860899,""priority"":""3"",""node"":""kwok-node-26""}]","[{""name"":""kwok-node-1"",""cap_cpu_m"":2206,""cap_mem_bytes"":2175263714},{""name"":""kwok-node-2"",""cap_cpu_m"":2206,""cap_mem_bytes"":2175263714},{""name"":""kwok-node-3"",""cap_cpu_m"":2206,""cap_mem_bytes"":2175263714},{""name"":""kwok-node-4"",""cap_cpu_m"":2206,""cap_mem_bytes"":2175263714},{""name"":""kwok-node-5"",""cap_cpu_m"":2206,""cap_mem_bytes"":2175263714},{""name"":""kwok-node-6"",""cap_cpu_m"":2206,""cap_mem_bytes"":2175263714},{""name"":""kwok-node-7"",""cap_cpu_m"":2206,""cap_mem_bytes"":2175263714},{""name"":""kwok-node-8"",""cap_cpu_m"":2206,""cap_mem_bytes"":2175263714},{""name"":""kwok-node-9"",""cap_cpu_m"":2206,""cap_mem_bytes"":2175263714},{""name"":""kwok-node-10"",""cap_cpu_m"":2206,""cap_mem_bytes"":2175263714},{""name"":""kwok-node-11"",""cap_cpu_m"":2206,""cap_mem_bytes"":2175263714},{""name"":""kwok-node-12"",""cap_cpu_m"":2206,""cap_mem_bytes"":2175263714},{""name"":""kwok-node-13"",""cap_cpu_m"":2206,""cap_mem_bytes"":2175263714},{""name"":""kwok-node-14"",""cap_cpu_m"":2206,""cap_mem_bytes"":2175263714},{""name"":""kwok-node-15"",""cap_cpu_m"":2206,""cap_mem_bytes"":2175263714},{""name"":""kwok-node-16"",""cap_cpu_m"":2206,""cap_mem_bytes"":2175263714},{""name"":""kwok-node-17"",""cap_cpu_m"":2206,""cap_mem_bytes"":2175263714},{""name"":""kwok-node-18"",""cap_cpu_m"":2206,""cap_mem_bytes"":2175263714},{""name"":""kwok-node-19"",""cap_cpu_m"":2206,""cap_mem_bytes"":2175263714},{""name"":""kwok-node-20"",""cap_cpu_m"":2206,""cap_mem_bytes"":2175263714},{""name"":""kwok-node-21"",""cap_cpu_m"":2206,""cap_mem_bytes"":2175263714},{""name"":""kwok-node-22"",""cap_cpu_m"":2206,""cap_mem_bytes"":2175263714},{""name"":""kwok-node-23"",""cap_cpu_m"":2206,""cap_mem_bytes"":2175263714},{""name"":""kwok-node-24"",""cap_cpu_m"":2206,""cap_mem_bytes"":2175263714},{""name"":""kwok-node-25"",""cap_cpu_m"":2206,""cap_mem_bytes"":2175263714},{""name"":""kwok-node-26"",""cap_cpu_m"":2206,""cap_mem_bytes"":2175263714},{""name"":""kwok-node-27"",""cap_cpu_m"":2206,""cap_mem_bytes"":2175263714},{""name"":""kwok-node-28"",""cap_cpu_m"":2206,""cap_mem_bytes"":2175263714},{""name"":""kwok-node-29"",""cap_cpu_m"":2206,""cap_mem_bytes"":2175263714},{""name"":""kwok-node-30"",""cap_cpu_m"":2206,""cap_mem_bytes"":2175263714},{""name"":""kwok-node-31"",""cap_cpu_m"":2206,""cap_mem_bytes"":2175263714},{""name"":""kwok-node-32"",""cap_cpu_m"":2206,""cap_mem_bytes"":2175263714}]"
2026/02/11/12:30:33,7102506122751228813,,"{""evicted"":0,""moved"":0,""placed_by_priority"":{""1"":33,""2"":23,""3"":28,""4"":26}}",python,"{""evicted"":10,""moved"":19,""placed_by_priority"":{""1"":25,""2"":26,""3"":34,""4"":31}}",993,FEASIBLE,"[{""duration_ms"":993,""name"":""python"",""score"":{""evicted"":10,""moved"":19,""placed_by_priority"":{""1"":25,""2"":26,""3"":34,""4"":31}},""status"":""FEASIBLE""}]",0.925,0.853,0.921,0.875,63975,59019,63150312107,59965991400,116,110,12,18,"{""kwok-node-1"":3,""kwok-node-10"":5,""kwok-node-11"":3,""kwok-node-12"":3,""kwok-node-13"":4,""kwok-node-14"":3,""kwok-node-15"":3,""kwok-node-16"":4,""kwok-node-17"":3,""kwok-node-18"":4,""kwok-node-19"":4,""kwok-node-2"":4,""kwok-node-20"":3,""kwok-node-21"":3,""kwok-node-22"":3,""kwok-node-23"":4,""kwok-node-24"":3,""kwok-node-25"":4,""kwok-node-26"":4,""kwok-node-27"":4,""kwok-node-28"":3,""kwok-node-29"":3,""kwok-node-3"":4,""kwok-node-30"":4,""kwok-node-31"":5,""kwok-node-32"":3,""kwok-node-4"":5,""kwok-node-5"":4,""kwok-node-6"":3,""kwok-node-7"":5,""kwok-node-8"":3,""kwok-node-9"":3}","{""kwok-node-1"":3,""kwok-node-10"":4,""kwok-node-11"":3,""kwok-node-12"":3,""kwok-node-13"":3,""kwok-node-14"":3,""kwok-node-15"":3,""kwok-node-16"":4,""kwok-node-17"":3,""kwok-node-18"":4,""kwok-node-19"":4,""kwok-node-2"":4,""kwok-node-20"":3,""kwok-node-21"":4,""kwok-node-22"":3,""kwok-node-23"":3,""kwok-node-24"":3,""kwok-node-25"":4,""kwok-node-26"":4,""kwok-node-27"":4,""kwok-node-28"":3,""kwok-node-29"":3,""kwok-node-3"":3,""kwok-node-30"":3,""kwok-node-31"":5,""kwok-node-32"":3,""kwok-node-4"":4,""kwok-node-5"":4,""kwok-node-6"":3,""kwok-node-7"":4,""kwok-node-8"":3,""kwok-node-9"":3}","{""p1"":25,""p2"":26,""p3"":34,""p4"":31}","{""p1"":33,""p2"":23,""p3"":28,""p4"":26}","{""p1"":12}","{""p1"":4,""p2"":3,""p3"":6,""p4"":5}","{rs-02-p1-7krfs,rs-02-p1-b728v,rs-05-p1-5mjkh,rs-05-p1-cts65,rs-14-p1-2mkm5,rs-14-p1-rkt4t,rs-14-p1-rr6d9,rs-28-p1-tmvs2,rs-28-p1-vvrgm,rs-29-p1-fqrpx,rs-41-p1-scn48,rs-51-p1-b4kvw}","{rs-39-p3-gj5kz,rs-39-p3-jd6pj,rs-39-p3-prj9t,rs-41-p1-scn48,rs-42-p3-fmjsh,rs-42-p3-g9w5f,rs-43-p3-htszd,rs-44-p4-nv4qx,rs-46-p2-4ldmc,rs-49-p2-m5jsk,rs-49-p2-qdz5f,rs-50-p1-j7ww4,rs-50-p1-pmhcs,rs-51-p1-b4kvw,rs-52-p4-7x8rp,rs-52-p4-btjs4,rs-52-p4-mzdvt,rs-52-p4-s7lp4}","{rs-01-p1-9tnkz,rs-01-p1-htd55,rs-01-p1-krhhv,rs-01-p1-tc9n9,rs-02-p1-g92d9,rs-02-p1-mdsj7,rs-03-p2-wlws2,rs-04-p4-mkchc,rs-04-p4-nbzw6,rs-04-p4-rk8gg,rs-05-p1-b9cqs,rs-06-p2-7458h,rs-06-p2-btt8g,rs-06-p2-njklj,rs-06-p2-t6gdr,rs-07-p4-lm2xx,rs-08-p2-57nk4,rs-08-p2-c4k24,rs-08-p2-dgqrr,rs-09-p3-5v9ml,rs-10-p4-2hct6,rs-10-p4-8g49x,rs-10-p4-mr6d2,rs-11-p1-29v49,rs-11-p1-ltdwd,rs-11-p1-xrhqm,rs-12-p3-f44hl,rs-12-p3-h9wbx,rs-12-p3-qj6t5,rs-13-p4-9m6fv,rs-13-p4-gkmns,rs-13-p4-nzszn,rs-13-p4-rh8vw,rs-15-p1-s8xs9,rs-16-p4-whpp7,rs-17-p2-cghdq,rs-17-p2-qdcbw,rs-18-p2-jcmst,rs-18-p2-lg5mk,rs-19-p3-58fm2,rs-19-p3-64rt7,rs-19-p3-qssxj,rs-19-p3-wzp6p,rs-20-p3-kzt7l,rs-20-p3-sllq7,rs-20-p3-xlg6g,rs-21-p2-dzczt,rs-22-p3-5x5kg,rs-22-p3-7z4rt,rs-22-p3-rz6qn,rs-23-p4-lg6l7,rs-24-p4-8mc5b,rs-24-p4-jzfjm,rs-24-p4-q2xqm,rs-24-p4-w4g7t,rs-25-p3-2bcqf,rs-25-p3-s92s4,rs-25-p3-tgzvj,rs-26-p3-gfgts,rs-26-p3-khx9h,rs-26-p3-qs46v,rs-27-p4-jdxz4,rs-28-p1-8cmjd,rs-28-p1-tdslc,rs-29-p1-d5p2b,rs-29-p1-ll6hd,rs-29-p1-qcx4d,rs-30-p4-4wljq,rs-30-p4-5886h,rs-31-p2-6pxxw,rs-32-p4-4f279,rs-32-p4-bl477,rs-32-p4-hkbpx,rs-33-p3-847xd,rs-34-p2-fbqw9,rs-34-p2-h4blv,rs-34-p2-lbw4s,rs-35-p2-6jz5d,rs-35-p2-8zsf5,rs-35-p2-g5gxj,rs-35-p2-ldf9f,rs-36-p2-shrzj,rs-36-p2-spcd4,rs-37-p4-5pp7j,rs-37-p4-fq98h,rs-37-p4-ttxh2,rs-38-p1-hd2w9,rs-38-p1-v2q2x,rs-39-p3-gj5kz,rs-39-p3-jd6pj,rs-39-p3-prj9t,rs-40-p1-77j6k,rs-42-p3-fmjsh,rs-42-p3-g9w5f,rs-43-p3-htszd,rs-44-p4-nv4qx,rs-45-p3-bfvrd,rs-45-p3-zpmcg,rs-46-p2-4ldmc,rs-47-p3-sbpwf,rs-48-p3-4c26l,rs-48-p3-jp69s,rs-48-p3-ktvdh,rs-48-p3-znbrf,rs-49-p2-m5jsk,rs-49-p2-qdz5f,rs-50-p1-j7ww4,rs-50-p1-pmhcs,rs-52-p4-7x8rp,rs-52-p4-btjs4,rs-52-p4-mzdvt,rs-52-p4-s7lp4,rs-53-p1-9tgwv,rs-53-p1-bv2mp,rs-53-p1-f2bs2,rs-53-p1-q752j}","{rs-01-p1-b7knv,rs-01-p1-jbpwz,rs-01-p1-zb9b5,rs-01-p1-zkzmh,rs-02-p1-dvrm8,rs-02-p1-jwntr,rs-02-p1-nnf6j,rs-02-p1-ptx5p,rs-03-p2-wlws2,rs-04-p4-mkchc,rs-04-p4-nbzw6,rs-04-p4-rk8gg,rs-05-p1-b9cqs,rs-05-p1-fffdw,rs-05-p1-jz49k,rs-06-p2-7458h,rs-06-p2-btt8g,rs-06-p2-njklj,rs-06-p2-t6gdr,rs-07-p4-lm2xx,rs-08-p2-57nk4,rs-08-p2-c4k24,rs-08-p2-dgqrr,rs-09-p3-5v9ml,rs-10-p4-2hct6,rs-10-p4-8g49x,rs-10-p4-mr6d2,rs-11-p1-2hxwm,rs-11-p1-6jlbs,rs-11-p1-qndtq,rs-12-p3-f44hl,rs-12-p3-h9wbx,rs-12-p3-qj6t5,rs-13-p4-9m6fv,rs-13-p4-gkmns,rs-13-p4-nzszn,rs-13-p4-rh8vw,rs-14-p1-jv7rs,rs-14-p1-kkhc7,rs-14-p1-vww6g,rs-15-p1-47zg4,rs-16-p4-whpp7,rs-17-p2-cghdq,rs-17-p2-qdcbw,rs-18-p2-jcmst,rs-18-p2-lg5mk,rs-19-p3-58fm2,rs-19-p3-64rt7,rs-19-p3-qssxj,rs-19-p3-wzp6p,rs-20-p3-kzt7l,rs-20-p3-sllq7,rs-20-p3-xlg6g,rs-21-p2-dzczt,rs-22-p3-5x5kg,rs-22-p3-7z4rt,rs-22-p3-rz6qn,rs-23-p4-lg6l7,rs-24-p4-8mc5b,rs-24-p4-jzfjm,rs-24-p4-q2xqm,rs-24-p4-w4g7t,rs-25-p3-2bcqf,rs-25-p3-s92s4,rs-25-p3-tgzvj,rs-26-p3-gfgts,rs-26-p3-khx9h,rs-26-p3-qs46v,rs-27-p4-jdxz4,rs-28-p1-ksfrh,rs-28-p1-kvhz7,rs-28-p1-lc695,rs-28-p1-tdslc,rs-29-p1-ll6hd,rs-29-p1-v2mw8,rs-29-p1-wqht9,rs-29-p1-zrrwb,rs-30-p4-4wljq,rs-30-p4-5886h,rs-31-p2-6pxxw,rs-32-p4-4f279,rs-32-p4-bl477,rs-32-p4-hkbpx,rs-33-p3-847xd,rs-34-p2-fbqw9,rs-34-p2-h4blv,rs-34-p2-lbw4s,rs-35-p2-6jz5d,rs-35-p2-8zsf5,rs-35-p2-g5gxj,rs-35-p2-ldf9f,rs-36-p2-shrzj,rs-36-p2-spcd4,rs-37-p4-5pp7j,rs-37-p4-fq98h,rs-37-p4-ttxh2,rs-38-p1-clns5,rs-38-p1-fsjpq,rs-40-p1-rf7s8,rs-45-p3-bfvrd,rs-45-p3-zpmcg,rs-47-p3-sbpwf,rs-48-p3-4c26l,rs-48-p3-jp69s,rs-48-p3-ktvdh,rs-48-p3-znbrf,rs-53-p1-7rt74,rs-53-p1-9tgwv,rs-53-p1-mmzs8,rs-53-p1-p9bh4}","[{""name"":""rs-01-p1-9tnkz"",""cpu_m"":529,""mem_b"":114713547,""priority"":""1"",""node"":""kwok-node-7""},{""name"":""rs-01-p1-htd55"",""cpu_m"":529,""mem_b"":114713547,""priority"":""1"",""node"":""kwok-node-26""},{""name"":""rs-01-p1-krhhv"",""cpu_m"":529,""mem_b"":114713547,""priority"":""1"",""node"":""kwok-node-30""},{""name"":""rs-01-p1-tc9n9"",""cpu_m"":529,""mem_b"":114713547,""priority"":""1"",""node"":""kwok-node-19""},{""name"":""rs-02-p1-7krfs"",""cpu_m"":790,""mem_b"":490092802,""priority"":""1"",""node"":""""},{""name"":""rs-02-p1-b728v"",""cpu_m"":790,""mem_b"":490092802,""priority"":""1"",""node"":""""},{""name"":""rs-02-p1-g92d9"",""cpu_m"":790,""mem_b"":490092802,""priority"":""1"",""node"":""kwok-node-32""},{""name"":""rs-02-p1-mdsj7"",""cpu_m"":790,""mem_b"":490092802,""priority"":""1"",""node"":""kwok-node-8""},{""name"":""rs-03-p2-wlws2"",""cpu_m"":687,""mem_b"":514259192,""priority"":""2"",""node"":""kwok-node-18""},{""name"":""rs-04-p4-mkchc"",""cpu_m"":209,""mem_b"":396617564,""priority"":""4"",""node"":""kwok-node-10""},{""name"":""rs-04-p4-nbzw6"",""cpu_m"":209,""mem_b"":396617564,""priority"":""4"",""node"":""kwok-node-22""},{""name"":""rs-04-p4-rk8gg"",""cpu_m"":209,""mem_b"":396617564,""priority"":""4"",""node"":""kwok-node-23""},{""name"":""rs-05-p1-5mjkh"",""cpu_m"":799,""mem_b"":527667205,""priority"":""1"",""node"":""""},{""name"":""rs-05-p1-b9cqs"",""cpu_m"":799,""mem_b"":527667205,""priority"":""1"",""node"":""kwok-node-11""},{""name"":""rs-05-p1-cts65"",""cpu_m"":799,""mem_b"":527667205,""priority"":""1"",""node"":""""},{""name"":""rs-06-p2-7458h"",""cpu_m"":813,""mem_b"":701247663,""priority"":""2"",""node"":""kwok-node-30""},{""name"":""rs-06-p2-btt8g"",""cpu_m"":813,""mem_b"":701247663,""priority"":""2"",""node"":""kwok-node-28""},{""name"":""rs-06-p2-njklj"",""cpu_m"":813,""mem_b"":701247663,""priority"":""2"",""node"":""kwok-node-26""},{""name"":""rs-06-p2-t6gdr"",""cpu_m"":813,""mem_b"":701247663,""priority"":""2"",""node"":""kwok-node-3""},{""name"":""rs-07-p4-lm2xx"",""cpu_m"":298,""mem_b"":496575264,""priority"":""4"",""node"":""kwok-node-13""},{""name"":""rs-08-p2-57nk4"",""cpu_m"":887,""mem_b"":429999869,""priority"":""2"",""node"":""kwok-node-20""},{""name"":""rs-08-p2-c4k24"",""cpu_m"":887,""mem_b"":429999869,""priority"":""2"",""node"":""kwok-node-25""},{""name"":""rs-08-p2-dgqrr"",""cpu_m"":887,""mem_b"":429999869,""priority"":""2"",""node"":""kwok-node-29""},{""name"":""rs-09-p3-5v9ml"",""cpu_m"":103,""mem_b"":990377917,""priority"":""3"",""node"":""kwok-node-27""},{""name"":""rs-10-p4-2hct6"",""cpu_m"":267,""mem_b"":603728485,""priority"":""4"",""node"":""kwok-node-5""},{""name"":""rs-10-p4-8g49x"",""cpu_m"":267,""mem_b"":603728485,""priority"":""4"",""node"":""kwok-node-4""},{""name"":""rs-10-p4-mr6d2"",""cpu_m"":267,""mem_b"":603728485,""priority"":""4"",""node"":""kwok-node-31""},{""name"":""rs-11-p1-29v49"",""cpu_m"":290,""mem_b"":375484598,""priority"":""1"",""node"":""kwok-node-3""},{""name"":""rs-11-p1-ltdwd"",""cpu_m"":290,""mem_b"":375484598,""priority"":""1"",""node"":""kwok-node-10""},{""name"":""rs-11-p1-xrhqm"",""cpu_m"":290,""mem_b"":375484598,""priority"":""1"",""node"":""kwok-node-1""},{""name"":""rs-12-p3-f44hl"",""cpu_m"":1000,""mem_b"":193936602,""priority"":""3"",""node"":""kwok-node-10""},{""name"":""rs-12-p3-h9wbx"",""cpu_m"":1000,""mem_b"":193936602,""priority"":""3"",""node"":""kwok-node-7""},{""name"":""rs-12-p3-qj6t5"",""cpu_m"":1000,""mem_b"":193936602,""priority"":""3"",""node"":""kwok-node-6""},{""name"":""rs-13-p4-9m6fv"",""cpu_m"":898,""mem_b"":819628632,""priority"":""4"",""node"":""kwok-node-8""},{""name"":""rs-13-p4-gkmns"",""cpu_m"":898,""mem_b"":819628632,""priority"":""4"",""node"":""kwok-node-9""},{""name"":""rs-13-p4-nzszn"",""cpu_m"":898,""mem_b"":819628632,""priority"":""4"",""node"":""kwok-node-32""},{""name"":""rs-13-p4-rh8vw"",""cpu_m"":898,""mem_b"":819628632,""priority"":""4"",""node"":""kwok-node-22""},{""name"":""rs-14-p1-2mkm5"",""cpu_m"":889,""mem_b"":927132325,""priority"":""1"",""node"":""""},{""name"":""rs-14-p1-rkt4t"",""cpu_m"":889,""mem_b"":927132325,""priority"":""1"",""node"":""""},{""name"":""rs-14-p1-rr6d9"",""cpu_m"":889,""mem_b"":927132325,""priority"":""1"",""node"":""""},{""name"":""rs-15-p1-s8xs9"",""cpu_m"":336,""mem_b"":391894946,""priority"":""1"",""node"":""kwok-node-28""},{""name"":""rs-16-p4-whpp7"",""cpu_m"":655,""mem_b"":700715307,""priority"":""4"",""node"":""kwok-node-2""},{""name"":""rs-17-p2-cghdq"",""cpu_m"":578,""mem_b"":750244809,""priority"":""2"",""node"":""kwok-node-18""},{""name"":""rs-17-p2-qdcbw"",""cpu_m"":578,""mem_b"":750244809,""priority"":""2"",""node"":""kwok-node-19""},{""name"":""rs-18-p2-jcmst"",""cpu_m"":595,""mem_b"":716963528,""priority"":""2"",""node"":""kwok-node-4""},{""name"":""rs-18-p2-lg5mk"",""cpu_m"":595,""mem_b"":716963528,""priority"":""2"",""node"":""kwok-node-5""},{""name"":""rs-19-p3-58fm2"",""cpu_m"":530,""mem_b"":623514793,""priority"":""3"",""node"":""kwok-node-24""},{""name"":""rs-19-p3-64rt7"",""cpu_m"":530,""mem_b"":623514793,""priority"":""3"",""node"":""kwok-node-11""},{""name"":""rs-19-p3-qssxj"",""cpu_m"":530,""mem_b"":623514793,""priority"":""3"",""node"":""kwok-node-1""},{""name"":""rs-19-p3-wzp6p"",""cpu_m"":530,""mem_b"":623514793,""priority"":""3"",""node"":""kwok-node-31""},{""name"":""rs-20-p3-kzt7l"",""cpu_m"":287,""mem_b"":406733184,""priority"":""3"",""node"":""kwok-node-14""},{""name"":""rs-20-p3-sllq7"",""cpu_m"":287,""mem_b"":406733184,""priority"":""3"",""node"":""kwok-node-16""},{""name"":""rs-20-p3-xlg6g"",""cpu_m"":287,""mem_b"":406733184,""priority"":""3"",""node"":""kwok-node-17""},{""name"":""rs-21-p2-dzczt"",""cpu_m"":662,""mem_b"":173443471,""priority"":""2"",""node"":""kwok-node-27""},{""name"":""rs-22-p3-5x5kg"",""cpu_m"":732,""mem_b"":961946605,""priority"":""3"",""node"":""kwok-node-29""},{""name"":""rs-22-p3-7z4rt"",""cpu_m"":732,""mem_b"":961946605,""priority"":""3"",""node"":""kwok-node-20""},{""name"":""rs-22-p3-rz6qn"",""cpu_m"":732,""mem_b"":961946605,""priority"":""3"",""node"":""kwok-node-15""},{""name"":""rs-23-p4-lg6l7"",""cpu_m"":719,""mem_b"":903747797,""priority"":""4"",""node"":""kwok-node-21""},{""name"":""rs-24-p4-8mc5b"",""cpu_m"":171,""mem_b"":949935063,""priority"":""4"",""node"":""kwok-node-7""},{""name"":""rs-24-p4-jzfjm"",""cpu_m"":171,""mem_b"":949935063,""priority"":""4"",""node"":""kwok-node-10""},{""name"":""rs-24-p4-q2xqm"",""cpu_m"":171,""mem_b"":949935063,""priority"":""4"",""node"":""kwok-node-25""},{""name"":""rs-24-p4-w4g7t"",""cpu_m"":171,""mem_b"":949935063,""priority"":""4"",""node"":""kwok-node-6""},{""name"":""rs-25-p3-2bcqf"",""cpu_m"":237,""mem_b"":249734688,""priority"":""3"",""node"":""kwok-node-3""},{""name"":""rs-25-p3-s92s4"",""cpu_m"":237,""mem_b"":249734688,""priority"":""3"",""node"":""kwok-node-30""},{""name"":""rs-25-p3-tgzvj"",""cpu_m"":237,""mem_b"":249734688,""priority"":""3"",""node"":""kwok-node-26""},{""name"":""rs-26-p3-gfgts"",""cpu_m"":838,""mem_b"":975356465,""priority"":""3"",""node"":""kwok-node-28""},{""name"":""rs-26-p3-khx9h"",""cpu_m"":838,""mem_b"":975356465,""priority"":""3"",""node"":""kwok-node-17""},{""name"":""rs-26-p3-qs46v"",""cpu_m"":838,""mem_b"":975356465,""priority"":""3"",""node"":""kwok-node-14""},{""name"":""rs-27-p4-jdxz4"",""cpu_m"":783,""mem_b"":190199779,""priority"":""4"",""node"":""kwok-node-27""},{""name"":""rs-28-p1-8cmjd"",""cpu_m"":453,""mem_b"":786032012,""priority"":""1"",""node"":""kwok-node-13""},{""name"":""rs-28-p1-tdslc"",""cpu_m"":453,""mem_b"":786032012,""priority"":""1"",""node"":""kwok-node-16""},{""name"":""rs-28-p1-tmvs2"",""cpu_m"":453,""mem_b"":786032012,""priority"":""1"",""node"":""""},{""name"":""rs-28-p1-vvrgm"",""cpu_m"":453,""mem_b"":786032012,""priority"":""1"",""node"":""""},{""name"":""rs-29-p1-d5p2b"",""cpu_m"":482,""mem_b"":844242662,""priority"":""1"",""node"":""kwok-node-26""},{""name"":""rs-29-p1-fqrpx"",""cpu_m"":482,""mem_b"":844242662,""priority"":""1"",""node"":""""},{""name"":""rs-29-p1-ll6hd"",""cpu_m"":482,""mem_b"":844242662,""priority"":""1"",""node"":""kwok-node-30""},{""name"":""rs-29-p1-qcx4d"",""cpu_m"":482,""mem_b"":844242662,""priority"":""1"",""node"":""kwok-node-21""},{""name"":""rs-30-p4-4wljq"",""cpu_m"":334,""mem_b"":915902174,""priority"":""4"",""node"":""kwok-node-24""},{""name"":""rs-30-p4-5886h"",""cpu_m"":334,""mem_b"":915902174,""priority"":""4"",""node"":""kwok-node-11""},{""name"":""rs-31-p2-6pxxw"",""cpu_m"":860,""mem_b"":859853969,""priority"":""2"",""node"":""kwok-node-6""},{""name"":""rs-32-p4-4f279"",""cpu_m"":110,""mem_b"":665671020,""priority"":""4"",""node"":""kwok-node-7""},{""name"":""rs-32-p4-bl477"",""cpu_m"":110,""mem_b"":665671020,""priority"":""4"",""node"":""kwok-node-8""},{""name"":""rs-32-p4-hkbpx"",""cpu_m"":110,""mem_b"":665671020,""priority"":""4"",""node"":""kwok-node-32""},{""name"":""rs-33-p3-847xd"",""cpu_m"":596,""mem_b"":220660081,""priority"":""3"",""node"":""kwok-node-31""},{""name"":""rs-34-p2-fbqw9"",""cpu_m"":725,""mem_b"":184242770,""priority"":""2"",""node"":""kwok-node-5""},{""name"":""rs-34-p2-h4blv"",""cpu_m"":725,""mem_b"":184242770,""priority"":""2"",""node"":""kwok-node-25""},{""name"":""rs-34-p2-lbw4s"",""cpu_m"":725,""mem_b"":184242770,""priority"":""2"",""node"":""kwok-node-4""},{""name"":""rs-35-p2-6jz5d"",""cpu_m"":903,""mem_b"":164903602,""priority"":""2"",""node"":""kwok-node-13""},{""name"":""rs-35-p2-8zsf5"",""cpu_m"":903,""mem_b"":164903602,""priority"":""2"",""node"":""kwok-node-22""},{""name"":""rs-35-p2-g5gxj"",""cpu_m"":903,""mem_b"":164903602,""priority"":""2"",""node"":""kwok-node-23""},{""name"":""rs-35-p2-ldf9f"",""cpu_m"":903,""mem_b"":164903602,""priority"":""2"",""node"":""kwok-node-9""},{""name"":""rs-36-p2-shrzj"",""cpu_m"":114,""mem_b"":183020044,""priority"":""2"",""node"":""kwok-node-31""},{""name"":""rs-36-p2-spcd4"",""cpu_m"":114,""mem_b"":183020044,""priority"":""2"",""node"":""kwok-node-18""},{""name"":""rs-37-p4-5pp7j"",""cpu_m"":528,""mem_b"":568238260,""priority"":""4"",""node"":""kwok-node-18""},{""name"":""rs-37-p4-fq98h"",""cpu_m"":528,""mem_b"":568238260,""priority"":""4"",""node"":""kwok-node-27""},{""name"":""rs-37-p4-ttxh2"",""cpu_m"":528,""mem_b"":568238260,""priority"":""4"",""node"":""kwok-node-15""},{""name"":""rs-38-p1-hd2w9"",""cpu_m"":351,""mem_b"":663912060,""priority"":""1"",""node"":""kwok-node-13""},{""name"":""rs-38-p1-v2q2x"",""cpu_m"":351,""mem_b"":663912060,""priority"":""1"",""node"":""kwok-node-23""},{""name"":""rs-39-p3-gj5kz"",""cpu_m"":889,""mem_b"":420442749,""priority"":""3"",""node"":""kwok-node-16""},{""name"":""rs-39-p3-jd6pj"",""cpu_m"":889,""mem_b"":420442749,""priority"":""3"",""node"":""kwok-node-15""},{""name"":""rs-39-p3-prj9t"",""cpu_m"":889,""mem_b"":420442749,""priority"":""3"",""node"":""kwok-node-14""},{""name"":""rs-40-p1-77j6k"",""cpu_m"":153,""mem_b"":381735805,""priority"":""1"",""node"":""kwok-node-19""},{""name"":""rs-41-p1-scn48"",""cpu_m"":789,""mem_b"":833536376,""priority"":""1"",""node"":""""},{""name"":""rs-42-p3-fmjsh"",""cpu_m"":913,""mem_b"":369673004,""priority"":""3"",""node"":""kwok-node-21""},{""name"":""rs-42-p3-g9w5f"",""cpu_m"":913,""mem_b"":369673004,""priority"":""3"",""node"":""kwok-node-24""},{""name"":""rs-43-p3-htszd"",""cpu_m"":331,""mem_b"":909812852,""priority"":""3"",""node"":""kwok-node-9""},{""name"":""rs-44-p4-nv4qx"",""cpu_m"":623,""mem_b"":727125671,""priority"":""4"",""node"":""kwok-node-3""},{""name"":""rs-45-p3-bfvrd"",""cpu_m"":361,""mem_b"":148563419,""priority"":""3"",""node"":""kwok-node-10""},{""name"":""rs-45-p3-zpmcg"",""cpu_m"":361,""mem_b"":148563419,""priority"":""3"",""node"":""kwok-node-16""},{""name"":""rs-46-p2-4ldmc"",""cpu_m"":792,""mem_b"":511376646,""priority"":""2"",""node"":""kwok-node-17""},{""name"":""rs-47-p3-sbpwf"",""cpu_m"":115,""mem_b"":392180864,""priority"":""3"",""node"":""kwok-node-4""},{""name"":""rs-48-p3-4c26l"",""cpu_m"":344,""mem_b"":488420364,""priority"":""3"",""node"":""kwok-node-5""},{""name"":""rs-48-p3-jp69s"",""cpu_m"":344,""mem_b"":488420364,""priority"":""3"",""node"":""kwok-node-2""},{""name"":""rs-48-p3-ktvdh"",""cpu_m"":344,""mem_b"":488420364,""priority"":""3"",""node"":""kwok-node-31""},{""name"":""rs-48-p3-znbrf"",""cpu_m"":344,""mem_b"":488420364,""priority"":""3"",""node"":""kwok-node-25""},{""name"":""rs-49-p2-m5jsk"",""cpu_m"":697,""mem_b"":707880610,""priority"":""2"",""node"":""kwok-node-2""},{""name"":""rs-49-p2-qdz5f"",""cpu_m"":697,""mem_b"":707880610,""priority"":""2"",""node"":""kwok-node-23""},{""name"":""rs-50-p1-j7ww4"",""cpu_m"":530,""mem_b"":635030815,""priority"":""1"",""node"":""kwok-node-20""},{""name"":""rs-50-p1-pmhcs"",""cpu_m"":530,""mem_b"":635030815,""priority"":""1"",""node"":""kwok-node-29""},{""name"":""rs-51-p1-b4kvw"",""cpu_m"":645,""mem_b"":767578906,""priority"":""1"",""node"":""""},{""name"":""rs-52-p4-7x8rp"",""cpu_m"":874,""mem_b"":895683027,""priority"":""4"",""node"":""kwok-node-19""},{""name"":""rs-52-p4-btjs4"",""cpu_m"":874,""mem_b"":895683027,""priority"":""4"",""node"":""kwok-node-12""},{""name"":""rs-52-p4-mzdvt"",""cpu_m"":874,""mem_b"":895683027,""priority"":""4"",""node"":""kwok-node-12""},{""name"":""rs-52-p4-s7lp4"",""cpu_m"":874,""mem_b"":895683027,""priority"":""4"",""node"":""kwok-node-1""},{""name"":""rs-53-p1-9tgwv"",""cpu_m"":335,""mem_b"":165685365,""priority"":""1"",""node"":""kwok-node-7""},{""name"":""rs-53-p1-bv2mp"",""cpu_m"":335,""mem_b"":165685365,""priority"":""1"",""node"":""kwok-node-12""},{""name"":""rs-53-p1-f2bs2"",""cpu_m"":335,""mem_b"":165685365,""priority"":""1"",""node"":""kwok-node-4""},{""name"":""rs-53-p1-q752j"",""cpu_m"":335,""mem_b"":165685365,""priority"":""1"",""node"":""kwok-node-2""}]","[{""name"":""rs-01-p1-b7knv"",""cpu_m"":529,""mem_b"":114713547,""priority"":""1"",""node"":""kwok-node-21""},{""name"":""rs-01-p1-jbpwz"",""cpu_m"":529,""mem_b"":114713547,""priority"":""1"",""node"":""kwok-node-12""},{""name"":""rs-01-p1-zb9b5"",""cpu_m"":529,""mem_b"":114713547,""priority"":""1"",""node"":""kwok-node-19""},{""name"":""rs-01-p1-zkzmh"",""cpu_m"":529,""mem_b"":114713547,""priority"":""1"",""node"":""kwok-node-2""},{""name"":""rs-02-p1-dvrm8"",""cpu_m"":790,""mem_b"":490092802,""priority"":""1"",""node"":""kwok-node-17""},{""name"":""rs-02-p1-jwntr"",""cpu_m"":790,""mem_b"":490092802,""priority"":""1"",""node"":""kwok-node-1""},{""name"":""rs-02-p1-nnf6j"",""cpu_m"":790,""mem_b"":490092802,""priority"":""1"",""node"":""kwok-node-14""},{""name"":""rs-02-p1-ptx5p"",""cpu_m"":790,""mem_b"":490092802,""priority"":""1"",""node"":""kwok-node-16""},{""name"":""rs-03-p2-wlws2"",""cpu_m"":687,""mem_b"":514259192,""priority"":""2"",""node"":""kwok-node-18""},{""name"":""rs-04-p4-mkchc"",""cpu_m"":209,""mem_b"":396617564,""priority"":""4"",""node"":""kwok-node-10""},{""name"":""rs-04-p4-nbzw6"",""cpu_m"":209,""mem_b"":396617564,""priority"":""4"",""node"":""kwok-node-22""},{""name"":""rs-04-p4-rk8gg"",""cpu_m"":209,""mem_b"":396617564,""priority"":""4"",""node"":""kwok-node-23""},{""name"":""rs-05-p1-b9cqs"",""cpu_m"":799,""mem_b"":527667205,""priority"":""1"",""node"":""kwok-node-11""},{""name"":""rs-05-p1-fffdw"",""cpu_m"":799,""mem_b"":527667205,""priority"":""1"",""node"":""kwok-node-24""},{""name"":""rs-05-p1-jz49k"",""cpu_m"":799,""mem_b"":527667205,""priority"":""1"",""node"":""kwok-node-15""},{""name"":""rs-06-p2-7458h"",""cpu_m"":813,""mem_b"":701247663,""priority"":""2"",""node"":""kwok-node-30""},{""name"":""rs-06-p2-btt8g"",""cpu_m"":813,""mem_b"":701247663,""priority"":""2"",""node"":""kwok-node-28""},{""name"":""rs-06-p2-njklj"",""cpu_m"":813,""mem_b"":701247663,""priority"":""2"",""node"":""kwok-node-26""},{""name"":""rs-06-p2-t6gdr"",""cpu_m"":813,""mem_b"":701247663,""priority"":""2"",""node"":""kwok-node-3""},{""name"":""rs-07-p4-lm2xx"",""cpu_m"":298,""mem_b"":496575264,""priority"":""4"",""node"":""kwok-node-13""},{""name"":""rs-08-p2-57nk4"",""cpu_m"":887,""mem_b"":429999869,""priority"":""2"",""node"":""kwok-node-20""},{""name"":""rs-08-p2-c4k24"",""cpu_m"":887,""mem_b"":429999869,""priority"":""2"",""node"":""kwok-node-25""},{""name"":""rs-08-p2-dgqrr"",""cpu_m"":887,""mem_b"":429999869,""priority"":""2"",""node"":""kwok-node-29""},{""name"":""rs-09-p3-5v9ml"",""cpu_m"":103,""mem_b"":990377917,""priority"":""3"",""node"":""kwok-node-27""},{""name"":""rs-10-p4-2hct6"",""cpu_m"":267,""mem_b"":603728485,""priority"":""4"",""node"":""kwok-node-5""},{""name"":""rs-10-p4-8g49x"",""cpu_m"":267,""mem_b"":603728485,""priority"":""4"",""node"":""kwok-node-4""},{""name"":""rs-10-p4-mr6d2"",""cpu_m"":267,""mem_b"":603728485,""priority"":""4"",""node"":""kwok-node-31""},{""name"":""rs-11-p1-2hxwm"",""cpu_m"":290,""mem_b"":375484598,""priority"":""1"",""node"":""kwok-node-32""},{""name"":""rs-11-p1-6jlbs"",""cpu_m"":290,""mem_b"":375484598,""priority"":""1"",""node"":""kwok-node-8""},{""name"":""rs-11-p1-qndtq"",""cpu_m"":290,""mem_b"":375484598,""priority"":""1"",""node"":""kwok-node-9""},{""name"":""rs-12-p3-f44hl"",""cpu_m"":1000,""mem_b"":193936602,""priority"":""3"",""node"":""kwok-node-10""},{""name"":""rs-12-p3-h9wbx"",""cpu_m"":1000,""mem_b"":193936602,""priority"":""3"",""node"":""kwok-node-7""},{""name"":""rs-12-p3-qj6t5"",""cpu_m"":1000,""mem_b"":193936602,""priority"":""3"",""node"":""kwok-node-6""},{""name"":""rs-13-p4-9m6fv"",""cpu_m"":898,""mem_b"":819628632,""priority"":""4"",""node"":""kwok-node-8""},{""name"":""rs-13-p4-gkmns"",""cpu_m"":898,""mem_b"":819628632,""priority"":""4"",""node"":""kwok-node-9""},{""name"":""rs-13-p4-nzszn"",""cpu_m"":898,""mem_b"":819628632,""priority"":""4"",""node"":""kwok-node-32""},{""name"":""rs-13-p4-rh8vw"",""cpu_m"":898,""mem_b"":819628632,""priority"":""4"",""node"":""kwok-node-22""},{""name"":""rs-14-p1-jv7rs"",""cpu_m"":889,""mem_b"":927132325,""priority"":""1"",""node"":""kwok-node-13""},{""name"":""rs-14-p1-kkhc7"",""cpu_m"":889,""mem_b"":927132325,""priority"":""1"",""node"":""kwok-node-23""},{""name"":""rs-14-p1-vww6g"",""cpu_m"":889,""mem_b"":927132325,""priority"":""1"",""node"":""kwok-node-12""},{""name"":""rs-15-p1-47zg4"",""cpu_m"":336,""mem_b"":391894946,""priority"":""1"",""node"":""kwok-node-21""},{""name"":""rs-16-p4-whpp7"",""cpu_m"":655,""mem_b"":700715307,""priority"":""4"",""node"":""kwok-node-2""},{""name"":""rs-17-p2-cghdq"",""cpu_m"":578,""mem_b"":750244809,""priority"":""2"",""node"":""kwok-node-18""},{""name"":""rs-17-p2-qdcbw"",""cpu_m"":578,""mem_b"":750244809,""priority"":""2"",""node"":""kwok-node-19""},{""name"":""rs-18-p2-jcmst"",""cpu_m"":595,""mem_b"":716963528,""priority"":""2"",""node"":""kwok-node-4""},{""name"":""rs-18-p2-lg5mk"",""cpu_m"":595,""mem_b"":716963528,""priority"":""2"",""node"":""kwok-node-5""},{""name"":""rs-19-p3-58fm2"",""cpu_m"":530,""mem_b"":623514793,""priority"":""3"",""node"":""kwok-node-24""},{""name"":""rs-19-p3-64rt7"",""cpu_m"":530,""mem_b"":623514793,""priority"":""3"",""node"":""kwok-node-11""},{""name"":""rs-19-p3-qssxj"",""cpu_m"":530,""mem_b"":623514793,""priority"":""3"",""node"":""kwok-node-1""},{""name"":""rs-19-p3-wzp6p"",""cpu_m"":530,""mem_b"":623514793,""priority"":""3"",""node"":""kwok-node-31""},{""name"":""rs-20-p3-kzt7l"",""cpu_m"":287,""mem_b"":406733184,""priority"":""3"",""node"":""kwok-node-14""},{""name"":""rs-20-p3-sllq7"",""cpu_m"":287,""mem_b"":406733184,""priority"":""3"",""node"":""kwok-node-16""},{""name"":""rs-20-p3-xlg6g"",""cpu_m"":287,""mem_b"":406733184,""priority"":""3"",""node"":""kwok-node-17""},{""name"":""rs-21-p2-dzczt"",""cpu_m"":662,""mem_b"":173443471,""priority"":""2"",""node"":""kwok-node-27""},{""name"":""rs-22-p3-5x5kg"",""cpu_m"":732,""mem_b"":961946605,""priority"":""3"",""node"":""kwok-node-29""},{""name"":""rs-22-p3-7z4rt"",""cpu_m"":732,""mem_b"":961946605,""priority"":""3"",""node"":""kwok-node-20""},{""name"":""rs-22-p3-rz6qn"",""cpu_m"":732,""mem_b"":961946605,""priority"":""3"",""node"":""kwok-node-15""},{""name"":""rs-23-p4-lg6l7"",""cpu_m"":719,""mem_b"":903747797,""priority"":""4"",""node"":""kwok-node-21""},{""name"":""rs-24-p4-8mc5b"",""cpu_m"":171,""mem_b"":949935063,""priority"":""4"",""node"":""kwok-node-7""},{""name"":""rs-24-p4-jzfjm"",""cpu_m"":171,""mem_b"":949935063,""priority"":""4"",""node"":""kwok-node-10""},{""name"":""rs-24-p4-q2xqm"",""cpu_m"":171,""mem_b"":949935063,""priority"":""4"",""node"":""kwok-node-25""},{""name"":""rs-24-p4-w4g7t"",""cpu_m"":171,""mem_b"":949935063,""priority"":""4"",""node"":""kwok-node-6""},{""name"":""rs-25-p3-2bcqf"",""cpu_m"":237,""mem_b"":249734688,""priority"":""3"",""node"":""kwok-node-3""},{""name"":""rs-25-p3-s92s4"",""cpu_m"":237,""mem_b"":249734688,""priority"":""3"",""node"":""kwok-node-30""},{""name"":""rs-25-p3-tgzvj"",""cpu_m"":237,""mem_b"":249734688,""priority"":""3"",""node"":""kwok-node-26""},{""name"":""rs-26-p3-gfgts"",""cpu_m"":838,""mem_b"":975356465,""priority"":""3"",""node"":""kwok-node-28""},{""name"":""rs-26-p3-khx9h"",""cpu_m"":838,""mem_b"":975356465,""priority"":""3"",""node"":""kwok-node-17""},{""name"":""rs-26-p3-qs46v"",""cpu_m"":838,""mem_b"":975356465,""priority"":""3"",""node"":""kwok-node-14""},{""name"":""rs-27-p4-jdxz4"",""cpu_m"":783,""mem_b"":190199779,""priority"":""4"",""node"":""kwok-node-27""},{""name"":""rs-28-p1-ksfrh"",""cpu_m"":453,""mem_b"":786032012,""priority"":""1"",""node"":""kwok-node-2""},{""name"":""rs-28-p1-kvhz7"",""cpu_m"":453,""mem_b"":786032012,""priority"":""1"",""node"":""kwok-node-19""},{""name"":""rs-28-p1-lc695"",""cpu_m"":453,""mem_b"":786032012,""priority"":""1"",""node"":""kwok-node-26""},{""name"":""rs-28-p1-tdslc"",""cpu_m"":453,""mem_b"":786032012,""priority"":""1"",""node"":""kwok-node-16""},{""name"":""rs-29-p1-ll6hd"",""cpu_m"":482,""mem_b"":844242662,""priority"":""1"",""node"":""kwok-node-30""},{""name"":""rs-29-p1-v2mw8"",""cpu_m"":482,""mem_b"":844242662,""priority"":""1"",""node"":""kwok-node-3""},{""name"":""rs-29-p1-wqht9"",""cpu_m"":482,""mem_b"":844242662,""priority"":""1"",""node"":""kwok-node-12""},{""name"":""rs-29-p1-zrrwb"",""cpu_m"":482,""mem_b"":844242662,""priority"":""1"",""node"":""kwok-node-1""},{""name"":""rs-30-p4-4wljq"",""cpu_m"":334,""mem_b"":915902174,""priority"":""4"",""node"":""kwok-node-24""},{""name"":""rs-30-p4-5886h"",""cpu_m"":334,""mem_b"":915902174,""priority"":""4"",""node"":""kwok-node-11""},{""name"":""rs-31-p2-6pxxw"",""cpu_m"":860,""mem_b"":859853969,""priority"":""2"",""node"":""kwok-node-6""},{""name"":""rs-32-p4-4f279"",""cpu_m"":110,""mem_b"":665671020,""priority"":""4"",""node"":""kwok-node-7""},{""name"":""rs-32-p4-bl477"",""cpu_m"":110,""mem_b"":665671020,""priority"":""4"",""node"":""kwok-node-8""},{""name"":""rs-32-p4-hkbpx"",""cpu_m"":110,""mem_b"":665671020,""priority"":""4"",""node"":""kwok-node-32""},{""name"":""rs-33-p3-847xd"",""cpu_m"":596,""mem_b"":220660081,""priority"":""3"",""node"":""kwok-node-31""},{""name"":""rs-34-p2-fbqw9"",""cpu_m"":725,""mem_b"":184242770,""priority"":""2"",""node"":""kwok-node-5""},{""name"":""rs-34-p2-h4blv"",""cpu_m"":725,""mem_b"":184242770,""priority"":""2"",""node"":""kwok-node-25""},{""name"":""rs-34-p2-lbw4s"",""cpu_m"":725,""mem_b"":184242770,""priority"":""2"",""node"":""kwok-node-4""},{""name"":""rs-35-p2-6jz5d"",""cpu_m"":903,""mem_b"":164903602,""priority"":""2"",""node"":""kwok-node-13""},{""name"":""rs-35-p2-8zsf5"",""cpu_m"":903,""mem_b"":164903602,""priority"":""2"",""node"":""kwok-node-22""},{""name"":""rs-35-p2-g5gxj"",""cpu_m"":903,""mem_b"":164903602,""priority"":""2"",""node"":""kwok-node-23""},{""name"":""rs-35-p2-ldf9f"",""cpu_m"":903,""mem_b"":164903602,""priority"":""2"",""node"":""kwok-node-9""},{""name"":""rs-36-p2-shrzj"",""cpu_m"":114,""mem_b"":183020044,""priority"":""2"",""node"":""kwok-node-31""},{""name"":""rs-36-p2-spcd4"",""cpu_m"":114,""mem_b"":183020044,""priority"":""2"",""node"":""kwok-node-18""},{""name"":""rs-37-p4-5pp7j"",""cpu_m"":528,""mem_b"":568238260,""priority"":""4"",""node"":""kwok-node-18""},{""name"":""rs-37-p4-fq98h"",""cpu_m"":528,""mem_b"":568238260,""priority"":""4"",""node"":""kwok-node-27""},{""name"":""rs-37-p4-ttxh2"",""cpu_m"":528,""mem_b"":568238260,""priority"":""4"",""node"":""kwok-node-15""},{""name"":""rs-38-p1-clns5"",""cpu_m"":351,""mem_b"":663912060,""priority"":""1"",""node"":""kwok-node-29""},{""name"":""rs-38-p1-fsjpq"",""cpu_m"":351,""mem_b"":663912060,""priority"":""1"",""node"":""kwok-node-20""},{""name"":""rs-39-p3-gj5kz"",""cpu_m"":889,""mem_b"":420442749,""priority"":""3"",""node"":""""},{""name"":""rs-39-p3-jd6pj"",""cpu_m"":889,""mem_b"":420442749,""priority"":""3"",""node"":""""},{""name"":""rs-39-p3-prj9t"",""cpu_m"":889,""mem_b"":420442749,""priority"":""3"",""node"":""""},{""name"":""rs-40-p1-rf7s8"",""cpu_m"":153,""mem_b"":381735805,""priority"":""1"",""node"":""kwok-node-21""},{""name"":""rs-41-p1-scn48"",""cpu_m"":789,""mem_b"":833536376,""priority"":""1"",""node"":""""},{""name"":""rs-42-p3-fmjsh"",""cpu_m"":913,""mem_b"":369673004,""priority"":""3"",""node"":""""},{""name"":""rs-42-p3-g9w5f"",""cpu_m"":913,""mem_b"":369673004,""priority"":""3"",""node"":""""},{""name"":""rs-43-p3-htszd"",""cpu_m"":331,""mem_b"":909812852,""priority"":""3"",""node"":""""},{""name"":""rs-44-p4-nv4qx"",""cpu_m"":623,""mem_b"":727125671,""priority"":""4"",""node"":""""},{""name"":""rs-45-p3-bfvrd"",""cpu_m"":361,""mem_b"":148563419,""priority"":""3"",""node"":""kwok-node-10""},{""name"":""rs-45-p3-zpmcg"",""cpu_m"":361,""mem_b"":148563419,""priority"":""3"",""node"":""kwok-node-16""},{""name"":""rs-46-p2-4ldmc"",""cpu_m"":792,""mem_b"":511376646,""priority"":""2"",""node"":""""},{""name"":""rs-47-p3-sbpwf"",""cpu_m"":115,""mem_b"":392180864,""priority"":""3"",""node"":""kwok-node-4""},{""name"":""rs-48-p3-4c26l"",""cpu_m"":344,""mem_b"":488420364,""priority"":""3"",""node"":""kwok-node-5""},{""name"":""rs-48-p3-jp69s"",""cpu_m"":344,""mem_b"":488420364,""priority"":""3"",""node"":""kwok-node-2""},{""name"":""rs-48-p3-ktvdh"",""cpu_m"":344,""mem_b"":488420364,""priority"":""3"",""node"":""kwok-node-31""},{""name"":""rs-48-p3-znbrf"",""cpu_m"":344,""mem_b"":488420364,""priority"":""3"",""node"":""kwok-node-25""},{""name"":""rs-49-p2-m5jsk"",""cpu_m"":697,""mem_b"":707880610,""priority"":""2"",""node"":""""},{""name"":""rs-49-p2-qdz5f"",""cpu_m"":697,""mem_b"":707880610,""priority"":""2"",""node"":""""},{""name"":""rs-50-p1-j7ww4"",""cpu_m"":530,""mem_b"":635030815,""priority"":""1"",""node"":""""},{""name"":""rs-50-p1-pmhcs"",""cpu_m"":530,""mem_b"":635030815,""priority"":""1"",""node"":""""},{""name"":""rs-51-p1-b4kvw"",""cpu_m"":645,""mem_b"":767578906,""priority"":""1"",""node"":""""},{""name"":""rs-52-p4-7x8rp"",""cpu_m"":874,""mem_b"":895683027,""priority"":""4"",""node"":""""},{""name"":""rs-52-p4-btjs4"",""cpu_m"":874,""mem_b"":895683027,""priority"":""4"",""node"":""""},{""name"":""rs-52-p4-mzdvt"",""cpu_m"":874,""mem_b"":895683027,""priority"":""4"",""node"":""""},{""name"":""rs-52-p4-s7lp4"",""cpu_m"":874,""mem_b"":895683027,""priority"":""4"",""node"":""""},{""name"":""rs-53-p1-7rt74"",""cpu_m"":335,""mem_b"":165685365,""priority"":""1"",""node"":""kwok-node-19""},{""name"":""rs-53-p1-9tgwv"",""cpu_m"":335,""mem_b"":165685365,""priority"":""1"",""node"":""kwok-node-7""},{""name"":""rs-53-p1-mmzs8"",""cpu_m"":335,""mem_b"":165685365,""priority"":""1"",""node"":""kwok-node-28""},{""name"":""rs-53-p1-p9bh4"",""cpu_m"":335,""mem_b"":165685365,""priority"":""1"",""node"":""kwok-node-26""}]","[{""name"":""kwok-node-1"",""cap_cpu_m"":2162,""cap_mem_bytes"":2142400330},{""name"":""kwok-node-2"",""cap_cpu_m"":2162,""cap_mem_bytes"":2142400330},{""name"":""kwok-node-3"",""cap_cpu_m"":2162,""cap_mem_bytes"":2142400330},{""name"":""kwok-node-4"",""cap_cpu_m"":2162,""cap_mem_bytes"":2142400330},{""name"":""kwok-node-5"",""cap_cpu_m"":2162,""cap_mem_bytes"":2142400330},{""name"":""kwok-node-6"",""cap_cpu_m"":2162,""cap_mem_bytes"":2142400330},{""name"":""kwok-node-7"",""cap_cpu_m"":2162,""cap_mem_bytes"":2142400330},{""name"":""kwok-node-8"",""cap_cpu_m"":2162,""cap_mem_bytes"":2142400330},{""name"":""kwok-node-9"",""cap_cpu_m"":2162,""cap_mem_bytes"":2142400330},{""name"":""kwok-node-10"",""cap_cpu_m"":2162,""cap_mem_bytes"":2142400330},{""name"":""kwok-node-11"",""cap_cpu_m"":2162,""cap_mem_bytes"":2142400330},{""name"":""kwok-node-12"",""cap_cpu_m"":2162,""cap_mem_bytes"":2142400330},{""name"":""kwok-node-13"",""cap_cpu_m"":2162,""cap_mem_bytes"":2142400330},{""name"":""kwok-node-14"",""cap_cpu_m"":2162,""cap_mem_bytes"":2142400330},{""name"":""kwok-node-15"",""cap_cpu_m"":2162,""cap_mem_bytes"":2142400330},{""name"":""kwok-node-16"",""cap_cpu_m"":2162,""cap_mem_bytes"":2142400330},{""name"":""kwok-node-17"",""cap_cpu_m"":2162,""cap_mem_bytes"":2142400330},{""name"":""kwok-node-18"",""cap_cpu_m"":2162,""cap_mem_bytes"":2142400330},{""name"":""kwok-node-19"",""cap_cpu_m"":2162,""cap_mem_bytes"":2142400330},{""name"":""kwok-node-20"",""cap_cpu_m"":2162,""cap_mem_bytes"":2142400330},{""name"":""kwok-node-21"",""cap_cpu_m"":2162,""cap_mem_bytes"":2142400330},{""name"":""kwok-node-22"",""cap_cpu_m"":2162,""cap_mem_bytes"":2142400330},{""name"":""kwok-node-23"",""cap_cpu_m"":2162,""cap_mem_bytes"":2142400330},{""name"":""kwok-node-24"",""cap_cpu_m"":2162,""cap_mem_bytes"":2142400330},{""name"":""kwok-node-25"",""cap_cpu_m"":2162,""cap_mem_bytes"":2142400330},{""name"":""kwok-node-26"",""cap_cpu_m"":2162,""cap_mem_bytes"":2142400330},{""name"":""kwok-node-27"",""cap_cpu_m"":2162,""cap_mem_bytes"":2142400330},{""name"":""kwok-node-28"",""cap_cpu_m"":2162,""cap_mem_bytes"":2142400330},{""name"":""kwok-node-29"",""cap_cpu_m"":2162,""cap_mem_bytes"":2142400330},{""name"":""kwok-node-30"",""cap_cpu_m"":2162,""cap_mem_bytes"":2142400330},{""name"":""kwok-node-31"",""cap_cpu_m"":2162,""cap_mem_bytes"":2142400330},{""name"":""kwok-node-32"",""cap_cpu_m"":2162,""cap_mem_bytes"":2142400330}]"
2026/02/11/12:31:25,3442520487102279065,no improving solution from any solver,"{""evicted"":0,""moved"":0,""placed_by_priority"":{""1"":25,""2"":27,""3"":29,""4"":29}}",,,,,"[{""duration_ms"":983,""name"":""python"",""score"":{""evicted"":0,""moved"":0,""placed_by_priority"":null},""status"":""FAILED""}]",0.866,0.866,0.849,0.849,57166,57166,58280663458,58280663458,110,110,18,18,"{""kwok-node-1"":3,""kwok-node-10"":4,""kwok-node-11"":4,""kwok-node-12"":4,""kwok-node-13"":3,""kwok-node-14"":5,""kwok-node-15"":3,""kwok-node-16"":3,""kwok-node-17"":3,""kwok-node-18"":3,""kwok-node-19"":3,""kwok-node-2"":4,""kwok-node-20"":4,""kwok-node-21"":4,""kwok-node-22"":3,""kwok-node-23"":4,""kwok-node-24"":3,""kwok-node-25"":4,""kwok-node-26"":4,""kwok-node-27"":3,""kwok-node-28"":2,""kwok-node-29"":3,""kwok-node-3"":3,""kwok-node-30"":4,""kwok-node-31"":3,""kwok-node-32"":3,""kwok-node-4"":4,""kwok-node-5"":4,""kwok-node-6"":3,""kwok-node-7"":4,""kwok-node-8"":3,""kwok-node-9"":3}","{""kwok-node-1"":3,""kwok-node-10"":4,""kwok-node-11"":4,""kwok-node-12"":4,""kwok-node-13"":3,""kwok-node-14"":5,""kwok-node-15"":3,""kwok-node-16"":3,""kwok-node-17"":3,""kwok-node-18"":3,""kwok-node-19"":3,""kwok-node-2"":4,""kwok-node-20"":4,""kwok-node-21"":4,""kwok-node-22"":3,""kwok-node-23"":4,""kwok-node-24"":3,""kwok-node-25"":4,""kwok-node-26"":4,""kwok-node-27"":3,""kwok-node-28"":2,""kwok-node-29"":3,""kwok-node-3"":3,""kwok-node-30"":4,""kwok-node-31"":3,""kwok-node-32"":3,""kwok-node-4"":4,""kwok-node-5"":4,""kwok-node-6"":3,""kwok-node-7"":4,""kwok-node-8"":3,""kwok-node-9"":3}","{""p1"":25,""p2"":27,""p3"":29,""p4"":29}","{""p1"":25,""p2"":27,""p3"":29,""p4"":29}","{""p1"":1,""p2"":6,""p3"":3,""p4"":8}","{""p1"":1,""p2"":6,""p3"":3,""p4"":8}","{rs-35-p3-7lxd7,rs-35-p3-knc56,rs-37-p3-nvbwd,rs-42-p4-fkczq,rs-42-p4-hnwwj,rs-42-p4-l44mn,rs-42-p4-s8bpw,rs-45-p4-9r87g,rs-45-p4-hv7mz,rs-45-p4-vv9fg,rs-46-p2-5fhps,rs-46-p2-mlmtx,rs-46-p2-ng59t,rs-47-p2-2s5nr,rs-47-p2-86jk7,rs-47-p2-xrbj4,rs-48-p1-flq9t,rs-49-p4-sjkmz}","{rs-35-p3-7lxd7,rs-35-p3-knc56,rs-37-p3-nvbwd,rs-42-p4-fkczq,rs-42-p4-hnwwj,rs-42-p4-l44mn,rs-42-p4-s8bpw,rs-45-p4-9r87g,rs-45-p4-hv7mz,rs-45-p4-vv9fg,rs-46-p2-5fhps,rs-46-p2-mlmtx,rs-46-p2-ng59t,rs-47-p2-2s5nr,rs-47-p2-86jk7,rs-47-p2-xrbj4,rs-48-p1-flq9t,rs-49-p4-sjkmz}","{rs-01-p3-7p9wq,rs-01-p3-8l99d,rs-01-p3-rjjbx,rs-02-p3-2l9xm,rs-02-p3-55l7w,rs-02-p3-njh68,rs-02-p3-t5sww,rs-03-p4-crndd,rs-03-p4-sjdsn,rs-04-p4-7tn45,rs-04-p4-mfqtq,rs-04-p4-v2gnv,rs-05-p4-m2qxp,rs-05-p4-pgmpf,rs-05-p4-sxnps,rs-06-p2-h7mnj,rs-06-p2-j9ggx,rs-06-p2-tcxcs,rs-07-p3-gl5n2,rs-07-p3-wxzmm,rs-08-p2-ctl8t,rs-08-p2-dtphh,rs-08-p2-s6dm9,rs-09-p1-blzqx,rs-09-p1-m484k,rs-10-p4-sg4wk,rs-11-p3-4lvp7,rs-11-p3-8tc2q,rs-11-p3-gxqch,rs-11-p3-w7mts,rs-12-p2-9nbht,rs-12-p2-dcjpx,rs-13-p1-nmsbr,rs-14-p1-ksjx2,rs-14-p1-n8l7h,rs-14-p1-zzx4r,rs-15-p4-rj96l,rs-15-p4-t4n2g,rs-15-p4-txrzx,rs-16-p2-5prcf,rs-16-p2-kql5f,rs-16-p2-tdffx,rs-17-p1-74jzh,rs-17-p1-v52wt,rs-17-p1-xtlkz,rs-18-p4-t9tvk,rs-19-p1-4dx7j,rs-19-p1-4vxsk,rs-19-p1-9b28p,rs-19-p1-wzjwx,rs-20-p4-5l797,rs-20-p4-rcwxb,rs-21-p2-6vwc5,rs-21-p2-bw77p,rs-21-p2-pcjm9,rs-21-p2-q4jlm,rs-22-p1-p5hj4,rs-22-p1-zs8vn,rs-23-p2-jt7tb,rs-23-p2-tvm9r,rs-23-p2-w7m2b,rs-23-p2-w8kf7,rs-24-p2-szrjs,rs-25-p2-5t7x6,rs-26-p1-ks72p,rs-27-p4-6b4v4,rs-27-p4-lxxk2,rs-27-p4-wlgc6,rs-27-p4-x8522,rs-28-p1-29qpx,rs-28-p1-fh8r4,rs-28-p1-gcf9z,rs-29-p2-h9f4r,rs-29-p2-jx2k5,rs-29-p2-mt5jd,rs-29-p2-tqkr7,rs-30-p1-nnmgl,rs-30-p1-rf765,rs-30-p1-wchc6,rs-30-p1-z2vqt,rs-31-p3-qwdc5,rs-31-p3-rfxkq,rs-32-p2-bb54z,rs-32-p2-shf27,rs-33-p3-72zh5,rs-33-p3-jqg2x,rs-33-p3-qswsl,rs-33-p3-zvqk6,rs-34-p4-5wc9m,rs-34-p4-pv5zz,rs-35-p3-zjm7m,rs-36-p4-7xg7h,rs-37-p3-fsl42,rs-37-p3-l25b7,rs-38-p1-65grj,rs-38-p1-fwp95,rs-39-p3-ntqph,rs-40-p3-f6chb,rs-41-p3-6wwbg,rs-41-p3-fch2d,rs-43-p3-62fdp,rs-43-p3-kwptw,rs-43-p3-zpr72,rs-44-p4-jkt9g,rs-44-p4-k9vvf,rs-44-p4-zst7b,rs-50-p4-l9vfd,rs-50-p4-q7499,rs-50-p4-rnktw,rs-50-p4-z4qwc}","{rs-01-p3-7p9wq,rs-01-p3-8l99d,rs-01-p3-rjjbx,rs-02-p3-2l9xm,rs-02-p3-55l7w,rs-02-p3-njh68,rs-02-p3-t5sww,rs-03-p4-crndd,rs-03-p4-sjdsn,rs-04-p4-7tn45,rs-04-p4-mfqtq,rs-04-p4-v2gnv,rs-05-p4-m2qxp,rs-05-p4-pgmpf,rs-05-p4-sxnps,rs-06-p2-h7mnj,rs-06-p2-j9ggx,rs-06-p2-tcxcs,rs-07-p3-gl5n2,rs-07-p3-wxzmm,rs-08-p2-ctl8t,rs-08-p2-dtphh,rs-08-p2-s6dm9,rs-09-p1-blzqx,rs-09-p1-m484k,rs-10-p4-sg4wk,rs-11-p3-4lvp7,rs-11-p3-8tc2q,rs-11-p3-gxqch,rs-11-p3-w7mts,rs-12-p2-9nbht,rs-12-p2-dcjpx,rs-13-p1-nmsbr,rs-14-p1-ksjx2,rs-14-p1-n8l7h,rs-14-p1-zzx4r,rs-15-p4-rj96l,rs-15-p4-t4n2g,rs-15-p4-txrzx,rs-16-p2-5prcf,rs-16-p2-kql5f,rs-16-p2-tdffx,rs-17-p1-74jzh,rs-17-p1-v52wt,rs-17-p1-xtlkz,rs-18-p4-t9tvk,rs-19-p1-4dx7j,rs-19-p1-4vxsk,rs-19-p1-9b28p,rs-19-p1-wzjwx,rs-20-p4-5l797,rs-20-p4-rcwxb,rs-21-p2-6vwc5,rs-21-p2-bw77p,rs-21-p2-pcjm9,rs-21-p2-q4jlm,rs-22-p1-p5hj4,rs-22-p1-zs8vn,rs-23-p2-jt7tb,rs-23-p2-tvm9r,rs-23-p2-w7m2b,rs-23-p2-w8kf7,rs-24-p2-szrjs,rs-25-p2-5t7x6,rs-26-p1-ks72p,rs-27-p4-6b4v4,rs-27-p4-lxxk2,rs-27-p4-wlgc6,rs-27-p4-x8522,rs-28-p1-29qpx,rs-28-p1-fh8r4,rs-28-p1-gcf9z,rs-29-p2-h9f4r,rs-29-p2-jx2k5,rs-29-p2-mt5jd,rs-29-p2-tqkr7,rs-30-p1-nnmgl,rs-30-p1-rf765,rs-30-p1-wchc6,rs-30-p1-z2vqt,rs-31-p3-qwdc5,rs-31-p3-rfxkq,rs-32-p2-bb54z,rs-32-p2-shf27,rs-33-p3-72zh5,rs-33-p3-jqg2x,rs-33-p3-qswsl,rs-33-p3-zvqk6,rs-34-p4-5wc9m,rs-34-p4-pv5zz,rs-35-p3-zjm7m,rs-36-p4-7xg7h,rs-37-p3-fsl42,rs-37-p3-l25b7,rs-38-p1-65grj,rs-38-p1-fwp95,rs-39-p3-ntqph,rs-40-p3-f6chb,rs-41-p3-6wwbg,rs-41-p3-fch2d,rs-43-p3-62fdp,rs-43-p3-kwptw,rs-43-p3-zpr72,rs-44-p4-jkt9g,rs-44-p4-k9vvf,rs-44-p4-zst7b,rs-50-p4-l9vfd,rs-50-p4-q7499,rs-50-p4-rnktw,rs-50-p4-z4qwc}","[{""name"":""rs-01-p3-7p9wq"",""cpu_m"":147,""mem_b"":885975365,""priority"":""3"",""node"":""kwok-node-19""},{""name"":""rs-01-p3-8l99d"",""cpu_m"":147,""mem_b"":885975365,""priority"":""3"",""node"":""kwok-node-15""},{""name"":""rs-01-p3-rjjbx"",""cpu_m"":147,""mem_b"":885975365,""priority"":""3"",""node"":""kwok-node-16""},{""name"":""rs-02-p3-2l9xm"",""cpu_m"":360,""mem_b"":177668956,""priority"":""3"",""node"":""kwok-node-14""},{""name"":""rs-02-p3-55l7w"",""cpu_m"":360,""mem_b"":177668956,""priority"":""3"",""node"":""kwok-node-12""},{""name"":""rs-02-p3-njh68"",""cpu_m"":360,""mem_b"":177668956,""priority"":""3"",""node"":""kwok-node-10""},{""name"":""rs-02-p3-t5sww"",""cpu_m"":360,""mem_b"":177668956,""priority"":""3"",""node"":""kwok-node-17""},{""name"":""rs-03-p4-crndd"",""cpu_m"":735,""mem_b"":125333025,""priority"":""4"",""node"":""kwok-node-1""},{""name"":""rs-03-p4-sjdsn"",""cpu_m"":735,""mem_b"":125333025,""priority"":""4"",""node"":""kwok-node-18""},{""name"":""rs-04-p4-7tn45"",""cpu_m"":620,""mem_b"":304389282,""priority"":""4"",""node"":""kwok-node-13""},{""name"":""rs-04-p4-mfqtq"",""cpu_m"":620,""mem_b"":304389282,""priority"":""4"",""node"":""kwok-node-20""},{""name"":""rs-04-p4-v2gnv"",""cpu_m"":620,""mem_b"":304389282,""priority"":""4"",""node"":""kwok-node-21""},{""name"":""rs-05-p4-m2qxp"",""cpu_m"":292,""mem_b"":310070862,""priority"":""4"",""node"":""kwok-node-11""},{""name"":""rs-05-p4-pgmpf"",""cpu_m"":292,""mem_b"":310070862,""priority"":""4"",""node"":""kwok-node-2""},{""name"":""rs-05-p4-sxnps"",""cpu_m"":292,""mem_b"":310070862,""priority"":""4"",""node"":""kwok-node-10""},{""name"":""rs-06-p2-h7mnj"",""cpu_m"":272,""mem_b"":210454732,""priority"":""2"",""node"":""kwok-node-2""},{""name"":""rs-06-p2-j9ggx"",""cpu_m"":272,""mem_b"":210454732,""priority"":""2"",""node"":""kwok-node-11""},{""name"":""rs-06-p2-tcxcs"",""cpu_m"":272,""mem_b"":210454732,""priority"":""2"",""node"":""kwok-node-14""},{""name"":""rs-07-p3-gl5n2"",""cpu_m"":620,""mem_b"":420835852,""priority"":""3"",""node"":""kwok-node-24""},{""name"":""rs-07-p3-wxzmm"",""cpu_m"":620,""mem_b"":420835852,""priority"":""3"",""node"":""kwok-node-26""},{""name"":""rs-08-p2-ctl8t"",""cpu_m"":103,""mem_b"":412256571,""priority"":""2"",""node"":""kwok-node-25""},{""name"":""rs-08-p2-dtphh"",""cpu_m"":103,""mem_b"":412256571,""priority"":""2"",""node"":""kwok-node-22""},{""name"":""rs-08-p2-s6dm9"",""cpu_m"":103,""mem_b"":412256571,""priority"":""2"",""node"":""kwok-node-23""},{""name"":""rs-09-p1-blzqx"",""cpu_m"":323,""mem_b"":715252352,""priority"":""1"",""node"":""kwok-node-29""},{""name"":""rs-09-p1-m484k"",""cpu_m"":323,""mem_b"":715252352,""priority"":""1"",""node"":""kwok-node-27""},{""name"":""rs-10-p4-sg4wk"",""cpu_m"":950,""mem_b"":969638338,""priority"":""4"",""node"":""kwok-node-28""},{""name"":""rs-11-p3-4lvp7"",""cpu_m"":421,""mem_b"":517168808,""priority"":""3"",""node"":""kwok-node-30""},{""name"":""rs-11-p3-8tc2q"",""cpu_m"":421,""mem_b"":517168808,""priority"":""3"",""node"":""kwok-node-3""},{""name"":""rs-11-p3-gxqch"",""cpu_m"":421,""mem_b"":517168808,""priority"":""3"",""node"":""kwok-node-31""},{""name"":""rs-11-p3-w7mts"",""cpu_m"":421,""mem_b"":517168808,""priority"":""3"",""node"":""kwok-node-12""},{""name"":""rs-12-p2-9nbht"",""cpu_m"":305,""mem_b"":295430522,""priority"":""2"",""node"":""kwok-node-4""},{""name"":""rs-12-p2-dcjpx"",""cpu_m"":305,""mem_b"":295430522,""priority"":""2"",""node"":""kwok-node-32""},{""name"":""rs-13-p1-nmsbr"",""cpu_m"":760,""mem_b"":841068729,""priority"":""1"",""node"":""kwok-node-6""},{""name"":""rs-14-p1-ksjx2"",""cpu_m"":384,""mem_b"":444975542,""priority"":""1"",""node"":""kwok-node-5""},{""name"":""rs-14-p1-n8l7h"",""cpu_m"":384,""mem_b"":444975542,""priority"":""1"",""node"":""kwok-node-7""},{""name"":""rs-14-p1-zzx4r"",""cpu_m"":384,""mem_b"":444975542,""priority"":""1"",""node"":""kwok-node-4""},{""name"":""rs-15-p4-rj96l"",""cpu_m"":703,""mem_b"":630185353,""priority"":""4"",""node"":""kwok-node-8""},{""name"":""rs-15-p4-t4n2g"",""cpu_m"":703,""mem_b"":630185353,""priority"":""4"",""node"":""kwok-node-32""},{""name"":""rs-15-p4-txrzx"",""cpu_m"":703,""mem_b"":630185353,""priority"":""4"",""node"":""kwok-node-22""},{""name"":""rs-16-p2-5prcf"",""cpu_m"":290,""mem_b"":966678639,""priority"":""2"",""node"":""kwok-node-1""},{""name"":""rs-16-p2-kql5f"",""cpu_m"":290,""mem_b"":966678639,""priority"":""2"",""node"":""kwok-node-18""},{""name"":""rs-16-p2-tdffx"",""cpu_m"":290,""mem_b"":966678639,""priority"":""2"",""node"":""kwok-node-9""},{""name"":""rs-17-p1-74jzh"",""cpu_m"":562,""mem_b"":734521149,""priority"":""1"",""node"":""kwok-node-25""},{""name"":""rs-17-p1-v52wt"",""cpu_m"":562,""mem_b"":734521149,""priority"":""1"",""node"":""kwok-node-17""},{""name"":""rs-17-p1-xtlkz"",""cpu_m"":562,""mem_b"":734521149,""priority"":""1"",""node"":""kwok-node-23""},{""name"":""rs-18-p4-t9tvk"",""cpu_m"":792,""mem_b"":806476020,""priority"":""4"",""node"":""kwok-node-7""},{""name"":""rs-19-p1-4dx7j"",""cpu_m"":771,""mem_b"":689664205,""priority"":""1"",""node"":""kwok-node-3""},{""name"":""rs-19-p1-4vxsk"",""cpu_m"":771,""mem_b"":689664205,""priority"":""1"",""node"":""kwok-node-30""},{""name"":""rs-19-p1-9b28p"",""cpu_m"":771,""mem_b"":689664205,""priority"":""1"",""node"":""kwok-node-31""},{""name"":""rs-19-p1-wzjwx"",""cpu_m"":771,""mem_b"":689664205,""priority"":""1"",""node"":""kwok-node-5""},{""name"":""rs-20-p4-5l797"",""cpu_m"":650,""mem_b"":511794971,""priority"":""4"",""node"":""kwok-node-29""},{""name"":""rs-20-p4-rcwxb"",""cpu_m"":650,""mem_b"":511794971,""priority"":""4"",""node"":""kwok-node-27""},{""name"":""rs-21-p2-6vwc5"",""cpu_m"":767,""mem_b"":739110880,""priority"":""2"",""node"":""kwok-node-13""},{""name"":""rs-21-p2-bw77p"",""cpu_m"":767,""mem_b"":739110880,""priority"":""2"",""node"":""kwok-node-11""},{""name"":""rs-21-p2-pcjm9"",""cpu_m"":767,""mem_b"":739110880,""priority"":""2"",""node"":""kwok-node-2""},{""name"":""rs-21-p2-q4jlm"",""cpu_m"":767,""mem_b"":739110880,""priority"":""2"",""node"":""kwok-node-24""},{""name"":""rs-22-p1-p5hj4"",""cpu_m"":927,""mem_b"":267254148,""priority"":""1"",""node"":""kwok-node-19""},{""name"":""rs-22-p1-zs8vn"",""cpu_m"":927,""mem_b"":267254148,""priority"":""1"",""node"":""kwok-node-15""},{""name"":""rs-23-p2-jt7tb"",""cpu_m"":155,""mem_b"":982043863,""priority"":""2"",""node"":""kwok-node-21""},{""name"":""rs-23-p2-tvm9r"",""cpu_m"":155,""mem_b"":982043863,""priority"":""2"",""node"":""kwok-node-14""},{""name"":""rs-23-p2-w7m2b"",""cpu_m"":155,""mem_b"":982043863,""priority"":""2"",""node"":""kwok-node-20""},{""name"":""rs-23-p2-w8kf7"",""cpu_m"":155,""mem_b"":982043863,""priority"":""2"",""node"":""kwok-node-26""},{""name"":""rs-24-p2-szrjs"",""cpu_m"":317,""mem_b"":766733891,""priority"":""2"",""node"":""kwok-node-10""},{""name"":""rs-25-p2-5t7x6"",""cpu_m"":121,""mem_b"":554439175,""priority"":""2"",""node"":""kwok-node-8""},{""name"":""rs-26-p1-ks72p"",""cpu_m"":138,""mem_b"":262337666,""priority"":""1"",""node"":""kwok-node-12""},{""name"":""rs-27-p4-6b4v4"",""cpu_m"":839,""mem_b"":513439761,""priority"":""4"",""node"":""kwok-node-9""},{""name"":""rs-27-p4-lxxk2"",""cpu_m"":839,""mem_b"":513439761,""priority"":""4"",""node"":""kwok-node-25""},{""name"":""rs-27-p4-wlgc6"",""cpu_m"":839,""mem_b"":513439761,""priority"":""4"",""node"":""kwok-node-16""},{""name"":""rs-27-p4-x8522"",""cpu_m"":839,""mem_b"":513439761,""priority"":""4"",""node"":""kwok-node-4""},{""name"":""rs-28-p1-29qpx"",""cpu_m"":883,""mem_b"":135766093,""priority"":""1"",""node"":""kwok-node-23""},{""name"":""rs-28-p1-fh8r4"",""cpu_m"":883,""mem_b"":135766093,""priority"":""1"",""node"":""kwok-node-20""},{""name"":""rs-28-p1-gcf9z"",""cpu_m"":883,""mem_b"":135766093,""priority"":""1"",""node"":""kwok-node-6""},{""name"":""rs-29-p2-h9f4r"",""cpu_m"":318,""mem_b"":853568583,""priority"":""2"",""node"":""kwok-node-28""},{""name"":""rs-29-p2-jx2k5"",""cpu_m"":318,""mem_b"":853568583,""priority"":""2"",""node"":""kwok-node-17""},{""name"":""rs-29-p2-mt5jd"",""cpu_m"":318,""mem_b"":853568583,""priority"":""2"",""node"":""kwok-node-32""},{""name"":""rs-29-p2-tqkr7"",""cpu_m"":318,""mem_b"":853568583,""priority"":""2"",""node"":""kwok-node-12""},{""name"":""rs-30-p1-nnmgl"",""cpu_m"":992,""mem_b"":946514715,""priority"":""1"",""node"":""kwok-node-22""},{""name"":""rs-30-p1-rf765"",""cpu_m"":992,""mem_b"":946514715,""priority"":""1"",""node"":""kwok-node-8""},{""name"":""rs-30-p1-wchc6"",""cpu_m"":992,""mem_b"":946514715,""priority"":""1"",""node"":""kwok-node-18""},{""name"":""rs-30-p1-z2vqt"",""cpu_m"":992,""mem_b"":946514715,""priority"":""1"",""node"":""kwok-node-1""},{""name"":""rs-31-p3-qwdc5"",""cpu_m"":877,""mem_b"":129556295,""priority"":""3"",""node"":""kwok-node-14""},{""name"":""rs-31-p3-rfxkq"",""cpu_m"":877,""mem_b"":129556295,""priority"":""3"",""node"":""kwok-node-21""},{""name"":""rs-32-p2-bb54z"",""cpu_m"":681,""mem_b"":557511473,""priority"":""2"",""node"":""kwok-node-29""},{""name"":""rs-32-p2-shf27"",""cpu_m"":681,""mem_b"":557511473,""priority"":""2"",""node"":""kwok-node-27""},{""name"":""rs-33-p3-72zh5"",""cpu_m"":727,""mem_b"":461446067,""priority"":""3"",""node"":""kwok-node-16""},{""name"":""rs-33-p3-jqg2x"",""cpu_m"":727,""mem_b"":461446067,""priority"":""3"",""node"":""kwok-node-19""},{""name"":""rs-33-p3-qswsl"",""cpu_m"":727,""mem_b"":461446067,""priority"":""3"",""node"":""kwok-node-10""},{""name"":""rs-33-p3-zvqk6"",""cpu_m"":727,""mem_b"":461446067,""priority"":""3"",""node"":""kwok-node-15""},{""name"":""rs-34-p4-5wc9m"",""cpu_m"":276,""mem_b"":139593819,""priority"":""4"",""node"":""kwok-node-7""},{""name"":""rs-34-p4-pv5zz"",""cpu_m"":276,""mem_b"":139593819,""priority"":""4"",""node"":""kwok-node-5""},{""name"":""rs-35-p3-7lxd7"",""cpu_m"":557,""mem_b"":997898127,""priority"":""3"",""node"":""""},{""name"":""rs-35-p3-knc56"",""cpu_m"":557,""mem_b"":997898127,""priority"":""3"",""node"":""""},{""name"":""rs-35-p3-zjm7m"",""cpu_m"":557,""mem_b"":997898127,""priority"":""3"",""node"":""kwok-node-13""},{""name"":""rs-36-p4-7xg7h"",""cpu_m"":493,""mem_b"":865850774,""priority"":""4"",""node"":""kwok-node-24""},{""name"":""rs-37-p3-fsl42"",""cpu_m"":886,""mem_b"":231945592,""priority"":""3"",""node"":""kwok-node-26""},{""name"":""rs-37-p3-l25b7"",""cpu_m"":886,""mem_b"":231945592,""priority"":""3"",""node"":""kwok-node-9""},{""name"":""rs-37-p3-nvbwd"",""cpu_m"":886,""mem_b"":231945592,""priority"":""3"",""node"":""""},{""name"":""rs-38-p1-65grj"",""cpu_m"":159,""mem_b"":747624138,""priority"":""1"",""node"":""kwok-node-6""},{""name"":""rs-38-p1-fwp95"",""cpu_m"":159,""mem_b"":747624138,""priority"":""1"",""node"":""kwok-node-31""},{""name"":""rs-39-p3-ntqph"",""cpu_m"":729,""mem_b"":829441164,""priority"":""3"",""node"":""kwok-node-3""},{""name"":""rs-40-p3-f6chb"",""cpu_m"":120,""mem_b"":351511718,""priority"":""3"",""node"":""kwok-node-30""},{""name"":""rs-41-p3-6wwbg"",""cpu_m"":712,""mem_b"":402617458,""priority"":""3"",""node"":""kwok-node-30""},{""name"":""rs-41-p3-fch2d"",""cpu_m"":712,""mem_b"":402617458,""priority"":""3"",""node"":""kwok-node-11""},{""name"":""rs-42-p4-fkczq"",""cpu_m"":546,""mem_b"":981618766,""priority"":""4"",""node"":""""},{""name"":""rs-42-p4-hnwwj"",""cpu_m"":546,""mem_b"":981618766,""priority"":""4"",""node"":""""},{""name"":""rs-42-p4-l44mn"",""cpu_m"":546,""mem_b"":981618766,""priority"":""4"",""node"":""""},{""name"":""rs-42-p4-s8bpw"",""cpu_m"":546,""mem_b"":981618766,""priority"":""4"",""node"":""""},{""name"":""rs-43-p3-62fdp"",""cpu_m"":367,""mem_b"":232403127,""priority"":""3"",""node"":""kwok-node-7""},{""name"":""rs-43-p3-kwptw"",""cpu_m"":367,""mem_b"":232403127,""priority"":""3"",""node"":""kwok-node-5""},{""name"":""rs-43-p3-zpr72"",""cpu_m"":367,""mem_b"":232403127,""priority"":""3"",""node"":""kwok-node-2""},{""name"":""rs-44-p4-jkt9g"",""cpu_m"":462,""mem_b"":372480871,""priority"":""4"",""node"":""kwok-node-4""},{""name"":""rs-44-p4-k9vvf"",""cpu_m"":462,""mem_b"":372480871,""priority"":""4"",""node"":""kwok-node-23""},{""name"":""rs-44-p4-zst7b"",""cpu_m"":462,""mem_b"":372480871,""priority"":""4"",""node"":""kwok-node-25""},{""name"":""rs-45-p4-9r87g"",""cpu_m"":602,""mem_b"":542811045,""priority"":""4"",""node"":""""},{""name"":""rs-45-p4-hv7mz"",""cpu_m"":602,""mem_b"":542811045,""priority"":""4"",""node"":""""},{""name"":""rs-45-p4-vv9fg"",""cpu_m"":602,""mem_b"":542811045,""priority"":""4"",""node"":""""},{""name"":""rs-46-p2-5fhps"",""cpu_m"":871,""mem_b"":754315111,""priority"":""2"",""node"":""""},{""name"":""rs-46-p2-mlmtx"",""cpu_m"":871,""mem_b"":754315111,""priority"":""2"",""node"":""""},{""name"":""rs-46-p2-ng59t"",""cpu_m"":871,""mem_b"":754315111,""priority"":""2"",""node"":""""},{""name"":""rs-47-p2-2s5nr"",""cpu_m"":856,""mem_b"":653826921,""priority"":""2"",""node"":""""},{""name"":""rs-47-p2-86jk7"",""cpu_m"":856,""mem_b"":653826921,""priority"":""2"",""node"":""""},{""name"":""rs-47-p2-xrbj4"",""cpu_m"":856,""mem_b"":653826921,""priority"":""2"",""node"":""""},{""name"":""rs-48-p1-flq9t"",""cpu_m"":440,""mem_b"":817739678,""priority"":""1"",""node"":""""},{""name"":""rs-49-p4-sjkmz"",""cpu_m"":558,""mem_b"":941557813,""priority"":""4"",""node"":""""},{""name"":""rs-50-p4-l9vfd"",""cpu_m"":308,""mem_b"":375698114,""priority"":""4"",""node"":""kwok-node-20""},{""name"":""rs-50-p4-q7499"",""cpu_m"":308,""mem_b"":375698114,""priority"":""4"",""node"":""kwok-node-21""},{""name"":""rs-50-p4-rnktw"",""cpu_m"":308,""mem_b"":375698114,""priority"":""4"",""node"":""kwok-node-14""},{""name"":""rs-50-p4-z4qwc"",""cpu_m"":308,""mem_b"":375698114,""priority"":""4"",""node"":""kwok-node-26""}]","[{""name"":""rs-01-p3-7p9wq"",""cpu_m"":147,""mem_b"":885975365,""priority"":""3"",""node"":""kwok-node-19""},{""name"":""rs-01-p3-8l99d"",""cpu_m"":147,""mem_b"":885975365,""priority"":""3"",""node"":""kwok-node-15""},{""name"":""rs-01-p3-rjjbx"",""cpu_m"":147,""mem_b"":885975365,""priority"":""3"",""node"":""kwok-node-16""},{""name"":""rs-02-p3-2l9xm"",""cpu_m"":360,""mem_b"":177668956,""priority"":""3"",""node"":""kwok-node-14""},{""name"":""rs-02-p3-55l7w"",""cpu_m"":360,""mem_b"":177668956,""priority"":""3"",""node"":""kwok-node-12""},{""name"":""rs-02-p3-njh68"",""cpu_m"":360,""mem_b"":177668956,""priority"":""3"",""node"":""kwok-node-10""},{""name"":""rs-02-p3-t5sww"",""cpu_m"":360,""mem_b"":177668956,""priority"":""3"",""node"":""kwok-node-17""},{""name"":""rs-03-p4-crndd"",""cpu_m"":735,""mem_b"":125333025,""priority"":""4"",""node"":""kwok-node-1""},{""name"":""rs-03-p4-sjdsn"",""cpu_m"":735,""mem_b"":125333025,""priority"":""4"",""node"":""kwok-node-18""},{""name"":""rs-04-p4-7tn45"",""cpu_m"":620,""mem_b"":304389282,""priority"":""4"",""node"":""kwok-node-13""},{""name"":""rs-04-p4-mfqtq"",""cpu_m"":620,""mem_b"":304389282,""priority"":""4"",""node"":""kwok-node-20""},{""name"":""rs-04-p4-v2gnv"",""cpu_m"":620,""mem_b"":304389282,""priority"":""4"",""node"":""kwok-node-21""},{""name"":""rs-05-p4-m2qxp"",""cpu_m"":292,""mem_b"":310070862,""priority"":""4"",""node"":""kwok-node-11""},{""name"":""rs-05-p4-pgmpf"",""cpu_m"":292,""mem_b"":310070862,""priority"":""4"",""node"":""kwok-node-2""},{""name"":""rs-05-p4-sxnps"",""cpu_m"":292,""mem_b"":310070862,""priority"":""4"",""node"":""kwok-node-10""},{""name"":""rs-06-p2-h7mnj"",""cpu_m"":272,""mem_b"":210454732,""priority"":""2"",""node"":""kwok-node-2""},{""name"":""rs-06-p2-j9ggx"",""cpu_m"":272,""mem_b"":210454732,""priority"":""2"",""node"":""kwok-node-11""},{""name"":""rs-06-p2-tcxcs"",""cpu_m"":272,""mem_b"":210454732,""priority"":""2"",""node"":""kwok-node-14""},{""name"":""rs-07-p3-gl5n2"",""cpu_m"":620,""mem_b"":420835852,""priority"":""3"",""node"":""kwok-node-24""},{""name"":""rs-07-p3-wxzmm"",""cpu_m"":620,""mem_b"":420835852,""priority"":""3"",""node"":""kwok-node-26""},{""name"":""rs-08-p2-ctl8t"",""cpu_m"":103,""mem_b"":412256571,""priority"":""2"",""node"":""kwok-node-25""},{""name"":""rs-08-p2-dtphh"",""cpu_m"":103,""mem_b"":412256571,""priority"":""2"",""node"":""kwok-node-22""},{""name"":""rs-08-p2-s6dm9"",""cpu_m"":103,""mem_b"":412256571,""priority"":""2"",""node"":""kwok-node-23""},{""name"":""rs-09-p1-blzqx"",""cpu_m"":323,""mem_b"":715252352,""priority"":""1"",""node"":""kwok-node-29""},{""name"":""rs-09-p1-m484k"",""cpu_m"":323,""mem_b"":715252352,""priority"":""1"",""node"":""kwok-node-27""},{""name"":""rs-10-p4-sg4wk"",""cpu_m"":950,""mem_b"":969638338,""priority"":""4"",""node"":""kwok-node-28""},{""name"":""rs-11-p3-4lvp7"",""cpu_m"":421,""mem_b"":517168808,""priority"":""3"",""node"":""kwok-node-30""},{""name"":""rs-11-p3-8tc2q"",""cpu_m"":421,""mem_b"":517168808,""priority"":""3"",""node"":""kwok-node-3""},{""name"":""rs-11-p3-gxqch"",""cpu_m"":421,""mem_b"":517168808,""priority"":""3"",""node"":""kwok-node-31""},{""name"":""rs-11-p3-w7mts"",""cpu_m"":421,""mem_b"":517168808,""priority"":""3"",""node"":""kwok-node-12""},{""name"":""rs-12-p2-9nbht"",""cpu_m"":305,""mem_b"":295430522,""priority"":""2"",""node"":""kwok-node-4""},{""name"":""rs-12-p2-dcjpx"",""cpu_m"":305,""mem_b"":295430522,""priority"":""2"",""node"":""kwok-node-32""},{""name"":""rs-13-p1-nmsbr"",""cpu_m"":760,""mem_b"":841068729,""priority"":""1"",""node"":""kwok-node-6""},{""name"":""rs-14-p1-ksjx2"",""cpu_m"":384,""mem_b"":444975542,""priority"":""1"",""node"":""kwok-node-5""},{""name"":""rs-14-p1-n8l7h"",""cpu_m"":384,""mem_b"":444975542,""priority"":""1"",""node"":""kwok-node-7""},{""name"":""rs-14-p1-zzx4r"",""cpu_m"":384,""mem_b"":444975542,""priority"":""1"",""node"":""kwok-node-4""},{""name"":""rs-15-p4-rj96l"",""cpu_m"":703,""mem_b"":630185353,""priority"":""4"",""node"":""kwok-node-8""},{""name"":""rs-15-p4-t4n2g"",""cpu_m"":703,""mem_b"":630185353,""priority"":""4"",""node"":""kwok-node-32""},{""name"":""rs-15-p4-txrzx"",""cpu_m"":703,""mem_b"":630185353,""priority"":""4"",""node"":""kwok-node-22""},{""name"":""rs-16-p2-5prcf"",""cpu_m"":290,""mem_b"":966678639,""priority"":""2"",""node"":""kwok-node-1""},{""name"":""rs-16-p2-kql5f"",""cpu_m"":290,""mem_b"":966678639,""priority"":""2"",""node"":""kwok-node-18""},{""name"":""rs-16-p2-tdffx"",""cpu_m"":290,""mem_b"":966678639,""priority"":""2"",""node"":""kwok-node-9""},{""name"":""rs-17-p1-74jzh"",""cpu_m"":562,""mem_b"":734521149,""priority"":""1"",""node"":""kwok-node-25""},{""name"":""rs-17-p1-v52wt"",""cpu_m"":562,""mem_b"":734521149,""priority"":""1"",""node"":""kwok-node-17""},{""name"":""rs-17-p1-xtlkz"",""cpu_m"":562,""mem_b"":734521149,""priority"":""1"",""node"":""kwok-node-23""},{""name"":""rs-18-p4-t9tvk"",""cpu_m"":792,""mem_b"":806476020,""priority"":""4"",""node"":""kwok-node-7""},{""name"":""rs-19-p1-4dx7j"",""cpu_m"":771,""mem_b"":689664205,""priority"":""1"",""node"":""kwok-node-3""},{""name"":""rs-19-p1-4vxsk"",""cpu_m"":771,""mem_b"":689664205,""priority"":""1"",""node"":""kwok-node-30""},{""name"":""rs-19-p1-9b28p"",""cpu_m"":771,""mem_b"":689664205,""priority"":""1"",""node"":""kwok-node-31""},{""name"":""rs-19-p1-wzjwx"",""cpu_m"":771,""mem_b"":689664205,""priority"":""1"",""node"":""kwok-node-5""},{""name"":""rs-20-p4-5l797"",""cpu_m"":650,""mem_b"":511794971,""priority"":""4"",""node"":""kwok-node-29""},{""name"":""rs-20-p4-rcwxb"",""cpu_m"":650,""mem_b"":511794971,""priority"":""4"",""node"":""kwok-node-27""},{""name"":""rs-21-p2-6vwc5"",""cpu_m"":767,""mem_b"":739110880,""priority"":""2"",""node"":""kwok-node-13""},{""name"":""rs-21-p2-bw77p"",""cpu_m"":767,""mem_b"":739110880,""priority"":""2"",""node"":""kwok-node-11""},{""name"":""rs-21-p2-pcjm9"",""cpu_m"":767,""mem_b"":739110880,""priority"":""2"",""node"":""kwok-node-2""},{""name"":""rs-21-p2-q4jlm"",""cpu_m"":767,""mem_b"":739110880,""priority"":""2"",""node"":""kwok-node-24""},{""name"":""rs-22-p1-p5hj4"",""cpu_m"":927,""mem_b"":267254148,""priority"":""1"",""node"":""kwok-node-19""},{""name"":""rs-22-p1-zs8vn"",""cpu_m"":927,""mem_b"":267254148,""priority"":""1"",""node"":""kwok-node-15""},{""name"":""rs-23-p2-jt7tb"",""cpu_m"":155,""mem_b"":982043863,""priority"":""2"",""node"":""kwok-node-21""},{""name"":""rs-23-p2-tvm9r"",""cpu_m"":155,""mem_b"":982043863,""priority"":""2"",""node"":""kwok-node-14""},{""name"":""rs-23-p2-w7m2b"",""cpu_m"":155,""mem_b"":982043863,""priority"":""2"",""node"":""kwok-node-20""},{""name"":""rs-23-p2-w8kf7"",""cpu_m"":155,""mem_b"":982043863,""priority"":""2"",""node"":""kwok-node-26""},{""name"":""rs-24-p2-szrjs"",""cpu_m"":317,""mem_b"":766733891,""priority"":""2"",""node"":""kwok-node-10""},{""name"":""rs-25-p2-5t7x6"",""cpu_m"":121,""mem_b"":554439175,""priority"":""2"",""node"":""kwok-node-8""},{""name"":""rs-26-p1-ks72p"",""cpu_m"":138,""mem_b"":262337666,""priority"":""1"",""node"":""kwok-node-12""},{""name"":""rs-27-p4-6b4v4"",""cpu_m"":839,""mem_b"":513439761,""priority"":""4"",""node"":""kwok-node-9""},{""name"":""rs-27-p4-lxxk2"",""cpu_m"":839,""mem_b"":513439761,""priority"":""4"",""node"":""kwok-node-25""},{""name"":""rs-27-p4-wlgc6"",""cpu_m"":839,""mem_b"":513439761,""priority"":""4"",""node"":""kwok-node-16""},{""name"":""rs-27-p4-x8522"",""cpu_m"":839,""mem_b"":513439761,""priority"":""4"",""node"":""kwok-node-4""},{""name"":""rs-28-p1-29qpx"",""cpu_m"":883,""mem_b"":135766093,""priority"":""1"",""node"":""kwok-node-23""},{""name"":""rs-28-p1-fh8r4"",""cpu_m"":883,""mem_b"":135766093,""priority"":""1"",""node"":""kwok-node-20""},{""name"":""rs-28-p1-gcf9z"",""cpu_m"":883,""mem_b"":135766093,""priority"":""1"",""node"":""kwok-node-6""},{""name"":""rs-29-p2-h9f4r"",""cpu_m"":318,""mem_b"":853568583,""priority"":""2"",""node"":""kwok-node-28""},{""name"":""rs-29-p2-jx2k5"",""cpu_m"":318,""mem_b"":853568583,""priority"":""2"",""node"":""kwok-node-17""},{""name"":""rs-29-p2-mt5jd"",""cpu_m"":318,""mem_b"":853568583,""priority"":""2"",""node"":""kwok-node-32""},{""name"":""rs-29-p2-tqkr7"",""cpu_m"":318,""mem_b"":853568583,""priority"":""2"",""node"":""kwok-node-12""},{""name"":""rs-30-p1-nnmgl"",""cpu_m"":992,""mem_b"":946514715,""priority"":""1"",""node"":""kwok-node-22""},{""name"":""rs-30-p1-rf765"",""cpu_m"":992,""mem_b"":946514715,""priority"":""1"",""node"":""kwok-node-8""},{""name"":""rs-30-p1-wchc6"",""cpu_m"":992,""mem_b"":946514715,""priority"":""1"",""node"":""kwok-node-18""},{""name"":""rs-30-p1-z2vqt"",""cpu_m"":992,""mem_b"":946514715,""priority"":""1"",""node"":""kwok-node-1""},{""name"":""rs-31-p3-qwdc5"",""cpu_m"":877,""mem_b"":129556295,""priority"":""3"",""node"":""kwok-node-14""},{""name"":""rs-31-p3-rfxkq"",""cpu_m"":877,""mem_b"":129556295,""priority"":""3"",""node"":""kwok-node-21""},{""name"":""rs-32-p2-bb54z"",""cpu_m"":681,""mem_b"":557511473,""priority"":""2"",""node"":""kwok-node-29""},{""name"":""rs-32-p2-shf27"",""cpu_m"":681,""mem_b"":557511473,""priority"":""2"",""node"":""kwok-node-27""},{""name"":""rs-33-p3-72zh5"",""cpu_m"":727,""mem_b"":461446067,""priority"":""3"",""node"":""kwok-node-16""},{""name"":""rs-33-p3-jqg2x"",""cpu_m"":727,""mem_b"":461446067,""priority"":""3"",""node"":""kwok-node-19""},{""name"":""rs-33-p3-qswsl"",""cpu_m"":727,""mem_b"":461446067,""priority"":""3"",""node"":""kwok-node-10""},{""name"":""rs-33-p3-zvqk6"",""cpu_m"":727,""mem_b"":461446067,""priority"":""3"",""node"":""kwok-node-15""},{""name"":""rs-34-p4-5wc9m"",""cpu_m"":276,""mem_b"":139593819,""priority"":""4"",""node"":""kwok-node-7""},{""name"":""rs-34-p4-pv5zz"",""cpu_m"":276,""mem_b"":139593819,""priority"":""4"",""node"":""kwok-node-5""},{""name"":""rs-35-p3-7lxd7"",""cpu_m"":557,""mem_b"":997898127,""priority"":""3"",""node"":""""},{""name"":""rs-35-p3-knc56"",""cpu_m"":557,""mem_b"":997898127,""priority"":""3"",""node"":""""},{""name"":""rs-35-p3-zjm7m"",""cpu_m"":557,""mem_b"":997898127,""priority"":""3"",""node"":""kwok-node-13""},{""name"":""rs-36-p4-7xg7h"",""cpu_m"":493,""mem_b"":865850774,""priority"":""4"",""node"":""kwok-node-24""},{""name"":""rs-37-p3-fsl42"",""cpu_m"":886,""mem_b"":231945592,""priority"":""3"",""node"":""kwok-node-26""},{""name"":""rs-37-p3-l25b7"",""cpu_m"":886,""mem_b"":231945592,""priority"":""3"",""node"":""kwok-node-9""},{""name"":""rs-37-p3-nvbwd"",""cpu_m"":886,""mem_b"":231945592,""priority"":""3"",""node"":""""},{""name"":""rs-38-p1-65grj"",""cpu_m"":159,""mem_b"":747624138,""priority"":""1"",""node"":""kwok-node-6""},{""name"":""rs-38-p1-fwp95"",""cpu_m"":159,""mem_b"":747624138,""priority"":""1"",""node"":""kwok-node-31""},{""name"":""rs-39-p3-ntqph"",""cpu_m"":729,""mem_b"":829441164,""priority"":""3"",""node"":""kwok-node-3""},{""name"":""rs-40-p3-f6chb"",""cpu_m"":120,""mem_b"":351511718,""priority"":""3"",""node"":""kwok-node-30""},{""name"":""rs-41-p3-6wwbg"",""cpu_m"":712,""mem_b"":402617458,""priority"":""3"",""node"":""kwok-node-30""},{""name"":""rs-41-p3-fch2d"",""cpu_m"":712,""mem_b"":402617458,""priority"":""3"",""node"":""kwok-node-11""},{""name"":""rs-42-p4-fkczq"",""cpu_m"":546,""mem_b"":981618766,""priority"":""4"",""node"":""""},{""name"":""rs-42-p4-hnwwj"",""cpu_m"":546,""mem_b"":981618766,""priority"":""4"",""node"":""""},{""name"":""rs-42-p4-l44mn"",""cpu_m"":546,""mem_b"":981618766,""priority"":""4"",""node"":""""},{""name"":""rs-42-p4-s8bpw"",""cpu_m"":546,""mem_b"":981618766,""priority"":""4"",""node"":""""},{""name"":""rs-43-p3-62fdp"",""cpu_m"":367,""mem_b"":232403127,""priority"":""3"",""node"":""kwok-node-7""},{""name"":""rs-43-p3-kwptw"",""cpu_m"":367,""mem_b"":232403127,""priority"":""3"",""node"":""kwok-node-5""},{""name"":""rs-43-p3-zpr72"",""cpu_m"":367,""mem_b"":232403127,""priority"":""3"",""node"":""kwok-node-2""},{""name"":""rs-44-p4-jkt9g"",""cpu_m"":462,""mem_b"":372480871,""priority"":""4"",""node"":""kwok-node-4""},{""name"":""rs-44-p4-k9vvf"",""cpu_m"":462,""mem_b"":372480871,""priority"":""4"",""node"":""kwok-node-23""},{""name"":""rs-44-p4-zst7b"",""cpu_m"":462,""mem_b"":372480871,""priority"":""4"",""node"":""kwok-node-25""},{""name"":""rs-45-p4-9r87g"",""cpu_m"":602,""mem_b"":542811045,""priority"":""4"",""node"":""""},{""name"":""rs-45-p4-hv7mz"",""cpu_m"":602,""mem_b"":542811045,""priority"":""4"",""node"":""""},{""name"":""rs-45-p4-vv9fg"",""cpu_m"":602,""mem_b"":542811045,""priority"":""4"",""node"":""""},{""name"":""rs-46-p2-5fhps"",""cpu_m"":871,""mem_b"":754315111,""priority"":""2"",""node"":""""},{""name"":""rs-46-p2-mlmtx"",""cpu_m"":871,""mem_b"":754315111,""priority"":""2"",""node"":""""},{""name"":""rs-46-p2-ng59t"",""cpu_m"":871,""mem_b"":754315111,""priority"":""2"",""node"":""""},{""name"":""rs-47-p2-2s5nr"",""cpu_m"":856,""mem_b"":653826921,""priority"":""2"",""node"":""""},{""name"":""rs-47-p2-86jk7"",""cpu_m"":856,""mem_b"":653826921,""priority"":""2"",""node"":""""},{""name"":""rs-47-p2-xrbj4"",""cpu_m"":856,""mem_b"":653826921,""priority"":""2"",""node"":""""},{""name"":""rs-48-p1-flq9t"",""cpu_m"":440,""mem_b"":817739678,""priority"":""1"",""node"":""""},{""name"":""rs-49-p4-sjkmz"",""cpu_m"":558,""mem_b"":941557813,""priority"":""4"",""node"":""""},{""name"":""rs-50-p4-l9vfd"",""cpu_m"":308,""mem_b"":375698114,""priority"":""4"",""node"":""kwok-node-20""},{""name"":""rs-50-p4-q7499"",""cpu_m"":308,""mem_b"":375698114,""priority"":""4"",""node"":""kwok-node-21""},{""name"":""rs-50-p4-rnktw"",""cpu_m"":308,""mem_b"":375698114,""priority"":""4"",""node"":""kwok-node-14""},{""name"":""rs-50-p4-z4qwc"",""cpu_m"":308,""mem_b"":375698114,""priority"":""4"",""node"":""kwok-node-26""}]","[{""name"":""kwok-node-1"",""cap_cpu_m"":2064,""cap_mem_bytes"":2144257057},{""name"":""kwok-node-2"",""cap_cpu_m"":2064,""cap_mem_bytes"":2144257057},{""name"":""kwok-node-3"",""cap_cpu_m"":2064,""cap_mem_bytes"":2144257057},{""name"":""kwok-node-4"",""cap_cpu_m"":2064,""cap_mem_bytes"":2144257057},{""name"":""kwok-node-5"",""cap_cpu_m"":2064,""cap_mem_bytes"":2144257057},{""name"":""kwok-node-6"",""cap_cpu_m"":2064,""cap_mem_bytes"":2144257057},{""name"":""kwok-node-7"",""cap_cpu_m"":2064,""cap_mem_bytes"":2144257057},{""name"":""kwok-node-8"",""cap_cpu_m"":2064,""cap_mem_bytes"":2144257057},{""name"":""kwok-node-9"",""cap_cpu_m"":2064,""cap_mem_bytes"":2144257057},{""name"":""kwok-node-10"",""cap_cpu_m"":2064,""cap_mem_bytes"":2144257057},{""name"":""kwok-node-11"",""cap_cpu_m"":2064,""cap_mem_bytes"":2144257057},{""name"":""kwok-node-12"",""cap_cpu_m"":2064,""cap_mem_bytes"":2144257057},{""name"":""kwok-node-13"",""cap_cpu_m"":2064,""cap_mem_bytes"":2144257057},{""name"":""kwok-node-14"",""cap_cpu_m"":2064,""cap_mem_bytes"":2144257057},{""name"":""kwok-node-15"",""cap_cpu_m"":2064,""cap_mem_bytes"":2144257057},{""name"":""kwok-node-16"",""cap_cpu_m"":2064,""cap_mem_bytes"":2144257057},{""name"":""kwok-node-17"",""cap_cpu_m"":2064,""cap_mem_bytes"":2144257057},{""name"":""kwok-node-18"",""cap_cpu_m"":2064,""cap_mem_bytes"":2144257057},{""name"":""kwok-node-19"",""cap_cpu_m"":2064,""cap_mem_bytes"":2144257057},{""name"":""kwok-node-20"",""cap_cpu_m"":2064,""cap_mem_bytes"":2144257057},{""name"":""kwok-node-21"",""cap_cpu_m"":2064,""cap_mem_bytes"":2144257057},{""name"":""kwok-node-22"",""cap_cpu_m"":2064,""cap_mem_bytes"":2144257057},{""name"":""kwok-node-23"",""cap_cpu_m"":2064,""cap_mem_bytes"":2144257057},{""name"":""kwok-node-24"",""cap_cpu_m"":2064,""cap_mem_bytes"":2144257057},{""name"":""kwok-node-25"",""cap_cpu_m"":2064,""cap_mem_bytes"":2144257057},{""name"":""kwok-node-26"",""cap_cpu_m"":2064,""cap_mem_bytes"":2144257057},{""name"":""kwok-node-27"",""cap_cpu_m"":2064,""cap_mem_bytes"":2144257057},{""name"":""kwok-node-28"",""cap_cpu_m"":2064,""cap_mem_bytes"":2144257057},{""name"":""kwok-node-29"",""cap_cpu_m"":2064,""cap_mem_bytes"":2144257057},{""name"":""kwok-node-30"",""cap_cpu_m"":2064,""cap_mem_bytes"":2144257057},{""name"":""kwok-node-31"",""cap_cpu_m"":2064,""cap_mem_bytes"":2144257057},{""name"":""kwok-node-32"",""cap_cpu_m"":2064,""cap_mem_bytes"":2144257057}]"
2026/02/11/12:32:19,2404411545535534280,,"{""evicted"":0,""moved"":0,""placed_by_priority"":{""1"":26,""2"":19,""3"":29,""4"":38}}",python,"{""evicted"":7,""moved"":4,""placed_by_priority"":{""1"":19,""2"":21,""3"":34,""4"":42}}",915,FEASIBLE,"[{""duration_ms"":915,""name"":""python"",""score"":{""evicted"":7,""moved"":4,""placed_by_priority"":{""1"":19,""2"":21,""3"":34,""4"":42}},""status"":""FEASIBLE""}]",0.906,0.901,0.925,0.867,62708,62303,64588867699,60493438930,116,112,12,16,"{""kwok-node-1"":3,""kwok-node-10"":4,""kwok-node-11"":4,""kwok-node-12"":4,""kwok-node-13"":3,""kwok-node-14"":3,""kwok-node-15"":3,""kwok-node-16"":4,""kwok-node-17"":4,""kwok-node-18"":4,""kwok-node-19"":4,""kwok-node-2"":3,""kwok-node-20"":5,""kwok-node-21"":4,""kwok-node-22"":4,""kwok-node-23"":3,""kwok-node-24"":3,""kwok-node-25"":4,""kwok-node-26"":3,""kwok-node-27"":4,""kwok-node-28"":3,""kwok-node-29"":5,""kwok-node-3"":4,""kwok-node-30"":3,""kwok-node-31"":4,""kwok-node-32"":3,""kwok-node-4"":3,""kwok-node-5"":4,""kwok-node-6"":4,""kwok-node-7"":4,""kwok-node-8"":3,""kwok-node-9"":3}","{""kwok-node-1"":3,""kwok-node-10"":4,""kwok-node-11"":4,""kwok-node-12"":4,""kwok-node-13"":3,""kwok-node-14"":3,""kwok-node-15"":3,""kwok-node-16"":4,""kwok-node-17"":4,""kwok-node-18"":4,""kwok-node-19"":4,""kwok-node-2"":3,""kwok-node-20"":4,""kwok-node-21"":4,""kwok-node-22"":4,""kwok-node-23"":3,""kwok-node-24"":3,""kwok-node-25"":4,""kwok-node-26"":3,""kwok-node-27"":3,""kwok-node-28"":3,""kwok-node-29"":5,""kwok-node-3"":3,""kwok-node-30"":3,""kwok-node-31"":4,""kwok-node-32"":3,""kwok-node-4"":3,""kwok-node-5"":4,""kwok-node-6"":4,""kwok-node-7"":3,""kwok-node-8"":3,""kwok-node-9"":3}","{""p1"":19,""p2"":21,""p3"":34,""p4"":42}","{""p1"":26,""p2"":19,""p3"":29,""p4"":38}","{""p1"":12}","{""p1"":5,""p2"":2,""p3"":5,""p4"":4}","{rs-09-p1-65kdv,rs-09-p1-hvbl5,rs-09-p1-rpcgs,rs-14-p1-9w888,rs-14-p1-dfvcn,rs-33-p1-7x278,rs-33-p1-92ckp,rs-33-p1-bdm9x,rs-33-p1-cr7ht,rs-42-p1-fk496,rs-42-p1-hbq66,rs-46-p1-7598x}","{rs-33-p1-7x278,rs-33-p1-cr7ht,rs-35-p4-nrh4p,rs-35-p4-t68cq,rs-38-p4-5mbqj,rs-38-p4-jtgtf,rs-40-p2-f79vw,rs-41-p3-4bb2m,rs-41-p3-4vbxg,rs-41-p3-j4kkw,rs-41-p3-qpn9w,rs-42-p1-fk496,rs-42-p1-hbq66,rs-46-p1-7598x,rs-48-p2-b98gr,rs-51-p3-k859f}","{rs-01-p1-9jvpb,rs-01-p1-nqs54,rs-02-p3-jf2jv,rs-02-p3-kl5qd,rs-02-p3-wnhs9,rs-03-p4-4rs9l,rs-03-p4-pxtnz,rs-03-p4-strpq,rs-04-p4-45762,rs-04-p4-9tgck,rs-04-p4-jj5ss,rs-05-p1-576dn,rs-06-p3-5vv89,rs-06-p3-ctwkm,rs-06-p3-grw42,rs-06-p3-q8sh9,rs-07-p4-fcpxd,rs-08-p2-pskfr,rs-09-p1-m5lzc,rs-10-p2-2tsls,rs-10-p2-499j4,rs-10-p2-bfzxb,rs-10-p2-dmtz4,rs-11-p4-mng28,rs-11-p4-r6g6w,rs-11-p4-vddsq,rs-11-p4-wd6zj,rs-12-p2-4pvrq,rs-12-p2-4vrpl,rs-12-p2-9ftk8,rs-12-p2-dkqqh,rs-13-p4-b7wng,rs-13-p4-ms48d,rs-13-p4-wfjbd,rs-15-p2-djmcc,rs-15-p2-j7xbg,rs-16-p3-gv24p,rs-17-p1-b847f,rs-17-p1-f75l2,rs-17-p1-mljp7,rs-17-p1-zh6dn,rs-18-p4-gjkth,rs-18-p4-w7k8t,rs-19-p3-gwg4m,rs-19-p3-r8l7q,rs-20-p4-k5tsb,rs-21-p4-skg55,rs-22-p3-6bbhv,rs-22-p3-bhcmn,rs-22-p3-djvs9,rs-22-p3-q7vcx,rs-23-p3-2wv4t,rs-23-p3-hltk7,rs-23-p3-mdfn8,rs-23-p3-vn8h4,rs-24-p4-v25jt,rs-24-p4-vxtpj,rs-25-p4-tmgrr,rs-26-p4-zm9mx,rs-27-p4-lxz7n,rs-28-p4-g7xpv,rs-29-p1-6xjtx,rs-29-p1-8pnr5,rs-29-p1-mxtxm,rs-30-p1-7z7k2,rs-30-p1-9rjsb,rs-30-p1-ml2rs,rs-30-p1-z7dbf,rs-31-p4-7g9f9,rs-31-p4-flq9l,rs-31-p4-n9wcg,rs-31-p4-nmj8j,rs-32-p2-8sdkf,rs-32-p2-jsrtm,rs-32-p2-m2qxn,rs-32-p2-xkrtc,rs-34-p3-698cn,rs-34-p3-9zll9,rs-34-p3-bl4wj,rs-34-p3-nhjxx,rs-35-p4-c4fkj,rs-35-p4-nrh4p,rs-35-p4-t68cq,rs-35-p4-xznpn,rs-36-p4-6wknx,rs-36-p4-gd4x2,rs-37-p4-6vblv,rs-38-p4-5mbqj,rs-38-p4-jtgtf,rs-38-p4-khgsl,rs-39-p3-dhhmx,rs-39-p3-djkz8,rs-39-p3-tvg9h,rs-40-p2-f79vw,rs-41-p3-4bb2m,rs-41-p3-4vbxg,rs-41-p3-j4kkw,rs-41-p3-qpn9w,rs-42-p1-g4dts,rs-42-p1-qr27g,rs-43-p1-2h2xr,rs-44-p3-2rwvv,rs-44-p3-tszwj,rs-44-p3-vf7w6,rs-44-p3-z9l6q,rs-45-p2-6dj5t,rs-45-p2-dqktw,rs-45-p2-sh865,rs-47-p4-8sf6h,rs-47-p4-d4vc9,rs-47-p4-q9wvl,rs-47-p4-tzxf8,rs-48-p2-b98gr,rs-49-p2-5kpbq,rs-50-p1-2v7pn,rs-51-p3-k859f}","{rs-01-p1-9jvpb,rs-01-p1-nqs54,rs-02-p3-jf2jv,rs-02-p3-kl5qd,rs-02-p3-wnhs9,rs-03-p4-4rs9l,rs-03-p4-pxtnz,rs-03-p4-strpq,rs-04-p4-45762,rs-04-p4-9tgck,rs-04-p4-jj5ss,rs-05-p1-576dn,rs-06-p3-5vv89,rs-06-p3-ctwkm,rs-06-p3-grw42,rs-06-p3-q8sh9,rs-07-p4-fcpxd,rs-08-p2-pskfr,rs-09-p1-8v6xn,rs-09-p1-cbs9r,rs-09-p1-m5lzc,rs-09-p1-nzmpv,rs-10-p2-2tsls,rs-10-p2-499j4,rs-10-p2-bfzxb,rs-10-p2-dmtz4,rs-11-p4-mng28,rs-11-p4-r6g6w,rs-11-p4-vddsq,rs-11-p4-wd6zj,rs-12-p2-4pvrq,rs-12-p2-4vrpl,rs-12-p2-9ftk8,rs-12-p2-dkqqh,rs-13-p4-b7wng,rs-13-p4-ms48d,rs-13-p4-wfjbd,rs-14-p1-6qwnw,rs-14-p1-q5dgw,rs-15-p2-djmcc,rs-15-p2-j7xbg,rs-16-p3-gv24p,rs-17-p1-dgwk6,rs-17-p1-f75l2,rs-17-p1-kll65,rs-17-p1-m8z67,rs-18-p4-gjkth,rs-18-p4-w7k8t,rs-19-p3-gwg4m,rs-19-p3-r8l7q,rs-20-p4-k5tsb,rs-21-p4-skg55,rs-22-p3-6bbhv,rs-22-p3-bhcmn,rs-22-p3-djvs9,rs-22-p3-q7vcx,rs-23-p3-2wv4t,rs-23-p3-hltk7,rs-23-p3-mdfn8,rs-23-p3-vn8h4,rs-24-p4-v25jt,rs-24-p4-vxtpj,rs-25-p4-tmgrr,rs-26-p4-zm9mx,rs-27-p4-lxz7n,rs-28-p4-g7xpv,rs-29-p1-8pnr5,rs-29-p1-mxtxm,rs-29-p1-rzqb6,rs-30-p1-7z7k2,rs-30-p1-9rjsb,rs-30-p1-ml2rs,rs-30-p1-z7dbf,rs-31-p4-7g9f9,rs-31-p4-flq9l,rs-31-p4-n9wcg,rs-31-p4-nmj8j,rs-32-p2-8sdkf,rs-32-p2-jsrtm,rs-32-p2-m2qxn,rs-32-p2-xkrtc,rs-33-p1-bhm9j,rs-33-p1-r95nl,rs-34-p3-698cn,rs-34-p3-9zll9,rs-34-p3-bl4wj,rs-34-p3-nhjxx,rs-35-p4-c4fkj,rs-35-p4-xznpn,rs-36-p4-6wknx,rs-36-p4-gd4x2,rs-37-p4-6vblv,rs-38-p4-khgsl,rs-39-p3-dhhmx,rs-39-p3-djkz8,rs-39-p3-tvg9h,rs-42-p1-g4dts,rs-42-p1-qr27g,rs-43-p1-2h2xr,rs-44-p3-2rwvv,rs-44-p3-tszwj,rs-44-p3-vf7w6,rs-44-p3-z9l6q,rs-45-p2-6dj5t,rs-45-p2-dqktw,rs-45-p2-sh865,rs-47-p4-8sf6h,rs-47-p4-d4vc9,rs-47-p4-q9wvl,rs-47-p4-tzxf8,rs-49-p2-5kpbq,rs-50-p1-2v7pn}","[{""name"":""rs-01-p1-9jvpb"",""cpu_m"":698,""mem_b"":152734103,""priority"":""1"",""node"":""kwok-node-17""},{""name"":""rs-01-p1-nqs54"",""cpu_m"":698,""mem_b"":152734103,""priority"":""1"",""node"":""kwok-node-16""},{""name"":""rs-02-p3-jf2jv"",""cpu_m"":851,""mem_b"":643237593,""priority"":""3"",""node"":""kwok-node-14""},{""name"":""rs-02-p3-kl5qd"",""cpu_m"":851,""mem_b"":643237593,""priority"":""3"",""node"":""kwok-node-12""},{""name"":""rs-02-p3-wnhs9"",""cpu_m"":851,""mem_b"":643237593,""priority"":""3"",""node"":""kwok-node-15""},{""name"":""rs-03-p4-4rs9l"",""cpu_m"":193,""mem_b"":346224682,""priority"":""4"",""node"":""kwok-node-18""},{""name"":""rs-03-p4-pxtnz"",""cpu_m"":193,""mem_b"":346224682,""priority"":""4"",""node"":""kwok-node-13""},{""name"":""rs-03-p4-strpq"",""cpu_m"":193,""mem_b"":346224682,""priority"":""4"",""node"":""kwok-node-20""},{""name"":""rs-04-p4-45762"",""cpu_m"":874,""mem_b"":958915557,""priority"":""4"",""node"":""kwok-node-11""},{""name"":""rs-04-p4-9tgck"",""cpu_m"":874,""mem_b"":958915557,""priority"":""4"",""node"":""kwok-node-1""},{""name"":""rs-04-p4-jj5ss"",""cpu_m"":874,""mem_b"":958915557,""priority"":""4"",""node"":""kwok-node-10""},{""name"":""rs-05-p1-576dn"",""cpu_m"":775,""mem_b"":685448870,""priority"":""1"",""node"":""kwok-node-21""},{""name"":""rs-06-p3-5vv89"",""cpu_m"":716,""mem_b"":204192078,""priority"":""3"",""node"":""kwok-node-25""},{""name"":""rs-06-p3-ctwkm"",""cpu_m"":716,""mem_b"":204192078,""priority"":""3"",""node"":""kwok-node-23""},{""name"":""rs-06-p3-grw42"",""cpu_m"":716,""mem_b"":204192078,""priority"":""3"",""node"":""kwok-node-22""},{""name"":""rs-06-p3-q8sh9"",""cpu_m"":716,""mem_b"":204192078,""priority"":""3"",""node"":""kwok-node-2""},{""name"":""rs-07-p4-fcpxd"",""cpu_m"":358,""mem_b"":935834488,""priority"":""4"",""node"":""kwok-node-24""},{""name"":""rs-08-p2-pskfr"",""cpu_m"":932,""mem_b"":238265458,""priority"":""2"",""node"":""kwok-node-27""},{""name"":""rs-09-p1-65kdv"",""cpu_m"":708,""mem_b"":728230298,""priority"":""1"",""node"":""""},{""name"":""rs-09-p1-hvbl5"",""cpu_m"":708,""mem_b"":728230298,""priority"":""1"",""node"":""""},{""name"":""rs-09-p1-m5lzc"",""cpu_m"":708,""mem_b"":728230298,""priority"":""1"",""node"":""kwok-node-28""},{""name"":""rs-09-p1-rpcgs"",""cpu_m"":708,""mem_b"":728230298,""priority"":""1"",""node"":""""},{""name"":""rs-10-p2-2tsls"",""cpu_m"":201,""mem_b"":729385355,""priority"":""2"",""node"":""kwok-node-16""},{""name"":""rs-10-p2-499j4"",""cpu_m"":201,""mem_b"":729385355,""priority"":""2"",""node"":""kwok-node-17""},{""name"":""rs-10-p2-bfzxb"",""cpu_m"":201,""mem_b"":729385355,""priority"":""2"",""node"":""kwok-node-25""},{""name"":""rs-10-p2-dmtz4"",""cpu_m"":201,""mem_b"":729385355,""priority"":""2"",""node"":""kwok-node-3""},{""name"":""rs-11-p4-mng28"",""cpu_m"":468,""mem_b"":985836327,""priority"":""4"",""node"":""kwok-node-30""},{""name"":""rs-11-p4-r6g6w"",""cpu_m"":468,""mem_b"":985836327,""priority"":""4"",""node"":""kwok-node-32""},{""name"":""rs-11-p4-vddsq"",""cpu_m"":468,""mem_b"":985836327,""priority"":""4"",""node"":""kwok-node-4""},{""name"":""rs-11-p4-wd6zj"",""cpu_m"":468,""mem_b"":985836327,""priority"":""4"",""node"":""kwok-node-31""},{""name"":""rs-12-p2-4pvrq"",""cpu_m"":148,""mem_b"":519987605,""priority"":""2"",""node"":""kwok-node-18""},{""name"":""rs-12-p2-4vrpl"",""cpu_m"":148,""mem_b"":519987605,""priority"":""2"",""node"":""kwok-node-5""},{""name"":""rs-12-p2-9ftk8"",""cpu_m"":148,""mem_b"":519987605,""priority"":""2"",""node"":""kwok-node-6""},{""name"":""rs-12-p2-dkqqh"",""cpu_m"":148,""mem_b"":519987605,""priority"":""2"",""node"":""kwok-node-20""},{""name"":""rs-13-p4-b7wng"",""cpu_m"":983,""mem_b"":449650640,""priority"":""4"",""node"":""kwok-node-13""},{""name"":""rs-13-p4-ms48d"",""cpu_m"":983,""mem_b"":449650640,""priority"":""4"",""node"":""kwok-node-6""},{""name"":""rs-13-p4-wfjbd"",""cpu_m"":983,""mem_b"":449650640,""priority"":""4"",""node"":""kwok-node-5""},{""name"":""rs-14-p1-9w888"",""cpu_m"":897,""mem_b"":806108185,""priority"":""1"",""node"":""""},{""name"":""rs-14-p1-dfvcn"",""cpu_m"":897,""mem_b"":806108185,""priority"":""1"",""node"":""""},{""name"":""rs-15-p2-djmcc"",""cpu_m"":846,""mem_b"":395023251,""priority"":""2"",""node"":""kwok-node-9""},{""name"":""rs-15-p2-j7xbg"",""cpu_m"":846,""mem_b"":395023251,""priority"":""2"",""node"":""kwok-node-8""},{""name"":""rs-16-p3-gv24p"",""cpu_m"":875,""mem_b"":328513865,""priority"":""3"",""node"":""kwok-node-20""},{""name"":""rs-17-p1-b847f"",""cpu_m"":363,""mem_b"":412333288,""priority"":""1"",""node"":""kwok-node-20""},{""name"":""rs-17-p1-f75l2"",""cpu_m"":363,""mem_b"":412333288,""priority"":""1"",""node"":""kwok-node-19""},{""name"":""rs-17-p1-mljp7"",""cpu_m"":363,""mem_b"":412333288,""priority"":""1"",""node"":""kwok-node-3""},{""name"":""rs-17-p1-zh6dn"",""cpu_m"":363,""mem_b"":412333288,""priority"":""1"",""node"":""kwok-node-27""},{""name"":""rs-18-p4-gjkth"",""cpu_m"":955,""mem_b"":377438803,""priority"":""4"",""node"":""kwok-node-18""},{""name"":""rs-18-p4-w7k8t"",""cpu_m"":955,""mem_b"":377438803,""priority"":""4"",""node"":""kwok-node-24""},{""name"":""rs-19-p3-gwg4m"",""cpu_m"":856,""mem_b"":915307712,""priority"":""3"",""node"":""kwok-node-26""},{""name"":""rs-19-p3-r8l7q"",""cpu_m"":856,""mem_b"":915307712,""priority"":""3"",""node"":""kwok-node-28""},{""name"":""rs-20-p4-k5tsb"",""cpu_m"":520,""mem_b"":161219010,""priority"":""4"",""node"":""kwok-node-31""},{""name"":""rs-21-p4-skg55"",""cpu_m"":236,""mem_b"":240542275,""priority"":""4"",""node"":""kwok-node-29""},{""name"":""rs-22-p3-6bbhv"",""cpu_m"":151,""mem_b"":149610025,""priority"":""3"",""node"":""kwok-node-15""},{""name"":""rs-22-p3-bhcmn"",""cpu_m"":151,""mem_b"":149610025,""priority"":""3"",""node"":""kwok-node-12""},{""name"":""rs-22-p3-djvs9"",""cpu_m"":151,""mem_b"":149610025,""priority"":""3"",""node"":""kwok-node-14""},{""name"":""rs-22-p3-q7vcx"",""cpu_m"":151,""mem_b"":149610025,""priority"":""3"",""node"":""kwok-node-21""},{""name"":""rs-23-p3-2wv4t"",""cpu_m"":973,""mem_b"":588721478,""priority"":""3"",""node"":""kwok-node-30""},{""name"":""rs-23-p3-hltk7"",""cpu_m"":973,""mem_b"":588721478,""priority"":""3"",""node"":""kwok-node-9""},{""name"":""rs-23-p3-mdfn8"",""cpu_m"":973,""mem_b"":588721478,""priority"":""3"",""node"":""kwok-node-4""},{""name"":""rs-23-p3-vn8h4"",""cpu_m"":973,""mem_b"":588721478,""priority"":""3"",""node"":""kwok-node-32""},{""name"":""rs-24-p4-v25jt"",""cpu_m"":446,""mem_b"":875238331,""priority"":""4"",""node"":""kwok-node-27""},{""name"":""rs-24-p4-vxtpj"",""cpu_m"":446,""mem_b"":875238331,""priority"":""4"",""node"":""kwok-node-8""},{""name"":""rs-25-p4-tmgrr"",""cpu_m"":984,""mem_b"":288427452,""priority"":""4"",""node"":""kwok-node-1""},{""name"":""rs-26-p4-zm9mx"",""cpu_m"":332,""mem_b"":374451708,""priority"":""4"",""node"":""kwok-node-7""},{""name"":""rs-27-p4-lxz7n"",""cpu_m"":615,""mem_b"":795841770,""priority"":""4"",""node"":""kwok-node-12""},{""name"":""rs-28-p4-g7xpv"",""cpu_m"":233,""mem_b"":311675638,""priority"":""4"",""node"":""kwok-node-21""},{""name"":""rs-29-p1-6xjtx"",""cpu_m"":587,""mem_b"":591296949,""priority"":""1"",""node"":""kwok-node-7""},{""name"":""rs-29-p1-8pnr5"",""cpu_m"":587,""mem_b"":591296949,""priority"":""1"",""node"":""kwok-node-16""},{""name"":""rs-29-p1-mxtxm"",""cpu_m"":587,""mem_b"":591296949,""priority"":""1"",""node"":""kwok-node-17""},{""name"":""rs-30-p1-7z7k2"",""cpu_m"":384,""mem_b"":153182115,""priority"":""1"",""node"":""kwok-node-31""},{""name"":""rs-30-p1-9rjsb"",""cpu_m"":384,""mem_b"":153182115,""priority"":""1"",""node"":""kwok-node-11""},{""name"":""rs-30-p1-ml2rs"",""cpu_m"":384,""mem_b"":153182115,""priority"":""1"",""node"":""kwok-node-29""},{""name"":""rs-30-p1-z7dbf"",""cpu_m"":384,""mem_b"":153182115,""priority"":""1"",""node"":""kwok-node-10""},{""name"":""rs-31-p4-7g9f9"",""cpu_m"":928,""mem_b"":914071857,""priority"":""4"",""node"":""kwok-node-23""},{""name"":""rs-31-p4-flq9l"",""cpu_m"":928,""mem_b"":914071857,""priority"":""4"",""node"":""kwok-node-15""},{""name"":""rs-31-p4-n9wcg"",""cpu_m"":928,""mem_b"":914071857,""priority"":""4"",""node"":""kwok-node-2""},{""name"":""rs-31-p4-nmj8j"",""cpu_m"":928,""mem_b"":914071857,""priority"":""4"",""node"":""kwok-node-14""},{""name"":""rs-32-p2-8sdkf"",""cpu_m"":557,""mem_b"":405314836,""priority"":""2"",""node"":""kwok-node-19""},{""name"":""rs-32-p2-jsrtm"",""cpu_m"":557,""mem_b"":405314836,""priority"":""2"",""node"":""kwok-node-22""},{""name"":""rs-32-p2-m2qxn"",""cpu_m"":557,""mem_b"":405314836,""priority"":""2"",""node"":""kwok-node-6""},{""name"":""rs-32-p2-xkrtc"",""cpu_m"":557,""mem_b"":405314836,""priority"":""2"",""node"":""kwok-node-5""},{""name"":""rs-33-p1-7x278"",""cpu_m"":984,""mem_b"":714535796,""priority"":""1"",""node"":""""},{""name"":""rs-33-p1-92ckp"",""cpu_m"":984,""mem_b"":714535796,""priority"":""1"",""node"":""""},{""name"":""rs-33-p1-bdm9x"",""cpu_m"":984,""mem_b"":714535796,""priority"":""1"",""node"":""""},{""name"":""rs-33-p1-cr7ht"",""cpu_m"":984,""mem_b"":714535796,""priority"":""1"",""node"":""""},{""name"":""rs-34-p3-698cn"",""cpu_m"":450,""mem_b"":549355031,""priority"":""3"",""node"":""kwok-node-7""},{""name"":""rs-34-p3-9zll9"",""cpu_m"":450,""mem_b"":549355031,""priority"":""3"",""node"":""kwok-node-11""},{""name"":""rs-34-p3-bl4wj"",""cpu_m"":450,""mem_b"":549355031,""priority"":""3"",""node"":""kwok-node-20""},{""name"":""rs-34-p3-nhjxx"",""cpu_m"":450,""mem_b"":549355031,""priority"":""3"",""node"":""kwok-node-10""},{""name"":""rs-35-p4-c4fkj"",""cpu_m"":842,""mem_b"":887412129,""priority"":""4"",""node"":""kwok-node-18""},{""name"":""rs-35-p4-nrh4p"",""cpu_m"":842,""mem_b"":887412129,""priority"":""4"",""node"":""kwok-node-21""},{""name"":""rs-35-p4-t68cq"",""cpu_m"":842,""mem_b"":887412129,""priority"":""4"",""node"":""kwok-node-19""},{""name"":""rs-35-p4-xznpn"",""cpu_m"":842,""mem_b"":887412129,""priority"":""4"",""node"":""kwok-node-8""},{""name"":""rs-36-p4-6wknx"",""cpu_m"":330,""mem_b"":613645289,""priority"":""4"",""node"":""kwok-node-27""},{""name"":""rs-36-p4-gd4x2"",""cpu_m"":330,""mem_b"":613645289,""priority"":""4"",""node"":""kwok-node-29""},{""name"":""rs-37-p4-6vblv"",""cpu_m"":665,""mem_b"":838273557,""priority"":""4"",""node"":""kwok-node-31""},{""name"":""rs-38-p4-5mbqj"",""cpu_m"":697,""mem_b"":661666144,""priority"":""4"",""node"":""kwok-node-7""},{""name"":""rs-38-p4-jtgtf"",""cpu_m"":697,""mem_b"":661666144,""priority"":""4"",""node"":""kwok-node-22""},{""name"":""rs-38-p4-khgsl"",""cpu_m"":697,""mem_b"":661666144,""priority"":""4"",""node"":""kwok-node-24""},{""name"":""rs-39-p3-dhhmx"",""cpu_m"":115,""mem_b"":752951702,""priority"":""3"",""node"":""kwok-node-9""},{""name"":""rs-39-p3-djkz8"",""cpu_m"":115,""mem_b"":752951702,""priority"":""3"",""node"":""kwok-node-1""},{""name"":""rs-39-p3-tvg9h"",""cpu_m"":115,""mem_b"":752951702,""priority"":""3"",""node"":""kwok-node-22""},{""name"":""rs-40-p2-f79vw"",""cpu_m"":888,""mem_b"":960426247,""priority"":""2"",""node"":""kwok-node-13""},{""name"":""rs-41-p3-4bb2m"",""cpu_m"":379,""mem_b"":877695604,""priority"":""3"",""node"":""kwok-node-2""},{""name"":""rs-41-p3-4vbxg"",""cpu_m"":379,""mem_b"":877695604,""priority"":""3"",""node"":""kwok-node-29""},{""name"":""rs-41-p3-j4kkw"",""cpu_m"":379,""mem_b"":877695604,""priority"":""3"",""node"":""kwok-node-26""},{""name"":""rs-41-p3-qpn9w"",""cpu_m"":379,""mem_b"":877695604,""priority"":""3"",""node"":""kwok-node-25""},{""name"":""rs-42-p1-fk496"",""cpu_m"":556,""mem_b"":662741534,""priority"":""1"",""node"":""""},{""name"":""rs-42-p1-g4dts"",""cpu_m"":556,""mem_b"":662741534,""priority"":""1"",""node"":""kwok-node-17""},{""name"":""rs-42-p1-hbq66"",""cpu_m"":556,""mem_b"":662741534,""priority"":""1"",""node"":""""},{""name"":""rs-42-p1-qr27g"",""cpu_m"":556,""mem_b"":662741534,""priority"":""1"",""node"":""kwok-node-16""},{""name"":""rs-43-p1-2h2xr"",""cpu_m"":882,""mem_b"":165506988,""priority"":""1"",""node"":""kwok-node-3""},{""name"":""rs-44-p3-2rwvv"",""cpu_m"":239,""mem_b"":367894319,""priority"":""3"",""node"":""kwok-node-6""},{""name"":""rs-44-p3-tszwj"",""cpu_m"":239,""mem_b"":367894319,""priority"":""3"",""node"":""kwok-node-19""},{""name"":""rs-44-p3-vf7w6"",""cpu_m"":239,""mem_b"":367894319,""priority"":""3"",""node"":""kwok-node-30""},{""name"":""rs-44-p3-z9l6q"",""cpu_m"":239,""mem_b"":367894319,""priority"":""3"",""node"":""kwok-node-25""},{""name"":""rs-45-p2-6dj5t"",""cpu_m"":432,""mem_b"":479043438,""priority"":""2"",""node"":""kwok-node-32""},{""name"":""rs-45-p2-dqktw"",""cpu_m"":432,""mem_b"":479043438,""priority"":""2"",""node"":""kwok-node-12""},{""name"":""rs-45-p2-sh865"",""cpu_m"":432,""mem_b"":479043438,""priority"":""2"",""node"":""kwok-node-4""},{""name"":""rs-46-p1-7598x"",""cpu_m"":966,""mem_b"":714020834,""priority"":""1"",""node"":""""},{""name"":""rs-47-p4-8sf6h"",""cpu_m"":344,""mem_b"":442868174,""priority"":""4"",""node"":""kwok-node-10""},{""name"":""rs-47-p4-d4vc9"",""cpu_m"":344,""mem_b"":442868174,""priority"":""4"",""node"":""kwok-node-11""},{""name"":""rs-47-p4-q9wvl"",""cpu_m"":344,""mem_b"":442868174,""priority"":""4"",""node"":""kwok-node-28""},{""name"":""rs-47-p4-tzxf8"",""cpu_m"":344,""mem_b"":442868174,""priority"":""4"",""node"":""kwok-node-5""},{""name"":""rs-48-p2-b98gr"",""cpu_m"":410,""mem_b"":764760784,""priority"":""2"",""node"":""kwok-node-3""},{""name"":""rs-49-p2-5kpbq"",""cpu_m"":504,""mem_b"":239926907,""priority"":""2"",""node"":""kwok-node-26""},{""name"":""rs-50-p1-2v7pn"",""cpu_m"":250,""mem_b"":159581707,""priority"":""1"",""node"":""kwok-node-29""},{""name"":""rs-51-p3-k859f"",""cpu_m"":399,""mem_b"":987281632,""priority"":""3"",""node"":""kwok-node-23""}]","[{""name"":""rs-01-p1-9jvpb"",""cpu_m"":698,""mem_b"":152734103,""priority"":""1"",""node"":""kwok-node-17""},{""name"":""rs-01-p1-nqs54"",""cpu_m"":698,""mem_b"":152734103,""priority"":""1"",""node"":""kwok-node-16""},{""name"":""rs-02-p3-jf2jv"",""cpu_m"":851,""mem_b"":643237593,""priority"":""3"",""node"":""kwok-node-14""},{""name"":""rs-02-p3-kl5qd"",""cpu_m"":851,""mem_b"":643237593,""priority"":""3"",""node"":""kwok-node-12""},{""name"":""rs-02-p3-wnhs9"",""cpu_m"":851,""mem_b"":643237593,""priority"":""3"",""node"":""kwok-node-15""},{""name"":""rs-03-p4-4rs9l"",""cpu_m"":193,""mem_b"":346224682,""priority"":""4"",""node"":""kwok-node-18""},{""name"":""rs-03-p4-pxtnz"",""cpu_m"":193,""mem_b"":346224682,""priority"":""4"",""node"":""kwok-node-13""},{""name"":""rs-03-p4-strpq"",""cpu_m"":193,""mem_b"":346224682,""priority"":""4"",""node"":""kwok-node-20""},{""name"":""rs-04-p4-45762"",""cpu_m"":874,""mem_b"":958915557,""priority"":""4"",""node"":""kwok-node-11""},{""name"":""rs-04-p4-9tgck"",""cpu_m"":874,""mem_b"":958915557,""priority"":""4"",""node"":""kwok-node-1""},{""name"":""rs-04-p4-jj5ss"",""cpu_m"":874,""mem_b"":958915557,""priority"":""4"",""node"":""kwok-node-10""},{""name"":""rs-05-p1-576dn"",""cpu_m"":775,""mem_b"":685448870,""priority"":""1"",""node"":""kwok-node-21""},{""name"":""rs-06-p3-5vv89"",""cpu_m"":716,""mem_b"":204192078,""priority"":""3"",""node"":""kwok-node-25""},{""name"":""rs-06-p3-ctwkm"",""cpu_m"":716,""mem_b"":204192078,""priority"":""3"",""node"":""kwok-node-23""},{""name"":""rs-06-p3-grw42"",""cpu_m"":716,""mem_b"":204192078,""priority"":""3"",""node"":""kwok-node-22""},{""name"":""rs-06-p3-q8sh9"",""cpu_m"":716,""mem_b"":204192078,""priority"":""3"",""node"":""kwok-node-2""},{""name"":""rs-07-p4-fcpxd"",""cpu_m"":358,""mem_b"":935834488,""priority"":""4"",""node"":""kwok-node-24""},{""name"":""rs-08-p2-pskfr"",""cpu_m"":932,""mem_b"":238265458,""priority"":""2"",""node"":""kwok-node-27""},{""name"":""rs-09-p1-8v6xn"",""cpu_m"":708,""mem_b"":728230298,""priority"":""1"",""node"":""kwok-node-19""},{""name"":""rs-09-p1-cbs9r"",""cpu_m"":708,""mem_b"":728230298,""priority"":""1"",""node"":""kwok-node-26""},{""name"":""rs-09-p1-m5lzc"",""cpu_m"":708,""mem_b"":728230298,""priority"":""1"",""node"":""kwok-node-28""},{""name"":""rs-09-p1-nzmpv"",""cpu_m"":708,""mem_b"":728230298,""priority"":""1"",""node"":""kwok-node-29""},{""name"":""rs-10-p2-2tsls"",""cpu_m"":201,""mem_b"":729385355,""priority"":""2"",""node"":""kwok-node-16""},{""name"":""rs-10-p2-499j4"",""cpu_m"":201,""mem_b"":729385355,""priority"":""2"",""node"":""kwok-node-17""},{""name"":""rs-10-p2-bfzxb"",""cpu_m"":201,""mem_b"":729385355,""priority"":""2"",""node"":""kwok-node-25""},{""name"":""rs-10-p2-dmtz4"",""cpu_m"":201,""mem_b"":729385355,""priority"":""2"",""node"":""kwok-node-3""},{""name"":""rs-11-p4-mng28"",""cpu_m"":468,""mem_b"":985836327,""priority"":""4"",""node"":""kwok-node-30""},{""name"":""rs-11-p4-r6g6w"",""cpu_m"":468,""mem_b"":985836327,""priority"":""4"",""node"":""kwok-node-32""},{""name"":""rs-11-p4-vddsq"",""cpu_m"":468,""mem_b"":985836327,""priority"":""4"",""node"":""kwok-node-4""},{""name"":""rs-11-p4-wd6zj"",""cpu_m"":468,""mem_b"":985836327,""priority"":""4"",""node"":""kwok-node-31""},{""name"":""rs-12-p2-4pvrq"",""cpu_m"":148,""mem_b"":519987605,""priority"":""2"",""node"":""kwok-node-18""},{""name"":""rs-12-p2-4vrpl"",""cpu_m"":148,""mem_b"":519987605,""priority"":""2"",""node"":""kwok-node-5""},{""name"":""rs-12-p2-9ftk8"",""cpu_m"":148,""mem_b"":519987605,""priority"":""2"",""node"":""kwok-node-6""},{""name"":""rs-12-p2-dkqqh"",""cpu_m"":148,""mem_b"":519987605,""priority"":""2"",""node"":""kwok-node-20""},{""name"":""rs-13-p4-b7wng"",""cpu_m"":983,""mem_b"":449650640,""priority"":""4"",""node"":""kwok-node-13""},{""name"":""rs-13-p4-ms48d"",""cpu_m"":983,""mem_b"":449650640,""priority"":""4"",""node"":""kwok-node-6""},{""name"":""rs-13-p4-wfjbd"",""cpu_m"":983,""mem_b"":449650640,""priority"":""4"",""node"":""kwok-node-5""},{""name"":""rs-14-p1-6qwnw"",""cpu_m"":897,""mem_b"":806108185,""priority"":""1"",""node"":""kwok-node-7""},{""name"":""rs-14-p1-q5dgw"",""cpu_m"":897,""mem_b"":806108185,""priority"":""1"",""node"":""kwok-node-3""},{""name"":""rs-15-p2-djmcc"",""cpu_m"":846,""mem_b"":395023251,""priority"":""2"",""node"":""kwok-node-9""},{""name"":""rs-15-p2-j7xbg"",""cpu_m"":846,""mem_b"":395023251,""priority"":""2"",""node"":""kwok-node-8""},{""name"":""rs-16-p3-gv24p"",""cpu_m"":875,""mem_b"":328513865,""priority"":""3"",""node"":""kwok-node-20""},{""name"":""rs-17-p1-dgwk6"",""cpu_m"":363,""mem_b"":412333288,""priority"":""1"",""node"":""kwok-node-22""},{""name"":""rs-17-p1-f75l2"",""cpu_m"":363,""mem_b"":412333288,""priority"":""1"",""node"":""kwok-node-19""},{""name"":""rs-17-p1-kll65"",""cpu_m"":363,""mem_b"":412333288,""priority"":""1"",""node"":""kwok-node-2""},{""name"":""rs-17-p1-m8z67"",""cpu_m"":363,""mem_b"":412333288,""priority"":""1"",""node"":""kwok-node-23""},{""name"":""rs-18-p4-gjkth"",""cpu_m"":955,""mem_b"":377438803,""priority"":""4"",""node"":""kwok-node-18""},{""name"":""rs-18-p4-w7k8t"",""cpu_m"":955,""mem_b"":377438803,""priority"":""4"",""node"":""kwok-node-24""},{""name"":""rs-19-p3-gwg4m"",""cpu_m"":856,""mem_b"":915307712,""priority"":""3"",""node"":""kwok-node-26""},{""name"":""rs-19-p3-r8l7q"",""cpu_m"":856,""mem_b"":915307712,""priority"":""3"",""node"":""kwok-node-28""},{""name"":""rs-20-p4-k5tsb"",""cpu_m"":520,""mem_b"":161219010,""priority"":""4"",""node"":""kwok-node-31""},{""name"":""rs-21-p4-skg55"",""cpu_m"":236,""mem_b"":240542275,""priority"":""4"",""node"":""kwok-node-29""},{""name"":""rs-22-p3-6bbhv"",""cpu_m"":151,""mem_b"":149610025,""priority"":""3"",""node"":""kwok-node-15""},{""name"":""rs-22-p3-bhcmn"",""cpu_m"":151,""mem_b"":149610025,""priority"":""3"",""node"":""kwok-node-12""},{""name"":""rs-22-p3-djvs9"",""cpu_m"":151,""mem_b"":149610025,""priority"":""3"",""node"":""kwok-node-14""},{""name"":""rs-22-p3-q7vcx"",""cpu_m"":151,""mem_b"":149610025,""priority"":""3"",""node"":""kwok-node-21""},{""name"":""rs-23-p3-2wv4t"",""cpu_m"":973,""mem_b"":588721478,""priority"":""3"",""node"":""kwok-node-30""},{""name"":""rs-23-p3-hltk7"",""cpu_m"":973,""mem_b"":588721478,""priority"":""3"",""node"":""kwok-node-9""},{""name"":""rs-23-p3-mdfn8"",""cpu_m"":973,""mem_b"":588721478,""priority"":""3"",""node"":""kwok-node-4""},{""name"":""rs-23-p3-vn8h4"",""cpu_m"":973,""mem_b"":588721478,""priority"":""3"",""node"":""kwok-node-32""},{""name"":""rs-24-p4-v25jt"",""cpu_m"":446,""mem_b"":875238331,""priority"":""4"",""node"":""kwok-node-27""},{""name"":""rs-24-p4-vxtpj"",""cpu_m"":446,""mem_b"":875238331,""priority"":""4"",""node"":""kwok-node-8""},{""name"":""rs-25-p4-tmgrr"",""cpu_m"":984,""mem_b"":288427452,""priority"":""4"",""node"":""kwok-node-1""},{""name"":""rs-26-p4-zm9mx"",""cpu_m"":332,""mem_b"":374451708,""priority"":""4"",""node"":""kwok-node-7""},{""name"":""rs-27-p4-lxz7n"",""cpu_m"":615,""mem_b"":795841770,""priority"":""4"",""node"":""kwok-node-12""},{""name"":""rs-28-p4-g7xpv"",""cpu_m"":233,""mem_b"":311675638,""priority"":""4"",""node"":""kwok-node-21""},{""name"":""rs-29-p1-8pnr5"",""cpu_m"":587,""mem_b"":591296949,""priority"":""1"",""node"":""kwok-node-16""},{""name"":""rs-29-p1-mxtxm"",""cpu_m"":587,""mem_b"":591296949,""priority"":""1"",""node"":""kwok-node-17""},{""name"":""rs-29-p1-rzqb6"",""cpu_m"":587,""mem_b"":591296949,""priority"":""1"",""node"":""kwok-node-25""},{""name"":""rs-30-p1-7z7k2"",""cpu_m"":384,""mem_b"":153182115,""priority"":""1"",""node"":""kwok-node-31""},{""name"":""rs-30-p1-9rjsb"",""cpu_m"":384,""mem_b"":153182115,""priority"":""1"",""node"":""kwok-node-11""},{""name"":""rs-30-p1-ml2rs"",""cpu_m"":384,""mem_b"":153182115,""priority"":""1"",""node"":""kwok-node-29""},{""name"":""rs-30-p1-z7dbf"",""cpu_m"":384,""mem_b"":153182115,""priority"":""1"",""node"":""kwok-node-10""},{""name"":""rs-31-p4-7g9f9"",""cpu_m"":928,""mem_b"":914071857,""priority"":""4"",""node"":""kwok-node-23""},{""name"":""rs-31-p4-flq9l"",""cpu_m"":928,""mem_b"":914071857,""priority"":""4"",""node"":""kwok-node-15""},{""name"":""rs-31-p4-n9wcg"",""cpu_m"":928,""mem_b"":914071857,""priority"":""4"",""node"":""kwok-node-2""},{""name"":""rs-31-p4-nmj8j"",""cpu_m"":928,""mem_b"":914071857,""priority"":""4"",""node"":""kwok-node-14""},{""name"":""rs-32-p2-8sdkf"",""cpu_m"":557,""mem_b"":405314836,""priority"":""2"",""node"":""kwok-node-19""},{""name"":""rs-32-p2-jsrtm"",""cpu_m"":557,""mem_b"":405314836,""priority"":""2"",""node"":""kwok-node-22""},{""name"":""rs-32-p2-m2qxn"",""cpu_m"":557,""mem_b"":405314836,""priority"":""2"",""node"":""kwok-node-6""},{""name"":""rs-32-p2-xkrtc"",""cpu_m"":557,""mem_b"":405314836,""priority"":""2"",""node"":""kwok-node-5""},{""name"":""rs-33-p1-7x278"",""cpu_m"":984,""mem_b"":714535796,""priority"":""1"",""node"":""""},{""name"":""rs-33-p1-bhm9j"",""cpu_m"":984,""mem_b"":714535796,""priority"":""1"",""node"":""kwok-node-13""},{""name"":""rs-33-p1-cr7ht"",""cpu_m"":984,""mem_b"":714535796,""priority"":""1"",""node"":""""},{""name"":""rs-33-p1-r95nl"",""cpu_m"":984,""mem_b"":714535796,""priority"":""1"",""node"":""kwok-node-21""},{""name"":""rs-34-p3-698cn"",""cpu_m"":450,""mem_b"":549355031,""priority"":""3"",""node"":""kwok-node-7""},{""name"":""rs-34-p3-9zll9"",""cpu_m"":450,""mem_b"":549355031,""priority"":""3"",""node"":""kwok-node-11""},{""name"":""rs-34-p3-bl4wj"",""cpu_m"":450,""mem_b"":549355031,""priority"":""3"",""node"":""kwok-node-20""},{""name"":""rs-34-p3-nhjxx"",""cpu_m"":450,""mem_b"":549355031,""priority"":""3"",""node"":""kwok-node-10""},{""name"":""rs-35-p4-c4fkj"",""cpu_m"":842,""mem_b"":887412129,""priority"":""4"",""node"":""kwok-node-18""},{""name"":""rs-35-p4-nrh4p"",""cpu_m"":842,""mem_b"":887412129,""priority"":""4"",""node"":""""},{""name"":""rs-35-p4-t68cq"",""cpu_m"":842,""mem_b"":887412129,""priority"":""4"",""node"":""""},{""name"":""rs-35-p4-xznpn"",""cpu_m"":842,""mem_b"":887412129,""priority"":""4"",""node"":""kwok-node-8""},{""name"":""rs-36-p4-6wknx"",""cpu_m"":330,""mem_b"":613645289,""priority"":""4"",""node"":""kwok-node-27""},{""name"":""rs-36-p4-gd4x2"",""cpu_m"":330,""mem_b"":613645289,""priority"":""4"",""node"":""kwok-node-29""},{""name"":""rs-37-p4-6vblv"",""cpu_m"":665,""mem_b"":838273557,""priority"":""4"",""node"":""kwok-node-31""},{""name"":""rs-38-p4-5mbqj"",""cpu_m"":697,""mem_b"":661666144,""priority"":""4"",""node"":""""},{""name"":""rs-38-p4-jtgtf"",""cpu_m"":697,""mem_b"":661666144,""priority"":""4"",""node"":""""},{""name"":""rs-38-p4-khgsl"",""cpu_m"":697,""mem_b"":661666144,""priority"":""4"",""node"":""kwok-node-24""},{""name"":""rs-39-p3-dhhmx"",""cpu_m"":115,""mem_b"":752951702,""priority"":""3"",""node"":""kwok-node-9""},{""name"":""rs-39-p3-djkz8"",""cpu_m"":115,""mem_b"":752951702,""priority"":""3"",""node"":""kwok-node-1""},{""name"":""rs-39-p3-tvg9h"",""cpu_m"":115,""mem_b"":752951702,""priority"":""3"",""node"":""kwok-node-22""},{""name"":""rs-40-p2-f79vw"",""cpu_m"":888,""mem_b"":960426247,""priority"":""2"",""node"":""""},{""name"":""rs-41-p3-4bb2m"",""cpu_m"":379,""mem_b"":877695604,""priority"":""3"",""node"":""""},{""name"":""rs-41-p3-4vbxg"",""cpu_m"":379,""mem_b"":877695604,""priority"":""3"",""node"":""""},{""name"":""rs-41-p3-j4kkw"",""cpu_m"":379,""mem_b"":877695604,""priority"":""3"",""node"":""""},{""name"":""rs-41-p3-qpn9w"",""cpu_m"":379,""mem_b"":877695604,""priority"":""3"",""node"":""""},{""name"":""rs-42-p1-fk496"",""cpu_m"":556,""mem_b"":662741534,""priority"":""1"",""node"":""""},{""name"":""rs-42-p1-g4dts"",""cpu_m"":556,""mem_b"":662741534,""priority"":""1"",""node"":""kwok-node-17""},{""name"":""rs-42-p1-hbq66"",""cpu_m"":556,""mem_b"":662741534,""priority"":""1"",""node"":""""},{""name"":""rs-42-p1-qr27g"",""cpu_m"":556,""mem_b"":662741534,""priority"":""1"",""node"":""kwok-node-16""},{""name"":""rs-43-p1-2h2xr"",""cpu_m"":882,""mem_b"":165506988,""priority"":""1"",""node"":""kwok-node-3""},{""name"":""rs-44-p3-2rwvv"",""cpu_m"":239,""mem_b"":367894319,""priority"":""3"",""node"":""kwok-node-6""},{""name"":""rs-44-p3-tszwj"",""cpu_m"":239,""mem_b"":367894319,""priority"":""3"",""node"":""kwok-node-19""},{""name"":""rs-44-p3-vf7w6"",""cpu_m"":239,""mem_b"":367894319,""priority"":""3"",""node"":""kwok-node-30""},{""name"":""rs-44-p3-z9l6q"",""cpu_m"":239,""mem_b"":367894319,""priority"":""3"",""node"":""kwok-node-25""},{""name"":""rs-45-p2-6dj5t"",""cpu_m"":432,""mem_b"":479043438,""priority"":""2"",""node"":""kwok-node-32""},{""name"":""rs-45-p2-dqktw"",""cpu_m"":432,""mem_b"":479043438,""priority"":""2"",""node"":""kwok-node-12""},{""name"":""rs-45-p2-sh865"",""cpu_m"":432,""mem_b"":479043438,""priority"":""2"",""node"":""kwok-node-4""},{""name"":""rs-46-p1-7598x"",""cpu_m"":966,""mem_b"":714020834,""priority"":""1"",""node"":""""},{""name"":""rs-47-p4-8sf6h"",""cpu_m"":344,""mem_b"":442868174,""priority"":""4"",""node"":""kwok-node-10""},{""name"":""rs-47-p4-d4vc9"",""cpu_m"":344,""mem_b"":442868174,""priority"":""4"",""node"":""kwok-node-11""},{""name"":""rs-47-p4-q9wvl"",""cpu_m"":344,""mem_b"":442868174,""priority"":""4"",""node"":""kwok-node-28""},{""name"":""rs-47-p4-tzxf8"",""cpu_m"":344,""mem_b"":442868174,""priority"":""4"",""node"":""kwok-node-5""},{""name"":""rs-48-p2-b98gr"",""cpu_m"":410,""mem_b"":764760784,""priority"":""2"",""node"":""""},{""name"":""rs-49-p2-5kpbq"",""cpu_m"":504,""mem_b"":239926907,""priority"":""2"",""node"":""kwok-node-26""},{""name"":""rs-50-p1-2v7pn"",""cpu_m"":250,""mem_b"":159581707,""priority"":""1"",""node"":""kwok-node-29""},{""name"":""rs-51-p3-k859f"",""cpu_m"":399,""mem_b"":987281632,""priority"":""3"",""node"":""""}]","[{""name"":""kwok-node-1"",""cap_cpu_m"":2162,""cap_mem_bytes"":2181054228},{""name"":""kwok-node-2"",""cap_cpu_m"":2162,""cap_mem_bytes"":2181054228},{""name"":""kwok-node-3"",""cap_cpu_m"":2162,""cap_mem_bytes"":2181054228},{""name"":""kwok-node-4"",""cap_cpu_m"":2162,""cap_mem_bytes"":2181054228},{""name"":""kwok-node-5"",""cap_cpu_m"":2162,""cap_mem_bytes"":2181054228},{""name"":""kwok-node-6"",""cap_cpu_m"":2162,""cap_mem_bytes"":2181054228},{""name"":""kwok-node-7"",""cap_cpu_m"":2162,""cap_mem_bytes"":2181054228},{""name"":""kwok-node-8"",""cap_cpu_m"":2162,""cap_mem_bytes"":2181054228},{""name"":""kwok-node-9"",""cap_cpu_m"":2162,""cap_mem_bytes"":2181054228},{""name"":""kwok-node-10"",""cap_cpu_m"":2162,""cap_mem_bytes"":2181054228},{""name"":""kwok-node-11"",""cap_cpu_m"":2162,""cap_mem_bytes"":2181054228},{""name"":""kwok-node-12"",""cap_cpu_m"":2162,""cap_mem_bytes"":2181054228},{""name"":""kwok-node-13"",""cap_cpu_m"":2162,""cap_mem_bytes"":2181054228},{""name"":""kwok-node-14"",""cap_cpu_m"":2162,""cap_mem_bytes"":2181054228},{""name"":""kwok-node-15"",""cap_cpu_m"":2162,""cap_mem_bytes"":2181054228},{""name"":""kwok-node-16"",""cap_cpu_m"":2162,""cap_mem_bytes"":2181054228},{""name"":""kwok-node-17"",""cap_cpu_m"":2162,""cap_mem_bytes"":2181054228},{""name"":""kwok-node-18"",""cap_cpu_m"":2162,""cap_mem_bytes"":2181054228},{""name"":""kwok-node-19"",""cap_cpu_m"":2162,""cap_mem_bytes"":2181054228},{""name"":""kwok-node-20"",""cap_cpu_m"":2162,""cap_mem_bytes"":2181054228},{""name"":""kwok-node-21"",""cap_cpu_m"":2162,""cap_mem_bytes"":2181054228},{""name"":""kwok-node-22"",""cap_cpu_m"":2162,""cap_mem_bytes"":2181054228},{""name"":""kwok-node-23"",""cap_cpu_m"":2162,""cap_mem_bytes"":2181054228},{""name"":""kwok-node-24"",""cap_cpu_m"":2162,""cap_mem_bytes"":2181054228},{""name"":""kwok-node-25"",""cap_cpu_m"":2162,""cap_mem_bytes"":2181054228},{""name"":""kwok-node-26"",""cap_cpu_m"":2162,""cap_mem_bytes"":2181054228},{""name"":""kwok-node-27"",""cap_cpu_m"":2162,""cap_mem_bytes"":2181054228},{""name"":""kwok-node-28"",""cap_cpu_m"":2162,""cap_mem_bytes"":2181054228},{""name"":""kwok-node-29"",""cap_cpu_m"":2162,""cap_mem_bytes"":2181054228},{""name"":""kwok-node-30"",""cap_cpu_m"":2162,""cap_mem_bytes"":2181054228},{""name"":""kwok-node-31"",""cap_cpu_m"":2162,""cap_mem_bytes"":2181054228},{""name"":""kwok-node-32"",""cap_cpu_m"":2162,""cap_mem_bytes"":2181054228}]"
2026/02/11/12:33:11,6990155264863631615,,"{""evicted"":0,""moved"":0,""placed_by_priority"":{""1"":23,""2"":26,""3"":16,""4"":43}}",python,"{""evicted"":5,""moved"":7,""placed_by_priority"":{""1"":20,""2"":29,""3"":18,""4"":47}}",987,FEASIBLE,"[{""duration_ms"":987,""name"":""python"",""score"":{""evicted"":5,""moved"":7,""placed_by_priority"":{""1"":20,""2"":29,""3"":18,""4"":47}},""status"":""FEASIBLE""}]",0.897,0.823,0.879,0.821,54931,50416,56380702445,52649711850,114,108,14,20,"{""kwok-node-1"":5,""kwok-node-10"":3,""kwok-node-11"":4,""kwok-node-12"":3,""kwok-node-13"":3,""kwok-node-14"":4,""kwok-node-15"":2,""kwok-node-16"":3,""kwok-node-17"":3,""kwok-node-18"":5,""kwok-node-19"":5,""kwok-node-2"":3,""kwok-node-20"":3,""kwok-node-21"":2,""kwok-node-22"":3,""kwok-node-23"":3,""kwok-node-24"":3,""kwok-node-25"":5,""kwok-node-26"":4,""kwok-node-27"":4,""kwok-node-28"":3,""kwok-node-29"":4,""kwok-node-3"":3,""kwok-node-30"":4,""kwok-node-31"":3,""kwok-node-32"":4,""kwok-node-4"":3,""kwok-node-5"":3,""kwok-node-6"":5,""kwok-node-7"":3,""kwok-node-8"":5,""kwok-node-9"":4}","{""kwok-node-1"":5,""kwok-node-10"":3,""kwok-node-11"":4,""kwok-node-12"":3,""kwok-node-13"":4,""kwok-node-14"":4,""kwok-node-15"":2,""kwok-node-16"":3,""kwok-node-17"":4,""kwok-node-18"":5,""kwok-node-19"":4,""kwok-node-2"":2,""kwok-node-20"":2,""kwok-node-21"":2,""kwok-node-22"":2,""kwok-node-23"":3,""kwok-node-24"":3,""kwok-node-25"":4,""kwok-node-26"":4,""kwok-node-27"":4,""kwok-node-28"":3,""kwok-node-29"":4,""kwok-node-3"":3,""kwok-node-30"":3,""kwok-node-31"":2,""kwok-node-32"":4,""kwok-node-4"":3,""kwok-node-5"":3,""kwok-node-6"":5,""kwok-node-7"":2,""kwok-node-8"":5,""kwok-node-9"":4}","{""p1"":20,""p2"":29,""p3"":18,""p4"":47}","{""p1"":23,""p2"":26,""p3"":16,""p4"":43}","{""p1"":14}","{""p1"":11,""p2"":3,""p3"":2,""p4"":4}","{rs-13-p1-ns5ff,rs-26-p1-24dj9,rs-26-p1-c5gd6,rs-32-p1-7lnxv,rs-32-p1-trp2w,rs-38-p1-dwp8b,rs-38-p1-g64gb,rs-38-p1-mqpn6,rs-45-p1-gh2wh,rs-45-p1-jfhqn,rs-45-p1-q5jv7,rs-45-p1-tmsjp,rs-51-p1-jgplt,rs-51-p1-w2z8v}","{rs-38-p1-dwp8b,rs-38-p1-g64gb,rs-38-p1-mqpn6,rs-44-p2-gx7px,rs-44-p2-klfr6,rs-44-p2-w4wkn,rs-45-p1-gh2wh,rs-45-p1-jfhqn,rs-45-p1-q5jv7,rs-45-p1-tmsjp,rs-46-p4-8nv4s,rs-46-p4-kz9hf,rs-46-p4-n2s8x,rs-47-p4-z7v27,rs-49-p3-7858b,rs-49-p3-pz2sr,rs-51-p1-jgplt,rs-51-p1-w2z8v,rs-53-p1-cwt72,rs-53-p1-h6x2w}","{rs-01-p1-nj58v,rs-01-p1-t92s8,rs-01-p1-xm8bm,rs-02-p1-vvjv5,rs-03-p2-4q8g2,rs-03-p2-cttc2,rs-03-p2-jqvc7,rs-04-p4-d4hrt,rs-04-p4-nswnt,rs-04-p4-rz8ww,rs-04-p4-s87lg,rs-05-p2-4hljf,rs-05-p2-qs9zs,rs-05-p2-tbf2p,rs-06-p1-b9mm6,rs-06-p1-p4ldv,rs-07-p4-lksfm,rs-07-p4-xxs59,rs-08-p4-l8q85,rs-08-p4-vbs8t,rs-08-p4-x7vn2,rs-09-p4-h26bx,rs-10-p2-h5mqz,rs-10-p2-hznbx,rs-10-p2-k7k5m,rs-11-p4-lz8pp,rs-12-p4-8xhdp,rs-12-p4-nqnfd,rs-13-p1-4tj2j,rs-13-p1-ntlqb,rs-13-p1-s6s9q,rs-14-p3-6scsz,rs-14-p3-8phhg,rs-14-p3-9fmvv,rs-14-p3-zfkrq,rs-15-p4-cmjjb,rs-15-p4-h8ngp,rs-15-p4-k2j8c,rs-15-p4-mmz2f,rs-16-p3-9dst7,rs-16-p3-hqmwh,rs-16-p3-rmm86,rs-17-p1-ch54k,rs-17-p1-dhtk7,rs-17-p1-zfw6c,rs-18-p2-5m4c5,rs-18-p2-k6fnj,rs-18-p2-pd97p,rs-18-p2-r9fk4,rs-19-p4-2pzqm,rs-19-p4-9h454,rs-19-p4-m5l9f,rs-19-p4-mxmn8,rs-20-p2-vtzl9,rs-21-p2-5g6j8,rs-21-p2-98g7n,rs-22-p4-9k4d5,rs-22-p4-l8xwm,rs-22-p4-mtl79,rs-23-p4-vbh8m,rs-24-p2-bcp2v,rs-24-p2-lrw9k,rs-24-p2-qncjm,rs-25-p4-rgd28,rs-27-p1-88vmv,rs-27-p1-9v8gw,rs-27-p1-wb2jj,rs-28-p3-28jgn,rs-28-p3-cs2l4,rs-28-p3-s7pbs,rs-29-p4-j9f6v,rs-29-p4-mg7zw,rs-29-p4-sgwj5,rs-30-p2-btcvg,rs-30-p2-gjz7k,rs-30-p2-twf7b,rs-31-p3-452js,rs-31-p3-vwvsw,rs-31-p3-wj7l4,rs-33-p4-4ktnw,rs-33-p4-ldxkd,rs-33-p4-njd9d,rs-33-p4-zqdgv,rs-34-p4-nqxxb,rs-34-p4-vgvxf,rs-35-p4-2bvhr,rs-35-p4-fwvr5,rs-35-p4-h8lc2,rs-35-p4-kvt5q,rs-36-p1-8rtrb,rs-37-p4-qp4wn,rs-39-p1-2bccw,rs-40-p4-9rxqx,rs-41-p3-pzwxf,rs-42-p1-bfzrg,rs-43-p2-fv9lk,rs-43-p2-hq96s,rs-43-p2-k8vzk,rs-43-p2-sklv2,rs-44-p2-gx7px,rs-44-p2-klfr6,rs-44-p2-w4wkn,rs-46-p4-8nv4s,rs-46-p4-kz9hf,rs-46-p4-n2s8x,rs-47-p4-z7v27,rs-48-p4-d7k5m,rs-49-p3-7858b,rs-49-p3-pz2sr,rs-50-p4-pm6rd,rs-52-p3-krrqh,rs-52-p3-p8kfd,rs-53-p1-cwt72,rs-53-p1-h6x2w}","{rs-01-p1-nj58v,rs-01-p1-t92s8,rs-01-p1-xm8bm,rs-02-p1-vvjv5,rs-03-p2-4q8g2,rs-03-p2-cttc2,rs-03-p2-jqvc7,rs-04-p4-d4hrt,rs-04-p4-nswnt,rs-04-p4-rz8ww,rs-04-p4-s87lg,rs-05-p2-4hljf,rs-05-p2-qs9zs,rs-05-p2-tbf2p,rs-06-p1-b9mm6,rs-06-p1-p4ldv,rs-07-p4-lksfm,rs-07-p4-xxs59,rs-08-p4-l8q85,rs-08-p4-vbs8t,rs-08-p4-x7vn2,rs-09-p4-h26bx,rs-10-p2-h5mqz,rs-10-p2-hznbx,rs-10-p2-k7k5m,rs-11-p4-lz8pp,rs-12-p4-8xhdp,rs-12-p4-nqnfd,rs-13-p1-4c6zm,rs-13-p1-4tj2j,rs-13-p1-dk76x,rs-13-p1-s6s9q,rs-14-p3-6scsz,rs-14-p3-8phhg,rs-14-p3-9fmvv,rs-14-p3-zfkrq,rs-15-p4-cmjjb,rs-15-p4-h8ngp,rs-15-p4-k2j8c,rs-15-p4-mmz2f,rs-16-p3-9dst7,rs-16-p3-hqmwh,rs-16-p3-rmm86,rs-17-p1-2n5rh,rs-17-p1-l5692,rs-17-p1-zfw6c,rs-18-p2-5m4c5,rs-18-p2-k6fnj,rs-18-p2-pd97p,rs-18-p2-r9fk4,rs-19-p4-2pzqm,rs-19-p4-9h454,rs-19-p4-m5l9f,rs-19-p4-mxmn8,rs-20-p2-vtzl9,rs-21-p2-5g6j8,rs-21-p2-98g7n,rs-22-p4-9k4d5,rs-22-p4-l8xwm,rs-22-p4-mtl79,rs-23-p4-vbh8m,rs-24-p2-bcp2v,rs-24-p2-lrw9k,rs-24-p2-qncjm,rs-25-p4-rgd28,rs-26-p1-bqstg,rs-26-p1-zx2qd,rs-27-p1-482c2,rs-27-p1-qsr9p,rs-27-p1-wb2jj,rs-28-p3-28jgn,rs-28-p3-cs2l4,rs-28-p3-s7pbs,rs-29-p4-j9f6v,rs-29-p4-mg7zw,rs-29-p4-sgwj5,rs-30-p2-btcvg,rs-30-p2-gjz7k,rs-30-p2-twf7b,rs-31-p3-452js,rs-31-p3-vwvsw,rs-31-p3-wj7l4,rs-32-p1-gkjs5,rs-32-p1-kmq5v,rs-33-p4-4ktnw,rs-33-p4-ldxkd,rs-33-p4-njd9d,rs-33-p4-zqdgv,rs-34-p4-nqxxb,rs-34-p4-vgvxf,rs-35-p4-2bvhr,rs-35-p4-fwvr5,rs-35-p4-h8lc2,rs-35-p4-kvt5q,rs-36-p1-gjlg7,rs-37-p4-qp4wn,rs-39-p1-w6jwt,rs-40-p4-9rxqx,rs-41-p3-pzwxf,rs-42-p1-bfzrg,rs-43-p2-fv9lk,rs-43-p2-hq96s,rs-43-p2-k8vzk,rs-43-p2-sklv2,rs-48-p4-d7k5m,rs-50-p4-pm6rd,rs-52-p3-krrqh,rs-52-p3-p8kfd}","[{""name"":""rs-01-p1-nj58v"",""cpu_m"":447,""mem_b"":639486873,""priority"":""1"",""node"":""kwok-node-10""},{""name"":""rs-01-p1-t92s8"",""cpu_m"":447,""mem_b"":639486873,""priority"":""1"",""node"":""kwok-node-11""},{""name"":""rs-01-p1-xm8bm"",""cpu_m"":447,""mem_b"":639486873,""priority"":""1"",""node"":""kwok-node-13""},{""name"":""rs-02-p1-vvjv5"",""cpu_m"":947,""mem_b"":270619341,""priority"":""1"",""node"":""kwok-node-16""},{""name"":""rs-03-p2-4q8g2"",""cpu_m"":682,""mem_b"":141438802,""priority"":""2"",""node"":""kwok-node-18""},{""name"":""rs-03-p2-cttc2"",""cpu_m"":682,""mem_b"":141438802,""priority"":""2"",""node"":""kwok-node-19""},{""name"":""rs-03-p2-jqvc7"",""cpu_m"":682,""mem_b"":141438802,""priority"":""2"",""node"":""kwok-node-1""},{""name"":""rs-04-p4-d4hrt"",""cpu_m"":806,""mem_b"":999012262,""priority"":""4"",""node"":""kwok-node-23""},{""name"":""rs-04-p4-nswnt"",""cpu_m"":806,""mem_b"":999012262,""priority"":""4"",""node"":""kwok-node-12""},{""name"":""rs-04-p4-rz8ww"",""cpu_m"":806,""mem_b"":999012262,""priority"":""4"",""node"":""kwok-node-22""},{""name"":""rs-04-p4-s87lg"",""cpu_m"":806,""mem_b"":999012262,""priority"":""4"",""node"":""kwok-node-20""},{""name"":""rs-05-p2-4hljf"",""cpu_m"":764,""mem_b"":300373308,""priority"":""2"",""node"":""kwok-node-15""},{""name"":""rs-05-p2-qs9zs"",""cpu_m"":764,""mem_b"":300373308,""priority"":""2"",""node"":""kwok-node-21""},{""name"":""rs-05-p2-tbf2p"",""cpu_m"":764,""mem_b"":300373308,""priority"":""2"",""node"":""kwok-node-2""},{""name"":""rs-06-p1-b9mm6"",""cpu_m"":805,""mem_b"":244265913,""priority"":""1"",""node"":""kwok-node-26""},{""name"":""rs-06-p1-p4ldv"",""cpu_m"":805,""mem_b"":244265913,""priority"":""1"",""node"":""kwok-node-17""},{""name"":""rs-07-p4-lksfm"",""cpu_m"":622,""mem_b"":716547235,""priority"":""4"",""node"":""kwok-node-28""},{""name"":""rs-07-p4-xxs59"",""cpu_m"":622,""mem_b"":716547235,""priority"":""4"",""node"":""kwok-node-24""},{""name"":""rs-08-p4-l8q85"",""cpu_m"":262,""mem_b"":400815649,""priority"":""4"",""node"":""kwok-node-25""},{""name"":""rs-08-p4-vbs8t"",""cpu_m"":262,""mem_b"":400815649,""priority"":""4"",""node"":""kwok-node-27""},{""name"":""rs-08-p4-x7vn2"",""cpu_m"":262,""mem_b"":400815649,""priority"":""4"",""node"":""kwok-node-3""},{""name"":""rs-09-p4-h26bx"",""cpu_m"":467,""mem_b"":544602469,""priority"":""4"",""node"":""kwok-node-14""},{""name"":""rs-10-p2-h5mqz"",""cpu_m"":468,""mem_b"":230892699,""priority"":""2"",""node"":""kwok-node-29""},{""name"":""rs-10-p2-hznbx"",""cpu_m"":468,""mem_b"":230892699,""priority"":""2"",""node"":""kwok-node-30""},{""name"":""rs-10-p2-k7k5m"",""cpu_m"":468,""mem_b"":230892699,""priority"":""2"",""node"":""kwok-node-3""},{""name"":""rs-11-p4-lz8pp"",""cpu_m"":966,""mem_b"":506009205,""priority"":""4"",""node"":""kwok-node-4""},{""name"":""rs-12-p4-8xhdp"",""cpu_m"":582,""mem_b"":363272297,""priority"":""4"",""node"":""kwok-node-32""},{""name"":""rs-12-p4-nqnfd"",""cpu_m"":582,""mem_b"":363272297,""priority"":""4"",""node"":""kwok-node-5""},{""name"":""rs-13-p1-4tj2j"",""cpu_m"":470,""mem_b"":810872227,""priority"":""1"",""node"":""kwok-node-6""},{""name"":""rs-13-p1-ns5ff"",""cpu_m"":470,""mem_b"":810872227,""priority"":""1"",""node"":""""},{""name"":""rs-13-p1-ntlqb"",""cpu_m"":470,""mem_b"":810872227,""priority"":""1"",""node"":""kwok-node-1""},{""name"":""rs-13-p1-s6s9q"",""cpu_m"":470,""mem_b"":810872227,""priority"":""1"",""node"":""kwok-node-9""},{""name"":""rs-14-p3-6scsz"",""cpu_m"":506,""mem_b"":504186763,""priority"":""3"",""node"":""kwok-node-8""},{""name"":""rs-14-p3-8phhg"",""cpu_m"":506,""mem_b"":504186763,""priority"":""3"",""node"":""kwok-node-25""},{""name"":""rs-14-p3-9fmvv"",""cpu_m"":506,""mem_b"":504186763,""priority"":""3"",""node"":""kwok-node-27""},{""name"":""rs-14-p3-zfkrq"",""cpu_m"":506,""mem_b"":504186763,""priority"":""3"",""node"":""kwok-node-30""},{""name"":""rs-15-p4-cmjjb"",""cpu_m"":136,""mem_b"":107739363,""priority"":""4"",""node"":""kwok-node-8""},{""name"":""rs-15-p4-h8ngp"",""cpu_m"":136,""mem_b"":107739363,""priority"":""4"",""node"":""kwok-node-29""},{""name"":""rs-15-p4-k2j8c"",""cpu_m"":136,""mem_b"":107739363,""priority"":""4"",""node"":""kwok-node-14""},{""name"":""rs-15-p4-mmz2f"",""cpu_m"":136,""mem_b"":107739363,""priority"":""4"",""node"":""kwok-node-11""},{""name"":""rs-16-p3-9dst7"",""cpu_m"":318,""mem_b"":601124106,""priority"":""3"",""node"":""kwok-node-32""},{""name"":""rs-16-p3-hqmwh"",""cpu_m"":318,""mem_b"":601124106,""priority"":""3"",""node"":""kwok-node-29""},{""name"":""rs-16-p3-rmm86"",""cpu_m"":318,""mem_b"":601124106,""priority"":""3"",""node"":""kwok-node-5""},{""name"":""rs-17-p1-ch54k"",""cpu_m"":435,""mem_b"":254539930,""priority"":""1"",""node"":""kwok-node-19""},{""name"":""rs-17-p1-dhtk7"",""cpu_m"":435,""mem_b"":254539930,""priority"":""1"",""node"":""kwok-node-30""},{""name"":""rs-17-p1-zfw6c"",""cpu_m"":435,""mem_b"":254539930,""priority"":""1"",""node"":""kwok-node-10""},{""name"":""rs-18-p2-5m4c5"",""cpu_m"":119,""mem_b"":219888803,""priority"":""2"",""node"":""kwok-node-8""},{""name"":""rs-18-p2-k6fnj"",""cpu_m"":119,""mem_b"":219888803,""priority"":""2"",""node"":""kwok-node-1""},{""name"":""rs-18-p2-pd97p"",""cpu_m"":119,""mem_b"":219888803,""priority"":""2"",""node"":""kwok-node-19""},{""name"":""rs-18-p2-r9fk4"",""cpu_m"":119,""mem_b"":219888803,""priority"":""2"",""node"":""kwok-node-18""},{""name"":""rs-19-p4-2pzqm"",""cpu_m"":795,""mem_b"":994842558,""priority"":""4"",""node"":""kwok-node-21""},{""name"":""rs-19-p4-9h454"",""cpu_m"":795,""mem_b"":994842558,""priority"":""4"",""node"":""kwok-node-2""},{""name"":""rs-19-p4-m5l9f"",""cpu_m"":795,""mem_b"":994842558,""priority"":""4"",""node"":""kwok-node-15""},{""name"":""rs-19-p4-mxmn8"",""cpu_m"":795,""mem_b"":994842558,""priority"":""4"",""node"":""kwok-node-3""},{""name"":""rs-20-p2-vtzl9"",""cpu_m"":390,""mem_b"":128592553,""priority"":""2"",""node"":""kwok-node-6""},{""name"":""rs-21-p2-5g6j8"",""cpu_m"":102,""mem_b"":530337194,""priority"":""2"",""node"":""kwok-node-17""},{""name"":""rs-21-p2-98g7n"",""cpu_m"":102,""mem_b"":530337194,""priority"":""2"",""node"":""kwok-node-1""},{""name"":""rs-22-p4-9k4d5"",""cpu_m"":340,""mem_b"":704555811,""priority"":""4"",""node"":""kwok-node-26""},{""name"":""rs-22-p4-l8xwm"",""cpu_m"":340,""mem_b"":704555811,""priority"":""4"",""node"":""kwok-node-18""},{""name"":""rs-22-p4-mtl79"",""cpu_m"":340,""mem_b"":704555811,""priority"":""4"",""node"":""kwok-node-19""},{""name"":""rs-23-p4-vbh8m"",""cpu_m"":374,""mem_b"":796871809,""priority"":""4"",""node"":""kwok-node-16""},{""name"":""rs-24-p2-bcp2v"",""cpu_m"":176,""mem_b"":467764346,""priority"":""2"",""node"":""kwok-node-14""},{""name"":""rs-24-p2-lrw9k"",""cpu_m"":176,""mem_b"":467764346,""priority"":""2"",""node"":""kwok-node-28""},{""name"":""rs-24-p2-qncjm"",""cpu_m"":176,""mem_b"":467764346,""priority"":""2"",""node"":""kwok-node-24""},{""name"":""rs-25-p4-rgd28"",""cpu_m"":452,""mem_b"":396796767,""priority"":""4"",""node"":""kwok-node-11""},{""name"":""rs-26-p1-24dj9"",""cpu_m"":852,""mem_b"":869965881,""priority"":""1"",""node"":""""},{""name"":""rs-26-p1-c5gd6"",""cpu_m"":852,""mem_b"":869965881,""priority"":""1"",""node"":""""},{""name"":""rs-27-p1-88vmv"",""cpu_m"":298,""mem_b"":393744226,""priority"":""1"",""node"":""kwok-node-2""},{""name"":""rs-27-p1-9v8gw"",""cpu_m"":298,""mem_b"":393744226,""priority"":""1"",""node"":""kwok-node-25""},{""name"":""rs-27-p1-wb2jj"",""cpu_m"":298,""mem_b"":393744226,""priority"":""1"",""node"":""kwok-node-8""},{""name"":""rs-28-p3-28jgn"",""cpu_m"":571,""mem_b"":368028323,""priority"":""3"",""node"":""kwok-node-27""},{""name"":""rs-28-p3-cs2l4"",""cpu_m"":571,""mem_b"":368028323,""priority"":""3"",""node"":""kwok-node-25""},{""name"":""rs-28-p3-s7pbs"",""cpu_m"":571,""mem_b"":368028323,""priority"":""3"",""node"":""kwok-node-22""},{""name"":""rs-29-p4-j9f6v"",""cpu_m"":258,""mem_b"":974102187,""priority"":""4"",""node"":""kwok-node-4""},{""name"":""rs-29-p4-mg7zw"",""cpu_m"":258,""mem_b"":974102187,""priority"":""4"",""node"":""kwok-node-10""},{""name"":""rs-29-p4-sgwj5"",""cpu_m"":258,""mem_b"":974102187,""priority"":""4"",""node"":""kwok-node-30""},{""name"":""rs-30-p2-btcvg"",""cpu_m"":853,""mem_b"":184076478,""priority"":""2"",""node"":""kwok-node-28""},{""name"":""rs-30-p2-gjz7k"",""cpu_m"":853,""mem_b"":184076478,""priority"":""2"",""node"":""kwok-node-20""},{""name"":""rs-30-p2-twf7b"",""cpu_m"":853,""mem_b"":184076478,""priority"":""2"",""node"":""kwok-node-14""},{""name"":""rs-31-p3-452js"",""cpu_m"":296,""mem_b"":314125657,""priority"":""3"",""node"":""kwok-node-6""},{""name"":""rs-31-p3-vwvsw"",""cpu_m"":296,""mem_b"":314125657,""priority"":""3"",""node"":""kwok-node-13""},{""name"":""rs-31-p3-wj7l4"",""cpu_m"":296,""mem_b"":314125657,""priority"":""3"",""node"":""kwok-node-32""},{""name"":""rs-32-p1-7lnxv"",""cpu_m"":624,""mem_b"":763879898,""priority"":""1"",""node"":""""},{""name"":""rs-32-p1-trp2w"",""cpu_m"":624,""mem_b"":763879898,""priority"":""1"",""node"":""""},{""name"":""rs-33-p4-4ktnw"",""cpu_m"":185,""mem_b"":356467689,""priority"":""4"",""node"":""kwok-node-12""},{""name"":""rs-33-p4-ldxkd"",""cpu_m"":185,""mem_b"":356467689,""priority"":""4"",""node"":""kwok-node-26""},{""name"":""rs-33-p4-njd9d"",""cpu_m"":185,""mem_b"":356467689,""priority"":""4"",""node"":""kwok-node-9""},{""name"":""rs-33-p4-zqdgv"",""cpu_m"":185,""mem_b"":356467689,""priority"":""4"",""node"":""kwok-node-23""},{""name"":""rs-34-p4-nqxxb"",""cpu_m"":209,""mem_b"":408897653,""priority"":""4"",""node"":""kwok-node-18""},{""name"":""rs-34-p4-vgvxf"",""cpu_m"":209,""mem_b"":408897653,""priority"":""4"",""node"":""kwok-node-19""},{""name"":""rs-35-p4-2bvhr"",""cpu_m"":705,""mem_b"":497046475,""priority"":""4"",""node"":""kwok-node-24""},{""name"":""rs-35-p4-fwvr5"",""cpu_m"":705,""mem_b"":497046475,""priority"":""4"",""node"":""kwok-node-12""},{""name"":""rs-35-p4-h8lc2"",""cpu_m"":705,""mem_b"":497046475,""priority"":""4"",""node"":""kwok-node-11""},{""name"":""rs-35-p4-kvt5q"",""cpu_m"":705,""mem_b"":497046475,""priority"":""4"",""node"":""kwok-node-23""},{""name"":""rs-36-p1-8rtrb"",""cpu_m"":412,""mem_b"":596223027,""priority"":""1"",""node"":""kwok-node-22""},{""name"":""rs-37-p4-qp4wn"",""cpu_m"":360,""mem_b"":901871067,""priority"":""4"",""node"":""kwok-node-16""},{""name"":""rs-38-p1-dwp8b"",""cpu_m"":238,""mem_b"":823813572,""priority"":""1"",""node"":""""},{""name"":""rs-38-p1-g64gb"",""cpu_m"":238,""mem_b"":823813572,""priority"":""1"",""node"":""""},{""name"":""rs-38-p1-mqpn6"",""cpu_m"":238,""mem_b"":823813572,""priority"":""1"",""node"":""""},{""name"":""rs-39-p1-2bccw"",""cpu_m"":179,""mem_b"":713403385,""priority"":""1"",""node"":""kwok-node-20""},{""name"":""rs-40-p4-9rxqx"",""cpu_m"":760,""mem_b"":713967752,""priority"":""4"",""node"":""kwok-node-8""},{""name"":""rs-41-p3-pzwxf"",""cpu_m"":167,""mem_b"":103986738,""priority"":""3"",""node"":""kwok-node-6""},{""name"":""rs-42-p1-bfzrg"",""cpu_m"":521,""mem_b"":580725431,""priority"":""1"",""node"":""kwok-node-32""},{""name"":""rs-43-p2-fv9lk"",""cpu_m"":459,""mem_b"":292696702,""priority"":""2"",""node"":""kwok-node-26""},{""name"":""rs-43-p2-hq96s"",""cpu_m"":459,""mem_b"":292696702,""priority"":""2"",""node"":""kwok-node-9""},{""name"":""rs-43-p2-k8vzk"",""cpu_m"":459,""mem_b"":292696702,""priority"":""2"",""node"":""kwok-node-4""},{""name"":""rs-43-p2-sklv2"",""cpu_m"":459,""mem_b"":292696702,""priority"":""2"",""node"":""kwok-node-1""},{""name"":""rs-44-p2-gx7px"",""cpu_m"":751,""mem_b"":808927579,""priority"":""2"",""node"":""kwok-node-31""},{""name"":""rs-44-p2-klfr6"",""cpu_m"":751,""mem_b"":808927579,""priority"":""2"",""node"":""kwok-node-7""},{""name"":""rs-44-p2-w4wkn"",""cpu_m"":751,""mem_b"":808927579,""priority"":""2"",""node"":""kwok-node-17""},{""name"":""rs-45-p1-gh2wh"",""cpu_m"":990,""mem_b"":715885608,""priority"":""1"",""node"":""""},{""name"":""rs-45-p1-jfhqn"",""cpu_m"":990,""mem_b"":715885608,""priority"":""1"",""node"":""""},{""name"":""rs-45-p1-q5jv7"",""cpu_m"":990,""mem_b"":715885608,""priority"":""1"",""node"":""""},{""name"":""rs-45-p1-tmsjp"",""cpu_m"":990,""mem_b"":715885608,""priority"":""1"",""node"":""""},{""name"":""rs-46-p4-8nv4s"",""cpu_m"":605,""mem_b"":522035786,""priority"":""4"",""node"":""kwok-node-9""},{""name"":""rs-46-p4-kz9hf"",""cpu_m"":605,""mem_b"":522035786,""priority"":""4"",""node"":""kwok-node-31""},{""name"":""rs-46-p4-n2s8x"",""cpu_m"":605,""mem_b"":522035786,""priority"":""4"",""node"":""kwok-node-7""},{""name"":""rs-47-p4-z7v27"",""cpu_m"":967,""mem_b"":942819031,""priority"":""4"",""node"":""kwok-node-29""},{""name"":""rs-48-p4-d7k5m"",""cpu_m"":419,""mem_b"":644586095,""priority"":""4"",""node"":""kwok-node-27""},{""name"":""rs-49-p3-7858b"",""cpu_m"":967,""mem_b"":786304746,""priority"":""3"",""node"":""kwok-node-13""},{""name"":""rs-49-p3-pz2sr"",""cpu_m"":967,""mem_b"":786304746,""priority"":""3"",""node"":""kwok-node-5""},{""name"":""rs-50-p4-pm6rd"",""cpu_m"":102,""mem_b"":319519136,""priority"":""4"",""node"":""kwok-node-25""},{""name"":""rs-51-p1-jgplt"",""cpu_m"":630,""mem_b"":786500018,""priority"":""1"",""node"":""""},{""name"":""rs-51-p1-w2z8v"",""cpu_m"":630,""mem_b"":786500018,""priority"":""1"",""node"":""""},{""name"":""rs-52-p3-krrqh"",""cpu_m"":540,""mem_b"":290694190,""priority"":""3"",""node"":""kwok-node-18""},{""name"":""rs-52-p3-p8kfd"",""cpu_m"":540,""mem_b"":290694190,""priority"":""3"",""node"":""kwok-node-6""},{""name"":""rs-53-p1-cwt72"",""cpu_m"":484,""mem_b"":650617881,""priority"":""1"",""node"":""kwok-node-31""},{""name"":""rs-53-p1-h6x2w"",""cpu_m"":484,""mem_b"":650617881,""priority"":""1"",""node"":""kwok-node-7""}]","[{""name"":""rs-01-p1-nj58v"",""cpu_m"":447,""mem_b"":639486873,""priority"":""1"",""node"":""kwok-node-10""},{""name"":""rs-01-p1-t92s8"",""cpu_m"":447,""mem_b"":639486873,""priority"":""1"",""node"":""kwok-node-11""},{""name"":""rs-01-p1-xm8bm"",""cpu_m"":447,""mem_b"":639486873,""priority"":""1"",""node"":""kwok-node-13""},{""name"":""rs-02-p1-vvjv5"",""cpu_m"":947,""mem_b"":270619341,""priority"":""1"",""node"":""kwok-node-16""},{""name"":""rs-03-p2-4q8g2"",""cpu_m"":682,""mem_b"":141438802,""priority"":""2"",""node"":""kwok-node-18""},{""name"":""rs-03-p2-cttc2"",""cpu_m"":682,""mem_b"":141438802,""priority"":""2"",""node"":""kwok-node-19""},{""name"":""rs-03-p2-jqvc7"",""cpu_m"":682,""mem_b"":141438802,""priority"":""2"",""node"":""kwok-node-1""},{""name"":""rs-04-p4-d4hrt"",""cpu_m"":806,""mem_b"":999012262,""priority"":""4"",""node"":""kwok-node-23""},{""name"":""rs-04-p4-nswnt"",""cpu_m"":806,""mem_b"":999012262,""priority"":""4"",""node"":""kwok-node-12""},{""name"":""rs-04-p4-rz8ww"",""cpu_m"":806,""mem_b"":999012262,""priority"":""4"",""node"":""kwok-node-22""},{""name"":""rs-04-p4-s87lg"",""cpu_m"":806,""mem_b"":999012262,""priority"":""4"",""node"":""kwok-node-20""},{""name"":""rs-05-p2-4hljf"",""cpu_m"":764,""mem_b"":300373308,""priority"":""2"",""node"":""kwok-node-15""},{""name"":""rs-05-p2-qs9zs"",""cpu_m"":764,""mem_b"":300373308,""priority"":""2"",""node"":""kwok-node-21""},{""name"":""rs-05-p2-tbf2p"",""cpu_m"":764,""mem_b"":300373308,""priority"":""2"",""node"":""kwok-node-2""},{""name"":""rs-06-p1-b9mm6"",""cpu_m"":805,""mem_b"":244265913,""priority"":""1"",""node"":""kwok-node-26""},{""name"":""rs-06-p1-p4ldv"",""cpu_m"":805,""mem_b"":244265913,""priority"":""1"",""node"":""kwok-node-17""},{""name"":""rs-07-p4-lksfm"",""cpu_m"":622,""mem_b"":716547235,""priority"":""4"",""node"":""kwok-node-28""},{""name"":""rs-07-p4-xxs59"",""cpu_m"":622,""mem_b"":716547235,""priority"":""4"",""node"":""kwok-node-24""},{""name"":""rs-08-p4-l8q85"",""cpu_m"":262,""mem_b"":400815649,""priority"":""4"",""node"":""kwok-node-25""},{""name"":""rs-08-p4-vbs8t"",""cpu_m"":262,""mem_b"":400815649,""priority"":""4"",""node"":""kwok-node-27""},{""name"":""rs-08-p4-x7vn2"",""cpu_m"":262,""mem_b"":400815649,""priority"":""4"",""node"":""kwok-node-3""},{""name"":""rs-09-p4-h26bx"",""cpu_m"":467,""mem_b"":544602469,""priority"":""4"",""node"":""kwok-node-14""},{""name"":""rs-10-p2-h5mqz"",""cpu_m"":468,""mem_b"":230892699,""priority"":""2"",""node"":""kwok-node-29""},{""name"":""rs-10-p2-hznbx"",""cpu_m"":468,""mem_b"":230892699,""priority"":""2"",""node"":""kwok-node-30""},{""name"":""rs-10-p2-k7k5m"",""cpu_m"":468,""mem_b"":230892699,""priority"":""2"",""node"":""kwok-node-3""},{""name"":""rs-11-p4-lz8pp"",""cpu_m"":966,""mem_b"":506009205,""priority"":""4"",""node"":""kwok-node-4""},{""name"":""rs-12-p4-8xhdp"",""cpu_m"":582,""mem_b"":363272297,""priority"":""4"",""node"":""kwok-node-32""},{""name"":""rs-12-p4-nqnfd"",""cpu_m"":582,""mem_b"":363272297,""priority"":""4"",""node"":""kwok-node-5""},{""name"":""rs-13-p1-4c6zm"",""cpu_m"":470,""mem_b"":810872227,""priority"":""1"",""node"":""kwok-node-7""},{""name"":""rs-13-p1-4tj2j"",""cpu_m"":470,""mem_b"":810872227,""priority"":""1"",""node"":""kwok-node-6""},{""name"":""rs-13-p1-dk76x"",""cpu_m"":470,""mem_b"":810872227,""priority"":""1"",""node"":""kwok-node-31""},{""name"":""rs-13-p1-s6s9q"",""cpu_m"":470,""mem_b"":810872227,""priority"":""1"",""node"":""kwok-node-9""},{""name"":""rs-14-p3-6scsz"",""cpu_m"":506,""mem_b"":504186763,""priority"":""3"",""node"":""kwok-node-8""},{""name"":""rs-14-p3-8phhg"",""cpu_m"":506,""mem_b"":504186763,""priority"":""3"",""node"":""kwok-node-25""},{""name"":""rs-14-p3-9fmvv"",""cpu_m"":506,""mem_b"":504186763,""priority"":""3"",""node"":""kwok-node-27""},{""name"":""rs-14-p3-zfkrq"",""cpu_m"":506,""mem_b"":504186763,""priority"":""3"",""node"":""kwok-node-30""},{""name"":""rs-15-p4-cmjjb"",""cpu_m"":136,""mem_b"":107739363,""priority"":""4"",""node"":""kwok-node-8""},{""name"":""rs-15-p4-h8ngp"",""cpu_m"":136,""mem_b"":107739363,""priority"":""4"",""node"":""kwok-node-29""},{""name"":""rs-15-p4-k2j8c"",""cpu_m"":136,""mem_b"":107739363,""priority"":""4"",""node"":""kwok-node-14""},{""name"":""rs-15-p4-mmz2f"",""cpu_m"":136,""mem_b"":107739363,""priority"":""4"",""node"":""kwok-node-11""},{""name"":""rs-16-p3-9dst7"",""cpu_m"":318,""mem_b"":601124106,""priority"":""3"",""node"":""kwok-node-32""},{""name"":""rs-16-p3-hqmwh"",""cpu_m"":318,""mem_b"":601124106,""priority"":""3"",""node"":""kwok-node-29""},{""name"":""rs-16-p3-rmm86"",""cpu_m"":318,""mem_b"":601124106,""priority"":""3"",""node"":""kwok-node-5""},{""name"":""rs-17-p1-2n5rh"",""cpu_m"":435,""mem_b"":254539930,""priority"":""1"",""node"":""kwok-node-9""},{""name"":""rs-17-p1-l5692"",""cpu_m"":435,""mem_b"":254539930,""priority"":""1"",""node"":""kwok-node-13""},{""name"":""rs-17-p1-zfw6c"",""cpu_m"":435,""mem_b"":254539930,""priority"":""1"",""node"":""kwok-node-10""},{""name"":""rs-18-p2-5m4c5"",""cpu_m"":119,""mem_b"":219888803,""priority"":""2"",""node"":""kwok-node-8""},{""name"":""rs-18-p2-k6fnj"",""cpu_m"":119,""mem_b"":219888803,""priority"":""2"",""node"":""kwok-node-1""},{""name"":""rs-18-p2-pd97p"",""cpu_m"":119,""mem_b"":219888803,""priority"":""2"",""node"":""kwok-node-19""},{""name"":""rs-18-p2-r9fk4"",""cpu_m"":119,""mem_b"":219888803,""priority"":""2"",""node"":""kwok-node-18""},{""name"":""rs-19-p4-2pzqm"",""cpu_m"":795,""mem_b"":994842558,""priority"":""4"",""node"":""kwok-node-21""},{""name"":""rs-19-p4-9h454"",""cpu_m"":795,""mem_b"":994842558,""priority"":""4"",""node"":""kwok-node-2""},{""name"":""rs-19-p4-m5l9f"",""cpu_m"":795,""mem_b"":994842558,""priority"":""4"",""node"":""kwok-node-15""},{""name"":""rs-19-p4-mxmn8"",""cpu_m"":795,""mem_b"":994842558,""priority"":""4"",""node"":""kwok-node-3""},{""name"":""rs-20-p2-vtzl9"",""cpu_m"":390,""mem_b"":128592553,""priority"":""2"",""node"":""kwok-node-6""},{""name"":""rs-21-p2-5g6j8"",""cpu_m"":102,""mem_b"":530337194,""priority"":""2"",""node"":""kwok-node-17""},{""name"":""rs-21-p2-98g7n"",""cpu_m"":102,""mem_b"":530337194,""priority"":""2"",""node"":""kwok-node-1""},{""name"":""rs-22-p4-9k4d5"",""cpu_m"":340,""mem_b"":704555811,""priority"":""4"",""node"":""kwok-node-26""},{""name"":""rs-22-p4-l8xwm"",""cpu_m"":340,""mem_b"":704555811,""priority"":""4"",""node"":""kwok-node-18""},{""name"":""rs-22-p4-mtl79"",""cpu_m"":340,""mem_b"":704555811,""priority"":""4"",""node"":""kwok-node-19""},{""name"":""rs-23-p4-vbh8m"",""cpu_m"":374,""mem_b"":796871809,""priority"":""4"",""node"":""kwok-node-16""},{""name"":""rs-24-p2-bcp2v"",""cpu_m"":176,""mem_b"":467764346,""priority"":""2"",""node"":""kwok-node-14""},{""name"":""rs-24-p2-lrw9k"",""cpu_m"":176,""mem_b"":467764346,""priority"":""2"",""node"":""kwok-node-28""},{""name"":""rs-24-p2-qncjm"",""cpu_m"":176,""mem_b"":467764346,""priority"":""2"",""node"":""kwok-node-24""},{""name"":""rs-25-p4-rgd28"",""cpu_m"":452,""mem_b"":396796767,""priority"":""4"",""node"":""kwok-node-11""},{""name"":""rs-26-p1-bqstg"",""cpu_m"":852,""mem_b"":869965881,""priority"":""1"",""node"":""kwok-node-7""},{""name"":""rs-26-p1-zx2qd"",""cpu_m"":852,""mem_b"":869965881,""priority"":""1"",""node"":""kwok-node-31""},{""name"":""rs-27-p1-482c2"",""cpu_m"":298,""mem_b"":393744226,""priority"":""1"",""node"":""kwok-node-17""},{""name"":""rs-27-p1-qsr9p"",""cpu_m"":298,""mem_b"":393744226,""priority"":""1"",""node"":""kwok-node-1""},{""name"":""rs-27-p1-wb2jj"",""cpu_m"":298,""mem_b"":393744226,""priority"":""1"",""node"":""kwok-node-8""},{""name"":""rs-28-p3-28jgn"",""cpu_m"":571,""mem_b"":368028323,""priority"":""3"",""node"":""kwok-node-27""},{""name"":""rs-28-p3-cs2l4"",""cpu_m"":571,""mem_b"":368028323,""priority"":""3"",""node"":""kwok-node-25""},{""name"":""rs-28-p3-s7pbs"",""cpu_m"":571,""mem_b"":368028323,""priority"":""3"",""node"":""kwok-node-22""},{""name"":""rs-29-p4-j9f6v"",""cpu_m"":258,""mem_b"":974102187,""priority"":""4"",""node"":""kwok-node-4""},{""name"":""rs-29-p4-mg7zw"",""cpu_m"":258,""mem_b"":974102187,""priority"":""4"",""node"":""kwok-node-10""},{""name"":""rs-29-p4-sgwj5"",""cpu_m"":258,""mem_b"":974102187,""priority"":""4"",""node"":""kwok-node-30""},{""name"":""rs-30-p2-btcvg"",""cpu_m"":853,""mem_b"":184076478,""priority"":""2"",""node"":""kwok-node-28""},{""name"":""rs-30-p2-gjz7k"",""cpu_m"":853,""mem_b"":184076478,""priority"":""2"",""node"":""kwok-node-20""},{""name"":""rs-30-p2-twf7b"",""cpu_m"":853,""mem_b"":184076478,""priority"":""2"",""node"":""kwok-node-14""},{""name"":""rs-31-p3-452js"",""cpu_m"":296,""mem_b"":314125657,""priority"":""3"",""node"":""kwok-node-6""},{""name"":""rs-31-p3-vwvsw"",""cpu_m"":296,""mem_b"":314125657,""priority"":""3"",""node"":""kwok-node-13""},{""name"":""rs-31-p3-wj7l4"",""cpu_m"":296,""mem_b"":314125657,""priority"":""3"",""node"":""kwok-node-32""},{""name"":""rs-32-p1-gkjs5"",""cpu_m"":624,""mem_b"":763879898,""priority"":""1"",""node"":""kwok-node-29""},{""name"":""rs-32-p1-kmq5v"",""cpu_m"":624,""mem_b"":763879898,""priority"":""1"",""node"":""kwok-node-5""},{""name"":""rs-33-p4-4ktnw"",""cpu_m"":185,""mem_b"":356467689,""priority"":""4"",""node"":""kwok-node-12""},{""name"":""rs-33-p4-ldxkd"",""cpu_m"":185,""mem_b"":356467689,""priority"":""4"",""node"":""kwok-node-26""},{""name"":""rs-33-p4-njd9d"",""cpu_m"":185,""mem_b"":356467689,""priority"":""4"",""node"":""kwok-node-9""},{""name"":""rs-33-p4-zqdgv"",""cpu_m"":185,""mem_b"":356467689,""priority"":""4"",""node"":""kwok-node-23""},{""name"":""rs-34-p4-nqxxb"",""cpu_m"":209,""mem_b"":408897653,""priority"":""4"",""node"":""kwok-node-18""},{""name"":""rs-34-p4-vgvxf"",""cpu_m"":209,""mem_b"":408897653,""priority"":""4"",""node"":""kwok-node-19""},{""name"":""rs-35-p4-2bvhr"",""cpu_m"":705,""mem_b"":497046475,""priority"":""4"",""node"":""kwok-node-24""},{""name"":""rs-35-p4-fwvr5"",""cpu_m"":705,""mem_b"":497046475,""priority"":""4"",""node"":""kwok-node-12""},{""name"":""rs-35-p4-h8lc2"",""cpu_m"":705,""mem_b"":497046475,""priority"":""4"",""node"":""kwok-node-11""},{""name"":""rs-35-p4-kvt5q"",""cpu_m"":705,""mem_b"":497046475,""priority"":""4"",""node"":""kwok-node-23""},{""name"":""rs-36-p1-gjlg7"",""cpu_m"":412,""mem_b"":596223027,""priority"":""1"",""node"":""kwok-node-17""},{""name"":""rs-37-p4-qp4wn"",""cpu_m"":360,""mem_b"":901871067,""priority"":""4"",""node"":""kwok-node-16""},{""name"":""rs-38-p1-dwp8b"",""cpu_m"":238,""mem_b"":823813572,""priority"":""1"",""node"":""""},{""name"":""rs-38-p1-g64gb"",""cpu_m"":238,""mem_b"":823813572,""priority"":""1"",""node"":""""},{""name"":""rs-38-p1-mqpn6"",""cpu_m"":238,""mem_b"":823813572,""priority"":""1"",""node"":""""},{""name"":""rs-39-p1-w6jwt"",""cpu_m"":179,""mem_b"":713403385,""priority"":""1"",""node"":""kwok-node-13""},{""name"":""rs-40-p4-9rxqx"",""cpu_m"":760,""mem_b"":713967752,""priority"":""4"",""node"":""kwok-node-8""},{""name"":""rs-41-p3-pzwxf"",""cpu_m"":167,""mem_b"":103986738,""priority"":""3"",""node"":""kwok-node-6""},{""name"":""rs-42-p1-bfzrg"",""cpu_m"":521,""mem_b"":580725431,""priority"":""1"",""node"":""kwok-node-32""},{""name"":""rs-43-p2-fv9lk"",""cpu_m"":459,""mem_b"":292696702,""priority"":""2"",""node"":""kwok-node-26""},{""name"":""rs-43-p2-hq96s"",""cpu_m"":459,""mem_b"":292696702,""priority"":""2"",""node"":""kwok-node-9""},{""name"":""rs-43-p2-k8vzk"",""cpu_m"":459,""mem_b"":292696702,""priority"":""2"",""node"":""kwok-node-4""},{""name"":""rs-43-p2-sklv2"",""cpu_m"":459,""mem_b"":292696702,""priority"":""2"",""node"":""kwok-node-1""},{""name"":""rs-44-p2-gx7px"",""cpu_m"":751,""mem_b"":808927579,""priority"":""2"",""node"":""""},{""name"":""rs-44-p2-klfr6"",""cpu_m"":751,""mem_b"":808927579,""priority"":""2"",""node"":""""},{""name"":""rs-44-p2-w4wkn"",""cpu_m"":751,""mem_b"":808927579,""priority"":""2"",""node"":""""},{""name"":""rs-45-p1-gh2wh"",""cpu_m"":990,""mem_b"":715885608,""priority"":""1"",""node"":""""},{""name"":""rs-45-p1-jfhqn"",""cpu_m"":990,""mem_b"":715885608,""priority"":""1"",""node"":""""},{""name"":""rs-45-p1-q5jv7"",""cpu_m"":990,""mem_b"":715885608,""priority"":""1"",""node"":""""},{""name"":""rs-45-p1-tmsjp"",""cpu_m"":990,""mem_b"":715885608,""priority"":""1"",""node"":""""},{""name"":""rs-46-p4-8nv4s"",""cpu_m"":605,""mem_b"":522035786,""priority"":""4"",""node"":""""},{""name"":""rs-46-p4-kz9hf"",""cpu_m"":605,""mem_b"":522035786,""priority"":""4"",""node"":""""},{""name"":""rs-46-p4-n2s8x"",""cpu_m"":605,""mem_b"":522035786,""priority"":""4"",""node"":""""},{""name"":""rs-47-p4-z7v27"",""cpu_m"":967,""mem_b"":942819031,""priority"":""4"",""node"":""""},{""name"":""rs-48-p4-d7k5m"",""cpu_m"":419,""mem_b"":644586095,""priority"":""4"",""node"":""kwok-node-27""},{""name"":""rs-49-p3-7858b"",""cpu_m"":967,""mem_b"":786304746,""priority"":""3"",""node"":""""},{""name"":""rs-49-p3-pz2sr"",""cpu_m"":967,""mem_b"":786304746,""priority"":""3"",""node"":""""},{""name"":""rs-50-p4-pm6rd"",""cpu_m"":102,""mem_b"":319519136,""priority"":""4"",""node"":""kwok-node-25""},{""name"":""rs-51-p1-jgplt"",""cpu_m"":630,""mem_b"":786500018,""priority"":""1"",""node"":""""},{""name"":""rs-51-p1-w2z8v"",""cpu_m"":630,""mem_b"":786500018,""priority"":""1"",""node"":""""},{""name"":""rs-52-p3-krrqh"",""cpu_m"":540,""mem_b"":290694190,""priority"":""3"",""node"":""kwok-node-18""},{""name"":""rs-52-p3-p8kfd"",""cpu_m"":540,""mem_b"":290694190,""priority"":""3"",""node"":""kwok-node-6""},{""name"":""rs-53-p1-cwt72"",""cpu_m"":484,""mem_b"":650617881,""priority"":""1"",""node"":""""},{""name"":""rs-53-p1-h6x2w"",""cpu_m"":484,""mem_b"":650617881,""priority"":""1"",""node"":""""}]","[{""name"":""kwok-node-1"",""cap_cpu_m"":1914,""cap_mem_bytes"":2004977662},{""name"":""kwok-node-2"",""cap_cpu_m"":1914,""cap_mem_bytes"":2004977662},{""name"":""kwok-node-3"",""cap_cpu_m"":1914,""cap_mem_bytes"":2004977662},{""name"":""kwok-node-4"",""cap_cpu_m"":1914,""cap_mem_bytes"":2004977662},{""name"":""kwok-node-5"",""cap_cpu_m"":1914,""cap_mem_bytes"":2004977662},{""name"":""kwok-node-6"",""cap_cpu_m"":1914,""cap_mem_bytes"":2004977662},{""name"":""kwok-node-7"",""cap_cpu_m"":1914,""cap_mem_bytes"":2004977662},{""name"":""kwok-node-8"",""cap_cpu_m"":1914,""cap_mem_bytes"":2004977662},{""name"":""kwok-node-9"",""cap_cpu_m"":1914,""cap_mem_bytes"":2004977662},{""name"":""kwok-node-10"",""cap_cpu_m"":1914,""cap_mem_bytes"":2004977662},{""name"":""kwok-node-11"",""cap_cpu_m"":1914,""cap_mem_bytes"":2004977662},{""name"":""kwok-node-12"",""cap_cpu_m"":1914,""cap_mem_bytes"":2004977662},{""name"":""kwok-node-13"",""cap_cpu_m"":1914,""cap_mem_bytes"":2004977662},{""name"":""kwok-node-14"",""cap_cpu_m"":1914,""cap_mem_bytes"":2004977662},{""name"":""kwok-node-15"",""cap_cpu_m"":1914,""cap_mem_bytes"":2004977662},{""name"":""kwok-node-16"",""cap_cpu_m"":1914,""cap_mem_bytes"":2004977662},{""name"":""kwok-node-17"",""cap_cpu_m"":1914,""cap_mem_bytes"":2004977662},{""name"":""kwok-node-18"",""cap_cpu_m"":1914,""cap_mem_bytes"":2004977662},{""name"":""kwok-node-19"",""cap_cpu_m"":1914,""cap_mem_bytes"":2004977662},{""name"":""kwok-node-20"",""cap_cpu_m"":1914,""cap_mem_bytes"":2004977662},{""name"":""kwok-node-21"",""cap_cpu_m"":1914,""cap_mem_bytes"":2004977662},{""name"":""kwok-node-22"",""cap_cpu_m"":1914,""cap_mem_bytes"":2004977662},{""name"":""kwok-node-23"",""cap_cpu_m"":1914,""cap_mem_bytes"":2004977662},{""name"":""kwok-node-24"",""cap_cpu_m"":1914,""cap_mem_bytes"":2004977662},{""name"":""kwok-node-25"",""cap_cpu_m"":1914,""cap_mem_bytes"":2004977662},{""name"":""kwok-node-26"",""cap_cpu_m"":1914,""cap_mem_bytes"":2004977662},{""name"":""kwok-node-27"",""cap_cpu_m"":1914,""cap_mem_bytes"":2004977662},{""name"":""kwok-node-28"",""cap_cpu_m"":1914,""cap_mem_bytes"":2004977662},{""name"":""kwok-node-29"",""cap_cpu_m"":1914,""cap_mem_bytes"":2004977662},{""name"":""kwok-node-30"",""cap_cpu_m"":1914,""cap_mem_bytes"":2004977662},{""name"":""kwok-node-31"",""cap_cpu_m"":1914,""cap_mem_bytes"":2004977662},{""name"":""kwok-node-32"",""cap_cpu_m"":1914,""cap_mem_bytes"":2004977662}]"
2026/02/11/12:34:00,7024236687192545299,,"{""evicted"":0,""moved"":0,""placed_by_priority"":{""1"":31,""2"":34,""3"":22,""4"":24}}",python,"{""evicted"":10,""moved"":15,""placed_by_priority"":{""1"":21,""2"":34,""3"":33,""4"":27}}",534,OPTIMAL,"[{""duration_ms"":534,""name"":""python"",""score"":{""evicted"":10,""moved"":15,""placed_by_priority"":{""1"":21,""2"":34,""3"":33,""4"":27}},""status"":""OPTIMAL""}]",0.914,0.849,0.917,0.840,57987,53819,58298769718,53393528195,115,111,13,17,"{""kwok-node-1"":4,""kwok-node-10"":4,""kwok-node-11"":5,""kwok-node-12"":3,""kwok-node-13"":5,""kwok-node-14"":4,""kwok-node-15"":4,""kwok-node-16"":5,""kwok-node-17"":2,""kwok-node-18"":3,""kwok-node-19"":3,""kwok-node-2"":4,""kwok-node-20"":3,""kwok-node-21"":3,""kwok-node-22"":4,""kwok-node-23"":3,""kwok-node-24"":4,""kwok-node-25"":3,""kwok-node-26"":3,""kwok-node-27"":3,""kwok-node-28"":3,""kwok-node-29"":3,""kwok-node-3"":3,""kwok-node-30"":4,""kwok-node-31"":4,""kwok-node-32"":4,""kwok-node-4"":5,""kwok-node-5"":3,""kwok-node-6"":4,""kwok-node-7"":4,""kwok-node-8"":3,""kwok-node-9"":3}","{""kwok-node-1"":4,""kwok-node-10"":4,""kwok-node-11"":5,""kwok-node-12"":3,""kwok-node-13"":4,""kwok-node-14"":4,""kwok-node-15"":3,""kwok-node-16"":4,""kwok-node-17"":3,""kwok-node-18"":3,""kwok-node-19"":3,""kwok-node-2"":3,""kwok-node-20"":3,""kwok-node-21"":3,""kwok-node-22"":3,""kwok-node-23"":3,""kwok-node-24"":4,""kwok-node-25"":3,""kwok-node-26"":4,""kwok-node-27"":3,""kwok-node-28"":3,""kwok-node-29"":4,""kwok-node-3"":3,""kwok-node-30"":4,""kwok-node-31"":3,""kwok-node-32"":4,""kwok-node-4"":4,""kwok-node-5"":4,""kwok-node-6"":4,""kwok-node-7"":3,""kwok-node-8"":3,""kwok-node-9"":3}","{""p1"":21,""p2"":34,""p3"":33,""p4"":27}","{""p1"":31,""p2"":34,""p3"":22,""p4"":24}","{""p1"":13}","{""p1"":3,""p3"":11,""p4"":3}","{rs-01-p1-4s7b9,rs-01-p1-7zl8p,rs-01-p1-mzw6h,rs-12-p1-mcffw,rs-15-p1-4lxwd,rs-15-p1-54ccr,rs-15-p1-lj6m6,rs-15-p1-z6jct,rs-26-p1-2nhnl,rs-33-p1-7znbh,rs-37-p1-b2lwz,rs-37-p1-ndgjm,rs-49-p1-9l62t}","{rs-30-p3-r5qtp,rs-30-p3-wzdbr,rs-34-p4-bhdwp,rs-34-p4-s5qxj,rs-34-p4-vq9st,rs-35-p3-7txnp,rs-35-p3-g566j,rs-37-p1-b2lwz,rs-37-p1-ndgjm,rs-39-p3-d8rlh,rs-39-p3-hf8hv,rs-39-p3-mqwf7,rs-39-p3-rpvhh,rs-43-p3-w5c95,rs-43-p3-xwffs,rs-43-p3-zbf9r,rs-49-p1-9l62t}","{rs-02-p2-knzgf,rs-02-p2-vr5jh,rs-03-p3-9k5fb,rs-03-p3-s8664,rs-03-p3-v2dnq,rs-04-p4-klg77,rs-04-p4-m49dn,rs-04-p4-xktf8,rs-05-p1-hkm2r,rs-05-p1-xlrcz,rs-06-p3-5q2kp,rs-06-p3-bdhsw,rs-06-p3-sj78r,rs-07-p2-jh6cw,rs-07-p2-jm2gv,rs-07-p2-k67v9,rs-07-p2-z7j6q,rs-08-p3-drn5r,rs-08-p3-m4t6m,rs-08-p3-mwlh5,rs-09-p4-rt65q,rs-09-p4-zlcw7,rs-10-p2-tlvp6,rs-11-p2-5qw4p,rs-11-p2-hkw5v,rs-11-p2-m68tx,rs-11-p2-s6klc,rs-13-p4-9xddr,rs-13-p4-brn9n,rs-13-p4-jd5c2,rs-14-p4-5t945,rs-14-p4-twpdz,rs-14-p4-w82jm,rs-16-p2-h6ztn,rs-16-p2-nt8tn,rs-17-p3-c9tkx,rs-17-p3-tdrz6,rs-18-p2-vmdqd,rs-19-p1-9p7gw,rs-19-p1-9zm26,rs-19-p1-mrctq,rs-19-p1-xgk9x,rs-20-p2-m4cm9,rs-21-p2-52bmh,rs-21-p2-dwssd,rs-22-p4-fgjlw,rs-22-p4-rwsqw,rs-22-p4-tdhx7,rs-23-p4-l4vkr,rs-23-p4-lbvlt,rs-23-p4-n6d8t,rs-23-p4-tfbmk,rs-24-p2-g6jmg,rs-24-p2-vk7lp,rs-24-p2-xwh7r,rs-25-p2-8rmhk,rs-25-p2-b9fwp,rs-25-p2-g6rsb,rs-26-p1-b4dvc,rs-26-p1-nhbf8,rs-26-p1-vsh4r,rs-27-p3-24nk5,rs-27-p3-5q8j5,rs-27-p3-nhvvj,rs-28-p1-6gf8w,rs-28-p1-6wqs8,rs-28-p1-7dkxg,rs-28-p1-tv7qw,rs-29-p3-72sqb,rs-29-p3-7j2n2,rs-29-p3-fqkkv,rs-29-p3-xmst4,rs-30-p3-r5qtp,rs-30-p3-wzdbr,rs-31-p2-2cwbh,rs-31-p2-752kg,rs-31-p2-c4fv9,rs-31-p2-vxsr5,rs-32-p2-jn4g2,rs-34-p4-bhdwp,rs-34-p4-s5qxj,rs-34-p4-vq9st,rs-35-p3-7txnp,rs-35-p3-g566j,rs-35-p3-j95dj,rs-35-p3-vz5p8,rs-36-p4-fjccw,rs-36-p4-pqghc,rs-36-p4-r5j8b,rs-36-p4-sq7pr,rs-38-p2-4lswj,rs-38-p2-q2tcj,rs-38-p2-stkvn,rs-38-p2-sx6rq,rs-39-p3-d8rlh,rs-39-p3-hf8hv,rs-39-p3-mqwf7,rs-39-p3-rpvhh,rs-40-p2-9l5cg,rs-40-p2-kmd5t,rs-41-p1-dlg52,rs-41-p1-l6b6f,rs-42-p3-z8xxw,rs-43-p3-w5c95,rs-43-p3-xwffs,rs-43-p3-zbf9r,rs-44-p3-md989,rs-45-p1-4mb8g,rs-46-p4-8wwxw,rs-47-p1-cln4r,rs-48-p4-5ffsk,rs-50-p1-87tfb,rs-50-p1-kb7gj,rs-50-p1-s6v6m,rs-50-p1-vn9km}","{rs-01-p1-2bptt,rs-01-p1-7vskh,rs-01-p1-pr9d7,rs-02-p2-knzgf,rs-02-p2-vr5jh,rs-03-p3-9k5fb,rs-03-p3-s8664,rs-03-p3-v2dnq,rs-04-p4-klg77,rs-04-p4-m49dn,rs-04-p4-xktf8,rs-05-p1-9ncwx,rs-05-p1-zzq8b,rs-06-p3-5q2kp,rs-06-p3-bdhsw,rs-06-p3-sj78r,rs-07-p2-jh6cw,rs-07-p2-jm2gv,rs-07-p2-k67v9,rs-07-p2-z7j6q,rs-08-p3-drn5r,rs-08-p3-m4t6m,rs-08-p3-mwlh5,rs-09-p4-rt65q,rs-09-p4-zlcw7,rs-10-p2-tlvp6,rs-11-p2-5qw4p,rs-11-p2-hkw5v,rs-11-p2-m68tx,rs-11-p2-s6klc,rs-12-p1-lgvsm,rs-13-p4-9xddr,rs-13-p4-brn9n,rs-13-p4-jd5c2,rs-14-p4-5t945,rs-14-p4-twpdz,rs-14-p4-w82jm,rs-15-p1-2pld4,rs-15-p1-6xm6s,rs-15-p1-gqcrh,rs-15-p1-lxn5k,rs-16-p2-h6ztn,rs-16-p2-nt8tn,rs-17-p3-c9tkx,rs-17-p3-tdrz6,rs-18-p2-vmdqd,rs-19-p1-9p7gw,rs-19-p1-mrctq,rs-19-p1-n5g9k,rs-19-p1-zv24j,rs-20-p2-m4cm9,rs-21-p2-52bmh,rs-21-p2-dwssd,rs-22-p4-fgjlw,rs-22-p4-rwsqw,rs-22-p4-tdhx7,rs-23-p4-l4vkr,rs-23-p4-lbvlt,rs-23-p4-n6d8t,rs-23-p4-tfbmk,rs-24-p2-g6jmg,rs-24-p2-vk7lp,rs-24-p2-xwh7r,rs-25-p2-8rmhk,rs-25-p2-b9fwp,rs-25-p2-g6rsb,rs-26-p1-hcnx6,rs-26-p1-khpmh,rs-26-p1-p6tp9,rs-26-p1-q2kck,rs-27-p3-24nk5,rs-27-p3-5q8j5,rs-27-p3-nhvvj,rs-28-p1-7dkxg,rs-28-p1-9gx82,rs-28-p1-tv7qw,rs-28-p1-z5pcc,rs-29-p3-72sqb,rs-29-p3-7j2n2,rs-29-p3-fqkkv,rs-29-p3-xmst4,rs-31-p2-2cwbh,rs-31-p2-752kg,rs-31-p2-c4fv9,rs-31-p2-vxsr5,rs-32-p2-jn4g2,rs-33-p1-kkt2n,rs-35-p3-j95dj,rs-35-p3-vz5p8,rs-36-p4-fjccw,rs-36-p4-pqghc,rs-36-p4-r5j8b,rs-36-p4-sq7pr,rs-38-p2-4lswj,rs-38-p2-q2tcj,rs-38-p2-stkvn,rs-38-p2-sx6rq,rs-40-p2-9l5cg,rs-40-p2-kmd5t,rs-41-p1-blf7q,rs-41-p1-l6b6f,rs-42-p3-z8xxw,rs-44-p3-md989,rs-45-p1-97q54,rs-46-p4-8wwxw,rs-47-p1-7t4lf,rs-48-p4-5ffsk,rs-50-p1-c87nj,rs-50-p1-kn5s5,rs-50-p1-nxpgb,rs-50-p1-s6v6m}","[{""name"":""rs-01-p1-4s7b9"",""cpu_m"":366,""mem_b"":854610238,""priority"":""1"",""node"":""""},{""name"":""rs-01-p1-7zl8p"",""cpu_m"":366,""mem_b"":854610238,""priority"":""1"",""node"":""""},{""name"":""rs-01-p1-mzw6h"",""cpu_m"":366,""mem_b"":854610238,""priority"":""1"",""node"":""""},{""name"":""rs-02-p2-knzgf"",""cpu_m"":116,""mem_b"":679859671,""priority"":""2"",""node"":""kwok-node-14""},{""name"":""rs-02-p2-vr5jh"",""cpu_m"":116,""mem_b"":679859671,""priority"":""2"",""node"":""kwok-node-13""},{""name"":""rs-03-p3-9k5fb"",""cpu_m"":752,""mem_b"":954630603,""priority"":""3"",""node"":""kwok-node-15""},{""name"":""rs-03-p3-s8664"",""cpu_m"":752,""mem_b"":954630603,""priority"":""3"",""node"":""kwok-node-21""},{""name"":""rs-03-p3-v2dnq"",""cpu_m"":752,""mem_b"":954630603,""priority"":""3"",""node"":""kwok-node-20""},{""name"":""rs-04-p4-klg77"",""cpu_m"":948,""mem_b"":162199119,""priority"":""4"",""node"":""kwok-node-12""},{""name"":""rs-04-p4-m49dn"",""cpu_m"":948,""mem_b"":162199119,""priority"":""4"",""node"":""kwok-node-16""},{""name"":""rs-04-p4-xktf8"",""cpu_m"":948,""mem_b"":162199119,""priority"":""4"",""node"":""kwok-node-19""},{""name"":""rs-05-p1-hkm2r"",""cpu_m"":220,""mem_b"":165828451,""priority"":""1"",""node"":""kwok-node-31""},{""name"":""rs-05-p1-xlrcz"",""cpu_m"":220,""mem_b"":165828451,""priority"":""1"",""node"":""kwok-node-15""},{""name"":""rs-06-p3-5q2kp"",""cpu_m"":925,""mem_b"":344361414,""priority"":""3"",""node"":""kwok-node-2""},{""name"":""rs-06-p3-bdhsw"",""cpu_m"":925,""mem_b"":344361414,""priority"":""3"",""node"":""kwok-node-24""},{""name"":""rs-06-p3-sj78r"",""cpu_m"":925,""mem_b"":344361414,""priority"":""3"",""node"":""kwok-node-22""},{""name"":""rs-07-p2-jh6cw"",""cpu_m"":819,""mem_b"":159728595,""priority"":""2"",""node"":""kwok-node-28""},{""name"":""rs-07-p2-jm2gv"",""cpu_m"":819,""mem_b"":159728595,""priority"":""2"",""node"":""kwok-node-23""},{""name"":""rs-07-p2-k67v9"",""cpu_m"":819,""mem_b"":159728595,""priority"":""2"",""node"":""kwok-node-27""},{""name"":""rs-07-p2-z7j6q"",""cpu_m"":819,""mem_b"":159728595,""priority"":""2"",""node"":""kwok-node-25""},{""name"":""rs-08-p3-drn5r"",""cpu_m"":148,""mem_b"":105028331,""priority"":""3"",""node"":""kwok-node-29""},{""name"":""rs-08-p3-m4t6m"",""cpu_m"":148,""mem_b"":105028331,""priority"":""3"",""node"":""kwok-node-1""},{""name"":""rs-08-p3-mwlh5"",""cpu_m"":148,""mem_b"":105028331,""priority"":""3"",""node"":""kwok-node-26""},{""name"":""rs-09-p4-rt65q"",""cpu_m"":934,""mem_b"":846137532,""priority"":""4"",""node"":""kwok-node-29""},{""name"":""rs-09-p4-zlcw7"",""cpu_m"":934,""mem_b"":846137532,""priority"":""4"",""node"":""kwok-node-26""},{""name"":""rs-10-p2-tlvp6"",""cpu_m"":902,""mem_b"":991103001,""priority"":""2"",""node"":""kwok-node-18""},{""name"":""rs-11-p2-5qw4p"",""cpu_m"":205,""mem_b"":697816372,""priority"":""2"",""node"":""kwok-node-4""},{""name"":""rs-11-p2-hkw5v"",""cpu_m"":205,""mem_b"":697816372,""priority"":""2"",""node"":""kwok-node-32""},{""name"":""rs-11-p2-m68tx"",""cpu_m"":205,""mem_b"":697816372,""priority"":""2"",""node"":""kwok-node-3""},{""name"":""rs-11-p2-s6klc"",""cpu_m"":205,""mem_b"":697816372,""priority"":""2"",""node"":""kwok-node-31""},{""name"":""rs-12-p1-mcffw"",""cpu_m"":937,""mem_b"":329534429,""priority"":""1"",""node"":""""},{""name"":""rs-13-p4-9xddr"",""cpu_m"":224,""mem_b"":975556201,""priority"":""4"",""node"":""kwok-node-30""},{""name"":""rs-13-p4-brn9n"",""cpu_m"":224,""mem_b"":975556201,""priority"":""4"",""node"":""kwok-node-7""},{""name"":""rs-13-p4-jd5c2"",""cpu_m"":224,""mem_b"":975556201,""priority"":""4"",""node"":""kwok-node-6""},{""name"":""rs-14-p4-5t945"",""cpu_m"":809,""mem_b"":963143836,""priority"":""4"",""node"":""kwok-node-27""},{""name"":""rs-14-p4-twpdz"",""cpu_m"":809,""mem_b"":963143836,""priority"":""4"",""node"":""kwok-node-25""},{""name"":""rs-14-p4-w82jm"",""cpu_m"":809,""mem_b"":963143836,""priority"":""4"",""node"":""kwok-node-1""},{""name"":""rs-15-p1-4lxwd"",""cpu_m"":937,""mem_b"":535357068,""priority"":""1"",""node"":""""},{""name"":""rs-15-p1-54ccr"",""cpu_m"":937,""mem_b"":535357068,""priority"":""1"",""node"":""""},{""name"":""rs-15-p1-lj6m6"",""cpu_m"":937,""mem_b"":535357068,""priority"":""1"",""node"":""""},{""name"":""rs-15-p1-z6jct"",""cpu_m"":937,""mem_b"":535357068,""priority"":""1"",""node"":""""},{""name"":""rs-16-p2-h6ztn"",""cpu_m"":529,""mem_b"":606831237,""priority"":""2"",""node"":""kwok-node-4""},{""name"":""rs-16-p2-nt8tn"",""cpu_m"":529,""mem_b"":606831237,""priority"":""2"",""node"":""kwok-node-32""},{""name"":""rs-17-p3-c9tkx"",""cpu_m"":617,""mem_b"":543539809,""priority"":""3"",""node"":""kwok-node-3""},{""name"":""rs-17-p3-tdrz6"",""cpu_m"":617,""mem_b"":543539809,""priority"":""3"",""node"":""kwok-node-31""},{""name"":""rs-18-p2-vmdqd"",""cpu_m"":289,""mem_b"":918707907,""priority"":""2"",""node"":""kwok-node-28""},{""name"":""rs-19-p1-9p7gw"",""cpu_m"":369,""mem_b"":451369462,""priority"":""1"",""node"":""kwok-node-2""},{""name"":""rs-19-p1-9zm26"",""cpu_m"":369,""mem_b"":451369462,""priority"":""1"",""node"":""kwok-node-10""},{""name"":""rs-19-p1-mrctq"",""cpu_m"":369,""mem_b"":451369462,""priority"":""1"",""node"":""kwok-node-8""},{""name"":""rs-19-p1-xgk9x"",""cpu_m"":369,""mem_b"":451369462,""priority"":""1"",""node"":""kwok-node-13""},{""name"":""rs-20-p2-m4cm9"",""cpu_m"":258,""mem_b"":244210875,""priority"":""2"",""node"":""kwok-node-10""},{""name"":""rs-21-p2-52bmh"",""cpu_m"":193,""mem_b"":181993713,""priority"":""2"",""node"":""kwok-node-11""},{""name"":""rs-21-p2-dwssd"",""cpu_m"":193,""mem_b"":181993713,""priority"":""2"",""node"":""kwok-node-24""},{""name"":""rs-22-p4-fgjlw"",""cpu_m"":208,""mem_b"":309692858,""priority"":""4"",""node"":""kwok-node-5""},{""name"":""rs-22-p4-rwsqw"",""cpu_m"":208,""mem_b"":309692858,""priority"":""4"",""node"":""kwok-node-9""},{""name"":""rs-22-p4-tdhx7"",""cpu_m"":208,""mem_b"":309692858,""priority"":""4"",""node"":""kwok-node-22""},{""name"":""rs-23-p4-l4vkr"",""cpu_m"":672,""mem_b"":444074996,""priority"":""4"",""node"":""kwok-node-21""},{""name"":""rs-23-p4-lbvlt"",""cpu_m"":672,""mem_b"":444074996,""priority"":""4"",""node"":""kwok-node-7""},{""name"":""rs-23-p4-n6d8t"",""cpu_m"":672,""mem_b"":444074996,""priority"":""4"",""node"":""kwok-node-20""},{""name"":""rs-23-p4-tfbmk"",""cpu_m"":672,""mem_b"":444074996,""priority"":""4"",""node"":""kwok-node-15""},{""name"":""rs-24-p2-g6jmg"",""cpu_m"":725,""mem_b"":225286953,""priority"":""2"",""node"":""kwok-node-6""},{""name"":""rs-24-p2-vk7lp"",""cpu_m"":725,""mem_b"":225286953,""priority"":""2"",""node"":""kwok-node-30""},{""name"":""rs-24-p2-xwh7r"",""cpu_m"":725,""mem_b"":225286953,""priority"":""2"",""node"":""kwok-node-11""},{""name"":""rs-25-p2-8rmhk"",""cpu_m"":303,""mem_b"":244806700,""priority"":""2"",""node"":""kwok-node-19""},{""name"":""rs-25-p2-b9fwp"",""cpu_m"":303,""mem_b"":244806700,""priority"":""2"",""node"":""kwok-node-12""},{""name"":""rs-25-p2-g6rsb"",""cpu_m"":303,""mem_b"":244806700,""priority"":""2"",""node"":""kwok-node-16""},{""name"":""rs-26-p1-2nhnl"",""cpu_m"":452,""mem_b"":442284294,""priority"":""1"",""node"":""""},{""name"":""rs-26-p1-b4dvc"",""cpu_m"":452,""mem_b"":442284294,""priority"":""1"",""node"":""kwok-node-22""},{""name"":""rs-26-p1-nhbf8"",""cpu_m"":452,""mem_b"":442284294,""priority"":""1"",""node"":""kwok-node-1""},{""name"":""rs-26-p1-vsh4r"",""cpu_m"":452,""mem_b"":442284294,""priority"":""1"",""node"":""kwok-node-24""},{""name"":""rs-27-p3-24nk5"",""cpu_m"":396,""mem_b"":812443408,""priority"":""3"",""node"":""kwok-node-22""},{""name"":""rs-27-p3-5q8j5"",""cpu_m"":396,""mem_b"":812443408,""priority"":""3"",""node"":""kwok-node-5""},{""name"":""rs-27-p3-nhvvj"",""cpu_m"":396,""mem_b"":812443408,""priority"":""3"",""node"":""kwok-node-24""},{""name"":""rs-28-p1-6gf8w"",""cpu_m"":253,""mem_b"":171465296,""priority"":""1"",""node"":""kwok-node-2""},{""name"":""rs-28-p1-6wqs8"",""cpu_m"":253,""mem_b"":171465296,""priority"":""1"",""node"":""kwok-node-4""},{""name"":""rs-28-p1-7dkxg"",""cpu_m"":253,""mem_b"":171465296,""priority"":""1"",""node"":""kwok-node-13""},{""name"":""rs-28-p1-tv7qw"",""cpu_m"":253,""mem_b"":171465296,""priority"":""1"",""node"":""kwok-node-14""},{""name"":""rs-29-p3-72sqb"",""cpu_m"":665,""mem_b"":822916052,""priority"":""3"",""node"":""kwok-node-23""},{""name"":""rs-29-p3-7j2n2"",""cpu_m"":665,""mem_b"":822916052,""priority"":""3"",""node"":""kwok-node-9""},{""name"":""rs-29-p3-fqkkv"",""cpu_m"":665,""mem_b"":822916052,""priority"":""3"",""node"":""kwok-node-12""},{""name"":""rs-29-p3-xmst4"",""cpu_m"":665,""mem_b"":822916052,""priority"":""3"",""node"":""kwok-node-19""},{""name"":""rs-30-p3-r5qtp"",""cpu_m"":768,""mem_b"":893575937,""priority"":""3"",""node"":""kwok-node-29""},{""name"":""rs-30-p3-wzdbr"",""cpu_m"":768,""mem_b"":893575937,""priority"":""3"",""node"":""kwok-node-26""},{""name"":""rs-31-p2-2cwbh"",""cpu_m"":404,""mem_b"":454534708,""priority"":""2"",""node"":""kwok-node-18""},{""name"":""rs-31-p2-752kg"",""cpu_m"":404,""mem_b"":454534708,""priority"":""2"",""node"":""kwok-node-1""},{""name"":""rs-31-p2-c4fv9"",""cpu_m"":404,""mem_b"":454534708,""priority"":""2"",""node"":""kwok-node-31""},{""name"":""rs-31-p2-vxsr5"",""cpu_m"":404,""mem_b"":454534708,""priority"":""2"",""node"":""kwok-node-16""},{""name"":""rs-32-p2-jn4g2"",""cpu_m"":482,""mem_b"":356741996,""priority"":""2"",""node"":""kwok-node-3""},{""name"":""rs-33-p1-7znbh"",""cpu_m"":818,""mem_b"":321703063,""priority"":""1"",""node"":""""},{""name"":""rs-34-p4-bhdwp"",""cpu_m"":959,""mem_b"":793207615,""priority"":""4"",""node"":""kwok-node-14""},{""name"":""rs-34-p4-s5qxj"",""cpu_m"":959,""mem_b"":793207615,""priority"":""4"",""node"":""kwok-node-9""},{""name"":""rs-34-p4-vq9st"",""cpu_m"":959,""mem_b"":793207615,""priority"":""4"",""node"":""kwok-node-5""},{""name"":""rs-35-p3-7txnp"",""cpu_m"":382,""mem_b"":995168046,""priority"":""3"",""node"":""kwok-node-11""},{""name"":""rs-35-p3-g566j"",""cpu_m"":382,""mem_b"":995168046,""priority"":""3"",""node"":""kwok-node-23""},{""name"":""rs-35-p3-j95dj"",""cpu_m"":382,""mem_b"":995168046,""priority"":""3"",""node"":""kwok-node-2""},{""name"":""rs-35-p3-vz5p8"",""cpu_m"":382,""mem_b"":995168046,""priority"":""3"",""node"":""kwok-node-8""},{""name"":""rs-36-p4-fjccw"",""cpu_m"":121,""mem_b"":244157770,""priority"":""4"",""node"":""kwok-node-30""},{""name"":""rs-36-p4-pqghc"",""cpu_m"":121,""mem_b"":244157770,""priority"":""4"",""node"":""kwok-node-32""},{""name"":""rs-36-p4-r5j8b"",""cpu_m"":121,""mem_b"":244157770,""priority"":""4"",""node"":""kwok-node-11""},{""name"":""rs-36-p4-sq7pr"",""cpu_m"":121,""mem_b"":244157770,""priority"":""4"",""node"":""kwok-node-4""},{""name"":""rs-37-p1-b2lwz"",""cpu_m"":521,""mem_b"":855736665,""priority"":""1"",""node"":""""},{""name"":""rs-37-p1-ndgjm"",""cpu_m"":521,""mem_b"":855736665,""priority"":""1"",""node"":""""},{""name"":""rs-38-p2-4lswj"",""cpu_m"":425,""mem_b"":183730786,""priority"":""2"",""node"":""kwok-node-13""},{""name"":""rs-38-p2-q2tcj"",""cpu_m"":425,""mem_b"":183730786,""priority"":""2"",""node"":""kwok-node-6""},{""name"":""rs-38-p2-stkvn"",""cpu_m"":425,""mem_b"":183730786,""priority"":""2"",""node"":""kwok-node-10""},{""name"":""rs-38-p2-sx6rq"",""cpu_m"":425,""mem_b"":183730786,""priority"":""2"",""node"":""kwok-node-7""},{""name"":""rs-39-p3-d8rlh"",""cpu_m"":818,""mem_b"":484473964,""priority"":""3"",""node"":""kwok-node-28""},{""name"":""rs-39-p3-hf8hv"",""cpu_m"":818,""mem_b"":484473964,""priority"":""3"",""node"":""kwok-node-30""},{""name"":""rs-39-p3-mqwf7"",""cpu_m"":818,""mem_b"":484473964,""priority"":""3"",""node"":""kwok-node-13""},{""name"":""rs-39-p3-rpvhh"",""cpu_m"":818,""mem_b"":484473964,""priority"":""3"",""node"":""kwok-node-8""},{""name"":""rs-40-p2-9l5cg"",""cpu_m"":361,""mem_b"":257211259,""priority"":""2"",""node"":""kwok-node-11""},{""name"":""rs-40-p2-kmd5t"",""cpu_m"":361,""mem_b"":257211259,""priority"":""2"",""node"":""kwok-node-14""},{""name"":""rs-41-p1-dlg52"",""cpu_m"":119,""mem_b"":553597282,""priority"":""1"",""node"":""kwok-node-16""},{""name"":""rs-41-p1-l6b6f"",""cpu_m"":119,""mem_b"":553597282,""priority"":""1"",""node"":""kwok-node-25""},{""name"":""rs-42-p3-z8xxw"",""cpu_m"":116,""mem_b"":453532361,""priority"":""3"",""node"":""kwok-node-16""},{""name"":""rs-43-p3-w5c95"",""cpu_m"":924,""mem_b"":869671876,""priority"":""3"",""node"":""kwok-node-17""},{""name"":""rs-43-p3-xwffs"",""cpu_m"":924,""mem_b"":869671876,""priority"":""3"",""node"":""kwok-node-10""},{""name"":""rs-43-p3-zbf9r"",""cpu_m"":924,""mem_b"":869671876,""priority"":""3"",""node"":""kwok-node-17""},{""name"":""rs-44-p3-md989"",""cpu_m"":793,""mem_b"":237159132,""priority"":""3"",""node"":""kwok-node-4""},{""name"":""rs-45-p1-4mb8g"",""cpu_m"":362,""mem_b"":346903797,""priority"":""1"",""node"":""kwok-node-7""},{""name"":""rs-46-p4-8wwxw"",""cpu_m"":305,""mem_b"":384070425,""priority"":""4"",""node"":""kwok-node-15""},{""name"":""rs-47-p1-cln4r"",""cpu_m"":274,""mem_b"":625320877,""priority"":""1"",""node"":""kwok-node-27""},{""name"":""rs-48-p4-5ffsk"",""cpu_m"":957,""mem_b"":307084101,""priority"":""4"",""node"":""kwok-node-32""},{""name"":""rs-49-p1-9l62t"",""cpu_m"":484,""mem_b"":916756077,""priority"":""1"",""node"":""""},{""name"":""rs-50-p1-87tfb"",""cpu_m"":421,""mem_b"":483025413,""priority"":""1"",""node"":""kwok-node-21""},{""name"":""rs-50-p1-kb7gj"",""cpu_m"":421,""mem_b"":483025413,""priority"":""1"",""node"":""kwok-node-18""},{""name"":""rs-50-p1-s6v6m"",""cpu_m"":421,""mem_b"":483025413,""priority"":""1"",""node"":""kwok-node-20""},{""name"":""rs-50-p1-vn9km"",""cpu_m"":421,""mem_b"":483025413,""priority"":""1"",""node"":""kwok-node-6""}]","[{""name"":""rs-01-p1-2bptt"",""cpu_m"":366,""mem_b"":854610238,""priority"":""1"",""node"":""kwok-node-17""},{""name"":""rs-01-p1-7vskh"",""cpu_m"":366,""mem_b"":854610238,""priority"":""1"",""node"":""kwok-node-11""},{""name"":""rs-01-p1-pr9d7"",""cpu_m"":366,""mem_b"":854610238,""priority"":""1"",""node"":""kwok-node-10""},{""name"":""rs-02-p2-knzgf"",""cpu_m"":116,""mem_b"":679859671,""priority"":""2"",""node"":""kwok-node-14""},{""name"":""rs-02-p2-vr5jh"",""cpu_m"":116,""mem_b"":679859671,""priority"":""2"",""node"":""kwok-node-13""},{""name"":""rs-03-p3-9k5fb"",""cpu_m"":752,""mem_b"":954630603,""priority"":""3"",""node"":""kwok-node-15""},{""name"":""rs-03-p3-s8664"",""cpu_m"":752,""mem_b"":954630603,""priority"":""3"",""node"":""kwok-node-21""},{""name"":""rs-03-p3-v2dnq"",""cpu_m"":752,""mem_b"":954630603,""priority"":""3"",""node"":""kwok-node-20""},{""name"":""rs-04-p4-klg77"",""cpu_m"":948,""mem_b"":162199119,""priority"":""4"",""node"":""kwok-node-12""},{""name"":""rs-04-p4-m49dn"",""cpu_m"":948,""mem_b"":162199119,""priority"":""4"",""node"":""kwok-node-16""},{""name"":""rs-04-p4-xktf8"",""cpu_m"":948,""mem_b"":162199119,""priority"":""4"",""node"":""kwok-node-19""},{""name"":""rs-05-p1-9ncwx"",""cpu_m"":220,""mem_b"":165828451,""priority"":""1"",""node"":""kwok-node-1""},{""name"":""rs-05-p1-zzq8b"",""cpu_m"":220,""mem_b"":165828451,""priority"":""1"",""node"":""kwok-node-18""},{""name"":""rs-06-p3-5q2kp"",""cpu_m"":925,""mem_b"":344361414,""priority"":""3"",""node"":""kwok-node-2""},{""name"":""rs-06-p3-bdhsw"",""cpu_m"":925,""mem_b"":344361414,""priority"":""3"",""node"":""kwok-node-24""},{""name"":""rs-06-p3-sj78r"",""cpu_m"":925,""mem_b"":344361414,""priority"":""3"",""node"":""kwok-node-22""},{""name"":""rs-07-p2-jh6cw"",""cpu_m"":819,""mem_b"":159728595,""priority"":""2"",""node"":""kwok-node-28""},{""name"":""rs-07-p2-jm2gv"",""cpu_m"":819,""mem_b"":159728595,""priority"":""2"",""node"":""kwok-node-23""},{""name"":""rs-07-p2-k67v9"",""cpu_m"":819,""mem_b"":159728595,""priority"":""2"",""node"":""kwok-node-27""},{""name"":""rs-07-p2-z7j6q"",""cpu_m"":819,""mem_b"":159728595,""priority"":""2"",""node"":""kwok-node-25""},{""name"":""rs-08-p3-drn5r"",""cpu_m"":148,""mem_b"":105028331,""priority"":""3"",""node"":""kwok-node-29""},{""name"":""rs-08-p3-m4t6m"",""cpu_m"":148,""mem_b"":105028331,""priority"":""3"",""node"":""kwok-node-1""},{""name"":""rs-08-p3-mwlh5"",""cpu_m"":148,""mem_b"":105028331,""priority"":""3"",""node"":""kwok-node-26""},{""name"":""rs-09-p4-rt65q"",""cpu_m"":934,""mem_b"":846137532,""priority"":""4"",""node"":""kwok-node-29""},{""name"":""rs-09-p4-zlcw7"",""cpu_m"":934,""mem_b"":846137532,""priority"":""4"",""node"":""kwok-node-26""},{""name"":""rs-10-p2-tlvp6"",""cpu_m"":902,""mem_b"":991103001,""priority"":""2"",""node"":""kwok-node-18""},{""name"":""rs-11-p2-5qw4p"",""cpu_m"":205,""mem_b"":697816372,""priority"":""2"",""node"":""kwok-node-4""},{""name"":""rs-11-p2-hkw5v"",""cpu_m"":205,""mem_b"":697816372,""priority"":""2"",""node"":""kwok-node-32""},{""name"":""rs-11-p2-m68tx"",""cpu_m"":205,""mem_b"":697816372,""priority"":""2"",""node"":""kwok-node-3""},{""name"":""rs-11-p2-s6klc"",""cpu_m"":205,""mem_b"":697816372,""priority"":""2"",""node"":""kwok-node-31""},{""name"":""rs-12-p1-lgvsm"",""cpu_m"":937,""mem_b"":329534429,""priority"":""1"",""node"":""kwok-node-5""},{""name"":""rs-13-p4-9xddr"",""cpu_m"":224,""mem_b"":975556201,""priority"":""4"",""node"":""kwok-node-30""},{""name"":""rs-13-p4-brn9n"",""cpu_m"":224,""mem_b"":975556201,""priority"":""4"",""node"":""kwok-node-7""},{""name"":""rs-13-p4-jd5c2"",""cpu_m"":224,""mem_b"":975556201,""priority"":""4"",""node"":""kwok-node-6""},{""name"":""rs-14-p4-5t945"",""cpu_m"":809,""mem_b"":963143836,""priority"":""4"",""node"":""kwok-node-27""},{""name"":""rs-14-p4-twpdz"",""cpu_m"":809,""mem_b"":963143836,""priority"":""4"",""node"":""kwok-node-25""},{""name"":""rs-14-p4-w82jm"",""cpu_m"":809,""mem_b"":963143836,""priority"":""4"",""node"":""kwok-node-1""},{""name"":""rs-15-p1-2pld4"",""cpu_m"":937,""mem_b"":535357068,""priority"":""1"",""node"":""kwok-node-8""},{""name"":""rs-15-p1-6xm6s"",""cpu_m"":937,""mem_b"":535357068,""priority"":""1"",""node"":""kwok-node-14""},{""name"":""rs-15-p1-gqcrh"",""cpu_m"":937,""mem_b"":535357068,""priority"":""1"",""node"":""kwok-node-9""},{""name"":""rs-15-p1-lxn5k"",""cpu_m"":937,""mem_b"":535357068,""priority"":""1"",""node"":""kwok-node-13""},{""name"":""rs-16-p2-h6ztn"",""cpu_m"":529,""mem_b"":606831237,""priority"":""2"",""node"":""kwok-node-4""},{""name"":""rs-16-p2-nt8tn"",""cpu_m"":529,""mem_b"":606831237,""priority"":""2"",""node"":""kwok-node-32""},{""name"":""rs-17-p3-c9tkx"",""cpu_m"":617,""mem_b"":543539809,""priority"":""3"",""node"":""kwok-node-3""},{""name"":""rs-17-p3-tdrz6"",""cpu_m"":617,""mem_b"":543539809,""priority"":""3"",""node"":""kwok-node-31""},{""name"":""rs-18-p2-vmdqd"",""cpu_m"":289,""mem_b"":918707907,""priority"":""2"",""node"":""kwok-node-28""},{""name"":""rs-19-p1-9p7gw"",""cpu_m"":369,""mem_b"":451369462,""priority"":""1"",""node"":""kwok-node-2""},{""name"":""rs-19-p1-mrctq"",""cpu_m"":369,""mem_b"":451369462,""priority"":""1"",""node"":""kwok-node-8""},{""name"":""rs-19-p1-n5g9k"",""cpu_m"":369,""mem_b"":451369462,""priority"":""1"",""node"":""kwok-node-17""},{""name"":""rs-19-p1-zv24j"",""cpu_m"":369,""mem_b"":451369462,""priority"":""1"",""node"":""kwok-node-23""},{""name"":""rs-20-p2-m4cm9"",""cpu_m"":258,""mem_b"":244210875,""priority"":""2"",""node"":""kwok-node-10""},{""name"":""rs-21-p2-52bmh"",""cpu_m"":193,""mem_b"":181993713,""priority"":""2"",""node"":""kwok-node-11""},{""name"":""rs-21-p2-dwssd"",""cpu_m"":193,""mem_b"":181993713,""priority"":""2"",""node"":""kwok-node-24""},{""name"":""rs-22-p4-fgjlw"",""cpu_m"":208,""mem_b"":309692858,""priority"":""4"",""node"":""kwok-node-5""},{""name"":""rs-22-p4-rwsqw"",""cpu_m"":208,""mem_b"":309692858,""priority"":""4"",""node"":""kwok-node-9""},{""name"":""rs-22-p4-tdhx7"",""cpu_m"":208,""mem_b"":309692858,""priority"":""4"",""node"":""kwok-node-22""},{""name"":""rs-23-p4-l4vkr"",""cpu_m"":672,""mem_b"":444074996,""priority"":""4"",""node"":""kwok-node-21""},{""name"":""rs-23-p4-lbvlt"",""cpu_m"":672,""mem_b"":444074996,""priority"":""4"",""node"":""kwok-node-7""},{""name"":""rs-23-p4-n6d8t"",""cpu_m"":672,""mem_b"":444074996,""priority"":""4"",""node"":""kwok-node-20""},{""name"":""rs-23-p4-tfbmk"",""cpu_m"":672,""mem_b"":444074996,""priority"":""4"",""node"":""kwok-node-15""},{""name"":""rs-24-p2-g6jmg"",""cpu_m"":725,""mem_b"":225286953,""priority"":""2"",""node"":""kwok-node-6""},{""name"":""rs-24-p2-vk7lp"",""cpu_m"":725,""mem_b"":225286953,""priority"":""2"",""node"":""kwok-node-30""},{""name"":""rs-24-p2-xwh7r"",""cpu_m"":725,""mem_b"":225286953,""priority"":""2"",""node"":""kwok-node-11""},{""name"":""rs-25-p2-8rmhk"",""cpu_m"":303,""mem_b"":244806700,""priority"":""2"",""node"":""kwok-node-19""},{""name"":""rs-25-p2-b9fwp"",""cpu_m"":303,""mem_b"":244806700,""priority"":""2"",""node"":""kwok-node-12""},{""name"":""rs-25-p2-g6rsb"",""cpu_m"":303,""mem_b"":244806700,""priority"":""2"",""node"":""kwok-node-16""},{""name"":""rs-26-p1-hcnx6"",""cpu_m"":452,""mem_b"":442284294,""priority"":""1"",""node"":""kwok-node-10""},{""name"":""rs-26-p1-khpmh"",""cpu_m"":452,""mem_b"":442284294,""priority"":""1"",""node"":""kwok-node-28""},{""name"":""rs-26-p1-p6tp9"",""cpu_m"":452,""mem_b"":442284294,""priority"":""1"",""node"":""kwok-node-26""},{""name"":""rs-26-p1-q2kck"",""cpu_m"":452,""mem_b"":442284294,""priority"":""1"",""node"":""kwok-node-29""},{""name"":""rs-27-p3-24nk5"",""cpu_m"":396,""mem_b"":812443408,""priority"":""3"",""node"":""kwok-node-22""},{""name"":""rs-27-p3-5q8j5"",""cpu_m"":396,""mem_b"":812443408,""priority"":""3"",""node"":""kwok-node-5""},{""name"":""rs-27-p3-nhvvj"",""cpu_m"":396,""mem_b"":812443408,""priority"":""3"",""node"":""kwok-node-24""},{""name"":""rs-28-p1-7dkxg"",""cpu_m"":253,""mem_b"":171465296,""priority"":""1"",""node"":""kwok-node-13""},{""name"":""rs-28-p1-9gx82"",""cpu_m"":253,""mem_b"":171465296,""priority"":""1"",""node"":""kwok-node-6""},{""name"":""rs-28-p1-tv7qw"",""cpu_m"":253,""mem_b"":171465296,""priority"":""1"",""node"":""kwok-node-14""},{""name"":""rs-28-p1-z5pcc"",""cpu_m"":253,""mem_b"":171465296,""priority"":""1"",""node"":""kwok-node-30""},{""name"":""rs-29-p3-72sqb"",""cpu_m"":665,""mem_b"":822916052,""priority"":""3"",""node"":""kwok-node-23""},{""name"":""rs-29-p3-7j2n2"",""cpu_m"":665,""mem_b"":822916052,""priority"":""3"",""node"":""kwok-node-9""},{""name"":""rs-29-p3-fqkkv"",""cpu_m"":665,""mem_b"":822916052,""priority"":""3"",""node"":""kwok-node-12""},{""name"":""rs-29-p3-xmst4"",""cpu_m"":665,""mem_b"":822916052,""priority"":""3"",""node"":""kwok-node-19""},{""name"":""rs-30-p3-r5qtp"",""cpu_m"":768,""mem_b"":893575937,""priority"":""3"",""node"":""""},{""name"":""rs-30-p3-wzdbr"",""cpu_m"":768,""mem_b"":893575937,""priority"":""3"",""node"":""""},{""name"":""rs-31-p2-2cwbh"",""cpu_m"":404,""mem_b"":454534708,""priority"":""2"",""node"":""kwok-node-18""},{""name"":""rs-31-p2-752kg"",""cpu_m"":404,""mem_b"":454534708,""priority"":""2"",""node"":""kwok-node-1""},{""name"":""rs-31-p2-c4fv9"",""cpu_m"":404,""mem_b"":454534708,""priority"":""2"",""node"":""kwok-node-31""},{""name"":""rs-31-p2-vxsr5"",""cpu_m"":404,""mem_b"":454534708,""priority"":""2"",""node"":""kwok-node-16""},{""name"":""rs-32-p2-jn4g2"",""cpu_m"":482,""mem_b"":356741996,""priority"":""2"",""node"":""kwok-node-3""},{""name"":""rs-33-p1-kkt2n"",""cpu_m"":818,""mem_b"":321703063,""priority"":""1"",""node"":""kwok-node-17""},{""name"":""rs-34-p4-bhdwp"",""cpu_m"":959,""mem_b"":793207615,""priority"":""4"",""node"":""""},{""name"":""rs-34-p4-s5qxj"",""cpu_m"":959,""mem_b"":793207615,""priority"":""4"",""node"":""""},{""name"":""rs-34-p4-vq9st"",""cpu_m"":959,""mem_b"":793207615,""priority"":""4"",""node"":""""},{""name"":""rs-35-p3-7txnp"",""cpu_m"":382,""mem_b"":995168046,""priority"":""3"",""node"":""""},{""name"":""rs-35-p3-g566j"",""cpu_m"":382,""mem_b"":995168046,""priority"":""3"",""node"":""""},{""name"":""rs-35-p3-j95dj"",""cpu_m"":382,""mem_b"":995168046,""priority"":""3"",""node"":""kwok-node-2""},{""name"":""rs-35-p3-vz5p8"",""cpu_m"":382,""mem_b"":995168046,""priority"":""3"",""node"":""kwok-node-8""},{""name"":""rs-36-p4-fjccw"",""cpu_m"":121,""mem_b"":244157770,""priority"":""4"",""node"":""kwok-node-30""},{""name"":""rs-36-p4-pqghc"",""cpu_m"":121,""mem_b"":244157770,""priority"":""4"",""node"":""kwok-node-32""},{""name"":""rs-36-p4-r5j8b"",""cpu_m"":121,""mem_b"":244157770,""priority"":""4"",""node"":""kwok-node-11""},{""name"":""rs-36-p4-sq7pr"",""cpu_m"":121,""mem_b"":244157770,""priority"":""4"",""node"":""kwok-node-4""},{""name"":""rs-37-p1-b2lwz"",""cpu_m"":521,""mem_b"":855736665,""priority"":""1"",""node"":""""},{""name"":""rs-37-p1-ndgjm"",""cpu_m"":521,""mem_b"":855736665,""priority"":""1"",""node"":""""},{""name"":""rs-38-p2-4lswj"",""cpu_m"":425,""mem_b"":183730786,""priority"":""2"",""node"":""kwok-node-13""},{""name"":""rs-38-p2-q2tcj"",""cpu_m"":425,""mem_b"":183730786,""priority"":""2"",""node"":""kwok-node-6""},{""name"":""rs-38-p2-stkvn"",""cpu_m"":425,""mem_b"":183730786,""priority"":""2"",""node"":""kwok-node-10""},{""name"":""rs-38-p2-sx6rq"",""cpu_m"":425,""mem_b"":183730786,""priority"":""2"",""node"":""kwok-node-7""},{""name"":""rs-39-p3-d8rlh"",""cpu_m"":818,""mem_b"":484473964,""priority"":""3"",""node"":""""},{""name"":""rs-39-p3-hf8hv"",""cpu_m"":818,""mem_b"":484473964,""priority"":""3"",""node"":""""},{""name"":""rs-39-p3-mqwf7"",""cpu_m"":818,""mem_b"":484473964,""priority"":""3"",""node"":""""},{""name"":""rs-39-p3-rpvhh"",""cpu_m"":818,""mem_b"":484473964,""priority"":""3"",""node"":""""},{""name"":""rs-40-p2-9l5cg"",""cpu_m"":361,""mem_b"":257211259,""priority"":""2"",""node"":""kwok-node-11""},{""name"":""rs-40-p2-kmd5t"",""cpu_m"":361,""mem_b"":257211259,""priority"":""2"",""node"":""kwok-node-14""},{""name"":""rs-41-p1-blf7q"",""cpu_m"":119,""mem_b"":553597282,""priority"":""1"",""node"":""kwok-node-27""},{""name"":""rs-41-p1-l6b6f"",""cpu_m"":119,""mem_b"":553597282,""priority"":""1"",""node"":""kwok-node-25""},{""name"":""rs-42-p3-z8xxw"",""cpu_m"":116,""mem_b"":453532361,""priority"":""3"",""node"":""kwok-node-16""},{""name"":""rs-43-p3-w5c95"",""cpu_m"":924,""mem_b"":869671876,""priority"":""3"",""node"":""""},{""name"":""rs-43-p3-xwffs"",""cpu_m"":924,""mem_b"":869671876,""priority"":""3"",""node"":""""},{""name"":""rs-43-p3-zbf9r"",""cpu_m"":924,""mem_b"":869671876,""priority"":""3"",""node"":""""},{""name"":""rs-44-p3-md989"",""cpu_m"":793,""mem_b"":237159132,""priority"":""3"",""node"":""kwok-node-4""},{""name"":""rs-45-p1-97q54"",""cpu_m"":362,""mem_b"":346903797,""priority"":""1"",""node"":""kwok-node-21""},{""name"":""rs-46-p4-8wwxw"",""cpu_m"":305,""mem_b"":384070425,""priority"":""4"",""node"":""kwok-node-15""},{""name"":""rs-47-p1-7t4lf"",""cpu_m"":274,""mem_b"":625320877,""priority"":""1"",""node"":""kwok-node-24""},{""name"":""rs-48-p4-5ffsk"",""cpu_m"":957,""mem_b"":307084101,""priority"":""4"",""node"":""kwok-node-32""},{""name"":""rs-49-p1-9l62t"",""cpu_m"":484,""mem_b"":916756077,""priority"":""1"",""node"":""""},{""name"":""rs-50-p1-c87nj"",""cpu_m"":421,""mem_b"":483025413,""priority"":""1"",""node"":""kwok-node-5""},{""name"":""rs-50-p1-kn5s5"",""cpu_m"":421,""mem_b"":483025413,""priority"":""1"",""node"":""kwok-node-29""},{""name"":""rs-50-p1-nxpgb"",""cpu_m"":421,""mem_b"":483025413,""priority"":""1"",""node"":""kwok-node-26""},{""name"":""rs-50-p1-s6v6m"",""cpu_m"":421,""mem_b"":483025413,""priority"":""1"",""node"":""kwok-node-20""}]","[{""name"":""kwok-node-1"",""cap_cpu_m"":1982,""cap_mem_bytes"":1985886307},{""name"":""kwok-node-2"",""cap_cpu_m"":1982,""cap_mem_bytes"":1985886307},{""name"":""kwok-node-3"",""cap_cpu_m"":1982,""cap_mem_bytes"":1985886307},{""name"":""kwok-node-4"",""cap_cpu_m"":1982,""cap_mem_bytes"":1985886307},{""name"":""kwok-node-5"",""cap_cpu_m"":1982,""cap_mem_bytes"":1985886307},{""name"":""kwok-node-6"",""cap_cpu_m"":1982,""cap_mem_bytes"":1985886307},{""name"":""kwok-node-7"",""cap_cpu_m"":1982,""cap_mem_bytes"":1985886307},{""name"":""kwok-node-8"",""cap_cpu_m"":1982,""cap_mem_bytes"":1985886307},{""name"":""kwok-node-9"",""cap_cpu_m"":1982,""cap_mem_bytes"":1985886307},{""name"":""kwok-node-10"",""cap_cpu_m"":1982,""cap_mem_bytes"":1985886307},{""name"":""kwok-node-11"",""cap_cpu_m"":1982,""cap_mem_bytes"":1985886307},{""name"":""kwok-node-12"",""cap_cpu_m"":1982,""cap_mem_bytes"":1985886307},{""name"":""kwok-node-13"",""cap_cpu_m"":1982,""cap_mem_bytes"":1985886307},{""name"":""kwok-node-14"",""cap_cpu_m"":1982,""cap_mem_bytes"":1985886307},{""name"":""kwok-node-15"",""cap_cpu_m"":1982,""cap_mem_bytes"":1985886307},{""name"":""kwok-node-16"",""cap_cpu_m"":1982,""cap_mem_bytes"":1985886307},{""name"":""kwok-node-17"",""cap_cpu_m"":1982,""cap_mem_bytes"":1985886307},{""name"":""kwok-node-18"",""cap_cpu_m"":1982,""cap_mem_bytes"":1985886307},{""name"":""kwok-node-19"",""cap_cpu_m"":1982,""cap_mem_bytes"":1985886307},{""name"":""kwok-node-20"",""cap_cpu_m"":1982,""cap_mem_bytes"":1985886307},{""name"":""kwok-node-21"",""cap_cpu_m"":1982,""cap_mem_bytes"":1985886307},{""name"":""kwok-node-22"",""cap_cpu_m"":1982,""cap_mem_bytes"":1985886307},{""name"":""kwok-node-23"",""cap_cpu_m"":1982,""cap_mem_bytes"":1985886307},{""name"":""kwok-node-24"",""cap_cpu_m"":1982,""cap_mem_bytes"":1985886307},{""name"":""kwok-node-25"",""cap_cpu_m"":1982,""cap_mem_bytes"":1985886307},{""name"":""kwok-node-26"",""cap_cpu_m"":1982,""cap_mem_bytes"":1985886307},{""name"":""kwok-node-27"",""cap_cpu_m"":1982,""cap_mem_bytes"":1985886307},{""name"":""kwok-node-28"",""cap_cpu_m"":1982,""cap_mem_bytes"":1985886307},{""name"":""kwok-node-29"",""cap_cpu_m"":1982,""cap_mem_bytes"":1985886307},{""name"":""kwok-node-30"",""cap_cpu_m"":1982,""cap_mem_bytes"":1985886307},{""name"":""kwok-node-31"",""cap_cpu_m"":1982,""cap_mem_bytes"":1985886307},{""name"":""kwok-node-32"",""cap_cpu_m"":1982,""cap_mem_bytes"":1985886307}]"
2026/02/11/12:34:50,6469489248687525114,,"{""evicted"":0,""moved"":0,""placed_by_priority"":{""1"":37,""2"":37,""3"":16,""4"":20}}",python,"{""evicted"":0,""moved"":7,""placed_by_priority"":{""1"":37,""2"":40,""3"":20,""4"":20}}",946,FEASIBLE,"[{""duration_ms"":946,""name"":""python"",""score"":{""evicted"":0,""moved"":7,""placed_by_priority"":{""1"":37,""2"":40,""3"":20,""4"":20}},""status"":""FEASIBLE""}]",0.917,0.825,0.920,0.882,54290,48811,58662123631,56196346639,117,110,11,18,"{""kwok-node-1"":5,""kwok-node-10"":4,""kwok-node-11"":4,""kwok-node-12"":4,""kwok-node-13"":4,""kwok-node-14"":3,""kwok-node-15"":3,""kwok-node-16"":4,""kwok-node-17"":3,""kwok-node-18"":3,""kwok-node-19"":3,""kwok-node-2"":4,""kwok-node-20"":3,""kwok-node-21"":4,""kwok-node-22"":4,""kwok-node-23"":3,""kwok-node-24"":3,""kwok-node-25"":4,""kwok-node-26"":5,""kwok-node-27"":3,""kwok-node-28"":5,""kwok-node-29"":3,""kwok-node-3"":3,""kwok-node-30"":5,""kwok-node-31"":3,""kwok-node-32"":4,""kwok-node-4"":3,""kwok-node-5"":4,""kwok-node-6"":4,""kwok-node-7"":3,""kwok-node-8"":4,""kwok-node-9"":3}","{""kwok-node-1"":4,""kwok-node-10"":4,""kwok-node-11"":4,""kwok-node-12"":3,""kwok-node-13"":4,""kwok-node-14"":3,""kwok-node-15"":3,""kwok-node-16"":4,""kwok-node-17"":3,""kwok-node-18"":3,""kwok-node-19"":2,""kwok-node-2"":3,""kwok-node-20"":2,""kwok-node-21"":4,""kwok-node-22"":4,""kwok-node-23"":3,""kwok-node-24"":3,""kwok-node-25"":4,""kwok-node-26"":5,""kwok-node-27"":3,""kwok-node-28"":5,""kwok-node-29"":3,""kwok-node-3"":3,""kwok-node-30"":4,""kwok-node-31"":3,""kwok-node-32"":4,""kwok-node-4"":3,""kwok-node-5"":4,""kwok-node-6"":4,""kwok-node-7"":3,""kwok-node-8"":3,""kwok-node-9"":3}","{""p1"":37,""p2"":40,""p3"":20,""p4"":20}","{""p1"":37,""p2"":37,""p3"":16,""p4"":20}","{""p1"":11}","{""p1"":11,""p2"":3,""p3"":4}","{rs-30-p1-8rrsg,rs-30-p1-lsz52,rs-38-p1-5nhp9,rs-38-p1-682lv,rs-38-p1-7ncp9,rs-38-p1-ntbjx,rs-39-p1-kq84f,rs-39-p1-kv96c,rs-39-p1-rs9xr,rs-39-p1-xcps6,rs-42-p1-tbmgq}","{rs-30-p1-8rrsg,rs-30-p1-lsz52,rs-36-p2-5mkd9,rs-36-p2-wcpt6,rs-37-p3-fnlqm,rs-37-p3-lbxhs,rs-38-p1-5nhp9,rs-38-p1-682lv,rs-38-p1-7ncp9,rs-38-p1-ntbjx,rs-39-p1-kq84f,rs-39-p1-kv96c,rs-39-p1-rs9xr,rs-39-p1-xcps6,rs-41-p3-g746p,rs-41-p3-tfbtx,rs-42-p1-tbmgq,rs-44-p2-9rwc5}","{rs-01-p3-7ppwv,rs-01-p3-ct5lb,rs-01-p3-jc4gb,rs-01-p3-vpgdw,rs-02-p2-hwxkw,rs-02-p2-kp248,rs-02-p2-wlfnj,rs-02-p2-xxzjj,rs-03-p4-2dpbn,rs-03-p4-gff7g,rs-04-p2-wt5kl,rs-04-p2-wwrtt,rs-05-p4-vw7dt,rs-06-p1-8mzm7,rs-06-p1-hltn7,rs-06-p1-vz92q,rs-06-p1-zr77c,rs-07-p4-9znxk,rs-07-p4-h266f,rs-07-p4-rkfws,rs-08-p4-bj49l,rs-08-p4-hgzp9,rs-08-p4-mhf4q,rs-08-p4-wvvn7,rs-09-p4-br7fx,rs-09-p4-gjpkn,rs-09-p4-rkp9b,rs-10-p1-hspfb,rs-10-p1-pgzs2,rs-11-p1-9fjz2,rs-11-p1-jjgl7,rs-12-p4-nsgz8,rs-13-p1-hgpjv,rs-13-p1-j4n2z,rs-13-p1-pvd2x,rs-13-p1-qjkzm,rs-14-p1-dkwf9,rs-14-p1-sjq6g,rs-14-p1-vxcvp,rs-15-p2-cf44v,rs-15-p2-cn5vg,rs-15-p2-wm49p,rs-16-p1-fbjfm,rs-16-p1-gs7jl,rs-16-p1-kjgxc,rs-17-p1-2l7f5,rs-17-p1-6dq5h,rs-18-p2-bzcsq,rs-18-p2-n4xkj,rs-18-p2-xgvqb,rs-19-p2-9g2bc,rs-19-p2-nnkdv,rs-19-p2-qtpzf,rs-20-p2-b45gt,rs-20-p2-chsxt,rs-20-p2-lrd7f,rs-20-p2-t7n44,rs-21-p3-2mwt7,rs-21-p3-xc85f,rs-21-p3-xdglj,rs-22-p4-7v27v,rs-22-p4-g4kjn,rs-22-p4-tm2dk,rs-23-p1-4nsng,rs-24-p1-2qrqc,rs-24-p1-4nc8p,rs-24-p1-f4nvv,rs-24-p1-q9pvz,rs-25-p2-7rlkq,rs-25-p2-jpnfz,rs-25-p2-nqj44,rs-26-p1-fkhnc,rs-26-p1-mb6bx,rs-26-p1-wps9x,rs-27-p2-hnxc5,rs-27-p2-q52dr,rs-27-p2-qd78b,rs-27-p2-wslx2,rs-28-p4-6z59g,rs-28-p4-99x8v,rs-28-p4-v66g6,rs-29-p2-5hfbb,rs-29-p2-8kcpr,rs-29-p2-n4qp4,rs-29-p2-q56p5,rs-30-p1-hsxlf,rs-31-p3-klcbk,rs-31-p3-mtt7w,rs-31-p3-rntq7,rs-31-p3-v7kp6,rs-32-p2-rzkc5,rs-33-p3-9862g,rs-33-p3-9jfvz,rs-33-p3-kpcss,rs-33-p3-q2w9d,rs-34-p1-fcwsm,rs-34-p1-zzd8p,rs-35-p1-4tf2p,rs-35-p1-df6jn,rs-35-p1-f2sx4,rs-35-p1-lwj7d,rs-36-p2-5gcjc,rs-36-p2-5mkd9,rs-36-p2-wcpt6,rs-36-p2-whxk5,rs-37-p3-fnlqm,rs-37-p3-lbxhs,rs-40-p2-4dlmh,rs-40-p2-8j4rz,rs-40-p2-8wsps,rs-40-p2-p2g2f,rs-41-p3-9dlhg,rs-41-p3-g746p,rs-41-p3-tfbtx,rs-42-p1-9c6fz,rs-43-p1-4f587,rs-44-p2-9rwc5}","{rs-01-p3-7ppwv,rs-01-p3-ct5lb,rs-01-p3-jc4gb,rs-01-p3-vpgdw,rs-02-p2-hwxkw,rs-02-p2-kp248,rs-02-p2-wlfnj,rs-02-p2-xxzjj,rs-03-p4-2dpbn,rs-03-p4-gff7g,rs-04-p2-wt5kl,rs-04-p2-wwrtt,rs-05-p4-vw7dt,rs-06-p1-57l84,rs-06-p1-8mzm7,rs-06-p1-dfz6p,rs-06-p1-vz9lc,rs-07-p4-9znxk,rs-07-p4-h266f,rs-07-p4-rkfws,rs-08-p4-bj49l,rs-08-p4-hgzp9,rs-08-p4-mhf4q,rs-08-p4-wvvn7,rs-09-p4-br7fx,rs-09-p4-gjpkn,rs-09-p4-rkp9b,rs-10-p1-hspfb,rs-10-p1-pgzs2,rs-11-p1-9fjz2,rs-11-p1-jjgl7,rs-12-p4-nsgz8,rs-13-p1-hgpjv,rs-13-p1-j4n2z,rs-13-p1-pvd2x,rs-13-p1-qjkzm,rs-14-p1-knh7v,rs-14-p1-vxcvp,rs-14-p1-wzcc5,rs-15-p2-cf44v,rs-15-p2-cn5vg,rs-15-p2-wm49p,rs-16-p1-fbjfm,rs-16-p1-gs7jl,rs-16-p1-kjgxc,rs-17-p1-2l7f5,rs-17-p1-6dq5h,rs-18-p2-bzcsq,rs-18-p2-n4xkj,rs-18-p2-xgvqb,rs-19-p2-9g2bc,rs-19-p2-nnkdv,rs-19-p2-qtpzf,rs-20-p2-b45gt,rs-20-p2-chsxt,rs-20-p2-lrd7f,rs-20-p2-t7n44,rs-21-p3-2mwt7,rs-21-p3-xc85f,rs-21-p3-xdglj,rs-22-p4-7v27v,rs-22-p4-g4kjn,rs-22-p4-tm2dk,rs-23-p1-4nsng,rs-24-p1-2qrqc,rs-24-p1-4nc8p,rs-24-p1-f4nvv,rs-24-p1-q9pvz,rs-25-p2-7rlkq,rs-25-p2-jpnfz,rs-25-p2-nqj44,rs-26-p1-d5z9v,rs-26-p1-mb6bx,rs-26-p1-wps9x,rs-27-p2-hnxc5,rs-27-p2-q52dr,rs-27-p2-qd78b,rs-27-p2-wslx2,rs-28-p4-6z59g,rs-28-p4-99x8v,rs-28-p4-v66g6,rs-29-p2-5hfbb,rs-29-p2-8kcpr,rs-29-p2-n4qp4,rs-29-p2-q56p5,rs-30-p1-hsxlf,rs-31-p3-klcbk,rs-31-p3-mtt7w,rs-31-p3-rntq7,rs-31-p3-v7kp6,rs-32-p2-rzkc5,rs-33-p3-9862g,rs-33-p3-9jfvz,rs-33-p3-kpcss,rs-33-p3-q2w9d,rs-34-p1-fcwsm,rs-34-p1-vzf7m,rs-35-p1-4tf2p,rs-35-p1-df6jn,rs-35-p1-f2sx4,rs-35-p1-lwj7d,rs-36-p2-5gcjc,rs-36-p2-whxk5,rs-40-p2-4dlmh,rs-40-p2-8j4rz,rs-40-p2-8wsps,rs-40-p2-p2g2f,rs-41-p3-9dlhg,rs-42-p1-9c6fz,rs-43-p1-4f587}","[{""name"":""rs-01-p3-7ppwv"",""cpu_m"":189,""mem_b"":217125735,""priority"":""3"",""node"":""kwok-node-11""},{""name"":""rs-01-p3-ct5lb"",""cpu_m"":189,""mem_b"":217125735,""priority"":""3"",""node"":""kwok-node-16""},{""name"":""rs-01-p3-jc4gb"",""cpu_m"":189,""mem_b"":217125735,""priority"":""3"",""node"":""kwok-node-10""},{""name"":""rs-01-p3-vpgdw"",""cpu_m"":189,""mem_b"":217125735,""priority"":""3"",""node"":""kwok-node-1""},{""name"":""rs-02-p2-hwxkw"",""cpu_m"":704,""mem_b"":559544331,""priority"":""2"",""node"":""kwok-node-18""},{""name"":""rs-02-p2-kp248"",""cpu_m"":704,""mem_b"":559544331,""priority"":""2"",""node"":""kwok-node-14""},{""name"":""rs-02-p2-wlfnj"",""cpu_m"":704,""mem_b"":559544331,""priority"":""2"",""node"":""kwok-node-15""},{""name"":""rs-02-p2-xxzjj"",""cpu_m"":704,""mem_b"":559544331,""priority"":""2"",""node"":""kwok-node-17""},{""name"":""rs-03-p4-2dpbn"",""cpu_m"":466,""mem_b"":320046825,""priority"":""4"",""node"":""kwok-node-21""},{""name"":""rs-03-p4-gff7g"",""cpu_m"":466,""mem_b"":320046825,""priority"":""4"",""node"":""kwok-node-22""},{""name"":""rs-04-p2-wt5kl"",""cpu_m"":928,""mem_b"":815046061,""priority"":""2"",""node"":""kwok-node-19""},{""name"":""rs-04-p2-wwrtt"",""cpu_m"":928,""mem_b"":815046061,""priority"":""2"",""node"":""kwok-node-20""},{""name"":""rs-05-p4-vw7dt"",""cpu_m"":535,""mem_b"":622043623,""priority"":""4"",""node"":""kwok-node-2""},{""name"":""rs-06-p1-8mzm7"",""cpu_m"":192,""mem_b"":307880775,""priority"":""1"",""node"":""kwok-node-13""},{""name"":""rs-06-p1-hltn7"",""cpu_m"":192,""mem_b"":307880775,""priority"":""1"",""node"":""kwok-node-8""},{""name"":""rs-06-p1-vz92q"",""cpu_m"":192,""mem_b"":307880775,""priority"":""1"",""node"":""kwok-node-19""},{""name"":""rs-06-p1-zr77c"",""cpu_m"":192,""mem_b"":307880775,""priority"":""1"",""node"":""kwok-node-20""},{""name"":""rs-07-p4-9znxk"",""cpu_m"":276,""mem_b"":139617567,""priority"":""4"",""node"":""kwok-node-25""},{""name"":""rs-07-p4-h266f"",""cpu_m"":276,""mem_b"":139617567,""priority"":""4"",""node"":""kwok-node-26""},{""name"":""rs-07-p4-rkfws"",""cpu_m"":276,""mem_b"":139617567,""priority"":""4"",""node"":""kwok-node-28""},{""name"":""rs-08-p4-bj49l"",""cpu_m"":670,""mem_b"":315581782,""priority"":""4"",""node"":""kwok-node-27""},{""name"":""rs-08-p4-hgzp9"",""cpu_m"":670,""mem_b"":315581782,""priority"":""4"",""node"":""kwok-node-3""},{""name"":""rs-08-p4-mhf4q"",""cpu_m"":670,""mem_b"":315581782,""priority"":""4"",""node"":""kwok-node-29""},{""name"":""rs-08-p4-wvvn7"",""cpu_m"":670,""mem_b"":315581782,""priority"":""4"",""node"":""kwok-node-24""},{""name"":""rs-09-p4-br7fx"",""cpu_m"":712,""mem_b"":326161410,""priority"":""4"",""node"":""kwok-node-13""},{""name"":""rs-09-p4-gjpkn"",""cpu_m"":712,""mem_b"":326161410,""priority"":""4"",""node"":""kwok-node-30""},{""name"":""rs-09-p4-rkp9b"",""cpu_m"":712,""mem_b"":326161410,""priority"":""4"",""node"":""kwok-node-1""},{""name"":""rs-10-p1-hspfb"",""cpu_m"":294,""mem_b"":193115180,""priority"":""1"",""node"":""kwok-node-16""},{""name"":""rs-10-p1-pgzs2"",""cpu_m"":294,""mem_b"":193115180,""priority"":""1"",""node"":""kwok-node-10""},{""name"":""rs-11-p1-9fjz2"",""cpu_m"":481,""mem_b"":415554634,""priority"":""1"",""node"":""kwok-node-12""},{""name"":""rs-11-p1-jjgl7"",""cpu_m"":481,""mem_b"":415554634,""priority"":""1"",""node"":""kwok-node-23""},{""name"":""rs-12-p4-nsgz8"",""cpu_m"":229,""mem_b"":546809737,""priority"":""4"",""node"":""kwok-node-31""},{""name"":""rs-13-p1-hgpjv"",""cpu_m"":374,""mem_b"":755872541,""priority"":""1"",""node"":""kwok-node-8""},{""name"":""rs-13-p1-j4n2z"",""cpu_m"":374,""mem_b"":755872541,""priority"":""1"",""node"":""kwok-node-5""},{""name"":""rs-13-p1-pvd2x"",""cpu_m"":374,""mem_b"":755872541,""priority"":""1"",""node"":""kwok-node-32""},{""name"":""rs-13-p1-qjkzm"",""cpu_m"":374,""mem_b"":755872541,""priority"":""1"",""node"":""kwok-node-6""},{""name"":""rs-14-p1-dkwf9"",""cpu_m"":575,""mem_b"":335655031,""priority"":""1"",""node"":""kwok-node-2""},{""name"":""rs-14-p1-sjq6g"",""cpu_m"":575,""mem_b"":335655031,""priority"":""1"",""node"":""kwok-node-30""},{""name"":""rs-14-p1-vxcvp"",""cpu_m"":575,""mem_b"":335655031,""priority"":""1"",""node"":""kwok-node-4""},{""name"":""rs-15-p2-cf44v"",""cpu_m"":161,""mem_b"":788684365,""priority"":""2"",""node"":""kwok-node-26""},{""name"":""rs-15-p2-cn5vg"",""cpu_m"":161,""mem_b"":788684365,""priority"":""2"",""node"":""kwok-node-28""},{""name"":""rs-15-p2-wm49p"",""cpu_m"":161,""mem_b"":788684365,""priority"":""2"",""node"":""kwok-node-25""},{""name"":""rs-16-p1-fbjfm"",""cpu_m"":307,""mem_b"":590967872,""priority"":""1"",""node"":""kwok-node-21""},{""name"":""rs-16-p1-gs7jl"",""cpu_m"":307,""mem_b"":590967872,""priority"":""1"",""node"":""kwok-node-9""},{""name"":""rs-16-p1-kjgxc"",""cpu_m"":307,""mem_b"":590967872,""priority"":""1"",""node"":""kwok-node-22""},{""name"":""rs-17-p1-2l7f5"",""cpu_m"":144,""mem_b"":997009306,""priority"":""1"",""node"":""kwok-node-27""},{""name"":""rs-17-p1-6dq5h"",""cpu_m"":144,""mem_b"":997009306,""priority"":""1"",""node"":""kwok-node-3""},{""name"":""rs-18-p2-bzcsq"",""cpu_m"":423,""mem_b"":622807487,""priority"":""2"",""node"":""kwok-node-4""},{""name"":""rs-18-p2-n4xkj"",""cpu_m"":423,""mem_b"":622807487,""priority"":""2"",""node"":""kwok-node-16""},{""name"":""rs-18-p2-xgvqb"",""cpu_m"":423,""mem_b"":622807487,""priority"":""2"",""node"":""kwok-node-10""},{""name"":""rs-19-p2-9g2bc"",""cpu_m"":181,""mem_b"":830020608,""priority"":""2"",""node"":""kwok-node-29""},{""name"":""rs-19-p2-nnkdv"",""cpu_m"":181,""mem_b"":830020608,""priority"":""2"",""node"":""kwok-node-30""},{""name"":""rs-19-p2-qtpzf"",""cpu_m"":181,""mem_b"":830020608,""priority"":""2"",""node"":""kwok-node-24""},{""name"":""rs-20-p2-b45gt"",""cpu_m"":494,""mem_b"":765378046,""priority"":""2"",""node"":""kwok-node-7""},{""name"":""rs-20-p2-chsxt"",""cpu_m"":494,""mem_b"":765378046,""priority"":""2"",""node"":""kwok-node-15""},{""name"":""rs-20-p2-lrd7f"",""cpu_m"":494,""mem_b"":765378046,""priority"":""2"",""node"":""kwok-node-18""},{""name"":""rs-20-p2-t7n44"",""cpu_m"":494,""mem_b"":765378046,""priority"":""2"",""node"":""kwok-node-11""},{""name"":""rs-21-p3-2mwt7"",""cpu_m"":756,""mem_b"":402683639,""priority"":""3"",""node"":""kwok-node-32""},{""name"":""rs-21-p3-xc85f"",""cpu_m"":756,""mem_b"":402683639,""priority"":""3"",""node"":""kwok-node-31""},{""name"":""rs-21-p3-xdglj"",""cpu_m"":756,""mem_b"":402683639,""priority"":""3"",""node"":""kwok-node-8""},{""name"":""rs-22-p4-7v27v"",""cpu_m"":258,""mem_b"":125983865,""priority"":""4"",""node"":""kwok-node-6""},{""name"":""rs-22-p4-g4kjn"",""cpu_m"":258,""mem_b"":125983865,""priority"":""4"",""node"":""kwok-node-2""},{""name"":""rs-22-p4-tm2dk"",""cpu_m"":258,""mem_b"":125983865,""priority"":""4"",""node"":""kwok-node-5""},{""name"":""rs-23-p1-4nsng"",""cpu_m"":778,""mem_b"":332572842,""priority"":""1"",""node"":""kwok-node-26""},{""name"":""rs-24-p1-2qrqc"",""cpu_m"":151,""mem_b"":928787763,""priority"":""1"",""node"":""kwok-node-14""},{""name"":""rs-24-p1-4nc8p"",""cpu_m"":151,""mem_b"":928787763,""priority"":""1"",""node"":""kwok-node-1""},{""name"":""rs-24-p1-f4nvv"",""cpu_m"":151,""mem_b"":928787763,""priority"":""1"",""node"":""kwok-node-13""},{""name"":""rs-24-p1-q9pvz"",""cpu_m"":151,""mem_b"":928787763,""priority"":""1"",""node"":""kwok-node-17""},{""name"":""rs-25-p2-7rlkq"",""cpu_m"":307,""mem_b"":864476062,""priority"":""2"",""node"":""kwok-node-2""},{""name"":""rs-25-p2-jpnfz"",""cpu_m"":307,""mem_b"":864476062,""priority"":""2"",""node"":""kwok-node-12""},{""name"":""rs-25-p2-nqj44"",""cpu_m"":307,""mem_b"":864476062,""priority"":""2"",""node"":""kwok-node-23""},{""name"":""rs-26-p1-fkhnc"",""cpu_m"":429,""mem_b"":185194615,""priority"":""1"",""node"":""kwok-node-1""},{""name"":""rs-26-p1-mb6bx"",""cpu_m"":429,""mem_b"":185194615,""priority"":""1"",""node"":""kwok-node-28""},{""name"":""rs-26-p1-wps9x"",""cpu_m"":429,""mem_b"":185194615,""priority"":""1"",""node"":""kwok-node-25""},{""name"":""rs-27-p2-hnxc5"",""cpu_m"":626,""mem_b"":139039696,""priority"":""2"",""node"":""kwok-node-21""},{""name"":""rs-27-p2-q52dr"",""cpu_m"":626,""mem_b"":139039696,""priority"":""2"",""node"":""kwok-node-27""},{""name"":""rs-27-p2-qd78b"",""cpu_m"":626,""mem_b"":139039696,""priority"":""2"",""node"":""kwok-node-22""},{""name"":""rs-27-p2-wslx2"",""cpu_m"":626,""mem_b"":139039696,""priority"":""2"",""node"":""kwok-node-6""},{""name"":""rs-28-p4-6z59g"",""cpu_m"":571,""mem_b"":821581306,""priority"":""4"",""node"":""kwok-node-9""},{""name"":""rs-28-p4-99x8v"",""cpu_m"":571,""mem_b"":821581306,""priority"":""4"",""node"":""kwok-node-19""},{""name"":""rs-28-p4-v66g6"",""cpu_m"":571,""mem_b"":821581306,""priority"":""4"",""node"":""kwok-node-20""},{""name"":""rs-29-p2-5hfbb"",""cpu_m"":554,""mem_b"":821661119,""priority"":""2"",""node"":""kwok-node-31""},{""name"":""rs-29-p2-8kcpr"",""cpu_m"":554,""mem_b"":821661119,""priority"":""2"",""node"":""kwok-node-4""},{""name"":""rs-29-p2-n4qp4"",""cpu_m"":554,""mem_b"":821661119,""priority"":""2"",""node"":""kwok-node-16""},{""name"":""rs-29-p2-q56p5"",""cpu_m"":554,""mem_b"":821661119,""priority"":""2"",""node"":""kwok-node-10""},{""name"":""rs-30-p1-8rrsg"",""cpu_m"":519,""mem_b"":959102117,""priority"":""1"",""node"":""""},{""name"":""rs-30-p1-hsxlf"",""cpu_m"":519,""mem_b"":959102117,""priority"":""1"",""node"":""kwok-node-6""},{""name"":""rs-30-p1-lsz52"",""cpu_m"":519,""mem_b"":959102117,""priority"":""1"",""node"":""""},{""name"":""rs-31-p3-klcbk"",""cpu_m"":160,""mem_b"":764817901,""priority"":""3"",""node"":""kwok-node-22""},{""name"":""rs-31-p3-mtt7w"",""cpu_m"":160,""mem_b"":764817901,""priority"":""3"",""node"":""kwok-node-5""},{""name"":""rs-31-p3-rntq7"",""cpu_m"":160,""mem_b"":764817901,""priority"":""3"",""node"":""kwok-node-7""},{""name"":""rs-31-p3-v7kp6"",""cpu_m"":160,""mem_b"":764817901,""priority"":""3"",""node"":""kwok-node-21""},{""name"":""rs-32-p2-rzkc5"",""cpu_m"":316,""mem_b"":413398351,""priority"":""2"",""node"":""kwok-node-28""},{""name"":""rs-33-p3-9862g"",""cpu_m"":979,""mem_b"":574915140,""priority"":""3"",""node"":""kwok-node-3""},{""name"":""rs-33-p3-9jfvz"",""cpu_m"":979,""mem_b"":574915140,""priority"":""3"",""node"":""kwok-node-24""},{""name"":""rs-33-p3-kpcss"",""cpu_m"":979,""mem_b"":574915140,""priority"":""3"",""node"":""kwok-node-25""},{""name"":""rs-33-p3-q2w9d"",""cpu_m"":979,""mem_b"":574915140,""priority"":""3"",""node"":""kwok-node-29""},{""name"":""rs-34-p1-fcwsm"",""cpu_m"":276,""mem_b"":228091932,""priority"":""1"",""node"":""kwok-node-30""},{""name"":""rs-34-p1-zzd8p"",""cpu_m"":276,""mem_b"":228091932,""priority"":""1"",""node"":""kwok-node-12""},{""name"":""rs-35-p1-4tf2p"",""cpu_m"":495,""mem_b"":472577017,""priority"":""1"",""node"":""kwok-node-11""},{""name"":""rs-35-p1-df6jn"",""cpu_m"":495,""mem_b"":472577017,""priority"":""1"",""node"":""kwok-node-15""},{""name"":""rs-35-p1-f2sx4"",""cpu_m"":495,""mem_b"":472577017,""priority"":""1"",""node"":""kwok-node-18""},{""name"":""rs-35-p1-lwj7d"",""cpu_m"":495,""mem_b"":472577017,""priority"":""1"",""node"":""kwok-node-8""},{""name"":""rs-36-p2-5gcjc"",""cpu_m"":905,""mem_b"":373642027,""priority"":""2"",""node"":""kwok-node-14""},{""name"":""rs-36-p2-5mkd9"",""cpu_m"":905,""mem_b"":373642027,""priority"":""2"",""node"":""kwok-node-23""},{""name"":""rs-36-p2-wcpt6"",""cpu_m"":905,""mem_b"":373642027,""priority"":""2"",""node"":""kwok-node-7""},{""name"":""rs-36-p2-whxk5"",""cpu_m"":905,""mem_b"":373642027,""priority"":""2"",""node"":""kwok-node-17""},{""name"":""rs-37-p3-fnlqm"",""cpu_m"":960,""mem_b"":181748313,""priority"":""3"",""node"":""kwok-node-5""},{""name"":""rs-37-p3-lbxhs"",""cpu_m"":960,""mem_b"":181748313,""priority"":""3"",""node"":""kwok-node-9""},{""name"":""rs-38-p1-5nhp9"",""cpu_m"":856,""mem_b"":675694554,""priority"":""1"",""node"":""""},{""name"":""rs-38-p1-682lv"",""cpu_m"":856,""mem_b"":675694554,""priority"":""1"",""node"":""""},{""name"":""rs-38-p1-7ncp9"",""cpu_m"":856,""mem_b"":675694554,""priority"":""1"",""node"":""""},{""name"":""rs-38-p1-ntbjx"",""cpu_m"":856,""mem_b"":675694554,""priority"":""1"",""node"":""""},{""name"":""rs-39-p1-kq84f"",""cpu_m"":663,""mem_b"":801737734,""priority"":""1"",""node"":""""},{""name"":""rs-39-p1-kv96c"",""cpu_m"":663,""mem_b"":801737734,""priority"":""1"",""node"":""""},{""name"":""rs-39-p1-rs9xr"",""cpu_m"":663,""mem_b"":801737734,""priority"":""1"",""node"":""""},{""name"":""rs-39-p1-xcps6"",""cpu_m"":663,""mem_b"":801737734,""priority"":""1"",""node"":""""},{""name"":""rs-40-p2-4dlmh"",""cpu_m"":101,""mem_b"":201028391,""priority"":""2"",""node"":""kwok-node-32""},{""name"":""rs-40-p2-8j4rz"",""cpu_m"":101,""mem_b"":201028391,""priority"":""2"",""node"":""kwok-node-26""},{""name"":""rs-40-p2-8wsps"",""cpu_m"":101,""mem_b"":201028391,""priority"":""2"",""node"":""kwok-node-30""},{""name"":""rs-40-p2-p2g2f"",""cpu_m"":101,""mem_b"":201028391,""priority"":""2"",""node"":""kwok-node-1""},{""name"":""rs-41-p3-9dlhg"",""cpu_m"":628,""mem_b"":435322248,""priority"":""3"",""node"":""kwok-node-28""},{""name"":""rs-41-p3-g746p"",""cpu_m"":628,""mem_b"":435322248,""priority"":""3"",""node"":""kwok-node-11""},{""name"":""rs-41-p3-tfbtx"",""cpu_m"":628,""mem_b"":435322248,""priority"":""3"",""node"":""kwok-node-12""},{""name"":""rs-42-p1-9c6fz"",""cpu_m"":739,""mem_b"":427847740,""priority"":""1"",""node"":""kwok-node-13""},{""name"":""rs-42-p1-tbmgq"",""cpu_m"":739,""mem_b"":427847740,""priority"":""1"",""node"":""""},{""name"":""rs-43-p1-4f587"",""cpu_m"":455,""mem_b"":375895622,""priority"":""1"",""node"":""kwok-node-26""},{""name"":""rs-44-p2-9rwc5"",""cpu_m"":493,""mem_b"":484351816,""priority"":""2"",""node"":""kwok-node-32""}]","[{""name"":""rs-01-p3-7ppwv"",""cpu_m"":189,""mem_b"":217125735,""priority"":""3"",""node"":""kwok-node-11""},{""name"":""rs-01-p3-ct5lb"",""cpu_m"":189,""mem_b"":217125735,""priority"":""3"",""node"":""kwok-node-16""},{""name"":""rs-01-p3-jc4gb"",""cpu_m"":189,""mem_b"":217125735,""priority"":""3"",""node"":""kwok-node-10""},{""name"":""rs-01-p3-vpgdw"",""cpu_m"":189,""mem_b"":217125735,""priority"":""3"",""node"":""kwok-node-1""},{""name"":""rs-02-p2-hwxkw"",""cpu_m"":704,""mem_b"":559544331,""priority"":""2"",""node"":""kwok-node-18""},{""name"":""rs-02-p2-kp248"",""cpu_m"":704,""mem_b"":559544331,""priority"":""2"",""node"":""kwok-node-14""},{""name"":""rs-02-p2-wlfnj"",""cpu_m"":704,""mem_b"":559544331,""priority"":""2"",""node"":""kwok-node-15""},{""name"":""rs-02-p2-xxzjj"",""cpu_m"":704,""mem_b"":559544331,""priority"":""2"",""node"":""kwok-node-17""},{""name"":""rs-03-p4-2dpbn"",""cpu_m"":466,""mem_b"":320046825,""priority"":""4"",""node"":""kwok-node-21""},{""name"":""rs-03-p4-gff7g"",""cpu_m"":466,""mem_b"":320046825,""priority"":""4"",""node"":""kwok-node-22""},{""name"":""rs-04-p2-wt5kl"",""cpu_m"":928,""mem_b"":815046061,""priority"":""2"",""node"":""kwok-node-19""},{""name"":""rs-04-p2-wwrtt"",""cpu_m"":928,""mem_b"":815046061,""priority"":""2"",""node"":""kwok-node-20""},{""name"":""rs-05-p4-vw7dt"",""cpu_m"":535,""mem_b"":622043623,""priority"":""4"",""node"":""kwok-node-2""},{""name"":""rs-06-p1-57l84"",""cpu_m"":192,""mem_b"":307880775,""priority"":""1"",""node"":""kwok-node-23""},{""name"":""rs-06-p1-8mzm7"",""cpu_m"":192,""mem_b"":307880775,""priority"":""1"",""node"":""kwok-node-13""},{""name"":""rs-06-p1-dfz6p"",""cpu_m"":192,""mem_b"":307880775,""priority"":""1"",""node"":""kwok-node-12""},{""name"":""rs-06-p1-vz9lc"",""cpu_m"":192,""mem_b"":307880775,""priority"":""1"",""node"":""kwok-node-11""},{""name"":""rs-07-p4-9znxk"",""cpu_m"":276,""mem_b"":139617567,""priority"":""4"",""node"":""kwok-node-25""},{""name"":""rs-07-p4-h266f"",""cpu_m"":276,""mem_b"":139617567,""priority"":""4"",""node"":""kwok-node-26""},{""name"":""rs-07-p4-rkfws"",""cpu_m"":276,""mem_b"":139617567,""priority"":""4"",""node"":""kwok-node-28""},{""name"":""rs-08-p4-bj49l"",""cpu_m"":670,""mem_b"":315581782,""priority"":""4"",""node"":""kwok-node-27""},{""name"":""rs-08-p4-hgzp9"",""cpu_m"":670,""mem_b"":315581782,""priority"":""4"",""node"":""kwok-node-3""},{""name"":""rs-08-p4-mhf4q"",""cpu_m"":670,""mem_b"":315581782,""priority"":""4"",""node"":""kwok-node-29""},{""name"":""rs-08-p4-wvvn7"",""cpu_m"":670,""mem_b"":315581782,""priority"":""4"",""node"":""kwok-node-24""},{""name"":""rs-09-p4-br7fx"",""cpu_m"":712,""mem_b"":326161410,""priority"":""4"",""node"":""kwok-node-13""},{""name"":""rs-09-p4-gjpkn"",""cpu_m"":712,""mem_b"":326161410,""priority"":""4"",""node"":""kwok-node-30""},{""name"":""rs-09-p4-rkp9b"",""cpu_m"":712,""mem_b"":326161410,""priority"":""4"",""node"":""kwok-node-1""},{""name"":""rs-10-p1-hspfb"",""cpu_m"":294,""mem_b"":193115180,""priority"":""1"",""node"":""kwok-node-16""},{""name"":""rs-10-p1-pgzs2"",""cpu_m"":294,""mem_b"":193115180,""priority"":""1"",""node"":""kwok-node-10""},{""name"":""rs-11-p1-9fjz2"",""cpu_m"":481,""mem_b"":415554634,""priority"":""1"",""node"":""kwok-node-12""},{""name"":""rs-11-p1-jjgl7"",""cpu_m"":481,""mem_b"":415554634,""priority"":""1"",""node"":""kwok-node-23""},{""name"":""rs-12-p4-nsgz8"",""cpu_m"":229,""mem_b"":546809737,""priority"":""4"",""node"":""kwok-node-31""},{""name"":""rs-13-p1-hgpjv"",""cpu_m"":374,""mem_b"":755872541,""priority"":""1"",""node"":""kwok-node-8""},{""name"":""rs-13-p1-j4n2z"",""cpu_m"":374,""mem_b"":755872541,""priority"":""1"",""node"":""kwok-node-5""},{""name"":""rs-13-p1-pvd2x"",""cpu_m"":374,""mem_b"":755872541,""priority"":""1"",""node"":""kwok-node-32""},{""name"":""rs-13-p1-qjkzm"",""cpu_m"":374,""mem_b"":755872541,""priority"":""1"",""node"":""kwok-node-6""},{""name"":""rs-14-p1-knh7v"",""cpu_m"":575,""mem_b"":335655031,""priority"":""1"",""node"":""kwok-node-9""},{""name"":""rs-14-p1-vxcvp"",""cpu_m"":575,""mem_b"":335655031,""priority"":""1"",""node"":""kwok-node-4""},{""name"":""rs-14-p1-wzcc5"",""cpu_m"":575,""mem_b"":335655031,""priority"":""1"",""node"":""kwok-node-7""},{""name"":""rs-15-p2-cf44v"",""cpu_m"":161,""mem_b"":788684365,""priority"":""2"",""node"":""kwok-node-26""},{""name"":""rs-15-p2-cn5vg"",""cpu_m"":161,""mem_b"":788684365,""priority"":""2"",""node"":""kwok-node-28""},{""name"":""rs-15-p2-wm49p"",""cpu_m"":161,""mem_b"":788684365,""priority"":""2"",""node"":""kwok-node-25""},{""name"":""rs-16-p1-fbjfm"",""cpu_m"":307,""mem_b"":590967872,""priority"":""1"",""node"":""kwok-node-21""},{""name"":""rs-16-p1-gs7jl"",""cpu_m"":307,""mem_b"":590967872,""priority"":""1"",""node"":""kwok-node-9""},{""name"":""rs-16-p1-kjgxc"",""cpu_m"":307,""mem_b"":590967872,""priority"":""1"",""node"":""kwok-node-22""},{""name"":""rs-17-p1-2l7f5"",""cpu_m"":144,""mem_b"":997009306,""priority"":""1"",""node"":""kwok-node-27""},{""name"":""rs-17-p1-6dq5h"",""cpu_m"":144,""mem_b"":997009306,""priority"":""1"",""node"":""kwok-node-3""},{""name"":""rs-18-p2-bzcsq"",""cpu_m"":423,""mem_b"":622807487,""priority"":""2"",""node"":""kwok-node-4""},{""name"":""rs-18-p2-n4xkj"",""cpu_m"":423,""mem_b"":622807487,""priority"":""2"",""node"":""kwok-node-16""},{""name"":""rs-18-p2-xgvqb"",""cpu_m"":423,""mem_b"":622807487,""priority"":""2"",""node"":""kwok-node-10""},{""name"":""rs-19-p2-9g2bc"",""cpu_m"":181,""mem_b"":830020608,""priority"":""2"",""node"":""kwok-node-29""},{""name"":""rs-19-p2-nnkdv"",""cpu_m"":181,""mem_b"":830020608,""priority"":""2"",""node"":""kwok-node-30""},{""name"":""rs-19-p2-qtpzf"",""cpu_m"":181,""mem_b"":830020608,""priority"":""2"",""node"":""kwok-node-24""},{""name"":""rs-20-p2-b45gt"",""cpu_m"":494,""mem_b"":765378046,""priority"":""2"",""node"":""kwok-node-7""},{""name"":""rs-20-p2-chsxt"",""cpu_m"":494,""mem_b"":765378046,""priority"":""2"",""node"":""kwok-node-15""},{""name"":""rs-20-p2-lrd7f"",""cpu_m"":494,""mem_b"":765378046,""priority"":""2"",""node"":""kwok-node-18""},{""name"":""rs-20-p2-t7n44"",""cpu_m"":494,""mem_b"":765378046,""priority"":""2"",""node"":""kwok-node-11""},{""name"":""rs-21-p3-2mwt7"",""cpu_m"":756,""mem_b"":402683639,""priority"":""3"",""node"":""kwok-node-32""},{""name"":""rs-21-p3-xc85f"",""cpu_m"":756,""mem_b"":402683639,""priority"":""3"",""node"":""kwok-node-31""},{""name"":""rs-21-p3-xdglj"",""cpu_m"":756,""mem_b"":402683639,""priority"":""3"",""node"":""kwok-node-8""},{""name"":""rs-22-p4-7v27v"",""cpu_m"":258,""mem_b"":125983865,""priority"":""4"",""node"":""kwok-node-6""},{""name"":""rs-22-p4-g4kjn"",""cpu_m"":258,""mem_b"":125983865,""priority"":""4"",""node"":""kwok-node-2""},{""name"":""rs-22-p4-tm2dk"",""cpu_m"":258,""mem_b"":125983865,""priority"":""4"",""node"":""kwok-node-5""},{""name"":""rs-23-p1-4nsng"",""cpu_m"":778,""mem_b"":332572842,""priority"":""1"",""node"":""kwok-node-26""},{""name"":""rs-24-p1-2qrqc"",""cpu_m"":151,""mem_b"":928787763,""priority"":""1"",""node"":""kwok-node-14""},{""name"":""rs-24-p1-4nc8p"",""cpu_m"":151,""mem_b"":928787763,""priority"":""1"",""node"":""kwok-node-1""},{""name"":""rs-24-p1-f4nvv"",""cpu_m"":151,""mem_b"":928787763,""priority"":""1"",""node"":""kwok-node-13""},{""name"":""rs-24-p1-q9pvz"",""cpu_m"":151,""mem_b"":928787763,""priority"":""1"",""node"":""kwok-node-17""},{""name"":""rs-25-p2-7rlkq"",""cpu_m"":307,""mem_b"":864476062,""priority"":""2"",""node"":""kwok-node-2""},{""name"":""rs-25-p2-jpnfz"",""cpu_m"":307,""mem_b"":864476062,""priority"":""2"",""node"":""kwok-node-12""},{""name"":""rs-25-p2-nqj44"",""cpu_m"":307,""mem_b"":864476062,""priority"":""2"",""node"":""kwok-node-23""},{""name"":""rs-26-p1-d5z9v"",""cpu_m"":429,""mem_b"":185194615,""priority"":""1"",""node"":""kwok-node-5""},{""name"":""rs-26-p1-mb6bx"",""cpu_m"":429,""mem_b"":185194615,""priority"":""1"",""node"":""kwok-node-28""},{""name"":""rs-26-p1-wps9x"",""cpu_m"":429,""mem_b"":185194615,""priority"":""1"",""node"":""kwok-node-25""},{""name"":""rs-27-p2-hnxc5"",""cpu_m"":626,""mem_b"":139039696,""priority"":""2"",""node"":""kwok-node-21""},{""name"":""rs-27-p2-q52dr"",""cpu_m"":626,""mem_b"":139039696,""priority"":""2"",""node"":""kwok-node-27""},{""name"":""rs-27-p2-qd78b"",""cpu_m"":626,""mem_b"":139039696,""priority"":""2"",""node"":""kwok-node-22""},{""name"":""rs-27-p2-wslx2"",""cpu_m"":626,""mem_b"":139039696,""priority"":""2"",""node"":""kwok-node-6""},{""name"":""rs-28-p4-6z59g"",""cpu_m"":571,""mem_b"":821581306,""priority"":""4"",""node"":""kwok-node-9""},{""name"":""rs-28-p4-99x8v"",""cpu_m"":571,""mem_b"":821581306,""priority"":""4"",""node"":""kwok-node-19""},{""name"":""rs-28-p4-v66g6"",""cpu_m"":571,""mem_b"":821581306,""priority"":""4"",""node"":""kwok-node-20""},{""name"":""rs-29-p2-5hfbb"",""cpu_m"":554,""mem_b"":821661119,""priority"":""2"",""node"":""kwok-node-31""},{""name"":""rs-29-p2-8kcpr"",""cpu_m"":554,""mem_b"":821661119,""priority"":""2"",""node"":""kwok-node-4""},{""name"":""rs-29-p2-n4qp4"",""cpu_m"":554,""mem_b"":821661119,""priority"":""2"",""node"":""kwok-node-16""},{""name"":""rs-29-p2-q56p5"",""cpu_m"":554,""mem_b"":821661119,""priority"":""2"",""node"":""kwok-node-10""},{""name"":""rs-30-p1-8rrsg"",""cpu_m"":519,""mem_b"":959102117,""priority"":""1"",""node"":""""},{""name"":""rs-30-p1-hsxlf"",""cpu_m"":519,""mem_b"":959102117,""priority"":""1"",""node"":""kwok-node-6""},{""name"":""rs-30-p1-lsz52"",""cpu_m"":519,""mem_b"":959102117,""priority"":""1"",""node"":""""},{""name"":""rs-31-p3-klcbk"",""cpu_m"":160,""mem_b"":764817901,""priority"":""3"",""node"":""kwok-node-22""},{""name"":""rs-31-p3-mtt7w"",""cpu_m"":160,""mem_b"":764817901,""priority"":""3"",""node"":""kwok-node-5""},{""name"":""rs-31-p3-rntq7"",""cpu_m"":160,""mem_b"":764817901,""priority"":""3"",""node"":""kwok-node-7""},{""name"":""rs-31-p3-v7kp6"",""cpu_m"":160,""mem_b"":764817901,""priority"":""3"",""node"":""kwok-node-21""},{""name"":""rs-32-p2-rzkc5"",""cpu_m"":316,""mem_b"":413398351,""priority"":""2"",""node"":""kwok-node-28""},{""name"":""rs-33-p3-9862g"",""cpu_m"":979,""mem_b"":574915140,""priority"":""3"",""node"":""kwok-node-3""},{""name"":""rs-33-p3-9jfvz"",""cpu_m"":979,""mem_b"":574915140,""priority"":""3"",""node"":""kwok-node-24""},{""name"":""rs-33-p3-kpcss"",""cpu_m"":979,""mem_b"":574915140,""priority"":""3"",""node"":""kwok-node-25""},{""name"":""rs-33-p3-q2w9d"",""cpu_m"":979,""mem_b"":574915140,""priority"":""3"",""node"":""kwok-node-29""},{""name"":""rs-34-p1-fcwsm"",""cpu_m"":276,""mem_b"":228091932,""priority"":""1"",""node"":""kwok-node-30""},{""name"":""rs-34-p1-vzf7m"",""cpu_m"":276,""mem_b"":228091932,""priority"":""1"",""node"":""kwok-node-32""},{""name"":""rs-35-p1-4tf2p"",""cpu_m"":495,""mem_b"":472577017,""priority"":""1"",""node"":""kwok-node-11""},{""name"":""rs-35-p1-df6jn"",""cpu_m"":495,""mem_b"":472577017,""priority"":""1"",""node"":""kwok-node-15""},{""name"":""rs-35-p1-f2sx4"",""cpu_m"":495,""mem_b"":472577017,""priority"":""1"",""node"":""kwok-node-18""},{""name"":""rs-35-p1-lwj7d"",""cpu_m"":495,""mem_b"":472577017,""priority"":""1"",""node"":""kwok-node-8""},{""name"":""rs-36-p2-5gcjc"",""cpu_m"":905,""mem_b"":373642027,""priority"":""2"",""node"":""kwok-node-14""},{""name"":""rs-36-p2-5mkd9"",""cpu_m"":905,""mem_b"":373642027,""priority"":""2"",""node"":""""},{""name"":""rs-36-p2-wcpt6"",""cpu_m"":905,""mem_b"":373642027,""priority"":""2"",""node"":""""},{""name"":""rs-36-p2-whxk5"",""cpu_m"":905,""mem_b"":373642027,""priority"":""2"",""node"":""kwok-node-17""},{""name"":""rs-37-p3-fnlqm"",""cpu_m"":960,""mem_b"":181748313,""priority"":""3"",""node"":""""},{""name"":""rs-37-p3-lbxhs"",""cpu_m"":960,""mem_b"":181748313,""priority"":""3"",""node"":""""},{""name"":""rs-38-p1-5nhp9"",""cpu_m"":856,""mem_b"":675694554,""priority"":""1"",""node"":""""},{""name"":""rs-38-p1-682lv"",""cpu_m"":856,""mem_b"":675694554,""priority"":""1"",""node"":""""},{""name"":""rs-38-p1-7ncp9"",""cpu_m"":856,""mem_b"":675694554,""priority"":""1"",""node"":""""},{""name"":""rs-38-p1-ntbjx"",""cpu_m"":856,""mem_b"":675694554,""priority"":""1"",""node"":""""},{""name"":""rs-39-p1-kq84f"",""cpu_m"":663,""mem_b"":801737734,""priority"":""1"",""node"":""""},{""name"":""rs-39-p1-kv96c"",""cpu_m"":663,""mem_b"":801737734,""priority"":""1"",""node"":""""},{""name"":""rs-39-p1-rs9xr"",""cpu_m"":663,""mem_b"":801737734,""priority"":""1"",""node"":""""},{""name"":""rs-39-p1-xcps6"",""cpu_m"":663,""mem_b"":801737734,""priority"":""1"",""node"":""""},{""name"":""rs-40-p2-4dlmh"",""cpu_m"":101,""mem_b"":201028391,""priority"":""2"",""node"":""kwok-node-32""},{""name"":""rs-40-p2-8j4rz"",""cpu_m"":101,""mem_b"":201028391,""priority"":""2"",""node"":""kwok-node-26""},{""name"":""rs-40-p2-8wsps"",""cpu_m"":101,""mem_b"":201028391,""priority"":""2"",""node"":""kwok-node-30""},{""name"":""rs-40-p2-p2g2f"",""cpu_m"":101,""mem_b"":201028391,""priority"":""2"",""node"":""kwok-node-1""},{""name"":""rs-41-p3-9dlhg"",""cpu_m"":628,""mem_b"":435322248,""priority"":""3"",""node"":""kwok-node-28""},{""name"":""rs-41-p3-g746p"",""cpu_m"":628,""mem_b"":435322248,""priority"":""3"",""node"":""""},{""name"":""rs-41-p3-tfbtx"",""cpu_m"":628,""mem_b"":435322248,""priority"":""3"",""node"":""""},{""name"":""rs-42-p1-9c6fz"",""cpu_m"":739,""mem_b"":427847740,""priority"":""1"",""node"":""kwok-node-13""},{""name"":""rs-42-p1-tbmgq"",""cpu_m"":739,""mem_b"":427847740,""priority"":""1"",""node"":""""},{""name"":""rs-43-p1-4f587"",""cpu_m"":455,""mem_b"":375895622,""priority"":""1"",""node"":""kwok-node-26""},{""name"":""rs-44-p2-9rwc5"",""cpu_m"":493,""mem_b"":484351816,""priority"":""2"",""node"":""""}]","[{""name"":""kwok-node-1"",""cap_cpu_m"":1850,""cap_mem_bytes"":1991604309},{""name"":""kwok-node-2"",""cap_cpu_m"":1850,""cap_mem_bytes"":1991604309},{""name"":""kwok-node-3"",""cap_cpu_m"":1850,""cap_mem_bytes"":1991604309},{""name"":""kwok-node-4"",""cap_cpu_m"":1850,""cap_mem_bytes"":1991604309},{""name"":""kwok-node-5"",""cap_cpu_m"":1850,""cap_mem_bytes"":1991604309},{""name"":""kwok-node-6"",""cap_cpu_m"":1850,""cap_mem_bytes"":1991604309},{""name"":""kwok-node-7"",""cap_cpu_m"":1850,""cap_mem_bytes"":1991604309},{""name"":""kwok-node-8"",""cap_cpu_m"":1850,""cap_mem_bytes"":1991604309},{""name"":""kwok-node-9"",""cap_cpu_m"":1850,""cap_mem_bytes"":1991604309},{""name"":""kwok-node-10"",""cap_cpu_m"":1850,""cap_mem_bytes"":1991604309},{""name"":""kwok-node-11"",""cap_cpu_m"":1850,""cap_mem_bytes"":1991604309},{""name"":""kwok-node-12"",""cap_cpu_m"":1850,""cap_mem_bytes"":1991604309},{""name"":""kwok-node-13"",""cap_cpu_m"":1850,""cap_mem_bytes"":1991604309},{""name"":""kwok-node-14"",""cap_cpu_m"":1850,""cap_mem_bytes"":1991604309},{""name"":""kwok-node-15"",""cap_cpu_m"":1850,""cap_mem_bytes"":1991604309},{""name"":""kwok-node-16"",""cap_cpu_m"":1850,""cap_mem_bytes"":1991604309},{""name"":""kwok-node-17"",""cap_cpu_m"":1850,""cap_mem_bytes"":1991604309},{""name"":""kwok-node-18"",""cap_cpu_m"":1850,""cap_mem_bytes"":1991604309},{""name"":""kwok-node-19"",""cap_cpu_m"":1850,""cap_mem_bytes"":1991604309},{""name"":""kwok-node-20"",""cap_cpu_m"":1850,""cap_mem_bytes"":1991604309},{""name"":""kwok-node-21"",""cap_cpu_m"":1850,""cap_mem_bytes"":1991604309},{""name"":""kwok-node-22"",""cap_cpu_m"":1850,""cap_mem_bytes"":1991604309},{""name"":""kwok-node-23"",""cap_cpu_m"":1850,""cap_mem_bytes"":1991604309},{""name"":""kwok-node-24"",""cap_cpu_m"":1850,""cap_mem_bytes"":1991604309},{""name"":""kwok-node-25"",""cap_cpu_m"":1850,""cap_mem_bytes"":1991604309},{""name"":""kwok-node-26"",""cap_cpu_m"":1850,""cap_mem_bytes"":1991604309},{""name"":""kwok-node-27"",""cap_cpu_m"":1850,""cap_mem_bytes"":1991604309},{""name"":""kwok-node-28"",""cap_cpu_m"":1850,""cap_mem_bytes"":1991604309},{""name"":""kwok-node-29"",""cap_cpu_m"":1850,""cap_mem_bytes"":1991604309},{""name"":""kwok-node-30"",""cap_cpu_m"":1850,""cap_mem_bytes"":1991604309},{""name"":""kwok-node-31"",""cap_cpu_m"":1850,""cap_mem_bytes"":1991604309},{""name"":""kwok-node-32"",""cap_cpu_m"":1850,""cap_mem_bytes"":1991604309}]"
2026/02/11/12:35:42,5192245877720377991,,"{""evicted"":0,""moved"":0,""placed_by_priority"":{""1"":27,""2"":25,""3"":33,""4"":26}}",python,"{""evicted"":7,""moved"":9,""placed_by_priority"":{""1"":24,""2"":30,""3"":33,""4"":31}}",833,FEASIBLE,"[{""duration_ms"":833,""name"":""python"",""score"":{""evicted"":7,""moved"":9,""placed_by_priority"":{""1"":24,""2"":30,""3"":33,""4"":31}},""status"":""FEASIBLE""}]",0.917,0.848,0.926,0.867,54906,50785,60350263219,56490164060,118,111,10,17,"{""kwok-node-1"":5,""kwok-node-10"":4,""kwok-node-11"":3,""kwok-node-12"":4,""kwok-node-13"":4,""kwok-node-14"":3,""kwok-node-15"":3,""kwok-node-16"":5,""kwok-node-17"":4,""kwok-node-18"":4,""kwok-node-19"":3,""kwok-node-2"":4,""kwok-node-20"":4,""kwok-node-21"":3,""kwok-node-22"":4,""kwok-node-23"":4,""kwok-node-24"":4,""kwok-node-25"":3,""kwok-node-26"":4,""kwok-node-27"":3,""kwok-node-28"":4,""kwok-node-29"":3,""kwok-node-3"":4,""kwok-node-30"":4,""kwok-node-31"":3,""kwok-node-32"":4,""kwok-node-4"":4,""kwok-node-5"":4,""kwok-node-6"":3,""kwok-node-7"":4,""kwok-node-8"":3,""kwok-node-9"":3}","{""kwok-node-1"":5,""kwok-node-10"":4,""kwok-node-11"":3,""kwok-node-12"":4,""kwok-node-13"":4,""kwok-node-14"":2,""kwok-node-15"":2,""kwok-node-16"":4,""kwok-node-17"":4,""kwok-node-18"":4,""kwok-node-19"":3,""kwok-node-2"":3,""kwok-node-20"":4,""kwok-node-21"":3,""kwok-node-22"":3,""kwok-node-23"":4,""kwok-node-24"":4,""kwok-node-25"":3,""kwok-node-26"":4,""kwok-node-27"":3,""kwok-node-28"":3,""kwok-node-29"":3,""kwok-node-3"":4,""kwok-node-30"":4,""kwok-node-31"":3,""kwok-node-32"":4,""kwok-node-4"":4,""kwok-node-5"":4,""kwok-node-6"":3,""kwok-node-7"":4,""kwok-node-8"":3,""kwok-node-9"":2}","{""p1"":24,""p2"":30,""p3"":33,""p4"":31}","{""p1"":27,""p2"":25,""p3"":33,""p4"":26}","{""p1"":10}","{""p1"":7,""p2"":5,""p4"":5}","{rs-19-p1-hm8w2,rs-24-p1-6wbl5,rs-24-p1-qd4s7,rs-24-p1-wzft6,rs-25-p1-jlt9l,rs-25-p1-sm4c9,rs-32-p1-bpm64,rs-36-p1-8sc4p,rs-36-p1-h4drx,rs-38-p1-hxnbk}","{rs-35-p2-tzlcd,rs-36-p1-8sc4p,rs-36-p1-h4drx,rs-38-p1-hxnbk,rs-41-p4-gdvlz,rs-41-p4-rlv87,rs-43-p1-9stgj,rs-47-p1-gxffc,rs-47-p1-lxpbj,rs-47-p1-smdmz,rs-49-p4-9hzbq,rs-49-p4-j8dtn,rs-49-p4-z2mhd,rs-50-p2-5fcnp,rs-50-p2-5ndjm,rs-50-p2-p896b,rs-50-p2-wxs88}","{rs-01-p2-dffkj,rs-01-p2-mv9xs,rs-02-p3-8r7jv,rs-02-p3-kgf8n,rs-02-p3-wlqqm,rs-02-p3-wtc4c,rs-03-p3-245jl,rs-03-p3-2pqlx,rs-03-p3-lffmd,rs-03-p3-pws99,rs-04-p4-9pjbr,rs-04-p4-qf4g5,rs-04-p4-wzgqj,rs-04-p4-z5twp,rs-05-p2-rqdjn,rs-05-p2-z88hh,rs-06-p3-vlxkv,rs-06-p3-x2jrn,rs-07-p1-7srk2,rs-07-p1-hp58n,rs-08-p3-8sm4n,rs-08-p3-ltjkn,rs-08-p3-pc82q,rs-09-p4-l7dbb,rs-09-p4-lmmbl,rs-09-p4-vskdq,rs-09-p4-xc4cq,rs-10-p3-nfj6s,rs-10-p3-r4dfm,rs-10-p3-wxpp2,rs-10-p3-x2vph,rs-11-p1-l7dpq,rs-12-p3-9sr4j,rs-12-p3-dh6b4,rs-13-p2-4v4lb,rs-14-p2-bbfmf,rs-14-p2-kw962,rs-14-p2-mf8c7,rs-15-p3-6bm8j,rs-15-p3-g6hjz,rs-15-p3-jbqlx,rs-15-p3-jrllw,rs-16-p3-9tjxp,rs-17-p4-t47sk,rs-17-p4-xlb7l,rs-18-p2-d7vfg,rs-20-p1-7424l,rs-20-p1-fzhpn,rs-21-p3-7nzjc,rs-22-p1-cvqdf,rs-23-p3-62kqf,rs-24-p1-qxntb,rs-26-p4-7hzdw,rs-26-p4-x8s8r,rs-26-p4-xm4pv,rs-27-p3-6smnn,rs-27-p3-hpzs4,rs-27-p3-rxhlj,rs-28-p1-cb2x7,rs-28-p1-flczr,rs-28-p1-mj7lv,rs-29-p4-qrfz4,rs-29-p4-tg5b7,rs-29-p4-xksrh,rs-30-p4-57zsg,rs-31-p1-7g72d,rs-31-p1-qmpwr,rs-31-p1-zqwc8,rs-32-p1-sxdfb,rs-33-p4-67hl4,rs-33-p4-bzh9f,rs-33-p4-fj6x8,rs-33-p4-zhgkd,rs-34-p2-6hxrc,rs-34-p2-6zftn,rs-34-p2-dmgfn,rs-34-p2-j9q76,rs-35-p2-b5jdp,rs-35-p2-kj8c9,rs-35-p2-p7rdg,rs-35-p2-tzlcd,rs-37-p4-2k572,rs-39-p1-6k226,rs-39-p1-q9zfh,rs-39-p1-qfnhf,rs-39-p1-xwvdq,rs-40-p3-shzc6,rs-41-p4-gdvlz,rs-41-p4-rlv87,rs-42-p3-4fw2g,rs-42-p3-fkwcr,rs-42-p3-rfqcz,rs-43-p1-9stgj,rs-43-p1-jqvjq,rs-43-p1-qs8vv,rs-44-p4-8dwpc,rs-44-p4-b64ns,rs-44-p4-pxzz2,rs-44-p4-x988z,rs-45-p2-mwsjn,rs-45-p2-s4lc9,rs-45-p2-zs8xz,rs-46-p2-fngg5,rs-46-p2-j4tv4,rs-46-p2-tkbhm,rs-47-p1-gxffc,rs-47-p1-lxpbj,rs-47-p1-smdmz,rs-48-p2-72dgc,rs-48-p2-dqg98,rs-48-p2-stsr5,rs-49-p4-9hzbq,rs-49-p4-j8dtn,rs-49-p4-z2mhd,rs-50-p2-5fcnp,rs-50-p2-5ndjm,rs-50-p2-p896b,rs-50-p2-wxs88}","{rs-01-p2-dffkj,rs-01-p2-mv9xs,rs-02-p3-8r7jv,rs-02-p3-kgf8n,rs-02-p3-wlqqm,rs-02-p3-wtc4c,rs-03-p3-245jl,rs-03-p3-2pqlx,rs-03-p3-lffmd,rs-03-p3-pws99,rs-04-p4-9pjbr,rs-04-p4-qf4g5,rs-04-p4-wzgqj,rs-04-p4-z5twp,rs-05-p2-rqdjn,rs-05-p2-z88hh,rs-06-p3-vlxkv,rs-06-p3-x2jrn,rs-07-p1-hp58n,rs-07-p1-t2b5l,rs-08-p3-8sm4n,rs-08-p3-ltjkn,rs-08-p3-pc82q,rs-09-p4-l7dbb,rs-09-p4-lmmbl,rs-09-p4-vskdq,rs-09-p4-xc4cq,rs-10-p3-nfj6s,rs-10-p3-r4dfm,rs-10-p3-wxpp2,rs-10-p3-x2vph,rs-11-p1-l7dpq,rs-12-p3-9sr4j,rs-12-p3-dh6b4,rs-13-p2-4v4lb,rs-14-p2-bbfmf,rs-14-p2-kw962,rs-14-p2-mf8c7,rs-15-p3-6bm8j,rs-15-p3-g6hjz,rs-15-p3-jbqlx,rs-15-p3-jrllw,rs-16-p3-9tjxp,rs-17-p4-t47sk,rs-17-p4-xlb7l,rs-18-p2-d7vfg,rs-19-p1-d4zj5,rs-20-p1-7424l,rs-20-p1-mr5nq,rs-21-p3-7nzjc,rs-22-p1-x8ptc,rs-23-p3-62kqf,rs-24-p1-7nbdf,rs-24-p1-h27kt,rs-24-p1-m98pb,rs-24-p1-qxntb,rs-25-p1-cdbkf,rs-25-p1-l26js,rs-26-p4-7hzdw,rs-26-p4-x8s8r,rs-26-p4-xm4pv,rs-27-p3-6smnn,rs-27-p3-hpzs4,rs-27-p3-rxhlj,rs-28-p1-flczr,rs-28-p1-jgs24,rs-28-p1-n22bg,rs-29-p4-qrfz4,rs-29-p4-tg5b7,rs-29-p4-xksrh,rs-30-p4-57zsg,rs-31-p1-25kzz,rs-31-p1-7g72d,rs-31-p1-zqwc8,rs-32-p1-kr6dh,rs-32-p1-sxdfb,rs-33-p4-67hl4,rs-33-p4-bzh9f,rs-33-p4-fj6x8,rs-33-p4-zhgkd,rs-34-p2-6hxrc,rs-34-p2-6zftn,rs-34-p2-dmgfn,rs-34-p2-j9q76,rs-35-p2-b5jdp,rs-35-p2-kj8c9,rs-35-p2-p7rdg,rs-37-p4-2k572,rs-39-p1-696wx,rs-39-p1-cdgd4,rs-39-p1-q9skk,rs-39-p1-q9zfh,rs-40-p3-shzc6,rs-42-p3-4fw2g,rs-42-p3-fkwcr,rs-42-p3-rfqcz,rs-43-p1-jqvjq,rs-43-p1-qs8vv,rs-44-p4-8dwpc,rs-44-p4-b64ns,rs-44-p4-pxzz2,rs-44-p4-x988z,rs-45-p2-mwsjn,rs-45-p2-s4lc9,rs-45-p2-zs8xz,rs-46-p2-fngg5,rs-46-p2-j4tv4,rs-46-p2-tkbhm,rs-48-p2-72dgc,rs-48-p2-dqg98,rs-48-p2-stsr5}","[{""name"":""rs-01-p2-dffkj"",""cpu_m"":469,""mem_b"":925725922,""priority"":""2"",""node"":""kwok-node-15""},{""name"":""rs-01-p2-mv9xs"",""cpu_m"":469,""mem_b"":925725922,""priority"":""2"",""node"":""kwok-node-14""},{""name"":""rs-02-p3-8r7jv"",""cpu_m"":201,""mem_b"":346615928,""priority"":""3"",""node"":""kwok-node-10""},{""name"":""rs-02-p3-kgf8n"",""cpu_m"":201,""mem_b"":346615928,""priority"":""3"",""node"":""kwok-node-21""},{""name"":""rs-02-p3-wlqqm"",""cpu_m"":201,""mem_b"":346615928,""priority"":""3"",""node"":""kwok-node-2""},{""name"":""rs-02-p3-wtc4c"",""cpu_m"":201,""mem_b"":346615928,""priority"":""3"",""node"":""kwok-node-16""},{""name"":""rs-03-p3-245jl"",""cpu_m"":432,""mem_b"":204906963,""priority"":""3"",""node"":""kwok-node-23""},{""name"":""rs-03-p3-2pqlx"",""cpu_m"":432,""mem_b"":204906963,""priority"":""3"",""node"":""kwok-node-18""},{""name"":""rs-03-p3-lffmd"",""cpu_m"":432,""mem_b"":204906963,""priority"":""3"",""node"":""kwok-node-20""},{""name"":""rs-03-p3-pws99"",""cpu_m"":432,""mem_b"":204906963,""priority"":""3"",""node"":""kwok-node-13""},{""name"":""rs-04-p4-9pjbr"",""cpu_m"":136,""mem_b"":153920942,""priority"":""4"",""node"":""kwok-node-1""},{""name"":""rs-04-p4-qf4g5"",""cpu_m"":136,""mem_b"":153920942,""priority"":""4"",""node"":""kwok-node-17""},{""name"":""rs-04-p4-wzgqj"",""cpu_m"":136,""mem_b"":153920942,""priority"":""4"",""node"":""kwok-node-22""},{""name"":""rs-04-p4-z5twp"",""cpu_m"":136,""mem_b"":153920942,""priority"":""4"",""node"":""kwok-node-12""},{""name"":""rs-05-p2-rqdjn"",""cpu_m"":856,""mem_b"":468253801,""priority"":""2"",""node"":""kwok-node-19""},{""name"":""rs-05-p2-z88hh"",""cpu_m"":856,""mem_b"":468253801,""priority"":""2"",""node"":""kwok-node-11""},{""name"":""rs-06-p3-vlxkv"",""cpu_m"":651,""mem_b"":291448848,""priority"":""3"",""node"":""kwok-node-24""},{""name"":""rs-06-p3-x2jrn"",""cpu_m"":651,""mem_b"":291448848,""priority"":""3"",""node"":""kwok-node-26""},{""name"":""rs-07-p1-7srk2"",""cpu_m"":572,""mem_b"":163964179,""priority"":""1"",""node"":""kwok-node-14""},{""name"":""rs-07-p1-hp58n"",""cpu_m"":572,""mem_b"":163964179,""priority"":""1"",""node"":""kwok-node-30""},{""name"":""rs-08-p3-8sm4n"",""cpu_m"":965,""mem_b"":393628530,""priority"":""3"",""node"":""kwok-node-28""},{""name"":""rs-08-p3-ltjkn"",""cpu_m"":965,""mem_b"":393628530,""priority"":""3"",""node"":""kwok-node-25""},{""name"":""rs-08-p3-pc82q"",""cpu_m"":965,""mem_b"":393628530,""priority"":""3"",""node"":""kwok-node-29""},{""name"":""rs-09-p4-l7dbb"",""cpu_m"":476,""mem_b"":672639589,""priority"":""4"",""node"":""kwok-node-27""},{""name"":""rs-09-p4-lmmbl"",""cpu_m"":476,""mem_b"":672639589,""priority"":""4"",""node"":""kwok-node-12""},{""name"":""rs-09-p4-vskdq"",""cpu_m"":476,""mem_b"":672639589,""priority"":""4"",""node"":""kwok-node-22""},{""name"":""rs-09-p4-xc4cq"",""cpu_m"":476,""mem_b"":672639589,""priority"":""4"",""node"":""kwok-node-17""},{""name"":""rs-10-p3-nfj6s"",""cpu_m"":564,""mem_b"":376759021,""priority"":""3"",""node"":""kwok-node-31""},{""name"":""rs-10-p3-r4dfm"",""cpu_m"":564,""mem_b"":376759021,""priority"":""3"",""node"":""kwok-node-2""},{""name"":""rs-10-p3-wxpp2"",""cpu_m"":564,""mem_b"":376759021,""priority"":""3"",""node"":""kwok-node-1""},{""name"":""rs-10-p3-x2vph"",""cpu_m"":564,""mem_b"":376759021,""priority"":""3"",""node"":""kwok-node-10""},{""name"":""rs-11-p1-l7dpq"",""cpu_m"":483,""mem_b"":903958355,""priority"":""1"",""node"":""kwok-node-9""},{""name"":""rs-12-p3-9sr4j"",""cpu_m"":287,""mem_b"":146131392,""priority"":""3"",""node"":""kwok-node-5""},{""name"":""rs-12-p3-dh6b4"",""cpu_m"":287,""mem_b"":146131392,""priority"":""3"",""node"":""kwok-node-7""},{""name"":""rs-13-p2-4v4lb"",""cpu_m"":511,""mem_b"":587580825,""priority"":""2"",""node"":""kwok-node-8""},{""name"":""rs-14-p2-bbfmf"",""cpu_m"":707,""mem_b"":712646599,""priority"":""2"",""node"":""kwok-node-32""},{""name"":""rs-14-p2-kw962"",""cpu_m"":707,""mem_b"":712646599,""priority"":""2"",""node"":""kwok-node-6""},{""name"":""rs-14-p2-mf8c7"",""cpu_m"":707,""mem_b"":712646599,""priority"":""2"",""node"":""kwok-node-4""},{""name"":""rs-15-p3-6bm8j"",""cpu_m"":140,""mem_b"":600516007,""priority"":""3"",""node"":""kwok-node-30""},{""name"":""rs-15-p3-g6hjz"",""cpu_m"":140,""mem_b"":600516007,""priority"":""3"",""node"":""kwok-node-7""},{""name"":""rs-15-p3-jbqlx"",""cpu_m"":140,""mem_b"":600516007,""priority"":""3"",""node"":""kwok-node-3""},{""name"":""rs-15-p3-jrllw"",""cpu_m"":140,""mem_b"":600516007,""priority"":""3"",""node"":""kwok-node-5""},{""name"":""rs-16-p3-9tjxp"",""cpu_m"":360,""mem_b"":370318290,""priority"":""3"",""node"":""kwok-node-16""},{""name"":""rs-17-p4-t47sk"",""cpu_m"":239,""mem_b"":617230299,""priority"":""4"",""node"":""kwok-node-23""},{""name"":""rs-17-p4-xlb7l"",""cpu_m"":239,""mem_b"":617230299,""priority"":""4"",""node"":""kwok-node-13""},{""name"":""rs-18-p2-d7vfg"",""cpu_m"":168,""mem_b"":629270337,""priority"":""2"",""node"":""kwok-node-18""},{""name"":""rs-19-p1-hm8w2"",""cpu_m"":975,""mem_b"":842896416,""priority"":""1"",""node"":""""},{""name"":""rs-20-p1-7424l"",""cpu_m"":426,""mem_b"":386227911,""priority"":""1"",""node"":""kwok-node-20""},{""name"":""rs-20-p1-fzhpn"",""cpu_m"":426,""mem_b"":386227911,""priority"":""1"",""node"":""kwok-node-9""},{""name"":""rs-21-p3-7nzjc"",""cpu_m"":768,""mem_b"":858497270,""priority"":""3"",""node"":""kwok-node-31""},{""name"":""rs-22-p1-cvqdf"",""cpu_m"":633,""mem_b"":292426401,""priority"":""1"",""node"":""kwok-node-15""},{""name"":""rs-23-p3-62kqf"",""cpu_m"":303,""mem_b"":233274890,""priority"":""3"",""node"":""kwok-node-27""},{""name"":""rs-24-p1-6wbl5"",""cpu_m"":747,""mem_b"":671511322,""priority"":""1"",""node"":""""},{""name"":""rs-24-p1-qd4s7"",""cpu_m"":747,""mem_b"":671511322,""priority"":""1"",""node"":""""},{""name"":""rs-24-p1-qxntb"",""cpu_m"":747,""mem_b"":671511322,""priority"":""1"",""node"":""kwok-node-7""},{""name"":""rs-24-p1-wzft6"",""cpu_m"":747,""mem_b"":671511322,""priority"":""1"",""node"":""""},{""name"":""rs-25-p1-jlt9l"",""cpu_m"":832,""mem_b"":700038856,""priority"":""1"",""node"":""""},{""name"":""rs-25-p1-sm4c9"",""cpu_m"":832,""mem_b"":700038856,""priority"":""1"",""node"":""""},{""name"":""rs-26-p4-7hzdw"",""cpu_m"":545,""mem_b"":601245118,""priority"":""4"",""node"":""kwok-node-24""},{""name"":""rs-26-p4-x8s8r"",""cpu_m"":545,""mem_b"":601245118,""priority"":""4"",""node"":""kwok-node-6""},{""name"":""rs-26-p4-xm4pv"",""cpu_m"":545,""mem_b"":601245118,""priority"":""4"",""node"":""kwok-node-26""},{""name"":""rs-27-p3-6smnn"",""cpu_m"":123,""mem_b"":166030483,""priority"":""3"",""node"":""kwok-node-4""},{""name"":""rs-27-p3-hpzs4"",""cpu_m"":123,""mem_b"":166030483,""priority"":""3"",""node"":""kwok-node-1""},{""name"":""rs-27-p3-rxhlj"",""cpu_m"":123,""mem_b"":166030483,""priority"":""3"",""node"":""kwok-node-32""},{""name"":""rs-28-p1-cb2x7"",""cpu_m"":326,""mem_b"":545803503,""priority"":""1"",""node"":""kwok-node-24""},{""name"":""rs-28-p1-flczr"",""cpu_m"":326,""mem_b"":545803503,""priority"":""1"",""node"":""kwok-node-19""},{""name"":""rs-28-p1-mj7lv"",""cpu_m"":326,""mem_b"":545803503,""priority"":""1"",""node"":""kwok-node-2""},{""name"":""rs-29-p4-qrfz4"",""cpu_m"":493,""mem_b"":538805810,""priority"":""4"",""node"":""kwok-node-23""},{""name"":""rs-29-p4-tg5b7"",""cpu_m"":493,""mem_b"":538805810,""priority"":""4"",""node"":""kwok-node-30""},{""name"":""rs-29-p4-xksrh"",""cpu_m"":493,""mem_b"":538805810,""priority"":""4"",""node"":""kwok-node-3""},{""name"":""rs-30-p4-57zsg"",""cpu_m"":886,""mem_b"":622984984,""priority"":""4"",""node"":""kwok-node-9""},{""name"":""rs-31-p1-7g72d"",""cpu_m"":276,""mem_b"":951847766,""priority"":""1"",""node"":""kwok-node-29""},{""name"":""rs-31-p1-qmpwr"",""cpu_m"":276,""mem_b"":951847766,""priority"":""1"",""node"":""kwok-node-10""},{""name"":""rs-31-p1-zqwc8"",""cpu_m"":276,""mem_b"":951847766,""priority"":""1"",""node"":""kwok-node-25""},{""name"":""rs-32-p1-bpm64"",""cpu_m"":756,""mem_b"":965015534,""priority"":""1"",""node"":""""},{""name"":""rs-32-p1-sxdfb"",""cpu_m"":756,""mem_b"":965015534,""priority"":""1"",""node"":""kwok-node-11""},{""name"":""rs-33-p4-67hl4"",""cpu_m"":291,""mem_b"":819061709,""priority"":""4"",""node"":""kwok-node-20""},{""name"":""rs-33-p4-bzh9f"",""cpu_m"":291,""mem_b"":819061709,""priority"":""4"",""node"":""kwok-node-4""},{""name"":""rs-33-p4-fj6x8"",""cpu_m"":291,""mem_b"":819061709,""priority"":""4"",""node"":""kwok-node-13""},{""name"":""rs-33-p4-zhgkd"",""cpu_m"":291,""mem_b"":819061709,""priority"":""4"",""node"":""kwok-node-32""},{""name"":""rs-34-p2-6hxrc"",""cpu_m"":639,""mem_b"":797889274,""priority"":""2"",""node"":""kwok-node-27""},{""name"":""rs-34-p2-6zftn"",""cpu_m"":639,""mem_b"":797889274,""priority"":""2"",""node"":""kwok-node-15""},{""name"":""rs-34-p2-dmgfn"",""cpu_m"":639,""mem_b"":797889274,""priority"":""2"",""node"":""kwok-node-14""},{""name"":""rs-34-p2-j9q76"",""cpu_m"":639,""mem_b"":797889274,""priority"":""2"",""node"":""kwok-node-8""},{""name"":""rs-35-p2-b5jdp"",""cpu_m"":768,""mem_b"":275402247,""priority"":""2"",""node"":""kwok-node-10""},{""name"":""rs-35-p2-kj8c9"",""cpu_m"":768,""mem_b"":275402247,""priority"":""2"",""node"":""kwok-node-13""},{""name"":""rs-35-p2-p7rdg"",""cpu_m"":768,""mem_b"":275402247,""priority"":""2"",""node"":""kwok-node-5""},{""name"":""rs-35-p2-tzlcd"",""cpu_m"":768,""mem_b"":275402247,""priority"":""2"",""node"":""kwok-node-22""},{""name"":""rs-36-p1-8sc4p"",""cpu_m"":777,""mem_b"":924202418,""priority"":""1"",""node"":""""},{""name"":""rs-36-p1-h4drx"",""cpu_m"":777,""mem_b"":924202418,""priority"":""1"",""node"":""""},{""name"":""rs-37-p4-2k572"",""cpu_m"":422,""mem_b"":465170248,""priority"":""4"",""node"":""kwok-node-1""},{""name"":""rs-38-p1-hxnbk"",""cpu_m"":778,""mem_b"":996801121,""priority"":""1"",""node"":""""},{""name"":""rs-39-p1-6k226"",""cpu_m"":164,""mem_b"":525373716,""priority"":""1"",""node"":""kwok-node-28""},{""name"":""rs-39-p1-q9zfh"",""cpu_m"":164,""mem_b"":525373716,""priority"":""1"",""node"":""kwok-node-26""},{""name"":""rs-39-p1-qfnhf"",""cpu_m"":164,""mem_b"":525373716,""priority"":""1"",""node"":""kwok-node-16""},{""name"":""rs-39-p1-xwvdq"",""cpu_m"":164,""mem_b"":525373716,""priority"":""1"",""node"":""kwok-node-28""},{""name"":""rs-40-p3-shzc6"",""cpu_m"":127,""mem_b"":247404897,""priority"":""3"",""node"":""kwok-node-3""},{""name"":""rs-41-p4-gdvlz"",""cpu_m"":966,""mem_b"":433060953,""priority"":""4"",""node"":""kwok-node-21""},{""name"":""rs-41-p4-rlv87"",""cpu_m"":966,""mem_b"":433060953,""priority"":""4"",""node"":""kwok-node-3""},{""name"":""rs-42-p3-4fw2g"",""cpu_m"":603,""mem_b"":368106655,""priority"":""3"",""node"":""kwok-node-23""},{""name"":""rs-42-p3-fkwcr"",""cpu_m"":603,""mem_b"":368106655,""priority"":""3"",""node"":""kwok-node-20""},{""name"":""rs-42-p3-rfqcz"",""cpu_m"":603,""mem_b"":368106655,""priority"":""3"",""node"":""kwok-node-7""},{""name"":""rs-43-p1-9stgj"",""cpu_m"":701,""mem_b"":330583735,""priority"":""1"",""node"":""kwok-node-16""},{""name"":""rs-43-p1-jqvjq"",""cpu_m"":701,""mem_b"":330583735,""priority"":""1"",""node"":""kwok-node-4""},{""name"":""rs-43-p1-qs8vv"",""cpu_m"":701,""mem_b"":330583735,""priority"":""1"",""node"":""kwok-node-32""},{""name"":""rs-44-p4-8dwpc"",""cpu_m"":519,""mem_b"":588073826,""priority"":""4"",""node"":""kwok-node-25""},{""name"":""rs-44-p4-b64ns"",""cpu_m"":519,""mem_b"":588073826,""priority"":""4"",""node"":""kwok-node-29""},{""name"":""rs-44-p4-pxzz2"",""cpu_m"":519,""mem_b"":588073826,""priority"":""4"",""node"":""kwok-node-28""},{""name"":""rs-44-p4-x988z"",""cpu_m"":519,""mem_b"":588073826,""priority"":""4"",""node"":""kwok-node-30""},{""name"":""rs-45-p2-mwsjn"",""cpu_m"":312,""mem_b"":328888937,""priority"":""2"",""node"":""kwok-node-31""},{""name"":""rs-45-p2-s4lc9"",""cpu_m"":312,""mem_b"":328888937,""priority"":""2"",""node"":""kwok-node-6""},{""name"":""rs-45-p2-zs8xz"",""cpu_m"":312,""mem_b"":328888937,""priority"":""2"",""node"":""kwok-node-16""},{""name"":""rs-46-p2-fngg5"",""cpu_m"":181,""mem_b"":534656297,""priority"":""2"",""node"":""kwok-node-24""},{""name"":""rs-46-p2-j4tv4"",""cpu_m"":181,""mem_b"":534656297,""priority"":""2"",""node"":""kwok-node-26""},{""name"":""rs-46-p2-tkbhm"",""cpu_m"":181,""mem_b"":534656297,""priority"":""2"",""node"":""kwok-node-11""},{""name"":""rs-47-p1-gxffc"",""cpu_m"":622,""mem_b"":612153013,""priority"":""1"",""node"":""kwok-node-8""},{""name"":""rs-47-p1-lxpbj"",""cpu_m"":622,""mem_b"":612153013,""priority"":""1"",""node"":""kwok-node-2""},{""name"":""rs-47-p1-smdmz"",""cpu_m"":622,""mem_b"":612153013,""priority"":""1"",""node"":""kwok-node-1""},{""name"":""rs-48-p2-72dgc"",""cpu_m"":146,""mem_b"":388960390,""priority"":""2"",""node"":""kwok-node-18""},{""name"":""rs-48-p2-dqg98"",""cpu_m"":146,""mem_b"":388960390,""priority"":""2"",""node"":""kwok-node-17""},{""name"":""rs-48-p2-stsr5"",""cpu_m"":146,""mem_b"":388960390,""priority"":""2"",""node"":""kwok-node-12""},{""name"":""rs-49-p4-9hzbq"",""cpu_m"":850,""mem_b"":748709408,""priority"":""4"",""node"":""kwok-node-18""},{""name"":""rs-49-p4-j8dtn"",""cpu_m"":850,""mem_b"":748709408,""priority"":""4"",""node"":""kwok-node-12""},{""name"":""rs-49-p4-z2mhd"",""cpu_m"":850,""mem_b"":748709408,""priority"":""4"",""node"":""kwok-node-17""},{""name"":""rs-50-p2-5fcnp"",""cpu_m"":485,""mem_b"":881981909,""priority"":""2"",""node"":""kwok-node-19""},{""name"":""rs-50-p2-5ndjm"",""cpu_m"":485,""mem_b"":881981909,""priority"":""2"",""node"":""kwok-node-5""},{""name"":""rs-50-p2-p896b"",""cpu_m"":485,""mem_b"":881981909,""priority"":""2"",""node"":""kwok-node-21""},{""name"":""rs-50-p2-wxs88"",""cpu_m"":485,""mem_b"":881981909,""priority"":""2"",""node"":""kwok-node-22""}]","[{""name"":""rs-01-p2-dffkj"",""cpu_m"":469,""mem_b"":925725922,""priority"":""2"",""node"":""kwok-node-15""},{""name"":""rs-01-p2-mv9xs"",""cpu_m"":469,""mem_b"":925725922,""priority"":""2"",""node"":""kwok-node-14""},{""name"":""rs-02-p3-8r7jv"",""cpu_m"":201,""mem_b"":346615928,""priority"":""3"",""node"":""kwok-node-10""},{""name"":""rs-02-p3-kgf8n"",""cpu_m"":201,""mem_b"":346615928,""priority"":""3"",""node"":""kwok-node-21""},{""name"":""rs-02-p3-wlqqm"",""cpu_m"":201,""mem_b"":346615928,""priority"":""3"",""node"":""kwok-node-2""},{""name"":""rs-02-p3-wtc4c"",""cpu_m"":201,""mem_b"":346615928,""priority"":""3"",""node"":""kwok-node-16""},{""name"":""rs-03-p3-245jl"",""cpu_m"":432,""mem_b"":204906963,""priority"":""3"",""node"":""kwok-node-23""},{""name"":""rs-03-p3-2pqlx"",""cpu_m"":432,""mem_b"":204906963,""priority"":""3"",""node"":""kwok-node-18""},{""name"":""rs-03-p3-lffmd"",""cpu_m"":432,""mem_b"":204906963,""priority"":""3"",""node"":""kwok-node-20""},{""name"":""rs-03-p3-pws99"",""cpu_m"":432,""mem_b"":204906963,""priority"":""3"",""node"":""kwok-node-13""},{""name"":""rs-04-p4-9pjbr"",""cpu_m"":136,""mem_b"":153920942,""priority"":""4"",""node"":""kwok-node-1""},{""name"":""rs-04-p4-qf4g5"",""cpu_m"":136,""mem_b"":153920942,""priority"":""4"",""node"":""kwok-node-17""},{""name"":""rs-04-p4-wzgqj"",""cpu_m"":136,""mem_b"":153920942,""priority"":""4"",""node"":""kwok-node-22""},{""name"":""rs-04-p4-z5twp"",""cpu_m"":136,""mem_b"":153920942,""priority"":""4"",""node"":""kwok-node-12""},{""name"":""rs-05-p2-rqdjn"",""cpu_m"":856,""mem_b"":468253801,""priority"":""2"",""node"":""kwok-node-19""},{""name"":""rs-05-p2-z88hh"",""cpu_m"":856,""mem_b"":468253801,""priority"":""2"",""node"":""kwok-node-11""},{""name"":""rs-06-p3-vlxkv"",""cpu_m"":651,""mem_b"":291448848,""priority"":""3"",""node"":""kwok-node-24""},{""name"":""rs-06-p3-x2jrn"",""cpu_m"":651,""mem_b"":291448848,""priority"":""3"",""node"":""kwok-node-26""},{""name"":""rs-07-p1-hp58n"",""cpu_m"":572,""mem_b"":163964179,""priority"":""1"",""node"":""kwok-node-30""},{""name"":""rs-07-p1-t2b5l"",""cpu_m"":572,""mem_b"":163964179,""priority"":""1"",""node"":""kwok-node-3""},{""name"":""rs-08-p3-8sm4n"",""cpu_m"":965,""mem_b"":393628530,""priority"":""3"",""node"":""kwok-node-28""},{""name"":""rs-08-p3-ltjkn"",""cpu_m"":965,""mem_b"":393628530,""priority"":""3"",""node"":""kwok-node-25""},{""name"":""rs-08-p3-pc82q"",""cpu_m"":965,""mem_b"":393628530,""priority"":""3"",""node"":""kwok-node-29""},{""name"":""rs-09-p4-l7dbb"",""cpu_m"":476,""mem_b"":672639589,""priority"":""4"",""node"":""kwok-node-27""},{""name"":""rs-09-p4-lmmbl"",""cpu_m"":476,""mem_b"":672639589,""priority"":""4"",""node"":""kwok-node-12""},{""name"":""rs-09-p4-vskdq"",""cpu_m"":476,""mem_b"":672639589,""priority"":""4"",""node"":""kwok-node-22""},{""name"":""rs-09-p4-xc4cq"",""cpu_m"":476,""mem_b"":672639589,""priority"":""4"",""node"":""kwok-node-17""},{""name"":""rs-10-p3-nfj6s"",""cpu_m"":564,""mem_b"":376759021,""priority"":""3"",""node"":""kwok-node-31""},{""name"":""rs-10-p3-r4dfm"",""cpu_m"":564,""mem_b"":376759021,""priority"":""3"",""node"":""kwok-node-2""},{""name"":""rs-10-p3-wxpp2"",""cpu_m"":564,""mem_b"":376759021,""priority"":""3"",""node"":""kwok-node-1""},{""name"":""rs-10-p3-x2vph"",""cpu_m"":564,""mem_b"":376759021,""priority"":""3"",""node"":""kwok-node-10""},{""name"":""rs-11-p1-l7dpq"",""cpu_m"":483,""mem_b"":903958355,""priority"":""1"",""node"":""kwok-node-9""},{""name"":""rs-12-p3-9sr4j"",""cpu_m"":287,""mem_b"":146131392,""priority"":""3"",""node"":""kwok-node-5""},{""name"":""rs-12-p3-dh6b4"",""cpu_m"":287,""mem_b"":146131392,""priority"":""3"",""node"":""kwok-node-7""},{""name"":""rs-13-p2-4v4lb"",""cpu_m"":511,""mem_b"":587580825,""priority"":""2"",""node"":""kwok-node-8""},{""name"":""rs-14-p2-bbfmf"",""cpu_m"":707,""mem_b"":712646599,""priority"":""2"",""node"":""kwok-node-32""},{""name"":""rs-14-p2-kw962"",""cpu_m"":707,""mem_b"":712646599,""priority"":""2"",""node"":""kwok-node-6""},{""name"":""rs-14-p2-mf8c7"",""cpu_m"":707,""mem_b"":712646599,""priority"":""2"",""node"":""kwok-node-4""},{""name"":""rs-15-p3-6bm8j"",""cpu_m"":140,""mem_b"":600516007,""priority"":""3"",""node"":""kwok-node-30""},{""name"":""rs-15-p3-g6hjz"",""cpu_m"":140,""mem_b"":600516007,""priority"":""3"",""node"":""kwok-node-7""},{""name"":""rs-15-p3-jbqlx"",""cpu_m"":140,""mem_b"":600516007,""priority"":""3"",""node"":""kwok-node-3""},{""name"":""rs-15-p3-jrllw"",""cpu_m"":140,""mem_b"":600516007,""priority"":""3"",""node"":""kwok-node-5""},{""name"":""rs-16-p3-9tjxp"",""cpu_m"":360,""mem_b"":370318290,""priority"":""3"",""node"":""kwok-node-16""},{""name"":""rs-17-p4-t47sk"",""cpu_m"":239,""mem_b"":617230299,""priority"":""4"",""node"":""kwok-node-23""},{""name"":""rs-17-p4-xlb7l"",""cpu_m"":239,""mem_b"":617230299,""priority"":""4"",""node"":""kwok-node-13""},{""name"":""rs-18-p2-d7vfg"",""cpu_m"":168,""mem_b"":629270337,""priority"":""2"",""node"":""kwok-node-18""},{""name"":""rs-19-p1-d4zj5"",""cpu_m"":975,""mem_b"":842896416,""priority"":""1"",""node"":""kwok-node-21""},{""name"":""rs-20-p1-7424l"",""cpu_m"":426,""mem_b"":386227911,""priority"":""1"",""node"":""kwok-node-20""},{""name"":""rs-20-p1-mr5nq"",""cpu_m"":426,""mem_b"":386227911,""priority"":""1"",""node"":""kwok-node-8""},{""name"":""rs-21-p3-7nzjc"",""cpu_m"":768,""mem_b"":858497270,""priority"":""3"",""node"":""kwok-node-31""},{""name"":""rs-22-p1-x8ptc"",""cpu_m"":633,""mem_b"":292426401,""priority"":""1"",""node"":""kwok-node-5""},{""name"":""rs-23-p3-62kqf"",""cpu_m"":303,""mem_b"":233274890,""priority"":""3"",""node"":""kwok-node-27""},{""name"":""rs-24-p1-7nbdf"",""cpu_m"":747,""mem_b"":671511322,""priority"":""1"",""node"":""kwok-node-16""},{""name"":""rs-24-p1-h27kt"",""cpu_m"":747,""mem_b"":671511322,""priority"":""1"",""node"":""kwok-node-17""},{""name"":""rs-24-p1-m98pb"",""cpu_m"":747,""mem_b"":671511322,""priority"":""1"",""node"":""kwok-node-18""},{""name"":""rs-24-p1-qxntb"",""cpu_m"":747,""mem_b"":671511322,""priority"":""1"",""node"":""kwok-node-7""},{""name"":""rs-25-p1-cdbkf"",""cpu_m"":832,""mem_b"":700038856,""priority"":""1"",""node"":""kwok-node-12""},{""name"":""rs-25-p1-l26js"",""cpu_m"":832,""mem_b"":700038856,""priority"":""1"",""node"":""kwok-node-22""},{""name"":""rs-26-p4-7hzdw"",""cpu_m"":545,""mem_b"":601245118,""priority"":""4"",""node"":""kwok-node-24""},{""name"":""rs-26-p4-x8s8r"",""cpu_m"":545,""mem_b"":601245118,""priority"":""4"",""node"":""kwok-node-6""},{""name"":""rs-26-p4-xm4pv"",""cpu_m"":545,""mem_b"":601245118,""priority"":""4"",""node"":""kwok-node-26""},{""name"":""rs-27-p3-6smnn"",""cpu_m"":123,""mem_b"":166030483,""priority"":""3"",""node"":""kwok-node-4""},{""name"":""rs-27-p3-hpzs4"",""cpu_m"":123,""mem_b"":166030483,""priority"":""3"",""node"":""kwok-node-1""},{""name"":""rs-27-p3-rxhlj"",""cpu_m"":123,""mem_b"":166030483,""priority"":""3"",""node"":""kwok-node-32""},{""name"":""rs-28-p1-flczr"",""cpu_m"":326,""mem_b"":545803503,""priority"":""1"",""node"":""kwok-node-19""},{""name"":""rs-28-p1-jgs24"",""cpu_m"":326,""mem_b"":545803503,""priority"":""1"",""node"":""kwok-node-1""},{""name"":""rs-28-p1-n22bg"",""cpu_m"":326,""mem_b"":545803503,""priority"":""1"",""node"":""kwok-node-10""},{""name"":""rs-29-p4-qrfz4"",""cpu_m"":493,""mem_b"":538805810,""priority"":""4"",""node"":""kwok-node-23""},{""name"":""rs-29-p4-tg5b7"",""cpu_m"":493,""mem_b"":538805810,""priority"":""4"",""node"":""kwok-node-30""},{""name"":""rs-29-p4-xksrh"",""cpu_m"":493,""mem_b"":538805810,""priority"":""4"",""node"":""kwok-node-3""},{""name"":""rs-30-p4-57zsg"",""cpu_m"":886,""mem_b"":622984984,""priority"":""4"",""node"":""kwok-node-9""},{""name"":""rs-31-p1-25kzz"",""cpu_m"":276,""mem_b"":951847766,""priority"":""1"",""node"":""kwok-node-28""},{""name"":""rs-31-p1-7g72d"",""cpu_m"":276,""mem_b"":951847766,""priority"":""1"",""node"":""kwok-node-29""},{""name"":""rs-31-p1-zqwc8"",""cpu_m"":276,""mem_b"":951847766,""priority"":""1"",""node"":""kwok-node-25""},{""name"":""rs-32-p1-kr6dh"",""cpu_m"":756,""mem_b"":965015534,""priority"":""1"",""node"":""kwok-node-2""},{""name"":""rs-32-p1-sxdfb"",""cpu_m"":756,""mem_b"":965015534,""priority"":""1"",""node"":""kwok-node-11""},{""name"":""rs-33-p4-67hl4"",""cpu_m"":291,""mem_b"":819061709,""priority"":""4"",""node"":""kwok-node-20""},{""name"":""rs-33-p4-bzh9f"",""cpu_m"":291,""mem_b"":819061709,""priority"":""4"",""node"":""kwok-node-4""},{""name"":""rs-33-p4-fj6x8"",""cpu_m"":291,""mem_b"":819061709,""priority"":""4"",""node"":""kwok-node-13""},{""name"":""rs-33-p4-zhgkd"",""cpu_m"":291,""mem_b"":819061709,""priority"":""4"",""node"":""kwok-node-32""},{""name"":""rs-34-p2-6hxrc"",""cpu_m"":639,""mem_b"":797889274,""priority"":""2"",""node"":""kwok-node-27""},{""name"":""rs-34-p2-6zftn"",""cpu_m"":639,""mem_b"":797889274,""priority"":""2"",""node"":""kwok-node-15""},{""name"":""rs-34-p2-dmgfn"",""cpu_m"":639,""mem_b"":797889274,""priority"":""2"",""node"":""kwok-node-14""},{""name"":""rs-34-p2-j9q76"",""cpu_m"":639,""mem_b"":797889274,""priority"":""2"",""node"":""kwok-node-8""},{""name"":""rs-35-p2-b5jdp"",""cpu_m"":768,""mem_b"":275402247,""priority"":""2"",""node"":""kwok-node-10""},{""name"":""rs-35-p2-kj8c9"",""cpu_m"":768,""mem_b"":275402247,""priority"":""2"",""node"":""kwok-node-13""},{""name"":""rs-35-p2-p7rdg"",""cpu_m"":768,""mem_b"":275402247,""priority"":""2"",""node"":""kwok-node-5""},{""name"":""rs-35-p2-tzlcd"",""cpu_m"":768,""mem_b"":275402247,""priority"":""2"",""node"":""""},{""name"":""rs-36-p1-8sc4p"",""cpu_m"":777,""mem_b"":924202418,""priority"":""1"",""node"":""""},{""name"":""rs-36-p1-h4drx"",""cpu_m"":777,""mem_b"":924202418,""priority"":""1"",""node"":""""},{""name"":""rs-37-p4-2k572"",""cpu_m"":422,""mem_b"":465170248,""priority"":""4"",""node"":""kwok-node-1""},{""name"":""rs-38-p1-hxnbk"",""cpu_m"":778,""mem_b"":996801121,""priority"":""1"",""node"":""""},{""name"":""rs-39-p1-696wx"",""cpu_m"":164,""mem_b"":525373716,""priority"":""1"",""node"":""kwok-node-19""},{""name"":""rs-39-p1-cdgd4"",""cpu_m"":164,""mem_b"":525373716,""priority"":""1"",""node"":""kwok-node-24""},{""name"":""rs-39-p1-q9skk"",""cpu_m"":164,""mem_b"":525373716,""priority"":""1"",""node"":""kwok-node-21""},{""name"":""rs-39-p1-q9zfh"",""cpu_m"":164,""mem_b"":525373716,""priority"":""1"",""node"":""kwok-node-26""},{""name"":""rs-40-p3-shzc6"",""cpu_m"":127,""mem_b"":247404897,""priority"":""3"",""node"":""kwok-node-3""},{""name"":""rs-41-p4-gdvlz"",""cpu_m"":966,""mem_b"":433060953,""priority"":""4"",""node"":""""},{""name"":""rs-41-p4-rlv87"",""cpu_m"":966,""mem_b"":433060953,""priority"":""4"",""node"":""""},{""name"":""rs-42-p3-4fw2g"",""cpu_m"":603,""mem_b"":368106655,""priority"":""3"",""node"":""kwok-node-23""},{""name"":""rs-42-p3-fkwcr"",""cpu_m"":603,""mem_b"":368106655,""priority"":""3"",""node"":""kwok-node-20""},{""name"":""rs-42-p3-rfqcz"",""cpu_m"":603,""mem_b"":368106655,""priority"":""3"",""node"":""kwok-node-7""},{""name"":""rs-43-p1-9stgj"",""cpu_m"":701,""mem_b"":330583735,""priority"":""1"",""node"":""""},{""name"":""rs-43-p1-jqvjq"",""cpu_m"":701,""mem_b"":330583735,""priority"":""1"",""node"":""kwok-node-4""},{""name"":""rs-43-p1-qs8vv"",""cpu_m"":701,""mem_b"":330583735,""priority"":""1"",""node"":""kwok-node-32""},{""name"":""rs-44-p4-8dwpc"",""cpu_m"":519,""mem_b"":588073826,""priority"":""4"",""node"":""kwok-node-25""},{""name"":""rs-44-p4-b64ns"",""cpu_m"":519,""mem_b"":588073826,""priority"":""4"",""node"":""kwok-node-29""},{""name"":""rs-44-p4-pxzz2"",""cpu_m"":519,""mem_b"":588073826,""priority"":""4"",""node"":""kwok-node-28""},{""name"":""rs-44-p4-x988z"",""cpu_m"":519,""mem_b"":588073826,""priority"":""4"",""node"":""kwok-node-30""},{""name"":""rs-45-p2-mwsjn"",""cpu_m"":312,""mem_b"":328888937,""priority"":""2"",""node"":""kwok-node-31""},{""name"":""rs-45-p2-s4lc9"",""cpu_m"":312,""mem_b"":328888937,""priority"":""2"",""node"":""kwok-node-6""},{""name"":""rs-45-p2-zs8xz"",""cpu_m"":312,""mem_b"":328888937,""priority"":""2"",""node"":""kwok-node-16""},{""name"":""rs-46-p2-fngg5"",""cpu_m"":181,""mem_b"":534656297,""priority"":""2"",""node"":""kwok-node-24""},{""name"":""rs-46-p2-j4tv4"",""cpu_m"":181,""mem_b"":534656297,""priority"":""2"",""node"":""kwok-node-26""},{""name"":""rs-46-p2-tkbhm"",""cpu_m"":181,""mem_b"":534656297,""priority"":""2"",""node"":""kwok-node-11""},{""name"":""rs-47-p1-gxffc"",""cpu_m"":622,""mem_b"":612153013,""priority"":""1"",""node"":""""},{""name"":""rs-47-p1-lxpbj"",""cpu_m"":622,""mem_b"":612153013,""priority"":""1"",""node"":""""},{""name"":""rs-47-p1-smdmz"",""cpu_m"":622,""mem_b"":612153013,""priority"":""1"",""node"":""""},{""name"":""rs-48-p2-72dgc"",""cpu_m"":146,""mem_b"":388960390,""priority"":""2"",""node"":""kwok-node-18""},{""name"":""rs-48-p2-dqg98"",""cpu_m"":146,""mem_b"":388960390,""priority"":""2"",""node"":""kwok-node-17""},{""name"":""rs-48-p2-stsr5"",""cpu_m"":146,""mem_b"":388960390,""priority"":""2"",""node"":""kwok-node-12""},{""name"":""rs-49-p4-9hzbq"",""cpu_m"":850,""mem_b"":748709408,""priority"":""4"",""node"":""""},{""name"":""rs-49-p4-j8dtn"",""cpu_m"":850,""mem_b"":748709408,""priority"":""4"",""node"":""""},{""name"":""rs-49-p4-z2mhd"",""cpu_m"":850,""mem_b"":748709408,""priority"":""4"",""node"":""""},{""name"":""rs-50-p2-5fcnp"",""cpu_m"":485,""mem_b"":881981909,""priority"":""2"",""node"":""""},{""name"":""rs-50-p2-5ndjm"",""cpu_m"":485,""mem_b"":881981909,""priority"":""2"",""node"":""""},{""name"":""rs-50-p2-p896b"",""cpu_m"":485,""mem_b"":881981909,""priority"":""2"",""node"":""""},{""name"":""rs-50-p2-wxs88"",""cpu_m"":485,""mem_b"":881981909,""priority"":""2"",""node"":""""}]","[{""name"":""kwok-node-1"",""cap_cpu_m"":1872,""cap_mem_bytes"":2036249786},{""name"":""kwok-node-2"",""cap_cpu_m"":1872,""cap_mem_bytes"":2036249786},{""name"":""kwok-node-3"",""cap_cpu_m"":1872,""cap_mem_bytes"":2036249786},{""name"":""kwok-node-4"",""cap_cpu_m"":1872,""cap_mem_bytes"":2036249786},{""name"":""kwok-node-5"",""cap_cpu_m"":1872,""cap_mem_bytes"":2036249786},{""name"":""kwok-node-6"",""cap_cpu_m"":1872,""cap_mem_bytes"":2036249786},{""name"":""kwok-node-7"",""cap_cpu_m"":1872,""cap_mem_bytes"":2036249786},{""name"":""kwok-node-8"",""cap_cpu_m"":1872,""cap_mem_bytes"":2036249786},{""name"":""kwok-node-9"",""cap_cpu_m"":1872,""cap_mem_bytes"":2036249786},{""name"":""kwok-node-10"",""cap_cpu_m"":1872,""cap_mem_bytes"":2036249786},{""name"":""kwok-node-11"",""cap_cpu_m"":1872,""cap_mem_bytes"":2036249786},{""name"":""kwok-node-12"",""cap_cpu_m"":1872,""cap_mem_bytes"":2036249786},{""name"":""kwok-node-13"",""cap_cpu_m"":1872,""cap_mem_bytes"":2036249786},{""name"":""kwok-node-14"",""cap_cpu_m"":1872,""cap_mem_bytes"":2036249786},{""name"":""kwok-node-15"",""cap_cpu_m"":1872,""cap_mem_bytes"":2036249786},{""name"":""kwok-node-16"",""cap_cpu_m"":1872,""cap_mem_bytes"":2036249786},{""name"":""kwok-node-17"",""cap_cpu_m"":1872,""cap_mem_bytes"":2036249786},{""name"":""kwok-node-18"",""cap_cpu_m"":1872,""cap_mem_bytes"":2036249786},{""name"":""kwok-node-19"",""cap_cpu_m"":1872,""cap_mem_bytes"":2036249786},{""name"":""kwok-node-20"",""cap_cpu_m"":1872,""cap_mem_bytes"":2036249786},{""name"":""kwok-node-21"",""cap_cpu_m"":1872,""cap_mem_bytes"":2036249786},{""name"":""kwok-node-22"",""cap_cpu_m"":1872,""cap_mem_bytes"":2036249786},{""name"":""kwok-node-23"",""cap_cpu_m"":1872,""cap_mem_bytes"":2036249786},{""name"":""kwok-node-24"",""cap_cpu_m"":1872,""cap_mem_bytes"":2036249786},{""name"":""kwok-node-25"",""cap_cpu_m"":1872,""cap_mem_bytes"":2036249786},{""name"":""kwok-node-26"",""cap_cpu_m"":1872,""cap_mem_bytes"":2036249786},{""name"":""kwok-node-27"",""cap_cpu_m"":1872,""cap_mem_bytes"":2036249786},{""name"":""kwok-node-28"",""cap_cpu_m"":1872,""cap_mem_bytes"":2036249786},{""name"":""kwok-node-29"",""cap_cpu_m"":1872,""cap_mem_bytes"":2036249786},{""name"":""kwok-node-30"",""cap_cpu_m"":1872,""cap_mem_bytes"":2036249786},{""name"":""kwok-node-31"",""cap_cpu_m"":1872,""cap_mem_bytes"":2036249786},{""name"":""kwok-node-32"",""cap_cpu_m"":1872,""cap_mem_bytes"":2036249786}]"
2026/02/11/12:36:28,7420528211910559118,,"{""evicted"":0,""moved"":0,""placed_by_priority"":{""1"":26,""2"":23,""3"":25,""4"":38}}",python,"{""evicted"":6,""moved"":2,""placed_by_priority"":{""1"":25,""2"":23,""3"":28,""4"":39}}",1205,FEASIBLE,"[{""duration_ms"":1205,""name"":""python"",""score"":{""evicted"":6,""moved"":2,""placed_by_priority"":{""1"":25,""2"":23,""3"":28,""4"":39}},""status"":""FEASIBLE""}]",0.899,0.878,0.894,0.877,58208,56873,63722912459,62555682453,115,112,13,16,"{""kwok-node-1"":4,""kwok-node-10"":4,""kwok-node-11"":4,""kwok-node-12"":3,""kwok-node-13"":4,""kwok-node-14"":4,""kwok-node-15"":3,""kwok-node-16"":4,""kwok-node-17"":4,""kwok-node-18"":3,""kwok-node-19"":4,""kwok-node-2"":3,""kwok-node-20"":4,""kwok-node-21"":4,""kwok-node-22"":3,""kwok-node-23"":3,""kwok-node-24"":4,""kwok-node-25"":4,""kwok-node-26"":3,""kwok-node-27"":3,""kwok-node-28"":3,""kwok-node-29"":4,""kwok-node-3"":4,""kwok-node-30"":4,""kwok-node-31"":4,""kwok-node-32"":4,""kwok-node-4"":4,""kwok-node-5"":4,""kwok-node-6"":4,""kwok-node-7"":3,""kwok-node-8"":2,""kwok-node-9"":3}","{""kwok-node-1"":4,""kwok-node-10"":4,""kwok-node-11"":4,""kwok-node-12"":3,""kwok-node-13"":4,""kwok-node-14"":3,""kwok-node-15"":3,""kwok-node-16"":4,""kwok-node-17"":4,""kwok-node-18"":3,""kwok-node-19"":4,""kwok-node-2"":3,""kwok-node-20"":3,""kwok-node-21"":4,""kwok-node-22"":3,""kwok-node-23"":3,""kwok-node-24"":4,""kwok-node-25"":4,""kwok-node-26"":3,""kwok-node-27"":3,""kwok-node-28"":3,""kwok-node-29"":4,""kwok-node-3"":4,""kwok-node-30"":4,""kwok-node-31"":4,""kwok-node-32"":4,""kwok-node-4"":4,""kwok-node-5"":4,""kwok-node-6"":4,""kwok-node-7"":3,""kwok-node-8"":2,""kwok-node-9"":2}","{""p1"":25,""p2"":23,""p3"":28,""p4"":39}","{""p1"":26,""p2"":23,""p3"":25,""p4"":38}","{""p1"":13}","{""p1"":12,""p3"":3,""p4"":1}","{rs-04-p1-g5n2x,rs-05-p1-9569c,rs-05-p1-td8sl,rs-22-p1-5rvph,rs-22-p1-cbhds,rs-22-p1-csw6g,rs-35-p1-5z5nz,rs-35-p1-g6bf5,rs-35-p1-gl5wx,rs-45-p1-dt6lz,rs-45-p1-j57dm,rs-45-p1-lnp8w,rs-45-p1-mpdxl}","{rs-33-p3-gk9v2,rs-33-p3-hcsvx,rs-33-p3-vqmhb,rs-35-p1-4j4kb,rs-35-p1-5z5nz,rs-35-p1-g6bf5,rs-35-p1-gl5wx,rs-36-p4-7p498,rs-45-p1-dt6lz,rs-45-p1-j57dm,rs-45-p1-lnp8w,rs-45-p1-mpdxl,rs-46-p1-gt6dq,rs-46-p1-nlqpk,rs-46-p1-q6gpg,rs-46-p1-thsb2}","{rs-01-p2-r2v62,rs-02-p4-2skk2,rs-02-p4-7srw2,rs-02-p4-cbb4l,rs-02-p4-krfxc,rs-03-p3-jw97r,rs-03-p3-sltsw,rs-06-p4-5fqdr,rs-06-p4-c2gg2,rs-06-p4-jj6vj,rs-06-p4-wdq64,rs-07-p3-cmfs4,rs-07-p3-msqjz,rs-07-p3-t7cqq,rs-08-p2-56v2g,rs-08-p2-56v77,rs-08-p2-hwrp7,rs-09-p2-p56pk,rs-10-p4-79xlz,rs-10-p4-nmsb6,rs-11-p4-7ndj4,rs-11-p4-k4hkr,rs-11-p4-l4xqs,rs-11-p4-xgq5v,rs-12-p2-96wd2,rs-12-p2-9sw2g,rs-12-p2-hlx29,rs-12-p2-kcs8k,rs-13-p4-97hck,rs-13-p4-9vskr,rs-13-p4-vmjhm,rs-14-p1-bz8dx,rs-14-p1-mvlsq,rs-14-p1-v8lhh,rs-15-p3-bzkk5,rs-15-p3-mq5hs,rs-15-p3-qd5x6,rs-15-p3-xmx7q,rs-16-p1-5b8t9,rs-16-p1-d6h5r,rs-16-p1-lc8v4,rs-17-p3-r5lwq,rs-17-p3-w2zx5,rs-18-p4-8vq74,rs-19-p2-582j5,rs-19-p2-pgtcs,rs-19-p2-vrm2h,rs-20-p2-gvll9,rs-21-p4-dph6x,rs-21-p4-fkzp5,rs-23-p2-5qd76,rs-23-p2-lhnrf,rs-24-p4-jlwb4,rs-24-p4-mndqh,rs-24-p4-tqsb8,rs-25-p3-h45b5,rs-25-p3-j8mkf,rs-25-p3-slvqn,rs-25-p3-z6nbg,rs-26-p4-5tkxl,rs-26-p4-clz86,rs-27-p4-2mfb5,rs-27-p4-c2nbx,rs-27-p4-pls5q,rs-27-p4-q9vqc,rs-28-p2-bvlr4,rs-29-p1-74pf5,rs-29-p1-9bxbm,rs-29-p1-gc7ks,rs-29-p1-mk2hl,rs-30-p1-hzqpm,rs-30-p1-lhr7s,rs-30-p1-pkzjx,rs-30-p1-r9b6z,rs-31-p4-bwm6d,rs-31-p4-ddhhg,rs-31-p4-grd7f,rs-31-p4-k696v,rs-32-p3-c8m69,rs-32-p3-l6fx9,rs-32-p3-qqkkm,rs-32-p3-zwkj8,rs-33-p3-gk9v2,rs-33-p3-hcsvx,rs-33-p3-vqmhb,rs-34-p2-4tsph,rs-34-p2-596fr,rs-34-p2-ctlfj,rs-34-p2-tgr84,rs-35-p1-4j4kb,rs-36-p4-7p498,rs-36-p4-kp6rm,rs-37-p3-5lzdb,rs-37-p3-6mb64,rs-38-p1-9bnvg,rs-38-p1-c9drq,rs-38-p1-dwh9c,rs-39-p4-2bpxr,rs-39-p4-jbr9c,rs-40-p4-7rx7c,rs-40-p4-c6pkk,rs-41-p3-68bnl,rs-42-p2-nn4cp,rs-42-p2-tm4pb,rs-43-p3-drs6r,rs-43-p3-k2rps,rs-43-p3-knbqk,rs-44-p2-94h7p,rs-46-p1-gt6dq,rs-46-p1-nlqpk,rs-46-p1-q6gpg,rs-46-p1-thsb2,rs-47-p1-7qrfz,rs-47-p1-hp9r6,rs-47-p1-mbnwb}","{rs-01-p2-r2v62,rs-02-p4-2skk2,rs-02-p4-7srw2,rs-02-p4-cbb4l,rs-02-p4-krfxc,rs-03-p3-jw97r,rs-03-p3-sltsw,rs-04-p1-s7brz,rs-05-p1-bc8ql,rs-05-p1-jhwlr,rs-06-p4-5fqdr,rs-06-p4-c2gg2,rs-06-p4-jj6vj,rs-06-p4-wdq64,rs-07-p3-cmfs4,rs-07-p3-msqjz,rs-07-p3-t7cqq,rs-08-p2-56v2g,rs-08-p2-56v77,rs-08-p2-hwrp7,rs-09-p2-p56pk,rs-10-p4-79xlz,rs-10-p4-nmsb6,rs-11-p4-7ndj4,rs-11-p4-k4hkr,rs-11-p4-l4xqs,rs-11-p4-xgq5v,rs-12-p2-96wd2,rs-12-p2-9sw2g,rs-12-p2-hlx29,rs-12-p2-kcs8k,rs-13-p4-97hck,rs-13-p4-9vskr,rs-13-p4-vmjhm,rs-14-p1-9zl8h,rs-14-p1-mvlsq,rs-14-p1-v8lhh,rs-15-p3-bzkk5,rs-15-p3-mq5hs,rs-15-p3-qd5x6,rs-15-p3-xmx7q,rs-16-p1-5b8t9,rs-16-p1-d6h5r,rs-16-p1-lc8v4,rs-17-p3-r5lwq,rs-17-p3-w2zx5,rs-18-p4-8vq74,rs-19-p2-582j5,rs-19-p2-pgtcs,rs-19-p2-vrm2h,rs-20-p2-gvll9,rs-21-p4-dph6x,rs-21-p4-fkzp5,rs-22-p1-hmn7r,rs-22-p1-j9zxk,rs-22-p1-xtwnz,rs-23-p2-5qd76,rs-23-p2-lhnrf,rs-24-p4-jlwb4,rs-24-p4-mndqh,rs-24-p4-tqsb8,rs-25-p3-h45b5,rs-25-p3-j8mkf,rs-25-p3-slvqn,rs-25-p3-z6nbg,rs-26-p4-5tkxl,rs-26-p4-clz86,rs-27-p4-2mfb5,rs-27-p4-c2nbx,rs-27-p4-pls5q,rs-27-p4-q9vqc,rs-28-p2-bvlr4,rs-29-p1-74pf5,rs-29-p1-9bxbm,rs-29-p1-gc7ks,rs-29-p1-mk2hl,rs-30-p1-hzqpm,rs-30-p1-pkzjx,rs-30-p1-r9b6z,rs-30-p1-wgdj9,rs-31-p4-bwm6d,rs-31-p4-ddhhg,rs-31-p4-grd7f,rs-31-p4-k696v,rs-32-p3-c8m69,rs-32-p3-l6fx9,rs-32-p3-qqkkm,rs-32-p3-zwkj8,rs-34-p2-4tsph,rs-34-p2-596fr,rs-34-p2-ctlfj,rs-34-p2-tgr84,rs-36-p4-kp6rm,rs-37-p3-5lzdb,rs-37-p3-6mb64,rs-38-p1-9bnvg,rs-38-p1-c9drq,rs-38-p1-dwh9c,rs-39-p4-2bpxr,rs-39-p4-jbr9c,rs-40-p4-7rx7c,rs-40-p4-c6pkk,rs-41-p3-68bnl,rs-42-p2-nn4cp,rs-42-p2-tm4pb,rs-43-p3-drs6r,rs-43-p3-k2rps,rs-43-p3-knbqk,rs-44-p2-94h7p,rs-47-p1-7qrfz,rs-47-p1-hp9r6,rs-47-p1-mbnwb}","[{""name"":""rs-01-p2-r2v62"",""cpu_m"":464,""mem_b"":727190738,""priority"":""2"",""node"":""kwok-node-13""},{""name"":""rs-02-p4-2skk2"",""cpu_m"":492,""mem_b"":821631677,""priority"":""4"",""node"":""kwok-node-10""},{""name"":""rs-02-p4-7srw2"",""cpu_m"":492,""mem_b"":821631677,""priority"":""4"",""node"":""kwok-node-18""},{""name"":""rs-02-p4-cbb4l"",""cpu_m"":492,""mem_b"":821631677,""priority"":""4"",""node"":""kwok-node-17""},{""name"":""rs-02-p4-krfxc"",""cpu_m"":492,""mem_b"":821631677,""priority"":""4"",""node"":""kwok-node-16""},{""name"":""rs-03-p3-jw97r"",""cpu_m"":661,""mem_b"":414521171,""priority"":""3"",""node"":""kwok-node-1""},{""name"":""rs-03-p3-sltsw"",""cpu_m"":661,""mem_b"":414521171,""priority"":""3"",""node"":""kwok-node-15""},{""name"":""rs-04-p1-g5n2x"",""cpu_m"":734,""mem_b"":667780063,""priority"":""1"",""node"":""""},{""name"":""rs-05-p1-9569c"",""cpu_m"":990,""mem_b"":609803622,""priority"":""1"",""node"":""""},{""name"":""rs-05-p1-td8sl"",""cpu_m"":990,""mem_b"":609803622,""priority"":""1"",""node"":""""},{""name"":""rs-06-p4-5fqdr"",""cpu_m"":919,""mem_b"":217323974,""priority"":""4"",""node"":""kwok-node-19""},{""name"":""rs-06-p4-c2gg2"",""cpu_m"":919,""mem_b"":217323974,""priority"":""4"",""node"":""kwok-node-11""},{""name"":""rs-06-p4-jj6vj"",""cpu_m"":919,""mem_b"":217323974,""priority"":""4"",""node"":""kwok-node-25""},{""name"":""rs-06-p4-wdq64"",""cpu_m"":919,""mem_b"":217323974,""priority"":""4"",""node"":""kwok-node-24""},{""name"":""rs-07-p3-cmfs4"",""cpu_m"":635,""mem_b"":104360896,""priority"":""3"",""node"":""kwok-node-26""},{""name"":""rs-07-p3-msqjz"",""cpu_m"":635,""mem_b"":104360896,""priority"":""3"",""node"":""kwok-node-22""},{""name"":""rs-07-p3-t7cqq"",""cpu_m"":635,""mem_b"":104360896,""priority"":""3"",""node"":""kwok-node-2""},{""name"":""rs-08-p2-56v2g"",""cpu_m"":350,""mem_b"":458078385,""priority"":""2"",""node"":""kwok-node-23""},{""name"":""rs-08-p2-56v77"",""cpu_m"":350,""mem_b"":458078385,""priority"":""2"",""node"":""kwok-node-28""},{""name"":""rs-08-p2-hwrp7"",""cpu_m"":350,""mem_b"":458078385,""priority"":""2"",""node"":""kwok-node-21""},{""name"":""rs-09-p2-p56pk"",""cpu_m"":159,""mem_b"":516670554,""priority"":""2"",""node"":""kwok-node-29""},{""name"":""rs-10-p4-79xlz"",""cpu_m"":628,""mem_b"":931118823,""priority"":""4"",""node"":""kwok-node-3""},{""name"":""rs-10-p4-nmsb6"",""cpu_m"":628,""mem_b"":931118823,""priority"":""4"",""node"":""kwok-node-27""},{""name"":""rs-11-p4-7ndj4"",""cpu_m"":142,""mem_b"":646635717,""priority"":""4"",""node"":""kwok-node-32""},{""name"":""rs-11-p4-k4hkr"",""cpu_m"":142,""mem_b"":646635717,""priority"":""4"",""node"":""kwok-node-30""},{""name"":""rs-11-p4-l4xqs"",""cpu_m"":142,""mem_b"":646635717,""priority"":""4"",""node"":""kwok-node-2""},{""name"":""rs-11-p4-xgq5v"",""cpu_m"":142,""mem_b"":646635717,""priority"":""4"",""node"":""kwok-node-31""},{""name"":""rs-12-p2-96wd2"",""cpu_m"":845,""mem_b"":598428536,""priority"":""2"",""node"":""kwok-node-29""},{""name"":""rs-12-p2-9sw2g"",""cpu_m"":845,""mem_b"":598428536,""priority"":""2"",""node"":""kwok-node-6""},{""name"":""rs-12-p2-hlx29"",""cpu_m"":845,""mem_b"":598428536,""priority"":""2"",""node"":""kwok-node-4""},{""name"":""rs-12-p2-kcs8k"",""cpu_m"":845,""mem_b"":598428536,""priority"":""2"",""node"":""kwok-node-5""},{""name"":""rs-13-p4-97hck"",""cpu_m"":369,""mem_b"":538605961,""priority"":""4"",""node"":""kwok-node-28""},{""name"":""rs-13-p4-9vskr"",""cpu_m"":369,""mem_b"":538605961,""priority"":""4"",""node"":""kwok-node-21""},{""name"":""rs-13-p4-vmjhm"",""cpu_m"":369,""mem_b"":538605961,""priority"":""4"",""node"":""kwok-node-23""},{""name"":""rs-14-p1-bz8dx"",""cpu_m"":462,""mem_b"":514343681,""priority"":""1"",""node"":""kwok-node-20""},{""name"":""rs-14-p1-mvlsq"",""cpu_m"":462,""mem_b"":514343681,""priority"":""1"",""node"":""kwok-node-7""},{""name"":""rs-14-p1-v8lhh"",""cpu_m"":462,""mem_b"":514343681,""priority"":""1"",""node"":""kwok-node-32""},{""name"":""rs-15-p3-bzkk5"",""cpu_m"":762,""mem_b"":875586053,""priority"":""3"",""node"":""kwok-node-8""},{""name"":""rs-15-p3-mq5hs"",""cpu_m"":762,""mem_b"":875586053,""priority"":""3"",""node"":""kwok-node-9""},{""name"":""rs-15-p3-qd5x6"",""cpu_m"":762,""mem_b"":875586053,""priority"":""3"",""node"":""kwok-node-30""},{""name"":""rs-15-p3-xmx7q"",""cpu_m"":762,""mem_b"":875586053,""priority"":""3"",""node"":""kwok-node-7""},{""name"":""rs-16-p1-5b8t9"",""cpu_m"":671,""mem_b"":221626521,""priority"":""1"",""node"":""kwok-node-13""},{""name"":""rs-16-p1-d6h5r"",""cpu_m"":671,""mem_b"":221626521,""priority"":""1"",""node"":""kwok-node-16""},{""name"":""rs-16-p1-lc8v4"",""cpu_m"":671,""mem_b"":221626521,""priority"":""1"",""node"":""kwok-node-18""},{""name"":""rs-17-p3-r5lwq"",""cpu_m"":749,""mem_b"":758670828,""priority"":""3"",""node"":""kwok-node-22""},{""name"":""rs-17-p3-w2zx5"",""cpu_m"":749,""mem_b"":758670828,""priority"":""3"",""node"":""kwok-node-26""},{""name"":""rs-18-p4-8vq74"",""cpu_m"":665,""mem_b"":438748690,""priority"":""4"",""node"":""kwok-node-17""},{""name"":""rs-19-p2-582j5"",""cpu_m"":958,""mem_b"":422544889,""priority"":""2"",""node"":""kwok-node-10""},{""name"":""rs-19-p2-pgtcs"",""cpu_m"":958,""mem_b"":422544889,""priority"":""2"",""node"":""kwok-node-31""},{""name"":""rs-19-p2-vrm2h"",""cpu_m"":958,""mem_b"":422544889,""priority"":""2"",""node"":""kwok-node-27""},{""name"":""rs-20-p2-gvll9"",""cpu_m"":337,""mem_b"":200527730,""priority"":""2"",""node"":""kwok-node-1""},{""name"":""rs-21-p4-dph6x"",""cpu_m"":848,""mem_b"":258596122,""priority"":""4"",""node"":""kwok-node-32""},{""name"":""rs-21-p4-fkzp5"",""cpu_m"":848,""mem_b"":258596122,""priority"":""4"",""node"":""kwok-node-3""},{""name"":""rs-22-p1-5rvph"",""cpu_m"":917,""mem_b"":910373309,""priority"":""1"",""node"":""""},{""name"":""rs-22-p1-cbhds"",""cpu_m"":917,""mem_b"":910373309,""priority"":""1"",""node"":""""},{""name"":""rs-22-p1-csw6g"",""cpu_m"":917,""mem_b"":910373309,""priority"":""1"",""node"":""""},{""name"":""rs-23-p2-5qd76"",""cpu_m"":988,""mem_b"":994852733,""priority"":""2"",""node"":""kwok-node-2""},{""name"":""rs-23-p2-lhnrf"",""cpu_m"":988,""mem_b"":994852733,""priority"":""2"",""node"":""kwok-node-8""},{""name"":""rs-24-p4-jlwb4"",""cpu_m"":305,""mem_b"":630345256,""priority"":""4"",""node"":""kwok-node-5""},{""name"":""rs-24-p4-mndqh"",""cpu_m"":305,""mem_b"":630345256,""priority"":""4"",""node"":""kwok-node-4""},{""name"":""rs-24-p4-tqsb8"",""cpu_m"":305,""mem_b"":630345256,""priority"":""4"",""node"":""kwok-node-6""},{""name"":""rs-25-p3-h45b5"",""cpu_m"":275,""mem_b"":346205752,""priority"":""3"",""node"":""kwok-node-24""},{""name"":""rs-25-p3-j8mkf"",""cpu_m"":275,""mem_b"":346205752,""priority"":""3"",""node"":""kwok-node-11""},{""name"":""rs-25-p3-slvqn"",""cpu_m"":275,""mem_b"":346205752,""priority"":""3"",""node"":""kwok-node-19""},{""name"":""rs-25-p3-z6nbg"",""cpu_m"":275,""mem_b"":346205752,""priority"":""3"",""node"":""kwok-node-25""},{""name"":""rs-26-p4-5tkxl"",""cpu_m"":891,""mem_b"":956911891,""priority"":""4"",""node"":""kwok-node-28""},{""name"":""rs-26-p4-clz86"",""cpu_m"":891,""mem_b"":956911891,""priority"":""4"",""node"":""kwok-node-23""},{""name"":""rs-27-p4-2mfb5"",""cpu_m"":145,""mem_b"":803023076,""priority"":""4"",""node"":""kwok-node-14""},{""name"":""rs-27-p4-c2nbx"",""cpu_m"":145,""mem_b"":803023076,""priority"":""4"",""node"":""kwok-node-1""},{""name"":""rs-27-p4-pls5q"",""cpu_m"":145,""mem_b"":803023076,""priority"":""4"",""node"":""kwok-node-20""},{""name"":""rs-27-p4-q9vqc"",""cpu_m"":145,""mem_b"":803023076,""priority"":""4"",""node"":""kwok-node-24""},{""name"":""rs-28-p2-bvlr4"",""cpu_m"":305,""mem_b"":834519503,""priority"":""2"",""node"":""kwok-node-25""},{""name"":""rs-29-p1-74pf5"",""cpu_m"":241,""mem_b"":947074820,""priority"":""1"",""node"":""kwok-node-11""},{""name"":""rs-29-p1-9bxbm"",""cpu_m"":241,""mem_b"":947074820,""priority"":""1"",""node"":""kwok-node-22""},{""name"":""rs-29-p1-gc7ks"",""cpu_m"":241,""mem_b"":947074820,""priority"":""1"",""node"":""kwok-node-19""},{""name"":""rs-29-p1-mk2hl"",""cpu_m"":241,""mem_b"":947074820,""priority"":""1"",""node"":""kwok-node-26""},{""name"":""rs-30-p1-hzqpm"",""cpu_m"":221,""mem_b"":730835555,""priority"":""1"",""node"":""kwok-node-16""},{""name"":""rs-30-p1-lhr7s"",""cpu_m"":221,""mem_b"":730835555,""priority"":""1"",""node"":""kwok-node-14""},{""name"":""rs-30-p1-pkzjx"",""cpu_m"":221,""mem_b"":730835555,""priority"":""1"",""node"":""kwok-node-21""},{""name"":""rs-30-p1-r9b6z"",""cpu_m"":221,""mem_b"":730835555,""priority"":""1"",""node"":""kwok-node-13""},{""name"":""rs-31-p4-bwm6d"",""cpu_m"":115,""mem_b"":558659867,""priority"":""4"",""node"":""kwok-node-29""},{""name"":""rs-31-p4-ddhhg"",""cpu_m"":115,""mem_b"":558659867,""priority"":""4"",""node"":""kwok-node-4""},{""name"":""rs-31-p4-grd7f"",""cpu_m"":115,""mem_b"":558659867,""priority"":""4"",""node"":""kwok-node-3""},{""name"":""rs-31-p4-k696v"",""cpu_m"":115,""mem_b"":558659867,""priority"":""4"",""node"":""kwok-node-6""},{""name"":""rs-32-p3-c8m69"",""cpu_m"":163,""mem_b"":471260523,""priority"":""3"",""node"":""kwok-node-24""},{""name"":""rs-32-p3-l6fx9"",""cpu_m"":163,""mem_b"":471260523,""priority"":""3"",""node"":""kwok-node-17""},{""name"":""rs-32-p3-qqkkm"",""cpu_m"":163,""mem_b"":471260523,""priority"":""3"",""node"":""kwok-node-5""},{""name"":""rs-32-p3-zwkj8"",""cpu_m"":163,""mem_b"":471260523,""priority"":""3"",""node"":""kwok-node-10""},{""name"":""rs-33-p3-gk9v2"",""cpu_m"":831,""mem_b"":877598678,""priority"":""3"",""node"":""kwok-node-12""},{""name"":""rs-33-p3-hcsvx"",""cpu_m"":831,""mem_b"":877598678,""priority"":""3"",""node"":""kwok-node-18""},{""name"":""rs-33-p3-vqmhb"",""cpu_m"":831,""mem_b"":877598678,""priority"":""3"",""node"":""kwok-node-15""},{""name"":""rs-34-p2-4tsph"",""cpu_m"":620,""mem_b"":193083571,""priority"":""2"",""node"":""kwok-node-30""},{""name"":""rs-34-p2-596fr"",""cpu_m"":620,""mem_b"":193083571,""priority"":""2"",""node"":""kwok-node-20""},{""name"":""rs-34-p2-ctlfj"",""cpu_m"":620,""mem_b"":193083571,""priority"":""2"",""node"":""kwok-node-29""},{""name"":""rs-34-p2-tgr84"",""cpu_m"":620,""mem_b"":193083571,""priority"":""2"",""node"":""kwok-node-14""},{""name"":""rs-35-p1-4j4kb"",""cpu_m"":460,""mem_b"":963571816,""priority"":""1"",""node"":""kwok-node-9""},{""name"":""rs-35-p1-5z5nz"",""cpu_m"":460,""mem_b"":963571816,""priority"":""1"",""node"":""""},{""name"":""rs-35-p1-g6bf5"",""cpu_m"":460,""mem_b"":963571816,""priority"":""1"",""node"":""""},{""name"":""rs-35-p1-gl5wx"",""cpu_m"":460,""mem_b"":963571816,""priority"":""1"",""node"":""""},{""name"":""rs-36-p4-7p498"",""cpu_m"":855,""mem_b"":794049014,""priority"":""4"",""node"":""kwok-node-12""},{""name"":""rs-36-p4-kp6rm"",""cpu_m"":855,""mem_b"":794049014,""priority"":""4"",""node"":""kwok-node-1""},{""name"":""rs-37-p3-5lzdb"",""cpu_m"":191,""mem_b"":694820853,""priority"":""3"",""node"":""kwok-node-15""},{""name"":""rs-37-p3-6mb64"",""cpu_m"":191,""mem_b"":694820853,""priority"":""3"",""node"":""kwok-node-27""},{""name"":""rs-38-p1-9bnvg"",""cpu_m"":758,""mem_b"":191586272,""priority"":""1"",""node"":""kwok-node-7""},{""name"":""rs-38-p1-c9drq"",""cpu_m"":758,""mem_b"":191586272,""priority"":""1"",""node"":""kwok-node-21""},{""name"":""rs-38-p1-dwh9c"",""cpu_m"":758,""mem_b"":191586272,""priority"":""1"",""node"":""kwok-node-6""},{""name"":""rs-39-p4-2bpxr"",""cpu_m"":386,""mem_b"":635967448,""priority"":""4"",""node"":""kwok-node-32""},{""name"":""rs-39-p4-jbr9c"",""cpu_m"":386,""mem_b"":635967448,""priority"":""4"",""node"":""kwok-node-25""},{""name"":""rs-40-p4-7rx7c"",""cpu_m"":324,""mem_b"":508164763,""priority"":""4"",""node"":""kwok-node-19""},{""name"":""rs-40-p4-c6pkk"",""cpu_m"":324,""mem_b"":508164763,""priority"":""4"",""node"":""kwok-node-11""},{""name"":""rs-41-p3-68bnl"",""cpu_m"":749,""mem_b"":390718668,""priority"":""3"",""node"":""kwok-node-4""},{""name"":""rs-42-p2-nn4cp"",""cpu_m"":105,""mem_b"":532869049,""priority"":""2"",""node"":""kwok-node-31""},{""name"":""rs-42-p2-tm4pb"",""cpu_m"":105,""mem_b"":532869049,""priority"":""2"",""node"":""kwok-node-12""},{""name"":""rs-43-p3-drs6r"",""cpu_m"":508,""mem_b"":304240809,""priority"":""3"",""node"":""kwok-node-5""},{""name"":""rs-43-p3-k2rps"",""cpu_m"":508,""mem_b"":304240809,""priority"":""3"",""node"":""kwok-node-13""},{""name"":""rs-43-p3-knbqk"",""cpu_m"":508,""mem_b"":304240809,""priority"":""3"",""node"":""kwok-node-17""},{""name"":""rs-44-p2-94h7p"",""cpu_m"":426,""mem_b"":278454371,""priority"":""2"",""node"":""kwok-node-16""},{""name"":""rs-45-p1-dt6lz"",""cpu_m"":733,""mem_b"":911711579,""priority"":""1"",""node"":""""},{""name"":""rs-45-p1-j57dm"",""cpu_m"":733,""mem_b"":911711579,""priority"":""1"",""node"":""""},{""name"":""rs-45-p1-lnp8w"",""cpu_m"":733,""mem_b"":911711579,""priority"":""1"",""node"":""""},{""name"":""rs-45-p1-mpdxl"",""cpu_m"":733,""mem_b"":911711579,""priority"":""1"",""node"":""""},{""name"":""rs-46-p1-gt6dq"",""cpu_m"":748,""mem_b"":348830094,""priority"":""1"",""node"":""kwok-node-20""},{""name"":""rs-46-p1-nlqpk"",""cpu_m"":748,""mem_b"":348830094,""priority"":""1"",""node"":""kwok-node-9""},{""name"":""rs-46-p1-q6gpg"",""cpu_m"":748,""mem_b"":348830094,""priority"":""1"",""node"":""kwok-node-14""},{""name"":""rs-46-p1-thsb2"",""cpu_m"":748,""mem_b"":348830094,""priority"":""1"",""node"":""kwok-node-31""},{""name"":""rs-47-p1-7qrfz"",""cpu_m"":366,""mem_b"":462371365,""priority"":""1"",""node"":""kwok-node-3""},{""name"":""rs-47-p1-hp9r6"",""cpu_m"":366,""mem_b"":462371365,""priority"":""1"",""node"":""kwok-node-30""},{""name"":""rs-47-p1-mbnwb"",""cpu_m"":366,""mem_b"":462371365,""priority"":""1"",""node"":""kwok-node-10""}]","[{""name"":""rs-01-p2-r2v62"",""cpu_m"":464,""mem_b"":727190738,""priority"":""2"",""node"":""kwok-node-13""},{""name"":""rs-02-p4-2skk2"",""cpu_m"":492,""mem_b"":821631677,""priority"":""4"",""node"":""kwok-node-10""},{""name"":""rs-02-p4-7srw2"",""cpu_m"":492,""mem_b"":821631677,""priority"":""4"",""node"":""kwok-node-18""},{""name"":""rs-02-p4-cbb4l"",""cpu_m"":492,""mem_b"":821631677,""priority"":""4"",""node"":""kwok-node-17""},{""name"":""rs-02-p4-krfxc"",""cpu_m"":492,""mem_b"":821631677,""priority"":""4"",""node"":""kwok-node-16""},{""name"":""rs-03-p3-jw97r"",""cpu_m"":661,""mem_b"":414521171,""priority"":""3"",""node"":""kwok-node-1""},{""name"":""rs-03-p3-sltsw"",""cpu_m"":661,""mem_b"":414521171,""priority"":""3"",""node"":""kwok-node-15""},{""name"":""rs-04-p1-s7brz"",""cpu_m"":734,""mem_b"":667780063,""priority"":""1"",""node"":""kwok-node-12""},{""name"":""rs-05-p1-bc8ql"",""cpu_m"":990,""mem_b"":609803622,""priority"":""1"",""node"":""kwok-node-14""},{""name"":""rs-05-p1-jhwlr"",""cpu_m"":990,""mem_b"":609803622,""priority"":""1"",""node"":""kwok-node-20""},{""name"":""rs-06-p4-5fqdr"",""cpu_m"":919,""mem_b"":217323974,""priority"":""4"",""node"":""kwok-node-19""},{""name"":""rs-06-p4-c2gg2"",""cpu_m"":919,""mem_b"":217323974,""priority"":""4"",""node"":""kwok-node-11""},{""name"":""rs-06-p4-jj6vj"",""cpu_m"":919,""mem_b"":217323974,""priority"":""4"",""node"":""kwok-node-25""},{""name"":""rs-06-p4-wdq64"",""cpu_m"":919,""mem_b"":217323974,""priority"":""4"",""node"":""kwok-node-24""},{""name"":""rs-07-p3-cmfs4"",""cpu_m"":635,""mem_b"":104360896,""priority"":""3"",""node"":""kwok-node-26""},{""name"":""rs-07-p3-msqjz"",""cpu_m"":635,""mem_b"":104360896,""priority"":""3"",""node"":""kwok-node-22""},{""name"":""rs-07-p3-t7cqq"",""cpu_m"":635,""mem_b"":104360896,""priority"":""3"",""node"":""kwok-node-2""},{""name"":""rs-08-p2-56v2g"",""cpu_m"":350,""mem_b"":458078385,""priority"":""2"",""node"":""kwok-node-23""},{""name"":""rs-08-p2-56v77"",""cpu_m"":350,""mem_b"":458078385,""priority"":""2"",""node"":""kwok-node-28""},{""name"":""rs-08-p2-hwrp7"",""cpu_m"":350,""mem_b"":458078385,""priority"":""2"",""node"":""kwok-node-21""},{""name"":""rs-09-p2-p56pk"",""cpu_m"":159,""mem_b"":516670554,""priority"":""2"",""node"":""kwok-node-29""},{""name"":""rs-10-p4-79xlz"",""cpu_m"":628,""mem_b"":931118823,""priority"":""4"",""node"":""kwok-node-3""},{""name"":""rs-10-p4-nmsb6"",""cpu_m"":628,""mem_b"":931118823,""priority"":""4"",""node"":""kwok-node-27""},{""name"":""rs-11-p4-7ndj4"",""cpu_m"":142,""mem_b"":646635717,""priority"":""4"",""node"":""kwok-node-32""},{""name"":""rs-11-p4-k4hkr"",""cpu_m"":142,""mem_b"":646635717,""priority"":""4"",""node"":""kwok-node-30""},{""name"":""rs-11-p4-l4xqs"",""cpu_m"":142,""mem_b"":646635717,""priority"":""4"",""node"":""kwok-node-2""},{""name"":""rs-11-p4-xgq5v"",""cpu_m"":142,""mem_b"":646635717,""priority"":""4"",""node"":""kwok-node-31""},{""name"":""rs-12-p2-96wd2"",""cpu_m"":845,""mem_b"":598428536,""priority"":""2"",""node"":""kwok-node-29""},{""name"":""rs-12-p2-9sw2g"",""cpu_m"":845,""mem_b"":598428536,""priority"":""2"",""node"":""kwok-node-6""},{""name"":""rs-12-p2-hlx29"",""cpu_m"":845,""mem_b"":598428536,""priority"":""2"",""node"":""kwok-node-4""},{""name"":""rs-12-p2-kcs8k"",""cpu_m"":845,""mem_b"":598428536,""priority"":""2"",""node"":""kwok-node-5""},{""name"":""rs-13-p4-97hck"",""cpu_m"":369,""mem_b"":538605961,""priority"":""4"",""node"":""kwok-node-28""},{""name"":""rs-13-p4-9vskr"",""cpu_m"":369,""mem_b"":538605961,""priority"":""4"",""node"":""kwok-node-21""},{""name"":""rs-13-p4-vmjhm"",""cpu_m"":369,""mem_b"":538605961,""priority"":""4"",""node"":""kwok-node-23""},{""name"":""rs-14-p1-9zl8h"",""cpu_m"":462,""mem_b"":514343681,""priority"":""1"",""node"":""kwok-node-31""},{""name"":""rs-14-p1-mvlsq"",""cpu_m"":462,""mem_b"":514343681,""priority"":""1"",""node"":""kwok-node-7""},{""name"":""rs-14-p1-v8lhh"",""cpu_m"":462,""mem_b"":514343681,""priority"":""1"",""node"":""kwok-node-32""},{""name"":""rs-15-p3-bzkk5"",""cpu_m"":762,""mem_b"":875586053,""priority"":""3"",""node"":""kwok-node-8""},{""name"":""rs-15-p3-mq5hs"",""cpu_m"":762,""mem_b"":875586053,""priority"":""3"",""node"":""kwok-node-9""},{""name"":""rs-15-p3-qd5x6"",""cpu_m"":762,""mem_b"":875586053,""priority"":""3"",""node"":""kwok-node-30""},{""name"":""rs-15-p3-xmx7q"",""cpu_m"":762,""mem_b"":875586053,""priority"":""3"",""node"":""kwok-node-7""},{""name"":""rs-16-p1-5b8t9"",""cpu_m"":671,""mem_b"":221626521,""priority"":""1"",""node"":""kwok-node-13""},{""name"":""rs-16-p1-d6h5r"",""cpu_m"":671,""mem_b"":221626521,""priority"":""1"",""node"":""kwok-node-16""},{""name"":""rs-16-p1-lc8v4"",""cpu_m"":671,""mem_b"":221626521,""priority"":""1"",""node"":""kwok-node-18""},{""name"":""rs-17-p3-r5lwq"",""cpu_m"":749,""mem_b"":758670828,""priority"":""3"",""node"":""kwok-node-22""},{""name"":""rs-17-p3-w2zx5"",""cpu_m"":749,""mem_b"":758670828,""priority"":""3"",""node"":""kwok-node-26""},{""name"":""rs-18-p4-8vq74"",""cpu_m"":665,""mem_b"":438748690,""priority"":""4"",""node"":""kwok-node-17""},{""name"":""rs-19-p2-582j5"",""cpu_m"":958,""mem_b"":422544889,""priority"":""2"",""node"":""kwok-node-10""},{""name"":""rs-19-p2-pgtcs"",""cpu_m"":958,""mem_b"":422544889,""priority"":""2"",""node"":""kwok-node-31""},{""name"":""rs-19-p2-vrm2h"",""cpu_m"":958,""mem_b"":422544889,""priority"":""2"",""node"":""kwok-node-27""},{""name"":""rs-20-p2-gvll9"",""cpu_m"":337,""mem_b"":200527730,""priority"":""2"",""node"":""kwok-node-1""},{""name"":""rs-21-p4-dph6x"",""cpu_m"":848,""mem_b"":258596122,""priority"":""4"",""node"":""kwok-node-32""},{""name"":""rs-21-p4-fkzp5"",""cpu_m"":848,""mem_b"":258596122,""priority"":""4"",""node"":""kwok-node-3""},{""name"":""rs-22-p1-hmn7r"",""cpu_m"":917,""mem_b"":910373309,""priority"":""1"",""node"":""kwok-node-9""},{""name"":""rs-22-p1-j9zxk"",""cpu_m"":917,""mem_b"":910373309,""priority"":""1"",""node"":""kwok-node-12""},{""name"":""rs-22-p1-xtwnz"",""cpu_m"":917,""mem_b"":910373309,""priority"":""1"",""node"":""kwok-node-15""},{""name"":""rs-23-p2-5qd76"",""cpu_m"":988,""mem_b"":994852733,""priority"":""2"",""node"":""kwok-node-2""},{""name"":""rs-23-p2-lhnrf"",""cpu_m"":988,""mem_b"":994852733,""priority"":""2"",""node"":""kwok-node-8""},{""name"":""rs-24-p4-jlwb4"",""cpu_m"":305,""mem_b"":630345256,""priority"":""4"",""node"":""kwok-node-5""},{""name"":""rs-24-p4-mndqh"",""cpu_m"":305,""mem_b"":630345256,""priority"":""4"",""node"":""kwok-node-4""},{""name"":""rs-24-p4-tqsb8"",""cpu_m"":305,""mem_b"":630345256,""priority"":""4"",""node"":""kwok-node-6""},{""name"":""rs-25-p3-h45b5"",""cpu_m"":275,""mem_b"":346205752,""priority"":""3"",""node"":""kwok-node-24""},{""name"":""rs-25-p3-j8mkf"",""cpu_m"":275,""mem_b"":346205752,""priority"":""3"",""node"":""kwok-node-11""},{""name"":""rs-25-p3-slvqn"",""cpu_m"":275,""mem_b"":346205752,""priority"":""3"",""node"":""kwok-node-19""},{""name"":""rs-25-p3-z6nbg"",""cpu_m"":275,""mem_b"":346205752,""priority"":""3"",""node"":""kwok-node-25""},{""name"":""rs-26-p4-5tkxl"",""cpu_m"":891,""mem_b"":956911891,""priority"":""4"",""node"":""kwok-node-28""},{""name"":""rs-26-p4-clz86"",""cpu_m"":891,""mem_b"":956911891,""priority"":""4"",""node"":""kwok-node-23""},{""name"":""rs-27-p4-2mfb5"",""cpu_m"":145,""mem_b"":803023076,""priority"":""4"",""node"":""kwok-node-14""},{""name"":""rs-27-p4-c2nbx"",""cpu_m"":145,""mem_b"":803023076,""priority"":""4"",""node"":""kwok-node-1""},{""name"":""rs-27-p4-pls5q"",""cpu_m"":145,""mem_b"":803023076,""priority"":""4"",""node"":""kwok-node-20""},{""name"":""rs-27-p4-q9vqc"",""cpu_m"":145,""mem_b"":803023076,""priority"":""4"",""node"":""kwok-node-24""},{""name"":""rs-28-p2-bvlr4"",""cpu_m"":305,""mem_b"":834519503,""priority"":""2"",""node"":""kwok-node-25""},{""name"":""rs-29-p1-74pf5"",""cpu_m"":241,""mem_b"":947074820,""priority"":""1"",""node"":""kwok-node-11""},{""name"":""rs-29-p1-9bxbm"",""cpu_m"":241,""mem_b"":947074820,""priority"":""1"",""node"":""kwok-node-22""},{""name"":""rs-29-p1-gc7ks"",""cpu_m"":241,""mem_b"":947074820,""priority"":""1"",""node"":""kwok-node-19""},{""name"":""rs-29-p1-mk2hl"",""cpu_m"":241,""mem_b"":947074820,""priority"":""1"",""node"":""kwok-node-26""},{""name"":""rs-30-p1-hzqpm"",""cpu_m"":221,""mem_b"":730835555,""priority"":""1"",""node"":""kwok-node-16""},{""name"":""rs-30-p1-pkzjx"",""cpu_m"":221,""mem_b"":730835555,""priority"":""1"",""node"":""kwok-node-21""},{""name"":""rs-30-p1-r9b6z"",""cpu_m"":221,""mem_b"":730835555,""priority"":""1"",""node"":""kwok-node-13""},{""name"":""rs-30-p1-wgdj9"",""cpu_m"":221,""mem_b"":730835555,""priority"":""1"",""node"":""kwok-node-18""},{""name"":""rs-31-p4-bwm6d"",""cpu_m"":115,""mem_b"":558659867,""priority"":""4"",""node"":""kwok-node-29""},{""name"":""rs-31-p4-ddhhg"",""cpu_m"":115,""mem_b"":558659867,""priority"":""4"",""node"":""kwok-node-4""},{""name"":""rs-31-p4-grd7f"",""cpu_m"":115,""mem_b"":558659867,""priority"":""4"",""node"":""kwok-node-3""},{""name"":""rs-31-p4-k696v"",""cpu_m"":115,""mem_b"":558659867,""priority"":""4"",""node"":""kwok-node-6""},{""name"":""rs-32-p3-c8m69"",""cpu_m"":163,""mem_b"":471260523,""priority"":""3"",""node"":""kwok-node-24""},{""name"":""rs-32-p3-l6fx9"",""cpu_m"":163,""mem_b"":471260523,""priority"":""3"",""node"":""kwok-node-17""},{""name"":""rs-32-p3-qqkkm"",""cpu_m"":163,""mem_b"":471260523,""priority"":""3"",""node"":""kwok-node-5""},{""name"":""rs-32-p3-zwkj8"",""cpu_m"":163,""mem_b"":471260523,""priority"":""3"",""node"":""kwok-node-10""},{""name"":""rs-33-p3-gk9v2"",""cpu_m"":831,""mem_b"":877598678,""priority"":""3"",""node"":""""},{""name"":""rs-33-p3-hcsvx"",""cpu_m"":831,""mem_b"":877598678,""priority"":""3"",""node"":""""},{""name"":""rs-33-p3-vqmhb"",""cpu_m"":831,""mem_b"":877598678,""priority"":""3"",""node"":""""},{""name"":""rs-34-p2-4tsph"",""cpu_m"":620,""mem_b"":193083571,""priority"":""2"",""node"":""kwok-node-30""},{""name"":""rs-34-p2-596fr"",""cpu_m"":620,""mem_b"":193083571,""priority"":""2"",""node"":""kwok-node-20""},{""name"":""rs-34-p2-ctlfj"",""cpu_m"":620,""mem_b"":193083571,""priority"":""2"",""node"":""kwok-node-29""},{""name"":""rs-34-p2-tgr84"",""cpu_m"":620,""mem_b"":193083571,""priority"":""2"",""node"":""kwok-node-14""},{""name"":""rs-35-p1-4j4kb"",""cpu_m"":460,""mem_b"":963571816,""priority"":""1"",""node"":""""},{""name"":""rs-35-p1-5z5nz"",""cpu_m"":460,""mem_b"":963571816,""priority"":""1"",""node"":""""},{""name"":""rs-35-p1-g6bf5"",""cpu_m"":460,""mem_b"":963571816,""priority"":""1"",""node"":""""},{""name"":""rs-35-p1-gl5wx"",""cpu_m"":460,""mem_b"":963571816,""priority"":""1"",""node"":""""},{""name"":""rs-36-p4-7p498"",""cpu_m"":855,""mem_b"":794049014,""priority"":""4"",""node"":""""},{""name"":""rs-36-p4-kp6rm"",""cpu_m"":855,""mem_b"":794049014,""priority"":""4"",""node"":""kwok-node-1""},{""name"":""rs-37-p3-5lzdb"",""cpu_m"":191,""mem_b"":694820853,""priority"":""3"",""node"":""kwok-node-15""},{""name"":""rs-37-p3-6mb64"",""cpu_m"":191,""mem_b"":694820853,""priority"":""3"",""node"":""kwok-node-27""},{""name"":""rs-38-p1-9bnvg"",""cpu_m"":758,""mem_b"":191586272,""priority"":""1"",""node"":""kwok-node-7""},{""name"":""rs-38-p1-c9drq"",""cpu_m"":758,""mem_b"":191586272,""priority"":""1"",""node"":""kwok-node-21""},{""name"":""rs-38-p1-dwh9c"",""cpu_m"":758,""mem_b"":191586272,""priority"":""1"",""node"":""kwok-node-6""},{""name"":""rs-39-p4-2bpxr"",""cpu_m"":386,""mem_b"":635967448,""priority"":""4"",""node"":""kwok-node-32""},{""name"":""rs-39-p4-jbr9c"",""cpu_m"":386,""mem_b"":635967448,""priority"":""4"",""node"":""kwok-node-25""},{""name"":""rs-40-p4-7rx7c"",""cpu_m"":324,""mem_b"":508164763,""priority"":""4"",""node"":""kwok-node-19""},{""name"":""rs-40-p4-c6pkk"",""cpu_m"":324,""mem_b"":508164763,""priority"":""4"",""node"":""kwok-node-11""},{""name"":""rs-41-p3-68bnl"",""cpu_m"":749,""mem_b"":390718668,""priority"":""3"",""node"":""kwok-node-4""},{""name"":""rs-42-p2-nn4cp"",""cpu_m"":105,""mem_b"":532869049,""priority"":""2"",""node"":""kwok-node-31""},{""name"":""rs-42-p2-tm4pb"",""cpu_m"":105,""mem_b"":532869049,""priority"":""2"",""node"":""kwok-node-12""},{""name"":""rs-43-p3-drs6r"",""cpu_m"":508,""mem_b"":304240809,""priority"":""3"",""node"":""kwok-node-5""},{""name"":""rs-43-p3-k2rps"",""cpu_m"":508,""mem_b"":304240809,""priority"":""3"",""node"":""kwok-node-13""},{""name"":""rs-43-p3-knbqk"",""cpu_m"":508,""mem_b"":304240809,""priority"":""3"",""node"":""kwok-node-17""},{""name"":""rs-44-p2-94h7p"",""cpu_m"":426,""mem_b"":278454371,""priority"":""2"",""node"":""kwok-node-16""},{""name"":""rs-45-p1-dt6lz"",""cpu_m"":733,""mem_b"":911711579,""priority"":""1"",""node"":""""},{""name"":""rs-45-p1-j57dm"",""cpu_m"":733,""mem_b"":911711579,""priority"":""1"",""node"":""""},{""name"":""rs-45-p1-lnp8w"",""cpu_m"":733,""mem_b"":911711579,""priority"":""1"",""node"":""""},{""name"":""rs-45-p1-mpdxl"",""cpu_m"":733,""mem_b"":911711579,""priority"":""1"",""node"":""""},{""name"":""rs-46-p1-gt6dq"",""cpu_m"":748,""mem_b"":348830094,""priority"":""1"",""node"":""""},{""name"":""rs-46-p1-nlqpk"",""cpu_m"":748,""mem_b"":348830094,""priority"":""1"",""node"":""""},{""name"":""rs-46-p1-q6gpg"",""cpu_m"":748,""mem_b"":348830094,""priority"":""1"",""node"":""""},{""name"":""rs-46-p1-thsb2"",""cpu_m"":748,""mem_b"":348830094,""priority"":""1"",""node"":""""},{""name"":""rs-47-p1-7qrfz"",""cpu_m"":366,""mem_b"":462371365,""priority"":""1"",""node"":""kwok-node-3""},{""name"":""rs-47-p1-hp9r6"",""cpu_m"":366,""mem_b"":462371365,""priority"":""1"",""node"":""kwok-node-30""},{""name"":""rs-47-p1-mbnwb"",""cpu_m"":366,""mem_b"":462371365,""priority"":""1"",""node"":""kwok-node-10""}]","[{""name"":""kwok-node-1"",""cap_cpu_m"":2024,""cap_mem_bytes"":2228541115},{""name"":""kwok-node-2"",""cap_cpu_m"":2024,""cap_mem_bytes"":2228541115},{""name"":""kwok-node-3"",""cap_cpu_m"":2024,""cap_mem_bytes"":2228541115},{""name"":""kwok-node-4"",""cap_cpu_m"":2024,""cap_mem_bytes"":2228541115},{""name"":""kwok-node-5"",""cap_cpu_m"":2024,""cap_mem_bytes"":2228541115},{""name"":""kwok-node-6"",""cap_cpu_m"":2024,""cap_mem_bytes"":2228541115},{""name"":""kwok-node-7"",""cap_cpu_m"":2024,""cap_mem_bytes"":2228541115},{""name"":""kwok-node-8"",""cap_cpu_m"":2024,""cap_mem_bytes"":2228541115},{""name"":""kwok-node-9"",""cap_cpu_m"":2024,""cap_mem_bytes"":2228541115},{""name"":""kwok-node-10"",""cap_cpu_m"":2024,""cap_mem_bytes"":2228541115},{""name"":""kwok-node-11"",""cap_cpu_m"":2024,""cap_mem_bytes"":2228541115},{""name"":""kwok-node-12"",""cap_cpu_m"":2024,""cap_mem_bytes"":2228541115},{""name"":""kwok-node-13"",""cap_cpu_m"":2024,""cap_mem_bytes"":2228541115},{""name"":""kwok-node-14"",""cap_cpu_m"":2024,""cap_mem_bytes"":2228541115},{""name"":""kwok-node-15"",""cap_cpu_m"":2024,""cap_mem_bytes"":2228541115},{""name"":""kwok-node-16"",""cap_cpu_m"":2024,""cap_mem_bytes"":2228541115},{""name"":""kwok-node-17"",""cap_cpu_m"":2024,""cap_mem_bytes"":2228541115},{""name"":""kwok-node-18"",""cap_cpu_m"":2024,""cap_mem_bytes"":2228541115},{""name"":""kwok-node-19"",""cap_cpu_m"":2024,""cap_mem_bytes"":2228541115},{""name"":""kwok-node-20"",""cap_cpu_m"":2024,""cap_mem_bytes"":2228541115},{""name"":""kwok-node-21"",""cap_cpu_m"":2024,""cap_mem_bytes"":2228541115},{""name"":""kwok-node-22"",""cap_cpu_m"":2024,""cap_mem_bytes"":2228541115},{""name"":""kwok-node-23"",""cap_cpu_m"":2024,""cap_mem_bytes"":2228541115},{""name"":""kwok-node-24"",""cap_cpu_m"":2024,""cap_mem_bytes"":2228541115},{""name"":""kwok-node-25"",""cap_cpu_m"":2024,""cap_mem_bytes"":2228541115},{""name"":""kwok-node-26"",""cap_cpu_m"":2024,""cap_mem_bytes"":2228541115},{""name"":""kwok-node-27"",""cap_cpu_m"":2024,""cap_mem_bytes"":2228541115},{""name"":""kwok-node-28"",""cap_cpu_m"":2024,""cap_mem_bytes"":2228541115},{""name"":""kwok-node-29"",""cap_cpu_m"":2024,""cap_mem_bytes"":2228541115},{""name"":""kwok-node-30"",""cap_cpu_m"":2024,""cap_mem_bytes"":2228541115},{""name"":""kwok-node-31"",""cap_cpu_m"":2024,""cap_mem_bytes"":2228541115},{""name"":""kwok-node-32"",""cap_cpu_m"":2024,""cap_mem_bytes"":2228541115}]"
2026/02/11/12:37:25,8650194206863455706,,"{""evicted"":0,""moved"":0,""placed_by_priority"":{""1"":22,""2"":25,""3"":31,""4"":29}}",python,"{""evicted"":11,""moved"":3,""placed_by_priority"":{""1"":12,""2"":29,""3"":38,""4"":32}}",999,FEASIBLE,"[{""duration_ms"":999,""name"":""python"",""score"":{""evicted"":11,""moved"":3,""placed_by_priority"":{""1"":12,""2"":29,""3"":38,""4"":32}},""status"":""FEASIBLE""}]",0.884,0.836,0.896,0.857,60704,57393,62278474641,59550875336,111,107,17,21,"{""kwok-node-1"":4,""kwok-node-10"":3,""kwok-node-11"":3,""kwok-node-12"":5,""kwok-node-13"":4,""kwok-node-14"":3,""kwok-node-15"":3,""kwok-node-16"":3,""kwok-node-17"":3,""kwok-node-18"":3,""kwok-node-19"":3,""kwok-node-2"":4,""kwok-node-20"":4,""kwok-node-21"":3,""kwok-node-22"":4,""kwok-node-23"":3,""kwok-node-24"":4,""kwok-node-25"":3,""kwok-node-26"":4,""kwok-node-27"":3,""kwok-node-28"":3,""kwok-node-29"":4,""kwok-node-3"":4,""kwok-node-30"":3,""kwok-node-31"":4,""kwok-node-32"":3,""kwok-node-4"":4,""kwok-node-5"":3,""kwok-node-6"":3,""kwok-node-7"":3,""kwok-node-8"":4,""kwok-node-9"":4}","{""kwok-node-1"":4,""kwok-node-10"":3,""kwok-node-11"":3,""kwok-node-12"":5,""kwok-node-13"":4,""kwok-node-14"":3,""kwok-node-15"":3,""kwok-node-16"":3,""kwok-node-17"":3,""kwok-node-18"":3,""kwok-node-19"":3,""kwok-node-2"":4,""kwok-node-20"":3,""kwok-node-21"":3,""kwok-node-22"":3,""kwok-node-23"":3,""kwok-node-24"":3,""kwok-node-25"":3,""kwok-node-26"":3,""kwok-node-27"":3,""kwok-node-28"":3,""kwok-node-29"":4,""kwok-node-3"":4,""kwok-node-30"":3,""kwok-node-31"":4,""kwok-node-32"":3,""kwok-node-4"":4,""kwok-node-5"":3,""kwok-node-6"":3,""kwok-node-7"":3,""kwok-node-8"":4,""kwok-node-9"":4}","{""p1"":12,""p2"":29,""p3"":38,""p4"":32}","{""p1"":22,""p2"":25,""p3"":31,""p4"":29}","{""p1"":17}","{""p1"":7,""p2"":4,""p3"":7,""p4"":3}","{rs-06-p1-27vgl,rs-16-p1-5hglp,rs-16-p1-rbtjd,rs-30-p1-blmvd,rs-30-p1-m6rmp,rs-30-p1-qcpxg,rs-30-p1-vlw6n,rs-35-p1-bc4wg,rs-35-p1-br9d5,rs-35-p1-d4dt6,rs-35-p1-qqc9x,rs-43-p1-4k5nw,rs-43-p1-5rh9s,rs-44-p1-5cl9l,rs-44-p1-9jkbg,rs-52-p1-2rc4t,rs-52-p1-bhfs4}","{rs-38-p3-8d9bn,rs-38-p3-ndsd8,rs-38-p3-w92jg,rs-38-p3-wnnjs,rs-43-p1-4k5nw,rs-43-p1-5rh9s,rs-44-p1-5cl9l,rs-44-p1-9jkbg,rs-46-p2-2qwtn,rs-46-p2-5vxhq,rs-47-p3-4phdp,rs-48-p2-6mjpz,rs-48-p2-6tdh2,rs-51-p4-6jdb9,rs-51-p4-hmhxg,rs-51-p4-rl8fw,rs-52-p1-2rc4t,rs-52-p1-bhfs4,rs-53-p1-2nxqk,rs-54-p3-d8jjb,rs-54-p3-g6lb9}","{rs-01-p2-rwvtn,rs-02-p4-6nmc4,rs-02-p4-fj9zq,rs-02-p4-sfjkz,rs-02-p4-sfp95,rs-03-p3-5r9zp,rs-03-p3-hcg5k,rs-04-p2-jp6pg,rs-05-p3-zglwk,rs-06-p1-gq8tl,rs-07-p3-2ntdr,rs-07-p3-kk2w2,rs-07-p3-lqn6j,rs-07-p3-sdmhh,rs-08-p2-hcfcc,rs-08-p2-l55qr,rs-08-p2-ln7zz,rs-08-p2-wpdxz,rs-09-p4-gqpb7,rs-10-p2-4f5wf,rs-10-p2-bttnj,rs-10-p2-s924w,rs-11-p3-d5mwq,rs-11-p3-k564j,rs-12-p2-vs9x8,rs-13-p2-9zxsn,rs-13-p2-h7g5r,rs-14-p4-cnlfw,rs-14-p4-x4v6q,rs-15-p1-mzrr7,rs-16-p1-4859j,rs-16-p1-97hzp,rs-17-p2-4wd2t,rs-17-p2-d6jkt,rs-18-p4-8zprp,rs-18-p4-cfpp4,rs-18-p4-j2lsl,rs-18-p4-zksmm,rs-19-p3-2mrvj,rs-19-p3-tvt66,rs-19-p3-wjj4w,rs-19-p3-z777q,rs-20-p4-2lq9w,rs-20-p4-kv8j9,rs-20-p4-n7s5z,rs-20-p4-rflnj,rs-21-p2-24lx6,rs-21-p2-hnbwn,rs-21-p2-rwfzl,rs-21-p2-zq9mw,rs-22-p1-6grmr,rs-23-p3-cx5kj,rs-23-p3-sn28h,rs-24-p3-dtxcj,rs-24-p3-m8rhn,rs-24-p3-ntwdx,rs-25-p4-qbjhw,rs-25-p4-ql4sj,rs-26-p2-759c7,rs-27-p4-7dshb,rs-27-p4-9gwzt,rs-28-p2-v4kkg,rs-29-p4-cd6qp,rs-29-p4-gqbh8,rs-31-p4-nbnpd,rs-32-p3-2wn4j,rs-32-p3-kqpdn,rs-33-p3-9ltbr,rs-33-p3-bvch6,rs-33-p3-n6ww5,rs-33-p3-w7dg4,rs-34-p2-82vpn,rs-34-p2-njmcd,rs-34-p2-pffzv,rs-36-p4-8qcls,rs-37-p1-9mz7v,rs-37-p1-cql2w,rs-37-p1-wng9h,rs-37-p1-wr2m6,rs-38-p3-8d9bn,rs-38-p3-ndsd8,rs-38-p3-w92jg,rs-38-p3-wnnjs,rs-39-p2-xhj5c,rs-40-p4-2gxp7,rs-40-p4-7rf4h,rs-40-p4-kn7jt,rs-41-p4-vr649,rs-42-p3-7lk68,rs-42-p3-g4tj2,rs-42-p3-htn5x,rs-42-p3-j5ll7,rs-45-p2-2r54v,rs-46-p2-2qwtn,rs-46-p2-5vxhq,rs-47-p3-4phdp,rs-48-p2-6mjpz,rs-48-p2-6tdh2,rs-49-p4-2qrmv,rs-49-p4-fjjg6,rs-50-p3-9d8wj,rs-50-p3-qdlzm,rs-50-p3-s7m97,rs-51-p4-6jdb9,rs-51-p4-hmhxg,rs-51-p4-rl8fw,rs-53-p1-2nxqk,rs-53-p1-hksxg,rs-53-p1-hrnvw,rs-54-p3-d8jjb,rs-54-p3-g6lb9}","{rs-01-p2-rwvtn,rs-02-p4-6nmc4,rs-02-p4-fj9zq,rs-02-p4-sfjkz,rs-02-p4-sfp95,rs-03-p3-5r9zp,rs-03-p3-hcg5k,rs-04-p2-jp6pg,rs-05-p3-zglwk,rs-06-p1-cvfqk,rs-06-p1-gq8tl,rs-07-p3-2ntdr,rs-07-p3-kk2w2,rs-07-p3-lqn6j,rs-07-p3-sdmhh,rs-08-p2-hcfcc,rs-08-p2-l55qr,rs-08-p2-ln7zz,rs-08-p2-wpdxz,rs-09-p4-gqpb7,rs-10-p2-4f5wf,rs-10-p2-bttnj,rs-10-p2-s924w,rs-11-p3-d5mwq,rs-11-p3-k564j,rs-12-p2-vs9x8,rs-13-p2-9zxsn,rs-13-p2-h7g5r,rs-14-p4-cnlfw,rs-14-p4-x4v6q,rs-15-p1-mzrr7,rs-16-p1-4859j,rs-16-p1-97hzp,rs-16-p1-c2vzz,rs-16-p1-gmvzm,rs-17-p2-4wd2t,rs-17-p2-d6jkt,rs-18-p4-8zprp,rs-18-p4-cfpp4,rs-18-p4-j2lsl,rs-18-p4-zksmm,rs-19-p3-2mrvj,rs-19-p3-tvt66,rs-19-p3-wjj4w,rs-19-p3-z777q,rs-20-p4-2lq9w,rs-20-p4-kv8j9,rs-20-p4-n7s5z,rs-20-p4-rflnj,rs-21-p2-24lx6,rs-21-p2-hnbwn,rs-21-p2-rwfzl,rs-21-p2-zq9mw,rs-22-p1-pb9c5,rs-23-p3-cx5kj,rs-23-p3-sn28h,rs-24-p3-dtxcj,rs-24-p3-m8rhn,rs-24-p3-ntwdx,rs-25-p4-qbjhw,rs-25-p4-ql4sj,rs-26-p2-759c7,rs-27-p4-7dshb,rs-27-p4-9gwzt,rs-28-p2-v4kkg,rs-29-p4-cd6qp,rs-29-p4-gqbh8,rs-30-p1-6rmh5,rs-30-p1-dv4bb,rs-30-p1-kldjj,rs-30-p1-ntztq,rs-31-p4-nbnpd,rs-32-p3-2wn4j,rs-32-p3-kqpdn,rs-33-p3-9ltbr,rs-33-p3-bvch6,rs-33-p3-n6ww5,rs-33-p3-w7dg4,rs-34-p2-82vpn,rs-34-p2-njmcd,rs-34-p2-pffzv,rs-35-p1-5jnv8,rs-35-p1-jf6nx,rs-35-p1-s6vvt,rs-35-p1-wv624,rs-36-p4-8qcls,rs-37-p1-9mz7v,rs-37-p1-jpt8q,rs-37-p1-npfpv,rs-37-p1-wng9h,rs-39-p2-xhj5c,rs-40-p4-2gxp7,rs-40-p4-7rf4h,rs-40-p4-kn7jt,rs-41-p4-vr649,rs-42-p3-7lk68,rs-42-p3-g4tj2,rs-42-p3-htn5x,rs-42-p3-j5ll7,rs-45-p2-2r54v,rs-49-p4-2qrmv,rs-49-p4-fjjg6,rs-50-p3-9d8wj,rs-50-p3-qdlzm,rs-50-p3-s7m97,rs-53-p1-hksxg,rs-53-p1-hrnvw}","[{""name"":""rs-01-p2-rwvtn"",""cpu_m"":783,""mem_b"":171606051,""priority"":""2"",""node"":""kwok-node-10""},{""name"":""rs-02-p4-6nmc4"",""cpu_m"":752,""mem_b"":731455082,""priority"":""4"",""node"":""kwok-node-17""},{""name"":""rs-02-p4-fj9zq"",""cpu_m"":752,""mem_b"":731455082,""priority"":""4"",""node"":""kwok-node-22""},{""name"":""rs-02-p4-sfjkz"",""cpu_m"":752,""mem_b"":731455082,""priority"":""4"",""node"":""kwok-node-16""},{""name"":""rs-02-p4-sfp95"",""cpu_m"":752,""mem_b"":731455082,""priority"":""4"",""node"":""kwok-node-13""},{""name"":""rs-03-p3-5r9zp"",""cpu_m"":257,""mem_b"":838250879,""priority"":""3"",""node"":""kwok-node-19""},{""name"":""rs-03-p3-hcg5k"",""cpu_m"":257,""mem_b"":838250879,""priority"":""3"",""node"":""kwok-node-20""},{""name"":""rs-04-p2-jp6pg"",""cpu_m"":761,""mem_b"":179215129,""priority"":""2"",""node"":""kwok-node-15""},{""name"":""rs-05-p3-zglwk"",""cpu_m"":329,""mem_b"":974455586,""priority"":""3"",""node"":""kwok-node-1""},{""name"":""rs-06-p1-27vgl"",""cpu_m"":925,""mem_b"":164448595,""priority"":""1"",""node"":""""},{""name"":""rs-06-p1-gq8tl"",""cpu_m"":925,""mem_b"":164448595,""priority"":""1"",""node"":""kwok-node-2""},{""name"":""rs-07-p3-2ntdr"",""cpu_m"":950,""mem_b"":685051181,""priority"":""3"",""node"":""kwok-node-28""},{""name"":""rs-07-p3-kk2w2"",""cpu_m"":950,""mem_b"":685051181,""priority"":""3"",""node"":""kwok-node-23""},{""name"":""rs-07-p3-lqn6j"",""cpu_m"":950,""mem_b"":685051181,""priority"":""3"",""node"":""kwok-node-25""},{""name"":""rs-07-p3-sdmhh"",""cpu_m"":950,""mem_b"":685051181,""priority"":""3"",""node"":""kwok-node-27""},{""name"":""rs-08-p2-hcfcc"",""cpu_m"":349,""mem_b"":558527823,""priority"":""2"",""node"":""kwok-node-21""},{""name"":""rs-08-p2-l55qr"",""cpu_m"":349,""mem_b"":558527823,""priority"":""2"",""node"":""kwok-node-3""},{""name"":""rs-08-p2-ln7zz"",""cpu_m"":349,""mem_b"":558527823,""priority"":""2"",""node"":""kwok-node-18""},{""name"":""rs-08-p2-wpdxz"",""cpu_m"":349,""mem_b"":558527823,""priority"":""2"",""node"":""kwok-node-26""},{""name"":""rs-09-p4-gqpb7"",""cpu_m"":214,""mem_b"":437429543,""priority"":""4"",""node"":""kwok-node-12""},{""name"":""rs-10-p2-4f5wf"",""cpu_m"":922,""mem_b"":601742381,""priority"":""2"",""node"":""kwok-node-29""},{""name"":""rs-10-p2-bttnj"",""cpu_m"":922,""mem_b"":601742381,""priority"":""2"",""node"":""kwok-node-24""},{""name"":""rs-10-p2-s924w"",""cpu_m"":922,""mem_b"":601742381,""priority"":""2"",""node"":""kwok-node-11""},{""name"":""rs-11-p3-d5mwq"",""cpu_m"":865,""mem_b"":638857171,""priority"":""3"",""node"":""kwok-node-32""},{""name"":""rs-11-p3-k564j"",""cpu_m"":865,""mem_b"":638857171,""priority"":""3"",""node"":""kwok-node-30""},{""name"":""rs-12-p2-vs9x8"",""cpu_m"":372,""mem_b"":184248295,""priority"":""2"",""node"":""kwok-node-31""},{""name"":""rs-13-p2-9zxsn"",""cpu_m"":560,""mem_b"":728845492,""priority"":""2"",""node"":""kwok-node-7""},{""name"":""rs-13-p2-h7g5r"",""cpu_m"":560,""mem_b"":728845492,""priority"":""2"",""node"":""kwok-node-6""},{""name"":""rs-14-p4-cnlfw"",""cpu_m"":663,""mem_b"":343812246,""priority"":""4"",""node"":""kwok-node-8""},{""name"":""rs-14-p4-x4v6q"",""cpu_m"":663,""mem_b"":343812246,""priority"":""4"",""node"":""kwok-node-5""},{""name"":""rs-15-p1-mzrr7"",""cpu_m"":293,""mem_b"":336095807,""priority"":""1"",""node"":""kwok-node-4""},{""name"":""rs-16-p1-4859j"",""cpu_m"":150,""mem_b"":863194924,""priority"":""1"",""node"":""kwok-node-9""},{""name"":""rs-16-p1-5hglp"",""cpu_m"":150,""mem_b"":863194924,""priority"":""1"",""node"":""""},{""name"":""rs-16-p1-97hzp"",""cpu_m"":150,""mem_b"":863194924,""priority"":""1"",""node"":""kwok-node-31""},{""name"":""rs-16-p1-rbtjd"",""cpu_m"":150,""mem_b"":863194924,""priority"":""1"",""node"":""""},{""name"":""rs-17-p2-4wd2t"",""cpu_m"":290,""mem_b"":549963403,""priority"":""2"",""node"":""kwok-node-4""},{""name"":""rs-17-p2-d6jkt"",""cpu_m"":290,""mem_b"":549963403,""priority"":""2"",""node"":""kwok-node-8""},{""name"":""rs-18-p4-8zprp"",""cpu_m"":313,""mem_b"":950165646,""priority"":""4"",""node"":""kwok-node-14""},{""name"":""rs-18-p4-cfpp4"",""cpu_m"":313,""mem_b"":950165646,""priority"":""4"",""node"":""kwok-node-5""},{""name"":""rs-18-p4-j2lsl"",""cpu_m"":313,""mem_b"":950165646,""priority"":""4"",""node"":""kwok-node-2""},{""name"":""rs-18-p4-zksmm"",""cpu_m"":313,""mem_b"":950165646,""priority"":""4"",""node"":""kwok-node-12""},{""name"":""rs-19-p3-2mrvj"",""cpu_m"":690,""mem_b"":766919393,""priority"":""3"",""node"":""kwok-node-18""},{""name"":""rs-19-p3-tvt66"",""cpu_m"":690,""mem_b"":766919393,""priority"":""3"",""node"":""kwok-node-3""},{""name"":""rs-19-p3-wjj4w"",""cpu_m"":690,""mem_b"":766919393,""priority"":""3"",""node"":""kwok-node-26""},{""name"":""rs-19-p3-z777q"",""cpu_m"":690,""mem_b"":766919393,""priority"":""3"",""node"":""kwok-node-21""},{""name"":""rs-20-p4-2lq9w"",""cpu_m"":797,""mem_b"":647592440,""priority"":""4"",""node"":""kwok-node-20""},{""name"":""rs-20-p4-kv8j9"",""cpu_m"":797,""mem_b"":647592440,""priority"":""4"",""node"":""kwok-node-7""},{""name"":""rs-20-p4-n7s5z"",""cpu_m"":797,""mem_b"":647592440,""priority"":""4"",""node"":""kwok-node-19""},{""name"":""rs-20-p4-rflnj"",""cpu_m"":797,""mem_b"":647592440,""priority"":""4"",""node"":""kwok-node-6""},{""name"":""rs-21-p2-24lx6"",""cpu_m"":324,""mem_b"":873828372,""priority"":""2"",""node"":""kwok-node-11""},{""name"":""rs-21-p2-hnbwn"",""cpu_m"":324,""mem_b"":873828372,""priority"":""2"",""node"":""kwok-node-32""},{""name"":""rs-21-p2-rwfzl"",""cpu_m"":324,""mem_b"":873828372,""priority"":""2"",""node"":""kwok-node-29""},{""name"":""rs-21-p2-zq9mw"",""cpu_m"":324,""mem_b"":873828372,""priority"":""2"",""node"":""kwok-node-24""},{""name"":""rs-22-p1-6grmr"",""cpu_m"":536,""mem_b"":115959024,""priority"":""1"",""node"":""kwok-node-24""},{""name"":""rs-23-p3-cx5kj"",""cpu_m"":158,""mem_b"":787975278,""priority"":""3"",""node"":""kwok-node-27""},{""name"":""rs-23-p3-sn28h"",""cpu_m"":158,""mem_b"":787975278,""priority"":""3"",""node"":""kwok-node-30""},{""name"":""rs-24-p3-dtxcj"",""cpu_m"":347,""mem_b"":601928834,""priority"":""3"",""node"":""kwok-node-23""},{""name"":""rs-24-p3-m8rhn"",""cpu_m"":347,""mem_b"":601928834,""priority"":""3"",""node"":""kwok-node-25""},{""name"":""rs-24-p3-ntwdx"",""cpu_m"":347,""mem_b"":601928834,""priority"":""3"",""node"":""kwok-node-28""},{""name"":""rs-25-p4-qbjhw"",""cpu_m"":361,""mem_b"":271635558,""priority"":""4"",""node"":""kwok-node-22""},{""name"":""rs-25-p4-ql4sj"",""cpu_m"":361,""mem_b"":271635558,""priority"":""4"",""node"":""kwok-node-13""},{""name"":""rs-26-p2-759c7"",""cpu_m"":820,""mem_b"":390760442,""priority"":""2"",""node"":""kwok-node-1""},{""name"":""rs-27-p4-7dshb"",""cpu_m"":835,""mem_b"":518029568,""priority"":""4"",""node"":""kwok-node-9""},{""name"":""rs-27-p4-9gwzt"",""cpu_m"":835,""mem_b"":518029568,""priority"":""4"",""node"":""kwok-node-4""},{""name"":""rs-28-p2-v4kkg"",""cpu_m"":855,""mem_b"":133079926,""priority"":""2"",""node"":""kwok-node-31""},{""name"":""rs-29-p4-cd6qp"",""cpu_m"":813,""mem_b"":346930605,""priority"":""4"",""node"":""kwok-node-16""},{""name"":""rs-29-p4-gqbh8"",""cpu_m"":813,""mem_b"":346930605,""priority"":""4"",""node"":""kwok-node-17""},{""name"":""rs-30-p1-blmvd"",""cpu_m"":882,""mem_b"":616390548,""priority"":""1"",""node"":""""},{""name"":""rs-30-p1-m6rmp"",""cpu_m"":882,""mem_b"":616390548,""priority"":""1"",""node"":""""},{""name"":""rs-30-p1-qcpxg"",""cpu_m"":882,""mem_b"":616390548,""priority"":""1"",""node"":""""},{""name"":""rs-30-p1-vlw6n"",""cpu_m"":882,""mem_b"":616390548,""priority"":""1"",""node"":""""},{""name"":""rs-31-p4-nbnpd"",""cpu_m"":594,""mem_b"":640040541,""priority"":""4"",""node"":""kwok-node-22""},{""name"":""rs-32-p3-2wn4j"",""cpu_m"":228,""mem_b"":610289303,""priority"":""3"",""node"":""kwok-node-13""},{""name"":""rs-32-p3-kqpdn"",""cpu_m"":228,""mem_b"":610289303,""priority"":""3"",""node"":""kwok-node-2""},{""name"":""rs-33-p3-9ltbr"",""cpu_m"":524,""mem_b"":541189464,""priority"":""3"",""node"":""kwok-node-23""},{""name"":""rs-33-p3-bvch6"",""cpu_m"":524,""mem_b"":541189464,""priority"":""3"",""node"":""kwok-node-25""},{""name"":""rs-33-p3-n6ww5"",""cpu_m"":524,""mem_b"":541189464,""priority"":""3"",""node"":""kwok-node-14""},{""name"":""rs-33-p3-w7dg4"",""cpu_m"":524,""mem_b"":541189464,""priority"":""3"",""node"":""kwok-node-28""},{""name"":""rs-34-p2-82vpn"",""cpu_m"":717,""mem_b"":186631365,""priority"":""2"",""node"":""kwok-node-30""},{""name"":""rs-34-p2-njmcd"",""cpu_m"":717,""mem_b"":186631365,""priority"":""2"",""node"":""kwok-node-3""},{""name"":""rs-34-p2-pffzv"",""cpu_m"":717,""mem_b"":186631365,""priority"":""2"",""node"":""kwok-node-12""},{""name"":""rs-35-p1-bc4wg"",""cpu_m"":419,""mem_b"":647852949,""priority"":""1"",""node"":""""},{""name"":""rs-35-p1-br9d5"",""cpu_m"":419,""mem_b"":647852949,""priority"":""1"",""node"":""""},{""name"":""rs-35-p1-d4dt6"",""cpu_m"":419,""mem_b"":647852949,""priority"":""1"",""node"":""""},{""name"":""rs-35-p1-qqc9x"",""cpu_m"":419,""mem_b"":647852949,""priority"":""1"",""node"":""""},{""name"":""rs-36-p4-8qcls"",""cpu_m"":381,""mem_b"":512395049,""priority"":""4"",""node"":""kwok-node-6""},{""name"":""rs-37-p1-9mz7v"",""cpu_m"":356,""mem_b"":354470682,""priority"":""1"",""node"":""kwok-node-29""},{""name"":""rs-37-p1-cql2w"",""cpu_m"":356,""mem_b"":354470682,""priority"":""1"",""node"":""kwok-node-20""},{""name"":""rs-37-p1-wng9h"",""cpu_m"":356,""mem_b"":354470682,""priority"":""1"",""node"":""kwok-node-1""},{""name"":""rs-37-p1-wr2m6"",""cpu_m"":356,""mem_b"":354470682,""priority"":""1"",""node"":""kwok-node-22""},{""name"":""rs-38-p3-8d9bn"",""cpu_m"":611,""mem_b"":796478447,""priority"":""3"",""node"":""kwok-node-15""},{""name"":""rs-38-p3-ndsd8"",""cpu_m"":611,""mem_b"":796478447,""priority"":""3"",""node"":""kwok-node-10""},{""name"":""rs-38-p3-w92jg"",""cpu_m"":611,""mem_b"":796478447,""priority"":""3"",""node"":""kwok-node-31""},{""name"":""rs-38-p3-wnnjs"",""cpu_m"":611,""mem_b"":796478447,""priority"":""3"",""node"":""kwok-node-21""},{""name"":""rs-39-p2-xhj5c"",""cpu_m"":779,""mem_b"":692121074,""priority"":""2"",""node"":""kwok-node-27""},{""name"":""rs-40-p4-2gxp7"",""cpu_m"":671,""mem_b"":206078364,""priority"":""4"",""node"":""kwok-node-19""},{""name"":""rs-40-p4-7rf4h"",""cpu_m"":671,""mem_b"":206078364,""priority"":""4"",""node"":""kwok-node-32""},{""name"":""rs-40-p4-kn7jt"",""cpu_m"":671,""mem_b"":206078364,""priority"":""4"",""node"":""kwok-node-20""},{""name"":""rs-41-p4-vr649"",""cpu_m"":509,""mem_b"":789793904,""priority"":""4"",""node"":""kwok-node-16""},{""name"":""rs-42-p3-7lk68"",""cpu_m"":268,""mem_b"":543952655,""priority"":""3"",""node"":""kwok-node-17""},{""name"":""rs-42-p3-g4tj2"",""cpu_m"":268,""mem_b"":543952655,""priority"":""3"",""node"":""kwok-node-11""},{""name"":""rs-42-p3-htn5x"",""cpu_m"":268,""mem_b"":543952655,""priority"":""3"",""node"":""kwok-node-24""},{""name"":""rs-42-p3-j5ll7"",""cpu_m"":268,""mem_b"":543952655,""priority"":""3"",""node"":""kwok-node-9""},{""name"":""rs-43-p1-4k5nw"",""cpu_m"":952,""mem_b"":519353198,""priority"":""1"",""node"":""""},{""name"":""rs-43-p1-5rh9s"",""cpu_m"":952,""mem_b"":519353198,""priority"":""1"",""node"":""""},{""name"":""rs-44-p1-5cl9l"",""cpu_m"":607,""mem_b"":609669981,""priority"":""1"",""node"":""""},{""name"":""rs-44-p1-9jkbg"",""cpu_m"":607,""mem_b"":609669981,""priority"":""1"",""node"":""""},{""name"":""rs-45-p2-2r54v"",""cpu_m"":238,""mem_b"":270444743,""priority"":""2"",""node"":""kwok-node-12""},{""name"":""rs-46-p2-2qwtn"",""cpu_m"":832,""mem_b"":128010774,""priority"":""2"",""node"":""kwok-node-9""},{""name"":""rs-46-p2-5vxhq"",""cpu_m"":832,""mem_b"":128010774,""priority"":""2"",""node"":""kwok-node-26""},{""name"":""rs-47-p3-4phdp"",""cpu_m"":510,""mem_b"":699521574,""priority"":""3"",""node"":""kwok-node-4""},{""name"":""rs-48-p2-6mjpz"",""cpu_m"":537,""mem_b"":947885803,""priority"":""2"",""node"":""kwok-node-10""},{""name"":""rs-48-p2-6tdh2"",""cpu_m"":537,""mem_b"":947885803,""priority"":""2"",""node"":""kwok-node-15""},{""name"":""rs-49-p4-2qrmv"",""cpu_m"":465,""mem_b"":155090996,""priority"":""4"",""node"":""kwok-node-13""},{""name"":""rs-49-p4-fjjg6"",""cpu_m"":465,""mem_b"":155090996,""priority"":""4"",""node"":""kwok-node-2""},{""name"":""rs-50-p3-9d8wj"",""cpu_m"":534,""mem_b"":222096986,""priority"":""3"",""node"":""kwok-node-12""},{""name"":""rs-50-p3-qdlzm"",""cpu_m"":534,""mem_b"":222096986,""priority"":""3"",""node"":""kwok-node-1""},{""name"":""rs-50-p3-s7m97"",""cpu_m"":534,""mem_b"":222096986,""priority"":""3"",""node"":""kwok-node-29""},{""name"":""rs-51-p4-6jdb9"",""cpu_m"":712,""mem_b"":592631422,""priority"":""4"",""node"":""kwok-node-8""},{""name"":""rs-51-p4-hmhxg"",""cpu_m"":712,""mem_b"":592631422,""priority"":""4"",""node"":""kwok-node-7""},{""name"":""rs-51-p4-rl8fw"",""cpu_m"":712,""mem_b"":592631422,""priority"":""4"",""node"":""kwok-node-14""},{""name"":""rs-52-p1-2rc4t"",""cpu_m"":894,""mem_b"":739943627,""priority"":""1"",""node"":""""},{""name"":""rs-52-p1-bhfs4"",""cpu_m"":894,""mem_b"":739943627,""priority"":""1"",""node"":""""},{""name"":""rs-53-p1-2nxqk"",""cpu_m"":210,""mem_b"":618586804,""priority"":""1"",""node"":""kwok-node-26""},{""name"":""rs-53-p1-hksxg"",""cpu_m"":210,""mem_b"":618586804,""priority"":""1"",""node"":""kwok-node-3""},{""name"":""rs-53-p1-hrnvw"",""cpu_m"":210,""mem_b"":618586804,""priority"":""1"",""node"":""kwok-node-8""},{""name"":""rs-54-p3-d8jjb"",""cpu_m"":851,""mem_b"":620851075,""priority"":""3"",""node"":""kwok-node-5""},{""name"":""rs-54-p3-g6lb9"",""cpu_m"":851,""mem_b"":620851075,""priority"":""3"",""node"":""kwok-node-18""}]","[{""name"":""rs-01-p2-rwvtn"",""cpu_m"":783,""mem_b"":171606051,""priority"":""2"",""node"":""kwok-node-10""},{""name"":""rs-02-p4-6nmc4"",""cpu_m"":752,""mem_b"":731455082,""priority"":""4"",""node"":""kwok-node-17""},{""name"":""rs-02-p4-fj9zq"",""cpu_m"":752,""mem_b"":731455082,""priority"":""4"",""node"":""kwok-node-22""},{""name"":""rs-02-p4-sfjkz"",""cpu_m"":752,""mem_b"":731455082,""priority"":""4"",""node"":""kwok-node-16""},{""name"":""rs-02-p4-sfp95"",""cpu_m"":752,""mem_b"":731455082,""priority"":""4"",""node"":""kwok-node-13""},{""name"":""rs-03-p3-5r9zp"",""cpu_m"":257,""mem_b"":838250879,""priority"":""3"",""node"":""kwok-node-19""},{""name"":""rs-03-p3-hcg5k"",""cpu_m"":257,""mem_b"":838250879,""priority"":""3"",""node"":""kwok-node-20""},{""name"":""rs-04-p2-jp6pg"",""cpu_m"":761,""mem_b"":179215129,""priority"":""2"",""node"":""kwok-node-15""},{""name"":""rs-05-p3-zglwk"",""cpu_m"":329,""mem_b"":974455586,""priority"":""3"",""node"":""kwok-node-1""},{""name"":""rs-06-p1-cvfqk"",""cpu_m"":925,""mem_b"":164448595,""priority"":""1"",""node"":""kwok-node-14""},{""name"":""rs-06-p1-gq8tl"",""cpu_m"":925,""mem_b"":164448595,""priority"":""1"",""node"":""kwok-node-2""},{""name"":""rs-07-p3-2ntdr"",""cpu_m"":950,""mem_b"":685051181,""priority"":""3"",""node"":""kwok-node-28""},{""name"":""rs-07-p3-kk2w2"",""cpu_m"":950,""mem_b"":685051181,""priority"":""3"",""node"":""kwok-node-23""},{""name"":""rs-07-p3-lqn6j"",""cpu_m"":950,""mem_b"":685051181,""priority"":""3"",""node"":""kwok-node-25""},{""name"":""rs-07-p3-sdmhh"",""cpu_m"":950,""mem_b"":685051181,""priority"":""3"",""node"":""kwok-node-27""},{""name"":""rs-08-p2-hcfcc"",""cpu_m"":349,""mem_b"":558527823,""priority"":""2"",""node"":""kwok-node-21""},{""name"":""rs-08-p2-l55qr"",""cpu_m"":349,""mem_b"":558527823,""priority"":""2"",""node"":""kwok-node-3""},{""name"":""rs-08-p2-ln7zz"",""cpu_m"":349,""mem_b"":558527823,""priority"":""2"",""node"":""kwok-node-18""},{""name"":""rs-08-p2-wpdxz"",""cpu_m"":349,""mem_b"":558527823,""priority"":""2"",""node"":""kwok-node-26""},{""name"":""rs-09-p4-gqpb7"",""cpu_m"":214,""mem_b"":437429543,""priority"":""4"",""node"":""kwok-node-12""},{""name"":""rs-10-p2-4f5wf"",""cpu_m"":922,""mem_b"":601742381,""priority"":""2"",""node"":""kwok-node-29""},{""name"":""rs-10-p2-bttnj"",""cpu_m"":922,""mem_b"":601742381,""priority"":""2"",""node"":""kwok-node-24""},{""name"":""rs-10-p2-s924w"",""cpu_m"":922,""mem_b"":601742381,""priority"":""2"",""node"":""kwok-node-11""},{""name"":""rs-11-p3-d5mwq"",""cpu_m"":865,""mem_b"":638857171,""priority"":""3"",""node"":""kwok-node-32""},{""name"":""rs-11-p3-k564j"",""cpu_m"":865,""mem_b"":638857171,""priority"":""3"",""node"":""kwok-node-30""},{""name"":""rs-12-p2-vs9x8"",""cpu_m"":372,""mem_b"":184248295,""priority"":""2"",""node"":""kwok-node-31""},{""name"":""rs-13-p2-9zxsn"",""cpu_m"":560,""mem_b"":728845492,""priority"":""2"",""node"":""kwok-node-7""},{""name"":""rs-13-p2-h7g5r"",""cpu_m"":560,""mem_b"":728845492,""priority"":""2"",""node"":""kwok-node-6""},{""name"":""rs-14-p4-cnlfw"",""cpu_m"":663,""mem_b"":343812246,""priority"":""4"",""node"":""kwok-node-8""},{""name"":""rs-14-p4-x4v6q"",""cpu_m"":663,""mem_b"":343812246,""priority"":""4"",""node"":""kwok-node-5""},{""name"":""rs-15-p1-mzrr7"",""cpu_m"":293,""mem_b"":336095807,""priority"":""1"",""node"":""kwok-node-4""},{""name"":""rs-16-p1-4859j"",""cpu_m"":150,""mem_b"":863194924,""priority"":""1"",""node"":""kwok-node-9""},{""name"":""rs-16-p1-97hzp"",""cpu_m"":150,""mem_b"":863194924,""priority"":""1"",""node"":""kwok-node-31""},{""name"":""rs-16-p1-c2vzz"",""cpu_m"":150,""mem_b"":863194924,""priority"":""1"",""node"":""kwok-node-15""},{""name"":""rs-16-p1-gmvzm"",""cpu_m"":150,""mem_b"":863194924,""priority"":""1"",""node"":""kwok-node-10""},{""name"":""rs-17-p2-4wd2t"",""cpu_m"":290,""mem_b"":549963403,""priority"":""2"",""node"":""kwok-node-4""},{""name"":""rs-17-p2-d6jkt"",""cpu_m"":290,""mem_b"":549963403,""priority"":""2"",""node"":""kwok-node-8""},{""name"":""rs-18-p4-8zprp"",""cpu_m"":313,""mem_b"":950165646,""priority"":""4"",""node"":""kwok-node-14""},{""name"":""rs-18-p4-cfpp4"",""cpu_m"":313,""mem_b"":950165646,""priority"":""4"",""node"":""kwok-node-5""},{""name"":""rs-18-p4-j2lsl"",""cpu_m"":313,""mem_b"":950165646,""priority"":""4"",""node"":""kwok-node-2""},{""name"":""rs-18-p4-zksmm"",""cpu_m"":313,""mem_b"":950165646,""priority"":""4"",""node"":""kwok-node-12""},{""name"":""rs-19-p3-2mrvj"",""cpu_m"":690,""mem_b"":766919393,""priority"":""3"",""node"":""kwok-node-18""},{""name"":""rs-19-p3-tvt66"",""cpu_m"":690,""mem_b"":766919393,""priority"":""3"",""node"":""kwok-node-3""},{""name"":""rs-19-p3-wjj4w"",""cpu_m"":690,""mem_b"":766919393,""priority"":""3"",""node"":""kwok-node-26""},{""name"":""rs-19-p3-z777q"",""cpu_m"":690,""mem_b"":766919393,""priority"":""3"",""node"":""kwok-node-21""},{""name"":""rs-20-p4-2lq9w"",""cpu_m"":797,""mem_b"":647592440,""priority"":""4"",""node"":""kwok-node-20""},{""name"":""rs-20-p4-kv8j9"",""cpu_m"":797,""mem_b"":647592440,""priority"":""4"",""node"":""kwok-node-7""},{""name"":""rs-20-p4-n7s5z"",""cpu_m"":797,""mem_b"":647592440,""priority"":""4"",""node"":""kwok-node-19""},{""name"":""rs-20-p4-rflnj"",""cpu_m"":797,""mem_b"":647592440,""priority"":""4"",""node"":""kwok-node-6""},{""name"":""rs-21-p2-24lx6"",""cpu_m"":324,""mem_b"":873828372,""priority"":""2"",""node"":""kwok-node-11""},{""name"":""rs-21-p2-hnbwn"",""cpu_m"":324,""mem_b"":873828372,""priority"":""2"",""node"":""kwok-node-32""},{""name"":""rs-21-p2-rwfzl"",""cpu_m"":324,""mem_b"":873828372,""priority"":""2"",""node"":""kwok-node-29""},{""name"":""rs-21-p2-zq9mw"",""cpu_m"":324,""mem_b"":873828372,""priority"":""2"",""node"":""kwok-node-24""},{""name"":""rs-22-p1-pb9c5"",""cpu_m"":536,""mem_b"":115959024,""priority"":""1"",""node"":""kwok-node-9""},{""name"":""rs-23-p3-cx5kj"",""cpu_m"":158,""mem_b"":787975278,""priority"":""3"",""node"":""kwok-node-27""},{""name"":""rs-23-p3-sn28h"",""cpu_m"":158,""mem_b"":787975278,""priority"":""3"",""node"":""kwok-node-30""},{""name"":""rs-24-p3-dtxcj"",""cpu_m"":347,""mem_b"":601928834,""priority"":""3"",""node"":""kwok-node-23""},{""name"":""rs-24-p3-m8rhn"",""cpu_m"":347,""mem_b"":601928834,""priority"":""3"",""node"":""kwok-node-25""},{""name"":""rs-24-p3-ntwdx"",""cpu_m"":347,""mem_b"":601928834,""priority"":""3"",""node"":""kwok-node-28""},{""name"":""rs-25-p4-qbjhw"",""cpu_m"":361,""mem_b"":271635558,""priority"":""4"",""node"":""kwok-node-22""},{""name"":""rs-25-p4-ql4sj"",""cpu_m"":361,""mem_b"":271635558,""priority"":""4"",""node"":""kwok-node-13""},{""name"":""rs-26-p2-759c7"",""cpu_m"":820,""mem_b"":390760442,""priority"":""2"",""node"":""kwok-node-1""},{""name"":""rs-27-p4-7dshb"",""cpu_m"":835,""mem_b"":518029568,""priority"":""4"",""node"":""kwok-node-9""},{""name"":""rs-27-p4-9gwzt"",""cpu_m"":835,""mem_b"":518029568,""priority"":""4"",""node"":""kwok-node-4""},{""name"":""rs-28-p2-v4kkg"",""cpu_m"":855,""mem_b"":133079926,""priority"":""2"",""node"":""kwok-node-31""},{""name"":""rs-29-p4-cd6qp"",""cpu_m"":813,""mem_b"":346930605,""priority"":""4"",""node"":""kwok-node-16""},{""name"":""rs-29-p4-gqbh8"",""cpu_m"":813,""mem_b"":346930605,""priority"":""4"",""node"":""kwok-node-17""},{""name"":""rs-30-p1-6rmh5"",""cpu_m"":882,""mem_b"":616390548,""priority"":""1"",""node"":""kwok-node-5""},{""name"":""rs-30-p1-dv4bb"",""cpu_m"":882,""mem_b"":616390548,""priority"":""1"",""node"":""kwok-node-10""},{""name"":""rs-30-p1-kldjj"",""cpu_m"":882,""mem_b"":616390548,""priority"":""1"",""node"":""kwok-node-15""},{""name"":""rs-30-p1-ntztq"",""cpu_m"":882,""mem_b"":616390548,""priority"":""1"",""node"":""kwok-node-8""},{""name"":""rs-31-p4-nbnpd"",""cpu_m"":594,""mem_b"":640040541,""priority"":""4"",""node"":""kwok-node-22""},{""name"":""rs-32-p3-2wn4j"",""cpu_m"":228,""mem_b"":610289303,""priority"":""3"",""node"":""kwok-node-13""},{""name"":""rs-32-p3-kqpdn"",""cpu_m"":228,""mem_b"":610289303,""priority"":""3"",""node"":""kwok-node-2""},{""name"":""rs-33-p3-9ltbr"",""cpu_m"":524,""mem_b"":541189464,""priority"":""3"",""node"":""kwok-node-23""},{""name"":""rs-33-p3-bvch6"",""cpu_m"":524,""mem_b"":541189464,""priority"":""3"",""node"":""kwok-node-25""},{""name"":""rs-33-p3-n6ww5"",""cpu_m"":524,""mem_b"":541189464,""priority"":""3"",""node"":""kwok-node-14""},{""name"":""rs-33-p3-w7dg4"",""cpu_m"":524,""mem_b"":541189464,""priority"":""3"",""node"":""kwok-node-28""},{""name"":""rs-34-p2-82vpn"",""cpu_m"":717,""mem_b"":186631365,""priority"":""2"",""node"":""kwok-node-30""},{""name"":""rs-34-p2-njmcd"",""cpu_m"":717,""mem_b"":186631365,""priority"":""2"",""node"":""kwok-node-3""},{""name"":""rs-34-p2-pffzv"",""cpu_m"":717,""mem_b"":186631365,""priority"":""2"",""node"":""kwok-node-12""},{""name"":""rs-35-p1-5jnv8"",""cpu_m"":419,""mem_b"":647852949,""priority"":""1"",""node"":""kwok-node-26""},{""name"":""rs-35-p1-jf6nx"",""cpu_m"":419,""mem_b"":647852949,""priority"":""1"",""node"":""kwok-node-21""},{""name"":""rs-35-p1-s6vvt"",""cpu_m"":419,""mem_b"":647852949,""priority"":""1"",""node"":""kwok-node-18""},{""name"":""rs-35-p1-wv624"",""cpu_m"":419,""mem_b"":647852949,""priority"":""1"",""node"":""kwok-node-31""},{""name"":""rs-36-p4-8qcls"",""cpu_m"":381,""mem_b"":512395049,""priority"":""4"",""node"":""kwok-node-6""},{""name"":""rs-37-p1-9mz7v"",""cpu_m"":356,""mem_b"":354470682,""priority"":""1"",""node"":""kwok-node-29""},{""name"":""rs-37-p1-jpt8q"",""cpu_m"":356,""mem_b"":354470682,""priority"":""1"",""node"":""kwok-node-4""},{""name"":""rs-37-p1-npfpv"",""cpu_m"":356,""mem_b"":354470682,""priority"":""1"",""node"":""kwok-node-7""},{""name"":""rs-37-p1-wng9h"",""cpu_m"":356,""mem_b"":354470682,""priority"":""1"",""node"":""kwok-node-1""},{""name"":""rs-38-p3-8d9bn"",""cpu_m"":611,""mem_b"":796478447,""priority"":""3"",""node"":""""},{""name"":""rs-38-p3-ndsd8"",""cpu_m"":611,""mem_b"":796478447,""priority"":""3"",""node"":""""},{""name"":""rs-38-p3-w92jg"",""cpu_m"":611,""mem_b"":796478447,""priority"":""3"",""node"":""""},{""name"":""rs-38-p3-wnnjs"",""cpu_m"":611,""mem_b"":796478447,""priority"":""3"",""node"":""""},{""name"":""rs-39-p2-xhj5c"",""cpu_m"":779,""mem_b"":692121074,""priority"":""2"",""node"":""kwok-node-27""},{""name"":""rs-40-p4-2gxp7"",""cpu_m"":671,""mem_b"":206078364,""priority"":""4"",""node"":""kwok-node-19""},{""name"":""rs-40-p4-7rf4h"",""cpu_m"":671,""mem_b"":206078364,""priority"":""4"",""node"":""kwok-node-32""},{""name"":""rs-40-p4-kn7jt"",""cpu_m"":671,""mem_b"":206078364,""priority"":""4"",""node"":""kwok-node-20""},{""name"":""rs-41-p4-vr649"",""cpu_m"":509,""mem_b"":789793904,""priority"":""4"",""node"":""kwok-node-16""},{""name"":""rs-42-p3-7lk68"",""cpu_m"":268,""mem_b"":543952655,""priority"":""3"",""node"":""kwok-node-17""},{""name"":""rs-42-p3-g4tj2"",""cpu_m"":268,""mem_b"":543952655,""priority"":""3"",""node"":""kwok-node-11""},{""name"":""rs-42-p3-htn5x"",""cpu_m"":268,""mem_b"":543952655,""priority"":""3"",""node"":""kwok-node-24""},{""name"":""rs-42-p3-j5ll7"",""cpu_m"":268,""mem_b"":543952655,""priority"":""3"",""node"":""kwok-node-9""},{""name"":""rs-43-p1-4k5nw"",""cpu_m"":952,""mem_b"":519353198,""priority"":""1"",""node"":""""},{""name"":""rs-43-p1-5rh9s"",""cpu_m"":952,""mem_b"":519353198,""priority"":""1"",""node"":""""},{""name"":""rs-44-p1-5cl9l"",""cpu_m"":607,""mem_b"":609669981,""priority"":""1"",""node"":""""},{""name"":""rs-44-p1-9jkbg"",""cpu_m"":607,""mem_b"":609669981,""priority"":""1"",""node"":""""},{""name"":""rs-45-p2-2r54v"",""cpu_m"":238,""mem_b"":270444743,""priority"":""2"",""node"":""kwok-node-12""},{""name"":""rs-46-p2-2qwtn"",""cpu_m"":832,""mem_b"":128010774,""priority"":""2"",""node"":""""},{""name"":""rs-46-p2-5vxhq"",""cpu_m"":832,""mem_b"":128010774,""priority"":""2"",""node"":""""},{""name"":""rs-47-p3-4phdp"",""cpu_m"":510,""mem_b"":699521574,""priority"":""3"",""node"":""""},{""name"":""rs-48-p2-6mjpz"",""cpu_m"":537,""mem_b"":947885803,""priority"":""2"",""node"":""""},{""name"":""rs-48-p2-6tdh2"",""cpu_m"":537,""mem_b"":947885803,""priority"":""2"",""node"":""""},{""name"":""rs-49-p4-2qrmv"",""cpu_m"":465,""mem_b"":155090996,""priority"":""4"",""node"":""kwok-node-13""},{""name"":""rs-49-p4-fjjg6"",""cpu_m"":465,""mem_b"":155090996,""priority"":""4"",""node"":""kwok-node-2""},{""name"":""rs-50-p3-9d8wj"",""cpu_m"":534,""mem_b"":222096986,""priority"":""3"",""node"":""kwok-node-12""},{""name"":""rs-50-p3-qdlzm"",""cpu_m"":534,""mem_b"":222096986,""priority"":""3"",""node"":""kwok-node-1""},{""name"":""rs-50-p3-s7m97"",""cpu_m"":534,""mem_b"":222096986,""priority"":""3"",""node"":""kwok-node-29""},{""name"":""rs-51-p4-6jdb9"",""cpu_m"":712,""mem_b"":592631422,""priority"":""4"",""node"":""""},{""name"":""rs-51-p4-hmhxg"",""cpu_m"":712,""mem_b"":592631422,""priority"":""4"",""node"":""""},{""name"":""rs-51-p4-rl8fw"",""cpu_m"":712,""mem_b"":592631422,""priority"":""4"",""node"":""""},{""name"":""rs-52-p1-2rc4t"",""cpu_m"":894,""mem_b"":739943627,""priority"":""1"",""node"":""""},{""name"":""rs-52-p1-bhfs4"",""cpu_m"":894,""mem_b"":739943627,""priority"":""1"",""node"":""""},{""name"":""rs-53-p1-2nxqk"",""cpu_m"":210,""mem_b"":618586804,""priority"":""1"",""node"":""""},{""name"":""rs-53-p1-hksxg"",""cpu_m"":210,""mem_b"":618586804,""priority"":""1"",""node"":""kwok-node-3""},{""name"":""rs-53-p1-hrnvw"",""cpu_m"":210,""mem_b"":618586804,""priority"":""1"",""node"":""kwok-node-8""},{""name"":""rs-54-p3-d8jjb"",""cpu_m"":851,""mem_b"":620851075,""priority"":""3"",""node"":""""},{""name"":""rs-54-p3-g6lb9"",""cpu_m"":851,""mem_b"":620851075,""priority"":""3"",""node"":""""}]","[{""name"":""kwok-node-1"",""cap_cpu_m"":2145,""cap_mem_bytes"":2171554188},{""name"":""kwok-node-2"",""cap_cpu_m"":2145,""cap_mem_bytes"":2171554188},{""name"":""kwok-node-3"",""cap_cpu_m"":2145,""cap_mem_bytes"":2171554188},{""name"":""kwok-node-4"",""cap_cpu_m"":2145,""cap_mem_bytes"":2171554188},{""name"":""kwok-node-5"",""cap_cpu_m"":2145,""cap_mem_bytes"":2171554188},{""name"":""kwok-node-6"",""cap_cpu_m"":2145,""cap_mem_bytes"":2171554188},{""name"":""kwok-node-7"",""cap_cpu_m"":2145,""cap_mem_bytes"":2171554188},{""name"":""kwok-node-8"",""cap_cpu_m"":2145,""cap_mem_bytes"":2171554188},{""name"":""kwok-node-9"",""cap_cpu_m"":2145,""cap_mem_bytes"":2171554188},{""name"":""kwok-node-10"",""cap_cpu_m"":2145,""cap_mem_bytes"":2171554188},{""name"":""kwok-node-11"",""cap_cpu_m"":2145,""cap_mem_bytes"":2171554188},{""name"":""kwok-node-12"",""cap_cpu_m"":2145,""cap_mem_bytes"":2171554188},{""name"":""kwok-node-13"",""cap_cpu_m"":2145,""cap_mem_bytes"":2171554188},{""name"":""kwok-node-14"",""cap_cpu_m"":2145,""cap_mem_bytes"":2171554188},{""name"":""kwok-node-15"",""cap_cpu_m"":2145,""cap_mem_bytes"":2171554188},{""name"":""kwok-node-16"",""cap_cpu_m"":2145,""cap_mem_bytes"":2171554188},{""name"":""kwok-node-17"",""cap_cpu_m"":2145,""cap_mem_bytes"":2171554188},{""name"":""kwok-node-18"",""cap_cpu_m"":2145,""cap_mem_bytes"":2171554188},{""name"":""kwok-node-19"",""cap_cpu_m"":2145,""cap_mem_bytes"":2171554188},{""name"":""kwok-node-20"",""cap_cpu_m"":2145,""cap_mem_bytes"":2171554188},{""name"":""kwok-node-21"",""cap_cpu_m"":2145,""cap_mem_bytes"":2171554188},{""name"":""kwok-node-22"",""cap_cpu_m"":2145,""cap_mem_bytes"":2171554188},{""name"":""kwok-node-23"",""cap_cpu_m"":2145,""cap_mem_bytes"":2171554188},{""name"":""kwok-node-24"",""cap_cpu_m"":2145,""cap_mem_bytes"":2171554188},{""name"":""kwok-node-25"",""cap_cpu_m"":2145,""cap_mem_bytes"":2171554188},{""name"":""kwok-node-26"",""cap_cpu_m"":2145,""cap_mem_bytes"":2171554188},{""name"":""kwok-node-27"",""cap_cpu_m"":2145,""cap_mem_bytes"":2171554188},{""name"":""kwok-node-28"",""cap_cpu_m"":2145,""cap_mem_bytes"":2171554188},{""name"":""kwok-node-29"",""cap_cpu_m"":2145,""cap_mem_bytes"":2171554188},{""name"":""kwok-node-30"",""cap_cpu_m"":2145,""cap_mem_bytes"":2171554188},{""name"":""kwok-node-31"",""cap_cpu_m"":2145,""cap_mem_bytes"":2171554188},{""name"":""kwok-node-32"",""cap_cpu_m"":2145,""cap_mem_bytes"":2171554188}]"
2026/02/11/12:38:19,8033569224504949185,,"{""evicted"":0,""moved"":0,""placed_by_priority"":{""1"":28,""2"":32,""3"":28,""4"":24}}",python,"{""evicted"":11,""moved"":10,""placed_by_priority"":{""1"":17,""2"":38,""3"":33,""4"":29}}",991,FEASIBLE,"[{""duration_ms"":991,""name"":""python"",""score"":{""evicted"":11,""moved"":10,""placed_by_priority"":{""1"":17,""2"":38,""3"":33,""4"":29}},""status"":""FEASIBLE""}]",0.933,0.884,0.929,0.907,58829,55706,64166043500,62646718361,117,112,11,16,"{""kwok-node-1"":5,""kwok-node-10"":4,""kwok-node-11"":4,""kwok-node-12"":4,""kwok-node-13"":4,""kwok-node-14"":4,""kwok-node-15"":4,""kwok-node-16"":5,""kwok-node-17"":3,""kwok-node-18"":4,""kwok-node-19"":3,""kwok-node-2"":3,""kwok-node-20"":3,""kwok-node-21"":4,""kwok-node-22"":4,""kwok-node-23"":3,""kwok-node-24"":3,""kwok-node-25"":5,""kwok-node-26"":4,""kwok-node-27"":4,""kwok-node-28"":5,""kwok-node-29"":3,""kwok-node-3"":3,""kwok-node-30"":3,""kwok-node-31"":3,""kwok-node-32"":4,""kwok-node-4"":3,""kwok-node-5"":3,""kwok-node-6"":3,""kwok-node-7"":4,""kwok-node-8"":3,""kwok-node-9"":3}","{""kwok-node-1"":5,""kwok-node-10"":4,""kwok-node-11"":4,""kwok-node-12"":4,""kwok-node-13"":3,""kwok-node-14"":4,""kwok-node-15"":4,""kwok-node-16"":5,""kwok-node-17"":3,""kwok-node-18"":4,""kwok-node-19"":3,""kwok-node-2"":4,""kwok-node-20"":3,""kwok-node-21"":4,""kwok-node-22"":3,""kwok-node-23"":3,""kwok-node-24"":3,""kwok-node-25"":4,""kwok-node-26"":3,""kwok-node-27"":4,""kwok-node-28"":4,""kwok-node-29"":3,""kwok-node-3"":3,""kwok-node-30"":3,""kwok-node-31"":3,""kwok-node-32"":4,""kwok-node-4"":3,""kwok-node-5"":3,""kwok-node-6"":3,""kwok-node-7"":3,""kwok-node-8"":3,""kwok-node-9"":3}","{""p1"":17,""p2"":38,""p3"":33,""p4"":29}","{""p1"":28,""p2"":32,""p3"":28,""p4"":24}","{""p1"":11}","{""p2"":6,""p3"":5,""p4"":5}","{rs-05-p1-dkssc,rs-06-p1-6zm4m,rs-06-p1-pbzmc,rs-06-p1-qkrq9,rs-13-p1-cn9cl,rs-13-p1-wzk69,rs-23-p1-g9b8n,rs-23-p1-jnx9p,rs-26-p1-nh4kh,rs-26-p1-s6bns,rs-26-p1-wvhmj}","{rs-33-p4-clsjh,rs-33-p4-hqgvd,rs-33-p4-l6k55,rs-34-p2-v6jbk,rs-36-p4-qt2s8,rs-37-p2-7nzwz,rs-37-p2-pl8nt,rs-38-p3-d8tml,rs-38-p3-nnm88,rs-38-p3-v52dv,rs-44-p2-f595h,rs-44-p2-gztfz,rs-44-p2-jkrfg,rs-45-p3-dqz25,rs-48-p3-g2c7l,rs-49-p4-m8kjj}","{rs-01-p1-44xxq,rs-01-p1-cjl9f,rs-01-p1-t96pk,rs-02-p2-b9286,rs-03-p3-cxvvr,rs-03-p3-g4pbs,rs-03-p3-qcjwd,rs-03-p3-z74dc,rs-04-p4-76s9k,rs-04-p4-s477j,rs-04-p4-tw4cs,rs-04-p4-wb2w7,rs-05-p1-r8z7v,rs-07-p3-5gkwd,rs-07-p3-bxp89,rs-07-p3-cjchv,rs-07-p3-fptt8,rs-08-p2-2zcnn,rs-08-p2-frjll,rs-08-p2-k29nn,rs-08-p2-sq88n,rs-09-p2-5gn62,rs-09-p2-8v2ww,rs-09-p2-bchpf,rs-10-p3-dv4j7,rs-10-p3-jl9k9,rs-10-p3-s4kvp,rs-11-p2-cnzfw,rs-11-p2-zfjpj,rs-12-p2-4xwvz,rs-14-p2-7jg4t,rs-14-p2-z8mp4,rs-15-p1-8vgfh,rs-15-p1-d92l4,rs-15-p1-pvjvf,rs-15-p1-rwwtg,rs-16-p1-8zwmd,rs-16-p1-j62g5,rs-17-p4-ngnq5,rs-17-p4-nqr2l,rs-17-p4-w77bp,rs-17-p4-wk742,rs-18-p2-hzvvj,rs-18-p2-j767r,rs-18-p2-tj9l4,rs-19-p2-2nzg4,rs-19-p2-qlv64,rs-19-p2-sgsts,rs-20-p3-ckvr5,rs-20-p3-dvrjp,rs-20-p3-pj7zz,rs-20-p3-sbtx4,rs-21-p4-2h5n9,rs-21-p4-6bsdc,rs-21-p4-mzl4v,rs-22-p3-64nqt,rs-22-p3-ccjwn,rs-23-p1-jvgkf,rs-24-p4-2z446,rs-24-p4-94c9x,rs-24-p4-wb5h8,rs-24-p4-xsk4r,rs-25-p1-vwhx9,rs-26-p1-cgw7s,rs-27-p2-s594l,rs-27-p2-scpvp,rs-27-p2-sjmb6,rs-28-p4-h26t8,rs-28-p4-llzxl,rs-29-p2-xtsrc,rs-30-p3-76d66,rs-30-p3-87t9n,rs-30-p3-rtb86,rs-31-p4-5w954,rs-31-p4-sdn7n,rs-32-p3-h4l46,rs-32-p3-p654g,rs-33-p4-clsjh,rs-33-p4-hqgvd,rs-33-p4-l6k55,rs-34-p2-66bq9,rs-34-p2-v6jbk,rs-34-p2-xzx8v,rs-35-p2-5jshj,rs-35-p2-bbsml,rs-35-p2-dt7hf,rs-35-p2-vdntt,rs-36-p4-6bjcx,rs-36-p4-dr4m6,rs-36-p4-qt2s8,rs-37-p2-7nzwz,rs-37-p2-pl8nt,rs-38-p3-d8tml,rs-38-p3-nnm88,rs-38-p3-v52dv,rs-39-p1-vmq52,rs-40-p2-dhnms,rs-40-p2-h628n,rs-41-p3-4xkcw,rs-41-p3-lgprr,rs-42-p2-dn57z,rs-43-p1-dlkd7,rs-43-p1-m4q4f,rs-43-p1-mtdnv,rs-44-p2-f595h,rs-44-p2-gztfz,rs-44-p2-jkrfg,rs-45-p3-dqz25,rs-46-p4-cw4ht,rs-46-p4-dzm9c,rs-46-p4-xwng4,rs-47-p3-7qmzh,rs-47-p3-nb558,rs-47-p3-p4fpn,rs-47-p3-z7k2b,rs-48-p3-g2c7l,rs-49-p4-m8kjj}","{rs-01-p1-2spzm,rs-01-p1-44xxq,rs-01-p1-9rrfs,rs-02-p2-b9286,rs-03-p3-cxvvr,rs-03-p3-g4pbs,rs-03-p3-qcjwd,rs-03-p3-z74dc,rs-04-p4-76s9k,rs-04-p4-s477j,rs-04-p4-tw4cs,rs-04-p4-wb2w7,rs-05-p1-2rxf2,rs-05-p1-5t9rd,rs-06-p1-2cvdv,rs-06-p1-7lqk9,rs-06-p1-zs8lf,rs-07-p3-5gkwd,rs-07-p3-bxp89,rs-07-p3-cjchv,rs-07-p3-fptt8,rs-08-p2-2zcnn,rs-08-p2-frjll,rs-08-p2-k29nn,rs-08-p2-sq88n,rs-09-p2-5gn62,rs-09-p2-8v2ww,rs-09-p2-bchpf,rs-10-p3-dv4j7,rs-10-p3-jl9k9,rs-10-p3-s4kvp,rs-11-p2-cnzfw,rs-11-p2-zfjpj,rs-12-p2-4xwvz,rs-13-p1-4j2xx,rs-13-p1-qbqgz,rs-14-p2-7jg4t,rs-14-p2-z8mp4,rs-15-p1-758n7,rs-15-p1-8vgfh,rs-15-p1-dnh82,rs-15-p1-pvjvf,rs-16-p1-c57kw,rs-16-p1-nnhrv,rs-17-p4-ngnq5,rs-17-p4-nqr2l,rs-17-p4-w77bp,rs-17-p4-wk742,rs-18-p2-hzvvj,rs-18-p2-j767r,rs-18-p2-tj9l4,rs-19-p2-2nzg4,rs-19-p2-qlv64,rs-19-p2-sgsts,rs-20-p3-ckvr5,rs-20-p3-dvrjp,rs-20-p3-pj7zz,rs-20-p3-sbtx4,rs-21-p4-2h5n9,rs-21-p4-6bsdc,rs-21-p4-mzl4v,rs-22-p3-64nqt,rs-22-p3-ccjwn,rs-23-p1-jvgkf,rs-23-p1-qwnp5,rs-23-p1-tvvbc,rs-24-p4-2z446,rs-24-p4-94c9x,rs-24-p4-wb5h8,rs-24-p4-xsk4r,rs-25-p1-vwhx9,rs-26-p1-45vsb,rs-26-p1-9chv9,rs-26-p1-cgw7s,rs-26-p1-rllq6,rs-27-p2-s594l,rs-27-p2-scpvp,rs-27-p2-sjmb6,rs-28-p4-h26t8,rs-28-p4-llzxl,rs-29-p2-xtsrc,rs-30-p3-76d66,rs-30-p3-87t9n,rs-30-p3-rtb86,rs-31-p4-5w954,rs-31-p4-sdn7n,rs-32-p3-h4l46,rs-32-p3-p654g,rs-34-p2-66bq9,rs-34-p2-xzx8v,rs-35-p2-5jshj,rs-35-p2-bbsml,rs-35-p2-dt7hf,rs-35-p2-vdntt,rs-36-p4-6bjcx,rs-36-p4-dr4m6,rs-39-p1-5dfm4,rs-40-p2-dhnms,rs-40-p2-h628n,rs-41-p3-4xkcw,rs-41-p3-lgprr,rs-42-p2-dn57z,rs-43-p1-dlkd7,rs-43-p1-ljzs7,rs-43-p1-m6n2m,rs-46-p4-cw4ht,rs-46-p4-dzm9c,rs-46-p4-xwng4,rs-47-p3-7qmzh,rs-47-p3-nb558,rs-47-p3-p4fpn,rs-47-p3-z7k2b}","[{""name"":""rs-01-p1-44xxq"",""cpu_m"":180,""mem_b"":924444346,""priority"":""1"",""node"":""kwok-node-19""},{""name"":""rs-01-p1-cjl9f"",""cpu_m"":180,""mem_b"":924444346,""priority"":""1"",""node"":""kwok-node-9""},{""name"":""rs-01-p1-t96pk"",""cpu_m"":180,""mem_b"":924444346,""priority"":""1"",""node"":""kwok-node-22""},{""name"":""rs-02-p2-b9286"",""cpu_m"":336,""mem_b"":577422729,""priority"":""2"",""node"":""kwok-node-13""},{""name"":""rs-03-p3-cxvvr"",""cpu_m"":412,""mem_b"":184872396,""priority"":""3"",""node"":""kwok-node-11""},{""name"":""rs-03-p3-g4pbs"",""cpu_m"":412,""mem_b"":184872396,""priority"":""3"",""node"":""kwok-node-2""},{""name"":""rs-03-p3-qcjwd"",""cpu_m"":412,""mem_b"":184872396,""priority"":""3"",""node"":""kwok-node-16""},{""name"":""rs-03-p3-z74dc"",""cpu_m"":412,""mem_b"":184872396,""priority"":""3"",""node"":""kwok-node-1""},{""name"":""rs-04-p4-76s9k"",""cpu_m"":253,""mem_b"":310491605,""priority"":""4"",""node"":""kwok-node-12""},{""name"":""rs-04-p4-s477j"",""cpu_m"":253,""mem_b"":310491605,""priority"":""4"",""node"":""kwok-node-15""},{""name"":""rs-04-p4-tw4cs"",""cpu_m"":253,""mem_b"":310491605,""priority"":""4"",""node"":""kwok-node-14""},{""name"":""rs-04-p4-wb2w7"",""cpu_m"":253,""mem_b"":310491605,""priority"":""4"",""node"":""kwok-node-21""},{""name"":""rs-05-p1-dkssc"",""cpu_m"":760,""mem_b"":694622322,""priority"":""1"",""node"":""""},{""name"":""rs-05-p1-r8z7v"",""cpu_m"":760,""mem_b"":694622322,""priority"":""1"",""node"":""kwok-node-18""},{""name"":""rs-06-p1-6zm4m"",""cpu_m"":942,""mem_b"":580947378,""priority"":""1"",""node"":""""},{""name"":""rs-06-p1-pbzmc"",""cpu_m"":942,""mem_b"":580947378,""priority"":""1"",""node"":""""},{""name"":""rs-06-p1-qkrq9"",""cpu_m"":942,""mem_b"":580947378,""priority"":""1"",""node"":""""},{""name"":""rs-07-p3-5gkwd"",""cpu_m"":682,""mem_b"":187763308,""priority"":""3"",""node"":""kwok-node-23""},{""name"":""rs-07-p3-bxp89"",""cpu_m"":682,""mem_b"":187763308,""priority"":""3"",""node"":""kwok-node-10""},{""name"":""rs-07-p3-cjchv"",""cpu_m"":682,""mem_b"":187763308,""priority"":""3"",""node"":""kwok-node-28""},{""name"":""rs-07-p3-fptt8"",""cpu_m"":682,""mem_b"":187763308,""priority"":""3"",""node"":""kwok-node-27""},{""name"":""rs-08-p2-2zcnn"",""cpu_m"":696,""mem_b"":320933887,""priority"":""2"",""node"":""kwok-node-3""},{""name"":""rs-08-p2-frjll"",""cpu_m"":696,""mem_b"":320933887,""priority"":""2"",""node"":""kwok-node-14""},{""name"":""rs-08-p2-k29nn"",""cpu_m"":696,""mem_b"":320933887,""priority"":""2"",""node"":""kwok-node-12""},{""name"":""rs-08-p2-sq88n"",""cpu_m"":696,""mem_b"":320933887,""priority"":""2"",""node"":""kwok-node-29""},{""name"":""rs-09-p2-5gn62"",""cpu_m"":173,""mem_b"":771046563,""priority"":""2"",""node"":""kwok-node-30""},{""name"":""rs-09-p2-8v2ww"",""cpu_m"":173,""mem_b"":771046563,""priority"":""2"",""node"":""kwok-node-10""},{""name"":""rs-09-p2-bchpf"",""cpu_m"":173,""mem_b"":771046563,""priority"":""2"",""node"":""kwok-node-31""},{""name"":""rs-10-p3-dv4j7"",""cpu_m"":121,""mem_b"":784202472,""priority"":""3"",""node"":""kwok-node-16""},{""name"":""rs-10-p3-jl9k9"",""cpu_m"":121,""mem_b"":784202472,""priority"":""3"",""node"":""kwok-node-32""},{""name"":""rs-10-p3-s4kvp"",""cpu_m"":121,""mem_b"":784202472,""priority"":""3"",""node"":""kwok-node-1""},{""name"":""rs-11-p2-cnzfw"",""cpu_m"":960,""mem_b"":168834222,""priority"":""2"",""node"":""kwok-node-4""},{""name"":""rs-11-p2-zfjpj"",""cpu_m"":960,""mem_b"":168834222,""priority"":""2"",""node"":""kwok-node-6""},{""name"":""rs-12-p2-4xwvz"",""cpu_m"":149,""mem_b"":939669232,""priority"":""2"",""node"":""kwok-node-5""},{""name"":""rs-13-p1-cn9cl"",""cpu_m"":629,""mem_b"":791722249,""priority"":""1"",""node"":""""},{""name"":""rs-13-p1-wzk69"",""cpu_m"":629,""mem_b"":791722249,""priority"":""1"",""node"":""""},{""name"":""rs-14-p2-7jg4t"",""cpu_m"":882,""mem_b"":466445078,""priority"":""2"",""node"":""kwok-node-7""},{""name"":""rs-14-p2-z8mp4"",""cpu_m"":882,""mem_b"":466445078,""priority"":""2"",""node"":""kwok-node-30""},{""name"":""rs-15-p1-8vgfh"",""cpu_m"":157,""mem_b"":331651894,""priority"":""1"",""node"":""kwok-node-15""},{""name"":""rs-15-p1-d92l4"",""cpu_m"":157,""mem_b"":331651894,""priority"":""1"",""node"":""kwok-node-13""},{""name"":""rs-15-p1-pvjvf"",""cpu_m"":157,""mem_b"":331651894,""priority"":""1"",""node"":""kwok-node-21""},{""name"":""rs-15-p1-rwwtg"",""cpu_m"":157,""mem_b"":331651894,""priority"":""1"",""node"":""kwok-node-28""},{""name"":""rs-16-p1-8zwmd"",""cpu_m"":887,""mem_b"":189196507,""priority"":""1"",""node"":""kwok-node-5""},{""name"":""rs-16-p1-j62g5"",""cpu_m"":887,""mem_b"":189196507,""priority"":""1"",""node"":""kwok-node-9""},{""name"":""rs-17-p4-ngnq5"",""cpu_m"":966,""mem_b"":965330063,""priority"":""4"",""node"":""kwok-node-15""},{""name"":""rs-17-p4-nqr2l"",""cpu_m"":966,""mem_b"":965330063,""priority"":""4"",""node"":""kwok-node-21""},{""name"":""rs-17-p4-w77bp"",""cpu_m"":966,""mem_b"":965330063,""priority"":""4"",""node"":""kwok-node-2""},{""name"":""rs-17-p4-wk742"",""cpu_m"":966,""mem_b"":965330063,""priority"":""4"",""node"":""kwok-node-13""},{""name"":""rs-18-p2-hzvvj"",""cpu_m"":409,""mem_b"":896617940,""priority"":""2"",""node"":""kwok-node-27""},{""name"":""rs-18-p2-j767r"",""cpu_m"":409,""mem_b"":896617940,""priority"":""2"",""node"":""kwok-node-23""},{""name"":""rs-18-p2-tj9l4"",""cpu_m"":409,""mem_b"":896617940,""priority"":""2"",""node"":""kwok-node-28""},{""name"":""rs-19-p2-2nzg4"",""cpu_m"":823,""mem_b"":979645618,""priority"":""2"",""node"":""kwok-node-29""},{""name"":""rs-19-p2-qlv64"",""cpu_m"":823,""mem_b"":979645618,""priority"":""2"",""node"":""kwok-node-11""},{""name"":""rs-19-p2-sgsts"",""cpu_m"":823,""mem_b"":979645618,""priority"":""2"",""node"":""kwok-node-3""},{""name"":""rs-20-p3-ckvr5"",""cpu_m"":413,""mem_b"":791381606,""priority"":""3"",""node"":""kwok-node-24""},{""name"":""rs-20-p3-dvrjp"",""cpu_m"":413,""mem_b"":791381606,""priority"":""3"",""node"":""kwok-node-7""},{""name"":""rs-20-p3-pj7zz"",""cpu_m"":413,""mem_b"":791381606,""priority"":""3"",""node"":""kwok-node-14""},{""name"":""rs-20-p3-sbtx4"",""cpu_m"":413,""mem_b"":791381606,""priority"":""3"",""node"":""kwok-node-20""},{""name"":""rs-21-p4-2h5n9"",""cpu_m"":666,""mem_b"":471986925,""priority"":""4"",""node"":""kwok-node-19""},{""name"":""rs-21-p4-6bsdc"",""cpu_m"":666,""mem_b"":471986925,""priority"":""4"",""node"":""kwok-node-17""},{""name"":""rs-21-p4-mzl4v"",""cpu_m"":666,""mem_b"":471986925,""priority"":""4"",""node"":""kwok-node-31""},{""name"":""rs-22-p3-64nqt"",""cpu_m"":870,""mem_b"":731068308,""priority"":""3"",""node"":""kwok-node-8""},{""name"":""rs-22-p3-ccjwn"",""cpu_m"":870,""mem_b"":731068308,""priority"":""3"",""node"":""kwok-node-9""},{""name"":""rs-23-p1-g9b8n"",""cpu_m"":509,""mem_b"":956122236,""priority"":""1"",""node"":""""},{""name"":""rs-23-p1-jnx9p"",""cpu_m"":509,""mem_b"":956122236,""priority"":""1"",""node"":""""},{""name"":""rs-23-p1-jvgkf"",""cpu_m"":509,""mem_b"":956122236,""priority"":""1"",""node"":""kwok-node-6""},{""name"":""rs-24-p4-2z446"",""cpu_m"":222,""mem_b"":126084350,""priority"":""4"",""node"":""kwok-node-18""},{""name"":""rs-24-p4-94c9x"",""cpu_m"":222,""mem_b"":126084350,""priority"":""4"",""node"":""kwok-node-1""},{""name"":""rs-24-p4-wb5h8"",""cpu_m"":222,""mem_b"":126084350,""priority"":""4"",""node"":""kwok-node-25""},{""name"":""rs-24-p4-xsk4r"",""cpu_m"":222,""mem_b"":126084350,""priority"":""4"",""node"":""kwok-node-16""},{""name"":""rs-25-p1-vwhx9"",""cpu_m"":263,""mem_b"":970633905,""priority"":""1"",""node"":""kwok-node-4""},{""name"":""rs-26-p1-cgw7s"",""cpu_m"":499,""mem_b"":813569336,""priority"":""1"",""node"":""kwok-node-25""},{""name"":""rs-26-p1-nh4kh"",""cpu_m"":499,""mem_b"":813569336,""priority"":""1"",""node"":""""},{""name"":""rs-26-p1-s6bns"",""cpu_m"":499,""mem_b"":813569336,""priority"":""1"",""node"":""""},{""name"":""rs-26-p1-wvhmj"",""cpu_m"":499,""mem_b"":813569336,""priority"":""1"",""node"":""""},{""name"":""rs-27-p2-s594l"",""cpu_m"":397,""mem_b"":736752286,""priority"":""2"",""node"":""kwok-node-1""},{""name"":""rs-27-p2-scpvp"",""cpu_m"":397,""mem_b"":736752286,""priority"":""2"",""node"":""kwok-node-27""},{""name"":""rs-27-p2-sjmb6"",""cpu_m"":397,""mem_b"":736752286,""priority"":""2"",""node"":""kwok-node-18""},{""name"":""rs-28-p4-h26t8"",""cpu_m"":327,""mem_b"":516059128,""priority"":""4"",""node"":""kwok-node-28""},{""name"":""rs-28-p4-llzxl"",""cpu_m"":327,""mem_b"":516059128,""priority"":""4"",""node"":""kwok-node-16""},{""name"":""rs-29-p2-xtsrc"",""cpu_m"":714,""mem_b"":873837652,""priority"":""2"",""node"":""kwok-node-23""},{""name"":""rs-30-p3-76d66"",""cpu_m"":862,""mem_b"":893721501,""priority"":""3"",""node"":""kwok-node-5""},{""name"":""rs-30-p3-87t9n"",""cpu_m"":862,""mem_b"":893721501,""priority"":""3"",""node"":""kwok-node-31""},{""name"":""rs-30-p3-rtb86"",""cpu_m"":862,""mem_b"":893721501,""priority"":""3"",""node"":""kwok-node-30""},{""name"":""rs-31-p4-5w954"",""cpu_m"":846,""mem_b"":628303856,""priority"":""4"",""node"":""kwok-node-19""},{""name"":""rs-31-p4-sdn7n"",""cpu_m"":846,""mem_b"":628303856,""priority"":""4"",""node"":""kwok-node-17""},{""name"":""rs-32-p3-h4l46"",""cpu_m"":606,""mem_b"":362025331,""priority"":""3"",""node"":""kwok-node-16""},{""name"":""rs-32-p3-p654g"",""cpu_m"":606,""mem_b"":362025331,""priority"":""3"",""node"":""kwok-node-20""},{""name"":""rs-33-p4-clsjh"",""cpu_m"":804,""mem_b"":508917599,""priority"":""4"",""node"":""kwok-node-32""},{""name"":""rs-33-p4-hqgvd"",""cpu_m"":804,""mem_b"":508917599,""priority"":""4"",""node"":""kwok-node-22""},{""name"":""rs-33-p4-l6k55"",""cpu_m"":804,""mem_b"":508917599,""priority"":""4"",""node"":""kwok-node-25""},{""name"":""rs-34-p2-66bq9"",""cpu_m"":409,""mem_b"":946243368,""priority"":""2"",""node"":""kwok-node-4""},{""name"":""rs-34-p2-v6jbk"",""cpu_m"":409,""mem_b"":946243368,""priority"":""2"",""node"":""kwok-node-10""},{""name"":""rs-34-p2-xzx8v"",""cpu_m"":409,""mem_b"":946243368,""priority"":""2"",""node"":""kwok-node-6""},{""name"":""rs-35-p2-5jshj"",""cpu_m"":495,""mem_b"":223176233,""priority"":""2"",""node"":""kwok-node-10""},{""name"":""rs-35-p2-bbsml"",""cpu_m"":495,""mem_b"":223176233,""priority"":""2"",""node"":""kwok-node-7""},{""name"":""rs-35-p2-dt7hf"",""cpu_m"":495,""mem_b"":223176233,""priority"":""2"",""node"":""kwok-node-13""},{""name"":""rs-35-p2-vdntt"",""cpu_m"":495,""mem_b"":223176233,""priority"":""2"",""node"":""kwok-node-18""},{""name"":""rs-36-p4-6bjcx"",""cpu_m"":602,""mem_b"":454086143,""priority"":""4"",""node"":""kwok-node-14""},{""name"":""rs-36-p4-dr4m6"",""cpu_m"":602,""mem_b"":454086143,""priority"":""4"",""node"":""kwok-node-24""},{""name"":""rs-36-p4-qt2s8"",""cpu_m"":602,""mem_b"":454086143,""priority"":""4"",""node"":""kwok-node-11""},{""name"":""rs-37-p2-7nzwz"",""cpu_m"":887,""mem_b"":741635005,""priority"":""2"",""node"":""kwok-node-8""},{""name"":""rs-37-p2-pl8nt"",""cpu_m"":887,""mem_b"":741635005,""priority"":""2"",""node"":""kwok-node-12""},{""name"":""rs-38-p3-d8tml"",""cpu_m"":373,""mem_b"":931524362,""priority"":""3"",""node"":""kwok-node-17""},{""name"":""rs-38-p3-nnm88"",""cpu_m"":373,""mem_b"":931524362,""priority"":""3"",""node"":""kwok-node-2""},{""name"":""rs-38-p3-v52dv"",""cpu_m"":373,""mem_b"":931524362,""priority"":""3"",""node"":""kwok-node-26""},{""name"":""rs-39-p1-vmq52"",""cpu_m"":719,""mem_b"":116791643,""priority"":""1"",""node"":""kwok-node-22""},{""name"":""rs-40-p2-dhnms"",""cpu_m"":431,""mem_b"":406861818,""priority"":""2"",""node"":""kwok-node-21""},{""name"":""rs-40-p2-h628n"",""cpu_m"":431,""mem_b"":406861818,""priority"":""2"",""node"":""kwok-node-15""},{""name"":""rs-41-p3-4xkcw"",""cpu_m"":386,""mem_b"":784195564,""priority"":""3"",""node"":""kwok-node-3""},{""name"":""rs-41-p3-lgprr"",""cpu_m"":386,""mem_b"":784195564,""priority"":""3"",""node"":""kwok-node-29""},{""name"":""rs-42-p2-dn57z"",""cpu_m"":105,""mem_b"":618759181,""priority"":""2"",""node"":""kwok-node-12""},{""name"":""rs-43-p1-dlkd7"",""cpu_m"":125,""mem_b"":479220063,""priority"":""1"",""node"":""kwok-node-11""},{""name"":""rs-43-p1-m4q4f"",""cpu_m"":125,""mem_b"":479220063,""priority"":""1"",""node"":""kwok-node-7""},{""name"":""rs-43-p1-mtdnv"",""cpu_m"":125,""mem_b"":479220063,""priority"":""1"",""node"":""kwok-node-25""},{""name"":""rs-44-p2-f595h"",""cpu_m"":648,""mem_b"":354472799,""priority"":""2"",""node"":""kwok-node-32""},{""name"":""rs-44-p2-gztfz"",""cpu_m"":648,""mem_b"":354472799,""priority"":""2"",""node"":""kwok-node-26""},{""name"":""rs-44-p2-jkrfg"",""cpu_m"":648,""mem_b"":354472799,""priority"":""2"",""node"":""kwok-node-26""},{""name"":""rs-45-p3-dqz25"",""cpu_m"":929,""mem_b"":815179525,""priority"":""3"",""node"":""kwok-node-20""},{""name"":""rs-46-p4-cw4ht"",""cpu_m"":211,""mem_b"":397099161,""priority"":""4"",""node"":""kwok-node-26""},{""name"":""rs-46-p4-dzm9c"",""cpu_m"":211,""mem_b"":397099161,""priority"":""4"",""node"":""kwok-node-8""},{""name"":""rs-46-p4-xwng4"",""cpu_m"":211,""mem_b"":397099161,""priority"":""4"",""node"":""kwok-node-22""},{""name"":""rs-47-p3-7qmzh"",""cpu_m"":199,""mem_b"":158459513,""priority"":""3"",""node"":""kwok-node-27""},{""name"":""rs-47-p3-nb558"",""cpu_m"":199,""mem_b"":158459513,""priority"":""3"",""node"":""kwok-node-25""},{""name"":""rs-47-p3-p4fpn"",""cpu_m"":199,""mem_b"":158459513,""priority"":""3"",""node"":""kwok-node-28""},{""name"":""rs-47-p3-z7k2b"",""cpu_m"":199,""mem_b"":158459513,""priority"":""3"",""node"":""kwok-node-32""},{""name"":""rs-48-p3-g2c7l"",""cpu_m"":727,""mem_b"":268137946,""priority"":""3"",""node"":""kwok-node-1""},{""name"":""rs-49-p4-m8kjj"",""cpu_m"":566,""mem_b"":541525301,""priority"":""4"",""node"":""kwok-node-24""}]","[{""name"":""rs-01-p1-2spzm"",""cpu_m"":180,""mem_b"":924444346,""priority"":""1"",""node"":""kwok-node-17""},{""name"":""rs-01-p1-44xxq"",""cpu_m"":180,""mem_b"":924444346,""priority"":""1"",""node"":""kwok-node-19""},{""name"":""rs-01-p1-9rrfs"",""cpu_m"":180,""mem_b"":924444346,""priority"":""1"",""node"":""kwok-node-18""},{""name"":""rs-02-p2-b9286"",""cpu_m"":336,""mem_b"":577422729,""priority"":""2"",""node"":""kwok-node-13""},{""name"":""rs-03-p3-cxvvr"",""cpu_m"":412,""mem_b"":184872396,""priority"":""3"",""node"":""kwok-node-11""},{""name"":""rs-03-p3-g4pbs"",""cpu_m"":412,""mem_b"":184872396,""priority"":""3"",""node"":""kwok-node-2""},{""name"":""rs-03-p3-qcjwd"",""cpu_m"":412,""mem_b"":184872396,""priority"":""3"",""node"":""kwok-node-16""},{""name"":""rs-03-p3-z74dc"",""cpu_m"":412,""mem_b"":184872396,""priority"":""3"",""node"":""kwok-node-1""},{""name"":""rs-04-p4-76s9k"",""cpu_m"":253,""mem_b"":310491605,""priority"":""4"",""node"":""kwok-node-12""},{""name"":""rs-04-p4-s477j"",""cpu_m"":253,""mem_b"":310491605,""priority"":""4"",""node"":""kwok-node-15""},{""name"":""rs-04-p4-tw4cs"",""cpu_m"":253,""mem_b"":310491605,""priority"":""4"",""node"":""kwok-node-14""},{""name"":""rs-04-p4-wb2w7"",""cpu_m"":253,""mem_b"":310491605,""priority"":""4"",""node"":""kwok-node-21""},{""name"":""rs-05-p1-2rxf2"",""cpu_m"":760,""mem_b"":694622322,""priority"":""1"",""node"":""kwok-node-20""},{""name"":""rs-05-p1-5t9rd"",""cpu_m"":760,""mem_b"":694622322,""priority"":""1"",""node"":""kwok-node-25""},{""name"":""rs-06-p1-2cvdv"",""cpu_m"":942,""mem_b"":580947378,""priority"":""1"",""node"":""kwok-node-26""},{""name"":""rs-06-p1-7lqk9"",""cpu_m"":942,""mem_b"":580947378,""priority"":""1"",""node"":""kwok-node-22""},{""name"":""rs-06-p1-zs8lf"",""cpu_m"":942,""mem_b"":580947378,""priority"":""1"",""node"":""kwok-node-24""},{""name"":""rs-07-p3-5gkwd"",""cpu_m"":682,""mem_b"":187763308,""priority"":""3"",""node"":""kwok-node-23""},{""name"":""rs-07-p3-bxp89"",""cpu_m"":682,""mem_b"":187763308,""priority"":""3"",""node"":""kwok-node-10""},{""name"":""rs-07-p3-cjchv"",""cpu_m"":682,""mem_b"":187763308,""priority"":""3"",""node"":""kwok-node-28""},{""name"":""rs-07-p3-fptt8"",""cpu_m"":682,""mem_b"":187763308,""priority"":""3"",""node"":""kwok-node-27""},{""name"":""rs-08-p2-2zcnn"",""cpu_m"":696,""mem_b"":320933887,""priority"":""2"",""node"":""kwok-node-3""},{""name"":""rs-08-p2-frjll"",""cpu_m"":696,""mem_b"":320933887,""priority"":""2"",""node"":""kwok-node-14""},{""name"":""rs-08-p2-k29nn"",""cpu_m"":696,""mem_b"":320933887,""priority"":""2"",""node"":""kwok-node-12""},{""name"":""rs-08-p2-sq88n"",""cpu_m"":696,""mem_b"":320933887,""priority"":""2"",""node"":""kwok-node-29""},{""name"":""rs-09-p2-5gn62"",""cpu_m"":173,""mem_b"":771046563,""priority"":""2"",""node"":""kwok-node-30""},{""name"":""rs-09-p2-8v2ww"",""cpu_m"":173,""mem_b"":771046563,""priority"":""2"",""node"":""kwok-node-10""},{""name"":""rs-09-p2-bchpf"",""cpu_m"":173,""mem_b"":771046563,""priority"":""2"",""node"":""kwok-node-31""},{""name"":""rs-10-p3-dv4j7"",""cpu_m"":121,""mem_b"":784202472,""priority"":""3"",""node"":""kwok-node-16""},{""name"":""rs-10-p3-jl9k9"",""cpu_m"":121,""mem_b"":784202472,""priority"":""3"",""node"":""kwok-node-32""},{""name"":""rs-10-p3-s4kvp"",""cpu_m"":121,""mem_b"":784202472,""priority"":""3"",""node"":""kwok-node-1""},{""name"":""rs-11-p2-cnzfw"",""cpu_m"":960,""mem_b"":168834222,""priority"":""2"",""node"":""kwok-node-4""},{""name"":""rs-11-p2-zfjpj"",""cpu_m"":960,""mem_b"":168834222,""priority"":""2"",""node"":""kwok-node-6""},{""name"":""rs-12-p2-4xwvz"",""cpu_m"":149,""mem_b"":939669232,""priority"":""2"",""node"":""kwok-node-5""},{""name"":""rs-13-p1-4j2xx"",""cpu_m"":629,""mem_b"":791722249,""priority"":""1"",""node"":""kwok-node-8""},{""name"":""rs-13-p1-qbqgz"",""cpu_m"":629,""mem_b"":791722249,""priority"":""1"",""node"":""kwok-node-9""},{""name"":""rs-14-p2-7jg4t"",""cpu_m"":882,""mem_b"":466445078,""priority"":""2"",""node"":""kwok-node-7""},{""name"":""rs-14-p2-z8mp4"",""cpu_m"":882,""mem_b"":466445078,""priority"":""2"",""node"":""kwok-node-30""},{""name"":""rs-15-p1-758n7"",""cpu_m"":157,""mem_b"":331651894,""priority"":""1"",""node"":""kwok-node-11""},{""name"":""rs-15-p1-8vgfh"",""cpu_m"":157,""mem_b"":331651894,""priority"":""1"",""node"":""kwok-node-15""},{""name"":""rs-15-p1-dnh82"",""cpu_m"":157,""mem_b"":331651894,""priority"":""1"",""node"":""kwok-node-2""},{""name"":""rs-15-p1-pvjvf"",""cpu_m"":157,""mem_b"":331651894,""priority"":""1"",""node"":""kwok-node-21""},{""name"":""rs-16-p1-c57kw"",""cpu_m"":887,""mem_b"":189196507,""priority"":""1"",""node"":""kwok-node-32""},{""name"":""rs-16-p1-nnhrv"",""cpu_m"":887,""mem_b"":189196507,""priority"":""1"",""node"":""kwok-node-5""},{""name"":""rs-17-p4-ngnq5"",""cpu_m"":966,""mem_b"":965330063,""priority"":""4"",""node"":""kwok-node-15""},{""name"":""rs-17-p4-nqr2l"",""cpu_m"":966,""mem_b"":965330063,""priority"":""4"",""node"":""kwok-node-21""},{""name"":""rs-17-p4-w77bp"",""cpu_m"":966,""mem_b"":965330063,""priority"":""4"",""node"":""kwok-node-2""},{""name"":""rs-17-p4-wk742"",""cpu_m"":966,""mem_b"":965330063,""priority"":""4"",""node"":""kwok-node-13""},{""name"":""rs-18-p2-hzvvj"",""cpu_m"":409,""mem_b"":896617940,""priority"":""2"",""node"":""kwok-node-27""},{""name"":""rs-18-p2-j767r"",""cpu_m"":409,""mem_b"":896617940,""priority"":""2"",""node"":""kwok-node-23""},{""name"":""rs-18-p2-tj9l4"",""cpu_m"":409,""mem_b"":896617940,""priority"":""2"",""node"":""kwok-node-28""},{""name"":""rs-19-p2-2nzg4"",""cpu_m"":823,""mem_b"":979645618,""priority"":""2"",""node"":""kwok-node-29""},{""name"":""rs-19-p2-qlv64"",""cpu_m"":823,""mem_b"":979645618,""priority"":""2"",""node"":""kwok-node-11""},{""name"":""rs-19-p2-sgsts"",""cpu_m"":823,""mem_b"":979645618,""priority"":""2"",""node"":""kwok-node-3""},{""name"":""rs-20-p3-ckvr5"",""cpu_m"":413,""mem_b"":791381606,""priority"":""3"",""node"":""kwok-node-24""},{""name"":""rs-20-p3-dvrjp"",""cpu_m"":413,""mem_b"":791381606,""priority"":""3"",""node"":""kwok-node-7""},{""name"":""rs-20-p3-pj7zz"",""cpu_m"":413,""mem_b"":791381606,""priority"":""3"",""node"":""kwok-node-14""},{""name"":""rs-20-p3-sbtx4"",""cpu_m"":413,""mem_b"":791381606,""priority"":""3"",""node"":""kwok-node-20""},{""name"":""rs-21-p4-2h5n9"",""cpu_m"":666,""mem_b"":471986925,""priority"":""4"",""node"":""kwok-node-19""},{""name"":""rs-21-p4-6bsdc"",""cpu_m"":666,""mem_b"":471986925,""priority"":""4"",""node"":""kwok-node-17""},{""name"":""rs-21-p4-mzl4v"",""cpu_m"":666,""mem_b"":471986925,""priority"":""4"",""node"":""kwok-node-31""},{""name"":""rs-22-p3-64nqt"",""cpu_m"":870,""mem_b"":731068308,""priority"":""3"",""node"":""kwok-node-8""},{""name"":""rs-22-p3-ccjwn"",""cpu_m"":870,""mem_b"":731068308,""priority"":""3"",""node"":""kwok-node-9""},{""name"":""rs-23-p1-jvgkf"",""cpu_m"":509,""mem_b"":956122236,""priority"":""1"",""node"":""kwok-node-6""},{""name"":""rs-23-p1-qwnp5"",""cpu_m"":509,""mem_b"":956122236,""priority"":""1"",""node"":""kwok-node-22""},{""name"":""rs-23-p1-tvvbc"",""cpu_m"":509,""mem_b"":956122236,""priority"":""1"",""node"":""kwok-node-26""},{""name"":""rs-24-p4-2z446"",""cpu_m"":222,""mem_b"":126084350,""priority"":""4"",""node"":""kwok-node-18""},{""name"":""rs-24-p4-94c9x"",""cpu_m"":222,""mem_b"":126084350,""priority"":""4"",""node"":""kwok-node-1""},{""name"":""rs-24-p4-wb5h8"",""cpu_m"":222,""mem_b"":126084350,""priority"":""4"",""node"":""kwok-node-25""},{""name"":""rs-24-p4-xsk4r"",""cpu_m"":222,""mem_b"":126084350,""priority"":""4"",""node"":""kwok-node-16""},{""name"":""rs-25-p1-vwhx9"",""cpu_m"":263,""mem_b"":970633905,""priority"":""1"",""node"":""kwok-node-4""},{""name"":""rs-26-p1-45vsb"",""cpu_m"":499,""mem_b"":813569336,""priority"":""1"",""node"":""kwok-node-12""},{""name"":""rs-26-p1-9chv9"",""cpu_m"":499,""mem_b"":813569336,""priority"":""1"",""node"":""kwok-node-32""},{""name"":""rs-26-p1-cgw7s"",""cpu_m"":499,""mem_b"":813569336,""priority"":""1"",""node"":""kwok-node-25""},{""name"":""rs-26-p1-rllq6"",""cpu_m"":499,""mem_b"":813569336,""priority"":""1"",""node"":""kwok-node-10""},{""name"":""rs-27-p2-s594l"",""cpu_m"":397,""mem_b"":736752286,""priority"":""2"",""node"":""kwok-node-1""},{""name"":""rs-27-p2-scpvp"",""cpu_m"":397,""mem_b"":736752286,""priority"":""2"",""node"":""kwok-node-27""},{""name"":""rs-27-p2-sjmb6"",""cpu_m"":397,""mem_b"":736752286,""priority"":""2"",""node"":""kwok-node-18""},{""name"":""rs-28-p4-h26t8"",""cpu_m"":327,""mem_b"":516059128,""priority"":""4"",""node"":""kwok-node-28""},{""name"":""rs-28-p4-llzxl"",""cpu_m"":327,""mem_b"":516059128,""priority"":""4"",""node"":""kwok-node-16""},{""name"":""rs-29-p2-xtsrc"",""cpu_m"":714,""mem_b"":873837652,""priority"":""2"",""node"":""kwok-node-23""},{""name"":""rs-30-p3-76d66"",""cpu_m"":862,""mem_b"":893721501,""priority"":""3"",""node"":""kwok-node-5""},{""name"":""rs-30-p3-87t9n"",""cpu_m"":862,""mem_b"":893721501,""priority"":""3"",""node"":""kwok-node-31""},{""name"":""rs-30-p3-rtb86"",""cpu_m"":862,""mem_b"":893721501,""priority"":""3"",""node"":""kwok-node-30""},{""name"":""rs-31-p4-5w954"",""cpu_m"":846,""mem_b"":628303856,""priority"":""4"",""node"":""kwok-node-19""},{""name"":""rs-31-p4-sdn7n"",""cpu_m"":846,""mem_b"":628303856,""priority"":""4"",""node"":""kwok-node-17""},{""name"":""rs-32-p3-h4l46"",""cpu_m"":606,""mem_b"":362025331,""priority"":""3"",""node"":""kwok-node-16""},{""name"":""rs-32-p3-p654g"",""cpu_m"":606,""mem_b"":362025331,""priority"":""3"",""node"":""kwok-node-20""},{""name"":""rs-33-p4-clsjh"",""cpu_m"":804,""mem_b"":508917599,""priority"":""4"",""node"":""""},{""name"":""rs-33-p4-hqgvd"",""cpu_m"":804,""mem_b"":508917599,""priority"":""4"",""node"":""""},{""name"":""rs-33-p4-l6k55"",""cpu_m"":804,""mem_b"":508917599,""priority"":""4"",""node"":""""},{""name"":""rs-34-p2-66bq9"",""cpu_m"":409,""mem_b"":946243368,""priority"":""2"",""node"":""kwok-node-4""},{""name"":""rs-34-p2-v6jbk"",""cpu_m"":409,""mem_b"":946243368,""priority"":""2"",""node"":""""},{""name"":""rs-34-p2-xzx8v"",""cpu_m"":409,""mem_b"":946243368,""priority"":""2"",""node"":""kwok-node-6""},{""name"":""rs-35-p2-5jshj"",""cpu_m"":495,""mem_b"":223176233,""priority"":""2"",""node"":""kwok-node-10""},{""name"":""rs-35-p2-bbsml"",""cpu_m"":495,""mem_b"":223176233,""priority"":""2"",""node"":""kwok-node-7""},{""name"":""rs-35-p2-dt7hf"",""cpu_m"":495,""mem_b"":223176233,""priority"":""2"",""node"":""kwok-node-13""},{""name"":""rs-35-p2-vdntt"",""cpu_m"":495,""mem_b"":223176233,""priority"":""2"",""node"":""kwok-node-18""},{""name"":""rs-36-p4-6bjcx"",""cpu_m"":602,""mem_b"":454086143,""priority"":""4"",""node"":""kwok-node-14""},{""name"":""rs-36-p4-dr4m6"",""cpu_m"":602,""mem_b"":454086143,""priority"":""4"",""node"":""kwok-node-24""},{""name"":""rs-36-p4-qt2s8"",""cpu_m"":602,""mem_b"":454086143,""priority"":""4"",""node"":""""},{""name"":""rs-37-p2-7nzwz"",""cpu_m"":887,""mem_b"":741635005,""priority"":""2"",""node"":""""},{""name"":""rs-37-p2-pl8nt"",""cpu_m"":887,""mem_b"":741635005,""priority"":""2"",""node"":""""},{""name"":""rs-38-p3-d8tml"",""cpu_m"":373,""mem_b"":931524362,""priority"":""3"",""node"":""""},{""name"":""rs-38-p3-nnm88"",""cpu_m"":373,""mem_b"":931524362,""priority"":""3"",""node"":""""},{""name"":""rs-38-p3-v52dv"",""cpu_m"":373,""mem_b"":931524362,""priority"":""3"",""node"":""""},{""name"":""rs-39-p1-5dfm4"",""cpu_m"":719,""mem_b"":116791643,""priority"":""1"",""node"":""kwok-node-1""},{""name"":""rs-40-p2-dhnms"",""cpu_m"":431,""mem_b"":406861818,""priority"":""2"",""node"":""kwok-node-21""},{""name"":""rs-40-p2-h628n"",""cpu_m"":431,""mem_b"":406861818,""priority"":""2"",""node"":""kwok-node-15""},{""name"":""rs-41-p3-4xkcw"",""cpu_m"":386,""mem_b"":784195564,""priority"":""3"",""node"":""kwok-node-3""},{""name"":""rs-41-p3-lgprr"",""cpu_m"":386,""mem_b"":784195564,""priority"":""3"",""node"":""kwok-node-29""},{""name"":""rs-42-p2-dn57z"",""cpu_m"":105,""mem_b"":618759181,""priority"":""2"",""node"":""kwok-node-12""},{""name"":""rs-43-p1-dlkd7"",""cpu_m"":125,""mem_b"":479220063,""priority"":""1"",""node"":""kwok-node-11""},{""name"":""rs-43-p1-ljzs7"",""cpu_m"":125,""mem_b"":479220063,""priority"":""1"",""node"":""kwok-node-9""},{""name"":""rs-43-p1-m6n2m"",""cpu_m"":125,""mem_b"":479220063,""priority"":""1"",""node"":""kwok-node-2""},{""name"":""rs-44-p2-f595h"",""cpu_m"":648,""mem_b"":354472799,""priority"":""2"",""node"":""""},{""name"":""rs-44-p2-gztfz"",""cpu_m"":648,""mem_b"":354472799,""priority"":""2"",""node"":""""},{""name"":""rs-44-p2-jkrfg"",""cpu_m"":648,""mem_b"":354472799,""priority"":""2"",""node"":""""},{""name"":""rs-45-p3-dqz25"",""cpu_m"":929,""mem_b"":815179525,""priority"":""3"",""node"":""""},{""name"":""rs-46-p4-cw4ht"",""cpu_m"":211,""mem_b"":397099161,""priority"":""4"",""node"":""kwok-node-26""},{""name"":""rs-46-p4-dzm9c"",""cpu_m"":211,""mem_b"":397099161,""priority"":""4"",""node"":""kwok-node-8""},{""name"":""rs-46-p4-xwng4"",""cpu_m"":211,""mem_b"":397099161,""priority"":""4"",""node"":""kwok-node-22""},{""name"":""rs-47-p3-7qmzh"",""cpu_m"":199,""mem_b"":158459513,""priority"":""3"",""node"":""kwok-node-27""},{""name"":""rs-47-p3-nb558"",""cpu_m"":199,""mem_b"":158459513,""priority"":""3"",""node"":""kwok-node-25""},{""name"":""rs-47-p3-p4fpn"",""cpu_m"":199,""mem_b"":158459513,""priority"":""3"",""node"":""kwok-node-28""},{""name"":""rs-47-p3-z7k2b"",""cpu_m"":199,""mem_b"":158459513,""priority"":""3"",""node"":""kwok-node-32""},{""name"":""rs-48-p3-g2c7l"",""cpu_m"":727,""mem_b"":268137946,""priority"":""3"",""node"":""""},{""name"":""rs-49-p4-m8kjj"",""cpu_m"":566,""mem_b"":541525301,""priority"":""4"",""node"":""""}]","[{""name"":""kwok-node-1"",""cap_cpu_m"":1970,""cap_mem_bytes"":2158925743},{""name"":""kwok-node-2"",""cap_cpu_m"":1970,""cap_mem_bytes"":2158925743},{""name"":""kwok-node-3"",""cap_cpu_m"":1970,""cap_mem_bytes"":2158925743},{""name"":""kwok-node-4"",""cap_cpu_m"":1970,""cap_mem_bytes"":2158925743},{""name"":""kwok-node-5"",""cap_cpu_m"":1970,""cap_mem_bytes"":2158925743},{""name"":""kwok-node-6"",""cap_cpu_m"":1970,""cap_mem_bytes"":2158925743},{""name"":""kwok-node-7"",""cap_cpu_m"":1970,""cap_mem_bytes"":2158925743},{""name"":""kwok-node-8"",""cap_cpu_m"":1970,""cap_mem_bytes"":2158925743},{""name"":""kwok-node-9"",""cap_cpu_m"":1970,""cap_mem_bytes"":2158925743},{""name"":""kwok-node-10"",""cap_cpu_m"":1970,""cap_mem_bytes"":2158925743},{""name"":""kwok-node-11"",""cap_cpu_m"":1970,""cap_mem_bytes"":2158925743},{""name"":""kwok-node-12"",""cap_cpu_m"":1970,""cap_mem_bytes"":2158925743},{""name"":""kwok-node-13"",""cap_cpu_m"":1970,""cap_mem_bytes"":2158925743},{""name"":""kwok-node-14"",""cap_cpu_m"":1970,""cap_mem_bytes"":2158925743},{""name"":""kwok-node-15"",""cap_cpu_m"":1970,""cap_mem_bytes"":2158925743},{""name"":""kwok-node-16"",""cap_cpu_m"":1970,""cap_mem_bytes"":2158925743},{""name"":""kwok-node-17"",""cap_cpu_m"":1970,""cap_mem_bytes"":2158925743},{""name"":""kwok-node-18"",""cap_cpu_m"":1970,""cap_mem_bytes"":2158925743},{""name"":""kwok-node-19"",""cap_cpu_m"":1970,""cap_mem_bytes"":2158925743},{""name"":""kwok-node-20"",""cap_cpu_m"":1970,""cap_mem_bytes"":2158925743},{""name"":""kwok-node-21"",""cap_cpu_m"":1970,""cap_mem_bytes"":2158925743},{""name"":""kwok-node-22"",""cap_cpu_m"":1970,""cap_mem_bytes"":2158925743},{""name"":""kwok-node-23"",""cap_cpu_m"":1970,""cap_mem_bytes"":2158925743},{""name"":""kwok-node-24"",""cap_cpu_m"":1970,""cap_mem_bytes"":2158925743},{""name"":""kwok-node-25"",""cap_cpu_m"":1970,""cap_mem_bytes"":2158925743},{""name"":""kwok-node-26"",""cap_cpu_m"":1970,""cap_mem_bytes"":2158925743},{""name"":""kwok-node-27"",""cap_cpu_m"":1970,""cap_mem_bytes"":2158925743},{""name"":""kwok-node-28"",""cap_cpu_m"":1970,""cap_mem_bytes"":2158925743},{""name"":""kwok-node-29"",""cap_cpu_m"":1970,""cap_mem_bytes"":2158925743},{""name"":""kwok-node-30"",""cap_cpu_m"":1970,""cap_mem_bytes"":2158925743},{""name"":""kwok-node-31"",""cap_cpu_m"":1970,""cap_mem_bytes"":2158925743},{""name"":""kwok-node-32"",""cap_cpu_m"":1970,""cap_mem_bytes"":2158925743}]"
2026/02/11/12:39:19,8619543593757090233,,"{""evicted"":0,""moved"":0,""placed_by_priority"":{""1"":30,""2"":33,""3"":27,""4"":18}}",python,"{""evicted"":7,""moved"":18,""placed_by_priority"":{""1"":23,""2"":40,""3"":29,""4"":23}}",1011,FEASIBLE,"[{""duration_ms"":1011,""name"":""python"",""score"":{""evicted"":7,""moved"":18,""placed_by_priority"":{""1"":23,""2"":40,""3"":29,""4"":23}},""status"":""FEASIBLE""}]",0.921,0.842,0.906,0.847,64089,58623,55407048640,51810194019,115,108,13,20,"{""kwok-node-1"":3,""kwok-node-10"":4,""kwok-node-11"":4,""kwok-node-12"":3,""kwok-node-13"":3,""kwok-node-14"":4,""kwok-node-15"":4,""kwok-node-16"":4,""kwok-node-17"":4,""kwok-node-18"":5,""kwok-node-19"":3,""kwok-node-2"":3,""kwok-node-20"":3,""kwok-node-21"":3,""kwok-node-22"":5,""kwok-node-23"":3,""kwok-node-24"":3,""kwok-node-25"":4,""kwok-node-26"":4,""kwok-node-27"":3,""kwok-node-28"":3,""kwok-node-29"":3,""kwok-node-3"":4,""kwok-node-30"":3,""kwok-node-31"":4,""kwok-node-32"":4,""kwok-node-4"":3,""kwok-node-5"":4,""kwok-node-6"":4,""kwok-node-7"":4,""kwok-node-8"":4,""kwok-node-9"":3}","{""kwok-node-1"":2,""kwok-node-10"":3,""kwok-node-11"":4,""kwok-node-12"":3,""kwok-node-13"":3,""kwok-node-14"":3,""kwok-node-15"":3,""kwok-node-16"":4,""kwok-node-17"":4,""kwok-node-18"":4,""kwok-node-19"":3,""kwok-node-2"":3,""kwok-node-20"":3,""kwok-node-21"":3,""kwok-node-22"":5,""kwok-node-23"":3,""kwok-node-24"":2,""kwok-node-25"":4,""kwok-node-26"":3,""kwok-node-27"":3,""kwok-node-28"":3,""kwok-node-29"":3,""kwok-node-3"":4,""kwok-node-30"":3,""kwok-node-31"":4,""kwok-node-32"":4,""kwok-node-4"":3,""kwok-node-5"":4,""kwok-node-6"":3,""kwok-node-7"":5,""kwok-node-8"":4,""kwok-node-9"":3}","{""p1"":23,""p2"":40,""p3"":29,""p4"":23}","{""p1"":30,""p2"":33,""p3"":27,""p4"":18}","{""p1"":13}","{""p1"":6,""p2"":7,""p3"":2,""p4"":5}","{rs-06-p1-h4n8c,rs-06-p1-lzxfz,rs-16-p1-9p79q,rs-20-p1-fswdr,rs-20-p1-kln5m,rs-39-p1-7ffh7,rs-39-p1-wcp96,rs-39-p1-z2lsj,rs-40-p1-7xjs4,rs-42-p1-qzphx,rs-54-p1-6qwwq,rs-54-p1-6w9xz,rs-54-p1-z49t8}","{rs-39-p1-7ffh7,rs-39-p1-nrrrd,rs-42-p1-qzphx,rs-44-p2-8gvq8,rs-44-p2-98sdv,rs-44-p2-fxzvx,rs-44-p2-lwhnd,rs-50-p4-9b927,rs-50-p4-hz9k2,rs-50-p4-nvbnl,rs-51-p2-272xx,rs-54-p1-6qwwq,rs-54-p1-6w9xz,rs-54-p1-z49t8,rs-55-p4-lpp8k,rs-56-p4-gkq5p,rs-57-p3-cxmbg,rs-57-p3-kqfwd,rs-58-p2-wxrd7,rs-59-p2-g8b9h}","{rs-01-p3-626wv,rs-01-p3-rfmvp,rs-01-p3-vbndc,rs-01-p3-vfmsc,rs-02-p3-tjpjt,rs-02-p3-trnkt,rs-03-p3-mxvnl,rs-03-p3-tzdrg,rs-04-p1-2xt4q,rs-04-p1-jf8tv,rs-05-p3-828pq,rs-05-p3-j5s7z,rs-05-p3-ksrs9,rs-05-p3-kvq62,rs-07-p4-kjxzn,rs-07-p4-w5bn4,rs-08-p2-h2j2b,rs-09-p4-52m8n,rs-09-p4-5hwz2,rs-09-p4-ql67s,rs-10-p2-rj8qw,rs-10-p2-s64x8,rs-10-p2-tppsz,rs-11-p3-htqvr,rs-11-p3-rw6sj,rs-11-p3-w88ws,rs-12-p4-bk86n,rs-13-p4-mx8m4,rs-14-p3-gq9d5,rs-15-p1-rlq2h,rs-16-p1-hcczm,rs-17-p3-2d7cj,rs-17-p3-777q6,rs-18-p2-77h74,rs-18-p2-7b6t9,rs-18-p2-b2zhh,rs-18-p2-fw4gs,rs-19-p4-b9d7b,rs-21-p3-hhfmw,rs-22-p3-kgw6w,rs-23-p2-28dmh,rs-23-p2-cqhqr,rs-23-p2-sz7b7,rs-23-p2-xplvz,rs-24-p2-5m4w7,rs-25-p4-b5nfc,rs-25-p4-hsqcl,rs-25-p4-jsxt6,rs-25-p4-vrj74,rs-26-p3-8bxvp,rs-27-p2-2fgfj,rs-27-p2-nbnp9,rs-28-p4-2kffv,rs-29-p1-4rgch,rs-29-p1-d5n6p,rs-29-p1-pdx8z,rs-29-p1-zx9q7,rs-30-p2-8fw56,rs-30-p2-x5clx,rs-30-p2-xqbz7,rs-31-p1-kxcvm,rs-31-p1-xhr7d,rs-32-p3-qdv2f,rs-32-p3-wnc4h,rs-33-p2-5pczb,rs-33-p2-hspfw,rs-34-p3-wfh8q,rs-35-p2-2zzqq,rs-35-p2-96zqx,rs-35-p2-9kjcq,rs-36-p1-n9js8,rs-36-p1-nqm7v,rs-36-p1-nt9tk,rs-36-p1-zhwbd,rs-37-p4-fbvlw,rs-37-p4-lphwl,rs-38-p3-6gn64,rs-39-p1-nrrrd,rs-40-p1-57c7l,rs-40-p1-gd98b,rs-41-p2-6xgkf,rs-43-p1-4j9t8,rs-44-p2-8gvq8,rs-44-p2-98sdv,rs-44-p2-fxzvx,rs-44-p2-lwhnd,rs-45-p1-flft2,rs-46-p3-7ml8r,rs-46-p3-n66zz,rs-47-p4-9d4fp,rs-47-p4-tq9nv,rs-47-p4-zdvfn,rs-48-p2-rswwl,rs-48-p2-tl7l4,rs-49-p2-67nlk,rs-49-p2-btzpf,rs-49-p2-kb7kk,rs-49-p2-vwsmg,rs-50-p4-9b927,rs-50-p4-hz9k2,rs-50-p4-nvbnl,rs-51-p2-272xx,rs-51-p2-xfmlq,rs-52-p1-2t657,rs-52-p1-cqfv5,rs-52-p1-djzvt,rs-52-p1-ff2md,rs-53-p2-7z6fx,rs-53-p2-ljqt6,rs-55-p4-lpp8k,rs-56-p4-gkq5p,rs-57-p3-cxmbg,rs-57-p3-kqfwd,rs-58-p2-wxrd7,rs-59-p2-g8b9h}","{rs-01-p3-626wv,rs-01-p3-rfmvp,rs-01-p3-vbndc,rs-01-p3-vfmsc,rs-02-p3-tjpjt,rs-02-p3-trnkt,rs-03-p3-mxvnl,rs-03-p3-tzdrg,rs-04-p1-9k865,rs-04-p1-vq9vl,rs-05-p3-828pq,rs-05-p3-j5s7z,rs-05-p3-ksrs9,rs-05-p3-kvq62,rs-06-p1-24tt9,rs-06-p1-trhjf,rs-07-p4-kjxzn,rs-07-p4-w5bn4,rs-08-p2-h2j2b,rs-09-p4-52m8n,rs-09-p4-5hwz2,rs-09-p4-ql67s,rs-10-p2-rj8qw,rs-10-p2-s64x8,rs-10-p2-tppsz,rs-11-p3-htqvr,rs-11-p3-rw6sj,rs-11-p3-w88ws,rs-12-p4-bk86n,rs-13-p4-mx8m4,rs-14-p3-gq9d5,rs-15-p1-m9j4v,rs-16-p1-57fnh,rs-16-p1-ffn9q,rs-17-p3-2d7cj,rs-17-p3-777q6,rs-18-p2-77h74,rs-18-p2-7b6t9,rs-18-p2-b2zhh,rs-18-p2-fw4gs,rs-19-p4-b9d7b,rs-20-p1-9sjwl,rs-20-p1-wrxdm,rs-21-p3-hhfmw,rs-22-p3-kgw6w,rs-23-p2-28dmh,rs-23-p2-cqhqr,rs-23-p2-sz7b7,rs-23-p2-xplvz,rs-24-p2-5m4w7,rs-25-p4-b5nfc,rs-25-p4-hsqcl,rs-25-p4-jsxt6,rs-25-p4-vrj74,rs-26-p3-8bxvp,rs-27-p2-2fgfj,rs-27-p2-nbnp9,rs-28-p4-2kffv,rs-29-p1-48kvj,rs-29-p1-d5n6p,rs-29-p1-pdx8z,rs-29-p1-ppxds,rs-30-p2-8fw56,rs-30-p2-x5clx,rs-30-p2-xqbz7,rs-31-p1-4wwdd,rs-31-p1-jglvl,rs-32-p3-qdv2f,rs-32-p3-wnc4h,rs-33-p2-5pczb,rs-33-p2-hspfw,rs-34-p3-wfh8q,rs-35-p2-2zzqq,rs-35-p2-96zqx,rs-35-p2-9kjcq,rs-36-p1-555rh,rs-36-p1-pltwh,rs-36-p1-v9sfq,rs-36-p1-znzjb,rs-37-p4-fbvlw,rs-37-p4-lphwl,rs-38-p3-6gn64,rs-39-p1-68rmv,rs-39-p1-wlq9n,rs-40-p1-57c7l,rs-40-p1-gd98b,rs-40-p1-w4tjh,rs-41-p2-6xgkf,rs-43-p1-dcspn,rs-45-p1-mflq2,rs-46-p3-7ml8r,rs-46-p3-n66zz,rs-47-p4-9d4fp,rs-47-p4-tq9nv,rs-47-p4-zdvfn,rs-48-p2-rswwl,rs-48-p2-tl7l4,rs-49-p2-67nlk,rs-49-p2-btzpf,rs-49-p2-kb7kk,rs-49-p2-vwsmg,rs-51-p2-xfmlq,rs-52-p1-djzvt,rs-52-p1-lcmgt,rs-52-p1-nvcgq,rs-52-p1-qhvqr,rs-53-p2-7z6fx,rs-53-p2-ljqt6}","[{""name"":""rs-01-p3-626wv"",""cpu_m"":650,""mem_b"":522079826,""priority"":""3"",""node"":""kwok-node-10""},{""name"":""rs-01-p3-rfmvp"",""cpu_m"":650,""mem_b"":522079826,""priority"":""3"",""node"":""kwok-node-11""},{""name"":""rs-01-p3-vbndc"",""cpu_m"":650,""mem_b"":522079826,""priority"":""3"",""node"":""kwok-node-14""},{""name"":""rs-01-p3-vfmsc"",""cpu_m"":650,""mem_b"":522079826,""priority"":""3"",""node"":""kwok-node-15""},{""name"":""rs-02-p3-tjpjt"",""cpu_m"":909,""mem_b"":839177153,""priority"":""3"",""node"":""kwok-node-23""},{""name"":""rs-02-p3-trnkt"",""cpu_m"":909,""mem_b"":839177153,""priority"":""3"",""node"":""kwok-node-13""},{""name"":""rs-03-p3-mxvnl"",""cpu_m"":491,""mem_b"":203765997,""priority"":""3"",""node"":""kwok-node-17""},{""name"":""rs-03-p3-tzdrg"",""cpu_m"":491,""mem_b"":203765997,""priority"":""3"",""node"":""kwok-node-22""},{""name"":""rs-04-p1-2xt4q"",""cpu_m"":830,""mem_b"":284366106,""priority"":""1"",""node"":""kwok-node-19""},{""name"":""rs-04-p1-jf8tv"",""cpu_m"":830,""mem_b"":284366106,""priority"":""1"",""node"":""kwok-node-24""},{""name"":""rs-05-p3-828pq"",""cpu_m"":986,""mem_b"":732814126,""priority"":""3"",""node"":""kwok-node-2""},{""name"":""rs-05-p3-j5s7z"",""cpu_m"":986,""mem_b"":732814126,""priority"":""3"",""node"":""kwok-node-1""},{""name"":""rs-05-p3-ksrs9"",""cpu_m"":986,""mem_b"":732814126,""priority"":""3"",""node"":""kwok-node-20""},{""name"":""rs-05-p3-kvq62"",""cpu_m"":986,""mem_b"":732814126,""priority"":""3"",""node"":""kwok-node-12""},{""name"":""rs-06-p1-h4n8c"",""cpu_m"":857,""mem_b"":906834048,""priority"":""1"",""node"":""""},{""name"":""rs-06-p1-lzxfz"",""cpu_m"":857,""mem_b"":906834048,""priority"":""1"",""node"":""""},{""name"":""rs-07-p4-kjxzn"",""cpu_m"":865,""mem_b"":891281939,""priority"":""4"",""node"":""kwok-node-19""},{""name"":""rs-07-p4-w5bn4"",""cpu_m"":865,""mem_b"":891281939,""priority"":""4"",""node"":""kwok-node-27""},{""name"":""rs-08-p2-h2j2b"",""cpu_m"":566,""mem_b"":159089276,""priority"":""2"",""node"":""kwok-node-28""},{""name"":""rs-09-p4-52m8n"",""cpu_m"":759,""mem_b"":762446263,""priority"":""4"",""node"":""kwok-node-30""},{""name"":""rs-09-p4-5hwz2"",""cpu_m"":759,""mem_b"":762446263,""priority"":""4"",""node"":""kwok-node-21""},{""name"":""rs-09-p4-ql67s"",""cpu_m"":759,""mem_b"":762446263,""priority"":""4"",""node"":""kwok-node-29""},{""name"":""rs-10-p2-rj8qw"",""cpu_m"":266,""mem_b"":250640358,""priority"":""2"",""node"":""kwok-node-22""},{""name"":""rs-10-p2-s64x8"",""cpu_m"":266,""mem_b"":250640358,""priority"":""2"",""node"":""kwok-node-3""},{""name"":""rs-10-p2-tppsz"",""cpu_m"":266,""mem_b"":250640358,""priority"":""2"",""node"":""kwok-node-25""},{""name"":""rs-11-p3-htqvr"",""cpu_m"":324,""mem_b"":241787083,""priority"":""3"",""node"":""kwok-node-6""},{""name"":""rs-11-p3-rw6sj"",""cpu_m"":324,""mem_b"":241787083,""priority"":""3"",""node"":""kwok-node-31""},{""name"":""rs-11-p3-w88ws"",""cpu_m"":324,""mem_b"":241787083,""priority"":""3"",""node"":""kwok-node-32""},{""name"":""rs-12-p4-bk86n"",""cpu_m"":659,""mem_b"":795886016,""priority"":""4"",""node"":""kwok-node-9""},{""name"":""rs-13-p4-mx8m4"",""cpu_m"":285,""mem_b"":231214561,""priority"":""4"",""node"":""kwok-node-5""},{""name"":""rs-14-p3-gq9d5"",""cpu_m"":269,""mem_b"":196366382,""priority"":""3"",""node"":""kwok-node-7""},{""name"":""rs-15-p1-rlq2h"",""cpu_m"":153,""mem_b"":778065123,""priority"":""1"",""node"":""kwok-node-14""},{""name"":""rs-16-p1-9p79q"",""cpu_m"":675,""mem_b"":542135732,""priority"":""1"",""node"":""""},{""name"":""rs-16-p1-hcczm"",""cpu_m"":675,""mem_b"":542135732,""priority"":""1"",""node"":""kwok-node-3""},{""name"":""rs-17-p3-2d7cj"",""cpu_m"":793,""mem_b"":602632352,""priority"":""3"",""node"":""kwok-node-5""},{""name"":""rs-17-p3-777q6"",""cpu_m"":793,""mem_b"":602632352,""priority"":""3"",""node"":""kwok-node-3""},{""name"":""rs-18-p2-77h74"",""cpu_m"":460,""mem_b"":559525556,""priority"":""2"",""node"":""kwok-node-7""},{""name"":""rs-18-p2-7b6t9"",""cpu_m"":460,""mem_b"":559525556,""priority"":""2"",""node"":""kwok-node-6""},{""name"":""rs-18-p2-b2zhh"",""cpu_m"":460,""mem_b"":559525556,""priority"":""2"",""node"":""kwok-node-31""},{""name"":""rs-18-p2-fw4gs"",""cpu_m"":460,""mem_b"":559525556,""priority"":""2"",""node"":""kwok-node-32""},{""name"":""rs-19-p4-b9d7b"",""cpu_m"":783,""mem_b"":608264276,""priority"":""4"",""node"":""kwok-node-17""},{""name"":""rs-20-p1-fswdr"",""cpu_m"":883,""mem_b"":375892264,""priority"":""1"",""node"":""""},{""name"":""rs-20-p1-kln5m"",""cpu_m"":883,""mem_b"":375892264,""priority"":""1"",""node"":""""},{""name"":""rs-21-p3-hhfmw"",""cpu_m"":630,""mem_b"":404974646,""priority"":""3"",""node"":""kwok-node-14""},{""name"":""rs-22-p3-kgw6w"",""cpu_m"":739,""mem_b"":117263609,""priority"":""3"",""node"":""kwok-node-10""},{""name"":""rs-23-p2-28dmh"",""cpu_m"":239,""mem_b"":270276130,""priority"":""2"",""node"":""kwok-node-11""},{""name"":""rs-23-p2-cqhqr"",""cpu_m"":239,""mem_b"":270276130,""priority"":""2"",""node"":""kwok-node-15""},{""name"":""rs-23-p2-sz7b7"",""cpu_m"":239,""mem_b"":270276130,""priority"":""2"",""node"":""kwok-node-8""},{""name"":""rs-23-p2-xplvz"",""cpu_m"":239,""mem_b"":270276130,""priority"":""2"",""node"":""kwok-node-22""},{""name"":""rs-24-p2-5m4w7"",""cpu_m"":914,""mem_b"":328254100,""priority"":""2"",""node"":""kwok-node-9""},{""name"":""rs-25-p4-b5nfc"",""cpu_m"":252,""mem_b"":418822103,""priority"":""4"",""node"":""kwok-node-20""},{""name"":""rs-25-p4-hsqcl"",""cpu_m"":252,""mem_b"":418822103,""priority"":""4"",""node"":""kwok-node-16""},{""name"":""rs-25-p4-jsxt6"",""cpu_m"":252,""mem_b"":418822103,""priority"":""4"",""node"":""kwok-node-2""},{""name"":""rs-25-p4-vrj74"",""cpu_m"":252,""mem_b"":418822103,""priority"":""4"",""node"":""kwok-node-18""},{""name"":""rs-26-p3-8bxvp"",""cpu_m"":287,""mem_b"":357415195,""priority"":""3"",""node"":""kwok-node-7""},{""name"":""rs-27-p2-2fgfj"",""cpu_m"":853,""mem_b"":244632482,""priority"":""2"",""node"":""kwok-node-21""},{""name"":""rs-27-p2-nbnp9"",""cpu_m"":853,""mem_b"":244632482,""priority"":""2"",""node"":""kwok-node-29""},{""name"":""rs-28-p4-2kffv"",""cpu_m"":922,""mem_b"":543647681,""priority"":""4"",""node"":""kwok-node-30""},{""name"":""rs-29-p1-4rgch"",""cpu_m"":390,""mem_b"":694260729,""priority"":""1"",""node"":""kwok-node-19""},{""name"":""rs-29-p1-d5n6p"",""cpu_m"":390,""mem_b"":694260729,""priority"":""1"",""node"":""kwok-node-18""},{""name"":""rs-29-p1-pdx8z"",""cpu_m"":390,""mem_b"":694260729,""priority"":""1"",""node"":""kwok-node-12""},{""name"":""rs-29-p1-zx9q7"",""cpu_m"":390,""mem_b"":694260729,""priority"":""1"",""node"":""kwok-node-6""},{""name"":""rs-30-p2-8fw56"",""cpu_m"":580,""mem_b"":718157860,""priority"":""2"",""node"":""kwok-node-11""},{""name"":""rs-30-p2-x5clx"",""cpu_m"":580,""mem_b"":718157860,""priority"":""2"",""node"":""kwok-node-25""},{""name"":""rs-30-p2-xqbz7"",""cpu_m"":580,""mem_b"":718157860,""priority"":""2"",""node"":""kwok-node-1""},{""name"":""rs-31-p1-kxcvm"",""cpu_m"":585,""mem_b"":728304049,""priority"":""1"",""node"":""kwok-node-9""},{""name"":""rs-31-p1-xhr7d"",""cpu_m"":585,""mem_b"":728304049,""priority"":""1"",""node"":""kwok-node-5""},{""name"":""rs-32-p3-qdv2f"",""cpu_m"":834,""mem_b"":169195877,""priority"":""3"",""node"":""kwok-node-31""},{""name"":""rs-32-p3-wnc4h"",""cpu_m"":834,""mem_b"":169195877,""priority"":""3"",""node"":""kwok-node-32""},{""name"":""rs-33-p2-5pczb"",""cpu_m"":335,""mem_b"":281034956,""priority"":""2"",""node"":""kwok-node-23""},{""name"":""rs-33-p2-hspfw"",""cpu_m"":335,""mem_b"":281034956,""priority"":""2"",""node"":""kwok-node-8""},{""name"":""rs-34-p3-wfh8q"",""cpu_m"":134,""mem_b"":522218508,""priority"":""3"",""node"":""kwok-node-17""},{""name"":""rs-35-p2-2zzqq"",""cpu_m"":985,""mem_b"":248477603,""priority"":""2"",""node"":""kwok-node-27""},{""name"":""rs-35-p2-96zqx"",""cpu_m"":985,""mem_b"":248477603,""priority"":""2"",""node"":""kwok-node-24""},{""name"":""rs-35-p2-9kjcq"",""cpu_m"":985,""mem_b"":248477603,""priority"":""2"",""node"":""kwok-node-26""},{""name"":""rs-36-p1-n9js8"",""cpu_m"":721,""mem_b"":173932503,""priority"":""1"",""node"":""kwok-node-14""},{""name"":""rs-36-p1-nqm7v"",""cpu_m"":721,""mem_b"":173932503,""priority"":""1"",""node"":""kwok-node-16""},{""name"":""rs-36-p1-nt9tk"",""cpu_m"":721,""mem_b"":173932503,""priority"":""1"",""node"":""kwok-node-26""},{""name"":""rs-36-p1-zhwbd"",""cpu_m"":721,""mem_b"":173932503,""priority"":""1"",""node"":""kwok-node-13""},{""name"":""rs-37-p4-fbvlw"",""cpu_m"":422,""mem_b"":132773537,""priority"":""4"",""node"":""kwok-node-3""},{""name"":""rs-37-p4-lphwl"",""cpu_m"":422,""mem_b"":132773537,""priority"":""4"",""node"":""kwok-node-5""},{""name"":""rs-38-p3-6gn64"",""cpu_m"":242,""mem_b"":758692719,""priority"":""3"",""node"":""kwok-node-10""},{""name"":""rs-39-p1-7ffh7"",""cpu_m"":311,""mem_b"":948374836,""priority"":""1"",""node"":""""},{""name"":""rs-39-p1-nrrrd"",""cpu_m"":311,""mem_b"":948374836,""priority"":""1"",""node"":""kwok-node-24""},{""name"":""rs-39-p1-wcp96"",""cpu_m"":311,""mem_b"":948374836,""priority"":""1"",""node"":""""},{""name"":""rs-39-p1-z2lsj"",""cpu_m"":311,""mem_b"":948374836,""priority"":""1"",""node"":""""},{""name"":""rs-40-p1-57c7l"",""cpu_m"":907,""mem_b"":642288765,""priority"":""1"",""node"":""kwok-node-2""},{""name"":""rs-40-p1-7xjs4"",""cpu_m"":907,""mem_b"":642288765,""priority"":""1"",""node"":""""},{""name"":""rs-40-p1-gd98b"",""cpu_m"":907,""mem_b"":642288765,""priority"":""1"",""node"":""kwok-node-23""},{""name"":""rs-41-p2-6xgkf"",""cpu_m"":625,""mem_b"":411599014,""priority"":""2"",""node"":""kwok-node-8""},{""name"":""rs-42-p1-qzphx"",""cpu_m"":736,""mem_b"":611527672,""priority"":""1"",""node"":""""},{""name"":""rs-43-p1-4j9t8"",""cpu_m"":200,""mem_b"":826895243,""priority"":""1"",""node"":""kwok-node-15""},{""name"":""rs-44-p2-8gvq8"",""cpu_m"":959,""mem_b"":257463415,""priority"":""2"",""node"":""kwok-node-4""},{""name"":""rs-44-p2-98sdv"",""cpu_m"":959,""mem_b"":257463415,""priority"":""2"",""node"":""kwok-node-6""},{""name"":""rs-44-p2-fxzvx"",""cpu_m"":959,""mem_b"":257463415,""priority"":""2"",""node"":""kwok-node-18""},{""name"":""rs-44-p2-lwhnd"",""cpu_m"":959,""mem_b"":257463415,""priority"":""2"",""node"":""kwok-node-15""},{""name"":""rs-45-p1-flft2"",""cpu_m"":562,""mem_b"":647425704,""priority"":""1"",""node"":""kwok-node-20""},{""name"":""rs-46-p3-7ml8r"",""cpu_m"":101,""mem_b"":545429022,""priority"":""3"",""node"":""kwok-node-31""},{""name"":""rs-46-p3-n66zz"",""cpu_m"":101,""mem_b"":545429022,""priority"":""3"",""node"":""kwok-node-32""},{""name"":""rs-47-p4-9d4fp"",""cpu_m"":567,""mem_b"":211732613,""priority"":""4"",""node"":""kwok-node-17""},{""name"":""rs-47-p4-tq9nv"",""cpu_m"":567,""mem_b"":211732613,""priority"":""4"",""node"":""kwok-node-12""},{""name"":""rs-47-p4-zdvfn"",""cpu_m"":567,""mem_b"":211732613,""priority"":""4"",""node"":""kwok-node-22""},{""name"":""rs-48-p2-rswwl"",""cpu_m"":251,""mem_b"":896162163,""priority"":""2"",""node"":""kwok-node-21""},{""name"":""rs-48-p2-tl7l4"",""cpu_m"":251,""mem_b"":896162163,""priority"":""2"",""node"":""kwok-node-29""},{""name"":""rs-49-p2-67nlk"",""cpu_m"":350,""mem_b"":136560070,""priority"":""2"",""node"":""kwok-node-11""},{""name"":""rs-49-p2-btzpf"",""cpu_m"":350,""mem_b"":136560070,""priority"":""2"",""node"":""kwok-node-16""},{""name"":""rs-49-p2-kb7kk"",""cpu_m"":350,""mem_b"":136560070,""priority"":""2"",""node"":""kwok-node-25""},{""name"":""rs-49-p2-vwsmg"",""cpu_m"":350,""mem_b"":136560070,""priority"":""2"",""node"":""kwok-node-18""},{""name"":""rs-50-p4-9b927"",""cpu_m"":943,""mem_b"":452704567,""priority"":""4"",""node"":""kwok-node-7""},{""name"":""rs-50-p4-hz9k2"",""cpu_m"":943,""mem_b"":452704567,""priority"":""4"",""node"":""kwok-node-4""},{""name"":""rs-50-p4-nvbnl"",""cpu_m"":943,""mem_b"":452704567,""priority"":""4"",""node"":""kwok-node-25""},{""name"":""rs-51-p2-272xx"",""cpu_m"":449,""mem_b"":881698601,""priority"":""2"",""node"":""kwok-node-22""},{""name"":""rs-51-p2-xfmlq"",""cpu_m"":449,""mem_b"":881698601,""priority"":""2"",""node"":""kwok-node-13""},{""name"":""rs-52-p1-2t657"",""cpu_m"":152,""mem_b"":369766384,""priority"":""1"",""node"":""kwok-node-18""},{""name"":""rs-52-p1-cqfv5"",""cpu_m"":152,""mem_b"":369766384,""priority"":""1"",""node"":""kwok-node-1""},{""name"":""rs-52-p1-djzvt"",""cpu_m"":152,""mem_b"":369766384,""priority"":""1"",""node"":""kwok-node-30""},{""name"":""rs-52-p1-ff2md"",""cpu_m"":152,""mem_b"":369766384,""priority"":""1"",""node"":""kwok-node-10""},{""name"":""rs-53-p2-7z6fx"",""cpu_m"":125,""mem_b"":659248498,""priority"":""2"",""node"":""kwok-node-27""},{""name"":""rs-53-p2-ljqt6"",""cpu_m"":125,""mem_b"":659248498,""priority"":""2"",""node"":""kwok-node-26""},{""name"":""rs-54-p1-6qwwq"",""cpu_m"":753,""mem_b"":537588976,""priority"":""1"",""node"":""""},{""name"":""rs-54-p1-6w9xz"",""cpu_m"":753,""mem_b"":537588976,""priority"":""1"",""node"":""""},{""name"":""rs-54-p1-z49t8"",""cpu_m"":753,""mem_b"":537588976,""priority"":""1"",""node"":""""},{""name"":""rs-55-p4-lpp8k"",""cpu_m"":295,""mem_b"":759269632,""priority"":""4"",""node"":""kwok-node-26""},{""name"":""rs-56-p4-gkq5p"",""cpu_m"":823,""mem_b"":837724864,""priority"":""4"",""node"":""kwok-node-16""},{""name"":""rs-57-p3-cxmbg"",""cpu_m"":849,""mem_b"":936070317,""priority"":""3"",""node"":""kwok-node-8""},{""name"":""rs-57-p3-kqfwd"",""cpu_m"":849,""mem_b"":936070317,""priority"":""3"",""node"":""kwok-node-28""},{""name"":""rs-58-p2-wxrd7"",""cpu_m"":754,""mem_b"":561472982,""priority"":""2"",""node"":""kwok-node-28""},{""name"":""rs-59-p2-g8b9h"",""cpu_m"":155,""mem_b"":994832504,""priority"":""2"",""node"":""kwok-node-4""}]","[{""name"":""rs-01-p3-626wv"",""cpu_m"":650,""mem_b"":522079826,""priority"":""3"",""node"":""kwok-node-10""},{""name"":""rs-01-p3-rfmvp"",""cpu_m"":650,""mem_b"":522079826,""priority"":""3"",""node"":""kwok-node-11""},{""name"":""rs-01-p3-vbndc"",""cpu_m"":650,""mem_b"":522079826,""priority"":""3"",""node"":""kwok-node-14""},{""name"":""rs-01-p3-vfmsc"",""cpu_m"":650,""mem_b"":522079826,""priority"":""3"",""node"":""kwok-node-15""},{""name"":""rs-02-p3-tjpjt"",""cpu_m"":909,""mem_b"":839177153,""priority"":""3"",""node"":""kwok-node-23""},{""name"":""rs-02-p3-trnkt"",""cpu_m"":909,""mem_b"":839177153,""priority"":""3"",""node"":""kwok-node-13""},{""name"":""rs-03-p3-mxvnl"",""cpu_m"":491,""mem_b"":203765997,""priority"":""3"",""node"":""kwok-node-17""},{""name"":""rs-03-p3-tzdrg"",""cpu_m"":491,""mem_b"":203765997,""priority"":""3"",""node"":""kwok-node-22""},{""name"":""rs-04-p1-9k865"",""cpu_m"":830,""mem_b"":284366106,""priority"":""1"",""node"":""kwok-node-18""},{""name"":""rs-04-p1-vq9vl"",""cpu_m"":830,""mem_b"":284366106,""priority"":""1"",""node"":""kwok-node-16""},{""name"":""rs-05-p3-828pq"",""cpu_m"":986,""mem_b"":732814126,""priority"":""3"",""node"":""kwok-node-2""},{""name"":""rs-05-p3-j5s7z"",""cpu_m"":986,""mem_b"":732814126,""priority"":""3"",""node"":""kwok-node-1""},{""name"":""rs-05-p3-ksrs9"",""cpu_m"":986,""mem_b"":732814126,""priority"":""3"",""node"":""kwok-node-20""},{""name"":""rs-05-p3-kvq62"",""cpu_m"":986,""mem_b"":732814126,""priority"":""3"",""node"":""kwok-node-12""},{""name"":""rs-06-p1-24tt9"",""cpu_m"":857,""mem_b"":906834048,""priority"":""1"",""node"":""kwok-node-24""},{""name"":""rs-06-p1-trhjf"",""cpu_m"":857,""mem_b"":906834048,""priority"":""1"",""node"":""kwok-node-26""},{""name"":""rs-07-p4-kjxzn"",""cpu_m"":865,""mem_b"":891281939,""priority"":""4"",""node"":""kwok-node-19""},{""name"":""rs-07-p4-w5bn4"",""cpu_m"":865,""mem_b"":891281939,""priority"":""4"",""node"":""kwok-node-27""},{""name"":""rs-08-p2-h2j2b"",""cpu_m"":566,""mem_b"":159089276,""priority"":""2"",""node"":""kwok-node-28""},{""name"":""rs-09-p4-52m8n"",""cpu_m"":759,""mem_b"":762446263,""priority"":""4"",""node"":""kwok-node-30""},{""name"":""rs-09-p4-5hwz2"",""cpu_m"":759,""mem_b"":762446263,""priority"":""4"",""node"":""kwok-node-21""},{""name"":""rs-09-p4-ql67s"",""cpu_m"":759,""mem_b"":762446263,""priority"":""4"",""node"":""kwok-node-29""},{""name"":""rs-10-p2-rj8qw"",""cpu_m"":266,""mem_b"":250640358,""priority"":""2"",""node"":""kwok-node-22""},{""name"":""rs-10-p2-s64x8"",""cpu_m"":266,""mem_b"":250640358,""priority"":""2"",""node"":""kwok-node-3""},{""name"":""rs-10-p2-tppsz"",""cpu_m"":266,""mem_b"":250640358,""priority"":""2"",""node"":""kwok-node-25""},{""name"":""rs-11-p3-htqvr"",""cpu_m"":324,""mem_b"":241787083,""priority"":""3"",""node"":""kwok-node-6""},{""name"":""rs-11-p3-rw6sj"",""cpu_m"":324,""mem_b"":241787083,""priority"":""3"",""node"":""kwok-node-31""},{""name"":""rs-11-p3-w88ws"",""cpu_m"":324,""mem_b"":241787083,""priority"":""3"",""node"":""kwok-node-32""},{""name"":""rs-12-p4-bk86n"",""cpu_m"":659,""mem_b"":795886016,""priority"":""4"",""node"":""kwok-node-9""},{""name"":""rs-13-p4-mx8m4"",""cpu_m"":285,""mem_b"":231214561,""priority"":""4"",""node"":""kwok-node-5""},{""name"":""rs-14-p3-gq9d5"",""cpu_m"":269,""mem_b"":196366382,""priority"":""3"",""node"":""kwok-node-7""},{""name"":""rs-15-p1-m9j4v"",""cpu_m"":153,""mem_b"":778065123,""priority"":""1"",""node"":""kwok-node-4""},{""name"":""rs-16-p1-57fnh"",""cpu_m"":675,""mem_b"":542135732,""priority"":""1"",""node"":""kwok-node-8""},{""name"":""rs-16-p1-ffn9q"",""cpu_m"":675,""mem_b"":542135732,""priority"":""1"",""node"":""kwok-node-25""},{""name"":""rs-17-p3-2d7cj"",""cpu_m"":793,""mem_b"":602632352,""priority"":""3"",""node"":""kwok-node-5""},{""name"":""rs-17-p3-777q6"",""cpu_m"":793,""mem_b"":602632352,""priority"":""3"",""node"":""kwok-node-3""},{""name"":""rs-18-p2-77h74"",""cpu_m"":460,""mem_b"":559525556,""priority"":""2"",""node"":""kwok-node-7""},{""name"":""rs-18-p2-7b6t9"",""cpu_m"":460,""mem_b"":559525556,""priority"":""2"",""node"":""kwok-node-6""},{""name"":""rs-18-p2-b2zhh"",""cpu_m"":460,""mem_b"":559525556,""priority"":""2"",""node"":""kwok-node-31""},{""name"":""rs-18-p2-fw4gs"",""cpu_m"":460,""mem_b"":559525556,""priority"":""2"",""node"":""kwok-node-32""},{""name"":""rs-19-p4-b9d7b"",""cpu_m"":783,""mem_b"":608264276,""priority"":""4"",""node"":""kwok-node-17""},{""name"":""rs-20-p1-9sjwl"",""cpu_m"":883,""mem_b"":375892264,""priority"":""1"",""node"":""kwok-node-28""},{""name"":""rs-20-p1-wrxdm"",""cpu_m"":883,""mem_b"":375892264,""priority"":""1"",""node"":""kwok-node-4""},{""name"":""rs-21-p3-hhfmw"",""cpu_m"":630,""mem_b"":404974646,""priority"":""3"",""node"":""kwok-node-14""},{""name"":""rs-22-p3-kgw6w"",""cpu_m"":739,""mem_b"":117263609,""priority"":""3"",""node"":""kwok-node-10""},{""name"":""rs-23-p2-28dmh"",""cpu_m"":239,""mem_b"":270276130,""priority"":""2"",""node"":""kwok-node-11""},{""name"":""rs-23-p2-cqhqr"",""cpu_m"":239,""mem_b"":270276130,""priority"":""2"",""node"":""kwok-node-15""},{""name"":""rs-23-p2-sz7b7"",""cpu_m"":239,""mem_b"":270276130,""priority"":""2"",""node"":""kwok-node-8""},{""name"":""rs-23-p2-xplvz"",""cpu_m"":239,""mem_b"":270276130,""priority"":""2"",""node"":""kwok-node-22""},{""name"":""rs-24-p2-5m4w7"",""cpu_m"":914,""mem_b"":328254100,""priority"":""2"",""node"":""kwok-node-9""},{""name"":""rs-25-p4-b5nfc"",""cpu_m"":252,""mem_b"":418822103,""priority"":""4"",""node"":""kwok-node-20""},{""name"":""rs-25-p4-hsqcl"",""cpu_m"":252,""mem_b"":418822103,""priority"":""4"",""node"":""kwok-node-16""},{""name"":""rs-25-p4-jsxt6"",""cpu_m"":252,""mem_b"":418822103,""priority"":""4"",""node"":""kwok-node-2""},{""name"":""rs-25-p4-vrj74"",""cpu_m"":252,""mem_b"":418822103,""priority"":""4"",""node"":""kwok-node-18""},{""name"":""rs-26-p3-8bxvp"",""cpu_m"":287,""mem_b"":357415195,""priority"":""3"",""node"":""kwok-node-7""},{""name"":""rs-27-p2-2fgfj"",""cpu_m"":853,""mem_b"":244632482,""priority"":""2"",""node"":""kwok-node-21""},{""name"":""rs-27-p2-nbnp9"",""cpu_m"":853,""mem_b"":244632482,""priority"":""2"",""node"":""kwok-node-29""},{""name"":""rs-28-p4-2kffv"",""cpu_m"":922,""mem_b"":543647681,""priority"":""4"",""node"":""kwok-node-30""},{""name"":""rs-29-p1-48kvj"",""cpu_m"":390,""mem_b"":694260729,""priority"":""1"",""node"":""kwok-node-22""},{""name"":""rs-29-p1-d5n6p"",""cpu_m"":390,""mem_b"":694260729,""priority"":""1"",""node"":""kwok-node-18""},{""name"":""rs-29-p1-pdx8z"",""cpu_m"":390,""mem_b"":694260729,""priority"":""1"",""node"":""kwok-node-12""},{""name"":""rs-29-p1-ppxds"",""cpu_m"":390,""mem_b"":694260729,""priority"":""1"",""node"":""kwok-node-16""},{""name"":""rs-30-p2-8fw56"",""cpu_m"":580,""mem_b"":718157860,""priority"":""2"",""node"":""kwok-node-11""},{""name"":""rs-30-p2-x5clx"",""cpu_m"":580,""mem_b"":718157860,""priority"":""2"",""node"":""kwok-node-25""},{""name"":""rs-30-p2-xqbz7"",""cpu_m"":580,""mem_b"":718157860,""priority"":""2"",""node"":""kwok-node-1""},{""name"":""rs-31-p1-4wwdd"",""cpu_m"":585,""mem_b"":728304049,""priority"":""1"",""node"":""kwok-node-15""},{""name"":""rs-31-p1-jglvl"",""cpu_m"":585,""mem_b"":728304049,""priority"":""1"",""node"":""kwok-node-6""},{""name"":""rs-32-p3-qdv2f"",""cpu_m"":834,""mem_b"":169195877,""priority"":""3"",""node"":""kwok-node-31""},{""name"":""rs-32-p3-wnc4h"",""cpu_m"":834,""mem_b"":169195877,""priority"":""3"",""node"":""kwok-node-32""},{""name"":""rs-33-p2-5pczb"",""cpu_m"":335,""mem_b"":281034956,""priority"":""2"",""node"":""kwok-node-23""},{""name"":""rs-33-p2-hspfw"",""cpu_m"":335,""mem_b"":281034956,""priority"":""2"",""node"":""kwok-node-8""},{""name"":""rs-34-p3-wfh8q"",""cpu_m"":134,""mem_b"":522218508,""priority"":""3"",""node"":""kwok-node-17""},{""name"":""rs-35-p2-2zzqq"",""cpu_m"":985,""mem_b"":248477603,""priority"":""2"",""node"":""kwok-node-27""},{""name"":""rs-35-p2-96zqx"",""cpu_m"":985,""mem_b"":248477603,""priority"":""2"",""node"":""kwok-node-24""},{""name"":""rs-35-p2-9kjcq"",""cpu_m"":985,""mem_b"":248477603,""priority"":""2"",""node"":""kwok-node-26""},{""name"":""rs-36-p1-555rh"",""cpu_m"":721,""mem_b"":173932503,""priority"":""1"",""node"":""kwok-node-13""},{""name"":""rs-36-p1-pltwh"",""cpu_m"":721,""mem_b"":173932503,""priority"":""1"",""node"":""kwok-node-7""},{""name"":""rs-36-p1-v9sfq"",""cpu_m"":721,""mem_b"":173932503,""priority"":""1"",""node"":""kwok-node-4""},{""name"":""rs-36-p1-znzjb"",""cpu_m"":721,""mem_b"":173932503,""priority"":""1"",""node"":""kwok-node-19""},{""name"":""rs-37-p4-fbvlw"",""cpu_m"":422,""mem_b"":132773537,""priority"":""4"",""node"":""kwok-node-3""},{""name"":""rs-37-p4-lphwl"",""cpu_m"":422,""mem_b"":132773537,""priority"":""4"",""node"":""kwok-node-5""},{""name"":""rs-38-p3-6gn64"",""cpu_m"":242,""mem_b"":758692719,""priority"":""3"",""node"":""kwok-node-10""},{""name"":""rs-39-p1-68rmv"",""cpu_m"":311,""mem_b"":948374836,""priority"":""1"",""node"":""kwok-node-14""},{""name"":""rs-39-p1-7ffh7"",""cpu_m"":311,""mem_b"":948374836,""priority"":""1"",""node"":""""},{""name"":""rs-39-p1-nrrrd"",""cpu_m"":311,""mem_b"":948374836,""priority"":""1"",""node"":""""},{""name"":""rs-39-p1-wlq9n"",""cpu_m"":311,""mem_b"":948374836,""priority"":""1"",""node"":""kwok-node-28""},{""name"":""rs-40-p1-57c7l"",""cpu_m"":907,""mem_b"":642288765,""priority"":""1"",""node"":""kwok-node-2""},{""name"":""rs-40-p1-gd98b"",""cpu_m"":907,""mem_b"":642288765,""priority"":""1"",""node"":""kwok-node-23""},{""name"":""rs-40-p1-w4tjh"",""cpu_m"":907,""mem_b"":642288765,""priority"":""1"",""node"":""kwok-node-20""},{""name"":""rs-41-p2-6xgkf"",""cpu_m"":625,""mem_b"":411599014,""priority"":""2"",""node"":""kwok-node-8""},{""name"":""rs-42-p1-qzphx"",""cpu_m"":736,""mem_b"":611527672,""priority"":""1"",""node"":""""},{""name"":""rs-43-p1-dcspn"",""cpu_m"":200,""mem_b"":826895243,""priority"":""1"",""node"":""kwok-node-5""},{""name"":""rs-44-p2-8gvq8"",""cpu_m"":959,""mem_b"":257463415,""priority"":""2"",""node"":""""},{""name"":""rs-44-p2-98sdv"",""cpu_m"":959,""mem_b"":257463415,""priority"":""2"",""node"":""""},{""name"":""rs-44-p2-fxzvx"",""cpu_m"":959,""mem_b"":257463415,""priority"":""2"",""node"":""""},{""name"":""rs-44-p2-lwhnd"",""cpu_m"":959,""mem_b"":257463415,""priority"":""2"",""node"":""""},{""name"":""rs-45-p1-mflq2"",""cpu_m"":562,""mem_b"":647425704,""priority"":""1"",""node"":""kwok-node-3""},{""name"":""rs-46-p3-7ml8r"",""cpu_m"":101,""mem_b"":545429022,""priority"":""3"",""node"":""kwok-node-31""},{""name"":""rs-46-p3-n66zz"",""cpu_m"":101,""mem_b"":545429022,""priority"":""3"",""node"":""kwok-node-32""},{""name"":""rs-47-p4-9d4fp"",""cpu_m"":567,""mem_b"":211732613,""priority"":""4"",""node"":""kwok-node-17""},{""name"":""rs-47-p4-tq9nv"",""cpu_m"":567,""mem_b"":211732613,""priority"":""4"",""node"":""kwok-node-12""},{""name"":""rs-47-p4-zdvfn"",""cpu_m"":567,""mem_b"":211732613,""priority"":""4"",""node"":""kwok-node-22""},{""name"":""rs-48-p2-rswwl"",""cpu_m"":251,""mem_b"":896162163,""priority"":""2"",""node"":""kwok-node-21""},{""name"":""rs-48-p2-tl7l4"",""cpu_m"":251,""mem_b"":896162163,""priority"":""2"",""node"":""kwok-node-29""},{""name"":""rs-49-p2-67nlk"",""cpu_m"":350,""mem_b"":136560070,""priority"":""2"",""node"":""kwok-node-11""},{""name"":""rs-49-p2-btzpf"",""cpu_m"":350,""mem_b"":136560070,""priority"":""2"",""node"":""kwok-node-16""},{""name"":""rs-49-p2-kb7kk"",""cpu_m"":350,""mem_b"":136560070,""priority"":""2"",""node"":""kwok-node-25""},{""name"":""rs-49-p2-vwsmg"",""cpu_m"":350,""mem_b"":136560070,""priority"":""2"",""node"":""kwok-node-18""},{""name"":""rs-50-p4-9b927"",""cpu_m"":943,""mem_b"":452704567,""priority"":""4"",""node"":""""},{""name"":""rs-50-p4-hz9k2"",""cpu_m"":943,""mem_b"":452704567,""priority"":""4"",""node"":""""},{""name"":""rs-50-p4-nvbnl"",""cpu_m"":943,""mem_b"":452704567,""priority"":""4"",""node"":""""},{""name"":""rs-51-p2-272xx"",""cpu_m"":449,""mem_b"":881698601,""priority"":""2"",""node"":""""},{""name"":""rs-51-p2-xfmlq"",""cpu_m"":449,""mem_b"":881698601,""priority"":""2"",""node"":""kwok-node-13""},{""name"":""rs-52-p1-djzvt"",""cpu_m"":152,""mem_b"":369766384,""priority"":""1"",""node"":""kwok-node-30""},{""name"":""rs-52-p1-lcmgt"",""cpu_m"":152,""mem_b"":369766384,""priority"":""1"",""node"":""kwok-node-7""},{""name"":""rs-52-p1-nvcgq"",""cpu_m"":152,""mem_b"":369766384,""priority"":""1"",""node"":""kwok-node-9""},{""name"":""rs-52-p1-qhvqr"",""cpu_m"":152,""mem_b"":369766384,""priority"":""1"",""node"":""kwok-node-19""},{""name"":""rs-53-p2-7z6fx"",""cpu_m"":125,""mem_b"":659248498,""priority"":""2"",""node"":""kwok-node-27""},{""name"":""rs-53-p2-ljqt6"",""cpu_m"":125,""mem_b"":659248498,""priority"":""2"",""node"":""kwok-node-26""},{""name"":""rs-54-p1-6qwwq"",""cpu_m"":753,""mem_b"":537588976,""priority"":""1"",""node"":""""},{""name"":""rs-54-p1-6w9xz"",""cpu_m"":753,""mem_b"":537588976,""priority"":""1"",""node"":""""},{""name"":""rs-54-p1-z49t8"",""cpu_m"":753,""mem_b"":537588976,""priority"":""1"",""node"":""""},{""name"":""rs-55-p4-lpp8k"",""cpu_m"":295,""mem_b"":759269632,""priority"":""4"",""node"":""""},{""name"":""rs-56-p4-gkq5p"",""cpu_m"":823,""mem_b"":837724864,""priority"":""4"",""node"":""""},{""name"":""rs-57-p3-cxmbg"",""cpu_m"":849,""mem_b"":936070317,""priority"":""3"",""node"":""""},{""name"":""rs-57-p3-kqfwd"",""cpu_m"":849,""mem_b"":936070317,""priority"":""3"",""node"":""""},{""name"":""rs-58-p2-wxrd7"",""cpu_m"":754,""mem_b"":561472982,""priority"":""2"",""node"":""""},{""name"":""rs-59-p2-g8b9h"",""cpu_m"":155,""mem_b"":994832504,""priority"":""2"",""node"":""""}]","[{""name"":""kwok-node-1"",""cap_cpu_m"":2175,""cap_mem_bytes"":1911498360},{""name"":""kwok-node-2"",""cap_cpu_m"":2175,""cap_mem_bytes"":1911498360},{""name"":""kwok-node-3"",""cap_cpu_m"":2175,""cap_mem_bytes"":1911498360},{""name"":""kwok-node-4"",""cap_cpu_m"":2175,""cap_mem_bytes"":1911498360},{""name"":""kwok-node-5"",""cap_cpu_m"":2175,""cap_mem_bytes"":1911498360},{""name"":""kwok-node-6"",""cap_cpu_m"":2175,""cap_mem_bytes"":1911498360},{""name"":""kwok-node-7"",""cap_cpu_m"":2175,""cap_mem_bytes"":1911498360},{""name"":""kwok-node-8"",""cap_cpu_m"":2175,""cap_mem_bytes"":1911498360},{""name"":""kwok-node-9"",""cap_cpu_m"":2175,""cap_mem_bytes"":1911498360},{""name"":""kwok-node-10"",""cap_cpu_m"":2175,""cap_mem_bytes"":1911498360},{""name"":""kwok-node-11"",""cap_cpu_m"":2175,""cap_mem_bytes"":1911498360},{""name"":""kwok-node-12"",""cap_cpu_m"":2175,""cap_mem_bytes"":1911498360},{""name"":""kwok-node-13"",""cap_cpu_m"":2175,""cap_mem_bytes"":1911498360},{""name"":""kwok-node-14"",""cap_cpu_m"":2175,""cap_mem_bytes"":1911498360},{""name"":""kwok-node-15"",""cap_cpu_m"":2175,""cap_mem_bytes"":1911498360},{""name"":""kwok-node-16"",""cap_cpu_m"":2175,""cap_mem_bytes"":1911498360},{""name"":""kwok-node-17"",""cap_cpu_m"":2175,""cap_mem_bytes"":1911498360},{""name"":""kwok-node-18"",""cap_cpu_m"":2175,""cap_mem_bytes"":1911498360},{""name"":""kwok-node-19"",""cap_cpu_m"":2175,""cap_mem_bytes"":1911498360},{""name"":""kwok-node-20"",""cap_cpu_m"":2175,""cap_mem_bytes"":1911498360},{""name"":""kwok-node-21"",""cap_cpu_m"":2175,""cap_mem_bytes"":1911498360},{""name"":""kwok-node-22"",""cap_cpu_m"":2175,""cap_mem_bytes"":1911498360},{""name"":""kwok-node-23"",""cap_cpu_m"":2175,""cap_mem_bytes"":1911498360},{""name"":""kwok-node-24"",""cap_cpu_m"":2175,""cap_mem_bytes"":1911498360},{""name"":""kwok-node-25"",""cap_cpu_m"":2175,""cap_mem_bytes"":1911498360},{""name"":""kwok-node-26"",""cap_cpu_m"":2175,""cap_mem_bytes"":1911498360},{""name"":""kwok-node-27"",""cap_cpu_m"":2175,""cap_mem_bytes"":1911498360},{""name"":""kwok-node-28"",""cap_cpu_m"":2175,""cap_mem_bytes"":1911498360},{""name"":""kwok-node-29"",""cap_cpu_m"":2175,""cap_mem_bytes"":1911498360},{""name"":""kwok-node-30"",""cap_cpu_m"":2175,""cap_mem_bytes"":1911498360},{""name"":""kwok-node-31"",""cap_cpu_m"":2175,""cap_mem_bytes"":1911498360},{""name"":""kwok-node-32"",""cap_cpu_m"":2175,""cap_mem_bytes"":1911498360}]"
2026/02/11/12:40:09,6013696950180590152,,"{""evicted"":0,""moved"":0,""placed_by_priority"":{""1"":33,""2"":33,""3"":25,""4"":18}}",python,"{""evicted"":8,""moved"":21,""placed_by_priority"":{""1"":25,""2"":39,""3"":28,""4"":25}}",996,FEASIBLE,"[{""duration_ms"":996,""name"":""python"",""score"":{""evicted"":8,""moved"":21,""placed_by_priority"":{""1"":25,""2"":39,""3"":28,""4"":25}},""status"":""FEASIBLE""}]",0.933,0.826,0.927,0.854,62979,55767,70138174235,64574892534,116,109,12,19,"{""kwok-node-1"":4,""kwok-node-10"":4,""kwok-node-11"":4,""kwok-node-12"":5,""kwok-node-13"":4,""kwok-node-14"":4,""kwok-node-15"":3,""kwok-node-16"":4,""kwok-node-17"":4,""kwok-node-18"":4,""kwok-node-19"":4,""kwok-node-2"":4,""kwok-node-20"":4,""kwok-node-21"":4,""kwok-node-22"":4,""kwok-node-23"":3,""kwok-node-24"":3,""kwok-node-25"":4,""kwok-node-26"":3,""kwok-node-27"":3,""kwok-node-28"":3,""kwok-node-29"":3,""kwok-node-3"":4,""kwok-node-30"":3,""kwok-node-31"":4,""kwok-node-32"":4,""kwok-node-4"":3,""kwok-node-5"":3,""kwok-node-6"":3,""kwok-node-7"":3,""kwok-node-8"":4,""kwok-node-9"":3}","{""kwok-node-1"":3,""kwok-node-10"":4,""kwok-node-11"":3,""kwok-node-12"":5,""kwok-node-13"":3,""kwok-node-14"":4,""kwok-node-15"":3,""kwok-node-16"":3,""kwok-node-17"":3,""kwok-node-18"":4,""kwok-node-19"":4,""kwok-node-2"":3,""kwok-node-20"":3,""kwok-node-21"":3,""kwok-node-22"":4,""kwok-node-23"":4,""kwok-node-24"":4,""kwok-node-25"":3,""kwok-node-26"":3,""kwok-node-27"":3,""kwok-node-28"":4,""kwok-node-29"":3,""kwok-node-3"":3,""kwok-node-30"":3,""kwok-node-31"":4,""kwok-node-32"":4,""kwok-node-4"":3,""kwok-node-5"":4,""kwok-node-6"":3,""kwok-node-7"":3,""kwok-node-8"":3,""kwok-node-9"":3}","{""p1"":24,""p2"":39,""p3"":28,""p4"":25}","{""p1"":33,""p2"":33,""p3"":25,""p4"":18}","{""p1"":12}","{""p1"":3,""p2"":6,""p3"":3,""p4"":7}","{rs-05-p1-l8rj9,rs-06-p1-2rbnz,rs-06-p1-mn9q5,rs-06-p1-npchj,rs-10-p1-47jxw,rs-10-p1-c9jfj,rs-15-p1-9pp42,rs-15-p1-mlj2s,rs-25-p1-48p55,rs-50-p1-25g5z,rs-50-p1-nvv6p,rs-50-p1-s9r6c}","{rs-43-p3-48m22,rs-43-p3-m4bxp,rs-43-p3-s6dhv,rs-44-p2-blpqc,rs-44-p2-clqht,rs-48-p4-2dgdl,rs-48-p4-s92x2,rs-48-p4-trb5q,rs-49-p2-94lvv,rs-49-p2-9x8br,rs-49-p2-rrsgn,rs-50-p1-25g5z,rs-50-p1-nvv6p,rs-50-p1-s9r6c,rs-52-p4-9j6xk,rs-52-p4-kfkmv,rs-52-p4-kxl4n,rs-52-p4-sd65s,rs-53-p2-hkkps}","{rs-01-p3-t8kfz,rs-02-p4-g7gqh,rs-02-p4-lsxmb,rs-02-p4-tmf2c,rs-03-p3-bg9zk,rs-03-p3-f24gw,rs-03-p3-f7rcm,rs-04-p2-79xz4,rs-04-p2-8zwl5,rs-04-p2-cwgmf,rs-04-p2-zsxzr,rs-07-p2-2p6jv,rs-07-p2-6hvq4,rs-07-p2-kvcsh,rs-07-p2-pdfcj,rs-08-p1-6wbwh,rs-09-p1-x49zd,rs-09-p1-xqbrr,rs-11-p3-h4mpr,rs-11-p3-xb8pc,rs-12-p2-2srf9,rs-12-p2-5mzjr,rs-12-p2-mzn4x,rs-12-p2-zfsw4,rs-13-p1-42tbg,rs-13-p1-q4vtk,rs-13-p1-qp9nr,rs-14-p1-567bb,rs-14-p1-hj9pv,rs-14-p1-hx65w,rs-14-p1-jf69k,rs-16-p4-vtwww,rs-16-p4-w24kf,rs-17-p2-cmdvf,rs-17-p2-kjrv8,rs-18-p1-6vv5x,rs-18-p1-hw8wn,rs-19-p4-52tzn,rs-19-p4-sh4gg,rs-19-p4-tt5jw,rs-20-p3-547m8,rs-20-p3-86wg4,rs-20-p3-qtqt7,rs-20-p3-rt9nj,rs-21-p4-f4bck,rs-22-p2-swmts,rs-23-p4-lmwpk,rs-24-p2-2xz8w,rs-24-p2-sg5l2,rs-25-p1-2lhv4,rs-26-p3-phtsl,rs-27-p1-sgj2n,rs-27-p1-v7m5t,rs-27-p1-xr9z6,rs-27-p1-zgzgd,rs-28-p3-9z6hs,rs-28-p3-jcb49,rs-28-p3-zppbn,rs-29-p2-fhlph,rs-30-p3-268d8,rs-30-p3-kssdb,rs-30-p3-thmhk,rs-31-p4-gqjdq,rs-32-p1-c4gc2,rs-33-p4-mgpk5,rs-34-p4-744r4,rs-34-p4-gm6jn,rs-34-p4-hwtg2,rs-35-p4-gjbbf,rs-36-p3-2lp8p,rs-36-p3-ffjs7,rs-36-p3-jv8qz,rs-36-p3-pvf59,rs-37-p3-zrs6f,rs-38-p4-5znbr,rs-39-p2-4fx8v,rs-39-p2-6nnsl,rs-39-p2-ftmq8,rs-40-p4-8qf62,rs-41-p2-8xbkl,rs-41-p2-r6c6c,rs-41-p2-zbc2t,rs-42-p3-47p6q,rs-42-p3-5dghp,rs-42-p3-sszqx,rs-43-p3-48m22,rs-43-p3-m4bxp,rs-43-p3-s6dhv,rs-44-p2-blpqc,rs-44-p2-clqht,rs-45-p2-4fr6p,rs-45-p2-4qs56,rs-45-p2-vmp97,rs-46-p2-28szq,rs-46-p2-hmbqr,rs-46-p2-nx8wd,rs-47-p1-5w87l,rs-47-p1-h47m2,rs-47-p1-s2rwl,rs-47-p1-vl2sp,rs-48-p4-2dgdl,rs-48-p4-s92x2,rs-48-p4-trb5q,rs-49-p2-94lvv,rs-49-p2-9x8br,rs-49-p2-rrsgn,rs-51-p1-bhjhk,rs-51-p1-ntqzj,rs-52-p4-9j6xk,rs-52-p4-kfkmv,rs-52-p4-kxl4n,rs-52-p4-sd65s,rs-53-p2-8z25g,rs-53-p2-hkkps,rs-53-p2-jqkjw,rs-53-p2-mf8qm}","{rs-01-p3-t8kfz,rs-02-p4-g7gqh,rs-02-p4-lsxmb,rs-02-p4-tmf2c,rs-03-p3-bg9zk,rs-03-p3-f24gw,rs-03-p3-f7rcm,rs-04-p2-79xz4,rs-04-p2-8zwl5,rs-04-p2-cwgmf,rs-04-p2-zsxzr,rs-05-p1-qcrqv,rs-06-p1-42hnv,rs-06-p1-kb7xh,rs-06-p1-zxkfx,rs-07-p2-2p6jv,rs-07-p2-6hvq4,rs-07-p2-kvcsh,rs-07-p2-pdfcj,rs-08-p1-l2z5h,rs-09-p1-df4sj,rs-09-p1-gkxk7,rs-10-p1-9cs4z,rs-10-p1-9tgpc,rs-11-p3-h4mpr,rs-11-p3-xb8pc,rs-12-p2-2srf9,rs-12-p2-5mzjr,rs-12-p2-mzn4x,rs-12-p2-zfsw4,rs-13-p1-7cjh4,rs-13-p1-b8rzh,rs-13-p1-sjpgw,rs-14-p1-7qxjw,rs-14-p1-9w7qp,rs-14-p1-gltww,rs-14-p1-vj26h,rs-15-p1-557gm,rs-15-p1-svfgz,rs-16-p4-vtwww,rs-16-p4-w24kf,rs-17-p2-cmdvf,rs-17-p2-kjrv8,rs-18-p1-4hq55,rs-18-p1-hw8wn,rs-19-p4-52tzn,rs-19-p4-sh4gg,rs-19-p4-tt5jw,rs-20-p3-547m8,rs-20-p3-86wg4,rs-20-p3-qtqt7,rs-20-p3-rt9nj,rs-21-p4-f4bck,rs-22-p2-swmts,rs-23-p4-lmwpk,rs-24-p2-2xz8w,rs-24-p2-sg5l2,rs-25-p1-rgt7f,rs-25-p1-v77lh,rs-26-p3-phtsl,rs-27-p1-hptrk,rs-27-p1-ldf8c,rs-27-p1-sgj2n,rs-27-p1-v2lkc,rs-28-p3-9z6hs,rs-28-p3-jcb49,rs-28-p3-zppbn,rs-29-p2-fhlph,rs-30-p3-268d8,rs-30-p3-kssdb,rs-30-p3-thmhk,rs-31-p4-gqjdq,rs-32-p1-n9qqv,rs-33-p4-mgpk5,rs-34-p4-744r4,rs-34-p4-gm6jn,rs-34-p4-hwtg2,rs-35-p4-gjbbf,rs-36-p3-2lp8p,rs-36-p3-ffjs7,rs-36-p3-jv8qz,rs-36-p3-pvf59,rs-37-p3-zrs6f,rs-38-p4-5znbr,rs-39-p2-4fx8v,rs-39-p2-6nnsl,rs-39-p2-ftmq8,rs-40-p4-8qf62,rs-41-p2-8xbkl,rs-41-p2-r6c6c,rs-41-p2-zbc2t,rs-42-p3-47p6q,rs-42-p3-5dghp,rs-42-p3-sszqx,rs-45-p2-4fr6p,rs-45-p2-4qs56,rs-45-p2-vmp97,rs-46-p2-28szq,rs-46-p2-hmbqr,rs-46-p2-nx8wd,rs-47-p1-n552l,rs-47-p1-rm9b8,rs-47-p1-s2rwl,rs-47-p1-vl2sp,rs-51-p1-4vdvz,rs-51-p1-c6mpf,rs-53-p2-8z25g,rs-53-p2-jqkjw,rs-53-p2-mf8qm}","[{""name"":""rs-01-p3-t8kfz"",""cpu_m"":657,""mem_b"":858984535,""priority"":""3"",""node"":""kwok-node-14""},{""name"":""rs-02-p4-g7gqh"",""cpu_m"":415,""mem_b"":425805601,""priority"":""4"",""node"":""kwok-node-13""},{""name"":""rs-02-p4-lsxmb"",""cpu_m"":415,""mem_b"":425805601,""priority"":""4"",""node"":""kwok-node-18""},{""name"":""rs-02-p4-tmf2c"",""cpu_m"":415,""mem_b"":425805601,""priority"":""4"",""node"":""kwok-node-19""},{""name"":""rs-03-p3-bg9zk"",""cpu_m"":471,""mem_b"":674762206,""priority"":""3"",""node"":""kwok-node-12""},{""name"":""rs-03-p3-f24gw"",""cpu_m"":471,""mem_b"":674762206,""priority"":""3"",""node"":""kwok-node-16""},{""name"":""rs-03-p3-f7rcm"",""cpu_m"":471,""mem_b"":674762206,""priority"":""3"",""node"":""kwok-node-1""},{""name"":""rs-04-p2-79xz4"",""cpu_m"":288,""mem_b"":920569906,""priority"":""2"",""node"":""kwok-node-2""},{""name"":""rs-04-p2-8zwl5"",""cpu_m"":288,""mem_b"":920569906,""priority"":""2"",""node"":""kwok-node-17""},{""name"":""rs-04-p2-cwgmf"",""cpu_m"":288,""mem_b"":920569906,""priority"":""2"",""node"":""kwok-node-20""},{""name"":""rs-04-p2-zsxzr"",""cpu_m"":288,""mem_b"":920569906,""priority"":""2"",""node"":""kwok-node-10""},{""name"":""rs-05-p1-l8rj9"",""cpu_m"":618,""mem_b"":821922674,""priority"":""1"",""node"":""""},{""name"":""rs-06-p1-2rbnz"",""cpu_m"":424,""mem_b"":927722274,""priority"":""1"",""node"":""""},{""name"":""rs-06-p1-mn9q5"",""cpu_m"":424,""mem_b"":927722274,""priority"":""1"",""node"":""""},{""name"":""rs-06-p1-npchj"",""cpu_m"":424,""mem_b"":927722274,""priority"":""1"",""node"":""""},{""name"":""rs-07-p2-2p6jv"",""cpu_m"":631,""mem_b"":871381936,""priority"":""2"",""node"":""kwok-node-22""},{""name"":""rs-07-p2-6hvq4"",""cpu_m"":631,""mem_b"":871381936,""priority"":""2"",""node"":""kwok-node-23""},{""name"":""rs-07-p2-kvcsh"",""cpu_m"":631,""mem_b"":871381936,""priority"":""2"",""node"":""kwok-node-24""},{""name"":""rs-07-p2-pdfcj"",""cpu_m"":631,""mem_b"":871381936,""priority"":""2"",""node"":""kwok-node-25""},{""name"":""rs-08-p1-6wbwh"",""cpu_m"":509,""mem_b"":282860140,""priority"":""1"",""node"":""kwok-node-13""},{""name"":""rs-09-p1-x49zd"",""cpu_m"":305,""mem_b"":709909876,""priority"":""1"",""node"":""kwok-node-25""},{""name"":""rs-09-p1-xqbrr"",""cpu_m"":305,""mem_b"":709909876,""priority"":""1"",""node"":""kwok-node-19""},{""name"":""rs-10-p1-47jxw"",""cpu_m"":689,""mem_b"":514400925,""priority"":""1"",""node"":""""},{""name"":""rs-10-p1-c9jfj"",""cpu_m"":689,""mem_b"":514400925,""priority"":""1"",""node"":""""},{""name"":""rs-11-p3-h4mpr"",""cpu_m"":613,""mem_b"":941655809,""priority"":""3"",""node"":""kwok-node-26""},{""name"":""rs-11-p3-xb8pc"",""cpu_m"":613,""mem_b"":941655809,""priority"":""3"",""node"":""kwok-node-18""},{""name"":""rs-12-p2-2srf9"",""cpu_m"":729,""mem_b"":234008512,""priority"":""2"",""node"":""kwok-node-3""},{""name"":""rs-12-p2-5mzjr"",""cpu_m"":729,""mem_b"":234008512,""priority"":""2"",""node"":""kwok-node-30""},{""name"":""rs-12-p2-mzn4x"",""cpu_m"":729,""mem_b"":234008512,""priority"":""2"",""node"":""kwok-node-31""},{""name"":""rs-12-p2-zfsw4"",""cpu_m"":729,""mem_b"":234008512,""priority"":""2"",""node"":""kwok-node-32""},{""name"":""rs-13-p1-42tbg"",""cpu_m"":379,""mem_b"":740068916,""priority"":""1"",""node"":""kwok-node-8""},{""name"":""rs-13-p1-q4vtk"",""cpu_m"":379,""mem_b"":740068916,""priority"":""1"",""node"":""kwok-node-19""},{""name"":""rs-13-p1-qp9nr"",""cpu_m"":379,""mem_b"":740068916,""priority"":""1"",""node"":""kwok-node-18""},{""name"":""rs-14-p1-567bb"",""cpu_m"":643,""mem_b"":490332580,""priority"":""1"",""node"":""kwok-node-22""},{""name"":""rs-14-p1-hj9pv"",""cpu_m"":643,""mem_b"":490332580,""priority"":""1"",""node"":""kwok-node-5""},{""name"":""rs-14-p1-hx65w"",""cpu_m"":643,""mem_b"":490332580,""priority"":""1"",""node"":""kwok-node-2""},{""name"":""rs-14-p1-jf69k"",""cpu_m"":643,""mem_b"":490332580,""priority"":""1"",""node"":""kwok-node-1""},{""name"":""rs-15-p1-9pp42"",""cpu_m"":703,""mem_b"":699260057,""priority"":""1"",""node"":""""},{""name"":""rs-15-p1-mlj2s"",""cpu_m"":703,""mem_b"":699260057,""priority"":""1"",""node"":""""},{""name"":""rs-16-p4-vtwww"",""cpu_m"":258,""mem_b"":946022653,""priority"":""4"",""node"":""kwok-node-3""},{""name"":""rs-16-p4-w24kf"",""cpu_m"":258,""mem_b"":946022653,""priority"":""4"",""node"":""kwok-node-32""},{""name"":""rs-17-p2-cmdvf"",""cpu_m"":683,""mem_b"":177025988,""priority"":""2"",""node"":""kwok-node-2""},{""name"":""rs-17-p2-kjrv8"",""cpu_m"":683,""mem_b"":177025988,""priority"":""2"",""node"":""kwok-node-20""},{""name"":""rs-18-p1-6vv5x"",""cpu_m"":271,""mem_b"":130085408,""priority"":""1"",""node"":""kwok-node-14""},{""name"":""rs-18-p1-hw8wn"",""cpu_m"":271,""mem_b"":130085408,""priority"":""1"",""node"":""kwok-node-12""},{""name"":""rs-19-p4-52tzn"",""cpu_m"":164,""mem_b"":486636569,""priority"":""4"",""node"":""kwok-node-29""},{""name"":""rs-19-p4-sh4gg"",""cpu_m"":164,""mem_b"":486636569,""priority"":""4"",""node"":""kwok-node-8""},{""name"":""rs-19-p4-tt5jw"",""cpu_m"":164,""mem_b"":486636569,""priority"":""4"",""node"":""kwok-node-31""},{""name"":""rs-20-p3-547m8"",""cpu_m"":736,""mem_b"":912620692,""priority"":""3"",""node"":""kwok-node-6""},{""name"":""rs-20-p3-86wg4"",""cpu_m"":736,""mem_b"":912620692,""priority"":""3"",""node"":""kwok-node-7""},{""name"":""rs-20-p3-qtqt7"",""cpu_m"":736,""mem_b"":912620692,""priority"":""3"",""node"":""kwok-node-16""},{""name"":""rs-20-p3-rt9nj"",""cpu_m"":736,""mem_b"":912620692,""priority"":""3"",""node"":""kwok-node-9""},{""name"":""rs-21-p4-f4bck"",""cpu_m"":773,""mem_b"":860177144,""priority"":""4"",""node"":""kwok-node-4""},{""name"":""rs-22-p2-swmts"",""cpu_m"":777,""mem_b"":916871411,""priority"":""2"",""node"":""kwok-node-30""},{""name"":""rs-23-p4-lmwpk"",""cpu_m"":363,""mem_b"":487251664,""priority"":""4"",""node"":""kwok-node-12""},{""name"":""rs-24-p2-2xz8w"",""cpu_m"":624,""mem_b"":879405556,""priority"":""2"",""node"":""kwok-node-15""},{""name"":""rs-24-p2-sg5l2"",""cpu_m"":624,""mem_b"":879405556,""priority"":""2"",""node"":""kwok-node-31""},{""name"":""rs-25-p1-2lhv4"",""cpu_m"":509,""mem_b"":408371747,""priority"":""1"",""node"":""kwok-node-17""},{""name"":""rs-25-p1-48p55"",""cpu_m"":509,""mem_b"":408371747,""priority"":""1"",""node"":""""},{""name"":""rs-26-p3-phtsl"",""cpu_m"":180,""mem_b"":374788978,""priority"":""3"",""node"":""kwok-node-25""},{""name"":""rs-27-p1-sgj2n"",""cpu_m"":114,""mem_b"":157092842,""priority"":""1"",""node"":""kwok-node-10""},{""name"":""rs-27-p1-v7m5t"",""cpu_m"":114,""mem_b"":157092842,""priority"":""1"",""node"":""kwok-node-16""},{""name"":""rs-27-p1-xr9z6"",""cpu_m"":114,""mem_b"":157092842,""priority"":""1"",""node"":""kwok-node-20""},{""name"":""rs-27-p1-zgzgd"",""cpu_m"":114,""mem_b"":157092842,""priority"":""1"",""node"":""kwok-node-8""},{""name"":""rs-28-p3-9z6hs"",""cpu_m"":557,""mem_b"":105964557,""priority"":""3"",""node"":""kwok-node-11""},{""name"":""rs-28-p3-jcb49"",""cpu_m"":557,""mem_b"":105964557,""priority"":""3"",""node"":""kwok-node-17""},{""name"":""rs-28-p3-zppbn"",""cpu_m"":557,""mem_b"":105964557,""priority"":""3"",""node"":""kwok-node-21""},{""name"":""rs-29-p2-fhlph"",""cpu_m"":785,""mem_b"":787123541,""priority"":""2"",""node"":""kwok-node-8""},{""name"":""rs-30-p3-268d8"",""cpu_m"":621,""mem_b"":601239235,""priority"":""3"",""node"":""kwok-node-14""},{""name"":""rs-30-p3-kssdb"",""cpu_m"":621,""mem_b"":601239235,""priority"":""3"",""node"":""kwok-node-23""},{""name"":""rs-30-p3-thmhk"",""cpu_m"":621,""mem_b"":601239235,""priority"":""3"",""node"":""kwok-node-24""},{""name"":""rs-31-p4-gqjdq"",""cpu_m"":964,""mem_b"":413563170,""priority"":""4"",""node"":""kwok-node-10""},{""name"":""rs-32-p1-c4gc2"",""cpu_m"":311,""mem_b"":952971720,""priority"":""1"",""node"":""kwok-node-1""},{""name"":""rs-33-p4-mgpk5"",""cpu_m"":559,""mem_b"":897369960,""priority"":""4"",""node"":""kwok-node-17""},{""name"":""rs-34-p4-744r4"",""cpu_m"":418,""mem_b"":759471583,""priority"":""4"",""node"":""kwok-node-2""},{""name"":""rs-34-p4-gm6jn"",""cpu_m"":418,""mem_b"":759471583,""priority"":""4"",""node"":""kwok-node-11""},{""name"":""rs-34-p4-hwtg2"",""cpu_m"":418,""mem_b"":759471583,""priority"":""4"",""node"":""kwok-node-21""},{""name"":""rs-35-p4-gjbbf"",""cpu_m"":764,""mem_b"":835727247,""priority"":""4"",""node"":""kwok-node-20""},{""name"":""rs-36-p3-2lp8p"",""cpu_m"":981,""mem_b"":331088005,""priority"":""3"",""node"":""kwok-node-13""},{""name"":""rs-36-p3-ffjs7"",""cpu_m"":981,""mem_b"":331088005,""priority"":""3"",""node"":""kwok-node-28""},{""name"":""rs-36-p3-jv8qz"",""cpu_m"":981,""mem_b"":331088005,""priority"":""3"",""node"":""kwok-node-25""},{""name"":""rs-36-p3-pvf59"",""cpu_m"":981,""mem_b"":331088005,""priority"":""3"",""node"":""kwok-node-19""},{""name"":""rs-37-p3-zrs6f"",""cpu_m"":563,""mem_b"":818186044,""priority"":""3"",""node"":""kwok-node-3""},{""name"":""rs-38-p4-5znbr"",""cpu_m"":809,""mem_b"":380916957,""priority"":""4"",""node"":""kwok-node-27""},{""name"":""rs-39-p2-4fx8v"",""cpu_m"":550,""mem_b"":172983961,""priority"":""2"",""node"":""kwok-node-12""},{""name"":""rs-39-p2-6nnsl"",""cpu_m"":550,""mem_b"":172983961,""priority"":""2"",""node"":""kwok-node-18""},{""name"":""rs-39-p2-ftmq8"",""cpu_m"":550,""mem_b"":172983961,""priority"":""2"",""node"":""kwok-node-32""},{""name"":""rs-40-p4-8qf62"",""cpu_m"":979,""mem_b"":940431833,""priority"":""4"",""node"":""kwok-node-26""},{""name"":""rs-41-p2-8xbkl"",""cpu_m"":676,""mem_b"":202658333,""priority"":""2"",""node"":""kwok-node-4""},{""name"":""rs-41-p2-r6c6c"",""cpu_m"":676,""mem_b"":202658333,""priority"":""2"",""node"":""kwok-node-1""},{""name"":""rs-41-p2-zbc2t"",""cpu_m"":676,""mem_b"":202658333,""priority"":""2"",""node"":""kwok-node-22""},{""name"":""rs-42-p3-47p6q"",""cpu_m"":493,""mem_b"":985860756,""priority"":""3"",""node"":""kwok-node-5""},{""name"":""rs-42-p3-5dghp"",""cpu_m"":493,""mem_b"":985860756,""priority"":""3"",""node"":""kwok-node-32""},{""name"":""rs-42-p3-sszqx"",""cpu_m"":493,""mem_b"":985860756,""priority"":""3"",""node"":""kwok-node-30""},{""name"":""rs-43-p3-48m22"",""cpu_m"":858,""mem_b"":850524404,""priority"":""3"",""node"":""kwok-node-29""},{""name"":""rs-43-p3-m4bxp"",""cpu_m"":858,""mem_b"":850524404,""priority"":""3"",""node"":""kwok-node-15""},{""name"":""rs-43-p3-s6dhv"",""cpu_m"":858,""mem_b"":850524404,""priority"":""3"",""node"":""kwok-node-29""},{""name"":""rs-44-p2-blpqc"",""cpu_m"":991,""mem_b"":504403854,""priority"":""2"",""node"":""kwok-node-7""},{""name"":""rs-44-p2-clqht"",""cpu_m"":991,""mem_b"":504403854,""priority"":""2"",""node"":""kwok-node-6""},{""name"":""rs-45-p2-4fr6p"",""cpu_m"":512,""mem_b"":350689012,""priority"":""2"",""node"":""kwok-node-15""},{""name"":""rs-45-p2-4qs56"",""cpu_m"":512,""mem_b"":350689012,""priority"":""2"",""node"":""kwok-node-16""},{""name"":""rs-45-p2-vmp97"",""cpu_m"":512,""mem_b"":350689012,""priority"":""2"",""node"":""kwok-node-10""},{""name"":""rs-46-p2-28szq"",""cpu_m"":306,""mem_b"":793161747,""priority"":""2"",""node"":""kwok-node-12""},{""name"":""rs-46-p2-hmbqr"",""cpu_m"":306,""mem_b"":793161747,""priority"":""2"",""node"":""kwok-node-7""},{""name"":""rs-46-p2-nx8wd"",""cpu_m"":306,""mem_b"":793161747,""priority"":""2"",""node"":""kwok-node-6""},{""name"":""rs-47-p1-5w87l"",""cpu_m"":114,""mem_b"":789416698,""priority"":""1"",""node"":""kwok-node-13""},{""name"":""rs-47-p1-h47m2"",""cpu_m"":114,""mem_b"":789416698,""priority"":""1"",""node"":""kwok-node-11""},{""name"":""rs-47-p1-s2rwl"",""cpu_m"":114,""mem_b"":789416698,""priority"":""1"",""node"":""kwok-node-22""},{""name"":""rs-47-p1-vl2sp"",""cpu_m"":114,""mem_b"":789416698,""priority"":""1"",""node"":""kwok-node-28""},{""name"":""rs-48-p4-2dgdl"",""cpu_m"":763,""mem_b"":625186373,""priority"":""4"",""node"":""kwok-node-24""},{""name"":""rs-48-p4-s92x2"",""cpu_m"":763,""mem_b"":625186373,""priority"":""4"",""node"":""kwok-node-21""},{""name"":""rs-48-p4-trb5q"",""cpu_m"":763,""mem_b"":625186373,""priority"":""4"",""node"":""kwok-node-23""},{""name"":""rs-49-p2-94lvv"",""cpu_m"":918,""mem_b"":694891891,""priority"":""2"",""node"":""kwok-node-5""},{""name"":""rs-49-p2-9x8br"",""cpu_m"":918,""mem_b"":694891891,""priority"":""2"",""node"":""kwok-node-9""},{""name"":""rs-49-p2-rrsgn"",""cpu_m"":918,""mem_b"":694891891,""priority"":""2"",""node"":""kwok-node-11""},{""name"":""rs-50-p1-25g5z"",""cpu_m"":894,""mem_b"":949427274,""priority"":""1"",""node"":""""},{""name"":""rs-50-p1-nvv6p"",""cpu_m"":894,""mem_b"":949427274,""priority"":""1"",""node"":""""},{""name"":""rs-50-p1-s9r6c"",""cpu_m"":894,""mem_b"":949427274,""priority"":""1"",""node"":""""},{""name"":""rs-51-p1-bhjhk"",""cpu_m"":420,""mem_b"":318027860,""priority"":""1"",""node"":""kwok-node-3""},{""name"":""rs-51-p1-ntqzj"",""cpu_m"":420,""mem_b"":318027860,""priority"":""1"",""node"":""kwok-node-26""},{""name"":""rs-52-p4-9j6xk"",""cpu_m"":607,""mem_b"":955004397,""priority"":""4"",""node"":""kwok-node-28""},{""name"":""rs-52-p4-kfkmv"",""cpu_m"":607,""mem_b"":955004397,""priority"":""4"",""node"":""kwok-node-4""},{""name"":""rs-52-p4-kxl4n"",""cpu_m"":607,""mem_b"":955004397,""priority"":""4"",""node"":""kwok-node-27""},{""name"":""rs-52-p4-sd65s"",""cpu_m"":607,""mem_b"":955004397,""priority"":""4"",""node"":""kwok-node-27""},{""name"":""rs-53-p2-8z25g"",""cpu_m"":368,""mem_b"":663431608,""priority"":""2"",""node"":""kwok-node-9""},{""name"":""rs-53-p2-hkkps"",""cpu_m"":368,""mem_b"":663431608,""priority"":""2"",""node"":""kwok-node-21""},{""name"":""rs-53-p2-jqkjw"",""cpu_m"":368,""mem_b"":663431608,""priority"":""2"",""node"":""kwok-node-14""},{""name"":""rs-53-p2-mf8qm"",""cpu_m"":368,""mem_b"":663431608,""priority"":""2"",""node"":""kwok-node-31""}]","[{""name"":""rs-01-p3-t8kfz"",""cpu_m"":657,""mem_b"":858984535,""priority"":""3"",""node"":""kwok-node-14""},{""name"":""rs-02-p4-g7gqh"",""cpu_m"":415,""mem_b"":425805601,""priority"":""4"",""node"":""kwok-node-13""},{""name"":""rs-02-p4-lsxmb"",""cpu_m"":415,""mem_b"":425805601,""priority"":""4"",""node"":""kwok-node-18""},{""name"":""rs-02-p4-tmf2c"",""cpu_m"":415,""mem_b"":425805601,""priority"":""4"",""node"":""kwok-node-19""},{""name"":""rs-03-p3-bg9zk"",""cpu_m"":471,""mem_b"":674762206,""priority"":""3"",""node"":""kwok-node-12""},{""name"":""rs-03-p3-f24gw"",""cpu_m"":471,""mem_b"":674762206,""priority"":""3"",""node"":""kwok-node-16""},{""name"":""rs-03-p3-f7rcm"",""cpu_m"":471,""mem_b"":674762206,""priority"":""3"",""node"":""kwok-node-1""},{""name"":""rs-04-p2-79xz4"",""cpu_m"":288,""mem_b"":920569906,""priority"":""2"",""node"":""kwok-node-2""},{""name"":""rs-04-p2-8zwl5"",""cpu_m"":288,""mem_b"":920569906,""priority"":""2"",""node"":""kwok-node-17""},{""name"":""rs-04-p2-cwgmf"",""cpu_m"":288,""mem_b"":920569906,""priority"":""2"",""node"":""kwok-node-20""},{""name"":""rs-04-p2-zsxzr"",""cpu_m"":288,""mem_b"":920569906,""priority"":""2"",""node"":""kwok-node-10""},{""name"":""rs-05-p1-qcrqv"",""cpu_m"":618,""mem_b"":821922674,""priority"":""1"",""node"":""kwok-node-15""},{""name"":""rs-06-p1-42hnv"",""cpu_m"":424,""mem_b"":927722274,""priority"":""1"",""node"":""kwok-node-13""},{""name"":""rs-06-p1-kb7xh"",""cpu_m"":424,""mem_b"":927722274,""priority"":""1"",""node"":""kwok-node-11""},{""name"":""rs-06-p1-zxkfx"",""cpu_m"":424,""mem_b"":927722274,""priority"":""1"",""node"":""kwok-node-21""},{""name"":""rs-07-p2-2p6jv"",""cpu_m"":631,""mem_b"":871381936,""priority"":""2"",""node"":""kwok-node-22""},{""name"":""rs-07-p2-6hvq4"",""cpu_m"":631,""mem_b"":871381936,""priority"":""2"",""node"":""kwok-node-23""},{""name"":""rs-07-p2-kvcsh"",""cpu_m"":631,""mem_b"":871381936,""priority"":""2"",""node"":""kwok-node-24""},{""name"":""rs-07-p2-pdfcj"",""cpu_m"":631,""mem_b"":871381936,""priority"":""2"",""node"":""kwok-node-25""},{""name"":""rs-08-p1-l2z5h"",""cpu_m"":509,""mem_b"":282860140,""priority"":""1"",""node"":""kwok-node-26""},{""name"":""rs-09-p1-df4sj"",""cpu_m"":305,""mem_b"":709909876,""priority"":""1"",""node"":""kwok-node-28""},{""name"":""rs-09-p1-gkxk7"",""cpu_m"":305,""mem_b"":709909876,""priority"":""1"",""node"":""kwok-node-27""},{""name"":""rs-10-p1-9cs4z"",""cpu_m"":689,""mem_b"":514400925,""priority"":""1"",""node"":""kwok-node-29""},{""name"":""rs-10-p1-9tgpc"",""cpu_m"":689,""mem_b"":514400925,""priority"":""1"",""node"":""kwok-node-27""},{""name"":""rs-11-p3-h4mpr"",""cpu_m"":613,""mem_b"":941655809,""priority"":""3"",""node"":""kwok-node-26""},{""name"":""rs-11-p3-xb8pc"",""cpu_m"":613,""mem_b"":941655809,""priority"":""3"",""node"":""kwok-node-18""},{""name"":""rs-12-p2-2srf9"",""cpu_m"":729,""mem_b"":234008512,""priority"":""2"",""node"":""kwok-node-3""},{""name"":""rs-12-p2-5mzjr"",""cpu_m"":729,""mem_b"":234008512,""priority"":""2"",""node"":""kwok-node-30""},{""name"":""rs-12-p2-mzn4x"",""cpu_m"":729,""mem_b"":234008512,""priority"":""2"",""node"":""kwok-node-31""},{""name"":""rs-12-p2-zfsw4"",""cpu_m"":729,""mem_b"":234008512,""priority"":""2"",""node"":""kwok-node-32""},{""name"":""rs-13-p1-7cjh4"",""cpu_m"":379,""mem_b"":740068916,""priority"":""1"",""node"":""kwok-node-4""},{""name"":""rs-13-p1-b8rzh"",""cpu_m"":379,""mem_b"":740068916,""priority"":""1"",""node"":""kwok-node-5""},{""name"":""rs-13-p1-sjpgw"",""cpu_m"":379,""mem_b"":740068916,""priority"":""1"",""node"":""kwok-node-19""},{""name"":""rs-14-p1-7qxjw"",""cpu_m"":643,""mem_b"":490332580,""priority"":""1"",""node"":""kwok-node-7""},{""name"":""rs-14-p1-9w7qp"",""cpu_m"":643,""mem_b"":490332580,""priority"":""1"",""node"":""kwok-node-6""},{""name"":""rs-14-p1-gltww"",""cpu_m"":643,""mem_b"":490332580,""priority"":""1"",""node"":""kwok-node-8""},{""name"":""rs-14-p1-vj26h"",""cpu_m"":643,""mem_b"":490332580,""priority"":""1"",""node"":""kwok-node-28""},{""name"":""rs-15-p1-557gm"",""cpu_m"":703,""mem_b"":699260057,""priority"":""1"",""node"":""kwok-node-1""},{""name"":""rs-15-p1-svfgz"",""cpu_m"":703,""mem_b"":699260057,""priority"":""1"",""node"":""kwok-node-9""},{""name"":""rs-16-p4-vtwww"",""cpu_m"":258,""mem_b"":946022653,""priority"":""4"",""node"":""kwok-node-3""},{""name"":""rs-16-p4-w24kf"",""cpu_m"":258,""mem_b"":946022653,""priority"":""4"",""node"":""kwok-node-32""},{""name"":""rs-17-p2-cmdvf"",""cpu_m"":683,""mem_b"":177025988,""priority"":""2"",""node"":""kwok-node-2""},{""name"":""rs-17-p2-kjrv8"",""cpu_m"":683,""mem_b"":177025988,""priority"":""2"",""node"":""kwok-node-20""},{""name"":""rs-18-p1-4hq55"",""cpu_m"":271,""mem_b"":130085408,""priority"":""1"",""node"":""kwok-node-5""},{""name"":""rs-18-p1-hw8wn"",""cpu_m"":271,""mem_b"":130085408,""priority"":""1"",""node"":""kwok-node-12""},{""name"":""rs-19-p4-52tzn"",""cpu_m"":164,""mem_b"":486636569,""priority"":""4"",""node"":""kwok-node-29""},{""name"":""rs-19-p4-sh4gg"",""cpu_m"":164,""mem_b"":486636569,""priority"":""4"",""node"":""kwok-node-8""},{""name"":""rs-19-p4-tt5jw"",""cpu_m"":164,""mem_b"":486636569,""priority"":""4"",""node"":""kwok-node-31""},{""name"":""rs-20-p3-547m8"",""cpu_m"":736,""mem_b"":912620692,""priority"":""3"",""node"":""kwok-node-6""},{""name"":""rs-20-p3-86wg4"",""cpu_m"":736,""mem_b"":912620692,""priority"":""3"",""node"":""kwok-node-7""},{""name"":""rs-20-p3-qtqt7"",""cpu_m"":736,""mem_b"":912620692,""priority"":""3"",""node"":""kwok-node-16""},{""name"":""rs-20-p3-rt9nj"",""cpu_m"":736,""mem_b"":912620692,""priority"":""3"",""node"":""kwok-node-9""},{""name"":""rs-21-p4-f4bck"",""cpu_m"":773,""mem_b"":860177144,""priority"":""4"",""node"":""kwok-node-4""},{""name"":""rs-22-p2-swmts"",""cpu_m"":777,""mem_b"":916871411,""priority"":""2"",""node"":""kwok-node-30""},{""name"":""rs-23-p4-lmwpk"",""cpu_m"":363,""mem_b"":487251664,""priority"":""4"",""node"":""kwok-node-12""},{""name"":""rs-24-p2-2xz8w"",""cpu_m"":624,""mem_b"":879405556,""priority"":""2"",""node"":""kwok-node-15""},{""name"":""rs-24-p2-sg5l2"",""cpu_m"":624,""mem_b"":879405556,""priority"":""2"",""node"":""kwok-node-31""},{""name"":""rs-25-p1-rgt7f"",""cpu_m"":509,""mem_b"":408371747,""priority"":""1"",""node"":""kwok-node-5""},{""name"":""rs-25-p1-v77lh"",""cpu_m"":509,""mem_b"":408371747,""priority"":""1"",""node"":""kwok-node-22""},{""name"":""rs-26-p3-phtsl"",""cpu_m"":180,""mem_b"":374788978,""priority"":""3"",""node"":""kwok-node-25""},{""name"":""rs-27-p1-hptrk"",""cpu_m"":114,""mem_b"":157092842,""priority"":""1"",""node"":""kwok-node-24""},{""name"":""rs-27-p1-ldf8c"",""cpu_m"":114,""mem_b"":157092842,""priority"":""1"",""node"":""kwok-node-14""},{""name"":""rs-27-p1-sgj2n"",""cpu_m"":114,""mem_b"":157092842,""priority"":""1"",""node"":""kwok-node-10""},{""name"":""rs-27-p1-v2lkc"",""cpu_m"":114,""mem_b"":157092842,""priority"":""1"",""node"":""kwok-node-23""},{""name"":""rs-28-p3-9z6hs"",""cpu_m"":557,""mem_b"":105964557,""priority"":""3"",""node"":""kwok-node-11""},{""name"":""rs-28-p3-jcb49"",""cpu_m"":557,""mem_b"":105964557,""priority"":""3"",""node"":""kwok-node-17""},{""name"":""rs-28-p3-zppbn"",""cpu_m"":557,""mem_b"":105964557,""priority"":""3"",""node"":""kwok-node-21""},{""name"":""rs-29-p2-fhlph"",""cpu_m"":785,""mem_b"":787123541,""priority"":""2"",""node"":""kwok-node-8""},{""name"":""rs-30-p3-268d8"",""cpu_m"":621,""mem_b"":601239235,""priority"":""3"",""node"":""kwok-node-14""},{""name"":""rs-30-p3-kssdb"",""cpu_m"":621,""mem_b"":601239235,""priority"":""3"",""node"":""kwok-node-23""},{""name"":""rs-30-p3-thmhk"",""cpu_m"":621,""mem_b"":601239235,""priority"":""3"",""node"":""kwok-node-24""},{""name"":""rs-31-p4-gqjdq"",""cpu_m"":964,""mem_b"":413563170,""priority"":""4"",""node"":""kwok-node-10""},{""name"":""rs-32-p1-n9qqv"",""cpu_m"":311,""mem_b"":952971720,""priority"":""1"",""node"":""kwok-node-29""},{""name"":""rs-33-p4-mgpk5"",""cpu_m"":559,""mem_b"":897369960,""priority"":""4"",""node"":""kwok-node-17""},{""name"":""rs-34-p4-744r4"",""cpu_m"":418,""mem_b"":759471583,""priority"":""4"",""node"":""kwok-node-2""},{""name"":""rs-34-p4-gm6jn"",""cpu_m"":418,""mem_b"":759471583,""priority"":""4"",""node"":""kwok-node-11""},{""name"":""rs-34-p4-hwtg2"",""cpu_m"":418,""mem_b"":759471583,""priority"":""4"",""node"":""kwok-node-21""},{""name"":""rs-35-p4-gjbbf"",""cpu_m"":764,""mem_b"":835727247,""priority"":""4"",""node"":""kwok-node-20""},{""name"":""rs-36-p3-2lp8p"",""cpu_m"":981,""mem_b"":331088005,""priority"":""3"",""node"":""kwok-node-13""},{""name"":""rs-36-p3-ffjs7"",""cpu_m"":981,""mem_b"":331088005,""priority"":""3"",""node"":""kwok-node-28""},{""name"":""rs-36-p3-jv8qz"",""cpu_m"":981,""mem_b"":331088005,""priority"":""3"",""node"":""kwok-node-25""},{""name"":""rs-36-p3-pvf59"",""cpu_m"":981,""mem_b"":331088005,""priority"":""3"",""node"":""kwok-node-19""},{""name"":""rs-37-p3-zrs6f"",""cpu_m"":563,""mem_b"":818186044,""priority"":""3"",""node"":""kwok-node-3""},{""name"":""rs-38-p4-5znbr"",""cpu_m"":809,""mem_b"":380916957,""priority"":""4"",""node"":""kwok-node-27""},{""name"":""rs-39-p2-4fx8v"",""cpu_m"":550,""mem_b"":172983961,""priority"":""2"",""node"":""kwok-node-12""},{""name"":""rs-39-p2-6nnsl"",""cpu_m"":550,""mem_b"":172983961,""priority"":""2"",""node"":""kwok-node-18""},{""name"":""rs-39-p2-ftmq8"",""cpu_m"":550,""mem_b"":172983961,""priority"":""2"",""node"":""kwok-node-32""},{""name"":""rs-40-p4-8qf62"",""cpu_m"":979,""mem_b"":940431833,""priority"":""4"",""node"":""kwok-node-26""},{""name"":""rs-41-p2-8xbkl"",""cpu_m"":676,""mem_b"":202658333,""priority"":""2"",""node"":""kwok-node-4""},{""name"":""rs-41-p2-r6c6c"",""cpu_m"":676,""mem_b"":202658333,""priority"":""2"",""node"":""kwok-node-1""},{""name"":""rs-41-p2-zbc2t"",""cpu_m"":676,""mem_b"":202658333,""priority"":""2"",""node"":""kwok-node-22""},{""name"":""rs-42-p3-47p6q"",""cpu_m"":493,""mem_b"":985860756,""priority"":""3"",""node"":""kwok-node-5""},{""name"":""rs-42-p3-5dghp"",""cpu_m"":493,""mem_b"":985860756,""priority"":""3"",""node"":""kwok-node-32""},{""name"":""rs-42-p3-sszqx"",""cpu_m"":493,""mem_b"":985860756,""priority"":""3"",""node"":""kwok-node-30""},{""name"":""rs-43-p3-48m22"",""cpu_m"":858,""mem_b"":850524404,""priority"":""3"",""node"":""""},{""name"":""rs-43-p3-m4bxp"",""cpu_m"":858,""mem_b"":850524404,""priority"":""3"",""node"":""""},{""name"":""rs-43-p3-s6dhv"",""cpu_m"":858,""mem_b"":850524404,""priority"":""3"",""node"":""""},{""name"":""rs-44-p2-blpqc"",""cpu_m"":991,""mem_b"":504403854,""priority"":""2"",""node"":""""},{""name"":""rs-44-p2-clqht"",""cpu_m"":991,""mem_b"":504403854,""priority"":""2"",""node"":""""},{""name"":""rs-45-p2-4fr6p"",""cpu_m"":512,""mem_b"":350689012,""priority"":""2"",""node"":""kwok-node-15""},{""name"":""rs-45-p2-4qs56"",""cpu_m"":512,""mem_b"":350689012,""priority"":""2"",""node"":""kwok-node-16""},{""name"":""rs-45-p2-vmp97"",""cpu_m"":512,""mem_b"":350689012,""priority"":""2"",""node"":""kwok-node-10""},{""name"":""rs-46-p2-28szq"",""cpu_m"":306,""mem_b"":793161747,""priority"":""2"",""node"":""kwok-node-12""},{""name"":""rs-46-p2-hmbqr"",""cpu_m"":306,""mem_b"":793161747,""priority"":""2"",""node"":""kwok-node-7""},{""name"":""rs-46-p2-nx8wd"",""cpu_m"":306,""mem_b"":793161747,""priority"":""2"",""node"":""kwok-node-6""},{""name"":""rs-47-p1-n552l"",""cpu_m"":114,""mem_b"":789416698,""priority"":""1"",""node"":""kwok-node-18""},{""name"":""rs-47-p1-rm9b8"",""cpu_m"":114,""mem_b"":789416698,""priority"":""1"",""node"":""kwok-node-19""},{""name"":""rs-47-p1-s2rwl"",""cpu_m"":114,""mem_b"":789416698,""priority"":""1"",""node"":""kwok-node-22""},{""name"":""rs-47-p1-vl2sp"",""cpu_m"":114,""mem_b"":789416698,""priority"":""1"",""node"":""kwok-node-28""},{""name"":""rs-48-p4-2dgdl"",""cpu_m"":763,""mem_b"":625186373,""priority"":""4"",""node"":""""},{""name"":""rs-48-p4-s92x2"",""cpu_m"":763,""mem_b"":625186373,""priority"":""4"",""node"":""""},{""name"":""rs-48-p4-trb5q"",""cpu_m"":763,""mem_b"":625186373,""priority"":""4"",""node"":""""},{""name"":""rs-49-p2-94lvv"",""cpu_m"":918,""mem_b"":694891891,""priority"":""2"",""node"":""""},{""name"":""rs-49-p2-9x8br"",""cpu_m"":918,""mem_b"":694891891,""priority"":""2"",""node"":""""},{""name"":""rs-49-p2-rrsgn"",""cpu_m"":918,""mem_b"":694891891,""priority"":""2"",""node"":""""},{""name"":""rs-50-p1-25g5z"",""cpu_m"":894,""mem_b"":949427274,""priority"":""1"",""node"":""""},{""name"":""rs-50-p1-nvv6p"",""cpu_m"":894,""mem_b"":949427274,""priority"":""1"",""node"":""""},{""name"":""rs-50-p1-s9r6c"",""cpu_m"":894,""mem_b"":949427274,""priority"":""1"",""node"":""""},{""name"":""rs-51-p1-4vdvz"",""cpu_m"":420,""mem_b"":318027860,""priority"":""1"",""node"":""kwok-node-24""},{""name"":""rs-51-p1-c6mpf"",""cpu_m"":420,""mem_b"":318027860,""priority"":""1"",""node"":""kwok-node-23""},{""name"":""rs-52-p4-9j6xk"",""cpu_m"":607,""mem_b"":955004397,""priority"":""4"",""node"":""""},{""name"":""rs-52-p4-kfkmv"",""cpu_m"":607,""mem_b"":955004397,""priority"":""4"",""node"":""""},{""name"":""rs-52-p4-kxl4n"",""cpu_m"":607,""mem_b"":955004397,""priority"":""4"",""node"":""""},{""name"":""rs-52-p4-sd65s"",""cpu_m"":607,""mem_b"":955004397,""priority"":""4"",""node"":""""},{""name"":""rs-53-p2-8z25g"",""cpu_m"":368,""mem_b"":663431608,""priority"":""2"",""node"":""kwok-node-9""},{""name"":""rs-53-p2-hkkps"",""cpu_m"":368,""mem_b"":663431608,""priority"":""2"",""node"":""""},{""name"":""rs-53-p2-jqkjw"",""cpu_m"":368,""mem_b"":663431608,""priority"":""2"",""node"":""kwok-node-14""},{""name"":""rs-53-p2-mf8qm"",""cpu_m"":368,""mem_b"":663431608,""priority"":""2"",""node"":""kwok-node-31""}]","[{""name"":""kwok-node-1"",""cap_cpu_m"":2109,""cap_mem_bytes"":2363905931},{""name"":""kwok-node-2"",""cap_cpu_m"":2109,""cap_mem_bytes"":2363905931},{""name"":""kwok-node-3"",""cap_cpu_m"":2109,""cap_mem_bytes"":2363905931},{""name"":""kwok-node-4"",""cap_cpu_m"":2109,""cap_mem_bytes"":2363905931},{""name"":""kwok-node-5"",""cap_cpu_m"":2109,""cap_mem_bytes"":2363905931},{""name"":""kwok-node-6"",""cap_cpu_m"":2109,""cap_mem_bytes"":2363905931},{""name"":""kwok-node-7"",""cap_cpu_m"":2109,""cap_mem_bytes"":2363905931},{""name"":""kwok-node-8"",""cap_cpu_m"":2109,""cap_mem_bytes"":2363905931},{""name"":""kwok-node-9"",""cap_cpu_m"":2109,""cap_mem_bytes"":2363905931},{""name"":""kwok-node-10"",""cap_cpu_m"":2109,""cap_mem_bytes"":2363905931},{""name"":""kwok-node-11"",""cap_cpu_m"":2109,""cap_mem_bytes"":2363905931},{""name"":""kwok-node-12"",""cap_cpu_m"":2109,""cap_mem_bytes"":2363905931},{""name"":""kwok-node-13"",""cap_cpu_m"":2109,""cap_mem_bytes"":2363905931},{""name"":""kwok-node-14"",""cap_cpu_m"":2109,""cap_mem_bytes"":2363905931},{""name"":""kwok-node-15"",""cap_cpu_m"":2109,""cap_mem_bytes"":2363905931},{""name"":""kwok-node-16"",""cap_cpu_m"":2109,""cap_mem_bytes"":2363905931},{""name"":""kwok-node-17"",""cap_cpu_m"":2109,""cap_mem_bytes"":2363905931},{""name"":""kwok-node-18"",""cap_cpu_m"":2109,""cap_mem_bytes"":2363905931},{""name"":""kwok-node-19"",""cap_cpu_m"":2109,""cap_mem_bytes"":2363905931},{""name"":""kwok-node-20"",""cap_cpu_m"":2109,""cap_mem_bytes"":2363905931},{""name"":""kwok-node-21"",""cap_cpu_m"":2109,""cap_mem_bytes"":2363905931},{""name"":""kwok-node-22"",""cap_cpu_m"":2109,""cap_mem_bytes"":2363905931},{""name"":""kwok-node-23"",""cap_cpu_m"":2109,""cap_mem_bytes"":2363905931},{""name"":""kwok-node-24"",""cap_cpu_m"":2109,""cap_mem_bytes"":2363905931},{""name"":""kwok-node-25"",""cap_cpu_m"":2109,""cap_mem_bytes"":2363905931},{""name"":""kwok-node-26"",""cap_cpu_m"":2109,""cap_mem_bytes"":2363905931},{""name"":""kwok-node-27"",""cap_cpu_m"":2109,""cap_mem_bytes"":2363905931},{""name"":""kwok-node-28"",""cap_cpu_m"":2109,""cap_mem_bytes"":2363905931},{""name"":""kwok-node-29"",""cap_cpu_m"":2109,""cap_mem_bytes"":2363905931},{""name"":""kwok-node-30"",""cap_cpu_m"":2109,""cap_mem_bytes"":2363905931},{""name"":""kwok-node-31"",""cap_cpu_m"":2109,""cap_mem_bytes"":2363905931},{""name"":""kwok-node-32"",""cap_cpu_m"":2109,""cap_mem_bytes"":2363905931}]"
2026/02/11/12:40:58,1023525827562816677,no improving solution from any solver,"{""evicted"":0,""moved"":0,""placed_by_priority"":{""1"":34,""2"":24,""3"":27,""4"":26}}",,,,,"[{""duration_ms"":989,""name"":""python"",""score"":{""evicted"":0,""moved"":0,""placed_by_priority"":null},""status"":""FAILED""}]",0.875,0.875,0.840,0.840,52885,52885,55692135841,55692135841,111,111,17,17,"{""kwok-node-1"":4,""kwok-node-10"":3,""kwok-node-11"":2,""kwok-node-12"":4,""kwok-node-13"":3,""kwok-node-14"":4,""kwok-node-15"":3,""kwok-node-16"":2,""kwok-node-17"":4,""kwok-node-18"":4,""kwok-node-19"":3,""kwok-node-2"":4,""kwok-node-20"":4,""kwok-node-21"":3,""kwok-node-22"":4,""kwok-node-23"":2,""kwok-node-24"":4,""kwok-node-25"":3,""kwok-node-26"":4,""kwok-node-27"":4,""kwok-node-28"":2,""kwok-node-29"":3,""kwok-node-3"":3,""kwok-node-30"":3,""kwok-node-31"":3,""kwok-node-32"":4,""kwok-node-4"":4,""kwok-node-5"":4,""kwok-node-6"":3,""kwok-node-7"":4,""kwok-node-8"":6,""kwok-node-9"":4}","{""kwok-node-1"":4,""kwok-node-10"":3,""kwok-node-11"":2,""kwok-node-12"":4,""kwok-node-13"":3,""kwok-node-14"":4,""kwok-node-15"":3,""kwok-node-16"":2,""kwok-node-17"":4,""kwok-node-18"":4,""kwok-node-19"":3,""kwok-node-2"":4,""kwok-node-20"":4,""kwok-node-21"":3,""kwok-node-22"":4,""kwok-node-23"":2,""kwok-node-24"":4,""kwok-node-25"":3,""kwok-node-26"":4,""kwok-node-27"":4,""kwok-node-28"":2,""kwok-node-29"":3,""kwok-node-3"":3,""kwok-node-30"":3,""kwok-node-31"":3,""kwok-node-32"":4,""kwok-node-4"":4,""kwok-node-5"":4,""kwok-node-6"":3,""kwok-node-7"":4,""kwok-node-8"":6,""kwok-node-9"":4}","{""p1"":34,""p2"":24,""p3"":27,""p4"":26}","{""p1"":34,""p2"":24,""p3"":27,""p4"":26}","{""p1"":1,""p2"":8,""p3"":1,""p4"":7}","{""p1"":1,""p2"":8,""p3"":1,""p4"":7}","{rs-34-p2-b8pcz,rs-34-p2-cshd7,rs-34-p2-tj2xw,rs-34-p2-tknsb,rs-40-p3-zpcm8,rs-41-p1-znbdg,rs-42-p4-47w4b,rs-42-p4-7s5pf,rs-42-p4-8rnnn,rs-42-p4-mc6zh,rs-43-p2-jhf2d,rs-43-p2-qgk8j,rs-43-p2-sbhkp,rs-43-p2-x452w,rs-46-p4-424xw,rs-46-p4-k5tq7,rs-46-p4-wggrm}","{rs-34-p2-b8pcz,rs-34-p2-cshd7,rs-34-p2-tj2xw,rs-34-p2-tknsb,rs-40-p3-zpcm8,rs-41-p1-znbdg,rs-42-p4-47w4b,rs-42-p4-7s5pf,rs-42-p4-8rnnn,rs-42-p4-mc6zh,rs-43-p2-jhf2d,rs-43-p2-qgk8j,rs-43-p2-sbhkp,rs-43-p2-x452w,rs-46-p4-424xw,rs-46-p4-k5tq7,rs-46-p4-wggrm}","{rs-01-p1-bhfc6,rs-01-p1-qw8nx,rs-02-p1-gz7x6,rs-02-p1-sd5kq,rs-03-p4-d4rzf,rs-03-p4-khlfd,rs-04-p1-6hzhm,rs-04-p1-jn7rs,rs-04-p1-rht67,rs-04-p1-xnw44,rs-05-p3-5prmv,rs-05-p3-97sbv,rs-05-p3-gtdmw,rs-05-p3-j2knn,rs-06-p3-gcbnv,rs-06-p3-jk6s4,rs-06-p3-wnm67,rs-07-p2-tqvvp,rs-08-p2-hklrl,rs-08-p2-r8m5k,rs-08-p2-sfd7h,rs-09-p2-nf86l,rs-09-p2-xm6zb,rs-09-p2-z7ckt,rs-10-p2-7r8r7,rs-11-p3-cxs6m,rs-12-p3-5xl76,rs-12-p3-gbrdm,rs-12-p3-lthjd,rs-12-p3-wmpt5,rs-13-p4-5pd8t,rs-13-p4-rq4wh,rs-13-p4-shs4w,rs-14-p3-2jfgt,rs-14-p3-55thb,rs-14-p3-vt5vn,rs-14-p3-x26vq,rs-15-p1-6pxvx,rs-15-p1-9g8wc,rs-15-p1-g6d5h,rs-15-p1-js4fp,rs-16-p1-ck87n,rs-16-p1-lbpwd,rs-17-p1-79fm2,rs-17-p1-l6lnr,rs-17-p1-ltrlw,rs-17-p1-nzvpm,rs-18-p1-hct8m,rs-18-p1-kbtmt,rs-19-p4-n558r,rs-19-p4-sp57l,rs-20-p3-nn8ld,rs-20-p3-npdc6,rs-20-p3-wljn9,rs-21-p4-cn2qh,rs-21-p4-l54pp,rs-21-p4-tqhdj,rs-21-p4-xjs6p,rs-22-p2-f9zm9,rs-22-p2-gcn5p,rs-23-p2-k4k8p,rs-23-p2-ntv49,rs-24-p4-cjlz7,rs-25-p1-299rw,rs-25-p1-nclzm,rs-25-p1-xmwhs,rs-26-p1-dcq8v,rs-26-p1-l994h,rs-27-p3-nwtht,rs-28-p4-5bgjg,rs-28-p4-mzclw,rs-28-p4-skl25,rs-28-p4-wpxwq,rs-29-p1-hf7kr,rs-30-p4-c5hrc,rs-30-p4-hct6w,rs-30-p4-nhn4v,rs-30-p4-sxqbp,rs-31-p3-722rj,rs-31-p3-7pgkq,rs-31-p3-kqfjv,rs-32-p4-dr294,rs-32-p4-hbjjw,rs-32-p4-sg9dc,rs-33-p2-762ss,rs-33-p2-b8s2n,rs-33-p2-c2m4w,rs-33-p2-qqjkv,rs-35-p3-8skf9,rs-35-p3-hcdwj,rs-35-p3-hs8gh,rs-35-p3-sqv2w,rs-36-p2-56h6x,rs-36-p2-rj5z8,rs-36-p2-zbfbk,rs-37-p1-d5kwg,rs-37-p1-jxfbv,rs-37-p1-n6hk5,rs-37-p1-rltl9,rs-38-p2-6ls4h,rs-38-p2-gdkpq,rs-38-p2-t7nfq,rs-38-p2-tdwn6,rs-39-p2-sgdqt,rs-44-p4-2tkcm,rs-44-p4-6llns,rs-44-p4-qnbdk,rs-45-p1-6ntcp,rs-45-p1-bjlqh,rs-45-p1-s7ndc,rs-45-p1-wtvnl}","{rs-01-p1-bhfc6,rs-01-p1-qw8nx,rs-02-p1-gz7x6,rs-02-p1-sd5kq,rs-03-p4-d4rzf,rs-03-p4-khlfd,rs-04-p1-6hzhm,rs-04-p1-jn7rs,rs-04-p1-rht67,rs-04-p1-xnw44,rs-05-p3-5prmv,rs-05-p3-97sbv,rs-05-p3-gtdmw,rs-05-p3-j2knn,rs-06-p3-gcbnv,rs-06-p3-jk6s4,rs-06-p3-wnm67,rs-07-p2-tqvvp,rs-08-p2-hklrl,rs-08-p2-r8m5k,rs-08-p2-sfd7h,rs-09-p2-nf86l,rs-09-p2-xm6zb,rs-09-p2-z7ckt,rs-10-p2-7r8r7,rs-11-p3-cxs6m,rs-12-p3-5xl76,rs-12-p3-gbrdm,rs-12-p3-lthjd,rs-12-p3-wmpt5,rs-13-p4-5pd8t,rs-13-p4-rq4wh,rs-13-p4-shs4w,rs-14-p3-2jfgt,rs-14-p3-55thb,rs-14-p3-vt5vn,rs-14-p3-x26vq,rs-15-p1-6pxvx,rs-15-p1-9g8wc,rs-15-p1-g6d5h,rs-15-p1-js4fp,rs-16-p1-ck87n,rs-16-p1-lbpwd,rs-17-p1-79fm2,rs-17-p1-l6lnr,rs-17-p1-ltrlw,rs-17-p1-nzvpm,rs-18-p1-hct8m,rs-18-p1-kbtmt,rs-19-p4-n558r,rs-19-p4-sp57l,rs-20-p3-nn8ld,rs-20-p3-npdc6,rs-20-p3-wljn9,rs-21-p4-cn2qh,rs-21-p4-l54pp,rs-21-p4-tqhdj,rs-21-p4-xjs6p,rs-22-p2-f9zm9,rs-22-p2-gcn5p,rs-23-p2-k4k8p,rs-23-p2-ntv49,rs-24-p4-cjlz7,rs-25-p1-299rw,rs-25-p1-nclzm,rs-25-p1-xmwhs,rs-26-p1-dcq8v,rs-26-p1-l994h,rs-27-p3-nwtht,rs-28-p4-5bgjg,rs-28-p4-mzclw,rs-28-p4-skl25,rs-28-p4-wpxwq,rs-29-p1-hf7kr,rs-30-p4-c5hrc,rs-30-p4-hct6w,rs-30-p4-nhn4v,rs-30-p4-sxqbp,rs-31-p3-722rj,rs-31-p3-7pgkq,rs-31-p3-kqfjv,rs-32-p4-dr294,rs-32-p4-hbjjw,rs-32-p4-sg9dc,rs-33-p2-762ss,rs-33-p2-b8s2n,rs-33-p2-c2m4w,rs-33-p2-qqjkv,rs-35-p3-8skf9,rs-35-p3-hcdwj,rs-35-p3-hs8gh,rs-35-p3-sqv2w,rs-36-p2-56h6x,rs-36-p2-rj5z8,rs-36-p2-zbfbk,rs-37-p1-d5kwg,rs-37-p1-jxfbv,rs-37-p1-n6hk5,rs-37-p1-rltl9,rs-38-p2-6ls4h,rs-38-p2-gdkpq,rs-38-p2-t7nfq,rs-38-p2-tdwn6,rs-39-p2-sgdqt,rs-44-p4-2tkcm,rs-44-p4-6llns,rs-44-p4-qnbdk,rs-45-p1-6ntcp,rs-45-p1-bjlqh,rs-45-p1-s7ndc,rs-45-p1-wtvnl}","[{""name"":""rs-01-p1-bhfc6"",""cpu_m"":941,""mem_b"":964631598,""priority"":""1"",""node"":""kwok-node-11""},{""name"":""rs-01-p1-qw8nx"",""cpu_m"":941,""mem_b"":964631598,""priority"":""1"",""node"":""kwok-node-16""},{""name"":""rs-02-p1-gz7x6"",""cpu_m"":100,""mem_b"":687650866,""priority"":""1"",""node"":""kwok-node-13""},{""name"":""rs-02-p1-sd5kq"",""cpu_m"":100,""mem_b"":687650866,""priority"":""1"",""node"":""kwok-node-10""},{""name"":""rs-03-p4-d4rzf"",""cpu_m"":719,""mem_b"":314164963,""priority"":""4"",""node"":""kwok-node-15""},{""name"":""rs-03-p4-khlfd"",""cpu_m"":719,""mem_b"":314164963,""priority"":""4"",""node"":""kwok-node-12""},{""name"":""rs-04-p1-6hzhm"",""cpu_m"":592,""mem_b"":920306097,""priority"":""1"",""node"":""kwok-node-22""},{""name"":""rs-04-p1-jn7rs"",""cpu_m"":592,""mem_b"":920306097,""priority"":""1"",""node"":""kwok-node-2""},{""name"":""rs-04-p1-rht67"",""cpu_m"":592,""mem_b"":920306097,""priority"":""1"",""node"":""kwok-node-23""},{""name"":""rs-04-p1-xnw44"",""cpu_m"":592,""mem_b"":920306097,""priority"":""1"",""node"":""kwok-node-17""},{""name"":""rs-05-p3-5prmv"",""cpu_m"":467,""mem_b"":307342322,""priority"":""3"",""node"":""kwok-node-21""},{""name"":""rs-05-p3-97sbv"",""cpu_m"":467,""mem_b"":307342322,""priority"":""3"",""node"":""kwok-node-20""},{""name"":""rs-05-p3-gtdmw"",""cpu_m"":467,""mem_b"":307342322,""priority"":""3"",""node"":""kwok-node-14""},{""name"":""rs-05-p3-j2knn"",""cpu_m"":467,""mem_b"":307342322,""priority"":""3"",""node"":""kwok-node-18""},{""name"":""rs-06-p3-gcbnv"",""cpu_m"":583,""mem_b"":601850029,""priority"":""3"",""node"":""kwok-node-19""},{""name"":""rs-06-p3-jk6s4"",""cpu_m"":583,""mem_b"":601850029,""priority"":""3"",""node"":""kwok-node-1""},{""name"":""rs-06-p3-wnm67"",""cpu_m"":583,""mem_b"":601850029,""priority"":""3"",""node"":""kwok-node-21""},{""name"":""rs-07-p2-tqvvp"",""cpu_m"":534,""mem_b"":269337175,""priority"":""2"",""node"":""kwok-node-13""},{""name"":""rs-08-p2-hklrl"",""cpu_m"":616,""mem_b"":785409990,""priority"":""2"",""node"":""kwok-node-26""},{""name"":""rs-08-p2-r8m5k"",""cpu_m"":616,""mem_b"":785409990,""priority"":""2"",""node"":""kwok-node-25""},{""name"":""rs-08-p2-sfd7h"",""cpu_m"":616,""mem_b"":785409990,""priority"":""2"",""node"":""kwok-node-24""},{""name"":""rs-09-p2-nf86l"",""cpu_m"":366,""mem_b"":985452495,""priority"":""2"",""node"":""kwok-node-28""},{""name"":""rs-09-p2-xm6zb"",""cpu_m"":366,""mem_b"":985452495,""priority"":""2"",""node"":""kwok-node-30""},{""name"":""rs-09-p2-z7ckt"",""cpu_m"":366,""mem_b"":985452495,""priority"":""2"",""node"":""kwok-node-29""},{""name"":""rs-10-p2-7r8r7"",""cpu_m"":739,""mem_b"":463655307,""priority"":""2"",""node"":""kwok-node-27""},{""name"":""rs-11-p3-cxs6m"",""cpu_m"":334,""mem_b"":221509508,""priority"":""3"",""node"":""kwok-node-3""},{""name"":""rs-12-p3-5xl76"",""cpu_m"":739,""mem_b"":772822972,""priority"":""3"",""node"":""kwok-node-18""},{""name"":""rs-12-p3-gbrdm"",""cpu_m"":739,""mem_b"":772822972,""priority"":""3"",""node"":""kwok-node-3""},{""name"":""rs-12-p3-lthjd"",""cpu_m"":739,""mem_b"":772822972,""priority"":""3"",""node"":""kwok-node-14""},{""name"":""rs-12-p3-wmpt5"",""cpu_m"":739,""mem_b"":772822972,""priority"":""3"",""node"":""kwok-node-20""},{""name"":""rs-13-p4-5pd8t"",""cpu_m"":119,""mem_b"":108647773,""priority"":""4"",""node"":""kwok-node-5""},{""name"":""rs-13-p4-rq4wh"",""cpu_m"":119,""mem_b"":108647773,""priority"":""4"",""node"":""kwok-node-32""},{""name"":""rs-13-p4-shs4w"",""cpu_m"":119,""mem_b"":108647773,""priority"":""4"",""node"":""kwok-node-4""},{""name"":""rs-14-p3-2jfgt"",""cpu_m"":278,""mem_b"":167240993,""priority"":""3"",""node"":""kwok-node-8""},{""name"":""rs-14-p3-55thb"",""cpu_m"":278,""mem_b"":167240993,""priority"":""3"",""node"":""kwok-node-7""},{""name"":""rs-14-p3-vt5vn"",""cpu_m"":278,""mem_b"":167240993,""priority"":""3"",""node"":""kwok-node-31""},{""name"":""rs-14-p3-x26vq"",""cpu_m"":278,""mem_b"":167240993,""priority"":""3"",""node"":""kwok-node-9""},{""name"":""rs-15-p1-6pxvx"",""cpu_m"":822,""mem_b"":411530632,""priority"":""1"",""node"":""kwok-node-6""},{""name"":""rs-15-p1-9g8wc"",""cpu_m"":822,""mem_b"":411530632,""priority"":""1"",""node"":""kwok-node-4""},{""name"":""rs-15-p1-g6d5h"",""cpu_m"":822,""mem_b"":411530632,""priority"":""1"",""node"":""kwok-node-32""},{""name"":""rs-15-p1-js4fp"",""cpu_m"":822,""mem_b"":411530632,""priority"":""1"",""node"":""kwok-node-5""},{""name"":""rs-16-p1-ck87n"",""cpu_m"":410,""mem_b"":434466234,""priority"":""1"",""node"":""kwok-node-8""},{""name"":""rs-16-p1-lbpwd"",""cpu_m"":410,""mem_b"":434466234,""priority"":""1"",""node"":""kwok-node-9""},{""name"":""rs-17-p1-79fm2"",""cpu_m"":789,""mem_b"":585927475,""priority"":""1"",""node"":""kwok-node-10""},{""name"":""rs-17-p1-l6lnr"",""cpu_m"":789,""mem_b"":585927475,""priority"":""1"",""node"":""kwok-node-7""},{""name"":""rs-17-p1-ltrlw"",""cpu_m"":789,""mem_b"":585927475,""priority"":""1"",""node"":""kwok-node-31""},{""name"":""rs-17-p1-nzvpm"",""cpu_m"":789,""mem_b"":585927475,""priority"":""1"",""node"":""kwok-node-19""},{""name"":""rs-18-p1-hct8m"",""cpu_m"":121,""mem_b"":148513970,""priority"":""1"",""node"":""kwok-node-1""},{""name"":""rs-18-p1-kbtmt"",""cpu_m"":121,""mem_b"":148513970,""priority"":""1"",""node"":""kwok-node-8""},{""name"":""rs-19-p4-n558r"",""cpu_m"":668,""mem_b"":789208498,""priority"":""4"",""node"":""kwok-node-15""},{""name"":""rs-19-p4-sp57l"",""cpu_m"":668,""mem_b"":789208498,""priority"":""4"",""node"":""kwok-node-9""},{""name"":""rs-20-p3-nn8ld"",""cpu_m"":441,""mem_b"":937111420,""priority"":""3"",""node"":""kwok-node-6""},{""name"":""rs-20-p3-npdc6"",""cpu_m"":441,""mem_b"":937111420,""priority"":""3"",""node"":""kwok-node-12""},{""name"":""rs-20-p3-wljn9"",""cpu_m"":441,""mem_b"":937111420,""priority"":""3"",""node"":""kwok-node-27""},{""name"":""rs-21-p4-cn2qh"",""cpu_m"":164,""mem_b"":623372169,""priority"":""4"",""node"":""kwok-node-8""},{""name"":""rs-21-p4-l54pp"",""cpu_m"":164,""mem_b"":623372169,""priority"":""4"",""node"":""kwok-node-32""},{""name"":""rs-21-p4-tqhdj"",""cpu_m"":164,""mem_b"":623372169,""priority"":""4"",""node"":""kwok-node-4""},{""name"":""rs-21-p4-xjs6p"",""cpu_m"":164,""mem_b"":623372169,""priority"":""4"",""node"":""kwok-node-5""},{""name"":""rs-22-p2-f9zm9"",""cpu_m"":365,""mem_b"":750114829,""priority"":""2"",""node"":""kwok-node-25""},{""name"":""rs-22-p2-gcn5p"",""cpu_m"":365,""mem_b"":750114829,""priority"":""2"",""node"":""kwok-node-1""},{""name"":""rs-23-p2-k4k8p"",""cpu_m"":405,""mem_b"":441012604,""priority"":""2"",""node"":""kwok-node-26""},{""name"":""rs-23-p2-ntv49"",""cpu_m"":405,""mem_b"":441012604,""priority"":""2"",""node"":""kwok-node-24""},{""name"":""rs-24-p4-cjlz7"",""cpu_m"":895,""mem_b"":305530032,""priority"":""4"",""node"":""kwok-node-30""},{""name"":""rs-25-p1-299rw"",""cpu_m"":389,""mem_b"":204142063,""priority"":""1"",""node"":""kwok-node-17""},{""name"":""rs-25-p1-nclzm"",""cpu_m"":389,""mem_b"":204142063,""priority"":""1"",""node"":""kwok-node-2""},{""name"":""rs-25-p1-xmwhs"",""cpu_m"":389,""mem_b"":204142063,""priority"":""1"",""node"":""kwok-node-22""},{""name"":""rs-26-p1-dcq8v"",""cpu_m"":991,""mem_b"":763756263,""priority"":""1"",""node"":""kwok-node-23""},{""name"":""rs-26-p1-l994h"",""cpu_m"":991,""mem_b"":763756263,""priority"":""1"",""node"":""kwok-node-28""},{""name"":""rs-27-p3-nwtht"",""cpu_m"":533,""mem_b"":209698315,""priority"":""3"",""node"":""kwok-node-29""},{""name"":""rs-28-p4-5bgjg"",""cpu_m"":818,""mem_b"":645862081,""priority"":""4"",""node"":""kwok-node-11""},{""name"":""rs-28-p4-mzclw"",""cpu_m"":818,""mem_b"":645862081,""priority"":""4"",""node"":""kwok-node-16""},{""name"":""rs-28-p4-skl25"",""cpu_m"":818,""mem_b"":645862081,""priority"":""4"",""node"":""kwok-node-13""},{""name"":""rs-28-p4-wpxwq"",""cpu_m"":818,""mem_b"":645862081,""priority"":""4"",""node"":""kwok-node-29""},{""name"":""rs-29-p1-hf7kr"",""cpu_m"":960,""mem_b"":773407601,""priority"":""1"",""node"":""kwok-node-10""},{""name"":""rs-30-p4-c5hrc"",""cpu_m"":297,""mem_b"":159397228,""priority"":""4"",""node"":""kwok-node-22""},{""name"":""rs-30-p4-hct6w"",""cpu_m"":297,""mem_b"":159397228,""priority"":""4"",""node"":""kwok-node-24""},{""name"":""rs-30-p4-nhn4v"",""cpu_m"":297,""mem_b"":159397228,""priority"":""4"",""node"":""kwok-node-17""},{""name"":""rs-30-p4-sxqbp"",""cpu_m"":297,""mem_b"":159397228,""priority"":""4"",""node"":""kwok-node-2""},{""name"":""rs-31-p3-722rj"",""cpu_m"":527,""mem_b"":651897412,""priority"":""3"",""node"":""kwok-node-31""},{""name"":""rs-31-p3-7pgkq"",""cpu_m"":527,""mem_b"":651897412,""priority"":""3"",""node"":""kwok-node-3""},{""name"":""rs-31-p3-kqfjv"",""cpu_m"":527,""mem_b"":651897412,""priority"":""3"",""node"":""kwok-node-21""},{""name"":""rs-32-p4-dr294"",""cpu_m"":209,""mem_b"":532257178,""priority"":""4"",""node"":""kwok-node-18""},{""name"":""rs-32-p4-hbjjw"",""cpu_m"":209,""mem_b"":532257178,""priority"":""4"",""node"":""kwok-node-7""},{""name"":""rs-32-p4-sg9dc"",""cpu_m"":209,""mem_b"":532257178,""priority"":""4"",""node"":""kwok-node-14""},{""name"":""rs-33-p2-762ss"",""cpu_m"":366,""mem_b"":316151306,""priority"":""2"",""node"":""kwok-node-4""},{""name"":""rs-33-p2-b8s2n"",""cpu_m"":366,""mem_b"":316151306,""priority"":""2"",""node"":""kwok-node-26""},{""name"":""rs-33-p2-c2m4w"",""cpu_m"":366,""mem_b"":316151306,""priority"":""2"",""node"":""kwok-node-32""},{""name"":""rs-33-p2-qqjkv"",""cpu_m"":366,""mem_b"":316151306,""priority"":""2"",""node"":""kwok-node-5""},{""name"":""rs-34-p2-b8pcz"",""cpu_m"":704,""mem_b"":946375642,""priority"":""2"",""node"":""""},{""name"":""rs-34-p2-cshd7"",""cpu_m"":704,""mem_b"":946375642,""priority"":""2"",""node"":""""},{""name"":""rs-34-p2-tj2xw"",""cpu_m"":704,""mem_b"":946375642,""priority"":""2"",""node"":""""},{""name"":""rs-34-p2-tknsb"",""cpu_m"":704,""mem_b"":946375642,""priority"":""2"",""node"":""""},{""name"":""rs-35-p3-8skf9"",""cpu_m"":145,""mem_b"":122175673,""priority"":""3"",""node"":""kwok-node-27""},{""name"":""rs-35-p3-hcdwj"",""cpu_m"":145,""mem_b"":122175673,""priority"":""3"",""node"":""kwok-node-12""},{""name"":""rs-35-p3-hs8gh"",""cpu_m"":145,""mem_b"":122175673,""priority"":""3"",""node"":""kwok-node-20""},{""name"":""rs-35-p3-sqv2w"",""cpu_m"":145,""mem_b"":122175673,""priority"":""3"",""node"":""kwok-node-8""},{""name"":""rs-36-p2-56h6x"",""cpu_m"":697,""mem_b"":233434962,""priority"":""2"",""node"":""kwok-node-8""},{""name"":""rs-36-p2-rj5z8"",""cpu_m"":697,""mem_b"":233434962,""priority"":""2"",""node"":""kwok-node-1""},{""name"":""rs-36-p2-zbfbk"",""cpu_m"":697,""mem_b"":233434962,""priority"":""2"",""node"":""kwok-node-25""},{""name"":""rs-37-p1-d5kwg"",""cpu_m"":402,""mem_b"":165895662,""priority"":""1"",""node"":""kwok-node-7""},{""name"":""rs-37-p1-jxfbv"",""cpu_m"":402,""mem_b"":165895662,""priority"":""1"",""node"":""kwok-node-22""},{""name"":""rs-37-p1-n6hk5"",""cpu_m"":402,""mem_b"":165895662,""priority"":""1"",""node"":""kwok-node-30""},{""name"":""rs-37-p1-rltl9"",""cpu_m"":402,""mem_b"":165895662,""priority"":""1"",""node"":""kwok-node-17""},{""name"":""rs-38-p2-6ls4h"",""cpu_m"":282,""mem_b"":781787202,""priority"":""2"",""node"":""kwok-node-19""},{""name"":""rs-38-p2-gdkpq"",""cpu_m"":282,""mem_b"":781787202,""priority"":""2"",""node"":""kwok-node-20""},{""name"":""rs-38-p2-t7nfq"",""cpu_m"":282,""mem_b"":781787202,""priority"":""2"",""node"":""kwok-node-2""},{""name"":""rs-38-p2-tdwn6"",""cpu_m"":282,""mem_b"":781787202,""priority"":""2"",""node"":""kwok-node-15""},{""name"":""rs-39-p2-sgdqt"",""cpu_m"":201,""mem_b"":188303915,""priority"":""2"",""node"":""kwok-node-6""},{""name"":""rs-40-p3-zpcm8"",""cpu_m"":638,""mem_b"":826351054,""priority"":""3"",""node"":""""},{""name"":""rs-41-p1-znbdg"",""cpu_m"":826,""mem_b"":395739559,""priority"":""1"",""node"":""""},{""name"":""rs-42-p4-47w4b"",""cpu_m"":261,""mem_b"":992855888,""priority"":""4"",""node"":""""},{""name"":""rs-42-p4-7s5pf"",""cpu_m"":261,""mem_b"":992855888,""priority"":""4"",""node"":""""},{""name"":""rs-42-p4-8rnnn"",""cpu_m"":261,""mem_b"":992855888,""priority"":""4"",""node"":""""},{""name"":""rs-42-p4-mc6zh"",""cpu_m"":261,""mem_b"":992855888,""priority"":""4"",""node"":""""},{""name"":""rs-43-p2-jhf2d"",""cpu_m"":676,""mem_b"":768143230,""priority"":""2"",""node"":""""},{""name"":""rs-43-p2-qgk8j"",""cpu_m"":676,""mem_b"":768143230,""priority"":""2"",""node"":""""},{""name"":""rs-43-p2-sbhkp"",""cpu_m"":676,""mem_b"":768143230,""priority"":""2"",""node"":""""},{""name"":""rs-43-p2-x452w"",""cpu_m"":676,""mem_b"":768143230,""priority"":""2"",""node"":""""},{""name"":""rs-44-p4-2tkcm"",""cpu_m"":332,""mem_b"":659039656,""priority"":""4"",""node"":""kwok-node-9""},{""name"":""rs-44-p4-6llns"",""cpu_m"":332,""mem_b"":659039656,""priority"":""4"",""node"":""kwok-node-24""},{""name"":""rs-44-p4-qnbdk"",""cpu_m"":332,""mem_b"":659039656,""priority"":""4"",""node"":""kwok-node-12""},{""name"":""rs-45-p1-6ntcp"",""cpu_m"":442,""mem_b"":414169539,""priority"":""1"",""node"":""kwok-node-27""},{""name"":""rs-45-p1-bjlqh"",""cpu_m"":442,""mem_b"":414169539,""priority"":""1"",""node"":""kwok-node-14""},{""name"":""rs-45-p1-s7ndc"",""cpu_m"":442,""mem_b"":414169539,""priority"":""1"",""node"":""kwok-node-18""},{""name"":""rs-45-p1-wtvnl"",""cpu_m"":442,""mem_b"":414169539,""priority"":""1"",""node"":""kwok-node-26""},{""name"":""rs-46-p4-424xw"",""cpu_m"":844,""mem_b"":615813333,""priority"":""4"",""node"":""""},{""name"":""rs-46-p4-k5tq7"",""cpu_m"":844,""mem_b"":615813333,""priority"":""4"",""node"":""""},{""name"":""rs-46-p4-wggrm"",""cpu_m"":844,""mem_b"":615813333,""priority"":""4"",""node"":""""}]","[{""name"":""rs-01-p1-bhfc6"",""cpu_m"":941,""mem_b"":964631598,""priority"":""1"",""node"":""kwok-node-11""},{""name"":""rs-01-p1-qw8nx"",""cpu_m"":941,""mem_b"":964631598,""priority"":""1"",""node"":""kwok-node-16""},{""name"":""rs-02-p1-gz7x6"",""cpu_m"":100,""mem_b"":687650866,""priority"":""1"",""node"":""kwok-node-13""},{""name"":""rs-02-p1-sd5kq"",""cpu_m"":100,""mem_b"":687650866,""priority"":""1"",""node"":""kwok-node-10""},{""name"":""rs-03-p4-d4rzf"",""cpu_m"":719,""mem_b"":314164963,""priority"":""4"",""node"":""kwok-node-15""},{""name"":""rs-03-p4-khlfd"",""cpu_m"":719,""mem_b"":314164963,""priority"":""4"",""node"":""kwok-node-12""},{""name"":""rs-04-p1-6hzhm"",""cpu_m"":592,""mem_b"":920306097,""priority"":""1"",""node"":""kwok-node-22""},{""name"":""rs-04-p1-jn7rs"",""cpu_m"":592,""mem_b"":920306097,""priority"":""1"",""node"":""kwok-node-2""},{""name"":""rs-04-p1-rht67"",""cpu_m"":592,""mem_b"":920306097,""priority"":""1"",""node"":""kwok-node-23""},{""name"":""rs-04-p1-xnw44"",""cpu_m"":592,""mem_b"":920306097,""priority"":""1"",""node"":""kwok-node-17""},{""name"":""rs-05-p3-5prmv"",""cpu_m"":467,""mem_b"":307342322,""priority"":""3"",""node"":""kwok-node-21""},{""name"":""rs-05-p3-97sbv"",""cpu_m"":467,""mem_b"":307342322,""priority"":""3"",""node"":""kwok-node-20""},{""name"":""rs-05-p3-gtdmw"",""cpu_m"":467,""mem_b"":307342322,""priority"":""3"",""node"":""kwok-node-14""},{""name"":""rs-05-p3-j2knn"",""cpu_m"":467,""mem_b"":307342322,""priority"":""3"",""node"":""kwok-node-18""},{""name"":""rs-06-p3-gcbnv"",""cpu_m"":583,""mem_b"":601850029,""priority"":""3"",""node"":""kwok-node-19""},{""name"":""rs-06-p3-jk6s4"",""cpu_m"":583,""mem_b"":601850029,""priority"":""3"",""node"":""kwok-node-1""},{""name"":""rs-06-p3-wnm67"",""cpu_m"":583,""mem_b"":601850029,""priority"":""3"",""node"":""kwok-node-21""},{""name"":""rs-07-p2-tqvvp"",""cpu_m"":534,""mem_b"":269337175,""priority"":""2"",""node"":""kwok-node-13""},{""name"":""rs-08-p2-hklrl"",""cpu_m"":616,""mem_b"":785409990,""priority"":""2"",""node"":""kwok-node-26""},{""name"":""rs-08-p2-r8m5k"",""cpu_m"":616,""mem_b"":785409990,""priority"":""2"",""node"":""kwok-node-25""},{""name"":""rs-08-p2-sfd7h"",""cpu_m"":616,""mem_b"":785409990,""priority"":""2"",""node"":""kwok-node-24""},{""name"":""rs-09-p2-nf86l"",""cpu_m"":366,""mem_b"":985452495,""priority"":""2"",""node"":""kwok-node-28""},{""name"":""rs-09-p2-xm6zb"",""cpu_m"":366,""mem_b"":985452495,""priority"":""2"",""node"":""kwok-node-30""},{""name"":""rs-09-p2-z7ckt"",""cpu_m"":366,""mem_b"":985452495,""priority"":""2"",""node"":""kwok-node-29""},{""name"":""rs-10-p2-7r8r7"",""cpu_m"":739,""mem_b"":463655307,""priority"":""2"",""node"":""kwok-node-27""},{""name"":""rs-11-p3-cxs6m"",""cpu_m"":334,""mem_b"":221509508,""priority"":""3"",""node"":""kwok-node-3""},{""name"":""rs-12-p3-5xl76"",""cpu_m"":739,""mem_b"":772822972,""priority"":""3"",""node"":""kwok-node-18""},{""name"":""rs-12-p3-gbrdm"",""cpu_m"":739,""mem_b"":772822972,""priority"":""3"",""node"":""kwok-node-3""},{""name"":""rs-12-p3-lthjd"",""cpu_m"":739,""mem_b"":772822972,""priority"":""3"",""node"":""kwok-node-14""},{""name"":""rs-12-p3-wmpt5"",""cpu_m"":739,""mem_b"":772822972,""priority"":""3"",""node"":""kwok-node-20""},{""name"":""rs-13-p4-5pd8t"",""cpu_m"":119,""mem_b"":108647773,""priority"":""4"",""node"":""kwok-node-5""},{""name"":""rs-13-p4-rq4wh"",""cpu_m"":119,""mem_b"":108647773,""priority"":""4"",""node"":""kwok-node-32""},{""name"":""rs-13-p4-shs4w"",""cpu_m"":119,""mem_b"":108647773,""priority"":""4"",""node"":""kwok-node-4""},{""name"":""rs-14-p3-2jfgt"",""cpu_m"":278,""mem_b"":167240993,""priority"":""3"",""node"":""kwok-node-8""},{""name"":""rs-14-p3-55thb"",""cpu_m"":278,""mem_b"":167240993,""priority"":""3"",""node"":""kwok-node-7""},{""name"":""rs-14-p3-vt5vn"",""cpu_m"":278,""mem_b"":167240993,""priority"":""3"",""node"":""kwok-node-31""},{""name"":""rs-14-p3-x26vq"",""cpu_m"":278,""mem_b"":167240993,""priority"":""3"",""node"":""kwok-node-9""},{""name"":""rs-15-p1-6pxvx"",""cpu_m"":822,""mem_b"":411530632,""priority"":""1"",""node"":""kwok-node-6""},{""name"":""rs-15-p1-9g8wc"",""cpu_m"":822,""mem_b"":411530632,""priority"":""1"",""node"":""kwok-node-4""},{""name"":""rs-15-p1-g6d5h"",""cpu_m"":822,""mem_b"":411530632,""priority"":""1"",""node"":""kwok-node-32""},{""name"":""rs-15-p1-js4fp"",""cpu_m"":822,""mem_b"":411530632,""priority"":""1"",""node"":""kwok-node-5""},{""name"":""rs-16-p1-ck87n"",""cpu_m"":410,""mem_b"":434466234,""priority"":""1"",""node"":""kwok-node-8""},{""name"":""rs-16-p1-lbpwd"",""cpu_m"":410,""mem_b"":434466234,""priority"":""1"",""node"":""kwok-node-9""},{""name"":""rs-17-p1-79fm2"",""cpu_m"":789,""mem_b"":585927475,""priority"":""1"",""node"":""kwok-node-10""},{""name"":""rs-17-p1-l6lnr"",""cpu_m"":789,""mem_b"":585927475,""priority"":""1"",""node"":""kwok-node-7""},{""name"":""rs-17-p1-ltrlw"",""cpu_m"":789,""mem_b"":585927475,""priority"":""1"",""node"":""kwok-node-31""},{""name"":""rs-17-p1-nzvpm"",""cpu_m"":789,""mem_b"":585927475,""priority"":""1"",""node"":""kwok-node-19""},{""name"":""rs-18-p1-hct8m"",""cpu_m"":121,""mem_b"":148513970,""priority"":""1"",""node"":""kwok-node-1""},{""name"":""rs-18-p1-kbtmt"",""cpu_m"":121,""mem_b"":148513970,""priority"":""1"",""node"":""kwok-node-8""},{""name"":""rs-19-p4-n558r"",""cpu_m"":668,""mem_b"":789208498,""priority"":""4"",""node"":""kwok-node-15""},{""name"":""rs-19-p4-sp57l"",""cpu_m"":668,""mem_b"":789208498,""priority"":""4"",""node"":""kwok-node-9""},{""name"":""rs-20-p3-nn8ld"",""cpu_m"":441,""mem_b"":937111420,""priority"":""3"",""node"":""kwok-node-6""},{""name"":""rs-20-p3-npdc6"",""cpu_m"":441,""mem_b"":937111420,""priority"":""3"",""node"":""kwok-node-12""},{""name"":""rs-20-p3-wljn9"",""cpu_m"":441,""mem_b"":937111420,""priority"":""3"",""node"":""kwok-node-27""},{""name"":""rs-21-p4-cn2qh"",""cpu_m"":164,""mem_b"":623372169,""priority"":""4"",""node"":""kwok-node-8""},{""name"":""rs-21-p4-l54pp"",""cpu_m"":164,""mem_b"":623372169,""priority"":""4"",""node"":""kwok-node-32""},{""name"":""rs-21-p4-tqhdj"",""cpu_m"":164,""mem_b"":623372169,""priority"":""4"",""node"":""kwok-node-4""},{""name"":""rs-21-p4-xjs6p"",""cpu_m"":164,""mem_b"":623372169,""priority"":""4"",""node"":""kwok-node-5""},{""name"":""rs-22-p2-f9zm9"",""cpu_m"":365,""mem_b"":750114829,""priority"":""2"",""node"":""kwok-node-25""},{""name"":""rs-22-p2-gcn5p"",""cpu_m"":365,""mem_b"":750114829,""priority"":""2"",""node"":""kwok-node-1""},{""name"":""rs-23-p2-k4k8p"",""cpu_m"":405,""mem_b"":441012604,""priority"":""2"",""node"":""kwok-node-26""},{""name"":""rs-23-p2-ntv49"",""cpu_m"":405,""mem_b"":441012604,""priority"":""2"",""node"":""kwok-node-24""},{""name"":""rs-24-p4-cjlz7"",""cpu_m"":895,""mem_b"":305530032,""priority"":""4"",""node"":""kwok-node-30""},{""name"":""rs-25-p1-299rw"",""cpu_m"":389,""mem_b"":204142063,""priority"":""1"",""node"":""kwok-node-17""},{""name"":""rs-25-p1-nclzm"",""cpu_m"":389,""mem_b"":204142063,""priority"":""1"",""node"":""kwok-node-2""},{""name"":""rs-25-p1-xmwhs"",""cpu_m"":389,""mem_b"":204142063,""priority"":""1"",""node"":""kwok-node-22""},{""name"":""rs-26-p1-dcq8v"",""cpu_m"":991,""mem_b"":763756263,""priority"":""1"",""node"":""kwok-node-23""},{""name"":""rs-26-p1-l994h"",""cpu_m"":991,""mem_b"":763756263,""priority"":""1"",""node"":""kwok-node-28""},{""name"":""rs-27-p3-nwtht"",""cpu_m"":533,""mem_b"":209698315,""priority"":""3"",""node"":""kwok-node-29""},{""name"":""rs-28-p4-5bgjg"",""cpu_m"":818,""mem_b"":645862081,""priority"":""4"",""node"":""kwok-node-11""},{""name"":""rs-28-p4-mzclw"",""cpu_m"":818,""mem_b"":645862081,""priority"":""4"",""node"":""kwok-node-16""},{""name"":""rs-28-p4-skl25"",""cpu_m"":818,""mem_b"":645862081,""priority"":""4"",""node"":""kwok-node-13""},{""name"":""rs-28-p4-wpxwq"",""cpu_m"":818,""mem_b"":645862081,""priority"":""4"",""node"":""kwok-node-29""},{""name"":""rs-29-p1-hf7kr"",""cpu_m"":960,""mem_b"":773407601,""priority"":""1"",""node"":""kwok-node-10""},{""name"":""rs-30-p4-c5hrc"",""cpu_m"":297,""mem_b"":159397228,""priority"":""4"",""node"":""kwok-node-22""},{""name"":""rs-30-p4-hct6w"",""cpu_m"":297,""mem_b"":159397228,""priority"":""4"",""node"":""kwok-node-24""},{""name"":""rs-30-p4-nhn4v"",""cpu_m"":297,""mem_b"":159397228,""priority"":""4"",""node"":""kwok-node-17""},{""name"":""rs-30-p4-sxqbp"",""cpu_m"":297,""mem_b"":159397228,""priority"":""4"",""node"":""kwok-node-2""},{""name"":""rs-31-p3-722rj"",""cpu_m"":527,""mem_b"":651897412,""priority"":""3"",""node"":""kwok-node-31""},{""name"":""rs-31-p3-7pgkq"",""cpu_m"":527,""mem_b"":651897412,""priority"":""3"",""node"":""kwok-node-3""},{""name"":""rs-31-p3-kqfjv"",""cpu_m"":527,""mem_b"":651897412,""priority"":""3"",""node"":""kwok-node-21""},{""name"":""rs-32-p4-dr294"",""cpu_m"":209,""mem_b"":532257178,""priority"":""4"",""node"":""kwok-node-18""},{""name"":""rs-32-p4-hbjjw"",""cpu_m"":209,""mem_b"":532257178,""priority"":""4"",""node"":""kwok-node-7""},{""name"":""rs-32-p4-sg9dc"",""cpu_m"":209,""mem_b"":532257178,""priority"":""4"",""node"":""kwok-node-14""},{""name"":""rs-33-p2-762ss"",""cpu_m"":366,""mem_b"":316151306,""priority"":""2"",""node"":""kwok-node-4""},{""name"":""rs-33-p2-b8s2n"",""cpu_m"":366,""mem_b"":316151306,""priority"":""2"",""node"":""kwok-node-26""},{""name"":""rs-33-p2-c2m4w"",""cpu_m"":366,""mem_b"":316151306,""priority"":""2"",""node"":""kwok-node-32""},{""name"":""rs-33-p2-qqjkv"",""cpu_m"":366,""mem_b"":316151306,""priority"":""2"",""node"":""kwok-node-5""},{""name"":""rs-34-p2-b8pcz"",""cpu_m"":704,""mem_b"":946375642,""priority"":""2"",""node"":""""},{""name"":""rs-34-p2-cshd7"",""cpu_m"":704,""mem_b"":946375642,""priority"":""2"",""node"":""""},{""name"":""rs-34-p2-tj2xw"",""cpu_m"":704,""mem_b"":946375642,""priority"":""2"",""node"":""""},{""name"":""rs-34-p2-tknsb"",""cpu_m"":704,""mem_b"":946375642,""priority"":""2"",""node"":""""},{""name"":""rs-35-p3-8skf9"",""cpu_m"":145,""mem_b"":122175673,""priority"":""3"",""node"":""kwok-node-27""},{""name"":""rs-35-p3-hcdwj"",""cpu_m"":145,""mem_b"":122175673,""priority"":""3"",""node"":""kwok-node-12""},{""name"":""rs-35-p3-hs8gh"",""cpu_m"":145,""mem_b"":122175673,""priority"":""3"",""node"":""kwok-node-20""},{""name"":""rs-35-p3-sqv2w"",""cpu_m"":145,""mem_b"":122175673,""priority"":""3"",""node"":""kwok-node-8""},{""name"":""rs-36-p2-56h6x"",""cpu_m"":697,""mem_b"":233434962,""priority"":""2"",""node"":""kwok-node-8""},{""name"":""rs-36-p2-rj5z8"",""cpu_m"":697,""mem_b"":233434962,""priority"":""2"",""node"":""kwok-node-1""},{""name"":""rs-36-p2-zbfbk"",""cpu_m"":697,""mem_b"":233434962,""priority"":""2"",""node"":""kwok-node-25""},{""name"":""rs-37-p1-d5kwg"",""cpu_m"":402,""mem_b"":165895662,""priority"":""1"",""node"":""kwok-node-7""},{""name"":""rs-37-p1-jxfbv"",""cpu_m"":402,""mem_b"":165895662,""priority"":""1"",""node"":""kwok-node-22""},{""name"":""rs-37-p1-n6hk5"",""cpu_m"":402,""mem_b"":165895662,""priority"":""1"",""node"":""kwok-node-30""},{""name"":""rs-37-p1-rltl9"",""cpu_m"":402,""mem_b"":165895662,""priority"":""1"",""node"":""kwok-node-17""},{""name"":""rs-38-p2-6ls4h"",""cpu_m"":282,""mem_b"":781787202,""priority"":""2"",""node"":""kwok-node-19""},{""name"":""rs-38-p2-gdkpq"",""cpu_m"":282,""mem_b"":781787202,""priority"":""2"",""node"":""kwok-node-20""},{""name"":""rs-38-p2-t7nfq"",""cpu_m"":282,""mem_b"":781787202,""priority"":""2"",""node"":""kwok-node-2""},{""name"":""rs-38-p2-tdwn6"",""cpu_m"":282,""mem_b"":781787202,""priority"":""2"",""node"":""kwok-node-15""},{""name"":""rs-39-p2-sgdqt"",""cpu_m"":201,""mem_b"":188303915,""priority"":""2"",""node"":""kwok-node-6""},{""name"":""rs-40-p3-zpcm8"",""cpu_m"":638,""mem_b"":826351054,""priority"":""3"",""node"":""""},{""name"":""rs-41-p1-znbdg"",""cpu_m"":826,""mem_b"":395739559,""priority"":""1"",""node"":""""},{""name"":""rs-42-p4-47w4b"",""cpu_m"":261,""mem_b"":992855888,""priority"":""4"",""node"":""""},{""name"":""rs-42-p4-7s5pf"",""cpu_m"":261,""mem_b"":992855888,""priority"":""4"",""node"":""""},{""name"":""rs-42-p4-8rnnn"",""cpu_m"":261,""mem_b"":992855888,""priority"":""4"",""node"":""""},{""name"":""rs-42-p4-mc6zh"",""cpu_m"":261,""mem_b"":992855888,""priority"":""4"",""node"":""""},{""name"":""rs-43-p2-jhf2d"",""cpu_m"":676,""mem_b"":768143230,""priority"":""2"",""node"":""""},{""name"":""rs-43-p2-qgk8j"",""cpu_m"":676,""mem_b"":768143230,""priority"":""2"",""node"":""""},{""name"":""rs-43-p2-sbhkp"",""cpu_m"":676,""mem_b"":768143230,""priority"":""2"",""node"":""""},{""name"":""rs-43-p2-x452w"",""cpu_m"":676,""mem_b"":768143230,""priority"":""2"",""node"":""""},{""name"":""rs-44-p4-2tkcm"",""cpu_m"":332,""mem_b"":659039656,""priority"":""4"",""node"":""kwok-node-9""},{""name"":""rs-44-p4-6llns"",""cpu_m"":332,""mem_b"":659039656,""priority"":""4"",""node"":""kwok-node-24""},{""name"":""rs-44-p4-qnbdk"",""cpu_m"":332,""mem_b"":659039656,""priority"":""4"",""node"":""kwok-node-12""},{""name"":""rs-45-p1-6ntcp"",""cpu_m"":442,""mem_b"":414169539,""priority"":""1"",""node"":""kwok-node-27""},{""name"":""rs-45-p1-bjlqh"",""cpu_m"":442,""mem_b"":414169539,""priority"":""1"",""node"":""kwok-node-14""},{""name"":""rs-45-p1-s7ndc"",""cpu_m"":442,""mem_b"":414169539,""priority"":""1"",""node"":""kwok-node-18""},{""name"":""rs-45-p1-wtvnl"",""cpu_m"":442,""mem_b"":414169539,""priority"":""1"",""node"":""kwok-node-26""},{""name"":""rs-46-p4-424xw"",""cpu_m"":844,""mem_b"":615813333,""priority"":""4"",""node"":""""},{""name"":""rs-46-p4-k5tq7"",""cpu_m"":844,""mem_b"":615813333,""priority"":""4"",""node"":""""},{""name"":""rs-46-p4-wggrm"",""cpu_m"":844,""mem_b"":615813333,""priority"":""4"",""node"":""""}]","[{""name"":""kwok-node-1"",""cap_cpu_m"":1889,""cap_mem_bytes"":2071165640},{""name"":""kwok-node-2"",""cap_cpu_m"":1889,""cap_mem_bytes"":2071165640},{""name"":""kwok-node-3"",""cap_cpu_m"":1889,""cap_mem_bytes"":2071165640},{""name"":""kwok-node-4"",""cap_cpu_m"":1889,""cap_mem_bytes"":2071165640},{""name"":""kwok-node-5"",""cap_cpu_m"":1889,""cap_mem_bytes"":2071165640},{""name"":""kwok-node-6"",""cap_cpu_m"":1889,""cap_mem_bytes"":2071165640},{""name"":""kwok-node-7"",""cap_cpu_m"":1889,""cap_mem_bytes"":2071165640},{""name"":""kwok-node-8"",""cap_cpu_m"":1889,""cap_mem_bytes"":2071165640},{""name"":""kwok-node-9"",""cap_cpu_m"":1889,""cap_mem_bytes"":2071165640},{""name"":""kwok-node-10"",""cap_cpu_m"":1889,""cap_mem_bytes"":2071165640},{""name"":""kwok-node-11"",""cap_cpu_m"":1889,""cap_mem_bytes"":2071165640},{""name"":""kwok-node-12"",""cap_cpu_m"":1889,""cap_mem_bytes"":2071165640},{""name"":""kwok-node-13"",""cap_cpu_m"":1889,""cap_mem_bytes"":2071165640},{""name"":""kwok-node-14"",""cap_cpu_m"":1889,""cap_mem_bytes"":2071165640},{""name"":""kwok-node-15"",""cap_cpu_m"":1889,""cap_mem_bytes"":2071165640},{""name"":""kwok-node-16"",""cap_cpu_m"":1889,""cap_mem_bytes"":2071165640},{""name"":""kwok-node-17"",""cap_cpu_m"":1889,""cap_mem_bytes"":2071165640},{""name"":""kwok-node-18"",""cap_cpu_m"":1889,""cap_mem_bytes"":2071165640},{""name"":""kwok-node-19"",""cap_cpu_m"":1889,""cap_mem_bytes"":2071165640},{""name"":""kwok-node-20"",""cap_cpu_m"":1889,""cap_mem_bytes"":2071165640},{""name"":""kwok-node-21"",""cap_cpu_m"":1889,""cap_mem_bytes"":2071165640},{""name"":""kwok-node-22"",""cap_cpu_m"":1889,""cap_mem_bytes"":2071165640},{""name"":""kwok-node-23"",""cap_cpu_m"":1889,""cap_mem_bytes"":2071165640},{""name"":""kwok-node-24"",""cap_cpu_m"":1889,""cap_mem_bytes"":2071165640},{""name"":""kwok-node-25"",""cap_cpu_m"":1889,""cap_mem_bytes"":2071165640},{""name"":""kwok-node-26"",""cap_cpu_m"":1889,""cap_mem_bytes"":2071165640},{""name"":""kwok-node-27"",""cap_cpu_m"":1889,""cap_mem_bytes"":2071165640},{""name"":""kwok-node-28"",""cap_cpu_m"":1889,""cap_mem_bytes"":2071165640},{""name"":""kwok-node-29"",""cap_cpu_m"":1889,""cap_mem_bytes"":2071165640},{""name"":""kwok-node-30"",""cap_cpu_m"":1889,""cap_mem_bytes"":2071165640},{""name"":""kwok-node-31"",""cap_cpu_m"":1889,""cap_mem_bytes"":2071165640},{""name"":""kwok-node-32"",""cap_cpu_m"":1889,""cap_mem_bytes"":2071165640}]"
2026/02/11/12:41:50,219602589878935038,,"{""evicted"":0,""moved"":0,""placed_by_priority"":{""1"":15,""2"":54,""3"":20,""4"":16}}",python,"{""evicted"":13,""moved"":11,""placed_by_priority"":{""1"":2,""2"":57,""3"":31,""4"":20}}",987,FEASIBLE,"[{""duration_ms"":987,""name"":""python"",""score"":{""evicted"":13,""moved"":11,""placed_by_priority"":{""1"":2,""2"":57,""3"":31,""4"":20}},""status"":""FEASIBLE""}]",0.933,0.772,0.865,0.855,52947,43800,57663423627,57022941839,110,105,18,23,"{""kwok-node-1"":4,""kwok-node-10"":4,""kwok-node-11"":3,""kwok-node-12"":3,""kwok-node-13"":3,""kwok-node-14"":4,""kwok-node-15"":3,""kwok-node-16"":5,""kwok-node-17"":3,""kwok-node-18"":5,""kwok-node-19"":3,""kwok-node-2"":3,""kwok-node-20"":4,""kwok-node-21"":4,""kwok-node-22"":3,""kwok-node-23"":3,""kwok-node-24"":3,""kwok-node-25"":3,""kwok-node-26"":3,""kwok-node-27"":4,""kwok-node-28"":4,""kwok-node-29"":4,""kwok-node-3"":3,""kwok-node-30"":3,""kwok-node-31"":4,""kwok-node-32"":4,""kwok-node-4"":3,""kwok-node-5"":3,""kwok-node-6"":3,""kwok-node-7"":3,""kwok-node-8"":3,""kwok-node-9"":3}","{""kwok-node-1"":4,""kwok-node-10"":3,""kwok-node-11"":3,""kwok-node-12"":3,""kwok-node-13"":3,""kwok-node-14"":4,""kwok-node-15"":3,""kwok-node-16"":4,""kwok-node-17"":4,""kwok-node-18"":4,""kwok-node-19"":3,""kwok-node-2"":3,""kwok-node-20"":4,""kwok-node-21"":3,""kwok-node-22"":3,""kwok-node-23"":3,""kwok-node-24"":3,""kwok-node-25"":3,""kwok-node-26"":3,""kwok-node-27"":3,""kwok-node-28"":3,""kwok-node-29"":4,""kwok-node-3"":3,""kwok-node-30"":3,""kwok-node-31"":4,""kwok-node-32"":4,""kwok-node-4"":3,""kwok-node-5"":3,""kwok-node-6"":3,""kwok-node-7"":3,""kwok-node-8"":3,""kwok-node-9"":3}","{""p1"":2,""p2"":57,""p3"":31,""p4"":20}","{""p1"":15,""p2"":54,""p3"":20,""p4"":16}","{""p1"":18}","{""p1"":5,""p2"":3,""p3"":11,""p4"":4}","{rs-04-p1-5qfc6,rs-04-p1-rtgp6,rs-04-p1-tgr4v,rs-30-p1-225gh,rs-30-p1-42gzm,rs-30-p1-kwppc,rs-30-p1-x2vbb,rs-31-p1-4n7wn,rs-31-p1-dzb5x,rs-31-p1-g9xfz,rs-31-p1-zqwzv,rs-34-p1-78qzd,rs-34-p1-nw6bt,rs-34-p1-vcj2r,rs-36-p1-8k42n,rs-39-p1-5b6fc,rs-39-p1-qvfmp,rs-44-p1-wddxm}","{rs-25-p3-6mzx5,rs-25-p3-phdhn,rs-31-p1-4n7wn,rs-31-p1-dzb5x,rs-31-p1-g9xfz,rs-31-p1-zqwzv,rs-33-p3-dh68q,rs-33-p3-zbpxv,rs-35-p3-728mr,rs-35-p3-9cngh,rs-35-p3-bq2pc,rs-35-p3-zlk57,rs-38-p3-k8tpz,rs-38-p3-kwlr8,rs-38-p3-nf5wh,rs-40-p2-9z2zj,rs-40-p2-rngpt,rs-40-p2-rt22z,rs-42-p4-4vmm6,rs-42-p4-f7sqj,rs-42-p4-lcmsw,rs-43-p4-8l9h2,rs-44-p1-wddxm}","{rs-01-p2-8b796,rs-01-p2-dlxm9,rs-01-p2-gjqfj,rs-01-p2-t6jqt,rs-02-p2-fnlch,rs-02-p2-mtqz7,rs-02-p2-qjnwm,rs-03-p3-6pn7c,rs-03-p3-92ksj,rs-03-p3-hx5vx,rs-03-p3-ww479,rs-04-p1-2ng6n,rs-05-p4-72dfr,rs-05-p4-pscs8,rs-06-p4-9z7nc,rs-06-p4-g4j9w,rs-06-p4-j2wdm,rs-07-p2-8bz69,rs-07-p2-p7fjq,rs-08-p2-9jj7l,rs-08-p2-rjt42,rs-09-p2-69n2s,rs-09-p2-gzqt8,rs-09-p2-wx826,rs-09-p2-zslf4,rs-10-p2-2xbjn,rs-10-p2-72tqn,rs-10-p2-9vm6s,rs-10-p2-l9m6r,rs-11-p2-d4k4n,rs-11-p2-dmz4p,rs-11-p2-fkg8w,rs-11-p2-m7pp8,rs-12-p2-fg7ql,rs-12-p2-h6snv,rs-12-p2-n6p65,rs-13-p3-gbl4d,rs-13-p3-j9bdh,rs-13-p3-nwjhs,rs-14-p3-nwjjn,rs-14-p3-vp7fg,rs-14-p3-xr4cm,rs-14-p3-xrmpd,rs-15-p2-7p6h7,rs-15-p2-djhmn,rs-16-p2-q56dk,rs-16-p2-z9zv5,rs-17-p4-n4n8w,rs-18-p2-9jrkt,rs-18-p2-9qzh6,rs-18-p2-hlknb,rs-19-p3-gsxkh,rs-19-p3-qtkbx,rs-19-p3-sb4rk,rs-19-p3-xm8gp,rs-20-p3-6tkgn,rs-20-p3-c8xtz,rs-21-p4-69zzl,rs-21-p4-8dqz8,rs-21-p4-hddkk,rs-22-p4-6vr8c,rs-22-p4-l27nh,rs-23-p2-769kl,rs-23-p2-fnzbf,rs-23-p2-rkclm,rs-23-p2-wdp54,rs-24-p4-czwvf,rs-24-p4-rqkmc,rs-24-p4-sxtcj,rs-25-p3-6mzx5,rs-25-p3-bw99l,rs-25-p3-phdhn,rs-25-p3-pjccm,rs-26-p2-9wjws,rs-26-p2-bqsqb,rs-26-p2-mf2tk,rs-26-p2-nd7d5,rs-27-p2-bcf55,rs-27-p2-kbzzw,rs-28-p3-xknkn,rs-29-p2-8n6mk,rs-29-p2-gtqmm,rs-29-p2-rfpd7,rs-32-p2-9b66l,rs-32-p2-d5jbq,rs-32-p2-lp7cr,rs-32-p2-qwsmk,rs-33-p3-dh68q,rs-33-p3-zbpxv,rs-34-p1-gvvk5,rs-35-p3-728mr,rs-35-p3-9cngh,rs-35-p3-bq2pc,rs-35-p3-zlk57,rs-37-p2-5rbwr,rs-37-p2-jdhj4,rs-37-p2-kpkfx,rs-37-p2-zfcnv,rs-38-p3-k8tpz,rs-38-p3-kwlr8,rs-38-p3-nf5wh,rs-40-p2-9z2zj,rs-40-p2-rngpt,rs-40-p2-rt22z,rs-41-p4-g7pvq,rs-41-p4-tpvbq,rs-42-p4-4vmm6,rs-42-p4-f7sqj,rs-42-p4-lcmsw,rs-43-p4-8l9h2}","{rs-01-p2-8b796,rs-01-p2-dlxm9,rs-01-p2-gjqfj,rs-01-p2-t6jqt,rs-02-p2-fnlch,rs-02-p2-m6nx6,rs-02-p2-qjnwm,rs-03-p3-6pn7c,rs-03-p3-92ksj,rs-03-p3-hx5vx,rs-03-p3-ww479,rs-04-p1-2ng6n,rs-04-p1-j77d5,rs-04-p1-k8bzj,rs-04-p1-z84pf,rs-05-p4-72dfr,rs-05-p4-pscs8,rs-06-p4-9z7nc,rs-06-p4-g4j9w,rs-06-p4-j2wdm,rs-07-p2-mvn64,rs-07-p2-p7fjq,rs-08-p2-9jj7l,rs-08-p2-9rqv4,rs-09-p2-69n2s,rs-09-p2-gzqt8,rs-09-p2-wx826,rs-09-p2-zslf4,rs-10-p2-2xbjn,rs-10-p2-72tqn,rs-10-p2-9vm6s,rs-10-p2-l9m6r,rs-11-p2-d4k4n,rs-11-p2-dmz4p,rs-11-p2-fkg8w,rs-11-p2-nhx5c,rs-12-p2-f59nt,rs-12-p2-fg7ql,rs-12-p2-h6snv,rs-13-p3-gbl4d,rs-13-p3-j9bdh,rs-13-p3-nwjhs,rs-14-p3-nwjjn,rs-14-p3-vp7fg,rs-14-p3-xr4cm,rs-14-p3-xrmpd,rs-15-p2-7p6h7,rs-15-p2-djhmn,rs-16-p2-pl7gf,rs-16-p2-z9zv5,rs-17-p4-n4n8w,rs-18-p2-9jrkt,rs-18-p2-9qzh6,rs-18-p2-xbjtx,rs-19-p3-gsxkh,rs-19-p3-qtkbx,rs-19-p3-sb4rk,rs-19-p3-xm8gp,rs-20-p3-6tkgn,rs-20-p3-c8xtz,rs-21-p4-69zzl,rs-21-p4-8dqz8,rs-21-p4-hddkk,rs-22-p4-6vr8c,rs-22-p4-l27nh,rs-23-p2-769kl,rs-23-p2-fnzbf,rs-23-p2-r2fgc,rs-23-p2-rkclm,rs-24-p4-czwvf,rs-24-p4-rqkmc,rs-24-p4-sxtcj,rs-25-p3-bw99l,rs-25-p3-pjccm,rs-26-p2-9wjws,rs-26-p2-bqsqb,rs-26-p2-mf2tk,rs-26-p2-nd7d5,rs-27-p2-9rmvt,rs-27-p2-vbng2,rs-28-p3-xknkn,rs-29-p2-8n6mk,rs-29-p2-gtqmm,rs-29-p2-rfpd7,rs-30-p1-2h6h5,rs-30-p1-64mq8,rs-30-p1-hqjmg,rs-30-p1-ljkct,rs-32-p2-9b66l,rs-32-p2-d5jbq,rs-32-p2-lp7cr,rs-32-p2-qwsmk,rs-34-p1-jcznq,rs-34-p1-kstv8,rs-34-p1-mfxqk,rs-34-p1-n8c59,rs-36-p1-t72mc,rs-37-p2-5rbwr,rs-37-p2-jdhj4,rs-37-p2-kpkfx,rs-37-p2-zfcnv,rs-39-p1-mcqnr,rs-39-p1-tvrpv,rs-41-p4-g7pvq,rs-41-p4-tpvbq}","[{""name"":""rs-01-p2-8b796"",""cpu_m"":166,""mem_b"":561890524,""priority"":""2"",""node"":""kwok-node-19""},{""name"":""rs-01-p2-dlxm9"",""cpu_m"":166,""mem_b"":561890524,""priority"":""2"",""node"":""kwok-node-10""},{""name"":""rs-01-p2-gjqfj"",""cpu_m"":166,""mem_b"":561890524,""priority"":""2"",""node"":""kwok-node-12""},{""name"":""rs-01-p2-t6jqt"",""cpu_m"":166,""mem_b"":561890524,""priority"":""2"",""node"":""kwok-node-13""},{""name"":""rs-02-p2-fnlch"",""cpu_m"":384,""mem_b"":440197982,""priority"":""2"",""node"":""kwok-node-2""},{""name"":""rs-02-p2-mtqz7"",""cpu_m"":384,""mem_b"":440197982,""priority"":""2"",""node"":""kwok-node-16""},{""name"":""rs-02-p2-qjnwm"",""cpu_m"":384,""mem_b"":440197982,""priority"":""2"",""node"":""kwok-node-20""},{""name"":""rs-03-p3-6pn7c"",""cpu_m"":312,""mem_b"":105446452,""priority"":""3"",""node"":""kwok-node-18""},{""name"":""rs-03-p3-92ksj"",""cpu_m"":312,""mem_b"":105446452,""priority"":""3"",""node"":""kwok-node-14""},{""name"":""rs-03-p3-hx5vx"",""cpu_m"":312,""mem_b"":105446452,""priority"":""3"",""node"":""kwok-node-16""},{""name"":""rs-03-p3-ww479"",""cpu_m"":312,""mem_b"":105446452,""priority"":""3"",""node"":""kwok-node-1""},{""name"":""rs-04-p1-2ng6n"",""cpu_m"":231,""mem_b"":891761194,""priority"":""1"",""node"":""kwok-node-11""},{""name"":""rs-04-p1-5qfc6"",""cpu_m"":231,""mem_b"":891761194,""priority"":""1"",""node"":""""},{""name"":""rs-04-p1-rtgp6"",""cpu_m"":231,""mem_b"":891761194,""priority"":""1"",""node"":""""},{""name"":""rs-04-p1-tgr4v"",""cpu_m"":231,""mem_b"":891761194,""priority"":""1"",""node"":""""},{""name"":""rs-05-p4-72dfr"",""cpu_m"":289,""mem_b"":500910356,""priority"":""4"",""node"":""kwok-node-16""},{""name"":""rs-05-p4-pscs8"",""cpu_m"":289,""mem_b"":500910356,""priority"":""4"",""node"":""kwok-node-21""},{""name"":""rs-06-p4-9z7nc"",""cpu_m"":477,""mem_b"":265449416,""priority"":""4"",""node"":""kwok-node-22""},{""name"":""rs-06-p4-g4j9w"",""cpu_m"":477,""mem_b"":265449416,""priority"":""4"",""node"":""kwok-node-24""},{""name"":""rs-06-p4-j2wdm"",""cpu_m"":477,""mem_b"":265449416,""priority"":""4"",""node"":""kwok-node-23""},{""name"":""rs-07-p2-8bz69"",""cpu_m"":682,""mem_b"":598079276,""priority"":""2"",""node"":""kwok-node-14""},{""name"":""rs-07-p2-p7fjq"",""cpu_m"":682,""mem_b"":598079276,""priority"":""2"",""node"":""kwok-node-25""},{""name"":""rs-08-p2-9jj7l"",""cpu_m"":755,""mem_b"":584721269,""priority"":""2"",""node"":""kwok-node-27""},{""name"":""rs-08-p2-rjt42"",""cpu_m"":755,""mem_b"":584721269,""priority"":""2"",""node"":""kwok-node-30""},{""name"":""rs-09-p2-69n2s"",""cpu_m"":157,""mem_b"":740152524,""priority"":""2"",""node"":""kwok-node-18""},{""name"":""rs-09-p2-gzqt8"",""cpu_m"":157,""mem_b"":740152524,""priority"":""2"",""node"":""kwok-node-24""},{""name"":""rs-09-p2-wx826"",""cpu_m"":157,""mem_b"":740152524,""priority"":""2"",""node"":""kwok-node-23""},{""name"":""rs-09-p2-zslf4"",""cpu_m"":157,""mem_b"":740152524,""priority"":""2"",""node"":""kwok-node-22""},{""name"":""rs-10-p2-2xbjn"",""cpu_m"":533,""mem_b"":753502090,""priority"":""2"",""node"":""kwok-node-29""},{""name"":""rs-10-p2-72tqn"",""cpu_m"":533,""mem_b"":753502090,""priority"":""2"",""node"":""kwok-node-30""},{""name"":""rs-10-p2-9vm6s"",""cpu_m"":533,""mem_b"":753502090,""priority"":""2"",""node"":""kwok-node-2""},{""name"":""rs-10-p2-l9m6r"",""cpu_m"":533,""mem_b"":753502090,""priority"":""2"",""node"":""kwok-node-3""},{""name"":""rs-11-p2-d4k4n"",""cpu_m"":176,""mem_b"":224382345,""priority"":""2"",""node"":""kwok-node-20""},{""name"":""rs-11-p2-dmz4p"",""cpu_m"":176,""mem_b"":224382345,""priority"":""2"",""node"":""kwok-node-31""},{""name"":""rs-11-p2-fkg8w"",""cpu_m"":176,""mem_b"":224382345,""priority"":""2"",""node"":""kwok-node-32""},{""name"":""rs-11-p2-m7pp8"",""cpu_m"":176,""mem_b"":224382345,""priority"":""2"",""node"":""kwok-node-10""},{""name"":""rs-12-p2-fg7ql"",""cpu_m"":503,""mem_b"":846575333,""priority"":""2"",""node"":""kwok-node-5""},{""name"":""rs-12-p2-h6snv"",""cpu_m"":503,""mem_b"":846575333,""priority"":""2"",""node"":""kwok-node-4""},{""name"":""rs-12-p2-n6p65"",""cpu_m"":503,""mem_b"":846575333,""priority"":""2"",""node"":""kwok-node-15""},{""name"":""rs-13-p3-gbl4d"",""cpu_m"":120,""mem_b"":749350033,""priority"":""3"",""node"":""kwok-node-32""},{""name"":""rs-13-p3-j9bdh"",""cpu_m"":120,""mem_b"":749350033,""priority"":""3"",""node"":""kwok-node-31""},{""name"":""rs-13-p3-nwjhs"",""cpu_m"":120,""mem_b"":749350033,""priority"":""3"",""node"":""kwok-node-21""},{""name"":""rs-14-p3-nwjjn"",""cpu_m"":930,""mem_b"":588282281,""priority"":""3"",""node"":""kwok-node-8""},{""name"":""rs-14-p3-vp7fg"",""cpu_m"":930,""mem_b"":588282281,""priority"":""3"",""node"":""kwok-node-7""},{""name"":""rs-14-p3-xr4cm"",""cpu_m"":930,""mem_b"":588282281,""priority"":""3"",""node"":""kwok-node-10""},{""name"":""rs-14-p3-xrmpd"",""cpu_m"":930,""mem_b"":588282281,""priority"":""3"",""node"":""kwok-node-9""},{""name"":""rs-15-p2-7p6h7"",""cpu_m"":431,""mem_b"":791971637,""priority"":""2"",""node"":""kwok-node-19""},{""name"":""rs-15-p2-djhmn"",""cpu_m"":431,""mem_b"":791971637,""priority"":""2"",""node"":""kwok-node-12""},{""name"":""rs-16-p2-q56dk"",""cpu_m"":466,""mem_b"":480426823,""priority"":""2"",""node"":""kwok-node-28""},{""name"":""rs-16-p2-z9zv5"",""cpu_m"":466,""mem_b"":480426823,""priority"":""2"",""node"":""kwok-node-13""},{""name"":""rs-17-p4-n4n8w"",""cpu_m"":544,""mem_b"":125673871,""priority"":""4"",""node"":""kwok-node-11""},{""name"":""rs-18-p2-9jrkt"",""cpu_m"":455,""mem_b"":662081287,""priority"":""2"",""node"":""kwok-node-16""},{""name"":""rs-18-p2-9qzh6"",""cpu_m"":455,""mem_b"":662081287,""priority"":""2"",""node"":""kwok-node-20""},{""name"":""rs-18-p2-hlknb"",""cpu_m"":455,""mem_b"":662081287,""priority"":""2"",""node"":""kwok-node-32""},{""name"":""rs-19-p3-gsxkh"",""cpu_m"":419,""mem_b"":454320963,""priority"":""3"",""node"":""kwok-node-3""},{""name"":""rs-19-p3-qtkbx"",""cpu_m"":419,""mem_b"":454320963,""priority"":""3"",""node"":""kwok-node-30""},{""name"":""rs-19-p3-sb4rk"",""cpu_m"":419,""mem_b"":454320963,""priority"":""3"",""node"":""kwok-node-29""},{""name"":""rs-19-p3-xm8gp"",""cpu_m"":419,""mem_b"":454320963,""priority"":""3"",""node"":""kwok-node-26""},{""name"":""rs-20-p3-6tkgn"",""cpu_m"":873,""mem_b"":250440413,""priority"":""3"",""node"":""kwok-node-31""},{""name"":""rs-20-p3-c8xtz"",""cpu_m"":873,""mem_b"":250440413,""priority"":""3"",""node"":""kwok-node-15""},{""name"":""rs-21-p4-69zzl"",""cpu_m"":297,""mem_b"":414977403,""priority"":""4"",""node"":""kwok-node-27""},{""name"":""rs-21-p4-8dqz8"",""cpu_m"":297,""mem_b"":414977403,""priority"":""4"",""node"":""kwok-node-28""},{""name"":""rs-21-p4-hddkk"",""cpu_m"":297,""mem_b"":414977403,""priority"":""4"",""node"":""kwok-node-4""},{""name"":""rs-22-p4-6vr8c"",""cpu_m"":484,""mem_b"":462134457,""priority"":""4"",""node"":""kwok-node-6""},{""name"":""rs-22-p4-l27nh"",""cpu_m"":484,""mem_b"":462134457,""priority"":""4"",""node"":""kwok-node-18""},{""name"":""rs-23-p2-769kl"",""cpu_m"":530,""mem_b"":190398924,""priority"":""2"",""node"":""kwok-node-14""},{""name"":""rs-23-p2-fnzbf"",""cpu_m"":530,""mem_b"":190398924,""priority"":""2"",""node"":""kwok-node-1""},{""name"":""rs-23-p2-rkclm"",""cpu_m"":530,""mem_b"":190398924,""priority"":""2"",""node"":""kwok-node-5""},{""name"":""rs-23-p2-wdp54"",""cpu_m"":530,""mem_b"":190398924,""priority"":""2"",""node"":""kwok-node-27""},{""name"":""rs-24-p4-czwvf"",""cpu_m"":933,""mem_b"":923312056,""priority"":""4"",""node"":""kwok-node-23""},{""name"":""rs-24-p4-rqkmc"",""cpu_m"":933,""mem_b"":923312056,""priority"":""4"",""node"":""kwok-node-22""},{""name"":""rs-24-p4-sxtcj"",""cpu_m"":933,""mem_b"":923312056,""priority"":""4"",""node"":""kwok-node-24""},{""name"":""rs-25-p3-6mzx5"",""cpu_m"":998,""mem_b"":835912854,""priority"":""3"",""node"":""kwok-node-26""},{""name"":""rs-25-p3-bw99l"",""cpu_m"":998,""mem_b"":835912854,""priority"":""3"",""node"":""kwok-node-13""},{""name"":""rs-25-p3-phdhn"",""cpu_m"":998,""mem_b"":835912854,""priority"":""3"",""node"":""kwok-node-6""},{""name"":""rs-25-p3-pjccm"",""cpu_m"":998,""mem_b"":835912854,""priority"":""3"",""node"":""kwok-node-11""},{""name"":""rs-26-p2-9wjws"",""cpu_m"":170,""mem_b"":574908989,""priority"":""2"",""node"":""kwok-node-7""},{""name"":""rs-26-p2-bqsqb"",""cpu_m"":170,""mem_b"":574908989,""priority"":""2"",""node"":""kwok-node-9""},{""name"":""rs-26-p2-mf2tk"",""cpu_m"":170,""mem_b"":574908989,""priority"":""2"",""node"":""kwok-node-8""},{""name"":""rs-26-p2-nd7d5"",""cpu_m"":170,""mem_b"":574908989,""priority"":""2"",""node"":""kwok-node-28""},{""name"":""rs-27-p2-bcf55"",""cpu_m"":423,""mem_b"":364035885,""priority"":""2"",""node"":""kwok-node-21""},{""name"":""rs-27-p2-kbzzw"",""cpu_m"":423,""mem_b"":364035885,""priority"":""2"",""node"":""kwok-node-18""},{""name"":""rs-28-p3-xknkn"",""cpu_m"":686,""mem_b"":863716414,""priority"":""3"",""node"":""kwok-node-5""},{""name"":""rs-29-p2-8n6mk"",""cpu_m"":190,""mem_b"":784655200,""priority"":""2"",""node"":""kwok-node-15""},{""name"":""rs-29-p2-gtqmm"",""cpu_m"":190,""mem_b"":784655200,""priority"":""2"",""node"":""kwok-node-27""},{""name"":""rs-29-p2-rfpd7"",""cpu_m"":190,""mem_b"":784655200,""priority"":""2"",""node"":""kwok-node-26""},{""name"":""rs-30-p1-225gh"",""cpu_m"":685,""mem_b"":357434238,""priority"":""1"",""node"":""""},{""name"":""rs-30-p1-42gzm"",""cpu_m"":685,""mem_b"":357434238,""priority"":""1"",""node"":""""},{""name"":""rs-30-p1-kwppc"",""cpu_m"":685,""mem_b"":357434238,""priority"":""1"",""node"":""""},{""name"":""rs-30-p1-x2vbb"",""cpu_m"":685,""mem_b"":357434238,""priority"":""1"",""node"":""""},{""name"":""rs-31-p1-4n7wn"",""cpu_m"":213,""mem_b"":945838759,""priority"":""1"",""node"":""""},{""name"":""rs-31-p1-dzb5x"",""cpu_m"":213,""mem_b"":945838759,""priority"":""1"",""node"":""""},{""name"":""rs-31-p1-g9xfz"",""cpu_m"":213,""mem_b"":945838759,""priority"":""1"",""node"":""""},{""name"":""rs-31-p1-zqwzv"",""cpu_m"":213,""mem_b"":945838759,""priority"":""1"",""node"":""""},{""name"":""rs-32-p2-9b66l"",""cpu_m"":168,""mem_b"":632855887,""priority"":""2"",""node"":""kwok-node-17""},{""name"":""rs-32-p2-d5jbq"",""cpu_m"":168,""mem_b"":632855887,""priority"":""2"",""node"":""kwok-node-14""},{""name"":""rs-32-p2-lp7cr"",""cpu_m"":168,""mem_b"":632855887,""priority"":""2"",""node"":""kwok-node-10""},{""name"":""rs-32-p2-qwsmk"",""cpu_m"":168,""mem_b"":632855887,""priority"":""2"",""node"":""kwok-node-1""},{""name"":""rs-33-p3-dh68q"",""cpu_m"":973,""mem_b"":462544802,""priority"":""3"",""node"":""kwok-node-12""},{""name"":""rs-33-p3-zbpxv"",""cpu_m"":973,""mem_b"":462544802,""priority"":""3"",""node"":""kwok-node-4""},{""name"":""rs-34-p1-78qzd"",""cpu_m"":185,""mem_b"":751571544,""priority"":""1"",""node"":""""},{""name"":""rs-34-p1-gvvk5"",""cpu_m"":185,""mem_b"":751571544,""priority"":""1"",""node"":""kwok-node-25""},{""name"":""rs-34-p1-nw6bt"",""cpu_m"":185,""mem_b"":751571544,""priority"":""1"",""node"":""""},{""name"":""rs-34-p1-vcj2r"",""cpu_m"":185,""mem_b"":751571544,""priority"":""1"",""node"":""""},{""name"":""rs-35-p3-728mr"",""cpu_m"":938,""mem_b"":100914134,""priority"":""3"",""node"":""kwok-node-17""},{""name"":""rs-35-p3-9cngh"",""cpu_m"":938,""mem_b"":100914134,""priority"":""3"",""node"":""kwok-node-21""},{""name"":""rs-35-p3-bq2pc"",""cpu_m"":938,""mem_b"":100914134,""priority"":""3"",""node"":""kwok-node-32""},{""name"":""rs-35-p3-zlk57"",""cpu_m"":938,""mem_b"":100914134,""priority"":""3"",""node"":""kwok-node-19""},{""name"":""rs-36-p1-8k42n"",""cpu_m"":547,""mem_b"":432950350,""priority"":""1"",""node"":""""},{""name"":""rs-37-p2-5rbwr"",""cpu_m"":284,""mem_b"":294470384,""priority"":""2"",""node"":""kwok-node-16""},{""name"":""rs-37-p2-jdhj4"",""cpu_m"":284,""mem_b"":294470384,""priority"":""2"",""node"":""kwok-node-18""},{""name"":""rs-37-p2-kpkfx"",""cpu_m"":284,""mem_b"":294470384,""priority"":""2"",""node"":""kwok-node-6""},{""name"":""rs-37-p2-zfcnv"",""cpu_m"":284,""mem_b"":294470384,""priority"":""2"",""node"":""kwok-node-29""},{""name"":""rs-38-p3-k8tpz"",""cpu_m"":832,""mem_b"":217478363,""priority"":""3"",""node"":""kwok-node-2""},{""name"":""rs-38-p3-kwlr8"",""cpu_m"":832,""mem_b"":217478363,""priority"":""3"",""node"":""kwok-node-28""},{""name"":""rs-38-p3-nf5wh"",""cpu_m"":832,""mem_b"":217478363,""priority"":""3"",""node"":""kwok-node-25""},{""name"":""rs-39-p1-5b6fc"",""cpu_m"":531,""mem_b"":523986004,""priority"":""1"",""node"":""""},{""name"":""rs-39-p1-qvfmp"",""cpu_m"":531,""mem_b"":523986004,""priority"":""1"",""node"":""""},{""name"":""rs-40-p2-9z2zj"",""cpu_m"":617,""mem_b"":794813649,""priority"":""2"",""node"":""kwok-node-17""},{""name"":""rs-40-p2-rngpt"",""cpu_m"":617,""mem_b"":794813649,""priority"":""2"",""node"":""kwok-node-1""},{""name"":""rs-40-p2-rt22z"",""cpu_m"":617,""mem_b"":794813649,""priority"":""2"",""node"":""kwok-node-8""},{""name"":""rs-41-p4-g7pvq"",""cpu_m"":149,""mem_b"":535026885,""priority"":""4"",""node"":""kwok-node-31""},{""name"":""rs-41-p4-tpvbq"",""cpu_m"":149,""mem_b"":535026885,""priority"":""4"",""node"":""kwok-node-29""},{""name"":""rs-42-p4-4vmm6"",""cpu_m"":661,""mem_b"":664585704,""priority"":""4"",""node"":""kwok-node-9""},{""name"":""rs-42-p4-f7sqj"",""cpu_m"":661,""mem_b"":664585704,""priority"":""4"",""node"":""kwok-node-20""},{""name"":""rs-42-p4-lcmsw"",""cpu_m"":661,""mem_b"":664585704,""priority"":""4"",""node"":""kwok-node-7""},{""name"":""rs-43-p4-8l9h2"",""cpu_m"":720,""mem_b"":449934316,""priority"":""4"",""node"":""kwok-node-3""},{""name"":""rs-44-p1-wddxm"",""cpu_m"":162,""mem_b"":735888539,""priority"":""1"",""node"":""""}]","[{""name"":""rs-01-p2-8b796"",""cpu_m"":166,""mem_b"":561890524,""priority"":""2"",""node"":""kwok-node-19""},{""name"":""rs-01-p2-dlxm9"",""cpu_m"":166,""mem_b"":561890524,""priority"":""2"",""node"":""kwok-node-10""},{""name"":""rs-01-p2-gjqfj"",""cpu_m"":166,""mem_b"":561890524,""priority"":""2"",""node"":""kwok-node-12""},{""name"":""rs-01-p2-t6jqt"",""cpu_m"":166,""mem_b"":561890524,""priority"":""2"",""node"":""kwok-node-13""},{""name"":""rs-02-p2-fnlch"",""cpu_m"":384,""mem_b"":440197982,""priority"":""2"",""node"":""kwok-node-2""},{""name"":""rs-02-p2-m6nx6"",""cpu_m"":384,""mem_b"":440197982,""priority"":""2"",""node"":""kwok-node-17""},{""name"":""rs-02-p2-qjnwm"",""cpu_m"":384,""mem_b"":440197982,""priority"":""2"",""node"":""kwok-node-20""},{""name"":""rs-03-p3-6pn7c"",""cpu_m"":312,""mem_b"":105446452,""priority"":""3"",""node"":""kwok-node-18""},{""name"":""rs-03-p3-92ksj"",""cpu_m"":312,""mem_b"":105446452,""priority"":""3"",""node"":""kwok-node-14""},{""name"":""rs-03-p3-hx5vx"",""cpu_m"":312,""mem_b"":105446452,""priority"":""3"",""node"":""kwok-node-16""},{""name"":""rs-03-p3-ww479"",""cpu_m"":312,""mem_b"":105446452,""priority"":""3"",""node"":""kwok-node-1""},{""name"":""rs-04-p1-2ng6n"",""cpu_m"":231,""mem_b"":891761194,""priority"":""1"",""node"":""kwok-node-11""},{""name"":""rs-04-p1-j77d5"",""cpu_m"":231,""mem_b"":891761194,""priority"":""1"",""node"":""kwok-node-15""},{""name"":""rs-04-p1-k8bzj"",""cpu_m"":231,""mem_b"":891761194,""priority"":""1"",""node"":""kwok-node-14""},{""name"":""rs-04-p1-z84pf"",""cpu_m"":231,""mem_b"":891761194,""priority"":""1"",""node"":""kwok-node-1""},{""name"":""rs-05-p4-72dfr"",""cpu_m"":289,""mem_b"":500910356,""priority"":""4"",""node"":""kwok-node-16""},{""name"":""rs-05-p4-pscs8"",""cpu_m"":289,""mem_b"":500910356,""priority"":""4"",""node"":""kwok-node-21""},{""name"":""rs-06-p4-9z7nc"",""cpu_m"":477,""mem_b"":265449416,""priority"":""4"",""node"":""kwok-node-22""},{""name"":""rs-06-p4-g4j9w"",""cpu_m"":477,""mem_b"":265449416,""priority"":""4"",""node"":""kwok-node-24""},{""name"":""rs-06-p4-j2wdm"",""cpu_m"":477,""mem_b"":265449416,""priority"":""4"",""node"":""kwok-node-23""},{""name"":""rs-07-p2-mvn64"",""cpu_m"":682,""mem_b"":598079276,""priority"":""2"",""node"":""kwok-node-26""},{""name"":""rs-07-p2-p7fjq"",""cpu_m"":682,""mem_b"":598079276,""priority"":""2"",""node"":""kwok-node-25""},{""name"":""rs-08-p2-9jj7l"",""cpu_m"":755,""mem_b"":584721269,""priority"":""2"",""node"":""kwok-node-27""},{""name"":""rs-08-p2-9rqv4"",""cpu_m"":755,""mem_b"":584721269,""priority"":""2"",""node"":""kwok-node-28""},{""name"":""rs-09-p2-69n2s"",""cpu_m"":157,""mem_b"":740152524,""priority"":""2"",""node"":""kwok-node-18""},{""name"":""rs-09-p2-gzqt8"",""cpu_m"":157,""mem_b"":740152524,""priority"":""2"",""node"":""kwok-node-24""},{""name"":""rs-09-p2-wx826"",""cpu_m"":157,""mem_b"":740152524,""priority"":""2"",""node"":""kwok-node-23""},{""name"":""rs-09-p2-zslf4"",""cpu_m"":157,""mem_b"":740152524,""priority"":""2"",""node"":""kwok-node-22""},{""name"":""rs-10-p2-2xbjn"",""cpu_m"":533,""mem_b"":753502090,""priority"":""2"",""node"":""kwok-node-29""},{""name"":""rs-10-p2-72tqn"",""cpu_m"":533,""mem_b"":753502090,""priority"":""2"",""node"":""kwok-node-30""},{""name"":""rs-10-p2-9vm6s"",""cpu_m"":533,""mem_b"":753502090,""priority"":""2"",""node"":""kwok-node-2""},{""name"":""rs-10-p2-l9m6r"",""cpu_m"":533,""mem_b"":753502090,""priority"":""2"",""node"":""kwok-node-3""},{""name"":""rs-11-p2-d4k4n"",""cpu_m"":176,""mem_b"":224382345,""priority"":""2"",""node"":""kwok-node-20""},{""name"":""rs-11-p2-dmz4p"",""cpu_m"":176,""mem_b"":224382345,""priority"":""2"",""node"":""kwok-node-31""},{""name"":""rs-11-p2-fkg8w"",""cpu_m"":176,""mem_b"":224382345,""priority"":""2"",""node"":""kwok-node-32""},{""name"":""rs-11-p2-nhx5c"",""cpu_m"":176,""mem_b"":224382345,""priority"":""2"",""node"":""kwok-node-17""},{""name"":""rs-12-p2-f59nt"",""cpu_m"":503,""mem_b"":846575333,""priority"":""2"",""node"":""kwok-node-6""},{""name"":""rs-12-p2-fg7ql"",""cpu_m"":503,""mem_b"":846575333,""priority"":""2"",""node"":""kwok-node-5""},{""name"":""rs-12-p2-h6snv"",""cpu_m"":503,""mem_b"":846575333,""priority"":""2"",""node"":""kwok-node-4""},{""name"":""rs-13-p3-gbl4d"",""cpu_m"":120,""mem_b"":749350033,""priority"":""3"",""node"":""kwok-node-32""},{""name"":""rs-13-p3-j9bdh"",""cpu_m"":120,""mem_b"":749350033,""priority"":""3"",""node"":""kwok-node-31""},{""name"":""rs-13-p3-nwjhs"",""cpu_m"":120,""mem_b"":749350033,""priority"":""3"",""node"":""kwok-node-21""},{""name"":""rs-14-p3-nwjjn"",""cpu_m"":930,""mem_b"":588282281,""priority"":""3"",""node"":""kwok-node-8""},{""name"":""rs-14-p3-vp7fg"",""cpu_m"":930,""mem_b"":588282281,""priority"":""3"",""node"":""kwok-node-7""},{""name"":""rs-14-p3-xr4cm"",""cpu_m"":930,""mem_b"":588282281,""priority"":""3"",""node"":""kwok-node-10""},{""name"":""rs-14-p3-xrmpd"",""cpu_m"":930,""mem_b"":588282281,""priority"":""3"",""node"":""kwok-node-9""},{""name"":""rs-15-p2-7p6h7"",""cpu_m"":431,""mem_b"":791971637,""priority"":""2"",""node"":""kwok-node-19""},{""name"":""rs-15-p2-djhmn"",""cpu_m"":431,""mem_b"":791971637,""priority"":""2"",""node"":""kwok-node-12""},{""name"":""rs-16-p2-pl7gf"",""cpu_m"":466,""mem_b"":480426823,""priority"":""2"",""node"":""kwok-node-17""},{""name"":""rs-16-p2-z9zv5"",""cpu_m"":466,""mem_b"":480426823,""priority"":""2"",""node"":""kwok-node-13""},{""name"":""rs-17-p4-n4n8w"",""cpu_m"":544,""mem_b"":125673871,""priority"":""4"",""node"":""kwok-node-11""},{""name"":""rs-18-p2-9jrkt"",""cpu_m"":455,""mem_b"":662081287,""priority"":""2"",""node"":""kwok-node-16""},{""name"":""rs-18-p2-9qzh6"",""cpu_m"":455,""mem_b"":662081287,""priority"":""2"",""node"":""kwok-node-20""},{""name"":""rs-18-p2-xbjtx"",""cpu_m"":455,""mem_b"":662081287,""priority"":""2"",""node"":""kwok-node-25""},{""name"":""rs-19-p3-gsxkh"",""cpu_m"":419,""mem_b"":454320963,""priority"":""3"",""node"":""kwok-node-3""},{""name"":""rs-19-p3-qtkbx"",""cpu_m"":419,""mem_b"":454320963,""priority"":""3"",""node"":""kwok-node-30""},{""name"":""rs-19-p3-sb4rk"",""cpu_m"":419,""mem_b"":454320963,""priority"":""3"",""node"":""kwok-node-29""},{""name"":""rs-19-p3-xm8gp"",""cpu_m"":419,""mem_b"":454320963,""priority"":""3"",""node"":""kwok-node-26""},{""name"":""rs-20-p3-6tkgn"",""cpu_m"":873,""mem_b"":250440413,""priority"":""3"",""node"":""kwok-node-31""},{""name"":""rs-20-p3-c8xtz"",""cpu_m"":873,""mem_b"":250440413,""priority"":""3"",""node"":""kwok-node-15""},{""name"":""rs-21-p4-69zzl"",""cpu_m"":297,""mem_b"":414977403,""priority"":""4"",""node"":""kwok-node-27""},{""name"":""rs-21-p4-8dqz8"",""cpu_m"":297,""mem_b"":414977403,""priority"":""4"",""node"":""kwok-node-28""},{""name"":""rs-21-p4-hddkk"",""cpu_m"":297,""mem_b"":414977403,""priority"":""4"",""node"":""kwok-node-4""},{""name"":""rs-22-p4-6vr8c"",""cpu_m"":484,""mem_b"":462134457,""priority"":""4"",""node"":""kwok-node-6""},{""name"":""rs-22-p4-l27nh"",""cpu_m"":484,""mem_b"":462134457,""priority"":""4"",""node"":""kwok-node-18""},{""name"":""rs-23-p2-769kl"",""cpu_m"":530,""mem_b"":190398924,""priority"":""2"",""node"":""kwok-node-14""},{""name"":""rs-23-p2-fnzbf"",""cpu_m"":530,""mem_b"":190398924,""priority"":""2"",""node"":""kwok-node-1""},{""name"":""rs-23-p2-r2fgc"",""cpu_m"":530,""mem_b"":190398924,""priority"":""2"",""node"":""kwok-node-32""},{""name"":""rs-23-p2-rkclm"",""cpu_m"":530,""mem_b"":190398924,""priority"":""2"",""node"":""kwok-node-5""},{""name"":""rs-24-p4-czwvf"",""cpu_m"":933,""mem_b"":923312056,""priority"":""4"",""node"":""kwok-node-23""},{""name"":""rs-24-p4-rqkmc"",""cpu_m"":933,""mem_b"":923312056,""priority"":""4"",""node"":""kwok-node-22""},{""name"":""rs-24-p4-sxtcj"",""cpu_m"":933,""mem_b"":923312056,""priority"":""4"",""node"":""kwok-node-24""},{""name"":""rs-25-p3-6mzx5"",""cpu_m"":998,""mem_b"":835912854,""priority"":""3"",""node"":""""},{""name"":""rs-25-p3-bw99l"",""cpu_m"":998,""mem_b"":835912854,""priority"":""3"",""node"":""kwok-node-13""},{""name"":""rs-25-p3-phdhn"",""cpu_m"":998,""mem_b"":835912854,""priority"":""3"",""node"":""""},{""name"":""rs-25-p3-pjccm"",""cpu_m"":998,""mem_b"":835912854,""priority"":""3"",""node"":""kwok-node-11""},{""name"":""rs-26-p2-9wjws"",""cpu_m"":170,""mem_b"":574908989,""priority"":""2"",""node"":""kwok-node-7""},{""name"":""rs-26-p2-bqsqb"",""cpu_m"":170,""mem_b"":574908989,""priority"":""2"",""node"":""kwok-node-9""},{""name"":""rs-26-p2-mf2tk"",""cpu_m"":170,""mem_b"":574908989,""priority"":""2"",""node"":""kwok-node-8""},{""name"":""rs-26-p2-nd7d5"",""cpu_m"":170,""mem_b"":574908989,""priority"":""2"",""node"":""kwok-node-28""},{""name"":""rs-27-p2-9rmvt"",""cpu_m"":423,""mem_b"":364035885,""priority"":""2"",""node"":""kwok-node-32""},{""name"":""rs-27-p2-vbng2"",""cpu_m"":423,""mem_b"":364035885,""priority"":""2"",""node"":""kwok-node-2""},{""name"":""rs-28-p3-xknkn"",""cpu_m"":686,""mem_b"":863716414,""priority"":""3"",""node"":""kwok-node-5""},{""name"":""rs-29-p2-8n6mk"",""cpu_m"":190,""mem_b"":784655200,""priority"":""2"",""node"":""kwok-node-15""},{""name"":""rs-29-p2-gtqmm"",""cpu_m"":190,""mem_b"":784655200,""priority"":""2"",""node"":""kwok-node-27""},{""name"":""rs-29-p2-rfpd7"",""cpu_m"":190,""mem_b"":784655200,""priority"":""2"",""node"":""kwok-node-26""},{""name"":""rs-30-p1-2h6h5"",""cpu_m"":685,""mem_b"":357434238,""priority"":""1"",""node"":""kwok-node-4""},{""name"":""rs-30-p1-64mq8"",""cpu_m"":685,""mem_b"":357434238,""priority"":""1"",""node"":""kwok-node-21""},{""name"":""rs-30-p1-hqjmg"",""cpu_m"":685,""mem_b"":357434238,""priority"":""1"",""node"":""kwok-node-12""},{""name"":""rs-30-p1-ljkct"",""cpu_m"":685,""mem_b"":357434238,""priority"":""1"",""node"":""kwok-node-19""},{""name"":""rs-31-p1-4n7wn"",""cpu_m"":213,""mem_b"":945838759,""priority"":""1"",""node"":""""},{""name"":""rs-31-p1-dzb5x"",""cpu_m"":213,""mem_b"":945838759,""priority"":""1"",""node"":""""},{""name"":""rs-31-p1-g9xfz"",""cpu_m"":213,""mem_b"":945838759,""priority"":""1"",""node"":""""},{""name"":""rs-31-p1-zqwzv"",""cpu_m"":213,""mem_b"":945838759,""priority"":""1"",""node"":""""},{""name"":""rs-32-p2-9b66l"",""cpu_m"":168,""mem_b"":632855887,""priority"":""2"",""node"":""kwok-node-17""},{""name"":""rs-32-p2-d5jbq"",""cpu_m"":168,""mem_b"":632855887,""priority"":""2"",""node"":""kwok-node-14""},{""name"":""rs-32-p2-lp7cr"",""cpu_m"":168,""mem_b"":632855887,""priority"":""2"",""node"":""kwok-node-10""},{""name"":""rs-32-p2-qwsmk"",""cpu_m"":168,""mem_b"":632855887,""priority"":""2"",""node"":""kwok-node-1""},{""name"":""rs-33-p3-dh68q"",""cpu_m"":973,""mem_b"":462544802,""priority"":""3"",""node"":""""},{""name"":""rs-33-p3-zbpxv"",""cpu_m"":973,""mem_b"":462544802,""priority"":""3"",""node"":""""},{""name"":""rs-34-p1-jcznq"",""cpu_m"":185,""mem_b"":751571544,""priority"":""1"",""node"":""kwok-node-3""},{""name"":""rs-34-p1-kstv8"",""cpu_m"":185,""mem_b"":751571544,""priority"":""1"",""node"":""kwok-node-8""},{""name"":""rs-34-p1-mfxqk"",""cpu_m"":185,""mem_b"":751571544,""priority"":""1"",""node"":""kwok-node-7""},{""name"":""rs-34-p1-n8c59"",""cpu_m"":185,""mem_b"":751571544,""priority"":""1"",""node"":""kwok-node-9""},{""name"":""rs-35-p3-728mr"",""cpu_m"":938,""mem_b"":100914134,""priority"":""3"",""node"":""""},{""name"":""rs-35-p3-9cngh"",""cpu_m"":938,""mem_b"":100914134,""priority"":""3"",""node"":""""},{""name"":""rs-35-p3-bq2pc"",""cpu_m"":938,""mem_b"":100914134,""priority"":""3"",""node"":""""},{""name"":""rs-35-p3-zlk57"",""cpu_m"":938,""mem_b"":100914134,""priority"":""3"",""node"":""""},{""name"":""rs-36-p1-t72mc"",""cpu_m"":547,""mem_b"":432950350,""priority"":""1"",""node"":""kwok-node-30""},{""name"":""rs-37-p2-5rbwr"",""cpu_m"":284,""mem_b"":294470384,""priority"":""2"",""node"":""kwok-node-16""},{""name"":""rs-37-p2-jdhj4"",""cpu_m"":284,""mem_b"":294470384,""priority"":""2"",""node"":""kwok-node-18""},{""name"":""rs-37-p2-kpkfx"",""cpu_m"":284,""mem_b"":294470384,""priority"":""2"",""node"":""kwok-node-6""},{""name"":""rs-37-p2-zfcnv"",""cpu_m"":284,""mem_b"":294470384,""priority"":""2"",""node"":""kwok-node-29""},{""name"":""rs-38-p3-k8tpz"",""cpu_m"":832,""mem_b"":217478363,""priority"":""3"",""node"":""""},{""name"":""rs-38-p3-kwlr8"",""cpu_m"":832,""mem_b"":217478363,""priority"":""3"",""node"":""""},{""name"":""rs-38-p3-nf5wh"",""cpu_m"":832,""mem_b"":217478363,""priority"":""3"",""node"":""""},{""name"":""rs-39-p1-mcqnr"",""cpu_m"":531,""mem_b"":523986004,""priority"":""1"",""node"":""kwok-node-25""},{""name"":""rs-39-p1-tvrpv"",""cpu_m"":531,""mem_b"":523986004,""priority"":""1"",""node"":""kwok-node-20""},{""name"":""rs-40-p2-9z2zj"",""cpu_m"":617,""mem_b"":794813649,""priority"":""2"",""node"":""""},{""name"":""rs-40-p2-rngpt"",""cpu_m"":617,""mem_b"":794813649,""priority"":""2"",""node"":""""},{""name"":""rs-40-p2-rt22z"",""cpu_m"":617,""mem_b"":794813649,""priority"":""2"",""node"":""""},{""name"":""rs-41-p4-g7pvq"",""cpu_m"":149,""mem_b"":535026885,""priority"":""4"",""node"":""kwok-node-31""},{""name"":""rs-41-p4-tpvbq"",""cpu_m"":149,""mem_b"":535026885,""priority"":""4"",""node"":""kwok-node-29""},{""name"":""rs-42-p4-4vmm6"",""cpu_m"":661,""mem_b"":664585704,""priority"":""4"",""node"":""""},{""name"":""rs-42-p4-f7sqj"",""cpu_m"":661,""mem_b"":664585704,""priority"":""4"",""node"":""""},{""name"":""rs-42-p4-lcmsw"",""cpu_m"":661,""mem_b"":664585704,""priority"":""4"",""node"":""""},{""name"":""rs-43-p4-8l9h2"",""cpu_m"":720,""mem_b"":449934316,""priority"":""4"",""node"":""""},{""name"":""rs-44-p1-wddxm"",""cpu_m"":162,""mem_b"":735888539,""priority"":""1"",""node"":""""}]","[{""name"":""kwok-node-1"",""cap_cpu_m"":1773,""cap_mem_bytes"":2084027522},{""name"":""kwok-node-2"",""cap_cpu_m"":1773,""cap_mem_bytes"":2084027522},{""name"":""kwok-node-3"",""cap_cpu_m"":1773,""cap_mem_bytes"":2084027522},{""name"":""kwok-node-4"",""cap_cpu_m"":1773,""cap_mem_bytes"":2084027522},{""name"":""kwok-node-5"",""cap_cpu_m"":1773,""cap_mem_bytes"":2084027522},{""name"":""kwok-node-6"",""cap_cpu_m"":1773,""cap_mem_bytes"":2084027522},{""name"":""kwok-node-7"",""cap_cpu_m"":1773,""cap_mem_bytes"":2084027522},{""name"":""kwok-node-8"",""cap_cpu_m"":1773,""cap_mem_bytes"":2084027522},{""name"":""kwok-node-9"",""cap_cpu_m"":1773,""cap_mem_bytes"":2084027522},{""name"":""kwok-node-10"",""cap_cpu_m"":1773,""cap_mem_bytes"":2084027522},{""name"":""kwok-node-11"",""cap_cpu_m"":1773,""cap_mem_bytes"":2084027522},{""name"":""kwok-node-12"",""cap_cpu_m"":1773,""cap_mem_bytes"":2084027522},{""name"":""kwok-node-13"",""cap_cpu_m"":1773,""cap_mem_bytes"":2084027522},{""name"":""kwok-node-14"",""cap_cpu_m"":1773,""cap_mem_bytes"":2084027522},{""name"":""kwok-node-15"",""cap_cpu_m"":1773,""cap_mem_bytes"":2084027522},{""name"":""kwok-node-16"",""cap_cpu_m"":1773,""cap_mem_bytes"":2084027522},{""name"":""kwok-node-17"",""cap_cpu_m"":1773,""cap_mem_bytes"":2084027522},{""name"":""kwok-node-18"",""cap_cpu_m"":1773,""cap_mem_bytes"":2084027522},{""name"":""kwok-node-19"",""cap_cpu_m"":1773,""cap_mem_bytes"":2084027522},{""name"":""kwok-node-20"",""cap_cpu_m"":1773,""cap_mem_bytes"":2084027522},{""name"":""kwok-node-21"",""cap_cpu_m"":1773,""cap_mem_bytes"":2084027522},{""name"":""kwok-node-22"",""cap_cpu_m"":1773,""cap_mem_bytes"":2084027522},{""name"":""kwok-node-23"",""cap_cpu_m"":1773,""cap_mem_bytes"":2084027522},{""name"":""kwok-node-24"",""cap_cpu_m"":1773,""cap_mem_bytes"":2084027522},{""name"":""kwok-node-25"",""cap_cpu_m"":1773,""cap_mem_bytes"":2084027522},{""name"":""kwok-node-26"",""cap_cpu_m"":1773,""cap_mem_bytes"":2084027522},{""name"":""kwok-node-27"",""cap_cpu_m"":1773,""cap_mem_bytes"":2084027522},{""name"":""kwok-node-28"",""cap_cpu_m"":1773,""cap_mem_bytes"":2084027522},{""name"":""kwok-node-29"",""cap_cpu_m"":1773,""cap_mem_bytes"":2084027522},{""name"":""kwok-node-30"",""cap_cpu_m"":1773,""cap_mem_bytes"":2084027522},{""name"":""kwok-node-31"",""cap_cpu_m"":1773,""cap_mem_bytes"":2084027522},{""name"":""kwok-node-32"",""cap_cpu_m"":1773,""cap_mem_bytes"":2084027522}]"
2026/02/11/12:42:42,868345193988332467,,"{""evicted"":0,""moved"":0,""placed_by_priority"":{""1"":22,""2"":19,""3"":41,""4"":27}}",python,"{""evicted"":13,""moved"":7,""placed_by_priority"":{""1"":9,""2"":25,""3"":46,""4"":27}}",972,FEASIBLE,"[{""duration_ms"":972,""name"":""python"",""score"":{""evicted"":13,""moved"":7,""placed_by_priority"":{""1"":9,""2"":25,""3"":46,""4"":27}},""status"":""FEASIBLE""}]",0.897,0.810,0.864,0.849,53043,47893,57561062935,56563400476,107,109,21,19,"{""kwok-node-1"":2,""kwok-node-10"":4,""kwok-node-11"":3,""kwok-node-12"":2,""kwok-node-13"":3,""kwok-node-14"":2,""kwok-node-15"":3,""kwok-node-16"":2,""kwok-node-17"":2,""kwok-node-18"":4,""kwok-node-19"":4,""kwok-node-2"":4,""kwok-node-20"":3,""kwok-node-21"":4,""kwok-node-22"":3,""kwok-node-23"":4,""kwok-node-24"":3,""kwok-node-25"":4,""kwok-node-26"":3,""kwok-node-27"":3,""kwok-node-28"":4,""kwok-node-29"":5,""kwok-node-3"":4,""kwok-node-30"":4,""kwok-node-31"":4,""kwok-node-32"":3,""kwok-node-4"":3,""kwok-node-5"":4,""kwok-node-6"":4,""kwok-node-7"":3,""kwok-node-8"":3,""kwok-node-9"":4}","{""kwok-node-1"":3,""kwok-node-10"":3,""kwok-node-11"":3,""kwok-node-12"":3,""kwok-node-13"":3,""kwok-node-14"":2,""kwok-node-15"":3,""kwok-node-16"":3,""kwok-node-17"":3,""kwok-node-18"":4,""kwok-node-19"":3,""kwok-node-2"":4,""kwok-node-20"":3,""kwok-node-21"":4,""kwok-node-22"":4,""kwok-node-23"":3,""kwok-node-24"":3,""kwok-node-25"":4,""kwok-node-26"":3,""kwok-node-27"":3,""kwok-node-28"":4,""kwok-node-29"":5,""kwok-node-3"":4,""kwok-node-30"":4,""kwok-node-31"":3,""kwok-node-32"":3,""kwok-node-4"":4,""kwok-node-5"":4,""kwok-node-6"":3,""kwok-node-7"":3,""kwok-node-8"":4,""kwok-node-9"":4}","{""p1"":9,""p2"":25,""p3"":46,""p4"":27}","{""p1"":22,""p2"":19,""p3"":41,""p4"":27}","{""p1"":21}","{""p1"":8,""p2"":6,""p3"":5}","{rs-03-p1-65sjf,rs-03-p1-8m6c5,rs-11-p1-q7szc,rs-11-p1-xb6mq,rs-13-p1-rxjl7,rs-29-p1-46jz9,rs-29-p1-jf9mn,rs-31-p1-9lr86,rs-31-p1-s8v87,rs-31-p1-v22vg,rs-32-p1-459z5,rs-32-p1-45m2v,rs-32-p1-6swwc,rs-41-p1-8st6g,rs-41-p1-9r7v8,rs-41-p1-nh85b,rs-41-p1-qbq8p,rs-45-p1-4jlgz,rs-45-p1-6jlqj,rs-45-p1-c6zq4,rs-46-p1-2pbnx}","{rs-37-p2-6rwxz,rs-37-p2-6v6jz,rs-37-p2-v6bbp,rs-37-p2-x75nc,rs-39-p3-ptbnp,rs-41-p1-8st6g,rs-41-p1-9r7v8,rs-41-p1-nh85b,rs-41-p1-qbq8p,rs-42-p3-75bfh,rs-42-p3-cb89h,rs-42-p3-jpxkc,rs-42-p3-x5569,rs-45-p1-4jlgz,rs-45-p1-6jlqj,rs-45-p1-c6zq4,rs-46-p1-2pbnx,rs-47-p2-dmk9n,rs-48-p2-fh8qk}","{rs-01-p2-mxdw4,rs-01-p2-s4jsp,rs-02-p3-ftn9q,rs-02-p3-zskkl,rs-03-p1-ll7qt,rs-04-p2-vbl4k,rs-05-p2-hskvg,rs-05-p2-zxjgs,rs-06-p2-98hnz,rs-07-p3-f27qs,rs-07-p3-wvtsb,rs-08-p4-2skxj,rs-08-p4-4bn7w,rs-08-p4-n5xpk,rs-09-p2-24wt7,rs-09-p2-dq5nk,rs-09-p2-t58jk,rs-09-p2-v89sp,rs-10-p3-84gj9,rs-10-p3-gfwkh,rs-10-p3-nqgfb,rs-10-p3-r5mgj,rs-12-p4-k58wc,rs-12-p4-mjdtx,rs-12-p4-nnlx8,rs-12-p4-vdnxr,rs-13-p1-8chr5,rs-13-p1-9h2sg,rs-14-p4-krdwf,rs-14-p4-v7q8b,rs-15-p2-4c5fv,rs-15-p2-84b6n,rs-15-p2-tmhwc,rs-16-p2-2h9c6,rs-16-p2-2hq68,rs-16-p2-b4ct2,rs-16-p2-zzgg5,rs-17-p4-8qdbq,rs-17-p4-ddlb6,rs-17-p4-hrwm8,rs-18-p4-ln67g,rs-19-p3-d5jpr,rs-19-p3-s58gf,rs-19-p3-z8wh5,rs-20-p3-ktbgq,rs-20-p3-rjc7t,rs-20-p3-tlfzt,rs-21-p4-c4kxq,rs-21-p4-nwdfq,rs-21-p4-q2jqf,rs-21-p4-qm7p7,rs-22-p3-7qswd,rs-22-p3-b8hkk,rs-22-p3-c2sps,rs-22-p3-nbkvw,rs-23-p3-7fm2x,rs-23-p3-ftvzj,rs-23-p3-lvz6g,rs-23-p3-nqrgp,rs-24-p3-fcp4n,rs-24-p3-rfs8q,rs-24-p3-x9ctf,rs-25-p3-5btld,rs-26-p1-5xkqk,rs-27-p4-94p4m,rs-27-p4-jzhfn,rs-28-p4-qh9js,rs-29-p1-9bpkc,rs-30-p3-8nwpz,rs-30-p3-cpcrs,rs-30-p3-mlcxh,rs-30-p3-nllnz,rs-31-p1-246hg,rs-32-p1-qjv9z,rs-33-p4-6q7vc,rs-33-p4-z7gsb,rs-34-p1-p995s,rs-34-p1-z9dmv,rs-35-p3-4nf95,rs-35-p3-7btnx,rs-35-p3-ssmmd,rs-36-p3-pt8qg,rs-36-p3-v5v99,rs-37-p2-6rwxz,rs-37-p2-6v6jz,rs-37-p2-v6bbp,rs-37-p2-x75nc,rs-38-p3-2hf6q,rs-38-p3-g46bl,rs-38-p3-z2gfp,rs-39-p3-5sf97,rs-39-p3-6bq8v,rs-39-p3-gvrm6,rs-39-p3-ptbnp,rs-40-p4-bvf2h,rs-40-p4-lsflv,rs-40-p4-vmkw8,rs-42-p3-75bfh,rs-42-p3-cb89h,rs-42-p3-jpxkc,rs-42-p3-x5569,rs-43-p4-dbs5z,rs-43-p4-fvhhr,rs-44-p2-8fwkf,rs-44-p2-9qrj8,rs-47-p2-dmk9n,rs-48-p2-fh8qk}","{rs-01-p2-mxdw4,rs-01-p2-s4jsp,rs-02-p3-ftn9q,rs-02-p3-zskkl,rs-03-p1-6jh2x,rs-03-p1-lngkx,rs-03-p1-tk4cl,rs-04-p2-vbl4k,rs-05-p2-hskvg,rs-05-p2-zxjgs,rs-06-p2-98hnz,rs-07-p3-f27qs,rs-07-p3-wvtsb,rs-08-p4-2skxj,rs-08-p4-4bn7w,rs-08-p4-n5xpk,rs-09-p2-24wt7,rs-09-p2-dq5nk,rs-09-p2-t58jk,rs-09-p2-v89sp,rs-10-p3-84gj9,rs-10-p3-gfwkh,rs-10-p3-nqgfb,rs-10-p3-r5mgj,rs-11-p1-6n6wk,rs-11-p1-fmm8h,rs-12-p4-k58wc,rs-12-p4-mjdtx,rs-12-p4-nnlx8,rs-12-p4-vdnxr,rs-13-p1-djzlp,rs-13-p1-j74lz,rs-13-p1-mwkwm,rs-14-p4-krdwf,rs-14-p4-v7q8b,rs-15-p2-4c5fv,rs-15-p2-r78zd,rs-15-p2-tmhwc,rs-16-p2-2h9c6,rs-16-p2-2hq68,rs-16-p2-b4ct2,rs-16-p2-wgqzc,rs-17-p4-8qdbq,rs-17-p4-ddlb6,rs-17-p4-hrwm8,rs-18-p4-ln67g,rs-19-p3-d5jpr,rs-19-p3-s58gf,rs-19-p3-z8wh5,rs-20-p3-ktbgq,rs-20-p3-rjc7t,rs-20-p3-tlfzt,rs-21-p4-c4kxq,rs-21-p4-nwdfq,rs-21-p4-q2jqf,rs-21-p4-qm7p7,rs-22-p3-7qswd,rs-22-p3-b8hkk,rs-22-p3-c2sps,rs-22-p3-nbkvw,rs-23-p3-7fm2x,rs-23-p3-ftvzj,rs-23-p3-lvz6g,rs-23-p3-nqrgp,rs-24-p3-fcp4n,rs-24-p3-rfs8q,rs-24-p3-x9ctf,rs-25-p3-5btld,rs-26-p1-mt4q2,rs-27-p4-94p4m,rs-27-p4-jzhfn,rs-28-p4-qh9js,rs-29-p1-2kwnv,rs-29-p1-9bpkc,rs-29-p1-fzlbx,rs-30-p3-8nwpz,rs-30-p3-cpcrs,rs-30-p3-mlcxh,rs-30-p3-nllnz,rs-31-p1-246hg,rs-31-p1-4gs82,rs-31-p1-72stt,rs-31-p1-k5hb5,rs-32-p1-7lltx,rs-32-p1-cqnhq,rs-32-p1-qjv9z,rs-32-p1-stghz,rs-33-p4-6q7vc,rs-33-p4-z7gsb,rs-34-p1-6c5sh,rs-34-p1-p995s,rs-35-p3-4nf95,rs-35-p3-7btnx,rs-35-p3-ssmmd,rs-36-p3-pt8qg,rs-36-p3-v5v99,rs-38-p3-2hf6q,rs-38-p3-g46bl,rs-38-p3-z2gfp,rs-39-p3-5sf97,rs-39-p3-6bq8v,rs-39-p3-gvrm6,rs-40-p4-bvf2h,rs-40-p4-lsflv,rs-40-p4-vmkw8,rs-43-p4-dbs5z,rs-43-p4-fvhhr,rs-44-p2-8fwkf,rs-44-p2-9qrj8}","[{""name"":""rs-01-p2-mxdw4"",""cpu_m"":818,""mem_b"":896503017,""priority"":""2"",""node"":""kwok-node-14""},{""name"":""rs-01-p2-s4jsp"",""cpu_m"":818,""mem_b"":896503017,""priority"":""2"",""node"":""kwok-node-12""},{""name"":""rs-02-p3-ftn9q"",""cpu_m"":948,""mem_b"":326121426,""priority"":""3"",""node"":""kwok-node-13""},{""name"":""rs-02-p3-zskkl"",""cpu_m"":948,""mem_b"":326121426,""priority"":""3"",""node"":""kwok-node-10""},{""name"":""rs-03-p1-65sjf"",""cpu_m"":336,""mem_b"":740840077,""priority"":""1"",""node"":""""},{""name"":""rs-03-p1-8m6c5"",""cpu_m"":336,""mem_b"":740840077,""priority"":""1"",""node"":""""},{""name"":""rs-03-p1-ll7qt"",""cpu_m"":336,""mem_b"":740840077,""priority"":""1"",""node"":""kwok-node-6""},{""name"":""rs-04-p2-vbl4k"",""cpu_m"":892,""mem_b"":181325648,""priority"":""2"",""node"":""kwok-node-20""},{""name"":""rs-05-p2-hskvg"",""cpu_m"":508,""mem_b"":776058126,""priority"":""2"",""node"":""kwok-node-15""},{""name"":""rs-05-p2-zxjgs"",""cpu_m"":508,""mem_b"":776058126,""priority"":""2"",""node"":""kwok-node-11""},{""name"":""rs-06-p2-98hnz"",""cpu_m"":164,""mem_b"":120026358,""priority"":""2"",""node"":""kwok-node-22""},{""name"":""rs-07-p3-f27qs"",""cpu_m"":707,""mem_b"":826046353,""priority"":""3"",""node"":""kwok-node-19""},{""name"":""rs-07-p3-wvtsb"",""cpu_m"":707,""mem_b"":826046353,""priority"":""3"",""node"":""kwok-node-21""},{""name"":""rs-08-p4-2skxj"",""cpu_m"":178,""mem_b"":624834984,""priority"":""4"",""node"":""kwok-node-23""},{""name"":""rs-08-p4-4bn7w"",""cpu_m"":178,""mem_b"":624834984,""priority"":""4"",""node"":""kwok-node-24""},{""name"":""rs-08-p4-n5xpk"",""cpu_m"":178,""mem_b"":624834984,""priority"":""4"",""node"":""kwok-node-27""},{""name"":""rs-09-p2-24wt7"",""cpu_m"":795,""mem_b"":263189689,""priority"":""2"",""node"":""kwok-node-18""},{""name"":""rs-09-p2-dq5nk"",""cpu_m"":795,""mem_b"":263189689,""priority"":""2"",""node"":""kwok-node-25""},{""name"":""rs-09-p2-t58jk"",""cpu_m"":795,""mem_b"":263189689,""priority"":""2"",""node"":""kwok-node-28""},{""name"":""rs-09-p2-v89sp"",""cpu_m"":795,""mem_b"":263189689,""priority"":""2"",""node"":""kwok-node-2""},{""name"":""rs-10-p3-84gj9"",""cpu_m"":418,""mem_b"":143107851,""priority"":""3"",""node"":""kwok-node-3""},{""name"":""rs-10-p3-gfwkh"",""cpu_m"":418,""mem_b"":143107851,""priority"":""3"",""node"":""kwok-node-29""},{""name"":""rs-10-p3-nqgfb"",""cpu_m"":418,""mem_b"":143107851,""priority"":""3"",""node"":""kwok-node-26""},{""name"":""rs-10-p3-r5mgj"",""cpu_m"":418,""mem_b"":143107851,""priority"":""3"",""node"":""kwok-node-30""},{""name"":""rs-11-p1-q7szc"",""cpu_m"":415,""mem_b"":486750499,""priority"":""1"",""node"":""""},{""name"":""rs-11-p1-xb6mq"",""cpu_m"":415,""mem_b"":486750499,""priority"":""1"",""node"":""""},{""name"":""rs-12-p4-k58wc"",""cpu_m"":841,""mem_b"":724372116,""priority"":""4"",""node"":""kwok-node-24""},{""name"":""rs-12-p4-mjdtx"",""cpu_m"":841,""mem_b"":724372116,""priority"":""4"",""node"":""kwok-node-27""},{""name"":""rs-12-p4-nnlx8"",""cpu_m"":841,""mem_b"":724372116,""priority"":""4"",""node"":""kwok-node-31""},{""name"":""rs-12-p4-vdnxr"",""cpu_m"":841,""mem_b"":724372116,""priority"":""4"",""node"":""kwok-node-23""},{""name"":""rs-13-p1-8chr5"",""cpu_m"":476,""mem_b"":133231479,""priority"":""1"",""node"":""kwok-node-23""},{""name"":""rs-13-p1-9h2sg"",""cpu_m"":476,""mem_b"":133231479,""priority"":""1"",""node"":""kwok-node-19""},{""name"":""rs-13-p1-rxjl7"",""cpu_m"":476,""mem_b"":133231479,""priority"":""1"",""node"":""""},{""name"":""rs-14-p4-krdwf"",""cpu_m"":516,""mem_b"":306769710,""priority"":""4"",""node"":""kwok-node-5""},{""name"":""rs-14-p4-v7q8b"",""cpu_m"":516,""mem_b"":306769710,""priority"":""4"",""node"":""kwok-node-32""},{""name"":""rs-15-p2-4c5fv"",""cpu_m"":639,""mem_b"":564672316,""priority"":""2"",""node"":""kwok-node-3""},{""name"":""rs-15-p2-84b6n"",""cpu_m"":639,""mem_b"":564672316,""priority"":""2"",""node"":""kwok-node-5""},{""name"":""rs-15-p2-tmhwc"",""cpu_m"":639,""mem_b"":564672316,""priority"":""2"",""node"":""kwok-node-9""},{""name"":""rs-16-p2-2h9c6"",""cpu_m"":747,""mem_b"":261510884,""priority"":""2"",""node"":""kwok-node-1""},{""name"":""rs-16-p2-2hq68"",""cpu_m"":747,""mem_b"":261510884,""priority"":""2"",""node"":""kwok-node-17""},{""name"":""rs-16-p2-b4ct2"",""cpu_m"":747,""mem_b"":261510884,""priority"":""2"",""node"":""kwok-node-16""},{""name"":""rs-16-p2-zzgg5"",""cpu_m"":747,""mem_b"":261510884,""priority"":""2"",""node"":""kwok-node-30""},{""name"":""rs-17-p4-8qdbq"",""cpu_m"":278,""mem_b"":247682058,""priority"":""4"",""node"":""kwok-node-8""},{""name"":""rs-17-p4-ddlb6"",""cpu_m"":278,""mem_b"":247682058,""priority"":""4"",""node"":""kwok-node-4""},{""name"":""rs-17-p4-hrwm8"",""cpu_m"":278,""mem_b"":247682058,""priority"":""4"",""node"":""kwok-node-29""},{""name"":""rs-18-p4-ln67g"",""cpu_m"":567,""mem_b"":932063995,""priority"":""4"",""node"":""kwok-node-7""},{""name"":""rs-19-p3-d5jpr"",""cpu_m"":823,""mem_b"":478417947,""priority"":""3"",""node"":""kwok-node-15""},{""name"":""rs-19-p3-s58gf"",""cpu_m"":823,""mem_b"":478417947,""priority"":""3"",""node"":""kwok-node-32""},{""name"":""rs-19-p3-z8wh5"",""cpu_m"":823,""mem_b"":478417947,""priority"":""3"",""node"":""kwok-node-11""},{""name"":""rs-20-p3-ktbgq"",""cpu_m"":535,""mem_b"":207196568,""priority"":""3"",""node"":""kwok-node-6""},{""name"":""rs-20-p3-rjc7t"",""cpu_m"":535,""mem_b"":207196568,""priority"":""3"",""node"":""kwok-node-22""},{""name"":""rs-20-p3-tlfzt"",""cpu_m"":535,""mem_b"":207196568,""priority"":""3"",""node"":""kwok-node-5""},{""name"":""rs-21-p4-c4kxq"",""cpu_m"":433,""mem_b"":306837497,""priority"":""4"",""node"":""kwok-node-29""},{""name"":""rs-21-p4-nwdfq"",""cpu_m"":433,""mem_b"":306837497,""priority"":""4"",""node"":""kwok-node-9""},{""name"":""rs-21-p4-q2jqf"",""cpu_m"":433,""mem_b"":306837497,""priority"":""4"",""node"":""kwok-node-21""},{""name"":""rs-21-p4-qm7p7"",""cpu_m"":433,""mem_b"":306837497,""priority"":""4"",""node"":""kwok-node-19""},{""name"":""rs-22-p3-7qswd"",""cpu_m"":160,""mem_b"":708805093,""priority"":""3"",""node"":""kwok-node-2""},{""name"":""rs-22-p3-b8hkk"",""cpu_m"":160,""mem_b"":708805093,""priority"":""3"",""node"":""kwok-node-28""},{""name"":""rs-22-p3-c2sps"",""cpu_m"":160,""mem_b"":708805093,""priority"":""3"",""node"":""kwok-node-25""},{""name"":""rs-22-p3-nbkvw"",""cpu_m"":160,""mem_b"":708805093,""priority"":""3"",""node"":""kwok-node-18""},{""name"":""rs-23-p3-7fm2x"",""cpu_m"":320,""mem_b"":572605460,""priority"":""3"",""node"":""kwok-node-31""},{""name"":""rs-23-p3-ftvzj"",""cpu_m"":320,""mem_b"":572605460,""priority"":""3"",""node"":""kwok-node-4""},{""name"":""rs-23-p3-lvz6g"",""cpu_m"":320,""mem_b"":572605460,""priority"":""3"",""node"":""kwok-node-30""},{""name"":""rs-23-p3-nqrgp"",""cpu_m"":320,""mem_b"":572605460,""priority"":""3"",""node"":""kwok-node-8""},{""name"":""rs-24-p3-fcp4n"",""cpu_m"":344,""mem_b"":558900532,""priority"":""3"",""node"":""kwok-node-20""},{""name"":""rs-24-p3-rfs8q"",""cpu_m"":344,""mem_b"":558900532,""priority"":""3"",""node"":""kwok-node-13""},{""name"":""rs-24-p3-x9ctf"",""cpu_m"":344,""mem_b"":558900532,""priority"":""3"",""node"":""kwok-node-10""},{""name"":""rs-25-p3-5btld"",""cpu_m"":914,""mem_b"":731250018,""priority"":""3"",""node"":""kwok-node-14""},{""name"":""rs-26-p1-5xkqk"",""cpu_m"":323,""mem_b"":306170267,""priority"":""1"",""node"":""kwok-node-31""},{""name"":""rs-27-p4-94p4m"",""cpu_m"":123,""mem_b"":396057587,""priority"":""4"",""node"":""kwok-node-3""},{""name"":""rs-27-p4-jzhfn"",""cpu_m"":123,""mem_b"":396057587,""priority"":""4"",""node"":""kwok-node-5""},{""name"":""rs-28-p4-qh9js"",""cpu_m"":171,""mem_b"":528615955,""priority"":""4"",""node"":""kwok-node-9""},{""name"":""rs-29-p1-46jz9"",""cpu_m"":203,""mem_b"":568538325,""priority"":""1"",""node"":""""},{""name"":""rs-29-p1-9bpkc"",""cpu_m"":203,""mem_b"":568538325,""priority"":""1"",""node"":""kwok-node-29""},{""name"":""rs-29-p1-jf9mn"",""cpu_m"":203,""mem_b"":568538325,""priority"":""1"",""node"":""""},{""name"":""rs-30-p3-8nwpz"",""cpu_m"":366,""mem_b"":184845375,""priority"":""3"",""node"":""kwok-node-25""},{""name"":""rs-30-p3-cpcrs"",""cpu_m"":366,""mem_b"":184845375,""priority"":""3"",""node"":""kwok-node-2""},{""name"":""rs-30-p3-mlcxh"",""cpu_m"":366,""mem_b"":184845375,""priority"":""3"",""node"":""kwok-node-18""},{""name"":""rs-30-p3-nllnz"",""cpu_m"":366,""mem_b"":184845375,""priority"":""3"",""node"":""kwok-node-28""},{""name"":""rs-31-p1-246hg"",""cpu_m"":451,""mem_b"":940912084,""priority"":""1"",""node"":""kwok-node-26""},{""name"":""rs-31-p1-9lr86"",""cpu_m"":451,""mem_b"":940912084,""priority"":""1"",""node"":""""},{""name"":""rs-31-p1-s8v87"",""cpu_m"":451,""mem_b"":940912084,""priority"":""1"",""node"":""""},{""name"":""rs-31-p1-v22vg"",""cpu_m"":451,""mem_b"":940912084,""priority"":""1"",""node"":""""},{""name"":""rs-32-p1-459z5"",""cpu_m"":281,""mem_b"":597161323,""priority"":""1"",""node"":""""},{""name"":""rs-32-p1-45m2v"",""cpu_m"":281,""mem_b"":597161323,""priority"":""1"",""node"":""""},{""name"":""rs-32-p1-6swwc"",""cpu_m"":281,""mem_b"":597161323,""priority"":""1"",""node"":""""},{""name"":""rs-32-p1-qjv9z"",""cpu_m"":281,""mem_b"":597161323,""priority"":""1"",""node"":""kwok-node-7""},{""name"":""rs-33-p4-6q7vc"",""cpu_m"":267,""mem_b"":988695893,""priority"":""4"",""node"":""kwok-node-32""},{""name"":""rs-33-p4-z7gsb"",""cpu_m"":267,""mem_b"":988695893,""priority"":""4"",""node"":""kwok-node-20""},{""name"":""rs-34-p1-p995s"",""cpu_m"":147,""mem_b"":123512837,""priority"":""1"",""node"":""kwok-node-21""},{""name"":""rs-34-p1-z9dmv"",""cpu_m"":147,""mem_b"":123512837,""priority"":""1"",""node"":""kwok-node-10""},{""name"":""rs-35-p3-4nf95"",""cpu_m"":299,""mem_b"":874992750,""priority"":""3"",""node"":""kwok-node-13""},{""name"":""rs-35-p3-7btnx"",""cpu_m"":299,""mem_b"":874992750,""priority"":""3"",""node"":""kwok-node-3""},{""name"":""rs-35-p3-ssmmd"",""cpu_m"":299,""mem_b"":874992750,""priority"":""3"",""node"":""kwok-node-10""},{""name"":""rs-36-p3-pt8qg"",""cpu_m"":188,""mem_b"":745455838,""priority"":""3"",""node"":""kwok-node-19""},{""name"":""rs-36-p3-v5v99"",""cpu_m"":188,""mem_b"":745455838,""priority"":""3"",""node"":""kwok-node-28""},{""name"":""rs-37-p2-6rwxz"",""cpu_m"":978,""mem_b"":984142903,""priority"":""2"",""node"":""kwok-node-1""},{""name"":""rs-37-p2-6v6jz"",""cpu_m"":978,""mem_b"":984142903,""priority"":""2"",""node"":""kwok-node-26""},{""name"":""rs-37-p2-v6bbp"",""cpu_m"":978,""mem_b"":984142903,""priority"":""2"",""node"":""kwok-node-17""},{""name"":""rs-37-p2-x75nc"",""cpu_m"":978,""mem_b"":984142903,""priority"":""2"",""node"":""kwok-node-16""},{""name"":""rs-38-p3-2hf6q"",""cpu_m"":346,""mem_b"":453562947,""priority"":""3"",""node"":""kwok-node-30""},{""name"":""rs-38-p3-g46bl"",""cpu_m"":346,""mem_b"":453562947,""priority"":""3"",""node"":""kwok-node-31""},{""name"":""rs-38-p3-z2gfp"",""cpu_m"":346,""mem_b"":453562947,""priority"":""3"",""node"":""kwok-node-23""},{""name"":""rs-39-p3-5sf97"",""cpu_m"":127,""mem_b"":844927222,""priority"":""3"",""node"":""kwok-node-2""},{""name"":""rs-39-p3-6bq8v"",""cpu_m"":127,""mem_b"":844927222,""priority"":""3"",""node"":""kwok-node-25""},{""name"":""rs-39-p3-gvrm6"",""cpu_m"":127,""mem_b"":844927222,""priority"":""3"",""node"":""kwok-node-18""},{""name"":""rs-39-p3-ptbnp"",""cpu_m"":127,""mem_b"":844927222,""priority"":""3"",""node"":""kwok-node-6""},{""name"":""rs-40-p4-bvf2h"",""cpu_m"":550,""mem_b"":622175164,""priority"":""4"",""node"":""kwok-node-9""},{""name"":""rs-40-p4-lsflv"",""cpu_m"":550,""mem_b"":622175164,""priority"":""4"",""node"":""kwok-node-27""},{""name"":""rs-40-p4-vmkw8"",""cpu_m"":550,""mem_b"":622175164,""priority"":""4"",""node"":""kwok-node-24""},{""name"":""rs-41-p1-8st6g"",""cpu_m"":895,""mem_b"":224685605,""priority"":""1"",""node"":""""},{""name"":""rs-41-p1-9r7v8"",""cpu_m"":895,""mem_b"":224685605,""priority"":""1"",""node"":""""},{""name"":""rs-41-p1-nh85b"",""cpu_m"":895,""mem_b"":224685605,""priority"":""1"",""node"":""""},{""name"":""rs-41-p1-qbq8p"",""cpu_m"":895,""mem_b"":224685605,""priority"":""1"",""node"":""""},{""name"":""rs-42-p3-75bfh"",""cpu_m"":981,""mem_b"":974229751,""priority"":""3"",""node"":""kwok-node-8""},{""name"":""rs-42-p3-cb89h"",""cpu_m"":981,""mem_b"":974229751,""priority"":""3"",""node"":""kwok-node-4""},{""name"":""rs-42-p3-jpxkc"",""cpu_m"":981,""mem_b"":974229751,""priority"":""3"",""node"":""kwok-node-12""},{""name"":""rs-42-p3-x5569"",""cpu_m"":981,""mem_b"":974229751,""priority"":""3"",""node"":""kwok-node-22""},{""name"":""rs-43-p4-dbs5z"",""cpu_m"":240,""mem_b"":737679373,""priority"":""4"",""node"":""kwok-node-21""},{""name"":""rs-43-p4-fvhhr"",""cpu_m"":240,""mem_b"":737679373,""priority"":""4"",""node"":""kwok-node-11""},{""name"":""rs-44-p2-8fwkf"",""cpu_m"":229,""mem_b"":485670161,""priority"":""2"",""node"":""kwok-node-29""},{""name"":""rs-44-p2-9qrj8"",""cpu_m"":229,""mem_b"":485670161,""priority"":""2"",""node"":""kwok-node-15""},{""name"":""rs-45-p1-4jlgz"",""cpu_m"":245,""mem_b"":782360701,""priority"":""1"",""node"":""""},{""name"":""rs-45-p1-6jlqj"",""cpu_m"":245,""mem_b"":782360701,""priority"":""1"",""node"":""""},{""name"":""rs-45-p1-c6zq4"",""cpu_m"":245,""mem_b"":782360701,""priority"":""1"",""node"":""""},{""name"":""rs-46-p1-2pbnx"",""cpu_m"":126,""mem_b"":844257532,""priority"":""1"",""node"":""""},{""name"":""rs-47-p2-dmk9n"",""cpu_m"":927,""mem_b"":417999015,""priority"":""2"",""node"":""kwok-node-7""},{""name"":""rs-48-p2-fh8qk"",""cpu_m"":840,""mem_b"":240955108,""priority"":""2"",""node"":""kwok-node-6""}]","[{""name"":""rs-01-p2-mxdw4"",""cpu_m"":818,""mem_b"":896503017,""priority"":""2"",""node"":""kwok-node-14""},{""name"":""rs-01-p2-s4jsp"",""cpu_m"":818,""mem_b"":896503017,""priority"":""2"",""node"":""kwok-node-12""},{""name"":""rs-02-p3-ftn9q"",""cpu_m"":948,""mem_b"":326121426,""priority"":""3"",""node"":""kwok-node-13""},{""name"":""rs-02-p3-zskkl"",""cpu_m"":948,""mem_b"":326121426,""priority"":""3"",""node"":""kwok-node-10""},{""name"":""rs-03-p1-6jh2x"",""cpu_m"":336,""mem_b"":740840077,""priority"":""1"",""node"":""kwok-node-17""},{""name"":""rs-03-p1-lngkx"",""cpu_m"":336,""mem_b"":740840077,""priority"":""1"",""node"":""kwok-node-16""},{""name"":""rs-03-p1-tk4cl"",""cpu_m"":336,""mem_b"":740840077,""priority"":""1"",""node"":""kwok-node-1""},{""name"":""rs-04-p2-vbl4k"",""cpu_m"":892,""mem_b"":181325648,""priority"":""2"",""node"":""kwok-node-20""},{""name"":""rs-05-p2-hskvg"",""cpu_m"":508,""mem_b"":776058126,""priority"":""2"",""node"":""kwok-node-15""},{""name"":""rs-05-p2-zxjgs"",""cpu_m"":508,""mem_b"":776058126,""priority"":""2"",""node"":""kwok-node-11""},{""name"":""rs-06-p2-98hnz"",""cpu_m"":164,""mem_b"":120026358,""priority"":""2"",""node"":""kwok-node-22""},{""name"":""rs-07-p3-f27qs"",""cpu_m"":707,""mem_b"":826046353,""priority"":""3"",""node"":""kwok-node-19""},{""name"":""rs-07-p3-wvtsb"",""cpu_m"":707,""mem_b"":826046353,""priority"":""3"",""node"":""kwok-node-21""},{""name"":""rs-08-p4-2skxj"",""cpu_m"":178,""mem_b"":624834984,""priority"":""4"",""node"":""kwok-node-23""},{""name"":""rs-08-p4-4bn7w"",""cpu_m"":178,""mem_b"":624834984,""priority"":""4"",""node"":""kwok-node-24""},{""name"":""rs-08-p4-n5xpk"",""cpu_m"":178,""mem_b"":624834984,""priority"":""4"",""node"":""kwok-node-27""},{""name"":""rs-09-p2-24wt7"",""cpu_m"":795,""mem_b"":263189689,""priority"":""2"",""node"":""kwok-node-18""},{""name"":""rs-09-p2-dq5nk"",""cpu_m"":795,""mem_b"":263189689,""priority"":""2"",""node"":""kwok-node-25""},{""name"":""rs-09-p2-t58jk"",""cpu_m"":795,""mem_b"":263189689,""priority"":""2"",""node"":""kwok-node-28""},{""name"":""rs-09-p2-v89sp"",""cpu_m"":795,""mem_b"":263189689,""priority"":""2"",""node"":""kwok-node-2""},{""name"":""rs-10-p3-84gj9"",""cpu_m"":418,""mem_b"":143107851,""priority"":""3"",""node"":""kwok-node-3""},{""name"":""rs-10-p3-gfwkh"",""cpu_m"":418,""mem_b"":143107851,""priority"":""3"",""node"":""kwok-node-29""},{""name"":""rs-10-p3-nqgfb"",""cpu_m"":418,""mem_b"":143107851,""priority"":""3"",""node"":""kwok-node-26""},{""name"":""rs-10-p3-r5mgj"",""cpu_m"":418,""mem_b"":143107851,""priority"":""3"",""node"":""kwok-node-30""},{""name"":""rs-11-p1-6n6wk"",""cpu_m"":415,""mem_b"":486750499,""priority"":""1"",""node"":""kwok-node-30""},{""name"":""rs-11-p1-fmm8h"",""cpu_m"":415,""mem_b"":486750499,""priority"":""1"",""node"":""kwok-node-22""},{""name"":""rs-12-p4-k58wc"",""cpu_m"":841,""mem_b"":724372116,""priority"":""4"",""node"":""kwok-node-24""},{""name"":""rs-12-p4-mjdtx"",""cpu_m"":841,""mem_b"":724372116,""priority"":""4"",""node"":""kwok-node-27""},{""name"":""rs-12-p4-nnlx8"",""cpu_m"":841,""mem_b"":724372116,""priority"":""4"",""node"":""kwok-node-31""},{""name"":""rs-12-p4-vdnxr"",""cpu_m"":841,""mem_b"":724372116,""priority"":""4"",""node"":""kwok-node-23""},{""name"":""rs-13-p1-djzlp"",""cpu_m"":476,""mem_b"":133231479,""priority"":""1"",""node"":""kwok-node-4""},{""name"":""rs-13-p1-j74lz"",""cpu_m"":476,""mem_b"":133231479,""priority"":""1"",""node"":""kwok-node-7""},{""name"":""rs-13-p1-mwkwm"",""cpu_m"":476,""mem_b"":133231479,""priority"":""1"",""node"":""kwok-node-8""},{""name"":""rs-14-p4-krdwf"",""cpu_m"":516,""mem_b"":306769710,""priority"":""4"",""node"":""kwok-node-5""},{""name"":""rs-14-p4-v7q8b"",""cpu_m"":516,""mem_b"":306769710,""priority"":""4"",""node"":""kwok-node-32""},{""name"":""rs-15-p2-4c5fv"",""cpu_m"":639,""mem_b"":564672316,""priority"":""2"",""node"":""kwok-node-3""},{""name"":""rs-15-p2-r78zd"",""cpu_m"":639,""mem_b"":564672316,""priority"":""2"",""node"":""kwok-node-6""},{""name"":""rs-15-p2-tmhwc"",""cpu_m"":639,""mem_b"":564672316,""priority"":""2"",""node"":""kwok-node-9""},{""name"":""rs-16-p2-2h9c6"",""cpu_m"":747,""mem_b"":261510884,""priority"":""2"",""node"":""kwok-node-1""},{""name"":""rs-16-p2-2hq68"",""cpu_m"":747,""mem_b"":261510884,""priority"":""2"",""node"":""kwok-node-17""},{""name"":""rs-16-p2-b4ct2"",""cpu_m"":747,""mem_b"":261510884,""priority"":""2"",""node"":""kwok-node-16""},{""name"":""rs-16-p2-wgqzc"",""cpu_m"":747,""mem_b"":261510884,""priority"":""2"",""node"":""kwok-node-26""},{""name"":""rs-17-p4-8qdbq"",""cpu_m"":278,""mem_b"":247682058,""priority"":""4"",""node"":""kwok-node-8""},{""name"":""rs-17-p4-ddlb6"",""cpu_m"":278,""mem_b"":247682058,""priority"":""4"",""node"":""kwok-node-4""},{""name"":""rs-17-p4-hrwm8"",""cpu_m"":278,""mem_b"":247682058,""priority"":""4"",""node"":""kwok-node-29""},{""name"":""rs-18-p4-ln67g"",""cpu_m"":567,""mem_b"":932063995,""priority"":""4"",""node"":""kwok-node-7""},{""name"":""rs-19-p3-d5jpr"",""cpu_m"":823,""mem_b"":478417947,""priority"":""3"",""node"":""kwok-node-15""},{""name"":""rs-19-p3-s58gf"",""cpu_m"":823,""mem_b"":478417947,""priority"":""3"",""node"":""kwok-node-32""},{""name"":""rs-19-p3-z8wh5"",""cpu_m"":823,""mem_b"":478417947,""priority"":""3"",""node"":""kwok-node-11""},{""name"":""rs-20-p3-ktbgq"",""cpu_m"":535,""mem_b"":207196568,""priority"":""3"",""node"":""kwok-node-6""},{""name"":""rs-20-p3-rjc7t"",""cpu_m"":535,""mem_b"":207196568,""priority"":""3"",""node"":""kwok-node-22""},{""name"":""rs-20-p3-tlfzt"",""cpu_m"":535,""mem_b"":207196568,""priority"":""3"",""node"":""kwok-node-5""},{""name"":""rs-21-p4-c4kxq"",""cpu_m"":433,""mem_b"":306837497,""priority"":""4"",""node"":""kwok-node-29""},{""name"":""rs-21-p4-nwdfq"",""cpu_m"":433,""mem_b"":306837497,""priority"":""4"",""node"":""kwok-node-9""},{""name"":""rs-21-p4-q2jqf"",""cpu_m"":433,""mem_b"":306837497,""priority"":""4"",""node"":""kwok-node-21""},{""name"":""rs-21-p4-qm7p7"",""cpu_m"":433,""mem_b"":306837497,""priority"":""4"",""node"":""kwok-node-19""},{""name"":""rs-22-p3-7qswd"",""cpu_m"":160,""mem_b"":708805093,""priority"":""3"",""node"":""kwok-node-2""},{""name"":""rs-22-p3-b8hkk"",""cpu_m"":160,""mem_b"":708805093,""priority"":""3"",""node"":""kwok-node-28""},{""name"":""rs-22-p3-c2sps"",""cpu_m"":160,""mem_b"":708805093,""priority"":""3"",""node"":""kwok-node-25""},{""name"":""rs-22-p3-nbkvw"",""cpu_m"":160,""mem_b"":708805093,""priority"":""3"",""node"":""kwok-node-18""},{""name"":""rs-23-p3-7fm2x"",""cpu_m"":320,""mem_b"":572605460,""priority"":""3"",""node"":""kwok-node-31""},{""name"":""rs-23-p3-ftvzj"",""cpu_m"":320,""mem_b"":572605460,""priority"":""3"",""node"":""kwok-node-4""},{""name"":""rs-23-p3-lvz6g"",""cpu_m"":320,""mem_b"":572605460,""priority"":""3"",""node"":""kwok-node-30""},{""name"":""rs-23-p3-nqrgp"",""cpu_m"":320,""mem_b"":572605460,""priority"":""3"",""node"":""kwok-node-8""},{""name"":""rs-24-p3-fcp4n"",""cpu_m"":344,""mem_b"":558900532,""priority"":""3"",""node"":""kwok-node-20""},{""name"":""rs-24-p3-rfs8q"",""cpu_m"":344,""mem_b"":558900532,""priority"":""3"",""node"":""kwok-node-13""},{""name"":""rs-24-p3-x9ctf"",""cpu_m"":344,""mem_b"":558900532,""priority"":""3"",""node"":""kwok-node-10""},{""name"":""rs-25-p3-5btld"",""cpu_m"":914,""mem_b"":731250018,""priority"":""3"",""node"":""kwok-node-14""},{""name"":""rs-26-p1-mt4q2"",""cpu_m"":323,""mem_b"":306170267,""priority"":""1"",""node"":""kwok-node-12""},{""name"":""rs-27-p4-94p4m"",""cpu_m"":123,""mem_b"":396057587,""priority"":""4"",""node"":""kwok-node-3""},{""name"":""rs-27-p4-jzhfn"",""cpu_m"":123,""mem_b"":396057587,""priority"":""4"",""node"":""kwok-node-5""},{""name"":""rs-28-p4-qh9js"",""cpu_m"":171,""mem_b"":528615955,""priority"":""4"",""node"":""kwok-node-9""},{""name"":""rs-29-p1-2kwnv"",""cpu_m"":203,""mem_b"":568538325,""priority"":""1"",""node"":""kwok-node-22""},{""name"":""rs-29-p1-9bpkc"",""cpu_m"":203,""mem_b"":568538325,""priority"":""1"",""node"":""kwok-node-29""},{""name"":""rs-29-p1-fzlbx"",""cpu_m"":203,""mem_b"":568538325,""priority"":""1"",""node"":""kwok-node-8""},{""name"":""rs-30-p3-8nwpz"",""cpu_m"":366,""mem_b"":184845375,""priority"":""3"",""node"":""kwok-node-25""},{""name"":""rs-30-p3-cpcrs"",""cpu_m"":366,""mem_b"":184845375,""priority"":""3"",""node"":""kwok-node-2""},{""name"":""rs-30-p3-mlcxh"",""cpu_m"":366,""mem_b"":184845375,""priority"":""3"",""node"":""kwok-node-18""},{""name"":""rs-30-p3-nllnz"",""cpu_m"":366,""mem_b"":184845375,""priority"":""3"",""node"":""kwok-node-28""},{""name"":""rs-31-p1-246hg"",""cpu_m"":451,""mem_b"":940912084,""priority"":""1"",""node"":""kwok-node-26""},{""name"":""rs-31-p1-4gs82"",""cpu_m"":451,""mem_b"":940912084,""priority"":""1"",""node"":""kwok-node-5""},{""name"":""rs-31-p1-72stt"",""cpu_m"":451,""mem_b"":940912084,""priority"":""1"",""node"":""kwok-node-4""},{""name"":""rs-31-p1-k5hb5"",""cpu_m"":451,""mem_b"":940912084,""priority"":""1"",""node"":""kwok-node-6""},{""name"":""rs-32-p1-7lltx"",""cpu_m"":281,""mem_b"":597161323,""priority"":""1"",""node"":""kwok-node-17""},{""name"":""rs-32-p1-cqnhq"",""cpu_m"":281,""mem_b"":597161323,""priority"":""1"",""node"":""kwok-node-16""},{""name"":""rs-32-p1-qjv9z"",""cpu_m"":281,""mem_b"":597161323,""priority"":""1"",""node"":""kwok-node-7""},{""name"":""rs-32-p1-stghz"",""cpu_m"":281,""mem_b"":597161323,""priority"":""1"",""node"":""kwok-node-1""},{""name"":""rs-33-p4-6q7vc"",""cpu_m"":267,""mem_b"":988695893,""priority"":""4"",""node"":""kwok-node-32""},{""name"":""rs-33-p4-z7gsb"",""cpu_m"":267,""mem_b"":988695893,""priority"":""4"",""node"":""kwok-node-20""},{""name"":""rs-34-p1-6c5sh"",""cpu_m"":147,""mem_b"":123512837,""priority"":""1"",""node"":""kwok-node-12""},{""name"":""rs-34-p1-p995s"",""cpu_m"":147,""mem_b"":123512837,""priority"":""1"",""node"":""kwok-node-21""},{""name"":""rs-35-p3-4nf95"",""cpu_m"":299,""mem_b"":874992750,""priority"":""3"",""node"":""kwok-node-13""},{""name"":""rs-35-p3-7btnx"",""cpu_m"":299,""mem_b"":874992750,""priority"":""3"",""node"":""kwok-node-3""},{""name"":""rs-35-p3-ssmmd"",""cpu_m"":299,""mem_b"":874992750,""priority"":""3"",""node"":""kwok-node-10""},{""name"":""rs-36-p3-pt8qg"",""cpu_m"":188,""mem_b"":745455838,""priority"":""3"",""node"":""kwok-node-19""},{""name"":""rs-36-p3-v5v99"",""cpu_m"":188,""mem_b"":745455838,""priority"":""3"",""node"":""kwok-node-28""},{""name"":""rs-37-p2-6rwxz"",""cpu_m"":978,""mem_b"":984142903,""priority"":""2"",""node"":""""},{""name"":""rs-37-p2-6v6jz"",""cpu_m"":978,""mem_b"":984142903,""priority"":""2"",""node"":""""},{""name"":""rs-37-p2-v6bbp"",""cpu_m"":978,""mem_b"":984142903,""priority"":""2"",""node"":""""},{""name"":""rs-37-p2-x75nc"",""cpu_m"":978,""mem_b"":984142903,""priority"":""2"",""node"":""""},{""name"":""rs-38-p3-2hf6q"",""cpu_m"":346,""mem_b"":453562947,""priority"":""3"",""node"":""kwok-node-30""},{""name"":""rs-38-p3-g46bl"",""cpu_m"":346,""mem_b"":453562947,""priority"":""3"",""node"":""kwok-node-31""},{""name"":""rs-38-p3-z2gfp"",""cpu_m"":346,""mem_b"":453562947,""priority"":""3"",""node"":""kwok-node-23""},{""name"":""rs-39-p3-5sf97"",""cpu_m"":127,""mem_b"":844927222,""priority"":""3"",""node"":""kwok-node-2""},{""name"":""rs-39-p3-6bq8v"",""cpu_m"":127,""mem_b"":844927222,""priority"":""3"",""node"":""kwok-node-25""},{""name"":""rs-39-p3-gvrm6"",""cpu_m"":127,""mem_b"":844927222,""priority"":""3"",""node"":""kwok-node-18""},{""name"":""rs-39-p3-ptbnp"",""cpu_m"":127,""mem_b"":844927222,""priority"":""3"",""node"":""""},{""name"":""rs-40-p4-bvf2h"",""cpu_m"":550,""mem_b"":622175164,""priority"":""4"",""node"":""kwok-node-9""},{""name"":""rs-40-p4-lsflv"",""cpu_m"":550,""mem_b"":622175164,""priority"":""4"",""node"":""kwok-node-27""},{""name"":""rs-40-p4-vmkw8"",""cpu_m"":550,""mem_b"":622175164,""priority"":""4"",""node"":""kwok-node-24""},{""name"":""rs-41-p1-8st6g"",""cpu_m"":895,""mem_b"":224685605,""priority"":""1"",""node"":""""},{""name"":""rs-41-p1-9r7v8"",""cpu_m"":895,""mem_b"":224685605,""priority"":""1"",""node"":""""},{""name"":""rs-41-p1-nh85b"",""cpu_m"":895,""mem_b"":224685605,""priority"":""1"",""node"":""""},{""name"":""rs-41-p1-qbq8p"",""cpu_m"":895,""mem_b"":224685605,""priority"":""1"",""node"":""""},{""name"":""rs-42-p3-75bfh"",""cpu_m"":981,""mem_b"":974229751,""priority"":""3"",""node"":""""},{""name"":""rs-42-p3-cb89h"",""cpu_m"":981,""mem_b"":974229751,""priority"":""3"",""node"":""""},{""name"":""rs-42-p3-jpxkc"",""cpu_m"":981,""mem_b"":974229751,""priority"":""3"",""node"":""""},{""name"":""rs-42-p3-x5569"",""cpu_m"":981,""mem_b"":974229751,""priority"":""3"",""node"":""""},{""name"":""rs-43-p4-dbs5z"",""cpu_m"":240,""mem_b"":737679373,""priority"":""4"",""node"":""kwok-node-21""},{""name"":""rs-43-p4-fvhhr"",""cpu_m"":240,""mem_b"":737679373,""priority"":""4"",""node"":""kwok-node-11""},{""name"":""rs-44-p2-8fwkf"",""cpu_m"":229,""mem_b"":485670161,""priority"":""2"",""node"":""kwok-node-29""},{""name"":""rs-44-p2-9qrj8"",""cpu_m"":229,""mem_b"":485670161,""priority"":""2"",""node"":""kwok-node-15""},{""name"":""rs-45-p1-4jlgz"",""cpu_m"":245,""mem_b"":782360701,""priority"":""1"",""node"":""""},{""name"":""rs-45-p1-6jlqj"",""cpu_m"":245,""mem_b"":782360701,""priority"":""1"",""node"":""""},{""name"":""rs-45-p1-c6zq4"",""cpu_m"":245,""mem_b"":782360701,""priority"":""1"",""node"":""""},{""name"":""rs-46-p1-2pbnx"",""cpu_m"":126,""mem_b"":844257532,""priority"":""1"",""node"":""""},{""name"":""rs-47-p2-dmk9n"",""cpu_m"":927,""mem_b"":417999015,""priority"":""2"",""node"":""""},{""name"":""rs-48-p2-fh8qk"",""cpu_m"":840,""mem_b"":240955108,""priority"":""2"",""node"":""""}]","[{""name"":""kwok-node-1"",""cap_cpu_m"":1848,""cap_mem_bytes"":2083061146},{""name"":""kwok-node-2"",""cap_cpu_m"":1848,""cap_mem_bytes"":2083061146},{""name"":""kwok-node-3"",""cap_cpu_m"":1848,""cap_mem_bytes"":2083061146},{""name"":""kwok-node-4"",""cap_cpu_m"":1848,""cap_mem_bytes"":2083061146},{""name"":""kwok-node-5"",""cap_cpu_m"":1848,""cap_mem_bytes"":2083061146},{""name"":""kwok-node-6"",""cap_cpu_m"":1848,""cap_mem_bytes"":2083061146},{""name"":""kwok-node-7"",""cap_cpu_m"":1848,""cap_mem_bytes"":2083061146},{""name"":""kwok-node-8"",""cap_cpu_m"":1848,""cap_mem_bytes"":2083061146},{""name"":""kwok-node-9"",""cap_cpu_m"":1848,""cap_mem_bytes"":2083061146},{""name"":""kwok-node-10"",""cap_cpu_m"":1848,""cap_mem_bytes"":2083061146},{""name"":""kwok-node-11"",""cap_cpu_m"":1848,""cap_mem_bytes"":2083061146},{""name"":""kwok-node-12"",""cap_cpu_m"":1848,""cap_mem_bytes"":2083061146},{""name"":""kwok-node-13"",""cap_cpu_m"":1848,""cap_mem_bytes"":2083061146},{""name"":""kwok-node-14"",""cap_cpu_m"":1848,""cap_mem_bytes"":2083061146},{""name"":""kwok-node-15"",""cap_cpu_m"":1848,""cap_mem_bytes"":2083061146},{""name"":""kwok-node-16"",""cap_cpu_m"":1848,""cap_mem_bytes"":2083061146},{""name"":""kwok-node-17"",""cap_cpu_m"":1848,""cap_mem_bytes"":2083061146},{""name"":""kwok-node-18"",""cap_cpu_m"":1848,""cap_mem_bytes"":2083061146},{""name"":""kwok-node-19"",""cap_cpu_m"":1848,""cap_mem_bytes"":2083061146},{""name"":""kwok-node-20"",""cap_cpu_m"":1848,""cap_mem_bytes"":2083061146},{""name"":""kwok-node-21"",""cap_cpu_m"":1848,""cap_mem_bytes"":2083061146},{""name"":""kwok-node-22"",""cap_cpu_m"":1848,""cap_mem_bytes"":2083061146},{""name"":""kwok-node-23"",""cap_cpu_m"":1848,""cap_mem_bytes"":2083061146},{""name"":""kwok-node-24"",""cap_cpu_m"":1848,""cap_mem_bytes"":2083061146},{""name"":""kwok-node-25"",""cap_cpu_m"":1848,""cap_mem_bytes"":2083061146},{""name"":""kwok-node-26"",""cap_cpu_m"":1848,""cap_mem_bytes"":2083061146},{""name"":""kwok-node-27"",""cap_cpu_m"":1848,""cap_mem_bytes"":2083061146},{""name"":""kwok-node-28"",""cap_cpu_m"":1848,""cap_mem_bytes"":2083061146},{""name"":""kwok-node-29"",""cap_cpu_m"":1848,""cap_mem_bytes"":2083061146},{""name"":""kwok-node-30"",""cap_cpu_m"":1848,""cap_mem_bytes"":2083061146},{""name"":""kwok-node-31"",""cap_cpu_m"":1848,""cap_mem_bytes"":2083061146},{""name"":""kwok-node-32"",""cap_cpu_m"":1848,""cap_mem_bytes"":2083061146}]"
2026/02/11/12:43:36,5300881956419103460,,"{""evicted"":0,""moved"":0,""placed_by_priority"":{""1"":24,""2"":23,""3"":24,""4"":39}}",python,"{""evicted"":14,""moved"":9,""placed_by_priority"":{""1"":11,""2"":27,""3"":32,""4"":44}}",980,FEASIBLE,"[{""duration_ms"":980,""name"":""python"",""score"":{""evicted"":14,""moved"":9,""placed_by_priority"":{""1"":11,""2"":27,""3"":32,""4"":44}},""status"":""FEASIBLE""}]",0.863,0.878,0.930,0.872,57819,58854,66675173498,62496173820,114,110,14,18,"{""kwok-node-1"":3,""kwok-node-10"":5,""kwok-node-11"":4,""kwok-node-12"":4,""kwok-node-13"":3,""kwok-node-14"":3,""kwok-node-15"":4,""kwok-node-16"":3,""kwok-node-17"":4,""kwok-node-18"":4,""kwok-node-19"":4,""kwok-node-2"":4,""kwok-node-20"":4,""kwok-node-21"":4,""kwok-node-22"":3,""kwok-node-23"":5,""kwok-node-24"":3,""kwok-node-25"":3,""kwok-node-26"":3,""kwok-node-27"":3,""kwok-node-28"":4,""kwok-node-29"":3,""kwok-node-3"":4,""kwok-node-30"":3,""kwok-node-31"":3,""kwok-node-32"":6,""kwok-node-4"":3,""kwok-node-5"":3,""kwok-node-6"":3,""kwok-node-7"":3,""kwok-node-8"":3,""kwok-node-9"":3}","{""kwok-node-1"":3,""kwok-node-10"":5,""kwok-node-11"":4,""kwok-node-12"":4,""kwok-node-13"":3,""kwok-node-14"":3,""kwok-node-15"":4,""kwok-node-16"":3,""kwok-node-17"":4,""kwok-node-18"":4,""kwok-node-19"":3,""kwok-node-2"":3,""kwok-node-20"":4,""kwok-node-21"":4,""kwok-node-22"":4,""kwok-node-23"":5,""kwok-node-24"":3,""kwok-node-25"":3,""kwok-node-26"":3,""kwok-node-27"":3,""kwok-node-28"":3,""kwok-node-29"":3,""kwok-node-3"":4,""kwok-node-30"":3,""kwok-node-31"":3,""kwok-node-32"":5,""kwok-node-4"":2,""kwok-node-5"":3,""kwok-node-6"":3,""kwok-node-7"":3,""kwok-node-8"":3,""kwok-node-9"":3}","{""p1"":11,""p2"":27,""p3"":32,""p4"":44}","{""p1"":24,""p2"":23,""p3"":24,""p4"":39}","{""p1"":14}","{""p1"":1,""p2"":4,""p3"":8,""p4"":5}","{rs-03-p1-5729n,rs-13-p1-4vd4m,rs-13-p1-6cpn6,rs-13-p1-cjx5l,rs-13-p1-znkjs,rs-18-p1-sb6j7,rs-19-p1-nbxgg,rs-22-p1-b6wgp,rs-22-p1-c6ff4,rs-22-p1-skbfw,rs-22-p1-vlgvg,rs-23-p1-fqmj2,rs-23-p1-lkx8p,rs-29-p1-g65l7}","{rs-32-p2-srfwb,rs-34-p2-9xb5f,rs-34-p2-h4tcw,rs-34-p2-t7zpl,rs-36-p3-dxqn8,rs-36-p3-ljvg9,rs-36-p3-p6llp,rs-36-p3-rrcx4,rs-37-p4-gxgl9,rs-37-p4-mrbwh,rs-40-p4-7qjrb,rs-40-p4-dkbh7,rs-42-p1-7467p,rs-43-p3-d5tb7,rs-43-p3-n5btl,rs-45-p3-bmp92,rs-45-p3-bvd7s,rs-48-p4-mfdxg}","{rs-01-p3-ngv45,rs-01-p3-qklfb,rs-01-p3-vv5sf,rs-01-p3-xqqmp,rs-02-p4-2jhgz,rs-02-p4-btd4c,rs-02-p4-qqxgt,rs-03-p1-255v7,rs-03-p1-g2qll,rs-04-p4-bmkn7,rs-04-p4-d27lz,rs-04-p4-s2d26,rs-04-p4-w4f5s,rs-05-p2-8bvvk,rs-05-p2-9x9kp,rs-05-p2-m4c42,rs-05-p2-zd76m,rs-06-p4-6zlln,rs-06-p4-q56rq,rs-06-p4-wxdcm,rs-07-p2-bt6nc,rs-07-p2-znxnj,rs-08-p4-s6q27,rs-09-p3-5bb2k,rs-09-p3-7s887,rs-09-p3-l7x79,rs-09-p3-rcxc4,rs-10-p2-fhhgx,rs-11-p3-2pg8g,rs-12-p4-b4zh4,rs-12-p4-zfct5,rs-14-p3-2xrpv,rs-14-p3-kfqkn,rs-14-p3-smxw2,rs-15-p3-g58bk,rs-15-p3-kdgg7,rs-15-p3-nd5sd,rs-16-p2-464mt,rs-16-p2-zbqpd,rs-17-p4-dmmf5,rs-17-p4-nf4kh,rs-17-p4-wkcvf,rs-18-p1-dxjbb,rs-18-p1-lz5wj,rs-20-p4-425kp,rs-20-p4-bntl6,rs-20-p4-prvph,rs-20-p4-xgzg7,rs-21-p4-46wpw,rs-21-p4-fzp5k,rs-21-p4-s69m9,rs-21-p4-skmhk,rs-24-p4-4jlpn,rs-24-p4-x9zhf,rs-24-p4-xmwhz,rs-24-p4-xqn4c,rs-25-p3-h9gsj,rs-26-p2-dfwmx,rs-26-p2-lczc8,rs-26-p2-r45xn,rs-27-p4-6m9jh,rs-27-p4-d2sv6,rs-27-p4-zx8hp,rs-28-p2-b4gkb,rs-28-p2-fngjs,rs-28-p2-mbgx6,rs-28-p2-mfbp5,rs-30-p3-sw88p,rs-30-p3-zdkcl,rs-31-p3-26qbq,rs-31-p3-8ng64,rs-31-p3-dvmpf,rs-31-p3-mvp96,rs-32-p2-458tb,rs-32-p2-crcqj,rs-32-p2-srfwb,rs-33-p3-m8q28,rs-34-p2-9xb5f,rs-34-p2-h4tcw,rs-34-p2-t7zpl,rs-35-p3-9qdg7,rs-36-p3-dxqn8,rs-36-p3-ljvg9,rs-36-p3-p6llp,rs-36-p3-rrcx4,rs-37-p4-gxgl9,rs-37-p4-mrbwh,rs-37-p4-q694h,rs-38-p2-d2mj9,rs-38-p2-hxnpv,rs-38-p2-rzlgt,rs-39-p2-dr7rn,rs-39-p2-gdnzl,rs-40-p4-6mkbw,rs-40-p4-7qjrb,rs-40-p4-dkbh7,rs-41-p1-57tx5,rs-41-p1-6xpbz,rs-41-p1-ftskd,rs-41-p1-ksw9k,rs-42-p1-7467p,rs-43-p3-d5tb7,rs-43-p3-n5btl,rs-44-p4-jgxmx,rs-44-p4-njcc9,rs-44-p4-pdpww,rs-45-p3-bmp92,rs-45-p3-bvd7s,rs-46-p1-jc5vb,rs-46-p1-kmntt,rs-47-p4-47jpn,rs-47-p4-7jcpb,rs-47-p4-c9xs2,rs-48-p4-mfdxg}","{rs-01-p3-ngv45,rs-01-p3-qklfb,rs-01-p3-vv5sf,rs-01-p3-xqqmp,rs-02-p4-2jhgz,rs-02-p4-btd4c,rs-02-p4-qqxgt,rs-03-p1-2nf6t,rs-03-p1-lrszq,rs-03-p1-qvv6l,rs-04-p4-bmkn7,rs-04-p4-d27lz,rs-04-p4-s2d26,rs-04-p4-w4f5s,rs-05-p2-22h9l,rs-05-p2-9x9kp,rs-05-p2-m4c42,rs-05-p2-zd76m,rs-06-p4-6zlln,rs-06-p4-q56rq,rs-06-p4-wxdcm,rs-07-p2-bt6nc,rs-07-p2-znxnj,rs-08-p4-s6q27,rs-09-p3-5bb2k,rs-09-p3-7s887,rs-09-p3-l7x79,rs-09-p3-rcxc4,rs-10-p2-fhhgx,rs-11-p3-2pg8g,rs-12-p4-b4zh4,rs-12-p4-zfct5,rs-13-p1-5ck2v,rs-13-p1-chz6w,rs-13-p1-n4rrm,rs-13-p1-v9m7p,rs-14-p3-2xrpv,rs-14-p3-kfqkn,rs-14-p3-smxw2,rs-15-p3-g58bk,rs-15-p3-kdgg7,rs-15-p3-nd5sd,rs-16-p2-464mt,rs-16-p2-zbqpd,rs-17-p4-dmmf5,rs-17-p4-nf4kh,rs-17-p4-wkcvf,rs-18-p1-77jvd,rs-18-p1-9t4tr,rs-18-p1-fvcsl,rs-19-p1-kh9vs,rs-20-p4-425kp,rs-20-p4-bntl6,rs-20-p4-prvph,rs-20-p4-xgzg7,rs-21-p4-46wpw,rs-21-p4-fzp5k,rs-21-p4-s69m9,rs-21-p4-skmhk,rs-22-p1-6b672,rs-22-p1-bcg29,rs-22-p1-sk9vt,rs-22-p1-tsbvk,rs-23-p1-hbx4v,rs-23-p1-qtmrq,rs-24-p4-4jlpn,rs-24-p4-x9zhf,rs-24-p4-xmwhz,rs-24-p4-xqn4c,rs-25-p3-h9gsj,rs-26-p2-dfwmx,rs-26-p2-lczc8,rs-26-p2-r45xn,rs-27-p4-6m9jh,rs-27-p4-d2sv6,rs-27-p4-zx8hp,rs-28-p2-b4gkb,rs-28-p2-fngjs,rs-28-p2-mbgx6,rs-28-p2-mfbp5,rs-29-p1-rf5lp,rs-30-p3-sw88p,rs-30-p3-zdkcl,rs-31-p3-26qbq,rs-31-p3-8ng64,rs-31-p3-dvmpf,rs-31-p3-mvp96,rs-32-p2-458tb,rs-32-p2-crcqj,rs-33-p3-m8q28,rs-35-p3-9qdg7,rs-37-p4-q694h,rs-38-p2-d2mj9,rs-38-p2-hxnpv,rs-38-p2-rzlgt,rs-39-p2-dr7rn,rs-39-p2-gdnzl,rs-40-p4-6mkbw,rs-41-p1-6xpbz,rs-41-p1-8z2x7,rs-41-p1-tz6qr,rs-41-p1-vdhzx,rs-44-p4-jgxmx,rs-44-p4-njcc9,rs-44-p4-pdpww,rs-46-p1-fr9hw,rs-46-p1-jc5vb,rs-47-p4-47jpn,rs-47-p4-7jcpb,rs-47-p4-c9xs2}","[{""name"":""rs-01-p3-ngv45"",""cpu_m"":810,""mem_b"":174922264,""priority"":""3"",""node"":""kwok-node-16""},{""name"":""rs-01-p3-qklfb"",""cpu_m"":810,""mem_b"":174922264,""priority"":""3"",""node"":""kwok-node-2""},{""name"":""rs-01-p3-vv5sf"",""cpu_m"":810,""mem_b"":174922264,""priority"":""3"",""node"":""kwok-node-17""},{""name"":""rs-01-p3-xqqmp"",""cpu_m"":810,""mem_b"":174922264,""priority"":""3"",""node"":""kwok-node-11""},{""name"":""rs-02-p4-2jhgz"",""cpu_m"":250,""mem_b"":714239773,""priority"":""4"",""node"":""kwok-node-10""},{""name"":""rs-02-p4-btd4c"",""cpu_m"":250,""mem_b"":714239773,""priority"":""4"",""node"":""kwok-node-15""},{""name"":""rs-02-p4-qqxgt"",""cpu_m"":250,""mem_b"":714239773,""priority"":""4"",""node"":""kwok-node-23""},{""name"":""rs-03-p1-255v7"",""cpu_m"":781,""mem_b"":357004741,""priority"":""1"",""node"":""kwok-node-15""},{""name"":""rs-03-p1-5729n"",""cpu_m"":781,""mem_b"":357004741,""priority"":""1"",""node"":""""},{""name"":""rs-03-p1-g2qll"",""cpu_m"":781,""mem_b"":357004741,""priority"":""1"",""node"":""kwok-node-14""},{""name"":""rs-04-p4-bmkn7"",""cpu_m"":677,""mem_b"":796669837,""priority"":""4"",""node"":""kwok-node-12""},{""name"":""rs-04-p4-d27lz"",""cpu_m"":677,""mem_b"":796669837,""priority"":""4"",""node"":""kwok-node-14""},{""name"":""rs-04-p4-s2d26"",""cpu_m"":677,""mem_b"":796669837,""priority"":""4"",""node"":""kwok-node-1""},{""name"":""rs-04-p4-w4f5s"",""cpu_m"":677,""mem_b"":796669837,""priority"":""4"",""node"":""kwok-node-13""},{""name"":""rs-05-p2-8bvvk"",""cpu_m"":306,""mem_b"":584819810,""priority"":""2"",""node"":""kwok-node-11""},{""name"":""rs-05-p2-9x9kp"",""cpu_m"":306,""mem_b"":584819810,""priority"":""2"",""node"":""kwok-node-19""},{""name"":""rs-05-p2-m4c42"",""cpu_m"":306,""mem_b"":584819810,""priority"":""2"",""node"":""kwok-node-20""},{""name"":""rs-05-p2-zd76m"",""cpu_m"":306,""mem_b"":584819810,""priority"":""2"",""node"":""kwok-node-21""},{""name"":""rs-06-p4-6zlln"",""cpu_m"":448,""mem_b"":227564380,""priority"":""4"",""node"":""kwok-node-24""},{""name"":""rs-06-p4-q56rq"",""cpu_m"":448,""mem_b"":227564380,""priority"":""4"",""node"":""kwok-node-30""},{""name"":""rs-06-p4-wxdcm"",""cpu_m"":448,""mem_b"":227564380,""priority"":""4"",""node"":""kwok-node-25""},{""name"":""rs-07-p2-bt6nc"",""cpu_m"":497,""mem_b"":652072114,""priority"":""2"",""node"":""kwok-node-27""},{""name"":""rs-07-p2-znxnj"",""cpu_m"":497,""mem_b"":652072114,""priority"":""2"",""node"":""kwok-node-29""},{""name"":""rs-08-p4-s6q27"",""cpu_m"":986,""mem_b"":703356468,""priority"":""4"",""node"":""kwok-node-28""},{""name"":""rs-09-p3-5bb2k"",""cpu_m"":964,""mem_b"":761604612,""priority"":""3"",""node"":""kwok-node-18""},{""name"":""rs-09-p3-7s887"",""cpu_m"":964,""mem_b"":761604612,""priority"":""3"",""node"":""kwok-node-26""},{""name"":""rs-09-p3-l7x79"",""cpu_m"":964,""mem_b"":761604612,""priority"":""3"",""node"":""kwok-node-3""},{""name"":""rs-09-p3-rcxc4"",""cpu_m"":964,""mem_b"":761604612,""priority"":""3"",""node"":""kwok-node-19""},{""name"":""rs-10-p2-fhhgx"",""cpu_m"":705,""mem_b"":691493291,""priority"":""2"",""node"":""kwok-node-31""},{""name"":""rs-11-p3-2pg8g"",""cpu_m"":323,""mem_b"":274077861,""priority"":""3"",""node"":""kwok-node-32""},{""name"":""rs-12-p4-b4zh4"",""cpu_m"":259,""mem_b"":864141945,""priority"":""4"",""node"":""kwok-node-9""},{""name"":""rs-12-p4-zfct5"",""cpu_m"":259,""mem_b"":864141945,""priority"":""4"",""node"":""kwok-node-5""},{""name"":""rs-13-p1-4vd4m"",""cpu_m"":950,""mem_b"":579958314,""priority"":""1"",""node"":""""},{""name"":""rs-13-p1-6cpn6"",""cpu_m"":950,""mem_b"":579958314,""priority"":""1"",""node"":""""},{""name"":""rs-13-p1-cjx5l"",""cpu_m"":950,""mem_b"":579958314,""priority"":""1"",""node"":""""},{""name"":""rs-13-p1-znkjs"",""cpu_m"":950,""mem_b"":579958314,""priority"":""1"",""node"":""""},{""name"":""rs-14-p3-2xrpv"",""cpu_m"":509,""mem_b"":821583351,""priority"":""3"",""node"":""kwok-node-30""},{""name"":""rs-14-p3-kfqkn"",""cpu_m"":509,""mem_b"":821583351,""priority"":""3"",""node"":""kwok-node-24""},{""name"":""rs-14-p3-smxw2"",""cpu_m"":509,""mem_b"":821583351,""priority"":""3"",""node"":""kwok-node-25""},{""name"":""rs-15-p3-g58bk"",""cpu_m"":433,""mem_b"":105401458,""priority"":""3"",""node"":""kwok-node-15""},{""name"":""rs-15-p3-kdgg7"",""cpu_m"":433,""mem_b"":105401458,""priority"":""3"",""node"":""kwok-node-32""},{""name"":""rs-15-p3-nd5sd"",""cpu_m"":433,""mem_b"":105401458,""priority"":""3"",""node"":""kwok-node-10""},{""name"":""rs-16-p2-464mt"",""cpu_m"":895,""mem_b"":836547672,""priority"":""2"",""node"":""kwok-node-29""},{""name"":""rs-16-p2-zbqpd"",""cpu_m"":895,""mem_b"":836547672,""priority"":""2"",""node"":""kwok-node-27""},{""name"":""rs-17-p4-dmmf5"",""cpu_m"":795,""mem_b"":185829838,""priority"":""4"",""node"":""kwok-node-9""},{""name"":""rs-17-p4-nf4kh"",""cpu_m"":795,""mem_b"":185829838,""priority"":""4"",""node"":""kwok-node-23""},{""name"":""rs-17-p4-wkcvf"",""cpu_m"":795,""mem_b"":185829838,""priority"":""4"",""node"":""kwok-node-5""},{""name"":""rs-18-p1-dxjbb"",""cpu_m"":844,""mem_b"":323486483,""priority"":""1"",""node"":""kwok-node-8""},{""name"":""rs-18-p1-lz5wj"",""cpu_m"":844,""mem_b"":323486483,""priority"":""1"",""node"":""kwok-node-6""},{""name"":""rs-18-p1-sb6j7"",""cpu_m"":844,""mem_b"":323486483,""priority"":""1"",""node"":""""},{""name"":""rs-19-p1-nbxgg"",""cpu_m"":764,""mem_b"":536477821,""priority"":""1"",""node"":""""},{""name"":""rs-20-p4-425kp"",""cpu_m"":652,""mem_b"":734639890,""priority"":""4"",""node"":""kwok-node-31""},{""name"":""rs-20-p4-bntl6"",""cpu_m"":652,""mem_b"":734639890,""priority"":""4"",""node"":""kwok-node-22""},{""name"":""rs-20-p4-prvph"",""cpu_m"":652,""mem_b"":734639890,""priority"":""4"",""node"":""kwok-node-13""},{""name"":""rs-20-p4-xgzg7"",""cpu_m"":652,""mem_b"":734639890,""priority"":""4"",""node"":""kwok-node-32""},{""name"":""rs-21-p4-46wpw"",""cpu_m"":777,""mem_b"":468955777,""priority"":""4"",""node"":""kwok-node-11""},{""name"":""rs-21-p4-fzp5k"",""cpu_m"":777,""mem_b"":468955777,""priority"":""4"",""node"":""kwok-node-17""},{""name"":""rs-21-p4-s69m9"",""cpu_m"":777,""mem_b"":468955777,""priority"":""4"",""node"":""kwok-node-2""},{""name"":""rs-21-p4-skmhk"",""cpu_m"":777,""mem_b"":468955777,""priority"":""4"",""node"":""kwok-node-10""},{""name"":""rs-22-p1-b6wgp"",""cpu_m"":949,""mem_b"":790248528,""priority"":""1"",""node"":""""},{""name"":""rs-22-p1-c6ff4"",""cpu_m"":949,""mem_b"":790248528,""priority"":""1"",""node"":""""},{""name"":""rs-22-p1-skbfw"",""cpu_m"":949,""mem_b"":790248528,""priority"":""1"",""node"":""""},{""name"":""rs-22-p1-vlgvg"",""cpu_m"":949,""mem_b"":790248528,""priority"":""1"",""node"":""""},{""name"":""rs-23-p1-fqmj2"",""cpu_m"":825,""mem_b"":790020957,""priority"":""1"",""node"":""""},{""name"":""rs-23-p1-lkx8p"",""cpu_m"":825,""mem_b"":790020957,""priority"":""1"",""node"":""""},{""name"":""rs-24-p4-4jlpn"",""cpu_m"":175,""mem_b"":622733760,""priority"":""4"",""node"":""kwok-node-23""},{""name"":""rs-24-p4-x9zhf"",""cpu_m"":175,""mem_b"":622733760,""priority"":""4"",""node"":""kwok-node-28""},{""name"":""rs-24-p4-xmwhz"",""cpu_m"":175,""mem_b"":622733760,""priority"":""4"",""node"":""kwok-node-26""},{""name"":""rs-24-p4-xqn4c"",""cpu_m"":175,""mem_b"":622733760,""priority"":""4"",""node"":""kwok-node-3""},{""name"":""rs-25-p3-h9gsj"",""cpu_m"":787,""mem_b"":966134134,""priority"":""3"",""node"":""kwok-node-30""},{""name"":""rs-26-p2-dfwmx"",""cpu_m"":959,""mem_b"":924385870,""priority"":""2"",""node"":""kwok-node-9""},{""name"":""rs-26-p2-lczc8"",""cpu_m"":959,""mem_b"":924385870,""priority"":""2"",""node"":""kwok-node-5""},{""name"":""rs-26-p2-r45xn"",""cpu_m"":959,""mem_b"":924385870,""priority"":""2"",""node"":""kwok-node-25""},{""name"":""rs-27-p4-6m9jh"",""cpu_m"":248,""mem_b"":564656606,""priority"":""4"",""node"":""kwok-node-21""},{""name"":""rs-27-p4-d2sv6"",""cpu_m"":248,""mem_b"":564656606,""priority"":""4"",""node"":""kwok-node-20""},{""name"":""rs-27-p4-zx8hp"",""cpu_m"":248,""mem_b"":564656606,""priority"":""4"",""node"":""kwok-node-32""},{""name"":""rs-28-p2-b4gkb"",""cpu_m"":173,""mem_b"":862084371,""priority"":""2"",""node"":""kwok-node-11""},{""name"":""rs-28-p2-fngjs"",""cpu_m"":173,""mem_b"":862084371,""priority"":""2"",""node"":""kwok-node-17""},{""name"":""rs-28-p2-mbgx6"",""cpu_m"":173,""mem_b"":862084371,""priority"":""2"",""node"":""kwok-node-2""},{""name"":""rs-28-p2-mfbp5"",""cpu_m"":173,""mem_b"":862084371,""priority"":""2"",""node"":""kwok-node-1""},{""name"":""rs-29-p1-g65l7"",""cpu_m"":899,""mem_b"":308529682,""priority"":""1"",""node"":""""},{""name"":""rs-30-p3-sw88p"",""cpu_m"":417,""mem_b"":603385370,""priority"":""3"",""node"":""kwok-node-28""},{""name"":""rs-30-p3-zdkcl"",""cpu_m"":417,""mem_b"":603385370,""priority"":""3"",""node"":""kwok-node-19""},{""name"":""rs-31-p3-26qbq"",""cpu_m"":245,""mem_b"":472611376,""priority"":""3"",""node"":""kwok-node-12""},{""name"":""rs-31-p3-8ng64"",""cpu_m"":245,""mem_b"":472611376,""priority"":""3"",""node"":""kwok-node-10""},{""name"":""rs-31-p3-dvmpf"",""cpu_m"":245,""mem_b"":472611376,""priority"":""3"",""node"":""kwok-node-22""},{""name"":""rs-31-p3-mvp96"",""cpu_m"":245,""mem_b"":472611376,""priority"":""3"",""node"":""kwok-node-18""},{""name"":""rs-32-p2-458tb"",""cpu_m"":562,""mem_b"":999582882,""priority"":""2"",""node"":""kwok-node-15""},{""name"":""rs-32-p2-crcqj"",""cpu_m"":562,""mem_b"":999582882,""priority"":""2"",""node"":""kwok-node-14""},{""name"":""rs-32-p2-srfwb"",""cpu_m"":562,""mem_b"":999582882,""priority"":""2"",""node"":""kwok-node-24""},{""name"":""rs-33-p3-m8q28"",""cpu_m"":276,""mem_b"":883213552,""priority"":""3"",""node"":""kwok-node-16""},{""name"":""rs-34-p2-9xb5f"",""cpu_m"":707,""mem_b"":961984443,""priority"":""2"",""node"":""kwok-node-22""},{""name"":""rs-34-p2-h4tcw"",""cpu_m"":707,""mem_b"":961984443,""priority"":""2"",""node"":""kwok-node-16""},{""name"":""rs-34-p2-t7zpl"",""cpu_m"":707,""mem_b"":961984443,""priority"":""2"",""node"":""kwok-node-7""},{""name"":""rs-35-p3-9qdg7"",""cpu_m"":242,""mem_b"":321456035,""priority"":""3"",""node"":""kwok-node-3""},{""name"":""rs-36-p3-dxqn8"",""cpu_m"":745,""mem_b"":923253557,""priority"":""3"",""node"":""kwok-node-4""},{""name"":""rs-36-p3-ljvg9"",""cpu_m"":745,""mem_b"":923253557,""priority"":""3"",""node"":""kwok-node-6""},{""name"":""rs-36-p3-p6llp"",""cpu_m"":745,""mem_b"":923253557,""priority"":""3"",""node"":""kwok-node-4""},{""name"":""rs-36-p3-rrcx4"",""cpu_m"":745,""mem_b"":923253557,""priority"":""3"",""node"":""kwok-node-8""},{""name"":""rs-37-p4-gxgl9"",""cpu_m"":618,""mem_b"":804102138,""priority"":""4"",""node"":""kwok-node-18""},{""name"":""rs-37-p4-mrbwh"",""cpu_m"":618,""mem_b"":804102138,""priority"":""4"",""node"":""kwok-node-26""},{""name"":""rs-37-p4-q694h"",""cpu_m"":618,""mem_b"":804102138,""priority"":""4"",""node"":""kwok-node-31""},{""name"":""rs-38-p2-d2mj9"",""cpu_m"":161,""mem_b"":404895809,""priority"":""2"",""node"":""kwok-node-20""},{""name"":""rs-38-p2-hxnpv"",""cpu_m"":161,""mem_b"":404895809,""priority"":""2"",""node"":""kwok-node-27""},{""name"":""rs-38-p2-rzlgt"",""cpu_m"":161,""mem_b"":404895809,""priority"":""2"",""node"":""kwok-node-21""},{""name"":""rs-39-p2-dr7rn"",""cpu_m"":434,""mem_b"":341653395,""priority"":""2"",""node"":""kwok-node-13""},{""name"":""rs-39-p2-gdnzl"",""cpu_m"":434,""mem_b"":341653395,""priority"":""2"",""node"":""kwok-node-23""},{""name"":""rs-40-p4-6mkbw"",""cpu_m"":449,""mem_b"":612772146,""priority"":""4"",""node"":""kwok-node-29""},{""name"":""rs-40-p4-7qjrb"",""cpu_m"":449,""mem_b"":612772146,""priority"":""4"",""node"":""kwok-node-20""},{""name"":""rs-40-p4-dkbh7"",""cpu_m"":449,""mem_b"":612772146,""priority"":""4"",""node"":""kwok-node-21""},{""name"":""rs-41-p1-57tx5"",""cpu_m"":151,""mem_b"":273600118,""priority"":""1"",""node"":""kwok-node-32""},{""name"":""rs-41-p1-6xpbz"",""cpu_m"":151,""mem_b"":273600118,""priority"":""1"",""node"":""kwok-node-32""},{""name"":""rs-41-p1-ftskd"",""cpu_m"":151,""mem_b"":273600118,""priority"":""1"",""node"":""kwok-node-19""},{""name"":""rs-41-p1-ksw9k"",""cpu_m"":151,""mem_b"":273600118,""priority"":""1"",""node"":""kwok-node-28""},{""name"":""rs-42-p1-7467p"",""cpu_m"":340,""mem_b"":453331066,""priority"":""1"",""node"":""kwok-node-10""},{""name"":""rs-43-p3-d5tb7"",""cpu_m"":735,""mem_b"":230807188,""priority"":""3"",""node"":""kwok-node-7""},{""name"":""rs-43-p3-n5btl"",""cpu_m"":735,""mem_b"":230807188,""priority"":""3"",""node"":""kwok-node-1""},{""name"":""rs-44-p4-jgxmx"",""cpu_m"":209,""mem_b"":172601937,""priority"":""4"",""node"":""kwok-node-12""},{""name"":""rs-44-p4-njcc9"",""cpu_m"":209,""mem_b"":172601937,""priority"":""4"",""node"":""kwok-node-18""},{""name"":""rs-44-p4-pdpww"",""cpu_m"":209,""mem_b"":172601937,""priority"":""4"",""node"":""kwok-node-23""},{""name"":""rs-45-p3-bmp92"",""cpu_m"":588,""mem_b"":332092556,""priority"":""3"",""node"":""kwok-node-4""},{""name"":""rs-45-p3-bvd7s"",""cpu_m"":588,""mem_b"":332092556,""priority"":""3"",""node"":""kwok-node-3""},{""name"":""rs-46-p1-jc5vb"",""cpu_m"":145,""mem_b"":471192442,""priority"":""1"",""node"":""kwok-node-17""},{""name"":""rs-46-p1-kmntt"",""cpu_m"":145,""mem_b"":471192442,""priority"":""1"",""node"":""kwok-node-2""},{""name"":""rs-47-p4-47jpn"",""cpu_m"":170,""mem_b"":793673924,""priority"":""4"",""node"":""kwok-node-6""},{""name"":""rs-47-p4-7jcpb"",""cpu_m"":170,""mem_b"":793673924,""priority"":""4"",""node"":""kwok-node-8""},{""name"":""rs-47-p4-c9xs2"",""cpu_m"":170,""mem_b"":793673924,""priority"":""4"",""node"":""kwok-node-7""},{""name"":""rs-48-p4-mfdxg"",""cpu_m"":716,""mem_b"":773938126,""priority"":""4"",""node"":""kwok-node-12""}]","[{""name"":""rs-01-p3-ngv45"",""cpu_m"":810,""mem_b"":174922264,""priority"":""3"",""node"":""kwok-node-16""},{""name"":""rs-01-p3-qklfb"",""cpu_m"":810,""mem_b"":174922264,""priority"":""3"",""node"":""kwok-node-2""},{""name"":""rs-01-p3-vv5sf"",""cpu_m"":810,""mem_b"":174922264,""priority"":""3"",""node"":""kwok-node-17""},{""name"":""rs-01-p3-xqqmp"",""cpu_m"":810,""mem_b"":174922264,""priority"":""3"",""node"":""kwok-node-11""},{""name"":""rs-02-p4-2jhgz"",""cpu_m"":250,""mem_b"":714239773,""priority"":""4"",""node"":""kwok-node-10""},{""name"":""rs-02-p4-btd4c"",""cpu_m"":250,""mem_b"":714239773,""priority"":""4"",""node"":""kwok-node-15""},{""name"":""rs-02-p4-qqxgt"",""cpu_m"":250,""mem_b"":714239773,""priority"":""4"",""node"":""kwok-node-23""},{""name"":""rs-03-p1-2nf6t"",""cpu_m"":781,""mem_b"":357004741,""priority"":""1"",""node"":""kwok-node-22""},{""name"":""rs-03-p1-lrszq"",""cpu_m"":781,""mem_b"":357004741,""priority"":""1"",""node"":""kwok-node-20""},{""name"":""rs-03-p1-qvv6l"",""cpu_m"":781,""mem_b"":357004741,""priority"":""1"",""node"":""kwok-node-21""},{""name"":""rs-04-p4-bmkn7"",""cpu_m"":677,""mem_b"":796669837,""priority"":""4"",""node"":""kwok-node-12""},{""name"":""rs-04-p4-d27lz"",""cpu_m"":677,""mem_b"":796669837,""priority"":""4"",""node"":""kwok-node-14""},{""name"":""rs-04-p4-s2d26"",""cpu_m"":677,""mem_b"":796669837,""priority"":""4"",""node"":""kwok-node-1""},{""name"":""rs-04-p4-w4f5s"",""cpu_m"":677,""mem_b"":796669837,""priority"":""4"",""node"":""kwok-node-13""},{""name"":""rs-05-p2-22h9l"",""cpu_m"":306,""mem_b"":584819810,""priority"":""2"",""node"":""kwok-node-18""},{""name"":""rs-05-p2-9x9kp"",""cpu_m"":306,""mem_b"":584819810,""priority"":""2"",""node"":""kwok-node-19""},{""name"":""rs-05-p2-m4c42"",""cpu_m"":306,""mem_b"":584819810,""priority"":""2"",""node"":""kwok-node-20""},{""name"":""rs-05-p2-zd76m"",""cpu_m"":306,""mem_b"":584819810,""priority"":""2"",""node"":""kwok-node-21""},{""name"":""rs-06-p4-6zlln"",""cpu_m"":448,""mem_b"":227564380,""priority"":""4"",""node"":""kwok-node-24""},{""name"":""rs-06-p4-q56rq"",""cpu_m"":448,""mem_b"":227564380,""priority"":""4"",""node"":""kwok-node-30""},{""name"":""rs-06-p4-wxdcm"",""cpu_m"":448,""mem_b"":227564380,""priority"":""4"",""node"":""kwok-node-25""},{""name"":""rs-07-p2-bt6nc"",""cpu_m"":497,""mem_b"":652072114,""priority"":""2"",""node"":""kwok-node-27""},{""name"":""rs-07-p2-znxnj"",""cpu_m"":497,""mem_b"":652072114,""priority"":""2"",""node"":""kwok-node-29""},{""name"":""rs-08-p4-s6q27"",""cpu_m"":986,""mem_b"":703356468,""priority"":""4"",""node"":""kwok-node-28""},{""name"":""rs-09-p3-5bb2k"",""cpu_m"":964,""mem_b"":761604612,""priority"":""3"",""node"":""kwok-node-18""},{""name"":""rs-09-p3-7s887"",""cpu_m"":964,""mem_b"":761604612,""priority"":""3"",""node"":""kwok-node-26""},{""name"":""rs-09-p3-l7x79"",""cpu_m"":964,""mem_b"":761604612,""priority"":""3"",""node"":""kwok-node-3""},{""name"":""rs-09-p3-rcxc4"",""cpu_m"":964,""mem_b"":761604612,""priority"":""3"",""node"":""kwok-node-19""},{""name"":""rs-10-p2-fhhgx"",""cpu_m"":705,""mem_b"":691493291,""priority"":""2"",""node"":""kwok-node-31""},{""name"":""rs-11-p3-2pg8g"",""cpu_m"":323,""mem_b"":274077861,""priority"":""3"",""node"":""kwok-node-32""},{""name"":""rs-12-p4-b4zh4"",""cpu_m"":259,""mem_b"":864141945,""priority"":""4"",""node"":""kwok-node-9""},{""name"":""rs-12-p4-zfct5"",""cpu_m"":259,""mem_b"":864141945,""priority"":""4"",""node"":""kwok-node-5""},{""name"":""rs-13-p1-5ck2v"",""cpu_m"":950,""mem_b"":579958314,""priority"":""1"",""node"":""kwok-node-4""},{""name"":""rs-13-p1-chz6w"",""cpu_m"":950,""mem_b"":579958314,""priority"":""1"",""node"":""kwok-node-8""},{""name"":""rs-13-p1-n4rrm"",""cpu_m"":950,""mem_b"":579958314,""priority"":""1"",""node"":""kwok-node-7""},{""name"":""rs-13-p1-v9m7p"",""cpu_m"":950,""mem_b"":579958314,""priority"":""1"",""node"":""kwok-node-6""},{""name"":""rs-14-p3-2xrpv"",""cpu_m"":509,""mem_b"":821583351,""priority"":""3"",""node"":""kwok-node-30""},{""name"":""rs-14-p3-kfqkn"",""cpu_m"":509,""mem_b"":821583351,""priority"":""3"",""node"":""kwok-node-24""},{""name"":""rs-14-p3-smxw2"",""cpu_m"":509,""mem_b"":821583351,""priority"":""3"",""node"":""kwok-node-25""},{""name"":""rs-15-p3-g58bk"",""cpu_m"":433,""mem_b"":105401458,""priority"":""3"",""node"":""kwok-node-15""},{""name"":""rs-15-p3-kdgg7"",""cpu_m"":433,""mem_b"":105401458,""priority"":""3"",""node"":""kwok-node-32""},{""name"":""rs-15-p3-nd5sd"",""cpu_m"":433,""mem_b"":105401458,""priority"":""3"",""node"":""kwok-node-10""},{""name"":""rs-16-p2-464mt"",""cpu_m"":895,""mem_b"":836547672,""priority"":""2"",""node"":""kwok-node-29""},{""name"":""rs-16-p2-zbqpd"",""cpu_m"":895,""mem_b"":836547672,""priority"":""2"",""node"":""kwok-node-27""},{""name"":""rs-17-p4-dmmf5"",""cpu_m"":795,""mem_b"":185829838,""priority"":""4"",""node"":""kwok-node-9""},{""name"":""rs-17-p4-nf4kh"",""cpu_m"":795,""mem_b"":185829838,""priority"":""4"",""node"":""kwok-node-23""},{""name"":""rs-17-p4-wkcvf"",""cpu_m"":795,""mem_b"":185829838,""priority"":""4"",""node"":""kwok-node-5""},{""name"":""rs-18-p1-77jvd"",""cpu_m"":844,""mem_b"":323486483,""priority"":""1"",""node"":""kwok-node-14""},{""name"":""rs-18-p1-9t4tr"",""cpu_m"":844,""mem_b"":323486483,""priority"":""1"",""node"":""kwok-node-15""},{""name"":""rs-18-p1-fvcsl"",""cpu_m"":844,""mem_b"":323486483,""priority"":""1"",""node"":""kwok-node-1""},{""name"":""rs-19-p1-kh9vs"",""cpu_m"":764,""mem_b"":536477821,""priority"":""1"",""node"":""kwok-node-12""},{""name"":""rs-20-p4-425kp"",""cpu_m"":652,""mem_b"":734639890,""priority"":""4"",""node"":""kwok-node-31""},{""name"":""rs-20-p4-bntl6"",""cpu_m"":652,""mem_b"":734639890,""priority"":""4"",""node"":""kwok-node-22""},{""name"":""rs-20-p4-prvph"",""cpu_m"":652,""mem_b"":734639890,""priority"":""4"",""node"":""kwok-node-13""},{""name"":""rs-20-p4-xgzg7"",""cpu_m"":652,""mem_b"":734639890,""priority"":""4"",""node"":""kwok-node-32""},{""name"":""rs-21-p4-46wpw"",""cpu_m"":777,""mem_b"":468955777,""priority"":""4"",""node"":""kwok-node-11""},{""name"":""rs-21-p4-fzp5k"",""cpu_m"":777,""mem_b"":468955777,""priority"":""4"",""node"":""kwok-node-17""},{""name"":""rs-21-p4-s69m9"",""cpu_m"":777,""mem_b"":468955777,""priority"":""4"",""node"":""kwok-node-2""},{""name"":""rs-21-p4-skmhk"",""cpu_m"":777,""mem_b"":468955777,""priority"":""4"",""node"":""kwok-node-10""},{""name"":""rs-22-p1-6b672"",""cpu_m"":949,""mem_b"":790248528,""priority"":""1"",""node"":""kwok-node-6""},{""name"":""rs-22-p1-bcg29"",""cpu_m"":949,""mem_b"":790248528,""priority"":""1"",""node"":""kwok-node-7""},{""name"":""rs-22-p1-sk9vt"",""cpu_m"":949,""mem_b"":790248528,""priority"":""1"",""node"":""kwok-node-4""},{""name"":""rs-22-p1-tsbvk"",""cpu_m"":949,""mem_b"":790248528,""priority"":""1"",""node"":""kwok-node-16""},{""name"":""rs-23-p1-hbx4v"",""cpu_m"":825,""mem_b"":790020957,""priority"":""1"",""node"":""kwok-node-8""},{""name"":""rs-23-p1-qtmrq"",""cpu_m"":825,""mem_b"":790020957,""priority"":""1"",""node"":""kwok-node-24""},{""name"":""rs-24-p4-4jlpn"",""cpu_m"":175,""mem_b"":622733760,""priority"":""4"",""node"":""kwok-node-23""},{""name"":""rs-24-p4-x9zhf"",""cpu_m"":175,""mem_b"":622733760,""priority"":""4"",""node"":""kwok-node-28""},{""name"":""rs-24-p4-xmwhz"",""cpu_m"":175,""mem_b"":622733760,""priority"":""4"",""node"":""kwok-node-26""},{""name"":""rs-24-p4-xqn4c"",""cpu_m"":175,""mem_b"":622733760,""priority"":""4"",""node"":""kwok-node-3""},{""name"":""rs-25-p3-h9gsj"",""cpu_m"":787,""mem_b"":966134134,""priority"":""3"",""node"":""kwok-node-30""},{""name"":""rs-26-p2-dfwmx"",""cpu_m"":959,""mem_b"":924385870,""priority"":""2"",""node"":""kwok-node-9""},{""name"":""rs-26-p2-lczc8"",""cpu_m"":959,""mem_b"":924385870,""priority"":""2"",""node"":""kwok-node-5""},{""name"":""rs-26-p2-r45xn"",""cpu_m"":959,""mem_b"":924385870,""priority"":""2"",""node"":""kwok-node-25""},{""name"":""rs-27-p4-6m9jh"",""cpu_m"":248,""mem_b"":564656606,""priority"":""4"",""node"":""kwok-node-21""},{""name"":""rs-27-p4-d2sv6"",""cpu_m"":248,""mem_b"":564656606,""priority"":""4"",""node"":""kwok-node-20""},{""name"":""rs-27-p4-zx8hp"",""cpu_m"":248,""mem_b"":564656606,""priority"":""4"",""node"":""kwok-node-32""},{""name"":""rs-28-p2-b4gkb"",""cpu_m"":173,""mem_b"":862084371,""priority"":""2"",""node"":""kwok-node-11""},{""name"":""rs-28-p2-fngjs"",""cpu_m"":173,""mem_b"":862084371,""priority"":""2"",""node"":""kwok-node-17""},{""name"":""rs-28-p2-mbgx6"",""cpu_m"":173,""mem_b"":862084371,""priority"":""2"",""node"":""kwok-node-2""},{""name"":""rs-28-p2-mfbp5"",""cpu_m"":173,""mem_b"":862084371,""priority"":""2"",""node"":""kwok-node-1""},{""name"":""rs-29-p1-rf5lp"",""cpu_m"":899,""mem_b"":308529682,""priority"":""1"",""node"":""kwok-node-26""},{""name"":""rs-30-p3-sw88p"",""cpu_m"":417,""mem_b"":603385370,""priority"":""3"",""node"":""kwok-node-28""},{""name"":""rs-30-p3-zdkcl"",""cpu_m"":417,""mem_b"":603385370,""priority"":""3"",""node"":""kwok-node-19""},{""name"":""rs-31-p3-26qbq"",""cpu_m"":245,""mem_b"":472611376,""priority"":""3"",""node"":""kwok-node-12""},{""name"":""rs-31-p3-8ng64"",""cpu_m"":245,""mem_b"":472611376,""priority"":""3"",""node"":""kwok-node-10""},{""name"":""rs-31-p3-dvmpf"",""cpu_m"":245,""mem_b"":472611376,""priority"":""3"",""node"":""kwok-node-22""},{""name"":""rs-31-p3-mvp96"",""cpu_m"":245,""mem_b"":472611376,""priority"":""3"",""node"":""kwok-node-18""},{""name"":""rs-32-p2-458tb"",""cpu_m"":562,""mem_b"":999582882,""priority"":""2"",""node"":""kwok-node-15""},{""name"":""rs-32-p2-crcqj"",""cpu_m"":562,""mem_b"":999582882,""priority"":""2"",""node"":""kwok-node-14""},{""name"":""rs-32-p2-srfwb"",""cpu_m"":562,""mem_b"":999582882,""priority"":""2"",""node"":""""},{""name"":""rs-33-p3-m8q28"",""cpu_m"":276,""mem_b"":883213552,""priority"":""3"",""node"":""kwok-node-16""},{""name"":""rs-34-p2-9xb5f"",""cpu_m"":707,""mem_b"":961984443,""priority"":""2"",""node"":""""},{""name"":""rs-34-p2-h4tcw"",""cpu_m"":707,""mem_b"":961984443,""priority"":""2"",""node"":""""},{""name"":""rs-34-p2-t7zpl"",""cpu_m"":707,""mem_b"":961984443,""priority"":""2"",""node"":""""},{""name"":""rs-35-p3-9qdg7"",""cpu_m"":242,""mem_b"":321456035,""priority"":""3"",""node"":""kwok-node-3""},{""name"":""rs-36-p3-dxqn8"",""cpu_m"":745,""mem_b"":923253557,""priority"":""3"",""node"":""""},{""name"":""rs-36-p3-ljvg9"",""cpu_m"":745,""mem_b"":923253557,""priority"":""3"",""node"":""""},{""name"":""rs-36-p3-p6llp"",""cpu_m"":745,""mem_b"":923253557,""priority"":""3"",""node"":""""},{""name"":""rs-36-p3-rrcx4"",""cpu_m"":745,""mem_b"":923253557,""priority"":""3"",""node"":""""},{""name"":""rs-37-p4-gxgl9"",""cpu_m"":618,""mem_b"":804102138,""priority"":""4"",""node"":""""},{""name"":""rs-37-p4-mrbwh"",""cpu_m"":618,""mem_b"":804102138,""priority"":""4"",""node"":""""},{""name"":""rs-37-p4-q694h"",""cpu_m"":618,""mem_b"":804102138,""priority"":""4"",""node"":""kwok-node-31""},{""name"":""rs-38-p2-d2mj9"",""cpu_m"":161,""mem_b"":404895809,""priority"":""2"",""node"":""kwok-node-20""},{""name"":""rs-38-p2-hxnpv"",""cpu_m"":161,""mem_b"":404895809,""priority"":""2"",""node"":""kwok-node-27""},{""name"":""rs-38-p2-rzlgt"",""cpu_m"":161,""mem_b"":404895809,""priority"":""2"",""node"":""kwok-node-21""},{""name"":""rs-39-p2-dr7rn"",""cpu_m"":434,""mem_b"":341653395,""priority"":""2"",""node"":""kwok-node-13""},{""name"":""rs-39-p2-gdnzl"",""cpu_m"":434,""mem_b"":341653395,""priority"":""2"",""node"":""kwok-node-23""},{""name"":""rs-40-p4-6mkbw"",""cpu_m"":449,""mem_b"":612772146,""priority"":""4"",""node"":""kwok-node-29""},{""name"":""rs-40-p4-7qjrb"",""cpu_m"":449,""mem_b"":612772146,""priority"":""4"",""node"":""""},{""name"":""rs-40-p4-dkbh7"",""cpu_m"":449,""mem_b"":612772146,""priority"":""4"",""node"":""""},{""name"":""rs-41-p1-6xpbz"",""cpu_m"":151,""mem_b"":273600118,""priority"":""1"",""node"":""kwok-node-32""},{""name"":""rs-41-p1-8z2x7"",""cpu_m"":151,""mem_b"":273600118,""priority"":""1"",""node"":""kwok-node-3""},{""name"":""rs-41-p1-tz6qr"",""cpu_m"":151,""mem_b"":273600118,""priority"":""1"",""node"":""kwok-node-10""},{""name"":""rs-41-p1-vdhzx"",""cpu_m"":151,""mem_b"":273600118,""priority"":""1"",""node"":""kwok-node-22""},{""name"":""rs-42-p1-7467p"",""cpu_m"":340,""mem_b"":453331066,""priority"":""1"",""node"":""""},{""name"":""rs-43-p3-d5tb7"",""cpu_m"":735,""mem_b"":230807188,""priority"":""3"",""node"":""""},{""name"":""rs-43-p3-n5btl"",""cpu_m"":735,""mem_b"":230807188,""priority"":""3"",""node"":""""},{""name"":""rs-44-p4-jgxmx"",""cpu_m"":209,""mem_b"":172601937,""priority"":""4"",""node"":""kwok-node-12""},{""name"":""rs-44-p4-njcc9"",""cpu_m"":209,""mem_b"":172601937,""priority"":""4"",""node"":""kwok-node-18""},{""name"":""rs-44-p4-pdpww"",""cpu_m"":209,""mem_b"":172601937,""priority"":""4"",""node"":""kwok-node-23""},{""name"":""rs-45-p3-bmp92"",""cpu_m"":588,""mem_b"":332092556,""priority"":""3"",""node"":""""},{""name"":""rs-45-p3-bvd7s"",""cpu_m"":588,""mem_b"":332092556,""priority"":""3"",""node"":""""},{""name"":""rs-46-p1-fr9hw"",""cpu_m"":145,""mem_b"":471192442,""priority"":""1"",""node"":""kwok-node-11""},{""name"":""rs-46-p1-jc5vb"",""cpu_m"":145,""mem_b"":471192442,""priority"":""1"",""node"":""kwok-node-17""},{""name"":""rs-47-p4-47jpn"",""cpu_m"":170,""mem_b"":793673924,""priority"":""4"",""node"":""kwok-node-6""},{""name"":""rs-47-p4-7jcpb"",""cpu_m"":170,""mem_b"":793673924,""priority"":""4"",""node"":""kwok-node-8""},{""name"":""rs-47-p4-c9xs2"",""cpu_m"":170,""mem_b"":793673924,""priority"":""4"",""node"":""kwok-node-7""},{""name"":""rs-48-p4-mfdxg"",""cpu_m"":716,""mem_b"":773938126,""priority"":""4"",""node"":""""}]","[{""name"":""kwok-node-1"",""cap_cpu_m"":2094,""cap_mem_bytes"":2239926831},{""name"":""kwok-node-2"",""cap_cpu_m"":2094,""cap_mem_bytes"":2239926831},{""name"":""kwok-node-3"",""cap_cpu_m"":2094,""cap_mem_bytes"":2239926831},{""name"":""kwok-node-4"",""cap_cpu_m"":2094,""cap_mem_bytes"":2239926831},{""name"":""kwok-node-5"",""cap_cpu_m"":2094,""cap_mem_bytes"":2239926831},{""name"":""kwok-node-6"",""cap_cpu_m"":2094,""cap_mem_bytes"":2239926831},{""name"":""kwok-node-7"",""cap_cpu_m"":2094,""cap_mem_bytes"":2239926831},{""name"":""kwok-node-8"",""cap_cpu_m"":2094,""cap_mem_bytes"":2239926831},{""name"":""kwok-node-9"",""cap_cpu_m"":2094,""cap_mem_bytes"":2239926831},{""name"":""kwok-node-10"",""cap_cpu_m"":2094,""cap_mem_bytes"":2239926831},{""name"":""kwok-node-11"",""cap_cpu_m"":2094,""cap_mem_bytes"":2239926831},{""name"":""kwok-node-12"",""cap_cpu_m"":2094,""cap_mem_bytes"":2239926831},{""name"":""kwok-node-13"",""cap_cpu_m"":2094,""cap_mem_bytes"":2239926831},{""name"":""kwok-node-14"",""cap_cpu_m"":2094,""cap_mem_bytes"":2239926831},{""name"":""kwok-node-15"",""cap_cpu_m"":2094,""cap_mem_bytes"":2239926831},{""name"":""kwok-node-16"",""cap_cpu_m"":2094,""cap_mem_bytes"":2239926831},{""name"":""kwok-node-17"",""cap_cpu_m"":2094,""cap_mem_bytes"":2239926831},{""name"":""kwok-node-18"",""cap_cpu_m"":2094,""cap_mem_bytes"":2239926831},{""name"":""kwok-node-19"",""cap_cpu_m"":2094,""cap_mem_bytes"":2239926831},{""name"":""kwok-node-20"",""cap_cpu_m"":2094,""cap_mem_bytes"":2239926831},{""name"":""kwok-node-21"",""cap_cpu_m"":2094,""cap_mem_bytes"":2239926831},{""name"":""kwok-node-22"",""cap_cpu_m"":2094,""cap_mem_bytes"":2239926831},{""name"":""kwok-node-23"",""cap_cpu_m"":2094,""cap_mem_bytes"":2239926831},{""name"":""kwok-node-24"",""cap_cpu_m"":2094,""cap_mem_bytes"":2239926831},{""name"":""kwok-node-25"",""cap_cpu_m"":2094,""cap_mem_bytes"":2239926831},{""name"":""kwok-node-26"",""cap_cpu_m"":2094,""cap_mem_bytes"":2239926831},{""name"":""kwok-node-27"",""cap_cpu_m"":2094,""cap_mem_bytes"":2239926831},{""name"":""kwok-node-28"",""cap_cpu_m"":2094,""cap_mem_bytes"":2239926831},{""name"":""kwok-node-29"",""cap_cpu_m"":2094,""cap_mem_bytes"":2239926831},{""name"":""kwok-node-30"",""cap_cpu_m"":2094,""cap_mem_bytes"":2239926831},{""name"":""kwok-node-31"",""cap_cpu_m"":2094,""cap_mem_bytes"":2239926831},{""name"":""kwok-node-32"",""cap_cpu_m"":2094,""cap_mem_bytes"":2239926831}]"
2026/02/11/12:44:27,1993971700290982859,,"{""evicted"":0,""moved"":0,""placed_by_priority"":{""1"":36,""2"":45,""3"":13,""4"":13}}",python,"{""evicted"":6,""moved"":19,""placed_by_priority"":{""1"":30,""2"":49,""3"":26,""4"":13}}",988,FEASIBLE,"[{""duration_ms"":988,""name"":""python"",""score"":{""evicted"":6,""moved"":19,""placed_by_priority"":{""1"":30,""2"":49,""3"":26,""4"":13}},""status"":""FEASIBLE""}]",0.898,0.811,0.915,0.856,60296,54505,66887024391,62597260741,115,107,13,21,"{""kwok-node-1"":4,""kwok-node-10"":5,""kwok-node-11"":5,""kwok-node-12"":3,""kwok-node-13"":4,""kwok-node-14"":4,""kwok-node-15"":4,""kwok-node-16"":3,""kwok-node-17"":3,""kwok-node-18"":3,""kwok-node-19"":4,""kwok-node-2"":3,""kwok-node-20"":4,""kwok-node-21"":5,""kwok-node-22"":4,""kwok-node-23"":3,""kwok-node-24"":3,""kwok-node-25"":3,""kwok-node-26"":3,""kwok-node-27"":3,""kwok-node-28"":4,""kwok-node-29"":4,""kwok-node-3"":4,""kwok-node-30"":2,""kwok-node-31"":3,""kwok-node-32"":3,""kwok-node-4"":3,""kwok-node-5"":3,""kwok-node-6"":4,""kwok-node-7"":4,""kwok-node-8"":4,""kwok-node-9"":4}","{""kwok-node-1"":4,""kwok-node-10"":5,""kwok-node-11"":5,""kwok-node-12"":3,""kwok-node-13"":4,""kwok-node-14"":4,""kwok-node-15"":4,""kwok-node-16"":3,""kwok-node-17"":2,""kwok-node-18"":3,""kwok-node-19"":5,""kwok-node-2"":3,""kwok-node-20"":4,""kwok-node-21"":4,""kwok-node-22"":3,""kwok-node-23"":3,""kwok-node-24"":3,""kwok-node-25"":2,""kwok-node-26"":2,""kwok-node-27"":3,""kwok-node-28"":4,""kwok-node-29"":3,""kwok-node-3"":3,""kwok-node-30"":2,""kwok-node-31"":2,""kwok-node-32"":3,""kwok-node-4"":3,""kwok-node-5"":3,""kwok-node-6"":3,""kwok-node-7"":4,""kwok-node-8"":4,""kwok-node-9"":4}","{""p1"":27,""p2"":49,""p3"":26,""p4"":13}","{""p1"":36,""p2"":45,""p3"":13,""p4"":13}","{""p1"":13}","{""p1"":4,""p2"":4,""p3"":13}","{rs-07-p1-7946v,rs-07-p1-9khmv,rs-12-p1-np5zm,rs-12-p1-nqwhc,rs-13-p1-szd9f,rs-20-p1-svjdt,rs-22-p1-9gmbw,rs-26-p1-px6bh,rs-31-p1-l8gnt,rs-39-p1-64jll,rs-39-p1-92d9w,rs-39-p1-kd8bm,rs-39-p1-pbtd9}","{rs-34-p3-mqp7h,rs-34-p3-nksmh,rs-34-p3-rbdsp,rs-38-p2-8z5r9,rs-39-p1-64jll,rs-39-p1-92d9w,rs-39-p1-kd8bm,rs-39-p1-pbtd9,rs-40-p3-5d2zm,rs-42-p3-225qk,rs-42-p3-722lh,rs-42-p3-7kbn4,rs-42-p3-b2tw7,rs-43-p3-ql4kq,rs-43-p3-sb5ts,rs-43-p3-wpt6k,rs-44-p3-9sxvh,rs-44-p3-xdcbp,rs-45-p2-chdmq,rs-45-p2-mfcgq,rs-45-p2-xv222}","{rs-01-p3-t5xxr,rs-02-p2-bm6sw,rs-02-p2-k5hfr,rs-02-p2-lz6tn,rs-02-p2-xq8lj,rs-03-p2-2mkxs,rs-03-p2-qd88t,rs-04-p1-fmnb9,rs-04-p1-s5kzs,rs-05-p2-2vgxt,rs-05-p2-kkjsq,rs-05-p2-x2srb,rs-05-p2-xs9w5,rs-06-p2-pk9dn,rs-07-p1-6vvjp,rs-07-p1-r25kf,rs-08-p2-45l6k,rs-08-p2-d62xp,rs-08-p2-g9r69,rs-08-p2-qnc87,rs-09-p3-l4rx9,rs-10-p2-59h9j,rs-10-p2-krxd6,rs-10-p2-r6wlq,rs-10-p2-tcd7z,rs-11-p4-lsn5l,rs-12-p1-bmbpv,rs-13-p1-9b855,rs-13-p1-m2tlv,rs-13-p1-qxlfc,rs-14-p2-cts6r,rs-14-p2-dpkfx,rs-14-p2-lr6fc,rs-14-p2-ttxd8,rs-15-p1-8pcqj,rs-15-p1-8rv84,rs-16-p4-6jh5x,rs-17-p4-5kh9x,rs-17-p4-9n5k2,rs-17-p4-pq26l,rs-18-p3-8bnd7,rs-18-p3-csvgz,rs-18-p3-q9qft,rs-19-p1-dg6wx,rs-19-p1-vdntl,rs-19-p1-w8l9x,rs-20-p1-btj5c,rs-20-p1-p6vkv,rs-20-p1-tjwbn,rs-21-p2-cwxdz,rs-21-p2-jnxff,rs-21-p2-m2smz,rs-21-p2-mlgb4,rs-22-p1-6xstv,rs-22-p1-tv45w,rs-23-p2-24zvw,rs-23-p2-gqjt8,rs-23-p2-tt7d2,rs-24-p4-8k9lq,rs-24-p4-ltlt7,rs-24-p4-zpc8w,rs-25-p1-4fkk8,rs-25-p1-swjbv,rs-25-p1-wnkp5,rs-25-p1-z87cx,rs-26-p1-6bblt,rs-26-p1-gpkhf,rs-27-p2-dt7x9,rs-27-p2-gxhc9,rs-27-p2-qcz5g,rs-27-p2-whgdl,rs-28-p2-gw5wd,rs-29-p2-jvphd,rs-29-p2-npsps,rs-29-p2-q656k,rs-30-p1-mmphd,rs-30-p1-xktxp,rs-32-p4-lzlzs,rs-32-p4-plmmf,rs-32-p4-qznmj,rs-33-p2-7vxs8,rs-33-p2-bdr8b,rs-33-p2-j7f85,rs-33-p2-swt4c,rs-34-p3-mqp7h,rs-34-p3-nksmh,rs-34-p3-rbdsp,rs-35-p3-7jnnt,rs-35-p3-wxb7z,rs-36-p4-45ks9,rs-36-p4-bs5dx,rs-37-p3-hxh4t,rs-38-p2-8z5r9,rs-38-p2-r5spd,rs-38-p2-xzbk2,rs-40-p3-5d2zm,rs-41-p3-666sb,rs-41-p3-rq5ff,rs-42-p3-225qk,rs-42-p3-722lh,rs-42-p3-7kbn4,rs-42-p3-b2tw7,rs-43-p3-ql4kq,rs-43-p3-sb5ts,rs-43-p3-wpt6k,rs-44-p3-9sxvh,rs-44-p3-xdcbp,rs-45-p2-chdmq,rs-45-p2-mfcgq,rs-45-p2-pbblm,rs-45-p2-xv222,rs-46-p3-qj9fv,rs-46-p3-rgncg,rs-46-p3-zmbhw,rs-47-p1-bftjl}","{rs-01-p3-t5xxr,rs-02-p2-bm6sw,rs-02-p2-k5hfr,rs-02-p2-lz6tn,rs-02-p2-xq8lj,rs-03-p2-2mkxs,rs-03-p2-qd88t,rs-04-p1-c6xbt,rs-04-p1-p6cwr,rs-05-p2-2vgxt,rs-05-p2-kkjsq,rs-05-p2-x2srb,rs-05-p2-xs9w5,rs-06-p2-pk9dn,rs-07-p1-272lx,rs-07-p1-bm66c,rs-07-p1-cf9bm,rs-07-p1-r25kf,rs-08-p2-45l6k,rs-08-p2-d62xp,rs-08-p2-g9r69,rs-08-p2-qnc87,rs-09-p3-l4rx9,rs-10-p2-59h9j,rs-10-p2-krxd6,rs-10-p2-r6wlq,rs-10-p2-tcd7z,rs-11-p4-lsn5l,rs-12-p1-7pp49,rs-12-p1-bmbpv,rs-12-p1-rmxcm,rs-13-p1-4jx7f,rs-13-p1-9b855,rs-13-p1-m2tlv,rs-13-p1-qxlfc,rs-14-p2-cts6r,rs-14-p2-dpkfx,rs-14-p2-lr6fc,rs-14-p2-ttxd8,rs-15-p1-5h48b,rs-15-p1-f9skl,rs-16-p4-6jh5x,rs-17-p4-5kh9x,rs-17-p4-9n5k2,rs-17-p4-pq26l,rs-18-p3-8bnd7,rs-18-p3-csvgz,rs-18-p3-q9qft,rs-19-p1-dg6wx,rs-19-p1-klf94,rs-19-p1-vdntl,rs-20-p1-6s5d6,rs-20-p1-ch7l5,rs-20-p1-kz7kk,rs-20-p1-wbr5l,rs-21-p2-cwxdz,rs-21-p2-jnxff,rs-21-p2-m2smz,rs-21-p2-mlgb4,rs-22-p1-8z46g,rs-22-p1-tv45w,rs-22-p1-xvc7x,rs-23-p2-24zvw,rs-23-p2-gqjt8,rs-23-p2-tt7d2,rs-24-p4-8k9lq,rs-24-p4-ltlt7,rs-24-p4-zpc8w,rs-25-p1-5c2nc,rs-25-p1-9ct72,rs-25-p1-bsjfm,rs-25-p1-z87cx,rs-26-p1-54x9p,rs-26-p1-6bblt,rs-26-p1-zdt68,rs-27-p2-dt7x9,rs-27-p2-gxhc9,rs-27-p2-qcz5g,rs-27-p2-whgdl,rs-28-p2-gw5wd,rs-29-p2-jvphd,rs-29-p2-npsps,rs-29-p2-q656k,rs-30-p1-k4pk7,rs-30-p1-w6jsk,rs-31-p1-2mh57,rs-32-p4-lzlzs,rs-32-p4-plmmf,rs-32-p4-qznmj,rs-33-p2-7vxs8,rs-33-p2-bdr8b,rs-33-p2-j7f85,rs-33-p2-swt4c,rs-35-p3-7jnnt,rs-35-p3-wxb7z,rs-36-p4-45ks9,rs-36-p4-bs5dx,rs-37-p3-hxh4t,rs-38-p2-r5spd,rs-38-p2-xzbk2,rs-41-p3-666sb,rs-41-p3-rq5ff,rs-45-p2-pbblm,rs-46-p3-qj9fv,rs-46-p3-rgncg,rs-46-p3-zmbhw,rs-47-p1-bftjl}","[{""name"":""rs-01-p3-t5xxr"",""cpu_m"":731,""mem_b"":865691521,""priority"":""3"",""node"":""kwok-node-17""},{""name"":""rs-02-p2-bm6sw"",""cpu_m"":288,""mem_b"":511003890,""priority"":""2"",""node"":""kwok-node-10""},{""name"":""rs-02-p2-k5hfr"",""cpu_m"":288,""mem_b"":511003890,""priority"":""2"",""node"":""kwok-node-19""},{""name"":""rs-02-p2-lz6tn"",""cpu_m"":288,""mem_b"":511003890,""priority"":""2"",""node"":""kwok-node-11""},{""name"":""rs-02-p2-xq8lj"",""cpu_m"":288,""mem_b"":511003890,""priority"":""2"",""node"":""kwok-node-15""},{""name"":""rs-03-p2-2mkxs"",""cpu_m"":150,""mem_b"":215771876,""priority"":""2"",""node"":""kwok-node-1""},{""name"":""rs-03-p2-qd88t"",""cpu_m"":150,""mem_b"":215771876,""priority"":""2"",""node"":""kwok-node-13""},{""name"":""rs-04-p1-fmnb9"",""cpu_m"":402,""mem_b"":257076639,""priority"":""1"",""node"":""kwok-node-21""},{""name"":""rs-04-p1-s5kzs"",""cpu_m"":402,""mem_b"":257076639,""priority"":""1"",""node"":""kwok-node-3""},{""name"":""rs-05-p2-2vgxt"",""cpu_m"":241,""mem_b"":855659611,""priority"":""2"",""node"":""kwok-node-18""},{""name"":""rs-05-p2-kkjsq"",""cpu_m"":241,""mem_b"":855659611,""priority"":""2"",""node"":""kwok-node-20""},{""name"":""rs-05-p2-x2srb"",""cpu_m"":241,""mem_b"":855659611,""priority"":""2"",""node"":""kwok-node-2""},{""name"":""rs-05-p2-xs9w5"",""cpu_m"":241,""mem_b"":855659611,""priority"":""2"",""node"":""kwok-node-12""},{""name"":""rs-06-p2-pk9dn"",""cpu_m"":426,""mem_b"":390515758,""priority"":""2"",""node"":""kwok-node-21""},{""name"":""rs-07-p1-6vvjp"",""cpu_m"":747,""mem_b"":889921782,""priority"":""1"",""node"":""kwok-node-32""},{""name"":""rs-07-p1-7946v"",""cpu_m"":747,""mem_b"":889921782,""priority"":""1"",""node"":""""},{""name"":""rs-07-p1-9khmv"",""cpu_m"":747,""mem_b"":889921782,""priority"":""1"",""node"":""""},{""name"":""rs-07-p1-r25kf"",""cpu_m"":747,""mem_b"":889921782,""priority"":""1"",""node"":""kwok-node-24""},{""name"":""rs-08-p2-45l6k"",""cpu_m"":444,""mem_b"":846495404,""priority"":""2"",""node"":""kwok-node-22""},{""name"":""rs-08-p2-d62xp"",""cpu_m"":444,""mem_b"":846495404,""priority"":""2"",""node"":""kwok-node-27""},{""name"":""rs-08-p2-g9r69"",""cpu_m"":444,""mem_b"":846495404,""priority"":""2"",""node"":""kwok-node-13""},{""name"":""rs-08-p2-qnc87"",""cpu_m"":444,""mem_b"":846495404,""priority"":""2"",""node"":""kwok-node-28""},{""name"":""rs-09-p3-l4rx9"",""cpu_m"":162,""mem_b"":949827205,""priority"":""3"",""node"":""kwok-node-16""},{""name"":""rs-10-p2-59h9j"",""cpu_m"":420,""mem_b"":505455614,""priority"":""2"",""node"":""kwok-node-21""},{""name"":""rs-10-p2-krxd6"",""cpu_m"":420,""mem_b"":505455614,""priority"":""2"",""node"":""kwok-node-14""},{""name"":""rs-10-p2-r6wlq"",""cpu_m"":420,""mem_b"":505455614,""priority"":""2"",""node"":""kwok-node-1""},{""name"":""rs-10-p2-tcd7z"",""cpu_m"":420,""mem_b"":505455614,""priority"":""2"",""node"":""kwok-node-15""},{""name"":""rs-11-p4-lsn5l"",""cpu_m"":191,""mem_b"":798092188,""priority"":""4"",""node"":""kwok-node-3""},{""name"":""rs-12-p1-bmbpv"",""cpu_m"":859,""mem_b"":909280386,""priority"":""1"",""node"":""kwok-node-32""},{""name"":""rs-12-p1-np5zm"",""cpu_m"":859,""mem_b"":909280386,""priority"":""1"",""node"":""""},{""name"":""rs-12-p1-nqwhc"",""cpu_m"":859,""mem_b"":909280386,""priority"":""1"",""node"":""""},{""name"":""rs-13-p1-9b855"",""cpu_m"":952,""mem_b"":704022042,""priority"":""1"",""node"":""kwok-node-4""},{""name"":""rs-13-p1-m2tlv"",""cpu_m"":952,""mem_b"":704022042,""priority"":""1"",""node"":""kwok-node-29""},{""name"":""rs-13-p1-qxlfc"",""cpu_m"":952,""mem_b"":704022042,""priority"":""1"",""node"":""kwok-node-6""},{""name"":""rs-13-p1-szd9f"",""cpu_m"":952,""mem_b"":704022042,""priority"":""1"",""node"":""""},{""name"":""rs-14-p2-cts6r"",""cpu_m"":212,""mem_b"":700722061,""priority"":""2"",""node"":""kwok-node-10""},{""name"":""rs-14-p2-dpkfx"",""cpu_m"":212,""mem_b"":700722061,""priority"":""2"",""node"":""kwok-node-29""},{""name"":""rs-14-p2-lr6fc"",""cpu_m"":212,""mem_b"":700722061,""priority"":""2"",""node"":""kwok-node-11""},{""name"":""rs-14-p2-ttxd8"",""cpu_m"":212,""mem_b"":700722061,""priority"":""2"",""node"":""kwok-node-19""},{""name"":""rs-15-p1-8pcqj"",""cpu_m"":475,""mem_b"":178374032,""priority"":""1"",""node"":""kwok-node-14""},{""name"":""rs-15-p1-8rv84"",""cpu_m"":475,""mem_b"":178374032,""priority"":""1"",""node"":""kwok-node-22""},{""name"":""rs-16-p4-6jh5x"",""cpu_m"":624,""mem_b"":314724996,""priority"":""4"",""node"":""kwok-node-9""},{""name"":""rs-17-p4-5kh9x"",""cpu_m"":532,""mem_b"":700490686,""priority"":""4"",""node"":""kwok-node-8""},{""name"":""rs-17-p4-9n5k2"",""cpu_m"":532,""mem_b"":700490686,""priority"":""4"",""node"":""kwok-node-9""},{""name"":""rs-17-p4-pq26l"",""cpu_m"":532,""mem_b"":700490686,""priority"":""4"",""node"":""kwok-node-7""},{""name"":""rs-18-p3-8bnd7"",""cpu_m"":917,""mem_b"":471053500,""priority"":""3"",""node"":""kwok-node-20""},{""name"":""rs-18-p3-csvgz"",""cpu_m"":917,""mem_b"":471053500,""priority"":""3"",""node"":""kwok-node-12""},{""name"":""rs-18-p3-q9qft"",""cpu_m"":917,""mem_b"":471053500,""priority"":""3"",""node"":""kwok-node-3""},{""name"":""rs-19-p1-dg6wx"",""cpu_m"":244,""mem_b"":890984362,""priority"":""1"",""node"":""kwok-node-5""},{""name"":""rs-19-p1-vdntl"",""cpu_m"":244,""mem_b"":890984362,""priority"":""1"",""node"":""kwok-node-6""},{""name"":""rs-19-p1-w8l9x"",""cpu_m"":244,""mem_b"":890984362,""priority"":""1"",""node"":""kwok-node-31""},{""name"":""rs-20-p1-btj5c"",""cpu_m"":452,""mem_b"":394388667,""priority"":""1"",""node"":""kwok-node-6""},{""name"":""rs-20-p1-p6vkv"",""cpu_m"":452,""mem_b"":394388667,""priority"":""1"",""node"":""kwok-node-17""},{""name"":""rs-20-p1-svjdt"",""cpu_m"":452,""mem_b"":394388667,""priority"":""1"",""node"":""""},{""name"":""rs-20-p1-tjwbn"",""cpu_m"":452,""mem_b"":394388667,""priority"":""1"",""node"":""kwok-node-16""},{""name"":""rs-21-p2-cwxdz"",""cpu_m"":850,""mem_b"":906106982,""priority"":""2"",""node"":""kwok-node-17""},{""name"":""rs-21-p2-jnxff"",""cpu_m"":850,""mem_b"":906106982,""priority"":""2"",""node"":""kwok-node-18""},{""name"":""rs-21-p2-m2smz"",""cpu_m"":850,""mem_b"":906106982,""priority"":""2"",""node"":""kwok-node-25""},{""name"":""rs-21-p2-mlgb4"",""cpu_m"":850,""mem_b"":906106982,""priority"":""2"",""node"":""kwok-node-2""},{""name"":""rs-22-p1-6xstv"",""cpu_m"":765,""mem_b"":854217581,""priority"":""1"",""node"":""kwok-node-4""},{""name"":""rs-22-p1-9gmbw"",""cpu_m"":765,""mem_b"":854217581,""priority"":""1"",""node"":""""},{""name"":""rs-22-p1-tv45w"",""cpu_m"":765,""mem_b"":854217581,""priority"":""1"",""node"":""kwok-node-23""},{""name"":""rs-23-p2-24zvw"",""cpu_m"":258,""mem_b"":807997795,""priority"":""2"",""node"":""kwok-node-8""},{""name"":""rs-23-p2-gqjt8"",""cpu_m"":258,""mem_b"":807997795,""priority"":""2"",""node"":""kwok-node-7""},{""name"":""rs-23-p2-tt7d2"",""cpu_m"":258,""mem_b"":807997795,""priority"":""2"",""node"":""kwok-node-21""},{""name"":""rs-24-p4-8k9lq"",""cpu_m"":981,""mem_b"":978852402,""priority"":""4"",""node"":""kwok-node-30""},{""name"":""rs-24-p4-ltlt7"",""cpu_m"":981,""mem_b"":978852402,""priority"":""4"",""node"":""kwok-node-31""},{""name"":""rs-24-p4-zpc8w"",""cpu_m"":981,""mem_b"":978852402,""priority"":""4"",""node"":""kwok-node-26""},{""name"":""rs-25-p1-4fkk8"",""cpu_m"":591,""mem_b"":125826912,""priority"":""1"",""node"":""kwok-node-29""},{""name"":""rs-25-p1-swjbv"",""cpu_m"":591,""mem_b"":125826912,""priority"":""1"",""node"":""kwok-node-10""},{""name"":""rs-25-p1-wnkp5"",""cpu_m"":591,""mem_b"":125826912,""priority"":""1"",""node"":""kwok-node-31""},{""name"":""rs-25-p1-z87cx"",""cpu_m"":591,""mem_b"":125826912,""priority"":""1"",""node"":""kwok-node-19""},{""name"":""rs-26-p1-6bblt"",""cpu_m"":207,""mem_b"":553641611,""priority"":""1"",""node"":""kwok-node-15""},{""name"":""rs-26-p1-gpkhf"",""cpu_m"":207,""mem_b"":553641611,""priority"":""1"",""node"":""kwok-node-28""},{""name"":""rs-26-p1-px6bh"",""cpu_m"":207,""mem_b"":553641611,""priority"":""1"",""node"":""""},{""name"":""rs-27-p2-dt7x9"",""cpu_m"":717,""mem_b"":814165007,""priority"":""2"",""node"":""kwok-node-1""},{""name"":""rs-27-p2-gxhc9"",""cpu_m"":717,""mem_b"":814165007,""priority"":""2"",""node"":""kwok-node-22""},{""name"":""rs-27-p2-qcz5g"",""cpu_m"":717,""mem_b"":814165007,""priority"":""2"",""node"":""kwok-node-16""},{""name"":""rs-27-p2-whgdl"",""cpu_m"":717,""mem_b"":814165007,""priority"":""2"",""node"":""kwok-node-27""},{""name"":""rs-28-p2-gw5wd"",""cpu_m"":616,""mem_b"":288026774,""priority"":""2"",""node"":""kwok-node-28""},{""name"":""rs-29-p2-jvphd"",""cpu_m"":555,""mem_b"":660168247,""priority"":""2"",""node"":""kwok-node-3""},{""name"":""rs-29-p2-npsps"",""cpu_m"":555,""mem_b"":660168247,""priority"":""2"",""node"":""kwok-node-12""},{""name"":""rs-29-p2-q656k"",""cpu_m"":555,""mem_b"":660168247,""priority"":""2"",""node"":""kwok-node-13""},{""name"":""rs-30-p1-mmphd"",""cpu_m"":211,""mem_b"":245169090,""priority"":""1"",""node"":""kwok-node-20""},{""name"":""rs-30-p1-xktxp"",""cpu_m"":211,""mem_b"":245169090,""priority"":""1"",""node"":""kwok-node-22""},{""name"":""rs-31-p1-l8gnt"",""cpu_m"":787,""mem_b"":357916235,""priority"":""1"",""node"":""""},{""name"":""rs-32-p4-lzlzs"",""cpu_m"":300,""mem_b"":452531325,""priority"":""4"",""node"":""kwok-node-29""},{""name"":""rs-32-p4-plmmf"",""cpu_m"":300,""mem_b"":452531325,""priority"":""4"",""node"":""kwok-node-11""},{""name"":""rs-32-p4-qznmj"",""cpu_m"":300,""mem_b"":452531325,""priority"":""4"",""node"":""kwok-node-10""},{""name"":""rs-33-p2-7vxs8"",""cpu_m"":367,""mem_b"":384493254,""priority"":""2"",""node"":""kwok-node-4""},{""name"":""rs-33-p2-bdr8b"",""cpu_m"":367,""mem_b"":384493254,""priority"":""2"",""node"":""kwok-node-20""},{""name"":""rs-33-p2-j7f85"",""cpu_m"":367,""mem_b"":384493254,""priority"":""2"",""node"":""kwok-node-9""},{""name"":""rs-33-p2-swt4c"",""cpu_m"":367,""mem_b"":384493254,""priority"":""2"",""node"":""kwok-node-32""},{""name"":""rs-34-p3-mqp7h"",""cpu_m"":982,""mem_b"":667772530,""priority"":""3"",""node"":""kwok-node-24""},{""name"":""rs-34-p3-nksmh"",""cpu_m"":982,""mem_b"":667772530,""priority"":""3"",""node"":""kwok-node-25""},{""name"":""rs-34-p3-rbdsp"",""cpu_m"":982,""mem_b"":667772530,""priority"":""3"",""node"":""kwok-node-15""},{""name"":""rs-35-p3-7jnnt"",""cpu_m"":562,""mem_b"":177088397,""priority"":""3"",""node"":""kwok-node-5""},{""name"":""rs-35-p3-wxb7z"",""cpu_m"":562,""mem_b"":177088397,""priority"":""3"",""node"":""kwok-node-21""},{""name"":""rs-36-p4-45ks9"",""cpu_m"":358,""mem_b"":581416350,""priority"":""4"",""node"":""kwok-node-28""},{""name"":""rs-36-p4-bs5dx"",""cpu_m"":358,""mem_b"":581416350,""priority"":""4"",""node"":""kwok-node-19""},{""name"":""rs-37-p3-hxh4t"",""cpu_m"":238,""mem_b"":292655879,""priority"":""3"",""node"":""kwok-node-6""},{""name"":""rs-38-p2-8z5r9"",""cpu_m"":886,""mem_b"":393670320,""priority"":""2"",""node"":""kwok-node-27""},{""name"":""rs-38-p2-r5spd"",""cpu_m"":886,""mem_b"":393670320,""priority"":""2"",""node"":""kwok-node-2""},{""name"":""rs-38-p2-xzbk2"",""cpu_m"":886,""mem_b"":393670320,""priority"":""2"",""node"":""kwok-node-18""},{""name"":""rs-39-p1-64jll"",""cpu_m"":959,""mem_b"":853407776,""priority"":""1"",""node"":""""},{""name"":""rs-39-p1-92d9w"",""cpu_m"":959,""mem_b"":853407776,""priority"":""1"",""node"":""""},{""name"":""rs-39-p1-kd8bm"",""cpu_m"":959,""mem_b"":853407776,""priority"":""1"",""node"":""""},{""name"":""rs-39-p1-pbtd9"",""cpu_m"":959,""mem_b"":853407776,""priority"":""1"",""node"":""""},{""name"":""rs-40-p3-5d2zm"",""cpu_m"":176,""mem_b"":695983302,""priority"":""3"",""node"":""kwok-node-25""},{""name"":""rs-41-p3-666sb"",""cpu_m"":495,""mem_b"":145069156,""priority"":""3"",""node"":""kwok-node-8""},{""name"":""rs-41-p3-rq5ff"",""cpu_m"":495,""mem_b"":145069156,""priority"":""3"",""node"":""kwok-node-7""},{""name"":""rs-42-p3-225qk"",""cpu_m"":877,""mem_b"":924715094,""priority"":""3"",""node"":""kwok-node-5""},{""name"":""rs-42-p3-722lh"",""cpu_m"":877,""mem_b"":924715094,""priority"":""3"",""node"":""kwok-node-14""},{""name"":""rs-42-p3-7kbn4"",""cpu_m"":877,""mem_b"":924715094,""priority"":""3"",""node"":""kwok-node-30""},{""name"":""rs-42-p3-b2tw7"",""cpu_m"":877,""mem_b"":924715094,""priority"":""3"",""node"":""kwok-node-23""},{""name"":""rs-43-p3-ql4kq"",""cpu_m"":740,""mem_b"":301071314,""priority"":""3"",""node"":""kwok-node-13""},{""name"":""rs-43-p3-sb5ts"",""cpu_m"":740,""mem_b"":301071314,""priority"":""3"",""node"":""kwok-node-11""},{""name"":""rs-43-p3-wpt6k"",""cpu_m"":740,""mem_b"":301071314,""priority"":""3"",""node"":""kwok-node-7""},{""name"":""rs-44-p3-9sxvh"",""cpu_m"":792,""mem_b"":646512804,""priority"":""3"",""node"":""kwok-node-1""},{""name"":""rs-44-p3-xdcbp"",""cpu_m"":792,""mem_b"":646512804,""priority"":""3"",""node"":""kwok-node-26""},{""name"":""rs-45-p2-chdmq"",""cpu_m"":282,""mem_b"":588094328,""priority"":""2"",""node"":""kwok-node-9""},{""name"":""rs-45-p2-mfcgq"",""cpu_m"":282,""mem_b"":588094328,""priority"":""2"",""node"":""kwok-node-26""},{""name"":""rs-45-p2-pbblm"",""cpu_m"":282,""mem_b"":588094328,""priority"":""2"",""node"":""kwok-node-14""},{""name"":""rs-45-p2-xv222"",""cpu_m"":282,""mem_b"":588094328,""priority"":""2"",""node"":""kwok-node-8""},{""name"":""rs-46-p3-qj9fv"",""cpu_m"":363,""mem_b"":241239221,""priority"":""3"",""node"":""kwok-node-24""},{""name"":""rs-46-p3-rgncg"",""cpu_m"":363,""mem_b"":241239221,""priority"":""3"",""node"":""kwok-node-11""},{""name"":""rs-46-p3-zmbhw"",""cpu_m"":363,""mem_b"":241239221,""priority"":""3"",""node"":""kwok-node-10""},{""name"":""rs-47-p1-bftjl"",""cpu_m"":303,""mem_b"":250027885,""priority"":""1"",""node"":""kwok-node-23""}]","[{""name"":""rs-01-p3-t5xxr"",""cpu_m"":731,""mem_b"":865691521,""priority"":""3"",""node"":""kwok-node-17""},{""name"":""rs-02-p2-bm6sw"",""cpu_m"":288,""mem_b"":511003890,""priority"":""2"",""node"":""kwok-node-10""},{""name"":""rs-02-p2-k5hfr"",""cpu_m"":288,""mem_b"":511003890,""priority"":""2"",""node"":""kwok-node-19""},{""name"":""rs-02-p2-lz6tn"",""cpu_m"":288,""mem_b"":511003890,""priority"":""2"",""node"":""kwok-node-11""},{""name"":""rs-02-p2-xq8lj"",""cpu_m"":288,""mem_b"":511003890,""priority"":""2"",""node"":""kwok-node-15""},{""name"":""rs-03-p2-2mkxs"",""cpu_m"":150,""mem_b"":215771876,""priority"":""2"",""node"":""kwok-node-1""},{""name"":""rs-03-p2-qd88t"",""cpu_m"":150,""mem_b"":215771876,""priority"":""2"",""node"":""kwok-node-13""},{""name"":""rs-04-p1-c6xbt"",""cpu_m"":402,""mem_b"":257076639,""priority"":""1"",""node"":""kwok-node-14""},{""name"":""rs-04-p1-p6cwr"",""cpu_m"":402,""mem_b"":257076639,""priority"":""1"",""node"":""kwok-node-16""},{""name"":""rs-05-p2-2vgxt"",""cpu_m"":241,""mem_b"":855659611,""priority"":""2"",""node"":""kwok-node-18""},{""name"":""rs-05-p2-kkjsq"",""cpu_m"":241,""mem_b"":855659611,""priority"":""2"",""node"":""kwok-node-20""},{""name"":""rs-05-p2-x2srb"",""cpu_m"":241,""mem_b"":855659611,""priority"":""2"",""node"":""kwok-node-2""},{""name"":""rs-05-p2-xs9w5"",""cpu_m"":241,""mem_b"":855659611,""priority"":""2"",""node"":""kwok-node-12""},{""name"":""rs-06-p2-pk9dn"",""cpu_m"":426,""mem_b"":390515758,""priority"":""2"",""node"":""kwok-node-21""},{""name"":""rs-07-p1-272lx"",""cpu_m"":747,""mem_b"":889921782,""priority"":""1"",""node"":""kwok-node-26""},{""name"":""rs-07-p1-bm66c"",""cpu_m"":747,""mem_b"":889921782,""priority"":""1"",""node"":""kwok-node-23""},{""name"":""rs-07-p1-cf9bm"",""cpu_m"":747,""mem_b"":889921782,""priority"":""1"",""node"":""kwok-node-25""},{""name"":""rs-07-p1-r25kf"",""cpu_m"":747,""mem_b"":889921782,""priority"":""1"",""node"":""kwok-node-24""},{""name"":""rs-08-p2-45l6k"",""cpu_m"":444,""mem_b"":846495404,""priority"":""2"",""node"":""kwok-node-22""},{""name"":""rs-08-p2-d62xp"",""cpu_m"":444,""mem_b"":846495404,""priority"":""2"",""node"":""kwok-node-27""},{""name"":""rs-08-p2-g9r69"",""cpu_m"":444,""mem_b"":846495404,""priority"":""2"",""node"":""kwok-node-13""},{""name"":""rs-08-p2-qnc87"",""cpu_m"":444,""mem_b"":846495404,""priority"":""2"",""node"":""kwok-node-28""},{""name"":""rs-09-p3-l4rx9"",""cpu_m"":162,""mem_b"":949827205,""priority"":""3"",""node"":""kwok-node-16""},{""name"":""rs-10-p2-59h9j"",""cpu_m"":420,""mem_b"":505455614,""priority"":""2"",""node"":""kwok-node-21""},{""name"":""rs-10-p2-krxd6"",""cpu_m"":420,""mem_b"":505455614,""priority"":""2"",""node"":""kwok-node-14""},{""name"":""rs-10-p2-r6wlq"",""cpu_m"":420,""mem_b"":505455614,""priority"":""2"",""node"":""kwok-node-1""},{""name"":""rs-10-p2-tcd7z"",""cpu_m"":420,""mem_b"":505455614,""priority"":""2"",""node"":""kwok-node-15""},{""name"":""rs-11-p4-lsn5l"",""cpu_m"":191,""mem_b"":798092188,""priority"":""4"",""node"":""kwok-node-3""},{""name"":""rs-12-p1-7pp49"",""cpu_m"":859,""mem_b"":909280386,""priority"":""1"",""node"":""kwok-node-30""},{""name"":""rs-12-p1-bmbpv"",""cpu_m"":859,""mem_b"":909280386,""priority"":""1"",""node"":""kwok-node-32""},{""name"":""rs-12-p1-rmxcm"",""cpu_m"":859,""mem_b"":909280386,""priority"":""1"",""node"":""kwok-node-31""},{""name"":""rs-13-p1-4jx7f"",""cpu_m"":952,""mem_b"":704022042,""priority"":""1"",""node"":""kwok-node-5""},{""name"":""rs-13-p1-9b855"",""cpu_m"":952,""mem_b"":704022042,""priority"":""1"",""node"":""kwok-node-4""},{""name"":""rs-13-p1-m2tlv"",""cpu_m"":952,""mem_b"":704022042,""priority"":""1"",""node"":""kwok-node-29""},{""name"":""rs-13-p1-qxlfc"",""cpu_m"":952,""mem_b"":704022042,""priority"":""1"",""node"":""kwok-node-6""},{""name"":""rs-14-p2-cts6r"",""cpu_m"":212,""mem_b"":700722061,""priority"":""2"",""node"":""kwok-node-10""},{""name"":""rs-14-p2-dpkfx"",""cpu_m"":212,""mem_b"":700722061,""priority"":""2"",""node"":""kwok-node-29""},{""name"":""rs-14-p2-lr6fc"",""cpu_m"":212,""mem_b"":700722061,""priority"":""2"",""node"":""kwok-node-11""},{""name"":""rs-14-p2-ttxd8"",""cpu_m"":212,""mem_b"":700722061,""priority"":""2"",""node"":""kwok-node-19""},{""name"":""rs-15-p1-5h48b"",""cpu_m"":475,""mem_b"":178374032,""priority"":""1"",""node"":""kwok-node-7""},{""name"":""rs-15-p1-f9skl"",""cpu_m"":475,""mem_b"":178374032,""priority"":""1"",""node"":""kwok-node-8""},{""name"":""rs-16-p4-6jh5x"",""cpu_m"":624,""mem_b"":314724996,""priority"":""4"",""node"":""kwok-node-9""},{""name"":""rs-17-p4-5kh9x"",""cpu_m"":532,""mem_b"":700490686,""priority"":""4"",""node"":""kwok-node-8""},{""name"":""rs-17-p4-9n5k2"",""cpu_m"":532,""mem_b"":700490686,""priority"":""4"",""node"":""kwok-node-9""},{""name"":""rs-17-p4-pq26l"",""cpu_m"":532,""mem_b"":700490686,""priority"":""4"",""node"":""kwok-node-7""},{""name"":""rs-18-p3-8bnd7"",""cpu_m"":917,""mem_b"":471053500,""priority"":""3"",""node"":""kwok-node-20""},{""name"":""rs-18-p3-csvgz"",""cpu_m"":917,""mem_b"":471053500,""priority"":""3"",""node"":""kwok-node-12""},{""name"":""rs-18-p3-q9qft"",""cpu_m"":917,""mem_b"":471053500,""priority"":""3"",""node"":""kwok-node-3""},{""name"":""rs-19-p1-dg6wx"",""cpu_m"":244,""mem_b"":890984362,""priority"":""1"",""node"":""kwok-node-5""},{""name"":""rs-19-p1-klf94"",""cpu_m"":244,""mem_b"":890984362,""priority"":""1"",""node"":""kwok-node-4""},{""name"":""rs-19-p1-vdntl"",""cpu_m"":244,""mem_b"":890984362,""priority"":""1"",""node"":""kwok-node-6""},{""name"":""rs-20-p1-6s5d6"",""cpu_m"":452,""mem_b"":394388667,""priority"":""1"",""node"":""kwok-node-22""},{""name"":""rs-20-p1-ch7l5"",""cpu_m"":452,""mem_b"":394388667,""priority"":""1"",""node"":""kwok-node-1""},{""name"":""rs-20-p1-kz7kk"",""cpu_m"":452,""mem_b"":394388667,""priority"":""1"",""node"":""kwok-node-28""},{""name"":""rs-20-p1-wbr5l"",""cpu_m"":452,""mem_b"":394388667,""priority"":""1"",""node"":""kwok-node-27""},{""name"":""rs-21-p2-cwxdz"",""cpu_m"":850,""mem_b"":906106982,""priority"":""2"",""node"":""kwok-node-17""},{""name"":""rs-21-p2-jnxff"",""cpu_m"":850,""mem_b"":906106982,""priority"":""2"",""node"":""kwok-node-18""},{""name"":""rs-21-p2-m2smz"",""cpu_m"":850,""mem_b"":906106982,""priority"":""2"",""node"":""kwok-node-25""},{""name"":""rs-21-p2-mlgb4"",""cpu_m"":850,""mem_b"":906106982,""priority"":""2"",""node"":""kwok-node-2""},{""name"":""rs-22-p1-8z46g"",""cpu_m"":765,""mem_b"":854217581,""priority"":""1"",""node"":""kwok-node-24""},{""name"":""rs-22-p1-tv45w"",""cpu_m"":765,""mem_b"":854217581,""priority"":""1"",""node"":""kwok-node-23""},{""name"":""rs-22-p1-xvc7x"",""cpu_m"":765,""mem_b"":854217581,""priority"":""1"",""node"":""kwok-node-14""},{""name"":""rs-23-p2-24zvw"",""cpu_m"":258,""mem_b"":807997795,""priority"":""2"",""node"":""kwok-node-8""},{""name"":""rs-23-p2-gqjt8"",""cpu_m"":258,""mem_b"":807997795,""priority"":""2"",""node"":""kwok-node-7""},{""name"":""rs-23-p2-tt7d2"",""cpu_m"":258,""mem_b"":807997795,""priority"":""2"",""node"":""kwok-node-21""},{""name"":""rs-24-p4-8k9lq"",""cpu_m"":981,""mem_b"":978852402,""priority"":""4"",""node"":""kwok-node-30""},{""name"":""rs-24-p4-ltlt7"",""cpu_m"":981,""mem_b"":978852402,""priority"":""4"",""node"":""kwok-node-31""},{""name"":""rs-24-p4-zpc8w"",""cpu_m"":981,""mem_b"":978852402,""priority"":""4"",""node"":""kwok-node-26""},{""name"":""rs-25-p1-5c2nc"",""cpu_m"":591,""mem_b"":125826912,""priority"":""1"",""node"":""kwok-node-13""},{""name"":""rs-25-p1-9ct72"",""cpu_m"":591,""mem_b"":125826912,""priority"":""1"",""node"":""kwok-node-11""},{""name"":""rs-25-p1-bsjfm"",""cpu_m"":591,""mem_b"":125826912,""priority"":""1"",""node"":""kwok-node-10""},{""name"":""rs-25-p1-z87cx"",""cpu_m"":591,""mem_b"":125826912,""priority"":""1"",""node"":""kwok-node-19""},{""name"":""rs-26-p1-54x9p"",""cpu_m"":207,""mem_b"":553641611,""priority"":""1"",""node"":""kwok-node-9""},{""name"":""rs-26-p1-6bblt"",""cpu_m"":207,""mem_b"":553641611,""priority"":""1"",""node"":""kwok-node-15""},{""name"":""rs-26-p1-zdt68"",""cpu_m"":207,""mem_b"":553641611,""priority"":""1"",""node"":""kwok-node-32""},{""name"":""rs-27-p2-dt7x9"",""cpu_m"":717,""mem_b"":814165007,""priority"":""2"",""node"":""kwok-node-1""},{""name"":""rs-27-p2-gxhc9"",""cpu_m"":717,""mem_b"":814165007,""priority"":""2"",""node"":""kwok-node-22""},{""name"":""rs-27-p2-qcz5g"",""cpu_m"":717,""mem_b"":814165007,""priority"":""2"",""node"":""kwok-node-16""},{""name"":""rs-27-p2-whgdl"",""cpu_m"":717,""mem_b"":814165007,""priority"":""2"",""node"":""kwok-node-27""},{""name"":""rs-28-p2-gw5wd"",""cpu_m"":616,""mem_b"":288026774,""priority"":""2"",""node"":""kwok-node-28""},{""name"":""rs-29-p2-jvphd"",""cpu_m"":555,""mem_b"":660168247,""priority"":""2"",""node"":""kwok-node-3""},{""name"":""rs-29-p2-npsps"",""cpu_m"":555,""mem_b"":660168247,""priority"":""2"",""node"":""kwok-node-12""},{""name"":""rs-29-p2-q656k"",""cpu_m"":555,""mem_b"":660168247,""priority"":""2"",""node"":""kwok-node-13""},{""name"":""rs-30-p1-k4pk7"",""cpu_m"":211,""mem_b"":245169090,""priority"":""1"",""node"":""kwok-node-20""},{""name"":""rs-30-p1-w6jsk"",""cpu_m"":211,""mem_b"":245169090,""priority"":""1"",""node"":""kwok-node-19""},{""name"":""rs-31-p1-2mh57"",""cpu_m"":787,""mem_b"":357916235,""priority"":""1"",""node"":""kwok-node-15""},{""name"":""rs-32-p4-lzlzs"",""cpu_m"":300,""mem_b"":452531325,""priority"":""4"",""node"":""kwok-node-29""},{""name"":""rs-32-p4-plmmf"",""cpu_m"":300,""mem_b"":452531325,""priority"":""4"",""node"":""kwok-node-11""},{""name"":""rs-32-p4-qznmj"",""cpu_m"":300,""mem_b"":452531325,""priority"":""4"",""node"":""kwok-node-10""},{""name"":""rs-33-p2-7vxs8"",""cpu_m"":367,""mem_b"":384493254,""priority"":""2"",""node"":""kwok-node-4""},{""name"":""rs-33-p2-bdr8b"",""cpu_m"":367,""mem_b"":384493254,""priority"":""2"",""node"":""kwok-node-20""},{""name"":""rs-33-p2-j7f85"",""cpu_m"":367,""mem_b"":384493254,""priority"":""2"",""node"":""kwok-node-9""},{""name"":""rs-33-p2-swt4c"",""cpu_m"":367,""mem_b"":384493254,""priority"":""2"",""node"":""kwok-node-32""},{""name"":""rs-34-p3-mqp7h"",""cpu_m"":982,""mem_b"":667772530,""priority"":""3"",""node"":""""},{""name"":""rs-34-p3-nksmh"",""cpu_m"":982,""mem_b"":667772530,""priority"":""3"",""node"":""""},{""name"":""rs-34-p3-rbdsp"",""cpu_m"":982,""mem_b"":667772530,""priority"":""3"",""node"":""""},{""name"":""rs-35-p3-7jnnt"",""cpu_m"":562,""mem_b"":177088397,""priority"":""3"",""node"":""kwok-node-5""},{""name"":""rs-35-p3-wxb7z"",""cpu_m"":562,""mem_b"":177088397,""priority"":""3"",""node"":""kwok-node-21""},{""name"":""rs-36-p4-45ks9"",""cpu_m"":358,""mem_b"":581416350,""priority"":""4"",""node"":""kwok-node-28""},{""name"":""rs-36-p4-bs5dx"",""cpu_m"":358,""mem_b"":581416350,""priority"":""4"",""node"":""kwok-node-19""},{""name"":""rs-37-p3-hxh4t"",""cpu_m"":238,""mem_b"":292655879,""priority"":""3"",""node"":""kwok-node-6""},{""name"":""rs-38-p2-8z5r9"",""cpu_m"":886,""mem_b"":393670320,""priority"":""2"",""node"":""""},{""name"":""rs-38-p2-r5spd"",""cpu_m"":886,""mem_b"":393670320,""priority"":""2"",""node"":""kwok-node-2""},{""name"":""rs-38-p2-xzbk2"",""cpu_m"":886,""mem_b"":393670320,""priority"":""2"",""node"":""kwok-node-18""},{""name"":""rs-39-p1-64jll"",""cpu_m"":959,""mem_b"":853407776,""priority"":""1"",""node"":""""},{""name"":""rs-39-p1-92d9w"",""cpu_m"":959,""mem_b"":853407776,""priority"":""1"",""node"":""""},{""name"":""rs-39-p1-kd8bm"",""cpu_m"":959,""mem_b"":853407776,""priority"":""1"",""node"":""""},{""name"":""rs-39-p1-pbtd9"",""cpu_m"":959,""mem_b"":853407776,""priority"":""1"",""node"":""""},{""name"":""rs-40-p3-5d2zm"",""cpu_m"":176,""mem_b"":695983302,""priority"":""3"",""node"":""""},{""name"":""rs-41-p3-666sb"",""cpu_m"":495,""mem_b"":145069156,""priority"":""3"",""node"":""kwok-node-8""},{""name"":""rs-41-p3-rq5ff"",""cpu_m"":495,""mem_b"":145069156,""priority"":""3"",""node"":""kwok-node-7""},{""name"":""rs-42-p3-225qk"",""cpu_m"":877,""mem_b"":924715094,""priority"":""3"",""node"":""""},{""name"":""rs-42-p3-722lh"",""cpu_m"":877,""mem_b"":924715094,""priority"":""3"",""node"":""""},{""name"":""rs-42-p3-7kbn4"",""cpu_m"":877,""mem_b"":924715094,""priority"":""3"",""node"":""""},{""name"":""rs-42-p3-b2tw7"",""cpu_m"":877,""mem_b"":924715094,""priority"":""3"",""node"":""""},{""name"":""rs-43-p3-ql4kq"",""cpu_m"":740,""mem_b"":301071314,""priority"":""3"",""node"":""""},{""name"":""rs-43-p3-sb5ts"",""cpu_m"":740,""mem_b"":301071314,""priority"":""3"",""node"":""""},{""name"":""rs-43-p3-wpt6k"",""cpu_m"":740,""mem_b"":301071314,""priority"":""3"",""node"":""""},{""name"":""rs-44-p3-9sxvh"",""cpu_m"":792,""mem_b"":646512804,""priority"":""3"",""node"":""""},{""name"":""rs-44-p3-xdcbp"",""cpu_m"":792,""mem_b"":646512804,""priority"":""3"",""node"":""""},{""name"":""rs-45-p2-chdmq"",""cpu_m"":282,""mem_b"":588094328,""priority"":""2"",""node"":""""},{""name"":""rs-45-p2-mfcgq"",""cpu_m"":282,""mem_b"":588094328,""priority"":""2"",""node"":""""},{""name"":""rs-45-p2-pbblm"",""cpu_m"":282,""mem_b"":588094328,""priority"":""2"",""node"":""kwok-node-14""},{""name"":""rs-45-p2-xv222"",""cpu_m"":282,""mem_b"":588094328,""priority"":""2"",""node"":""""},{""name"":""rs-46-p3-qj9fv"",""cpu_m"":363,""mem_b"":241239221,""priority"":""3"",""node"":""kwok-node-24""},{""name"":""rs-46-p3-rgncg"",""cpu_m"":363,""mem_b"":241239221,""priority"":""3"",""node"":""kwok-node-11""},{""name"":""rs-46-p3-zmbhw"",""cpu_m"":363,""mem_b"":241239221,""priority"":""3"",""node"":""kwok-node-10""},{""name"":""rs-47-p1-bftjl"",""cpu_m"":303,""mem_b"":250027885,""priority"":""1"",""node"":""kwok-node-23""}]","[{""name"":""kwok-node-1"",""cap_cpu_m"":2099,""cap_mem_bytes"":2284620416},{""name"":""kwok-node-2"",""cap_cpu_m"":2099,""cap_mem_bytes"":2284620416},{""name"":""kwok-node-3"",""cap_cpu_m"":2099,""cap_mem_bytes"":2284620416},{""name"":""kwok-node-4"",""cap_cpu_m"":2099,""cap_mem_bytes"":2284620416},{""name"":""kwok-node-5"",""cap_cpu_m"":2099,""cap_mem_bytes"":2284620416},{""name"":""kwok-node-6"",""cap_cpu_m"":2099,""cap_mem_bytes"":2284620416},{""name"":""kwok-node-7"",""cap_cpu_m"":2099,""cap_mem_bytes"":2284620416},{""name"":""kwok-node-8"",""cap_cpu_m"":2099,""cap_mem_bytes"":2284620416},{""name"":""kwok-node-9"",""cap_cpu_m"":2099,""cap_mem_bytes"":2284620416},{""name"":""kwok-node-10"",""cap_cpu_m"":2099,""cap_mem_bytes"":2284620416},{""name"":""kwok-node-11"",""cap_cpu_m"":2099,""cap_mem_bytes"":2284620416},{""name"":""kwok-node-12"",""cap_cpu_m"":2099,""cap_mem_bytes"":2284620416},{""name"":""kwok-node-13"",""cap_cpu_m"":2099,""cap_mem_bytes"":2284620416},{""name"":""kwok-node-14"",""cap_cpu_m"":2099,""cap_mem_bytes"":2284620416},{""name"":""kwok-node-15"",""cap_cpu_m"":2099,""cap_mem_bytes"":2284620416},{""name"":""kwok-node-16"",""cap_cpu_m"":2099,""cap_mem_bytes"":2284620416},{""name"":""kwok-node-17"",""cap_cpu_m"":2099,""cap_mem_bytes"":2284620416},{""name"":""kwok-node-18"",""cap_cpu_m"":2099,""cap_mem_bytes"":2284620416},{""name"":""kwok-node-19"",""cap_cpu_m"":2099,""cap_mem_bytes"":2284620416},{""name"":""kwok-node-20"",""cap_cpu_m"":2099,""cap_mem_bytes"":2284620416},{""name"":""kwok-node-21"",""cap_cpu_m"":2099,""cap_mem_bytes"":2284620416},{""name"":""kwok-node-22"",""cap_cpu_m"":2099,""cap_mem_bytes"":2284620416},{""name"":""kwok-node-23"",""cap_cpu_m"":2099,""cap_mem_bytes"":2284620416},{""name"":""kwok-node-24"",""cap_cpu_m"":2099,""cap_mem_bytes"":2284620416},{""name"":""kwok-node-25"",""cap_cpu_m"":2099,""cap_mem_bytes"":2284620416},{""name"":""kwok-node-26"",""cap_cpu_m"":2099,""cap_mem_bytes"":2284620416},{""name"":""kwok-node-27"",""cap_cpu_m"":2099,""cap_mem_bytes"":2284620416},{""name"":""kwok-node-28"",""cap_cpu_m"":2099,""cap_mem_bytes"":2284620416},{""name"":""kwok-node-29"",""cap_cpu_m"":2099,""cap_mem_bytes"":2284620416},{""name"":""kwok-node-30"",""cap_cpu_m"":2099,""cap_mem_bytes"":2284620416},{""name"":""kwok-node-31"",""cap_cpu_m"":2099,""cap_mem_bytes"":2284620416},{""name"":""kwok-node-32"",""cap_cpu_m"":2099,""cap_mem_bytes"":2284620416}]"
2026/02/11/12:45:16,2254113481559975435,,"{""evicted"":0,""moved"":0,""placed_by_priority"":{""1"":30,""2"":25,""3"":17,""4"":40}}",python,"{""evicted"":9,""moved"":14,""placed_by_priority"":{""1"":21,""2"":27,""3"":25,""4"":43}}",954,FEASIBLE,"[{""duration_ms"":954,""name"":""python"",""score"":{""evicted"":9,""moved"":14,""placed_by_priority"":{""1"":21,""2"":27,""3"":25,""4"":43}},""status"":""FEASIBLE""}]",0.901,0.858,0.935,0.907,60859,57964,64689249035,62758848352,115,112,13,16,"{""kwok-node-1"":4,""kwok-node-10"":3,""kwok-node-11"":4,""kwok-node-12"":3,""kwok-node-13"":3,""kwok-node-14"":4,""kwok-node-15"":4,""kwok-node-16"":4,""kwok-node-17"":3,""kwok-node-18"":4,""kwok-node-19"":4,""kwok-node-2"":4,""kwok-node-20"":3,""kwok-node-21"":4,""kwok-node-22"":4,""kwok-node-23"":4,""kwok-node-24"":4,""kwok-node-25"":3,""kwok-node-26"":4,""kwok-node-27"":4,""kwok-node-28"":4,""kwok-node-29"":3,""kwok-node-3"":3,""kwok-node-30"":3,""kwok-node-31"":4,""kwok-node-32"":3,""kwok-node-4"":3,""kwok-node-5"":4,""kwok-node-6"":4,""kwok-node-7"":4,""kwok-node-8"":3,""kwok-node-9"":3}","{""kwok-node-1"":4,""kwok-node-10"":3,""kwok-node-11"":4,""kwok-node-12"":3,""kwok-node-13"":3,""kwok-node-14"":4,""kwok-node-15"":3,""kwok-node-16"":4,""kwok-node-17"":3,""kwok-node-18"":4,""kwok-node-19"":3,""kwok-node-2"":4,""kwok-node-20"":4,""kwok-node-21"":4,""kwok-node-22"":3,""kwok-node-23"":4,""kwok-node-24"":4,""kwok-node-25"":3,""kwok-node-26"":4,""kwok-node-27"":4,""kwok-node-28"":3,""kwok-node-29"":3,""kwok-node-3"":3,""kwok-node-30"":3,""kwok-node-31"":4,""kwok-node-32"":3,""kwok-node-4"":3,""kwok-node-5"":4,""kwok-node-6"":4,""kwok-node-7"":4,""kwok-node-8"":3,""kwok-node-9"":3}","{""p1"":20,""p2"":27,""p3"":25,""p4"":43}","{""p1"":30,""p2"":25,""p3"":17,""p4"":40}","{""p1"":13}","{""p1"":3,""p2"":2,""p3"":8,""p4"":3}","{rs-06-p1-598bk,rs-14-p1-2kfjm,rs-14-p1-6dg8l,rs-14-p1-gc225,rs-27-p1-2ntz6,rs-27-p1-2pwr6,rs-27-p1-q6mrw,rs-27-p1-vw8nn,rs-38-p1-2dc9g,rs-38-p1-4pfw7,rs-42-p1-mgqbl,rs-42-p1-sg7jd,rs-42-p1-w2hkc}","{rs-40-p4-gdmcd,rs-40-p4-r6q6b,rs-40-p4-xkshk,rs-42-p1-mgqbl,rs-42-p1-sg7jd,rs-42-p1-w2hkc,rs-45-p3-fvnrh,rs-47-p3-kcpkp,rs-47-p3-m86hf,rs-47-p3-s2lvw,rs-47-p3-tnxzs,rs-48-p3-l9qml,rs-49-p3-52qn2,rs-49-p3-6hqcg,rs-50-p2-9vmqj,rs-50-p2-zngrb}","{rs-01-p3-484gt,rs-02-p2-69lbv,rs-02-p2-6bvpk,rs-02-p2-chrwl,rs-03-p2-4tv57,rs-03-p2-mfhkp,rs-03-p2-mhthv,rs-04-p4-bl2hl,rs-04-p4-tdcnx,rs-04-p4-zdm4b,rs-05-p3-jdrvz,rs-05-p3-jlmc5,rs-05-p3-jpqvl,rs-06-p1-8jnds,rs-06-p1-97lkw,rs-06-p1-krr7l,rs-07-p1-qkt4f,rs-07-p1-v9mh5,rs-08-p4-zg486,rs-09-p1-bkh6n,rs-09-p1-lsmpc,rs-09-p1-tj6cw,rs-09-p1-v58gm,rs-10-p4-4n5cv,rs-10-p4-hwf6t,rs-10-p4-n7fk7,rs-11-p3-qntvg,rs-11-p3-ztb87,rs-12-p3-wgpnf,rs-13-p3-j8n79,rs-13-p3-mz7qj,rs-15-p2-42tdl,rs-16-p4-xp8t2,rs-16-p4-xr5z2,rs-17-p1-fh9l4,rs-17-p1-vmkfn,rs-18-p1-6vfpw,rs-18-p1-hjzfl,rs-18-p1-z57cv,rs-19-p4-4bc2t,rs-19-p4-mf6d7,rs-19-p4-vpslm,rs-20-p4-6s8mc,rs-20-p4-8tbv8,rs-20-p4-b5lkx,rs-20-p4-nk99n,rs-21-p4-plfk6,rs-22-p3-6tg86,rs-22-p3-mqwrx,rs-22-p3-vvlsf,rs-23-p3-xnmch,rs-24-p3-84d2q,rs-24-p3-h47zp,rs-24-p3-llrg4,rs-24-p3-mzzkp,rs-25-p2-l4xdx,rs-25-p2-nqwrf,rs-25-p2-qpp5z,rs-25-p2-vrsvf,rs-26-p4-68wv5,rs-26-p4-6x5dj,rs-26-p4-fnjpm,rs-28-p1-9ksgw,rs-29-p1-6hxlc,rs-29-p1-6zf49,rs-30-p4-62xvr,rs-30-p4-jp872,rs-31-p2-bxvws,rs-31-p2-q9bsn,rs-31-p2-sfrtg,rs-31-p2-xt5bc,rs-32-p4-b7p2d,rs-32-p4-j86vn,rs-32-p4-w8wmh,rs-32-p4-ws9nv,rs-33-p1-gr5sf,rs-34-p2-fpmzx,rs-34-p2-kt8ln,rs-34-p2-s6j5f,rs-35-p4-sxpkb,rs-36-p4-8p9rh,rs-36-p4-hv89p,rs-36-p4-lf4nr,rs-36-p4-tqkc8,rs-37-p2-4wkqx,rs-37-p2-8smff,rs-37-p2-ngnwz,rs-38-p1-pt6fz,rs-38-p1-xd9fs,rs-39-p4-pt5pr,rs-40-p4-gdmcd,rs-40-p4-r6q6b,rs-40-p4-xkshk,rs-41-p4-42bm4,rs-41-p4-jfdzf,rs-41-p4-nxbvv,rs-41-p4-rtftz,rs-43-p4-czdcr,rs-43-p4-wvwfp,rs-44-p4-d56mg,rs-44-p4-rsrbd,rs-45-p3-fvnrh,rs-46-p2-7pm47,rs-46-p2-bfhff,rs-46-p2-sh2kc,rs-46-p2-ssmkh,rs-47-p3-kcpkp,rs-47-p3-m86hf,rs-47-p3-s2lvw,rs-47-p3-tnxzs,rs-48-p3-l9qml,rs-49-p3-52qn2,rs-49-p3-6hqcg,rs-50-p2-9vmqj,rs-50-p2-zngrb}","{rs-01-p3-484gt,rs-02-p2-69lbv,rs-02-p2-6bvpk,rs-02-p2-chrwl,rs-03-p2-4tv57,rs-03-p2-mfhkp,rs-03-p2-mhthv,rs-04-p4-bl2hl,rs-04-p4-tdcnx,rs-04-p4-zdm4b,rs-05-p3-jdrvz,rs-05-p3-jlmc5,rs-05-p3-jpqvl,rs-06-p1-845w8,rs-06-p1-97lkw,rs-06-p1-krr7l,rs-06-p1-wlzxm,rs-07-p1-2tlt4,rs-07-p1-hldwz,rs-08-p4-zg486,rs-09-p1-bkh6n,rs-09-p1-gcd5k,rs-09-p1-lsmpc,rs-09-p1-qqbth,rs-10-p4-4n5cv,rs-10-p4-hwf6t,rs-10-p4-n7fk7,rs-11-p3-qntvg,rs-11-p3-ztb87,rs-12-p3-wgpnf,rs-13-p3-j8n79,rs-13-p3-mz7qj,rs-14-p1-7sl7f,rs-14-p1-dk9dz,rs-14-p1-n4c9s,rs-15-p2-42tdl,rs-16-p4-xp8t2,rs-16-p4-xr5z2,rs-17-p1-xbpvl,rs-17-p1-xtrnd,rs-18-p1-9ddsv,rs-18-p1-n4jtl,rs-18-p1-wh5kt,rs-19-p4-4bc2t,rs-19-p4-mf6d7,rs-19-p4-vpslm,rs-20-p4-6s8mc,rs-20-p4-8tbv8,rs-20-p4-b5lkx,rs-20-p4-nk99n,rs-21-p4-plfk6,rs-22-p3-6tg86,rs-22-p3-mqwrx,rs-22-p3-vvlsf,rs-23-p3-xnmch,rs-24-p3-84d2q,rs-24-p3-h47zp,rs-24-p3-llrg4,rs-24-p3-mzzkp,rs-25-p2-l4xdx,rs-25-p2-nqwrf,rs-25-p2-qpp5z,rs-25-p2-vrsvf,rs-26-p4-68wv5,rs-26-p4-6x5dj,rs-26-p4-fnjpm,rs-27-p1-5j6sz,rs-27-p1-d6ssv,rs-27-p1-p7bxz,rs-27-p1-pp2jr,rs-28-p1-9ksgw,rs-29-p1-79rn5,rs-29-p1-mwbrq,rs-30-p4-62xvr,rs-30-p4-jp872,rs-31-p2-bxvws,rs-31-p2-q9bsn,rs-31-p2-sfrtg,rs-31-p2-xt5bc,rs-32-p4-b7p2d,rs-32-p4-j86vn,rs-32-p4-w8wmh,rs-32-p4-ws9nv,rs-33-p1-gr5sf,rs-34-p2-fpmzx,rs-34-p2-kt8ln,rs-34-p2-s6j5f,rs-35-p4-sxpkb,rs-36-p4-8p9rh,rs-36-p4-hv89p,rs-36-p4-lf4nr,rs-36-p4-tqkc8,rs-37-p2-4wkqx,rs-37-p2-8smff,rs-37-p2-ngnwz,rs-38-p1-mhmjb,rs-38-p1-pt6fz,rs-38-p1-wrgl5,rs-38-p1-z74xb,rs-39-p4-pt5pr,rs-41-p4-42bm4,rs-41-p4-jfdzf,rs-41-p4-nxbvv,rs-41-p4-rtftz,rs-43-p4-czdcr,rs-43-p4-wvwfp,rs-44-p4-d56mg,rs-44-p4-rsrbd,rs-46-p2-7pm47,rs-46-p2-bfhff,rs-46-p2-sh2kc,rs-46-p2-ssmkh}","[{""name"":""rs-01-p3-484gt"",""cpu_m"":575,""mem_b"":232884219,""priority"":""3"",""node"":""kwok-node-16""},{""name"":""rs-02-p2-69lbv"",""cpu_m"":274,""mem_b"":989695564,""priority"":""2"",""node"":""kwok-node-12""},{""name"":""rs-02-p2-6bvpk"",""cpu_m"":274,""mem_b"":989695564,""priority"":""2"",""node"":""kwok-node-13""},{""name"":""rs-02-p2-chrwl"",""cpu_m"":274,""mem_b"":989695564,""priority"":""2"",""node"":""kwok-node-10""},{""name"":""rs-03-p2-4tv57"",""cpu_m"":817,""mem_b"":124597735,""priority"":""2"",""node"":""kwok-node-23""},{""name"":""rs-03-p2-mfhkp"",""cpu_m"":817,""mem_b"":124597735,""priority"":""2"",""node"":""kwok-node-21""},{""name"":""rs-03-p2-mhthv"",""cpu_m"":817,""mem_b"":124597735,""priority"":""2"",""node"":""kwok-node-15""},{""name"":""rs-04-p4-bl2hl"",""cpu_m"":474,""mem_b"":959807354,""priority"":""4"",""node"":""kwok-node-22""},{""name"":""rs-04-p4-tdcnx"",""cpu_m"":474,""mem_b"":959807354,""priority"":""4"",""node"":""kwok-node-17""},{""name"":""rs-04-p4-zdm4b"",""cpu_m"":474,""mem_b"":959807354,""priority"":""4"",""node"":""kwok-node-19""},{""name"":""rs-05-p3-jdrvz"",""cpu_m"":213,""mem_b"":209562132,""priority"":""3"",""node"":""kwok-node-11""},{""name"":""rs-05-p3-jlmc5"",""cpu_m"":213,""mem_b"":209562132,""priority"":""3"",""node"":""kwok-node-14""},{""name"":""rs-05-p3-jpqvl"",""cpu_m"":213,""mem_b"":209562132,""priority"":""3"",""node"":""kwok-node-2""},{""name"":""rs-06-p1-598bk"",""cpu_m"":670,""mem_b"":435125309,""priority"":""1"",""node"":""""},{""name"":""rs-06-p1-8jnds"",""cpu_m"":670,""mem_b"":435125309,""priority"":""1"",""node"":""kwok-node-16""},{""name"":""rs-06-p1-97lkw"",""cpu_m"":670,""mem_b"":435125309,""priority"":""1"",""node"":""kwok-node-20""},{""name"":""rs-06-p1-krr7l"",""cpu_m"":670,""mem_b"":435125309,""priority"":""1"",""node"":""kwok-node-1""},{""name"":""rs-07-p1-qkt4f"",""cpu_m"":247,""mem_b"":297605385,""priority"":""1"",""node"":""kwok-node-27""},{""name"":""rs-07-p1-v9mh5"",""cpu_m"":247,""mem_b"":297605385,""priority"":""1"",""node"":""kwok-node-28""},{""name"":""rs-08-p4-zg486"",""cpu_m"":457,""mem_b"":184559638,""priority"":""4"",""node"":""kwok-node-24""},{""name"":""rs-09-p1-bkh6n"",""cpu_m"":160,""mem_b"":683922169,""priority"":""1"",""node"":""kwok-node-25""},{""name"":""rs-09-p1-lsmpc"",""cpu_m"":160,""mem_b"":683922169,""priority"":""1"",""node"":""kwok-node-3""},{""name"":""rs-09-p1-tj6cw"",""cpu_m"":160,""mem_b"":683922169,""priority"":""1"",""node"":""kwok-node-15""},{""name"":""rs-09-p1-v58gm"",""cpu_m"":160,""mem_b"":683922169,""priority"":""1"",""node"":""kwok-node-28""},{""name"":""rs-10-p4-4n5cv"",""cpu_m"":949,""mem_b"":953905230,""priority"":""4"",""node"":""kwok-node-30""},{""name"":""rs-10-p4-hwf6t"",""cpu_m"":949,""mem_b"":953905230,""priority"":""4"",""node"":""kwok-node-11""},{""name"":""rs-10-p4-n7fk7"",""cpu_m"":949,""mem_b"":953905230,""priority"":""4"",""node"":""kwok-node-14""},{""name"":""rs-11-p3-qntvg"",""cpu_m"":861,""mem_b"":473153917,""priority"":""3"",""node"":""kwok-node-26""},{""name"":""rs-11-p3-ztb87"",""cpu_m"":861,""mem_b"":473153917,""priority"":""3"",""node"":""kwok-node-27""},{""name"":""rs-12-p3-wgpnf"",""cpu_m"":209,""mem_b"":462324429,""priority"":""3"",""node"":""kwok-node-31""},{""name"":""rs-13-p3-j8n79"",""cpu_m"":340,""mem_b"":406631903,""priority"":""3"",""node"":""kwok-node-7""},{""name"":""rs-13-p3-mz7qj"",""cpu_m"":340,""mem_b"":406631903,""priority"":""3"",""node"":""kwok-node-6""},{""name"":""rs-14-p1-2kfjm"",""cpu_m"":916,""mem_b"":298721437,""priority"":""1"",""node"":""""},{""name"":""rs-14-p1-6dg8l"",""cpu_m"":916,""mem_b"":298721437,""priority"":""1"",""node"":""""},{""name"":""rs-14-p1-gc225"",""cpu_m"":916,""mem_b"":298721437,""priority"":""1"",""node"":""""},{""name"":""rs-15-p2-42tdl"",""cpu_m"":566,""mem_b"":693451517,""priority"":""2"",""node"":""kwok-node-4""},{""name"":""rs-16-p4-xp8t2"",""cpu_m"":769,""mem_b"":702878544,""priority"":""4"",""node"":""kwok-node-5""},{""name"":""rs-16-p4-xr5z2"",""cpu_m"":769,""mem_b"":702878544,""priority"":""4"",""node"":""kwok-node-7""},{""name"":""rs-17-p1-fh9l4"",""cpu_m"":157,""mem_b"":344438300,""priority"":""1"",""node"":""kwok-node-22""},{""name"":""rs-17-p1-vmkfn"",""cpu_m"":157,""mem_b"":344438300,""priority"":""1"",""node"":""kwok-node-19""},{""name"":""rs-18-p1-6vfpw"",""cpu_m"":372,""mem_b"":400772086,""priority"":""1"",""node"":""kwok-node-31""},{""name"":""rs-18-p1-hjzfl"",""cpu_m"":372,""mem_b"":400772086,""priority"":""1"",""node"":""kwok-node-30""},{""name"":""rs-18-p1-z57cv"",""cpu_m"":372,""mem_b"":400772086,""priority"":""1"",""node"":""kwok-node-30""},{""name"":""rs-19-p4-4bc2t"",""cpu_m"":190,""mem_b"":651433696,""priority"":""4"",""node"":""kwok-node-23""},{""name"":""rs-19-p4-mf6d7"",""cpu_m"":190,""mem_b"":651433696,""priority"":""4"",""node"":""kwok-node-21""},{""name"":""rs-19-p4-vpslm"",""cpu_m"":190,""mem_b"":651433696,""priority"":""4"",""node"":""kwok-node-15""},{""name"":""rs-20-p4-6s8mc"",""cpu_m"":871,""mem_b"":676760466,""priority"":""4"",""node"":""kwok-node-25""},{""name"":""rs-20-p4-8tbv8"",""cpu_m"":871,""mem_b"":676760466,""priority"":""4"",""node"":""kwok-node-3""},{""name"":""rs-20-p4-b5lkx"",""cpu_m"":871,""mem_b"":676760466,""priority"":""4"",""node"":""kwok-node-28""},{""name"":""rs-20-p4-nk99n"",""cpu_m"":871,""mem_b"":676760466,""priority"":""4"",""node"":""kwok-node-29""},{""name"":""rs-21-p4-plfk6"",""cpu_m"":969,""mem_b"":722543531,""priority"":""4"",""node"":""kwok-node-4""},{""name"":""rs-22-p3-6tg86"",""cpu_m"":166,""mem_b"":512471211,""priority"":""3"",""node"":""kwok-node-20""},{""name"":""rs-22-p3-mqwrx"",""cpu_m"":166,""mem_b"":512471211,""priority"":""3"",""node"":""kwok-node-18""},{""name"":""rs-22-p3-vvlsf"",""cpu_m"":166,""mem_b"":512471211,""priority"":""3"",""node"":""kwok-node-1""},{""name"":""rs-23-p3-xnmch"",""cpu_m"":927,""mem_b"":697065138,""priority"":""3"",""node"":""kwok-node-31""},{""name"":""rs-24-p3-84d2q"",""cpu_m"":466,""mem_b"":512766032,""priority"":""3"",""node"":""kwok-node-6""},{""name"":""rs-24-p3-h47zp"",""cpu_m"":466,""mem_b"":512766032,""priority"":""3"",""node"":""kwok-node-16""},{""name"":""rs-24-p3-llrg4"",""cpu_m"":466,""mem_b"":512766032,""priority"":""3"",""node"":""kwok-node-5""},{""name"":""rs-24-p3-mzzkp"",""cpu_m"":466,""mem_b"":512766032,""priority"":""3"",""node"":""kwok-node-2""},{""name"":""rs-25-p2-l4xdx"",""cpu_m"":972,""mem_b"":260675091,""priority"":""2"",""node"":""kwok-node-13""},{""name"":""rs-25-p2-nqwrf"",""cpu_m"":972,""mem_b"":260675091,""priority"":""2"",""node"":""kwok-node-10""},{""name"":""rs-25-p2-qpp5z"",""cpu_m"":972,""mem_b"":260675091,""priority"":""2"",""node"":""kwok-node-17""},{""name"":""rs-25-p2-vrsvf"",""cpu_m"":972,""mem_b"":260675091,""priority"":""2"",""node"":""kwok-node-12""},{""name"":""rs-26-p4-68wv5"",""cpu_m"":462,""mem_b"":310636892,""priority"":""4"",""node"":""kwok-node-22""},{""name"":""rs-26-p4-6x5dj"",""cpu_m"":462,""mem_b"":310636892,""priority"":""4"",""node"":""kwok-node-19""},{""name"":""rs-26-p4-fnjpm"",""cpu_m"":462,""mem_b"":310636892,""priority"":""4"",""node"":""kwok-node-18""},{""name"":""rs-27-p1-2ntz6"",""cpu_m"":730,""mem_b"":881636228,""priority"":""1"",""node"":""""},{""name"":""rs-27-p1-2pwr6"",""cpu_m"":730,""mem_b"":881636228,""priority"":""1"",""node"":""""},{""name"":""rs-27-p1-q6mrw"",""cpu_m"":730,""mem_b"":881636228,""priority"":""1"",""node"":""""},{""name"":""rs-27-p1-vw8nn"",""cpu_m"":730,""mem_b"":881636228,""priority"":""1"",""node"":""""},{""name"":""rs-28-p1-9ksgw"",""cpu_m"":839,""mem_b"":356082299,""priority"":""1"",""node"":""kwok-node-1""},{""name"":""rs-29-p1-6hxlc"",""cpu_m"":458,""mem_b"":498280778,""priority"":""1"",""node"":""kwok-node-26""},{""name"":""rs-29-p1-6zf49"",""cpu_m"":458,""mem_b"":498280778,""priority"":""1"",""node"":""kwok-node-24""},{""name"":""rs-30-p4-62xvr"",""cpu_m"":137,""mem_b"":981773722,""priority"":""4"",""node"":""kwok-node-26""},{""name"":""rs-30-p4-jp872"",""cpu_m"":137,""mem_b"":981773722,""priority"":""4"",""node"":""kwok-node-23""},{""name"":""rs-31-p2-bxvws"",""cpu_m"":277,""mem_b"":901238444,""priority"":""2"",""node"":""kwok-node-21""},{""name"":""rs-31-p2-q9bsn"",""cpu_m"":277,""mem_b"":901238444,""priority"":""2"",""node"":""kwok-node-27""},{""name"":""rs-31-p2-sfrtg"",""cpu_m"":277,""mem_b"":901238444,""priority"":""2"",""node"":""kwok-node-16""},{""name"":""rs-31-p2-xt5bc"",""cpu_m"":277,""mem_b"":901238444,""priority"":""2"",""node"":""kwok-node-24""},{""name"":""rs-32-p4-b7p2d"",""cpu_m"":314,""mem_b"":397555561,""priority"":""4"",""node"":""kwok-node-7""},{""name"":""rs-32-p4-j86vn"",""cpu_m"":314,""mem_b"":397555561,""priority"":""4"",""node"":""kwok-node-14""},{""name"":""rs-32-p4-w8wmh"",""cpu_m"":314,""mem_b"":397555561,""priority"":""4"",""node"":""kwok-node-11""},{""name"":""rs-32-p4-ws9nv"",""cpu_m"":314,""mem_b"":397555561,""priority"":""4"",""node"":""kwok-node-5""},{""name"":""rs-33-p1-gr5sf"",""cpu_m"":556,""mem_b"":875567395,""priority"":""1"",""node"":""kwok-node-2""},{""name"":""rs-34-p2-fpmzx"",""cpu_m"":640,""mem_b"":509219383,""priority"":""2"",""node"":""kwok-node-6""},{""name"":""rs-34-p2-kt8ln"",""cpu_m"":640,""mem_b"":509219383,""priority"":""2"",""node"":""kwok-node-19""},{""name"":""rs-34-p2-s6j5f"",""cpu_m"":640,""mem_b"":509219383,""priority"":""2"",""node"":""kwok-node-22""},{""name"":""rs-35-p4-sxpkb"",""cpu_m"":729,""mem_b"":236522472,""priority"":""4"",""node"":""kwok-node-28""},{""name"":""rs-36-p4-8p9rh"",""cpu_m"":536,""mem_b"":870621982,""priority"":""4"",""node"":""kwok-node-13""},{""name"":""rs-36-p4-hv89p"",""cpu_m"":536,""mem_b"":870621982,""priority"":""4"",""node"":""kwok-node-18""},{""name"":""rs-36-p4-lf4nr"",""cpu_m"":536,""mem_b"":870621982,""priority"":""4"",""node"":""kwok-node-10""},{""name"":""rs-36-p4-tqkc8"",""cpu_m"":536,""mem_b"":870621982,""priority"":""4"",""node"":""kwok-node-17""},{""name"":""rs-37-p2-4wkqx"",""cpu_m"":648,""mem_b"":473131456,""priority"":""2"",""node"":""kwok-node-3""},{""name"":""rs-37-p2-8smff"",""cpu_m"":648,""mem_b"":473131456,""priority"":""2"",""node"":""kwok-node-25""},{""name"":""rs-37-p2-ngnwz"",""cpu_m"":648,""mem_b"":473131456,""priority"":""2"",""node"":""kwok-node-29""},{""name"":""rs-38-p1-2dc9g"",""cpu_m"":597,""mem_b"":610901223,""priority"":""1"",""node"":""""},{""name"":""rs-38-p1-4pfw7"",""cpu_m"":597,""mem_b"":610901223,""priority"":""1"",""node"":""""},{""name"":""rs-38-p1-pt6fz"",""cpu_m"":597,""mem_b"":610901223,""priority"":""1"",""node"":""kwok-node-7""},{""name"":""rs-38-p1-xd9fs"",""cpu_m"":597,""mem_b"":610901223,""priority"":""1"",""node"":""kwok-node-6""},{""name"":""rs-39-p4-pt5pr"",""cpu_m"":492,""mem_b"":739215792,""priority"":""4"",""node"":""kwok-node-4""},{""name"":""rs-40-p4-gdmcd"",""cpu_m"":691,""mem_b"":538252460,""priority"":""4"",""node"":""kwok-node-8""},{""name"":""rs-40-p4-r6q6b"",""cpu_m"":691,""mem_b"":538252460,""priority"":""4"",""node"":""kwok-node-32""},{""name"":""rs-40-p4-xkshk"",""cpu_m"":691,""mem_b"":538252460,""priority"":""4"",""node"":""kwok-node-2""},{""name"":""rs-41-p4-42bm4"",""cpu_m"":291,""mem_b"":846160061,""priority"":""4"",""node"":""kwok-node-9""},{""name"":""rs-41-p4-jfdzf"",""cpu_m"":291,""mem_b"":846160061,""priority"":""4"",""node"":""kwok-node-32""},{""name"":""rs-41-p4-nxbvv"",""cpu_m"":291,""mem_b"":846160061,""priority"":""4"",""node"":""kwok-node-1""},{""name"":""rs-41-p4-rtftz"",""cpu_m"":291,""mem_b"":846160061,""priority"":""4"",""node"":""kwok-node-8""},{""name"":""rs-42-p1-mgqbl"",""cpu_m"":839,""mem_b"":629289200,""priority"":""1"",""node"":""""},{""name"":""rs-42-p1-sg7jd"",""cpu_m"":839,""mem_b"":629289200,""priority"":""1"",""node"":""""},{""name"":""rs-42-p1-w2hkc"",""cpu_m"":839,""mem_b"":629289200,""priority"":""1"",""node"":""""},{""name"":""rs-43-p4-czdcr"",""cpu_m"":637,""mem_b"":477554591,""priority"":""4"",""node"":""kwok-node-21""},{""name"":""rs-43-p4-wvwfp"",""cpu_m"":637,""mem_b"":477554591,""priority"":""4"",""node"":""kwok-node-27""},{""name"":""rs-44-p4-d56mg"",""cpu_m"":647,""mem_b"":202507955,""priority"":""4"",""node"":""kwok-node-26""},{""name"":""rs-44-p4-rsrbd"",""cpu_m"":647,""mem_b"":202507955,""priority"":""4"",""node"":""kwok-node-23""},{""name"":""rs-45-p3-fvnrh"",""cpu_m"":834,""mem_b"":438216780,""priority"":""3"",""node"":""kwok-node-18""},{""name"":""rs-46-p2-7pm47"",""cpu_m"":310,""mem_b"":324417235,""priority"":""2"",""node"":""kwok-node-11""},{""name"":""rs-46-p2-bfhff"",""cpu_m"":310,""mem_b"":324417235,""priority"":""2"",""node"":""kwok-node-31""},{""name"":""rs-46-p2-sh2kc"",""cpu_m"":310,""mem_b"":324417235,""priority"":""2"",""node"":""kwok-node-5""},{""name"":""rs-46-p2-ssmkh"",""cpu_m"":310,""mem_b"":324417235,""priority"":""2"",""node"":""kwok-node-14""},{""name"":""rs-47-p3-kcpkp"",""cpu_m"":916,""mem_b"":556978434,""priority"":""3"",""node"":""kwok-node-32""},{""name"":""rs-47-p3-m86hf"",""cpu_m"":916,""mem_b"":556978434,""priority"":""3"",""node"":""kwok-node-9""},{""name"":""rs-47-p3-s2lvw"",""cpu_m"":916,""mem_b"":556978434,""priority"":""3"",""node"":""kwok-node-24""},{""name"":""rs-47-p3-tnxzs"",""cpu_m"":916,""mem_b"":556978434,""priority"":""3"",""node"":""kwok-node-15""},{""name"":""rs-48-p3-l9qml"",""cpu_m"":454,""mem_b"":883547639,""priority"":""3"",""node"":""kwok-node-29""},{""name"":""rs-49-p3-52qn2"",""cpu_m"":730,""mem_b"":732874625,""priority"":""3"",""node"":""kwok-node-9""},{""name"":""rs-49-p3-6hqcg"",""cpu_m"":730,""mem_b"":732874625,""priority"":""3"",""node"":""kwok-node-12""},{""name"":""rs-50-p2-9vmqj"",""cpu_m"":971,""mem_b"":689926438,""priority"":""2"",""node"":""kwok-node-8""},{""name"":""rs-50-p2-zngrb"",""cpu_m"":971,""mem_b"":689926438,""priority"":""2"",""node"":""kwok-node-20""}]","[{""name"":""rs-01-p3-484gt"",""cpu_m"":575,""mem_b"":232884219,""priority"":""3"",""node"":""kwok-node-16""},{""name"":""rs-02-p2-69lbv"",""cpu_m"":274,""mem_b"":989695564,""priority"":""2"",""node"":""kwok-node-12""},{""name"":""rs-02-p2-6bvpk"",""cpu_m"":274,""mem_b"":989695564,""priority"":""2"",""node"":""kwok-node-13""},{""name"":""rs-02-p2-chrwl"",""cpu_m"":274,""mem_b"":989695564,""priority"":""2"",""node"":""kwok-node-10""},{""name"":""rs-03-p2-4tv57"",""cpu_m"":817,""mem_b"":124597735,""priority"":""2"",""node"":""kwok-node-23""},{""name"":""rs-03-p2-mfhkp"",""cpu_m"":817,""mem_b"":124597735,""priority"":""2"",""node"":""kwok-node-21""},{""name"":""rs-03-p2-mhthv"",""cpu_m"":817,""mem_b"":124597735,""priority"":""2"",""node"":""kwok-node-15""},{""name"":""rs-04-p4-bl2hl"",""cpu_m"":474,""mem_b"":959807354,""priority"":""4"",""node"":""kwok-node-22""},{""name"":""rs-04-p4-tdcnx"",""cpu_m"":474,""mem_b"":959807354,""priority"":""4"",""node"":""kwok-node-17""},{""name"":""rs-04-p4-zdm4b"",""cpu_m"":474,""mem_b"":959807354,""priority"":""4"",""node"":""kwok-node-19""},{""name"":""rs-05-p3-jdrvz"",""cpu_m"":213,""mem_b"":209562132,""priority"":""3"",""node"":""kwok-node-11""},{""name"":""rs-05-p3-jlmc5"",""cpu_m"":213,""mem_b"":209562132,""priority"":""3"",""node"":""kwok-node-14""},{""name"":""rs-05-p3-jpqvl"",""cpu_m"":213,""mem_b"":209562132,""priority"":""3"",""node"":""kwok-node-2""},{""name"":""rs-06-p1-845w8"",""cpu_m"":670,""mem_b"":435125309,""priority"":""1"",""node"":""kwok-node-2""},{""name"":""rs-06-p1-97lkw"",""cpu_m"":670,""mem_b"":435125309,""priority"":""1"",""node"":""kwok-node-20""},{""name"":""rs-06-p1-krr7l"",""cpu_m"":670,""mem_b"":435125309,""priority"":""1"",""node"":""kwok-node-1""},{""name"":""rs-06-p1-wlzxm"",""cpu_m"":670,""mem_b"":435125309,""priority"":""1"",""node"":""kwok-node-18""},{""name"":""rs-07-p1-2tlt4"",""cpu_m"":247,""mem_b"":297605385,""priority"":""1"",""node"":""kwok-node-27""},{""name"":""rs-07-p1-hldwz"",""cpu_m"":247,""mem_b"":297605385,""priority"":""1"",""node"":""kwok-node-26""},{""name"":""rs-08-p4-zg486"",""cpu_m"":457,""mem_b"":184559638,""priority"":""4"",""node"":""kwok-node-24""},{""name"":""rs-09-p1-bkh6n"",""cpu_m"":160,""mem_b"":683922169,""priority"":""1"",""node"":""kwok-node-25""},{""name"":""rs-09-p1-gcd5k"",""cpu_m"":160,""mem_b"":683922169,""priority"":""1"",""node"":""kwok-node-29""},{""name"":""rs-09-p1-lsmpc"",""cpu_m"":160,""mem_b"":683922169,""priority"":""1"",""node"":""kwok-node-3""},{""name"":""rs-09-p1-qqbth"",""cpu_m"":160,""mem_b"":683922169,""priority"":""1"",""node"":""kwok-node-28""},{""name"":""rs-10-p4-4n5cv"",""cpu_m"":949,""mem_b"":953905230,""priority"":""4"",""node"":""kwok-node-30""},{""name"":""rs-10-p4-hwf6t"",""cpu_m"":949,""mem_b"":953905230,""priority"":""4"",""node"":""kwok-node-11""},{""name"":""rs-10-p4-n7fk7"",""cpu_m"":949,""mem_b"":953905230,""priority"":""4"",""node"":""kwok-node-14""},{""name"":""rs-11-p3-qntvg"",""cpu_m"":861,""mem_b"":473153917,""priority"":""3"",""node"":""kwok-node-26""},{""name"":""rs-11-p3-ztb87"",""cpu_m"":861,""mem_b"":473153917,""priority"":""3"",""node"":""kwok-node-27""},{""name"":""rs-12-p3-wgpnf"",""cpu_m"":209,""mem_b"":462324429,""priority"":""3"",""node"":""kwok-node-31""},{""name"":""rs-13-p3-j8n79"",""cpu_m"":340,""mem_b"":406631903,""priority"":""3"",""node"":""kwok-node-7""},{""name"":""rs-13-p3-mz7qj"",""cpu_m"":340,""mem_b"":406631903,""priority"":""3"",""node"":""kwok-node-6""},{""name"":""rs-14-p1-7sl7f"",""cpu_m"":916,""mem_b"":298721437,""priority"":""1"",""node"":""kwok-node-32""},{""name"":""rs-14-p1-dk9dz"",""cpu_m"":916,""mem_b"":298721437,""priority"":""1"",""node"":""kwok-node-9""},{""name"":""rs-14-p1-n4c9s"",""cpu_m"":916,""mem_b"":298721437,""priority"":""1"",""node"":""kwok-node-8""},{""name"":""rs-15-p2-42tdl"",""cpu_m"":566,""mem_b"":693451517,""priority"":""2"",""node"":""kwok-node-4""},{""name"":""rs-16-p4-xp8t2"",""cpu_m"":769,""mem_b"":702878544,""priority"":""4"",""node"":""kwok-node-5""},{""name"":""rs-16-p4-xr5z2"",""cpu_m"":769,""mem_b"":702878544,""priority"":""4"",""node"":""kwok-node-7""},{""name"":""rs-17-p1-xbpvl"",""cpu_m"":157,""mem_b"":344438300,""priority"":""1"",""node"":""kwok-node-24""},{""name"":""rs-17-p1-xtrnd"",""cpu_m"":157,""mem_b"":344438300,""priority"":""1"",""node"":""kwok-node-16""},{""name"":""rs-18-p1-9ddsv"",""cpu_m"":372,""mem_b"":400772086,""priority"":""1"",""node"":""kwok-node-6""},{""name"":""rs-18-p1-n4jtl"",""cpu_m"":372,""mem_b"":400772086,""priority"":""1"",""node"":""kwok-node-31""},{""name"":""rs-18-p1-wh5kt"",""cpu_m"":372,""mem_b"":400772086,""priority"":""1"",""node"":""kwok-node-24""},{""name"":""rs-19-p4-4bc2t"",""cpu_m"":190,""mem_b"":651433696,""priority"":""4"",""node"":""kwok-node-23""},{""name"":""rs-19-p4-mf6d7"",""cpu_m"":190,""mem_b"":651433696,""priority"":""4"",""node"":""kwok-node-21""},{""name"":""rs-19-p4-vpslm"",""cpu_m"":190,""mem_b"":651433696,""priority"":""4"",""node"":""kwok-node-15""},{""name"":""rs-20-p4-6s8mc"",""cpu_m"":871,""mem_b"":676760466,""priority"":""4"",""node"":""kwok-node-25""},{""name"":""rs-20-p4-8tbv8"",""cpu_m"":871,""mem_b"":676760466,""priority"":""4"",""node"":""kwok-node-3""},{""name"":""rs-20-p4-b5lkx"",""cpu_m"":871,""mem_b"":676760466,""priority"":""4"",""node"":""kwok-node-28""},{""name"":""rs-20-p4-nk99n"",""cpu_m"":871,""mem_b"":676760466,""priority"":""4"",""node"":""kwok-node-29""},{""name"":""rs-21-p4-plfk6"",""cpu_m"":969,""mem_b"":722543531,""priority"":""4"",""node"":""kwok-node-4""},{""name"":""rs-22-p3-6tg86"",""cpu_m"":166,""mem_b"":512471211,""priority"":""3"",""node"":""kwok-node-20""},{""name"":""rs-22-p3-mqwrx"",""cpu_m"":166,""mem_b"":512471211,""priority"":""3"",""node"":""kwok-node-18""},{""name"":""rs-22-p3-vvlsf"",""cpu_m"":166,""mem_b"":512471211,""priority"":""3"",""node"":""kwok-node-1""},{""name"":""rs-23-p3-xnmch"",""cpu_m"":927,""mem_b"":697065138,""priority"":""3"",""node"":""kwok-node-31""},{""name"":""rs-24-p3-84d2q"",""cpu_m"":466,""mem_b"":512766032,""priority"":""3"",""node"":""kwok-node-6""},{""name"":""rs-24-p3-h47zp"",""cpu_m"":466,""mem_b"":512766032,""priority"":""3"",""node"":""kwok-node-16""},{""name"":""rs-24-p3-llrg4"",""cpu_m"":466,""mem_b"":512766032,""priority"":""3"",""node"":""kwok-node-5""},{""name"":""rs-24-p3-mzzkp"",""cpu_m"":466,""mem_b"":512766032,""priority"":""3"",""node"":""kwok-node-2""},{""name"":""rs-25-p2-l4xdx"",""cpu_m"":972,""mem_b"":260675091,""priority"":""2"",""node"":""kwok-node-13""},{""name"":""rs-25-p2-nqwrf"",""cpu_m"":972,""mem_b"":260675091,""priority"":""2"",""node"":""kwok-node-10""},{""name"":""rs-25-p2-qpp5z"",""cpu_m"":972,""mem_b"":260675091,""priority"":""2"",""node"":""kwok-node-17""},{""name"":""rs-25-p2-vrsvf"",""cpu_m"":972,""mem_b"":260675091,""priority"":""2"",""node"":""kwok-node-12""},{""name"":""rs-26-p4-68wv5"",""cpu_m"":462,""mem_b"":310636892,""priority"":""4"",""node"":""kwok-node-22""},{""name"":""rs-26-p4-6x5dj"",""cpu_m"":462,""mem_b"":310636892,""priority"":""4"",""node"":""kwok-node-19""},{""name"":""rs-26-p4-fnjpm"",""cpu_m"":462,""mem_b"":310636892,""priority"":""4"",""node"":""kwok-node-18""},{""name"":""rs-27-p1-5j6sz"",""cpu_m"":730,""mem_b"":881636228,""priority"":""1"",""node"":""kwok-node-8""},{""name"":""rs-27-p1-d6ssv"",""cpu_m"":730,""mem_b"":881636228,""priority"":""1"",""node"":""kwok-node-15""},{""name"":""rs-27-p1-p7bxz"",""cpu_m"":730,""mem_b"":881636228,""priority"":""1"",""node"":""kwok-node-9""},{""name"":""rs-27-p1-pp2jr"",""cpu_m"":730,""mem_b"":881636228,""priority"":""1"",""node"":""kwok-node-32""},{""name"":""rs-28-p1-9ksgw"",""cpu_m"":839,""mem_b"":356082299,""priority"":""1"",""node"":""kwok-node-1""},{""name"":""rs-29-p1-79rn5"",""cpu_m"":458,""mem_b"":498280778,""priority"":""1"",""node"":""kwok-node-30""},{""name"":""rs-29-p1-mwbrq"",""cpu_m"":458,""mem_b"":498280778,""priority"":""1"",""node"":""kwok-node-20""},{""name"":""rs-30-p4-62xvr"",""cpu_m"":137,""mem_b"":981773722,""priority"":""4"",""node"":""kwok-node-26""},{""name"":""rs-30-p4-jp872"",""cpu_m"":137,""mem_b"":981773722,""priority"":""4"",""node"":""kwok-node-23""},{""name"":""rs-31-p2-bxvws"",""cpu_m"":277,""mem_b"":901238444,""priority"":""2"",""node"":""kwok-node-21""},{""name"":""rs-31-p2-q9bsn"",""cpu_m"":277,""mem_b"":901238444,""priority"":""2"",""node"":""kwok-node-27""},{""name"":""rs-31-p2-sfrtg"",""cpu_m"":277,""mem_b"":901238444,""priority"":""2"",""node"":""kwok-node-16""},{""name"":""rs-31-p2-xt5bc"",""cpu_m"":277,""mem_b"":901238444,""priority"":""2"",""node"":""kwok-node-24""},{""name"":""rs-32-p4-b7p2d"",""cpu_m"":314,""mem_b"":397555561,""priority"":""4"",""node"":""kwok-node-7""},{""name"":""rs-32-p4-j86vn"",""cpu_m"":314,""mem_b"":397555561,""priority"":""4"",""node"":""kwok-node-14""},{""name"":""rs-32-p4-w8wmh"",""cpu_m"":314,""mem_b"":397555561,""priority"":""4"",""node"":""kwok-node-11""},{""name"":""rs-32-p4-ws9nv"",""cpu_m"":314,""mem_b"":397555561,""priority"":""4"",""node"":""kwok-node-5""},{""name"":""rs-33-p1-gr5sf"",""cpu_m"":556,""mem_b"":875567395,""priority"":""1"",""node"":""kwok-node-2""},{""name"":""rs-34-p2-fpmzx"",""cpu_m"":640,""mem_b"":509219383,""priority"":""2"",""node"":""kwok-node-6""},{""name"":""rs-34-p2-kt8ln"",""cpu_m"":640,""mem_b"":509219383,""priority"":""2"",""node"":""kwok-node-19""},{""name"":""rs-34-p2-s6j5f"",""cpu_m"":640,""mem_b"":509219383,""priority"":""2"",""node"":""kwok-node-22""},{""name"":""rs-35-p4-sxpkb"",""cpu_m"":729,""mem_b"":236522472,""priority"":""4"",""node"":""kwok-node-28""},{""name"":""rs-36-p4-8p9rh"",""cpu_m"":536,""mem_b"":870621982,""priority"":""4"",""node"":""kwok-node-13""},{""name"":""rs-36-p4-hv89p"",""cpu_m"":536,""mem_b"":870621982,""priority"":""4"",""node"":""kwok-node-18""},{""name"":""rs-36-p4-lf4nr"",""cpu_m"":536,""mem_b"":870621982,""priority"":""4"",""node"":""kwok-node-10""},{""name"":""rs-36-p4-tqkc8"",""cpu_m"":536,""mem_b"":870621982,""priority"":""4"",""node"":""kwok-node-17""},{""name"":""rs-37-p2-4wkqx"",""cpu_m"":648,""mem_b"":473131456,""priority"":""2"",""node"":""kwok-node-3""},{""name"":""rs-37-p2-8smff"",""cpu_m"":648,""mem_b"":473131456,""priority"":""2"",""node"":""kwok-node-25""},{""name"":""rs-37-p2-ngnwz"",""cpu_m"":648,""mem_b"":473131456,""priority"":""2"",""node"":""kwok-node-29""},{""name"":""rs-38-p1-mhmjb"",""cpu_m"":597,""mem_b"":610901223,""priority"":""1"",""node"":""kwok-node-20""},{""name"":""rs-38-p1-pt6fz"",""cpu_m"":597,""mem_b"":610901223,""priority"":""1"",""node"":""kwok-node-7""},{""name"":""rs-38-p1-wrgl5"",""cpu_m"":597,""mem_b"":610901223,""priority"":""1"",""node"":""kwok-node-12""},{""name"":""rs-38-p1-z74xb"",""cpu_m"":597,""mem_b"":610901223,""priority"":""1"",""node"":""kwok-node-30""},{""name"":""rs-39-p4-pt5pr"",""cpu_m"":492,""mem_b"":739215792,""priority"":""4"",""node"":""kwok-node-4""},{""name"":""rs-40-p4-gdmcd"",""cpu_m"":691,""mem_b"":538252460,""priority"":""4"",""node"":""""},{""name"":""rs-40-p4-r6q6b"",""cpu_m"":691,""mem_b"":538252460,""priority"":""4"",""node"":""""},{""name"":""rs-40-p4-xkshk"",""cpu_m"":691,""mem_b"":538252460,""priority"":""4"",""node"":""""},{""name"":""rs-41-p4-42bm4"",""cpu_m"":291,""mem_b"":846160061,""priority"":""4"",""node"":""kwok-node-9""},{""name"":""rs-41-p4-jfdzf"",""cpu_m"":291,""mem_b"":846160061,""priority"":""4"",""node"":""kwok-node-32""},{""name"":""rs-41-p4-nxbvv"",""cpu_m"":291,""mem_b"":846160061,""priority"":""4"",""node"":""kwok-node-1""},{""name"":""rs-41-p4-rtftz"",""cpu_m"":291,""mem_b"":846160061,""priority"":""4"",""node"":""kwok-node-8""},{""name"":""rs-42-p1-mgqbl"",""cpu_m"":839,""mem_b"":629289200,""priority"":""1"",""node"":""""},{""name"":""rs-42-p1-sg7jd"",""cpu_m"":839,""mem_b"":629289200,""priority"":""1"",""node"":""""},{""name"":""rs-42-p1-w2hkc"",""cpu_m"":839,""mem_b"":629289200,""priority"":""1"",""node"":""""},{""name"":""rs-43-p4-czdcr"",""cpu_m"":637,""mem_b"":477554591,""priority"":""4"",""node"":""kwok-node-21""},{""name"":""rs-43-p4-wvwfp"",""cpu_m"":637,""mem_b"":477554591,""priority"":""4"",""node"":""kwok-node-27""},{""name"":""rs-44-p4-d56mg"",""cpu_m"":647,""mem_b"":202507955,""priority"":""4"",""node"":""kwok-node-26""},{""name"":""rs-44-p4-rsrbd"",""cpu_m"":647,""mem_b"":202507955,""priority"":""4"",""node"":""kwok-node-23""},{""name"":""rs-45-p3-fvnrh"",""cpu_m"":834,""mem_b"":438216780,""priority"":""3"",""node"":""""},{""name"":""rs-46-p2-7pm47"",""cpu_m"":310,""mem_b"":324417235,""priority"":""2"",""node"":""kwok-node-11""},{""name"":""rs-46-p2-bfhff"",""cpu_m"":310,""mem_b"":324417235,""priority"":""2"",""node"":""kwok-node-31""},{""name"":""rs-46-p2-sh2kc"",""cpu_m"":310,""mem_b"":324417235,""priority"":""2"",""node"":""kwok-node-5""},{""name"":""rs-46-p2-ssmkh"",""cpu_m"":310,""mem_b"":324417235,""priority"":""2"",""node"":""kwok-node-14""},{""name"":""rs-47-p3-kcpkp"",""cpu_m"":916,""mem_b"":556978434,""priority"":""3"",""node"":""""},{""name"":""rs-47-p3-m86hf"",""cpu_m"":916,""mem_b"":556978434,""priority"":""3"",""node"":""""},{""name"":""rs-47-p3-s2lvw"",""cpu_m"":916,""mem_b"":556978434,""priority"":""3"",""node"":""""},{""name"":""rs-47-p3-tnxzs"",""cpu_m"":916,""mem_b"":556978434,""priority"":""3"",""node"":""""},{""name"":""rs-48-p3-l9qml"",""cpu_m"":454,""mem_b"":883547639,""priority"":""3"",""node"":""""},{""name"":""rs-49-p3-52qn2"",""cpu_m"":730,""mem_b"":732874625,""priority"":""3"",""node"":""""},{""name"":""rs-49-p3-6hqcg"",""cpu_m"":730,""mem_b"":732874625,""priority"":""3"",""node"":""""},{""name"":""rs-50-p2-9vmqj"",""cpu_m"":971,""mem_b"":689926438,""priority"":""2"",""node"":""""},{""name"":""rs-50-p2-zngrb"",""cpu_m"":971,""mem_b"":689926438,""priority"":""2"",""node"":""""}]","[{""name"":""kwok-node-1"",""cap_cpu_m"":2111,""cap_mem_bytes"":2162403382},{""name"":""kwok-node-2"",""cap_cpu_m"":2111,""cap_mem_bytes"":2162403382},{""name"":""kwok-node-3"",""cap_cpu_m"":2111,""cap_mem_bytes"":2162403382},{""name"":""kwok-node-4"",""cap_cpu_m"":2111,""cap_mem_bytes"":2162403382},{""name"":""kwok-node-5"",""cap_cpu_m"":2111,""cap_mem_bytes"":2162403382},{""name"":""kwok-node-6"",""cap_cpu_m"":2111,""cap_mem_bytes"":2162403382},{""name"":""kwok-node-7"",""cap_cpu_m"":2111,""cap_mem_bytes"":2162403382},{""name"":""kwok-node-8"",""cap_cpu_m"":2111,""cap_mem_bytes"":2162403382},{""name"":""kwok-node-9"",""cap_cpu_m"":2111,""cap_mem_bytes"":2162403382},{""name"":""kwok-node-10"",""cap_cpu_m"":2111,""cap_mem_bytes"":2162403382},{""name"":""kwok-node-11"",""cap_cpu_m"":2111,""cap_mem_bytes"":2162403382},{""name"":""kwok-node-12"",""cap_cpu_m"":2111,""cap_mem_bytes"":2162403382},{""name"":""kwok-node-13"",""cap_cpu_m"":2111,""cap_mem_bytes"":2162403382},{""name"":""kwok-node-14"",""cap_cpu_m"":2111,""cap_mem_bytes"":2162403382},{""name"":""kwok-node-15"",""cap_cpu_m"":2111,""cap_mem_bytes"":2162403382},{""name"":""kwok-node-16"",""cap_cpu_m"":2111,""cap_mem_bytes"":2162403382},{""name"":""kwok-node-17"",""cap_cpu_m"":2111,""cap_mem_bytes"":2162403382},{""name"":""kwok-node-18"",""cap_cpu_m"":2111,""cap_mem_bytes"":2162403382},{""name"":""kwok-node-19"",""cap_cpu_m"":2111,""cap_mem_bytes"":2162403382},{""name"":""kwok-node-20"",""cap_cpu_m"":2111,""cap_mem_bytes"":2162403382},{""name"":""kwok-node-21"",""cap_cpu_m"":2111,""cap_mem_bytes"":2162403382},{""name"":""kwok-node-22"",""cap_cpu_m"":2111,""cap_mem_bytes"":2162403382},{""name"":""kwok-node-23"",""cap_cpu_m"":2111,""cap_mem_bytes"":2162403382},{""name"":""kwok-node-24"",""cap_cpu_m"":2111,""cap_mem_bytes"":2162403382},{""name"":""kwok-node-25"",""cap_cpu_m"":2111,""cap_mem_bytes"":2162403382},{""name"":""kwok-node-26"",""cap_cpu_m"":2111,""cap_mem_bytes"":2162403382},{""name"":""kwok-node-27"",""cap_cpu_m"":2111,""cap_mem_bytes"":2162403382},{""name"":""kwok-node-28"",""cap_cpu_m"":2111,""cap_mem_bytes"":2162403382},{""name"":""kwok-node-29"",""cap_cpu_m"":2111,""cap_mem_bytes"":2162403382},{""name"":""kwok-node-30"",""cap_cpu_m"":2111,""cap_mem_bytes"":2162403382},{""name"":""kwok-node-31"",""cap_cpu_m"":2111,""cap_mem_bytes"":2162403382},{""name"":""kwok-node-32"",""cap_cpu_m"":2111,""cap_mem_bytes"":2162403382}]"
2026/02/11/12:46:10,7335201056252104502,,"{""evicted"":0,""moved"":0,""placed_by_priority"":{""1"":33,""2"":20,""3"":33,""4"":22}}",python,"{""evicted"":10,""moved"":6,""placed_by_priority"":{""1"":24,""2"":22,""3"":34,""4"":32}}",1195,FEASIBLE,"[{""duration_ms"":1195,""name"":""python"",""score"":{""evicted"":10,""moved"":6,""placed_by_priority"":{""1"":24,""2"":22,""3"":34,""4"":32}},""status"":""FEASIBLE""}]",0.876,0.837,0.889,0.831,59755,57093,56767772394,53069490257,112,108,16,20,"{""kwok-node-1"":3,""kwok-node-10"":3,""kwok-node-11"":3,""kwok-node-12"":3,""kwok-node-13"":4,""kwok-node-14"":4,""kwok-node-15"":3,""kwok-node-16"":3,""kwok-node-17"":3,""kwok-node-18"":4,""kwok-node-19"":4,""kwok-node-2"":4,""kwok-node-20"":3,""kwok-node-21"":4,""kwok-node-22"":3,""kwok-node-23"":4,""kwok-node-24"":5,""kwok-node-25"":4,""kwok-node-26"":5,""kwok-node-27"":4,""kwok-node-28"":4,""kwok-node-29"":4,""kwok-node-3"":3,""kwok-node-30"":3,""kwok-node-31"":3,""kwok-node-32"":4,""kwok-node-4"":3,""kwok-node-5"":3,""kwok-node-6"":3,""kwok-node-7"":3,""kwok-node-8"":3,""kwok-node-9"":3}","{""kwok-node-1"":3,""kwok-node-10"":3,""kwok-node-11"":3,""kwok-node-12"":3,""kwok-node-13"":4,""kwok-node-14"":4,""kwok-node-15"":3,""kwok-node-16"":3,""kwok-node-17"":3,""kwok-node-18"":4,""kwok-node-19"":4,""kwok-node-2"":4,""kwok-node-20"":3,""kwok-node-21"":3,""kwok-node-22"":3,""kwok-node-23"":3,""kwok-node-24"":5,""kwok-node-25"":3,""kwok-node-26"":5,""kwok-node-27"":4,""kwok-node-28"":3,""kwok-node-29"":4,""kwok-node-3"":3,""kwok-node-30"":3,""kwok-node-31"":3,""kwok-node-32"":4,""kwok-node-4"":3,""kwok-node-5"":3,""kwok-node-6"":3,""kwok-node-7"":3,""kwok-node-8"":3,""kwok-node-9"":3}","{""p1"":24,""p2"":22,""p3"":34,""p4"":32}","{""p1"":33,""p2"":20,""p3"":33,""p4"":22}","{""p1"":16}","{""p1"":7,""p2"":2,""p3"":1,""p4"":10}","{rs-03-p1-6bg7h,rs-10-p1-jq4gn,rs-21-p1-mx28b,rs-21-p1-nn5gp,rs-21-p1-xppvm,rs-28-p1-c9trf,rs-28-p1-rc2sr,rs-28-p1-w7cpd,rs-29-p1-4tpn6,rs-29-p1-vgkp7,rs-35-p1-xq2q8,rs-45-p1-6qklg,rs-45-p1-7l2jl,rs-45-p1-dwdfd,rs-45-p1-lbh2f,rs-48-p1-l6j6v}","{rs-35-p1-xq2q8,rs-37-p4-kbhrn,rs-37-p4-vkqm8,rs-37-p4-zdcc2,rs-40-p4-bv7pq,rs-40-p4-jnqfp,rs-40-p4-lcx54,rs-40-p4-sqgtb,rs-42-p3-25ldb,rs-45-p1-6qklg,rs-45-p1-7l2jl,rs-45-p1-dwdfd,rs-45-p1-lbh2f,rs-46-p2-p4rc5,rs-46-p2-pdxcv,rs-47-p4-bz4gg,rs-47-p4-njvbx,rs-48-p1-fb2bh,rs-48-p1-l6j6v,rs-49-p4-w96z4}","{rs-01-p3-6wjwn,rs-01-p3-jhs42,rs-01-p3-sfnzj,rs-01-p3-spkx5,rs-02-p4-29drh,rs-02-p4-zfmsq,rs-03-p1-5kg8x,rs-03-p1-zcrgj,rs-04-p4-99jsp,rs-04-p4-zrvzf,rs-04-p4-zt4xz,rs-05-p3-65jch,rs-05-p3-c9428,rs-05-p3-nwjnk,rs-05-p3-qgckp,rs-06-p2-mjrtd,rs-06-p2-rngh5,rs-07-p3-4jrpx,rs-07-p3-849lv,rs-07-p3-hwl8p,rs-08-p1-g6wcn,rs-08-p1-n7k9j,rs-08-p1-zlr2t,rs-09-p3-7vbcr,rs-09-p3-8r5g6,rs-09-p3-lcbdv,rs-10-p1-m74z4,rs-10-p1-wmfjv,rs-10-p1-xnp5w,rs-11-p1-5b4r2,rs-12-p3-9gd4g,rs-12-p3-k7vhd,rs-12-p3-v5xq6,rs-13-p3-kp554,rs-14-p1-crv5c,rs-14-p1-rs5x6,rs-15-p4-vk5pj,rs-15-p4-xfrqf,rs-16-p3-fwxjr,rs-17-p2-8v9lk,rs-17-p2-hcdcn,rs-17-p2-nnqsv,rs-17-p2-rpnkl,rs-18-p1-hwqj2,rs-19-p3-m4xp6,rs-19-p3-nsnzz,rs-19-p3-s7x4t,rs-19-p3-xd2nq,rs-20-p4-gwnsl,rs-20-p4-mf9j5,rs-20-p4-nshps,rs-20-p4-v2wst,rs-22-p3-d7nn5,rs-23-p2-5j5f5,rs-23-p2-xzwkz,rs-24-p3-dgz79,rs-24-p3-kq6fw,rs-24-p3-ll4pt,rs-24-p3-t6495,rs-25-p2-kx64x,rs-26-p1-96lll,rs-26-p1-gbvwz,rs-26-p1-rxtff,rs-27-p4-2r52f,rs-27-p4-9bhmv,rs-27-p4-fv5q4,rs-27-p4-zbgbr,rs-30-p1-96r97,rs-30-p1-rpwcv,rs-30-p1-vdwd5,rs-31-p1-d4wbl,rs-31-p1-l4c6l,rs-31-p1-z8cvr,rs-32-p1-66znp,rs-32-p1-9dwn9,rs-33-p2-5prrx,rs-33-p2-7w5lm,rs-33-p2-chg69,rs-34-p4-2m492,rs-34-p4-rf8p6,rs-36-p2-7r9r7,rs-36-p2-g9gzd,rs-36-p2-xnvnf,rs-37-p4-2vt25,rs-37-p4-kbhrn,rs-37-p4-vkqm8,rs-37-p4-zdcc2,rs-38-p2-q5pqz,rs-39-p2-dv2qf,rs-39-p2-nbc4t,rs-39-p2-rq467,rs-40-p4-bv7pq,rs-40-p4-jnqfp,rs-40-p4-lcx54,rs-40-p4-sqgtb,rs-41-p3-54nng,rs-41-p3-hmjp2,rs-42-p3-25ldb,rs-43-p3-skmt4,rs-43-p3-vd79j,rs-43-p3-xq6rh,rs-44-p4-fpklj,rs-44-p4-fv8jz,rs-44-p4-h94jx,rs-44-p4-pbfj2,rs-46-p2-p4rc5,rs-46-p2-pdxcv,rs-46-p2-thdm8,rs-47-p4-bz4gg,rs-47-p4-njvbx,rs-48-p1-fb2bh,rs-49-p4-w96z4}","{rs-01-p3-6wjwn,rs-01-p3-jhs42,rs-01-p3-sfnzj,rs-01-p3-spkx5,rs-02-p4-29drh,rs-02-p4-zfmsq,rs-03-p1-5kg8x,rs-03-p1-v9bmv,rs-03-p1-zcrgj,rs-04-p4-99jsp,rs-04-p4-zrvzf,rs-04-p4-zt4xz,rs-05-p3-65jch,rs-05-p3-c9428,rs-05-p3-nwjnk,rs-05-p3-qgckp,rs-06-p2-mjrtd,rs-06-p2-rngh5,rs-07-p3-4jrpx,rs-07-p3-849lv,rs-07-p3-hwl8p,rs-08-p1-g6wcn,rs-08-p1-zlr2t,rs-08-p1-znjcd,rs-09-p3-7vbcr,rs-09-p3-8r5g6,rs-09-p3-lcbdv,rs-10-p1-m74z4,rs-10-p1-qrwfp,rs-10-p1-wmfjv,rs-10-p1-xnp5w,rs-11-p1-chmtg,rs-12-p3-9gd4g,rs-12-p3-k7vhd,rs-12-p3-v5xq6,rs-13-p3-kp554,rs-14-p1-crv5c,rs-14-p1-rs5x6,rs-15-p4-vk5pj,rs-15-p4-xfrqf,rs-16-p3-fwxjr,rs-17-p2-8v9lk,rs-17-p2-hcdcn,rs-17-p2-nnqsv,rs-17-p2-rpnkl,rs-18-p1-hwqj2,rs-19-p3-m4xp6,rs-19-p3-nsnzz,rs-19-p3-s7x4t,rs-19-p3-xd2nq,rs-20-p4-gwnsl,rs-20-p4-mf9j5,rs-20-p4-nshps,rs-20-p4-v2wst,rs-21-p1-2wjlh,rs-21-p1-f8zlt,rs-21-p1-l6cm6,rs-22-p3-d7nn5,rs-23-p2-5j5f5,rs-23-p2-xzwkz,rs-24-p3-dgz79,rs-24-p3-kq6fw,rs-24-p3-ll4pt,rs-24-p3-t6495,rs-25-p2-kx64x,rs-26-p1-2p4f2,rs-26-p1-96lll,rs-26-p1-gbvwz,rs-27-p4-2r52f,rs-27-p4-9bhmv,rs-27-p4-fv5q4,rs-27-p4-zbgbr,rs-28-p1-85qd8,rs-28-p1-dfvzj,rs-28-p1-jjm4v,rs-29-p1-2mfnm,rs-29-p1-jgcng,rs-30-p1-96r97,rs-30-p1-l4fqd,rs-30-p1-lpbp8,rs-31-p1-d4wbl,rs-31-p1-h9gj8,rs-31-p1-l4c6l,rs-32-p1-66znp,rs-32-p1-9dwn9,rs-33-p2-5prrx,rs-33-p2-7w5lm,rs-33-p2-chg69,rs-34-p4-2m492,rs-34-p4-rf8p6,rs-36-p2-7r9r7,rs-36-p2-g9gzd,rs-36-p2-xnvnf,rs-37-p4-2vt25,rs-38-p2-q5pqz,rs-39-p2-dv2qf,rs-39-p2-nbc4t,rs-39-p2-rq467,rs-41-p3-54nng,rs-41-p3-hmjp2,rs-43-p3-skmt4,rs-43-p3-vd79j,rs-43-p3-xq6rh,rs-44-p4-fpklj,rs-44-p4-fv8jz,rs-44-p4-h94jx,rs-44-p4-pbfj2,rs-46-p2-thdm8}","[{""name"":""rs-01-p3-6wjwn"",""cpu_m"":831,""mem_b"":874708627,""priority"":""3"",""node"":""kwok-node-16""},{""name"":""rs-01-p3-jhs42"",""cpu_m"":831,""mem_b"":874708627,""priority"":""3"",""node"":""kwok-node-17""},{""name"":""rs-01-p3-sfnzj"",""cpu_m"":831,""mem_b"":874708627,""priority"":""3"",""node"":""kwok-node-18""},{""name"":""rs-01-p3-spkx5"",""cpu_m"":831,""mem_b"":874708627,""priority"":""3"",""node"":""kwok-node-12""},{""name"":""rs-02-p4-29drh"",""cpu_m"":432,""mem_b"":348070746,""priority"":""4"",""node"":""kwok-node-14""},{""name"":""rs-02-p4-zfmsq"",""cpu_m"":432,""mem_b"":348070746,""priority"":""4"",""node"":""kwok-node-23""},{""name"":""rs-03-p1-5kg8x"",""cpu_m"":452,""mem_b"":671743181,""priority"":""1"",""node"":""kwok-node-15""},{""name"":""rs-03-p1-6bg7h"",""cpu_m"":452,""mem_b"":671743181,""priority"":""1"",""node"":""""},{""name"":""rs-03-p1-zcrgj"",""cpu_m"":452,""mem_b"":671743181,""priority"":""1"",""node"":""kwok-node-2""},{""name"":""rs-04-p4-99jsp"",""cpu_m"":485,""mem_b"":729862059,""priority"":""4"",""node"":""kwok-node-19""},{""name"":""rs-04-p4-zrvzf"",""cpu_m"":485,""mem_b"":729862059,""priority"":""4"",""node"":""kwok-node-10""},{""name"":""rs-04-p4-zt4xz"",""cpu_m"":485,""mem_b"":729862059,""priority"":""4"",""node"":""kwok-node-20""},{""name"":""rs-05-p3-65jch"",""cpu_m"":866,""mem_b"":136492338,""priority"":""3"",""node"":""kwok-node-13""},{""name"":""rs-05-p3-c9428"",""cpu_m"":866,""mem_b"":136492338,""priority"":""3"",""node"":""kwok-node-21""},{""name"":""rs-05-p3-nwjnk"",""cpu_m"":866,""mem_b"":136492338,""priority"":""3"",""node"":""kwok-node-11""},{""name"":""rs-05-p3-qgckp"",""cpu_m"":866,""mem_b"":136492338,""priority"":""3"",""node"":""kwok-node-22""},{""name"":""rs-06-p2-mjrtd"",""cpu_m"":285,""mem_b"":388786881,""priority"":""2"",""node"":""kwok-node-24""},{""name"":""rs-06-p2-rngh5"",""cpu_m"":285,""mem_b"":388786881,""priority"":""2"",""node"":""kwok-node-26""},{""name"":""rs-07-p3-4jrpx"",""cpu_m"":321,""mem_b"":591091420,""priority"":""3"",""node"":""kwok-node-3""},{""name"":""rs-07-p3-849lv"",""cpu_m"":321,""mem_b"":591091420,""priority"":""3"",""node"":""kwok-node-29""},{""name"":""rs-07-p3-hwl8p"",""cpu_m"":321,""mem_b"":591091420,""priority"":""3"",""node"":""kwok-node-27""},{""name"":""rs-08-p1-g6wcn"",""cpu_m"":319,""mem_b"":634411725,""priority"":""1"",""node"":""kwok-node-25""},{""name"":""rs-08-p1-n7k9j"",""cpu_m"":319,""mem_b"":634411725,""priority"":""1"",""node"":""kwok-node-32""},{""name"":""rs-08-p1-zlr2t"",""cpu_m"":319,""mem_b"":634411725,""priority"":""1"",""node"":""kwok-node-30""},{""name"":""rs-09-p3-7vbcr"",""cpu_m"":653,""mem_b"":335805403,""priority"":""3"",""node"":""kwok-node-26""},{""name"":""rs-09-p3-8r5g6"",""cpu_m"":653,""mem_b"":335805403,""priority"":""3"",""node"":""kwok-node-29""},{""name"":""rs-09-p3-lcbdv"",""cpu_m"":653,""mem_b"":335805403,""priority"":""3"",""node"":""kwok-node-24""},{""name"":""rs-10-p1-jq4gn"",""cpu_m"":692,""mem_b"":598968147,""priority"":""1"",""node"":""""},{""name"":""rs-10-p1-m74z4"",""cpu_m"":692,""mem_b"":598968147,""priority"":""1"",""node"":""kwok-node-14""},{""name"":""rs-10-p1-wmfjv"",""cpu_m"":692,""mem_b"":598968147,""priority"":""1"",""node"":""kwok-node-3""},{""name"":""rs-10-p1-xnp5w"",""cpu_m"":692,""mem_b"":598968147,""priority"":""1"",""node"":""kwok-node-31""},{""name"":""rs-11-p1-5b4r2"",""cpu_m"":601,""mem_b"":411846069,""priority"":""1"",""node"":""kwok-node-21""},{""name"":""rs-12-p3-9gd4g"",""cpu_m"":980,""mem_b"":424905340,""priority"":""3"",""node"":""kwok-node-5""},{""name"":""rs-12-p3-k7vhd"",""cpu_m"":980,""mem_b"":424905340,""priority"":""3"",""node"":""kwok-node-9""},{""name"":""rs-12-p3-v5xq6"",""cpu_m"":980,""mem_b"":424905340,""priority"":""3"",""node"":""kwok-node-6""},{""name"":""rs-13-p3-kp554"",""cpu_m"":644,""mem_b"":604445729,""priority"":""3"",""node"":""kwok-node-4""},{""name"":""rs-14-p1-crv5c"",""cpu_m"":779,""mem_b"":142071904,""priority"":""1"",""node"":""kwok-node-8""},{""name"":""rs-14-p1-rs5x6"",""cpu_m"":779,""mem_b"":142071904,""priority"":""1"",""node"":""kwok-node-7""},{""name"":""rs-15-p4-vk5pj"",""cpu_m"":201,""mem_b"":893700523,""priority"":""4"",""node"":""kwok-node-8""},{""name"":""rs-15-p4-xfrqf"",""cpu_m"":201,""mem_b"":893700523,""priority"":""4"",""node"":""kwok-node-7""},{""name"":""rs-16-p3-fwxjr"",""cpu_m"":139,""mem_b"":338031098,""priority"":""3"",""node"":""kwok-node-32""},{""name"":""rs-17-p2-8v9lk"",""cpu_m"":667,""mem_b"":231370771,""priority"":""2"",""node"":""kwok-node-30""},{""name"":""rs-17-p2-hcdcn"",""cpu_m"":667,""mem_b"":231370771,""priority"":""2"",""node"":""kwok-node-25""},{""name"":""rs-17-p2-nnqsv"",""cpu_m"":667,""mem_b"":231370771,""priority"":""2"",""node"":""kwok-node-27""},{""name"":""rs-17-p2-rpnkl"",""cpu_m"":667,""mem_b"":231370771,""priority"":""2"",""node"":""kwok-node-28""},{""name"":""rs-18-p1-hwqj2"",""cpu_m"":266,""mem_b"":714579873,""priority"":""1"",""node"":""kwok-node-13""},{""name"":""rs-19-p3-m4xp6"",""cpu_m"":821,""mem_b"":171223058,""priority"":""3"",""node"":""kwok-node-10""},{""name"":""rs-19-p3-nsnzz"",""cpu_m"":821,""mem_b"":171223058,""priority"":""3"",""node"":""kwok-node-15""},{""name"":""rs-19-p3-s7x4t"",""cpu_m"":821,""mem_b"":171223058,""priority"":""3"",""node"":""kwok-node-2""},{""name"":""rs-19-p3-xd2nq"",""cpu_m"":821,""mem_b"":171223058,""priority"":""3"",""node"":""kwok-node-1""},{""name"":""rs-20-p4-gwnsl"",""cpu_m"":400,""mem_b"":872982338,""priority"":""4"",""node"":""kwok-node-22""},{""name"":""rs-20-p4-mf9j5"",""cpu_m"":400,""mem_b"":872982338,""priority"":""4"",""node"":""kwok-node-21""},{""name"":""rs-20-p4-nshps"",""cpu_m"":400,""mem_b"":872982338,""priority"":""4"",""node"":""kwok-node-11""},{""name"":""rs-20-p4-v2wst"",""cpu_m"":400,""mem_b"":872982338,""priority"":""4"",""node"":""kwok-node-6""},{""name"":""rs-21-p1-mx28b"",""cpu_m"":448,""mem_b"":827726201,""priority"":""1"",""node"":""""},{""name"":""rs-21-p1-nn5gp"",""cpu_m"":448,""mem_b"":827726201,""priority"":""1"",""node"":""""},{""name"":""rs-21-p1-xppvm"",""cpu_m"":448,""mem_b"":827726201,""priority"":""1"",""node"":""""},{""name"":""rs-22-p3-d7nn5"",""cpu_m"":468,""mem_b"":204737119,""priority"":""3"",""node"":""kwok-node-19""},{""name"":""rs-23-p2-5j5f5"",""cpu_m"":996,""mem_b"":539378942,""priority"":""2"",""node"":""kwok-node-20""},{""name"":""rs-23-p2-xzwkz"",""cpu_m"":996,""mem_b"":539378942,""priority"":""2"",""node"":""kwok-node-4""},{""name"":""rs-24-p3-dgz79"",""cpu_m"":386,""mem_b"":416069799,""priority"":""3"",""node"":""kwok-node-24""},{""name"":""rs-24-p3-kq6fw"",""cpu_m"":386,""mem_b"":416069799,""priority"":""3"",""node"":""kwok-node-17""},{""name"":""rs-24-p3-ll4pt"",""cpu_m"":386,""mem_b"":416069799,""priority"":""3"",""node"":""kwok-node-32""},{""name"":""rs-24-p3-t6495"",""cpu_m"":386,""mem_b"":416069799,""priority"":""3"",""node"":""kwok-node-26""},{""name"":""rs-25-p2-kx64x"",""cpu_m"":613,""mem_b"":371146067,""priority"":""2"",""node"":""kwok-node-12""},{""name"":""rs-26-p1-96lll"",""cpu_m"":142,""mem_b"":755649840,""priority"":""1"",""node"":""kwok-node-27""},{""name"":""rs-26-p1-gbvwz"",""cpu_m"":142,""mem_b"":755649840,""priority"":""1"",""node"":""kwok-node-1""},{""name"":""rs-26-p1-rxtff"",""cpu_m"":142,""mem_b"":755649840,""priority"":""1"",""node"":""kwok-node-25""},{""name"":""rs-27-p4-2r52f"",""cpu_m"":466,""mem_b"":207009259,""priority"":""4"",""node"":""kwok-node-18""},{""name"":""rs-27-p4-9bhmv"",""cpu_m"":466,""mem_b"":207009259,""priority"":""4"",""node"":""kwok-node-19""},{""name"":""rs-27-p4-fv5q4"",""cpu_m"":466,""mem_b"":207009259,""priority"":""4"",""node"":""kwok-node-16""},{""name"":""rs-27-p4-zbgbr"",""cpu_m"":466,""mem_b"":207009259,""priority"":""4"",""node"":""kwok-node-29""},{""name"":""rs-28-p1-c9trf"",""cpu_m"":831,""mem_b"":569016749,""priority"":""1"",""node"":""""},{""name"":""rs-28-p1-rc2sr"",""cpu_m"":831,""mem_b"":569016749,""priority"":""1"",""node"":""""},{""name"":""rs-28-p1-w7cpd"",""cpu_m"":831,""mem_b"":569016749,""priority"":""1"",""node"":""""},{""name"":""rs-29-p1-4tpn6"",""cpu_m"":951,""mem_b"":337992183,""priority"":""1"",""node"":""""},{""name"":""rs-29-p1-vgkp7"",""cpu_m"":951,""mem_b"":337992183,""priority"":""1"",""node"":""""},{""name"":""rs-30-p1-96r97"",""cpu_m"":251,""mem_b"":502363527,""priority"":""1"",""node"":""kwok-node-13""},{""name"":""rs-30-p1-rpwcv"",""cpu_m"":251,""mem_b"":502363527,""priority"":""1"",""node"":""kwok-node-21""},{""name"":""rs-30-p1-vdwd5"",""cpu_m"":251,""mem_b"":502363527,""priority"":""1"",""node"":""kwok-node-28""},{""name"":""rs-31-p1-d4wbl"",""cpu_m"":359,""mem_b"":569025430,""priority"":""1"",""node"":""kwok-node-10""},{""name"":""rs-31-p1-l4c6l"",""cpu_m"":359,""mem_b"":569025430,""priority"":""1"",""node"":""kwok-node-23""},{""name"":""rs-31-p1-z8cvr"",""cpu_m"":359,""mem_b"":569025430,""priority"":""1"",""node"":""kwok-node-7""},{""name"":""rs-32-p1-66znp"",""cpu_m"":955,""mem_b"":449882604,""priority"":""1"",""node"":""kwok-node-3""},{""name"":""rs-32-p1-9dwn9"",""cpu_m"":955,""mem_b"":449882604,""priority"":""1"",""node"":""kwok-node-32""},{""name"":""rs-33-p2-5prrx"",""cpu_m"":254,""mem_b"":791168438,""priority"":""2"",""node"":""kwok-node-22""},{""name"":""rs-33-p2-7w5lm"",""cpu_m"":254,""mem_b"":791168438,""priority"":""2"",""node"":""kwok-node-11""},{""name"":""rs-33-p2-chg69"",""cpu_m"":254,""mem_b"":791168438,""priority"":""2"",""node"":""kwok-node-16""},{""name"":""rs-34-p4-2m492"",""cpu_m"":808,""mem_b"":482269788,""priority"":""4"",""node"":""kwok-node-31""},{""name"":""rs-34-p4-rf8p6"",""cpu_m"":808,""mem_b"":482269788,""priority"":""4"",""node"":""kwok-node-17""},{""name"":""rs-35-p1-xq2q8"",""cpu_m"":929,""mem_b"":508688604,""priority"":""1"",""node"":""""},{""name"":""rs-36-p2-7r9r7"",""cpu_m"":145,""mem_b"":237680540,""priority"":""2"",""node"":""kwok-node-26""},{""name"":""rs-36-p2-g9gzd"",""cpu_m"":145,""mem_b"":237680540,""priority"":""2"",""node"":""kwok-node-24""},{""name"":""rs-36-p2-xnvnf"",""cpu_m"":145,""mem_b"":237680540,""priority"":""2"",""node"":""kwok-node-18""},{""name"":""rs-37-p4-2vt25"",""cpu_m"":949,""mem_b"":243955369,""priority"":""4"",""node"":""kwok-node-27""},{""name"":""rs-37-p4-kbhrn"",""cpu_m"":949,""mem_b"":243955369,""priority"":""4"",""node"":""kwok-node-25""},{""name"":""rs-37-p4-vkqm8"",""cpu_m"":949,""mem_b"":243955369,""priority"":""4"",""node"":""kwok-node-23""},{""name"":""rs-37-p4-zdcc2"",""cpu_m"":949,""mem_b"":243955369,""priority"":""4"",""node"":""kwok-node-28""},{""name"":""rs-38-p2-q5pqz"",""cpu_m"":589,""mem_b"":389004151,""priority"":""2"",""node"":""kwok-node-6""},{""name"":""rs-39-p2-dv2qf"",""cpu_m"":432,""mem_b"":588120070,""priority"":""2"",""node"":""kwok-node-19""},{""name"":""rs-39-p2-nbc4t"",""cpu_m"":432,""mem_b"":588120070,""priority"":""2"",""node"":""kwok-node-29""},{""name"":""rs-39-p2-rq467"",""cpu_m"":432,""mem_b"":588120070,""priority"":""2"",""node"":""kwok-node-12""},{""name"":""rs-40-p4-bv7pq"",""cpu_m"":871,""mem_b"":959625514,""priority"":""4"",""node"":""kwok-node-8""},{""name"":""rs-40-p4-jnqfp"",""cpu_m"":871,""mem_b"":959625514,""priority"":""4"",""node"":""kwok-node-9""},{""name"":""rs-40-p4-lcx54"",""cpu_m"":871,""mem_b"":959625514,""priority"":""4"",""node"":""kwok-node-5""},{""name"":""rs-40-p4-sqgtb"",""cpu_m"":871,""mem_b"":959625514,""priority"":""4"",""node"":""kwok-node-30""},{""name"":""rs-41-p3-54nng"",""cpu_m"":271,""mem_b"":461302682,""priority"":""3"",""node"":""kwok-node-9""},{""name"":""rs-41-p3-hmjp2"",""cpu_m"":271,""mem_b"":461302682,""priority"":""3"",""node"":""kwok-node-5""},{""name"":""rs-42-p3-25ldb"",""cpu_m"":760,""mem_b"":718205155,""priority"":""3"",""node"":""kwok-node-15""},{""name"":""rs-43-p3-skmt4"",""cpu_m"":455,""mem_b"":467283395,""priority"":""3"",""node"":""kwok-node-18""},{""name"":""rs-43-p3-vd79j"",""cpu_m"":455,""mem_b"":467283395,""priority"":""3"",""node"":""kwok-node-20""},{""name"":""rs-43-p3-xq6rh"",""cpu_m"":455,""mem_b"":467283395,""priority"":""3"",""node"":""kwok-node-13""},{""name"":""rs-44-p4-fpklj"",""cpu_m"":220,""mem_b"":228773411,""priority"":""4"",""node"":""kwok-node-14""},{""name"":""rs-44-p4-fv8jz"",""cpu_m"":220,""mem_b"":228773411,""priority"":""4"",""node"":""kwok-node-26""},{""name"":""rs-44-p4-h94jx"",""cpu_m"":220,""mem_b"":228773411,""priority"":""4"",""node"":""kwok-node-24""},{""name"":""rs-44-p4-pbfj2"",""cpu_m"":220,""mem_b"":228773411,""priority"":""4"",""node"":""kwok-node-2""},{""name"":""rs-45-p1-6qklg"",""cpu_m"":909,""mem_b"":725867321,""priority"":""1"",""node"":""""},{""name"":""rs-45-p1-7l2jl"",""cpu_m"":909,""mem_b"":725867321,""priority"":""1"",""node"":""""},{""name"":""rs-45-p1-dwdfd"",""cpu_m"":909,""mem_b"":725867321,""priority"":""1"",""node"":""""},{""name"":""rs-45-p1-lbh2f"",""cpu_m"":909,""mem_b"":725867321,""priority"":""1"",""node"":""""},{""name"":""rs-46-p2-p4rc5"",""cpu_m"":491,""mem_b"":666881330,""priority"":""2"",""node"":""kwok-node-1""},{""name"":""rs-46-p2-pdxcv"",""cpu_m"":491,""mem_b"":666881330,""priority"":""2"",""node"":""kwok-node-2""},{""name"":""rs-46-p2-thdm8"",""cpu_m"":491,""mem_b"":666881330,""priority"":""2"",""node"":""kwok-node-4""},{""name"":""rs-47-p4-bz4gg"",""cpu_m"":232,""mem_b"":899558221,""priority"":""4"",""node"":""kwok-node-28""},{""name"":""rs-47-p4-njvbx"",""cpu_m"":232,""mem_b"":899558221,""priority"":""4"",""node"":""kwok-node-31""},{""name"":""rs-48-p1-fb2bh"",""cpu_m"":372,""mem_b"":752074896,""priority"":""1"",""node"":""kwok-node-23""},{""name"":""rs-48-p1-l6j6v"",""cpu_m"":372,""mem_b"":752074896,""priority"":""1"",""node"":""""},{""name"":""rs-49-p4-w96z4"",""cpu_m"":636,""mem_b"":661679365,""priority"":""4"",""node"":""kwok-node-14""}]","[{""name"":""rs-01-p3-6wjwn"",""cpu_m"":831,""mem_b"":874708627,""priority"":""3"",""node"":""kwok-node-16""},{""name"":""rs-01-p3-jhs42"",""cpu_m"":831,""mem_b"":874708627,""priority"":""3"",""node"":""kwok-node-17""},{""name"":""rs-01-p3-sfnzj"",""cpu_m"":831,""mem_b"":874708627,""priority"":""3"",""node"":""kwok-node-18""},{""name"":""rs-01-p3-spkx5"",""cpu_m"":831,""mem_b"":874708627,""priority"":""3"",""node"":""kwok-node-12""},{""name"":""rs-02-p4-29drh"",""cpu_m"":432,""mem_b"":348070746,""priority"":""4"",""node"":""kwok-node-14""},{""name"":""rs-02-p4-zfmsq"",""cpu_m"":432,""mem_b"":348070746,""priority"":""4"",""node"":""kwok-node-23""},{""name"":""rs-03-p1-5kg8x"",""cpu_m"":452,""mem_b"":671743181,""priority"":""1"",""node"":""kwok-node-15""},{""name"":""rs-03-p1-v9bmv"",""cpu_m"":452,""mem_b"":671743181,""priority"":""1"",""node"":""kwok-node-1""},{""name"":""rs-03-p1-zcrgj"",""cpu_m"":452,""mem_b"":671743181,""priority"":""1"",""node"":""kwok-node-2""},{""name"":""rs-04-p4-99jsp"",""cpu_m"":485,""mem_b"":729862059,""priority"":""4"",""node"":""kwok-node-19""},{""name"":""rs-04-p4-zrvzf"",""cpu_m"":485,""mem_b"":729862059,""priority"":""4"",""node"":""kwok-node-10""},{""name"":""rs-04-p4-zt4xz"",""cpu_m"":485,""mem_b"":729862059,""priority"":""4"",""node"":""kwok-node-20""},{""name"":""rs-05-p3-65jch"",""cpu_m"":866,""mem_b"":136492338,""priority"":""3"",""node"":""kwok-node-13""},{""name"":""rs-05-p3-c9428"",""cpu_m"":866,""mem_b"":136492338,""priority"":""3"",""node"":""kwok-node-21""},{""name"":""rs-05-p3-nwjnk"",""cpu_m"":866,""mem_b"":136492338,""priority"":""3"",""node"":""kwok-node-11""},{""name"":""rs-05-p3-qgckp"",""cpu_m"":866,""mem_b"":136492338,""priority"":""3"",""node"":""kwok-node-22""},{""name"":""rs-06-p2-mjrtd"",""cpu_m"":285,""mem_b"":388786881,""priority"":""2"",""node"":""kwok-node-24""},{""name"":""rs-06-p2-rngh5"",""cpu_m"":285,""mem_b"":388786881,""priority"":""2"",""node"":""kwok-node-26""},{""name"":""rs-07-p3-4jrpx"",""cpu_m"":321,""mem_b"":591091420,""priority"":""3"",""node"":""kwok-node-3""},{""name"":""rs-07-p3-849lv"",""cpu_m"":321,""mem_b"":591091420,""priority"":""3"",""node"":""kwok-node-29""},{""name"":""rs-07-p3-hwl8p"",""cpu_m"":321,""mem_b"":591091420,""priority"":""3"",""node"":""kwok-node-27""},{""name"":""rs-08-p1-g6wcn"",""cpu_m"":319,""mem_b"":634411725,""priority"":""1"",""node"":""kwok-node-25""},{""name"":""rs-08-p1-zlr2t"",""cpu_m"":319,""mem_b"":634411725,""priority"":""1"",""node"":""kwok-node-30""},{""name"":""rs-08-p1-znjcd"",""cpu_m"":319,""mem_b"":634411725,""priority"":""1"",""node"":""kwok-node-28""},{""name"":""rs-09-p3-7vbcr"",""cpu_m"":653,""mem_b"":335805403,""priority"":""3"",""node"":""kwok-node-26""},{""name"":""rs-09-p3-8r5g6"",""cpu_m"":653,""mem_b"":335805403,""priority"":""3"",""node"":""kwok-node-29""},{""name"":""rs-09-p3-lcbdv"",""cpu_m"":653,""mem_b"":335805403,""priority"":""3"",""node"":""kwok-node-24""},{""name"":""rs-10-p1-m74z4"",""cpu_m"":692,""mem_b"":598968147,""priority"":""1"",""node"":""kwok-node-14""},{""name"":""rs-10-p1-qrwfp"",""cpu_m"":692,""mem_b"":598968147,""priority"":""1"",""node"":""kwok-node-23""},{""name"":""rs-10-p1-wmfjv"",""cpu_m"":692,""mem_b"":598968147,""priority"":""1"",""node"":""kwok-node-3""},{""name"":""rs-10-p1-xnp5w"",""cpu_m"":692,""mem_b"":598968147,""priority"":""1"",""node"":""kwok-node-31""},{""name"":""rs-11-p1-chmtg"",""cpu_m"":601,""mem_b"":411846069,""priority"":""1"",""node"":""kwok-node-32""},{""name"":""rs-12-p3-9gd4g"",""cpu_m"":980,""mem_b"":424905340,""priority"":""3"",""node"":""kwok-node-5""},{""name"":""rs-12-p3-k7vhd"",""cpu_m"":980,""mem_b"":424905340,""priority"":""3"",""node"":""kwok-node-9""},{""name"":""rs-12-p3-v5xq6"",""cpu_m"":980,""mem_b"":424905340,""priority"":""3"",""node"":""kwok-node-6""},{""name"":""rs-13-p3-kp554"",""cpu_m"":644,""mem_b"":604445729,""priority"":""3"",""node"":""kwok-node-4""},{""name"":""rs-14-p1-crv5c"",""cpu_m"":779,""mem_b"":142071904,""priority"":""1"",""node"":""kwok-node-8""},{""name"":""rs-14-p1-rs5x6"",""cpu_m"":779,""mem_b"":142071904,""priority"":""1"",""node"":""kwok-node-7""},{""name"":""rs-15-p4-vk5pj"",""cpu_m"":201,""mem_b"":893700523,""priority"":""4"",""node"":""kwok-node-8""},{""name"":""rs-15-p4-xfrqf"",""cpu_m"":201,""mem_b"":893700523,""priority"":""4"",""node"":""kwok-node-7""},{""name"":""rs-16-p3-fwxjr"",""cpu_m"":139,""mem_b"":338031098,""priority"":""3"",""node"":""kwok-node-32""},{""name"":""rs-17-p2-8v9lk"",""cpu_m"":667,""mem_b"":231370771,""priority"":""2"",""node"":""kwok-node-30""},{""name"":""rs-17-p2-hcdcn"",""cpu_m"":667,""mem_b"":231370771,""priority"":""2"",""node"":""kwok-node-25""},{""name"":""rs-17-p2-nnqsv"",""cpu_m"":667,""mem_b"":231370771,""priority"":""2"",""node"":""kwok-node-27""},{""name"":""rs-17-p2-rpnkl"",""cpu_m"":667,""mem_b"":231370771,""priority"":""2"",""node"":""kwok-node-28""},{""name"":""rs-18-p1-hwqj2"",""cpu_m"":266,""mem_b"":714579873,""priority"":""1"",""node"":""kwok-node-13""},{""name"":""rs-19-p3-m4xp6"",""cpu_m"":821,""mem_b"":171223058,""priority"":""3"",""node"":""kwok-node-10""},{""name"":""rs-19-p3-nsnzz"",""cpu_m"":821,""mem_b"":171223058,""priority"":""3"",""node"":""kwok-node-15""},{""name"":""rs-19-p3-s7x4t"",""cpu_m"":821,""mem_b"":171223058,""priority"":""3"",""node"":""kwok-node-2""},{""name"":""rs-19-p3-xd2nq"",""cpu_m"":821,""mem_b"":171223058,""priority"":""3"",""node"":""kwok-node-1""},{""name"":""rs-20-p4-gwnsl"",""cpu_m"":400,""mem_b"":872982338,""priority"":""4"",""node"":""kwok-node-22""},{""name"":""rs-20-p4-mf9j5"",""cpu_m"":400,""mem_b"":872982338,""priority"":""4"",""node"":""kwok-node-21""},{""name"":""rs-20-p4-nshps"",""cpu_m"":400,""mem_b"":872982338,""priority"":""4"",""node"":""kwok-node-11""},{""name"":""rs-20-p4-v2wst"",""cpu_m"":400,""mem_b"":872982338,""priority"":""4"",""node"":""kwok-node-6""},{""name"":""rs-21-p1-2wjlh"",""cpu_m"":448,""mem_b"":827726201,""priority"":""1"",""node"":""kwok-node-9""},{""name"":""rs-21-p1-f8zlt"",""cpu_m"":448,""mem_b"":827726201,""priority"":""1"",""node"":""kwok-node-5""},{""name"":""rs-21-p1-l6cm6"",""cpu_m"":448,""mem_b"":827726201,""priority"":""1"",""node"":""kwok-node-31""},{""name"":""rs-22-p3-d7nn5"",""cpu_m"":468,""mem_b"":204737119,""priority"":""3"",""node"":""kwok-node-19""},{""name"":""rs-23-p2-5j5f5"",""cpu_m"":996,""mem_b"":539378942,""priority"":""2"",""node"":""kwok-node-20""},{""name"":""rs-23-p2-xzwkz"",""cpu_m"":996,""mem_b"":539378942,""priority"":""2"",""node"":""kwok-node-4""},{""name"":""rs-24-p3-dgz79"",""cpu_m"":386,""mem_b"":416069799,""priority"":""3"",""node"":""kwok-node-24""},{""name"":""rs-24-p3-kq6fw"",""cpu_m"":386,""mem_b"":416069799,""priority"":""3"",""node"":""kwok-node-17""},{""name"":""rs-24-p3-ll4pt"",""cpu_m"":386,""mem_b"":416069799,""priority"":""3"",""node"":""kwok-node-32""},{""name"":""rs-24-p3-t6495"",""cpu_m"":386,""mem_b"":416069799,""priority"":""3"",""node"":""kwok-node-26""},{""name"":""rs-25-p2-kx64x"",""cpu_m"":613,""mem_b"":371146067,""priority"":""2"",""node"":""kwok-node-12""},{""name"":""rs-26-p1-2p4f2"",""cpu_m"":142,""mem_b"":755649840,""priority"":""1"",""node"":""kwok-node-15""},{""name"":""rs-26-p1-96lll"",""cpu_m"":142,""mem_b"":755649840,""priority"":""1"",""node"":""kwok-node-27""},{""name"":""rs-26-p1-gbvwz"",""cpu_m"":142,""mem_b"":755649840,""priority"":""1"",""node"":""kwok-node-1""},{""name"":""rs-27-p4-2r52f"",""cpu_m"":466,""mem_b"":207009259,""priority"":""4"",""node"":""kwok-node-18""},{""name"":""rs-27-p4-9bhmv"",""cpu_m"":466,""mem_b"":207009259,""priority"":""4"",""node"":""kwok-node-19""},{""name"":""rs-27-p4-fv5q4"",""cpu_m"":466,""mem_b"":207009259,""priority"":""4"",""node"":""kwok-node-16""},{""name"":""rs-27-p4-zbgbr"",""cpu_m"":466,""mem_b"":207009259,""priority"":""4"",""node"":""kwok-node-29""},{""name"":""rs-28-p1-85qd8"",""cpu_m"":831,""mem_b"":569016749,""priority"":""1"",""node"":""kwok-node-30""},{""name"":""rs-28-p1-dfvzj"",""cpu_m"":831,""mem_b"":569016749,""priority"":""1"",""node"":""kwok-node-28""},{""name"":""rs-28-p1-jjm4v"",""cpu_m"":831,""mem_b"":569016749,""priority"":""1"",""node"":""kwok-node-7""},{""name"":""rs-29-p1-2mfnm"",""cpu_m"":951,""mem_b"":337992183,""priority"":""1"",""node"":""kwok-node-8""},{""name"":""rs-29-p1-jgcng"",""cpu_m"":951,""mem_b"":337992183,""priority"":""1"",""node"":""kwok-node-25""},{""name"":""rs-30-p1-96r97"",""cpu_m"":251,""mem_b"":502363527,""priority"":""1"",""node"":""kwok-node-13""},{""name"":""rs-30-p1-l4fqd"",""cpu_m"":251,""mem_b"":502363527,""priority"":""1"",""node"":""kwok-node-2""},{""name"":""rs-30-p1-lpbp8"",""cpu_m"":251,""mem_b"":502363527,""priority"":""1"",""node"":""kwok-node-14""},{""name"":""rs-31-p1-d4wbl"",""cpu_m"":359,""mem_b"":569025430,""priority"":""1"",""node"":""kwok-node-10""},{""name"":""rs-31-p1-h9gj8"",""cpu_m"":359,""mem_b"":569025430,""priority"":""1"",""node"":""kwok-node-21""},{""name"":""rs-31-p1-l4c6l"",""cpu_m"":359,""mem_b"":569025430,""priority"":""1"",""node"":""kwok-node-23""},{""name"":""rs-32-p1-66znp"",""cpu_m"":955,""mem_b"":449882604,""priority"":""1"",""node"":""kwok-node-3""},{""name"":""rs-32-p1-9dwn9"",""cpu_m"":955,""mem_b"":449882604,""priority"":""1"",""node"":""kwok-node-32""},{""name"":""rs-33-p2-5prrx"",""cpu_m"":254,""mem_b"":791168438,""priority"":""2"",""node"":""kwok-node-22""},{""name"":""rs-33-p2-7w5lm"",""cpu_m"":254,""mem_b"":791168438,""priority"":""2"",""node"":""kwok-node-11""},{""name"":""rs-33-p2-chg69"",""cpu_m"":254,""mem_b"":791168438,""priority"":""2"",""node"":""kwok-node-16""},{""name"":""rs-34-p4-2m492"",""cpu_m"":808,""mem_b"":482269788,""priority"":""4"",""node"":""kwok-node-31""},{""name"":""rs-34-p4-rf8p6"",""cpu_m"":808,""mem_b"":482269788,""priority"":""4"",""node"":""kwok-node-17""},{""name"":""rs-35-p1-xq2q8"",""cpu_m"":929,""mem_b"":508688604,""priority"":""1"",""node"":""""},{""name"":""rs-36-p2-7r9r7"",""cpu_m"":145,""mem_b"":237680540,""priority"":""2"",""node"":""kwok-node-26""},{""name"":""rs-36-p2-g9gzd"",""cpu_m"":145,""mem_b"":237680540,""priority"":""2"",""node"":""kwok-node-24""},{""name"":""rs-36-p2-xnvnf"",""cpu_m"":145,""mem_b"":237680540,""priority"":""2"",""node"":""kwok-node-18""},{""name"":""rs-37-p4-2vt25"",""cpu_m"":949,""mem_b"":243955369,""priority"":""4"",""node"":""kwok-node-27""},{""name"":""rs-37-p4-kbhrn"",""cpu_m"":949,""mem_b"":243955369,""priority"":""4"",""node"":""""},{""name"":""rs-37-p4-vkqm8"",""cpu_m"":949,""mem_b"":243955369,""priority"":""4"",""node"":""""},{""name"":""rs-37-p4-zdcc2"",""cpu_m"":949,""mem_b"":243955369,""priority"":""4"",""node"":""""},{""name"":""rs-38-p2-q5pqz"",""cpu_m"":589,""mem_b"":389004151,""priority"":""2"",""node"":""kwok-node-6""},{""name"":""rs-39-p2-dv2qf"",""cpu_m"":432,""mem_b"":588120070,""priority"":""2"",""node"":""kwok-node-19""},{""name"":""rs-39-p2-nbc4t"",""cpu_m"":432,""mem_b"":588120070,""priority"":""2"",""node"":""kwok-node-29""},{""name"":""rs-39-p2-rq467"",""cpu_m"":432,""mem_b"":588120070,""priority"":""2"",""node"":""kwok-node-12""},{""name"":""rs-40-p4-bv7pq"",""cpu_m"":871,""mem_b"":959625514,""priority"":""4"",""node"":""""},{""name"":""rs-40-p4-jnqfp"",""cpu_m"":871,""mem_b"":959625514,""priority"":""4"",""node"":""""},{""name"":""rs-40-p4-lcx54"",""cpu_m"":871,""mem_b"":959625514,""priority"":""4"",""node"":""""},{""name"":""rs-40-p4-sqgtb"",""cpu_m"":871,""mem_b"":959625514,""priority"":""4"",""node"":""""},{""name"":""rs-41-p3-54nng"",""cpu_m"":271,""mem_b"":461302682,""priority"":""3"",""node"":""kwok-node-9""},{""name"":""rs-41-p3-hmjp2"",""cpu_m"":271,""mem_b"":461302682,""priority"":""3"",""node"":""kwok-node-5""},{""name"":""rs-42-p3-25ldb"",""cpu_m"":760,""mem_b"":718205155,""priority"":""3"",""node"":""""},{""name"":""rs-43-p3-skmt4"",""cpu_m"":455,""mem_b"":467283395,""priority"":""3"",""node"":""kwok-node-18""},{""name"":""rs-43-p3-vd79j"",""cpu_m"":455,""mem_b"":467283395,""priority"":""3"",""node"":""kwok-node-20""},{""name"":""rs-43-p3-xq6rh"",""cpu_m"":455,""mem_b"":467283395,""priority"":""3"",""node"":""kwok-node-13""},{""name"":""rs-44-p4-fpklj"",""cpu_m"":220,""mem_b"":228773411,""priority"":""4"",""node"":""kwok-node-14""},{""name"":""rs-44-p4-fv8jz"",""cpu_m"":220,""mem_b"":228773411,""priority"":""4"",""node"":""kwok-node-26""},{""name"":""rs-44-p4-h94jx"",""cpu_m"":220,""mem_b"":228773411,""priority"":""4"",""node"":""kwok-node-24""},{""name"":""rs-44-p4-pbfj2"",""cpu_m"":220,""mem_b"":228773411,""priority"":""4"",""node"":""kwok-node-2""},{""name"":""rs-45-p1-6qklg"",""cpu_m"":909,""mem_b"":725867321,""priority"":""1"",""node"":""""},{""name"":""rs-45-p1-7l2jl"",""cpu_m"":909,""mem_b"":725867321,""priority"":""1"",""node"":""""},{""name"":""rs-45-p1-dwdfd"",""cpu_m"":909,""mem_b"":725867321,""priority"":""1"",""node"":""""},{""name"":""rs-45-p1-lbh2f"",""cpu_m"":909,""mem_b"":725867321,""priority"":""1"",""node"":""""},{""name"":""rs-46-p2-p4rc5"",""cpu_m"":491,""mem_b"":666881330,""priority"":""2"",""node"":""""},{""name"":""rs-46-p2-pdxcv"",""cpu_m"":491,""mem_b"":666881330,""priority"":""2"",""node"":""""},{""name"":""rs-46-p2-thdm8"",""cpu_m"":491,""mem_b"":666881330,""priority"":""2"",""node"":""kwok-node-4""},{""name"":""rs-47-p4-bz4gg"",""cpu_m"":232,""mem_b"":899558221,""priority"":""4"",""node"":""""},{""name"":""rs-47-p4-njvbx"",""cpu_m"":232,""mem_b"":899558221,""priority"":""4"",""node"":""""},{""name"":""rs-48-p1-fb2bh"",""cpu_m"":372,""mem_b"":752074896,""priority"":""1"",""node"":""""},{""name"":""rs-48-p1-l6j6v"",""cpu_m"":372,""mem_b"":752074896,""priority"":""1"",""node"":""""},{""name"":""rs-49-p4-w96z4"",""cpu_m"":636,""mem_b"":661679365,""priority"":""4"",""node"":""""}]","[{""name"":""kwok-node-1"",""cap_cpu_m"":2131,""cap_mem_bytes"":1996099099},{""name"":""kwok-node-2"",""cap_cpu_m"":2131,""cap_mem_bytes"":1996099099},{""name"":""kwok-node-3"",""cap_cpu_m"":2131,""cap_mem_bytes"":1996099099},{""name"":""kwok-node-4"",""cap_cpu_m"":2131,""cap_mem_bytes"":1996099099},{""name"":""kwok-node-5"",""cap_cpu_m"":2131,""cap_mem_bytes"":1996099099},{""name"":""kwok-node-6"",""cap_cpu_m"":2131,""cap_mem_bytes"":1996099099},{""name"":""kwok-node-7"",""cap_cpu_m"":2131,""cap_mem_bytes"":1996099099},{""name"":""kwok-node-8"",""cap_cpu_m"":2131,""cap_mem_bytes"":1996099099},{""name"":""kwok-node-9"",""cap_cpu_m"":2131,""cap_mem_bytes"":1996099099},{""name"":""kwok-node-10"",""cap_cpu_m"":2131,""cap_mem_bytes"":1996099099},{""name"":""kwok-node-11"",""cap_cpu_m"":2131,""cap_mem_bytes"":1996099099},{""name"":""kwok-node-12"",""cap_cpu_m"":2131,""cap_mem_bytes"":1996099099},{""name"":""kwok-node-13"",""cap_cpu_m"":2131,""cap_mem_bytes"":1996099099},{""name"":""kwok-node-14"",""cap_cpu_m"":2131,""cap_mem_bytes"":1996099099},{""name"":""kwok-node-15"",""cap_cpu_m"":2131,""cap_mem_bytes"":1996099099},{""name"":""kwok-node-16"",""cap_cpu_m"":2131,""cap_mem_bytes"":1996099099},{""name"":""kwok-node-17"",""cap_cpu_m"":2131,""cap_mem_bytes"":1996099099},{""name"":""kwok-node-18"",""cap_cpu_m"":2131,""cap_mem_bytes"":1996099099},{""name"":""kwok-node-19"",""cap_cpu_m"":2131,""cap_mem_bytes"":1996099099},{""name"":""kwok-node-20"",""cap_cpu_m"":2131,""cap_mem_bytes"":1996099099},{""name"":""kwok-node-21"",""cap_cpu_m"":2131,""cap_mem_bytes"":1996099099},{""name"":""kwok-node-22"",""cap_cpu_m"":2131,""cap_mem_bytes"":1996099099},{""name"":""kwok-node-23"",""cap_cpu_m"":2131,""cap_mem_bytes"":1996099099},{""name"":""kwok-node-24"",""cap_cpu_m"":2131,""cap_mem_bytes"":1996099099},{""name"":""kwok-node-25"",""cap_cpu_m"":2131,""cap_mem_bytes"":1996099099},{""name"":""kwok-node-26"",""cap_cpu_m"":2131,""cap_mem_bytes"":1996099099},{""name"":""kwok-node-27"",""cap_cpu_m"":2131,""cap_mem_bytes"":1996099099},{""name"":""kwok-node-28"",""cap_cpu_m"":2131,""cap_mem_bytes"":1996099099},{""name"":""kwok-node-29"",""cap_cpu_m"":2131,""cap_mem_bytes"":1996099099},{""name"":""kwok-node-30"",""cap_cpu_m"":2131,""cap_mem_bytes"":1996099099},{""name"":""kwok-node-31"",""cap_cpu_m"":2131,""cap_mem_bytes"":1996099099},{""name"":""kwok-node-32"",""cap_cpu_m"":2131,""cap_mem_bytes"":1996099099}]"
2026/02/11/12:47:05,2202158810409137126,,"{""evicted"":0,""moved"":0,""placed_by_priority"":{""1"":17,""2"":25,""3"":26,""4"":39}}",python,"{""evicted"":11,""moved"":27,""placed_by_priority"":{""1"":7,""2"":24,""3"":36,""4"":44}}",985,FEASIBLE,"[{""duration_ms"":985,""name"":""python"",""score"":{""evicted"":11,""moved"":27,""placed_by_priority"":{""1"":7,""2"":24,""3"":36,""4"":44}},""status"":""FEASIBLE""}]",0.909,0.840,0.936,0.895,60203,55584,58728007171,56158632832,111,107,17,21,"{""kwok-node-1"":3,""kwok-node-10"":4,""kwok-node-11"":3,""kwok-node-12"":3,""kwok-node-13"":4,""kwok-node-14"":4,""kwok-node-15"":4,""kwok-node-16"":3,""kwok-node-17"":4,""kwok-node-18"":4,""kwok-node-19"":3,""kwok-node-2"":2,""kwok-node-20"":3,""kwok-node-21"":3,""kwok-node-22"":4,""kwok-node-23"":3,""kwok-node-24"":4,""kwok-node-25"":3,""kwok-node-26"":4,""kwok-node-27"":4,""kwok-node-28"":4,""kwok-node-29"":3,""kwok-node-3"":4,""kwok-node-30"":3,""kwok-node-31"":3,""kwok-node-32"":3,""kwok-node-4"":4,""kwok-node-5"":3,""kwok-node-6"":3,""kwok-node-7"":5,""kwok-node-8"":4,""kwok-node-9"":3}","{""kwok-node-1"":4,""kwok-node-10"":4,""kwok-node-11"":3,""kwok-node-12"":4,""kwok-node-13"":4,""kwok-node-14"":4,""kwok-node-15"":4,""kwok-node-16"":3,""kwok-node-17"":3,""kwok-node-18"":4,""kwok-node-19"":4,""kwok-node-2"":2,""kwok-node-20"":3,""kwok-node-21"":3,""kwok-node-22"":3,""kwok-node-23"":3,""kwok-node-24"":4,""kwok-node-25"":3,""kwok-node-26"":4,""kwok-node-27"":3,""kwok-node-28"":3,""kwok-node-29"":3,""kwok-node-3"":3,""kwok-node-30"":3,""kwok-node-31"":3,""kwok-node-32"":3,""kwok-node-4"":3,""kwok-node-5"":3,""kwok-node-6"":3,""kwok-node-7"":5,""kwok-node-8"":3,""kwok-node-9"":3}","{""p1"":13,""p2"":18,""p3"":36,""p4"":44}","{""p1"":17,""p2"":25,""p3"":26,""p4"":39}","{""p1"":10,""p2"":7}","{""p1"":6,""p3"":10,""p4"":5}","{rs-03-p2-xhnv6,rs-13-p2-dmtx5,rs-21-p1-28fh4,rs-21-p1-h8z2t,rs-27-p2-2gmtv,rs-27-p2-r9tj6,rs-27-p2-zkjvf,rs-38-p2-65ctp,rs-38-p2-7lznq,rs-42-p1-4kvd6,rs-42-p1-j6h2l,rs-42-p1-kgp7x,rs-43-p1-25m69,rs-43-p1-4cg6q,rs-43-p1-fm6lm,rs-43-p1-tvgtb,rs-48-p1-b84k6}","{rs-36-p3-mgl77,rs-40-p3-pcpf5,rs-40-p3-pvkxp,rs-40-p3-w9hj4,rs-42-p1-4kvd6,rs-42-p1-9jpz6,rs-42-p1-j6h2l,rs-42-p1-kgp7x,rs-44-p1-csvzh,rs-45-p4-pnm5x,rs-46-p4-9xwc6,rs-46-p4-gqngp,rs-46-p4-gw5wx,rs-46-p4-sbq57,rs-47-p3-7rqps,rs-47-p3-mgbq2,rs-47-p3-rbpwp,rs-48-p1-qwclm,rs-49-p3-6cnt8,rs-49-p3-b559l,rs-49-p3-zsn9g}","{rs-01-p2-5g4kr,rs-01-p2-mxckd,rs-01-p2-z4bmz,rs-02-p1-88k7r,rs-02-p1-bfdtw,rs-02-p1-kmw2x,rs-02-p1-m4q4v,rs-03-p2-2jc2h,rs-03-p2-n65gp,rs-03-p2-xtjw7,rs-04-p4-24qx6,rs-04-p4-dtz5x,rs-05-p3-fnl8t,rs-06-p4-d44tb,rs-07-p1-fns8j,rs-07-p1-mzd5x,rs-07-p1-nwzk7,rs-08-p3-5nv97,rs-08-p3-7qckv,rs-09-p3-f6l46,rs-10-p3-bcvch,rs-11-p4-g8jsr,rs-11-p4-l67p5,rs-11-p4-ng7qf,rs-12-p3-gxgw6,rs-12-p3-s7vw7,rs-12-p3-trx4j,rs-13-p2-v2qzv,rs-13-p2-w7rj5,rs-14-p4-795p2,rs-14-p4-92vzm,rs-14-p4-bx7hr,rs-14-p4-qskt4,rs-15-p3-bgqsq,rs-16-p4-4fmz9,rs-16-p4-fb2jx,rs-16-p4-nb5n5,rs-17-p3-2qgr5,rs-17-p3-8fnp9,rs-17-p3-fskxp,rs-18-p2-r48xc,rs-18-p2-xj25r,rs-19-p4-hm5pw,rs-19-p4-vdlq6,rs-20-p4-vfhzt,rs-22-p2-ph9lf,rs-22-p2-r2xq5,rs-22-p2-t7t2k,rs-23-p3-67ccq,rs-24-p4-ctwgb,rs-24-p4-rjllh,rs-24-p4-w6w4c,rs-25-p3-m2l87,rs-25-p3-n85hb,rs-26-p4-2p8lt,rs-26-p4-bnp9c,rs-26-p4-fzgv6,rs-26-p4-kn29w,rs-27-p2-pdt8h,rs-28-p2-gsxpp,rs-28-p2-j4nsf,rs-29-p4-5wzm6,rs-29-p4-6fmqf,rs-29-p4-8pf5h,rs-29-p4-99g54,rs-30-p2-nfhck,rs-31-p4-wk6cp,rs-32-p3-gpndt,rs-32-p3-xtpkm,rs-33-p4-g4vqc,rs-33-p4-pt677,rs-33-p4-qjv95,rs-34-p3-8xfrq,rs-34-p3-dm79s,rs-34-p3-kt84b,rs-34-p3-r858f,rs-35-p4-74cqq,rs-35-p4-mlc5x,rs-35-p4-swj4c,rs-35-p4-tpmt8,rs-36-p3-27x69,rs-36-p3-mgl77,rs-37-p3-4pcd9,rs-37-p3-4q4sp,rs-37-p3-7v5gb,rs-37-p3-d548k,rs-38-p2-lgn6d,rs-39-p1-r6qp4,rs-39-p1-zt67b,rs-40-p3-pcpf5,rs-40-p3-pvkxp,rs-40-p3-w9hj4,rs-41-p4-cz2z9,rs-41-p4-d54lh,rs-41-p4-kpc2t,rs-41-p4-m9p28,rs-42-p1-9jpz6,rs-44-p1-csvzh,rs-45-p4-pnm5x,rs-46-p4-9xwc6,rs-46-p4-gqngp,rs-46-p4-gw5wx,rs-46-p4-sbq57,rs-47-p3-7rqps,rs-47-p3-mgbq2,rs-47-p3-rbpwp,rs-48-p1-qwclm,rs-48-p1-vbfwr,rs-49-p3-6cnt8,rs-49-p3-b559l,rs-49-p3-zsn9g}","{rs-01-p2-2d2nz,rs-01-p2-nshr8,rs-01-p2-pfcpn,rs-02-p1-kmw2x,rs-02-p1-npcsz,rs-02-p1-pcz7s,rs-02-p1-z26n9,rs-03-p2-27n8q,rs-03-p2-bxfcm,rs-03-p2-cl4c8,rs-03-p2-zt7ks,rs-04-p4-24qx6,rs-04-p4-dtz5x,rs-05-p3-fnl8t,rs-06-p4-d44tb,rs-07-p1-d85kl,rs-07-p1-lrqgw,rs-07-p1-p29xn,rs-08-p3-5nv97,rs-08-p3-7qckv,rs-09-p3-f6l46,rs-10-p3-bcvch,rs-11-p4-g8jsr,rs-11-p4-l67p5,rs-11-p4-ng7qf,rs-12-p3-gxgw6,rs-12-p3-s7vw7,rs-12-p3-trx4j,rs-13-p2-68wh6,rs-13-p2-jj65f,rs-13-p2-vwjmg,rs-14-p4-795p2,rs-14-p4-92vzm,rs-14-p4-bx7hr,rs-14-p4-qskt4,rs-15-p3-bgqsq,rs-16-p4-4fmz9,rs-16-p4-fb2jx,rs-16-p4-nb5n5,rs-17-p3-2qgr5,rs-17-p3-8fnp9,rs-17-p3-fskxp,rs-18-p2-fjswk,rs-18-p2-qpsz8,rs-19-p4-hm5pw,rs-19-p4-vdlq6,rs-20-p4-vfhzt,rs-21-p1-5wzt7,rs-21-p1-jvvp9,rs-22-p2-rs747,rs-22-p2-t7t2k,rs-22-p2-tdnxv,rs-23-p3-67ccq,rs-24-p4-ctwgb,rs-24-p4-rjllh,rs-24-p4-w6w4c,rs-25-p3-m2l87,rs-25-p3-n85hb,rs-26-p4-2p8lt,rs-26-p4-bnp9c,rs-26-p4-fzgv6,rs-26-p4-kn29w,rs-27-p2-7wt48,rs-27-p2-j6tkq,rs-27-p2-nw24m,rs-27-p2-nzqh2,rs-28-p2-77s2d,rs-28-p2-vntg7,rs-29-p4-5wzm6,rs-29-p4-6fmqf,rs-29-p4-8pf5h,rs-29-p4-99g54,rs-30-p2-m5dzd,rs-31-p4-wk6cp,rs-32-p3-gpndt,rs-32-p3-xtpkm,rs-33-p4-g4vqc,rs-33-p4-pt677,rs-33-p4-qjv95,rs-34-p3-8xfrq,rs-34-p3-dm79s,rs-34-p3-kt84b,rs-34-p3-r858f,rs-35-p4-74cqq,rs-35-p4-mlc5x,rs-35-p4-swj4c,rs-35-p4-tpmt8,rs-36-p3-27x69,rs-37-p3-4pcd9,rs-37-p3-4q4sp,rs-37-p3-7v5gb,rs-37-p3-d548k,rs-38-p2-f24ll,rs-38-p2-lgn6d,rs-38-p2-sb5gm,rs-39-p1-2bjxt,rs-39-p1-vxlzj,rs-41-p4-cz2z9,rs-41-p4-d54lh,rs-41-p4-kpc2t,rs-41-p4-m9p28,rs-43-p1-5v55z,rs-43-p1-8m9qn,rs-43-p1-l6sr2,rs-43-p1-q45tn,rs-48-p1-vbfwr,rs-48-p1-vqkx2}","[{""name"":""rs-01-p2-5g4kr"",""cpu_m"":178,""mem_b"":808882749,""priority"":""2"",""node"":""kwok-node-31""},{""name"":""rs-01-p2-mxckd"",""cpu_m"":178,""mem_b"":808882749,""priority"":""2"",""node"":""kwok-node-22""},{""name"":""rs-01-p2-z4bmz"",""cpu_m"":178,""mem_b"":808882749,""priority"":""2"",""node"":""kwok-node-20""},{""name"":""rs-02-p1-88k7r"",""cpu_m"":286,""mem_b"":311244951,""priority"":""1"",""node"":""kwok-node-28""},{""name"":""rs-02-p1-bfdtw"",""cpu_m"":286,""mem_b"":311244951,""priority"":""1"",""node"":""kwok-node-27""},{""name"":""rs-02-p1-kmw2x"",""cpu_m"":286,""mem_b"":311244951,""priority"":""1"",""node"":""kwok-node-16""},{""name"":""rs-02-p1-m4q4v"",""cpu_m"":286,""mem_b"":311244951,""priority"":""1"",""node"":""kwok-node-3""},{""name"":""rs-03-p2-2jc2h"",""cpu_m"":570,""mem_b"":957134600,""priority"":""2"",""node"":""kwok-node-12""},{""name"":""rs-03-p2-n65gp"",""cpu_m"":570,""mem_b"":957134600,""priority"":""2"",""node"":""kwok-node-5""},{""name"":""rs-03-p2-xhnv6"",""cpu_m"":570,""mem_b"":957134600,""priority"":""2"",""node"":""""},{""name"":""rs-03-p2-xtjw7"",""cpu_m"":570,""mem_b"":957134600,""priority"":""2"",""node"":""kwok-node-1""},{""name"":""rs-04-p4-24qx6"",""cpu_m"":662,""mem_b"":608622926,""priority"":""4"",""node"":""kwok-node-21""},{""name"":""rs-04-p4-dtz5x"",""cpu_m"":662,""mem_b"":608622926,""priority"":""4"",""node"":""kwok-node-19""},{""name"":""rs-05-p3-fnl8t"",""cpu_m"":361,""mem_b"":385097735,""priority"":""3"",""node"":""kwok-node-14""},{""name"":""rs-06-p4-d44tb"",""cpu_m"":864,""mem_b"":764680219,""priority"":""4"",""node"":""kwok-node-23""},{""name"":""rs-07-p1-fns8j"",""cpu_m"":577,""mem_b"":123372077,""priority"":""1"",""node"":""kwok-node-17""},{""name"":""rs-07-p1-mzd5x"",""cpu_m"":577,""mem_b"":123372077,""priority"":""1"",""node"":""kwok-node-15""},{""name"":""rs-07-p1-nwzk7"",""cpu_m"":577,""mem_b"":123372077,""priority"":""1"",""node"":""kwok-node-6""},{""name"":""rs-08-p3-5nv97"",""cpu_m"":572,""mem_b"":829154229,""priority"":""3"",""node"":""kwok-node-30""},{""name"":""rs-08-p3-7qckv"",""cpu_m"":572,""mem_b"":829154229,""priority"":""3"",""node"":""kwok-node-29""},{""name"":""rs-09-p3-f6l46"",""cpu_m"":881,""mem_b"":960005059,""priority"":""3"",""node"":""kwok-node-2""},{""name"":""rs-10-p3-bcvch"",""cpu_m"":638,""mem_b"":729581847,""priority"":""3"",""node"":""kwok-node-27""},{""name"":""rs-11-p4-g8jsr"",""cpu_m"":939,""mem_b"":803998505,""priority"":""4"",""node"":""kwok-node-3""},{""name"":""rs-11-p4-l67p5"",""cpu_m"":939,""mem_b"":803998505,""priority"":""4"",""node"":""kwok-node-28""},{""name"":""rs-11-p4-ng7qf"",""cpu_m"":939,""mem_b"":803998505,""priority"":""4"",""node"":""kwok-node-16""},{""name"":""rs-12-p3-gxgw6"",""cpu_m"":658,""mem_b"":181692274,""priority"":""3"",""node"":""kwok-node-32""},{""name"":""rs-12-p3-s7vw7"",""cpu_m"":658,""mem_b"":181692274,""priority"":""3"",""node"":""kwok-node-7""},{""name"":""rs-12-p3-trx4j"",""cpu_m"":658,""mem_b"":181692274,""priority"":""3"",""node"":""kwok-node-4""},{""name"":""rs-13-p2-dmtx5"",""cpu_m"":624,""mem_b"":643568722,""priority"":""2"",""node"":""""},{""name"":""rs-13-p2-v2qzv"",""cpu_m"":624,""mem_b"":643568722,""priority"":""2"",""node"":""kwok-node-4""},{""name"":""rs-13-p2-w7rj5"",""cpu_m"":624,""mem_b"":643568722,""priority"":""2"",""node"":""kwok-node-1""},{""name"":""rs-14-p4-795p2"",""cpu_m"":518,""mem_b"":648230041,""priority"":""4"",""node"":""kwok-node-8""},{""name"":""rs-14-p4-92vzm"",""cpu_m"":518,""mem_b"":648230041,""priority"":""4"",""node"":""kwok-node-17""},{""name"":""rs-14-p4-bx7hr"",""cpu_m"":518,""mem_b"":648230041,""priority"":""4"",""node"":""kwok-node-11""},{""name"":""rs-14-p4-qskt4"",""cpu_m"":518,""mem_b"":648230041,""priority"":""4"",""node"":""kwok-node-9""},{""name"":""rs-15-p3-bgqsq"",""cpu_m"":623,""mem_b"":857091223,""priority"":""3"",""node"":""kwok-node-25""},{""name"":""rs-16-p4-4fmz9"",""cpu_m"":211,""mem_b"":597430704,""priority"":""4"",""node"":""kwok-node-7""},{""name"":""rs-16-p4-fb2jx"",""cpu_m"":211,""mem_b"":597430704,""priority"":""4"",""node"":""kwok-node-24""},{""name"":""rs-16-p4-nb5n5"",""cpu_m"":211,""mem_b"":597430704,""priority"":""4"",""node"":""kwok-node-26""},{""name"":""rs-17-p3-2qgr5"",""cpu_m"":924,""mem_b"":365693780,""priority"":""3"",""node"":""kwok-node-15""},{""name"":""rs-17-p3-8fnp9"",""cpu_m"":924,""mem_b"":365693780,""priority"":""3"",""node"":""kwok-node-10""},{""name"":""rs-17-p3-fskxp"",""cpu_m"":924,""mem_b"":365693780,""priority"":""3"",""node"":""kwok-node-12""},{""name"":""rs-18-p2-r48xc"",""cpu_m"":514,""mem_b"":453694400,""priority"":""2"",""node"":""kwok-node-5""},{""name"":""rs-18-p2-xj25r"",""cpu_m"":514,""mem_b"":453694400,""priority"":""2"",""node"":""kwok-node-10""},{""name"":""rs-19-p4-hm5pw"",""cpu_m"":122,""mem_b"":718825903,""priority"":""4"",""node"":""kwok-node-32""},{""name"":""rs-19-p4-vdlq6"",""cpu_m"":122,""mem_b"":718825903,""priority"":""4"",""node"":""kwok-node-4""},{""name"":""rs-20-p4-vfhzt"",""cpu_m"":296,""mem_b"":511486475,""priority"":""4"",""node"":""kwok-node-21""},{""name"":""rs-21-p1-28fh4"",""cpu_m"":524,""mem_b"":628187806,""priority"":""1"",""node"":""""},{""name"":""rs-21-p1-h8z2t"",""cpu_m"":524,""mem_b"":628187806,""priority"":""1"",""node"":""""},{""name"":""rs-22-p2-ph9lf"",""cpu_m"":968,""mem_b"":831163471,""priority"":""2"",""node"":""kwok-node-31""},{""name"":""rs-22-p2-r2xq5"",""cpu_m"":968,""mem_b"":831163471,""priority"":""2"",""node"":""kwok-node-20""},{""name"":""rs-22-p2-t7t2k"",""cpu_m"":968,""mem_b"":831163471,""priority"":""2"",""node"":""kwok-node-9""},{""name"":""rs-23-p3-67ccq"",""cpu_m"":375,""mem_b"":521064142,""priority"":""3"",""node"":""kwok-node-24""},{""name"":""rs-24-p4-ctwgb"",""cpu_m"":249,""mem_b"":275147850,""priority"":""4"",""node"":""kwok-node-26""},{""name"":""rs-24-p4-rjllh"",""cpu_m"":249,""mem_b"":275147850,""priority"":""4"",""node"":""kwok-node-27""},{""name"":""rs-24-p4-w6w4c"",""cpu_m"":249,""mem_b"":275147850,""priority"":""4"",""node"":""kwok-node-23""},{""name"":""rs-25-p3-m2l87"",""cpu_m"":318,""mem_b"":114527759,""priority"":""3"",""node"":""kwok-node-29""},{""name"":""rs-25-p3-n85hb"",""cpu_m"":318,""mem_b"":114527759,""priority"":""3"",""node"":""kwok-node-13""},{""name"":""rs-26-p4-2p8lt"",""cpu_m"":299,""mem_b"":337992002,""priority"":""4"",""node"":""kwok-node-28""},{""name"":""rs-26-p4-bnp9c"",""cpu_m"":299,""mem_b"":337992002,""priority"":""4"",""node"":""kwok-node-14""},{""name"":""rs-26-p4-fzgv6"",""cpu_m"":299,""mem_b"":337992002,""priority"":""4"",""node"":""kwok-node-7""},{""name"":""rs-26-p4-kn29w"",""cpu_m"":299,""mem_b"":337992002,""priority"":""4"",""node"":""kwok-node-3""},{""name"":""rs-27-p2-2gmtv"",""cpu_m"":538,""mem_b"":228832077,""priority"":""2"",""node"":""""},{""name"":""rs-27-p2-pdt8h"",""cpu_m"":538,""mem_b"":228832077,""priority"":""2"",""node"":""kwok-node-4""},{""name"":""rs-27-p2-r9tj6"",""cpu_m"":538,""mem_b"":228832077,""priority"":""2"",""node"":""""},{""name"":""rs-27-p2-zkjvf"",""cpu_m"":538,""mem_b"":228832077,""priority"":""2"",""node"":""""},{""name"":""rs-28-p2-gsxpp"",""cpu_m"":130,""mem_b"":885545278,""priority"":""2"",""node"":""kwok-node-10""},{""name"":""rs-28-p2-j4nsf"",""cpu_m"":130,""mem_b"":885545278,""priority"":""2"",""node"":""kwok-node-13""},{""name"":""rs-29-p4-5wzm6"",""cpu_m"":956,""mem_b"":927684929,""priority"":""4"",""node"":""kwok-node-29""},{""name"":""rs-29-p4-6fmqf"",""cpu_m"":956,""mem_b"":927684929,""priority"":""4"",""node"":""kwok-node-11""},{""name"":""rs-29-p4-8pf5h"",""cpu_m"":956,""mem_b"":927684929,""priority"":""4"",""node"":""kwok-node-32""},{""name"":""rs-29-p4-99g54"",""cpu_m"":956,""mem_b"":927684929,""priority"":""4"",""node"":""kwok-node-2""},{""name"":""rs-30-p2-nfhck"",""cpu_m"":894,""mem_b"":246972359,""priority"":""2"",""node"":""kwok-node-31""},{""name"":""rs-31-p4-wk6cp"",""cpu_m"":267,""mem_b"":414117749,""priority"":""4"",""node"":""kwok-node-22""},{""name"":""rs-32-p3-gpndt"",""cpu_m"":402,""mem_b"":891347784,""priority"":""3"",""node"":""kwok-node-17""},{""name"":""rs-32-p3-xtpkm"",""cpu_m"":402,""mem_b"":891347784,""priority"":""3"",""node"":""kwok-node-25""},{""name"":""rs-33-p4-g4vqc"",""cpu_m"":872,""mem_b"":576987889,""priority"":""4"",""node"":""kwok-node-13""},{""name"":""rs-33-p4-pt677"",""cpu_m"":872,""mem_b"":576987889,""priority"":""4"",""node"":""kwok-node-21""},{""name"":""rs-33-p4-qjv95"",""cpu_m"":872,""mem_b"":576987889,""priority"":""4"",""node"":""kwok-node-27""},{""name"":""rs-34-p3-8xfrq"",""cpu_m"":569,""mem_b"":666584447,""priority"":""3"",""node"":""kwok-node-6""},{""name"":""rs-34-p3-dm79s"",""cpu_m"":569,""mem_b"":666584447,""priority"":""3"",""node"":""kwok-node-23""},{""name"":""rs-34-p3-kt84b"",""cpu_m"":569,""mem_b"":666584447,""priority"":""3"",""node"":""kwok-node-30""},{""name"":""rs-34-p3-r858f"",""cpu_m"":569,""mem_b"":666584447,""priority"":""3"",""node"":""kwok-node-26""},{""name"":""rs-35-p4-74cqq"",""cpu_m"":412,""mem_b"":228970472,""priority"":""4"",""node"":""kwok-node-12""},{""name"":""rs-35-p4-mlc5x"",""cpu_m"":412,""mem_b"":228970472,""priority"":""4"",""node"":""kwok-node-1""},{""name"":""rs-35-p4-swj4c"",""cpu_m"":412,""mem_b"":228970472,""priority"":""4"",""node"":""kwok-node-10""},{""name"":""rs-35-p4-tpmt8"",""cpu_m"":412,""mem_b"":228970472,""priority"":""4"",""node"":""kwok-node-18""},{""name"":""rs-36-p3-27x69"",""cpu_m"":644,""mem_b"":844564626,""priority"":""3"",""node"":""kwok-node-16""},{""name"":""rs-36-p3-mgl77"",""cpu_m"":644,""mem_b"":844564626,""priority"":""3"",""node"":""kwok-node-6""},{""name"":""rs-37-p3-4pcd9"",""cpu_m"":445,""mem_b"":400229602,""priority"":""3"",""node"":""kwok-node-3""},{""name"":""rs-37-p3-4q4sp"",""cpu_m"":445,""mem_b"":400229602,""priority"":""3"",""node"":""kwok-node-7""},{""name"":""rs-37-p3-7v5gb"",""cpu_m"":445,""mem_b"":400229602,""priority"":""3"",""node"":""kwok-node-14""},{""name"":""rs-37-p3-d548k"",""cpu_m"":445,""mem_b"":400229602,""priority"":""3"",""node"":""kwok-node-28""},{""name"":""rs-38-p2-65ctp"",""cpu_m"":843,""mem_b"":428360235,""priority"":""2"",""node"":""""},{""name"":""rs-38-p2-7lznq"",""cpu_m"":843,""mem_b"":428360235,""priority"":""2"",""node"":""""},{""name"":""rs-38-p2-lgn6d"",""cpu_m"":843,""mem_b"":428360235,""priority"":""2"",""node"":""kwok-node-22""},{""name"":""rs-39-p1-r6qp4"",""cpu_m"":449,""mem_b"":179321580,""priority"":""1"",""node"":""kwok-node-17""},{""name"":""rs-39-p1-zt67b"",""cpu_m"":449,""mem_b"":179321580,""priority"":""1"",""node"":""kwok-node-11""},{""name"":""rs-40-p3-pcpf5"",""cpu_m"":870,""mem_b"":402464381,""priority"":""3"",""node"":""kwok-node-24""},{""name"":""rs-40-p3-pvkxp"",""cpu_m"":870,""mem_b"":402464381,""priority"":""3"",""node"":""kwok-node-26""},{""name"":""rs-40-p3-w9hj4"",""cpu_m"":870,""mem_b"":402464381,""priority"":""3"",""node"":""kwok-node-30""},{""name"":""rs-41-p4-cz2z9"",""cpu_m"":413,""mem_b"":232003571,""priority"":""4"",""node"":""kwok-node-20""},{""name"":""rs-41-p4-d54lh"",""cpu_m"":413,""mem_b"":232003571,""priority"":""4"",""node"":""kwok-node-18""},{""name"":""rs-41-p4-kpc2t"",""cpu_m"":413,""mem_b"":232003571,""priority"":""4"",""node"":""kwok-node-8""},{""name"":""rs-41-p4-m9p28"",""cpu_m"":413,""mem_b"":232003571,""priority"":""4"",""node"":""kwok-node-9""},{""name"":""rs-42-p1-4kvd6"",""cpu_m"":959,""mem_b"":192019167,""priority"":""1"",""node"":""""},{""name"":""rs-42-p1-9jpz6"",""cpu_m"":959,""mem_b"":192019167,""priority"":""1"",""node"":""kwok-node-5""},{""name"":""rs-42-p1-j6h2l"",""cpu_m"":959,""mem_b"":192019167,""priority"":""1"",""node"":""""},{""name"":""rs-42-p1-kgp7x"",""cpu_m"":959,""mem_b"":192019167,""priority"":""1"",""node"":""""},{""name"":""rs-43-p1-25m69"",""cpu_m"":136,""mem_b"":440367157,""priority"":""1"",""node"":""""},{""name"":""rs-43-p1-4cg6q"",""cpu_m"":136,""mem_b"":440367157,""priority"":""1"",""node"":""""},{""name"":""rs-43-p1-fm6lm"",""cpu_m"":136,""mem_b"":440367157,""priority"":""1"",""node"":""""},{""name"":""rs-43-p1-tvgtb"",""cpu_m"":136,""mem_b"":440367157,""priority"":""1"",""node"":""""},{""name"":""rs-44-p1-csvzh"",""cpu_m"":523,""mem_b"":656705725,""priority"":""1"",""node"":""kwok-node-19""},{""name"":""rs-45-p4-pnm5x"",""cpu_m"":891,""mem_b"":195496091,""priority"":""4"",""node"":""kwok-node-25""},{""name"":""rs-46-p4-9xwc6"",""cpu_m"":272,""mem_b"":736018737,""priority"":""4"",""node"":""kwok-node-15""},{""name"":""rs-46-p4-gqngp"",""cpu_m"":272,""mem_b"":736018737,""priority"":""4"",""node"":""kwok-node-15""},{""name"":""rs-46-p4-gw5wx"",""cpu_m"":272,""mem_b"":736018737,""priority"":""4"",""node"":""kwok-node-18""},{""name"":""rs-46-p4-sbq57"",""cpu_m"":272,""mem_b"":736018737,""priority"":""4"",""node"":""kwok-node-8""},{""name"":""rs-47-p3-7rqps"",""cpu_m"":657,""mem_b"":658262579,""priority"":""3"",""node"":""kwok-node-19""},{""name"":""rs-47-p3-mgbq2"",""cpu_m"":657,""mem_b"":658262579,""priority"":""3"",""node"":""kwok-node-18""},{""name"":""rs-47-p3-rbpwp"",""cpu_m"":657,""mem_b"":658262579,""priority"":""3"",""node"":""kwok-node-14""},{""name"":""rs-48-p1-b84k6"",""cpu_m"":329,""mem_b"":439762952,""priority"":""1"",""node"":""""},{""name"":""rs-48-p1-qwclm"",""cpu_m"":329,""mem_b"":439762952,""priority"":""1"",""node"":""kwok-node-24""},{""name"":""rs-48-p1-vbfwr"",""cpu_m"":329,""mem_b"":439762952,""priority"":""1"",""node"":""kwok-node-7""},{""name"":""rs-49-p3-6cnt8"",""cpu_m"":673,""mem_b"":238699055,""priority"":""3"",""node"":""kwok-node-22""},{""name"":""rs-49-p3-b559l"",""cpu_m"":673,""mem_b"":238699055,""priority"":""3"",""node"":""kwok-node-8""},{""name"":""rs-49-p3-zsn9g"",""cpu_m"":673,""mem_b"":238699055,""priority"":""3"",""node"":""kwok-node-13""}]","[{""name"":""rs-01-p2-2d2nz"",""cpu_m"":178,""mem_b"":808882749,""priority"":""2"",""node"":""kwok-node-10""},{""name"":""rs-01-p2-nshr8"",""cpu_m"":178,""mem_b"":808882749,""priority"":""2"",""node"":""kwok-node-12""},{""name"":""rs-01-p2-pfcpn"",""cpu_m"":178,""mem_b"":808882749,""priority"":""2"",""node"":""kwok-node-13""},{""name"":""rs-02-p1-kmw2x"",""cpu_m"":286,""mem_b"":311244951,""priority"":""1"",""node"":""kwok-node-16""},{""name"":""rs-02-p1-npcsz"",""cpu_m"":286,""mem_b"":311244951,""priority"":""1"",""node"":""kwok-node-15""},{""name"":""rs-02-p1-pcz7s"",""cpu_m"":286,""mem_b"":311244951,""priority"":""1"",""node"":""kwok-node-17""},{""name"":""rs-02-p1-z26n9"",""cpu_m"":286,""mem_b"":311244951,""priority"":""1"",""node"":""kwok-node-11""},{""name"":""rs-03-p2-27n8q"",""cpu_m"":570,""mem_b"":957134600,""priority"":""2"",""node"":""kwok-node-1""},{""name"":""rs-03-p2-bxfcm"",""cpu_m"":570,""mem_b"":957134600,""priority"":""2"",""node"":""kwok-node-22""},{""name"":""rs-03-p2-cl4c8"",""cpu_m"":570,""mem_b"":957134600,""priority"":""2"",""node"":""kwok-node-20""},{""name"":""rs-03-p2-zt7ks"",""cpu_m"":570,""mem_b"":957134600,""priority"":""2"",""node"":""kwok-node-18""},{""name"":""rs-04-p4-24qx6"",""cpu_m"":662,""mem_b"":608622926,""priority"":""4"",""node"":""kwok-node-21""},{""name"":""rs-04-p4-dtz5x"",""cpu_m"":662,""mem_b"":608622926,""priority"":""4"",""node"":""kwok-node-19""},{""name"":""rs-05-p3-fnl8t"",""cpu_m"":361,""mem_b"":385097735,""priority"":""3"",""node"":""kwok-node-14""},{""name"":""rs-06-p4-d44tb"",""cpu_m"":864,""mem_b"":764680219,""priority"":""4"",""node"":""kwok-node-23""},{""name"":""rs-07-p1-d85kl"",""cpu_m"":577,""mem_b"":123372077,""priority"":""1"",""node"":""kwok-node-24""},{""name"":""rs-07-p1-lrqgw"",""cpu_m"":577,""mem_b"":123372077,""priority"":""1"",""node"":""kwok-node-25""},{""name"":""rs-07-p1-p29xn"",""cpu_m"":577,""mem_b"":123372077,""priority"":""1"",""node"":""kwok-node-26""},{""name"":""rs-08-p3-5nv97"",""cpu_m"":572,""mem_b"":829154229,""priority"":""3"",""node"":""kwok-node-30""},{""name"":""rs-08-p3-7qckv"",""cpu_m"":572,""mem_b"":829154229,""priority"":""3"",""node"":""kwok-node-29""},{""name"":""rs-09-p3-f6l46"",""cpu_m"":881,""mem_b"":960005059,""priority"":""3"",""node"":""kwok-node-2""},{""name"":""rs-10-p3-bcvch"",""cpu_m"":638,""mem_b"":729581847,""priority"":""3"",""node"":""kwok-node-27""},{""name"":""rs-11-p4-g8jsr"",""cpu_m"":939,""mem_b"":803998505,""priority"":""4"",""node"":""kwok-node-3""},{""name"":""rs-11-p4-l67p5"",""cpu_m"":939,""mem_b"":803998505,""priority"":""4"",""node"":""kwok-node-28""},{""name"":""rs-11-p4-ng7qf"",""cpu_m"":939,""mem_b"":803998505,""priority"":""4"",""node"":""kwok-node-16""},{""name"":""rs-12-p3-gxgw6"",""cpu_m"":658,""mem_b"":181692274,""priority"":""3"",""node"":""kwok-node-32""},{""name"":""rs-12-p3-s7vw7"",""cpu_m"":658,""mem_b"":181692274,""priority"":""3"",""node"":""kwok-node-7""},{""name"":""rs-12-p3-trx4j"",""cpu_m"":658,""mem_b"":181692274,""priority"":""3"",""node"":""kwok-node-4""},{""name"":""rs-13-p2-68wh6"",""cpu_m"":624,""mem_b"":643568722,""priority"":""2"",""node"":""kwok-node-6""},{""name"":""rs-13-p2-jj65f"",""cpu_m"":624,""mem_b"":643568722,""priority"":""2"",""node"":""kwok-node-31""},{""name"":""rs-13-p2-vwjmg"",""cpu_m"":624,""mem_b"":643568722,""priority"":""2"",""node"":""kwok-node-5""},{""name"":""rs-14-p4-795p2"",""cpu_m"":518,""mem_b"":648230041,""priority"":""4"",""node"":""kwok-node-8""},{""name"":""rs-14-p4-92vzm"",""cpu_m"":518,""mem_b"":648230041,""priority"":""4"",""node"":""kwok-node-17""},{""name"":""rs-14-p4-bx7hr"",""cpu_m"":518,""mem_b"":648230041,""priority"":""4"",""node"":""kwok-node-11""},{""name"":""rs-14-p4-qskt4"",""cpu_m"":518,""mem_b"":648230041,""priority"":""4"",""node"":""kwok-node-9""},{""name"":""rs-15-p3-bgqsq"",""cpu_m"":623,""mem_b"":857091223,""priority"":""3"",""node"":""kwok-node-25""},{""name"":""rs-16-p4-4fmz9"",""cpu_m"":211,""mem_b"":597430704,""priority"":""4"",""node"":""kwok-node-7""},{""name"":""rs-16-p4-fb2jx"",""cpu_m"":211,""mem_b"":597430704,""priority"":""4"",""node"":""kwok-node-24""},{""name"":""rs-16-p4-nb5n5"",""cpu_m"":211,""mem_b"":597430704,""priority"":""4"",""node"":""kwok-node-26""},{""name"":""rs-17-p3-2qgr5"",""cpu_m"":924,""mem_b"":365693780,""priority"":""3"",""node"":""kwok-node-15""},{""name"":""rs-17-p3-8fnp9"",""cpu_m"":924,""mem_b"":365693780,""priority"":""3"",""node"":""kwok-node-10""},{""name"":""rs-17-p3-fskxp"",""cpu_m"":924,""mem_b"":365693780,""priority"":""3"",""node"":""kwok-node-12""},{""name"":""rs-18-p2-fjswk"",""cpu_m"":514,""mem_b"":453694400,""priority"":""2"",""node"":""kwok-node-14""},{""name"":""rs-18-p2-qpsz8"",""cpu_m"":514,""mem_b"":453694400,""priority"":""2"",""node"":""kwok-node-6""},{""name"":""rs-19-p4-hm5pw"",""cpu_m"":122,""mem_b"":718825903,""priority"":""4"",""node"":""kwok-node-32""},{""name"":""rs-19-p4-vdlq6"",""cpu_m"":122,""mem_b"":718825903,""priority"":""4"",""node"":""kwok-node-4""},{""name"":""rs-20-p4-vfhzt"",""cpu_m"":296,""mem_b"":511486475,""priority"":""4"",""node"":""kwok-node-21""},{""name"":""rs-21-p1-5wzt7"",""cpu_m"":524,""mem_b"":628187806,""priority"":""1"",""node"":""kwok-node-19""},{""name"":""rs-21-p1-jvvp9"",""cpu_m"":524,""mem_b"":628187806,""priority"":""1"",""node"":""kwok-node-31""},{""name"":""rs-22-p2-rs747"",""cpu_m"":968,""mem_b"":831163471,""priority"":""2"",""node"":""kwok-node-8""},{""name"":""rs-22-p2-t7t2k"",""cpu_m"":968,""mem_b"":831163471,""priority"":""2"",""node"":""kwok-node-9""},{""name"":""rs-22-p2-tdnxv"",""cpu_m"":968,""mem_b"":831163471,""priority"":""2"",""node"":""kwok-node-5""},{""name"":""rs-23-p3-67ccq"",""cpu_m"":375,""mem_b"":521064142,""priority"":""3"",""node"":""kwok-node-24""},{""name"":""rs-24-p4-ctwgb"",""cpu_m"":249,""mem_b"":275147850,""priority"":""4"",""node"":""kwok-node-26""},{""name"":""rs-24-p4-rjllh"",""cpu_m"":249,""mem_b"":275147850,""priority"":""4"",""node"":""kwok-node-27""},{""name"":""rs-24-p4-w6w4c"",""cpu_m"":249,""mem_b"":275147850,""priority"":""4"",""node"":""kwok-node-23""},{""name"":""rs-25-p3-m2l87"",""cpu_m"":318,""mem_b"":114527759,""priority"":""3"",""node"":""kwok-node-29""},{""name"":""rs-25-p3-n85hb"",""cpu_m"":318,""mem_b"":114527759,""priority"":""3"",""node"":""kwok-node-13""},{""name"":""rs-26-p4-2p8lt"",""cpu_m"":299,""mem_b"":337992002,""priority"":""4"",""node"":""kwok-node-28""},{""name"":""rs-26-p4-bnp9c"",""cpu_m"":299,""mem_b"":337992002,""priority"":""4"",""node"":""kwok-node-14""},{""name"":""rs-26-p4-fzgv6"",""cpu_m"":299,""mem_b"":337992002,""priority"":""4"",""node"":""kwok-node-7""},{""name"":""rs-26-p4-kn29w"",""cpu_m"":299,""mem_b"":337992002,""priority"":""4"",""node"":""kwok-node-3""},{""name"":""rs-27-p2-7wt48"",""cpu_m"":538,""mem_b"":228832077,""priority"":""2"",""node"":""kwok-node-18""},{""name"":""rs-27-p2-j6tkq"",""cpu_m"":538,""mem_b"":228832077,""priority"":""2"",""node"":""kwok-node-1""},{""name"":""rs-27-p2-nw24m"",""cpu_m"":538,""mem_b"":228832077,""priority"":""2"",""node"":""kwok-node-13""},{""name"":""rs-27-p2-nzqh2"",""cpu_m"":538,""mem_b"":228832077,""priority"":""2"",""node"":""kwok-node-30""},{""name"":""rs-28-p2-77s2d"",""cpu_m"":130,""mem_b"":885545278,""priority"":""2"",""node"":""kwok-node-4""},{""name"":""rs-28-p2-vntg7"",""cpu_m"":130,""mem_b"":885545278,""priority"":""2"",""node"":""kwok-node-15""},{""name"":""rs-29-p4-5wzm6"",""cpu_m"":956,""mem_b"":927684929,""priority"":""4"",""node"":""kwok-node-29""},{""name"":""rs-29-p4-6fmqf"",""cpu_m"":956,""mem_b"":927684929,""priority"":""4"",""node"":""kwok-node-11""},{""name"":""rs-29-p4-8pf5h"",""cpu_m"":956,""mem_b"":927684929,""priority"":""4"",""node"":""kwok-node-32""},{""name"":""rs-29-p4-99g54"",""cpu_m"":956,""mem_b"":927684929,""priority"":""4"",""node"":""kwok-node-2""},{""name"":""rs-30-p2-m5dzd"",""cpu_m"":894,""mem_b"":246972359,""priority"":""2"",""node"":""kwok-node-20""},{""name"":""rs-31-p4-wk6cp"",""cpu_m"":267,""mem_b"":414117749,""priority"":""4"",""node"":""kwok-node-22""},{""name"":""rs-32-p3-gpndt"",""cpu_m"":402,""mem_b"":891347784,""priority"":""3"",""node"":""kwok-node-17""},{""name"":""rs-32-p3-xtpkm"",""cpu_m"":402,""mem_b"":891347784,""priority"":""3"",""node"":""kwok-node-25""},{""name"":""rs-33-p4-g4vqc"",""cpu_m"":872,""mem_b"":576987889,""priority"":""4"",""node"":""kwok-node-13""},{""name"":""rs-33-p4-pt677"",""cpu_m"":872,""mem_b"":576987889,""priority"":""4"",""node"":""kwok-node-21""},{""name"":""rs-33-p4-qjv95"",""cpu_m"":872,""mem_b"":576987889,""priority"":""4"",""node"":""kwok-node-27""},{""name"":""rs-34-p3-8xfrq"",""cpu_m"":569,""mem_b"":666584447,""priority"":""3"",""node"":""kwok-node-6""},{""name"":""rs-34-p3-dm79s"",""cpu_m"":569,""mem_b"":666584447,""priority"":""3"",""node"":""kwok-node-23""},{""name"":""rs-34-p3-kt84b"",""cpu_m"":569,""mem_b"":666584447,""priority"":""3"",""node"":""kwok-node-30""},{""name"":""rs-34-p3-r858f"",""cpu_m"":569,""mem_b"":666584447,""priority"":""3"",""node"":""kwok-node-26""},{""name"":""rs-35-p4-74cqq"",""cpu_m"":412,""mem_b"":228970472,""priority"":""4"",""node"":""kwok-node-12""},{""name"":""rs-35-p4-mlc5x"",""cpu_m"":412,""mem_b"":228970472,""priority"":""4"",""node"":""kwok-node-1""},{""name"":""rs-35-p4-swj4c"",""cpu_m"":412,""mem_b"":228970472,""priority"":""4"",""node"":""kwok-node-10""},{""name"":""rs-35-p4-tpmt8"",""cpu_m"":412,""mem_b"":228970472,""priority"":""4"",""node"":""kwok-node-18""},{""name"":""rs-36-p3-27x69"",""cpu_m"":644,""mem_b"":844564626,""priority"":""3"",""node"":""kwok-node-16""},{""name"":""rs-36-p3-mgl77"",""cpu_m"":644,""mem_b"":844564626,""priority"":""3"",""node"":""""},{""name"":""rs-37-p3-4pcd9"",""cpu_m"":445,""mem_b"":400229602,""priority"":""3"",""node"":""kwok-node-3""},{""name"":""rs-37-p3-4q4sp"",""cpu_m"":445,""mem_b"":400229602,""priority"":""3"",""node"":""kwok-node-7""},{""name"":""rs-37-p3-7v5gb"",""cpu_m"":445,""mem_b"":400229602,""priority"":""3"",""node"":""kwok-node-14""},{""name"":""rs-37-p3-d548k"",""cpu_m"":445,""mem_b"":400229602,""priority"":""3"",""node"":""kwok-node-28""},{""name"":""rs-38-p2-f24ll"",""cpu_m"":843,""mem_b"":428360235,""priority"":""2"",""node"":""kwok-node-31""},{""name"":""rs-38-p2-lgn6d"",""cpu_m"":843,""mem_b"":428360235,""priority"":""2"",""node"":""kwok-node-22""},{""name"":""rs-38-p2-sb5gm"",""cpu_m"":843,""mem_b"":428360235,""priority"":""2"",""node"":""kwok-node-24""},{""name"":""rs-39-p1-2bjxt"",""cpu_m"":449,""mem_b"":179321580,""priority"":""1"",""node"":""kwok-node-19""},{""name"":""rs-39-p1-vxlzj"",""cpu_m"":449,""mem_b"":179321580,""priority"":""1"",""node"":""kwok-node-15""},{""name"":""rs-40-p3-pcpf5"",""cpu_m"":870,""mem_b"":402464381,""priority"":""3"",""node"":""""},{""name"":""rs-40-p3-pvkxp"",""cpu_m"":870,""mem_b"":402464381,""priority"":""3"",""node"":""""},{""name"":""rs-40-p3-w9hj4"",""cpu_m"":870,""mem_b"":402464381,""priority"":""3"",""node"":""""},{""name"":""rs-41-p4-cz2z9"",""cpu_m"":413,""mem_b"":232003571,""priority"":""4"",""node"":""kwok-node-20""},{""name"":""rs-41-p4-d54lh"",""cpu_m"":413,""mem_b"":232003571,""priority"":""4"",""node"":""kwok-node-18""},{""name"":""rs-41-p4-kpc2t"",""cpu_m"":413,""mem_b"":232003571,""priority"":""4"",""node"":""kwok-node-8""},{""name"":""rs-41-p4-m9p28"",""cpu_m"":413,""mem_b"":232003571,""priority"":""4"",""node"":""kwok-node-9""},{""name"":""rs-42-p1-4kvd6"",""cpu_m"":959,""mem_b"":192019167,""priority"":""1"",""node"":""""},{""name"":""rs-42-p1-9jpz6"",""cpu_m"":959,""mem_b"":192019167,""priority"":""1"",""node"":""""},{""name"":""rs-42-p1-j6h2l"",""cpu_m"":959,""mem_b"":192019167,""priority"":""1"",""node"":""""},{""name"":""rs-42-p1-kgp7x"",""cpu_m"":959,""mem_b"":192019167,""priority"":""1"",""node"":""""},{""name"":""rs-43-p1-5v55z"",""cpu_m"":136,""mem_b"":440367157,""priority"":""1"",""node"":""kwok-node-10""},{""name"":""rs-43-p1-8m9qn"",""cpu_m"":136,""mem_b"":440367157,""priority"":""1"",""node"":""kwok-node-12""},{""name"":""rs-43-p1-l6sr2"",""cpu_m"":136,""mem_b"":440367157,""priority"":""1"",""node"":""kwok-node-1""},{""name"":""rs-43-p1-q45tn"",""cpu_m"":136,""mem_b"":440367157,""priority"":""1"",""node"":""kwok-node-19""},{""name"":""rs-44-p1-csvzh"",""cpu_m"":523,""mem_b"":656705725,""priority"":""1"",""node"":""""},{""name"":""rs-45-p4-pnm5x"",""cpu_m"":891,""mem_b"":195496091,""priority"":""4"",""node"":""""},{""name"":""rs-46-p4-9xwc6"",""cpu_m"":272,""mem_b"":736018737,""priority"":""4"",""node"":""""},{""name"":""rs-46-p4-gqngp"",""cpu_m"":272,""mem_b"":736018737,""priority"":""4"",""node"":""""},{""name"":""rs-46-p4-gw5wx"",""cpu_m"":272,""mem_b"":736018737,""priority"":""4"",""node"":""""},{""name"":""rs-46-p4-sbq57"",""cpu_m"":272,""mem_b"":736018737,""priority"":""4"",""node"":""""},{""name"":""rs-47-p3-7rqps"",""cpu_m"":657,""mem_b"":658262579,""priority"":""3"",""node"":""""},{""name"":""rs-47-p3-mgbq2"",""cpu_m"":657,""mem_b"":658262579,""priority"":""3"",""node"":""""},{""name"":""rs-47-p3-rbpwp"",""cpu_m"":657,""mem_b"":658262579,""priority"":""3"",""node"":""""},{""name"":""rs-48-p1-qwclm"",""cpu_m"":329,""mem_b"":439762952,""priority"":""1"",""node"":""""},{""name"":""rs-48-p1-vbfwr"",""cpu_m"":329,""mem_b"":439762952,""priority"":""1"",""node"":""kwok-node-7""},{""name"":""rs-48-p1-vqkx2"",""cpu_m"":329,""mem_b"":439762952,""priority"":""1"",""node"":""kwok-node-5""},{""name"":""rs-49-p3-6cnt8"",""cpu_m"":673,""mem_b"":238699055,""priority"":""3"",""node"":""""},{""name"":""rs-49-p3-b559l"",""cpu_m"":673,""mem_b"":238699055,""priority"":""3"",""node"":""""},{""name"":""rs-49-p3-zsn9g"",""cpu_m"":673,""mem_b"":238699055,""priority"":""3"",""node"":""""}]","[{""name"":""kwok-node-1"",""cap_cpu_m"":2069,""cap_mem_bytes"":1961475950},{""name"":""kwok-node-2"",""cap_cpu_m"":2069,""cap_mem_bytes"":1961475950},{""name"":""kwok-node-3"",""cap_cpu_m"":2069,""cap_mem_bytes"":1961475950},{""name"":""kwok-node-4"",""cap_cpu_m"":2069,""cap_mem_bytes"":1961475950},{""name"":""kwok-node-5"",""cap_cpu_m"":2069,""cap_mem_bytes"":1961475950},{""name"":""kwok-node-6"",""cap_cpu_m"":2069,""cap_mem_bytes"":1961475950},{""name"":""kwok-node-7"",""cap_cpu_m"":2069,""cap_mem_bytes"":1961475950},{""name"":""kwok-node-8"",""cap_cpu_m"":2069,""cap_mem_bytes"":1961475950},{""name"":""kwok-node-9"",""cap_cpu_m"":2069,""cap_mem_bytes"":1961475950},{""name"":""kwok-node-10"",""cap_cpu_m"":2069,""cap_mem_bytes"":1961475950},{""name"":""kwok-node-11"",""cap_cpu_m"":2069,""cap_mem_bytes"":1961475950},{""name"":""kwok-node-12"",""cap_cpu_m"":2069,""cap_mem_bytes"":1961475950},{""name"":""kwok-node-13"",""cap_cpu_m"":2069,""cap_mem_bytes"":1961475950},{""name"":""kwok-node-14"",""cap_cpu_m"":2069,""cap_mem_bytes"":1961475950},{""name"":""kwok-node-15"",""cap_cpu_m"":2069,""cap_mem_bytes"":1961475950},{""name"":""kwok-node-16"",""cap_cpu_m"":2069,""cap_mem_bytes"":1961475950},{""name"":""kwok-node-17"",""cap_cpu_m"":2069,""cap_mem_bytes"":1961475950},{""name"":""kwok-node-18"",""cap_cpu_m"":2069,""cap_mem_bytes"":1961475950},{""name"":""kwok-node-19"",""cap_cpu_m"":2069,""cap_mem_bytes"":1961475950},{""name"":""kwok-node-20"",""cap_cpu_m"":2069,""cap_mem_bytes"":1961475950},{""name"":""kwok-node-21"",""cap_cpu_m"":2069,""cap_mem_bytes"":1961475950},{""name"":""kwok-node-22"",""cap_cpu_m"":2069,""cap_mem_bytes"":1961475950},{""name"":""kwok-node-23"",""cap_cpu_m"":2069,""cap_mem_bytes"":1961475950},{""name"":""kwok-node-24"",""cap_cpu_m"":2069,""cap_mem_bytes"":1961475950},{""name"":""kwok-node-25"",""cap_cpu_m"":2069,""cap_mem_bytes"":1961475950},{""name"":""kwok-node-26"",""cap_cpu_m"":2069,""cap_mem_bytes"":1961475950},{""name"":""kwok-node-27"",""cap_cpu_m"":2069,""cap_mem_bytes"":1961475950},{""name"":""kwok-node-28"",""cap_cpu_m"":2069,""cap_mem_bytes"":1961475950},{""name"":""kwok-node-29"",""cap_cpu_m"":2069,""cap_mem_bytes"":1961475950},{""name"":""kwok-node-30"",""cap_cpu_m"":2069,""cap_mem_bytes"":1961475950},{""name"":""kwok-node-31"",""cap_cpu_m"":2069,""cap_mem_bytes"":1961475950},{""name"":""kwok-node-32"",""cap_cpu_m"":2069,""cap_mem_bytes"":1961475950}]"
2026/02/11/12:47:52,2506108877001422316,,"{""evicted"":0,""moved"":0,""placed_by_priority"":{""1"":30,""2"":24,""3"":23,""4"":33}}",python,"{""evicted"":6,""moved"":14,""placed_by_priority"":{""1"":24,""2"":24,""3"":35,""4"":35}}",1048,FEASIBLE,"[{""duration_ms"":1048,""name"":""python"",""score"":{""evicted"":6,""moved"":14,""placed_by_priority"":{""1"":24,""2"":24,""3"":35,""4"":35}},""status"":""FEASIBLE""}]",0.938,0.910,0.925,0.844,57114,55437,64128720274,58472959078,118,110,10,18,"{""kwok-node-1"":4,""kwok-node-10"":3,""kwok-node-11"":4,""kwok-node-12"":3,""kwok-node-13"":4,""kwok-node-14"":3,""kwok-node-15"":5,""kwok-node-16"":3,""kwok-node-17"":4,""kwok-node-18"":3,""kwok-node-19"":4,""kwok-node-2"":3,""kwok-node-20"":3,""kwok-node-21"":4,""kwok-node-22"":4,""kwok-node-23"":4,""kwok-node-24"":4,""kwok-node-25"":3,""kwok-node-26"":4,""kwok-node-27"":5,""kwok-node-28"":4,""kwok-node-29"":4,""kwok-node-3"":4,""kwok-node-30"":4,""kwok-node-31"":3,""kwok-node-32"":3,""kwok-node-4"":3,""kwok-node-5"":4,""kwok-node-6"":4,""kwok-node-7"":3,""kwok-node-8"":4,""kwok-node-9"":4}","{""kwok-node-1"":4,""kwok-node-10"":3,""kwok-node-11"":4,""kwok-node-12"":3,""kwok-node-13"":4,""kwok-node-14"":3,""kwok-node-15"":3,""kwok-node-16"":3,""kwok-node-17"":3,""kwok-node-18"":3,""kwok-node-19"":3,""kwok-node-2"":3,""kwok-node-20"":3,""kwok-node-21"":4,""kwok-node-22"":3,""kwok-node-23"":3,""kwok-node-24"":4,""kwok-node-25"":3,""kwok-node-26"":4,""kwok-node-27"":4,""kwok-node-28"":5,""kwok-node-29"":3,""kwok-node-3"":3,""kwok-node-30"":4,""kwok-node-31"":3,""kwok-node-32"":3,""kwok-node-4"":3,""kwok-node-5"":5,""kwok-node-6"":4,""kwok-node-7"":3,""kwok-node-8"":3,""kwok-node-9"":4}","{""p1"":24,""p2"":24,""p3"":35,""p4"":35}","{""p1"":30,""p2"":24,""p3"":23,""p4"":33}","{""p1"":10}","{""p1"":4,""p3"":12,""p4"":2}","{rs-15-p1-ttslz,rs-15-p1-v2jpq,rs-15-p1-v5tmr,rs-22-p1-5g547,rs-22-p1-6cgcb,rs-22-p1-jzrft,rs-45-p1-56cmk,rs-45-p1-bw9vx,rs-45-p1-j79tg,rs-45-p1-mntmh}","{rs-36-p3-t9xwl,rs-36-p3-wt4m4,rs-37-p3-qcgsk,rs-37-p3-skddx,rs-37-p3-v85c2,rs-37-p3-vcw8g,rs-38-p4-jtqlq,rs-38-p4-z6wnd,rs-41-p3-jgnc7,rs-41-p3-ntqb5,rs-41-p3-v5clh,rs-41-p3-xn8x5,rs-42-p3-7brjt,rs-42-p3-qqfzg,rs-45-p1-56cmk,rs-45-p1-bw9vx,rs-45-p1-j79tg,rs-45-p1-mntmh}","{rs-01-p2-5z9hg,rs-01-p2-8pxkj,rs-01-p2-g7jxg,rs-01-p2-k67v6,rs-02-p2-bh5f8,rs-02-p2-kfch2,rs-02-p2-kg57v,rs-02-p2-nzdpw,rs-03-p2-pr59r,rs-04-p4-bjgjq,rs-04-p4-cjmnd,rs-04-p4-czgv7,rs-05-p3-2rzj6,rs-05-p3-fvsx7,rs-06-p2-55lwk,rs-06-p2-58cb4,rs-06-p2-kfsnw,rs-07-p4-25258,rs-08-p4-986f8,rs-08-p4-rhrn4,rs-09-p4-vzlnw,rs-10-p1-6pnqz,rs-10-p1-hkdd7,rs-10-p1-mtxx6,rs-10-p1-wzlks,rs-11-p4-fsr2z,rs-11-p4-lq2q5,rs-11-p4-lsqrs,rs-11-p4-rz94d,rs-12-p1-cnslm,rs-12-p1-gnbk7,rs-12-p1-x6cwz,rs-13-p3-fc227,rs-13-p3-j2pf4,rs-13-p3-pl55v,rs-13-p3-rjzpx,rs-14-p4-864cm,rs-14-p4-clk7q,rs-14-p4-dd6fl,rs-14-p4-nj9kx,rs-16-p2-8xhxj,rs-16-p2-mtxkb,rs-16-p2-xnxr8,rs-17-p2-2jz2k,rs-17-p2-sgdlt,rs-18-p3-8bggx,rs-18-p3-ccg7s,rs-18-p3-ss9nw,rs-19-p2-fbxd4,rs-19-p2-jskxl,rs-19-p2-km9gg,rs-19-p2-qmrjs,rs-20-p3-67267,rs-20-p3-k29ps,rs-21-p4-ghflt,rs-21-p4-mk5b5,rs-21-p4-qg4vb,rs-22-p1-k2xvt,rs-23-p4-n7zvb,rs-23-p4-qh7gk,rs-24-p2-9cvxn,rs-24-p2-jm9nf,rs-24-p2-x5fnw,rs-25-p4-z692l,rs-26-p3-x2w2z,rs-27-p4-rbdck,rs-27-p4-slqff,rs-27-p4-wkzx7,rs-27-p4-z8dhv,rs-28-p3-wjfkq,rs-29-p3-9kkjk,rs-30-p3-5mkvk,rs-30-p3-xdpqq,rs-31-p3-4tb8n,rs-31-p3-fxkzh,rs-32-p3-4rt2s,rs-32-p3-8d77j,rs-32-p3-tk889,rs-33-p1-7grrq,rs-33-p1-fqqlr,rs-33-p1-llh2v,rs-33-p1-nsvzh,rs-34-p1-7vd79,rs-34-p1-88qrv,rs-34-p1-mzvg9,rs-34-p1-wr7sx,rs-35-p4-7vjr2,rs-35-p4-q7hh9,rs-35-p4-sf5xq,rs-36-p3-t9xwl,rs-36-p3-wt4m4,rs-37-p3-qcgsk,rs-37-p3-skddx,rs-37-p3-v85c2,rs-37-p3-vcw8g,rs-38-p4-h92px,rs-38-p4-jtqlq,rs-38-p4-z6wnd,rs-39-p4-q92jk,rs-40-p1-dkcnk,rs-40-p1-jr74x,rs-40-p1-mkjtw,rs-40-p1-pxcp2,rs-41-p3-jgnc7,rs-41-p3-ntqb5,rs-41-p3-v5clh,rs-41-p3-xn8x5,rs-42-p3-2xcr8,rs-42-p3-7brjt,rs-42-p3-qqfzg,rs-43-p4-jr59r,rs-43-p4-scfrj,rs-43-p4-v6pzj,rs-44-p1-btf6j,rs-44-p1-dvq6f,rs-44-p1-mvb7r,rs-44-p1-sx4nf,rs-46-p3-62xqh}","{rs-01-p2-5z9hg,rs-01-p2-8pxkj,rs-01-p2-g7jxg,rs-01-p2-k67v6,rs-02-p2-bh5f8,rs-02-p2-kfch2,rs-02-p2-kg57v,rs-02-p2-nzdpw,rs-03-p2-pr59r,rs-04-p4-bjgjq,rs-04-p4-cjmnd,rs-04-p4-czgv7,rs-05-p3-2rzj6,rs-05-p3-fvsx7,rs-06-p2-55lwk,rs-06-p2-58cb4,rs-06-p2-kfsnw,rs-07-p4-25258,rs-08-p4-986f8,rs-08-p4-rhrn4,rs-09-p4-vzlnw,rs-10-p1-6pnqz,rs-10-p1-mtxx6,rs-10-p1-vrb6g,rs-10-p1-wzlks,rs-11-p4-fsr2z,rs-11-p4-lq2q5,rs-11-p4-lsqrs,rs-11-p4-rz94d,rs-12-p1-26qvg,rs-12-p1-wr7xb,rs-12-p1-wzm57,rs-13-p3-fc227,rs-13-p3-j2pf4,rs-13-p3-pl55v,rs-13-p3-rjzpx,rs-14-p4-864cm,rs-14-p4-clk7q,rs-14-p4-dd6fl,rs-14-p4-nj9kx,rs-15-p1-66bkv,rs-15-p1-j22xl,rs-15-p1-pc7hb,rs-16-p2-8xhxj,rs-16-p2-mtxkb,rs-16-p2-xnxr8,rs-17-p2-2jz2k,rs-17-p2-sgdlt,rs-18-p3-8bggx,rs-18-p3-ccg7s,rs-18-p3-ss9nw,rs-19-p2-fbxd4,rs-19-p2-jskxl,rs-19-p2-km9gg,rs-19-p2-qmrjs,rs-20-p3-67267,rs-20-p3-k29ps,rs-21-p4-ghflt,rs-21-p4-mk5b5,rs-21-p4-qg4vb,rs-22-p1-4qgrp,rs-22-p1-cql4t,rs-22-p1-sgqzd,rs-22-p1-snzkv,rs-23-p4-n7zvb,rs-23-p4-qh7gk,rs-24-p2-9cvxn,rs-24-p2-jm9nf,rs-24-p2-x5fnw,rs-25-p4-z692l,rs-26-p3-x2w2z,rs-27-p4-rbdck,rs-27-p4-slqff,rs-27-p4-wkzx7,rs-27-p4-z8dhv,rs-28-p3-wjfkq,rs-29-p3-9kkjk,rs-30-p3-5mkvk,rs-30-p3-xdpqq,rs-31-p3-4tb8n,rs-31-p3-fxkzh,rs-32-p3-4rt2s,rs-32-p3-8d77j,rs-32-p3-tk889,rs-33-p1-7r2zf,rs-33-p1-8tlvh,rs-33-p1-98lxm,rs-33-p1-llh2v,rs-34-p1-jqx5p,rs-34-p1-mzvg9,rs-34-p1-rl5jx,rs-34-p1-sphwl,rs-35-p4-7vjr2,rs-35-p4-q7hh9,rs-35-p4-sf5xq,rs-38-p4-h92px,rs-39-p4-q92jk,rs-40-p1-dkcnk,rs-40-p1-mkjtw,rs-40-p1-nbxs4,rs-40-p1-pxcp2,rs-42-p3-2xcr8,rs-43-p4-jr59r,rs-43-p4-scfrj,rs-43-p4-v6pzj,rs-44-p1-f2djw,rs-44-p1-l4pkm,rs-44-p1-mvb7r,rs-44-p1-sx4nf,rs-46-p3-62xqh}","[{""name"":""rs-01-p2-5z9hg"",""cpu_m"":787,""mem_b"":674990906,""priority"":""2"",""node"":""kwok-node-18""},{""name"":""rs-01-p2-8pxkj"",""cpu_m"":787,""mem_b"":674990906,""priority"":""2"",""node"":""kwok-node-11""},{""name"":""rs-01-p2-g7jxg"",""cpu_m"":787,""mem_b"":674990906,""priority"":""2"",""node"":""kwok-node-2""},{""name"":""rs-01-p2-k67v6"",""cpu_m"":787,""mem_b"":674990906,""priority"":""2"",""node"":""kwok-node-1""},{""name"":""rs-02-p2-bh5f8"",""cpu_m"":918,""mem_b"":742461521,""priority"":""2"",""node"":""kwok-node-14""},{""name"":""rs-02-p2-kfch2"",""cpu_m"":918,""mem_b"":742461521,""priority"":""2"",""node"":""kwok-node-17""},{""name"":""rs-02-p2-kg57v"",""cpu_m"":918,""mem_b"":742461521,""priority"":""2"",""node"":""kwok-node-12""},{""name"":""rs-02-p2-nzdpw"",""cpu_m"":918,""mem_b"":742461521,""priority"":""2"",""node"":""kwok-node-19""},{""name"":""rs-03-p2-pr59r"",""cpu_m"":619,""mem_b"":109000362,""priority"":""2"",""node"":""kwok-node-13""},{""name"":""rs-04-p4-bjgjq"",""cpu_m"":805,""mem_b"":493248789,""priority"":""4"",""node"":""kwok-node-16""},{""name"":""rs-04-p4-cjmnd"",""cpu_m"":805,""mem_b"":493248789,""priority"":""4"",""node"":""kwok-node-20""},{""name"":""rs-04-p4-czgv7"",""cpu_m"":805,""mem_b"":493248789,""priority"":""4"",""node"":""kwok-node-10""},{""name"":""rs-05-p3-2rzj6"",""cpu_m"":799,""mem_b"":308395119,""priority"":""3"",""node"":""kwok-node-23""},{""name"":""rs-05-p3-fvsx7"",""cpu_m"":799,""mem_b"":308395119,""priority"":""3"",""node"":""kwok-node-21""},{""name"":""rs-06-p2-55lwk"",""cpu_m"":358,""mem_b"":868874786,""priority"":""2"",""node"":""kwok-node-22""},{""name"":""rs-06-p2-58cb4"",""cpu_m"":358,""mem_b"":868874786,""priority"":""2"",""node"":""kwok-node-15""},{""name"":""rs-06-p2-kfsnw"",""cpu_m"":358,""mem_b"":868874786,""priority"":""2"",""node"":""kwok-node-25""},{""name"":""rs-07-p4-25258"",""cpu_m"":437,""mem_b"":265314757,""priority"":""4"",""node"":""kwok-node-29""},{""name"":""rs-08-p4-986f8"",""cpu_m"":893,""mem_b"":541641274,""priority"":""4"",""node"":""kwok-node-26""},{""name"":""rs-08-p4-rhrn4"",""cpu_m"":893,""mem_b"":541641274,""priority"":""4"",""node"":""kwok-node-30""},{""name"":""rs-09-p4-vzlnw"",""cpu_m"":612,""mem_b"":398852849,""priority"":""4"",""node"":""kwok-node-3""},{""name"":""rs-10-p1-6pnqz"",""cpu_m"":619,""mem_b"":300912431,""priority"":""1"",""node"":""kwok-node-24""},{""name"":""rs-10-p1-hkdd7"",""cpu_m"":619,""mem_b"":300912431,""priority"":""1"",""node"":""kwok-node-5""},{""name"":""rs-10-p1-mtxx6"",""cpu_m"":619,""mem_b"":300912431,""priority"":""1"",""node"":""kwok-node-32""},{""name"":""rs-10-p1-wzlks"",""cpu_m"":619,""mem_b"":300912431,""priority"":""1"",""node"":""kwok-node-4""},{""name"":""rs-11-p4-fsr2z"",""cpu_m"":230,""mem_b"":757301554,""priority"":""4"",""node"":""kwok-node-8""},{""name"":""rs-11-p4-lq2q5"",""cpu_m"":230,""mem_b"":757301554,""priority"":""4"",""node"":""kwok-node-5""},{""name"":""rs-11-p4-lsqrs"",""cpu_m"":230,""mem_b"":757301554,""priority"":""4"",""node"":""kwok-node-6""},{""name"":""rs-11-p4-rz94d"",""cpu_m"":230,""mem_b"":757301554,""priority"":""4"",""node"":""kwok-node-27""},{""name"":""rs-12-p1-cnslm"",""cpu_m"":124,""mem_b"":642368207,""priority"":""1"",""node"":""kwok-node-8""},{""name"":""rs-12-p1-gnbk7"",""cpu_m"":124,""mem_b"":642368207,""priority"":""1"",""node"":""kwok-node-1""},{""name"":""rs-12-p1-x6cwz"",""cpu_m"":124,""mem_b"":642368207,""priority"":""1"",""node"":""kwok-node-27""},{""name"":""rs-13-p3-fc227"",""cpu_m"":900,""mem_b"":461477682,""priority"":""3"",""node"":""kwok-node-9""},{""name"":""rs-13-p3-j2pf4"",""cpu_m"":900,""mem_b"":461477682,""priority"":""3"",""node"":""kwok-node-28""},{""name"":""rs-13-p3-pl55v"",""cpu_m"":900,""mem_b"":461477682,""priority"":""3"",""node"":""kwok-node-7""},{""name"":""rs-13-p3-rjzpx"",""cpu_m"":900,""mem_b"":461477682,""priority"":""3"",""node"":""kwok-node-8""},{""name"":""rs-14-p4-864cm"",""cpu_m"":241,""mem_b"":926181885,""priority"":""4"",""node"":""kwok-node-32""},{""name"":""rs-14-p4-clk7q"",""cpu_m"":241,""mem_b"":926181885,""priority"":""4"",""node"":""kwok-node-29""},{""name"":""rs-14-p4-dd6fl"",""cpu_m"":241,""mem_b"":926181885,""priority"":""4"",""node"":""kwok-node-13""},{""name"":""rs-14-p4-nj9kx"",""cpu_m"":241,""mem_b"":926181885,""priority"":""4"",""node"":""kwok-node-21""},{""name"":""rs-15-p1-ttslz"",""cpu_m"":857,""mem_b"":937706628,""priority"":""1"",""node"":""""},{""name"":""rs-15-p1-v2jpq"",""cpu_m"":857,""mem_b"":937706628,""priority"":""1"",""node"":""""},{""name"":""rs-15-p1-v5tmr"",""cpu_m"":857,""mem_b"":937706628,""priority"":""1"",""node"":""""},{""name"":""rs-16-p2-8xhxj"",""cpu_m"":327,""mem_b"":168348501,""priority"":""2"",""node"":""kwok-node-27""},{""name"":""rs-16-p2-mtxkb"",""cpu_m"":327,""mem_b"":168348501,""priority"":""2"",""node"":""kwok-node-5""},{""name"":""rs-16-p2-xnxr8"",""cpu_m"":327,""mem_b"":168348501,""priority"":""2"",""node"":""kwok-node-6""},{""name"":""rs-17-p2-2jz2k"",""cpu_m"":481,""mem_b"":655162667,""priority"":""2"",""node"":""kwok-node-4""},{""name"":""rs-17-p2-sgdlt"",""cpu_m"":481,""mem_b"":655162667,""priority"":""2"",""node"":""kwok-node-11""},{""name"":""rs-18-p3-8bggx"",""cpu_m"":134,""mem_b"":950281922,""priority"":""3"",""node"":""kwok-node-23""},{""name"":""rs-18-p3-ccg7s"",""cpu_m"":134,""mem_b"":950281922,""priority"":""3"",""node"":""kwok-node-20""},{""name"":""rs-18-p3-ss9nw"",""cpu_m"":134,""mem_b"":950281922,""priority"":""3"",""node"":""kwok-node-10""},{""name"":""rs-19-p2-fbxd4"",""cpu_m"":546,""mem_b"":183765127,""priority"":""2"",""node"":""kwok-node-22""},{""name"":""rs-19-p2-jskxl"",""cpu_m"":546,""mem_b"":183765127,""priority"":""2"",""node"":""kwok-node-15""},{""name"":""rs-19-p2-km9gg"",""cpu_m"":546,""mem_b"":183765127,""priority"":""2"",""node"":""kwok-node-25""},{""name"":""rs-19-p2-qmrjs"",""cpu_m"":546,""mem_b"":183765127,""priority"":""2"",""node"":""kwok-node-27""},{""name"":""rs-20-p3-67267"",""cpu_m"":716,""mem_b"":814354242,""priority"":""3"",""node"":""kwok-node-18""},{""name"":""rs-20-p3-k29ps"",""cpu_m"":716,""mem_b"":814354242,""priority"":""3"",""node"":""kwok-node-2""},{""name"":""rs-21-p4-ghflt"",""cpu_m"":669,""mem_b"":658284256,""priority"":""4"",""node"":""kwok-node-6""},{""name"":""rs-21-p4-mk5b5"",""cpu_m"":669,""mem_b"":658284256,""priority"":""4"",""node"":""kwok-node-5""},{""name"":""rs-21-p4-qg4vb"",""cpu_m"":669,""mem_b"":658284256,""priority"":""4"",""node"":""kwok-node-1""},{""name"":""rs-22-p1-5g547"",""cpu_m"":692,""mem_b"":685861462,""priority"":""1"",""node"":""""},{""name"":""rs-22-p1-6cgcb"",""cpu_m"":692,""mem_b"":685861462,""priority"":""1"",""node"":""""},{""name"":""rs-22-p1-jzrft"",""cpu_m"":692,""mem_b"":685861462,""priority"":""1"",""node"":""""},{""name"":""rs-22-p1-k2xvt"",""cpu_m"":692,""mem_b"":685861462,""priority"":""1"",""node"":""kwok-node-3""},{""name"":""rs-23-p4-n7zvb"",""cpu_m"":381,""mem_b"":344263748,""priority"":""4"",""node"":""kwok-node-26""},{""name"":""rs-23-p4-qh7gk"",""cpu_m"":381,""mem_b"":344263748,""priority"":""4"",""node"":""kwok-node-30""},{""name"":""rs-24-p2-9cvxn"",""cpu_m"":994,""mem_b"":690564840,""priority"":""2"",""node"":""kwok-node-25""},{""name"":""rs-24-p2-jm9nf"",""cpu_m"":994,""mem_b"":690564840,""priority"":""2"",""node"":""kwok-node-32""},{""name"":""rs-24-p2-x5fnw"",""cpu_m"":994,""mem_b"":690564840,""priority"":""2"",""node"":""kwok-node-29""},{""name"":""rs-25-p4-z692l"",""cpu_m"":743,""mem_b"":181548060,""priority"":""4"",""node"":""kwok-node-14""},{""name"":""rs-26-p3-x2w2z"",""cpu_m"":292,""mem_b"":639525805,""priority"":""3"",""node"":""kwok-node-12""},{""name"":""rs-27-p4-rbdck"",""cpu_m"":622,""mem_b"":907407713,""priority"":""4"",""node"":""kwok-node-17""},{""name"":""rs-27-p4-slqff"",""cpu_m"":622,""mem_b"":907407713,""priority"":""4"",""node"":""kwok-node-4""},{""name"":""rs-27-p4-wkzx7"",""cpu_m"":622,""mem_b"":907407713,""priority"":""4"",""node"":""kwok-node-19""},{""name"":""rs-27-p4-z8dhv"",""cpu_m"":622,""mem_b"":907407713,""priority"":""4"",""node"":""kwok-node-7""},{""name"":""rs-28-p3-wjfkq"",""cpu_m"":263,""mem_b"":573067191,""priority"":""3"",""node"":""kwok-node-28""},{""name"":""rs-29-p3-9kkjk"",""cpu_m"":938,""mem_b"":511135693,""priority"":""3"",""node"":""kwok-node-10""},{""name"":""rs-30-p3-5mkvk"",""cpu_m"":789,""mem_b"":416762016,""priority"":""3"",""node"":""kwok-node-23""},{""name"":""rs-30-p3-xdpqq"",""cpu_m"":789,""mem_b"":416762016,""priority"":""3"",""node"":""kwok-node-20""},{""name"":""rs-31-p3-4tb8n"",""cpu_m"":403,""mem_b"":358064719,""priority"":""3"",""node"":""kwok-node-9""},{""name"":""rs-31-p3-fxkzh"",""cpu_m"":403,""mem_b"":358064719,""priority"":""3"",""node"":""kwok-node-21""},{""name"":""rs-32-p3-4rt2s"",""cpu_m"":557,""mem_b"":236615291,""priority"":""3"",""node"":""kwok-node-12""},{""name"":""rs-32-p3-8d77j"",""cpu_m"":557,""mem_b"":236615291,""priority"":""3"",""node"":""kwok-node-8""},{""name"":""rs-32-p3-tk889"",""cpu_m"":557,""mem_b"":236615291,""priority"":""3"",""node"":""kwok-node-27""},{""name"":""rs-33-p1-7grrq"",""cpu_m"":228,""mem_b"":208208821,""priority"":""1"",""node"":""kwok-node-15""},{""name"":""rs-33-p1-fqqlr"",""cpu_m"":228,""mem_b"":208208821,""priority"":""1"",""node"":""kwok-node-17""},{""name"":""rs-33-p1-llh2v"",""cpu_m"":228,""mem_b"":208208821,""priority"":""1"",""node"":""kwok-node-11""},{""name"":""rs-33-p1-nsvzh"",""cpu_m"":228,""mem_b"":208208821,""priority"":""1"",""node"":""kwok-node-22""},{""name"":""rs-34-p1-7vd79"",""cpu_m"":103,""mem_b"":338840924,""priority"":""1"",""node"":""kwok-node-9""},{""name"":""rs-34-p1-88qrv"",""cpu_m"":103,""mem_b"":338840924,""priority"":""1"",""node"":""kwok-node-19""},{""name"":""rs-34-p1-mzvg9"",""cpu_m"":103,""mem_b"":338840924,""priority"":""1"",""node"":""kwok-node-3""},{""name"":""rs-34-p1-wr7sx"",""cpu_m"":103,""mem_b"":338840924,""priority"":""1"",""node"":""kwok-node-23""},{""name"":""rs-35-p4-7vjr2"",""cpu_m"":192,""mem_b"":596944065,""priority"":""4"",""node"":""kwok-node-16""},{""name"":""rs-35-p4-q7hh9"",""cpu_m"":192,""mem_b"":596944065,""priority"":""4"",""node"":""kwok-node-30""},{""name"":""rs-35-p4-sf5xq"",""cpu_m"":192,""mem_b"":596944065,""priority"":""4"",""node"":""kwok-node-26""},{""name"":""rs-36-p3-t9xwl"",""cpu_m"":459,""mem_b"":714143759,""priority"":""3"",""node"":""kwok-node-3""},{""name"":""rs-36-p3-wt4m4"",""cpu_m"":459,""mem_b"":714143759,""priority"":""3"",""node"":""kwok-node-15""},{""name"":""rs-37-p3-qcgsk"",""cpu_m"":880,""mem_b"":548731644,""priority"":""3"",""node"":""kwok-node-31""},{""name"":""rs-37-p3-skddx"",""cpu_m"":880,""mem_b"":548731644,""priority"":""3"",""node"":""kwok-node-31""},{""name"":""rs-37-p3-v85c2"",""cpu_m"":880,""mem_b"":548731644,""priority"":""3"",""node"":""kwok-node-24""},{""name"":""rs-37-p3-vcw8g"",""cpu_m"":880,""mem_b"":548731644,""priority"":""3"",""node"":""kwok-node-16""},{""name"":""rs-38-p4-h92px"",""cpu_m"":139,""mem_b"":996075311,""priority"":""4"",""node"":""kwok-node-14""},{""name"":""rs-38-p4-jtqlq"",""cpu_m"":139,""mem_b"":996075311,""priority"":""4"",""node"":""kwok-node-24""},{""name"":""rs-38-p4-z6wnd"",""cpu_m"":139,""mem_b"":996075311,""priority"":""4"",""node"":""kwok-node-31""},{""name"":""rs-39-p4-q92jk"",""cpu_m"":614,""mem_b"":227543926,""priority"":""4"",""node"":""kwok-node-6""},{""name"":""rs-40-p1-dkcnk"",""cpu_m"":376,""mem_b"":559246075,""priority"":""1"",""node"":""kwok-node-21""},{""name"":""rs-40-p1-jr74x"",""cpu_m"":376,""mem_b"":559246075,""priority"":""1"",""node"":""kwok-node-7""},{""name"":""rs-40-p1-mkjtw"",""cpu_m"":376,""mem_b"":559246075,""priority"":""1"",""node"":""kwok-node-18""},{""name"":""rs-40-p1-pxcp2"",""cpu_m"":376,""mem_b"":559246075,""priority"":""1"",""node"":""kwok-node-11""},{""name"":""rs-41-p3-jgnc7"",""cpu_m"":216,""mem_b"":903864051,""priority"":""3"",""node"":""kwok-node-13""},{""name"":""rs-41-p3-ntqb5"",""cpu_m"":216,""mem_b"":903864051,""priority"":""3"",""node"":""kwok-node-22""},{""name"":""rs-41-p3-v5clh"",""cpu_m"":216,""mem_b"":903864051,""priority"":""3"",""node"":""kwok-node-28""},{""name"":""rs-41-p3-xn8x5"",""cpu_m"":216,""mem_b"":903864051,""priority"":""3"",""node"":""kwok-node-9""},{""name"":""rs-42-p3-2xcr8"",""cpu_m"":372,""mem_b"":647822273,""priority"":""3"",""node"":""kwok-node-2""},{""name"":""rs-42-p3-7brjt"",""cpu_m"":372,""mem_b"":647822273,""priority"":""3"",""node"":""kwok-node-30""},{""name"":""rs-42-p3-qqfzg"",""cpu_m"":372,""mem_b"":647822273,""priority"":""3"",""node"":""kwok-node-26""},{""name"":""rs-43-p4-jr59r"",""cpu_m"":129,""mem_b"":134345009,""priority"":""4"",""node"":""kwok-node-17""},{""name"":""rs-43-p4-scfrj"",""cpu_m"":129,""mem_b"":134345009,""priority"":""4"",""node"":""kwok-node-28""},{""name"":""rs-43-p4-v6pzj"",""cpu_m"":129,""mem_b"":134345009,""priority"":""4"",""node"":""kwok-node-19""},{""name"":""rs-44-p1-btf6j"",""cpu_m"":184,""mem_b"":152878395,""priority"":""1"",""node"":""kwok-node-15""},{""name"":""rs-44-p1-dvq6f"",""cpu_m"":184,""mem_b"":152878395,""priority"":""1"",""node"":""kwok-node-29""},{""name"":""rs-44-p1-mvb7r"",""cpu_m"":184,""mem_b"":152878395,""priority"":""1"",""node"":""kwok-node-13""},{""name"":""rs-44-p1-sx4nf"",""cpu_m"":184,""mem_b"":152878395,""priority"":""1"",""node"":""kwok-node-1""},{""name"":""rs-45-p1-56cmk"",""cpu_m"":543,""mem_b"":945210820,""priority"":""1"",""node"":""""},{""name"":""rs-45-p1-bw9vx"",""cpu_m"":543,""mem_b"":945210820,""priority"":""1"",""node"":""""},{""name"":""rs-45-p1-j79tg"",""cpu_m"":543,""mem_b"":945210820,""priority"":""1"",""node"":""""},{""name"":""rs-45-p1-mntmh"",""cpu_m"":543,""mem_b"":945210820,""priority"":""1"",""node"":""""},{""name"":""rs-46-p3-62xqh"",""cpu_m"":262,""mem_b"":314900415,""priority"":""3"",""node"":""kwok-node-24""}]","[{""name"":""rs-01-p2-5z9hg"",""cpu_m"":787,""mem_b"":674990906,""priority"":""2"",""node"":""kwok-node-18""},{""name"":""rs-01-p2-8pxkj"",""cpu_m"":787,""mem_b"":674990906,""priority"":""2"",""node"":""kwok-node-11""},{""name"":""rs-01-p2-g7jxg"",""cpu_m"":787,""mem_b"":674990906,""priority"":""2"",""node"":""kwok-node-2""},{""name"":""rs-01-p2-k67v6"",""cpu_m"":787,""mem_b"":674990906,""priority"":""2"",""node"":""kwok-node-1""},{""name"":""rs-02-p2-bh5f8"",""cpu_m"":918,""mem_b"":742461521,""priority"":""2"",""node"":""kwok-node-14""},{""name"":""rs-02-p2-kfch2"",""cpu_m"":918,""mem_b"":742461521,""priority"":""2"",""node"":""kwok-node-17""},{""name"":""rs-02-p2-kg57v"",""cpu_m"":918,""mem_b"":742461521,""priority"":""2"",""node"":""kwok-node-12""},{""name"":""rs-02-p2-nzdpw"",""cpu_m"":918,""mem_b"":742461521,""priority"":""2"",""node"":""kwok-node-19""},{""name"":""rs-03-p2-pr59r"",""cpu_m"":619,""mem_b"":109000362,""priority"":""2"",""node"":""kwok-node-13""},{""name"":""rs-04-p4-bjgjq"",""cpu_m"":805,""mem_b"":493248789,""priority"":""4"",""node"":""kwok-node-16""},{""name"":""rs-04-p4-cjmnd"",""cpu_m"":805,""mem_b"":493248789,""priority"":""4"",""node"":""kwok-node-20""},{""name"":""rs-04-p4-czgv7"",""cpu_m"":805,""mem_b"":493248789,""priority"":""4"",""node"":""kwok-node-10""},{""name"":""rs-05-p3-2rzj6"",""cpu_m"":799,""mem_b"":308395119,""priority"":""3"",""node"":""kwok-node-23""},{""name"":""rs-05-p3-fvsx7"",""cpu_m"":799,""mem_b"":308395119,""priority"":""3"",""node"":""kwok-node-21""},{""name"":""rs-06-p2-55lwk"",""cpu_m"":358,""mem_b"":868874786,""priority"":""2"",""node"":""kwok-node-22""},{""name"":""rs-06-p2-58cb4"",""cpu_m"":358,""mem_b"":868874786,""priority"":""2"",""node"":""kwok-node-15""},{""name"":""rs-06-p2-kfsnw"",""cpu_m"":358,""mem_b"":868874786,""priority"":""2"",""node"":""kwok-node-25""},{""name"":""rs-07-p4-25258"",""cpu_m"":437,""mem_b"":265314757,""priority"":""4"",""node"":""kwok-node-29""},{""name"":""rs-08-p4-986f8"",""cpu_m"":893,""mem_b"":541641274,""priority"":""4"",""node"":""kwok-node-26""},{""name"":""rs-08-p4-rhrn4"",""cpu_m"":893,""mem_b"":541641274,""priority"":""4"",""node"":""kwok-node-30""},{""name"":""rs-09-p4-vzlnw"",""cpu_m"":612,""mem_b"":398852849,""priority"":""4"",""node"":""kwok-node-3""},{""name"":""rs-10-p1-6pnqz"",""cpu_m"":619,""mem_b"":300912431,""priority"":""1"",""node"":""kwok-node-24""},{""name"":""rs-10-p1-mtxx6"",""cpu_m"":619,""mem_b"":300912431,""priority"":""1"",""node"":""kwok-node-32""},{""name"":""rs-10-p1-vrb6g"",""cpu_m"":619,""mem_b"":300912431,""priority"":""1"",""node"":""kwok-node-31""},{""name"":""rs-10-p1-wzlks"",""cpu_m"":619,""mem_b"":300912431,""priority"":""1"",""node"":""kwok-node-4""},{""name"":""rs-11-p4-fsr2z"",""cpu_m"":230,""mem_b"":757301554,""priority"":""4"",""node"":""kwok-node-8""},{""name"":""rs-11-p4-lq2q5"",""cpu_m"":230,""mem_b"":757301554,""priority"":""4"",""node"":""kwok-node-5""},{""name"":""rs-11-p4-lsqrs"",""cpu_m"":230,""mem_b"":757301554,""priority"":""4"",""node"":""kwok-node-6""},{""name"":""rs-11-p4-rz94d"",""cpu_m"":230,""mem_b"":757301554,""priority"":""4"",""node"":""kwok-node-27""},{""name"":""rs-12-p1-26qvg"",""cpu_m"":124,""mem_b"":642368207,""priority"":""1"",""node"":""kwok-node-9""},{""name"":""rs-12-p1-wr7xb"",""cpu_m"":124,""mem_b"":642368207,""priority"":""1"",""node"":""kwok-node-7""},{""name"":""rs-12-p1-wzm57"",""cpu_m"":124,""mem_b"":642368207,""priority"":""1"",""node"":""kwok-node-28""},{""name"":""rs-13-p3-fc227"",""cpu_m"":900,""mem_b"":461477682,""priority"":""3"",""node"":""kwok-node-9""},{""name"":""rs-13-p3-j2pf4"",""cpu_m"":900,""mem_b"":461477682,""priority"":""3"",""node"":""kwok-node-28""},{""name"":""rs-13-p3-pl55v"",""cpu_m"":900,""mem_b"":461477682,""priority"":""3"",""node"":""kwok-node-7""},{""name"":""rs-13-p3-rjzpx"",""cpu_m"":900,""mem_b"":461477682,""priority"":""3"",""node"":""kwok-node-8""},{""name"":""rs-14-p4-864cm"",""cpu_m"":241,""mem_b"":926181885,""priority"":""4"",""node"":""kwok-node-32""},{""name"":""rs-14-p4-clk7q"",""cpu_m"":241,""mem_b"":926181885,""priority"":""4"",""node"":""kwok-node-29""},{""name"":""rs-14-p4-dd6fl"",""cpu_m"":241,""mem_b"":926181885,""priority"":""4"",""node"":""kwok-node-13""},{""name"":""rs-14-p4-nj9kx"",""cpu_m"":241,""mem_b"":926181885,""priority"":""4"",""node"":""kwok-node-21""},{""name"":""rs-15-p1-66bkv"",""cpu_m"":857,""mem_b"":937706628,""priority"":""1"",""node"":""kwok-node-24""},{""name"":""rs-15-p1-j22xl"",""cpu_m"":857,""mem_b"":937706628,""priority"":""1"",""node"":""kwok-node-31""},{""name"":""rs-15-p1-pc7hb"",""cpu_m"":857,""mem_b"":937706628,""priority"":""1"",""node"":""kwok-node-3""},{""name"":""rs-16-p2-8xhxj"",""cpu_m"":327,""mem_b"":168348501,""priority"":""2"",""node"":""kwok-node-27""},{""name"":""rs-16-p2-mtxkb"",""cpu_m"":327,""mem_b"":168348501,""priority"":""2"",""node"":""kwok-node-5""},{""name"":""rs-16-p2-xnxr8"",""cpu_m"":327,""mem_b"":168348501,""priority"":""2"",""node"":""kwok-node-6""},{""name"":""rs-17-p2-2jz2k"",""cpu_m"":481,""mem_b"":655162667,""priority"":""2"",""node"":""kwok-node-4""},{""name"":""rs-17-p2-sgdlt"",""cpu_m"":481,""mem_b"":655162667,""priority"":""2"",""node"":""kwok-node-11""},{""name"":""rs-18-p3-8bggx"",""cpu_m"":134,""mem_b"":950281922,""priority"":""3"",""node"":""kwok-node-23""},{""name"":""rs-18-p3-ccg7s"",""cpu_m"":134,""mem_b"":950281922,""priority"":""3"",""node"":""kwok-node-20""},{""name"":""rs-18-p3-ss9nw"",""cpu_m"":134,""mem_b"":950281922,""priority"":""3"",""node"":""kwok-node-10""},{""name"":""rs-19-p2-fbxd4"",""cpu_m"":546,""mem_b"":183765127,""priority"":""2"",""node"":""kwok-node-22""},{""name"":""rs-19-p2-jskxl"",""cpu_m"":546,""mem_b"":183765127,""priority"":""2"",""node"":""kwok-node-15""},{""name"":""rs-19-p2-km9gg"",""cpu_m"":546,""mem_b"":183765127,""priority"":""2"",""node"":""kwok-node-25""},{""name"":""rs-19-p2-qmrjs"",""cpu_m"":546,""mem_b"":183765127,""priority"":""2"",""node"":""kwok-node-27""},{""name"":""rs-20-p3-67267"",""cpu_m"":716,""mem_b"":814354242,""priority"":""3"",""node"":""kwok-node-18""},{""name"":""rs-20-p3-k29ps"",""cpu_m"":716,""mem_b"":814354242,""priority"":""3"",""node"":""kwok-node-2""},{""name"":""rs-21-p4-ghflt"",""cpu_m"":669,""mem_b"":658284256,""priority"":""4"",""node"":""kwok-node-6""},{""name"":""rs-21-p4-mk5b5"",""cpu_m"":669,""mem_b"":658284256,""priority"":""4"",""node"":""kwok-node-5""},{""name"":""rs-21-p4-qg4vb"",""cpu_m"":669,""mem_b"":658284256,""priority"":""4"",""node"":""kwok-node-1""},{""name"":""rs-22-p1-4qgrp"",""cpu_m"":692,""mem_b"":685861462,""priority"":""1"",""node"":""kwok-node-13""},{""name"":""rs-22-p1-cql4t"",""cpu_m"":692,""mem_b"":685861462,""priority"":""1"",""node"":""kwok-node-15""},{""name"":""rs-22-p1-sgqzd"",""cpu_m"":692,""mem_b"":685861462,""priority"":""1"",""node"":""kwok-node-22""},{""name"":""rs-22-p1-snzkv"",""cpu_m"":692,""mem_b"":685861462,""priority"":""1"",""node"":""kwok-node-16""},{""name"":""rs-23-p4-n7zvb"",""cpu_m"":381,""mem_b"":344263748,""priority"":""4"",""node"":""kwok-node-26""},{""name"":""rs-23-p4-qh7gk"",""cpu_m"":381,""mem_b"":344263748,""priority"":""4"",""node"":""kwok-node-30""},{""name"":""rs-24-p2-9cvxn"",""cpu_m"":994,""mem_b"":690564840,""priority"":""2"",""node"":""kwok-node-25""},{""name"":""rs-24-p2-jm9nf"",""cpu_m"":994,""mem_b"":690564840,""priority"":""2"",""node"":""kwok-node-32""},{""name"":""rs-24-p2-x5fnw"",""cpu_m"":994,""mem_b"":690564840,""priority"":""2"",""node"":""kwok-node-29""},{""name"":""rs-25-p4-z692l"",""cpu_m"":743,""mem_b"":181548060,""priority"":""4"",""node"":""kwok-node-14""},{""name"":""rs-26-p3-x2w2z"",""cpu_m"":292,""mem_b"":639525805,""priority"":""3"",""node"":""kwok-node-12""},{""name"":""rs-27-p4-rbdck"",""cpu_m"":622,""mem_b"":907407713,""priority"":""4"",""node"":""kwok-node-17""},{""name"":""rs-27-p4-slqff"",""cpu_m"":622,""mem_b"":907407713,""priority"":""4"",""node"":""kwok-node-4""},{""name"":""rs-27-p4-wkzx7"",""cpu_m"":622,""mem_b"":907407713,""priority"":""4"",""node"":""kwok-node-19""},{""name"":""rs-27-p4-z8dhv"",""cpu_m"":622,""mem_b"":907407713,""priority"":""4"",""node"":""kwok-node-7""},{""name"":""rs-28-p3-wjfkq"",""cpu_m"":263,""mem_b"":573067191,""priority"":""3"",""node"":""kwok-node-28""},{""name"":""rs-29-p3-9kkjk"",""cpu_m"":938,""mem_b"":511135693,""priority"":""3"",""node"":""kwok-node-10""},{""name"":""rs-30-p3-5mkvk"",""cpu_m"":789,""mem_b"":416762016,""priority"":""3"",""node"":""kwok-node-23""},{""name"":""rs-30-p3-xdpqq"",""cpu_m"":789,""mem_b"":416762016,""priority"":""3"",""node"":""kwok-node-20""},{""name"":""rs-31-p3-4tb8n"",""cpu_m"":403,""mem_b"":358064719,""priority"":""3"",""node"":""kwok-node-9""},{""name"":""rs-31-p3-fxkzh"",""cpu_m"":403,""mem_b"":358064719,""priority"":""3"",""node"":""kwok-node-21""},{""name"":""rs-32-p3-4rt2s"",""cpu_m"":557,""mem_b"":236615291,""priority"":""3"",""node"":""kwok-node-12""},{""name"":""rs-32-p3-8d77j"",""cpu_m"":557,""mem_b"":236615291,""priority"":""3"",""node"":""kwok-node-8""},{""name"":""rs-32-p3-tk889"",""cpu_m"":557,""mem_b"":236615291,""priority"":""3"",""node"":""kwok-node-27""},{""name"":""rs-33-p1-7r2zf"",""cpu_m"":228,""mem_b"":208208821,""priority"":""1"",""node"":""kwok-node-30""},{""name"":""rs-33-p1-8tlvh"",""cpu_m"":228,""mem_b"":208208821,""priority"":""1"",""node"":""kwok-node-5""},{""name"":""rs-33-p1-98lxm"",""cpu_m"":228,""mem_b"":208208821,""priority"":""1"",""node"":""kwok-node-26""},{""name"":""rs-33-p1-llh2v"",""cpu_m"":228,""mem_b"":208208821,""priority"":""1"",""node"":""kwok-node-11""},{""name"":""rs-34-p1-jqx5p"",""cpu_m"":103,""mem_b"":338840924,""priority"":""1"",""node"":""kwok-node-24""},{""name"":""rs-34-p1-mzvg9"",""cpu_m"":103,""mem_b"":338840924,""priority"":""1"",""node"":""kwok-node-3""},{""name"":""rs-34-p1-rl5jx"",""cpu_m"":103,""mem_b"":338840924,""priority"":""1"",""node"":""kwok-node-1""},{""name"":""rs-34-p1-sphwl"",""cpu_m"":103,""mem_b"":338840924,""priority"":""1"",""node"":""kwok-node-31""},{""name"":""rs-35-p4-7vjr2"",""cpu_m"":192,""mem_b"":596944065,""priority"":""4"",""node"":""kwok-node-16""},{""name"":""rs-35-p4-q7hh9"",""cpu_m"":192,""mem_b"":596944065,""priority"":""4"",""node"":""kwok-node-30""},{""name"":""rs-35-p4-sf5xq"",""cpu_m"":192,""mem_b"":596944065,""priority"":""4"",""node"":""kwok-node-26""},{""name"":""rs-36-p3-t9xwl"",""cpu_m"":459,""mem_b"":714143759,""priority"":""3"",""node"":""""},{""name"":""rs-36-p3-wt4m4"",""cpu_m"":459,""mem_b"":714143759,""priority"":""3"",""node"":""""},{""name"":""rs-37-p3-qcgsk"",""cpu_m"":880,""mem_b"":548731644,""priority"":""3"",""node"":""""},{""name"":""rs-37-p3-skddx"",""cpu_m"":880,""mem_b"":548731644,""priority"":""3"",""node"":""""},{""name"":""rs-37-p3-v85c2"",""cpu_m"":880,""mem_b"":548731644,""priority"":""3"",""node"":""""},{""name"":""rs-37-p3-vcw8g"",""cpu_m"":880,""mem_b"":548731644,""priority"":""3"",""node"":""""},{""name"":""rs-38-p4-h92px"",""cpu_m"":139,""mem_b"":996075311,""priority"":""4"",""node"":""kwok-node-14""},{""name"":""rs-38-p4-jtqlq"",""cpu_m"":139,""mem_b"":996075311,""priority"":""4"",""node"":""""},{""name"":""rs-38-p4-z6wnd"",""cpu_m"":139,""mem_b"":996075311,""priority"":""4"",""node"":""""},{""name"":""rs-39-p4-q92jk"",""cpu_m"":614,""mem_b"":227543926,""priority"":""4"",""node"":""kwok-node-6""},{""name"":""rs-40-p1-dkcnk"",""cpu_m"":376,""mem_b"":559246075,""priority"":""1"",""node"":""kwok-node-21""},{""name"":""rs-40-p1-mkjtw"",""cpu_m"":376,""mem_b"":559246075,""priority"":""1"",""node"":""kwok-node-18""},{""name"":""rs-40-p1-nbxs4"",""cpu_m"":376,""mem_b"":559246075,""priority"":""1"",""node"":""kwok-node-9""},{""name"":""rs-40-p1-pxcp2"",""cpu_m"":376,""mem_b"":559246075,""priority"":""1"",""node"":""kwok-node-11""},{""name"":""rs-41-p3-jgnc7"",""cpu_m"":216,""mem_b"":903864051,""priority"":""3"",""node"":""""},{""name"":""rs-41-p3-ntqb5"",""cpu_m"":216,""mem_b"":903864051,""priority"":""3"",""node"":""""},{""name"":""rs-41-p3-v5clh"",""cpu_m"":216,""mem_b"":903864051,""priority"":""3"",""node"":""""},{""name"":""rs-41-p3-xn8x5"",""cpu_m"":216,""mem_b"":903864051,""priority"":""3"",""node"":""""},{""name"":""rs-42-p3-2xcr8"",""cpu_m"":372,""mem_b"":647822273,""priority"":""3"",""node"":""kwok-node-2""},{""name"":""rs-42-p3-7brjt"",""cpu_m"":372,""mem_b"":647822273,""priority"":""3"",""node"":""""},{""name"":""rs-42-p3-qqfzg"",""cpu_m"":372,""mem_b"":647822273,""priority"":""3"",""node"":""""},{""name"":""rs-43-p4-jr59r"",""cpu_m"":129,""mem_b"":134345009,""priority"":""4"",""node"":""kwok-node-17""},{""name"":""rs-43-p4-scfrj"",""cpu_m"":129,""mem_b"":134345009,""priority"":""4"",""node"":""kwok-node-28""},{""name"":""rs-43-p4-v6pzj"",""cpu_m"":129,""mem_b"":134345009,""priority"":""4"",""node"":""kwok-node-19""},{""name"":""rs-44-p1-f2djw"",""cpu_m"":184,""mem_b"":152878395,""priority"":""1"",""node"":""kwok-node-5""},{""name"":""rs-44-p1-l4pkm"",""cpu_m"":184,""mem_b"":152878395,""priority"":""1"",""node"":""kwok-node-28""},{""name"":""rs-44-p1-mvb7r"",""cpu_m"":184,""mem_b"":152878395,""priority"":""1"",""node"":""kwok-node-13""},{""name"":""rs-44-p1-sx4nf"",""cpu_m"":184,""mem_b"":152878395,""priority"":""1"",""node"":""kwok-node-1""},{""name"":""rs-45-p1-56cmk"",""cpu_m"":543,""mem_b"":945210820,""priority"":""1"",""node"":""""},{""name"":""rs-45-p1-bw9vx"",""cpu_m"":543,""mem_b"":945210820,""priority"":""1"",""node"":""""},{""name"":""rs-45-p1-j79tg"",""cpu_m"":543,""mem_b"":945210820,""priority"":""1"",""node"":""""},{""name"":""rs-45-p1-mntmh"",""cpu_m"":543,""mem_b"":945210820,""priority"":""1"",""node"":""""},{""name"":""rs-46-p3-62xqh"",""cpu_m"":262,""mem_b"":314900415,""priority"":""3"",""node"":""kwok-node-24""}]","[{""name"":""kwok-node-1"",""cap_cpu_m"":1903,""cap_mem_bytes"":2166079400},{""name"":""kwok-node-2"",""cap_cpu_m"":1903,""cap_mem_bytes"":2166079400},{""name"":""kwok-node-3"",""cap_cpu_m"":1903,""cap_mem_bytes"":2166079400},{""name"":""kwok-node-4"",""cap_cpu_m"":1903,""cap_mem_bytes"":2166079400},{""name"":""kwok-node-5"",""cap_cpu_m"":1903,""cap_mem_bytes"":2166079400},{""name"":""kwok-node-6"",""cap_cpu_m"":1903,""cap_mem_bytes"":2166079400},{""name"":""kwok-node-7"",""cap_cpu_m"":1903,""cap_mem_bytes"":2166079400},{""name"":""kwok-node-8"",""cap_cpu_m"":1903,""cap_mem_bytes"":2166079400},{""name"":""kwok-node-9"",""cap_cpu_m"":1903,""cap_mem_bytes"":2166079400},{""name"":""kwok-node-10"",""cap_cpu_m"":1903,""cap_mem_bytes"":2166079400},{""name"":""kwok-node-11"",""cap_cpu_m"":1903,""cap_mem_bytes"":2166079400},{""name"":""kwok-node-12"",""cap_cpu_m"":1903,""cap_mem_bytes"":2166079400},{""name"":""kwok-node-13"",""cap_cpu_m"":1903,""cap_mem_bytes"":2166079400},{""name"":""kwok-node-14"",""cap_cpu_m"":1903,""cap_mem_bytes"":2166079400},{""name"":""kwok-node-15"",""cap_cpu_m"":1903,""cap_mem_bytes"":2166079400},{""name"":""kwok-node-16"",""cap_cpu_m"":1903,""cap_mem_bytes"":2166079400},{""name"":""kwok-node-17"",""cap_cpu_m"":1903,""cap_mem_bytes"":2166079400},{""name"":""kwok-node-18"",""cap_cpu_m"":1903,""cap_mem_bytes"":2166079400},{""name"":""kwok-node-19"",""cap_cpu_m"":1903,""cap_mem_bytes"":2166079400},{""name"":""kwok-node-20"",""cap_cpu_m"":1903,""cap_mem_bytes"":2166079400},{""name"":""kwok-node-21"",""cap_cpu_m"":1903,""cap_mem_bytes"":2166079400},{""name"":""kwok-node-22"",""cap_cpu_m"":1903,""cap_mem_bytes"":2166079400},{""name"":""kwok-node-23"",""cap_cpu_m"":1903,""cap_mem_bytes"":2166079400},{""name"":""kwok-node-24"",""cap_cpu_m"":1903,""cap_mem_bytes"":2166079400},{""name"":""kwok-node-25"",""cap_cpu_m"":1903,""cap_mem_bytes"":2166079400},{""name"":""kwok-node-26"",""cap_cpu_m"":1903,""cap_mem_bytes"":2166079400},{""name"":""kwok-node-27"",""cap_cpu_m"":1903,""cap_mem_bytes"":2166079400},{""name"":""kwok-node-28"",""cap_cpu_m"":1903,""cap_mem_bytes"":2166079400},{""name"":""kwok-node-29"",""cap_cpu_m"":1903,""cap_mem_bytes"":2166079400},{""name"":""kwok-node-30"",""cap_cpu_m"":1903,""cap_mem_bytes"":2166079400},{""name"":""kwok-node-31"",""cap_cpu_m"":1903,""cap_mem_bytes"":2166079400},{""name"":""kwok-node-32"",""cap_cpu_m"":1903,""cap_mem_bytes"":2166079400}]"
