484806185843093489
4219457405427907235
7309940385334237743
5896358955358513046
6994672214887366847
3132326258768729143
7956536540478288960
6452900031824671063
8016731149625864370
6772603432636054556
1424665327171895173
3737635650877940855
3941336756034580715
1503191614089492773
5820706265677719135
420292943029515637
9147129661833587558
917224645308210940
55411538136720492
7158228594698779781
2881060639005617760
2120090046821723763
6105563283321887062
7194306251949794638
8869018158643600458
5839509821751272860
4782248702426767105
5210833456475221841
4493970743770925510
7899493300157142034
697073105759480269
1284945672489363765
226216363256580172
6895378818991516291
8727485397340111755
4559964496990583395
2057909903460133994
7753940112227685379
7965293553015376524
6189391917187610042
1221345081614209477
6636232377391960297
7252074906178545503
3937612914725950854
5435020287124189294
4855668352291734553
3928363649402512180
1120181360350854083
4275183120444302794
6617179428660612426
7102506122751228813
3442520487102279065
6990155264863631615
7024236687192545299
6469489248687525114
5192245877720377991
6013696950180590152
1023525827562816677
868345193988332467
2254113481559975435
7335201056252104502
2202158810409137126
2506108877001422316
6507800679503166357
3568231548795854174
5756508426186236398
2280823119808743756
5397005882441633319
3987827014520816348
1096718949685239825
7268157541739304927
2537210642284439781
8720578957111805835
75203836534193960
3035754826630143701
1815117622121952975
7436749116488122155
