1420052706459400740
6452900031824671063
3896010399170147587
6772603432636054556
3159643892569801110
3737635650877940855
1431348066566932968
546960236124654608
8110663468741290990
420292943029515637
5499991615272674611
6105563283321887062
7738711211195866853
7194306251949794638
4528391889290670831
7899493300157142034
657070463987715267
4559964496990583395
7965293553015376524
1221345081614209477
6636232377391960297
7252074906178545503
6990155264863631615
5300881956419103460
6507800679503166357
9126551470516884404
2280823119808743756
1541097410654331810
5818100544690602936
7730765085791097700
3987827014520816348
1096718949685239825
7268157541739304927
592614219853408301
8694841941272457754
2564338243049378455
3035754826630143701
6835107565896807559
7548367792118511278
916250058151629196
