484806185843093489
4219457405427907235
5896358955358513046
6994672214887366847
3132326258768729143
8016731149625864370
1779281120235042110
4204471460018303910
3941336756034580715
1503191614089492773
55411538136720492
7158228594698779781
2120090046821723763
3532658037249897651
7376625660721489042
5888965561877447036
8869018158643600458
4782248702426767105
5210833456475221841
6791828356968382696
1284945672489363765
2027745333831851761
226216363256580172
5809399052914872227
7753940112227685379
3712956461027657442
2008907309570689453
3937612914725950854
6181536930444734779
4275183120444302794
6617179428660612426
3442520487102279065
2404411545535534280
7024236687192545299
6469489248687525114
5192245877720377991
7420528211910559118
8033569224504949185
1023525827562816677
868345193988332467
1993971700290982859
2254113481559975435
7335201056252104502
2202158810409137126
2506108877001422316
5718196445725297835
2280823119808743756
1541097410654331810
5818100544690602936
7730765085791097700
1086328549291446253
3987827014520816348
1096718949685239825
1086256223848041603
7268157541739304927
592614219853408301
447894098700000972
8720578957111805835
8694841941272457754
75203836534193960
2564338243049378455
3035754826630143701
1815117622121952975
7436749116488122155
6835107565896807559
7548367792118511278
7533048769398230178
8560547988793028776
8831143984913122024
9183157670805661135
7785083115903125942
2180054235356924103
2868288887590448993
916250058151629196
1086328549291446253
1086256223848041603
447894098700000972
8720578957111805835
75203836534193960
1815117622121952975
7436749116488122155
7533048769398230178
8560547988793028776
8831143984913122024
9183157670805661135
7785083115903125942
2180054235356924103
2868288887590448993
