timestamp,time_s,cpu_run_util,mem_run_util,cpu_req_util,mem_req_util,running_p1,running_p2,running_p3,running_p4,unsched_p1,unsched_p2,unsched_p3,unsched_p4,deletions_cum_p1,deletions_cum_p2,deletions_cum_p3,deletions_cum_p4
2026/02/04/15:55:13,4.462351,0.199125,0.209448,0.199125,0.209448,18,17,13,5,0,0,0,0,0,0,0,0
2026/02/04/15:55:14,5.463268,0.233937,0.251026,0.233937,0.251026,19,18,16,11,0,0,0,0,0,0,0,0
2026/02/04/15:55:15,6.464063,0.288969,0.318089,0.288969,0.318089,23,21,19,13,0,0,0,0,0,0,0,0
2026/02/04/15:55:16,7.464793,0.322813,0.337325,0.325219,0.344292,25,23,21,15,1,0,0,0,0,0,0,0
2026/02/04/15:55:17,8.465660,0.357063,0.385297,0.357063,0.385297,28,26,25,17,0,0,0,0,0,0,0,0
2026/02/04/15:55:18,9.466613,0.409250,0.439054,0.409250,0.439054,28,30,30,20,0,0,0,0,0,0,0,0
2026/02/04/15:55:19,10.467320,0.468219,0.471738,0.468219,0.471738,30,33,34,21,0,0,0,0,0,0,0,0
2026/02/04/15:55:20,11.467998,0.507000,0.505625,0.509219,0.507284,34,34,38,21,0,0,1,0,0,0,0,0
2026/02/04/15:55:21,12.468643,0.542031,0.542614,0.542031,0.542614,36,37,42,24,0,0,0,0,0,0,0,0
2026/02/04/15:55:22,13.469441,0.561031,0.562617,0.563281,0.564411,39,40,44,24,1,0,0,0,0,0,0,0
2026/02/04/15:55:23,14.470036,0.601688,0.598727,0.601688,0.598727,44,42,47,25,0,0,0,0,0,0,0,0
2026/02/04/15:55:24,15.470603,0.631313,0.622258,0.631313,0.622258,54,42,48,23,0,0,0,0,0,0,0,2
2026/02/04/15:55:25,16.471321,0.664062,0.648720,0.664062,0.648720,61,42,51,25,0,0,0,0,0,0,0,2
2026/02/04/15:55:26,17.471875,0.699000,0.686187,0.701187,0.701405,62,45,55,27,0,0,1,0,0,0,0,2
2026/02/04/15:55:27,18.472482,0.743250,0.726204,0.743250,0.726204,65,50,56,29,0,0,0,0,0,0,0,2
2026/02/04/15:55:28,19.473196,0.783563,0.763765,0.783563,0.763765,70,50,57,34,0,0,0,0,0,0,0,2
2026/02/04/15:55:29,20.473817,0.816875,0.804542,0.816875,0.804542,73,51,61,34,0,0,0,0,2,0,0,2
2026/02/04/15:55:30,21.474390,0.847000,0.802185,0.859938,0.803995,70,55,65,34,0,0,1,0,5,0,0,2
2026/02/04/15:55:31,22.475017,0.859938,0.803995,0.865469,0.816027,70,55,66,34,1,0,0,0,5,0,0,2
2026/02/04/15:55:32,23.475555,0.859938,0.803995,0.865469,0.816027,70,55,66,34,1,0,0,0,5,0,0,2
2026/02/04/15:55:33,24.476012,0.861969,0.805607,0.876281,0.825329,71,55,66,34,2,0,0,0,5,0,0,2
2026/02/04/15:55:34,25.476625,0.877656,0.818446,0.891969,0.838167,75,55,67,34,2,0,0,0,5,0,0,2
2026/02/04/15:55:35,26.477090,0.877687,0.829450,0.892000,0.849172,77,55,67,34,2,0,0,0,6,0,0,2
2026/02/04/15:55:36,27.477551,0.877687,0.829450,0.901625,0.851339,77,55,67,34,3,0,0,0,6,0,0,2
2026/02/04/15:55:37,28.478130,0.877687,0.829450,0.901625,0.851339,77,55,67,34,3,0,0,0,6,0,0,2
2026/02/04/15:55:38,29.478600,0.877687,0.829450,0.901625,0.851339,77,55,67,34,3,0,0,0,6,0,0,2
2026/02/04/15:55:39,30.479157,0.879625,0.832572,0.903563,0.854460,78,55,67,34,3,0,0,0,6,0,0,2
2026/02/04/15:55:40,31.479615,0.879625,0.832572,0.903563,0.854460,78,55,67,34,3,0,0,0,6,0,0,2
2026/02/04/15:55:41,32.480146,0.879625,0.832572,0.903563,0.854460,78,55,67,34,3,0,0,0,6,0,0,2
2026/02/04/15:55:42,33.480761,0.879625,0.832572,0.903563,0.854460,78,55,67,34,3,0,0,0,6,0,0,2
2026/02/04/15:55:43,34.481261,0.872687,0.827929,0.896625,0.849817,76,55,67,34,3,0,0,0,8,0,0,2
2026/02/04/15:55:44,35.481749,0.872687,0.827929,0.896625,0.849817,76,55,67,34,3,0,0,0,8,0,0,2
2026/02/04/15:55:45,36.482262,0.872687,0.827929,0.896625,0.849817,76,55,67,34,3,0,0,0,8,0,0,2
2026/02/04/15:55:46,37.482805,0.872687,0.827929,0.896625,0.849817,76,55,67,34,3,0,0,0,8,0,0,2
2026/02/04/15:55:47,38.483236,0.872687,0.827929,0.896625,0.849817,76,55,67,34,3,0,0,0,8,0,0,2
2026/02/04/15:55:48,39.483720,0.872687,0.827929,0.896625,0.849817,76,55,67,34,3,0,0,0,8,0,0,2
2026/02/04/15:55:49,40.484325,0.872687,0.827929,0.896625,0.849817,76,55,67,34,3,0,0,0,8,0,0,2
2026/02/04/15:55:50,41.484901,0.872687,0.827929,0.896625,0.849817,76,55,67,34,3,0,0,0,8,0,0,2
2026/02/04/15:55:51,42.485368,0.872687,0.827929,0.896625,0.849817,76,55,67,34,3,0,0,0,8,0,0,2
2026/02/04/15:55:52,43.485852,0.872687,0.827929,0.896625,0.849817,76,55,67,34,3,0,0,0,8,0,0,2
2026/02/04/15:55:53,44.486423,0.872687,0.827929,0.896625,0.849817,76,55,67,34,3,0,0,0,8,0,0,2
2026/02/04/15:55:54,45.495149,0.872687,0.827929,0.896625,0.849817,76,55,67,34,3,0,0,0,8,0,0,2
2026/02/04/15:55:55,46.495666,0.872687,0.827929,0.896625,0.849817,76,55,67,34,3,0,0,0,8,0,0,2
2026/02/04/15:55:56,47.496167,0.872687,0.827929,0.896625,0.849817,76,55,67,34,3,0,0,0,8,0,0,2
2026/02/04/15:55:57,48.496737,0.872687,0.827929,0.896625,0.849817,76,55,67,34,3,0,0,0,8,0,0,2
2026/02/04/15:55:58,49.497144,0.872687,0.827929,0.896625,0.849817,76,55,67,34,3,0,0,0,8,0,0,2
2026/02/04/15:55:59,50.497629,0.872687,0.827929,0.896625,0.849817,76,55,67,34,3,0,0,0,8,0,0,2
2026/02/04/15:56:00,51.554065,0.872687,0.827929,0.896625,0.849817,76,55,67,34,3,0,0,0,8,0,0,2
2026/02/04/15:56:01,52.554330,0.872687,0.827929,0.896625,0.849817,76,55,67,34,3,0,0,0,8,0,0,2
2026/02/04/15:56:02,53.554539,0.872687,0.827929,0.896625,0.849817,76,55,67,34,3,0,0,0,8,0,0,2
2026/02/04/15:56:03,54.554983,0.896625,0.849817,0.896625,0.849817,79,55,67,34,0,0,0,0,11,0,0,2
2026/02/04/15:56:04,55.555468,0.896625,0.849817,0.896625,0.849817,79,55,67,34,0,0,0,0,11,0,0,2
2026/02/04/15:56:05,56.555965,0.896625,0.849817,0.896625,0.849817,79,55,67,34,0,0,0,0,11,0,0,2
2026/02/04/15:56:06,57.556530,0.896625,0.849817,0.896625,0.849817,79,55,67,34,0,0,0,0,11,0,0,2
2026/02/04/15:56:07,58.557097,0.896625,0.849817,0.896625,0.849817,79,55,67,34,0,0,0,0,11,0,0,2
2026/02/04/15:56:08,59.557744,0.896625,0.849817,0.896625,0.849817,79,55,67,34,0,0,0,0,11,0,0,2
2026/02/04/15:56:09,60.558332,0.894687,0.846696,0.894687,0.846696,78,55,67,34,0,0,0,0,12,0,0,2
2026/02/04/15:56:10,61.558930,0.894687,0.846696,0.894687,0.846696,78,55,67,34,0,0,0,0,12,0,0,2
2026/02/04/15:56:11,62.559488,0.894687,0.846696,0.894687,0.846696,78,55,67,34,0,0,0,0,12,0,0,2
2026/02/04/15:56:12,63.560105,0.894687,0.846696,0.894687,0.846696,78,55,67,34,0,0,0,0,12,0,0,2
2026/02/04/15:56:13,64.560637,0.894687,0.846696,0.894687,0.846696,78,55,67,34,0,0,0,0,12,0,0,2
2026/02/04/15:56:14,65.561085,0.894687,0.846696,0.894687,0.846696,78,55,67,34,0,0,0,0,12,0,0,2
2026/02/04/15:56:15,66.561670,0.894687,0.846696,0.894687,0.846696,78,55,67,34,0,0,0,0,12,0,0,2
2026/02/04/15:56:16,67.562362,0.894687,0.846696,0.894687,0.846696,78,55,67,34,0,0,0,0,12,0,0,2
2026/02/04/15:56:17,68.563046,0.894687,0.846696,0.894687,0.846696,78,55,67,34,0,0,0,0,12,0,0,2
2026/02/04/15:56:18,69.563597,0.894687,0.846696,0.894687,0.846696,78,55,67,34,0,0,0,0,12,0,0,2
2026/02/04/15:56:19,70.564223,0.894687,0.846696,0.894687,0.846696,78,55,67,34,0,0,0,0,12,0,0,2
2026/02/04/15:56:20,71.564711,0.894687,0.846696,0.894687,0.846696,78,55,67,34,0,0,0,0,12,0,0,2
2026/02/04/15:56:21,72.565212,0.894687,0.846696,0.894687,0.846696,78,55,67,34,0,0,0,0,12,0,0,2
2026/02/04/15:56:22,73.565707,0.894687,0.846696,0.894687,0.846696,78,55,67,34,0,0,0,0,12,0,0,2
2026/02/04/15:56:23,74.566280,0.894687,0.846696,0.894687,0.846696,78,55,67,34,0,0,0,0,12,0,0,2
2026/02/04/15:56:24,75.566787,0.894687,0.846696,0.894687,0.846696,78,55,67,34,0,0,0,0,12,0,0,2
2026/02/04/15:56:25,76.567314,0.894687,0.846696,0.894687,0.846696,78,55,67,34,0,0,0,0,12,0,0,2
2026/02/04/15:56:26,77.567940,0.894687,0.846696,0.894687,0.846696,78,55,67,34,0,0,0,0,12,0,0,2
2026/02/04/15:56:27,78.568548,0.894687,0.846696,0.894687,0.846696,78,55,67,34,0,0,0,0,12,0,0,2
2026/02/04/15:56:28,79.569207,0.894687,0.846696,0.894687,0.846696,78,55,67,34,0,0,0,0,12,0,0,2
2026/02/04/15:56:29,80.569869,0.894687,0.846696,0.894687,0.846696,78,55,67,34,0,0,0,0,12,0,0,2
2026/02/04/15:56:30,81.570695,0.903344,0.853476,0.920813,0.873869,78,56,67,36,3,0,0,0,13,0,0,2
2026/02/04/15:56:31,82.571223,0.907344,0.863856,0.920813,0.873869,80,56,67,36,1,0,0,0,13,0,0,2
2026/02/04/15:56:32,83.571832,0.907344,0.863856,0.907344,0.863856,80,56,67,36,0,0,0,0,13,0,0,2
2026/02/04/15:56:33,84.572273,0.907344,0.863856,0.907344,0.863856,80,56,67,36,0,0,0,0,13,0,0,2
2026/02/04/15:56:34,85.572781,0.907344,0.863856,0.907344,0.863856,80,56,67,36,0,0,0,0,13,0,0,2
2026/02/04/15:56:35,86.573299,0.902500,0.862044,0.902500,0.862044,80,55,67,36,0,0,0,0,13,1,0,2
2026/02/04/15:56:36,87.573823,0.902500,0.862044,0.902500,0.862044,80,55,67,36,0,0,0,0,13,1,0,2
2026/02/04/15:56:37,88.574319,0.902500,0.862044,0.902500,0.862044,80,55,67,36,0,0,0,0,13,1,0,2
2026/02/04/15:56:38,89.574916,0.902500,0.862044,0.902500,0.862044,80,55,67,36,0,0,0,0,13,1,0,2
2026/02/04/15:56:39,90.575434,0.902500,0.862044,0.902500,0.862044,80,55,67,36,0,0,0,0,13,1,0,2
2026/02/04/15:56:40,91.575937,0.902500,0.862044,0.902500,0.862044,80,55,67,36,0,0,0,0,13,1,0,2
2026/02/04/15:56:41,92.576461,0.902500,0.862044,0.902500,0.862044,80,55,67,36,0,0,0,0,13,1,0,2
2026/02/04/15:56:42,93.577146,0.902500,0.862044,0.902500,0.862044,80,55,67,36,0,0,0,0,13,1,0,2
2026/02/04/15:56:43,94.577693,0.902500,0.862044,0.902500,0.862044,80,55,67,36,0,0,0,0,13,1,0,2
2026/02/04/15:56:44,95.578167,0.902500,0.862044,0.902500,0.862044,80,55,67,36,0,0,0,0,13,1,0,2
2026/02/04/15:56:45,96.578771,0.902500,0.862044,0.902500,0.862044,80,55,67,36,0,0,0,0,13,1,0,2
2026/02/04/15:56:46,97.579407,0.902500,0.862044,0.902500,0.862044,80,55,67,36,0,0,0,0,13,1,0,2
2026/02/04/15:56:47,98.580086,0.902500,0.862044,0.902500,0.862044,80,55,67,36,0,0,0,0,13,1,0,2
2026/02/04/15:56:48,99.580752,0.902500,0.862044,0.902500,0.862044,80,55,67,36,0,0,0,0,13,1,0,2
2026/02/04/15:56:49,100.581321,0.893969,0.823549,0.893969,0.823549,80,55,67,33,0,0,0,0,13,1,0,5
2026/02/04/15:56:50,101.581959,0.893969,0.823549,0.893969,0.823549,80,55,67,33,0,0,0,0,13,1,0,5
2026/02/04/15:56:51,102.582568,0.893969,0.823549,0.893969,0.823549,80,55,67,33,0,0,0,0,13,1,0,5
2026/02/04/15:56:52,103.583132,0.893969,0.823549,0.893969,0.823549,80,55,67,33,0,0,0,0,13,1,0,5
2026/02/04/15:56:53,104.583710,0.893969,0.823549,0.893969,0.823549,80,55,67,33,0,0,0,0,13,1,0,5
2026/02/04/15:56:54,105.584244,0.893969,0.823549,0.893969,0.823549,80,55,67,33,0,0,0,0,13,1,0,5
2026/02/04/15:56:55,106.584912,0.893969,0.823549,0.893969,0.823549,80,55,67,33,0,0,0,0,13,1,0,5
2026/02/04/15:56:56,107.585368,0.893969,0.823549,0.893969,0.823549,80,55,67,33,0,0,0,0,13,1,0,5
2026/02/04/15:56:57,108.586062,0.893969,0.823549,0.893969,0.823549,80,55,67,33,0,0,0,0,13,1,0,5
2026/02/04/15:56:58,109.586834,0.893969,0.823549,0.893969,0.823549,80,55,67,33,0,0,0,0,13,1,0,5
2026/02/04/15:56:59,110.587394,0.893969,0.823549,0.893969,0.823549,80,55,67,33,0,0,0,0,13,1,0,5
2026/02/04/15:57:00,111.588219,0.893969,0.823549,0.893969,0.823549,80,55,67,33,0,0,0,0,13,1,0,5
2026/02/04/15:57:01,112.588929,0.893969,0.823549,0.893969,0.823549,80,55,67,33,0,0,0,0,13,1,0,5
2026/02/04/15:57:02,113.589630,0.893969,0.823549,0.893969,0.823549,80,55,67,33,0,0,0,0,13,1,0,5
2026/02/04/15:57:03,114.590363,0.893969,0.823549,0.893969,0.823549,80,55,67,33,0,0,0,0,13,1,0,5
2026/02/04/15:57:04,115.590846,0.893969,0.823549,0.893969,0.823549,80,55,67,33,0,0,0,0,13,1,0,5
2026/02/04/15:57:05,116.591544,0.893969,0.823549,0.893969,0.823549,80,55,67,33,0,0,0,0,13,1,0,5
2026/02/04/15:57:06,117.592237,0.893969,0.823549,0.893969,0.823549,80,55,67,33,0,0,0,0,13,1,0,5
2026/02/04/15:57:07,118.592678,0.893969,0.823549,0.893969,0.823549,80,55,67,33,0,0,0,0,13,1,0,5
2026/02/04/15:57:08,119.593472,0.893969,0.823549,0.893969,0.823549,80,55,67,33,0,0,0,0,13,1,0,5
2026/02/04/15:57:09,120.594269,0.893969,0.823549,0.893969,0.823549,80,55,67,33,0,0,0,0,13,1,0,5
2026/02/04/15:57:10,121.594902,0.893969,0.823549,0.893969,0.823549,80,55,67,33,0,0,0,0,13,1,0,5
2026/02/04/15:57:11,122.595399,0.893969,0.823549,0.893969,0.823549,80,55,67,33,0,0,0,0,13,1,0,5
2026/02/04/15:57:12,123.596066,0.893969,0.823549,0.893969,0.823549,80,55,67,33,0,0,0,0,13,1,0,5
2026/02/04/15:57:13,124.596752,0.893969,0.823549,0.893969,0.823549,80,55,67,33,0,0,0,0,13,1,0,5
2026/02/04/15:57:14,125.597203,0.893969,0.823549,0.893969,0.823549,80,55,67,33,0,0,0,0,13,1,0,5
2026/02/04/15:57:15,126.597695,0.890750,0.818472,0.890750,0.818472,80,54,67,33,0,0,0,0,13,2,0,5
2026/02/04/15:57:16,127.598264,0.890750,0.818472,0.890750,0.818472,80,54,67,33,0,0,0,0,13,2,0,5
2026/02/04/15:57:17,128.598960,0.890750,0.818472,0.890750,0.818472,80,54,67,33,0,0,0,0,13,2,0,5
2026/02/04/15:57:18,129.599642,0.890750,0.818472,0.890750,0.818472,80,54,67,33,0,0,0,0,13,2,0,5
2026/02/04/15:57:19,130.600163,0.890750,0.818472,0.890750,0.818472,80,54,67,33,0,0,0,0,13,2,0,5
2026/02/04/15:57:20,131.600857,0.892625,0.824586,0.892625,0.824586,80,55,67,33,0,0,0,0,13,2,0,5
2026/02/04/15:57:21,132.601423,0.897969,0.835139,0.897969,0.835139,80,58,67,33,0,0,0,0,13,2,0,5
2026/02/04/15:57:22,133.601848,0.904687,0.863417,0.906375,0.873470,81,60,67,33,1,0,0,0,13,2,0,5
2026/02/04/15:57:23,134.602503,0.867563,0.868040,0.867563,0.868040,82,60,64,33,0,0,0,0,13,2,3,5
2026/02/04/15:57:24,135.603137,0.867563,0.868040,0.867563,0.868040,82,60,64,33,0,0,0,0,13,2,3,5
2026/02/04/15:57:25,136.603786,0.867563,0.868040,0.867563,0.868040,82,60,64,33,0,0,0,0,13,2,3,5
2026/02/04/15:57:26,137.604443,0.867563,0.868040,0.867563,0.868040,82,60,64,33,0,0,0,0,13,2,3,5
2026/02/04/15:57:27,138.604964,0.867563,0.868040,0.867563,0.868040,82,60,64,33,0,0,0,0,13,2,3,5
2026/02/04/15:57:28,139.605523,0.867563,0.868040,0.867563,0.868040,82,60,64,33,0,0,0,0,13,2,3,5
2026/02/04/15:57:29,140.606142,0.867563,0.868040,0.867563,0.868040,82,60,64,33,0,0,0,0,13,2,3,5
2026/02/04/15:57:30,141.606728,0.862531,0.849815,0.862531,0.849815,82,58,64,33,0,0,0,0,13,4,3,5
2026/02/04/15:57:31,142.607441,0.862531,0.849815,0.862531,0.849815,82,58,64,33,0,0,0,0,13,4,3,5
2026/02/04/15:57:32,143.607937,0.862531,0.849815,0.862531,0.849815,82,58,64,33,0,0,0,0,13,4,3,5
2026/02/04/15:57:33,144.608748,0.862531,0.849815,0.862531,0.849815,82,58,64,33,0,0,0,0,13,4,3,5
2026/02/04/15:57:34,145.609461,0.862531,0.849815,0.862531,0.849815,82,58,64,33,0,0,0,0,13,4,3,5
2026/02/04/15:57:35,146.609974,0.862531,0.849815,0.862531,0.849815,82,58,64,33,0,0,0,0,13,4,3,5
2026/02/04/15:57:36,147.610647,0.862531,0.849815,0.862531,0.849815,82,58,64,33,0,0,0,0,13,4,3,5
2026/02/04/15:57:37,148.611250,0.862531,0.849815,0.862531,0.849815,82,58,64,33,0,0,0,0,13,4,3,5
2026/02/04/15:57:38,149.611851,0.862531,0.849815,0.862531,0.849815,82,58,64,33,0,0,0,0,13,4,3,5
2026/02/04/15:57:39,150.612341,0.862531,0.849815,0.862531,0.849815,82,58,64,33,0,0,0,0,13,4,3,5
2026/02/04/15:57:40,151.612982,0.862531,0.849815,0.862531,0.849815,82,58,64,33,0,0,0,0,13,4,3,5
2026/02/04/15:57:41,152.613630,0.862531,0.849815,0.862531,0.849815,82,58,64,33,0,0,0,0,13,4,3,5
2026/02/04/15:57:42,153.614083,0.862531,0.849815,0.862531,0.849815,82,58,64,33,0,0,0,0,13,4,3,5
2026/02/04/15:57:43,154.614643,0.862531,0.849815,0.862531,0.849815,82,58,64,33,0,0,0,0,13,4,3,5
2026/02/04/15:57:44,155.615036,0.862531,0.849815,0.862531,0.849815,82,58,64,33,0,0,0,0,13,4,3,5
2026/02/04/15:57:45,156.615544,0.862531,0.849815,0.862531,0.849815,82,58,64,33,0,0,0,0,13,4,3,5
2026/02/04/15:57:46,157.616090,0.862531,0.849815,0.862531,0.849815,82,58,64,33,0,0,0,0,13,4,3,5
2026/02/04/15:57:47,158.616753,0.862531,0.849815,0.862531,0.849815,82,58,64,33,0,0,0,0,13,4,3,5
2026/02/04/15:57:48,159.617329,0.856531,0.834245,0.856531,0.834245,79,58,64,33,0,0,0,0,16,4,3,5
2026/02/04/15:57:49,160.617915,0.856531,0.834245,0.856531,0.834245,79,58,64,33,0,0,0,0,16,4,3,5
2026/02/04/15:57:50,161.618535,0.856531,0.834245,0.856531,0.834245,79,58,64,33,0,0,0,0,16,4,3,5
2026/02/04/15:57:51,162.619253,0.856531,0.834245,0.856531,0.834245,79,58,64,33,0,0,0,0,16,4,3,5
2026/02/04/15:57:52,163.619818,0.856531,0.834245,0.856531,0.834245,79,58,64,33,0,0,0,0,16,4,3,5
2026/02/04/15:57:53,164.620538,0.856531,0.834245,0.856531,0.834245,79,58,64,33,0,0,0,0,16,4,3,5
2026/02/04/15:57:54,165.621181,0.856531,0.834245,0.856531,0.834245,79,58,64,33,0,0,0,0,16,4,3,5
2026/02/04/15:57:55,166.621898,0.856531,0.834245,0.856531,0.834245,79,58,64,33,0,0,0,0,16,4,3,5
2026/02/04/15:57:56,167.622357,0.856531,0.834245,0.856531,0.834245,79,58,64,33,0,0,0,0,16,4,3,5
2026/02/04/15:57:57,168.622880,0.856531,0.834245,0.856531,0.834245,79,58,64,33,0,0,0,0,16,4,3,5
2026/02/04/15:57:58,169.623497,0.856531,0.834245,0.856531,0.834245,79,58,64,33,0,0,0,0,16,4,3,5
2026/02/04/15:57:59,170.624020,0.856531,0.834245,0.856531,0.834245,79,58,64,33,0,0,0,0,16,4,3,5
2026/02/04/15:58:00,171.624571,0.856531,0.834245,0.856531,0.834245,79,58,64,33,0,0,0,0,16,4,3,5
2026/02/04/15:58:01,172.625036,0.856531,0.834245,0.856531,0.834245,79,58,64,33,0,0,0,0,16,4,3,5
2026/02/04/15:58:02,173.625634,0.856531,0.834245,0.856531,0.834245,79,58,64,33,0,0,0,0,16,4,3,5
2026/02/04/15:58:03,174.626119,0.856531,0.834245,0.856531,0.834245,79,58,64,33,0,0,0,0,16,4,3,5
2026/02/04/15:58:04,175.626723,0.856531,0.834245,0.856531,0.834245,79,58,64,33,0,0,0,0,16,4,3,5
2026/02/04/15:58:05,176.627136,0.856531,0.834245,0.856531,0.834245,79,58,64,33,0,0,0,0,16,4,3,5
2026/02/04/15:58:06,177.627564,0.856531,0.834245,0.856531,0.834245,79,58,64,33,0,0,0,0,16,4,3,5
2026/02/04/15:58:07,178.628078,0.856531,0.834245,0.856531,0.834245,79,58,64,33,0,0,0,0,16,4,3,5
2026/02/04/15:58:08,179.628758,0.856531,0.834245,0.856531,0.834245,79,58,64,33,0,0,0,0,16,4,3,5
2026/02/04/15:58:09,180.629359,0.856531,0.834245,0.856531,0.834245,79,58,64,33,0,0,0,0,16,4,3,5
2026/02/04/15:58:10,181.629917,0.856531,0.834245,0.856531,0.834245,79,58,64,33,0,0,0,0,16,4,3,5
2026/02/04/15:58:11,182.630474,0.856531,0.834245,0.856531,0.834245,79,58,64,33,0,0,0,0,16,4,3,5
2026/02/04/15:58:12,183.631043,0.856531,0.834245,0.856531,0.834245,79,58,64,33,0,0,0,0,16,4,3,5
2026/02/04/15:58:13,184.631659,0.856531,0.834245,0.856531,0.834245,79,58,64,33,0,0,0,0,16,4,3,5
2026/02/04/15:58:14,185.632221,0.856531,0.834245,0.856531,0.834245,79,58,64,33,0,0,0,0,16,4,3,5
2026/02/04/15:58:15,186.632752,0.856531,0.834245,0.856531,0.834245,79,58,64,33,0,0,0,0,16,4,3,5
2026/02/04/15:58:16,187.633308,0.856531,0.834245,0.856531,0.834245,79,58,64,33,0,0,0,0,16,4,3,5
2026/02/04/15:58:17,188.633850,0.856531,0.834245,0.856531,0.834245,79,58,64,33,0,0,0,0,16,4,3,5
2026/02/04/15:58:18,189.634565,0.856531,0.834245,0.856531,0.834245,79,58,64,33,0,0,0,0,16,4,3,5
2026/02/04/15:58:19,190.635113,0.856531,0.834245,0.856531,0.834245,79,58,64,33,0,0,0,0,16,4,3,5
2026/02/04/15:58:20,191.635813,0.856531,0.834245,0.856531,0.834245,79,58,64,33,0,0,0,0,16,4,3,5
2026/02/04/15:58:21,192.636525,0.856531,0.834245,0.856531,0.834245,79,58,64,33,0,0,0,0,16,4,3,5
2026/02/04/15:58:22,193.637124,0.856531,0.834245,0.856531,0.834245,79,58,64,33,0,0,0,0,16,4,3,5
2026/02/04/15:58:23,194.637580,0.856531,0.834245,0.856531,0.834245,79,58,64,33,0,0,0,0,16,4,3,5
2026/02/04/15:58:24,195.638156,0.856531,0.834245,0.856531,0.834245,79,58,64,33,0,0,0,0,16,4,3,5
2026/02/04/15:58:25,196.638694,0.850156,0.829890,0.850156,0.829890,79,58,64,32,0,0,0,0,16,4,3,6
2026/02/04/15:58:26,197.639208,0.850156,0.829890,0.850156,0.829890,79,58,64,32,0,0,0,0,16,4,3,6
2026/02/04/15:58:27,198.639845,0.850156,0.829890,0.850156,0.829890,79,58,64,32,0,0,0,0,16,4,3,6
2026/02/04/15:58:28,199.640241,0.850156,0.829890,0.850156,0.829890,79,58,64,32,0,0,0,0,16,4,3,6
2026/02/04/15:58:29,200.640852,0.850156,0.829890,0.850156,0.829890,79,58,64,32,0,0,0,0,16,4,3,6
2026/02/04/15:58:30,201.641434,0.850156,0.829890,0.850156,0.829890,79,58,64,32,0,0,0,0,16,4,3,6
2026/02/04/15:58:31,202.642167,0.850156,0.829890,0.850156,0.829890,79,58,64,32,0,0,0,0,16,4,3,6
2026/02/04/15:58:32,203.642639,0.850156,0.829890,0.850156,0.829890,79,58,64,32,0,0,0,0,16,4,3,6
2026/02/04/15:58:33,204.643331,0.850156,0.829890,0.850156,0.829890,79,58,64,32,0,0,0,0,16,4,3,6
2026/02/04/15:58:34,205.643803,0.850156,0.829890,0.850156,0.829890,79,58,64,32,0,0,0,0,16,4,3,6
2026/02/04/15:58:35,206.644277,0.850156,0.829890,0.850156,0.829890,79,58,64,32,0,0,0,0,16,4,3,6
2026/02/04/15:58:36,207.644937,0.850156,0.829890,0.850156,0.829890,79,58,64,32,0,0,0,0,16,4,3,6
2026/02/04/15:58:37,208.645459,0.850156,0.829890,0.850156,0.829890,79,58,64,32,0,0,0,0,16,4,3,6
2026/02/04/15:58:38,209.645991,0.850156,0.829890,0.850156,0.829890,79,58,64,32,0,0,0,0,16,4,3,6
2026/02/04/15:58:39,210.646533,0.850156,0.829890,0.850156,0.829890,79,58,64,32,0,0,0,0,16,4,3,6
2026/02/04/15:58:40,211.647020,0.850156,0.829890,0.850156,0.829890,79,58,64,32,0,0,0,0,16,4,3,6
2026/02/04/15:58:41,212.647545,0.850156,0.829890,0.850156,0.829890,79,58,64,32,0,0,0,0,16,4,3,6
2026/02/04/15:58:42,213.648129,0.850156,0.829890,0.850156,0.829890,79,58,64,32,0,0,0,0,16,4,3,6
2026/02/04/15:58:43,214.648614,0.850156,0.829890,0.850156,0.829890,79,58,64,32,0,0,0,0,16,4,3,6
2026/02/04/15:58:44,215.649012,0.850156,0.829890,0.850156,0.829890,79,58,64,32,0,0,0,0,16,4,3,6
2026/02/04/15:58:45,216.649493,0.850156,0.829890,0.850156,0.829890,79,58,64,32,0,0,0,0,16,4,3,6
2026/02/04/15:58:46,217.650110,0.850156,0.829890,0.850156,0.829890,79,58,64,32,0,0,0,0,16,4,3,6
2026/02/04/15:58:47,218.650710,0.850156,0.829890,0.850156,0.829890,79,58,64,32,0,0,0,0,16,4,3,6
2026/02/04/15:58:48,219.651328,0.850156,0.829890,0.850156,0.829890,79,58,64,32,0,0,0,0,16,4,3,6
2026/02/04/15:58:49,220.651847,0.850156,0.829890,0.850156,0.829890,79,58,64,32,0,0,0,0,16,4,3,6
2026/02/04/15:58:50,221.652510,0.850156,0.829890,0.850156,0.829890,79,58,64,32,0,0,0,0,16,4,3,6
2026/02/04/15:58:51,222.653007,0.850156,0.829890,0.850156,0.829890,79,58,64,32,0,0,0,0,16,4,3,6
2026/02/04/15:58:52,223.653586,0.850156,0.829890,0.850156,0.829890,79,58,64,32,0,0,0,0,16,4,3,6
2026/02/04/15:58:53,224.654109,0.850156,0.829890,0.850156,0.829890,79,58,64,32,0,0,0,0,16,4,3,6
2026/02/04/15:58:54,225.654809,0.850156,0.829890,0.850156,0.829890,79,58,64,32,0,0,0,0,16,4,3,6
2026/02/04/15:58:55,226.655268,0.850156,0.829890,0.850156,0.829890,79,58,64,32,0,0,0,0,16,4,3,6
2026/02/04/15:58:56,227.655854,0.850156,0.829890,0.850156,0.829890,79,58,64,32,0,0,0,0,16,4,3,6
2026/02/04/15:58:57,228.656559,0.850156,0.829890,0.850156,0.829890,79,58,64,32,0,0,0,0,16,4,3,6
2026/02/04/15:58:58,229.657038,0.850156,0.829890,0.850156,0.829890,79,58,64,32,0,0,0,0,16,4,3,6
2026/02/04/15:58:59,230.657521,0.850156,0.829890,0.850156,0.829890,79,58,64,32,0,0,0,0,16,4,3,6
2026/02/04/15:59:00,231.658155,0.850156,0.829890,0.850156,0.829890,79,58,64,32,0,0,0,0,16,4,3,6
2026/02/04/15:59:01,232.658695,0.850156,0.829890,0.850156,0.829890,79,58,64,32,0,0,0,0,16,4,3,6
2026/02/04/15:59:02,233.659387,0.850156,0.829890,0.850156,0.829890,79,58,64,32,0,0,0,0,16,4,3,6
2026/02/04/15:59:03,234.660048,0.850156,0.829890,0.850156,0.829890,79,58,64,32,0,0,0,0,16,4,3,6
2026/02/04/15:59:04,235.660543,0.850156,0.829890,0.850156,0.829890,79,58,64,32,0,0,0,0,16,4,3,6
2026/02/04/15:59:05,236.661222,0.836375,0.824869,0.836375,0.824869,79,55,64,32,0,0,0,0,16,7,3,6
2026/02/04/15:59:06,237.661703,0.833000,0.804763,0.833000,0.804763,77,55,64,32,0,0,0,0,18,7,3,6
2026/02/04/15:59:07,238.662218,0.833000,0.804763,0.833000,0.804763,77,55,64,32,0,0,0,0,18,7,3,6
2026/02/04/15:59:08,239.662904,0.833000,0.804763,0.833000,0.804763,77,55,64,32,0,0,0,0,18,7,3,6
2026/02/04/15:59:09,240.663470,0.833000,0.804763,0.833000,0.804763,77,55,64,32,0,0,0,0,18,7,3,6
2026/02/04/15:59:10,241.663934,0.833000,0.804763,0.833000,0.804763,77,55,64,32,0,0,0,0,18,7,3,6
2026/02/04/15:59:11,242.664629,0.833000,0.804763,0.833000,0.804763,77,55,64,32,0,0,0,0,18,7,3,6
2026/02/04/15:59:12,243.665221,0.833000,0.804763,0.833000,0.804763,77,55,64,32,0,0,0,0,18,7,3,6
2026/02/04/15:59:13,244.665844,0.833000,0.804763,0.833000,0.804763,77,55,64,32,0,0,0,0,18,7,3,6
2026/02/04/15:59:14,245.666255,0.829250,0.801101,0.829250,0.801101,77,55,64,30,0,0,0,0,18,7,3,8
2026/02/04/15:59:15,246.666772,0.829250,0.801101,0.829250,0.801101,77,55,64,30,0,0,0,0,18,7,3,8
2026/02/04/15:59:16,247.667350,0.829250,0.801101,0.829250,0.801101,77,55,64,30,0,0,0,0,18,7,3,8
2026/02/04/15:59:17,248.667917,0.829250,0.801101,0.829250,0.801101,77,55,64,30,0,0,0,0,18,7,3,8
2026/02/04/15:59:18,249.668546,0.829250,0.801101,0.829250,0.801101,77,55,64,30,0,0,0,0,18,7,3,8
2026/02/04/15:59:19,250.669210,0.829250,0.801101,0.829250,0.801101,77,55,64,30,0,0,0,0,18,7,3,8
2026/02/04/15:59:20,251.670052,0.829250,0.801101,0.829250,0.801101,77,55,64,30,0,0,0,0,18,7,3,8
2026/02/04/15:59:21,252.670757,0.829250,0.801101,0.829250,0.801101,77,55,64,30,0,0,0,0,18,7,3,8
2026/02/04/15:59:22,253.671407,0.829250,0.801101,0.829250,0.801101,77,55,64,30,0,0,0,0,18,7,3,8
2026/02/04/15:59:23,254.671921,0.829250,0.801101,0.829250,0.801101,77,55,64,30,0,0,0,0,18,7,3,8
2026/02/04/15:59:24,255.672611,0.829250,0.801101,0.829250,0.801101,77,55,64,30,0,0,0,0,18,7,3,8
2026/02/04/15:59:25,256.673166,0.829250,0.801101,0.829250,0.801101,77,55,64,30,0,0,0,0,18,7,3,8
2026/02/04/15:59:26,257.673721,0.829250,0.801101,0.829250,0.801101,77,55,64,30,0,0,0,0,18,7,3,8
2026/02/04/15:59:27,258.674615,0.829250,0.801101,0.829250,0.801101,77,55,64,30,0,0,0,0,18,7,3,8
2026/02/04/15:59:28,259.675036,0.829250,0.801101,0.829250,0.801101,77,55,64,30,0,0,0,0,18,7,3,8
2026/02/04/15:59:29,260.675659,0.829250,0.801101,0.829250,0.801101,77,55,64,30,0,0,0,0,18,7,3,8
2026/02/04/15:59:30,261.676322,0.829250,0.801101,0.829250,0.801101,77,55,64,30,0,0,0,0,18,7,3,8
2026/02/04/15:59:31,262.679804,0.833313,0.829249,0.833313,0.829249,79,55,64,30,0,0,0,0,18,7,3,8
2026/02/04/15:59:32,263.680258,0.833313,0.829249,0.833313,0.829249,79,55,64,30,0,0,0,0,18,7,3,8
2026/02/04/15:59:33,264.680930,0.833313,0.829249,0.833313,0.829249,79,55,64,30,0,0,0,0,18,7,3,8
2026/02/04/15:59:34,265.681652,0.829250,0.801101,0.829250,0.801101,77,55,64,30,0,0,0,0,20,7,3,8
2026/02/04/15:59:35,266.682195,0.829250,0.801101,0.829250,0.801101,77,55,64,30,0,0,0,0,20,7,3,8
2026/02/04/15:59:36,267.682789,0.829250,0.801101,0.829250,0.801101,77,55,64,30,0,0,0,0,20,7,3,8
2026/02/04/15:59:37,268.683501,0.829250,0.801101,0.829250,0.801101,77,55,64,30,0,0,0,0,20,7,3,8
2026/02/04/15:59:38,269.684188,0.829250,0.801101,0.829250,0.801101,77,55,64,30,0,0,0,0,20,7,3,8
2026/02/04/15:59:39,270.684784,0.829250,0.801101,0.829250,0.801101,77,55,64,30,0,0,0,0,20,7,3,8
2026/02/04/15:59:40,271.685479,0.829250,0.801101,0.829250,0.801101,77,55,64,30,0,0,0,0,20,7,3,8
2026/02/04/15:59:41,272.686177,0.829250,0.801101,0.829250,0.801101,77,55,64,30,0,0,0,0,20,7,3,8
2026/02/04/15:59:42,273.686807,0.829250,0.801101,0.829250,0.801101,77,55,64,30,0,0,0,0,20,7,3,8
2026/02/04/15:59:43,274.687313,0.829250,0.801101,0.829250,0.801101,77,55,64,30,0,0,0,0,20,7,3,8
2026/02/04/15:59:44,275.687822,0.829250,0.801101,0.829250,0.801101,77,55,64,30,0,0,0,0,20,7,3,8
2026/02/04/15:59:45,276.688207,0.829250,0.801101,0.829250,0.801101,77,55,64,30,0,0,0,0,20,7,3,8
2026/02/04/15:59:46,277.688802,0.829250,0.801101,0.829250,0.801101,77,55,64,30,0,0,0,0,20,7,3,8
2026/02/04/15:59:47,278.689311,0.829250,0.801101,0.829250,0.801101,77,55,64,30,0,0,0,0,20,7,3,8
2026/02/04/15:59:48,279.689986,0.829250,0.801101,0.829250,0.801101,77,55,64,30,0,0,0,0,20,7,3,8
2026/02/04/15:59:49,280.690526,0.829250,0.801101,0.829250,0.801101,77,55,64,30,0,0,0,0,20,7,3,8
2026/02/04/15:59:50,281.691108,0.829250,0.801101,0.829250,0.801101,77,55,64,30,0,0,0,0,20,7,3,8
2026/02/04/15:59:51,282.691560,0.829250,0.801101,0.829250,0.801101,77,55,64,30,0,0,0,0,20,7,3,8
2026/02/04/15:59:52,283.692154,0.829250,0.801101,0.829250,0.801101,77,55,64,30,0,0,0,0,20,7,3,8
2026/02/04/15:59:53,284.692854,0.829250,0.801101,0.829250,0.801101,77,55,64,30,0,0,0,0,20,7,3,8
2026/02/04/15:59:54,285.693455,0.829250,0.801101,0.829250,0.801101,77,55,64,30,0,0,0,0,20,7,3,8
2026/02/04/15:59:55,286.694159,0.829250,0.801101,0.829250,0.801101,77,55,64,30,0,0,0,0,20,7,3,8
2026/02/04/15:59:56,287.694719,0.829250,0.801101,0.829250,0.801101,77,55,64,30,0,0,0,0,20,7,3,8
2026/02/04/15:59:57,288.695415,0.829250,0.801101,0.829250,0.801101,77,55,64,30,0,0,0,0,20,7,3,8
2026/02/04/15:59:58,289.696038,0.829250,0.801101,0.829250,0.801101,77,55,64,30,0,0,0,0,20,7,3,8
2026/02/04/15:59:59,290.696711,0.829250,0.801101,0.829250,0.801101,77,55,64,30,0,0,0,0,20,7,3,8
2026/02/04/16:00:00,291.697172,0.829250,0.801101,0.829250,0.801101,77,55,64,30,0,0,0,0,20,7,3,8
2026/02/04/16:00:01,292.697714,0.829250,0.801101,0.829250,0.801101,77,55,64,30,0,0,0,0,20,7,3,8
2026/02/04/16:00:02,293.698437,0.829250,0.801101,0.829250,0.801101,77,55,64,30,0,0,0,0,20,7,3,8
2026/02/04/16:00:03,294.699122,0.829250,0.801101,0.829250,0.801101,77,55,64,30,0,0,0,0,20,7,3,8
2026/02/04/16:00:04,295.699744,0.829250,0.801101,0.829250,0.801101,77,55,64,30,0,0,0,0,20,7,3,8
2026/02/04/16:00:05,296.700407,0.829250,0.801101,0.829250,0.801101,77,55,64,30,0,0,0,0,20,7,3,8
2026/02/04/16:00:06,297.701138,0.829250,0.801101,0.829250,0.801101,77,55,64,30,0,0,0,0,20,7,3,8
2026/02/04/16:00:07,298.701776,0.829250,0.801101,0.829250,0.801101,77,55,64,30,0,0,0,0,20,7,3,8
2026/02/04/16:00:08,299.702311,0.829250,0.801101,0.829250,0.801101,77,55,64,30,0,0,0,0,20,7,3,8
2026/02/04/16:00:09,300.702898,0.829250,0.801101,0.829250,0.801101,77,55,64,30,0,0,0,0,20,7,3,8
2026/02/04/16:00:10,301.703436,0.829250,0.801101,0.829250,0.801101,77,55,64,30,0,0,0,0,20,7,3,8
2026/02/04/16:00:11,302.703978,0.829250,0.801101,0.829250,0.801101,77,55,64,30,0,0,0,0,20,7,3,8
2026/02/04/16:00:12,303.704418,0.829250,0.801101,0.829250,0.801101,77,55,64,30,0,0,0,0,20,7,3,8
2026/02/04/16:00:13,304.704978,0.829250,0.801101,0.829250,0.801101,77,55,64,30,0,0,0,0,20,7,3,8
2026/02/04/16:00:14,305.705596,0.829250,0.801101,0.829250,0.801101,77,55,64,30,0,0,0,0,20,7,3,8
2026/02/04/16:00:15,306.706215,0.829250,0.801101,0.829250,0.801101,77,55,64,30,0,0,0,0,20,7,3,8
2026/02/04/16:00:16,307.706809,0.829250,0.801101,0.829250,0.801101,77,55,64,30,0,0,0,0,20,7,3,8
2026/02/04/16:00:17,308.707438,0.829250,0.801101,0.829250,0.801101,77,55,64,30,0,0,0,0,20,7,3,8
2026/02/04/16:00:18,309.707987,0.829250,0.801101,0.829250,0.801101,77,55,64,30,0,0,0,0,20,7,3,8
2026/02/04/16:00:19,310.708566,0.829250,0.801101,0.829250,0.801101,77,55,64,30,0,0,0,0,20,7,3,8
2026/02/04/16:00:20,311.709280,0.829250,0.801101,0.829250,0.801101,77,55,64,30,0,0,0,0,20,7,3,8
2026/02/04/16:00:21,312.709905,0.829250,0.801101,0.829250,0.801101,77,55,64,30,0,0,0,0,20,7,3,8
2026/02/04/16:00:22,313.710541,0.829250,0.801101,0.829250,0.801101,77,55,64,30,0,0,0,0,20,7,3,8
2026/02/04/16:00:23,314.711210,0.829250,0.801101,0.829250,0.801101,77,55,64,30,0,0,0,0,20,7,3,8
2026/02/04/16:00:24,315.711814,0.829250,0.801101,0.829250,0.801101,77,55,64,30,0,0,0,0,20,7,3,8
2026/02/04/16:00:25,316.713992,0.829250,0.801101,0.829250,0.801101,77,55,64,30,0,0,0,0,20,7,3,8
2026/02/04/16:00:26,317.714578,0.829250,0.801101,0.829250,0.801101,77,55,64,30,0,0,0,0,20,7,3,8
2026/02/04/16:00:27,318.715187,0.829250,0.801101,0.829250,0.801101,77,55,64,30,0,0,0,0,20,7,3,8
2026/02/04/16:00:28,319.715761,0.829250,0.801101,0.829250,0.801101,77,55,64,30,0,0,0,0,20,7,3,8
2026/02/04/16:00:29,320.716452,0.829250,0.801101,0.829250,0.801101,77,55,64,30,0,0,0,0,20,7,3,8
2026/02/04/16:00:30,321.717129,0.829250,0.801101,0.829250,0.801101,77,55,64,30,0,0,0,0,20,7,3,8
2026/02/04/16:00:31,322.717701,0.829250,0.801101,0.829250,0.801101,77,55,64,30,0,0,0,0,20,7,3,8
2026/02/04/16:00:32,323.718296,0.829250,0.801101,0.829250,0.801101,77,55,64,30,0,0,0,0,20,7,3,8
2026/02/04/16:00:33,324.718934,0.829250,0.801101,0.829250,0.801101,77,55,64,30,0,0,0,0,20,7,3,8
2026/02/04/16:00:34,325.719501,0.829250,0.801101,0.829250,0.801101,77,55,64,30,0,0,0,0,20,7,3,8
2026/02/04/16:00:35,326.720134,0.829250,0.801101,0.829250,0.801101,77,55,64,30,0,0,0,0,20,7,3,8
2026/02/04/16:00:36,327.720690,0.829250,0.801101,0.829250,0.801101,77,55,64,30,0,0,0,0,20,7,3,8
2026/02/04/16:00:37,328.721293,0.829250,0.801101,0.829250,0.801101,77,55,64,30,0,0,0,0,20,7,3,8
2026/02/04/16:00:38,329.721969,0.829250,0.801101,0.829250,0.801101,77,55,64,30,0,0,0,0,20,7,3,8
2026/02/04/16:00:39,330.722526,0.829250,0.801101,0.829250,0.801101,77,55,64,30,0,0,0,0,20,7,3,8
2026/02/04/16:00:40,331.722922,0.829250,0.801101,0.829250,0.801101,77,55,64,30,0,0,0,0,20,7,3,8
2026/02/04/16:00:41,332.723577,0.829250,0.801101,0.829250,0.801101,77,55,64,30,0,0,0,0,20,7,3,8
2026/02/04/16:00:42,333.724127,0.829250,0.801101,0.829250,0.801101,77,55,64,30,0,0,0,0,20,7,3,8
2026/02/04/16:00:43,334.724749,0.829250,0.801101,0.829250,0.801101,77,55,64,30,0,0,0,0,20,7,3,8
2026/02/04/16:00:44,335.725246,0.829250,0.801101,0.829250,0.801101,77,55,64,30,0,0,0,0,20,7,3,8
2026/02/04/16:00:45,336.725873,0.829250,0.801101,0.829250,0.801101,77,55,64,30,0,0,0,0,20,7,3,8
2026/02/04/16:00:46,337.726515,0.829250,0.801101,0.829250,0.801101,77,55,64,30,0,0,0,0,20,7,3,8
2026/02/04/16:00:47,338.727091,0.829250,0.801101,0.829250,0.801101,77,55,64,30,0,0,0,0,20,7,3,8
2026/02/04/16:00:48,339.727817,0.829250,0.801101,0.829250,0.801101,77,55,64,30,0,0,0,0,20,7,3,8
2026/02/04/16:00:49,340.728370,0.829250,0.801101,0.829250,0.801101,77,55,64,30,0,0,0,0,20,7,3,8
2026/02/04/16:00:50,341.729009,0.829250,0.801101,0.829250,0.801101,77,55,64,30,0,0,0,0,20,7,3,8
2026/02/04/16:00:51,342.729596,0.829250,0.801101,0.829250,0.801101,77,55,64,30,0,0,0,0,20,7,3,8
2026/02/04/16:00:52,343.730085,0.829250,0.801101,0.829250,0.801101,77,55,64,30,0,0,0,0,20,7,3,8
2026/02/04/16:00:53,344.730612,0.829250,0.801101,0.829250,0.801101,77,55,64,30,0,0,0,0,20,7,3,8
2026/02/04/16:00:54,345.731266,0.829250,0.801101,0.829250,0.801101,77,55,64,30,0,0,0,0,20,7,3,8
2026/02/04/16:00:55,346.731918,0.817719,0.795077,0.817719,0.795077,77,52,64,30,0,0,0,0,20,10,3,8
2026/02/04/16:00:56,347.732601,0.817719,0.795077,0.817719,0.795077,77,52,64,30,0,0,0,0,20,10,3,8
2026/02/04/16:00:57,348.733263,0.817719,0.795077,0.817719,0.795077,77,52,64,30,0,0,0,0,20,10,3,8
2026/02/04/16:00:58,349.733897,0.817719,0.795077,0.817719,0.795077,77,52,64,30,0,0,0,0,20,10,3,8
2026/02/04/16:00:59,350.734404,0.817719,0.795077,0.817719,0.795077,77,52,64,30,0,0,0,0,20,10,3,8
2026/02/04/16:01:00,351.735023,0.817719,0.795077,0.817719,0.795077,77,52,64,30,0,0,0,0,20,10,3,8
2026/02/04/16:01:01,352.735711,0.817719,0.795077,0.817719,0.795077,77,52,64,30,0,0,0,0,20,10,3,8
2026/02/04/16:01:02,353.736413,0.817719,0.795077,0.817719,0.795077,77,52,64,30,0,0,0,0,20,10,3,8
2026/02/04/16:01:03,354.736984,0.817719,0.795077,0.817719,0.795077,77,52,64,30,0,0,0,0,20,10,3,8
2026/02/04/16:01:04,355.737492,0.817719,0.795077,0.817719,0.795077,77,52,64,30,0,0,0,0,20,10,3,8
2026/02/04/16:01:05,356.738037,0.817719,0.795077,0.817719,0.795077,77,52,64,30,0,0,0,0,20,10,3,8
2026/02/04/16:01:06,357.738634,0.817719,0.795077,0.817719,0.795077,77,52,64,30,0,0,0,0,20,10,3,8
2026/02/04/16:01:07,358.739251,0.817719,0.795077,0.817719,0.795077,77,52,64,30,0,0,0,0,20,10,3,8
2026/02/04/16:01:08,359.739783,0.817719,0.795077,0.817719,0.795077,77,52,64,30,0,0,0,0,20,10,3,8
2026/02/04/16:01:09,360.740532,0.817719,0.795077,0.817719,0.795077,77,52,64,30,0,0,0,0,20,10,3,8
2026/02/04/16:01:10,361.741056,0.817719,0.795077,0.817719,0.795077,77,52,64,30,0,0,0,0,20,10,3,8
2026/02/04/16:01:11,362.741660,0.817719,0.795077,0.817719,0.795077,77,52,64,30,0,0,0,0,20,10,3,8
2026/02/04/16:01:12,363.742101,0.817719,0.795077,0.817719,0.795077,77,52,64,30,0,0,0,0,20,10,3,8
2026/02/04/16:01:13,364.742587,0.807781,0.783555,0.807781,0.783555,74,52,64,30,0,0,0,0,23,10,3,8
2026/02/04/16:01:14,365.743092,0.807781,0.783555,0.807781,0.783555,74,52,64,30,0,0,0,0,23,10,3,8
2026/02/04/16:01:15,366.743580,0.807781,0.783555,0.807781,0.783555,74,52,64,30,0,0,0,0,23,10,3,8
2026/02/04/16:01:16,367.744151,0.807781,0.783555,0.807781,0.783555,74,52,64,30,0,0,0,0,23,10,3,8
2026/02/04/16:01:17,368.744587,0.807781,0.783555,0.807781,0.783555,74,52,64,30,0,0,0,0,23,10,3,8
2026/02/04/16:01:18,369.745131,0.807781,0.783555,0.807781,0.783555,74,52,64,30,0,0,0,0,23,10,3,8
2026/02/04/16:01:19,370.745679,0.807781,0.783555,0.807781,0.783555,74,52,64,30,0,0,0,0,23,10,3,8
2026/02/04/16:01:20,371.746385,0.807781,0.783555,0.807781,0.783555,74,52,64,30,0,0,0,0,23,10,3,8
2026/02/04/16:01:21,372.747584,0.807781,0.783555,0.807781,0.783555,74,52,64,30,0,0,0,0,23,10,3,8
2026/02/04/16:01:22,373.748202,0.807781,0.783555,0.807781,0.783555,74,52,64,30,0,0,0,0,23,10,3,8
2026/02/04/16:01:23,374.748766,0.807781,0.783555,0.807781,0.783555,74,52,64,30,0,0,0,0,23,10,3,8
2026/02/04/16:01:24,375.749377,0.807781,0.783555,0.807781,0.783555,74,52,64,30,0,0,0,0,23,10,3,8
2026/02/04/16:01:25,376.749889,0.807781,0.783555,0.807781,0.783555,74,52,64,30,0,0,0,0,23,10,3,8
2026/02/04/16:01:26,377.750543,0.807781,0.783555,0.807781,0.783555,74,52,64,30,0,0,0,0,23,10,3,8
2026/02/04/16:01:27,378.751326,0.807781,0.783555,0.807781,0.783555,74,52,64,30,0,0,0,0,23,10,3,8
2026/02/04/16:01:28,379.751806,0.807781,0.783555,0.807781,0.783555,74,52,64,30,0,0,0,0,23,10,3,8
2026/02/04/16:01:29,380.752496,0.807781,0.783555,0.807781,0.783555,74,52,64,30,0,0,0,0,23,10,3,8
2026/02/04/16:01:30,381.753214,0.807781,0.783555,0.807781,0.783555,74,52,64,30,0,0,0,0,23,10,3,8
2026/02/04/16:01:31,382.753762,0.807781,0.783555,0.807781,0.783555,74,52,64,30,0,0,0,0,23,10,3,8
2026/02/04/16:01:32,383.754291,0.807781,0.783555,0.807781,0.783555,74,52,64,30,0,0,0,0,23,10,3,8
2026/02/04/16:01:33,384.754881,0.807781,0.783555,0.807781,0.783555,74,52,64,30,0,0,0,0,23,10,3,8
2026/02/04/16:01:34,385.755534,0.807781,0.783555,0.807781,0.783555,74,52,64,30,0,0,0,0,23,10,3,8
2026/02/04/16:01:35,386.756262,0.807781,0.783555,0.807781,0.783555,74,52,64,30,0,0,0,0,23,10,3,8
2026/02/04/16:01:36,387.756920,0.807781,0.783555,0.807781,0.783555,74,52,64,30,0,0,0,0,23,10,3,8
2026/02/04/16:01:37,388.757532,0.807781,0.783555,0.807781,0.783555,74,52,64,30,0,0,0,0,23,10,3,8
2026/02/04/16:01:38,389.758363,0.807781,0.783555,0.807781,0.783555,74,52,64,30,0,0,0,0,23,10,3,8
2026/02/04/16:01:39,390.759154,0.807781,0.783555,0.807781,0.783555,74,52,64,30,0,0,0,0,23,10,3,8
2026/02/04/16:01:40,391.759777,0.807781,0.783555,0.807781,0.783555,74,52,64,30,0,0,0,0,23,10,3,8
2026/02/04/16:01:41,392.760383,0.807781,0.783555,0.807781,0.783555,74,52,64,30,0,0,0,0,23,10,3,8
2026/02/04/16:01:42,393.760987,0.807781,0.783555,0.807781,0.783555,74,52,64,30,0,0,0,0,23,10,3,8
2026/02/04/16:01:43,394.761691,0.807781,0.783555,0.807781,0.783555,74,52,64,30,0,0,0,0,23,10,3,8
2026/02/04/16:01:44,395.762215,0.807781,0.783555,0.807781,0.783555,74,52,64,30,0,0,0,0,23,10,3,8
2026/02/04/16:01:45,396.762741,0.807781,0.783555,0.807781,0.783555,74,52,64,30,0,0,0,0,23,10,3,8
2026/02/04/16:01:46,397.763497,0.807781,0.783555,0.807781,0.783555,74,52,64,30,0,0,0,0,23,10,3,8
2026/02/04/16:01:47,398.764102,0.807781,0.783555,0.807781,0.783555,74,52,64,30,0,0,0,0,23,10,3,8
2026/02/04/16:01:48,399.764520,0.807781,0.783555,0.807781,0.783555,74,52,64,30,0,0,0,0,23,10,3,8
2026/02/04/16:01:49,400.765167,0.807781,0.783555,0.807781,0.783555,74,52,64,30,0,0,0,0,23,10,3,8
2026/02/04/16:01:50,401.765720,0.807781,0.783555,0.807781,0.783555,74,52,64,30,0,0,0,0,23,10,3,8
2026/02/04/16:01:51,402.766458,0.807781,0.783555,0.807781,0.783555,74,52,64,30,0,0,0,0,23,10,3,8
2026/02/04/16:01:52,403.767067,0.803719,0.780330,0.803719,0.780330,72,52,64,30,0,0,0,0,25,10,3,8
2026/02/04/16:01:53,404.767618,0.803719,0.780330,0.803719,0.780330,72,52,64,30,0,0,0,0,25,10,3,8
2026/02/04/16:01:54,405.768287,0.803719,0.780330,0.803719,0.780330,72,52,64,30,0,0,0,0,25,10,3,8
2026/02/04/16:01:55,406.768968,0.798375,0.769778,0.798375,0.769778,72,49,64,30,0,0,0,0,25,13,3,8
2026/02/04/16:01:56,407.769577,0.798375,0.769778,0.798375,0.769778,72,49,64,30,0,0,0,0,25,13,3,8
2026/02/04/16:01:57,408.770158,0.798375,0.769778,0.798375,0.769778,72,49,64,30,0,0,0,0,25,13,3,8
2026/02/04/16:01:58,409.770730,0.798375,0.769778,0.798375,0.769778,72,49,64,30,0,0,0,0,25,13,3,8
2026/02/04/16:01:59,410.771380,0.798375,0.769778,0.798375,0.769778,72,49,64,30,0,0,0,0,25,13,3,8
2026/02/04/16:02:00,411.771991,0.798375,0.769778,0.798375,0.769778,72,49,64,30,0,0,0,0,25,13,3,8
2026/02/04/16:02:01,412.772636,0.798375,0.769778,0.798375,0.769778,72,49,64,30,0,0,0,0,25,13,3,8
2026/02/04/16:02:02,413.773174,0.875687,0.807086,0.875687,0.807086,73,52,69,33,0,0,0,0,26,13,3,8
2026/02/04/16:02:03,414.773777,0.886188,0.816184,0.886188,0.816184,75,53,70,33,0,0,0,0,26,13,3,8
2026/02/04/16:02:04,415.774247,0.886188,0.816184,0.886188,0.816184,75,53,70,33,0,0,0,0,26,13,3,8
2026/02/04/16:02:05,416.774747,0.886188,0.816184,0.886188,0.816184,75,53,70,33,0,0,0,0,26,13,3,8
2026/02/04/16:02:06,417.775283,0.886188,0.816184,0.886188,0.816184,75,53,70,33,0,0,0,0,26,13,3,8
2026/02/04/16:02:07,418.775872,0.882938,0.812225,0.882938,0.812225,75,53,70,32,0,0,0,0,26,13,3,9
2026/02/04/16:02:08,419.776534,0.876844,0.801503,0.876844,0.801503,75,53,67,32,0,0,0,0,26,13,6,9
2026/02/04/16:02:09,420.777163,0.876844,0.801503,0.876844,0.801503,75,53,67,32,0,0,0,0,26,13,6,9
2026/02/04/16:02:10,421.777694,0.876844,0.801503,0.876844,0.801503,75,53,67,32,0,0,0,0,26,13,6,9
2026/02/04/16:02:11,422.778236,0.870000,0.796142,0.870000,0.796142,72,53,67,32,0,0,0,0,29,13,6,9
2026/02/04/16:02:12,423.778932,0.870000,0.796142,0.870000,0.796142,72,53,67,32,0,0,0,0,29,13,6,9
2026/02/04/16:02:13,424.779569,0.870000,0.796142,0.870000,0.796142,72,53,67,32,0,0,0,0,29,13,6,9
2026/02/04/16:02:14,425.779979,0.870000,0.796142,0.870000,0.796142,72,53,67,32,0,0,0,0,29,13,6,9
2026/02/04/16:02:15,426.780579,0.870000,0.796142,0.870000,0.796142,72,53,67,32,0,0,0,0,29,13,6,9
2026/02/04/16:02:16,427.781256,0.870000,0.796142,0.870000,0.796142,72,53,67,32,0,0,0,0,29,13,6,9
2026/02/04/16:02:17,428.781970,0.870000,0.796142,0.870000,0.796142,72,53,67,32,0,0,0,0,29,13,6,9
2026/02/04/16:02:18,429.782652,0.870000,0.796142,0.870000,0.796142,72,53,67,32,0,0,0,0,29,13,6,9
2026/02/04/16:02:19,430.783250,0.870000,0.796142,0.870000,0.796142,72,53,67,32,0,0,0,0,29,13,6,9
2026/02/04/16:02:20,431.783749,0.870000,0.796142,0.870000,0.796142,72,53,67,32,0,0,0,0,29,13,6,9
2026/02/04/16:02:21,432.784403,0.870000,0.796142,0.870000,0.796142,72,53,67,32,0,0,0,0,29,13,6,9
2026/02/04/16:02:22,433.785054,0.870000,0.796142,0.870000,0.796142,72,53,67,32,0,0,0,0,29,13,6,9
2026/02/04/16:02:23,434.785676,0.870000,0.796142,0.870000,0.796142,72,53,67,32,0,0,0,0,29,13,6,9
2026/02/04/16:02:24,435.786183,0.870000,0.796142,0.870000,0.796142,72,53,67,32,0,0,0,0,29,13,6,9
2026/02/04/16:02:25,436.786928,0.870000,0.796142,0.870000,0.796142,72,53,67,32,0,0,0,0,29,13,6,9
2026/02/04/16:02:26,437.787604,0.870000,0.796142,0.870000,0.796142,72,53,67,32,0,0,0,0,29,13,6,9
2026/02/04/16:02:27,438.788157,0.870000,0.796142,0.870000,0.796142,72,53,67,32,0,0,0,0,29,13,6,9
2026/02/04/16:02:28,439.788718,0.870000,0.796142,0.870000,0.796142,72,53,67,32,0,0,0,0,29,13,6,9
2026/02/04/16:02:29,440.789279,0.870000,0.796142,0.870000,0.796142,72,53,67,32,0,0,0,0,29,13,6,9
2026/02/04/16:02:30,441.790066,0.870000,0.796142,0.870000,0.796142,72,53,67,32,0,0,0,0,29,13,6,9
2026/02/04/16:02:31,442.790688,0.870000,0.796142,0.870000,0.796142,72,53,67,32,0,0,0,0,29,13,6,9
2026/02/04/16:02:32,443.791285,0.870000,0.796142,0.870000,0.796142,72,53,67,32,0,0,0,0,29,13,6,9
2026/02/04/16:02:33,444.791753,0.870000,0.796142,0.870000,0.796142,72,53,67,32,0,0,0,0,29,13,6,9
2026/02/04/16:02:34,445.792342,0.870000,0.796142,0.870000,0.796142,72,53,67,32,0,0,0,0,29,13,6,9
2026/02/04/16:02:35,446.792849,0.861125,0.792369,0.861125,0.792369,72,53,66,32,0,0,0,0,29,13,7,9
2026/02/04/16:02:36,447.793458,0.861125,0.792369,0.861125,0.792369,72,53,66,32,0,0,0,0,29,13,7,9
2026/02/04/16:02:37,448.794017,0.861125,0.792369,0.861125,0.792369,72,53,66,32,0,0,0,0,29,13,7,9
2026/02/04/16:02:38,449.794593,0.861125,0.792369,0.861125,0.792369,72,53,66,32,0,0,0,0,29,13,7,9
2026/02/04/16:02:39,450.795250,0.861125,0.792369,0.861125,0.792369,72,53,66,32,0,0,0,0,29,13,7,9
2026/02/04/16:02:40,451.795759,0.861125,0.792369,0.861125,0.792369,72,53,66,32,0,0,0,0,29,13,7,9
2026/02/04/16:02:41,452.796433,0.861125,0.792369,0.861125,0.792369,72,53,66,32,0,0,0,0,29,13,7,9
2026/02/04/16:02:42,453.796899,0.861125,0.792369,0.861125,0.792369,72,53,66,32,0,0,0,0,29,13,7,9
2026/02/04/16:02:43,454.797460,0.847812,0.784787,0.847812,0.784787,72,51,66,32,0,0,0,0,29,15,7,9
2026/02/04/16:02:44,455.798194,0.847812,0.784787,0.847812,0.784787,72,51,66,32,0,0,0,0,29,15,7,9
2026/02/04/16:02:45,456.798902,0.847812,0.784787,0.847812,0.784787,72,51,66,32,0,0,0,0,29,15,7,9
2026/02/04/16:02:46,457.799523,0.847812,0.784787,0.847812,0.784787,72,51,66,32,0,0,0,0,29,15,7,9
2026/02/04/16:02:47,458.800244,0.847812,0.784787,0.847812,0.784787,72,51,66,32,0,0,0,0,29,15,7,9
2026/02/04/16:02:48,459.800936,0.847812,0.784787,0.847812,0.784787,72,51,66,32,0,0,0,0,29,15,7,9
2026/02/04/16:02:49,460.801600,0.847812,0.784787,0.847812,0.784787,72,51,66,32,0,0,0,0,29,15,7,9
2026/02/04/16:02:50,461.802351,0.847812,0.784787,0.847812,0.784787,72,51,66,32,0,0,0,0,29,15,7,9
2026/02/04/16:02:51,462.803038,0.847812,0.784787,0.847812,0.784787,72,51,66,32,0,0,0,0,29,15,7,9
2026/02/04/16:02:52,463.803653,0.847812,0.784787,0.847812,0.784787,72,51,66,32,0,0,0,0,29,15,7,9
2026/02/04/16:02:53,464.804415,0.847812,0.784787,0.847812,0.784787,72,51,66,32,0,0,0,0,29,15,7,9
2026/02/04/16:02:54,465.805059,0.847812,0.784787,0.847812,0.784787,72,51,66,32,0,0,0,0,29,15,7,9
2026/02/04/16:02:55,466.805649,0.847812,0.784787,0.847812,0.784787,72,51,66,32,0,0,0,0,29,15,7,9
2026/02/04/16:02:56,467.806193,0.847812,0.784787,0.847812,0.784787,72,51,66,32,0,0,0,0,29,15,7,9
2026/02/04/16:02:57,468.806743,0.847812,0.784787,0.847812,0.784787,72,51,66,32,0,0,0,0,29,15,7,9
2026/02/04/16:02:58,469.807462,0.847812,0.784787,0.847812,0.784787,72,51,66,32,0,0,0,0,29,15,7,9
2026/02/04/16:02:59,470.808168,0.847812,0.784787,0.847812,0.784787,72,51,66,32,0,0,0,0,29,15,7,9
2026/02/04/16:03:00,471.808791,0.847812,0.784787,0.847812,0.784787,72,51,66,32,0,0,0,0,29,15,7,9
2026/02/04/16:03:01,472.809499,0.847812,0.784787,0.847812,0.784787,72,51,66,32,0,0,0,0,29,15,7,9
2026/02/04/16:03:02,473.810155,0.847812,0.784787,0.847812,0.784787,72,51,66,32,0,0,0,0,29,15,7,9
2026/02/04/16:03:03,474.810750,0.847812,0.784787,0.847812,0.784787,72,51,66,32,0,0,0,0,29,15,7,9
2026/02/04/16:03:04,475.811478,0.847812,0.784787,0.847812,0.784787,72,51,66,32,0,0,0,0,29,15,7,9
2026/02/04/16:03:05,476.812157,0.847812,0.784787,0.847812,0.784787,72,51,66,32,0,0,0,0,29,15,7,9
2026/02/04/16:03:06,477.812836,0.847812,0.784787,0.847812,0.784787,72,51,66,32,0,0,0,0,29,15,7,9
2026/02/04/16:03:07,478.813456,0.847812,0.784787,0.847812,0.784787,72,51,66,32,0,0,0,0,29,15,7,9
2026/02/04/16:03:08,479.814188,0.847812,0.784787,0.847812,0.784787,72,51,66,32,0,0,0,0,29,15,7,9
2026/02/04/16:03:09,480.814912,0.847812,0.784787,0.847812,0.784787,72,51,66,32,0,0,0,0,29,15,7,9
2026/02/04/16:03:10,481.815673,0.847812,0.784787,0.847812,0.784787,72,51,66,32,0,0,0,0,29,15,7,9
2026/02/04/16:03:11,482.816365,0.847812,0.784787,0.847812,0.784787,72,51,66,32,0,0,0,0,29,15,7,9
2026/02/04/16:03:12,483.816833,0.847812,0.784787,0.847812,0.784787,72,51,66,32,0,0,0,0,29,15,7,9
2026/02/04/16:03:13,484.817424,0.847812,0.784787,0.847812,0.784787,72,51,66,32,0,0,0,0,29,15,7,9
2026/02/04/16:03:14,485.817922,0.847812,0.784787,0.847812,0.784787,72,51,66,32,0,0,0,0,29,15,7,9
2026/02/04/16:03:15,486.818530,0.847812,0.784787,0.847812,0.784787,72,51,66,32,0,0,0,0,29,15,7,9
2026/02/04/16:03:16,487.819129,0.847812,0.784787,0.847812,0.784787,72,51,66,32,0,0,0,0,29,15,7,9
2026/02/04/16:03:17,488.819715,0.847812,0.784787,0.847812,0.784787,72,51,66,32,0,0,0,0,29,15,7,9
2026/02/04/16:03:18,489.820331,0.847812,0.784787,0.847812,0.784787,72,51,66,32,0,0,0,0,29,15,7,9
2026/02/04/16:03:19,490.820848,0.844000,0.780545,0.844000,0.780545,72,49,66,32,0,0,0,0,29,17,7,9
2026/02/04/16:03:20,491.821661,0.844000,0.780545,0.844000,0.780545,72,49,66,32,0,0,0,0,29,17,7,9
2026/02/04/16:03:21,492.822441,0.844000,0.780545,0.844000,0.780545,72,49,66,32,0,0,0,0,29,17,7,9
2026/02/04/16:03:22,493.823116,0.844000,0.780545,0.844000,0.780545,72,49,66,32,0,0,0,0,29,17,7,9
2026/02/04/16:03:23,494.823650,0.844000,0.780545,0.844000,0.780545,72,49,66,32,0,0,0,0,29,17,7,9
2026/02/04/16:03:24,495.824245,0.844000,0.780545,0.844000,0.780545,72,49,66,32,0,0,0,0,29,17,7,9
2026/02/04/16:03:25,496.824703,0.844000,0.780545,0.844000,0.780545,72,49,66,32,0,0,0,0,29,17,7,9
2026/02/04/16:03:26,497.825467,0.844000,0.780545,0.844000,0.780545,72,49,66,32,0,0,0,0,29,17,7,9
2026/02/04/16:03:27,498.826130,0.844000,0.780545,0.844000,0.780545,72,49,66,32,0,0,0,0,29,17,7,9
2026/02/04/16:03:28,499.826761,0.844000,0.780545,0.844000,0.780545,72,49,66,32,0,0,0,0,29,17,7,9
2026/02/04/16:03:29,500.827336,0.844000,0.780545,0.844000,0.780545,72,49,66,32,0,0,0,0,29,17,7,9
2026/02/04/16:03:30,501.827838,0.844000,0.780545,0.844000,0.780545,72,49,66,32,0,0,0,0,29,17,7,9
2026/02/04/16:03:31,502.828400,0.844000,0.780545,0.844000,0.780545,72,49,66,32,0,0,0,0,29,17,7,9
2026/02/04/16:03:32,503.829173,0.844000,0.780545,0.844000,0.780545,72,49,66,32,0,0,0,0,29,17,7,9
2026/02/04/16:03:33,504.829674,0.844000,0.780545,0.844000,0.780545,72,49,66,32,0,0,0,0,29,17,7,9
2026/02/04/16:03:34,505.830263,0.844000,0.780545,0.844000,0.780545,72,49,66,32,0,0,0,0,29,17,7,9
2026/02/04/16:03:35,506.830979,0.844000,0.780545,0.844000,0.780545,72,49,66,32,0,0,0,0,29,17,7,9
2026/02/04/16:03:36,507.831630,0.844000,0.780545,0.844000,0.780545,72,49,66,32,0,0,0,0,29,17,7,9
2026/02/04/16:03:37,508.832228,0.844000,0.780545,0.844000,0.780545,72,49,66,32,0,0,0,0,29,17,7,9
2026/02/04/16:03:38,509.835764,0.844000,0.780545,0.844000,0.780545,72,49,66,32,0,0,0,0,29,17,7,9
2026/02/04/16:03:39,510.836359,0.844000,0.780545,0.844000,0.780545,72,49,66,32,0,0,0,0,29,17,7,9
2026/02/04/16:03:40,511.837022,0.844000,0.780545,0.844000,0.780545,72,49,66,32,0,0,0,0,29,17,7,9
2026/02/04/16:03:41,512.837499,0.844000,0.780545,0.844000,0.780545,72,49,66,32,0,0,0,0,29,17,7,9
2026/02/04/16:03:42,513.838311,0.844000,0.780545,0.844000,0.780545,72,49,66,32,0,0,0,0,29,17,7,9
2026/02/04/16:03:43,514.838845,0.844000,0.780545,0.844000,0.780545,72,49,66,32,0,0,0,0,29,17,7,9
2026/02/04/16:03:44,515.839360,0.844000,0.780545,0.844000,0.780545,72,49,66,32,0,0,0,0,29,17,7,9
2026/02/04/16:03:45,516.840180,0.844000,0.780545,0.844000,0.780545,72,49,66,32,0,0,0,0,29,17,7,9
2026/02/04/16:03:46,517.840847,0.844000,0.780545,0.844000,0.780545,72,49,66,32,0,0,0,0,29,17,7,9
2026/02/04/16:03:47,518.841358,0.844000,0.780545,0.844000,0.780545,72,49,66,32,0,0,0,0,29,17,7,9
2026/02/04/16:03:48,519.842059,0.844000,0.780545,0.844000,0.780545,72,49,66,32,0,0,0,0,29,17,7,9
2026/02/04/16:03:49,520.842847,0.844000,0.780545,0.844000,0.780545,72,49,66,32,0,0,0,0,29,17,7,9
2026/02/04/16:03:50,521.843369,0.844000,0.780545,0.844000,0.780545,72,49,66,32,0,0,0,0,29,17,7,9
2026/02/04/16:03:51,522.843971,0.844000,0.780545,0.844000,0.780545,72,49,66,32,0,0,0,0,29,17,7,9
2026/02/04/16:03:52,523.844541,0.844000,0.780545,0.844000,0.780545,72,49,66,32,0,0,0,0,29,17,7,9
2026/02/04/16:03:53,524.845287,0.844000,0.780545,0.844000,0.780545,72,49,66,32,0,0,0,0,29,17,7,9
2026/02/04/16:03:54,525.845882,0.844000,0.780545,0.844000,0.780545,72,49,66,32,0,0,0,0,29,17,7,9
2026/02/04/16:03:55,526.846603,0.844000,0.780545,0.844000,0.780545,72,49,66,32,0,0,0,0,29,17,7,9
2026/02/04/16:03:56,527.847234,0.844000,0.780545,0.844000,0.780545,72,49,66,32,0,0,0,0,29,17,7,9
2026/02/04/16:03:57,528.847966,0.844000,0.780545,0.844000,0.780545,72,49,66,32,0,0,0,0,29,17,7,9
2026/02/04/16:03:58,529.848627,0.844000,0.780545,0.844000,0.780545,72,49,66,32,0,0,0,0,29,17,7,9
2026/02/04/16:03:59,530.849372,0.844000,0.780545,0.844000,0.780545,72,49,66,32,0,0,0,0,29,17,7,9
2026/02/04/16:04:00,531.849983,0.844000,0.780545,0.844000,0.780545,72,49,66,32,0,0,0,0,29,17,7,9
2026/02/04/16:04:01,532.850574,0.844000,0.780545,0.844000,0.780545,72,49,66,32,0,0,0,0,29,17,7,9
2026/02/04/16:04:02,533.851056,0.844000,0.780545,0.844000,0.780545,72,49,66,32,0,0,0,0,29,17,7,9
2026/02/04/16:04:03,534.851658,0.844000,0.780545,0.844000,0.780545,72,49,66,32,0,0,0,0,29,17,7,9
2026/02/04/16:04:04,535.852228,0.844000,0.780545,0.844000,0.780545,72,49,66,32,0,0,0,0,29,17,7,9
2026/02/04/16:04:05,536.852890,0.844000,0.780545,0.844000,0.780545,72,49,66,32,0,0,0,0,29,17,7,9
2026/02/04/16:04:06,537.853537,0.844000,0.780545,0.844000,0.780545,72,49,66,32,0,0,0,0,29,17,7,9
2026/02/04/16:04:07,538.854131,0.844000,0.780545,0.844000,0.780545,72,49,66,32,0,0,0,0,29,17,7,9
2026/02/04/16:04:08,539.854907,0.844000,0.780545,0.844000,0.780545,72,49,66,32,0,0,0,0,29,17,7,9
2026/02/04/16:04:09,540.855518,0.844000,0.780545,0.844000,0.780545,72,49,66,32,0,0,0,0,29,17,7,9
2026/02/04/16:04:10,541.856187,0.844000,0.780545,0.844000,0.780545,72,49,66,32,0,0,0,0,29,17,7,9
2026/02/04/16:04:11,542.856844,0.844000,0.780545,0.844000,0.780545,72,49,66,32,0,0,0,0,29,17,7,9
2026/02/04/16:04:12,543.857462,0.844000,0.780545,0.844000,0.780545,72,49,66,32,0,0,0,0,29,17,7,9
2026/02/04/16:04:13,544.858241,0.844000,0.780545,0.844000,0.780545,72,49,66,32,0,0,0,0,29,17,7,9
2026/02/04/16:04:14,545.858774,0.844000,0.780545,0.844000,0.780545,72,49,66,32,0,0,0,0,29,17,7,9
2026/02/04/16:04:15,546.859426,0.844000,0.780545,0.844000,0.780545,72,49,66,32,0,0,0,0,29,17,7,9
2026/02/04/16:04:16,547.860092,0.844000,0.780545,0.844000,0.780545,72,49,66,32,0,0,0,0,29,17,7,9
2026/02/04/16:04:17,548.860673,0.844000,0.780545,0.844000,0.780545,72,49,66,32,0,0,0,0,29,17,7,9
2026/02/04/16:04:18,549.861303,0.844000,0.780545,0.844000,0.780545,72,49,66,32,0,0,0,0,29,17,7,9
2026/02/04/16:04:19,550.861916,0.844000,0.780545,0.844000,0.780545,72,49,66,32,0,0,0,0,29,17,7,9
2026/02/04/16:04:20,551.862576,0.844000,0.780545,0.844000,0.780545,72,49,66,32,0,0,0,0,29,17,7,9
2026/02/04/16:04:21,552.863195,0.844000,0.780545,0.844000,0.780545,72,49,66,32,0,0,0,0,29,17,7,9
2026/02/04/16:04:22,553.863829,0.844000,0.780545,0.844000,0.780545,72,49,66,32,0,0,0,0,29,17,7,9
2026/02/04/16:04:23,554.864564,0.844000,0.780545,0.844000,0.780545,72,49,66,32,0,0,0,0,29,17,7,9
2026/02/04/16:04:24,555.865464,0.844000,0.780545,0.844000,0.780545,72,49,66,32,0,0,0,0,29,17,7,9
2026/02/04/16:04:25,556.866001,0.844000,0.780545,0.844000,0.780545,72,49,66,32,0,0,0,0,29,17,7,9
2026/02/04/16:04:26,557.866673,0.844000,0.780545,0.844000,0.780545,72,49,66,32,0,0,0,0,29,17,7,9
2026/02/04/16:04:27,558.867366,0.844000,0.780545,0.844000,0.780545,72,49,66,32,0,0,0,0,29,17,7,9
2026/02/04/16:04:28,559.868056,0.844000,0.780545,0.844000,0.780545,72,49,66,32,0,0,0,0,29,17,7,9
2026/02/04/16:04:29,560.868660,0.844000,0.780545,0.844000,0.780545,72,49,66,32,0,0,0,0,29,17,7,9
2026/02/04/16:04:30,561.869311,0.844000,0.780545,0.844000,0.780545,72,49,66,32,0,0,0,0,29,17,7,9
2026/02/04/16:04:31,562.870085,0.844000,0.780545,0.844000,0.780545,72,49,66,32,0,0,0,0,29,17,7,9
2026/02/04/16:04:32,563.870612,0.838187,0.773493,0.838187,0.773493,72,49,63,32,0,0,0,0,29,17,10,9
2026/02/04/16:04:33,564.871251,0.838187,0.773493,0.838187,0.773493,72,49,63,32,0,0,0,0,29,17,10,9
2026/02/04/16:04:34,565.871795,0.838187,0.773493,0.838187,0.773493,72,49,63,32,0,0,0,0,29,17,10,9
2026/02/04/16:04:35,566.872375,0.838187,0.773493,0.838187,0.773493,72,49,63,32,0,0,0,0,29,17,10,9
2026/02/04/16:04:36,567.873047,0.838187,0.773493,0.838187,0.773493,72,49,63,32,0,0,0,0,29,17,10,9
2026/02/04/16:04:37,568.873672,0.838187,0.773493,0.838187,0.773493,72,49,63,32,0,0,0,0,29,17,10,9
2026/02/04/16:04:38,569.874258,0.838187,0.773493,0.838187,0.773493,72,49,63,32,0,0,0,0,29,17,10,9
2026/02/04/16:04:39,570.874785,0.838187,0.773493,0.838187,0.773493,72,49,63,32,0,0,0,0,29,17,10,9
2026/02/04/16:04:40,571.875457,0.838187,0.773493,0.838187,0.773493,72,49,63,32,0,0,0,0,29,17,10,9
2026/02/04/16:04:41,572.876108,0.838187,0.773493,0.838187,0.773493,72,49,63,32,0,0,0,0,29,17,10,9
2026/02/04/16:04:42,573.876682,0.838187,0.773493,0.838187,0.773493,72,49,63,32,0,0,0,0,29,17,10,9
2026/02/04/16:04:43,574.877402,0.838187,0.773493,0.838187,0.773493,72,49,63,32,0,0,0,0,29,17,10,9
2026/02/04/16:04:44,575.877998,0.838187,0.773493,0.838187,0.773493,72,49,63,32,0,0,0,0,29,17,10,9
2026/02/04/16:04:45,576.878670,0.838187,0.773493,0.838187,0.773493,72,49,63,32,0,0,0,0,29,17,10,9
2026/02/04/16:04:46,577.879366,0.838187,0.773493,0.838187,0.773493,72,49,63,32,0,0,0,0,29,17,10,9
2026/02/04/16:04:47,578.879894,0.838187,0.773493,0.838187,0.773493,72,49,63,32,0,0,0,0,29,17,10,9
2026/02/04/16:04:48,579.880477,0.838187,0.773493,0.838187,0.773493,72,49,63,32,0,0,0,0,29,17,10,9
2026/02/04/16:04:49,580.881100,0.838187,0.773493,0.838187,0.773493,72,49,63,32,0,0,0,0,29,17,10,9
2026/02/04/16:04:50,581.881585,0.838187,0.773493,0.838187,0.773493,72,49,63,32,0,0,0,0,29,17,10,9
2026/02/04/16:04:51,582.882239,0.838187,0.773493,0.838187,0.773493,72,49,63,32,0,0,0,0,29,17,10,9
2026/02/04/16:04:52,583.882899,0.838187,0.773493,0.838187,0.773493,72,49,63,32,0,0,0,0,29,17,10,9
2026/02/04/16:04:53,584.883597,0.838187,0.773493,0.838187,0.773493,72,49,63,32,0,0,0,0,29,17,10,9
2026/02/04/16:04:54,585.884141,0.838187,0.773493,0.838187,0.773493,72,49,63,32,0,0,0,0,29,17,10,9
2026/02/04/16:04:55,586.884785,0.838187,0.773493,0.838187,0.773493,72,49,63,32,0,0,0,0,29,17,10,9
2026/02/04/16:04:56,587.885447,0.838187,0.773493,0.838187,0.773493,72,49,63,32,0,0,0,0,29,17,10,9
2026/02/04/16:04:57,588.886046,0.838187,0.773493,0.838187,0.773493,72,49,63,32,0,0,0,0,29,17,10,9
2026/02/04/16:04:58,589.886727,0.838187,0.773493,0.838187,0.773493,72,49,63,32,0,0,0,0,29,17,10,9
2026/02/04/16:04:59,590.887559,0.838187,0.773493,0.838187,0.773493,72,49,63,32,0,0,0,0,29,17,10,9
2026/02/04/16:05:00,591.888154,0.838187,0.773493,0.838187,0.773493,72,49,63,32,0,0,0,0,29,17,10,9
2026/02/04/16:05:01,592.888733,0.838187,0.773493,0.838187,0.773493,72,49,63,32,0,0,0,0,29,17,10,9
2026/02/04/16:05:02,593.889346,0.838187,0.773493,0.838187,0.773493,72,49,63,32,0,0,0,0,29,17,10,9
2026/02/04/16:05:03,594.889956,0.838187,0.773493,0.838187,0.773493,72,49,63,32,0,0,0,0,29,17,10,9
2026/02/04/16:05:04,595.890586,0.838187,0.773493,0.838187,0.773493,72,49,63,32,0,0,0,0,29,17,10,9
2026/02/04/16:05:05,596.891291,0.838187,0.773493,0.838187,0.773493,72,49,63,32,0,0,0,0,29,17,10,9
2026/02/04/16:05:06,597.891909,0.838187,0.773493,0.838187,0.773493,72,49,63,32,0,0,0,0,29,17,10,9
2026/02/04/16:05:07,598.892591,0.838187,0.773493,0.838187,0.773493,72,49,63,32,0,0,0,0,29,17,10,9
2026/02/04/16:05:08,599.893198,0.838187,0.773493,0.838187,0.773493,72,49,63,32,0,0,0,0,29,17,10,9
2026/02/04/16:05:09,600.893860,0.838187,0.773493,0.838187,0.773493,72,49,63,32,0,0,0,0,29,17,10,9
2026/02/04/16:05:10,601.894413,0.852531,0.784319,0.852531,0.784319,74,50,63,33,0,0,0,0,29,17,10,9
2026/02/04/16:05:11,602.895152,0.852531,0.784319,0.852531,0.784319,74,50,63,33,0,0,0,0,29,17,10,9
2026/02/04/16:05:12,603.895696,0.852531,0.784319,0.852531,0.784319,74,50,63,33,0,0,0,0,29,17,10,9
2026/02/04/16:05:13,604.896516,0.852531,0.784319,0.852531,0.784319,74,50,63,33,0,0,0,0,29,17,10,9
2026/02/04/16:05:14,605.896959,0.845219,0.780884,0.845219,0.780884,74,50,63,32,0,0,0,0,29,17,10,10
2026/02/04/16:05:15,606.897561,0.845219,0.780884,0.845219,0.780884,74,50,63,32,0,0,0,0,29,17,10,10
2026/02/04/16:05:16,607.898056,0.841781,0.775083,0.841781,0.775083,72,50,63,32,0,0,0,0,31,17,10,10
2026/02/04/16:05:17,608.898699,0.841781,0.775083,0.841781,0.775083,72,50,63,32,0,0,0,0,31,17,10,10
2026/02/04/16:05:18,609.899256,0.838187,0.773493,0.838187,0.773493,72,49,63,32,0,0,0,0,31,18,10,10
2026/02/04/16:05:19,610.899868,0.838187,0.773493,0.838187,0.773493,72,49,63,32,0,0,0,0,31,18,10,10
2026/02/04/16:05:20,611.900441,0.838187,0.773493,0.838187,0.773493,72,49,63,32,0,0,0,0,31,18,10,10
2026/02/04/16:05:21,612.900846,0.838187,0.773493,0.838187,0.773493,72,49,63,32,0,0,0,0,31,18,10,10
2026/02/04/16:05:22,613.901313,0.838187,0.773493,0.838187,0.773493,72,49,63,32,0,0,0,0,31,18,10,10
2026/02/04/16:05:23,614.901870,0.838187,0.773493,0.838187,0.773493,72,49,63,32,0,0,0,0,31,18,10,10
2026/02/04/16:05:24,615.902499,0.838187,0.773493,0.838187,0.773493,72,49,63,32,0,0,0,0,31,18,10,10
2026/02/04/16:05:25,616.903164,0.838187,0.773493,0.838187,0.773493,72,49,63,32,0,0,0,0,31,18,10,10
2026/02/04/16:05:26,617.903625,0.838187,0.773493,0.838187,0.773493,72,49,63,32,0,0,0,0,31,18,10,10
2026/02/04/16:05:27,618.904262,0.814562,0.766976,0.814562,0.766976,72,49,63,30,0,0,0,0,31,18,10,12
2026/02/04/16:05:28,619.904936,0.814562,0.766976,0.814562,0.766976,72,49,63,30,0,0,0,0,31,18,10,12
2026/02/04/16:05:29,620.905603,0.814562,0.766976,0.814562,0.766976,72,49,63,30,0,0,0,0,31,18,10,12
2026/02/04/16:05:30,621.906219,0.814562,0.766976,0.814562,0.766976,72,49,63,30,0,0,0,0,31,18,10,12
2026/02/04/16:05:31,622.906910,0.814562,0.766976,0.814562,0.766976,72,49,63,30,0,0,0,0,31,18,10,12
2026/02/04/16:05:32,623.907593,0.814562,0.766976,0.814562,0.766976,72,49,63,30,0,0,0,0,31,18,10,12
2026/02/04/16:05:33,624.908168,0.814562,0.766976,0.814562,0.766976,72,49,63,30,0,0,0,0,31,18,10,12
2026/02/04/16:05:34,625.908831,0.814562,0.766976,0.814562,0.766976,72,49,63,30,0,0,0,0,31,18,10,12
2026/02/04/16:05:35,626.909454,0.814562,0.766976,0.814562,0.766976,72,49,63,30,0,0,0,0,31,18,10,12
2026/02/04/16:05:36,627.910004,0.814562,0.766976,0.814562,0.766976,72,49,63,30,0,0,0,0,31,18,10,12
2026/02/04/16:05:37,628.910622,0.814562,0.766976,0.814562,0.766976,72,49,63,30,0,0,0,0,31,18,10,12
2026/02/04/16:05:38,629.911393,0.814562,0.766976,0.814562,0.766976,72,49,63,30,0,0,0,0,31,18,10,12
2026/02/04/16:05:39,630.912019,0.814562,0.766976,0.814562,0.766976,72,49,63,30,0,0,0,0,31,18,10,12
2026/02/04/16:05:40,631.912576,0.814562,0.766976,0.814562,0.766976,72,49,63,30,0,0,0,0,31,18,10,12
2026/02/04/16:05:41,632.913258,0.814562,0.766976,0.814562,0.766976,72,49,63,30,0,0,0,0,31,18,10,12
2026/02/04/16:05:42,633.913902,0.814562,0.766976,0.814562,0.766976,72,49,63,30,0,0,0,0,31,18,10,12
2026/02/04/16:05:43,634.914594,0.814562,0.766976,0.814562,0.766976,72,49,63,30,0,0,0,0,31,18,10,12
2026/02/04/16:05:44,635.915264,0.814562,0.766976,0.814562,0.766976,72,49,63,30,0,0,0,0,31,18,10,12
2026/02/04/16:05:45,636.915854,0.814562,0.766976,0.814562,0.766976,72,49,63,30,0,0,0,0,31,18,10,12
2026/02/04/16:05:46,637.916397,0.814562,0.766976,0.814562,0.766976,72,49,63,30,0,0,0,0,31,18,10,12
2026/02/04/16:05:47,638.916975,0.814562,0.766976,0.814562,0.766976,72,49,63,30,0,0,0,0,31,18,10,12
2026/02/04/16:05:48,639.917537,0.814562,0.766976,0.814562,0.766976,72,49,63,30,0,0,0,0,31,18,10,12
2026/02/04/16:05:49,640.923977,0.814562,0.766976,0.814562,0.766976,72,49,63,30,0,0,0,0,31,18,10,12
2026/02/04/16:05:50,641.924718,0.814562,0.766976,0.814562,0.766976,72,49,63,30,0,0,0,0,31,18,10,12
2026/02/04/16:05:51,642.925203,0.814562,0.766976,0.814562,0.766976,72,49,63,30,0,0,0,0,31,18,10,12
2026/02/04/16:05:52,643.925725,0.814562,0.766976,0.814562,0.766976,72,49,63,30,0,0,0,0,31,18,10,12
2026/02/04/16:05:53,644.926332,0.814562,0.766976,0.814562,0.766976,72,49,63,30,0,0,0,0,31,18,10,12
2026/02/04/16:05:54,645.926880,0.814562,0.766976,0.814562,0.766976,72,49,63,30,0,0,0,0,31,18,10,12
2026/02/04/16:05:55,646.927316,0.814562,0.766976,0.814562,0.766976,72,49,63,30,0,0,0,0,31,18,10,12
2026/02/04/16:05:56,647.927973,0.814562,0.766976,0.814562,0.766976,72,49,63,30,0,0,0,0,31,18,10,12
2026/02/04/16:05:57,648.928456,0.814562,0.766976,0.814562,0.766976,72,49,63,30,0,0,0,0,31,18,10,12
2026/02/04/16:05:58,649.929024,0.814562,0.766976,0.814562,0.766976,72,49,63,30,0,0,0,0,31,18,10,12
2026/02/04/16:05:59,650.929592,0.814562,0.766976,0.814562,0.766976,72,49,63,30,0,0,0,0,31,18,10,12
2026/02/04/16:06:00,651.930092,0.814562,0.766976,0.814562,0.766976,72,49,63,30,0,0,0,0,31,18,10,12
2026/02/04/16:06:01,652.930701,0.814562,0.766976,0.814562,0.766976,72,49,63,30,0,0,0,0,31,18,10,12
2026/02/04/16:06:02,653.931150,0.814562,0.766976,0.814562,0.766976,72,49,63,30,0,0,0,0,31,18,10,12
2026/02/04/16:06:03,654.931739,0.814562,0.766976,0.814562,0.766976,72,49,63,30,0,0,0,0,31,18,10,12
2026/02/04/16:06:04,655.932410,0.814562,0.766976,0.814562,0.766976,72,49,63,30,0,0,0,0,31,18,10,12
2026/02/04/16:06:05,656.933141,0.814562,0.766976,0.814562,0.766976,72,49,63,30,0,0,0,0,31,18,10,12
2026/02/04/16:06:06,657.933684,0.814562,0.766976,0.814562,0.766976,72,49,63,30,0,0,0,0,31,18,10,12
2026/02/04/16:06:07,658.934444,0.814562,0.766976,0.814562,0.766976,72,49,63,30,0,0,0,0,31,18,10,12
2026/02/04/16:06:08,659.935054,0.814562,0.766976,0.814562,0.766976,72,49,63,30,0,0,0,0,31,18,10,12
2026/02/04/16:06:09,660.935611,0.814562,0.766976,0.814562,0.766976,72,49,63,30,0,0,0,0,31,18,10,12
2026/02/04/16:06:10,661.936224,0.814562,0.766976,0.814562,0.766976,72,49,63,30,0,0,0,0,31,18,10,12
2026/02/04/16:06:11,662.936920,0.814562,0.766976,0.814562,0.766976,72,49,63,30,0,0,0,0,31,18,10,12
2026/02/04/16:06:12,663.937456,0.814562,0.766976,0.814562,0.766976,72,49,63,30,0,0,0,0,31,18,10,12
2026/02/04/16:06:13,664.938031,0.814562,0.766976,0.814562,0.766976,72,49,63,30,0,0,0,0,31,18,10,12
2026/02/04/16:06:14,665.938545,0.814562,0.766976,0.814562,0.766976,72,49,63,30,0,0,0,0,31,18,10,12
2026/02/04/16:06:15,666.939016,0.814562,0.766976,0.814562,0.766976,72,49,63,30,0,0,0,0,31,18,10,12
2026/02/04/16:06:16,667.939583,0.814562,0.766976,0.814562,0.766976,72,49,63,30,0,0,0,0,31,18,10,12
2026/02/04/16:06:17,668.940158,0.814562,0.766976,0.814562,0.766976,72,49,63,30,0,0,0,0,31,18,10,12
2026/02/04/16:06:18,669.940816,0.814562,0.766976,0.814562,0.766976,72,49,63,30,0,0,0,0,31,18,10,12
2026/02/04/16:06:19,670.941314,0.814562,0.766976,0.814562,0.766976,72,49,63,30,0,0,0,0,31,18,10,12
2026/02/04/16:06:20,671.941935,0.814562,0.766976,0.814562,0.766976,72,49,63,30,0,0,0,0,31,18,10,12
2026/02/04/16:06:21,672.942475,0.814562,0.766976,0.814562,0.766976,72,49,63,30,0,0,0,0,31,18,10,12
2026/02/04/16:06:22,673.942938,0.814562,0.766976,0.814562,0.766976,72,49,63,30,0,0,0,0,31,18,10,12
2026/02/04/16:06:23,674.943440,0.814562,0.766976,0.814562,0.766976,72,49,63,30,0,0,0,0,31,18,10,12
2026/02/04/16:06:24,675.944116,0.814562,0.766976,0.814562,0.766976,72,49,63,30,0,0,0,0,31,18,10,12
2026/02/04/16:06:25,676.944772,0.814562,0.766976,0.814562,0.766976,72,49,63,30,0,0,0,0,31,18,10,12
2026/02/04/16:06:26,677.945333,0.814562,0.766976,0.814562,0.766976,72,49,63,30,0,0,0,0,31,18,10,12
2026/02/04/16:06:27,678.946012,0.814562,0.766976,0.814562,0.766976,72,49,63,30,0,0,0,0,31,18,10,12
2026/02/04/16:06:28,679.946687,0.814562,0.766976,0.814562,0.766976,72,49,63,30,0,0,0,0,31,18,10,12
2026/02/04/16:06:29,680.947322,0.814562,0.766976,0.814562,0.766976,72,49,63,30,0,0,0,0,31,18,10,12
2026/02/04/16:06:30,681.947867,0.814562,0.766976,0.814562,0.766976,72,49,63,30,0,0,0,0,31,18,10,12
2026/02/04/16:06:31,682.948453,0.814562,0.766976,0.814562,0.766976,72,49,63,30,0,0,0,0,31,18,10,12
2026/02/04/16:06:32,683.949037,0.814562,0.766976,0.814562,0.766976,72,49,63,30,0,0,0,0,31,18,10,12
2026/02/04/16:06:33,684.949599,0.814562,0.766976,0.814562,0.766976,72,49,63,30,0,0,0,0,31,18,10,12
2026/02/04/16:06:34,685.950139,0.814562,0.766976,0.814562,0.766976,72,49,63,30,0,0,0,0,31,18,10,12
2026/02/04/16:06:35,686.950746,0.814562,0.766976,0.814562,0.766976,72,49,63,30,0,0,0,0,31,18,10,12
2026/02/04/16:06:36,687.951287,0.814562,0.766976,0.814562,0.766976,72,49,63,30,0,0,0,0,31,18,10,12
2026/02/04/16:06:37,688.951798,0.814562,0.766976,0.814562,0.766976,72,49,63,30,0,0,0,0,31,18,10,12
2026/02/04/16:06:38,689.953162,0.814562,0.766976,0.814562,0.766976,72,49,63,30,0,0,0,0,31,18,10,12
2026/02/04/16:06:39,690.953647,0.814562,0.766976,0.814562,0.766976,72,49,63,30,0,0,0,0,31,18,10,12
2026/02/04/16:06:40,691.954440,0.814562,0.766976,0.814562,0.766976,72,49,63,30,0,0,0,0,31,18,10,12
2026/02/04/16:06:41,692.954816,0.814562,0.766976,0.814562,0.766976,72,49,63,30,0,0,0,0,31,18,10,12
2026/02/04/16:06:42,693.955458,0.814562,0.766976,0.814562,0.766976,72,49,63,30,0,0,0,0,31,18,10,12
2026/02/04/16:06:43,694.955936,0.814562,0.766976,0.814562,0.766976,72,49,63,30,0,0,0,0,31,18,10,12
2026/02/04/16:06:44,695.956292,0.814562,0.766976,0.814562,0.766976,72,49,63,30,0,0,0,0,31,18,10,12
2026/02/04/16:06:45,696.956657,0.814562,0.766976,0.814562,0.766976,72,49,63,30,0,0,0,0,31,18,10,12
2026/02/04/16:06:46,697.957269,0.814562,0.766976,0.814562,0.766976,72,49,63,30,0,0,0,0,31,18,10,12
2026/02/04/16:06:47,698.957737,0.818750,0.793148,0.818750,0.793148,72,49,63,32,0,0,0,0,31,18,10,12
2026/02/04/16:06:48,699.958147,0.853281,0.814610,0.853281,0.814610,72,52,64,33,0,0,0,0,31,18,10,12
2026/02/04/16:06:49,700.958693,0.853281,0.814610,0.853281,0.814610,72,52,64,33,0,0,0,0,31,18,10,12
2026/02/04/16:06:50,701.959151,0.849375,0.812011,0.849375,0.812011,72,52,63,33,0,0,0,0,31,18,11,12
2026/02/04/16:06:51,702.959680,0.849375,0.812011,0.849375,0.812011,72,52,63,33,0,0,0,0,31,18,11,12
2026/02/04/16:06:52,703.960222,0.838250,0.810422,0.838250,0.810422,72,52,63,32,0,0,0,0,31,18,11,13
2026/02/04/16:06:53,704.960752,0.838250,0.810422,0.838250,0.810422,72,52,63,32,0,0,0,0,31,18,11,13
2026/02/04/16:06:54,705.961431,0.818750,0.793148,0.818750,0.793148,72,49,63,32,0,0,0,0,31,21,11,13
2026/02/04/16:06:55,706.962092,0.818750,0.793148,0.818750,0.793148,72,49,63,32,0,0,0,0,31,21,11,13
2026/02/04/16:06:56,707.962709,0.815500,0.786823,0.815500,0.786823,72,47,63,32,0,0,0,0,31,23,11,13
2026/02/04/16:06:57,708.963372,0.815500,0.786823,0.815500,0.786823,72,47,63,32,0,0,0,0,31,23,11,13
2026/02/04/16:06:58,709.964041,0.815500,0.786823,0.815500,0.786823,72,47,63,32,0,0,0,0,31,23,11,13
2026/02/04/16:06:59,710.964806,0.815500,0.786823,0.815500,0.786823,72,47,63,32,0,0,0,0,31,23,11,13
2026/02/04/16:07:00,711.965364,0.815500,0.786823,0.815500,0.786823,72,47,63,32,0,0,0,0,31,23,11,13
2026/02/04/16:07:01,712.965955,0.815500,0.786823,0.815500,0.786823,72,47,63,32,0,0,0,0,31,23,11,13
2026/02/04/16:07:02,713.966519,0.815500,0.786823,0.815500,0.786823,72,47,63,32,0,0,0,0,31,23,11,13
2026/02/04/16:07:03,714.967109,0.815500,0.786823,0.815500,0.786823,72,47,63,32,0,0,0,0,31,23,11,13
2026/02/04/16:07:04,715.967838,0.815500,0.786823,0.815500,0.786823,72,47,63,32,0,0,0,0,31,23,11,13
2026/02/04/16:07:05,716.968461,0.815500,0.786823,0.815500,0.786823,72,47,63,32,0,0,0,0,31,23,11,13
2026/02/04/16:07:06,717.969233,0.815500,0.786823,0.815500,0.786823,72,47,63,32,0,0,0,0,31,23,11,13
2026/02/04/16:07:07,718.969803,0.815500,0.786823,0.815500,0.786823,72,47,63,32,0,0,0,0,31,23,11,13
2026/02/04/16:07:08,719.970454,0.815500,0.786823,0.815500,0.786823,72,47,63,32,0,0,0,0,31,23,11,13
2026/02/04/16:07:09,720.971019,0.815500,0.786823,0.815500,0.786823,72,47,63,32,0,0,0,0,31,23,11,13
2026/02/04/16:07:10,721.971748,0.815500,0.786823,0.815500,0.786823,72,47,63,32,0,0,0,0,31,23,11,13
2026/02/04/16:07:11,722.972413,0.815500,0.786823,0.815500,0.786823,72,47,63,32,0,0,0,0,31,23,11,13
2026/02/04/16:07:12,723.972955,0.815500,0.786823,0.815500,0.786823,72,47,63,32,0,0,0,0,31,23,11,13
2026/02/04/16:07:13,724.973547,0.815500,0.786823,0.815500,0.786823,72,47,63,32,0,0,0,0,31,23,11,13
2026/02/04/16:07:14,725.973917,0.815500,0.786823,0.815500,0.786823,72,47,63,32,0,0,0,0,31,23,11,13
2026/02/04/16:07:15,726.974408,0.815500,0.786823,0.815500,0.786823,72,47,63,32,0,0,0,0,31,23,11,13
2026/02/04/16:07:16,727.975051,0.815500,0.786823,0.815500,0.786823,72,47,63,32,0,0,0,0,31,23,11,13
2026/02/04/16:07:17,728.975568,0.815500,0.786823,0.815500,0.786823,72,47,63,32,0,0,0,0,31,23,11,13
2026/02/04/16:07:18,729.976145,0.815500,0.786823,0.815500,0.786823,72,47,63,32,0,0,0,0,31,23,11,13
2026/02/04/16:07:19,730.976685,0.815500,0.786823,0.815500,0.786823,72,47,63,32,0,0,0,0,31,23,11,13
2026/02/04/16:07:20,731.977579,0.815500,0.786823,0.815500,0.786823,72,47,63,32,0,0,0,0,31,23,11,13
2026/02/04/16:07:21,732.978156,0.815500,0.786823,0.815500,0.786823,72,47,63,32,0,0,0,0,31,23,11,13
2026/02/04/16:07:22,733.978829,0.815500,0.786823,0.815500,0.786823,72,47,63,32,0,0,0,0,31,23,11,13
2026/02/04/16:07:23,734.979533,0.815500,0.786823,0.815500,0.786823,72,47,63,32,0,0,0,0,31,23,11,13
2026/02/04/16:07:24,735.980106,0.815500,0.786823,0.815500,0.786823,72,47,63,32,0,0,0,0,31,23,11,13
2026/02/04/16:07:25,736.980589,0.815500,0.786823,0.815500,0.786823,72,47,63,32,0,0,0,0,31,23,11,13
2026/02/04/16:07:26,737.981293,0.815500,0.786823,0.815500,0.786823,72,47,63,32,0,0,0,0,31,23,11,13
2026/02/04/16:07:27,738.981791,0.815500,0.786823,0.815500,0.786823,72,47,63,32,0,0,0,0,31,23,11,13
2026/02/04/16:07:28,739.982309,0.815500,0.786823,0.815500,0.786823,72,47,63,32,0,0,0,0,31,23,11,13
2026/02/04/16:07:29,740.982896,0.815500,0.786823,0.815500,0.786823,72,47,63,32,0,0,0,0,31,23,11,13
2026/02/04/16:07:30,741.983450,0.815500,0.786823,0.815500,0.786823,72,47,63,32,0,0,0,0,31,23,11,13
2026/02/04/16:07:31,742.984240,0.815500,0.786823,0.815500,0.786823,72,47,63,32,0,0,0,0,31,23,11,13
2026/02/04/16:07:32,743.984889,0.815500,0.786823,0.815500,0.786823,72,47,63,32,0,0,0,0,31,23,11,13
2026/02/04/16:07:33,744.985647,0.815500,0.786823,0.815500,0.786823,72,47,63,32,0,0,0,0,31,23,11,13
2026/02/04/16:07:34,745.986170,0.815500,0.786823,0.815500,0.786823,72,47,63,32,0,0,0,0,31,23,11,13
2026/02/04/16:07:35,746.986807,0.815500,0.786823,0.815500,0.786823,72,47,63,32,0,0,0,0,31,23,11,13
2026/02/04/16:07:36,747.987368,0.804531,0.750443,0.804531,0.750443,72,47,60,32,0,0,0,0,31,23,14,13
2026/02/04/16:07:37,748.988008,0.804531,0.750443,0.804531,0.750443,72,47,60,32,0,0,0,0,31,23,14,13
2026/02/04/16:07:38,749.988528,0.804531,0.750443,0.804531,0.750443,72,47,60,32,0,0,0,0,31,23,14,13
2026/02/04/16:07:39,750.989149,0.804531,0.750443,0.804531,0.750443,72,47,60,32,0,0,0,0,31,23,14,13
2026/02/04/16:07:40,751.989751,0.804531,0.750443,0.804531,0.750443,72,47,60,32,0,0,0,0,31,23,14,13
2026/02/04/16:07:41,752.990503,0.804531,0.750443,0.804531,0.750443,72,47,60,32,0,0,0,0,31,23,14,13
2026/02/04/16:07:42,753.990979,0.804531,0.750443,0.804531,0.750443,72,47,60,32,0,0,0,0,31,23,14,13
2026/02/04/16:07:43,754.991654,0.804531,0.750443,0.804531,0.750443,72,47,60,32,0,0,0,0,31,23,14,13
2026/02/04/16:07:44,755.992057,0.804531,0.750443,0.804531,0.750443,72,47,60,32,0,0,0,0,31,23,14,13
2026/02/04/16:07:45,756.992694,0.804531,0.750443,0.804531,0.750443,72,47,60,32,0,0,0,0,31,23,14,13
2026/02/04/16:07:46,757.993258,0.804531,0.750443,0.804531,0.750443,72,47,60,32,0,0,0,0,31,23,14,13
2026/02/04/16:07:47,758.993835,0.804531,0.750443,0.804531,0.750443,72,47,60,32,0,0,0,0,31,23,14,13
2026/02/04/16:07:48,759.998605,0.804531,0.750443,0.804531,0.750443,72,47,60,32,0,0,0,0,31,23,14,13
2026/02/04/16:07:49,760.999141,0.804531,0.750443,0.804531,0.750443,72,47,60,32,0,0,0,0,31,23,14,13
2026/02/04/16:07:50,761.999661,0.804531,0.750443,0.804531,0.750443,72,47,60,32,0,0,0,0,31,23,14,13
2026/02/04/16:07:51,763.000392,0.804531,0.750443,0.804531,0.750443,72,47,60,32,0,0,0,0,31,23,14,13
2026/02/04/16:07:52,764.001572,0.804531,0.750443,0.804531,0.750443,72,47,60,32,0,0,0,0,31,23,14,13
2026/02/04/16:07:53,765.002097,0.804531,0.750443,0.804531,0.750443,72,47,60,32,0,0,0,0,31,23,14,13
2026/02/04/16:07:54,766.002604,0.804531,0.750443,0.804531,0.750443,72,47,60,32,0,0,0,0,31,23,14,13
2026/02/04/16:07:55,767.003349,0.804531,0.750443,0.804531,0.750443,72,47,60,32,0,0,0,0,31,23,14,13
2026/02/04/16:07:56,768.004629,0.804531,0.750443,0.804531,0.750443,72,47,60,32,0,0,0,0,31,23,14,13
2026/02/04/16:07:57,769.005223,0.804531,0.750443,0.804531,0.750443,72,47,60,32,0,0,0,0,31,23,14,13
2026/02/04/16:07:58,770.005899,0.804531,0.750443,0.804531,0.750443,72,47,60,32,0,0,0,0,31,23,14,13
2026/02/04/16:07:59,771.006499,0.804531,0.750443,0.804531,0.750443,72,47,60,32,0,0,0,0,31,23,14,13
2026/02/04/16:08:00,772.007214,0.804531,0.750443,0.804531,0.750443,72,47,60,32,0,0,0,0,31,23,14,13
2026/02/04/16:08:01,773.007673,0.804531,0.750443,0.804531,0.750443,72,47,60,32,0,0,0,0,31,23,14,13
2026/02/04/16:08:02,774.008284,0.804531,0.750443,0.804531,0.750443,72,47,60,32,0,0,0,0,31,23,14,13
2026/02/04/16:08:03,775.008922,0.804531,0.750443,0.804531,0.750443,72,47,60,32,0,0,0,0,31,23,14,13
2026/02/04/16:08:04,776.009457,0.804531,0.750443,0.804531,0.750443,72,47,60,32,0,0,0,0,31,23,14,13
2026/02/04/16:08:05,777.010200,0.804531,0.750443,0.804531,0.750443,72,47,60,32,0,0,0,0,31,23,14,13
2026/02/04/16:08:06,778.010634,0.804531,0.750443,0.804531,0.750443,72,47,60,32,0,0,0,0,31,23,14,13
2026/02/04/16:08:07,779.011275,0.804531,0.750443,0.804531,0.750443,72,47,60,32,0,0,0,0,31,23,14,13
2026/02/04/16:08:08,780.011874,0.804531,0.750443,0.804531,0.750443,72,47,60,32,0,0,0,0,31,23,14,13
2026/02/04/16:08:09,781.012496,0.804531,0.750443,0.804531,0.750443,72,47,60,32,0,0,0,0,31,23,14,13
2026/02/04/16:08:10,782.013157,0.804531,0.750443,0.804531,0.750443,72,47,60,32,0,0,0,0,31,23,14,13
2026/02/04/16:08:11,783.013789,0.804531,0.750443,0.804531,0.750443,72,47,60,32,0,0,0,0,31,23,14,13
2026/02/04/16:08:12,784.014428,0.804531,0.750443,0.804531,0.750443,72,47,60,32,0,0,0,0,31,23,14,13
2026/02/04/16:08:13,785.015067,0.804531,0.750443,0.804531,0.750443,72,47,60,32,0,0,0,0,31,23,14,13
2026/02/04/16:08:14,786.015638,0.804531,0.750443,0.804531,0.750443,72,47,60,32,0,0,0,0,31,23,14,13
2026/02/04/16:08:15,787.016261,0.804531,0.750443,0.804531,0.750443,72,47,60,32,0,0,0,0,31,23,14,13
2026/02/04/16:08:16,788.016813,0.804531,0.750443,0.804531,0.750443,72,47,60,32,0,0,0,0,31,23,14,13
2026/02/04/16:08:17,789.017409,0.804531,0.750443,0.804531,0.750443,72,47,60,32,0,0,0,0,31,23,14,13
2026/02/04/16:08:18,790.018125,0.804531,0.750443,0.804531,0.750443,72,47,60,32,0,0,0,0,31,23,14,13
2026/02/04/16:08:19,791.018768,0.804531,0.750443,0.804531,0.750443,72,47,60,32,0,0,0,0,31,23,14,13
2026/02/04/16:08:20,792.019350,0.804531,0.750443,0.804531,0.750443,72,47,60,32,0,0,0,0,31,23,14,13
2026/02/04/16:08:21,793.019860,0.804531,0.750443,0.804531,0.750443,72,47,60,32,0,0,0,0,31,23,14,13
2026/02/04/16:08:22,794.020639,0.804531,0.750443,0.804531,0.750443,72,47,60,32,0,0,0,0,31,23,14,13
2026/02/04/16:08:23,795.021279,0.804531,0.750443,0.804531,0.750443,72,47,60,32,0,0,0,0,31,23,14,13
2026/02/04/16:08:24,796.022054,0.800344,0.724270,0.800344,0.724270,72,47,60,30,0,0,0,0,31,23,14,15
2026/02/04/16:08:25,797.022678,0.800344,0.724270,0.800344,0.724270,72,47,60,30,0,0,0,0,31,23,14,15
2026/02/04/16:08:26,798.023265,0.800344,0.724270,0.800344,0.724270,72,47,60,30,0,0,0,0,31,23,14,15
2026/02/04/16:08:27,799.023894,0.800344,0.724270,0.800344,0.724270,72,47,60,30,0,0,0,0,31,23,14,15
2026/02/04/16:08:28,800.024508,0.800344,0.724270,0.800344,0.724270,72,47,60,30,0,0,0,0,31,23,14,15
2026/02/04/16:08:29,801.025136,0.800344,0.724270,0.800344,0.724270,72,47,60,30,0,0,0,0,31,23,14,15
2026/02/04/16:08:30,802.025740,0.800344,0.724270,0.800344,0.724270,72,47,60,30,0,0,0,0,31,23,14,15
2026/02/04/16:08:31,803.026369,0.800344,0.724270,0.800344,0.724270,72,47,60,30,0,0,0,0,31,23,14,15
2026/02/04/16:08:32,804.026863,0.800344,0.724270,0.800344,0.724270,72,47,60,30,0,0,0,0,31,23,14,15
2026/02/04/16:08:33,805.027514,0.800344,0.724270,0.800344,0.724270,72,47,60,30,0,0,0,0,31,23,14,15
2026/02/04/16:08:34,806.028146,0.800344,0.724270,0.800344,0.724270,72,47,60,30,0,0,0,0,31,23,14,15
2026/02/04/16:08:35,807.028800,0.800344,0.724270,0.800344,0.724270,72,47,60,30,0,0,0,0,31,23,14,15
2026/02/04/16:08:36,808.029411,0.800344,0.724270,0.800344,0.724270,72,47,60,30,0,0,0,0,31,23,14,15
2026/02/04/16:08:37,809.030062,0.800344,0.724270,0.800344,0.724270,72,47,60,30,0,0,0,0,31,23,14,15
2026/02/04/16:08:38,810.030781,0.800344,0.724270,0.800344,0.724270,72,47,60,30,0,0,0,0,31,23,14,15
2026/02/04/16:08:39,811.031375,0.800344,0.724270,0.800344,0.724270,72,47,60,30,0,0,0,0,31,23,14,15
2026/02/04/16:08:40,812.032019,0.800344,0.724270,0.800344,0.724270,72,47,60,30,0,0,0,0,31,23,14,15
2026/02/04/16:08:41,813.032622,0.800344,0.724270,0.800344,0.724270,72,47,60,30,0,0,0,0,31,23,14,15
2026/02/04/16:08:42,814.033181,0.800344,0.724270,0.800344,0.724270,72,47,60,30,0,0,0,0,31,23,14,15
2026/02/04/16:08:43,815.033788,0.800344,0.724270,0.800344,0.724270,72,47,60,30,0,0,0,0,31,23,14,15
2026/02/04/16:08:44,816.034237,0.800344,0.724270,0.800344,0.724270,72,47,60,30,0,0,0,0,31,23,14,15
2026/02/04/16:08:45,817.034987,0.800344,0.724270,0.800344,0.724270,72,47,60,30,0,0,0,0,31,23,14,15
2026/02/04/16:08:46,818.035709,0.800344,0.724270,0.800344,0.724270,72,47,60,30,0,0,0,0,31,23,14,15
2026/02/04/16:08:47,819.036268,0.800344,0.724270,0.800344,0.724270,72,47,60,30,0,0,0,0,31,23,14,15
2026/02/04/16:08:48,820.036847,0.800344,0.724270,0.800344,0.724270,72,47,60,30,0,0,0,0,31,23,14,15
2026/02/04/16:08:49,821.037661,0.800344,0.724270,0.800344,0.724270,72,47,60,30,0,0,0,0,31,23,14,15
2026/02/04/16:08:50,822.038249,0.800344,0.724270,0.800344,0.724270,72,47,60,30,0,0,0,0,31,23,14,15
2026/02/04/16:08:51,823.038868,0.800344,0.724270,0.800344,0.724270,72,47,60,30,0,0,0,0,31,23,14,15
2026/02/04/16:08:52,824.039459,0.800344,0.724270,0.800344,0.724270,72,47,60,30,0,0,0,0,31,23,14,15
2026/02/04/16:08:53,825.040218,0.800344,0.724270,0.800344,0.724270,72,47,60,30,0,0,0,0,31,23,14,15
2026/02/04/16:08:54,826.040833,0.800344,0.724270,0.800344,0.724270,72,47,60,30,0,0,0,0,31,23,14,15
2026/02/04/16:08:55,827.041470,0.800344,0.724270,0.800344,0.724270,72,47,60,30,0,0,0,0,31,23,14,15
2026/02/04/16:08:56,828.042099,0.800344,0.724270,0.800344,0.724270,72,47,60,30,0,0,0,0,31,23,14,15
2026/02/04/16:08:57,829.042706,0.800344,0.724270,0.800344,0.724270,72,47,60,30,0,0,0,0,31,23,14,15
2026/02/04/16:08:58,830.043356,0.800344,0.724270,0.800344,0.724270,72,47,60,30,0,0,0,0,31,23,14,15
2026/02/04/16:08:59,831.043957,0.800344,0.724270,0.800344,0.724270,72,47,60,30,0,0,0,0,31,23,14,15
2026/02/04/16:09:00,832.044565,0.800344,0.724270,0.800344,0.724270,72,47,60,30,0,0,0,0,31,23,14,15
2026/02/04/16:09:01,833.045285,0.800344,0.724270,0.800344,0.724270,72,47,60,30,0,0,0,0,31,23,14,15
2026/02/04/16:09:02,834.045902,0.800344,0.724270,0.800344,0.724270,72,47,60,30,0,0,0,0,31,23,14,15
2026/02/04/16:09:03,835.046504,0.800344,0.724270,0.800344,0.724270,72,47,60,30,0,0,0,0,31,23,14,15
2026/02/04/16:09:04,836.047146,0.800344,0.724270,0.800344,0.724270,72,47,60,30,0,0,0,0,31,23,14,15
2026/02/04/16:09:05,837.047730,0.800344,0.724270,0.800344,0.724270,72,47,60,30,0,0,0,0,31,23,14,15
2026/02/04/16:09:06,838.048300,0.800344,0.724270,0.800344,0.724270,72,47,60,30,0,0,0,0,31,23,14,15
2026/02/04/16:09:07,839.048948,0.771844,0.719185,0.771844,0.719185,72,45,60,30,0,0,0,0,31,25,14,15
2026/02/04/16:09:08,840.049495,0.771844,0.719185,0.771844,0.719185,72,45,60,30,0,0,0,0,31,25,14,15
2026/02/04/16:09:09,841.050090,0.771844,0.719185,0.771844,0.719185,72,45,60,30,0,0,0,0,31,25,14,15
2026/02/04/16:09:10,842.050827,0.771844,0.719185,0.771844,0.719185,72,45,60,30,0,0,0,0,31,25,14,15
2026/02/04/16:09:11,843.051409,0.771844,0.719185,0.771844,0.719185,72,45,60,30,0,0,0,0,31,25,14,15
2026/02/04/16:09:12,844.052100,0.771844,0.719185,0.771844,0.719185,72,45,60,30,0,0,0,0,31,25,14,15
2026/02/04/16:09:13,845.052763,0.771844,0.719185,0.771844,0.719185,72,45,60,30,0,0,0,0,31,25,14,15
2026/02/04/16:09:14,846.053228,0.771844,0.719185,0.771844,0.719185,72,45,60,30,0,0,0,0,31,25,14,15
2026/02/04/16:09:15,847.053838,0.771844,0.719185,0.771844,0.719185,72,45,60,30,0,0,0,0,31,25,14,15
2026/02/04/16:09:16,848.054481,0.771844,0.719185,0.771844,0.719185,72,45,60,30,0,0,0,0,31,25,14,15
2026/02/04/16:09:17,849.055067,0.771844,0.719185,0.771844,0.719185,72,45,60,30,0,0,0,0,31,25,14,15
2026/02/04/16:09:18,850.055648,0.771844,0.719185,0.771844,0.719185,72,45,60,30,0,0,0,0,31,25,14,15
2026/02/04/16:09:19,851.056213,0.771844,0.719185,0.771844,0.719185,72,45,60,30,0,0,0,0,31,25,14,15
2026/02/04/16:09:20,852.056902,0.771844,0.719185,0.771844,0.719185,72,45,60,30,0,0,0,0,31,25,14,15
2026/02/04/16:09:21,853.057483,0.771844,0.719185,0.771844,0.719185,72,45,60,30,0,0,0,0,31,25,14,15
2026/02/04/16:09:22,854.058119,0.771844,0.719185,0.771844,0.719185,72,45,60,30,0,0,0,0,31,25,14,15
2026/02/04/16:09:23,855.058743,0.771844,0.719185,0.771844,0.719185,72,45,60,30,0,0,0,0,31,25,14,15
2026/02/04/16:09:24,856.059333,0.771844,0.719185,0.771844,0.719185,72,45,60,30,0,0,0,0,31,25,14,15
2026/02/04/16:09:25,857.059959,0.771844,0.719185,0.771844,0.719185,72,45,60,30,0,0,0,0,31,25,14,15
2026/02/04/16:09:26,858.062238,0.771844,0.719185,0.771844,0.719185,72,45,60,30,0,0,0,0,31,25,14,15
2026/02/04/16:09:27,859.062855,0.771844,0.719185,0.771844,0.719185,72,45,60,30,0,0,0,0,31,25,14,15
2026/02/04/16:09:28,860.063589,0.771844,0.719185,0.771844,0.719185,72,45,60,30,0,0,0,0,31,25,14,15
2026/02/04/16:09:29,861.064280,0.771844,0.719185,0.771844,0.719185,72,45,60,30,0,0,0,0,31,25,14,15
2026/02/04/16:09:30,862.065008,0.771844,0.719185,0.771844,0.719185,72,45,60,30,0,0,0,0,31,25,14,15
2026/02/04/16:09:31,863.065656,0.771844,0.719185,0.771844,0.719185,72,45,60,30,0,0,0,0,31,25,14,15
2026/02/04/16:09:32,864.066264,0.771844,0.719185,0.771844,0.719185,72,45,60,30,0,0,0,0,31,25,14,15
2026/02/04/16:09:33,865.066823,0.771844,0.719185,0.771844,0.719185,72,45,60,30,0,0,0,0,31,25,14,15
2026/02/04/16:09:34,866.067506,0.771844,0.719185,0.771844,0.719185,72,45,60,30,0,0,0,0,31,25,14,15
2026/02/04/16:09:35,867.068115,0.771844,0.719185,0.771844,0.719185,72,45,60,30,0,0,0,0,31,25,14,15
2026/02/04/16:09:36,868.068710,0.771844,0.719185,0.771844,0.719185,72,45,60,30,0,0,0,0,31,25,14,15
2026/02/04/16:09:37,869.069453,0.771844,0.719185,0.771844,0.719185,72,45,60,30,0,0,0,0,31,25,14,15
2026/02/04/16:09:38,870.070083,0.771844,0.719185,0.771844,0.719185,72,45,60,30,0,0,0,0,31,25,14,15
2026/02/04/16:09:39,871.070677,0.771844,0.719185,0.771844,0.719185,72,45,60,30,0,0,0,0,31,25,14,15
2026/02/04/16:09:40,872.071318,0.771844,0.719185,0.771844,0.719185,72,45,60,30,0,0,0,0,31,25,14,15
2026/02/04/16:09:41,873.071887,0.771844,0.719185,0.771844,0.719185,72,45,60,30,0,0,0,0,31,25,14,15
2026/02/04/16:09:42,874.072422,0.771844,0.719185,0.771844,0.719185,72,45,60,30,0,0,0,0,31,25,14,15
2026/02/04/16:09:43,875.072976,0.771844,0.719185,0.771844,0.719185,72,45,60,30,0,0,0,0,31,25,14,15
2026/02/04/16:09:44,876.073471,0.771844,0.719185,0.771844,0.719185,72,45,60,30,0,0,0,0,31,25,14,15
2026/02/04/16:09:45,877.074044,0.771844,0.719185,0.771844,0.719185,72,45,60,30,0,0,0,0,31,25,14,15
2026/02/04/16:09:46,878.074686,0.771844,0.719185,0.771844,0.719185,72,45,60,30,0,0,0,0,31,25,14,15
2026/02/04/16:09:47,879.075354,0.771844,0.719185,0.771844,0.719185,72,45,60,30,0,0,0,0,31,25,14,15
2026/02/04/16:09:48,880.076046,0.771844,0.719185,0.771844,0.719185,72,45,60,30,0,0,0,0,31,25,14,15
2026/02/04/16:09:49,881.076650,0.771844,0.719185,0.771844,0.719185,72,45,60,30,0,0,0,0,31,25,14,15
2026/02/04/16:09:50,882.077260,0.771844,0.719185,0.771844,0.719185,72,45,60,30,0,0,0,0,31,25,14,15
2026/02/04/16:09:51,883.077799,0.771844,0.719185,0.771844,0.719185,72,45,60,30,0,0,0,0,31,25,14,15
2026/02/04/16:09:52,884.078469,0.771844,0.719185,0.771844,0.719185,72,45,60,30,0,0,0,0,31,25,14,15
2026/02/04/16:09:53,885.078968,0.771844,0.719185,0.771844,0.719185,72,45,60,30,0,0,0,0,31,25,14,15
2026/02/04/16:09:54,886.079560,0.771844,0.719185,0.771844,0.719185,72,45,60,30,0,0,0,0,31,25,14,15
2026/02/04/16:09:55,887.080197,0.771844,0.719185,0.771844,0.719185,72,45,60,30,0,0,0,0,31,25,14,15
2026/02/04/16:09:56,888.080770,0.771844,0.719185,0.771844,0.719185,72,45,60,30,0,0,0,0,31,25,14,15
2026/02/04/16:09:57,889.081326,0.771844,0.719185,0.771844,0.719185,72,45,60,30,0,0,0,0,31,25,14,15
2026/02/04/16:09:58,890.081929,0.771844,0.719185,0.771844,0.719185,72,45,60,30,0,0,0,0,31,25,14,15
2026/02/04/16:09:59,891.082580,0.771844,0.719185,0.771844,0.719185,72,45,60,30,0,0,0,0,31,25,14,15
2026/02/04/16:10:00,892.083225,0.771844,0.719185,0.771844,0.719185,72,45,60,30,0,0,0,0,31,25,14,15
2026/02/04/16:10:01,893.084114,0.771844,0.719185,0.771844,0.719185,72,45,60,30,0,0,0,0,31,25,14,15
2026/02/04/16:10:02,894.084690,0.771844,0.719185,0.771844,0.719185,72,45,60,30,0,0,0,0,31,25,14,15
2026/02/04/16:10:03,895.085493,0.771844,0.719185,0.771844,0.719185,72,45,60,30,0,0,0,0,31,25,14,15
2026/02/04/16:10:04,896.085971,0.771844,0.719185,0.771844,0.719185,72,45,60,30,0,0,0,0,31,25,14,15
2026/02/04/16:10:05,897.086668,0.771844,0.719185,0.771844,0.719185,72,45,60,30,0,0,0,0,31,25,14,15
2026/02/04/16:10:06,898.087250,0.771844,0.719185,0.771844,0.719185,72,45,60,30,0,0,0,0,31,25,14,15
2026/02/04/16:10:07,899.087978,0.771844,0.719185,0.771844,0.719185,72,45,60,30,0,0,0,0,31,25,14,15
2026/02/04/16:10:08,900.088706,0.771844,0.719185,0.771844,0.719185,72,45,60,30,0,0,0,0,31,25,14,15
2026/02/04/16:10:09,901.090343,0.771844,0.719185,0.771844,0.719185,72,45,60,30,0,0,0,0,31,25,14,15
2026/02/04/16:10:10,902.090948,0.771844,0.719185,0.771844,0.719185,72,45,60,30,0,0,0,0,31,25,14,15
2026/02/04/16:10:11,903.091513,0.771844,0.719185,0.771844,0.719185,72,45,60,30,0,0,0,0,31,25,14,15
2026/02/04/16:10:13,904.092137,0.771844,0.719185,0.771844,0.719185,72,45,60,30,0,0,0,0,31,25,14,15
2026/02/04/16:10:14,905.092678,0.771844,0.719185,0.771844,0.719185,72,45,60,30,0,0,0,0,31,25,14,15
2026/02/04/16:10:15,906.093272,0.771844,0.719185,0.771844,0.719185,72,45,60,30,0,0,0,0,31,25,14,15
2026/02/04/16:10:16,907.093606,0.771844,0.719185,0.771844,0.719185,72,45,60,30,0,0,0,0,31,25,14,15
2026/02/04/16:10:17,908.094153,0.771844,0.719185,0.771844,0.719185,72,45,60,30,0,0,0,0,31,25,14,15
2026/02/04/16:10:18,909.094666,0.771844,0.719185,0.771844,0.719185,72,45,60,30,0,0,0,0,31,25,14,15
2026/02/04/16:10:19,910.095386,0.771844,0.719185,0.771844,0.719185,72,45,60,30,0,0,0,0,31,25,14,15
2026/02/04/16:10:20,911.096126,0.771844,0.719185,0.771844,0.719185,72,45,60,30,0,0,0,0,31,25,14,15
2026/02/04/16:10:21,912.096694,0.771844,0.719185,0.771844,0.719185,72,45,60,30,0,0,0,0,31,25,14,15
2026/02/04/16:10:22,913.097231,0.771844,0.719185,0.771844,0.719185,72,45,60,30,0,0,0,0,31,25,14,15
2026/02/04/16:10:23,914.097912,0.771844,0.719185,0.771844,0.719185,72,45,60,30,0,0,0,0,31,25,14,15
2026/02/04/16:10:24,915.098448,0.771844,0.719185,0.771844,0.719185,72,45,60,30,0,0,0,0,31,25,14,15
2026/02/04/16:10:25,916.099093,0.771844,0.719185,0.771844,0.719185,72,45,60,30,0,0,0,0,31,25,14,15
2026/02/04/16:10:26,917.099631,0.771844,0.719185,0.771844,0.719185,72,45,60,30,0,0,0,0,31,25,14,15
2026/02/04/16:10:27,918.100416,0.771844,0.719185,0.771844,0.719185,72,45,60,30,0,0,0,0,31,25,14,15
2026/02/04/16:10:28,919.101607,0.771844,0.719185,0.771844,0.719185,72,45,60,30,0,0,0,0,31,25,14,15
2026/02/04/16:10:29,920.102337,0.771844,0.719185,0.771844,0.719185,72,45,60,30,0,0,0,0,31,25,14,15
2026/02/04/16:10:30,921.102981,0.771844,0.719185,0.771844,0.719185,72,45,60,30,0,0,0,0,31,25,14,15
2026/02/04/16:10:31,922.103577,0.771844,0.719185,0.771844,0.719185,72,45,60,30,0,0,0,0,31,25,14,15
2026/02/04/16:10:32,923.104155,0.771844,0.719185,0.771844,0.719185,72,45,60,30,0,0,0,0,31,25,14,15
2026/02/04/16:10:33,924.104828,0.771844,0.719185,0.771844,0.719185,72,45,60,30,0,0,0,0,31,25,14,15
2026/02/04/16:10:34,925.105398,0.771844,0.719185,0.771844,0.719185,72,45,60,30,0,0,0,0,31,25,14,15
2026/02/04/16:10:35,926.106117,0.771844,0.719185,0.771844,0.719185,72,45,60,30,0,0,0,0,31,25,14,15
2026/02/04/16:10:36,927.106630,0.823344,0.750761,0.823344,0.750761,74,50,63,30,0,0,0,0,31,25,14,15
2026/02/04/16:10:37,928.107183,0.823344,0.750761,0.823344,0.750761,74,50,63,30,0,0,0,0,31,25,14,15
2026/02/04/16:10:38,929.107755,0.823344,0.750761,0.823344,0.750761,74,50,63,30,0,0,0,0,31,25,14,15
2026/02/04/16:10:39,930.108429,0.823344,0.750761,0.823344,0.750761,74,50,63,30,0,0,0,0,31,25,14,15
2026/02/04/16:10:40,931.109056,0.823344,0.750761,0.823344,0.750761,74,50,63,30,0,0,0,0,31,25,14,15
2026/02/04/16:10:41,932.109653,0.823344,0.750761,0.823344,0.750761,74,50,63,30,0,0,0,0,31,25,14,15
2026/02/04/16:10:42,933.110268,0.823344,0.750761,0.823344,0.750761,74,50,63,30,0,0,0,0,31,25,14,15
2026/02/04/16:10:43,934.111015,0.823344,0.750761,0.823344,0.750761,74,50,63,30,0,0,0,0,31,25,14,15
2026/02/04/16:10:44,935.111572,0.823344,0.750761,0.823344,0.750761,74,50,63,30,0,0,0,0,31,25,14,15
2026/02/04/16:10:45,936.112194,0.823344,0.750761,0.823344,0.750761,74,50,63,30,0,0,0,0,31,25,14,15
2026/02/04/16:10:46,937.113689,0.823344,0.750761,0.823344,0.750761,74,50,63,30,0,0,0,0,31,25,14,15
2026/02/04/16:10:47,938.114352,0.823344,0.750761,0.823344,0.750761,74,50,63,30,0,0,0,0,31,25,14,15
2026/02/04/16:10:48,939.114857,0.823344,0.750761,0.823344,0.750761,74,50,63,30,0,0,0,0,31,25,14,15
2026/02/04/16:10:49,940.115487,0.823344,0.750761,0.823344,0.750761,74,50,63,30,0,0,0,0,31,25,14,15
2026/02/04/16:10:50,941.116133,0.823344,0.750761,0.823344,0.750761,74,50,63,30,0,0,0,0,31,25,14,15
2026/02/04/16:10:51,942.116786,0.823344,0.750761,0.823344,0.750761,74,50,63,30,0,0,0,0,31,25,14,15
2026/02/04/16:10:52,943.117447,0.823344,0.750761,0.823344,0.750761,74,50,63,30,0,0,0,0,31,25,14,15
2026/02/04/16:10:53,944.118016,0.823344,0.750761,0.823344,0.750761,74,50,63,30,0,0,0,0,31,25,14,15
2026/02/04/16:10:54,945.118643,0.823344,0.750761,0.823344,0.750761,74,50,63,30,0,0,0,0,31,25,14,15
2026/02/04/16:10:55,946.119326,0.823344,0.750761,0.823344,0.750761,74,50,63,30,0,0,0,0,31,25,14,15
2026/02/04/16:10:56,947.120002,0.823344,0.750761,0.823344,0.750761,74,50,63,30,0,0,0,0,31,25,14,15
2026/02/04/16:10:57,948.120670,0.823344,0.750761,0.823344,0.750761,74,50,63,30,0,0,0,0,31,25,14,15
2026/02/04/16:10:58,949.121418,0.823344,0.750761,0.823344,0.750761,74,50,63,30,0,0,0,0,31,25,14,15
2026/02/04/16:10:59,950.122134,0.815969,0.745686,0.815969,0.745686,72,50,63,30,0,0,0,0,33,25,14,15
2026/02/04/16:11:00,951.122742,0.815969,0.745686,0.815969,0.745686,72,50,63,30,0,0,0,0,33,25,14,15
2026/02/04/16:11:01,952.123364,0.815969,0.745686,0.815969,0.745686,72,50,63,30,0,0,0,0,33,25,14,15
2026/02/04/16:11:02,953.123913,0.815969,0.745686,0.815969,0.745686,72,50,63,30,0,0,0,0,33,25,14,15
2026/02/04/16:11:03,954.124528,0.815969,0.745686,0.815969,0.745686,72,50,63,30,0,0,0,0,33,25,14,15
2026/02/04/16:11:04,955.125034,0.815969,0.745686,0.815969,0.745686,72,50,63,30,0,0,0,0,33,25,14,15
2026/02/04/16:11:05,956.125649,0.815969,0.745686,0.815969,0.745686,72,50,63,30,0,0,0,0,33,25,14,15
2026/02/04/16:11:06,957.126340,0.815969,0.745686,0.815969,0.745686,72,50,63,30,0,0,0,0,33,25,14,15
2026/02/04/16:11:07,958.126735,0.815969,0.745686,0.815969,0.745686,72,50,63,30,0,0,0,0,33,25,14,15
2026/02/04/16:11:08,959.127377,0.815969,0.745686,0.815969,0.745686,72,50,63,30,0,0,0,0,33,25,14,15
2026/02/04/16:11:09,960.128048,0.792813,0.734727,0.792813,0.734727,72,47,63,30,0,0,0,0,33,28,14,15
2026/02/04/16:11:10,961.128708,0.792813,0.734727,0.792813,0.734727,72,47,63,30,0,0,0,0,33,28,14,15
2026/02/04/16:11:11,962.129304,0.792813,0.734727,0.792813,0.734727,72,47,63,30,0,0,0,0,33,28,14,15
2026/02/04/16:11:12,963.130063,0.792813,0.734727,0.792813,0.734727,72,47,63,30,0,0,0,0,33,28,14,15
2026/02/04/16:11:13,964.130702,0.792813,0.734727,0.792813,0.734727,72,47,63,30,0,0,0,0,33,28,14,15
2026/02/04/16:11:14,965.131289,0.777250,0.721596,0.777250,0.721596,72,47,60,30,0,0,0,0,33,28,17,15
2026/02/04/16:11:15,966.131979,0.777250,0.721596,0.777250,0.721596,72,47,60,30,0,0,0,0,33,28,17,15
2026/02/04/16:11:16,967.132537,0.777250,0.721596,0.777250,0.721596,72,47,60,30,0,0,0,0,33,28,17,15
2026/02/04/16:11:17,968.133248,0.777250,0.721596,0.777250,0.721596,72,47,60,30,0,0,0,0,33,28,17,15
2026/02/04/16:11:18,969.133832,0.777250,0.721596,0.777250,0.721596,72,47,60,30,0,0,0,0,33,28,17,15
2026/02/04/16:11:19,970.134403,0.777250,0.721596,0.777250,0.721596,72,47,60,30,0,0,0,0,33,28,17,15
2026/02/04/16:11:20,971.135034,0.777250,0.721596,0.777250,0.721596,72,47,60,30,0,0,0,0,33,28,17,15
2026/02/04/16:11:21,972.135681,0.777250,0.721596,0.777250,0.721596,72,47,60,30,0,0,0,0,33,28,17,15
2026/02/04/16:11:22,973.136389,0.777250,0.721596,0.777250,0.721596,72,47,60,30,0,0,0,0,33,28,17,15
2026/02/04/16:11:23,974.136997,0.777250,0.721596,0.777250,0.721596,72,47,60,30,0,0,0,0,33,28,17,15
2026/02/04/16:11:24,975.137646,0.777250,0.721596,0.777250,0.721596,72,47,60,30,0,0,0,0,33,28,17,15
2026/02/04/16:11:25,976.138391,0.777250,0.721596,0.777250,0.721596,72,47,60,30,0,0,0,0,33,28,17,15
2026/02/04/16:11:26,977.139057,0.777250,0.721596,0.777250,0.721596,72,47,60,30,0,0,0,0,33,28,17,15
2026/02/04/16:11:27,978.139858,0.777250,0.721596,0.777250,0.721596,72,47,60,30,0,0,0,0,33,28,17,15
2026/02/04/16:11:28,979.140491,0.777250,0.721596,0.777250,0.721596,72,47,60,30,0,0,0,0,33,28,17,15
2026/02/04/16:11:29,980.141158,0.777250,0.721596,0.777250,0.721596,72,47,60,30,0,0,0,0,33,28,17,15
2026/02/04/16:11:30,981.141798,0.777250,0.721596,0.777250,0.721596,72,47,60,30,0,0,0,0,33,28,17,15
2026/02/04/16:11:31,982.142538,0.777250,0.721596,0.777250,0.721596,72,47,60,30,0,0,0,0,33,28,17,15
2026/02/04/16:11:32,983.143098,0.777250,0.721596,0.777250,0.721596,72,47,60,30,0,0,0,0,33,28,17,15
2026/02/04/16:11:33,984.143752,0.777250,0.721596,0.777250,0.721596,72,47,60,30,0,0,0,0,33,28,17,15
2026/02/04/16:11:34,985.144395,0.777250,0.721596,0.777250,0.721596,72,47,60,30,0,0,0,0,33,28,17,15
2026/02/04/16:11:35,986.145144,0.777250,0.721596,0.777250,0.721596,72,47,60,30,0,0,0,0,33,28,17,15
2026/02/04/16:11:36,987.145773,0.777250,0.721596,0.777250,0.721596,72,47,60,30,0,0,0,0,33,28,17,15
2026/02/04/16:11:37,988.146403,0.777250,0.721596,0.777250,0.721596,72,47,60,30,0,0,0,0,33,28,17,15
2026/02/04/16:11:38,989.147018,0.777250,0.721596,0.777250,0.721596,72,47,60,30,0,0,0,0,33,28,17,15
2026/02/04/16:11:39,990.147831,0.777250,0.721596,0.777250,0.721596,72,47,60,30,0,0,0,0,33,28,17,15
2026/02/04/16:11:40,991.148412,0.777250,0.721596,0.777250,0.721596,72,47,60,30,0,0,0,0,33,28,17,15
2026/02/04/16:11:41,992.149020,0.777250,0.721596,0.777250,0.721596,72,47,60,30,0,0,0,0,33,28,17,15
2026/02/04/16:11:42,993.149668,0.777250,0.721596,0.777250,0.721596,72,47,60,30,0,0,0,0,33,28,17,15
2026/02/04/16:11:43,994.150195,0.770969,0.711316,0.770969,0.711316,72,47,57,30,0,0,0,0,33,28,20,15
2026/02/04/16:11:44,995.150781,0.770969,0.711316,0.770969,0.711316,72,47,57,30,0,0,0,0,33,28,20,15
2026/02/04/16:11:45,996.151231,0.770969,0.711316,0.770969,0.711316,72,47,57,30,0,0,0,0,33,28,20,15
2026/02/04/16:11:46,997.151703,0.793687,0.751736,0.793687,0.751736,72,47,58,35,0,0,0,0,33,28,20,15
2026/02/04/16:11:47,998.152426,0.793687,0.751736,0.793687,0.751736,72,47,58,35,0,0,0,0,33,28,20,15
2026/02/04/16:11:48,999.153041,0.777937,0.721359,0.777937,0.721359,72,47,58,32,0,0,0,0,33,28,20,18
2026/02/04/16:11:49,1000.153698,0.777937,0.721359,0.777937,0.721359,72,47,58,32,0,0,0,0,33,28,20,18
2026/02/04/16:11:50,1001.154383,0.777937,0.721359,0.777937,0.721359,72,47,58,32,0,0,0,0,33,28,20,18
2026/02/04/16:11:51,1002.155041,0.777937,0.721359,0.777937,0.721359,72,47,58,32,0,0,0,0,33,28,20,18
2026/02/04/16:11:52,1003.155629,0.777937,0.721359,0.777937,0.721359,72,47,58,32,0,0,0,0,33,28,20,18
2026/02/04/16:11:53,1004.156125,0.777937,0.721359,0.777937,0.721359,72,47,58,32,0,0,0,0,33,28,20,18
2026/02/04/16:11:54,1005.156754,0.781687,0.729860,0.781687,0.729860,74,47,58,32,0,0,0,0,33,28,20,18
2026/02/04/16:11:55,1006.157503,0.781687,0.729860,0.781687,0.729860,74,47,58,32,0,0,0,0,33,28,20,18
2026/02/04/16:11:56,1007.157957,0.840375,0.754779,0.842656,0.757285,78,53,58,33,1,0,0,0,33,28,20,18
2026/02/04/16:11:57,1008.158511,0.864500,0.793551,0.864500,0.793551,85,53,58,33,0,0,0,0,33,28,20,18
2026/02/04/16:11:58,1009.158986,0.881188,0.812652,0.890813,0.814819,86,52,63,32,1,0,0,0,35,29,20,19
2026/02/04/16:11:59,1010.159554,0.875938,0.804975,0.885563,0.807142,86,52,60,32,1,0,0,0,35,29,23,19
2026/02/04/16:12:00,1011.160086,0.873875,0.799401,0.883500,0.801568,85,52,60,32,1,0,0,0,36,29,23,19
2026/02/04/16:12:01,1012.160493,0.870375,0.793880,0.880000,0.796047,85,50,60,32,1,0,0,0,36,31,23,19
2026/02/04/16:12:02,1013.160987,0.870906,0.774538,0.870906,0.774538,82,50,60,32,0,0,0,0,40,31,23,19
2026/02/04/16:12:03,1014.161662,0.870906,0.774538,0.870906,0.774538,82,50,60,32,0,0,0,0,40,31,23,19
2026/02/04/16:12:04,1015.162365,0.870906,0.774538,0.870906,0.774538,82,50,60,32,0,0,0,0,40,31,23,19
2026/02/04/16:12:05,1016.162851,0.870906,0.774538,0.870906,0.774538,82,50,60,32,0,0,0,0,40,31,23,19
2026/02/04/16:12:06,1017.163478,0.870906,0.774538,0.870906,0.774538,82,50,60,32,0,0,0,0,40,31,23,19
2026/02/04/16:12:07,1018.164020,0.870906,0.774538,0.870906,0.774538,82,50,60,32,0,0,0,0,40,31,23,19
2026/02/04/16:12:08,1019.164577,0.870906,0.774538,0.870906,0.774538,82,50,60,32,0,0,0,0,40,31,23,19
2026/02/04/16:12:09,1020.165173,0.870906,0.774538,0.870906,0.774538,82,50,60,32,0,0,0,0,40,31,23,19
2026/02/04/16:12:10,1021.165768,0.870906,0.774538,0.870906,0.774538,82,50,60,32,0,0,0,0,40,31,23,19
2026/02/04/16:12:11,1022.166372,0.870906,0.774538,0.870906,0.774538,82,50,60,32,0,0,0,0,40,31,23,19
2026/02/04/16:12:12,1023.166945,0.870906,0.774538,0.870906,0.774538,82,50,60,32,0,0,0,0,40,31,23,19
2026/02/04/16:12:13,1024.167478,0.870906,0.774538,0.870906,0.774538,82,50,60,32,0,0,0,0,40,31,23,19
2026/02/04/16:12:14,1025.167994,0.870906,0.774538,0.870906,0.774538,82,50,60,32,0,0,0,0,40,31,23,19
2026/02/04/16:12:15,1026.168506,0.864062,0.767019,0.864062,0.767019,79,50,60,32,0,0,0,0,43,31,23,19
2026/02/04/16:12:16,1027.169106,0.864062,0.767019,0.864062,0.767019,79,50,60,32,0,0,0,0,43,31,23,19
2026/02/04/16:12:17,1028.169530,0.864062,0.767019,0.864062,0.767019,79,50,60,32,0,0,0,0,43,31,23,19
2026/02/04/16:12:18,1029.170150,0.864062,0.767019,0.864062,0.767019,79,50,60,32,0,0,0,0,43,31,23,19
2026/02/04/16:12:19,1030.170964,0.864062,0.767019,0.864062,0.767019,79,50,60,32,0,0,0,0,43,31,23,19
2026/02/04/16:12:20,1031.171443,0.864062,0.767019,0.864062,0.767019,79,50,60,32,0,0,0,0,43,31,23,19
2026/02/04/16:12:21,1032.171993,0.864062,0.767019,0.864062,0.767019,79,50,60,32,0,0,0,0,43,31,23,19
2026/02/04/16:12:22,1033.172558,0.864062,0.767019,0.864062,0.767019,79,50,60,32,0,0,0,0,43,31,23,19
2026/02/04/16:12:23,1034.173142,0.864062,0.767019,0.864062,0.767019,79,50,60,32,0,0,0,0,43,31,23,19
2026/02/04/16:12:24,1035.173794,0.864062,0.767019,0.864062,0.767019,79,50,60,32,0,0,0,0,43,31,23,19
2026/02/04/16:12:25,1036.174323,0.864062,0.767019,0.864062,0.767019,79,50,60,32,0,0,0,0,43,31,23,19
2026/02/04/16:12:26,1037.174813,0.864062,0.767019,0.864062,0.767019,79,50,60,32,0,0,0,0,43,31,23,19
2026/02/04/16:12:27,1038.175342,0.864062,0.767019,0.864062,0.767019,79,50,60,32,0,0,0,0,43,31,23,19
2026/02/04/16:12:28,1039.175901,0.864062,0.767019,0.864062,0.767019,79,50,60,32,0,0,0,0,43,31,23,19
2026/02/04/16:12:29,1040.176445,0.864062,0.767019,0.864062,0.767019,79,50,60,32,0,0,0,0,43,31,23,19
2026/02/04/16:12:30,1041.177089,0.864062,0.767019,0.864062,0.767019,79,50,60,32,0,0,0,0,43,31,23,19
2026/02/04/16:12:31,1042.177519,0.864062,0.767019,0.864062,0.767019,79,50,60,32,0,0,0,0,43,31,23,19
2026/02/04/16:12:32,1043.178118,0.864062,0.767019,0.864062,0.767019,79,50,60,32,0,0,0,0,43,31,23,19
2026/02/04/16:12:33,1044.178790,0.864062,0.767019,0.864062,0.767019,79,50,60,32,0,0,0,0,43,31,23,19
2026/02/04/16:12:34,1045.179527,0.849250,0.741959,0.849250,0.741959,76,50,60,32,0,0,0,0,46,31,23,19
2026/02/04/16:12:35,1046.180063,0.849250,0.741959,0.849250,0.741959,76,50,60,32,0,0,0,0,46,31,23,19
2026/02/04/16:12:36,1047.180733,0.849250,0.741959,0.849250,0.741959,76,50,60,32,0,0,0,0,46,31,23,19
2026/02/04/16:12:37,1048.181292,0.849250,0.741959,0.849250,0.741959,76,50,60,32,0,0,0,0,46,31,23,19
2026/02/04/16:12:38,1049.181898,0.849250,0.741959,0.849250,0.741959,76,50,60,32,0,0,0,0,46,31,23,19
2026/02/04/16:12:39,1050.182492,0.849250,0.741959,0.849250,0.741959,76,50,60,32,0,0,0,0,46,31,23,19
2026/02/04/16:12:40,1051.183114,0.849250,0.741959,0.849250,0.741959,76,50,60,32,0,0,0,0,46,31,23,19
2026/02/04/16:12:41,1052.183697,0.849250,0.741959,0.849250,0.741959,76,50,60,32,0,0,0,0,46,31,23,19
2026/02/04/16:12:42,1053.184372,0.849250,0.741959,0.849250,0.741959,76,50,60,32,0,0,0,0,46,31,23,19
2026/02/04/16:12:43,1054.186839,0.849250,0.741959,0.849250,0.741959,76,50,60,32,0,0,0,0,46,31,23,19
2026/02/04/16:12:44,1055.187304,0.849250,0.741959,0.849250,0.741959,76,50,60,32,0,0,0,0,46,31,23,19
2026/02/04/16:12:45,1056.187783,0.849250,0.741959,0.849250,0.741959,76,50,60,32,0,0,0,0,46,31,23,19
2026/02/04/16:12:46,1057.188378,0.849250,0.741959,0.849250,0.741959,76,50,60,32,0,0,0,0,46,31,23,19
2026/02/04/16:12:47,1058.189022,0.849250,0.741959,0.849250,0.741959,76,50,60,32,0,0,0,0,46,31,23,19
2026/02/04/16:12:48,1059.189605,0.849250,0.741959,0.849250,0.741959,76,50,60,32,0,0,0,0,46,31,23,19
2026/02/04/16:12:49,1060.190185,0.849250,0.741959,0.849250,0.741959,76,50,60,32,0,0,0,0,46,31,23,19
2026/02/04/16:12:50,1061.190730,0.849250,0.741959,0.849250,0.741959,76,50,60,32,0,0,0,0,46,31,23,19
2026/02/04/16:12:51,1062.191369,0.849250,0.741959,0.849250,0.741959,76,50,60,32,0,0,0,0,46,31,23,19
2026/02/04/16:12:52,1063.191987,0.849250,0.741959,0.849250,0.741959,76,50,60,32,0,0,0,0,46,31,23,19
2026/02/04/16:12:53,1064.192545,0.849250,0.741959,0.849250,0.741959,76,50,60,32,0,0,0,0,46,31,23,19
2026/02/04/16:12:54,1065.193048,0.849250,0.741959,0.849250,0.741959,76,50,60,32,0,0,0,0,46,31,23,19
2026/02/04/16:12:55,1066.193776,0.849250,0.741959,0.849250,0.741959,76,50,60,32,0,0,0,0,46,31,23,19
2026/02/04/16:12:56,1067.194340,0.849250,0.741959,0.849250,0.741959,76,50,60,32,0,0,0,0,46,31,23,19
2026/02/04/16:12:57,1068.195065,0.849250,0.741959,0.849250,0.741959,76,50,60,32,0,0,0,0,46,31,23,19
2026/02/04/16:12:58,1069.195765,0.849250,0.741959,0.849250,0.741959,76,50,60,32,0,0,0,0,46,31,23,19
2026/02/04/16:12:59,1070.196228,0.849250,0.741959,0.849250,0.741959,76,50,60,32,0,0,0,0,46,31,23,19
2026/02/04/16:13:00,1071.196942,0.849250,0.741959,0.849250,0.741959,76,50,60,32,0,0,0,0,46,31,23,19
2026/02/04/16:13:01,1072.197678,0.849250,0.741959,0.849250,0.741959,76,50,60,32,0,0,0,0,46,31,23,19
2026/02/04/16:13:02,1073.198283,0.849250,0.741959,0.849250,0.741959,76,50,60,32,0,0,0,0,46,31,23,19
2026/02/04/16:13:03,1074.198939,0.849250,0.741959,0.849250,0.741959,76,50,60,32,0,0,0,0,46,31,23,19
2026/02/04/16:13:04,1075.199625,0.849250,0.741959,0.849250,0.741959,76,50,60,32,0,0,0,0,46,31,23,19
2026/02/04/16:13:05,1076.200149,0.849250,0.741959,0.849250,0.741959,76,50,60,32,0,0,0,0,46,31,23,19
2026/02/04/16:13:06,1077.200744,0.849250,0.741959,0.849250,0.741959,76,50,60,32,0,0,0,0,46,31,23,19
2026/02/04/16:13:07,1078.201356,0.849250,0.741959,0.849250,0.741959,76,50,60,32,0,0,0,0,46,31,23,19
2026/02/04/16:13:08,1079.201965,0.849250,0.741959,0.849250,0.741959,76,50,60,32,0,0,0,0,46,31,23,19
2026/02/04/16:13:09,1080.202540,0.849250,0.741959,0.849250,0.741959,76,50,60,32,0,0,0,0,46,31,23,19
2026/02/04/16:13:10,1081.203118,0.849250,0.741959,0.849250,0.741959,76,50,60,32,0,0,0,0,46,31,23,19
2026/02/04/16:13:11,1082.203614,0.849250,0.741959,0.849250,0.741959,76,50,60,32,0,0,0,0,46,31,23,19
2026/02/04/16:13:12,1083.204220,0.849250,0.741959,0.849250,0.741959,76,50,60,32,0,0,0,0,46,31,23,19
2026/02/04/16:13:13,1084.204808,0.849250,0.741959,0.849250,0.741959,76,50,60,32,0,0,0,0,46,31,23,19
2026/02/04/16:13:14,1085.205460,0.849250,0.741959,0.855281,0.744529,76,50,60,32,0,0,1,0,46,31,23,19
2026/02/04/16:13:15,1086.205975,0.879406,0.757391,0.879406,0.757391,79,52,62,32,0,0,0,0,46,31,23,19
2026/02/04/16:13:16,1087.206579,0.879406,0.757391,0.879406,0.757391,79,52,62,32,0,0,0,0,46,31,23,19
2026/02/04/16:13:17,1088.207935,0.877531,0.754007,0.877531,0.754007,79,51,62,32,0,0,0,0,46,32,23,19
2026/02/04/16:13:18,1089.208429,0.877531,0.754007,0.877531,0.754007,79,51,62,32,0,0,0,0,46,32,23,19
2026/02/04/16:13:19,1090.209045,0.863750,0.749174,0.863750,0.749174,76,51,62,32,0,0,0,0,49,32,23,19
2026/02/04/16:13:20,1091.209583,0.863750,0.749174,0.863750,0.749174,76,51,62,32,0,0,0,0,49,32,23,19
2026/02/04/16:13:21,1092.210358,0.863750,0.749174,0.863750,0.749174,76,51,62,32,0,0,0,0,49,32,23,19
2026/02/04/16:13:22,1093.210954,0.887781,0.774132,0.887781,0.774132,76,52,67,32,0,0,0,0,49,32,23,19
2026/02/04/16:13:23,1094.211494,0.887781,0.774132,0.887781,0.774132,76,52,67,32,0,0,0,0,49,32,23,19
2026/02/04/16:13:24,1095.212252,0.915281,0.807892,0.943344,0.813843,75,54,72,34,3,0,0,0,52,32,23,19
2026/02/04/16:13:25,1096.212638,0.915281,0.807892,0.943344,0.813843,75,54,72,34,3,0,0,0,52,32,23,19
2026/02/04/16:13:26,1097.213113,0.915281,0.807892,0.943344,0.813843,75,54,72,34,3,0,0,0,52,32,23,19
2026/02/04/16:13:27,1098.213715,0.915281,0.807892,0.943344,0.813843,75,54,72,34,3,0,0,0,52,32,23,19
2026/02/04/16:13:28,1099.214333,0.915281,0.807892,0.943344,0.813843,75,54,72,34,3,0,0,0,52,32,23,19
2026/02/04/16:13:29,1100.214816,0.915281,0.807892,0.943344,0.813843,75,54,72,34,3,0,0,0,52,32,23,19
2026/02/04/16:13:30,1101.215334,0.903219,0.802752,0.931281,0.808702,75,54,70,34,3,0,0,0,52,32,25,19
2026/02/04/16:13:31,1102.215849,0.893844,0.799372,0.921906,0.805322,75,54,68,34,3,0,0,0,52,32,27,19
2026/02/04/16:13:32,1103.216347,0.893844,0.799372,0.921906,0.805322,75,54,68,34,3,0,0,0,52,32,27,19
2026/02/04/16:13:33,1104.216823,0.893844,0.799372,0.921906,0.805322,75,54,68,34,3,0,0,0,52,32,27,19
2026/02/04/16:13:34,1105.217553,0.893844,0.799372,0.921906,0.805322,75,54,68,34,3,0,0,0,52,32,27,19
2026/02/04/16:13:35,1106.218107,0.896156,0.792049,0.915406,0.796384,76,52,68,34,2,0,0,0,52,34,27,19
2026/02/04/16:13:36,1107.218678,0.896156,0.792049,0.915406,0.796384,76,52,68,34,2,0,0,0,52,34,27,19
2026/02/04/16:13:37,1108.219298,0.896156,0.792049,0.915406,0.796384,76,52,68,34,2,0,0,0,52,34,27,19
2026/02/04/16:13:38,1109.219774,0.896156,0.792049,0.915406,0.796384,76,52,68,34,2,0,0,0,52,34,27,19
2026/02/04/16:13:39,1110.220258,0.886906,0.781279,0.906156,0.785614,76,52,66,34,2,0,0,0,52,34,29,19
2026/02/04/16:13:40,1111.220892,0.886906,0.781279,0.906156,0.785614,76,52,66,34,2,0,0,0,52,34,29,19
2026/02/04/16:13:41,1112.221651,0.886906,0.781279,0.906156,0.785614,76,52,66,34,2,0,0,0,52,34,29,19
2026/02/04/16:13:42,1113.222229,0.886906,0.781279,0.906156,0.785614,76,52,66,34,2,0,0,0,52,34,29,19
2026/02/04/16:13:43,1114.222926,0.886906,0.781279,0.906156,0.785614,76,52,66,34,2,0,0,0,52,34,29,19
2026/02/04/16:13:44,1115.223518,0.886906,0.781279,0.906156,0.785614,76,52,66,34,2,0,0,0,52,34,29,19
2026/02/04/16:13:45,1116.223959,0.886906,0.781279,0.906156,0.785614,76,52,66,34,2,0,0,0,52,34,29,19
2026/02/04/16:13:46,1117.224618,0.886906,0.781279,0.906156,0.785614,76,52,66,34,2,0,0,0,52,34,29,19
2026/02/04/16:13:47,1118.225225,0.886906,0.781279,0.906156,0.785614,76,52,66,34,2,0,0,0,52,34,29,19
2026/02/04/16:13:48,1119.225868,0.886906,0.781279,0.906156,0.785614,76,52,66,34,2,0,0,0,52,34,29,19
2026/02/04/16:13:49,1120.226378,0.886906,0.781279,0.906156,0.785614,76,52,66,34,2,0,0,0,52,34,29,19
2026/02/04/16:13:50,1121.226824,0.886906,0.781279,0.906156,0.785614,76,52,66,34,2,0,0,0,52,34,29,19
2026/02/04/16:13:51,1122.227483,0.886906,0.781279,0.906156,0.785614,76,52,66,34,2,0,0,0,52,34,29,19
2026/02/04/16:13:52,1123.228028,0.886906,0.781279,0.906156,0.785614,76,52,66,34,2,0,0,0,52,34,29,19
2026/02/04/16:13:53,1124.228710,0.892406,0.776337,0.902031,0.778505,77,51,66,34,1,0,0,0,52,35,29,19
2026/02/04/16:13:54,1125.229392,0.892406,0.776337,0.902031,0.778505,77,51,66,34,1,0,0,0,52,35,29,19
2026/02/04/16:13:55,1126.229994,0.868094,0.772946,0.868094,0.772946,78,48,66,34,0,0,0,0,52,38,29,19
2026/02/04/16:13:56,1127.230511,0.826281,0.760044,0.826281,0.760044,78,48,61,34,0,0,0,0,52,38,34,19
2026/02/04/16:13:57,1128.231148,0.826281,0.760044,0.826281,0.760044,78,48,61,34,0,0,0,0,52,38,34,19
2026/02/04/16:13:58,1129.231793,0.826281,0.760044,0.826281,0.760044,78,48,61,34,0,0,0,0,52,38,34,19
2026/02/04/16:13:59,1130.232371,0.826281,0.760044,0.826281,0.760044,78,48,61,34,0,0,0,0,52,38,34,19
2026/02/04/16:14:00,1131.232911,0.826281,0.760044,0.826281,0.760044,78,48,61,34,0,0,0,0,52,38,34,19
2026/02/04/16:14:01,1132.233474,0.826281,0.760044,0.826281,0.760044,78,48,61,34,0,0,0,0,52,38,34,19
2026/02/04/16:14:02,1133.233978,0.826281,0.760044,0.826281,0.760044,78,48,61,34,0,0,0,0,52,38,34,19
2026/02/04/16:14:03,1134.234555,0.826281,0.760044,0.826281,0.760044,78,48,61,34,0,0,0,0,52,38,34,19
2026/02/04/16:14:04,1135.235100,0.826281,0.760044,0.826281,0.760044,78,48,61,34,0,0,0,0,52,38,34,19
2026/02/04/16:14:05,1136.235615,0.826281,0.760044,0.826281,0.760044,78,48,61,34,0,0,0,0,52,38,34,19
2026/02/04/16:14:06,1137.236704,0.826281,0.760044,0.826281,0.760044,78,48,61,34,0,0,0,0,52,38,34,19
2026/02/04/16:14:07,1138.237234,0.826281,0.760044,0.826281,0.760044,78,48,61,34,0,0,0,0,52,38,34,19
2026/02/04/16:14:08,1139.237783,0.826281,0.760044,0.826281,0.760044,78,48,61,34,0,0,0,0,52,38,34,19
2026/02/04/16:14:09,1140.238445,0.826281,0.760044,0.826281,0.760044,78,48,61,34,0,0,0,0,52,38,34,19
2026/02/04/16:14:10,1141.239041,0.826281,0.760044,0.826281,0.760044,78,48,61,34,0,0,0,0,52,38,34,19
2026/02/04/16:14:11,1142.239659,0.826281,0.760044,0.826281,0.760044,78,48,61,34,0,0,0,0,52,38,34,19
2026/02/04/16:14:12,1143.240795,0.826281,0.760044,0.826281,0.760044,78,48,61,34,0,0,0,0,52,38,34,19
2026/02/04/16:14:13,1144.241422,0.826281,0.760044,0.826281,0.760044,78,48,61,34,0,0,0,0,52,38,34,19
2026/02/04/16:14:14,1145.242222,0.826281,0.760044,0.826281,0.760044,78,48,61,34,0,0,0,0,52,38,34,19
2026/02/04/16:14:15,1146.242619,0.826281,0.760044,0.826281,0.760044,78,48,61,34,0,0,0,0,52,38,34,19
2026/02/04/16:14:16,1147.243492,0.831344,0.763180,0.831344,0.763180,78,48,63,34,0,0,0,0,52,38,34,19
2026/02/04/16:14:17,1148.243944,0.831344,0.763180,0.831344,0.763180,78,48,63,34,0,0,0,0,52,38,34,19
2026/02/04/16:14:18,1149.244536,0.831344,0.763180,0.831344,0.763180,78,48,63,34,0,0,0,0,52,38,34,19
2026/02/04/16:14:19,1150.245053,0.826281,0.760044,0.826281,0.760044,78,48,61,34,0,0,0,0,52,38,36,19
2026/02/04/16:14:20,1151.245653,0.826281,0.760044,0.826281,0.760044,78,48,61,34,0,0,0,0,52,38,36,19
2026/02/04/16:14:21,1152.246182,0.826281,0.760044,0.826281,0.760044,78,48,61,34,0,0,0,0,52,38,36,19
2026/02/04/16:14:22,1153.246849,0.826281,0.760044,0.826281,0.760044,78,48,61,34,0,0,0,0,52,38,36,19
2026/02/04/16:14:23,1154.247587,0.826281,0.760044,0.826281,0.760044,78,48,61,34,0,0,0,0,52,38,36,19
2026/02/04/16:14:24,1155.248315,0.826281,0.760044,0.826281,0.760044,78,48,61,34,0,0,0,0,52,38,36,19
2026/02/04/16:14:25,1156.248837,0.826281,0.760044,0.826281,0.760044,78,48,61,34,0,0,0,0,52,38,36,19
2026/02/04/16:14:26,1157.249361,0.826281,0.760044,0.826281,0.760044,78,48,61,34,0,0,0,0,52,38,36,19
2026/02/04/16:14:27,1158.252951,0.826281,0.760044,0.826281,0.760044,78,48,61,34,0,0,0,0,52,38,36,19
2026/02/04/16:14:28,1159.253628,0.826281,0.760044,0.826281,0.760044,78,48,61,34,0,0,0,0,52,38,36,19
2026/02/04/16:14:29,1160.254162,0.826281,0.760044,0.826281,0.760044,78,48,61,34,0,0,0,0,52,38,36,19
2026/02/04/16:14:30,1161.254925,0.826281,0.760044,0.826281,0.760044,78,48,61,34,0,0,0,0,52,38,36,19
2026/02/04/16:14:31,1162.255516,0.826281,0.760044,0.826281,0.760044,78,48,61,34,0,0,0,0,52,38,36,19
2026/02/04/16:14:32,1163.256122,0.826281,0.760044,0.826281,0.760044,78,48,61,34,0,0,0,0,52,38,36,19
2026/02/04/16:14:33,1164.256618,0.826281,0.760044,0.826281,0.760044,78,48,61,34,0,0,0,0,52,38,36,19
2026/02/04/16:14:34,1165.257132,0.826281,0.760044,0.826281,0.760044,78,48,61,34,0,0,0,0,52,38,36,19
2026/02/04/16:14:35,1166.257619,0.842469,0.783081,0.842469,0.783081,78,54,61,34,0,0,0,0,52,38,36,19
2026/02/04/16:14:36,1167.258163,0.842469,0.783081,0.842469,0.783081,78,54,61,34,0,0,0,0,52,38,36,19
2026/02/04/16:14:37,1168.258742,0.837219,0.767311,0.837219,0.767311,78,51,61,34,0,0,0,0,52,41,36,19
2026/02/04/16:14:38,1169.259322,0.830594,0.765486,0.830594,0.765486,78,50,61,34,0,0,0,0,52,42,36,19
2026/02/04/16:14:39,1170.260060,0.830594,0.765486,0.830594,0.765486,78,50,61,34,0,0,0,0,52,42,36,19
2026/02/04/16:14:40,1171.260721,0.830594,0.765486,0.830594,0.765486,78,50,61,34,0,0,0,0,52,42,36,19
2026/02/04/16:14:41,1172.261414,0.830594,0.765486,0.830594,0.765486,78,50,61,34,0,0,0,0,52,42,36,19
2026/02/04/16:14:42,1173.262014,0.830594,0.765486,0.830594,0.765486,78,50,61,34,0,0,0,0,52,42,36,19
2026/02/04/16:14:43,1174.262653,0.830594,0.765486,0.830594,0.765486,78,50,61,34,0,0,0,0,52,42,36,19
2026/02/04/16:14:44,1175.263289,0.830594,0.765486,0.830594,0.765486,78,50,61,34,0,0,0,0,52,42,36,19
2026/02/04/16:14:45,1176.263741,0.830594,0.765486,0.830594,0.765486,78,50,61,34,0,0,0,0,52,42,36,19
2026/02/04/16:14:46,1177.264279,0.830594,0.765486,0.830594,0.765486,78,50,61,34,0,0,0,0,52,42,36,19
2026/02/04/16:14:47,1178.264892,0.830594,0.765486,0.830594,0.765486,78,50,61,34,0,0,0,0,52,42,36,19
2026/02/04/16:14:48,1179.265497,0.844094,0.774677,0.844094,0.774677,78,51,63,34,0,0,0,0,52,42,36,19
2026/02/04/16:14:49,1180.266155,0.844094,0.774677,0.844094,0.774677,78,51,63,34,0,0,0,0,52,42,36,19
2026/02/04/16:14:50,1181.266677,0.868094,0.797280,0.868094,0.797280,84,51,66,34,0,0,0,0,52,42,36,19
2026/02/04/16:14:51,1182.267235,0.868094,0.797280,0.868094,0.797280,84,51,66,34,0,0,0,0,52,42,36,19
2026/02/04/16:14:52,1183.267784,0.864156,0.788547,0.864156,0.788547,82,51,66,34,0,0,0,0,54,42,36,19
2026/02/04/16:14:53,1184.268468,0.864156,0.788547,0.864156,0.788547,82,51,66,34,0,0,0,0,54,42,36,19
2026/02/04/16:14:54,1185.268946,0.864156,0.788547,0.864156,0.788547,82,51,66,34,0,0,0,0,54,42,36,19
2026/02/04/16:14:55,1186.269512,0.877156,0.796446,0.877156,0.796446,82,51,68,35,0,0,0,0,54,42,36,19
2026/02/04/16:14:56,1187.269959,0.877156,0.796446,0.877156,0.796446,82,51,68,35,0,0,0,0,54,42,36,19
2026/02/04/16:14:57,1188.270555,0.872531,0.793896,0.872531,0.793896,82,50,68,35,0,0,0,0,54,43,36,19
2026/02/04/16:14:58,1189.271170,0.872531,0.793896,0.872531,0.793896,82,50,68,35,0,0,0,0,54,43,36,19
2026/02/04/16:14:59,1190.271785,0.872531,0.793896,0.872531,0.793896,82,50,68,35,0,0,0,0,54,43,36,19
2026/02/04/16:15:00,1191.272258,0.872531,0.793896,0.872531,0.793896,82,50,68,35,0,0,0,0,54,43,36,19
2026/02/04/16:15:01,1192.272826,0.872531,0.793896,0.872531,0.793896,82,50,68,35,0,0,0,0,54,43,36,19
2026/02/04/16:15:02,1193.273739,0.872531,0.793896,0.872531,0.793896,82,50,68,35,0,0,0,0,54,43,36,19
2026/02/04/16:15:03,1194.274221,0.872531,0.793896,0.872531,0.793896,82,50,68,35,0,0,0,0,54,43,36,19
2026/02/04/16:15:04,1195.274703,0.872531,0.793896,0.872531,0.793896,82,50,68,35,0,0,0,0,54,43,36,19
2026/02/04/16:15:05,1196.275144,0.863656,0.787255,0.863656,0.787255,82,50,66,35,0,0,0,0,54,43,38,19
2026/02/04/16:15:06,1197.275609,0.861625,0.782797,0.861625,0.782797,81,50,66,35,0,0,0,0,55,43,38,19
2026/02/04/16:15:07,1198.276126,0.861625,0.782797,0.861625,0.782797,81,50,66,35,0,0,0,0,55,43,38,19
2026/02/04/16:15:08,1199.276628,0.861625,0.782797,0.861625,0.782797,81,50,66,35,0,0,0,0,55,43,38,19
2026/02/04/16:15:09,1200.277325,0.861625,0.782797,0.861625,0.782797,81,50,66,35,0,0,0,0,55,43,38,19
2026/02/04/16:15:10,1201.277789,0.861625,0.782797,0.861625,0.782797,81,50,66,35,0,0,0,0,55,43,38,19
2026/02/04/16:15:11,1202.278357,0.861625,0.782797,0.861625,0.782797,81,50,66,35,0,0,0,0,55,43,38,19
2026/02/04/16:15:12,1203.278860,0.861625,0.782797,0.861625,0.782797,81,50,66,35,0,0,0,0,55,43,38,19
2026/02/04/16:15:13,1204.279533,0.861625,0.782797,0.861625,0.782797,81,50,66,35,0,0,0,0,55,43,38,19
2026/02/04/16:15:14,1205.280117,0.861625,0.782797,0.861625,0.782797,81,50,66,35,0,0,0,0,55,43,38,19
2026/02/04/16:15:15,1206.280636,0.861625,0.782797,0.861625,0.782797,81,50,66,35,0,0,0,0,55,43,38,19
2026/02/04/16:15:16,1207.282468,0.854781,0.772292,0.854781,0.772292,78,50,66,35,0,0,0,0,58,43,38,19
2026/02/04/16:15:17,1208.283016,0.854781,0.772292,0.854781,0.772292,78,50,66,35,0,0,0,0,58,43,38,19
2026/02/04/16:15:18,1209.283676,0.854781,0.772292,0.854781,0.772292,78,50,66,35,0,0,0,0,58,43,38,19
2026/02/04/16:15:19,1210.284273,0.854781,0.772292,0.854781,0.772292,78,50,66,35,0,0,0,0,58,43,38,19
2026/02/04/16:15:20,1211.284837,0.851469,0.768643,0.851469,0.768643,78,48,66,35,0,0,0,0,58,45,38,19
2026/02/04/16:15:21,1212.285316,0.851469,0.768643,0.851469,0.768643,78,48,66,35,0,0,0,0,58,45,38,19
2026/02/04/16:15:22,1213.285885,0.839281,0.761291,0.839281,0.761291,78,48,63,35,0,0,0,0,58,45,41,19
2026/02/04/16:15:23,1214.286363,0.839281,0.761291,0.839281,0.761291,78,48,63,35,0,0,0,0,58,45,41,19
2026/02/04/16:15:24,1215.286911,0.839281,0.761291,0.839281,0.761291,78,48,63,35,0,0,0,0,58,45,41,19
2026/02/04/16:15:25,1216.287625,0.839281,0.761291,0.839281,0.761291,78,48,63,35,0,0,0,0,58,45,41,19
2026/02/04/16:15:26,1217.288318,0.839281,0.761291,0.839281,0.761291,78,48,63,35,0,0,0,0,58,45,41,19
2026/02/04/16:15:27,1218.288956,0.839281,0.761291,0.839281,0.761291,78,48,63,35,0,0,0,0,58,45,41,19
2026/02/04/16:15:28,1219.289459,0.839281,0.761291,0.839281,0.761291,78,48,63,35,0,0,0,0,58,45,41,19
2026/02/04/16:15:29,1220.290034,0.839281,0.761291,0.839281,0.761291,78,48,63,35,0,0,0,0,58,45,41,19
2026/02/04/16:15:30,1221.290522,0.839281,0.761291,0.839281,0.761291,78,48,63,35,0,0,0,0,58,45,41,19
2026/02/04/16:15:31,1222.291244,0.839281,0.761291,0.839281,0.761291,78,48,63,35,0,0,0,0,58,45,41,19
2026/02/04/16:15:32,1223.291835,0.839281,0.761291,0.839281,0.761291,78,48,63,35,0,0,0,0,58,45,41,19
2026/02/04/16:15:33,1224.292477,0.839281,0.761291,0.839281,0.761291,78,48,63,35,0,0,0,0,58,45,41,19
2026/02/04/16:15:34,1225.293062,0.839281,0.761291,0.839281,0.761291,78,48,63,35,0,0,0,0,58,45,41,19
2026/02/04/16:15:35,1226.293661,0.839281,0.761291,0.839281,0.761291,78,48,63,35,0,0,0,0,58,45,41,19
2026/02/04/16:15:36,1227.294334,0.839281,0.761291,0.839281,0.761291,78,48,63,35,0,0,0,0,58,45,41,19
2026/02/04/16:15:37,1228.294977,0.839281,0.761291,0.839281,0.761291,78,48,63,35,0,0,0,0,58,45,41,19
2026/02/04/16:15:38,1229.295587,0.839281,0.761291,0.839281,0.761291,78,48,63,35,0,0,0,0,58,45,41,19
2026/02/04/16:15:39,1230.296216,0.839281,0.761291,0.839281,0.761291,78,48,63,35,0,0,0,0,58,45,41,19
2026/02/04/16:15:40,1231.296903,0.839281,0.761291,0.839281,0.761291,78,48,63,35,0,0,0,0,58,45,41,19
2026/02/04/16:15:41,1232.297470,0.839281,0.761291,0.839281,0.761291,78,48,63,35,0,0,0,0,58,45,41,19
2026/02/04/16:15:42,1233.298078,0.839281,0.761291,0.839281,0.761291,78,48,63,35,0,0,0,0,58,45,41,19
2026/02/04/16:15:43,1234.298622,0.839281,0.761291,0.839281,0.761291,78,48,63,35,0,0,0,0,58,45,41,19
2026/02/04/16:15:44,1235.299301,0.839281,0.761291,0.839281,0.761291,78,48,63,35,0,0,0,0,58,45,41,19
2026/02/04/16:15:45,1236.299653,0.839281,0.761291,0.839281,0.761291,78,48,63,35,0,0,0,0,58,45,41,19
2026/02/04/16:15:46,1237.300263,0.839281,0.761291,0.839281,0.761291,78,48,63,35,0,0,0,0,58,45,41,19
2026/02/04/16:15:47,1238.301064,0.839281,0.761291,0.839281,0.761291,78,48,63,35,0,0,0,0,58,45,41,19
2026/02/04/16:15:48,1239.301740,0.839281,0.761291,0.839281,0.761291,78,48,63,35,0,0,0,0,58,45,41,19
2026/02/04/16:15:49,1240.302335,0.839281,0.761291,0.839281,0.761291,78,48,63,35,0,0,0,0,58,45,41,19
2026/02/04/16:15:50,1241.303020,0.839281,0.761291,0.839281,0.761291,78,48,63,35,0,0,0,0,58,45,41,19
2026/02/04/16:15:51,1242.303687,0.839281,0.761291,0.839281,0.761291,78,48,63,35,0,0,0,0,58,45,41,19
2026/02/04/16:15:52,1243.304341,0.839281,0.761291,0.839281,0.761291,78,48,63,35,0,0,0,0,58,45,41,19
2026/02/04/16:15:53,1244.304905,0.839281,0.761291,0.839281,0.761291,78,48,63,35,0,0,0,0,58,45,41,19
2026/02/04/16:15:54,1245.305664,0.839281,0.761291,0.839281,0.761291,78,48,63,35,0,0,0,0,58,45,41,19
2026/02/04/16:15:55,1246.306206,0.839281,0.761291,0.839281,0.761291,78,48,63,35,0,0,0,0,58,45,41,19
2026/02/04/16:15:56,1247.306908,0.839281,0.761291,0.839281,0.761291,78,48,63,35,0,0,0,0,58,45,41,19
2026/02/04/16:15:57,1248.307592,0.839281,0.761291,0.839281,0.761291,78,48,63,35,0,0,0,0,58,45,41,19
2026/02/04/16:15:58,1249.308151,0.839281,0.761291,0.839281,0.761291,78,48,63,35,0,0,0,0,58,45,41,19
2026/02/04/16:15:59,1250.308680,0.839281,0.761291,0.839281,0.761291,78,48,63,35,0,0,0,0,58,45,41,19
2026/02/04/16:16:00,1251.309212,0.839281,0.761291,0.839281,0.761291,78,48,63,35,0,0,0,0,58,45,41,19
2026/02/04/16:16:01,1252.309833,0.839281,0.761291,0.839281,0.761291,78,48,63,35,0,0,0,0,58,45,41,19
2026/02/04/16:16:02,1253.310515,0.839281,0.761291,0.839281,0.761291,78,48,63,35,0,0,0,0,58,45,41,19
2026/02/04/16:16:03,1254.311002,0.839281,0.761291,0.839281,0.761291,78,48,63,35,0,0,0,0,58,45,41,19
2026/02/04/16:16:04,1255.311548,0.839281,0.761291,0.839281,0.761291,78,48,63,35,0,0,0,0,58,45,41,19
2026/02/04/16:16:05,1256.312144,0.839281,0.761291,0.839281,0.761291,78,48,63,35,0,0,0,0,58,45,41,19
2026/02/04/16:16:06,1257.312645,0.839281,0.761291,0.839281,0.761291,78,48,63,35,0,0,0,0,58,45,41,19
2026/02/04/16:16:07,1258.313213,0.839281,0.761291,0.839281,0.761291,78,48,63,35,0,0,0,0,58,45,41,19
2026/02/04/16:16:08,1259.313748,0.839281,0.761291,0.839281,0.761291,78,48,63,35,0,0,0,0,58,45,41,19
2026/02/04/16:16:09,1260.314399,0.839281,0.761291,0.839281,0.761291,78,48,63,35,0,0,0,0,58,45,41,19
2026/02/04/16:16:10,1261.314981,0.839281,0.761291,0.839281,0.761291,78,48,63,35,0,0,0,0,58,45,41,19
2026/02/04/16:16:11,1262.315612,0.839281,0.761291,0.839281,0.761291,78,48,63,35,0,0,0,0,58,45,41,19
2026/02/04/16:16:12,1263.316282,0.839281,0.761291,0.839281,0.761291,78,48,63,35,0,0,0,0,58,45,41,19
2026/02/04/16:16:13,1264.316974,0.839281,0.761291,0.839281,0.761291,78,48,63,35,0,0,0,0,58,45,41,19
2026/02/04/16:16:14,1265.317454,0.837656,0.756949,0.837656,0.756949,78,48,62,35,0,0,0,0,58,45,42,19
2026/02/04/16:16:15,1266.317995,0.837656,0.756949,0.837656,0.756949,78,48,62,35,0,0,0,0,58,45,42,19
2026/02/04/16:16:16,1267.318715,0.837656,0.756949,0.837656,0.756949,78,48,62,35,0,0,0,0,58,45,42,19
2026/02/04/16:16:17,1268.319534,0.837656,0.756949,0.837656,0.756949,78,48,62,35,0,0,0,0,58,45,42,19
2026/02/04/16:16:18,1269.320239,0.837656,0.756949,0.837656,0.756949,78,48,62,35,0,0,0,0,58,45,42,19
2026/02/04/16:16:19,1270.320727,0.837656,0.756949,0.837656,0.756949,78,48,62,35,0,0,0,0,58,45,42,19
2026/02/04/16:16:20,1271.321392,0.837656,0.756949,0.837656,0.756949,78,48,62,35,0,0,0,0,58,45,42,19
2026/02/04/16:16:21,1272.321986,0.837656,0.756949,0.837656,0.756949,78,48,62,35,0,0,0,0,58,45,42,19
2026/02/04/16:16:22,1273.322683,0.837656,0.756949,0.837656,0.756949,78,48,62,35,0,0,0,0,58,45,42,19
2026/02/04/16:16:23,1274.323522,0.837656,0.756949,0.837656,0.756949,78,48,62,35,0,0,0,0,58,45,42,19
2026/02/04/16:16:24,1275.324169,0.837656,0.756949,0.837656,0.756949,78,48,62,35,0,0,0,0,58,45,42,19
2026/02/04/16:16:25,1276.324875,0.837656,0.756949,0.837656,0.756949,78,48,62,35,0,0,0,0,58,45,42,19
2026/02/04/16:16:26,1277.325547,0.837656,0.756949,0.837656,0.756949,78,48,62,35,0,0,0,0,58,45,42,19
2026/02/04/16:16:27,1278.326061,0.837656,0.756949,0.837656,0.756949,78,48,62,35,0,0,0,0,58,45,42,19
2026/02/04/16:16:28,1279.326790,0.837656,0.756949,0.837656,0.756949,78,48,62,35,0,0,0,0,58,45,42,19
2026/02/04/16:16:29,1280.327406,0.837656,0.756949,0.837656,0.756949,78,48,62,35,0,0,0,0,58,45,42,19
2026/02/04/16:16:30,1281.328009,0.837656,0.756949,0.837656,0.756949,78,48,62,35,0,0,0,0,58,45,42,19
2026/02/04/16:16:31,1282.328638,0.837656,0.756949,0.837656,0.756949,78,48,62,35,0,0,0,0,58,45,42,19
2026/02/04/16:16:32,1283.329340,0.837656,0.756949,0.837656,0.756949,78,48,62,35,0,0,0,0,58,45,42,19
2026/02/04/16:16:33,1284.330031,0.837656,0.756949,0.837656,0.756949,78,48,62,35,0,0,0,0,58,45,42,19
2026/02/04/16:16:34,1285.330607,0.837656,0.756949,0.837656,0.756949,78,48,62,35,0,0,0,0,58,45,42,19
2026/02/04/16:16:35,1286.331136,0.837656,0.756949,0.837656,0.756949,78,48,62,35,0,0,0,0,58,45,42,19
2026/02/04/16:16:36,1287.331881,0.837656,0.756949,0.837656,0.756949,78,48,62,35,0,0,0,0,58,45,42,19
2026/02/04/16:16:37,1288.332465,0.837656,0.756949,0.837656,0.756949,78,48,62,35,0,0,0,0,58,45,42,19
2026/02/04/16:16:38,1289.333096,0.837656,0.756949,0.837656,0.756949,78,48,62,35,0,0,0,0,58,45,42,19
2026/02/04/16:16:39,1290.333636,0.837656,0.756949,0.837656,0.756949,78,48,62,35,0,0,0,0,58,45,42,19
2026/02/04/16:16:40,1291.334151,0.837656,0.756949,0.837656,0.756949,78,48,62,35,0,0,0,0,58,45,42,19
2026/02/04/16:16:41,1292.334753,0.837656,0.756949,0.837656,0.756949,78,48,62,35,0,0,0,0,58,45,42,19
2026/02/04/16:16:42,1293.335380,0.837656,0.756949,0.837656,0.756949,78,48,62,35,0,0,0,0,58,45,42,19
2026/02/04/16:16:43,1294.335881,0.837656,0.756949,0.837656,0.756949,78,48,62,35,0,0,0,0,58,45,42,19
2026/02/04/16:16:44,1295.336435,0.837656,0.756949,0.837656,0.756949,78,48,62,35,0,0,0,0,58,45,42,19
2026/02/04/16:16:45,1296.336957,0.837656,0.756949,0.837656,0.756949,78,48,62,35,0,0,0,0,58,45,42,19
2026/02/04/16:16:46,1297.337454,0.837656,0.756949,0.837656,0.756949,78,48,62,35,0,0,0,0,58,45,42,19
2026/02/04/16:16:47,1298.338156,0.837656,0.756949,0.837656,0.756949,78,48,62,35,0,0,0,0,58,45,42,19
2026/02/04/16:16:48,1299.338782,0.837656,0.756949,0.837656,0.756949,78,48,62,35,0,0,0,0,58,45,42,19
2026/02/04/16:16:49,1300.339518,0.837656,0.756949,0.837656,0.756949,78,48,62,35,0,0,0,0,58,45,42,19
2026/02/04/16:16:50,1301.340008,0.837656,0.756949,0.837656,0.756949,78,48,62,35,0,0,0,0,58,45,42,19
2026/02/04/16:16:51,1302.340732,0.837656,0.756949,0.837656,0.756949,78,48,62,35,0,0,0,0,58,45,42,19
2026/02/04/16:16:52,1303.341249,0.837656,0.756949,0.837656,0.756949,78,48,62,35,0,0,0,0,58,45,42,19
2026/02/04/16:16:53,1304.341992,0.837656,0.756949,0.837656,0.756949,78,48,62,35,0,0,0,0,58,45,42,19
2026/02/04/16:16:54,1305.342728,0.837656,0.756949,0.837656,0.756949,78,48,62,35,0,0,0,0,58,45,42,19
2026/02/04/16:16:55,1306.343347,0.837656,0.756949,0.837656,0.756949,78,48,62,35,0,0,0,0,58,45,42,19
2026/02/04/16:16:56,1307.343820,0.837656,0.756949,0.837656,0.756949,78,48,62,35,0,0,0,0,58,45,42,19
2026/02/04/16:16:57,1308.344328,0.837656,0.756949,0.837656,0.756949,78,48,62,35,0,0,0,0,58,45,42,19
2026/02/04/16:16:58,1309.344915,0.837656,0.756949,0.837656,0.756949,78,48,62,35,0,0,0,0,58,45,42,19
2026/02/04/16:16:59,1310.345502,0.827844,0.751104,0.827844,0.751104,78,48,60,35,0,0,0,0,58,45,44,19
2026/02/04/16:17:00,1311.346120,0.827844,0.751104,0.827844,0.751104,78,48,60,35,0,0,0,0,58,45,44,19
2026/02/04/16:17:01,1312.346745,0.827844,0.751104,0.827844,0.751104,78,48,60,35,0,0,0,0,58,45,44,19
2026/02/04/16:17:02,1313.347481,0.827844,0.751104,0.827844,0.751104,78,48,60,35,0,0,0,0,58,45,44,19
2026/02/04/16:17:03,1314.348011,0.827844,0.751104,0.827844,0.751104,78,48,60,35,0,0,0,0,58,45,44,19
2026/02/04/16:17:04,1315.348700,0.827844,0.751104,0.827844,0.751104,78,48,60,35,0,0,0,0,58,45,44,19
2026/02/04/16:17:05,1316.349317,0.827844,0.751104,0.827844,0.751104,78,48,60,35,0,0,0,0,58,45,44,19
2026/02/04/16:17:06,1317.349975,0.827844,0.751104,0.827844,0.751104,78,48,60,35,0,0,0,0,58,45,44,19
2026/02/04/16:17:07,1318.350444,0.827844,0.751104,0.827844,0.751104,78,48,60,35,0,0,0,0,58,45,44,19
2026/02/04/16:17:08,1319.350978,0.827844,0.751104,0.827844,0.751104,78,48,60,35,0,0,0,0,58,45,44,19
2026/02/04/16:17:09,1320.351452,0.827844,0.751104,0.827844,0.751104,78,48,60,35,0,0,0,0,58,45,44,19
2026/02/04/16:17:10,1321.352149,0.827844,0.751104,0.827844,0.751104,78,48,60,35,0,0,0,0,58,45,44,19
2026/02/04/16:17:11,1322.352732,0.827844,0.751104,0.827844,0.751104,78,48,60,35,0,0,0,0,58,45,44,19
2026/02/04/16:17:12,1323.353151,0.827844,0.751104,0.827844,0.751104,78,48,60,35,0,0,0,0,58,45,44,19
2026/02/04/16:17:13,1324.353833,0.827844,0.751104,0.827844,0.751104,78,48,60,35,0,0,0,0,58,45,44,19
2026/02/04/16:17:14,1325.354515,0.827844,0.751104,0.827844,0.751104,78,48,60,35,0,0,0,0,58,45,44,19
2026/02/04/16:17:15,1326.355033,0.827844,0.751104,0.827844,0.751104,78,48,60,35,0,0,0,0,58,45,44,19
2026/02/04/16:17:16,1327.355631,0.827844,0.751104,0.827844,0.751104,78,48,60,35,0,0,0,0,58,45,44,19
2026/02/04/16:17:17,1328.356356,0.827844,0.751104,0.827844,0.751104,78,48,60,35,0,0,0,0,58,45,44,19
2026/02/04/16:17:18,1329.357017,0.827844,0.751104,0.827844,0.751104,78,48,60,35,0,0,0,0,58,45,44,19
2026/02/04/16:17:19,1330.357531,0.827844,0.751104,0.827844,0.751104,78,48,60,35,0,0,0,0,58,45,44,19
2026/02/04/16:17:20,1331.358156,0.827844,0.751104,0.827844,0.751104,78,48,60,35,0,0,0,0,58,45,44,19
2026/02/04/16:17:21,1332.358706,0.827844,0.751104,0.827844,0.751104,78,48,60,35,0,0,0,0,58,45,44,19
2026/02/04/16:17:22,1333.359281,0.827844,0.751104,0.827844,0.751104,78,48,60,35,0,0,0,0,58,45,44,19
2026/02/04/16:17:23,1334.359879,0.827844,0.751104,0.827844,0.751104,78,48,60,35,0,0,0,0,58,45,44,19
2026/02/04/16:17:24,1335.360389,0.827844,0.751104,0.827844,0.751104,78,48,60,35,0,0,0,0,58,45,44,19
2026/02/04/16:17:25,1336.361089,0.827844,0.751104,0.827844,0.751104,78,48,60,35,0,0,0,0,58,45,44,19
2026/02/04/16:17:26,1337.361709,0.827844,0.751104,0.827844,0.751104,78,48,60,35,0,0,0,0,58,45,44,19
2026/02/04/16:17:27,1338.362270,0.827844,0.751104,0.827844,0.751104,78,48,60,35,0,0,0,0,58,45,44,19
2026/02/04/16:17:28,1339.362907,0.827844,0.751104,0.827844,0.751104,78,48,60,35,0,0,0,0,58,45,44,19
2026/02/04/16:17:29,1340.363521,0.827844,0.751104,0.827844,0.751104,78,48,60,35,0,0,0,0,58,45,44,19
2026/02/04/16:17:30,1341.363984,0.823094,0.743409,0.823094,0.743409,78,48,60,33,0,0,0,0,58,45,44,21
2026/02/04/16:17:31,1342.364452,0.823094,0.743409,0.823094,0.743409,78,48,60,33,0,0,0,0,58,45,44,21
2026/02/04/16:17:32,1343.364984,0.823094,0.743409,0.823094,0.743409,78,48,60,33,0,0,0,0,58,45,44,21
2026/02/04/16:17:33,1344.365789,0.823094,0.743409,0.823094,0.743409,78,48,60,33,0,0,0,0,58,45,44,21
2026/02/04/16:17:34,1345.366343,0.823094,0.743409,0.823094,0.743409,78,48,60,33,0,0,0,0,58,45,44,21
2026/02/04/16:17:35,1346.366828,0.823094,0.743409,0.823094,0.743409,78,48,60,33,0,0,0,0,58,45,44,21
2026/02/04/16:17:36,1347.367510,0.823094,0.743409,0.823094,0.743409,78,48,60,33,0,0,0,0,58,45,44,21
2026/02/04/16:17:37,1348.368150,0.823094,0.743409,0.823094,0.743409,78,48,60,33,0,0,0,0,58,45,44,21
2026/02/04/16:17:38,1349.368753,0.823094,0.743409,0.823094,0.743409,78,48,60,33,0,0,0,0,58,45,44,21
2026/02/04/16:17:39,1350.369306,0.823094,0.743409,0.823094,0.743409,78,48,60,33,0,0,0,0,58,45,44,21
2026/02/04/16:17:40,1351.369864,0.823094,0.743409,0.823094,0.743409,78,48,60,33,0,0,0,0,58,45,44,21
2026/02/04/16:17:41,1352.370422,0.823094,0.743409,0.823094,0.743409,78,48,60,33,0,0,0,0,58,45,44,21
2026/02/04/16:17:42,1353.371037,0.823094,0.743409,0.823094,0.743409,78,48,60,33,0,0,0,0,58,45,44,21
2026/02/04/16:17:43,1354.371559,0.823094,0.743409,0.823094,0.743409,78,48,60,33,0,0,0,0,58,45,44,21
2026/02/04/16:17:44,1355.372048,0.823094,0.743409,0.823094,0.743409,78,48,60,33,0,0,0,0,58,45,44,21
2026/02/04/16:17:45,1356.372678,0.823094,0.743409,0.823094,0.743409,78,48,60,33,0,0,0,0,58,45,44,21
2026/02/04/16:17:46,1357.373247,0.823094,0.743409,0.823094,0.743409,78,48,60,33,0,0,0,0,58,45,44,21
2026/02/04/16:17:47,1358.373814,0.823094,0.743409,0.823094,0.743409,78,48,60,33,0,0,0,0,58,45,44,21
2026/02/04/16:17:48,1359.374354,0.823094,0.743409,0.823094,0.743409,78,48,60,33,0,0,0,0,58,45,44,21
2026/02/04/16:17:49,1360.375060,0.823094,0.743409,0.823094,0.743409,78,48,60,33,0,0,0,0,58,45,44,21
2026/02/04/16:17:50,1361.375645,0.823094,0.743409,0.823094,0.743409,78,48,60,33,0,0,0,0,58,45,44,21
2026/02/04/16:17:51,1362.376268,0.823094,0.743409,0.823094,0.743409,78,48,60,33,0,0,0,0,58,45,44,21
2026/02/04/16:17:52,1363.376788,0.823094,0.743409,0.823094,0.743409,78,48,60,33,0,0,0,0,58,45,44,21
2026/02/04/16:17:53,1364.377450,0.823094,0.743409,0.823094,0.743409,78,48,60,33,0,0,0,0,58,45,44,21
2026/02/04/16:17:54,1365.377956,0.823094,0.743409,0.823094,0.743409,78,48,60,33,0,0,0,0,58,45,44,21
2026/02/04/16:17:55,1366.378520,0.823094,0.743409,0.823094,0.743409,78,48,60,33,0,0,0,0,58,45,44,21
2026/02/04/16:17:56,1367.379169,0.823094,0.743409,0.823094,0.743409,78,48,60,33,0,0,0,0,58,45,44,21
2026/02/04/16:17:57,1368.379746,0.823094,0.743409,0.823094,0.743409,78,48,60,33,0,0,0,0,58,45,44,21
2026/02/04/16:17:58,1369.380366,0.823094,0.743409,0.823094,0.743409,78,48,60,33,0,0,0,0,58,45,44,21
2026/02/04/16:17:59,1370.380972,0.823094,0.743409,0.823094,0.743409,78,48,60,33,0,0,0,0,58,45,44,21
2026/02/04/16:18:00,1371.381542,0.823094,0.743409,0.823094,0.743409,78,48,60,33,0,0,0,0,58,45,44,21
2026/02/04/16:18:01,1372.382318,0.823094,0.743409,0.823094,0.743409,78,48,60,33,0,0,0,0,58,45,44,21
2026/02/04/16:18:02,1373.383102,0.823094,0.743409,0.823094,0.743409,78,48,60,33,0,0,0,0,58,45,44,21
2026/02/04/16:18:03,1374.383745,0.823094,0.743409,0.823094,0.743409,78,48,60,33,0,0,0,0,58,45,44,21
2026/02/04/16:18:04,1375.384422,0.821438,0.741068,0.821438,0.741068,77,48,60,33,0,0,0,0,59,45,44,21
2026/02/04/16:18:05,1376.385097,0.821438,0.741068,0.821438,0.741068,77,48,60,33,0,0,0,0,59,45,44,21
2026/02/04/16:18:06,1377.385743,0.821438,0.741068,0.821438,0.741068,77,48,60,33,0,0,0,0,59,45,44,21
2026/02/04/16:18:07,1378.386302,0.821438,0.741068,0.821438,0.741068,77,48,60,33,0,0,0,0,59,45,44,21
2026/02/04/16:18:08,1379.387033,0.821438,0.741068,0.821438,0.741068,77,48,60,33,0,0,0,0,59,45,44,21
2026/02/04/16:18:09,1380.387747,0.821438,0.741068,0.821438,0.741068,77,48,60,33,0,0,0,0,59,45,44,21
2026/02/04/16:18:10,1381.388305,0.810187,0.728990,0.810187,0.728990,77,48,57,33,0,0,0,0,59,45,47,21
2026/02/04/16:18:11,1382.388877,0.810187,0.728990,0.810187,0.728990,77,48,57,33,0,0,0,0,59,45,47,21
2026/02/04/16:18:12,1383.389468,0.810187,0.728990,0.810187,0.728990,77,48,57,33,0,0,0,0,59,45,47,21
2026/02/04/16:18:13,1384.390138,0.810187,0.728990,0.810187,0.728990,77,48,57,33,0,0,0,0,59,45,47,21
2026/02/04/16:18:14,1385.390712,0.810187,0.728990,0.810187,0.728990,77,48,57,33,0,0,0,0,59,45,47,21
2026/02/04/16:18:15,1386.391091,0.810187,0.728990,0.810187,0.728990,77,48,57,33,0,0,0,0,59,45,47,21
2026/02/04/16:18:16,1387.391633,0.810187,0.728990,0.810187,0.728990,77,48,57,33,0,0,0,0,59,45,47,21
2026/02/04/16:18:17,1388.392366,0.810187,0.728990,0.810187,0.728990,77,48,57,33,0,0,0,0,59,45,47,21
2026/02/04/16:18:18,1389.392900,0.810187,0.728990,0.810187,0.728990,77,48,57,33,0,0,0,0,59,45,47,21
2026/02/04/16:18:19,1390.393648,0.810187,0.728990,0.810187,0.728990,77,48,57,33,0,0,0,0,59,45,47,21
2026/02/04/16:18:20,1391.394233,0.810187,0.728990,0.810187,0.728990,77,48,57,33,0,0,0,0,59,45,47,21
2026/02/04/16:18:21,1392.395026,0.810187,0.728990,0.810187,0.728990,77,48,57,33,0,0,0,0,59,45,47,21
2026/02/04/16:18:22,1393.395863,0.810187,0.728990,0.810187,0.728990,77,48,57,33,0,0,0,0,59,45,47,21
2026/02/04/16:18:23,1394.396515,0.810187,0.728990,0.810187,0.728990,77,48,57,33,0,0,0,0,59,45,47,21
2026/02/04/16:18:24,1395.397262,0.810187,0.728990,0.810187,0.728990,77,48,57,33,0,0,0,0,59,45,47,21
2026/02/04/16:18:25,1396.397927,0.810187,0.728990,0.810187,0.728990,77,48,57,33,0,0,0,0,59,45,47,21
2026/02/04/16:18:26,1397.398544,0.810187,0.728990,0.810187,0.728990,77,48,57,33,0,0,0,0,59,45,47,21
2026/02/04/16:18:27,1398.399049,0.810187,0.728990,0.810187,0.728990,77,48,57,33,0,0,0,0,59,45,47,21
2026/02/04/16:18:28,1399.399544,0.810187,0.728990,0.810187,0.728990,77,48,57,33,0,0,0,0,59,45,47,21
2026/02/04/16:18:29,1400.400249,0.810187,0.728990,0.810187,0.728990,77,48,57,33,0,0,0,0,59,45,47,21
2026/02/04/16:18:30,1401.400857,0.810187,0.728990,0.810187,0.728990,77,48,57,33,0,0,0,0,59,45,47,21
2026/02/04/16:18:31,1402.401451,0.810187,0.728990,0.810187,0.728990,77,48,57,33,0,0,0,0,59,45,47,21
2026/02/04/16:18:32,1403.402154,0.810187,0.728990,0.810187,0.728990,77,48,57,33,0,0,0,0,59,45,47,21
2026/02/04/16:18:33,1404.402670,0.810187,0.728990,0.810187,0.728990,77,48,57,33,0,0,0,0,59,45,47,21
2026/02/04/16:18:34,1405.403288,0.810187,0.728990,0.810187,0.728990,77,48,57,33,0,0,0,0,59,45,47,21
2026/02/04/16:18:35,1406.404047,0.810187,0.728990,0.810187,0.728990,77,48,57,33,0,0,0,0,59,45,47,21
2026/02/04/16:18:36,1407.404639,0.810187,0.728990,0.810187,0.728990,77,48,57,33,0,0,0,0,59,45,47,21
2026/02/04/16:18:37,1408.405257,0.810187,0.728990,0.810187,0.728990,77,48,57,33,0,0,0,0,59,45,47,21
2026/02/04/16:18:38,1409.406022,0.810187,0.728990,0.810187,0.728990,77,48,57,33,0,0,0,0,59,45,47,21
2026/02/04/16:18:39,1410.406714,0.810187,0.728990,0.810187,0.728990,77,48,57,33,0,0,0,0,59,45,47,21
2026/02/04/16:18:40,1411.407240,0.810187,0.728990,0.810187,0.728990,77,48,57,33,0,0,0,0,59,45,47,21
2026/02/04/16:18:41,1412.407893,0.810187,0.728990,0.810187,0.728990,77,48,57,33,0,0,0,0,59,45,47,21
2026/02/04/16:18:42,1413.408586,0.810187,0.728990,0.810187,0.728990,77,48,57,33,0,0,0,0,59,45,47,21
2026/02/04/16:18:43,1414.409193,0.810187,0.728990,0.810187,0.728990,77,48,57,33,0,0,0,0,59,45,47,21
2026/02/04/16:18:44,1415.409842,0.810187,0.728990,0.810187,0.728990,77,48,57,33,0,0,0,0,59,45,47,21
2026/02/04/16:18:45,1416.410313,0.810187,0.728990,0.810187,0.728990,77,48,57,33,0,0,0,0,59,45,47,21
2026/02/04/16:18:46,1417.410864,0.810187,0.728990,0.810187,0.728990,77,48,57,33,0,0,0,0,59,45,47,21
2026/02/04/16:18:47,1418.411505,0.810187,0.728990,0.810187,0.728990,77,48,57,33,0,0,0,0,59,45,47,21
2026/02/04/16:18:48,1419.412160,0.810187,0.728990,0.810187,0.728990,77,48,57,33,0,0,0,0,59,45,47,21
2026/02/04/16:18:49,1420.412708,0.810187,0.728990,0.810187,0.728990,77,48,57,33,0,0,0,0,59,45,47,21
2026/02/04/16:18:50,1421.413270,0.810187,0.728990,0.810187,0.728990,77,48,57,33,0,0,0,0,59,45,47,21
2026/02/04/16:18:51,1422.413882,0.810187,0.728990,0.810187,0.728990,77,48,57,33,0,0,0,0,59,45,47,21
2026/02/04/16:18:52,1423.414379,0.810187,0.728990,0.810187,0.728990,77,48,57,33,0,0,0,0,59,45,47,21
2026/02/04/16:18:53,1424.414986,0.810187,0.728990,0.810187,0.728990,77,48,57,33,0,0,0,0,59,45,47,21
2026/02/04/16:18:54,1425.415643,0.810187,0.728990,0.810187,0.728990,77,48,57,33,0,0,0,0,59,45,47,21
2026/02/04/16:18:55,1426.416247,0.810187,0.728990,0.810187,0.728990,77,48,57,33,0,0,0,0,59,45,47,21
2026/02/04/16:18:56,1427.416676,0.810187,0.728990,0.810187,0.728990,77,48,57,33,0,0,0,0,59,45,47,21
2026/02/04/16:18:57,1428.417313,0.810187,0.728990,0.810187,0.728990,77,48,57,33,0,0,0,0,59,45,47,21
2026/02/04/16:18:58,1429.417910,0.810187,0.728990,0.810187,0.728990,77,48,57,33,0,0,0,0,59,45,47,21
2026/02/04/16:18:59,1430.418716,0.810187,0.728990,0.810187,0.728990,77,48,57,33,0,0,0,0,59,45,47,21
2026/02/04/16:19:00,1431.419402,0.810187,0.728990,0.810187,0.728990,77,48,57,33,0,0,0,0,59,45,47,21
2026/02/04/16:19:01,1432.419990,0.810187,0.728990,0.810187,0.728990,77,48,57,33,0,0,0,0,59,45,47,21
2026/02/04/16:19:02,1433.420613,0.821500,0.748839,0.821500,0.748839,81,48,57,33,0,0,0,0,59,45,47,21
2026/02/04/16:19:03,1434.421253,0.821500,0.748839,0.821500,0.748839,81,48,57,33,0,0,0,0,59,45,47,21
2026/02/04/16:19:04,1435.421733,0.832187,0.754276,0.832187,0.754276,82,48,57,35,0,0,0,0,59,45,47,21
2026/02/04/16:19:05,1436.422489,0.832187,0.754276,0.832187,0.754276,82,48,57,35,0,0,0,0,59,45,47,21
2026/02/04/16:19:06,1437.423012,0.832187,0.754276,0.832187,0.754276,82,48,57,35,0,0,0,0,59,45,47,21
2026/02/04/16:19:07,1438.423611,0.836437,0.755685,0.836437,0.755685,83,48,57,35,0,0,0,0,60,45,47,21
2026/02/04/16:19:08,1439.424045,0.836437,0.755685,0.836437,0.755685,83,48,57,35,0,0,0,0,60,45,47,21
2026/02/04/16:19:09,1440.424520,0.836437,0.755685,0.836437,0.755685,83,48,57,35,0,0,0,0,60,45,47,21
2026/02/04/16:19:10,1441.424928,0.836437,0.755685,0.836437,0.755685,83,48,57,35,0,0,0,0,60,45,47,21
2026/02/04/16:19:11,1442.425358,0.834219,0.753337,0.834219,0.753337,83,48,56,35,0,0,0,0,60,45,48,21
2026/02/04/16:19:12,1443.425964,0.834219,0.753337,0.834219,0.753337,83,48,56,35,0,0,0,0,60,45,48,21
2026/02/04/16:19:13,1444.426642,0.834219,0.753337,0.834219,0.753337,83,48,56,35,0,0,0,0,60,45,48,21
2026/02/04/16:19:14,1445.427502,0.834219,0.753337,0.834219,0.753337,83,48,56,35,0,0,0,0,60,45,48,21
2026/02/04/16:19:15,1446.428034,0.834219,0.753337,0.834219,0.753337,83,48,56,35,0,0,0,0,60,45,48,21
2026/02/04/16:19:16,1447.428715,0.834219,0.753337,0.834219,0.753337,83,48,56,35,0,0,0,0,60,45,48,21
2026/02/04/16:19:17,1448.429290,0.834219,0.753337,0.834219,0.753337,83,48,56,35,0,0,0,0,60,45,48,21
2026/02/04/16:19:18,1449.430003,0.834219,0.753337,0.834219,0.753337,83,48,56,35,0,0,0,0,60,45,48,21
2026/02/04/16:19:19,1450.430664,0.825656,0.750200,0.825656,0.750200,83,48,56,33,0,0,0,0,60,45,48,23
2026/02/04/16:19:20,1451.431162,0.825656,0.750200,0.825656,0.750200,83,48,56,33,0,0,0,0,60,45,48,23
2026/02/04/16:19:21,1452.431825,0.825656,0.750200,0.825656,0.750200,83,48,56,33,0,0,0,0,60,45,48,23
2026/02/04/16:19:22,1453.432359,0.825656,0.750200,0.825656,0.750200,83,48,56,33,0,0,0,0,60,45,48,23
2026/02/04/16:19:23,1454.433108,0.825656,0.750200,0.825656,0.750200,83,48,56,33,0,0,0,0,60,45,48,23
2026/02/04/16:19:24,1455.433614,0.825656,0.750200,0.825656,0.750200,83,48,56,33,0,0,0,0,60,45,48,23
2026/02/04/16:19:25,1456.434153,0.836969,0.756133,0.836969,0.756133,83,49,58,33,0,0,0,0,60,45,48,23
2026/02/04/16:19:26,1457.434663,0.836969,0.756133,0.836969,0.756133,83,49,58,33,0,0,0,0,60,45,48,23
2026/02/04/16:19:27,1458.435130,0.836969,0.756133,0.836969,0.756133,83,49,58,33,0,0,0,0,60,45,48,23
2026/02/04/16:19:28,1459.435753,0.836969,0.756133,0.836969,0.756133,83,49,58,33,0,0,0,0,60,45,48,23
2026/02/04/16:19:29,1460.436414,0.836969,0.756133,0.836969,0.756133,83,49,58,33,0,0,0,0,60,45,48,23
2026/02/04/16:19:30,1461.443028,0.836969,0.756133,0.836969,0.756133,83,49,58,33,0,0,0,0,60,45,48,23
2026/02/04/16:19:31,1462.443696,0.836969,0.756133,0.836969,0.756133,83,49,58,33,0,0,0,0,60,45,48,23
2026/02/04/16:19:32,1463.444291,0.836969,0.756133,0.836969,0.756133,83,49,58,33,0,0,0,0,60,45,48,23
2026/02/04/16:19:33,1464.444766,0.836969,0.756133,0.836969,0.756133,83,49,58,33,0,0,0,0,60,45,48,23
2026/02/04/16:19:34,1465.445369,0.836969,0.756133,0.836969,0.756133,83,49,58,33,0,0,0,0,60,45,48,23
2026/02/04/16:19:35,1466.445896,0.827594,0.752865,0.827594,0.752865,83,49,56,33,0,0,0,0,60,45,50,23
2026/02/04/16:19:36,1467.446488,0.820281,0.736732,0.820281,0.736732,80,49,56,33,0,0,0,0,63,45,50,23
2026/02/04/16:19:37,1468.447154,0.820281,0.736732,0.820281,0.736732,80,49,56,33,0,0,0,0,63,45,50,23
2026/02/04/16:19:38,1469.447810,0.820281,0.736732,0.820281,0.736732,80,49,56,33,0,0,0,0,63,45,50,23
2026/02/04/16:19:39,1470.448468,0.796844,0.731064,0.796844,0.731064,80,49,54,33,0,0,0,0,63,45,52,23
2026/02/04/16:19:40,1471.449140,0.796844,0.731064,0.796844,0.731064,80,49,54,33,0,0,0,0,63,45,52,23
2026/02/04/16:19:41,1472.449816,0.794719,0.728765,0.794719,0.728765,79,49,54,33,0,0,0,0,64,45,52,23
2026/02/04/16:19:42,1473.450490,0.794719,0.728765,0.794719,0.728765,79,49,54,33,0,0,0,0,64,45,52,23
2026/02/04/16:19:43,1474.451015,0.794719,0.728765,0.794719,0.728765,79,49,54,33,0,0,0,0,64,45,52,23
2026/02/04/16:19:44,1475.451528,0.794719,0.728765,0.794719,0.728765,79,49,54,33,0,0,0,0,64,45,52,23
2026/02/04/16:19:45,1476.452036,0.794719,0.728765,0.794719,0.728765,79,49,54,33,0,0,0,0,64,45,52,23
2026/02/04/16:19:46,1477.453436,0.794719,0.728765,0.794719,0.728765,79,49,54,33,0,0,0,0,64,45,52,23
2026/02/04/16:19:47,1478.454057,0.794719,0.728765,0.794719,0.728765,79,49,54,33,0,0,0,0,64,45,52,23
2026/02/04/16:19:48,1479.455299,0.794719,0.728765,0.794719,0.728765,79,49,54,33,0,0,0,0,64,45,52,23
2026/02/04/16:19:49,1480.455871,0.794719,0.728765,0.794719,0.728765,79,49,54,33,0,0,0,0,64,45,52,23
2026/02/04/16:19:50,1481.456342,0.794719,0.728765,0.794719,0.728765,79,49,54,33,0,0,0,0,64,45,52,23
2026/02/04/16:19:51,1482.457017,0.794719,0.728765,0.794719,0.728765,79,49,54,33,0,0,0,0,64,45,52,23
2026/02/04/16:19:52,1483.457440,0.794719,0.728765,0.794719,0.728765,79,49,54,33,0,0,0,0,64,45,52,23
2026/02/04/16:19:53,1484.458140,0.794719,0.728765,0.794719,0.728765,79,49,54,33,0,0,0,0,64,45,52,23
2026/02/04/16:19:54,1485.458670,0.794719,0.728765,0.794719,0.728765,79,49,54,33,0,0,0,0,64,45,52,23
2026/02/04/16:19:55,1486.459263,0.794719,0.728765,0.794719,0.728765,79,49,54,33,0,0,0,0,64,45,52,23
2026/02/04/16:19:56,1487.459874,0.794719,0.728765,0.794719,0.728765,79,49,54,33,0,0,0,0,64,45,52,23
2026/02/04/16:19:57,1488.460417,0.794719,0.728765,0.794719,0.728765,79,49,54,33,0,0,0,0,64,45,52,23
2026/02/04/16:19:58,1489.461091,0.794719,0.728765,0.794719,0.728765,79,49,54,33,0,0,0,0,64,45,52,23
2026/02/04/16:19:59,1490.461647,0.794719,0.728765,0.794719,0.728765,79,49,54,33,0,0,0,0,64,45,52,23
2026/02/04/16:20:00,1491.462191,0.794719,0.728765,0.794719,0.728765,79,49,54,33,0,0,0,0,64,45,52,23
2026/02/04/16:20:01,1492.462850,0.794719,0.728765,0.794719,0.728765,79,49,54,33,0,0,0,0,64,45,52,23
2026/02/04/16:20:02,1493.463459,0.794719,0.728765,0.794719,0.728765,79,49,54,33,0,0,0,0,64,45,52,23
2026/02/04/16:20:03,1494.464049,0.794719,0.728765,0.794719,0.728765,79,49,54,33,0,0,0,0,64,45,52,23
2026/02/04/16:20:04,1495.464556,0.794719,0.728765,0.794719,0.728765,79,49,54,33,0,0,0,0,64,45,52,23
2026/02/04/16:20:05,1496.465143,0.794719,0.728765,0.794719,0.728765,79,49,54,33,0,0,0,0,64,45,52,23
2026/02/04/16:20:06,1497.465765,0.794719,0.728765,0.794719,0.728765,79,49,54,33,0,0,0,0,64,45,52,23
2026/02/04/16:20:07,1498.466324,0.794719,0.728765,0.796531,0.737838,79,49,54,33,0,1,0,0,64,45,52,23
2026/02/04/16:20:08,1499.466772,0.816031,0.761732,0.816031,0.761732,83,50,54,36,0,0,0,0,64,45,52,23
2026/02/04/16:20:09,1500.467229,0.816031,0.761732,0.816031,0.761732,83,50,54,36,0,0,0,0,64,45,52,23
2026/02/04/16:20:10,1501.467751,0.816031,0.761732,0.816031,0.761732,83,50,54,36,0,0,0,0,64,45,52,23
2026/02/04/16:20:11,1502.468279,0.816031,0.761732,0.816031,0.761732,83,50,54,36,0,0,0,0,64,45,52,23
2026/02/04/16:20:12,1503.468906,0.816031,0.761732,0.816031,0.761732,83,50,54,36,0,0,0,0,64,45,52,23
2026/02/04/16:20:13,1504.469368,0.825781,0.765723,0.825781,0.765723,83,52,54,36,0,0,0,0,64,45,52,23
2026/02/04/16:20:14,1505.469977,0.825781,0.765723,0.825781,0.765723,83,52,54,36,0,0,0,0,64,45,52,23
2026/02/04/16:20:15,1506.470454,0.835781,0.769514,0.835781,0.769514,83,52,56,36,0,0,0,0,64,45,52,23
2026/02/04/16:20:16,1507.471043,0.839156,0.772759,0.839156,0.772759,83,52,56,37,0,0,0,0,64,47,52,23
2026/02/04/16:20:17,1508.471646,0.837344,0.763686,0.837344,0.763686,83,51,56,37,0,0,0,0,64,48,52,23
2026/02/04/16:20:18,1509.472174,0.837344,0.763686,0.837344,0.763686,83,51,56,37,0,0,0,0,64,48,52,23
2026/02/04/16:20:19,1510.472788,0.837344,0.763686,0.837344,0.763686,83,51,56,37,0,0,0,0,64,48,52,23
2026/02/04/16:20:20,1511.473452,0.837344,0.763686,0.837344,0.763686,83,51,56,37,0,0,0,0,64,48,52,23
2026/02/04/16:20:21,1512.475430,0.837344,0.763686,0.837344,0.763686,83,51,56,37,0,0,0,0,64,48,52,23
2026/02/04/16:20:22,1513.476029,0.837344,0.763686,0.837344,0.763686,83,51,56,37,0,0,0,0,64,48,52,23
2026/02/04/16:20:23,1514.476612,0.837344,0.763686,0.837344,0.763686,83,51,56,37,0,0,0,0,64,48,52,23
2026/02/04/16:20:24,1515.477159,0.837344,0.763686,0.837344,0.763686,83,51,56,37,0,0,0,0,64,48,52,23
2026/02/04/16:20:25,1516.477838,0.837344,0.763686,0.837344,0.763686,83,51,56,37,0,0,0,0,64,48,52,23
2026/02/04/16:20:26,1517.478366,0.837344,0.763686,0.837344,0.763686,83,51,56,37,0,0,0,0,64,48,52,23
2026/02/04/16:20:27,1518.478939,0.837344,0.763686,0.837344,0.763686,83,51,56,37,0,0,0,0,64,48,52,23
2026/02/04/16:20:28,1519.479668,0.837344,0.763686,0.837344,0.763686,83,51,56,37,0,0,0,0,64,48,52,23
2026/02/04/16:20:29,1520.480474,0.837344,0.763686,0.837344,0.763686,83,51,56,37,0,0,0,0,64,48,52,23
2026/02/04/16:20:30,1521.481164,0.837344,0.763686,0.837344,0.763686,83,51,56,37,0,0,0,0,64,48,52,23
2026/02/04/16:20:31,1522.481718,0.837344,0.763686,0.837344,0.763686,83,51,56,37,0,0,0,0,64,48,52,23
2026/02/04/16:20:32,1523.482207,0.837344,0.763686,0.837344,0.763686,83,51,56,37,0,0,0,0,64,48,52,23
2026/02/04/16:20:33,1524.482818,0.837344,0.763686,0.837344,0.763686,83,51,56,37,0,0,0,0,64,48,52,23
2026/02/04/16:20:34,1525.483431,0.837344,0.763686,0.837344,0.763686,83,51,56,37,0,0,0,0,64,48,52,23
2026/02/04/16:20:35,1526.483918,0.841281,0.769925,0.841281,0.769925,83,52,56,38,0,0,0,0,64,48,52,23
2026/02/04/16:20:36,1527.484422,0.841281,0.769925,0.841281,0.769925,83,52,56,38,0,0,0,0,64,48,52,23
2026/02/04/16:20:37,1528.485085,0.841281,0.769925,0.841281,0.769925,83,52,56,38,0,0,0,0,64,48,52,23
2026/02/04/16:20:38,1529.485579,0.841281,0.769925,0.841281,0.769925,83,52,56,38,0,0,0,0,64,48,52,23
2026/02/04/16:20:39,1530.486372,0.841281,0.769925,0.841281,0.769925,83,52,56,38,0,0,0,0,64,48,52,23
2026/02/04/16:20:40,1531.486848,0.841281,0.769925,0.841281,0.769925,83,52,56,38,0,0,0,0,64,48,52,23
2026/02/04/16:20:41,1532.487298,0.831281,0.766134,0.831281,0.766134,83,52,54,38,0,0,0,0,64,48,54,23
2026/02/04/16:20:42,1533.487799,0.831281,0.766134,0.831281,0.766134,83,52,54,38,0,0,0,0,64,48,54,23
2026/02/04/16:20:43,1534.490247,0.822969,0.763683,0.822969,0.763683,83,52,54,37,0,0,0,0,64,48,54,24
2026/02/04/16:20:44,1535.490846,0.822969,0.763683,0.822969,0.763683,83,52,54,37,0,0,0,0,64,48,54,24
2026/02/04/16:20:45,1536.491417,0.822969,0.763683,0.822969,0.763683,83,52,54,37,0,0,0,0,64,48,54,24
2026/02/04/16:20:46,1537.492101,0.819656,0.759524,0.819656,0.759524,81,52,54,37,0,0,0,0,66,48,54,24
2026/02/04/16:20:47,1538.492530,0.819656,0.759524,0.819656,0.759524,81,52,54,37,0,0,0,0,66,48,54,24
2026/02/04/16:20:48,1539.493095,0.819656,0.759524,0.819656,0.759524,81,52,54,37,0,0,0,0,66,48,54,24
2026/02/04/16:20:49,1540.493833,0.819656,0.759524,0.819656,0.759524,81,52,54,37,0,0,0,0,66,48,54,24
2026/02/04/16:20:50,1541.494437,0.819656,0.759524,0.819656,0.759524,81,52,54,37,0,0,0,0,66,48,54,24
2026/02/04/16:20:51,1542.495060,0.819656,0.759524,0.819656,0.759524,81,52,54,37,0,0,0,0,66,48,54,24
2026/02/04/16:20:52,1543.495624,0.819656,0.759524,0.819656,0.759524,81,52,54,37,0,0,0,0,66,48,54,24
2026/02/04/16:20:53,1544.496140,0.819656,0.759524,0.819656,0.759524,81,52,54,37,0,0,0,0,66,48,54,24
2026/02/04/16:20:54,1545.496876,0.819656,0.759524,0.819656,0.759524,81,52,54,37,0,0,0,0,66,48,54,24
2026/02/04/16:20:55,1546.497672,0.819656,0.759524,0.819656,0.759524,81,52,54,37,0,0,0,0,66,48,54,24
2026/02/04/16:20:56,1547.498265,0.819656,0.759524,0.819656,0.759524,81,52,54,37,0,0,0,0,66,48,54,24
2026/02/04/16:20:57,1548.498858,0.819656,0.759524,0.819656,0.759524,81,52,54,37,0,0,0,0,66,48,54,24
2026/02/04/16:20:58,1549.499478,0.819656,0.759524,0.819656,0.759524,81,52,54,37,0,0,0,0,66,48,54,24
2026/02/04/16:20:59,1550.500019,0.819656,0.759524,0.819656,0.759524,81,52,54,37,0,0,0,0,66,48,54,24
2026/02/04/16:21:00,1551.500609,0.819656,0.759524,0.819656,0.759524,81,52,54,37,0,0,0,0,66,48,54,24
2026/02/04/16:21:01,1552.501258,0.819656,0.759524,0.819656,0.759524,81,52,54,37,0,0,0,0,66,48,54,24
2026/02/04/16:21:02,1553.501887,0.819656,0.759524,0.819656,0.759524,81,52,54,37,0,0,0,0,66,48,54,24
2026/02/04/16:21:03,1554.502493,0.819656,0.759524,0.819656,0.759524,81,52,54,37,0,0,0,0,66,48,54,24
2026/02/04/16:21:04,1555.503144,0.819656,0.759524,0.819656,0.759524,81,52,54,37,0,0,0,0,66,48,54,24
2026/02/04/16:21:05,1556.503575,0.819656,0.759524,0.819656,0.759524,81,52,54,37,0,0,0,0,66,48,54,24
2026/02/04/16:21:06,1557.504043,0.819656,0.759524,0.819656,0.759524,81,52,54,37,0,0,0,0,66,48,54,24
2026/02/04/16:21:07,1558.504658,0.819656,0.759524,0.819656,0.759524,81,52,54,37,0,0,0,0,66,48,54,24
2026/02/04/16:21:08,1559.505209,0.819656,0.759524,0.819656,0.759524,81,52,54,37,0,0,0,0,66,48,54,24
2026/02/04/16:21:09,1560.505800,0.819656,0.759524,0.819656,0.759524,81,52,54,37,0,0,0,0,66,48,54,24
2026/02/04/16:21:10,1561.506405,0.819656,0.759524,0.819656,0.759524,81,52,54,37,0,0,0,0,66,48,54,24
2026/02/04/16:21:11,1562.507486,0.819656,0.759524,0.819656,0.759524,81,52,54,37,0,0,0,0,66,48,54,24
2026/02/04/16:21:12,1563.508174,0.819656,0.759524,0.819656,0.759524,81,52,54,37,0,0,0,0,66,48,54,24
2026/02/04/16:21:13,1564.508706,0.819656,0.759524,0.819656,0.759524,81,52,54,37,0,0,0,0,66,48,54,24
2026/02/04/16:21:14,1565.509364,0.819656,0.759524,0.819656,0.759524,81,52,54,37,0,0,0,0,66,48,54,24
2026/02/04/16:21:15,1566.509656,0.819656,0.759524,0.819656,0.759524,81,52,54,37,0,0,0,0,66,48,54,24
2026/02/04/16:21:16,1567.510139,0.819656,0.759524,0.819656,0.759524,81,52,54,37,0,0,0,0,66,48,54,24
2026/02/04/16:21:17,1568.510780,0.819656,0.759524,0.819656,0.759524,81,52,54,37,0,0,0,0,66,48,54,24
2026/02/04/16:21:18,1569.511444,0.819656,0.759524,0.819656,0.759524,81,52,54,37,0,0,0,0,66,48,54,24
2026/02/04/16:21:19,1570.512190,0.819656,0.759524,0.819656,0.759524,81,52,54,37,0,0,0,0,66,48,54,24
2026/02/04/16:21:20,1571.512767,0.819656,0.759524,0.819656,0.759524,81,52,54,37,0,0,0,0,66,48,54,24
2026/02/04/16:21:21,1572.513414,0.819656,0.759524,0.819656,0.759524,81,52,54,37,0,0,0,0,66,48,54,24
2026/02/04/16:21:22,1573.514110,0.819656,0.759524,0.819656,0.759524,81,52,54,37,0,0,0,0,66,48,54,24
2026/02/04/16:21:23,1574.514700,0.817719,0.756859,0.817719,0.756859,81,51,54,37,0,0,0,0,66,49,54,24
2026/02/04/16:21:24,1575.515291,0.817719,0.756859,0.817719,0.756859,81,51,54,37,0,0,0,0,66,49,54,24
2026/02/04/16:21:25,1576.516049,0.817719,0.756859,0.817719,0.756859,81,51,54,37,0,0,0,0,66,49,54,24
2026/02/04/16:21:26,1577.516536,0.817719,0.756859,0.817719,0.756859,81,51,54,37,0,0,0,0,66,49,54,24
2026/02/04/16:21:27,1578.517082,0.817719,0.756859,0.817719,0.756859,81,51,54,37,0,0,0,0,66,49,54,24
2026/02/04/16:21:28,1579.517738,0.817719,0.756859,0.817719,0.756859,81,51,54,37,0,0,0,0,66,49,54,24
2026/02/04/16:21:29,1580.518349,0.817719,0.756859,0.817719,0.756859,81,51,54,37,0,0,0,0,66,49,54,24
2026/02/04/16:21:30,1581.518975,0.817719,0.756859,0.817719,0.756859,81,51,54,37,0,0,0,0,66,49,54,24
2026/02/04/16:21:31,1582.519728,0.817719,0.756859,0.817719,0.756859,81,51,54,37,0,0,0,0,66,49,54,24
2026/02/04/16:21:32,1583.520351,0.817719,0.756859,0.817719,0.756859,81,51,54,37,0,0,0,0,66,49,54,24
2026/02/04/16:21:33,1584.520927,0.817719,0.756859,0.817719,0.756859,81,51,54,37,0,0,0,0,66,49,54,24
2026/02/04/16:21:34,1585.521559,0.817719,0.756859,0.817719,0.756859,81,51,54,37,0,0,0,0,66,49,54,24
2026/02/04/16:21:35,1586.522171,0.817719,0.756859,0.817719,0.756859,81,51,54,37,0,0,0,0,66,49,54,24
2026/02/04/16:21:36,1587.522881,0.817719,0.756859,0.817719,0.756859,81,51,54,37,0,0,0,0,66,49,54,24
2026/02/04/16:21:37,1588.523580,0.817719,0.756859,0.817719,0.756859,81,51,54,37,0,0,0,0,66,49,54,24
2026/02/04/16:21:38,1589.524250,0.812906,0.752074,0.812906,0.752074,81,49,54,37,0,0,0,0,66,51,54,24
2026/02/04/16:21:39,1590.524910,0.812906,0.752074,0.812906,0.752074,81,49,54,37,0,0,0,0,66,51,54,24
2026/02/04/16:21:40,1591.525562,0.812906,0.752074,0.812906,0.752074,81,49,54,37,0,0,0,0,66,51,54,24
2026/02/04/16:21:41,1592.526233,0.812906,0.752074,0.812906,0.752074,81,49,54,37,0,0,0,0,66,51,54,24
2026/02/04/16:21:42,1593.526720,0.812906,0.752074,0.812906,0.752074,81,49,54,37,0,0,0,0,66,51,54,24
2026/02/04/16:21:43,1594.527411,0.808594,0.746632,0.808594,0.746632,81,47,54,37,0,0,0,0,66,53,54,24
2026/02/04/16:21:44,1595.528179,0.808594,0.746632,0.808594,0.746632,81,47,54,37,0,0,0,0,66,53,54,24
2026/02/04/16:21:45,1596.528713,0.808594,0.746632,0.808594,0.746632,81,47,54,37,0,0,0,0,66,53,54,24
2026/02/04/16:21:46,1597.529337,0.808594,0.746632,0.808594,0.746632,81,47,54,37,0,0,0,0,66,53,54,24
2026/02/04/16:21:47,1598.530058,0.808594,0.746632,0.808594,0.746632,81,47,54,37,0,0,0,0,66,53,54,24
2026/02/04/16:21:48,1599.530604,0.808594,0.746632,0.808594,0.746632,81,47,54,37,0,0,0,0,66,53,54,24
2026/02/04/16:21:49,1600.531140,0.808594,0.746632,0.808594,0.746632,81,47,54,37,0,0,0,0,66,53,54,24
2026/02/04/16:21:50,1601.531781,0.808594,0.746632,0.808594,0.746632,81,47,54,37,0,0,0,0,66,53,54,24
2026/02/04/16:21:51,1602.532421,0.808594,0.746632,0.808594,0.746632,81,47,54,37,0,0,0,0,66,53,54,24
2026/02/04/16:21:52,1603.533048,0.801469,0.730300,0.801469,0.730300,81,47,54,34,0,0,0,0,66,53,54,27
2026/02/04/16:21:53,1604.533597,0.801469,0.730300,0.801469,0.730300,81,47,54,34,0,0,0,0,66,53,54,27
2026/02/04/16:21:54,1605.534144,0.801469,0.730300,0.801469,0.730300,81,47,54,34,0,0,0,0,66,53,54,27
2026/02/04/16:21:55,1606.534704,0.801469,0.730300,0.801469,0.730300,81,47,54,34,0,0,0,0,66,53,54,27
2026/02/04/16:21:56,1607.535371,0.801469,0.730300,0.801469,0.730300,81,47,54,34,0,0,0,0,66,53,54,27
2026/02/04/16:21:57,1608.536039,0.801469,0.730300,0.801469,0.730300,81,47,54,34,0,0,0,0,66,53,54,27
2026/02/04/16:21:58,1609.537779,0.801469,0.730300,0.801469,0.730300,81,47,54,34,0,0,0,0,66,53,54,27
2026/02/04/16:21:59,1610.538296,0.810031,0.752229,0.810031,0.752229,81,50,54,36,0,0,0,0,66,53,54,27
2026/02/04/16:22:00,1611.538890,0.821438,0.760670,0.821438,0.760670,84,51,54,36,0,0,0,0,66,53,54,27
2026/02/04/16:22:01,1612.539449,0.821438,0.760670,0.821438,0.760670,84,51,54,36,0,0,0,0,66,53,54,27
2026/02/04/16:22:02,1613.540003,0.821438,0.760670,0.821438,0.760670,84,51,54,36,0,0,0,0,66,53,54,27
2026/02/04/16:22:03,1614.540429,0.821438,0.760670,0.821438,0.760670,84,51,54,36,0,0,0,0,66,53,54,27
2026/02/04/16:22:04,1615.541027,0.821438,0.760670,0.821438,0.760670,84,51,54,36,0,0,0,0,66,53,54,27
2026/02/04/16:22:05,1616.541779,0.821438,0.760670,0.821438,0.760670,84,51,54,36,0,0,0,0,66,53,54,27
2026/02/04/16:22:06,1617.542390,0.821438,0.760670,0.821438,0.760670,84,51,54,36,0,0,0,0,66,53,54,27
2026/02/04/16:22:07,1618.543015,0.815906,0.756848,0.815906,0.756848,83,50,54,36,0,0,0,0,67,54,54,27
2026/02/04/16:22:08,1619.543741,0.804156,0.745933,0.804156,0.745933,80,50,54,34,0,0,0,0,70,54,54,29
2026/02/04/16:22:09,1620.544291,0.814063,0.789021,0.814063,0.789021,83,50,54,36,0,0,0,0,70,54,54,29
2026/02/04/16:22:10,1621.544966,0.814063,0.789021,0.814063,0.789021,83,50,54,36,0,0,0,0,70,54,54,29
2026/02/04/16:22:11,1622.545576,0.814063,0.789021,0.814063,0.789021,83,50,54,36,0,0,0,0,70,54,54,29
2026/02/04/16:22:12,1623.546104,0.814063,0.789021,0.814063,0.789021,83,50,54,36,0,0,0,0,70,54,54,29
2026/02/04/16:22:13,1624.546824,0.814063,0.789021,0.814063,0.789021,83,50,54,36,0,0,0,0,70,54,54,29
2026/02/04/16:22:14,1625.547428,0.814063,0.789021,0.814063,0.789021,83,50,54,36,0,0,0,0,70,54,54,29
2026/02/04/16:22:15,1626.547850,0.814063,0.789021,0.814063,0.789021,83,50,54,36,0,0,0,0,70,54,54,29
2026/02/04/16:22:16,1627.548428,0.814063,0.789021,0.814063,0.789021,83,50,54,36,0,0,0,0,70,54,54,29
2026/02/04/16:22:17,1628.548976,0.814063,0.789021,0.814063,0.789021,83,50,54,36,0,0,0,0,70,54,54,29
2026/02/04/16:22:18,1629.549714,0.814063,0.789021,0.814063,0.789021,83,50,54,36,0,0,0,0,70,54,54,29
2026/02/04/16:22:19,1630.550472,0.814063,0.789021,0.814063,0.789021,83,50,54,36,0,0,0,0,70,54,54,29
2026/02/04/16:22:20,1631.551120,0.814063,0.789021,0.814063,0.789021,83,50,54,36,0,0,0,0,70,54,54,29
2026/02/04/16:22:21,1632.551809,0.814063,0.789021,0.814063,0.789021,83,50,54,36,0,0,0,0,70,54,54,29
2026/02/04/16:22:22,1633.552475,0.802281,0.753570,0.802281,0.753570,78,50,54,36,0,0,0,0,75,54,54,29
2026/02/04/16:22:23,1634.553135,0.802281,0.753570,0.802281,0.753570,78,50,54,36,0,0,0,0,75,54,54,29
2026/02/04/16:22:24,1635.553749,0.790156,0.748295,0.790156,0.748295,78,50,52,36,0,0,0,0,75,54,56,29
2026/02/04/16:22:25,1636.554406,0.782094,0.744010,0.782094,0.744010,78,48,52,36,0,0,0,0,75,56,56,29
2026/02/04/16:22:26,1637.555130,0.784500,0.753318,0.784500,0.753318,79,48,52,36,0,0,0,0,75,56,56,29
2026/02/04/16:22:27,1638.556128,0.784500,0.753318,0.784500,0.753318,79,48,52,36,0,0,0,0,75,56,56,29
2026/02/04/16:22:28,1639.556741,0.784500,0.753318,0.784500,0.753318,79,48,52,36,0,0,0,0,75,56,56,29
2026/02/04/16:22:29,1640.557482,0.784500,0.753318,0.784500,0.753318,79,48,52,36,0,0,0,0,75,56,56,29
2026/02/04/16:22:30,1641.558084,0.784500,0.753318,0.784500,0.753318,79,48,52,36,0,0,0,0,75,56,56,29
2026/02/04/16:22:31,1642.558669,0.782094,0.744010,0.782094,0.744010,78,48,52,36,0,0,0,0,76,56,56,29
2026/02/04/16:22:32,1643.559278,0.788000,0.750144,0.788000,0.750144,78,48,55,36,0,0,0,0,76,56,56,29
2026/02/04/16:22:33,1644.559884,0.788000,0.750144,0.788000,0.750144,78,48,55,36,0,0,0,0,76,56,56,29
2026/02/04/16:22:34,1645.560491,0.788000,0.750144,0.788000,0.750144,78,48,55,36,0,0,0,0,76,56,56,29
2026/02/04/16:22:35,1646.561157,0.788000,0.750144,0.788000,0.750144,78,48,55,36,0,0,0,0,76,56,56,29
2026/02/04/16:22:36,1647.561744,0.788000,0.750144,0.788000,0.750144,78,48,55,36,0,0,0,0,76,56,56,29
2026/02/04/16:22:37,1648.562529,0.788000,0.750144,0.788000,0.750144,78,48,55,36,0,0,0,0,76,56,56,29
2026/02/04/16:22:38,1649.563153,0.788000,0.750144,0.788000,0.750144,78,48,55,36,0,0,0,0,76,56,56,29
2026/02/04/16:22:39,1650.563753,0.788000,0.750144,0.788000,0.750144,78,48,55,36,0,0,0,0,76,56,56,29
2026/02/04/16:22:40,1651.564366,0.788000,0.750144,0.788000,0.750144,78,48,55,36,0,0,0,0,76,56,56,29
2026/02/04/16:22:41,1652.564931,0.788000,0.750144,0.788000,0.750144,78,48,55,36,0,0,0,0,76,56,56,29
2026/02/04/16:22:42,1653.565565,0.788000,0.750144,0.788000,0.750144,78,48,55,36,0,0,0,0,76,56,56,29
2026/02/04/16:22:43,1654.566157,0.788000,0.750144,0.788000,0.750144,78,48,55,36,0,0,0,0,76,56,56,29
2026/02/04/16:22:44,1655.566913,0.788000,0.750144,0.788000,0.750144,78,48,55,36,0,0,0,0,76,56,56,29
2026/02/04/16:22:45,1656.567488,0.788000,0.750144,0.788000,0.750144,78,48,55,36,0,0,0,0,76,56,56,29
2026/02/04/16:22:46,1657.568148,0.788000,0.750144,0.788000,0.750144,78,48,55,36,0,0,0,0,76,56,56,29
2026/02/04/16:22:47,1658.568721,0.788000,0.750144,0.788000,0.750144,78,48,55,36,0,0,0,0,76,56,56,29
2026/02/04/16:22:48,1659.569484,0.788000,0.750144,0.788000,0.750144,78,48,55,36,0,0,0,0,76,56,56,29
2026/02/04/16:22:49,1660.569959,0.788000,0.750144,0.788000,0.750144,78,48,55,36,0,0,0,0,76,56,56,29
2026/02/04/16:22:50,1661.570728,0.788000,0.750144,0.788000,0.750144,78,48,55,36,0,0,0,0,76,56,56,29
2026/02/04/16:22:51,1662.571318,0.788000,0.750144,0.788000,0.750144,78,48,55,36,0,0,0,0,76,56,56,29
2026/02/04/16:22:52,1663.571780,0.821937,0.756646,0.821937,0.756646,78,52,55,36,0,0,0,0,77,56,56,29
2026/02/04/16:22:53,1664.572404,0.821937,0.756646,0.821937,0.756646,78,52,55,36,0,0,0,0,77,56,56,29
2026/02/04/16:22:54,1665.573034,0.821937,0.756646,0.821937,0.756646,78,52,55,36,0,0,0,0,77,56,56,29
2026/02/04/16:22:55,1666.573715,0.828875,0.765445,0.828875,0.765445,79,52,55,36,0,0,0,0,77,56,56,29
2026/02/04/16:22:56,1667.574327,0.828875,0.765445,0.828875,0.765445,79,52,55,36,0,0,0,0,77,56,56,29
2026/02/04/16:22:57,1668.574938,0.828875,0.765445,0.828875,0.765445,79,52,55,36,0,0,0,0,77,56,56,29
2026/02/04/16:22:58,1669.575469,0.831063,0.768514,0.831063,0.768514,79,52,56,36,0,0,0,0,77,56,56,29
2026/02/04/16:22:59,1670.576243,0.831063,0.768514,0.831063,0.768514,79,52,56,36,0,0,0,0,77,56,56,29
2026/02/04/16:23:00,1671.576932,0.831063,0.768514,0.831063,0.768514,79,52,56,36,0,0,0,0,77,56,56,29
2026/02/04/16:23:01,1672.577587,0.831063,0.768514,0.831063,0.768514,79,52,56,36,0,0,0,0,77,56,56,29
2026/02/04/16:23:02,1673.578181,0.831063,0.768514,0.831063,0.768514,79,52,56,36,0,0,0,0,77,56,56,29
2026/02/04/16:23:03,1674.578876,0.831063,0.768514,0.831063,0.768514,79,52,56,36,0,0,0,0,77,56,56,29
2026/02/04/16:23:04,1675.579494,0.831063,0.768514,0.831063,0.768514,79,52,56,36,0,0,0,0,77,56,56,29
2026/02/04/16:23:05,1676.580210,0.831063,0.768514,0.831063,0.768514,79,52,56,36,0,0,0,0,77,56,56,29
2026/02/04/16:23:06,1677.580770,0.831063,0.768514,0.831063,0.768514,79,52,56,36,0,0,0,0,77,56,56,29
2026/02/04/16:23:07,1678.581610,0.824125,0.759715,0.824125,0.759715,78,52,56,36,0,0,0,0,78,56,56,29
2026/02/04/16:23:08,1679.582157,0.824125,0.759715,0.824125,0.759715,78,52,56,36,0,0,0,0,78,56,56,29
2026/02/04/16:23:09,1680.582669,0.824125,0.759715,0.824125,0.759715,78,52,56,36,0,0,0,0,78,56,56,29
2026/02/04/16:23:10,1681.583188,0.824125,0.759715,0.824125,0.759715,78,52,56,36,0,0,0,0,78,56,56,29
2026/02/04/16:23:11,1682.583778,0.824125,0.759715,0.824125,0.759715,78,52,56,36,0,0,0,0,78,56,56,29
2026/02/04/16:23:12,1683.584483,0.824125,0.759715,0.824125,0.759715,78,52,56,36,0,0,0,0,78,56,56,29
2026/02/04/16:23:13,1684.585525,0.824125,0.759715,0.824125,0.759715,78,52,56,36,0,0,0,0,78,56,56,29
2026/02/04/16:23:14,1685.586014,0.824125,0.759715,0.824125,0.759715,78,52,56,36,0,0,0,0,78,56,56,29
2026/02/04/16:23:15,1686.586422,0.824125,0.759715,0.824125,0.759715,78,52,56,36,0,0,0,0,78,56,56,29
2026/02/04/16:23:16,1687.587042,0.824125,0.759715,0.824125,0.759715,78,52,56,36,0,0,0,0,78,56,56,29
2026/02/04/16:23:17,1688.587738,0.824125,0.759715,0.824125,0.759715,78,52,56,36,0,0,0,0,78,56,56,29
2026/02/04/16:23:18,1689.588331,0.824125,0.759715,0.824125,0.759715,78,52,56,36,0,0,0,0,78,56,56,29
2026/02/04/16:23:19,1690.589047,0.824125,0.759715,0.824125,0.759715,78,52,56,36,0,0,0,0,78,56,56,29
2026/02/04/16:23:20,1691.589696,0.824125,0.759715,0.824125,0.759715,78,52,56,36,0,0,0,0,78,56,56,29
2026/02/04/16:23:21,1692.590364,0.824125,0.759715,0.824125,0.759715,78,52,56,36,0,0,0,0,78,56,56,29
2026/02/04/16:23:22,1693.591028,0.824125,0.759715,0.824125,0.759715,78,52,56,36,0,0,0,0,78,56,56,29
2026/02/04/16:23:23,1694.591636,0.824125,0.759715,0.824125,0.759715,78,52,56,36,0,0,0,0,78,56,56,29
2026/02/04/16:23:24,1695.592240,0.824125,0.759715,0.824125,0.759715,78,52,56,36,0,0,0,0,78,56,56,29
2026/02/04/16:23:25,1696.592975,0.824125,0.759715,0.824125,0.759715,78,52,56,36,0,0,0,0,78,56,56,29
2026/02/04/16:23:26,1697.593601,0.824125,0.759715,0.824125,0.759715,78,52,56,36,0,0,0,0,78,56,56,29
2026/02/04/16:23:27,1698.594112,0.824125,0.759715,0.824125,0.759715,78,52,56,36,0,0,0,0,78,56,56,29
2026/02/04/16:23:28,1699.594906,0.824125,0.759715,0.824125,0.759715,78,52,56,36,0,0,0,0,78,56,56,29
2026/02/04/16:23:29,1700.595522,0.824125,0.759715,0.824125,0.759715,78,52,56,36,0,0,0,0,78,56,56,29
2026/02/04/16:23:30,1701.596207,0.824125,0.759715,0.824125,0.759715,78,52,56,36,0,0,0,0,78,56,56,29
2026/02/04/16:23:31,1702.596748,0.824125,0.759715,0.824125,0.759715,78,52,56,36,0,0,0,0,78,56,56,29
2026/02/04/16:23:32,1703.597593,0.824125,0.759715,0.824125,0.759715,78,52,56,36,0,0,0,0,78,56,56,29
2026/02/04/16:23:33,1704.598246,0.824125,0.759715,0.824125,0.759715,78,52,56,36,0,0,0,0,78,56,56,29
2026/02/04/16:23:34,1705.598876,0.824125,0.759715,0.824125,0.759715,78,52,56,36,0,0,0,0,78,56,56,29
2026/02/04/16:23:35,1706.599475,0.824125,0.759715,0.824125,0.759715,78,52,56,36,0,0,0,0,78,56,56,29
2026/02/04/16:23:36,1707.599841,0.824125,0.759715,0.824125,0.759715,78,52,56,36,0,0,0,0,78,56,56,29
2026/02/04/16:23:37,1708.600699,0.824125,0.759715,0.824125,0.759715,78,52,56,36,0,0,0,0,78,56,56,29
2026/02/04/16:23:38,1709.601301,0.824125,0.759715,0.824125,0.759715,78,52,56,36,0,0,0,0,78,56,56,29
2026/02/04/16:23:39,1710.601919,0.824125,0.759715,0.824125,0.759715,78,52,56,36,0,0,0,0,78,56,56,29
2026/02/04/16:23:40,1711.602646,0.824125,0.759715,0.824125,0.759715,78,52,56,36,0,0,0,0,78,56,56,29
2026/02/04/16:23:41,1712.603369,0.824125,0.759715,0.824125,0.759715,78,52,56,36,0,0,0,0,78,56,56,29
2026/02/04/16:23:42,1713.603972,0.824125,0.759715,0.824125,0.759715,78,52,56,36,0,0,0,0,78,56,56,29
2026/02/04/16:23:43,1714.604478,0.824125,0.759715,0.824125,0.759715,78,52,56,36,0,0,0,0,78,56,56,29
2026/02/04/16:23:44,1715.605103,0.824125,0.759715,0.824125,0.759715,78,52,56,36,0,0,0,0,78,56,56,29
2026/02/04/16:23:45,1716.605574,0.824125,0.759715,0.824125,0.759715,78,52,56,36,0,0,0,0,78,56,56,29
2026/02/04/16:23:46,1717.606135,0.824125,0.759715,0.824125,0.759715,78,52,56,36,0,0,0,0,78,56,56,29
2026/02/04/16:23:47,1718.606790,0.824125,0.759715,0.824125,0.759715,78,52,56,36,0,0,0,0,78,56,56,29
2026/02/04/16:23:48,1719.607224,0.824125,0.759715,0.824125,0.759715,78,52,56,36,0,0,0,0,78,56,56,29
2026/02/04/16:23:49,1720.607943,0.824125,0.759715,0.824125,0.759715,78,52,56,36,0,0,0,0,78,56,56,29
2026/02/04/16:23:50,1721.608639,0.824125,0.759715,0.824125,0.759715,78,52,56,36,0,0,0,0,78,56,56,29
2026/02/04/16:23:51,1722.609264,0.824125,0.759715,0.824125,0.759715,78,52,56,36,0,0,0,0,78,56,56,29
2026/02/04/16:23:52,1723.609977,0.824125,0.759715,0.824125,0.759715,78,52,56,36,0,0,0,0,78,56,56,29
2026/02/04/16:23:53,1724.610661,0.824125,0.759715,0.824125,0.759715,78,52,56,36,0,0,0,0,78,56,56,29
2026/02/04/16:23:54,1725.611568,0.824125,0.759715,0.824125,0.759715,78,52,56,36,0,0,0,0,78,56,56,29
2026/02/04/16:23:55,1726.612100,0.824125,0.759715,0.824125,0.759715,78,52,56,36,0,0,0,0,78,56,56,29
2026/02/04/16:23:56,1727.612665,0.824125,0.759715,0.824125,0.759715,78,52,56,36,0,0,0,0,78,56,56,29
2026/02/04/16:23:57,1728.613181,0.824125,0.759715,0.824125,0.759715,78,52,56,36,0,0,0,0,78,56,56,29
2026/02/04/16:23:58,1729.613825,0.824125,0.759715,0.824125,0.759715,78,52,56,36,0,0,0,0,78,56,56,29
2026/02/04/16:23:59,1730.614344,0.824125,0.759715,0.824125,0.759715,78,52,56,36,0,0,0,0,78,56,56,29
2026/02/04/16:24:00,1731.614919,0.824125,0.759715,0.824125,0.759715,78,52,56,36,0,0,0,0,78,56,56,29
2026/02/04/16:24:01,1732.615615,0.824125,0.759715,0.824125,0.759715,78,52,56,36,0,0,0,0,78,56,56,29
2026/02/04/16:24:02,1733.616291,0.824125,0.759715,0.824125,0.759715,78,52,56,36,0,0,0,0,78,56,56,29
2026/02/04/16:24:03,1734.616961,0.824125,0.759715,0.824125,0.759715,78,52,56,36,0,0,0,0,78,56,56,29
2026/02/04/16:24:04,1735.617753,0.824125,0.759715,0.824125,0.759715,78,52,56,36,0,0,0,0,78,56,56,29
2026/02/04/16:24:05,1736.618344,0.824125,0.759715,0.824125,0.759715,78,52,56,36,0,0,0,0,78,56,56,29
2026/02/04/16:24:06,1737.618973,0.824125,0.759715,0.824125,0.759715,78,52,56,36,0,0,0,0,78,56,56,29
2026/02/04/16:24:07,1738.619673,0.824125,0.759715,0.824125,0.759715,78,52,56,36,0,0,0,0,78,56,56,29
2026/02/04/16:24:08,1739.620463,0.824125,0.759715,0.824125,0.759715,78,52,56,36,0,0,0,0,78,56,56,29
2026/02/04/16:24:09,1740.621209,0.824125,0.759715,0.824125,0.759715,78,52,56,36,0,0,0,0,78,56,56,29
2026/02/04/16:24:10,1741.621950,0.824125,0.759715,0.824125,0.759715,78,52,56,36,0,0,0,0,78,56,56,29
2026/02/04/16:24:11,1742.622572,0.824125,0.759715,0.824125,0.759715,78,52,56,36,0,0,0,0,78,56,56,29
2026/02/04/16:24:12,1743.623239,0.824125,0.759715,0.824125,0.759715,78,52,56,36,0,0,0,0,78,56,56,29
2026/02/04/16:24:13,1744.623816,0.824125,0.759715,0.824125,0.759715,78,52,56,36,0,0,0,0,78,56,56,29
2026/02/04/16:24:14,1745.624411,0.824125,0.759715,0.824125,0.759715,78,52,56,36,0,0,0,0,78,56,56,29
2026/02/04/16:24:15,1746.625376,0.827313,0.765730,0.827313,0.765730,78,52,57,36,0,0,0,0,78,56,56,29
2026/02/04/16:24:16,1747.625832,0.827313,0.765730,0.827313,0.765730,78,52,57,36,0,0,0,0,78,56,56,29
2026/02/04/16:24:17,1748.626529,0.827313,0.765730,0.827313,0.765730,78,52,57,36,0,0,0,0,78,56,56,29
2026/02/04/16:24:18,1749.627079,0.827313,0.765730,0.827313,0.765730,78,52,57,36,0,0,0,0,78,56,56,29
2026/02/04/16:24:19,1750.627697,0.827313,0.765730,0.827313,0.765730,78,52,57,36,0,0,0,0,78,56,56,29
2026/02/04/16:24:20,1751.628260,0.827313,0.765730,0.827313,0.765730,78,52,57,36,0,0,0,0,78,56,56,29
2026/02/04/16:24:21,1752.628941,0.827313,0.765730,0.827313,0.765730,78,52,57,36,0,0,0,0,78,56,56,29
2026/02/04/16:24:22,1753.629616,0.827313,0.765730,0.827313,0.765730,78,52,57,36,0,0,0,0,78,56,56,29
2026/02/04/16:24:23,1754.630313,0.827313,0.765730,0.827313,0.765730,78,52,57,36,0,0,0,0,78,56,56,29
2026/02/04/16:24:24,1755.630904,0.827313,0.765730,0.827313,0.765730,78,52,57,36,0,0,0,0,78,56,56,29
2026/02/04/16:24:25,1756.631626,0.827313,0.765730,0.827313,0.765730,78,52,57,36,0,0,0,0,78,56,56,29
2026/02/04/16:24:26,1757.632226,0.844750,0.803554,0.844750,0.803554,80,52,62,36,0,0,0,0,78,56,56,29
2026/02/04/16:24:27,1758.632816,0.844750,0.803554,0.844750,0.803554,80,52,62,36,0,0,0,0,78,56,56,29
2026/02/04/16:24:28,1759.633369,0.844750,0.803554,0.844750,0.803554,80,52,62,36,0,0,0,0,78,56,56,29
2026/02/04/16:24:29,1760.634048,0.844750,0.803554,0.844750,0.803554,80,52,62,36,0,0,0,0,78,56,56,29
2026/02/04/16:24:30,1761.634633,0.844750,0.803554,0.844750,0.803554,80,52,62,36,0,0,0,0,78,56,56,29
2026/02/04/16:24:31,1762.635157,0.844750,0.803554,0.844750,0.803554,80,52,62,36,0,0,0,0,78,56,56,29
2026/02/04/16:24:32,1763.635612,0.844750,0.803554,0.844750,0.803554,80,52,62,36,0,0,0,0,78,56,56,29
2026/02/04/16:24:33,1764.636583,0.844750,0.803554,0.844750,0.803554,80,52,62,36,0,0,0,0,78,56,56,29
2026/02/04/16:24:34,1765.637244,0.837250,0.792864,0.837250,0.792864,78,52,60,36,0,0,0,0,80,56,58,29
2026/02/04/16:24:35,1766.637894,0.837250,0.792864,0.837250,0.792864,78,52,60,36,0,0,0,0,80,56,58,29
2026/02/04/16:24:36,1767.638384,0.837250,0.792864,0.837250,0.792864,78,52,60,36,0,0,0,0,80,56,58,29
2026/02/04/16:24:37,1768.638993,0.837250,0.792864,0.837250,0.792864,78,52,60,36,0,0,0,0,80,56,58,29
2026/02/04/16:24:38,1769.639595,0.837250,0.792864,0.837250,0.792864,78,52,60,36,0,0,0,0,80,56,58,29
2026/02/04/16:24:39,1770.640174,0.833250,0.780607,0.833250,0.780607,78,52,60,34,0,0,0,0,80,56,58,31
2026/02/04/16:24:40,1771.640761,0.833250,0.780607,0.833250,0.780607,78,52,60,34,0,0,0,0,80,56,58,31
2026/02/04/16:24:41,1772.641371,0.833250,0.780607,0.833250,0.780607,78,52,60,34,0,0,0,0,80,56,58,31
2026/02/04/16:24:42,1773.642029,0.833250,0.780607,0.833250,0.780607,78,52,60,34,0,0,0,0,80,56,58,31
2026/02/04/16:24:43,1774.642808,0.833250,0.780607,0.833250,0.780607,78,52,60,34,0,0,0,0,80,56,58,31
2026/02/04/16:24:44,1775.643251,0.833250,0.780607,0.833250,0.780607,78,52,60,34,0,0,0,0,80,56,58,31
2026/02/04/16:24:45,1776.643834,0.833250,0.780607,0.833250,0.780607,78,52,60,34,0,0,0,0,80,56,58,31
2026/02/04/16:24:46,1777.644535,0.833250,0.780607,0.833250,0.780607,78,52,60,34,0,0,0,0,80,56,58,31
2026/02/04/16:24:47,1778.645280,0.833250,0.780607,0.833250,0.780607,78,52,60,34,0,0,0,0,80,56,58,31
2026/02/04/16:24:48,1779.645963,0.841313,0.807198,0.841313,0.807198,81,53,60,34,0,0,0,0,80,56,58,31
2026/02/04/16:24:49,1780.646449,0.841313,0.807198,0.848437,0.816702,81,53,60,34,1,0,0,0,80,56,58,31
2026/02/04/16:24:50,1781.647008,0.841313,0.807198,0.848437,0.816702,81,53,60,34,1,0,0,0,80,56,58,31
2026/02/04/16:24:51,1782.647649,0.841313,0.807198,0.848437,0.816702,81,53,60,34,1,0,0,0,80,56,58,31
2026/02/04/16:24:52,1783.648341,0.841313,0.807198,0.848437,0.816702,81,53,60,34,1,0,0,0,80,56,58,31
2026/02/04/16:24:53,1784.648941,0.841313,0.807198,0.848437,0.816702,81,53,60,34,1,0,0,0,80,56,58,31
2026/02/04/16:24:54,1785.649575,0.841313,0.807198,0.841313,0.807198,81,53,60,34,0,0,0,0,80,56,58,31
2026/02/04/16:24:55,1786.650250,0.841313,0.807198,0.841313,0.807198,81,53,60,34,0,0,0,0,80,56,58,31
2026/02/04/16:24:56,1787.650732,0.841313,0.807198,0.841313,0.807198,81,53,60,34,0,0,0,0,80,56,58,31
2026/02/04/16:24:57,1788.651365,0.841313,0.807198,0.841313,0.807198,81,53,60,34,0,0,0,0,80,56,58,31
2026/02/04/16:24:58,1789.651851,0.841313,0.807198,0.841313,0.807198,81,53,60,34,0,0,0,0,80,56,58,31
2026/02/04/16:24:59,1790.652412,0.837938,0.805601,0.837938,0.805601,81,52,60,34,0,0,0,0,80,57,58,31
2026/02/04/16:25:00,1791.652999,0.837938,0.805601,0.837938,0.805601,81,52,60,34,0,0,0,0,80,57,58,31
2026/02/04/16:25:01,1792.653642,0.837938,0.805601,0.837938,0.805601,81,52,60,34,0,0,0,0,80,57,58,31
2026/02/04/16:25:02,1793.654306,0.837938,0.805601,0.837938,0.805601,81,52,60,34,0,0,0,0,80,57,58,31
2026/02/04/16:25:03,1794.654841,0.837938,0.805601,0.837938,0.805601,81,52,60,34,0,0,0,0,80,57,58,31
2026/02/04/16:25:04,1795.655483,0.831063,0.777538,0.831063,0.777538,78,52,59,34,0,0,0,0,83,57,59,31
2026/02/04/16:25:05,1796.656156,0.831063,0.777538,0.831063,0.777538,78,52,59,34,0,0,0,0,83,57,59,31
2026/02/04/16:25:06,1797.656746,0.831063,0.777538,0.831063,0.777538,78,52,59,34,0,0,0,0,83,57,59,31
2026/02/04/16:25:07,1798.657460,0.831063,0.777538,0.831063,0.777538,78,52,59,34,0,0,0,0,83,57,59,31
2026/02/04/16:25:08,1799.657995,0.831063,0.777538,0.831063,0.777538,78,52,59,34,0,0,0,0,83,57,59,31
2026/02/04/16:25:09,1800.658799,0.831063,0.777538,0.831063,0.777538,78,52,59,34,0,0,0,0,83,57,59,31
2026/02/04/16:25:10,1801.659409,0.831063,0.777538,0.831063,0.777538,78,52,59,34,0,0,0,0,83,57,59,31
2026/02/04/16:25:11,1802.660063,0.831063,0.777538,0.831063,0.777538,78,52,59,34,0,0,0,0,83,57,59,31
2026/02/04/16:25:12,1803.660766,0.831063,0.777538,0.831063,0.777538,78,52,59,34,0,0,0,0,83,57,59,31
2026/02/04/16:25:13,1804.661386,0.831063,0.777538,0.831063,0.777538,78,52,59,34,0,0,0,0,83,57,59,31
2026/02/04/16:25:14,1805.661932,0.831063,0.777538,0.831063,0.777538,78,52,59,34,0,0,0,0,83,57,59,31
2026/02/04/16:25:15,1806.662456,0.831063,0.777538,0.831063,0.777538,78,52,59,34,0,0,0,0,83,57,59,31
2026/02/04/16:25:16,1807.663044,0.831063,0.777538,0.831063,0.777538,78,52,59,34,0,0,0,0,83,57,59,31
2026/02/04/16:25:17,1808.663630,0.831063,0.777538,0.831063,0.777538,78,52,59,34,0,0,0,0,83,57,59,31
2026/02/04/16:25:18,1809.664115,0.831063,0.777538,0.831063,0.777538,78,52,59,34,0,0,0,0,83,57,59,31
2026/02/04/16:25:19,1810.664686,0.831063,0.777538,0.831063,0.777538,78,52,59,34,0,0,0,0,83,57,59,31
2026/02/04/16:25:20,1811.665361,0.831063,0.777538,0.831063,0.777538,78,52,59,34,0,0,0,0,83,57,59,31
2026/02/04/16:25:21,1812.665862,0.831063,0.777538,0.831063,0.777538,78,52,59,34,0,0,0,0,83,57,59,31
2026/02/04/16:25:22,1813.666424,0.827875,0.771522,0.827875,0.771522,78,52,58,34,0,0,0,0,83,57,60,31
2026/02/04/16:25:23,1814.667138,0.827875,0.771522,0.827875,0.771522,78,52,58,34,0,0,0,0,83,57,60,31
2026/02/04/16:25:24,1815.667705,0.822531,0.765697,0.822531,0.765697,78,49,58,34,0,0,0,0,83,60,60,31
2026/02/04/16:25:25,1816.668350,0.822531,0.765697,0.822531,0.765697,78,49,58,34,0,0,0,0,83,60,60,31
2026/02/04/16:25:26,1817.668919,0.822531,0.765697,0.822531,0.765697,78,49,58,34,0,0,0,0,83,60,60,31
2026/02/04/16:25:27,1818.669498,0.822531,0.765697,0.822531,0.765697,78,49,58,34,0,0,0,0,83,60,60,31
2026/02/04/16:25:28,1819.670156,0.822531,0.765697,0.822531,0.765697,78,49,58,34,0,0,0,0,83,60,60,31
2026/02/04/16:25:29,1820.670795,0.822531,0.765697,0.822531,0.765697,78,49,58,34,0,0,0,0,83,60,60,31
2026/02/04/16:25:30,1821.671521,0.822531,0.765697,0.822531,0.765697,78,49,58,34,0,0,0,0,83,60,60,31
2026/02/04/16:25:31,1822.672042,0.822531,0.765697,0.822531,0.765697,78,49,58,34,0,0,0,0,83,60,60,31
2026/02/04/16:25:32,1823.672706,0.822531,0.765697,0.822531,0.765697,78,49,58,34,0,0,0,0,83,60,60,31
2026/02/04/16:25:33,1824.673115,0.822531,0.765697,0.822531,0.765697,78,49,58,34,0,0,0,0,83,60,60,31
2026/02/04/16:25:34,1825.673692,0.822531,0.765697,0.822531,0.765697,78,49,58,34,0,0,0,0,83,60,60,31
2026/02/04/16:25:35,1826.674537,0.822531,0.765697,0.822531,0.765697,78,49,58,34,0,0,0,0,83,60,60,31
2026/02/04/16:25:36,1827.675204,0.822531,0.765697,0.822531,0.765697,78,49,58,34,0,0,0,0,83,60,60,31
2026/02/04/16:25:37,1828.675799,0.822531,0.765697,0.822531,0.765697,78,49,58,34,0,0,0,0,83,60,60,31
2026/02/04/16:25:38,1829.676544,0.822531,0.765697,0.822531,0.765697,78,49,58,34,0,0,0,0,83,60,60,31
2026/02/04/16:25:39,1830.677124,0.822531,0.765697,0.822531,0.765697,78,49,58,34,0,0,0,0,83,60,60,31
2026/02/04/16:25:40,1831.677844,0.822531,0.765697,0.822531,0.765697,78,49,58,34,0,0,0,0,83,60,60,31
2026/02/04/16:25:41,1832.678325,0.822531,0.765697,0.822531,0.765697,78,49,58,34,0,0,0,0,83,60,60,31
2026/02/04/16:25:42,1833.678829,0.822531,0.765697,0.822531,0.765697,78,49,58,34,0,0,0,0,83,60,60,31
2026/02/04/16:25:43,1834.679432,0.822531,0.765697,0.822531,0.765697,78,49,58,34,0,0,0,0,83,60,60,31
2026/02/04/16:25:44,1835.680044,0.822531,0.765697,0.822531,0.765697,78,49,58,34,0,0,0,0,83,60,60,31
2026/02/04/16:25:45,1836.680437,0.822531,0.765697,0.822531,0.765697,78,49,58,34,0,0,0,0,83,60,60,31
2026/02/04/16:25:46,1837.681132,0.822531,0.765697,0.822531,0.765697,78,49,58,34,0,0,0,0,83,60,60,31
2026/02/04/16:25:47,1838.681720,0.822531,0.765697,0.822531,0.765697,78,49,58,34,0,0,0,0,83,60,60,31
2026/02/04/16:25:48,1839.682428,0.822531,0.765697,0.822531,0.765697,78,49,58,34,0,0,0,0,83,60,60,31
2026/02/04/16:25:49,1840.682976,0.822531,0.765697,0.822531,0.765697,78,49,58,34,0,0,0,0,83,60,60,31
2026/02/04/16:25:50,1841.683478,0.822531,0.765697,0.822531,0.765697,78,49,58,34,0,0,0,0,83,60,60,31
2026/02/04/16:25:51,1842.684067,0.822531,0.765697,0.822531,0.765697,78,49,58,34,0,0,0,0,83,60,60,31
2026/02/04/16:25:52,1843.684605,0.822531,0.765697,0.822531,0.765697,78,49,58,34,0,0,0,0,83,60,60,31
2026/02/04/16:25:53,1844.685248,0.822531,0.765697,0.822531,0.765697,78,49,58,34,0,0,0,0,83,60,60,31
2026/02/04/16:25:54,1845.685983,0.822531,0.765697,0.822531,0.765697,78,49,58,34,0,0,0,0,83,60,60,31
2026/02/04/16:25:55,1846.686724,0.822531,0.765697,0.822531,0.765697,78,49,58,34,0,0,0,0,83,60,60,31
2026/02/04/16:25:56,1847.687453,0.822531,0.765697,0.822531,0.765697,78,49,58,34,0,0,0,0,83,60,60,31
2026/02/04/16:25:57,1848.687983,0.822531,0.765697,0.822531,0.765697,78,49,58,34,0,0,0,0,83,60,60,31
2026/02/04/16:25:58,1849.688777,0.822531,0.765697,0.822531,0.765697,78,49,58,34,0,0,0,0,83,60,60,31
2026/02/04/16:25:59,1850.689333,0.822531,0.765697,0.822531,0.765697,78,49,58,34,0,0,0,0,83,60,60,31
2026/02/04/16:26:00,1851.689936,0.822531,0.765697,0.822531,0.765697,78,49,58,34,0,0,0,0,83,60,60,31
2026/02/04/16:26:01,1852.690413,0.822531,0.765697,0.822531,0.765697,78,49,58,34,0,0,0,0,83,60,60,31
2026/02/04/16:26:02,1853.691163,0.822531,0.765697,0.822531,0.765697,78,49,58,34,0,0,0,0,83,60,60,31
2026/02/04/16:26:03,1854.691817,0.822531,0.765697,0.822531,0.765697,78,49,58,34,0,0,0,0,83,60,60,31
2026/02/04/16:26:04,1855.692393,0.822531,0.765697,0.822531,0.765697,78,49,58,34,0,0,0,0,83,60,60,31
2026/02/04/16:26:05,1856.692995,0.822531,0.765697,0.822531,0.765697,78,49,58,34,0,0,0,0,83,60,60,31
2026/02/04/16:26:06,1857.693509,0.822531,0.765697,0.822531,0.765697,78,49,58,34,0,0,0,0,83,60,60,31
2026/02/04/16:26:07,1858.694301,0.822531,0.765697,0.822531,0.765697,78,49,58,34,0,0,0,0,83,60,60,31
2026/02/04/16:26:08,1859.694853,0.822531,0.765697,0.822531,0.765697,78,49,58,34,0,0,0,0,83,60,60,31
2026/02/04/16:26:09,1860.695551,0.822531,0.765697,0.822531,0.765697,78,49,58,34,0,0,0,0,83,60,60,31
2026/02/04/16:26:10,1861.696204,0.822531,0.765697,0.822531,0.765697,78,49,58,34,0,0,0,0,83,60,60,31
2026/02/04/16:26:11,1862.696896,0.822531,0.765697,0.822531,0.765697,78,49,58,34,0,0,0,0,83,60,60,31
2026/02/04/16:26:12,1863.697523,0.822531,0.765697,0.822531,0.765697,78,49,58,34,0,0,0,0,83,60,60,31
2026/02/04/16:26:13,1864.698149,0.822531,0.765697,0.822531,0.765697,78,49,58,34,0,0,0,0,83,60,60,31
2026/02/04/16:26:14,1865.698879,0.822531,0.765697,0.822531,0.765697,78,49,58,34,0,0,0,0,83,60,60,31
2026/02/04/16:26:15,1866.699468,0.822531,0.765697,0.822531,0.765697,78,49,58,34,0,0,0,0,83,60,60,31
2026/02/04/16:26:16,1867.700158,0.822531,0.765697,0.822531,0.765697,78,49,58,34,0,0,0,0,83,60,60,31
2026/02/04/16:26:17,1868.700897,0.822531,0.765697,0.822531,0.765697,78,49,58,34,0,0,0,0,83,60,60,31
2026/02/04/16:26:18,1869.701483,0.822531,0.765697,0.822531,0.765697,78,49,58,34,0,0,0,0,83,60,60,31
2026/02/04/16:26:19,1870.702127,0.822531,0.765697,0.822531,0.765697,78,49,58,34,0,0,0,0,83,60,60,31
2026/02/04/16:26:20,1871.702742,0.822531,0.765697,0.822531,0.765697,78,49,58,34,0,0,0,0,83,60,60,31
2026/02/04/16:26:21,1872.703358,0.822531,0.765697,0.822531,0.765697,78,49,58,34,0,0,0,0,83,60,60,31
2026/02/04/16:26:22,1873.703934,0.822531,0.765697,0.822531,0.765697,78,49,58,34,0,0,0,0,83,60,60,31
2026/02/04/16:26:23,1874.704556,0.822531,0.765697,0.822531,0.765697,78,49,58,34,0,0,0,0,83,60,60,31
2026/02/04/16:26:24,1875.705106,0.822531,0.765697,0.822531,0.765697,78,49,58,34,0,0,0,0,83,60,60,31
2026/02/04/16:26:25,1876.705777,0.822531,0.765697,0.822531,0.765697,78,49,58,34,0,0,0,0,83,60,60,31
2026/02/04/16:26:26,1877.706498,0.822531,0.765697,0.822531,0.765697,78,49,58,34,0,0,0,0,83,60,60,31
2026/02/04/16:26:27,1878.707202,0.822531,0.765697,0.822531,0.765697,78,49,58,34,0,0,0,0,83,60,60,31
2026/02/04/16:26:28,1879.707791,0.822531,0.765697,0.822531,0.765697,78,49,58,34,0,0,0,0,83,60,60,31
2026/02/04/16:26:29,1880.708425,0.822531,0.765697,0.822531,0.765697,78,49,58,34,0,0,0,0,83,60,60,31
2026/02/04/16:26:30,1881.709046,0.822531,0.765697,0.822531,0.765697,78,49,58,34,0,0,0,0,83,60,60,31
2026/02/04/16:26:31,1882.709597,0.822531,0.765697,0.822531,0.765697,78,49,58,34,0,0,0,0,83,60,60,31
2026/02/04/16:26:32,1883.710111,0.822531,0.765697,0.822531,0.765697,78,49,58,34,0,0,0,0,83,60,60,31
2026/02/04/16:26:33,1884.710821,0.822531,0.765697,0.822531,0.765697,78,49,58,34,0,0,0,0,83,60,60,31
2026/02/04/16:26:34,1885.711413,0.822531,0.765697,0.822531,0.765697,78,49,58,34,0,0,0,0,83,60,60,31
2026/02/04/16:26:35,1886.712180,0.822531,0.765697,0.822531,0.765697,78,49,58,34,0,0,0,0,83,60,60,31
2026/02/04/16:26:36,1887.712726,0.822531,0.765697,0.822531,0.765697,78,49,58,34,0,0,0,0,83,60,60,31
2026/02/04/16:26:37,1888.713454,0.822531,0.765697,0.822531,0.765697,78,49,58,34,0,0,0,0,83,60,60,31
2026/02/04/16:26:38,1889.714154,0.822531,0.765697,0.822531,0.765697,78,49,58,34,0,0,0,0,83,60,60,31
2026/02/04/16:26:39,1890.714869,0.822531,0.765697,0.822531,0.765697,78,49,58,34,0,0,0,0,83,60,60,31
2026/02/04/16:26:40,1891.715498,0.822531,0.765697,0.822531,0.765697,78,49,58,34,0,0,0,0,83,60,60,31
2026/02/04/16:26:41,1892.715975,0.822531,0.765697,0.822531,0.765697,78,49,58,34,0,0,0,0,83,60,60,31
2026/02/04/16:26:42,1893.716545,0.822531,0.765697,0.822531,0.765697,78,49,58,34,0,0,0,0,83,60,60,31
2026/02/04/16:26:43,1894.717165,0.822531,0.765697,0.822531,0.765697,78,49,58,34,0,0,0,0,83,60,60,31
2026/02/04/16:26:44,1895.717688,0.822531,0.765697,0.822531,0.765697,78,49,58,34,0,0,0,0,83,60,60,31
2026/02/04/16:26:45,1896.718203,0.842594,0.810329,0.842594,0.810329,82,51,58,34,0,0,0,0,83,60,60,31
2026/02/04/16:26:46,1897.718809,0.842594,0.810329,0.842594,0.810329,82,51,58,34,0,0,0,0,83,60,60,31
2026/02/04/16:26:47,1898.720126,0.842594,0.810329,0.842594,0.810329,82,51,58,34,0,0,0,0,83,60,60,31
2026/02/04/16:26:48,1899.720611,0.830406,0.785371,0.830406,0.785371,80,51,58,34,0,0,0,0,85,60,60,31
2026/02/04/16:26:49,1900.721136,0.830406,0.785371,0.830406,0.785371,80,51,58,34,0,0,0,0,85,60,60,31
2026/02/04/16:26:50,1901.721631,0.830406,0.785371,0.830406,0.785371,80,51,58,34,0,0,0,0,85,60,60,31
2026/02/04/16:26:51,1902.722216,0.847406,0.789900,0.857031,0.792068,79,51,58,37,1,0,0,0,88,60,60,31
2026/02/04/16:26:52,1903.722714,0.847406,0.789900,0.857031,0.792068,79,51,58,37,1,0,0,0,88,60,60,31
2026/02/04/16:26:53,1904.723445,0.847406,0.789900,0.857031,0.792068,79,51,58,37,1,0,0,0,88,60,60,31
2026/02/04/16:26:54,1905.723911,0.847406,0.789900,0.857031,0.792068,79,51,58,37,1,0,0,0,88,60,60,31
2026/02/04/16:26:55,1906.724448,0.847406,0.789900,0.857031,0.792068,79,51,58,37,1,0,0,0,88,60,60,31
2026/02/04/16:26:56,1907.725003,0.851719,0.793036,0.861344,0.795203,79,51,60,37,1,0,0,0,88,60,60,31
2026/02/04/16:26:57,1908.725639,0.851719,0.793036,0.861344,0.795203,79,51,60,37,1,0,0,0,88,60,60,31
2026/02/04/16:26:58,1909.726160,0.853781,0.794754,0.879844,0.806565,79,51,60,38,3,0,0,0,88,60,60,31
2026/02/04/16:26:59,1910.726884,0.853781,0.794754,0.879844,0.806565,79,51,60,38,3,0,0,0,88,60,60,31
2026/02/04/16:27:00,1911.727489,0.853781,0.794754,0.879844,0.806565,79,51,60,38,3,0,0,0,88,60,60,31
2026/02/04/16:27:01,1912.727965,0.853781,0.794754,0.879844,0.806565,79,51,60,38,3,0,0,0,88,60,60,31
2026/02/04/16:27:02,1913.728513,0.853781,0.794754,0.879844,0.806565,79,51,60,38,3,0,0,0,88,60,60,31
2026/02/04/16:27:03,1914.728989,0.841781,0.765902,0.867844,0.777713,79,51,57,37,3,0,0,0,88,60,63,32
2026/02/04/16:27:04,1915.729825,0.841781,0.765902,0.867844,0.777713,79,51,57,37,3,0,0,0,88,60,63,32
2026/02/04/16:27:05,1916.730662,0.841781,0.765902,0.867844,0.777713,79,51,57,37,3,0,0,0,88,60,63,32
2026/02/04/16:27:06,1917.731149,0.841781,0.765902,0.867844,0.777713,79,51,57,37,3,0,0,0,88,60,63,32
2026/02/04/16:27:07,1918.731716,0.841781,0.765902,0.867844,0.777713,79,51,57,37,3,0,0,0,88,60,63,32
2026/02/04/16:27:08,1919.732271,0.841781,0.765902,0.867844,0.777713,79,51,57,37,3,0,0,0,88,60,63,32
2026/02/04/16:27:09,1920.732812,0.841781,0.765902,0.867844,0.777713,79,51,57,37,3,0,0,0,88,60,63,32
2026/02/04/16:27:10,1921.733292,0.841781,0.765902,0.867844,0.777713,79,51,57,37,3,0,0,0,88,60,63,32
2026/02/04/16:27:11,1922.733804,0.841781,0.765902,0.867844,0.777713,79,51,57,37,3,0,0,0,88,60,63,32
2026/02/04/16:27:12,1923.734456,0.841781,0.765902,0.867844,0.777713,79,51,57,37,3,0,0,0,88,60,63,32
2026/02/04/16:27:13,1924.735031,0.841781,0.765902,0.867844,0.777713,79,51,57,37,3,0,0,0,88,60,63,32
2026/02/04/16:27:14,1925.735552,0.841781,0.765902,0.867844,0.777713,79,51,57,37,3,0,0,0,88,60,63,32
2026/02/04/16:27:15,1926.736233,0.841781,0.765902,0.867844,0.777713,79,51,57,37,3,0,0,0,88,60,63,32
2026/02/04/16:27:16,1927.736727,0.841781,0.765902,0.867844,0.777713,79,51,57,37,3,0,0,0,88,60,63,32
2026/02/04/16:27:17,1928.737328,0.841781,0.765902,0.867844,0.777713,79,51,57,37,3,0,0,0,88,60,63,32
2026/02/04/16:27:18,1929.737925,0.841781,0.765902,0.867844,0.777713,79,51,57,37,3,0,0,0,88,60,63,32
2026/02/04/16:27:19,1930.738531,0.841781,0.765902,0.867844,0.777713,79,51,57,37,3,0,0,0,88,60,63,32
2026/02/04/16:27:20,1931.739105,0.841781,0.765902,0.867844,0.777713,79,51,57,37,3,0,0,0,88,60,63,32
2026/02/04/16:27:21,1932.739666,0.841781,0.765902,0.867844,0.777713,79,51,57,37,3,0,0,0,88,60,63,32
2026/02/04/16:27:22,1933.740237,0.841781,0.765902,0.867844,0.777713,79,51,57,37,3,0,0,0,88,60,63,32
2026/02/04/16:27:23,1934.740906,0.841781,0.765902,0.867844,0.777713,79,51,57,37,3,0,0,0,88,60,63,32
2026/02/04/16:27:24,1935.741559,0.841781,0.765902,0.867844,0.777713,79,51,57,37,3,0,0,0,88,60,63,32
2026/02/04/16:27:25,1936.742090,0.841781,0.765902,0.867844,0.777713,79,51,57,37,3,0,0,0,88,60,63,32
2026/02/04/16:27:26,1937.742469,0.841781,0.765902,0.867844,0.777713,79,51,57,37,3,0,0,0,88,60,63,32
2026/02/04/16:27:27,1938.742940,0.841781,0.765902,0.867844,0.777713,79,51,57,37,3,0,0,0,88,60,63,32
2026/02/04/16:27:28,1939.743356,0.841781,0.765902,0.867844,0.777713,79,51,57,37,3,0,0,0,88,60,63,32
2026/02/04/16:27:29,1940.743704,0.841781,0.765902,0.867844,0.777713,79,51,57,37,3,0,0,0,88,60,63,32
2026/02/04/16:27:31,1942.385574,0.845750,0.755971,0.863594,0.762960,80,49,57,37,2,0,0,0,88,62,63,32
2026/02/04/16:27:32,1943.386269,0.847156,0.753316,0.847156,0.753316,80,49,57,37,0,0,0,0,92,62,63,32
2026/02/04/16:27:33,1944.386843,0.847156,0.753316,0.847156,0.753316,80,49,57,37,0,0,0,0,92,62,63,32
2026/02/04/16:27:34,1945.387579,0.847156,0.753316,0.847156,0.753316,80,49,57,37,0,0,0,0,92,62,63,32
2026/02/04/16:27:35,1946.388113,0.847156,0.753316,0.847156,0.753316,80,49,57,37,0,0,0,0,92,62,63,32
2026/02/04/16:27:36,1947.388592,0.847156,0.753316,0.847156,0.753316,80,49,57,37,0,0,0,0,92,62,63,32
2026/02/04/16:27:37,1948.389342,0.847156,0.753316,0.847156,0.753316,80,49,57,37,0,0,0,0,92,62,63,32
2026/02/04/16:27:38,1949.389941,0.847156,0.753316,0.847156,0.753316,80,49,57,37,0,0,0,0,92,62,63,32
2026/02/04/16:27:39,1950.390694,0.847156,0.753316,0.847156,0.753316,80,49,57,37,0,0,0,0,92,62,63,32
2026/02/04/16:27:40,1951.391474,0.847156,0.753316,0.847156,0.753316,80,49,57,37,0,0,0,0,92,62,63,32
2026/02/04/16:27:41,1952.392013,0.847156,0.753316,0.847156,0.753316,80,49,57,37,0,0,0,0,92,62,63,32
2026/02/04/16:27:42,1953.392821,0.847156,0.753316,0.847156,0.753316,80,49,57,37,0,0,0,0,92,62,63,32
2026/02/04/16:27:43,1954.393627,0.847156,0.753316,0.847156,0.753316,80,49,57,37,0,0,0,0,92,62,63,32
2026/02/04/16:27:44,1955.394293,0.847156,0.753316,0.847156,0.753316,80,49,57,37,0,0,0,0,92,62,63,32
2026/02/04/16:27:45,1956.394926,0.847156,0.753316,0.847156,0.753316,80,49,57,37,0,0,0,0,92,62,63,32
2026/02/04/16:27:46,1957.395409,0.847156,0.753316,0.847156,0.753316,80,49,57,37,0,0,0,0,92,62,63,32
2026/02/04/16:27:47,1958.395890,0.847156,0.753316,0.847156,0.753316,80,49,57,37,0,0,0,0,92,62,63,32
2026/02/04/16:27:48,1959.396392,0.847156,0.753316,0.847156,0.753316,80,49,57,37,0,0,0,0,92,62,63,32
2026/02/04/16:27:49,1960.397012,0.847156,0.753316,0.847156,0.753316,80,49,57,37,0,0,0,0,92,62,63,32
2026/02/04/16:27:50,1961.397550,0.847156,0.753316,0.847156,0.753316,80,49,57,37,0,0,0,0,92,62,63,32
2026/02/04/16:27:51,1962.398278,0.847156,0.753316,0.847156,0.753316,80,49,57,37,0,0,0,0,92,62,63,32
2026/02/04/16:27:52,1963.398787,0.847156,0.753316,0.847156,0.753316,80,49,57,37,0,0,0,0,92,62,63,32
2026/02/04/16:27:53,1964.399472,0.847156,0.753316,0.847156,0.753316,80,49,57,37,0,0,0,0,92,62,63,32
2026/02/04/16:27:54,1965.400129,0.847156,0.753316,0.847156,0.753316,80,49,57,37,0,0,0,0,92,62,63,32
2026/02/04/16:27:55,1966.400738,0.847156,0.753316,0.847156,0.753316,80,49,57,37,0,0,0,0,92,62,63,32
2026/02/04/16:27:56,1967.401485,0.847156,0.753316,0.847156,0.753316,80,49,57,37,0,0,0,0,92,62,63,32
2026/02/04/16:27:57,1968.402016,0.847156,0.753316,0.847156,0.753316,80,49,57,37,0,0,0,0,92,62,63,32
2026/02/04/16:27:58,1969.402663,0.847156,0.753316,0.847156,0.753316,80,49,57,37,0,0,0,0,92,62,63,32
2026/02/04/16:27:59,1970.403383,0.843531,0.748395,0.843531,0.748395,78,49,57,37,0,0,0,0,94,62,63,32
2026/02/04/16:28:00,1971.403931,0.843531,0.748395,0.843531,0.748395,78,49,57,37,0,0,0,0,94,62,63,32
2026/02/04/16:28:01,1972.404606,0.843531,0.748395,0.843531,0.748395,78,49,57,37,0,0,0,0,94,62,63,32
2026/02/04/16:28:02,1973.405039,0.843531,0.748395,0.843531,0.748395,78,49,57,37,0,0,0,0,94,62,63,32
2026/02/04/16:28:03,1974.405614,0.843531,0.748395,0.843531,0.748395,78,49,57,37,0,0,0,0,94,62,63,32
2026/02/04/16:28:04,1975.406286,0.843531,0.748395,0.843531,0.748395,78,49,57,37,0,0,0,0,94,62,63,32
2026/02/04/16:28:05,1976.406983,0.843531,0.748395,0.843531,0.748395,78,49,57,37,0,0,0,0,94,62,63,32
2026/02/04/16:28:06,1977.407436,0.843531,0.748395,0.843531,0.748395,78,49,57,37,0,0,0,0,94,62,63,32
2026/02/04/16:28:07,1978.408155,0.843531,0.748395,0.843531,0.748395,78,49,57,37,0,0,0,0,94,62,63,32
2026/02/04/16:28:08,1979.408879,0.843531,0.748395,0.843531,0.748395,78,49,57,37,0,0,0,0,94,62,63,32
2026/02/04/16:28:09,1980.409686,0.843531,0.748395,0.843531,0.748395,78,49,57,37,0,0,0,0,94,62,63,32
2026/02/04/16:28:10,1981.410137,0.843531,0.748395,0.843531,0.748395,78,49,57,37,0,0,0,0,94,62,63,32
2026/02/04/16:28:11,1982.410796,0.843531,0.748395,0.843531,0.748395,78,49,57,37,0,0,0,0,94,62,63,32
2026/02/04/16:28:12,1983.411476,0.863875,0.760789,0.863875,0.760789,78,49,57,40,0,0,0,0,94,62,63,32
2026/02/04/16:28:13,1984.412175,0.857969,0.754655,0.857969,0.754655,78,49,54,40,0,0,0,0,94,62,66,32
2026/02/04/16:28:14,1985.412833,0.857969,0.754655,0.857969,0.754655,78,49,54,40,0,0,0,0,94,62,66,32
2026/02/04/16:28:15,1986.413349,0.857969,0.754655,0.857969,0.754655,78,49,54,40,0,0,0,0,94,62,66,32
2026/02/04/16:28:16,1987.414005,0.857969,0.754655,0.857969,0.754655,78,49,54,40,0,0,0,0,94,62,66,32
2026/02/04/16:28:17,1988.414421,0.857969,0.754655,0.857969,0.754655,78,49,54,40,0,0,0,0,94,62,66,32
2026/02/04/16:28:18,1989.414840,0.857969,0.754655,0.857969,0.754655,78,49,54,40,0,0,0,0,94,62,66,32
2026/02/04/16:28:19,1990.415500,0.857969,0.754655,0.857969,0.754655,78,49,54,40,0,0,0,0,94,62,66,32
2026/02/04/16:28:20,1991.416150,0.857969,0.754655,0.857969,0.754655,78,49,54,40,0,0,0,0,94,62,66,32
2026/02/04/16:28:21,1992.416709,0.857969,0.754655,0.857969,0.754655,78,49,54,40,0,0,0,0,94,62,66,32
2026/02/04/16:28:22,1993.417187,0.857969,0.754655,0.857969,0.754655,78,49,54,40,0,0,0,0,94,62,66,32
2026/02/04/16:28:23,1994.417794,0.857969,0.754655,0.857969,0.754655,78,49,54,40,0,0,0,0,94,62,66,32
2026/02/04/16:28:24,1995.418141,0.857969,0.754655,0.857969,0.754655,78,49,54,40,0,0,0,0,94,62,66,32
2026/02/04/16:28:25,1996.418715,0.857969,0.754655,0.857969,0.754655,78,49,54,40,0,0,0,0,94,62,66,32
2026/02/04/16:28:26,1997.419173,0.857969,0.754655,0.857969,0.754655,78,49,54,40,0,0,0,0,94,62,66,32
2026/02/04/16:28:27,1998.419854,0.857969,0.754655,0.857969,0.754655,78,49,54,40,0,0,0,0,94,62,66,32
2026/02/04/16:28:28,1999.420540,0.857969,0.754655,0.857969,0.754655,78,49,54,40,0,0,0,0,94,62,66,32
2026/02/04/16:28:29,2000.421132,0.857969,0.754655,0.857969,0.754655,78,49,54,40,0,0,0,0,94,62,66,32
2026/02/04/16:28:30,2001.421764,0.857969,0.754655,0.857969,0.754655,78,49,54,40,0,0,0,0,94,62,66,32
2026/02/04/16:28:31,2002.422315,0.857969,0.754655,0.857969,0.754655,78,49,54,40,0,0,0,0,94,62,66,32
2026/02/04/16:28:32,2003.423000,0.857969,0.754655,0.857969,0.754655,78,49,54,40,0,0,0,0,94,62,66,32
2026/02/04/16:28:33,2004.423631,0.857969,0.754655,0.857969,0.754655,78,49,54,40,0,0,0,0,94,62,66,32
2026/02/04/16:28:34,2005.424264,0.857969,0.754655,0.857969,0.754655,78,49,54,40,0,0,0,0,94,62,66,32
2026/02/04/16:28:35,2006.424844,0.874875,0.786050,0.884500,0.788217,77,53,55,41,1,0,0,0,95,62,66,32
2026/02/04/16:28:36,2007.425315,0.874875,0.786050,0.884500,0.788217,77,53,55,41,1,0,0,0,95,62,66,32
2026/02/04/16:28:37,2008.425818,0.874875,0.786050,0.884500,0.788217,77,53,55,41,1,0,0,0,95,62,66,32
2026/02/04/16:28:38,2009.426644,0.874875,0.786050,0.884500,0.788217,77,53,55,41,1,0,0,0,95,62,66,32
2026/02/04/16:28:39,2010.427290,0.870563,0.781760,0.870563,0.781760,78,51,55,41,0,0,0,0,95,64,66,32
2026/02/04/16:28:40,2011.427899,0.870563,0.781760,0.870563,0.781760,78,51,55,41,0,0,0,0,95,64,66,32
2026/02/04/16:28:41,2012.428604,0.870563,0.781760,0.870563,0.781760,78,51,55,41,0,0,0,0,95,64,66,32
2026/02/04/16:28:42,2013.429235,0.870563,0.781760,0.870563,0.781760,78,51,55,41,0,0,0,0,95,64,66,32
2026/02/04/16:28:43,2014.429795,0.870563,0.781760,0.870563,0.781760,78,51,55,41,0,0,0,0,95,64,66,32
2026/02/04/16:28:44,2015.430292,0.870563,0.781760,0.870563,0.781760,78,51,55,41,0,0,0,0,95,64,66,32
2026/02/04/16:28:45,2016.430885,0.870563,0.781760,0.870563,0.781760,78,51,55,41,0,0,0,0,95,64,66,32
2026/02/04/16:28:46,2017.431468,0.870563,0.781760,0.870563,0.781760,78,51,55,41,0,0,0,0,95,64,66,32
2026/02/04/16:28:47,2018.432120,0.870563,0.781760,0.870563,0.781760,78,51,55,41,0,0,0,0,95,64,66,32
2026/02/04/16:28:48,2019.432659,0.870563,0.781760,0.870563,0.781760,78,51,55,41,0,0,0,0,95,64,66,32
2026/02/04/16:28:49,2020.433233,0.870563,0.781760,0.870563,0.781760,78,51,55,41,0,0,0,0,95,64,66,32
2026/02/04/16:28:50,2021.433918,0.870563,0.781760,0.870563,0.781760,78,51,55,41,0,0,0,0,95,64,66,32
2026/02/04/16:28:51,2022.434497,0.870563,0.781760,0.870563,0.781760,78,51,55,41,0,0,0,0,95,64,66,32
2026/02/04/16:28:52,2023.435280,0.870563,0.781760,0.870563,0.781760,78,51,55,41,0,0,0,0,95,64,66,32
2026/02/04/16:28:53,2024.435974,0.870563,0.781760,0.870563,0.781760,78,51,55,41,0,0,0,0,95,64,66,32
2026/02/04/16:28:54,2025.436589,0.870563,0.781760,0.870563,0.781760,78,51,55,41,0,0,0,0,95,64,66,32
2026/02/04/16:28:55,2026.437230,0.870563,0.781760,0.870563,0.781760,78,51,55,41,0,0,0,0,95,64,66,32
2026/02/04/16:28:56,2027.437777,0.870563,0.781760,0.870563,0.781760,78,51,55,41,0,0,0,0,95,64,66,32
2026/02/04/16:28:57,2028.438432,0.870563,0.781760,0.870563,0.781760,78,51,55,41,0,0,0,0,95,64,66,32
2026/02/04/16:28:58,2029.439049,0.870563,0.781760,0.870563,0.781760,78,51,55,41,0,0,0,0,95,64,66,32
2026/02/04/16:28:59,2030.439638,0.863281,0.766202,0.863281,0.766202,78,50,55,41,0,0,0,0,95,65,66,32
2026/02/04/16:29:00,2031.440255,0.863281,0.766202,0.863281,0.766202,78,50,55,41,0,0,0,0,95,65,66,32
2026/02/04/16:29:01,2032.440828,0.863281,0.766202,0.863281,0.766202,78,50,55,41,0,0,0,0,95,65,66,32
2026/02/04/16:29:02,2033.441398,0.863281,0.766202,0.863281,0.766202,78,50,55,41,0,0,0,0,95,65,66,32
2026/02/04/16:29:03,2034.442098,0.863281,0.766202,0.863281,0.766202,78,50,55,41,0,0,0,0,95,65,66,32
2026/02/04/16:29:04,2035.442653,0.863281,0.766202,0.863281,0.766202,78,50,55,41,0,0,0,0,95,65,66,32
2026/02/04/16:29:05,2036.443195,0.863281,0.766202,0.863281,0.766202,78,50,55,41,0,0,0,0,95,65,66,32
2026/02/04/16:29:06,2037.443664,0.863281,0.766202,0.863281,0.766202,78,50,55,41,0,0,0,0,95,65,66,32
2026/02/04/16:29:07,2038.444311,0.863281,0.766202,0.863281,0.766202,78,50,55,41,0,0,0,0,95,65,66,32
2026/02/04/16:29:08,2039.444797,0.863281,0.766202,0.863281,0.766202,78,50,55,41,0,0,0,0,95,65,66,32
2026/02/04/16:29:09,2040.445589,0.863281,0.766202,0.863281,0.766202,78,50,55,41,0,0,0,0,95,65,66,32
2026/02/04/16:29:10,2041.446725,0.863281,0.766202,0.863281,0.766202,78,50,55,41,0,0,0,0,95,65,66,32
2026/02/04/16:29:11,2042.447324,0.863281,0.766202,0.863281,0.766202,78,50,55,41,0,0,0,0,95,65,66,32
2026/02/04/16:29:12,2043.447883,0.863281,0.766202,0.863281,0.766202,78,50,55,41,0,0,0,0,95,65,66,32
2026/02/04/16:29:13,2044.448456,0.863281,0.766202,0.863281,0.766202,78,50,55,41,0,0,0,0,95,65,66,32
2026/02/04/16:29:14,2045.449248,0.863281,0.766202,0.863281,0.766202,78,50,55,41,0,0,0,0,95,65,66,32
2026/02/04/16:29:15,2046.449966,0.863281,0.766202,0.863281,0.766202,78,50,55,41,0,0,0,0,95,65,66,32
2026/02/04/16:29:16,2047.450538,0.863281,0.766202,0.863281,0.766202,78,50,55,41,0,0,0,0,95,65,66,32
2026/02/04/16:29:17,2048.451216,0.863281,0.766202,0.863281,0.766202,78,50,55,41,0,0,0,0,95,65,66,32
2026/02/04/16:29:18,2049.451788,0.863281,0.766202,0.863281,0.766202,78,50,55,41,0,0,0,0,95,65,66,32
2026/02/04/16:29:19,2050.452394,0.842938,0.753808,0.842938,0.753808,78,50,55,38,0,0,0,0,95,65,66,35
2026/02/04/16:29:20,2051.452945,0.842938,0.753808,0.842938,0.753808,78,50,55,38,0,0,0,0,95,65,66,35
2026/02/04/16:29:21,2052.453599,0.842938,0.753808,0.842938,0.753808,78,50,55,38,0,0,0,0,95,65,66,35
2026/02/04/16:29:22,2053.454272,0.842938,0.753808,0.842938,0.753808,78,50,55,38,0,0,0,0,95,65,66,35
2026/02/04/16:29:23,2054.454869,0.842938,0.753808,0.842938,0.753808,78,50,55,38,0,0,0,0,95,65,66,35
2026/02/04/16:29:24,2055.455356,0.842938,0.753808,0.842938,0.753808,78,50,55,38,0,0,0,0,95,65,66,35
2026/02/04/16:29:25,2056.456006,0.842938,0.753808,0.842938,0.753808,78,50,55,38,0,0,0,0,95,65,66,35
2026/02/04/16:29:26,2057.456443,0.842938,0.753808,0.842938,0.753808,78,50,55,38,0,0,0,0,95,65,66,35
2026/02/04/16:29:27,2058.457139,0.842938,0.753808,0.842938,0.753808,78,50,55,38,0,0,0,0,95,65,66,35
2026/02/04/16:29:28,2059.457816,0.842938,0.753808,0.842938,0.753808,78,50,55,38,0,0,0,0,95,65,66,35
2026/02/04/16:29:29,2060.458250,0.842938,0.753808,0.842938,0.753808,78,50,55,38,0,0,0,0,95,65,66,35
2026/02/04/16:29:30,2061.458860,0.842938,0.753808,0.842938,0.753808,78,50,55,38,0,0,0,0,95,65,66,35
2026/02/04/16:29:31,2062.459512,0.842938,0.753808,0.842938,0.753808,78,50,55,38,0,0,0,0,95,65,66,35
2026/02/04/16:29:32,2063.460013,0.842938,0.753808,0.842938,0.753808,78,50,55,38,0,0,0,0,95,65,66,35
2026/02/04/16:29:33,2064.460500,0.842938,0.753808,0.842938,0.753808,78,50,55,38,0,0,0,0,95,65,66,35
2026/02/04/16:29:34,2065.461210,0.842938,0.753808,0.842938,0.753808,78,50,55,38,0,0,0,0,95,65,66,35
2026/02/04/16:29:35,2066.461933,0.842938,0.753808,0.842938,0.753808,78,50,55,38,0,0,0,0,95,65,66,35
2026/02/04/16:29:36,2067.462579,0.842938,0.753808,0.842938,0.753808,78,50,55,38,0,0,0,0,95,65,66,35
2026/02/04/16:29:37,2068.463285,0.842938,0.753808,0.842938,0.753808,78,50,55,38,0,0,0,0,95,65,66,35
2026/02/04/16:29:38,2069.463935,0.842938,0.753808,0.842938,0.753808,78,50,55,38,0,0,0,0,95,65,66,35
2026/02/04/16:29:39,2070.464636,0.842938,0.753808,0.842938,0.753808,78,50,55,38,0,0,0,0,95,65,66,35
2026/02/04/16:29:40,2071.465303,0.842938,0.753808,0.842938,0.753808,78,50,55,38,0,0,0,0,95,65,66,35
2026/02/04/16:29:41,2072.465879,0.842938,0.753808,0.842938,0.753808,78,50,55,38,0,0,0,0,95,65,66,35
2026/02/04/16:29:42,2073.466467,0.842938,0.753808,0.842938,0.753808,78,50,55,38,0,0,0,0,95,65,66,35
2026/02/04/16:29:43,2074.467100,0.842938,0.753808,0.842938,0.753808,78,50,55,38,0,0,0,0,95,65,66,35
2026/02/04/16:29:44,2075.467555,0.842938,0.753808,0.842938,0.753808,78,50,55,38,0,0,0,0,95,65,66,35
2026/02/04/16:29:45,2076.468119,0.842938,0.753808,0.842938,0.753808,78,50,55,38,0,0,0,0,95,65,66,35
2026/02/04/16:29:46,2077.468530,0.842938,0.753808,0.842938,0.753808,78,50,55,38,0,0,0,0,95,65,66,35
2026/02/04/16:29:47,2078.469135,0.842938,0.753808,0.842938,0.753808,78,50,55,38,0,0,0,0,95,65,66,35
2026/02/04/16:29:48,2079.469857,0.842938,0.753808,0.842938,0.753808,78,50,55,38,0,0,0,0,95,65,66,35
2026/02/04/16:29:49,2080.470555,0.842938,0.753808,0.842938,0.753808,78,50,55,38,0,0,0,0,95,65,66,35
2026/02/04/16:29:50,2081.471274,0.842938,0.753808,0.842938,0.753808,78,50,55,38,0,0,0,0,95,65,66,35
2026/02/04/16:29:51,2082.472024,0.842938,0.753808,0.842938,0.753808,78,50,55,38,0,0,0,0,95,65,66,35
2026/02/04/16:29:52,2083.472741,0.842938,0.753808,0.842938,0.753808,78,50,55,38,0,0,0,0,95,65,66,35
2026/02/04/16:29:53,2084.473332,0.842938,0.753808,0.842938,0.753808,78,50,55,38,0,0,0,0,95,65,66,35
2026/02/04/16:29:54,2085.474005,0.842938,0.753808,0.842938,0.753808,78,50,55,38,0,0,0,0,95,65,66,35
2026/02/04/16:29:55,2086.474636,0.842938,0.753808,0.842938,0.753808,78,50,55,38,0,0,0,0,95,65,66,35
2026/02/04/16:29:56,2087.475180,0.842938,0.753808,0.842938,0.753808,78,50,55,38,0,0,0,0,95,65,66,35
2026/02/04/16:29:57,2088.475749,0.837500,0.737912,0.837500,0.737912,78,47,55,38,0,0,0,0,95,68,66,35
2026/02/04/16:29:58,2089.476553,0.837500,0.737912,0.837500,0.737912,78,47,55,38,0,0,0,0,95,68,66,35
2026/02/04/16:29:59,2090.477169,0.837500,0.737912,0.837500,0.737912,78,47,55,38,0,0,0,0,95,68,66,35
2026/02/04/16:30:00,2091.477737,0.837500,0.737912,0.837500,0.737912,78,47,55,38,0,0,0,0,95,68,66,35
2026/02/04/16:30:01,2092.478414,0.837500,0.737912,0.837500,0.737912,78,47,55,38,0,0,0,0,95,68,66,35
2026/02/04/16:30:02,2093.479182,0.837500,0.737912,0.837500,0.737912,78,47,55,38,0,0,0,0,95,68,66,35
2026/02/04/16:30:03,2094.479763,0.837500,0.737912,0.837500,0.737912,78,47,55,38,0,0,0,0,95,68,66,35
2026/02/04/16:30:04,2095.480622,0.837500,0.737912,0.837500,0.737912,78,47,55,38,0,0,0,0,95,68,66,35
2026/02/04/16:30:05,2096.481162,0.837500,0.737912,0.837500,0.737912,78,47,55,38,0,0,0,0,95,68,66,35
2026/02/04/16:30:06,2097.481670,0.837500,0.737912,0.837500,0.737912,78,47,55,38,0,0,0,0,95,68,66,35
2026/02/04/16:30:07,2098.482261,0.837500,0.737912,0.837500,0.737912,78,47,55,38,0,0,0,0,95,68,66,35
2026/02/04/16:30:08,2099.482813,0.837500,0.737912,0.837500,0.737912,78,47,55,38,0,0,0,0,95,68,66,35
2026/02/04/16:30:09,2100.483577,0.837500,0.737912,0.837500,0.737912,78,47,55,38,0,0,0,0,95,68,66,35
2026/02/04/16:30:10,2101.484257,0.837500,0.737912,0.837500,0.737912,78,47,55,38,0,0,0,0,95,68,66,35
2026/02/04/16:30:11,2102.484916,0.837500,0.737912,0.837500,0.737912,78,47,55,38,0,0,0,0,95,68,66,35
2026/02/04/16:30:12,2103.485784,0.837500,0.737912,0.837500,0.737912,78,47,55,38,0,0,0,0,95,68,66,35
2026/02/04/16:30:13,2104.486388,0.837500,0.737912,0.837500,0.737912,78,47,55,38,0,0,0,0,95,68,66,35
2026/02/04/16:30:14,2105.486875,0.837500,0.737912,0.837500,0.737912,78,47,55,38,0,0,0,0,95,68,66,35
2026/02/04/16:30:15,2106.487546,0.837500,0.737912,0.837500,0.737912,78,47,55,38,0,0,0,0,95,68,66,35
2026/02/04/16:30:16,2107.488066,0.837500,0.737912,0.837500,0.737912,78,47,55,38,0,0,0,0,95,68,66,35
2026/02/04/16:30:17,2108.488625,0.837500,0.737912,0.837500,0.737912,78,47,55,38,0,0,0,0,95,68,66,35
2026/02/04/16:30:18,2109.489108,0.837500,0.737912,0.837500,0.737912,78,47,55,38,0,0,0,0,95,68,66,35
2026/02/04/16:30:19,2110.489691,0.837500,0.737912,0.837500,0.737912,78,47,55,38,0,0,0,0,95,68,66,35
2026/02/04/16:30:20,2111.490221,0.837500,0.737912,0.837500,0.737912,78,47,55,38,0,0,0,0,95,68,66,35
2026/02/04/16:30:21,2112.490882,0.837500,0.737912,0.837500,0.737912,78,47,55,38,0,0,0,0,95,68,66,35
2026/02/04/16:30:22,2113.491559,0.837500,0.737912,0.837500,0.737912,78,47,55,38,0,0,0,0,95,68,66,35
2026/02/04/16:30:23,2114.492130,0.837500,0.737912,0.837500,0.737912,78,47,55,38,0,0,0,0,95,68,66,35
2026/02/04/16:30:24,2115.492802,0.837500,0.737912,0.837500,0.737912,78,47,55,38,0,0,0,0,95,68,66,35
2026/02/04/16:30:25,2116.493384,0.837500,0.737912,0.837500,0.737912,78,47,55,38,0,0,0,0,95,68,66,35
2026/02/04/16:30:26,2117.494054,0.837500,0.737912,0.837500,0.737912,78,47,55,38,0,0,0,0,95,68,66,35
2026/02/04/16:30:27,2118.494711,0.837500,0.737912,0.837500,0.737912,78,47,55,38,0,0,0,0,95,68,66,35
2026/02/04/16:30:28,2119.495304,0.837500,0.737912,0.837500,0.737912,78,47,55,38,0,0,0,0,95,68,66,35
2026/02/04/16:30:29,2120.495850,0.837500,0.737912,0.837500,0.737912,78,47,55,38,0,0,0,0,95,68,66,35
2026/02/04/16:30:30,2121.496564,0.837500,0.737912,0.837500,0.737912,78,47,55,38,0,0,0,0,95,68,66,35
2026/02/04/16:30:31,2122.497167,0.837500,0.737912,0.837500,0.737912,78,47,55,38,0,0,0,0,95,68,66,35
2026/02/04/16:30:32,2123.497810,0.837500,0.737912,0.837500,0.737912,78,47,55,38,0,0,0,0,95,68,66,35
2026/02/04/16:30:33,2124.498247,0.837500,0.737912,0.837500,0.737912,78,47,55,38,0,0,0,0,95,68,66,35
2026/02/04/16:30:34,2125.498971,0.837500,0.737912,0.837500,0.737912,78,47,55,38,0,0,0,0,95,68,66,35
2026/02/04/16:30:35,2126.499593,0.837500,0.737912,0.837500,0.737912,78,47,55,38,0,0,0,0,95,68,66,35
2026/02/04/16:30:36,2127.500217,0.837500,0.737912,0.837500,0.737912,78,47,55,38,0,0,0,0,95,68,66,35
2026/02/04/16:30:37,2128.500862,0.837500,0.737912,0.837500,0.737912,78,47,55,38,0,0,0,0,95,68,66,35
2026/02/04/16:30:38,2129.501407,0.837500,0.737912,0.837500,0.737912,78,47,55,38,0,0,0,0,95,68,66,35
2026/02/04/16:30:39,2130.501955,0.837500,0.737912,0.837500,0.737912,78,47,55,38,0,0,0,0,95,68,66,35
2026/02/04/16:30:40,2131.502436,0.837500,0.737912,0.837500,0.737912,78,47,55,38,0,0,0,0,95,68,66,35
2026/02/04/16:30:41,2132.502891,0.837500,0.737912,0.837500,0.737912,78,47,55,38,0,0,0,0,95,68,66,35
2026/02/04/16:30:42,2133.503474,0.837500,0.737912,0.837500,0.737912,78,47,55,38,0,0,0,0,95,68,66,35
2026/02/04/16:30:43,2134.504142,0.837500,0.737912,0.837500,0.737912,78,47,55,38,0,0,0,0,95,68,66,35
2026/02/04/16:30:44,2135.505025,0.837500,0.737912,0.837500,0.737912,78,47,55,38,0,0,0,0,95,68,66,35
2026/02/04/16:30:45,2136.505481,0.837500,0.737912,0.837500,0.737912,78,47,55,38,0,0,0,0,95,68,66,35
2026/02/04/16:30:46,2137.505999,0.837500,0.737912,0.837500,0.737912,78,47,55,38,0,0,0,0,95,68,66,35
2026/02/04/16:30:47,2138.506548,0.837500,0.737912,0.837500,0.737912,78,47,55,38,0,0,0,0,95,68,66,35
2026/02/04/16:30:48,2139.507212,0.837500,0.737912,0.837500,0.737912,78,47,55,38,0,0,0,0,95,68,66,35
2026/02/04/16:30:49,2140.507895,0.833438,0.720038,0.833438,0.720038,78,47,55,36,0,0,0,0,95,68,66,37
2026/02/04/16:30:50,2141.508663,0.833438,0.720038,0.833438,0.720038,78,47,55,36,0,0,0,0,95,68,66,37
2026/02/04/16:30:51,2142.509247,0.833438,0.720038,0.833438,0.720038,78,47,55,36,0,0,0,0,95,68,66,37
2026/02/04/16:30:52,2143.509868,0.833438,0.720038,0.833438,0.720038,78,47,55,36,0,0,0,0,95,68,66,37
2026/02/04/16:30:53,2144.510460,0.833438,0.720038,0.833438,0.720038,78,47,55,36,0,0,0,0,95,68,66,37
2026/02/04/16:30:54,2145.511334,0.833438,0.720038,0.833438,0.720038,78,47,55,36,0,0,0,0,95,68,66,37
2026/02/04/16:30:55,2146.511945,0.833438,0.720038,0.833438,0.720038,78,47,55,36,0,0,0,0,95,68,66,37
2026/02/04/16:30:56,2147.512630,0.833438,0.720038,0.833438,0.720038,78,47,55,36,0,0,0,0,95,68,66,37
2026/02/04/16:30:57,2148.513457,0.833438,0.720038,0.833438,0.720038,78,47,55,36,0,0,0,0,95,68,66,37
2026/02/04/16:30:58,2149.514201,0.833438,0.720038,0.833438,0.720038,78,47,55,36,0,0,0,0,95,68,66,37
2026/02/04/16:30:59,2150.514837,0.833438,0.720038,0.833438,0.720038,78,47,55,36,0,0,0,0,95,68,66,37
2026/02/04/16:31:00,2151.515481,0.833438,0.720038,0.833438,0.720038,78,47,55,36,0,0,0,0,95,68,66,37
2026/02/04/16:31:01,2152.516090,0.833438,0.720038,0.833438,0.720038,78,47,55,36,0,0,0,0,95,68,66,37
2026/02/04/16:31:02,2153.516628,0.833438,0.720038,0.833438,0.720038,78,47,55,36,0,0,0,0,95,68,66,37
2026/02/04/16:31:03,2154.517268,0.831156,0.716832,0.831156,0.716832,77,47,55,36,0,0,0,0,96,68,66,37
2026/02/04/16:31:04,2155.518019,0.831156,0.716832,0.831156,0.716832,77,47,55,36,0,0,0,0,96,68,66,37
2026/02/04/16:31:05,2156.518811,0.831156,0.716832,0.831156,0.716832,77,47,55,36,0,0,0,0,96,68,66,37
2026/02/04/16:31:06,2157.519412,0.831156,0.716832,0.831156,0.716832,77,47,55,36,0,0,0,0,96,68,66,37
2026/02/04/16:31:07,2158.520040,0.831156,0.716832,0.831156,0.716832,77,47,55,36,0,0,0,0,96,68,66,37
2026/02/04/16:31:08,2159.520702,0.831156,0.716832,0.831156,0.716832,77,47,55,36,0,0,0,0,96,68,66,37
2026/02/04/16:31:09,2160.521216,0.831156,0.716832,0.831156,0.716832,77,47,55,36,0,0,0,0,96,68,66,37
2026/02/04/16:31:10,2161.521929,0.831156,0.716832,0.831156,0.716832,77,47,55,36,0,0,0,0,96,68,66,37
2026/02/04/16:31:11,2162.522429,0.831156,0.716832,0.831156,0.716832,77,47,55,36,0,0,0,0,96,68,66,37
2026/02/04/16:31:12,2163.522945,0.831156,0.716832,0.831156,0.716832,77,47,55,36,0,0,0,0,96,68,66,37
2026/02/04/16:31:13,2164.523486,0.831156,0.716832,0.831156,0.716832,77,47,55,36,0,0,0,0,96,68,66,37
2026/02/04/16:31:14,2165.524170,0.831156,0.716832,0.831156,0.716832,77,47,55,36,0,0,0,0,96,68,66,37
2026/02/04/16:31:15,2166.524731,0.831156,0.716832,0.831156,0.716832,77,47,55,36,0,0,0,0,96,68,66,37
2026/02/04/16:31:16,2167.525265,0.831156,0.716832,0.831156,0.716832,77,47,55,36,0,0,0,0,96,68,66,37
2026/02/04/16:31:17,2168.525861,0.831156,0.716832,0.831156,0.716832,77,47,55,36,0,0,0,0,96,68,66,37
2026/02/04/16:31:18,2169.526519,0.831156,0.716832,0.831156,0.716832,77,47,55,36,0,0,0,0,96,68,66,37
2026/02/04/16:31:19,2170.527054,0.831156,0.716832,0.831156,0.716832,77,47,55,36,0,0,0,0,96,68,66,37
2026/02/04/16:31:20,2171.527732,0.831156,0.716832,0.831156,0.716832,77,47,55,36,0,0,0,0,96,68,66,37
2026/02/04/16:31:21,2172.528339,0.831156,0.716832,0.831156,0.716832,77,47,55,36,0,0,0,0,96,68,66,37
2026/02/04/16:31:22,2173.529087,0.831156,0.716832,0.831156,0.716832,77,47,55,36,0,0,0,0,96,68,66,37
2026/02/04/16:31:23,2174.529653,0.831156,0.716832,0.831156,0.716832,77,47,55,36,0,0,0,0,96,68,66,37
2026/02/04/16:31:24,2175.530464,0.831156,0.716832,0.831156,0.716832,77,47,55,36,0,0,0,0,96,68,66,37
2026/02/04/16:31:25,2176.531101,0.831156,0.716832,0.831156,0.716832,77,47,55,36,0,0,0,0,96,68,66,37
2026/02/04/16:31:26,2177.531859,0.831156,0.716832,0.831156,0.716832,77,47,55,36,0,0,0,0,96,68,66,37
2026/02/04/16:31:27,2178.532494,0.831156,0.716832,0.831156,0.716832,77,47,55,36,0,0,0,0,96,68,66,37
2026/02/04/16:31:28,2179.533296,0.831156,0.716832,0.831156,0.716832,77,47,55,36,0,0,0,0,96,68,66,37
2026/02/04/16:31:29,2180.533900,0.831156,0.716832,0.831156,0.716832,77,47,55,36,0,0,0,0,96,68,66,37
2026/02/04/16:31:30,2181.534558,0.831156,0.716832,0.831156,0.716832,77,47,55,36,0,0,0,0,96,68,66,37
2026/02/04/16:31:31,2182.535156,0.831156,0.716832,0.831156,0.716832,77,47,55,36,0,0,0,0,96,68,66,37
2026/02/04/16:31:32,2183.535709,0.831156,0.716832,0.831156,0.716832,77,47,55,36,0,0,0,0,96,68,66,37
2026/02/04/16:31:33,2184.536206,0.839375,0.726659,0.839375,0.726659,77,47,59,36,0,0,0,0,96,68,66,37
2026/02/04/16:31:34,2185.536707,0.839375,0.726659,0.839375,0.726659,77,47,59,36,0,0,0,0,96,68,66,37
2026/02/04/16:31:35,2186.537273,0.839375,0.726659,0.839375,0.726659,77,47,59,36,0,0,0,0,96,68,66,37
2026/02/04/16:31:36,2187.537976,0.834500,0.720991,0.834500,0.720991,77,47,56,36,0,0,0,0,96,68,69,37
2026/02/04/16:31:37,2188.538806,0.834500,0.720991,0.834500,0.720991,77,47,56,36,0,0,0,0,96,68,69,37
2026/02/04/16:31:38,2189.539431,0.834500,0.720991,0.834500,0.720991,77,47,56,36,0,0,0,0,96,68,69,37
2026/02/04/16:31:39,2190.540148,0.834500,0.720991,0.834500,0.720991,77,47,56,36,0,0,0,0,96,68,69,37
2026/02/04/16:31:40,2191.540841,0.834500,0.720991,0.834500,0.720991,77,47,56,36,0,0,0,0,96,68,69,37
2026/02/04/16:31:41,2192.541462,0.834500,0.720991,0.834500,0.720991,77,47,56,36,0,0,0,0,96,68,69,37
2026/02/04/16:31:42,2193.542176,0.834500,0.720991,0.834500,0.720991,77,47,56,36,0,0,0,0,96,68,69,37
2026/02/04/16:31:43,2194.542993,0.834500,0.720991,0.834500,0.720991,77,47,56,36,0,0,0,0,96,68,69,37
2026/02/04/16:31:44,2195.543489,0.834500,0.720991,0.834500,0.720991,77,47,56,36,0,0,0,0,96,68,69,37
2026/02/04/16:31:45,2196.544139,0.834500,0.720991,0.834500,0.720991,77,47,56,36,0,0,0,0,96,68,69,37
2026/02/04/16:31:46,2197.544537,0.834500,0.720991,0.834500,0.720991,77,47,56,36,0,0,0,0,96,68,69,37
2026/02/04/16:31:47,2198.545166,0.834500,0.720991,0.834500,0.720991,77,47,56,36,0,0,0,0,96,68,69,37
2026/02/04/16:31:48,2199.545758,0.844219,0.733003,0.844219,0.733003,77,50,57,36,0,0,0,0,96,68,69,37
2026/02/04/16:31:49,2200.546242,0.844219,0.733003,0.844219,0.733003,77,50,57,36,0,0,0,0,96,68,69,37
2026/02/04/16:31:50,2201.546799,0.844219,0.733003,0.844219,0.733003,77,50,57,36,0,0,0,0,96,68,69,37
2026/02/04/16:31:51,2202.547419,0.844219,0.733003,0.844219,0.733003,77,50,57,36,0,0,0,0,96,68,69,37
2026/02/04/16:31:52,2203.548097,0.842344,0.730402,0.842344,0.730402,77,50,56,36,0,0,0,0,96,68,70,37
2026/02/04/16:31:53,2204.548597,0.840500,0.728557,0.840500,0.728557,77,49,56,36,0,0,0,0,96,69,70,37
2026/02/04/16:31:54,2205.549173,0.840500,0.728557,0.840500,0.728557,77,49,56,36,0,0,0,0,96,69,70,37
2026/02/04/16:31:55,2206.549700,0.836187,0.725323,0.836187,0.725323,77,47,56,36,0,0,0,0,96,71,70,37
2026/02/04/16:31:56,2207.550342,0.836187,0.725323,0.836187,0.725323,77,47,56,36,0,0,0,0,96,71,70,37
2026/02/04/16:31:57,2208.550867,0.836187,0.725323,0.836187,0.725323,77,47,56,36,0,0,0,0,96,71,70,37
2026/02/04/16:31:58,2209.551367,0.836187,0.725323,0.836187,0.725323,77,47,56,36,0,0,0,0,96,71,70,37
2026/02/04/16:31:59,2210.555218,0.836187,0.725323,0.836187,0.725323,77,47,56,36,0,0,0,0,96,71,70,37
2026/02/04/16:32:00,2211.555810,0.836187,0.725323,0.836187,0.725323,77,47,56,36,0,0,0,0,96,71,70,37
2026/02/04/16:32:01,2212.556325,0.836187,0.725323,0.836187,0.725323,77,47,56,36,0,0,0,0,96,71,70,37
2026/02/04/16:32:02,2213.556857,0.836187,0.725323,0.836187,0.725323,77,47,56,36,0,0,0,0,96,71,70,37
2026/02/04/16:32:03,2214.557604,0.836187,0.725323,0.836187,0.725323,77,47,56,36,0,0,0,0,96,71,70,37
2026/02/04/16:32:04,2215.558224,0.836187,0.725323,0.836187,0.725323,77,47,56,36,0,0,0,0,96,71,70,37
2026/02/04/16:32:05,2216.558792,0.836187,0.725323,0.836187,0.725323,77,47,56,36,0,0,0,0,96,71,70,37
2026/02/04/16:32:06,2217.559396,0.836187,0.725323,0.836187,0.725323,77,47,56,36,0,0,0,0,96,71,70,37
2026/02/04/16:32:07,2218.559985,0.836187,0.725323,0.836187,0.725323,77,47,56,36,0,0,0,0,96,71,70,37
2026/02/04/16:32:08,2219.560539,0.836187,0.725323,0.836187,0.725323,77,47,56,36,0,0,0,0,96,71,70,37
2026/02/04/16:32:09,2220.561178,0.836187,0.725323,0.836187,0.725323,77,47,56,36,0,0,0,0,96,71,70,37
2026/02/04/16:32:10,2221.561942,0.836187,0.725323,0.836187,0.725323,77,47,56,36,0,0,0,0,96,71,70,37
2026/02/04/16:32:11,2222.562413,0.836187,0.725323,0.836187,0.725323,77,47,56,36,0,0,0,0,96,71,70,37
2026/02/04/16:32:12,2223.563020,0.836187,0.725323,0.836187,0.725323,77,47,56,36,0,0,0,0,96,71,70,37
2026/02/04/16:32:13,2224.563673,0.836187,0.725323,0.836187,0.725323,77,47,56,36,0,0,0,0,96,71,70,37
2026/02/04/16:32:14,2225.564262,0.836187,0.725323,0.836187,0.725323,77,47,56,36,0,0,0,0,96,71,70,37
2026/02/04/16:32:15,2226.564973,0.836187,0.725323,0.836187,0.725323,77,47,56,36,0,0,0,0,96,71,70,37
2026/02/04/16:32:16,2227.565375,0.836187,0.725323,0.836187,0.725323,77,47,56,36,0,0,0,0,96,71,70,37
2026/02/04/16:32:17,2228.566030,0.836187,0.725323,0.836187,0.725323,77,47,56,36,0,0,0,0,96,71,70,37
2026/02/04/16:32:18,2229.566661,0.836187,0.725323,0.836187,0.725323,77,47,56,36,0,0,0,0,96,71,70,37
2026/02/04/16:32:19,2230.567316,0.836187,0.725323,0.836187,0.725323,77,47,56,36,0,0,0,0,96,71,70,37
2026/02/04/16:32:20,2231.567840,0.836187,0.725323,0.836187,0.725323,77,47,56,36,0,0,0,0,96,71,70,37
2026/02/04/16:32:21,2232.568511,0.836187,0.725323,0.836187,0.725323,77,47,56,36,0,0,0,0,96,71,70,37
2026/02/04/16:32:22,2233.569099,0.836187,0.725323,0.836187,0.725323,77,47,56,36,0,0,0,0,96,71,70,37
2026/02/04/16:32:23,2234.569824,0.836187,0.725323,0.836187,0.725323,77,47,56,36,0,0,0,0,96,71,70,37
2026/02/04/16:32:24,2235.570705,0.836187,0.725323,0.836187,0.725323,77,47,56,36,0,0,0,0,96,71,70,37
2026/02/04/16:32:25,2236.571299,0.836187,0.725323,0.836187,0.725323,77,47,56,36,0,0,0,0,96,71,70,37
2026/02/04/16:32:26,2237.571954,0.836187,0.725323,0.836187,0.725323,77,47,56,36,0,0,0,0,96,71,70,37
2026/02/04/16:32:27,2238.572541,0.836187,0.725323,0.836187,0.725323,77,47,56,36,0,0,0,0,96,71,70,37
2026/02/04/16:32:28,2239.573262,0.836187,0.725323,0.836187,0.725323,77,47,56,36,0,0,0,0,96,71,70,37
2026/02/04/16:32:29,2240.573759,0.836187,0.725323,0.836187,0.725323,77,47,56,36,0,0,0,0,96,71,70,37
2026/02/04/16:32:30,2241.574327,0.836187,0.725323,0.836187,0.725323,77,47,56,36,0,0,0,0,96,71,70,37
2026/02/04/16:32:31,2242.574913,0.836187,0.725323,0.836187,0.725323,77,47,56,36,0,0,0,0,96,71,70,37
2026/02/04/16:32:32,2243.575651,0.836187,0.725323,0.836187,0.725323,77,47,56,36,0,0,0,0,96,71,70,37
2026/02/04/16:32:33,2244.576313,0.836187,0.725323,0.836187,0.725323,77,47,56,36,0,0,0,0,96,71,70,37
2026/02/04/16:32:34,2245.577022,0.836187,0.725323,0.836187,0.725323,77,47,56,36,0,0,0,0,96,71,70,37
2026/02/04/16:32:35,2246.577783,0.809562,0.718626,0.809562,0.718626,77,47,56,33,0,0,0,0,96,71,70,40
2026/02/04/16:32:36,2247.578369,0.809562,0.718626,0.809562,0.718626,77,47,56,33,0,0,0,0,96,71,70,40
2026/02/04/16:32:37,2248.578996,0.809562,0.718626,0.809562,0.718626,77,47,56,33,0,0,0,0,96,71,70,40
2026/02/04/16:32:38,2249.579733,0.809562,0.718626,0.809562,0.718626,77,47,56,33,0,0,0,0,96,71,70,40
2026/02/04/16:32:39,2250.580550,0.809562,0.718626,0.809562,0.718626,77,47,56,33,0,0,0,0,96,71,70,40
2026/02/04/16:32:40,2251.581139,0.809562,0.718626,0.809562,0.718626,77,47,56,33,0,0,0,0,96,71,70,40
2026/02/04/16:32:41,2252.581777,0.809562,0.718626,0.809562,0.718626,77,47,56,33,0,0,0,0,96,71,70,40
2026/02/04/16:32:42,2253.582277,0.809562,0.718626,0.809562,0.718626,77,47,56,33,0,0,0,0,96,71,70,40
2026/02/04/16:32:43,2254.582869,0.809562,0.718626,0.809562,0.718626,77,47,56,33,0,0,0,0,96,71,70,40
2026/02/04/16:32:44,2255.583530,0.809562,0.718626,0.809562,0.718626,77,47,56,33,0,0,0,0,96,71,70,40
2026/02/04/16:32:45,2256.584008,0.809562,0.718626,0.809562,0.718626,77,47,56,33,0,0,0,0,96,71,70,40
2026/02/04/16:32:46,2257.584482,0.809562,0.718626,0.809562,0.718626,77,47,56,33,0,0,0,0,96,71,70,40
2026/02/04/16:32:47,2258.585120,0.809562,0.718626,0.809562,0.718626,77,47,56,33,0,0,0,0,96,71,70,40
2026/02/04/16:32:48,2259.585939,0.809562,0.718626,0.809562,0.718626,77,47,56,33,0,0,0,0,96,71,70,40
2026/02/04/16:32:49,2260.586592,0.809562,0.718626,0.809562,0.718626,77,47,56,33,0,0,0,0,96,71,70,40
2026/02/04/16:32:50,2261.587391,0.809562,0.718626,0.809562,0.718626,77,47,56,33,0,0,0,0,96,71,70,40
2026/02/04/16:32:51,2262.588284,0.809562,0.718626,0.809562,0.718626,77,47,56,33,0,0,0,0,96,71,70,40
2026/02/04/16:32:52,2263.588904,0.809562,0.718626,0.809562,0.718626,77,47,56,33,0,0,0,0,96,71,70,40
2026/02/04/16:32:53,2264.589516,0.809562,0.718626,0.809562,0.718626,77,47,56,33,0,0,0,0,96,71,70,40
2026/02/04/16:32:54,2265.590116,0.809562,0.718626,0.809562,0.718626,77,47,56,33,0,0,0,0,96,71,70,40
2026/02/04/16:32:55,2266.590695,0.809562,0.718626,0.809562,0.718626,77,47,56,33,0,0,0,0,96,71,70,40
2026/02/04/16:32:56,2267.591375,0.809562,0.718626,0.809562,0.718626,77,47,56,33,0,0,0,0,96,71,70,40
2026/02/04/16:32:57,2268.592028,0.809562,0.718626,0.809562,0.718626,77,47,56,33,0,0,0,0,96,71,70,40
2026/02/04/16:32:58,2269.592668,0.809562,0.718626,0.809562,0.718626,77,47,56,33,0,0,0,0,96,71,70,40
2026/02/04/16:32:59,2270.593215,0.809562,0.718626,0.809562,0.718626,77,47,56,33,0,0,0,0,96,71,70,40
2026/02/04/16:33:00,2271.593896,0.809562,0.718626,0.809562,0.718626,77,47,56,33,0,0,0,0,96,71,70,40
2026/02/04/16:33:01,2272.594543,0.809562,0.718626,0.809562,0.718626,77,47,56,33,0,0,0,0,96,71,70,40
2026/02/04/16:33:02,2273.595150,0.809562,0.718626,0.809562,0.718626,77,47,56,33,0,0,0,0,96,71,70,40
2026/02/04/16:33:03,2274.595773,0.809562,0.718626,0.809562,0.718626,77,47,56,33,0,0,0,0,96,71,70,40
2026/02/04/16:33:04,2275.596428,0.809562,0.718626,0.809562,0.718626,77,47,56,33,0,0,0,0,96,71,70,40
2026/02/04/16:33:05,2276.597112,0.809562,0.718626,0.809562,0.718626,77,47,56,33,0,0,0,0,96,71,70,40
2026/02/04/16:33:06,2277.597689,0.809562,0.718626,0.809562,0.718626,77,47,56,33,0,0,0,0,96,71,70,40
2026/02/04/16:33:07,2278.598306,0.809562,0.718626,0.809562,0.718626,77,47,56,33,0,0,0,0,96,71,70,40
2026/02/04/16:33:08,2279.598868,0.809562,0.718626,0.809562,0.718626,77,47,56,33,0,0,0,0,96,71,70,40
2026/02/04/16:33:09,2280.599703,0.809562,0.718626,0.809562,0.718626,77,47,56,33,0,0,0,0,96,71,70,40
2026/02/04/16:33:10,2281.600272,0.809562,0.718626,0.809562,0.718626,77,47,56,33,0,0,0,0,96,71,70,40
2026/02/04/16:33:11,2282.600986,0.809562,0.718626,0.809562,0.718626,77,47,56,33,0,0,0,0,96,71,70,40
2026/02/04/16:33:12,2283.601704,0.809562,0.718626,0.809562,0.718626,77,47,56,33,0,0,0,0,96,71,70,40
2026/02/04/16:33:13,2284.602524,0.809562,0.718626,0.809562,0.718626,77,47,56,33,0,0,0,0,96,71,70,40
2026/02/04/16:33:14,2285.603240,0.809562,0.718626,0.809562,0.718626,77,47,56,33,0,0,0,0,96,71,70,40
2026/02/04/16:33:15,2286.603940,0.809562,0.718626,0.809562,0.718626,77,47,56,33,0,0,0,0,96,71,70,40
2026/02/04/16:33:16,2287.604352,0.809562,0.718626,0.809562,0.718626,77,47,56,33,0,0,0,0,96,71,70,40
2026/02/04/16:33:17,2288.604993,0.809562,0.718626,0.809562,0.718626,77,47,56,33,0,0,0,0,96,71,70,40
2026/02/04/16:33:18,2289.605468,0.809562,0.718626,0.809562,0.718626,77,47,56,33,0,0,0,0,96,71,70,40
2026/02/04/16:33:19,2290.606037,0.809562,0.718626,0.809562,0.718626,77,47,56,33,0,0,0,0,96,71,70,40
2026/02/04/16:33:20,2291.606705,0.809562,0.718626,0.809562,0.718626,77,47,56,33,0,0,0,0,96,71,70,40
2026/02/04/16:33:21,2292.607138,0.809562,0.718626,0.809562,0.718626,77,47,56,33,0,0,0,0,96,71,70,40
2026/02/04/16:33:22,2293.607824,0.809562,0.718626,0.809562,0.718626,77,47,56,33,0,0,0,0,96,71,70,40
2026/02/04/16:33:23,2294.608430,0.809562,0.718626,0.809562,0.718626,77,47,56,33,0,0,0,0,96,71,70,40
2026/02/04/16:33:24,2295.609181,0.809562,0.718626,0.809562,0.718626,77,47,56,33,0,0,0,0,96,71,70,40
2026/02/04/16:33:25,2296.609698,0.809562,0.718626,0.809562,0.718626,77,47,56,33,0,0,0,0,96,71,70,40
2026/02/04/16:33:26,2297.610258,0.809562,0.718626,0.809562,0.718626,77,47,56,33,0,0,0,0,96,71,70,40
2026/02/04/16:33:27,2298.610911,0.809562,0.718626,0.809562,0.718626,77,47,56,33,0,0,0,0,96,71,70,40
2026/02/04/16:33:28,2299.611647,0.809562,0.718626,0.809562,0.718626,77,47,56,33,0,0,0,0,96,71,70,40
2026/02/04/16:33:29,2300.612206,0.809562,0.718626,0.809562,0.718626,77,47,56,33,0,0,0,0,96,71,70,40
2026/02/04/16:33:30,2301.612812,0.809562,0.718626,0.809562,0.718626,77,47,56,33,0,0,0,0,96,71,70,40
2026/02/04/16:33:31,2302.613402,0.809562,0.718626,0.809562,0.718626,77,47,56,33,0,0,0,0,96,71,70,40
2026/02/04/16:33:32,2303.614047,0.809562,0.718626,0.809562,0.718626,77,47,56,33,0,0,0,0,96,71,70,40
2026/02/04/16:33:33,2304.614737,0.809562,0.718626,0.809562,0.718626,77,47,56,33,0,0,0,0,96,71,70,40
2026/02/04/16:33:34,2305.615358,0.809562,0.718626,0.809562,0.718626,77,47,56,33,0,0,0,0,96,71,70,40
2026/02/04/16:33:35,2306.616101,0.809562,0.718626,0.809562,0.718626,77,47,56,33,0,0,0,0,96,71,70,40
2026/02/04/16:33:36,2307.616692,0.809562,0.718626,0.809562,0.718626,77,47,56,33,0,0,0,0,96,71,70,40
2026/02/04/16:33:37,2308.617263,0.809562,0.718626,0.809562,0.718626,77,47,56,33,0,0,0,0,96,71,70,40
2026/02/04/16:33:38,2309.617840,0.809562,0.718626,0.809562,0.718626,77,47,56,33,0,0,0,0,96,71,70,40
2026/02/04/16:33:39,2310.618672,0.809562,0.718626,0.809562,0.718626,77,47,56,33,0,0,0,0,96,71,70,40
2026/02/04/16:33:40,2311.619300,0.809562,0.718626,0.809562,0.718626,77,47,56,33,0,0,0,0,96,71,70,40
2026/02/04/16:33:41,2312.619977,0.809562,0.718626,0.809562,0.718626,77,47,56,33,0,0,0,0,96,71,70,40
2026/02/04/16:33:42,2313.620645,0.809562,0.718626,0.809562,0.718626,77,47,56,33,0,0,0,0,96,71,70,40
2026/02/04/16:33:43,2314.621311,0.809562,0.718626,0.809562,0.718626,77,47,56,33,0,0,0,0,96,71,70,40
2026/02/04/16:33:44,2315.621929,0.809562,0.718626,0.809562,0.718626,77,47,56,33,0,0,0,0,96,71,70,40
2026/02/04/16:33:45,2316.622705,0.812125,0.723289,0.812125,0.723289,77,48,56,33,0,0,0,0,96,71,70,40
2026/02/04/16:33:46,2317.623355,0.812125,0.723289,0.812125,0.723289,77,48,56,33,0,0,0,0,96,71,70,40
2026/02/04/16:33:47,2318.623981,0.812125,0.723289,0.812125,0.723289,77,48,56,33,0,0,0,0,96,71,70,40
2026/02/04/16:33:48,2319.624511,0.809562,0.718626,0.809562,0.718626,77,47,56,33,0,0,0,0,96,72,70,40
2026/02/04/16:33:49,2320.625129,0.809562,0.718626,0.809562,0.718626,77,47,56,33,0,0,0,0,96,72,70,40
2026/02/04/16:33:50,2321.625881,0.809562,0.718626,0.809562,0.718626,77,47,56,33,0,0,0,0,96,72,70,40
2026/02/04/16:33:51,2322.626517,0.818187,0.737812,0.818187,0.737812,79,49,56,33,0,0,0,0,96,72,70,40
2026/02/04/16:33:52,2323.627291,0.818187,0.737812,0.818187,0.737812,79,49,56,33,0,0,0,0,96,72,70,40
2026/02/04/16:33:53,2324.627909,0.821438,0.741381,0.821438,0.741381,81,49,56,33,0,0,0,0,96,72,70,40
2026/02/04/16:33:54,2325.628448,0.821438,0.741381,0.821438,0.741381,81,49,56,33,0,0,0,0,96,72,70,40
2026/02/04/16:33:55,2326.629007,0.821438,0.741381,0.821438,0.741381,81,49,56,33,0,0,0,0,96,72,70,40
2026/02/04/16:33:56,2327.629602,0.821438,0.741381,0.821438,0.741381,81,49,56,33,0,0,0,0,96,72,70,40
2026/02/04/16:33:57,2328.630257,0.821438,0.741381,0.821438,0.741381,81,49,56,33,0,0,0,0,96,72,70,40
2026/02/04/16:33:58,2329.639230,0.821438,0.741381,0.821438,0.741381,81,49,56,33,0,0,0,0,96,72,70,40
2026/02/04/16:33:59,2330.639791,0.818562,0.739017,0.818562,0.739017,80,49,56,33,0,0,0,0,97,72,70,40
2026/02/04/16:34:00,2331.640392,0.818562,0.739017,0.818562,0.739017,80,49,56,33,0,0,0,0,97,72,70,40
2026/02/04/16:34:01,2332.640960,0.818562,0.739017,0.818562,0.739017,80,49,56,33,0,0,0,0,97,72,70,40
2026/02/04/16:34:02,2333.641661,0.818562,0.739017,0.818562,0.739017,80,49,56,33,0,0,0,0,97,72,70,40
2026/02/04/16:34:03,2334.642304,0.818562,0.739017,0.818562,0.739017,80,49,56,33,0,0,0,0,97,72,70,40
2026/02/04/16:34:04,2335.642887,0.818562,0.739017,0.818562,0.739017,80,49,56,33,0,0,0,0,97,72,70,40
2026/02/04/16:34:05,2336.643417,0.816719,0.737244,0.816719,0.737244,79,49,56,33,0,0,0,0,98,72,70,40
2026/02/04/16:34:06,2337.644025,0.812906,0.728954,0.812906,0.728954,79,47,56,33,0,0,0,0,98,74,70,40
2026/02/04/16:34:07,2338.644617,0.812906,0.728954,0.812906,0.728954,79,47,56,33,0,0,0,0,98,74,70,40
2026/02/04/16:34:08,2339.645204,0.812906,0.728954,0.812906,0.728954,79,47,56,33,0,0,0,0,98,74,70,40
2026/02/04/16:34:09,2340.645894,0.812906,0.728954,0.812906,0.728954,79,47,56,33,0,0,0,0,98,74,70,40
2026/02/04/16:34:10,2341.646595,0.812906,0.728954,0.812906,0.728954,79,47,56,33,0,0,0,0,98,74,70,40
2026/02/04/16:34:11,2342.647123,0.812906,0.728954,0.812906,0.728954,79,47,56,33,0,0,0,0,98,74,70,40
2026/02/04/16:34:12,2343.647652,0.812906,0.728954,0.812906,0.728954,79,47,56,33,0,0,0,0,98,74,70,40
2026/02/04/16:34:13,2344.648413,0.812906,0.728954,0.812906,0.728954,79,47,56,33,0,0,0,0,98,74,70,40
2026/02/04/16:34:14,2345.648997,0.812906,0.728954,0.812906,0.728954,79,47,56,33,0,0,0,0,98,74,70,40
2026/02/04/16:34:15,2346.649612,0.812906,0.728954,0.812906,0.728954,79,47,56,33,0,0,0,0,98,74,70,40
2026/02/04/16:34:16,2347.650178,0.812906,0.728954,0.812906,0.728954,79,47,56,33,0,0,0,0,98,74,70,40
2026/02/04/16:34:17,2348.650736,0.812906,0.728954,0.812906,0.728954,79,47,56,33,0,0,0,0,98,74,70,40
2026/02/04/16:34:18,2349.651290,0.812906,0.728954,0.812906,0.728954,79,47,56,33,0,0,0,0,98,74,70,40
2026/02/04/16:34:19,2350.651828,0.812906,0.728954,0.812906,0.728954,79,47,56,33,0,0,0,0,98,74,70,40
2026/02/04/16:34:20,2351.652489,0.812906,0.728954,0.812906,0.728954,79,47,56,33,0,0,0,0,98,74,70,40
2026/02/04/16:34:21,2352.653060,0.812906,0.728954,0.812906,0.728954,79,47,56,33,0,0,0,0,98,74,70,40
2026/02/04/16:34:22,2353.653671,0.812906,0.728954,0.812906,0.728954,79,47,56,33,0,0,0,0,98,74,70,40
2026/02/04/16:34:23,2354.654234,0.812906,0.728954,0.812906,0.728954,79,47,56,33,0,0,0,0,98,74,70,40
2026/02/04/16:34:24,2355.654837,0.812906,0.728954,0.812906,0.728954,79,47,56,33,0,0,0,0,98,74,70,40
2026/02/04/16:34:25,2356.655498,0.812906,0.728954,0.812906,0.728954,79,47,56,33,0,0,0,0,98,74,70,40
2026/02/04/16:34:26,2357.656160,0.812906,0.728954,0.812906,0.728954,79,47,56,33,0,0,0,0,98,74,70,40
2026/02/04/16:34:27,2358.656668,0.812906,0.728954,0.812906,0.728954,79,47,56,33,0,0,0,0,98,74,70,40
2026/02/04/16:34:28,2359.657135,0.812906,0.728954,0.812906,0.728954,79,47,56,33,0,0,0,0,98,74,70,40
2026/02/04/16:34:29,2360.657750,0.812906,0.728954,0.812906,0.728954,79,47,56,33,0,0,0,0,98,74,70,40
2026/02/04/16:34:30,2361.658324,0.809344,0.722021,0.809344,0.722021,79,47,55,33,0,0,0,0,98,74,71,40
2026/02/04/16:34:31,2362.658871,0.809344,0.722021,0.809344,0.722021,79,47,55,33,0,0,0,0,98,74,71,40
2026/02/04/16:34:32,2363.659367,0.809344,0.722021,0.809344,0.722021,79,47,55,33,0,0,0,0,98,74,71,40
2026/02/04/16:34:33,2364.659935,0.809344,0.722021,0.809344,0.722021,79,47,55,33,0,0,0,0,98,74,71,40
2026/02/04/16:34:34,2365.660657,0.809344,0.722021,0.809344,0.722021,79,47,55,33,0,0,0,0,98,74,71,40
2026/02/04/16:34:35,2366.661256,0.809344,0.722021,0.809344,0.722021,79,47,55,33,0,0,0,0,98,74,71,40
2026/02/04/16:34:36,2367.661906,0.809344,0.722021,0.809344,0.722021,79,47,55,33,0,0,0,0,98,74,71,40
2026/02/04/16:34:37,2368.662465,0.809344,0.722021,0.809344,0.722021,79,47,55,33,0,0,0,0,98,74,71,40
2026/02/04/16:34:38,2369.663113,0.809344,0.722021,0.809344,0.722021,79,47,55,33,0,0,0,0,98,74,71,40
2026/02/04/16:34:39,2370.663718,0.809344,0.722021,0.809344,0.722021,79,47,55,33,0,0,0,0,98,74,71,40
2026/02/04/16:34:40,2371.664285,0.809344,0.722021,0.809344,0.722021,79,47,55,33,0,0,0,0,98,74,71,40
2026/02/04/16:34:41,2372.664974,0.809344,0.722021,0.809344,0.722021,79,47,55,33,0,0,0,0,98,74,71,40
2026/02/04/16:34:42,2373.665517,0.809344,0.722021,0.809344,0.722021,79,47,55,33,0,0,0,0,98,74,71,40
2026/02/04/16:34:43,2374.666036,0.809344,0.722021,0.809344,0.722021,79,47,55,33,0,0,0,0,98,74,71,40
2026/02/04/16:34:44,2375.666716,0.809344,0.722021,0.809344,0.722021,79,47,55,33,0,0,0,0,98,74,71,40
2026/02/04/16:34:45,2376.667408,0.809344,0.722021,0.809344,0.722021,79,47,55,33,0,0,0,0,98,74,71,40
2026/02/04/16:34:46,2377.667923,0.809344,0.722021,0.809344,0.722021,79,47,55,33,0,0,0,0,98,74,71,40
2026/02/04/16:34:47,2378.669031,0.809344,0.722021,0.809344,0.722021,79,47,55,33,0,0,0,0,98,74,71,40
2026/02/04/16:34:48,2379.669766,0.809344,0.722021,0.809344,0.722021,79,47,55,33,0,0,0,0,98,74,71,40
2026/02/04/16:34:49,2380.670310,0.809344,0.722021,0.809344,0.722021,79,47,55,33,0,0,0,0,98,74,71,40
2026/02/04/16:34:50,2381.670852,0.809344,0.722021,0.809344,0.722021,79,47,55,33,0,0,0,0,98,74,71,40
2026/02/04/16:34:51,2382.671505,0.809344,0.722021,0.809344,0.722021,79,47,55,33,0,0,0,0,98,74,71,40
2026/02/04/16:34:52,2383.672066,0.809344,0.722021,0.809344,0.722021,79,47,55,33,0,0,0,0,98,74,71,40
2026/02/04/16:34:53,2384.672762,0.809344,0.722021,0.809344,0.722021,79,47,55,33,0,0,0,0,98,74,71,40
2026/02/04/16:34:54,2385.673409,0.809344,0.722021,0.809344,0.722021,79,47,55,33,0,0,0,0,98,74,71,40
2026/02/04/16:34:55,2386.674130,0.809344,0.722021,0.809344,0.722021,79,47,55,33,0,0,0,0,98,74,71,40
2026/02/04/16:34:56,2387.674843,0.809344,0.722021,0.809344,0.722021,79,47,55,33,0,0,0,0,98,74,71,40
2026/02/04/16:34:57,2388.675538,0.809344,0.722021,0.809344,0.722021,79,47,55,33,0,0,0,0,98,74,71,40
2026/02/04/16:34:58,2389.676042,0.809344,0.722021,0.809344,0.722021,79,47,55,33,0,0,0,0,98,74,71,40
2026/02/04/16:34:59,2390.676733,0.809344,0.722021,0.809344,0.722021,79,47,55,33,0,0,0,0,98,74,71,40
2026/02/04/16:35:00,2391.677301,0.809344,0.722021,0.809344,0.722021,79,47,55,33,0,0,0,0,98,74,71,40
2026/02/04/16:35:01,2392.677863,0.809344,0.722021,0.809344,0.722021,79,47,55,33,0,0,0,0,98,74,71,40
2026/02/04/16:35:02,2393.678448,0.809344,0.722021,0.809344,0.722021,79,47,55,33,0,0,0,0,98,74,71,40
2026/02/04/16:35:03,2394.679149,0.809344,0.722021,0.809344,0.722021,79,47,55,33,0,0,0,0,98,74,71,40
2026/02/04/16:35:04,2395.679683,0.809344,0.722021,0.809344,0.722021,79,47,55,33,0,0,0,0,98,74,71,40
2026/02/04/16:35:05,2396.680308,0.809344,0.722021,0.809344,0.722021,79,47,55,33,0,0,0,0,98,74,71,40
2026/02/04/16:35:06,2397.680925,0.809344,0.722021,0.809344,0.722021,79,47,55,33,0,0,0,0,98,74,71,40
2026/02/04/16:35:07,2398.681526,0.809344,0.722021,0.809344,0.722021,79,47,55,33,0,0,0,0,98,74,71,40
2026/02/04/16:35:08,2399.682255,0.809344,0.722021,0.809344,0.722021,79,47,55,33,0,0,0,0,98,74,71,40
2026/02/04/16:35:09,2400.682930,0.809344,0.722021,0.809344,0.722021,79,47,55,33,0,0,0,0,98,74,71,40
2026/02/04/16:35:10,2401.683522,0.809344,0.722021,0.809344,0.722021,79,47,55,33,0,0,0,0,98,74,71,40
2026/02/04/16:35:11,2402.684117,0.809344,0.722021,0.809344,0.722021,79,47,55,33,0,0,0,0,98,74,71,40
2026/02/04/16:35:12,2403.684584,0.809344,0.722021,0.809344,0.722021,79,47,55,33,0,0,0,0,98,74,71,40
2026/02/04/16:35:13,2404.685298,0.809344,0.722021,0.809344,0.722021,79,47,55,33,0,0,0,0,98,74,71,40
2026/02/04/16:35:14,2405.685899,0.809344,0.722021,0.809344,0.722021,79,47,55,33,0,0,0,0,98,74,71,40
2026/02/04/16:35:15,2406.686545,0.809344,0.722021,0.809344,0.722021,79,47,55,33,0,0,0,0,98,74,71,40
2026/02/04/16:35:16,2407.687039,0.809344,0.722021,0.809344,0.722021,79,47,55,33,0,0,0,0,98,74,71,40
2026/02/04/16:35:17,2408.687617,0.809344,0.722021,0.809344,0.722021,79,47,55,33,0,0,0,0,98,74,71,40
2026/02/04/16:35:18,2409.688158,0.809344,0.722021,0.809344,0.722021,79,47,55,33,0,0,0,0,98,74,71,40
2026/02/04/16:35:19,2410.688786,0.809344,0.722021,0.809344,0.722021,79,47,55,33,0,0,0,0,98,74,71,40
2026/02/04/16:35:20,2411.689355,0.809344,0.722021,0.809344,0.722021,79,47,55,33,0,0,0,0,98,74,71,40
2026/02/04/16:35:21,2412.689961,0.809344,0.722021,0.809344,0.722021,79,47,55,33,0,0,0,0,98,74,71,40
2026/02/04/16:35:22,2413.690527,0.809344,0.722021,0.809344,0.722021,79,47,55,33,0,0,0,0,98,74,71,40
2026/02/04/16:35:23,2414.691110,0.809344,0.722021,0.809344,0.722021,79,47,55,33,0,0,0,0,98,74,71,40
2026/02/04/16:35:24,2415.691698,0.809344,0.722021,0.809344,0.722021,79,47,55,33,0,0,0,0,98,74,71,40
2026/02/04/16:35:25,2416.692348,0.809344,0.722021,0.809344,0.722021,79,47,55,33,0,0,0,0,98,74,71,40
2026/02/04/16:35:26,2417.692920,0.809344,0.722021,0.809344,0.722021,79,47,55,33,0,0,0,0,98,74,71,40
2026/02/04/16:35:27,2418.693627,0.809344,0.722021,0.809344,0.722021,79,47,55,33,0,0,0,0,98,74,71,40
2026/02/04/16:35:28,2419.694425,0.809344,0.722021,0.809344,0.722021,79,47,55,33,0,0,0,0,98,74,71,40
2026/02/04/16:35:29,2420.695125,0.809344,0.722021,0.809344,0.722021,79,47,55,33,0,0,0,0,98,74,71,40
2026/02/04/16:35:30,2421.695759,0.809344,0.722021,0.809344,0.722021,79,47,55,33,0,0,0,0,98,74,71,40
2026/02/04/16:35:31,2422.696463,0.809344,0.722021,0.809344,0.722021,79,47,55,33,0,0,0,0,98,74,71,40
2026/02/04/16:35:32,2423.697098,0.809344,0.722021,0.809344,0.722021,79,47,55,33,0,0,0,0,98,74,71,40
2026/02/04/16:35:33,2424.697844,0.809344,0.722021,0.809344,0.722021,79,47,55,33,0,0,0,0,98,74,71,40
2026/02/04/16:35:34,2425.698297,0.809344,0.722021,0.809344,0.722021,79,47,55,33,0,0,0,0,98,74,71,40
2026/02/04/16:35:35,2426.698800,0.809344,0.722021,0.809344,0.722021,79,47,55,33,0,0,0,0,98,74,71,40
2026/02/04/16:35:36,2427.699340,0.809344,0.722021,0.809344,0.722021,79,47,55,33,0,0,0,0,98,74,71,40
2026/02/04/16:35:37,2428.700024,0.809344,0.722021,0.809344,0.722021,79,47,55,33,0,0,0,0,98,74,71,40
2026/02/04/16:35:38,2429.700672,0.809344,0.722021,0.809344,0.722021,79,47,55,33,0,0,0,0,98,74,71,40
2026/02/04/16:35:39,2430.701431,0.809344,0.722021,0.809344,0.722021,79,47,55,33,0,0,0,0,98,74,71,40
2026/02/04/16:35:40,2431.702105,0.809344,0.722021,0.809344,0.722021,79,47,55,33,0,0,0,0,98,74,71,40
2026/02/04/16:35:41,2432.702798,0.809344,0.722021,0.809344,0.722021,79,47,55,33,0,0,0,0,98,74,71,40
2026/02/04/16:35:42,2433.703368,0.809344,0.722021,0.809344,0.722021,79,47,55,33,0,0,0,0,98,74,71,40
2026/02/04/16:35:43,2434.704105,0.809344,0.722021,0.809344,0.722021,79,47,55,33,0,0,0,0,98,74,71,40
2026/02/04/16:35:44,2435.704792,0.809344,0.722021,0.809344,0.722021,79,47,55,33,0,0,0,0,98,74,71,40
2026/02/04/16:35:45,2436.705317,0.809344,0.722021,0.809344,0.722021,79,47,55,33,0,0,0,0,98,74,71,40
2026/02/04/16:35:46,2437.705859,0.809344,0.722021,0.809344,0.722021,79,47,55,33,0,0,0,0,98,74,71,40
2026/02/04/16:35:47,2438.706432,0.809344,0.722021,0.809344,0.722021,79,47,55,33,0,0,0,0,98,74,71,40
2026/02/04/16:35:48,2439.707230,0.809344,0.722021,0.809344,0.722021,79,47,55,33,0,0,0,0,98,74,71,40
2026/02/04/16:35:49,2440.707989,0.809344,0.722021,0.809344,0.722021,79,47,55,33,0,0,0,0,98,74,71,40
2026/02/04/16:35:50,2441.708551,0.809344,0.722021,0.809344,0.722021,79,47,55,33,0,0,0,0,98,74,71,40
2026/02/04/16:35:51,2442.709143,0.809344,0.722021,0.809344,0.722021,79,47,55,33,0,0,0,0,98,74,71,40
2026/02/04/16:35:52,2443.709656,0.809344,0.722021,0.809344,0.722021,79,47,55,33,0,0,0,0,98,74,71,40
2026/02/04/16:35:53,2444.710345,0.809344,0.722021,0.809344,0.722021,79,47,55,33,0,0,0,0,98,74,71,40
2026/02/04/16:35:54,2445.710930,0.809344,0.722021,0.809344,0.722021,79,47,55,33,0,0,0,0,98,74,71,40
2026/02/04/16:35:55,2446.711528,0.809344,0.722021,0.809344,0.722021,79,47,55,33,0,0,0,0,98,74,71,40
2026/02/04/16:35:56,2447.712111,0.809344,0.722021,0.809344,0.722021,79,47,55,33,0,0,0,0,98,74,71,40
2026/02/04/16:35:57,2448.712778,0.809344,0.722021,0.809344,0.722021,79,47,55,33,0,0,0,0,98,74,71,40
2026/02/04/16:35:58,2449.713427,0.809344,0.722021,0.809344,0.722021,79,47,55,33,0,0,0,0,98,74,71,40
2026/02/04/16:35:59,2450.714050,0.809344,0.722021,0.809344,0.722021,79,47,55,33,0,0,0,0,98,74,71,40
2026/02/04/16:36:00,2451.714696,0.807688,0.719752,0.807688,0.719752,79,47,55,32,0,0,0,0,98,74,71,41
2026/02/04/16:36:01,2452.715323,0.807688,0.719752,0.807688,0.719752,79,47,55,32,0,0,0,0,98,74,71,41
2026/02/04/16:36:02,2453.715828,0.807688,0.719752,0.807688,0.719752,79,47,55,32,0,0,0,0,98,74,71,41
2026/02/04/16:36:03,2454.716489,0.807688,0.719752,0.807688,0.719752,79,47,55,32,0,0,0,0,98,74,71,41
2026/02/04/16:36:04,2455.717134,0.807688,0.719752,0.807688,0.719752,79,47,55,32,0,0,0,0,98,74,71,41
2026/02/04/16:36:05,2456.717746,0.807688,0.719752,0.807688,0.719752,79,47,55,32,0,0,0,0,98,74,71,41
2026/02/04/16:36:06,2457.718372,0.807688,0.719752,0.807688,0.719752,79,47,55,32,0,0,0,0,98,74,71,41
2026/02/04/16:36:07,2458.718928,0.807688,0.719752,0.807688,0.719752,79,47,55,32,0,0,0,0,98,74,71,41
2026/02/04/16:36:08,2459.719727,0.807688,0.719752,0.807688,0.719752,79,47,55,32,0,0,0,0,98,74,71,41
2026/02/04/16:36:09,2460.720342,0.807688,0.719752,0.807688,0.719752,79,47,55,32,0,0,0,0,98,74,71,41
2026/02/04/16:36:10,2461.721063,0.807688,0.719752,0.807688,0.719752,79,47,55,32,0,0,0,0,98,74,71,41
2026/02/04/16:36:11,2462.721667,0.807688,0.719752,0.807688,0.719752,79,47,55,32,0,0,0,0,98,74,71,41
2026/02/04/16:36:12,2463.722417,0.807688,0.719752,0.807688,0.719752,79,47,55,32,0,0,0,0,98,74,71,41
2026/02/04/16:36:13,2464.722946,0.807688,0.719752,0.807688,0.719752,79,47,55,32,0,0,0,0,98,74,71,41
2026/02/04/16:36:14,2465.723557,0.807688,0.719752,0.807688,0.719752,79,47,55,32,0,0,0,0,98,74,71,41
2026/02/04/16:36:15,2466.724127,0.807688,0.719752,0.807688,0.719752,79,47,55,32,0,0,0,0,98,74,71,41
2026/02/04/16:36:16,2467.724721,0.807688,0.719752,0.807688,0.719752,79,47,55,32,0,0,0,0,98,74,71,41
2026/02/04/16:36:17,2468.725344,0.807688,0.719752,0.807688,0.719752,79,47,55,32,0,0,0,0,98,74,71,41
2026/02/04/16:36:18,2469.726084,0.807688,0.719752,0.807688,0.719752,79,47,55,32,0,0,0,0,98,74,71,41
2026/02/04/16:36:19,2470.726726,0.807688,0.719752,0.807688,0.719752,79,47,55,32,0,0,0,0,98,74,71,41
2026/02/04/16:36:20,2471.727424,0.807688,0.719752,0.807688,0.719752,79,47,55,32,0,0,0,0,98,74,71,41
2026/02/04/16:36:21,2472.728216,0.807688,0.719752,0.807688,0.719752,79,47,55,32,0,0,0,0,98,74,71,41
2026/02/04/16:36:22,2473.728834,0.807688,0.719752,0.807688,0.719752,79,47,55,32,0,0,0,0,98,74,71,41
2026/02/04/16:36:23,2474.729354,0.807688,0.719752,0.807688,0.719752,79,47,55,32,0,0,0,0,98,74,71,41
2026/02/04/16:36:24,2475.730061,0.807688,0.719752,0.807688,0.719752,79,47,55,32,0,0,0,0,98,74,71,41
2026/02/04/16:36:25,2476.730669,0.807688,0.719752,0.807688,0.719752,79,47,55,32,0,0,0,0,98,74,71,41
2026/02/04/16:36:26,2477.731466,0.807688,0.719752,0.807688,0.719752,79,47,55,32,0,0,0,0,98,74,71,41
2026/02/04/16:36:27,2478.732077,0.807688,0.719752,0.807688,0.719752,79,47,55,32,0,0,0,0,98,74,71,41
2026/02/04/16:36:28,2479.732762,0.807688,0.719752,0.807688,0.719752,79,47,55,32,0,0,0,0,98,74,71,41
2026/02/04/16:36:29,2480.733498,0.807688,0.719752,0.807688,0.719752,79,47,55,32,0,0,0,0,98,74,71,41
2026/02/04/16:36:30,2481.734376,0.807688,0.719752,0.807688,0.719752,79,47,55,32,0,0,0,0,98,74,71,41
2026/02/04/16:36:31,2482.734964,0.807688,0.719752,0.807688,0.719752,79,47,55,32,0,0,0,0,98,74,71,41
2026/02/04/16:36:32,2483.735589,0.807688,0.719752,0.807688,0.719752,79,47,55,32,0,0,0,0,98,74,71,41
2026/02/04/16:36:33,2484.736286,0.807688,0.719752,0.807688,0.719752,79,47,55,32,0,0,0,0,98,74,71,41
2026/02/04/16:36:34,2485.736780,0.807688,0.719752,0.807688,0.719752,79,47,55,32,0,0,0,0,98,74,71,41
2026/02/04/16:36:35,2486.737404,0.807688,0.719752,0.807688,0.719752,79,47,55,32,0,0,0,0,98,74,71,41
2026/02/04/16:36:36,2487.738046,0.807688,0.719752,0.807688,0.719752,79,47,55,32,0,0,0,0,98,74,71,41
2026/02/04/16:36:37,2488.738740,0.807688,0.719752,0.807688,0.719752,79,47,55,32,0,0,0,0,98,74,71,41
2026/02/04/16:36:38,2489.739349,0.807688,0.719752,0.807688,0.719752,79,47,55,32,0,0,0,0,98,74,71,41
2026/02/04/16:36:39,2490.740080,0.807688,0.719752,0.807688,0.719752,79,47,55,32,0,0,0,0,98,74,71,41
2026/02/04/16:36:40,2491.740703,0.807688,0.719752,0.807688,0.719752,79,47,55,32,0,0,0,0,98,74,71,41
2026/02/04/16:36:41,2492.741288,0.807688,0.719752,0.807688,0.719752,79,47,55,32,0,0,0,0,98,74,71,41
2026/02/04/16:36:42,2493.741927,0.807688,0.719752,0.807688,0.719752,79,47,55,32,0,0,0,0,98,74,71,41
2026/02/04/16:36:43,2494.742728,0.807688,0.719752,0.807688,0.719752,79,47,55,32,0,0,0,0,98,74,71,41
2026/02/04/16:36:44,2495.743340,0.807688,0.719752,0.807688,0.719752,79,47,55,32,0,0,0,0,98,74,71,41
2026/02/04/16:36:45,2496.743958,0.807688,0.719752,0.807688,0.719752,79,47,55,32,0,0,0,0,98,74,71,41
2026/02/04/16:36:46,2497.744413,0.807688,0.719752,0.807688,0.719752,79,47,55,32,0,0,0,0,98,74,71,41
2026/02/04/16:36:47,2498.745064,0.807688,0.719752,0.807688,0.719752,79,47,55,32,0,0,0,0,98,74,71,41
2026/02/04/16:36:48,2499.745751,0.807688,0.719752,0.807688,0.719752,79,47,55,32,0,0,0,0,98,74,71,41
2026/02/04/16:36:49,2500.746393,0.807688,0.719752,0.807688,0.719752,79,47,55,32,0,0,0,0,98,74,71,41
2026/02/04/16:36:50,2501.747144,0.807688,0.719752,0.807688,0.719752,79,47,55,32,0,0,0,0,98,74,71,41
2026/02/04/16:36:51,2502.747937,0.807688,0.719752,0.807688,0.719752,79,47,55,32,0,0,0,0,98,74,71,41
2026/02/04/16:36:52,2503.748420,0.807688,0.719752,0.807688,0.719752,79,47,55,32,0,0,0,0,98,74,71,41
2026/02/04/16:36:53,2504.749038,0.807688,0.719752,0.807688,0.719752,79,47,55,32,0,0,0,0,98,74,71,41
2026/02/04/16:36:54,2505.749634,0.807688,0.719752,0.807688,0.719752,79,47,55,32,0,0,0,0,98,74,71,41
2026/02/04/16:36:55,2506.750150,0.807688,0.719752,0.807688,0.719752,79,47,55,32,0,0,0,0,98,74,71,41
2026/02/04/16:36:56,2507.750799,0.807688,0.719752,0.807688,0.719752,79,47,55,32,0,0,0,0,98,74,71,41
2026/02/04/16:36:57,2508.751556,0.807688,0.719752,0.807688,0.719752,79,47,55,32,0,0,0,0,98,74,71,41
2026/02/04/16:36:58,2509.752130,0.807688,0.719752,0.807688,0.719752,79,47,55,32,0,0,0,0,98,74,71,41
2026/02/04/16:36:59,2510.752901,0.807688,0.719752,0.807688,0.719752,79,47,55,32,0,0,0,0,98,74,71,41
2026/02/04/16:37:00,2511.753636,0.807688,0.719752,0.807688,0.719752,79,47,55,32,0,0,0,0,98,74,71,41
2026/02/04/16:37:01,2512.754167,0.807688,0.719752,0.807688,0.719752,79,47,55,32,0,0,0,0,98,74,71,41
2026/02/04/16:37:02,2513.754749,0.807688,0.719752,0.807688,0.719752,79,47,55,32,0,0,0,0,98,74,71,41
2026/02/04/16:37:03,2514.755308,0.807688,0.719752,0.807688,0.719752,79,47,55,32,0,0,0,0,98,74,71,41
2026/02/04/16:37:04,2515.756030,0.807688,0.719752,0.807688,0.719752,79,47,55,32,0,0,0,0,98,74,71,41
2026/02/04/16:37:05,2516.756657,0.807688,0.719752,0.807688,0.719752,79,47,55,32,0,0,0,0,98,74,71,41
2026/02/04/16:37:06,2517.757232,0.807688,0.719752,0.807688,0.719752,79,47,55,32,0,0,0,0,98,74,71,41
2026/02/04/16:37:07,2518.757830,0.807688,0.719752,0.807688,0.719752,79,47,55,32,0,0,0,0,98,74,71,41
2026/02/04/16:37:08,2519.758501,0.807688,0.719752,0.807688,0.719752,79,47,55,32,0,0,0,0,98,74,71,41
2026/02/04/16:37:09,2520.759151,0.807688,0.719752,0.807688,0.719752,79,47,55,32,0,0,0,0,98,74,71,41
2026/02/04/16:37:10,2521.759717,0.807688,0.719752,0.807688,0.719752,79,47,55,32,0,0,0,0,98,74,71,41
2026/02/04/16:37:11,2522.760368,0.807688,0.719752,0.807688,0.719752,79,47,55,32,0,0,0,0,98,74,71,41
2026/02/04/16:37:12,2523.761039,0.807688,0.719752,0.807688,0.719752,79,47,55,32,0,0,0,0,98,74,71,41
2026/02/04/16:37:13,2524.761738,0.807688,0.719752,0.807688,0.719752,79,47,55,32,0,0,0,0,98,74,71,41
2026/02/04/16:37:14,2525.762418,0.807688,0.719752,0.807688,0.719752,79,47,55,32,0,0,0,0,98,74,71,41
2026/02/04/16:37:15,2526.763005,0.807688,0.719752,0.807688,0.719752,79,47,55,32,0,0,0,0,98,74,71,41
2026/02/04/16:37:16,2527.763531,0.807688,0.719752,0.807688,0.719752,79,47,55,32,0,0,0,0,98,74,71,41
2026/02/04/16:37:17,2528.764124,0.807688,0.719752,0.807688,0.719752,79,47,55,32,0,0,0,0,98,74,71,41
2026/02/04/16:37:18,2529.764886,0.807688,0.719752,0.807688,0.719752,79,47,55,32,0,0,0,0,98,74,71,41
2026/02/04/16:37:19,2530.773968,0.807688,0.719752,0.807688,0.719752,79,47,55,32,0,0,0,0,98,74,71,41
2026/02/04/16:37:20,2531.774608,0.807688,0.719752,0.807688,0.719752,79,47,55,32,0,0,0,0,98,74,71,41
2026/02/04/16:37:21,2532.775249,0.807688,0.719752,0.807688,0.719752,79,47,55,32,0,0,0,0,98,74,71,41
2026/02/04/16:37:22,2533.775935,0.807688,0.719752,0.807688,0.719752,79,47,55,32,0,0,0,0,98,74,71,41
2026/02/04/16:37:23,2534.776545,0.807688,0.719752,0.807688,0.719752,79,47,55,32,0,0,0,0,98,74,71,41
2026/02/04/16:37:24,2535.777116,0.807688,0.719752,0.807688,0.719752,79,47,55,32,0,0,0,0,98,74,71,41
2026/02/04/16:37:25,2536.777784,0.807688,0.719752,0.807688,0.719752,79,47,55,32,0,0,0,0,98,74,71,41
2026/02/04/16:37:26,2537.778554,0.807688,0.719752,0.807688,0.719752,79,47,55,32,0,0,0,0,98,74,71,41
2026/02/04/16:37:27,2538.779192,0.807688,0.719752,0.807688,0.719752,79,47,55,32,0,0,0,0,98,74,71,41
2026/02/04/16:37:28,2539.779958,0.807688,0.719752,0.807688,0.719752,79,47,55,32,0,0,0,0,98,74,71,41
2026/02/04/16:37:29,2540.782324,0.807688,0.719752,0.807688,0.719752,79,47,55,32,0,0,0,0,98,74,71,41
2026/02/04/16:37:30,2541.782997,0.807688,0.719752,0.807688,0.719752,79,47,55,32,0,0,0,0,98,74,71,41
2026/02/04/16:37:31,2542.783866,0.807688,0.719752,0.807688,0.719752,79,47,55,32,0,0,0,0,98,74,71,41
2026/02/04/16:37:32,2543.784629,0.807688,0.719752,0.807688,0.719752,79,47,55,32,0,0,0,0,98,74,71,41
2026/02/04/16:37:33,2544.785315,0.807688,0.719752,0.807688,0.719752,79,47,55,32,0,0,0,0,98,74,71,41
2026/02/04/16:37:34,2545.786091,0.807688,0.719752,0.807688,0.719752,79,47,55,32,0,0,0,0,98,74,71,41
2026/02/04/16:37:35,2546.786714,0.807688,0.719752,0.807688,0.719752,79,47,55,32,0,0,0,0,98,74,71,41
2026/02/04/16:37:36,2547.787460,0.807688,0.719752,0.807688,0.719752,79,47,55,32,0,0,0,0,98,74,71,41
2026/02/04/16:37:37,2548.788176,0.807688,0.719752,0.807688,0.719752,79,47,55,32,0,0,0,0,98,74,71,41
2026/02/04/16:37:38,2549.788866,0.807688,0.719752,0.807688,0.719752,79,47,55,32,0,0,0,0,98,74,71,41
2026/02/04/16:37:39,2550.789495,0.818156,0.723227,0.818156,0.723227,80,47,55,33,0,0,0,0,98,74,71,41
2026/02/04/16:37:40,2551.790150,0.821469,0.727698,0.821469,0.727698,82,47,55,33,0,0,0,0,98,74,71,41
2026/02/04/16:37:41,2552.790857,0.821469,0.727698,0.821469,0.727698,82,47,55,33,0,0,0,0,98,74,71,41
2026/02/04/16:37:42,2553.791405,0.818156,0.723227,0.818156,0.723227,80,47,55,33,0,0,0,0,100,74,71,41
2026/02/04/16:37:43,2554.792119,0.818156,0.723227,0.818156,0.723227,80,47,55,33,0,0,0,0,100,74,71,41
2026/02/04/16:37:44,2555.792727,0.818156,0.723227,0.818156,0.723227,80,47,55,33,0,0,0,0,100,74,71,41
2026/02/04/16:37:45,2556.793349,0.818156,0.723227,0.818156,0.723227,80,47,55,33,0,0,0,0,100,74,71,41
2026/02/04/16:37:46,2557.793831,0.809875,0.721330,0.809875,0.721330,79,47,55,33,0,0,0,0,101,74,71,41
2026/02/04/16:37:47,2558.794510,0.809875,0.721330,0.809875,0.721330,79,47,55,33,0,0,0,0,101,74,71,41
2026/02/04/16:37:48,2559.795154,0.809875,0.721330,0.809875,0.721330,79,47,55,33,0,0,0,0,101,74,71,41
2026/02/04/16:37:49,2560.795748,0.809875,0.721330,0.809875,0.721330,79,47,55,33,0,0,0,0,101,74,71,41
2026/02/04/16:37:50,2561.796468,0.809875,0.721330,0.809875,0.721330,79,47,55,33,0,0,0,0,101,74,71,41
2026/02/04/16:37:51,2562.797040,0.809875,0.721330,0.809875,0.721330,79,47,55,33,0,0,0,0,101,74,71,41
2026/02/04/16:37:52,2563.797795,0.809875,0.721330,0.809875,0.721330,79,47,55,33,0,0,0,0,101,74,71,41
2026/02/04/16:37:53,2564.798522,0.809875,0.721330,0.809875,0.721330,79,47,55,33,0,0,0,0,101,74,71,41
2026/02/04/16:37:54,2565.799161,0.809875,0.721330,0.809875,0.721330,79,47,55,33,0,0,0,0,101,74,71,41
2026/02/04/16:37:55,2566.799892,0.809875,0.721330,0.809875,0.721330,79,47,55,33,0,0,0,0,101,74,71,41
2026/02/04/16:37:56,2567.800559,0.809875,0.721330,0.809875,0.721330,79,47,55,33,0,0,0,0,101,74,71,41
2026/02/04/16:37:57,2568.801234,0.809875,0.721330,0.809875,0.721330,79,47,55,33,0,0,0,0,101,74,71,41
2026/02/04/16:37:58,2569.801905,0.809875,0.721330,0.809875,0.721330,79,47,55,33,0,0,0,0,101,74,71,41
2026/02/04/16:37:59,2570.802625,0.809875,0.721330,0.809875,0.721330,79,47,55,33,0,0,0,0,101,74,71,41
2026/02/04/16:38:00,2571.803174,0.809875,0.721330,0.809875,0.721330,79,47,55,33,0,0,0,0,101,74,71,41
2026/02/04/16:38:01,2572.803719,0.809875,0.721330,0.809875,0.721330,79,47,55,33,0,0,0,0,101,74,71,41
2026/02/04/16:38:02,2573.804199,0.809875,0.721330,0.809875,0.721330,79,47,55,33,0,0,0,0,101,74,71,41
2026/02/04/16:38:03,2574.804857,0.819781,0.737935,0.819781,0.737935,79,47,60,33,0,0,0,0,101,74,71,41
2026/02/04/16:38:04,2575.805542,0.819781,0.737935,0.819781,0.737935,79,47,60,33,0,0,0,0,101,74,71,41
2026/02/04/16:38:05,2576.806137,0.814844,0.731873,0.814844,0.731873,79,47,58,33,0,0,0,0,101,74,73,41
2026/02/04/16:38:06,2577.806822,0.814844,0.731873,0.814844,0.731873,79,47,58,33,0,0,0,0,101,74,73,41
2026/02/04/16:38:07,2578.807583,0.814844,0.731873,0.814844,0.731873,79,47,58,33,0,0,0,0,101,74,73,41
2026/02/04/16:38:08,2579.808239,0.814844,0.731873,0.814844,0.731873,79,47,58,33,0,0,0,0,101,74,73,41
2026/02/04/16:38:09,2580.808893,0.814844,0.731873,0.814844,0.731873,79,47,58,33,0,0,0,0,101,74,73,41
2026/02/04/16:38:10,2581.809456,0.814844,0.731873,0.814844,0.731873,79,47,58,33,0,0,0,0,101,74,73,41
2026/02/04/16:38:11,2582.810135,0.814844,0.731873,0.814844,0.731873,79,47,58,33,0,0,0,0,101,74,73,41
2026/02/04/16:38:12,2583.810899,0.814844,0.731873,0.814844,0.731873,79,47,58,33,0,0,0,0,101,74,73,41
2026/02/04/16:38:13,2584.811586,0.814844,0.731873,0.814844,0.731873,79,47,58,33,0,0,0,0,101,74,73,41
2026/02/04/16:38:14,2585.812285,0.814844,0.731873,0.814844,0.731873,79,47,58,33,0,0,0,0,101,74,73,41
2026/02/04/16:38:15,2586.812999,0.814844,0.731873,0.814844,0.731873,79,47,58,33,0,0,0,0,101,74,73,41
2026/02/04/16:38:16,2587.813573,0.814844,0.731873,0.814844,0.731873,79,47,58,33,0,0,0,0,101,74,73,41
2026/02/04/16:38:17,2588.814314,0.814844,0.731873,0.814844,0.731873,79,47,58,33,0,0,0,0,101,74,73,41
2026/02/04/16:38:18,2589.815099,0.814844,0.731873,0.814844,0.731873,79,47,58,33,0,0,0,0,101,74,73,41
2026/02/04/16:38:19,2590.815644,0.814844,0.731873,0.814844,0.731873,79,47,58,33,0,0,0,0,101,74,73,41
2026/02/04/16:38:20,2591.816260,0.814844,0.731873,0.814844,0.731873,79,47,58,33,0,0,0,0,101,74,73,41
2026/02/04/16:38:21,2592.816855,0.814844,0.731873,0.814844,0.731873,79,47,58,33,0,0,0,0,101,74,73,41
2026/02/04/16:38:22,2593.817520,0.814844,0.731873,0.814844,0.731873,79,47,58,33,0,0,0,0,101,74,73,41
2026/02/04/16:38:23,2594.818151,0.814844,0.731873,0.814844,0.731873,79,47,58,33,0,0,0,0,101,74,73,41
2026/02/04/16:38:24,2595.818843,0.814844,0.731873,0.814844,0.731873,79,47,58,33,0,0,0,0,101,74,73,41
2026/02/04/16:38:25,2596.819332,0.814844,0.731873,0.814844,0.731873,79,47,58,33,0,0,0,0,101,74,73,41
2026/02/04/16:38:26,2597.819966,0.814844,0.731873,0.814844,0.731873,79,47,58,33,0,0,0,0,101,74,73,41
2026/02/04/16:38:27,2598.820567,0.814844,0.731873,0.814844,0.731873,79,47,58,33,0,0,0,0,101,74,73,41
2026/02/04/16:38:28,2599.821224,0.814844,0.731873,0.814844,0.731873,79,47,58,33,0,0,0,0,101,74,73,41
2026/02/04/16:38:29,2600.821754,0.814844,0.731873,0.814844,0.731873,79,47,58,33,0,0,0,0,101,74,73,41
2026/02/04/16:38:30,2601.822335,0.814844,0.731873,0.814844,0.731873,79,47,58,33,0,0,0,0,101,74,73,41
2026/02/04/16:38:31,2602.823049,0.814844,0.731873,0.814844,0.731873,79,47,58,33,0,0,0,0,101,74,73,41
2026/02/04/16:38:32,2603.823734,0.814844,0.731873,0.814844,0.731873,79,47,58,33,0,0,0,0,101,74,73,41
2026/02/04/16:38:33,2604.824411,0.814844,0.731873,0.814844,0.731873,79,47,58,33,0,0,0,0,101,74,73,41
2026/02/04/16:38:34,2605.825017,0.814844,0.731873,0.814844,0.731873,79,47,58,33,0,0,0,0,101,74,73,41
2026/02/04/16:38:35,2606.825581,0.814844,0.731873,0.814844,0.731873,79,47,58,33,0,0,0,0,101,74,73,41
2026/02/04/16:38:36,2607.826208,0.814844,0.731873,0.814844,0.731873,79,47,58,33,0,0,0,0,101,74,73,41
2026/02/04/16:38:37,2608.826918,0.814844,0.731873,0.814844,0.731873,79,47,58,33,0,0,0,0,101,74,73,41
2026/02/04/16:38:38,2609.827447,0.814844,0.731873,0.814844,0.731873,79,47,58,33,0,0,0,0,101,74,73,41
2026/02/04/16:38:39,2610.828036,0.814844,0.731873,0.814844,0.731873,79,47,58,33,0,0,0,0,101,74,73,41
2026/02/04/16:38:40,2611.828742,0.814844,0.731873,0.814844,0.731873,79,47,58,33,0,0,0,0,101,74,73,41
2026/02/04/16:38:41,2612.829415,0.814844,0.731873,0.814844,0.731873,79,47,58,33,0,0,0,0,101,74,73,41
2026/02/04/16:38:42,2613.830102,0.814844,0.731873,0.814844,0.731873,79,47,58,33,0,0,0,0,101,74,73,41
2026/02/04/16:38:43,2614.830819,0.814844,0.731873,0.814844,0.731873,79,47,58,33,0,0,0,0,101,74,73,41
2026/02/04/16:38:44,2615.831383,0.814844,0.731873,0.814844,0.731873,79,47,58,33,0,0,0,0,101,74,73,41
2026/02/04/16:38:45,2616.832103,0.814844,0.731873,0.814844,0.731873,79,47,58,33,0,0,0,0,101,74,73,41
2026/02/04/16:38:46,2617.832591,0.814844,0.731873,0.814844,0.731873,79,47,58,33,0,0,0,0,101,74,73,41
2026/02/04/16:38:47,2618.838687,0.814844,0.731873,0.814844,0.731873,79,47,58,33,0,0,0,0,101,74,73,41
2026/02/04/16:38:48,2619.839234,0.814844,0.731873,0.814844,0.731873,79,47,58,33,0,0,0,0,101,74,73,41
2026/02/04/16:38:49,2620.839870,0.814844,0.731873,0.814844,0.731873,79,47,58,33,0,0,0,0,101,74,73,41
2026/02/04/16:38:50,2621.840541,0.814844,0.731873,0.814844,0.731873,79,47,58,33,0,0,0,0,101,74,73,41
2026/02/04/16:38:51,2622.841105,0.814844,0.731873,0.814844,0.731873,79,47,58,33,0,0,0,0,101,74,73,41
2026/02/04/16:38:52,2623.841682,0.814844,0.731873,0.814844,0.731873,79,47,58,33,0,0,0,0,101,74,73,41
2026/02/04/16:38:53,2624.842299,0.814844,0.731873,0.814844,0.731873,79,47,58,33,0,0,0,0,101,74,73,41
2026/02/04/16:38:54,2625.842941,0.814844,0.731873,0.814844,0.731873,79,47,58,33,0,0,0,0,101,74,73,41
2026/02/04/16:38:55,2626.843443,0.824219,0.748844,0.824219,0.748844,79,49,59,33,0,0,0,0,101,74,73,41
2026/02/04/16:38:56,2627.844006,0.824219,0.748844,0.824219,0.748844,79,49,59,33,0,0,0,0,101,74,73,41
2026/02/04/16:38:57,2628.844548,0.845938,0.767693,0.845938,0.767693,79,52,61,33,0,0,0,0,101,74,73,41
2026/02/04/16:38:58,2629.845235,0.845938,0.767693,0.845938,0.767693,79,52,61,33,0,0,0,0,101,74,73,41
2026/02/04/16:38:59,2630.845943,0.845938,0.767693,0.845938,0.767693,79,52,61,33,0,0,0,0,101,74,73,41
2026/02/04/16:39:00,2631.846617,0.839938,0.760331,0.839938,0.760331,79,50,61,33,0,0,0,0,101,76,73,41
2026/02/04/16:39:01,2632.847147,0.839938,0.760331,0.839938,0.760331,79,50,61,33,0,0,0,0,101,76,73,41
2026/02/04/16:39:02,2633.847898,0.837031,0.758326,0.837031,0.758326,79,50,60,33,0,0,0,0,101,76,74,41
2026/02/04/16:39:03,2634.848488,0.837031,0.758326,0.837031,0.758326,79,50,60,33,0,0,0,0,101,76,74,41
2026/02/04/16:39:04,2635.849006,0.837031,0.758326,0.837031,0.758326,79,50,60,33,0,0,0,0,101,76,74,41
2026/02/04/16:39:05,2636.849496,0.837031,0.758326,0.837031,0.758326,79,50,60,33,0,0,0,0,101,76,74,41
2026/02/04/16:39:06,2637.849977,0.837031,0.758326,0.837031,0.758326,79,50,60,33,0,0,0,0,101,76,74,41
2026/02/04/16:39:07,2638.850515,0.837031,0.758326,0.837031,0.758326,79,50,60,33,0,0,0,0,101,76,74,41
2026/02/04/16:39:08,2639.851024,0.837031,0.758326,0.837031,0.758326,79,50,60,33,0,0,0,0,101,76,74,41
2026/02/04/16:39:09,2640.851547,0.831406,0.755185,0.831406,0.755185,79,48,60,33,0,0,0,0,101,78,74,41
2026/02/04/16:39:10,2641.852126,0.831406,0.755185,0.831406,0.755185,79,48,60,33,0,0,0,0,101,78,74,41
2026/02/04/16:39:11,2642.852779,0.831406,0.755185,0.831406,0.755185,79,48,60,33,0,0,0,0,101,78,74,41
2026/02/04/16:39:12,2643.853477,0.831406,0.755185,0.831406,0.755185,79,48,60,33,0,0,0,0,101,78,74,41
2026/02/04/16:39:13,2644.854131,0.831406,0.755185,0.831406,0.755185,79,48,60,33,0,0,0,0,101,78,74,41
2026/02/04/16:39:14,2645.854832,0.831406,0.755185,0.831406,0.755185,79,48,60,33,0,0,0,0,101,78,74,41
2026/02/04/16:39:15,2646.855598,0.831406,0.755185,0.831406,0.755185,79,48,60,33,0,0,0,0,101,78,74,41
2026/02/04/16:39:16,2647.856064,0.831406,0.755185,0.831406,0.755185,79,48,60,33,0,0,0,0,101,78,74,41
2026/02/04/16:39:17,2648.856539,0.831406,0.755185,0.831406,0.755185,79,48,60,33,0,0,0,0,101,78,74,41
2026/02/04/16:39:18,2649.857161,0.831406,0.755185,0.831406,0.755185,79,48,60,33,0,0,0,0,101,78,74,41
2026/02/04/16:39:19,2650.857591,0.827656,0.741354,0.827656,0.741354,79,48,59,33,0,0,0,0,101,78,75,41
2026/02/04/16:39:20,2651.858185,0.827656,0.741354,0.827656,0.741354,79,48,59,33,0,0,0,0,101,78,75,41
2026/02/04/16:39:21,2652.858737,0.827656,0.741354,0.827656,0.741354,79,48,59,33,0,0,0,0,101,78,75,41
2026/02/04/16:39:22,2653.859416,0.827656,0.741354,0.827656,0.741354,79,48,59,33,0,0,0,0,101,78,75,41
2026/02/04/16:39:23,2654.859852,0.825469,0.739777,0.825469,0.739777,79,48,59,32,0,0,0,0,101,78,75,42
2026/02/04/16:39:24,2655.860393,0.825469,0.739777,0.825469,0.739777,79,48,59,32,0,0,0,0,101,78,75,42
2026/02/04/16:39:25,2656.860910,0.825469,0.739777,0.825469,0.739777,79,48,59,32,0,0,0,0,101,78,75,42
2026/02/04/16:39:26,2657.861465,0.825469,0.739777,0.825469,0.739777,79,48,59,32,0,0,0,0,101,78,75,42
2026/02/04/16:39:27,2658.862027,0.825469,0.739777,0.825469,0.739777,79,48,59,32,0,0,0,0,101,78,75,42
2026/02/04/16:39:28,2659.862501,0.841219,0.755270,0.841219,0.755270,79,51,59,34,0,0,0,0,101,78,75,42
2026/02/04/16:39:29,2660.863022,0.841219,0.755270,0.841219,0.755270,79,51,59,34,0,0,0,0,101,78,75,42
2026/02/04/16:39:30,2661.863535,0.841219,0.755270,0.841219,0.755270,79,51,59,34,0,0,0,0,101,78,75,42
2026/02/04/16:39:31,2662.863950,0.841219,0.755270,0.841219,0.755270,79,51,59,34,0,0,0,0,101,78,75,42
2026/02/04/16:39:32,2663.864614,0.841219,0.755270,0.841219,0.755270,79,51,59,34,0,0,0,0,101,78,75,42
2026/02/04/16:39:33,2664.865235,0.841219,0.755270,0.841219,0.755270,79,51,59,34,0,0,0,0,101,78,75,42
2026/02/04/16:39:34,2665.865944,0.841219,0.755270,0.841219,0.755270,79,51,59,34,0,0,0,0,101,78,75,42
2026/02/04/16:39:35,2666.866549,0.841219,0.755270,0.841219,0.755270,79,51,59,34,0,0,0,0,101,78,75,42
2026/02/04/16:39:36,2667.867054,0.839437,0.748943,0.839437,0.748943,79,50,59,34,0,0,0,0,101,79,75,42
2026/02/04/16:39:37,2668.867515,0.839437,0.748943,0.839437,0.748943,79,50,59,34,0,0,0,0,101,79,75,42
2026/02/04/16:39:38,2669.868270,0.839437,0.748943,0.839437,0.748943,79,50,59,34,0,0,0,0,101,79,75,42
2026/02/04/16:39:39,2670.868833,0.835562,0.742384,0.835562,0.742384,79,48,59,34,0,0,0,0,101,81,75,42
2026/02/04/16:39:40,2671.869465,0.835562,0.742384,0.835562,0.742384,79,48,59,34,0,0,0,0,101,81,75,42
2026/02/04/16:39:41,2672.870155,0.835562,0.742384,0.835562,0.742384,79,48,59,34,0,0,0,0,101,81,75,42
2026/02/04/16:39:42,2673.870732,0.835562,0.742384,0.835562,0.742384,79,48,59,34,0,0,0,0,101,81,75,42
2026/02/04/16:39:43,2674.871384,0.835562,0.742384,0.835562,0.742384,79,48,59,34,0,0,0,0,101,81,75,42
2026/02/04/16:39:44,2675.872031,0.835562,0.742384,0.835562,0.742384,79,48,59,34,0,0,0,0,101,81,75,42
2026/02/04/16:39:45,2676.872640,0.835562,0.742384,0.835562,0.742384,79,48,59,34,0,0,0,0,101,81,75,42
2026/02/04/16:39:46,2677.873100,0.835562,0.742384,0.835562,0.742384,79,48,59,34,0,0,0,0,101,81,75,42
2026/02/04/16:39:47,2678.873774,0.835562,0.742384,0.835562,0.742384,79,48,59,34,0,0,0,0,101,81,75,42
2026/02/04/16:39:48,2679.874376,0.835562,0.742384,0.835562,0.742384,79,48,59,34,0,0,0,0,101,81,75,42
2026/02/04/16:39:49,2680.874994,0.835562,0.742384,0.835562,0.742384,79,48,59,34,0,0,0,0,101,81,75,42
2026/02/04/16:39:50,2681.875570,0.830594,0.731841,0.830594,0.731841,79,48,56,34,0,0,0,0,101,81,78,42
2026/02/04/16:39:51,2682.876046,0.875250,0.751316,0.875250,0.751316,79,49,58,36,0,0,0,0,103,81,78,42
2026/02/04/16:39:52,2683.876476,0.875250,0.751316,0.875250,0.751316,79,49,58,36,0,0,0,0,103,81,78,42
2026/02/04/16:39:53,2684.876920,0.887469,0.760438,0.887469,0.760438,79,50,60,36,0,0,0,0,103,81,78,42
2026/02/04/16:39:54,2685.877351,0.887469,0.760438,0.887469,0.760438,79,50,60,36,0,0,0,0,103,81,78,42
2026/02/04/16:39:55,2686.877917,0.885875,0.758289,0.885875,0.758289,79,49,60,36,0,0,0,0,103,82,78,42
2026/02/04/16:39:56,2687.878457,0.883125,0.752514,0.883125,0.752514,79,48,60,36,0,0,0,0,103,83,78,42
2026/02/04/16:39:57,2688.885873,0.883125,0.752514,0.883125,0.752514,79,48,60,36,0,0,0,0,103,83,78,42
2026/02/04/16:39:58,2689.886320,0.883125,0.752514,0.883125,0.752514,79,48,60,36,0,0,0,0,103,83,78,42
2026/02/04/16:39:59,2690.886865,0.883125,0.752514,0.883125,0.752514,79,48,60,36,0,0,0,0,103,83,78,42
2026/02/04/16:40:00,2691.887539,0.883125,0.752514,0.883125,0.752514,79,48,60,36,0,0,0,0,103,83,78,42
2026/02/04/16:40:01,2692.888057,0.883125,0.752514,0.883125,0.752514,79,48,60,36,0,0,0,0,103,83,78,42
2026/02/04/16:40:02,2693.888872,0.887437,0.757199,0.887437,0.757199,79,50,60,36,0,0,0,0,103,83,78,42
2026/02/04/16:40:03,2694.889499,0.887437,0.757199,0.887437,0.757199,79,50,60,36,0,0,0,0,103,83,78,42
2026/02/04/16:40:04,2695.890046,0.884781,0.747099,0.884781,0.747099,79,49,60,36,0,0,0,0,103,84,78,42
2026/02/04/16:40:05,2696.890839,0.880469,0.742414,0.880469,0.742414,79,47,60,36,0,0,0,0,103,86,78,42
2026/02/04/16:40:06,2697.891421,0.880469,0.742414,0.880469,0.742414,79,47,60,36,0,0,0,0,103,86,78,42
2026/02/04/16:40:07,2698.892216,0.880469,0.742414,0.880469,0.742414,79,47,60,36,0,0,0,0,103,86,78,42
2026/02/04/16:40:08,2699.893005,0.880469,0.742414,0.880469,0.742414,79,47,60,36,0,0,0,0,103,86,78,42
2026/02/04/16:40:09,2700.893754,0.880469,0.742414,0.880469,0.742414,79,47,60,36,0,0,0,0,103,86,78,42
2026/02/04/16:40:10,2701.894343,0.880469,0.742414,0.880469,0.742414,79,47,60,36,0,0,0,0,103,86,78,42
2026/02/04/16:40:11,2702.894827,0.880469,0.742414,0.880469,0.742414,79,47,60,36,0,0,0,0,103,86,78,42
2026/02/04/16:40:12,2703.895453,0.880469,0.742414,0.880469,0.742414,79,47,60,36,0,0,0,0,103,86,78,42
2026/02/04/16:40:13,2704.896188,0.880469,0.742414,0.880469,0.742414,79,47,60,36,0,0,0,0,103,86,78,42
2026/02/04/16:40:14,2705.896706,0.880469,0.742414,0.880469,0.742414,79,47,60,36,0,0,0,0,103,86,78,42
2026/02/04/16:40:15,2706.897347,0.880469,0.742414,0.880469,0.742414,79,47,60,36,0,0,0,0,103,86,78,42
2026/02/04/16:40:16,2707.897892,0.880469,0.742414,0.880469,0.742414,79,47,60,36,0,0,0,0,103,86,78,42
2026/02/04/16:40:17,2708.898447,0.880469,0.742414,0.880469,0.742414,79,47,60,36,0,0,0,0,103,86,78,42
2026/02/04/16:40:18,2709.899029,0.880469,0.742414,0.880469,0.742414,79,47,60,36,0,0,0,0,103,86,78,42
2026/02/04/16:40:19,2710.899659,0.880469,0.742414,0.880469,0.742414,79,47,60,36,0,0,0,0,103,86,78,42
2026/02/04/16:40:20,2711.900403,0.880469,0.742414,0.880469,0.742414,79,47,60,36,0,0,0,0,103,86,78,42
2026/02/04/16:40:21,2712.900961,0.880469,0.742414,0.880469,0.742414,79,47,60,36,0,0,0,0,103,86,78,42
2026/02/04/16:40:22,2713.901575,0.880469,0.742414,0.880469,0.742414,79,47,60,36,0,0,0,0,103,86,78,42
2026/02/04/16:40:23,2714.902169,0.880469,0.742414,0.880469,0.742414,79,47,60,36,0,0,0,0,103,86,78,42
2026/02/04/16:40:24,2715.902772,0.880469,0.742414,0.880469,0.742414,79,47,60,36,0,0,0,0,103,86,78,42
2026/02/04/16:40:25,2716.903444,0.880469,0.742414,0.880469,0.742414,79,47,60,36,0,0,0,0,103,86,78,42
2026/02/04/16:40:26,2717.904487,0.880469,0.742414,0.880469,0.742414,79,47,60,36,0,0,0,0,103,86,78,42
2026/02/04/16:40:27,2718.905120,0.880469,0.742414,0.880469,0.742414,79,47,60,36,0,0,0,0,103,86,78,42
2026/02/04/16:40:28,2719.905860,0.880469,0.742414,0.880469,0.742414,79,47,60,36,0,0,0,0,103,86,78,42
2026/02/04/16:40:29,2720.906374,0.880469,0.742414,0.880469,0.742414,79,47,60,36,0,0,0,0,103,86,78,42
2026/02/04/16:40:30,2721.906997,0.880469,0.742414,0.880469,0.742414,79,47,60,36,0,0,0,0,103,86,78,42
2026/02/04/16:40:31,2722.907492,0.880469,0.742414,0.880469,0.742414,79,47,60,36,0,0,0,0,103,86,78,42
2026/02/04/16:40:32,2723.908241,0.880469,0.742414,0.880469,0.742414,79,47,60,36,0,0,0,0,103,86,78,42
2026/02/04/16:40:33,2724.908835,0.880469,0.742414,0.880469,0.742414,79,47,60,36,0,0,0,0,103,86,78,42
2026/02/04/16:40:34,2725.909415,0.880469,0.742414,0.880469,0.742414,79,47,60,36,0,0,0,0,103,86,78,42
2026/02/04/16:40:35,2726.909955,0.880469,0.742414,0.880469,0.742414,79,47,60,36,0,0,0,0,103,86,78,42
2026/02/04/16:40:36,2727.910607,0.880469,0.742414,0.880469,0.742414,79,47,60,36,0,0,0,0,103,86,78,42
2026/02/04/16:40:37,2728.911341,0.880469,0.742414,0.880469,0.742414,79,47,60,36,0,0,0,0,103,86,78,42
2026/02/04/16:40:38,2729.912261,0.869844,0.735441,0.869844,0.735441,79,47,58,36,0,0,0,0,103,86,80,42
2026/02/04/16:40:39,2730.912884,0.869844,0.735441,0.869844,0.735441,79,47,58,36,0,0,0,0,103,86,80,42
2026/02/04/16:40:40,2731.913499,0.869844,0.735441,0.869844,0.735441,79,47,58,36,0,0,0,0,103,86,80,42
2026/02/04/16:40:41,2732.914148,0.869844,0.735441,0.869844,0.735441,79,47,58,36,0,0,0,0,103,86,80,42
2026/02/04/16:40:42,2733.914742,0.869844,0.735441,0.869844,0.735441,79,47,58,36,0,0,0,0,103,86,80,42
2026/02/04/16:40:43,2734.915131,0.869844,0.735441,0.869844,0.735441,79,47,58,36,0,0,0,0,103,86,80,42
2026/02/04/16:40:44,2735.915686,0.869844,0.735441,0.869844,0.735441,79,47,58,36,0,0,0,0,103,86,80,42
2026/02/04/16:40:45,2736.916353,0.869844,0.735441,0.869844,0.735441,79,47,58,36,0,0,0,0,103,86,80,42
2026/02/04/16:40:46,2737.916942,0.869844,0.735441,0.869844,0.735441,79,47,58,36,0,0,0,0,103,86,80,42
2026/02/04/16:40:47,2738.917583,0.869844,0.735441,0.869844,0.735441,79,47,58,36,0,0,0,0,103,86,80,42
2026/02/04/16:40:48,2739.918327,0.869844,0.735441,0.869844,0.735441,79,47,58,36,0,0,0,0,103,86,80,42
2026/02/04/16:40:49,2740.918973,0.869844,0.735441,0.869844,0.735441,79,47,58,36,0,0,0,0,103,86,80,42
2026/02/04/16:40:50,2741.919697,0.869844,0.735441,0.869844,0.735441,79,47,58,36,0,0,0,0,103,86,80,42
2026/02/04/16:40:51,2742.920298,0.869844,0.735441,0.869844,0.735441,79,47,58,36,0,0,0,0,103,86,80,42
2026/02/04/16:40:52,2743.920937,0.869844,0.735441,0.869844,0.735441,79,47,58,36,0,0,0,0,103,86,80,42
2026/02/04/16:40:53,2744.921515,0.869844,0.735441,0.869844,0.735441,79,47,58,36,0,0,0,0,103,86,80,42
2026/02/04/16:40:54,2745.922610,0.869844,0.735441,0.869844,0.735441,79,47,58,36,0,0,0,0,103,86,80,42
2026/02/04/16:40:55,2746.923275,0.869844,0.735441,0.869844,0.735441,79,47,58,36,0,0,0,0,103,86,80,42
2026/02/04/16:40:56,2747.924018,0.869844,0.735441,0.869844,0.735441,79,47,58,36,0,0,0,0,103,86,80,42
2026/02/04/16:40:57,2748.924715,0.869844,0.735441,0.869844,0.735441,79,47,58,36,0,0,0,0,103,86,80,42
2026/02/04/16:40:58,2749.925369,0.869844,0.735441,0.869844,0.735441,79,47,58,36,0,0,0,0,103,86,80,42
2026/02/04/16:40:59,2750.926041,0.869844,0.735441,0.869844,0.735441,79,47,58,36,0,0,0,0,103,86,80,42
2026/02/04/16:41:00,2751.926708,0.869844,0.735441,0.869844,0.735441,79,47,58,36,0,0,0,0,103,86,80,42
2026/02/04/16:41:01,2752.927383,0.869844,0.735441,0.869844,0.735441,79,47,58,36,0,0,0,0,103,86,80,42
2026/02/04/16:41:02,2753.928426,0.869844,0.735441,0.869844,0.735441,79,47,58,36,0,0,0,0,103,86,80,42
2026/02/04/16:41:03,2754.928934,0.869844,0.735441,0.869844,0.735441,79,47,58,36,0,0,0,0,103,86,80,42
2026/02/04/16:41:04,2755.929648,0.869844,0.735441,0.869844,0.735441,79,47,58,36,0,0,0,0,103,86,80,42
2026/02/04/16:41:05,2756.930341,0.869844,0.735441,0.869844,0.735441,79,47,58,36,0,0,0,0,103,86,80,42
2026/02/04/16:41:06,2757.930942,0.869844,0.735441,0.869844,0.735441,79,47,58,36,0,0,0,0,103,86,80,42
2026/02/04/16:41:07,2758.931618,0.869844,0.735441,0.869844,0.735441,79,47,58,36,0,0,0,0,103,86,80,42
2026/02/04/16:41:08,2759.932344,0.869844,0.735441,0.869844,0.735441,79,47,58,36,0,0,0,0,103,86,80,42
2026/02/04/16:41:09,2760.932801,0.869844,0.735441,0.869844,0.735441,79,47,58,36,0,0,0,0,103,86,80,42
2026/02/04/16:41:10,2761.933590,0.869844,0.735441,0.869844,0.735441,79,47,58,36,0,0,0,0,103,86,80,42
2026/02/04/16:41:11,2762.934145,0.869844,0.735441,0.869844,0.735441,79,47,58,36,0,0,0,0,103,86,80,42
2026/02/04/16:41:12,2763.934738,0.869844,0.735441,0.869844,0.735441,79,47,58,36,0,0,0,0,103,86,80,42
2026/02/04/16:41:13,2764.935208,0.869844,0.735441,0.869844,0.735441,79,47,58,36,0,0,0,0,103,86,80,42
2026/02/04/16:41:14,2765.935930,0.869844,0.735441,0.869844,0.735441,79,47,58,36,0,0,0,0,103,86,80,42
2026/02/04/16:41:15,2766.936576,0.869844,0.735441,0.869844,0.735441,79,47,58,36,0,0,0,0,103,86,80,42
2026/02/04/16:41:16,2767.936992,0.869844,0.735441,0.869844,0.735441,79,47,58,36,0,0,0,0,103,86,80,42
2026/02/04/16:41:17,2768.937573,0.869844,0.735441,0.869844,0.735441,79,47,58,36,0,0,0,0,103,86,80,42
2026/02/04/16:41:18,2769.938129,0.858812,0.732287,0.858812,0.732287,79,47,57,36,0,0,0,0,103,86,81,42
2026/02/04/16:41:19,2770.938778,0.858812,0.732287,0.858812,0.732287,79,47,57,36,0,0,0,0,103,86,81,42
2026/02/04/16:41:20,2771.939420,0.858812,0.732287,0.858812,0.732287,79,47,57,36,0,0,0,0,103,86,81,42
2026/02/04/16:41:21,2772.940016,0.858812,0.732287,0.858812,0.732287,79,47,57,36,0,0,0,0,103,86,81,42
2026/02/04/16:41:22,2773.940657,0.858812,0.732287,0.858812,0.732287,79,47,57,36,0,0,0,0,103,86,81,42
2026/02/04/16:41:23,2774.941209,0.858812,0.732287,0.858812,0.732287,79,47,57,36,0,0,0,0,103,86,81,42
2026/02/04/16:41:24,2775.941787,0.858812,0.732287,0.858812,0.732287,79,47,57,36,0,0,0,0,103,86,81,42
2026/02/04/16:41:25,2776.942298,0.858812,0.732287,0.858812,0.732287,79,47,57,36,0,0,0,0,103,86,81,42
2026/02/04/16:41:26,2777.942943,0.858812,0.732287,0.858812,0.732287,79,47,57,36,0,0,0,0,103,86,81,42
2026/02/04/16:41:27,2778.943460,0.858812,0.732287,0.858812,0.732287,79,47,57,36,0,0,0,0,103,86,81,42
2026/02/04/16:41:28,2779.944015,0.858812,0.732287,0.858812,0.732287,79,47,57,36,0,0,0,0,103,86,81,42
2026/02/04/16:41:29,2780.944638,0.858812,0.732287,0.858812,0.732287,79,47,57,36,0,0,0,0,103,86,81,42
2026/02/04/16:41:30,2781.945389,0.858812,0.732287,0.858812,0.732287,79,47,57,36,0,0,0,0,103,86,81,42
2026/02/04/16:41:31,2782.945956,0.858812,0.732287,0.858812,0.732287,79,47,57,36,0,0,0,0,103,86,81,42
2026/02/04/16:41:32,2783.946504,0.858812,0.732287,0.858812,0.732287,79,47,57,36,0,0,0,0,103,86,81,42
2026/02/04/16:41:33,2784.947154,0.858812,0.732287,0.858812,0.732287,79,47,57,36,0,0,0,0,103,86,81,42
2026/02/04/16:41:34,2785.947677,0.858812,0.732287,0.858812,0.732287,79,47,57,36,0,0,0,0,103,86,81,42
2026/02/04/16:41:35,2786.948158,0.858812,0.732287,0.858812,0.732287,79,47,57,36,0,0,0,0,103,86,81,42
2026/02/04/16:41:36,2787.948775,0.858812,0.732287,0.858812,0.732287,79,47,57,36,0,0,0,0,103,86,81,42
2026/02/04/16:41:37,2788.949443,0.858812,0.732287,0.858812,0.732287,79,47,57,36,0,0,0,0,103,86,81,42
2026/02/04/16:41:38,2789.950065,0.858812,0.732287,0.858812,0.732287,79,47,57,36,0,0,0,0,103,86,81,42
2026/02/04/16:41:39,2790.950836,0.858812,0.732287,0.858812,0.732287,79,47,57,36,0,0,0,0,103,86,81,42
2026/02/04/16:41:40,2791.951232,0.858812,0.732287,0.858812,0.732287,79,47,57,36,0,0,0,0,103,86,81,42
2026/02/04/16:41:41,2792.951851,0.858812,0.732287,0.858812,0.732287,79,47,57,36,0,0,0,0,103,86,81,42
2026/02/04/16:41:42,2793.952372,0.858812,0.732287,0.858812,0.732287,79,47,57,36,0,0,0,0,103,86,81,42
2026/02/04/16:41:43,2794.952976,0.858812,0.732287,0.858812,0.732287,79,47,57,36,0,0,0,0,103,86,81,42
2026/02/04/16:41:44,2795.953598,0.858812,0.732287,0.858812,0.732287,79,47,57,36,0,0,0,0,103,86,81,42
2026/02/04/16:41:45,2796.954155,0.858812,0.732287,0.858812,0.732287,79,47,57,36,0,0,0,0,103,86,81,42
2026/02/04/16:41:46,2797.954568,0.858812,0.732287,0.858812,0.732287,79,47,57,36,0,0,0,0,103,86,81,42
2026/02/04/16:41:47,2798.955152,0.858812,0.732287,0.858812,0.732287,79,47,57,36,0,0,0,0,103,86,81,42
2026/02/04/16:41:48,2799.955831,0.858812,0.732287,0.858812,0.732287,79,47,57,36,0,0,0,0,103,86,81,42
2026/02/04/16:41:49,2800.956605,0.858812,0.732287,0.858812,0.732287,79,47,57,36,0,0,0,0,103,86,81,42
2026/02/04/16:41:50,2801.957029,0.858812,0.732287,0.858812,0.732287,79,47,57,36,0,0,0,0,103,86,81,42
2026/02/04/16:41:51,2802.957655,0.858812,0.732287,0.858812,0.732287,79,47,57,36,0,0,0,0,103,86,81,42
2026/02/04/16:41:52,2803.958305,0.858812,0.732287,0.858812,0.732287,79,47,57,36,0,0,0,0,103,86,81,42
2026/02/04/16:41:53,2804.958772,0.858812,0.732287,0.858812,0.732287,79,47,57,36,0,0,0,0,103,86,81,42
2026/02/04/16:41:54,2805.959458,0.858812,0.732287,0.858812,0.732287,79,47,57,36,0,0,0,0,103,86,81,42
2026/02/04/16:41:55,2806.960058,0.858812,0.732287,0.858812,0.732287,79,47,57,36,0,0,0,0,103,86,81,42
2026/02/04/16:41:56,2807.960701,0.858812,0.732287,0.858812,0.732287,79,47,57,36,0,0,0,0,103,86,81,42
2026/02/04/16:41:57,2808.961323,0.858812,0.732287,0.858812,0.732287,79,47,57,36,0,0,0,0,103,86,81,42
2026/02/04/16:41:58,2809.962093,0.858812,0.732287,0.858812,0.732287,79,47,57,36,0,0,0,0,103,86,81,42
2026/02/04/16:41:59,2810.962783,0.858812,0.732287,0.858812,0.732287,79,47,57,36,0,0,0,0,103,86,81,42
2026/02/04/16:42:00,2811.963430,0.858812,0.732287,0.858812,0.732287,79,47,57,36,0,0,0,0,103,86,81,42
2026/02/04/16:42:01,2812.964128,0.858812,0.732287,0.858812,0.732287,79,47,57,36,0,0,0,0,103,86,81,42
2026/02/04/16:42:02,2813.965165,0.858812,0.732287,0.858812,0.732287,79,47,57,36,0,0,0,0,103,86,81,42
2026/02/04/16:42:03,2814.965886,0.858812,0.732287,0.858812,0.732287,79,47,57,36,0,0,0,0,103,86,81,42
2026/02/04/16:42:04,2815.966324,0.858812,0.732287,0.858812,0.732287,79,47,57,36,0,0,0,0,103,86,81,42
2026/02/04/16:42:05,2816.967016,0.858812,0.732287,0.858812,0.732287,79,47,57,36,0,0,0,0,103,86,81,42
2026/02/04/16:42:06,2817.967541,0.858812,0.732287,0.858812,0.732287,79,47,57,36,0,0,0,0,103,86,81,42
2026/02/04/16:42:07,2818.968096,0.858812,0.732287,0.858812,0.732287,79,47,57,36,0,0,0,0,103,86,81,42
2026/02/04/16:42:08,2819.968560,0.858812,0.732287,0.858812,0.732287,79,47,57,36,0,0,0,0,103,86,81,42
2026/02/04/16:42:09,2820.969187,0.858812,0.732287,0.858812,0.732287,79,47,57,36,0,0,0,0,103,86,81,42
2026/02/04/16:42:10,2821.969881,0.858812,0.732287,0.858812,0.732287,79,47,57,36,0,0,0,0,103,86,81,42
2026/02/04/16:42:11,2822.970466,0.858812,0.732287,0.858812,0.732287,79,47,57,36,0,0,0,0,103,86,81,42
2026/02/04/16:42:12,2823.971022,0.858812,0.732287,0.858812,0.732287,79,47,57,36,0,0,0,0,103,86,81,42
2026/02/04/16:42:13,2824.971493,0.858812,0.732287,0.858812,0.732287,79,47,57,36,0,0,0,0,103,86,81,42
2026/02/04/16:42:14,2825.972120,0.858812,0.732287,0.858812,0.732287,79,47,57,36,0,0,0,0,103,86,81,42
2026/02/04/16:42:15,2826.972844,0.858812,0.732287,0.858812,0.732287,79,47,57,36,0,0,0,0,103,86,81,42
2026/02/04/16:42:16,2827.973425,0.858812,0.732287,0.858812,0.732287,79,47,57,36,0,0,0,0,103,86,81,42
2026/02/04/16:42:17,2828.974045,0.858812,0.732287,0.858812,0.732287,79,47,57,36,0,0,0,0,103,86,81,42
2026/02/04/16:42:18,2829.974520,0.858812,0.732287,0.858812,0.732287,79,47,57,36,0,0,0,0,103,86,81,42
2026/02/04/16:42:19,2830.975165,0.858812,0.732287,0.858812,0.732287,79,47,57,36,0,0,0,0,103,86,81,42
2026/02/04/16:42:20,2831.975847,0.858812,0.732287,0.858812,0.732287,79,47,57,36,0,0,0,0,103,86,81,42
2026/02/04/16:42:21,2832.976529,0.858812,0.732287,0.858812,0.732287,79,47,57,36,0,0,0,0,103,86,81,42
2026/02/04/16:42:22,2833.977151,0.858812,0.732287,0.858812,0.732287,79,47,57,36,0,0,0,0,103,86,81,42
2026/02/04/16:42:23,2834.977699,0.858812,0.732287,0.858812,0.732287,79,47,57,36,0,0,0,0,103,86,81,42
2026/02/04/16:42:24,2835.978346,0.858812,0.732287,0.858812,0.732287,79,47,57,36,0,0,0,0,103,86,81,42
2026/02/04/16:42:25,2836.979057,0.858812,0.732287,0.858812,0.732287,79,47,57,36,0,0,0,0,103,86,81,42
2026/02/04/16:42:26,2837.979538,0.858812,0.732287,0.858812,0.732287,79,47,57,36,0,0,0,0,103,86,81,42
2026/02/04/16:42:27,2838.980153,0.858812,0.732287,0.858812,0.732287,79,47,57,36,0,0,0,0,103,86,81,42
2026/02/04/16:42:28,2839.980782,0.869500,0.744469,0.869500,0.744469,82,47,57,36,0,0,0,0,103,86,81,42
2026/02/04/16:42:29,2840.981441,0.878531,0.747928,0.878531,0.747928,82,47,58,36,0,0,0,0,103,86,81,42
2026/02/04/16:42:30,2841.981902,0.878531,0.747928,0.878531,0.747928,82,47,58,36,0,0,0,0,103,86,81,42
2026/02/04/16:42:31,2842.982596,0.878531,0.747928,0.878531,0.747928,82,47,58,36,0,0,0,0,103,86,81,42
2026/02/04/16:42:32,2843.983413,0.878531,0.747928,0.878531,0.747928,82,47,58,36,0,0,0,0,103,86,81,42
2026/02/04/16:42:33,2844.983951,0.878531,0.747928,0.878531,0.747928,82,47,58,36,0,0,0,0,103,86,81,42
2026/02/04/16:42:34,2845.984612,0.878531,0.747928,0.878531,0.747928,82,47,58,36,0,0,0,0,103,86,81,42
2026/02/04/16:42:35,2846.985229,0.878531,0.747928,0.878531,0.747928,82,47,58,36,0,0,0,0,103,86,81,42
2026/02/04/16:42:36,2847.985783,0.878531,0.747928,0.878531,0.747928,82,47,58,36,0,0,0,0,103,86,81,42
2026/02/04/16:42:37,2848.986645,0.878531,0.747928,0.878531,0.747928,82,47,58,36,0,0,0,0,103,86,81,42
2026/02/04/16:42:38,2849.987332,0.878531,0.747928,0.878531,0.747928,82,47,58,36,0,0,0,0,103,86,81,42
2026/02/04/16:42:39,2850.988145,0.878531,0.747928,0.878531,0.747928,82,47,58,36,0,0,0,0,103,86,81,42
2026/02/04/16:42:40,2851.988803,0.878531,0.747928,0.878531,0.747928,82,47,58,36,0,0,0,0,103,86,81,42
2026/02/04/16:42:41,2852.989487,0.878531,0.747928,0.878531,0.747928,82,47,58,36,0,0,0,0,103,86,81,42
2026/02/04/16:42:42,2853.990101,0.878531,0.747928,0.878531,0.747928,82,47,58,36,0,0,0,0,103,86,81,42
2026/02/04/16:42:43,2854.990732,0.878531,0.747928,0.878531,0.747928,82,47,58,36,0,0,0,0,103,86,81,42
2026/02/04/16:42:44,2855.991307,0.878531,0.747928,0.878531,0.747928,82,47,58,36,0,0,0,0,103,86,81,42
2026/02/04/16:42:45,2856.993023,0.878531,0.747928,0.878531,0.747928,82,47,58,36,0,0,0,0,103,86,81,42
2026/02/04/16:42:46,2857.993547,0.878531,0.747928,0.878531,0.747928,82,47,58,36,0,0,0,0,103,86,81,42
2026/02/04/16:42:47,2858.994156,0.878531,0.747928,0.878531,0.747928,82,47,58,36,0,0,0,0,103,86,81,42
2026/02/04/16:42:48,2859.994614,0.878531,0.747928,0.878531,0.747928,82,47,58,36,0,0,0,0,103,86,81,42
2026/02/04/16:42:49,2860.995247,0.878531,0.747928,0.878531,0.747928,82,47,58,36,0,0,0,0,103,86,81,42
2026/02/04/16:42:50,2861.995793,0.878531,0.747928,0.878531,0.747928,82,47,58,36,0,0,0,0,103,86,81,42
2026/02/04/16:42:51,2862.996465,0.878531,0.747928,0.878531,0.747928,82,47,58,36,0,0,0,0,103,86,81,42
2026/02/04/16:42:52,2863.997033,0.878531,0.747928,0.878531,0.747928,82,47,58,36,0,0,0,0,103,86,81,42
2026/02/04/16:42:53,2864.997705,0.878531,0.747928,0.878531,0.747928,82,47,58,36,0,0,0,0,103,86,81,42
2026/02/04/16:42:54,2865.998161,0.878531,0.747928,0.878531,0.747928,82,47,58,36,0,0,0,0,103,86,81,42
2026/02/04/16:42:55,2866.998700,0.878531,0.747928,0.878531,0.747928,82,47,58,36,0,0,0,0,103,86,81,42
2026/02/04/16:42:56,2867.999411,0.878531,0.747928,0.878531,0.747928,82,47,58,36,0,0,0,0,103,86,81,42
2026/02/04/16:42:57,2868.999976,0.878531,0.747928,0.878531,0.747928,82,47,58,36,0,0,0,0,103,86,81,42
2026/02/04/16:42:58,2870.000538,0.878531,0.747928,0.878531,0.747928,82,47,58,36,0,0,0,0,103,86,81,42
2026/02/04/16:42:59,2871.001029,0.878531,0.747928,0.878531,0.747928,82,47,58,36,0,0,0,0,103,86,81,42
2026/02/04/16:43:00,2872.001516,0.878531,0.747928,0.878531,0.747928,82,47,58,36,0,0,0,0,103,86,81,42
2026/02/04/16:43:01,2873.002161,0.878531,0.747928,0.878531,0.747928,82,47,58,36,0,0,0,0,103,86,81,42
2026/02/04/16:43:02,2874.002713,0.878531,0.747928,0.878531,0.747928,82,47,58,36,0,0,0,0,103,86,81,42
2026/02/04/16:43:03,2875.003337,0.878531,0.747928,0.878531,0.747928,82,47,58,36,0,0,0,0,103,86,81,42
2026/02/04/16:43:04,2876.003882,0.878531,0.747928,0.878531,0.747928,82,47,58,36,0,0,0,0,103,86,81,42
2026/02/04/16:43:05,2877.004339,0.869500,0.744469,0.869500,0.744469,82,47,57,36,0,0,0,0,103,86,82,42
2026/02/04/16:43:06,2878.004857,0.869500,0.744469,0.869500,0.744469,82,47,57,36,0,0,0,0,103,86,82,42
2026/02/04/16:43:07,2879.005335,0.869500,0.744469,0.869500,0.744469,82,47,57,36,0,0,0,0,103,86,82,42
2026/02/04/16:43:08,2880.006021,0.869500,0.744469,0.869500,0.744469,82,47,57,36,0,0,0,0,103,86,82,42
2026/02/04/16:43:09,2881.006611,0.869500,0.744469,0.869500,0.744469,82,47,57,36,0,0,0,0,103,86,82,42
2026/02/04/16:43:10,2882.007508,0.869500,0.744469,0.869500,0.744469,82,47,57,36,0,0,0,0,103,86,82,42
2026/02/04/16:43:11,2883.008015,0.869500,0.744469,0.869500,0.744469,82,47,57,36,0,0,0,0,103,86,82,42
2026/02/04/16:43:12,2884.008657,0.869500,0.744469,0.869500,0.744469,82,47,57,36,0,0,0,0,103,86,82,42
2026/02/04/16:43:13,2885.009166,0.869500,0.744469,0.869500,0.744469,82,47,57,36,0,0,0,0,103,86,82,42
2026/02/04/16:43:14,2886.009833,0.869500,0.744469,0.869500,0.744469,82,47,57,36,0,0,0,0,103,86,82,42
2026/02/04/16:43:15,2887.010571,0.869500,0.744469,0.869500,0.744469,82,47,57,36,0,0,0,0,103,86,82,42
2026/02/04/16:43:16,2888.011106,0.869500,0.744469,0.869500,0.744469,82,47,57,36,0,0,0,0,103,86,82,42
2026/02/04/16:43:17,2889.011759,0.869500,0.744469,0.869500,0.744469,82,47,57,36,0,0,0,0,103,86,82,42
2026/02/04/16:43:18,2890.012294,0.869500,0.744469,0.869500,0.744469,82,47,57,36,0,0,0,0,103,86,82,42
2026/02/04/16:43:19,2891.012938,0.869500,0.744469,0.869500,0.744469,82,47,57,36,0,0,0,0,103,86,82,42
2026/02/04/16:43:20,2892.013387,0.869500,0.744469,0.869500,0.744469,82,47,57,36,0,0,0,0,103,86,82,42
2026/02/04/16:43:21,2893.014118,0.869500,0.744469,0.869500,0.744469,82,47,57,36,0,0,0,0,103,86,82,42
2026/02/04/16:43:22,2894.014633,0.869500,0.744469,0.869500,0.744469,82,47,57,36,0,0,0,0,103,86,82,42
2026/02/04/16:43:23,2895.015258,0.869500,0.744469,0.869500,0.744469,82,47,57,36,0,0,0,0,103,86,82,42
2026/02/04/16:43:24,2896.015954,0.869500,0.744469,0.869500,0.744469,82,47,57,36,0,0,0,0,103,86,82,42
2026/02/04/16:43:25,2897.016610,0.869500,0.744469,0.869500,0.744469,82,47,57,36,0,0,0,0,103,86,82,42
2026/02/04/16:43:26,2898.017209,0.869500,0.744469,0.869500,0.744469,82,47,57,36,0,0,0,0,103,86,82,42
2026/02/04/16:43:27,2899.017820,0.869500,0.744469,0.869500,0.744469,82,47,57,36,0,0,0,0,103,86,82,42
2026/02/04/16:43:28,2900.018474,0.869500,0.744469,0.869500,0.744469,82,47,57,36,0,0,0,0,103,86,82,42
2026/02/04/16:43:29,2901.019088,0.869500,0.744469,0.869500,0.744469,82,47,57,36,0,0,0,0,103,86,82,42
2026/02/04/16:43:30,2902.019723,0.869500,0.744469,0.869500,0.744469,82,47,57,36,0,0,0,0,103,86,82,42
2026/02/04/16:43:31,2903.020352,0.869500,0.744469,0.869500,0.744469,82,47,57,36,0,0,0,0,103,86,82,42
2026/02/04/16:43:32,2904.020972,0.869500,0.744469,0.869500,0.744469,82,47,57,36,0,0,0,0,103,86,82,42
2026/02/04/16:43:33,2905.021581,0.869500,0.744469,0.869500,0.744469,82,47,57,36,0,0,0,0,103,86,82,42
2026/02/04/16:43:34,2906.022102,0.869500,0.744469,0.869500,0.744469,82,47,57,36,0,0,0,0,103,86,82,42
2026/02/04/16:43:35,2907.022651,0.869500,0.744469,0.869500,0.744469,82,47,57,36,0,0,0,0,103,86,82,42
2026/02/04/16:43:36,2908.023321,0.869500,0.744469,0.869500,0.744469,82,47,57,36,0,0,0,0,103,86,82,42
2026/02/04/16:43:37,2909.023890,0.869500,0.744469,0.869500,0.744469,82,47,57,36,0,0,0,0,103,86,82,42
2026/02/04/16:43:38,2910.024427,0.869500,0.744469,0.869500,0.744469,82,47,57,36,0,0,0,0,103,86,82,42
2026/02/04/16:43:39,2911.025141,0.869500,0.744469,0.869500,0.744469,82,47,57,36,0,0,0,0,103,86,82,42
2026/02/04/16:43:40,2912.025722,0.869500,0.744469,0.869500,0.744469,82,47,57,36,0,0,0,0,103,86,82,42
2026/02/04/16:43:41,2913.026383,0.869500,0.744469,0.869500,0.744469,82,47,57,36,0,0,0,0,103,86,82,42
2026/02/04/16:43:42,2914.026929,0.869500,0.744469,0.869500,0.744469,82,47,57,36,0,0,0,0,103,86,82,42
2026/02/04/16:43:43,2915.027609,0.869500,0.744469,0.869500,0.744469,82,47,57,36,0,0,0,0,103,86,82,42
2026/02/04/16:43:44,2916.028301,0.869500,0.744469,0.869500,0.744469,82,47,57,36,0,0,0,0,103,86,82,42
2026/02/04/16:43:45,2917.028976,0.869500,0.744469,0.869500,0.744469,82,47,57,36,0,0,0,0,103,86,82,42
2026/02/04/16:43:46,2918.029506,0.869500,0.744469,0.869500,0.744469,82,47,57,36,0,0,0,0,103,86,82,42
2026/02/04/16:43:47,2919.030243,0.869500,0.744469,0.869500,0.744469,82,47,57,36,0,0,0,0,103,86,82,42
2026/02/04/16:43:48,2920.030889,0.869500,0.744469,0.869500,0.744469,82,47,57,36,0,0,0,0,103,86,82,42
2026/02/04/16:43:49,2921.031439,0.869500,0.744469,0.869500,0.744469,82,47,57,36,0,0,0,0,103,86,82,42
2026/02/04/16:43:50,2922.031922,0.869500,0.744469,0.869500,0.744469,82,47,57,36,0,0,0,0,103,86,82,42
2026/02/04/16:43:51,2923.032512,0.869500,0.744469,0.869500,0.744469,82,47,57,36,0,0,0,0,103,86,82,42
2026/02/04/16:43:52,2924.033280,0.869500,0.744469,0.869500,0.744469,82,47,57,36,0,0,0,0,103,86,82,42
2026/02/04/16:43:53,2925.033946,0.858812,0.732287,0.858812,0.732287,79,47,57,36,0,0,0,0,106,86,82,42
2026/02/04/16:43:54,2926.034696,0.858812,0.732287,0.858812,0.732287,79,47,57,36,0,0,0,0,106,86,82,42
2026/02/04/16:43:55,2927.035570,0.858812,0.732287,0.858812,0.732287,79,47,57,36,0,0,0,0,106,86,82,42
2026/02/04/16:43:56,2928.036209,0.858812,0.732287,0.858812,0.732287,79,47,57,36,0,0,0,0,106,86,82,42
2026/02/04/16:43:57,2929.036771,0.858812,0.732287,0.858812,0.732287,79,47,57,36,0,0,0,0,106,86,82,42
2026/02/04/16:43:58,2930.037460,0.858812,0.732287,0.858812,0.732287,79,47,57,36,0,0,0,0,106,86,82,42
2026/02/04/16:43:59,2931.038107,0.858812,0.732287,0.858812,0.732287,79,47,57,36,0,0,0,0,106,86,82,42
2026/02/04/16:44:00,2932.038703,0.858812,0.732287,0.858812,0.732287,79,47,57,36,0,0,0,0,106,86,82,42
2026/02/04/16:44:01,2933.039267,0.858812,0.732287,0.858812,0.732287,79,47,57,36,0,0,0,0,106,86,82,42
2026/02/04/16:44:02,2934.039881,0.858812,0.732287,0.858812,0.732287,79,47,57,36,0,0,0,0,106,86,82,42
2026/02/04/16:44:03,2935.040446,0.858812,0.732287,0.858812,0.732287,79,47,57,36,0,0,0,0,106,86,82,42
2026/02/04/16:44:04,2936.040994,0.858812,0.732287,0.858812,0.732287,79,47,57,36,0,0,0,0,106,86,82,42
2026/02/04/16:44:05,2937.041623,0.858812,0.732287,0.858812,0.732287,79,47,57,36,0,0,0,0,106,86,82,42
2026/02/04/16:44:06,2938.042406,0.858812,0.732287,0.858812,0.732287,79,47,57,36,0,0,0,0,106,86,82,42
2026/02/04/16:44:07,2939.043042,0.858812,0.732287,0.858812,0.732287,79,47,57,36,0,0,0,0,106,86,82,42
2026/02/04/16:44:08,2940.043746,0.858812,0.732287,0.858812,0.732287,79,47,57,36,0,0,0,0,106,86,82,42
2026/02/04/16:44:09,2941.044407,0.858812,0.732287,0.858812,0.732287,79,47,57,36,0,0,0,0,106,86,82,42
2026/02/04/16:44:10,2942.045017,0.858812,0.732287,0.858812,0.732287,79,47,57,36,0,0,0,0,106,86,82,42
2026/02/04/16:44:11,2943.045642,0.858812,0.732287,0.858812,0.732287,79,47,57,36,0,0,0,0,106,86,82,42
2026/02/04/16:44:12,2944.046268,0.858812,0.732287,0.858812,0.732287,79,47,57,36,0,0,0,0,106,86,82,42
2026/02/04/16:44:13,2945.046928,0.858812,0.732287,0.858812,0.732287,79,47,57,36,0,0,0,0,106,86,82,42
2026/02/04/16:44:14,2946.047548,0.858812,0.732287,0.858812,0.732287,79,47,57,36,0,0,0,0,106,86,82,42
2026/02/04/16:44:15,2947.048169,0.858812,0.732287,0.858812,0.732287,79,47,57,36,0,0,0,0,106,86,82,42
2026/02/04/16:44:16,2948.048680,0.858812,0.732287,0.858812,0.732287,79,47,57,36,0,0,0,0,106,86,82,42
2026/02/04/16:44:17,2949.049266,0.861219,0.734300,0.861219,0.734300,79,47,57,37,0,0,0,0,106,86,82,42
2026/02/04/16:44:18,2950.050064,0.861219,0.734300,0.861219,0.734300,79,47,57,37,0,0,0,0,106,86,82,42
2026/02/04/16:44:19,2951.050640,0.861219,0.734300,0.861219,0.734300,79,47,57,37,0,0,0,0,106,86,82,42
2026/02/04/16:44:20,2952.051277,0.861219,0.734300,0.861219,0.734300,79,47,57,37,0,0,0,0,106,86,82,42
2026/02/04/16:44:21,2953.051871,0.861219,0.734300,0.861219,0.734300,79,47,57,37,0,0,0,0,106,86,82,42
2026/02/04/16:44:22,2954.052393,0.861219,0.734300,0.861219,0.734300,79,47,57,37,0,0,0,0,106,86,82,42
2026/02/04/16:44:23,2955.053332,0.861219,0.734300,0.861219,0.734300,79,47,57,37,0,0,0,0,106,86,82,42
2026/02/04/16:44:24,2956.054008,0.861219,0.734300,0.861219,0.734300,79,47,57,37,0,0,0,0,106,86,82,42
2026/02/04/16:44:25,2957.054527,0.861219,0.734300,0.861219,0.734300,79,47,57,37,0,0,0,0,106,86,82,42
2026/02/04/16:44:26,2958.055147,0.861219,0.734300,0.861219,0.734300,79,47,57,37,0,0,0,0,106,86,82,42
2026/02/04/16:44:27,2959.055680,0.861219,0.734300,0.861219,0.734300,79,47,57,37,0,0,0,0,106,86,82,42
2026/02/04/16:44:28,2960.056278,0.861219,0.734300,0.861219,0.734300,79,47,57,37,0,0,0,0,106,86,82,42
2026/02/04/16:44:29,2961.056944,0.861219,0.734300,0.861219,0.734300,79,47,57,37,0,0,0,0,106,86,82,42
2026/02/04/16:44:30,2962.057878,0.861219,0.734300,0.861219,0.734300,79,47,57,37,0,0,0,0,106,86,82,42
2026/02/04/16:44:31,2963.058532,0.861219,0.734300,0.861219,0.734300,79,47,57,37,0,0,0,0,106,86,82,42
2026/02/04/16:44:32,2964.059154,0.861219,0.734300,0.861219,0.734300,79,47,57,37,0,0,0,0,106,86,82,42
2026/02/04/16:44:33,2965.059740,0.861219,0.734300,0.861219,0.734300,79,47,57,37,0,0,0,0,106,86,82,42
2026/02/04/16:44:34,2966.060348,0.861219,0.734300,0.861219,0.734300,79,47,57,37,0,0,0,0,106,86,82,42
2026/02/04/16:44:35,2967.060990,0.858812,0.732287,0.858812,0.732287,79,47,57,36,0,0,0,0,106,86,82,43
2026/02/04/16:44:36,2968.061551,0.858812,0.732287,0.858812,0.732287,79,47,57,36,0,0,0,0,106,86,82,43
2026/02/04/16:44:37,2969.062207,0.858812,0.732287,0.858812,0.732287,79,47,57,36,0,0,0,0,106,86,82,43
2026/02/04/16:44:38,2970.062764,0.858812,0.732287,0.858812,0.732287,79,47,57,36,0,0,0,0,106,86,82,43
2026/02/04/16:44:39,2971.063412,0.858812,0.732287,0.858812,0.732287,79,47,57,36,0,0,0,0,106,86,82,43
2026/02/04/16:44:40,2972.064124,0.858812,0.732287,0.858812,0.732287,79,47,57,36,0,0,0,0,106,86,82,43
2026/02/04/16:44:41,2973.064742,0.858812,0.732287,0.858812,0.732287,79,47,57,36,0,0,0,0,106,86,82,43
2026/02/04/16:44:42,2974.065321,0.858812,0.732287,0.858812,0.732287,79,47,57,36,0,0,0,0,106,86,82,43
2026/02/04/16:44:43,2975.065964,0.858812,0.732287,0.858812,0.732287,79,47,57,36,0,0,0,0,106,86,82,43
2026/02/04/16:44:44,2976.066718,0.858812,0.732287,0.858812,0.732287,79,47,57,36,0,0,0,0,106,86,82,43
2026/02/04/16:44:45,2977.067255,0.858812,0.732287,0.858812,0.732287,79,47,57,36,0,0,0,0,106,86,82,43
2026/02/04/16:44:46,2978.067859,0.858812,0.732287,0.858812,0.732287,79,47,57,36,0,0,0,0,106,86,82,43
2026/02/04/16:44:47,2979.068300,0.858812,0.732287,0.858812,0.732287,79,47,57,36,0,0,0,0,106,86,82,43
2026/02/04/16:44:48,2980.069097,0.858812,0.732287,0.858812,0.732287,79,47,57,36,0,0,0,0,106,86,82,43
2026/02/04/16:44:49,2981.069871,0.858812,0.732287,0.858812,0.732287,79,47,57,36,0,0,0,0,106,86,82,43
2026/02/04/16:44:50,2982.070648,0.858812,0.732287,0.858812,0.732287,79,47,57,36,0,0,0,0,106,86,82,43
2026/02/04/16:44:51,2983.071436,0.858812,0.732287,0.858812,0.732287,79,47,57,36,0,0,0,0,106,86,82,43
2026/02/04/16:44:52,2984.072324,0.858812,0.732287,0.858812,0.732287,79,47,57,36,0,0,0,0,106,86,82,43
2026/02/04/16:44:53,2985.072960,0.858812,0.732287,0.858812,0.732287,79,47,57,36,0,0,0,0,106,86,82,43
2026/02/04/16:44:54,2986.073628,0.858812,0.732287,0.858812,0.732287,79,47,57,36,0,0,0,0,106,86,82,43
2026/02/04/16:44:55,2987.074208,0.858812,0.732287,0.858812,0.732287,79,47,57,36,0,0,0,0,106,86,82,43
2026/02/04/16:44:56,2988.074793,0.858812,0.732287,0.858812,0.732287,79,47,57,36,0,0,0,0,106,86,82,43
2026/02/04/16:44:57,2989.075475,0.858812,0.732287,0.858812,0.732287,79,47,57,36,0,0,0,0,106,86,82,43
2026/02/04/16:44:58,2990.075985,0.858812,0.732287,0.858812,0.732287,79,47,57,36,0,0,0,0,106,86,82,43
2026/02/04/16:44:59,2991.076588,0.858812,0.732287,0.858812,0.732287,79,47,57,36,0,0,0,0,106,86,82,43
2026/02/04/16:45:00,2992.077276,0.858812,0.732287,0.858812,0.732287,79,47,57,36,0,0,0,0,106,86,82,43
2026/02/04/16:45:01,2993.077882,0.858812,0.732287,0.858812,0.732287,79,47,57,36,0,0,0,0,106,86,82,43
2026/02/04/16:45:02,2994.078545,0.858812,0.732287,0.858812,0.732287,79,47,57,36,0,0,0,0,106,86,82,43
2026/02/04/16:45:03,2995.079191,0.858812,0.732287,0.858812,0.732287,79,47,57,36,0,0,0,0,106,86,82,43
2026/02/04/16:45:04,2996.079821,0.891531,0.758273,0.891531,0.758273,86,47,58,36,0,0,0,0,106,86,82,43
2026/02/04/16:45:05,2997.080565,0.891531,0.758273,0.891531,0.758273,86,47,58,36,0,0,0,0,106,86,82,43
2026/02/04/16:45:06,2998.081249,0.886031,0.749336,0.886031,0.749336,86,47,57,36,0,0,0,0,106,86,83,43
2026/02/04/16:45:07,2999.081778,0.886031,0.749336,0.886031,0.749336,86,47,57,36,0,0,0,0,106,86,83,43
2026/02/04/16:45:08,3000.082492,0.886031,0.749336,0.886031,0.749336,86,47,57,36,0,0,0,0,106,86,83,43
2026/02/04/16:45:09,3001.083126,0.886031,0.749336,0.886031,0.749336,86,47,57,36,0,0,0,0,106,86,83,43
2026/02/04/16:45:10,3002.083910,0.886031,0.749336,0.886031,0.749336,86,47,57,36,0,0,0,0,106,86,83,43
2026/02/04/16:45:11,3003.084477,0.886563,0.773760,0.921344,0.781974,87,48,57,36,2,0,0,2,107,86,83,43
2026/02/04/16:45:12,3004.085126,0.894188,0.775689,0.911719,0.779807,86,48,57,38,2,0,0,0,108,86,83,43
2026/02/04/16:45:13,3005.085707,0.894188,0.775689,0.911719,0.779807,86,48,57,38,2,0,0,0,108,86,83,43
2026/02/04/16:45:14,3006.086281,0.894188,0.775689,0.911719,0.779807,86,48,57,38,2,0,0,0,108,86,83,43
2026/02/04/16:45:15,3007.086813,0.901750,0.818898,0.940937,0.833051,85,48,61,38,2,1,1,0,112,86,83,43
2026/02/04/16:45:16,3008.087252,0.912438,0.823519,0.949656,0.831325,81,50,62,38,4,0,0,0,117,86,83,43
2026/02/04/16:45:17,3009.087840,0.922469,0.835310,0.959688,0.843116,82,50,62,41,4,0,0,0,117,86,83,43
2026/02/04/16:45:18,3010.088302,0.922469,0.835310,0.959688,0.843116,82,50,62,41,4,0,0,0,117,86,83,43
2026/02/04/16:45:19,3011.088856,0.922469,0.835310,0.959688,0.843116,82,50,62,41,4,0,0,0,117,86,83,43
2026/02/04/16:45:20,3012.089418,0.922469,0.835310,0.959688,0.843116,82,50,62,41,4,0,0,0,117,86,83,43
2026/02/04/16:45:21,3013.089875,0.922469,0.835310,0.959688,0.843116,82,50,62,41,4,0,0,0,117,86,83,43
2026/02/04/16:45:22,3014.090408,0.922469,0.835310,0.959688,0.843116,82,50,62,41,4,0,0,0,117,86,83,43
2026/02/04/16:45:23,3015.090911,0.922469,0.835310,0.959688,0.843116,82,50,62,41,4,0,0,0,117,86,83,43
2026/02/04/16:45:24,3016.091433,0.915375,0.830394,0.952594,0.838201,82,50,61,41,4,0,0,0,117,86,84,43
2026/02/04/16:45:25,3017.091912,0.915375,0.830394,0.952594,0.838201,82,50,61,41,4,0,0,0,117,86,84,43
2026/02/04/16:45:27,3018.092634,0.915375,0.830394,0.952594,0.838201,82,50,61,41,4,0,0,0,117,86,84,43
2026/02/04/16:45:28,3019.093232,0.915375,0.830394,0.952594,0.838201,82,50,61,41,4,0,0,0,117,86,84,43
2026/02/04/16:45:29,3020.093752,0.915375,0.830394,0.952594,0.838201,82,50,61,41,4,0,0,0,117,86,84,43
2026/02/04/16:45:30,3021.094348,0.915375,0.830394,0.952594,0.838201,82,50,61,41,4,0,0,0,117,86,84,43
2026/02/04/16:45:31,3022.094907,0.915375,0.830394,0.952594,0.838201,82,50,61,41,4,0,0,0,117,86,84,43
2026/02/04/16:45:32,3023.095587,0.913750,0.828018,0.950969,0.835825,82,50,60,41,4,0,0,0,117,86,85,43
2026/02/04/16:45:33,3024.096093,0.913750,0.828018,0.950969,0.835825,82,50,60,41,4,0,0,0,117,86,85,43
2026/02/04/16:45:34,3025.096582,0.913750,0.828018,0.950969,0.835825,82,50,60,41,4,0,0,0,117,86,85,43
2026/02/04/16:45:35,3026.097053,0.913750,0.828018,0.950969,0.835825,82,50,60,41,4,0,0,0,117,86,85,43
2026/02/04/16:45:36,3027.097517,0.906156,0.824255,0.943375,0.832062,82,49,60,41,4,0,0,0,117,87,85,43
2026/02/04/16:45:37,3028.107244,0.906156,0.824255,0.943375,0.832062,82,49,60,41,4,0,0,0,117,87,85,43
2026/02/04/16:45:38,3029.107822,0.906156,0.824255,0.943375,0.832062,82,49,60,41,4,0,0,0,117,87,85,43
2026/02/04/16:45:39,3030.128646,0.932688,0.821051,0.936813,0.823015,85,49,60,38,1,0,0,0,122,87,85,46
2026/02/04/16:45:40,3031.129129,0.936813,0.823015,0.936813,0.823015,86,49,60,38,0,0,0,0,122,87,85,46
2026/02/04/16:45:41,3032.129653,0.936813,0.823015,0.936813,0.823015,86,49,60,38,0,0,0,0,122,87,85,46
2026/02/04/16:45:42,3033.130121,0.936813,0.823015,0.936813,0.823015,86,49,60,38,0,0,0,0,122,87,85,46
2026/02/04/16:45:43,3034.130884,0.936813,0.823015,0.936813,0.823015,86,49,60,38,0,0,0,0,122,87,85,46
2026/02/04/16:45:44,3035.131526,0.936813,0.823015,0.936813,0.823015,86,49,60,38,0,0,0,0,122,87,85,46
2026/02/04/16:45:45,3036.132255,0.936813,0.823015,0.936813,0.823015,86,49,60,38,0,0,0,0,122,87,85,46
2026/02/04/16:45:46,3037.132856,0.936813,0.823015,0.936813,0.823015,86,49,60,38,0,0,0,0,122,87,85,46
2026/02/04/16:45:47,3038.133538,0.936813,0.823015,0.936813,0.823015,86,49,60,38,0,0,0,0,122,87,85,46
2026/02/04/16:45:48,3039.134150,0.936813,0.823015,0.936813,0.823015,86,49,60,38,0,0,0,0,122,87,85,46
2026/02/04/16:45:49,3040.134800,0.936813,0.823015,0.936813,0.823015,86,49,60,38,0,0,0,0,122,87,85,46
2026/02/04/16:45:50,3041.135400,0.936813,0.823015,0.936813,0.823015,86,49,60,38,0,0,0,0,122,87,85,46
2026/02/04/16:45:51,3042.135949,0.936813,0.823015,0.936813,0.823015,86,49,60,38,0,0,0,0,122,87,85,46
2026/02/04/16:45:52,3043.136528,0.936813,0.823015,0.936813,0.823015,86,49,60,38,0,0,0,0,122,87,85,46
2026/02/04/16:45:53,3044.137024,0.936813,0.823015,0.936813,0.823015,86,49,60,38,0,0,0,0,122,87,85,46
2026/02/04/16:45:54,3045.137633,0.936813,0.823015,0.936813,0.823015,86,49,60,38,0,0,0,0,122,87,85,46
2026/02/04/16:45:55,3046.138479,0.936813,0.823015,0.936813,0.823015,86,49,60,38,0,0,0,0,122,87,85,46
2026/02/04/16:45:56,3047.138993,0.936813,0.823015,0.936813,0.823015,86,49,60,38,0,0,0,0,122,87,85,46
2026/02/04/16:45:57,3048.141312,0.936813,0.823015,0.936813,0.823015,86,49,60,38,0,0,0,0,122,87,85,46
2026/02/04/16:45:58,3049.141981,0.936813,0.823015,0.936813,0.823015,86,49,60,38,0,0,0,0,122,87,85,46
2026/02/04/16:45:59,3050.142474,0.936813,0.823015,0.936813,0.823015,86,49,60,38,0,0,0,0,122,87,85,46
2026/02/04/16:46:00,3051.142926,0.936813,0.823015,0.936813,0.823015,86,49,60,38,0,0,0,0,122,87,85,46
2026/02/04/16:46:01,3052.143391,0.936813,0.823015,0.936813,0.823015,86,49,60,38,0,0,0,0,122,87,85,46
2026/02/04/16:46:02,3053.144020,0.936813,0.823015,0.936813,0.823015,86,49,60,38,0,0,0,0,122,87,85,46
2026/02/04/16:46:03,3054.144618,0.936813,0.823015,0.936813,0.823015,86,49,60,38,0,0,0,0,122,87,85,46
2026/02/04/16:46:04,3055.145160,0.936813,0.823015,0.936813,0.823015,86,49,60,38,0,0,0,0,122,87,85,46
2026/02/04/16:46:05,3056.145847,0.936813,0.823015,0.936813,0.823015,86,49,60,38,0,0,0,0,122,87,85,46
2026/02/04/16:46:06,3057.146434,0.936813,0.823015,0.936813,0.823015,86,49,60,38,0,0,0,0,122,87,85,46
2026/02/04/16:46:07,3058.146912,0.936813,0.823015,0.936813,0.823015,86,49,60,38,0,0,0,0,122,87,85,46
2026/02/04/16:46:08,3059.147804,0.936813,0.823015,0.936813,0.823015,86,49,60,38,0,0,0,0,122,87,85,46
2026/02/04/16:46:09,3060.148284,0.936813,0.823015,0.936813,0.823015,86,49,60,38,0,0,0,0,122,87,85,46
2026/02/04/16:46:10,3061.148827,0.936813,0.823015,0.936813,0.823015,86,49,60,38,0,0,0,0,122,87,85,46
2026/02/04/16:46:11,3062.149383,0.936813,0.823015,0.936813,0.823015,86,49,60,38,0,0,0,0,122,87,85,46
2026/02/04/16:46:12,3063.149924,0.936813,0.823015,0.936813,0.823015,86,49,60,38,0,0,0,0,122,87,85,46
2026/02/04/16:46:13,3064.150551,0.936813,0.823015,0.936813,0.823015,86,49,60,38,0,0,0,0,122,87,85,46
2026/02/04/16:46:14,3065.151053,0.936813,0.823015,0.936813,0.823015,86,49,60,38,0,0,0,0,122,87,85,46
2026/02/04/16:46:15,3066.151637,0.936813,0.823015,0.936813,0.823015,86,49,60,38,0,0,0,0,122,87,85,46
2026/02/04/16:46:16,3067.152167,0.936813,0.823015,0.936813,0.823015,86,49,60,38,0,0,0,0,122,87,85,46
2026/02/04/16:46:17,3068.152660,0.936813,0.823015,0.936813,0.823015,86,49,60,38,0,0,0,0,122,87,85,46
2026/02/04/16:46:18,3069.153148,0.936813,0.823015,0.936813,0.823015,86,49,60,38,0,0,0,0,122,87,85,46
2026/02/04/16:46:19,3070.153816,0.936813,0.823015,0.936813,0.823015,86,49,60,38,0,0,0,0,122,87,85,46
2026/02/04/16:46:20,3071.154469,0.936813,0.823015,0.936813,0.823015,86,49,60,38,0,0,0,0,122,87,85,46
2026/02/04/16:46:21,3072.155164,0.936813,0.823015,0.936813,0.823015,86,49,60,38,0,0,0,0,122,87,85,46
2026/02/04/16:46:22,3073.155767,0.936813,0.823015,0.936813,0.823015,86,49,60,38,0,0,0,0,122,87,85,46
2026/02/04/16:46:23,3074.156273,0.936813,0.823015,0.936813,0.823015,86,49,60,38,0,0,0,0,122,87,85,46
2026/02/04/16:46:24,3075.157115,0.936813,0.823015,0.936813,0.823015,86,49,60,38,0,0,0,0,122,87,85,46
2026/02/04/16:46:25,3076.157742,0.936813,0.823015,0.936813,0.823015,86,49,60,38,0,0,0,0,122,87,85,46
2026/02/04/16:46:26,3077.158446,0.936813,0.823015,0.936813,0.823015,86,49,60,38,0,0,0,0,122,87,85,46
2026/02/04/16:46:27,3078.159236,0.936813,0.823015,0.936813,0.823015,86,49,60,38,0,0,0,0,122,87,85,46
2026/02/04/16:46:28,3079.161009,0.936813,0.823015,0.936813,0.823015,86,49,60,38,0,0,0,0,122,87,85,46
2026/02/04/16:46:29,3080.161654,0.936813,0.823015,0.936813,0.823015,86,49,60,38,0,0,0,0,122,87,85,46
2026/02/04/16:46:30,3081.162298,0.936813,0.823015,0.936813,0.823015,86,49,60,38,0,0,0,0,122,87,85,46
2026/02/04/16:46:31,3082.162925,0.936813,0.823015,0.936813,0.823015,86,49,60,38,0,0,0,0,122,87,85,46
2026/02/04/16:46:32,3083.163444,0.936813,0.823015,0.936813,0.823015,86,49,60,38,0,0,0,0,122,87,85,46
2026/02/04/16:46:33,3084.164039,0.936813,0.823015,0.936813,0.823015,86,49,60,38,0,0,0,0,122,87,85,46
2026/02/04/16:46:34,3085.164841,0.936813,0.823015,0.936813,0.823015,86,49,60,38,0,0,0,0,122,87,85,46
2026/02/04/16:46:35,3086.165293,0.936813,0.823015,0.936813,0.823015,86,49,60,38,0,0,0,0,122,87,85,46
2026/02/04/16:46:36,3087.165961,0.936813,0.823015,0.936813,0.823015,86,49,60,38,0,0,0,0,122,87,85,46
2026/02/04/16:46:37,3088.166596,0.936813,0.823015,0.936813,0.823015,86,49,60,38,0,0,0,0,122,87,85,46
2026/02/04/16:46:38,3089.167176,0.936813,0.823015,0.936813,0.823015,86,49,60,38,0,0,0,0,122,87,85,46
2026/02/04/16:46:39,3090.167741,0.936813,0.823015,0.936813,0.823015,86,49,60,38,0,0,0,0,122,87,85,46
2026/02/04/16:46:40,3091.168205,0.934375,0.820940,0.934375,0.820940,86,48,60,38,0,0,0,0,122,88,85,46
2026/02/04/16:46:41,3092.168939,0.934375,0.820940,0.934375,0.820940,86,48,60,38,0,0,0,0,122,88,85,46
2026/02/04/16:46:42,3093.169620,0.934375,0.820940,0.934375,0.820940,86,48,60,38,0,0,0,0,122,88,85,46
2026/02/04/16:46:43,3094.170151,0.934375,0.820940,0.934375,0.820940,86,48,60,38,0,0,0,0,122,88,85,46
2026/02/04/16:46:44,3095.171802,0.934375,0.820940,0.934375,0.820940,86,48,60,38,0,0,0,0,122,88,85,46
2026/02/04/16:46:45,3096.172496,0.934375,0.820940,0.934375,0.820940,86,48,60,38,0,0,0,0,122,88,85,46
2026/02/04/16:46:46,3097.173155,0.934375,0.820940,0.934375,0.820940,86,48,60,38,0,0,0,0,122,88,85,46
2026/02/04/16:46:47,3098.173545,0.934375,0.820940,0.934375,0.820940,86,48,60,38,0,0,0,0,122,88,85,46
2026/02/04/16:46:48,3099.174208,0.934375,0.820940,0.934375,0.820940,86,48,60,38,0,0,0,0,122,88,85,46
2026/02/04/16:46:49,3100.174846,0.934375,0.820940,0.934375,0.820940,86,48,60,38,0,0,0,0,122,88,85,46
2026/02/04/16:46:50,3101.175343,0.934375,0.820940,0.934375,0.820940,86,48,60,38,0,0,0,0,122,88,85,46
2026/02/04/16:46:51,3102.176122,0.934375,0.820940,0.934375,0.820940,86,48,60,38,0,0,0,0,122,88,85,46
2026/02/04/16:46:52,3103.176883,0.934375,0.820940,0.934375,0.820940,86,48,60,38,0,0,0,0,122,88,85,46
2026/02/04/16:46:53,3104.177555,0.934375,0.820940,0.934375,0.820940,86,48,60,38,0,0,0,0,122,88,85,46
2026/02/04/16:46:54,3105.178164,0.934375,0.820940,0.934375,0.820940,86,48,60,38,0,0,0,0,122,88,85,46
2026/02/04/16:46:55,3106.178991,0.934375,0.820940,0.934375,0.820940,86,48,60,38,0,0,0,0,122,88,85,46
2026/02/04/16:46:56,3107.179489,0.934375,0.820940,0.934375,0.820940,86,48,60,38,0,0,0,0,122,88,85,46
2026/02/04/16:46:57,3108.180118,0.934375,0.820940,0.934375,0.820940,86,48,60,38,0,0,0,0,122,88,85,46
2026/02/04/16:46:58,3109.180848,0.923969,0.812708,0.923969,0.812708,83,48,60,38,0,0,0,0,125,88,85,46
2026/02/04/16:46:59,3110.181444,0.923969,0.812708,0.923969,0.812708,83,48,60,38,0,0,0,0,125,88,85,46
2026/02/04/16:47:00,3111.182096,0.923969,0.812708,0.923969,0.812708,83,48,60,38,0,0,0,0,125,88,85,46
2026/02/04/16:47:01,3112.182540,0.923969,0.812708,0.923969,0.812708,83,48,60,38,0,0,0,0,125,88,85,46
2026/02/04/16:47:02,3113.183265,0.923969,0.812708,0.923969,0.812708,83,48,60,38,0,0,0,0,125,88,85,46
2026/02/04/16:47:03,3114.183804,0.923969,0.812708,0.923969,0.812708,83,48,60,38,0,0,0,0,125,88,85,46
2026/02/04/16:47:04,3115.184429,0.923969,0.812708,0.923969,0.812708,83,48,60,38,0,0,0,0,125,88,85,46
2026/02/04/16:47:05,3116.185109,0.923969,0.812708,0.923969,0.812708,83,48,60,38,0,0,0,0,125,88,85,46
2026/02/04/16:47:06,3117.185607,0.923969,0.812708,0.923969,0.812708,83,48,60,38,0,0,0,0,125,88,85,46
2026/02/04/16:47:07,3118.186195,0.923969,0.812708,0.923969,0.812708,83,48,60,38,0,0,0,0,125,88,85,46
2026/02/04/16:47:08,3119.186902,0.923969,0.812708,0.923969,0.812708,83,48,60,38,0,0,0,0,125,88,85,46
2026/02/04/16:47:09,3120.187525,0.923969,0.812708,0.923969,0.812708,83,48,60,38,0,0,0,0,125,88,85,46
2026/02/04/16:47:10,3121.188301,0.923969,0.812708,0.923969,0.812708,83,48,60,38,0,0,0,0,125,88,85,46
2026/02/04/16:47:11,3122.188957,0.923969,0.812708,0.923969,0.812708,83,48,60,38,0,0,0,0,125,88,85,46
2026/02/04/16:47:12,3123.189688,0.923969,0.812708,0.923969,0.812708,83,48,60,38,0,0,0,0,125,88,85,46
2026/02/04/16:47:13,3124.190335,0.923969,0.812708,0.923969,0.812708,83,48,60,38,0,0,0,0,125,88,85,46
2026/02/04/16:47:14,3125.191192,0.923969,0.812708,0.923969,0.812708,83,48,60,38,0,0,0,0,125,88,85,46
2026/02/04/16:47:15,3126.191744,0.923969,0.812708,0.923969,0.812708,83,48,60,38,0,0,0,0,125,88,85,46
2026/02/04/16:47:16,3127.192365,0.923969,0.812708,0.923969,0.812708,83,48,60,38,0,0,0,0,125,88,85,46
2026/02/04/16:47:17,3128.192970,0.923969,0.812708,0.923969,0.812708,83,48,60,38,0,0,0,0,125,88,85,46
2026/02/04/16:47:18,3129.193543,0.923969,0.812708,0.923969,0.812708,83,48,60,38,0,0,0,0,125,88,85,46
2026/02/04/16:47:19,3130.194234,0.923969,0.812708,0.923969,0.812708,83,48,60,38,0,0,0,0,125,88,85,46
2026/02/04/16:47:20,3131.194909,0.941906,0.844697,0.949031,0.847361,85,52,60,40,1,0,0,0,125,88,85,46
2026/02/04/16:47:21,3132.195625,0.941906,0.844697,0.949031,0.847361,85,52,60,40,1,0,0,0,125,88,85,46
2026/02/04/16:47:22,3133.196118,0.938656,0.839131,0.945781,0.841794,85,52,60,38,1,0,0,0,125,88,85,48
2026/02/04/16:47:23,3134.196896,0.938656,0.839131,0.945781,0.841794,85,52,60,38,1,0,0,0,125,88,85,48
2026/02/04/16:47:24,3135.197587,0.938656,0.839131,0.945781,0.841794,85,52,60,38,1,0,0,0,125,88,85,48
2026/02/04/16:47:25,3136.198291,0.938656,0.839131,0.945781,0.841794,85,52,60,38,1,0,0,0,125,88,85,48
2026/02/04/16:47:26,3137.198943,0.938656,0.839131,0.945781,0.841794,85,52,60,38,1,0,0,0,125,88,85,48
2026/02/04/16:47:27,3138.199589,0.938656,0.839131,0.945781,0.841794,85,52,60,38,1,0,0,0,125,88,85,48
2026/02/04/16:47:28,3139.200137,0.938656,0.839131,0.945781,0.841794,85,52,60,38,1,0,0,0,125,88,85,48
2026/02/04/16:47:29,3140.200782,0.938656,0.839131,0.945781,0.841794,85,52,60,38,1,0,0,0,125,88,85,48
2026/02/04/16:47:30,3141.201459,0.938656,0.839131,0.945781,0.841794,85,52,60,38,1,0,0,0,125,88,85,48
2026/02/04/16:47:31,3142.202045,0.938656,0.839131,0.945781,0.841794,85,52,60,38,1,0,0,0,125,88,85,48
2026/02/04/16:47:32,3143.202585,0.938656,0.839131,0.945781,0.841794,85,52,60,38,1,0,0,0,125,88,85,48
2026/02/04/16:47:33,3144.203178,0.935406,0.835562,0.942531,0.838226,83,52,60,38,1,0,0,0,127,88,85,48
2026/02/04/16:47:34,3145.203670,0.935406,0.835562,0.948906,0.843822,83,52,60,38,2,0,0,0,127,88,85,48
2026/02/04/16:47:35,3146.204335,0.933500,0.833030,0.947000,0.841290,81,52,60,39,2,0,0,0,129,88,85,48
2026/02/04/16:47:36,3147.204869,0.933500,0.833030,0.947000,0.841290,81,52,60,39,2,0,0,0,129,88,85,48
2026/02/04/16:47:37,3148.205487,0.933500,0.833030,0.947000,0.841290,81,52,60,39,2,0,0,0,129,88,85,48
2026/02/04/16:47:38,3149.206033,0.933500,0.833030,0.947000,0.841290,81,52,60,39,2,0,0,0,129,88,85,48
2026/02/04/16:47:39,3150.206664,0.931156,0.831393,0.944656,0.839652,81,52,60,38,2,0,0,0,129,88,85,49
2026/02/04/16:47:40,3151.207234,0.931156,0.831393,0.944656,0.839652,81,52,60,38,2,0,0,0,129,88,85,49
2026/02/04/16:47:41,3152.207969,0.931156,0.831393,0.944656,0.839652,81,52,60,38,2,0,0,0,129,88,85,49
2026/02/04/16:47:42,3153.208676,0.922438,0.816737,0.935937,0.824996,81,49,60,38,2,0,0,0,129,91,85,49
2026/02/04/16:47:43,3154.209140,0.929562,0.819400,0.935937,0.824996,82,49,60,38,1,0,0,0,129,91,85,49
2026/02/04/16:47:44,3155.209746,0.929562,0.819400,0.935937,0.824996,82,49,60,38,1,0,0,0,129,91,85,49
2026/02/04/16:47:45,3156.210128,0.929562,0.819400,0.935937,0.824996,82,49,60,38,1,0,0,0,129,91,85,49
2026/02/04/16:47:46,3157.210735,0.929562,0.819400,0.935937,0.824996,82,49,60,38,1,0,0,0,129,91,85,49
2026/02/04/16:47:47,3158.211266,0.929562,0.819400,0.935937,0.824996,82,49,60,38,1,0,0,0,129,91,85,49
2026/02/04/16:47:48,3159.211967,0.929562,0.819400,0.935937,0.824996,82,49,60,38,1,0,0,0,129,91,85,49
2026/02/04/16:47:49,3160.212473,0.929562,0.819400,0.935937,0.824996,82,49,60,38,1,0,0,0,129,91,85,49
2026/02/04/16:47:50,3161.213013,0.929562,0.819400,0.935937,0.824996,82,49,60,38,1,0,0,0,129,91,85,49
2026/02/04/16:47:51,3162.213529,0.929562,0.819400,0.935937,0.824996,82,49,60,38,1,0,0,0,129,91,85,49
2026/02/04/16:47:52,3163.214279,0.929562,0.819400,0.935937,0.824996,82,49,60,38,1,0,0,0,129,91,85,49
2026/02/04/16:47:53,3164.214751,0.929562,0.819400,0.935937,0.824996,82,49,60,38,1,0,0,0,129,91,85,49
2026/02/04/16:47:54,3165.215442,0.929562,0.819400,0.935937,0.824996,82,49,60,38,1,0,0,0,129,91,85,49
2026/02/04/16:47:55,3166.216172,0.929562,0.819400,0.935937,0.824996,82,49,60,38,1,0,0,0,129,91,85,49
2026/02/04/16:47:56,3167.216779,0.929562,0.819400,0.935937,0.824996,82,49,60,38,1,0,0,0,129,91,85,49
2026/02/04/16:47:57,3168.217380,0.929562,0.819400,0.935937,0.824996,82,49,60,38,1,0,0,0,129,91,85,49
2026/02/04/16:47:58,3169.217804,0.929562,0.819400,0.935937,0.824996,82,49,60,38,1,0,0,0,129,91,85,49
2026/02/04/16:47:59,3170.218395,0.929562,0.819400,0.935937,0.824996,82,49,60,38,1,0,0,0,129,91,85,49
2026/02/04/16:48:00,3171.218987,0.929562,0.819400,0.935937,0.824996,82,49,60,38,1,0,0,0,129,91,85,49
2026/02/04/16:48:01,3172.219489,0.929562,0.819400,0.935937,0.824996,82,49,60,38,1,0,0,0,129,91,85,49
2026/02/04/16:48:02,3173.220046,0.929562,0.819400,0.935937,0.824996,82,49,60,38,1,0,0,0,129,91,85,49
2026/02/04/16:48:03,3174.220675,0.929562,0.819400,0.935937,0.824996,82,49,60,38,1,0,0,0,129,91,85,49
2026/02/04/16:48:04,3175.221221,0.929562,0.819400,0.935937,0.824996,82,49,60,38,1,0,0,0,129,91,85,49
2026/02/04/16:48:05,3176.221829,0.929562,0.819400,0.935937,0.824996,82,49,60,38,1,0,0,0,129,91,85,49
2026/02/04/16:48:06,3177.222514,0.929562,0.819400,0.935937,0.824996,82,49,60,38,1,0,0,0,129,91,85,49
2026/02/04/16:48:07,3178.223123,0.929562,0.819400,0.935937,0.824996,82,49,60,38,1,0,0,0,129,91,85,49
2026/02/04/16:48:08,3179.223801,0.929562,0.819400,0.935937,0.824996,82,49,60,38,1,0,0,0,129,91,85,49
2026/02/04/16:48:09,3180.224345,0.929562,0.819400,0.935937,0.824996,82,49,60,38,1,0,0,0,129,91,85,49
2026/02/04/16:48:10,3181.224949,0.929562,0.819400,0.935937,0.824996,82,49,60,38,1,0,0,0,129,91,85,49
2026/02/04/16:48:11,3182.225605,0.929562,0.819400,0.935937,0.824996,82,49,60,38,1,0,0,0,129,91,85,49
2026/02/04/16:48:12,3183.226275,0.929562,0.819400,0.935937,0.824996,82,49,60,38,1,0,0,0,129,91,85,49
2026/02/04/16:48:13,3184.226826,0.929562,0.819400,0.935937,0.824996,82,49,60,38,1,0,0,0,129,91,85,49
2026/02/04/16:48:14,3185.227453,0.929562,0.819400,0.935937,0.824996,82,49,60,38,1,0,0,0,129,91,85,49
2026/02/04/16:48:15,3186.227826,0.929562,0.819400,0.935937,0.824996,82,49,60,38,1,0,0,0,129,91,85,49
2026/02/04/16:48:16,3187.276385,0.929562,0.819400,0.935937,0.824996,82,49,60,38,1,0,0,0,129,91,85,49
2026/02/04/16:48:17,3188.276921,0.929562,0.819400,0.935937,0.824996,82,49,60,38,1,0,0,0,129,91,85,49
2026/02/04/16:48:18,3189.277355,0.935937,0.824996,0.935937,0.824996,83,49,60,38,0,0,0,0,130,91,85,49
2026/02/04/16:48:19,3190.278112,0.935937,0.824996,0.935937,0.824996,83,49,60,38,0,0,0,0,130,91,85,49
2026/02/04/16:48:20,3191.278734,0.935937,0.824996,0.935937,0.824996,83,49,60,38,0,0,0,0,130,91,85,49
2026/02/04/16:48:21,3192.280278,0.935937,0.824996,0.935937,0.824996,83,49,60,38,0,0,0,0,130,91,85,49
2026/02/04/16:48:22,3193.280862,0.935937,0.824996,0.935937,0.824996,83,49,60,38,0,0,0,0,130,91,85,49
2026/02/04/16:48:23,3194.281616,0.935937,0.824996,0.935937,0.824996,83,49,60,38,0,0,0,0,130,91,85,49
2026/02/04/16:48:24,3195.282199,0.935937,0.824996,0.935937,0.824996,83,49,60,38,0,0,0,0,130,91,85,49
2026/02/04/16:48:25,3196.282968,0.935937,0.824996,0.935937,0.824996,83,49,60,38,0,0,0,0,130,91,85,49
2026/02/04/16:48:26,3197.283569,0.935937,0.824996,0.935937,0.824996,83,49,60,38,0,0,0,0,130,91,85,49
2026/02/04/16:48:27,3198.284489,0.935937,0.824996,0.935937,0.824996,83,49,60,38,0,0,0,0,130,91,85,49
2026/02/04/16:48:28,3199.285099,0.935937,0.824996,0.935937,0.824996,83,49,60,38,0,0,0,0,130,91,85,49
2026/02/04/16:48:29,3200.285881,0.935937,0.824996,0.935937,0.824996,83,49,60,38,0,0,0,0,130,91,85,49
2026/02/04/16:48:30,3201.286407,0.935937,0.824996,0.935937,0.824996,83,49,60,38,0,0,0,0,130,91,85,49
2026/02/04/16:48:31,3202.287142,0.935937,0.824996,0.935937,0.824996,83,49,60,38,0,0,0,0,130,91,85,49
2026/02/04/16:48:32,3203.287931,0.935937,0.824996,0.935937,0.824996,83,49,60,38,0,0,0,0,130,91,85,49
2026/02/04/16:48:33,3204.288613,0.935937,0.824996,0.935937,0.824996,83,49,60,38,0,0,0,0,130,91,85,49
2026/02/04/16:48:34,3205.289189,0.935937,0.824996,0.935937,0.824996,83,49,60,38,0,0,0,0,130,91,85,49
2026/02/04/16:48:35,3206.289989,0.935937,0.824996,0.935937,0.824996,83,49,60,38,0,0,0,0,130,91,85,49
2026/02/04/16:48:36,3207.290451,0.935937,0.824996,0.935937,0.824996,83,49,60,38,0,0,0,0,130,91,85,49
2026/02/04/16:48:37,3208.290892,0.935937,0.824996,0.935937,0.824996,83,49,60,38,0,0,0,0,130,91,85,49
2026/02/04/16:48:38,3209.291665,0.935937,0.824996,0.935937,0.824996,83,49,60,38,0,0,0,0,130,91,85,49
2026/02/04/16:48:39,3210.292283,0.935937,0.824996,0.935937,0.824996,83,49,60,38,0,0,0,0,130,91,85,49
2026/02/04/16:48:40,3211.292715,0.935937,0.824996,0.935937,0.824996,83,49,60,38,0,0,0,0,130,91,85,49
2026/02/04/16:48:41,3212.293320,0.935937,0.824996,0.935937,0.824996,83,49,60,38,0,0,0,0,130,91,85,49
2026/02/04/16:48:42,3213.293934,0.935937,0.824996,0.935937,0.824996,83,49,60,38,0,0,0,0,130,91,85,49
2026/02/04/16:48:43,3214.294595,0.935937,0.824996,0.935937,0.824996,83,49,60,38,0,0,0,0,130,91,85,49
2026/02/04/16:48:44,3215.295242,0.935937,0.824996,0.935937,0.824996,83,49,60,38,0,0,0,0,130,91,85,49
2026/02/04/16:48:45,3216.295933,0.935937,0.824996,0.935937,0.824996,83,49,60,38,0,0,0,0,130,91,85,49
2026/02/04/16:48:46,3217.296539,0.935937,0.824996,0.935937,0.824996,83,49,60,38,0,0,0,0,130,91,85,49
2026/02/04/16:48:47,3218.297148,0.935937,0.824996,0.935937,0.824996,83,49,60,38,0,0,0,0,130,91,85,49
2026/02/04/16:48:48,3219.297708,0.935937,0.824996,0.935937,0.824996,83,49,60,38,0,0,0,0,130,91,85,49
2026/02/04/16:48:49,3220.298383,0.935937,0.824996,0.935937,0.824996,83,49,60,38,0,0,0,0,130,91,85,49
2026/02/04/16:48:50,3221.299178,0.935937,0.824996,0.935937,0.824996,83,49,60,38,0,0,0,0,130,91,85,49
2026/02/04/16:48:51,3222.299865,0.935937,0.824996,0.935937,0.824996,83,49,60,38,0,0,0,0,130,91,85,49
2026/02/04/16:48:52,3223.300588,0.935937,0.824996,0.935937,0.824996,83,49,60,38,0,0,0,0,130,91,85,49
2026/02/04/16:48:53,3224.301367,0.935937,0.824996,0.935937,0.824996,83,49,60,38,0,0,0,0,130,91,85,49
2026/02/04/16:48:54,3225.302017,0.935937,0.824996,0.935937,0.824996,83,49,60,38,0,0,0,0,130,91,85,49
2026/02/04/16:48:55,3226.302622,0.935937,0.824996,0.935937,0.824996,83,49,60,38,0,0,0,0,130,91,85,49
2026/02/04/16:48:56,3227.303354,0.935937,0.824996,0.935937,0.824996,83,49,60,38,0,0,0,0,130,91,85,49
2026/02/04/16:48:57,3228.303950,0.935937,0.824996,0.935937,0.824996,83,49,60,38,0,0,0,0,130,91,85,49
2026/02/04/16:48:58,3229.304733,0.935937,0.824996,0.935937,0.824996,83,49,60,38,0,0,0,0,130,91,85,49
2026/02/04/16:48:59,3230.305459,0.935937,0.824996,0.935937,0.824996,83,49,60,38,0,0,0,0,130,91,85,49
2026/02/04/16:49:00,3231.306131,0.935937,0.824996,0.935937,0.824996,83,49,60,38,0,0,0,0,130,91,85,49
2026/02/04/16:49:01,3232.306744,0.935937,0.824996,0.935937,0.824996,83,49,60,38,0,0,0,0,130,91,85,49
2026/02/04/16:49:02,3233.307270,0.935937,0.824996,0.935937,0.824996,83,49,60,38,0,0,0,0,130,91,85,49
2026/02/04/16:49:03,3234.307919,0.935937,0.824996,0.935937,0.824996,83,49,60,38,0,0,0,0,130,91,85,49
2026/02/04/16:49:04,3235.308424,0.935937,0.824996,0.935937,0.824996,83,49,60,38,0,0,0,0,130,91,85,49
2026/02/04/16:49:05,3236.309043,0.935937,0.824996,0.935937,0.824996,83,49,60,38,0,0,0,0,130,91,85,49
2026/02/04/16:49:06,3237.309742,0.935937,0.824996,0.935937,0.824996,83,49,60,38,0,0,0,0,130,91,85,49
2026/02/04/16:49:07,3238.310471,0.935937,0.824996,0.935937,0.824996,83,49,60,38,0,0,0,0,130,91,85,49
2026/02/04/16:49:08,3239.311033,0.935937,0.824996,0.935937,0.824996,83,49,60,38,0,0,0,0,130,91,85,49
2026/02/04/16:49:09,3240.311600,0.935937,0.824996,0.935937,0.824996,83,49,60,38,0,0,0,0,130,91,85,49
2026/02/04/16:49:10,3241.312254,0.936438,0.824696,0.943562,0.827360,82,50,60,38,1,0,0,0,131,91,85,49
2026/02/04/16:49:11,3242.313108,0.936438,0.824696,0.943562,0.827360,82,50,60,38,1,0,0,0,131,91,85,49
2026/02/04/16:49:12,3243.313609,0.936438,0.824696,0.943562,0.827360,82,50,60,38,1,0,0,0,131,91,85,49
2026/02/04/16:49:13,3244.314306,0.935937,0.824996,0.935937,0.824996,83,49,60,38,0,0,0,0,131,92,85,49
2026/02/04/16:49:14,3245.314931,0.935937,0.824996,0.935937,0.824996,83,49,60,38,0,0,0,0,131,92,85,49
2026/02/04/16:49:15,3246.315401,0.935937,0.824996,0.935937,0.824996,83,49,60,38,0,0,0,0,131,92,85,49
2026/02/04/16:49:16,3247.315903,0.938594,0.830676,0.938594,0.830676,83,49,61,38,0,0,0,0,131,92,85,49
2026/02/04/16:49:17,3248.316328,0.938594,0.830676,0.938594,0.830676,83,49,61,38,0,0,0,0,131,92,85,49
2026/02/04/16:49:18,3249.317091,0.938594,0.830676,0.938594,0.830676,83,49,61,38,0,0,0,0,131,92,85,49
2026/02/04/16:49:19,3250.317741,0.947969,0.841015,0.978969,0.851809,87,50,61,38,4,0,0,0,131,92,85,49
2026/02/04/16:49:20,3251.318341,0.952125,0.843005,0.991437,0.857781,88,50,61,38,6,0,0,0,131,92,85,49
2026/02/04/16:49:21,3252.318842,0.961031,0.848327,1.000344,0.863103,91,50,61,38,6,0,0,0,131,92,85,49
2026/02/04/16:49:22,3253.319556,0.963000,0.848491,0.998156,0.861276,92,49,61,38,5,0,0,0,131,93,85,49
2026/02/04/16:49:23,3254.320150,0.966500,0.852260,1.001656,0.865045,92,51,61,38,5,0,0,0,131,93,85,49
2026/02/04/16:49:24,3255.320687,0.957594,0.846939,0.992750,0.859724,89,51,61,38,5,0,0,0,134,93,85,49
2026/02/04/16:49:25,3256.321308,0.957594,0.846939,0.992750,0.859724,89,51,61,38,5,0,0,0,134,93,85,49
2026/02/04/16:49:26,3257.321924,0.954094,0.843170,0.989250,0.855955,89,49,61,38,5,0,0,0,134,95,85,49
2026/02/04/16:49:27,3258.322361,0.954094,0.843170,0.995437,0.858061,89,49,61,38,6,0,0,0,134,95,85,49
2026/02/04/16:49:28,3259.322913,0.954094,0.843170,0.995437,0.858061,89,49,61,38,6,0,0,0,134,95,85,49
2026/02/04/16:49:29,3260.323488,0.954094,0.843170,0.995437,0.858061,89,49,61,38,6,0,0,0,134,95,85,49
2026/02/04/16:49:30,3261.324051,0.954094,0.843170,0.995437,0.858061,89,49,61,38,6,0,0,0,134,95,85,49
2026/02/04/16:49:31,3262.324734,0.954094,0.843170,0.995437,0.858061,89,49,61,38,6,0,0,0,134,95,85,49
2026/02/04/16:49:32,3263.325212,0.954094,0.843170,0.980437,0.850916,89,49,61,38,4,0,0,0,134,95,85,49
2026/02/04/16:49:33,3264.325795,0.954094,0.843170,0.980437,0.850916,89,49,61,38,4,0,0,0,134,95,85,49
2026/02/04/16:49:34,3265.326562,0.939156,0.829003,1.006406,0.892527,84,49,64,38,9,0,0,3,139,95,85,49
2026/02/04/16:49:35,3266.332341,0.955937,0.869729,1.009062,0.897344,85,49,64,41,9,0,0,0,140,95,85,49
2026/02/04/16:49:36,3267.332876,0.959094,0.875431,1.014875,0.907863,85,49,64,43,10,0,0,0,141,95,85,49
2026/02/04/16:49:37,3268.333440,0.959094,0.875431,1.014875,0.907863,85,49,64,43,10,0,0,0,141,95,85,49
2026/02/04/16:49:38,3269.333944,0.959094,0.875431,1.014875,0.907863,85,49,64,43,10,0,0,0,141,95,85,49
2026/02/04/16:49:39,3270.334471,0.953656,0.876256,1.035375,0.921594,83,49,66,43,13,0,1,0,144,95,85,49
2026/02/04/16:49:40,3271.334907,0.962562,0.884537,1.035375,0.921594,84,49,67,43,12,0,0,0,144,95,85,49
2026/02/04/16:49:41,3272.335498,0.962562,0.884537,1.035375,0.921594,84,49,67,43,12,0,0,0,144,95,85,49
2026/02/04/16:49:42,3273.336018,0.962562,0.884537,1.035375,0.921594,84,49,67,43,12,0,0,0,144,95,85,49
2026/02/04/16:49:43,3274.336547,0.962562,0.884537,1.035375,0.921594,84,49,67,43,12,0,0,0,144,95,85,49
2026/02/04/16:49:44,3275.337137,0.962562,0.884537,1.035375,0.921594,84,49,67,43,12,0,0,0,144,95,85,49
2026/02/04/16:49:45,3276.337783,0.962562,0.884537,1.035375,0.921594,84,49,67,43,12,0,0,0,144,95,85,49
2026/02/04/16:49:46,3277.338343,0.962562,0.884537,1.035375,0.921594,84,49,67,43,12,0,0,0,144,95,85,49
2026/02/04/16:49:47,3278.338761,0.962562,0.884537,1.035375,0.921594,84,49,67,43,12,0,0,0,144,95,85,49
2026/02/04/16:49:48,3279.339330,0.962562,0.884537,1.035375,0.921594,84,49,67,43,12,0,0,0,144,95,85,49
2026/02/04/16:49:49,3280.339876,0.962562,0.884537,1.035375,0.921594,84,49,67,43,12,0,0,0,144,95,85,49
2026/02/04/16:49:50,3281.340446,0.962562,0.884537,1.035375,0.921594,84,49,67,43,12,0,0,0,144,95,85,49
2026/02/04/16:49:51,3282.341046,0.962562,0.884537,1.035375,0.921594,84,49,67,43,12,0,0,0,144,95,85,49
2026/02/04/16:49:52,3283.341615,0.962562,0.884537,1.035375,0.921594,84,49,67,43,12,0,0,0,144,95,85,49
2026/02/04/16:49:53,3284.342216,0.962562,0.884537,1.035375,0.921594,84,49,67,43,12,0,0,0,144,95,85,49
2026/02/04/16:49:54,3285.342918,0.962562,0.884537,1.035375,0.921594,84,49,67,43,12,0,0,0,144,95,85,49
2026/02/04/16:49:55,3286.343365,0.962562,0.884537,1.035375,0.921594,84,49,67,43,12,0,0,0,144,95,85,49
2026/02/04/16:49:56,3287.343892,0.962562,0.884537,1.035375,0.921594,84,49,67,43,12,0,0,0,144,95,85,49
2026/02/04/16:49:57,3288.344448,0.962562,0.884537,1.035375,0.921594,84,49,67,43,12,0,0,0,144,95,85,49
2026/02/04/16:49:58,3289.345034,0.962562,0.884537,1.035375,0.921594,84,49,67,43,12,0,0,0,144,95,85,49
2026/02/04/16:49:59,3290.345681,0.962562,0.884537,1.035375,0.921594,84,49,67,43,12,0,0,0,144,95,85,49
2026/02/04/16:50:00,3291.346273,0.962562,0.884537,1.035375,0.921594,84,49,67,43,12,0,0,0,144,95,85,49
2026/02/04/16:50:01,3292.346918,0.962562,0.884537,1.035375,0.921594,84,49,67,43,12,0,0,0,144,95,85,49
2026/02/04/16:50:02,3293.347562,0.962562,0.884537,1.035375,0.921594,84,49,67,43,12,0,0,0,144,95,85,49
2026/02/04/16:50:03,3294.348178,0.964063,0.880848,1.032719,0.915915,85,49,66,43,11,0,0,0,144,95,86,49
2026/02/04/16:50:04,3295.348658,0.964063,0.880848,1.032719,0.915915,85,49,66,43,11,0,0,0,144,95,86,49
2026/02/04/16:50:05,3296.349306,0.964063,0.880848,1.032719,0.915915,85,49,66,43,11,0,0,0,144,95,86,49
2026/02/04/16:50:06,3297.349797,0.964063,0.880848,1.032719,0.915915,85,49,66,43,11,0,0,0,144,95,86,49
2026/02/04/16:50:07,3298.350398,0.964063,0.880848,1.032719,0.915915,85,49,66,43,11,0,0,0,144,95,86,49
2026/02/04/16:50:08,3299.350991,0.964063,0.880848,1.032719,0.915915,85,49,66,43,11,0,0,0,144,95,86,49
2026/02/04/16:50:09,3300.351488,0.960187,0.872352,1.028844,0.907418,85,49,66,41,11,0,0,0,144,95,86,51
2026/02/04/16:50:10,3301.352770,0.960187,0.872352,1.028844,0.907418,85,49,66,41,11,0,0,0,144,95,86,51
2026/02/04/16:50:11,3302.353317,0.960187,0.872352,1.028844,0.907418,85,49,66,41,11,0,0,0,144,95,86,51
2026/02/04/16:50:12,3303.353873,0.960187,0.872352,1.028844,0.907418,85,49,66,41,11,0,0,0,144,95,86,51
2026/02/04/16:50:13,3304.354443,0.960187,0.872352,1.028844,0.907418,85,49,66,41,11,0,0,0,144,95,86,51
2026/02/04/16:50:14,3305.354837,0.960187,0.872352,1.028844,0.907418,85,49,66,41,11,0,0,0,144,95,86,51
2026/02/04/16:50:15,3306.355487,0.960187,0.872352,1.028844,0.907418,85,49,66,41,11,0,0,0,144,95,86,51
2026/02/04/16:50:16,3307.355986,0.960187,0.872352,1.028844,0.907418,85,49,66,41,11,0,0,0,144,95,86,51
2026/02/04/16:50:17,3308.356291,0.960187,0.872352,1.028844,0.907418,85,49,66,41,11,0,0,0,144,95,86,51
2026/02/04/16:50:18,3309.356880,0.960187,0.872352,1.028844,0.907418,85,49,66,41,11,0,0,0,144,95,86,51
2026/02/04/16:50:19,3310.357383,0.960187,0.872352,1.028844,0.907418,85,49,66,41,11,0,0,0,144,95,86,51
2026/02/04/16:50:20,3311.357916,0.960187,0.872352,1.028844,0.907418,85,49,66,41,11,0,0,0,144,95,86,51
2026/02/04/16:50:21,3312.358378,0.960187,0.872352,1.028844,0.907418,85,49,66,41,11,0,0,0,144,95,86,51
2026/02/04/16:50:22,3313.358865,0.960187,0.872352,1.028844,0.907418,85,49,66,41,11,0,0,0,144,95,86,51
2026/02/04/16:50:23,3314.359277,0.960187,0.872352,1.028844,0.907418,85,49,66,41,11,0,0,0,144,95,86,51
2026/02/04/16:50:24,3315.359638,0.960187,0.872352,1.028844,0.907418,85,49,66,41,11,0,0,0,144,95,86,51
2026/02/04/16:50:25,3316.388234,0.960187,0.872352,1.028844,0.907418,85,49,66,41,11,0,0,0,144,95,86,51
2026/02/04/16:50:26,3317.394376,0.960187,0.872352,1.028844,0.907418,85,49,66,41,11,0,0,0,144,95,86,51
2026/02/04/16:50:29,3320.494344,0.955250,0.867271,1.063562,0.933679,79,51,67,43,20,0,2,1,150,95,86,51
2026/02/04/16:50:32,3323.790457,0.967844,0.874946,1.055406,0.924479,80,51,69,44,16,0,0,0,150,95,86,51
2026/02/04/16:50:35,3326.840650,0.960906,0.877000,1.074437,0.946637,76,53,70,45,21,3,0,0,154,95,86,51
2026/02/04/16:50:37,3328.699710,0.965344,0.881214,1.076906,0.950197,75,56,70,45,22,0,1,0,156,95,86,51
2026/02/04/16:50:39,3330.632943,0.970375,0.885188,1.074469,0.948027,76,56,70,45,21,0,0,0,157,95,87,51
2026/02/04/16:50:40,3331.633330,0.968688,0.883102,1.072781,0.945941,76,56,69,45,21,0,0,0,157,95,88,51
2026/02/04/16:50:41,3332.633737,0.972344,0.887756,1.069406,0.941769,79,56,67,45,18,0,0,0,157,95,90,51
2026/02/04/16:50:42,3333.634208,0.972344,0.887756,1.069406,0.941769,79,56,67,45,18,0,0,0,157,95,90,51
2026/02/04/16:50:43,3334.634761,0.972344,0.887756,1.069406,0.941769,79,56,67,45,18,0,0,0,157,95,90,51
2026/02/04/16:50:44,3335.635355,0.970594,0.884416,1.067656,0.938429,78,56,67,45,18,0,0,0,158,95,90,51
2026/02/04/16:50:45,3336.636593,0.966344,0.878167,1.063406,0.932180,78,54,67,45,18,0,0,0,158,97,90,51
2026/02/04/16:50:46,3337.636951,0.966531,0.879424,1.060938,0.928620,79,54,66,45,17,0,0,0,158,97,91,51
2026/02/04/16:50:47,3338.637385,0.970688,0.881415,1.060938,0.928620,80,54,66,45,16,0,0,0,158,97,91,51
2026/02/04/16:50:48,3339.637815,0.971594,0.882383,1.049406,0.923642,83,54,66,42,13,0,0,0,158,97,91,54
2026/02/04/16:50:49,3340.638309,0.971594,0.882383,1.049406,0.923642,83,54,66,42,13,0,0,0,158,97,91,54
2026/02/04/16:50:50,3341.638979,0.971594,0.882383,1.049406,0.923642,83,54,66,42,13,0,0,0,158,97,91,54
2026/02/04/16:50:51,3342.639448,0.975281,0.888592,1.067250,0.945450,83,54,68,42,17,0,1,0,158,97,91,54
2026/02/04/16:50:52,3343.639872,0.975812,0.892429,1.063094,0.943459,83,54,69,42,16,0,0,0,159,97,91,54
2026/02/04/16:50:53,3344.640274,0.975625,0.891754,1.060969,0.938566,84,54,69,41,15,0,0,0,159,97,91,55
2026/02/04/16:50:54,3345.640682,0.974031,0.896053,1.050188,0.932731,87,54,66,41,12,0,0,0,159,97,94,55
2026/02/04/16:50:55,3346.641437,0.974031,0.896053,1.050188,0.932731,87,54,66,41,12,0,0,0,159,97,94,55
2026/02/04/16:50:56,3347.642101,0.974031,0.896053,1.050188,0.932731,87,54,66,41,12,0,0,0,159,97,94,55
2026/02/04/16:50:57,3348.642565,0.974031,0.896053,1.050188,0.932731,87,54,66,41,12,0,0,0,159,97,94,55
2026/02/04/16:50:58,3349.643134,0.974031,0.896053,1.050188,0.932731,87,54,66,41,12,0,0,0,159,97,94,55
2026/02/04/16:50:59,3350.643657,0.976594,0.890381,1.060094,0.946486,84,57,67,41,15,0,0,0,162,97,94,55
2026/02/04/16:51:00,3351.644155,0.973000,0.885287,1.054563,0.937172,85,57,64,41,14,0,0,0,162,97,97,55
2026/02/04/16:51:01,3352.644649,0.973000,0.885287,1.054563,0.937172,85,57,64,41,14,0,0,0,162,97,97,55
2026/02/04/16:51:02,3353.645275,0.973000,0.885287,1.054563,0.937172,85,57,64,41,14,0,0,0,162,97,97,55
2026/02/04/16:51:03,3354.645946,0.971063,0.886984,1.046687,0.932222,87,54,64,41,12,0,0,0,162,100,97,55
2026/02/04/16:51:04,3355.646502,0.971063,0.886984,1.046687,0.932222,87,54,64,41,12,0,0,0,162,100,97,55
2026/02/04/16:51:05,3356.646930,0.971063,0.886984,1.046687,0.932222,87,54,64,41,12,0,0,0,162,100,97,55
2026/02/04/16:51:06,3357.647375,0.971063,0.886984,1.046687,0.932222,87,54,64,41,12,0,0,0,162,100,97,55
2026/02/04/16:51:07,3358.647981,0.971063,0.886984,1.046687,0.932222,87,54,64,41,12,0,0,0,162,100,97,55
2026/02/04/16:51:08,3359.648395,0.971063,0.886984,1.046687,0.932222,87,54,64,41,12,0,0,0,162,100,97,55
2026/02/04/16:51:09,3360.648953,0.971063,0.886984,1.046687,0.932222,87,54,64,41,12,0,0,0,162,100,97,55
2026/02/04/16:51:10,3361.649460,0.971063,0.886984,1.046687,0.932222,87,54,64,41,12,0,0,0,162,100,97,55
2026/02/04/16:51:11,3362.649900,0.971344,0.889463,1.044656,0.923418,88,54,63,41,11,0,0,0,162,100,98,55
2026/02/04/16:51:12,3363.650473,0.971344,0.889463,1.044656,0.923418,88,54,63,41,11,0,0,0,162,100,98,55
2026/02/04/16:51:13,3364.651025,0.971344,0.889463,1.044656,0.923418,88,54,63,41,11,0,0,0,162,100,98,55
2026/02/04/16:51:14,3365.651514,0.971344,0.889463,1.044656,0.923418,88,54,63,41,11,0,0,0,162,100,98,55
2026/02/04/16:51:15,3366.652132,0.971344,0.889463,1.044656,0.923418,88,54,63,41,11,0,0,0,162,100,98,55
2026/02/04/16:51:16,3367.652977,0.971344,0.889463,1.044656,0.923418,88,54,63,41,11,0,0,0,162,100,98,55
2026/02/04/16:51:17,3368.653386,0.971344,0.889463,1.044656,0.923418,88,54,63,41,11,0,0,0,162,100,98,55
2026/02/04/16:51:18,3369.653970,0.971344,0.889463,1.044656,0.923418,88,54,63,41,11,0,0,0,162,100,98,55
2026/02/04/16:51:19,3370.654494,0.971344,0.889463,1.044656,0.923418,88,54,63,41,11,0,0,0,162,100,98,55
2026/02/04/16:51:20,3371.655149,0.971344,0.889463,1.044656,0.923418,88,54,63,41,11,0,0,0,162,100,98,55
2026/02/04/16:51:21,3372.655684,0.971344,0.889463,1.044656,0.923418,88,54,63,41,11,0,0,0,162,100,98,55
2026/02/04/16:51:22,3373.656283,0.971344,0.889463,1.044656,0.923418,88,54,63,41,11,0,0,0,162,100,98,55
2026/02/04/16:51:23,3374.656805,0.971344,0.889463,1.044656,0.923418,88,54,63,41,11,0,0,0,162,100,98,55
2026/02/04/16:51:24,3375.657266,0.971344,0.889463,1.044656,0.923418,88,54,63,41,11,0,0,0,162,100,98,55
2026/02/04/16:51:25,3376.657799,0.971344,0.889463,1.044656,0.923418,88,54,63,41,11,0,0,0,162,100,98,55
2026/02/04/16:51:26,3377.658292,0.971344,0.889463,1.044656,0.923418,88,54,63,41,11,0,0,0,162,100,98,55
2026/02/04/16:51:27,3378.658740,0.971344,0.889463,1.044656,0.923418,88,54,63,41,11,0,0,0,162,100,98,55
2026/02/04/16:51:28,3379.659511,0.971344,0.889463,1.044656,0.923418,88,54,63,41,11,0,0,0,162,100,98,55
2026/02/04/16:51:29,3380.659989,0.971344,0.889463,1.044656,0.923418,88,54,63,41,11,0,0,0,162,100,98,55
2026/02/04/16:51:30,3381.660542,0.971344,0.889463,1.044656,0.923418,88,54,63,41,11,0,0,0,162,100,98,55
2026/02/04/16:51:31,3382.661047,0.971344,0.889463,1.044656,0.923418,88,54,63,41,11,0,0,0,162,100,98,55
2026/02/04/16:51:32,3383.661613,0.971344,0.889463,1.044656,0.923418,88,54,63,41,11,0,0,0,162,100,98,55
2026/02/04/16:51:33,3384.662142,0.971344,0.889463,1.044656,0.923418,88,54,63,41,11,0,0,0,162,100,98,55
2026/02/04/16:51:34,3385.662697,0.971344,0.889463,1.044656,0.923418,88,54,63,41,11,0,0,0,162,100,98,55
2026/02/04/16:51:35,3386.663267,0.971344,0.889463,1.050750,0.932666,88,54,63,41,10,0,0,3,162,100,98,55
2026/02/04/16:51:36,3387.664033,0.974688,0.891884,1.050750,0.932666,85,54,63,44,13,0,0,0,165,100,98,55
2026/02/04/16:51:37,3388.664500,0.974688,0.891884,1.050750,0.932666,85,54,63,44,13,0,0,0,165,100,98,55
2026/02/04/16:51:38,3389.664929,0.974688,0.891884,1.050750,0.932666,85,54,63,44,13,0,0,0,165,100,98,55
2026/02/04/16:51:39,3390.665563,0.974688,0.891884,1.050750,0.932666,85,54,63,44,13,0,0,0,165,100,98,55
2026/02/04/16:51:40,3391.666064,0.974688,0.891884,1.050750,0.932666,85,54,63,44,13,0,0,0,165,100,98,55
2026/02/04/16:51:41,3392.666581,0.968875,0.884982,1.035031,0.915850,88,52,63,41,10,0,0,0,165,102,98,58
2026/02/04/16:51:42,3393.667130,0.968875,0.884982,1.035031,0.915850,88,52,63,41,10,0,0,0,165,102,98,58
2026/02/04/16:51:43,3394.667764,0.968875,0.884982,1.035031,0.915850,88,52,63,41,10,0,0,0,165,102,98,58
2026/02/04/16:51:44,3395.668273,0.968875,0.884982,1.035031,0.915850,88,52,63,41,10,0,0,0,165,102,98,58
2026/02/04/16:51:45,3396.668831,0.968875,0.884982,1.035031,0.915850,88,52,63,41,10,0,0,0,165,102,98,58
2026/02/04/16:51:46,3397.669287,0.968875,0.884982,1.035031,0.915850,88,52,63,41,10,0,0,0,165,102,98,58
2026/02/04/16:51:47,3398.669697,0.968875,0.884982,1.035031,0.915850,88,52,63,41,10,0,0,0,165,102,98,58
2026/02/04/16:51:48,3399.670227,0.969281,0.878609,1.031156,0.907412,87,52,63,41,9,0,0,0,167,102,98,58
2026/02/04/16:51:49,3400.670742,0.969281,0.878609,1.031156,0.907412,87,52,63,41,9,0,0,0,167,102,98,58
2026/02/04/16:51:50,3401.671237,0.969281,0.878609,1.031156,0.907412,87,52,63,41,9,0,0,0,167,102,98,58
2026/02/04/16:51:51,3402.671757,0.969281,0.878609,1.031156,0.907412,87,52,63,41,9,0,0,0,167,102,98,58
2026/02/04/16:51:52,3403.672423,0.969281,0.878609,1.031156,0.907412,87,52,63,41,9,0,0,0,167,102,98,58
2026/02/04/16:51:53,3404.672920,0.969281,0.878609,1.031156,0.907412,87,52,63,41,9,0,0,0,167,102,98,58
2026/02/04/16:51:54,3405.673391,0.969281,0.878609,1.031156,0.907412,87,52,63,41,9,0,0,0,167,102,98,58
2026/02/04/16:51:55,3406.673933,0.969281,0.878609,1.031156,0.907412,87,52,63,41,9,0,0,0,167,102,98,58
2026/02/04/16:51:56,3407.674508,0.969281,0.878609,1.031156,0.907412,87,52,63,41,9,0,0,0,167,102,98,58
2026/02/04/16:51:57,3408.675117,0.969281,0.878609,1.031156,0.907412,87,52,63,41,9,0,0,0,167,102,98,58
2026/02/04/16:51:58,3409.675621,0.969281,0.878609,1.031156,0.907412,87,52,63,41,9,0,0,0,167,102,98,58
2026/02/04/16:51:59,3410.676234,0.969281,0.878609,1.031156,0.907412,87,52,63,41,9,0,0,0,167,102,98,58
2026/02/04/16:52:00,3411.676826,0.969281,0.878609,1.031156,0.907412,87,52,63,41,9,0,0,0,167,102,98,58
2026/02/04/16:52:01,3412.677411,0.969281,0.878609,1.031156,0.907412,87,52,63,41,9,0,0,0,167,102,98,58
2026/02/04/16:52:02,3413.677928,0.969281,0.878609,1.031156,0.907412,87,52,63,41,9,0,0,0,167,102,98,58
2026/02/04/16:52:03,3414.678429,0.969281,0.878609,1.031156,0.907412,87,52,63,41,9,0,0,0,167,102,98,58
2026/02/04/16:52:04,3415.678975,0.969281,0.878609,1.031156,0.907412,87,52,63,41,9,0,0,0,167,102,98,58
2026/02/04/16:52:05,3416.679416,0.969281,0.878609,1.031156,0.907412,87,52,63,41,9,0,0,0,167,102,98,58
2026/02/04/16:52:06,3417.680026,0.969281,0.878609,1.031156,0.907412,87,52,63,41,9,0,0,0,167,102,98,58
2026/02/04/16:52:07,3418.680524,0.969281,0.878609,1.031156,0.907412,87,52,63,41,9,0,0,0,167,102,98,58
2026/02/04/16:52:08,3419.680983,0.969281,0.878609,1.031156,0.907412,87,52,63,41,9,0,0,0,167,102,98,58
2026/02/04/16:52:09,3420.681594,0.969281,0.878609,1.031156,0.907412,87,52,63,41,9,0,0,0,167,102,98,58
2026/02/04/16:52:10,3421.682277,0.969281,0.878609,1.031156,0.907412,87,52,63,41,9,0,0,0,167,102,98,58
2026/02/04/16:52:11,3422.682789,0.969281,0.878609,1.031156,0.907412,87,52,63,41,9,0,0,0,167,102,98,58
2026/02/04/16:52:12,3423.683290,0.969281,0.878609,1.031156,0.907412,87,52,63,41,9,0,0,0,167,102,98,58
2026/02/04/16:52:13,3424.683854,0.969281,0.878609,1.031156,0.907412,87,52,63,41,9,0,0,0,167,102,98,58
2026/02/04/16:52:14,3425.684355,0.969281,0.878609,1.031156,0.907412,87,52,63,41,9,0,0,0,167,102,98,58
2026/02/04/16:52:15,3426.684844,0.969281,0.878609,1.031156,0.907412,87,52,63,41,9,0,0,0,167,102,98,58
2026/02/04/16:52:16,3427.685333,0.967625,0.885811,1.013156,0.903631,90,52,63,39,6,0,0,0,167,102,98,60
2026/02/04/16:52:17,3428.685546,0.967625,0.885811,1.013156,0.903631,90,52,63,39,6,0,0,0,167,102,98,60
2026/02/04/16:52:18,3429.688240,0.967625,0.885811,1.013156,0.903631,90,52,63,39,6,0,0,0,167,102,98,60
2026/02/04/16:52:23,3434.199538,0.964844,0.882457,1.010375,0.900276,89,52,63,39,6,0,0,0,168,102,98,60
2026/02/04/16:52:27,3438.701930,0.948031,0.880597,0.991625,0.889885,90,52,60,39,5,0,0,0,168,102,101,60
2026/02/04/16:52:29,3440.292972,0.948031,0.880597,0.991625,0.889885,90,52,60,39,5,0,0,0,168,102,101,60
2026/02/04/16:52:31,3442.718543,0.948031,0.880597,0.991625,0.889885,90,52,60,39,5,0,0,0,168,102,101,60
2026/02/04/16:52:32,3443.719323,0.948031,0.880597,0.991625,0.889885,90,52,60,39,5,0,0,0,168,102,101,60
2026/02/04/16:52:33,3444.719913,0.948031,0.880597,0.991625,0.889885,90,52,60,39,5,0,0,0,168,102,101,60
2026/02/04/16:52:34,3445.720495,0.948031,0.880597,0.991625,0.889885,90,52,60,39,5,0,0,0,168,102,101,60
2026/02/04/16:52:35,3446.720968,0.948031,0.880597,0.991625,0.889885,90,52,60,39,5,0,0,0,168,102,101,60
2026/02/04/16:52:36,3447.722007,0.948031,0.880597,0.991625,0.889885,90,52,60,39,5,0,0,0,168,102,101,60
2026/02/04/16:52:37,3448.722559,0.948031,0.880597,0.991625,0.889885,90,52,60,39,5,0,0,0,168,102,101,60
2026/02/04/16:52:38,3449.723026,0.948031,0.880597,0.991625,0.889885,90,52,60,39,5,0,0,0,168,102,101,60
2026/02/04/16:52:39,3450.723641,0.948031,0.880597,0.991625,0.889885,90,52,60,39,5,0,0,0,168,102,101,60
2026/02/04/16:52:40,3451.724274,0.948031,0.880597,0.991625,0.889885,90,52,60,39,5,0,0,0,168,102,101,60
2026/02/04/16:52:41,3452.724983,0.948031,0.880597,0.991625,0.889885,90,52,60,39,5,0,0,0,168,102,101,60
2026/02/04/16:52:42,3453.725621,0.948031,0.880597,0.991625,0.889885,90,52,60,39,5,0,0,0,168,102,101,60
2026/02/04/16:52:43,3454.726063,0.948031,0.880597,0.991625,0.889885,90,52,60,39,5,0,0,0,168,102,101,60
2026/02/04/16:52:44,3455.726576,0.948031,0.880597,0.991625,0.889885,90,52,60,39,5,0,0,0,168,102,101,60
2026/02/04/16:52:45,3456.727306,0.948031,0.880597,0.991625,0.889885,90,52,60,39,5,0,0,0,168,102,101,60
2026/02/04/16:52:46,3457.727876,0.948031,0.880597,0.991625,0.889885,90,52,60,39,5,0,0,0,168,102,101,60
2026/02/04/16:52:47,3458.728375,0.948031,0.880597,0.991625,0.889885,90,52,60,39,5,0,0,0,168,102,101,60
2026/02/04/16:52:48,3459.728829,0.939781,0.876670,0.983375,0.885958,88,52,60,39,5,0,0,0,170,102,101,60
2026/02/04/16:52:49,3460.729562,0.939781,0.876670,0.983375,0.885958,88,52,60,39,5,0,0,0,170,102,101,60
2026/02/04/16:52:50,3461.730114,0.939781,0.876670,0.983375,0.885958,88,52,60,39,5,0,0,0,170,102,101,60
2026/02/04/16:52:51,3462.730729,0.939781,0.876670,0.983375,0.885958,88,52,60,39,5,0,0,0,170,102,101,60
2026/02/04/16:52:52,3463.731332,0.939781,0.876670,0.983375,0.885958,88,52,60,39,5,0,0,0,170,102,101,60
2026/02/04/16:52:53,3464.731910,0.939781,0.876670,0.983375,0.885958,88,52,60,39,5,0,0,0,170,102,101,60
2026/02/04/16:52:54,3465.732449,0.939781,0.876670,0.983375,0.885958,88,52,60,39,5,0,0,0,170,102,101,60
2026/02/04/16:52:55,3466.732973,0.939781,0.876670,0.983375,0.885958,88,52,60,39,5,0,0,0,170,102,101,60
2026/02/04/16:52:56,3467.733433,0.939781,0.876670,0.983375,0.885958,88,52,60,39,5,0,0,0,170,102,101,60
2026/02/04/16:52:57,3468.734004,0.939781,0.876670,0.983375,0.885958,88,52,60,39,5,0,0,0,170,102,101,60
2026/02/04/16:52:58,3469.734576,0.939781,0.876670,0.983375,0.885958,88,52,60,39,5,0,0,0,170,102,101,60
2026/02/04/16:52:59,3470.735024,0.939781,0.876670,0.983375,0.885958,88,52,60,39,5,0,0,0,170,102,101,60
2026/02/04/16:53:00,3471.735637,0.939781,0.876670,0.983375,0.885958,88,52,60,39,5,0,0,0,170,102,101,60
2026/02/04/16:53:01,3472.736159,0.939781,0.876670,0.983375,0.885958,88,52,60,39,5,0,0,0,170,102,101,60
2026/02/04/16:53:02,3473.744568,0.939781,0.876670,0.983375,0.885958,88,52,60,39,5,0,0,0,170,102,101,60
2026/02/04/16:53:03,3474.745283,0.939781,0.876670,0.983375,0.885958,88,52,60,39,5,0,0,0,170,102,101,60
2026/02/04/16:53:04,3475.745976,0.939781,0.876670,0.983375,0.885958,88,52,60,39,5,0,0,0,170,102,101,60
2026/02/04/16:53:05,3476.746265,0.939781,0.876670,0.983375,0.885958,88,52,60,39,5,0,0,0,170,102,101,60
2026/02/04/16:53:07,3478.690000,0.939781,0.876670,0.983375,0.885958,88,52,60,39,5,0,0,0,170,102,101,60
2026/02/04/16:53:12,3483.891968,0.941813,0.879573,0.999375,0.893900,88,52,61,39,5,0,0,3,170,102,101,60
2026/02/04/16:53:15,3486.928200,0.953750,0.881708,0.997344,0.890997,88,52,60,42,5,0,0,0,170,102,102,60
2026/02/04/16:53:18,3489.803775,0.953750,0.881708,0.997344,0.890997,88,52,60,42,5,0,0,0,170,102,102,60
2026/02/04/16:53:19,3490.803867,0.954625,0.880869,0.990219,0.888333,88,52,60,42,4,0,0,0,171,102,102,60
2026/02/04/16:53:20,3491.804607,0.954625,0.880869,0.990219,0.888333,88,52,60,42,4,0,0,0,171,102,102,60
2026/02/04/16:53:21,3492.805149,0.954625,0.880869,0.990219,0.888333,88,52,60,42,4,0,0,0,171,102,102,60
2026/02/04/16:53:22,3493.805677,0.954625,0.880869,0.990219,0.888333,88,52,60,42,4,0,0,0,171,102,102,60
2026/02/04/16:53:23,3494.806274,0.954625,0.880869,0.990219,0.888333,88,52,60,42,4,0,0,0,171,102,102,60
2026/02/04/16:53:24,3495.806973,0.954625,0.880869,0.990219,0.888333,88,52,60,42,4,0,0,0,171,102,102,60
2026/02/04/16:53:25,3496.807543,0.954625,0.880869,0.990219,0.888333,88,52,60,42,4,0,0,0,171,102,102,60
2026/02/04/16:53:26,3497.808033,0.952906,0.873272,0.988500,0.880735,88,51,60,42,4,0,0,0,171,103,102,60
2026/02/04/16:53:27,3498.808691,0.952906,0.873272,0.988500,0.880735,88,51,60,42,4,0,0,0,171,103,102,60
2026/02/04/16:53:28,3499.809213,0.952906,0.873272,0.988500,0.880735,88,51,60,42,4,0,0,0,171,103,102,60
2026/02/04/16:53:29,3500.809789,0.952906,0.873272,0.988500,0.880735,88,51,60,42,4,0,0,0,171,103,102,60
2026/02/04/16:53:30,3501.810218,0.952906,0.873272,0.988500,0.880735,88,51,60,42,4,0,0,0,171,103,102,60
2026/02/04/16:53:31,3502.810701,0.952906,0.873272,0.988500,0.880735,88,51,60,42,4,0,0,0,171,103,102,60
2026/02/04/16:53:32,3503.811131,0.952906,0.873272,0.988500,0.880735,88,51,60,42,4,0,0,0,171,103,102,60
2026/02/04/16:53:33,3504.811701,0.952906,0.873272,0.988500,0.880735,88,51,60,42,4,0,0,0,171,103,102,60
2026/02/04/16:53:34,3505.812164,0.952906,0.873272,0.988500,0.880735,88,51,60,42,4,0,0,0,171,103,102,60
2026/02/04/16:53:35,3506.812642,0.952906,0.873272,0.988500,0.880735,88,51,60,42,4,0,0,0,171,103,102,60
2026/02/04/16:53:36,3507.813137,0.952906,0.873272,0.988500,0.880735,88,51,60,42,4,0,0,0,171,103,102,60
2026/02/04/16:53:37,3508.813714,0.952906,0.873272,0.988500,0.880735,88,51,60,42,4,0,0,0,171,103,102,60
2026/02/04/16:53:38,3509.814310,0.952906,0.873272,0.988500,0.880735,88,51,60,42,4,0,0,0,171,103,102,60
2026/02/04/16:53:39,3510.814837,0.952906,0.873272,0.988500,0.880735,88,51,60,42,4,0,0,0,171,103,102,60
2026/02/04/16:53:40,3511.815372,0.952906,0.873272,0.988500,0.880735,88,51,60,42,4,0,0,0,171,103,102,60
2026/02/04/16:53:41,3512.816108,0.952906,0.873272,0.988500,0.880735,88,51,60,42,4,0,0,0,171,103,102,60
2026/02/04/16:53:42,3513.816785,0.952906,0.873272,0.988500,0.880735,88,51,60,42,4,0,0,0,171,103,102,60
2026/02/04/16:53:43,3514.817383,0.952906,0.873272,0.988500,0.880735,88,51,60,42,4,0,0,0,171,103,102,60
2026/02/04/16:53:44,3515.817981,0.952906,0.873272,0.988500,0.880735,88,51,60,42,4,0,0,0,171,103,102,60
2026/02/04/16:53:45,3516.818479,0.952906,0.873272,0.988500,0.880735,88,51,60,42,4,0,0,0,171,103,102,60
2026/02/04/16:53:46,3517.819035,0.952906,0.873272,0.988500,0.880735,88,51,60,42,4,0,0,0,171,103,102,60
2026/02/04/16:53:47,3518.819668,0.952906,0.873272,0.988500,0.880735,88,51,60,42,4,0,0,0,171,103,102,60
2026/02/04/16:53:48,3519.820263,0.952906,0.873272,0.988500,0.880735,88,51,60,42,4,0,0,0,171,103,102,60
2026/02/04/16:53:49,3520.820632,0.952906,0.873272,0.988500,0.880735,88,51,60,42,4,0,0,0,171,103,102,60
2026/02/04/16:53:50,3521.904830,0.952906,0.873272,0.988500,0.880735,88,51,60,42,4,0,0,0,171,103,102,60
2026/02/04/16:53:51,3522.905287,0.952906,0.873272,0.988500,0.880735,88,51,60,42,4,0,0,0,171,103,102,60
2026/02/04/16:53:52,3523.907191,0.952906,0.873272,0.988500,0.880735,88,51,60,42,4,0,0,0,171,103,102,60
2026/02/04/16:53:53,3524.907812,0.952906,0.873272,0.988500,0.880735,88,51,60,42,4,0,0,0,171,103,102,60
2026/02/04/16:53:56,3527.610738,0.952906,0.873272,0.988500,0.880735,88,51,60,42,4,0,0,0,171,103,102,60
2026/02/04/16:53:59,3530.403943,0.952906,0.873272,0.988500,0.880735,88,51,60,42,4,0,0,0,171,103,102,60
2026/02/04/16:54:01,3532.711740,0.952906,0.873272,0.988500,0.880735,88,51,60,42,4,0,0,0,171,103,102,60
2026/02/04/16:54:03,3534.925715,0.952906,0.873272,0.988500,0.880735,88,51,60,42,4,0,0,0,171,103,102,60
2026/02/04/16:54:05,3537.008391,0.952906,0.873272,0.988500,0.880735,88,51,60,42,4,0,0,0,171,103,102,60
2026/02/04/16:54:07,3538.671486,0.952906,0.873272,0.988500,0.880735,88,51,60,42,4,0,0,0,171,103,102,60
2026/02/04/16:54:08,3539.672201,0.952906,0.873272,0.988500,0.880735,88,51,60,42,4,0,0,0,171,103,102,60
2026/02/04/16:54:09,3540.672774,0.952906,0.873272,0.988500,0.880735,88,51,60,42,4,0,0,0,171,103,102,60
2026/02/04/16:54:10,3541.673266,0.966500,0.885172,1.004344,0.894841,92,51,62,42,5,0,0,0,171,103,102,60
2026/02/04/16:54:11,3542.673761,0.966500,0.885172,1.006594,0.897045,92,51,62,42,6,0,0,0,171,103,102,60
2026/02/04/16:54:12,3543.674286,0.966500,0.885172,1.006594,0.897045,92,51,62,42,6,0,0,0,171,103,102,60
2026/02/04/16:54:13,3544.674886,0.960000,0.879751,0.995594,0.887214,89,51,62,42,4,0,0,0,174,103,102,60
2026/02/04/16:54:14,3545.675353,0.960000,0.879751,0.995594,0.887214,89,51,62,42,4,0,0,0,174,103,102,60
2026/02/04/16:54:15,3546.675916,0.960000,0.879751,0.995594,0.887214,89,51,62,42,4,0,0,0,174,103,102,60
2026/02/04/16:54:16,3547.676477,0.951750,0.873472,0.987344,0.880936,89,48,62,42,4,0,0,0,174,106,102,60
2026/02/04/16:54:17,3548.676980,0.951750,0.873472,0.987344,0.880936,89,48,62,42,4,0,0,0,174,106,102,60
2026/02/04/16:54:18,3549.677566,0.951750,0.873472,0.987344,0.880936,89,48,62,42,4,0,0,0,174,106,102,60
2026/02/04/16:54:19,3550.678200,0.951750,0.873472,0.987344,0.880936,89,48,62,42,4,0,0,0,174,106,102,60
2026/02/04/16:54:20,3551.678580,0.951750,0.873472,0.987344,0.880936,89,48,62,42,4,0,0,0,174,106,102,60
2026/02/04/16:54:21,3552.679118,0.951750,0.873472,0.987344,0.880936,89,48,62,42,4,0,0,0,174,106,102,60
2026/02/04/16:54:22,3553.699451,0.951750,0.873472,0.987344,0.880936,89,48,62,42,4,0,0,0,174,106,102,60
2026/02/04/16:54:23,3554.699918,0.951750,0.873472,0.987344,0.880936,89,48,62,42,4,0,0,0,174,106,102,60
2026/02/04/16:54:24,3555.700284,0.951750,0.873472,0.987344,0.880936,89,48,62,42,4,0,0,0,174,106,102,60
2026/02/04/16:54:25,3556.700673,0.951750,0.873472,0.987344,0.880936,89,48,62,42,4,0,0,0,174,106,102,60
2026/02/04/16:54:27,3558.721868,0.951750,0.873472,0.987344,0.880936,89,48,62,42,4,0,0,0,174,106,102,60
2026/02/04/16:54:29,3560.788460,0.951750,0.873472,0.987344,0.880936,89,48,62,42,4,0,0,0,174,106,102,60
2026/02/04/16:54:30,3562.014517,0.951750,0.873472,0.987344,0.880936,89,48,62,42,4,0,0,0,174,106,102,60
2026/02/04/16:54:34,3565.112297,0.951750,0.873472,0.987344,0.880936,89,48,62,42,4,0,0,0,174,106,102,60
2026/02/04/16:54:37,3568.902884,0.951750,0.873472,0.987344,0.880936,89,48,62,42,4,0,0,0,174,106,102,60
2026/02/04/16:54:39,3570.730217,0.937781,0.868433,0.973375,0.875897,89,48,62,39,4,0,0,0,174,106,102,63
2026/02/04/16:54:40,3571.730799,0.937781,0.868433,0.973375,0.875897,89,48,62,39,4,0,0,0,174,106,102,63
2026/02/04/16:54:41,3572.731503,0.937781,0.868433,0.973375,0.875897,89,48,62,39,4,0,0,0,174,106,102,63
2026/02/04/16:54:42,3573.732021,0.937781,0.868433,0.973375,0.875897,89,48,62,39,4,0,0,0,174,106,102,63
2026/02/04/16:54:43,3574.732675,0.937781,0.868433,0.973375,0.875897,89,48,62,39,4,0,0,0,174,106,102,63
2026/02/04/16:54:44,3575.733153,0.937781,0.868433,0.973375,0.875897,89,48,62,39,4,0,0,0,174,106,102,63
2026/02/04/16:54:45,3576.733648,0.937781,0.868433,0.973375,0.875897,89,48,62,39,4,0,0,0,174,106,102,63
2026/02/04/16:54:46,3577.734165,0.937781,0.868433,0.973375,0.875897,89,48,62,39,4,0,0,0,174,106,102,63
2026/02/04/16:54:47,3578.734698,0.937781,0.868433,0.973375,0.875897,89,48,62,39,4,0,0,0,174,106,102,63
2026/02/04/16:54:48,3579.736613,0.937781,0.868433,0.973375,0.875897,89,48,62,39,4,0,0,0,174,106,102,63
2026/02/04/16:54:49,3580.737257,0.937781,0.868433,0.973375,0.875897,89,48,62,39,4,0,0,0,174,106,102,63
2026/02/04/16:54:50,3581.737690,0.937781,0.868433,0.973375,0.875897,89,48,62,39,4,0,0,0,174,106,102,63
2026/02/04/16:54:51,3582.738283,0.937781,0.868433,0.973375,0.875897,89,48,62,39,4,0,0,0,174,106,102,63
2026/02/04/16:54:52,3583.738812,0.941906,0.876541,0.977500,0.884005,89,48,62,41,4,0,0,0,174,106,102,63
2026/02/04/16:54:53,3584.739302,0.941906,0.876541,0.977500,0.884005,89,48,62,41,4,0,0,0,174,106,102,63
2026/02/04/16:54:54,3585.784335,0.940031,0.874882,0.975625,0.882345,89,48,62,40,4,0,0,0,174,106,102,64
2026/02/04/16:54:55,3586.784857,0.934719,0.870330,0.970313,0.877793,89,48,60,40,4,0,0,0,174,106,104,64
2026/02/04/16:54:56,3587.797007,0.934719,0.870330,0.970313,0.877793,89,48,60,40,4,0,0,0,174,106,104,64
2026/02/04/16:54:57,3588.797516,0.934719,0.870330,0.970313,0.877793,89,48,60,40,4,0,0,0,174,106,104,64
2026/02/04/16:54:58,3589.876684,0.934719,0.870330,0.970313,0.877793,89,48,60,40,4,0,0,0,174,106,104,64
2026/02/04/16:55:01,3592.501169,0.934719,0.870330,0.970313,0.877793,89,48,60,40,4,0,0,0,174,106,104,64
2026/02/04/16:55:05,3596.694452,0.934719,0.870330,0.970313,0.877793,89,48,60,40,4,0,0,0,174,106,104,64
2026/02/04/16:55:06,3597.694656,0.970313,0.877793,0.970313,0.877793,93,48,60,40,0,0,0,0,180,106,104,64
2026/02/04/16:55:07,3598.695114,0.970313,0.877793,0.970313,0.877793,93,48,60,40,0,0,0,0,180,106,104,64
2026/02/04/16:55:08,3599.695875,0.970313,0.877793,0.970313,0.877793,93,48,60,40,0,0,0,0,180,106,104,64
2026/02/04/16:55:09,3600.696550,0.970313,0.877793,0.970313,0.877793,93,48,60,40,0,0,0,0,180,106,104,64
2026/02/04/16:55:10,3601.696998,0.970313,0.877793,0.970313,0.877793,93,48,60,40,0,0,0,0,180,106,104,64
2026/02/04/16:55:11,3602.697610,0.970313,0.877793,0.970313,0.877793,93,48,60,40,0,0,0,0,180,106,104,64
2026/02/04/16:55:12,3603.698121,0.970313,0.877793,0.970313,0.877793,93,48,60,40,0,0,0,0,180,106,104,64
2026/02/04/16:55:13,3604.698663,0.970313,0.877793,0.970313,0.877793,93,48,60,40,0,0,0,0,180,106,104,64
2026/02/04/16:55:14,3605.699275,0.970313,0.877793,0.970313,0.877793,93,48,60,40,0,0,0,0,180,106,104,64
2026/02/04/16:55:15,3606.699795,0.970313,0.877793,0.970313,0.877793,93,48,60,40,0,0,0,0,180,106,104,64
2026/02/04/16:55:16,3607.701163,0.970313,0.877793,0.970313,0.877793,93,48,60,40,0,0,0,0,180,106,104,64
2026/02/04/16:55:17,3608.701601,0.970313,0.877793,0.970313,0.877793,93,48,60,40,0,0,0,0,180,106,104,64
2026/02/04/16:55:18,3609.702130,0.970313,0.877793,0.970313,0.877793,93,48,60,40,0,0,0,0,180,106,104,64
2026/02/04/16:55:19,3610.702582,0.970313,0.877793,0.970313,0.877793,93,48,60,40,0,0,0,0,180,106,104,64
2026/02/04/16:55:20,3611.703236,0.970313,0.877793,0.970313,0.877793,93,48,60,40,0,0,0,0,180,106,104,64
2026/02/04/16:55:21,3612.703679,0.970313,0.877793,0.970313,0.877793,93,48,60,40,0,0,0,0,180,106,104,64
2026/02/04/16:55:22,3613.704108,0.970313,0.877793,0.970313,0.877793,93,48,60,40,0,0,0,0,180,106,104,64
2026/02/04/16:55:23,3614.704602,0.970313,0.877793,0.970313,0.877793,93,48,60,40,0,0,0,0,180,106,104,64
2026/02/04/16:55:24,3615.705115,0.970313,0.877793,0.970313,0.877793,93,48,60,40,0,0,0,0,180,106,104,64
2026/02/04/16:55:25,3616.705556,0.970313,0.877793,0.970313,0.877793,93,48,60,40,0,0,0,0,180,106,104,64
2026/02/04/16:55:26,3617.706129,0.970313,0.877793,0.970313,0.877793,93,48,60,40,0,0,0,0,180,106,104,64
2026/02/04/16:55:27,3618.706563,0.970313,0.877793,0.970313,0.877793,93,48,60,40,0,0,0,0,180,106,104,64
2026/02/04/16:55:28,3619.708003,0.970313,0.877793,0.970313,0.877793,93,48,60,40,0,0,0,0,180,106,104,64
2026/02/04/16:55:29,3620.708522,0.970313,0.877793,0.970313,0.877793,93,48,60,40,0,0,0,0,180,106,104,64
2026/02/04/16:55:30,3621.709502,0.970313,0.877793,0.970313,0.877793,93,48,60,40,0,0,0,0,180,106,104,64
2026/02/04/16:55:31,3622.710174,0.970313,0.877793,0.970313,0.877793,93,48,60,40,0,0,0,0,180,106,104,64
2026/02/04/16:55:32,3623.710685,0.970313,0.877793,0.970313,0.877793,93,48,60,40,0,0,0,0,180,106,104,64
2026/02/04/16:55:33,3624.711126,0.970313,0.877793,0.970313,0.877793,93,48,60,40,0,0,0,0,180,106,104,64
2026/02/04/16:55:34,3625.711604,0.970313,0.877793,0.970313,0.877793,93,48,60,40,0,0,0,0,180,106,104,64
2026/02/04/16:55:35,3626.712053,0.970313,0.877793,0.970313,0.877793,93,48,60,40,0,0,0,0,180,106,104,64
2026/02/04/16:55:36,3627.712587,0.970313,0.877793,0.970313,0.877793,93,48,60,40,0,0,0,0,180,106,104,64
2026/02/04/16:55:37,3628.713063,0.970313,0.877793,0.970313,0.877793,93,48,60,40,0,0,0,0,180,106,104,64
2026/02/04/16:55:38,3629.713513,0.970313,0.877793,0.970313,0.877793,93,48,60,40,0,0,0,0,180,106,104,64
2026/02/04/16:55:39,3630.713947,0.970313,0.877793,0.970313,0.877793,93,48,60,40,0,0,0,0,180,106,104,64
2026/02/04/16:55:40,3631.714497,0.970313,0.877793,0.970313,0.877793,93,48,60,40,0,0,0,0,180,106,104,64
2026/02/04/16:55:41,3632.714996,0.970313,0.877793,0.970313,0.877793,93,48,60,40,0,0,0,0,180,106,104,64
2026/02/04/16:55:42,3633.715598,0.970313,0.877793,0.970313,0.877793,93,48,60,40,0,0,0,0,180,106,104,64
2026/02/04/16:55:43,3634.716117,0.970313,0.877793,0.970313,0.877793,93,48,60,40,0,0,0,0,180,106,104,64
2026/02/04/16:55:44,3635.716593,0.970313,0.877793,0.970313,0.877793,93,48,60,40,0,0,0,0,180,106,104,64
2026/02/04/16:55:45,3636.717044,0.970313,0.877793,0.970313,0.877793,93,48,60,40,0,0,0,0,180,106,104,64
2026/02/04/16:55:46,3637.717520,0.970313,0.877793,0.970313,0.877793,93,48,60,40,0,0,0,0,180,106,104,64
2026/02/04/16:55:47,3638.718327,0.970313,0.877793,0.970313,0.877793,93,48,60,40,0,0,0,0,180,106,104,64
2026/02/04/16:55:48,3639.719037,0.970313,0.877793,0.970313,0.877793,93,48,60,40,0,0,0,0,180,106,104,64
2026/02/04/16:55:49,3640.719666,0.970313,0.877793,0.970313,0.877793,93,48,60,40,0,0,0,0,180,106,104,64
2026/02/04/16:55:50,3641.720134,0.970313,0.877793,0.970313,0.877793,93,48,60,40,0,0,0,0,180,106,104,64
2026/02/04/16:55:51,3642.720542,0.970313,0.877793,0.970313,0.877793,93,48,60,40,0,0,0,0,180,106,104,64
2026/02/04/16:55:52,3643.720945,0.970313,0.877793,0.970313,0.877793,93,48,60,40,0,0,0,0,180,106,104,64
2026/02/04/16:55:53,3644.721480,0.970313,0.877793,0.970313,0.877793,93,48,60,40,0,0,0,0,180,106,104,64
2026/02/04/16:55:54,3645.722029,0.970313,0.877793,0.970313,0.877793,93,48,60,40,0,0,0,0,180,106,104,64
2026/02/04/16:55:55,3646.722522,0.970313,0.877793,0.970313,0.877793,93,48,60,40,0,0,0,0,180,106,104,64
2026/02/04/16:55:56,3647.723006,0.970313,0.877793,0.970313,0.877793,93,48,60,40,0,0,0,0,180,106,104,64
2026/02/04/16:55:57,3648.723478,0.970313,0.877793,0.970313,0.877793,93,48,60,40,0,0,0,0,180,106,104,64
2026/02/04/16:55:58,3649.723944,0.970313,0.877793,0.970313,0.877793,93,48,60,40,0,0,0,0,180,106,104,64
2026/02/04/16:55:59,3650.724605,0.970313,0.877793,0.970313,0.877793,93,48,60,40,0,0,0,0,180,106,104,64
2026/02/04/16:56:00,3651.725138,0.970313,0.877793,0.970313,0.877793,93,48,60,40,0,0,0,0,180,106,104,64
2026/02/04/16:56:01,3652.725654,0.970313,0.877793,0.970313,0.877793,93,48,60,40,0,0,0,0,180,106,104,64
2026/02/04/16:56:02,3653.726259,0.970313,0.877793,0.970313,0.877793,93,48,60,40,0,0,0,0,180,106,104,64
2026/02/04/16:56:03,3654.726780,0.970313,0.877793,0.970313,0.877793,93,48,60,40,0,0,0,0,180,106,104,64
2026/02/04/16:56:04,3655.727350,0.970313,0.877793,0.970313,0.877793,93,48,60,40,0,0,0,0,180,106,104,64
2026/02/04/16:56:05,3656.727975,0.970313,0.877793,0.970313,0.877793,93,48,60,40,0,0,0,0,180,106,104,64
2026/02/04/16:56:06,3657.729314,0.970313,0.877793,0.970313,0.877793,93,48,60,40,0,0,0,0,180,106,104,64
2026/02/04/16:56:07,3658.729793,0.970313,0.877793,0.970313,0.877793,93,48,60,40,0,0,0,0,180,106,104,64
2026/02/04/16:56:08,3659.730418,0.970313,0.877793,0.970313,0.877793,93,48,60,40,0,0,0,0,180,106,104,64
2026/02/04/16:56:09,3660.731286,0.970313,0.877793,0.970313,0.877793,93,48,60,40,0,0,0,0,180,106,104,64
2026/02/04/16:56:10,3661.731783,0.970313,0.877793,0.970313,0.877793,93,48,60,40,0,0,0,0,180,106,104,64
2026/02/04/16:56:11,3662.732310,0.970313,0.877793,0.970313,0.877793,93,48,60,40,0,0,0,0,180,106,104,64
2026/02/04/16:56:12,3663.732908,0.970313,0.877793,0.970313,0.877793,93,48,60,40,0,0,0,0,180,106,104,64
2026/02/04/16:56:13,3664.733434,0.970313,0.877793,0.970313,0.877793,93,48,60,40,0,0,0,0,180,106,104,64
2026/02/04/16:56:14,3665.734041,0.970313,0.877793,0.970313,0.877793,93,48,60,40,0,0,0,0,180,106,104,64
2026/02/04/16:56:15,3666.734682,0.970313,0.877793,0.970313,0.877793,93,48,60,40,0,0,0,0,180,106,104,64
2026/02/04/16:56:16,3667.735111,0.970313,0.877793,0.970313,0.877793,93,48,60,40,0,0,0,0,180,106,104,64
2026/02/04/16:56:17,3668.735802,0.970313,0.877793,0.970313,0.877793,93,48,60,40,0,0,0,0,180,106,104,64
2026/02/04/16:56:18,3669.736510,0.970313,0.877793,0.970313,0.877793,93,48,60,40,0,0,0,0,180,106,104,64
2026/02/04/16:56:19,3670.737148,0.970313,0.877793,0.970313,0.877793,93,48,60,40,0,0,0,0,180,106,104,64
2026/02/04/16:56:20,3671.737848,0.970313,0.877793,0.970313,0.877793,93,48,60,40,0,0,0,0,180,106,104,64
2026/02/04/16:56:21,3672.738282,0.970313,0.877793,0.970313,0.877793,93,48,60,40,0,0,0,0,180,106,104,64
2026/02/04/16:56:22,3673.738882,0.970313,0.877793,0.970313,0.877793,93,48,60,40,0,0,0,0,180,106,104,64
2026/02/04/16:56:23,3674.739490,0.970313,0.877793,0.970313,0.877793,93,48,60,40,0,0,0,0,180,106,104,64
2026/02/04/16:56:24,3675.740081,0.970313,0.877793,0.970313,0.877793,93,48,60,40,0,0,0,0,180,106,104,64
2026/02/04/16:56:25,3676.740542,0.970313,0.877793,0.970313,0.877793,93,48,60,40,0,0,0,0,180,106,104,64
2026/02/04/16:56:26,3677.741117,0.970313,0.877793,0.970313,0.877793,93,48,60,40,0,0,0,0,180,106,104,64
2026/02/04/16:56:27,3678.741590,0.970313,0.877793,0.970313,0.877793,93,48,60,40,0,0,0,0,180,106,104,64
2026/02/04/16:56:28,3679.742204,0.970313,0.877793,0.970313,0.877793,93,48,60,40,0,0,0,0,180,106,104,64
2026/02/04/16:56:29,3680.742748,0.970313,0.877793,0.970313,0.877793,93,48,60,40,0,0,0,0,180,106,104,64
2026/02/04/16:56:30,3681.743289,0.970313,0.877793,0.970313,0.877793,93,48,60,40,0,0,0,0,180,106,104,64
2026/02/04/16:56:31,3682.743950,0.970313,0.877793,0.970313,0.877793,93,48,60,40,0,0,0,0,180,106,104,64
2026/02/04/16:56:32,3683.744518,0.970313,0.877793,0.970313,0.877793,93,48,60,40,0,0,0,0,180,106,104,64
2026/02/04/16:56:33,3684.745151,0.970313,0.877793,0.970313,0.877793,93,48,60,40,0,0,0,0,180,106,104,64
2026/02/04/16:56:34,3685.745700,0.970313,0.877793,0.970313,0.877793,93,48,60,40,0,0,0,0,180,106,104,64
2026/02/04/16:56:35,3686.746315,0.970313,0.877793,0.970313,0.877793,93,48,60,40,0,0,0,0,180,106,104,64
2026/02/04/16:56:36,3687.746963,0.970313,0.877793,0.970313,0.877793,93,48,60,40,0,0,0,0,180,106,104,64
2026/02/04/16:56:37,3688.747530,0.970313,0.877793,0.970313,0.877793,93,48,60,40,0,0,0,0,180,106,104,64
2026/02/04/16:56:38,3689.747981,0.970313,0.877793,0.970313,0.877793,93,48,60,40,0,0,0,0,180,106,104,64
2026/02/04/16:56:39,3690.748549,0.970313,0.877793,0.970313,0.877793,93,48,60,40,0,0,0,0,180,106,104,64
2026/02/04/16:56:40,3691.749051,0.970313,0.877793,0.970313,0.877793,93,48,60,40,0,0,0,0,180,106,104,64
2026/02/04/16:56:41,3692.749548,0.970313,0.877793,0.970313,0.877793,93,48,60,40,0,0,0,0,180,106,104,64
2026/02/04/16:56:42,3693.750146,0.970313,0.877793,0.970313,0.877793,93,48,60,40,0,0,0,0,180,106,104,64
2026/02/04/16:56:43,3694.750746,0.970313,0.877793,0.970313,0.877793,93,48,60,40,0,0,0,0,180,106,104,64
2026/02/04/16:56:44,3695.751368,0.970313,0.877793,0.970313,0.877793,93,48,60,40,0,0,0,0,180,106,104,64
2026/02/04/16:56:45,3696.751877,0.970313,0.877793,0.970313,0.877793,93,48,60,40,0,0,0,0,180,106,104,64
2026/02/04/16:56:46,3697.752473,0.970313,0.877793,0.970313,0.877793,93,48,60,40,0,0,0,0,180,106,104,64
2026/02/04/16:56:47,3698.753081,0.976187,0.881792,0.979125,0.883791,95,48,60,40,1,0,0,0,180,106,104,64
2026/02/04/16:56:48,3699.753752,0.976187,0.881792,0.979125,0.883791,95,48,60,40,1,0,0,0,180,106,104,64
2026/02/04/16:56:49,3700.754354,0.976187,0.881792,0.979125,0.883791,95,48,60,40,1,0,0,0,180,106,104,64
2026/02/04/16:56:50,3701.755064,0.976187,0.881792,0.979125,0.883791,95,48,60,40,1,0,0,0,180,106,104,64
2026/02/04/16:56:51,3702.755397,0.976187,0.881792,0.979125,0.883791,95,48,60,40,1,0,0,0,180,106,104,64
2026/02/04/16:56:52,3703.755810,0.976187,0.881792,0.979125,0.883791,95,48,60,40,1,0,0,0,180,106,104,64
2026/02/04/16:56:53,3704.756535,0.976187,0.881792,0.979125,0.883791,95,48,60,40,1,0,0,0,180,106,104,64
2026/02/04/16:56:54,3705.757158,0.976187,0.881792,0.979125,0.883791,95,48,60,40,1,0,0,0,180,106,104,64
2026/02/04/16:56:55,3706.757697,0.976187,0.881792,0.979125,0.883791,95,48,60,40,1,0,0,0,180,106,104,64
2026/02/04/16:56:56,3707.759116,0.976187,0.881792,0.979125,0.883791,95,48,60,40,1,0,0,0,180,106,104,64
2026/02/04/16:56:57,3708.759688,0.976187,0.881792,0.979125,0.883791,95,48,60,40,1,0,0,0,180,106,104,64
2026/02/04/16:56:58,3709.760128,0.976187,0.881792,0.979125,0.883791,95,48,60,40,1,0,0,0,180,106,104,64
2026/02/04/16:56:59,3710.760581,0.976187,0.881792,0.979125,0.883791,95,48,60,40,1,0,0,0,180,106,104,64
2026/02/04/16:57:00,3711.761035,0.976187,0.881792,0.979125,0.883791,95,48,60,40,1,0,0,0,180,106,104,64
2026/02/04/16:57:01,3712.761594,0.976187,0.881792,0.979125,0.883791,95,48,60,40,1,0,0,0,180,106,104,64
2026/02/04/16:57:02,3713.762092,0.976187,0.881792,0.979125,0.883791,95,48,60,40,1,0,0,0,180,106,104,64
2026/02/04/16:57:03,3714.762734,0.976187,0.881792,0.979125,0.883791,95,48,60,40,1,0,0,0,180,106,104,64
2026/02/04/16:57:04,3715.763366,0.976187,0.881792,0.979125,0.883791,95,48,60,40,1,0,0,0,180,106,104,64
2026/02/04/16:57:05,3716.763950,0.976187,0.881792,0.979125,0.883791,95,48,60,40,1,0,0,0,180,106,104,64
2026/02/04/16:57:06,3717.764407,0.976187,0.881792,0.979125,0.883791,95,48,60,40,1,0,0,0,180,106,104,64
2026/02/04/16:57:07,3718.764871,0.976187,0.881792,0.979125,0.883791,95,48,60,40,1,0,0,0,180,106,104,64
2026/02/04/16:57:08,3719.765440,0.976187,0.881792,0.979125,0.883791,95,48,60,40,1,0,0,0,180,106,104,64
2026/02/04/16:57:09,3720.765824,0.976187,0.881792,0.979125,0.883791,95,48,60,40,1,0,0,0,180,106,104,64
2026/02/04/16:57:10,3721.766252,0.976187,0.881792,0.979125,0.883791,95,48,60,40,1,0,0,0,180,106,104,64
2026/02/04/16:57:11,3722.766741,0.976187,0.881792,0.979125,0.883791,95,48,60,40,1,0,0,0,180,106,104,64
2026/02/04/16:57:12,3723.767249,0.976187,0.881792,0.979125,0.883791,95,48,60,40,1,0,0,0,180,106,104,64
2026/02/04/16:57:13,3724.767705,0.976187,0.881792,0.979125,0.883791,95,48,60,40,1,0,0,0,180,106,104,64
2026/02/04/16:57:14,3725.768405,0.976187,0.881792,0.979125,0.883791,95,48,60,40,1,0,0,0,180,106,104,64
2026/02/04/16:57:15,3726.768922,0.976187,0.881792,0.979125,0.883791,95,48,60,40,1,0,0,0,180,106,104,64
2026/02/04/16:57:16,3727.769500,0.976187,0.881792,0.979125,0.883791,95,48,60,40,1,0,0,0,180,106,104,64
2026/02/04/16:57:17,3728.770136,0.976187,0.881792,0.979125,0.883791,95,48,60,40,1,0,0,0,180,106,104,64
2026/02/04/16:57:18,3729.779196,0.976187,0.881792,0.979125,0.883791,95,48,60,40,1,0,0,0,180,106,104,64
2026/02/04/16:57:19,3730.779942,0.976187,0.881792,0.979125,0.883791,95,48,60,40,1,0,0,0,180,106,104,64
2026/02/04/16:57:20,3731.780540,0.976187,0.881792,0.979125,0.883791,95,48,60,40,1,0,0,0,180,106,104,64
2026/02/04/16:57:21,3732.852975,0.976187,0.881792,0.979125,0.883791,95,48,60,40,1,0,0,0,180,106,104,64
2026/02/04/16:57:24,3735.205759,0.976187,0.881792,0.979125,0.883791,95,48,60,40,1,0,0,0,180,106,104,64
2026/02/04/16:57:25,3736.206054,0.976344,0.880447,0.976344,0.880447,96,48,59,40,0,0,0,0,181,106,105,64
2026/02/04/16:57:26,3737.206526,0.976344,0.880447,0.976344,0.880447,96,48,59,40,0,0,0,0,181,106,105,64
2026/02/04/16:57:27,3738.207023,0.976344,0.880447,0.976344,0.880447,96,48,59,40,0,0,0,0,181,106,105,64
2026/02/04/16:57:28,3739.207649,0.976344,0.880447,0.976344,0.880447,96,48,59,40,0,0,0,0,181,106,105,64
2026/02/04/16:57:29,3740.208657,0.976344,0.880447,0.976344,0.880447,96,48,59,40,0,0,0,0,181,106,105,64
2026/02/04/16:57:30,3741.209166,0.976344,0.880447,0.976344,0.880447,96,48,59,40,0,0,0,0,181,106,105,64
2026/02/04/16:57:31,3742.209703,0.976344,0.880447,0.976344,0.880447,96,48,59,40,0,0,0,0,181,106,105,64
2026/02/04/16:57:32,3743.210146,0.976344,0.880447,0.976344,0.880447,96,48,59,40,0,0,0,0,181,106,105,64
2026/02/04/16:57:33,3744.210656,0.976344,0.880447,0.976344,0.880447,96,48,59,40,0,0,0,0,181,106,105,64
2026/02/04/16:57:34,3745.211220,0.976344,0.880447,0.976344,0.880447,96,48,59,40,0,0,0,0,181,106,105,64
2026/02/04/16:57:35,3746.211683,0.976344,0.880447,0.976344,0.880447,96,48,59,40,0,0,0,0,181,106,105,64
2026/02/04/16:57:36,3747.212090,0.976344,0.880447,0.976344,0.880447,96,48,59,40,0,0,0,0,181,106,105,64
2026/02/04/16:57:37,3748.212636,0.976344,0.880447,0.976344,0.880447,96,48,59,40,0,0,0,0,181,106,105,64
2026/02/04/16:57:38,3749.213296,0.976344,0.880447,0.976344,0.880447,96,48,59,40,0,0,0,0,181,106,105,64
2026/02/04/16:57:39,3750.213812,0.976344,0.880447,0.976344,0.880447,96,48,59,40,0,0,0,0,181,106,105,64
2026/02/04/16:57:40,3751.214455,0.976344,0.880447,0.976344,0.880447,96,48,59,40,0,0,0,0,181,106,105,64
2026/02/04/16:57:41,3752.214887,0.970000,0.900412,0.995563,0.920881,89,51,62,43,5,0,0,0,188,106,105,64
2026/02/04/16:57:42,3753.215406,0.970000,0.900412,1.006625,0.944946,89,51,62,43,7,0,0,0,188,106,105,64
2026/02/04/16:57:43,3754.216098,0.970000,0.900412,1.006625,0.944946,89,51,62,43,7,0,0,0,188,106,105,64
2026/02/04/16:57:44,3755.216533,0.970406,0.901964,0.998563,0.932466,91,49,62,43,5,0,0,0,188,108,105,64
2026/02/04/16:57:45,3756.217148,0.970406,0.901964,0.998563,0.932466,91,49,62,43,5,0,0,0,188,108,105,64
2026/02/04/16:57:46,3757.218126,0.970844,0.899334,1.011844,0.949626,90,51,62,43,8,1,0,0,190,108,105,64
2026/02/04/16:57:47,3758.218720,0.975063,0.899880,1.002719,0.941960,93,49,62,43,5,0,0,0,190,111,105,64
2026/02/04/16:57:48,3759.219151,0.975063,0.899880,1.002719,0.941960,93,49,62,43,5,0,0,0,190,111,105,64
2026/02/04/16:57:49,3760.219858,0.967500,0.895103,0.993250,0.933056,94,46,62,43,4,0,0,0,190,114,105,64
2026/02/04/16:57:50,3761.220555,0.967500,0.895103,0.993250,0.933056,94,46,62,43,4,0,0,0,190,114,105,64
2026/02/04/16:57:51,3762.221177,0.967500,0.895103,0.993250,0.933056,94,46,62,43,4,0,0,0,190,114,105,64
2026/02/04/16:57:52,3763.221639,0.962719,0.868133,0.982938,0.894054,95,46,59,43,3,0,0,0,190,114,108,64
2026/02/04/16:57:53,3764.222446,0.962719,0.868133,0.982938,0.894054,95,46,59,43,3,0,0,0,190,114,108,64
2026/02/04/16:57:54,3765.223027,0.962719,0.868133,0.982938,0.894054,95,46,59,43,3,0,0,0,190,114,108,64
2026/02/04/16:57:55,3766.223493,0.962719,0.868133,0.982938,0.894054,95,46,59,43,3,0,0,0,190,114,108,64
2026/02/04/16:57:56,3767.228111,0.962719,0.868133,0.982938,0.894054,95,46,59,43,3,0,0,0,190,114,108,64
2026/02/04/16:57:57,3768.228607,0.962719,0.868133,0.982938,0.894054,95,46,59,43,3,0,0,0,190,114,108,64
2026/02/04/16:57:58,3769.229067,0.962719,0.868133,0.982938,0.894054,95,46,59,43,3,0,0,0,190,114,108,64
2026/02/04/16:57:59,3770.229600,0.962719,0.868133,0.982938,0.894054,95,46,59,43,3,0,0,0,190,114,108,64
2026/02/04/16:58:00,3771.230145,0.962719,0.868133,0.982938,0.894054,95,46,59,43,3,0,0,0,190,114,108,64
2026/02/04/16:58:01,3772.230788,0.962719,0.868133,0.982938,0.894054,95,46,59,43,3,0,0,0,190,114,108,64
2026/02/04/16:58:02,3773.231282,0.962719,0.868133,0.982938,0.894054,95,46,59,43,3,0,0,0,190,114,108,64
2026/02/04/16:58:03,3774.231804,0.962719,0.868133,0.982938,0.894054,95,46,59,43,3,0,0,0,190,114,108,64
2026/02/04/16:58:04,3775.232253,0.962719,0.868133,0.982938,0.894054,95,46,59,43,3,0,0,0,190,114,108,64
2026/02/04/16:58:05,3776.232809,0.962719,0.868133,0.982938,0.894054,95,46,59,43,3,0,0,0,190,114,108,64
2026/02/04/16:58:06,3777.233354,0.962719,0.868133,0.982938,0.894054,95,46,59,43,3,0,0,0,190,114,108,64
2026/02/04/16:58:07,3778.233971,0.962719,0.868133,0.982938,0.894054,95,46,59,43,3,0,0,0,190,114,108,64
2026/02/04/16:58:08,3779.234526,0.962719,0.868133,0.982938,0.894054,95,46,59,43,3,0,0,0,190,114,108,64
2026/02/04/16:58:09,3780.234923,0.962719,0.868133,0.982938,0.894054,95,46,59,43,3,0,0,0,190,114,108,64
2026/02/04/16:58:10,3781.235308,0.962719,0.868133,0.982938,0.894054,95,46,59,43,3,0,0,0,190,114,108,64
2026/02/04/16:58:11,3782.235875,0.969969,0.883943,0.979125,0.885799,95,46,59,43,1,0,0,0,192,114,108,64
2026/02/04/16:58:12,3783.236366,0.969969,0.883943,0.979125,0.885799,95,46,59,43,1,0,0,0,192,114,108,64
2026/02/04/16:58:13,3784.236950,0.969969,0.883943,0.979125,0.885799,95,46,59,43,1,0,0,0,192,114,108,64
2026/02/04/16:58:14,3785.237596,0.969969,0.883943,0.979125,0.885799,95,46,59,43,1,0,0,0,192,114,108,64
2026/02/04/16:58:15,3786.238096,0.969969,0.883943,0.979125,0.885799,95,46,59,43,1,0,0,0,192,114,108,64
2026/02/04/16:58:16,3787.238686,0.969969,0.883943,0.979125,0.885799,95,46,59,43,1,0,0,0,192,114,108,64
2026/02/04/16:58:17,3788.239419,0.969969,0.883943,0.979125,0.885799,95,46,59,43,1,0,0,0,192,114,108,64
2026/02/04/16:58:18,3789.240056,0.969969,0.883943,0.979125,0.885799,95,46,59,43,1,0,0,0,192,114,108,64
2026/02/04/16:58:19,3790.240760,0.969969,0.883943,0.979125,0.885799,95,46,59,43,1,0,0,0,192,114,108,64
2026/02/04/16:58:20,3791.241240,0.969969,0.883943,0.979125,0.885799,95,46,59,43,1,0,0,0,192,114,108,64
2026/02/04/16:58:21,3792.241716,0.969969,0.883943,0.979125,0.885799,95,46,59,43,1,0,0,0,192,114,108,64
2026/02/04/16:58:22,3793.242325,0.969969,0.883943,0.979125,0.885799,95,46,59,43,1,0,0,0,192,114,108,64
2026/02/04/16:58:23,3794.243027,0.969969,0.883943,0.979125,0.885799,95,46,59,43,1,0,0,0,192,114,108,64
2026/02/04/16:58:24,3795.243522,0.969969,0.883943,0.979125,0.885799,95,46,59,43,1,0,0,0,192,114,108,64
2026/02/04/16:58:25,3796.244034,0.969969,0.883943,0.979125,0.885799,95,46,59,43,1,0,0,0,192,114,108,64
2026/02/04/16:58:26,3797.244589,0.969969,0.883943,0.979125,0.885799,95,46,59,43,1,0,0,0,192,114,108,64
2026/02/04/16:58:27,3798.245099,0.969969,0.883943,0.979125,0.885799,95,46,59,43,1,0,0,0,192,114,108,64
2026/02/04/16:58:28,3799.245622,0.969969,0.883943,0.979125,0.885799,95,46,59,43,1,0,0,0,192,114,108,64
2026/02/04/16:58:29,3800.246144,0.969969,0.883943,0.979125,0.885799,95,46,59,43,1,0,0,0,192,114,108,64
2026/02/04/16:58:30,3801.246751,0.969969,0.883943,0.979125,0.885799,95,46,59,43,1,0,0,0,192,114,108,64
2026/02/04/16:58:31,3802.247297,0.969969,0.883943,0.979125,0.885799,95,46,59,43,1,0,0,0,192,114,108,64
2026/02/04/16:58:32,3803.247851,0.969969,0.883943,0.979125,0.885799,95,46,59,43,1,0,0,0,192,114,108,64
2026/02/04/16:58:33,3804.248382,0.969969,0.883943,0.979125,0.885799,95,46,59,43,1,0,0,0,192,114,108,64
2026/02/04/16:58:34,3805.248925,0.969969,0.883943,0.979125,0.885799,95,46,59,43,1,0,0,0,192,114,108,64
2026/02/04/16:58:35,3806.249570,0.969969,0.883943,0.979125,0.885799,95,46,59,43,1,0,0,0,192,114,108,64
2026/02/04/16:58:36,3807.250151,0.969969,0.883943,0.979125,0.885799,95,46,59,43,1,0,0,0,192,114,108,64
2026/02/04/16:58:37,3808.250724,0.969969,0.883943,0.979125,0.885799,95,46,59,43,1,0,0,0,192,114,108,64
2026/02/04/16:58:38,3809.251381,0.969969,0.883943,0.979125,0.885799,95,46,59,43,1,0,0,0,192,114,108,64
2026/02/04/16:58:39,3810.251664,0.969969,0.883943,0.979125,0.885799,95,46,59,43,1,0,0,0,192,114,108,64
2026/02/04/16:58:40,3811.252149,0.969969,0.883943,0.979125,0.885799,95,46,59,43,1,0,0,0,192,114,108,64
2026/02/04/16:58:41,3812.252536,0.953969,0.880294,0.963125,0.882150,93,46,59,43,1,0,0,0,194,114,108,64
2026/02/04/16:58:42,3813.388622,0.953969,0.880294,0.963125,0.882150,93,46,59,43,1,0,0,0,194,114,108,64
2026/02/04/16:58:45,3816.613113,0.953969,0.880294,0.963125,0.882150,93,46,59,43,1,0,0,0,194,114,108,64
2026/02/04/16:58:46,3817.795926,0.953969,0.880294,0.963125,0.882150,93,46,59,43,1,0,0,0,194,114,108,64
2026/02/04/16:58:47,3818.796506,0.963125,0.882150,0.963125,0.882150,94,46,59,43,0,0,0,0,196,114,108,64
2026/02/04/16:58:48,3819.797153,0.963125,0.882150,0.963125,0.882150,94,46,59,43,0,0,0,0,196,114,108,64
2026/02/04/16:58:49,3820.797708,0.963125,0.882150,0.963125,0.882150,94,46,59,43,0,0,0,0,196,114,108,64
2026/02/04/16:58:50,3821.798281,0.963125,0.882150,0.963125,0.882150,94,46,59,43,0,0,0,0,196,114,108,64
2026/02/04/16:58:51,3822.798841,0.963125,0.882150,0.963125,0.882150,94,46,59,43,0,0,0,0,196,114,108,64
2026/02/04/16:58:52,3823.799271,0.963125,0.882150,0.963125,0.882150,94,46,59,43,0,0,0,0,196,114,108,64
2026/02/04/16:58:53,3824.799670,0.963125,0.882150,0.963125,0.882150,94,46,59,43,0,0,0,0,196,114,108,64
2026/02/04/16:58:54,3825.800307,0.963125,0.882150,0.963125,0.882150,94,46,59,43,0,0,0,0,196,114,108,64
2026/02/04/16:58:55,3826.800866,0.963125,0.882150,0.963125,0.882150,94,46,59,43,0,0,0,0,196,114,108,64
2026/02/04/16:58:56,3827.801554,0.963125,0.882150,0.963125,0.882150,94,46,59,43,0,0,0,0,196,114,108,64
2026/02/04/16:58:57,3828.802050,0.963125,0.882150,0.963125,0.882150,94,46,59,43,0,0,0,0,196,114,108,64
2026/02/04/16:58:58,3829.802616,0.963125,0.882150,0.963125,0.882150,94,46,59,43,0,0,0,0,196,114,108,64
2026/02/04/16:58:59,3830.803144,0.963125,0.882150,0.963125,0.882150,94,46,59,43,0,0,0,0,196,114,108,64
2026/02/04/16:59:00,3831.803607,0.963125,0.882150,0.963125,0.882150,94,46,59,43,0,0,0,0,196,114,108,64
2026/02/04/16:59:01,3832.804134,0.963125,0.882150,0.963125,0.882150,94,46,59,43,0,0,0,0,196,114,108,64
2026/02/04/16:59:02,3833.804680,0.963125,0.882150,0.963125,0.882150,94,46,59,43,0,0,0,0,196,114,108,64
2026/02/04/16:59:03,3834.805244,0.963125,0.882150,0.963125,0.882150,94,46,59,43,0,0,0,0,196,114,108,64
2026/02/04/16:59:04,3835.805851,0.963125,0.882150,0.963125,0.882150,94,46,59,43,0,0,0,0,196,114,108,64
2026/02/04/16:59:05,3836.806306,0.963125,0.882150,0.963125,0.882150,94,46,59,43,0,0,0,0,196,114,108,64
2026/02/04/16:59:06,3837.806786,0.963125,0.882150,0.963125,0.882150,94,46,59,43,0,0,0,0,196,114,108,64
2026/02/04/16:59:07,3838.807350,0.963125,0.882150,0.963125,0.882150,94,46,59,43,0,0,0,0,196,114,108,64
2026/02/04/16:59:08,3839.807833,0.963125,0.882150,0.963125,0.882150,94,46,59,43,0,0,0,0,196,114,108,64
2026/02/04/16:59:09,3840.808342,0.963125,0.882150,0.963125,0.882150,94,46,59,43,0,0,0,0,196,114,108,64
2026/02/04/16:59:10,3841.808867,0.963125,0.882150,0.963125,0.882150,94,46,59,43,0,0,0,0,196,114,108,64
2026/02/04/16:59:11,3842.809290,0.963125,0.882150,0.963125,0.882150,94,46,59,43,0,0,0,0,196,114,108,64
2026/02/04/16:59:12,3843.809964,0.963125,0.882150,0.963125,0.882150,94,46,59,43,0,0,0,0,196,114,108,64
2026/02/04/16:59:13,3844.810389,0.963125,0.882150,0.963125,0.882150,94,46,59,43,0,0,0,0,196,114,108,64
2026/02/04/16:59:14,3845.810949,0.963125,0.882150,0.963125,0.882150,94,46,59,43,0,0,0,0,196,114,108,64
2026/02/04/16:59:15,3846.811414,0.963125,0.882150,0.963125,0.882150,94,46,59,43,0,0,0,0,196,114,108,64
2026/02/04/16:59:16,3847.812025,0.963125,0.882150,0.963125,0.882150,94,46,59,43,0,0,0,0,196,114,108,64
2026/02/04/16:59:17,3848.812581,0.963125,0.882150,0.963125,0.882150,94,46,59,43,0,0,0,0,196,114,108,64
2026/02/04/16:59:18,3849.816200,0.963125,0.882150,0.963125,0.882150,94,46,59,43,0,0,0,0,196,114,108,64
2026/02/04/16:59:19,3850.816706,0.963125,0.882150,0.963125,0.882150,94,46,59,43,0,0,0,0,196,114,108,64
2026/02/04/16:59:20,3851.817217,0.963125,0.882150,0.963125,0.882150,94,46,59,43,0,0,0,0,196,114,108,64
2026/02/04/16:59:21,3852.818151,0.963125,0.882150,0.963125,0.882150,94,46,59,43,0,0,0,0,196,114,108,64
2026/02/04/16:59:22,3853.818599,0.963125,0.882150,0.963125,0.882150,94,46,59,43,0,0,0,0,196,114,108,64
2026/02/04/16:59:23,3854.819120,0.963125,0.882150,0.963125,0.882150,94,46,59,43,0,0,0,0,196,114,108,64
2026/02/04/16:59:24,3855.819656,0.963125,0.882150,0.963125,0.882150,94,46,59,43,0,0,0,0,196,114,108,64
2026/02/04/16:59:25,3856.820267,0.963125,0.882150,0.963125,0.882150,94,46,59,43,0,0,0,0,196,114,108,64
2026/02/04/16:59:26,3857.820841,0.963125,0.882150,0.963125,0.882150,94,46,59,43,0,0,0,0,196,114,108,64
2026/02/04/16:59:27,3858.821516,0.963125,0.882150,0.963125,0.882150,94,46,59,43,0,0,0,0,196,114,108,64
2026/02/04/16:59:28,3859.822180,0.963125,0.882150,0.963125,0.882150,94,46,59,43,0,0,0,0,196,114,108,64
2026/02/04/16:59:29,3860.822724,0.963125,0.882150,0.963125,0.882150,94,46,59,43,0,0,0,0,196,114,108,64
2026/02/04/16:59:30,3861.823298,0.963125,0.882150,0.963125,0.882150,94,46,59,43,0,0,0,0,196,114,108,64
2026/02/04/16:59:31,3862.823974,0.963125,0.882150,0.963125,0.882150,94,46,59,43,0,0,0,0,196,114,108,64
2026/02/04/16:59:32,3863.824552,0.963125,0.882150,0.963125,0.882150,94,46,59,43,0,0,0,0,196,114,108,64
2026/02/04/16:59:33,3864.825054,0.963125,0.882150,0.963125,0.882150,94,46,59,43,0,0,0,0,196,114,108,64
2026/02/04/16:59:34,3865.825646,0.963125,0.882150,0.963125,0.882150,94,46,59,43,0,0,0,0,196,114,108,64
2026/02/04/16:59:35,3866.826224,0.963125,0.882150,0.963125,0.882150,94,46,59,43,0,0,0,0,196,114,108,64
2026/02/04/16:59:36,3867.826752,0.963125,0.882150,0.963125,0.882150,94,46,59,43,0,0,0,0,196,114,108,64
2026/02/04/16:59:37,3868.827259,0.963125,0.882150,0.963125,0.882150,94,46,59,43,0,0,0,0,196,114,108,64
2026/02/04/16:59:38,3869.827743,0.963125,0.882150,0.963125,0.882150,94,46,59,43,0,0,0,0,196,114,108,64
2026/02/04/16:59:39,3870.828259,0.963125,0.882150,0.963125,0.882150,94,46,59,43,0,0,0,0,196,114,108,64
2026/02/04/16:59:40,3871.828818,0.963125,0.882150,0.963125,0.882150,94,46,59,43,0,0,0,0,196,114,108,64
2026/02/04/16:59:41,3872.829305,0.963125,0.882150,0.963125,0.882150,94,46,59,43,0,0,0,0,196,114,108,64
2026/02/04/16:59:42,3873.829958,0.963125,0.882150,0.963125,0.882150,94,46,59,43,0,0,0,0,196,114,108,64
2026/02/04/16:59:43,3874.830424,0.963125,0.882150,0.963125,0.882150,94,46,59,43,0,0,0,0,196,114,108,64
2026/02/04/16:59:44,3875.830935,0.963125,0.882150,0.963125,0.882150,94,46,59,43,0,0,0,0,196,114,108,64
2026/02/04/16:59:45,3876.831421,0.963125,0.882150,0.963125,0.882150,94,46,59,43,0,0,0,0,196,114,108,64
2026/02/04/16:59:46,3877.831584,0.963125,0.882150,0.963125,0.882150,94,46,59,43,0,0,0,0,196,114,108,64
2026/02/04/16:59:47,3878.831973,0.963125,0.882150,0.963125,0.882150,94,46,59,43,0,0,0,0,196,114,108,64
2026/02/04/16:59:48,3879.832690,0.963125,0.882150,0.963125,0.882150,94,46,59,43,0,0,0,0,196,114,108,64
2026/02/04/16:59:49,3880.835018,0.963125,0.882150,0.963125,0.882150,94,46,59,43,0,0,0,0,196,114,108,64
2026/02/04/16:59:50,3881.835528,0.963125,0.882150,0.963125,0.882150,94,46,59,43,0,0,0,0,196,114,108,64
2026/02/04/16:59:51,3882.835973,0.963125,0.882150,0.963125,0.882150,94,46,59,43,0,0,0,0,196,114,108,64
2026/02/04/16:59:52,3883.836583,0.963125,0.882150,0.963125,0.882150,94,46,59,43,0,0,0,0,196,114,108,64
2026/02/04/16:59:53,3884.837152,0.963125,0.882150,0.963125,0.882150,94,46,59,43,0,0,0,0,196,114,108,64
2026/02/04/16:59:54,3885.837874,0.963125,0.882150,0.963125,0.882150,94,46,59,43,0,0,0,0,196,114,108,64
2026/02/04/16:59:55,3886.838371,0.963125,0.882150,0.963125,0.882150,94,46,59,43,0,0,0,0,196,114,108,64
2026/02/04/16:59:56,3887.838962,0.963125,0.882150,0.963125,0.882150,94,46,59,43,0,0,0,0,196,114,108,64
2026/02/04/16:59:57,3888.839815,0.963125,0.882150,0.963125,0.882150,94,46,59,43,0,0,0,0,196,114,108,64
2026/02/04/16:59:58,3889.840296,0.963125,0.882150,0.963125,0.882150,94,46,59,43,0,0,0,0,196,114,108,64
2026/02/04/16:59:59,3890.840784,0.963125,0.882150,0.963125,0.882150,94,46,59,43,0,0,0,0,196,114,108,64
2026/02/04/17:00:00,3891.841381,0.963125,0.882150,0.963125,0.882150,94,46,59,43,0,0,0,0,196,114,108,64
2026/02/04/17:00:01,3892.841918,0.963125,0.882150,0.963125,0.882150,94,46,59,43,0,0,0,0,196,114,108,64
2026/02/04/17:00:02,3893.842465,0.963125,0.882150,0.963125,0.882150,94,46,59,43,0,0,0,0,196,114,108,64
2026/02/04/17:00:03,3894.843161,0.963125,0.882150,0.963125,0.882150,94,46,59,43,0,0,0,0,196,114,108,64
2026/02/04/17:00:04,3895.843943,0.963125,0.882150,0.963125,0.882150,94,46,59,43,0,0,0,0,196,114,108,64
2026/02/04/17:00:05,3896.844423,0.963125,0.882150,0.963125,0.882150,94,46,59,43,0,0,0,0,196,114,108,64
2026/02/04/17:00:06,3897.845162,0.963125,0.882150,0.963125,0.882150,94,46,59,43,0,0,0,0,196,114,108,64
2026/02/04/17:00:07,3898.845715,0.963125,0.882150,0.963125,0.882150,94,46,59,43,0,0,0,0,196,114,108,64
2026/02/04/17:00:08,3899.846315,0.963125,0.882150,0.963125,0.882150,94,46,59,43,0,0,0,0,196,114,108,64
2026/02/04/17:00:09,3900.846913,0.963125,0.882150,0.963125,0.882150,94,46,59,43,0,0,0,0,196,114,108,64
2026/02/04/17:00:10,3901.847427,0.963125,0.882150,0.963125,0.882150,94,46,59,43,0,0,0,0,196,114,108,64
2026/02/04/17:00:11,3902.847968,0.963125,0.882150,0.963125,0.882150,94,46,59,43,0,0,0,0,196,114,108,64
2026/02/04/17:00:12,3903.848494,0.963125,0.882150,0.963125,0.882150,94,46,59,43,0,0,0,0,196,114,108,64
2026/02/04/17:00:13,3904.849043,0.963125,0.882150,0.963125,0.882150,94,46,59,43,0,0,0,0,196,114,108,64
2026/02/04/17:00:14,3905.849553,0.963125,0.882150,0.963125,0.882150,94,46,59,43,0,0,0,0,196,114,108,64
2026/02/04/17:00:15,3906.850112,0.963125,0.882150,0.963125,0.882150,94,46,59,43,0,0,0,0,196,114,108,64
2026/02/04/17:00:16,3907.850731,0.963125,0.882150,0.963125,0.882150,94,46,59,43,0,0,0,0,196,114,108,64
2026/02/04/17:00:17,3908.851282,0.963125,0.882150,0.963125,0.882150,94,46,59,43,0,0,0,0,196,114,108,64
2026/02/04/17:00:18,3909.851855,0.963125,0.882150,0.963125,0.882150,94,46,59,43,0,0,0,0,196,114,108,64
2026/02/04/17:00:19,3910.852451,0.963125,0.882150,0.963125,0.882150,94,46,59,43,0,0,0,0,196,114,108,64
2026/02/04/17:00:20,3911.853048,0.963125,0.882150,0.963125,0.882150,94,46,59,43,0,0,0,0,196,114,108,64
2026/02/04/17:00:21,3912.853585,0.963125,0.882150,0.963125,0.882150,94,46,59,43,0,0,0,0,196,114,108,64
2026/02/04/17:00:22,3913.854026,0.963125,0.882150,0.963125,0.882150,94,46,59,43,0,0,0,0,196,114,108,64
2026/02/04/17:00:23,3914.854520,0.963125,0.882150,0.963125,0.882150,94,46,59,43,0,0,0,0,196,114,108,64
2026/02/04/17:00:24,3915.855092,0.963125,0.882150,0.963125,0.882150,94,46,59,43,0,0,0,0,196,114,108,64
2026/02/04/17:00:25,3916.855768,0.963125,0.882150,0.963125,0.882150,94,46,59,43,0,0,0,0,196,114,108,64
2026/02/04/17:00:26,3917.856325,0.963125,0.882150,0.963125,0.882150,94,46,59,43,0,0,0,0,196,114,108,64
2026/02/04/17:00:27,3918.856809,0.963125,0.882150,0.963125,0.882150,94,46,59,43,0,0,0,0,196,114,108,64
2026/02/04/17:00:28,3919.857442,0.963125,0.882150,0.963125,0.882150,94,46,59,43,0,0,0,0,196,114,108,64
2026/02/04/17:00:29,3920.858144,0.963125,0.882150,0.963125,0.882150,94,46,59,43,0,0,0,0,196,114,108,64
2026/02/04/17:00:30,3921.858820,0.963125,0.882150,0.963125,0.882150,94,46,59,43,0,0,0,0,196,114,108,64
2026/02/04/17:00:31,3922.859368,0.963125,0.882150,0.963125,0.882150,94,46,59,43,0,0,0,0,196,114,108,64
2026/02/04/17:00:32,3923.859787,0.963125,0.882150,0.963125,0.882150,94,46,59,43,0,0,0,0,196,114,108,64
2026/02/04/17:00:33,3924.860373,0.963125,0.882150,0.963125,0.882150,94,46,59,43,0,0,0,0,196,114,108,64
2026/02/04/17:00:34,3925.860906,0.963125,0.882150,0.963125,0.882150,94,46,59,43,0,0,0,0,196,114,108,64
2026/02/04/17:00:35,3926.861561,0.963125,0.882150,0.963125,0.882150,94,46,59,43,0,0,0,0,196,114,108,64
2026/02/04/17:00:36,3927.862120,0.963125,0.882150,0.963125,0.882150,94,46,59,43,0,0,0,0,196,114,108,64
2026/02/04/17:00:37,3928.862582,0.963125,0.882150,0.963125,0.882150,94,46,59,43,0,0,0,0,196,114,108,64
2026/02/04/17:00:38,3929.863214,0.963125,0.882150,0.963125,0.882150,94,46,59,43,0,0,0,0,196,114,108,64
2026/02/04/17:00:39,3930.863791,0.963125,0.882150,0.963125,0.882150,94,46,59,43,0,0,0,0,196,114,108,64
2026/02/04/17:00:40,3931.864466,0.963125,0.882150,0.963125,0.882150,94,46,59,43,0,0,0,0,196,114,108,64
2026/02/04/17:00:41,3932.865138,0.963125,0.882150,0.963125,0.882150,94,46,59,43,0,0,0,0,196,114,108,64
2026/02/04/17:00:42,3933.865592,0.963125,0.882150,0.963125,0.882150,94,46,59,43,0,0,0,0,196,114,108,64
2026/02/04/17:00:43,3934.866201,0.963125,0.882150,0.963125,0.882150,94,46,59,43,0,0,0,0,196,114,108,64
2026/02/04/17:00:44,3935.866765,0.963125,0.882150,0.963125,0.882150,94,46,59,43,0,0,0,0,196,114,108,64
2026/02/04/17:00:45,3936.867247,0.963125,0.882150,0.963125,0.882150,94,46,59,43,0,0,0,0,196,114,108,64
2026/02/04/17:00:46,3937.867702,0.963125,0.882150,0.963125,0.882150,94,46,59,43,0,0,0,0,196,114,108,64
2026/02/04/17:00:47,3938.868253,0.963125,0.882150,0.963125,0.882150,94,46,59,43,0,0,0,0,196,114,108,64
2026/02/04/17:00:48,3939.868832,0.963125,0.882150,0.963125,0.882150,94,46,59,43,0,0,0,0,196,114,108,64
2026/02/04/17:00:49,3940.869256,0.963125,0.882150,0.963125,0.882150,94,46,59,43,0,0,0,0,196,114,108,64
2026/02/04/17:00:50,3941.869751,0.963125,0.882150,0.963125,0.882150,94,46,59,43,0,0,0,0,196,114,108,64
2026/02/04/17:00:51,3942.870148,0.963125,0.882150,0.963125,0.882150,94,46,59,43,0,0,0,0,196,114,108,64
2026/02/04/17:00:52,3943.870696,0.968219,0.888994,1.015750,0.916236,94,47,59,44,3,2,0,2,196,114,108,64
2026/02/04/17:00:53,3944.871162,0.964281,0.894751,1.006594,0.914381,91,49,59,46,5,0,0,0,200,114,108,64
2026/02/04/17:00:54,3945.871759,0.964750,0.888875,1.020969,0.923742,89,49,59,49,8,0,0,0,203,114,108,64
2026/02/04/17:00:55,3946.872259,0.962688,0.874290,1.024437,0.921189,87,49,62,48,9,0,0,0,205,114,108,65
2026/02/04/17:00:56,3947.872697,0.965063,0.879736,1.036312,0.930782,86,51,62,48,11,0,0,0,207,114,108,65
2026/02/04/17:00:57,3948.873219,0.965063,0.879736,1.036312,0.930782,86,51,62,48,11,0,0,0,207,114,108,65
2026/02/04/17:00:58,3949.873732,0.962625,0.875488,1.029375,0.924970,87,51,59,48,10,0,0,0,207,114,111,65
2026/02/04/17:00:59,3950.874335,0.962625,0.875488,1.029375,0.924970,87,51,59,48,10,0,0,0,207,114,111,65
2026/02/04/17:01:00,3951.874838,0.962625,0.875488,1.029375,0.924970,87,51,59,48,10,0,0,0,207,114,111,65
2026/02/04/17:01:01,3952.875446,0.962625,0.875488,1.029375,0.924970,87,51,59,48,10,0,0,0,207,114,111,65
2026/02/04/17:01:02,3953.875949,0.962625,0.875488,1.029375,0.924970,87,51,59,48,10,0,0,0,207,114,111,65
2026/02/04/17:01:03,3954.876709,0.963656,0.872881,1.026531,0.920723,88,51,59,47,9,0,0,0,207,114,111,66
2026/02/04/17:01:04,3955.877233,0.963781,0.876270,1.022156,0.922547,89,51,59,47,8,0,0,0,208,114,111,66
2026/02/04/17:01:05,3956.877838,0.963781,0.876270,1.022156,0.922547,89,51,59,47,8,0,0,0,208,114,111,66
2026/02/04/17:01:06,3957.878360,0.963781,0.876270,1.022156,0.922547,89,51,59,47,8,0,0,0,208,114,111,66
2026/02/04/17:01:07,3958.878916,0.961781,0.868850,1.020156,0.915127,88,51,59,47,8,0,0,0,209,114,111,66
2026/02/04/17:01:08,3959.879388,0.961781,0.868850,1.020156,0.915127,88,51,59,47,8,0,0,0,209,114,111,66
2026/02/04/17:01:09,3960.880009,0.961781,0.868850,1.020156,0.915127,88,51,59,47,8,0,0,0,209,114,111,66
2026/02/04/17:01:10,3961.880492,0.961781,0.868850,1.020156,0.915127,88,51,59,47,8,0,0,0,209,114,111,66
2026/02/04/17:01:11,3962.881022,0.961781,0.868850,1.020156,0.915127,88,51,59,47,8,0,0,0,209,114,111,66
2026/02/04/17:01:12,3963.881467,0.961781,0.868850,1.020156,0.915127,88,51,59,47,8,0,0,0,209,114,111,66
2026/02/04/17:01:13,3964.881942,0.961781,0.868850,1.020156,0.915127,88,51,59,47,8,0,0,0,209,114,111,66
2026/02/04/17:01:14,3965.882637,0.961781,0.868850,1.020156,0.915127,88,51,59,47,8,0,0,0,209,114,111,66
2026/02/04/17:01:15,3966.883119,0.961781,0.868850,1.020156,0.915127,88,51,59,47,8,0,0,0,209,114,111,66
2026/02/04/17:01:16,3967.884608,0.961781,0.868850,1.020156,0.915127,88,51,59,47,8,0,0,0,209,114,111,66
2026/02/04/17:01:17,3968.885142,0.961781,0.868850,1.020156,0.915127,88,51,59,47,8,0,0,0,209,114,111,66
2026/02/04/17:01:18,3969.885567,0.961781,0.868850,1.020156,0.915127,88,51,59,47,8,0,0,0,209,114,111,66
2026/02/04/17:01:19,3970.886271,0.961781,0.868850,1.020156,0.915127,88,51,59,47,8,0,0,0,209,114,111,66
2026/02/04/17:01:20,3971.886912,0.961781,0.868850,1.020156,0.915127,88,51,59,47,8,0,0,0,209,114,111,66
2026/02/04/17:01:21,3972.887409,0.961781,0.868850,1.020156,0.915127,88,51,59,47,8,0,0,0,209,114,111,66
2026/02/04/17:01:22,3973.887967,0.961781,0.868850,1.020156,0.915127,88,51,59,47,8,0,0,0,209,114,111,66
2026/02/04/17:01:23,3974.888456,0.961781,0.868850,1.020156,0.915127,88,51,59,47,8,0,0,0,209,114,111,66
2026/02/04/17:01:24,3975.888922,0.961781,0.868850,1.020156,0.915127,88,51,59,47,8,0,0,0,209,114,111,66
2026/02/04/17:01:25,3976.889361,0.961781,0.868850,1.020156,0.915127,88,51,59,47,8,0,0,0,209,114,111,66
2026/02/04/17:01:26,3977.889811,0.961781,0.868850,1.020156,0.915127,88,51,59,47,8,0,0,0,209,114,111,66
2026/02/04/17:01:27,3978.890328,0.961781,0.868850,1.020156,0.915127,88,51,59,47,8,0,0,0,209,114,111,66
2026/02/04/17:01:28,3979.890970,0.961812,0.875745,1.009656,0.907406,90,51,59,44,6,0,0,0,209,114,111,69
2026/02/04/17:01:29,3980.891545,0.961812,0.875745,1.009656,0.907406,90,51,59,44,6,0,0,0,209,114,111,69
2026/02/04/17:01:30,3981.892035,0.961812,0.875745,1.009656,0.907406,90,51,59,44,6,0,0,0,209,114,111,69
2026/02/04/17:01:31,3982.892619,0.961812,0.875745,1.009656,0.907406,90,51,59,44,6,0,0,0,209,114,111,69
2026/02/04/17:01:32,3983.893084,0.961812,0.875745,1.009656,0.907406,90,51,59,44,6,0,0,0,209,114,111,69
2026/02/04/17:01:33,3984.893616,0.961812,0.875745,1.009656,0.907406,90,51,59,44,6,0,0,0,209,114,111,69
2026/02/04/17:01:34,3985.894202,0.961812,0.875745,1.009656,0.907406,90,51,59,44,6,0,0,0,209,114,111,69
2026/02/04/17:01:35,3986.894689,0.961812,0.875745,1.009656,0.907406,90,51,59,44,6,0,0,0,209,114,111,69
2026/02/04/17:01:36,3987.895488,0.961812,0.875745,1.009656,0.907406,90,51,59,44,6,0,0,0,209,114,111,69
2026/02/04/17:01:37,3988.896087,0.961812,0.875745,1.009656,0.907406,90,51,59,44,6,0,0,0,209,114,111,69
2026/02/04/17:01:38,3989.896545,0.961812,0.875745,1.009656,0.907406,90,51,59,44,6,0,0,0,209,114,111,69
2026/02/04/17:01:39,3990.897113,0.961812,0.875745,1.009656,0.907406,90,51,59,44,6,0,0,0,209,114,111,69
2026/02/04/17:01:40,3991.897918,0.961812,0.875745,1.009656,0.907406,90,51,59,44,6,0,0,0,209,114,111,69
2026/02/04/17:01:41,3992.898586,0.961812,0.875745,1.009656,0.907406,90,51,59,44,6,0,0,0,209,114,111,69
2026/02/04/17:01:42,3993.899136,0.961812,0.875745,1.009656,0.907406,90,51,59,44,6,0,0,0,209,114,111,69
2026/02/04/17:01:43,3994.899734,0.961812,0.875745,1.009656,0.907406,90,51,59,44,6,0,0,0,209,114,111,69
2026/02/04/17:01:44,3995.900407,0.961812,0.875745,1.009656,0.907406,90,51,59,44,6,0,0,0,209,114,111,69
2026/02/04/17:01:45,3996.900904,0.961812,0.875745,1.009656,0.907406,90,51,59,44,6,0,0,0,209,114,111,69
2026/02/04/17:01:46,3997.901426,0.961812,0.875745,1.009656,0.907406,90,51,59,44,6,0,0,0,209,114,111,69
2026/02/04/17:01:47,3998.901895,0.961812,0.875745,1.009656,0.907406,90,51,59,44,6,0,0,0,209,114,111,69
2026/02/04/17:01:48,3999.902381,0.961812,0.875745,1.009656,0.907406,90,51,59,44,6,0,0,0,209,114,111,69
2026/02/04/17:01:49,4000.902891,0.961812,0.875745,1.009656,0.907406,90,51,59,44,6,0,0,0,209,114,111,69
2026/02/04/17:01:50,4001.904782,0.961812,0.875745,1.009656,0.907406,90,51,59,44,6,0,0,0,209,114,111,69
2026/02/04/17:01:51,4002.905467,0.961812,0.875745,1.009656,0.907406,90,51,59,44,6,0,0,0,209,114,111,69
2026/02/04/17:01:52,4003.905537,0.961812,0.875745,1.009656,0.907406,90,51,59,44,6,0,0,0,209,114,111,69
2026/02/04/17:01:53,4004.905980,0.961812,0.875745,1.009656,0.907406,90,51,59,44,6,0,0,0,209,114,111,69
2026/02/04/17:01:55,4006.403593,0.961812,0.875745,1.009656,0.907406,90,51,59,44,6,0,0,0,209,114,111,69
2026/02/04/17:01:59,4010.599265,0.961812,0.875745,1.009656,0.907406,90,51,59,44,6,0,0,0,209,114,111,69
2026/02/04/17:02:03,4014.994140,0.961812,0.875745,1.009656,0.907406,90,51,59,44,6,0,0,0,209,114,111,69
2026/02/04/17:02:06,4017.596635,0.957313,0.870550,1.005156,0.902212,90,49,59,44,6,0,0,0,209,116,111,69
2026/02/04/17:02:07,4018.922233,0.957313,0.870550,1.005156,0.902212,90,49,59,44,6,0,0,0,209,116,111,69
2026/02/04/17:02:08,4019.922758,0.957313,0.870550,1.005156,0.902212,90,49,59,44,6,0,0,0,209,116,111,69
2026/02/04/17:02:09,4020.923281,0.957313,0.870550,1.005156,0.902212,90,49,59,44,6,0,0,0,209,116,111,69
2026/02/04/17:02:10,4021.923760,0.957313,0.870550,1.005156,0.902212,90,49,59,44,6,0,0,0,209,116,111,69
2026/02/04/17:02:11,4022.924348,0.957313,0.870550,1.005156,0.902212,90,49,59,44,6,0,0,0,209,116,111,69
2026/02/04/17:02:12,4023.926131,0.957313,0.870550,1.005156,0.902212,90,49,59,44,6,0,0,0,209,116,111,69
2026/02/04/17:02:13,4024.926634,0.957313,0.870550,1.005156,0.902212,90,49,59,44,6,0,0,0,209,116,111,69
2026/02/04/17:02:14,4025.927258,0.957313,0.870550,1.005156,0.902212,90,49,59,44,6,0,0,0,209,116,111,69
2026/02/04/17:02:15,4026.927734,0.957313,0.870550,1.005156,0.902212,90,49,59,44,6,0,0,0,209,116,111,69
2026/02/04/17:02:16,4027.928285,0.957313,0.870550,1.005156,0.902212,90,49,59,44,6,0,0,0,209,116,111,69
2026/02/04/17:02:17,4028.928962,0.957313,0.870550,1.005156,0.902212,90,49,59,44,6,0,0,0,209,116,111,69
2026/02/04/17:02:18,4029.929598,0.957313,0.870550,1.005156,0.902212,90,49,59,44,6,0,0,0,209,116,111,69
2026/02/04/17:02:19,4030.930027,0.957313,0.870550,1.005156,0.902212,90,49,59,44,6,0,0,0,209,116,111,69
2026/02/04/17:02:20,4031.930561,0.974313,0.865549,1.043313,0.909234,86,52,59,44,10,0,0,0,216,116,111,69
2026/02/04/17:02:21,4032.931028,0.972344,0.864141,1.046875,0.919858,85,52,61,44,11,0,0,0,218,116,111,69
2026/02/04/17:02:22,4033.931425,0.972344,0.864141,1.046875,0.919858,85,52,61,44,11,0,0,0,218,116,111,69
2026/02/04/17:02:23,4034.931928,0.972344,0.864141,1.046875,0.919858,85,52,61,44,11,0,0,0,218,116,111,69
2026/02/04/17:02:24,4035.932448,0.972344,0.864141,1.046875,0.919858,85,52,61,44,11,0,0,0,218,116,111,69
2026/02/04/17:02:25,4036.933007,0.972344,0.864141,1.046875,0.919858,85,52,61,44,11,0,0,0,218,116,111,69
2026/02/04/17:02:26,4037.933669,0.972344,0.864141,1.046875,0.919858,85,52,61,44,11,0,0,0,218,116,111,69
2026/02/04/17:02:27,4038.934146,0.972344,0.864141,1.046875,0.919858,85,52,61,44,11,0,0,0,218,116,111,69
2026/02/04/17:02:28,4039.934769,0.964344,0.870929,1.008719,0.912836,90,49,61,44,6,0,0,0,218,119,111,69
2026/02/04/17:02:29,4040.935461,0.964344,0.870929,1.008719,0.912836,90,49,61,44,6,0,0,0,218,119,111,69
2026/02/04/17:02:30,4041.935949,0.964344,0.870929,1.008719,0.912836,90,49,61,44,6,0,0,0,218,119,111,69
2026/02/04/17:02:31,4042.936554,0.964344,0.870929,1.008719,0.912836,90,49,61,44,6,0,0,0,218,119,111,69
2026/02/04/17:02:32,4043.937108,0.964344,0.870929,1.008719,0.912836,90,49,61,44,6,0,0,0,218,119,111,69
2026/02/04/17:02:33,4044.937760,0.964344,0.870929,1.008719,0.912836,90,49,61,44,6,0,0,0,218,119,111,69
2026/02/04/17:02:34,4045.938250,0.966906,0.872936,1.011281,0.914843,90,50,61,44,6,0,0,0,218,119,111,69
2026/02/04/17:02:35,4046.938658,0.964812,0.876566,1.021469,0.926273,88,50,63,45,8,0,0,0,220,119,111,69
2026/02/04/17:02:36,4047.939131,0.964812,0.876566,1.021469,0.926273,88,50,63,45,8,0,0,0,220,119,111,69
2026/02/04/17:02:37,4048.939620,0.964812,0.876566,1.021469,0.926273,88,50,63,45,8,0,0,0,220,119,111,69
2026/02/04/17:02:38,4049.940185,0.964812,0.876566,1.021469,0.926273,88,50,63,45,8,0,0,0,220,119,111,69
2026/02/04/17:02:39,4050.940790,0.963469,0.872910,1.016656,0.916433,89,50,61,45,7,0,0,0,220,119,113,69
2026/02/04/17:02:40,4051.941308,0.963469,0.872910,1.016656,0.916433,89,50,61,45,7,0,0,0,220,119,113,69
2026/02/04/17:02:41,4052.941909,0.963469,0.872910,1.016656,0.916433,89,50,61,45,7,0,0,0,220,119,113,69
2026/02/04/17:02:42,4053.942563,0.963469,0.872910,1.016656,0.916433,89,50,61,45,7,0,0,0,220,119,113,69
2026/02/04/17:02:43,4054.943082,0.963469,0.872910,1.016656,0.916433,89,50,61,45,7,0,0,0,220,119,113,69
2026/02/04/17:02:44,4055.943629,0.963469,0.872910,1.016656,0.916433,89,50,61,45,7,0,0,0,220,119,113,69
2026/02/04/17:02:45,4056.944114,0.963469,0.872910,1.016656,0.916433,89,50,61,45,7,0,0,0,220,119,113,69
2026/02/04/17:02:46,4057.944630,0.963469,0.872910,1.016656,0.916433,89,50,61,45,7,0,0,0,220,119,113,69
2026/02/04/17:02:47,4058.945167,0.963469,0.872910,1.016656,0.916433,89,50,61,45,7,0,0,0,220,119,113,69
2026/02/04/17:02:48,4059.945642,0.963469,0.872910,1.016656,0.916433,89,50,61,45,7,0,0,0,220,119,113,69
2026/02/04/17:02:49,4060.946198,0.963469,0.872910,1.016656,0.916433,89,50,61,45,7,0,0,0,220,119,113,69
2026/02/04/17:02:50,4061.947402,0.963469,0.872910,1.016656,0.916433,89,50,61,45,7,0,0,0,220,119,113,69
2026/02/04/17:02:51,4062.947881,0.963469,0.872910,1.016656,0.916433,89,50,61,45,7,0,0,0,220,119,113,69
2026/02/04/17:02:52,4063.948446,0.963469,0.872910,1.016656,0.916433,89,50,61,45,7,0,0,0,220,119,113,69
2026/02/04/17:02:53,4064.948986,0.963469,0.872910,1.016656,0.916433,89,50,61,45,7,0,0,0,220,119,113,69
2026/02/04/17:02:54,4065.949646,0.963469,0.872910,1.016656,0.916433,89,50,61,45,7,0,0,0,220,119,113,69
2026/02/04/17:02:55,4066.950139,0.963625,0.872979,0.998656,0.912859,89,50,61,45,5,0,0,0,221,119,113,69
2026/02/04/17:02:56,4067.950615,0.963625,0.872979,0.998656,0.912859,89,50,61,45,5,0,0,0,221,119,113,69
2026/02/04/17:02:57,4068.951143,0.963625,0.872979,0.998656,0.912859,89,50,61,45,5,0,0,0,221,119,113,69
2026/02/04/17:02:58,4069.951792,0.963625,0.872979,0.998656,0.912859,89,50,61,45,5,0,0,0,221,119,113,69
2026/02/04/17:02:59,4070.952294,0.961187,0.868314,0.996219,0.908194,88,50,61,45,5,0,0,0,222,119,113,69
2026/02/04/17:03:00,4071.952820,0.961187,0.868314,0.996219,0.908194,88,50,61,45,5,0,0,0,222,119,113,69
2026/02/04/17:03:01,4072.953298,0.961187,0.868314,0.996219,0.908194,88,50,61,45,5,0,0,0,222,119,113,69
2026/02/04/17:03:02,4073.953795,0.961187,0.868314,0.996219,0.908194,88,50,61,45,5,0,0,0,222,119,113,69
2026/02/04/17:03:03,4074.954336,0.961187,0.868314,0.987406,0.906578,88,50,61,45,4,0,0,0,222,119,113,69
2026/02/04/17:03:04,4075.954921,0.961187,0.868314,0.987406,0.906578,88,50,61,45,4,0,0,0,222,119,113,69
2026/02/04/17:03:05,4076.955531,0.961187,0.868314,0.987406,0.906578,88,50,61,45,4,0,0,0,222,119,113,69
2026/02/04/17:03:06,4077.956132,0.961187,0.868314,0.987406,0.906578,88,50,61,45,4,0,0,0,222,119,113,69
2026/02/04/17:03:07,4078.956702,0.961187,0.868314,0.987406,0.906578,88,50,61,45,4,0,0,0,222,119,113,69
2026/02/04/17:03:08,4079.957175,0.961187,0.868314,0.987406,0.906578,88,50,61,45,4,0,0,0,222,119,113,69
2026/02/04/17:03:09,4080.957756,0.961187,0.868314,0.987406,0.906578,88,50,61,45,4,0,0,0,222,119,113,69
2026/02/04/17:03:10,4081.958349,0.957625,0.857690,0.983844,0.895954,88,50,59,45,4,0,0,0,222,119,115,69
2026/02/04/17:03:11,4082.958896,0.957625,0.857690,0.983844,0.895954,88,50,59,45,4,0,0,0,222,119,115,69
2026/02/04/17:03:12,4083.959395,0.957625,0.857690,0.983844,0.895954,88,50,59,45,4,0,0,0,222,119,115,69
2026/02/04/17:03:13,4084.960020,0.957625,0.857690,0.983844,0.895954,88,50,59,45,4,0,0,0,222,119,115,69
2026/02/04/17:03:14,4085.960928,0.957625,0.857690,0.983844,0.895954,88,50,59,45,4,0,0,0,222,119,115,69
2026/02/04/17:03:15,4086.961415,0.957625,0.857690,0.983844,0.895954,88,50,59,45,4,0,0,0,222,119,115,69
2026/02/04/17:03:16,4087.961943,0.957625,0.857690,0.983844,0.895954,88,50,59,45,4,0,0,0,222,119,115,69
2026/02/04/17:03:17,4088.962533,0.957625,0.857690,0.983844,0.895954,88,50,59,45,4,0,0,0,222,119,115,69
2026/02/04/17:03:18,4089.963308,0.957625,0.857690,0.983844,0.895954,88,50,59,45,4,0,0,0,222,119,115,69
2026/02/04/17:03:19,4090.963853,0.955531,0.867793,0.966594,0.891858,90,50,59,43,2,0,0,0,222,119,115,71
2026/02/04/17:03:20,4091.964370,0.955531,0.867793,0.966594,0.891858,90,50,59,43,2,0,0,0,222,119,115,71
2026/02/04/17:03:21,4092.965049,0.955531,0.867793,0.966594,0.891858,90,50,59,43,2,0,0,0,222,119,115,71
2026/02/04/17:03:22,4093.965431,0.955531,0.867793,0.966594,0.891858,90,50,59,43,2,0,0,0,222,119,115,71
2026/02/04/17:03:23,4094.966178,0.955531,0.867793,0.966594,0.891858,90,50,59,43,2,0,0,0,222,119,115,71
2026/02/04/17:03:24,4095.966707,0.955531,0.867793,0.966594,0.891858,90,50,59,43,2,0,0,0,222,119,115,71
2026/02/04/17:03:25,4096.967409,0.955531,0.867793,0.966594,0.891858,90,50,59,43,2,0,0,0,222,119,115,71
2026/02/04/17:03:26,4097.967903,0.955531,0.867793,0.966594,0.891858,90,50,59,43,2,0,0,0,222,119,115,71
2026/02/04/17:03:27,4098.968400,0.955531,0.867793,0.966594,0.891858,90,50,59,43,2,0,0,0,222,119,115,71
2026/02/04/17:03:28,4099.969012,0.955531,0.867793,0.966594,0.891858,90,50,59,43,2,0,0,0,222,119,115,71
2026/02/04/17:03:29,4100.969516,0.955531,0.867793,0.966594,0.891858,90,50,59,43,2,0,0,0,222,119,115,71
2026/02/04/17:03:30,4101.970108,0.955531,0.867793,0.966594,0.891858,90,50,59,43,2,0,0,0,222,119,115,71
2026/02/04/17:03:31,4102.970779,0.955531,0.867793,0.966594,0.891858,90,50,59,43,2,0,0,0,222,119,115,71
2026/02/04/17:03:32,4103.971388,0.955531,0.867793,0.966594,0.891858,90,50,59,43,2,0,0,0,222,119,115,71
2026/02/04/17:03:33,4104.972036,0.955531,0.867793,0.966594,0.891858,90,50,59,43,2,0,0,0,222,119,115,71
2026/02/04/17:03:34,4105.972569,0.955531,0.867793,0.966594,0.891858,90,50,59,43,2,0,0,0,222,119,115,71
2026/02/04/17:03:35,4106.973099,0.955531,0.867793,0.966594,0.891858,90,50,59,43,2,0,0,0,222,119,115,71
2026/02/04/17:03:36,4107.973611,0.955531,0.867793,0.966594,0.891858,90,50,59,43,2,0,0,0,222,119,115,71
2026/02/04/17:03:37,4108.974091,0.955531,0.867793,0.966594,0.891858,90,50,59,43,2,0,0,0,222,119,115,71
2026/02/04/17:03:38,4109.974678,0.955531,0.867793,0.966594,0.891858,90,50,59,43,2,0,0,0,222,119,115,71
2026/02/04/17:03:39,4110.975238,0.955531,0.867793,0.966594,0.891858,90,50,59,43,2,0,0,0,222,119,115,71
2026/02/04/17:03:40,4111.975828,0.955531,0.867793,0.966594,0.891858,90,50,59,43,2,0,0,0,222,119,115,71
2026/02/04/17:03:41,4112.976224,0.955531,0.867793,0.966594,0.891858,90,50,59,43,2,0,0,0,222,119,115,71
2026/02/04/17:03:42,4113.976611,0.959219,0.874217,1.003719,0.920239,85,51,59,47,6,1,0,0,227,119,115,71
2026/02/04/17:03:43,4114.977060,0.962969,0.876911,1.007187,0.926422,85,52,59,47,7,0,0,0,227,119,115,71
2026/02/04/17:03:44,4115.977486,0.962969,0.876911,1.007187,0.926422,85,52,59,47,7,0,0,0,227,119,115,71
2026/02/04/17:03:45,4116.977950,0.962969,0.876911,1.007187,0.926422,85,52,59,47,7,0,0,0,227,119,115,71
2026/02/04/17:03:46,4118.044280,0.962969,0.876911,1.007187,0.926422,85,52,59,47,7,0,0,0,227,119,115,71
2026/02/04/17:03:47,4119.044868,0.960688,0.891125,0.999687,0.921034,85,50,59,47,7,0,0,0,230,121,115,71
2026/02/04/17:03:48,4120.045334,0.960688,0.891125,0.999687,0.921034,85,50,59,47,7,0,0,0,230,121,115,71
2026/02/04/17:03:49,4121.045852,0.960688,0.891125,0.999687,0.921034,85,50,59,47,7,0,0,0,230,121,115,71
2026/02/04/17:03:50,4122.046555,0.960688,0.891125,0.999687,0.921034,85,50,59,47,7,0,0,0,230,121,115,71
2026/02/04/17:03:51,4123.047045,0.967781,0.896233,0.999687,0.921034,87,50,59,47,5,0,0,0,230,121,115,71
2026/02/04/17:03:52,4124.047496,0.967781,0.896233,0.999687,0.921034,87,50,59,47,5,0,0,0,230,121,115,71
2026/02/04/17:03:53,4125.048065,0.967781,0.896233,0.999687,0.921034,87,50,59,47,5,0,0,0,230,121,115,71
2026/02/04/17:03:54,4126.048534,0.967781,0.896233,0.999687,0.921034,87,50,59,47,5,0,0,0,230,121,115,71
2026/02/04/17:03:55,4127.049023,0.967781,0.896233,0.999687,0.921034,87,50,59,47,5,0,0,0,230,121,115,71
2026/02/04/17:03:56,4128.049481,0.967781,0.896233,0.999687,0.921034,87,50,59,47,5,0,0,0,230,121,115,71
2026/02/04/17:03:57,4129.049978,0.967781,0.896233,0.999687,0.921034,87,50,59,47,5,0,0,0,230,121,115,71
2026/02/04/17:03:58,4130.050537,0.967781,0.896233,0.999687,0.921034,87,50,59,47,5,0,0,0,230,121,115,71
2026/02/04/17:03:59,4131.051100,0.967781,0.896233,0.999687,0.921034,87,50,59,47,5,0,0,0,230,121,115,71
2026/02/04/17:04:00,4132.051674,0.967781,0.896233,0.999687,0.921034,87,50,59,47,5,0,0,0,230,121,115,71
2026/02/04/17:04:01,4133.052336,0.967781,0.896233,0.999687,0.921034,87,50,59,47,5,0,0,0,230,121,115,71
2026/02/04/17:04:02,4134.052864,0.967781,0.896233,0.999687,0.921034,87,50,59,47,5,0,0,0,230,121,115,71
2026/02/04/17:04:03,4135.053443,0.967781,0.896233,0.999687,0.921034,87,50,59,47,5,0,0,0,230,121,115,71
2026/02/04/17:04:04,4136.054002,0.967781,0.896233,0.999687,0.921034,87,50,59,47,5,0,0,0,230,121,115,71
2026/02/04/17:04:05,4137.054543,0.967781,0.896233,0.999687,0.921034,87,50,59,47,5,0,0,0,230,121,115,71
2026/02/04/17:04:06,4138.055099,0.967781,0.896233,0.999687,0.921034,87,50,59,47,5,0,0,0,230,121,115,71
2026/02/04/17:04:07,4139.055697,0.967781,0.896233,0.999687,0.921034,87,50,59,47,5,0,0,0,230,121,115,71
2026/02/04/17:04:08,4140.056163,0.967781,0.896233,0.999687,0.921034,87,50,59,47,5,0,0,0,230,121,115,71
2026/02/04/17:04:09,4141.056718,0.967781,0.896233,0.999687,0.921034,87,50,59,47,5,0,0,0,230,121,115,71
2026/02/04/17:04:10,4142.057388,0.967781,0.896233,0.999687,0.921034,87,50,59,47,5,0,0,0,230,121,115,71
2026/02/04/17:04:11,4143.057965,0.967781,0.896233,0.999687,0.921034,87,50,59,47,5,0,0,0,230,121,115,71
2026/02/04/17:04:12,4144.058619,0.967781,0.896233,0.999687,0.921034,87,50,59,47,5,0,0,0,230,121,115,71
2026/02/04/17:04:13,4145.059118,0.967781,0.896233,0.999687,0.921034,87,50,59,47,5,0,0,0,230,121,115,71
2026/02/04/17:04:14,4146.059487,0.967781,0.896233,0.999687,0.921034,87,50,59,47,5,0,0,0,230,121,115,71
2026/02/04/17:04:15,4147.060105,0.967781,0.896233,0.999687,0.921034,87,50,59,47,5,0,0,0,230,121,115,71
2026/02/04/17:04:16,4148.060488,0.967781,0.896233,0.999687,0.921034,87,50,59,47,5,0,0,0,230,121,115,71
2026/02/04/17:04:18,4149.129501,0.967781,0.896233,0.999687,0.921034,87,50,59,47,5,0,0,0,230,121,115,71
2026/02/04/17:04:23,4154.401172,0.967781,0.896233,0.999687,0.921034,87,50,59,47,5,0,0,0,230,121,115,71
2026/02/04/17:04:27,4158.724855,0.967781,0.896233,0.999687,0.921034,87,50,59,47,5,0,0,0,230,121,115,71
2026/02/04/17:04:29,4160.922742,0.967781,0.896233,0.999687,0.921034,87,50,59,47,5,0,0,0,230,121,115,71
2026/02/04/17:04:31,4162.828223,0.967906,0.898257,0.996344,0.916875,88,50,58,47,4,0,0,0,230,121,116,71
2026/02/04/17:04:32,4163.828709,0.967906,0.898257,0.996344,0.916875,88,50,58,47,4,0,0,0,230,121,116,71
2026/02/04/17:04:33,4164.829192,0.967906,0.898257,0.996344,0.916875,88,50,58,47,4,0,0,0,230,121,116,71
2026/02/04/17:04:34,4165.829583,0.967906,0.898257,0.996344,0.916875,88,50,58,47,4,0,0,0,230,121,116,71
2026/02/04/17:04:35,4166.830128,0.967906,0.898257,0.996344,0.916875,88,50,58,47,4,0,0,0,230,121,116,71
2026/02/04/17:04:36,4167.830717,0.967906,0.898257,0.996344,0.916875,88,50,58,47,4,0,0,0,230,121,116,71
2026/02/04/17:04:37,4168.831328,0.967906,0.898257,0.996344,0.916875,88,50,58,47,4,0,0,0,230,121,116,71
2026/02/04/17:04:38,4169.831922,0.967906,0.898257,0.996344,0.916875,88,50,58,47,4,0,0,0,230,121,116,71
2026/02/04/17:04:39,4170.832386,0.967906,0.898257,0.996344,0.916875,88,50,58,47,4,0,0,0,230,121,116,71
2026/02/04/17:04:40,4171.832908,0.967906,0.898257,0.996344,0.916875,88,50,58,47,4,0,0,0,230,121,116,71
2026/02/04/17:04:41,4172.833480,0.967906,0.898257,0.996344,0.916875,88,50,58,47,4,0,0,0,230,121,116,71
2026/02/04/17:04:42,4173.833888,0.967906,0.898257,0.996344,0.916875,88,50,58,47,4,0,0,0,230,121,116,71
2026/02/04/17:04:43,4174.834457,0.967906,0.898257,0.996344,0.916875,88,50,58,47,4,0,0,0,230,121,116,71
2026/02/04/17:04:44,4175.835140,0.967906,0.898257,0.996344,0.916875,88,50,58,47,4,0,0,0,230,121,116,71
2026/02/04/17:04:45,4176.835616,0.967906,0.898257,0.996344,0.916875,88,50,58,47,4,0,0,0,230,121,116,71
2026/02/04/17:04:46,4177.836162,0.967906,0.898257,0.996344,0.916875,88,50,58,47,4,0,0,0,230,121,116,71
2026/02/04/17:04:47,4178.836709,0.967906,0.898257,0.996344,0.916875,88,50,58,47,4,0,0,0,230,121,116,71
2026/02/04/17:04:48,4179.837245,0.967906,0.898257,0.996344,0.916875,88,50,58,47,4,0,0,0,230,121,116,71
2026/02/04/17:04:49,4180.837843,0.967906,0.898257,0.996344,0.916875,88,50,58,47,4,0,0,0,230,121,116,71
2026/02/04/17:04:50,4181.838466,0.967906,0.898257,0.996344,0.916875,88,50,58,47,4,0,0,0,230,121,116,71
2026/02/04/17:04:51,4182.839026,0.967906,0.898257,0.996344,0.916875,88,50,58,47,4,0,0,0,230,121,116,71
2026/02/04/17:04:52,4183.839576,0.967906,0.898257,0.996344,0.916875,88,50,58,47,4,0,0,0,230,121,116,71
2026/02/04/17:04:53,4184.840147,0.967906,0.898257,0.996344,0.916875,88,50,58,47,4,0,0,0,230,121,116,71
2026/02/04/17:04:54,4185.840667,0.967906,0.898257,0.996344,0.916875,88,50,58,47,4,0,0,0,230,121,116,71
2026/02/04/17:04:55,4186.841156,0.967906,0.898257,0.996344,0.916875,88,50,58,47,4,0,0,0,230,121,116,71
2026/02/04/17:04:56,4187.841750,0.967906,0.898257,0.996344,0.916875,88,50,58,47,4,0,0,0,230,121,116,71
2026/02/04/17:04:57,4188.842388,0.967906,0.898257,0.996344,0.916875,88,50,58,47,4,0,0,0,230,121,116,71
2026/02/04/17:04:58,4189.842865,0.967906,0.898257,0.996344,0.916875,88,50,58,47,4,0,0,0,230,121,116,71
2026/02/04/17:04:59,4190.843451,0.967906,0.898257,0.996344,0.916875,88,50,58,47,4,0,0,0,230,121,116,71
2026/02/04/17:05:00,4191.844020,0.967906,0.898257,0.996344,0.916875,88,50,58,47,4,0,0,0,230,121,116,71
2026/02/04/17:05:01,4192.844602,0.967906,0.898257,0.996344,0.916875,88,50,58,47,4,0,0,0,230,121,116,71
2026/02/04/17:05:02,4193.856837,0.967906,0.898257,0.996344,0.916875,88,50,58,47,4,0,0,0,230,121,116,71
2026/02/04/17:05:03,4194.857356,0.967906,0.898257,0.996344,0.916875,88,50,58,47,4,0,0,0,230,121,116,71
2026/02/04/17:05:04,4195.857863,0.967906,0.898257,0.996344,0.916875,88,50,58,47,4,0,0,0,230,121,116,71
2026/02/04/17:05:05,4196.858279,0.967906,0.898257,0.996344,0.916875,88,50,58,47,4,0,0,0,230,121,116,71
2026/02/04/17:05:10,4201.201928,0.967906,0.898257,0.996344,0.916875,88,50,58,47,4,0,0,0,230,121,116,71
2026/02/04/17:05:14,4206.092809,0.967906,0.898257,0.996344,0.916875,88,50,58,47,4,0,0,0,230,121,116,71
2026/02/04/17:05:16,4207.247939,0.967906,0.898257,1.009375,0.936973,88,50,58,47,7,0,0,0,230,121,116,71
2026/02/04/17:05:17,4208.996307,0.972031,0.900820,1.009375,0.936973,89,50,58,47,6,0,0,0,231,121,116,71
2026/02/04/17:05:18,4209.996784,0.971281,0.910904,1.027219,0.972045,83,50,63,47,10,0,0,0,238,121,116,71
2026/02/04/17:05:19,4210.997397,0.972938,0.912486,1.033375,0.975191,84,50,63,47,11,0,0,0,238,121,116,71
2026/02/04/17:05:20,4211.997923,0.959313,0.897456,1.009469,0.948060,87,50,63,44,8,0,0,0,238,121,116,74
2026/02/04/17:05:21,4212.998390,0.955500,0.883087,1.005656,0.933692,87,50,61,44,8,0,0,0,238,121,118,74
2026/02/04/17:05:22,4213.998934,0.953250,0.881494,0.990375,0.912000,87,50,60,44,5,0,0,0,238,121,119,74
2026/02/04/17:05:23,4214.999516,0.953250,0.881494,0.990375,0.912000,87,50,60,44,5,0,0,0,238,121,119,74
2026/02/04/17:05:24,4215.999939,0.953250,0.881494,0.990375,0.912000,87,50,60,44,5,0,0,0,238,121,119,74
2026/02/04/17:05:25,4217.000444,0.953250,0.881494,0.990375,0.912000,87,50,60,44,5,0,0,0,238,121,119,74
2026/02/04/17:05:26,4218.001012,0.953250,0.881494,0.990375,0.912000,87,50,60,44,5,0,0,0,238,121,119,74
2026/02/04/17:05:27,4219.001550,0.953250,0.881494,0.990375,0.912000,87,50,60,44,5,0,0,0,238,121,119,74
2026/02/04/17:05:28,4220.002104,0.953250,0.881494,0.990375,0.912000,87,50,60,44,5,0,0,0,238,121,119,74
2026/02/04/17:05:29,4221.002676,0.953250,0.881494,0.990375,0.912000,87,50,60,44,5,0,0,0,238,121,119,74
2026/02/04/17:05:30,4222.003201,0.953250,0.881494,0.990375,0.912000,87,50,60,44,5,0,0,0,238,121,119,74
2026/02/04/17:05:31,4223.003803,0.953250,0.881494,0.990375,0.912000,87,50,60,44,5,0,0,0,238,121,119,74
2026/02/04/17:05:32,4224.004371,0.953250,0.881494,0.990375,0.912000,87,50,60,44,5,0,0,0,238,121,119,74
2026/02/04/17:05:33,4225.005059,0.953250,0.881494,0.990375,0.912000,87,50,60,44,5,0,0,0,238,121,119,74
2026/02/04/17:05:34,4226.005693,0.953250,0.881494,0.990375,0.912000,87,50,60,44,5,0,0,0,238,121,119,74
2026/02/04/17:05:35,4227.006195,0.953250,0.881494,0.990375,0.912000,87,50,60,44,5,0,0,0,238,121,119,74
2026/02/04/17:05:36,4228.006838,0.953250,0.881494,0.990375,0.912000,87,50,60,44,5,0,0,0,238,121,119,74
2026/02/04/17:05:37,4229.007506,0.953250,0.881494,0.990375,0.912000,87,50,60,44,5,0,0,0,238,121,119,74
2026/02/04/17:05:38,4230.008026,0.953250,0.881494,0.990375,0.912000,87,50,60,44,5,0,0,0,238,121,119,74
2026/02/04/17:05:39,4231.008552,0.953250,0.881494,0.990375,0.912000,87,50,60,44,5,0,0,0,238,121,119,74
2026/02/04/17:05:40,4232.009180,0.953250,0.881494,0.990375,0.912000,87,50,60,44,5,0,0,0,238,121,119,74
2026/02/04/17:05:41,4233.009738,0.953250,0.881494,0.990375,0.912000,87,50,60,44,5,0,0,0,238,121,119,74
2026/02/04/17:05:42,4234.017197,0.953250,0.881494,0.990375,0.912000,87,50,60,44,5,0,0,0,238,121,119,74
2026/02/04/17:05:43,4235.017712,0.953250,0.881494,0.990375,0.912000,87,50,60,44,5,0,0,0,238,121,119,74
2026/02/04/17:05:44,4236.018221,0.953250,0.881494,0.990375,0.912000,87,50,60,44,5,0,0,0,238,121,119,74
2026/02/04/17:05:45,4237.018918,0.953250,0.881494,0.990375,0.912000,87,50,60,44,5,0,0,0,238,121,119,74
2026/02/04/17:05:46,4238.019532,0.953250,0.881494,0.990375,0.912000,87,50,60,44,5,0,0,0,238,121,119,74
2026/02/04/17:05:47,4239.020206,0.953250,0.881494,0.990375,0.912000,87,50,60,44,5,0,0,0,238,121,119,74
2026/02/04/17:05:48,4240.020860,0.953250,0.881494,0.990375,0.912000,87,50,60,44,5,0,0,0,238,121,119,74
2026/02/04/17:05:49,4241.021526,0.953250,0.881494,0.990375,0.912000,87,50,60,44,5,0,0,0,238,121,119,74
2026/02/04/17:05:50,4242.052441,0.953250,0.881494,0.990375,0.912000,87,50,60,44,5,0,0,0,238,121,119,74
2026/02/04/17:05:51,4243.052990,0.953250,0.881494,0.990375,0.912000,87,50,60,44,5,0,0,0,238,121,119,74
2026/02/04/17:05:52,4244.053311,0.953250,0.881494,0.990375,0.912000,87,50,60,44,5,0,0,0,238,121,119,74
2026/02/04/17:05:53,4245.054556,0.953250,0.881494,0.990375,0.912000,87,50,60,44,5,0,0,0,238,121,119,74
2026/02/04/17:05:59,4250.702057,0.953250,0.881494,0.990375,0.912000,87,50,60,44,5,0,0,0,238,121,119,74
2026/02/04/17:06:03,4254.923908,0.953250,0.881494,0.990375,0.912000,87,50,60,44,5,0,0,0,238,121,119,74
2026/02/04/17:06:05,4256.716330,0.953250,0.881494,0.990375,0.912000,87,50,60,44,5,0,0,0,238,121,119,74
2026/02/04/17:06:06,4257.716963,0.975219,0.897801,0.990375,0.912000,90,50,60,44,2,0,0,0,241,121,119,74
2026/02/04/17:06:07,4258.717505,0.975219,0.897801,0.990375,0.912000,90,50,60,44,2,0,0,0,241,121,119,74
2026/02/04/17:06:08,4259.718338,0.975219,0.897801,0.990375,0.912000,90,50,60,44,2,0,0,0,241,121,119,74
2026/02/04/17:06:09,4260.718971,0.975219,0.897801,0.990375,0.912000,90,50,60,44,2,0,0,0,241,121,119,74
2026/02/04/17:06:10,4261.719476,0.975219,0.897801,0.990375,0.912000,90,50,60,44,2,0,0,0,241,121,119,74
2026/02/04/17:06:11,4262.719959,0.975219,0.897801,0.990375,0.912000,90,50,60,44,2,0,0,0,241,121,119,74
2026/02/04/17:06:12,4263.720508,0.975219,0.897801,0.990375,0.912000,90,50,60,44,2,0,0,0,241,121,119,74
2026/02/04/17:06:13,4264.721015,0.975219,0.897801,0.990375,0.912000,90,50,60,44,2,0,0,0,241,121,119,74
2026/02/04/17:06:14,4265.721579,0.975219,0.897801,0.990375,0.912000,90,50,60,44,2,0,0,0,241,121,119,74
2026/02/04/17:06:15,4266.722162,0.975219,0.897801,0.990375,0.912000,90,50,60,44,2,0,0,0,241,121,119,74
2026/02/04/17:06:16,4267.722753,0.975219,0.897801,0.990375,0.912000,90,50,60,44,2,0,0,0,241,121,119,74
2026/02/04/17:06:17,4268.723269,0.975219,0.897801,0.990375,0.912000,90,50,60,44,2,0,0,0,241,121,119,74
2026/02/04/17:06:18,4269.723807,0.975219,0.897801,0.990375,0.912000,90,50,60,44,2,0,0,0,241,121,119,74
2026/02/04/17:06:19,4270.724417,0.975219,0.897801,0.990375,0.912000,90,50,60,44,2,0,0,0,241,121,119,74
2026/02/04/17:06:20,4271.724979,0.975219,0.897801,0.990375,0.912000,90,50,60,44,2,0,0,0,241,121,119,74
2026/02/04/17:06:21,4272.725527,0.975219,0.897801,0.990375,0.912000,90,50,60,44,2,0,0,0,241,121,119,74
2026/02/04/17:06:22,4273.788193,0.975219,0.897801,0.990375,0.912000,90,50,60,44,2,0,0,0,241,121,119,74
2026/02/04/17:06:23,4274.788708,0.975219,0.897801,0.990375,0.912000,90,50,60,44,2,0,0,0,241,121,119,74
2026/02/04/17:06:24,4275.789201,0.975219,0.897801,0.990375,0.912000,90,50,60,44,2,0,0,0,241,121,119,74
2026/02/04/17:06:25,4276.789535,0.975219,0.897801,0.990375,0.912000,90,50,60,44,2,0,0,0,241,121,119,74
2026/02/04/17:06:27,4278.604668,0.975219,0.897801,0.990375,0.912000,90,50,60,44,2,0,0,0,241,121,119,74
2026/02/04/17:06:32,4283.210282,0.975219,0.897801,0.990375,0.912000,90,50,60,44,2,0,0,0,241,121,119,74
2026/02/04/17:06:35,4287.006474,0.975219,0.897801,0.990375,0.912000,90,50,60,44,2,0,0,0,241,121,119,74
2026/02/04/17:06:37,4289.002325,0.975219,0.897801,0.990375,0.912000,90,50,60,44,2,0,0,0,241,121,119,74
2026/02/04/17:06:39,4290.924207,0.975219,0.897801,0.990375,0.912000,90,50,60,44,2,0,0,0,241,121,119,74
2026/02/04/17:06:40,4291.924744,0.975219,0.897801,0.990375,0.912000,90,50,60,44,2,0,0,0,241,121,119,74
2026/02/04/17:06:41,4292.925210,0.975219,0.897801,0.990375,0.912000,90,50,60,44,2,0,0,0,241,121,119,74
2026/02/04/17:06:42,4293.925694,0.975219,0.897801,0.990375,0.912000,90,50,60,44,2,0,0,0,241,121,119,74
2026/02/04/17:06:43,4294.926295,0.975219,0.897801,0.990375,0.912000,90,50,60,44,2,0,0,0,241,121,119,74
2026/02/04/17:06:44,4295.926877,0.975219,0.897801,0.990375,0.912000,90,50,60,44,2,0,0,0,241,121,119,74
2026/02/04/17:06:45,4296.927455,0.975219,0.897801,0.990375,0.912000,90,50,60,44,2,0,0,0,241,121,119,74
2026/02/04/17:06:46,4297.928157,0.975219,0.897801,0.990375,0.912000,90,50,60,44,2,0,0,0,241,121,119,74
2026/02/04/17:06:47,4298.928876,0.975219,0.897801,0.990375,0.912000,90,50,60,44,2,0,0,0,241,121,119,74
2026/02/04/17:06:48,4299.929390,0.975219,0.897801,0.990375,0.912000,90,50,60,44,2,0,0,0,241,121,119,74
2026/02/04/17:06:49,4300.929975,0.975219,0.897801,0.990375,0.912000,90,50,60,44,2,0,0,0,241,121,119,74
2026/02/04/17:06:50,4301.930506,0.975219,0.897801,0.990375,0.912000,90,50,60,44,2,0,0,0,241,121,119,74
2026/02/04/17:06:51,4302.930997,0.975219,0.897801,0.990375,0.912000,90,50,60,44,2,0,0,0,241,121,119,74
2026/02/04/17:06:52,4303.931555,0.975219,0.897801,0.990375,0.912000,90,50,60,44,2,0,0,0,241,121,119,74
2026/02/04/17:06:53,4304.932060,0.975219,0.897801,0.990375,0.912000,90,50,60,44,2,0,0,0,241,121,119,74
2026/02/04/17:06:54,4305.980389,0.975219,0.897801,0.990375,0.912000,90,50,60,44,2,0,0,0,241,121,119,74
2026/02/04/17:06:55,4306.980769,0.975219,0.897801,0.990375,0.912000,90,50,60,44,2,0,0,0,241,121,119,74
2026/02/04/17:06:56,4307.988309,0.975219,0.897801,0.990375,0.912000,90,50,60,44,2,0,0,0,241,121,119,74
2026/02/04/17:06:57,4308.988866,0.975219,0.897801,0.990375,0.912000,90,50,60,44,2,0,0,0,241,121,119,74
2026/02/04/17:07:02,4313.903357,0.965125,0.896733,1.041187,0.971334,88,50,60,45,12,0,3,2,243,121,119,74
2026/02/04/17:07:06,4317.822468,0.960375,0.909066,0.999469,0.944640,89,50,61,47,6,0,0,0,245,121,121,74
2026/02/04/17:07:08,4319.405609,0.963187,0.895900,0.981531,0.922384,92,50,59,47,3,0,0,0,245,121,123,74
2026/02/04/17:07:09,4320.405940,0.963187,0.895900,0.981531,0.922384,92,50,59,47,3,0,0,0,245,121,123,74
2026/02/04/17:07:10,4321.406424,0.963187,0.895900,0.981531,0.922384,92,50,59,47,3,0,0,0,245,121,123,74
2026/02/04/17:07:11,4322.406960,0.963187,0.895900,0.981531,0.922384,92,50,59,47,3,0,0,0,245,121,123,74
2026/02/04/17:07:12,4323.407580,0.963187,0.895900,0.981531,0.922384,92,50,59,47,3,0,0,0,245,121,123,74
2026/02/04/17:07:13,4324.408104,0.963187,0.895900,0.981531,0.922384,92,50,59,47,3,0,0,0,245,121,123,74
2026/02/04/17:07:14,4325.408600,0.963187,0.895900,0.981531,0.922384,92,50,59,47,3,0,0,0,245,121,123,74
2026/02/04/17:07:15,4326.409138,0.963187,0.895900,0.981531,0.922384,92,50,59,47,3,0,0,0,245,121,123,74
2026/02/04/17:07:16,4327.409648,0.963187,0.895900,0.981531,0.922384,92,50,59,47,3,0,0,0,245,121,123,74
2026/02/04/17:07:17,4328.410152,0.953781,0.887934,0.964844,0.911998,90,50,59,47,2,0,0,0,248,121,123,74
2026/02/04/17:07:18,4329.410863,0.953781,0.887934,0.964844,0.911998,90,50,59,47,2,0,0,0,248,121,123,74
2026/02/04/17:07:19,4330.411286,0.953781,0.887934,0.964844,0.911998,90,50,59,47,2,0,0,0,248,121,123,74
2026/02/04/17:07:20,4331.411775,0.953781,0.887934,0.964844,0.911998,90,50,59,47,2,0,0,0,248,121,123,74
2026/02/04/17:07:21,4332.412263,0.953781,0.887934,0.964844,0.911998,90,50,59,47,2,0,0,0,248,121,123,74
2026/02/04/17:07:22,4333.412967,0.953781,0.887934,0.964844,0.911998,90,50,59,47,2,0,0,0,248,121,123,74
2026/02/04/17:07:23,4334.413571,0.953781,0.887934,0.964844,0.911998,90,50,59,47,2,0,0,0,248,121,123,74
2026/02/04/17:07:24,4335.414186,0.953781,0.887934,0.964844,0.911998,90,50,59,47,2,0,0,0,248,121,123,74
2026/02/04/17:07:25,4336.414693,0.953781,0.887934,0.964844,0.911998,90,50,59,47,2,0,0,0,248,121,123,74
2026/02/04/17:07:26,4337.415221,0.953781,0.887934,0.964844,0.911998,90,50,59,47,2,0,0,0,248,121,123,74
2026/02/04/17:07:27,4338.415741,0.948719,0.879189,0.959781,0.903253,90,50,59,44,2,0,0,0,248,121,123,77
2026/02/04/17:07:28,4339.416503,0.948719,0.879189,0.959781,0.903253,90,50,59,44,2,0,0,0,248,121,123,77
2026/02/04/17:07:29,4340.417019,0.948719,0.879189,0.959781,0.903253,90,50,59,44,2,0,0,0,248,121,123,77
2026/02/04/17:07:30,4341.417533,0.948719,0.879189,0.959781,0.903253,90,50,59,44,2,0,0,0,248,121,123,77
2026/02/04/17:07:31,4342.418109,0.948719,0.879189,0.959781,0.903253,90,50,59,44,2,0,0,0,248,121,123,77
2026/02/04/17:07:32,4343.418679,0.948719,0.879189,0.959781,0.903253,90,50,59,44,2,0,0,0,248,121,123,77
2026/02/04/17:07:33,4344.419291,0.948719,0.879189,0.959781,0.903253,90,50,59,44,2,0,0,0,248,121,123,77
2026/02/04/17:07:34,4345.419836,0.948719,0.879189,0.959781,0.903253,90,50,59,44,2,0,0,0,248,121,123,77
2026/02/04/17:07:35,4346.420339,0.948719,0.879189,0.959781,0.903253,90,50,59,44,2,0,0,0,248,121,123,77
2026/02/04/17:07:36,4347.420841,0.948719,0.879189,0.959781,0.903253,90,50,59,44,2,0,0,0,248,121,123,77
2026/02/04/17:07:37,4348.421419,0.948719,0.879189,0.959781,0.903253,90,50,59,44,2,0,0,0,248,121,123,77
2026/02/04/17:07:38,4349.422189,0.948719,0.879189,0.959781,0.903253,90,50,59,44,2,0,0,0,248,121,123,77
2026/02/04/17:07:39,4350.422998,0.943344,0.877599,0.954406,0.901663,90,50,59,43,2,0,0,0,248,121,123,78
2026/02/04/17:07:40,4351.423498,0.943344,0.877599,0.954406,0.901663,90,50,59,43,2,0,0,0,248,121,123,78
2026/02/04/17:07:41,4352.424215,0.943344,0.877599,0.954406,0.901663,90,50,59,43,2,0,0,0,248,121,123,78
2026/02/04/17:07:42,4353.424757,0.943344,0.877599,0.954406,0.901663,90,50,59,43,2,0,0,0,248,121,123,78
2026/02/04/17:07:43,4354.425058,0.943344,0.877599,0.954406,0.901663,90,50,59,43,2,0,0,0,248,121,123,78
2026/02/04/17:07:44,4355.425515,0.943344,0.877599,0.954406,0.901663,90,50,59,43,2,0,0,0,248,121,123,78
2026/02/04/17:07:45,4356.425869,0.943344,0.877599,0.954406,0.901663,90,50,59,43,2,0,0,0,248,121,123,78
2026/02/04/17:07:46,4357.488284,0.943344,0.877599,0.954406,0.901663,90,50,59,43,2,0,0,0,248,121,123,78
2026/02/04/17:07:48,4359.269942,0.943344,0.877599,0.954406,0.901663,90,50,59,43,2,0,0,0,248,121,123,78
2026/02/04/17:07:49,4360.270285,0.954406,0.901663,0.954406,0.901663,92,50,59,43,0,0,0,0,251,121,123,78
2026/02/04/17:07:50,4361.270880,0.954406,0.901663,0.954406,0.901663,92,50,59,43,0,0,0,0,251,121,123,78
2026/02/04/17:07:51,4362.271482,0.954406,0.901663,0.954406,0.901663,92,50,59,43,0,0,0,0,251,121,123,78
2026/02/04/17:07:52,4363.271995,0.954406,0.901663,0.954406,0.901663,92,50,59,43,0,0,0,0,251,121,123,78
2026/02/04/17:07:53,4364.272427,0.950625,0.895296,0.950625,0.895296,92,50,58,43,0,0,0,0,251,121,124,78
2026/02/04/17:07:54,4365.273021,0.943063,0.882560,0.943063,0.882560,92,50,56,43,0,0,0,0,251,121,126,78
2026/02/04/17:07:55,4366.273473,0.943063,0.882560,0.943063,0.882560,92,50,56,43,0,0,0,0,251,121,126,78
2026/02/04/17:07:56,4367.273959,0.943063,0.882560,0.943063,0.882560,92,50,56,43,0,0,0,0,251,121,126,78
2026/02/04/17:07:57,4368.274356,0.943063,0.882560,0.943063,0.882560,92,50,56,43,0,0,0,0,251,121,126,78
2026/02/04/17:07:58,4369.274880,0.943063,0.882560,0.943063,0.882560,92,50,56,43,0,0,0,0,251,121,126,78
2026/02/04/17:07:59,4370.275339,0.943063,0.882560,0.943063,0.882560,92,50,56,43,0,0,0,0,251,121,126,78
2026/02/04/17:08:00,4371.277405,0.943063,0.882560,0.943063,0.882560,92,50,56,43,0,0,0,0,251,121,126,78
2026/02/04/17:08:01,4372.278050,0.943063,0.882560,0.943063,0.882560,92,50,56,43,0,0,0,0,251,121,126,78
2026/02/04/17:08:02,4373.278644,0.943063,0.882560,0.943063,0.882560,92,50,56,43,0,0,0,0,251,121,126,78
2026/02/04/17:08:03,4374.279169,0.943063,0.882560,0.943063,0.882560,92,50,56,43,0,0,0,0,251,121,126,78
2026/02/04/17:08:04,4375.279643,0.943063,0.882560,0.943063,0.882560,92,50,56,43,0,0,0,0,251,121,126,78
2026/02/04/17:08:05,4376.280148,0.943063,0.882560,0.943063,0.882560,92,50,56,43,0,0,0,0,251,121,126,78
2026/02/04/17:08:06,4377.280665,0.943063,0.882560,0.943063,0.882560,92,50,56,43,0,0,0,0,251,121,126,78
2026/02/04/17:08:07,4378.281307,0.943063,0.882560,0.943063,0.882560,92,50,56,43,0,0,0,0,251,121,126,78
2026/02/04/17:08:08,4379.281811,0.943063,0.882560,0.943063,0.882560,92,50,56,43,0,0,0,0,251,121,126,78
2026/02/04/17:08:09,4380.282275,0.943063,0.882560,0.943063,0.882560,92,50,56,43,0,0,0,0,251,121,126,78
2026/02/04/17:08:10,4381.282994,0.943063,0.882560,0.943063,0.882560,92,50,56,43,0,0,0,0,251,121,126,78
2026/02/04/17:08:11,4382.283612,0.943063,0.882560,0.943063,0.882560,92,50,56,43,0,0,0,0,251,121,126,78
2026/02/04/17:08:12,4383.284241,0.943063,0.882560,0.943063,0.882560,92,50,56,43,0,0,0,0,251,121,126,78
2026/02/04/17:08:13,4384.284769,0.943063,0.882560,0.943063,0.882560,92,50,56,43,0,0,0,0,251,121,126,78
2026/02/04/17:08:14,4385.285252,0.943063,0.882560,0.943063,0.882560,92,50,56,43,0,0,0,0,251,121,126,78
2026/02/04/17:08:15,4386.285732,0.943063,0.882560,0.943063,0.882560,92,50,56,43,0,0,0,0,251,121,126,78
2026/02/04/17:08:16,4387.286270,0.939813,0.877680,0.939813,0.877680,90,50,56,43,0,0,0,0,253,121,126,78
2026/02/04/17:08:17,4388.286787,0.939813,0.877680,0.939813,0.877680,90,50,56,43,0,0,0,0,253,121,126,78
2026/02/04/17:08:18,4389.287254,0.939813,0.877680,0.939813,0.877680,90,50,56,43,0,0,0,0,253,121,126,78
2026/02/04/17:08:19,4390.287797,0.939813,0.877680,0.939813,0.877680,90,50,56,43,0,0,0,0,253,121,126,78
2026/02/04/17:08:20,4391.288440,0.939813,0.877680,0.939813,0.877680,90,50,56,43,0,0,0,0,253,121,126,78
2026/02/04/17:08:21,4392.289099,0.939813,0.877680,0.939813,0.877680,90,50,56,43,0,0,0,0,253,121,126,78
2026/02/04/17:08:22,4393.289614,0.939813,0.877680,0.939813,0.877680,90,50,56,43,0,0,0,0,253,121,126,78
2026/02/04/17:08:23,4394.290107,0.939813,0.877680,0.939813,0.877680,90,50,56,43,0,0,0,0,253,121,126,78
2026/02/04/17:08:24,4395.290513,0.939813,0.877680,0.939813,0.877680,90,50,56,43,0,0,0,0,253,121,126,78
2026/02/04/17:08:25,4396.292572,0.939813,0.877680,0.939813,0.877680,90,50,56,43,0,0,0,0,253,121,126,78
2026/02/04/17:08:26,4397.293292,0.939813,0.877680,0.939813,0.877680,90,50,56,43,0,0,0,0,253,121,126,78
2026/02/04/17:08:27,4398.293667,0.939813,0.877680,0.939813,0.877680,90,50,56,43,0,0,0,0,253,121,126,78
2026/02/04/17:08:28,4399.294212,0.939813,0.877680,0.939813,0.877680,90,50,56,43,0,0,0,0,253,121,126,78
2026/02/04/17:08:29,4400.294831,0.939813,0.877680,0.939813,0.877680,90,50,56,43,0,0,0,0,253,121,126,78
2026/02/04/17:08:30,4401.295927,0.939813,0.877680,0.939813,0.877680,90,50,56,43,0,0,0,0,253,121,126,78
2026/02/04/17:08:31,4402.296390,0.949375,0.883531,0.949375,0.883531,93,50,56,43,0,0,0,0,253,121,126,78
2026/02/04/17:08:32,4403.296864,0.949375,0.883531,0.949375,0.883531,93,50,56,43,0,0,0,0,253,121,126,78
2026/02/04/17:08:33,4404.297420,0.965031,0.889513,0.968219,0.891463,92,53,56,44,1,0,0,0,254,121,126,78
2026/02/04/17:08:34,4405.298136,0.965031,0.889513,0.968219,0.891463,92,53,56,44,1,0,0,0,254,121,126,78
2026/02/04/17:08:35,4406.298649,0.965031,0.889513,0.968219,0.891463,92,53,56,44,1,0,0,0,254,121,126,78
2026/02/04/17:08:36,4407.299299,0.967187,0.894229,0.984219,0.904936,89,55,58,44,5,0,0,0,257,121,126,78
2026/02/04/17:08:37,4408.299809,0.967187,0.894229,0.984219,0.904936,89,55,58,44,5,0,0,0,257,121,126,78
2026/02/04/17:08:38,4409.300308,0.967187,0.894229,0.984219,0.904936,89,55,58,44,5,0,0,0,257,121,126,78
2026/02/04/17:08:39,4410.300961,0.967187,0.894229,0.984219,0.904936,89,55,58,44,5,0,0,0,257,121,126,78
2026/02/04/17:08:40,4411.301438,0.967187,0.894229,0.984219,0.904936,89,55,58,44,5,0,0,0,257,121,126,78
2026/02/04/17:08:41,4412.301850,0.967187,0.894229,0.984219,0.904936,89,55,58,44,5,0,0,0,257,121,126,78
2026/02/04/17:08:42,4413.302359,0.966375,0.894770,0.977031,0.901577,91,53,58,44,3,0,0,0,257,123,126,78
2026/02/04/17:08:43,4414.303518,0.966375,0.894770,0.977031,0.901577,91,53,58,44,3,0,0,0,257,123,126,78
2026/02/04/17:08:44,4415.304038,0.966375,0.894770,0.977031,0.901577,91,53,58,44,3,0,0,0,257,123,126,78
2026/02/04/17:08:45,4416.306018,0.957469,0.893396,0.957469,0.893396,91,52,58,44,0,0,0,0,259,124,126,78
2026/02/04/17:08:46,4417.306487,0.957469,0.893396,0.957469,0.893396,91,52,58,44,0,0,0,0,259,124,126,78
2026/02/04/17:08:47,4418.306953,0.957469,0.893396,0.957469,0.893396,91,52,58,44,0,0,0,0,259,124,126,78
2026/02/04/17:08:48,4419.307453,0.957469,0.893396,0.957469,0.893396,91,52,58,44,0,0,0,0,259,124,126,78
2026/02/04/17:08:49,4420.307954,0.957469,0.893396,0.957469,0.893396,91,52,58,44,0,0,0,0,259,124,126,78
2026/02/04/17:08:50,4421.309048,0.957469,0.893396,0.957469,0.893396,91,52,58,44,0,0,0,0,259,124,126,78
2026/02/04/17:08:51,4422.309627,0.957469,0.893396,0.957469,0.893396,91,52,58,44,0,0,0,0,259,124,126,78
2026/02/04/17:08:52,4423.310398,0.957469,0.893396,0.957469,0.893396,91,52,58,44,0,0,0,0,259,124,126,78
2026/02/04/17:08:53,4424.312209,0.957469,0.893396,0.957469,0.893396,91,52,58,44,0,0,0,0,259,124,126,78
2026/02/04/17:08:54,4425.312612,0.957469,0.893396,0.957469,0.893396,91,52,58,44,0,0,0,0,259,124,126,78
2026/02/04/17:08:55,4426.313276,0.957469,0.893396,0.957469,0.893396,91,52,58,44,0,0,0,0,259,124,126,78
2026/02/04/17:08:56,4427.313815,0.957469,0.893396,0.957469,0.893396,91,52,58,44,0,0,0,0,259,124,126,78
2026/02/04/17:08:57,4428.314349,0.957469,0.893396,0.957469,0.893396,91,52,58,44,0,0,0,0,259,124,126,78
2026/02/04/17:08:58,4429.314764,0.957469,0.893396,0.957469,0.893396,91,52,58,44,0,0,0,0,259,124,126,78
2026/02/04/17:08:59,4430.315309,0.957469,0.893396,0.957469,0.893396,91,52,58,44,0,0,0,0,259,124,126,78
2026/02/04/17:09:00,4431.315785,0.957469,0.893396,0.957469,0.893396,91,52,58,44,0,0,0,0,259,124,126,78
2026/02/04/17:09:01,4432.316243,0.957469,0.893396,0.957469,0.893396,91,52,58,44,0,0,0,0,259,124,126,78
2026/02/04/17:09:02,4433.316700,0.957469,0.893396,0.957469,0.893396,91,52,58,44,0,0,0,0,259,124,126,78
2026/02/04/17:09:03,4434.317462,0.957469,0.893396,0.957469,0.893396,91,52,58,44,0,0,0,0,259,124,126,78
2026/02/04/17:09:04,4435.317958,0.957469,0.893396,0.957469,0.893396,91,52,58,44,0,0,0,0,259,124,126,78
2026/02/04/17:09:05,4436.318485,0.957469,0.893396,0.957469,0.893396,91,52,58,44,0,0,0,0,259,124,126,78
2026/02/04/17:09:06,4437.318887,0.957469,0.893396,0.957469,0.893396,91,52,58,44,0,0,0,0,259,124,126,78
2026/02/04/17:09:07,4438.319421,0.957469,0.893396,0.957469,0.893396,91,52,58,44,0,0,0,0,259,124,126,78
2026/02/04/17:09:08,4439.319892,0.957469,0.893396,0.957469,0.893396,91,52,58,44,0,0,0,0,259,124,126,78
2026/02/04/17:09:09,4440.320403,0.957469,0.893396,0.957469,0.893396,91,52,58,44,0,0,0,0,259,124,126,78
2026/02/04/17:09:10,4441.320912,0.957469,0.893396,0.957469,0.893396,91,52,58,44,0,0,0,0,259,124,126,78
2026/02/04/17:09:11,4442.321520,0.957469,0.893396,0.957469,0.893396,91,52,58,44,0,0,0,0,259,124,126,78
2026/02/04/17:09:12,4443.322016,0.957469,0.893396,0.957469,0.893396,91,52,58,44,0,0,0,0,259,124,126,78
2026/02/04/17:09:13,4444.322563,0.957469,0.893396,0.957469,0.893396,91,52,58,44,0,0,0,0,259,124,126,78
2026/02/04/17:09:14,4445.322992,0.957469,0.893396,0.957469,0.893396,91,52,58,44,0,0,0,0,259,124,126,78
2026/02/04/17:09:15,4446.323452,0.957469,0.893396,0.957469,0.893396,91,52,58,44,0,0,0,0,259,124,126,78
2026/02/04/17:09:16,4447.323895,0.957469,0.893396,0.957469,0.893396,91,52,58,44,0,0,0,0,259,124,126,78
2026/02/04/17:09:17,4448.324414,0.957469,0.893396,0.957469,0.893396,91,52,58,44,0,0,0,0,259,124,126,78
2026/02/04/17:09:18,4449.325185,0.957469,0.893396,0.957469,0.893396,91,52,58,44,0,0,0,0,259,124,126,78
2026/02/04/17:09:19,4450.325706,0.957469,0.893396,0.957469,0.893396,91,52,58,44,0,0,0,0,259,124,126,78
2026/02/04/17:09:20,4451.326139,0.957469,0.893396,0.957469,0.893396,91,52,58,44,0,0,0,0,259,124,126,78
2026/02/04/17:09:21,4452.326583,0.957469,0.893396,0.957469,0.893396,91,52,58,44,0,0,0,0,259,124,126,78
2026/02/04/17:09:22,4453.326963,0.957469,0.893396,0.957469,0.893396,91,52,58,44,0,0,0,0,259,124,126,78
2026/02/04/17:09:23,4454.327458,0.957469,0.893396,0.957469,0.893396,91,52,58,44,0,0,0,0,259,124,126,78
2026/02/04/17:09:24,4455.327980,0.957469,0.893396,0.957469,0.893396,91,52,58,44,0,0,0,0,259,124,126,78
2026/02/04/17:09:25,4456.328541,0.957469,0.893396,0.957469,0.893396,91,52,58,44,0,0,0,0,259,124,126,78
2026/02/04/17:09:26,4457.329058,0.957469,0.893396,0.957469,0.893396,91,52,58,44,0,0,0,0,259,124,126,78
2026/02/04/17:09:27,4458.330691,0.947344,0.882126,0.947344,0.882126,91,52,58,41,0,0,0,0,259,124,126,81
2026/02/04/17:09:28,4459.331117,0.947344,0.882126,0.947344,0.882126,91,52,58,41,0,0,0,0,259,124,126,81
2026/02/04/17:09:29,4460.331708,0.947344,0.882126,0.947344,0.882126,91,52,58,41,0,0,0,0,259,124,126,81
2026/02/04/17:09:30,4461.332175,0.947344,0.882126,0.947344,0.882126,91,52,58,41,0,0,0,0,259,124,126,81
2026/02/04/17:09:31,4462.332743,0.947344,0.882126,0.947344,0.882126,91,52,58,41,0,0,0,0,259,124,126,81
2026/02/04/17:09:32,4463.333138,0.947344,0.882126,0.947344,0.882126,91,52,58,41,0,0,0,0,259,124,126,81
2026/02/04/17:09:33,4464.333811,0.939562,0.879216,0.939562,0.879216,91,52,58,40,0,0,0,0,259,124,126,82
2026/02/04/17:09:34,4465.334292,0.939562,0.879216,0.939562,0.879216,91,52,58,40,0,0,0,0,259,124,126,82
2026/02/04/17:09:35,4466.334882,0.939562,0.879216,0.939562,0.879216,91,52,58,40,0,0,0,0,259,124,126,82
2026/02/04/17:09:36,4467.335348,0.939562,0.879216,0.939562,0.879216,91,52,58,40,0,0,0,0,259,124,126,82
2026/02/04/17:09:37,4468.335992,0.939562,0.879216,0.939562,0.879216,91,52,58,40,0,0,0,0,259,124,126,82
2026/02/04/17:09:38,4469.336536,0.939562,0.879216,0.939562,0.879216,91,52,58,40,0,0,0,0,259,124,126,82
2026/02/04/17:09:39,4470.337128,0.939562,0.879216,0.939562,0.879216,91,52,58,40,0,0,0,0,259,124,126,82
2026/02/04/17:09:40,4471.337732,0.939562,0.879216,0.939562,0.879216,91,52,58,40,0,0,0,0,259,124,126,82
2026/02/04/17:09:41,4472.338310,0.939562,0.879216,0.939562,0.879216,91,52,58,40,0,0,0,0,259,124,126,82
2026/02/04/17:09:42,4473.338888,0.939562,0.879216,0.939562,0.879216,91,52,58,40,0,0,0,0,259,124,126,82
2026/02/04/17:09:43,4474.339602,0.939562,0.879216,0.939562,0.879216,91,52,58,40,0,0,0,0,259,124,126,82
2026/02/04/17:09:44,4475.340183,0.939562,0.879216,0.939562,0.879216,91,52,58,40,0,0,0,0,259,124,126,82
2026/02/04/17:09:45,4476.340691,0.939562,0.879216,0.939562,0.879216,91,52,58,40,0,0,0,0,259,124,126,82
2026/02/04/17:09:46,4477.341315,0.939562,0.879216,0.939562,0.879216,91,52,58,40,0,0,0,0,259,124,126,82
2026/02/04/17:09:47,4478.341701,0.939562,0.879216,0.939562,0.879216,91,52,58,40,0,0,0,0,259,124,126,82
2026/02/04/17:09:48,4479.342235,0.939562,0.879216,0.939562,0.879216,91,52,58,40,0,0,0,0,259,124,126,82
2026/02/04/17:09:49,4480.342829,0.939562,0.879216,0.939562,0.879216,91,52,58,40,0,0,0,0,259,124,126,82
2026/02/04/17:09:50,4481.343479,0.937000,0.877209,0.937000,0.877209,91,51,58,40,0,0,0,0,259,125,126,82
2026/02/04/17:09:51,4482.344017,0.937000,0.877209,0.937000,0.877209,91,51,58,40,0,0,0,0,259,125,126,82
2026/02/04/17:09:52,4483.344465,0.937000,0.877209,0.937000,0.877209,91,51,58,40,0,0,0,0,259,125,126,82
2026/02/04/17:09:53,4484.344992,0.937000,0.877209,0.937000,0.877209,91,51,58,40,0,0,0,0,259,125,126,82
2026/02/04/17:09:54,4485.345427,0.937000,0.877209,0.937000,0.877209,91,51,58,40,0,0,0,0,259,125,126,82
2026/02/04/17:09:55,4486.345888,0.937000,0.877209,0.937000,0.877209,91,51,58,40,0,0,0,0,259,125,126,82
2026/02/04/17:09:56,4487.346387,0.937000,0.877209,0.937000,0.877209,91,51,58,40,0,0,0,0,259,125,126,82
2026/02/04/17:09:57,4488.346876,0.937000,0.877209,0.937000,0.877209,91,51,58,40,0,0,0,0,259,125,126,82
2026/02/04/17:09:58,4489.347367,0.937000,0.877209,0.937000,0.877209,91,51,58,40,0,0,0,0,259,125,126,82
2026/02/04/17:09:59,4490.347836,0.937000,0.877209,0.937000,0.877209,91,51,58,40,0,0,0,0,259,125,126,82
2026/02/04/17:10:00,4491.348460,0.937000,0.877209,0.937000,0.877209,91,51,58,40,0,0,0,0,259,125,126,82
2026/02/04/17:10:01,4492.349060,0.937000,0.877209,0.937000,0.877209,91,51,58,40,0,0,0,0,259,125,126,82
2026/02/04/17:10:02,4493.349538,0.937000,0.877209,0.937000,0.877209,91,51,58,40,0,0,0,0,259,125,126,82
2026/02/04/17:10:03,4494.350041,0.937000,0.877209,0.937000,0.877209,91,51,58,40,0,0,0,0,259,125,126,82
2026/02/04/17:10:04,4495.350499,0.937000,0.877209,0.937000,0.877209,91,51,58,40,0,0,0,0,259,125,126,82
2026/02/04/17:10:05,4496.351044,0.937000,0.877209,0.937000,0.877209,91,51,58,40,0,0,0,0,259,125,126,82
2026/02/04/17:10:06,4497.351515,0.937000,0.877209,0.937000,0.877209,91,51,58,40,0,0,0,0,259,125,126,82
2026/02/04/17:10:07,4498.351996,0.937000,0.877209,0.937000,0.877209,91,51,58,40,0,0,0,0,259,125,126,82
2026/02/04/17:10:08,4499.352522,0.937000,0.877209,0.937000,0.877209,91,51,58,40,0,0,0,0,259,125,126,82
2026/02/04/17:10:09,4500.353163,0.937000,0.877209,0.937000,0.877209,91,51,58,40,0,0,0,0,259,125,126,82
2026/02/04/17:10:10,4501.353766,0.937000,0.877209,0.937000,0.877209,91,51,58,40,0,0,0,0,259,125,126,82
2026/02/04/17:10:11,4502.354282,0.937000,0.877209,0.937000,0.877209,91,51,58,40,0,0,0,0,259,125,126,82
2026/02/04/17:10:12,4503.354796,0.937000,0.877209,0.937000,0.877209,91,51,58,40,0,0,0,0,259,125,126,82
2026/02/04/17:10:13,4504.355297,0.937000,0.877209,0.937000,0.877209,91,51,58,40,0,0,0,0,259,125,126,82
2026/02/04/17:10:14,4505.355767,0.937000,0.877209,0.937000,0.877209,91,51,58,40,0,0,0,0,259,125,126,82
2026/02/04/17:10:15,4506.356373,0.937000,0.877209,0.937000,0.877209,91,51,58,40,0,0,0,0,259,125,126,82
2026/02/04/17:10:16,4507.357003,0.937000,0.877209,0.937000,0.877209,91,51,58,40,0,0,0,0,259,125,126,82
2026/02/04/17:10:17,4508.357438,0.937000,0.877209,0.937000,0.877209,91,51,58,40,0,0,0,0,259,125,126,82
2026/02/04/17:10:18,4509.358043,0.937000,0.877209,0.937000,0.877209,91,51,58,40,0,0,0,0,259,125,126,82
2026/02/04/17:10:19,4510.358594,0.937000,0.877209,0.937000,0.877209,91,51,58,40,0,0,0,0,259,125,126,82
2026/02/04/17:10:20,4511.359174,0.937000,0.877209,0.937000,0.877209,91,51,58,40,0,0,0,0,259,125,126,82
2026/02/04/17:10:21,4512.359673,0.937000,0.877209,0.937000,0.877209,91,51,58,40,0,0,0,0,259,125,126,82
2026/02/04/17:10:22,4513.360374,0.937000,0.877209,0.937000,0.877209,91,51,58,40,0,0,0,0,259,125,126,82
2026/02/04/17:10:23,4514.360876,0.937000,0.877209,0.937000,0.877209,91,51,58,40,0,0,0,0,259,125,126,82
2026/02/04/17:10:24,4515.361347,0.937000,0.877209,0.937000,0.877209,91,51,58,40,0,0,0,0,259,125,126,82
2026/02/04/17:10:25,4516.362595,0.937000,0.877209,0.937000,0.877209,91,51,58,40,0,0,0,0,259,125,126,82
2026/02/04/17:10:26,4517.363023,0.937000,0.877209,0.937000,0.877209,91,51,58,40,0,0,0,0,259,125,126,82
2026/02/04/17:10:27,4518.363533,0.937000,0.877209,0.937000,0.877209,91,51,58,40,0,0,0,0,259,125,126,82
2026/02/04/17:10:28,4519.364139,0.937000,0.877209,0.937000,0.877209,91,51,58,40,0,0,0,0,259,125,126,82
2026/02/04/17:10:29,4520.364583,0.937000,0.877209,0.937000,0.877209,91,51,58,40,0,0,0,0,259,125,126,82
2026/02/04/17:10:30,4521.365034,0.937000,0.877209,0.937000,0.877209,91,51,58,40,0,0,0,0,259,125,126,82
2026/02/04/17:10:31,4522.365729,0.937000,0.877209,0.937000,0.877209,91,51,58,40,0,0,0,0,259,125,126,82
2026/02/04/17:10:32,4523.366409,0.937000,0.877209,0.937000,0.877209,91,51,58,40,0,0,0,0,259,125,126,82
2026/02/04/17:10:33,4524.366829,0.937000,0.877209,0.937000,0.877209,91,51,58,40,0,0,0,0,259,125,126,82
2026/02/04/17:10:34,4525.367296,0.937000,0.877209,0.937000,0.877209,91,51,58,40,0,0,0,0,259,125,126,82
2026/02/04/17:10:35,4526.367802,0.937000,0.877209,0.937000,0.877209,91,51,58,40,0,0,0,0,259,125,126,82
2026/02/04/17:10:36,4527.370498,0.937000,0.877209,0.937000,0.877209,91,51,58,40,0,0,0,0,259,125,126,82
2026/02/04/17:10:37,4528.370917,0.937000,0.877209,0.937000,0.877209,91,51,58,40,0,0,0,0,259,125,126,82
2026/02/04/17:10:38,4529.371413,0.937000,0.877209,0.937000,0.877209,91,51,58,40,0,0,0,0,259,125,126,82
2026/02/04/17:10:39,4530.371964,0.937000,0.877209,0.937000,0.877209,91,51,58,40,0,0,0,0,259,125,126,82
2026/02/04/17:10:40,4531.372497,0.937000,0.877209,0.937000,0.877209,91,51,58,40,0,0,0,0,259,125,126,82
2026/02/04/17:10:41,4532.373199,0.937000,0.877209,0.937000,0.877209,91,51,58,40,0,0,0,0,259,125,126,82
2026/02/04/17:10:42,4533.373788,0.937000,0.877209,0.937000,0.877209,91,51,58,40,0,0,0,0,259,125,126,82
2026/02/04/17:10:43,4534.374302,0.937000,0.877209,0.937000,0.877209,91,51,58,40,0,0,0,0,259,125,126,82
2026/02/04/17:10:44,4535.374849,0.937000,0.877209,0.937000,0.877209,91,51,58,40,0,0,0,0,259,125,126,82
2026/02/04/17:10:45,4536.375399,0.937000,0.877209,0.937000,0.877209,91,51,58,40,0,0,0,0,259,125,126,82
2026/02/04/17:10:46,4537.376029,0.937000,0.877209,0.937000,0.877209,91,51,58,40,0,0,0,0,259,125,126,82
2026/02/04/17:10:47,4538.376500,0.937000,0.877209,0.937000,0.877209,91,51,58,40,0,0,0,0,259,125,126,82
2026/02/04/17:10:48,4539.377044,0.937000,0.877209,0.937000,0.877209,91,51,58,40,0,0,0,0,259,125,126,82
2026/02/04/17:10:49,4540.377516,0.937000,0.877209,0.937000,0.877209,91,51,58,40,0,0,0,0,259,125,126,82
2026/02/04/17:10:50,4541.377993,0.909625,0.874074,0.909625,0.874074,91,49,58,40,0,0,0,0,259,127,126,82
2026/02/04/17:10:51,4542.378680,0.909625,0.874074,0.909625,0.874074,91,49,58,40,0,0,0,0,259,127,126,82
2026/02/04/17:10:52,4543.379329,0.909625,0.874074,0.909625,0.874074,91,49,58,40,0,0,0,0,259,127,126,82
2026/02/04/17:10:53,4544.379951,0.909625,0.874074,0.909625,0.874074,91,49,58,40,0,0,0,0,259,127,126,82
2026/02/04/17:10:54,4545.380598,0.909625,0.874074,0.909625,0.874074,91,49,58,40,0,0,0,0,259,127,126,82
2026/02/04/17:10:55,4546.381218,0.909625,0.874074,0.909625,0.874074,91,49,58,40,0,0,0,0,259,127,126,82
2026/02/04/17:10:56,4547.381803,0.909625,0.874074,0.909625,0.874074,91,49,58,40,0,0,0,0,259,127,126,82
2026/02/04/17:10:57,4548.382364,0.909625,0.874074,0.909625,0.874074,91,49,58,40,0,0,0,0,259,127,126,82
2026/02/04/17:10:58,4549.383134,0.909625,0.874074,0.909625,0.874074,91,49,58,40,0,0,0,0,259,127,126,82
2026/02/04/17:10:59,4550.383786,0.909625,0.874074,0.909625,0.874074,91,49,58,40,0,0,0,0,259,127,126,82
2026/02/04/17:11:00,4551.384647,0.909625,0.874074,0.909625,0.874074,91,49,58,40,0,0,0,0,259,127,126,82
2026/02/04/17:11:01,4552.385065,0.909625,0.874074,0.909625,0.874074,91,49,58,40,0,0,0,0,259,127,126,82
2026/02/04/17:11:02,4553.385688,0.909625,0.874074,0.909625,0.874074,91,49,58,40,0,0,0,0,259,127,126,82
2026/02/04/17:11:03,4554.386388,0.909625,0.874074,0.909625,0.874074,91,49,58,40,0,0,0,0,259,127,126,82
2026/02/04/17:11:04,4555.386936,0.909625,0.874074,0.909625,0.874074,91,49,58,40,0,0,0,0,259,127,126,82
2026/02/04/17:11:05,4556.387604,0.909625,0.874074,0.909625,0.874074,91,49,58,40,0,0,0,0,259,127,126,82
2026/02/04/17:11:06,4557.388362,0.909625,0.874074,0.909625,0.874074,91,49,58,40,0,0,0,0,259,127,126,82
2026/02/04/17:11:07,4558.388921,0.909625,0.874074,0.909625,0.874074,91,49,58,40,0,0,0,0,259,127,126,82
2026/02/04/17:11:08,4559.389627,0.909625,0.874074,0.909625,0.874074,91,49,58,40,0,0,0,0,259,127,126,82
2026/02/04/17:11:09,4560.390254,0.909625,0.874074,0.909625,0.874074,91,49,58,40,0,0,0,0,259,127,126,82
2026/02/04/17:11:10,4561.390870,0.909625,0.874074,0.909625,0.874074,91,49,58,40,0,0,0,0,259,127,126,82
2026/02/04/17:11:11,4562.391555,0.909625,0.874074,0.909625,0.874074,91,49,58,40,0,0,0,0,259,127,126,82
2026/02/04/17:11:12,4563.392200,0.909625,0.874074,0.909625,0.874074,91,49,58,40,0,0,0,0,259,127,126,82
2026/02/04/17:11:13,4564.392683,0.909625,0.874074,0.909625,0.874074,91,49,58,40,0,0,0,0,259,127,126,82
2026/02/04/17:11:14,4565.393234,0.909625,0.874074,0.909625,0.874074,91,49,58,40,0,0,0,0,259,127,126,82
2026/02/04/17:11:15,4566.393927,0.909625,0.874074,0.909625,0.874074,91,49,58,40,0,0,0,0,259,127,126,82
2026/02/04/17:11:16,4567.394529,0.909625,0.874074,0.909625,0.874074,91,49,58,40,0,0,0,0,259,127,126,82
2026/02/04/17:11:17,4568.395184,0.909625,0.874074,0.909625,0.874074,91,49,58,40,0,0,0,0,259,127,126,82
2026/02/04/17:11:18,4569.395931,0.909625,0.874074,0.909625,0.874074,91,49,58,40,0,0,0,0,259,127,126,82
2026/02/04/17:11:19,4570.396481,0.905000,0.851507,0.905000,0.851507,89,49,58,40,0,0,0,0,261,127,126,82
2026/02/04/17:11:20,4571.397127,0.905000,0.851507,0.905000,0.851507,89,49,58,40,0,0,0,0,261,127,126,82
2026/02/04/17:11:21,4572.397778,0.905000,0.851507,0.905000,0.851507,89,49,58,40,0,0,0,0,261,127,126,82
2026/02/04/17:11:22,4573.398392,0.905000,0.851507,0.905000,0.851507,89,49,58,40,0,0,0,0,261,127,126,82
2026/02/04/17:11:23,4574.398904,0.905000,0.851507,0.905000,0.851507,89,49,58,40,0,0,0,0,261,127,126,82
2026/02/04/17:11:24,4575.399390,0.905000,0.851507,0.905000,0.851507,89,49,58,40,0,0,0,0,261,127,126,82
2026/02/04/17:11:25,4576.400967,0.905000,0.851507,0.905000,0.851507,89,49,58,40,0,0,0,0,261,127,126,82
2026/02/04/17:11:26,4577.401384,0.905000,0.851507,0.905000,0.851507,89,49,58,40,0,0,0,0,261,127,126,82
2026/02/04/17:11:27,4578.402049,0.905000,0.851507,0.905000,0.851507,89,49,58,40,0,0,0,0,261,127,126,82
2026/02/04/17:11:28,4579.402561,0.905000,0.851507,0.905000,0.851507,89,49,58,40,0,0,0,0,261,127,126,82
2026/02/04/17:11:29,4580.403057,0.905000,0.851507,0.905000,0.851507,89,49,58,40,0,0,0,0,261,127,126,82
2026/02/04/17:11:30,4581.403760,0.905000,0.851507,0.905000,0.851507,89,49,58,40,0,0,0,0,261,127,126,82
2026/02/04/17:11:31,4582.404278,0.905000,0.851507,0.905000,0.851507,89,49,58,40,0,0,0,0,261,127,126,82
2026/02/04/17:11:32,4583.404708,0.905000,0.851507,0.905000,0.851507,89,49,58,40,0,0,0,0,261,127,126,82
2026/02/04/17:11:33,4584.405305,0.905000,0.851507,0.905000,0.851507,89,49,58,40,0,0,0,0,261,127,126,82
2026/02/04/17:11:34,4585.405933,0.905000,0.851507,0.905000,0.851507,89,49,58,40,0,0,0,0,261,127,126,82
2026/02/04/17:11:35,4586.406420,0.905000,0.851507,0.905000,0.851507,89,49,58,40,0,0,0,0,261,127,126,82
2026/02/04/17:11:36,4587.407134,0.905000,0.851507,0.905000,0.851507,89,49,58,40,0,0,0,0,261,127,126,82
2026/02/04/17:11:37,4588.407537,0.905000,0.851507,0.905000,0.851507,89,49,58,40,0,0,0,0,261,127,126,82
2026/02/04/17:11:38,4589.407960,0.905000,0.851507,0.905000,0.851507,89,49,58,40,0,0,0,0,261,127,126,82
2026/02/04/17:11:39,4590.408618,0.905000,0.851507,0.905000,0.851507,89,49,58,40,0,0,0,0,261,127,126,82
2026/02/04/17:11:40,4591.409226,0.905000,0.851507,0.905000,0.851507,89,49,58,40,0,0,0,0,261,127,126,82
2026/02/04/17:11:41,4592.409688,0.905000,0.851507,0.905000,0.851507,89,49,58,40,0,0,0,0,261,127,126,82
2026/02/04/17:11:42,4593.410123,0.905000,0.851507,0.905000,0.851507,89,49,58,40,0,0,0,0,261,127,126,82
2026/02/04/17:11:43,4594.410665,0.905000,0.851507,0.905000,0.851507,89,49,58,40,0,0,0,0,261,127,126,82
2026/02/04/17:11:44,4595.411245,0.905000,0.851507,0.905000,0.851507,89,49,58,40,0,0,0,0,261,127,126,82
2026/02/04/17:11:45,4596.411879,0.905000,0.851507,0.905000,0.851507,89,49,58,40,0,0,0,0,261,127,126,82
2026/02/04/17:11:46,4597.412357,0.905000,0.851507,0.905000,0.851507,89,49,58,40,0,0,0,0,261,127,126,82
2026/02/04/17:11:47,4598.412907,0.905000,0.851507,0.905000,0.851507,89,49,58,40,0,0,0,0,261,127,126,82
2026/02/04/17:11:48,4599.413487,0.905000,0.851507,0.905000,0.851507,89,49,58,40,0,0,0,0,261,127,126,82
2026/02/04/17:11:49,4600.414103,0.905000,0.851507,0.905000,0.851507,89,49,58,40,0,0,0,0,261,127,126,82
2026/02/04/17:11:50,4601.414698,0.905000,0.851507,0.905000,0.851507,89,49,58,40,0,0,0,0,261,127,126,82
2026/02/04/17:11:51,4602.415346,0.905000,0.851507,0.905000,0.851507,89,49,58,40,0,0,0,0,261,127,126,82
2026/02/04/17:11:52,4603.415959,0.905000,0.851507,0.905000,0.851507,89,49,58,40,0,0,0,0,261,127,126,82
2026/02/04/17:11:53,4604.416713,0.905000,0.851507,0.905000,0.851507,89,49,58,40,0,0,0,0,261,127,126,82
2026/02/04/17:11:54,4605.417169,0.905000,0.851507,0.905000,0.851507,89,49,58,40,0,0,0,0,261,127,126,82
2026/02/04/17:11:55,4606.417605,0.905000,0.851507,0.905000,0.851507,89,49,58,40,0,0,0,0,261,127,126,82
2026/02/04/17:11:56,4607.418125,0.905000,0.851507,0.905000,0.851507,89,49,58,40,0,0,0,0,261,127,126,82
2026/02/04/17:11:57,4608.418553,0.905000,0.851507,0.905000,0.851507,89,49,58,40,0,0,0,0,261,127,126,82
2026/02/04/17:11:58,4609.419128,0.905000,0.851507,0.905000,0.851507,89,49,58,40,0,0,0,0,261,127,126,82
2026/02/04/17:11:59,4610.419672,0.905000,0.851507,0.905000,0.851507,89,49,58,40,0,0,0,0,261,127,126,82
2026/02/04/17:12:00,4611.420191,0.905000,0.851507,0.905000,0.851507,89,49,58,40,0,0,0,0,261,127,126,82
2026/02/04/17:12:01,4612.420728,0.905000,0.851507,0.905000,0.851507,89,49,58,40,0,0,0,0,261,127,126,82
2026/02/04/17:12:02,4613.421268,0.905000,0.851507,0.905000,0.851507,89,49,58,40,0,0,0,0,261,127,126,82
2026/02/04/17:12:03,4614.421792,0.905000,0.851507,0.905000,0.851507,89,49,58,40,0,0,0,0,261,127,126,82
2026/02/04/17:12:04,4615.422251,0.905000,0.851507,0.905000,0.851507,89,49,58,40,0,0,0,0,261,127,126,82
2026/02/04/17:12:05,4616.422711,0.905000,0.851507,0.905000,0.851507,89,49,58,40,0,0,0,0,261,127,126,82
2026/02/04/17:12:06,4617.423179,0.905000,0.851507,0.905000,0.851507,89,49,58,40,0,0,0,0,261,127,126,82
2026/02/04/17:12:07,4618.423579,0.905000,0.851507,0.905000,0.851507,89,49,58,40,0,0,0,0,261,127,126,82
2026/02/04/17:12:08,4619.424192,0.905000,0.851507,0.905000,0.851507,89,49,58,40,0,0,0,0,261,127,126,82
2026/02/04/17:12:09,4620.424765,0.905000,0.851507,0.905000,0.851507,89,49,58,40,0,0,0,0,261,127,126,82
2026/02/04/17:12:10,4621.425465,0.905000,0.851507,0.905000,0.851507,89,49,58,40,0,0,0,0,261,127,126,82
2026/02/04/17:12:11,4622.426075,0.905000,0.851507,0.905000,0.851507,89,49,58,40,0,0,0,0,261,127,126,82
2026/02/04/17:12:12,4623.426582,0.905000,0.851507,0.905000,0.851507,89,49,58,40,0,0,0,0,261,127,126,82
2026/02/04/17:12:13,4624.427662,0.905000,0.851507,0.905000,0.851507,89,49,58,40,0,0,0,0,261,127,126,82
2026/02/04/17:12:14,4625.428122,0.924031,0.861011,0.924031,0.861011,89,54,58,40,0,0,0,0,261,127,126,82
2026/02/04/17:12:15,4626.428630,0.924031,0.861011,0.924031,0.861011,89,54,58,40,0,0,0,0,261,127,126,82
2026/02/04/17:12:16,4627.429124,0.924031,0.861011,0.924031,0.861011,89,54,58,40,0,0,0,0,261,127,126,82
2026/02/04/17:12:17,4628.429640,0.924031,0.861011,0.924031,0.861011,89,54,58,40,0,0,0,0,261,127,126,82
2026/02/04/17:12:18,4629.430121,0.924031,0.861011,0.924031,0.861011,89,54,58,40,0,0,0,0,261,127,126,82
2026/02/04/17:12:19,4630.430556,0.924031,0.861011,0.924031,0.861011,89,54,58,40,0,0,0,0,261,127,126,82
2026/02/04/17:12:20,4631.431209,0.924031,0.861011,0.924031,0.861011,89,54,58,40,0,0,0,0,261,127,126,82
2026/02/04/17:12:21,4632.431739,0.931469,0.863686,0.931469,0.863686,89,54,58,41,0,0,0,0,261,127,126,82
2026/02/04/17:12:22,4633.432220,0.931469,0.863686,0.931469,0.863686,89,54,58,41,0,0,0,0,261,127,126,82
2026/02/04/17:12:23,4634.432809,0.931469,0.863686,0.931469,0.863686,89,54,58,41,0,0,0,0,261,127,126,82
2026/02/04/17:12:24,4635.433286,0.931469,0.863686,0.931469,0.863686,89,54,58,41,0,0,0,0,261,127,126,82
2026/02/04/17:12:25,4636.433794,0.931469,0.863686,0.931469,0.863686,89,54,58,41,0,0,0,0,261,127,126,82
2026/02/04/17:12:26,4637.434375,0.931469,0.863686,0.931469,0.863686,89,54,58,41,0,0,0,0,261,127,126,82
2026/02/04/17:12:27,4638.435337,0.931469,0.863686,0.931469,0.863686,89,54,58,41,0,0,0,0,261,127,126,82
2026/02/04/17:12:28,4639.435831,0.931469,0.863686,0.931469,0.863686,89,54,58,41,0,0,0,0,261,127,126,82
2026/02/04/17:12:29,4640.436440,0.931469,0.863686,0.931469,0.863686,89,54,58,41,0,0,0,0,261,127,126,82
2026/02/04/17:12:30,4641.436997,0.931469,0.863686,0.931469,0.863686,89,54,58,41,0,0,0,0,261,127,126,82
2026/02/04/17:12:31,4642.437629,0.931469,0.863686,0.931469,0.863686,89,54,58,41,0,0,0,0,261,127,126,82
2026/02/04/17:12:32,4643.438088,0.931469,0.863686,0.931469,0.863686,89,54,58,41,0,0,0,0,261,127,126,82
2026/02/04/17:12:33,4644.438617,0.931469,0.863686,0.931469,0.863686,89,54,58,41,0,0,0,0,261,127,126,82
2026/02/04/17:12:34,4645.439245,0.931469,0.863686,0.931469,0.863686,89,54,58,41,0,0,0,0,261,127,126,82
2026/02/04/17:12:35,4646.439786,0.931469,0.863686,0.931469,0.863686,89,54,58,41,0,0,0,0,261,127,126,82
2026/02/04/17:12:36,4647.440294,0.931469,0.863686,0.931469,0.863686,89,54,58,41,0,0,0,0,261,127,126,82
2026/02/04/17:12:37,4648.440938,0.931469,0.863686,0.931469,0.863686,89,54,58,41,0,0,0,0,261,127,126,82
2026/02/04/17:12:38,4649.441486,0.931469,0.863686,0.931469,0.863686,89,54,58,41,0,0,0,0,261,127,126,82
2026/02/04/17:12:39,4650.442020,0.931469,0.863686,0.931469,0.863686,89,54,58,41,0,0,0,0,261,127,126,82
2026/02/04/17:12:40,4651.442522,0.931469,0.863686,0.931469,0.863686,89,54,58,41,0,0,0,0,261,127,126,82
2026/02/04/17:12:41,4652.443112,0.931469,0.863686,0.931469,0.863686,89,54,58,41,0,0,0,0,261,127,126,82
2026/02/04/17:12:42,4653.443629,0.931469,0.863686,0.931469,0.863686,89,54,58,41,0,0,0,0,261,127,126,82
2026/02/04/17:12:43,4654.444176,0.931469,0.863686,0.931469,0.863686,89,54,58,41,0,0,0,0,261,127,126,82
2026/02/04/17:12:44,4655.444769,0.931469,0.863686,0.931469,0.863686,89,54,58,41,0,0,0,0,261,127,126,82
2026/02/04/17:12:45,4656.445298,0.931469,0.863686,0.931469,0.863686,89,54,58,41,0,0,0,0,261,127,126,82
2026/02/04/17:12:46,4657.445841,0.931469,0.863686,0.931469,0.863686,89,54,58,41,0,0,0,0,261,127,126,82
2026/02/04/17:12:47,4658.446386,0.931469,0.863686,0.931469,0.863686,89,54,58,41,0,0,0,0,261,127,126,82
2026/02/04/17:12:48,4659.446964,0.931469,0.863686,0.931469,0.863686,89,54,58,41,0,0,0,0,261,127,126,82
2026/02/04/17:12:49,4660.447698,0.931469,0.863686,0.931469,0.863686,89,54,58,41,0,0,0,0,261,127,126,82
2026/02/04/17:12:50,4661.448137,0.931469,0.863686,0.931469,0.863686,89,54,58,41,0,0,0,0,261,127,126,82
2026/02/04/17:12:51,4662.448709,0.931469,0.863686,0.931469,0.863686,89,54,58,41,0,0,0,0,261,127,126,82
2026/02/04/17:12:52,4663.449433,0.927156,0.860551,0.927156,0.860551,89,54,56,41,0,0,0,0,261,127,128,82
2026/02/04/17:12:53,4664.449972,0.927156,0.860551,0.927156,0.860551,89,54,56,41,0,0,0,0,261,127,128,82
2026/02/04/17:12:54,4665.450590,0.927156,0.860551,0.927156,0.860551,89,54,56,41,0,0,0,0,261,127,128,82
2026/02/04/17:12:55,4666.451129,0.927156,0.860551,0.927156,0.860551,89,54,56,41,0,0,0,0,261,127,128,82
2026/02/04/17:12:56,4667.451591,0.927156,0.860551,0.927156,0.860551,89,54,56,41,0,0,0,0,261,127,128,82
2026/02/04/17:12:57,4668.451990,0.927156,0.860551,0.927156,0.860551,89,54,56,41,0,0,0,0,261,127,128,82
2026/02/04/17:12:58,4669.452581,0.927156,0.860551,0.927156,0.860551,89,54,56,41,0,0,0,0,261,127,128,82
2026/02/04/17:12:59,4670.459851,0.920531,0.850174,0.920531,0.850174,89,54,54,41,0,0,0,0,261,127,130,82
2026/02/04/17:13:00,4671.460496,0.920531,0.850174,0.920531,0.850174,89,54,54,41,0,0,0,0,261,127,130,82
2026/02/04/17:13:01,4672.461107,0.920531,0.850174,0.920531,0.850174,89,54,54,41,0,0,0,0,261,127,130,82
2026/02/04/17:13:02,4673.461689,0.920531,0.850174,0.920531,0.850174,89,54,54,41,0,0,0,0,261,127,130,82
2026/02/04/17:13:03,4674.462126,0.920531,0.850174,0.920531,0.850174,89,54,54,41,0,0,0,0,261,127,130,82
2026/02/04/17:13:04,4675.462740,0.920531,0.850174,0.920531,0.850174,89,54,54,41,0,0,0,0,261,127,130,82
2026/02/04/17:13:05,4676.463353,0.920531,0.850174,0.920531,0.850174,89,54,54,41,0,0,0,0,261,127,130,82
2026/02/04/17:13:06,4677.463878,0.920531,0.850174,0.920531,0.850174,89,54,54,41,0,0,0,0,261,127,130,82
2026/02/04/17:13:07,4678.464498,0.920531,0.850174,0.920531,0.850174,89,54,54,41,0,0,0,0,261,127,130,82
2026/02/04/17:13:08,4679.464962,0.920531,0.850174,0.920531,0.850174,89,54,54,41,0,0,0,0,261,127,130,82
2026/02/04/17:13:09,4680.465610,0.920531,0.850174,0.920531,0.850174,89,54,54,41,0,0,0,0,261,127,130,82
2026/02/04/17:13:10,4681.466207,0.920531,0.850174,0.920531,0.850174,89,54,54,41,0,0,0,0,261,127,130,82
2026/02/04/17:13:11,4682.466989,0.920531,0.850174,0.920531,0.850174,89,54,54,41,0,0,0,0,261,127,130,82
2026/02/04/17:13:12,4683.467659,0.920531,0.850174,0.920531,0.850174,89,54,54,41,0,0,0,0,261,127,130,82
2026/02/04/17:13:13,4684.468338,0.920531,0.850174,0.920531,0.850174,89,54,54,41,0,0,0,0,261,127,130,82
2026/02/04/17:13:14,4685.469123,0.920531,0.850174,0.920531,0.850174,89,54,54,41,0,0,0,0,261,127,130,82
2026/02/04/17:13:15,4686.469723,0.920531,0.850174,0.920531,0.850174,89,54,54,41,0,0,0,0,261,127,130,82
2026/02/04/17:13:16,4687.470430,0.920531,0.850174,0.920531,0.850174,89,54,54,41,0,0,0,0,261,127,130,82
2026/02/04/17:13:17,4688.471068,0.920531,0.850174,0.920531,0.850174,89,54,54,41,0,0,0,0,261,127,130,82
2026/02/04/17:13:18,4689.471599,0.920531,0.850174,0.920531,0.850174,89,54,54,41,0,0,0,0,261,127,130,82
2026/02/04/17:13:19,4690.472223,0.920531,0.850174,0.920531,0.850174,89,54,54,41,0,0,0,0,261,127,130,82
2026/02/04/17:13:20,4691.472704,0.920531,0.850174,0.920531,0.850174,89,54,54,41,0,0,0,0,261,127,130,82
2026/02/04/17:13:21,4692.473284,0.920531,0.850174,0.920531,0.850174,89,54,54,41,0,0,0,0,261,127,130,82
2026/02/04/17:13:22,4693.473802,0.920531,0.850174,0.920531,0.850174,89,54,54,41,0,0,0,0,261,127,130,82
2026/02/04/17:13:23,4694.474360,0.920531,0.850174,0.920531,0.850174,89,54,54,41,0,0,0,0,261,127,130,82
2026/02/04/17:13:24,4695.474863,0.920531,0.850174,0.920531,0.850174,89,54,54,41,0,0,0,0,261,127,130,82
2026/02/04/17:13:25,4696.475311,0.920531,0.850174,0.920531,0.850174,89,54,54,41,0,0,0,0,261,127,130,82
2026/02/04/17:13:26,4697.475942,0.920531,0.850174,0.920531,0.850174,89,54,54,41,0,0,0,0,261,127,130,82
2026/02/04/17:13:27,4698.476408,0.920531,0.850174,0.920531,0.850174,89,54,54,41,0,0,0,0,261,127,130,82
2026/02/04/17:13:28,4699.477062,0.920531,0.850174,0.920531,0.850174,89,54,54,41,0,0,0,0,261,127,130,82
2026/02/04/17:13:29,4700.477547,0.920531,0.850174,0.920531,0.850174,89,54,54,41,0,0,0,0,261,127,130,82
2026/02/04/17:13:30,4701.478162,0.920531,0.850174,0.920531,0.850174,89,54,54,41,0,0,0,0,261,127,130,82
2026/02/04/17:13:31,4702.478981,0.920531,0.850174,0.920531,0.850174,89,54,54,41,0,0,0,0,261,127,130,82
2026/02/04/17:13:32,4703.479515,0.920531,0.850174,0.920531,0.850174,89,54,54,41,0,0,0,0,261,127,130,82
2026/02/04/17:13:33,4704.480182,0.920531,0.850174,0.920531,0.850174,89,54,54,41,0,0,0,0,261,127,130,82
2026/02/04/17:13:34,4705.480720,0.922188,0.858276,0.922188,0.858276,89,55,54,41,0,0,0,0,261,127,130,82
2026/02/04/17:13:35,4706.481305,0.927250,0.863823,0.927250,0.863823,89,55,57,41,0,0,0,0,261,127,130,82
2026/02/04/17:13:36,4707.481932,0.927250,0.863823,0.927250,0.863823,89,55,57,41,0,0,0,0,261,127,130,82
2026/02/04/17:13:37,4708.482568,0.927250,0.863823,0.927250,0.863823,89,55,57,41,0,0,0,0,261,127,130,82
2026/02/04/17:13:38,4709.483065,0.927250,0.863823,0.927250,0.863823,89,55,57,41,0,0,0,0,261,127,130,82
2026/02/04/17:13:39,4710.483569,0.927250,0.863823,0.927250,0.863823,89,55,57,41,0,0,0,0,261,127,130,82
2026/02/04/17:13:40,4711.484094,0.927250,0.863823,0.927250,0.863823,89,55,57,41,0,0,0,0,261,127,130,82
2026/02/04/17:13:41,4712.484687,0.927250,0.863823,0.927250,0.863823,89,55,57,41,0,0,0,0,261,127,130,82
2026/02/04/17:13:42,4713.485175,0.927250,0.863823,0.927250,0.863823,89,55,57,41,0,0,0,0,261,127,130,82
2026/02/04/17:13:43,4714.485694,0.927250,0.863823,0.927250,0.863823,89,55,57,41,0,0,0,0,261,127,130,82
2026/02/04/17:13:44,4715.486192,0.927250,0.863823,0.927250,0.863823,89,55,57,41,0,0,0,0,261,127,130,82
2026/02/04/17:13:45,4716.486658,0.927250,0.863823,0.927250,0.863823,89,55,57,41,0,0,0,0,261,127,130,82
2026/02/04/17:13:46,4717.487172,0.927250,0.863823,0.927250,0.863823,89,55,57,41,0,0,0,0,261,127,130,82
2026/02/04/17:13:47,4718.487646,0.927250,0.863823,0.927250,0.863823,89,55,57,41,0,0,0,0,261,127,130,82
2026/02/04/17:13:48,4719.488149,0.917250,0.859185,0.917250,0.859185,89,53,57,41,0,0,0,0,261,129,130,82
2026/02/04/17:13:49,4720.488680,0.917250,0.859185,0.917250,0.859185,89,53,57,41,0,0,0,0,261,129,130,82
2026/02/04/17:13:50,4721.489170,0.917250,0.859185,0.917250,0.859185,89,53,57,41,0,0,0,0,261,129,130,82
2026/02/04/17:13:51,4722.489674,0.917250,0.859185,0.917250,0.859185,89,53,57,41,0,0,0,0,261,129,130,82
2026/02/04/17:13:52,4723.490155,0.917250,0.859185,0.917250,0.859185,89,53,57,41,0,0,0,0,261,129,130,82
2026/02/04/17:13:53,4724.490645,0.917250,0.859185,0.917250,0.859185,89,53,57,41,0,0,0,0,261,129,130,82
2026/02/04/17:13:54,4725.491159,0.917250,0.859185,0.917250,0.859185,89,53,57,41,0,0,0,0,261,129,130,82
2026/02/04/17:13:55,4726.491754,0.917250,0.859185,0.917250,0.859185,89,53,57,41,0,0,0,0,261,129,130,82
2026/02/04/17:13:56,4727.492242,0.917250,0.859185,0.917250,0.859185,89,53,57,41,0,0,0,0,261,129,130,82
2026/02/04/17:13:57,4728.492642,0.917250,0.859185,0.917250,0.859185,89,53,57,41,0,0,0,0,261,129,130,82
2026/02/04/17:13:58,4729.493043,0.917250,0.859185,0.917250,0.859185,89,53,57,41,0,0,0,0,261,129,130,82
2026/02/04/17:13:59,4730.493659,0.917250,0.859185,0.917250,0.859185,89,53,57,41,0,0,0,0,261,129,130,82
2026/02/04/17:14:00,4731.494140,0.917250,0.859185,0.917250,0.859185,89,53,57,41,0,0,0,0,261,129,130,82
2026/02/04/17:14:01,4732.494638,0.917250,0.859185,0.917250,0.859185,89,53,57,41,0,0,0,0,261,129,130,82
2026/02/04/17:14:02,4733.495185,0.917250,0.859185,0.917250,0.859185,89,53,57,41,0,0,0,0,261,129,130,82
2026/02/04/17:14:03,4734.495633,0.917250,0.859185,0.917250,0.859185,89,53,57,41,0,0,0,0,261,129,130,82
2026/02/04/17:14:04,4735.496145,0.917250,0.859185,0.917250,0.859185,89,53,57,41,0,0,0,0,261,129,130,82
2026/02/04/17:14:05,4736.496740,0.917250,0.859185,0.917250,0.859185,89,53,57,41,0,0,0,0,261,129,130,82
2026/02/04/17:14:06,4737.497160,0.917250,0.859185,0.917250,0.859185,89,53,57,41,0,0,0,0,261,129,130,82
2026/02/04/17:14:07,4738.497747,0.917250,0.859185,0.917250,0.859185,89,53,57,41,0,0,0,0,261,129,130,82
2026/02/04/17:14:08,4739.498235,0.917250,0.859185,0.917250,0.859185,89,53,57,41,0,0,0,0,261,129,130,82
2026/02/04/17:14:09,4740.498752,0.917250,0.859185,0.917250,0.859185,89,53,57,41,0,0,0,0,261,129,130,82
2026/02/04/17:14:10,4741.499494,0.917250,0.859185,0.917250,0.859185,89,53,57,41,0,0,0,0,261,129,130,82
2026/02/04/17:14:11,4742.500057,0.917250,0.859185,0.917250,0.859185,89,53,57,41,0,0,0,0,261,129,130,82
2026/02/04/17:14:12,4743.500638,0.917250,0.859185,0.917250,0.859185,89,53,57,41,0,0,0,0,261,129,130,82
2026/02/04/17:14:13,4744.501343,0.917250,0.859185,0.917250,0.859185,89,53,57,41,0,0,0,0,261,129,130,82
2026/02/04/17:14:14,4745.501943,0.917250,0.859185,0.917250,0.859185,89,53,57,41,0,0,0,0,261,129,130,82
2026/02/04/17:14:15,4746.502526,0.917250,0.859185,0.917250,0.859185,89,53,57,41,0,0,0,0,261,129,130,82
2026/02/04/17:14:16,4747.502978,0.917250,0.859185,0.917250,0.859185,89,53,57,41,0,0,0,0,261,129,130,82
2026/02/04/17:14:17,4748.503565,0.917250,0.859185,0.917250,0.859185,89,53,57,41,0,0,0,0,261,129,130,82
2026/02/04/17:14:18,4749.504044,0.917250,0.859185,0.917250,0.859185,89,53,57,41,0,0,0,0,261,129,130,82
2026/02/04/17:14:19,4750.504566,0.913937,0.856320,0.913937,0.856320,88,53,57,41,0,0,0,0,262,129,130,82
2026/02/04/17:14:20,4751.505145,0.913937,0.856320,0.913937,0.856320,88,53,57,41,0,0,0,0,262,129,130,82
2026/02/04/17:14:21,4752.505737,0.913937,0.856320,0.913937,0.856320,88,53,57,41,0,0,0,0,262,129,130,82
2026/02/04/17:14:22,4753.506247,0.913937,0.856320,0.913937,0.856320,88,53,57,41,0,0,0,0,262,129,130,82
2026/02/04/17:14:23,4754.507172,0.913937,0.856320,0.913937,0.856320,88,53,57,41,0,0,0,0,262,129,130,82
2026/02/04/17:14:24,4755.507675,0.913937,0.856320,0.913937,0.856320,88,53,57,41,0,0,0,0,262,129,130,82
2026/02/04/17:14:25,4756.508335,0.913937,0.856320,0.913937,0.856320,88,53,57,41,0,0,0,0,262,129,130,82
2026/02/04/17:14:26,4757.508893,0.910062,0.854679,0.910062,0.854679,87,53,57,41,0,0,0,0,263,129,130,82
2026/02/04/17:14:27,4758.509374,0.910062,0.854679,0.910062,0.854679,87,53,57,41,0,0,0,0,263,129,130,82
2026/02/04/17:14:28,4759.509903,0.910062,0.854679,0.910062,0.854679,87,53,57,41,0,0,0,0,263,129,130,82
2026/02/04/17:14:29,4760.510492,0.910062,0.854679,0.910062,0.854679,87,53,57,41,0,0,0,0,263,129,130,82
2026/02/04/17:14:30,4761.511135,0.910062,0.854679,0.910062,0.854679,87,53,57,41,0,0,0,0,263,129,130,82
2026/02/04/17:14:31,4762.511685,0.910062,0.854679,0.910062,0.854679,87,53,57,41,0,0,0,0,263,129,130,82
2026/02/04/17:14:32,4763.512285,0.910062,0.854679,0.910062,0.854679,87,53,57,41,0,0,0,0,263,129,130,82
2026/02/04/17:14:33,4764.512915,0.910062,0.854679,0.910062,0.854679,87,53,57,41,0,0,0,0,263,129,130,82
2026/02/04/17:14:34,4765.513424,0.910062,0.854679,0.910062,0.854679,87,53,57,41,0,0,0,0,263,129,130,82
2026/02/04/17:14:35,4766.514148,0.910062,0.854679,0.910062,0.854679,87,53,57,41,0,0,0,0,263,129,130,82
2026/02/04/17:14:36,4767.514813,0.910062,0.854679,0.910062,0.854679,87,53,57,41,0,0,0,0,263,129,130,82
2026/02/04/17:14:37,4768.515311,0.885969,0.812654,0.885969,0.812654,87,53,54,41,0,0,0,0,263,129,133,82
2026/02/04/17:14:38,4769.516058,0.885969,0.812654,0.885969,0.812654,87,53,54,41,0,0,0,0,263,129,133,82
2026/02/04/17:14:39,4770.516603,0.885969,0.812654,0.885969,0.812654,87,53,54,41,0,0,0,0,263,129,133,82
2026/02/04/17:14:40,4771.517134,0.885969,0.812654,0.885969,0.812654,87,53,54,41,0,0,0,0,263,129,133,82
2026/02/04/17:14:41,4772.517625,0.885969,0.812654,0.885969,0.812654,87,53,54,41,0,0,0,0,263,129,133,82
2026/02/04/17:14:42,4773.518169,0.885969,0.812654,0.885969,0.812654,87,53,54,41,0,0,0,0,263,129,133,82
2026/02/04/17:14:43,4774.518778,0.885969,0.812654,0.885969,0.812654,87,53,54,41,0,0,0,0,263,129,133,82
2026/02/04/17:14:44,4775.519288,0.885969,0.812654,0.885969,0.812654,87,53,54,41,0,0,0,0,263,129,133,82
2026/02/04/17:14:45,4776.520605,0.885969,0.812654,0.885969,0.812654,87,53,54,41,0,0,0,0,263,129,133,82
2026/02/04/17:14:46,4777.521049,0.885969,0.812654,0.885969,0.812654,87,53,54,41,0,0,0,0,263,129,133,82
2026/02/04/17:14:47,4778.521667,0.885969,0.812654,0.885969,0.812654,87,53,54,41,0,0,0,0,263,129,133,82
2026/02/04/17:14:48,4779.522133,0.885969,0.812654,0.885969,0.812654,87,53,54,41,0,0,0,0,263,129,133,82
2026/02/04/17:14:49,4780.522687,0.885969,0.812654,0.885969,0.812654,87,53,54,41,0,0,0,0,263,129,133,82
2026/02/04/17:14:50,4781.523127,0.885969,0.812654,0.885969,0.812654,87,53,54,41,0,0,0,0,263,129,133,82
2026/02/04/17:14:51,4782.523806,0.885969,0.812654,0.885969,0.812654,87,53,54,41,0,0,0,0,263,129,133,82
2026/02/04/17:14:52,4783.524279,0.885969,0.812654,0.885969,0.812654,87,53,54,41,0,0,0,0,263,129,133,82
2026/02/04/17:14:53,4784.524709,0.885969,0.812654,0.885969,0.812654,87,53,54,41,0,0,0,0,263,129,133,82
2026/02/04/17:14:54,4785.525279,0.889594,0.820654,0.889594,0.820654,89,53,54,41,0,0,0,0,263,129,133,82
2026/02/04/17:14:55,4786.525853,0.889594,0.820654,0.889594,0.820654,89,53,54,41,0,0,0,0,263,129,133,82
2026/02/04/17:14:56,4787.526290,0.889594,0.820654,0.889594,0.820654,89,53,54,41,0,0,0,0,263,129,133,82
2026/02/04/17:14:57,4788.526729,0.885969,0.812654,0.885969,0.812654,87,53,54,41,0,0,0,0,265,129,133,82
2026/02/04/17:14:58,4789.527281,0.885969,0.812654,0.885969,0.812654,87,53,54,41,0,0,0,0,265,129,133,82
2026/02/04/17:14:59,4790.527796,0.885969,0.812654,0.885969,0.812654,87,53,54,41,0,0,0,0,265,129,133,82
2026/02/04/17:15:00,4791.528333,0.892969,0.817780,0.892969,0.817780,89,53,55,41,0,0,0,0,265,129,133,82
2026/02/04/17:15:01,4792.528946,0.892969,0.817780,0.892969,0.817780,89,53,55,41,0,0,0,0,265,129,133,82
2026/02/04/17:15:02,4793.529394,0.892969,0.817780,0.892969,0.817780,89,53,55,41,0,0,0,0,265,129,133,82
2026/02/04/17:15:03,4794.529927,0.892969,0.817780,0.892969,0.817780,89,53,55,41,0,0,0,0,265,129,133,82
2026/02/04/17:15:04,4795.530557,0.892969,0.817780,0.892969,0.817780,89,53,55,41,0,0,0,0,265,129,133,82
2026/02/04/17:15:05,4796.531097,0.892969,0.817780,0.892969,0.817780,89,53,55,41,0,0,0,0,265,129,133,82
2026/02/04/17:15:06,4797.531569,0.889156,0.814237,0.889156,0.814237,87,53,55,41,0,0,0,0,267,129,133,82
2026/02/04/17:15:07,4798.532130,0.889156,0.814237,0.889156,0.814237,87,53,55,41,0,0,0,0,267,129,133,82
2026/02/04/17:15:08,4799.532662,0.889156,0.814237,0.889156,0.814237,87,53,55,41,0,0,0,0,267,129,133,82
2026/02/04/17:15:09,4800.533322,0.890719,0.820208,0.890719,0.820208,87,54,55,41,0,0,0,0,267,129,133,82
2026/02/04/17:15:10,4801.533823,0.890719,0.820208,0.890719,0.820208,87,54,55,41,0,0,0,0,267,129,133,82
2026/02/04/17:15:11,4802.534357,0.890719,0.820208,0.890719,0.820208,87,54,55,41,0,0,0,0,267,129,133,82
2026/02/04/17:15:12,4803.534902,0.889156,0.814237,0.889156,0.814237,87,53,55,41,0,0,0,0,267,130,133,82
2026/02/04/17:15:13,4804.535354,0.889156,0.814237,0.889156,0.814237,87,53,55,41,0,0,0,0,267,130,133,82
2026/02/04/17:15:14,4805.535947,0.889156,0.814237,0.889156,0.814237,87,53,55,41,0,0,0,0,267,130,133,82
2026/02/04/17:15:15,4806.536640,0.889156,0.814237,0.889156,0.814237,87,53,55,41,0,0,0,0,267,130,133,82
2026/02/04/17:15:16,4807.537268,0.889156,0.814237,0.889156,0.814237,87,53,55,41,0,0,0,0,267,130,133,82
2026/02/04/17:15:17,4808.537843,0.889156,0.814237,0.889156,0.814237,87,53,55,41,0,0,0,0,267,130,133,82
2026/02/04/17:15:18,4809.538519,0.889156,0.814237,0.889156,0.814237,87,53,55,41,0,0,0,0,267,130,133,82
2026/02/04/17:15:19,4810.539229,0.889156,0.814237,0.889156,0.814237,87,53,55,41,0,0,0,0,267,130,133,82
2026/02/04/17:15:20,4811.539746,0.889156,0.814237,0.889156,0.814237,87,53,55,41,0,0,0,0,267,130,133,82
2026/02/04/17:15:21,4812.540237,0.889156,0.814237,0.889156,0.814237,87,53,55,41,0,0,0,0,267,130,133,82
2026/02/04/17:15:22,4813.540717,0.889156,0.814237,0.889156,0.814237,87,53,55,41,0,0,0,0,267,130,133,82
2026/02/04/17:15:23,4814.541329,0.885969,0.810892,0.885969,0.810892,87,51,55,41,0,0,0,0,267,132,133,82
2026/02/04/17:15:24,4815.541906,0.885969,0.810892,0.885969,0.810892,87,51,55,41,0,0,0,0,267,132,133,82
2026/02/04/17:15:25,4816.542584,0.885969,0.810892,0.885969,0.810892,87,51,55,41,0,0,0,0,267,132,133,82
2026/02/04/17:15:26,4817.543284,0.885969,0.810892,0.885969,0.810892,87,51,55,41,0,0,0,0,267,132,133,82
2026/02/04/17:15:27,4818.543842,0.885969,0.810892,0.885969,0.810892,87,51,55,41,0,0,0,0,267,132,133,82
2026/02/04/17:15:28,4819.544360,0.885969,0.810892,0.885969,0.810892,87,51,55,41,0,0,0,0,267,132,133,82
2026/02/04/17:15:29,4820.544922,0.885969,0.810892,0.885969,0.810892,87,51,55,41,0,0,0,0,267,132,133,82
2026/02/04/17:15:30,4821.545443,0.889844,0.814759,0.889844,0.814759,87,53,55,41,0,0,0,0,267,132,133,82
2026/02/04/17:15:31,4822.545906,0.889844,0.814759,0.889844,0.814759,87,53,55,41,0,0,0,0,267,132,133,82
2026/02/04/17:15:32,4823.546379,0.889844,0.814759,0.889844,0.814759,87,53,55,41,0,0,0,0,267,132,133,82
2026/02/04/17:15:33,4824.546981,0.889844,0.814759,0.889844,0.814759,87,53,55,41,0,0,0,0,267,132,133,82
2026/02/04/17:15:34,4825.547679,0.889844,0.814759,0.889844,0.814759,87,53,55,41,0,0,0,0,267,132,133,82
2026/02/04/17:15:35,4826.548204,0.885969,0.810892,0.885969,0.810892,87,51,55,41,0,0,0,0,267,134,133,82
2026/02/04/17:15:36,4827.548660,0.885969,0.810892,0.885969,0.810892,87,51,55,41,0,0,0,0,267,134,133,82
2026/02/04/17:15:37,4828.549269,0.885969,0.810892,0.885969,0.810892,87,51,55,41,0,0,0,0,267,134,133,82
2026/02/04/17:15:38,4829.549850,0.885969,0.810892,0.885969,0.810892,87,51,55,41,0,0,0,0,267,134,133,82
2026/02/04/17:15:39,4830.550289,0.885969,0.810892,0.885969,0.810892,87,51,55,41,0,0,0,0,267,134,133,82
2026/02/04/17:15:40,4831.550882,0.885969,0.810892,0.885969,0.810892,87,51,55,41,0,0,0,0,267,134,133,82
2026/02/04/17:15:41,4832.551416,0.885969,0.810892,0.885969,0.810892,87,51,55,41,0,0,0,0,267,134,133,82
2026/02/04/17:15:42,4833.552039,0.885969,0.810892,0.885969,0.810892,87,51,55,41,0,0,0,0,267,134,133,82
2026/02/04/17:15:43,4834.552482,0.885969,0.810892,0.885969,0.810892,87,51,55,41,0,0,0,0,267,134,133,82
2026/02/04/17:15:44,4835.553059,0.885969,0.810892,0.885969,0.810892,87,51,55,41,0,0,0,0,267,134,133,82
2026/02/04/17:15:45,4836.553649,0.885969,0.810892,0.885969,0.810892,87,51,55,41,0,0,0,0,267,134,133,82
2026/02/04/17:15:46,4837.554190,0.885969,0.810892,0.885969,0.810892,87,51,55,41,0,0,0,0,267,134,133,82
2026/02/04/17:15:47,4838.554865,0.885969,0.810892,0.885969,0.810892,87,51,55,41,0,0,0,0,267,134,133,82
2026/02/04/17:15:48,4839.555373,0.885969,0.810892,0.885969,0.810892,87,51,55,41,0,0,0,0,267,134,133,82
2026/02/04/17:15:49,4840.555958,0.885969,0.810892,0.885969,0.810892,87,51,55,41,0,0,0,0,267,134,133,82
2026/02/04/17:15:50,4841.556566,0.885969,0.810892,0.885969,0.810892,87,51,55,41,0,0,0,0,267,134,133,82
2026/02/04/17:15:51,4842.557117,0.885969,0.810892,0.885969,0.810892,87,51,55,41,0,0,0,0,267,134,133,82
2026/02/04/17:15:52,4843.557576,0.885969,0.810892,0.885969,0.810892,87,51,55,41,0,0,0,0,267,134,133,82
2026/02/04/17:15:53,4844.558120,0.885969,0.810892,0.885969,0.810892,87,51,55,41,0,0,0,0,267,134,133,82
2026/02/04/17:15:54,4845.558578,0.885969,0.810892,0.885969,0.810892,87,51,55,41,0,0,0,0,267,134,133,82
2026/02/04/17:15:55,4846.559371,0.885969,0.810892,0.885969,0.810892,87,51,55,41,0,0,0,0,267,134,133,82
2026/02/04/17:15:56,4847.559824,0.885969,0.810892,0.885969,0.810892,87,51,55,41,0,0,0,0,267,134,133,82
2026/02/04/17:15:57,4848.560432,0.885969,0.810892,0.885969,0.810892,87,51,55,41,0,0,0,0,267,134,133,82
2026/02/04/17:15:58,4849.561224,0.885969,0.810892,0.885969,0.810892,87,51,55,41,0,0,0,0,267,134,133,82
2026/02/04/17:15:59,4850.561859,0.885969,0.810892,0.885969,0.810892,87,51,55,41,0,0,0,0,267,134,133,82
2026/02/04/17:16:00,4851.562468,0.885969,0.810892,0.885969,0.810892,87,51,55,41,0,0,0,0,267,134,133,82
2026/02/04/17:16:01,4852.562935,0.885969,0.810892,0.885969,0.810892,87,51,55,41,0,0,0,0,267,134,133,82
2026/02/04/17:16:02,4853.563289,0.885969,0.810892,0.885969,0.810892,87,51,55,41,0,0,0,0,267,134,133,82
2026/02/04/17:16:03,4854.564113,0.885969,0.810892,0.885969,0.810892,87,51,55,41,0,0,0,0,267,134,133,82
2026/02/04/17:16:04,4855.564615,0.885969,0.810892,0.885969,0.810892,87,51,55,41,0,0,0,0,267,134,133,82
2026/02/04/17:16:05,4856.565247,0.885969,0.810892,0.885969,0.810892,87,51,55,41,0,0,0,0,267,134,133,82
2026/02/04/17:16:06,4857.565751,0.885969,0.810892,0.885969,0.810892,87,51,55,41,0,0,0,0,267,134,133,82
2026/02/04/17:16:07,4858.566443,0.885969,0.810892,0.885969,0.810892,87,51,55,41,0,0,0,0,267,134,133,82
2026/02/04/17:16:08,4859.567226,0.885969,0.810892,0.885969,0.810892,87,51,55,41,0,0,0,0,267,134,133,82
2026/02/04/17:16:09,4860.568054,0.885969,0.810892,0.885969,0.810892,87,51,55,41,0,0,0,0,267,134,133,82
2026/02/04/17:16:10,4861.568588,0.877844,0.794006,0.877844,0.794006,87,51,55,39,0,0,0,0,267,134,133,84
2026/02/04/17:16:11,4862.569195,0.877844,0.794006,0.877844,0.794006,87,51,55,39,0,0,0,0,267,134,133,84
2026/02/04/17:16:12,4863.569909,0.877844,0.794006,0.877844,0.794006,87,51,55,39,0,0,0,0,267,134,133,84
2026/02/04/17:16:13,4864.570560,0.877844,0.794006,0.877844,0.794006,87,51,55,39,0,0,0,0,267,134,133,84
2026/02/04/17:16:14,4865.571081,0.877844,0.794006,0.877844,0.794006,87,51,55,39,0,0,0,0,267,134,133,84
2026/02/04/17:16:15,4866.571574,0.877844,0.794006,0.877844,0.794006,87,51,55,39,0,0,0,0,267,134,133,84
2026/02/04/17:16:16,4867.572043,0.877844,0.794006,0.877844,0.794006,87,51,55,39,0,0,0,0,267,134,133,84
2026/02/04/17:16:17,4868.572633,0.877844,0.794006,0.877844,0.794006,87,51,55,39,0,0,0,0,267,134,133,84
2026/02/04/17:16:18,4869.573313,0.877844,0.794006,0.877844,0.794006,87,51,55,39,0,0,0,0,267,134,133,84
2026/02/04/17:16:19,4870.573911,0.877844,0.794006,0.877844,0.794006,87,51,55,39,0,0,0,0,267,134,133,84
2026/02/04/17:16:20,4871.574460,0.877844,0.794006,0.877844,0.794006,87,51,55,39,0,0,0,0,267,134,133,84
2026/02/04/17:16:21,4872.575039,0.877844,0.794006,0.877844,0.794006,87,51,55,39,0,0,0,0,267,134,133,84
2026/02/04/17:16:22,4873.575588,0.877844,0.794006,0.877844,0.794006,87,51,55,39,0,0,0,0,267,134,133,84
2026/02/04/17:16:23,4874.576291,0.877844,0.794006,0.877844,0.794006,87,51,55,39,0,0,0,0,267,134,133,84
2026/02/04/17:16:24,4875.576822,0.877844,0.794006,0.877844,0.794006,87,51,55,39,0,0,0,0,267,134,133,84
2026/02/04/17:16:25,4876.577363,0.877844,0.794006,0.877844,0.794006,87,51,55,39,0,0,0,0,267,134,133,84
2026/02/04/17:16:26,4877.577969,0.877844,0.794006,0.877844,0.794006,87,51,55,39,0,0,0,0,267,134,133,84
2026/02/04/17:16:27,4878.578482,0.877844,0.794006,0.877844,0.794006,87,51,55,39,0,0,0,0,267,134,133,84
2026/02/04/17:16:28,4879.578968,0.877844,0.794006,0.877844,0.794006,87,51,55,39,0,0,0,0,267,134,133,84
2026/02/04/17:16:29,4880.579612,0.877844,0.794006,0.877844,0.794006,87,51,55,39,0,0,0,0,267,134,133,84
2026/02/04/17:16:30,4881.580163,0.877844,0.794006,0.877844,0.794006,87,51,55,39,0,0,0,0,267,134,133,84
2026/02/04/17:16:31,4882.580784,0.877844,0.794006,0.877844,0.794006,87,51,55,39,0,0,0,0,267,134,133,84
2026/02/04/17:16:32,4883.581324,0.877844,0.794006,0.877844,0.794006,87,51,55,39,0,0,0,0,267,134,133,84
2026/02/04/17:16:33,4884.581856,0.877844,0.794006,0.877844,0.794006,87,51,55,39,0,0,0,0,267,134,133,84
2026/02/04/17:16:34,4885.582483,0.877844,0.794006,0.877844,0.794006,87,51,55,39,0,0,0,0,267,134,133,84
2026/02/04/17:16:35,4886.582987,0.877844,0.794006,0.877844,0.794006,87,51,55,39,0,0,0,0,267,134,133,84
2026/02/04/17:16:36,4887.583589,0.877844,0.794006,0.877844,0.794006,87,51,55,39,0,0,0,0,267,134,133,84
2026/02/04/17:16:37,4888.584237,0.877844,0.794006,0.877844,0.794006,87,51,55,39,0,0,0,0,267,134,133,84
2026/02/04/17:16:38,4889.584644,0.877844,0.794006,0.877844,0.794006,87,51,55,39,0,0,0,0,267,134,133,84
2026/02/04/17:16:39,4890.585188,0.877844,0.794006,0.877844,0.794006,87,51,55,39,0,0,0,0,267,134,133,84
2026/02/04/17:16:40,4891.585730,0.873156,0.787627,0.873156,0.787627,84,51,55,39,0,0,0,0,270,134,133,84
2026/02/04/17:16:41,4892.586500,0.873156,0.787627,0.873156,0.787627,84,51,55,39,0,0,0,0,270,134,133,84
2026/02/04/17:16:42,4893.587035,0.873156,0.787627,0.873156,0.787627,84,51,55,39,0,0,0,0,270,134,133,84
2026/02/04/17:16:43,4894.587704,0.873156,0.787627,0.873156,0.787627,84,51,55,39,0,0,0,0,270,134,133,84
2026/02/04/17:16:44,4895.588191,0.873156,0.787627,0.873156,0.787627,84,51,55,39,0,0,0,0,270,134,133,84
2026/02/04/17:16:45,4896.588926,0.873156,0.787627,0.873156,0.787627,84,51,55,39,0,0,0,0,270,134,133,84
2026/02/04/17:16:46,4897.589401,0.873156,0.787627,0.873156,0.787627,84,51,55,39,0,0,0,0,270,134,133,84
2026/02/04/17:16:47,4898.590087,0.873156,0.787627,0.873156,0.787627,84,51,55,39,0,0,0,0,270,134,133,84
2026/02/04/17:16:48,4899.590693,0.873156,0.787627,0.873156,0.787627,84,51,55,39,0,0,0,0,270,134,133,84
2026/02/04/17:16:49,4900.591317,0.873156,0.787627,0.873156,0.787627,84,51,55,39,0,0,0,0,270,134,133,84
2026/02/04/17:16:50,4901.592855,0.873156,0.787627,0.873156,0.787627,84,51,55,39,0,0,0,0,270,134,133,84
2026/02/04/17:16:51,4902.593349,0.873156,0.787627,0.873156,0.787627,84,51,55,39,0,0,0,0,270,134,133,84
2026/02/04/17:16:52,4903.593898,0.873156,0.787627,0.873156,0.787627,84,51,55,39,0,0,0,0,270,134,133,84
2026/02/04/17:16:53,4904.594538,0.873156,0.787627,0.873156,0.787627,84,51,55,39,0,0,0,0,270,134,133,84
2026/02/04/17:16:54,4905.595093,0.873156,0.787627,0.873156,0.787627,84,51,55,39,0,0,0,0,270,134,133,84
2026/02/04/17:16:55,4906.595619,0.873156,0.787627,0.873156,0.787627,84,51,55,39,0,0,0,0,270,134,133,84
2026/02/04/17:16:56,4907.596103,0.873156,0.787627,0.873156,0.787627,84,51,55,39,0,0,0,0,270,134,133,84
2026/02/04/17:16:57,4908.596569,0.873156,0.787627,0.873156,0.787627,84,51,55,39,0,0,0,0,270,134,133,84
2026/02/04/17:16:58,4909.597177,0.873156,0.787627,0.873156,0.787627,84,51,55,39,0,0,0,0,270,134,133,84
2026/02/04/17:16:59,4910.597790,0.869313,0.785635,0.869313,0.785635,83,51,55,39,0,0,0,0,271,134,133,84
2026/02/04/17:17:00,4911.598305,0.869313,0.785635,0.869313,0.785635,83,51,55,39,0,0,0,0,271,134,133,84
2026/02/04/17:17:01,4912.598741,0.866125,0.784052,0.866125,0.784052,83,51,54,39,0,0,0,0,271,134,134,84
2026/02/04/17:17:02,4913.599423,0.866125,0.784052,0.866125,0.784052,83,51,54,39,0,0,0,0,271,134,134,84
2026/02/04/17:17:03,4914.600145,0.866125,0.784052,0.866125,0.784052,83,51,54,39,0,0,0,0,271,134,134,84
2026/02/04/17:17:04,4915.600693,0.866125,0.784052,0.866125,0.784052,83,51,54,39,0,0,0,0,271,134,134,84
2026/02/04/17:17:05,4916.601235,0.866125,0.784052,0.866125,0.784052,83,51,54,39,0,0,0,0,271,134,134,84
2026/02/04/17:17:06,4917.601953,0.866125,0.784052,0.866125,0.784052,83,51,54,39,0,0,0,0,271,134,134,84
2026/02/04/17:17:07,4918.602630,0.866125,0.784052,0.866125,0.784052,83,51,54,39,0,0,0,0,271,134,134,84
2026/02/04/17:17:08,4919.603258,0.866125,0.784052,0.866125,0.784052,83,51,54,39,0,0,0,0,271,134,134,84
2026/02/04/17:17:09,4920.603728,0.866125,0.784052,0.866125,0.784052,83,51,54,39,0,0,0,0,271,134,134,84
2026/02/04/17:17:10,4921.604450,0.866125,0.784052,0.866125,0.784052,83,51,54,39,0,0,0,0,271,134,134,84
2026/02/04/17:17:11,4922.605059,0.866125,0.784052,0.866125,0.784052,83,51,54,39,0,0,0,0,271,134,134,84
2026/02/04/17:17:12,4923.605605,0.866125,0.784052,0.866125,0.784052,83,51,54,39,0,0,0,0,271,134,134,84
2026/02/04/17:17:13,4924.606354,0.866125,0.784052,0.866125,0.784052,83,51,54,39,0,0,0,0,271,134,134,84
2026/02/04/17:17:14,4925.606959,0.866125,0.784052,0.866125,0.784052,83,51,54,39,0,0,0,0,271,134,134,84
2026/02/04/17:17:15,4926.607709,0.866125,0.784052,0.866125,0.784052,83,51,54,39,0,0,0,0,271,134,134,84
2026/02/04/17:17:16,4927.608264,0.866125,0.784052,0.866125,0.784052,83,51,54,39,0,0,0,0,271,134,134,84
2026/02/04/17:17:17,4928.608747,0.866125,0.784052,0.866125,0.784052,83,51,54,39,0,0,0,0,271,134,134,84
2026/02/04/17:17:18,4929.609513,0.866125,0.784052,0.866125,0.784052,83,51,54,39,0,0,0,0,271,134,134,84
2026/02/04/17:17:19,4930.610155,0.866125,0.784052,0.866125,0.784052,83,51,54,39,0,0,0,0,271,134,134,84
2026/02/04/17:17:20,4931.610773,0.866125,0.784052,0.866125,0.784052,83,51,54,39,0,0,0,0,271,134,134,84
2026/02/04/17:17:21,4932.611322,0.866125,0.784052,0.866125,0.784052,83,51,54,39,0,0,0,0,271,134,134,84
2026/02/04/17:17:22,4933.611883,0.866125,0.784052,0.866125,0.784052,83,51,54,39,0,0,0,0,271,134,134,84
2026/02/04/17:17:23,4934.612386,0.866125,0.784052,0.866125,0.784052,83,51,54,39,0,0,0,0,271,134,134,84
2026/02/04/17:17:24,4935.613090,0.866125,0.784052,0.866125,0.784052,83,51,54,39,0,0,0,0,271,134,134,84
2026/02/04/17:17:25,4936.613519,0.866125,0.784052,0.866125,0.784052,83,51,54,39,0,0,0,0,271,134,134,84
2026/02/04/17:17:26,4937.614229,0.866125,0.784052,0.866125,0.784052,83,51,54,39,0,0,0,0,271,134,134,84
2026/02/04/17:17:27,4938.614870,0.866125,0.784052,0.866125,0.784052,83,51,54,39,0,0,0,0,271,134,134,84
2026/02/04/17:17:28,4939.615330,0.866125,0.784052,0.866125,0.784052,83,51,54,39,0,0,0,0,271,134,134,84
2026/02/04/17:17:29,4940.615993,0.866125,0.784052,0.866125,0.784052,83,51,54,39,0,0,0,0,271,134,134,84
2026/02/04/17:17:30,4941.617135,0.866125,0.784052,0.866125,0.784052,83,51,54,39,0,0,0,0,271,134,134,84
2026/02/04/17:17:31,4942.617616,0.866125,0.784052,0.866125,0.784052,83,51,54,39,0,0,0,0,271,134,134,84
2026/02/04/17:17:32,4943.618278,0.866125,0.784052,0.866125,0.784052,83,51,54,39,0,0,0,0,271,134,134,84
2026/02/04/17:17:33,4944.618897,0.866125,0.784052,0.866125,0.784052,83,51,54,39,0,0,0,0,271,134,134,84
2026/02/04/17:17:34,4945.619517,0.866125,0.784052,0.866125,0.784052,83,51,54,39,0,0,0,0,271,134,134,84
2026/02/04/17:17:35,4946.620133,0.866125,0.784052,0.866125,0.784052,83,51,54,39,0,0,0,0,271,134,134,84
2026/02/04/17:17:36,4947.620733,0.866125,0.784052,0.866125,0.784052,83,51,54,39,0,0,0,0,271,134,134,84
2026/02/04/17:17:37,4948.621377,0.866125,0.784052,0.866125,0.784052,83,51,54,39,0,0,0,0,271,134,134,84
2026/02/04/17:17:38,4949.622014,0.866125,0.784052,0.866125,0.784052,83,51,54,39,0,0,0,0,271,134,134,84
2026/02/04/17:17:39,4950.622640,0.866125,0.784052,0.866125,0.784052,83,51,54,39,0,0,0,0,271,134,134,84
2026/02/04/17:17:40,4951.623313,0.866125,0.784052,0.866125,0.784052,83,51,54,39,0,0,0,0,271,134,134,84
2026/02/04/17:17:41,4952.623863,0.866125,0.784052,0.866125,0.784052,83,51,54,39,0,0,0,0,271,134,134,84
2026/02/04/17:17:42,4953.624449,0.866125,0.784052,0.866125,0.784052,83,51,54,39,0,0,0,0,271,134,134,84
2026/02/04/17:17:43,4954.625038,0.866125,0.784052,0.866125,0.784052,83,51,54,39,0,0,0,0,271,134,134,84
2026/02/04/17:17:44,4955.625810,0.866125,0.784052,0.866125,0.784052,83,51,54,39,0,0,0,0,271,134,134,84
2026/02/04/17:17:45,4956.626607,0.866125,0.784052,0.866125,0.784052,83,51,54,39,0,0,0,0,271,134,134,84
2026/02/04/17:17:46,4957.627388,0.866125,0.784052,0.866125,0.784052,83,51,54,39,0,0,0,0,271,134,134,84
2026/02/04/17:17:47,4958.628119,0.866125,0.784052,0.866125,0.784052,83,51,54,39,0,0,0,0,271,134,134,84
2026/02/04/17:17:48,4959.628911,0.866125,0.784052,0.866125,0.784052,83,51,54,39,0,0,0,0,271,134,134,84
2026/02/04/17:17:49,4960.629633,0.866125,0.784052,0.866125,0.784052,83,51,54,39,0,0,0,0,271,134,134,84
2026/02/04/17:17:50,4961.630322,0.866125,0.784052,0.866125,0.784052,83,51,54,39,0,0,0,0,271,134,134,84
2026/02/04/17:17:51,4962.630981,0.866125,0.784052,0.866125,0.784052,83,51,54,39,0,0,0,0,271,134,134,84
2026/02/04/17:17:52,4963.631495,0.866125,0.784052,0.866125,0.784052,83,51,54,39,0,0,0,0,271,134,134,84
2026/02/04/17:17:53,4964.632050,0.866125,0.784052,0.866125,0.784052,83,51,54,39,0,0,0,0,271,134,134,84
2026/02/04/17:17:54,4965.632585,0.866125,0.784052,0.866125,0.784052,83,51,54,39,0,0,0,0,271,134,134,84
2026/02/04/17:17:55,4966.633133,0.866125,0.784052,0.866125,0.784052,83,51,54,39,0,0,0,0,271,134,134,84
2026/02/04/17:17:56,4967.633720,0.866125,0.784052,0.866125,0.784052,83,51,54,39,0,0,0,0,271,134,134,84
2026/02/04/17:17:57,4968.634142,0.866125,0.784052,0.866125,0.784052,83,51,54,39,0,0,0,0,271,134,134,84
2026/02/04/17:17:58,4969.634825,0.866125,0.784052,0.866125,0.784052,83,51,54,39,0,0,0,0,271,134,134,84
2026/02/04/17:17:59,4970.635377,0.866125,0.784052,0.866125,0.784052,83,51,54,39,0,0,0,0,271,134,134,84
2026/02/04/17:18:00,4971.635926,0.866125,0.784052,0.866125,0.784052,83,51,54,39,0,0,0,0,271,134,134,84
2026/02/04/17:18:01,4972.636463,0.866125,0.784052,0.866125,0.784052,83,51,54,39,0,0,0,0,271,134,134,84
2026/02/04/17:18:02,4973.636905,0.866125,0.784052,0.866125,0.784052,83,51,54,39,0,0,0,0,271,134,134,84
2026/02/04/17:18:03,4974.637511,0.866125,0.784052,0.866125,0.784052,83,51,54,39,0,0,0,0,271,134,134,84
2026/02/04/17:18:04,4975.638033,0.866125,0.784052,0.866125,0.784052,83,51,54,39,0,0,0,0,271,134,134,84
2026/02/04/17:18:05,4976.638708,0.866125,0.784052,0.866125,0.784052,83,51,54,39,0,0,0,0,271,134,134,84
2026/02/04/17:18:06,4977.639350,0.866125,0.784052,0.866125,0.784052,83,51,54,39,0,0,0,0,271,134,134,84
2026/02/04/17:18:07,4978.639977,0.866125,0.784052,0.866125,0.784052,83,51,54,39,0,0,0,0,271,134,134,84
2026/02/04/17:18:08,4979.640627,0.866125,0.784052,0.866125,0.784052,83,51,54,39,0,0,0,0,271,134,134,84
2026/02/04/17:18:09,4980.641389,0.866125,0.784052,0.866125,0.784052,83,51,54,39,0,0,0,0,271,134,134,84
2026/02/04/17:18:10,4981.641872,0.866125,0.784052,0.866125,0.784052,83,51,54,39,0,0,0,0,271,134,134,84
2026/02/04/17:18:11,4982.642443,0.866125,0.784052,0.866125,0.784052,83,51,54,39,0,0,0,0,271,134,134,84
2026/02/04/17:18:12,4983.643164,0.866125,0.784052,0.866125,0.784052,83,51,54,39,0,0,0,0,271,134,134,84
2026/02/04/17:18:13,4984.643728,0.866125,0.784052,0.866125,0.784052,83,51,54,39,0,0,0,0,271,134,134,84
2026/02/04/17:18:14,4985.644277,0.866125,0.784052,0.866125,0.784052,83,51,54,39,0,0,0,0,271,134,134,84
2026/02/04/17:18:15,4986.644827,0.866125,0.784052,0.866125,0.784052,83,51,54,39,0,0,0,0,271,134,134,84
2026/02/04/17:18:16,4987.645514,0.866125,0.784052,0.866125,0.784052,83,51,54,39,0,0,0,0,271,134,134,84
2026/02/04/17:18:17,4988.646243,0.866125,0.784052,0.866125,0.784052,83,51,54,39,0,0,0,0,271,134,134,84
2026/02/04/17:18:18,4989.646741,0.866125,0.784052,0.866125,0.784052,83,51,54,39,0,0,0,0,271,134,134,84
2026/02/04/17:18:19,4990.647439,0.866125,0.784052,0.866125,0.784052,83,51,54,39,0,0,0,0,271,134,134,84
2026/02/04/17:18:20,4991.647936,0.889844,0.803061,0.889844,0.803061,87,51,54,39,0,0,0,0,271,134,134,84
2026/02/04/17:18:21,4992.648493,0.904500,0.809024,0.926063,0.813922,88,51,55,39,2,0,0,0,271,134,134,84
2026/02/04/17:18:22,4993.649031,0.904500,0.809024,0.926063,0.813922,88,51,55,39,2,0,0,0,271,134,134,84
2026/02/04/17:18:23,4994.649556,0.900625,0.805511,0.922188,0.810409,88,51,54,39,2,0,0,0,271,134,135,84
2026/02/04/17:18:24,4995.650127,0.900625,0.805511,0.922188,0.810409,88,51,54,39,2,0,0,0,271,134,135,84
2026/02/04/17:18:25,4996.650731,0.900625,0.805511,0.922188,0.810409,88,51,54,39,2,0,0,0,271,134,135,84
2026/02/04/17:18:26,4997.651279,0.889844,0.803061,0.889844,0.803061,87,51,54,39,0,0,0,0,272,134,135,84
2026/02/04/17:18:27,4998.651675,0.889844,0.803061,0.889844,0.803061,87,51,54,39,0,0,0,0,272,134,135,84
2026/02/04/17:18:28,4999.652118,0.867812,0.796800,0.867812,0.796800,84,51,54,39,0,0,0,0,275,134,135,84
2026/02/04/17:18:29,5000.652637,0.885563,0.811709,0.885563,0.811709,87,53,55,39,0,0,0,0,275,134,135,84
2026/02/04/17:18:30,5001.653203,0.885563,0.811709,0.885563,0.811709,87,53,55,39,0,0,0,0,275,134,135,84
2026/02/04/17:18:31,5002.653701,0.885563,0.811709,0.885563,0.811709,87,53,55,39,0,0,0,0,275,134,135,84
2026/02/04/17:18:32,5003.654245,0.883406,0.808548,0.883406,0.808548,86,53,55,39,0,0,0,0,276,134,135,84
2026/02/04/17:18:33,5004.654938,0.883406,0.808548,0.883406,0.808548,86,53,55,39,0,0,0,0,276,134,135,84
2026/02/04/17:18:34,5005.655605,0.880094,0.802214,0.880094,0.802214,86,51,55,39,0,0,0,0,276,136,135,84
2026/02/04/17:18:35,5006.656141,0.869406,0.798542,0.869406,0.798542,84,51,55,39,0,0,0,0,278,136,135,84
2026/02/04/17:18:36,5007.656701,0.869406,0.798542,0.869406,0.798542,84,51,55,39,0,0,0,0,278,136,135,84
2026/02/04/17:18:37,5008.657266,0.869406,0.798542,0.869406,0.798542,84,51,55,39,0,0,0,0,278,136,135,84
2026/02/04/17:18:38,5009.657930,0.869406,0.798542,0.869406,0.798542,84,51,55,39,0,0,0,0,278,136,135,84
2026/02/04/17:18:39,5010.658410,0.869406,0.798542,0.869406,0.798542,84,51,55,39,0,0,0,0,278,136,135,84
2026/02/04/17:18:40,5011.658952,0.867812,0.796800,0.867812,0.796800,84,51,54,39,0,0,0,0,278,136,136,84
2026/02/04/17:18:41,5012.659574,0.867812,0.796800,0.867812,0.796800,84,51,54,39,0,0,0,0,278,136,136,84
2026/02/04/17:18:42,5013.660121,0.867812,0.796800,0.867812,0.796800,84,51,54,39,0,0,0,0,278,136,136,84
2026/02/04/17:18:43,5014.661134,0.867812,0.796800,0.867812,0.796800,84,51,54,39,0,0,0,0,278,136,136,84
2026/02/04/17:18:44,5015.661627,0.867812,0.796800,0.867812,0.796800,84,51,54,39,0,0,0,0,278,136,136,84
2026/02/04/17:18:45,5016.662229,0.867812,0.796800,0.867812,0.796800,84,51,54,39,0,0,0,0,278,136,136,84
2026/02/04/17:18:46,5017.662943,0.867812,0.796800,0.867812,0.796800,84,51,54,39,0,0,0,0,278,136,136,84
2026/02/04/17:18:47,5018.663590,0.867812,0.796800,0.867812,0.796800,84,51,54,39,0,0,0,0,278,136,136,84
2026/02/04/17:18:48,5019.664271,0.867812,0.796800,0.867812,0.796800,84,51,54,39,0,0,0,0,278,136,136,84
2026/02/04/17:18:49,5020.664996,0.867812,0.796800,0.867812,0.796800,84,51,54,39,0,0,0,0,278,136,136,84
2026/02/04/17:18:50,5021.665686,0.867812,0.796800,0.867812,0.796800,84,51,54,39,0,0,0,0,278,136,136,84
2026/02/04/17:18:51,5022.666341,0.867812,0.796800,0.867812,0.796800,84,51,54,39,0,0,0,0,278,136,136,84
2026/02/04/17:18:52,5023.666950,0.867812,0.796800,0.867812,0.796800,84,51,54,39,0,0,0,0,278,136,136,84
2026/02/04/17:18:53,5024.667650,0.867812,0.796800,0.867812,0.796800,84,51,54,39,0,0,0,0,278,136,136,84
2026/02/04/17:18:54,5025.668279,0.867812,0.796800,0.867812,0.796800,84,51,54,39,0,0,0,0,278,136,136,84
2026/02/04/17:18:55,5026.668834,0.867812,0.796800,0.867812,0.796800,84,51,54,39,0,0,0,0,278,136,136,84
2026/02/04/17:18:56,5027.669486,0.867812,0.796800,0.867812,0.796800,84,51,54,39,0,0,0,0,278,136,136,84
2026/02/04/17:18:57,5028.669886,0.867812,0.796800,0.867812,0.796800,84,51,54,39,0,0,0,0,278,136,136,84
2026/02/04/17:18:58,5029.670397,0.867812,0.796800,0.867812,0.796800,84,51,54,39,0,0,0,0,278,136,136,84
2026/02/04/17:18:59,5030.670904,0.867812,0.796800,0.867812,0.796800,84,51,54,39,0,0,0,0,278,136,136,84
2026/02/04/17:19:00,5031.671399,0.867812,0.796800,0.867812,0.796800,84,51,54,39,0,0,0,0,278,136,136,84
2026/02/04/17:19:01,5032.671911,0.867812,0.796800,0.867812,0.796800,84,51,54,39,0,0,0,0,278,136,136,84
2026/02/04/17:19:02,5033.672467,0.867812,0.796800,0.867812,0.796800,84,51,54,39,0,0,0,0,278,136,136,84
2026/02/04/17:19:03,5034.673122,0.867812,0.796800,0.867812,0.796800,84,51,54,39,0,0,0,0,278,136,136,84
2026/02/04/17:19:04,5035.673804,0.867812,0.796800,0.867812,0.796800,84,51,54,39,0,0,0,0,278,136,136,84
2026/02/04/17:19:05,5036.674441,0.867812,0.796800,0.867812,0.796800,84,51,54,39,0,0,0,0,278,136,136,84
2026/02/04/17:19:06,5037.675039,0.867812,0.796800,0.867812,0.796800,84,51,54,39,0,0,0,0,278,136,136,84
2026/02/04/17:19:07,5038.675655,0.867812,0.796800,0.867812,0.796800,84,51,54,39,0,0,0,0,278,136,136,84
2026/02/04/17:19:08,5039.676249,0.867812,0.796800,0.867812,0.796800,84,51,54,39,0,0,0,0,278,136,136,84
2026/02/04/17:19:09,5040.676792,0.867812,0.796800,0.867812,0.796800,84,51,54,39,0,0,0,0,278,136,136,84
2026/02/04/17:19:10,5041.677374,0.901125,0.804423,0.901125,0.804423,85,54,54,39,0,0,0,0,278,136,136,84
2026/02/04/17:19:11,5042.678000,0.901125,0.804423,0.901125,0.804423,85,54,54,39,0,0,0,0,278,136,136,84
2026/02/04/17:19:12,5043.678645,0.901125,0.804423,0.901125,0.804423,85,54,54,39,0,0,0,0,278,136,136,84
2026/02/04/17:19:13,5044.679125,0.901125,0.804423,0.901125,0.804423,85,54,54,39,0,0,0,0,278,136,136,84
2026/02/04/17:19:14,5045.679702,0.879938,0.799694,0.879938,0.799694,85,51,54,39,0,0,0,0,278,139,136,84
2026/02/04/17:19:15,5046.680313,0.879938,0.799694,0.879938,0.799694,85,51,54,39,0,0,0,0,278,139,136,84
2026/02/04/17:19:16,5047.680790,0.879938,0.799694,0.879938,0.799694,85,51,54,39,0,0,0,0,278,139,136,84
2026/02/04/17:19:17,5048.681472,0.879938,0.799694,0.879938,0.799694,85,51,54,39,0,0,0,0,278,139,136,84
2026/02/04/17:19:18,5049.682121,0.879938,0.799694,0.879938,0.799694,85,51,54,39,0,0,0,0,278,139,136,84
2026/02/04/17:19:19,5050.682670,0.879938,0.799694,0.879938,0.799694,85,51,54,39,0,0,0,0,278,139,136,84
2026/02/04/17:19:20,5051.683285,0.879938,0.799694,0.879938,0.799694,85,51,54,39,0,0,0,0,278,139,136,84
2026/02/04/17:19:21,5052.683893,0.879938,0.799694,0.879938,0.799694,85,51,54,39,0,0,0,0,278,139,136,84
2026/02/04/17:19:22,5053.684464,0.879938,0.799694,0.879938,0.799694,85,51,54,39,0,0,0,0,278,139,136,84
2026/02/04/17:19:23,5054.684917,0.879938,0.799694,0.879938,0.799694,85,51,54,39,0,0,0,0,278,139,136,84
2026/02/04/17:19:24,5055.685565,0.879938,0.799694,0.879938,0.799694,85,51,54,39,0,0,0,0,278,139,136,84
2026/02/04/17:19:25,5056.686113,0.881687,0.803376,0.881687,0.803376,85,51,55,39,0,0,0,0,278,139,136,84
2026/02/04/17:19:26,5057.686704,0.881687,0.803376,0.881687,0.803376,85,51,55,39,0,0,0,0,278,139,136,84
2026/02/04/17:19:27,5058.687129,0.881687,0.803376,0.881687,0.803376,85,51,55,39,0,0,0,0,278,139,136,84
2026/02/04/17:19:28,5059.687767,0.881687,0.803376,0.881687,0.803376,85,51,55,39,0,0,0,0,278,139,136,84
2026/02/04/17:19:29,5060.688352,0.881687,0.803376,0.881687,0.803376,85,51,55,39,0,0,0,0,278,139,136,84
2026/02/04/17:19:30,5061.688939,0.881687,0.803376,0.881687,0.803376,85,51,55,39,0,0,0,0,278,139,136,84
2026/02/04/17:19:31,5062.689483,0.881687,0.803376,0.881687,0.803376,85,51,55,39,0,0,0,0,278,139,136,84
2026/02/04/17:19:32,5063.690024,0.865844,0.797217,0.865844,0.797217,85,48,55,39,0,0,0,0,278,142,136,84
2026/02/04/17:19:33,5064.690544,0.865844,0.797217,0.865844,0.797217,85,48,55,39,0,0,0,0,278,142,136,84
2026/02/04/17:19:34,5065.691103,0.865844,0.797217,0.865844,0.797217,85,48,55,39,0,0,0,0,278,142,136,84
2026/02/04/17:19:35,5066.691817,0.865844,0.797217,0.865844,0.797217,85,48,55,39,0,0,0,0,278,142,136,84
2026/02/04/17:19:36,5067.692263,0.865844,0.797217,0.865844,0.797217,85,48,55,39,0,0,0,0,278,142,136,84
2026/02/04/17:19:37,5068.692949,0.865844,0.797217,0.865844,0.797217,85,48,55,39,0,0,0,0,278,142,136,84
2026/02/04/17:19:38,5069.693697,0.865844,0.797217,0.865844,0.797217,85,48,55,39,0,0,0,0,278,142,136,84
2026/02/04/17:19:39,5070.694306,0.865844,0.797217,0.865844,0.797217,85,48,55,39,0,0,0,0,278,142,136,84
2026/02/04/17:19:40,5071.695066,0.865844,0.797217,0.865844,0.797217,85,48,55,39,0,0,0,0,278,142,136,84
2026/02/04/17:19:41,5072.695547,0.865844,0.797217,0.865844,0.797217,85,48,55,39,0,0,0,0,278,142,136,84
2026/02/04/17:19:42,5073.696265,0.865844,0.797217,0.865844,0.797217,85,48,55,39,0,0,0,0,278,142,136,84
2026/02/04/17:19:43,5074.696836,0.865844,0.797217,0.865844,0.797217,85,48,55,39,0,0,0,0,278,142,136,84
2026/02/04/17:19:44,5075.697487,0.865844,0.797217,0.865844,0.797217,85,48,55,39,0,0,0,0,278,142,136,84
2026/02/04/17:19:45,5076.698076,0.865844,0.797217,0.865844,0.797217,85,48,55,39,0,0,0,0,278,142,136,84
2026/02/04/17:19:46,5077.698719,0.865844,0.797217,0.865844,0.797217,85,48,55,39,0,0,0,0,278,142,136,84
2026/02/04/17:19:47,5078.699381,0.865844,0.797217,0.865844,0.797217,85,48,55,39,0,0,0,0,278,142,136,84
2026/02/04/17:19:48,5079.699908,0.865844,0.797217,0.865844,0.797217,85,48,55,39,0,0,0,0,278,142,136,84
2026/02/04/17:19:49,5080.700536,0.865844,0.797217,0.865844,0.797217,85,48,55,39,0,0,0,0,278,142,136,84
2026/02/04/17:19:50,5081.701143,0.865844,0.797217,0.865844,0.797217,85,48,55,39,0,0,0,0,278,142,136,84
2026/02/04/17:19:51,5082.701739,0.865844,0.797217,0.865844,0.797217,85,48,55,39,0,0,0,0,278,142,136,84
2026/02/04/17:19:52,5083.702302,0.885125,0.807019,0.885125,0.807019,85,51,55,41,0,0,0,0,278,142,136,84
2026/02/04/17:19:53,5084.702782,0.885125,0.807019,0.885125,0.807019,85,51,55,41,0,0,0,0,278,142,136,84
2026/02/04/17:19:54,5085.703307,0.876344,0.799330,0.876344,0.799330,84,51,55,41,0,0,0,0,279,142,136,84
2026/02/04/17:19:55,5086.703946,0.876344,0.799330,0.876344,0.799330,84,51,55,41,0,0,0,0,279,142,136,84
2026/02/04/17:19:56,5087.704463,0.863875,0.792809,0.863875,0.792809,84,48,55,41,0,0,0,0,279,145,136,84
2026/02/04/17:19:57,5088.704960,0.863875,0.792809,0.863875,0.792809,84,48,55,41,0,0,0,0,279,145,136,84
2026/02/04/17:19:58,5089.705667,0.863875,0.792809,0.863875,0.792809,84,48,55,41,0,0,0,0,279,145,136,84
2026/02/04/17:19:59,5090.706248,0.863875,0.792809,0.863875,0.792809,84,48,55,41,0,0,0,0,279,145,136,84
2026/02/04/17:20:00,5091.706880,0.863875,0.792809,0.863875,0.792809,84,48,55,41,0,0,0,0,279,145,136,84
2026/02/04/17:20:01,5092.707463,0.863875,0.792809,0.863875,0.792809,84,48,55,41,0,0,0,0,279,145,136,84
2026/02/04/17:20:02,5093.708085,0.863875,0.792809,0.863875,0.792809,84,48,55,41,0,0,0,0,279,145,136,84
2026/02/04/17:20:03,5094.708700,0.863875,0.792809,0.863875,0.792809,84,48,55,41,0,0,0,0,279,145,136,84
2026/02/04/17:20:04,5095.709405,0.863875,0.792809,0.863875,0.792809,84,48,55,41,0,0,0,0,279,145,136,84
2026/02/04/17:20:05,5096.710120,0.863875,0.792809,0.863875,0.792809,84,48,55,41,0,0,0,0,279,145,136,84
2026/02/04/17:20:06,5097.710857,0.863875,0.792809,0.863875,0.792809,84,48,55,41,0,0,0,0,279,145,136,84
2026/02/04/17:20:07,5098.711447,0.863875,0.792809,0.863875,0.792809,84,48,55,41,0,0,0,0,279,145,136,84
2026/02/04/17:20:08,5099.712124,0.863875,0.792809,0.863875,0.792809,84,48,55,41,0,0,0,0,279,145,136,84
2026/02/04/17:20:09,5100.722526,0.863875,0.792809,0.863875,0.792809,84,48,55,41,0,0,0,0,279,145,136,84
2026/02/04/17:20:10,5101.723220,0.863875,0.792809,0.863875,0.792809,84,48,55,41,0,0,0,0,279,145,136,84
2026/02/04/17:20:11,5102.724007,0.863875,0.792809,0.863875,0.792809,84,48,55,41,0,0,0,0,279,145,136,84
2026/02/04/17:20:12,5103.724861,0.863875,0.792809,0.863875,0.792809,84,48,55,41,0,0,0,0,279,145,136,84
2026/02/04/17:20:13,5104.725515,0.863875,0.792809,0.863875,0.792809,84,48,55,41,0,0,0,0,279,145,136,84
2026/02/04/17:20:14,5105.726151,0.863875,0.792809,0.863875,0.792809,84,48,55,41,0,0,0,0,279,145,136,84
2026/02/04/17:20:15,5106.726954,0.863875,0.792809,0.863875,0.792809,84,48,55,41,0,0,0,0,279,145,136,84
2026/02/04/17:20:16,5107.727599,0.863875,0.792809,0.863875,0.792809,84,48,55,41,0,0,0,0,279,145,136,84
2026/02/04/17:20:17,5108.728267,0.863875,0.792809,0.863875,0.792809,84,48,55,41,0,0,0,0,279,145,136,84
2026/02/04/17:20:18,5109.728958,0.863875,0.792809,0.863875,0.792809,84,48,55,41,0,0,0,0,279,145,136,84
2026/02/04/17:20:19,5110.729580,0.863875,0.792809,0.863875,0.792809,84,48,55,41,0,0,0,0,279,145,136,84
2026/02/04/17:20:20,5111.730231,0.863875,0.792809,0.863875,0.792809,84,48,55,41,0,0,0,0,279,145,136,84
2026/02/04/17:20:21,5112.730926,0.863875,0.792809,0.863875,0.792809,84,48,55,41,0,0,0,0,279,145,136,84
2026/02/04/17:20:22,5113.731661,0.863875,0.792809,0.863875,0.792809,84,48,55,41,0,0,0,0,279,145,136,84
2026/02/04/17:20:23,5114.732155,0.863875,0.792809,0.863875,0.792809,84,48,55,41,0,0,0,0,279,145,136,84
2026/02/04/17:20:24,5115.732983,0.863875,0.792809,0.863875,0.792809,84,48,55,41,0,0,0,0,279,145,136,84
2026/02/04/17:20:25,5116.733650,0.863875,0.792809,0.863875,0.792809,84,48,55,41,0,0,0,0,279,145,136,84
2026/02/04/17:20:26,5117.734231,0.863875,0.792809,0.863875,0.792809,84,48,55,41,0,0,0,0,279,145,136,84
2026/02/04/17:20:27,5118.734671,0.863875,0.792809,0.863875,0.792809,84,48,55,41,0,0,0,0,279,145,136,84
2026/02/04/17:20:28,5119.735422,0.863875,0.792809,0.863875,0.792809,84,48,55,41,0,0,0,0,279,145,136,84
2026/02/04/17:20:29,5120.736161,0.863875,0.792809,0.863875,0.792809,84,48,55,41,0,0,0,0,279,145,136,84
2026/02/04/17:20:30,5121.736809,0.863875,0.792809,0.863875,0.792809,84,48,55,41,0,0,0,0,279,145,136,84
2026/02/04/17:20:31,5122.737467,0.863875,0.792809,0.863875,0.792809,84,48,55,41,0,0,0,0,279,145,136,84
2026/02/04/17:20:32,5123.738129,0.863875,0.792809,0.863875,0.792809,84,48,55,41,0,0,0,0,279,145,136,84
2026/02/04/17:20:33,5124.738629,0.862125,0.789126,0.862125,0.789126,84,48,54,41,0,0,0,0,279,145,137,84
2026/02/04/17:20:34,5125.739299,0.862125,0.789126,0.862125,0.789126,84,48,54,41,0,0,0,0,279,145,137,84
2026/02/04/17:20:35,5126.739840,0.862125,0.789126,0.862125,0.789126,84,48,54,41,0,0,0,0,279,145,137,84
2026/02/04/17:20:36,5127.740502,0.855313,0.785846,0.855313,0.785846,84,48,54,39,0,0,0,0,279,145,137,86
2026/02/04/17:20:37,5128.741160,0.855313,0.785846,0.855313,0.785846,84,48,54,39,0,0,0,0,279,145,137,86
2026/02/04/17:20:38,5129.741770,0.855313,0.785846,0.855313,0.785846,84,48,54,39,0,0,0,0,279,145,137,86
2026/02/04/17:20:39,5130.742419,0.855313,0.785846,0.855313,0.785846,84,48,54,39,0,0,0,0,279,145,137,86
2026/02/04/17:20:40,5131.743182,0.850250,0.780299,0.850250,0.780299,84,48,51,39,0,0,0,0,279,145,140,86
2026/02/04/17:20:41,5132.743816,0.850250,0.780299,0.850250,0.780299,84,48,51,39,0,0,0,0,279,145,140,86
2026/02/04/17:20:42,5133.744471,0.850250,0.780299,0.850250,0.780299,84,48,51,39,0,0,0,0,279,145,140,86
2026/02/04/17:20:43,5134.745157,0.850250,0.780299,0.850250,0.780299,84,48,51,39,0,0,0,0,279,145,140,86
2026/02/04/17:20:44,5135.745761,0.850250,0.780299,0.850250,0.780299,84,48,51,39,0,0,0,0,279,145,140,86
2026/02/04/17:20:45,5136.746398,0.850250,0.780299,0.850250,0.780299,84,48,51,39,0,0,0,0,279,145,140,86
2026/02/04/17:20:46,5137.747094,0.850250,0.780299,0.850250,0.780299,84,48,51,39,0,0,0,0,279,145,140,86
2026/02/04/17:20:47,5138.747799,0.850250,0.780299,0.850250,0.780299,84,48,51,39,0,0,0,0,279,145,140,86
2026/02/04/17:20:48,5139.748312,0.850250,0.780299,0.850250,0.780299,84,48,51,39,0,0,0,0,279,145,140,86
2026/02/04/17:20:49,5140.748968,0.850250,0.780299,0.850250,0.780299,84,48,51,39,0,0,0,0,279,145,140,86
2026/02/04/17:20:50,5141.749556,0.850250,0.780299,0.850250,0.780299,84,48,51,39,0,0,0,0,279,145,140,86
2026/02/04/17:20:51,5142.750294,0.850250,0.780299,0.850250,0.780299,84,48,51,39,0,0,0,0,279,145,140,86
2026/02/04/17:20:52,5143.751024,0.850250,0.780299,0.850250,0.780299,84,48,51,39,0,0,0,0,279,145,140,86
2026/02/04/17:20:53,5144.751690,0.850250,0.780299,0.850250,0.780299,84,48,51,39,0,0,0,0,279,145,140,86
2026/02/04/17:20:54,5145.752468,0.850250,0.780299,0.850250,0.780299,84,48,51,39,0,0,0,0,279,145,140,86
2026/02/04/17:20:55,5146.753184,0.850250,0.780299,0.850250,0.780299,84,48,51,39,0,0,0,0,279,145,140,86
2026/02/04/17:20:56,5147.753798,0.850250,0.780299,0.850250,0.780299,84,48,51,39,0,0,0,0,279,145,140,86
2026/02/04/17:20:57,5148.754299,0.850250,0.780299,0.850250,0.780299,84,48,51,39,0,0,0,0,279,145,140,86
2026/02/04/17:20:58,5149.755046,0.850250,0.780299,0.850250,0.780299,84,48,51,39,0,0,0,0,279,145,140,86
2026/02/04/17:20:59,5150.755670,0.850250,0.780299,0.850250,0.780299,84,48,51,39,0,0,0,0,279,145,140,86
2026/02/04/17:21:00,5151.756352,0.850250,0.780299,0.850250,0.780299,84,48,51,39,0,0,0,0,279,145,140,86
2026/02/04/17:21:01,5152.756876,0.850250,0.780299,0.850250,0.780299,84,48,51,39,0,0,0,0,279,145,140,86
2026/02/04/17:21:02,5153.757489,0.850250,0.780299,0.850250,0.780299,84,48,51,39,0,0,0,0,279,145,140,86
2026/02/04/17:21:03,5154.758261,0.850250,0.780299,0.850250,0.780299,84,48,51,39,0,0,0,0,279,145,140,86
2026/02/04/17:21:04,5155.758825,0.850250,0.780299,0.850250,0.780299,84,48,51,39,0,0,0,0,279,145,140,86
2026/02/04/17:21:05,5156.759458,0.850250,0.780299,0.850250,0.780299,84,48,51,39,0,0,0,0,279,145,140,86
2026/02/04/17:21:06,5157.760184,0.859031,0.795372,0.859031,0.795372,87,48,51,40,0,0,0,0,279,145,140,86
2026/02/04/17:21:07,5158.760835,0.879000,0.805726,0.879000,0.805726,89,50,51,41,0,0,0,0,279,145,140,86
2026/02/04/17:21:08,5159.761332,0.899312,0.820694,0.899312,0.820694,90,52,54,41,0,0,0,0,279,145,140,86
2026/02/04/17:21:09,5160.762015,0.904937,0.828324,0.916312,0.838610,90,55,54,41,1,1,0,0,279,145,140,86
2026/02/04/17:21:10,5161.762377,0.927094,0.868776,0.950812,0.892358,92,55,54,45,3,0,0,0,281,147,140,86
2026/02/04/17:21:11,5162.762944,0.926906,0.867700,0.977062,0.915458,91,56,54,45,6,0,0,0,283,149,140,86
2026/02/04/17:21:12,5163.763548,0.926906,0.867700,0.977062,0.915458,91,56,54,45,6,0,0,0,283,149,140,86
2026/02/04/17:21:13,5164.764165,0.921219,0.855965,0.971375,0.903723,91,56,54,44,6,0,0,0,283,149,140,87
2026/02/04/17:21:14,5165.764764,0.921594,0.858565,0.963844,0.898463,92,55,54,44,5,0,0,0,283,150,140,87
2026/02/04/17:21:15,5166.765181,0.922531,0.859672,0.955969,0.891511,91,55,54,44,4,0,0,0,285,150,140,87
2026/02/04/17:21:16,5167.765628,0.922531,0.859672,0.955969,0.891511,91,55,54,44,4,0,0,0,285,150,140,87
2026/02/04/17:21:17,5168.766125,0.922531,0.859672,0.955969,0.891511,91,55,54,44,4,0,0,0,285,150,140,87
2026/02/04/17:21:18,5169.766657,0.919438,0.863003,0.944063,0.886783,92,55,51,44,3,0,0,0,285,150,143,87
2026/02/04/17:21:19,5170.767154,0.919438,0.863003,0.944063,0.886783,92,55,51,44,3,0,0,0,285,150,143,87
2026/02/04/17:21:20,5171.767676,0.919906,0.868188,0.936625,0.884108,93,55,51,43,2,0,0,0,285,150,143,88
2026/02/04/17:21:21,5172.768271,0.919906,0.868188,0.936625,0.884108,93,55,51,43,2,0,0,0,285,150,143,88
2026/02/04/17:21:22,5173.768897,0.916063,0.863163,0.932781,0.879083,92,55,51,43,2,0,0,0,286,150,143,88
2026/02/04/17:21:23,5174.769349,0.916063,0.863163,0.932781,0.879083,92,55,51,43,2,0,0,0,286,150,143,88
2026/02/04/17:21:24,5175.769901,0.916063,0.863163,0.932781,0.879083,92,55,51,43,2,0,0,0,286,150,143,88
2026/02/04/17:21:25,5176.770450,0.916063,0.863163,0.932781,0.879083,92,55,51,43,2,0,0,0,286,150,143,88
2026/02/04/17:21:26,5177.770959,0.916063,0.863163,0.932781,0.879083,92,55,51,43,2,0,0,0,286,150,143,88
2026/02/04/17:21:27,5178.771455,0.916063,0.863163,0.932781,0.879083,92,55,51,43,2,0,0,0,286,150,143,88
2026/02/04/17:21:28,5179.771911,0.916063,0.863163,0.932781,0.879083,92,55,51,43,2,0,0,0,286,150,143,88
2026/02/04/17:21:29,5180.772476,0.916063,0.863163,0.932781,0.879083,92,55,51,43,2,0,0,0,286,150,143,88
2026/02/04/17:21:30,5181.772985,0.916063,0.863163,0.932781,0.879083,92,55,51,43,2,0,0,0,286,150,143,88
2026/02/04/17:21:31,5182.773531,0.916063,0.863163,0.932781,0.879083,92,55,51,43,2,0,0,0,286,150,143,88
2026/02/04/17:21:32,5183.774120,0.916063,0.863163,0.932781,0.879083,92,55,51,43,2,0,0,0,286,150,143,88
2026/02/04/17:21:33,5184.774829,0.916063,0.863163,0.932781,0.879083,92,55,51,43,2,0,0,0,286,150,143,88
2026/02/04/17:21:34,5185.775324,0.916063,0.863163,0.932781,0.879083,92,55,51,43,2,0,0,0,286,150,143,88
2026/02/04/17:21:35,5186.775919,0.916063,0.863163,0.932781,0.879083,92,55,51,43,2,0,0,0,286,150,143,88
2026/02/04/17:21:36,5187.776443,0.916063,0.863163,0.932781,0.879083,92,55,51,43,2,0,0,0,286,150,143,88
2026/02/04/17:21:37,5188.777249,0.916063,0.863163,0.932781,0.879083,92,55,51,43,2,0,0,0,286,150,143,88
2026/02/04/17:21:38,5189.777785,0.916063,0.863163,0.932781,0.879083,92,55,51,43,2,0,0,0,286,150,143,88
2026/02/04/17:21:39,5190.778343,0.916063,0.863163,0.932781,0.879083,92,55,51,43,2,0,0,0,286,150,143,88
2026/02/04/17:21:40,5191.778908,0.916063,0.863163,0.932781,0.879083,92,55,51,43,2,0,0,0,286,150,143,88
2026/02/04/17:21:41,5192.779556,0.916063,0.863163,0.932781,0.879083,92,55,51,43,2,0,0,0,286,150,143,88
2026/02/04/17:21:42,5193.780053,0.916063,0.863163,0.932781,0.879083,92,55,51,43,2,0,0,0,286,150,143,88
2026/02/04/17:21:43,5194.780671,0.916063,0.863163,0.932781,0.879083,92,55,51,43,2,0,0,0,286,150,143,88
2026/02/04/17:21:44,5195.781265,0.916063,0.863163,0.932781,0.879083,92,55,51,43,2,0,0,0,286,150,143,88
2026/02/04/17:21:45,5196.781855,0.916063,0.863163,0.932781,0.879083,92,55,51,43,2,0,0,0,286,150,143,88
2026/02/04/17:21:46,5197.782372,0.916063,0.863163,0.932781,0.879083,92,55,51,43,2,0,0,0,286,150,143,88
2026/02/04/17:21:47,5198.782931,0.916063,0.863163,0.932781,0.879083,92,55,51,43,2,0,0,0,286,150,143,88
2026/02/04/17:21:48,5199.783621,0.916063,0.863163,0.932781,0.879083,92,55,51,43,2,0,0,0,286,150,143,88
2026/02/04/17:21:49,5200.784168,0.916063,0.863163,0.932781,0.879083,92,55,51,43,2,0,0,0,286,150,143,88
2026/02/04/17:21:50,5201.888276,0.916063,0.863163,0.932781,0.879083,92,55,51,43,2,0,0,0,286,150,143,88
2026/02/04/17:21:51,5202.918898,0.916063,0.863163,0.932781,0.879083,92,55,51,43,2,0,0,0,286,150,143,88
2026/02/04/17:21:52,5203.919463,0.916063,0.863163,0.932781,0.879083,92,55,51,43,2,0,0,0,286,150,143,88
2026/02/04/17:21:53,5204.988435,0.916063,0.863163,0.932781,0.879083,92,55,51,43,2,0,0,0,286,150,143,88
2026/02/04/17:21:54,5206.050129,0.912750,0.868329,0.920656,0.876189,92,55,51,43,1,0,0,0,287,150,143,88
2026/02/04/17:21:55,5207.050385,0.920656,0.876189,0.920656,0.876189,93,55,51,43,0,0,0,0,288,150,143,88
2026/02/04/17:21:56,5208.050975,0.920656,0.876189,0.920656,0.876189,93,55,51,43,0,0,0,0,288,150,143,88
2026/02/04/17:21:57,5209.051426,0.920656,0.876189,0.920656,0.876189,93,55,51,43,0,0,0,0,288,150,143,88
2026/02/04/17:21:58,5210.051960,0.920656,0.876189,0.920656,0.876189,93,55,51,43,0,0,0,0,288,150,143,88
2026/02/04/17:21:59,5211.052666,0.915219,0.871386,0.915219,0.871386,93,53,51,43,0,0,0,0,288,152,143,88
2026/02/04/17:22:00,5212.053367,0.915219,0.871386,0.915219,0.871386,93,53,51,43,0,0,0,0,288,152,143,88
2026/02/04/17:22:01,5213.053953,0.915219,0.871386,0.915219,0.871386,93,53,51,43,0,0,0,0,288,152,143,88
2026/02/04/17:22:02,5214.054514,0.915219,0.871386,0.915219,0.871386,93,53,51,43,0,0,0,0,288,152,143,88
2026/02/04/17:22:03,5215.054934,0.915219,0.871386,0.915219,0.871386,93,53,51,43,0,0,0,0,288,152,143,88
2026/02/04/17:22:04,5216.056383,0.915219,0.871386,0.915219,0.871386,93,53,51,43,0,0,0,0,288,152,143,88
2026/02/04/17:22:05,5217.056957,0.915219,0.871386,0.915219,0.871386,93,53,51,43,0,0,0,0,288,152,143,88
2026/02/04/17:22:06,5218.057609,0.915219,0.871386,0.915219,0.871386,93,53,51,43,0,0,0,0,288,152,143,88
2026/02/04/17:22:07,5219.058132,0.915219,0.871386,0.915219,0.871386,93,53,51,43,0,0,0,0,288,152,143,88
2026/02/04/17:22:08,5220.058797,0.915219,0.871386,0.915219,0.871386,93,53,51,43,0,0,0,0,288,152,143,88
2026/02/04/17:22:09,5221.059350,0.915219,0.871386,0.915219,0.871386,93,53,51,43,0,0,0,0,288,152,143,88
2026/02/04/17:22:10,5222.059941,0.915219,0.871386,0.915219,0.871386,93,53,51,43,0,0,0,0,288,152,143,88
2026/02/04/17:22:11,5223.060539,0.915219,0.871386,0.915219,0.871386,93,53,51,43,0,0,0,0,288,152,143,88
2026/02/04/17:22:12,5224.061058,0.915219,0.871386,0.915219,0.871386,93,53,51,43,0,0,0,0,288,152,143,88
2026/02/04/17:22:13,5225.061610,0.915219,0.871386,0.915219,0.871386,93,53,51,43,0,0,0,0,288,152,143,88
2026/02/04/17:22:14,5226.062449,0.915219,0.871386,0.915219,0.871386,93,53,51,43,0,0,0,0,288,152,143,88
2026/02/04/17:22:15,5227.063282,0.915219,0.871386,0.915219,0.871386,93,53,51,43,0,0,0,0,288,152,143,88
2026/02/04/17:22:16,5228.064039,0.915219,0.871386,0.915219,0.871386,93,53,51,43,0,0,0,0,288,152,143,88
2026/02/04/17:22:17,5229.064501,0.915219,0.871386,0.915219,0.871386,93,53,51,43,0,0,0,0,288,152,143,88
2026/02/04/17:22:18,5230.065039,0.915219,0.871386,0.915219,0.871386,93,53,51,43,0,0,0,0,288,152,143,88
2026/02/04/17:22:19,5231.065520,0.915219,0.871386,0.915219,0.871386,93,53,51,43,0,0,0,0,288,152,143,88
2026/02/04/17:22:20,5232.066106,0.915219,0.871386,0.915219,0.871386,93,53,51,43,0,0,0,0,288,152,143,88
2026/02/04/17:22:21,5233.066621,0.915219,0.871386,0.915219,0.871386,93,53,51,43,0,0,0,0,288,152,143,88
2026/02/04/17:22:22,5234.067155,0.915219,0.871386,0.915219,0.871386,93,53,51,43,0,0,0,0,288,152,143,88
2026/02/04/17:22:23,5235.067680,0.915219,0.871386,0.915219,0.871386,93,53,51,43,0,0,0,0,288,152,143,88
2026/02/04/17:22:24,5236.068161,0.915219,0.871386,0.915219,0.871386,93,53,51,43,0,0,0,0,288,152,143,88
2026/02/04/17:22:25,5237.068814,0.915219,0.871386,0.915219,0.871386,93,53,51,43,0,0,0,0,288,152,143,88
2026/02/04/17:22:26,5238.069331,0.915219,0.871386,0.915219,0.871386,93,53,51,43,0,0,0,0,288,152,143,88
2026/02/04/17:22:27,5239.069807,0.915219,0.871386,0.915219,0.871386,93,53,51,43,0,0,0,0,288,152,143,88
2026/02/04/17:22:28,5240.070302,0.915219,0.871386,0.915219,0.871386,93,53,51,43,0,0,0,0,288,152,143,88
2026/02/04/17:22:29,5241.070855,0.915219,0.871386,0.915219,0.871386,93,53,51,43,0,0,0,0,288,152,143,88
2026/02/04/17:22:30,5242.071353,0.915219,0.871386,0.915219,0.871386,93,53,51,43,0,0,0,0,288,152,143,88
2026/02/04/17:22:31,5243.071874,0.915219,0.871386,0.915219,0.871386,93,53,51,43,0,0,0,0,288,152,143,88
2026/02/04/17:22:32,5244.072373,0.915219,0.871386,0.915219,0.871386,93,53,51,43,0,0,0,0,288,152,143,88
2026/02/04/17:22:33,5245.072833,0.915219,0.871386,0.915219,0.871386,93,53,51,43,0,0,0,0,288,152,143,88
2026/02/04/17:22:34,5246.073440,0.915219,0.871386,0.915219,0.871386,93,53,51,43,0,0,0,0,288,152,143,88
2026/02/04/17:22:35,5247.074006,0.915219,0.871386,0.915219,0.871386,93,53,51,43,0,0,0,0,288,152,143,88
2026/02/04/17:22:36,5248.074634,0.913281,0.862855,0.913281,0.862855,92,53,51,43,0,0,0,0,289,152,143,88
2026/02/04/17:22:37,5249.075161,0.913281,0.862855,0.913281,0.862855,92,53,51,43,0,0,0,0,289,152,143,88
2026/02/04/17:22:38,5250.075720,0.913281,0.862855,0.913281,0.862855,92,53,51,43,0,0,0,0,289,152,143,88
2026/02/04/17:22:39,5251.076351,0.913281,0.862855,0.913281,0.862855,92,53,51,43,0,0,0,0,289,152,143,88
2026/02/04/17:22:40,5252.076908,0.913281,0.862855,0.913281,0.862855,92,53,51,43,0,0,0,0,289,152,143,88
2026/02/04/17:22:41,5253.077491,0.913281,0.862855,0.913281,0.862855,92,53,51,43,0,0,0,0,289,152,143,88
2026/02/04/17:22:42,5254.078121,0.913281,0.862855,0.913281,0.862855,92,53,51,43,0,0,0,0,289,152,143,88
2026/02/04/17:22:43,5255.078886,0.913281,0.862855,0.913281,0.862855,92,53,51,43,0,0,0,0,289,152,143,88
2026/02/04/17:22:44,5256.079355,0.913281,0.862855,0.913281,0.862855,92,53,51,43,0,0,0,0,289,152,143,88
2026/02/04/17:22:45,5257.079896,0.913281,0.862855,0.913281,0.862855,92,53,51,43,0,0,0,0,289,152,143,88
2026/02/04/17:22:46,5258.080607,0.913281,0.862855,0.913281,0.862855,92,53,51,43,0,0,0,0,289,152,143,88
2026/02/04/17:22:47,5259.081141,0.913281,0.862855,0.913281,0.862855,92,53,51,43,0,0,0,0,289,152,143,88
2026/02/04/17:22:48,5260.081708,0.913281,0.862855,0.913281,0.862855,92,53,51,43,0,0,0,0,289,152,143,88
2026/02/04/17:22:49,5261.082292,0.913281,0.862855,0.913281,0.862855,92,53,51,43,0,0,0,0,289,152,143,88
2026/02/04/17:22:50,5262.082866,0.913281,0.862855,0.913281,0.862855,92,53,51,43,0,0,0,0,289,152,143,88
2026/02/04/17:22:51,5263.083437,0.913281,0.862855,0.913281,0.862855,92,53,51,43,0,0,0,0,289,152,143,88
2026/02/04/17:22:52,5264.084027,0.913281,0.862855,0.913281,0.862855,92,53,51,43,0,0,0,0,289,152,143,88
2026/02/04/17:22:53,5265.084698,0.913281,0.862855,0.913281,0.862855,92,53,51,43,0,0,0,0,289,152,143,88
2026/02/04/17:22:54,5266.085424,0.913281,0.862855,0.913281,0.862855,92,53,51,43,0,0,0,0,289,152,143,88
2026/02/04/17:22:55,5267.086375,0.913281,0.862855,0.913281,0.862855,92,53,51,43,0,0,0,0,289,152,143,88
2026/02/04/17:22:56,5268.086945,0.913281,0.862855,0.913281,0.862855,92,53,51,43,0,0,0,0,289,152,143,88
2026/02/04/17:22:57,5269.087379,0.913281,0.862855,0.913281,0.862855,92,53,51,43,0,0,0,0,289,152,143,88
2026/02/04/17:22:58,5270.087945,0.913281,0.862855,0.913281,0.862855,92,53,51,43,0,0,0,0,289,152,143,88
2026/02/04/17:22:59,5271.088535,0.913281,0.862855,0.913281,0.862855,92,53,51,43,0,0,0,0,289,152,143,88
2026/02/04/17:23:00,5272.088981,0.949875,0.867757,0.961250,0.881801,83,57,56,46,2,0,0,0,298,152,143,88
2026/02/04/17:23:01,5273.089564,0.951688,0.873397,1.003750,0.925619,84,58,56,46,7,0,0,0,299,152,143,88
2026/02/04/17:23:02,5274.090101,0.958500,0.877294,1.019375,0.937575,83,58,56,49,8,0,0,0,300,152,143,88
2026/02/04/17:23:03,5275.090679,0.960688,0.882380,1.021562,0.942661,84,58,56,49,8,0,0,0,300,152,143,88
2026/02/04/17:23:04,5276.091272,0.960688,0.882380,1.021562,0.942661,84,58,56,49,8,0,0,0,300,152,143,88
2026/02/04/17:23:05,5277.091831,0.960688,0.882380,1.021562,0.942661,84,58,56,49,8,0,0,0,300,152,143,88
2026/02/04/17:23:06,5278.092344,0.960688,0.882380,1.021562,0.942661,84,58,56,49,8,0,0,0,300,152,143,88
2026/02/04/17:23:07,5279.092875,0.960688,0.882380,1.021562,0.942661,84,58,56,49,8,0,0,0,300,152,143,88
2026/02/04/17:23:09,5280.093388,0.953656,0.877345,1.014531,0.937626,81,58,56,49,8,0,0,0,303,152,143,88
2026/02/04/17:23:10,5281.093832,0.953656,0.877345,1.014531,0.937626,81,58,56,49,8,0,0,0,303,152,143,88
2026/02/04/17:23:11,5282.094414,0.953656,0.877345,1.014531,0.937626,81,58,56,49,8,0,0,0,303,152,143,88
2026/02/04/17:23:12,5283.094970,0.953656,0.877345,1.014531,0.937626,81,58,56,49,8,0,0,0,303,152,143,88
2026/02/04/17:23:13,5284.095695,0.953656,0.877345,1.014531,0.937626,81,58,56,49,8,0,0,0,303,152,143,88
2026/02/04/17:23:14,5285.096208,0.953656,0.877345,1.014531,0.937626,81,58,56,49,8,0,0,0,303,152,143,88
2026/02/04/17:23:15,5286.096839,0.953656,0.877345,1.014531,0.937626,81,58,56,49,8,0,0,0,303,152,143,88
2026/02/04/17:23:16,5287.097558,0.953656,0.877345,1.014531,0.937626,81,58,56,49,8,0,0,0,303,152,143,88
2026/02/04/17:23:17,5288.098578,0.953656,0.877345,1.014531,0.937626,81,58,56,49,8,0,0,0,303,152,143,88
2026/02/04/17:23:18,5289.099131,0.953656,0.877345,1.014531,0.937626,81,58,56,49,8,0,0,0,303,152,143,88
2026/02/04/17:23:19,5290.099731,0.953656,0.877345,1.014531,0.937626,81,58,56,49,8,0,0,0,303,152,143,88
2026/02/04/17:23:20,5291.100320,0.953656,0.877345,1.014531,0.937626,81,58,56,49,8,0,0,0,303,152,143,88
2026/02/04/17:23:21,5292.100934,0.953937,0.883380,1.005812,0.925446,83,57,56,49,6,0,0,0,303,153,143,88
2026/02/04/17:23:22,5293.101605,0.953937,0.883380,1.005812,0.925446,83,57,56,49,6,0,0,0,303,153,143,88
2026/02/04/17:23:23,5294.102142,0.953937,0.883380,1.005812,0.925446,83,57,56,49,6,0,0,0,303,153,143,88
2026/02/04/17:23:24,5295.102555,0.953937,0.883380,1.005812,0.925446,83,57,56,49,6,0,0,0,303,153,143,88
2026/02/04/17:23:25,5296.102988,0.953937,0.883380,1.005812,0.925446,83,57,56,49,6,0,0,0,303,153,143,88
2026/02/04/17:23:26,5297.103419,0.953937,0.883380,1.005812,0.925446,83,57,56,49,6,0,0,0,303,153,143,88
2026/02/04/17:23:27,5298.104125,0.953937,0.883380,1.005812,0.925446,83,57,56,49,6,0,0,0,303,153,143,88
2026/02/04/17:23:28,5299.104454,0.953937,0.883380,1.005812,0.925446,83,57,56,49,6,0,0,0,303,153,143,88
2026/02/04/17:23:29,5300.105002,0.953937,0.883380,1.005812,0.925446,83,57,56,49,6,0,0,0,303,153,143,88
2026/02/04/17:23:30,5301.105455,0.949125,0.864779,1.001000,0.906844,83,57,54,49,6,0,0,0,303,153,145,88
2026/02/04/17:23:31,5302.105885,0.949125,0.864779,1.001000,0.906844,83,57,54,49,6,0,0,0,303,153,145,88
2026/02/04/17:23:32,5303.106333,0.942844,0.860089,0.977187,0.892126,85,57,54,46,4,0,0,0,303,153,145,91
2026/02/04/17:23:33,5304.106739,0.942844,0.860089,0.977187,0.892126,85,57,54,46,4,0,0,0,303,153,145,91
2026/02/04/17:23:34,5305.107306,0.942844,0.860089,0.977187,0.892126,85,57,54,46,4,0,0,0,303,153,145,91
2026/02/04/17:23:35,5306.107889,0.942844,0.860089,0.977187,0.892126,85,57,54,46,4,0,0,0,303,153,145,91
2026/02/04/17:23:36,5307.108384,0.942844,0.860089,0.977187,0.892126,85,57,54,46,4,0,0,0,303,153,145,91
2026/02/04/17:23:37,5308.108896,0.942844,0.860089,0.977187,0.892126,85,57,54,46,4,0,0,0,303,153,145,91
2026/02/04/17:23:38,5309.109410,0.942844,0.860089,0.977187,0.892126,85,57,54,46,4,0,0,0,303,153,145,91
2026/02/04/17:23:39,5310.110015,0.937281,0.856748,0.971625,0.888786,85,55,54,46,4,0,0,0,303,155,145,91
2026/02/04/17:23:40,5311.110432,0.937281,0.856748,0.971625,0.888786,85,55,54,46,4,0,0,0,303,155,145,91
2026/02/04/17:23:41,5312.110962,0.937281,0.856748,0.971625,0.888786,85,55,54,46,4,0,0,0,303,155,145,91
2026/02/04/17:23:42,5313.111519,0.937281,0.856748,0.971625,0.888786,85,55,54,46,4,0,0,0,303,155,145,91
2026/02/04/17:23:43,5314.111984,0.937281,0.856748,0.971625,0.888786,85,55,54,46,4,0,0,0,303,155,145,91
2026/02/04/17:23:44,5315.112667,0.937281,0.856748,0.971625,0.888786,85,55,54,46,4,0,0,0,303,155,145,91
2026/02/04/17:23:45,5316.113146,0.937281,0.856748,0.971625,0.888786,85,55,54,46,4,0,0,0,303,155,145,91
2026/02/04/17:23:46,5317.113775,0.937281,0.856748,0.971625,0.888786,85,55,54,46,4,0,0,0,303,155,145,91
2026/02/04/17:23:47,5318.114208,0.937281,0.856748,0.971625,0.888786,85,55,54,46,4,0,0,0,303,155,145,91
2026/02/04/17:23:48,5319.114810,0.937281,0.856748,0.971625,0.888786,85,55,54,46,4,0,0,0,303,155,145,91
2026/02/04/17:23:49,5320.115323,0.937281,0.856748,0.971625,0.888786,85,55,54,46,4,0,0,0,303,155,145,91
2026/02/04/17:23:50,5321.115950,0.937281,0.856748,0.971625,0.888786,85,55,54,46,4,0,0,0,303,155,145,91
2026/02/04/17:23:51,5322.116373,0.937281,0.856748,0.971625,0.888786,85,55,54,46,4,0,0,0,303,155,145,91
2026/02/04/17:23:52,5323.116843,0.937281,0.856748,0.971625,0.888786,85,55,54,46,4,0,0,0,303,155,145,91
2026/02/04/17:23:53,5324.117293,0.911031,0.859077,0.936562,0.883055,86,52,54,46,3,0,0,0,303,158,145,91
2026/02/04/17:23:54,5325.117719,0.911031,0.859077,0.936562,0.883055,86,52,54,46,3,0,0,0,303,158,145,91
2026/02/04/17:23:55,5326.118204,0.911031,0.859077,0.936562,0.883055,86,52,54,46,3,0,0,0,303,158,145,91
2026/02/04/17:23:56,5327.118748,0.911031,0.859077,0.936562,0.883055,86,52,54,46,3,0,0,0,303,158,145,91
2026/02/04/17:23:57,5328.119356,0.906344,0.855896,0.931875,0.879875,84,52,54,46,3,0,0,0,305,158,145,91
2026/02/04/17:23:58,5329.119718,0.906344,0.855896,0.931875,0.879875,84,52,54,46,3,0,0,0,305,158,145,91
2026/02/04/17:23:59,5330.120179,0.904062,0.853615,0.929594,0.877594,84,52,53,46,3,0,0,0,305,158,146,91
2026/02/04/17:24:00,5331.120694,0.904062,0.853615,0.929594,0.877594,84,52,53,46,3,0,0,0,305,158,146,91
2026/02/04/17:24:01,5332.121475,0.904062,0.853615,0.929594,0.877594,84,52,53,46,3,0,0,0,305,158,146,91
2026/02/04/17:24:02,5333.121972,0.904062,0.853615,0.929594,0.877594,84,52,53,46,3,0,0,0,305,158,146,91
2026/02/04/17:24:03,5334.122444,0.904062,0.853615,0.929594,0.877594,84,52,53,46,3,0,0,0,305,158,146,91
2026/02/04/17:24:04,5335.123130,0.904062,0.853615,0.929594,0.877594,84,52,53,46,3,0,0,0,305,158,146,91
2026/02/04/17:24:05,5336.123795,0.904062,0.853615,0.929594,0.877594,84,52,53,46,3,0,0,0,305,158,146,91
2026/02/04/17:24:06,5337.124436,0.904062,0.853615,0.929594,0.877594,84,52,53,46,3,0,0,0,305,158,146,91
2026/02/04/17:24:07,5338.125028,0.904062,0.853615,0.929594,0.877594,84,52,53,46,3,0,0,0,305,158,146,91
2026/02/04/17:24:08,5339.125566,0.904062,0.853615,0.929594,0.877594,84,52,53,46,3,0,0,0,305,158,146,91
2026/02/04/17:24:09,5340.126030,0.904062,0.853615,0.929594,0.877594,84,52,53,46,3,0,0,0,305,158,146,91
2026/02/04/17:24:10,5341.126608,0.904062,0.853615,0.929594,0.877594,84,52,53,46,3,0,0,0,305,158,146,91
2026/02/04/17:24:11,5342.127441,0.904062,0.853615,0.929594,0.877594,84,52,53,46,3,0,0,0,305,158,146,91
2026/02/04/17:24:12,5343.128011,0.904062,0.853615,0.929594,0.877594,84,52,53,46,3,0,0,0,305,158,146,91
2026/02/04/17:24:13,5344.128662,0.904062,0.853615,0.929594,0.877594,84,52,53,46,3,0,0,0,305,158,146,91
2026/02/04/17:24:14,5345.129251,0.904062,0.853615,0.929594,0.877594,84,52,53,46,3,0,0,0,305,158,146,91
2026/02/04/17:24:15,5346.137787,0.904062,0.853615,0.929594,0.877594,84,52,53,46,3,0,0,0,305,158,146,91
2026/02/04/17:24:16,5347.138283,0.904062,0.853615,0.929594,0.877594,84,52,53,46,3,0,0,0,305,158,146,91
2026/02/04/17:24:17,5348.138690,0.904062,0.853615,0.929594,0.877594,84,52,53,46,3,0,0,0,305,158,146,91
2026/02/04/17:24:18,5349.139211,0.904062,0.853615,0.929594,0.877594,84,52,53,46,3,0,0,0,305,158,146,91
2026/02/04/17:24:19,5350.139486,0.904062,0.853615,0.929594,0.877594,84,52,53,46,3,0,0,0,305,158,146,91
2026/02/04/17:24:20,5351.139853,0.929594,0.877594,0.929594,0.877594,87,52,53,46,0,0,0,0,308,158,146,91
2026/02/04/17:24:21,5352.140463,0.929594,0.877594,0.929594,0.877594,87,52,53,46,0,0,0,0,308,158,146,91
2026/02/04/17:24:22,5353.141058,0.929594,0.877594,0.929594,0.877594,87,52,53,46,0,0,0,0,308,158,146,91
2026/02/04/17:24:23,5354.141559,0.929594,0.877594,0.929594,0.877594,87,52,53,46,0,0,0,0,308,158,146,91
2026/02/04/17:24:24,5355.142146,0.929594,0.877594,0.929594,0.877594,87,52,53,46,0,0,0,0,308,158,146,91
2026/02/04/17:24:25,5356.142636,0.929594,0.877594,0.929594,0.877594,87,52,53,46,0,0,0,0,308,158,146,91
2026/02/04/17:24:26,5357.143171,0.929594,0.877594,0.929594,0.877594,87,52,53,46,0,0,0,0,308,158,146,91
2026/02/04/17:24:27,5358.143753,0.929594,0.877594,0.929594,0.877594,87,52,53,46,0,0,0,0,308,158,146,91
2026/02/04/17:24:28,5359.144121,0.929594,0.877594,0.929594,0.877594,87,52,53,46,0,0,0,0,308,158,146,91
2026/02/04/17:24:29,5360.144704,0.929594,0.877594,0.929594,0.877594,87,52,53,46,0,0,0,0,308,158,146,91
2026/02/04/17:24:30,5361.145303,0.929594,0.877594,0.929594,0.877594,87,52,53,46,0,0,0,0,308,158,146,91
2026/02/04/17:24:31,5362.145928,0.929594,0.877594,0.929594,0.877594,87,52,53,46,0,0,0,0,308,158,146,91
2026/02/04/17:24:32,5363.146410,0.929594,0.877594,0.929594,0.877594,87,52,53,46,0,0,0,0,308,158,146,91
2026/02/04/17:24:33,5364.147032,0.929594,0.877594,0.929594,0.877594,87,52,53,46,0,0,0,0,308,158,146,91
2026/02/04/17:24:34,5365.147523,0.929594,0.877594,0.929594,0.877594,87,52,53,46,0,0,0,0,308,158,146,91
2026/02/04/17:24:35,5366.147979,0.929594,0.877594,0.929594,0.877594,87,52,53,46,0,0,0,0,308,158,146,91
2026/02/04/17:24:36,5367.148672,0.929594,0.877594,0.929594,0.877594,87,52,53,46,0,0,0,0,308,158,146,91
2026/02/04/17:24:37,5368.149236,0.929594,0.877594,0.929594,0.877594,87,52,53,46,0,0,0,0,308,158,146,91
2026/02/04/17:24:38,5369.149817,0.929594,0.877594,0.929594,0.877594,87,52,53,46,0,0,0,0,308,158,146,91
2026/02/04/17:24:39,5370.150573,0.929594,0.877594,0.929594,0.877594,87,52,53,46,0,0,0,0,308,158,146,91
2026/02/04/17:24:40,5371.151201,0.929594,0.877594,0.929594,0.877594,87,52,53,46,0,0,0,0,308,158,146,91
2026/02/04/17:24:41,5372.151714,0.929594,0.877594,0.929594,0.877594,87,52,53,46,0,0,0,0,308,158,146,91
2026/02/04/17:24:42,5373.152156,0.929594,0.877594,0.929594,0.877594,87,52,53,46,0,0,0,0,308,158,146,91
2026/02/04/17:24:43,5374.152656,0.929594,0.877594,0.929594,0.877594,87,52,53,46,0,0,0,0,308,158,146,91
2026/02/04/17:24:44,5375.153310,0.929594,0.877594,0.929594,0.877594,87,52,53,46,0,0,0,0,308,158,146,91
2026/02/04/17:24:45,5376.154012,0.929594,0.877594,0.929594,0.877594,87,52,53,46,0,0,0,0,308,158,146,91
2026/02/04/17:24:46,5377.154444,0.929594,0.877594,0.929594,0.877594,87,52,53,46,0,0,0,0,308,158,146,91
2026/02/04/17:24:47,5378.155066,0.929594,0.877594,0.929594,0.877594,87,52,53,46,0,0,0,0,308,158,146,91
2026/02/04/17:24:48,5379.155640,0.929594,0.877594,0.929594,0.877594,87,52,53,46,0,0,0,0,308,158,146,91
2026/02/04/17:24:49,5380.156345,0.929594,0.877594,0.929594,0.877594,87,52,53,46,0,0,0,0,308,158,146,91
2026/02/04/17:24:50,5381.157402,0.938562,0.879647,0.946469,0.887507,86,52,57,46,1,0,0,0,309,158,146,91
2026/02/04/17:24:51,5382.157990,0.938562,0.879647,0.946469,0.887507,86,52,57,46,1,0,0,0,309,158,146,91
2026/02/04/17:24:52,5383.158515,0.938562,0.879647,0.946469,0.887507,86,52,57,46,1,0,0,0,309,158,146,91
2026/02/04/17:24:53,5384.159141,0.938562,0.879647,0.946469,0.887507,86,52,57,46,1,0,0,0,309,158,146,91
2026/02/04/17:24:54,5385.159487,0.938562,0.879647,0.946469,0.887507,86,52,57,46,1,0,0,0,309,158,146,91
2026/02/04/17:24:55,5386.159975,0.938562,0.879647,0.946469,0.887507,86,52,57,46,1,0,0,0,309,158,146,91
2026/02/04/17:24:56,5387.160465,0.932312,0.873083,0.940219,0.880943,86,52,55,46,1,0,0,0,309,158,148,91
2026/02/04/17:24:57,5388.160969,0.932312,0.873083,0.940219,0.880943,86,52,55,46,1,0,0,0,309,158,148,91
2026/02/04/17:24:58,5389.161444,0.932312,0.873083,0.940219,0.880943,86,52,55,46,1,0,0,0,309,158,148,91
2026/02/04/17:24:59,5390.162104,0.932312,0.873083,0.940219,0.880943,86,52,55,46,1,0,0,0,309,158,148,91
2026/02/04/17:25:00,5391.162697,0.932312,0.873083,0.940219,0.880943,86,52,55,46,1,0,0,0,309,158,148,91
2026/02/04/17:25:01,5392.163257,0.932312,0.873083,0.940219,0.880943,86,52,55,46,1,0,0,0,309,158,148,91
2026/02/04/17:25:02,5393.163828,0.932312,0.873083,0.940219,0.880943,86,52,55,46,1,0,0,0,309,158,148,91
2026/02/04/17:25:03,5394.164433,0.932312,0.873083,0.940219,0.880943,86,52,55,46,1,0,0,0,309,158,148,91
2026/02/04/17:25:04,5395.165109,0.932312,0.873083,0.940219,0.880943,86,52,55,46,1,0,0,0,309,158,148,91
2026/02/04/17:25:05,5396.165582,0.932312,0.873083,0.940219,0.880943,86,52,55,46,1,0,0,0,309,158,148,91
2026/02/04/17:25:06,5397.166158,0.932312,0.873083,0.940219,0.880943,86,52,55,46,1,0,0,0,309,158,148,91
2026/02/04/17:25:07,5398.166672,0.932312,0.873083,0.940219,0.880943,86,52,55,46,1,0,0,0,309,158,148,91
2026/02/04/17:25:08,5399.167157,0.932312,0.873083,0.940219,0.880943,86,52,55,46,1,0,0,0,309,158,148,91
2026/02/04/17:25:09,5400.167712,0.932312,0.873083,0.940219,0.880943,86,52,55,46,1,0,0,0,309,158,148,91
2026/02/04/17:25:10,5401.168491,0.932312,0.873083,0.940219,0.880943,86,52,55,46,1,0,0,0,309,158,148,91
2026/02/04/17:25:11,5402.169006,0.932312,0.873083,0.940219,0.880943,86,52,55,46,1,0,0,0,309,158,148,91
2026/02/04/17:25:12,5403.169723,0.932312,0.873083,0.940219,0.880943,86,52,55,46,1,0,0,0,309,158,148,91
2026/02/04/17:25:13,5404.170159,0.932312,0.873083,0.940219,0.880943,86,52,55,46,1,0,0,0,309,158,148,91
2026/02/04/17:25:14,5405.170855,0.932312,0.873083,0.940219,0.880943,86,52,55,46,1,0,0,0,309,158,148,91
2026/02/04/17:25:15,5406.171327,0.932312,0.873083,0.940219,0.880943,86,52,55,46,1,0,0,0,309,158,148,91
2026/02/04/17:25:16,5407.171863,0.932312,0.873083,0.940219,0.880943,86,52,55,46,1,0,0,0,309,158,148,91
2026/02/04/17:25:17,5408.173400,0.932312,0.873083,0.940219,0.880943,86,52,55,46,1,0,0,0,309,158,148,91
2026/02/04/17:25:18,5409.173900,0.932312,0.873083,0.940219,0.880943,86,52,55,46,1,0,0,0,309,158,148,91
2026/02/04/17:25:19,5410.256845,0.932312,0.873083,0.940219,0.880943,86,52,55,46,1,0,0,0,309,158,148,91
2026/02/04/17:25:20,5411.257299,0.932312,0.873083,0.940219,0.880943,86,52,55,46,1,0,0,0,309,158,148,91
2026/02/04/17:25:21,5412.257751,0.932312,0.873083,0.940219,0.880943,86,52,55,46,1,0,0,0,309,158,148,91
2026/02/04/17:25:22,5413.261790,0.932312,0.873083,0.940219,0.880943,86,52,55,46,1,0,0,0,309,158,148,91
2026/02/04/17:25:23,5414.262383,0.940219,0.880943,0.940219,0.880943,87,52,55,46,0,0,0,0,310,158,148,91
2026/02/04/17:25:24,5415.262951,0.940219,0.880943,0.940219,0.880943,87,52,55,46,0,0,0,0,310,158,148,91
2026/02/04/17:25:25,5416.263356,0.940219,0.880943,0.940219,0.880943,87,52,55,46,0,0,0,0,310,158,148,91
2026/02/04/17:25:26,5417.264177,0.940219,0.880943,0.940219,0.880943,87,52,55,46,0,0,0,0,310,158,148,91
2026/02/04/17:25:27,5418.264932,0.940219,0.880943,0.940219,0.880943,87,52,55,46,0,0,0,0,310,158,148,91
2026/02/04/17:25:28,5419.265375,0.940219,0.880943,0.940219,0.880943,87,52,55,46,0,0,0,0,310,158,148,91
2026/02/04/17:25:29,5420.265936,0.940219,0.880943,0.940219,0.880943,87,52,55,46,0,0,0,0,310,158,148,91
2026/02/04/17:25:30,5421.266518,0.940219,0.880943,0.940219,0.880943,87,52,55,46,0,0,0,0,310,158,148,91
2026/02/04/17:25:31,5422.266984,0.940219,0.880943,0.940219,0.880943,87,52,55,46,0,0,0,0,310,158,148,91
2026/02/04/17:25:32,5423.267530,0.940219,0.880943,0.940219,0.880943,87,52,55,46,0,0,0,0,310,158,148,91
2026/02/04/17:25:33,5424.268029,0.940219,0.880943,0.940219,0.880943,87,52,55,46,0,0,0,0,310,158,148,91
2026/02/04/17:25:34,5425.268559,0.940219,0.880943,0.940219,0.880943,87,52,55,46,0,0,0,0,310,158,148,91
2026/02/04/17:25:35,5426.269038,0.940219,0.880943,0.940219,0.880943,87,52,55,46,0,0,0,0,310,158,148,91
2026/02/04/17:25:36,5427.269566,0.940219,0.880943,0.940219,0.880943,87,52,55,46,0,0,0,0,310,158,148,91
2026/02/04/17:25:37,5428.270055,0.940219,0.880943,0.940219,0.880943,87,52,55,46,0,0,0,0,310,158,148,91
2026/02/04/17:25:38,5429.270468,0.940219,0.880943,0.940219,0.880943,87,52,55,46,0,0,0,0,310,158,148,91
2026/02/04/17:25:39,5430.270908,0.940219,0.880943,0.940219,0.880943,87,52,55,46,0,0,0,0,310,158,148,91
2026/02/04/17:25:40,5431.271332,0.940219,0.880943,0.940219,0.880943,87,52,55,46,0,0,0,0,310,158,148,91
2026/02/04/17:25:41,5432.271858,0.940219,0.880943,0.940219,0.880943,87,52,55,46,0,0,0,0,310,158,148,91
2026/02/04/17:25:42,5433.272298,0.940219,0.880943,0.940219,0.880943,87,52,55,46,0,0,0,0,310,158,148,91
2026/02/04/17:25:43,5434.272874,0.940219,0.880943,0.940219,0.880943,87,52,55,46,0,0,0,0,310,158,148,91
2026/02/04/17:25:44,5435.273261,0.940219,0.880943,0.940219,0.880943,87,52,55,46,0,0,0,0,310,158,148,91
2026/02/04/17:25:45,5436.273757,0.940219,0.880943,0.940219,0.880943,87,52,55,46,0,0,0,0,310,158,148,91
2026/02/04/17:25:46,5437.274284,0.940219,0.880943,0.940219,0.880943,87,52,55,46,0,0,0,0,310,158,148,91
2026/02/04/17:25:47,5438.274685,0.940219,0.880943,0.940219,0.880943,87,52,55,46,0,0,0,0,310,158,148,91
2026/02/04/17:25:48,5439.275160,0.940219,0.880943,0.940219,0.880943,87,52,55,46,0,0,0,0,310,158,148,91
2026/02/04/17:25:49,5440.275657,0.940219,0.880943,0.940219,0.880943,87,52,55,46,0,0,0,0,310,158,148,91
2026/02/04/17:25:50,5441.276291,0.940219,0.880943,0.940219,0.880943,87,52,55,46,0,0,0,0,310,158,148,91
2026/02/04/17:25:51,5442.276817,0.940219,0.880943,0.940219,0.880943,87,52,55,46,0,0,0,0,310,158,148,91
2026/02/04/17:25:52,5443.277314,0.940219,0.880943,0.940219,0.880943,87,52,55,46,0,0,0,0,310,158,148,91
2026/02/04/17:25:53,5444.277761,0.940219,0.880943,0.940219,0.880943,87,52,55,46,0,0,0,0,310,158,148,91
2026/02/04/17:25:54,5445.278264,0.940219,0.880943,0.940219,0.880943,87,52,55,46,0,0,0,0,310,158,148,91
2026/02/04/17:25:55,5446.278799,0.940219,0.880943,0.940219,0.880943,87,52,55,46,0,0,0,0,310,158,148,91
2026/02/04/17:25:56,5447.279273,0.940219,0.880943,0.940219,0.880943,87,52,55,46,0,0,0,0,310,158,148,91
2026/02/04/17:25:57,5448.279800,0.936187,0.870331,0.936187,0.870331,86,52,55,46,0,0,0,0,311,158,148,91
2026/02/04/17:25:58,5449.280416,0.936187,0.870331,0.936187,0.870331,86,52,55,46,0,0,0,0,311,158,148,91
2026/02/04/17:25:59,5450.280998,0.936187,0.870331,0.936187,0.870331,86,52,55,46,0,0,0,0,311,158,148,91
2026/02/04/17:26:00,5451.281610,0.936187,0.870331,0.936187,0.870331,86,52,55,46,0,0,0,0,311,158,148,91
2026/02/04/17:26:01,5452.282199,0.936187,0.870331,0.936187,0.870331,86,52,55,46,0,0,0,0,311,158,148,91
2026/02/04/17:26:02,5453.282596,0.936187,0.870331,0.936187,0.870331,86,52,55,46,0,0,0,0,311,158,148,91
2026/02/04/17:26:03,5454.283284,0.936187,0.870331,0.936187,0.870331,86,52,55,46,0,0,0,0,311,158,148,91
2026/02/04/17:26:04,5455.283831,0.936187,0.870331,0.936187,0.870331,86,52,55,46,0,0,0,0,311,158,148,91
2026/02/04/17:26:05,5456.284302,0.933969,0.865620,0.933969,0.865620,86,51,55,46,0,0,0,0,311,159,148,91
2026/02/04/17:26:06,5457.284850,0.928719,0.860079,0.928719,0.860079,83,51,55,46,0,0,0,0,314,159,148,91
2026/02/04/17:26:07,5458.285309,0.928719,0.860079,0.928719,0.860079,83,51,55,46,0,0,0,0,314,159,148,91
2026/02/04/17:26:08,5459.285773,0.928719,0.860079,0.928719,0.860079,83,51,55,46,0,0,0,0,314,159,148,91
2026/02/04/17:26:09,5460.286507,0.928719,0.860079,0.928719,0.860079,83,51,55,46,0,0,0,0,314,159,148,91
2026/02/04/17:26:10,5461.287150,0.928719,0.860079,0.928719,0.860079,83,51,55,46,0,0,0,0,314,159,148,91
2026/02/04/17:26:11,5462.287839,0.928719,0.860079,0.928719,0.860079,83,51,55,46,0,0,0,0,314,159,148,91
2026/02/04/17:26:12,5463.288373,0.928719,0.860079,0.928719,0.860079,83,51,55,46,0,0,0,0,314,159,148,91
2026/02/04/17:26:13,5464.289855,0.928719,0.860079,0.928719,0.860079,83,51,55,46,0,0,0,0,314,159,148,91
2026/02/04/17:26:14,5465.290542,0.928719,0.860079,0.928719,0.860079,83,51,55,46,0,0,0,0,314,159,148,91
2026/02/04/17:26:15,5466.291304,0.928719,0.860079,0.928719,0.860079,83,51,55,46,0,0,0,0,314,159,148,91
2026/02/04/17:26:16,5467.291798,0.928719,0.860079,0.928719,0.860079,83,51,55,46,0,0,0,0,314,159,148,91
2026/02/04/17:26:17,5468.292402,0.928719,0.860079,0.928719,0.860079,83,51,55,46,0,0,0,0,314,159,148,91
2026/02/04/17:26:18,5469.292982,0.928719,0.860079,0.928719,0.860079,83,51,55,46,0,0,0,0,314,159,148,91
2026/02/04/17:26:19,5470.293644,0.928719,0.860079,0.928719,0.860079,83,51,55,46,0,0,0,0,314,159,148,91
2026/02/04/17:26:20,5471.294122,0.928719,0.860079,0.928719,0.860079,83,51,55,46,0,0,0,0,314,159,148,91
2026/02/04/17:26:21,5472.294788,0.928719,0.860079,0.928719,0.860079,83,51,55,46,0,0,0,0,314,159,148,91
2026/02/04/17:26:22,5473.295279,0.928719,0.860079,0.928719,0.860079,83,51,55,46,0,0,0,0,314,159,148,91
2026/02/04/17:26:23,5474.295730,0.928719,0.860079,0.928719,0.860079,83,51,55,46,0,0,0,0,314,159,148,91
2026/02/04/17:26:24,5475.296369,0.928719,0.860079,0.928719,0.860079,83,51,55,46,0,0,0,0,314,159,148,91
2026/02/04/17:26:25,5476.297001,0.925562,0.857708,0.925562,0.857708,83,51,55,45,0,0,0,0,314,159,148,92
2026/02/04/17:26:26,5477.297545,0.925562,0.857708,0.925562,0.857708,83,51,55,45,0,0,0,0,314,159,148,92
2026/02/04/17:26:27,5478.298251,0.925562,0.857708,0.925562,0.857708,83,51,55,45,0,0,0,0,314,159,148,92
2026/02/04/17:26:28,5479.298676,0.925562,0.857708,0.925562,0.857708,83,51,55,45,0,0,0,0,314,159,148,92
2026/02/04/17:26:29,5480.299136,0.925562,0.857708,0.925562,0.857708,83,51,55,45,0,0,0,0,314,159,148,92
2026/02/04/17:26:30,5481.299648,0.925562,0.857708,0.925562,0.857708,83,51,55,45,0,0,0,0,314,159,148,92
2026/02/04/17:26:31,5482.300309,0.925562,0.857708,0.925562,0.857708,83,51,55,45,0,0,0,0,314,159,148,92
2026/02/04/17:26:32,5483.300948,0.925562,0.857708,0.925562,0.857708,83,51,55,45,0,0,0,0,314,159,148,92
2026/02/04/17:26:33,5484.301497,0.925562,0.857708,0.925562,0.857708,83,51,55,45,0,0,0,0,314,159,148,92
2026/02/04/17:26:34,5485.302086,0.925562,0.857708,0.925562,0.857708,83,51,55,45,0,0,0,0,314,159,148,92
2026/02/04/17:26:35,5486.302665,0.925562,0.857708,0.925562,0.857708,83,51,55,45,0,0,0,0,314,159,148,92
2026/02/04/17:26:36,5487.303242,0.925562,0.857708,0.925562,0.857708,83,51,55,45,0,0,0,0,314,159,148,92
2026/02/04/17:26:37,5488.303746,0.925562,0.857708,0.925562,0.857708,83,51,55,45,0,0,0,0,314,159,148,92
2026/02/04/17:26:38,5489.304308,0.925562,0.857708,0.925562,0.857708,83,51,55,45,0,0,0,0,314,159,148,92
2026/02/04/17:26:39,5490.304881,0.925562,0.857708,0.925562,0.857708,83,51,55,45,0,0,0,0,314,159,148,92
2026/02/04/17:26:40,5491.305402,0.925562,0.857708,0.925562,0.857708,83,51,55,45,0,0,0,0,314,159,148,92
2026/02/04/17:26:41,5492.305943,0.925562,0.857708,0.925562,0.857708,83,51,55,45,0,0,0,0,314,159,148,92
2026/02/04/17:26:42,5493.306363,0.925562,0.857708,0.925562,0.857708,83,51,55,45,0,0,0,0,314,159,148,92
2026/02/04/17:26:43,5494.306877,0.925562,0.857708,0.925562,0.857708,83,51,55,45,0,0,0,0,314,159,148,92
2026/02/04/17:26:44,5495.307584,0.925562,0.857708,0.925562,0.857708,83,51,55,45,0,0,0,0,314,159,148,92
2026/02/04/17:26:45,5496.308187,0.925562,0.857708,0.925562,0.857708,83,51,55,45,0,0,0,0,314,159,148,92
2026/02/04/17:26:46,5497.308827,0.925562,0.857708,0.925562,0.857708,83,51,55,45,0,0,0,0,314,159,148,92
2026/02/04/17:26:47,5498.309384,0.925562,0.857708,0.925562,0.857708,83,51,55,45,0,0,0,0,314,159,148,92
2026/02/04/17:26:48,5499.310032,0.925562,0.857708,0.925562,0.857708,83,51,55,45,0,0,0,0,314,159,148,92
2026/02/04/17:26:49,5500.310627,0.925562,0.857708,0.925562,0.857708,83,51,55,45,0,0,0,0,314,159,148,92
2026/02/04/17:26:50,5501.311188,0.925562,0.857708,0.925562,0.857708,83,51,55,45,0,0,0,0,314,159,148,92
2026/02/04/17:26:51,5502.311596,0.925562,0.857708,0.925562,0.857708,83,51,55,45,0,0,0,0,314,159,148,92
2026/02/04/17:26:52,5503.312233,0.925562,0.857708,0.925562,0.857708,83,51,55,45,0,0,0,0,314,159,148,92
2026/02/04/17:26:53,5504.312681,0.899125,0.833531,0.899125,0.833531,80,51,55,45,0,0,0,0,317,159,148,92
2026/02/04/17:26:54,5505.313253,0.899125,0.833531,0.899125,0.833531,80,51,55,45,0,0,0,0,317,159,148,92
2026/02/04/17:26:55,5506.313773,0.899125,0.833531,0.899125,0.833531,80,51,55,45,0,0,0,0,317,159,148,92
2026/02/04/17:26:56,5507.314434,0.899125,0.833531,0.899125,0.833531,80,51,55,45,0,0,0,0,317,159,148,92
2026/02/04/17:26:57,5508.315161,0.899125,0.833531,0.899125,0.833531,80,51,55,45,0,0,0,0,317,159,148,92
2026/02/04/17:26:58,5509.315463,0.899125,0.833531,0.899125,0.833531,80,51,55,45,0,0,0,0,317,159,148,92
2026/02/04/17:26:59,5510.315991,0.899125,0.833531,0.899125,0.833531,80,51,55,45,0,0,0,0,317,159,148,92
2026/02/04/17:27:00,5511.316501,0.899125,0.833531,0.899125,0.833531,80,51,55,45,0,0,0,0,317,159,148,92
2026/02/04/17:27:01,5512.317115,0.899125,0.833531,0.899125,0.833531,80,51,55,45,0,0,0,0,317,159,148,92
2026/02/04/17:27:02,5513.317748,0.899125,0.833531,0.899125,0.833531,80,51,55,45,0,0,0,0,317,159,148,92
2026/02/04/17:27:03,5514.318362,0.899125,0.833531,0.899125,0.833531,80,51,55,45,0,0,0,0,317,159,148,92
2026/02/04/17:27:04,5515.318974,0.899125,0.833531,0.899125,0.833531,80,51,55,45,0,0,0,0,317,159,148,92
2026/02/04/17:27:05,5516.319530,0.899125,0.833531,0.899125,0.833531,80,51,55,45,0,0,0,0,317,159,148,92
2026/02/04/17:27:06,5517.320095,0.899125,0.833531,0.899125,0.833531,80,51,55,45,0,0,0,0,317,159,148,92
2026/02/04/17:27:07,5518.320825,0.899125,0.833531,0.899125,0.833531,80,51,55,45,0,0,0,0,317,159,148,92
2026/02/04/17:27:08,5519.321499,0.899125,0.833531,0.899125,0.833531,80,51,55,45,0,0,0,0,317,159,148,92
2026/02/04/17:27:09,5520.323423,0.899125,0.833531,0.899125,0.833531,80,51,55,45,0,0,0,0,317,159,148,92
2026/02/04/17:27:10,5521.324088,0.899125,0.833531,0.899125,0.833531,80,51,55,45,0,0,0,0,317,159,148,92
2026/02/04/17:27:11,5522.324703,0.899125,0.833531,0.899125,0.833531,80,51,55,45,0,0,0,0,317,159,148,92
2026/02/04/17:27:12,5523.325492,0.899125,0.833531,0.899125,0.833531,80,51,55,45,0,0,0,0,317,159,148,92
2026/02/04/17:27:13,5524.325976,0.899125,0.833531,0.899125,0.833531,80,51,55,45,0,0,0,0,317,159,148,92
2026/02/04/17:27:14,5525.326564,0.899125,0.833531,0.899125,0.833531,80,51,55,45,0,0,0,0,317,159,148,92
2026/02/04/17:27:15,5526.327179,0.899125,0.833531,0.899125,0.833531,80,51,55,45,0,0,0,0,317,159,148,92
2026/02/04/17:27:16,5527.327663,0.899125,0.833531,0.899125,0.833531,80,51,55,45,0,0,0,0,317,159,148,92
2026/02/04/17:27:17,5528.328214,0.899125,0.833531,0.899125,0.833531,80,51,55,45,0,0,0,0,317,159,148,92
2026/02/04/17:27:18,5529.328695,0.899125,0.833531,0.899125,0.833531,80,51,55,45,0,0,0,0,317,159,148,92
2026/02/04/17:27:19,5530.329299,0.899125,0.833531,0.899125,0.833531,80,51,55,45,0,0,0,0,317,159,148,92
2026/02/04/17:27:20,5531.329844,0.899125,0.833531,0.899125,0.833531,80,51,55,45,0,0,0,0,317,159,148,92
2026/02/04/17:27:21,5532.330308,0.899125,0.833531,0.899125,0.833531,80,51,55,45,0,0,0,0,317,159,148,92
2026/02/04/17:27:22,5533.330967,0.899125,0.833531,0.899125,0.833531,80,51,55,45,0,0,0,0,317,159,148,92
2026/02/04/17:27:23,5534.331549,0.903875,0.838815,0.910250,0.843951,80,51,56,46,0,0,2,0,317,159,148,92
2026/02/04/17:27:24,5535.331968,0.910250,0.843951,0.910250,0.843951,80,51,58,46,0,0,0,0,317,159,148,92
2026/02/04/17:27:25,5536.332585,0.910250,0.843951,0.910250,0.843951,80,51,58,46,0,0,0,0,317,159,148,92
2026/02/04/17:27:26,5537.333090,0.910250,0.843951,0.910250,0.843951,80,51,58,46,0,0,0,0,317,159,148,92
2026/02/04/17:27:27,5538.333587,0.910250,0.843951,0.910250,0.843951,80,51,58,46,0,0,0,0,317,159,148,92
2026/02/04/17:27:28,5539.334022,0.910250,0.843951,0.910250,0.843951,80,51,58,46,0,0,0,0,317,159,148,92
2026/02/04/17:27:29,5540.334544,0.910250,0.843951,0.910250,0.843951,80,51,58,46,0,0,0,0,317,159,148,92
2026/02/04/17:27:30,5541.335036,0.910250,0.843951,0.910250,0.843951,80,51,58,46,0,0,0,0,317,159,148,92
2026/02/04/17:27:31,5542.335794,0.900687,0.836247,0.900687,0.836247,80,51,55,46,0,0,0,0,317,159,151,92
2026/02/04/17:27:32,5543.336290,0.900687,0.836247,0.900687,0.836247,80,51,55,46,0,0,0,0,317,159,151,92
2026/02/04/17:27:33,5544.336762,0.900687,0.836247,0.900687,0.836247,80,51,55,46,0,0,0,0,317,159,151,92
2026/02/04/17:27:34,5545.337261,0.900687,0.836247,0.900687,0.836247,80,51,55,46,0,0,0,0,317,159,151,92
2026/02/04/17:27:35,5546.337804,0.900687,0.836247,0.900687,0.836247,80,51,55,46,0,0,0,0,317,159,151,92
2026/02/04/17:27:36,5547.338367,0.900687,0.836247,0.900687,0.836247,80,51,55,46,0,0,0,0,317,159,151,92
2026/02/04/17:27:37,5548.339047,0.900687,0.836247,0.900687,0.836247,80,51,55,46,0,0,0,0,317,159,151,92
2026/02/04/17:27:38,5549.339772,0.890062,0.832898,0.890062,0.832898,80,51,53,46,0,0,0,0,317,159,153,92
2026/02/04/17:27:39,5550.340289,0.890062,0.832898,0.890062,0.832898,80,51,53,46,0,0,0,0,317,159,153,92
2026/02/04/17:27:40,5551.340768,0.890062,0.832898,0.890062,0.832898,80,51,53,46,0,0,0,0,317,159,153,92
2026/02/04/17:27:41,5552.341338,0.890062,0.832898,0.890062,0.832898,80,51,53,46,0,0,0,0,317,159,153,92
2026/02/04/17:27:42,5553.341927,0.902438,0.860480,0.902438,0.860480,80,54,53,48,0,0,0,0,317,159,153,92
2026/02/04/17:27:43,5554.342602,0.902438,0.860480,0.902438,0.860480,80,54,53,48,0,0,0,0,317,159,153,92
2026/02/04/17:27:44,5555.344138,0.902438,0.860480,0.902438,0.860480,80,54,53,48,0,0,0,0,317,159,153,92
2026/02/04/17:27:45,5556.344656,0.907500,0.874951,0.907500,0.874951,82,54,53,48,0,0,0,0,317,159,153,92
2026/02/04/17:27:46,5557.345146,0.932969,0.894745,0.932969,0.894745,85,54,59,48,0,0,0,0,317,159,153,93
2026/02/04/17:27:47,5558.345654,0.928844,0.873209,0.928844,0.873209,85,52,59,48,0,0,0,0,317,161,153,93
2026/02/04/17:27:48,5559.346264,0.928844,0.873209,0.928844,0.873209,85,52,59,48,0,0,0,0,317,161,153,93
2026/02/04/17:27:49,5560.346863,0.928844,0.873209,0.928844,0.873209,85,52,59,48,0,0,0,0,317,161,153,93
2026/02/04/17:27:50,5561.347485,0.928844,0.873209,0.928844,0.873209,85,52,59,48,0,0,0,0,317,161,153,93
2026/02/04/17:27:51,5562.348152,0.928844,0.873209,0.928844,0.873209,85,52,59,48,0,0,0,0,317,161,153,93
2026/02/04/17:27:52,5563.348666,0.925219,0.871179,0.925219,0.871179,85,52,59,47,0,0,0,0,317,161,153,94
2026/02/04/17:27:53,5564.349131,0.925219,0.871179,0.925219,0.871179,85,52,59,47,0,0,0,0,317,161,153,94
2026/02/04/17:27:54,5565.349641,0.925219,0.871179,0.925219,0.871179,85,52,59,47,0,0,0,0,317,161,153,94
2026/02/04/17:27:55,5566.350209,0.925219,0.871179,0.925219,0.871179,85,52,59,47,0,0,0,0,317,161,153,94
2026/02/04/17:27:56,5567.350866,0.919312,0.862246,0.919312,0.862246,85,52,56,47,0,0,0,0,317,161,156,94
2026/02/04/17:27:57,5568.351447,0.919312,0.862246,0.919312,0.862246,85,52,56,47,0,0,0,0,317,161,156,94
2026/02/04/17:27:58,5569.351912,0.919312,0.862246,0.919312,0.862246,85,52,56,47,0,0,0,0,317,161,156,94
2026/02/04/17:27:59,5570.352567,0.919312,0.862246,0.919312,0.862246,85,52,56,47,0,0,0,0,317,161,156,94
2026/02/04/17:28:00,5571.353370,0.919312,0.862246,0.919312,0.862246,85,52,56,47,0,0,0,0,317,161,156,94
2026/02/04/17:28:01,5572.353988,0.919312,0.862246,0.919312,0.862246,85,52,56,47,0,0,0,0,317,161,156,94
2026/02/04/17:28:02,5573.354591,0.919312,0.862246,0.919312,0.862246,85,52,56,47,0,0,0,0,317,161,156,94
2026/02/04/17:28:03,5574.355283,0.919312,0.862246,0.919312,0.862246,85,52,56,47,0,0,0,0,317,161,156,94
2026/02/04/17:28:04,5575.355814,0.919312,0.862246,0.919312,0.862246,85,52,56,47,0,0,0,0,317,161,156,94
2026/02/04/17:28:05,5576.356348,0.927000,0.868874,0.927000,0.868874,88,52,56,47,0,0,0,0,317,161,156,94
2026/02/04/17:28:06,5577.356880,0.927000,0.868874,0.927000,0.868874,88,52,56,47,0,0,0,0,317,161,156,94
2026/02/04/17:28:07,5578.357386,0.922063,0.864733,0.922063,0.864733,88,52,56,45,0,0,0,0,317,161,156,96
2026/02/04/17:28:08,5579.357970,0.922063,0.864733,0.922063,0.864733,88,52,56,45,0,0,0,0,317,161,156,96
2026/02/04/17:28:09,5580.358625,0.922063,0.864733,0.922063,0.864733,88,52,56,45,0,0,0,0,317,161,156,96
2026/02/04/17:28:10,5581.359164,0.922063,0.864733,0.922063,0.864733,88,52,56,45,0,0,0,0,317,161,156,96
2026/02/04/17:28:11,5582.359698,0.922063,0.864733,0.922063,0.864733,88,52,56,45,0,0,0,0,317,161,156,96
2026/02/04/17:28:12,5583.368808,0.922063,0.864733,0.922063,0.864733,88,52,56,45,0,0,0,0,317,161,156,96
2026/02/04/17:28:13,5584.369585,0.922063,0.864733,0.922063,0.864733,88,52,56,45,0,0,0,0,317,161,156,96
2026/02/04/17:28:14,5585.370246,0.922063,0.864733,0.922063,0.864733,88,52,56,45,0,0,0,0,317,161,156,96
2026/02/04/17:28:15,5586.370790,0.922063,0.864733,0.922063,0.864733,88,52,56,45,0,0,0,0,317,161,156,96
2026/02/04/17:28:16,5587.371320,0.955063,0.857019,1.004000,0.895043,84,55,56,48,6,0,0,0,325,161,156,96
2026/02/04/17:28:17,5588.371914,0.955063,0.857019,1.004000,0.895043,84,55,56,48,6,0,0,0,325,161,156,96
2026/02/04/17:28:18,5589.372424,0.955063,0.857019,1.004000,0.895043,84,55,56,48,6,0,0,0,325,161,156,96
2026/02/04/17:28:19,5590.372976,0.951594,0.860068,0.995000,0.886060,85,55,56,45,5,0,0,0,325,161,156,99
2026/02/04/17:28:20,5591.373427,0.951594,0.860068,0.974187,0.881817,85,55,56,45,3,0,0,0,325,161,156,99
2026/02/04/17:28:21,5592.373969,0.931937,0.865917,0.931937,0.865917,88,51,56,45,0,0,0,0,325,165,156,99
2026/02/04/17:28:22,5593.374481,0.931937,0.865917,0.931937,0.865917,88,51,56,45,0,0,0,0,325,165,156,99
2026/02/04/17:28:23,5594.375052,0.931937,0.865917,0.931937,0.865917,88,51,56,45,0,0,0,0,325,165,156,99
2026/02/04/17:28:24,5595.375654,0.931937,0.865917,0.931937,0.865917,88,51,56,45,0,0,0,0,325,165,156,99
2026/02/04/17:28:25,5596.376230,0.931937,0.865917,0.931937,0.865917,88,51,56,45,0,0,0,0,325,165,156,99
2026/02/04/17:28:26,5597.376751,0.931937,0.865917,0.931937,0.865917,88,51,56,45,0,0,0,0,325,165,156,99
2026/02/04/17:28:27,5598.377389,0.931937,0.865917,0.931937,0.865917,88,51,56,45,0,0,0,0,325,165,156,99
2026/02/04/17:28:28,5599.377913,0.931937,0.865917,0.931937,0.865917,88,51,56,45,0,0,0,0,325,165,156,99
2026/02/04/17:28:29,5600.378573,0.931937,0.865917,0.931937,0.865917,88,51,56,45,0,0,0,0,325,165,156,99
2026/02/04/17:28:30,5601.379245,0.931937,0.865917,0.931937,0.865917,88,51,56,45,0,0,0,0,325,165,156,99
2026/02/04/17:28:31,5602.379874,0.931937,0.865917,0.931937,0.865917,88,51,56,45,0,0,0,0,325,165,156,99
2026/02/04/17:28:32,5603.380472,0.931937,0.865917,0.931937,0.865917,88,51,56,45,0,0,0,0,325,165,156,99
2026/02/04/17:28:33,5604.380999,0.922281,0.860261,0.922281,0.860261,85,51,56,45,0,0,0,0,328,165,156,99
2026/02/04/17:28:34,5605.381680,0.922281,0.860261,0.922281,0.860261,85,51,56,45,0,0,0,0,328,165,156,99
2026/02/04/17:28:35,5606.382266,0.922281,0.860261,0.922281,0.860261,85,51,56,45,0,0,0,0,328,165,156,99
2026/02/04/17:28:36,5607.382915,0.922281,0.860261,0.922281,0.860261,85,51,56,45,0,0,0,0,328,165,156,99
2026/02/04/17:28:37,5608.383489,0.922281,0.860261,0.922281,0.860261,85,51,56,45,0,0,0,0,328,165,156,99
2026/02/04/17:28:38,5609.384211,0.922281,0.860261,0.922281,0.860261,85,51,56,45,0,0,0,0,328,165,156,99
2026/02/04/17:28:39,5610.384741,0.922281,0.860261,0.922281,0.860261,85,51,56,45,0,0,0,0,328,165,156,99
2026/02/04/17:28:40,5611.385198,0.922281,0.860261,0.922281,0.860261,85,51,56,45,0,0,0,0,328,165,156,99
2026/02/04/17:28:41,5612.385856,0.922281,0.860261,0.922281,0.860261,85,51,56,45,0,0,0,0,328,165,156,99
2026/02/04/17:28:42,5613.386452,0.922281,0.860261,0.922281,0.860261,85,51,56,45,0,0,0,0,328,165,156,99
2026/02/04/17:28:43,5614.387108,0.922281,0.860261,0.922281,0.860261,85,51,56,45,0,0,0,0,328,165,156,99
2026/02/04/17:28:44,5615.387649,0.922281,0.860261,0.922281,0.860261,85,51,56,45,0,0,0,0,328,165,156,99
2026/02/04/17:28:45,5616.388250,0.922281,0.860261,0.922281,0.860261,85,51,56,45,0,0,0,0,328,165,156,99
2026/02/04/17:28:46,5617.388674,0.944875,0.868267,0.975812,0.873078,87,51,58,45,2,0,0,0,328,165,156,99
2026/02/04/17:28:47,5618.389147,0.948688,0.876684,0.979625,0.881495,87,51,60,45,2,0,0,0,328,165,156,99
2026/02/04/17:28:48,5619.389642,0.948688,0.876684,0.979625,0.881495,87,51,60,45,2,0,0,0,328,165,156,99
2026/02/04/17:28:49,5620.390166,0.948688,0.876684,0.979625,0.881495,87,51,60,45,2,0,0,0,328,165,156,99
2026/02/04/17:28:50,5621.390764,0.944875,0.868267,0.975812,0.873078,87,51,58,45,2,0,0,0,328,165,158,99
2026/02/04/17:28:51,5622.391334,0.944875,0.868267,0.975812,0.873078,87,51,58,45,2,0,0,0,328,165,158,99
2026/02/04/17:28:52,5623.391784,0.942688,0.866008,0.973625,0.870819,86,51,58,45,2,0,0,0,329,165,158,99
2026/02/04/17:28:53,5624.392303,0.942688,0.866008,0.973625,0.870819,86,51,58,45,2,0,0,0,329,165,158,99
2026/02/04/17:28:54,5625.392728,0.942688,0.866008,0.973625,0.870819,86,51,58,45,2,0,0,0,329,165,158,99
2026/02/04/17:28:55,5626.393284,0.942688,0.866008,0.973625,0.870819,86,51,58,45,2,0,0,0,329,165,158,99
2026/02/04/17:28:56,5627.393759,0.942688,0.866008,0.973625,0.870819,86,51,58,45,2,0,0,0,329,165,158,99
2026/02/04/17:28:57,5628.394339,0.942688,0.866008,0.973625,0.870819,86,51,58,45,2,0,0,0,329,165,158,99
2026/02/04/17:28:58,5629.394987,0.942688,0.866008,0.973625,0.870819,86,51,58,45,2,0,0,0,329,165,158,99
2026/02/04/17:28:59,5630.395627,0.942688,0.866008,0.973625,0.870819,86,51,58,45,2,0,0,0,329,165,158,99
2026/02/04/17:29:00,5631.396077,0.942688,0.866008,0.973625,0.870819,86,51,58,45,2,0,0,0,329,165,158,99
2026/02/04/17:29:01,5632.396917,0.942688,0.866008,0.973625,0.870819,86,51,58,45,2,0,0,0,329,165,158,99
2026/02/04/17:29:02,5633.397630,0.922281,0.860261,0.922281,0.860261,85,51,56,45,0,0,0,0,330,165,160,99
2026/02/04/17:29:03,5634.398307,0.922281,0.860261,0.922281,0.860261,85,51,56,45,0,0,0,0,330,165,160,99
2026/02/04/17:29:04,5635.398956,0.916188,0.853327,0.916188,0.853327,85,50,56,45,0,0,0,0,330,166,160,99
2026/02/04/17:29:05,5636.399582,0.916188,0.853327,0.916188,0.853327,85,50,56,45,0,0,0,0,330,166,160,99
2026/02/04/17:29:06,5637.400033,0.916188,0.853327,0.916188,0.853327,85,50,56,45,0,0,0,0,330,166,160,99
2026/02/04/17:29:07,5638.400486,0.916188,0.853327,0.916188,0.853327,85,50,56,45,0,0,0,0,330,166,160,99
2026/02/04/17:29:08,5639.401153,0.916188,0.853327,0.916188,0.853327,85,50,56,45,0,0,0,0,330,166,160,99
2026/02/04/17:29:09,5640.401662,0.916188,0.853327,0.916188,0.853327,85,50,56,45,0,0,0,0,330,166,160,99
2026/02/04/17:29:10,5641.402213,0.916188,0.853327,0.916188,0.853327,85,50,56,45,0,0,0,0,330,166,160,99
2026/02/04/17:29:11,5642.402852,0.916188,0.853327,0.916188,0.853327,85,50,56,45,0,0,0,0,330,166,160,99
2026/02/04/17:29:12,5643.403412,0.916188,0.853327,0.916188,0.853327,85,50,56,45,0,0,0,0,330,166,160,99
2026/02/04/17:29:13,5644.403919,0.916188,0.853327,0.916188,0.853327,85,50,56,45,0,0,0,0,330,166,160,99
2026/02/04/17:29:14,5645.404503,0.916188,0.853327,0.916188,0.853327,85,50,56,45,0,0,0,0,330,166,160,99
2026/02/04/17:29:15,5646.405162,0.916188,0.853327,0.916188,0.853327,85,50,56,45,0,0,0,0,330,166,160,99
2026/02/04/17:29:16,5647.405613,0.916188,0.853327,0.916188,0.853327,85,50,56,45,0,0,0,0,330,166,160,99
2026/02/04/17:29:17,5648.406123,0.916188,0.853327,0.916188,0.853327,85,50,56,45,0,0,0,0,330,166,160,99
2026/02/04/17:29:18,5649.406672,0.916188,0.853327,0.916188,0.853327,85,50,56,45,0,0,0,0,330,166,160,99
2026/02/04/17:29:19,5650.407450,0.916188,0.853327,0.916188,0.853327,85,50,56,45,0,0,0,0,330,166,160,99
2026/02/04/17:29:20,5651.408127,0.916188,0.853327,0.916188,0.853327,85,50,56,45,0,0,0,0,330,166,160,99
2026/02/04/17:29:21,5652.408660,0.916188,0.853327,0.916188,0.853327,85,50,56,45,0,0,0,0,330,166,160,99
2026/02/04/17:29:22,5653.409254,0.919094,0.861234,0.919094,0.861234,85,49,56,47,0,0,0,0,330,167,160,99
2026/02/04/17:29:23,5654.409842,0.919094,0.861234,0.919094,0.861234,85,49,56,47,0,0,0,0,330,167,160,99
2026/02/04/17:29:24,5655.410357,0.915781,0.859329,0.915781,0.859329,85,48,56,47,0,0,0,0,330,168,160,99
2026/02/04/17:29:25,5656.410941,0.915781,0.859329,0.915781,0.859329,85,48,56,47,0,0,0,0,330,168,160,99
2026/02/04/17:29:26,5657.411555,0.918781,0.861031,0.918781,0.861031,86,48,56,47,0,0,0,0,330,168,160,99
2026/02/04/17:29:27,5658.412146,0.918781,0.861031,0.918781,0.861031,86,48,56,47,0,0,0,0,330,168,160,99
2026/02/04/17:29:28,5659.412752,0.918781,0.861031,0.918781,0.861031,86,48,56,47,0,0,0,0,330,168,160,99
2026/02/04/17:29:29,5660.413279,0.918781,0.861031,0.918781,0.861031,86,48,56,47,0,0,0,0,330,168,160,99
2026/02/04/17:29:30,5661.413862,0.918781,0.861031,0.918781,0.861031,86,48,56,47,0,0,0,0,330,168,160,99
2026/02/04/17:29:31,5662.414551,0.918781,0.861031,0.918781,0.861031,86,48,56,47,0,0,0,0,330,168,160,99
2026/02/04/17:29:32,5663.415218,0.913531,0.850295,0.913531,0.850295,86,48,56,45,0,0,0,0,330,168,160,101
2026/02/04/17:29:33,5664.415826,0.913531,0.850295,0.913531,0.850295,86,48,56,45,0,0,0,0,330,168,160,101
2026/02/04/17:29:34,5665.416368,0.913531,0.850295,0.913531,0.850295,86,48,56,45,0,0,0,0,330,168,160,101
2026/02/04/17:29:35,5666.416932,0.913531,0.850295,0.913531,0.850295,86,48,56,45,0,0,0,0,330,168,160,101
2026/02/04/17:29:36,5667.417520,0.910531,0.848593,0.910531,0.848593,85,48,56,45,0,0,0,0,331,168,160,101
2026/02/04/17:29:37,5668.418114,0.910531,0.848593,0.910531,0.848593,85,48,56,45,0,0,0,0,331,168,160,101
2026/02/04/17:29:38,5669.418701,0.910531,0.848593,0.910531,0.848593,85,48,56,45,0,0,0,0,331,168,160,101
2026/02/04/17:29:39,5670.419250,0.910531,0.848593,0.910531,0.848593,85,48,56,45,0,0,0,0,331,168,160,101
2026/02/04/17:29:40,5671.419796,0.910531,0.848593,0.910531,0.848593,85,48,56,45,0,0,0,0,331,168,160,101
2026/02/04/17:29:41,5672.420362,0.910531,0.848593,0.910531,0.848593,85,48,56,45,0,0,0,0,331,168,160,101
2026/02/04/17:29:42,5673.421155,0.910531,0.848593,0.910531,0.848593,85,48,56,45,0,0,0,0,331,168,160,101
2026/02/04/17:29:43,5674.421569,0.904031,0.832939,0.904031,0.832939,85,48,56,43,0,0,0,0,331,168,160,103
2026/02/04/17:29:44,5675.422154,0.904031,0.832939,0.904031,0.832939,85,48,56,43,0,0,0,0,331,168,160,103
2026/02/04/17:29:45,5676.422642,0.927594,0.864670,0.934156,0.869192,86,50,58,44,0,0,0,2,331,168,160,103
2026/02/04/17:29:46,5677.423057,0.944094,0.885517,0.946812,0.887825,86,53,58,49,0,1,0,0,332,168,160,103
2026/02/04/17:29:47,5678.423537,0.952281,0.894824,0.968531,0.900710,86,55,58,51,3,0,0,0,332,168,160,103
2026/02/04/17:29:48,5679.424010,0.949094,0.888807,0.965344,0.894693,86,53,58,51,3,0,0,0,332,170,160,103
2026/02/04/17:29:49,5680.424488,0.949094,0.888807,0.965344,0.894693,86,53,58,51,3,0,0,0,332,170,160,103
2026/02/04/17:29:50,5681.424946,0.949094,0.888807,0.965344,0.894693,86,53,58,51,3,0,0,0,332,170,160,103
2026/02/04/17:29:51,5682.425589,0.946281,0.886941,0.959719,0.890961,85,53,58,51,2,0,0,0,333,170,160,103
2026/02/04/17:29:52,5683.426360,0.935906,0.877592,0.949344,0.881612,82,53,58,50,2,0,0,0,336,170,160,104
2026/02/04/17:29:53,5684.426960,0.935906,0.877592,0.949344,0.881612,82,53,58,50,2,0,0,0,336,170,160,104
2026/02/04/17:29:54,5685.427423,0.935906,0.877592,0.949344,0.881612,82,53,58,50,2,0,0,0,336,170,160,104
2026/02/04/17:29:55,5686.428063,0.935906,0.877592,0.949344,0.881612,82,53,58,50,2,0,0,0,336,170,160,104
2026/02/04/17:29:56,5687.428624,0.935906,0.877592,0.949344,0.881612,82,53,58,50,2,0,0,0,336,170,160,104
2026/02/04/17:29:57,5688.429288,0.935906,0.877592,0.942844,0.879796,82,53,58,50,1,0,0,0,336,170,160,104
2026/02/04/17:29:58,5689.429659,0.930094,0.871607,0.937031,0.873811,82,53,58,47,1,0,0,0,336,170,160,107
2026/02/04/17:29:59,5690.430208,0.930094,0.871607,0.930094,0.871607,82,53,58,47,0,0,0,0,336,170,160,107
2026/02/04/17:30:00,5691.430672,0.930094,0.871607,0.930094,0.871607,82,53,58,47,0,0,0,0,336,170,160,107
2026/02/04/17:30:01,5692.431274,0.930094,0.871607,0.930094,0.871607,82,53,58,47,0,0,0,0,336,170,160,107
2026/02/04/17:30:02,5693.431827,0.930094,0.871607,0.930094,0.871607,82,53,58,47,0,0,0,0,336,170,160,107
2026/02/04/17:30:03,5694.432496,0.930094,0.871607,0.930094,0.871607,82,53,58,47,0,0,0,0,336,170,160,107
2026/02/04/17:30:04,5695.433160,0.930094,0.871607,0.930094,0.871607,82,53,58,47,0,0,0,0,336,170,160,107
2026/02/04/17:30:05,5696.433792,0.923969,0.854693,0.923969,0.854693,82,51,58,47,0,0,0,0,336,172,160,107
2026/02/04/17:30:06,5697.434299,0.923969,0.854693,0.923969,0.854693,82,51,58,47,0,0,0,0,336,172,160,107
2026/02/04/17:30:07,5698.434855,0.923969,0.854693,0.923969,0.854693,82,51,58,47,0,0,0,0,336,172,160,107
2026/02/04/17:30:08,5699.435364,0.923969,0.854693,0.923969,0.854693,82,51,58,47,0,0,0,0,336,172,160,107
2026/02/04/17:30:09,5700.435898,0.923969,0.854693,0.923969,0.854693,82,51,58,47,0,0,0,0,336,172,160,107
2026/02/04/17:30:10,5701.436477,0.923969,0.854693,0.923969,0.854693,82,51,58,47,0,0,0,0,336,172,160,107
2026/02/04/17:30:11,5702.437048,0.923969,0.854693,0.923969,0.854693,82,51,58,47,0,0,0,0,336,172,160,107
2026/02/04/17:30:12,5703.437725,0.923969,0.854693,0.923969,0.854693,82,51,58,47,0,0,0,0,336,172,160,107
2026/02/04/17:30:13,5704.438210,0.923969,0.854693,0.923969,0.854693,82,51,58,47,0,0,0,0,336,172,160,107
2026/02/04/17:30:14,5705.438767,0.923969,0.854693,0.923969,0.854693,82,51,58,47,0,0,0,0,336,172,160,107
2026/02/04/17:30:15,5706.439392,0.923969,0.854693,0.923969,0.854693,82,51,58,47,0,0,0,0,336,172,160,107
2026/02/04/17:30:16,5707.439901,0.923969,0.854693,0.923969,0.854693,82,51,58,47,0,0,0,0,336,172,160,107
2026/02/04/17:30:17,5708.440463,0.923969,0.854693,0.923969,0.854693,82,51,58,47,0,0,0,0,336,172,160,107
2026/02/04/17:30:18,5709.441118,0.923969,0.854693,0.923969,0.854693,82,51,58,47,0,0,0,0,336,172,160,107
2026/02/04/17:30:19,5710.441651,0.923969,0.854693,0.923969,0.854693,82,51,58,47,0,0,0,0,336,172,160,107
2026/02/04/17:30:20,5711.442228,0.923969,0.854693,0.923969,0.854693,82,51,58,47,0,0,0,0,336,172,160,107
2026/02/04/17:30:21,5712.442811,0.923969,0.854693,0.923969,0.854693,82,51,58,47,0,0,0,0,336,172,160,107
2026/02/04/17:30:22,5713.443456,0.915813,0.847769,0.915813,0.847769,82,48,58,47,0,0,0,0,336,175,160,107
2026/02/04/17:30:23,5714.443927,0.915813,0.847769,0.915813,0.847769,82,48,58,47,0,0,0,0,336,175,160,107
2026/02/04/17:30:24,5715.444506,0.915813,0.847769,0.915813,0.847769,82,48,58,47,0,0,0,0,336,175,160,107
2026/02/04/17:30:25,5716.445066,0.915813,0.847769,0.915813,0.847769,82,48,58,47,0,0,0,0,336,175,160,107
2026/02/04/17:30:26,5717.445719,0.915813,0.847769,0.915813,0.847769,82,48,58,47,0,0,0,0,336,175,160,107
2026/02/04/17:30:27,5718.446241,0.915813,0.847769,0.915813,0.847769,82,48,58,47,0,0,0,0,336,175,160,107
2026/02/04/17:30:28,5719.446696,0.915813,0.847769,0.915813,0.847769,82,48,58,47,0,0,0,0,336,175,160,107
2026/02/04/17:30:29,5720.447237,0.915813,0.847769,0.915813,0.847769,82,48,58,47,0,0,0,0,336,175,160,107
2026/02/04/17:30:30,5721.447824,0.915813,0.847769,0.915813,0.847769,82,48,58,47,0,0,0,0,336,175,160,107
2026/02/04/17:30:31,5722.448388,0.915813,0.847769,0.915813,0.847769,82,48,58,47,0,0,0,0,336,175,160,107
2026/02/04/17:30:32,5723.449015,0.915813,0.847769,0.915813,0.847769,82,48,58,47,0,0,0,0,336,175,160,107
2026/02/04/17:30:33,5724.449740,0.915813,0.847769,0.915813,0.847769,82,48,58,47,0,0,0,0,336,175,160,107
2026/02/04/17:30:34,5725.450375,0.915813,0.847769,0.915813,0.847769,82,48,58,47,0,0,0,0,336,175,160,107
2026/02/04/17:30:35,5726.450860,0.915813,0.847769,0.915813,0.847769,82,48,58,47,0,0,0,0,336,175,160,107
2026/02/04/17:30:36,5727.451376,0.915813,0.847769,0.915813,0.847769,82,48,58,47,0,0,0,0,336,175,160,107
2026/02/04/17:30:37,5728.451920,0.915813,0.847769,0.915813,0.847769,82,48,58,47,0,0,0,0,336,175,160,107
2026/02/04/17:30:38,5729.452455,0.915813,0.847769,0.915813,0.847769,82,48,58,47,0,0,0,0,336,175,160,107
2026/02/04/17:30:39,5730.453181,0.915813,0.847769,0.915813,0.847769,82,48,58,47,0,0,0,0,336,175,160,107
2026/02/04/17:30:40,5731.453705,0.915813,0.847769,0.915813,0.847769,82,48,58,47,0,0,0,0,336,175,160,107
2026/02/04/17:30:41,5732.454288,0.915813,0.847769,0.915813,0.847769,82,48,58,47,0,0,0,0,336,175,160,107
2026/02/04/17:30:42,5733.454908,0.915813,0.847769,0.915813,0.847769,82,48,58,47,0,0,0,0,336,175,160,107
2026/02/04/17:30:43,5734.455456,0.915813,0.847769,0.915813,0.847769,82,48,58,47,0,0,0,0,336,175,160,107
2026/02/04/17:30:44,5735.456051,0.915813,0.847769,0.915813,0.847769,82,48,58,47,0,0,0,0,336,175,160,107
2026/02/04/17:30:45,5736.456527,0.915813,0.847769,0.915813,0.847769,82,48,58,47,0,0,0,0,336,175,160,107
2026/02/04/17:30:46,5737.457118,0.915813,0.847769,0.915813,0.847769,82,48,58,47,0,0,0,0,336,175,160,107
2026/02/04/17:30:47,5738.457609,0.915813,0.847769,0.915813,0.847769,82,48,58,47,0,0,0,0,336,175,160,107
2026/02/04/17:30:48,5739.458161,0.915813,0.847769,0.915813,0.847769,82,48,58,47,0,0,0,0,336,175,160,107
2026/02/04/17:30:49,5740.458578,0.915813,0.847769,0.915813,0.847769,82,48,58,47,0,0,0,0,336,175,160,107
2026/02/04/17:30:50,5741.459221,0.915813,0.847769,0.915813,0.847769,82,48,58,47,0,0,0,0,336,175,160,107
2026/02/04/17:30:51,5742.459700,0.915813,0.847769,0.915813,0.847769,82,48,58,47,0,0,0,0,336,175,160,107
2026/02/04/17:30:52,5743.460241,0.919000,0.857491,0.919000,0.857491,82,48,59,47,0,0,0,0,336,175,160,107
2026/02/04/17:30:53,5744.460762,0.919000,0.857491,0.919000,0.857491,82,48,59,47,0,0,0,0,336,175,160,107
2026/02/04/17:30:54,5745.461504,0.919000,0.857491,0.919000,0.857491,82,48,59,47,0,0,0,0,336,175,160,107
2026/02/04/17:30:55,5746.461982,0.919000,0.857491,0.919000,0.857491,82,48,59,47,0,0,0,0,336,175,160,107
2026/02/04/17:30:56,5747.462477,0.919000,0.857491,0.919000,0.857491,82,48,59,47,0,0,0,0,336,175,160,107
2026/02/04/17:30:57,5748.462967,0.915813,0.847769,0.915813,0.847769,82,48,58,47,0,0,0,0,336,175,161,107
2026/02/04/17:30:58,5749.463374,0.915813,0.847769,0.915813,0.847769,82,48,58,47,0,0,0,0,336,175,161,107
2026/02/04/17:30:59,5750.463874,0.915813,0.847769,0.915813,0.847769,82,48,58,47,0,0,0,0,336,175,161,107
2026/02/04/17:31:00,5751.464407,0.915813,0.847769,0.915813,0.847769,82,48,58,47,0,0,0,0,336,175,161,107
2026/02/04/17:31:01,5752.464942,0.915813,0.847769,0.915813,0.847769,82,48,58,47,0,0,0,0,336,175,161,107
2026/02/04/17:31:02,5753.465509,0.915813,0.847769,0.915813,0.847769,82,48,58,47,0,0,0,0,336,175,161,107
2026/02/04/17:31:03,5754.465938,0.915813,0.847769,0.915813,0.847769,82,48,58,47,0,0,0,0,336,175,161,107
2026/02/04/17:31:04,5755.466376,0.915813,0.847769,0.915813,0.847769,82,48,58,47,0,0,0,0,336,175,161,107
2026/02/04/17:31:05,5756.466938,0.915813,0.847769,0.915813,0.847769,82,48,58,47,0,0,0,0,336,175,161,107
2026/02/04/17:31:06,5757.467456,0.915813,0.847769,0.915813,0.847769,82,48,58,47,0,0,0,0,336,175,161,107
2026/02/04/17:31:07,5758.468118,0.915813,0.847769,0.915813,0.847769,82,48,58,47,0,0,0,0,336,175,161,107
2026/02/04/17:31:08,5759.468554,0.892094,0.824187,0.892094,0.824187,79,48,58,47,0,0,0,0,339,175,161,107
2026/02/04/17:31:09,5760.469267,0.892094,0.824187,0.892094,0.824187,79,48,58,47,0,0,0,0,339,175,161,107
2026/02/04/17:31:10,5761.469823,0.892094,0.824187,0.892094,0.824187,79,48,58,47,0,0,0,0,339,175,161,107
2026/02/04/17:31:11,5762.470434,0.892094,0.824187,0.892094,0.824187,79,48,58,47,0,0,0,0,339,175,161,107
2026/02/04/17:31:12,5763.471095,0.892094,0.824187,0.892094,0.824187,79,48,58,47,0,0,0,0,339,175,161,107
2026/02/04/17:31:13,5764.471694,0.892094,0.824187,0.892094,0.824187,79,48,58,47,0,0,0,0,339,175,161,107
2026/02/04/17:31:14,5765.472138,0.882250,0.817404,0.882250,0.817404,79,48,58,44,0,0,0,0,339,175,161,110
2026/02/04/17:31:15,5766.472758,0.882250,0.817404,0.882250,0.817404,79,48,58,44,0,0,0,0,339,175,161,110
2026/02/04/17:31:16,5767.473300,0.882250,0.817404,0.882250,0.817404,79,48,58,44,0,0,0,0,339,175,161,110
2026/02/04/17:31:17,5768.473748,0.882250,0.817404,0.882250,0.817404,79,48,58,44,0,0,0,0,339,175,161,110
2026/02/04/17:31:18,5769.474203,0.882250,0.817404,0.882250,0.817404,79,48,58,44,0,0,0,0,339,175,161,110
2026/02/04/17:31:19,5770.474783,0.882250,0.817404,0.882250,0.817404,79,48,58,44,0,0,0,0,339,175,161,110
2026/02/04/17:31:20,5771.475300,0.882250,0.817404,0.882250,0.817404,79,48,58,44,0,0,0,0,339,175,161,110
2026/02/04/17:31:21,5772.476049,0.882250,0.817404,0.882250,0.817404,79,48,58,44,0,0,0,0,339,175,161,110
2026/02/04/17:31:22,5773.476706,0.882250,0.817404,0.882250,0.817404,79,48,58,44,0,0,0,0,339,175,161,110
2026/02/04/17:31:23,5774.477296,0.882250,0.817404,0.882250,0.817404,79,48,58,44,0,0,0,0,339,175,161,110
2026/02/04/17:31:24,5775.477880,0.882250,0.817404,0.882250,0.817404,79,48,58,44,0,0,0,0,339,175,161,110
2026/02/04/17:31:25,5776.478479,0.882250,0.817404,0.882250,0.817404,79,48,58,44,0,0,0,0,339,175,161,110
2026/02/04/17:31:26,5777.479030,0.882250,0.817404,0.882250,0.817404,79,48,58,44,0,0,0,0,339,175,161,110
2026/02/04/17:31:27,5778.479643,0.882250,0.817404,0.882250,0.817404,79,48,58,44,0,0,0,0,339,175,161,110
2026/02/04/17:31:28,5779.480114,0.882250,0.817404,0.882250,0.817404,79,48,58,44,0,0,0,0,339,175,161,110
2026/02/04/17:31:29,5780.480684,0.882250,0.817404,0.882250,0.817404,79,48,58,44,0,0,0,0,339,175,161,110
2026/02/04/17:31:30,5781.481233,0.882250,0.817404,0.882250,0.817404,79,48,58,44,0,0,0,0,339,175,161,110
2026/02/04/17:31:31,5782.481917,0.882250,0.817404,0.882250,0.817404,79,48,58,44,0,0,0,0,339,175,161,110
2026/02/04/17:31:32,5783.482538,0.882250,0.817404,0.882250,0.817404,79,48,58,44,0,0,0,0,339,175,161,110
2026/02/04/17:31:33,5784.483258,0.882250,0.817404,0.882250,0.817404,79,48,58,44,0,0,0,0,339,175,161,110
2026/02/04/17:31:34,5785.483845,0.882250,0.817404,0.882250,0.817404,79,48,58,44,0,0,0,0,339,175,161,110
2026/02/04/17:31:35,5786.484499,0.882250,0.817404,0.882250,0.817404,79,48,58,44,0,0,0,0,339,175,161,110
2026/02/04/17:31:36,5787.485305,0.875031,0.807535,0.875031,0.807535,79,48,58,41,0,0,0,0,339,175,161,113
2026/02/04/17:31:37,5788.485799,0.875031,0.807535,0.875031,0.807535,79,48,58,41,0,0,0,0,339,175,161,113
2026/02/04/17:31:38,5789.486421,0.875031,0.807535,0.875031,0.807535,79,48,58,41,0,0,0,0,339,175,161,113
2026/02/04/17:31:39,5790.487100,0.875031,0.807535,0.875031,0.807535,79,48,58,41,0,0,0,0,339,175,161,113
2026/02/04/17:31:40,5791.487997,0.875031,0.807535,0.875031,0.807535,79,48,58,41,0,0,0,0,339,175,161,113
2026/02/04/17:31:41,5792.488481,0.875031,0.807535,0.875031,0.807535,79,48,58,41,0,0,0,0,339,175,161,113
2026/02/04/17:31:42,5793.489142,0.875031,0.807535,0.875031,0.807535,79,48,58,41,0,0,0,0,339,175,161,113
2026/02/04/17:31:43,5794.490031,0.875031,0.807535,0.875031,0.807535,79,48,58,41,0,0,0,0,339,175,161,113
2026/02/04/17:31:44,5795.490702,0.875031,0.807535,0.875031,0.807535,79,48,58,41,0,0,0,0,339,175,161,113
2026/02/04/17:31:45,5796.491379,0.939937,0.828747,0.957750,0.837298,77,57,61,41,2,0,0,0,344,175,161,113
2026/02/04/17:31:46,5797.492167,0.945781,0.843487,0.963594,0.852037,79,57,61,41,2,0,0,0,344,175,161,113
2026/02/04/17:31:47,5798.492697,0.945781,0.843487,0.963594,0.852037,79,57,61,41,2,0,0,0,344,175,161,113
2026/02/04/17:31:48,5799.493190,0.931156,0.830917,0.940312,0.832772,79,54,61,41,1,0,0,0,344,178,161,113
2026/02/04/17:31:49,5800.493769,0.931156,0.830917,0.940312,0.832772,79,54,61,41,1,0,0,0,344,178,161,113
2026/02/04/17:31:50,5801.494339,0.931156,0.830917,0.940312,0.832772,79,54,61,41,1,0,0,0,344,178,161,113
2026/02/04/17:31:51,5802.494875,0.931156,0.830917,0.940312,0.832772,79,54,61,41,1,0,0,0,344,178,161,113
2026/02/04/17:31:52,5803.495459,0.931156,0.830917,0.940312,0.832772,79,54,61,41,1,0,0,0,344,178,161,113
2026/02/04/17:31:53,5804.496109,0.924687,0.823311,0.933844,0.825167,79,54,58,41,1,0,0,0,344,178,164,113
2026/02/04/17:31:54,5805.496709,0.924687,0.823311,0.933844,0.825167,79,54,58,41,1,0,0,0,344,178,164,113
2026/02/04/17:31:55,5806.497373,0.877125,0.810246,0.877125,0.810246,80,48,58,41,0,0,0,0,344,184,164,113
2026/02/04/17:31:56,5807.498051,0.877125,0.810246,0.877125,0.810246,80,48,58,41,0,0,0,0,344,184,164,113
2026/02/04/17:31:57,5808.498502,0.877125,0.810246,0.877125,0.810246,80,48,58,41,0,0,0,0,344,184,164,113
2026/02/04/17:31:58,5809.498881,0.877125,0.810246,0.877125,0.810246,80,48,58,41,0,0,0,0,344,184,164,113
2026/02/04/17:31:59,5810.499358,0.875031,0.807535,0.875031,0.807535,79,48,58,41,0,0,0,0,345,184,164,113
2026/02/04/17:32:00,5811.499950,0.875031,0.807535,0.875031,0.807535,79,48,58,41,0,0,0,0,345,184,164,113
2026/02/04/17:32:01,5812.500573,0.875031,0.807535,0.875031,0.807535,79,48,58,41,0,0,0,0,345,184,164,113
2026/02/04/17:32:02,5813.501127,0.883500,0.831916,0.883500,0.831916,79,50,61,41,0,0,0,0,345,184,164,113
2026/02/04/17:32:03,5814.501710,0.898312,0.844637,0.898312,0.844637,81,50,61,41,0,0,0,0,345,184,164,113
2026/02/04/17:32:04,5815.502295,0.900531,0.847394,0.900531,0.847394,81,50,62,41,0,0,0,0,345,184,164,113
2026/02/04/17:32:05,5816.502892,0.897031,0.831405,0.897031,0.831405,81,48,62,41,0,0,0,0,345,186,164,113
2026/02/04/17:32:06,5817.503538,0.897031,0.831405,0.897031,0.831405,81,48,62,41,0,0,0,0,345,186,164,113
2026/02/04/17:32:07,5818.504147,0.897031,0.831405,0.897031,0.831405,81,48,62,41,0,0,0,0,345,186,164,113
2026/02/04/17:32:08,5819.504625,0.897031,0.831405,0.897031,0.831405,81,48,62,41,0,0,0,0,345,186,164,113
2026/02/04/17:32:09,5820.505017,0.882219,0.818684,0.882219,0.818684,79,48,62,41,0,0,0,0,347,186,164,113
2026/02/04/17:32:10,5821.505586,0.882219,0.818684,0.882219,0.818684,79,48,62,41,0,0,0,0,347,186,164,113
2026/02/04/17:32:11,5822.506403,0.882219,0.818684,0.882219,0.818684,79,48,62,41,0,0,0,0,347,186,164,113
2026/02/04/17:32:12,5823.507105,0.882219,0.818684,0.882219,0.818684,79,48,62,41,0,0,0,0,347,186,164,113
2026/02/04/17:32:13,5824.507657,0.882219,0.818684,0.882219,0.818684,79,48,62,41,0,0,0,0,347,186,164,113
2026/02/04/17:32:14,5825.509176,0.880000,0.815928,0.880000,0.815928,79,48,61,41,0,0,0,0,347,186,165,113
2026/02/04/17:32:15,5826.509814,0.873969,0.808102,0.873969,0.808102,79,48,60,41,0,0,0,0,347,186,166,113
2026/02/04/17:32:16,5827.510276,0.873969,0.808102,0.873969,0.808102,79,48,60,41,0,0,0,0,347,186,166,113
2026/02/04/17:32:17,5828.510779,0.872000,0.804166,0.872000,0.804166,79,48,60,40,0,0,0,0,347,186,166,114
2026/02/04/17:32:18,5829.511454,0.872000,0.804166,0.872000,0.804166,79,48,60,40,0,0,0,0,347,186,166,114
2026/02/04/17:32:19,5830.512100,0.872000,0.804166,0.872000,0.804166,79,48,60,40,0,0,0,0,347,186,166,114
2026/02/04/17:32:20,5831.512643,0.872000,0.804166,0.872000,0.804166,79,48,60,40,0,0,0,0,347,186,166,114
2026/02/04/17:32:21,5832.513232,0.872000,0.804166,0.872000,0.804166,79,48,60,40,0,0,0,0,347,186,166,114
2026/02/04/17:32:22,5833.513782,0.872000,0.804166,0.872000,0.804166,79,48,60,40,0,0,0,0,347,186,166,114
2026/02/04/17:32:23,5834.514335,0.872000,0.804166,0.872000,0.804166,79,48,60,40,0,0,0,0,347,186,166,114
2026/02/04/17:32:24,5835.514950,0.872000,0.804166,0.872000,0.804166,79,48,60,40,0,0,0,0,347,186,166,114
2026/02/04/17:32:25,5836.515476,0.872000,0.804166,0.872000,0.804166,79,48,60,40,0,0,0,0,347,186,166,114
2026/02/04/17:32:26,5837.516055,0.872000,0.804166,0.872000,0.804166,79,48,60,40,0,0,0,0,347,186,166,114
2026/02/04/17:32:27,5838.523154,0.872000,0.804166,0.872000,0.804166,79,48,60,40,0,0,0,0,347,186,166,114
2026/02/04/17:32:28,5839.523636,0.872000,0.804166,0.872000,0.804166,79,48,60,40,0,0,0,0,347,186,166,114
2026/02/04/17:32:29,5840.524134,0.872000,0.804166,0.872000,0.804166,79,48,60,40,0,0,0,0,347,186,166,114
2026/02/04/17:32:30,5841.524787,0.872000,0.804166,0.872000,0.804166,79,48,60,40,0,0,0,0,347,186,166,114
2026/02/04/17:32:31,5842.525326,0.872000,0.804166,0.872000,0.804166,79,48,60,40,0,0,0,0,347,186,166,114
2026/02/04/17:32:32,5843.525810,0.872000,0.804166,0.872000,0.804166,79,48,60,40,0,0,0,0,347,186,166,114
2026/02/04/17:32:33,5844.526362,0.872000,0.804166,0.872000,0.804166,79,48,60,40,0,0,0,0,347,186,166,114
2026/02/04/17:32:34,5845.526974,0.872000,0.804166,0.872000,0.804166,79,48,60,40,0,0,0,0,347,186,166,114
2026/02/04/17:32:35,5846.527600,0.872000,0.804166,0.872000,0.804166,79,48,60,40,0,0,0,0,347,186,166,114
2026/02/04/17:32:36,5847.528135,0.872000,0.804166,0.872000,0.804166,79,48,60,40,0,0,0,0,347,186,166,114
2026/02/04/17:32:37,5848.528638,0.872000,0.804166,0.872000,0.804166,79,48,60,40,0,0,0,0,347,186,166,114
2026/02/04/17:32:38,5849.529268,0.872000,0.804166,0.872000,0.804166,79,48,60,40,0,0,0,0,347,186,166,114
2026/02/04/17:32:39,5850.529852,0.872000,0.804166,0.872000,0.804166,79,48,60,40,0,0,0,0,347,186,166,114
2026/02/04/17:32:40,5851.530374,0.872000,0.804166,0.872000,0.804166,79,48,60,40,0,0,0,0,347,186,166,114
2026/02/04/17:32:41,5852.530958,0.872000,0.804166,0.872000,0.804166,79,48,60,40,0,0,0,0,347,186,166,114
2026/02/04/17:32:42,5853.531553,0.872000,0.804166,0.872000,0.804166,79,48,60,40,0,0,0,0,347,186,166,114
2026/02/04/17:32:43,5854.532099,0.872000,0.804166,0.872000,0.804166,79,48,60,40,0,0,0,0,347,186,166,114
2026/02/04/17:32:44,5855.532608,0.872000,0.804166,0.872000,0.804166,79,48,60,40,0,0,0,0,347,186,166,114
2026/02/04/17:32:45,5856.533010,0.872000,0.804166,0.872000,0.804166,79,48,60,40,0,0,0,0,347,186,166,114
2026/02/04/17:32:46,5857.533597,0.872000,0.804166,0.872000,0.804166,79,48,60,40,0,0,0,0,347,186,166,114
2026/02/04/17:32:47,5858.534197,0.872000,0.804166,0.872000,0.804166,79,48,60,40,0,0,0,0,347,186,166,114
2026/02/04/17:32:48,5859.534797,0.872000,0.804166,0.872000,0.804166,79,48,60,40,0,0,0,0,347,186,166,114
2026/02/04/17:32:49,5860.535349,0.872000,0.804166,0.872000,0.804166,79,48,60,40,0,0,0,0,347,186,166,114
2026/02/04/17:32:50,5861.535911,0.872000,0.804166,0.872000,0.804166,79,48,60,40,0,0,0,0,347,186,166,114
2026/02/04/17:32:51,5862.536620,0.872000,0.804166,0.872000,0.804166,79,48,60,40,0,0,0,0,347,186,166,114
2026/02/04/17:32:52,5863.537403,0.872000,0.804166,0.872000,0.804166,79,48,60,40,0,0,0,0,347,186,166,114
2026/02/04/17:32:53,5864.538279,0.872000,0.804166,0.872000,0.804166,79,48,60,40,0,0,0,0,347,186,166,114
2026/02/04/17:32:54,5865.538739,0.872000,0.804166,0.872000,0.804166,79,48,60,40,0,0,0,0,347,186,166,114
2026/02/04/17:32:55,5866.539243,0.872000,0.804166,0.872000,0.804166,79,48,60,40,0,0,0,0,347,186,166,114
2026/02/04/17:32:56,5867.539915,0.872000,0.804166,0.872000,0.804166,79,48,60,40,0,0,0,0,347,186,166,114
2026/02/04/17:32:57,5868.540487,0.872000,0.804166,0.872000,0.804166,79,48,60,40,0,0,0,0,347,186,166,114
2026/02/04/17:32:58,5869.541025,0.872000,0.804166,0.872000,0.804166,79,48,60,40,0,0,0,0,347,186,166,114
2026/02/04/17:32:59,5870.541493,0.872000,0.804166,0.872000,0.804166,79,48,60,40,0,0,0,0,347,186,166,114
2026/02/04/17:33:00,5871.542126,0.872000,0.804166,0.872000,0.804166,79,48,60,40,0,0,0,0,347,186,166,114
2026/02/04/17:33:01,5872.542717,0.872000,0.804166,0.872000,0.804166,79,48,60,40,0,0,0,0,347,186,166,114
2026/02/04/17:33:02,5873.543298,0.872000,0.804166,0.872000,0.804166,79,48,60,40,0,0,0,0,347,186,166,114
2026/02/04/17:33:03,5874.543878,0.872000,0.804166,0.872000,0.804166,79,48,60,40,0,0,0,0,347,186,166,114
2026/02/04/17:33:04,5875.544391,0.872000,0.804166,0.872000,0.804166,79,48,60,40,0,0,0,0,347,186,166,114
2026/02/04/17:33:05,5876.545066,0.872000,0.804166,0.872000,0.804166,79,48,60,40,0,0,0,0,347,186,166,114
2026/02/04/17:33:06,5877.546649,0.872000,0.804166,0.872000,0.804166,79,48,60,40,0,0,0,0,347,186,166,114
2026/02/04/17:33:07,5878.547235,0.872000,0.804166,0.872000,0.804166,79,48,60,40,0,0,0,0,347,186,166,114
2026/02/04/17:33:08,5879.547714,0.872000,0.804166,0.872000,0.804166,79,48,60,40,0,0,0,0,347,186,166,114
2026/02/04/17:33:09,5880.548396,0.872000,0.804166,0.872000,0.804166,79,48,60,40,0,0,0,0,347,186,166,114
2026/02/04/17:33:10,5881.548923,0.872000,0.804166,0.872000,0.804166,79,48,60,40,0,0,0,0,347,186,166,114
2026/02/04/17:33:11,5882.549483,0.872000,0.804166,0.872000,0.804166,79,48,60,40,0,0,0,0,347,186,166,114
2026/02/04/17:33:12,5883.549933,0.872000,0.804166,0.872000,0.804166,79,48,60,40,0,0,0,0,347,186,166,114
2026/02/04/17:33:13,5884.550475,0.872000,0.804166,0.872000,0.804166,79,48,60,40,0,0,0,0,347,186,166,114
2026/02/04/17:33:14,5885.551108,0.872000,0.804166,0.872000,0.804166,79,48,60,40,0,0,0,0,347,186,166,114
2026/02/04/17:33:15,5886.551770,0.872000,0.804166,0.872000,0.804166,79,48,60,40,0,0,0,0,347,186,166,114
2026/02/04/17:33:16,5887.552275,0.872000,0.804166,0.872000,0.804166,79,48,60,40,0,0,0,0,347,186,166,114
2026/02/04/17:33:17,5888.552937,0.872000,0.804166,0.872000,0.804166,79,48,60,40,0,0,0,0,347,186,166,114
2026/02/04/17:33:18,5889.553409,0.872000,0.804166,0.872000,0.804166,79,48,60,40,0,0,0,0,347,186,166,114
2026/02/04/17:33:19,5890.553919,0.872000,0.804166,0.872000,0.804166,79,48,60,40,0,0,0,0,347,186,166,114
2026/02/04/17:33:20,5891.554649,0.872000,0.804166,0.872000,0.804166,79,48,60,40,0,0,0,0,347,186,166,114
2026/02/04/17:33:21,5892.555151,0.872000,0.804166,0.872000,0.804166,79,48,60,40,0,0,0,0,347,186,166,114
2026/02/04/17:33:22,5893.555789,0.872000,0.804166,0.872000,0.804166,79,48,60,40,0,0,0,0,347,186,166,114
2026/02/04/17:33:23,5894.556430,0.872000,0.804166,0.872000,0.804166,79,48,60,40,0,0,0,0,347,186,166,114
2026/02/04/17:33:24,5895.557134,0.872000,0.804166,0.872000,0.804166,79,48,60,40,0,0,0,0,347,186,166,114
2026/02/04/17:33:25,5896.557732,0.867031,0.799420,0.867031,0.799420,76,48,60,40,0,0,0,0,350,186,166,114
2026/02/04/17:33:26,5897.558311,0.867031,0.799420,0.867031,0.799420,76,48,60,40,0,0,0,0,350,186,166,114
2026/02/04/17:33:27,5898.558967,0.867031,0.799420,0.867031,0.799420,76,48,60,40,0,0,0,0,350,186,166,114
2026/02/04/17:33:28,5899.559336,0.867031,0.799420,0.867031,0.799420,76,48,60,40,0,0,0,0,350,186,166,114
2026/02/04/17:33:29,5900.559916,0.867031,0.799420,0.867031,0.799420,76,48,60,40,0,0,0,0,350,186,166,114
2026/02/04/17:33:30,5901.560422,0.867031,0.799420,0.867031,0.799420,76,48,60,40,0,0,0,0,350,186,166,114
2026/02/04/17:33:31,5902.560929,0.867031,0.799420,0.867031,0.799420,76,48,60,40,0,0,0,0,350,186,166,114
2026/02/04/17:33:32,5903.561500,0.867031,0.799420,0.867031,0.799420,76,48,60,40,0,0,0,0,350,186,166,114
2026/02/04/17:33:33,5904.562038,0.867031,0.799420,0.867031,0.799420,76,48,60,40,0,0,0,0,350,186,166,114
2026/02/04/17:33:34,5905.562588,0.867031,0.799420,0.867031,0.799420,76,48,60,40,0,0,0,0,350,186,166,114
2026/02/04/17:33:35,5906.563163,0.867031,0.799420,0.867031,0.799420,76,48,60,40,0,0,0,0,350,186,166,114
2026/02/04/17:33:36,5907.563755,0.867031,0.799420,0.867031,0.799420,76,48,60,40,0,0,0,0,350,186,166,114
2026/02/04/17:33:37,5908.564305,0.867031,0.799420,0.867031,0.799420,76,48,60,40,0,0,0,0,350,186,166,114
2026/02/04/17:33:38,5909.564944,0.867031,0.799420,0.867031,0.799420,76,48,60,40,0,0,0,0,350,186,166,114
2026/02/04/17:33:39,5910.565495,0.867031,0.799420,0.867031,0.799420,76,48,60,40,0,0,0,0,350,186,166,114
2026/02/04/17:33:40,5911.566125,0.867031,0.799420,0.867031,0.799420,76,48,60,40,0,0,0,0,350,186,166,114
2026/02/04/17:33:41,5912.566878,0.867031,0.799420,0.867031,0.799420,76,48,60,40,0,0,0,0,350,186,166,114
2026/02/04/17:33:42,5913.567421,0.867031,0.799420,0.867031,0.799420,76,48,60,40,0,0,0,0,350,186,166,114
2026/02/04/17:33:43,5914.568047,0.867031,0.799420,0.867031,0.799420,76,48,60,40,0,0,0,0,350,186,166,114
2026/02/04/17:33:44,5915.568726,0.867031,0.799420,0.867031,0.799420,76,48,60,40,0,0,0,0,350,186,166,114
2026/02/04/17:33:45,5916.569287,0.867031,0.799420,0.867031,0.799420,76,48,60,40,0,0,0,0,350,186,166,114
2026/02/04/17:33:46,5917.570434,0.867031,0.799420,0.867031,0.799420,76,48,60,40,0,0,0,0,350,186,166,114
2026/02/04/17:33:47,5918.571019,0.867031,0.799420,0.867031,0.799420,76,48,60,40,0,0,0,0,350,186,166,114
2026/02/04/17:33:48,5919.571703,0.867031,0.799420,0.867031,0.799420,76,48,60,40,0,0,0,0,350,186,166,114
2026/02/04/17:33:49,5920.572232,0.867031,0.799420,0.867031,0.799420,76,48,60,40,0,0,0,0,350,186,166,114
2026/02/04/17:33:50,5921.572810,0.867031,0.799420,0.867031,0.799420,76,48,60,40,0,0,0,0,350,186,166,114
2026/02/04/17:33:51,5922.573334,0.867031,0.799420,0.867031,0.799420,76,48,60,40,0,0,0,0,350,186,166,114
2026/02/04/17:33:52,5923.573913,0.867031,0.799420,0.867031,0.799420,76,48,60,40,0,0,0,0,350,186,166,114
2026/02/04/17:33:53,5924.574549,0.867031,0.799420,0.867031,0.799420,76,48,60,40,0,0,0,0,350,186,166,114
2026/02/04/17:33:54,5925.576014,0.867031,0.799420,0.867031,0.799420,76,48,60,40,0,0,0,0,350,186,166,114
2026/02/04/17:33:55,5926.576556,0.867031,0.799420,0.867031,0.799420,76,48,60,40,0,0,0,0,350,186,166,114
2026/02/04/17:33:56,5927.577199,0.867031,0.799420,0.867031,0.799420,76,48,60,40,0,0,0,0,350,186,166,114
2026/02/04/17:33:57,5928.577727,0.867031,0.799420,0.867031,0.799420,76,48,60,40,0,0,0,0,350,186,166,114
2026/02/04/17:33:58,5929.578239,0.867031,0.799420,0.867031,0.799420,76,48,60,40,0,0,0,0,350,186,166,114
2026/02/04/17:33:59,5930.578797,0.867031,0.799420,0.867031,0.799420,76,48,60,40,0,0,0,0,350,186,166,114
2026/02/04/17:34:00,5931.579412,0.867031,0.799420,0.867031,0.799420,76,48,60,40,0,0,0,0,350,186,166,114
2026/02/04/17:34:01,5932.580116,0.867031,0.799420,0.867031,0.799420,76,48,60,40,0,0,0,0,350,186,166,114
2026/02/04/17:34:02,5933.580607,0.867031,0.799420,0.867031,0.799420,76,48,60,40,0,0,0,0,350,186,166,114
2026/02/04/17:34:03,5934.581161,0.867031,0.799420,0.867031,0.799420,76,48,60,40,0,0,0,0,350,186,166,114
2026/02/04/17:34:04,5935.581792,0.867031,0.799420,0.867031,0.799420,76,48,60,40,0,0,0,0,350,186,166,114
2026/02/04/17:34:05,5936.582482,0.867031,0.799420,0.867031,0.799420,76,48,60,40,0,0,0,0,350,186,166,114
2026/02/04/17:34:06,5937.583148,0.867031,0.799420,0.867031,0.799420,76,48,60,40,0,0,0,0,350,186,166,114
2026/02/04/17:34:07,5938.583705,0.867031,0.799420,0.867031,0.799420,76,48,60,40,0,0,0,0,350,186,166,114
2026/02/04/17:34:08,5939.584268,0.867031,0.799420,0.867031,0.799420,76,48,60,40,0,0,0,0,350,186,166,114
2026/02/04/17:34:09,5940.584855,0.867031,0.799420,0.867031,0.799420,76,48,60,40,0,0,0,0,350,186,166,114
2026/02/04/17:34:10,5941.585364,0.867031,0.799420,0.867031,0.799420,76,48,60,40,0,0,0,0,350,186,166,114
2026/02/04/17:34:11,5942.585920,0.867031,0.799420,0.867031,0.799420,76,48,60,40,0,0,0,0,350,186,166,114
2026/02/04/17:34:12,5943.586508,0.867031,0.799420,0.867031,0.799420,76,48,60,40,0,0,0,0,350,186,166,114
2026/02/04/17:34:13,5944.587434,0.867031,0.799420,0.867031,0.799420,76,48,60,40,0,0,0,0,350,186,166,114
2026/02/04/17:34:14,5945.588090,0.867031,0.799420,0.867031,0.799420,76,48,60,40,0,0,0,0,350,186,166,114
2026/02/04/17:34:15,5946.588634,0.867031,0.799420,0.867031,0.799420,76,48,60,40,0,0,0,0,350,186,166,114
2026/02/04/17:34:16,5947.589230,0.867031,0.799420,0.867031,0.799420,76,48,60,40,0,0,0,0,350,186,166,114
2026/02/04/17:34:17,5948.589877,0.867031,0.799420,0.867031,0.799420,76,48,60,40,0,0,0,0,350,186,166,114
2026/02/04/17:34:18,5949.590485,0.867031,0.799420,0.867031,0.799420,76,48,60,40,0,0,0,0,350,186,166,114
2026/02/04/17:34:19,5950.591099,0.867031,0.799420,0.867031,0.799420,76,48,60,40,0,0,0,0,350,186,166,114
2026/02/04/17:34:20,5951.591651,0.867031,0.799420,0.867031,0.799420,76,48,60,40,0,0,0,0,350,186,166,114
2026/02/04/17:34:21,5952.592295,0.867031,0.799420,0.867031,0.799420,76,48,60,40,0,0,0,0,350,186,166,114
2026/02/04/17:34:22,5953.593140,0.867031,0.799420,0.867031,0.799420,76,48,60,40,0,0,0,0,350,186,166,114
2026/02/04/17:34:23,5954.593714,0.867031,0.799420,0.867031,0.799420,76,48,60,40,0,0,0,0,350,186,166,114
2026/02/04/17:34:24,5955.594254,0.881500,0.811268,0.881500,0.811268,78,48,63,40,0,0,0,0,350,186,166,114
2026/02/04/17:34:25,5956.594954,0.881500,0.811268,0.881500,0.811268,78,48,63,40,0,0,0,0,350,186,166,114
2026/02/04/17:34:26,5957.595573,0.881500,0.811268,0.881500,0.811268,78,48,63,40,0,0,0,0,350,186,166,114
2026/02/04/17:34:27,5958.596234,0.881500,0.811268,0.881500,0.811268,78,48,63,40,0,0,0,0,350,186,166,114
2026/02/04/17:34:28,5959.596637,0.881500,0.811268,0.881500,0.811268,78,48,63,40,0,0,0,0,350,186,166,114
2026/02/04/17:34:29,5960.597188,0.881500,0.811268,0.881500,0.811268,78,48,63,40,0,0,0,0,350,186,166,114
2026/02/04/17:34:30,5961.597837,0.881500,0.811268,0.881500,0.811268,78,48,63,40,0,0,0,0,350,186,166,114
2026/02/04/17:34:31,5962.598427,0.881500,0.811268,0.881500,0.811268,78,48,63,40,0,0,0,0,350,186,166,114
2026/02/04/17:34:32,5963.599027,0.881500,0.811268,0.881500,0.811268,78,48,63,40,0,0,0,0,350,186,166,114
2026/02/04/17:34:33,5964.599674,0.881500,0.811268,0.881500,0.811268,78,48,63,40,0,0,0,0,350,186,166,114
2026/02/04/17:34:34,5965.600386,0.881500,0.811268,0.881500,0.811268,78,48,63,40,0,0,0,0,350,186,166,114
2026/02/04/17:34:35,5966.601020,0.881500,0.811268,0.881500,0.811268,78,48,63,40,0,0,0,0,350,186,166,114
2026/02/04/17:34:36,5967.601509,0.881500,0.811268,0.881500,0.811268,78,48,63,40,0,0,0,0,350,186,166,114
2026/02/04/17:34:37,5968.601946,0.881500,0.811268,0.881500,0.811268,78,48,63,40,0,0,0,0,350,186,166,114
2026/02/04/17:34:38,5969.602571,0.881500,0.811268,0.881500,0.811268,78,48,63,40,0,0,0,0,350,186,166,114
2026/02/04/17:34:39,5970.603207,0.881500,0.811268,0.881500,0.811268,78,48,63,40,0,0,0,0,350,186,166,114
2026/02/04/17:34:40,5971.603905,0.872406,0.805141,0.872406,0.805141,78,48,60,40,0,0,0,0,350,186,169,114
2026/02/04/17:34:41,5972.604513,0.872406,0.805141,0.872406,0.805141,78,48,60,40,0,0,0,0,350,186,169,114
2026/02/04/17:34:42,5973.605140,0.872406,0.805141,0.872406,0.805141,78,48,60,40,0,0,0,0,350,186,169,114
2026/02/04/17:34:43,5974.605821,0.872406,0.805141,0.872406,0.805141,78,48,60,40,0,0,0,0,350,186,169,114
2026/02/04/17:34:44,5975.606408,0.872406,0.805141,0.872406,0.805141,78,48,60,40,0,0,0,0,350,186,169,114
2026/02/04/17:34:45,5976.607097,0.872406,0.805141,0.872406,0.805141,78,48,60,40,0,0,0,0,350,186,169,114
2026/02/04/17:34:46,5977.607571,0.872406,0.805141,0.872406,0.805141,78,48,60,40,0,0,0,0,350,186,169,114
2026/02/04/17:34:47,5978.608246,0.872406,0.805141,0.872406,0.805141,78,48,60,40,0,0,0,0,350,186,169,114
2026/02/04/17:34:48,5979.608783,0.872406,0.805141,0.872406,0.805141,78,48,60,40,0,0,0,0,350,186,169,114
2026/02/04/17:34:49,5980.609381,0.872406,0.805141,0.872406,0.805141,78,48,60,40,0,0,0,0,350,186,169,114
2026/02/04/17:34:50,5981.609997,0.872406,0.805141,0.872406,0.805141,78,48,60,40,0,0,0,0,350,186,169,114
2026/02/04/17:34:51,5982.610621,0.872406,0.805141,0.872406,0.805141,78,48,60,40,0,0,0,0,350,186,169,114
2026/02/04/17:34:52,5983.611074,0.872406,0.805141,0.872406,0.805141,78,48,60,40,0,0,0,0,350,186,169,114
2026/02/04/17:34:53,5984.611685,0.872406,0.805141,0.872406,0.805141,78,48,60,40,0,0,0,0,350,186,169,114
2026/02/04/17:34:54,5985.612311,0.872406,0.805141,0.872406,0.805141,78,48,60,40,0,0,0,0,350,186,169,114
2026/02/04/17:34:55,5986.612991,0.872406,0.805141,0.872406,0.805141,78,48,60,40,0,0,0,0,350,186,169,114
2026/02/04/17:34:56,5987.613523,0.872406,0.805141,0.872406,0.805141,78,48,60,40,0,0,0,0,350,186,169,114
2026/02/04/17:34:57,5988.613965,0.872406,0.805141,0.872406,0.805141,78,48,60,40,0,0,0,0,350,186,169,114
2026/02/04/17:34:58,5989.614487,0.897000,0.826408,0.897000,0.826408,79,48,65,40,0,0,0,0,350,186,169,114
2026/02/04/17:34:59,5990.615085,0.897000,0.826408,0.897000,0.826408,79,48,65,40,0,0,0,0,350,186,169,114
2026/02/04/17:35:00,5991.615670,0.897000,0.826408,0.897000,0.826408,79,48,65,40,0,0,0,0,350,186,169,114
2026/02/04/17:35:01,5992.616318,0.884625,0.819077,0.884625,0.819077,79,48,63,40,0,0,0,0,350,186,171,114
2026/02/04/17:35:02,5993.617018,0.884625,0.819077,0.884625,0.819077,79,48,63,40,0,0,0,0,350,186,171,114
2026/02/04/17:35:03,5994.617625,0.884625,0.819077,0.884625,0.819077,79,48,63,40,0,0,0,0,350,186,171,114
2026/02/04/17:35:04,5995.618347,0.884625,0.819077,0.884625,0.819077,79,48,63,40,0,0,0,0,350,186,171,114
2026/02/04/17:35:05,5996.618785,0.884625,0.819077,0.884625,0.819077,79,48,63,40,0,0,0,0,350,186,171,114
2026/02/04/17:35:06,5997.619219,0.884625,0.819077,0.884625,0.819077,79,48,63,40,0,0,0,0,350,186,171,114
2026/02/04/17:35:07,5998.619694,0.884625,0.819077,0.884625,0.819077,79,48,63,40,0,0,0,0,350,186,171,114
2026/02/04/17:35:08,5999.620250,0.884625,0.819077,0.884625,0.819077,79,48,63,40,0,0,0,0,350,186,171,114
2026/02/04/17:35:09,6000.620772,0.884625,0.819077,0.884625,0.819077,79,48,63,40,0,0,0,0,350,186,171,114
2026/02/04/17:35:10,6001.621303,0.884625,0.819077,0.884625,0.819077,79,48,63,40,0,0,0,0,350,186,171,114
2026/02/04/17:35:11,6002.621851,0.884625,0.819077,0.884625,0.819077,79,48,63,40,0,0,0,0,350,186,171,114
2026/02/04/17:35:12,6003.622471,0.884625,0.819077,0.884625,0.819077,79,48,63,40,0,0,0,0,350,186,171,114
2026/02/04/17:35:13,6004.622981,0.884625,0.819077,0.884625,0.819077,79,48,63,40,0,0,0,0,350,186,171,114
2026/02/04/17:35:14,6005.623542,0.884625,0.819077,0.884625,0.819077,79,48,63,40,0,0,0,0,350,186,171,114
2026/02/04/17:35:15,6006.624052,0.869563,0.808994,0.869563,0.808994,79,48,61,40,0,0,0,0,350,186,173,114
2026/02/04/17:35:16,6007.624646,0.869563,0.808994,0.869563,0.808994,79,48,61,40,0,0,0,0,350,186,173,114
2026/02/04/17:35:17,6008.625220,0.864844,0.804394,0.864844,0.804394,78,48,61,40,0,0,0,0,351,186,173,114
2026/02/04/17:35:18,6009.625935,0.864844,0.804394,0.864844,0.804394,78,48,61,40,0,0,0,0,351,186,173,114
2026/02/04/17:35:19,6010.626696,0.864844,0.804394,0.864844,0.804394,78,48,61,40,0,0,0,0,351,186,173,114
2026/02/04/17:35:20,6011.627356,0.864844,0.804394,0.864844,0.804394,78,48,61,40,0,0,0,0,351,186,173,114
2026/02/04/17:35:21,6012.627929,0.864844,0.804394,0.864844,0.804394,78,48,61,40,0,0,0,0,351,186,173,114
2026/02/04/17:35:22,6013.628623,0.864844,0.804394,0.864844,0.804394,78,48,61,40,0,0,0,0,351,186,173,114
2026/02/04/17:35:23,6014.629370,0.864844,0.804394,0.864844,0.804394,78,48,61,40,0,0,0,0,351,186,173,114
2026/02/04/17:35:24,6015.629965,0.864844,0.804394,0.864844,0.804394,78,48,61,40,0,0,0,0,351,186,173,114
2026/02/04/17:35:25,6016.630660,0.864844,0.804394,0.864844,0.804394,78,48,61,40,0,0,0,0,351,186,173,114
2026/02/04/17:35:26,6017.631264,0.864844,0.804394,0.864844,0.804394,78,48,61,40,0,0,0,0,351,186,173,114
2026/02/04/17:35:27,6018.631859,0.864844,0.804394,0.864844,0.804394,78,48,61,40,0,0,0,0,351,186,173,114
2026/02/04/17:35:28,6019.632411,0.864844,0.804394,0.864844,0.804394,78,48,61,40,0,0,0,0,351,186,173,114
2026/02/04/17:35:29,6020.632886,0.864844,0.804394,0.864844,0.804394,78,48,61,40,0,0,0,0,351,186,173,114
2026/02/04/17:35:30,6021.633515,0.864844,0.804394,0.864844,0.804394,78,48,61,40,0,0,0,0,351,186,173,114
2026/02/04/17:35:31,6022.634161,0.864844,0.804394,0.864844,0.804394,78,48,61,40,0,0,0,0,351,186,173,114
2026/02/04/17:35:32,6023.634750,0.864844,0.804394,0.864844,0.804394,78,48,61,40,0,0,0,0,351,186,173,114
2026/02/04/17:35:33,6024.635349,0.864844,0.804394,0.864844,0.804394,78,48,61,40,0,0,0,0,351,186,173,114
2026/02/04/17:35:34,6025.635861,0.864844,0.804394,0.864844,0.804394,78,48,61,40,0,0,0,0,351,186,173,114
2026/02/04/17:35:35,6026.636570,0.864844,0.804394,0.864844,0.804394,78,48,61,40,0,0,0,0,351,186,173,114
2026/02/04/17:35:36,6027.637054,0.864844,0.804394,0.864844,0.804394,78,48,61,40,0,0,0,0,351,186,173,114
2026/02/04/17:35:37,6028.637691,0.864844,0.804394,0.864844,0.804394,78,48,61,40,0,0,0,0,351,186,173,114
2026/02/04/17:35:38,6029.638319,0.864844,0.804394,0.864844,0.804394,78,48,61,40,0,0,0,0,351,186,173,114
2026/02/04/17:35:39,6030.639204,0.864844,0.804394,0.864844,0.804394,78,48,61,40,0,0,0,0,351,186,173,114
2026/02/04/17:35:40,6031.639788,0.864844,0.804394,0.864844,0.804394,78,48,61,40,0,0,0,0,351,186,173,114
2026/02/04/17:35:41,6032.640511,0.864844,0.804394,0.864844,0.804394,78,48,61,40,0,0,0,0,351,186,173,114
2026/02/04/17:35:42,6033.641132,0.864844,0.804394,0.864844,0.804394,78,48,61,40,0,0,0,0,351,186,173,114
2026/02/04/17:35:43,6034.641718,0.864844,0.804394,0.864844,0.804394,78,48,61,40,0,0,0,0,351,186,173,114
2026/02/04/17:35:44,6035.642354,0.864844,0.804394,0.864844,0.804394,78,48,61,40,0,0,0,0,351,186,173,114
2026/02/04/17:35:45,6036.642926,0.864844,0.804394,0.864844,0.804394,78,48,61,40,0,0,0,0,351,186,173,114
2026/02/04/17:35:46,6037.643977,0.864844,0.804394,0.864844,0.804394,78,48,61,40,0,0,0,0,351,186,173,114
2026/02/04/17:35:47,6038.644539,0.864844,0.804394,0.864844,0.804394,78,48,61,40,0,0,0,0,351,186,173,114
2026/02/04/17:35:48,6039.645145,0.864844,0.804394,0.864844,0.804394,78,48,61,40,0,0,0,0,351,186,173,114
2026/02/04/17:35:49,6040.645673,0.864844,0.804394,0.864844,0.804394,78,48,61,40,0,0,0,0,351,186,173,114
2026/02/04/17:35:50,6041.646178,0.864844,0.804394,0.864844,0.804394,78,48,61,40,0,0,0,0,351,186,173,114
2026/02/04/17:35:51,6042.646760,0.864844,0.804394,0.864844,0.804394,78,48,61,40,0,0,0,0,351,186,173,114
2026/02/04/17:35:52,6043.647255,0.864844,0.804394,0.864844,0.804394,78,48,61,40,0,0,0,0,351,186,173,114
2026/02/04/17:35:53,6044.647755,0.864844,0.804394,0.864844,0.804394,78,48,61,40,0,0,0,0,351,186,173,114
2026/02/04/17:35:54,6045.648301,0.864844,0.804394,0.864844,0.804394,78,48,61,40,0,0,0,0,351,186,173,114
2026/02/04/17:35:55,6046.648922,0.864844,0.804394,0.864844,0.804394,78,48,61,40,0,0,0,0,351,186,173,114
2026/02/04/17:35:56,6047.649437,0.864844,0.804394,0.864844,0.804394,78,48,61,40,0,0,0,0,351,186,173,114
2026/02/04/17:35:57,6048.649991,0.864844,0.804394,0.864844,0.804394,78,48,61,40,0,0,0,0,351,186,173,114
2026/02/04/17:35:58,6049.650536,0.864844,0.804394,0.864844,0.804394,78,48,61,40,0,0,0,0,351,186,173,114
2026/02/04/17:35:59,6050.651104,0.857344,0.795058,0.857344,0.795058,78,48,58,40,0,0,0,0,351,186,176,114
2026/02/04/17:36:00,6051.651617,0.857344,0.795058,0.857344,0.795058,78,48,58,40,0,0,0,0,351,186,176,114
2026/02/04/17:36:01,6052.652261,0.857344,0.795058,0.857344,0.795058,78,48,58,40,0,0,0,0,351,186,176,114
2026/02/04/17:36:02,6053.652772,0.857344,0.795058,0.857344,0.795058,78,48,58,40,0,0,0,0,351,186,176,114
2026/02/04/17:36:03,6054.653226,0.857344,0.795058,0.857344,0.795058,78,48,58,40,0,0,0,0,351,186,176,114
2026/02/04/17:36:04,6055.653810,0.857344,0.795058,0.857344,0.795058,78,48,58,40,0,0,0,0,351,186,176,114
2026/02/04/17:36:05,6056.654495,0.857344,0.795058,0.857344,0.795058,78,48,58,40,0,0,0,0,351,186,176,114
2026/02/04/17:36:06,6057.655001,0.857344,0.795058,0.857344,0.795058,78,48,58,40,0,0,0,0,351,186,176,114
2026/02/04/17:36:07,6058.655717,0.857344,0.795058,0.857344,0.795058,78,48,58,40,0,0,0,0,351,186,176,114
2026/02/04/17:36:08,6059.656241,0.857344,0.795058,0.857344,0.795058,78,48,58,40,0,0,0,0,351,186,176,114
2026/02/04/17:36:09,6060.656813,0.857344,0.795058,0.857344,0.795058,78,48,58,40,0,0,0,0,351,186,176,114
2026/02/04/17:36:10,6061.657401,0.857344,0.795058,0.857344,0.795058,78,48,58,40,0,0,0,0,351,186,176,114
2026/02/04/17:36:11,6062.657978,0.857344,0.795058,0.857344,0.795058,78,48,58,40,0,0,0,0,351,186,176,114
2026/02/04/17:36:12,6063.658484,0.857344,0.795058,0.857344,0.795058,78,48,58,40,0,0,0,0,351,186,176,114
2026/02/04/17:36:13,6064.659133,0.857344,0.795058,0.857344,0.795058,78,48,58,40,0,0,0,0,351,186,176,114
2026/02/04/17:36:14,6065.660541,0.857344,0.795058,0.857344,0.795058,78,48,58,40,0,0,0,0,351,186,176,114
2026/02/04/17:36:15,6066.661057,0.857344,0.795058,0.857344,0.795058,78,48,58,40,0,0,0,0,351,186,176,114
2026/02/04/17:36:16,6067.661753,0.857344,0.795058,0.857344,0.795058,78,48,58,40,0,0,0,0,351,186,176,114
2026/02/04/17:36:17,6068.662386,0.857344,0.795058,0.857344,0.795058,78,48,58,40,0,0,0,0,351,186,176,114
2026/02/04/17:36:18,6069.663019,0.857344,0.795058,0.857344,0.795058,78,48,58,40,0,0,0,0,351,186,176,114
2026/02/04/17:36:19,6070.663761,0.857344,0.795058,0.857344,0.795058,78,48,58,40,0,0,0,0,351,186,176,114
2026/02/04/17:36:20,6071.664211,0.857344,0.795058,0.857344,0.795058,78,48,58,40,0,0,0,0,351,186,176,114
2026/02/04/17:36:21,6072.664719,0.857344,0.795058,0.857344,0.795058,78,48,58,40,0,0,0,0,351,186,176,114
2026/02/04/17:36:22,6073.665412,0.857344,0.795058,0.857344,0.795058,78,48,58,40,0,0,0,0,351,186,176,114
2026/02/04/17:36:23,6074.665953,0.857344,0.795058,0.857344,0.795058,78,48,58,40,0,0,0,0,351,186,176,114
2026/02/04/17:36:24,6075.666559,0.857344,0.795058,0.857344,0.795058,78,48,58,40,0,0,0,0,351,186,176,114
2026/02/04/17:36:25,6076.667181,0.857344,0.795058,0.857344,0.795058,78,48,58,40,0,0,0,0,351,186,176,114
2026/02/04/17:36:26,6077.667769,0.857344,0.795058,0.857344,0.795058,78,48,58,40,0,0,0,0,351,186,176,114
2026/02/04/17:36:27,6078.668376,0.857344,0.795058,0.857344,0.795058,78,48,58,40,0,0,0,0,351,186,176,114
2026/02/04/17:36:28,6079.668862,0.857344,0.795058,0.857344,0.795058,78,48,58,40,0,0,0,0,351,186,176,114
2026/02/04/17:36:29,6080.669693,0.857344,0.795058,0.857344,0.795058,78,48,58,40,0,0,0,0,351,186,176,114
2026/02/04/17:36:30,6081.670209,0.857344,0.795058,0.857344,0.795058,78,48,58,40,0,0,0,0,351,186,176,114
2026/02/04/17:36:31,6082.670786,0.857344,0.795058,0.857344,0.795058,78,48,58,40,0,0,0,0,351,186,176,114
2026/02/04/17:36:32,6083.671355,0.857344,0.795058,0.857344,0.795058,78,48,58,40,0,0,0,0,351,186,176,114
2026/02/04/17:36:33,6084.671852,0.857344,0.795058,0.857344,0.795058,78,48,58,40,0,0,0,0,351,186,176,114
2026/02/04/17:36:34,6085.672393,0.857344,0.795058,0.857344,0.795058,78,48,58,40,0,0,0,0,351,186,176,114
2026/02/04/17:36:35,6086.673003,0.857344,0.795058,0.857344,0.795058,78,48,58,40,0,0,0,0,351,186,176,114
2026/02/04/17:36:36,6087.673492,0.857344,0.795058,0.857344,0.795058,78,48,58,40,0,0,0,0,351,186,176,114
2026/02/04/17:36:37,6088.674132,0.857344,0.795058,0.857344,0.795058,78,48,58,40,0,0,0,0,351,186,176,114
2026/02/04/17:36:38,6089.674759,0.857344,0.795058,0.857344,0.795058,78,48,58,40,0,0,0,0,351,186,176,114
2026/02/04/17:36:39,6090.675358,0.857344,0.795058,0.857344,0.795058,78,48,58,40,0,0,0,0,351,186,176,114
2026/02/04/17:36:40,6091.676330,0.857344,0.795058,0.857344,0.795058,78,48,58,40,0,0,0,0,351,186,176,114
2026/02/04/17:36:41,6092.676910,0.857344,0.795058,0.857344,0.795058,78,48,58,40,0,0,0,0,351,186,176,114
2026/02/04/17:36:42,6093.677462,0.857344,0.795058,0.857344,0.795058,78,48,58,40,0,0,0,0,351,186,176,114
2026/02/04/17:36:43,6094.678089,0.857344,0.795058,0.857344,0.795058,78,48,58,40,0,0,0,0,351,186,176,114
2026/02/04/17:36:44,6095.678673,0.857344,0.795058,0.857344,0.795058,78,48,58,40,0,0,0,0,351,186,176,114
2026/02/04/17:36:45,6096.679180,0.857344,0.795058,0.857344,0.795058,78,48,58,40,0,0,0,0,351,186,176,114
2026/02/04/17:36:46,6097.679683,0.857344,0.795058,0.857344,0.795058,78,48,58,40,0,0,0,0,351,186,176,114
2026/02/04/17:36:47,6098.680491,0.857344,0.795058,0.857344,0.795058,78,48,58,40,0,0,0,0,351,186,176,114
2026/02/04/17:36:48,6099.681170,0.857344,0.795058,0.857344,0.795058,78,48,58,40,0,0,0,0,351,186,176,114
2026/02/04/17:36:49,6100.681958,0.857344,0.795058,0.857344,0.795058,78,48,58,40,0,0,0,0,351,186,176,114
2026/02/04/17:36:50,6101.682689,0.857344,0.795058,0.857344,0.795058,78,48,58,40,0,0,0,0,351,186,176,114
2026/02/04/17:36:51,6102.683239,0.857344,0.795058,0.857344,0.795058,78,48,58,40,0,0,0,0,351,186,176,114
2026/02/04/17:36:52,6103.683785,0.857344,0.795058,0.857344,0.795058,78,48,58,40,0,0,0,0,351,186,176,114
2026/02/04/17:36:53,6104.684402,0.857344,0.795058,0.857344,0.795058,78,48,58,40,0,0,0,0,351,186,176,114
2026/02/04/17:36:54,6105.684851,0.857344,0.795058,0.857344,0.795058,78,48,58,40,0,0,0,0,351,186,176,114
2026/02/04/17:36:55,6106.685395,0.857344,0.795058,0.857344,0.795058,78,48,58,40,0,0,0,0,351,186,176,114
2026/02/04/17:36:56,6107.685847,0.857344,0.795058,0.857344,0.795058,78,48,58,40,0,0,0,0,351,186,176,114
2026/02/04/17:36:57,6108.686438,0.857344,0.795058,0.857344,0.795058,78,48,58,40,0,0,0,0,351,186,176,114
2026/02/04/17:36:58,6109.686957,0.857344,0.795058,0.857344,0.795058,78,48,58,40,0,0,0,0,351,186,176,114
2026/02/04/17:36:59,6110.687500,0.857344,0.795058,0.857344,0.795058,78,48,58,40,0,0,0,0,351,186,176,114
2026/02/04/17:37:00,6111.688135,0.857344,0.795058,0.857344,0.795058,78,48,58,40,0,0,0,0,351,186,176,114
2026/02/04/17:37:01,6112.688777,0.857344,0.795058,0.857344,0.795058,78,48,58,40,0,0,0,0,351,186,176,114
2026/02/04/17:37:02,6113.689384,0.848531,0.789061,0.848531,0.789061,75,48,58,40,0,0,0,0,354,186,176,114
2026/02/04/17:37:03,6114.690000,0.848531,0.789061,0.848531,0.789061,75,48,58,40,0,0,0,0,354,186,176,114
2026/02/04/17:37:04,6115.690465,0.848531,0.789061,0.848531,0.789061,75,48,58,40,0,0,0,0,354,186,176,114
2026/02/04/17:37:05,6116.691171,0.857750,0.799209,0.857750,0.799209,75,48,61,41,0,0,0,0,354,186,176,114
2026/02/04/17:37:06,6117.691810,0.857750,0.799209,0.857750,0.799209,75,48,61,41,0,0,0,0,354,186,176,114
2026/02/04/17:37:07,6118.693692,0.857750,0.799209,0.857750,0.799209,75,48,61,41,0,0,0,0,354,186,176,114
2026/02/04/17:37:08,6119.694447,0.857750,0.799209,0.857750,0.799209,75,48,61,41,0,0,0,0,354,186,176,114
2026/02/04/17:37:09,6120.695011,0.857750,0.799209,0.857750,0.799209,75,48,61,41,0,0,0,0,354,186,176,114
2026/02/04/17:37:10,6121.695524,0.857750,0.799209,0.857750,0.799209,75,48,61,41,0,0,0,0,354,186,176,114
2026/02/04/17:37:11,6122.696108,0.857750,0.799209,0.857750,0.799209,75,48,61,41,0,0,0,0,354,186,176,114
2026/02/04/17:37:12,6123.696745,0.880375,0.807775,0.880375,0.807775,75,48,63,43,0,0,0,0,354,186,176,114
2026/02/04/17:37:13,6124.697384,0.880375,0.807775,0.880375,0.807775,75,48,63,43,0,0,0,0,354,186,176,114
2026/02/04/17:37:14,6125.698019,0.876594,0.806103,0.876594,0.806103,75,48,63,42,0,0,0,0,354,186,176,115
2026/02/04/17:37:15,6126.698587,0.876594,0.806103,0.876594,0.806103,75,48,63,42,0,0,0,0,354,186,176,115
2026/02/04/17:37:16,6127.699054,0.876594,0.806103,0.876594,0.806103,75,48,63,42,0,0,0,0,354,186,176,115
2026/02/04/17:37:17,6128.699839,0.876594,0.806103,0.876594,0.806103,75,48,63,42,0,0,0,0,354,186,176,115
2026/02/04/17:37:18,6129.700408,0.876594,0.806103,0.876594,0.806103,75,48,63,42,0,0,0,0,354,186,176,115
2026/02/04/17:37:19,6130.701027,0.876594,0.806103,0.876594,0.806103,75,48,63,42,0,0,0,0,354,186,176,115
2026/02/04/17:37:20,6131.701621,0.868906,0.801753,0.868906,0.801753,75,48,61,42,0,0,0,0,354,186,178,115
2026/02/04/17:37:21,6132.702137,0.868906,0.801753,0.868906,0.801753,75,48,61,42,0,0,0,0,354,186,178,115
2026/02/04/17:37:22,6133.702792,0.868906,0.801753,0.868906,0.801753,75,48,61,42,0,0,0,0,354,186,178,115
2026/02/04/17:37:23,6134.703417,0.868906,0.801753,0.868906,0.801753,75,48,61,42,0,0,0,0,354,186,178,115
2026/02/04/17:37:24,6135.703959,0.868906,0.801753,0.868906,0.801753,75,48,61,42,0,0,0,0,354,186,178,115
2026/02/04/17:37:25,6136.704538,0.868906,0.801753,0.868906,0.801753,75,48,61,42,0,0,0,0,354,186,178,115
2026/02/04/17:37:26,6137.705081,0.868906,0.801753,0.868906,0.801753,75,48,61,42,0,0,0,0,354,186,178,115
2026/02/04/17:37:27,6138.705616,0.868906,0.801753,0.868906,0.801753,75,48,61,42,0,0,0,0,354,186,178,115
2026/02/04/17:37:28,6139.706035,0.868906,0.801753,0.868906,0.801753,75,48,61,42,0,0,0,0,354,186,178,115
2026/02/04/17:37:29,6140.706638,0.868906,0.801753,0.868906,0.801753,75,48,61,42,0,0,0,0,354,186,178,115
2026/02/04/17:37:30,6141.707282,0.868906,0.801753,0.868906,0.801753,75,48,61,42,0,0,0,0,354,186,178,115
2026/02/04/17:37:31,6142.707951,0.868906,0.801753,0.868906,0.801753,75,48,61,42,0,0,0,0,354,186,178,115
2026/02/04/17:37:32,6143.708575,0.868906,0.801753,0.868906,0.801753,75,48,61,42,0,0,0,0,354,186,178,115
2026/02/04/17:37:33,6144.709204,0.868906,0.801753,0.868906,0.801753,75,48,61,42,0,0,0,0,354,186,178,115
2026/02/04/17:37:34,6145.709755,0.868906,0.801753,0.868906,0.801753,75,48,61,42,0,0,0,0,354,186,178,115
2026/02/04/17:37:35,6146.710282,0.868906,0.801753,0.868906,0.801753,75,48,61,42,0,0,0,0,354,186,178,115
2026/02/04/17:37:36,6147.710837,0.868906,0.801753,0.868906,0.801753,75,48,61,42,0,0,0,0,354,186,178,115
2026/02/04/17:37:37,6148.711479,0.868906,0.801753,0.868906,0.801753,75,48,61,42,0,0,0,0,354,186,178,115
2026/02/04/17:37:38,6149.711982,0.868906,0.801753,0.868906,0.801753,75,48,61,42,0,0,0,0,354,186,178,115
2026/02/04/17:37:39,6150.712525,0.868906,0.801753,0.868906,0.801753,75,48,61,42,0,0,0,0,354,186,178,115
2026/02/04/17:37:40,6151.713147,0.868906,0.801753,0.868906,0.801753,75,48,61,42,0,0,0,0,354,186,178,115
2026/02/04/17:37:41,6152.713577,0.868906,0.801753,0.868906,0.801753,75,48,61,42,0,0,0,0,354,186,178,115
2026/02/04/17:37:42,6153.714134,0.868906,0.801753,0.868906,0.801753,75,48,61,42,0,0,0,0,354,186,178,115
2026/02/04/17:37:43,6154.714759,0.868906,0.801753,0.868906,0.801753,75,48,61,42,0,0,0,0,354,186,178,115
2026/02/04/17:37:44,6155.715235,0.868906,0.801753,0.868906,0.801753,75,48,61,42,0,0,0,0,354,186,178,115
2026/02/04/17:37:45,6156.715955,0.868906,0.801753,0.868906,0.801753,75,48,61,42,0,0,0,0,354,186,178,115
2026/02/04/17:37:46,6157.716474,0.868906,0.801753,0.868906,0.801753,75,48,61,42,0,0,0,0,354,186,178,115
2026/02/04/17:37:47,6158.717055,0.868906,0.801753,0.868906,0.801753,75,48,61,42,0,0,0,0,354,186,178,115
2026/02/04/17:37:48,6159.717510,0.868906,0.801753,0.868906,0.801753,75,48,61,42,0,0,0,0,354,186,178,115
2026/02/04/17:37:49,6160.718053,0.868906,0.801753,0.868906,0.801753,75,48,61,42,0,0,0,0,354,186,178,115
2026/02/04/17:37:50,6161.718703,0.868906,0.801753,0.868906,0.801753,75,48,61,42,0,0,0,0,354,186,178,115
2026/02/04/17:37:51,6162.719364,0.868906,0.801753,0.868906,0.801753,75,48,61,42,0,0,0,0,354,186,178,115
2026/02/04/17:37:52,6163.720022,0.868906,0.801753,0.868906,0.801753,75,48,61,42,0,0,0,0,354,186,178,115
2026/02/04/17:37:53,6164.720681,0.868906,0.801753,0.868906,0.801753,75,48,61,42,0,0,0,0,354,186,178,115
2026/02/04/17:37:54,6165.721305,0.881750,0.821101,0.881750,0.821101,76,48,63,42,0,0,0,0,354,186,178,115
2026/02/04/17:37:55,6166.721804,0.881750,0.821101,0.881750,0.821101,76,48,63,42,0,0,0,0,354,186,178,115
2026/02/04/17:37:56,6167.722398,0.881750,0.821101,0.881750,0.821101,76,48,63,42,0,0,0,0,354,186,178,115
2026/02/04/17:37:57,6168.722789,0.876313,0.812625,0.876313,0.812625,76,48,60,42,0,0,0,0,354,186,181,115
2026/02/04/17:37:58,6169.723194,0.876313,0.812625,0.876313,0.812625,76,48,60,42,0,0,0,0,354,186,181,115
2026/02/04/17:37:59,6170.723625,0.876313,0.812625,0.876313,0.812625,76,48,60,42,0,0,0,0,354,186,181,115
2026/02/04/17:38:00,6171.724177,0.876313,0.812625,0.876313,0.812625,76,48,60,42,0,0,0,0,354,186,181,115
2026/02/04/17:38:01,6172.724691,0.876313,0.812625,0.876313,0.812625,76,48,60,42,0,0,0,0,354,186,181,115
2026/02/04/17:38:02,6173.725327,0.876313,0.812625,0.876313,0.812625,76,48,60,42,0,0,0,0,354,186,181,115
2026/02/04/17:38:03,6174.725834,0.876313,0.812625,0.876313,0.812625,76,48,60,42,0,0,0,0,354,186,181,115
2026/02/04/17:38:04,6175.726388,0.907375,0.815832,0.916531,0.817687,75,51,60,42,1,0,0,0,357,186,181,115
2026/02/04/17:38:05,6176.726957,0.931000,0.841080,0.940156,0.842935,76,53,61,43,1,0,0,0,358,186,181,115
2026/02/04/17:38:06,6177.727450,0.931000,0.841080,0.940156,0.842935,76,53,61,43,1,0,0,0,358,186,181,115
2026/02/04/17:38:07,6178.728005,0.931000,0.841080,0.940156,0.842935,76,53,61,43,1,0,0,0,358,186,181,115
2026/02/04/17:38:08,6179.728709,0.925188,0.838334,0.925188,0.838334,76,53,60,43,0,0,0,0,359,186,182,115
2026/02/04/17:38:09,6180.729212,0.925188,0.838334,0.925188,0.838334,76,53,60,43,0,0,0,0,359,186,182,115
2026/02/04/17:38:10,6181.729728,0.925188,0.838334,0.925188,0.838334,76,53,60,43,0,0,0,0,359,186,182,115
2026/02/04/17:38:11,6182.730309,0.925188,0.838334,0.925188,0.838334,76,53,60,43,0,0,0,0,359,186,182,115
2026/02/04/17:38:12,6183.730864,0.925188,0.838334,0.925188,0.838334,76,53,60,43,0,0,0,0,359,186,182,115
2026/02/04/17:38:13,6184.731638,0.925188,0.838334,0.925188,0.838334,76,53,60,43,0,0,0,0,359,186,182,115
2026/02/04/17:38:14,6185.732665,0.945187,0.864157,0.945187,0.864157,80,55,60,45,0,0,0,0,360,186,182,115
2026/02/04/17:38:15,6186.733144,0.945187,0.864157,0.964781,0.867845,80,55,60,45,2,0,0,0,360,186,182,115
2026/02/04/17:38:16,6187.733750,0.945187,0.864157,0.964781,0.867845,80,55,60,45,2,0,0,0,360,186,182,115
2026/02/04/17:38:17,6188.734232,0.941875,0.859838,0.961469,0.863525,80,53,60,45,2,0,0,0,360,188,182,115
2026/02/04/17:38:18,6189.734923,0.941875,0.859838,0.961469,0.863525,80,53,60,45,2,0,0,0,360,188,182,115
2026/02/04/17:38:19,6190.735634,0.941875,0.859838,0.961469,0.863525,80,53,60,45,2,0,0,0,360,188,182,115
2026/02/04/17:38:20,6191.736191,0.941875,0.859838,0.961469,0.863525,80,53,60,45,2,0,0,0,360,188,182,115
2026/02/04/17:38:21,6192.736705,0.941875,0.859838,0.961469,0.863525,80,53,60,45,2,0,0,0,360,188,182,115
2026/02/04/17:38:22,6193.737310,0.934250,0.855379,0.953844,0.859067,80,53,60,44,2,0,0,0,360,188,182,116
2026/02/04/17:38:23,6194.737973,0.934250,0.855379,0.953844,0.859067,80,53,60,44,2,0,0,0,360,188,182,116
2026/02/04/17:38:24,6195.738482,0.934250,0.855379,0.953844,0.859067,80,53,60,44,2,0,0,0,360,188,182,116
2026/02/04/17:38:25,6196.740341,0.955875,0.861130,0.993344,0.879940,80,58,62,44,5,0,0,0,364,188,182,116
2026/02/04/17:38:26,6197.740805,0.967406,0.887174,1.004875,0.905985,82,60,64,44,5,0,0,0,364,188,182,116
2026/02/04/17:38:27,6198.741398,0.967406,0.887174,1.004875,0.905985,82,60,64,44,5,0,0,0,364,188,182,116
2026/02/04/17:38:28,6199.741868,0.964156,0.872469,1.001625,0.891280,82,60,62,44,5,0,0,0,364,188,184,116
2026/02/04/17:38:29,6200.742429,0.960781,0.869108,0.998250,0.887918,82,58,62,44,5,0,0,0,364,190,184,116
2026/02/04/17:38:30,6201.742962,0.960781,0.869108,0.998250,0.887918,82,58,62,44,5,0,0,0,364,190,184,116
2026/02/04/17:38:31,6202.743536,0.958000,0.865969,0.995469,0.884779,81,58,62,44,5,0,0,0,365,190,184,116
2026/02/04/17:38:32,6203.744162,0.958000,0.865969,0.995469,0.884779,81,58,62,44,5,0,0,0,365,190,184,116
2026/02/04/17:38:33,6204.744450,0.958000,0.865969,0.995469,0.884779,81,58,62,44,5,0,0,0,365,190,184,116
2026/02/04/17:38:34,6205.745036,0.958000,0.865969,0.995469,0.884779,81,58,62,44,5,0,0,0,365,190,184,116
2026/02/04/17:38:35,6206.745607,0.958000,0.865969,0.995469,0.884779,81,58,62,44,5,0,0,0,365,190,184,116
2026/02/04/17:38:36,6207.746242,0.958000,0.865969,0.995469,0.884779,81,58,62,44,5,0,0,0,365,190,184,116
2026/02/04/17:38:37,6208.746760,0.958000,0.865969,0.995469,0.884779,81,58,62,44,5,0,0,0,365,190,184,116
2026/02/04/17:38:38,6209.747308,0.958000,0.865969,0.995469,0.884779,81,58,62,44,5,0,0,0,365,190,184,116
2026/02/04/17:38:39,6210.747846,0.958000,0.865969,0.995469,0.884779,81,58,62,44,5,0,0,0,365,190,184,116
2026/02/04/17:38:40,6211.748305,0.958000,0.865969,0.995469,0.884779,81,58,62,44,5,0,0,0,365,190,184,116
2026/02/04/17:38:41,6212.748840,0.951688,0.859905,0.989156,0.878716,79,58,62,44,5,0,0,0,367,190,184,116
2026/02/04/17:38:42,6213.749507,0.951688,0.859905,0.989156,0.878716,79,58,62,44,5,0,0,0,367,190,184,116
2026/02/04/17:38:43,6214.749977,0.951688,0.859905,0.989156,0.878716,79,58,62,44,5,0,0,0,367,190,184,116
2026/02/04/17:38:44,6215.750566,0.951688,0.859905,0.989156,0.878716,79,58,62,44,5,0,0,0,367,190,184,116
2026/02/04/17:38:45,6216.751108,0.951688,0.859905,0.989156,0.878716,79,58,62,44,5,0,0,0,367,190,184,116
2026/02/04/17:38:46,6217.751663,0.951688,0.859905,0.989156,0.878716,79,58,62,44,5,0,0,0,367,190,184,116
2026/02/04/17:38:47,6218.752131,0.951688,0.859905,0.989156,0.878716,79,58,62,44,5,0,0,0,367,190,184,116
2026/02/04/17:38:48,6219.752637,0.951688,0.859905,0.989156,0.878716,79,58,62,44,5,0,0,0,367,190,184,116
2026/02/04/17:38:49,6220.753152,0.951688,0.859905,0.989156,0.878716,79,58,62,44,5,0,0,0,367,190,184,116
2026/02/04/17:38:50,6221.753619,0.951688,0.859905,0.989156,0.878716,79,58,62,44,5,0,0,0,367,190,184,116
2026/02/04/17:38:51,6222.754066,0.950812,0.855748,0.983781,0.872994,78,58,62,44,4,0,0,0,369,190,184,116
2026/02/04/17:38:52,6223.754561,0.950812,0.855748,0.983781,0.872994,78,58,62,44,4,0,0,0,369,190,184,116
2026/02/04/17:38:53,6224.755155,0.950812,0.855748,0.983781,0.872994,78,58,62,44,4,0,0,0,369,190,184,116
2026/02/04/17:38:54,6225.755640,0.950812,0.855748,0.983781,0.872994,78,58,62,44,4,0,0,0,369,190,184,116
2026/02/04/17:38:55,6226.756156,0.950812,0.855748,0.983781,0.872994,78,58,62,44,4,0,0,0,369,190,184,116
2026/02/04/17:38:56,6227.756597,0.950812,0.855748,0.983781,0.872994,78,58,62,44,4,0,0,0,369,190,184,116
2026/02/04/17:38:57,6228.757092,0.950375,0.855063,0.966906,0.868035,80,55,62,44,2,0,0,0,369,193,184,116
2026/02/04/17:38:58,6229.757535,0.945875,0.852679,0.945875,0.852679,81,55,62,42,0,0,0,0,369,193,184,118
2026/02/04/17:38:59,6230.758088,0.945875,0.852679,0.945875,0.852679,81,55,62,42,0,0,0,0,369,193,184,118
2026/02/04/17:39:00,6231.758838,0.939500,0.851070,0.939500,0.851070,81,55,62,41,0,0,0,0,369,193,184,119
2026/02/04/17:39:01,6232.759377,0.939500,0.851070,0.939500,0.851070,81,55,62,41,0,0,0,0,369,193,184,119
2026/02/04/17:39:02,6233.760878,0.930250,0.845881,0.930250,0.845881,81,55,61,41,0,0,0,0,369,193,185,119
2026/02/04/17:39:03,6234.761609,0.921000,0.840693,0.921000,0.840693,81,55,60,41,0,0,0,0,369,193,186,119
2026/02/04/17:39:04,6235.762203,0.872906,0.830350,0.872906,0.830350,81,50,60,41,0,0,0,0,369,198,186,119
2026/02/04/17:39:05,6236.762961,0.872906,0.830350,0.872906,0.830350,81,50,60,41,0,0,0,0,369,198,186,119
2026/02/04/17:39:06,6237.763597,0.872906,0.830350,0.872906,0.830350,81,50,60,41,0,0,0,0,369,198,186,119
2026/02/04/17:39:07,6238.764147,0.872906,0.830350,0.872906,0.830350,81,50,60,41,0,0,0,0,369,198,186,119
2026/02/04/17:39:08,6239.764837,0.872906,0.830350,0.872906,0.830350,81,50,60,41,0,0,0,0,369,198,186,119
2026/02/04/17:39:09,6240.765341,0.872906,0.830350,0.872906,0.830350,81,50,60,41,0,0,0,0,369,198,186,119
2026/02/04/17:39:10,6241.765951,0.872906,0.830350,0.872906,0.830350,81,50,60,41,0,0,0,0,369,198,186,119
2026/02/04/17:39:11,6242.766650,0.872906,0.830350,0.872906,0.830350,81,50,60,41,0,0,0,0,369,198,186,119
2026/02/04/17:39:12,6243.767212,0.872906,0.830350,0.872906,0.830350,81,50,60,41,0,0,0,0,369,198,186,119
2026/02/04/17:39:13,6244.767811,0.872906,0.830350,0.872906,0.830350,81,50,60,41,0,0,0,0,369,198,186,119
2026/02/04/17:39:14,6245.768368,0.872906,0.830350,0.872906,0.830350,81,50,60,41,0,0,0,0,369,198,186,119
2026/02/04/17:39:15,6246.768976,0.872906,0.830350,0.872906,0.830350,81,50,60,41,0,0,0,0,369,198,186,119
2026/02/04/17:39:16,6247.769479,0.872906,0.830350,0.872906,0.830350,81,50,60,41,0,0,0,0,369,198,186,119
2026/02/04/17:39:17,6248.769966,0.872906,0.830350,0.872906,0.830350,81,50,60,41,0,0,0,0,369,198,186,119
2026/02/04/17:39:18,6249.770552,0.872906,0.830350,0.872906,0.830350,81,50,60,41,0,0,0,0,369,198,186,119
2026/02/04/17:39:19,6250.771290,0.872906,0.830350,0.872906,0.830350,81,50,60,41,0,0,0,0,369,198,186,119
2026/02/04/17:39:20,6251.771936,0.872906,0.830350,0.872906,0.830350,81,50,60,41,0,0,0,0,369,198,186,119
2026/02/04/17:39:21,6252.772709,0.872906,0.830350,0.872906,0.830350,81,50,60,41,0,0,0,0,369,198,186,119
2026/02/04/17:39:22,6253.773299,0.872906,0.830350,0.872906,0.830350,81,50,60,41,0,0,0,0,369,198,186,119
2026/02/04/17:39:23,6254.773784,0.872906,0.830350,0.872906,0.830350,81,50,60,41,0,0,0,0,369,198,186,119
2026/02/04/17:39:24,6255.774484,0.872906,0.830350,0.872906,0.830350,81,50,60,41,0,0,0,0,369,198,186,119
2026/02/04/17:39:25,6256.775149,0.872906,0.830350,0.872906,0.830350,81,50,60,41,0,0,0,0,369,198,186,119
2026/02/04/17:39:26,6257.775747,0.872906,0.830350,0.872906,0.830350,81,50,60,41,0,0,0,0,369,198,186,119
2026/02/04/17:39:27,6258.776288,0.872906,0.830350,0.872906,0.830350,81,50,60,41,0,0,0,0,369,198,186,119
2026/02/04/17:39:28,6259.776762,0.872906,0.830350,0.872906,0.830350,81,50,60,41,0,0,0,0,369,198,186,119
2026/02/04/17:39:29,6260.777401,0.872906,0.830350,0.872906,0.830350,81,50,60,41,0,0,0,0,369,198,186,119
2026/02/04/17:39:30,6261.777926,0.872906,0.830350,0.872906,0.830350,81,50,60,41,0,0,0,0,369,198,186,119
2026/02/04/17:39:31,6262.793246,0.905719,0.854694,0.905719,0.854694,83,53,60,43,0,0,0,0,369,198,186,119
2026/02/04/17:39:32,6263.793781,0.905719,0.854694,0.905719,0.854694,83,53,60,43,0,0,0,0,369,198,186,119
2026/02/04/17:39:33,6264.794404,0.898094,0.851500,0.898094,0.851500,83,52,60,43,0,0,0,0,369,199,186,119
2026/02/04/17:39:34,6265.794918,0.880125,0.835261,0.880125,0.835261,82,50,60,43,0,0,0,0,370,201,186,119
2026/02/04/17:39:35,6266.795424,0.880125,0.835261,0.880125,0.835261,82,50,60,43,0,0,0,0,370,201,186,119
2026/02/04/17:39:36,6267.795919,0.878281,0.833636,0.878281,0.833636,81,50,60,43,0,0,0,0,371,201,186,119
2026/02/04/17:39:37,6268.796505,0.878281,0.833636,0.878281,0.833636,81,50,60,43,0,0,0,0,371,201,186,119
2026/02/04/17:39:38,6269.797128,0.878281,0.833636,0.878281,0.833636,81,50,60,43,0,0,0,0,371,201,186,119
2026/02/04/17:39:39,6270.797777,0.872906,0.830350,0.872906,0.830350,81,50,60,41,0,0,0,0,371,201,186,121
2026/02/04/17:39:40,6271.798303,0.872906,0.830350,0.872906,0.830350,81,50,60,41,0,0,0,0,371,201,186,121
2026/02/04/17:39:41,6272.798851,0.872906,0.830350,0.872906,0.830350,81,50,60,41,0,0,0,0,371,201,186,121
2026/02/04/17:39:42,6273.799448,0.872906,0.830350,0.872906,0.830350,81,50,60,41,0,0,0,0,371,201,186,121
2026/02/04/17:39:43,6274.799874,0.872906,0.830350,0.872906,0.830350,81,50,60,41,0,0,0,0,371,201,186,121
2026/02/04/17:39:44,6275.800366,0.872906,0.830350,0.872906,0.830350,81,50,60,41,0,0,0,0,371,201,186,121
2026/02/04/17:39:45,6276.800845,0.872906,0.830350,0.872906,0.830350,81,50,60,41,0,0,0,0,371,201,186,121
2026/02/04/17:39:46,6277.801377,0.872906,0.830350,0.872906,0.830350,81,50,60,41,0,0,0,0,371,201,186,121
2026/02/04/17:39:47,6278.801936,0.872906,0.830350,0.872906,0.830350,81,50,60,41,0,0,0,0,371,201,186,121
2026/02/04/17:39:48,6279.804160,0.872906,0.830350,0.872906,0.830350,81,50,60,41,0,0,0,0,371,201,186,121
2026/02/04/17:39:49,6280.804578,0.872906,0.830350,0.872906,0.830350,81,50,60,41,0,0,0,0,371,201,186,121
2026/02/04/17:39:50,6281.805144,0.872906,0.830350,0.872906,0.830350,81,50,60,41,0,0,0,0,371,201,186,121
2026/02/04/17:39:51,6282.805742,0.872906,0.830350,0.872906,0.830350,81,50,60,41,0,0,0,0,371,201,186,121
2026/02/04/17:39:52,6283.806212,0.872906,0.830350,0.872906,0.830350,81,50,60,41,0,0,0,0,371,201,186,121
2026/02/04/17:39:53,6284.806792,0.872906,0.830350,0.872906,0.830350,81,50,60,41,0,0,0,0,371,201,186,121
2026/02/04/17:39:54,6285.807455,0.872906,0.830350,0.872906,0.830350,81,50,60,41,0,0,0,0,371,201,186,121
2026/02/04/17:39:55,6286.808012,0.872906,0.830350,0.872906,0.830350,81,50,60,41,0,0,0,0,371,201,186,121
2026/02/04/17:39:56,6287.808556,0.872906,0.830350,0.872906,0.830350,81,50,60,41,0,0,0,0,371,201,186,121
2026/02/04/17:39:57,6288.809102,0.872906,0.830350,0.872906,0.830350,81,50,60,41,0,0,0,0,371,201,186,121
2026/02/04/17:39:58,6289.809555,0.872906,0.830350,0.872906,0.830350,81,50,60,41,0,0,0,0,371,201,186,121
2026/02/04/17:39:59,6290.810164,0.872906,0.830350,0.872906,0.830350,81,50,60,41,0,0,0,0,371,201,186,121
2026/02/04/17:40:00,6291.810776,0.872906,0.830350,0.872906,0.830350,81,50,60,41,0,0,0,0,371,201,186,121
2026/02/04/17:40:01,6292.811346,0.872906,0.830350,0.872906,0.830350,81,50,60,41,0,0,0,0,371,201,186,121
2026/02/04/17:40:02,6293.811845,0.872906,0.830350,0.872906,0.830350,81,50,60,41,0,0,0,0,371,201,186,121
2026/02/04/17:40:03,6294.812395,0.872906,0.830350,0.872906,0.830350,81,50,60,41,0,0,0,0,371,201,186,121
2026/02/04/17:40:04,6295.812997,0.907844,0.863561,0.907844,0.863561,84,51,61,44,0,0,0,0,371,201,186,121
2026/02/04/17:40:05,6296.813622,0.923625,0.889381,0.929031,0.901118,87,51,62,47,2,0,0,0,371,201,186,121
2026/02/04/17:40:06,6297.814294,0.929562,0.900915,0.937937,0.917613,88,51,62,49,3,0,0,0,371,201,186,121
2026/02/04/17:40:07,6298.814773,0.930500,0.903097,0.950281,0.926068,88,51,62,49,4,0,0,0,372,201,186,121
2026/02/04/17:40:08,6299.815238,0.926906,0.893574,0.934094,0.899191,85,51,62,49,1,0,0,0,376,201,186,121
2026/02/04/17:40:09,6300.815679,0.926906,0.893574,0.934094,0.899191,85,51,62,49,1,0,0,0,376,201,186,121
2026/02/04/17:40:10,6301.816122,0.917094,0.874842,0.917094,0.874842,86,51,61,47,0,0,0,0,376,201,187,123
2026/02/04/17:40:11,6302.816742,0.917094,0.874842,0.917094,0.874842,86,51,61,47,0,0,0,0,376,201,187,123
2026/02/04/17:40:12,6303.817206,0.917094,0.874842,0.917094,0.874842,86,51,61,47,0,0,0,0,376,201,187,123
2026/02/04/17:40:13,6304.817681,0.911156,0.872804,0.911156,0.872804,86,50,61,47,0,0,0,0,376,202,187,123
2026/02/04/17:40:14,6305.818153,0.911156,0.872804,0.911156,0.872804,86,50,61,47,0,0,0,0,376,202,187,123
2026/02/04/17:40:15,6306.818670,0.908031,0.854054,0.908031,0.854054,86,48,61,47,0,0,0,0,376,204,187,123
2026/02/04/17:40:16,6307.819155,0.902312,0.839750,0.902312,0.839750,86,48,61,44,0,0,0,0,376,204,187,126
2026/02/04/17:40:17,6308.819638,0.906781,0.847411,0.918625,0.862638,86,49,61,45,0,0,0,4,376,204,187,126
2026/02/04/17:40:18,6309.820293,0.904250,0.851404,0.904250,0.851404,84,49,61,49,0,0,0,0,378,204,187,126
2026/02/04/17:40:19,6310.820813,0.904250,0.851404,0.904250,0.851404,84,49,61,49,0,0,0,0,378,204,187,126
2026/02/04/17:40:20,6311.821334,0.901406,0.847928,0.901406,0.847928,84,48,61,49,0,0,0,0,378,205,187,126
2026/02/04/17:40:21,6312.821900,0.901406,0.847928,0.901406,0.847928,84,48,61,49,0,0,0,0,378,205,187,126
2026/02/04/17:40:22,6313.822472,0.901406,0.847928,0.901406,0.847928,84,48,61,49,0,0,0,0,378,205,187,126
2026/02/04/17:40:23,6314.823046,0.901406,0.847928,0.901406,0.847928,84,48,61,49,0,0,0,0,378,205,187,126
2026/02/04/17:40:24,6315.823790,0.901406,0.847928,0.901406,0.847928,84,48,61,49,0,0,0,0,378,205,187,126
2026/02/04/17:40:25,6316.824472,0.901406,0.847928,0.901406,0.847928,84,48,61,49,0,0,0,0,378,205,187,126
2026/02/04/17:40:26,6317.824996,0.901406,0.847928,0.901406,0.847928,84,48,61,49,0,0,0,0,378,205,187,126
2026/02/04/17:40:27,6318.827523,0.901406,0.847928,0.901406,0.847928,84,48,61,49,0,0,0,0,378,205,187,126
2026/02/04/17:40:28,6319.827901,0.901406,0.847928,0.901406,0.847928,84,48,61,49,0,0,0,0,378,205,187,126
2026/02/04/17:40:29,6320.828463,0.901406,0.847928,0.901406,0.847928,84,48,61,49,0,0,0,0,378,205,187,126
2026/02/04/17:40:30,6321.829193,0.901406,0.847928,0.901406,0.847928,84,48,61,49,0,0,0,0,378,205,187,126
2026/02/04/17:40:31,6322.829741,0.901406,0.847928,0.901406,0.847928,84,48,61,49,0,0,0,0,378,205,187,126
2026/02/04/17:40:32,6323.830350,0.901406,0.847928,0.901406,0.847928,84,48,61,49,0,0,0,0,378,205,187,126
2026/02/04/17:40:33,6324.830967,0.897906,0.843170,0.897906,0.843170,84,48,61,47,0,0,0,0,378,205,187,128
2026/02/04/17:40:34,6325.831780,0.897906,0.843170,0.897906,0.843170,84,48,61,47,0,0,0,0,378,205,187,128
2026/02/04/17:40:35,6326.832345,0.897906,0.843170,0.897906,0.843170,84,48,61,47,0,0,0,0,378,205,187,128
2026/02/04/17:40:36,6327.832854,0.897906,0.843170,0.897906,0.843170,84,48,61,47,0,0,0,0,378,205,187,128
2026/02/04/17:40:37,6328.833461,0.897906,0.843170,0.897906,0.843170,84,48,61,47,0,0,0,0,378,205,187,128
2026/02/04/17:40:38,6329.833951,0.897906,0.843170,0.897906,0.843170,84,48,61,47,0,0,0,0,378,205,187,128
2026/02/04/17:40:39,6330.834627,0.897906,0.843170,0.897906,0.843170,84,48,61,47,0,0,0,0,378,205,187,128
2026/02/04/17:40:40,6331.835268,0.897906,0.843170,0.897906,0.843170,84,48,61,47,0,0,0,0,378,205,187,128
2026/02/04/17:40:41,6332.835766,0.887687,0.832128,0.887687,0.832128,84,48,61,44,0,0,0,0,378,205,187,131
2026/02/04/17:40:42,6333.836475,0.887687,0.832128,0.887687,0.832128,84,48,61,44,0,0,0,0,378,205,187,131
2026/02/04/17:40:43,6334.837023,0.887687,0.832128,0.887687,0.832128,84,48,61,44,0,0,0,0,378,205,187,131
2026/02/04/17:40:44,6335.837554,0.887687,0.832128,0.887687,0.832128,84,48,61,44,0,0,0,0,378,205,187,131
2026/02/04/17:40:45,6336.838212,0.887687,0.832128,0.887687,0.832128,84,48,61,44,0,0,0,0,378,205,187,131
2026/02/04/17:40:46,6337.838838,0.887687,0.832128,0.887687,0.832128,84,48,61,44,0,0,0,0,378,205,187,131
2026/02/04/17:40:47,6338.839445,0.887687,0.832128,0.887687,0.832128,84,48,61,44,0,0,0,0,378,205,187,131
2026/02/04/17:40:48,6339.840128,0.887687,0.832128,0.887687,0.832128,84,48,61,44,0,0,0,0,378,205,187,131
2026/02/04/17:40:49,6340.840705,0.886094,0.830484,0.886094,0.830484,84,48,60,44,0,0,0,0,378,205,188,131
2026/02/04/17:40:50,6341.841357,0.886094,0.830484,0.886094,0.830484,84,48,60,44,0,0,0,0,378,205,188,131
2026/02/04/17:40:51,6342.841932,0.886094,0.830484,0.886094,0.830484,84,48,60,44,0,0,0,0,378,205,188,131
2026/02/04/17:40:52,6343.842579,0.886094,0.830484,0.886094,0.830484,84,48,60,44,0,0,0,0,378,205,188,131
2026/02/04/17:40:53,6344.843110,0.886094,0.830484,0.886094,0.830484,84,48,60,44,0,0,0,0,378,205,188,131
2026/02/04/17:40:54,6345.843608,0.886094,0.830484,0.886094,0.830484,84,48,60,44,0,0,0,0,378,205,188,131
2026/02/04/17:40:55,6346.844250,0.883437,0.825150,0.883437,0.825150,84,48,59,44,0,0,0,0,378,205,189,131
2026/02/04/17:40:56,6347.844840,0.883437,0.825150,0.883437,0.825150,84,48,59,44,0,0,0,0,378,205,189,131
2026/02/04/17:40:57,6348.845431,0.883437,0.825150,0.883437,0.825150,84,48,59,44,0,0,0,0,378,205,189,131
2026/02/04/17:40:58,6349.845926,0.883437,0.825150,0.883437,0.825150,84,48,59,44,0,0,0,0,378,205,189,131
2026/02/04/17:40:59,6350.846474,0.883437,0.825150,0.883437,0.825150,84,48,59,44,0,0,0,0,378,205,189,131
2026/02/04/17:41:00,6351.846998,0.883437,0.825150,0.883437,0.825150,84,48,59,44,0,0,0,0,378,205,189,131
2026/02/04/17:41:01,6352.847592,0.883437,0.825150,0.883437,0.825150,84,48,59,44,0,0,0,0,378,205,189,131
2026/02/04/17:41:02,6353.848149,0.908531,0.839520,0.908531,0.839520,84,48,62,45,0,0,0,0,378,205,189,131
2026/02/04/17:41:03,6354.848745,0.908531,0.839520,0.908531,0.839520,84,48,62,45,0,0,0,0,378,205,189,131
2026/02/04/17:41:04,6355.849339,0.885844,0.827100,0.885844,0.827100,84,48,59,45,0,0,0,0,378,205,192,131
2026/02/04/17:41:05,6356.849804,0.883437,0.825150,0.883437,0.825150,84,48,59,44,0,0,0,0,378,205,192,132
2026/02/04/17:41:06,6357.850282,0.883437,0.825150,0.883437,0.825150,84,48,59,44,0,0,0,0,378,205,192,132
2026/02/04/17:41:07,6358.850772,0.883437,0.825150,0.883437,0.825150,84,48,59,44,0,0,0,0,378,205,192,132
2026/02/04/17:41:08,6359.851433,0.883437,0.825150,0.883437,0.825150,84,48,59,44,0,0,0,0,378,205,192,132
2026/02/04/17:41:09,6360.851934,0.883437,0.825150,0.883437,0.825150,84,48,59,44,0,0,0,0,378,205,192,132
2026/02/04/17:41:10,6361.852557,0.883437,0.825150,0.883437,0.825150,84,48,59,44,0,0,0,0,378,205,192,132
2026/02/04/17:41:11,6362.853130,0.883437,0.825150,0.883437,0.825150,84,48,59,44,0,0,0,0,378,205,192,132
2026/02/04/17:41:12,6363.853875,0.883437,0.825150,0.883437,0.825150,84,48,59,44,0,0,0,0,378,205,192,132
2026/02/04/17:41:13,6364.854426,0.883437,0.825150,0.883437,0.825150,84,48,59,44,0,0,0,0,378,205,192,132
2026/02/04/17:41:14,6365.855011,0.883437,0.825150,0.883437,0.825150,84,48,59,44,0,0,0,0,378,205,192,132
2026/02/04/17:41:15,6366.855556,0.883437,0.825150,0.883437,0.825150,84,48,59,44,0,0,0,0,378,205,192,132
2026/02/04/17:41:16,6367.856107,0.883437,0.825150,0.883437,0.825150,84,48,59,44,0,0,0,0,378,205,192,132
2026/02/04/17:41:17,6368.856736,0.879125,0.820158,0.879125,0.820158,84,46,59,44,0,0,0,0,378,207,192,132
2026/02/04/17:41:18,6369.857288,0.879125,0.820158,0.879125,0.820158,84,46,59,44,0,0,0,0,378,207,192,132
2026/02/04/17:41:19,6370.857839,0.879125,0.820158,0.879125,0.820158,84,46,59,44,0,0,0,0,378,207,192,132
2026/02/04/17:41:20,6371.858353,0.879125,0.820158,0.879125,0.820158,84,46,59,44,0,0,0,0,378,207,192,132
2026/02/04/17:41:21,6372.858875,0.879125,0.820158,0.879125,0.820158,84,46,59,44,0,0,0,0,378,207,192,132
2026/02/04/17:41:22,6373.859424,0.879125,0.820158,0.879125,0.820158,84,46,59,44,0,0,0,0,378,207,192,132
2026/02/04/17:41:23,6374.860037,0.879125,0.820158,0.879125,0.820158,84,46,59,44,0,0,0,0,378,207,192,132
2026/02/04/17:41:24,6375.860597,0.879125,0.820158,0.879125,0.820158,84,46,59,44,0,0,0,0,378,207,192,132
2026/02/04/17:41:25,6376.861131,0.879125,0.820158,0.879125,0.820158,84,46,59,44,0,0,0,0,378,207,192,132
2026/02/04/17:41:26,6377.861631,0.879125,0.820158,0.879125,0.820158,84,46,59,44,0,0,0,0,378,207,192,132
2026/02/04/17:41:27,6378.862149,0.879125,0.820158,0.879125,0.820158,84,46,59,44,0,0,0,0,378,207,192,132
2026/02/04/17:41:28,6379.862617,0.879125,0.820158,0.879125,0.820158,84,46,59,44,0,0,0,0,378,207,192,132
2026/02/04/17:41:29,6380.863263,0.879125,0.820158,0.879125,0.820158,84,46,59,44,0,0,0,0,378,207,192,132
2026/02/04/17:41:30,6381.863801,0.879125,0.820158,0.879125,0.820158,84,46,59,44,0,0,0,0,378,207,192,132
2026/02/04/17:41:31,6382.864448,0.879125,0.820158,0.879125,0.820158,84,46,59,44,0,0,0,0,378,207,192,132
2026/02/04/17:41:32,6383.864904,0.879125,0.820158,0.879125,0.820158,84,46,59,44,0,0,0,0,378,207,192,132
2026/02/04/17:41:33,6384.865464,0.879125,0.820158,0.879125,0.820158,84,46,59,44,0,0,0,0,378,207,192,132
2026/02/04/17:41:34,6385.866087,0.879125,0.820158,0.879125,0.820158,84,46,59,44,0,0,0,0,378,207,192,132
2026/02/04/17:41:35,6386.866686,0.879125,0.820158,0.879125,0.820158,84,46,59,44,0,0,0,0,378,207,192,132
2026/02/04/17:41:36,6387.867346,0.879125,0.820158,0.879125,0.820158,84,46,59,44,0,0,0,0,378,207,192,132
2026/02/04/17:41:37,6388.867923,0.879125,0.820158,0.879125,0.820158,84,46,59,44,0,0,0,0,378,207,192,132
2026/02/04/17:41:38,6389.868597,0.879125,0.820158,0.879125,0.820158,84,46,59,44,0,0,0,0,378,207,192,132
2026/02/04/17:41:39,6390.869051,0.879125,0.820158,0.879125,0.820158,84,46,59,44,0,0,0,0,378,207,192,132
2026/02/04/17:41:40,6391.869888,0.879125,0.820158,0.879125,0.820158,84,46,59,44,0,0,0,0,378,207,192,132
2026/02/04/17:41:41,6392.870622,0.879125,0.820158,0.879125,0.820158,84,46,59,44,0,0,0,0,378,207,192,132
2026/02/04/17:41:42,6393.871264,0.879125,0.820158,0.879125,0.820158,84,46,59,44,0,0,0,0,378,207,192,132
2026/02/04/17:41:43,6394.871915,0.879125,0.820158,0.879125,0.820158,84,46,59,44,0,0,0,0,378,207,192,132
2026/02/04/17:41:44,6395.872533,0.879125,0.820158,0.879125,0.820158,84,46,59,44,0,0,0,0,378,207,192,132
2026/02/04/17:41:45,6396.873139,0.879125,0.820158,0.879125,0.820158,84,46,59,44,0,0,0,0,378,207,192,132
2026/02/04/17:41:46,6397.873699,0.879125,0.820158,0.879125,0.820158,84,46,59,44,0,0,0,0,378,207,192,132
2026/02/04/17:41:47,6398.874254,0.879125,0.820158,0.879125,0.820158,84,46,59,44,0,0,0,0,378,207,192,132
2026/02/04/17:41:48,6399.875131,0.879125,0.820158,0.879125,0.820158,84,46,59,44,0,0,0,0,378,207,192,132
2026/02/04/17:41:49,6400.875666,0.879125,0.820158,0.879125,0.820158,84,46,59,44,0,0,0,0,378,207,192,132
2026/02/04/17:41:50,6401.876263,0.879125,0.820158,0.879125,0.820158,84,46,59,44,0,0,0,0,378,207,192,132
2026/02/04/17:41:51,6402.876849,0.879125,0.820158,0.879125,0.820158,84,46,59,44,0,0,0,0,378,207,192,132
2026/02/04/17:41:52,6403.877266,0.879125,0.820158,0.879125,0.820158,84,46,59,44,0,0,0,0,378,207,192,132
2026/02/04/17:41:53,6404.877821,0.879125,0.820158,0.879125,0.820158,84,46,59,44,0,0,0,0,378,207,192,132
2026/02/04/17:41:54,6405.878306,0.879125,0.820158,0.879125,0.820158,84,46,59,44,0,0,0,0,378,207,192,132
2026/02/04/17:41:55,6406.878858,0.879125,0.820158,0.879125,0.820158,84,46,59,44,0,0,0,0,378,207,192,132
2026/02/04/17:41:56,6407.879365,0.879125,0.820158,0.879125,0.820158,84,46,59,44,0,0,0,0,378,207,192,132
2026/02/04/17:41:57,6408.880005,0.879125,0.820158,0.879125,0.820158,84,46,59,44,0,0,0,0,378,207,192,132
2026/02/04/17:41:58,6409.880414,0.879125,0.820158,0.879125,0.820158,84,46,59,44,0,0,0,0,378,207,192,132
2026/02/04/17:41:59,6410.880947,0.879125,0.820158,0.879125,0.820158,84,46,59,44,0,0,0,0,378,207,192,132
2026/02/04/17:42:00,6411.881505,0.879125,0.820158,0.879125,0.820158,84,46,59,44,0,0,0,0,378,207,192,132
2026/02/04/17:42:01,6412.882167,0.916875,0.840716,0.916875,0.840716,84,48,64,44,0,0,0,0,378,207,192,132
2026/02/04/17:42:02,6413.882724,0.916875,0.840716,0.916875,0.840716,84,48,64,44,0,0,0,0,378,207,192,132
2026/02/04/17:42:03,6414.883318,0.916875,0.840716,0.916875,0.840716,84,48,64,44,0,0,0,0,378,207,192,132
2026/02/04/17:42:04,6415.883781,0.901312,0.835647,0.901312,0.835647,84,46,64,44,0,0,0,0,378,209,192,132
2026/02/04/17:42:05,6416.884457,0.914219,0.867470,0.914219,0.867470,84,47,68,44,0,0,0,0,378,209,192,132
2026/02/04/17:42:06,6417.885001,0.914219,0.867470,0.914219,0.867470,84,47,68,44,0,0,0,0,378,209,192,132
2026/02/04/17:42:07,6418.885444,0.914219,0.867470,0.914219,0.867470,84,47,68,44,0,0,0,0,378,209,192,132
2026/02/04/17:42:08,6419.885923,0.903656,0.838172,0.903656,0.838172,84,47,64,44,0,0,0,0,378,209,196,132
2026/02/04/17:42:09,6420.886379,0.903656,0.838172,0.903656,0.838172,84,47,64,44,0,0,0,0,378,209,196,132
2026/02/04/17:42:10,6421.886857,0.903656,0.838172,0.903656,0.838172,84,47,64,44,0,0,0,0,378,209,196,132
2026/02/04/17:42:11,6422.887363,0.903656,0.838172,0.903656,0.838172,84,47,64,44,0,0,0,0,378,209,196,132
2026/02/04/17:42:12,6423.887878,0.903656,0.838172,0.903656,0.838172,84,47,64,44,0,0,0,0,378,209,196,132
2026/02/04/17:42:13,6424.888457,0.903656,0.838172,0.903656,0.838172,84,47,64,44,0,0,0,0,378,209,196,132
2026/02/04/17:42:14,6425.889015,0.903656,0.838172,0.903656,0.838172,84,47,64,44,0,0,0,0,378,209,196,132
2026/02/04/17:42:15,6426.889522,0.903656,0.838172,0.903656,0.838172,84,47,64,44,0,0,0,0,378,209,196,132
2026/02/04/17:42:16,6427.890127,0.903656,0.838172,0.903656,0.838172,84,47,64,44,0,0,0,0,378,209,196,132
2026/02/04/17:42:17,6428.890756,0.903656,0.838172,0.903656,0.838172,84,47,64,44,0,0,0,0,378,209,196,132
2026/02/04/17:42:18,6429.891324,0.903656,0.838172,0.903656,0.838172,84,47,64,44,0,0,0,0,378,209,196,132
2026/02/04/17:42:19,6430.891795,0.903656,0.838172,0.903656,0.838172,84,47,64,44,0,0,0,0,378,209,196,132
2026/02/04/17:42:20,6431.892293,0.903656,0.838172,0.903656,0.838172,84,47,64,44,0,0,0,0,378,209,196,132
2026/02/04/17:42:21,6432.892890,0.903656,0.838172,0.903656,0.838172,84,47,64,44,0,0,0,0,378,209,196,132
2026/02/04/17:42:22,6433.893399,0.903656,0.838172,0.903656,0.838172,84,47,64,44,0,0,0,0,378,209,196,132
2026/02/04/17:42:23,6434.894058,0.903656,0.838172,0.903656,0.838172,84,47,64,44,0,0,0,0,378,209,196,132
2026/02/04/17:42:24,6435.894522,0.903656,0.838172,0.903656,0.838172,84,47,64,44,0,0,0,0,378,209,196,132
2026/02/04/17:42:25,6436.895140,0.903656,0.838172,0.903656,0.838172,84,47,64,44,0,0,0,0,378,209,196,132
2026/02/04/17:42:26,6437.895759,0.903656,0.838172,0.903656,0.838172,84,47,64,44,0,0,0,0,378,209,196,132
2026/02/04/17:42:27,6438.896274,0.903656,0.838172,0.903656,0.838172,84,47,64,44,0,0,0,0,378,209,196,132
2026/02/04/17:42:28,6439.896749,0.901531,0.833333,0.901531,0.833333,83,47,64,44,0,0,0,0,379,209,196,132
2026/02/04/17:42:29,6440.897295,0.926813,0.853369,0.946562,0.858214,85,49,64,46,1,1,0,0,381,209,196,132
2026/02/04/17:42:30,6441.897838,0.936125,0.856382,0.946562,0.858214,85,50,64,46,1,0,0,0,381,209,196,132
2026/02/04/17:42:31,6442.898468,0.936125,0.856382,0.946562,0.858214,85,50,64,46,1,0,0,0,381,209,196,132
2026/02/04/17:42:32,6443.898968,0.936125,0.856382,0.946562,0.858214,85,50,64,46,1,0,0,0,381,209,196,132
2026/02/04/17:42:33,6444.899510,0.936125,0.856382,0.946562,0.858214,85,50,64,46,1,0,0,0,381,209,196,132
2026/02/04/17:42:34,6445.899948,0.936125,0.856382,0.951781,0.862834,85,50,64,46,1,1,0,1,381,209,196,132
2026/02/04/17:42:35,6446.900529,0.941344,0.861002,0.951781,0.862834,85,51,64,47,1,0,0,0,381,209,196,132
2026/02/04/17:42:36,6447.900976,0.941344,0.861002,0.951781,0.862834,85,51,64,47,1,0,0,0,381,209,196,132
2026/02/04/17:42:37,6448.901466,0.938219,0.858403,0.948656,0.860235,85,51,64,46,1,0,0,0,381,209,196,133
2026/02/04/17:42:38,6449.902121,0.938219,0.858403,0.948656,0.860235,85,51,64,46,1,0,0,0,381,209,196,133
2026/02/04/17:42:39,6450.902632,0.938219,0.858403,0.948656,0.860235,85,51,64,46,1,0,0,0,381,209,196,133
2026/02/04/17:42:40,6451.903034,0.938219,0.858403,0.948656,0.860235,85,51,64,46,1,0,0,0,381,209,196,133
2026/02/04/17:42:41,6452.903538,0.938219,0.858403,0.948656,0.860235,85,51,64,46,1,0,0,0,381,209,196,133
2026/02/04/17:42:42,6453.904001,0.938219,0.858403,0.948656,0.860235,85,51,64,46,1,0,0,0,381,209,196,133
2026/02/04/17:42:43,6454.904629,0.938219,0.858403,0.948656,0.860235,85,51,64,46,1,0,0,0,381,209,196,133
2026/02/04/17:42:44,6455.905243,0.938219,0.858403,0.948656,0.860235,85,51,64,46,1,0,0,0,381,209,196,133
2026/02/04/17:42:45,6456.905812,0.938219,0.858403,0.948656,0.860235,85,51,64,46,1,0,0,0,381,209,196,133
2026/02/04/17:42:46,6457.906315,0.938219,0.858403,0.948656,0.860235,85,51,64,46,1,0,0,0,381,209,196,133
2026/02/04/17:42:47,6458.906939,0.938219,0.858403,0.948656,0.860235,85,51,64,46,1,0,0,0,381,209,196,133
2026/02/04/17:42:48,6459.907580,0.938219,0.858403,0.948656,0.860235,85,51,64,46,1,0,0,0,381,209,196,133
2026/02/04/17:42:49,6460.908308,0.938219,0.858403,0.948656,0.860235,85,51,64,46,1,0,0,0,381,209,196,133
2026/02/04/17:42:50,6461.908961,0.938219,0.858403,0.948656,0.860235,85,51,64,46,1,0,0,0,381,209,196,133
2026/02/04/17:42:51,6462.909887,0.938219,0.858403,0.948656,0.860235,85,51,64,46,1,0,0,0,381,209,196,133
2026/02/04/17:42:52,6463.910369,0.938219,0.858403,0.948656,0.860235,85,51,64,46,1,0,0,0,381,209,196,133
2026/02/04/17:42:53,6464.910892,0.938219,0.858403,0.948656,0.860235,85,51,64,46,1,0,0,0,381,209,196,133
2026/02/04/17:42:54,6465.988569,0.938219,0.858403,0.948656,0.860235,85,51,64,46,1,0,0,0,381,209,196,133
2026/02/04/17:42:55,6466.989065,0.938219,0.858403,0.948656,0.860235,85,51,64,46,1,0,0,0,381,209,196,133
2026/02/04/17:42:56,6468.051457,0.938219,0.858403,0.948656,0.860235,85,51,64,46,1,0,0,0,381,209,196,133
2026/02/04/17:42:57,6469.052043,0.938219,0.858403,0.948656,0.860235,85,51,64,46,1,0,0,0,381,209,196,133
2026/02/04/17:42:59,6470.142795,0.931281,0.853954,0.948656,0.860235,83,51,64,46,3,0,0,0,383,209,196,133
2026/02/04/17:43:00,6471.143158,0.948656,0.860235,0.948656,0.860235,86,51,64,46,0,0,0,0,383,209,196,133
2026/02/04/17:43:01,6472.143729,0.948656,0.860235,0.948656,0.860235,86,51,64,46,0,0,0,0,383,209,196,133
2026/02/04/17:43:02,6473.144239,0.948656,0.860235,0.948656,0.860235,86,51,64,46,0,0,0,0,383,209,196,133
2026/02/04/17:43:03,6474.144760,0.948656,0.860235,0.948656,0.860235,86,51,64,46,0,0,0,0,383,209,196,133
2026/02/04/17:43:04,6475.145412,0.920719,0.851196,0.920719,0.851196,86,48,64,46,0,0,0,0,383,212,196,133
2026/02/04/17:43:05,6476.146146,0.920719,0.851196,0.920719,0.851196,86,48,64,46,0,0,0,0,383,212,196,133
2026/02/04/17:43:06,6477.146787,0.920719,0.851196,0.920719,0.851196,86,48,64,46,0,0,0,0,383,212,196,133
2026/02/04/17:43:07,6478.147300,0.920719,0.851196,0.920719,0.851196,86,48,64,46,0,0,0,0,383,212,196,133
2026/02/04/17:43:08,6479.147903,0.920719,0.851196,0.920719,0.851196,86,48,64,46,0,0,0,0,383,212,196,133
2026/02/04/17:43:09,6480.148459,0.920719,0.851196,0.920719,0.851196,86,48,64,46,0,0,0,0,383,212,196,133
2026/02/04/17:43:10,6481.148977,0.920719,0.851196,0.920719,0.851196,86,48,64,46,0,0,0,0,383,212,196,133
2026/02/04/17:43:11,6482.149521,0.920719,0.851196,0.920719,0.851196,86,48,64,46,0,0,0,0,383,212,196,133
2026/02/04/17:43:12,6483.150154,0.920719,0.851196,0.920719,0.851196,86,48,64,46,0,0,0,0,383,212,196,133
2026/02/04/17:43:13,6484.150649,0.920719,0.851196,0.920719,0.851196,86,48,64,46,0,0,0,0,383,212,196,133
2026/02/04/17:43:14,6485.151146,0.920719,0.851196,0.920719,0.851196,86,48,64,46,0,0,0,0,383,212,196,133
2026/02/04/17:43:15,6486.151766,0.920719,0.851196,0.920719,0.851196,86,48,64,46,0,0,0,0,383,212,196,133
2026/02/04/17:43:16,6487.152354,0.920719,0.851196,0.920719,0.851196,86,48,64,46,0,0,0,0,383,212,196,133
2026/02/04/17:43:17,6488.152829,0.920719,0.851196,0.920719,0.851196,86,48,64,46,0,0,0,0,383,212,196,133
2026/02/04/17:43:18,6489.153485,0.920719,0.851196,0.920719,0.851196,86,48,64,46,0,0,0,0,383,212,196,133
2026/02/04/17:43:19,6490.154037,0.920719,0.851196,0.920719,0.851196,86,48,64,46,0,0,0,0,383,212,196,133
2026/02/04/17:43:20,6491.154628,0.925594,0.867372,0.925594,0.867372,86,48,64,49,0,0,0,0,383,212,196,133
2026/02/04/17:43:21,6492.155201,0.925594,0.867372,0.925594,0.867372,86,48,64,49,0,0,0,0,383,212,196,133
2026/02/04/17:43:22,6493.155870,0.925594,0.867372,0.925594,0.867372,86,48,64,49,0,0,0,0,383,212,196,133
2026/02/04/17:43:23,6494.156403,0.920719,0.851196,0.920719,0.851196,86,48,64,46,0,0,0,0,383,212,196,136
2026/02/04/17:43:24,6495.156950,0.920719,0.851196,0.920719,0.851196,86,48,64,46,0,0,0,0,383,212,196,136
2026/02/04/17:43:25,6496.157585,0.920719,0.851196,0.920719,0.851196,86,48,64,46,0,0,0,0,383,212,196,136
2026/02/04/17:43:26,6497.158097,0.920719,0.851196,0.920719,0.851196,86,48,64,46,0,0,0,0,383,212,196,136
2026/02/04/17:43:27,6498.158652,0.920719,0.851196,0.920719,0.851196,86,48,64,46,0,0,0,0,383,212,196,136
2026/02/04/17:43:28,6499.159139,0.926063,0.858156,0.926063,0.858156,86,51,64,46,0,0,0,0,383,212,196,136
2026/02/04/17:43:29,6500.159562,0.926063,0.858156,0.926063,0.858156,86,51,64,46,0,0,0,0,383,212,196,136
2026/02/04/17:43:30,6501.160047,0.926063,0.858156,0.926063,0.858156,86,51,64,46,0,0,0,0,383,212,196,136
2026/02/04/17:43:31,6502.160560,0.926063,0.858156,0.926063,0.858156,86,51,64,46,0,0,0,0,383,212,196,136
2026/02/04/17:43:32,6503.160991,0.920719,0.851196,0.920719,0.851196,86,48,64,46,0,0,0,0,383,215,196,136
2026/02/04/17:43:33,6504.161540,0.920719,0.851196,0.920719,0.851196,86,48,64,46,0,0,0,0,383,215,196,136
2026/02/04/17:43:34,6505.162158,0.920719,0.851196,0.920719,0.851196,86,48,64,46,0,0,0,0,383,215,196,136
2026/02/04/17:43:35,6506.162766,0.920719,0.851196,0.920719,0.851196,86,48,64,46,0,0,0,0,383,215,196,136
2026/02/04/17:43:36,6507.163338,0.920719,0.851196,0.920719,0.851196,86,48,64,46,0,0,0,0,383,215,196,136
2026/02/04/17:43:37,6508.163804,0.915031,0.845749,0.915031,0.845749,84,48,64,46,0,0,0,0,385,215,196,136
2026/02/04/17:43:38,6509.164391,0.915031,0.845749,0.915031,0.845749,84,48,64,46,0,0,0,0,385,215,196,136
2026/02/04/17:43:39,6510.164886,0.915031,0.845749,0.915031,0.845749,84,48,64,46,0,0,0,0,385,215,196,136
2026/02/04/17:43:40,6511.165373,0.915031,0.845749,0.915031,0.845749,84,48,64,46,0,0,0,0,385,215,196,136
2026/02/04/17:43:41,6512.165871,0.915031,0.845749,0.915031,0.845749,84,48,64,46,0,0,0,0,385,215,196,136
2026/02/04/17:43:42,6513.166383,0.932063,0.850226,0.932063,0.850226,84,49,65,46,0,0,0,0,385,215,196,136
2026/02/04/17:43:43,6514.167009,0.932063,0.850226,0.932063,0.850226,84,49,65,46,0,0,0,0,385,215,196,136
2026/02/04/17:43:44,6515.167500,0.928750,0.839185,0.928750,0.839185,84,49,65,44,0,0,0,0,385,215,196,138
2026/02/04/17:43:45,6516.168144,0.928750,0.839185,0.928750,0.839185,84,49,65,44,0,0,0,0,385,215,196,138
2026/02/04/17:43:46,6517.168726,0.928750,0.839185,0.928750,0.839185,84,49,65,44,0,0,0,0,385,215,196,138
2026/02/04/17:43:47,6518.169399,0.923500,0.837251,0.923500,0.837251,84,49,64,44,0,0,0,0,385,215,197,138
2026/02/04/17:43:48,6519.169962,0.923500,0.837251,0.923500,0.837251,84,49,64,44,0,0,0,0,385,215,197,138
2026/02/04/17:43:49,6520.170465,0.923500,0.837251,0.923500,0.837251,84,49,64,44,0,0,0,0,385,215,197,138
2026/02/04/17:43:50,6521.171250,0.923500,0.837251,0.923500,0.837251,84,49,64,44,0,0,0,0,385,215,197,138
2026/02/04/17:43:51,6522.171879,0.923500,0.837251,0.923500,0.837251,84,49,64,44,0,0,0,0,385,215,197,138
2026/02/04/17:43:52,6523.172618,0.923500,0.837251,0.923500,0.837251,84,49,64,44,0,0,0,0,385,215,197,138
2026/02/04/17:43:53,6524.173104,0.923500,0.837251,0.923500,0.837251,84,49,64,44,0,0,0,0,385,215,197,138
2026/02/04/17:43:54,6525.173683,0.923500,0.837251,0.923500,0.837251,84,49,64,44,0,0,0,0,385,215,197,138
2026/02/04/17:43:55,6526.174122,0.923500,0.837251,0.923500,0.837251,84,49,64,44,0,0,0,0,385,215,197,138
2026/02/04/17:43:56,6527.174647,0.923500,0.837251,0.923500,0.837251,84,49,64,44,0,0,0,0,385,215,197,138
2026/02/04/17:43:57,6528.175290,0.923500,0.837251,0.923500,0.837251,84,49,64,44,0,0,0,0,385,215,197,138
2026/02/04/17:43:58,6529.175792,0.923500,0.837251,0.923500,0.837251,84,49,64,44,0,0,0,0,385,215,197,138
2026/02/04/17:43:59,6530.176167,0.923500,0.837251,0.923500,0.837251,84,49,64,44,0,0,0,0,385,215,197,138
2026/02/04/17:44:00,6531.176638,0.923500,0.837251,0.923500,0.837251,84,49,64,44,0,0,0,0,385,215,197,138
2026/02/04/17:44:01,6532.177117,0.912438,0.832228,0.912438,0.832228,84,46,64,44,0,0,0,0,385,218,197,138
2026/02/04/17:44:02,6533.177845,0.912438,0.832228,0.912438,0.832228,84,46,64,44,0,0,0,0,385,218,197,138
2026/02/04/17:44:03,6534.178384,0.912438,0.832228,0.912438,0.832228,84,46,64,44,0,0,0,0,385,218,197,138
2026/02/04/17:44:04,6535.179145,0.912438,0.832228,0.912438,0.832228,84,46,64,44,0,0,0,0,385,218,197,138
2026/02/04/17:44:05,6536.179695,0.912438,0.832228,0.912438,0.832228,84,46,64,44,0,0,0,0,385,218,197,138
2026/02/04/17:44:06,6537.180350,0.912438,0.832228,0.912438,0.832228,84,46,64,44,0,0,0,0,385,218,197,138
2026/02/04/17:44:07,6538.180922,0.912438,0.832228,0.912438,0.832228,84,46,64,44,0,0,0,0,385,218,197,138
2026/02/04/17:44:08,6539.181513,0.912438,0.832228,0.912438,0.832228,84,46,64,44,0,0,0,0,385,218,197,138
2026/02/04/17:44:09,6540.182753,0.906250,0.821438,0.906250,0.821438,84,46,61,44,0,0,0,0,385,218,200,138
2026/02/04/17:44:10,6541.183479,0.906250,0.821438,0.906250,0.821438,84,46,61,44,0,0,0,0,385,218,200,138
2026/02/04/17:44:11,6542.184064,0.906250,0.821438,0.906250,0.821438,84,46,61,44,0,0,0,0,385,218,200,138
2026/02/04/17:44:12,6543.184607,0.906250,0.821438,0.906250,0.821438,84,46,61,44,0,0,0,0,385,218,200,138
2026/02/04/17:44:13,6544.185151,0.906250,0.821438,0.906250,0.821438,84,46,61,44,0,0,0,0,385,218,200,138
2026/02/04/17:44:14,6545.185786,0.906250,0.821438,0.906250,0.821438,84,46,61,44,0,0,0,0,385,218,200,138
2026/02/04/17:44:15,6546.186445,0.906250,0.821438,0.906250,0.821438,84,46,61,44,0,0,0,0,385,218,200,138
2026/02/04/17:44:16,6547.186913,0.906250,0.821438,0.906250,0.821438,84,46,61,44,0,0,0,0,385,218,200,138
2026/02/04/17:44:17,6548.187476,0.906250,0.821438,0.906250,0.821438,84,46,61,44,0,0,0,0,385,218,200,138
2026/02/04/17:44:18,6549.188180,0.906250,0.821438,0.906250,0.821438,84,46,61,44,0,0,0,0,385,218,200,138
2026/02/04/17:44:19,6550.188659,0.906250,0.821438,0.906250,0.821438,84,46,61,44,0,0,0,0,385,218,200,138
2026/02/04/17:44:20,6551.189236,0.906250,0.821438,0.906250,0.821438,84,46,61,44,0,0,0,0,385,218,200,138
2026/02/04/17:44:21,6552.189803,0.906250,0.821438,0.906250,0.821438,84,46,61,44,0,0,0,0,385,218,200,138
2026/02/04/17:44:22,6553.190500,0.906250,0.821438,0.906250,0.821438,84,46,61,44,0,0,0,0,385,218,200,138
2026/02/04/17:44:23,6554.191095,0.906250,0.821438,0.906250,0.821438,84,46,61,44,0,0,0,0,385,218,200,138
2026/02/04/17:44:24,6555.191663,0.906250,0.821438,0.906250,0.821438,84,46,61,44,0,0,0,0,385,218,200,138
2026/02/04/17:44:25,6556.192159,0.906250,0.821438,0.906250,0.821438,84,46,61,44,0,0,0,0,385,218,200,138
2026/02/04/17:44:26,6557.192762,0.906250,0.821438,0.906250,0.821438,84,46,61,44,0,0,0,0,385,218,200,138
2026/02/04/17:44:27,6558.193412,0.906250,0.821438,0.906250,0.821438,84,46,61,44,0,0,0,0,385,218,200,138
2026/02/04/17:44:28,6559.193936,0.906250,0.821438,0.906250,0.821438,84,46,61,44,0,0,0,0,385,218,200,138
2026/02/04/17:44:29,6560.194417,0.906250,0.821438,0.906250,0.821438,84,46,61,44,0,0,0,0,385,218,200,138
2026/02/04/17:44:30,6561.195126,0.906250,0.821438,0.906250,0.821438,84,46,61,44,0,0,0,0,385,218,200,138
2026/02/04/17:44:31,6562.195752,0.906250,0.821438,0.906250,0.821438,84,46,61,44,0,0,0,0,385,218,200,138
2026/02/04/17:44:32,6563.196430,0.906250,0.821438,0.906250,0.821438,84,46,61,44,0,0,0,0,385,218,200,138
2026/02/04/17:44:33,6564.197136,0.906250,0.821438,0.906250,0.821438,84,46,61,44,0,0,0,0,385,218,200,138
2026/02/04/17:44:34,6565.197896,0.906250,0.821438,0.906250,0.821438,84,46,61,44,0,0,0,0,385,218,200,138
2026/02/04/17:44:35,6566.198604,0.906250,0.821438,0.906250,0.821438,84,46,61,44,0,0,0,0,385,218,200,138
2026/02/04/17:44:36,6567.199255,0.906250,0.821438,0.906250,0.821438,84,46,61,44,0,0,0,0,385,218,200,138
2026/02/04/17:44:37,6568.199912,0.935813,0.848116,0.935813,0.848116,85,48,65,44,0,0,0,0,386,218,200,138
2026/02/04/17:44:38,6569.200223,0.935813,0.848116,0.935813,0.848116,85,48,65,44,0,0,0,0,386,218,200,138
2026/02/04/17:44:39,6570.200761,0.935813,0.848116,0.935813,0.848116,85,48,65,44,0,0,0,0,386,218,200,138
2026/02/04/17:44:40,6571.201259,0.935813,0.848116,0.935813,0.848116,85,48,65,44,0,0,0,0,386,218,200,138
2026/02/04/17:44:41,6572.201766,0.935813,0.848116,0.935813,0.848116,85,48,65,44,0,0,0,0,386,218,200,138
2026/02/04/17:44:42,6573.202335,0.935813,0.848116,0.935813,0.848116,85,48,65,44,0,0,0,0,386,218,200,138
2026/02/04/17:44:43,6574.202839,0.935813,0.848116,0.935813,0.848116,85,48,65,44,0,0,0,0,386,218,200,138
2026/02/04/17:44:44,6575.203301,0.938156,0.851549,0.938156,0.851549,85,48,66,44,0,0,0,0,386,218,200,138
2026/02/04/17:44:45,6576.203756,0.938156,0.851549,0.938156,0.851549,85,48,66,44,0,0,0,0,386,218,200,138
2026/02/04/17:44:46,6577.204374,0.938156,0.851549,0.938156,0.851549,85,48,66,44,0,0,0,0,386,218,200,138
2026/02/04/17:44:47,6578.204814,0.938156,0.851549,0.938156,0.851549,85,48,66,44,0,0,0,0,386,218,200,138
2026/02/04/17:44:48,6579.205391,0.935813,0.848116,0.935813,0.848116,85,48,65,44,0,0,0,0,386,218,201,138
2026/02/04/17:44:49,6580.206096,0.935813,0.848116,0.935813,0.848116,85,48,65,44,0,0,0,0,386,218,201,138
2026/02/04/17:44:50,6581.206707,0.935813,0.848116,0.935813,0.848116,85,48,65,44,0,0,0,0,386,218,201,138
2026/02/04/17:44:51,6582.207312,0.935813,0.848116,0.935813,0.848116,85,48,65,44,0,0,0,0,386,218,201,138
2026/02/04/17:44:52,6583.207950,0.935813,0.848116,0.935813,0.848116,85,48,65,44,0,0,0,0,386,218,201,138
2026/02/04/17:44:53,6584.208453,0.935813,0.848116,0.935813,0.848116,85,48,65,44,0,0,0,0,386,218,201,138
2026/02/04/17:44:54,6585.209101,0.935813,0.848116,0.935813,0.848116,85,48,65,44,0,0,0,0,386,218,201,138
2026/02/04/17:44:55,6586.209538,0.942562,0.858938,0.942562,0.858938,86,50,65,44,0,0,0,0,386,218,201,138
2026/02/04/17:44:56,6587.210282,0.942562,0.858938,0.942562,0.858938,86,50,65,44,0,0,0,0,386,218,201,138
2026/02/04/17:44:57,6588.210974,0.942562,0.858938,0.942562,0.858938,86,50,65,44,0,0,0,0,386,218,201,138
2026/02/04/17:44:58,6589.211662,0.942562,0.858938,0.942562,0.858938,86,50,65,44,0,0,0,0,386,218,201,138
2026/02/04/17:44:59,6590.212161,0.939937,0.853498,0.939937,0.853498,85,50,65,44,0,0,0,0,387,218,201,138
2026/02/04/17:45:00,6591.212914,0.939937,0.853498,0.939937,0.853498,85,50,65,44,0,0,0,0,387,218,201,138
2026/02/04/17:45:01,6592.213530,0.939937,0.853498,0.939937,0.853498,85,50,65,44,0,0,0,0,387,218,201,138
2026/02/04/17:45:02,6593.214145,0.939937,0.853498,0.939937,0.853498,85,50,65,44,0,0,0,0,387,218,201,138
2026/02/04/17:45:03,6594.214710,0.939937,0.853498,0.939937,0.853498,85,50,65,44,0,0,0,0,387,218,201,138
2026/02/04/17:45:04,6595.215258,0.939937,0.853498,0.939937,0.853498,85,50,65,44,0,0,0,0,387,218,201,138
2026/02/04/17:45:05,6596.215824,0.939937,0.853498,0.939937,0.853498,85,50,65,44,0,0,0,0,387,218,201,138
2026/02/04/17:45:06,6597.216311,0.939937,0.853498,0.939937,0.853498,85,50,65,44,0,0,0,0,387,218,201,138
2026/02/04/17:45:07,6598.216997,0.939937,0.853498,0.939937,0.853498,85,50,65,44,0,0,0,0,387,218,201,138
2026/02/04/17:45:08,6599.217628,0.939937,0.853498,0.939937,0.853498,85,50,65,44,0,0,0,0,387,218,201,138
2026/02/04/17:45:09,6600.218333,0.939937,0.853498,0.939937,0.853498,85,50,65,44,0,0,0,0,387,218,201,138
2026/02/04/17:45:10,6601.218969,0.939937,0.853498,0.939937,0.853498,85,50,65,44,0,0,0,0,387,218,201,138
2026/02/04/17:45:11,6602.219467,0.939937,0.853498,0.939937,0.853498,85,50,65,44,0,0,0,0,387,218,201,138
2026/02/04/17:45:12,6603.220001,0.939937,0.853498,0.939937,0.853498,85,50,65,44,0,0,0,0,387,218,201,138
2026/02/04/17:45:13,6604.220523,0.939937,0.853498,0.939937,0.853498,85,50,65,44,0,0,0,0,387,218,201,138
2026/02/04/17:45:14,6605.220991,0.939937,0.853498,0.939937,0.853498,85,50,65,44,0,0,0,0,387,218,201,138
2026/02/04/17:45:15,6606.221492,0.939937,0.853498,0.939937,0.853498,85,50,65,44,0,0,0,0,387,218,201,138
2026/02/04/17:45:16,6607.222112,0.939937,0.853498,0.939937,0.853498,85,50,65,44,0,0,0,0,387,218,201,138
2026/02/04/17:45:17,6608.222632,0.938312,0.850585,0.938312,0.850585,85,50,64,44,0,0,0,0,387,218,202,138
2026/02/04/17:45:18,6609.223038,0.938312,0.850585,0.938312,0.850585,85,50,64,44,0,0,0,0,387,218,202,138
2026/02/04/17:45:19,6610.223653,0.938312,0.850585,0.938312,0.850585,85,50,64,44,0,0,0,0,387,218,202,138
2026/02/04/17:45:20,6611.224220,0.938312,0.850585,0.938312,0.850585,85,50,64,44,0,0,0,0,387,218,202,138
2026/02/04/17:45:21,6612.224859,0.938312,0.850585,0.938312,0.850585,85,50,64,44,0,0,0,0,387,218,202,138
2026/02/04/17:45:22,6613.225371,0.938312,0.850585,0.938312,0.850585,85,50,64,44,0,0,0,0,387,218,202,138
2026/02/04/17:45:23,6614.225896,0.938312,0.850585,0.938312,0.850585,85,50,64,44,0,0,0,0,387,218,202,138
2026/02/04/17:45:24,6615.226352,0.938312,0.850585,0.938312,0.850585,85,50,64,44,0,0,0,0,387,218,202,138
2026/02/04/17:45:25,6616.226859,0.938312,0.850585,0.938312,0.850585,85,50,64,44,0,0,0,0,387,218,202,138
2026/02/04/17:45:26,6617.227211,0.938312,0.850585,0.938312,0.850585,85,50,64,44,0,0,0,0,387,218,202,138
2026/02/04/17:45:27,6618.227645,0.938312,0.850585,0.938312,0.850585,85,50,64,44,0,0,0,0,387,218,202,138
2026/02/04/17:45:28,6619.228124,0.938312,0.850585,0.938312,0.850585,85,50,64,44,0,0,0,0,387,218,202,138
2026/02/04/17:45:29,6620.228497,0.938312,0.850585,0.938312,0.850585,85,50,64,44,0,0,0,0,387,218,202,138
2026/02/04/17:45:30,6621.229025,0.938312,0.850585,0.938312,0.850585,85,50,64,44,0,0,0,0,387,218,202,138
2026/02/04/17:45:31,6622.229522,0.938312,0.850585,0.938312,0.850585,85,50,64,44,0,0,0,0,387,218,202,138
2026/02/04/17:45:32,6623.230115,0.938312,0.850585,0.938312,0.850585,85,50,64,44,0,0,0,0,387,218,202,138
2026/02/04/17:45:33,6624.230705,0.938312,0.850585,0.938312,0.850585,85,50,64,44,0,0,0,0,387,218,202,138
2026/02/04/17:45:34,6625.231144,0.938312,0.850585,0.938312,0.850585,85,50,64,44,0,0,0,0,387,218,202,138
2026/02/04/17:45:35,6626.231672,0.938312,0.850585,0.938312,0.850585,85,50,64,44,0,0,0,0,387,218,202,138
2026/02/04/17:45:36,6627.232228,0.938312,0.850585,0.938312,0.850585,85,50,64,44,0,0,0,0,387,218,202,138
2026/02/04/17:45:37,6628.232868,0.938312,0.850585,0.938312,0.850585,85,50,64,44,0,0,0,0,387,218,202,138
2026/02/04/17:45:38,6629.233382,0.938312,0.850585,0.938312,0.850585,85,50,64,44,0,0,0,0,387,218,202,138
2026/02/04/17:45:39,6630.233882,0.938312,0.850585,0.938312,0.850585,85,50,64,44,0,0,0,0,387,218,202,138
2026/02/04/17:45:40,6631.234420,0.938312,0.850585,0.938312,0.850585,85,50,64,44,0,0,0,0,387,218,202,138
2026/02/04/17:45:41,6632.235053,0.938312,0.850585,0.938312,0.850585,85,50,64,44,0,0,0,0,387,218,202,138
2026/02/04/17:45:42,6633.235665,0.938312,0.850585,0.938312,0.850585,85,50,64,44,0,0,0,0,387,218,202,138
2026/02/04/17:45:43,6634.236236,0.938312,0.850585,0.938312,0.850585,85,50,64,44,0,0,0,0,387,218,202,138
2026/02/04/17:45:44,6635.236766,0.934187,0.845203,0.934187,0.845203,85,48,64,44,0,0,0,0,387,220,202,138
2026/02/04/17:45:45,6636.237402,0.934187,0.845203,0.934187,0.845203,85,48,64,44,0,0,0,0,387,220,202,138
2026/02/04/17:45:46,6637.237816,0.934187,0.845203,0.934187,0.845203,85,48,64,44,0,0,0,0,387,220,202,138
2026/02/04/17:45:47,6638.238353,0.934187,0.845203,0.934187,0.845203,85,48,64,44,0,0,0,0,387,220,202,138
2026/02/04/17:45:48,6639.238841,0.934187,0.845203,0.934187,0.845203,85,48,64,44,0,0,0,0,387,220,202,138
2026/02/04/17:45:49,6640.239240,0.934187,0.845203,0.934187,0.845203,85,48,64,44,0,0,0,0,387,220,202,138
2026/02/04/17:45:50,6641.239638,0.934187,0.845203,0.934187,0.845203,85,48,64,44,0,0,0,0,387,220,202,138
2026/02/04/17:45:51,6642.239998,0.934187,0.845203,0.934187,0.845203,85,48,64,44,0,0,0,0,387,220,202,138
2026/02/04/17:45:52,6643.240310,0.934187,0.845203,0.934187,0.845203,85,48,64,44,0,0,0,0,387,220,202,138
2026/02/04/17:45:53,6644.240756,0.934187,0.845203,0.934187,0.845203,85,48,64,44,0,0,0,0,387,220,202,138
2026/02/04/17:45:54,6645.241338,0.934187,0.845203,0.934187,0.845203,85,48,64,44,0,0,0,0,387,220,202,138
2026/02/04/17:45:55,6646.241812,0.934187,0.845203,0.934187,0.845203,85,48,64,44,0,0,0,0,387,220,202,138
2026/02/04/17:45:56,6647.242260,0.934187,0.845203,0.934187,0.845203,85,48,64,44,0,0,0,0,387,220,202,138
2026/02/04/17:45:57,6648.242885,0.934187,0.845203,0.934187,0.845203,85,48,64,44,0,0,0,0,387,220,202,138
2026/02/04/17:45:58,6649.243386,0.934187,0.845203,0.934187,0.845203,85,48,64,44,0,0,0,0,387,220,202,138
2026/02/04/17:45:59,6650.243842,0.934187,0.845203,0.934187,0.845203,85,48,64,44,0,0,0,0,387,220,202,138
2026/02/04/17:46:00,6651.244498,0.934187,0.845203,0.934187,0.845203,85,48,64,44,0,0,0,0,387,220,202,138
2026/02/04/17:46:01,6652.245034,0.934187,0.845203,0.934187,0.845203,85,48,64,44,0,0,0,0,387,220,202,138
2026/02/04/17:46:02,6653.245785,0.934187,0.845203,0.934187,0.845203,85,48,64,44,0,0,0,0,387,220,202,138
2026/02/04/17:46:03,6654.246563,0.934187,0.845203,0.934187,0.845203,85,48,64,44,0,0,0,0,387,220,202,138
2026/02/04/17:46:04,6655.247109,0.934187,0.845203,0.934187,0.845203,85,48,64,44,0,0,0,0,387,220,202,138
2026/02/04/17:46:05,6656.248095,0.934187,0.845203,0.934187,0.845203,85,48,64,44,0,0,0,0,387,220,202,138
2026/02/04/17:46:06,6657.248549,0.934187,0.845203,0.934187,0.845203,85,48,64,44,0,0,0,0,387,220,202,138
2026/02/04/17:46:07,6658.249050,0.934187,0.845203,0.934187,0.845203,85,48,64,44,0,0,0,0,387,220,202,138
2026/02/04/17:46:08,6659.249576,0.934187,0.845203,0.934187,0.845203,85,48,64,44,0,0,0,0,387,220,202,138
2026/02/04/17:46:09,6660.250289,0.934187,0.845203,0.934187,0.845203,85,48,64,44,0,0,0,0,387,220,202,138
2026/02/04/17:46:10,6661.250846,0.934187,0.845203,0.934187,0.845203,85,48,64,44,0,0,0,0,387,220,202,138
2026/02/04/17:46:11,6662.251275,0.934187,0.845203,0.934187,0.845203,85,48,64,44,0,0,0,0,387,220,202,138
2026/02/04/17:46:12,6663.251728,0.934187,0.845203,0.934187,0.845203,85,48,64,44,0,0,0,0,387,220,202,138
2026/02/04/17:46:13,6664.252347,0.934187,0.845203,0.934187,0.845203,85,48,64,44,0,0,0,0,387,220,202,138
2026/02/04/17:46:14,6665.252791,0.934187,0.845203,0.934187,0.845203,85,48,64,44,0,0,0,0,387,220,202,138
2026/02/04/17:46:15,6666.253366,0.934187,0.845203,0.934187,0.845203,85,48,64,44,0,0,0,0,387,220,202,138
2026/02/04/17:46:16,6667.253833,0.934187,0.845203,0.934187,0.845203,85,48,64,44,0,0,0,0,387,220,202,138
2026/02/04/17:46:17,6668.254277,0.934187,0.845203,0.934187,0.845203,85,48,64,44,0,0,0,0,387,220,202,138
2026/02/04/17:46:18,6669.254865,0.934187,0.845203,0.934187,0.845203,85,48,64,44,0,0,0,0,387,220,202,138
2026/02/04/17:46:19,6670.255403,0.934187,0.845203,0.934187,0.845203,85,48,64,44,0,0,0,0,387,220,202,138
2026/02/04/17:46:20,6671.255934,0.934187,0.845203,0.934187,0.845203,85,48,64,44,0,0,0,0,387,220,202,138
2026/02/04/17:46:21,6672.256480,0.934187,0.845203,0.934187,0.845203,85,48,64,44,0,0,0,0,387,220,202,138
2026/02/04/17:46:22,6673.257001,0.934187,0.845203,0.934187,0.845203,85,48,64,44,0,0,0,0,387,220,202,138
2026/02/04/17:46:23,6674.257464,0.934187,0.845203,0.934187,0.845203,85,48,64,44,0,0,0,0,387,220,202,138
2026/02/04/17:46:24,6675.258152,0.934187,0.845203,0.934187,0.845203,85,48,64,44,0,0,0,0,387,220,202,138
2026/02/04/17:46:25,6676.259092,0.934187,0.845203,0.934187,0.845203,85,48,64,44,0,0,0,0,387,220,202,138
2026/02/04/17:46:26,6677.259582,0.934187,0.845203,0.934187,0.845203,85,48,64,44,0,0,0,0,387,220,202,138
2026/02/04/17:46:27,6678.260050,0.934187,0.845203,0.934187,0.845203,85,48,64,44,0,0,0,0,387,220,202,138
2026/02/04/17:46:28,6679.260455,0.934187,0.845203,0.934187,0.845203,85,48,64,44,0,0,0,0,387,220,202,138
2026/02/04/17:46:29,6680.260819,0.934187,0.845203,0.934187,0.845203,85,48,64,44,0,0,0,0,387,220,202,138
2026/02/04/17:46:30,6681.261313,0.934187,0.845203,0.934187,0.845203,85,48,64,44,0,0,0,0,387,220,202,138
2026/02/04/17:46:31,6682.261997,0.934187,0.845203,0.934187,0.845203,85,48,64,44,0,0,0,0,387,220,202,138
2026/02/04/17:46:32,6683.262526,0.943906,0.854066,0.959156,0.864898,85,49,65,44,0,0,3,0,387,220,202,138
2026/02/04/17:46:33,6684.262977,0.968656,0.890193,0.986969,0.897991,86,49,68,47,4,0,0,0,390,220,202,138
2026/02/04/17:46:34,6685.263532,0.968656,0.890193,0.990156,0.899732,86,49,68,47,5,0,0,0,390,220,202,138
2026/02/04/17:46:35,6686.264133,0.965625,0.885675,0.984344,0.892755,84,49,68,47,4,0,0,0,393,220,202,138
2026/02/04/17:46:36,6687.264675,0.964313,0.867066,0.979844,0.872404,85,49,68,45,3,0,0,0,393,220,202,140
2026/02/04/17:46:37,6688.265142,0.964313,0.867066,0.979844,0.872404,85,49,68,45,3,0,0,0,393,220,202,140
2026/02/04/17:46:38,6689.265649,0.964313,0.867066,0.979844,0.872404,85,49,68,45,3,0,0,0,393,220,202,140
2026/02/04/17:46:39,6690.266160,0.964313,0.867066,0.979844,0.872404,85,49,68,45,3,0,0,0,393,220,202,140
2026/02/04/17:46:40,6691.266714,0.964313,0.867066,0.979844,0.872404,85,49,68,45,3,0,0,0,393,220,202,140
2026/02/04/17:46:41,6692.267153,0.964313,0.867066,0.979844,0.872404,85,49,68,45,3,0,0,0,393,220,202,140
2026/02/04/17:46:42,6693.267749,0.964313,0.867066,0.979844,0.872404,85,49,68,45,3,0,0,0,393,220,202,140
2026/02/04/17:46:43,6694.268334,0.964313,0.867066,0.979844,0.872404,85,49,68,45,3,0,0,0,393,220,202,140
2026/02/04/17:46:44,6695.268770,0.964313,0.867066,0.979844,0.872404,85,49,68,45,3,0,0,0,393,220,202,140
2026/02/04/17:46:45,6696.269392,0.961125,0.865324,0.970281,0.867180,84,49,68,45,1,0,0,0,394,220,202,140
2026/02/04/17:46:46,6697.270124,0.961125,0.865324,0.970281,0.867180,84,49,68,45,1,0,0,0,394,220,202,140
2026/02/04/17:46:47,6698.270840,0.961125,0.865324,0.970281,0.867180,84,49,68,45,1,0,0,0,394,220,202,140
2026/02/04/17:46:48,6699.271384,0.961125,0.865324,0.970281,0.867180,84,49,68,45,1,0,0,0,394,220,202,140
2026/02/04/17:46:49,6700.271778,0.959156,0.864898,0.959156,0.864898,85,49,68,44,0,0,0,0,394,220,202,141
2026/02/04/17:46:50,6701.272275,0.959156,0.864898,0.959156,0.864898,85,49,68,44,0,0,0,0,394,220,202,141
2026/02/04/17:46:51,6702.272943,0.959156,0.864898,0.959156,0.864898,85,49,68,44,0,0,0,0,394,220,202,141
2026/02/04/17:46:52,6703.273404,0.959156,0.864898,0.959156,0.864898,85,49,68,44,0,0,0,0,394,220,202,141
2026/02/04/17:46:53,6704.273908,0.959156,0.864898,0.959156,0.864898,85,49,68,44,0,0,0,0,394,220,202,141
2026/02/04/17:46:54,6705.274635,0.959156,0.864898,0.959156,0.864898,85,49,68,44,0,0,0,0,394,220,202,141
2026/02/04/17:46:55,6706.275121,0.959156,0.864898,0.959156,0.864898,85,49,68,44,0,0,0,0,394,220,202,141
2026/02/04/17:46:56,6707.275582,0.959156,0.864898,0.959156,0.864898,85,49,68,44,0,0,0,0,394,220,202,141
2026/02/04/17:46:57,6708.276110,0.959156,0.864898,0.959156,0.864898,85,49,68,44,0,0,0,0,394,220,202,141
2026/02/04/17:46:58,6709.276938,0.959156,0.864898,0.959156,0.864898,85,49,68,44,0,0,0,0,394,220,202,141
2026/02/04/17:46:59,6710.277507,0.959156,0.864898,0.959156,0.864898,85,49,68,44,0,0,0,0,394,220,202,141
2026/02/04/17:47:00,6711.278136,0.959156,0.864898,0.959156,0.864898,85,49,68,44,0,0,0,0,394,220,202,141
2026/02/04/17:47:01,6712.278606,0.959156,0.864898,0.959156,0.864898,85,49,68,44,0,0,0,0,394,220,202,141
2026/02/04/17:47:02,6713.279108,0.959156,0.864898,0.959156,0.864898,85,49,68,44,0,0,0,0,394,220,202,141
2026/02/04/17:47:03,6714.279835,0.959156,0.864898,0.959156,0.864898,85,49,68,44,0,0,0,0,394,220,202,141
2026/02/04/17:47:04,6715.280483,0.959156,0.864898,0.959156,0.864898,85,49,68,44,0,0,0,0,394,220,202,141
2026/02/04/17:47:05,6716.281066,0.959156,0.864898,0.959156,0.864898,85,49,68,44,0,0,0,0,394,220,202,141
2026/02/04/17:47:06,6717.281763,0.959156,0.864898,0.959156,0.864898,85,49,68,44,0,0,0,0,394,220,202,141
2026/02/04/17:47:07,6718.282395,0.959156,0.864898,0.959156,0.864898,85,49,68,44,0,0,0,0,394,220,202,141
2026/02/04/17:47:08,6719.282988,0.953719,0.858577,0.953719,0.858577,85,49,67,44,0,0,0,0,394,220,203,141
2026/02/04/17:47:09,6720.283525,0.953719,0.858577,0.953719,0.858577,85,49,67,44,0,0,0,0,394,220,203,141
2026/02/04/17:47:10,6721.284200,0.953719,0.858577,0.953719,0.858577,85,49,67,44,0,0,0,0,394,220,203,141
2026/02/04/17:47:11,6722.284854,0.953719,0.858577,0.953719,0.858577,85,49,67,44,0,0,0,0,394,220,203,141
2026/02/04/17:47:12,6723.285308,0.953719,0.858577,0.953719,0.858577,85,49,67,44,0,0,0,0,394,220,203,141
2026/02/04/17:47:13,6724.285805,0.953719,0.858577,0.953719,0.858577,85,49,67,44,0,0,0,0,394,220,203,141
2026/02/04/17:47:14,6725.286318,0.953719,0.858577,0.953719,0.858577,85,49,67,44,0,0,0,0,394,220,203,141
2026/02/04/17:47:15,6726.287016,0.953719,0.858577,0.953719,0.858577,85,49,67,44,0,0,0,0,394,220,203,141
2026/02/04/17:47:16,6727.287510,0.953719,0.858577,0.953719,0.858577,85,49,67,44,0,0,0,0,394,220,203,141
2026/02/04/17:47:17,6728.288095,0.953719,0.858577,0.953719,0.858577,85,49,67,44,0,0,0,0,394,220,203,141
2026/02/04/17:47:18,6729.288608,0.953719,0.858577,0.953719,0.858577,85,49,67,44,0,0,0,0,394,220,203,141
2026/02/04/17:47:19,6730.289076,0.953719,0.858577,0.953719,0.858577,85,49,67,44,0,0,0,0,394,220,203,141
2026/02/04/17:47:20,6731.289556,0.953719,0.858577,0.953719,0.858577,85,49,67,44,0,0,0,0,394,220,203,141
2026/02/04/17:47:21,6732.290091,0.953719,0.858577,0.953719,0.858577,85,49,67,44,0,0,0,0,394,220,203,141
2026/02/04/17:47:22,6733.290569,0.953719,0.858577,0.953719,0.858577,85,49,67,44,0,0,0,0,394,220,203,141
2026/02/04/17:47:23,6734.290966,0.953719,0.858577,0.953719,0.858577,85,49,67,44,0,0,0,0,394,220,203,141
2026/02/04/17:47:24,6735.291552,0.953719,0.858577,0.953719,0.858577,85,49,67,44,0,0,0,0,394,220,203,141
2026/02/04/17:47:25,6736.292124,0.953719,0.858577,0.953719,0.858577,85,49,67,44,0,0,0,0,394,220,203,141
2026/02/04/17:47:26,6737.292696,0.953719,0.858577,0.953719,0.858577,85,49,67,44,0,0,0,0,394,220,203,141
2026/02/04/17:47:27,6738.293145,0.953719,0.858577,0.953719,0.858577,85,49,67,44,0,0,0,0,394,220,203,141
2026/02/04/17:47:28,6739.293604,0.953719,0.858577,0.953719,0.858577,85,49,67,44,0,0,0,0,394,220,203,141
2026/02/04/17:47:29,6740.294191,0.953719,0.858577,0.953719,0.858577,85,49,67,44,0,0,0,0,394,220,203,141
2026/02/04/17:47:30,6741.294638,0.953719,0.858577,0.953719,0.858577,85,49,67,44,0,0,0,0,394,220,203,141
2026/02/04/17:47:31,6742.295113,0.953719,0.858577,0.953719,0.858577,85,49,67,44,0,0,0,0,394,220,203,141
2026/02/04/17:47:32,6743.295796,0.953719,0.858577,0.953719,0.858577,85,49,67,44,0,0,0,0,394,220,203,141
2026/02/04/17:47:33,6744.296199,0.953719,0.858577,0.953719,0.858577,85,49,67,44,0,0,0,0,394,220,203,141
2026/02/04/17:47:34,6745.296613,0.953719,0.858577,0.953719,0.858577,85,49,67,44,0,0,0,0,394,220,203,141
2026/02/04/17:47:35,6746.297257,0.953719,0.858577,0.953719,0.858577,85,49,67,44,0,0,0,0,394,220,203,141
2026/02/04/17:47:36,6747.297918,0.953719,0.858577,0.953719,0.858577,85,49,67,44,0,0,0,0,394,220,203,141
2026/02/04/17:47:37,6748.298443,0.953719,0.858577,0.953719,0.858577,85,49,67,44,0,0,0,0,394,220,203,141
2026/02/04/17:47:38,6749.298883,0.939000,0.851811,0.939000,0.851811,85,49,64,44,0,0,0,0,394,220,206,141
2026/02/04/17:47:39,6750.299470,0.939000,0.851811,0.939000,0.851811,85,49,64,44,0,0,0,0,394,220,206,141
2026/02/04/17:47:40,6751.299891,0.939000,0.851811,0.939000,0.851811,85,49,64,44,0,0,0,0,394,220,206,141
2026/02/04/17:47:41,6752.300498,0.939000,0.851811,0.939000,0.851811,85,49,64,44,0,0,0,0,394,220,206,141
2026/02/04/17:47:42,6753.301047,0.939000,0.851811,0.939000,0.851811,85,49,64,44,0,0,0,0,394,220,206,141
2026/02/04/17:47:43,6754.301488,0.939000,0.851811,0.939000,0.851811,85,49,64,44,0,0,0,0,394,220,206,141
2026/02/04/17:47:44,6755.302133,0.939000,0.851811,0.939000,0.851811,85,49,64,44,0,0,0,0,394,220,206,141
2026/02/04/17:47:45,6756.302833,0.939000,0.851811,0.939000,0.851811,85,49,64,44,0,0,0,0,394,220,206,141
2026/02/04/17:47:46,6757.303301,0.939000,0.851811,0.939000,0.851811,85,49,64,44,0,0,0,0,394,220,206,141
2026/02/04/17:47:47,6758.303771,0.939000,0.851811,0.939000,0.851811,85,49,64,44,0,0,0,0,394,220,206,141
2026/02/04/17:47:48,6759.304268,0.939000,0.851811,0.939000,0.851811,85,49,64,44,0,0,0,0,394,220,206,141
2026/02/04/17:47:49,6760.304708,0.939000,0.851811,0.939000,0.851811,85,49,64,44,0,0,0,0,394,220,206,141
2026/02/04/17:47:50,6761.305465,0.939000,0.851811,0.939000,0.851811,85,49,64,44,0,0,0,0,394,220,206,141
2026/02/04/17:47:51,6762.306135,0.939000,0.851811,0.939000,0.851811,85,49,64,44,0,0,0,0,394,220,206,141
2026/02/04/17:47:52,6763.306801,0.939000,0.851811,0.939000,0.851811,85,49,64,44,0,0,0,0,394,220,206,141
2026/02/04/17:47:53,6764.307269,0.927219,0.849268,0.927219,0.849268,85,48,64,44,0,0,0,0,394,221,206,141
2026/02/04/17:47:54,6765.307793,0.927219,0.849268,0.927219,0.849268,85,48,64,44,0,0,0,0,394,221,206,141
2026/02/04/17:47:55,6766.308314,0.927219,0.849268,0.927219,0.849268,85,48,64,44,0,0,0,0,394,221,206,141
2026/02/04/17:47:56,6767.308743,0.927219,0.849268,0.927219,0.849268,85,48,64,44,0,0,0,0,394,221,206,141
2026/02/04/17:47:57,6768.309167,0.927219,0.849268,0.927219,0.849268,85,48,64,44,0,0,0,0,394,221,206,141
2026/02/04/17:47:58,6769.309772,0.927219,0.849268,0.927219,0.849268,85,48,64,44,0,0,0,0,394,221,206,141
2026/02/04/17:47:59,6770.310137,0.927219,0.849268,0.927219,0.849268,85,48,64,44,0,0,0,0,394,221,206,141
2026/02/04/17:48:00,6771.310752,0.927219,0.849268,0.927219,0.849268,85,48,64,44,0,0,0,0,394,221,206,141
2026/02/04/17:48:01,6772.311316,0.927219,0.849268,0.927219,0.849268,85,48,64,44,0,0,0,0,394,221,206,141
2026/02/04/17:48:02,6773.311759,0.927219,0.849268,0.927219,0.849268,85,48,64,44,0,0,0,0,394,221,206,141
2026/02/04/17:48:03,6774.312335,0.927219,0.849268,0.927219,0.849268,85,48,64,44,0,0,0,0,394,221,206,141
2026/02/04/17:48:04,6775.312910,0.927219,0.849268,0.927219,0.849268,85,48,64,44,0,0,0,0,394,221,206,141
2026/02/04/17:48:05,6776.313553,0.927219,0.849268,0.927219,0.849268,85,48,64,44,0,0,0,0,394,221,206,141
2026/02/04/17:48:06,6777.313963,0.927219,0.849268,0.927219,0.849268,85,48,64,44,0,0,0,0,394,221,206,141
2026/02/04/17:48:07,6778.314541,0.927219,0.849268,0.927219,0.849268,85,48,64,44,0,0,0,0,394,221,206,141
2026/02/04/17:48:08,6779.315107,0.927219,0.849268,0.927219,0.849268,85,48,64,44,0,0,0,0,394,221,206,141
2026/02/04/17:48:09,6780.315878,0.927219,0.849268,0.927219,0.849268,85,48,64,44,0,0,0,0,394,221,206,141
2026/02/04/17:48:10,6781.316316,0.927219,0.849268,0.927219,0.849268,85,48,64,44,0,0,0,0,394,221,206,141
2026/02/04/17:48:11,6782.316913,0.927219,0.849268,0.927219,0.849268,85,48,64,44,0,0,0,0,394,221,206,141
2026/02/04/17:48:12,6783.317567,0.927219,0.849268,0.927219,0.849268,85,48,64,44,0,0,0,0,394,221,206,141
2026/02/04/17:48:13,6784.318143,0.927219,0.849268,0.927219,0.849268,85,48,64,44,0,0,0,0,394,221,206,141
2026/02/04/17:48:14,6785.318834,0.927219,0.849268,0.927219,0.849268,85,48,64,44,0,0,0,0,394,221,206,141
2026/02/04/17:48:15,6786.319530,0.927219,0.849268,0.927219,0.849268,85,48,64,44,0,0,0,0,394,221,206,141
2026/02/04/17:48:16,6787.320151,0.927219,0.849268,0.927219,0.849268,85,48,64,44,0,0,0,0,394,221,206,141
2026/02/04/17:48:17,6788.320804,0.927219,0.849268,0.927219,0.849268,85,48,64,44,0,0,0,0,394,221,206,141
2026/02/04/17:48:18,6789.321332,0.927219,0.849268,0.927219,0.849268,85,48,64,44,0,0,0,0,394,221,206,141
2026/02/04/17:48:19,6790.321777,0.927219,0.849268,0.927219,0.849268,85,48,64,44,0,0,0,0,394,221,206,141
2026/02/04/17:48:20,6791.322246,0.927219,0.849268,0.927219,0.849268,85,48,64,44,0,0,0,0,394,221,206,141
2026/02/04/17:48:21,6792.322849,0.927219,0.849268,0.927219,0.849268,85,48,64,44,0,0,0,0,394,221,206,141
2026/02/04/17:48:22,6793.323292,0.927219,0.849268,0.927219,0.849268,85,48,64,44,0,0,0,0,394,221,206,141
2026/02/04/17:48:23,6794.323868,0.927219,0.849268,0.927219,0.849268,85,48,64,44,0,0,0,0,394,221,206,141
2026/02/04/17:48:24,6795.324423,0.927219,0.849268,0.927219,0.849268,85,48,64,44,0,0,0,0,394,221,206,141
2026/02/04/17:48:25,6796.325014,0.927219,0.849268,0.927219,0.849268,85,48,64,44,0,0,0,0,394,221,206,141
2026/02/04/17:48:26,6797.325524,0.927219,0.849268,0.927219,0.849268,85,48,64,44,0,0,0,0,394,221,206,141
2026/02/04/17:48:27,6798.326042,0.927219,0.849268,0.927219,0.849268,85,48,64,44,0,0,0,0,394,221,206,141
2026/02/04/17:48:28,6799.326601,0.927219,0.849268,0.927219,0.849268,85,48,64,44,0,0,0,0,394,221,206,141
2026/02/04/17:48:29,6800.327089,0.927219,0.849268,0.927219,0.849268,85,48,64,44,0,0,0,0,394,221,206,141
2026/02/04/17:48:30,6801.328997,0.927219,0.849268,0.927219,0.849268,85,48,64,44,0,0,0,0,394,221,206,141
2026/02/04/17:48:31,6802.329628,0.927219,0.849268,0.927219,0.849268,85,48,64,44,0,0,0,0,394,221,206,141
2026/02/04/17:48:32,6803.330190,0.927219,0.849268,0.927219,0.849268,85,48,64,44,0,0,0,0,394,221,206,141
2026/02/04/17:48:33,6804.330865,0.927219,0.849268,0.927219,0.849268,85,48,64,44,0,0,0,0,394,221,206,141
2026/02/04/17:48:34,6805.331379,0.927219,0.849268,0.927219,0.849268,85,48,64,44,0,0,0,0,394,221,206,141
2026/02/04/17:48:35,6806.331909,0.927219,0.849268,0.927219,0.849268,85,48,64,44,0,0,0,0,394,221,206,141
2026/02/04/17:48:36,6807.332488,0.927219,0.849268,0.927219,0.849268,85,48,64,44,0,0,0,0,394,221,206,141
2026/02/04/17:48:37,6808.333101,0.927219,0.849268,0.927219,0.849268,85,48,64,44,0,0,0,0,394,221,206,141
2026/02/04/17:48:38,6809.333693,0.927219,0.849268,0.927219,0.849268,85,48,64,44,0,0,0,0,394,221,206,141
2026/02/04/17:48:39,6810.334224,0.927219,0.849268,0.927219,0.849268,85,48,64,44,0,0,0,0,394,221,206,141
2026/02/04/17:48:40,6811.334704,0.927219,0.849268,0.927219,0.849268,85,48,64,44,0,0,0,0,394,221,206,141
2026/02/04/17:48:41,6812.335186,0.927219,0.849268,0.927219,0.849268,85,48,64,44,0,0,0,0,394,221,206,141
2026/02/04/17:48:42,6813.335694,0.927219,0.849268,0.927219,0.849268,85,48,64,44,0,0,0,0,394,221,206,141
2026/02/04/17:48:43,6814.336268,0.927219,0.849268,0.927219,0.849268,85,48,64,44,0,0,0,0,394,221,206,141
2026/02/04/17:48:44,6815.336899,0.927219,0.849268,0.927219,0.849268,85,48,64,44,0,0,0,0,394,221,206,141
2026/02/04/17:48:45,6816.337624,0.927219,0.849268,0.927219,0.849268,85,48,64,44,0,0,0,0,394,221,206,141
2026/02/04/17:48:46,6817.338150,0.927219,0.849268,0.927219,0.849268,85,48,64,44,0,0,0,0,394,221,206,141
2026/02/04/17:48:47,6818.338612,0.927219,0.849268,0.927219,0.849268,85,48,64,44,0,0,0,0,394,221,206,141
2026/02/04/17:48:48,6819.339253,0.927219,0.849268,0.927219,0.849268,85,48,64,44,0,0,0,0,394,221,206,141
2026/02/04/17:48:49,6820.339851,0.927219,0.849268,0.927219,0.849268,85,48,64,44,0,0,0,0,394,221,206,141
2026/02/04/17:48:50,6821.340439,0.927219,0.849268,0.927219,0.849268,85,48,64,44,0,0,0,0,394,221,206,141
2026/02/04/17:48:51,6822.340998,0.927219,0.849268,0.927219,0.849268,85,48,64,44,0,0,0,0,394,221,206,141
2026/02/04/17:48:52,6823.341506,0.927219,0.849268,0.927219,0.849268,85,48,64,44,0,0,0,0,394,221,206,141
2026/02/04/17:48:53,6824.342037,0.927219,0.849268,0.927219,0.849268,85,48,64,44,0,0,0,0,394,221,206,141
2026/02/04/17:48:54,6825.342511,0.927219,0.849268,0.927219,0.849268,85,48,64,44,0,0,0,0,394,221,206,141
2026/02/04/17:48:55,6826.343144,0.927219,0.849268,0.927219,0.849268,85,48,64,44,0,0,0,0,394,221,206,141
2026/02/04/17:48:56,6827.343637,0.922406,0.842660,0.922406,0.842660,85,47,64,44,0,0,0,0,394,222,206,141
2026/02/04/17:48:57,6828.344176,0.922406,0.842660,0.922406,0.842660,85,47,64,44,0,0,0,0,394,222,206,141
2026/02/04/17:48:58,6829.344665,0.922406,0.842660,0.922406,0.842660,85,47,64,44,0,0,0,0,394,222,206,141
2026/02/04/17:48:59,6830.345032,0.922406,0.842660,0.922406,0.842660,85,47,64,44,0,0,0,0,394,222,206,141
2026/02/04/17:49:00,6831.345451,0.922406,0.842660,0.922406,0.842660,85,47,64,44,0,0,0,0,394,222,206,141
2026/02/04/17:49:01,6832.345937,0.922406,0.842660,0.922406,0.842660,85,47,64,44,0,0,0,0,394,222,206,141
2026/02/04/17:49:02,6833.346398,0.922406,0.842660,0.922406,0.842660,85,47,64,44,0,0,0,0,394,222,206,141
2026/02/04/17:49:03,6834.346902,0.922406,0.842660,0.922406,0.842660,85,47,64,44,0,0,0,0,394,222,206,141
2026/02/04/17:49:04,6835.347433,0.922406,0.842660,0.922406,0.842660,85,47,64,44,0,0,0,0,394,222,206,141
2026/02/04/17:49:05,6836.347961,0.922406,0.842660,0.922406,0.842660,85,47,64,44,0,0,0,0,394,222,206,141
2026/02/04/17:49:06,6837.348437,0.922406,0.842660,0.922406,0.842660,85,47,64,44,0,0,0,0,394,222,206,141
2026/02/04/17:49:07,6838.348930,0.922406,0.842660,0.922406,0.842660,85,47,64,44,0,0,0,0,394,222,206,141
2026/02/04/17:49:08,6839.353027,0.922406,0.842660,0.922406,0.842660,85,47,64,44,0,0,0,0,394,222,206,141
2026/02/04/17:49:09,6840.353492,0.922406,0.842660,0.922406,0.842660,85,47,64,44,0,0,0,0,394,222,206,141
2026/02/04/17:49:10,6841.359413,0.922406,0.842660,0.922406,0.842660,85,47,64,44,0,0,0,0,394,222,206,141
2026/02/04/17:49:11,6842.359842,0.922406,0.842660,0.922406,0.842660,85,47,64,44,0,0,0,0,394,222,206,141
2026/02/04/17:49:12,6843.360308,0.922406,0.842660,0.922406,0.842660,85,47,64,44,0,0,0,0,394,222,206,141
2026/02/04/17:49:13,6844.360753,0.922406,0.842660,0.922406,0.842660,85,47,64,44,0,0,0,0,394,222,206,141
2026/02/04/17:49:14,6845.361219,0.922406,0.842660,0.922406,0.842660,85,47,64,44,0,0,0,0,394,222,206,141
2026/02/04/17:49:15,6846.361618,0.922406,0.842660,0.922406,0.842660,85,47,64,44,0,0,0,0,394,222,206,141
2026/02/04/17:49:16,6847.362298,0.922406,0.842660,0.922406,0.842660,85,47,64,44,0,0,0,0,394,222,206,141
2026/02/04/17:49:17,6848.362767,0.922406,0.842660,0.922406,0.842660,85,47,64,44,0,0,0,0,394,222,206,141
2026/02/04/17:49:18,6849.363238,0.918406,0.836246,0.918406,0.836246,83,47,64,44,0,0,0,0,396,222,206,141
2026/02/04/17:49:19,6850.363706,0.918406,0.836246,0.918406,0.836246,83,47,64,44,0,0,0,0,396,222,206,141
2026/02/04/17:49:20,6851.364214,0.918406,0.836246,0.918406,0.836246,83,47,64,44,0,0,0,0,396,222,206,141
2026/02/04/17:49:21,6852.364711,0.918406,0.836246,0.918406,0.836246,83,47,64,44,0,0,0,0,396,222,206,141
2026/02/04/17:49:22,6853.365305,0.918406,0.836246,0.918406,0.836246,83,47,64,44,0,0,0,0,396,222,206,141
2026/02/04/17:49:23,6854.365738,0.918406,0.836246,0.918406,0.836246,83,47,64,44,0,0,0,0,396,222,206,141
2026/02/04/17:49:24,6855.366307,0.918406,0.836246,0.918406,0.836246,83,47,64,44,0,0,0,0,396,222,206,141
2026/02/04/17:49:25,6856.366756,0.918406,0.836246,0.918406,0.836246,83,47,64,44,0,0,0,0,396,222,206,141
2026/02/04/17:49:26,6857.367329,0.918406,0.836246,0.918406,0.836246,83,47,64,44,0,0,0,0,396,222,206,141
2026/02/04/17:49:27,6858.367748,0.918406,0.836246,0.918406,0.836246,83,47,64,44,0,0,0,0,396,222,206,141
2026/02/04/17:49:28,6859.368237,0.918406,0.836246,0.918406,0.836246,83,47,64,44,0,0,0,0,396,222,206,141
2026/02/04/17:49:29,6860.368669,0.918406,0.836246,0.918406,0.836246,83,47,64,44,0,0,0,0,396,222,206,141
2026/02/04/17:49:30,6861.369268,0.918406,0.836246,0.918406,0.836246,83,47,64,44,0,0,0,0,396,222,206,141
2026/02/04/17:49:31,6862.369702,0.918406,0.836246,0.918406,0.836246,83,47,64,44,0,0,0,0,396,222,206,141
2026/02/04/17:49:32,6863.370476,0.918406,0.836246,0.918406,0.836246,83,47,64,44,0,0,0,0,396,222,206,141
2026/02/04/17:49:33,6864.371134,0.918406,0.836246,0.918406,0.836246,83,47,64,44,0,0,0,0,396,222,206,141
2026/02/04/17:49:34,6865.371641,0.912687,0.822603,0.912687,0.822603,83,47,61,44,0,0,0,0,396,222,209,141
2026/02/04/17:49:35,6866.372114,0.912687,0.822603,0.912687,0.822603,83,47,61,44,0,0,0,0,396,222,209,141
2026/02/04/17:49:36,6867.372778,0.912687,0.822603,0.912687,0.822603,83,47,61,44,0,0,0,0,396,222,209,141
2026/02/04/17:49:37,6868.373290,0.912687,0.822603,0.912687,0.822603,83,47,61,44,0,0,0,0,396,222,209,141
2026/02/04/17:49:38,6869.373775,0.912687,0.822603,0.912687,0.822603,83,47,61,44,0,0,0,0,396,222,209,141
2026/02/04/17:49:39,6870.374239,0.912687,0.822603,0.912687,0.822603,83,47,61,44,0,0,0,0,396,222,209,141
2026/02/04/17:49:40,6871.374768,0.912687,0.822603,0.912687,0.822603,83,47,61,44,0,0,0,0,396,222,209,141
2026/02/04/17:49:41,6872.375374,0.912687,0.822603,0.912687,0.822603,83,47,61,44,0,0,0,0,396,222,209,141
2026/02/04/17:49:42,6873.375959,0.936937,0.856475,0.936937,0.856475,84,50,64,44,0,0,0,0,396,222,209,141
2026/02/04/17:49:43,6874.376559,0.931312,0.848844,0.931312,0.848844,84,47,64,44,0,0,0,0,396,225,209,141
2026/02/04/17:49:44,6875.377128,0.931312,0.848844,0.931312,0.848844,84,47,64,44,0,0,0,0,396,225,209,141
2026/02/04/17:49:45,6876.377648,0.931312,0.848844,0.931312,0.848844,84,47,64,44,0,0,0,0,396,225,209,141
2026/02/04/17:49:46,6877.378135,0.931312,0.848844,0.931312,0.848844,84,47,64,44,0,0,0,0,396,225,209,141
2026/02/04/17:49:47,6878.378642,0.931312,0.848844,0.931312,0.848844,84,47,64,44,0,0,0,0,396,225,209,141
2026/02/04/17:49:48,6879.379120,0.931312,0.848844,0.931312,0.848844,84,47,64,44,0,0,0,0,396,225,209,141
2026/02/04/17:49:49,6880.379640,0.931312,0.848844,0.931312,0.848844,84,47,64,44,0,0,0,0,396,225,209,141
2026/02/04/17:49:50,6881.380207,0.931312,0.848844,0.931312,0.848844,84,47,64,44,0,0,0,0,396,225,209,141
2026/02/04/17:49:51,6882.380738,0.923125,0.846180,0.923125,0.846180,83,47,64,44,0,0,0,0,397,225,209,141
2026/02/04/17:49:52,6883.381262,0.923125,0.846180,0.923125,0.846180,83,47,64,44,0,0,0,0,397,225,209,141
2026/02/04/17:49:53,6884.381753,0.939281,0.864101,0.939281,0.864101,83,48,64,45,0,0,0,0,400,225,209,141
2026/02/04/17:49:54,6885.382374,0.939281,0.864101,0.939281,0.864101,83,48,64,45,0,0,0,0,400,225,209,141
2026/02/04/17:49:55,6886.382929,0.939281,0.864101,0.939281,0.864101,83,48,64,45,0,0,0,0,400,225,209,141
2026/02/04/17:49:56,6887.383503,0.939281,0.864101,0.939281,0.864101,83,48,64,45,0,0,0,0,400,225,209,141
2026/02/04/17:49:57,6888.384163,0.939281,0.864101,0.939281,0.864101,83,48,64,45,0,0,0,0,400,225,209,141
2026/02/04/17:49:58,6889.384899,0.939281,0.864101,0.939281,0.864101,83,48,64,45,0,0,0,0,400,225,209,141
2026/02/04/17:49:59,6890.385177,0.926156,0.854566,0.926156,0.854566,83,48,64,44,0,0,0,0,400,225,209,142
2026/02/04/17:50:00,6891.385711,0.926156,0.854566,0.926156,0.854566,83,48,64,44,0,0,0,0,400,225,209,142
2026/02/04/17:50:01,6892.386120,0.926156,0.854566,0.926156,0.854566,83,48,64,44,0,0,0,0,400,225,209,142
2026/02/04/17:50:02,6893.386881,0.926156,0.854566,0.926156,0.854566,83,48,64,44,0,0,0,0,400,225,209,142
2026/02/04/17:50:03,6894.387525,0.926156,0.854566,0.926156,0.854566,83,48,64,44,0,0,0,0,400,225,209,142
2026/02/04/17:50:04,6895.388095,0.926156,0.854566,0.926156,0.854566,83,48,64,44,0,0,0,0,400,225,209,142
2026/02/04/17:50:05,6896.388686,0.926156,0.854566,0.926156,0.854566,83,48,64,44,0,0,0,0,400,225,209,142
2026/02/04/17:50:06,6897.389143,0.926156,0.854566,0.926156,0.854566,83,48,64,44,0,0,0,0,400,225,209,142
2026/02/04/17:50:07,6898.389759,0.926156,0.854566,0.926156,0.854566,83,48,64,44,0,0,0,0,400,225,209,142
2026/02/04/17:50:08,6899.390302,0.926156,0.854566,0.926156,0.854566,83,48,64,44,0,0,0,0,400,225,209,142
2026/02/04/17:50:09,6900.390779,0.926156,0.854566,0.926156,0.854566,83,48,64,44,0,0,0,0,400,225,209,142
2026/02/04/17:50:10,6901.391334,0.926156,0.854566,0.926156,0.854566,83,48,64,44,0,0,0,0,400,225,209,142
2026/02/04/17:50:11,6902.391789,0.926156,0.854566,0.926156,0.854566,83,48,64,44,0,0,0,0,400,225,209,142
2026/02/04/17:50:12,6903.392280,0.926156,0.854566,0.926156,0.854566,83,48,64,44,0,0,0,0,400,225,209,142
2026/02/04/17:50:13,6904.392681,0.926156,0.854566,0.926156,0.854566,83,48,64,44,0,0,0,0,400,225,209,142
2026/02/04/17:50:14,6905.393197,0.926156,0.854566,0.926156,0.854566,83,48,64,44,0,0,0,0,400,225,209,142
2026/02/04/17:50:15,6906.395617,0.926156,0.854566,0.926156,0.854566,83,48,64,44,0,0,0,0,400,225,209,142
2026/02/04/17:50:16,6907.396168,0.926156,0.854566,0.926156,0.854566,83,48,64,44,0,0,0,0,400,225,209,142
2026/02/04/17:50:17,6908.397140,0.926156,0.854566,0.926156,0.854566,83,48,64,44,0,0,0,0,400,225,209,142
2026/02/04/17:50:18,6909.397567,0.926156,0.854566,0.926156,0.854566,83,48,64,44,0,0,0,0,400,225,209,142
2026/02/04/17:50:19,6910.398050,0.926156,0.854566,0.926156,0.854566,83,48,64,44,0,0,0,0,400,225,209,142
2026/02/04/17:50:20,6911.398500,0.926156,0.854566,0.926156,0.854566,83,48,64,44,0,0,0,0,400,225,209,142
2026/02/04/17:50:21,6912.398964,0.926156,0.854566,0.926156,0.854566,83,48,64,44,0,0,0,0,400,225,209,142
2026/02/04/17:50:22,6913.399686,0.926156,0.854566,0.926156,0.854566,83,48,64,44,0,0,0,0,400,225,209,142
2026/02/04/17:50:23,6914.400155,0.926156,0.854566,0.926156,0.854566,83,48,64,44,0,0,0,0,400,225,209,142
2026/02/04/17:50:24,6915.400613,0.926156,0.854566,0.926156,0.854566,83,48,64,44,0,0,0,0,400,225,209,142
2026/02/04/17:50:25,6916.401211,0.926156,0.854566,0.926156,0.854566,83,48,64,44,0,0,0,0,400,225,209,142
2026/02/04/17:50:26,6917.401908,0.926156,0.854566,0.926156,0.854566,83,48,64,44,0,0,0,0,400,225,209,142
2026/02/04/17:50:27,6918.402550,0.926156,0.854566,0.926156,0.854566,83,48,64,44,0,0,0,0,400,225,209,142
2026/02/04/17:50:28,6919.403153,0.926156,0.854566,0.926156,0.854566,83,48,64,44,0,0,0,0,400,225,209,142
2026/02/04/17:50:29,6920.403595,0.926156,0.854566,0.926156,0.854566,83,48,64,44,0,0,0,0,400,225,209,142
2026/02/04/17:50:30,6921.404108,0.926156,0.854566,0.926156,0.854566,83,48,64,44,0,0,0,0,400,225,209,142
2026/02/04/17:50:31,6922.404549,0.926156,0.854566,0.926156,0.854566,83,48,64,44,0,0,0,0,400,225,209,142
2026/02/04/17:50:32,6923.405113,0.926156,0.854566,0.926156,0.854566,83,48,64,44,0,0,0,0,400,225,209,142
2026/02/04/17:50:33,6924.405562,0.926156,0.854566,0.926156,0.854566,83,48,64,44,0,0,0,0,400,225,209,142
2026/02/04/17:50:34,6925.406145,0.926156,0.854566,0.926156,0.854566,83,48,64,44,0,0,0,0,400,225,209,142
2026/02/04/17:50:35,6926.406735,0.926156,0.854566,0.926156,0.854566,83,48,64,44,0,0,0,0,400,225,209,142
2026/02/04/17:50:36,6927.407133,0.926156,0.854566,0.926156,0.854566,83,48,64,44,0,0,0,0,400,225,209,142
2026/02/04/17:50:37,6928.407591,0.926156,0.854566,0.926156,0.854566,83,48,64,44,0,0,0,0,400,225,209,142
2026/02/04/17:50:38,6929.408126,0.926156,0.854566,0.926156,0.854566,83,48,64,44,0,0,0,0,400,225,209,142
2026/02/04/17:50:39,6930.408651,0.926156,0.854566,0.926156,0.854566,83,48,64,44,0,0,0,0,400,225,209,142
2026/02/04/17:50:40,6931.409203,0.926156,0.854566,0.926156,0.854566,83,48,64,44,0,0,0,0,400,225,209,142
2026/02/04/17:50:41,6932.409710,0.926156,0.854566,0.926156,0.854566,83,48,64,44,0,0,0,0,400,225,209,142
2026/02/04/17:50:42,6933.410123,0.926156,0.854566,0.926156,0.854566,83,48,64,44,0,0,0,0,400,225,209,142
2026/02/04/17:50:43,6934.410695,0.926156,0.854566,0.926156,0.854566,83,48,64,44,0,0,0,0,400,225,209,142
2026/02/04/17:50:44,6935.411116,0.926156,0.854566,0.926156,0.854566,83,48,64,44,0,0,0,0,400,225,209,142
2026/02/04/17:50:45,6936.411557,0.926156,0.854566,0.926156,0.854566,83,48,64,44,0,0,0,0,400,225,209,142
2026/02/04/17:50:46,6937.412039,0.926156,0.854566,0.926156,0.854566,83,48,64,44,0,0,0,0,400,225,209,142
2026/02/04/17:50:47,6938.412623,0.921094,0.840095,0.921094,0.840095,81,48,64,44,0,0,0,0,402,225,209,142
2026/02/04/17:50:48,6939.415773,0.921094,0.840095,0.921094,0.840095,81,48,64,44,0,0,0,0,402,225,209,142
2026/02/04/17:50:49,6940.416144,0.921094,0.840095,0.921094,0.840095,81,48,64,44,0,0,0,0,402,225,209,142
2026/02/04/17:50:50,6941.420847,0.921094,0.840095,0.921094,0.840095,81,48,64,44,0,0,0,0,402,225,209,142
2026/02/04/17:50:51,6942.421474,0.921094,0.840095,0.921094,0.840095,81,48,64,44,0,0,0,0,402,225,209,142
2026/02/04/17:50:52,6943.421961,0.921094,0.840095,0.921094,0.840095,81,48,64,44,0,0,0,0,402,225,209,142
2026/02/04/17:50:53,6944.422596,0.921094,0.840095,0.921094,0.840095,81,48,64,44,0,0,0,0,402,225,209,142
2026/02/04/17:50:54,6945.423119,0.921094,0.840095,0.921094,0.840095,81,48,64,44,0,0,0,0,402,225,209,142
2026/02/04/17:50:55,6946.423763,0.921094,0.840095,0.921094,0.840095,81,48,64,44,0,0,0,0,402,225,209,142
2026/02/04/17:50:56,6947.424271,0.921094,0.840095,0.921094,0.840095,81,48,64,44,0,0,0,0,402,225,209,142
2026/02/04/17:50:57,6948.425115,0.921094,0.840095,0.921094,0.840095,81,48,64,44,0,0,0,0,402,225,209,142
2026/02/04/17:50:58,6949.425671,0.921094,0.840095,0.921094,0.840095,81,48,64,44,0,0,0,0,402,225,209,142
2026/02/04/17:50:59,6950.426095,0.921094,0.840095,0.921094,0.840095,81,48,64,44,0,0,0,0,402,225,209,142
2026/02/04/17:51:00,6951.426706,0.921094,0.840095,0.921094,0.840095,81,48,64,44,0,0,0,0,402,225,209,142
2026/02/04/17:51:01,6952.427398,0.921094,0.840095,0.921094,0.840095,81,48,64,44,0,0,0,0,402,225,209,142
2026/02/04/17:51:02,6953.427864,0.921094,0.840095,0.921094,0.840095,81,48,64,44,0,0,0,0,402,225,209,142
2026/02/04/17:51:03,6954.428403,0.921094,0.840095,0.921094,0.840095,81,48,64,44,0,0,0,0,402,225,209,142
2026/02/04/17:51:04,6955.428855,0.921094,0.840095,0.921094,0.840095,81,48,64,44,0,0,0,0,402,225,209,142
2026/02/04/17:51:05,6956.429322,0.921094,0.840095,0.921094,0.840095,81,48,64,44,0,0,0,0,402,225,209,142
2026/02/04/17:51:06,6957.429917,0.921094,0.840095,0.921094,0.840095,81,48,64,44,0,0,0,0,402,225,209,142
2026/02/04/17:51:07,6958.430561,0.921094,0.840095,0.921094,0.840095,81,48,64,44,0,0,0,0,402,225,209,142
2026/02/04/17:51:08,6959.431222,0.921094,0.840095,0.921094,0.840095,81,48,64,44,0,0,0,0,402,225,209,142
2026/02/04/17:51:09,6960.431873,0.921094,0.840095,0.921094,0.840095,81,48,64,44,0,0,0,0,402,225,209,142
2026/02/04/17:51:10,6961.432350,0.921094,0.840095,0.921094,0.840095,81,48,64,44,0,0,0,0,402,225,209,142
2026/02/04/17:51:11,6962.433254,0.921094,0.840095,0.921094,0.840095,81,48,64,44,0,0,0,0,402,225,209,142
2026/02/04/17:51:12,6963.433790,0.921094,0.840095,0.921094,0.840095,81,48,64,44,0,0,0,0,402,225,209,142
2026/02/04/17:51:13,6964.434378,0.921094,0.840095,0.921094,0.840095,81,48,64,44,0,0,0,0,402,225,209,142
2026/02/04/17:51:14,6965.435044,0.921094,0.840095,0.921094,0.840095,81,48,64,44,0,0,0,0,402,225,209,142
2026/02/04/17:51:15,6966.435626,0.921094,0.840095,0.921094,0.840095,81,48,64,44,0,0,0,0,402,225,209,142
2026/02/04/17:51:16,6967.436258,0.921094,0.840095,0.921094,0.840095,81,48,64,44,0,0,0,0,402,225,209,142
2026/02/04/17:51:17,6968.436798,0.921094,0.840095,0.921094,0.840095,81,48,64,44,0,0,0,0,402,225,209,142
2026/02/04/17:51:18,6969.437425,0.921094,0.840095,0.921094,0.840095,81,48,64,44,0,0,0,0,402,225,209,142
2026/02/04/17:51:19,6970.437968,0.921094,0.840095,0.921094,0.840095,81,48,64,44,0,0,0,0,402,225,209,142
2026/02/04/17:51:20,6971.438443,0.921094,0.840095,0.921094,0.840095,81,48,64,44,0,0,0,0,402,225,209,142
2026/02/04/17:51:21,6972.438993,0.921094,0.840095,0.921094,0.840095,81,48,64,44,0,0,0,0,402,225,209,142
2026/02/04/17:51:22,6973.439547,0.921094,0.840095,0.921094,0.840095,81,48,64,44,0,0,0,0,402,225,209,142
2026/02/04/17:51:23,6974.440125,0.921094,0.840095,0.921094,0.840095,81,48,64,44,0,0,0,0,402,225,209,142
2026/02/04/17:51:24,6975.440632,0.921094,0.840095,0.921094,0.840095,81,48,64,44,0,0,0,0,402,225,209,142
2026/02/04/17:51:25,6976.441140,0.921094,0.840095,0.921094,0.840095,81,48,64,44,0,0,0,0,402,225,209,142
2026/02/04/17:51:26,6977.441644,0.921094,0.840095,0.921094,0.840095,81,48,64,44,0,0,0,0,402,225,209,142
2026/02/04/17:51:27,6978.442369,0.921094,0.840095,0.921094,0.840095,81,48,64,44,0,0,0,0,402,225,209,142
2026/02/04/17:51:28,6979.442847,0.921094,0.840095,0.921094,0.840095,81,48,64,44,0,0,0,0,402,225,209,142
2026/02/04/17:51:29,6980.443313,0.921094,0.840095,0.921094,0.840095,81,48,64,44,0,0,0,0,402,225,209,142
2026/02/04/17:51:30,6981.444090,0.921094,0.840095,0.921094,0.840095,81,48,64,44,0,0,0,0,402,225,209,142
2026/02/04/17:51:31,6982.444850,0.921094,0.840095,0.921094,0.840095,81,48,64,44,0,0,0,0,402,225,209,142
2026/02/04/17:51:32,6983.445474,0.921094,0.840095,0.921094,0.840095,81,48,64,44,0,0,0,0,402,225,209,142
2026/02/04/17:51:33,6984.446021,0.921094,0.840095,0.921094,0.840095,81,48,64,44,0,0,0,0,402,225,209,142
2026/02/04/17:51:34,6985.446620,0.921094,0.840095,0.921094,0.840095,81,48,64,44,0,0,0,0,402,225,209,142
2026/02/04/17:51:35,6986.447161,0.921094,0.840095,0.921094,0.840095,81,48,64,44,0,0,0,0,402,225,209,142
2026/02/04/17:51:36,6987.447764,0.921094,0.840095,0.921094,0.840095,81,48,64,44,0,0,0,0,402,225,209,142
2026/02/04/17:51:37,6988.448432,0.921094,0.840095,0.921094,0.840095,81,48,64,44,0,0,0,0,402,225,209,142
2026/02/04/17:51:38,6989.449150,0.921094,0.840095,0.921094,0.840095,81,48,64,44,0,0,0,0,402,225,209,142
2026/02/04/17:51:39,6990.449602,0.921094,0.840095,0.921094,0.840095,81,48,64,44,0,0,0,0,402,225,209,142
2026/02/04/17:51:40,6991.450230,0.921094,0.840095,0.921094,0.840095,81,48,64,44,0,0,0,0,402,225,209,142
2026/02/04/17:51:41,6992.450823,0.921094,0.840095,0.921094,0.840095,81,48,64,44,0,0,0,0,402,225,209,142
2026/02/04/17:51:42,6993.451456,0.917844,0.831725,0.917844,0.831725,81,48,64,42,0,0,0,0,402,225,209,144
2026/02/04/17:51:43,6994.452260,0.917844,0.831725,0.917844,0.831725,81,48,64,42,0,0,0,0,402,225,209,144
2026/02/04/17:51:44,6995.452996,0.917844,0.831725,0.917844,0.831725,81,48,64,42,0,0,0,0,402,225,209,144
2026/02/04/17:51:45,6996.453445,0.932656,0.836495,0.943719,0.838560,83,48,64,42,1,0,0,0,402,225,209,144
2026/02/04/17:51:46,6997.453984,0.932656,0.836495,0.943719,0.838560,83,48,64,42,1,0,0,0,402,225,209,144
2026/02/04/17:51:47,6998.454483,0.932656,0.836495,0.943719,0.838560,83,48,64,42,1,0,0,0,402,225,209,144
2026/02/04/17:51:48,6999.455022,0.932656,0.836495,0.943719,0.838560,83,48,64,42,1,0,0,0,402,225,209,144
2026/02/04/17:51:49,7000.455554,0.935219,0.840329,0.946281,0.842394,83,48,65,42,1,0,0,0,402,225,209,144
2026/02/04/17:51:50,7001.456083,0.935219,0.840329,0.946281,0.842394,83,48,65,42,1,0,0,0,402,225,209,144
2026/02/04/17:51:51,7002.456616,0.927063,0.847869,0.967969,0.856021,80,51,66,42,4,0,0,0,405,225,209,144
2026/02/04/17:51:52,7003.457101,0.924500,0.844035,0.965406,0.852187,80,51,65,42,4,0,0,0,405,225,210,144
2026/02/04/17:51:53,7004.457668,0.922687,0.839331,0.963594,0.847484,80,51,64,42,4,0,0,0,405,225,211,144
2026/02/04/17:51:54,7005.458266,0.922687,0.839331,0.963594,0.847484,80,51,64,42,4,0,0,0,405,225,211,144
2026/02/04/17:51:55,7006.458822,0.922687,0.839331,0.963594,0.847484,80,51,64,42,4,0,0,0,405,225,211,144
2026/02/04/17:51:56,7007.459384,0.922687,0.839331,0.963594,0.847484,80,51,64,42,4,0,0,0,405,225,211,144
2026/02/04/17:51:57,7008.459856,0.922687,0.839331,0.963594,0.847484,80,51,64,42,4,0,0,0,405,225,211,144
2026/02/04/17:51:58,7009.460302,0.922687,0.839331,0.963594,0.847484,80,51,64,42,4,0,0,0,405,225,211,144
2026/02/04/17:51:59,7010.460645,0.922687,0.839331,0.963594,0.847484,80,51,64,42,4,0,0,0,405,225,211,144
2026/02/04/17:52:00,7011.461135,0.922687,0.839331,0.963594,0.847484,80,51,64,42,4,0,0,0,405,225,211,144
2026/02/04/17:52:01,7012.461675,0.922687,0.839331,0.963594,0.847484,80,51,64,42,4,0,0,0,405,225,211,144
2026/02/04/17:52:02,7013.462211,0.922687,0.839331,0.963594,0.847484,80,51,64,42,4,0,0,0,405,225,211,144
2026/02/04/17:52:03,7014.462793,0.922687,0.839331,0.963594,0.847484,80,51,64,42,4,0,0,0,405,225,211,144
2026/02/04/17:52:04,7015.463518,0.922687,0.839331,0.963594,0.847484,80,51,64,42,4,0,0,0,405,225,211,144
2026/02/04/17:52:05,7016.464067,0.922687,0.839331,0.963594,0.847484,80,51,64,42,4,0,0,0,405,225,211,144
2026/02/04/17:52:06,7017.464632,0.922687,0.839331,0.963594,0.847484,80,51,64,42,4,0,0,0,405,225,211,144
2026/02/04/17:52:07,7018.465117,0.922687,0.839331,0.963594,0.847484,80,51,64,42,4,0,0,0,405,225,211,144
2026/02/04/17:52:08,7019.465606,0.922687,0.839331,0.963594,0.847484,80,51,64,42,4,0,0,0,405,225,211,144
2026/02/04/17:52:09,7020.466046,0.922687,0.839331,0.963594,0.847484,80,51,64,42,4,0,0,0,405,225,211,144
2026/02/04/17:52:10,7021.466491,0.922687,0.839331,0.963594,0.847484,80,51,64,42,4,0,0,0,405,225,211,144
2026/02/04/17:52:11,7022.467020,0.922687,0.839331,0.963594,0.847484,80,51,64,42,4,0,0,0,405,225,211,144
2026/02/04/17:52:12,7023.467518,0.922687,0.839331,0.963594,0.847484,80,51,64,42,4,0,0,0,405,225,211,144
2026/02/04/17:52:13,7024.468084,0.922687,0.839331,0.963594,0.847484,80,51,64,42,4,0,0,0,405,225,211,144
2026/02/04/17:52:14,7025.469335,0.922687,0.839331,0.963594,0.847484,80,51,64,42,4,0,0,0,405,225,211,144
2026/02/04/17:52:15,7026.469616,0.922687,0.839331,0.963594,0.847484,80,51,64,42,4,0,0,0,405,225,211,144
2026/02/04/17:52:16,7027.470167,0.922687,0.839331,0.963594,0.847484,80,51,64,42,4,0,0,0,405,225,211,144
2026/02/04/17:52:17,7028.470541,0.922687,0.839331,0.963594,0.847484,80,51,64,42,4,0,0,0,405,225,211,144
2026/02/04/17:52:18,7029.470843,0.922687,0.839331,0.963594,0.847484,80,51,64,42,4,0,0,0,405,225,211,144
2026/02/04/17:52:19,7031.040718,0.922687,0.839331,0.963594,0.847484,80,51,64,42,4,0,0,0,405,225,211,144
2026/02/04/17:52:21,7032.597825,0.922687,0.839331,0.963594,0.847484,80,51,64,42,4,0,0,0,405,225,211,144
2026/02/04/17:52:23,7034.288000,0.927687,0.835518,0.963594,0.847484,79,51,64,42,5,0,0,0,412,225,211,144
2026/02/04/17:52:24,7035.288742,0.963594,0.847484,0.963594,0.847484,84,51,64,42,0,0,0,0,412,225,211,144
2026/02/04/17:52:25,7036.296387,0.963594,0.847484,0.963594,0.847484,84,51,64,42,0,0,0,0,412,225,211,144
2026/02/04/17:52:26,7037.296876,0.963594,0.847484,0.963594,0.847484,84,51,64,42,0,0,0,0,412,225,211,144
2026/02/04/17:52:27,7038.297432,0.963594,0.847484,0.963594,0.847484,84,51,64,42,0,0,0,0,412,225,211,144
2026/02/04/17:52:28,7039.298054,0.963594,0.847484,0.963594,0.847484,84,51,64,42,0,0,0,0,412,225,211,144
2026/02/04/17:52:29,7040.298653,0.963594,0.847484,0.963594,0.847484,84,51,64,42,0,0,0,0,412,225,211,144
2026/02/04/17:52:30,7041.298969,0.963594,0.847484,0.963594,0.847484,84,51,64,42,0,0,0,0,412,225,211,144
2026/02/04/17:52:31,7042.299518,0.954531,0.844081,0.954531,0.844081,82,51,64,42,0,0,0,0,414,225,211,144
2026/02/04/17:52:32,7043.299984,0.954531,0.844081,0.954531,0.844081,82,51,64,42,0,0,0,0,414,225,211,144
2026/02/04/17:52:33,7044.309066,0.954531,0.844081,0.954531,0.844081,82,51,64,42,0,0,0,0,414,225,211,144
2026/02/04/17:52:34,7045.309818,0.954531,0.844081,0.954531,0.844081,82,51,64,42,0,0,0,0,414,225,211,144
2026/02/04/17:52:35,7046.310413,0.954531,0.844081,0.954531,0.844081,82,51,64,42,0,0,0,0,414,225,211,144
2026/02/04/17:52:36,7047.311009,0.954531,0.844081,0.954531,0.844081,82,51,64,42,0,0,0,0,414,225,211,144
2026/02/04/17:52:37,7048.311617,0.954531,0.844081,0.954531,0.844081,82,51,64,42,0,0,0,0,414,225,211,144
2026/02/04/17:52:38,7049.312087,0.954531,0.844081,0.954531,0.844081,82,51,64,42,0,0,0,0,414,225,211,144
2026/02/04/17:52:39,7050.312625,0.954531,0.844081,0.954531,0.844081,82,51,64,42,0,0,0,0,414,225,211,144
2026/02/04/17:52:40,7051.313230,0.954531,0.844081,0.954531,0.844081,82,51,64,42,0,0,0,0,414,225,211,144
2026/02/04/17:52:41,7052.313869,0.954531,0.844081,0.954531,0.844081,82,51,64,42,0,0,0,0,414,225,211,144
2026/02/04/17:52:42,7053.314514,0.954531,0.844081,0.954531,0.844081,82,51,64,42,0,0,0,0,414,225,211,144
2026/02/04/17:52:43,7054.315039,0.954531,0.844081,0.954531,0.844081,82,51,64,42,0,0,0,0,414,225,211,144
2026/02/04/17:52:44,7055.315525,0.954531,0.844081,0.954531,0.844081,82,51,64,42,0,0,0,0,414,225,211,144
2026/02/04/17:52:45,7056.316003,0.954531,0.844081,0.954531,0.844081,82,51,64,42,0,0,0,0,414,225,211,144
2026/02/04/17:52:46,7057.316431,0.954531,0.844081,0.954531,0.844081,82,51,64,42,0,0,0,0,414,225,211,144
2026/02/04/17:52:47,7058.316924,0.954531,0.844081,0.954531,0.844081,82,51,64,42,0,0,0,0,414,225,211,144
2026/02/04/17:52:48,7059.317467,0.954531,0.844081,0.954531,0.844081,82,51,64,42,0,0,0,0,414,225,211,144
2026/02/04/17:52:49,7060.318063,0.932406,0.839951,0.932406,0.839951,80,51,64,42,0,0,0,0,416,225,211,144
2026/02/04/17:52:50,7061.318540,0.932406,0.839951,0.932406,0.839951,80,51,64,42,0,0,0,0,416,225,211,144
2026/02/04/17:52:51,7062.319253,0.932406,0.839951,0.932406,0.839951,80,51,64,42,0,0,0,0,416,225,211,144
2026/02/04/17:52:52,7063.319678,0.932406,0.839951,0.932406,0.839951,80,51,64,42,0,0,0,0,416,225,211,144
2026/02/04/17:52:53,7064.320274,0.932406,0.839951,0.932406,0.839951,80,51,64,42,0,0,0,0,416,225,211,144
2026/02/04/17:52:54,7065.320775,0.932406,0.839951,0.932406,0.839951,80,51,64,42,0,0,0,0,416,225,211,144
2026/02/04/17:52:55,7066.321263,0.932406,0.839951,0.932406,0.839951,80,51,64,42,0,0,0,0,416,225,211,144
2026/02/04/17:52:56,7067.321711,0.932406,0.839951,0.932406,0.839951,80,51,64,42,0,0,0,0,416,225,211,144
2026/02/04/17:52:57,7068.322131,0.932406,0.839951,0.932406,0.839951,80,51,64,42,0,0,0,0,416,225,211,144
2026/02/04/17:52:58,7069.322684,0.932406,0.839951,0.932406,0.839951,80,51,64,42,0,0,0,0,416,225,211,144
2026/02/04/17:52:59,7070.323146,0.932406,0.839951,0.932406,0.839951,80,51,64,42,0,0,0,0,416,225,211,144
2026/02/04/17:53:00,7071.323542,0.932406,0.839951,0.932406,0.839951,80,51,64,42,0,0,0,0,416,225,211,144
2026/02/04/17:53:01,7072.324352,0.932406,0.839951,0.932406,0.839951,80,51,64,42,0,0,0,0,416,225,211,144
2026/02/04/17:53:02,7073.324905,0.932406,0.839951,0.932406,0.839951,80,51,64,42,0,0,0,0,416,225,211,144
2026/02/04/17:53:03,7074.325475,0.932406,0.839951,0.932406,0.839951,80,51,64,42,0,0,0,0,416,225,211,144
2026/02/04/17:53:04,7075.325967,0.932406,0.839951,0.932406,0.839951,80,51,64,42,0,0,0,0,416,225,211,144
2026/02/04/17:53:05,7076.326551,0.932406,0.839951,0.932406,0.839951,80,51,64,42,0,0,0,0,416,225,211,144
2026/02/04/17:53:06,7077.327188,0.932406,0.839951,0.932406,0.839951,80,51,64,42,0,0,0,0,416,225,211,144
2026/02/04/17:53:07,7078.327771,0.932406,0.839951,0.932406,0.839951,80,51,64,42,0,0,0,0,416,225,211,144
2026/02/04/17:53:08,7079.328397,0.932406,0.839951,0.932406,0.839951,80,51,64,42,0,0,0,0,416,225,211,144
2026/02/04/17:53:09,7080.328822,0.932406,0.839951,0.932406,0.839951,80,51,64,42,0,0,0,0,416,225,211,144
2026/02/04/17:53:10,7081.329353,0.932406,0.839951,0.932406,0.839951,80,51,64,42,0,0,0,0,416,225,211,144
2026/02/04/17:53:11,7082.329965,0.932406,0.839951,0.932406,0.839951,80,51,64,42,0,0,0,0,416,225,211,144
2026/02/04/17:53:12,7083.330490,0.932406,0.839951,0.932406,0.839951,80,51,64,42,0,0,0,0,416,225,211,144
2026/02/04/17:53:13,7084.331150,0.932406,0.839951,0.932406,0.839951,80,51,64,42,0,0,0,0,416,225,211,144
2026/02/04/17:53:14,7085.331767,0.932406,0.839951,0.932406,0.839951,80,51,64,42,0,0,0,0,416,225,211,144
2026/02/04/17:53:15,7086.332242,0.932406,0.839951,0.932406,0.839951,80,51,64,42,0,0,0,0,416,225,211,144
2026/02/04/17:53:16,7087.332861,0.932406,0.839951,0.932406,0.839951,80,51,64,42,0,0,0,0,416,225,211,144
2026/02/04/17:53:17,7088.333369,0.932406,0.839951,0.932406,0.839951,80,51,64,42,0,0,0,0,416,225,211,144
2026/02/04/17:53:18,7089.333872,0.932406,0.839951,0.932406,0.839951,80,51,64,42,0,0,0,0,416,225,211,144
2026/02/04/17:53:19,7090.334349,0.932406,0.839951,0.932406,0.839951,80,51,64,42,0,0,0,0,416,225,211,144
2026/02/04/17:53:20,7091.334852,0.932406,0.839951,0.932406,0.839951,80,51,64,42,0,0,0,0,416,225,211,144
2026/02/04/17:53:21,7092.335436,0.932406,0.839951,0.932406,0.839951,80,51,64,42,0,0,0,0,416,225,211,144
2026/02/04/17:53:22,7093.336182,0.932406,0.839951,0.932406,0.839951,80,51,64,42,0,0,0,0,416,225,211,144
2026/02/04/17:53:23,7094.336835,0.932406,0.839951,0.932406,0.839951,80,51,64,42,0,0,0,0,416,225,211,144
2026/02/04/17:53:24,7095.337313,0.932406,0.839951,0.932406,0.839951,80,51,64,42,0,0,0,0,416,225,211,144
2026/02/04/17:53:25,7096.337882,0.932406,0.839951,0.932406,0.839951,80,51,64,42,0,0,0,0,416,225,211,144
2026/02/04/17:53:26,7097.338580,0.932406,0.839951,0.932406,0.839951,80,51,64,42,0,0,0,0,416,225,211,144
2026/02/04/17:53:27,7098.339229,0.932406,0.839951,0.932406,0.839951,80,51,64,42,0,0,0,0,416,225,211,144
2026/02/04/17:53:28,7099.339884,0.932406,0.839951,0.932406,0.839951,80,51,64,42,0,0,0,0,416,225,211,144
2026/02/04/17:53:29,7100.340499,0.932406,0.839951,0.932406,0.839951,80,51,64,42,0,0,0,0,416,225,211,144
2026/02/04/17:53:30,7101.340868,0.932406,0.839951,0.932406,0.839951,80,51,64,42,0,0,0,0,416,225,211,144
2026/02/04/17:53:31,7102.342170,0.932406,0.839951,0.932406,0.839951,80,51,64,42,0,0,0,0,416,225,211,144
2026/02/04/17:53:32,7103.342791,0.932406,0.839951,0.932406,0.839951,80,51,64,42,0,0,0,0,416,225,211,144
2026/02/04/17:53:33,7104.343391,0.932406,0.839951,0.932406,0.839951,80,51,64,42,0,0,0,0,416,225,211,144
2026/02/04/17:53:34,7105.343909,0.932406,0.839951,0.932406,0.839951,80,51,64,42,0,0,0,0,416,225,211,144
2026/02/04/17:53:35,7106.344441,0.932406,0.839951,0.932406,0.839951,80,51,64,42,0,0,0,0,416,225,211,144
2026/02/04/17:53:36,7107.344897,0.932406,0.839951,0.932406,0.839951,80,51,64,42,0,0,0,0,416,225,211,144
2026/02/04/17:53:37,7108.345431,0.932406,0.839951,0.932406,0.839951,80,51,64,42,0,0,0,0,416,225,211,144
2026/02/04/17:53:38,7109.345972,0.932406,0.839951,0.932406,0.839951,80,51,64,42,0,0,0,0,416,225,211,144
2026/02/04/17:53:39,7110.346467,0.932406,0.839951,0.932406,0.839951,80,51,64,42,0,0,0,0,416,225,211,144
2026/02/04/17:53:40,7111.346930,0.932406,0.839951,0.932406,0.839951,80,51,64,42,0,0,0,0,416,225,211,144
2026/02/04/17:53:41,7112.347493,0.924250,0.825527,0.924250,0.825527,80,48,64,42,0,0,0,0,416,228,211,144
2026/02/04/17:53:42,7113.348056,0.924250,0.825527,0.924250,0.825527,80,48,64,42,0,0,0,0,416,228,211,144
2026/02/04/17:53:43,7114.348692,0.924250,0.825527,0.924250,0.825527,80,48,64,42,0,0,0,0,416,228,211,144
2026/02/04/17:53:44,7115.349288,0.922625,0.822303,0.922625,0.822303,79,48,64,42,0,0,0,0,417,228,211,144
2026/02/04/17:53:45,7116.349975,0.922625,0.822303,0.922625,0.822303,79,48,64,42,0,0,0,0,417,228,211,144
2026/02/04/17:53:46,7117.350640,0.922625,0.822303,0.922625,0.822303,79,48,64,42,0,0,0,0,417,228,211,144
2026/02/04/17:53:47,7118.351105,0.922625,0.822303,0.922625,0.822303,79,48,64,42,0,0,0,0,417,228,211,144
2026/02/04/17:53:48,7119.351816,0.922625,0.822303,0.922625,0.822303,79,48,64,42,0,0,0,0,417,228,211,144
2026/02/04/17:53:49,7120.352450,0.922625,0.822303,0.922625,0.822303,79,48,64,42,0,0,0,0,417,228,211,144
2026/02/04/17:53:50,7121.353036,0.922625,0.822303,0.922625,0.822303,79,48,64,42,0,0,0,0,417,228,211,144
2026/02/04/17:53:51,7122.353696,0.922625,0.822303,0.922625,0.822303,79,48,64,42,0,0,0,0,417,228,211,144
2026/02/04/17:53:52,7123.354328,0.922625,0.822303,0.922625,0.822303,79,48,64,42,0,0,0,0,417,228,211,144
2026/02/04/17:53:53,7124.354927,0.915875,0.820283,0.915875,0.820283,79,48,64,41,0,0,0,0,417,228,211,145
2026/02/04/17:53:54,7125.355495,0.915875,0.820283,0.915875,0.820283,79,48,64,41,0,0,0,0,417,228,211,145
2026/02/04/17:53:55,7126.356053,0.915875,0.820283,0.915875,0.820283,79,48,64,41,0,0,0,0,417,228,211,145
2026/02/04/17:53:56,7127.356696,0.915875,0.820283,0.915875,0.820283,79,48,64,41,0,0,0,0,417,228,211,145
2026/02/04/17:53:57,7128.357226,0.915875,0.820283,0.915875,0.820283,79,48,64,41,0,0,0,0,417,228,211,145
2026/02/04/17:53:58,7129.357811,0.915875,0.820283,0.915875,0.820283,79,48,64,41,0,0,0,0,417,228,211,145
2026/02/04/17:53:59,7130.358486,0.915875,0.820283,0.915875,0.820283,79,48,64,41,0,0,0,0,417,228,211,145
2026/02/04/17:54:00,7131.359127,0.915875,0.820283,0.915875,0.820283,79,48,64,41,0,0,0,0,417,228,211,145
2026/02/04/17:54:01,7132.359739,0.915875,0.820283,0.915875,0.820283,79,48,64,41,0,0,0,0,417,228,211,145
2026/02/04/17:54:02,7133.360280,0.915875,0.820283,0.915875,0.820283,79,48,64,41,0,0,0,0,417,228,211,145
2026/02/04/17:54:03,7134.360935,0.915875,0.820283,0.915875,0.820283,79,48,64,41,0,0,0,0,417,228,211,145
2026/02/04/17:54:04,7135.361474,0.915875,0.820283,0.915875,0.820283,79,48,64,41,0,0,0,0,417,228,211,145
2026/02/04/17:54:05,7136.362081,0.915875,0.820283,0.915875,0.820283,79,48,64,41,0,0,0,0,417,228,211,145
2026/02/04/17:54:06,7137.362788,0.915875,0.820283,0.915875,0.820283,79,48,64,41,0,0,0,0,417,228,211,145
2026/02/04/17:54:07,7138.363408,0.915875,0.820283,0.915875,0.820283,79,48,64,41,0,0,0,0,417,228,211,145
2026/02/04/17:54:08,7139.364142,0.896000,0.811359,0.896000,0.811359,79,45,64,41,0,0,0,0,417,231,211,145
2026/02/04/17:54:09,7140.364729,0.896000,0.811359,0.896000,0.811359,79,45,64,41,0,0,0,0,417,231,211,145
2026/02/04/17:54:10,7141.365298,0.896000,0.811359,0.896000,0.811359,79,45,64,41,0,0,0,0,417,231,211,145
2026/02/04/17:54:11,7142.365978,0.896000,0.811359,0.896000,0.811359,79,45,64,41,0,0,0,0,417,231,211,145
2026/02/04/17:54:12,7143.366675,0.896000,0.811359,0.896000,0.811359,79,45,64,41,0,0,0,0,417,231,211,145
2026/02/04/17:54:13,7144.367310,0.896000,0.811359,0.896000,0.811359,79,45,64,41,0,0,0,0,417,231,211,145
2026/02/04/17:54:14,7145.367848,0.896000,0.811359,0.896000,0.811359,79,45,64,41,0,0,0,0,417,231,211,145
2026/02/04/17:54:15,7146.368468,0.896000,0.811359,0.896000,0.811359,79,45,64,41,0,0,0,0,417,231,211,145
2026/02/04/17:54:16,7147.368880,0.896000,0.811359,0.896000,0.811359,79,45,64,41,0,0,0,0,417,231,211,145
2026/02/04/17:54:17,7148.369355,0.896000,0.811359,0.896000,0.811359,79,45,64,41,0,0,0,0,417,231,211,145
2026/02/04/17:54:18,7149.369845,0.896000,0.811359,0.896000,0.811359,79,45,64,41,0,0,0,0,417,231,211,145
2026/02/04/17:54:19,7150.370283,0.896000,0.811359,0.896000,0.811359,79,45,64,41,0,0,0,0,417,231,211,145
2026/02/04/17:54:20,7151.370765,0.896000,0.811359,0.896000,0.811359,79,45,64,41,0,0,0,0,417,231,211,145
2026/02/04/17:54:21,7152.371281,0.896000,0.811359,0.896000,0.811359,79,45,64,41,0,0,0,0,417,231,211,145
2026/02/04/17:54:22,7153.371752,0.896000,0.811359,0.896000,0.811359,79,45,64,41,0,0,0,0,417,231,211,145
2026/02/04/17:54:23,7154.372302,0.896000,0.811359,0.896000,0.811359,79,45,64,41,0,0,0,0,417,231,211,145
2026/02/04/17:54:24,7155.372866,0.896000,0.811359,0.896000,0.811359,79,45,64,41,0,0,0,0,417,231,211,145
2026/02/04/17:54:25,7156.373425,0.896000,0.811359,0.896000,0.811359,79,45,64,41,0,0,0,0,417,231,211,145
2026/02/04/17:54:26,7157.373831,0.896000,0.811359,0.896000,0.811359,79,45,64,41,0,0,0,0,417,231,211,145
2026/02/04/17:54:27,7158.374293,0.896000,0.811359,0.896000,0.811359,79,45,64,41,0,0,0,0,417,231,211,145
2026/02/04/17:54:28,7159.374881,0.896000,0.811359,0.896000,0.811359,79,45,64,41,0,0,0,0,417,231,211,145
2026/02/04/17:54:29,7160.375455,0.896000,0.811359,0.896000,0.811359,79,45,64,41,0,0,0,0,417,231,211,145
2026/02/04/17:54:30,7161.375876,0.896000,0.811359,0.896000,0.811359,79,45,64,41,0,0,0,0,417,231,211,145
2026/02/04/17:54:31,7162.376331,0.896000,0.811359,0.896000,0.811359,79,45,64,41,0,0,0,0,417,231,211,145
2026/02/04/17:54:32,7163.376835,0.896000,0.811359,0.896000,0.811359,79,45,64,41,0,0,0,0,417,231,211,145
2026/02/04/17:54:33,7164.377236,0.896000,0.811359,0.896000,0.811359,79,45,64,41,0,0,0,0,417,231,211,145
2026/02/04/17:54:34,7165.377878,0.896000,0.811359,0.896000,0.811359,79,45,64,41,0,0,0,0,417,231,211,145
2026/02/04/17:54:35,7166.378455,0.896000,0.811359,0.896000,0.811359,79,45,64,41,0,0,0,0,417,231,211,145
2026/02/04/17:54:36,7167.379098,0.896000,0.811359,0.896000,0.811359,79,45,64,41,0,0,0,0,417,231,211,145
2026/02/04/17:54:37,7168.379757,0.896000,0.811359,0.896000,0.811359,79,45,64,41,0,0,0,0,417,231,211,145
2026/02/04/17:54:38,7169.380223,0.896000,0.811359,0.896000,0.811359,79,45,64,41,0,0,0,0,417,231,211,145
2026/02/04/17:54:39,7170.380713,0.896000,0.811359,0.896000,0.811359,79,45,64,41,0,0,0,0,417,231,211,145
2026/02/04/17:54:40,7171.381258,0.896000,0.811359,0.896000,0.811359,79,45,64,41,0,0,0,0,417,231,211,145
2026/02/04/17:54:41,7172.381780,0.896000,0.811359,0.896000,0.811359,79,45,64,41,0,0,0,0,417,231,211,145
2026/02/04/17:54:42,7173.382400,0.896000,0.811359,0.896000,0.811359,79,45,64,41,0,0,0,0,417,231,211,145
2026/02/04/17:54:43,7174.382899,0.896000,0.811359,0.896000,0.811359,79,45,64,41,0,0,0,0,417,231,211,145
2026/02/04/17:54:44,7175.383379,0.896000,0.811359,0.896000,0.811359,79,45,64,41,0,0,0,0,417,231,211,145
2026/02/04/17:54:45,7176.383901,0.896000,0.811359,0.896000,0.811359,79,45,64,41,0,0,0,0,417,231,211,145
2026/02/04/17:54:46,7177.384408,0.896000,0.811359,0.896000,0.811359,79,45,64,41,0,0,0,0,417,231,211,145
2026/02/04/17:54:47,7178.385060,0.896000,0.811359,0.896000,0.811359,79,45,64,41,0,0,0,0,417,231,211,145
2026/02/04/17:54:48,7179.385566,0.896000,0.811359,0.896000,0.811359,79,45,64,41,0,0,0,0,417,231,211,145
2026/02/04/17:54:49,7180.386024,0.896000,0.811359,0.896000,0.811359,79,45,64,41,0,0,0,0,417,231,211,145
2026/02/04/17:54:50,7181.386598,0.896000,0.811359,0.896000,0.811359,79,45,64,41,0,0,0,0,417,231,211,145
2026/02/04/17:54:51,7182.387231,0.896000,0.811359,0.896000,0.811359,79,45,64,41,0,0,0,0,417,231,211,145
2026/02/04/17:54:52,7183.387949,0.896000,0.811359,0.896000,0.811359,79,45,64,41,0,0,0,0,417,231,211,145
2026/02/04/17:54:53,7184.388589,0.896000,0.811359,0.896000,0.811359,79,45,64,41,0,0,0,0,417,231,211,145
2026/02/04/17:54:54,7185.389235,0.896000,0.811359,0.896000,0.811359,79,45,64,41,0,0,0,0,417,231,211,145
2026/02/04/17:54:55,7186.389732,0.896000,0.811359,0.896000,0.811359,79,45,64,41,0,0,0,0,417,231,211,145
2026/02/04/17:54:56,7187.390439,0.896000,0.811359,0.896000,0.811359,79,45,64,41,0,0,0,0,417,231,211,145
2026/02/04/17:54:57,7188.391150,0.896000,0.811359,0.896000,0.811359,79,45,64,41,0,0,0,0,417,231,211,145
2026/02/04/17:54:58,7189.391758,0.896000,0.811359,0.896000,0.811359,79,45,64,41,0,0,0,0,417,231,211,145
2026/02/04/17:54:59,7190.392489,0.896000,0.811359,0.896000,0.811359,79,45,64,41,0,0,0,0,417,231,211,145
2026/02/04/17:55:00,7191.393108,0.896000,0.811359,0.896000,0.811359,79,45,64,41,0,0,0,0,417,231,211,145
2026/02/04/17:55:01,7192.393754,0.896000,0.811359,0.896000,0.811359,79,45,64,41,0,0,0,0,417,231,211,145
2026/02/04/17:55:02,7193.394392,0.880000,0.806662,0.880000,0.806662,79,45,62,41,0,0,0,0,417,231,213,145
2026/02/04/17:55:03,7194.395005,0.880000,0.806662,0.880000,0.806662,79,45,62,41,0,0,0,0,417,231,213,145
2026/02/04/17:55:04,7195.397352,0.880000,0.806662,0.880000,0.806662,79,45,62,41,0,0,0,0,417,231,213,145
2026/02/04/17:55:05,7196.397788,0.880000,0.806662,0.880000,0.806662,79,45,62,41,0,0,0,0,417,231,213,145
2026/02/04/17:55:06,7197.398286,0.880000,0.806662,0.880000,0.806662,79,45,62,41,0,0,0,0,417,231,213,145
2026/02/04/17:55:07,7198.398726,0.880000,0.806662,0.880000,0.806662,79,45,62,41,0,0,0,0,417,231,213,145
2026/02/04/17:55:08,7199.399210,0.880000,0.806662,0.880000,0.806662,79,45,62,41,0,0,0,0,417,231,213,145
2026/02/04/17:55:09,7200.399761,0.880000,0.806662,0.880000,0.806662,79,45,62,41,0,0,0,0,417,231,213,145
2026/02/04/17:55:10,7201.400327,0.880000,0.806662,0.880000,0.806662,79,45,62,41,0,0,0,0,417,231,213,145
2026/02/04/17:55:11,7202.400908,0.880000,0.806662,0.880000,0.806662,79,45,62,41,0,0,0,0,417,231,213,145
2026/02/04/17:55:12,7203.401493,0.880000,0.806662,0.880000,0.806662,79,45,62,41,0,0,0,0,417,231,213,145
2026/02/04/17:55:13,7204.402006,0.876687,0.790713,0.876687,0.790713,77,45,62,41,0,0,0,0,419,231,213,145
