4219457405427907235
5896358955358513046
3132326258768729143
3394979529978938239
7956536540478288960
6452900031824671063
1779281120235042110
4204471460018303910
546960236124654608
1503191614089492773
2776888858026346365
8110663468741290990
5221797255719614626
55411538136720492
7158228594698779781
2881060639005617760
2120090046821723763
3532658037249897651
5499991615272674611
7376625660721489042
1754007979673256872
5888965561877447036
4291706568640266163
5839509821751272860
4528391889290670831
697073105759480269
226216363256580172
6895378818991516291
7753940112227685379
5130844505531187853
7252074906178545503
3712956461027657442
3937612914725950854
5435020287124189294
4855668352291734553
7102506122751228813
2404411545535534280
6990155264863631615
7024236687192545299
5192245877720377991
8033569224504949185
6013696950180590152
1023525827562816677
219602589878935038
1993971700290982859
6507800679503166357
5718196445725297835
5756508426186236398
5397005882441633319
1541097410654331810
5818100544690602936
7730765085791097700
1086328549291446253
3987827014520816348
1096718949685239825
1086256223848041603
7268157541739304927
1098181851266756060
