484806185843093489
4219457405427907235
7309940385334237743
1420052706459400740
3132326258768729143
6452900031824671063
1779281120235042110
3737635650877940855
1431348066566932968
546960236124654608
3941336756034580715
1503191614089492773
2776888858026346365
5820706265677719135
9147129661833587558
5221797255719614626
55411538136720492
2120090046821723763
3532658037249897651
6105563283321887062
8869018158643600458
4493970743770925510
226216363256580172
6895378818991516291
8727485397340111755
2057909903460133994
1221345081614209477
3712956461027657442
2008907309570689453
3937612914725950854
6181536930444734779
6617179428660612426
7102506122751228813
6990155264863631615
6469489248687525114
5192245877720377991
8033569224504949185
1023525827562816677
219602589878935038
5300881956419103460
7335201056252104502
2506108877001422316
6507800679503166357
3568231548795854174
5756508426186236398
9126551470516884404
2280823119808743756
5397005882441633319
1541097410654331810
7730765085791097700
1086328549291446253
3987827014520816348
