5896358955358513046
3394979529978938239
7956536540478288960
8016731149625864370
7196266411674554368
3896010399170147587
4204471460018303910
1424665327171895173
3159643892569801110
8110663468741290990
420292943029515637
7158228594698779781
2881060639005617760
5499991615272674611
7376625660721489042
5888965561877447036
4291706568640266163
5839509821751272860
4782248702426767105
6791828356968382696
4245042552790771277
4528391889290670831
7899493300157142034
697073105759480269
1284945672489363765
2027745333831851761
657070463987715267
7965293553015376524
6189391917187610042
5130844505531187853
6636232377391960297
7252074906178545503
4855668352291734553
3928363649402512180
4275183120444302794
3442520487102279065
2404411545535534280
7024236687192545299
8650194206863455706
8619543593757090233
868345193988332467
1993971700290982859
2254113481559975435
5718196445725297835
445452966031145345
5818100544690602936
1096718949685239825
1086256223848041603
