timestamp,event,pod_name,pod_uid,priority,time_s
2026/02/04/23:19:45,apply-time,rs-000055-g2jqm,11dbba36-5b80-4d29-afd6-d5e7916d26c6,1,11.567164
2026/02/04/23:19:45,running-time,rs-000055-g2jqm,11dbba36-5b80-4d29-afd6-d5e7916d26c6,1,11.567164
2026/02/04/23:19:45,apply-time,rs-000055-nxjhp,423dc9a0-5a02-426f-beec-ba29fe3ed759,1,11.567164
2026/02/04/23:19:45,running-time,rs-000055-nxjhp,423dc9a0-5a02-426f-beec-ba29fe3ed759,1,11.567164
2026/02/04/23:19:45,apply-time,rs-000055-plwkk,5e2971d1-89fe-4337-8385-3258d5d55581,1,11.567164
2026/02/04/23:19:45,running-time,rs-000055-plwkk,5e2971d1-89fe-4337-8385-3258d5d55581,1,11.567164
2026/02/04/23:19:45,apply-time,rs-000057-bwqhg,8678783f-024d-40f9-a673-3afdcec01653,1,11.567164
2026/02/04/23:19:45,running-time,rs-000057-bwqhg,8678783f-024d-40f9-a673-3afdcec01653,1,11.567164
2026/02/04/23:19:45,apply-time,rs-000057-fxxn4,0e3c4eab-7498-4d05-b32b-a284319f0edf,1,11.567164
2026/02/04/23:19:45,running-time,rs-000057-fxxn4,0e3c4eab-7498-4d05-b32b-a284319f0edf,1,11.567164
2026/02/04/23:19:45,apply-time,rs-000058-8ltsj,af1f218e-91f8-4c0c-8e47-1c96d4148f04,1,11.567164
2026/02/04/23:19:45,apply-time,rs-000059-9tttd,0dae8065-b12c-4770-841a-e722a9eb8c78,1,11.567164
2026/02/04/23:19:45,running-time,rs-000059-9tttd,0dae8065-b12c-4770-841a-e722a9eb8c78,1,11.567164
2026/02/04/23:19:45,apply-time,rs-000060-kslw5,880a1c06-c23b-4f58-a796-e43d52652c0d,1,12.567164
2026/02/04/23:19:45,running-time,rs-000060-kslw5,880a1c06-c23b-4f58-a796-e43d52652c0d,1,12.567164
2026/02/04/23:19:45,apply-time,rs-000063-zphqp,f564e0fc-d549-4fa4-8993-4f5e9746992b,1,12.567164
2026/02/04/23:19:45,running-time,rs-000063-zphqp,f564e0fc-d549-4fa4-8993-4f5e9746992b,1,12.567164
2026/02/04/23:19:46,apply-time,rs-000060-t4cqm,4528e2eb-318d-4f26-8aaa-a7d5ae2ab7f8,1,12.567164
2026/02/04/23:19:46,running-time,rs-000060-t4cqm,4528e2eb-318d-4f26-8aaa-a7d5ae2ab7f8,1,12.567164
2026/02/04/23:19:46,apply-time,rs-000061-r9pjd,f2f8e208-9389-49a3-ac9e-c629d79af261,1,12.567164
2026/02/04/23:19:46,running-time,rs-000061-r9pjd,f2f8e208-9389-49a3-ac9e-c629d79af261,1,12.567164
2026/02/04/23:19:46,apply-time,rs-000062-fgl7f,55c41bab-f1f1-4c82-bbe9-0503ddb3451e,1,12.567164
2026/02/04/23:19:46,apply-time,rs-000062-klw8d,cfc9c983-864d-4956-ac33-cabf394a99cc,1,12.567164
2026/02/04/23:19:46,running-time,rs-000062-klw8d,cfc9c983-864d-4956-ac33-cabf394a99cc,1,13.567164
2026/02/04/23:19:46,apply-time,rs-000062-r2bxx,938f731a-b3fc-4476-8301-b3a18261f1fd,1,12.567164
2026/02/04/23:19:46,running-time,rs-000062-r2bxx,938f731a-b3fc-4476-8301-b3a18261f1fd,1,12.567164
2026/02/04/23:19:46,apply-time,rs-000063-6l4qp,b55a535b-bc36-435b-8903-409a769c2e75,1,12.567164
2026/02/04/23:19:46,running-time,rs-000063-6l4qp,b55a535b-bc36-435b-8903-409a769c2e75,1,12.567164
2026/02/04/23:19:46,apply-time,rs-000063-s5sr4,e089389d-9ae0-446f-b74f-6d06f3418ca0,1,12.567164
2026/02/04/23:19:46,running-time,rs-000063-s5sr4,e089389d-9ae0-446f-b74f-6d06f3418ca0,1,12.567164
2026/02/04/23:19:46,apply-time,rs-000064-cp4tq,0768e4ef-71f5-4765-86c6-6bd07addea1f,1,12.567164
2026/02/04/23:19:46,running-time,rs-000064-cp4tq,0768e4ef-71f5-4765-86c6-6bd07addea1f,1,12.567164
2026/02/04/23:19:46,apply-time,rs-000064-dd9wn,6086b906-8836-4abf-9165-8f6e575b88a5,1,12.567164
2026/02/04/23:19:46,running-time,rs-000064-dd9wn,6086b906-8836-4abf-9165-8f6e575b88a5,1,12.567164
2026/02/04/23:19:46,apply-time,rs-000064-whhsv,ad94d489-872f-491e-abe0-08afbb306b80,1,12.567164
2026/02/04/23:19:46,running-time,rs-000064-whhsv,ad94d489-872f-491e-abe0-08afbb306b80,1,12.567164
2026/02/04/23:19:47,apply-time,rs-000065-5p29l,dabe6f10-c519-40a1-9fad-d5c55a36f3c9,1,13.567164
2026/02/04/23:19:47,running-time,rs-000065-5p29l,dabe6f10-c519-40a1-9fad-d5c55a36f3c9,1,13.567164
2026/02/04/23:19:47,apply-time,rs-000065-b47jd,02601098-24bd-419f-9f38-da9962e1e835,1,13.567164
2026/02/04/23:19:47,running-time,rs-000065-b47jd,02601098-24bd-419f-9f38-da9962e1e835,1,13.567164
2026/02/04/23:19:47,apply-time,rs-000066-ttlmr,66e6d68a-c3b3-4744-ab26-7718c22dcdb3,1,13.567164
2026/02/04/23:19:47,apply-time,rs-000067-n82wm,dfeb65db-7667-4a81-819e-8e16a2d3086b,1,13.567164
2026/02/04/23:19:47,apply-time,rs-000067-njgmn,be5a0781-a231-4c39-a0ad-7943dfefa2a7,1,13.567164
2026/02/04/23:19:47,apply-time,rs-000068-q4fv9,14d694ca-b7a8-4714-9d1b-170bf5561e17,1,14.567164
2026/02/04/23:19:47,running-time,rs-000068-q4fv9,14d694ca-b7a8-4714-9d1b-170bf5561e17,1,14.567164
2026/02/04/23:19:47,apply-time,rs-000068-vf62x,32cb6b92-ffe4-4f74-bc00-d259a39b893b,1,14.567164
2026/02/04/23:19:47,running-time,rs-000068-vf62x,32cb6b92-ffe4-4f74-bc00-d259a39b893b,1,14.567164
2026/02/04/23:19:47,apply-time,rs-000069-vlhbx,1d1c244e-63dd-42f4-b4c4-4a1818caecb7,1,14.567164
2026/02/04/23:19:47,running-time,rs-000069-vlhbx,1d1c244e-63dd-42f4-b4c4-4a1818caecb7,1,14.567164
2026/02/04/23:19:47,apply-time,rs-000070-cqqmw,06f4b161-3c5e-4948-84f9-54964942e5ae,1,14.567164
2026/02/04/23:19:47,apply-time,rs-000071-c5bd9,c13e4327-2b7b-44db-895c-40c8605cfcc8,1,14.567164
2026/02/04/23:19:47,running-time,rs-000071-c5bd9,c13e4327-2b7b-44db-895c-40c8605cfcc8,1,14.567164
2026/02/04/23:19:48,apply-time,rs-000070-pkfts,343f720f-ab3e-4e4a-ab0e-ebf8bdedef84,1,14.567164
2026/02/04/23:19:48,apply-time,rs-000070-wl9s4,3c090ffc-aa31-4310-8214-ce4cd7dde4ee,1,14.567164
2026/02/04/23:19:48,apply-time,rs-000073-sf72c,29c805d6-ce30-4ee1-a84f-1a2cc453c3ef,1,14.567164
2026/02/04/23:19:48,running-time,rs-000073-sf72c,29c805d6-ce30-4ee1-a84f-1a2cc453c3ef,1,14.567164
2026/02/04/23:19:48,apply-time,rs-000074-nth9w,cfe0876d-eb23-40d7-8d68-15a105a403cb,1,15.567164
2026/02/04/23:19:48,running-time,rs-000074-nth9w,cfe0876d-eb23-40d7-8d68-15a105a403cb,1,15.567164
2026/02/04/23:19:48,apply-time,rs-000075-vsg2c,60844e54-5abe-47bd-a67e-b153cf5f4df2,1,15.567164
2026/02/04/23:19:48,apply-time,rs-000076-tbvlg,9055d3d4-e9a4-4bec-bb8e-3ecee620e8b5,1,15.567164
2026/02/04/23:19:48,running-time,rs-000076-tbvlg,9055d3d4-e9a4-4bec-bb8e-3ecee620e8b5,1,15.567164
2026/02/04/23:19:48,apply-time,rs-000077-8nbpr,217d9504-6188-426a-b010-e0aead635d99,1,15.567164
2026/02/04/23:19:49,apply-time,rs-000074-ppff9,ff5c4821-0781-40c0-86ce-27bec607c892,1,15.567164
2026/02/04/23:19:49,running-time,rs-000074-ppff9,ff5c4821-0781-40c0-86ce-27bec607c892,1,15.567164
2026/02/04/23:19:49,apply-time,rs-000075-9tz7p,1c00bef4-8a0d-4e9c-98d0-1d0f6e438e3f,1,15.567164
2026/02/04/23:19:49,apply-time,rs-000075-mksd6,04767663-9fa1-4c11-accd-18c90f036cf4,1,15.567164
2026/02/04/23:19:49,apply-time,rs-000076-htzsb,2ff3753a-edd8-448d-bb20-48d1ccf8b567,1,15.567164
2026/02/04/23:19:49,apply-time,rs-000076-z4qc2,17dde52f-c292-435d-8488-fbce8a9298a1,1,15.567164
2026/02/04/23:19:49,running-time,rs-000076-z4qc2,17dde52f-c292-435d-8488-fbce8a9298a1,1,15.567164
2026/02/04/23:19:49,apply-time,rs-000077-6h4hj,a1646064-2aaf-425c-bad5-ee0659e2e7fa,1,15.567164
2026/02/04/23:19:49,running-time,rs-000077-8nbpr,217d9504-6188-426a-b010-e0aead635d99,1,15.567164
2026/02/04/23:19:49,apply-time,rs-000077-hf767,75a9e4bf-cce4-4861-88dd-0fb4cd752e4f,1,15.567164
2026/02/04/23:19:49,apply-time,rs-000078-tbw2m,ad1159f8-20ed-4515-8b4f-d86a75761ec8,1,16.567164
2026/02/04/23:19:49,apply-time,rs-000079-stxbs,723e1821-8dc2-49c6-92f5-661bc09bb6d4,1,16.567164
2026/02/04/23:19:50,apply-time,rs-000078-r85m5,b68059f9-c286-4799-a9ce-7ecd5179c8fa,1,16.567164
2026/02/04/23:19:50,apply-time,rs-000079-bxgrp,4927527f-5e4b-47bf-910b-25e4372c30cc,1,16.567164
2026/02/04/23:19:50,apply-time,rs-000079-xc6zx,39ea6b63-edb0-4650-bba1-b059ce0bc17d,1,16.567164
2026/02/04/23:19:50,apply-time,rs-000080-hm8w4,c76e9c1d-fbe4-4b82-81d4-8c3ec63db4f5,1,16.567164
2026/02/04/23:19:50,apply-time,rs-000080-t54rr,eab63f87-ec0a-4ac2-9afc-7293cf37356f,1,16.567164
2026/02/04/23:19:51,running-time,rs-000076-htzsb,2ff3753a-edd8-448d-bb20-48d1ccf8b567,1,18.567164
2026/02/04/23:19:53,running-time,rs-000077-6h4hj,a1646064-2aaf-425c-bad5-ee0659e2e7fa,1,19.567164
2026/02/04/23:19:53,running-time,rs-000077-hf767,75a9e4bf-cce4-4861-88dd-0fb4cd752e4f,1,19.567164
2026/02/04/23:19:53,running-time,rs-000080-hm8w4,c76e9c1d-fbe4-4b82-81d4-8c3ec63db4f5,1,19.567164
2026/02/04/23:19:53,running-time,rs-000080-t54rr,eab63f87-ec0a-4ac2-9afc-7293cf37356f,1,19.567164
2026/02/04/23:19:55,running-time,rs-000067-n82wm,dfeb65db-7667-4a81-819e-8e16a2d3086b,1,22.567164
2026/02/04/23:19:57,running-time,rs-000067-njgmn,be5a0781-a231-4c39-a0ad-7943dfefa2a7,1,24.567164
2026/02/04/23:20:00,apply-time,rs-000081-nm9xg,4097b4b6-5316-45cf-bc6e-1a5f74bb6442,1,26.567164
2026/02/04/23:20:00,running-time,rs-000081-nm9xg,4097b4b6-5316-45cf-bc6e-1a5f74bb6442,1,26.567164
2026/02/04/23:20:00,apply-time,rs-000081-qwnlx,cab8e394-ffe1-4be0-9c28-f9e0e2059f8b,1,26.567164
2026/02/04/23:20:00,running-time,rs-000081-qwnlx,cab8e394-ffe1-4be0-9c28-f9e0e2059f8b,1,26.567164
2026/02/04/23:20:00,apply-time,rs-000081-v89gn,e3d6962e-957e-411d-aa24-b077952929b4,1,26.567164
2026/02/04/23:20:00,running-time,rs-000081-v89gn,e3d6962e-957e-411d-aa24-b077952929b4,1,26.567164
2026/02/04/23:20:00,apply-time,rs-000082-444lv,890ee093-cf3f-4c5d-8ac8-eefe0d5cc5d5,1,26.567164
2026/02/04/23:20:00,apply-time,rs-000082-9jqdg,c9703113-7644-43dd-8fd4-8fd26fb8c651,1,26.567164
2026/02/04/23:20:00,apply-time,rs-000082-9zwfs,e987c95e-c722-4f67-9d7e-2b4370122e16,1,26.567164
2026/02/04/23:20:00,apply-time,rs-000083-wrb8d,fe9537a4-6121-4741-87de-52b044383744,1,26.567164
2026/02/04/23:20:05,running-time,rs-000083-wrb8d,fe9537a4-6121-4741-87de-52b044383744,1,32.567164
2026/02/04/23:20:07,apply-time,rs-000084-2tfc9,00370b2b-4eb5-4255-b4a7-3d4b47731f5c,1,33.567164
2026/02/04/23:20:07,running-time,rs-000084-2tfc9,00370b2b-4eb5-4255-b4a7-3d4b47731f5c,1,33.567164
2026/02/04/23:20:07,apply-time,rs-000084-nmt5q,f5a0882e-08fd-4524-8143-2dac444fd1d3,1,33.567164
2026/02/04/23:20:07,running-time,rs-000084-nmt5q,f5a0882e-08fd-4524-8143-2dac444fd1d3,1,33.567164
2026/02/04/23:20:07,apply-time,rs-000085-6bxj4,3b4fde7c-8bc3-480a-a420-194c7d451ca7,1,34.567164
2026/02/04/23:20:07,running-time,rs-000085-6bxj4,3b4fde7c-8bc3-480a-a420-194c7d451ca7,1,34.567164
2026/02/04/23:20:07,apply-time,rs-000085-6w55k,e9b6b92e-cfa2-40cb-abd1-e8f16a7dc1ea,1,34.567164
2026/02/04/23:20:07,running-time,rs-000085-6w55k,e9b6b92e-cfa2-40cb-abd1-e8f16a7dc1ea,1,34.567164
2026/02/04/23:20:07,apply-time,rs-000086-ktqds,f46808e2-222f-4b49-8a3d-e8c524cc1e01,1,34.567164
2026/02/04/23:20:07,running-time,rs-000086-ktqds,f46808e2-222f-4b49-8a3d-e8c524cc1e01,1,34.567164
2026/02/04/23:20:07,apply-time,rs-000086-qxj5f,603dc76e-41c2-4a69-899b-6b9cd7b2d09b,1,34.567164
2026/02/04/23:20:07,running-time,rs-000086-qxj5f,603dc76e-41c2-4a69-899b-6b9cd7b2d09b,1,34.567164
2026/02/04/23:20:07,apply-time,rs-000087-2gwlt,056f4988-f68a-4b35-9846-087e368c3466,1,34.567164
2026/02/04/23:20:07,apply-time,rs-000087-dbzjs,fd0a6ef5-a42e-48fd-bdcb-ae76aef6ab2f,1,34.567164
2026/02/04/23:20:07,apply-time,rs-000088-tdph7,9460a9f6-a55b-4277-8347-48e03fd74a44,1,34.567164
2026/02/04/23:20:07,apply-time,rs-000088-thpch,187f8dc6-008e-40d3-b7c7-0c9c3f6abd6b,1,34.567164
2026/02/04/23:20:08,running-time,rs-000087-2gwlt,056f4988-f68a-4b35-9846-087e368c3466,1,35.567164
2026/02/04/23:20:08,running-time,rs-000087-dbzjs,fd0a6ef5-a42e-48fd-bdcb-ae76aef6ab2f,1,35.567164
2026/02/04/23:20:08,apply-time,rs-000089-6dgzp,cd354bb0-300e-4f7d-a60e-0438fd425868,1,34.567164
2026/02/04/23:20:08,running-time,rs-000089-6dgzp,cd354bb0-300e-4f7d-a60e-0438fd425868,1,34.567164
2026/02/04/23:20:08,apply-time,rs-000090-s8pfc,7483fc34-3841-4fa1-a8b1-028014ae5e22,1,34.567164
2026/02/04/23:20:08,running-time,rs-000090-s8pfc,7483fc34-3841-4fa1-a8b1-028014ae5e22,1,34.567164
2026/02/04/23:20:08,apply-time,rs-000091-58grh,2a3c4814-0452-41a4-8456-e43e5c0d77a3,1,35.567164
2026/02/04/23:20:08,running-time,rs-000091-58grh,2a3c4814-0452-41a4-8456-e43e5c0d77a3,1,35.567164
2026/02/04/23:20:08,apply-time,rs-000091-97plg,d1b4738d-748d-48b0-b746-2762be767acc,1,34.567164
2026/02/04/23:20:08,running-time,rs-000091-97plg,d1b4738d-748d-48b0-b746-2762be767acc,1,34.567164
2026/02/04/23:20:08,apply-time,rs-000091-s6hpx,7cca0fd0-2229-4b79-967a-ba3c3936a0e7,1,34.567164
2026/02/04/23:20:08,running-time,rs-000091-s6hpx,7cca0fd0-2229-4b79-967a-ba3c3936a0e7,1,34.567164
2026/02/04/23:20:17,apply-time,rs-000060-hdm5r,bb04f70f-4fcb-4879-ab47-f41175710400,1,44.567164
2026/02/04/23:20:17,running-time,rs-000060-hdm5r,bb04f70f-4fcb-4879-ab47-f41175710400,1,44.567164
2026/02/04/23:20:17,running-time,rs-000088-tdph7,9460a9f6-a55b-4277-8347-48e03fd74a44,1,44.567164
2026/02/04/23:20:17,running-time,rs-000088-thpch,187f8dc6-008e-40d3-b7c7-0c9c3f6abd6b,1,44.567164
2026/02/04/23:20:22,apply-time,rs-000092-zbfcq,28a39e2d-9331-4c68-8fe4-224b7b7aa347,1,48.567164
2026/02/04/23:20:22,running-time,rs-000092-zbfcq,28a39e2d-9331-4c68-8fe4-224b7b7aa347,1,48.567164
2026/02/04/23:20:23,apply-time,rs-000093-dpn8g,ca6743d4-94d2-4161-ab4e-57284040db65,1,50.567164
2026/02/04/23:20:25,apply-time,rs-000094-fwdfd,0fb2be1d-5563-4034-a204-c5baccdfd252,1,51.567164
2026/02/04/23:20:25,apply-time,rs-000095-mgq9l,9f5e4db2-2732-40fe-bb92-b765fccff448,1,51.567164
2026/02/04/23:20:25,running-time,rs-000095-mgq9l,9f5e4db2-2732-40fe-bb92-b765fccff448,1,51.567164
2026/02/04/23:20:25,apply-time,rs-000095-tsc8x,66b1edd5-3db1-41f9-84c4-fc4337fab037,1,51.567164
2026/02/04/23:20:25,running-time,rs-000095-tsc8x,66b1edd5-3db1-41f9-84c4-fc4337fab037,1,51.567164
2026/02/04/23:20:25,apply-time,rs-000096-4pjhx,81384f11-78be-478e-a627-3cca816ca658,1,51.567164
2026/02/04/23:20:25,running-time,rs-000096-4pjhx,81384f11-78be-478e-a627-3cca816ca658,1,51.567164
2026/02/04/23:20:25,apply-time,rs-000096-hmwh8,ca6c792e-f36a-4898-a1c4-c2a49bb80106,1,51.567164
2026/02/04/23:20:25,running-time,rs-000096-hmwh8,ca6c792e-f36a-4898-a1c4-c2a49bb80106,1,51.567164
2026/02/04/23:20:25,apply-time,rs-000097-xrhll,93f534e4-eeff-4332-9776-c0ab9b5c8406,1,52.567164
2026/02/04/23:20:25,running-time,rs-000097-xrhll,93f534e4-eeff-4332-9776-c0ab9b5c8406,1,52.567164
2026/02/04/23:20:26,apply-time,rs-000098-jrrsr,11d93ea5-bdc7-4aa6-a0f6-e8992ac6f441,1,53.567164
2026/02/04/23:20:26,running-time,rs-000098-jrrsr,11d93ea5-bdc7-4aa6-a0f6-e8992ac6f441,1,53.567164
2026/02/04/23:20:26,apply-time,rs-000098-lj5j4,0b2b164e-32cc-4020-b669-0351121c9a63,1,53.567164
2026/02/04/23:20:26,running-time,rs-000098-lj5j4,0b2b164e-32cc-4020-b669-0351121c9a63,1,53.567164
2026/02/04/23:20:26,apply-time,rs-000098-w8x5z,453578f4-6b75-4c8f-a5bb-237b048768e6,1,53.567164
2026/02/04/23:20:26,running-time,rs-000098-w8x5z,453578f4-6b75-4c8f-a5bb-237b048768e6,1,53.567164
2026/02/04/23:20:27,apply-time,rs-000099-czsgg,a2eecf16-c5be-437a-bc28-f751e7e8f593,1,54.567164
2026/02/04/23:20:27,running-time,rs-000099-czsgg,a2eecf16-c5be-437a-bc28-f751e7e8f593,1,54.567164
2026/02/04/23:20:27,apply-time,rs-000099-qq7wg,a1d78d05-a6a2-43db-ae17-51f51b3099ae,1,54.567164
2026/02/04/23:20:27,running-time,rs-000099-qq7wg,a1d78d05-a6a2-43db-ae17-51f51b3099ae,1,54.567164
2026/02/04/23:20:27,apply-time,rs-000099-whj79,4e0c337a-5ece-4f81-a73a-f72c554ad3c2,1,54.567164
2026/02/04/23:20:27,running-time,rs-000099-whj79,4e0c337a-5ece-4f81-a73a-f72c554ad3c2,1,54.567164
2026/02/04/23:20:27,apply-time,rs-000100-h2fs4,f9ace5d1-5956-42ec-9fe6-1f70bb647b31,1,54.567164
2026/02/04/23:20:27,apply-time,rs-000100-k7xz6,bc392265-5546-427c-b33e-d4eb64cdad9b,1,54.567164
2026/02/04/23:20:27,apply-time,rs-000101-2q67p,20a9e8f8-10a2-401c-b256-e3da2115a4c1,1,54.567164
2026/02/04/23:20:27,running-time,rs-000101-2q67p,20a9e8f8-10a2-401c-b256-e3da2115a4c1,1,54.567164
2026/02/04/23:20:27,apply-time,rs-000101-rcq4c,a340da33-c818-45c7-b840-5df379ec55f7,1,54.567164
2026/02/04/23:20:27,apply-time,rs-000102-j446b,137464de-6e3d-4b94-a6a0-8cb84eafdb13,1,54.567164
2026/02/04/23:20:27,running-time,rs-000102-j446b,137464de-6e3d-4b94-a6a0-8cb84eafdb13,1,54.567164
2026/02/04/23:20:27,apply-time,rs-000102-wzf6r,fc9ce803-cef1-4dc0-9e5c-b92293558ba6,1,54.567164
2026/02/04/23:20:27,running-time,rs-000102-wzf6r,fc9ce803-cef1-4dc0-9e5c-b92293558ba6,1,54.567164
2026/02/04/23:20:27,apply-time,rs-000102-z2gzj,561e63b6-6514-493f-ad34-c39c22c9f1a0,1,54.567164
2026/02/04/23:20:27,apply-time,rs-000103-k626m,629c26c6-6a03-4ee2-8425-43723a2a33a5,1,54.567164
2026/02/04/23:20:27,running-time,rs-000103-k626m,629c26c6-6a03-4ee2-8425-43723a2a33a5,1,54.567164
2026/02/04/23:20:27,apply-time,rs-000105-wrkl2,f45c92e9-d8cd-4de7-b980-b2b13e9ee889,1,54.567164
2026/02/04/23:20:28,apply-time,rs-000104-4dh49,b1ebcea7-b05d-483f-be0e-e9c9d91642c1,1,54.567164
2026/02/04/23:20:28,apply-time,rs-000104-hmbpb,2e655d57-af27-461b-a585-22d0a1563d66,1,54.567164
2026/02/04/23:20:28,apply-time,rs-000105-949t5,d312bfdd-11ea-4c58-be63-7e9567433892,1,54.567164
2026/02/04/23:20:28,apply-time,rs-000106-2gk92,dd0dad1d-e679-4238-b6ae-d4a31b1f7d7e,1,54.567164
2026/02/04/23:20:28,apply-time,rs-000106-sjwvx,83a15efe-342e-4c71-a5aa-7366547ca8d6,1,54.567164
2026/02/04/23:20:28,apply-time,rs-000106-zpm8t,f1f1a845-134c-4e92-ae2a-ccbd16629e1e,1,54.567164
2026/02/04/23:20:28,apply-time,rs-000107-n8g7s,c2651cef-39bc-4dcb-b487-85a9e5b0cd58,1,54.567164
2026/02/04/23:20:28,apply-time,rs-000107-p8wrg,a2e2c50d-9a5a-4d36-932e-7a1bb27418ee,1,55.567164
2026/02/04/23:20:28,apply-time,rs-000107-zngqv,67bb1901-d55c-4690-896d-89d0d3e5affc,1,55.567164
2026/02/04/23:20:29,running-time,rs-000101-rcq4c,a340da33-c818-45c7-b840-5df379ec55f7,1,55.567164
2026/02/04/23:20:29,running-time,rs-000105-wrkl2,f45c92e9-d8cd-4de7-b980-b2b13e9ee889,1,56.567164
2026/02/04/23:20:30,running-time,rs-000102-z2gzj,561e63b6-6514-493f-ad34-c39c22c9f1a0,1,56.567164
2026/02/04/23:20:30,running-time,rs-000104-4dh49,b1ebcea7-b05d-483f-be0e-e9c9d91642c1,1,56.567164
2026/02/04/23:20:30,running-time,rs-000104-hmbpb,2e655d57-af27-461b-a585-22d0a1563d66,1,56.567164
2026/02/04/23:20:30,running-time,rs-000105-949t5,d312bfdd-11ea-4c58-be63-7e9567433892,1,56.567164
2026/02/04/23:20:30,running-time,rs-000106-2gk92,dd0dad1d-e679-4238-b6ae-d4a31b1f7d7e,1,56.567164
2026/02/04/23:20:30,running-time,rs-000106-sjwvx,83a15efe-342e-4c71-a5aa-7366547ca8d6,1,56.567164
2026/02/04/23:20:30,running-time,rs-000106-zpm8t,f1f1a845-134c-4e92-ae2a-ccbd16629e1e,1,56.567164
2026/02/04/23:20:33,apply-time,rs-000108-g74jm,9be8f83e-fd23-4947-aa1b-81be2744b09d,1,60.567164
2026/02/04/23:20:33,apply-time,rs-000108-vsqcq,dcac99de-d4ca-4612-8b87-d8e722f7289b,1,60.567164
2026/02/04/23:20:33,running-time,rs-000108-vsqcq,dcac99de-d4ca-4612-8b87-d8e722f7289b,1,60.567164
2026/02/04/23:20:33,apply-time,rs-000109-8fk7h,e6e35934-6a47-44d6-ad8f-896bcf3dfd5e,1,60.567164
2026/02/04/23:20:33,apply-time,rs-000109-8gvjn,6422d18c-e27e-40e2-b5b0-7413931a7a3c,1,60.567164
2026/02/04/23:20:33,apply-time,rs-000109-vtfj5,bd967036-6eac-4944-90ac-9071ce846faa,1,60.567164
2026/02/04/23:20:33,apply-time,rs-000110-2frv2,68efcd5b-b166-41ba-9097-b42446b31758,1,60.567164
2026/02/04/23:20:33,apply-time,rs-000111-5cwbr,01fce2b5-7a41-4b37-9bcf-00835c7d498e,1,60.567164
2026/02/04/23:20:34,running-time,rs-000109-8fk7h,e6e35934-6a47-44d6-ad8f-896bcf3dfd5e,1,60.567164
2026/02/04/23:20:34,running-time,rs-000109-8gvjn,6422d18c-e27e-40e2-b5b0-7413931a7a3c,1,60.567164
2026/02/04/23:20:34,running-time,rs-000109-vtfj5,bd967036-6eac-4944-90ac-9071ce846faa,1,60.567164
2026/02/04/23:20:34,running-time,rs-000110-2frv2,68efcd5b-b166-41ba-9097-b42446b31758,1,60.567164
2026/02/04/23:20:34,running-time,rs-000111-5cwbr,01fce2b5-7a41-4b37-9bcf-00835c7d498e,1,60.567164
2026/02/04/23:20:34,apply-time,rs-000112-4ljmv,e69831df-9852-4a8b-abb5-622fd2888205,1,60.567164
2026/02/04/23:20:34,running-time,rs-000112-4ljmv,e69831df-9852-4a8b-abb5-622fd2888205,1,60.567164
2026/02/04/23:20:34,apply-time,rs-000112-mfj58,6ca9c486-8180-433b-9ce8-b3699cce4736,1,60.567164
2026/02/04/23:20:34,running-time,rs-000112-mfj58,6ca9c486-8180-433b-9ce8-b3699cce4736,1,60.567164
2026/02/04/23:20:34,apply-time,rs-000112-xfj99,dd7cf3e1-8086-4ac0-bfaf-2f9d0ba6b085,1,60.567164
2026/02/04/23:20:34,running-time,rs-000112-xfj99,dd7cf3e1-8086-4ac0-bfaf-2f9d0ba6b085,1,60.567164
2026/02/04/23:20:34,apply-time,rs-000113-57v55,01358e04-86fc-413c-a6f0-d3d4353c1e6b,1,61.567164
2026/02/04/23:20:34,apply-time,rs-000113-78q2d,b90670d5-f1b4-4832-bb02-a8c8bb4788d6,1,61.567164
2026/02/04/23:20:34,apply-time,rs-000113-hvrl7,265e3d42-5d9f-4dbc-94f7-b0f2afc7a977,1,60.567164
2026/02/04/23:20:34,apply-time,rs-000114-vj58h,abcc269b-31f8-416f-8652-b275478d9476,1,60.567164
2026/02/04/23:20:34,running-time,rs-000114-vj58h,abcc269b-31f8-416f-8652-b275478d9476,1,60.567164
2026/02/04/23:20:34,apply-time,rs-000115-jprd4,6c9c2b02-23ce-49fa-ba21-6b686cad5dce,1,61.567164
2026/02/04/23:20:34,running-time,rs-000115-jprd4,6c9c2b02-23ce-49fa-ba21-6b686cad5dce,1,61.567164
2026/02/04/23:20:34,apply-time,rs-000116-hmfqt,c8479fb8-7221-414c-a923-c571ca428aca,1,61.567164
2026/02/04/23:20:34,running-time,rs-000116-hmfqt,c8479fb8-7221-414c-a923-c571ca428aca,1,61.567164
2026/02/04/23:20:37,apply-time,rs-000117-v66bs,c0fadd86-64a4-4f7d-8ee8-cd75b7dd8f84,1,63.567164
2026/02/04/23:20:37,running-time,rs-000117-v66bs,c0fadd86-64a4-4f7d-8ee8-cd75b7dd8f84,1,63.567164
2026/02/04/23:20:39,apply-time,rs-000118-jmgfv,3a90c277-19d2-4935-b8df-c2f616555e64,1,66.567164
2026/02/04/23:20:39,running-time,rs-000118-jmgfv,3a90c277-19d2-4935-b8df-c2f616555e64,1,66.567164
2026/02/04/23:20:47,apply-time,rs-000119-8pwvt,0da07c3b-207b-4f71-b131-80a9dab9bffb,1,73.567164
2026/02/04/23:20:47,apply-time,rs-000119-nn5sq,1fe5fbc7-0f35-48bf-9827-a8f5c6f1236e,1,73.567164
2026/02/04/23:20:47,apply-time,rs-000119-wlfh8,465d7369-b5f5-48b0-9cfd-b378025fa223,1,73.567164
2026/02/04/23:20:47,running-time,rs-000119-wlfh8,465d7369-b5f5-48b0-9cfd-b378025fa223,1,73.567164
2026/02/04/23:20:47,apply-time,rs-000120-75jgb,887ed1ef-58f4-4018-8eaf-1591eb7faa24,1,73.567164
2026/02/04/23:20:47,running-time,rs-000120-75jgb,887ed1ef-58f4-4018-8eaf-1591eb7faa24,1,73.567164
2026/02/04/23:20:47,apply-time,rs-000120-pm4pv,d5dd56f8-7ac0-43ec-b9eb-816ff4601091,1,73.567164
2026/02/04/23:20:47,running-time,rs-000120-pm4pv,d5dd56f8-7ac0-43ec-b9eb-816ff4601091,1,73.567164
2026/02/04/23:20:47,apply-time,rs-000121-vt8vl,e0dbbb98-cb8f-46af-b814-65ee8227693d,1,73.567164
2026/02/04/23:20:47,running-time,rs-000121-vt8vl,e0dbbb98-cb8f-46af-b814-65ee8227693d,1,73.567164
2026/02/04/23:20:47,apply-time,rs-000122-4hktq,8b42863b-a018-4911-b2c3-3c84aac26024,1,73.567164
2026/02/04/23:20:47,running-time,rs-000122-4hktq,8b42863b-a018-4911-b2c3-3c84aac26024,1,74.567164
2026/02/04/23:20:47,apply-time,rs-000123-422rn,ab2c4a59-8436-4adf-a055-8aaa6528757d,1,74.567164
2026/02/04/23:20:47,running-time,rs-000123-422rn,ab2c4a59-8436-4adf-a055-8aaa6528757d,1,74.567164
2026/02/04/23:20:48,apply-time,rs-000124-l6pdc,bcfc8177-e844-4a1c-91dc-eaeb2e0935a6,1,74.567164
2026/02/04/23:20:48,running-time,rs-000124-l6pdc,bcfc8177-e844-4a1c-91dc-eaeb2e0935a6,1,74.567164
2026/02/04/23:20:48,apply-time,rs-000124-qqdlm,70675408-6d02-4061-b24a-bf6266ce07ef,1,74.567164
2026/02/04/23:20:48,running-time,rs-000124-qqdlm,70675408-6d02-4061-b24a-bf6266ce07ef,1,74.567164
2026/02/04/23:20:48,apply-time,rs-000125-2mrxh,7d87adf9-88b3-48ee-94a6-4d4eb72b183c,1,74.567164
2026/02/04/23:20:48,running-time,rs-000125-2mrxh,7d87adf9-88b3-48ee-94a6-4d4eb72b183c,1,74.567164
2026/02/04/23:20:48,apply-time,rs-000125-csm46,631b0d09-811b-4897-8f5b-2783952e0307,1,74.567164
2026/02/04/23:20:48,running-time,rs-000125-csm46,631b0d09-811b-4897-8f5b-2783952e0307,1,74.567164
2026/02/04/23:20:48,apply-time,rs-000125-hr9zq,5761801b-4902-4a22-ad57-27dfa6b879e1,1,74.567164
2026/02/04/23:20:48,running-time,rs-000125-hr9zq,5761801b-4902-4a22-ad57-27dfa6b879e1,1,74.567164
2026/02/04/23:20:48,apply-time,rs-000127-f67nb,5be469ea-2596-417c-8902-2ad5eb552558,1,74.567164
2026/02/04/23:20:48,running-time,rs-000127-f67nb,5be469ea-2596-417c-8902-2ad5eb552558,1,74.567164
2026/02/04/23:20:48,apply-time,rs-000128-sz4qh,14eb9cd9-d1ce-4263-a1bf-d09c574b1583,1,74.567164
2026/02/04/23:20:48,running-time,rs-000128-sz4qh,14eb9cd9-d1ce-4263-a1bf-d09c574b1583,1,74.567164
2026/02/04/23:20:49,apply-time,rs-000129-r68rb,66d152fa-9859-497d-871e-d12fdc18775b,1,75.567164
2026/02/04/23:20:49,running-time,rs-000129-r68rb,66d152fa-9859-497d-871e-d12fdc18775b,1,75.567164
2026/02/04/23:20:49,apply-time,rs-000130-j9h7r,91a47dae-c6f5-4a86-ab37-e3c24f61f103,1,75.567164
2026/02/04/23:20:49,running-time,rs-000130-j9h7r,91a47dae-c6f5-4a86-ab37-e3c24f61f103,1,75.567164
2026/02/04/23:20:49,apply-time,rs-000131-9gbwj,edc4cf00-94df-47bb-93d2-99c0e7c1636c,1,75.567164
2026/02/04/23:20:49,running-time,rs-000131-9gbwj,edc4cf00-94df-47bb-93d2-99c0e7c1636c,1,75.567164
2026/02/04/23:20:49,apply-time,rs-000133-lzrz5,f5f1afc9-4d7d-4903-92dc-ebab80881850,1,75.567164
2026/02/04/23:20:49,running-time,rs-000133-lzrz5,f5f1afc9-4d7d-4903-92dc-ebab80881850,1,75.567164
2026/02/04/23:20:49,apply-time,rs-000134-xvdwk,40cf1163-fb4c-4ef1-b323-d96163aa7406,1,76.567164
2026/02/04/23:20:50,apply-time,rs-000133-9nwmr,5dc9055a-140f-4c9a-baed-79bc66d6599c,1,76.567164
2026/02/04/23:20:50,running-time,rs-000134-xvdwk,40cf1163-fb4c-4ef1-b323-d96163aa7406,1,76.567164
2026/02/04/23:20:54,apply-time,rs-000135-472gd,90dc1496-75d7-4926-8e75-3efe601f98c1,1,80.567164
2026/02/04/23:20:54,apply-time,rs-000135-k4sm8,8d7d4bd7-1c02-4214-9198-ece8ad4404d3,1,80.567164
2026/02/04/23:20:54,apply-time,rs-000135-t6xg2,92b9ecc4-c651-43bc-b12c-f4c21ac15298,1,80.567164
2026/02/04/23:20:54,apply-time,rs-000136-jk9ct,9c0767f8-2f29-4046-be9c-4a0488cc93ab,1,81.567164
2026/02/04/23:20:54,running-time,rs-000136-jk9ct,9c0767f8-2f29-4046-be9c-4a0488cc93ab,1,81.567164
2026/02/04/23:20:55,apply-time,rs-000137-9gljb,9901b9bd-a4ff-4be2-acd1-3d995a2125eb,1,81.567164
2026/02/04/23:20:55,running-time,rs-000137-9gljb,9901b9bd-a4ff-4be2-acd1-3d995a2125eb,1,81.567164
2026/02/04/23:20:55,apply-time,rs-000138-956vb,0ebd06c4-a0eb-4d23-bce6-8b46cca08b1a,1,81.567164
2026/02/04/23:20:55,running-time,rs-000138-956vb,0ebd06c4-a0eb-4d23-bce6-8b46cca08b1a,1,81.567164
2026/02/04/23:20:55,apply-time,rs-000138-zrj8q,f5b57af3-513a-42df-a5a0-03012c8063ff,1,81.567164
2026/02/04/23:20:55,running-time,rs-000138-zrj8q,f5b57af3-513a-42df-a5a0-03012c8063ff,1,81.567164
2026/02/04/23:20:55,apply-time,rs-000139-dzbxj,29774e40-0ced-41e5-8166-23e0f47b5bfd,1,81.567164
2026/02/04/23:20:55,running-time,rs-000139-dzbxj,29774e40-0ced-41e5-8166-23e0f47b5bfd,1,81.567164
2026/02/04/23:20:55,apply-time,rs-000140-bjxqm,11a8dc72-84ce-4e61-a7b3-0a1ffdcaa4d0,1,81.567164
2026/02/04/23:20:55,running-time,rs-000140-bjxqm,11a8dc72-84ce-4e61-a7b3-0a1ffdcaa4d0,1,81.567164
2026/02/04/23:20:55,apply-time,rs-000140-h45d6,dc8e2a24-012a-4b4e-a132-e39f46bb287e,1,81.567164
2026/02/04/23:20:55,running-time,rs-000140-h45d6,dc8e2a24-012a-4b4e-a132-e39f46bb287e,1,81.567164
2026/02/04/23:20:55,apply-time,rs-000140-zlcrz,b6d5bc05-043a-4c06-98a2-9ba949542385,1,81.567164
2026/02/04/23:20:55,running-time,rs-000140-zlcrz,b6d5bc05-043a-4c06-98a2-9ba949542385,1,81.567164
2026/02/04/23:20:55,apply-time,rs-000141-8lxfc,4e91b732-775c-43a2-9da0-9154f933def8,1,81.567164
2026/02/04/23:20:55,apply-time,rs-000142-k69m5,15b46629-1563-410f-9fc6-103e27fdab53,1,82.567164
2026/02/04/23:20:55,running-time,rs-000142-k69m5,15b46629-1563-410f-9fc6-103e27fdab53,1,82.567164
2026/02/04/23:20:55,apply-time,rs-000142-pqf4n,097b16ce-97d1-418e-bd75-72ab6e57b78a,1,82.567164
2026/02/04/23:20:56,apply-time,rs-000143-dhzlh,e19ccd4c-0a82-425a-95aa-16e270ca400e,1,82.567164
2026/02/04/23:20:56,running-time,rs-000143-dhzlh,e19ccd4c-0a82-425a-95aa-16e270ca400e,1,82.567164
2026/02/04/23:20:56,apply-time,rs-000143-q84tm,8c2c274e-7f31-4dd9-b2bb-156220a1f418,1,82.567164
2026/02/04/23:20:56,running-time,rs-000143-q84tm,8c2c274e-7f31-4dd9-b2bb-156220a1f418,1,82.567164
2026/02/04/23:20:56,apply-time,rs-000143-wzmjk,78f215e7-5dd9-4c36-b4b7-281363f4d274,1,82.567164
2026/02/04/23:20:56,running-time,rs-000143-wzmjk,78f215e7-5dd9-4c36-b4b7-281363f4d274,1,82.567164
2026/02/04/23:20:56,apply-time,rs-000144-24scw,d4c53870-619b-4f30-8ec7-04cd459e3267,1,82.567164
2026/02/04/23:20:56,apply-time,rs-000144-nz68c,eb4500b0-b2d9-4daf-822c-9b7d84179bf3,1,82.567164
2026/02/04/23:20:56,running-time,rs-000144-nz68c,eb4500b0-b2d9-4daf-822c-9b7d84179bf3,1,82.567164
2026/02/04/23:20:56,apply-time,rs-000144-phw2b,81aab811-11ad-4690-839f-ee37743ae86e,1,82.567164
2026/02/04/23:20:56,running-time,rs-000144-phw2b,81aab811-11ad-4690-839f-ee37743ae86e,1,82.567164
2026/02/04/23:20:56,apply-time,rs-000146-7j6g6,ae79500a-355b-4ada-9294-6a4d2394a852,1,83.567164
2026/02/04/23:20:56,apply-time,rs-000147-tddpt,a660aa08-0310-4c6e-a777-e17ec40e5a57,1,83.567164
2026/02/04/23:20:57,running-time,rs-000144-24scw,d4c53870-619b-4f30-8ec7-04cd459e3267,1,83.567164
2026/02/04/23:20:57,apply-time,rs-000145-t6djg,f39cbbc2-cd91-400a-9f6b-05d987c6826e,1,83.567164
2026/02/04/23:20:57,running-time,rs-000145-t6djg,f39cbbc2-cd91-400a-9f6b-05d987c6826e,1,83.567164
2026/02/04/23:20:57,apply-time,rs-000147-lqrr5,dd06de38-bd4f-4f59-ba8b-c1bc29730c8c,1,83.567164
2026/02/04/23:20:57,apply-time,rs-000147-nzfs8,11eab5a0-04bd-4962-b14d-7f85cd438240,1,83.567164
2026/02/04/23:20:57,apply-time,rs-000148-s784l,c8979d7d-b6c9-4bd3-817d-c94ecb9531da,1,83.567164
2026/02/04/23:20:57,running-time,rs-000148-s784l,c8979d7d-b6c9-4bd3-817d-c94ecb9531da,1,83.567164
2026/02/04/23:20:57,apply-time,rs-000148-w489k,065aa190-ca19-4650-bc21-0f03d73f11e8,1,83.567164
2026/02/04/23:20:57,running-time,rs-000148-w489k,065aa190-ca19-4650-bc21-0f03d73f11e8,1,83.567164
2026/02/04/23:20:57,apply-time,rs-000149-j8h6w,3312fc14-8d35-4581-92fe-f84aa948d2cb,1,83.567164
2026/02/04/23:20:57,running-time,rs-000149-j8h6w,3312fc14-8d35-4581-92fe-f84aa948d2cb,1,83.567164
2026/02/04/23:20:57,apply-time,rs-000150-8prwl,8de2d831-7f6a-43b2-93f1-d352d82dd607,1,83.567164
2026/02/04/23:20:57,apply-time,rs-000151-48psd,21781935-de8e-48cb-978f-d27b4faede9d,1,83.567164
2026/02/04/23:20:57,apply-time,rs-000152-d7bs5,559fb590-36a2-4603-833b-b8fb0f30ce54,1,84.567164
2026/02/04/23:20:57,running-time,rs-000152-d7bs5,559fb590-36a2-4603-833b-b8fb0f30ce54,1,84.567164
2026/02/04/23:20:58,apply-time,rs-000153-hs5rt,de1cb0f0-7580-47cd-b2b3-a2cea49056f7,1,84.567164
2026/02/04/23:20:58,apply-time,rs-000153-nxqpj,cb792b8e-8f3b-491a-b418-1dfe1a161b6f,1,84.567164
2026/02/04/23:20:58,running-time,rs-000153-nxqpj,cb792b8e-8f3b-491a-b418-1dfe1a161b6f,1,84.567164
2026/02/04/23:20:58,apply-time,rs-000153-qqtlz,6b82d006-6118-4814-8cf2-c6f7349e848e,1,84.567164
2026/02/04/23:20:58,apply-time,rs-000154-bd2ps,ba9c05f4-bfdd-4d19-a23a-1dfbb57ad172,1,84.567164
2026/02/04/23:20:58,apply-time,rs-000154-gpnb6,979367a2-d6ea-4bc8-aa4e-efebbf245723,1,85.567164
2026/02/04/23:20:58,apply-time,rs-000154-sbs56,0fd8bfe6-4bb1-4ac2-ab38-abc8f5924a61,1,85.567164
2026/02/04/23:20:59,running-time,rs-000153-hs5rt,de1cb0f0-7580-47cd-b2b3-a2cea49056f7,1,85.567164
2026/02/04/23:20:59,running-time,rs-000153-qqtlz,6b82d006-6118-4814-8cf2-c6f7349e848e,1,85.567164
2026/02/04/23:20:59,running-time,rs-000154-bd2ps,ba9c05f4-bfdd-4d19-a23a-1dfbb57ad172,1,85.567164
2026/02/04/23:20:59,running-time,rs-000154-sbs56,0fd8bfe6-4bb1-4ac2-ab38-abc8f5924a61,1,86.567164
2026/02/04/23:21:00,running-time,rs-000146-7j6g6,ae79500a-355b-4ada-9294-6a4d2394a852,1,86.567164
2026/02/04/23:21:00,running-time,rs-000154-gpnb6,979367a2-d6ea-4bc8-aa4e-efebbf245723,1,86.567164
2026/02/04/23:21:04,running-time,rs-000150-8prwl,8de2d831-7f6a-43b2-93f1-d352d82dd607,1,90.567164
2026/02/04/23:21:05,apply-time,rs-000155-xqrm9,30226ca7-9e5c-4f49-aa93-a8172eeb71cb,1,92.567164
2026/02/04/23:21:05,apply-time,rs-000156-76dk5,edb93879-5926-49f4-9a2c-7ba32234c4a7,1,92.567164
2026/02/04/23:21:05,apply-time,rs-000157-st6qd,bced71a4-b544-4c9d-a8da-7082102ce31d,1,92.567164
2026/02/04/23:21:05,running-time,rs-000157-st6qd,bced71a4-b544-4c9d-a8da-7082102ce31d,1,92.567164
2026/02/04/23:21:06,running-time,rs-000155-xqrm9,30226ca7-9e5c-4f49-aa93-a8172eeb71cb,1,92.567164
2026/02/04/23:21:06,apply-time,rs-000158-rcqmw,3f8f0c88-137d-43d0-ad1c-201a66c44fcb,1,92.567164
2026/02/04/23:21:06,running-time,rs-000158-rcqmw,3f8f0c88-137d-43d0-ad1c-201a66c44fcb,1,92.567164
2026/02/04/23:21:06,apply-time,rs-000159-fv7xd,ec2c4368-9a2e-4f5c-bccf-8c15918e2527,1,92.567164
2026/02/04/23:21:06,running-time,rs-000159-fv7xd,ec2c4368-9a2e-4f5c-bccf-8c15918e2527,1,92.567164
2026/02/04/23:21:06,apply-time,rs-000160-w4ctf,3311a3df-6600-4f74-b842-66f0474c583b,1,92.567164
2026/02/04/23:21:06,running-time,rs-000160-w4ctf,3311a3df-6600-4f74-b842-66f0474c583b,1,92.567164
2026/02/04/23:21:12,apply-time,rs-000161-j58h2,7c3262b6-6514-4596-920b-d0d5e20e3744,1,98.567164
2026/02/04/23:21:12,running-time,rs-000161-j58h2,7c3262b6-6514-4596-920b-d0d5e20e3744,1,98.567164
2026/02/04/23:21:12,apply-time,rs-000162-6jf6v,3c3573b8-18eb-460d-afa9-69863d685c38,1,98.567164
2026/02/04/23:21:12,running-time,rs-000162-6jf6v,3c3573b8-18eb-460d-afa9-69863d685c38,1,98.567164
2026/02/04/23:21:12,apply-time,rs-000163-r8gz8,695af41e-8e68-46bd-b3c6-e7a92864ab6a,1,99.567164
2026/02/04/23:21:12,running-time,rs-000163-r8gz8,695af41e-8e68-46bd-b3c6-e7a92864ab6a,1,99.567164
2026/02/04/23:21:12,apply-time,rs-000163-rwhnb,4f65da00-81d4-43f8-87e7-aeafc7d599e5,1,99.567164
2026/02/04/23:21:12,running-time,rs-000163-rwhnb,4f65da00-81d4-43f8-87e7-aeafc7d599e5,1,99.567164
2026/02/04/23:21:12,apply-time,rs-000163-wc4xq,7a03befc-08f1-45b8-a725-b8c31eefb22c,1,99.567164
2026/02/04/23:21:12,running-time,rs-000163-wc4xq,7a03befc-08f1-45b8-a725-b8c31eefb22c,1,99.567164
2026/02/04/23:21:12,apply-time,rs-000164-2flnq,0893e484-6d79-4864-b604-2d252f6fd9ff,1,99.567164
2026/02/04/23:21:12,running-time,rs-000164-2flnq,0893e484-6d79-4864-b604-2d252f6fd9ff,1,99.567164
2026/02/04/23:21:12,apply-time,rs-000165-jb9vk,1af710b6-900c-45ba-88dc-4aafa6fbbcb7,1,99.567164
2026/02/04/23:21:12,running-time,rs-000165-jb9vk,1af710b6-900c-45ba-88dc-4aafa6fbbcb7,1,99.567164
2026/02/04/23:21:12,apply-time,rs-000166-djbrk,51e6183c-05ef-432e-a1db-5f518ac7e76b,1,99.567164
2026/02/04/23:21:12,running-time,rs-000166-djbrk,51e6183c-05ef-432e-a1db-5f518ac7e76b,1,99.567164
2026/02/04/23:21:12,apply-time,rs-000166-l77gt,078d63c0-8453-4b9f-a4cb-ea1be5e36288,1,99.567164
2026/02/04/23:21:12,running-time,rs-000166-l77gt,078d63c0-8453-4b9f-a4cb-ea1be5e36288,1,99.567164
2026/02/04/23:21:12,apply-time,rs-000166-xxbzf,21b1634e-4936-4712-9c25-f481b0f856e2,1,99.567164
2026/02/04/23:21:12,running-time,rs-000166-xxbzf,21b1634e-4936-4712-9c25-f481b0f856e2,1,99.567164
2026/02/04/23:21:12,apply-time,rs-000167-2mhh9,aed3a4d8-f600-45d7-900f-b2ce4afc327e,1,99.567164
2026/02/04/23:21:13,apply-time,rs-000168-tvf6v,0f4e268a-00f0-4039-a319-52742b7f05ad,1,99.567164
2026/02/04/23:21:14,running-time,rs-000168-tvf6v,0f4e268a-00f0-4039-a319-52742b7f05ad,1,101.567164
2026/02/04/23:21:14,apply-time,rs-000169-7mw5t,bab5fae9-7c71-491d-adef-c9b02e33351d,1,100.567164
2026/02/04/23:21:14,apply-time,rs-000169-v6jmm,c2139295-46a3-40a1-94e4-298910599dc0,1,100.567164
2026/02/04/23:21:14,apply-time,rs-000170-7hj7d,8c9ccc6c-5b97-4891-9c4a-86741c4e18e6,1,100.567164
2026/02/04/23:21:14,apply-time,rs-000171-p77f9,a39cac42-b07a-411e-a3d6-ff1cf3ab124c,1,100.567164
2026/02/04/23:21:14,running-time,rs-000171-p77f9,a39cac42-b07a-411e-a3d6-ff1cf3ab124c,1,100.567164
2026/02/04/23:21:14,apply-time,rs-000172-mrs4n,d7e4a507-709d-481f-8018-142cf1541c91,1,101.567164
2026/02/04/23:21:14,running-time,rs-000172-mrs4n,d7e4a507-709d-481f-8018-142cf1541c91,1,101.567164
2026/02/04/23:21:14,apply-time,rs-000173-bmlsw,8b2808e8-582e-41da-9a0c-d74bb420f07b,1,101.567164
2026/02/04/23:21:14,apply-time,rs-000173-s4t2z,dfcf911d-038c-4499-8ec8-366996e1548e,1,101.567164
2026/02/04/23:21:14,apply-time,rs-000173-vs4wv,cf414db8-582f-406e-8499-f4272ca67676,1,101.567164
2026/02/04/23:21:14,apply-time,rs-000175-pw7rn,cafe4245-14f2-4bb1-9093-4b8b6aaf2ec7,1,101.567164
2026/02/04/23:21:14,running-time,rs-000175-pw7rn,cafe4245-14f2-4bb1-9093-4b8b6aaf2ec7,1,101.567164
2026/02/04/23:21:15,apply-time,rs-000172-vdvrc,64ea56e0-1a80-430c-9cb4-9f58369fd538,1,101.567164
2026/02/04/23:21:15,apply-time,rs-000174-j479s,43e2bcf3-1cf2-4e89-8be8-532861ecaa2c,1,101.567164
2026/02/04/23:21:15,running-time,rs-000174-j479s,43e2bcf3-1cf2-4e89-8be8-532861ecaa2c,1,101.567164
2026/02/04/23:21:15,apply-time,rs-000174-x6d7c,791dae3a-176f-47c9-ad86-4cd9eaf320aa,1,101.567164
2026/02/04/23:21:15,running-time,rs-000174-x6d7c,791dae3a-176f-47c9-ad86-4cd9eaf320aa,1,101.567164
2026/02/04/23:21:16,running-time,rs-000169-v6jmm,c2139295-46a3-40a1-94e4-298910599dc0,1,102.567164
2026/02/04/23:21:16,running-time,rs-000172-vdvrc,64ea56e0-1a80-430c-9cb4-9f58369fd538,1,102.567164
2026/02/04/23:21:17,running-time,rs-000169-7mw5t,bab5fae9-7c71-491d-adef-c9b02e33351d,1,103.567164
2026/02/04/23:21:18,running-time,rs-000173-bmlsw,8b2808e8-582e-41da-9a0c-d74bb420f07b,1,105.567164
2026/02/04/23:21:19,running-time,rs-000173-vs4wv,cf414db8-582f-406e-8499-f4272ca67676,1,105.567164
2026/02/04/23:21:20,running-time,rs-000167-2mhh9,aed3a4d8-f600-45d7-900f-b2ce4afc327e,1,107.567164
2026/02/04/23:21:20,running-time,rs-000173-s4t2z,dfcf911d-038c-4499-8ec8-366996e1548e,1,106.567164
2026/02/04/23:21:20,apply-time,rs-000176-d4894,ffebb21c-9b07-4fd7-b81f-88604a99ed24,1,107.567164
2026/02/04/23:21:20,running-time,rs-000176-d4894,ffebb21c-9b07-4fd7-b81f-88604a99ed24,1,107.567164
2026/02/04/23:21:20,apply-time,rs-000177-79vqr,4334bde4-4cff-44a4-85e8-f55b9ad9a497,1,107.567164
2026/02/04/23:21:20,apply-time,rs-000178-slpcf,8a60a023-68dd-4b6b-a877-89e1b2533aaa,1,107.567164
2026/02/04/23:21:21,running-time,rs-000178-slpcf,8a60a023-68dd-4b6b-a877-89e1b2533aaa,1,107.567164
2026/02/04/23:21:21,apply-time,rs-000179-m75bt,72becd76-f6ec-4396-8edd-e9237f694f83,1,108.567164
2026/02/04/23:21:21,apply-time,rs-000180-5w7jz,34adb20e-3e66-47f8-ad84-b8aecc654b21,1,108.567164
2026/02/04/23:21:21,apply-time,rs-000180-ggcft,d84a3f8d-35c8-4eeb-b13c-6a0f325e6866,1,108.567164
2026/02/04/23:21:21,apply-time,rs-000180-xjch8,b5d0cf1b-fb6e-415d-816f-114a6222380d,1,108.567164
2026/02/04/23:21:21,apply-time,rs-000181-4gpsx,c2e6d45c-a91b-4f5f-832e-33b91fb01119,1,108.567164
2026/02/04/23:21:21,running-time,rs-000181-4gpsx,c2e6d45c-a91b-4f5f-832e-33b91fb01119,1,108.567164
2026/02/04/23:21:21,apply-time,rs-000181-t4dc6,dda93529-3bbe-4c5e-804f-f76304d1b962,1,108.567164
2026/02/04/23:21:21,running-time,rs-000181-t4dc6,dda93529-3bbe-4c5e-804f-f76304d1b962,1,108.567164
2026/02/04/23:21:21,apply-time,rs-000182-2sjcm,1ca97578-289c-444b-8490-58182a67f35c,1,108.567164
2026/02/04/23:21:21,apply-time,rs-000182-5tsvb,edcc188f-d5fe-40a1-8c79-25b6e9d60879,1,108.567164
2026/02/04/23:21:21,apply-time,rs-000182-wdnnz,ac442e3c-98b4-4bcf-946e-69134a46e611,1,108.567164
2026/02/04/23:21:21,running-time,rs-000182-wdnnz,ac442e3c-98b4-4bcf-946e-69134a46e611,1,108.567164
2026/02/04/23:21:21,apply-time,rs-000183-cndsw,a2a720d0-b794-456f-9282-a30f9f3f1616,1,108.567164
2026/02/04/23:21:21,running-time,rs-000183-cndsw,a2a720d0-b794-456f-9282-a30f9f3f1616,1,108.567164
2026/02/04/23:21:22,running-time,rs-000180-5w7jz,34adb20e-3e66-47f8-ad84-b8aecc654b21,1,108.567164
2026/02/04/23:21:22,running-time,rs-000180-ggcft,d84a3f8d-35c8-4eeb-b13c-6a0f325e6866,1,108.567164
2026/02/04/23:21:22,running-time,rs-000180-xjch8,b5d0cf1b-fb6e-415d-816f-114a6222380d,1,108.567164
2026/02/04/23:21:22,running-time,rs-000182-2sjcm,1ca97578-289c-444b-8490-58182a67f35c,1,108.567164
2026/02/04/23:21:22,running-time,rs-000182-5tsvb,edcc188f-d5fe-40a1-8c79-25b6e9d60879,1,109.567164
2026/02/04/23:21:24,apply-time,rs-000184-xx7ng,d56c612f-005e-4141-8b28-a4a605f0acf3,1,110.567164
2026/02/04/23:21:24,running-time,rs-000184-xx7ng,d56c612f-005e-4141-8b28-a4a605f0acf3,1,110.567164
2026/02/04/23:21:24,apply-time,rs-000185-jrp8n,6f29cb91-ab9d-4cb8-9056-356b0c42580c,1,110.567164
2026/02/04/23:21:24,running-time,rs-000185-jrp8n,6f29cb91-ab9d-4cb8-9056-356b0c42580c,1,110.567164
2026/02/04/23:21:24,apply-time,rs-000185-zvd44,292ce1a6-d1f3-4617-9a0d-eb6cf5a6add7,1,110.567164
2026/02/04/23:21:24,running-time,rs-000185-zvd44,292ce1a6-d1f3-4617-9a0d-eb6cf5a6add7,1,110.567164
2026/02/04/23:21:25,apply-time,rs-000186-p8dcd,d95e637f-b5c0-4961-92ca-005f08cdd390,1,111.567164
2026/02/04/23:21:25,running-time,rs-000186-p8dcd,d95e637f-b5c0-4961-92ca-005f08cdd390,1,111.567164
2026/02/04/23:21:25,apply-time,rs-000187-jv4wm,53035a90-4522-4a64-be3d-249c1e978bfd,1,111.567164
2026/02/04/23:21:25,apply-time,rs-000187-r4d55,b13b6ebc-4676-4776-a716-058d6867a558,1,111.567164
2026/02/04/23:21:25,running-time,rs-000187-r4d55,b13b6ebc-4676-4776-a716-058d6867a558,1,111.567164
2026/02/04/23:21:25,apply-time,rs-000187-r6lll,d9fa630f-a757-45f7-a7e9-93f008585cb2,1,111.567164
2026/02/04/23:21:25,running-time,rs-000187-r6lll,d9fa630f-a757-45f7-a7e9-93f008585cb2,1,111.567164
2026/02/04/23:21:25,apply-time,rs-000188-xjzc4,0f7200a0-1aad-4593-8e3a-8b8a993710f3,1,111.567164
2026/02/04/23:21:25,running-time,rs-000188-xjzc4,0f7200a0-1aad-4593-8e3a-8b8a993710f3,1,111.567164
2026/02/04/23:21:25,apply-time,rs-000189-cqnn6,5b79767a-d31f-4348-a24e-567e1d7cfd7a,1,111.567164
2026/02/04/23:21:25,apply-time,rs-000190-b889l,155a36a2-fd21-4c5d-a565-b2e983b9c363,1,111.567164
2026/02/04/23:21:25,apply-time,rs-000190-f2rbt,2f19aaf5-a0c2-4e48-9f5e-3b7fe665884b,1,111.567164
2026/02/04/23:21:25,apply-time,rs-000190-vk8xz,310ca55a-7319-4ca2-8edd-546ff2f4743a,1,111.567164
2026/02/04/23:21:25,apply-time,rs-000191-9qvgd,85ce68c5-3f4f-4f35-987c-8eee098a870c,1,112.567164
2026/02/04/23:21:25,running-time,rs-000191-9qvgd,85ce68c5-3f4f-4f35-987c-8eee098a870c,1,112.567164
2026/02/04/23:21:25,apply-time,rs-000191-xbmq7,4bec587b-3638-4e30-b0c6-af7a09681bce,1,111.567164
2026/02/04/23:21:25,running-time,rs-000191-xbmq7,4bec587b-3638-4e30-b0c6-af7a09681bce,1,111.567164
2026/02/04/23:21:25,apply-time,rs-000192-ffks7,b64114ab-9735-4c0c-9d18-7cdf535d631b,1,112.567164
2026/02/04/23:21:25,apply-time,rs-000192-nxstg,1d70aaad-a9db-4e2c-9d61-dd906b7fddbb,1,111.567164
2026/02/04/23:21:25,apply-time,rs-000193-46ft5,e66f07de-5a21-4e58-860a-106b057bfa39,1,112.567164
2026/02/04/23:21:25,apply-time,rs-000193-4qlxp,c99a2b2f-70f0-4a01-9c96-0621ab781748,1,111.567164
2026/02/04/23:21:25,apply-time,rs-000193-lnh5m,09a6893a-04f7-4583-a452-ac6b4e266aa3,1,112.567164
2026/02/04/23:21:26,running-time,rs-000187-jv4wm,53035a90-4522-4a64-be3d-249c1e978bfd,1,112.567164
2026/02/04/23:21:26,running-time,rs-000190-vk8xz,310ca55a-7319-4ca2-8edd-546ff2f4743a,1,112.567164
2026/02/04/23:21:26,running-time,rs-000192-nxstg,1d70aaad-a9db-4e2c-9d61-dd906b7fddbb,1,112.567164
2026/02/04/23:21:27,running-time,rs-000189-cqnn6,5b79767a-d31f-4348-a24e-567e1d7cfd7a,1,114.567164
2026/02/04/23:21:27,running-time,rs-000190-b889l,155a36a2-fd21-4c5d-a565-b2e983b9c363,1,113.567164
2026/02/04/23:21:27,running-time,rs-000190-f2rbt,2f19aaf5-a0c2-4e48-9f5e-3b7fe665884b,1,113.567164
2026/02/04/23:21:27,running-time,rs-000193-46ft5,e66f07de-5a21-4e58-860a-106b057bfa39,1,113.567164
2026/02/04/23:21:27,running-time,rs-000193-lnh5m,09a6893a-04f7-4583-a452-ac6b4e266aa3,1,113.567164
2026/02/04/23:21:28,running-time,rs-000156-76dk5,edb93879-5926-49f4-9a2c-7ba32234c4a7,1,115.567164
2026/02/04/23:21:28,apply-time,rs-000194-45fhv,09e9bd90-4f05-4a64-a846-40a584830297,1,114.567164
2026/02/04/23:21:28,running-time,rs-000194-45fhv,09e9bd90-4f05-4a64-a846-40a584830297,1,114.567164
2026/02/04/23:21:28,apply-time,rs-000195-dzqjg,e6c95964-acd9-4ec4-a453-35b42c2c11bb,1,114.567164
2026/02/04/23:21:28,running-time,rs-000195-dzqjg,e6c95964-acd9-4ec4-a453-35b42c2c11bb,1,114.567164
2026/02/04/23:21:28,apply-time,rs-000196-rftgx,fddf90f5-ecfe-49fe-9663-df5dad07cc25,1,114.567164
2026/02/04/23:21:28,running-time,rs-000196-rftgx,fddf90f5-ecfe-49fe-9663-df5dad07cc25,1,115.567164
2026/02/04/23:21:30,running-time,rs-000177-79vqr,4334bde4-4cff-44a4-85e8-f55b9ad9a497,1,116.567164
2026/02/04/23:21:34,apply-time,rs-000197-4mfdm,1e5ccb0e-c572-46b3-a752-57a174d6c470,1,121.567164
2026/02/04/23:21:34,running-time,rs-000197-4mfdm,1e5ccb0e-c572-46b3-a752-57a174d6c470,1,121.567164
2026/02/04/23:21:34,apply-time,rs-000197-mq97q,7f485ee3-0b6a-403a-85e2-5e7f634011f8,1,121.567164
2026/02/04/23:21:34,running-time,rs-000197-mq97q,7f485ee3-0b6a-403a-85e2-5e7f634011f8,1,121.567164
2026/02/04/23:21:34,apply-time,rs-000197-z6nvt,a67f022a-9966-48e8-95fb-4b8cc843f6c8,1,121.567164
2026/02/04/23:21:34,running-time,rs-000197-z6nvt,a67f022a-9966-48e8-95fb-4b8cc843f6c8,1,121.567164
2026/02/04/23:21:34,apply-time,rs-000198-bcfpn,c82cf325-94fe-4aa2-9fb7-24b6204ea0f8,1,121.567164
2026/02/04/23:21:34,running-time,rs-000198-bcfpn,c82cf325-94fe-4aa2-9fb7-24b6204ea0f8,1,121.567164
2026/02/04/23:21:34,apply-time,rs-000198-h7zc9,96da24bd-db95-4e03-8362-c2776be1e216,1,121.567164
2026/02/04/23:21:34,running-time,rs-000198-h7zc9,96da24bd-db95-4e03-8362-c2776be1e216,1,121.567164
2026/02/04/23:21:34,apply-time,rs-000198-nwhdw,d7b04f63-ef6c-42eb-9e5f-43bfbf553504,1,121.567164
2026/02/04/23:21:34,running-time,rs-000198-nwhdw,d7b04f63-ef6c-42eb-9e5f-43bfbf553504,1,121.567164
2026/02/04/23:21:34,apply-time,rs-000199-s74lx,e519cb56-97d6-46cd-89e9-1109da2b58f1,1,121.567164
2026/02/04/23:21:34,running-time,rs-000199-s74lx,e519cb56-97d6-46cd-89e9-1109da2b58f1,1,121.567164
2026/02/04/23:21:34,apply-time,rs-000199-tr94b,6053a02d-03cd-4166-b91a-b052bcdff959,1,121.567164
2026/02/04/23:21:34,running-time,rs-000199-tr94b,6053a02d-03cd-4166-b91a-b052bcdff959,1,121.567164
2026/02/04/23:21:34,apply-time,rs-000199-w2t7s,6e57cd0b-056d-4a64-9dce-32c484150c20,1,121.567164
2026/02/04/23:21:34,running-time,rs-000199-w2t7s,6e57cd0b-056d-4a64-9dce-32c484150c20,1,121.567164
2026/02/04/23:21:34,apply-time,rs-000200-wk6w7,51993884-e446-4ef1-817d-7f049d2dd591,1,121.567164
2026/02/04/23:21:34,running-time,rs-000200-wk6w7,51993884-e446-4ef1-817d-7f049d2dd591,1,121.567164
2026/02/04/23:21:34,apply-time,rs-000201-j6thb,165d33cc-ec5e-4e92-b750-17705303b400,1,121.567164
2026/02/04/23:21:34,apply-time,rs-000201-nnw5d,98a74dfc-161e-4805-aac1-c308e23b8861,1,121.567164
2026/02/04/23:21:34,running-time,rs-000201-nnw5d,98a74dfc-161e-4805-aac1-c308e23b8861,1,121.567164
2026/02/04/23:21:35,running-time,rs-000201-j6thb,165d33cc-ec5e-4e92-b750-17705303b400,1,121.567164
2026/02/04/23:21:35,apply-time,rs-000202-gk6lp,79897c4c-ddfa-4d95-8131-20546be2c7c8,1,121.567164
2026/02/04/23:21:37,running-time,rs-000202-gk6lp,79897c4c-ddfa-4d95-8131-20546be2c7c8,1,123.567164
2026/02/04/23:21:37,apply-time,rs-000203-g6cw9,6944af78-5e2f-496c-949b-08c257239500,1,123.567164
2026/02/04/23:21:37,running-time,rs-000203-g6cw9,6944af78-5e2f-496c-949b-08c257239500,1,123.567164
2026/02/04/23:21:39,apply-time,rs-000204-6dbjj,f697e746-4f23-4a8b-9687-577f64ca3492,1,125.567164
2026/02/04/23:21:39,running-time,rs-000204-6dbjj,f697e746-4f23-4a8b-9687-577f64ca3492,1,125.567164
2026/02/04/23:21:39,apply-time,rs-000204-cmgnf,2934c876-5a4a-4285-9bd0-4783ad3138ad,1,125.567164
2026/02/04/23:21:39,running-time,rs-000204-cmgnf,2934c876-5a4a-4285-9bd0-4783ad3138ad,1,126.567164
2026/02/04/23:21:45,running-time,rs-000113-hvrl7,265e3d42-5d9f-4dbc-94f7-b0f2afc7a977,1,132.567164
2026/02/04/23:21:46,apply-time,rs-000205-6pjvr,6ee43930-6905-42d8-b33a-c6a7810b6708,1,132.567164
2026/02/04/23:21:46,running-time,rs-000205-6pjvr,6ee43930-6905-42d8-b33a-c6a7810b6708,1,132.567164
2026/02/04/23:21:46,apply-time,rs-000205-6qprs,e5a969ed-353b-435a-b6c2-4d06fe90d5b9,1,132.567164
2026/02/04/23:21:46,running-time,rs-000205-6qprs,e5a969ed-353b-435a-b6c2-4d06fe90d5b9,1,132.567164
2026/02/04/23:21:46,apply-time,rs-000205-b8pjj,69ea3bcc-ea11-4c91-a407-ad164c89b1d1,1,132.567164
2026/02/04/23:21:46,running-time,rs-000205-b8pjj,69ea3bcc-ea11-4c91-a407-ad164c89b1d1,1,132.567164
2026/02/04/23:21:46,apply-time,rs-000206-g49g6,5dc91208-8fad-43da-8420-1454c5de8157,1,132.567164
2026/02/04/23:21:46,running-time,rs-000206-g49g6,5dc91208-8fad-43da-8420-1454c5de8157,1,132.567164
2026/02/04/23:21:46,apply-time,rs-000206-pzmv8,4d114525-8403-473f-9ac4-4e29a198fd21,1,132.567164
2026/02/04/23:21:46,running-time,rs-000206-pzmv8,4d114525-8403-473f-9ac4-4e29a198fd21,1,132.567164
2026/02/04/23:21:46,apply-time,rs-000207-88zss,123c3737-e4d4-44ca-8654-f4541bf61d1f,1,132.567164
2026/02/04/23:21:46,running-time,rs-000207-88zss,123c3737-e4d4-44ca-8654-f4541bf61d1f,1,133.567164
2026/02/04/23:21:46,apply-time,rs-000208-mlkwg,a088dfee-59ab-4f91-9887-061acde1394f,1,132.567164
2026/02/04/23:21:46,running-time,rs-000208-mlkwg,a088dfee-59ab-4f91-9887-061acde1394f,1,132.567164
2026/02/04/23:21:46,apply-time,rs-000209-c9rgw,92a1d716-8cfc-4651-b9d3-7758f4089cd0,1,132.567164
2026/02/04/23:21:46,running-time,rs-000209-c9rgw,92a1d716-8cfc-4651-b9d3-7758f4089cd0,1,133.567164
2026/02/04/23:21:46,apply-time,rs-000209-nllwf,a8e1096c-ae20-47d6-92e4-3386953a6cfd,1,132.567164
2026/02/04/23:21:46,running-time,rs-000209-nllwf,a8e1096c-ae20-47d6-92e4-3386953a6cfd,1,132.567164
2026/02/04/23:21:46,apply-time,rs-000209-spr59,dd056ad7-4973-4f5b-8fcf-7877e553a371,1,132.567164
2026/02/04/23:21:46,running-time,rs-000209-spr59,dd056ad7-4973-4f5b-8fcf-7877e553a371,1,133.567164
2026/02/04/23:21:46,apply-time,rs-000210-2gfxf,47172d5f-96d4-4b00-8578-e392b69a92a1,1,132.567164
2026/02/04/23:21:46,running-time,rs-000210-2gfxf,47172d5f-96d4-4b00-8578-e392b69a92a1,1,132.567164
2026/02/04/23:21:46,apply-time,rs-000210-bptpw,1d03595c-9ee7-4828-a601-8a63aef5a530,1,132.567164
2026/02/04/23:21:46,running-time,rs-000210-bptpw,1d03595c-9ee7-4828-a601-8a63aef5a530,1,132.567164
2026/02/04/23:21:50,apply-time,rs-000211-269vj,4af05788-2399-4358-9835-e6124bfc6b37,1,136.567164
2026/02/04/23:21:50,apply-time,rs-000211-xw2b5,631fecee-e680-4cf8-998d-bf133b623cd5,1,136.567164
2026/02/04/23:21:50,running-time,rs-000211-xw2b5,631fecee-e680-4cf8-998d-bf133b623cd5,1,136.567164
2026/02/04/23:21:50,apply-time,rs-000212-x9ksc,a8026c92-fe7b-4cff-a36f-04efa114c736,1,136.567164
2026/02/04/23:21:50,apply-time,rs-000213-pmg8s,6a409c2e-f712-4ca4-9512-edfb0abaa17f,1,136.567164
2026/02/04/23:21:50,running-time,rs-000213-pmg8s,6a409c2e-f712-4ca4-9512-edfb0abaa17f,1,136.567164
2026/02/04/23:21:51,running-time,rs-000211-269vj,4af05788-2399-4358-9835-e6124bfc6b37,1,137.567164
2026/02/04/23:22:01,running-time,rs-000113-57v55,01358e04-86fc-413c-a6f0-d3d4353c1e6b,1,147.567164
2026/02/04/23:22:01,running-time,rs-000113-78q2d,b90670d5-f1b4-4832-bb02-a8c8bb4788d6,1,147.567164
2026/02/04/23:22:01,running-time,rs-000212-x9ksc,a8026c92-fe7b-4cff-a36f-04efa114c736,1,147.567164
2026/02/04/23:22:03,apply-time,rs-000214-99wmb,e014ceb2-dc0e-45b2-8c84-d84e1590c547,1,150.567164
2026/02/04/23:22:03,running-time,rs-000214-99wmb,e014ceb2-dc0e-45b2-8c84-d84e1590c547,1,150.567164
2026/02/04/23:22:03,apply-time,rs-000214-jlxlm,f0fa70c5-e589-490a-9350-10ca29edcbc1,1,150.567164
2026/02/04/23:22:03,apply-time,rs-000214-rsndk,0a078fb9-9b37-4a8d-8e4b-246b38b44f14,1,150.567164
2026/02/04/23:22:07,running-time,rs-000214-jlxlm,f0fa70c5-e589-490a-9350-10ca29edcbc1,1,153.567164
2026/02/04/23:22:07,running-time,rs-000214-rsndk,0a078fb9-9b37-4a8d-8e4b-246b38b44f14,1,153.567164
2026/02/04/23:22:10,apply-time,rs-000215-p947j,22f46d32-d5b4-4ee2-bf87-4d322be0067a,1,157.567164
2026/02/04/23:22:10,running-time,rs-000215-p947j,22f46d32-d5b4-4ee2-bf87-4d322be0067a,1,157.567164
2026/02/04/23:22:10,apply-time,rs-000215-qdcxq,67bcad4d-1de4-405e-9fa3-0edfc09d1170,1,157.567164
2026/02/04/23:22:10,running-time,rs-000215-qdcxq,67bcad4d-1de4-405e-9fa3-0edfc09d1170,1,157.567164
2026/02/04/23:22:10,apply-time,rs-000215-qf2gh,9c1b294f-c694-4ea2-978f-f3c83d01186f,1,157.567164
2026/02/04/23:22:10,running-time,rs-000215-qf2gh,9c1b294f-c694-4ea2-978f-f3c83d01186f,1,157.567164
2026/02/04/23:22:10,apply-time,rs-000216-jv7cn,f9c0885a-f696-494b-8f77-d53acad4f1a1,1,157.567164
2026/02/04/23:22:10,running-time,rs-000216-jv7cn,f9c0885a-f696-494b-8f77-d53acad4f1a1,1,157.567164
2026/02/04/23:22:10,apply-time,rs-000216-kh6wn,b98cdacc-6be2-437b-8b07-b5375670d551,1,157.567164
2026/02/04/23:22:10,running-time,rs-000216-kh6wn,b98cdacc-6be2-437b-8b07-b5375670d551,1,157.567164
2026/02/04/23:22:10,apply-time,rs-000216-wxsjh,553a5586-9a82-4bb1-a264-8c249f59185b,1,157.567164
2026/02/04/23:22:10,running-time,rs-000216-wxsjh,553a5586-9a82-4bb1-a264-8c249f59185b,1,157.567164
2026/02/04/23:22:14,apply-time,rs-000217-fm9c6,2a497d24-2f1f-4d38-b44e-329d46c03527,1,161.567164
2026/02/04/23:22:14,running-time,rs-000217-fm9c6,2a497d24-2f1f-4d38-b44e-329d46c03527,1,161.567164
2026/02/04/23:22:14,apply-time,rs-000217-pvzwq,e43334be-c883-4e25-8fa5-f6f99f9cfecd,1,161.567164
2026/02/04/23:22:14,running-time,rs-000217-pvzwq,e43334be-c883-4e25-8fa5-f6f99f9cfecd,1,161.567164
2026/02/04/23:22:14,apply-time,rs-000217-t86bn,8130e9a8-9df1-41d4-8dcc-cde5af5dd0c1,1,161.567164
2026/02/04/23:22:14,running-time,rs-000217-t86bn,8130e9a8-9df1-41d4-8dcc-cde5af5dd0c1,1,161.567164
2026/02/04/23:22:14,apply-time,rs-000218-2gnjj,bb955f9b-16be-44b6-b679-b4f235fd929a,1,161.567164
2026/02/04/23:22:14,running-time,rs-000218-2gnjj,bb955f9b-16be-44b6-b679-b4f235fd929a,1,161.567164
2026/02/04/23:22:14,apply-time,rs-000218-xz2m2,b1baf080-059f-433a-8cb6-4629707dea49,1,161.567164
2026/02/04/23:22:14,running-time,rs-000218-xz2m2,b1baf080-059f-433a-8cb6-4629707dea49,1,161.567164
2026/02/04/23:22:14,apply-time,rs-000219-br7t5,4af5b252-5528-4606-9f82-09c3aca41ff7,1,161.567164
2026/02/04/23:22:14,running-time,rs-000219-br7t5,4af5b252-5528-4606-9f82-09c3aca41ff7,1,161.567164
2026/02/04/23:22:14,apply-time,rs-000219-g4gbb,5c00cf25-3a0f-4b9e-b3f8-b34bf4e9ae6f,1,161.567164
2026/02/04/23:22:14,running-time,rs-000219-g4gbb,5c00cf25-3a0f-4b9e-b3f8-b34bf4e9ae6f,1,161.567164
2026/02/04/23:22:14,apply-time,rs-000219-q5l94,8fd84043-086e-4322-8da7-bec054b52a38,1,161.567164
2026/02/04/23:22:14,apply-time,rs-000220-n2glb,50b2bb6a-1816-478b-91e6-35b2fe091cfa,1,161.567164
2026/02/04/23:22:14,running-time,rs-000220-n2glb,50b2bb6a-1816-478b-91e6-35b2fe091cfa,1,161.567164
2026/02/04/23:22:14,apply-time,rs-000221-cp56p,53618558-13c2-4c48-86a0-36832cf58f13,1,161.567164
2026/02/04/23:22:14,apply-time,rs-000221-dbqgv,5b2fbde4-1968-4e28-8bbe-8fea607a8a74,1,161.567164
2026/02/04/23:22:14,apply-time,rs-000221-mk82v,beb355d2-4000-4dff-a727-f55023092944,1,161.567164
2026/02/04/23:22:17,running-time,rs-000219-q5l94,8fd84043-086e-4322-8da7-bec054b52a38,1,163.567164
2026/02/04/23:22:29,apply-time,rs-000222-2txcv,3ef9e1eb-4542-44f7-be0a-890b909b9c02,1,175.567164
2026/02/04/23:22:29,running-time,rs-000222-2txcv,3ef9e1eb-4542-44f7-be0a-890b909b9c02,1,175.567164
2026/02/04/23:22:29,apply-time,rs-000222-q4djd,5d89299a-be9d-4b47-baf8-d7b4987b4efa,1,175.567164
2026/02/04/23:22:29,running-time,rs-000222-q4djd,5d89299a-be9d-4b47-baf8-d7b4987b4efa,1,175.567164
2026/02/04/23:22:29,apply-time,rs-000223-5x8l2,13f2b949-9f1b-4986-93d9-e629d47546ee,1,176.567164
2026/02/04/23:22:29,running-time,rs-000223-5x8l2,13f2b949-9f1b-4986-93d9-e629d47546ee,1,176.567164
2026/02/04/23:22:29,apply-time,rs-000223-z9zrj,8248f5bb-6034-4b72-a94d-70b1d55be1a8,1,176.567164
2026/02/04/23:22:29,running-time,rs-000223-z9zrj,8248f5bb-6034-4b72-a94d-70b1d55be1a8,1,176.567164
2026/02/04/23:22:29,apply-time,rs-000224-92hcs,4e7e5453-c545-41f5-8393-706eabf3a395,1,176.567164
2026/02/04/23:22:29,running-time,rs-000224-92hcs,4e7e5453-c545-41f5-8393-706eabf3a395,1,176.567164
2026/02/04/23:22:29,apply-time,rs-000224-fzjgw,26fee57f-3559-4f90-9a7b-e4b04769c455,1,176.567164
2026/02/04/23:22:29,running-time,rs-000224-fzjgw,26fee57f-3559-4f90-9a7b-e4b04769c455,1,176.567164
2026/02/04/23:22:30,apply-time,rs-000225-6hnv6,afaf3397-d5e5-478f-b3db-cb5dcf275104,1,176.567164
2026/02/04/23:22:30,running-time,rs-000225-6hnv6,afaf3397-d5e5-478f-b3db-cb5dcf275104,1,176.567164
2026/02/04/23:22:30,apply-time,rs-000225-bsvtj,0d387ee4-3eb5-407d-a1e7-d8b4197d274c,1,176.567164
2026/02/04/23:22:30,running-time,rs-000225-bsvtj,0d387ee4-3eb5-407d-a1e7-d8b4197d274c,1,176.567164
2026/02/04/23:22:30,apply-time,rs-000226-5qgzs,e1502fb8-8667-494e-97b7-16a1ae35cfe2,1,176.567164
2026/02/04/23:22:30,running-time,rs-000226-5qgzs,e1502fb8-8667-494e-97b7-16a1ae35cfe2,1,176.567164
2026/02/04/23:22:30,apply-time,rs-000227-9txwr,71100777-30a1-4f7f-8b4e-f76241e42f2e,1,176.567164
2026/02/04/23:22:30,running-time,rs-000227-9txwr,71100777-30a1-4f7f-8b4e-f76241e42f2e,1,176.567164
2026/02/04/23:22:30,apply-time,rs-000227-gmfbk,f1f83bd2-d523-4202-9447-307360645898,1,176.567164
2026/02/04/23:22:30,running-time,rs-000227-gmfbk,f1f83bd2-d523-4202-9447-307360645898,1,176.567164
2026/02/04/23:22:30,apply-time,rs-000228-8zkx7,baf829b7-4b33-4b73-9a62-e1cd64c30690,1,176.567164
2026/02/04/23:22:30,running-time,rs-000228-8zkx7,baf829b7-4b33-4b73-9a62-e1cd64c30690,1,176.567164
2026/02/04/23:22:35,apply-time,rs-000229-7rgvm,11babe63-6cc8-4ed6-8b50-bbe2bf002dee,1,182.567164
2026/02/04/23:22:35,running-time,rs-000229-7rgvm,11babe63-6cc8-4ed6-8b50-bbe2bf002dee,1,182.567164
2026/02/04/23:22:35,apply-time,rs-000230-9wxk9,498602d4-dd17-4cea-8ef5-baa664791e4e,1,182.567164
2026/02/04/23:22:35,running-time,rs-000230-9wxk9,498602d4-dd17-4cea-8ef5-baa664791e4e,1,182.567164
2026/02/04/23:22:35,apply-time,rs-000230-jmgfl,6ac3d08c-d231-49ec-a2aa-2989031928e9,1,182.567164
2026/02/04/23:22:35,running-time,rs-000230-jmgfl,6ac3d08c-d231-49ec-a2aa-2989031928e9,1,182.567164
2026/02/04/23:22:35,apply-time,rs-000230-wqj6l,186db8b5-0f9c-4c52-93e6-ba3e615869aa,1,182.567164
2026/02/04/23:22:35,running-time,rs-000230-wqj6l,186db8b5-0f9c-4c52-93e6-ba3e615869aa,1,182.567164
2026/02/04/23:22:35,apply-time,rs-000231-6b9ws,b63163be-99f1-4b81-8a74-86397961aea8,1,182.567164
2026/02/04/23:22:35,running-time,rs-000231-6b9ws,b63163be-99f1-4b81-8a74-86397961aea8,1,182.567164
2026/02/04/23:22:35,apply-time,rs-000231-fvvxx,860631bc-9349-44d3-9956-c751cfa5b50d,1,182.567164
2026/02/04/23:22:35,running-time,rs-000231-fvvxx,860631bc-9349-44d3-9956-c751cfa5b50d,1,182.567164
2026/02/04/23:22:35,apply-time,rs-000232-dj8wb,d3ea1744-720b-479a-81fe-96663f920759,1,182.567164
2026/02/04/23:22:35,running-time,rs-000232-dj8wb,d3ea1744-720b-479a-81fe-96663f920759,1,182.567164
2026/02/04/23:22:35,apply-time,rs-000232-wvwqs,156a3fac-5323-4d94-b40b-a1efdba8b22c,1,182.567164
2026/02/04/23:22:35,running-time,rs-000232-wvwqs,156a3fac-5323-4d94-b40b-a1efdba8b22c,1,182.567164
2026/02/04/23:22:35,apply-time,rs-000233-kkcxc,20a14de2-f280-47d4-8e99-f8d9a0cf59ca,1,182.567164
2026/02/04/23:22:35,running-time,rs-000233-kkcxc,20a14de2-f280-47d4-8e99-f8d9a0cf59ca,1,182.567164
2026/02/04/23:22:36,apply-time,rs-000234-gtwx5,6be6994b-5d6f-4a0f-ae19-3112a9d45420,1,183.567164
2026/02/04/23:22:36,running-time,rs-000234-gtwx5,6be6994b-5d6f-4a0f-ae19-3112a9d45420,1,183.567164
2026/02/04/23:22:36,apply-time,rs-000235-66zlq,b7fdfc74-c8ec-4b36-9ada-327f40e3ca6d,1,182.567164
2026/02/04/23:22:36,running-time,rs-000235-66zlq,b7fdfc74-c8ec-4b36-9ada-327f40e3ca6d,1,182.567164
2026/02/04/23:22:36,apply-time,rs-000235-hjjp8,2ac9af76-4b1d-4915-b5e9-45805d337eeb,1,183.567164
2026/02/04/23:22:36,running-time,rs-000235-hjjp8,2ac9af76-4b1d-4915-b5e9-45805d337eeb,1,183.567164
2026/02/04/23:22:36,apply-time,rs-000236-sfjg6,3e513721-2b3d-4de7-ad5e-5e2134139382,1,183.567164
2026/02/04/23:22:36,running-time,rs-000236-sfjg6,3e513721-2b3d-4de7-ad5e-5e2134139382,1,183.567164
2026/02/04/23:22:37,apply-time,rs-000236-gz6qx,9fc72f79-46e7-4368-a162-3500e0e2aad0,1,183.567164
2026/02/04/23:22:37,running-time,rs-000236-gz6qx,9fc72f79-46e7-4368-a162-3500e0e2aad0,1,183.567164
2026/02/04/23:22:37,apply-time,rs-000236-mhkzr,f459b164-6371-45dc-8845-b833c011dc1a,1,183.567164
2026/02/04/23:22:37,running-time,rs-000236-mhkzr,f459b164-6371-45dc-8845-b833c011dc1a,1,183.567164
2026/02/04/23:22:47,apply-time,rs-000237-zf22l,01457afd-2159-4fc0-9fa3-df2a75fe7f91,1,193.567164
2026/02/04/23:22:47,running-time,rs-000237-zf22l,01457afd-2159-4fc0-9fa3-df2a75fe7f91,1,193.567164
2026/02/04/23:22:47,apply-time,rs-000238-lm8kz,9e7d78bf-b50f-4e9c-8114-0e1d89b7f2ad,1,193.567164
2026/02/04/23:22:47,running-time,rs-000238-lm8kz,9e7d78bf-b50f-4e9c-8114-0e1d89b7f2ad,1,193.567164
2026/02/04/23:22:47,apply-time,rs-000239-4xj2b,c0989cad-4b5a-41cc-9a25-06bbf3ab3a2c,1,193.567164
2026/02/04/23:22:47,running-time,rs-000239-4xj2b,c0989cad-4b5a-41cc-9a25-06bbf3ab3a2c,1,193.567164
2026/02/04/23:22:47,apply-time,rs-000239-hf2vm,3a3c7a3f-3df2-4895-94f5-c34d2e8a67b1,1,193.567164
2026/02/04/23:22:47,running-time,rs-000239-hf2vm,3a3c7a3f-3df2-4895-94f5-c34d2e8a67b1,1,193.567164
2026/02/04/23:22:47,apply-time,rs-000240-8pddk,aeae248b-285f-4848-a972-cc1f468fbcdb,1,193.567164
2026/02/04/23:22:47,running-time,rs-000240-8pddk,aeae248b-285f-4848-a972-cc1f468fbcdb,1,193.567164
2026/02/04/23:22:47,apply-time,rs-000240-cnxkj,a44aa88a-d426-4446-b7b3-e5c74b429918,1,193.567164
2026/02/04/23:22:47,running-time,rs-000240-cnxkj,a44aa88a-d426-4446-b7b3-e5c74b429918,1,193.567164
2026/02/04/23:22:47,apply-time,rs-000241-ft2b4,a793db37-4520-483d-ab46-e22c870eb9d9,1,194.567164
2026/02/04/23:22:47,running-time,rs-000241-ft2b4,a793db37-4520-483d-ab46-e22c870eb9d9,1,194.567164
2026/02/04/23:22:47,apply-time,rs-000241-kgl9f,e32de1c9-bc85-4c20-b767-30f735da377a,1,194.567164
2026/02/04/23:22:47,running-time,rs-000241-kgl9f,e32de1c9-bc85-4c20-b767-30f735da377a,1,194.567164
2026/02/04/23:22:47,apply-time,rs-000242-4pzx2,5c140458-fb8e-4e09-88d8-183e27847980,1,194.567164
2026/02/04/23:22:47,running-time,rs-000242-4pzx2,5c140458-fb8e-4e09-88d8-183e27847980,1,194.567164
2026/02/04/23:22:47,apply-time,rs-000242-6r4cq,16e2967e-4a13-4197-9376-4cf0e30582da,1,194.567164
2026/02/04/23:22:47,running-time,rs-000242-6r4cq,16e2967e-4a13-4197-9376-4cf0e30582da,1,194.567164
2026/02/04/23:22:48,apply-time,rs-000243-g5tcb,cc97e97c-89cd-42ae-91c9-63a0bc490758,1,195.567164
2026/02/04/23:22:48,running-time,rs-000243-g5tcb,cc97e97c-89cd-42ae-91c9-63a0bc490758,1,195.567164
2026/02/04/23:22:48,apply-time,rs-000243-jm2mm,385bf7dd-79a4-4838-aca7-6861a55f82cb,1,195.567164
2026/02/04/23:22:48,running-time,rs-000243-jm2mm,385bf7dd-79a4-4838-aca7-6861a55f82cb,1,195.567164
2026/02/04/23:22:48,apply-time,rs-000244-8q222,2125831f-3e56-4584-8e8b-9fe41998c05e,1,195.567164
2026/02/04/23:22:48,running-time,rs-000244-8q222,2125831f-3e56-4584-8e8b-9fe41998c05e,1,195.567164
2026/02/04/23:22:48,apply-time,rs-000244-vcdlc,21001841-e84a-4e35-96d7-e534c5ccef04,1,195.567164
2026/02/04/23:22:48,running-time,rs-000244-vcdlc,21001841-e84a-4e35-96d7-e534c5ccef04,1,195.567164
2026/02/04/23:22:48,apply-time,rs-000245-gn78f,f520d9aa-02e6-4b05-8691-6a16de0bd1af,1,195.567164
2026/02/04/23:22:48,running-time,rs-000245-gn78f,f520d9aa-02e6-4b05-8691-6a16de0bd1af,1,195.567164
2026/02/04/23:22:48,apply-time,rs-000245-qdt5j,ffe426aa-cf22-4186-adb4-3e135ed05a92,1,195.567164
2026/02/04/23:22:49,running-time,rs-000245-qdt5j,ffe426aa-cf22-4186-adb4-3e135ed05a92,1,196.567164
2026/02/04/23:22:49,apply-time,rs-000246-hnbj2,a2b9749b-ec6d-4fd9-bc76-576c51bf6845,1,195.567164
2026/02/04/23:22:49,running-time,rs-000246-hnbj2,a2b9749b-ec6d-4fd9-bc76-576c51bf6845,1,195.567164
2026/02/04/23:22:49,apply-time,rs-000247-5xpqn,952e885e-2d67-47a1-be07-e388085a4b05,1,195.567164
2026/02/04/23:22:49,apply-time,rs-000247-bpz9p,a40025f2-a7a3-476b-99d3-ec8c9add0d2b,1,195.567164
2026/02/04/23:22:49,apply-time,rs-000248-ktdpx,c3add7bb-289d-4c8d-93ec-dddc08eb075a,1,195.567164
2026/02/04/23:22:49,running-time,rs-000248-ktdpx,c3add7bb-289d-4c8d-93ec-dddc08eb075a,1,195.567164
2026/02/04/23:22:49,apply-time,rs-000249-kpg86,10da0aab-efef-4b1b-a21a-3795db4ad3ea,1,196.567164
2026/02/04/23:22:49,running-time,rs-000249-kpg86,10da0aab-efef-4b1b-a21a-3795db4ad3ea,1,196.567164
2026/02/04/23:22:49,apply-time,rs-000250-x9hjd,124f1024-f316-4300-ac74-2880d3e294ef,1,195.567164
2026/02/04/23:22:49,running-time,rs-000250-x9hjd,124f1024-f316-4300-ac74-2880d3e294ef,1,196.567164
2026/02/04/23:22:49,apply-time,rs-000251-lbggz,ee494e3a-be7e-4b71-9931-b3e553e988c6,1,196.567164
2026/02/04/23:22:49,running-time,rs-000251-lbggz,ee494e3a-be7e-4b71-9931-b3e553e988c6,1,196.567164
2026/02/04/23:22:50,running-time,rs-000247-bpz9p,a40025f2-a7a3-476b-99d3-ec8c9add0d2b,1,197.567164
2026/02/04/23:22:50,apply-time,rs-000249-whhj4,643127db-f999-4b0b-b040-28a08e400661,1,196.567164
2026/02/04/23:22:50,running-time,rs-000249-whhj4,643127db-f999-4b0b-b040-28a08e400661,1,196.567164
2026/02/04/23:22:51,running-time,rs-000247-5xpqn,952e885e-2d67-47a1-be07-e388085a4b05,1,198.567164
2026/02/04/23:22:53,apply-time,rs-000252-4lb5t,813cb3c5-4877-4bc4-a583-d28e0b23cfec,1,199.567164
2026/02/04/23:22:53,running-time,rs-000252-4lb5t,813cb3c5-4877-4bc4-a583-d28e0b23cfec,1,199.567164
2026/02/04/23:22:53,apply-time,rs-000252-bq75z,89eb9e74-a268-4718-a51c-1d4e1a4596dc,1,199.567164
2026/02/04/23:22:53,apply-time,rs-000252-kfw6n,260d1f75-3f25-4a11-a849-1c70e5ede271,1,199.567164
2026/02/04/23:22:53,running-time,rs-000252-kfw6n,260d1f75-3f25-4a11-a849-1c70e5ede271,1,199.567164
2026/02/04/23:22:53,apply-time,rs-000253-bp4bb,ce816614-d7b7-4259-a93d-6a352430bf29,1,199.567164
2026/02/04/23:22:53,running-time,rs-000253-bp4bb,ce816614-d7b7-4259-a93d-6a352430bf29,1,199.567164
2026/02/04/23:22:53,apply-time,rs-000254-njcq7,c6472083-03e8-4027-adb4-7d4789805077,1,199.567164
2026/02/04/23:22:53,apply-time,rs-000254-wbq2z,4bfa220b-ab8b-44ab-a7ab-545d420dc55b,1,199.567164
2026/02/04/23:22:53,apply-time,rs-000255-cpx7d,7ae3de70-7cb2-4f75-9ed2-d00d1ff50d2f,1,199.567164
2026/02/04/23:22:53,apply-time,rs-000256-h2qwv,4773bd2a-d69d-4217-8565-3d48477a8bca,1,199.567164
2026/02/04/23:22:53,apply-time,rs-000256-vslj7,d7bc875e-5418-4edb-adcd-2fc7aa38fc03,1,199.567164
2026/02/04/23:22:53,apply-time,rs-000257-9h4nb,ae3cfcbb-c107-4b7f-9ba3-d32f6ddb85df,1,200.567164
2026/02/04/23:22:53,running-time,rs-000257-9h4nb,ae3cfcbb-c107-4b7f-9ba3-d32f6ddb85df,1,200.567164
2026/02/04/23:22:53,apply-time,rs-000258-lwrv8,b8962544-c109-49b1-bf0b-69ff3c5bd82b,1,200.567164
2026/02/04/23:22:53,apply-time,rs-000258-nml9j,3d3d4397-2d46-4f20-b9e8-8dbf18e8211e,1,200.567164
2026/02/04/23:22:54,running-time,rs-000255-cpx7d,7ae3de70-7cb2-4f75-9ed2-d00d1ff50d2f,1,200.567164
2026/02/04/23:22:54,running-time,rs-000256-h2qwv,4773bd2a-d69d-4217-8565-3d48477a8bca,1,201.567164
2026/02/04/23:22:56,running-time,rs-000252-bq75z,89eb9e74-a268-4718-a51c-1d4e1a4596dc,1,202.567164
2026/02/04/23:22:56,running-time,rs-000256-vslj7,d7bc875e-5418-4edb-adcd-2fc7aa38fc03,1,202.567164
2026/02/04/23:22:57,apply-time,rs-000259-mjl98,c418f2a3-65f1-4cbc-872a-16632ab2d9d7,1,204.567164
2026/02/04/23:22:57,running-time,rs-000259-mjl98,c418f2a3-65f1-4cbc-872a-16632ab2d9d7,1,204.567164
2026/02/04/23:23:00,apply-time,rs-000260-ptkzb,850de67a-c208-404f-9f0a-3b2be6676f6c,1,206.567164
2026/02/04/23:23:00,running-time,rs-000260-ptkzb,850de67a-c208-404f-9f0a-3b2be6676f6c,1,206.567164
2026/02/04/23:23:00,apply-time,rs-000260-q5mwp,603639db-4a4c-4c95-a8e0-b33fce74d2df,1,206.567164
2026/02/04/23:23:00,running-time,rs-000260-q5mwp,603639db-4a4c-4c95-a8e0-b33fce74d2df,1,206.567164
2026/02/04/23:23:00,apply-time,rs-000260-wln66,1f48dae3-0fd8-4afe-a31a-f37b129c09bb,1,206.567164
2026/02/04/23:23:00,running-time,rs-000260-wln66,1f48dae3-0fd8-4afe-a31a-f37b129c09bb,1,206.567164
2026/02/04/23:23:00,apply-time,rs-000261-msxkc,d4c561da-a422-4910-bd70-bbe0ce313587,1,206.567164
2026/02/04/23:23:07,apply-time,rs-000262-fw8wb,9ac0528c-efd0-4a17-acdd-ea41607712ad,1,214.567164
2026/02/04/23:23:07,running-time,rs-000262-fw8wb,9ac0528c-efd0-4a17-acdd-ea41607712ad,1,214.567164
2026/02/04/23:23:07,apply-time,rs-000262-mw94b,ac3ff851-69e4-4e70-b416-a760465c54ec,1,214.567164
2026/02/04/23:23:07,running-time,rs-000262-mw94b,ac3ff851-69e4-4e70-b416-a760465c54ec,1,214.567164
2026/02/04/23:23:07,apply-time,rs-000262-t9xrj,cfa42d1d-8147-460e-861a-f57540c8880f,1,214.567164
2026/02/04/23:23:07,running-time,rs-000262-t9xrj,cfa42d1d-8147-460e-861a-f57540c8880f,1,214.567164
2026/02/04/23:23:07,apply-time,rs-000263-pxgvf,20979655-196f-4225-bdc3-5d32f9460afa,1,214.567164
2026/02/04/23:23:07,running-time,rs-000263-pxgvf,20979655-196f-4225-bdc3-5d32f9460afa,1,214.567164
2026/02/04/23:23:07,apply-time,rs-000264-d8qcd,0c8b11e4-fda5-439c-a2c9-fe404a5c3180,1,214.567164
2026/02/04/23:23:07,running-time,rs-000264-d8qcd,0c8b11e4-fda5-439c-a2c9-fe404a5c3180,1,214.567164
2026/02/04/23:23:07,apply-time,rs-000264-pvpkk,34be1d15-d6e4-4371-8b53-eeaf483df92a,1,214.567164
2026/02/04/23:23:07,apply-time,rs-000264-rdxn4,e95d9184-0d85-49cf-bf79-a1488cf3531f,1,214.567164
2026/02/04/23:23:09,running-time,rs-000264-pvpkk,34be1d15-d6e4-4371-8b53-eeaf483df92a,1,215.567164
2026/02/04/23:23:09,apply-time,rs-000265-frlf6,b71dc3e2-6039-4af4-a507-9c3a24e76a38,1,215.567164
2026/02/04/23:23:09,running-time,rs-000265-frlf6,b71dc3e2-6039-4af4-a507-9c3a24e76a38,1,215.567164
2026/02/04/23:23:09,apply-time,rs-000265-rrx5t,b9227d36-0ba2-4741-93e9-13088759bb6b,1,215.567164
2026/02/04/23:23:09,running-time,rs-000265-rrx5t,b9227d36-0ba2-4741-93e9-13088759bb6b,1,215.567164
2026/02/04/23:23:09,apply-time,rs-000266-b29zq,4efdfd82-03d8-4915-bb7e-e3233952ff91,1,215.567164
2026/02/04/23:23:09,apply-time,rs-000267-29pqm,0460838a-2fea-4ebd-8796-1faa0526d1cd,1,216.567164
2026/02/04/23:23:09,running-time,rs-000267-29pqm,0460838a-2fea-4ebd-8796-1faa0526d1cd,1,216.567164
2026/02/04/23:23:10,running-time,rs-000266-b29zq,4efdfd82-03d8-4915-bb7e-e3233952ff91,1,217.567164
2026/02/04/23:23:16,running-time,rs-000261-msxkc,d4c561da-a422-4910-bd70-bbe0ce313587,1,223.567164
2026/02/04/23:23:22,apply-time,rs-000268-jt9xx,1d3d3e3b-1945-4ee4-ad16-ecc27363e1c9,1,229.567164
2026/02/04/23:23:22,running-time,rs-000268-jt9xx,1d3d3e3b-1945-4ee4-ad16-ecc27363e1c9,1,229.567164
2026/02/04/23:23:22,apply-time,rs-000268-vfnfs,7547b136-7379-44eb-bccf-0018df8ec269,1,229.567164
2026/02/04/23:23:22,running-time,rs-000268-vfnfs,7547b136-7379-44eb-bccf-0018df8ec269,1,229.567164
2026/02/04/23:23:22,apply-time,rs-000269-jvmt2,aa9926b7-16bb-410f-999d-3b1a0277f944,1,229.567164
2026/02/04/23:23:22,running-time,rs-000269-jvmt2,aa9926b7-16bb-410f-999d-3b1a0277f944,1,229.567164
2026/02/04/23:23:29,apply-time,rs-000270-lzsvv,e4465670-24ce-4797-90d9-372f0ab0cf6b,1,236.567164
2026/02/04/23:23:29,running-time,rs-000270-lzsvv,e4465670-24ce-4797-90d9-372f0ab0cf6b,1,236.567164
2026/02/04/23:23:29,apply-time,rs-000271-bkv6g,943b7004-216b-4f5e-921c-287ea28b298e,1,236.567164
2026/02/04/23:23:29,running-time,rs-000271-bkv6g,943b7004-216b-4f5e-921c-287ea28b298e,1,236.567164
2026/02/04/23:23:29,apply-time,rs-000271-l97w6,57c49494-9480-49d9-85cc-3bb9720e1bf7,1,236.567164
2026/02/04/23:23:29,running-time,rs-000271-l97w6,57c49494-9480-49d9-85cc-3bb9720e1bf7,1,236.567164
2026/02/04/23:23:29,apply-time,rs-000272-9678k,a15cc91d-1899-44d2-be41-f1c3e5ee83c1,1,236.567164
2026/02/04/23:23:29,running-time,rs-000272-9678k,a15cc91d-1899-44d2-be41-f1c3e5ee83c1,1,236.567164
2026/02/04/23:23:29,apply-time,rs-000272-nzqk9,94e1a74e-440e-4766-bf5f-9d7a910cbe06,1,236.567164
2026/02/04/23:23:29,running-time,rs-000272-nzqk9,94e1a74e-440e-4766-bf5f-9d7a910cbe06,1,236.567164
2026/02/04/23:23:29,apply-time,rs-000273-8jtql,1cf96b96-cb7b-4d43-a5ce-67d86062b64f,1,236.567164
2026/02/04/23:23:29,running-time,rs-000273-8jtql,1cf96b96-cb7b-4d43-a5ce-67d86062b64f,1,236.567164
2026/02/04/23:23:29,apply-time,rs-000273-gmgrs,71213166-01e0-49ba-a3d6-080250a421ef,1,236.567164
2026/02/04/23:23:29,running-time,rs-000273-gmgrs,71213166-01e0-49ba-a3d6-080250a421ef,1,236.567164
2026/02/04/23:23:38,apply-time,rs-000275-w8sgv,bf16d349-e1d8-4b32-8333-ec6c788363ab,1,245.567164
2026/02/04/23:23:38,apply-time,rs-000275-z8xfj,b754bc8f-13bc-4fd0-b604-9c895d4e6cb1,1,245.567164
2026/02/04/23:23:38,apply-time,rs-000276-74lxw,c6d8b8f1-a113-4513-ba67-b120fa7ac364,1,245.567164
2026/02/04/23:23:38,running-time,rs-000276-74lxw,c6d8b8f1-a113-4513-ba67-b120fa7ac364,1,245.567164
2026/02/04/23:23:38,apply-time,rs-000276-hd4f4,a97ba69a-4a77-47d7-8370-fc2fd102f13d,1,245.567164
2026/02/04/23:23:38,running-time,rs-000276-hd4f4,a97ba69a-4a77-47d7-8370-fc2fd102f13d,1,245.567164
2026/02/04/23:23:38,apply-time,rs-000277-lw4x5,52825b32-40b0-4917-add1-5c8f86298ecf,1,245.567164
2026/02/04/23:23:38,running-time,rs-000277-lw4x5,52825b32-40b0-4917-add1-5c8f86298ecf,1,245.567164
2026/02/04/23:23:38,apply-time,rs-000278-wr4lk,2a55627d-0484-4abe-85d0-43e4c150693d,1,245.567164
2026/02/04/23:23:39,apply-time,rs-000274-5zhx8,355f6668-709a-4c24-88e0-c5f4f38b8eb7,1,245.567164
2026/02/04/23:23:39,running-time,rs-000274-5zhx8,355f6668-709a-4c24-88e0-c5f4f38b8eb7,1,245.567164
2026/02/04/23:23:39,apply-time,rs-000274-j8rm2,9cd7d976-2965-48cd-a58a-1df715f84a8f,1,245.567164
2026/02/04/23:23:39,running-time,rs-000274-j8rm2,9cd7d976-2965-48cd-a58a-1df715f84a8f,1,245.567164
2026/02/04/23:23:39,running-time,rs-000275-w8sgv,bf16d349-e1d8-4b32-8333-ec6c788363ab,1,245.567164
2026/02/04/23:23:39,running-time,rs-000275-z8xfj,b754bc8f-13bc-4fd0-b604-9c895d4e6cb1,1,245.567164
2026/02/04/23:23:39,running-time,rs-000278-wr4lk,2a55627d-0484-4abe-85d0-43e4c150693d,1,245.567164
2026/02/04/23:23:39,apply-time,rs-000279-4qpxm,dda9db4f-5e58-4478-9358-ec3e978144e1,1,246.567164
2026/02/04/23:23:39,running-time,rs-000279-4qpxm,dda9db4f-5e58-4478-9358-ec3e978144e1,1,246.567164
2026/02/04/23:23:39,apply-time,rs-000279-dswjd,11b9f76e-ae73-404e-8357-4ba8bde25199,1,246.567164
2026/02/04/23:23:39,running-time,rs-000279-dswjd,11b9f76e-ae73-404e-8357-4ba8bde25199,1,246.567164
2026/02/04/23:23:39,apply-time,rs-000279-j4ft2,459c4bc0-7e74-496d-a394-79144ac26793,1,246.567164
2026/02/04/23:23:39,running-time,rs-000279-j4ft2,459c4bc0-7e74-496d-a394-79144ac26793,1,246.567164
2026/02/04/23:23:39,apply-time,rs-000280-2tq75,a557555f-89d4-45e0-bb41-c5a531fbfa30,1,246.567164
2026/02/04/23:23:39,running-time,rs-000280-2tq75,a557555f-89d4-45e0-bb41-c5a531fbfa30,1,246.567164
2026/02/04/23:23:39,apply-time,rs-000281-94g46,4f81bd38-3491-4854-ad83-1c45388163b1,1,246.567164
2026/02/04/23:23:39,running-time,rs-000281-94g46,4f81bd38-3491-4854-ad83-1c45388163b1,1,246.567164
2026/02/04/23:23:39,apply-time,rs-000282-g5gwj,09f17d06-fbd5-45ff-8570-97ddb4b6f89d,1,246.567164
2026/02/04/23:23:39,running-time,rs-000282-g5gwj,09f17d06-fbd5-45ff-8570-97ddb4b6f89d,1,246.567164
2026/02/04/23:23:39,apply-time,rs-000283-h5qx7,77a615a5-0611-4773-b4a2-1e3e94aabe94,1,246.567164
2026/02/04/23:23:39,running-time,rs-000283-h5qx7,77a615a5-0611-4773-b4a2-1e3e94aabe94,1,246.567164
2026/02/04/23:23:40,apply-time,rs-000281-mnrrx,ff75aa50-8a8b-47ce-a0a3-080a47acc699,1,246.567164
2026/02/04/23:23:40,running-time,rs-000281-mnrrx,ff75aa50-8a8b-47ce-a0a3-080a47acc699,1,246.567164
2026/02/04/23:23:40,apply-time,rs-000282-d2xvf,8f09e04e-a85f-4d52-8bf4-987752fd99cf,1,246.567164
2026/02/04/23:23:40,running-time,rs-000282-d2xvf,8f09e04e-a85f-4d52-8bf4-987752fd99cf,1,246.567164
2026/02/04/23:23:40,apply-time,rs-000283-8c9k6,fb8e15b9-4a3e-4fe5-8a4b-f05a47f2bbf8,1,246.567164
2026/02/04/23:23:40,running-time,rs-000283-8c9k6,fb8e15b9-4a3e-4fe5-8a4b-f05a47f2bbf8,1,246.567164
2026/02/04/23:23:47,apply-time,rs-000284-2hqhw,016042c3-c8db-46fd-8fa3-29a3ac58fc9a,1,253.567164
2026/02/04/23:23:47,running-time,rs-000284-2hqhw,016042c3-c8db-46fd-8fa3-29a3ac58fc9a,1,253.567164
2026/02/04/23:23:47,apply-time,rs-000285-9qcnb,93f32977-00f7-4a4c-905a-e52c1031d629,1,253.567164
2026/02/04/23:23:47,apply-time,rs-000285-gzgrm,698ce910-2b57-4ab4-89d4-8b96bc7a443d,1,253.567164
2026/02/04/23:23:47,apply-time,rs-000286-rnkrc,ed8c290a-2a28-4b24-bd73-6a36b98af9e9,1,253.567164
2026/02/04/23:23:47,running-time,rs-000286-rnkrc,ed8c290a-2a28-4b24-bd73-6a36b98af9e9,1,253.567164
2026/02/04/23:23:47,apply-time,rs-000287-d56m9,d261a60f-7b43-4007-8810-af520d9e820e,1,253.567164
2026/02/04/23:23:47,running-time,rs-000287-d56m9,d261a60f-7b43-4007-8810-af520d9e820e,1,253.567164
2026/02/04/23:23:47,apply-time,rs-000287-x8l9k,5bbb0504-1021-4786-bdeb-78fce091f1b7,1,253.567164
2026/02/04/23:23:47,running-time,rs-000287-x8l9k,5bbb0504-1021-4786-bdeb-78fce091f1b7,1,253.567164
2026/02/04/23:23:47,apply-time,rs-000288-5pb76,bb7eb2ac-8f78-4f6b-8171-11b9a04535db,1,253.567164
2026/02/04/23:23:47,running-time,rs-000288-5pb76,bb7eb2ac-8f78-4f6b-8171-11b9a04535db,1,253.567164
2026/02/04/23:23:47,apply-time,rs-000288-wxg69,3b1a8d9e-247e-48e2-9ff1-33c041809d92,1,253.567164
2026/02/04/23:23:47,running-time,rs-000288-wxg69,3b1a8d9e-247e-48e2-9ff1-33c041809d92,1,253.567164
2026/02/04/23:23:47,apply-time,rs-000289-d2v6z,8c6052eb-e775-427b-8b1f-5180a993e8ca,1,254.567164
2026/02/04/23:23:47,running-time,rs-000289-d2v6z,8c6052eb-e775-427b-8b1f-5180a993e8ca,1,254.567164
2026/02/04/23:23:47,apply-time,rs-000289-hq4m2,46b7c0f2-1044-44c1-8c3e-3dafd6029ab0,1,254.567164
2026/02/04/23:23:47,running-time,rs-000289-hq4m2,46b7c0f2-1044-44c1-8c3e-3dafd6029ab0,1,254.567164
2026/02/04/23:23:59,apply-time,rs-000290-dfwcp,beb17c62-7c82-46e9-8171-e6a8037232cf,1,265.567164
2026/02/04/23:23:59,running-time,rs-000290-dfwcp,beb17c62-7c82-46e9-8171-e6a8037232cf,1,265.567164
2026/02/04/23:23:59,apply-time,rs-000290-lftqj,9d9e1e0d-8d2f-4b0c-9246-a8a474578342,1,265.567164
2026/02/04/23:23:59,running-time,rs-000290-lftqj,9d9e1e0d-8d2f-4b0c-9246-a8a474578342,1,265.567164
2026/02/04/23:23:59,apply-time,rs-000290-scn4g,97a70801-266a-43e3-afc0-aa048beff948,1,265.567164
2026/02/04/23:23:59,running-time,rs-000290-scn4g,97a70801-266a-43e3-afc0-aa048beff948,1,265.567164
2026/02/04/23:23:59,apply-time,rs-000291-dtlvd,56d55b2c-2923-4a81-b9df-ea8648a2ed39,1,265.567164
2026/02/04/23:23:59,running-time,rs-000291-dtlvd,56d55b2c-2923-4a81-b9df-ea8648a2ed39,1,265.567164
2026/02/04/23:23:59,apply-time,rs-000291-knwz4,a525d4e9-37ef-42f2-ab3f-a05db1b4f07d,1,265.567164
2026/02/04/23:23:59,running-time,rs-000291-knwz4,a525d4e9-37ef-42f2-ab3f-a05db1b4f07d,1,265.567164
2026/02/04/23:23:59,apply-time,rs-000292-f8dqw,00a4ef1c-73cc-410d-9f81-a416c352e773,1,266.567164
2026/02/04/23:23:59,running-time,rs-000292-f8dqw,00a4ef1c-73cc-410d-9f81-a416c352e773,1,266.567164
2026/02/04/23:23:59,apply-time,rs-000292-glxd2,a423c909-b0f8-4728-b27c-23aef58a10ac,1,266.567164
2026/02/04/23:23:59,running-time,rs-000292-glxd2,a423c909-b0f8-4728-b27c-23aef58a10ac,1,266.567164
2026/02/04/23:23:59,apply-time,rs-000292-nd7rh,7bd0ac1b-99d8-493b-97b5-72a7fd413151,1,266.567164
2026/02/04/23:23:59,running-time,rs-000292-nd7rh,7bd0ac1b-99d8-493b-97b5-72a7fd413151,1,266.567164
2026/02/04/23:24:01,apply-time,rs-000293-6frf8,cc82f6ae-92a3-4c11-9043-5b5939839e6e,1,268.567164
2026/02/04/23:24:01,running-time,rs-000293-6frf8,cc82f6ae-92a3-4c11-9043-5b5939839e6e,1,268.567164
2026/02/04/23:24:01,apply-time,rs-000293-bvk7p,0275aa10-d563-4ca3-8280-b42eb197f1fe,1,268.567164
2026/02/04/23:24:01,running-time,rs-000293-bvk7p,0275aa10-d563-4ca3-8280-b42eb197f1fe,1,268.567164
2026/02/04/23:24:01,apply-time,rs-000293-swh9h,c5974b92-bb2e-4200-a509-e04937729dc1,1,268.567164
2026/02/04/23:24:01,running-time,rs-000293-swh9h,c5974b92-bb2e-4200-a509-e04937729dc1,1,268.567164
2026/02/04/23:24:02,apply-time,rs-000294-r9gbr,8e439039-7159-4226-b68a-e8e1170e72eb,1,269.567164
2026/02/04/23:24:02,running-time,rs-000294-r9gbr,8e439039-7159-4226-b68a-e8e1170e72eb,1,269.567164
2026/02/04/23:24:02,apply-time,rs-000294-w4scb,bb210a09-d6f7-46a2-babb-679c0d8a45c1,1,269.567164
2026/02/04/23:24:02,running-time,rs-000294-w4scb,bb210a09-d6f7-46a2-babb-679c0d8a45c1,1,269.567164
2026/02/04/23:24:09,apply-time,rs-000295-xrzxn,ee48dce8-0980-4ded-906e-139413baf43a,1,276.567164
2026/02/04/23:24:09,running-time,rs-000295-xrzxn,ee48dce8-0980-4ded-906e-139413baf43a,1,276.567164
2026/02/04/23:24:10,apply-time,rs-000296-l8tlq,198e2651-1b54-4472-9ca2-3ac628f82c98,1,277.567164
2026/02/04/23:24:10,running-time,rs-000296-l8tlq,198e2651-1b54-4472-9ca2-3ac628f82c98,1,277.567164
2026/02/04/23:24:10,apply-time,rs-000297-hrzcw,40642860-a694-45af-a69a-f0016555ab58,1,277.567164
2026/02/04/23:24:10,running-time,rs-000297-hrzcw,40642860-a694-45af-a69a-f0016555ab58,1,277.567164
2026/02/04/23:24:10,apply-time,rs-000297-j7vpk,6bb255f3-e0fb-44ef-b0c2-6d65e73c99e5,1,277.567164
2026/02/04/23:24:10,running-time,rs-000297-j7vpk,6bb255f3-e0fb-44ef-b0c2-6d65e73c99e5,1,277.567164
2026/02/04/23:24:10,apply-time,rs-000297-pqzk5,5ec2e5c4-b798-4339-9308-4faf61d9ad5a,1,277.567164
2026/02/04/23:24:10,running-time,rs-000297-pqzk5,5ec2e5c4-b798-4339-9308-4faf61d9ad5a,1,277.567164
2026/02/04/23:24:10,apply-time,rs-000298-tjsp2,c5202423-cf94-4d66-8129-5a1194b4fbdc,1,277.567164
2026/02/04/23:24:10,running-time,rs-000298-tjsp2,c5202423-cf94-4d66-8129-5a1194b4fbdc,1,277.567164
2026/02/04/23:24:12,apply-time,rs-000299-shfl6,4553fb06-dc35-4c06-8c88-ea9f5566a274,1,278.567164
2026/02/04/23:24:12,running-time,rs-000299-shfl6,4553fb06-dc35-4c06-8c88-ea9f5566a274,1,278.567164
2026/02/04/23:24:12,apply-time,rs-000300-fkjmw,6f526c75-f61b-4163-944c-8c1e66f9d5a9,1,278.567164
2026/02/04/23:24:12,apply-time,rs-000300-w22tl,854d59be-a539-410d-967d-56dd9af4337d,1,278.567164
2026/02/04/23:24:12,apply-time,rs-000301-98r2x,590a6e9a-4bc0-472e-b03c-1b7ed6cacb10,1,279.567164
2026/02/04/23:24:12,running-time,rs-000301-98r2x,590a6e9a-4bc0-472e-b03c-1b7ed6cacb10,1,279.567164
2026/02/04/23:24:12,apply-time,rs-000301-zxblt,79dd53ae-fbf3-4b4a-95b5-7bab065fe678,1,279.567164
2026/02/04/23:24:12,running-time,rs-000301-zxblt,79dd53ae-fbf3-4b4a-95b5-7bab065fe678,1,279.567164
2026/02/04/23:24:12,apply-time,rs-000302-ngqs9,01378e8d-ddb9-4197-8d43-0d5e9ebad177,1,279.567164
2026/02/04/23:24:12,running-time,rs-000302-ngqs9,01378e8d-ddb9-4197-8d43-0d5e9ebad177,1,279.567164
2026/02/04/23:24:12,apply-time,rs-000303-bkmmb,b45ade37-0b11-4618-851a-f34144f455cd,1,279.567164
2026/02/04/23:24:12,running-time,rs-000303-bkmmb,b45ade37-0b11-4618-851a-f34144f455cd,1,279.567164
2026/02/04/23:24:12,apply-time,rs-000303-zxpqh,f6409d83-361d-42a4-946e-d070628e9776,1,279.567164
2026/02/04/23:24:12,running-time,rs-000303-zxpqh,f6409d83-361d-42a4-946e-d070628e9776,1,279.567164
2026/02/04/23:24:17,apply-time,rs-000223-2dj75,58dd58df-07bc-40d0-9405-7d56cd012eb9,1,284.567164
2026/02/04/23:24:17,running-time,rs-000223-2dj75,58dd58df-07bc-40d0-9405-7d56cd012eb9,1,284.567164
2026/02/04/23:24:17,apply-time,rs-000255-2h5pl,077dcd4a-f1de-404a-8607-5010cd536c91,1,284.567164
2026/02/04/23:24:17,running-time,rs-000255-2h5pl,077dcd4a-f1de-404a-8607-5010cd536c91,1,284.567164
2026/02/04/23:24:17,running-time,rs-000300-fkjmw,6f526c75-f61b-4163-944c-8c1e66f9d5a9,1,284.567164
2026/02/04/23:24:17,running-time,rs-000300-w22tl,854d59be-a539-410d-967d-56dd9af4337d,1,284.567164
2026/02/04/23:24:25,apply-time,rs-000304-5twd7,688aa248-d80d-4b09-ab5b-65cfa26ff772,1,291.567164
2026/02/04/23:24:25,running-time,rs-000304-5twd7,688aa248-d80d-4b09-ab5b-65cfa26ff772,1,291.567164
2026/02/04/23:24:25,apply-time,rs-000305-2s9lv,8297b00d-7ced-4b32-8993-5e1fc8f6ee51,1,291.567164
2026/02/04/23:24:25,running-time,rs-000305-2s9lv,8297b00d-7ced-4b32-8993-5e1fc8f6ee51,1,291.567164
2026/02/04/23:24:25,apply-time,rs-000305-8nmwh,289de19e-7eb1-43af-9726-5611bc3b5d6e,1,291.567164
2026/02/04/23:24:25,running-time,rs-000305-8nmwh,289de19e-7eb1-43af-9726-5611bc3b5d6e,1,291.567164
2026/02/04/23:24:25,apply-time,rs-000305-vkttw,3b4a5ac0-6c65-45a7-993d-92490637c683,1,291.567164
2026/02/04/23:24:25,running-time,rs-000305-vkttw,3b4a5ac0-6c65-45a7-993d-92490637c683,1,291.567164
2026/02/04/23:24:25,apply-time,rs-000306-cd4rb,7765853d-c639-4391-84c2-30bab29955eb,1,291.567164
2026/02/04/23:24:25,running-time,rs-000306-cd4rb,7765853d-c639-4391-84c2-30bab29955eb,1,291.567164
2026/02/04/23:24:25,apply-time,rs-000307-99z4h,18cecebb-030d-458b-818f-296a2b4a72d2,1,291.567164
2026/02/04/23:24:25,running-time,rs-000307-99z4h,18cecebb-030d-458b-818f-296a2b4a72d2,1,292.567164
2026/02/04/23:24:25,apply-time,rs-000307-zxg7h,6ac46772-ae32-41e9-b947-e515c3309c22,1,291.567164
2026/02/04/23:24:25,running-time,rs-000307-zxg7h,6ac46772-ae32-41e9-b947-e515c3309c22,1,292.567164
2026/02/04/23:24:25,apply-time,rs-000308-2lwnw,7b6f2c4e-d96c-4555-bf52-f7fa35149bd7,1,291.567164
2026/02/04/23:24:25,apply-time,rs-000308-6xcmt,6f619dc6-cc6f-41b7-bddc-7542ee5c40e3,1,291.567164
2026/02/04/23:24:25,running-time,rs-000308-6xcmt,6f619dc6-cc6f-41b7-bddc-7542ee5c40e3,1,292.567164
2026/02/04/23:24:25,apply-time,rs-000308-tc82m,21ea6a12-07e2-42f2-9dcd-85ca1d756f93,1,291.567164
2026/02/04/23:24:25,apply-time,rs-000309-cnq5q,524f1d72-477d-4aa9-992a-4e65bda0ca37,1,292.567164
2026/02/04/23:24:25,running-time,rs-000309-cnq5q,524f1d72-477d-4aa9-992a-4e65bda0ca37,1,292.567164
2026/02/04/23:24:25,apply-time,rs-000309-w6msg,c79124f9-baa3-42b9-bc25-f4cb1d67807f,1,292.567164
2026/02/04/23:24:25,running-time,rs-000309-w6msg,c79124f9-baa3-42b9-bc25-f4cb1d67807f,1,292.567164
2026/02/04/23:24:25,apply-time,rs-000310-tqr72,d7467522-8202-48d2-8947-ced0f47c302d,1,292.567164
2026/02/04/23:24:25,running-time,rs-000310-tqr72,d7467522-8202-48d2-8947-ced0f47c302d,1,292.567164
2026/02/04/23:24:26,apply-time,rs-000311-8pxzt,49edc810-acaf-4251-bdb8-958d312b3003,1,293.567164
2026/02/04/23:24:26,apply-time,rs-000311-hxvfq,b05e7ea2-c6d1-4d50-a069-e5b58976fa64,1,293.567164
2026/02/04/23:24:26,running-time,rs-000311-hxvfq,b05e7ea2-c6d1-4d50-a069-e5b58976fa64,1,293.567164
2026/02/04/23:24:26,apply-time,rs-000311-mhjj7,5b1652e4-03c9-4f7c-8915-9309b9ac56a9,1,293.567164
2026/02/04/23:24:26,apply-time,rs-000312-5mxm8,6846d39e-dc76-457e-b9ea-9cd6382567e2,1,293.567164
2026/02/04/23:24:26,apply-time,rs-000312-sznkn,e75d48a9-b1a7-4069-a349-07906ee9cd86,1,293.567164
2026/02/04/23:24:26,apply-time,rs-000313-mzbfc,81159585-c26a-4e31-aab5-05ce3bf8e1c5,1,293.567164
2026/02/04/23:24:26,apply-time,rs-000315-xrdqx,f284fcb4-cc8f-421c-8248-84023fc55843,1,293.567164
2026/02/04/23:24:27,running-time,rs-000308-2lwnw,7b6f2c4e-d96c-4555-bf52-f7fa35149bd7,1,294.567164
2026/02/04/23:24:27,apply-time,rs-000313-f87lw,e51227c4-0151-4054-b2b5-1d855d42c49e,1,293.567164
2026/02/04/23:24:27,apply-time,rs-000313-m6p7j,4ee5c2bd-c3d4-439c-847f-fdb7bdc56c99,1,293.567164
2026/02/04/23:24:27,apply-time,rs-000314-d5cj4,021ce8b3-1475-490a-8fc9-c3c45c0cfe0d,1,294.567164
2026/02/04/23:24:27,apply-time,rs-000314-qccbc,0ddf8086-23da-4c8b-b0f2-8e9f1a3e12b1,1,294.567164
2026/02/04/23:24:27,apply-time,rs-000314-vb85h,4ecff4a2-99ee-4d75-97a8-5bb464450297,1,293.567164
2026/02/04/23:24:27,apply-time,rs-000315-tvvrz,8f798e0d-6a60-4499-86c6-b3a14c8934d4,1,294.567164
2026/02/04/23:24:27,apply-time,rs-000316-6pmng,54b347c0-adc9-440f-8428-8d04641a1cf3,1,294.567164
2026/02/04/23:24:27,running-time,rs-000316-6pmng,54b347c0-adc9-440f-8428-8d04641a1cf3,1,294.567164
2026/02/04/23:24:27,apply-time,rs-000316-jbpj6,17589dd2-09ff-4058-970e-329427679383,1,294.567164
2026/02/04/23:24:27,running-time,rs-000316-jbpj6,17589dd2-09ff-4058-970e-329427679383,1,294.567164
2026/02/04/23:24:27,apply-time,rs-000316-r4nvl,4eb98683-d29c-4e83-8f79-4b6233e72c9d,1,294.567164
2026/02/04/23:24:27,running-time,rs-000316-r4nvl,4eb98683-d29c-4e83-8f79-4b6233e72c9d,1,294.567164
2026/02/04/23:24:27,apply-time,rs-000317-6zz78,3f92a96e-7e93-4a3e-9aa5-0b53e591e68d,1,294.567164
2026/02/04/23:24:27,running-time,rs-000317-6zz78,3f92a96e-7e93-4a3e-9aa5-0b53e591e68d,1,294.567164
2026/02/04/23:24:27,apply-time,rs-000317-hrx8h,74b6c948-dce6-44b5-9548-df89eb271fe7,1,294.567164
2026/02/04/23:24:27,running-time,rs-000317-hrx8h,74b6c948-dce6-44b5-9548-df89eb271fe7,1,294.567164
2026/02/04/23:24:27,apply-time,rs-000317-zbkfg,dd265ee5-85ed-44a7-9cb8-ec9798650773,1,294.567164
2026/02/04/23:24:27,running-time,rs-000317-zbkfg,dd265ee5-85ed-44a7-9cb8-ec9798650773,1,294.567164
2026/02/04/23:24:27,apply-time,rs-000319-qbsb8,4861ed27-9f08-43a0-854b-1013a8ff2fca,1,294.567164
2026/02/04/23:24:27,running-time,rs-000319-qbsb8,4861ed27-9f08-43a0-854b-1013a8ff2fca,1,294.567164
2026/02/04/23:24:28,running-time,rs-000311-8pxzt,49edc810-acaf-4251-bdb8-958d312b3003,1,294.567164
2026/02/04/23:24:28,running-time,rs-000311-mhjj7,5b1652e4-03c9-4f7c-8915-9309b9ac56a9,1,294.567164
2026/02/04/23:24:28,running-time,rs-000315-xrdqx,f284fcb4-cc8f-421c-8248-84023fc55843,1,294.567164
2026/02/04/23:24:28,apply-time,rs-000318-2np98,65eb7503-24d6-4129-b84a-f0c86c5673fe,1,294.567164
2026/02/04/23:24:28,apply-time,rs-000319-9b6c4,e660a454-40c7-4944-9392-b47e89bf4422,1,294.567164
2026/02/04/23:24:28,running-time,rs-000319-9b6c4,e660a454-40c7-4944-9392-b47e89bf4422,1,295.567164
2026/02/04/23:24:28,apply-time,rs-000320-6pms4,1e285ca6-54b2-4e9d-96ad-6254b6f093c0,1,295.567164
2026/02/04/23:24:28,running-time,rs-000320-6pms4,1e285ca6-54b2-4e9d-96ad-6254b6f093c0,1,295.567164
2026/02/04/23:24:28,apply-time,rs-000320-8sdtc,f784d0ba-fd00-42d3-bb16-ede49d9f2efc,1,295.567164
2026/02/04/23:24:28,apply-time,rs-000320-sjsqz,f1ffcc9e-f271-4317-a020-7afddcb87679,1,294.567164
2026/02/04/23:24:28,running-time,rs-000320-sjsqz,f1ffcc9e-f271-4317-a020-7afddcb87679,1,294.567164
2026/02/04/23:24:29,running-time,rs-000313-mzbfc,81159585-c26a-4e31-aab5-05ce3bf8e1c5,1,296.567164
2026/02/04/23:24:29,running-time,rs-000318-2np98,65eb7503-24d6-4129-b84a-f0c86c5673fe,1,296.567164
2026/02/04/23:24:29,running-time,rs-000320-8sdtc,f784d0ba-fd00-42d3-bb16-ede49d9f2efc,1,295.567164
2026/02/04/23:24:31,running-time,rs-000313-f87lw,e51227c4-0151-4054-b2b5-1d855d42c49e,1,298.567164
2026/02/04/23:24:31,running-time,rs-000313-m6p7j,4ee5c2bd-c3d4-439c-847f-fdb7bdc56c99,1,297.567164
2026/02/04/23:24:40,apply-time,rs-000321-lx2m8,0e2c056b-7afa-4a47-91e1-c37b3b7d80a5,1,306.567164
2026/02/04/23:24:40,running-time,rs-000321-lx2m8,0e2c056b-7afa-4a47-91e1-c37b3b7d80a5,1,306.567164
2026/02/04/23:24:40,apply-time,rs-000322-np4dv,5c44c371-18e2-408f-aed0-abb6cdef6951,1,306.567164
2026/02/04/23:24:40,running-time,rs-000322-np4dv,5c44c371-18e2-408f-aed0-abb6cdef6951,1,306.567164
2026/02/04/23:24:40,apply-time,rs-000322-sc299,94f73add-32fb-46e9-a131-03677feb8c46,1,306.567164
2026/02/04/23:24:40,running-time,rs-000322-sc299,94f73add-32fb-46e9-a131-03677feb8c46,1,306.567164
2026/02/04/23:24:40,apply-time,rs-000323-4s2ss,8ae49326-7b20-46e4-af3e-b29a78a2ef35,1,306.567164
2026/02/04/23:24:40,running-time,rs-000323-4s2ss,8ae49326-7b20-46e4-af3e-b29a78a2ef35,1,306.567164
2026/02/04/23:24:40,apply-time,rs-000323-9fqcv,5692a813-646e-4211-bd88-49b18dbd9a34,1,306.567164
2026/02/04/23:24:40,running-time,rs-000323-9fqcv,5692a813-646e-4211-bd88-49b18dbd9a34,1,306.567164
2026/02/04/23:24:40,apply-time,rs-000323-hmsbw,17ccddfd-125b-4e04-bb93-2179c8f30011,1,306.567164
2026/02/04/23:24:40,running-time,rs-000323-hmsbw,17ccddfd-125b-4e04-bb93-2179c8f30011,1,306.567164
2026/02/04/23:24:43,apply-time,rs-000324-9bhg4,ffd12a35-5e66-49ce-8b2a-cfe6983506de,1,310.567164
2026/02/04/23:24:43,running-time,rs-000324-9bhg4,ffd12a35-5e66-49ce-8b2a-cfe6983506de,1,310.567164
2026/02/04/23:24:43,apply-time,rs-000324-nbn6j,7110473d-b0d2-46fb-bbee-74c0c4064365,1,310.567164
2026/02/04/23:24:43,running-time,rs-000324-nbn6j,7110473d-b0d2-46fb-bbee-74c0c4064365,1,310.567164
2026/02/04/23:24:43,apply-time,rs-000325-87jz5,ebce07a1-3b54-40fb-abb8-afe9f1ba5a09,1,310.567164
2026/02/04/23:24:43,running-time,rs-000325-87jz5,ebce07a1-3b54-40fb-abb8-afe9f1ba5a09,1,310.567164
2026/02/04/23:24:43,apply-time,rs-000325-csjq5,5c7298a2-b7e2-453b-a4fa-787fc6a446b6,1,310.567164
2026/02/04/23:24:43,running-time,rs-000325-csjq5,5c7298a2-b7e2-453b-a4fa-787fc6a446b6,1,310.567164
2026/02/04/23:24:43,apply-time,rs-000326-44hh5,fc9b8db0-75b9-4b24-abcf-143f5d79ae16,1,310.567164
2026/02/04/23:24:43,running-time,rs-000326-44hh5,fc9b8db0-75b9-4b24-abcf-143f5d79ae16,1,310.567164
2026/02/04/23:24:43,apply-time,rs-000327-csv8f,9472a6fc-fada-4576-87b2-e68f8966adb1,1,310.567164
2026/02/04/23:24:43,running-time,rs-000327-csv8f,9472a6fc-fada-4576-87b2-e68f8966adb1,1,310.567164
2026/02/04/23:24:43,apply-time,rs-000328-vgh8p,7ed5ab43-232c-40c2-9623-027ed90efb48,1,310.567164
2026/02/04/23:24:43,running-time,rs-000328-vgh8p,7ed5ab43-232c-40c2-9623-027ed90efb48,1,310.567164
2026/02/04/23:24:44,apply-time,rs-000329-4wd2z,3bf4cfb8-2dd2-4ce0-b7dc-84bb00047997,1,311.567164
2026/02/04/23:24:44,running-time,rs-000329-4wd2z,3bf4cfb8-2dd2-4ce0-b7dc-84bb00047997,1,311.567164
2026/02/04/23:24:44,apply-time,rs-000330-g5fct,d285a368-d625-4a7b-ad13-062f8fa4570a,1,311.567164
2026/02/04/23:24:44,running-time,rs-000330-g5fct,d285a368-d625-4a7b-ad13-062f8fa4570a,1,311.567164
2026/02/04/23:24:44,apply-time,rs-000330-mbwnn,d20952de-1cfc-486a-8e2d-4e16e08fd804,1,311.567164
2026/02/04/23:24:44,running-time,rs-000330-mbwnn,d20952de-1cfc-486a-8e2d-4e16e08fd804,1,311.567164
2026/02/04/23:24:44,apply-time,rs-000331-nncfh,2dec70d2-ffec-4b14-8ef3-4e2e9fe53798,1,311.567164
2026/02/04/23:24:44,apply-time,rs-000332-5vxwt,605e5246-eaf3-4cfd-8a52-18721adad2a6,1,311.567164
2026/02/04/23:24:44,apply-time,rs-000333-j45xp,67b5bc52-7a69-442d-a8f9-bf5427bcba3c,1,311.567164
2026/02/04/23:24:44,apply-time,rs-000334-5m4tv,00ab93ee-dc49-4110-96d4-07ef40227c16,1,311.567164
2026/02/04/23:24:44,running-time,rs-000334-5m4tv,00ab93ee-dc49-4110-96d4-07ef40227c16,1,311.567164
2026/02/04/23:24:44,apply-time,rs-000334-8fnk7,e08ee3d7-865d-4d7e-8170-f39882d84671,1,311.567164
2026/02/04/23:24:44,running-time,rs-000334-8fnk7,e08ee3d7-865d-4d7e-8170-f39882d84671,1,311.567164
2026/02/04/23:24:44,apply-time,rs-000334-pwnct,dff70926-7cf9-4f4a-9473-6a6aa2145bef,1,311.567164
2026/02/04/23:24:44,running-time,rs-000334-pwnct,dff70926-7cf9-4f4a-9473-6a6aa2145bef,1,311.567164
2026/02/04/23:24:45,apply-time,rs-000335-2fml9,66fe4987-2a0f-49b0-9d25-b57451e57d0c,1,312.567164
2026/02/04/23:24:45,apply-time,rs-000335-vsqwq,70ff3e62-14ee-4dea-bf26-2b3250ff1b84,1,311.567164
2026/02/04/23:24:45,apply-time,rs-000335-wr6dm,39f9f2a0-8959-4d35-8840-a80d7bf94541,1,311.567164
2026/02/04/23:24:46,running-time,rs-000332-5vxwt,605e5246-eaf3-4cfd-8a52-18721adad2a6,1,312.567164
2026/02/04/23:24:46,running-time,rs-000333-j45xp,67b5bc52-7a69-442d-a8f9-bf5427bcba3c,1,313.567164
2026/02/04/23:24:46,running-time,rs-000335-vsqwq,70ff3e62-14ee-4dea-bf26-2b3250ff1b84,1,313.567164
2026/02/04/23:24:47,running-time,rs-000331-nncfh,2dec70d2-ffec-4b14-8ef3-4e2e9fe53798,1,314.567164
2026/02/04/23:24:48,apply-time,rs-000336-sdtqx,e2a03e51-8971-44c9-bd1b-360bd95f4c88,1,315.567164
2026/02/04/23:24:48,running-time,rs-000336-sdtqx,e2a03e51-8971-44c9-bd1b-360bd95f4c88,1,315.567164
2026/02/04/23:24:48,apply-time,rs-000336-shpdq,b366a1f9-a008-42f8-a0b9-38b08c91605f,1,315.567164
2026/02/04/23:24:48,running-time,rs-000336-shpdq,b366a1f9-a008-42f8-a0b9-38b08c91605f,1,315.567164
2026/02/04/23:24:48,apply-time,rs-000337-8qdz7,833452b9-6bba-4403-9830-0aaf21aaa036,1,315.567164
2026/02/04/23:24:48,running-time,rs-000337-8qdz7,833452b9-6bba-4403-9830-0aaf21aaa036,1,315.567164
2026/02/04/23:24:48,apply-time,rs-000337-tglgp,bb5f2ea5-d9c5-4e3e-a966-f2b96f0eaa77,1,315.567164
2026/02/04/23:24:48,running-time,rs-000337-tglgp,bb5f2ea5-d9c5-4e3e-a966-f2b96f0eaa77,1,315.567164
2026/02/04/23:24:48,apply-time,rs-000338-df6kp,de735d96-8e55-4a1d-abe8-d0c8320a0f1e,1,315.567164
2026/02/04/23:24:48,running-time,rs-000338-df6kp,de735d96-8e55-4a1d-abe8-d0c8320a0f1e,1,315.567164
2026/02/04/23:24:48,apply-time,rs-000338-lbk8p,553d3ca4-8186-4f19-87da-82d97b3bee1b,1,315.567164
2026/02/04/23:24:48,running-time,rs-000338-lbk8p,553d3ca4-8186-4f19-87da-82d97b3bee1b,1,315.567164
2026/02/04/23:24:48,apply-time,rs-000339-4khfs,f12edad1-95ef-474c-8011-325285944f2c,1,315.567164
2026/02/04/23:24:48,running-time,rs-000339-4khfs,f12edad1-95ef-474c-8011-325285944f2c,1,315.567164
2026/02/04/23:24:48,apply-time,rs-000339-ghv8f,e7d4d127-592d-4ef0-84a8-6f294eab5dc6,1,315.567164
2026/02/04/23:24:48,running-time,rs-000339-ghv8f,e7d4d127-592d-4ef0-84a8-6f294eab5dc6,1,315.567164
2026/02/04/23:24:49,apply-time,rs-000340-66t5s,58b72a23-345a-41cf-816f-153d5e413400,1,316.567164
2026/02/04/23:24:49,running-time,rs-000340-66t5s,58b72a23-345a-41cf-816f-153d5e413400,1,316.567164
2026/02/04/23:24:49,apply-time,rs-000341-4cjtr,455e925a-f634-4d8b-975a-bf65f9bde89b,1,316.567164
2026/02/04/23:24:49,apply-time,rs-000342-xhqwh,75be5d7e-83bb-40ea-acd0-9c5e54214662,1,316.567164
2026/02/04/23:24:49,running-time,rs-000342-xhqwh,75be5d7e-83bb-40ea-acd0-9c5e54214662,1,316.567164
2026/02/04/23:24:52,apply-time,rs-000343-5hppp,c8275a3c-19da-4dbc-a118-7b35a8461b5f,1,319.567164
2026/02/04/23:24:52,running-time,rs-000343-5hppp,c8275a3c-19da-4dbc-a118-7b35a8461b5f,1,319.567164
2026/02/04/23:24:52,apply-time,rs-000344-jvxlk,fca898bf-f6a9-4207-8705-18af1624543d,1,319.567164
2026/02/04/23:24:52,running-time,rs-000344-jvxlk,fca898bf-f6a9-4207-8705-18af1624543d,1,319.567164
2026/02/04/23:24:52,apply-time,rs-000344-kv7vn,a1fd2ccf-5da3-4c91-b4a0-42d0dd44730c,1,319.567164
2026/02/04/23:24:52,running-time,rs-000344-kv7vn,a1fd2ccf-5da3-4c91-b4a0-42d0dd44730c,1,319.567164
2026/02/04/23:24:52,apply-time,rs-000344-whqkd,11803828-2a57-4ccc-995e-b7d51023b02c,1,319.567164
2026/02/04/23:24:52,running-time,rs-000344-whqkd,11803828-2a57-4ccc-995e-b7d51023b02c,1,319.567164
2026/02/04/23:24:52,apply-time,rs-000345-2vplr,0c76cebb-e968-4914-a35d-7c8c63888f11,1,319.567164
2026/02/04/23:24:52,running-time,rs-000345-2vplr,0c76cebb-e968-4914-a35d-7c8c63888f11,1,319.567164
2026/02/04/23:24:52,apply-time,rs-000345-4zgqx,26cf48b0-5ba6-4d86-ab27-c59cc2fa85eb,1,319.567164
2026/02/04/23:24:52,running-time,rs-000345-4zgqx,26cf48b0-5ba6-4d86-ab27-c59cc2fa85eb,1,319.567164
2026/02/04/23:24:52,apply-time,rs-000346-dvx4n,47ce47a8-5587-41ae-870f-6baa531e8ab3,1,319.567164
2026/02/04/23:24:52,running-time,rs-000346-dvx4n,47ce47a8-5587-41ae-870f-6baa531e8ab3,1,319.567164
2026/02/04/23:24:52,apply-time,rs-000346-npvmv,f1c1b5d7-75b8-4c3a-863e-fbfed977f878,1,319.567164
2026/02/04/23:24:52,running-time,rs-000346-npvmv,f1c1b5d7-75b8-4c3a-863e-fbfed977f878,1,319.567164
2026/02/04/23:24:52,apply-time,rs-000347-cpsnk,cc0e9ff0-2a2b-4ce9-97a9-34ed0f779124,1,319.567164
2026/02/04/23:24:52,running-time,rs-000347-cpsnk,cc0e9ff0-2a2b-4ce9-97a9-34ed0f779124,1,319.567164
2026/02/04/23:24:52,apply-time,rs-000348-f8q9s,4039c9f4-bab2-491d-8bb4-b1a7abb8361e,1,319.567164
2026/02/04/23:24:52,running-time,rs-000348-f8q9s,4039c9f4-bab2-491d-8bb4-b1a7abb8361e,1,319.567164
2026/02/04/23:24:57,apply-time,rs-000349-t9h2n,fe85cf97-9eae-4045-a8a5-b567a1249100,1,324.567164
2026/02/04/23:24:57,running-time,rs-000349-t9h2n,fe85cf97-9eae-4045-a8a5-b567a1249100,1,324.567164
2026/02/04/23:24:57,apply-time,rs-000350-khfxl,77bbae85-9912-4661-a5e1-d0ed8023a9e9,1,324.567164
2026/02/04/23:24:57,running-time,rs-000350-khfxl,77bbae85-9912-4661-a5e1-d0ed8023a9e9,1,324.567164
2026/02/04/23:24:57,apply-time,rs-000350-s98vm,1eb8494e-b6c8-4c3c-836f-f51bd7625d71,1,324.567164
2026/02/04/23:24:57,running-time,rs-000350-s98vm,1eb8494e-b6c8-4c3c-836f-f51bd7625d71,1,324.567164
2026/02/04/23:24:57,apply-time,rs-000351-tb86x,b16b300a-76d8-4fb3-b354-33b7f329a31b,1,324.567164
2026/02/04/23:24:57,running-time,rs-000351-tb86x,b16b300a-76d8-4fb3-b354-33b7f329a31b,1,324.567164
2026/02/04/23:25:07,apply-time,rs-000352-lqs2t,f3a5f812-6a52-4b4d-acda-b8391b4bd5ed,1,333.567164
2026/02/04/23:25:07,running-time,rs-000352-lqs2t,f3a5f812-6a52-4b4d-acda-b8391b4bd5ed,1,333.567164
2026/02/04/23:25:07,apply-time,rs-000352-tvsvq,9c7dcfd0-02a1-4f26-92f5-69a2484b046f,1,333.567164
2026/02/04/23:25:07,running-time,rs-000352-tvsvq,9c7dcfd0-02a1-4f26-92f5-69a2484b046f,1,333.567164
2026/02/04/23:25:07,apply-time,rs-000353-fcvm5,6441b4fd-1882-41c1-b0c1-994a53e60d95,1,333.567164
2026/02/04/23:25:07,running-time,rs-000353-fcvm5,6441b4fd-1882-41c1-b0c1-994a53e60d95,1,333.567164
2026/02/04/23:25:07,apply-time,rs-000353-q97qr,60b8634e-532f-4994-b4e1-56db87b004a4,1,333.567164
2026/02/04/23:25:07,running-time,rs-000353-q97qr,60b8634e-532f-4994-b4e1-56db87b004a4,1,333.567164
2026/02/04/23:25:07,apply-time,rs-000354-rwgww,9d40765a-b4a7-49a0-90ab-39c5aa829c9d,1,333.567164
2026/02/04/23:25:07,running-time,rs-000354-rwgww,9d40765a-b4a7-49a0-90ab-39c5aa829c9d,1,333.567164
2026/02/04/23:25:07,apply-time,rs-000355-8xtzq,1a0f641f-05e9-4450-886a-fe97404863b3,1,334.567164
2026/02/04/23:25:07,running-time,rs-000355-8xtzq,1a0f641f-05e9-4450-886a-fe97404863b3,1,334.567164
2026/02/04/23:25:07,apply-time,rs-000356-8wzzl,ca3e1490-8dcf-4bc9-a805-e7b3c216c141,1,334.567164
2026/02/04/23:25:07,running-time,rs-000356-8wzzl,ca3e1490-8dcf-4bc9-a805-e7b3c216c141,1,334.567164
2026/02/04/23:25:07,apply-time,rs-000356-r5b9r,9ea92e2c-404d-413a-a617-b8bdf2485a63,1,334.567164
2026/02/04/23:25:07,running-time,rs-000356-r5b9r,9ea92e2c-404d-413a-a617-b8bdf2485a63,1,334.567164
2026/02/04/23:25:07,apply-time,rs-000357-4hw47,3a694db5-26c2-4d90-99f6-5db6611c576a,1,334.567164
2026/02/04/23:25:07,apply-time,rs-000357-97bzq,0d674594-15f7-4e6b-b4fe-22f2926bf6f6,1,334.567164
2026/02/04/23:25:07,apply-time,rs-000357-9k7pv,eb269a6c-8898-403d-83a1-1d73e233dcca,1,334.567164
2026/02/04/23:25:07,running-time,rs-000357-9k7pv,eb269a6c-8898-403d-83a1-1d73e233dcca,1,334.567164
2026/02/04/23:25:09,running-time,rs-000357-97bzq,0d674594-15f7-4e6b-b4fe-22f2926bf6f6,1,336.567164
2026/02/04/23:25:09,apply-time,rs-000358-ckfxj,56b2353c-04db-40b0-ac3d-711422da2bf0,1,336.567164
2026/02/04/23:25:09,running-time,rs-000358-ckfxj,56b2353c-04db-40b0-ac3d-711422da2bf0,1,336.567164
2026/02/04/23:25:12,apply-time,rs-000359-qlv5d,53061860-f9dc-4119-b884-54087b7ca0b4,1,339.567164
2026/02/04/23:25:12,running-time,rs-000359-qlv5d,53061860-f9dc-4119-b884-54087b7ca0b4,1,339.567164
2026/02/04/23:25:12,apply-time,rs-000360-4grc6,53d51187-8a02-4114-8e7f-351b7388e340,1,339.567164
2026/02/04/23:25:12,running-time,rs-000360-4grc6,53d51187-8a02-4114-8e7f-351b7388e340,1,339.567164
2026/02/04/23:25:12,apply-time,rs-000360-4k6tb,c686d808-401a-4ec1-b590-a1faa55c17db,1,339.567164
2026/02/04/23:25:12,running-time,rs-000360-4k6tb,c686d808-401a-4ec1-b590-a1faa55c17db,1,339.567164
2026/02/04/23:25:12,apply-time,rs-000360-dkgm6,0bc5d567-ca88-4c5c-9226-a0e5e852cc0a,1,339.567164
2026/02/04/23:25:12,running-time,rs-000360-dkgm6,0bc5d567-ca88-4c5c-9226-a0e5e852cc0a,1,339.567164
2026/02/04/23:25:12,apply-time,rs-000361-pq4g9,d522fff8-f6ad-4d99-a442-6f3f54766bbd,1,339.567164
2026/02/04/23:25:12,running-time,rs-000361-pq4g9,d522fff8-f6ad-4d99-a442-6f3f54766bbd,1,339.567164
2026/02/04/23:25:12,apply-time,rs-000361-tlw4c,02a82f6c-4fc5-42ed-bc31-916670249da8,1,339.567164
2026/02/04/23:25:12,running-time,rs-000361-tlw4c,02a82f6c-4fc5-42ed-bc31-916670249da8,1,339.567164
2026/02/04/23:25:12,apply-time,rs-000362-fm9vd,c316d3f0-1bc7-4929-8d5e-3d84ecf32e04,1,339.567164
2026/02/04/23:25:12,running-time,rs-000362-fm9vd,c316d3f0-1bc7-4929-8d5e-3d84ecf32e04,1,339.567164
2026/02/04/23:25:12,apply-time,rs-000362-v965x,de612dd1-de62-4cd9-96f4-c40c05c4eecb,1,339.567164
2026/02/04/23:25:13,apply-time,rs-000363-rjsfb,56aa759a-1642-4802-b22d-27f2de23c300,1,340.567164
2026/02/04/23:25:13,apply-time,rs-000364-q88jh,7b1c203e-7605-4e5f-ac41-5323f572e4ee,1,340.567164
2026/02/04/23:25:13,running-time,rs-000364-q88jh,7b1c203e-7605-4e5f-ac41-5323f572e4ee,1,340.567164
2026/02/04/23:25:13,apply-time,rs-000364-wg2gg,bf53acc2-f6a9-46b2-a900-de9ebfe95a4c,1,340.567164
2026/02/04/23:25:13,apply-time,rs-000365-96ldj,b778fcc6-8235-4bf8-b5ed-e2ab4d5a116e,1,340.567164
2026/02/04/23:25:13,running-time,rs-000365-96ldj,b778fcc6-8235-4bf8-b5ed-e2ab4d5a116e,1,340.567164
2026/02/04/23:25:13,apply-time,rs-000366-6wgww,88dfabd0-bde0-41bc-a6bd-b538a6599a73,1,340.567164
2026/02/04/23:25:13,apply-time,rs-000366-svzhv,f8896236-1725-4d35-bffa-96b6ffac041c,1,340.567164
2026/02/04/23:25:13,apply-time,rs-000366-x22s6,a1e57cff-3818-45f3-adf6-c8d981bdffd8,1,340.567164
2026/02/04/23:25:14,running-time,rs-000362-v965x,de612dd1-de62-4cd9-96f4-c40c05c4eecb,1,341.567164
2026/02/04/23:25:14,running-time,rs-000363-rjsfb,56aa759a-1642-4802-b22d-27f2de23c300,1,341.567164
2026/02/04/23:25:14,running-time,rs-000364-wg2gg,bf53acc2-f6a9-46b2-a900-de9ebfe95a4c,1,341.567164
2026/02/04/23:25:14,apply-time,rs-000367-4b9r7,a7309153-3872-4662-9fe1-028092d6d188,1,341.567164
2026/02/04/23:25:14,running-time,rs-000367-4b9r7,a7309153-3872-4662-9fe1-028092d6d188,1,341.567164
2026/02/04/23:25:14,apply-time,rs-000367-4hnjb,08c5fc5b-1a79-40f3-94d8-c1a0be0d9204,1,340.567164
2026/02/04/23:25:14,running-time,rs-000367-4hnjb,08c5fc5b-1a79-40f3-94d8-c1a0be0d9204,1,340.567164
2026/02/04/23:25:14,apply-time,rs-000367-hrlp8,bab1c03c-bf6e-4be4-8fed-4cdb09d07eb4,1,341.567164
2026/02/04/23:25:14,running-time,rs-000367-hrlp8,bab1c03c-bf6e-4be4-8fed-4cdb09d07eb4,1,341.567164
2026/02/04/23:25:16,running-time,rs-000357-4hw47,3a694db5-26c2-4d90-99f6-5db6611c576a,1,342.567164
2026/02/04/23:25:16,running-time,rs-000366-6wgww,88dfabd0-bde0-41bc-a6bd-b538a6599a73,1,343.567164
2026/02/04/23:25:16,running-time,rs-000366-svzhv,f8896236-1725-4d35-bffa-96b6ffac041c,1,343.567164
2026/02/04/23:25:16,running-time,rs-000366-x22s6,a1e57cff-3818-45f3-adf6-c8d981bdffd8,1,343.567164
2026/02/04/23:25:16,apply-time,rs-000368-4f2ch,0aa8eba5-e5bd-4352-bfa2-5842e9cec252,1,343.567164
2026/02/04/23:25:16,running-time,rs-000368-4f2ch,0aa8eba5-e5bd-4352-bfa2-5842e9cec252,1,343.567164
2026/02/04/23:25:16,apply-time,rs-000368-qsz9g,2bed6dee-7514-483d-9a2f-b3ec8c189059,1,343.567164
2026/02/04/23:25:16,running-time,rs-000368-qsz9g,2bed6dee-7514-483d-9a2f-b3ec8c189059,1,343.567164
2026/02/04/23:25:16,apply-time,rs-000369-4kqt7,0abd0e55-4d92-47e7-9e60-93094ec93cdd,1,343.567164
2026/02/04/23:25:16,apply-time,rs-000370-7tpx8,381ddc6a-dad3-461b-9a6e-453454051ed4,1,343.567164
2026/02/04/23:25:16,apply-time,rs-000370-ckv9l,cb8a311f-e37b-4888-b100-39c84dcec19b,1,343.567164
2026/02/04/23:25:16,apply-time,rs-000370-hkk4w,b4f369c9-d27f-406b-954c-9b310dba2049,1,343.567164
2026/02/04/23:25:16,apply-time,rs-000371-nf29h,9b90e1c4-65f6-41f6-b5ce-9b75e1201993,1,343.567164
2026/02/04/23:25:16,running-time,rs-000371-nf29h,9b90e1c4-65f6-41f6-b5ce-9b75e1201993,1,343.567164
2026/02/04/23:25:17,running-time,rs-000370-ckv9l,cb8a311f-e37b-4888-b100-39c84dcec19b,1,344.567164
2026/02/04/23:25:17,apply-time,rs-000372-6gn42,95f9af68-48a3-4d78-a9bd-7bba4873cc27,1,344.567164
2026/02/04/23:25:17,apply-time,rs-000372-hclq6,99edcda1-2cd6-4896-ba13-19e299c525ea,1,344.567164
2026/02/04/23:25:21,apply-time,rs-000373-885mk,5ec9fd64-d9a6-4cfc-82e7-aa0a5dc5b75a,1,348.567164
2026/02/04/23:25:21,running-time,rs-000373-885mk,5ec9fd64-d9a6-4cfc-82e7-aa0a5dc5b75a,1,348.567164
2026/02/04/23:25:21,apply-time,rs-000373-dpzdh,6c22031d-b83e-4ebb-b597-a711049e6efb,1,348.567164
2026/02/04/23:25:21,running-time,rs-000373-dpzdh,6c22031d-b83e-4ebb-b597-a711049e6efb,1,348.567164
2026/02/04/23:25:21,apply-time,rs-000374-2fbfp,f287a0b1-558d-4fec-b80b-419e1d4db51c,1,348.567164
2026/02/04/23:25:21,apply-time,rs-000374-6g6xk,d911ba8f-f470-4d4b-b72d-ba15ab24ecbd,1,348.567164
2026/02/04/23:25:21,apply-time,rs-000375-txbxz,8f2103db-6bfa-4a7a-882c-28c322978747,1,348.567164
2026/02/04/23:25:21,apply-time,rs-000376-gcl5d,beffce99-3282-42da-9061-745aef4bd60e,1,348.567164
2026/02/04/23:25:21,running-time,rs-000376-gcl5d,beffce99-3282-42da-9061-745aef4bd60e,1,348.567164
2026/02/04/23:25:21,apply-time,rs-000376-t5wb2,ed507112-a3b8-49e9-bba9-74bddae09df2,1,348.567164
2026/02/04/23:25:21,running-time,rs-000376-t5wb2,ed507112-a3b8-49e9-bba9-74bddae09df2,1,348.567164
2026/02/04/23:25:21,apply-time,rs-000377-8w2mb,d1f865c9-291c-4dcc-a266-710aab36bbec,1,348.567164
2026/02/04/23:25:23,running-time,rs-000375-txbxz,8f2103db-6bfa-4a7a-882c-28c322978747,1,350.567164
2026/02/04/23:25:23,running-time,rs-000377-8w2mb,d1f865c9-291c-4dcc-a266-710aab36bbec,1,350.567164
2026/02/04/23:25:24,running-time,rs-000374-6g6xk,d911ba8f-f470-4d4b-b72d-ba15ab24ecbd,1,351.567164
2026/02/04/23:25:31,apply-time,rs-000378-fztqv,617567ee-8de9-4ac9-b5d1-4d6c5b473920,1,358.567164
2026/02/04/23:25:31,running-time,rs-000378-fztqv,617567ee-8de9-4ac9-b5d1-4d6c5b473920,1,358.567164
2026/02/04/23:25:31,apply-time,rs-000378-g8w4x,a744d54a-2ed5-477f-a4e3-f3c098e10285,1,358.567164
2026/02/04/23:25:31,running-time,rs-000378-g8w4x,a744d54a-2ed5-477f-a4e3-f3c098e10285,1,358.567164
2026/02/04/23:25:31,apply-time,rs-000378-wxlwb,1b6b8e03-c455-4494-bda1-6c91fcde9153,1,358.567164
2026/02/04/23:25:31,running-time,rs-000378-wxlwb,1b6b8e03-c455-4494-bda1-6c91fcde9153,1,358.567164
2026/02/04/23:25:31,apply-time,rs-000379-r44qd,271664b0-c107-465f-bf6e-81d8f7e35f7b,1,358.567164
2026/02/04/23:25:31,running-time,rs-000379-r44qd,271664b0-c107-465f-bf6e-81d8f7e35f7b,1,358.567164
2026/02/04/23:25:31,apply-time,rs-000379-svlw6,efb44d1b-cfd3-4680-96a4-cce127575859,1,358.567164
2026/02/04/23:25:31,running-time,rs-000379-svlw6,efb44d1b-cfd3-4680-96a4-cce127575859,1,358.567164
2026/02/04/23:25:31,apply-time,rs-000380-4pjk5,b47b5cfa-8ed4-4f8f-a073-f310406d3b7a,1,358.567164
2026/02/04/23:25:31,apply-time,rs-000380-drfw5,6262aca8-2091-4189-b4bd-138cfd70a7ab,1,358.567164
2026/02/04/23:25:34,running-time,rs-000380-4pjk5,b47b5cfa-8ed4-4f8f-a073-f310406d3b7a,1,360.567164
2026/02/04/23:25:35,apply-time,rs-000381-f8vjd,9a6f85a0-1732-4259-b8f2-3abcba93a4bb,1,362.567164
2026/02/04/23:25:35,running-time,rs-000381-f8vjd,9a6f85a0-1732-4259-b8f2-3abcba93a4bb,1,362.567164
2026/02/04/23:25:35,apply-time,rs-000381-lznb7,84cd2a0d-7dab-4530-9ac5-1449d9ed06f4,1,362.567164
2026/02/04/23:25:35,running-time,rs-000381-lznb7,84cd2a0d-7dab-4530-9ac5-1449d9ed06f4,1,362.567164
2026/02/04/23:25:35,apply-time,rs-000382-fjftw,94abd713-4432-45e7-a697-80544ef7240d,1,362.567164
2026/02/04/23:25:35,running-time,rs-000382-fjftw,94abd713-4432-45e7-a697-80544ef7240d,1,362.567164
2026/02/04/23:25:35,apply-time,rs-000382-fpqsz,877235f7-17c4-49b7-b110-6d79ea0fde30,1,362.567164
2026/02/04/23:25:35,running-time,rs-000382-fpqsz,877235f7-17c4-49b7-b110-6d79ea0fde30,1,362.567164
2026/02/04/23:25:35,apply-time,rs-000382-kz9qg,3a62146a-0789-4944-ba96-6d091b2d683b,1,362.567164
2026/02/04/23:25:35,running-time,rs-000382-kz9qg,3a62146a-0789-4944-ba96-6d091b2d683b,1,362.567164
2026/02/04/23:25:36,apply-time,rs-000383-6jjr6,99c61587-1eb2-441c-9de5-0a2b7e5d7517,1,363.567164
2026/02/04/23:25:36,apply-time,rs-000383-wjzqt,d3ac4d72-1d09-4eee-9344-010d7f306bf6,1,363.567164
2026/02/04/23:25:36,apply-time,rs-000383-zgqpp,5c16ccc1-9b86-463c-9c65-80dc772fc419,1,363.567164
2026/02/04/23:25:36,apply-time,rs-000384-7qzsb,91148719-8950-4486-89d8-0f3d3cc1c7d8,1,363.567164
2026/02/04/23:25:36,running-time,rs-000384-7qzsb,91148719-8950-4486-89d8-0f3d3cc1c7d8,1,363.567164
2026/02/04/23:25:36,apply-time,rs-000384-bhqmd,9f188858-b35a-44dc-b91a-89337f9cf60b,1,363.567164
2026/02/04/23:25:36,running-time,rs-000384-bhqmd,9f188858-b35a-44dc-b91a-89337f9cf60b,1,363.567164
2026/02/04/23:25:36,apply-time,rs-000385-fgvl7,ba85cd90-39c8-47fa-929c-21c32c012263,1,363.567164
2026/02/04/23:25:36,running-time,rs-000385-fgvl7,ba85cd90-39c8-47fa-929c-21c32c012263,1,363.567164
2026/02/04/23:25:38,apply-time,rs-000386-lsj6b,06825c3a-6071-46b1-adf5-01fc7cdd3c79,1,365.567164
2026/02/04/23:25:38,apply-time,rs-000387-5sjcd,45b63565-25bd-46d8-a045-1229ab9b0499,1,365.567164
2026/02/04/23:25:38,apply-time,rs-000387-7kvvb,de3b2fea-38ee-483e-95f8-749dd5516ebd,1,365.567164
2026/02/04/23:25:38,apply-time,rs-000388-bzlk7,4d65d240-0522-4bbb-abc7-4707053f4605,1,365.567164
2026/02/04/23:25:38,apply-time,rs-000388-n8zzd,401e90f4-bd0c-4ed9-9373-52eb4f6aac1b,1,365.567164
2026/02/04/23:25:38,apply-time,rs-000389-29n45,3104176a-2bf3-4d8c-96d9-e6003ed2fed7,1,365.567164
2026/02/04/23:25:38,apply-time,rs-000389-c9s6q,451b2d1f-beb7-42f2-90de-f39bbcd3bfba,1,365.567164
2026/02/04/23:25:38,apply-time,rs-000389-sphct,aeb8a5cb-a168-4d0d-a44c-37fe37416e1d,1,365.567164
2026/02/04/23:25:39,running-time,rs-000386-lsj6b,06825c3a-6071-46b1-adf5-01fc7cdd3c79,1,365.567164
2026/02/04/23:25:39,running-time,rs-000388-n8zzd,401e90f4-bd0c-4ed9-9373-52eb4f6aac1b,1,365.567164
2026/02/04/23:25:39,apply-time,rs-000390-hcvs2,5e264818-b4c0-4755-b64c-29e216e1dc08,1,365.567164
2026/02/04/23:25:39,apply-time,rs-000390-qkkns,210d256f-2b33-4072-8ad6-b0628d64cbdc,1,365.567164
2026/02/04/23:25:39,apply-time,rs-000390-t2r7p,a9e9c8ec-f9e7-44bb-8602-7d6933c63bde,1,365.567164
2026/02/04/23:25:39,apply-time,rs-000391-kt8j5,59dd93c5-1f3e-405c-bcf1-c717a904a6f7,1,366.567164
2026/02/04/23:25:39,running-time,rs-000391-kt8j5,59dd93c5-1f3e-405c-bcf1-c717a904a6f7,1,366.567164
2026/02/04/23:25:39,apply-time,rs-000392-hdjfg,d79dfc88-d43e-43ea-9ce4-f1a2d03a54c2,1,365.567164
2026/02/04/23:25:39,apply-time,rs-000393-42fdp,337cf4c8-6827-4c60-95fd-f39a6f62cdfc,1,365.567164
2026/02/04/23:25:39,running-time,rs-000393-42fdp,337cf4c8-6827-4c60-95fd-f39a6f62cdfc,1,366.567164
2026/02/04/23:25:39,apply-time,rs-000394-p2pks,f2961610-1fc5-462b-a0d1-ea5e5e28f432,1,366.567164
2026/02/04/23:25:39,apply-time,rs-000394-wv4js,7f66e4a9-b8bf-46fd-8e91-a05e77917ea6,1,366.567164
2026/02/04/23:25:39,apply-time,rs-000395-sv98t,5ecd4e0f-bdfc-4bcd-8f5a-887548ba50e0,1,366.567164
2026/02/04/23:25:39,apply-time,rs-000396-ljfpb,ec12ca6c-f7d0-4444-82c7-1c9b9d4ed7b5,1,366.567164
2026/02/04/23:25:39,running-time,rs-000396-ljfpb,ec12ca6c-f7d0-4444-82c7-1c9b9d4ed7b5,1,366.567164
2026/02/04/23:25:39,apply-time,rs-000396-tkhnw,b753ecc3-510a-4b3f-b84b-bb06d862dc89,1,366.567164
2026/02/04/23:25:39,running-time,rs-000396-tkhnw,b753ecc3-510a-4b3f-b84b-bb06d862dc89,1,366.567164
2026/02/04/23:25:40,running-time,rs-000388-bzlk7,4d65d240-0522-4bbb-abc7-4707053f4605,1,367.567164
2026/02/04/23:25:46,apply-time,rs-000397-ccstw,8a0e0135-84fb-4481-8f47-65061b81659e,1,372.567164
2026/02/04/23:25:46,running-time,rs-000397-ccstw,8a0e0135-84fb-4481-8f47-65061b81659e,1,372.567164
2026/02/04/23:25:46,apply-time,rs-000397-rkw2h,abb39e8d-d297-4af4-8ff3-045c2a26427b,1,372.567164
2026/02/04/23:25:46,running-time,rs-000397-rkw2h,abb39e8d-d297-4af4-8ff3-045c2a26427b,1,372.567164
2026/02/04/23:25:46,apply-time,rs-000398-7svgb,22a3011c-6bce-488c-bc63-3645b281b941,1,372.567164
2026/02/04/23:25:46,running-time,rs-000398-7svgb,22a3011c-6bce-488c-bc63-3645b281b941,1,372.567164
2026/02/04/23:25:46,apply-time,rs-000398-ks698,2278c681-23f4-4d96-acc1-e3dd2eb77b3c,1,372.567164
2026/02/04/23:25:46,running-time,rs-000398-ks698,2278c681-23f4-4d96-acc1-e3dd2eb77b3c,1,372.567164
2026/02/04/23:25:46,apply-time,rs-000399-s7jv9,65011885-eff1-4fc5-8457-eafa74447e88,1,372.567164
2026/02/04/23:25:46,running-time,rs-000399-s7jv9,65011885-eff1-4fc5-8457-eafa74447e88,1,372.567164
2026/02/04/23:25:46,apply-time,rs-000400-6h9b7,4499c8ff-2024-4d41-b8ec-28623a92ac3b,1,372.567164
2026/02/04/23:25:46,running-time,rs-000400-6h9b7,4499c8ff-2024-4d41-b8ec-28623a92ac3b,1,372.567164
2026/02/04/23:25:46,apply-time,rs-000401-gth7w,eab50b28-f839-4fe6-be61-c216f65e516a,1,373.567164
2026/02/04/23:25:46,running-time,rs-000401-gth7w,eab50b28-f839-4fe6-be61-c216f65e516a,1,373.567164
2026/02/04/23:25:47,apply-time,rs-000402-78vrf,76e5ece8-9990-4979-9842-12c85dfd6a4b,1,374.567164
2026/02/04/23:25:48,apply-time,rs-000403-8hzjz,effea79a-48fb-48c5-bc9f-c71f012aa6b8,1,374.567164
2026/02/04/23:25:48,apply-time,rs-000403-dtxp7,05e459ae-6ae2-4cd3-88df-cd8ce1d21317,1,374.567164
2026/02/04/23:25:48,apply-time,rs-000403-sddm8,fe2d294f-381e-4a23-9e1c-50ebac16922c,1,374.567164
2026/02/04/23:25:54,running-time,rs-000402-78vrf,76e5ece8-9990-4979-9842-12c85dfd6a4b,1,381.567164
2026/02/04/23:25:56,apply-time,rs-000404-v9gt7,dcb6c2b5-c8c0-41cc-8336-58d8e595cd0c,1,382.567164
2026/02/04/23:25:56,running-time,rs-000404-v9gt7,dcb6c2b5-c8c0-41cc-8336-58d8e595cd0c,1,382.567164
2026/02/04/23:25:56,apply-time,rs-000404-wpx9l,7fcf5b03-87d9-446d-9487-f861b64e1047,1,382.567164
2026/02/04/23:25:56,running-time,rs-000404-wpx9l,7fcf5b03-87d9-446d-9487-f861b64e1047,1,382.567164
2026/02/04/23:25:56,apply-time,rs-000405-4v824,9b0d1999-260e-4de0-890b-0fddc0bb40b0,1,382.567164
2026/02/04/23:25:56,running-time,rs-000405-4v824,9b0d1999-260e-4de0-890b-0fddc0bb40b0,1,382.567164
2026/02/04/23:25:56,apply-time,rs-000405-fcs66,06cbe84d-6f0d-4796-a3d0-ce14243a94e2,1,382.567164
2026/02/04/23:25:56,running-time,rs-000405-fcs66,06cbe84d-6f0d-4796-a3d0-ce14243a94e2,1,383.567164
2026/02/04/23:25:56,apply-time,rs-000406-c5x46,a024b8f9-f44e-49fd-943e-656e56f5ab26,1,382.567164
2026/02/04/23:25:56,running-time,rs-000406-c5x46,a024b8f9-f44e-49fd-943e-656e56f5ab26,1,383.567164
2026/02/04/23:25:56,apply-time,rs-000406-g6bgx,1bb53e52-ff7c-499e-a0cf-29e014bdf437,1,382.567164
2026/02/04/23:25:56,running-time,rs-000406-g6bgx,1bb53e52-ff7c-499e-a0cf-29e014bdf437,1,383.567164
2026/02/04/23:25:56,apply-time,rs-000406-r7fv5,dd730da9-df50-4fbb-82a4-ea22b2e2a1a7,1,382.567164
2026/02/04/23:25:56,running-time,rs-000406-r7fv5,dd730da9-df50-4fbb-82a4-ea22b2e2a1a7,1,382.567164
2026/02/04/23:25:56,apply-time,rs-000407-bnptt,3544f2f4-5468-4877-948e-b67e3d07d699,1,383.567164
2026/02/04/23:25:56,apply-time,rs-000407-v75p2,bdf8f1bb-abae-48e5-9f57-84e421a1d7e9,1,383.567164
2026/02/04/23:25:56,running-time,rs-000407-v75p2,bdf8f1bb-abae-48e5-9f57-84e421a1d7e9,1,383.567164
2026/02/04/23:25:56,apply-time,rs-000408-q25rt,a9c5c8ce-702b-4fac-b7b1-d6c288a09646,1,383.567164
2026/02/04/23:25:58,running-time,rs-000407-bnptt,3544f2f4-5468-4877-948e-b67e3d07d699,1,385.567164
2026/02/04/23:25:58,apply-time,rs-000409-nfntb,6ac5a457-02a0-4b04-b015-a28742e36256,1,384.567164
2026/02/04/23:25:58,apply-time,rs-000410-8bdjg,479546ee-46d4-439c-802f-dd30750ab1ad,1,384.567164
2026/02/04/23:25:58,apply-time,rs-000410-fks68,70c16a4e-3c7d-4855-8c04-ecf31a40144c,1,384.567164
2026/02/04/23:25:58,apply-time,rs-000411-mhfc7,9203ae73-d6f0-4457-8634-058994e5ea9d,1,385.567164
2026/02/04/23:25:58,apply-time,rs-000411-qp4sm,ffeb5761-83dc-4df6-af28-ddde929372cf,1,385.567164
2026/02/04/23:25:59,running-time,rs-000410-fks68,70c16a4e-3c7d-4855-8c04-ecf31a40144c,1,386.567164
2026/02/04/23:26:02,running-time,rs-000410-8bdjg,479546ee-46d4-439c-802f-dd30750ab1ad,1,389.567164
2026/02/04/23:26:06,running-time,rs-000408-q25rt,a9c5c8ce-702b-4fac-b7b1-d6c288a09646,1,393.567164
2026/02/04/23:26:09,apply-time,rs-000412-zz8g7,7381254a-067e-44d9-82ce-b5f448260668,1,396.567164
2026/02/04/23:26:10,apply-time,rs-000413-kftz5,987f6830-b45b-400f-8e97-4cc79eafc6da,1,397.567164
2026/02/04/23:26:10,running-time,rs-000413-kftz5,987f6830-b45b-400f-8e97-4cc79eafc6da,1,397.567164
2026/02/04/23:26:10,apply-time,rs-000414-z5slb,f0c3db10-788d-4833-835b-f33d18df09e9,1,397.567164
2026/02/04/23:26:10,running-time,rs-000414-z5slb,f0c3db10-788d-4833-835b-f33d18df09e9,1,397.567164
2026/02/04/23:26:10,apply-time,rs-000415-44qqh,52a8bf7c-b250-411d-9cbe-01db46522fc1,1,397.567164
2026/02/04/23:26:10,apply-time,rs-000415-dv66w,989d615f-318f-4d95-a61c-1f2febffb4f0,1,397.567164
2026/02/04/23:26:10,apply-time,rs-000416-qxwvw,4d9efe2b-432e-4396-945d-28d4a8c9a8d0,1,397.567164
2026/02/04/23:26:10,running-time,rs-000416-qxwvw,4d9efe2b-432e-4396-945d-28d4a8c9a8d0,1,397.567164
2026/02/04/23:26:11,apply-time,rs-000417-lmzgv,f2d9d8a5-9327-4559-9e31-d72a8965094c,1,398.567164
2026/02/04/23:26:11,apply-time,rs-000417-rc774,435ad819-8ee9-447e-9dc5-499e3a5d2795,1,398.567164
2026/02/04/23:26:11,running-time,rs-000417-rc774,435ad819-8ee9-447e-9dc5-499e3a5d2795,1,398.567164
2026/02/04/23:26:11,apply-time,rs-000418-9bh97,e085c32d-eaf1-4c2e-8b68-27cdb67df877,1,398.567164
2026/02/04/23:26:11,running-time,rs-000418-9bh97,e085c32d-eaf1-4c2e-8b68-27cdb67df877,1,398.567164
2026/02/04/23:26:11,apply-time,rs-000418-bz6zh,495b9006-5880-4b61-9b51-870192772a39,1,398.567164
2026/02/04/23:26:11,running-time,rs-000418-bz6zh,495b9006-5880-4b61-9b51-870192772a39,1,398.567164
2026/02/04/23:26:11,apply-time,rs-000418-frtc7,90cf88a5-7fde-4e70-b0ea-f7f6fbf9a24b,1,398.567164
2026/02/04/23:26:11,running-time,rs-000418-frtc7,90cf88a5-7fde-4e70-b0ea-f7f6fbf9a24b,1,398.567164
2026/02/04/23:26:11,apply-time,rs-000419-r2ld2,140cd604-ff04-4eef-b1aa-e5491509e1b9,1,398.567164
2026/02/04/23:26:11,running-time,rs-000419-r2ld2,140cd604-ff04-4eef-b1aa-e5491509e1b9,1,398.567164
2026/02/04/23:26:11,apply-time,rs-000420-s4plp,9b457b2c-cf7f-4541-815d-4ee6284a820a,1,398.567164
2026/02/04/23:26:11,running-time,rs-000420-s4plp,9b457b2c-cf7f-4541-815d-4ee6284a820a,1,398.567164
2026/02/04/23:26:11,apply-time,rs-000420-vschv,50cdfd7e-0281-485e-b29a-9d8f015bdd66,1,398.567164
2026/02/04/23:26:11,running-time,rs-000420-vschv,50cdfd7e-0281-485e-b29a-9d8f015bdd66,1,398.567164
2026/02/04/23:26:11,apply-time,rs-000421-chjrq,6d0c1d01-dd77-4f49-866d-606dc3d0757b,1,398.567164
2026/02/04/23:26:11,running-time,rs-000421-chjrq,6d0c1d01-dd77-4f49-866d-606dc3d0757b,1,398.567164
2026/02/04/23:26:11,apply-time,rs-000421-j2pms,2b70ec79-ab81-4874-850b-13af2625f23e,1,398.567164
2026/02/04/23:26:12,apply-time,rs-000422-9rhvj,29711756-7673-42d7-9e92-80d767154867,1,399.567164
2026/02/04/23:26:12,apply-time,rs-000422-vkgqb,4bb19e54-0dae-4015-9722-60718e67507f,1,399.567164
2026/02/04/23:26:12,apply-time,rs-000422-z9rz7,9e64f30e-aa28-45ad-ad16-4f405534b447,1,399.567164
2026/02/04/23:26:12,apply-time,rs-000423-gf7ll,780aea51-4ac1-4be2-bd8e-a9dd6ca2d845,1,398.567164
2026/02/04/23:26:12,apply-time,rs-000424-9gcrr,5b278f5b-272f-4522-8fa3-205eabfbed61,1,399.567164
2026/02/04/23:26:12,running-time,rs-000424-9gcrr,5b278f5b-272f-4522-8fa3-205eabfbed61,1,399.567164
2026/02/04/23:26:12,apply-time,rs-000427-9rp5h,211b45d2-8e25-453f-b8ba-fb6000f14a10,1,399.567164
2026/02/04/23:26:13,running-time,rs-000423-gf7ll,780aea51-4ac1-4be2-bd8e-a9dd6ca2d845,1,400.567164
2026/02/04/23:26:13,apply-time,rs-000425-7k664,4a797285-864c-41d1-bc78-99335bac19b8,1,399.567164
2026/02/04/23:26:13,running-time,rs-000425-7k664,4a797285-864c-41d1-bc78-99335bac19b8,1,399.567164
2026/02/04/23:26:13,apply-time,rs-000426-bw67m,060641bb-ba09-450d-804a-be7698295028,1,400.567164
2026/02/04/23:26:13,apply-time,rs-000427-6fgpr,96f7d1b6-0a01-434d-8eb5-886ee7d5a970,1,400.567164
2026/02/04/23:26:13,apply-time,rs-000427-ts5r7,d07e1e19-5dba-47aa-ae59-25e6a48e2185,1,400.567164
2026/02/04/23:26:13,apply-time,rs-000428-kcp8k,69e0c499-95a5-4753-b87f-c4161ac26fb8,1,399.567164
2026/02/04/23:26:14,running-time,rs-000422-9rhvj,29711756-7673-42d7-9e92-80d767154867,1,400.567164
2026/02/04/23:26:14,running-time,rs-000426-bw67m,060641bb-ba09-450d-804a-be7698295028,1,401.567164
2026/02/04/23:26:14,running-time,rs-000427-6fgpr,96f7d1b6-0a01-434d-8eb5-886ee7d5a970,1,401.567164
2026/02/04/23:26:15,running-time,rs-000415-dv66w,989d615f-318f-4d95-a61c-1f2febffb4f0,1,402.567164
2026/02/04/23:26:15,running-time,rs-000427-9rp5h,211b45d2-8e25-453f-b8ba-fb6000f14a10,1,401.567164
2026/02/04/23:26:16,running-time,rs-000411-qp4sm,ffeb5761-83dc-4df6-af28-ddde929372cf,1,403.567164
2026/02/04/23:26:16,running-time,rs-000427-ts5r7,d07e1e19-5dba-47aa-ae59-25e6a48e2185,1,403.567164
2026/02/04/23:26:17,apply-time,rs-000429-xxk7h,050aae1a-7161-4ac1-958d-f26e94a52668,1,404.567164
2026/02/04/23:26:17,apply-time,rs-000430-d8fkm,4452308d-cf16-418d-aa83-b9ff66aa746c,1,404.567164
2026/02/04/23:26:17,running-time,rs-000430-d8fkm,4452308d-cf16-418d-aa83-b9ff66aa746c,1,404.567164
2026/02/04/23:26:17,apply-time,rs-000431-mcf7f,011ca0ee-3156-4e63-940d-7fa55a125f85,1,404.567164
2026/02/04/23:26:17,apply-time,rs-000431-nb2pc,ab509c36-eb30-4a97-96ff-e722f49df4f6,1,404.567164
2026/02/04/23:26:17,apply-time,rs-000431-zw45n,0f9465cc-7866-4333-af37-f4b6c5ecefea,1,404.567164
2026/02/04/23:26:17,apply-time,rs-000432-cgnsq,61cf45ee-9112-40ba-aa6d-f5f7c49a48be,1,404.567164
2026/02/04/23:26:17,running-time,rs-000432-cgnsq,61cf45ee-9112-40ba-aa6d-f5f7c49a48be,1,404.567164
2026/02/04/23:26:17,apply-time,rs-000432-dj42c,465956b7-62df-4b45-bd71-06e209f0f367,1,404.567164
2026/02/04/23:26:17,running-time,rs-000432-dj42c,465956b7-62df-4b45-bd71-06e209f0f367,1,404.567164
2026/02/04/23:26:17,apply-time,rs-000432-pmwdr,9827bc29-69fd-41f8-8a2e-f88ee3cba7cd,1,404.567164
2026/02/04/23:26:17,running-time,rs-000432-pmwdr,9827bc29-69fd-41f8-8a2e-f88ee3cba7cd,1,404.567164
2026/02/04/23:26:17,apply-time,rs-000433-8hsz7,1af8a730-71fa-4cf8-9774-5c23487ad940,1,404.567164
2026/02/04/23:26:17,running-time,rs-000433-8hsz7,1af8a730-71fa-4cf8-9774-5c23487ad940,1,404.567164
2026/02/04/23:26:17,apply-time,rs-000433-wlhmw,1e20a9f4-7c3d-4793-b049-0860ab704c10,1,404.567164
2026/02/04/23:26:17,running-time,rs-000433-wlhmw,1e20a9f4-7c3d-4793-b049-0860ab704c10,1,404.567164
2026/02/04/23:26:18,apply-time,rs-000434-fwnmf,fdc634aa-12f3-473e-a385-dc9f523f158b,1,404.567164
2026/02/04/23:26:18,running-time,rs-000434-fwnmf,fdc634aa-12f3-473e-a385-dc9f523f158b,1,405.567164
2026/02/04/23:26:18,apply-time,rs-000434-mxpwd,672a1f6c-eddf-4648-bdce-065f8e92bb6e,1,405.567164
2026/02/04/23:26:18,apply-time,rs-000435-7bnsl,798a3639-d61c-479f-ba6b-7e4ff151cc42,1,405.567164
2026/02/04/23:26:18,apply-time,rs-000435-hldjn,bd28a89a-577e-4b38-acba-a7fa0d26b65a,1,405.567164
2026/02/04/23:26:18,apply-time,rs-000435-hnlxs,2c26ffec-e61f-4c52-8479-25ec211d3320,1,405.567164
2026/02/04/23:26:18,apply-time,rs-000436-59xw8,437c75fe-43e2-4be3-ad63-01162c2e4510,1,405.567164
2026/02/04/23:26:18,apply-time,rs-000437-f74xg,3a8224d2-3f7e-4a52-8e05-a8db26e33181,1,405.567164
2026/02/04/23:26:18,apply-time,rs-000437-k9458,9a9703ce-7399-4ebe-90d8-7a8bf45bfb5c,1,405.567164
2026/02/04/23:26:18,apply-time,rs-000438-ktrzm,7b934df5-b264-4564-abeb-a5c4555dba5e,1,405.567164
2026/02/04/23:26:18,apply-time,rs-000438-q24tn,46e4151c-bcee-462b-b893-e20f83b02424,1,405.567164
2026/02/04/23:26:19,running-time,rs-000429-xxk7h,050aae1a-7161-4ac1-958d-f26e94a52668,1,406.567164
2026/02/04/23:26:20,running-time,rs-000431-zw45n,0f9465cc-7866-4333-af37-f4b6c5ecefea,1,407.567164
2026/02/04/23:26:20,running-time,rs-000434-mxpwd,672a1f6c-eddf-4648-bdce-065f8e92bb6e,1,407.567164
2026/02/04/23:26:20,running-time,rs-000437-f74xg,3a8224d2-3f7e-4a52-8e05-a8db26e33181,1,406.567164
2026/02/04/23:26:20,running-time,rs-000437-k9458,9a9703ce-7399-4ebe-90d8-7a8bf45bfb5c,1,406.567164
2026/02/04/23:26:20,running-time,rs-000438-ktrzm,7b934df5-b264-4564-abeb-a5c4555dba5e,1,407.567164
2026/02/04/23:26:21,running-time,rs-000438-q24tn,46e4151c-bcee-462b-b893-e20f83b02424,1,408.567164
2026/02/04/23:26:22,apply-time,rs-000439-g2lzs,8b2c7297-9910-4072-b369-f1138d491b34,1,408.567164
2026/02/04/23:26:22,running-time,rs-000439-g2lzs,8b2c7297-9910-4072-b369-f1138d491b34,1,408.567164
2026/02/04/23:26:22,apply-time,rs-000440-c72p5,c815cd2b-e62c-4ab3-8a89-3ce281854302,1,409.567164
2026/02/04/23:26:22,apply-time,rs-000441-4lhxb,768b06d7-ea70-49d4-bb09-689e1d251d9f,1,409.567164
2026/02/04/23:26:22,running-time,rs-000441-4lhxb,768b06d7-ea70-49d4-bb09-689e1d251d9f,1,409.567164
2026/02/04/23:26:22,apply-time,rs-000441-c9kbm,f50cc5d1-130a-4101-9483-a5f0db2a6607,1,409.567164
2026/02/04/23:26:22,running-time,rs-000441-c9kbm,f50cc5d1-130a-4101-9483-a5f0db2a6607,1,409.567164
2026/02/04/23:26:22,apply-time,rs-000442-v7wt6,f4852ce9-26f1-46e5-88fa-642a3835524a,1,409.567164
2026/02/04/23:26:22,running-time,rs-000442-v7wt6,f4852ce9-26f1-46e5-88fa-642a3835524a,1,409.567164
2026/02/04/23:26:22,apply-time,rs-000442-z5dbs,ac145eb2-4e20-4350-aa56-57ca9c696f2c,1,409.567164
2026/02/04/23:26:22,running-time,rs-000442-z5dbs,ac145eb2-4e20-4350-aa56-57ca9c696f2c,1,409.567164
2026/02/04/23:26:22,apply-time,rs-000443-65x8b,0b9c3f4c-4909-4b57-ab48-8b5476f696f4,1,409.567164
2026/02/04/23:26:22,running-time,rs-000443-65x8b,0b9c3f4c-4909-4b57-ab48-8b5476f696f4,1,409.567164
2026/02/04/23:26:26,running-time,rs-000411-mhfc7,9203ae73-d6f0-4457-8634-058994e5ea9d,1,413.567164
2026/02/04/23:26:26,apply-time,rs-000444-5j6jk,ac9521af-badf-457e-b6c8-575bc5a6c619,1,413.567164
2026/02/04/23:26:26,running-time,rs-000444-5j6jk,ac9521af-badf-457e-b6c8-575bc5a6c619,1,413.567164
2026/02/04/23:26:26,apply-time,rs-000444-dj6vf,d841350f-a41d-4d90-b4b9-d6a7b9b0df89,1,413.567164
2026/02/04/23:26:26,running-time,rs-000444-dj6vf,d841350f-a41d-4d90-b4b9-d6a7b9b0df89,1,413.567164
2026/02/04/23:26:26,apply-time,rs-000444-zv2h7,967a2cc0-3781-43f4-be33-8e01a5026d4a,1,413.567164
2026/02/04/23:26:26,running-time,rs-000444-zv2h7,967a2cc0-3781-43f4-be33-8e01a5026d4a,1,413.567164
2026/02/04/23:26:26,apply-time,rs-000445-96rvr,4e0f6cb6-3b2a-46c3-ad7e-1966e622818a,1,413.567164
2026/02/04/23:26:26,running-time,rs-000445-96rvr,4e0f6cb6-3b2a-46c3-ad7e-1966e622818a,1,413.567164
2026/02/04/23:26:26,apply-time,rs-000446-7qcdl,f18a799d-4fc1-4728-99c4-ed93de0139d6,1,413.567164
2026/02/04/23:26:26,running-time,rs-000446-7qcdl,f18a799d-4fc1-4728-99c4-ed93de0139d6,1,413.567164
2026/02/04/23:26:27,apply-time,rs-000447-x6n8s,ef107db1-49f0-49e1-9134-cfd917740c80,1,414.567164
2026/02/04/23:26:27,running-time,rs-000447-x6n8s,ef107db1-49f0-49e1-9134-cfd917740c80,1,414.567164
2026/02/04/23:26:29,apply-time,rs-000448-t2vmg,d6d8dd8b-dd98-49c1-b6a3-64bd0f6189ae,1,416.567164
2026/02/04/23:26:29,running-time,rs-000448-t2vmg,d6d8dd8b-dd98-49c1-b6a3-64bd0f6189ae,1,416.567164
2026/02/04/23:26:35,apply-time,rs-000449-d9qqs,393a2aa8-5e0e-44f1-93f6-717678b971e1,1,421.567164
2026/02/04/23:26:35,running-time,rs-000449-d9qqs,393a2aa8-5e0e-44f1-93f6-717678b971e1,1,421.567164
2026/02/04/23:26:35,apply-time,rs-000450-9tslj,503b60fa-6d62-4d06-a508-14e4864d2bd6,1,421.567164
2026/02/04/23:26:35,running-time,rs-000450-9tslj,503b60fa-6d62-4d06-a508-14e4864d2bd6,1,422.567164
2026/02/04/23:26:35,apply-time,rs-000450-w7rfn,4a33afa5-53f8-4a6d-85e1-5529736dc00a,1,421.567164
2026/02/04/23:26:35,running-time,rs-000450-w7rfn,4a33afa5-53f8-4a6d-85e1-5529736dc00a,1,422.567164
2026/02/04/23:26:41,apply-time,rs-000451-vcrsm,1a5ad203-ca59-4f6e-a96f-19b53d941d43,1,428.567164
2026/02/04/23:26:41,running-time,rs-000451-vcrsm,1a5ad203-ca59-4f6e-a96f-19b53d941d43,1,428.567164
2026/02/04/23:26:41,apply-time,rs-000452-fgxkx,d0f17d8c-e68e-4540-969d-4467e32b9df0,1,428.567164
2026/02/04/23:26:41,running-time,rs-000452-fgxkx,d0f17d8c-e68e-4540-969d-4467e32b9df0,1,428.567164
2026/02/04/23:26:41,apply-time,rs-000452-pjjdv,f37136e0-e941-4418-8816-5fe6ac30bd8c,1,428.567164
2026/02/04/23:26:41,running-time,rs-000452-pjjdv,f37136e0-e941-4418-8816-5fe6ac30bd8c,1,428.567164
2026/02/04/23:26:41,apply-time,rs-000453-kfwn6,95f12844-b599-409a-abc4-64a4e529c4f9,1,428.567164
2026/02/04/23:26:44,running-time,rs-000409-nfntb,6ac5a457-02a0-4b04-b015-a28742e36256,1,431.567164
2026/02/04/23:26:51,running-time,rs-000372-6gn42,95f9af68-48a3-4d78-a9bd-7bba4873cc27,1,438.567164
2026/02/04/23:26:51,running-time,rs-000372-hclq6,99edcda1-2cd6-4896-ba13-19e299c525ea,1,438.567164
2026/02/04/23:26:51,apply-time,rs-000382-p8c2d,43ae3d9e-330a-4bbf-beca-ffdd8a0a6ce4,1,438.567164
2026/02/04/23:26:51,running-time,rs-000382-p8c2d,43ae3d9e-330a-4bbf-beca-ffdd8a0a6ce4,1,438.567164
2026/02/04/23:26:51,apply-time,rs-000382-t8jnb,18940bb5-e3e6-4249-a85b-b7f255b2c4df,1,438.567164
2026/02/04/23:26:51,running-time,rs-000382-t8jnb,18940bb5-e3e6-4249-a85b-b7f255b2c4df,1,438.567164
2026/02/04/23:26:52,apply-time,rs-000454-279t8,8a913cae-1b93-461d-997d-d75ddcde3c90,1,438.567164
2026/02/04/23:26:52,running-time,rs-000454-279t8,8a913cae-1b93-461d-997d-d75ddcde3c90,1,438.567164
2026/02/04/23:26:52,apply-time,rs-000454-8thq8,e05bc32f-e861-40f9-acd6-5f8dcc7f26d7,1,438.567164
2026/02/04/23:26:52,running-time,rs-000454-8thq8,e05bc32f-e861-40f9-acd6-5f8dcc7f26d7,1,438.567164
2026/02/04/23:26:54,apply-time,rs-000455-g8xgp,25db8252-6faa-4ffa-b763-f99d805c832a,1,440.567164
2026/02/04/23:26:55,running-time,rs-000455-g8xgp,25db8252-6faa-4ffa-b763-f99d805c832a,1,441.567164
2026/02/04/23:26:55,apply-time,rs-000456-jbqcj,a6f4a5e2-7515-44fb-b1a9-c1dd6bc62c52,1,441.567164
2026/02/04/23:26:55,running-time,rs-000456-jbqcj,a6f4a5e2-7515-44fb-b1a9-c1dd6bc62c52,1,441.567164
2026/02/04/23:26:57,apply-time,rs-000457-72l74,7d23abbc-665a-493b-8750-f54a34bab759,1,443.567164
2026/02/04/23:26:57,apply-time,rs-000457-77jnc,4cc13cac-333a-4a9c-8cbd-14757f4fffaf,1,443.567164
2026/02/04/23:26:57,apply-time,rs-000457-m52wb,6b685593-d61d-47bd-8988-0b818a71a4e4,1,443.567164
2026/02/04/23:26:57,apply-time,rs-000458-87bz2,01b39fc1-79fb-4919-9a1e-12dc40b4b618,1,443.567164
2026/02/04/23:26:57,running-time,rs-000458-87bz2,01b39fc1-79fb-4919-9a1e-12dc40b4b618,1,443.567164
2026/02/04/23:26:57,apply-time,rs-000458-ctp44,2a727422-ac27-4a3e-ab59-de4e3fa877d1,1,443.567164
2026/02/04/23:26:57,running-time,rs-000458-ctp44,2a727422-ac27-4a3e-ab59-de4e3fa877d1,1,443.567164
2026/02/04/23:26:57,apply-time,rs-000458-ltsmg,ef85e104-b1af-413f-9ae1-d2b3b8eaf574,1,443.567164
2026/02/04/23:26:57,running-time,rs-000458-ltsmg,ef85e104-b1af-413f-9ae1-d2b3b8eaf574,1,443.567164
2026/02/04/23:26:57,apply-time,rs-000459-bxs59,16087f4c-5fea-4ef3-8349-020e237a820f,1,443.567164
2026/02/04/23:26:57,running-time,rs-000459-bxs59,16087f4c-5fea-4ef3-8349-020e237a820f,1,443.567164
2026/02/04/23:26:57,apply-time,rs-000460-bmf8t,8e72fc46-65c4-4155-b025-743492b884b3,1,443.567164
2026/02/04/23:26:57,apply-time,rs-000460-nvxmx,25abb51d-15fb-4ce8-a4cc-30b0cf29db35,1,443.567164
2026/02/04/23:26:57,running-time,rs-000460-nvxmx,25abb51d-15fb-4ce8-a4cc-30b0cf29db35,1,443.567164
2026/02/04/23:26:57,apply-time,rs-000460-rx99b,98a6943e-47c9-4162-8beb-39653e4879b3,1,443.567164
2026/02/04/23:26:57,running-time,rs-000460-rx99b,98a6943e-47c9-4162-8beb-39653e4879b3,1,443.567164
2026/02/04/23:26:58,running-time,rs-000460-bmf8t,8e72fc46-65c4-4155-b025-743492b884b3,1,444.567164
2026/02/04/23:27:09,apply-time,rs-000461-2dj4b,ad26b5e6-e714-4a43-8eb0-01f5227311d6,1,456.567164
2026/02/04/23:27:09,running-time,rs-000461-2dj4b,ad26b5e6-e714-4a43-8eb0-01f5227311d6,1,456.567164
2026/02/04/23:27:09,apply-time,rs-000462-2qknh,6b25b99c-c9b8-40af-bcce-ccab8cf05b12,1,456.567164
2026/02/04/23:27:09,running-time,rs-000462-2qknh,6b25b99c-c9b8-40af-bcce-ccab8cf05b12,1,456.567164
2026/02/04/23:27:09,apply-time,rs-000462-6bl86,c8fac466-1b6f-45d7-ae51-fdb9231c6ff8,1,456.567164
2026/02/04/23:27:09,running-time,rs-000462-6bl86,c8fac466-1b6f-45d7-ae51-fdb9231c6ff8,1,456.567164
2026/02/04/23:27:09,apply-time,rs-000462-v5whw,9addad5f-c9d1-490d-87c2-b53389974286,1,456.567164
2026/02/04/23:27:09,running-time,rs-000462-v5whw,9addad5f-c9d1-490d-87c2-b53389974286,1,456.567164
2026/02/04/23:27:09,apply-time,rs-000463-8dszw,a047c203-46cc-4ead-8204-a70f95418977,1,456.567164
2026/02/04/23:27:09,running-time,rs-000463-8dszw,a047c203-46cc-4ead-8204-a70f95418977,1,456.567164
2026/02/04/23:27:09,apply-time,rs-000463-dn5tz,67977def-1b8e-4b4c-a303-187e56abf4a6,1,456.567164
2026/02/04/23:27:09,running-time,rs-000463-dn5tz,67977def-1b8e-4b4c-a303-187e56abf4a6,1,456.567164
2026/02/04/23:27:09,apply-time,rs-000464-5rnkm,efade8f3-ffbd-48ce-954f-dee38776d9ce,1,456.567164
2026/02/04/23:27:09,running-time,rs-000464-5rnkm,efade8f3-ffbd-48ce-954f-dee38776d9ce,1,456.567164
2026/02/04/23:27:09,apply-time,rs-000464-b6m87,0bd4dc6b-7823-42a9-9ef7-4bbf33602a44,1,456.567164
2026/02/04/23:27:09,running-time,rs-000464-b6m87,0bd4dc6b-7823-42a9-9ef7-4bbf33602a44,1,456.567164
2026/02/04/23:27:09,apply-time,rs-000464-gr9f5,613f646a-66b3-416e-90e6-6337279bff76,1,456.567164
2026/02/04/23:27:09,running-time,rs-000464-gr9f5,613f646a-66b3-416e-90e6-6337279bff76,1,456.567164
2026/02/04/23:27:09,apply-time,rs-000465-ml796,59b8c385-5f2d-4a44-8ddf-65f1f927530b,1,456.567164
2026/02/04/23:27:09,running-time,rs-000465-ml796,59b8c385-5f2d-4a44-8ddf-65f1f927530b,1,456.567164
2026/02/04/23:27:09,apply-time,rs-000465-tthcq,f2b887d0-fe82-44fa-9806-d925ea6f886c,1,456.567164
2026/02/04/23:27:09,running-time,rs-000465-tthcq,f2b887d0-fe82-44fa-9806-d925ea6f886c,1,456.567164
2026/02/04/23:27:10,apply-time,rs-000466-5lx75,9f6113a3-549b-4269-8e96-96eadfd7c866,1,456.567164
2026/02/04/23:27:10,running-time,rs-000466-5lx75,9f6113a3-549b-4269-8e96-96eadfd7c866,1,456.567164
2026/02/04/23:27:10,apply-time,rs-000466-gtlvj,261fd17b-df4c-4417-9a23-67d541ed3ec8,1,456.567164
2026/02/04/23:27:10,running-time,rs-000466-gtlvj,261fd17b-df4c-4417-9a23-67d541ed3ec8,1,456.567164
2026/02/04/23:27:10,apply-time,rs-000466-wxfgn,da0e7053-bf36-438e-8eaf-6ca3337b52d6,1,456.567164
2026/02/04/23:27:10,running-time,rs-000466-wxfgn,da0e7053-bf36-438e-8eaf-6ca3337b52d6,1,456.567164
2026/02/04/23:27:14,apply-time,rs-000467-t7mh5,aeff715a-a109-46df-babc-241fbd0a8c6c,1,461.567164
2026/02/04/23:27:14,running-time,rs-000467-t7mh5,aeff715a-a109-46df-babc-241fbd0a8c6c,1,461.567164
2026/02/04/23:27:14,apply-time,rs-000467-wv4wd,668bc116-e402-42c1-84fd-3877d48364af,1,461.567164
2026/02/04/23:27:14,running-time,rs-000467-wv4wd,668bc116-e402-42c1-84fd-3877d48364af,1,461.567164
2026/02/04/23:27:14,apply-time,rs-000468-98bs2,73e942ea-720f-4c1c-903c-dd66b6486462,1,461.567164
2026/02/04/23:27:14,running-time,rs-000468-98bs2,73e942ea-720f-4c1c-903c-dd66b6486462,1,461.567164
2026/02/04/23:27:14,apply-time,rs-000468-z9msr,bc2b8e5e-d58a-46b7-9074-ed23177bc71f,1,461.567164
2026/02/04/23:27:14,running-time,rs-000468-z9msr,bc2b8e5e-d58a-46b7-9074-ed23177bc71f,1,461.567164
2026/02/04/23:27:15,apply-time,rs-000469-hmn8g,dc4dedda-184f-44d8-a7aa-457dd1f80a66,1,461.567164
2026/02/04/23:27:15,running-time,rs-000469-hmn8g,dc4dedda-184f-44d8-a7aa-457dd1f80a66,1,461.567164
2026/02/04/23:27:15,apply-time,rs-000470-6h9rz,99dd3727-5cda-4bce-a456-14b4255a764e,1,461.567164
2026/02/04/23:27:15,apply-time,rs-000470-9r4fs,d4f91e21-c034-4186-b262-bf943860b443,1,461.567164
2026/02/04/23:27:15,apply-time,rs-000470-sgdvr,45ab9796-e6a9-4fdf-a58a-9c8645d4a508,1,461.567164
2026/02/04/23:27:15,running-time,rs-000470-sgdvr,45ab9796-e6a9-4fdf-a58a-9c8645d4a508,1,462.567164
2026/02/04/23:27:15,apply-time,rs-000471-24s8h,bb0d50eb-761b-424d-91ce-fe9626a93d02,1,461.567164
2026/02/04/23:27:15,running-time,rs-000471-24s8h,bb0d50eb-761b-424d-91ce-fe9626a93d02,1,461.567164
2026/02/04/23:27:15,apply-time,rs-000471-4mfrt,041256c7-67dd-4351-ab2f-b10f376c18c0,1,461.567164
2026/02/04/23:27:15,apply-time,rs-000472-8vd9l,80e095df-93aa-4058-9fae-4aa8813200a0,1,461.567164
2026/02/04/23:27:15,apply-time,rs-000472-mtqx9,1ee5271a-bf32-44d2-b1ae-abb70f674ff8,1,461.567164
2026/02/04/23:27:15,apply-time,rs-000472-t952w,c097ecc7-aa94-4b7f-b502-e9faff1a2fe1,1,461.567164
2026/02/04/23:27:15,apply-time,rs-000473-9w864,f75848f2-08e5-44d4-a7bd-47361b689465,1,461.567164
2026/02/04/23:27:15,apply-time,rs-000473-blzhv,c7003c0d-63c3-468f-95bb-8956dfcd798f,1,461.567164
2026/02/04/23:27:15,apply-time,rs-000473-fxpkg,25b35a80-9449-4ec9-9809-66ebbb6ca02e,1,461.567164
2026/02/04/23:27:15,apply-time,rs-000474-9tvpj,71ebfcfe-1411-4476-923d-70ff9e8829f1,1,462.567164
2026/02/04/23:27:15,apply-time,rs-000474-jbkrp,8d1dca75-2fad-44aa-b779-42c7f54280cc,1,462.567164
2026/02/04/23:27:15,apply-time,rs-000474-kw6qj,d72d2e47-4597-4f30-8512-8386f4e7a7f3,1,462.567164
2026/02/04/23:27:17,apply-time,rs-000475-bc5rq,6a87a491-f8c7-47be-b97b-abaf3c2c4527,1,464.567164
2026/02/04/23:27:17,apply-time,rs-000475-nnwp2,b7391817-339e-4e5c-b55e-c5fcb78cb480,1,464.567164
2026/02/04/23:27:17,apply-time,rs-000475-sfvwg,1672d8dc-51e4-4e70-adf8-9f13d4a7b5c0,1,464.567164
2026/02/04/23:27:17,apply-time,rs-000476-8sp9l,433a6eec-3670-4d7d-bfae-f1375f721d0a,1,464.567164
2026/02/04/23:27:17,running-time,rs-000476-8sp9l,433a6eec-3670-4d7d-bfae-f1375f721d0a,1,464.567164
2026/02/04/23:27:17,apply-time,rs-000476-xfnr6,05850b4d-167c-422b-a7ae-14b494a9c92a,1,464.567164
2026/02/04/23:27:17,running-time,rs-000476-xfnr6,05850b4d-167c-422b-a7ae-14b494a9c92a,1,464.567164
2026/02/04/23:27:17,apply-time,rs-000477-5bnkk,a8bbacc0-5530-456f-ae6e-e56eb4829285,1,464.567164
2026/02/04/23:27:17,apply-time,rs-000477-96njc,30ae7bc1-cea0-40b6-a60a-efecff977b71,1,464.567164
2026/02/04/23:27:17,running-time,rs-000477-96njc,30ae7bc1-cea0-40b6-a60a-efecff977b71,1,464.567164
2026/02/04/23:27:17,apply-time,rs-000478-4958b,41a7c00f-505c-4ed3-ab8f-8887ca3dee10,1,464.567164
2026/02/04/23:27:17,running-time,rs-000478-4958b,41a7c00f-505c-4ed3-ab8f-8887ca3dee10,1,464.567164
2026/02/04/23:27:17,apply-time,rs-000478-7ldmb,ddfef6f1-640d-48f7-9b52-6a03614c3392,1,464.567164
2026/02/04/23:27:17,running-time,rs-000478-7ldmb,ddfef6f1-640d-48f7-9b52-6a03614c3392,1,464.567164
2026/02/04/23:27:17,apply-time,rs-000479-8nbbn,19aa6ab2-e558-4058-9cfa-2a6f05591c55,1,464.567164
2026/02/04/23:27:17,running-time,rs-000479-8nbbn,19aa6ab2-e558-4058-9cfa-2a6f05591c55,1,464.567164
2026/02/04/23:27:18,running-time,rs-000475-bc5rq,6a87a491-f8c7-47be-b97b-abaf3c2c4527,1,464.567164
2026/02/04/23:27:18,apply-time,rs-000480-2k9fb,f8d7eb92-8daf-4408-9c64-a5f2776ebdb8,1,464.567164
2026/02/04/23:27:18,apply-time,rs-000480-6cvps,6cac6080-4573-4a1f-bfe6-d0059f4d5b01,1,464.567164
2026/02/04/23:27:18,apply-time,rs-000480-j9cbl,cc495d6a-07df-4430-89f2-5788995aae71,1,464.567164
2026/02/04/23:27:18,apply-time,rs-000481-5qpvv,40325103-75d9-4bd3-ab5d-2dd710c3cbb1,1,464.567164
2026/02/04/23:27:18,apply-time,rs-000482-6clj9,764f82be-cdf0-48f6-bbb0-3d1838cb26b7,1,464.567164
2026/02/04/23:27:18,running-time,rs-000482-6clj9,764f82be-cdf0-48f6-bbb0-3d1838cb26b7,1,464.567164
2026/02/04/23:27:18,apply-time,rs-000483-54jwv,e31f9497-2c5e-4413-9e52-0f9868df339a,1,465.567164
2026/02/04/23:27:18,running-time,rs-000483-54jwv,e31f9497-2c5e-4413-9e52-0f9868df339a,1,465.567164
2026/02/04/23:27:18,apply-time,rs-000484-rtns7,d12ccc94-0160-4c52-8c6d-8e6eee24cf6d,1,465.567164
2026/02/04/23:27:18,apply-time,rs-000485-bdj7s,dc0803a1-e53f-478e-ad88-36313c5e1e26,1,465.567164
2026/02/04/23:27:19,running-time,rs-000477-5bnkk,a8bbacc0-5530-456f-ae6e-e56eb4829285,1,465.567164
2026/02/04/23:27:19,apply-time,rs-000483-zglvt,796f1e41-ebdf-45a7-9a36-e2df4f1deff1,1,465.567164
2026/02/04/23:27:19,running-time,rs-000483-zglvt,796f1e41-ebdf-45a7-9a36-e2df4f1deff1,1,465.567164
2026/02/04/23:27:19,apply-time,rs-000484-n7ql9,504b38a5-ce51-4e5e-a2ea-bef6ed3d1665,1,465.567164
2026/02/04/23:27:19,apply-time,rs-000485-llxp9,0ec3e81f-15d8-4280-8ef0-ed92019547d1,1,465.567164
2026/02/04/23:27:19,apply-time,rs-000485-qzn4p,02e2bb29-3da9-4268-97c2-59deb496b0ea,1,465.567164
2026/02/04/23:27:19,apply-time,rs-000486-jpmvk,57c8561d-33f8-40cc-9a49-abdcec55f97d,1,466.567164
2026/02/04/23:27:19,apply-time,rs-000486-kqdnw,e81efd4d-b066-486e-906d-caf97b7aa5be,1,465.567164
2026/02/04/23:27:19,running-time,rs-000486-kqdnw,e81efd4d-b066-486e-906d-caf97b7aa5be,1,465.567164
2026/02/04/23:27:19,apply-time,rs-000487-6bd55,ceddfde8-a220-4ae9-a7d0-9b339e47ae30,1,466.567164
2026/02/04/23:27:19,apply-time,rs-000487-b7ltj,5f5f8693-cf4d-4e84-a2e6-a83c1fcf7245,1,465.567164
2026/02/04/23:27:19,running-time,rs-000487-b7ltj,5f5f8693-cf4d-4e84-a2e6-a83c1fcf7245,1,466.567164
2026/02/04/23:27:20,running-time,rs-000485-llxp9,0ec3e81f-15d8-4280-8ef0-ed92019547d1,1,466.567164
2026/02/04/23:27:20,running-time,rs-000486-jpmvk,57c8561d-33f8-40cc-9a49-abdcec55f97d,1,467.567164
2026/02/04/23:27:21,running-time,rs-000480-6cvps,6cac6080-4573-4a1f-bfe6-d0059f4d5b01,1,467.567164
2026/02/04/23:27:22,running-time,rs-000480-2k9fb,f8d7eb92-8daf-4408-9c64-a5f2776ebdb8,1,468.567164
2026/02/04/23:27:22,running-time,rs-000480-j9cbl,cc495d6a-07df-4430-89f2-5788995aae71,1,468.567164
2026/02/04/23:27:23,running-time,rs-000481-5qpvv,40325103-75d9-4bd3-ab5d-2dd710c3cbb1,1,469.567164
2026/02/04/23:27:28,apply-time,rs-000488-9dznd,7792974c-325e-4a40-8f9c-8e87f42882d1,1,474.567164
2026/02/04/23:27:28,running-time,rs-000488-9dznd,7792974c-325e-4a40-8f9c-8e87f42882d1,1,475.567164
2026/02/04/23:27:28,apply-time,rs-000488-hdnfd,735bbff6-560a-430b-b3ff-4e634ea758c7,1,474.567164
2026/02/04/23:27:28,running-time,rs-000488-hdnfd,735bbff6-560a-430b-b3ff-4e634ea758c7,1,475.567164
2026/02/04/23:27:28,apply-time,rs-000488-nmwvh,d18c63ab-9407-4365-9818-bfda2ea60e1f,1,474.567164
2026/02/04/23:27:28,running-time,rs-000488-nmwvh,d18c63ab-9407-4365-9818-bfda2ea60e1f,1,474.567164
2026/02/04/23:27:29,apply-time,rs-000489-xw42c,fd16d917-e230-4942-8b2d-cdeb575187eb,1,475.567164
2026/02/04/23:27:29,running-time,rs-000489-xw42c,fd16d917-e230-4942-8b2d-cdeb575187eb,1,475.567164
2026/02/04/23:27:29,apply-time,rs-000490-6mckk,edbe1b2c-18ed-420a-9170-3febad2e2b92,1,475.567164
2026/02/04/23:27:29,apply-time,rs-000490-lxskg,efda5c10-1a93-4de7-bf89-14480fc17b51,1,475.567164
2026/02/04/23:27:29,apply-time,rs-000490-n6m8p,21a57777-80f1-4bc4-ab24-9109b6f92b76,1,475.567164
2026/02/04/23:27:29,apply-time,rs-000491-8btvq,9510cf85-5da6-4c04-9246-1fc06f21fb8d,1,475.567164
2026/02/04/23:27:29,running-time,rs-000491-8btvq,9510cf85-5da6-4c04-9246-1fc06f21fb8d,1,475.567164
2026/02/04/23:27:29,apply-time,rs-000491-znz59,df6e7786-4af6-45a4-9ee4-5c9e16492060,1,475.567164
2026/02/04/23:27:29,running-time,rs-000491-znz59,df6e7786-4af6-45a4-9ee4-5c9e16492060,1,475.567164
2026/02/04/23:27:29,apply-time,rs-000492-wqtjd,efe7b81c-f360-4026-b95c-d49cb99e6b0e,1,475.567164
2026/02/04/23:27:29,apply-time,rs-000493-4pv88,504e85cc-2caa-4e0b-9ea0-6f55ec67b55f,1,476.567164
2026/02/04/23:27:29,apply-time,rs-000494-b4db8,9915ec57-7973-46dd-a8c9-012f1fdd8398,1,475.567164
2026/02/04/23:27:29,apply-time,rs-000494-dlnzf,092dbee1-8430-49d8-8cab-db497f85d2b2,1,476.567164
2026/02/04/23:27:29,apply-time,rs-000494-p4nw6,dc8f49b1-71b3-429d-8e9a-2204576e4ca2,1,476.567164
2026/02/04/23:27:29,apply-time,rs-000495-2xswd,0b4cf028-0ebc-4bd4-81f6-f07f91c56bc1,1,475.567164
2026/02/04/23:27:29,running-time,rs-000495-2xswd,0b4cf028-0ebc-4bd4-81f6-f07f91c56bc1,1,475.567164
2026/02/04/23:27:29,apply-time,rs-000496-758wk,64ea1071-a9aa-482d-b865-d6a8b5804e48,1,476.567164
2026/02/04/23:27:29,apply-time,rs-000497-6xk28,0d2373d8-6c86-449b-9798-82b0ebac3da8,1,476.567164
2026/02/04/23:27:30,apply-time,rs-000496-cbg9s,9ed36e5c-ae7e-468a-b56c-74337f7f8f3d,1,476.567164
2026/02/04/23:27:30,apply-time,rs-000496-mllwf,224ad374-6afa-490c-8894-bcef8b486a47,1,476.567164
2026/02/04/23:27:30,apply-time,rs-000498-hzhbh,681ba02c-2c59-46b7-bb49-29a2ba404f03,1,476.567164
2026/02/04/23:27:30,running-time,rs-000498-hzhbh,681ba02c-2c59-46b7-bb49-29a2ba404f03,1,476.567164
2026/02/04/23:27:30,apply-time,rs-000499-5jt8r,0972dc52-c2ef-492b-a33a-e0202414dba0,1,476.567164
2026/02/04/23:27:30,apply-time,rs-000499-75ql4,bdfd00c1-48a5-4169-a26e-4fe63155eee6,1,477.567164
2026/02/04/23:27:30,apply-time,rs-000499-k9gbr,136665f7-66eb-4158-b4b7-bdac17af0f1e,1,477.567164
2026/02/04/23:27:30,apply-time,rs-000500-crxtg,a5a491e5-e58e-49be-b76c-2c9d25d8883c,1,476.567164
2026/02/04/23:27:30,apply-time,rs-000500-vlnxc,da7016e5-a96c-471b-a24f-cb4a43142d57,1,477.567164
2026/02/04/23:27:30,apply-time,rs-000501-xkgj5,988348b7-1c6c-43ff-bd70-4422d41e4f5b,1,477.567164
2026/02/04/23:27:30,apply-time,rs-000502-j47k8,0c7cee57-68e2-49de-869c-339a535adb68,1,477.567164
2026/02/04/23:27:30,running-time,rs-000502-j47k8,0c7cee57-68e2-49de-869c-339a535adb68,1,477.567164
2026/02/04/23:27:31,running-time,rs-000490-6mckk,edbe1b2c-18ed-420a-9170-3febad2e2b92,1,477.567164
2026/02/04/23:27:31,running-time,rs-000490-lxskg,efda5c10-1a93-4de7-bf89-14480fc17b51,1,477.567164
2026/02/04/23:27:31,running-time,rs-000492-wqtjd,efe7b81c-f360-4026-b95c-d49cb99e6b0e,1,477.567164
2026/02/04/23:27:31,running-time,rs-000497-6xk28,0d2373d8-6c86-449b-9798-82b0ebac3da8,1,477.567164
2026/02/04/23:27:31,running-time,rs-000499-5jt8r,0972dc52-c2ef-492b-a33a-e0202414dba0,1,477.567164
2026/02/04/23:27:31,running-time,rs-000499-k9gbr,136665f7-66eb-4158-b4b7-bdac17af0f1e,1,477.567164
2026/02/04/23:27:31,apply-time,rs-000502-sgq7r,b41be494-7bba-4e64-bdc4-c480bb847518,1,477.567164
2026/02/04/23:27:31,running-time,rs-000502-sgq7r,b41be494-7bba-4e64-bdc4-c480bb847518,1,477.567164
2026/02/04/23:27:34,apply-time,rs-000503-kjdjj,0a897305-e3ae-4585-ae70-35834bfc3b7f,1,481.567164
2026/02/04/23:27:35,running-time,rs-000490-n6m8p,21a57777-80f1-4bc4-ab24-9109b6f92b76,1,482.567164
2026/02/04/23:27:35,running-time,rs-000503-kjdjj,0a897305-e3ae-4585-ae70-35834bfc3b7f,1,482.567164
2026/02/04/23:27:36,running-time,rs-000485-bdj7s,dc0803a1-e53f-478e-ad88-36313c5e1e26,1,482.567164
2026/02/04/23:27:36,apply-time,rs-000504-bw9br,c95d1820-460e-4970-a760-1eeeb8957b7a,1,483.567164
2026/02/04/23:27:36,apply-time,rs-000504-d4mnb,8012379e-beb3-4eb3-aede-500afa9fff14,1,483.567164
2026/02/04/23:27:36,apply-time,rs-000504-zp82z,06748861-4d80-46d9-8f69-6c8b8796bf83,1,483.567164
2026/02/04/23:27:37,apply-time,rs-000505-8zwvl,6dcc7476-f50a-41be-ba00-511429e05872,1,483.567164
2026/02/04/23:27:37,running-time,rs-000505-8zwvl,6dcc7476-f50a-41be-ba00-511429e05872,1,483.567164
2026/02/04/23:27:37,apply-time,rs-000505-mhjzn,7b442516-f030-495d-b99e-1de37791502f,1,483.567164
2026/02/04/23:27:37,running-time,rs-000505-mhjzn,7b442516-f030-495d-b99e-1de37791502f,1,483.567164
2026/02/04/23:27:37,apply-time,rs-000505-vt586,bbffee56-6e87-479d-a536-4b2c0adf2c72,1,483.567164
2026/02/04/23:27:37,running-time,rs-000505-vt586,bbffee56-6e87-479d-a536-4b2c0adf2c72,1,483.567164
2026/02/04/23:27:37,apply-time,rs-000506-dvdmc,04ba5b87-a838-4647-a6b3-ce18962a98b3,1,483.567164
2026/02/04/23:27:37,running-time,rs-000506-dvdmc,04ba5b87-a838-4647-a6b3-ce18962a98b3,1,483.567164
2026/02/04/23:27:37,apply-time,rs-000506-pn648,ef8bb612-5558-498b-bc1c-ce89c95a9bda,1,483.567164
2026/02/04/23:27:37,running-time,rs-000506-pn648,ef8bb612-5558-498b-bc1c-ce89c95a9bda,1,483.567164
2026/02/04/23:27:37,apply-time,rs-000506-rsczl,6ac714a6-3812-488d-89d1-943b33e915ab,1,483.567164
2026/02/04/23:27:37,running-time,rs-000506-rsczl,6ac714a6-3812-488d-89d1-943b33e915ab,1,483.567164
2026/02/04/23:27:37,apply-time,rs-000507-fmxtd,71e2dd3e-770e-4a3b-8e9b-450f9a9481ea,1,483.567164
2026/02/04/23:27:37,running-time,rs-000507-fmxtd,71e2dd3e-770e-4a3b-8e9b-450f9a9481ea,1,483.567164
2026/02/04/23:27:37,apply-time,rs-000508-9fblj,7990bf47-1d05-43f6-8055-9f1c561d7ad6,1,483.567164
2026/02/04/23:27:37,apply-time,rs-000509-hgthv,eaac7c0b-722f-4eed-88f7-820caaabd09d,1,483.567164
2026/02/04/23:27:37,apply-time,rs-000509-jm48q,2989b4c8-eb45-419e-ac01-7f8b2fefefc5,1,484.567164
2026/02/04/23:27:39,running-time,rs-000508-9fblj,7990bf47-1d05-43f6-8055-9f1c561d7ad6,1,486.567164
2026/02/04/23:27:40,running-time,rs-000485-qzn4p,02e2bb29-3da9-4268-97c2-59deb496b0ea,1,486.567164
2026/02/04/23:27:42,apply-time,rs-000510-7s2d4,5f32bfe4-5638-4df0-b01f-146bb3bec75f,1,488.567164
2026/02/04/23:27:42,running-time,rs-000510-7s2d4,5f32bfe4-5638-4df0-b01f-146bb3bec75f,1,488.567164
2026/02/04/23:27:42,apply-time,rs-000511-v22lc,85d78305-a114-4483-b354-24547cd810aa,1,488.567164
2026/02/04/23:27:42,apply-time,rs-000511-z5glb,6564e672-e758-4a38-bd86-6a4640d3508c,1,488.567164
2026/02/04/23:27:42,running-time,rs-000511-z5glb,6564e672-e758-4a38-bd86-6a4640d3508c,1,488.567164
2026/02/04/23:27:42,apply-time,rs-000512-zrmnk,9349f338-54df-44d2-9c42-3ac8f5ed1d57,1,488.567164
2026/02/04/23:27:42,running-time,rs-000512-zrmnk,9349f338-54df-44d2-9c42-3ac8f5ed1d57,1,488.567164
2026/02/04/23:27:42,apply-time,rs-000513-v5htq,455bbebc-cfa8-4e6b-b178-27f16576a5db,1,488.567164
2026/02/04/23:27:42,apply-time,rs-000514-l5xtr,59aec7f0-981a-4f89-bf8a-1289288151b7,1,488.567164
2026/02/04/23:27:42,running-time,rs-000514-l5xtr,59aec7f0-981a-4f89-bf8a-1289288151b7,1,488.567164
2026/02/04/23:27:42,apply-time,rs-000515-62zzf,1dcceb19-b7d8-4144-9970-003628cb5c71,1,488.567164
2026/02/04/23:27:42,running-time,rs-000515-62zzf,1dcceb19-b7d8-4144-9970-003628cb5c71,1,488.567164
2026/02/04/23:27:42,apply-time,rs-000515-8f8fz,a6f9aa26-5b84-4132-b73e-38185552ac64,1,488.567164
2026/02/04/23:27:42,apply-time,rs-000515-d2fq2,4fb0bd7c-330d-443c-a997-77059d3273ac,1,488.567164
2026/02/04/23:27:42,running-time,rs-000515-d2fq2,4fb0bd7c-330d-443c-a997-77059d3273ac,1,489.567164
2026/02/04/23:27:42,apply-time,rs-000516-mpltl,1ff475bb-991f-429a-b8f5-c92371972226,1,488.567164
2026/02/04/23:27:42,apply-time,rs-000516-ms5f8,9341658f-d8f0-4b8b-807c-44562edfd02f,1,488.567164
2026/02/04/23:27:42,apply-time,rs-000516-rn7fq,58dc93ba-c06e-48bb-8658-137b9be825c8,1,488.567164
2026/02/04/23:27:42,apply-time,rs-000517-lcz26,8c9fb0ca-1398-4105-bd13-5490861eb204,1,489.567164
2026/02/04/23:27:42,apply-time,rs-000518-7ljbd,e1113a73-c406-4e86-a6d7-d60bbb584529,1,489.567164
2026/02/04/23:27:43,apply-time,rs-000517-9kfnl,f1fc7924-06be-4431-a8d4-22d84a9024f4,1,489.567164
2026/02/04/23:27:43,apply-time,rs-000517-kzfjd,dae6aaa7-7053-4d05-b628-854319367e08,1,489.567164
2026/02/04/23:27:43,apply-time,rs-000518-h9p5t,30c595e3-e984-4a17-9e94-74fef7c4a50a,1,489.567164
2026/02/04/23:27:43,apply-time,rs-000519-6jddp,aee6dee4-da39-44d5-8d67-53557a850a00,1,489.567164
2026/02/04/23:27:43,running-time,rs-000519-6jddp,aee6dee4-da39-44d5-8d67-53557a850a00,1,489.567164
2026/02/04/23:27:43,apply-time,rs-000519-pn7vs,307a4619-63ab-49e1-a9b2-f2aacd2061ba,1,490.567164
2026/02/04/23:27:43,running-time,rs-000519-pn7vs,307a4619-63ab-49e1-a9b2-f2aacd2061ba,1,490.567164
2026/02/04/23:27:43,apply-time,rs-000519-q7rvj,c019c40b-d96b-42b2-b07a-0af306c88886,1,490.567164
2026/02/04/23:27:43,running-time,rs-000519-q7rvj,c019c40b-d96b-42b2-b07a-0af306c88886,1,490.567164
2026/02/04/23:27:45,running-time,rs-000518-7ljbd,e1113a73-c406-4e86-a6d7-d60bbb584529,1,491.567164
2026/02/04/23:27:45,apply-time,rs-000520-66rsm,3ba178e7-f771-4540-a8c4-af6a95a6254c,1,491.567164
2026/02/04/23:27:45,running-time,rs-000520-66rsm,3ba178e7-f771-4540-a8c4-af6a95a6254c,1,491.567164
2026/02/04/23:27:45,apply-time,rs-000520-d62k7,3bc87a4e-28a5-4058-802e-f03c301419d8,1,491.567164
2026/02/04/23:27:45,running-time,rs-000520-d62k7,3bc87a4e-28a5-4058-802e-f03c301419d8,1,491.567164
2026/02/04/23:27:45,apply-time,rs-000521-8q2tt,d19f0f39-1c18-46fb-a67c-00a4a5d4b774,1,491.567164
2026/02/04/23:27:45,apply-time,rs-000521-cmwwr,bc79c420-c85b-4173-b134-a0a040e1139e,1,491.567164
2026/02/04/23:27:46,running-time,rs-000521-8q2tt,d19f0f39-1c18-46fb-a67c-00a4a5d4b774,1,492.567164
2026/02/04/23:27:46,running-time,rs-000521-cmwwr,bc79c420-c85b-4173-b134-a0a040e1139e,1,492.567164
2026/02/04/23:27:47,running-time,rs-000513-v5htq,455bbebc-cfa8-4e6b-b178-27f16576a5db,1,493.567164
2026/02/04/23:27:47,running-time,rs-000518-h9p5t,30c595e3-e984-4a17-9e94-74fef7c4a50a,1,493.567164
2026/02/04/23:27:48,apply-time,rs-000522-5h8t9,48ae1f85-6c46-478d-8bfa-ff259d9714df,1,495.567164
2026/02/04/23:27:48,running-time,rs-000522-5h8t9,48ae1f85-6c46-478d-8bfa-ff259d9714df,1,495.567164
2026/02/04/23:27:48,apply-time,rs-000522-fqdkq,e489ca67-7322-425f-8039-0dc019579c71,1,495.567164
2026/02/04/23:27:48,running-time,rs-000522-fqdkq,e489ca67-7322-425f-8039-0dc019579c71,1,495.567164
2026/02/04/23:27:48,apply-time,rs-000522-l5dkb,18ecb4d7-5071-461b-94ea-832b33eda9f5,1,495.567164
2026/02/04/23:27:48,running-time,rs-000522-l5dkb,18ecb4d7-5071-461b-94ea-832b33eda9f5,1,495.567164
2026/02/04/23:27:49,apply-time,rs-000523-lvkpj,7bf21882-26bd-44cb-873c-e769dc675fe9,1,495.567164
2026/02/04/23:27:49,running-time,rs-000523-lvkpj,7bf21882-26bd-44cb-873c-e769dc675fe9,1,495.567164
2026/02/04/23:27:49,apply-time,rs-000524-444rq,170aeaa2-43fb-4a43-a706-fe73cc7490eb,1,495.567164
2026/02/04/23:27:49,running-time,rs-000524-444rq,170aeaa2-43fb-4a43-a706-fe73cc7490eb,1,495.567164
2026/02/04/23:27:51,running-time,rs-000516-rn7fq,58dc93ba-c06e-48bb-8658-137b9be825c8,1,498.567164
2026/02/04/23:27:58,running-time,rs-000516-mpltl,1ff475bb-991f-429a-b8f5-c92371972226,1,505.567164
2026/02/04/23:27:58,running-time,rs-000516-ms5f8,9341658f-d8f0-4b8b-807c-44562edfd02f,1,505.567164
2026/02/04/23:28:04,apply-time,rs-000525-gkq2z,1a5a1116-d203-4b33-9684-b9be5a94642e,1,510.567164
2026/02/04/23:28:04,running-time,rs-000525-gkq2z,1a5a1116-d203-4b33-9684-b9be5a94642e,1,510.567164
2026/02/04/23:28:04,apply-time,rs-000525-x9hjr,8891e340-284e-463c-a4c3-b8371127c1c3,1,510.567164
2026/02/04/23:28:04,running-time,rs-000525-x9hjr,8891e340-284e-463c-a4c3-b8371127c1c3,1,511.567164
2026/02/04/23:28:04,apply-time,rs-000526-g7n7l,7ba3bc0d-12df-4759-aa21-9da288f0e01d,1,511.567164
2026/02/04/23:28:04,running-time,rs-000526-g7n7l,7ba3bc0d-12df-4759-aa21-9da288f0e01d,1,511.567164
2026/02/04/23:28:04,apply-time,rs-000527-cv8xb,b65e6f37-0bab-4899-85a5-e1e3ab8a118a,1,511.567164
2026/02/04/23:28:04,running-time,rs-000527-cv8xb,b65e6f37-0bab-4899-85a5-e1e3ab8a118a,1,511.567164
2026/02/04/23:28:04,apply-time,rs-000527-kjmnp,8522301e-a37a-4953-a68c-1fdb28fbf74a,1,511.567164
2026/02/04/23:28:04,running-time,rs-000527-kjmnp,8522301e-a37a-4953-a68c-1fdb28fbf74a,1,511.567164
2026/02/04/23:28:04,apply-time,rs-000528-g27mx,faa74176-ede7-49e4-891e-8bf031a9bffc,1,511.567164
2026/02/04/23:28:04,running-time,rs-000528-g27mx,faa74176-ede7-49e4-891e-8bf031a9bffc,1,511.567164
2026/02/04/23:28:04,apply-time,rs-000529-sn54s,cee81919-0451-429d-b682-b2d93d71ec51,1,511.567164
2026/02/04/23:28:04,apply-time,rs-000531-h4jt2,cda35af6-ab89-4553-aa19-4be06e1fbcd5,1,511.567164
2026/02/04/23:28:04,running-time,rs-000531-h4jt2,cda35af6-ab89-4553-aa19-4be06e1fbcd5,1,511.567164
2026/02/04/23:28:04,apply-time,rs-000531-lm9c6,c89fbf43-16e0-48b4-bea6-b5e2dce2c5c9,1,511.567164
2026/02/04/23:28:04,running-time,rs-000531-lm9c6,c89fbf43-16e0-48b4-bea6-b5e2dce2c5c9,1,511.567164
2026/02/04/23:28:05,apply-time,rs-000530-7qv77,ffe8c898-2691-4fd0-b0bf-07a97f482efa,1,511.567164
2026/02/04/23:28:05,running-time,rs-000530-7qv77,ffe8c898-2691-4fd0-b0bf-07a97f482efa,1,511.567164
2026/02/04/23:28:05,apply-time,rs-000530-lcnds,be1a2189-9b6f-4abf-aba5-67668bca757a,1,511.567164
2026/02/04/23:28:05,running-time,rs-000530-lcnds,be1a2189-9b6f-4abf-aba5-67668bca757a,1,511.567164
2026/02/04/23:28:05,apply-time,rs-000532-hggkb,c4fd9990-8198-4b7d-b64e-4aeda24c35d3,1,512.567164
2026/02/04/23:28:05,apply-time,rs-000532-t95nz,e5417786-cb8d-40ae-aea6-328191086be5,1,512.567164
2026/02/04/23:28:05,apply-time,rs-000532-wcg4b,e15d64fd-7b94-411a-a5b9-5a909df82b04,1,511.567164
2026/02/04/23:28:05,running-time,rs-000532-wcg4b,e15d64fd-7b94-411a-a5b9-5a909df82b04,1,511.567164
2026/02/04/23:28:05,apply-time,rs-000533-8dczx,7ff3d46d-3448-46ca-948e-eb99b81d54d4,1,511.567164
2026/02/04/23:28:05,apply-time,rs-000533-klqh4,4b4fe3fe-fea4-4cff-a9f0-0a8c85ba5bc6,1,512.567164
2026/02/04/23:28:05,apply-time,rs-000533-tn7bv,57d9e169-d107-4103-9024-49e91b227976,1,512.567164
2026/02/04/23:28:05,apply-time,rs-000534-vdzqx,5b988b67-8577-4233-a734-ff931b080958,1,512.567164
2026/02/04/23:28:06,running-time,rs-000532-hggkb,c4fd9990-8198-4b7d-b64e-4aeda24c35d3,1,512.567164
2026/02/04/23:28:06,running-time,rs-000532-t95nz,e5417786-cb8d-40ae-aea6-328191086be5,1,512.567164
2026/02/04/23:28:06,apply-time,rs-000535-q6jgc,428427ae-714f-4e25-a24f-04c38392bebe,1,512.567164
2026/02/04/23:28:06,running-time,rs-000535-q6jgc,428427ae-714f-4e25-a24f-04c38392bebe,1,513.567164
2026/02/04/23:28:06,apply-time,rs-000535-s7qm7,b0efebc7-26db-4956-9bcc-5b053f42c575,1,513.567164
2026/02/04/23:28:06,running-time,rs-000535-s7qm7,b0efebc7-26db-4956-9bcc-5b053f42c575,1,513.567164
2026/02/04/23:28:06,apply-time,rs-000536-8v9t7,cf8c4ba9-4580-4613-b84d-cdf155831fed,1,512.567164
2026/02/04/23:28:06,running-time,rs-000536-8v9t7,cf8c4ba9-4580-4613-b84d-cdf155831fed,1,513.567164
2026/02/04/23:28:06,apply-time,rs-000536-hxn6t,4391b5ca-6a81-4e17-ae67-b0fd81865e18,1,513.567164
2026/02/04/23:28:06,running-time,rs-000536-hxn6t,4391b5ca-6a81-4e17-ae67-b0fd81865e18,1,513.567164
2026/02/04/23:28:06,apply-time,rs-000537-2fptq,7b3e60ee-ab19-43f6-b47e-311ca537233a,1,512.567164
2026/02/04/23:28:06,apply-time,rs-000538-mtf4k,0ac7b1e0-bcd4-4bac-967d-c8daedd6dde5,1,513.567164
2026/02/04/23:28:06,apply-time,rs-000538-pgkj9,1475948f-713e-472d-99be-d2bd957682df,1,512.567164
2026/02/04/23:28:06,running-time,rs-000538-pgkj9,1475948f-713e-472d-99be-d2bd957682df,1,513.567164
2026/02/04/23:28:06,apply-time,rs-000538-w2vkb,00a7e67e-e63d-43ef-a5e1-a4c3abac55dc,1,513.567164
2026/02/04/23:28:07,running-time,rs-000529-sn54s,cee81919-0451-429d-b682-b2d93d71ec51,1,514.567164
2026/02/04/23:28:07,running-time,rs-000538-mtf4k,0ac7b1e0-bcd4-4bac-967d-c8daedd6dde5,1,514.567164
2026/02/04/23:28:07,running-time,rs-000538-w2vkb,00a7e67e-e63d-43ef-a5e1-a4c3abac55dc,1,514.567164
2026/02/04/23:28:08,running-time,rs-000534-vdzqx,5b988b67-8577-4233-a734-ff931b080958,1,514.567164
2026/02/04/23:28:08,running-time,rs-000537-2fptq,7b3e60ee-ab19-43f6-b47e-311ca537233a,1,515.567164
2026/02/04/23:28:09,apply-time,rs-000539-v2vjl,bf073c5b-513a-46e5-b17a-c26c29583d32,1,515.567164
2026/02/04/23:28:09,apply-time,rs-000539-xmpwv,9f4680c0-5e5f-4833-83c1-456a4e5581ab,1,515.567164
2026/02/04/23:28:09,apply-time,rs-000540-f7n27,51d5dfa2-94ee-492a-b1c4-92dde4f4f671,1,515.567164
2026/02/04/23:28:09,running-time,rs-000540-f7n27,51d5dfa2-94ee-492a-b1c4-92dde4f4f671,1,515.567164
2026/02/04/23:28:09,apply-time,rs-000541-n5x4k,bbae176b-6ac4-4943-973c-5898fa824d73,1,516.567164
2026/02/04/23:28:09,apply-time,rs-000542-2mw2j,93258433-757e-4fda-a763-72d1b3a5fad1,1,516.567164
2026/02/04/23:28:10,running-time,rs-000539-xmpwv,9f4680c0-5e5f-4833-83c1-456a4e5581ab,1,517.567164
2026/02/04/23:28:10,running-time,rs-000541-n5x4k,bbae176b-6ac4-4943-973c-5898fa824d73,1,516.567164
2026/02/04/23:28:10,apply-time,rs-000541-qzfnk,a8cf80dd-4326-439c-b768-eed83c9c3558,1,516.567164
2026/02/04/23:28:10,running-time,rs-000541-qzfnk,a8cf80dd-4326-439c-b768-eed83c9c3558,1,516.567164
2026/02/04/23:28:10,apply-time,rs-000541-vftlc,214f42a0-d432-4d14-8e28-0262317adde3,1,516.567164
2026/02/04/23:28:10,running-time,rs-000541-vftlc,214f42a0-d432-4d14-8e28-0262317adde3,1,517.567164
2026/02/04/23:28:10,running-time,rs-000542-2mw2j,93258433-757e-4fda-a763-72d1b3a5fad1,1,516.567164
2026/02/04/23:28:10,apply-time,rs-000543-7nlqp,b62b93a1-68e0-44aa-8e75-fbc87e2eac30,1,517.567164
2026/02/04/23:28:10,running-time,rs-000543-7nlqp,b62b93a1-68e0-44aa-8e75-fbc87e2eac30,1,517.567164
2026/02/04/23:28:10,apply-time,rs-000543-846k6,c358bbee-ffe6-458a-8ee4-279ccf7c5586,1,517.567164
2026/02/04/23:28:10,running-time,rs-000543-846k6,c358bbee-ffe6-458a-8ee4-279ccf7c5586,1,517.567164
2026/02/04/23:28:10,apply-time,rs-000543-sknn8,cbabcc68-254d-407c-a17e-7bf13364a4aa,1,517.567164
2026/02/04/23:28:10,running-time,rs-000543-sknn8,cbabcc68-254d-407c-a17e-7bf13364a4aa,1,517.567164
2026/02/04/23:28:11,apply-time,rs-000544-hs6xg,b8d93b2c-7b22-4671-993a-02923baf9796,1,517.567164
2026/02/04/23:28:11,running-time,rs-000544-hs6xg,b8d93b2c-7b22-4671-993a-02923baf9796,1,517.567164
2026/02/04/23:28:11,apply-time,rs-000544-v6drp,af694444-2933-42a6-9bfc-0edb5280e4e8,1,517.567164
2026/02/04/23:28:11,running-time,rs-000544-v6drp,af694444-2933-42a6-9bfc-0edb5280e4e8,1,517.567164
2026/02/04/23:28:11,apply-time,rs-000545-9zbtf,39ad4a89-490f-4727-90c2-701abeb7ab4c,1,517.567164
2026/02/04/23:28:11,running-time,rs-000545-9zbtf,39ad4a89-490f-4727-90c2-701abeb7ab4c,1,517.567164
2026/02/04/23:28:11,apply-time,rs-000546-dpqrb,0effcc81-4107-45ff-9ae4-75e2ff466e21,1,517.567164
2026/02/04/23:28:11,running-time,rs-000546-dpqrb,0effcc81-4107-45ff-9ae4-75e2ff466e21,1,517.567164
2026/02/04/23:28:11,apply-time,rs-000546-ntbw9,4b048eab-a63e-47a2-a774-5989a3311c53,1,517.567164
2026/02/04/23:28:12,running-time,rs-000546-ntbw9,4b048eab-a63e-47a2-a774-5989a3311c53,1,518.567164
2026/02/04/23:28:13,apply-time,rs-000547-m452j,57b0df0d-ed7d-4134-8f51-3a9b1ae7f7de,1,519.567164
2026/02/04/23:28:13,running-time,rs-000547-m452j,57b0df0d-ed7d-4134-8f51-3a9b1ae7f7de,1,519.567164
2026/02/04/23:28:13,apply-time,rs-000547-slk8z,48fcbb8a-57b0-459e-b815-aca536370ec0,1,519.567164
2026/02/04/23:28:13,running-time,rs-000547-slk8z,48fcbb8a-57b0-459e-b815-aca536370ec0,1,519.567164
2026/02/04/23:28:17,apply-time,rs-000548-crb87,baf191be-3a00-4e61-a05e-e3a2f24b1742,1,524.567164
2026/02/04/23:28:17,running-time,rs-000548-crb87,baf191be-3a00-4e61-a05e-e3a2f24b1742,1,524.567164
2026/02/04/23:28:17,apply-time,rs-000548-l78zz,d42142ac-3086-4520-ad88-dd74d8976253,1,524.567164
2026/02/04/23:28:17,running-time,rs-000548-l78zz,d42142ac-3086-4520-ad88-dd74d8976253,1,524.567164
2026/02/04/23:28:17,apply-time,rs-000549-l6bml,68c9118c-084f-423a-8f32-383b63be187d,1,524.567164
2026/02/04/23:28:17,running-time,rs-000549-l6bml,68c9118c-084f-423a-8f32-383b63be187d,1,524.567164
2026/02/04/23:28:17,apply-time,rs-000549-vr46v,e9424389-5f9b-4531-83c6-2efbfda44817,1,524.567164
2026/02/04/23:28:17,running-time,rs-000549-vr46v,e9424389-5f9b-4531-83c6-2efbfda44817,1,524.567164
2026/02/04/23:28:24,apply-time,rs-000550-65f24,0156ba9a-0366-4a84-919f-ee1e9f12b859,1,530.567164
2026/02/04/23:28:24,running-time,rs-000550-65f24,0156ba9a-0366-4a84-919f-ee1e9f12b859,1,530.567164
2026/02/04/23:28:24,apply-time,rs-000550-9sb7b,4f3fcb73-c3af-4bb6-b714-188382ed379b,1,530.567164
2026/02/04/23:28:24,running-time,rs-000550-9sb7b,4f3fcb73-c3af-4bb6-b714-188382ed379b,1,530.567164
2026/02/04/23:28:24,apply-time,rs-000550-r6z4z,2043edc0-1739-4b82-8de6-ff323c73cc10,1,530.567164
2026/02/04/23:28:24,running-time,rs-000550-r6z4z,2043edc0-1739-4b82-8de6-ff323c73cc10,1,530.567164
2026/02/04/23:28:24,apply-time,rs-000551-2pdxb,390ad98f-1ab8-4472-b812-ec8a23575c26,1,530.567164
2026/02/04/23:28:24,running-time,rs-000551-2pdxb,390ad98f-1ab8-4472-b812-ec8a23575c26,1,530.567164
2026/02/04/23:28:24,apply-time,rs-000552-dc7jf,edf1238d-1357-4c15-af32-d63cca2da3df,1,530.567164
2026/02/04/23:28:24,running-time,rs-000552-dc7jf,edf1238d-1357-4c15-af32-d63cca2da3df,1,530.567164
2026/02/04/23:28:24,apply-time,rs-000552-zzb7t,558cf476-276a-4ff0-a5f6-a6bc20a48af7,1,530.567164
2026/02/04/23:28:24,running-time,rs-000552-zzb7t,558cf476-276a-4ff0-a5f6-a6bc20a48af7,1,530.567164
2026/02/04/23:28:24,apply-time,rs-000553-8tqr9,8a42cf96-03d9-4e15-b3a8-a648916b1196,1,530.567164
2026/02/04/23:28:24,running-time,rs-000553-8tqr9,8a42cf96-03d9-4e15-b3a8-a648916b1196,1,530.567164
2026/02/04/23:28:24,apply-time,rs-000553-c7zmp,935b48ba-7514-4fb8-8ecf-7dfe429eff0f,1,530.567164
2026/02/04/23:28:24,running-time,rs-000553-c7zmp,935b48ba-7514-4fb8-8ecf-7dfe429eff0f,1,530.567164
2026/02/04/23:28:24,apply-time,rs-000553-m2jd5,8b19b8af-73b7-4112-8610-7725eac1fd76,1,530.567164
2026/02/04/23:28:24,running-time,rs-000553-m2jd5,8b19b8af-73b7-4112-8610-7725eac1fd76,1,530.567164
2026/02/04/23:28:24,apply-time,rs-000554-dfgzw,7234a933-020b-44f2-92f0-feff983be856,1,530.567164
2026/02/04/23:28:24,running-time,rs-000554-dfgzw,7234a933-020b-44f2-92f0-feff983be856,1,530.567164
2026/02/04/23:28:24,apply-time,rs-000555-j9vql,ebce830e-1a78-415c-b6ce-c5a976374eb5,1,531.567164
2026/02/04/23:28:24,running-time,rs-000555-j9vql,ebce830e-1a78-415c-b6ce-c5a976374eb5,1,531.567164
2026/02/04/23:28:24,apply-time,rs-000556-2t2h6,b94ab58d-bbac-4617-a455-d38ef19104f9,1,531.567164
2026/02/04/23:28:24,running-time,rs-000556-2t2h6,b94ab58d-bbac-4617-a455-d38ef19104f9,1,531.567164
2026/02/04/23:28:24,apply-time,rs-000556-crljk,56d06c9d-d1a9-47ed-bb7d-824fb387520a,1,531.567164
2026/02/04/23:28:24,running-time,rs-000556-crljk,56d06c9d-d1a9-47ed-bb7d-824fb387520a,1,531.567164
2026/02/04/23:28:25,apply-time,rs-000557-nptc4,8e5123af-f179-4c32-86ae-b5938891080f,1,532.567164
2026/02/04/23:28:25,running-time,rs-000557-nptc4,8e5123af-f179-4c32-86ae-b5938891080f,1,532.567164
2026/02/04/23:28:25,apply-time,rs-000557-q5xtb,8eda2985-5277-43d0-925a-3357bb5a3f9e,1,532.567164
2026/02/04/23:28:25,running-time,rs-000557-q5xtb,8eda2985-5277-43d0-925a-3357bb5a3f9e,1,532.567164
2026/02/04/23:28:25,apply-time,rs-000557-tq82s,30d26c2b-b0f8-4c3d-8ed8-f201f6c2d5d9,1,531.567164
2026/02/04/23:28:25,running-time,rs-000557-tq82s,30d26c2b-b0f8-4c3d-8ed8-f201f6c2d5d9,1,531.567164
2026/02/04/23:28:25,apply-time,rs-000558-2dnnh,b715092b-dd04-43e6-b0cc-3314af395371,1,532.567164
2026/02/04/23:28:25,running-time,rs-000558-2dnnh,b715092b-dd04-43e6-b0cc-3314af395371,1,532.567164
2026/02/04/23:28:25,apply-time,rs-000558-8mc62,a0972183-94d4-46f5-98da-74f71686a461,1,531.567164
2026/02/04/23:28:25,running-time,rs-000558-8mc62,a0972183-94d4-46f5-98da-74f71686a461,1,531.567164
2026/02/04/23:28:25,apply-time,rs-000558-rd8gn,d9e9134e-c843-44dd-8b23-2caf3099004d,1,532.567164
2026/02/04/23:28:25,running-time,rs-000558-rd8gn,d9e9134e-c843-44dd-8b23-2caf3099004d,1,532.567164
2026/02/04/23:28:25,apply-time,rs-000559-j7qx2,2118c41a-15d9-42ea-a055-86f7d5250e57,1,531.567164
2026/02/04/23:28:25,running-time,rs-000559-j7qx2,2118c41a-15d9-42ea-a055-86f7d5250e57,1,531.567164
2026/02/04/23:28:25,apply-time,rs-000560-4wpqw,e895451a-a1c0-4e0b-b1c4-18083c3ffa1b,1,532.567164
2026/02/04/23:28:25,running-time,rs-000560-4wpqw,e895451a-a1c0-4e0b-b1c4-18083c3ffa1b,1,532.567164
2026/02/04/23:28:25,apply-time,rs-000560-9xgh4,3afd4349-c1ea-4818-b9d0-0a78e1c38fbe,1,532.567164
2026/02/04/23:28:25,running-time,rs-000560-9xgh4,3afd4349-c1ea-4818-b9d0-0a78e1c38fbe,1,532.567164
2026/02/04/23:28:25,apply-time,rs-000560-jvwvz,9f437449-9e74-45b9-ab1d-1fdacadde908,1,532.567164
2026/02/04/23:28:25,running-time,rs-000560-jvwvz,9f437449-9e74-45b9-ab1d-1fdacadde908,1,532.567164
2026/02/04/23:28:25,apply-time,rs-000561-k2z9f,d3c08308-bd30-448f-8d16-a9a8d5d6f5d7,1,532.567164
2026/02/04/23:28:25,running-time,rs-000561-k2z9f,d3c08308-bd30-448f-8d16-a9a8d5d6f5d7,1,532.567164
2026/02/04/23:28:26,apply-time,rs-000562-slg8l,17e31615-dad6-4ec4-a26a-8a8c9fe5ea3e,1,532.567164
2026/02/04/23:28:26,running-time,rs-000562-slg8l,17e31615-dad6-4ec4-a26a-8a8c9fe5ea3e,1,532.567164
2026/02/04/23:28:26,apply-time,rs-000563-29drb,d4382538-06af-4bd3-b23c-b59e86bcd87b,1,533.567164
2026/02/04/23:28:26,running-time,rs-000563-29drb,d4382538-06af-4bd3-b23c-b59e86bcd87b,1,533.567164
2026/02/04/23:28:26,apply-time,rs-000563-zcmm9,d1ffce5a-aaf4-4432-be72-8500bb022f74,1,532.567164
2026/02/04/23:28:26,running-time,rs-000563-zcmm9,d1ffce5a-aaf4-4432-be72-8500bb022f74,1,532.567164
2026/02/04/23:28:26,apply-time,rs-000564-ktk6s,0593d72a-449f-42e6-979c-8dd21b14f2cf,1,532.567164
2026/02/04/23:28:27,running-time,rs-000564-ktk6s,0593d72a-449f-42e6-979c-8dd21b14f2cf,1,533.567164
2026/02/04/23:28:29,apply-time,rs-000565-mcq8v,f97a16ac-3896-47c3-9002-bd39911f1165,1,535.567164
2026/02/04/23:28:29,running-time,rs-000565-mcq8v,f97a16ac-3896-47c3-9002-bd39911f1165,1,535.567164
2026/02/04/23:28:29,apply-time,rs-000565-qxcrv,071d97ff-18f9-4f87-ad86-80d1b84af4d7,1,535.567164
2026/02/04/23:28:29,running-time,rs-000565-qxcrv,071d97ff-18f9-4f87-ad86-80d1b84af4d7,1,535.567164
2026/02/04/23:28:29,apply-time,rs-000565-z5pls,1b844910-c717-430b-af5f-f131f7ebcd32,1,535.567164
2026/02/04/23:28:29,running-time,rs-000565-z5pls,1b844910-c717-430b-af5f-f131f7ebcd32,1,535.567164
2026/02/04/23:28:29,apply-time,rs-000566-fghbn,d83e3257-a9cc-4b6e-a38a-49962a9046c1,1,535.567164
2026/02/04/23:28:29,running-time,rs-000566-fghbn,d83e3257-a9cc-4b6e-a38a-49962a9046c1,1,535.567164
2026/02/04/23:28:29,apply-time,rs-000567-8q9cm,afd23170-4603-4fc6-8ff7-1b23f6288db3,1,535.567164
2026/02/04/23:28:29,apply-time,rs-000567-d9484,5967b21f-e5c9-4d59-9ea6-6eb19f80177a,1,535.567164
2026/02/04/23:28:29,apply-time,rs-000567-ljth9,d9de4251-ce47-49d4-a422-aff49dfe0116,1,535.567164
2026/02/04/23:28:29,apply-time,rs-000568-66k9p,775dead1-54f8-46e1-ad86-d155acb29c9c,1,535.567164
2026/02/04/23:28:29,running-time,rs-000568-66k9p,775dead1-54f8-46e1-ad86-d155acb29c9c,1,536.567164
2026/02/04/23:28:29,apply-time,rs-000568-ssfx9,190b648f-76e3-490f-8138-1c9770328708,1,535.567164
2026/02/04/23:28:29,running-time,rs-000568-ssfx9,190b648f-76e3-490f-8138-1c9770328708,1,536.567164
2026/02/04/23:28:29,apply-time,rs-000569-cv8zq,ffe24316-1cb6-4b51-b61a-f472d3c79164,1,535.567164
2026/02/04/23:28:29,apply-time,rs-000569-r67cp,970a030b-67b1-43d7-8f37-bda56c398532,1,535.567164
2026/02/04/23:28:29,running-time,rs-000569-r67cp,970a030b-67b1-43d7-8f37-bda56c398532,1,535.567164
2026/02/04/23:28:30,apply-time,rs-000570-hdkjv,24c063bc-76b5-49c2-acdc-2a04eece35f3,1,536.567164
2026/02/04/23:28:30,apply-time,rs-000571-7xpkg,5bd0e022-ba61-4084-853f-888917621950,1,536.567164
2026/02/04/23:28:30,running-time,rs-000571-7xpkg,5bd0e022-ba61-4084-853f-888917621950,1,536.567164
2026/02/04/23:28:30,apply-time,rs-000571-v7kjq,e050f1b9-f797-4f46-93ac-f7744e7b5d90,1,537.567164
2026/02/04/23:28:30,running-time,rs-000571-v7kjq,e050f1b9-f797-4f46-93ac-f7744e7b5d90,1,537.567164
2026/02/04/23:28:30,apply-time,rs-000572-886nv,b109edac-a260-4bcf-8772-7a358ad28ab9,1,536.567164
2026/02/04/23:28:30,apply-time,rs-000573-xngfs,cad1bab9-2ecb-4db6-9070-8df6f8a34fd8,1,536.567164
2026/02/04/23:28:30,running-time,rs-000573-xngfs,cad1bab9-2ecb-4db6-9070-8df6f8a34fd8,1,536.567164
2026/02/04/23:28:30,apply-time,rs-000574-cg86s,040a685c-5eff-4b5c-95e4-fab87f039f13,1,537.567164
2026/02/04/23:28:30,running-time,rs-000574-cg86s,040a685c-5eff-4b5c-95e4-fab87f039f13,1,537.567164
2026/02/04/23:28:30,apply-time,rs-000574-xxsg2,2683738c-2c70-4480-8858-1c0f6b37285f,1,537.567164
2026/02/04/23:28:30,running-time,rs-000574-xxsg2,2683738c-2c70-4480-8858-1c0f6b37285f,1,537.567164
2026/02/04/23:28:30,apply-time,rs-000575-gq5mc,2f835eb1-4920-4330-87cc-576bd2fef72a,1,537.567164
2026/02/04/23:28:30,running-time,rs-000575-gq5mc,2f835eb1-4920-4330-87cc-576bd2fef72a,1,537.567164
2026/02/04/23:28:30,apply-time,rs-000576-prc8h,0eda6751-05af-4776-ac27-4e9489518860,1,537.567164
2026/02/04/23:28:30,running-time,rs-000576-prc8h,0eda6751-05af-4776-ac27-4e9489518860,1,537.567164
2026/02/04/23:28:30,apply-time,rs-000577-sqm79,9caa7dd4-018a-4dce-81b7-8a78f08bb8b4,1,537.567164
2026/02/04/23:28:31,apply-time,rs-000575-6hhs2,c119aa8c-3fe8-4619-a944-8b5c4934afd1,1,537.567164
2026/02/04/23:28:31,running-time,rs-000575-6hhs2,c119aa8c-3fe8-4619-a944-8b5c4934afd1,1,537.567164
2026/02/04/23:28:31,apply-time,rs-000575-lb7gv,7d1e27cd-0493-4aac-a17d-cd9d326d24f5,1,537.567164
2026/02/04/23:28:31,running-time,rs-000575-lb7gv,7d1e27cd-0493-4aac-a17d-cd9d326d24f5,1,537.567164
2026/02/04/23:28:31,apply-time,rs-000576-5tkfp,ca713856-7770-4e15-8b21-d5c797afaadc,1,537.567164
2026/02/04/23:28:31,running-time,rs-000576-5tkfp,ca713856-7770-4e15-8b21-d5c797afaadc,1,537.567164
2026/02/04/23:28:31,apply-time,rs-000577-lb89q,9212b0b7-bd06-44d7-aede-984af56f7a5b,1,537.567164
2026/02/04/23:28:31,running-time,rs-000577-lb89q,9212b0b7-bd06-44d7-aede-984af56f7a5b,1,538.567164
2026/02/04/23:28:31,running-time,rs-000577-sqm79,9caa7dd4-018a-4dce-81b7-8a78f08bb8b4,1,538.567164
2026/02/04/23:28:32,running-time,rs-000572-886nv,b109edac-a260-4bcf-8772-7a358ad28ab9,1,538.567164
2026/02/04/23:28:33,running-time,rs-000567-d9484,5967b21f-e5c9-4d59-9ea6-6eb19f80177a,1,539.567164
2026/02/04/23:28:33,running-time,rs-000570-hdkjv,24c063bc-76b5-49c2-acdc-2a04eece35f3,1,539.567164
2026/02/04/23:28:34,running-time,rs-000567-ljth9,d9de4251-ce47-49d4-a422-aff49dfe0116,1,540.567164
2026/02/04/23:28:39,running-time,rs-000567-8q9cm,afd23170-4603-4fc6-8ff7-1b23f6288db3,1,546.567164
2026/02/04/23:28:40,apply-time,rs-000578-6xt6b,f21199bd-0b38-4555-957e-507023ff9034,1,546.567164
2026/02/04/23:28:40,running-time,rs-000578-6xt6b,f21199bd-0b38-4555-957e-507023ff9034,1,546.567164
2026/02/04/23:28:40,apply-time,rs-000578-n8lxc,f8951d04-a556-4c43-854c-4856d91d0a43,1,546.567164
2026/02/04/23:28:40,running-time,rs-000578-n8lxc,f8951d04-a556-4c43-854c-4856d91d0a43,1,546.567164
2026/02/04/23:28:40,apply-time,rs-000579-csgbs,c7770ffc-c914-4c7a-b327-ca77a5f762aa,1,546.567164
2026/02/04/23:28:40,running-time,rs-000579-csgbs,c7770ffc-c914-4c7a-b327-ca77a5f762aa,1,546.567164
2026/02/04/23:28:40,apply-time,rs-000580-c487v,350b11d7-9c92-498d-99c9-6c74ead1444e,1,547.567164
2026/02/04/23:28:40,running-time,rs-000580-c487v,350b11d7-9c92-498d-99c9-6c74ead1444e,1,547.567164
2026/02/04/23:28:40,apply-time,rs-000580-d66zl,1e7a87cb-a84c-4891-86ce-bcb5fd26afd5,1,547.567164
2026/02/04/23:28:40,running-time,rs-000580-d66zl,1e7a87cb-a84c-4891-86ce-bcb5fd26afd5,1,547.567164
2026/02/04/23:28:40,apply-time,rs-000581-vj7rn,909bcadc-07f7-40cb-ab64-356f3598692b,1,547.567164
2026/02/04/23:28:40,running-time,rs-000581-vj7rn,909bcadc-07f7-40cb-ab64-356f3598692b,1,547.567164
2026/02/04/23:28:40,apply-time,rs-000582-b22tk,a65a054c-2846-48d1-854b-3984c0d0da2a,1,547.567164
2026/02/04/23:28:40,running-time,rs-000582-b22tk,a65a054c-2846-48d1-854b-3984c0d0da2a,1,547.567164
2026/02/04/23:28:40,apply-time,rs-000582-x2b6n,4b73f595-0940-4a17-b0aa-8da466a85940,1,547.567164
2026/02/04/23:28:40,running-time,rs-000582-x2b6n,4b73f595-0940-4a17-b0aa-8da466a85940,1,547.567164
2026/02/04/23:28:40,apply-time,rs-000582-zsk52,354577ef-0897-4dab-8f46-10d96e88902a,1,547.567164
2026/02/04/23:28:40,running-time,rs-000582-zsk52,354577ef-0897-4dab-8f46-10d96e88902a,1,547.567164
2026/02/04/23:28:40,apply-time,rs-000583-stphz,a69d107f-33c8-4031-af1a-47139e744e69,1,547.567164
2026/02/04/23:28:40,running-time,rs-000583-stphz,a69d107f-33c8-4031-af1a-47139e744e69,1,547.567164
2026/02/04/23:28:40,apply-time,rs-000584-b56dg,db999938-e946-4ac0-bea7-918a2511ae6a,1,547.567164
2026/02/04/23:28:40,running-time,rs-000584-b56dg,db999938-e946-4ac0-bea7-918a2511ae6a,1,547.567164
2026/02/04/23:28:40,apply-time,rs-000585-h8p8z,4a65a81e-4faf-49d1-829a-591622b67aef,1,547.567164
2026/02/04/23:28:40,running-time,rs-000585-h8p8z,4a65a81e-4faf-49d1-829a-591622b67aef,1,547.567164
2026/02/04/23:28:40,apply-time,rs-000586-nw2rn,5fb6377d-be89-41e5-9ab3-18be9f1d7a77,1,547.567164
2026/02/04/23:28:41,apply-time,rs-000583-57d2g,8fc45b44-8692-43a9-a4db-8abc498f6485,1,547.567164
2026/02/04/23:28:41,running-time,rs-000583-57d2g,8fc45b44-8692-43a9-a4db-8abc498f6485,1,547.567164
2026/02/04/23:28:41,apply-time,rs-000583-mcb2n,95c3f0ad-b4ba-41ce-a383-6cf3ee68eeff,1,547.567164
2026/02/04/23:28:41,running-time,rs-000583-mcb2n,95c3f0ad-b4ba-41ce-a383-6cf3ee68eeff,1,547.567164
2026/02/04/23:28:41,apply-time,rs-000586-jln4l,5e17ffde-2707-4992-bbe4-33d1ed76b6ab,1,547.567164
2026/02/04/23:28:41,apply-time,rs-000587-n7rvp,5bd50c11-906e-46ae-b13b-e48847143c80,1,548.567164
2026/02/04/23:28:41,running-time,rs-000587-n7rvp,5bd50c11-906e-46ae-b13b-e48847143c80,1,548.567164
2026/02/04/23:28:41,apply-time,rs-000588-t49rk,151a96ce-0dd0-48db-9261-d5585bae18a2,1,548.567164
2026/02/04/23:28:41,running-time,rs-000588-t49rk,151a96ce-0dd0-48db-9261-d5585bae18a2,1,548.567164
2026/02/04/23:28:41,apply-time,rs-000590-hr55f,e13dbb1b-9670-4f39-8795-7ea94759c443,1,548.567164
2026/02/04/23:28:41,running-time,rs-000590-hr55f,e13dbb1b-9670-4f39-8795-7ea94759c443,1,548.567164
2026/02/04/23:28:41,apply-time,rs-000591-l86qd,fd2cde27-ba9f-41ca-b2e2-4f1f806b742b,1,548.567164
2026/02/04/23:28:41,apply-time,rs-000592-slf2m,07c3b942-88f2-4994-81a4-1b3953e31580,1,548.567164
2026/02/04/23:28:42,apply-time,rs-000589-h82wq,6fbc6b68-4d12-4852-8d21-7b9ba2bc78e9,1,549.567164
2026/02/04/23:28:42,apply-time,rs-000589-mprv5,26f6ad1f-b71d-4533-ad51-5dd65bd91e04,1,548.567164
2026/02/04/23:28:42,apply-time,rs-000590-l849v,e18199c0-e3b4-4a68-86a1-96d72d7f0e64,1,548.567164
2026/02/04/23:28:42,running-time,rs-000590-l849v,e18199c0-e3b4-4a68-86a1-96d72d7f0e64,1,548.567164
2026/02/04/23:28:42,running-time,rs-000591-l86qd,fd2cde27-ba9f-41ca-b2e2-4f1f806b742b,1,549.567164
2026/02/04/23:28:42,apply-time,rs-000592-4lscp,16200ab5-91ed-4df9-aa0f-691bfd6b8481,1,548.567164
2026/02/04/23:28:42,apply-time,rs-000593-22rhk,a49a8a3f-df1f-40b2-a2a4-d3a07bcd3ddc,1,549.567164
2026/02/04/23:28:42,apply-time,rs-000593-8nn8d,a63bf333-cb53-4cb4-b5e3-12eb73c3f8cb,1,548.567164
2026/02/04/23:28:42,apply-time,rs-000594-qpkbw,f28f15ee-6d6b-455b-92b9-2c60bca9e2a9,1,549.567164
2026/02/04/23:28:42,running-time,rs-000594-qpkbw,f28f15ee-6d6b-455b-92b9-2c60bca9e2a9,1,549.567164
2026/02/04/23:28:42,apply-time,rs-000595-l6zhp,bf6e78e3-142c-48d2-a7fb-04f910271175,1,549.567164
2026/02/04/23:28:42,running-time,rs-000595-l6zhp,bf6e78e3-142c-48d2-a7fb-04f910271175,1,549.567164
2026/02/04/23:28:42,apply-time,rs-000596-rh6ct,a475c47e-12f4-4288-b83e-0a613959f838,1,549.567164
2026/02/04/23:28:42,running-time,rs-000596-rh6ct,a475c47e-12f4-4288-b83e-0a613959f838,1,549.567164
2026/02/04/23:28:43,apply-time,rs-000597-s6wtr,6d90a0cc-03aa-4126-9607-54915b7ab750,1,549.567164
2026/02/04/23:28:43,running-time,rs-000597-s6wtr,6d90a0cc-03aa-4126-9607-54915b7ab750,1,549.567164
2026/02/04/23:28:43,apply-time,rs-000598-7rtkd,cda3a5a2-1629-4516-9f8a-e927631fd195,1,549.567164
2026/02/04/23:28:43,running-time,rs-000598-7rtkd,cda3a5a2-1629-4516-9f8a-e927631fd195,1,549.567164
2026/02/04/23:28:43,apply-time,rs-000599-cqm9j,133f3a86-733c-4cef-80ba-5b002883809d,1,550.567164
2026/02/04/23:28:43,apply-time,rs-000600-2vbzs,cda440a2-6ddf-4d2b-9a21-d0378e7ee216,1,550.567164
2026/02/04/23:28:43,apply-time,rs-000600-k2mjx,b54e53cb-c4a9-4ef3-9b1c-08a85af1fabe,1,550.567164
2026/02/04/23:28:43,apply-time,rs-000600-kfdcb,e2d9c3a1-c00a-4942-9b7d-9a060f509bec,1,549.567164
2026/02/04/23:28:43,running-time,rs-000600-kfdcb,e2d9c3a1-c00a-4942-9b7d-9a060f509bec,1,549.567164
2026/02/04/23:28:43,apply-time,rs-000601-d2sfw,e91e3ba6-a069-4221-a756-806250f673c9,1,549.567164
2026/02/04/23:28:43,running-time,rs-000601-d2sfw,e91e3ba6-a069-4221-a756-806250f673c9,1,550.567164
2026/02/04/23:28:43,apply-time,rs-000602-dsgnx,06aab624-9969-422a-929b-36dc981ddafa,1,550.567164
2026/02/04/23:28:43,running-time,rs-000602-dsgnx,06aab624-9969-422a-929b-36dc981ddafa,1,550.567164
2026/02/04/23:28:44,running-time,rs-000599-cqm9j,133f3a86-733c-4cef-80ba-5b002883809d,1,551.567164
2026/02/04/23:28:44,running-time,rs-000600-2vbzs,cda440a2-6ddf-4d2b-9a21-d0378e7ee216,1,551.567164
2026/02/04/23:28:44,running-time,rs-000600-k2mjx,b54e53cb-c4a9-4ef3-9b1c-08a85af1fabe,1,551.567164
2026/02/04/23:28:44,apply-time,rs-000603-gpngw,2a8615da-b3a8-4e2b-b597-3c01d3b7b9b1,1,551.567164
2026/02/04/23:28:44,apply-time,rs-000604-rv946,7dc8b489-20b1-4871-9f5c-c2ebc9f93940,1,551.567164
2026/02/04/23:28:44,apply-time,rs-000605-jqx9d,88687ce4-b4f1-4d8a-b0a0-d4f6e4a08336,1,551.567164
2026/02/04/23:28:44,running-time,rs-000605-jqx9d,88687ce4-b4f1-4d8a-b0a0-d4f6e4a08336,1,551.567164
2026/02/04/23:28:45,apply-time,rs-000603-qw5bt,8577d52b-f926-4cf4-8a9c-7d7232fe520b,1,551.567164
2026/02/04/23:28:45,apply-time,rs-000604-l7z5q,8e163cf4-23ad-4203-9059-926bb756f8d0,1,551.567164
2026/02/04/23:28:45,apply-time,rs-000605-2xw47,d06387e0-1f5f-4433-9c3d-e63120751487,1,551.567164
2026/02/04/23:28:45,running-time,rs-000605-2xw47,d06387e0-1f5f-4433-9c3d-e63120751487,1,552.567164
2026/02/04/23:28:45,apply-time,rs-000605-wgp4z,4f0791f6-9b75-4428-b2d9-b08129aa26da,1,551.567164
2026/02/04/23:28:46,running-time,rs-000605-wgp4z,4f0791f6-9b75-4428-b2d9-b08129aa26da,1,552.567164
2026/02/04/23:28:53,apply-time,rs-000606-66hpx,9837662b-1546-48e9-9562-83bfe9129477,1,560.567164
2026/02/04/23:28:53,running-time,rs-000606-66hpx,9837662b-1546-48e9-9562-83bfe9129477,1,560.567164
2026/02/04/23:28:53,apply-time,rs-000607-bqpgk,d27dc872-fe30-4d9a-9e9e-b4e272eea523,1,560.567164
2026/02/04/23:28:53,running-time,rs-000607-bqpgk,d27dc872-fe30-4d9a-9e9e-b4e272eea523,1,560.567164
2026/02/04/23:28:53,apply-time,rs-000607-v7jlm,89632b55-b30e-402f-9270-1129531f2438,1,560.567164
2026/02/04/23:28:53,running-time,rs-000607-v7jlm,89632b55-b30e-402f-9270-1129531f2438,1,560.567164
2026/02/04/23:28:53,apply-time,rs-000608-dpsb8,61b44ab5-21c8-4aa2-8576-8d960b987529,1,560.567164
2026/02/04/23:28:53,running-time,rs-000608-dpsb8,61b44ab5-21c8-4aa2-8576-8d960b987529,1,560.567164
2026/02/04/23:28:53,apply-time,rs-000608-g6jp2,5767ce01-aa46-4c39-bb02-aae78b570c9f,1,560.567164
2026/02/04/23:28:53,running-time,rs-000608-g6jp2,5767ce01-aa46-4c39-bb02-aae78b570c9f,1,560.567164
2026/02/04/23:28:55,apply-time,rs-000609-rqmlt,c3a82ce5-5f4f-4d06-8546-3693281c6a3c,1,561.567164
2026/02/04/23:28:55,running-time,rs-000609-rqmlt,c3a82ce5-5f4f-4d06-8546-3693281c6a3c,1,561.567164
2026/02/04/23:28:55,apply-time,rs-000610-xztcb,3a830aa3-4120-4b82-b515-ffaa658525fe,1,561.567164
2026/02/04/23:28:55,running-time,rs-000610-xztcb,3a830aa3-4120-4b82-b515-ffaa658525fe,1,561.567164
2026/02/04/23:28:55,apply-time,rs-000611-5c757,e4571e95-8164-4de0-b606-9c5d3c086226,1,561.567164
2026/02/04/23:28:55,running-time,rs-000611-5c757,e4571e95-8164-4de0-b606-9c5d3c086226,1,562.567164
2026/02/04/23:28:55,apply-time,rs-000611-76z2p,d499b989-a9ae-435c-b662-7e510668e819,1,561.567164
2026/02/04/23:28:55,running-time,rs-000611-76z2p,d499b989-a9ae-435c-b662-7e510668e819,1,561.567164
2026/02/04/23:28:55,apply-time,rs-000611-h24mp,ff00228f-e217-4e1e-893c-15cf8f9b54c3,1,561.567164
2026/02/04/23:28:55,running-time,rs-000611-h24mp,ff00228f-e217-4e1e-893c-15cf8f9b54c3,1,562.567164
2026/02/04/23:28:55,apply-time,rs-000612-bg45j,c92538af-7cae-4d25-8d70-21ad3bce569d,1,561.567164
2026/02/04/23:28:55,running-time,rs-000612-bg45j,c92538af-7cae-4d25-8d70-21ad3bce569d,1,562.567164
2026/02/04/23:28:55,apply-time,rs-000613-5v4qz,83a6aaee-b295-466a-870f-547f915c2d83,1,562.567164
2026/02/04/23:28:55,running-time,rs-000613-5v4qz,83a6aaee-b295-466a-870f-547f915c2d83,1,562.567164
2026/02/04/23:28:55,apply-time,rs-000614-frgj7,79a7d05b-ea0d-46b6-8c0d-dfe1a9adcefe,1,562.567164
2026/02/04/23:28:55,running-time,rs-000614-frgj7,79a7d05b-ea0d-46b6-8c0d-dfe1a9adcefe,1,562.567164
2026/02/04/23:28:55,apply-time,rs-000614-jtzgz,f1d43219-6866-4813-a4b3-a8b3b01d6c9e,1,562.567164
2026/02/04/23:28:55,running-time,rs-000614-jtzgz,f1d43219-6866-4813-a4b3-a8b3b01d6c9e,1,562.567164
2026/02/04/23:28:55,apply-time,rs-000615-jtqrz,9cc25406-5c93-4029-94bf-e852038a4557,1,562.567164
2026/02/04/23:28:55,running-time,rs-000615-jtqrz,9cc25406-5c93-4029-94bf-e852038a4557,1,562.567164
2026/02/04/23:28:55,apply-time,rs-000615-zvqvj,4ed97fe0-ad5d-4cfd-8fbb-cb19ebf67de4,1,562.567164
2026/02/04/23:28:55,running-time,rs-000615-zvqvj,4ed97fe0-ad5d-4cfd-8fbb-cb19ebf67de4,1,562.567164
2026/02/04/23:28:55,apply-time,rs-000616-2rjkd,f459f061-e06a-4f0d-bb46-8463945211a7,1,562.567164
2026/02/04/23:28:55,running-time,rs-000616-2rjkd,f459f061-e06a-4f0d-bb46-8463945211a7,1,562.567164
2026/02/04/23:28:55,apply-time,rs-000617-27lp8,3a3a204d-98ef-4ab8-afa1-59a1381fbab1,1,562.567164
2026/02/04/23:28:55,running-time,rs-000617-27lp8,3a3a204d-98ef-4ab8-afa1-59a1381fbab1,1,562.567164
2026/02/04/23:28:55,apply-time,rs-000618-pwhzq,d11ff725-33a2-4612-a009-37c89c3faade,1,562.567164
2026/02/04/23:28:55,running-time,rs-000618-pwhzq,d11ff725-33a2-4612-a009-37c89c3faade,1,562.567164
2026/02/04/23:28:56,apply-time,rs-000615-5j5hz,5ebc5331-e533-4ae2-9704-991eaf14ddaa,1,562.567164
2026/02/04/23:28:56,running-time,rs-000615-5j5hz,5ebc5331-e533-4ae2-9704-991eaf14ddaa,1,562.567164
2026/02/04/23:28:56,apply-time,rs-000617-66nkr,e336bf4d-f793-4fb6-b051-c54e10e4eed1,1,562.567164
2026/02/04/23:28:56,running-time,rs-000617-66nkr,e336bf4d-f793-4fb6-b051-c54e10e4eed1,1,562.567164
2026/02/04/23:28:56,apply-time,rs-000618-ttc5t,de7338f6-291e-4e59-96e9-a0728bcba481,1,562.567164
2026/02/04/23:28:56,running-time,rs-000618-ttc5t,de7338f6-291e-4e59-96e9-a0728bcba481,1,562.567164
2026/02/04/23:28:56,apply-time,rs-000619-qjkw6,05e17fcc-d1c0-4ca9-bb25-61e86fa78e22,1,563.567164
2026/02/04/23:28:56,running-time,rs-000619-qjkw6,05e17fcc-d1c0-4ca9-bb25-61e86fa78e22,1,563.567164
2026/02/04/23:28:56,apply-time,rs-000619-t75q9,e5084d7d-513c-4c6e-85b3-92ea32179cac,1,563.567164
2026/02/04/23:28:56,running-time,rs-000619-t75q9,e5084d7d-513c-4c6e-85b3-92ea32179cac,1,563.567164
2026/02/04/23:28:56,apply-time,rs-000620-crg7j,d33ddb76-8aef-4e36-9c47-611ab4cd604c,1,563.567164
2026/02/04/23:28:56,apply-time,rs-000620-tz6g8,042eb523-4100-43a2-b4c0-3fbbea4b21df,1,563.567164
2026/02/04/23:28:56,apply-time,rs-000621-tz7m4,284e1a30-9d8d-4e99-bdf9-425a485ac307,1,563.567164
2026/02/04/23:28:56,apply-time,rs-000622-c59nm,7346e6f8-46be-4d44-9488-3f2286a9e75b,1,563.567164
2026/02/04/23:28:56,running-time,rs-000622-c59nm,7346e6f8-46be-4d44-9488-3f2286a9e75b,1,563.567164
2026/02/04/23:28:58,apply-time,rs-000623-c6kpr,25d3d574-aa2d-4ffd-85b7-e21ef96d0aea,1,565.567164
2026/02/04/23:28:58,running-time,rs-000623-c6kpr,25d3d574-aa2d-4ffd-85b7-e21ef96d0aea,1,565.567164
2026/02/04/23:28:58,apply-time,rs-000623-hsg7v,0d91560a-665b-4bbd-83c5-1783d69263bb,1,565.567164
2026/02/04/23:28:58,running-time,rs-000623-hsg7v,0d91560a-665b-4bbd-83c5-1783d69263bb,1,565.567164
2026/02/04/23:28:58,apply-time,rs-000624-6kskb,11e9260c-8a40-4ae0-b543-46deb9bedf9c,1,565.567164
2026/02/04/23:28:58,running-time,rs-000624-6kskb,11e9260c-8a40-4ae0-b543-46deb9bedf9c,1,565.567164
2026/02/04/23:28:58,apply-time,rs-000624-drv9r,ae59c1f7-5785-47cd-b01e-13878df2dfc2,1,565.567164
2026/02/04/23:28:58,running-time,rs-000624-drv9r,ae59c1f7-5785-47cd-b01e-13878df2dfc2,1,565.567164
2026/02/04/23:28:58,apply-time,rs-000625-mgctt,1f9f8996-09d8-4785-89a3-769ea21a8aa6,1,565.567164
2026/02/04/23:28:58,apply-time,rs-000625-r9662,424b611d-6f30-43ac-ab4d-54c1ffc0af1a,1,565.567164
2026/02/04/23:28:58,apply-time,rs-000625-sgtth,2e703d2e-26a2-4139-ac70-7dca804aa1a1,1,565.567164
2026/02/04/23:28:58,running-time,rs-000625-sgtth,2e703d2e-26a2-4139-ac70-7dca804aa1a1,1,565.567164
2026/02/04/23:28:58,apply-time,rs-000626-pcz56,dd6a5b96-45a7-48e1-965e-49497c3f83af,1,565.567164
2026/02/04/23:28:58,running-time,rs-000626-pcz56,dd6a5b96-45a7-48e1-965e-49497c3f83af,1,565.567164
2026/02/04/23:28:58,apply-time,rs-000627-k7sxr,3ecd44df-18cb-4c85-b333-8c1481bbd3bb,1,565.567164
2026/02/04/23:28:58,running-time,rs-000627-k7sxr,3ecd44df-18cb-4c85-b333-8c1481bbd3bb,1,565.567164
2026/02/04/23:28:58,apply-time,rs-000628-r886r,6e265411-cc13-4a90-8753-8d460f727177,1,565.567164
2026/02/04/23:28:59,running-time,rs-000625-mgctt,1f9f8996-09d8-4785-89a3-769ea21a8aa6,1,565.567164
2026/02/04/23:28:59,running-time,rs-000625-r9662,424b611d-6f30-43ac-ab4d-54c1ffc0af1a,1,565.567164
2026/02/04/23:28:59,apply-time,rs-000627-lwh4r,be566090-1a9e-467f-aa79-c008a782802f,1,565.567164
2026/02/04/23:28:59,running-time,rs-000627-lwh4r,be566090-1a9e-467f-aa79-c008a782802f,1,565.567164
2026/02/04/23:28:59,apply-time,rs-000627-r94v7,c84a16ff-349e-4694-8935-4fd8148dad51,1,565.567164
2026/02/04/23:28:59,running-time,rs-000627-r94v7,c84a16ff-349e-4694-8935-4fd8148dad51,1,565.567164
2026/02/04/23:28:59,running-time,rs-000628-r886r,6e265411-cc13-4a90-8753-8d460f727177,1,565.567164
2026/02/04/23:28:59,apply-time,rs-000629-pg5jt,662a5972-1227-4412-bca2-327cbe8a2298,1,566.567164
2026/02/04/23:28:59,running-time,rs-000629-pg5jt,662a5972-1227-4412-bca2-327cbe8a2298,1,566.567164
2026/02/04/23:28:59,apply-time,rs-000630-jv54w,fb4c3d0a-a3a3-40a6-9f77-2ab1560ee2bf,1,566.567164
2026/02/04/23:28:59,running-time,rs-000630-jv54w,fb4c3d0a-a3a3-40a6-9f77-2ab1560ee2bf,1,566.567164
2026/02/04/23:28:59,apply-time,rs-000631-nscgw,6a35103d-5daf-4b01-bf1e-44bd2bc746ec,1,566.567164
2026/02/04/23:28:59,running-time,rs-000631-nscgw,6a35103d-5daf-4b01-bf1e-44bd2bc746ec,1,566.567164
2026/02/04/23:28:59,apply-time,rs-000632-gnj9s,98239689-3dbf-4093-a39a-8781bce425c6,1,566.567164
2026/02/04/23:28:59,running-time,rs-000632-gnj9s,98239689-3dbf-4093-a39a-8781bce425c6,1,566.567164
2026/02/04/23:28:59,apply-time,rs-000633-nj64z,ad62f3aa-763c-4895-a71e-720709d56791,1,566.567164
2026/02/04/23:28:59,running-time,rs-000633-nj64z,ad62f3aa-763c-4895-a71e-720709d56791,1,566.567164
2026/02/04/23:28:59,apply-time,rs-000634-dvbhb,6927ff5b-7ad2-4901-afa1-e6388a4af7de,1,566.567164
2026/02/04/23:28:59,running-time,rs-000634-dvbhb,6927ff5b-7ad2-4901-afa1-e6388a4af7de,1,566.567164
2026/02/04/23:29:00,apply-time,rs-000630-4hc2t,19181b5c-f29e-47a4-a4f4-02d9bfd9bb4e,1,566.567164
2026/02/04/23:29:00,apply-time,rs-000631-dmm7v,30e45901-3f9e-467c-88df-d9e43b27174d,1,566.567164
2026/02/04/23:29:00,running-time,rs-000631-dmm7v,30e45901-3f9e-467c-88df-d9e43b27174d,1,566.567164
2026/02/04/23:29:00,apply-time,rs-000633-5xc7p,0bde34c1-5266-43f0-9f58-e8b9fbdf2e02,1,566.567164
2026/02/04/23:29:00,running-time,rs-000633-5xc7p,0bde34c1-5266-43f0-9f58-e8b9fbdf2e02,1,567.567164
2026/02/04/23:29:00,apply-time,rs-000633-9vstd,2fb1394a-5c1f-4cf9-92a6-29219d8c3187,1,566.567164
2026/02/04/23:29:00,apply-time,rs-000635-bsjdd,062f7445-39d4-495c-969c-bd3e3a269843,1,567.567164
2026/02/04/23:29:00,apply-time,rs-000635-rxpqh,13bc7397-f63d-4fcf-ada6-9b5d3ca14f2c,1,567.567164
2026/02/04/23:29:00,apply-time,rs-000636-pk6fg,f523a8a2-4be0-49e7-b4ed-9aaa6178668e,1,567.567164
2026/02/04/23:29:00,running-time,rs-000636-pk6fg,f523a8a2-4be0-49e7-b4ed-9aaa6178668e,1,567.567164
2026/02/04/23:29:00,apply-time,rs-000636-pm9jb,ebce8a90-4c9a-4533-be46-bbdbac2ee715,1,567.567164
2026/02/04/23:29:00,running-time,rs-000636-pm9jb,ebce8a90-4c9a-4533-be46-bbdbac2ee715,1,567.567164
2026/02/04/23:29:00,apply-time,rs-000636-qbrx6,47756620-e94b-47c3-909b-b1b48eaff927,1,567.567164
2026/02/04/23:29:00,running-time,rs-000636-qbrx6,47756620-e94b-47c3-909b-b1b48eaff927,1,567.567164
2026/02/04/23:29:00,apply-time,rs-000637-dnckh,e516f9e1-eadb-471b-8e6e-8dbb519abe7b,1,567.567164
2026/02/04/23:29:01,running-time,rs-000630-4hc2t,19181b5c-f29e-47a4-a4f4-02d9bfd9bb4e,1,568.567164
2026/02/04/23:29:01,running-time,rs-000637-dnckh,e516f9e1-eadb-471b-8e6e-8dbb519abe7b,1,567.567164
2026/02/04/23:29:01,apply-time,rs-000637-lzsvm,87bd4f51-c93c-460c-b261-378f88440bf8,1,567.567164
2026/02/04/23:29:01,running-time,rs-000637-lzsvm,87bd4f51-c93c-460c-b261-378f88440bf8,1,567.567164
2026/02/04/23:29:01,apply-time,rs-000638-zzq85,6dfeebdd-7099-4543-9b1f-47e4c79d0877,1,567.567164
2026/02/04/23:29:02,running-time,rs-000638-zzq85,6dfeebdd-7099-4543-9b1f-47e4c79d0877,1,569.567164
2026/02/04/23:29:02,apply-time,rs-000639-66m6b,09338764-2cec-4bb8-a685-8668b2fa74c5,1,569.567164
2026/02/04/23:29:02,apply-time,rs-000639-mvmhg,43647e40-2c43-4d79-b72e-f2e0d1ca3f74,1,569.567164
2026/02/04/23:29:02,running-time,rs-000639-mvmhg,43647e40-2c43-4d79-b72e-f2e0d1ca3f74,1,569.567164
2026/02/04/23:29:02,apply-time,rs-000640-8s8gm,3103b1ad-a739-4f88-8543-364d89a3cb6c,1,569.567164
2026/02/04/23:29:02,apply-time,rs-000641-9spr8,97c04e79-a0d3-42ab-9688-04d9277b4577,1,569.567164
2026/02/04/23:29:02,apply-time,rs-000642-rctlt,aa553108-8e31-4f1f-9b0d-dedd9aee039c,1,569.567164
2026/02/04/23:29:02,apply-time,rs-000643-6tbmh,87e81e5e-6b34-4c9b-b5d8-7051b3453276,1,569.567164
2026/02/04/23:29:02,apply-time,rs-000643-prhf2,2f05774c-3062-4414-87aa-790cae06e3ca,1,569.567164
2026/02/04/23:29:03,apply-time,rs-000641-k2rp7,771f810e-4182-4b06-97da-9ffb91b6a199,1,569.567164
2026/02/04/23:29:03,apply-time,rs-000641-vlww8,458b08d9-3328-4c0a-9fae-080e79212f0a,1,569.567164
2026/02/04/23:29:03,apply-time,rs-000642-vh2vw,4a7f2c5b-1c96-4294-9d4e-27145446b7a1,1,569.567164
2026/02/04/23:29:03,apply-time,rs-000643-w9htf,7fea6942-4e60-4bae-b8d0-e67761efe8ff,1,569.567164
2026/02/04/23:29:03,apply-time,rs-000644-xcg8p,8c6c88ab-313f-47eb-9deb-a4f6432dcf06,1,570.567164
2026/02/04/23:29:03,apply-time,rs-000645-j9p4t,c3574087-6494-4ca1-9758-f730fdf350e2,1,570.567164
2026/02/04/23:29:04,running-time,rs-000639-66m6b,09338764-2cec-4bb8-a685-8668b2fa74c5,1,571.567164
2026/02/04/23:29:04,apply-time,rs-000644-p22zm,272b99a7-ad01-406f-b14a-7a83e64ba77e,1,570.567164
2026/02/04/23:29:04,running-time,rs-000645-j9p4t,c3574087-6494-4ca1-9758-f730fdf350e2,1,571.567164
2026/02/04/23:29:04,apply-time,rs-000646-jhdgm,b5466498-4281-4a6d-8aaf-da583770f3d6,1,570.567164
2026/02/04/23:29:04,apply-time,rs-000646-thssf,3f111593-4d90-4a3a-95d3-d73152d0cba7,1,570.567164
2026/02/04/23:29:05,running-time,rs-000641-9spr8,97c04e79-a0d3-42ab-9688-04d9277b4577,1,572.567164
2026/02/04/23:29:05,running-time,rs-000642-rctlt,aa553108-8e31-4f1f-9b0d-dedd9aee039c,1,572.567164
2026/02/04/23:29:05,running-time,rs-000644-xcg8p,8c6c88ab-313f-47eb-9deb-a4f6432dcf06,1,572.567164
2026/02/04/23:29:07,running-time,rs-000642-vh2vw,4a7f2c5b-1c96-4294-9d4e-27145446b7a1,1,573.567164
2026/02/04/23:29:07,apply-time,rs-000647-nwhc4,8139a795-1df3-4471-b97a-1f08c2c0812b,1,573.567164
2026/02/04/23:29:07,apply-time,rs-000648-pwmqf,1f2ac450-3987-4270-b9a3-64fb65f52d7e,1,574.567164
2026/02/04/23:29:07,apply-time,rs-000648-wlcjf,444401fa-7f18-4478-86d2-f19f596463d1,1,574.567164
2026/02/04/23:29:07,apply-time,rs-000649-cgjhh,caa7ed92-e98c-44ff-a4f5-67364a15b3bc,1,574.567164
2026/02/04/23:29:07,apply-time,rs-000649-vvv4x,6f7346b5-2067-443e-9a0c-ed62a334c65e,1,574.567164
2026/02/04/23:29:07,apply-time,rs-000649-zlf5t,b7008b56-353a-4239-bf3d-ffc34f363a85,1,574.567164
2026/02/04/23:29:07,apply-time,rs-000650-8czxb,21f48f2b-86b2-4496-ae53-c71f276efa5e,1,574.567164
2026/02/04/23:29:07,apply-time,rs-000650-lvcbc,75b9d302-3012-41af-be9d-96a40767d525,1,574.567164
2026/02/04/23:29:07,apply-time,rs-000650-pfp7j,22dd7352-96f8-4822-92e3-7e7397b60126,1,574.567164
2026/02/04/23:29:07,apply-time,rs-000651-lj4tr,6bac4138-1ab5-460d-bc98-d59a369f121c,1,574.567164
2026/02/04/23:29:07,apply-time,rs-000652-c8vwt,32380b48-41ed-4786-8a2c-9b65d02e9b7c,1,574.567164
2026/02/04/23:29:07,apply-time,rs-000652-trcxk,9638db29-9958-4d9a-be77-f5362bdfd629,1,574.567164
2026/02/04/23:29:07,apply-time,rs-000653-wpjpj,c3239633-495d-4377-8ede-27ea95f3278b,1,574.567164
2026/02/04/23:29:07,apply-time,rs-000654-dj99w,7f68e4fd-6275-4bb8-a544-2977a9d08ce7,1,574.567164
2026/02/04/23:29:07,running-time,rs-000654-dj99w,7f68e4fd-6275-4bb8-a544-2977a9d08ce7,1,574.567164
2026/02/04/23:29:07,apply-time,rs-000655-rlmc5,04fe61bf-4f8d-4323-be0e-8be1bce890b9,1,574.567164
2026/02/04/23:29:08,running-time,rs-000651-lj4tr,6bac4138-1ab5-460d-bc98-d59a369f121c,1,575.567164
2026/02/04/23:29:08,apply-time,rs-000653-t8c5d,ff5f1bc0-6cc1-4f11-8b4e-f8c265a83a9e,1,574.567164
2026/02/04/23:29:08,apply-time,rs-000654-dr7dq,91264246-8980-4631-a6fb-1c143ad1649f,1,574.567164
2026/02/04/23:29:08,running-time,rs-000654-dr7dq,91264246-8980-4631-a6fb-1c143ad1649f,1,574.567164
2026/02/04/23:29:08,apply-time,rs-000654-pqvv8,aa5eabd6-776a-4e1d-862d-c567f2c483a6,1,574.567164
2026/02/04/23:29:08,running-time,rs-000654-pqvv8,aa5eabd6-776a-4e1d-862d-c567f2c483a6,1,574.567164
2026/02/04/23:29:08,apply-time,rs-000655-rg7qz,12c2d38b-7d89-44e1-9dbb-6427c922b93f,1,574.567164
2026/02/04/23:29:08,running-time,rs-000655-rlmc5,04fe61bf-4f8d-4323-be0e-8be1bce890b9,1,574.567164
2026/02/04/23:29:08,apply-time,rs-000656-6nspn,014400ed-a650-420e-a7e3-c38b03c14ceb,1,575.567164
2026/02/04/23:29:08,apply-time,rs-000656-g9jrr,b9a1d8d9-9376-4062-9037-ad0f1cb4798d,1,575.567164
2026/02/04/23:29:08,apply-time,rs-000657-l6tx7,606f4bb8-ecaf-400a-89b9-af5661623332,1,575.567164
2026/02/04/23:29:08,apply-time,rs-000658-bfnhd,7e1c1f6c-08d1-48ff-b558-202298a80d68,1,575.567164
2026/02/04/23:29:08,running-time,rs-000658-bfnhd,7e1c1f6c-08d1-48ff-b558-202298a80d68,1,575.567164
2026/02/04/23:29:08,apply-time,rs-000658-hrcvr,1736084d-7723-46d6-a587-b11a176e21a3,1,575.567164
2026/02/04/23:29:08,apply-time,rs-000658-wsssx,063adff0-a6b0-43e2-9e2f-631ffdec2898,1,575.567164
2026/02/04/23:29:08,apply-time,rs-000659-8bmgb,d3442bd2-77a6-4354-afa4-23213321d628,1,575.567164
2026/02/04/23:29:08,running-time,rs-000659-8bmgb,d3442bd2-77a6-4354-afa4-23213321d628,1,575.567164
2026/02/04/23:29:08,apply-time,rs-000660-2dtdf,cf419b37-2f93-40d2-bc87-0c25fd88af6f,1,575.567164
2026/02/04/23:29:08,running-time,rs-000660-2dtdf,cf419b37-2f93-40d2-bc87-0c25fd88af6f,1,575.567164
2026/02/04/23:29:09,apply-time,rs-000657-bk55t,930b78fc-4492-4894-99f4-29f0612d03a7,1,575.567164
2026/02/04/23:29:09,apply-time,rs-000659-kfl2q,462f0268-5ccc-4c26-9d11-f7051ec8c65c,1,575.567164
2026/02/04/23:29:09,apply-time,rs-000659-rncz4,09f797b9-d36a-42b1-9d69-b71f24f902c4,1,575.567164
2026/02/04/23:29:09,apply-time,rs-000660-6pnn9,f269764b-0b2d-4a3b-8baf-74cfc5459942,1,575.567164
2026/02/04/23:29:09,running-time,rs-000660-6pnn9,f269764b-0b2d-4a3b-8baf-74cfc5459942,1,576.567164
2026/02/04/23:29:10,running-time,rs-000650-8czxb,21f48f2b-86b2-4496-ae53-c71f276efa5e,1,576.567164
2026/02/04/23:29:10,running-time,rs-000659-kfl2q,462f0268-5ccc-4c26-9d11-f7051ec8c65c,1,576.567164
2026/02/04/23:29:10,apply-time,rs-000661-ckpt8,16767146-0df2-4853-9de2-bb0d0b34f9d0,1,576.567164
2026/02/04/23:29:10,running-time,rs-000661-ckpt8,16767146-0df2-4853-9de2-bb0d0b34f9d0,1,576.567164
2026/02/04/23:29:10,apply-time,rs-000661-q8gr6,a92b15c5-a7ba-4d45-b2bc-f2ed1e178d4b,1,577.567164
2026/02/04/23:29:10,apply-time,rs-000662-vs7nj,c2acda04-9725-4aa8-8a61-d8efefbe7eed,1,576.567164
2026/02/04/23:29:10,apply-time,rs-000663-kl7q4,659e24b5-7e05-4d0f-812f-3a30372f40be,1,576.567164
2026/02/04/23:29:10,running-time,rs-000663-kl7q4,659e24b5-7e05-4d0f-812f-3a30372f40be,1,577.567164
2026/02/04/23:29:10,apply-time,rs-000663-xkk5w,0f0153f9-9094-4973-aa2e-2fdee057a968,1,577.567164
2026/02/04/23:29:10,running-time,rs-000663-xkk5w,0f0153f9-9094-4973-aa2e-2fdee057a968,1,577.567164
2026/02/04/23:29:10,apply-time,rs-000664-d5p59,2a929c22-2197-42ce-879e-63269082b8bb,1,576.567164
2026/02/04/23:29:10,running-time,rs-000664-d5p59,2a929c22-2197-42ce-879e-63269082b8bb,1,576.567164
2026/02/04/23:29:10,apply-time,rs-000664-q7xpq,c2b7a9fe-0f39-4227-a4a9-a291a93140e5,1,577.567164
2026/02/04/23:29:10,apply-time,rs-000664-szxq5,69ed4406-a15a-4d0b-9fb0-797ac63931d9,1,577.567164
2026/02/04/23:29:10,apply-time,rs-000665-wrmqf,8cf63fba-66ff-42c2-8aa5-70da44c01c61,1,577.567164
2026/02/04/23:29:10,apply-time,rs-000666-4k59p,feacbf47-06df-475f-9936-2608139fd113,1,577.567164
2026/02/04/23:29:10,apply-time,rs-000667-5vwjn,ed98fe1b-1727-4988-b885-82a918072c2e,1,577.567164
2026/02/04/23:29:11,running-time,rs-000661-q8gr6,a92b15c5-a7ba-4d45-b2bc-f2ed1e178d4b,1,578.567164
2026/02/04/23:29:11,running-time,rs-000664-q7xpq,c2b7a9fe-0f39-4227-a4a9-a291a93140e5,1,578.567164
2026/02/04/23:29:11,apply-time,rs-000666-dt878,8b1e6dd6-7908-4864-91b9-a10c3b72f80f,1,577.567164
2026/02/04/23:29:11,running-time,rs-000667-5vwjn,ed98fe1b-1727-4988-b885-82a918072c2e,1,578.567164
2026/02/04/23:29:11,apply-time,rs-000667-dg7ql,ed1879de-07d7-416e-a0c5-20891104b080,1,577.567164
2026/02/04/23:29:11,running-time,rs-000667-dg7ql,ed1879de-07d7-416e-a0c5-20891104b080,1,578.567164
2026/02/04/23:29:12,running-time,rs-000650-pfp7j,22dd7352-96f8-4822-92e3-7e7397b60126,1,579.567164
2026/02/04/23:29:12,running-time,rs-000656-6nspn,014400ed-a650-420e-a7e3-c38b03c14ceb,1,579.567164
2026/02/04/23:29:12,running-time,rs-000664-szxq5,69ed4406-a15a-4d0b-9fb0-797ac63931d9,1,578.567164
2026/02/04/23:29:13,running-time,rs-000655-rg7qz,12c2d38b-7d89-44e1-9dbb-6427c922b93f,1,579.567164
2026/02/04/23:29:13,running-time,rs-000659-rncz4,09f797b9-d36a-42b1-9d69-b71f24f902c4,1,580.567164
2026/02/04/23:29:13,apply-time,rs-000668-v4tj9,d92b3adc-dc79-4bab-975c-8404f6067cd5,1,580.567164
2026/02/04/23:29:13,running-time,rs-000668-v4tj9,d92b3adc-dc79-4bab-975c-8404f6067cd5,1,580.567164
2026/02/04/23:29:13,apply-time,rs-000669-289p4,b7a089b3-b902-48c5-a898-c27f20da7e92,1,580.567164
2026/02/04/23:29:13,apply-time,rs-000669-fzl6x,cf1598b8-79bd-4ca7-91cc-2c5696378026,1,580.567164
2026/02/04/23:29:13,apply-time,rs-000670-5d8kp,b8572f0a-f652-4457-9b9f-60553f5bf011,1,580.567164
2026/02/04/23:29:13,running-time,rs-000670-5d8kp,b8572f0a-f652-4457-9b9f-60553f5bf011,1,580.567164
2026/02/04/23:29:13,apply-time,rs-000670-gd2p4,1e3f46e9-614a-4f6d-92ea-9c12c405abd8,1,580.567164
2026/02/04/23:29:13,running-time,rs-000670-gd2p4,1e3f46e9-614a-4f6d-92ea-9c12c405abd8,1,580.567164
2026/02/04/23:29:15,running-time,rs-000669-289p4,b7a089b3-b902-48c5-a898-c27f20da7e92,1,582.567164
2026/02/04/23:29:16,running-time,rs-000669-fzl6x,cf1598b8-79bd-4ca7-91cc-2c5696378026,1,583.567164
2026/02/04/23:29:17,running-time,rs-000633-9vstd,2fb1394a-5c1f-4cf9-92a6-29219d8c3187,1,584.567164
2026/02/04/23:29:17,running-time,rs-000641-vlww8,458b08d9-3328-4c0a-9fae-080e79212f0a,1,583.567164
2026/02/04/23:29:18,running-time,rs-000649-vvv4x,6f7346b5-2067-443e-9a0c-ed62a334c65e,1,585.567164
2026/02/04/23:29:19,running-time,rs-000641-k2rp7,771f810e-4182-4b06-97da-9ffb91b6a199,1,586.567164
2026/02/04/23:29:20,running-time,rs-000649-zlf5t,b7008b56-353a-4239-bf3d-ffc34f363a85,1,587.567164
2026/02/04/23:29:21,running-time,rs-000647-nwhc4,8139a795-1df3-4471-b97a-1f08c2c0812b,1,588.567164
2026/02/04/23:29:21,running-time,rs-000649-cgjhh,caa7ed92-e98c-44ff-a4f5-67364a15b3bc,1,588.567164
2026/02/04/23:29:28,apply-time,rs-000671-4hxd4,e19a89ad-5294-46bd-a51e-bd8a8f8ca232,1,595.567164
2026/02/04/23:29:28,running-time,rs-000671-4hxd4,e19a89ad-5294-46bd-a51e-bd8a8f8ca232,1,595.567164
2026/02/04/23:29:28,apply-time,rs-000671-5njr2,7ceee7d6-8a03-4ff7-be33-a723602b96cd,1,595.567164
2026/02/04/23:29:28,running-time,rs-000671-5njr2,7ceee7d6-8a03-4ff7-be33-a723602b96cd,1,595.567164
2026/02/04/23:29:28,apply-time,rs-000672-7w6z2,9b15d652-fa40-4978-85df-017b49f9f8a6,1,595.567164
2026/02/04/23:29:28,running-time,rs-000672-7w6z2,9b15d652-fa40-4978-85df-017b49f9f8a6,1,595.567164
2026/02/04/23:29:29,apply-time,rs-000673-d5xgf,f78f1683-20fd-4113-9363-23509a48fdb2,1,596.567164
2026/02/04/23:29:29,running-time,rs-000673-d5xgf,f78f1683-20fd-4113-9363-23509a48fdb2,1,596.567164
2026/02/04/23:29:29,apply-time,rs-000674-l5slc,38570f42-89e7-45aa-8a55-1ac2ae631839,1,596.567164
2026/02/04/23:29:29,running-time,rs-000674-l5slc,38570f42-89e7-45aa-8a55-1ac2ae631839,1,596.567164
2026/02/04/23:29:30,apply-time,rs-000675-5ddf7,0c9f3837-4f25-412c-a3eb-8937c5ed006f,1,597.567164
2026/02/04/23:29:30,running-time,rs-000675-5ddf7,0c9f3837-4f25-412c-a3eb-8937c5ed006f,1,597.567164
2026/02/04/23:29:30,apply-time,rs-000675-nctx5,310be32c-1e32-4383-a532-39bc2db3c2ab,1,597.567164
2026/02/04/23:29:30,running-time,rs-000675-nctx5,310be32c-1e32-4383-a532-39bc2db3c2ab,1,597.567164
2026/02/04/23:29:30,apply-time,rs-000675-sdmj6,ea88ed9f-4d1d-4165-bd0d-ca8fbfa5be33,1,597.567164
2026/02/04/23:29:30,running-time,rs-000675-sdmj6,ea88ed9f-4d1d-4165-bd0d-ca8fbfa5be33,1,597.567164
2026/02/04/23:29:30,apply-time,rs-000676-5jwdl,334fba44-0143-420e-ae64-247306b0cb64,1,597.567164
2026/02/04/23:29:30,apply-time,rs-000676-bwv5s,cb198b36-29a1-4aae-a998-b2daf157109a,1,597.567164
2026/02/04/23:29:30,apply-time,rs-000676-z9d7f,c1f65d12-4f86-436c-9f7d-b03b1e2e313e,1,597.567164
2026/02/04/23:29:30,apply-time,rs-000677-f95v9,09af2312-894e-4b07-9212-613f5a30a362,1,597.567164
2026/02/04/23:29:30,running-time,rs-000677-f95v9,09af2312-894e-4b07-9212-613f5a30a362,1,597.567164
2026/02/04/23:29:30,apply-time,rs-000678-8vns7,1e919c89-c946-4403-a832-48bb8b8587d4,1,597.567164
2026/02/04/23:29:30,running-time,rs-000678-8vns7,1e919c89-c946-4403-a832-48bb8b8587d4,1,597.567164
2026/02/04/23:29:30,apply-time,rs-000679-65zgg,c2d355a7-095b-4dc7-ace6-693ce6101038,1,597.567164
2026/02/04/23:29:30,running-time,rs-000679-65zgg,c2d355a7-095b-4dc7-ace6-693ce6101038,1,597.567164
2026/02/04/23:29:30,apply-time,rs-000679-qkmgq,b5bb00fc-37fc-40ce-8ad2-1335c911c49c,1,597.567164
2026/02/04/23:29:30,running-time,rs-000679-qkmgq,b5bb00fc-37fc-40ce-8ad2-1335c911c49c,1,597.567164
2026/02/04/23:29:30,apply-time,rs-000679-txtmr,24153f65-602b-4de1-96a8-ec9eda5d47f9,1,597.567164
2026/02/04/23:29:30,running-time,rs-000679-txtmr,24153f65-602b-4de1-96a8-ec9eda5d47f9,1,597.567164
2026/02/04/23:29:30,apply-time,rs-000680-n7vlf,de1a7d1f-bc45-49bf-b8ef-44c1606db04d,1,597.567164
2026/02/04/23:29:31,apply-time,rs-000680-7dztx,8e490423-ed92-493b-8f2c-b320226074c4,1,597.567164
2026/02/04/23:29:31,apply-time,rs-000680-pzntz,a8620dd9-20e1-4dbe-9ca3-1b4bee0c11c1,1,597.567164
2026/02/04/23:29:32,running-time,rs-000680-n7vlf,de1a7d1f-bc45-49bf-b8ef-44c1606db04d,1,598.567164
2026/02/04/23:29:32,running-time,rs-000680-pzntz,a8620dd9-20e1-4dbe-9ca3-1b4bee0c11c1,1,599.567164
2026/02/04/23:29:33,running-time,rs-000680-7dztx,8e490423-ed92-493b-8f2c-b320226074c4,1,599.567164
2026/02/04/23:29:34,apply-time,rs-000681-jftxq,ae4cf820-537e-4cff-bf6c-d0abad79f265,1,601.567164
2026/02/04/23:29:34,running-time,rs-000681-jftxq,ae4cf820-537e-4cff-bf6c-d0abad79f265,1,601.567164
2026/02/04/23:29:36,apply-time,rs-000682-7hscd,6e885475-af25-45d8-8600-2a6381c0d72b,1,603.567164
2026/02/04/23:29:36,running-time,rs-000682-7hscd,6e885475-af25-45d8-8600-2a6381c0d72b,1,603.567164
2026/02/04/23:29:36,apply-time,rs-000682-krnw8,5225562f-1a50-49a9-805e-d506b064b3a3,1,603.567164
2026/02/04/23:29:36,running-time,rs-000682-krnw8,5225562f-1a50-49a9-805e-d506b064b3a3,1,603.567164
2026/02/04/23:29:37,apply-time,rs-000683-vncff,45e89392-51ee-4b8a-85aa-d965966de4be,1,603.567164
2026/02/04/23:29:37,running-time,rs-000683-vncff,45e89392-51ee-4b8a-85aa-d965966de4be,1,604.567164
2026/02/04/23:29:37,apply-time,rs-000684-5x88d,7ae15ed7-6a42-4939-9e9c-81bdff009ad2,1,604.567164
2026/02/04/23:29:37,running-time,rs-000684-5x88d,7ae15ed7-6a42-4939-9e9c-81bdff009ad2,1,604.567164
2026/02/04/23:29:37,apply-time,rs-000684-jkslg,24622eda-47d7-48b7-bbc7-0840b53d5899,1,604.567164
2026/02/04/23:29:37,running-time,rs-000684-jkslg,24622eda-47d7-48b7-bbc7-0840b53d5899,1,604.567164
2026/02/04/23:29:37,apply-time,rs-000685-n8gf6,01e1e2aa-0bae-4fcf-ac5d-77a904f66922,1,604.567164
2026/02/04/23:29:37,running-time,rs-000685-n8gf6,01e1e2aa-0bae-4fcf-ac5d-77a904f66922,1,604.567164
2026/02/04/23:29:42,apply-time,rs-000686-89l4f,d27e1f3f-babc-4bb5-8698-aed0f3f5c8fd,1,609.567164
2026/02/04/23:29:42,running-time,rs-000686-89l4f,d27e1f3f-babc-4bb5-8698-aed0f3f5c8fd,1,609.567164
2026/02/04/23:29:42,apply-time,rs-000686-q9bsr,0d2e6ab2-3bb4-412c-b56c-1cc156f45c4a,1,609.567164
2026/02/04/23:29:42,apply-time,rs-000687-m5x8v,313fee22-c831-48a6-a81a-f37dee9c3858,1,609.567164
2026/02/04/23:29:42,running-time,rs-000687-m5x8v,313fee22-c831-48a6-a81a-f37dee9c3858,1,609.567164
2026/02/04/23:29:42,apply-time,rs-000688-8cc9l,9ec6f881-3a21-4e36-9043-9f35ad55182e,1,609.567164
2026/02/04/23:29:42,running-time,rs-000688-8cc9l,9ec6f881-3a21-4e36-9043-9f35ad55182e,1,609.567164
2026/02/04/23:29:42,apply-time,rs-000688-l7v58,40c6c798-f552-425a-8826-77a591600eea,1,609.567164
2026/02/04/23:29:42,running-time,rs-000688-l7v58,40c6c798-f552-425a-8826-77a591600eea,1,609.567164
2026/02/04/23:29:42,apply-time,rs-000689-4rr46,72ba356d-42f6-4660-aad4-7c6258f79bb1,1,609.567164
2026/02/04/23:29:42,running-time,rs-000689-4rr46,72ba356d-42f6-4660-aad4-7c6258f79bb1,1,609.567164
2026/02/04/23:29:42,apply-time,rs-000690-786kc,7ba36163-ef63-4e7c-9fdb-378745058d20,1,609.567164
2026/02/04/23:29:42,apply-time,rs-000690-vb4lh,bd62897c-53be-4347-831f-fc44d413069b,1,609.567164
2026/02/04/23:29:43,running-time,rs-000686-q9bsr,0d2e6ab2-3bb4-412c-b56c-1cc156f45c4a,1,610.567164
2026/02/04/23:29:44,running-time,rs-000690-786kc,7ba36163-ef63-4e7c-9fdb-378745058d20,1,611.567164
2026/02/04/23:29:44,running-time,rs-000690-vb4lh,bd62897c-53be-4347-831f-fc44d413069b,1,611.567164
2026/02/04/23:29:46,apply-time,rs-000691-9rh2n,1adab4cf-65d1-45a2-9356-2419aaeb19fd,1,613.567164
2026/02/04/23:29:46,running-time,rs-000691-9rh2n,1adab4cf-65d1-45a2-9356-2419aaeb19fd,1,613.567164
2026/02/04/23:29:49,apply-time,rs-000692-r8pcc,6c8a380d-044f-45b8-aa93-f823e4a736a3,1,616.567164
2026/02/04/23:29:49,apply-time,rs-000692-wjbbl,679056dd-49a2-4979-b53d-4d34d16d7676,1,616.567164
2026/02/04/23:29:51,running-time,rs-000692-wjbbl,679056dd-49a2-4979-b53d-4d34d16d7676,1,618.567164
2026/02/04/23:29:51,apply-time,rs-000693-2bw9s,8a7caf31-38e6-4812-bd64-e15ad2c41d0a,1,617.567164
2026/02/04/23:29:51,running-time,rs-000693-2bw9s,8a7caf31-38e6-4812-bd64-e15ad2c41d0a,1,617.567164
2026/02/04/23:29:51,apply-time,rs-000693-d6trv,ba872ea6-99a6-4e8f-8f4b-3598293da671,1,617.567164
2026/02/04/23:29:51,running-time,rs-000693-d6trv,ba872ea6-99a6-4e8f-8f4b-3598293da671,1,617.567164
2026/02/04/23:29:51,apply-time,rs-000693-slw5l,5ba41400-bd41-4be7-85f1-2960214bf8df,1,617.567164
2026/02/04/23:29:51,running-time,rs-000693-slw5l,5ba41400-bd41-4be7-85f1-2960214bf8df,1,617.567164
2026/02/04/23:29:54,apply-time,rs-000694-rz295,44ce9c05-6981-48f9-b78e-756cd9a4ad41,1,621.567164
2026/02/04/23:29:54,running-time,rs-000694-rz295,44ce9c05-6981-48f9-b78e-756cd9a4ad41,1,621.567164
2026/02/04/23:29:54,apply-time,rs-000694-sf4nz,3929606b-c50f-45a6-bc19-41fea1fc2cd4,1,621.567164
2026/02/04/23:29:54,running-time,rs-000694-sf4nz,3929606b-c50f-45a6-bc19-41fea1fc2cd4,1,621.567164
2026/02/04/23:29:57,running-time,rs-000692-r8pcc,6c8a380d-044f-45b8-aa93-f823e4a736a3,1,624.567164
2026/02/04/23:29:58,apply-time,rs-000695-d4f4t,075d0471-8a69-4d3a-91a4-db69e0aab273,1,625.567164
2026/02/04/23:29:58,running-time,rs-000695-d4f4t,075d0471-8a69-4d3a-91a4-db69e0aab273,1,625.567164
2026/02/04/23:29:58,apply-time,rs-000695-kkvdc,76164689-865c-499d-91c9-b87017b5728d,1,625.567164
2026/02/04/23:29:58,running-time,rs-000695-kkvdc,76164689-865c-499d-91c9-b87017b5728d,1,625.567164
2026/02/04/23:29:58,apply-time,rs-000695-xwlbj,2d2994be-24ca-488c-a3d9-143bd4d96749,1,625.567164
2026/02/04/23:29:58,running-time,rs-000695-xwlbj,2d2994be-24ca-488c-a3d9-143bd4d96749,1,625.567164
2026/02/04/23:29:58,apply-time,rs-000696-drsqm,86b220a1-0aea-47b0-89f2-60e0719178d5,1,625.567164
2026/02/04/23:29:58,running-time,rs-000696-drsqm,86b220a1-0aea-47b0-89f2-60e0719178d5,1,625.567164
2026/02/04/23:29:58,apply-time,rs-000696-k5xq6,6d3242f2-f820-4e71-9d63-12bb03fc3c07,1,625.567164
2026/02/04/23:29:58,running-time,rs-000696-k5xq6,6d3242f2-f820-4e71-9d63-12bb03fc3c07,1,625.567164
2026/02/04/23:29:58,apply-time,rs-000697-47w7m,c400efb9-bd9f-4571-8d3a-022a16ce7dd9,1,625.567164
2026/02/04/23:29:58,running-time,rs-000697-47w7m,c400efb9-bd9f-4571-8d3a-022a16ce7dd9,1,625.567164
2026/02/04/23:29:58,apply-time,rs-000697-lxkvl,d2f4386a-ea33-4c0a-b4e5-140f3f8155f6,1,625.567164
2026/02/04/23:29:58,running-time,rs-000697-lxkvl,d2f4386a-ea33-4c0a-b4e5-140f3f8155f6,1,625.567164
2026/02/04/23:29:58,apply-time,rs-000698-chbbt,e9ef7407-1aa3-4311-9f82-6dbce8fa8f57,1,625.567164
2026/02/04/23:29:58,running-time,rs-000698-chbbt,e9ef7407-1aa3-4311-9f82-6dbce8fa8f57,1,625.567164
2026/02/04/23:29:58,apply-time,rs-000698-s77tq,0755a067-749e-4f9c-85de-0df7b152a86b,1,625.567164
2026/02/04/23:29:58,running-time,rs-000698-s77tq,0755a067-749e-4f9c-85de-0df7b152a86b,1,625.567164
2026/02/04/23:29:58,apply-time,rs-000698-zxdpv,a98e133c-10db-489a-b734-656744e85b02,1,625.567164
2026/02/04/23:29:58,running-time,rs-000698-zxdpv,a98e133c-10db-489a-b734-656744e85b02,1,625.567164
2026/02/04/23:29:59,apply-time,rs-000699-b4tcn,930d1290-1aa9-411f-abc9-2979278bef1d,1,626.567164
2026/02/04/23:29:59,running-time,rs-000699-b4tcn,930d1290-1aa9-411f-abc9-2979278bef1d,1,626.567164
2026/02/04/23:29:59,apply-time,rs-000699-gxckt,3e501473-41f3-4039-8fd9-01ea74aca183,1,626.567164
2026/02/04/23:29:59,running-time,rs-000699-gxckt,3e501473-41f3-4039-8fd9-01ea74aca183,1,626.567164
2026/02/04/23:29:59,apply-time,rs-000699-w558s,1de8e4e5-948b-4bbb-8b76-4e3978f80a2b,1,626.567164
2026/02/04/23:29:59,running-time,rs-000699-w558s,1de8e4e5-948b-4bbb-8b76-4e3978f80a2b,1,626.567164
2026/02/04/23:29:59,apply-time,rs-000700-h6fjb,5aee3718-8059-46ff-9323-5b65382a52a5,1,626.567164
2026/02/04/23:29:59,running-time,rs-000700-h6fjb,5aee3718-8059-46ff-9323-5b65382a52a5,1,626.567164
2026/02/04/23:29:59,apply-time,rs-000700-rrplb,d3f997ad-4974-4fbb-9544-a930098cc0f4,1,626.567164
2026/02/04/23:29:59,running-time,rs-000700-rrplb,d3f997ad-4974-4fbb-9544-a930098cc0f4,1,626.567164
2026/02/04/23:29:59,apply-time,rs-000700-vtj5d,19dd8ccc-fc36-4b35-bf66-4d8df53a6da5,1,626.567164
2026/02/04/23:29:59,running-time,rs-000700-vtj5d,19dd8ccc-fc36-4b35-bf66-4d8df53a6da5,1,626.567164
2026/02/04/23:30:08,apply-time,rs-000701-5vfwj,53e2e51c-0ee3-4b2d-8dd9-3181d8d692fd,1,635.567164
2026/02/04/23:30:08,running-time,rs-000701-5vfwj,53e2e51c-0ee3-4b2d-8dd9-3181d8d692fd,1,635.567164
2026/02/04/23:30:11,apply-time,rs-000702-wfdt6,bf02dd80-4fb9-483b-af2a-342fb388dbd9,1,638.567164
2026/02/04/23:30:11,running-time,rs-000702-wfdt6,bf02dd80-4fb9-483b-af2a-342fb388dbd9,1,638.567164
2026/02/04/23:30:11,apply-time,rs-000703-ccczq,38f50753-547b-4c8f-bb30-b37a65d44ffa,1,638.567164
2026/02/04/23:30:11,running-time,rs-000703-ccczq,38f50753-547b-4c8f-bb30-b37a65d44ffa,1,638.567164
2026/02/04/23:30:16,apply-time,rs-000704-2tdjp,e32091af-62e1-409d-9434-1088f42b332a,1,642.567164
2026/02/04/23:30:16,running-time,rs-000704-2tdjp,e32091af-62e1-409d-9434-1088f42b332a,1,642.567164
2026/02/04/23:30:16,apply-time,rs-000704-zbs4p,5b4411a7-d1cc-4775-acd4-bb9b8af03e88,1,642.567164
2026/02/04/23:30:16,running-time,rs-000704-zbs4p,5b4411a7-d1cc-4775-acd4-bb9b8af03e88,1,642.567164
2026/02/04/23:30:19,apply-time,rs-000705-c5fpq,24d9f5b2-9d5b-4a1f-bc89-c17fb19b643a,1,646.567164
2026/02/04/23:30:19,running-time,rs-000705-c5fpq,24d9f5b2-9d5b-4a1f-bc89-c17fb19b643a,1,646.567164
2026/02/04/23:30:19,apply-time,rs-000705-ct9x7,13abed07-38fb-418c-b093-010e81a7d348,1,646.567164
2026/02/04/23:30:19,running-time,rs-000705-ct9x7,13abed07-38fb-418c-b093-010e81a7d348,1,646.567164
2026/02/04/23:30:20,apply-time,rs-000706-45vt4,3161c87c-4d66-48b0-a309-57fe5d6f79d9,1,647.567164
2026/02/04/23:30:20,running-time,rs-000706-45vt4,3161c87c-4d66-48b0-a309-57fe5d6f79d9,1,647.567164
2026/02/04/23:30:20,apply-time,rs-000706-gvqbh,efc89c65-5af4-428b-8c3a-3f0ba4f31ba2,1,647.567164
2026/02/04/23:30:20,running-time,rs-000706-gvqbh,efc89c65-5af4-428b-8c3a-3f0ba4f31ba2,1,647.567164
2026/02/04/23:30:20,apply-time,rs-000706-rz5t2,9fe38137-7835-4034-b2a4-ad700230d59c,1,647.567164
2026/02/04/23:30:20,apply-time,rs-000707-5lqjr,300fd1de-e8d5-4f4c-a386-bb5bce2c95d2,1,647.567164
2026/02/04/23:30:20,running-time,rs-000707-5lqjr,300fd1de-e8d5-4f4c-a386-bb5bce2c95d2,1,647.567164
2026/02/04/23:30:20,apply-time,rs-000707-wl4qw,9d7c8748-b600-4eae-94a9-6b2faf5edeaf,1,647.567164
2026/02/04/23:30:20,running-time,rs-000707-wl4qw,9d7c8748-b600-4eae-94a9-6b2faf5edeaf,1,647.567164
2026/02/04/23:30:22,running-time,rs-000706-rz5t2,9fe38137-7835-4034-b2a4-ad700230d59c,1,648.567164
2026/02/04/23:30:32,apply-time,rs-000708-k6d8v,e9b3e733-2ac2-49a0-a633-25f9cdf30adf,1,658.567164
2026/02/04/23:30:32,running-time,rs-000708-k6d8v,e9b3e733-2ac2-49a0-a633-25f9cdf30adf,1,658.567164
2026/02/04/23:30:32,apply-time,rs-000708-wn5v9,69e0adf1-044c-4b52-8091-69bd6f94b336,1,658.567164
2026/02/04/23:30:32,running-time,rs-000708-wn5v9,69e0adf1-044c-4b52-8091-69bd6f94b336,1,659.567164
2026/02/04/23:30:32,apply-time,rs-000709-m5m8j,859318ee-420b-4aac-9b7e-9f5b0e8dc768,1,659.567164
2026/02/04/23:30:32,running-time,rs-000709-m5m8j,859318ee-420b-4aac-9b7e-9f5b0e8dc768,1,659.567164
2026/02/04/23:30:32,apply-time,rs-000710-2tp7s,2de30c55-5b6c-4a1c-b54c-b3dcb2db848a,1,659.567164
2026/02/04/23:30:32,running-time,rs-000710-2tp7s,2de30c55-5b6c-4a1c-b54c-b3dcb2db848a,1,659.567164
2026/02/04/23:30:32,apply-time,rs-000710-f44h5,7cfc73e2-bd90-47da-94fd-d1f5136a514e,1,659.567164
2026/02/04/23:30:32,running-time,rs-000710-f44h5,7cfc73e2-bd90-47da-94fd-d1f5136a514e,1,659.567164
2026/02/04/23:30:32,apply-time,rs-000711-l7fjj,c0c568bb-b4cc-49e1-8edb-58887bb70b79,1,659.567164
2026/02/04/23:30:32,running-time,rs-000711-l7fjj,c0c568bb-b4cc-49e1-8edb-58887bb70b79,1,659.567164
2026/02/04/23:30:32,apply-time,rs-000711-nlw9x,ea2a45b7-8fda-480f-8553-582896894273,1,659.567164
2026/02/04/23:30:32,running-time,rs-000711-nlw9x,ea2a45b7-8fda-480f-8553-582896894273,1,659.567164
2026/02/04/23:30:32,apply-time,rs-000712-7pxxr,ab22db88-0371-4226-a1aa-99c5126a5148,1,659.567164
2026/02/04/23:30:32,running-time,rs-000712-7pxxr,ab22db88-0371-4226-a1aa-99c5126a5148,1,659.567164
2026/02/04/23:30:32,apply-time,rs-000712-mwzn7,30b3005f-59fd-4ad9-aa63-8f28c4b3693c,1,659.567164
2026/02/04/23:30:32,running-time,rs-000712-mwzn7,30b3005f-59fd-4ad9-aa63-8f28c4b3693c,1,659.567164
2026/02/04/23:30:32,apply-time,rs-000712-qll4h,7fb8f1d1-cdbf-48a3-b04c-77b40770c004,1,659.567164
2026/02/04/23:30:32,running-time,rs-000712-qll4h,7fb8f1d1-cdbf-48a3-b04c-77b40770c004,1,659.567164
2026/02/04/23:30:32,apply-time,rs-000713-kc65x,f05b5321-c6ed-4da4-bcbb-6c091ad8f733,1,659.567164
2026/02/04/23:30:32,running-time,rs-000713-kc65x,f05b5321-c6ed-4da4-bcbb-6c091ad8f733,1,659.567164
2026/02/04/23:30:32,apply-time,rs-000714-hz46b,1562f413-df23-4beb-bc1a-bc9b41c887ca,1,659.567164
2026/02/04/23:30:32,running-time,rs-000714-hz46b,1562f413-df23-4beb-bc1a-bc9b41c887ca,1,659.567164
2026/02/04/23:30:33,apply-time,rs-000715-ttkfk,ce17d8b8-b6b3-4c21-8c01-d95857c61e9d,1,660.567164
2026/02/04/23:30:33,running-time,rs-000715-ttkfk,ce17d8b8-b6b3-4c21-8c01-d95857c61e9d,1,660.567164
2026/02/04/23:30:33,apply-time,rs-000716-57d9b,1e17a237-525e-4b2d-865f-c3c938931704,1,660.567164
2026/02/04/23:30:33,running-time,rs-000716-57d9b,1e17a237-525e-4b2d-865f-c3c938931704,1,660.567164
2026/02/04/23:30:33,apply-time,rs-000716-vqkkj,13c1b496-e710-4be4-9cdb-4b2ddd57b541,1,660.567164
2026/02/04/23:30:33,running-time,rs-000716-vqkkj,13c1b496-e710-4be4-9cdb-4b2ddd57b541,1,660.567164
2026/02/04/23:30:33,apply-time,rs-000717-7nql5,49bd8d78-67d0-437d-85fa-fbaea24b00c3,1,660.567164
2026/02/04/23:30:33,apply-time,rs-000717-fqbz8,a5c4b848-61a9-42ea-a110-0f7f59df466d,1,660.567164
2026/02/04/23:30:33,apply-time,rs-000718-2ds2p,2bd5e77a-7162-41b3-9412-43ec562dd3ee,1,660.567164
2026/02/04/23:30:33,running-time,rs-000718-2ds2p,2bd5e77a-7162-41b3-9412-43ec562dd3ee,1,660.567164
2026/02/04/23:30:33,apply-time,rs-000719-n8h4l,427b8c45-ed78-4b80-aca6-923b8270ac23,1,660.567164
2026/02/04/23:30:33,running-time,rs-000719-n8h4l,427b8c45-ed78-4b80-aca6-923b8270ac23,1,660.567164
2026/02/04/23:30:33,apply-time,rs-000720-qwxrh,9a20c6fc-f44f-4e3a-823c-09dc0acbc940,1,660.567164
2026/02/04/23:30:33,running-time,rs-000720-qwxrh,9a20c6fc-f44f-4e3a-823c-09dc0acbc940,1,660.567164
2026/02/04/23:30:34,running-time,rs-000717-7nql5,49bd8d78-67d0-437d-85fa-fbaea24b00c3,1,660.567164
2026/02/04/23:30:34,apply-time,rs-000720-g285x,5fba16ea-9b5f-4f57-ad58-a79e223a3f64,1,661.567164
2026/02/04/23:30:34,running-time,rs-000720-g285x,5fba16ea-9b5f-4f57-ad58-a79e223a3f64,1,661.567164
2026/02/04/23:30:35,running-time,rs-000717-fqbz8,a5c4b848-61a9-42ea-a110-0f7f59df466d,1,662.567164
2026/02/04/23:30:46,apply-time,rs-000721-rxknx,4762eeb4-df70-41cf-9da5-da4b8742c675,1,673.567164
2026/02/04/23:30:46,running-time,rs-000721-rxknx,4762eeb4-df70-41cf-9da5-da4b8742c675,1,673.567164
2026/02/04/23:30:46,apply-time,rs-000721-sbvnd,af7d5fe4-6fdc-4a60-a73e-7f0bad9a42d7,1,673.567164
2026/02/04/23:30:46,running-time,rs-000721-sbvnd,af7d5fe4-6fdc-4a60-a73e-7f0bad9a42d7,1,673.567164
2026/02/04/23:30:46,apply-time,rs-000722-7zllr,e3d5b5ae-53e3-4ddb-8695-8844f7b5493c,1,673.567164
2026/02/04/23:30:46,running-time,rs-000722-7zllr,e3d5b5ae-53e3-4ddb-8695-8844f7b5493c,1,673.567164
2026/02/04/23:30:46,apply-time,rs-000722-pqhw5,bac66c58-cc4b-43d4-9c62-ed09a1a11d53,1,673.567164
2026/02/04/23:30:46,running-time,rs-000722-pqhw5,bac66c58-cc4b-43d4-9c62-ed09a1a11d53,1,673.567164
2026/02/04/23:30:46,apply-time,rs-000723-j9djz,e41b7213-dcd0-4557-9277-4204fed6c9f8,1,673.567164
2026/02/04/23:30:46,running-time,rs-000723-j9djz,e41b7213-dcd0-4557-9277-4204fed6c9f8,1,673.567164
2026/02/04/23:30:46,apply-time,rs-000723-wvw2h,52880d16-c217-40f1-9fea-483708eec629,1,673.567164
2026/02/04/23:30:46,running-time,rs-000723-wvw2h,52880d16-c217-40f1-9fea-483708eec629,1,673.567164
2026/02/04/23:30:46,apply-time,rs-000724-jv2mw,d8082030-fef6-4e03-8539-c27d535e59ce,1,673.567164
2026/02/04/23:30:46,running-time,rs-000724-jv2mw,d8082030-fef6-4e03-8539-c27d535e59ce,1,673.567164
2026/02/04/23:30:46,apply-time,rs-000724-kjxk9,6c26eb7a-ef84-4c6b-9f4c-d5dc93fdc741,1,673.567164
2026/02/04/23:30:46,running-time,rs-000724-kjxk9,6c26eb7a-ef84-4c6b-9f4c-d5dc93fdc741,1,673.567164
2026/02/04/23:30:46,apply-time,rs-000725-klfpl,487f1487-0398-4f35-8a13-108325531c99,1,673.567164
2026/02/04/23:30:46,running-time,rs-000725-klfpl,487f1487-0398-4f35-8a13-108325531c99,1,673.567164
2026/02/04/23:30:47,apply-time,rs-000726-gqzls,15f0b6e5-45a4-400c-8cb2-50256b03c45c,1,673.567164
2026/02/04/23:30:47,running-time,rs-000726-gqzls,15f0b6e5-45a4-400c-8cb2-50256b03c45c,1,673.567164
2026/02/04/23:30:47,apply-time,rs-000727-876wl,b834ebb6-0cff-4a22-bace-0f625ecc00af,1,674.567164
2026/02/04/23:30:47,apply-time,rs-000727-8n887,7061ba2f-2f7e-4024-b8d6-2af5ab1928fa,1,674.567164
2026/02/04/23:30:47,running-time,rs-000727-8n887,7061ba2f-2f7e-4024-b8d6-2af5ab1928fa,1,674.567164
2026/02/04/23:30:47,apply-time,rs-000728-l7pwh,7bf91be1-4e5d-4997-9429-03748db72930,1,674.567164
2026/02/04/23:30:47,apply-time,rs-000728-vdgw6,d1cbe47b-2c08-4861-b55b-3115426abe0c,1,674.567164
2026/02/04/23:30:47,apply-time,rs-000729-xqflx,4ecf88d9-8f71-4907-bad0-027b06928ad1,1,674.567164
2026/02/04/23:30:47,running-time,rs-000729-xqflx,4ecf88d9-8f71-4907-bad0-027b06928ad1,1,674.567164
2026/02/04/23:30:47,apply-time,rs-000730-mhbln,138af677-7d8e-493a-a2cb-c469a230910b,1,674.567164
2026/02/04/23:30:47,apply-time,rs-000730-nnwvl,8f274f40-df17-4100-bcc3-6d6f838e84fc,1,674.567164
2026/02/04/23:30:47,running-time,rs-000730-nnwvl,8f274f40-df17-4100-bcc3-6d6f838e84fc,1,674.567164
2026/02/04/23:30:47,apply-time,rs-000730-tdf5l,51eed3f7-cd63-47c7-81f7-8e8c03a67233,1,674.567164
2026/02/04/23:30:47,running-time,rs-000730-tdf5l,51eed3f7-cd63-47c7-81f7-8e8c03a67233,1,674.567164
2026/02/04/23:30:48,apply-time,rs-000731-thcbf,6b2b3003-b2ce-4232-81d8-ee686c7c65fc,1,675.567164
2026/02/04/23:30:48,apply-time,rs-000732-hg645,7481b807-656d-4618-8a68-142f389908fe,1,675.567164
2026/02/04/23:30:48,running-time,rs-000732-hg645,7481b807-656d-4618-8a68-142f389908fe,1,675.567164
2026/02/04/23:30:48,apply-time,rs-000732-kzzt6,fb6182c2-f0e9-427d-839f-a96cb3714ec9,1,675.567164
2026/02/04/23:30:48,running-time,rs-000732-kzzt6,fb6182c2-f0e9-427d-839f-a96cb3714ec9,1,675.567164
2026/02/04/23:30:48,apply-time,rs-000732-qvlsx,4cdfa5ff-f6aa-4708-ab96-3bb9713394dc,1,675.567164
2026/02/04/23:30:48,running-time,rs-000732-qvlsx,4cdfa5ff-f6aa-4708-ab96-3bb9713394dc,1,675.567164
2026/02/04/23:30:48,apply-time,rs-000733-6bs45,67bd9e7f-83ee-4b5d-98dc-a7086ebdf626,1,675.567164
2026/02/04/23:30:48,running-time,rs-000733-6bs45,67bd9e7f-83ee-4b5d-98dc-a7086ebdf626,1,675.567164
2026/02/04/23:30:48,apply-time,rs-000734-x7kf4,f60cfa26-663f-4dd6-a1bc-b1401e9dca94,1,675.567164
2026/02/04/23:30:48,running-time,rs-000734-x7kf4,f60cfa26-663f-4dd6-a1bc-b1401e9dca94,1,675.567164
2026/02/04/23:30:49,running-time,rs-000728-l7pwh,7bf91be1-4e5d-4997-9429-03748db72930,1,676.567164
2026/02/04/23:30:49,running-time,rs-000730-mhbln,138af677-7d8e-493a-a2cb-c469a230910b,1,676.567164
2026/02/04/23:30:49,running-time,rs-000731-thcbf,6b2b3003-b2ce-4232-81d8-ee686c7c65fc,1,676.567164
2026/02/04/23:30:50,apply-time,rs-000735-nwsrj,5e12389c-185a-4dbd-a3eb-a4a7611ea840,1,677.567164
2026/02/04/23:30:50,running-time,rs-000735-nwsrj,5e12389c-185a-4dbd-a3eb-a4a7611ea840,1,677.567164
2026/02/04/23:30:50,apply-time,rs-000735-wjpfm,179c0a98-be3d-424f-89bc-21efc9e2be0c,1,677.567164
2026/02/04/23:30:50,running-time,rs-000735-wjpfm,179c0a98-be3d-424f-89bc-21efc9e2be0c,1,677.567164
2026/02/04/23:30:50,apply-time,rs-000736-wl5vj,ccfef8a2-8cca-495b-bef4-29cf460d9274,1,677.567164
2026/02/04/23:30:50,running-time,rs-000736-wl5vj,ccfef8a2-8cca-495b-bef4-29cf460d9274,1,677.567164
2026/02/04/23:30:50,apply-time,rs-000737-wwbfg,b5f45de6-6822-4f1e-8c03-6b380b5d7340,1,677.567164
2026/02/04/23:30:50,running-time,rs-000737-wwbfg,b5f45de6-6822-4f1e-8c03-6b380b5d7340,1,677.567164
2026/02/04/23:30:50,apply-time,rs-000738-gf8bz,ddf061a8-8a3d-47b6-b92b-74fe41b07648,1,677.567164
2026/02/04/23:30:50,running-time,rs-000738-gf8bz,ddf061a8-8a3d-47b6-b92b-74fe41b07648,1,677.567164
2026/02/04/23:30:50,apply-time,rs-000739-xmh6k,c458cc9a-f64a-4d3a-bed7-35ea433a90a8,1,677.567164
2026/02/04/23:30:50,running-time,rs-000739-xmh6k,c458cc9a-f64a-4d3a-bed7-35ea433a90a8,1,677.567164
2026/02/04/23:30:50,apply-time,rs-000740-kc7gj,7bc664f4-bc98-419c-b6bd-ef179e4b63f5,1,677.567164
2026/02/04/23:30:50,running-time,rs-000740-kc7gj,7bc664f4-bc98-419c-b6bd-ef179e4b63f5,1,677.567164
2026/02/04/23:30:50,apply-time,rs-000740-njl7j,f16e9133-a564-4842-919a-bed60f6c1984,1,677.567164
2026/02/04/23:30:50,apply-time,rs-000740-tpxlc,d91fa31c-bfbc-45f3-96ec-29758d9a5da3,1,677.567164
2026/02/04/23:30:51,apply-time,rs-000738-zhvrh,9d323eb6-9f39-4750-a903-1dc9c240a9eb,1,677.567164
2026/02/04/23:30:51,running-time,rs-000738-zhvrh,9d323eb6-9f39-4750-a903-1dc9c240a9eb,1,677.567164
2026/02/04/23:30:52,running-time,rs-000740-njl7j,f16e9133-a564-4842-919a-bed60f6c1984,1,679.567164
2026/02/04/23:30:52,running-time,rs-000740-tpxlc,d91fa31c-bfbc-45f3-96ec-29758d9a5da3,1,679.567164
2026/02/04/23:31:02,apply-time,rs-000741-sjd2v,905eb3d9-b66b-4930-8554-6ccd19ee3966,1,688.567164
2026/02/04/23:31:02,apply-time,rs-000741-wh8pm,7e34346f-5812-4168-ade8-9db011abcbb1,1,688.567164
2026/02/04/23:31:02,running-time,rs-000741-wh8pm,7e34346f-5812-4168-ade8-9db011abcbb1,1,689.567164
2026/02/04/23:31:02,apply-time,rs-000742-q4mrk,a77aa787-e5ed-4cab-aa74-6886e10205f7,1,689.567164
2026/02/04/23:31:07,apply-time,rs-000488-48mng,97ae4945-1402-4020-8ed6-0ef2c825d882,1,694.567164
2026/02/04/23:31:07,running-time,rs-000488-48mng,97ae4945-1402-4020-8ed6-0ef2c825d882,1,694.567164
2026/02/04/23:31:07,running-time,rs-000741-sjd2v,905eb3d9-b66b-4930-8554-6ccd19ee3966,1,694.567164
2026/02/04/23:31:13,apply-time,rs-000743-8xrs2,43faa3b7-dc8b-482c-abc4-53d40a66be50,1,700.567164
2026/02/04/23:31:13,running-time,rs-000743-8xrs2,43faa3b7-dc8b-482c-abc4-53d40a66be50,1,700.567164
2026/02/04/23:31:13,apply-time,rs-000743-wdrlx,c7951ea9-d829-411e-9884-2801aa568c4c,1,700.567164
2026/02/04/23:31:13,running-time,rs-000743-wdrlx,c7951ea9-d829-411e-9884-2801aa568c4c,1,700.567164
2026/02/04/23:31:13,apply-time,rs-000744-7hqkz,573294d1-bcb3-45d9-aecc-980cd612ab32,1,700.567164
2026/02/04/23:31:13,running-time,rs-000744-7hqkz,573294d1-bcb3-45d9-aecc-980cd612ab32,1,700.567164
2026/02/04/23:31:13,apply-time,rs-000744-b9jhh,ae5f46bc-f509-4785-bd2a-5f3977edde14,1,700.567164
2026/02/04/23:31:13,running-time,rs-000744-b9jhh,ae5f46bc-f509-4785-bd2a-5f3977edde14,1,700.567164
2026/02/04/23:31:13,apply-time,rs-000744-zkbbc,7646a043-c98b-49e1-8195-95d0984992eb,1,700.567164
2026/02/04/23:31:13,running-time,rs-000744-zkbbc,7646a043-c98b-49e1-8195-95d0984992eb,1,700.567164
2026/02/04/23:31:15,apply-time,rs-000745-gzks8,73fafaa3-cff9-4c75-ba4d-3bea83593fc5,1,702.567164
2026/02/04/23:31:15,running-time,rs-000745-gzks8,73fafaa3-cff9-4c75-ba4d-3bea83593fc5,1,702.567164
2026/02/04/23:31:15,apply-time,rs-000746-92v7s,eddb3410-d549-481a-ba49-abd9ac07a8ce,1,702.567164
2026/02/04/23:31:15,running-time,rs-000746-92v7s,eddb3410-d549-481a-ba49-abd9ac07a8ce,1,702.567164
2026/02/04/23:31:15,apply-time,rs-000746-d49g9,94de0253-f218-4cf3-8b9a-1d6c74db24c3,1,702.567164
2026/02/04/23:31:15,running-time,rs-000746-d49g9,94de0253-f218-4cf3-8b9a-1d6c74db24c3,1,702.567164
2026/02/04/23:31:15,apply-time,rs-000746-g2xgz,7c482226-524a-4c45-a13b-21f132d46ab9,1,702.567164
2026/02/04/23:31:15,running-time,rs-000746-g2xgz,7c482226-524a-4c45-a13b-21f132d46ab9,1,702.567164
2026/02/04/23:31:15,apply-time,rs-000747-7p75v,b95146c0-11f9-485c-8168-25f37918366a,1,702.567164
2026/02/04/23:31:15,running-time,rs-000747-7p75v,b95146c0-11f9-485c-8168-25f37918366a,1,702.567164
2026/02/04/23:31:15,apply-time,rs-000748-vl5kr,9b33dc6e-60ec-428a-a451-b107a325a45b,1,702.567164
2026/02/04/23:31:15,running-time,rs-000748-vl5kr,9b33dc6e-60ec-428a-a451-b107a325a45b,1,702.567164
2026/02/04/23:31:15,apply-time,rs-000749-kxj42,20cfbd8d-eff3-42ad-94bf-ca07f5fbf260,1,702.567164
2026/02/04/23:31:15,running-time,rs-000749-kxj42,20cfbd8d-eff3-42ad-94bf-ca07f5fbf260,1,702.567164
2026/02/04/23:31:15,apply-time,rs-000750-5sbnp,b0fe5d5e-58ab-4884-956e-8b5cb0eb4119,1,702.567164
2026/02/04/23:31:15,running-time,rs-000750-5sbnp,b0fe5d5e-58ab-4884-956e-8b5cb0eb4119,1,702.567164
2026/02/04/23:31:15,apply-time,rs-000750-7drpr,9c3bca7b-fd3c-4d19-92f5-4fe5ad9c08aa,1,702.567164
2026/02/04/23:31:15,running-time,rs-000750-7drpr,9c3bca7b-fd3c-4d19-92f5-4fe5ad9c08aa,1,702.567164
2026/02/04/23:31:15,apply-time,rs-000750-swkwh,f01219fe-4ed2-4f65-933a-e76875fd69eb,1,702.567164
2026/02/04/23:31:15,running-time,rs-000750-swkwh,f01219fe-4ed2-4f65-933a-e76875fd69eb,1,702.567164
2026/02/04/23:31:16,apply-time,rs-000751-9skgk,e1b77840-33b6-4771-9fe6-564e2a2b3f17,1,703.567164
2026/02/04/23:31:16,running-time,rs-000751-9skgk,e1b77840-33b6-4771-9fe6-564e2a2b3f17,1,703.567164
2026/02/04/23:31:16,apply-time,rs-000751-grcz7,650d30e3-a0b9-4688-8b11-1ac913dba5b6,1,703.567164
2026/02/04/23:31:16,running-time,rs-000751-grcz7,650d30e3-a0b9-4688-8b11-1ac913dba5b6,1,703.567164
2026/02/04/23:31:17,apply-time,rs-000752-2p5ng,37117a80-fff3-4c76-8a50-c78bec9d54f0,1,704.567164
2026/02/04/23:31:17,apply-time,rs-000752-kq9pw,1667d50a-c1f4-4408-9777-2283ba515957,1,704.567164
2026/02/04/23:31:17,apply-time,rs-000753-kmk2q,b958e406-c4cb-4bd0-8c51-e747d93bec42,1,704.567164
2026/02/04/23:31:17,running-time,rs-000753-kmk2q,b958e406-c4cb-4bd0-8c51-e747d93bec42,1,704.567164
2026/02/04/23:31:17,apply-time,rs-000754-95x9j,275ab8e3-0f00-4da2-8048-42efad88b2c5,1,704.567164
2026/02/04/23:31:17,running-time,rs-000754-95x9j,275ab8e3-0f00-4da2-8048-42efad88b2c5,1,704.567164
2026/02/04/23:31:17,apply-time,rs-000755-l46hr,ba49b3bd-f451-4d7b-b414-d0ec526ecf99,1,704.567164
2026/02/04/23:31:17,running-time,rs-000755-l46hr,ba49b3bd-f451-4d7b-b414-d0ec526ecf99,1,704.567164
2026/02/04/23:31:17,apply-time,rs-000756-v5fvc,9d0651cf-6235-413e-b740-ee0dfb7b8607,1,704.567164
2026/02/04/23:31:17,running-time,rs-000756-v5fvc,9d0651cf-6235-413e-b740-ee0dfb7b8607,1,704.567164
2026/02/04/23:31:17,apply-time,rs-000757-9rlg2,e9444c7d-6f60-4863-a099-d2b7d3a9bc7f,1,704.567164
2026/02/04/23:31:17,apply-time,rs-000757-kmzqs,094cb44c-8e11-480a-9998-051575abb8bc,1,704.567164
2026/02/04/23:31:17,apply-time,rs-000758-l889c,8d2f9025-155c-4ba5-a32c-3a17c1c48ce3,1,704.567164
2026/02/04/23:31:18,running-time,rs-000757-9rlg2,e9444c7d-6f60-4863-a099-d2b7d3a9bc7f,1,705.567164
2026/02/04/23:31:18,running-time,rs-000758-l889c,8d2f9025-155c-4ba5-a32c-3a17c1c48ce3,1,704.567164
2026/02/04/23:31:18,apply-time,rs-000759-2fsb4,c5d7a9d3-7a3b-4440-9daa-f5e44615b613,1,705.567164
2026/02/04/23:31:18,running-time,rs-000759-2fsb4,c5d7a9d3-7a3b-4440-9daa-f5e44615b613,1,705.567164
2026/02/04/23:31:18,apply-time,rs-000759-cc6p5,88eecb9e-c8e4-4a8b-b925-6c1ea2de6a98,1,704.567164
2026/02/04/23:31:18,running-time,rs-000759-cc6p5,88eecb9e-c8e4-4a8b-b925-6c1ea2de6a98,1,704.567164
2026/02/04/23:31:18,apply-time,rs-000760-8g5cx,29fe5b42-4b0e-4c8f-8638-1332aa876642,1,705.567164
2026/02/04/23:31:18,apply-time,rs-000760-cgzrj,8f759ece-e67a-462e-bbf3-03a7c239f13c,1,705.567164
2026/02/04/23:31:18,apply-time,rs-000761-9mm6w,1ed43c9f-90c2-4f3b-a305-058ad459d7e9,1,705.567164
2026/02/04/23:31:18,running-time,rs-000761-9mm6w,1ed43c9f-90c2-4f3b-a305-058ad459d7e9,1,705.567164
2026/02/04/23:31:18,apply-time,rs-000761-gsjl5,a8f1aed0-b4fa-46be-855d-8e233d4ca30d,1,705.567164
2026/02/04/23:31:18,running-time,rs-000761-gsjl5,a8f1aed0-b4fa-46be-855d-8e233d4ca30d,1,705.567164
2026/02/04/23:31:19,running-time,rs-000757-kmzqs,094cb44c-8e11-480a-9998-051575abb8bc,1,706.567164
2026/02/04/23:31:20,running-time,rs-000760-8g5cx,29fe5b42-4b0e-4c8f-8638-1332aa876642,1,707.567164
2026/02/04/23:31:20,running-time,rs-000760-cgzrj,8f759ece-e67a-462e-bbf3-03a7c239f13c,1,707.567164
2026/02/04/23:31:23,apply-time,rs-000762-kg2mc,ece38e0c-26e7-4b2f-8553-fc3c788231aa,1,710.567164
2026/02/04/23:31:23,running-time,rs-000762-kg2mc,ece38e0c-26e7-4b2f-8553-fc3c788231aa,1,710.567164
2026/02/04/23:31:23,apply-time,rs-000762-q9ghv,85fb0198-08e6-46d4-968f-7d0baf9fc5ac,1,710.567164
2026/02/04/23:31:23,running-time,rs-000762-q9ghv,85fb0198-08e6-46d4-968f-7d0baf9fc5ac,1,710.567164
2026/02/04/23:31:23,apply-time,rs-000762-rtjh5,23031b44-bc20-4d5f-8125-4bc906f0580a,1,710.567164
2026/02/04/23:31:23,running-time,rs-000762-rtjh5,23031b44-bc20-4d5f-8125-4bc906f0580a,1,710.567164
2026/02/04/23:31:23,apply-time,rs-000763-whptr,1d03fb3f-09b5-49f8-9ed5-4ab5a4e5375a,1,710.567164
2026/02/04/23:31:23,running-time,rs-000763-whptr,1d03fb3f-09b5-49f8-9ed5-4ab5a4e5375a,1,710.567164
2026/02/04/23:31:26,apply-time,rs-000764-hfch5,422e34d9-7f4f-49cc-8540-027235e32fdd,1,713.567164
2026/02/04/23:31:26,running-time,rs-000764-hfch5,422e34d9-7f4f-49cc-8540-027235e32fdd,1,713.567164
2026/02/04/23:31:26,apply-time,rs-000765-26nwz,40657543-206d-41ab-a639-6b7abec8dc18,1,713.567164
2026/02/04/23:31:26,running-time,rs-000765-26nwz,40657543-206d-41ab-a639-6b7abec8dc18,1,713.567164
2026/02/04/23:31:26,apply-time,rs-000765-lzrr5,4e63fa66-fe4e-4a0d-ade1-877e6197801d,1,713.567164
2026/02/04/23:31:26,apply-time,rs-000766-44jq8,a431fcb8-9a3c-4851-ac38-86e589f903a3,1,713.567164
2026/02/04/23:31:26,running-time,rs-000766-44jq8,a431fcb8-9a3c-4851-ac38-86e589f903a3,1,713.567164
2026/02/04/23:31:26,apply-time,rs-000766-nz4vc,6e9363ad-1bad-4cd3-9761-cd199b05b14c,1,713.567164
2026/02/04/23:31:26,running-time,rs-000766-nz4vc,6e9363ad-1bad-4cd3-9761-cd199b05b14c,1,713.567164
2026/02/04/23:31:26,apply-time,rs-000766-z2gj6,06d733e5-1a71-4aff-82ff-f461566d5e38,1,713.567164
2026/02/04/23:31:26,running-time,rs-000766-z2gj6,06d733e5-1a71-4aff-82ff-f461566d5e38,1,713.567164
2026/02/04/23:31:26,apply-time,rs-000767-nf4ck,1f550212-11f2-42f5-b572-94390fe52fdf,1,713.567164
2026/02/04/23:31:26,running-time,rs-000767-nf4ck,1f550212-11f2-42f5-b572-94390fe52fdf,1,713.567164
2026/02/04/23:31:26,apply-time,rs-000767-z9cp8,8291a6e7-0b98-44a0-9e0b-daf75c20b6b0,1,713.567164
2026/02/04/23:31:26,running-time,rs-000767-z9cp8,8291a6e7-0b98-44a0-9e0b-daf75c20b6b0,1,713.567164
2026/02/04/23:31:26,apply-time,rs-000768-kdwh5,adc0b5b1-54b5-4415-ac2f-24fe1c7436fe,1,713.567164
2026/02/04/23:31:26,running-time,rs-000768-kdwh5,adc0b5b1-54b5-4415-ac2f-24fe1c7436fe,1,713.567164
2026/02/04/23:31:26,apply-time,rs-000768-n4mxk,28445169-8faf-456c-b66c-6ff86d30cbe6,1,713.567164
2026/02/04/23:31:26,running-time,rs-000768-n4mxk,28445169-8faf-456c-b66c-6ff86d30cbe6,1,713.567164
2026/02/04/23:31:26,apply-time,rs-000768-x4sr6,14ca5689-4849-4c04-8422-46cf77f9776d,1,713.567164
2026/02/04/23:31:26,running-time,rs-000768-x4sr6,14ca5689-4849-4c04-8422-46cf77f9776d,1,713.567164
2026/02/04/23:31:26,apply-time,rs-000769-4dx4k,ce0ad0ac-601a-4957-b489-d578a26c667c,1,713.567164
2026/02/04/23:31:26,running-time,rs-000769-4dx4k,ce0ad0ac-601a-4957-b489-d578a26c667c,1,713.567164
2026/02/04/23:31:26,apply-time,rs-000769-ptwwt,f698c1b0-12fa-4795-ac56-3a291f0a9d08,1,713.567164
2026/02/04/23:31:26,running-time,rs-000769-ptwwt,f698c1b0-12fa-4795-ac56-3a291f0a9d08,1,713.567164
2026/02/04/23:31:26,apply-time,rs-000770-kspq6,9fd72fa0-8ebd-47ab-b3cf-e97278ccaea5,1,713.567164
2026/02/04/23:31:26,running-time,rs-000770-kspq6,9fd72fa0-8ebd-47ab-b3cf-e97278ccaea5,1,713.567164
2026/02/04/23:31:26,apply-time,rs-000771-qmmth,00f89d92-9c3e-4678-aa26-7e4bef77a541,1,713.567164
2026/02/04/23:31:26,apply-time,rs-000772-m52rc,1c694ac2-4323-41bd-8654-19b5beb23bb6,1,713.567164
2026/02/04/23:31:26,running-time,rs-000772-m52rc,1c694ac2-4323-41bd-8654-19b5beb23bb6,1,713.567164
2026/02/04/23:31:27,apply-time,rs-000773-7plmh,28e5dbe3-f698-4308-aa5f-11bd61f1ece1,1,713.567164
2026/02/04/23:31:27,running-time,rs-000773-7plmh,28e5dbe3-f698-4308-aa5f-11bd61f1ece1,1,713.567164
2026/02/04/23:31:27,apply-time,rs-000774-dgcpn,5e1bd638-74d8-46bf-b427-953ac666d63e,1,714.567164
2026/02/04/23:31:27,apply-time,rs-000775-vftfh,1c4fc540-1933-4d81-889c-a73a93778732,1,714.567164
2026/02/04/23:31:27,apply-time,rs-000776-q4pm5,62705331-646a-4385-9f56-72fab9380be0,1,714.567164
2026/02/04/23:31:27,apply-time,rs-000776-zh88k,70f8eb50-90f6-4d4e-8489-29d2362467e8,1,714.567164
2026/02/04/23:31:28,running-time,rs-000771-qmmth,00f89d92-9c3e-4678-aa26-7e4bef77a541,1,715.567164
2026/02/04/23:31:28,running-time,rs-000776-q4pm5,62705331-646a-4385-9f56-72fab9380be0,1,715.567164
2026/02/04/23:31:28,running-time,rs-000776-zh88k,70f8eb50-90f6-4d4e-8489-29d2362467e8,1,715.567164
2026/02/04/23:31:38,apply-time,rs-000777-pxgxl,2c530289-24c7-471a-87ed-88938479d9df,1,725.567164
2026/02/04/23:31:38,running-time,rs-000777-pxgxl,2c530289-24c7-471a-87ed-88938479d9df,1,725.567164
2026/02/04/23:31:38,apply-time,rs-000778-zvjsr,39adf441-7104-43cc-b078-f3b84b5ee172,1,725.567164
2026/02/04/23:31:38,running-time,rs-000778-zvjsr,39adf441-7104-43cc-b078-f3b84b5ee172,1,725.567164
2026/02/04/23:31:38,apply-time,rs-000779-lqd8v,8968f688-fc9e-4be4-8e55-bbd2cacd92f5,1,725.567164
2026/02/04/23:31:38,running-time,rs-000779-lqd8v,8968f688-fc9e-4be4-8e55-bbd2cacd92f5,1,725.567164
2026/02/04/23:31:38,apply-time,rs-000780-2drdr,371fb6e0-68f3-41a0-9a3f-81bd42e6c8c4,1,725.567164
2026/02/04/23:31:38,running-time,rs-000780-2drdr,371fb6e0-68f3-41a0-9a3f-81bd42e6c8c4,1,725.567164
2026/02/04/23:31:38,apply-time,rs-000781-cw9rl,07095edc-16f8-4846-965d-195f214bf0ff,1,725.567164
2026/02/04/23:31:38,running-time,rs-000781-cw9rl,07095edc-16f8-4846-965d-195f214bf0ff,1,725.567164
2026/02/04/23:31:38,apply-time,rs-000782-4lc7p,06b7032c-4f65-49c0-97bf-29fcf77d3370,1,725.567164
2026/02/04/23:31:38,running-time,rs-000782-4lc7p,06b7032c-4f65-49c0-97bf-29fcf77d3370,1,725.567164
2026/02/04/23:31:38,apply-time,rs-000782-gmq8t,ec5344b6-4941-4807-92c9-8f1f10a35853,1,725.567164
2026/02/04/23:31:38,running-time,rs-000782-gmq8t,ec5344b6-4941-4807-92c9-8f1f10a35853,1,725.567164
2026/02/04/23:31:38,apply-time,rs-000783-l8pwn,927d547e-5fc0-4304-8f83-ce9143aa286e,1,725.567164
2026/02/04/23:31:38,running-time,rs-000783-l8pwn,927d547e-5fc0-4304-8f83-ce9143aa286e,1,725.567164
2026/02/04/23:31:40,apply-time,rs-000784-bkhf9,9f469fc1-f2d7-45eb-a83c-0d6e930af39f,1,726.567164
2026/02/04/23:31:40,running-time,rs-000784-bkhf9,9f469fc1-f2d7-45eb-a83c-0d6e930af39f,1,727.567164
2026/02/04/23:31:40,apply-time,rs-000784-k552g,05895ef7-e71a-4958-8c7b-32801e200877,1,727.567164
2026/02/04/23:31:40,running-time,rs-000784-k552g,05895ef7-e71a-4958-8c7b-32801e200877,1,727.567164
2026/02/04/23:31:40,apply-time,rs-000785-bxhpf,ba7eda12-f341-4612-9e61-c02460485ee4,1,727.567164
2026/02/04/23:31:40,running-time,rs-000785-bxhpf,ba7eda12-f341-4612-9e61-c02460485ee4,1,727.567164
2026/02/04/23:31:40,apply-time,rs-000786-pfdqm,c11ca1fb-e192-4dab-b0c8-627a9073c27e,1,727.567164
2026/02/04/23:31:40,apply-time,rs-000786-wh88z,bb2ae5cb-a806-46c7-87f3-69a33758d4a7,1,727.567164
2026/02/04/23:31:41,running-time,rs-000786-pfdqm,c11ca1fb-e192-4dab-b0c8-627a9073c27e,1,727.567164
2026/02/04/23:31:41,running-time,rs-000786-wh88z,bb2ae5cb-a806-46c7-87f3-69a33758d4a7,1,728.567164
2026/02/04/23:31:41,apply-time,rs-000787-b7ckb,1e01b900-d944-459f-9b92-e0fc92685b74,1,728.567164
2026/02/04/23:31:41,apply-time,rs-000787-qvmr5,d1772ad9-9836-4439-9bae-08cec0222b54,1,727.567164
2026/02/04/23:31:41,apply-time,rs-000787-zp4cs,93bfaf49-e92c-4b33-a7ae-1066a3bd3f9c,1,728.567164
2026/02/04/23:31:41,apply-time,rs-000788-2f45v,1de53817-8aa5-4e70-992f-dd73335f0849,1,728.567164
2026/02/04/23:31:41,running-time,rs-000788-2f45v,1de53817-8aa5-4e70-992f-dd73335f0849,1,728.567164
2026/02/04/23:31:41,apply-time,rs-000789-fmdgl,05d83ce3-e2ef-49f1-a064-5639abc1337d,1,728.567164
2026/02/04/23:31:41,running-time,rs-000789-fmdgl,05d83ce3-e2ef-49f1-a064-5639abc1337d,1,728.567164
2026/02/04/23:31:46,running-time,rs-000787-zp4cs,93bfaf49-e92c-4b33-a7ae-1066a3bd3f9c,1,734.567164
2026/02/04/23:31:46,apply-time,rs-000790-5wjnb,305ec726-b01e-4d1e-a6a1-56da08b546b1,1,733.567164
2026/02/04/23:31:46,running-time,rs-000790-5wjnb,305ec726-b01e-4d1e-a6a1-56da08b546b1,1,733.567164
2026/02/04/23:31:48,running-time,rs-000787-qvmr5,d1772ad9-9836-4439-9bae-08cec0222b54,1,735.567164
2026/02/04/23:31:57,apply-time,rs-000791-8dwvd,fc104a0a-68e9-4bfa-a726-b13a5455b019,1,744.567164
2026/02/04/23:31:57,running-time,rs-000791-8dwvd,fc104a0a-68e9-4bfa-a726-b13a5455b019,1,744.567164
2026/02/04/23:31:57,apply-time,rs-000791-8rfzn,7ec55e2e-66fa-4f96-9dbb-d0c3dfe80e23,1,744.567164
2026/02/04/23:31:57,running-time,rs-000791-8rfzn,7ec55e2e-66fa-4f96-9dbb-d0c3dfe80e23,1,744.567164
2026/02/04/23:31:57,apply-time,rs-000791-zkrkq,fb6563f8-78eb-4bca-845b-3ad486c142a9,1,744.567164
2026/02/04/23:31:57,running-time,rs-000791-zkrkq,fb6563f8-78eb-4bca-845b-3ad486c142a9,1,744.567164
2026/02/04/23:31:59,apply-time,rs-000792-ft4lv,88d5b85d-c25f-4894-8731-88686c8444dd,1,746.567164
2026/02/04/23:31:59,running-time,rs-000792-ft4lv,88d5b85d-c25f-4894-8731-88686c8444dd,1,746.567164
2026/02/04/23:31:59,apply-time,rs-000792-tmwbk,6d8f5f27-bb1c-4ea5-9b36-a3205f1782bd,1,746.567164
2026/02/04/23:31:59,running-time,rs-000792-tmwbk,6d8f5f27-bb1c-4ea5-9b36-a3205f1782bd,1,746.567164
2026/02/04/23:31:59,apply-time,rs-000793-wkdcd,ceb4636c-2c24-417b-ab5d-07c7f106b679,1,746.567164
2026/02/04/23:31:59,running-time,rs-000793-wkdcd,ceb4636c-2c24-417b-ab5d-07c7f106b679,1,746.567164
2026/02/04/23:31:59,apply-time,rs-000794-lvz6m,54b885c3-8b3a-4de2-9096-e5c872b5328b,1,746.567164
2026/02/04/23:31:59,running-time,rs-000794-lvz6m,54b885c3-8b3a-4de2-9096-e5c872b5328b,1,746.567164
2026/02/04/23:32:06,apply-time,rs-000795-9ksh8,7f0fb472-a786-4169-ae1d-c8e714ecadb7,1,753.567164
2026/02/04/23:32:06,running-time,rs-000795-9ksh8,7f0fb472-a786-4169-ae1d-c8e714ecadb7,1,753.567164
2026/02/04/23:32:06,apply-time,rs-000795-tvbjp,ff7095f0-53ff-453c-80a9-40898733bbff,1,753.567164
2026/02/04/23:32:06,running-time,rs-000795-tvbjp,ff7095f0-53ff-453c-80a9-40898733bbff,1,753.567164
2026/02/04/23:32:13,apply-time,rs-000796-5mdm6,4c4e8ff7-5296-449d-b4d6-5216eab24a16,1,760.567164
2026/02/04/23:32:13,running-time,rs-000796-5mdm6,4c4e8ff7-5296-449d-b4d6-5216eab24a16,1,760.567164
2026/02/04/23:32:13,apply-time,rs-000796-jmw7k,b570c7d6-c68f-4509-9d9d-bbf14de65085,1,760.567164
2026/02/04/23:32:13,running-time,rs-000796-jmw7k,b570c7d6-c68f-4509-9d9d-bbf14de65085,1,760.567164
2026/02/04/23:32:13,apply-time,rs-000796-pp85t,3388c625-7e17-48f4-8aac-4f4387534668,1,760.567164
2026/02/04/23:32:13,running-time,rs-000796-pp85t,3388c625-7e17-48f4-8aac-4f4387534668,1,760.567164
2026/02/04/23:32:17,apply-time,rs-000797-67nzb,32438c1a-f546-4376-9b15-cf43fce4f294,1,764.567164
2026/02/04/23:32:17,running-time,rs-000797-67nzb,32438c1a-f546-4376-9b15-cf43fce4f294,1,764.567164
2026/02/04/23:32:17,apply-time,rs-000797-8xxrg,eef27a3c-09e5-4d91-85f5-575d4c7bce04,1,764.567164
2026/02/04/23:32:17,running-time,rs-000797-8xxrg,eef27a3c-09e5-4d91-85f5-575d4c7bce04,1,764.567164
2026/02/04/23:32:17,apply-time,rs-000798-7p2rb,a9abc633-0ea5-4883-a5bc-5b056654ef17,1,764.567164
2026/02/04/23:32:17,running-time,rs-000798-7p2rb,a9abc633-0ea5-4883-a5bc-5b056654ef17,1,764.567164
2026/02/04/23:32:17,apply-time,rs-000798-8rm29,6f3aa15d-ebc6-4082-ace6-e5a4a9362e06,1,764.567164
2026/02/04/23:32:17,running-time,rs-000798-8rm29,6f3aa15d-ebc6-4082-ace6-e5a4a9362e06,1,764.567164
2026/02/04/23:32:17,apply-time,rs-000799-9jrch,d4716aec-39e6-4574-8230-033421cee53f,1,764.567164
2026/02/04/23:32:17,running-time,rs-000799-9jrch,d4716aec-39e6-4574-8230-033421cee53f,1,764.567164
2026/02/04/23:32:17,apply-time,rs-000799-b2mph,0d0bd513-4337-4133-b99f-ce9791da879e,1,764.567164
2026/02/04/23:32:17,running-time,rs-000799-b2mph,0d0bd513-4337-4133-b99f-ce9791da879e,1,764.567164
2026/02/04/23:32:17,apply-time,rs-000799-bfwjl,74bd5968-9432-4ba7-b572-f649375cd191,1,764.567164
2026/02/04/23:32:17,running-time,rs-000799-bfwjl,74bd5968-9432-4ba7-b572-f649375cd191,1,764.567164
2026/02/04/23:32:17,apply-time,rs-000800-prtkk,ec36cc71-1a9e-44f6-8e3a-888d371dfa55,1,764.567164
2026/02/04/23:32:17,running-time,rs-000800-prtkk,ec36cc71-1a9e-44f6-8e3a-888d371dfa55,1,764.567164
2026/02/04/23:32:17,apply-time,rs-000801-kn549,db1e614c-7e7c-4dd6-a3d0-240e570e0129,1,764.567164
2026/02/04/23:32:17,running-time,rs-000801-kn549,db1e614c-7e7c-4dd6-a3d0-240e570e0129,1,764.567164
2026/02/04/23:32:17,apply-time,rs-000801-wjgz8,05c69a70-ecbe-4f7e-b982-193b2395a6ca,1,764.567164
2026/02/04/23:32:17,running-time,rs-000801-wjgz8,05c69a70-ecbe-4f7e-b982-193b2395a6ca,1,764.567164
2026/02/04/23:32:17,apply-time,rs-000802-jd2k2,9e9b6e29-c198-4b2a-bc5d-29265234ce4f,1,764.567164
2026/02/04/23:32:17,running-time,rs-000802-jd2k2,9e9b6e29-c198-4b2a-bc5d-29265234ce4f,1,764.567164
2026/02/04/23:32:18,apply-time,rs-000803-qb67k,2b41139c-b21e-48f5-bf34-67367276319d,1,765.567164
2026/02/04/23:32:18,running-time,rs-000803-qb67k,2b41139c-b21e-48f5-bf34-67367276319d,1,765.567164
2026/02/04/23:32:18,apply-time,rs-000804-5jrqh,31ed93b3-946f-4240-bb0c-5e88ae301e00,1,765.567164
2026/02/04/23:32:18,running-time,rs-000804-5jrqh,31ed93b3-946f-4240-bb0c-5e88ae301e00,1,765.567164
2026/02/04/23:32:18,apply-time,rs-000804-ndwns,3633e40f-100c-4233-bad7-f441ed3cc6d2,1,765.567164
2026/02/04/23:32:18,running-time,rs-000804-ndwns,3633e40f-100c-4233-bad7-f441ed3cc6d2,1,765.567164
2026/02/04/23:32:18,apply-time,rs-000804-skclj,2ce1587e-c406-433e-b341-eafadd180ce0,1,765.567164
2026/02/04/23:32:18,running-time,rs-000804-skclj,2ce1587e-c406-433e-b341-eafadd180ce0,1,765.567164
2026/02/04/23:32:18,apply-time,rs-000805-ssqnn,b9ecdb08-054a-49a8-a8f9-0984ce1a3c30,1,765.567164
2026/02/04/23:32:18,running-time,rs-000805-ssqnn,b9ecdb08-054a-49a8-a8f9-0984ce1a3c30,1,765.567164
2026/02/04/23:32:18,apply-time,rs-000806-wlxw4,db1c9116-cc30-46cb-81a9-afb04a1a7c54,1,765.567164
2026/02/04/23:32:18,running-time,rs-000806-wlxw4,db1c9116-cc30-46cb-81a9-afb04a1a7c54,1,765.567164
2026/02/04/23:32:18,apply-time,rs-000807-v7p4d,64957ba3-fb89-4449-9154-24813086e5cf,1,765.567164
2026/02/04/23:32:18,running-time,rs-000807-v7p4d,64957ba3-fb89-4449-9154-24813086e5cf,1,765.567164
2026/02/04/23:32:19,apply-time,rs-000808-4pw4q,c9d405bb-0e90-4d31-b22a-9cf827077bf9,1,766.567164
2026/02/04/23:32:19,running-time,rs-000808-4pw4q,c9d405bb-0e90-4d31-b22a-9cf827077bf9,1,766.567164
2026/02/04/23:32:19,apply-time,rs-000808-slr2n,a77873b5-dcab-4a8c-a7b0-5418b20be11c,1,766.567164
2026/02/04/23:32:19,running-time,rs-000808-slr2n,a77873b5-dcab-4a8c-a7b0-5418b20be11c,1,766.567164
2026/02/04/23:32:19,apply-time,rs-000808-vfz75,0976f2ef-2121-408b-a1e2-5586ca3951b1,1,766.567164
2026/02/04/23:32:19,running-time,rs-000808-vfz75,0976f2ef-2121-408b-a1e2-5586ca3951b1,1,766.567164
2026/02/04/23:32:19,apply-time,rs-000809-wdxf2,e36e8262-1859-487c-a0b2-eb6f4d3a2911,1,766.567164
2026/02/04/23:32:19,running-time,rs-000809-wdxf2,e36e8262-1859-487c-a0b2-eb6f4d3a2911,1,766.567164
2026/02/04/23:32:19,apply-time,rs-000809-wv2df,5b8f1a09-ef1d-473c-9242-29e5a92374de,1,766.567164
2026/02/04/23:32:19,running-time,rs-000809-wv2df,5b8f1a09-ef1d-473c-9242-29e5a92374de,1,766.567164
2026/02/04/23:32:26,apply-time,rs-000810-ldcnx,b54f26b7-598b-4c75-ad53-169eb0fc6cfc,1,773.567164
2026/02/04/23:32:26,running-time,rs-000810-ldcnx,b54f26b7-598b-4c75-ad53-169eb0fc6cfc,1,773.567164
2026/02/04/23:32:26,apply-time,rs-000810-mkmvx,30aef795-920c-4769-b2a9-5f82d5a50592,1,773.567164
2026/02/04/23:32:26,running-time,rs-000810-mkmvx,30aef795-920c-4769-b2a9-5f82d5a50592,1,773.567164
2026/02/04/23:32:26,apply-time,rs-000811-fnq7q,612d2e76-7ef2-4cd9-bf19-1a14f745739f,1,773.567164
2026/02/04/23:32:26,running-time,rs-000811-fnq7q,612d2e76-7ef2-4cd9-bf19-1a14f745739f,1,773.567164
2026/02/04/23:32:26,apply-time,rs-000811-gn8cr,8f11b11d-949d-45a2-b6de-a9c731156e2f,1,773.567164
2026/02/04/23:32:26,running-time,rs-000811-gn8cr,8f11b11d-949d-45a2-b6de-a9c731156e2f,1,773.567164
2026/02/04/23:32:26,apply-time,rs-000811-kdsdn,2e4a84dc-f98d-47a0-b066-8e0e9a844817,1,773.567164
2026/02/04/23:32:26,running-time,rs-000811-kdsdn,2e4a84dc-f98d-47a0-b066-8e0e9a844817,1,773.567164
2026/02/04/23:32:26,apply-time,rs-000812-hpmcs,d604627d-60fb-4b52-b5db-b5b8064bd7ba,1,773.567164
2026/02/04/23:32:26,running-time,rs-000812-hpmcs,d604627d-60fb-4b52-b5db-b5b8064bd7ba,1,773.567164
2026/02/04/23:32:26,apply-time,rs-000812-x4jg6,38110318-58e6-41b7-a18b-e45a9ce88f1e,1,773.567164
2026/02/04/23:32:26,running-time,rs-000812-x4jg6,38110318-58e6-41b7-a18b-e45a9ce88f1e,1,773.567164
2026/02/04/23:32:26,apply-time,rs-000813-ghwn4,83dcae0d-da41-4c07-95af-6f38187efa56,1,773.567164
2026/02/04/23:32:26,running-time,rs-000813-ghwn4,83dcae0d-da41-4c07-95af-6f38187efa56,1,773.567164
2026/02/04/23:32:26,apply-time,rs-000814-d9zv8,66c6809d-a374-47cb-845f-c6fa1badedfc,1,773.567164
2026/02/04/23:32:26,apply-time,rs-000814-wnxxv,05352e90-d1ac-4b1f-8064-702f0e3cb47a,1,773.567164
2026/02/04/23:32:26,apply-time,rs-000815-4g595,4da6f01a-7e32-479b-878c-ae73ce7bec04,1,773.567164
2026/02/04/23:32:26,running-time,rs-000815-4g595,4da6f01a-7e32-479b-878c-ae73ce7bec04,1,773.567164
2026/02/04/23:32:26,apply-time,rs-000815-92dgf,99e0d3d4-4e16-4bea-87c0-c2dca1c3d211,1,773.567164
2026/02/04/23:32:26,running-time,rs-000815-92dgf,99e0d3d4-4e16-4bea-87c0-c2dca1c3d211,1,773.567164
2026/02/04/23:32:27,running-time,rs-000814-wnxxv,05352e90-d1ac-4b1f-8064-702f0e3cb47a,1,774.567164
2026/02/04/23:32:28,running-time,rs-000814-d9zv8,66c6809d-a374-47cb-845f-c6fa1badedfc,1,775.567164
2026/02/04/23:32:30,apply-time,rs-000816-6v4c8,5f45f3eb-04d0-445b-8fae-5870b63705fb,1,777.567164
2026/02/04/23:32:30,running-time,rs-000816-6v4c8,5f45f3eb-04d0-445b-8fae-5870b63705fb,1,777.567164
2026/02/04/23:32:30,apply-time,rs-000816-chpbm,fe6dd939-6af3-40f0-b6e5-11c60bd9add2,1,777.567164
2026/02/04/23:32:30,running-time,rs-000816-chpbm,fe6dd939-6af3-40f0-b6e5-11c60bd9add2,1,777.567164
2026/02/04/23:32:30,apply-time,rs-000816-l5wpd,b79f5ca7-7ebf-4fd7-b54a-3ebed0cedbb2,1,777.567164
2026/02/04/23:32:30,running-time,rs-000816-l5wpd,b79f5ca7-7ebf-4fd7-b54a-3ebed0cedbb2,1,777.567164
2026/02/04/23:32:30,apply-time,rs-000817-ccj7k,2187f618-0d85-45c5-894e-99037f8dfd56,1,777.567164
2026/02/04/23:32:30,running-time,rs-000817-ccj7k,2187f618-0d85-45c5-894e-99037f8dfd56,1,777.567164
2026/02/04/23:32:30,apply-time,rs-000817-xn6rl,cb41bac6-5293-4e91-af7f-012e9f9d7624,1,777.567164
2026/02/04/23:32:30,running-time,rs-000817-xn6rl,cb41bac6-5293-4e91-af7f-012e9f9d7624,1,777.567164
2026/02/04/23:32:32,apply-time,rs-000818-tj94g,8e96ada9-09f4-4254-ac98-0e498f15c05e,1,779.567164
2026/02/04/23:32:32,running-time,rs-000818-tj94g,8e96ada9-09f4-4254-ac98-0e498f15c05e,1,779.567164
2026/02/04/23:32:43,apply-time,rs-000819-b89hc,eff9001a-2072-44b2-ae60-851c8b146fb3,1,790.567164
2026/02/04/23:32:43,running-time,rs-000819-b89hc,eff9001a-2072-44b2-ae60-851c8b146fb3,1,790.567164
2026/02/04/23:32:43,apply-time,rs-000820-fchl7,da5acb2c-3fcd-4f7e-9253-950469c07c2f,1,790.567164
2026/02/04/23:32:43,running-time,rs-000820-fchl7,da5acb2c-3fcd-4f7e-9253-950469c07c2f,1,790.567164
2026/02/04/23:32:43,apply-time,rs-000821-ct9c8,2dfd6ac9-2ae8-44d2-b409-dd5c599440bb,1,790.567164
2026/02/04/23:32:43,running-time,rs-000821-ct9c8,2dfd6ac9-2ae8-44d2-b409-dd5c599440bb,1,790.567164
2026/02/04/23:32:43,apply-time,rs-000822-qhxbq,60fcefa6-b8ff-4217-911e-6f6e2bc86a1c,1,790.567164
2026/02/04/23:32:43,running-time,rs-000822-qhxbq,60fcefa6-b8ff-4217-911e-6f6e2bc86a1c,1,790.567164
2026/02/04/23:32:43,apply-time,rs-000823-tbwzb,51384104-68ce-41b9-99e7-8b7193fff729,1,790.567164
2026/02/04/23:32:43,running-time,rs-000823-tbwzb,51384104-68ce-41b9-99e7-8b7193fff729,1,790.567164
2026/02/04/23:32:43,apply-time,rs-000824-9lb5r,fb05b849-a275-4b44-a7f8-d6cd431569e4,1,790.567164
2026/02/04/23:32:43,running-time,rs-000824-9lb5r,fb05b849-a275-4b44-a7f8-d6cd431569e4,1,790.567164
2026/02/04/23:32:43,apply-time,rs-000825-f5mz6,abc4ac43-8d40-4ca9-925c-cfd272de7473,1,791.567164
2026/02/04/23:32:43,running-time,rs-000825-f5mz6,abc4ac43-8d40-4ca9-925c-cfd272de7473,1,791.567164
2026/02/04/23:32:43,apply-time,rs-000826-6rjgj,b6cdb008-8088-4fa6-bed6-5c3b961f8a27,1,791.567164
2026/02/04/23:32:44,running-time,rs-000826-6rjgj,b6cdb008-8088-4fa6-bed6-5c3b961f8a27,1,791.567164
2026/02/04/23:32:44,apply-time,rs-000827-c2zcf,6787b2e1-e47f-4f2a-a0f4-b2d72b755a60,1,791.567164
2026/02/04/23:32:44,running-time,rs-000827-c2zcf,6787b2e1-e47f-4f2a-a0f4-b2d72b755a60,1,791.567164
2026/02/04/23:32:44,apply-time,rs-000827-lpw8d,f7426f6e-369b-4686-bc53-9f4bf3031685,1,791.567164
2026/02/04/23:32:44,running-time,rs-000827-lpw8d,f7426f6e-369b-4686-bc53-9f4bf3031685,1,791.567164
2026/02/04/23:32:44,apply-time,rs-000828-gfl2j,526e03ed-490d-4195-a928-bdfcbedd219d,1,791.567164
2026/02/04/23:32:44,running-time,rs-000828-gfl2j,526e03ed-490d-4195-a928-bdfcbedd219d,1,791.567164
2026/02/04/23:32:44,apply-time,rs-000828-sbvcf,e3f0d688-91c7-43ec-8bff-a0179b6c0747,1,791.567164
2026/02/04/23:32:44,running-time,rs-000828-sbvcf,e3f0d688-91c7-43ec-8bff-a0179b6c0747,1,791.567164
2026/02/04/23:32:44,apply-time,rs-000829-69qmj,046b8bc4-0d73-4ef9-862e-77de6cfee3ac,1,791.567164
2026/02/04/23:32:44,running-time,rs-000829-69qmj,046b8bc4-0d73-4ef9-862e-77de6cfee3ac,1,791.567164
2026/02/04/23:32:44,apply-time,rs-000829-9gzrk,506dc913-0219-47a0-bf8d-aba6e0dc5e0f,1,791.567164
2026/02/04/23:32:44,running-time,rs-000829-9gzrk,506dc913-0219-47a0-bf8d-aba6e0dc5e0f,1,791.567164
2026/02/04/23:32:44,apply-time,rs-000830-z64lh,5eeb41ef-7faa-4507-9d71-37560dd76a60,1,791.567164
2026/02/04/23:32:44,running-time,rs-000830-z64lh,5eeb41ef-7faa-4507-9d71-37560dd76a60,1,791.567164
2026/02/04/23:32:44,apply-time,rs-000831-7tzr2,3f222c45-96d9-4029-94b7-29509fe7f46d,1,791.567164
2026/02/04/23:32:44,running-time,rs-000831-7tzr2,3f222c45-96d9-4029-94b7-29509fe7f46d,1,791.567164
2026/02/04/23:32:45,apply-time,rs-000832-2mqrm,1f62b187-f59d-4493-a728-7fa9848a4237,1,792.567164
2026/02/04/23:32:45,running-time,rs-000832-2mqrm,1f62b187-f59d-4493-a728-7fa9848a4237,1,792.567164
2026/02/04/23:32:45,apply-time,rs-000832-mq58x,19bc45de-6948-4cf9-81a1-a587712eef65,1,792.567164
2026/02/04/23:32:45,running-time,rs-000832-mq58x,19bc45de-6948-4cf9-81a1-a587712eef65,1,792.567164
2026/02/04/23:32:45,apply-time,rs-000833-gj6q5,188f5b70-35de-4346-ba7a-381ce518d8e6,1,792.567164
2026/02/04/23:32:45,running-time,rs-000833-gj6q5,188f5b70-35de-4346-ba7a-381ce518d8e6,1,792.567164
2026/02/04/23:32:45,apply-time,rs-000833-m2746,c2b4acf6-fc9e-4ad7-a11b-972d568a6958,1,792.567164
2026/02/04/23:32:45,running-time,rs-000833-m2746,c2b4acf6-fc9e-4ad7-a11b-972d568a6958,1,792.567164
2026/02/04/23:32:45,apply-time,rs-000833-vqlf4,65e1fb88-e81e-4d51-b910-fe2626759814,1,792.567164
2026/02/04/23:32:45,running-time,rs-000833-vqlf4,65e1fb88-e81e-4d51-b910-fe2626759814,1,792.567164
2026/02/04/23:32:45,apply-time,rs-000834-qxz8p,750bf6e0-cf9e-4d91-8d07-ec9d7b5a294b,1,792.567164
2026/02/04/23:32:45,running-time,rs-000834-qxz8p,750bf6e0-cf9e-4d91-8d07-ec9d7b5a294b,1,792.567164
2026/02/04/23:32:45,apply-time,rs-000834-xr2qz,cc57af28-e299-47de-8aa7-563d492b0a3f,1,792.567164
2026/02/04/23:32:45,running-time,rs-000834-xr2qz,cc57af28-e299-47de-8aa7-563d492b0a3f,1,792.567164
2026/02/04/23:32:45,apply-time,rs-000835-8jrqv,56c20606-0c27-42d4-bca8-11326c8b5304,1,792.567164
2026/02/04/23:32:45,running-time,rs-000835-8jrqv,56c20606-0c27-42d4-bca8-11326c8b5304,1,792.567164
2026/02/04/23:32:45,apply-time,rs-000835-t6jdc,05426808-5d31-45f1-ba89-bbf7fcea2f03,1,792.567164
2026/02/04/23:32:45,running-time,rs-000835-t6jdc,05426808-5d31-45f1-ba89-bbf7fcea2f03,1,792.567164
2026/02/04/23:32:45,apply-time,rs-000835-z5hgb,7ea663b7-011c-4103-9dd6-b35615f9cbe2,1,792.567164
2026/02/04/23:32:45,running-time,rs-000835-z5hgb,7ea663b7-011c-4103-9dd6-b35615f9cbe2,1,792.567164
2026/02/04/23:32:46,apply-time,rs-000836-frm7q,1a41202c-9aed-41bb-904f-e5ce6841c9a2,1,793.567164
2026/02/04/23:32:46,running-time,rs-000836-frm7q,1a41202c-9aed-41bb-904f-e5ce6841c9a2,1,793.567164
2026/02/04/23:32:46,apply-time,rs-000836-rnl9v,37461227-4c5f-487f-9af9-faafb335fa15,1,793.567164
2026/02/04/23:32:46,apply-time,rs-000836-xpnbx,1cb454fc-40a2-43e0-aedc-8f6775094cb2,1,793.567164
2026/02/04/23:32:46,apply-time,rs-000837-jpg2k,1dd18bce-53e1-4e75-81cd-f74778503db3,1,793.567164
2026/02/04/23:32:46,running-time,rs-000837-jpg2k,1dd18bce-53e1-4e75-81cd-f74778503db3,1,793.567164
2026/02/04/23:32:46,apply-time,rs-000838-dmt94,2fa17920-fd61-4ec5-bffd-545029dd3060,1,793.567164
2026/02/04/23:32:46,running-time,rs-000838-dmt94,2fa17920-fd61-4ec5-bffd-545029dd3060,1,793.567164
2026/02/04/23:32:46,apply-time,rs-000839-9k5xx,6e862081-669d-4c19-8a29-961da790ffae,1,793.567164
2026/02/04/23:32:46,running-time,rs-000839-9k5xx,6e862081-669d-4c19-8a29-961da790ffae,1,793.567164
2026/02/04/23:32:46,apply-time,rs-000839-zrkvc,5b91f8bf-0123-4d04-a705-f45b91731673,1,793.567164
2026/02/04/23:32:46,running-time,rs-000839-zrkvc,5b91f8bf-0123-4d04-a705-f45b91731673,1,793.567164
2026/02/04/23:32:46,apply-time,rs-000840-vcn25,eb594775-7a7f-4f94-abdf-03612f441123,1,793.567164
2026/02/04/23:32:46,running-time,rs-000840-vcn25,eb594775-7a7f-4f94-abdf-03612f441123,1,794.567164
2026/02/04/23:32:46,apply-time,rs-000841-psgtt,f69309f2-759c-48bd-88c3-b11c8f0f3492,1,793.567164
2026/02/04/23:32:46,running-time,rs-000841-psgtt,f69309f2-759c-48bd-88c3-b11c8f0f3492,1,793.567164
2026/02/04/23:32:46,apply-time,rs-000842-5sgq2,cbbd2039-aabf-4fc2-9684-7ebeaa87cdd1,1,794.567164
2026/02/04/23:32:47,apply-time,rs-000840-qfh48,9a82cafd-accb-4bab-887d-a1d2f1c01e5d,1,794.567164
2026/02/04/23:32:47,running-time,rs-000840-qfh48,9a82cafd-accb-4bab-887d-a1d2f1c01e5d,1,794.567164
2026/02/04/23:32:50,apply-time,rs-000843-kxxs2,5d35bfb5-5bb4-4396-8d61-402613204bdb,1,797.567164
2026/02/04/23:32:50,running-time,rs-000843-kxxs2,5d35bfb5-5bb4-4396-8d61-402613204bdb,1,797.567164
2026/02/04/23:32:50,apply-time,rs-000844-g4v5v,63ae9dd5-b744-4d60-b27e-fe363f3404d2,1,797.567164
2026/02/04/23:32:50,running-time,rs-000844-g4v5v,63ae9dd5-b744-4d60-b27e-fe363f3404d2,1,797.567164
2026/02/04/23:32:50,apply-time,rs-000844-gzk6m,cb31d79b-89a7-48b0-ae56-232a54887567,1,797.567164
2026/02/04/23:32:50,apply-time,rs-000845-kmz9d,5484ef88-8dd6-4545-96a5-b32c1ffe769d,1,797.567164
2026/02/04/23:32:50,running-time,rs-000845-kmz9d,5484ef88-8dd6-4545-96a5-b32c1ffe769d,1,797.567164
2026/02/04/23:32:50,apply-time,rs-000846-69c45,7558fa77-75c3-49b5-9539-138b22b03b78,1,797.567164
2026/02/04/23:32:50,running-time,rs-000846-69c45,7558fa77-75c3-49b5-9539-138b22b03b78,1,797.567164
2026/02/04/23:32:50,apply-time,rs-000847-rs28j,81632e57-7814-4fa0-8051-82116b8f87e4,1,797.567164
2026/02/04/23:32:50,running-time,rs-000847-rs28j,81632e57-7814-4fa0-8051-82116b8f87e4,1,797.567164
2026/02/04/23:32:50,apply-time,rs-000847-w9p2j,aadd4202-0016-4605-97fa-898e3bd889ed,1,797.567164
2026/02/04/23:32:50,running-time,rs-000847-w9p2j,aadd4202-0016-4605-97fa-898e3bd889ed,1,797.567164
2026/02/04/23:32:50,apply-time,rs-000847-wngj7,b7c165c4-095b-4fa1-91d4-dc635436caaa,1,797.567164
2026/02/04/23:32:50,running-time,rs-000847-wngj7,b7c165c4-095b-4fa1-91d4-dc635436caaa,1,797.567164
2026/02/04/23:32:51,running-time,rs-000844-gzk6m,cb31d79b-89a7-48b0-ae56-232a54887567,1,798.567164
2026/02/04/23:32:51,apply-time,rs-000848-9kbrn,42abc891-165c-4a48-9f4c-80d8cdb5bb21,1,798.567164
2026/02/04/23:32:51,running-time,rs-000848-9kbrn,42abc891-165c-4a48-9f4c-80d8cdb5bb21,1,798.567164
2026/02/04/23:32:51,apply-time,rs-000848-kf6cz,300fb113-d716-4b44-bda7-755f67d9d362,1,798.567164
2026/02/04/23:32:51,running-time,rs-000848-kf6cz,300fb113-d716-4b44-bda7-755f67d9d362,1,798.567164
2026/02/04/23:32:51,apply-time,rs-000849-l8fkr,0034c388-cda6-4240-ada4-4d1c99082ca1,1,798.567164
2026/02/04/23:32:51,running-time,rs-000849-l8fkr,0034c388-cda6-4240-ada4-4d1c99082ca1,1,798.567164
2026/02/04/23:32:51,apply-time,rs-000849-nplt5,d353f63b-6450-4a98-976d-698239759fe2,1,798.567164
2026/02/04/23:32:51,running-time,rs-000849-nplt5,d353f63b-6450-4a98-976d-698239759fe2,1,798.567164
2026/02/04/23:32:51,apply-time,rs-000850-8gzj7,a27823f6-02fd-45e2-ad01-2c9e5cddf491,1,798.567164
2026/02/04/23:32:51,running-time,rs-000850-8gzj7,a27823f6-02fd-45e2-ad01-2c9e5cddf491,1,798.567164
2026/02/04/23:32:51,apply-time,rs-000851-wsj4x,c36db7a9-f7de-4c7e-afe4-ac9d75709840,1,798.567164
2026/02/04/23:32:51,running-time,rs-000851-wsj4x,c36db7a9-f7de-4c7e-afe4-ac9d75709840,1,798.567164
2026/02/04/23:32:51,apply-time,rs-000852-76vwz,40eae988-2573-4306-8758-17af3881a330,1,798.567164
2026/02/04/23:32:51,running-time,rs-000852-76vwz,40eae988-2573-4306-8758-17af3881a330,1,798.567164
2026/02/04/23:32:51,apply-time,rs-000853-vhccj,793a4703-f981-4051-9aba-8844ddbc8d44,1,798.567164
2026/02/04/23:32:51,running-time,rs-000853-vhccj,793a4703-f981-4051-9aba-8844ddbc8d44,1,798.567164
2026/02/04/23:32:52,apply-time,rs-000853-6q4cm,2069b692-71ab-4048-8146-a698428dc2c4,1,799.567164
2026/02/04/23:32:52,apply-time,rs-000853-w7w22,4eba92cb-36b7-47ca-b1c2-3fcb2b8880d8,1,799.567164
2026/02/04/23:32:52,running-time,rs-000853-w7w22,4eba92cb-36b7-47ca-b1c2-3fcb2b8880d8,1,799.567164
2026/02/04/23:32:52,apply-time,rs-000854-mlts6,df9ce384-5944-4a10-bf97-ce2ef4c80f3f,1,799.567164
2026/02/04/23:32:52,running-time,rs-000854-mlts6,df9ce384-5944-4a10-bf97-ce2ef4c80f3f,1,799.567164
2026/02/04/23:32:52,apply-time,rs-000855-7qwv6,e18c5b57-a8bc-4d0c-978f-949c804e6dc3,1,799.567164
2026/02/04/23:32:52,running-time,rs-000855-7qwv6,e18c5b57-a8bc-4d0c-978f-949c804e6dc3,1,799.567164
2026/02/04/23:32:52,apply-time,rs-000856-v2xsg,b7ad4553-7db7-4b00-8fae-490ff4390645,1,799.567164
2026/02/04/23:32:54,running-time,rs-000853-6q4cm,2069b692-71ab-4048-8146-a698428dc2c4,1,801.567164
2026/02/04/23:32:56,running-time,rs-000856-v2xsg,b7ad4553-7db7-4b00-8fae-490ff4390645,1,803.567164
2026/02/04/23:33:04,apply-time,rs-000857-8vfzm,bde6a69e-8be0-46be-9a28-2ec3614388ab,1,811.567164
2026/02/04/23:33:04,running-time,rs-000857-8vfzm,bde6a69e-8be0-46be-9a28-2ec3614388ab,1,811.567164
2026/02/04/23:33:04,apply-time,rs-000857-bzs9c,2ec03680-1cc5-45b3-90f3-9cfe0dd3937e,1,811.567164
2026/02/04/23:33:04,running-time,rs-000857-bzs9c,2ec03680-1cc5-45b3-90f3-9cfe0dd3937e,1,811.567164
2026/02/04/23:33:04,apply-time,rs-000857-lqzhm,2c4d4771-ffe2-4cf8-94c2-d81eb3ef8a9f,1,811.567164
2026/02/04/23:33:04,running-time,rs-000857-lqzhm,2c4d4771-ffe2-4cf8-94c2-d81eb3ef8a9f,1,811.567164
2026/02/04/23:33:06,apply-time,rs-000858-bdxdw,0125cffb-af33-4d8e-bb7d-ec3233a2e0ac,1,813.567164
2026/02/04/23:33:06,running-time,rs-000858-bdxdw,0125cffb-af33-4d8e-bb7d-ec3233a2e0ac,1,813.567164
2026/02/04/23:33:06,apply-time,rs-000859-6227g,d1873cb2-0157-46dd-bdba-1d795bba0c8a,1,813.567164
2026/02/04/23:33:06,running-time,rs-000859-6227g,d1873cb2-0157-46dd-bdba-1d795bba0c8a,1,813.567164
2026/02/04/23:33:06,apply-time,rs-000860-lmpff,da8687aa-0c6e-4eea-8860-26fba85a7dae,1,813.567164
2026/02/04/23:33:06,running-time,rs-000860-lmpff,da8687aa-0c6e-4eea-8860-26fba85a7dae,1,813.567164
2026/02/04/23:33:06,apply-time,rs-000860-xsst6,6ebdc333-70ca-43d3-8886-95d2c7b3a5d8,1,813.567164
2026/02/04/23:33:06,running-time,rs-000860-xsst6,6ebdc333-70ca-43d3-8886-95d2c7b3a5d8,1,813.567164
2026/02/04/23:33:08,apply-time,rs-000861-7msh8,403443b1-bd2f-47b5-9750-e6a1a6b5c48a,1,815.567164
2026/02/04/23:33:08,running-time,rs-000861-7msh8,403443b1-bd2f-47b5-9750-e6a1a6b5c48a,1,815.567164
2026/02/04/23:33:08,apply-time,rs-000861-j755k,52e0ce3b-8acb-462e-a50d-148b68e1fcb6,1,815.567164
2026/02/04/23:33:08,running-time,rs-000861-j755k,52e0ce3b-8acb-462e-a50d-148b68e1fcb6,1,815.567164
2026/02/04/23:33:08,apply-time,rs-000861-zp4p6,abcc85e5-e020-489c-bc5d-66e90b2bcbb0,1,815.567164
2026/02/04/23:33:08,running-time,rs-000861-zp4p6,abcc85e5-e020-489c-bc5d-66e90b2bcbb0,1,815.567164
2026/02/04/23:33:08,apply-time,rs-000862-9x9cf,a107fd2b-9394-4b58-bfd2-8df1cd6b9204,1,816.567164
2026/02/04/23:33:08,running-time,rs-000862-9x9cf,a107fd2b-9394-4b58-bfd2-8df1cd6b9204,1,816.567164
2026/02/04/23:33:08,apply-time,rs-000862-xw2b7,16aeafaa-9365-4393-bcfa-d67e01b2a60d,1,816.567164
2026/02/04/23:33:08,running-time,rs-000862-xw2b7,16aeafaa-9365-4393-bcfa-d67e01b2a60d,1,816.567164
2026/02/04/23:33:09,apply-time,rs-000863-ckhq9,e0dc3a27-ccb6-45d8-847a-fc2c7df61670,1,816.567164
2026/02/04/23:33:09,running-time,rs-000863-ckhq9,e0dc3a27-ccb6-45d8-847a-fc2c7df61670,1,816.567164
2026/02/04/23:33:09,apply-time,rs-000863-j2hmp,b6f3a45b-37a0-49f3-beeb-13d2b15f9b43,1,816.567164
2026/02/04/23:33:09,running-time,rs-000863-j2hmp,b6f3a45b-37a0-49f3-beeb-13d2b15f9b43,1,816.567164
2026/02/04/23:33:09,apply-time,rs-000863-m6jdw,a46b656a-38ce-49ca-914f-7a005560ecbc,1,816.567164
2026/02/04/23:33:09,running-time,rs-000863-m6jdw,a46b656a-38ce-49ca-914f-7a005560ecbc,1,816.567164
2026/02/04/23:33:09,apply-time,rs-000864-q5zkw,5070ba45-be3c-4fb6-b4e6-acf1a1aedbc2,1,816.567164
2026/02/04/23:33:09,running-time,rs-000864-q5zkw,5070ba45-be3c-4fb6-b4e6-acf1a1aedbc2,1,816.567164
2026/02/04/23:33:09,apply-time,rs-000865-kts7s,4b727d1a-6e5d-41e0-b742-118e08df0c34,1,817.567164
2026/02/04/23:33:09,apply-time,rs-000866-rt2vv,570c8664-7295-4ac1-8cc3-49b97e2c4cc0,1,817.567164
2026/02/04/23:33:09,running-time,rs-000866-rt2vv,570c8664-7295-4ac1-8cc3-49b97e2c4cc0,1,817.567164
2026/02/04/23:33:09,apply-time,rs-000867-w2pzs,9969a6aa-0190-4410-b6b9-3198bd2bcb80,1,817.567164
2026/02/04/23:33:10,running-time,rs-000865-kts7s,4b727d1a-6e5d-41e0-b742-118e08df0c34,1,817.567164
2026/02/04/23:33:10,running-time,rs-000867-w2pzs,9969a6aa-0190-4410-b6b9-3198bd2bcb80,1,817.567164
2026/02/04/23:33:10,apply-time,rs-000868-ht6kq,74f62074-81f3-4618-a49b-e6fb6f098f0d,1,817.567164
2026/02/04/23:33:10,running-time,rs-000868-ht6kq,74f62074-81f3-4618-a49b-e6fb6f098f0d,1,817.567164
2026/02/04/23:33:10,apply-time,rs-000869-cpnl4,c8c05be5-8f7f-416b-a905-1339a328685f,1,817.567164
2026/02/04/23:33:10,running-time,rs-000869-cpnl4,c8c05be5-8f7f-416b-a905-1339a328685f,1,817.567164
2026/02/04/23:33:10,apply-time,rs-000869-lbsfk,c6882bc6-67fd-4f2e-b1e0-2e2a600481c1,1,817.567164
2026/02/04/23:33:10,running-time,rs-000869-lbsfk,c6882bc6-67fd-4f2e-b1e0-2e2a600481c1,1,817.567164
2026/02/04/23:33:10,apply-time,rs-000870-52qwt,b6024e21-222c-4236-b585-b56e59b99b6d,1,817.567164
2026/02/04/23:33:10,running-time,rs-000870-52qwt,b6024e21-222c-4236-b585-b56e59b99b6d,1,817.567164
2026/02/04/23:33:10,apply-time,rs-000870-t2z96,abafcf76-3714-4d02-8b97-2747f2f04a6d,1,817.567164
2026/02/04/23:33:10,running-time,rs-000870-t2z96,abafcf76-3714-4d02-8b97-2747f2f04a6d,1,817.567164
2026/02/04/23:33:10,apply-time,rs-000871-7scxl,e60eb2a8-c14f-4835-894a-abb493d34419,1,817.567164
2026/02/04/23:33:10,running-time,rs-000871-7scxl,e60eb2a8-c14f-4835-894a-abb493d34419,1,817.567164
2026/02/04/23:33:10,apply-time,rs-000871-fzmfq,5d25b6a7-d1c6-4b1e-b879-56c98c84e357,1,817.567164
2026/02/04/23:33:10,running-time,rs-000871-fzmfq,5d25b6a7-d1c6-4b1e-b879-56c98c84e357,1,817.567164
2026/02/04/23:33:10,apply-time,rs-000871-sjtd5,9f99b70b-e23d-4a0e-82de-1fcd46c692b0,1,817.567164
2026/02/04/23:33:10,running-time,rs-000871-sjtd5,9f99b70b-e23d-4a0e-82de-1fcd46c692b0,1,817.567164
2026/02/04/23:33:11,apply-time,rs-000872-rgmvn,3e3b1c4c-183d-4b82-8ee5-19cbd7583446,1,818.567164
2026/02/04/23:33:11,running-time,rs-000872-rgmvn,3e3b1c4c-183d-4b82-8ee5-19cbd7583446,1,818.567164
2026/02/04/23:33:11,apply-time,rs-000873-fztnc,b6c8ec38-033d-4ac0-99a4-6d2ddb9e6b08,1,818.567164
2026/02/04/23:33:11,apply-time,rs-000873-zrcpm,c44182df-3716-4cf1-b1fb-cfba06a7ede7,1,818.567164
2026/02/04/23:33:11,apply-time,rs-000874-w45gj,e372ae3e-4a83-43d3-aefc-2a2959dd72ec,1,818.567164
2026/02/04/23:33:12,apply-time,rs-000875-h8kxl,ae2eb94d-4014-4770-a90e-18e30a3d96b6,1,819.567164
2026/02/04/23:33:12,apply-time,rs-000875-z5kfc,bc576e17-4cb2-4578-aff8-5ac2ecf0db26,1,819.567164
2026/02/04/23:33:12,apply-time,rs-000876-ckxkj,28ecfba1-3ce7-44eb-9d26-a8cf47345ab3,1,819.567164
2026/02/04/23:33:12,running-time,rs-000876-ckxkj,28ecfba1-3ce7-44eb-9d26-a8cf47345ab3,1,819.567164
2026/02/04/23:33:12,apply-time,rs-000876-gx5sw,7d1d4a11-ae66-4511-b568-23ed7f75c480,1,819.567164
2026/02/04/23:33:12,running-time,rs-000876-gx5sw,7d1d4a11-ae66-4511-b568-23ed7f75c480,1,819.567164
2026/02/04/23:33:12,apply-time,rs-000877-7nnsv,b0eb401e-fd2b-4638-a369-a91ab8bd0704,1,819.567164
2026/02/04/23:33:12,running-time,rs-000877-7nnsv,b0eb401e-fd2b-4638-a369-a91ab8bd0704,1,819.567164
2026/02/04/23:33:12,apply-time,rs-000877-t4xp8,c6007fd8-f67c-4cbd-8bc0-1ed2ebf84b14,1,819.567164
2026/02/04/23:33:12,running-time,rs-000877-t4xp8,c6007fd8-f67c-4cbd-8bc0-1ed2ebf84b14,1,819.567164
2026/02/04/23:33:12,apply-time,rs-000877-xdgrw,e6239177-46a4-4e25-853d-b29944789282,1,819.567164
2026/02/04/23:33:12,running-time,rs-000877-xdgrw,e6239177-46a4-4e25-853d-b29944789282,1,819.567164
2026/02/04/23:33:13,running-time,rs-000873-zrcpm,c44182df-3716-4cf1-b1fb-cfba06a7ede7,1,820.567164
2026/02/04/23:33:15,running-time,rs-000873-fztnc,b6c8ec38-033d-4ac0-99a4-6d2ddb9e6b08,1,822.567164
2026/02/04/23:33:15,running-time,rs-000874-w45gj,e372ae3e-4a83-43d3-aefc-2a2959dd72ec,1,822.567164
2026/02/04/23:33:16,apply-time,rs-000878-5dcz6,bb19fabc-9bd4-4da5-84f8-258b96be7a67,1,823.567164
2026/02/04/23:33:16,running-time,rs-000878-5dcz6,bb19fabc-9bd4-4da5-84f8-258b96be7a67,1,823.567164
2026/02/04/23:33:16,apply-time,rs-000878-lhh9c,0058277a-c7e4-4fc7-bc71-aa887d87f10b,1,823.567164
2026/02/04/23:33:16,running-time,rs-000878-lhh9c,0058277a-c7e4-4fc7-bc71-aa887d87f10b,1,823.567164
2026/02/04/23:33:16,apply-time,rs-000879-fgstf,d38ac9e8-7b72-468b-98de-521886b18eef,1,823.567164
2026/02/04/23:33:16,running-time,rs-000879-fgstf,d38ac9e8-7b72-468b-98de-521886b18eef,1,823.567164
2026/02/04/23:33:16,apply-time,rs-000879-gr998,603f2ec7-89eb-464f-b1ec-7ae878571d39,1,823.567164
2026/02/04/23:33:16,running-time,rs-000879-gr998,603f2ec7-89eb-464f-b1ec-7ae878571d39,1,823.567164
2026/02/04/23:33:16,apply-time,rs-000879-vgzkq,e76fb5ab-f278-4433-9019-82b81afbb25b,1,823.567164
2026/02/04/23:33:16,running-time,rs-000879-vgzkq,e76fb5ab-f278-4433-9019-82b81afbb25b,1,823.567164
2026/02/04/23:33:16,apply-time,rs-000880-7gqtq,79681427-0972-4a23-a9be-b4bebe940d84,1,823.567164
2026/02/04/23:33:16,apply-time,rs-000881-lv9jc,bcc0cf7d-2afc-4adc-a514-590f9d85cc70,1,823.567164
2026/02/04/23:33:16,running-time,rs-000881-lv9jc,bcc0cf7d-2afc-4adc-a514-590f9d85cc70,1,823.567164
2026/02/04/23:33:16,apply-time,rs-000882-2fsh7,7f776a9c-3dc2-4c45-913f-45d11a31da57,1,823.567164
2026/02/04/23:33:16,running-time,rs-000882-2fsh7,7f776a9c-3dc2-4c45-913f-45d11a31da57,1,823.567164
2026/02/04/23:33:16,apply-time,rs-000882-p5bwq,7ac4a806-d79b-4bd9-9281-2f313a9ed123,1,823.567164
2026/02/04/23:33:16,running-time,rs-000882-p5bwq,7ac4a806-d79b-4bd9-9281-2f313a9ed123,1,823.567164
2026/02/04/23:33:16,apply-time,rs-000882-pdbs6,6b04315d-e15d-4935-9c01-4f0c7b494a87,1,823.567164
2026/02/04/23:33:16,running-time,rs-000882-pdbs6,6b04315d-e15d-4935-9c01-4f0c7b494a87,1,823.567164
2026/02/04/23:33:16,apply-time,rs-000883-84zgh,0e6bb8f1-8a50-46bb-8bb8-4122cdcd1333,1,823.567164
2026/02/04/23:33:16,running-time,rs-000883-84zgh,0e6bb8f1-8a50-46bb-8bb8-4122cdcd1333,1,823.567164
2026/02/04/23:33:30,apply-time,rs-000884-n662q,05e4371f-7647-4c6d-8667-889cbc30042d,1,836.567164
2026/02/04/23:33:30,running-time,rs-000884-n662q,05e4371f-7647-4c6d-8667-889cbc30042d,1,836.567164
2026/02/04/23:33:30,apply-time,rs-000885-zhmf4,24a5097a-b567-4de2-b3cc-065479833e93,1,836.567164
2026/02/04/23:33:30,running-time,rs-000885-zhmf4,24a5097a-b567-4de2-b3cc-065479833e93,1,836.567164
2026/02/04/23:33:30,apply-time,rs-000886-4g44j,12b4fa70-e186-498f-8e48-2bb535b57851,1,836.567164
2026/02/04/23:33:30,running-time,rs-000886-4g44j,12b4fa70-e186-498f-8e48-2bb535b57851,1,836.567164
2026/02/04/23:33:30,apply-time,rs-000886-628q7,da9bd1cd-5b3c-44fe-93ac-584322474dfb,1,836.567164
2026/02/04/23:33:30,running-time,rs-000886-628q7,da9bd1cd-5b3c-44fe-93ac-584322474dfb,1,836.567164
2026/02/04/23:33:30,apply-time,rs-000886-rvmw8,12fcbd28-a102-4b65-abce-b8ac067bcc98,1,836.567164
2026/02/04/23:33:30,running-time,rs-000886-rvmw8,12fcbd28-a102-4b65-abce-b8ac067bcc98,1,836.567164
2026/02/04/23:33:30,apply-time,rs-000887-7m6r8,4ce5336b-589d-47c0-827a-41acd0797667,1,836.567164
2026/02/04/23:33:30,running-time,rs-000887-7m6r8,4ce5336b-589d-47c0-827a-41acd0797667,1,836.567164
2026/02/04/23:33:30,apply-time,rs-000887-tcg4h,6d899e32-d3dd-41fe-8ef1-0114e8dd8209,1,836.567164
2026/02/04/23:33:30,running-time,rs-000887-tcg4h,6d899e32-d3dd-41fe-8ef1-0114e8dd8209,1,836.567164
2026/02/04/23:33:30,apply-time,rs-000888-7kt9p,8b321ee8-d7bb-4837-adcb-878019ac5ca9,1,836.567164
2026/02/04/23:33:30,running-time,rs-000888-7kt9p,8b321ee8-d7bb-4837-adcb-878019ac5ca9,1,836.567164
2026/02/04/23:33:30,apply-time,rs-000888-8l8k6,ece07e17-b9f9-4168-8653-a83696c63606,1,836.567164
2026/02/04/23:33:30,running-time,rs-000888-8l8k6,ece07e17-b9f9-4168-8653-a83696c63606,1,836.567164
2026/02/04/23:33:32,apply-time,rs-000889-8jfbl,86fa72b8-0ce3-4a5f-bfb2-cc7c3b3ad3d3,1,838.567164
2026/02/04/23:33:32,running-time,rs-000889-8jfbl,86fa72b8-0ce3-4a5f-bfb2-cc7c3b3ad3d3,1,838.567164
2026/02/04/23:33:32,apply-time,rs-000890-22xmz,14e1870b-74c3-4178-b93d-35549bebce72,1,838.567164
2026/02/04/23:33:32,running-time,rs-000890-22xmz,14e1870b-74c3-4178-b93d-35549bebce72,1,838.567164
2026/02/04/23:33:32,apply-time,rs-000890-s6nnv,1f4aafaf-3e48-4c7a-8441-5be08e27f03a,1,838.567164
2026/02/04/23:33:32,running-time,rs-000890-s6nnv,1f4aafaf-3e48-4c7a-8441-5be08e27f03a,1,838.567164
2026/02/04/23:33:32,apply-time,rs-000890-xqb4l,4a1c3c8c-d1bd-47cd-9eb6-18f65d419d9e,1,838.567164
2026/02/04/23:33:32,running-time,rs-000890-xqb4l,4a1c3c8c-d1bd-47cd-9eb6-18f65d419d9e,1,838.567164
2026/02/04/23:33:32,apply-time,rs-000891-56jwj,fcdae3ca-b2d6-46ba-ac51-d0055e3f28bb,1,838.567164
2026/02/04/23:33:32,running-time,rs-000891-56jwj,fcdae3ca-b2d6-46ba-ac51-d0055e3f28bb,1,838.567164
2026/02/04/23:33:32,apply-time,rs-000892-xjgjw,f03b5d97-ef58-4ea6-a504-07ab3807d96d,1,838.567164
2026/02/04/23:33:32,running-time,rs-000892-xjgjw,f03b5d97-ef58-4ea6-a504-07ab3807d96d,1,838.567164
2026/02/04/23:33:32,apply-time,rs-000893-x5rg4,4f0c280f-1f80-4e43-873a-7438f82fcabc,1,838.567164
2026/02/04/23:33:32,running-time,rs-000893-x5rg4,4f0c280f-1f80-4e43-873a-7438f82fcabc,1,838.567164
2026/02/04/23:33:33,apply-time,rs-000894-qfq66,8e9f475e-1c42-40e5-8e28-3338da821986,1,839.567164
2026/02/04/23:33:33,running-time,rs-000894-qfq66,8e9f475e-1c42-40e5-8e28-3338da821986,1,839.567164
2026/02/04/23:33:33,apply-time,rs-000894-xptpq,acdb6f3b-9a7c-4caa-b161-3d8807296c6d,1,839.567164
2026/02/04/23:33:33,running-time,rs-000894-xptpq,acdb6f3b-9a7c-4caa-b161-3d8807296c6d,1,839.567164
2026/02/04/23:33:33,apply-time,rs-000895-6pwl9,3e272bec-6b4e-4660-aa7a-064abe1be813,1,839.567164
2026/02/04/23:33:33,apply-time,rs-000896-hzshd,5fa60a19-0f16-4b6d-9c6f-69d7f19d3837,1,840.567164
2026/02/04/23:33:33,running-time,rs-000896-hzshd,5fa60a19-0f16-4b6d-9c6f-69d7f19d3837,1,840.567164
2026/02/04/23:33:33,apply-time,rs-000898-n72nd,6255d2a2-efd8-4ee4-9576-6d2bc0d71819,1,840.567164
2026/02/04/23:33:33,apply-time,rs-000899-n2lxm,ca3d3834-4a9f-4544-a2f4-e99f1d65b707,1,839.567164
2026/02/04/23:33:33,running-time,rs-000899-n2lxm,ca3d3834-4a9f-4544-a2f4-e99f1d65b707,1,840.567164
2026/02/04/23:33:34,apply-time,rs-000896-jqkxx,012c6655-c78e-490c-80ef-686f511c46f1,1,840.567164
2026/02/04/23:33:34,running-time,rs-000896-jqkxx,012c6655-c78e-490c-80ef-686f511c46f1,1,840.567164
2026/02/04/23:33:34,apply-time,rs-000896-rghxd,6142549b-6eed-44c2-9fcc-a8574cdf74a4,1,840.567164
2026/02/04/23:33:34,running-time,rs-000896-rghxd,6142549b-6eed-44c2-9fcc-a8574cdf74a4,1,840.567164
2026/02/04/23:33:34,apply-time,rs-000897-zs5s9,aff6ea89-0efa-4ff0-825e-5d6b1e232bbc,1,840.567164
2026/02/04/23:33:34,running-time,rs-000897-zs5s9,aff6ea89-0efa-4ff0-825e-5d6b1e232bbc,1,840.567164
2026/02/04/23:33:34,apply-time,rs-000898-ks6sp,ac4f3b24-46bc-4e37-b611-b6d26863f758,1,840.567164
2026/02/04/23:33:34,running-time,rs-000898-ks6sp,ac4f3b24-46bc-4e37-b611-b6d26863f758,1,840.567164
2026/02/04/23:33:34,running-time,rs-000898-n72nd,6255d2a2-efd8-4ee4-9576-6d2bc0d71819,1,840.567164
2026/02/04/23:33:34,apply-time,rs-000899-bgdvz,5b3f9fee-6c41-4820-a5af-93fdbfb87079,1,840.567164
2026/02/04/23:33:34,running-time,rs-000899-bgdvz,5b3f9fee-6c41-4820-a5af-93fdbfb87079,1,840.567164
2026/02/04/23:33:34,apply-time,rs-000900-hfjdg,46ea9d22-136a-4cee-8f0c-8f9c2361e19e,1,840.567164
2026/02/04/23:33:34,running-time,rs-000900-hfjdg,46ea9d22-136a-4cee-8f0c-8f9c2361e19e,1,840.567164
2026/02/04/23:33:34,apply-time,rs-000901-d46zq,49e029cc-9013-4816-aea5-b4d8516a38f1,1,840.567164
2026/02/04/23:33:34,running-time,rs-000901-d46zq,49e029cc-9013-4816-aea5-b4d8516a38f1,1,840.567164
2026/02/04/23:33:34,apply-time,rs-000901-tmfdb,3b279e0c-54d1-4ccc-9a1b-e4e649d39098,1,840.567164
2026/02/04/23:33:34,apply-time,rs-000901-xblqq,c852723f-845a-49c2-8307-d9137ef7fac3,1,840.567164
2026/02/04/23:33:34,apply-time,rs-000902-m2jpm,23a4d70e-121b-4274-8388-d877101e6232,1,840.567164
2026/02/04/23:33:34,running-time,rs-000902-m2jpm,23a4d70e-121b-4274-8388-d877101e6232,1,840.567164
2026/02/04/23:33:34,apply-time,rs-000903-s7m5q,584f8813-89b6-476b-921f-08a2a11db32f,1,840.567164
2026/02/04/23:33:34,running-time,rs-000903-s7m5q,584f8813-89b6-476b-921f-08a2a11db32f,1,840.567164
2026/02/04/23:33:35,apply-time,rs-000900-wzz7s,ddc2f406-5046-47ac-b938-654587c076ab,1,841.567164
2026/02/04/23:33:35,running-time,rs-000900-wzz7s,ddc2f406-5046-47ac-b938-654587c076ab,1,841.567164
2026/02/04/23:33:35,running-time,rs-000901-tmfdb,3b279e0c-54d1-4ccc-9a1b-e4e649d39098,1,841.567164
2026/02/04/23:33:35,apply-time,rs-000903-fgx9b,9fb932a5-08f0-499f-a6f6-b3407fb5a154,1,841.567164
2026/02/04/23:33:35,running-time,rs-000903-fgx9b,9fb932a5-08f0-499f-a6f6-b3407fb5a154,1,841.567164
2026/02/04/23:33:35,apply-time,rs-000904-tcfgx,197a08c1-afab-4581-93f4-72e6e558d4ea,1,841.567164
2026/02/04/23:33:35,running-time,rs-000904-tcfgx,197a08c1-afab-4581-93f4-72e6e558d4ea,1,841.567164
2026/02/04/23:33:36,apply-time,rs-000905-tcxwt,1b68c1f1-b476-4bfd-9623-d018f9e2dd62,1,842.567164
2026/02/04/23:33:37,running-time,rs-000901-xblqq,c852723f-845a-49c2-8307-d9137ef7fac3,1,843.567164
2026/02/04/23:33:37,running-time,rs-000905-tcxwt,1b68c1f1-b476-4bfd-9623-d018f9e2dd62,1,843.567164
2026/02/04/23:33:37,apply-time,rs-000906-hjdcd,76ea1a73-df3a-472c-b534-840428ca1d94,1,843.567164
2026/02/04/23:33:37,running-time,rs-000906-hjdcd,76ea1a73-df3a-472c-b534-840428ca1d94,1,843.567164
2026/02/04/23:33:37,apply-time,rs-000906-prlkq,b2a5dea4-326a-4da6-97ce-3ef9d2900616,1,843.567164
2026/02/04/23:33:37,running-time,rs-000906-prlkq,b2a5dea4-326a-4da6-97ce-3ef9d2900616,1,843.567164
2026/02/04/23:33:37,apply-time,rs-000907-b49mz,d9c829e2-f76e-4c67-a173-8ea109c7e20d,1,843.567164
2026/02/04/23:33:37,running-time,rs-000907-b49mz,d9c829e2-f76e-4c67-a173-8ea109c7e20d,1,843.567164
2026/02/04/23:33:37,apply-time,rs-000908-5vtcm,b9eba070-155a-463e-944b-014fb85b7566,1,843.567164
2026/02/04/23:33:37,running-time,rs-000908-5vtcm,b9eba070-155a-463e-944b-014fb85b7566,1,843.567164
2026/02/04/23:33:37,apply-time,rs-000909-c9b28,8b597e0e-22a3-43ad-a206-77bae594ab14,1,843.567164
2026/02/04/23:33:37,running-time,rs-000909-c9b28,8b597e0e-22a3-43ad-a206-77bae594ab14,1,843.567164
2026/02/04/23:33:37,apply-time,rs-000909-jtthr,5b7dfb2f-f51d-42c7-9c9a-e68cddb68a7f,1,843.567164
2026/02/04/23:33:37,running-time,rs-000909-jtthr,5b7dfb2f-f51d-42c7-9c9a-e68cddb68a7f,1,843.567164
2026/02/04/23:33:37,apply-time,rs-000910-lrzpm,44b3c1c2-ab0b-4f1c-bdfe-66f9d1d4ac9e,1,843.567164
2026/02/04/23:33:37,running-time,rs-000910-lrzpm,44b3c1c2-ab0b-4f1c-bdfe-66f9d1d4ac9e,1,843.567164
2026/02/04/23:33:37,apply-time,rs-000910-xjslt,f631dbdd-1cf9-4485-b43f-8e142c4286f9,1,843.567164
2026/02/04/23:33:37,running-time,rs-000910-xjslt,f631dbdd-1cf9-4485-b43f-8e142c4286f9,1,843.567164
2026/02/04/23:33:37,apply-time,rs-000911-x29gz,2296a66a-7ddd-4a68-a44b-efa98a8f88e3,1,843.567164
2026/02/04/23:33:37,running-time,rs-000911-x29gz,2296a66a-7ddd-4a68-a44b-efa98a8f88e3,1,844.567164
2026/02/04/23:33:37,apply-time,rs-000912-9hrrc,b1a6c79c-c3a5-4685-90bb-2c1d08181929,1,844.567164
2026/02/04/23:33:37,apply-time,rs-000913-2wgbj,1f1db657-699a-402f-9562-a76fb5d239dc,1,844.567164
2026/02/04/23:33:38,apply-time,rs-000911-c7ftp,c4f2b478-96a3-4636-8ffa-f5b66d06c1d9,1,844.567164
2026/02/04/23:33:38,running-time,rs-000911-c7ftp,c4f2b478-96a3-4636-8ffa-f5b66d06c1d9,1,844.567164
2026/02/04/23:33:38,apply-time,rs-000911-h8clv,2e8eff48-cf71-48b7-ba90-3a0ec6cae93e,1,844.567164
2026/02/04/23:33:38,running-time,rs-000911-h8clv,2e8eff48-cf71-48b7-ba90-3a0ec6cae93e,1,844.567164
2026/02/04/23:33:38,running-time,rs-000912-9hrrc,b1a6c79c-c3a5-4685-90bb-2c1d08181929,1,844.567164
2026/02/04/23:33:38,apply-time,rs-000913-4g78j,7989e113-a6dc-4a43-88a0-7e82ff234e07,1,844.567164
2026/02/04/23:33:38,apply-time,rs-000913-jrp6x,24ea0329-8a1c-475d-9a8c-f4401e036610,1,844.567164
2026/02/04/23:33:38,apply-time,rs-000914-k77qm,189a9911-15dd-4dd4-8d3f-be44d150f24c,1,844.567164
2026/02/04/23:33:38,apply-time,rs-000915-mcnlq,fe95e6b9-9923-4fd4-8faf-d025d9fab375,1,844.567164
2026/02/04/23:33:38,apply-time,rs-000915-z9c8p,6687d9b2-140b-442d-bb61-f632e487ba94,1,845.567164
2026/02/04/23:33:40,running-time,rs-000913-2wgbj,1f1db657-699a-402f-9562-a76fb5d239dc,1,846.567164
2026/02/04/23:33:40,running-time,rs-000913-4g78j,7989e113-a6dc-4a43-88a0-7e82ff234e07,1,846.567164
2026/02/04/23:33:40,running-time,rs-000913-jrp6x,24ea0329-8a1c-475d-9a8c-f4401e036610,1,846.567164
2026/02/04/23:33:40,running-time,rs-000915-z9c8p,6687d9b2-140b-442d-bb61-f632e487ba94,1,846.567164
2026/02/04/23:33:42,apply-time,rs-000916-4794z,70905399-53af-4ad8-a3ce-b815812e8e32,1,848.567164
2026/02/04/23:33:42,running-time,rs-000916-4794z,70905399-53af-4ad8-a3ce-b815812e8e32,1,848.567164
2026/02/04/23:33:42,apply-time,rs-000916-6z6gh,caa12be4-7580-4654-845c-0a10881bd309,1,848.567164
2026/02/04/23:33:42,running-time,rs-000916-6z6gh,caa12be4-7580-4654-845c-0a10881bd309,1,848.567164
2026/02/04/23:33:42,apply-time,rs-000916-986ld,80a6d80f-cb4f-4685-a78e-9a4f33f8f917,1,848.567164
2026/02/04/23:33:42,running-time,rs-000916-986ld,80a6d80f-cb4f-4685-a78e-9a4f33f8f917,1,848.567164
2026/02/04/23:33:42,apply-time,rs-000917-2l4kn,fe4ce130-5ec3-4772-9063-02d0446a1d57,1,848.567164
2026/02/04/23:33:42,running-time,rs-000917-2l4kn,fe4ce130-5ec3-4772-9063-02d0446a1d57,1,848.567164
2026/02/04/23:33:42,apply-time,rs-000917-8ssjl,7b89d28b-bed7-4dc1-bfbd-d667265853d5,1,848.567164
2026/02/04/23:33:42,running-time,rs-000917-8ssjl,7b89d28b-bed7-4dc1-bfbd-d667265853d5,1,848.567164
2026/02/04/23:33:46,running-time,rs-000915-mcnlq,fe95e6b9-9923-4fd4-8faf-d025d9fab375,1,852.567164
2026/02/04/23:33:52,apply-time,rs-000918-sl524,ef6faba0-407d-4b5b-9b68-542378d7b12e,1,858.567164
2026/02/04/23:33:52,running-time,rs-000918-sl524,ef6faba0-407d-4b5b-9b68-542378d7b12e,1,858.567164
2026/02/04/23:33:52,apply-time,rs-000918-vr4qb,2e7d18f9-74d4-4c18-bc7a-fadf561da3ef,1,858.567164
2026/02/04/23:33:52,running-time,rs-000918-vr4qb,2e7d18f9-74d4-4c18-bc7a-fadf561da3ef,1,858.567164
2026/02/04/23:33:52,apply-time,rs-000919-j2tt9,ff71bc64-b388-4b80-8520-31f2908bb609,1,858.567164
2026/02/04/23:33:52,running-time,rs-000919-j2tt9,ff71bc64-b388-4b80-8520-31f2908bb609,1,858.567164
2026/02/04/23:33:52,apply-time,rs-000920-62xvq,73884d61-f2de-422e-a5b1-47f8ef594a1b,1,858.567164
2026/02/04/23:33:52,running-time,rs-000920-62xvq,73884d61-f2de-422e-a5b1-47f8ef594a1b,1,858.567164
2026/02/04/23:33:52,apply-time,rs-000921-9mlp4,51384ada-d16b-4b61-8699-e07591524ea2,1,858.567164
2026/02/04/23:33:52,running-time,rs-000921-9mlp4,51384ada-d16b-4b61-8699-e07591524ea2,1,858.567164
2026/02/04/23:33:52,apply-time,rs-000921-bhnnk,06115bc7-1dda-492d-b866-7414725c5347,1,858.567164
2026/02/04/23:33:52,running-time,rs-000921-bhnnk,06115bc7-1dda-492d-b866-7414725c5347,1,858.567164
2026/02/04/23:33:52,apply-time,rs-000921-lztrq,ceef5234-fff5-402d-ab8c-18b065810310,1,858.567164
2026/02/04/23:33:52,running-time,rs-000921-lztrq,ceef5234-fff5-402d-ab8c-18b065810310,1,858.567164
2026/02/04/23:33:52,apply-time,rs-000922-btv4l,8fc08fbc-905d-4b11-bd92-d396d261351f,1,858.567164
2026/02/04/23:33:52,running-time,rs-000922-btv4l,8fc08fbc-905d-4b11-bd92-d396d261351f,1,858.567164
2026/02/04/23:33:55,apply-time,rs-000923-8646p,dfab8e0c-b310-4cbf-b794-42f1cb11601a,1,861.567164
2026/02/04/23:33:55,running-time,rs-000923-8646p,dfab8e0c-b310-4cbf-b794-42f1cb11601a,1,861.567164
2026/02/04/23:33:55,apply-time,rs-000923-ljsw4,1c6ed593-5d05-43d9-91d0-3faea0a59e83,1,861.567164
2026/02/04/23:33:55,running-time,rs-000923-ljsw4,1c6ed593-5d05-43d9-91d0-3faea0a59e83,1,861.567164
2026/02/04/23:33:55,apply-time,rs-000923-wvrzt,a6cc21b9-3180-44e7-9cf3-523306bddcaa,1,861.567164
2026/02/04/23:34:00,apply-time,rs-000888-fdnfr,7f255e14-6c5c-47d8-a3cd-33cdd01251e1,1,867.567164
2026/02/04/23:34:00,running-time,rs-000888-fdnfr,7f255e14-6c5c-47d8-a3cd-33cdd01251e1,1,867.567164
2026/02/04/23:34:01,running-time,rs-000923-wvrzt,a6cc21b9-3180-44e7-9cf3-523306bddcaa,1,867.567164
2026/02/04/23:34:01,apply-time,rs-000924-58h4l,563565b7-c3c2-4667-8d85-faad57cce1cc,1,867.567164
2026/02/04/23:34:01,running-time,rs-000924-58h4l,563565b7-c3c2-4667-8d85-faad57cce1cc,1,867.567164
2026/02/04/23:34:01,apply-time,rs-000924-9ssdt,61068b87-adee-4491-803f-370b700be171,1,867.567164
2026/02/04/23:34:01,running-time,rs-000924-9ssdt,61068b87-adee-4491-803f-370b700be171,1,867.567164
2026/02/04/23:34:01,apply-time,rs-000925-6mnlk,6edf7a25-6e41-4ea7-9f0d-65a4d9531fa9,1,867.567164
2026/02/04/23:34:01,running-time,rs-000925-6mnlk,6edf7a25-6e41-4ea7-9f0d-65a4d9531fa9,1,867.567164
2026/02/04/23:34:01,apply-time,rs-000925-7n7wj,8752e13a-5bb1-47f5-b67f-fc411ed86ddf,1,867.567164
2026/02/04/23:34:01,running-time,rs-000925-7n7wj,8752e13a-5bb1-47f5-b67f-fc411ed86ddf,1,867.567164
2026/02/04/23:34:01,apply-time,rs-000925-nsmq7,4c7dd3d1-cb55-4f9d-a474-75adc05ee79e,1,867.567164
2026/02/04/23:34:01,running-time,rs-000925-nsmq7,4c7dd3d1-cb55-4f9d-a474-75adc05ee79e,1,867.567164
2026/02/04/23:34:01,apply-time,rs-000926-lw5jm,d6e9a150-8e1c-4796-ae17-62319efc9e7f,1,867.567164
2026/02/04/23:34:01,running-time,rs-000926-lw5jm,d6e9a150-8e1c-4796-ae17-62319efc9e7f,1,867.567164
2026/02/04/23:34:01,apply-time,rs-000927-6qpgp,a80d615e-0b02-42d8-8a4d-32b01fa3ad16,1,867.567164
2026/02/04/23:34:01,running-time,rs-000927-6qpgp,a80d615e-0b02-42d8-8a4d-32b01fa3ad16,1,867.567164
2026/02/04/23:34:01,apply-time,rs-000927-drbfh,19bed0fc-8b95-435a-8547-582c391d03a1,1,867.567164
2026/02/04/23:34:01,running-time,rs-000927-drbfh,19bed0fc-8b95-435a-8547-582c391d03a1,1,867.567164
2026/02/04/23:34:01,apply-time,rs-000927-rjw7p,9095742e-7abf-4580-a69b-01d3d93dce99,1,867.567164
2026/02/04/23:34:01,running-time,rs-000927-rjw7p,9095742e-7abf-4580-a69b-01d3d93dce99,1,867.567164
2026/02/04/23:34:01,apply-time,rs-000928-7n6tg,4808f0e2-438d-4341-9346-e629a91182a6,1,867.567164
2026/02/04/23:34:01,running-time,rs-000928-7n6tg,4808f0e2-438d-4341-9346-e629a91182a6,1,867.567164
2026/02/04/23:34:01,apply-time,rs-000928-s54gv,530f59ff-73e3-453c-8f2e-517f4ca9b03a,1,867.567164
2026/02/04/23:34:01,running-time,rs-000928-s54gv,530f59ff-73e3-453c-8f2e-517f4ca9b03a,1,867.567164
2026/02/04/23:34:01,apply-time,rs-000929-wkbsr,f038863d-db3b-438f-ac98-9f658778e7e3,1,867.567164
2026/02/04/23:34:01,running-time,rs-000929-wkbsr,f038863d-db3b-438f-ac98-9f658778e7e3,1,867.567164
2026/02/04/23:34:04,apply-time,rs-000930-2fq4c,d356e839-15bf-4954-893c-68a2419fc1d5,1,870.567164
2026/02/04/23:34:04,apply-time,rs-000930-mlr4d,e5a7f853-cc11-4755-9b48-228a10e46cc3,1,870.567164
2026/02/04/23:34:04,apply-time,rs-000930-tg925,04712496-8c8e-48ed-8e82-231403f9e576,1,870.567164
2026/02/04/23:34:04,apply-time,rs-000931-2xsc9,e85081c0-970a-46d8-8d3b-94ca17667778,1,870.567164
2026/02/04/23:34:04,apply-time,rs-000931-4fh2g,26806050-27fe-4553-97eb-8ea9b361af04,1,870.567164
2026/02/04/23:34:04,apply-time,rs-000931-lltcv,9b22cd42-ad76-4324-877d-548140fb3728,1,870.567164
2026/02/04/23:34:04,apply-time,rs-000932-9qdlv,7ecde9ae-e7fa-4a77-951b-d4a7a6686729,1,870.567164
2026/02/04/23:34:04,running-time,rs-000932-9qdlv,7ecde9ae-e7fa-4a77-951b-d4a7a6686729,1,870.567164
2026/02/04/23:34:04,apply-time,rs-000933-mckpt,5790b90a-04fd-4ade-ba25-01c3d5c0e12d,1,870.567164
2026/02/04/23:34:04,running-time,rs-000933-mckpt,5790b90a-04fd-4ade-ba25-01c3d5c0e12d,1,870.567164
2026/02/04/23:34:04,apply-time,rs-000933-vzgj7,10808e9d-be23-48f8-a98e-04239242b80b,1,870.567164
2026/02/04/23:34:04,running-time,rs-000933-vzgj7,10808e9d-be23-48f8-a98e-04239242b80b,1,870.567164
2026/02/04/23:34:04,apply-time,rs-000933-zth2b,52d13417-3b88-400c-9825-7a287b84f4f4,1,870.567164
2026/02/04/23:34:04,running-time,rs-000933-zth2b,52d13417-3b88-400c-9825-7a287b84f4f4,1,870.567164
2026/02/04/23:34:05,apply-time,rs-000934-d72xc,d28abc9b-2610-4ee7-9d10-5b0543bffcff,1,871.567164
2026/02/04/23:34:05,running-time,rs-000934-d72xc,d28abc9b-2610-4ee7-9d10-5b0543bffcff,1,871.567164
2026/02/04/23:34:05,apply-time,rs-000934-d7vlk,cb957a61-e000-4cce-909c-572ca2653f31,1,871.567164
2026/02/04/23:34:05,running-time,rs-000934-d7vlk,cb957a61-e000-4cce-909c-572ca2653f31,1,871.567164
2026/02/04/23:34:05,apply-time,rs-000934-mhvmq,2e313888-5b9e-4698-a93c-6001a0c80ab0,1,871.567164
2026/02/04/23:34:05,running-time,rs-000934-mhvmq,2e313888-5b9e-4698-a93c-6001a0c80ab0,1,871.567164
2026/02/04/23:34:05,apply-time,rs-000935-bhss5,bf5faaf2-d9bc-4c98-91b1-0d45134f042b,1,871.567164
2026/02/04/23:34:05,running-time,rs-000935-bhss5,bf5faaf2-d9bc-4c98-91b1-0d45134f042b,1,871.567164
2026/02/04/23:34:05,apply-time,rs-000935-gskt4,9c42f641-67d2-4263-908f-4ecc04c4cf95,1,871.567164
2026/02/04/23:34:05,running-time,rs-000935-gskt4,9c42f641-67d2-4263-908f-4ecc04c4cf95,1,871.567164
2026/02/04/23:34:05,apply-time,rs-000935-vb5m7,1773156e-200a-4b29-84ec-3d56a93e158f,1,871.567164
2026/02/04/23:34:05,running-time,rs-000935-vb5m7,1773156e-200a-4b29-84ec-3d56a93e158f,1,871.567164
2026/02/04/23:34:05,apply-time,rs-000936-npshx,a950e638-e692-4f28-ab37-6c06a23325a5,1,871.567164
2026/02/04/23:34:05,running-time,rs-000936-npshx,a950e638-e692-4f28-ab37-6c06a23325a5,1,871.567164
2026/02/04/23:34:06,running-time,rs-000931-4fh2g,26806050-27fe-4553-97eb-8ea9b361af04,1,872.567164
2026/02/04/23:34:07,apply-time,rs-000937-2pvrv,a036eb56-9696-45cf-b24f-9057b36ed073,1,873.567164
2026/02/04/23:34:07,running-time,rs-000937-2pvrv,a036eb56-9696-45cf-b24f-9057b36ed073,1,873.567164
2026/02/04/23:34:07,apply-time,rs-000937-klzhb,c2d03d8c-62b5-4306-b5b3-ec6588456b95,1,873.567164
2026/02/04/23:34:07,running-time,rs-000937-klzhb,c2d03d8c-62b5-4306-b5b3-ec6588456b95,1,873.567164
2026/02/04/23:34:07,apply-time,rs-000937-rjrl2,528bfb7e-5dff-4605-8a2c-efa91f71e12b,1,873.567164
2026/02/04/23:34:07,running-time,rs-000937-rjrl2,528bfb7e-5dff-4605-8a2c-efa91f71e12b,1,873.567164
2026/02/04/23:34:07,apply-time,rs-000938-bd2wt,c6119ed7-5481-43e6-a5f4-0607d4dfd63a,1,874.567164
2026/02/04/23:34:07,running-time,rs-000938-bd2wt,c6119ed7-5481-43e6-a5f4-0607d4dfd63a,1,874.567164
2026/02/04/23:34:07,apply-time,rs-000938-rrp7m,a0d667a3-c16f-46de-8eff-21f8b7d62af8,1,874.567164
2026/02/04/23:34:07,running-time,rs-000938-rrp7m,a0d667a3-c16f-46de-8eff-21f8b7d62af8,1,874.567164
2026/02/04/23:34:07,apply-time,rs-000939-n72lp,bd1109e7-b316-4174-8857-4d4f11b2ec54,1,874.567164
2026/02/04/23:34:07,running-time,rs-000939-n72lp,bd1109e7-b316-4174-8857-4d4f11b2ec54,1,874.567164
2026/02/04/23:34:08,running-time,rs-000930-mlr4d,e5a7f853-cc11-4755-9b48-228a10e46cc3,1,874.567164
2026/02/04/23:34:09,running-time,rs-000931-2xsc9,e85081c0-970a-46d8-8d3b-94ca17667778,1,876.567164
2026/02/04/23:34:10,apply-time,rs-000940-nz4hv,398d85e2-7175-47e8-b6fb-684d278bcbfa,1,876.567164
2026/02/04/23:34:10,running-time,rs-000940-nz4hv,398d85e2-7175-47e8-b6fb-684d278bcbfa,1,876.567164
2026/02/04/23:34:10,apply-time,rs-000941-69p9t,1df7c349-eb6d-4934-9eb0-1ff0499137c2,1,876.567164
2026/02/04/23:34:10,apply-time,rs-000941-7xk49,6078999e-d457-4c5f-b91a-520b8003e14a,1,876.567164
2026/02/04/23:34:10,apply-time,rs-000942-qggz7,2e2d30db-9cec-4355-8755-3e0055e55320,1,876.567164
2026/02/04/23:34:10,running-time,rs-000942-qggz7,2e2d30db-9cec-4355-8755-3e0055e55320,1,876.567164
2026/02/04/23:34:10,apply-time,rs-000943-xc476,f5233220-1373-4a2c-bf05-ce8521eaecc0,1,876.567164
2026/02/04/23:34:10,running-time,rs-000943-xc476,f5233220-1373-4a2c-bf05-ce8521eaecc0,1,876.567164
2026/02/04/23:34:11,running-time,rs-000941-69p9t,1df7c349-eb6d-4934-9eb0-1ff0499137c2,1,878.567164
2026/02/04/23:34:12,running-time,rs-000931-lltcv,9b22cd42-ad76-4324-877d-548140fb3728,1,878.567164
2026/02/04/23:34:14,apply-time,rs-000944-dzg7d,2c572705-1083-418b-a193-609b2f5dd7c4,1,881.567164
2026/02/04/23:34:14,running-time,rs-000944-dzg7d,2c572705-1083-418b-a193-609b2f5dd7c4,1,881.567164
2026/02/04/23:34:14,apply-time,rs-000945-mr8x4,899f866b-4fe3-4c3e-a282-d1fbeb7282e2,1,881.567164
2026/02/04/23:34:14,running-time,rs-000945-mr8x4,899f866b-4fe3-4c3e-a282-d1fbeb7282e2,1,881.567164
2026/02/04/23:34:16,apply-time,rs-000946-x6p5q,92f491d9-df1c-42fb-a4e0-c55dc1673c69,1,883.567164
2026/02/04/23:34:16,running-time,rs-000946-x6p5q,92f491d9-df1c-42fb-a4e0-c55dc1673c69,1,883.567164
2026/02/04/23:34:16,apply-time,rs-000947-n8tgz,f68b741b-de96-42f2-b8f0-d60c80d6901d,1,883.567164
2026/02/04/23:34:16,running-time,rs-000947-n8tgz,f68b741b-de96-42f2-b8f0-d60c80d6901d,1,883.567164
2026/02/04/23:34:17,apply-time,rs-000948-r8rf5,c36dcb5c-ead2-4b4f-938f-74ac41b4d4a8,1,883.567164
2026/02/04/23:34:17,running-time,rs-000948-r8rf5,c36dcb5c-ead2-4b4f-938f-74ac41b4d4a8,1,883.567164
2026/02/04/23:34:17,apply-time,rs-000949-n6wd2,7b9a89a7-9576-4896-9308-2f0c87a8fe7d,1,883.567164
2026/02/04/23:34:17,running-time,rs-000949-n6wd2,7b9a89a7-9576-4896-9308-2f0c87a8fe7d,1,883.567164
2026/02/04/23:34:17,apply-time,rs-000949-wkd9k,daa423d8-0d44-4153-9a96-b9dc5da4c29f,1,883.567164
2026/02/04/23:34:17,running-time,rs-000949-wkd9k,daa423d8-0d44-4153-9a96-b9dc5da4c29f,1,883.567164
2026/02/04/23:34:17,apply-time,rs-000950-vsg89,0f92964c-699a-4ca1-b884-2127c4b879b6,1,883.567164
2026/02/04/23:34:17,running-time,rs-000950-vsg89,0f92964c-699a-4ca1-b884-2127c4b879b6,1,883.567164
2026/02/04/23:34:20,apply-time,rs-000951-xkhcf,6bf15af1-ec59-4039-8422-bad59a087173,1,887.567164
2026/02/04/23:34:20,running-time,rs-000951-xkhcf,6bf15af1-ec59-4039-8422-bad59a087173,1,887.567164
2026/02/04/23:34:29,apply-time,rs-000952-6kplk,d7afea0d-d6c9-41cd-952b-52e0d00051c4,1,895.567164
2026/02/04/23:34:29,running-time,rs-000952-6kplk,d7afea0d-d6c9-41cd-952b-52e0d00051c4,1,895.567164
2026/02/04/23:34:29,apply-time,rs-000953-8t6hk,6bb4ff76-1dac-49bb-9c68-3e7005d7cd30,1,895.567164
2026/02/04/23:34:29,running-time,rs-000953-8t6hk,6bb4ff76-1dac-49bb-9c68-3e7005d7cd30,1,895.567164
2026/02/04/23:34:29,apply-time,rs-000953-gcxbt,c8505166-864e-4253-bcef-04578ddd58c2,1,895.567164
2026/02/04/23:34:29,running-time,rs-000953-gcxbt,c8505166-864e-4253-bcef-04578ddd58c2,1,895.567164
2026/02/04/23:34:29,apply-time,rs-000953-pr4zk,f6228941-3652-48f7-962c-c17f92750cae,1,895.567164
2026/02/04/23:34:29,running-time,rs-000953-pr4zk,f6228941-3652-48f7-962c-c17f92750cae,1,895.567164
2026/02/04/23:34:29,apply-time,rs-000954-s5tpn,2dcadb6a-ecdc-43a8-a948-20e8ab5d50d3,1,895.567164
2026/02/04/23:34:29,running-time,rs-000954-s5tpn,2dcadb6a-ecdc-43a8-a948-20e8ab5d50d3,1,895.567164
2026/02/04/23:34:29,apply-time,rs-000954-tc7nn,207eac77-f112-4bff-afc8-c3151566c6f7,1,895.567164
2026/02/04/23:34:29,running-time,rs-000954-tc7nn,207eac77-f112-4bff-afc8-c3151566c6f7,1,895.567164
2026/02/04/23:34:29,apply-time,rs-000955-4hwwx,e8ae472e-f08b-4697-9b68-accd31c6a499,1,895.567164
2026/02/04/23:34:29,running-time,rs-000955-4hwwx,e8ae472e-f08b-4697-9b68-accd31c6a499,1,895.567164
2026/02/04/23:34:29,apply-time,rs-000956-w9k9x,425e23af-7af6-4467-a282-5043ecf1ba08,1,895.567164
2026/02/04/23:34:29,running-time,rs-000956-w9k9x,425e23af-7af6-4467-a282-5043ecf1ba08,1,895.567164
2026/02/04/23:34:31,apply-time,rs-000957-mpghs,943c71b2-3de8-45bc-99bd-753a98ebd11a,1,897.567164
2026/02/04/23:34:31,running-time,rs-000957-mpghs,943c71b2-3de8-45bc-99bd-753a98ebd11a,1,897.567164
2026/02/04/23:34:31,apply-time,rs-000958-d75qn,ef064f7d-d26a-4c0d-a1f7-d7ed08306e18,1,897.567164
2026/02/04/23:34:31,running-time,rs-000958-d75qn,ef064f7d-d26a-4c0d-a1f7-d7ed08306e18,1,897.567164
2026/02/04/23:34:31,apply-time,rs-000959-q25xz,7d64f96b-9498-4952-af22-42bfbafe884f,1,897.567164
2026/02/04/23:34:31,running-time,rs-000959-q25xz,7d64f96b-9498-4952-af22-42bfbafe884f,1,897.567164
2026/02/04/23:34:32,apply-time,rs-000960-9xjjn,7ec169d1-2d60-4548-a2cc-54f1e3cde289,1,898.567164
2026/02/04/23:34:32,running-time,rs-000960-9xjjn,7ec169d1-2d60-4548-a2cc-54f1e3cde289,1,898.567164
2026/02/04/23:34:32,apply-time,rs-000960-tbs54,186a33af-a3f9-4cb8-9066-148dd6770720,1,898.567164
2026/02/04/23:34:32,running-time,rs-000960-tbs54,186a33af-a3f9-4cb8-9066-148dd6770720,1,898.567164
2026/02/04/23:34:32,apply-time,rs-000961-nl2n8,8761e514-9774-4f9c-b250-dcf5bc878566,1,898.567164
2026/02/04/23:34:32,running-time,rs-000961-nl2n8,8761e514-9774-4f9c-b250-dcf5bc878566,1,898.567164
2026/02/04/23:34:32,apply-time,rs-000961-qxkrz,ea1e8dc2-f442-4cd9-b56c-211db76e8643,1,898.567164
2026/02/04/23:34:32,running-time,rs-000961-qxkrz,ea1e8dc2-f442-4cd9-b56c-211db76e8643,1,898.567164
2026/02/04/23:34:32,apply-time,rs-000962-q9p44,f70aebba-e925-45e0-8bfb-7df3027f4dc2,1,898.567164
2026/02/04/23:34:32,running-time,rs-000962-q9p44,f70aebba-e925-45e0-8bfb-7df3027f4dc2,1,898.567164
2026/02/04/23:34:32,apply-time,rs-000962-z65br,5d634745-3587-4fa4-bc1c-75cfc01b5780,1,898.567164
2026/02/04/23:34:32,running-time,rs-000962-z65br,5d634745-3587-4fa4-bc1c-75cfc01b5780,1,898.567164
2026/02/04/23:34:32,apply-time,rs-000963-pvp26,ed0ac363-ff68-44fa-a8b0-b22a5a1e121f,1,898.567164
2026/02/04/23:34:32,running-time,rs-000963-pvp26,ed0ac363-ff68-44fa-a8b0-b22a5a1e121f,1,898.567164
2026/02/04/23:34:32,apply-time,rs-000964-kk9j2,e4359da1-a2af-48cb-a385-5c00dea140fa,1,898.567164
2026/02/04/23:34:32,running-time,rs-000964-kk9j2,e4359da1-a2af-48cb-a385-5c00dea140fa,1,898.567164
2026/02/04/23:34:32,apply-time,rs-000965-ktr5x,df0c1772-2fe4-4cc6-9def-b13b7f5746e3,1,898.567164
2026/02/04/23:34:32,apply-time,rs-000965-mwhpp,f51515e7-33e4-4bac-8544-b935e035f647,1,898.567164
2026/02/04/23:34:32,apply-time,rs-000965-qrdfm,7520130e-3d55-4929-9425-85c143e4a200,1,898.567164
2026/02/04/23:34:33,running-time,rs-000965-qrdfm,7520130e-3d55-4929-9425-85c143e4a200,1,899.567164
2026/02/04/23:34:33,apply-time,rs-000966-4xdc9,daecee54-4829-430c-ae39-52bda8cc41fc,1,899.567164
2026/02/04/23:34:33,apply-time,rs-000966-gjr74,ca2d3ed0-6f4c-4e9f-980a-acd4cfdcc999,1,899.567164
2026/02/04/23:34:33,apply-time,rs-000967-6xjhk,183c49cd-7b91-469a-bbcc-02ff95acbdbb,1,899.567164
2026/02/04/23:34:33,running-time,rs-000967-6xjhk,183c49cd-7b91-469a-bbcc-02ff95acbdbb,1,899.567164
2026/02/04/23:34:33,apply-time,rs-000967-rxm4b,3eaecdec-0b9a-4e3b-80d3-206ca0783ae5,1,899.567164
2026/02/04/23:34:33,running-time,rs-000967-rxm4b,3eaecdec-0b9a-4e3b-80d3-206ca0783ae5,1,899.567164
2026/02/04/23:34:33,apply-time,rs-000968-fwxfp,a176a256-86e1-4d67-901c-ff3ff54562d2,1,899.567164
2026/02/04/23:34:33,running-time,rs-000968-fwxfp,a176a256-86e1-4d67-901c-ff3ff54562d2,1,899.567164
2026/02/04/23:34:33,apply-time,rs-000969-hrxsb,d1e78655-81bb-4fb8-b733-54da27771616,1,899.567164
2026/02/04/23:34:33,apply-time,rs-000970-8q7rb,84772657-2ec2-4a0d-8652-f7ef70ba391b,1,899.567164
2026/02/04/23:34:34,apply-time,rs-000971-kzgd2,695ac0f3-71ac-4e23-8783-0c2b8637d82a,1,900.567164
2026/02/04/23:34:34,running-time,rs-000971-kzgd2,695ac0f3-71ac-4e23-8783-0c2b8637d82a,1,900.567164
2026/02/04/23:34:34,apply-time,rs-000972-fdv6m,603aa6e6-d3de-4951-93b5-febb47b64fb1,1,900.567164
2026/02/04/23:34:34,running-time,rs-000972-fdv6m,603aa6e6-d3de-4951-93b5-febb47b64fb1,1,900.567164
2026/02/04/23:34:34,apply-time,rs-000972-g2gbx,e2201073-123a-4a00-80aa-ccdf0c3ec2f1,1,900.567164
2026/02/04/23:34:34,running-time,rs-000972-g2gbx,e2201073-123a-4a00-80aa-ccdf0c3ec2f1,1,900.567164
2026/02/04/23:34:34,apply-time,rs-000972-kqqbv,9ed5811c-ff1f-4999-a268-5ebf48a9332f,1,900.567164
2026/02/04/23:34:34,running-time,rs-000972-kqqbv,9ed5811c-ff1f-4999-a268-5ebf48a9332f,1,900.567164
2026/02/04/23:34:34,apply-time,rs-000973-nzj9t,4de6916f-87ea-4a8a-a355-ae3152adef8d,1,900.567164
2026/02/04/23:34:34,apply-time,rs-000974-lc8xg,826ba3c2-4cee-4dd3-8f9a-2ee52c5f4dca,1,901.567164
2026/02/04/23:34:35,apply-time,rs-000974-br6c8,a433e4f4-af82-48cb-a39f-afa2e4902900,1,901.567164
2026/02/04/23:34:35,apply-time,rs-000974-f749z,35e79f41-9ed9-4383-a5d7-043a73c2ec51,1,901.567164
2026/02/04/23:34:36,apply-time,rs-000975-9cn5s,d48e9891-ec84-44fe-98d9-3b7e805d74d4,1,902.567164
2026/02/04/23:34:36,running-time,rs-000975-9cn5s,d48e9891-ec84-44fe-98d9-3b7e805d74d4,1,902.567164
2026/02/04/23:34:36,apply-time,rs-000976-ld2d6,7470fce8-7738-4632-85c5-a52f20a2ea17,1,902.567164
2026/02/04/23:34:36,apply-time,rs-000976-srhd6,ca7eb41d-7def-4193-95b8-0b759a7d56fa,1,902.567164
2026/02/04/23:34:36,apply-time,rs-000977-795qq,2bf70386-3090-4436-914b-97366919944a,1,902.567164
2026/02/04/23:34:36,running-time,rs-000977-795qq,2bf70386-3090-4436-914b-97366919944a,1,902.567164
2026/02/04/23:34:36,apply-time,rs-000977-865r2,9d38a475-de92-4973-b90e-2342323f9eb9,1,902.567164
2026/02/04/23:34:36,running-time,rs-000977-865r2,9d38a475-de92-4973-b90e-2342323f9eb9,1,902.567164
2026/02/04/23:34:36,apply-time,rs-000978-jhq6p,039bf68d-ed24-4d6a-8ee0-6a83f9188be5,1,902.567164
2026/02/04/23:34:36,running-time,rs-000978-jhq6p,039bf68d-ed24-4d6a-8ee0-6a83f9188be5,1,902.567164
2026/02/04/23:34:36,apply-time,rs-000978-wbxrk,883d5a9b-add9-4a5c-a0b2-54d63dc04885,1,902.567164
2026/02/04/23:34:36,running-time,rs-000978-wbxrk,883d5a9b-add9-4a5c-a0b2-54d63dc04885,1,902.567164
2026/02/04/23:34:36,apply-time,rs-000979-56qmn,c8f5e274-52f7-476d-b9bd-23330e6f58d2,1,902.567164
2026/02/04/23:34:36,running-time,rs-000979-56qmn,c8f5e274-52f7-476d-b9bd-23330e6f58d2,1,902.567164
2026/02/04/23:34:36,apply-time,rs-000979-wdr28,11637ec0-5eb6-44cf-bb55-4c36000f571c,1,903.567164
2026/02/04/23:34:36,running-time,rs-000979-wdr28,11637ec0-5eb6-44cf-bb55-4c36000f571c,1,903.567164
2026/02/04/23:34:36,apply-time,rs-000979-xz5zp,597115cf-6a24-4629-8821-7c9f01351164,1,903.567164
2026/02/04/23:34:36,running-time,rs-000979-xz5zp,597115cf-6a24-4629-8821-7c9f01351164,1,903.567164
2026/02/04/23:34:36,apply-time,rs-000980-zpjlk,19c50cc5-a98f-4eeb-a682-e468bf8a7316,1,902.567164
2026/02/04/23:34:36,running-time,rs-000980-zpjlk,19c50cc5-a98f-4eeb-a682-e468bf8a7316,1,902.567164
2026/02/04/23:34:36,apply-time,rs-000981-26jv4,ecd8cbbe-d1a2-4286-b826-4a21a335144e,1,903.567164
2026/02/04/23:34:37,running-time,rs-000981-26jv4,ecd8cbbe-d1a2-4286-b826-4a21a335144e,1,903.567164
2026/02/04/23:34:37,apply-time,rs-000981-v26t8,8fea2482-4770-41f2-aa77-6de641ed19da,1,903.567164
2026/02/04/23:34:37,apply-time,rs-000981-vklr2,022b01e7-9e83-400a-8140-e9c38361a2fc,1,903.567164
2026/02/04/23:34:37,running-time,rs-000981-vklr2,022b01e7-9e83-400a-8140-e9c38361a2fc,1,903.567164
2026/02/04/23:34:37,apply-time,rs-000982-cr6w4,b4fa4861-f614-4405-9f79-e82ac3db354e,1,903.567164
2026/02/04/23:34:37,apply-time,rs-000983-678fv,10e5347f-9703-46b4-bacf-5f9f694cfc61,1,903.567164
2026/02/04/23:34:37,running-time,rs-000983-678fv,10e5347f-9703-46b4-bacf-5f9f694cfc61,1,903.567164
2026/02/04/23:34:37,apply-time,rs-000983-spxcv,ff2dbb23-cb60-4a68-838b-5df90f7ff956,1,903.567164
2026/02/04/23:34:37,running-time,rs-000983-spxcv,ff2dbb23-cb60-4a68-838b-5df90f7ff956,1,903.567164
2026/02/04/23:34:37,apply-time,rs-000983-z4swr,3a544100-573d-408a-8424-81663eb79a44,1,903.567164
2026/02/04/23:34:37,running-time,rs-000983-z4swr,3a544100-573d-408a-8424-81663eb79a44,1,903.567164
2026/02/04/23:34:37,apply-time,rs-000984-m5rkm,a61e8d1f-11c2-460a-a8e1-6f670a75da2a,1,903.567164
2026/02/04/23:34:37,running-time,rs-000984-m5rkm,a61e8d1f-11c2-460a-a8e1-6f670a75da2a,1,903.567164
2026/02/04/23:34:37,apply-time,rs-000985-2874w,7e8cf7e3-a20c-42b9-9748-b79a89335f0a,1,903.567164
2026/02/04/23:34:37,running-time,rs-000985-2874w,7e8cf7e3-a20c-42b9-9748-b79a89335f0a,1,904.567164
2026/02/04/23:34:37,apply-time,rs-000985-ctgwc,7f92b30a-8849-40ee-b0d0-c8d7250aaebf,1,903.567164
2026/02/04/23:34:37,running-time,rs-000985-ctgwc,7f92b30a-8849-40ee-b0d0-c8d7250aaebf,1,903.567164
2026/02/04/23:34:37,apply-time,rs-000985-mhdt7,1068418a-500c-439b-8f35-3218a373d653,1,904.567164
2026/02/04/23:34:37,running-time,rs-000985-mhdt7,1068418a-500c-439b-8f35-3218a373d653,1,904.567164
2026/02/04/23:34:37,apply-time,rs-000986-q4fff,117605b3-31da-432e-bd5b-55f1b19b9e41,1,904.567164
2026/02/04/23:34:37,running-time,rs-000986-q4fff,117605b3-31da-432e-bd5b-55f1b19b9e41,1,904.567164
2026/02/04/23:34:37,apply-time,rs-000987-8jj25,be3566fa-22a4-45a2-ba24-b02562f9010e,1,904.567164
2026/02/04/23:34:37,apply-time,rs-000988-47hwl,50af02b4-8ae2-4895-bcc0-92a56068aa36,1,904.567164
2026/02/04/23:34:37,running-time,rs-000988-47hwl,50af02b4-8ae2-4895-bcc0-92a56068aa36,1,904.567164
2026/02/04/23:34:38,running-time,rs-000981-v26t8,8fea2482-4770-41f2-aa77-6de641ed19da,1,904.567164
2026/02/04/23:34:38,apply-time,rs-000986-95kkb,92bb845f-9e57-4744-b30e-b404d56f9d33,1,904.567164
2026/02/04/23:34:38,running-time,rs-000986-95kkb,92bb845f-9e57-4744-b30e-b404d56f9d33,1,904.567164
2026/02/04/23:34:38,apply-time,rs-000986-qd4cb,dfc21a0c-b0eb-4514-ab5b-95db45b8c73f,1,904.567164
2026/02/04/23:34:38,running-time,rs-000986-qd4cb,dfc21a0c-b0eb-4514-ab5b-95db45b8c73f,1,904.567164
2026/02/04/23:34:38,apply-time,rs-000987-4df7r,82613ff2-08ce-4875-a576-e08c8e9cb2e7,1,904.567164
2026/02/04/23:34:38,running-time,rs-000987-4df7r,82613ff2-08ce-4875-a576-e08c8e9cb2e7,1,904.567164
2026/02/04/23:34:38,running-time,rs-000987-8jj25,be3566fa-22a4-45a2-ba24-b02562f9010e,1,904.567164
2026/02/04/23:34:38,apply-time,rs-000987-kt4kq,d7ffd8f9-b94c-46c4-8eab-b246cd27c95f,1,904.567164
2026/02/04/23:34:38,running-time,rs-000987-kt4kq,d7ffd8f9-b94c-46c4-8eab-b246cd27c95f,1,904.567164
2026/02/04/23:34:38,apply-time,rs-000988-kqmks,eb22b34b-ab01-4bf2-95a7-5b77f37be050,1,904.567164
2026/02/04/23:34:38,apply-time,rs-000989-lblqm,3df6849a-3c39-4eea-ac17-50c0c2bde179,1,904.567164
2026/02/04/23:34:38,apply-time,rs-000990-j9tc6,8e094eae-6a52-4641-8de2-2d6ad3cfdc70,1,905.567164
2026/02/04/23:34:38,apply-time,rs-000991-d5xg7,01f6f65b-d881-49c9-9cdb-2f05f7b0253c,1,905.567164
2026/02/04/23:34:39,apply-time,rs-000989-k5ltg,2199f8b2-19e2-4a6b-9c95-8632e3db56eb,1,905.567164
2026/02/04/23:34:39,apply-time,rs-000989-xnr9h,d9296ba0-1901-4db4-8644-7a7a162f4e0e,1,905.567164
2026/02/04/23:34:39,apply-time,rs-000990-h6t2k,ca8899ba-034f-475a-962e-b2bc26cd5f52,1,905.567164
2026/02/04/23:34:39,running-time,rs-000990-j9tc6,8e094eae-6a52-4641-8de2-2d6ad3cfdc70,1,905.567164
2026/02/04/23:34:39,apply-time,rs-000990-wmdwc,efec245a-345f-41ba-bf32-9c58b93eb9d3,1,905.567164
2026/02/04/23:34:39,running-time,rs-000990-wmdwc,efec245a-345f-41ba-bf32-9c58b93eb9d3,1,905.567164
2026/02/04/23:34:39,apply-time,rs-000991-q48mr,b70027e7-dc23-4436-aba1-3780550c8551,1,905.567164
2026/02/04/23:34:39,apply-time,rs-000992-8d84w,82c70620-e96a-4ff0-85e0-8d135c20d60f,1,905.567164
2026/02/04/23:34:39,running-time,rs-000992-8d84w,82c70620-e96a-4ff0-85e0-8d135c20d60f,1,905.567164
2026/02/04/23:34:39,apply-time,rs-000993-29l4m,794589af-bcfa-4d3f-a0a7-6f2e1f5dbc0d,1,905.567164
2026/02/04/23:34:39,apply-time,rs-000993-kj5lp,b4f672f2-713d-4d93-b8ec-5ae8caa59057,1,905.567164
2026/02/04/23:34:40,running-time,rs-000990-h6t2k,ca8899ba-034f-475a-962e-b2bc26cd5f52,1,906.567164
2026/02/04/23:34:40,apply-time,rs-000995-7j2k9,4c8ff228-9a05-40b3-a9dd-82aca75c18c1,1,906.567164
2026/02/04/23:34:40,running-time,rs-000995-7j2k9,4c8ff228-9a05-40b3-a9dd-82aca75c18c1,1,906.567164
2026/02/04/23:34:40,apply-time,rs-000996-98lxq,996a73f6-6dce-4558-8156-ac025df3d8a5,1,906.567164
2026/02/04/23:34:40,apply-time,rs-000996-hmb78,0918a34f-c353-408b-9e66-254b50cab509,1,906.567164
2026/02/04/23:34:40,apply-time,rs-000996-q2r45,3904ef12-4972-4e9e-8dae-b9cef3992e2f,1,906.567164
2026/02/04/23:34:40,apply-time,rs-000997-8h744,e0124a03-bffa-4970-85fd-729c366d687b,1,906.567164
2026/02/04/23:34:40,running-time,rs-000997-8h744,e0124a03-bffa-4970-85fd-729c366d687b,1,906.567164
2026/02/04/23:34:40,apply-time,rs-000997-brqbs,26277644-a7bb-4c02-93b8-f2c31c5d74ed,1,906.567164
2026/02/04/23:34:40,running-time,rs-000997-brqbs,26277644-a7bb-4c02-93b8-f2c31c5d74ed,1,906.567164
2026/02/04/23:34:40,apply-time,rs-000997-fdflp,f1249190-9617-4e3f-b64c-d6a309203e2f,1,906.567164
2026/02/04/23:34:40,running-time,rs-000997-fdflp,f1249190-9617-4e3f-b64c-d6a309203e2f,1,906.567164
2026/02/04/23:34:40,apply-time,rs-000998-gt2h2,096121bb-2d9f-427d-97e9-3e1f639efee2,1,907.567164
2026/02/04/23:34:40,running-time,rs-000998-gt2h2,096121bb-2d9f-427d-97e9-3e1f639efee2,1,907.567164
2026/02/04/23:34:40,apply-time,rs-000999-tvjzd,fd874fe1-b0ee-43b7-aaef-f95183b7f976,1,907.567164
2026/02/04/23:34:40,apply-time,rs-001000-9vlnp,da944f38-8dde-4ea1-9e3f-9e73b7d75093,1,906.567164
2026/02/04/23:34:40,running-time,rs-001000-9vlnp,da944f38-8dde-4ea1-9e3f-9e73b7d75093,1,906.567164
2026/02/04/23:34:41,apply-time,rs-000998-7k287,56b5b294-71b3-434d-b1a3-47a0eff63fa3,1,907.567164
2026/02/04/23:34:41,running-time,rs-000998-7k287,56b5b294-71b3-434d-b1a3-47a0eff63fa3,1,907.567164
2026/02/04/23:34:41,apply-time,rs-000998-ct72t,16f7e648-3493-42f8-ae35-1392bf102e47,1,907.567164
2026/02/04/23:34:41,running-time,rs-000998-ct72t,16f7e648-3493-42f8-ae35-1392bf102e47,1,907.567164
2026/02/04/23:34:41,apply-time,rs-001001-c2vwc,cf72b0be-bc60-4b5f-9282-2e74145e42ad,1,907.567164
2026/02/04/23:34:41,running-time,rs-001001-c2vwc,cf72b0be-bc60-4b5f-9282-2e74145e42ad,1,907.567164
2026/02/04/23:34:41,apply-time,rs-001002-z52nx,db2d904f-7747-4117-879a-e5bb617de6d3,1,907.567164
2026/02/04/23:34:41,running-time,rs-001002-z52nx,db2d904f-7747-4117-879a-e5bb617de6d3,1,907.567164
2026/02/04/23:34:41,apply-time,rs-001003-z2rhf,a57c71b0-abd7-4811-92fd-28d3cd2b4132,1,907.567164
2026/02/04/23:34:41,apply-time,rs-001004-b5rvb,14b10e91-d4a9-4d54-8e12-6c16076b3ffb,1,908.567164
2026/02/04/23:34:41,running-time,rs-001004-b5rvb,14b10e91-d4a9-4d54-8e12-6c16076b3ffb,1,908.567164
2026/02/04/23:34:42,apply-time,rs-001003-hmsbz,81031270-87b7-404c-8878-e3af1e7c5272,1,908.567164
2026/02/04/23:34:42,apply-time,rs-001003-ws5pq,9ec1282b-b83a-499e-9817-d6cb728b3137,1,908.567164
2026/02/04/23:34:43,apply-time,rs-001005-6ld6w,a3439e9b-61fc-4473-99d1-fcbd5836e70f,1,910.567164
2026/02/04/23:34:43,apply-time,rs-001005-79xj4,c6d72c1c-fc28-4592-9e56-63d4703c01ca,1,909.567164
2026/02/04/23:34:43,running-time,rs-001005-79xj4,c6d72c1c-fc28-4592-9e56-63d4703c01ca,1,909.567164
2026/02/04/23:34:43,apply-time,rs-001006-xdpkz,0536f1f6-bd6b-4429-9a9d-d839284b7652,1,909.567164
2026/02/04/23:34:43,running-time,rs-001006-xdpkz,0536f1f6-bd6b-4429-9a9d-d839284b7652,1,909.567164
2026/02/04/23:34:43,apply-time,rs-001007-dp9dm,b4ed6f40-014c-4269-833e-5a7f46d4bb52,1,909.567164
2026/02/04/23:34:43,apply-time,rs-001008-szn6c,1c8f4105-904d-4d75-b771-03b5dada38c7,1,909.567164
2026/02/04/23:34:44,apply-time,rs-001008-6hzpb,10245c5c-8d8f-4a83-9f80-f17aa49cea92,1,910.567164
2026/02/04/23:34:44,running-time,rs-001008-6hzpb,10245c5c-8d8f-4a83-9f80-f17aa49cea92,1,910.567164
2026/02/04/23:34:44,apply-time,rs-001008-jw4xd,db1fb961-892e-442b-be83-dd5cdfe7c313,1,910.567164
2026/02/04/23:34:44,running-time,rs-001008-jw4xd,db1fb961-892e-442b-be83-dd5cdfe7c313,1,911.567164
2026/02/04/23:34:44,running-time,rs-001008-szn6c,1c8f4105-904d-4d75-b771-03b5dada38c7,1,910.567164
2026/02/04/23:34:44,apply-time,rs-001009-pnfbk,e74430e6-a73a-43a7-92dd-5c427a58e493,1,910.567164
2026/02/04/23:34:44,running-time,rs-001009-pnfbk,e74430e6-a73a-43a7-92dd-5c427a58e493,1,910.567164
2026/02/04/23:34:44,apply-time,rs-001010-7qdz8,803e9f04-f697-47ff-a9ef-38b79707ac17,1,910.567164
2026/02/04/23:34:44,running-time,rs-001010-7qdz8,803e9f04-f697-47ff-a9ef-38b79707ac17,1,910.567164
2026/02/04/23:34:44,apply-time,rs-001010-qmbnl,3769cda5-5b80-4d8f-9d04-a3513022b076,1,910.567164
2026/02/04/23:34:44,running-time,rs-001010-qmbnl,3769cda5-5b80-4d8f-9d04-a3513022b076,1,910.567164
2026/02/04/23:34:44,apply-time,rs-001010-xjbgf,ffef56ac-f9f2-40f6-88ce-8522bf95bb69,1,910.567164
2026/02/04/23:34:44,running-time,rs-001010-xjbgf,ffef56ac-f9f2-40f6-88ce-8522bf95bb69,1,910.567164
2026/02/04/23:34:44,apply-time,rs-001011-j7ffp,e0b3097d-3dee-410a-92c9-f9a3bbbdf352,1,911.567164
2026/02/04/23:34:44,apply-time,rs-001012-4774m,c45cfb47-4254-4cc8-9c71-294c85cc3470,1,911.567164
2026/02/04/23:34:45,apply-time,rs-001011-5shhl,52b5890a-3dd0-4144-8c78-bc552f23ec1c,1,911.567164
2026/02/04/23:34:45,running-time,rs-001011-j7ffp,e0b3097d-3dee-410a-92c9-f9a3bbbdf352,1,911.567164
2026/02/04/23:34:45,apply-time,rs-001011-t8b7r,806a5e3b-6067-43e5-9544-5b37d072bd3c,1,911.567164
2026/02/04/23:34:45,running-time,rs-001012-4774m,c45cfb47-4254-4cc8-9c71-294c85cc3470,1,911.567164
2026/02/04/23:34:45,apply-time,rs-001013-27tsq,5a5bdb4c-0d4e-47e0-a36c-501335cb0b9a,1,911.567164
2026/02/04/23:34:45,apply-time,rs-001013-ghxmd,4ae1641e-bb87-4d6e-9b6a-06232c5e218e,1,911.567164
2026/02/04/23:34:45,apply-time,rs-001014-s286q,f3412c26-cbc3-4f0e-b770-4910a5392509,1,911.567164
2026/02/04/23:34:45,apply-time,rs-001015-8z2z9,e960680f-7203-4326-ae5e-511c8f274c8f,1,911.567164
2026/02/04/23:34:45,apply-time,rs-001016-wg8p7,872327e8-9a50-47d9-a00d-5082508ea78e,1,911.567164
2026/02/04/23:34:46,running-time,rs-001013-27tsq,5a5bdb4c-0d4e-47e0-a36c-501335cb0b9a,1,912.567164
2026/02/04/23:34:46,running-time,rs-001013-ghxmd,4ae1641e-bb87-4d6e-9b6a-06232c5e218e,1,912.567164
2026/02/04/23:34:46,running-time,rs-001014-s286q,f3412c26-cbc3-4f0e-b770-4910a5392509,1,912.567164
2026/02/04/23:34:46,apply-time,rs-001017-7ccgh,15d06769-7933-4626-91e4-dbc1e70f30e5,1,912.567164
2026/02/04/23:34:46,apply-time,rs-001018-cgrdc,b4fc00ed-a4e7-4652-bd83-c69b73aaedb9,1,912.567164
2026/02/04/23:34:46,apply-time,rs-001018-qf2zw,2f60efac-fdc8-4a50-9dc9-76956cf1ae65,1,913.567164
2026/02/04/23:34:46,apply-time,rs-001019-5hc55,afb156ec-71a2-4c1a-a04b-c58e5526fbd4,1,912.567164
2026/02/04/23:34:46,running-time,rs-001019-5hc55,afb156ec-71a2-4c1a-a04b-c58e5526fbd4,1,912.567164
2026/02/04/23:34:46,apply-time,rs-001020-gg5b4,2c3e9e01-d119-456d-b375-294b63285a71,1,913.567164
2026/02/04/23:34:47,apply-time,rs-001019-272s6,663823b8-4f0d-479b-8f46-843b9ac70921,1,913.567164
2026/02/04/23:34:47,apply-time,rs-001021-6sfvb,e1aa151d-bbf0-418c-b2cc-6301c0269a22,1,913.567164
2026/02/04/23:34:47,apply-time,rs-001021-ztxh7,0c2e1b57-0cb2-4565-9da2-86c3951be0b7,1,913.567164
2026/02/04/23:34:47,apply-time,rs-001022-tzstq,d98a8dc2-4a9f-420e-862d-3763992ddf0d,1,913.567164
2026/02/04/23:34:47,apply-time,rs-001023-p4vbv,8d750544-1c43-434e-a02a-1dc68d59a3a1,1,914.567164
2026/02/04/23:34:47,apply-time,rs-001024-mn95c,b80cc089-806d-42ae-adad-a8f27b9bb196,1,913.567164
2026/02/04/23:34:47,apply-time,rs-001025-69p95,fede656e-b864-47fb-bc8a-db7e1b4e498c,1,914.567164
2026/02/04/23:34:47,apply-time,rs-001025-b7g7m,aefda4b4-0632-4d51-ba11-9d1fb8a87dca,1,913.567164
2026/02/04/23:34:47,apply-time,rs-001025-grgn2,5f958322-026e-4b62-a774-80d2a8035a5a,1,914.567164
2026/02/04/23:34:48,running-time,rs-001015-8z2z9,e960680f-7203-4326-ae5e-511c8f274c8f,1,915.567164
2026/02/04/23:34:48,running-time,rs-001018-qf2zw,2f60efac-fdc8-4a50-9dc9-76956cf1ae65,1,914.567164
2026/02/04/23:34:48,running-time,rs-001020-gg5b4,2c3e9e01-d119-456d-b375-294b63285a71,1,914.567164
2026/02/04/23:34:48,running-time,rs-001021-6sfvb,e1aa151d-bbf0-418c-b2cc-6301c0269a22,1,914.567164
2026/02/04/23:34:48,running-time,rs-001021-ztxh7,0c2e1b57-0cb2-4565-9da2-86c3951be0b7,1,914.567164
2026/02/04/23:34:48,apply-time,rs-001024-2r2q2,f9ef51f5-6add-4d84-893f-64c5f17d023f,1,914.567164
2026/02/04/23:34:48,apply-time,rs-001024-bgfjb,167f55e4-5031-4213-b24b-ff017228a730,1,914.567164
2026/02/04/23:34:49,running-time,rs-001011-5shhl,52b5890a-3dd0-4144-8c78-bc552f23ec1c,1,915.567164
2026/02/04/23:34:49,running-time,rs-001011-t8b7r,806a5e3b-6067-43e5-9544-5b37d072bd3c,1,915.567164
2026/02/04/23:34:49,running-time,rs-001016-wg8p7,872327e8-9a50-47d9-a00d-5082508ea78e,1,915.567164
2026/02/04/23:34:49,running-time,rs-001018-cgrdc,b4fc00ed-a4e7-4652-bd83-c69b73aaedb9,1,915.567164
2026/02/04/23:34:49,running-time,rs-001019-272s6,663823b8-4f0d-479b-8f46-843b9ac70921,1,915.567164
2026/02/04/23:34:49,apply-time,rs-001026-nnxzx,1904ccff-a915-4d48-8df1-de311506d534,1,916.567164
2026/02/04/23:34:49,apply-time,rs-001027-fjrfg,d57d99b5-649e-44e9-81d2-2a189533faad,1,916.567164
2026/02/04/23:34:49,apply-time,rs-001028-5sf4n,7241a08f-d834-49a9-b0b7-4d8babd46f27,1,916.567164
2026/02/04/23:34:50,apply-time,rs-001026-dn8sr,9698eb59-0676-47f5-ab4b-e539a80a1348,1,916.567164
2026/02/04/23:34:50,apply-time,rs-001026-kp69d,8a588e8a-8b2e-4432-9888-8794013ae81e,1,916.567164
2026/02/04/23:34:50,apply-time,rs-001027-fb7ks,9fc496c8-d381-44c2-9bbd-ea21c22cb9b8,1,916.567164
2026/02/04/23:34:50,running-time,rs-001027-fb7ks,9fc496c8-d381-44c2-9bbd-ea21c22cb9b8,1,917.567164
2026/02/04/23:34:50,running-time,rs-001027-fjrfg,d57d99b5-649e-44e9-81d2-2a189533faad,1,917.567164
2026/02/04/23:34:51,running-time,rs-001026-dn8sr,9698eb59-0676-47f5-ab4b-e539a80a1348,1,917.567164
2026/02/04/23:34:53,running-time,rs-000965-ktr5x,df0c1772-2fe4-4cc6-9def-b13b7f5746e3,1,919.567164
2026/02/04/23:34:53,running-time,rs-000965-mwhpp,f51515e7-33e4-4bac-8544-b935e035f647,1,919.567164
2026/02/04/23:34:53,running-time,rs-000996-hmb78,0918a34f-c353-408b-9e66-254b50cab509,1,919.567164
2026/02/04/23:34:53,running-time,rs-001026-kp69d,8a588e8a-8b2e-4432-9888-8794013ae81e,1,919.567164
2026/02/04/23:34:53,running-time,rs-001026-nnxzx,1904ccff-a915-4d48-8df1-de311506d534,1,919.567164
2026/02/04/23:34:54,running-time,rs-000999-tvjzd,fd874fe1-b0ee-43b7-aaef-f95183b7f976,1,920.567164
2026/02/04/23:34:54,apply-time,rs-001029-tbhlw,cbf065f3-f495-4d62-b67a-0ebbb6394e84,1,921.567164
2026/02/04/23:34:54,running-time,rs-001029-tbhlw,cbf065f3-f495-4d62-b67a-0ebbb6394e84,1,921.567164
2026/02/04/23:34:54,apply-time,rs-001029-wbr44,454b8cac-e754-4df1-9996-4ba33ba75dce,1,921.567164
2026/02/04/23:34:54,running-time,rs-001029-wbr44,454b8cac-e754-4df1-9996-4ba33ba75dce,1,921.567164
2026/02/04/23:34:54,apply-time,rs-001030-vrtg5,ed7eff94-525d-43a7-b713-5b96233b1442,1,921.567164
2026/02/04/23:34:54,apply-time,rs-001030-x2rjn,312a7ed1-ca04-48fd-90be-ec16b00f593b,1,921.567164
2026/02/04/23:34:58,apply-time,rs-001031-4hbgm,4b629b9a-a582-4e5f-bb69-e2ed298dafd8,1,925.567164
2026/02/04/23:34:58,running-time,rs-001031-4hbgm,4b629b9a-a582-4e5f-bb69-e2ed298dafd8,1,925.567164
2026/02/04/23:34:58,apply-time,rs-001031-7hjmp,f4e075b9-c03e-46d7-ab02-9b9d4f27a3fb,1,925.567164
2026/02/04/23:34:58,running-time,rs-001031-7hjmp,f4e075b9-c03e-46d7-ab02-9b9d4f27a3fb,1,925.567164
2026/02/04/23:34:58,apply-time,rs-001031-tvfjc,4b59d5e3-b052-410a-b5e0-d0773c65fddb,1,925.567164
2026/02/04/23:34:58,running-time,rs-001031-tvfjc,4b59d5e3-b052-410a-b5e0-d0773c65fddb,1,925.567164
2026/02/04/23:35:01,apply-time,rs-001032-4p2gx,ae7aa21f-5915-4280-8d16-e04b20b3b053,1,927.567164
2026/02/04/23:35:01,running-time,rs-001032-4p2gx,ae7aa21f-5915-4280-8d16-e04b20b3b053,1,927.567164
2026/02/04/23:35:01,apply-time,rs-001033-m7tgr,8a4eaf5e-c362-487f-8c5d-b1c6762176ce,1,927.567164
2026/02/04/23:35:01,running-time,rs-001033-m7tgr,8a4eaf5e-c362-487f-8c5d-b1c6762176ce,1,927.567164
2026/02/04/23:35:01,apply-time,rs-001034-9pb22,57d8a31d-9a04-4686-aaa5-75df29b55ddc,1,927.567164
2026/02/04/23:35:01,running-time,rs-001034-9pb22,57d8a31d-9a04-4686-aaa5-75df29b55ddc,1,927.567164
2026/02/04/23:35:01,apply-time,rs-001034-lqm78,76e651c3-9f5b-410d-b3ad-308aa8e3f2d7,1,927.567164
2026/02/04/23:35:01,running-time,rs-001034-lqm78,76e651c3-9f5b-410d-b3ad-308aa8e3f2d7,1,927.567164
2026/02/04/23:35:01,apply-time,rs-001034-x7662,b2c34b3a-b998-4fba-a073-5c8b0c3737a7,1,927.567164
2026/02/04/23:35:01,running-time,rs-001034-x7662,b2c34b3a-b998-4fba-a073-5c8b0c3737a7,1,927.567164
2026/02/04/23:35:01,apply-time,rs-001035-5mcsr,4df2d51a-21a1-4b02-932b-786b452128ed,1,927.567164
2026/02/04/23:35:01,running-time,rs-001035-5mcsr,4df2d51a-21a1-4b02-932b-786b452128ed,1,927.567164
2026/02/04/23:35:01,apply-time,rs-001036-79k8j,7ae9e691-8a43-4c69-8708-3a937bf3385b,1,927.567164
2026/02/04/23:35:01,running-time,rs-001036-79k8j,7ae9e691-8a43-4c69-8708-3a937bf3385b,1,927.567164
2026/02/04/23:35:01,apply-time,rs-001036-jzn2m,36a1c5a3-6bf7-42e3-bbc0-0316543b6fe8,1,927.567164
2026/02/04/23:35:01,running-time,rs-001036-jzn2m,36a1c5a3-6bf7-42e3-bbc0-0316543b6fe8,1,927.567164
2026/02/04/23:35:01,apply-time,rs-001036-s5pl2,dd61921d-0d40-4c1a-b462-69155fe45bbe,1,927.567164
2026/02/04/23:35:01,running-time,rs-001036-s5pl2,dd61921d-0d40-4c1a-b462-69155fe45bbe,1,927.567164
2026/02/04/23:35:05,running-time,rs-000996-98lxq,996a73f6-6dce-4558-8156-ac025df3d8a5,1,932.567164
2026/02/04/23:35:11,running-time,rs-000996-q2r45,3904ef12-4972-4e9e-8dae-b9cef3992e2f,1,937.567164
2026/02/04/23:35:11,apply-time,rs-001008-ggm2m,ed0dd25b-d3ec-4cd2-ae5a-07d33e60c9b3,1,937.567164
2026/02/04/23:35:11,running-time,rs-001008-ggm2m,ed0dd25b-d3ec-4cd2-ae5a-07d33e60c9b3,1,937.567164
2026/02/04/23:35:16,apply-time,rs-001037-lqr6c,34c3cc3c-4738-412d-94c2-60270e7bd413,1,942.567164
2026/02/04/23:35:16,running-time,rs-001037-lqr6c,34c3cc3c-4738-412d-94c2-60270e7bd413,1,942.567164
2026/02/04/23:35:16,apply-time,rs-001038-74dxp,a099e980-1376-4384-9669-909a2c9ab2f3,1,942.567164
2026/02/04/23:35:16,apply-time,rs-001038-f299l,e37a4e46-5646-4bfd-93da-08106a6e188b,1,942.567164
2026/02/04/23:35:16,apply-time,rs-001038-l76qn,8a77a3df-ea6c-45b4-8be3-4579b8cba0dd,1,942.567164
2026/02/04/23:35:18,running-time,rs-001038-l76qn,8a77a3df-ea6c-45b4-8be3-4579b8cba0dd,1,944.567164
2026/02/04/23:35:20,running-time,rs-001038-74dxp,a099e980-1376-4384-9669-909a2c9ab2f3,1,946.567164
2026/02/04/23:35:23,apply-time,rs-001039-ptxjb,dfcb30dd-3e7b-44c3-aa0a-b5989be617ff,1,949.567164
2026/02/04/23:35:23,running-time,rs-001039-ptxjb,dfcb30dd-3e7b-44c3-aa0a-b5989be617ff,1,949.567164
2026/02/04/23:35:23,apply-time,rs-001040-gkq5s,f2d1f15f-c408-413a-ab9e-212b613a70a4,1,949.567164
2026/02/04/23:35:23,running-time,rs-001040-gkq5s,f2d1f15f-c408-413a-ab9e-212b613a70a4,1,949.567164
2026/02/04/23:35:23,apply-time,rs-001040-p4zjt,0588fe8e-ab85-41ba-9a60-c49417a913f0,1,949.567164
2026/02/04/23:35:23,running-time,rs-001040-p4zjt,0588fe8e-ab85-41ba-9a60-c49417a913f0,1,949.567164
2026/02/04/23:35:23,apply-time,rs-001041-m26js,1dcd5176-083c-4d90-b417-7b12928ac4ec,1,949.567164
2026/02/04/23:35:23,running-time,rs-001041-m26js,1dcd5176-083c-4d90-b417-7b12928ac4ec,1,949.567164
2026/02/04/23:35:23,apply-time,rs-001041-tbbnm,36dcd8b9-c990-4f46-9535-48c48415cc4f,1,949.567164
2026/02/04/23:35:23,running-time,rs-001041-tbbnm,36dcd8b9-c990-4f46-9535-48c48415cc4f,1,949.567164
2026/02/04/23:35:25,apply-time,rs-000706-jt8k9,52a6caab-7a3e-434f-8ae6-584a6788f3e8,1,951.567164
2026/02/04/23:35:25,running-time,rs-000706-jt8k9,52a6caab-7a3e-434f-8ae6-584a6788f3e8,1,951.567164
2026/02/04/23:35:25,running-time,rs-001038-f299l,e37a4e46-5646-4bfd-93da-08106a6e188b,1,951.567164
2026/02/04/23:35:28,apply-time,rs-001042-5fxfd,8ec0c108-fc33-4b2a-bb9e-52fcf0080e00,1,954.567164
2026/02/04/23:35:28,running-time,rs-001042-5fxfd,8ec0c108-fc33-4b2a-bb9e-52fcf0080e00,1,954.567164
2026/02/04/23:35:28,apply-time,rs-001042-m6fpq,82ebb487-a6ed-43aa-9caf-fd13d178116f,1,954.567164
2026/02/04/23:35:28,running-time,rs-001042-m6fpq,82ebb487-a6ed-43aa-9caf-fd13d178116f,1,954.567164
2026/02/04/23:35:28,apply-time,rs-001042-sh54p,68f16823-1864-4dc7-92ce-2414493a508a,1,954.567164
2026/02/04/23:35:28,running-time,rs-001042-sh54p,68f16823-1864-4dc7-92ce-2414493a508a,1,954.567164
2026/02/04/23:35:29,apply-time,rs-001043-n5jjd,d4ee078e-62f4-48a8-ada7-d3edf07453d3,1,955.567164
2026/02/04/23:35:29,running-time,rs-001043-n5jjd,d4ee078e-62f4-48a8-ada7-d3edf07453d3,1,955.567164
2026/02/04/23:35:29,apply-time,rs-001044-58xqq,0b5d6c53-7e02-4f5d-b62c-65152c95b6ff,1,955.567164
2026/02/04/23:35:29,running-time,rs-001044-58xqq,0b5d6c53-7e02-4f5d-b62c-65152c95b6ff,1,955.567164
2026/02/04/23:35:29,apply-time,rs-001044-cd2jb,b9093b63-c83a-47cd-a417-d90b12321ad3,1,955.567164
2026/02/04/23:35:29,running-time,rs-001044-cd2jb,b9093b63-c83a-47cd-a417-d90b12321ad3,1,955.567164
2026/02/04/23:35:32,apply-time,rs-001045-m82kx,fdf0eec4-7680-4120-9c71-91e931bfffb2,1,959.567164
2026/02/04/23:35:33,running-time,rs-001045-m82kx,fdf0eec4-7680-4120-9c71-91e931bfffb2,1,959.567164
2026/02/04/23:35:35,apply-time,rs-001046-48j8p,f302ddbf-b61f-4822-b337-ad2bf11e4d27,1,961.567164
2026/02/04/23:35:35,running-time,rs-001046-48j8p,f302ddbf-b61f-4822-b337-ad2bf11e4d27,1,961.567164
2026/02/04/23:35:35,apply-time,rs-001046-b2r4j,04a27c81-36e3-4710-a3b4-af7f42234441,1,961.567164
2026/02/04/23:35:35,running-time,rs-001046-b2r4j,04a27c81-36e3-4710-a3b4-af7f42234441,1,961.567164
2026/02/04/23:35:38,apply-time,rs-001047-65zwh,be8c47bf-7466-4354-acec-aaf0d85937e0,1,965.567164
2026/02/04/23:35:38,running-time,rs-001047-65zwh,be8c47bf-7466-4354-acec-aaf0d85937e0,1,965.567164
2026/02/04/23:35:38,apply-time,rs-001048-mczcs,f551a3e9-0177-419b-a595-73951f500237,1,965.567164
2026/02/04/23:35:38,running-time,rs-001048-mczcs,f551a3e9-0177-419b-a595-73951f500237,1,965.567164
2026/02/04/23:35:38,apply-time,rs-001048-q584w,d10f8ac4-993c-4df8-9f74-6442b1442e70,1,965.567164
2026/02/04/23:35:38,running-time,rs-001048-q584w,d10f8ac4-993c-4df8-9f74-6442b1442e70,1,965.567164
2026/02/04/23:35:50,apply-time,rs-001049-22psv,d5f248f6-9bb0-4027-bef5-27775b579aa0,1,977.567164
2026/02/04/23:35:50,running-time,rs-001049-22psv,d5f248f6-9bb0-4027-bef5-27775b579aa0,1,977.567164
2026/02/04/23:35:50,apply-time,rs-001049-mrpwm,226992c6-c5c0-4c68-925f-c5738d4e09ff,1,977.567164
2026/02/04/23:35:50,running-time,rs-001049-mrpwm,226992c6-c5c0-4c68-925f-c5738d4e09ff,1,977.567164
2026/02/04/23:35:50,apply-time,rs-001049-n9kvb,b3f45254-3eaa-4cce-8c44-4bfda84e9941,1,977.567164
2026/02/04/23:35:50,running-time,rs-001049-n9kvb,b3f45254-3eaa-4cce-8c44-4bfda84e9941,1,977.567164
2026/02/04/23:35:50,apply-time,rs-001050-ptlpk,45458c38-f759-4fde-a9bf-cf24468074cd,1,977.567164
2026/02/04/23:35:50,running-time,rs-001050-ptlpk,45458c38-f759-4fde-a9bf-cf24468074cd,1,977.567164
2026/02/04/23:35:53,apply-time,rs-001051-h7t2h,bc45600d-d6d5-45da-8f05-43fe112bdd69,1,979.567164
2026/02/04/23:35:53,running-time,rs-001051-h7t2h,bc45600d-d6d5-45da-8f05-43fe112bdd69,1,979.567164
2026/02/04/23:35:53,apply-time,rs-001051-qfjbk,e7453fa4-f612-4d19-a826-0868b71540da,1,979.567164
2026/02/04/23:35:53,running-time,rs-001051-qfjbk,e7453fa4-f612-4d19-a826-0868b71540da,1,979.567164
2026/02/04/23:35:53,apply-time,rs-001052-mrgdk,d25e1fff-8195-4a98-8bcd-325025a25e0b,1,979.567164
2026/02/04/23:35:53,running-time,rs-001052-mrgdk,d25e1fff-8195-4a98-8bcd-325025a25e0b,1,979.567164
2026/02/04/23:35:53,apply-time,rs-001052-v7sgg,d920202e-bc65-40d4-bcfc-df59ec126035,1,979.567164
2026/02/04/23:35:53,running-time,rs-001052-v7sgg,d920202e-bc65-40d4-bcfc-df59ec126035,1,979.567164
2026/02/04/23:35:53,apply-time,rs-001053-gzngk,01c2ebe5-711e-4c42-84c7-562fb17ca87a,1,979.567164
2026/02/04/23:35:53,running-time,rs-001053-gzngk,01c2ebe5-711e-4c42-84c7-562fb17ca87a,1,979.567164
2026/02/04/23:35:53,apply-time,rs-001054-8stjx,1e834528-3ef0-4f79-94e9-0ddf59346066,1,979.567164
2026/02/04/23:35:53,running-time,rs-001054-8stjx,1e834528-3ef0-4f79-94e9-0ddf59346066,1,979.567164
2026/02/04/23:35:54,apply-time,rs-001055-4f692,bcba8bfe-e7a5-4a38-ab9e-acb1d66fb2b9,1,980.567164
2026/02/04/23:35:54,running-time,rs-001055-4f692,bcba8bfe-e7a5-4a38-ab9e-acb1d66fb2b9,1,980.567164
2026/02/04/23:35:54,apply-time,rs-001055-cvxxq,f6179a23-d481-4bac-9ad0-5d2a1a5217c4,1,980.567164
2026/02/04/23:35:54,running-time,rs-001055-cvxxq,f6179a23-d481-4bac-9ad0-5d2a1a5217c4,1,980.567164
2026/02/04/23:35:54,apply-time,rs-001055-x596m,7e490773-ba9a-4648-bd2a-d387b6cb05d0,1,980.567164
2026/02/04/23:35:54,running-time,rs-001055-x596m,7e490773-ba9a-4648-bd2a-d387b6cb05d0,1,980.567164
2026/02/04/23:35:54,apply-time,rs-001056-zgmfb,9b736bfc-e561-4d7b-8faa-f0993e034d17,1,980.567164
2026/02/04/23:35:54,running-time,rs-001056-zgmfb,9b736bfc-e561-4d7b-8faa-f0993e034d17,1,980.567164
2026/02/04/23:35:54,apply-time,rs-001057-5llrk,3b5eb8a0-1121-4611-903a-a5d20c79f9a6,1,980.567164
2026/02/04/23:35:54,running-time,rs-001057-5llrk,3b5eb8a0-1121-4611-903a-a5d20c79f9a6,1,980.567164
2026/02/04/23:35:54,apply-time,rs-001057-c7vpk,ebf3badd-c986-489e-a13c-c0ba2d27dcfc,1,980.567164
2026/02/04/23:35:54,running-time,rs-001057-c7vpk,ebf3badd-c986-489e-a13c-c0ba2d27dcfc,1,980.567164
2026/02/04/23:35:54,apply-time,rs-001057-n8wvn,9fd6087f-ca8b-4689-a854-e0464fef4705,1,980.567164
2026/02/04/23:35:54,running-time,rs-001057-n8wvn,9fd6087f-ca8b-4689-a854-e0464fef4705,1,980.567164
2026/02/04/23:35:56,apply-time,rs-001058-ml9nd,5b94ea71-a13e-4662-8bc8-124580c4e4df,1,982.567164
2026/02/04/23:35:56,running-time,rs-001058-ml9nd,5b94ea71-a13e-4662-8bc8-124580c4e4df,1,982.567164
2026/02/04/23:35:56,apply-time,rs-001058-n2p44,53994b16-617b-4af7-8f37-ffdfa6a3c32e,1,982.567164
2026/02/04/23:35:56,running-time,rs-001058-n2p44,53994b16-617b-4af7-8f37-ffdfa6a3c32e,1,982.567164
2026/02/04/23:35:56,apply-time,rs-001059-njq9v,3595a115-88b9-4610-9815-9d49a3c5b13d,1,982.567164
2026/02/04/23:35:56,running-time,rs-001059-njq9v,3595a115-88b9-4610-9815-9d49a3c5b13d,1,982.567164
2026/02/04/23:35:57,apply-time,rs-001060-qfs7f,88212614-5664-4b89-9c15-dcb059226106,1,983.567164
2026/02/04/23:35:57,running-time,rs-001060-qfs7f,88212614-5664-4b89-9c15-dcb059226106,1,983.567164
2026/02/04/23:35:57,apply-time,rs-001060-qqbtk,70d15dc2-27c7-4ff7-88c5-41db0fe1e447,1,983.567164
2026/02/04/23:35:57,running-time,rs-001060-qqbtk,70d15dc2-27c7-4ff7-88c5-41db0fe1e447,1,983.567164
2026/02/04/23:35:57,apply-time,rs-001061-sq6sp,9a987614-2b89-4f14-b5b4-132da04c19f1,1,983.567164
2026/02/04/23:35:57,running-time,rs-001061-sq6sp,9a987614-2b89-4f14-b5b4-132da04c19f1,1,983.567164
2026/02/04/23:36:03,apply-time,rs-001062-mjtkx,8a43b28a-0b67-4e3f-a912-9d2b6952a9dd,1,989.567164
2026/02/04/23:36:03,running-time,rs-001062-mjtkx,8a43b28a-0b67-4e3f-a912-9d2b6952a9dd,1,989.567164
2026/02/04/23:36:03,apply-time,rs-001062-nfmn7,ded50adb-9a2f-4ab7-b8be-e87d282784dc,1,989.567164
2026/02/04/23:36:03,running-time,rs-001062-nfmn7,ded50adb-9a2f-4ab7-b8be-e87d282784dc,1,989.567164
2026/02/04/23:36:03,apply-time,rs-001063-lpsnl,fe52e9fa-1ec7-4b7a-954d-6e68e6c2077a,1,989.567164
2026/02/04/23:36:03,running-time,rs-001063-lpsnl,fe52e9fa-1ec7-4b7a-954d-6e68e6c2077a,1,989.567164
2026/02/04/23:36:03,apply-time,rs-001064-jtzqt,03518773-d3b9-4baf-ac69-3f001221e6dc,1,989.567164
2026/02/04/23:36:03,running-time,rs-001064-jtzqt,03518773-d3b9-4baf-ac69-3f001221e6dc,1,989.567164
2026/02/04/23:36:03,apply-time,rs-001064-rbksx,bb7f8198-9849-484c-a162-bcd0315dac65,1,989.567164
2026/02/04/23:36:03,running-time,rs-001064-rbksx,bb7f8198-9849-484c-a162-bcd0315dac65,1,989.567164
2026/02/04/23:36:03,apply-time,rs-001065-k77j9,88b559f2-46f7-4f72-85ef-00c4524734b9,1,989.567164
2026/02/04/23:36:03,running-time,rs-001065-k77j9,88b559f2-46f7-4f72-85ef-00c4524734b9,1,989.567164
2026/02/04/23:36:03,apply-time,rs-001065-zv4bx,b26ac8de-ead6-4f78-a096-e4804cabde8a,1,989.567164
2026/02/04/23:36:03,running-time,rs-001065-zv4bx,b26ac8de-ead6-4f78-a096-e4804cabde8a,1,989.567164
2026/02/04/23:36:03,apply-time,rs-001066-l8qp6,0fd9faa3-c832-4f4c-872a-7c972db5b0e3,1,990.567164
2026/02/04/23:36:03,running-time,rs-001066-l8qp6,0fd9faa3-c832-4f4c-872a-7c972db5b0e3,1,990.567164
2026/02/04/23:36:03,apply-time,rs-001067-hfzbc,5ecfc2a0-0da7-415a-8bbb-b6cf969a0008,1,990.567164
2026/02/04/23:36:03,running-time,rs-001067-hfzbc,5ecfc2a0-0da7-415a-8bbb-b6cf969a0008,1,990.567164
2026/02/04/23:36:03,apply-time,rs-001068-68lr5,415198df-51cd-426a-b085-6a115c5203c1,1,990.567164
2026/02/04/23:36:03,running-time,rs-001068-68lr5,415198df-51cd-426a-b085-6a115c5203c1,1,990.567164
2026/02/04/23:36:04,apply-time,rs-001069-wjbz7,b34bdc44-07e3-4813-9d71-b746be50dd46,1,990.567164
2026/02/04/23:36:04,apply-time,rs-001070-hqqnh,56df0dea-0bd6-4431-9717-28fd30a6f829,1,990.567164
2026/02/04/23:36:04,running-time,rs-001070-hqqnh,56df0dea-0bd6-4431-9717-28fd30a6f829,1,990.567164
2026/02/04/23:36:07,apply-time,rs-001071-jwrqc,18b58679-f964-49ff-9f55-b6df6c87c2d1,1,994.567164
2026/02/04/23:36:07,running-time,rs-001071-jwrqc,18b58679-f964-49ff-9f55-b6df6c87c2d1,1,994.567164
2026/02/04/23:36:07,apply-time,rs-001072-644ps,fb74c9fe-3304-419b-84a8-b617841f4f03,1,994.567164
2026/02/04/23:36:07,running-time,rs-001072-644ps,fb74c9fe-3304-419b-84a8-b617841f4f03,1,994.567164
2026/02/04/23:36:07,apply-time,rs-001073-7bgms,8766a9c1-c074-4f2c-9d96-a91fa0c30b2b,1,994.567164
2026/02/04/23:36:07,running-time,rs-001073-7bgms,8766a9c1-c074-4f2c-9d96-a91fa0c30b2b,1,994.567164
2026/02/04/23:36:07,apply-time,rs-001073-llstm,5ea1f3b1-0bc0-4227-9540-787091e0456b,1,994.567164
2026/02/04/23:36:07,apply-time,rs-001074-k7bqz,eceef9d7-e440-41d9-ba00-51dc8a2cfdbc,1,994.567164
2026/02/04/23:36:07,running-time,rs-001074-k7bqz,eceef9d7-e440-41d9-ba00-51dc8a2cfdbc,1,994.567164
2026/02/04/23:36:07,apply-time,rs-001075-ks89q,999ecbf1-8648-4437-b037-42141227d17e,1,994.567164
2026/02/04/23:36:07,running-time,rs-001075-ks89q,999ecbf1-8648-4437-b037-42141227d17e,1,994.567164
2026/02/04/23:36:08,running-time,rs-001073-llstm,5ea1f3b1-0bc0-4227-9540-787091e0456b,1,994.567164
2026/02/04/23:36:08,apply-time,rs-001076-hn8lk,4d89f30b-d112-4843-91cf-f81c95130314,1,994.567164
2026/02/04/23:36:08,apply-time,rs-001076-tk67j,6df23fc8-8a14-4439-be07-93d952e06c30,1,994.567164
2026/02/04/23:36:08,running-time,rs-001076-tk67j,6df23fc8-8a14-4439-be07-93d952e06c30,1,994.567164
2026/02/04/23:36:08,apply-time,rs-001077-7gd8j,4fdb49c3-400e-4bce-91ea-2ba376d574af,1,994.567164
2026/02/04/23:36:08,running-time,rs-001077-7gd8j,4fdb49c3-400e-4bce-91ea-2ba376d574af,1,994.567164
2026/02/04/23:36:08,apply-time,rs-001077-mlbsn,06436a1c-670b-43ab-8ac5-de53b2b0b7ca,1,994.567164
2026/02/04/23:36:08,running-time,rs-001077-mlbsn,06436a1c-670b-43ab-8ac5-de53b2b0b7ca,1,994.567164
2026/02/04/23:36:08,apply-time,rs-001077-mtx4j,d44db5a3-f64e-4936-a597-9c3127d127aa,1,994.567164
2026/02/04/23:36:08,running-time,rs-001077-mtx4j,d44db5a3-f64e-4936-a597-9c3127d127aa,1,994.567164
2026/02/04/23:36:09,apply-time,rs-001078-hmtfq,2c023c02-a824-48bf-9fc2-b407e98daec4,1,995.567164
2026/02/04/23:36:09,apply-time,rs-001078-lmxjz,1dd61897-ec51-4cd0-9211-14d66e4c6ded,1,995.567164
2026/02/04/23:36:09,apply-time,rs-001079-65ffk,f075a708-b92e-4bd5-88c3-eab55bbf8a3d,1,995.567164
2026/02/04/23:36:09,apply-time,rs-001079-75bl8,feadd5db-da79-4bd0-9c91-07a3a22dc15c,1,995.567164
2026/02/04/23:36:09,apply-time,rs-001079-mk2zs,2b2c49f0-95f1-4de9-ac1e-2accf764b2e4,1,995.567164
2026/02/04/23:36:10,running-time,rs-001079-75bl8,feadd5db-da79-4bd0-9c91-07a3a22dc15c,1,997.567164
2026/02/04/23:36:15,running-time,rs-001076-hn8lk,4d89f30b-d112-4843-91cf-f81c95130314,1,1001.567164
2026/02/04/23:36:15,apply-time,rs-001080-5t6nm,7e9e2547-3a68-4348-a027-0c43445acc09,1,1001.567164
2026/02/04/23:36:15,running-time,rs-001080-5t6nm,7e9e2547-3a68-4348-a027-0c43445acc09,1,1002.567164
2026/02/04/23:36:15,apply-time,rs-001080-wqdhl,6feec451-19c6-441b-80a3-cbb219bc9336,1,1001.567164
2026/02/04/23:36:15,running-time,rs-001080-wqdhl,6feec451-19c6-441b-80a3-cbb219bc9336,1,1001.567164
2026/02/04/23:36:15,apply-time,rs-001081-mmv59,b447f637-cfa1-4d97-9007-69be25deaa9a,1,1002.567164
2026/02/04/23:36:15,running-time,rs-001081-mmv59,b447f637-cfa1-4d97-9007-69be25deaa9a,1,1002.567164
2026/02/04/23:36:15,apply-time,rs-001082-9rtl5,735bec20-74bc-4682-9f90-12b77610d0f3,1,1002.567164
2026/02/04/23:36:15,running-time,rs-001082-9rtl5,735bec20-74bc-4682-9f90-12b77610d0f3,1,1002.567164
2026/02/04/23:36:15,apply-time,rs-001083-2t95k,88b38709-2b06-49d7-bb29-55c27b1c8f59,1,1002.567164
2026/02/04/23:36:15,running-time,rs-001083-2t95k,88b38709-2b06-49d7-bb29-55c27b1c8f59,1,1002.567164
2026/02/04/23:36:15,apply-time,rs-001083-b7k9z,ef9da5de-f7ad-498b-859c-480f47583138,1,1002.567164
2026/02/04/23:36:15,running-time,rs-001083-b7k9z,ef9da5de-f7ad-498b-859c-480f47583138,1,1002.567164
2026/02/04/23:36:15,apply-time,rs-001083-kkfc9,25c97f2f-6ff0-4bc5-a55b-b17083360afd,1,1002.567164
2026/02/04/23:36:15,apply-time,rs-001084-rpg56,2e8b3310-a87f-460a-81d4-a8455c90b9ae,1,1002.567164
2026/02/04/23:36:15,apply-time,rs-001085-dg9pz,b42dbfd7-d87b-4b94-9cd8-8a4da8012eef,1,1002.567164
2026/02/04/23:36:15,running-time,rs-001085-dg9pz,b42dbfd7-d87b-4b94-9cd8-8a4da8012eef,1,1002.567164
2026/02/04/23:36:16,apply-time,rs-001084-682tf,317554e0-a6b0-43e7-bf44-150311ce010a,1,1002.567164
2026/02/04/23:36:16,apply-time,rs-001084-74thd,6c45e641-b5aa-40a3-846f-7fc52d8a450f,1,1002.567164
2026/02/04/23:36:16,apply-time,rs-001085-vxrz5,b15f6c7f-30dc-4211-b74d-66d4ce8f5777,1,1002.567164
2026/02/04/23:36:16,running-time,rs-001085-vxrz5,b15f6c7f-30dc-4211-b74d-66d4ce8f5777,1,1002.567164
2026/02/04/23:36:16,apply-time,rs-001085-w96hl,e4348f53-d067-4131-a4e9-6287d62ac1f0,1,1002.567164
2026/02/04/23:36:16,running-time,rs-001085-w96hl,e4348f53-d067-4131-a4e9-6287d62ac1f0,1,1002.567164
2026/02/04/23:36:16,apply-time,rs-001086-qwtkp,af2bdbeb-16cc-4210-8197-eb3ec551fe9c,1,1002.567164
2026/02/04/23:36:16,running-time,rs-001086-qwtkp,af2bdbeb-16cc-4210-8197-eb3ec551fe9c,1,1002.567164
2026/02/04/23:36:16,apply-time,rs-001087-9tlkl,18095f20-8232-4fc9-b409-eeccd11bc27f,1,1002.567164
2026/02/04/23:36:16,running-time,rs-001087-9tlkl,18095f20-8232-4fc9-b409-eeccd11bc27f,1,1002.567164
2026/02/04/23:36:18,running-time,rs-001083-kkfc9,25c97f2f-6ff0-4bc5-a55b-b17083360afd,1,1004.567164
2026/02/04/23:36:18,running-time,rs-001084-682tf,317554e0-a6b0-43e7-bf44-150311ce010a,1,1004.567164
2026/02/04/23:36:18,running-time,rs-001084-74thd,6c45e641-b5aa-40a3-846f-7fc52d8a450f,1,1004.567164
2026/02/04/23:36:18,running-time,rs-001084-rpg56,2e8b3310-a87f-460a-81d4-a8455c90b9ae,1,1004.567164
2026/02/04/23:36:23,apply-time,rs-001088-9bjn2,e23e763f-0ec0-4d43-b959-10a8ef796524,1,1010.567164
2026/02/04/23:36:23,apply-time,rs-001089-8lf5q,548fde51-ad18-40c7-a54e-3eb53596feee,1,1010.567164
2026/02/04/23:36:23,apply-time,rs-001089-j2vlf,948909b4-4d2e-4b33-8b4f-f7bdb9da6ac5,1,1010.567164
2026/02/04/23:36:23,apply-time,rs-001090-nds2s,b6f5aba2-4d68-4f50-bd81-992cc35f2243,1,1010.567164
2026/02/04/23:36:23,running-time,rs-001090-nds2s,b6f5aba2-4d68-4f50-bd81-992cc35f2243,1,1010.567164
2026/02/04/23:36:24,running-time,rs-001088-9bjn2,e23e763f-0ec0-4d43-b959-10a8ef796524,1,1010.567164
2026/02/04/23:36:24,running-time,rs-001089-8lf5q,548fde51-ad18-40c7-a54e-3eb53596feee,1,1010.567164
2026/02/04/23:36:24,running-time,rs-001089-j2vlf,948909b4-4d2e-4b33-8b4f-f7bdb9da6ac5,1,1010.567164
2026/02/04/23:36:25,apply-time,rs-001091-jqk4m,e0dca0a8-be8b-47c7-8eac-fa540c08a5f5,1,1011.567164
2026/02/04/23:36:25,running-time,rs-001091-jqk4m,e0dca0a8-be8b-47c7-8eac-fa540c08a5f5,1,1012.567164
2026/02/04/23:36:25,apply-time,rs-001091-p24r6,5828cc6b-4133-4ea7-b046-8b44ea8fbaf6,1,1011.567164
2026/02/04/23:36:25,apply-time,rs-001091-tg7fs,1b964246-f447-4d78-a49b-85bd7cd2009d,1,1011.567164
2026/02/04/23:36:25,apply-time,rs-001092-5h7ff,70b041e5-ea0e-4631-8030-f917afd5da90,1,1012.567164
2026/02/04/23:36:25,running-time,rs-001092-5h7ff,70b041e5-ea0e-4631-8030-f917afd5da90,1,1012.567164
2026/02/04/23:36:27,running-time,rs-001091-p24r6,5828cc6b-4133-4ea7-b046-8b44ea8fbaf6,1,1013.567164
2026/02/04/23:36:27,running-time,rs-001091-tg7fs,1b964246-f447-4d78-a49b-85bd7cd2009d,1,1013.567164
2026/02/04/23:36:41,apply-time,rs-001093-kvrkj,9b3d2802-55b1-4318-8dac-eb596c921a86,1,1027.567164
2026/02/04/23:36:41,running-time,rs-001093-kvrkj,9b3d2802-55b1-4318-8dac-eb596c921a86,1,1027.567164
2026/02/04/23:36:41,apply-time,rs-001094-4z2r4,f0f5f074-fde2-4fe6-9310-a2b5d2335f34,1,1027.567164
2026/02/04/23:36:41,running-time,rs-001094-4z2r4,f0f5f074-fde2-4fe6-9310-a2b5d2335f34,1,1027.567164
2026/02/04/23:36:41,apply-time,rs-001094-92bnm,a84953f5-f963-4ff3-8eba-3b806e3a21ae,1,1027.567164
2026/02/04/23:36:41,running-time,rs-001094-92bnm,a84953f5-f963-4ff3-8eba-3b806e3a21ae,1,1027.567164
2026/02/04/23:36:41,apply-time,rs-001095-8m2xl,44521bb6-6bfd-4c4e-b574-2b2421a49243,1,1027.567164
2026/02/04/23:36:41,running-time,rs-001095-8m2xl,44521bb6-6bfd-4c4e-b574-2b2421a49243,1,1027.567164
2026/02/04/23:36:41,apply-time,rs-001096-n9t7k,387bfb40-8f5c-4d1c-aef6-92b95c53311c,1,1027.567164
2026/02/04/23:36:41,running-time,rs-001096-n9t7k,387bfb40-8f5c-4d1c-aef6-92b95c53311c,1,1027.567164
2026/02/04/23:36:41,apply-time,rs-001097-4fsjf,f09fd975-1b1a-4441-841e-565b88ece00f,1,1028.567164
2026/02/04/23:36:41,running-time,rs-001097-4fsjf,f09fd975-1b1a-4441-841e-565b88ece00f,1,1028.567164
2026/02/04/23:36:41,apply-time,rs-001097-nhk6c,5f86e607-9699-4d2f-9b87-be4fed81bcc6,1,1028.567164
2026/02/04/23:36:41,running-time,rs-001097-nhk6c,5f86e607-9699-4d2f-9b87-be4fed81bcc6,1,1028.567164
2026/02/04/23:36:41,apply-time,rs-001097-vlz78,378a3710-d2c9-4d92-bbf9-3f737f270343,1,1028.567164
2026/02/04/23:36:41,running-time,rs-001097-vlz78,378a3710-d2c9-4d92-bbf9-3f737f270343,1,1028.567164
2026/02/04/23:36:41,apply-time,rs-001098-cbklc,4bb17779-be90-4834-9559-09a418ae7250,1,1028.567164
2026/02/04/23:36:41,running-time,rs-001098-cbklc,4bb17779-be90-4834-9559-09a418ae7250,1,1028.567164
2026/02/04/23:36:41,apply-time,rs-001098-tb26d,a85c556a-5a1c-4dc2-b0f3-09d746e77e8c,1,1028.567164
2026/02/04/23:36:41,running-time,rs-001098-tb26d,a85c556a-5a1c-4dc2-b0f3-09d746e77e8c,1,1028.567164
2026/02/04/23:36:41,apply-time,rs-001099-gv27l,fbb2c3fa-8232-4564-988f-6361f7da189c,1,1028.567164
2026/02/04/23:36:41,running-time,rs-001099-gv27l,fbb2c3fa-8232-4564-988f-6361f7da189c,1,1028.567164
2026/02/04/23:36:41,apply-time,rs-001099-jv9vj,bab253d9-56f2-4e04-b76a-cf441813a645,1,1028.567164
2026/02/04/23:36:41,running-time,rs-001099-jv9vj,bab253d9-56f2-4e04-b76a-cf441813a645,1,1028.567164
2026/02/04/23:36:41,apply-time,rs-001100-f98v6,1e3bf421-03fe-4494-b54d-827738a4a036,1,1028.567164
2026/02/04/23:36:41,running-time,rs-001100-f98v6,1e3bf421-03fe-4494-b54d-827738a4a036,1,1028.567164
2026/02/04/23:36:41,apply-time,rs-001100-h7fkn,43c13935-6a16-42c8-be15-6f506769b0c0,1,1028.567164
2026/02/04/23:36:41,running-time,rs-001100-h7fkn,43c13935-6a16-42c8-be15-6f506769b0c0,1,1028.567164
2026/02/04/23:36:41,apply-time,rs-001100-jwcz8,c925d6f7-3af7-4402-bf95-85254571df24,1,1028.567164
2026/02/04/23:36:41,running-time,rs-001100-jwcz8,c925d6f7-3af7-4402-bf95-85254571df24,1,1028.567164
2026/02/04/23:36:57,apply-time,rs-001101-wx9qr,b00f4bf6-656e-4dcb-98b4-483102b2307a,1,1043.567164
2026/02/04/23:36:57,running-time,rs-001101-wx9qr,b00f4bf6-656e-4dcb-98b4-483102b2307a,1,1044.567164
2026/02/04/23:36:57,apply-time,rs-001101-xxl7v,28156f35-a028-44cb-be5a-cd25664e1e5d,1,1043.567164
2026/02/04/23:36:57,running-time,rs-001101-xxl7v,28156f35-a028-44cb-be5a-cd25664e1e5d,1,1044.567164
2026/02/04/23:36:57,apply-time,rs-001102-c4t4w,6edc58ea-dd3c-4e3f-9c60-04bab7386b98,1,1043.567164
2026/02/04/23:36:57,running-time,rs-001102-c4t4w,6edc58ea-dd3c-4e3f-9c60-04bab7386b98,1,1043.567164
2026/02/04/23:36:57,apply-time,rs-001102-nfr7m,065e9382-9935-4674-b4fc-b8a7c85a0a51,1,1043.567164
2026/02/04/23:36:57,running-time,rs-001102-nfr7m,065e9382-9935-4674-b4fc-b8a7c85a0a51,1,1043.567164
2026/02/04/23:36:57,apply-time,rs-001102-w2zxx,1333fb28-5f36-498c-9575-caba57649e3e,1,1043.567164
2026/02/04/23:36:57,running-time,rs-001102-w2zxx,1333fb28-5f36-498c-9575-caba57649e3e,1,1043.567164
2026/02/04/23:36:57,apply-time,rs-001103-grc8l,d0c4f90a-7e7e-4974-addc-9868bfb1ec4e,1,1044.567164
2026/02/04/23:36:57,running-time,rs-001103-grc8l,d0c4f90a-7e7e-4974-addc-9868bfb1ec4e,1,1044.567164
2026/02/04/23:36:57,apply-time,rs-001103-pkfzj,f903b8ec-9d25-4287-8f0b-29984ef154c9,1,1043.567164
2026/02/04/23:36:57,running-time,rs-001103-pkfzj,f903b8ec-9d25-4287-8f0b-29984ef154c9,1,1044.567164
2026/02/04/23:36:57,apply-time,rs-001104-cqsq5,f48be0fa-455e-448e-a01d-b4b9c0cdbced,1,1044.567164
2026/02/04/23:36:57,running-time,rs-001104-cqsq5,f48be0fa-455e-448e-a01d-b4b9c0cdbced,1,1044.567164
2026/02/04/23:37:01,apply-time,rs-001105-nqwlr,759386e6-305e-4a1a-a230-346fa61cf99f,1,1047.567164
2026/02/04/23:37:01,running-time,rs-001105-nqwlr,759386e6-305e-4a1a-a230-346fa61cf99f,1,1047.567164
2026/02/04/23:37:01,apply-time,rs-001106-42btc,dc6a68dd-6203-4160-a01b-62dbffce16a6,1,1047.567164
2026/02/04/23:37:01,running-time,rs-001106-42btc,dc6a68dd-6203-4160-a01b-62dbffce16a6,1,1047.567164
2026/02/04/23:37:01,apply-time,rs-001107-k7ld6,41743049-4c64-4b16-bc16-5528c2affa4d,1,1047.567164
2026/02/04/23:37:01,running-time,rs-001107-k7ld6,41743049-4c64-4b16-bc16-5528c2affa4d,1,1047.567164
2026/02/04/23:37:01,apply-time,rs-001107-r8qsp,258964db-fa77-4255-8c4f-2ea3b8b87d63,1,1047.567164
2026/02/04/23:37:01,running-time,rs-001107-r8qsp,258964db-fa77-4255-8c4f-2ea3b8b87d63,1,1047.567164
2026/02/04/23:37:01,apply-time,rs-001107-tdqs7,9c754391-95a3-4876-9ca7-24b8467f171d,1,1047.567164
2026/02/04/23:37:01,running-time,rs-001107-tdqs7,9c754391-95a3-4876-9ca7-24b8467f171d,1,1047.567164
2026/02/04/23:37:01,apply-time,rs-001108-7cvl8,6e7775b7-590a-44a3-93a0-91c4144c8452,1,1047.567164
2026/02/04/23:37:01,running-time,rs-001108-7cvl8,6e7775b7-590a-44a3-93a0-91c4144c8452,1,1047.567164
2026/02/04/23:37:02,apply-time,rs-001109-9zp26,934efb7f-5af9-4f1f-a716-04cd493fec8f,1,1048.567164
2026/02/04/23:37:02,running-time,rs-001109-9zp26,934efb7f-5af9-4f1f-a716-04cd493fec8f,1,1048.567164
2026/02/04/23:37:02,apply-time,rs-001109-nbbl7,c537205d-3240-4cdb-b8fe-58fed621fcb3,1,1048.567164
2026/02/04/23:37:02,running-time,rs-001109-nbbl7,c537205d-3240-4cdb-b8fe-58fed621fcb3,1,1048.567164
2026/02/04/23:37:02,apply-time,rs-001110-t25fg,b29c75d1-7b30-49fe-804d-8a5f9008658e,1,1048.567164
2026/02/04/23:37:02,running-time,rs-001110-t25fg,b29c75d1-7b30-49fe-804d-8a5f9008658e,1,1048.567164
2026/02/04/23:37:13,apply-time,rs-001111-qzvtp,73fc1300-d381-40d0-b708-4bf38a17bef3,1,1059.567164
2026/02/04/23:37:13,running-time,rs-001111-qzvtp,73fc1300-d381-40d0-b708-4bf38a17bef3,1,1059.567164
2026/02/04/23:37:13,apply-time,rs-001112-8kckr,260680d1-3333-4ac5-97ae-9ca7c65b4b9e,1,1059.567164
2026/02/04/23:37:13,running-time,rs-001112-8kckr,260680d1-3333-4ac5-97ae-9ca7c65b4b9e,1,1059.567164
2026/02/04/23:37:13,apply-time,rs-001112-9z8lm,868e34fb-8f2a-4a98-85ab-2474fcf7bbe6,1,1059.567164
2026/02/04/23:37:13,running-time,rs-001112-9z8lm,868e34fb-8f2a-4a98-85ab-2474fcf7bbe6,1,1059.567164
2026/02/04/23:37:13,apply-time,rs-001112-zfcs4,0f9b4e5e-1f35-446d-aab7-45e2e6fc997c,1,1059.567164
2026/02/04/23:37:13,running-time,rs-001112-zfcs4,0f9b4e5e-1f35-446d-aab7-45e2e6fc997c,1,1059.567164
2026/02/04/23:37:13,apply-time,rs-001113-jkzg5,aa7914b2-bc82-4162-92a3-8d3508767558,1,1059.567164
2026/02/04/23:37:13,running-time,rs-001113-jkzg5,aa7914b2-bc82-4162-92a3-8d3508767558,1,1059.567164
2026/02/04/23:37:13,apply-time,rs-001113-mvc9h,b6688116-cc08-4f43-b31f-59671cbba98b,1,1059.567164
2026/02/04/23:37:13,running-time,rs-001113-mvc9h,b6688116-cc08-4f43-b31f-59671cbba98b,1,1059.567164
2026/02/04/23:37:28,apply-time,rs-001114-mb7f9,196cc598-4aab-460d-826d-355907308af9,1,1074.567164
2026/02/04/23:37:28,running-time,rs-001114-mb7f9,196cc598-4aab-460d-826d-355907308af9,1,1074.567164
2026/02/04/23:37:28,apply-time,rs-001115-pvgxt,c7a3b5f3-8628-4005-8481-e48ef66ef60b,1,1074.567164
2026/02/04/23:37:28,running-time,rs-001115-pvgxt,c7a3b5f3-8628-4005-8481-e48ef66ef60b,1,1074.567164
2026/02/04/23:37:28,apply-time,rs-001115-z6djl,e905b7d4-10b0-48bf-bc85-886c805e8124,1,1074.567164
2026/02/04/23:37:28,running-time,rs-001115-z6djl,e905b7d4-10b0-48bf-bc85-886c805e8124,1,1074.567164
2026/02/04/23:37:28,apply-time,rs-001116-67djv,4f041063-baed-40bb-8dd2-8ec72242edf4,1,1074.567164
2026/02/04/23:37:28,running-time,rs-001116-67djv,4f041063-baed-40bb-8dd2-8ec72242edf4,1,1074.567164
2026/02/04/23:37:28,apply-time,rs-001116-8l8qh,b965c70e-9b34-41eb-ac9c-a089b879e74c,1,1074.567164
2026/02/04/23:37:28,running-time,rs-001116-8l8qh,b965c70e-9b34-41eb-ac9c-a089b879e74c,1,1074.567164
2026/02/04/23:37:28,apply-time,rs-001117-4dx68,34370fa5-e309-4366-9250-47022a8f9f2e,1,1074.567164
2026/02/04/23:37:28,running-time,rs-001117-4dx68,34370fa5-e309-4366-9250-47022a8f9f2e,1,1074.567164
2026/02/04/23:37:28,apply-time,rs-001118-jn6v8,6599c992-4e79-498d-97fd-c7e5a125b6d6,1,1074.567164
2026/02/04/23:37:28,running-time,rs-001118-jn6v8,6599c992-4e79-498d-97fd-c7e5a125b6d6,1,1074.567164
2026/02/04/23:37:28,apply-time,rs-001118-qc2r5,6e697864-1b07-48bc-926d-fabe00a3012b,1,1074.567164
2026/02/04/23:37:28,running-time,rs-001118-qc2r5,6e697864-1b07-48bc-926d-fabe00a3012b,1,1074.567164
2026/02/04/23:37:31,apply-time,rs-001119-pwjxf,28ffc1db-6baf-4c2f-8f04-6bc25a8172a9,1,1077.567164
2026/02/04/23:37:31,running-time,rs-001119-pwjxf,28ffc1db-6baf-4c2f-8f04-6bc25a8172a9,1,1077.567164
2026/02/04/23:37:31,apply-time,rs-001119-z6gmr,4fc93959-6b32-49f9-af32-fc188313a572,1,1077.567164
2026/02/04/23:37:31,running-time,rs-001119-z6gmr,4fc93959-6b32-49f9-af32-fc188313a572,1,1077.567164
2026/02/04/23:37:34,apply-time,rs-001120-x6hxm,a2b3961d-ceae-491c-b193-c92de12011d1,1,1081.567164
2026/02/04/23:37:34,running-time,rs-001120-x6hxm,a2b3961d-ceae-491c-b193-c92de12011d1,1,1081.567164
2026/02/04/23:37:34,apply-time,rs-001121-rk464,72db0ab0-b5c9-4871-8207-e5b466103d28,1,1081.567164
2026/02/04/23:37:34,running-time,rs-001121-rk464,72db0ab0-b5c9-4871-8207-e5b466103d28,1,1081.567164
2026/02/04/23:37:35,apply-time,rs-001122-tvphc,0939e2d0-539f-4d60-af69-8b69d58dac3d,1,1081.567164
2026/02/04/23:37:35,running-time,rs-001122-tvphc,0939e2d0-539f-4d60-af69-8b69d58dac3d,1,1081.567164
2026/02/04/23:37:35,apply-time,rs-001123-fkx7q,2585906c-048d-43f2-ac58-2f3e13d93c71,1,1082.567164
2026/02/04/23:37:35,running-time,rs-001123-fkx7q,2585906c-048d-43f2-ac58-2f3e13d93c71,1,1082.567164
2026/02/04/23:37:35,apply-time,rs-001123-sgdcm,1ed936e1-99c1-45e6-86a1-91b12399f0ea,1,1082.567164
2026/02/04/23:37:35,running-time,rs-001123-sgdcm,1ed936e1-99c1-45e6-86a1-91b12399f0ea,1,1082.567164
2026/02/04/23:37:35,apply-time,rs-001124-k5vw5,aa98ebec-72d3-452f-82dc-5c16dc612fbc,1,1082.567164
2026/02/04/23:37:35,running-time,rs-001124-k5vw5,aa98ebec-72d3-452f-82dc-5c16dc612fbc,1,1082.567164
2026/02/04/23:37:35,apply-time,rs-001126-88dpb,179403b5-7429-4bc9-8873-9fe084c3115a,1,1082.567164
2026/02/04/23:37:35,apply-time,rs-001126-9sp6g,26bb092b-eafc-4a51-b7f0-ef60acff51f9,1,1082.567164
2026/02/04/23:37:35,apply-time,rs-001126-cqrnx,b6fc7387-d42f-4525-8913-b46ae778be41,1,1082.567164
2026/02/04/23:37:35,running-time,rs-001126-cqrnx,b6fc7387-d42f-4525-8913-b46ae778be41,1,1082.567164
2026/02/04/23:37:36,apply-time,rs-001125-kmrkg,a0cdcd5c-feec-43cb-8f93-17a3d79d8621,1,1082.567164
2026/02/04/23:37:36,running-time,rs-001125-kmrkg,a0cdcd5c-feec-43cb-8f93-17a3d79d8621,1,1082.567164
2026/02/04/23:37:36,apply-time,rs-001125-sl9tn,fc5f9d5a-3c3d-4b36-b212-57aef05f77d4,1,1082.567164
2026/02/04/23:37:36,running-time,rs-001125-sl9tn,fc5f9d5a-3c3d-4b36-b212-57aef05f77d4,1,1082.567164
2026/02/04/23:37:36,running-time,rs-001126-88dpb,179403b5-7429-4bc9-8873-9fe084c3115a,1,1082.567164
2026/02/04/23:37:36,running-time,rs-001126-9sp6g,26bb092b-eafc-4a51-b7f0-ef60acff51f9,1,1082.567164
2026/02/04/23:37:36,apply-time,rs-001127-2jkd2,4a404ea7-bf2c-4ee9-b7b0-29ff38774de0,1,1082.567164
2026/02/04/23:37:36,running-time,rs-001127-2jkd2,4a404ea7-bf2c-4ee9-b7b0-29ff38774de0,1,1082.567164
2026/02/04/23:37:36,apply-time,rs-001127-95vwz,a2b4e5da-c37a-4471-8330-36f185cbcc2f,1,1082.567164
2026/02/04/23:37:36,running-time,rs-001127-95vwz,a2b4e5da-c37a-4471-8330-36f185cbcc2f,1,1082.567164
2026/02/04/23:37:36,apply-time,rs-001128-88gfp,4cb74eb1-ffdc-4dfb-b469-d9c88dda9bd4,1,1082.567164
2026/02/04/23:37:36,running-time,rs-001128-88gfp,4cb74eb1-ffdc-4dfb-b469-d9c88dda9bd4,1,1082.567164
2026/02/04/23:37:36,apply-time,rs-001128-tjn98,f75d9c3f-018f-4085-a29a-793e00c0b28a,1,1083.567164
2026/02/04/23:37:36,running-time,rs-001128-tjn98,f75d9c3f-018f-4085-a29a-793e00c0b28a,1,1083.567164
2026/02/04/23:37:36,apply-time,rs-001129-mdpxw,5f0cfd69-0dd6-496b-88fd-2540cc67c9ba,1,1083.567164
2026/02/04/23:37:36,running-time,rs-001129-mdpxw,5f0cfd69-0dd6-496b-88fd-2540cc67c9ba,1,1083.567164
2026/02/04/23:37:36,apply-time,rs-001130-4mftl,ad320775-466d-4023-93a2-448534d5ecb6,1,1082.567164
2026/02/04/23:37:36,apply-time,rs-001131-zbwvs,169da210-bff5-49ba-a49e-6bbd3efd3217,1,1082.567164
2026/02/04/23:37:36,running-time,rs-001131-zbwvs,169da210-bff5-49ba-a49e-6bbd3efd3217,1,1082.567164
2026/02/04/23:37:36,apply-time,rs-001132-5jjt7,dbf83bee-c20b-45d0-b119-dc16b93fb7a4,1,1083.567164
2026/02/04/23:37:37,running-time,rs-001130-4mftl,ad320775-466d-4023-93a2-448534d5ecb6,1,1083.567164
2026/02/04/23:37:37,apply-time,rs-001133-sn5v7,15ab6bbc-bac9-4c6f-96cd-f551f7dda829,1,1083.567164
2026/02/04/23:37:37,running-time,rs-001133-sn5v7,15ab6bbc-bac9-4c6f-96cd-f551f7dda829,1,1083.567164
2026/02/04/23:37:37,apply-time,rs-001134-25jhh,f5ec3690-911d-497c-a0a6-d17b7b544ef4,1,1083.567164
2026/02/04/23:37:38,running-time,rs-001132-5jjt7,dbf83bee-c20b-45d0-b119-dc16b93fb7a4,1,1084.567164
2026/02/04/23:37:40,running-time,rs-001134-25jhh,f5ec3690-911d-497c-a0a6-d17b7b544ef4,1,1087.567164
2026/02/04/23:37:42,apply-time,rs-001135-49jhv,2e09a63d-ebae-430c-a9f4-7a68a5a0a9dd,1,1088.567164
2026/02/04/23:37:42,running-time,rs-001135-49jhv,2e09a63d-ebae-430c-a9f4-7a68a5a0a9dd,1,1088.567164
2026/02/04/23:37:42,apply-time,rs-001135-hzjcm,8e696a74-e33f-4762-a3dd-ab36d71e7468,1,1088.567164
2026/02/04/23:37:42,running-time,rs-001135-hzjcm,8e696a74-e33f-4762-a3dd-ab36d71e7468,1,1088.567164
2026/02/04/23:37:42,apply-time,rs-001135-nrthl,3629f824-2be0-4cd9-aa99-f4e659362cbb,1,1088.567164
2026/02/04/23:37:42,running-time,rs-001135-nrthl,3629f824-2be0-4cd9-aa99-f4e659362cbb,1,1088.567164
2026/02/04/23:37:42,apply-time,rs-001136-6wk7h,91a9545f-13f4-4b89-b791-682f0a7ee3b5,1,1088.567164
2026/02/04/23:37:42,running-time,rs-001136-6wk7h,91a9545f-13f4-4b89-b791-682f0a7ee3b5,1,1088.567164
2026/02/04/23:37:42,apply-time,rs-001137-n7f2x,bc7dc7e1-ce1a-4212-970e-4703b610ba4c,1,1088.567164
2026/02/04/23:37:42,running-time,rs-001137-n7f2x,bc7dc7e1-ce1a-4212-970e-4703b610ba4c,1,1088.567164
2026/02/04/23:37:42,apply-time,rs-001137-txm8w,a680c3b4-777f-4185-b34b-63f253633f03,1,1088.567164
2026/02/04/23:37:42,running-time,rs-001137-txm8w,a680c3b4-777f-4185-b34b-63f253633f03,1,1088.567164
2026/02/04/23:37:42,apply-time,rs-001138-9phgb,74959770-16f0-45b3-bc8a-ede2feacbe11,1,1088.567164
2026/02/04/23:37:42,running-time,rs-001138-9phgb,74959770-16f0-45b3-bc8a-ede2feacbe11,1,1088.567164
2026/02/04/23:37:42,apply-time,rs-001138-nj6lf,e1173a1b-4374-43cd-abee-d74322db6d72,1,1088.567164
2026/02/04/23:37:42,running-time,rs-001138-nj6lf,e1173a1b-4374-43cd-abee-d74322db6d72,1,1088.567164
2026/02/04/23:37:42,apply-time,rs-001139-55txb,fd89a0f7-252c-4988-8b27-00709aa4e3de,1,1088.567164
2026/02/04/23:37:42,running-time,rs-001139-55txb,fd89a0f7-252c-4988-8b27-00709aa4e3de,1,1088.567164
2026/02/04/23:37:42,apply-time,rs-001139-tqscd,b0b63502-3729-49c2-8b89-44f808f137a6,1,1088.567164
2026/02/04/23:37:42,running-time,rs-001139-tqscd,b0b63502-3729-49c2-8b89-44f808f137a6,1,1088.567164
2026/02/04/23:37:44,apply-time,rs-001140-4s5bp,b8b6360d-5519-4441-8732-4e71f885c68a,1,1091.567164
2026/02/04/23:37:44,running-time,rs-001140-4s5bp,b8b6360d-5519-4441-8732-4e71f885c68a,1,1091.567164
2026/02/04/23:37:44,apply-time,rs-001140-k9988,13071bae-08f6-45b9-ba49-2445ac6a769d,1,1091.567164
2026/02/04/23:37:44,running-time,rs-001140-k9988,13071bae-08f6-45b9-ba49-2445ac6a769d,1,1091.567164
2026/02/04/23:37:44,apply-time,rs-001141-bfvjk,bc6b45ef-2c8c-4274-a6b4-428f64307dc6,1,1091.567164
2026/02/04/23:37:44,running-time,rs-001141-bfvjk,bc6b45ef-2c8c-4274-a6b4-428f64307dc6,1,1091.567164
2026/02/04/23:37:44,apply-time,rs-001141-dn6vz,cc846870-7163-45da-8e65-d20bae572b8a,1,1091.567164
2026/02/04/23:37:44,running-time,rs-001141-dn6vz,cc846870-7163-45da-8e65-d20bae572b8a,1,1091.567164
2026/02/04/23:37:45,apply-time,rs-001142-9g6xq,d96504eb-7935-4ff5-90cd-368987b400a1,1,1092.567164
2026/02/04/23:37:45,running-time,rs-001142-9g6xq,d96504eb-7935-4ff5-90cd-368987b400a1,1,1092.567164
2026/02/04/23:37:45,apply-time,rs-001142-dv9dz,bc80665c-7371-44cd-b38c-0e93515467f0,1,1092.567164
2026/02/04/23:37:45,running-time,rs-001142-dv9dz,bc80665c-7371-44cd-b38c-0e93515467f0,1,1092.567164
2026/02/04/23:37:45,apply-time,rs-001142-thtkq,fdf08bd0-743e-4a92-ab48-4ed403f74fdc,1,1092.567164
2026/02/04/23:37:45,running-time,rs-001142-thtkq,fdf08bd0-743e-4a92-ab48-4ed403f74fdc,1,1092.567164
2026/02/04/23:37:54,apply-time,rs-001143-djnh7,178757f9-c34e-44dc-a4be-ecbc0592e6bd,1,1100.567164
2026/02/04/23:37:54,running-time,rs-001143-djnh7,178757f9-c34e-44dc-a4be-ecbc0592e6bd,1,1100.567164
2026/02/04/23:37:54,apply-time,rs-001144-psnjl,8166fcf9-b026-4980-9dd2-d3f0b4bb8adc,1,1101.567164
2026/02/04/23:37:54,running-time,rs-001144-psnjl,8166fcf9-b026-4980-9dd2-d3f0b4bb8adc,1,1101.567164
2026/02/04/23:37:54,apply-time,rs-001145-mjhr4,76b83084-aee2-4815-ad2c-aac2ebbe9684,1,1101.567164
2026/02/04/23:37:54,running-time,rs-001145-mjhr4,76b83084-aee2-4815-ad2c-aac2ebbe9684,1,1101.567164
2026/02/04/23:37:57,apply-time,rs-001146-b5mrr,98b19a98-cbf4-471b-98bb-aa51db843342,1,1103.567164
2026/02/04/23:37:57,running-time,rs-001146-b5mrr,98b19a98-cbf4-471b-98bb-aa51db843342,1,1103.567164
2026/02/04/23:37:57,apply-time,rs-001147-89b25,97003707-c70e-4f5f-8bae-7c7d98b0201d,1,1103.567164
2026/02/04/23:37:57,running-time,rs-001147-89b25,97003707-c70e-4f5f-8bae-7c7d98b0201d,1,1103.567164
2026/02/04/23:37:57,apply-time,rs-001147-lk969,f175ceae-6e47-4ffd-8a24-41f8d6c86a9d,1,1103.567164
2026/02/04/23:37:57,running-time,rs-001147-lk969,f175ceae-6e47-4ffd-8a24-41f8d6c86a9d,1,1103.567164
2026/02/04/23:37:57,apply-time,rs-001147-zhzhs,9102c1b6-2ce3-40d5-b64f-c23950669def,1,1103.567164
2026/02/04/23:37:57,running-time,rs-001147-zhzhs,9102c1b6-2ce3-40d5-b64f-c23950669def,1,1103.567164
2026/02/04/23:37:57,apply-time,rs-001148-74ff2,e3c5a210-3bf4-4be6-9712-5116394fe84f,1,1103.567164
2026/02/04/23:37:57,running-time,rs-001148-74ff2,e3c5a210-3bf4-4be6-9712-5116394fe84f,1,1103.567164
2026/02/04/23:37:57,apply-time,rs-001148-c75tb,ae218b10-0a0b-46c1-b220-9cd4bfea47ef,1,1103.567164
2026/02/04/23:37:57,running-time,rs-001148-c75tb,ae218b10-0a0b-46c1-b220-9cd4bfea47ef,1,1103.567164
2026/02/04/23:37:57,apply-time,rs-001148-f9h2r,9766f894-627d-4bd9-bbdd-4952adcef06b,1,1103.567164
2026/02/04/23:37:57,running-time,rs-001148-f9h2r,9766f894-627d-4bd9-bbdd-4952adcef06b,1,1103.567164
2026/02/04/23:38:00,apply-time,rs-001149-c5hsf,4119e288-de33-45cb-a535-dee3886ef5cd,1,1106.567164
2026/02/04/23:38:00,running-time,rs-001149-c5hsf,4119e288-de33-45cb-a535-dee3886ef5cd,1,1106.567164
2026/02/04/23:38:02,apply-time,rs-001150-8lsvw,fc44b34b-1826-4e51-b643-6ff81fb1a796,1,1108.567164
2026/02/04/23:38:02,running-time,rs-001150-8lsvw,fc44b34b-1826-4e51-b643-6ff81fb1a796,1,1108.567164
2026/02/04/23:38:02,apply-time,rs-001150-fkdmg,f3e6d6ca-e18a-49cd-8739-0051a201a15e,1,1108.567164
2026/02/04/23:38:02,running-time,rs-001150-fkdmg,f3e6d6ca-e18a-49cd-8739-0051a201a15e,1,1108.567164
2026/02/04/23:38:02,apply-time,rs-001150-w45hx,3999fd00-9cb9-4ed4-ae94-37c6c5fe1228,1,1108.567164
2026/02/04/23:38:02,running-time,rs-001150-w45hx,3999fd00-9cb9-4ed4-ae94-37c6c5fe1228,1,1108.567164
2026/02/04/23:38:02,apply-time,rs-001151-79l4h,2600f460-8edb-440f-8eaf-12f3065460da,1,1108.567164
2026/02/04/23:38:02,running-time,rs-001151-79l4h,2600f460-8edb-440f-8eaf-12f3065460da,1,1108.567164
2026/02/04/23:38:02,apply-time,rs-001151-ktwqb,92754c82-b777-4463-8653-9137fccbd76c,1,1108.567164
2026/02/04/23:38:02,running-time,rs-001151-ktwqb,92754c82-b777-4463-8653-9137fccbd76c,1,1108.567164
2026/02/04/23:38:02,apply-time,rs-001151-nmqqw,9333c7af-0cb7-4298-b70d-eb62d787e543,1,1108.567164
2026/02/04/23:38:02,running-time,rs-001151-nmqqw,9333c7af-0cb7-4298-b70d-eb62d787e543,1,1108.567164
2026/02/04/23:38:02,apply-time,rs-001152-g8gft,03772ea6-cb72-4d5b-aff1-bb3ed4e26326,1,1108.567164
2026/02/04/23:38:02,running-time,rs-001152-g8gft,03772ea6-cb72-4d5b-aff1-bb3ed4e26326,1,1108.567164
2026/02/04/23:38:02,apply-time,rs-001152-h8ww9,02cb7d52-ac73-4676-8418-09eb84039484,1,1108.567164
2026/02/04/23:38:02,running-time,rs-001152-h8ww9,02cb7d52-ac73-4676-8418-09eb84039484,1,1108.567164
2026/02/04/23:38:02,apply-time,rs-001152-lxlpq,21c67209-f6da-49ac-89be-dd8a945b6391,1,1108.567164
2026/02/04/23:38:02,running-time,rs-001152-lxlpq,21c67209-f6da-49ac-89be-dd8a945b6391,1,1108.567164
2026/02/04/23:38:02,apply-time,rs-001153-j46zq,355ef6ca-a8c7-41b0-8a4b-aa2874ce4a0c,1,1108.567164
2026/02/04/23:38:02,running-time,rs-001153-j46zq,355ef6ca-a8c7-41b0-8a4b-aa2874ce4a0c,1,1108.567164
2026/02/04/23:38:02,apply-time,rs-001153-w2lpz,51c40623-34c0-4cde-87ec-bd526821f011,1,1108.567164
2026/02/04/23:38:02,running-time,rs-001153-w2lpz,51c40623-34c0-4cde-87ec-bd526821f011,1,1108.567164
2026/02/04/23:38:02,apply-time,rs-001154-l6kct,9631e28b-e816-40c0-89b7-7ea9328444dc,1,1108.567164
2026/02/04/23:38:02,running-time,rs-001154-l6kct,9631e28b-e816-40c0-89b7-7ea9328444dc,1,1108.567164
2026/02/04/23:38:02,apply-time,rs-001155-7ms4w,eced631c-eadf-4637-82f7-70ac2fc620c3,1,1109.567164
2026/02/04/23:38:02,running-time,rs-001155-7ms4w,eced631c-eadf-4637-82f7-70ac2fc620c3,1,1109.567164
2026/02/04/23:38:02,apply-time,rs-001155-zt5ns,92c77e5a-4dec-409b-b082-610f1ac61b5a,1,1109.567164
2026/02/04/23:38:02,running-time,rs-001155-zt5ns,92c77e5a-4dec-409b-b082-610f1ac61b5a,1,1109.567164
2026/02/04/23:38:03,apply-time,rs-001155-8pbcf,5143c65d-1804-4b28-a7cd-861b766e351c,1,1109.567164
2026/02/04/23:38:03,running-time,rs-001155-8pbcf,5143c65d-1804-4b28-a7cd-861b766e351c,1,1109.567164
2026/02/04/23:38:03,apply-time,rs-001156-r8rbf,655de9dd-99d3-49ed-8006-cbddca0f323e,1,1109.567164
2026/02/04/23:38:03,running-time,rs-001156-r8rbf,655de9dd-99d3-49ed-8006-cbddca0f323e,1,1109.567164
2026/02/04/23:38:03,apply-time,rs-001157-bhhm2,c12ba7db-adb3-4e58-ba5e-c8b9cf0db325,1,1109.567164
2026/02/04/23:38:03,running-time,rs-001157-bhhm2,c12ba7db-adb3-4e58-ba5e-c8b9cf0db325,1,1109.567164
2026/02/04/23:38:04,apply-time,rs-001158-nxq9q,f6317e40-68bf-4049-bd0d-ecea90297209,1,1110.567164
2026/02/04/23:38:04,running-time,rs-001158-nxq9q,f6317e40-68bf-4049-bd0d-ecea90297209,1,1111.567164
2026/02/04/23:38:04,apply-time,rs-001159-wvw46,43ccb8f6-2243-4d07-8146-078d9f78bf6b,1,1111.567164
2026/02/04/23:38:04,running-time,rs-001159-wvw46,43ccb8f6-2243-4d07-8146-078d9f78bf6b,1,1111.567164
2026/02/04/23:38:04,apply-time,rs-001160-l82lp,171ab481-4e3c-42a8-a474-5183b1691c64,1,1111.567164
2026/02/04/23:38:04,running-time,rs-001160-l82lp,171ab481-4e3c-42a8-a474-5183b1691c64,1,1111.567164
2026/02/04/23:38:04,apply-time,rs-001160-mq87k,51b16a61-0cdd-4153-bfb7-697900ecb384,1,1111.567164
2026/02/04/23:38:04,running-time,rs-001160-mq87k,51b16a61-0cdd-4153-bfb7-697900ecb384,1,1111.567164
2026/02/04/23:38:04,apply-time,rs-001160-p9b9q,49434741-0463-4e92-aa07-dac50c60f077,1,1111.567164
2026/02/04/23:38:04,running-time,rs-001160-p9b9q,49434741-0463-4e92-aa07-dac50c60f077,1,1111.567164
2026/02/04/23:38:04,apply-time,rs-001161-9ntq5,b52c030f-4e14-43be-ad6a-9f0dcfaba75f,1,1111.567164
2026/02/04/23:38:04,running-time,rs-001161-9ntq5,b52c030f-4e14-43be-ad6a-9f0dcfaba75f,1,1111.567164
2026/02/04/23:38:04,apply-time,rs-001161-cthlk,5f039d5d-4d49-42de-8897-f0b29174d4b9,1,1111.567164
2026/02/04/23:38:04,running-time,rs-001161-cthlk,5f039d5d-4d49-42de-8897-f0b29174d4b9,1,1111.567164
2026/02/04/23:38:04,apply-time,rs-001161-gm84v,8bb4e4b5-e8a6-4f5a-86da-e749aa1fd321,1,1111.567164
2026/02/04/23:38:04,running-time,rs-001161-gm84v,8bb4e4b5-e8a6-4f5a-86da-e749aa1fd321,1,1111.567164
2026/02/04/23:38:06,apply-time,rs-001162-n6b5g,869f4c50-cdc4-4da1-98f4-b72c71696f52,1,1112.567164
2026/02/04/23:38:06,running-time,rs-001162-n6b5g,869f4c50-cdc4-4da1-98f4-b72c71696f52,1,1112.567164
2026/02/04/23:38:06,apply-time,rs-001163-v5w77,4c86c384-c9a3-4702-9f80-bb918733a598,1,1112.567164
2026/02/04/23:38:06,running-time,rs-001163-v5w77,4c86c384-c9a3-4702-9f80-bb918733a598,1,1112.567164
2026/02/04/23:38:06,apply-time,rs-001164-2hcv4,87ae11e6-3139-4136-bec9-cbb45994b878,1,1113.567164
2026/02/04/23:38:06,running-time,rs-001164-2hcv4,87ae11e6-3139-4136-bec9-cbb45994b878,1,1113.567164
2026/02/04/23:38:06,apply-time,rs-001164-qwxg9,64e57132-5ef7-491c-a2f0-fb4f7b4f29e5,1,1113.567164
2026/02/04/23:38:06,running-time,rs-001164-qwxg9,64e57132-5ef7-491c-a2f0-fb4f7b4f29e5,1,1113.567164
2026/02/04/23:38:06,apply-time,rs-001164-vd48v,5adac390-e6bd-4cc3-a423-cf2b1b98c757,1,1113.567164
2026/02/04/23:38:06,running-time,rs-001164-vd48v,5adac390-e6bd-4cc3-a423-cf2b1b98c757,1,1113.567164
2026/02/04/23:38:20,apply-time,rs-001165-g7wk4,72b95087-f5f0-43e3-81ee-2b7c76e61e60,1,1127.567164
2026/02/04/23:38:20,running-time,rs-001165-g7wk4,72b95087-f5f0-43e3-81ee-2b7c76e61e60,1,1127.567164
2026/02/04/23:38:20,apply-time,rs-001165-grqjq,2da5bcb4-0fdc-4ec4-89c0-382d60c2f0b1,1,1127.567164
2026/02/04/23:38:20,running-time,rs-001165-grqjq,2da5bcb4-0fdc-4ec4-89c0-382d60c2f0b1,1,1127.567164
2026/02/04/23:38:20,apply-time,rs-001165-rqfwx,91da390e-508c-4cf2-a6b7-c5bf82c180c8,1,1127.567164
2026/02/04/23:38:20,running-time,rs-001165-rqfwx,91da390e-508c-4cf2-a6b7-c5bf82c180c8,1,1127.567164
2026/02/04/23:38:25,apply-time,rs-001166-l55tr,7de41660-51b3-4706-b6a9-b388e0ba8253,1,1132.567164
2026/02/04/23:38:25,running-time,rs-001166-l55tr,7de41660-51b3-4706-b6a9-b388e0ba8253,1,1132.567164
2026/02/04/23:38:25,apply-time,rs-001166-tw797,5b37e8d7-6a39-4ff8-b82d-8125afd39391,1,1132.567164
2026/02/04/23:38:25,running-time,rs-001166-tw797,5b37e8d7-6a39-4ff8-b82d-8125afd39391,1,1132.567164
2026/02/04/23:38:25,apply-time,rs-001167-rpqrv,56171ac1-70e8-4aba-8f49-359353c20207,1,1132.567164
2026/02/04/23:38:25,running-time,rs-001167-rpqrv,56171ac1-70e8-4aba-8f49-359353c20207,1,1132.567164
2026/02/04/23:38:25,apply-time,rs-001168-gkrnh,f356d5d2-e8bb-45de-b529-6e9d7fcc9e69,1,1132.567164
2026/02/04/23:38:25,apply-time,rs-001168-lnk94,7c8db0fa-6dc1-4f8a-a75c-d2db4eb9d750,1,1132.567164
2026/02/04/23:38:25,apply-time,rs-001168-sxbgw,4242b975-e13d-4056-9e42-caf50d3abd3b,1,1132.567164
2026/02/04/23:38:26,running-time,rs-001168-gkrnh,f356d5d2-e8bb-45de-b529-6e9d7fcc9e69,1,1132.567164
2026/02/04/23:38:26,running-time,rs-001168-lnk94,7c8db0fa-6dc1-4f8a-a75c-d2db4eb9d750,1,1132.567164
2026/02/04/23:38:26,running-time,rs-001168-sxbgw,4242b975-e13d-4056-9e42-caf50d3abd3b,1,1132.567164
2026/02/04/23:38:26,apply-time,rs-001169-m8tt4,e0011719-27a3-409c-ba8b-e0c83812d6e7,1,1132.567164
2026/02/04/23:38:26,running-time,rs-001169-m8tt4,e0011719-27a3-409c-ba8b-e0c83812d6e7,1,1132.567164
2026/02/04/23:38:26,apply-time,rs-001170-gmb52,8a27bb2f-dd93-48ae-81cd-df73b45689bb,1,1132.567164
2026/02/04/23:38:26,running-time,rs-001170-gmb52,8a27bb2f-dd93-48ae-81cd-df73b45689bb,1,1132.567164
2026/02/04/23:38:26,apply-time,rs-001170-zgfls,05381a70-60e4-4f6b-9876-00d05e720275,1,1132.567164
2026/02/04/23:38:26,running-time,rs-001170-zgfls,05381a70-60e4-4f6b-9876-00d05e720275,1,1132.567164
2026/02/04/23:38:26,apply-time,rs-001171-xxn4c,96c9fab7-2764-4fbe-9ba7-5fc81f0db21a,1,1132.567164
2026/02/04/23:38:26,running-time,rs-001171-xxn4c,96c9fab7-2764-4fbe-9ba7-5fc81f0db21a,1,1132.567164
2026/02/04/23:38:26,apply-time,rs-001172-lx8sz,cd4339b1-4dd4-450d-ab14-34edf5fdd0a9,1,1132.567164
2026/02/04/23:38:26,running-time,rs-001172-lx8sz,cd4339b1-4dd4-450d-ab14-34edf5fdd0a9,1,1132.567164
2026/02/04/23:38:26,apply-time,rs-001172-sc8sz,ba29f388-d754-446b-a775-eac15013adc3,1,1132.567164
2026/02/04/23:38:26,running-time,rs-001172-sc8sz,ba29f388-d754-446b-a775-eac15013adc3,1,1132.567164
2026/02/04/23:38:26,apply-time,rs-001173-9rcdg,a2c40e04-3cb9-4755-84e7-60bbc52e7551,1,1133.567164
2026/02/04/23:38:26,running-time,rs-001173-9rcdg,a2c40e04-3cb9-4755-84e7-60bbc52e7551,1,1133.567164
2026/02/04/23:38:27,apply-time,rs-001174-8fzm4,5c40d821-aa3c-4a96-b690-77cae70b1eeb,1,1134.567164
2026/02/04/23:38:27,running-time,rs-001174-8fzm4,5c40d821-aa3c-4a96-b690-77cae70b1eeb,1,1134.567164
2026/02/04/23:38:27,apply-time,rs-001174-bzbxt,064a8859-3568-4006-8fc0-55580474eee6,1,1134.567164
2026/02/04/23:38:27,running-time,rs-001174-bzbxt,064a8859-3568-4006-8fc0-55580474eee6,1,1134.567164
2026/02/04/23:38:27,apply-time,rs-001174-dn9wl,cac5b947-b4bc-419e-bde5-383124557ece,1,1134.567164
2026/02/04/23:38:27,running-time,rs-001174-dn9wl,cac5b947-b4bc-419e-bde5-383124557ece,1,1134.567164
2026/02/04/23:38:27,apply-time,rs-001175-v7lhl,041588c0-9beb-48e5-8a5e-e499b18a56ad,1,1134.567164
2026/02/04/23:38:27,running-time,rs-001175-v7lhl,041588c0-9beb-48e5-8a5e-e499b18a56ad,1,1134.567164
2026/02/04/23:38:27,apply-time,rs-001176-tnmp7,23de68e1-820d-4010-a184-56c22e8f5fc7,1,1134.567164
2026/02/04/23:38:27,running-time,rs-001176-tnmp7,23de68e1-820d-4010-a184-56c22e8f5fc7,1,1134.567164
2026/02/04/23:38:39,apply-time,rs-001177-5sr46,8dcfa22a-6b12-4e1b-9d09-3b8a10695166,1,1145.567164
2026/02/04/23:38:39,running-time,rs-001177-5sr46,8dcfa22a-6b12-4e1b-9d09-3b8a10695166,1,1145.567164
2026/02/04/23:38:39,apply-time,rs-001178-srbwh,264619b9-d213-4e73-ada8-eebfccfcba58,1,1145.567164
2026/02/04/23:38:39,running-time,rs-001178-srbwh,264619b9-d213-4e73-ada8-eebfccfcba58,1,1145.567164
2026/02/04/23:38:39,apply-time,rs-001178-zmb2q,cb90b28f-664d-43c8-bf49-0543365608ec,1,1145.567164
2026/02/04/23:38:39,running-time,rs-001178-zmb2q,cb90b28f-664d-43c8-bf49-0543365608ec,1,1145.567164
2026/02/04/23:38:39,apply-time,rs-001178-zv462,526b4e2c-9073-43eb-bb41-9d2f63e2e5aa,1,1145.567164
2026/02/04/23:38:39,running-time,rs-001178-zv462,526b4e2c-9073-43eb-bb41-9d2f63e2e5aa,1,1145.567164
2026/02/04/23:38:39,apply-time,rs-001179-6tk95,3daf5583-e1c4-4261-b737-d263ae8e7593,1,1145.567164
2026/02/04/23:38:39,running-time,rs-001179-6tk95,3daf5583-e1c4-4261-b737-d263ae8e7593,1,1145.567164
2026/02/04/23:38:39,apply-time,rs-001180-d4fvt,354bfba3-5217-4608-b576-5e0aa0c7a1d2,1,1145.567164
2026/02/04/23:38:39,running-time,rs-001180-d4fvt,354bfba3-5217-4608-b576-5e0aa0c7a1d2,1,1145.567164
2026/02/04/23:38:39,apply-time,rs-001181-cxsxl,8729679c-2103-47c9-ae59-71d5ca827986,1,1145.567164
2026/02/04/23:38:39,running-time,rs-001181-cxsxl,8729679c-2103-47c9-ae59-71d5ca827986,1,1145.567164
2026/02/04/23:38:42,apply-time,rs-001182-65l6s,7d2b119e-a75b-4151-bffa-4e4294204c58,1,1149.567164
2026/02/04/23:38:42,running-time,rs-001182-65l6s,7d2b119e-a75b-4151-bffa-4e4294204c58,1,1149.567164
2026/02/04/23:38:42,apply-time,rs-001182-g2xkj,5f912fc8-c2fb-469a-9243-426bf2402a29,1,1149.567164
2026/02/04/23:38:42,running-time,rs-001182-g2xkj,5f912fc8-c2fb-469a-9243-426bf2402a29,1,1149.567164
2026/02/04/23:38:42,apply-time,rs-001183-jk4dr,df46bf1e-06de-4578-a5c5-e160aad98de4,1,1149.567164
2026/02/04/23:38:42,running-time,rs-001183-jk4dr,df46bf1e-06de-4578-a5c5-e160aad98de4,1,1149.567164
2026/02/04/23:38:42,apply-time,rs-001183-s26kt,1094eb5d-f7e2-4b42-ab92-d90b6d465213,1,1149.567164
2026/02/04/23:38:42,running-time,rs-001183-s26kt,1094eb5d-f7e2-4b42-ab92-d90b6d465213,1,1149.567164
2026/02/04/23:38:42,apply-time,rs-001184-7jtlg,7f469bf4-1722-4685-bd5a-c7dae4e0965e,1,1149.567164
2026/02/04/23:38:42,running-time,rs-001184-7jtlg,7f469bf4-1722-4685-bd5a-c7dae4e0965e,1,1149.567164
2026/02/04/23:38:42,apply-time,rs-001184-mlk7c,27563da5-8bf3-4f5b-8e69-3429dce9570a,1,1149.567164
2026/02/04/23:38:42,apply-time,rs-001184-rh999,d861dc3d-7bf0-4285-a7d4-2d2168d09c18,1,1149.567164
2026/02/04/23:38:42,running-time,rs-001184-rh999,d861dc3d-7bf0-4285-a7d4-2d2168d09c18,1,1149.567164
2026/02/04/23:38:42,apply-time,rs-001185-qjzgj,c522e657-857a-41dc-8d57-0d641639a1db,1,1149.567164
2026/02/04/23:38:42,running-time,rs-001185-qjzgj,c522e657-857a-41dc-8d57-0d641639a1db,1,1149.567164
2026/02/04/23:38:45,running-time,rs-001184-mlk7c,27563da5-8bf3-4f5b-8e69-3429dce9570a,1,1151.567164
2026/02/04/23:38:53,apply-time,rs-001186-plvvr,f6c5b55e-866b-4854-80fd-5150c891f317,1,1160.567164
2026/02/04/23:38:53,running-time,rs-001186-plvvr,f6c5b55e-866b-4854-80fd-5150c891f317,1,1160.567164
2026/02/04/23:38:53,apply-time,rs-001187-8wpnc,e5b8988a-ca1c-4e13-815d-f072e5550641,1,1160.567164
2026/02/04/23:38:53,running-time,rs-001187-8wpnc,e5b8988a-ca1c-4e13-815d-f072e5550641,1,1160.567164
2026/02/04/23:38:53,apply-time,rs-001187-bh8qt,ba874f0a-b192-4ae3-87fb-4e09a745155a,1,1160.567164
2026/02/04/23:38:53,running-time,rs-001187-bh8qt,ba874f0a-b192-4ae3-87fb-4e09a745155a,1,1160.567164
2026/02/04/23:38:53,apply-time,rs-001187-g5qbw,22d01dac-31fb-49b4-b826-6d934168bc7b,1,1160.567164
2026/02/04/23:38:53,running-time,rs-001187-g5qbw,22d01dac-31fb-49b4-b826-6d934168bc7b,1,1160.567164
2026/02/04/23:38:53,apply-time,rs-001188-qxht6,e769c388-e44b-45a9-a4be-9b7ef1579614,1,1160.567164
2026/02/04/23:38:53,running-time,rs-001188-qxht6,e769c388-e44b-45a9-a4be-9b7ef1579614,1,1160.567164
2026/02/04/23:39:09,apply-time,rs-001189-5nvkn,ab5377f6-4eb8-4f3e-bf4d-38232187cb57,1,1175.567164
2026/02/04/23:39:09,running-time,rs-001189-5nvkn,ab5377f6-4eb8-4f3e-bf4d-38232187cb57,1,1175.567164
2026/02/04/23:39:12,apply-time,rs-001190-5vr6k,e89415a3-d6c3-44fa-92de-7f379e2f71ee,1,1178.567164
2026/02/04/23:39:12,running-time,rs-001190-5vr6k,e89415a3-d6c3-44fa-92de-7f379e2f71ee,1,1178.567164
2026/02/04/23:39:12,apply-time,rs-001190-dntpn,224837ab-50f6-4046-bb45-04627bc9d826,1,1178.567164
2026/02/04/23:39:12,running-time,rs-001190-dntpn,224837ab-50f6-4046-bb45-04627bc9d826,1,1178.567164
2026/02/04/23:39:12,apply-time,rs-001190-gqpj9,ace51df2-df96-4f7b-9cdd-e95e2259cfbd,1,1178.567164
2026/02/04/23:39:12,running-time,rs-001190-gqpj9,ace51df2-df96-4f7b-9cdd-e95e2259cfbd,1,1178.567164
2026/02/04/23:39:13,apply-time,rs-001191-b4xxj,353f946b-c3a9-40c8-8634-d27dcf01445f,1,1179.567164
2026/02/04/23:39:13,running-time,rs-001191-b4xxj,353f946b-c3a9-40c8-8634-d27dcf01445f,1,1179.567164
2026/02/04/23:39:13,apply-time,rs-001191-sct9l,05faeca6-d2b7-4cac-9ea7-b3fc7ceb9d54,1,1179.567164
2026/02/04/23:39:13,running-time,rs-001191-sct9l,05faeca6-d2b7-4cac-9ea7-b3fc7ceb9d54,1,1179.567164
2026/02/04/23:39:13,apply-time,rs-001191-vkzfr,5a87a3e8-270f-4590-91ff-24572299a609,1,1179.567164
2026/02/04/23:39:13,running-time,rs-001191-vkzfr,5a87a3e8-270f-4590-91ff-24572299a609,1,1179.567164
2026/02/04/23:39:18,apply-time,rs-001192-x87t8,0f85c722-22bc-4c00-8eb5-1462e4b8a386,1,1184.567164
2026/02/04/23:39:18,running-time,rs-001192-x87t8,0f85c722-22bc-4c00-8eb5-1462e4b8a386,1,1184.567164
2026/02/04/23:39:18,apply-time,rs-001193-77gxr,6f4f5d08-c7e5-4511-85f6-45637418f33f,1,1185.567164
2026/02/04/23:39:18,running-time,rs-001193-77gxr,6f4f5d08-c7e5-4511-85f6-45637418f33f,1,1185.567164
2026/02/04/23:39:18,apply-time,rs-001193-d9hl6,7351fe87-b964-417e-a942-bc3bae805b68,1,1185.567164
2026/02/04/23:39:18,running-time,rs-001193-d9hl6,7351fe87-b964-417e-a942-bc3bae805b68,1,1185.567164
2026/02/04/23:39:18,apply-time,rs-001193-q8wx4,8bd47095-6cb3-47b0-a172-0b0d3908b8d4,1,1185.567164
2026/02/04/23:39:18,running-time,rs-001193-q8wx4,8bd47095-6cb3-47b0-a172-0b0d3908b8d4,1,1185.567164
2026/02/04/23:39:18,apply-time,rs-001194-9xgvm,6feea105-5bea-43aa-a350-1eff090824d1,1,1185.567164
2026/02/04/23:39:18,running-time,rs-001194-9xgvm,6feea105-5bea-43aa-a350-1eff090824d1,1,1185.567164
2026/02/04/23:39:19,apply-time,rs-001195-jk2zr,2e22ddf4-9f04-49f2-9833-70b38b4d686e,1,1185.567164
2026/02/04/23:39:19,running-time,rs-001195-jk2zr,2e22ddf4-9f04-49f2-9833-70b38b4d686e,1,1185.567164
2026/02/04/23:39:19,apply-time,rs-001195-m9c9z,777d8ab0-a788-49f5-889a-e5902b25426d,1,1185.567164
2026/02/04/23:39:19,running-time,rs-001195-m9c9z,777d8ab0-a788-49f5-889a-e5902b25426d,1,1185.567164
2026/02/04/23:39:22,apply-time,rs-001196-hbmkm,2ccb1bf5-4a0f-4da5-9d31-4219e02f1041,1,1189.567164
2026/02/04/23:39:22,running-time,rs-001196-hbmkm,2ccb1bf5-4a0f-4da5-9d31-4219e02f1041,1,1189.567164
2026/02/04/23:39:22,apply-time,rs-001197-m4ndb,6f21ab2c-1d65-4086-a14d-43d1ca6108d6,1,1189.567164
2026/02/04/23:39:22,running-time,rs-001197-m4ndb,6f21ab2c-1d65-4086-a14d-43d1ca6108d6,1,1189.567164
2026/02/04/23:39:22,apply-time,rs-001198-vrqk4,3a78f9bd-cd6c-4ceb-b167-5b41e738f198,1,1189.567164
2026/02/04/23:39:22,running-time,rs-001198-vrqk4,3a78f9bd-cd6c-4ceb-b167-5b41e738f198,1,1189.567164
2026/02/04/23:39:22,apply-time,rs-001199-6n55l,912e341a-70dc-44fb-a045-3262c28723b6,1,1189.567164
2026/02/04/23:39:22,running-time,rs-001199-6n55l,912e341a-70dc-44fb-a045-3262c28723b6,1,1189.567164
2026/02/04/23:39:23,apply-time,rs-001200-4czlk,a7b6943e-1644-448e-85fe-6908ca1c8d6f,1,1189.567164
2026/02/04/23:39:23,running-time,rs-001200-4czlk,a7b6943e-1644-448e-85fe-6908ca1c8d6f,1,1189.567164
2026/02/04/23:39:23,apply-time,rs-001201-7lm57,b9ceea29-9e5c-456e-962e-7ab4c7f72150,1,1189.567164
2026/02/04/23:39:23,running-time,rs-001201-7lm57,b9ceea29-9e5c-456e-962e-7ab4c7f72150,1,1189.567164
2026/02/04/23:39:23,apply-time,rs-001201-9d45b,d730a8ce-5205-44f6-8ede-2b8428e48818,1,1189.567164
2026/02/04/23:39:23,running-time,rs-001201-9d45b,d730a8ce-5205-44f6-8ede-2b8428e48818,1,1189.567164
2026/02/04/23:39:23,apply-time,rs-001201-9v7gx,512abe57-777c-40b8-8138-6a3fcb02a1cc,1,1189.567164
2026/02/04/23:39:23,running-time,rs-001201-9v7gx,512abe57-777c-40b8-8138-6a3fcb02a1cc,1,1189.567164
2026/02/04/23:39:23,apply-time,rs-001202-9cxmp,2c1d6dca-ddc4-4a6a-ae2a-ca47f95598f0,1,1189.567164
2026/02/04/23:39:23,running-time,rs-001202-9cxmp,2c1d6dca-ddc4-4a6a-ae2a-ca47f95598f0,1,1189.567164
2026/02/04/23:39:23,apply-time,rs-001202-jm5lf,0056d4d4-c278-44b7-9d2a-3a1cfbe892eb,1,1189.567164
2026/02/04/23:39:23,running-time,rs-001202-jm5lf,0056d4d4-c278-44b7-9d2a-3a1cfbe892eb,1,1189.567164
2026/02/04/23:39:23,apply-time,rs-001202-pxc78,4f68df5f-d4d8-4735-8dc6-cfa75e753131,1,1189.567164
2026/02/04/23:39:23,running-time,rs-001202-pxc78,4f68df5f-d4d8-4735-8dc6-cfa75e753131,1,1189.567164
2026/02/04/23:39:26,apply-time,rs-001203-jlfl2,66af8fe2-8bfd-48cc-b26c-564e0cc21106,1,1193.567164
2026/02/04/23:39:26,running-time,rs-001203-jlfl2,66af8fe2-8bfd-48cc-b26c-564e0cc21106,1,1193.567164
2026/02/04/23:39:26,apply-time,rs-001203-qtvhl,200c416c-2ab9-4957-b538-4fa5da7ca1ba,1,1193.567164
2026/02/04/23:39:26,running-time,rs-001203-qtvhl,200c416c-2ab9-4957-b538-4fa5da7ca1ba,1,1193.567164
2026/02/04/23:39:26,apply-time,rs-001204-gxn9s,fa031544-4598-4765-af19-c1f0059c6c7b,1,1193.567164
2026/02/04/23:39:26,running-time,rs-001204-gxn9s,fa031544-4598-4765-af19-c1f0059c6c7b,1,1193.567164
2026/02/04/23:39:26,apply-time,rs-001205-rncs6,f5e79eb3-b7a5-4605-8f56-dbb9ecabe44d,1,1193.567164
2026/02/04/23:39:26,running-time,rs-001205-rncs6,f5e79eb3-b7a5-4605-8f56-dbb9ecabe44d,1,1193.567164
2026/02/04/23:39:26,apply-time,rs-001205-v8bmz,a7e0de02-0bdd-4dc8-866c-a2c9a02bdae6,1,1193.567164
2026/02/04/23:39:26,running-time,rs-001205-v8bmz,a7e0de02-0bdd-4dc8-866c-a2c9a02bdae6,1,1193.567164
2026/02/04/23:39:26,apply-time,rs-001205-xp9qr,9f9210b4-a503-4120-992c-55203986e17b,1,1193.567164
2026/02/04/23:39:26,running-time,rs-001205-xp9qr,9f9210b4-a503-4120-992c-55203986e17b,1,1193.567164
2026/02/04/23:39:27,apply-time,rs-001206-9lkcb,095f6c87-55cc-495d-b74e-dd36df90955b,1,1193.567164
2026/02/04/23:39:27,running-time,rs-001206-9lkcb,095f6c87-55cc-495d-b74e-dd36df90955b,1,1193.567164
2026/02/04/23:39:27,apply-time,rs-001206-tk4tw,f4e71c0b-a68f-4b06-93bf-5bf1653dd6c8,1,1193.567164
2026/02/04/23:39:27,running-time,rs-001206-tk4tw,f4e71c0b-a68f-4b06-93bf-5bf1653dd6c8,1,1193.567164
2026/02/04/23:39:27,apply-time,rs-001207-b9zll,7a9a191f-d329-442a-89d2-a4b05c9d8c1b,1,1193.567164
2026/02/04/23:39:27,running-time,rs-001207-b9zll,7a9a191f-d329-442a-89d2-a4b05c9d8c1b,1,1193.567164
2026/02/04/23:39:27,apply-time,rs-001207-w7x8b,33af010b-7525-4036-ba39-4856cfb268b8,1,1193.567164
2026/02/04/23:39:27,running-time,rs-001207-w7x8b,33af010b-7525-4036-ba39-4856cfb268b8,1,1193.567164
2026/02/04/23:39:27,apply-time,rs-001208-d69gg,4a9cf069-a00d-43f6-a79e-cda9d86623aa,1,1193.567164
2026/02/04/23:39:27,running-time,rs-001208-d69gg,4a9cf069-a00d-43f6-a79e-cda9d86623aa,1,1193.567164
2026/02/04/23:39:27,apply-time,rs-001208-ww76t,d9bcc8fb-b906-4ca4-84b1-2f4e2dc8cba6,1,1193.567164
2026/02/04/23:39:27,running-time,rs-001208-ww76t,d9bcc8fb-b906-4ca4-84b1-2f4e2dc8cba6,1,1193.567164
2026/02/04/23:39:27,apply-time,rs-001209-ttgks,16a41cd7-0453-4f34-905c-977b473b79bc,1,1194.567164
2026/02/04/23:39:27,running-time,rs-001209-ttgks,16a41cd7-0453-4f34-905c-977b473b79bc,1,1194.567164
2026/02/04/23:39:27,apply-time,rs-001209-vdwwk,79758aca-5e60-41c4-b3fb-f6a7fd188998,1,1194.567164
2026/02/04/23:39:27,running-time,rs-001209-vdwwk,79758aca-5e60-41c4-b3fb-f6a7fd188998,1,1194.567164
2026/02/04/23:39:27,apply-time,rs-001209-x484c,92dc2623-599b-4504-8779-7bf91c891ef1,1,1193.567164
2026/02/04/23:39:27,running-time,rs-001209-x484c,92dc2623-599b-4504-8779-7bf91c891ef1,1,1193.567164
2026/02/04/23:39:40,apply-time,rs-001210-vdqvm,3eef50b4-6816-4c8b-85ab-40172b4e1f36,1,1207.567164
2026/02/04/23:39:40,running-time,rs-001210-vdqvm,3eef50b4-6816-4c8b-85ab-40172b4e1f36,1,1207.567164
2026/02/04/23:39:40,apply-time,rs-001211-g589m,3ba0e362-fc2a-4ddc-988e-2b98fc3ab0d9,1,1207.567164
2026/02/04/23:39:40,running-time,rs-001211-g589m,3ba0e362-fc2a-4ddc-988e-2b98fc3ab0d9,1,1207.567164
2026/02/04/23:39:40,apply-time,rs-001212-9qtg5,b9e8b5fc-2462-4b9b-9a0f-9818009ecf00,1,1207.567164
2026/02/04/23:39:40,running-time,rs-001212-9qtg5,b9e8b5fc-2462-4b9b-9a0f-9818009ecf00,1,1207.567164
2026/02/04/23:39:40,apply-time,rs-001213-bhrnh,587cb942-049a-4114-98e2-34825af6411d,1,1207.567164
2026/02/04/23:39:40,running-time,rs-001213-bhrnh,587cb942-049a-4114-98e2-34825af6411d,1,1207.567164
2026/02/04/23:39:40,apply-time,rs-001213-stz6n,0a9b892c-dd1c-46ec-ab9c-55bbce4ed6d2,1,1207.567164
2026/02/04/23:39:40,running-time,rs-001213-stz6n,0a9b892c-dd1c-46ec-ab9c-55bbce4ed6d2,1,1207.567164
2026/02/04/23:39:40,apply-time,rs-001214-wdg7d,38f83cba-8a06-46fd-9ea4-a2d00a85fec6,1,1207.567164
2026/02/04/23:39:40,running-time,rs-001214-wdg7d,38f83cba-8a06-46fd-9ea4-a2d00a85fec6,1,1207.567164
2026/02/04/23:39:40,apply-time,rs-001215-5g8r7,1a91373b-d370-44a6-a657-7f75c8b48b68,1,1207.567164
2026/02/04/23:39:40,running-time,rs-001215-5g8r7,1a91373b-d370-44a6-a657-7f75c8b48b68,1,1207.567164
2026/02/04/23:39:40,apply-time,rs-001215-khtsl,16f8b845-4ef5-48d6-8829-1cf110c76afb,1,1207.567164
2026/02/04/23:39:40,running-time,rs-001215-khtsl,16f8b845-4ef5-48d6-8829-1cf110c76afb,1,1207.567164
2026/02/04/23:39:41,apply-time,rs-001216-9kcmh,d3b558f8-7170-4e95-91e0-d43e2a32ee0d,1,1207.567164
2026/02/04/23:39:41,running-time,rs-001216-9kcmh,d3b558f8-7170-4e95-91e0-d43e2a32ee0d,1,1207.567164
2026/02/04/23:39:41,apply-time,rs-001216-pmtxs,22f5322e-e02c-4706-9087-959f7bedfb7e,1,1207.567164
2026/02/04/23:39:41,running-time,rs-001216-pmtxs,22f5322e-e02c-4706-9087-959f7bedfb7e,1,1207.567164
2026/02/04/23:39:42,apply-time,rs-001217-4kd22,160da5ed-5cfd-48c6-9318-b8f98e485cbb,1,1209.567164
2026/02/04/23:39:42,running-time,rs-001217-4kd22,160da5ed-5cfd-48c6-9318-b8f98e485cbb,1,1209.567164
2026/02/04/23:39:42,apply-time,rs-001217-vfpzj,d330a463-98bb-4d3a-818c-b776c0806475,1,1209.567164
2026/02/04/23:39:42,running-time,rs-001217-vfpzj,d330a463-98bb-4d3a-818c-b776c0806475,1,1209.567164
2026/02/04/23:39:57,apply-time,rs-001218-8rwc2,43cb5a14-1b69-4ae3-b760-25cf97db4e1e,1,1223.567164
2026/02/04/23:39:57,running-time,rs-001218-8rwc2,43cb5a14-1b69-4ae3-b760-25cf97db4e1e,1,1223.567164
2026/02/04/23:39:57,apply-time,rs-001219-gnrqh,cb5b27ca-2eee-48d5-9e15-42fddc46b19f,1,1223.567164
2026/02/04/23:39:57,running-time,rs-001219-gnrqh,cb5b27ca-2eee-48d5-9e15-42fddc46b19f,1,1223.567164
2026/02/04/23:39:57,apply-time,rs-001220-kfzf9,b957365c-4da2-4e65-8bd6-e91296ead3e8,1,1223.567164
2026/02/04/23:39:57,running-time,rs-001220-kfzf9,b957365c-4da2-4e65-8bd6-e91296ead3e8,1,1223.567164
2026/02/04/23:39:58,apply-time,rs-001221-89zhl,cefe68fd-9239-4673-bbb5-ca941835d2f0,1,1225.567164
2026/02/04/23:39:58,running-time,rs-001221-89zhl,cefe68fd-9239-4673-bbb5-ca941835d2f0,1,1225.567164
2026/02/04/23:39:58,apply-time,rs-001222-rc2jz,a878177a-fa58-40ad-a7cc-ccbf472c2541,1,1225.567164
2026/02/04/23:39:58,running-time,rs-001222-rc2jz,a878177a-fa58-40ad-a7cc-ccbf472c2541,1,1225.567164
2026/02/04/23:39:58,apply-time,rs-001222-rqj66,2c874d68-8190-443b-871a-7661ce7e7d57,1,1225.567164
2026/02/04/23:39:58,running-time,rs-001222-rqj66,2c874d68-8190-443b-871a-7661ce7e7d57,1,1225.567164
2026/02/04/23:39:58,apply-time,rs-001223-7kzxt,04fb3edd-ded8-4a95-a74f-7613a7923c3e,1,1225.567164
2026/02/04/23:39:58,running-time,rs-001223-7kzxt,04fb3edd-ded8-4a95-a74f-7613a7923c3e,1,1225.567164
2026/02/04/23:39:58,apply-time,rs-001223-h54kp,192116a1-9941-481b-9572-3f05e08649b8,1,1225.567164
2026/02/04/23:39:58,running-time,rs-001223-h54kp,192116a1-9941-481b-9572-3f05e08649b8,1,1225.567164
2026/02/04/23:39:58,apply-time,rs-001223-srqrz,d80be3dc-fbc7-4920-a497-6cd2898115b4,1,1225.567164
2026/02/04/23:39:58,running-time,rs-001223-srqrz,d80be3dc-fbc7-4920-a497-6cd2898115b4,1,1225.567164
2026/02/04/23:39:58,apply-time,rs-001224-fb9tz,719120b3-ee90-4986-9677-214904076129,1,1225.567164
2026/02/04/23:39:58,running-time,rs-001224-fb9tz,719120b3-ee90-4986-9677-214904076129,1,1225.567164
2026/02/04/23:39:58,apply-time,rs-001224-hz4sj,6d05607a-7db3-48d1-adc0-eab28d46e6f2,1,1225.567164
2026/02/04/23:39:58,running-time,rs-001224-hz4sj,6d05607a-7db3-48d1-adc0-eab28d46e6f2,1,1225.567164
2026/02/04/23:39:58,apply-time,rs-001225-2krmv,196d06cc-201a-4604-ae78-33961e5430c5,1,1225.567164
2026/02/04/23:39:58,running-time,rs-001225-2krmv,196d06cc-201a-4604-ae78-33961e5430c5,1,1225.567164
2026/02/04/23:39:58,apply-time,rs-001225-qk47p,9bc09538-719a-46e4-8ec2-047410896af1,1,1225.567164
2026/02/04/23:39:58,running-time,rs-001225-qk47p,9bc09538-719a-46e4-8ec2-047410896af1,1,1225.567164
2026/02/04/23:40:02,apply-time,rs-001226-92ktd,de5b380a-5ba2-4b7f-b109-7b3c70c137a6,1,1229.567164
2026/02/04/23:40:02,running-time,rs-001226-92ktd,de5b380a-5ba2-4b7f-b109-7b3c70c137a6,1,1229.567164
2026/02/04/23:40:02,apply-time,rs-001226-g92j4,18e46708-232f-4ee2-998c-abb20fada4cf,1,1229.567164
2026/02/04/23:40:02,running-time,rs-001226-g92j4,18e46708-232f-4ee2-998c-abb20fada4cf,1,1229.567164
2026/02/04/23:40:02,apply-time,rs-001226-vzbvt,0c9d0f35-4833-4b2a-adc8-4ae190d81419,1,1229.567164
2026/02/04/23:40:02,running-time,rs-001226-vzbvt,0c9d0f35-4833-4b2a-adc8-4ae190d81419,1,1229.567164
2026/02/04/23:40:06,apply-time,rs-001227-9v4rn,3150a53d-c651-4139-9b52-b37e096ac322,1,1233.567164
2026/02/04/23:40:06,running-time,rs-001227-9v4rn,3150a53d-c651-4139-9b52-b37e096ac322,1,1233.567164
2026/02/04/23:40:06,apply-time,rs-001227-fd9wj,166f5542-fdf8-4cf0-af44-3d0395ad40c3,1,1233.567164
2026/02/04/23:40:06,running-time,rs-001227-fd9wj,166f5542-fdf8-4cf0-af44-3d0395ad40c3,1,1233.567164
2026/02/04/23:40:06,apply-time,rs-001227-lwpgv,5960876e-c3f5-4e09-980a-9920f47255c4,1,1233.567164
2026/02/04/23:40:06,running-time,rs-001227-lwpgv,5960876e-c3f5-4e09-980a-9920f47255c4,1,1233.567164
2026/02/04/23:40:07,apply-time,rs-001228-8wh4t,688126a9-0342-4ded-9f2a-8e67052f8fe9,1,1234.567164
2026/02/04/23:40:07,running-time,rs-001228-8wh4t,688126a9-0342-4ded-9f2a-8e67052f8fe9,1,1234.567164
2026/02/04/23:40:07,apply-time,rs-001228-bwtmb,6eb8956c-8d14-403c-9b28-7634da5d2bf9,1,1234.567164
2026/02/04/23:40:07,running-time,rs-001228-bwtmb,6eb8956c-8d14-403c-9b28-7634da5d2bf9,1,1234.567164
2026/02/04/23:40:07,apply-time,rs-001228-xm2dj,56282d18-b18e-42dc-8378-6a72dc602f67,1,1234.567164
2026/02/04/23:40:07,running-time,rs-001228-xm2dj,56282d18-b18e-42dc-8378-6a72dc602f67,1,1234.567164
2026/02/04/23:40:14,apply-time,rs-001229-dt6lr,884c9a38-fceb-4cfc-8621-9acf5a5bcafa,1,1241.567164
2026/02/04/23:40:14,running-time,rs-001229-dt6lr,884c9a38-fceb-4cfc-8621-9acf5a5bcafa,1,1241.567164
2026/02/04/23:40:14,apply-time,rs-001230-98bjl,c549e05a-f218-4922-9105-7f5e1b5c148f,1,1241.567164
2026/02/04/23:40:14,running-time,rs-001230-98bjl,c549e05a-f218-4922-9105-7f5e1b5c148f,1,1241.567164
2026/02/04/23:40:14,apply-time,rs-001230-qzrmd,5eee94d0-338c-407e-8d80-fd6eef8a3b67,1,1241.567164
2026/02/04/23:40:14,running-time,rs-001230-qzrmd,5eee94d0-338c-407e-8d80-fd6eef8a3b67,1,1241.567164
2026/02/04/23:40:14,apply-time,rs-001230-z6w98,d0884b8f-b2db-4a38-b4c4-fdefaf548ddd,1,1241.567164
2026/02/04/23:40:14,running-time,rs-001230-z6w98,d0884b8f-b2db-4a38-b4c4-fdefaf548ddd,1,1241.567164
2026/02/04/23:40:15,apply-time,rs-001231-mb2wq,b1d477b3-8fbc-4bd9-b4f7-4efc79b1ec1f,1,1242.567164
2026/02/04/23:40:15,running-time,rs-001231-mb2wq,b1d477b3-8fbc-4bd9-b4f7-4efc79b1ec1f,1,1242.567164
2026/02/04/23:40:15,apply-time,rs-001231-s72bm,a897a8e6-a423-4437-beef-faa4db01ae79,1,1242.567164
2026/02/04/23:40:15,running-time,rs-001231-s72bm,a897a8e6-a423-4437-beef-faa4db01ae79,1,1242.567164
2026/02/04/23:40:26,apply-time,rs-001232-b9l7q,199e971b-991a-4937-87c5-be372895c45e,1,1253.567164
2026/02/04/23:40:26,running-time,rs-001232-b9l7q,199e971b-991a-4937-87c5-be372895c45e,1,1253.567164
2026/02/04/23:40:28,apply-time,rs-001233-4gf59,7f5c44f8-2b0b-44e7-b10a-9f8c93e35465,1,1255.567164
2026/02/04/23:40:28,apply-time,rs-001233-vcjlc,46d75fe1-0482-4262-ae34-2c775c61145c,1,1255.567164
2026/02/04/23:40:29,running-time,rs-001233-4gf59,7f5c44f8-2b0b-44e7-b10a-9f8c93e35465,1,1255.567164
2026/02/04/23:40:29,running-time,rs-001233-vcjlc,46d75fe1-0482-4262-ae34-2c775c61145c,1,1255.567164
2026/02/04/23:40:29,apply-time,rs-001234-9xzpw,f6d60f62-4cdb-487e-9dbf-d0e9d1ecf747,1,1255.567164
2026/02/04/23:40:29,running-time,rs-001234-9xzpw,f6d60f62-4cdb-487e-9dbf-d0e9d1ecf747,1,1255.567164
2026/02/04/23:40:29,apply-time,rs-001234-cz5dx,63ec7a11-5790-4b12-b105-67b0af60c78b,1,1255.567164
2026/02/04/23:40:29,running-time,rs-001234-cz5dx,63ec7a11-5790-4b12-b105-67b0af60c78b,1,1255.567164
2026/02/04/23:40:29,apply-time,rs-001234-d7vtf,6142ad12-2e52-4ee5-b3bc-1f487bd82943,1,1255.567164
2026/02/04/23:40:29,running-time,rs-001234-d7vtf,6142ad12-2e52-4ee5-b3bc-1f487bd82943,1,1255.567164
2026/02/04/23:40:29,apply-time,rs-001235-zxj77,c9090065-7627-4fd7-8bc1-b305aff2bc72,1,1255.567164
2026/02/04/23:40:29,running-time,rs-001235-zxj77,c9090065-7627-4fd7-8bc1-b305aff2bc72,1,1255.567164
2026/02/04/23:40:29,apply-time,rs-001236-4f9ll,f6f92b4d-71b1-4fe4-b551-78cc741eafa5,1,1255.567164
2026/02/04/23:40:29,running-time,rs-001236-4f9ll,f6f92b4d-71b1-4fe4-b551-78cc741eafa5,1,1255.567164
2026/02/04/23:40:29,apply-time,rs-001236-xrdhp,0222f957-eed5-4a17-b124-cfb444943b23,1,1255.567164
2026/02/04/23:40:29,running-time,rs-001236-xrdhp,0222f957-eed5-4a17-b124-cfb444943b23,1,1255.567164
2026/02/04/23:40:29,apply-time,rs-001237-h4xtc,8963b9d2-f914-4356-8162-92c6548ab64a,1,1256.567164
2026/02/04/23:40:29,running-time,rs-001237-h4xtc,8963b9d2-f914-4356-8162-92c6548ab64a,1,1256.567164
2026/02/04/23:40:29,apply-time,rs-001237-l4drl,3025925b-4530-4a27-81b8-23479d8bdc55,1,1256.567164
2026/02/04/23:40:29,running-time,rs-001237-l4drl,3025925b-4530-4a27-81b8-23479d8bdc55,1,1256.567164
2026/02/04/23:40:29,apply-time,rs-001237-s6cb5,5d14df63-7413-4fa5-9c6f-464815e05d84,1,1255.567164
2026/02/04/23:40:29,running-time,rs-001237-s6cb5,5d14df63-7413-4fa5-9c6f-464815e05d84,1,1256.567164
2026/02/04/23:40:29,apply-time,rs-001238-dmz9c,3ea65fe6-caae-4ee9-8f4a-273b65458998,1,1256.567164
2026/02/04/23:40:29,running-time,rs-001238-dmz9c,3ea65fe6-caae-4ee9-8f4a-273b65458998,1,1256.567164
2026/02/04/23:40:29,apply-time,rs-001239-fhn8h,187053ed-433f-4f0e-aad3-687812b942c4,1,1256.567164
2026/02/04/23:40:29,running-time,rs-001239-fhn8h,187053ed-433f-4f0e-aad3-687812b942c4,1,1256.567164
2026/02/04/23:40:29,apply-time,rs-001239-t8tcc,69976c04-e1a1-49ef-bc64-aa23160767d4,1,1256.567164
2026/02/04/23:40:29,running-time,rs-001239-t8tcc,69976c04-e1a1-49ef-bc64-aa23160767d4,1,1256.567164
2026/02/04/23:40:29,apply-time,rs-001240-tpz96,b3f82e03-c95c-4ac6-ac03-aa7e6af2d90c,1,1256.567164
2026/02/04/23:40:29,running-time,rs-001240-tpz96,b3f82e03-c95c-4ac6-ac03-aa7e6af2d90c,1,1256.567164
2026/02/04/23:40:30,apply-time,rs-001241-kmt57,ef3d591c-9e12-427d-bbb1-25a15996090a,1,1256.567164
2026/02/04/23:40:30,running-time,rs-001241-kmt57,ef3d591c-9e12-427d-bbb1-25a15996090a,1,1256.567164
2026/02/04/23:40:30,apply-time,rs-001242-fjmmm,12306f4d-fa33-46fa-9f82-b685d7a9ef35,1,1256.567164
2026/02/04/23:40:30,running-time,rs-001242-fjmmm,12306f4d-fa33-46fa-9f82-b685d7a9ef35,1,1256.567164
2026/02/04/23:40:30,apply-time,rs-001242-mldrg,30f67758-6c14-4a82-8cfe-bb751bf6a38f,1,1256.567164
2026/02/04/23:40:30,running-time,rs-001242-mldrg,30f67758-6c14-4a82-8cfe-bb751bf6a38f,1,1257.567164
2026/02/04/23:40:30,apply-time,rs-001243-ccfpl,66022df3-3575-42ac-918d-15dbd52ec0e1,1,1256.567164
2026/02/04/23:40:30,running-time,rs-001243-ccfpl,66022df3-3575-42ac-918d-15dbd52ec0e1,1,1256.567164
2026/02/04/23:40:36,apply-time,rs-001244-mnzxv,04c046e9-44f0-44f8-ae78-2c50f53bd8b7,1,1263.567164
2026/02/04/23:40:36,running-time,rs-001244-mnzxv,04c046e9-44f0-44f8-ae78-2c50f53bd8b7,1,1263.567164
2026/02/04/23:40:36,apply-time,rs-001244-tv9xs,559e014e-cacb-4fba-8b23-511fd2911694,1,1263.567164
2026/02/04/23:40:36,running-time,rs-001244-tv9xs,559e014e-cacb-4fba-8b23-511fd2911694,1,1263.567164
2026/02/04/23:40:37,apply-time,rs-001245-s67l5,170cd72d-2005-44f3-9300-f7890f9d622a,1,1263.567164
2026/02/04/23:40:37,running-time,rs-001245-s67l5,170cd72d-2005-44f3-9300-f7890f9d622a,1,1263.567164
2026/02/04/23:40:37,apply-time,rs-001246-f2jcd,ad7f2f17-f867-4a63-bd46-dbb4c6df484b,1,1263.567164
2026/02/04/23:40:37,running-time,rs-001246-f2jcd,ad7f2f17-f867-4a63-bd46-dbb4c6df484b,1,1263.567164
2026/02/04/23:40:37,apply-time,rs-001247-tgnd6,d59aeaf1-cbb0-4d4d-8375-f636e93086b2,1,1263.567164
2026/02/04/23:40:37,running-time,rs-001247-tgnd6,d59aeaf1-cbb0-4d4d-8375-f636e93086b2,1,1263.567164
2026/02/04/23:40:37,apply-time,rs-001247-zgpp9,e89bd7f2-ee75-4405-af79-c7ef9bfdf2f6,1,1263.567164
2026/02/04/23:40:37,running-time,rs-001247-zgpp9,e89bd7f2-ee75-4405-af79-c7ef9bfdf2f6,1,1263.567164
2026/02/04/23:40:37,apply-time,rs-001248-5drhb,461f6d60-07c9-45b6-8321-0009d4b54e28,1,1263.567164
2026/02/04/23:40:37,running-time,rs-001248-5drhb,461f6d60-07c9-45b6-8321-0009d4b54e28,1,1263.567164
2026/02/04/23:40:37,apply-time,rs-001248-zsfrw,3898abb2-3487-455a-be31-d9bf95b92ded,1,1263.567164
2026/02/04/23:40:37,running-time,rs-001248-zsfrw,3898abb2-3487-455a-be31-d9bf95b92ded,1,1264.567164
2026/02/04/23:40:37,apply-time,rs-001249-9vdph,12acc153-f2b3-42d4-9e6f-e5e0f83df6a6,1,1264.567164
2026/02/04/23:40:37,running-time,rs-001249-9vdph,12acc153-f2b3-42d4-9e6f-e5e0f83df6a6,1,1264.567164
2026/02/04/23:40:37,apply-time,rs-001249-ft5mj,72b297f0-7ddf-489f-b00d-0c3a3868ca60,1,1264.567164
2026/02/04/23:40:37,running-time,rs-001249-ft5mj,72b297f0-7ddf-489f-b00d-0c3a3868ca60,1,1264.567164
2026/02/04/23:40:37,apply-time,rs-001249-ftg5x,b7a040c9-317a-4748-9f50-170a8835e9f9,1,1264.567164
2026/02/04/23:40:37,running-time,rs-001249-ftg5x,b7a040c9-317a-4748-9f50-170a8835e9f9,1,1264.567164
2026/02/04/23:40:37,apply-time,rs-001250-wglk2,de000e20-b610-4a11-9032-0f1d6948e10a,1,1264.567164
2026/02/04/23:40:37,running-time,rs-001250-wglk2,de000e20-b610-4a11-9032-0f1d6948e10a,1,1264.567164
2026/02/04/23:40:37,apply-time,rs-001251-8jtgb,91f93948-4a1c-4976-ae1b-72fcc0b8bf09,1,1264.567164
2026/02/04/23:40:37,running-time,rs-001251-8jtgb,91f93948-4a1c-4976-ae1b-72fcc0b8bf09,1,1264.567164
2026/02/04/23:40:37,apply-time,rs-001251-zzpq4,e9f8a4ba-e454-4341-b168-c35d23a58ac7,1,1264.567164
2026/02/04/23:40:37,running-time,rs-001251-zzpq4,e9f8a4ba-e454-4341-b168-c35d23a58ac7,1,1264.567164
2026/02/04/23:40:38,apply-time,rs-001252-9f2rh,10c4bc67-1c0c-4017-a2df-04f4d57b7caf,1,1264.567164
2026/02/04/23:40:38,running-time,rs-001252-9f2rh,10c4bc67-1c0c-4017-a2df-04f4d57b7caf,1,1264.567164
2026/02/04/23:40:38,apply-time,rs-001252-rdzzk,9a425294-3a98-48cf-b24d-7e6c8a58cf05,1,1265.567164
2026/02/04/23:40:38,running-time,rs-001252-rdzzk,9a425294-3a98-48cf-b24d-7e6c8a58cf05,1,1265.567164
2026/02/04/23:40:38,apply-time,rs-001253-djkv8,38c97ed4-e1ae-4c32-acf2-f598303b65c7,1,1265.567164
2026/02/04/23:40:38,running-time,rs-001253-djkv8,38c97ed4-e1ae-4c32-acf2-f598303b65c7,1,1265.567164
2026/02/04/23:40:38,apply-time,rs-001254-kkgwx,9d8f8104-cc2c-4e70-a1cf-49c4c59a88b9,1,1265.567164
2026/02/04/23:40:38,running-time,rs-001254-kkgwx,9d8f8104-cc2c-4e70-a1cf-49c4c59a88b9,1,1265.567164
2026/02/04/23:40:38,apply-time,rs-001254-q4jrj,e99a469d-1fc6-41b7-8917-b3fd17371d26,1,1265.567164
2026/02/04/23:40:38,running-time,rs-001254-q4jrj,e99a469d-1fc6-41b7-8917-b3fd17371d26,1,1265.567164
2026/02/04/23:40:38,apply-time,rs-001254-wbxjh,146d841c-1675-48ac-83d0-6247223e5269,1,1265.567164
2026/02/04/23:40:38,running-time,rs-001254-wbxjh,146d841c-1675-48ac-83d0-6247223e5269,1,1265.567164
2026/02/04/23:40:39,apply-time,rs-001255-72jk4,ee319bc1-50e6-44f1-9ee4-027f8584e911,1,1265.567164
2026/02/04/23:40:39,running-time,rs-001255-72jk4,ee319bc1-50e6-44f1-9ee4-027f8584e911,1,1265.567164
2026/02/04/23:40:39,apply-time,rs-001256-nfj7d,0a18955f-098a-4c91-aaea-dea091ecdf27,1,1266.567164
2026/02/04/23:40:39,running-time,rs-001256-nfj7d,0a18955f-098a-4c91-aaea-dea091ecdf27,1,1266.567164
2026/02/04/23:40:39,apply-time,rs-001256-pxpln,86d698df-df5d-4e66-94b0-9a9f5a324dd9,1,1265.567164
2026/02/04/23:40:39,running-time,rs-001256-pxpln,86d698df-df5d-4e66-94b0-9a9f5a324dd9,1,1265.567164
2026/02/04/23:40:39,apply-time,rs-001256-t8wlq,eb5702b8-0588-4249-a1ec-61c2d0db5479,1,1266.567164
2026/02/04/23:40:39,running-time,rs-001256-t8wlq,eb5702b8-0588-4249-a1ec-61c2d0db5479,1,1266.567164
2026/02/04/23:40:39,apply-time,rs-001257-45mhm,a09b17db-5b32-44b2-9599-d73299b8dd81,1,1266.567164
2026/02/04/23:40:39,running-time,rs-001257-45mhm,a09b17db-5b32-44b2-9599-d73299b8dd81,1,1266.567164
2026/02/04/23:40:39,apply-time,rs-001257-4k92b,60177f1d-d6a1-47c0-9f35-aa4b6a8f90d4,1,1266.567164
2026/02/04/23:40:39,running-time,rs-001257-4k92b,60177f1d-d6a1-47c0-9f35-aa4b6a8f90d4,1,1266.567164
2026/02/04/23:40:39,apply-time,rs-001257-6wxwb,ca3decae-fb54-4584-89dd-82e7e7a9ebe4,1,1265.567164
2026/02/04/23:40:39,running-time,rs-001257-6wxwb,ca3decae-fb54-4584-89dd-82e7e7a9ebe4,1,1265.567164
2026/02/04/23:40:40,apply-time,rs-001258-g2p4n,56bb389f-5f75-401e-890d-38b220baf5c6,1,1266.567164
2026/02/04/23:40:40,running-time,rs-001258-g2p4n,56bb389f-5f75-401e-890d-38b220baf5c6,1,1266.567164
2026/02/04/23:40:40,apply-time,rs-001259-n7hfw,925a9f8e-1330-4dac-9252-b1bc9bd65479,1,1267.567164
2026/02/04/23:40:40,apply-time,rs-001259-vtx5g,adb5a402-25e1-4901-b097-87b1221ec073,1,1266.567164
2026/02/04/23:40:40,apply-time,rs-001259-zpwtq,d77baeff-d2d1-4c1a-a837-6f6e408d38f3,1,1267.567164
2026/02/04/23:40:40,apply-time,rs-001260-rtvhs,186027c1-07f6-4f0a-9ae0-ea6996925a62,1,1266.567164
2026/02/04/23:40:40,running-time,rs-001260-rtvhs,186027c1-07f6-4f0a-9ae0-ea6996925a62,1,1266.567164
2026/02/04/23:40:40,apply-time,rs-001261-k4584,f99c6915-6357-4973-a726-8dc354e43f05,1,1267.567164
2026/02/04/23:40:40,running-time,rs-001261-k4584,f99c6915-6357-4973-a726-8dc354e43f05,1,1267.567164
2026/02/04/23:40:40,apply-time,rs-001261-kwdtg,b10aae06-cdd0-4a1a-9754-1d681f19cbd6,1,1267.567164
2026/02/04/23:40:40,running-time,rs-001261-kwdtg,b10aae06-cdd0-4a1a-9754-1d681f19cbd6,1,1267.567164
2026/02/04/23:40:40,apply-time,rs-001261-zp526,5159ac69-7ce4-49e0-84aa-f5b42c9c94f8,1,1266.567164
2026/02/04/23:40:40,running-time,rs-001261-zp526,5159ac69-7ce4-49e0-84aa-f5b42c9c94f8,1,1266.567164
2026/02/04/23:40:40,apply-time,rs-001262-2tp4k,6be26dce-05ea-4baa-8d18-13d4df955b92,1,1267.567164
2026/02/04/23:40:40,running-time,rs-001262-2tp4k,6be26dce-05ea-4baa-8d18-13d4df955b92,1,1267.567164
2026/02/04/23:40:40,apply-time,rs-001262-q7jf8,a93ab081-cd03-45c6-8ed5-48a254dc84ec,1,1266.567164
2026/02/04/23:40:40,running-time,rs-001262-q7jf8,a93ab081-cd03-45c6-8ed5-48a254dc84ec,1,1266.567164
2026/02/04/23:40:40,apply-time,rs-001262-tx8p4,3fe85717-1840-40d0-a074-3725d987bec8,1,1267.567164
2026/02/04/23:40:40,running-time,rs-001262-tx8p4,3fe85717-1840-40d0-a074-3725d987bec8,1,1267.567164
2026/02/04/23:40:40,apply-time,rs-001263-fj4fd,629a91bd-7bf6-4edf-a27e-14298fab7f55,1,1267.567164
2026/02/04/23:40:40,running-time,rs-001263-fj4fd,629a91bd-7bf6-4edf-a27e-14298fab7f55,1,1267.567164
2026/02/04/23:40:41,apply-time,rs-001264-clwfb,d55c4bc3-0550-4ee1-8f8d-bfa2dcf7267f,1,1267.567164
2026/02/04/23:40:41,running-time,rs-001264-clwfb,d55c4bc3-0550-4ee1-8f8d-bfa2dcf7267f,1,1267.567164
2026/02/04/23:40:41,apply-time,rs-001264-fds6f,2e687313-2b69-4de4-9022-227076ab4fe0,1,1268.567164
2026/02/04/23:40:41,running-time,rs-001264-fds6f,2e687313-2b69-4de4-9022-227076ab4fe0,1,1268.567164
2026/02/04/23:40:41,apply-time,rs-001264-pxhz2,c9ae6a39-9c15-4c07-b9ef-daff9eb3d4f1,1,1268.567164
2026/02/04/23:40:41,running-time,rs-001264-pxhz2,c9ae6a39-9c15-4c07-b9ef-daff9eb3d4f1,1,1268.567164
2026/02/04/23:40:41,apply-time,rs-001265-4wnkl,18a4f546-86f3-4e3f-a262-d0adfd5101b5,1,1268.567164
2026/02/04/23:40:41,running-time,rs-001265-4wnkl,18a4f546-86f3-4e3f-a262-d0adfd5101b5,1,1268.567164
2026/02/04/23:40:41,apply-time,rs-001265-62jzq,d12ae9ed-e13d-47a2-af71-309f5a451896,1,1267.567164
2026/02/04/23:40:41,running-time,rs-001265-62jzq,d12ae9ed-e13d-47a2-af71-309f5a451896,1,1267.567164
2026/02/04/23:40:41,apply-time,rs-001265-v6ncc,9e8a8d73-630e-4223-a6ac-55682302e42c,1,1268.567164
2026/02/04/23:40:41,running-time,rs-001265-v6ncc,9e8a8d73-630e-4223-a6ac-55682302e42c,1,1268.567164
2026/02/04/23:40:41,apply-time,rs-001267-kp2lw,12ba3a1c-03ba-4b92-a5bb-0a29e1546b8e,1,1267.567164
2026/02/04/23:40:41,running-time,rs-001267-kp2lw,12ba3a1c-03ba-4b92-a5bb-0a29e1546b8e,1,1267.567164
2026/02/04/23:40:41,apply-time,rs-001267-rmx4l,6c3185c5-5036-4103-a973-76f1959c9547,1,1268.567164
2026/02/04/23:40:41,running-time,rs-001267-rmx4l,6c3185c5-5036-4103-a973-76f1959c9547,1,1268.567164
2026/02/04/23:40:41,apply-time,rs-001268-zmjw8,b6f36c6e-997a-450e-bd5d-5120af613390,1,1268.567164
2026/02/04/23:40:41,running-time,rs-001268-zmjw8,b6f36c6e-997a-450e-bd5d-5120af613390,1,1268.567164
2026/02/04/23:40:42,apply-time,rs-001269-2pnj4,bbbbc0d5-0c11-4d53-b520-a25da0a96d27,1,1269.567164
2026/02/04/23:40:42,running-time,rs-001269-2pnj4,bbbbc0d5-0c11-4d53-b520-a25da0a96d27,1,1269.567164
2026/02/04/23:40:42,apply-time,rs-001269-gzcbb,b183768e-811b-4426-83de-73cfdd16fd9e,1,1269.567164
2026/02/04/23:40:42,running-time,rs-001269-gzcbb,b183768e-811b-4426-83de-73cfdd16fd9e,1,1269.567164
2026/02/04/23:40:42,apply-time,rs-001269-x6hhh,7a1cdaa3-6293-4c8e-bed1-8aab1718c215,1,1269.567164
2026/02/04/23:40:42,running-time,rs-001269-x6hhh,7a1cdaa3-6293-4c8e-bed1-8aab1718c215,1,1269.567164
2026/02/04/23:40:42,apply-time,rs-001270-rwf2l,e63c0548-0b7a-4067-88b4-966af81fbc01,1,1269.567164
2026/02/04/23:40:42,running-time,rs-001270-rwf2l,e63c0548-0b7a-4067-88b4-966af81fbc01,1,1269.567164
2026/02/04/23:40:42,apply-time,rs-001271-k44jr,0318c58a-5a6d-4ede-923d-076b6b0b55d0,1,1269.567164
2026/02/04/23:40:42,running-time,rs-001271-k44jr,0318c58a-5a6d-4ede-923d-076b6b0b55d0,1,1269.567164
2026/02/04/23:40:42,apply-time,rs-001272-4z7w2,b68849fe-fef7-4b95-b991-9434fa8d2c1f,1,1269.567164
2026/02/04/23:40:42,running-time,rs-001272-4z7w2,b68849fe-fef7-4b95-b991-9434fa8d2c1f,1,1269.567164
2026/02/04/23:40:43,apply-time,rs-001271-5t6x8,c64c40dd-5e59-41c3-bfdf-b7b21de37572,1,1269.567164
2026/02/04/23:40:43,running-time,rs-001271-5t6x8,c64c40dd-5e59-41c3-bfdf-b7b21de37572,1,1269.567164
2026/02/04/23:40:43,apply-time,rs-001271-7wmgp,f43bb2a2-8379-44f1-a58b-adf7714bd1c8,1,1269.567164
2026/02/04/23:40:43,running-time,rs-001271-7wmgp,f43bb2a2-8379-44f1-a58b-adf7714bd1c8,1,1269.567164
2026/02/04/23:40:43,apply-time,rs-001272-zmd65,3c2c7950-0534-46ff-bd3b-a6dbfe42f700,1,1269.567164
2026/02/04/23:40:43,running-time,rs-001272-zmd65,3c2c7950-0534-46ff-bd3b-a6dbfe42f700,1,1269.567164
2026/02/04/23:40:46,apply-time,rs-001273-9k5mh,d2e75b91-fe66-4feb-9e6c-e302c13f78d2,1,1272.567164
2026/02/04/23:40:46,running-time,rs-001273-9k5mh,d2e75b91-fe66-4feb-9e6c-e302c13f78d2,1,1272.567164
2026/02/04/23:40:49,apply-time,rs-001274-bnqps,6be2fb39-76f1-449e-81c0-622cae2baa90,1,1275.567164
2026/02/04/23:40:49,running-time,rs-001274-bnqps,6be2fb39-76f1-449e-81c0-622cae2baa90,1,1275.567164
2026/02/04/23:40:49,apply-time,rs-001274-z6l6b,36f1d4e6-8acf-4b43-9c51-9599aec1f57a,1,1275.567164
2026/02/04/23:40:49,running-time,rs-001274-z6l6b,36f1d4e6-8acf-4b43-9c51-9599aec1f57a,1,1275.567164
2026/02/04/23:40:49,apply-time,rs-001275-7v6cj,2451654c-570e-4cdd-bc6e-cbd5065bda74,1,1275.567164
2026/02/04/23:40:49,running-time,rs-001275-7v6cj,2451654c-570e-4cdd-bc6e-cbd5065bda74,1,1275.567164
2026/02/04/23:40:49,apply-time,rs-001275-9m5fs,e26368fe-a3a3-48c3-9549-5561762b69c3,1,1275.567164
2026/02/04/23:40:49,apply-time,rs-001275-jx79m,ac87694c-d988-4cbc-8a26-10181f20f04a,1,1275.567164
2026/02/04/23:40:49,apply-time,rs-001276-4d9vg,87c8e6dc-3297-4a2b-b66e-c5a37bf3c896,1,1275.567164
2026/02/04/23:40:49,running-time,rs-001276-4d9vg,87c8e6dc-3297-4a2b-b66e-c5a37bf3c896,1,1275.567164
2026/02/04/23:40:49,apply-time,rs-001276-gh796,dfa1295b-dd88-4631-bde0-7e5d02af1121,1,1275.567164
2026/02/04/23:40:49,running-time,rs-001276-gh796,dfa1295b-dd88-4631-bde0-7e5d02af1121,1,1275.567164
2026/02/04/23:40:49,apply-time,rs-001276-rc45j,23e82cbb-43ba-41e3-9174-edbcd871d64b,1,1275.567164
2026/02/04/23:40:49,running-time,rs-001276-rc45j,23e82cbb-43ba-41e3-9174-edbcd871d64b,1,1275.567164
2026/02/04/23:40:49,apply-time,rs-001277-7mzlx,255a5571-6775-4f40-b7ad-0d2d7ef2eb52,1,1275.567164
2026/02/04/23:40:49,running-time,rs-001277-7mzlx,255a5571-6775-4f40-b7ad-0d2d7ef2eb52,1,1275.567164
2026/02/04/23:40:49,apply-time,rs-001277-b4fxw,5e460777-cb92-4960-9c2d-8166bea6a9b4,1,1275.567164
2026/02/04/23:40:49,running-time,rs-001277-b4fxw,5e460777-cb92-4960-9c2d-8166bea6a9b4,1,1275.567164
2026/02/04/23:40:49,apply-time,rs-001277-qzwfl,fc54c180-edff-4bdf-9014-213c32653608,1,1275.567164
2026/02/04/23:40:49,running-time,rs-001277-qzwfl,fc54c180-edff-4bdf-9014-213c32653608,1,1275.567164
2026/02/04/23:40:49,apply-time,rs-001278-rbkmm,c713e01f-4815-4d8a-9bdc-ee2a23d32578,1,1275.567164
2026/02/04/23:40:49,apply-time,rs-001278-tsx6s,52dc872f-c78f-43d3-8ac9-bb1c94f00a22,1,1275.567164
2026/02/04/23:40:49,apply-time,rs-001278-zcwrg,33791dfe-40eb-4ad6-a1ba-c9ba9b1f3717,1,1275.567164
2026/02/04/23:40:51,running-time,rs-001275-9m5fs,e26368fe-a3a3-48c3-9549-5561762b69c3,1,1277.567164
2026/02/04/23:40:52,running-time,rs-001278-rbkmm,c713e01f-4815-4d8a-9bdc-ee2a23d32578,1,1279.567164
2026/02/04/23:40:52,running-time,rs-001278-tsx6s,52dc872f-c78f-43d3-8ac9-bb1c94f00a22,1,1279.567164
2026/02/04/23:40:53,running-time,rs-001278-zcwrg,33791dfe-40eb-4ad6-a1ba-c9ba9b1f3717,1,1279.567164
2026/02/04/23:41:04,apply-time,rs-001279-2994d,671fb370-e3d0-4693-aec8-596f0a79cccd,1,1291.567164
2026/02/04/23:41:04,running-time,rs-001279-2994d,671fb370-e3d0-4693-aec8-596f0a79cccd,1,1291.567164
2026/02/04/23:41:04,apply-time,rs-001279-9zhvt,8bf7854e-6e85-41fa-9660-dd1a2dfb536a,1,1291.567164
2026/02/04/23:41:04,running-time,rs-001279-9zhvt,8bf7854e-6e85-41fa-9660-dd1a2dfb536a,1,1291.567164
2026/02/04/23:41:04,apply-time,rs-001279-qk5tr,85ee3a67-71e9-45d2-8e77-a75a4a7d2102,1,1291.567164
2026/02/04/23:41:04,running-time,rs-001279-qk5tr,85ee3a67-71e9-45d2-8e77-a75a4a7d2102,1,1291.567164
2026/02/04/23:41:04,apply-time,rs-001280-h4h78,f6ebb229-22c5-41e1-821d-868b130f7404,1,1291.567164
2026/02/04/23:41:04,running-time,rs-001280-h4h78,f6ebb229-22c5-41e1-821d-868b130f7404,1,1291.567164
2026/02/04/23:41:04,apply-time,rs-001280-vzdcf,7ff347f5-cade-4117-90fe-0774473adc7b,1,1291.567164
2026/02/04/23:41:04,running-time,rs-001280-vzdcf,7ff347f5-cade-4117-90fe-0774473adc7b,1,1291.567164
2026/02/04/23:41:05,apply-time,rs-001281-bc6np,9f5e62bc-b43c-4d6e-baea-be1a911b5e9d,1,1291.567164
2026/02/04/23:41:05,running-time,rs-001281-bc6np,9f5e62bc-b43c-4d6e-baea-be1a911b5e9d,1,1291.567164
2026/02/04/23:41:05,apply-time,rs-001281-p87dc,fa310d6b-c82c-4c10-978d-a70c5911dfa8,1,1291.567164
2026/02/04/23:41:05,running-time,rs-001281-p87dc,fa310d6b-c82c-4c10-978d-a70c5911dfa8,1,1291.567164
2026/02/04/23:41:05,apply-time,rs-001282-czhqj,3b79ce5f-344c-4885-9b36-e4077a2b0262,1,1291.567164
2026/02/04/23:41:05,running-time,rs-001282-czhqj,3b79ce5f-344c-4885-9b36-e4077a2b0262,1,1291.567164
2026/02/04/23:41:05,apply-time,rs-001282-g8fgz,586098fd-2687-49ea-b996-bcf1b3bd1615,1,1291.567164
2026/02/04/23:41:05,running-time,rs-001282-g8fgz,586098fd-2687-49ea-b996-bcf1b3bd1615,1,1291.567164
2026/02/04/23:41:05,apply-time,rs-001282-xpgwc,3e818eb6-e67f-4bdc-ad71-0e0389a04f07,1,1291.567164
2026/02/04/23:41:05,running-time,rs-001282-xpgwc,3e818eb6-e67f-4bdc-ad71-0e0389a04f07,1,1291.567164
2026/02/04/23:41:05,apply-time,rs-001283-xbd8f,ce63ce43-df6b-42ce-b8fa-5ef95a844618,1,1291.567164
2026/02/04/23:41:05,running-time,rs-001283-xbd8f,ce63ce43-df6b-42ce-b8fa-5ef95a844618,1,1291.567164
2026/02/04/23:41:05,apply-time,rs-001284-9896h,e1ab1d98-89dc-4361-ae9a-ff02808bd938,1,1291.567164
2026/02/04/23:41:05,running-time,rs-001284-9896h,e1ab1d98-89dc-4361-ae9a-ff02808bd938,1,1291.567164
2026/02/04/23:41:05,apply-time,rs-001284-rlfpt,5d00555d-d590-4b27-99ad-4a3e7851c141,1,1291.567164
2026/02/04/23:41:05,running-time,rs-001284-rlfpt,5d00555d-d590-4b27-99ad-4a3e7851c141,1,1291.567164
2026/02/04/23:41:05,apply-time,rs-001285-c7vqj,9e8b1ee6-08ce-4f05-931f-fd2d06c8ab74,1,1292.567164
2026/02/04/23:41:05,running-time,rs-001285-c7vqj,9e8b1ee6-08ce-4f05-931f-fd2d06c8ab74,1,1292.567164
2026/02/04/23:41:05,apply-time,rs-001286-496t7,862cb5c2-6399-4b8e-a8dd-0371c7b94ba8,1,1292.567164
2026/02/04/23:41:05,running-time,rs-001286-496t7,862cb5c2-6399-4b8e-a8dd-0371c7b94ba8,1,1292.567164
2026/02/04/23:41:05,apply-time,rs-001287-2j867,ae6269af-75d1-4f3f-ad4f-9f50102d6237,1,1292.567164
2026/02/04/23:41:05,running-time,rs-001287-2j867,ae6269af-75d1-4f3f-ad4f-9f50102d6237,1,1292.567164
2026/02/04/23:41:05,apply-time,rs-001287-d7jsx,3d733457-1ae7-4eb9-bdcd-c175623583e6,1,1292.567164
2026/02/04/23:41:05,running-time,rs-001287-d7jsx,3d733457-1ae7-4eb9-bdcd-c175623583e6,1,1292.567164
2026/02/04/23:41:05,apply-time,rs-001287-nr8qs,d00f2037-a1c0-4aac-9fd9-4057697187d4,1,1292.567164
2026/02/04/23:41:05,running-time,rs-001287-nr8qs,d00f2037-a1c0-4aac-9fd9-4057697187d4,1,1292.567164
2026/02/04/23:41:05,apply-time,rs-001288-zlw74,c467134e-dd35-4d35-a460-7fb2bbd07fe7,1,1292.567164
2026/02/04/23:41:05,running-time,rs-001288-zlw74,c467134e-dd35-4d35-a460-7fb2bbd07fe7,1,1292.567164
2026/02/04/23:41:05,apply-time,rs-001289-9frj8,d88034d4-3ec9-4bc3-8305-323f421ff335,1,1292.567164
2026/02/04/23:41:05,running-time,rs-001289-9frj8,d88034d4-3ec9-4bc3-8305-323f421ff335,1,1292.567164
2026/02/04/23:41:06,apply-time,rs-001289-5lfw8,e8ff5a9d-36a8-4961-ab93-fd9fb17b2de3,1,1292.567164
2026/02/04/23:41:06,running-time,rs-001289-5lfw8,e8ff5a9d-36a8-4961-ab93-fd9fb17b2de3,1,1292.567164
2026/02/04/23:41:06,apply-time,rs-001289-szr98,2d538322-4123-43cd-a69b-d0da48b24aeb,1,1292.567164
2026/02/04/23:41:06,running-time,rs-001289-szr98,2d538322-4123-43cd-a69b-d0da48b24aeb,1,1292.567164
2026/02/04/23:41:06,apply-time,rs-001290-zjhwq,31f49693-d4ff-4258-8159-a9d8ebc546a8,1,1292.567164
2026/02/04/23:41:06,running-time,rs-001290-zjhwq,31f49693-d4ff-4258-8159-a9d8ebc546a8,1,1292.567164
2026/02/04/23:41:06,apply-time,rs-001290-zs78n,09e496b0-dfad-4445-a80b-38cba4970088,1,1293.567164
2026/02/04/23:41:06,running-time,rs-001290-zs78n,09e496b0-dfad-4445-a80b-38cba4970088,1,1293.567164
2026/02/04/23:41:06,apply-time,rs-001291-746gl,3d157cc5-3a07-46dd-86e4-326fe43a15de,1,1293.567164
2026/02/04/23:41:06,running-time,rs-001291-746gl,3d157cc5-3a07-46dd-86e4-326fe43a15de,1,1293.567164
2026/02/04/23:41:06,apply-time,rs-001291-pxmb5,f6b7f174-62ef-41cc-8859-1debdc7aacba,1,1293.567164
2026/02/04/23:41:06,running-time,rs-001291-pxmb5,f6b7f174-62ef-41cc-8859-1debdc7aacba,1,1293.567164
2026/02/04/23:41:06,apply-time,rs-001291-sf6vr,c63cb516-a13a-4670-a3e6-e7200575c65d,1,1293.567164
2026/02/04/23:41:06,running-time,rs-001291-sf6vr,c63cb516-a13a-4670-a3e6-e7200575c65d,1,1293.567164
2026/02/04/23:41:06,apply-time,rs-001292-rlp42,e3b61941-6027-4bba-9b52-af0f1fe2dcd0,1,1293.567164
2026/02/04/23:41:06,running-time,rs-001292-rlp42,e3b61941-6027-4bba-9b52-af0f1fe2dcd0,1,1293.567164
2026/02/04/23:41:06,apply-time,rs-001293-84d7g,163d1930-1e9e-4715-bb9c-a2f761b6d78f,1,1293.567164
2026/02/04/23:41:06,running-time,rs-001293-84d7g,163d1930-1e9e-4715-bb9c-a2f761b6d78f,1,1293.567164
2026/02/04/23:41:06,apply-time,rs-001293-trgk6,c2670ced-802d-44d2-8901-96b342b47eb3,1,1293.567164
2026/02/04/23:41:06,running-time,rs-001293-trgk6,c2670ced-802d-44d2-8901-96b342b47eb3,1,1293.567164
2026/02/04/23:41:06,apply-time,rs-001293-wf5kt,0f524413-7077-4719-b364-dfcbf476696e,1,1293.567164
2026/02/04/23:41:06,running-time,rs-001293-wf5kt,0f524413-7077-4719-b364-dfcbf476696e,1,1293.567164
2026/02/04/23:41:06,apply-time,rs-001294-twc5l,bdac1fbb-077e-45dc-8300-1493b3c2f0cb,1,1293.567164
2026/02/04/23:41:06,running-time,rs-001294-twc5l,bdac1fbb-077e-45dc-8300-1493b3c2f0cb,1,1293.567164
2026/02/04/23:41:07,apply-time,rs-001294-2sjx8,8000e1bb-cea2-46c6-aa5f-5b9348e77c2d,1,1293.567164
2026/02/04/23:41:07,running-time,rs-001294-2sjx8,8000e1bb-cea2-46c6-aa5f-5b9348e77c2d,1,1293.567164
2026/02/04/23:41:11,apply-time,rs-001295-4tfgw,f28a4f82-83bd-435e-a381-fb0972688768,1,1298.567164
2026/02/04/23:41:11,running-time,rs-001295-4tfgw,f28a4f82-83bd-435e-a381-fb0972688768,1,1298.567164
2026/02/04/23:41:13,apply-time,rs-001296-nqhb9,251f7ebf-6125-416c-9fa1-456573bc4be6,1,1299.567164
2026/02/04/23:41:13,running-time,rs-001296-nqhb9,251f7ebf-6125-416c-9fa1-456573bc4be6,1,1299.567164
2026/02/04/23:41:13,apply-time,rs-001296-xcm4j,1315ab3c-2250-4bbb-8c70-16066bea2b95,1,1299.567164
2026/02/04/23:41:13,running-time,rs-001296-xcm4j,1315ab3c-2250-4bbb-8c70-16066bea2b95,1,1299.567164
2026/02/04/23:41:13,apply-time,rs-001297-94r7n,e5b6d49a-a456-48de-9eb8-e02a721a55cc,1,1299.567164
2026/02/04/23:41:13,running-time,rs-001297-94r7n,e5b6d49a-a456-48de-9eb8-e02a721a55cc,1,1299.567164
2026/02/04/23:41:13,apply-time,rs-001297-brxbm,e5f32d2a-334b-46cb-893f-676bdec33b7b,1,1299.567164
2026/02/04/23:41:13,running-time,rs-001297-brxbm,e5f32d2a-334b-46cb-893f-676bdec33b7b,1,1299.567164
2026/02/04/23:41:13,apply-time,rs-001297-v9czx,82e35c37-10d2-4509-9c82-5de928bf11b3,1,1299.567164
2026/02/04/23:41:13,running-time,rs-001297-v9czx,82e35c37-10d2-4509-9c82-5de928bf11b3,1,1299.567164
2026/02/04/23:41:13,apply-time,rs-001298-2z4ld,247e7f6f-7450-4726-aa7d-c4a3f495ff58,1,1299.567164
2026/02/04/23:41:13,running-time,rs-001298-2z4ld,247e7f6f-7450-4726-aa7d-c4a3f495ff58,1,1299.567164
2026/02/04/23:41:13,apply-time,rs-001298-fz75n,8fc49ed0-2a2b-4ae9-97b2-dd3ad33afb60,1,1299.567164
2026/02/04/23:41:13,running-time,rs-001298-fz75n,8fc49ed0-2a2b-4ae9-97b2-dd3ad33afb60,1,1299.567164
2026/02/04/23:41:13,apply-time,rs-001298-snx62,6c00fa9c-91c3-48c8-9bcd-06bf2c9127bd,1,1299.567164
2026/02/04/23:41:13,running-time,rs-001298-snx62,6c00fa9c-91c3-48c8-9bcd-06bf2c9127bd,1,1299.567164
2026/02/04/23:41:13,apply-time,rs-001299-4z2wz,523d6f1e-6e03-4787-b120-9d1afdf16b72,1,1299.567164
2026/02/04/23:41:13,running-time,rs-001299-4z2wz,523d6f1e-6e03-4787-b120-9d1afdf16b72,1,1300.567164
2026/02/04/23:41:13,apply-time,rs-001299-8wkx9,eb9efdf7-b1da-444f-824e-6b6f397df6e1,1,1299.567164
2026/02/04/23:41:13,running-time,rs-001299-8wkx9,eb9efdf7-b1da-444f-824e-6b6f397df6e1,1,1300.567164
2026/02/04/23:41:13,apply-time,rs-001299-bts8g,ca5b59da-f0e7-48b2-97ef-efbaa1b17af1,1,1299.567164
2026/02/04/23:41:13,running-time,rs-001299-bts8g,ca5b59da-f0e7-48b2-97ef-efbaa1b17af1,1,1300.567164
2026/02/04/23:41:13,apply-time,rs-001300-ftkl9,3b705170-a92c-40b8-a630-088a09b7923a,1,1299.567164
2026/02/04/23:41:13,running-time,rs-001300-ftkl9,3b705170-a92c-40b8-a630-088a09b7923a,1,1299.567164
2026/02/04/23:41:13,apply-time,rs-001300-jq7nt,1865c4bd-72a8-43c8-937f-8c56e3ebd13a,1,1299.567164
2026/02/04/23:41:13,running-time,rs-001300-jq7nt,1865c4bd-72a8-43c8-937f-8c56e3ebd13a,1,1300.567164
2026/02/04/23:41:13,apply-time,rs-001300-wnj59,d2cb3eed-baae-45ae-b387-50a8be7bddef,1,1299.567164
2026/02/04/23:41:13,running-time,rs-001300-wnj59,d2cb3eed-baae-45ae-b387-50a8be7bddef,1,1299.567164
2026/02/04/23:41:13,apply-time,rs-001301-mqnl9,8bbb329e-0726-42e4-b8f3-bce04848eba1,1,1300.567164
2026/02/04/23:41:13,apply-time,rs-001301-zsbfw,239495d0-8d38-404a-85b6-da9c8bd8e692,1,1300.567164
2026/02/04/23:41:13,running-time,rs-001301-zsbfw,239495d0-8d38-404a-85b6-da9c8bd8e692,1,1300.567164
2026/02/04/23:41:13,apply-time,rs-001303-7c978,e7f0deda-58a6-46d6-8404-cbd1962e5370,1,1300.567164
2026/02/04/23:41:13,running-time,rs-001303-7c978,e7f0deda-58a6-46d6-8404-cbd1962e5370,1,1300.567164
2026/02/04/23:41:13,apply-time,rs-001304-dp89r,c78c61ee-649e-4c56-9311-a03ff7357061,1,1300.567164
2026/02/04/23:41:13,running-time,rs-001304-dp89r,c78c61ee-649e-4c56-9311-a03ff7357061,1,1300.567164
2026/02/04/23:41:13,apply-time,rs-001305-pbrrk,8e9bd3be-55a5-497f-87ae-bbbe1ea180cc,1,1300.567164
2026/02/04/23:41:13,running-time,rs-001305-pbrrk,8e9bd3be-55a5-497f-87ae-bbbe1ea180cc,1,1300.567164
2026/02/04/23:41:14,apply-time,rs-001302-qtcf4,a9bd3faa-5cbf-4ca0-ad0c-2d2414b9e257,1,1301.567164
2026/02/04/23:41:14,running-time,rs-001302-qtcf4,a9bd3faa-5cbf-4ca0-ad0c-2d2414b9e257,1,1301.567164
2026/02/04/23:41:14,apply-time,rs-001302-tncfz,e1ae19b2-f594-4a71-903a-02035e6a0d24,1,1300.567164
2026/02/04/23:41:14,running-time,rs-001302-tncfz,e1ae19b2-f594-4a71-903a-02035e6a0d24,1,1300.567164
2026/02/04/23:41:14,apply-time,rs-001303-6lp9g,c2aac0f5-4b82-493d-b0ff-459e6411ba1b,1,1300.567164
2026/02/04/23:41:14,running-time,rs-001303-6lp9g,c2aac0f5-4b82-493d-b0ff-459e6411ba1b,1,1300.567164
2026/02/04/23:41:14,apply-time,rs-001303-xg94d,631a8956-b30d-42c5-980c-19c73ee80851,1,1300.567164
2026/02/04/23:41:14,running-time,rs-001303-xg94d,631a8956-b30d-42c5-980c-19c73ee80851,1,1300.567164
2026/02/04/23:41:14,apply-time,rs-001304-qc7dx,9ded6d03-8db9-4b75-a1a0-bcd8709e0fed,1,1300.567164
2026/02/04/23:41:14,running-time,rs-001304-qc7dx,9ded6d03-8db9-4b75-a1a0-bcd8709e0fed,1,1300.567164
2026/02/04/23:41:14,apply-time,rs-001304-zzckj,69eefc5e-9463-43e6-848d-f5bfdc9fae1d,1,1300.567164
2026/02/04/23:41:14,running-time,rs-001304-zzckj,69eefc5e-9463-43e6-848d-f5bfdc9fae1d,1,1300.567164
2026/02/04/23:41:14,apply-time,rs-001305-gkc5d,c01b162e-c9e5-470a-a0b5-7af4521226fe,1,1300.567164
2026/02/04/23:41:14,running-time,rs-001305-gkc5d,c01b162e-c9e5-470a-a0b5-7af4521226fe,1,1300.567164
2026/02/04/23:41:14,apply-time,rs-001306-tg8h8,eec87424-5b36-444e-862f-ebfed33df49a,1,1301.567164
2026/02/04/23:41:14,running-time,rs-001306-tg8h8,eec87424-5b36-444e-862f-ebfed33df49a,1,1301.567164
2026/02/04/23:41:14,apply-time,rs-001307-prr8s,2197f678-d7a2-4da4-af45-c8ead85dff87,1,1301.567164
2026/02/04/23:41:14,apply-time,rs-001308-pjrmz,f291a0e9-b830-4c2f-bcb6-2f6c32b7bfbf,1,1301.567164
2026/02/04/23:41:14,running-time,rs-001308-pjrmz,f291a0e9-b830-4c2f-bcb6-2f6c32b7bfbf,1,1301.567164
2026/02/04/23:41:15,apply-time,rs-001309-5vbb9,84a95e22-a9a6-439a-b9e1-a1afc8000e25,1,1302.567164
2026/02/04/23:41:15,apply-time,rs-001309-6cf6z,ff2d71f3-ac12-4a05-9d7b-35b4278b7f85,1,1302.567164
2026/02/04/23:41:15,apply-time,rs-001309-klgps,576bbeb0-72de-4829-99a2-66b4e9509732,1,1301.567164
2026/02/04/23:41:15,running-time,rs-001309-klgps,576bbeb0-72de-4829-99a2-66b4e9509732,1,1301.567164
2026/02/04/23:41:15,apply-time,rs-001310-lcbvg,82b09671-1127-4d11-95c2-2fd4354bf921,1,1301.567164
2026/02/04/23:41:15,running-time,rs-001310-lcbvg,82b09671-1127-4d11-95c2-2fd4354bf921,1,1301.567164
2026/02/04/23:41:15,apply-time,rs-001310-pzp82,ecf2eda4-62f6-4bda-9750-78f6766a108b,1,1302.567164
2026/02/04/23:41:15,running-time,rs-001310-pzp82,ecf2eda4-62f6-4bda-9750-78f6766a108b,1,1302.567164
2026/02/04/23:41:15,apply-time,rs-001310-rnp47,2e2efb52-73ed-46ff-b627-0534c0ccd029,1,1302.567164
2026/02/04/23:41:15,running-time,rs-001310-rnp47,2e2efb52-73ed-46ff-b627-0534c0ccd029,1,1302.567164
2026/02/04/23:41:15,apply-time,rs-001311-jgl4g,25d0b42d-90dd-43b1-aae7-5217cda088f8,1,1302.567164
2026/02/04/23:41:15,apply-time,rs-001311-m9npv,abcfb802-4934-4842-bb92-237aa715b7d6,1,1302.567164
2026/02/04/23:41:15,apply-time,rs-001311-ngxg4,f6475bb2-2b55-4b8d-a9f5-3f06e643f8a5,1,1302.567164
2026/02/04/23:41:16,running-time,rs-001311-m9npv,abcfb802-4934-4842-bb92-237aa715b7d6,1,1302.567164
2026/02/04/23:41:16,running-time,rs-001311-ngxg4,f6475bb2-2b55-4b8d-a9f5-3f06e643f8a5,1,1302.567164
2026/02/04/23:41:16,apply-time,rs-001312-fhsss,62d2b72b-048b-4592-be83-9f346d9affd0,1,1303.567164
2026/02/04/23:41:16,apply-time,rs-001312-r6qgt,64bd4fa2-86e2-4b8f-a926-4a48f89be72e,1,1303.567164
2026/02/04/23:41:16,running-time,rs-001312-r6qgt,64bd4fa2-86e2-4b8f-a926-4a48f89be72e,1,1303.567164
2026/02/04/23:41:16,apply-time,rs-001312-sssv5,ab306c9c-13f4-454d-9969-9c4b66ea6774,1,1302.567164
2026/02/04/23:41:16,running-time,rs-001312-sssv5,ab306c9c-13f4-454d-9969-9c4b66ea6774,1,1302.567164
2026/02/04/23:41:16,apply-time,rs-001313-kt6db,1d50ddf0-aa29-4517-91b4-81ca514dc9cc,1,1302.567164
2026/02/04/23:41:16,apply-time,rs-001314-hgz2z,c9f58738-63ed-425d-a70c-0f17c9bd56ac,1,1303.567164
2026/02/04/23:41:16,running-time,rs-001314-hgz2z,c9f58738-63ed-425d-a70c-0f17c9bd56ac,1,1303.567164
2026/02/04/23:41:16,apply-time,rs-001314-sstn4,59e6cb99-85f3-446f-9433-7021b7c44eb8,1,1302.567164
2026/02/04/23:41:16,running-time,rs-001314-sstn4,59e6cb99-85f3-446f-9433-7021b7c44eb8,1,1302.567164
2026/02/04/23:41:16,apply-time,rs-001314-zmccj,771567e3-4903-48f3-8c50-190de526e8b1,1,1303.567164
2026/02/04/23:41:16,running-time,rs-001314-zmccj,771567e3-4903-48f3-8c50-190de526e8b1,1,1303.567164
2026/02/04/23:41:16,apply-time,rs-001315-6m4zs,f07a0d6f-fbf1-41ef-98aa-d2a17fac3974,1,1302.567164
2026/02/04/23:41:16,running-time,rs-001315-6m4zs,f07a0d6f-fbf1-41ef-98aa-d2a17fac3974,1,1303.567164
2026/02/04/23:41:17,running-time,rs-001309-5vbb9,84a95e22-a9a6-439a-b9e1-a1afc8000e25,1,1304.567164
2026/02/04/23:41:17,running-time,rs-001309-6cf6z,ff2d71f3-ac12-4a05-9d7b-35b4278b7f85,1,1304.567164
2026/02/04/23:41:17,running-time,rs-001311-jgl4g,25d0b42d-90dd-43b1-aae7-5217cda088f8,1,1303.567164
2026/02/04/23:41:17,running-time,rs-001312-fhsss,62d2b72b-048b-4592-be83-9f346d9affd0,1,1303.567164
2026/02/04/23:41:17,apply-time,rs-001316-5xv97,a8b18fab-445f-44dc-b8e7-8ad56542327b,1,1304.567164
2026/02/04/23:41:17,running-time,rs-001316-5xv97,a8b18fab-445f-44dc-b8e7-8ad56542327b,1,1304.567164
2026/02/04/23:41:17,apply-time,rs-001316-rqff6,3ddbaedd-cf3c-405d-8976-17ab919054ce,1,1304.567164
2026/02/04/23:41:17,running-time,rs-001316-rqff6,3ddbaedd-cf3c-405d-8976-17ab919054ce,1,1304.567164
2026/02/04/23:41:17,apply-time,rs-001316-wvkw4,f6afe850-82e7-4dc4-80ea-e14e8fcf905c,1,1303.567164
2026/02/04/23:41:17,running-time,rs-001316-wvkw4,f6afe850-82e7-4dc4-80ea-e14e8fcf905c,1,1303.567164
2026/02/04/23:41:17,apply-time,rs-001317-7h9j9,9548b7ef-3329-4ef0-a121-a4c4bd895afa,1,1303.567164
2026/02/04/23:41:17,running-time,rs-001317-7h9j9,9548b7ef-3329-4ef0-a121-a4c4bd895afa,1,1303.567164
2026/02/04/23:41:17,apply-time,rs-001318-25hmp,9357f28e-dbe4-4b01-82d1-ed3a34dfa30b,1,1303.567164
2026/02/04/23:41:17,apply-time,rs-001318-jg8c6,5ffdcbdc-920f-412e-a029-c6054083e93f,1,1304.567164
2026/02/04/23:41:17,apply-time,rs-001319-cgdk7,25f513f6-72e9-4d0f-85e2-0bf6f9a96f8f,1,1304.567164
2026/02/04/23:41:17,running-time,rs-001319-cgdk7,25f513f6-72e9-4d0f-85e2-0bf6f9a96f8f,1,1304.567164
2026/02/04/23:41:17,apply-time,rs-001320-t9qpv,810d05a4-5f68-4f1f-8f22-7f0d7c5ec904,1,1304.567164
2026/02/04/23:41:17,running-time,rs-001320-t9qpv,810d05a4-5f68-4f1f-8f22-7f0d7c5ec904,1,1304.567164
2026/02/04/23:41:17,apply-time,rs-001321-cr8lf,94b226b3-7d41-4912-a7b4-bfead9bf0622,1,1304.567164
2026/02/04/23:41:17,running-time,rs-001321-cr8lf,94b226b3-7d41-4912-a7b4-bfead9bf0622,1,1304.567164
2026/02/04/23:41:18,apply-time,rs-001320-bj296,9b8160a6-2e5f-4026-bf44-2d282cf4f59d,1,1304.567164
2026/02/04/23:41:18,running-time,rs-001320-bj296,9b8160a6-2e5f-4026-bf44-2d282cf4f59d,1,1304.567164
2026/02/04/23:41:18,apply-time,rs-001322-7d5s4,e1620ec8-d021-4318-9fb8-21d28a727686,1,1304.567164
2026/02/04/23:41:18,running-time,rs-001322-7d5s4,e1620ec8-d021-4318-9fb8-21d28a727686,1,1304.567164
2026/02/04/23:41:18,apply-time,rs-001322-gfd4d,d49401da-1420-4c9c-9a81-bcccf2df1ff6,1,1305.567164
2026/02/04/23:41:18,apply-time,rs-001322-j62k5,8e674879-3513-4542-b00c-2a8037c1f549,1,1305.567164
2026/02/04/23:41:18,running-time,rs-001322-j62k5,8e674879-3513-4542-b00c-2a8037c1f549,1,1305.567164
2026/02/04/23:41:19,running-time,rs-001301-mqnl9,8bbb329e-0726-42e4-b8f3-bce04848eba1,1,1305.567164
2026/02/04/23:41:19,running-time,rs-001322-gfd4d,d49401da-1420-4c9c-9a81-bcccf2df1ff6,1,1305.567164
2026/02/04/23:41:19,apply-time,rs-001323-645jn,5492a751-21ba-40d8-9843-b6ac7b45db48,1,1306.567164
2026/02/04/23:41:19,running-time,rs-001323-645jn,5492a751-21ba-40d8-9843-b6ac7b45db48,1,1306.567164
2026/02/04/23:41:19,apply-time,rs-001323-cg5kj,1e984d36-8f39-4f0f-a19e-894b3af6d7d1,1,1306.567164
2026/02/04/23:41:19,running-time,rs-001323-cg5kj,1e984d36-8f39-4f0f-a19e-894b3af6d7d1,1,1306.567164
2026/02/04/23:41:19,apply-time,rs-001323-cs8hs,9882134b-f803-4205-b08a-6f6aaad900b5,1,1305.567164
2026/02/04/23:41:19,running-time,rs-001323-cs8hs,9882134b-f803-4205-b08a-6f6aaad900b5,1,1305.567164
2026/02/04/23:41:20,apply-time,rs-001324-cgwdw,76266325-4de9-4ed1-9510-9199d65e7130,1,1307.567164
2026/02/04/23:41:20,running-time,rs-001324-cgwdw,76266325-4de9-4ed1-9510-9199d65e7130,1,1307.567164
2026/02/04/23:41:20,apply-time,rs-001324-hqnb7,c8f8397a-55a5-4244-b715-999d46d22a3c,1,1307.567164
2026/02/04/23:41:20,running-time,rs-001324-hqnb7,c8f8397a-55a5-4244-b715-999d46d22a3c,1,1307.567164
2026/02/04/23:41:20,apply-time,rs-001324-rhzfb,d6aa6487-1496-4b5b-a86c-b964926d71c5,1,1307.567164
2026/02/04/23:41:20,running-time,rs-001324-rhzfb,d6aa6487-1496-4b5b-a86c-b964926d71c5,1,1307.567164
2026/02/04/23:41:20,apply-time,rs-001325-jrt26,ca23dd2c-b220-4fc6-8f45-1774eff0b6d6,1,1307.567164
2026/02/04/23:41:20,running-time,rs-001325-jrt26,ca23dd2c-b220-4fc6-8f45-1774eff0b6d6,1,1307.567164
2026/02/04/23:41:21,apply-time,rs-001326-9dhhx,7eeb00bd-ea52-44a6-9481-c12d317c538d,1,1307.567164
2026/02/04/23:41:21,running-time,rs-001326-9dhhx,7eeb00bd-ea52-44a6-9481-c12d317c538d,1,1307.567164
2026/02/04/23:41:21,apply-time,rs-001326-kk8np,e7f1084f-28be-438e-a2d1-686cbf660fea,1,1308.567164
2026/02/04/23:41:21,running-time,rs-001326-kk8np,e7f1084f-28be-438e-a2d1-686cbf660fea,1,1308.567164
2026/02/04/23:41:21,apply-time,rs-001327-fff5r,a3457c1d-6de2-4107-a612-f128aa2ec73d,1,1308.567164
2026/02/04/23:41:21,running-time,rs-001327-fff5r,a3457c1d-6de2-4107-a612-f128aa2ec73d,1,1308.567164
2026/02/04/23:41:21,apply-time,rs-001327-gww6c,0bba7ea2-7dbc-492a-b348-7ba76ddd26d0,1,1308.567164
2026/02/04/23:41:21,running-time,rs-001327-gww6c,0bba7ea2-7dbc-492a-b348-7ba76ddd26d0,1,1308.567164
2026/02/04/23:41:21,apply-time,rs-001327-z9lz5,4b9f0fbe-c57e-434c-9c27-07ccd08ecc9d,1,1307.567164
2026/02/04/23:41:21,running-time,rs-001327-z9lz5,4b9f0fbe-c57e-434c-9c27-07ccd08ecc9d,1,1307.567164
2026/02/04/23:41:21,apply-time,rs-001328-7lzl8,c9f893f0-ed83-4812-9596-c18b0efd20ab,1,1308.567164
2026/02/04/23:41:21,apply-time,rs-001328-lhg84,a28b4cf1-181e-471d-8a56-d7cf25b64bb9,1,1307.567164
2026/02/04/23:41:22,apply-time,rs-001329-dk8l6,29658395-bd37-4c5e-912c-316e0decabf7,1,1308.567164
2026/02/04/23:41:22,running-time,rs-001329-dk8l6,29658395-bd37-4c5e-912c-316e0decabf7,1,1308.567164
2026/02/04/23:41:35,apply-time,rs-001330-djzsx,1d234b4b-3579-4356-9ec6-d7b978a3f700,1,1321.567164
2026/02/04/23:41:35,running-time,rs-001330-djzsx,1d234b4b-3579-4356-9ec6-d7b978a3f700,1,1321.567164
2026/02/04/23:41:35,apply-time,rs-001330-vnlkj,767187fd-1d59-48fb-9a34-e6839ec6153d,1,1321.567164
2026/02/04/23:41:35,running-time,rs-001330-vnlkj,767187fd-1d59-48fb-9a34-e6839ec6153d,1,1321.567164
2026/02/04/23:41:35,apply-time,rs-001330-wqccj,9c9c5e0d-a94d-4ed8-a142-22bddaa6166f,1,1321.567164
2026/02/04/23:41:35,running-time,rs-001330-wqccj,9c9c5e0d-a94d-4ed8-a142-22bddaa6166f,1,1321.567164
2026/02/04/23:41:35,apply-time,rs-001331-9n7nx,3a1e22fa-c995-44c2-badd-0ed9ea14f96a,1,1322.567164
2026/02/04/23:41:35,running-time,rs-001331-9n7nx,3a1e22fa-c995-44c2-badd-0ed9ea14f96a,1,1322.567164
2026/02/04/23:41:35,apply-time,rs-001331-mtvh9,b0264feb-13c9-419d-9b68-8114eb8bfbc3,1,1322.567164
2026/02/04/23:41:35,running-time,rs-001331-mtvh9,b0264feb-13c9-419d-9b68-8114eb8bfbc3,1,1322.567164
2026/02/04/23:41:35,apply-time,rs-001332-56hzr,4eb8b683-a095-4cde-9026-c16719b611e6,1,1322.567164
2026/02/04/23:41:35,running-time,rs-001332-56hzr,4eb8b683-a095-4cde-9026-c16719b611e6,1,1322.567164
2026/02/04/23:41:40,apply-time,rs-001333-lzzj7,791e72c6-39b2-482e-a359-6faeddea21c0,1,1327.567164
2026/02/04/23:41:40,running-time,rs-001333-lzzj7,791e72c6-39b2-482e-a359-6faeddea21c0,1,1327.567164
2026/02/04/23:41:41,apply-time,rs-001334-vnd6x,780f78c4-3d76-4ae0-9db6-2ffc8f6bd9d5,1,1327.567164
2026/02/04/23:41:41,running-time,rs-001334-vnd6x,780f78c4-3d76-4ae0-9db6-2ffc8f6bd9d5,1,1327.567164
2026/02/04/23:41:42,apply-time,rs-001335-46ntt,39f70378-465d-45fc-86e9-21dbbc28174d,1,1329.567164
2026/02/04/23:41:42,running-time,rs-001335-46ntt,39f70378-465d-45fc-86e9-21dbbc28174d,1,1329.567164
2026/02/04/23:41:42,apply-time,rs-001335-pjz97,1ccdfc43-baf2-45f2-8e4f-13062fd12d8e,1,1329.567164
2026/02/04/23:41:42,running-time,rs-001335-pjz97,1ccdfc43-baf2-45f2-8e4f-13062fd12d8e,1,1329.567164
2026/02/04/23:41:42,apply-time,rs-001336-z82tg,308070a5-35be-43d3-bd72-a8cf5bb85503,1,1329.567164
2026/02/04/23:41:42,running-time,rs-001336-z82tg,308070a5-35be-43d3-bd72-a8cf5bb85503,1,1329.567164
2026/02/04/23:41:42,apply-time,rs-001337-9glfc,6e8e570c-84ce-4ae5-aec4-a68eccaa11d1,1,1329.567164
2026/02/04/23:41:42,running-time,rs-001337-9glfc,6e8e570c-84ce-4ae5-aec4-a68eccaa11d1,1,1329.567164
2026/02/04/23:41:43,apply-time,rs-001338-zw47p,389c28e4-6966-4c28-8625-646e17ab1500,1,1330.567164
2026/02/04/23:41:43,running-time,rs-001338-zw47p,389c28e4-6966-4c28-8625-646e17ab1500,1,1330.567164
2026/02/04/23:41:43,apply-time,rs-001339-tsmww,9e5c9029-7e9f-4e36-82de-e7acffc8e3a8,1,1329.567164
2026/02/04/23:41:43,running-time,rs-001339-tsmww,9e5c9029-7e9f-4e36-82de-e7acffc8e3a8,1,1330.567164
2026/02/04/23:41:44,apply-time,rs-001340-46tkb,51616c10-0427-415a-b74f-709524f6600e,1,1330.567164
2026/02/04/23:41:44,running-time,rs-001340-46tkb,51616c10-0427-415a-b74f-709524f6600e,1,1330.567164
2026/02/04/23:41:44,apply-time,rs-001340-dfnk5,66c28066-3112-4498-bec4-56de839e3986,1,1330.567164
2026/02/04/23:41:44,running-time,rs-001340-dfnk5,66c28066-3112-4498-bec4-56de839e3986,1,1330.567164
2026/02/04/23:41:44,apply-time,rs-001340-p7rw7,1f5e92a0-8eb0-400c-b7fd-897d79f7c385,1,1330.567164
2026/02/04/23:41:44,running-time,rs-001340-p7rw7,1f5e92a0-8eb0-400c-b7fd-897d79f7c385,1,1330.567164
2026/02/04/23:41:44,apply-time,rs-001341-f8kxz,604484d3-8551-4b1a-9b4f-406dc47b16fd,1,1330.567164
2026/02/04/23:41:44,apply-time,rs-001341-fmwxk,163ebc2e-1e47-4d28-8c47-fd1ebd3e2159,1,1330.567164
2026/02/04/23:41:44,apply-time,rs-001342-6vr94,b627f000-38a8-407d-8e5f-d040c598905c,1,1330.567164
2026/02/04/23:41:44,running-time,rs-001342-6vr94,b627f000-38a8-407d-8e5f-d040c598905c,1,1330.567164
2026/02/04/23:41:44,apply-time,rs-001342-xv7qb,1b5b4746-e3a3-46b8-a757-d9232139ade2,1,1330.567164
2026/02/04/23:41:44,running-time,rs-001342-xv7qb,1b5b4746-e3a3-46b8-a757-d9232139ade2,1,1330.567164
2026/02/04/23:41:44,apply-time,rs-001343-7wsd4,16660328-9a49-4be0-9eca-f5d43582f3dd,1,1331.567164
2026/02/04/23:41:44,running-time,rs-001343-7wsd4,16660328-9a49-4be0-9eca-f5d43582f3dd,1,1331.567164
2026/02/04/23:41:44,apply-time,rs-001343-d4kck,19349d6d-646d-4030-aebc-f0e68d521650,1,1330.567164
2026/02/04/23:41:44,running-time,rs-001343-d4kck,19349d6d-646d-4030-aebc-f0e68d521650,1,1330.567164
2026/02/04/23:41:44,apply-time,rs-001343-pxqmw,9fcf859c-4967-464c-b607-d29d5a1e3d84,1,1330.567164
2026/02/04/23:41:44,running-time,rs-001343-pxqmw,9fcf859c-4967-464c-b607-d29d5a1e3d84,1,1330.567164
2026/02/04/23:41:44,apply-time,rs-001344-nhb8b,ea52aa0e-1a1d-4240-a5f9-5d827d39da4a,1,1330.567164
2026/02/04/23:41:44,running-time,rs-001344-nhb8b,ea52aa0e-1a1d-4240-a5f9-5d827d39da4a,1,1330.567164
2026/02/04/23:41:44,apply-time,rs-001344-sxpth,7f80f377-3cda-49bd-bed6-8fe5209a198c,1,1330.567164
2026/02/04/23:41:44,running-time,rs-001344-sxpth,7f80f377-3cda-49bd-bed6-8fe5209a198c,1,1330.567164
2026/02/04/23:41:44,apply-time,rs-001345-l7hr5,f45af306-80a6-459e-b160-f3bc44c21400,1,1331.567164
2026/02/04/23:41:44,running-time,rs-001345-l7hr5,f45af306-80a6-459e-b160-f3bc44c21400,1,1331.567164
2026/02/04/23:41:44,apply-time,rs-001346-qw6qt,fe6dca66-0952-420f-89d3-b0d502ec4a83,1,1331.567164
2026/02/04/23:41:44,running-time,rs-001346-qw6qt,fe6dca66-0952-420f-89d3-b0d502ec4a83,1,1331.567164
2026/02/04/23:41:45,apply-time,rs-001345-vffs6,21962add-25d2-486e-bd7b-b9e86940678b,1,1331.567164
2026/02/04/23:41:45,running-time,rs-001345-vffs6,21962add-25d2-486e-bd7b-b9e86940678b,1,1331.567164
2026/02/04/23:41:45,apply-time,rs-001346-hfclj,ca4b708a-b973-4bae-8749-4100fc83181f,1,1331.567164
2026/02/04/23:41:45,running-time,rs-001346-hfclj,ca4b708a-b973-4bae-8749-4100fc83181f,1,1331.567164
2026/02/04/23:41:45,apply-time,rs-001347-dhtrh,53626421-f999-438e-b399-0c6c9faa7984,1,1332.567164
2026/02/04/23:41:45,running-time,rs-001347-dhtrh,53626421-f999-438e-b399-0c6c9faa7984,1,1332.567164
2026/02/04/23:41:45,apply-time,rs-001348-6sd62,15686099-98d8-46df-a376-0f6f240642ff,1,1332.567164
2026/02/04/23:41:45,running-time,rs-001348-6sd62,15686099-98d8-46df-a376-0f6f240642ff,1,1332.567164
2026/02/04/23:41:45,apply-time,rs-001348-qpts8,94d141f9-e4cb-4cb7-87f0-a514b19964be,1,1332.567164
2026/02/04/23:41:45,running-time,rs-001348-qpts8,94d141f9-e4cb-4cb7-87f0-a514b19964be,1,1332.567164
2026/02/04/23:41:45,apply-time,rs-001348-wj4bf,e3adeb22-f825-46f0-a3bd-fe02733a8a2f,1,1332.567164
2026/02/04/23:41:45,running-time,rs-001348-wj4bf,e3adeb22-f825-46f0-a3bd-fe02733a8a2f,1,1332.567164
2026/02/04/23:41:45,apply-time,rs-001349-b4k9c,f2cf987f-fc17-4894-86aa-517d9041c666,1,1332.567164
2026/02/04/23:41:45,running-time,rs-001349-b4k9c,f2cf987f-fc17-4894-86aa-517d9041c666,1,1332.567164
2026/02/04/23:41:45,apply-time,rs-001349-m5g7r,5cda6415-3539-4c58-9d62-1737e78e8262,1,1332.567164
2026/02/04/23:41:45,running-time,rs-001349-m5g7r,5cda6415-3539-4c58-9d62-1737e78e8262,1,1332.567164
2026/02/04/23:41:45,apply-time,rs-001350-6txrz,1b15b5aa-4e5e-4aa4-af6d-e63945aa3df6,1,1332.567164
2026/02/04/23:41:45,running-time,rs-001350-6txrz,1b15b5aa-4e5e-4aa4-af6d-e63945aa3df6,1,1332.567164
2026/02/04/23:41:46,apply-time,rs-001351-l4fkb,178c885b-24de-48a9-a045-0cd1f286d5ef,1,1333.567164
2026/02/04/23:41:46,running-time,rs-001351-l4fkb,178c885b-24de-48a9-a045-0cd1f286d5ef,1,1333.567164
2026/02/04/23:41:46,apply-time,rs-001352-5hr65,1b730610-5171-40cd-9c37-0b7b226bef18,1,1333.567164
2026/02/04/23:41:46,running-time,rs-001352-5hr65,1b730610-5171-40cd-9c37-0b7b226bef18,1,1333.567164
2026/02/04/23:41:46,apply-time,rs-001352-7txrf,31e55ca5-6d5e-4031-8df0-7f9e873f9f24,1,1333.567164
2026/02/04/23:41:46,apply-time,rs-001352-b9h6h,c551b9e9-296c-4ec4-b492-d419de4b847d,1,1333.567164
2026/02/04/23:41:46,apply-time,rs-001353-hm6ww,19e159d5-a6e7-4ce6-8483-47fa4026e179,1,1333.567164
2026/02/04/23:41:46,running-time,rs-001353-hm6ww,19e159d5-a6e7-4ce6-8483-47fa4026e179,1,1333.567164
2026/02/04/23:41:46,apply-time,rs-001353-qvzbc,a0b73538-86a4-4d5c-9269-0f3324243702,1,1333.567164
2026/02/04/23:41:46,running-time,rs-001353-qvzbc,a0b73538-86a4-4d5c-9269-0f3324243702,1,1333.567164
2026/02/04/23:41:47,apply-time,rs-001354-9r9b8,8a3659f2-1e41-40d1-b3fb-a8febf04bee4,1,1333.567164
2026/02/04/23:41:47,running-time,rs-001354-9r9b8,8a3659f2-1e41-40d1-b3fb-a8febf04bee4,1,1333.567164
2026/02/04/23:41:47,apply-time,rs-001354-nchjx,dfd0b9be-db5d-442a-a07c-b633fa57d2b3,1,1334.567164
2026/02/04/23:41:47,running-time,rs-001354-nchjx,dfd0b9be-db5d-442a-a07c-b633fa57d2b3,1,1334.567164
2026/02/04/23:41:47,apply-time,rs-001355-8fwj4,5b47d5f0-58e3-4dc9-8e56-6d97f435412e,1,1334.567164
2026/02/04/23:41:47,running-time,rs-001355-8fwj4,5b47d5f0-58e3-4dc9-8e56-6d97f435412e,1,1334.567164
2026/02/04/23:41:47,apply-time,rs-001355-cb5cm,257e2c92-8dae-47e9-afdb-4c9eba91209d,1,1334.567164
2026/02/04/23:41:47,running-time,rs-001355-cb5cm,257e2c92-8dae-47e9-afdb-4c9eba91209d,1,1334.567164
2026/02/04/23:41:47,apply-time,rs-001355-md65x,831b5d53-31de-4d19-b1ba-1bcfbfcb5675,1,1334.567164
2026/02/04/23:41:47,running-time,rs-001355-md65x,831b5d53-31de-4d19-b1ba-1bcfbfcb5675,1,1334.567164
2026/02/04/23:41:48,apply-time,rs-001356-cqq28,618dede8-dff0-4c25-af0f-af1fd7f5ad38,1,1335.567164
2026/02/04/23:41:48,running-time,rs-001356-cqq28,618dede8-dff0-4c25-af0f-af1fd7f5ad38,1,1335.567164
2026/02/04/23:41:48,apply-time,rs-001357-gk4pc,e3b8983e-42c3-41cd-8173-41ba83a4c76a,1,1335.567164
2026/02/04/23:41:48,running-time,rs-001357-gk4pc,e3b8983e-42c3-41cd-8173-41ba83a4c76a,1,1335.567164
2026/02/04/23:41:48,apply-time,rs-001357-xxclr,66d6eba4-8293-4dc4-8069-e718dd6592eb,1,1335.567164
2026/02/04/23:41:48,running-time,rs-001357-xxclr,66d6eba4-8293-4dc4-8069-e718dd6592eb,1,1335.567164
2026/02/04/23:41:49,apply-time,rs-001356-dqjlw,81653916-0611-48ad-988e-6ecd7532c799,1,1335.567164
2026/02/04/23:41:49,running-time,rs-001356-dqjlw,81653916-0611-48ad-988e-6ecd7532c799,1,1335.567164
2026/02/04/23:41:49,apply-time,rs-001357-72pvq,9e3da105-de1f-44d7-b0c5-b10104c2dd2e,1,1335.567164
2026/02/04/23:41:49,running-time,rs-001357-72pvq,9e3da105-de1f-44d7-b0c5-b10104c2dd2e,1,1335.567164
2026/02/04/23:41:50,apply-time,rs-001358-qwdwz,5384664c-163b-42ca-a24c-2621c4c86fa0,1,1337.567164
2026/02/04/23:41:50,running-time,rs-001358-qwdwz,5384664c-163b-42ca-a24c-2621c4c86fa0,1,1337.567164
2026/02/04/23:41:50,apply-time,rs-001359-522fg,4c33f99d-c9b8-4160-8901-9365ca05157d,1,1337.567164
2026/02/04/23:41:50,running-time,rs-001359-522fg,4c33f99d-c9b8-4160-8901-9365ca05157d,1,1337.567164
2026/02/04/23:41:50,apply-time,rs-001359-rgh69,4c1a10c7-4085-4c18-b15b-b9edaa4c23c8,1,1337.567164
2026/02/04/23:41:50,apply-time,rs-001359-xwkdg,3c952f99-7f17-4958-86ee-8ef4a1860bc3,1,1337.567164
2026/02/04/23:41:50,running-time,rs-001359-xwkdg,3c952f99-7f17-4958-86ee-8ef4a1860bc3,1,1337.567164
2026/02/04/23:41:50,apply-time,rs-001360-2k5kg,f3c433fe-7c11-42f1-b632-130bd1c90bfa,1,1337.567164
2026/02/04/23:41:50,running-time,rs-001360-2k5kg,f3c433fe-7c11-42f1-b632-130bd1c90bfa,1,1337.567164
2026/02/04/23:41:51,running-time,rs-001359-rgh69,4c1a10c7-4085-4c18-b15b-b9edaa4c23c8,1,1338.567164
2026/02/04/23:41:52,apply-time,rs-001361-42vq5,608da02f-817f-4fb6-a8bc-7911679fb72b,1,1339.567164
2026/02/04/23:41:52,running-time,rs-001361-42vq5,608da02f-817f-4fb6-a8bc-7911679fb72b,1,1339.567164
2026/02/04/23:41:52,apply-time,rs-001361-tx2v5,36a6a341-43de-4ebd-b1f0-9c24fa980272,1,1339.567164
2026/02/04/23:41:52,running-time,rs-001361-tx2v5,36a6a341-43de-4ebd-b1f0-9c24fa980272,1,1339.567164
2026/02/04/23:41:52,apply-time,rs-001362-56c4x,d7898e46-0c6b-41e1-b619-439d3a73772e,1,1339.567164
2026/02/04/23:41:52,running-time,rs-001362-56c4x,d7898e46-0c6b-41e1-b619-439d3a73772e,1,1339.567164
2026/02/04/23:41:52,apply-time,rs-001362-czt9r,a0b4836d-47bc-4b10-b657-56b2ddda143b,1,1339.567164
2026/02/04/23:41:52,running-time,rs-001362-czt9r,a0b4836d-47bc-4b10-b657-56b2ddda143b,1,1339.567164
2026/02/04/23:41:52,apply-time,rs-001363-gk682,6577f5ad-caf9-4ebf-a7cd-0f906292ccec,1,1339.567164
2026/02/04/23:41:52,running-time,rs-001363-gk682,6577f5ad-caf9-4ebf-a7cd-0f906292ccec,1,1339.567164
2026/02/04/23:41:52,apply-time,rs-001364-6cbk4,db9d0f0a-11b9-4c07-b91d-705ad44c33f5,1,1339.567164
2026/02/04/23:41:52,running-time,rs-001364-6cbk4,db9d0f0a-11b9-4c07-b91d-705ad44c33f5,1,1339.567164
2026/02/04/23:41:52,apply-time,rs-001364-wrzds,cea19fef-407a-4d1f-af1d-84cd0d580e5a,1,1339.567164
2026/02/04/23:41:52,apply-time,rs-001364-zmwkn,9c4e8d5a-2618-4746-b988-306d7931ab6d,1,1339.567164
2026/02/04/23:41:52,apply-time,rs-001365-mqprg,70650330-8d6f-4e0b-8fe8-060d849f291d,1,1339.567164
2026/02/04/23:41:52,running-time,rs-001365-mqprg,70650330-8d6f-4e0b-8fe8-060d849f291d,1,1339.567164
2026/02/04/23:41:52,apply-time,rs-001365-nzqpj,a60c7ba2-4070-4cde-b570-0881d2a43cf8,1,1339.567164
2026/02/04/23:41:52,running-time,rs-001365-nzqpj,a60c7ba2-4070-4cde-b570-0881d2a43cf8,1,1339.567164
2026/02/04/23:41:52,apply-time,rs-001365-qh4q7,a58043cf-0475-4f69-a139-38c337ab8ea3,1,1339.567164
2026/02/04/23:41:52,running-time,rs-001365-qh4q7,a58043cf-0475-4f69-a139-38c337ab8ea3,1,1339.567164
2026/02/04/23:41:52,apply-time,rs-001366-dgt9q,1957ac10-7129-4ac3-95f7-669dc2b5122e,1,1339.567164
2026/02/04/23:41:52,running-time,rs-001366-dgt9q,1957ac10-7129-4ac3-95f7-669dc2b5122e,1,1339.567164
2026/02/04/23:41:52,apply-time,rs-001369-m6qng,769cac60-11ee-44b4-b3c8-fe03b28bf4f4,1,1339.567164
2026/02/04/23:41:52,running-time,rs-001369-m6qng,769cac60-11ee-44b4-b3c8-fe03b28bf4f4,1,1339.567164
2026/02/04/23:41:53,apply-time,rs-001366-828sh,3bee28c5-ffd7-45db-8c69-d95d9bb46a30,1,1339.567164
2026/02/04/23:41:53,running-time,rs-001366-828sh,3bee28c5-ffd7-45db-8c69-d95d9bb46a30,1,1339.567164
2026/02/04/23:41:53,apply-time,rs-001366-zhwhj,366d9346-392f-4123-9dab-c00c883d3b4c,1,1339.567164
2026/02/04/23:41:53,running-time,rs-001366-zhwhj,366d9346-392f-4123-9dab-c00c883d3b4c,1,1339.567164
2026/02/04/23:41:53,apply-time,rs-001367-bs8rh,f2476f6c-1b7e-47e0-a971-d73e18e28989,1,1339.567164
2026/02/04/23:41:53,running-time,rs-001367-bs8rh,f2476f6c-1b7e-47e0-a971-d73e18e28989,1,1339.567164
2026/02/04/23:41:53,apply-time,rs-001368-g8485,a77011fe-e215-4d7a-bd18-f0787a1f3a9e,1,1340.567164
2026/02/04/23:41:53,running-time,rs-001368-g8485,a77011fe-e215-4d7a-bd18-f0787a1f3a9e,1,1340.567164
2026/02/04/23:41:53,apply-time,rs-001368-hdjm9,f82df292-da1c-4759-b640-59c59e9601c9,1,1340.567164
2026/02/04/23:41:53,running-time,rs-001368-hdjm9,f82df292-da1c-4759-b640-59c59e9601c9,1,1340.567164
2026/02/04/23:41:53,apply-time,rs-001368-wf4f8,e1ab6f88-da96-4b7a-bf38-cea9c2f46f0b,1,1339.567164
2026/02/04/23:41:53,running-time,rs-001368-wf4f8,e1ab6f88-da96-4b7a-bf38-cea9c2f46f0b,1,1339.567164
2026/02/04/23:41:53,apply-time,rs-001369-p4zzq,1759945c-7873-4238-b846-3d968825c074,1,1339.567164
2026/02/04/23:41:53,apply-time,rs-001369-xlvql,99b7ba9a-a0a5-4900-bf45-0d08d811fefc,1,1340.567164
2026/02/04/23:41:53,apply-time,rs-001370-fslpx,3faa13b1-0174-4475-bb9e-022aca781edb,1,1340.567164
2026/02/04/23:41:53,running-time,rs-001370-fslpx,3faa13b1-0174-4475-bb9e-022aca781edb,1,1340.567164
2026/02/04/23:41:53,apply-time,rs-001371-674vr,4c8565a2-7c73-4e5d-a597-b7c38153000e,1,1340.567164
2026/02/04/23:41:53,apply-time,rs-001373-hxr7n,22bcb3ca-d4d3-445d-8b32-18af7e53d98b,1,1340.567164
2026/02/04/23:41:53,running-time,rs-001373-hxr7n,22bcb3ca-d4d3-445d-8b32-18af7e53d98b,1,1340.567164
2026/02/04/23:41:54,apply-time,rs-001372-222g8,d9c1fb45-dcc2-4d8d-aa74-b18a09d97c29,1,1341.567164
2026/02/04/23:41:54,apply-time,rs-001372-7jqrf,781e64e7-67a0-4976-94f3-493affe526b4,1,1340.567164
2026/02/04/23:41:54,apply-time,rs-001374-8snck,3d9ba878-98c6-4e3f-b421-f0b03622433e,1,1341.567164
2026/02/04/23:41:54,running-time,rs-001374-8snck,3d9ba878-98c6-4e3f-b421-f0b03622433e,1,1341.567164
2026/02/04/23:41:54,apply-time,rs-001374-bbx78,c1095616-127e-4c3a-9587-5f382c7ce4cc,1,1341.567164
2026/02/04/23:41:54,running-time,rs-001374-bbx78,c1095616-127e-4c3a-9587-5f382c7ce4cc,1,1341.567164
2026/02/04/23:41:54,apply-time,rs-001374-p56n4,520ba0b5-7a06-4ec1-862b-7eccfcdca748,1,1341.567164
2026/02/04/23:41:54,apply-time,rs-001375-wqs9z,8ae63508-7e10-44ba-8dcf-916111817db0,1,1341.567164
2026/02/04/23:41:54,apply-time,rs-001376-5hxj6,5c7eed6c-be97-45ba-8035-bc392afb7bc1,1,1341.567164
2026/02/04/23:41:54,apply-time,rs-001376-ctdnv,984fdce1-a98a-4ca1-920e-515eb9f268dd,1,1341.567164
2026/02/04/23:41:54,running-time,rs-001376-ctdnv,984fdce1-a98a-4ca1-920e-515eb9f268dd,1,1341.567164
2026/02/04/23:41:54,apply-time,rs-001377-c946f,b4338641-e3ca-402e-bb9b-dcbcf8ba2191,1,1341.567164
2026/02/04/23:41:54,apply-time,rs-001377-rt2lq,6032d26e-c556-46ed-abe5-b59b8e4edc33,1,1341.567164
2026/02/04/23:41:54,running-time,rs-001377-rt2lq,6032d26e-c556-46ed-abe5-b59b8e4edc33,1,1341.567164
2026/02/04/23:41:54,apply-time,rs-001378-wnctf,62bf9630-ad27-4052-a4f5-8eeed16f10c0,1,1341.567164
2026/02/04/23:41:55,running-time,rs-001369-p4zzq,1759945c-7873-4238-b846-3d968825c074,1,1342.567164
2026/02/04/23:41:55,running-time,rs-001374-p56n4,520ba0b5-7a06-4ec1-862b-7eccfcdca748,1,1342.567164
2026/02/04/23:41:55,running-time,rs-001375-wqs9z,8ae63508-7e10-44ba-8dcf-916111817db0,1,1342.567164
2026/02/04/23:41:55,running-time,rs-001377-c946f,b4338641-e3ca-402e-bb9b-dcbcf8ba2191,1,1342.567164
2026/02/04/23:41:55,apply-time,rs-001378-6fsw9,7c408a74-447d-4995-8fd7-0f79d666d61d,1,1341.567164
2026/02/04/23:41:55,apply-time,rs-001378-fbxnn,f817159e-3869-4cef-8de5-d58979ea44c3,1,1342.567164
2026/02/04/23:41:55,running-time,rs-001378-fbxnn,f817159e-3869-4cef-8de5-d58979ea44c3,1,1342.567164
2026/02/04/23:41:55,running-time,rs-001378-wnctf,62bf9630-ad27-4052-a4f5-8eeed16f10c0,1,1342.567164
2026/02/04/23:41:55,apply-time,rs-001379-x2ndv,175310da-8e21-4b87-bdfc-4386a74d5fda,1,1342.567164
2026/02/04/23:41:55,running-time,rs-001379-x2ndv,175310da-8e21-4b87-bdfc-4386a74d5fda,1,1342.567164
2026/02/04/23:41:55,apply-time,rs-001380-qwhvr,2305e3d7-3215-455e-b3d5-9f46998bff30,1,1342.567164
2026/02/04/23:41:55,apply-time,rs-001381-27nh7,0a703e35-8caa-4a20-839a-71a794721503,1,1342.567164
2026/02/04/23:41:55,running-time,rs-001381-27nh7,0a703e35-8caa-4a20-839a-71a794721503,1,1342.567164
2026/02/04/23:41:55,apply-time,rs-001381-gphrs,212a30c3-5dfa-4b32-b5d6-d3a0acf17494,1,1342.567164
2026/02/04/23:41:55,running-time,rs-001381-gphrs,212a30c3-5dfa-4b32-b5d6-d3a0acf17494,1,1342.567164
2026/02/04/23:41:56,running-time,rs-001369-xlvql,99b7ba9a-a0a5-4900-bf45-0d08d811fefc,1,1343.567164
2026/02/04/23:41:56,running-time,rs-001378-6fsw9,7c408a74-447d-4995-8fd7-0f79d666d61d,1,1343.567164
2026/02/04/23:41:56,apply-time,rs-001382-bd5fw,70bfad6b-a62c-4db0-9853-1510ddfe8e38,1,1342.567164
2026/02/04/23:41:56,running-time,rs-001382-bd5fw,70bfad6b-a62c-4db0-9853-1510ddfe8e38,1,1343.567164
2026/02/04/23:41:56,apply-time,rs-001383-9dc6v,3e0c0562-6d37-4b69-a6c5-4d83967dc170,1,1342.567164
2026/02/04/23:41:56,apply-time,rs-001383-g8vs7,589e4e6c-7c33-4de0-87ed-ba47ab979a4b,1,1343.567164
2026/02/04/23:41:56,apply-time,rs-001384-9bthr,827807b1-0a6f-4e6d-ba26-0a076bccb8d3,1,1343.567164
2026/02/04/23:41:56,running-time,rs-001384-9bthr,827807b1-0a6f-4e6d-ba26-0a076bccb8d3,1,1343.567164
2026/02/04/23:41:56,apply-time,rs-001384-gr6l5,405d1ed4-5244-48e1-9f1e-67f9c1d76310,1,1343.567164
2026/02/04/23:41:56,running-time,rs-001384-gr6l5,405d1ed4-5244-48e1-9f1e-67f9c1d76310,1,1343.567164
2026/02/04/23:41:56,apply-time,rs-001384-n4zgn,8c3690a1-d1bc-4fe0-a350-b4dc412b2eb6,1,1343.567164
2026/02/04/23:41:56,running-time,rs-001384-n4zgn,8c3690a1-d1bc-4fe0-a350-b4dc412b2eb6,1,1343.567164
2026/02/04/23:41:56,apply-time,rs-001385-tjtpp,9640b892-6562-45a9-a23d-8c712f64552f,1,1343.567164
2026/02/04/23:41:56,apply-time,rs-001386-z6vcx,8c46fc33-3e9a-4b82-b5d6-07ef15fe3cdb,1,1343.567164
2026/02/04/23:41:57,running-time,rs-001385-tjtpp,9640b892-6562-45a9-a23d-8c712f64552f,1,1343.567164
2026/02/04/23:41:57,apply-time,rs-001386-c7nbb,1103c951-0ba9-492a-b5cd-d084c1b1fa2e,1,1343.567164
2026/02/04/23:41:57,running-time,rs-001386-c7nbb,1103c951-0ba9-492a-b5cd-d084c1b1fa2e,1,1343.567164
2026/02/04/23:41:57,apply-time,rs-001386-t8nf5,a21ba67f-8ebb-49c6-8610-c519e6c042f4,1,1343.567164
2026/02/04/23:41:57,running-time,rs-001386-t8nf5,a21ba67f-8ebb-49c6-8610-c519e6c042f4,1,1343.567164
2026/02/04/23:41:58,running-time,rs-001386-z6vcx,8c46fc33-3e9a-4b82-b5d6-07ef15fe3cdb,1,1345.567164
2026/02/04/23:42:02,apply-time,rs-001387-h9xd7,2f42ffa1-5395-403e-b7bb-37ebc39f7caa,1,1349.567164
2026/02/04/23:42:02,apply-time,rs-001387-qp7jr,dd0f701b-f635-44b8-a87f-a0661a1660c7,1,1349.567164
2026/02/04/23:42:02,apply-time,rs-001388-9v926,37e46842-1aa0-412e-9b74-9d507f766a25,1,1349.567164
2026/02/04/23:42:02,running-time,rs-001388-9v926,37e46842-1aa0-412e-9b74-9d507f766a25,1,1349.567164
2026/02/04/23:42:02,apply-time,rs-001388-czzj6,73122809-d73a-4f55-91ab-e1b3edbdcb56,1,1349.567164
2026/02/04/23:42:02,running-time,rs-001388-czzj6,73122809-d73a-4f55-91ab-e1b3edbdcb56,1,1349.567164
2026/02/04/23:42:02,apply-time,rs-001388-qp9jl,c42902f8-62b2-4782-8e71-013d207443d5,1,1349.567164
2026/02/04/23:42:02,running-time,rs-001388-qp9jl,c42902f8-62b2-4782-8e71-013d207443d5,1,1349.567164
2026/02/04/23:42:02,apply-time,rs-001389-hzc6r,5807c5b4-8ef2-4d21-b948-ee8f83a24776,1,1349.567164
2026/02/04/23:42:02,running-time,rs-001389-hzc6r,5807c5b4-8ef2-4d21-b948-ee8f83a24776,1,1349.567164
2026/02/04/23:42:02,apply-time,rs-001390-6z5sn,ca478425-072f-4cc6-af46-83ec55c84f92,1,1349.567164
2026/02/04/23:42:02,running-time,rs-001390-6z5sn,ca478425-072f-4cc6-af46-83ec55c84f92,1,1349.567164
2026/02/04/23:42:02,apply-time,rs-001390-qlf4f,83049c0f-7310-48f8-bdc8-0d58dfb21bcb,1,1349.567164
2026/02/04/23:42:02,running-time,rs-001390-qlf4f,83049c0f-7310-48f8-bdc8-0d58dfb21bcb,1,1349.567164
2026/02/04/23:42:02,apply-time,rs-001391-wbl5x,b87f5da8-bbb4-4614-936f-4eccfab6467a,1,1349.567164
2026/02/04/23:42:02,running-time,rs-001391-wbl5x,b87f5da8-bbb4-4614-936f-4eccfab6467a,1,1349.567164
2026/02/04/23:42:02,apply-time,rs-001392-xkxnf,32ea598d-11dc-49f8-af3b-a50526f793f0,1,1349.567164
2026/02/04/23:42:02,running-time,rs-001392-xkxnf,32ea598d-11dc-49f8-af3b-a50526f793f0,1,1349.567164
2026/02/04/23:42:02,apply-time,rs-001393-crsc5,47963aa7-e895-4b24-ba0d-b9d803b91864,1,1349.567164
2026/02/04/23:42:02,apply-time,rs-001393-hc8ds,bd46e788-9996-48dd-94f8-e510b2bccc11,1,1349.567164
2026/02/04/23:42:06,running-time,rs-001364-zmwkn,9c4e8d5a-2618-4746-b988-306d7931ab6d,1,1353.567164
2026/02/04/23:42:08,apply-time,rs-001394-5vx5w,93a0279a-b2a2-478c-acd5-bb3950926b59,1,1354.567164
2026/02/04/23:42:08,running-time,rs-001394-5vx5w,93a0279a-b2a2-478c-acd5-bb3950926b59,1,1354.567164
2026/02/04/23:42:08,apply-time,rs-001394-dht5k,928b7cc8-e8eb-4774-87d9-3d9b9f215e9f,1,1354.567164
2026/02/04/23:42:08,running-time,rs-001394-dht5k,928b7cc8-e8eb-4774-87d9-3d9b9f215e9f,1,1354.567164
2026/02/04/23:42:08,apply-time,rs-001394-s2h9m,0f005710-d259-448c-a6f9-0421890f7e92,1,1354.567164
2026/02/04/23:42:08,running-time,rs-001394-s2h9m,0f005710-d259-448c-a6f9-0421890f7e92,1,1354.567164
2026/02/04/23:42:08,apply-time,rs-001395-jj2r6,b8fa69c2-8c4b-4449-810a-e21164570d42,1,1354.567164
2026/02/04/23:42:08,running-time,rs-001395-jj2r6,b8fa69c2-8c4b-4449-810a-e21164570d42,1,1354.567164
2026/02/04/23:42:08,apply-time,rs-001395-pxdsj,a768dff5-f7be-4b2a-b19f-55a331fa0926,1,1354.567164
2026/02/04/23:42:08,running-time,rs-001395-pxdsj,a768dff5-f7be-4b2a-b19f-55a331fa0926,1,1354.567164
2026/02/04/23:42:10,apply-time,rs-001396-r82bq,78fd2c5a-3111-4a5e-aa84-19bc564ed713,1,1357.567164
2026/02/04/23:42:10,running-time,rs-001396-r82bq,78fd2c5a-3111-4a5e-aa84-19bc564ed713,1,1357.567164
2026/02/04/23:42:10,apply-time,rs-001397-2tn9l,275f97ff-3910-4061-b1f0-6b05a204d215,1,1357.567164
2026/02/04/23:42:10,running-time,rs-001397-2tn9l,275f97ff-3910-4061-b1f0-6b05a204d215,1,1357.567164
2026/02/04/23:42:10,apply-time,rs-001397-c77r5,3e1b6d62-c97f-45d1-acb0-28b9872365d3,1,1357.567164
2026/02/04/23:42:10,running-time,rs-001397-c77r5,3e1b6d62-c97f-45d1-acb0-28b9872365d3,1,1357.567164
2026/02/04/23:42:10,apply-time,rs-001397-jg2v6,0d2fdc04-743d-4129-acf2-14bc7f0d6c39,1,1357.567164
2026/02/04/23:42:10,running-time,rs-001397-jg2v6,0d2fdc04-743d-4129-acf2-14bc7f0d6c39,1,1357.567164
2026/02/04/23:42:10,apply-time,rs-001398-dzr72,7c18db8a-ac7b-45d2-b9d2-4a675d68350a,1,1357.567164
2026/02/04/23:42:10,running-time,rs-001398-dzr72,7c18db8a-ac7b-45d2-b9d2-4a675d68350a,1,1357.567164
2026/02/04/23:42:10,apply-time,rs-001398-t2kcq,97f25671-65d7-4c58-858e-16bea8eaca19,1,1357.567164
2026/02/04/23:42:10,running-time,rs-001398-t2kcq,97f25671-65d7-4c58-858e-16bea8eaca19,1,1357.567164
2026/02/04/23:42:10,apply-time,rs-001399-2zx54,602282db-231b-49ae-81c9-9abcb0f07df1,1,1357.567164
2026/02/04/23:42:10,running-time,rs-001399-2zx54,602282db-231b-49ae-81c9-9abcb0f07df1,1,1357.567164
2026/02/04/23:42:10,apply-time,rs-001399-vwksn,f9fff80a-ba23-483e-86e8-639850700271,1,1357.567164
2026/02/04/23:42:10,running-time,rs-001399-vwksn,f9fff80a-ba23-483e-86e8-639850700271,1,1357.567164
2026/02/04/23:42:10,apply-time,rs-001400-jrc47,e87d7faf-28df-4cb9-a1fd-e2171ad7b49b,1,1357.567164
2026/02/04/23:42:11,running-time,rs-001400-jrc47,e87d7faf-28df-4cb9-a1fd-e2171ad7b49b,1,1357.567164
2026/02/04/23:42:11,apply-time,rs-001401-b9jmq,8f434cca-4207-4a10-9b11-bcd403768f58,1,1357.567164
2026/02/04/23:42:11,running-time,rs-001401-b9jmq,8f434cca-4207-4a10-9b11-bcd403768f58,1,1357.567164
2026/02/04/23:42:11,apply-time,rs-001401-fvj9j,88e97f55-89a5-4ac8-84fb-cb597e95fda0,1,1358.567164
2026/02/04/23:42:11,running-time,rs-001401-fvj9j,88e97f55-89a5-4ac8-84fb-cb597e95fda0,1,1358.567164
2026/02/04/23:42:11,apply-time,rs-001401-w5h4s,53110c1f-0c9f-46d9-ada4-e2a1011ed6e4,1,1358.567164
2026/02/04/23:42:11,running-time,rs-001401-w5h4s,53110c1f-0c9f-46d9-ada4-e2a1011ed6e4,1,1358.567164
2026/02/04/23:42:11,apply-time,rs-001402-59g27,bff4fed4-cf02-4d59-9090-f7e79ff3df79,1,1357.567164
2026/02/04/23:42:11,running-time,rs-001402-59g27,bff4fed4-cf02-4d59-9090-f7e79ff3df79,1,1357.567164
2026/02/04/23:42:11,apply-time,rs-001402-wfqr2,32453bbb-b10a-4d84-bd51-c1c9e7b836fe,1,1358.567164
2026/02/04/23:42:11,running-time,rs-001402-wfqr2,32453bbb-b10a-4d84-bd51-c1c9e7b836fe,1,1358.567164
2026/02/04/23:42:11,apply-time,rs-001403-4cf6x,409d5ea1-5053-468c-8133-dd9147a09c64,1,1358.567164
2026/02/04/23:42:11,running-time,rs-001403-4cf6x,409d5ea1-5053-468c-8133-dd9147a09c64,1,1358.567164
2026/02/04/23:42:11,apply-time,rs-001403-4gpdj,cff7b80c-6115-4869-9e88-f6928ed41fe6,1,1358.567164
2026/02/04/23:42:11,running-time,rs-001403-4gpdj,cff7b80c-6115-4869-9e88-f6928ed41fe6,1,1358.567164
2026/02/04/23:42:11,apply-time,rs-001403-swf5z,e7ec02e7-d5e1-4b75-8b61-317ea5b88508,1,1358.567164
2026/02/04/23:42:11,running-time,rs-001403-swf5z,e7ec02e7-d5e1-4b75-8b61-317ea5b88508,1,1358.567164
2026/02/04/23:42:13,apply-time,rs-001404-8hcm8,2fdf7f02-3d9b-458a-862b-c898357cee6d,1,1359.567164
2026/02/04/23:42:13,running-time,rs-001404-8hcm8,2fdf7f02-3d9b-458a-862b-c898357cee6d,1,1359.567164
2026/02/04/23:42:13,apply-time,rs-001404-ksq75,6f746a78-69ad-4c44-bb93-feb5bef9db39,1,1359.567164
2026/02/04/23:42:13,running-time,rs-001404-ksq75,6f746a78-69ad-4c44-bb93-feb5bef9db39,1,1359.567164
2026/02/04/23:42:13,apply-time,rs-001404-p5dv8,eb96b599-573a-43d7-92e3-342fd40ae7a6,1,1359.567164
2026/02/04/23:42:13,running-time,rs-001404-p5dv8,eb96b599-573a-43d7-92e3-342fd40ae7a6,1,1359.567164
2026/02/04/23:42:13,apply-time,rs-001405-rtg4p,d67b240c-c6ef-40a9-83d7-9f7575bf0aee,1,1359.567164
2026/02/04/23:42:13,running-time,rs-001405-rtg4p,d67b240c-c6ef-40a9-83d7-9f7575bf0aee,1,1359.567164
2026/02/04/23:42:13,apply-time,rs-001405-v6hc8,d18dfd98-eac2-4192-9c50-8aedb2b21ffc,1,1359.567164
2026/02/04/23:42:13,running-time,rs-001405-v6hc8,d18dfd98-eac2-4192-9c50-8aedb2b21ffc,1,1359.567164
2026/02/04/23:42:13,apply-time,rs-001406-w7ltd,7ca78eaa-6cc2-4003-b21f-e0c18192e6f6,1,1360.567164
2026/02/04/23:42:13,running-time,rs-001406-w7ltd,7ca78eaa-6cc2-4003-b21f-e0c18192e6f6,1,1360.567164
2026/02/04/23:42:13,apply-time,rs-001407-nfqfx,ca62e14b-da5a-4fc8-a19b-946963f3fba8,1,1360.567164
2026/02/04/23:42:13,running-time,rs-001407-nfqfx,ca62e14b-da5a-4fc8-a19b-946963f3fba8,1,1360.567164
2026/02/04/23:42:13,apply-time,rs-001408-ldd27,6b9e320f-3cd9-4def-996c-f2b701b93eec,1,1360.567164
2026/02/04/23:42:13,running-time,rs-001408-ldd27,6b9e320f-3cd9-4def-996c-f2b701b93eec,1,1360.567164
2026/02/04/23:42:13,apply-time,rs-001408-lt6x5,983d3b44-a8fe-4e47-8a9e-d2303f8199dc,1,1360.567164
2026/02/04/23:42:13,running-time,rs-001408-lt6x5,983d3b44-a8fe-4e47-8a9e-d2303f8199dc,1,1360.567164
2026/02/04/23:42:13,apply-time,rs-001408-xc5zl,26ec44ab-af07-470d-8d11-c8a8ffbc3759,1,1360.567164
2026/02/04/23:42:13,running-time,rs-001408-xc5zl,26ec44ab-af07-470d-8d11-c8a8ffbc3759,1,1360.567164
2026/02/04/23:42:13,apply-time,rs-001409-84rv7,02952f6c-1a07-44da-bc3a-db4ad666ea7d,1,1360.567164
2026/02/04/23:42:13,running-time,rs-001409-84rv7,02952f6c-1a07-44da-bc3a-db4ad666ea7d,1,1360.567164
2026/02/04/23:42:13,apply-time,rs-001410-kdlc7,5ed87fc0-0171-4fed-b00c-6161081720cf,1,1360.567164
2026/02/04/23:42:13,running-time,rs-001410-kdlc7,5ed87fc0-0171-4fed-b00c-6161081720cf,1,1360.567164
2026/02/04/23:42:13,apply-time,rs-001411-8bjqg,bbdc9e44-f460-479f-bc72-d0a06507c192,1,1360.567164
2026/02/04/23:42:13,running-time,rs-001411-8bjqg,bbdc9e44-f460-479f-bc72-d0a06507c192,1,1360.567164
2026/02/04/23:42:14,apply-time,rs-001409-8dcs5,5933346d-311d-47f7-89aa-21e6e8846e4a,1,1360.567164
2026/02/04/23:42:14,running-time,rs-001409-8dcs5,5933346d-311d-47f7-89aa-21e6e8846e4a,1,1361.567164
2026/02/04/23:42:14,apply-time,rs-001410-gq24s,457c29b1-dc3b-48a0-a48e-80141c390424,1,1360.567164
2026/02/04/23:42:14,running-time,rs-001410-gq24s,457c29b1-dc3b-48a0-a48e-80141c390424,1,1360.567164
2026/02/04/23:42:14,apply-time,rs-001411-hmj62,152b68ad-4ceb-47b5-865c-526b98eab32d,1,1361.567164
2026/02/04/23:42:14,apply-time,rs-001411-zp8w4,774207be-90cd-4a1a-bc93-9ff76f33aeb3,1,1360.567164
2026/02/04/23:42:14,running-time,rs-001411-zp8w4,774207be-90cd-4a1a-bc93-9ff76f33aeb3,1,1361.567164
2026/02/04/23:42:14,apply-time,rs-001412-kgh7q,e773bc73-55a8-4a07-bb6e-efa94c39825c,1,1360.567164
2026/02/04/23:42:14,running-time,rs-001412-kgh7q,e773bc73-55a8-4a07-bb6e-efa94c39825c,1,1360.567164
2026/02/04/23:42:14,apply-time,rs-001413-zsxnb,2f79d587-eb35-4c38-9eb7-5bc87bf4c6bc,1,1361.567164
2026/02/04/23:42:14,running-time,rs-001413-zsxnb,2f79d587-eb35-4c38-9eb7-5bc87bf4c6bc,1,1361.567164
2026/02/04/23:42:14,apply-time,rs-001416-v9q6f,472c23f4-a597-4b89-8edb-a2d483e5150a,1,1361.567164
2026/02/04/23:42:14,running-time,rs-001416-v9q6f,472c23f4-a597-4b89-8edb-a2d483e5150a,1,1361.567164
2026/02/04/23:42:15,running-time,rs-001411-hmj62,152b68ad-4ceb-47b5-865c-526b98eab32d,1,1361.567164
2026/02/04/23:42:15,apply-time,rs-001413-2n5pm,93e3b0aa-ae05-444a-a010-db3c7ea6a177,1,1362.567164
2026/02/04/23:42:15,running-time,rs-001413-2n5pm,93e3b0aa-ae05-444a-a010-db3c7ea6a177,1,1362.567164
2026/02/04/23:42:15,apply-time,rs-001413-vvm2g,f6e76184-70ee-4997-913c-20a06ce480bd,1,1362.567164
2026/02/04/23:42:15,running-time,rs-001413-vvm2g,f6e76184-70ee-4997-913c-20a06ce480bd,1,1362.567164
2026/02/04/23:42:15,apply-time,rs-001414-xngwh,40d9f4db-74c3-4174-9528-dd0081cae656,1,1361.567164
2026/02/04/23:42:15,running-time,rs-001414-xngwh,40d9f4db-74c3-4174-9528-dd0081cae656,1,1361.567164
2026/02/04/23:42:15,apply-time,rs-001415-9pjvk,e1ea5652-622f-443a-879c-549367ee37ed,1,1362.567164
2026/02/04/23:42:15,running-time,rs-001415-9pjvk,e1ea5652-622f-443a-879c-549367ee37ed,1,1362.567164
2026/02/04/23:42:15,apply-time,rs-001415-c2rlt,a8be36f6-9c02-4613-81e8-a10c6e7fce75,1,1361.567164
2026/02/04/23:42:15,running-time,rs-001415-c2rlt,a8be36f6-9c02-4613-81e8-a10c6e7fce75,1,1361.567164
2026/02/04/23:42:15,apply-time,rs-001417-5cgtc,7c42a06f-8ac0-4af5-8054-8d2a67617018,1,1362.567164
2026/02/04/23:42:15,apply-time,rs-001417-rv76r,a002fe78-be75-4d5c-b36b-3e06bf567860,1,1361.567164
2026/02/04/23:42:15,apply-time,rs-001417-w2qpk,ef841f6e-b928-48f6-8345-a36606d03a63,1,1362.567164
2026/02/04/23:42:19,apply-time,rs-001418-qgzfg,244d71a2-075d-4f14-aa7d-cc130d046036,1,1366.567164
2026/02/04/23:42:19,running-time,rs-001418-qgzfg,244d71a2-075d-4f14-aa7d-cc130d046036,1,1366.567164
2026/02/04/23:42:19,apply-time,rs-001418-sw8f7,d28e3895-1811-4bec-887e-2b8b7c33a94c,1,1366.567164
2026/02/04/23:42:19,running-time,rs-001418-sw8f7,d28e3895-1811-4bec-887e-2b8b7c33a94c,1,1366.567164
2026/02/04/23:42:19,apply-time,rs-001419-m4nqd,bc037e7a-31ea-479f-8a2d-d24ce16bf30f,1,1366.567164
2026/02/04/23:42:19,running-time,rs-001419-m4nqd,bc037e7a-31ea-479f-8a2d-d24ce16bf30f,1,1366.567164
2026/02/04/23:42:19,apply-time,rs-001420-d5bdf,0b0d661b-0986-46f6-bd8a-5d26e4a36eb4,1,1366.567164
2026/02/04/23:42:19,running-time,rs-001420-d5bdf,0b0d661b-0986-46f6-bd8a-5d26e4a36eb4,1,1366.567164
2026/02/04/23:42:19,apply-time,rs-001420-nl9sl,1183c094-6147-42d3-ba0b-cc7d15ee2ee1,1,1366.567164
2026/02/04/23:42:19,running-time,rs-001420-nl9sl,1183c094-6147-42d3-ba0b-cc7d15ee2ee1,1,1366.567164
2026/02/04/23:42:19,apply-time,rs-001420-ssh5x,52db7309-4e0a-4dab-bb54-13c256b0de3c,1,1366.567164
2026/02/04/23:42:19,running-time,rs-001420-ssh5x,52db7309-4e0a-4dab-bb54-13c256b0de3c,1,1366.567164
2026/02/04/23:42:19,apply-time,rs-001421-fl8bv,cd9347fb-3048-4ff8-b175-fe439ccfaa56,1,1366.567164
2026/02/04/23:42:19,running-time,rs-001421-fl8bv,cd9347fb-3048-4ff8-b175-fe439ccfaa56,1,1366.567164
2026/02/04/23:42:19,apply-time,rs-001422-bsrlp,7227b8de-aa01-47ea-8d45-c16d77f37986,1,1366.567164
2026/02/04/23:42:19,running-time,rs-001422-bsrlp,7227b8de-aa01-47ea-8d45-c16d77f37986,1,1366.567164
2026/02/04/23:42:20,apply-time,rs-001423-gmdg8,45409587-9e34-4bdd-b154-c7a05d083fda,1,1366.567164
2026/02/04/23:42:20,running-time,rs-001423-gmdg8,45409587-9e34-4bdd-b154-c7a05d083fda,1,1366.567164
2026/02/04/23:42:20,apply-time,rs-001423-hp848,500914ee-1078-4067-bb28-8ea45b04f96b,1,1366.567164
2026/02/04/23:42:20,running-time,rs-001423-hp848,500914ee-1078-4067-bb28-8ea45b04f96b,1,1366.567164
2026/02/04/23:42:20,apply-time,rs-001423-hq9s4,4953d114-a77c-4747-aee1-a1dee7c61758,1,1366.567164
2026/02/04/23:42:20,running-time,rs-001423-hq9s4,4953d114-a77c-4747-aee1-a1dee7c61758,1,1366.567164
2026/02/04/23:42:21,apply-time,rs-001424-wmwlr,b91fabe7-12f9-4e4d-9c4c-ee71ad0393ed,1,1368.567164
2026/02/04/23:42:23,running-time,rs-001424-wmwlr,b91fabe7-12f9-4e4d-9c4c-ee71ad0393ed,1,1370.567164
2026/02/04/23:42:33,apply-time,rs-001425-jg4l8,25fb86a4-0864-4437-8b9e-ab7f5adc8a78,1,1380.567164
2026/02/04/23:42:33,running-time,rs-001425-jg4l8,25fb86a4-0864-4437-8b9e-ab7f5adc8a78,1,1380.567164
2026/02/04/23:42:33,apply-time,rs-001425-n4szk,9088a192-b470-4996-ac13-7db20dddd05d,1,1380.567164
2026/02/04/23:42:33,running-time,rs-001425-n4szk,9088a192-b470-4996-ac13-7db20dddd05d,1,1380.567164
2026/02/04/23:42:33,apply-time,rs-001426-rphtg,8804feba-9bc9-4156-bd56-c5e592d2a2c3,1,1380.567164
2026/02/04/23:42:33,running-time,rs-001426-rphtg,8804feba-9bc9-4156-bd56-c5e592d2a2c3,1,1380.567164
2026/02/04/23:42:33,apply-time,rs-001426-xxlpg,62960e88-c770-43f4-abbf-c137975177b3,1,1380.567164
2026/02/04/23:42:33,running-time,rs-001426-xxlpg,62960e88-c770-43f4-abbf-c137975177b3,1,1380.567164
2026/02/04/23:42:44,apply-time,rs-001427-5475t,6e538017-6586-4b9d-aa78-b28ce04018c9,1,1391.567164
2026/02/04/23:42:44,running-time,rs-001427-5475t,6e538017-6586-4b9d-aa78-b28ce04018c9,1,1391.567164
2026/02/04/23:42:44,apply-time,rs-001427-lw89d,03d4defb-41d2-4f8c-b302-2ef3ee10b26b,1,1391.567164
2026/02/04/23:42:44,running-time,rs-001427-lw89d,03d4defb-41d2-4f8c-b302-2ef3ee10b26b,1,1391.567164
2026/02/04/23:42:44,apply-time,rs-001428-6m75r,4b089dad-f749-43cf-b5a4-38e1f7dd329c,1,1391.567164
2026/02/04/23:42:44,running-time,rs-001428-6m75r,4b089dad-f749-43cf-b5a4-38e1f7dd329c,1,1391.567164
2026/02/04/23:42:44,apply-time,rs-001428-vp4hk,330c0edc-b43e-472d-9099-43850fca1c37,1,1391.567164
2026/02/04/23:42:44,running-time,rs-001428-vp4hk,330c0edc-b43e-472d-9099-43850fca1c37,1,1391.567164
2026/02/04/23:42:44,apply-time,rs-001428-vz4zd,c5c607ed-4e83-4919-9dca-420ccc69b8c8,1,1391.567164
2026/02/04/23:42:44,running-time,rs-001428-vz4zd,c5c607ed-4e83-4919-9dca-420ccc69b8c8,1,1391.567164
2026/02/04/23:42:44,apply-time,rs-001429-275wk,d0695e17-34aa-4f82-9c9f-2e285b74a866,1,1391.567164
2026/02/04/23:42:44,running-time,rs-001429-275wk,d0695e17-34aa-4f82-9c9f-2e285b74a866,1,1391.567164
2026/02/04/23:42:44,apply-time,rs-001429-vz2lm,1edeaf6b-4114-4869-a9f3-c9583ecb2fde,1,1391.567164
2026/02/04/23:42:44,running-time,rs-001429-vz2lm,1edeaf6b-4114-4869-a9f3-c9583ecb2fde,1,1391.567164
2026/02/04/23:42:44,apply-time,rs-001430-cqs7k,a96121f0-824e-4343-90ac-affe31a9cc3b,1,1391.567164
2026/02/04/23:42:44,running-time,rs-001430-cqs7k,a96121f0-824e-4343-90ac-affe31a9cc3b,1,1391.567164
2026/02/04/23:42:44,apply-time,rs-001430-v9l8s,e0ffcd06-c223-46b6-8e07-5e3957e219f7,1,1391.567164
2026/02/04/23:42:44,running-time,rs-001430-v9l8s,e0ffcd06-c223-46b6-8e07-5e3957e219f7,1,1391.567164
2026/02/04/23:42:44,apply-time,rs-001431-n9r9w,b5345729-7320-4d6d-a7bc-a8a7bc6b6bfa,1,1391.567164
2026/02/04/23:42:44,running-time,rs-001431-n9r9w,b5345729-7320-4d6d-a7bc-a8a7bc6b6bfa,1,1391.567164
2026/02/04/23:42:44,apply-time,rs-001432-rsg6d,6f679a3c-74a3-4a05-abe4-4877ecc496a3,1,1391.567164
2026/02/04/23:42:44,running-time,rs-001432-rsg6d,6f679a3c-74a3-4a05-abe4-4877ecc496a3,1,1391.567164
2026/02/04/23:42:44,apply-time,rs-001433-xctqt,032042a9-e34a-4091-81a9-9a72286df4d8,1,1391.567164
2026/02/04/23:42:45,apply-time,rs-001432-wl4bn,1ae6b9e2-865d-4a07-abe3-2dfc45789369,1,1391.567164
2026/02/04/23:42:45,running-time,rs-001432-wl4bn,1ae6b9e2-865d-4a07-abe3-2dfc45789369,1,1391.567164
2026/02/04/23:42:45,apply-time,rs-001433-hvnvt,9c23f9dc-cfb6-4923-ad97-b71899e31040,1,1392.567164
2026/02/04/23:42:45,running-time,rs-001433-hvnvt,9c23f9dc-cfb6-4923-ad97-b71899e31040,1,1392.567164
2026/02/04/23:42:45,running-time,rs-001433-xctqt,032042a9-e34a-4091-81a9-9a72286df4d8,1,1391.567164
2026/02/04/23:42:45,apply-time,rs-001434-9mgn6,525d86bc-6c3d-458a-9b4b-b28ca89bc463,1,1392.567164
2026/02/04/23:42:45,running-time,rs-001434-9mgn6,525d86bc-6c3d-458a-9b4b-b28ca89bc463,1,1392.567164
2026/02/04/23:42:45,apply-time,rs-001434-h6scs,9fea7ce4-cebe-47cb-b77c-e1289bbc1736,1,1392.567164
2026/02/04/23:42:45,running-time,rs-001434-h6scs,9fea7ce4-cebe-47cb-b77c-e1289bbc1736,1,1392.567164
2026/02/04/23:42:45,apply-time,rs-001434-pstb7,00f07432-16c3-4c76-8e52-2bebcfa437ef,1,1391.567164
2026/02/04/23:42:45,running-time,rs-001434-pstb7,00f07432-16c3-4c76-8e52-2bebcfa437ef,1,1391.567164
2026/02/04/23:42:55,apply-time,rs-001435-8zlqx,40b72bd7-20f3-4e35-99da-e7592c79efcf,1,1402.567164
2026/02/04/23:42:55,running-time,rs-001435-8zlqx,40b72bd7-20f3-4e35-99da-e7592c79efcf,1,1402.567164
2026/02/04/23:42:55,apply-time,rs-001436-c726n,6431553d-75d9-481a-9b56-4128c839d2ea,1,1402.567164
2026/02/04/23:42:55,running-time,rs-001436-c726n,6431553d-75d9-481a-9b56-4128c839d2ea,1,1402.567164
2026/02/04/23:42:55,apply-time,rs-001436-mw5nq,9bdf0e3d-22fc-449c-a067-8a10c2c77c21,1,1402.567164
2026/02/04/23:42:55,running-time,rs-001436-mw5nq,9bdf0e3d-22fc-449c-a067-8a10c2c77c21,1,1402.567164
2026/02/04/23:42:55,apply-time,rs-001437-85xbc,fb9e8bf7-5405-49f2-91f0-bbe66d534ef4,1,1402.567164
2026/02/04/23:42:55,running-time,rs-001437-85xbc,fb9e8bf7-5405-49f2-91f0-bbe66d534ef4,1,1402.567164
2026/02/04/23:42:55,apply-time,rs-001437-djf9w,68aa54e4-7c96-449b-b5f1-351426bc0f0d,1,1402.567164
2026/02/04/23:42:55,running-time,rs-001437-djf9w,68aa54e4-7c96-449b-b5f1-351426bc0f0d,1,1402.567164
2026/02/04/23:42:55,apply-time,rs-001437-mqq56,bc6c6ba8-c43f-49d1-92a1-131b3b062629,1,1402.567164
2026/02/04/23:42:55,running-time,rs-001437-mqq56,bc6c6ba8-c43f-49d1-92a1-131b3b062629,1,1402.567164
2026/02/04/23:42:55,apply-time,rs-001438-bf44n,7c9cdb16-30ef-4f2e-a973-0671dba5e5e2,1,1402.567164
2026/02/04/23:42:55,running-time,rs-001438-bf44n,7c9cdb16-30ef-4f2e-a973-0671dba5e5e2,1,1402.567164
2026/02/04/23:42:55,apply-time,rs-001438-g5b2h,b5721345-c72e-4033-82b0-f00794cadbdf,1,1402.567164
2026/02/04/23:42:55,running-time,rs-001438-g5b2h,b5721345-c72e-4033-82b0-f00794cadbdf,1,1402.567164
2026/02/04/23:43:03,apply-time,rs-001439-25rsq,2cbdd0d2-7fd2-4d4a-9d9b-df0658ae7861,1,1410.567164
2026/02/04/23:43:03,running-time,rs-001439-25rsq,2cbdd0d2-7fd2-4d4a-9d9b-df0658ae7861,1,1410.567164
2026/02/04/23:43:03,apply-time,rs-001440-lfgwv,21eec660-ecf0-438e-9fe8-0e1a0cc09d51,1,1410.567164
2026/02/04/23:43:03,running-time,rs-001440-lfgwv,21eec660-ecf0-438e-9fe8-0e1a0cc09d51,1,1410.567164
2026/02/04/23:43:03,apply-time,rs-001441-szphw,7df4931c-9b32-40ee-8a3a-2e77a73a4969,1,1410.567164
2026/02/04/23:43:03,running-time,rs-001441-szphw,7df4931c-9b32-40ee-8a3a-2e77a73a4969,1,1410.567164
2026/02/04/23:43:04,apply-time,rs-001442-6gl7r,0b1fa4c5-dd0f-4e95-a773-3eecddcc405c,1,1410.567164
2026/02/04/23:43:04,running-time,rs-001442-6gl7r,0b1fa4c5-dd0f-4e95-a773-3eecddcc405c,1,1410.567164
2026/02/04/23:43:04,apply-time,rs-001442-fv8lc,6863b27e-c74d-4cf7-9e2f-89cfc8712a8a,1,1410.567164
2026/02/04/23:43:04,running-time,rs-001442-fv8lc,6863b27e-c74d-4cf7-9e2f-89cfc8712a8a,1,1411.567164
2026/02/04/23:43:04,apply-time,rs-001443-qwvwb,f3b83379-ac7b-4689-8803-83be6e35c360,1,1410.567164
2026/02/04/23:43:04,running-time,rs-001443-qwvwb,f3b83379-ac7b-4689-8803-83be6e35c360,1,1410.567164
2026/02/04/23:43:06,apply-time,rs-001444-29cwf,951491c3-1a8f-40ad-b600-9681092ed996,1,1413.567164
2026/02/04/23:43:06,running-time,rs-001444-29cwf,951491c3-1a8f-40ad-b600-9681092ed996,1,1413.567164
2026/02/04/23:43:06,apply-time,rs-001444-p787s,b14bb852-9d18-4af4-b7b5-df12e4285f92,1,1413.567164
2026/02/04/23:43:06,running-time,rs-001444-p787s,b14bb852-9d18-4af4-b7b5-df12e4285f92,1,1413.567164
2026/02/04/23:43:06,apply-time,rs-001445-cpqj9,6276f1ad-381c-476e-a30c-a9f39185effb,1,1413.567164
2026/02/04/23:43:06,running-time,rs-001445-cpqj9,6276f1ad-381c-476e-a30c-a9f39185effb,1,1413.567164
2026/02/04/23:43:06,apply-time,rs-001445-mckzk,fde99ae2-36fa-4bbc-87f4-dee010640b21,1,1413.567164
2026/02/04/23:43:06,running-time,rs-001445-mckzk,fde99ae2-36fa-4bbc-87f4-dee010640b21,1,1413.567164
2026/02/04/23:43:06,apply-time,rs-001445-stn4g,f5467c75-c974-4eb1-b37e-01b7f889902c,1,1413.567164
2026/02/04/23:43:06,running-time,rs-001445-stn4g,f5467c75-c974-4eb1-b37e-01b7f889902c,1,1413.567164
2026/02/04/23:43:10,apply-time,rs-001446-5wrw6,3bcdb421-9798-4bc3-bc4f-c4c2bfaee4ff,1,1417.567164
2026/02/04/23:43:10,running-time,rs-001446-5wrw6,3bcdb421-9798-4bc3-bc4f-c4c2bfaee4ff,1,1417.567164
2026/02/04/23:43:10,apply-time,rs-001446-lrjb5,d72a52fb-fe49-42b8-a623-de45610a0833,1,1417.567164
2026/02/04/23:43:10,running-time,rs-001446-lrjb5,d72a52fb-fe49-42b8-a623-de45610a0833,1,1417.567164
2026/02/04/23:43:11,apply-time,rs-001447-94j7p,fc054b7a-284a-4148-9e52-28c4b04f3dca,1,1417.567164
2026/02/04/23:43:11,running-time,rs-001447-94j7p,fc054b7a-284a-4148-9e52-28c4b04f3dca,1,1418.567164
2026/02/04/23:43:11,apply-time,rs-001447-c2sgr,7da08b46-b5f2-443b-ac37-69ba960f17ee,1,1417.567164
2026/02/04/23:43:11,running-time,rs-001447-c2sgr,7da08b46-b5f2-443b-ac37-69ba960f17ee,1,1418.567164
2026/02/04/23:43:11,apply-time,rs-001448-m4knv,28d2491c-d66d-4125-84c7-ed117602e5b5,1,1417.567164
2026/02/04/23:43:11,running-time,rs-001448-m4knv,28d2491c-d66d-4125-84c7-ed117602e5b5,1,1418.567164
2026/02/04/23:43:11,apply-time,rs-001449-8psnx,56ec02c1-cd0a-4ab6-b785-40a294cdc731,1,1418.567164
2026/02/04/23:43:11,running-time,rs-001449-8psnx,56ec02c1-cd0a-4ab6-b785-40a294cdc731,1,1418.567164
2026/02/04/23:43:11,apply-time,rs-001449-qlnz4,e4c61271-347d-4a77-98a2-991239b3cee0,1,1418.567164
2026/02/04/23:43:11,running-time,rs-001449-qlnz4,e4c61271-347d-4a77-98a2-991239b3cee0,1,1418.567164
2026/02/04/23:43:11,apply-time,rs-001450-26nhg,5493c23b-9c35-4e86-904b-64c81f1f07b0,1,1418.567164
2026/02/04/23:43:11,running-time,rs-001450-26nhg,5493c23b-9c35-4e86-904b-64c81f1f07b0,1,1418.567164
2026/02/04/23:43:11,apply-time,rs-001450-kn22p,7302e272-76fe-4cea-82f5-c65942ee6400,1,1418.567164
2026/02/04/23:43:11,running-time,rs-001450-kn22p,7302e272-76fe-4cea-82f5-c65942ee6400,1,1418.567164
2026/02/04/23:43:11,apply-time,rs-001451-9bzr8,0dd549cf-6bdc-4930-9427-c4aa590527d1,1,1418.567164
2026/02/04/23:43:11,running-time,rs-001451-9bzr8,0dd549cf-6bdc-4930-9427-c4aa590527d1,1,1418.567164
2026/02/04/23:43:11,apply-time,rs-001451-fp5q5,d15dbdc2-d1b2-437e-a6d2-99816f23e432,1,1418.567164
2026/02/04/23:43:11,running-time,rs-001451-fp5q5,d15dbdc2-d1b2-437e-a6d2-99816f23e432,1,1418.567164
2026/02/04/23:43:11,apply-time,rs-001452-574qw,f89bee7f-3e6c-4c2e-9b1a-179635aa5447,1,1418.567164
2026/02/04/23:43:11,running-time,rs-001452-574qw,f89bee7f-3e6c-4c2e-9b1a-179635aa5447,1,1418.567164
2026/02/04/23:43:12,apply-time,rs-001453-d87st,147a5164-9749-41b1-b31a-614d57cd81f5,1,1418.567164
2026/02/04/23:43:12,running-time,rs-001453-d87st,147a5164-9749-41b1-b31a-614d57cd81f5,1,1418.567164
2026/02/04/23:43:15,apply-time,rs-001454-rz77v,b64ce342-68fd-4b48-ae50-aabfd4fa8b5e,1,1422.567164
2026/02/04/23:43:15,running-time,rs-001454-rz77v,b64ce342-68fd-4b48-ae50-aabfd4fa8b5e,1,1422.567164
2026/02/04/23:43:16,apply-time,rs-001455-mwjgq,a24f208a-3797-4a37-8a90-f8d659384040,1,1422.567164
2026/02/04/23:43:16,running-time,rs-001455-mwjgq,a24f208a-3797-4a37-8a90-f8d659384040,1,1422.567164
2026/02/04/23:43:16,apply-time,rs-001455-s5vzm,0a3720c3-abb6-48a3-95cd-da2c1c201e81,1,1422.567164
2026/02/04/23:43:16,running-time,rs-001455-s5vzm,0a3720c3-abb6-48a3-95cd-da2c1c201e81,1,1422.567164
2026/02/04/23:43:16,apply-time,rs-001455-xqm6c,588df26c-4145-4045-bcf3-7ccb8c4179e6,1,1422.567164
2026/02/04/23:43:16,running-time,rs-001455-xqm6c,588df26c-4145-4045-bcf3-7ccb8c4179e6,1,1422.567164
2026/02/04/23:43:16,apply-time,rs-001456-t9cxb,aaed0230-84a5-4b2c-9b86-3153ac50efea,1,1422.567164
2026/02/04/23:43:16,running-time,rs-001456-t9cxb,aaed0230-84a5-4b2c-9b86-3153ac50efea,1,1422.567164
2026/02/04/23:43:16,apply-time,rs-001456-zmssv,26c08c63-bbf2-4acb-8561-f2c2e122ff84,1,1422.567164
2026/02/04/23:43:16,running-time,rs-001456-zmssv,26c08c63-bbf2-4acb-8561-f2c2e122ff84,1,1422.567164
2026/02/04/23:43:16,apply-time,rs-001457-lznzg,65af6b66-3591-4c84-ae46-d6b24a5b0fcc,1,1423.567164
2026/02/04/23:43:16,running-time,rs-001457-lznzg,65af6b66-3591-4c84-ae46-d6b24a5b0fcc,1,1423.567164
2026/02/04/23:43:16,apply-time,rs-001458-f6mdk,1fe66a2e-2984-4441-882f-44d667c5a0bc,1,1423.567164
2026/02/04/23:43:16,running-time,rs-001458-f6mdk,1fe66a2e-2984-4441-882f-44d667c5a0bc,1,1423.567164
2026/02/04/23:43:16,apply-time,rs-001458-zgwdx,24d43e71-58c3-411f-85ed-aef293b19e57,1,1423.567164
2026/02/04/23:43:16,running-time,rs-001458-zgwdx,24d43e71-58c3-411f-85ed-aef293b19e57,1,1423.567164
2026/02/04/23:43:16,apply-time,rs-001459-2jpfw,3769a9b9-2160-466f-a704-55f20f6a276b,1,1423.567164
2026/02/04/23:43:16,running-time,rs-001459-2jpfw,3769a9b9-2160-466f-a704-55f20f6a276b,1,1423.567164
2026/02/04/23:43:16,apply-time,rs-001460-lvzjz,19e64c9c-a935-497c-8519-30fbb5a968a3,1,1423.567164
2026/02/04/23:43:16,running-time,rs-001460-lvzjz,19e64c9c-a935-497c-8519-30fbb5a968a3,1,1423.567164
2026/02/04/23:43:16,apply-time,rs-001461-hgvjn,b6c813a2-c335-4c3c-b65c-c20aa733b2df,1,1423.567164
2026/02/04/23:43:17,apply-time,rs-001461-46q75,e736b4fc-bf9f-4a25-b4cf-ff2085a4ec40,1,1423.567164
2026/02/04/23:43:17,running-time,rs-001461-46q75,e736b4fc-bf9f-4a25-b4cf-ff2085a4ec40,1,1423.567164
2026/02/04/23:43:17,running-time,rs-001461-hgvjn,b6c813a2-c335-4c3c-b65c-c20aa733b2df,1,1423.567164
2026/02/04/23:43:17,apply-time,rs-001461-q68t6,515e1ac9-ba64-4bda-8b6c-81fe9e8fc90b,1,1423.567164
2026/02/04/23:43:17,running-time,rs-001461-q68t6,515e1ac9-ba64-4bda-8b6c-81fe9e8fc90b,1,1424.567164
2026/02/04/23:43:17,apply-time,rs-001462-ktzp4,19b9e148-17ed-4da6-8e59-515adceb3a78,1,1424.567164
2026/02/04/23:43:17,running-time,rs-001462-ktzp4,19b9e148-17ed-4da6-8e59-515adceb3a78,1,1424.567164
2026/02/04/23:43:17,apply-time,rs-001462-lvsvm,ff8b1f5a-9f77-469b-8552-4e8ca697dbc2,1,1424.567164
2026/02/04/23:43:17,running-time,rs-001462-lvsvm,ff8b1f5a-9f77-469b-8552-4e8ca697dbc2,1,1424.567164
2026/02/04/23:43:17,apply-time,rs-001463-jv2r9,e7eb455f-874f-43e4-ba1a-cc200c6a57ba,1,1424.567164
2026/02/04/23:43:17,running-time,rs-001463-jv2r9,e7eb455f-874f-43e4-ba1a-cc200c6a57ba,1,1424.567164
2026/02/04/23:43:17,apply-time,rs-001463-n5kvw,cac8af4b-dab2-49b5-8a24-88da8d82e0c9,1,1424.567164
2026/02/04/23:43:17,running-time,rs-001463-n5kvw,cac8af4b-dab2-49b5-8a24-88da8d82e0c9,1,1424.567164
2026/02/04/23:43:17,apply-time,rs-001463-s4mm5,a61f022a-2c96-4edc-81ce-a2318bca9a08,1,1424.567164
2026/02/04/23:43:17,running-time,rs-001463-s4mm5,a61f022a-2c96-4edc-81ce-a2318bca9a08,1,1424.567164
2026/02/04/23:43:18,apply-time,rs-001464-cll6k,2e934a2a-53a7-476a-9e4f-75d5f38c04dd,1,1424.567164
2026/02/04/23:43:18,running-time,rs-001464-cll6k,2e934a2a-53a7-476a-9e4f-75d5f38c04dd,1,1425.567164
2026/02/04/23:43:18,apply-time,rs-001465-k5n22,1f2a53aa-f9c3-4641-8cbe-ce7743f76565,1,1424.567164
2026/02/04/23:43:18,apply-time,rs-001465-ltlgk,5b2ad594-c145-4d72-b07b-ed79c57dac1b,1,1425.567164
2026/02/04/23:43:18,apply-time,rs-001466-w2nnm,65fe4fea-9c69-41e1-b6c8-b706f1af6da1,1,1424.567164
2026/02/04/23:43:18,running-time,rs-001466-w2nnm,65fe4fea-9c69-41e1-b6c8-b706f1af6da1,1,1424.567164
2026/02/04/23:43:21,running-time,rs-001465-ltlgk,5b2ad594-c145-4d72-b07b-ed79c57dac1b,1,1428.567164
2026/02/04/23:43:21,apply-time,rs-001467-k4vtx,06175df0-915d-43fc-b0ef-6d329a6a1daf,1,1428.567164
2026/02/04/23:43:21,running-time,rs-001467-k4vtx,06175df0-915d-43fc-b0ef-6d329a6a1daf,1,1428.567164
2026/02/04/23:43:21,apply-time,rs-001467-lk9zt,904d9978-1dfc-4073-b737-622e1aa3e77b,1,1428.567164
2026/02/04/23:43:21,running-time,rs-001467-lk9zt,904d9978-1dfc-4073-b737-622e1aa3e77b,1,1428.567164
2026/02/04/23:43:22,apply-time,rs-001468-2zzrd,02f4fa82-347e-491d-8d69-82e30cbe1532,1,1428.567164
2026/02/04/23:43:22,apply-time,rs-001468-rqttx,674844d1-4322-4b8f-ba39-1dbae0443dac,1,1428.567164
2026/02/04/23:43:22,apply-time,rs-001468-zfnhh,bc48e2ac-1236-411c-afbf-7931718de43b,1,1428.567164
2026/02/04/23:43:22,apply-time,rs-001469-q45pc,365a0a1a-62e1-46c4-b39d-97bb6284eac9,1,1428.567164
2026/02/04/23:43:22,running-time,rs-001469-q45pc,365a0a1a-62e1-46c4-b39d-97bb6284eac9,1,1428.567164
2026/02/04/23:43:22,apply-time,rs-001470-76b9f,247a8d09-9341-415d-96d0-2911d2544ca1,1,1428.567164
2026/02/04/23:43:22,running-time,rs-001470-76b9f,247a8d09-9341-415d-96d0-2911d2544ca1,1,1428.567164
2026/02/04/23:43:22,apply-time,rs-001471-ktwrt,79b4f6ac-eecb-41da-8b39-9ba15e1903d9,1,1428.567164
2026/02/04/23:43:22,running-time,rs-001471-ktwrt,79b4f6ac-eecb-41da-8b39-9ba15e1903d9,1,1428.567164
2026/02/04/23:43:22,apply-time,rs-001471-l4vzf,713d4473-0242-406a-8a92-d9683445b9e9,1,1428.567164
2026/02/04/23:43:22,running-time,rs-001471-l4vzf,713d4473-0242-406a-8a92-d9683445b9e9,1,1428.567164
2026/02/04/23:43:22,apply-time,rs-001472-25lrx,e373a85d-6f46-453a-99dd-e631930462f4,1,1429.567164
2026/02/04/23:43:22,running-time,rs-001472-25lrx,e373a85d-6f46-453a-99dd-e631930462f4,1,1429.567164
2026/02/04/23:43:22,apply-time,rs-001472-6cp7b,1a2dc67a-e692-4942-b543-84449e8b34e6,1,1429.567164
2026/02/04/23:43:22,running-time,rs-001472-6cp7b,1a2dc67a-e692-4942-b543-84449e8b34e6,1,1429.567164
2026/02/04/23:43:22,apply-time,rs-001473-b47qj,3d2517cb-ce66-48b8-93a5-a220fe4570c3,1,1429.567164
2026/02/04/23:43:22,running-time,rs-001473-b47qj,3d2517cb-ce66-48b8-93a5-a220fe4570c3,1,1429.567164
2026/02/04/23:43:22,apply-time,rs-001473-rghwg,d802869c-34ed-44ef-af18-2d91a123006b,1,1429.567164
2026/02/04/23:43:22,running-time,rs-001473-rghwg,d802869c-34ed-44ef-af18-2d91a123006b,1,1429.567164
2026/02/04/23:43:22,apply-time,rs-001474-jnv9z,c4e0f012-f347-4494-a69a-504f6b9cc078,1,1429.567164
2026/02/04/23:43:22,apply-time,rs-001475-5fslh,fd7ed135-5204-4cca-86f7-9003c2ebbdb2,1,1429.567164
2026/02/04/23:43:22,running-time,rs-001475-5fslh,fd7ed135-5204-4cca-86f7-9003c2ebbdb2,1,1429.567164
2026/02/04/23:43:22,apply-time,rs-001475-jv9q6,765dfee5-55cc-48b2-a9b2-f4b8d8acbcca,1,1429.567164
2026/02/04/23:43:22,apply-time,rs-001475-tjwlv,68fe2ebc-620a-4720-bbe0-2ec6ceb43746,1,1429.567164
2026/02/04/23:43:24,running-time,rs-001474-jnv9z,c4e0f012-f347-4494-a69a-504f6b9cc078,1,1431.567164
2026/02/04/23:43:24,running-time,rs-001475-jv9q6,765dfee5-55cc-48b2-a9b2-f4b8d8acbcca,1,1431.567164
2026/02/04/23:43:24,apply-time,rs-001476-58f94,0a29fdc0-0ddc-463b-ac04-63dac3563288,1,1430.567164
2026/02/04/23:43:24,apply-time,rs-001477-cxmdg,ab58a950-35ed-43bf-8b28-7cd874ed591b,1,1430.567164
2026/02/04/23:43:24,apply-time,rs-001478-4nmvp,b2245a11-dd7f-4b75-b0c1-2ed2a9758600,1,1431.567164
2026/02/04/23:43:24,running-time,rs-001478-4nmvp,b2245a11-dd7f-4b75-b0c1-2ed2a9758600,1,1431.567164
2026/02/04/23:43:24,apply-time,rs-001478-ltmgs,ee60d7f1-c544-4ccf-86aa-e0c7f43cdd71,1,1431.567164
2026/02/04/23:43:24,apply-time,rs-001479-tjz6t,0ac7c362-6b42-43a2-82fb-a944277621ef,1,1431.567164
2026/02/04/23:43:24,apply-time,rs-001479-zsgb6,27d7666d-60c5-4003-a684-9307df77ee1e,1,1430.567164
2026/02/04/23:43:24,apply-time,rs-001480-s5kms,649d2370-6cc7-4784-8f52-349e5f6d3744,1,1431.567164
2026/02/04/23:43:25,running-time,rs-001476-58f94,0a29fdc0-0ddc-463b-ac04-63dac3563288,1,1432.567164
2026/02/04/23:43:25,running-time,rs-001477-cxmdg,ab58a950-35ed-43bf-8b28-7cd874ed591b,1,1432.567164
2026/02/04/23:43:25,running-time,rs-001478-ltmgs,ee60d7f1-c544-4ccf-86aa-e0c7f43cdd71,1,1432.567164
2026/02/04/23:43:26,running-time,rs-001480-s5kms,649d2370-6cc7-4784-8f52-349e5f6d3744,1,1432.567164
2026/02/04/23:43:32,apply-time,rs-001481-hh8ww,526661bc-a4ae-4bd7-821a-33b236a3d236,1,1439.567164
2026/02/04/23:43:32,running-time,rs-001481-hh8ww,526661bc-a4ae-4bd7-821a-33b236a3d236,1,1439.567164
2026/02/04/23:43:33,apply-time,rs-001482-j9kbk,49230286-ad00-454e-b99b-83165cb78a2b,1,1439.567164
2026/02/04/23:43:33,running-time,rs-001482-j9kbk,49230286-ad00-454e-b99b-83165cb78a2b,1,1439.567164
2026/02/04/23:43:33,apply-time,rs-001482-mpvr2,ad074df6-1a9a-426e-917e-940de7d9bb59,1,1439.567164
2026/02/04/23:43:33,running-time,rs-001482-mpvr2,ad074df6-1a9a-426e-917e-940de7d9bb59,1,1439.567164
2026/02/04/23:43:34,apply-time,rs-001483-9z8l7,1c4c5e41-a40e-4d91-b1ba-a0734cf2fad7,1,1441.567164
2026/02/04/23:43:34,running-time,rs-001483-9z8l7,1c4c5e41-a40e-4d91-b1ba-a0734cf2fad7,1,1441.567164
2026/02/04/23:43:34,apply-time,rs-001483-qfsh8,98b01a3b-bd8a-4896-a6c5-829d32901845,1,1441.567164
2026/02/04/23:43:34,running-time,rs-001483-qfsh8,98b01a3b-bd8a-4896-a6c5-829d32901845,1,1441.567164
2026/02/04/23:43:36,apply-time,rs-001484-6c7c2,eee43d91-54f8-4ec7-9cd4-9191cc52db5c,1,1443.567164
2026/02/04/23:43:36,running-time,rs-001484-6c7c2,eee43d91-54f8-4ec7-9cd4-9191cc52db5c,1,1443.567164
2026/02/04/23:43:36,apply-time,rs-001484-6kqpj,4704234e-de00-4f0d-bf6f-35eadd707f93,1,1443.567164
2026/02/04/23:43:36,running-time,rs-001484-6kqpj,4704234e-de00-4f0d-bf6f-35eadd707f93,1,1443.567164
2026/02/04/23:43:36,apply-time,rs-001485-v2mr6,de8edce0-8748-4342-bd98-eb9b1cf7055c,1,1443.567164
2026/02/04/23:43:36,running-time,rs-001485-v2mr6,de8edce0-8748-4342-bd98-eb9b1cf7055c,1,1443.567164
2026/02/04/23:43:36,apply-time,rs-001486-phnd2,b685a7f3-0782-4698-b414-12b33fc3937c,1,1443.567164
2026/02/04/23:43:36,running-time,rs-001486-phnd2,b685a7f3-0782-4698-b414-12b33fc3937c,1,1443.567164
2026/02/04/23:43:36,apply-time,rs-001486-ts5hb,b451ad79-5fee-4694-9e23-3cc340ddd005,1,1443.567164
2026/02/04/23:43:36,running-time,rs-001486-ts5hb,b451ad79-5fee-4694-9e23-3cc340ddd005,1,1443.567164
2026/02/04/23:43:36,apply-time,rs-001486-x8qr8,87109de9-8b60-4322-bd65-5ab5cc348ad2,1,1443.567164
2026/02/04/23:43:36,running-time,rs-001486-x8qr8,87109de9-8b60-4322-bd65-5ab5cc348ad2,1,1443.567164
2026/02/04/23:43:36,apply-time,rs-001487-d2k4q,22613358-2171-4907-86a6-83908b255003,1,1443.567164
2026/02/04/23:43:36,running-time,rs-001487-d2k4q,22613358-2171-4907-86a6-83908b255003,1,1443.567164
2026/02/04/23:43:36,apply-time,rs-001487-lpwqp,f643a1a8-56ad-44c6-a6d0-57bd451a1779,1,1443.567164
2026/02/04/23:43:36,running-time,rs-001487-lpwqp,f643a1a8-56ad-44c6-a6d0-57bd451a1779,1,1443.567164
2026/02/04/23:43:36,apply-time,rs-001488-wft5j,14d77a86-441e-44da-97fa-183f63d9196d,1,1443.567164
2026/02/04/23:43:36,running-time,rs-001488-wft5j,14d77a86-441e-44da-97fa-183f63d9196d,1,1443.567164
2026/02/04/23:43:36,apply-time,rs-001488-zdr72,62f7708a-dbe0-4ed9-8a28-f4b47da5d389,1,1443.567164
2026/02/04/23:43:36,running-time,rs-001488-zdr72,62f7708a-dbe0-4ed9-8a28-f4b47da5d389,1,1443.567164
2026/02/04/23:43:36,apply-time,rs-001489-r2l2s,527bfc6b-a5a6-412e-a2e3-1c7c4cac5b37,1,1443.567164
2026/02/04/23:43:36,running-time,rs-001489-r2l2s,527bfc6b-a5a6-412e-a2e3-1c7c4cac5b37,1,1443.567164
2026/02/04/23:43:37,apply-time,rs-001489-hlp78,dc6711d6-e030-4fbf-a951-3c60578e55a3,1,1444.567164
2026/02/04/23:43:37,running-time,rs-001489-hlp78,dc6711d6-e030-4fbf-a951-3c60578e55a3,1,1444.567164
2026/02/04/23:43:37,apply-time,rs-001490-d95bb,919ef044-a4e6-436e-888a-23f11942584b,1,1444.567164
2026/02/04/23:43:37,running-time,rs-001490-d95bb,919ef044-a4e6-436e-888a-23f11942584b,1,1444.567164
2026/02/04/23:43:37,apply-time,rs-001490-jkjxr,ac425fc1-0dfa-4679-9373-de274f727b5c,1,1443.567164
2026/02/04/23:43:37,running-time,rs-001490-jkjxr,ac425fc1-0dfa-4679-9373-de274f727b5c,1,1443.567164
2026/02/04/23:43:37,apply-time,rs-001490-l7745,459d91f2-c688-4921-8280-e35438d37eaa,1,1444.567164
2026/02/04/23:43:37,running-time,rs-001490-l7745,459d91f2-c688-4921-8280-e35438d37eaa,1,1444.567164
2026/02/04/23:43:37,apply-time,rs-001491-4gthj,744ca0b5-2d20-4f4b-92f0-d755863be03d,1,1443.567164
2026/02/04/23:43:37,running-time,rs-001491-4gthj,744ca0b5-2d20-4f4b-92f0-d755863be03d,1,1443.567164
2026/02/04/23:43:37,apply-time,rs-001492-8strh,323357eb-f333-42cc-bb05-d9a67567e6f2,1,1444.567164
2026/02/04/23:43:37,running-time,rs-001492-8strh,323357eb-f333-42cc-bb05-d9a67567e6f2,1,1444.567164
2026/02/04/23:43:37,apply-time,rs-001493-ftntk,d2df99bc-0ff7-4d50-91e5-4e4bf9d85a28,1,1444.567164
2026/02/04/23:43:37,running-time,rs-001493-ftntk,d2df99bc-0ff7-4d50-91e5-4e4bf9d85a28,1,1444.567164
2026/02/04/23:43:37,apply-time,rs-001494-hkd2f,5e94de20-762b-46a3-a52b-06506fceeddf,1,1444.567164
2026/02/04/23:43:37,running-time,rs-001494-hkd2f,5e94de20-762b-46a3-a52b-06506fceeddf,1,1444.567164
2026/02/04/23:43:37,apply-time,rs-001495-gm2hp,9e248a49-2883-4efe-aa11-40c119b4a330,1,1444.567164
2026/02/04/23:43:37,apply-time,rs-001496-bcrnb,75e828df-07bf-4f81-8527-be4ccf401341,1,1444.567164
2026/02/04/23:43:37,running-time,rs-001496-bcrnb,75e828df-07bf-4f81-8527-be4ccf401341,1,1444.567164
2026/02/04/23:43:37,apply-time,rs-001498-vwsqf,1a3dc2f9-bad6-41bd-ad57-ff933eccb608,1,1444.567164
2026/02/04/23:43:37,running-time,rs-001498-vwsqf,1a3dc2f9-bad6-41bd-ad57-ff933eccb608,1,1444.567164
2026/02/04/23:43:38,apply-time,rs-001492-w9dxg,b4e3822d-8be9-4d27-83ab-c3b5b185616c,1,1444.567164
2026/02/04/23:43:38,running-time,rs-001492-w9dxg,b4e3822d-8be9-4d27-83ab-c3b5b185616c,1,1444.567164
2026/02/04/23:43:38,apply-time,rs-001496-qrhdx,66922abe-a89f-4b47-bedc-d8b1bfa35e75,1,1445.567164
2026/02/04/23:43:38,running-time,rs-001496-qrhdx,66922abe-a89f-4b47-bedc-d8b1bfa35e75,1,1445.567164
2026/02/04/23:43:38,apply-time,rs-001497-jvplq,f1b98c00-80b0-43d6-be23-6609f7beef33,1,1445.567164
2026/02/04/23:43:38,running-time,rs-001497-jvplq,f1b98c00-80b0-43d6-be23-6609f7beef33,1,1445.567164
2026/02/04/23:43:38,apply-time,rs-001497-n5bb5,373e7037-4881-46ff-aabb-37c2a708766e,1,1445.567164
2026/02/04/23:43:38,running-time,rs-001497-n5bb5,373e7037-4881-46ff-aabb-37c2a708766e,1,1445.567164
2026/02/04/23:43:38,apply-time,rs-001498-5h7ct,4a0e7ce8-33a6-484d-a1d9-336cb27ffdae,1,1445.567164
2026/02/04/23:43:38,running-time,rs-001498-5h7ct,4a0e7ce8-33a6-484d-a1d9-336cb27ffdae,1,1445.567164
2026/02/04/23:43:38,apply-time,rs-001498-8vqqd,00b16aa5-58c4-404c-9b56-6981d608482c,1,1445.567164
2026/02/04/23:43:38,running-time,rs-001498-8vqqd,00b16aa5-58c4-404c-9b56-6981d608482c,1,1445.567164
2026/02/04/23:43:39,apply-time,rs-001499-m44d2,655b7718-865d-4046-a560-828e81c04558,1,1446.567164
2026/02/04/23:43:39,apply-time,rs-001499-rj8mc,6c9a0d16-2c08-4b11-b976-8022b53b80b9,1,1446.567164
2026/02/04/23:43:39,running-time,rs-001499-rj8mc,6c9a0d16-2c08-4b11-b976-8022b53b80b9,1,1446.567164
2026/02/04/23:43:39,apply-time,rs-001500-9cpn8,5f0ce299-7631-4b12-bb14-bfa6657ba5e1,1,1446.567164
2026/02/04/23:43:39,running-time,rs-001500-9cpn8,5f0ce299-7631-4b12-bb14-bfa6657ba5e1,1,1446.567164
2026/02/04/23:43:39,apply-time,rs-001500-p4b9z,8276a40f-4469-4f54-b960-339d29ab834a,1,1446.567164
2026/02/04/23:43:39,running-time,rs-001500-p4b9z,8276a40f-4469-4f54-b960-339d29ab834a,1,1446.567164
2026/02/04/23:43:39,apply-time,rs-001500-q898q,48183745-328d-40ab-9131-25ed3d8833e2,1,1446.567164
2026/02/04/23:43:39,running-time,rs-001500-q898q,48183745-328d-40ab-9131-25ed3d8833e2,1,1446.567164
2026/02/04/23:43:39,apply-time,rs-001501-6v956,220d24e6-7f08-4326-ac5e-5f5c6dee471f,1,1446.567164
2026/02/04/23:43:39,running-time,rs-001501-6v956,220d24e6-7f08-4326-ac5e-5f5c6dee471f,1,1446.567164
2026/02/04/23:43:39,apply-time,rs-001501-whkj9,f6479081-61ec-48cc-b9b2-f761e7c5eacf,1,1446.567164
2026/02/04/23:43:39,running-time,rs-001501-whkj9,f6479081-61ec-48cc-b9b2-f761e7c5eacf,1,1446.567164
2026/02/04/23:43:39,apply-time,rs-001502-62t87,5d06b3c9-2626-4081-9e39-5a73e7570d80,1,1446.567164
2026/02/04/23:43:39,apply-time,rs-001502-kv9jp,de4f8246-0758-40f4-a935-1cd7d17d8b51,1,1446.567164
2026/02/04/23:43:39,running-time,rs-001502-kv9jp,de4f8246-0758-40f4-a935-1cd7d17d8b51,1,1446.567164
2026/02/04/23:43:40,running-time,rs-001499-m44d2,655b7718-865d-4046-a560-828e81c04558,1,1447.567164
2026/02/04/23:43:40,running-time,rs-001502-62t87,5d06b3c9-2626-4081-9e39-5a73e7570d80,1,1447.567164
2026/02/04/23:43:45,apply-time,rs-001503-nt9k2,024c2d9c-7b48-47d9-b8df-1931f91fc98c,1,1452.567164
2026/02/04/23:43:45,running-time,rs-001503-nt9k2,024c2d9c-7b48-47d9-b8df-1931f91fc98c,1,1452.567164
2026/02/04/23:43:45,apply-time,rs-001504-k2tgs,af389f12-4bc4-445d-8532-da81341c7af5,1,1452.567164
2026/02/04/23:43:45,running-time,rs-001504-k2tgs,af389f12-4bc4-445d-8532-da81341c7af5,1,1452.567164
2026/02/04/23:43:45,apply-time,rs-001504-lfbgz,68f4d147-eaa5-49c9-8f79-42186ca41727,1,1452.567164
2026/02/04/23:43:45,running-time,rs-001504-lfbgz,68f4d147-eaa5-49c9-8f79-42186ca41727,1,1452.567164
2026/02/04/23:43:45,apply-time,rs-001504-lg78c,52aa8f48-839d-4721-9738-48cb0604526b,1,1452.567164
2026/02/04/23:43:45,apply-time,rs-001505-cppnd,4727d07d-c498-4799-aceb-a9f9cfb32d55,1,1452.567164
2026/02/04/23:43:45,running-time,rs-001505-cppnd,4727d07d-c498-4799-aceb-a9f9cfb32d55,1,1452.567164
2026/02/04/23:43:45,apply-time,rs-001505-kts94,f543cabb-001c-4de9-bf46-43793fe04b6a,1,1452.567164
2026/02/04/23:43:45,running-time,rs-001505-kts94,f543cabb-001c-4de9-bf46-43793fe04b6a,1,1452.567164
2026/02/04/23:43:45,apply-time,rs-001505-x7pz7,8398d79e-9a68-4c68-95e1-61ba1511e3de,1,1452.567164
2026/02/04/23:43:45,running-time,rs-001505-x7pz7,8398d79e-9a68-4c68-95e1-61ba1511e3de,1,1452.567164
2026/02/04/23:43:45,apply-time,rs-001506-m82sv,970d9d4a-cb3d-456a-b653-e7e68790efce,1,1452.567164
2026/02/04/23:43:45,running-time,rs-001506-m82sv,970d9d4a-cb3d-456a-b653-e7e68790efce,1,1452.567164
2026/02/04/23:43:45,apply-time,rs-001506-pghql,9e1703d7-34c4-4af3-8d43-6ff21517e54d,1,1452.567164
2026/02/04/23:43:45,running-time,rs-001506-pghql,9e1703d7-34c4-4af3-8d43-6ff21517e54d,1,1452.567164
2026/02/04/23:43:45,apply-time,rs-001507-mm9gz,41b358e3-e709-4cbd-92c5-1018d84380b3,1,1452.567164
2026/02/04/23:43:45,running-time,rs-001507-mm9gz,41b358e3-e709-4cbd-92c5-1018d84380b3,1,1452.567164
2026/02/04/23:43:45,apply-time,rs-001507-vkkqc,3c5c8396-6366-4e6b-8a95-37413d762078,1,1452.567164
2026/02/04/23:43:45,running-time,rs-001507-vkkqc,3c5c8396-6366-4e6b-8a95-37413d762078,1,1452.567164
2026/02/04/23:43:48,running-time,rs-001504-lg78c,52aa8f48-839d-4721-9738-48cb0604526b,1,1454.567164
2026/02/04/23:43:54,apply-time,rs-001508-b8dz9,a6890320-2f98-4749-947b-2ecf1a30c75b,1,1461.567164
2026/02/04/23:43:54,running-time,rs-001508-b8dz9,a6890320-2f98-4749-947b-2ecf1a30c75b,1,1461.567164
2026/02/04/23:43:54,apply-time,rs-001508-mrhfl,f1933092-0361-4268-a98f-a08741addaf7,1,1461.567164
2026/02/04/23:43:54,running-time,rs-001508-mrhfl,f1933092-0361-4268-a98f-a08741addaf7,1,1461.567164
2026/02/04/23:43:54,apply-time,rs-001508-wskd5,08775e16-ee96-46ee-a5c5-6fc667cfa6bc,1,1461.567164
2026/02/04/23:43:54,running-time,rs-001508-wskd5,08775e16-ee96-46ee-a5c5-6fc667cfa6bc,1,1461.567164
2026/02/04/23:43:54,apply-time,rs-001509-xn6wh,194f8ff1-3c53-4b5a-baf3-7da5780fd248,1,1461.567164
2026/02/04/23:43:54,running-time,rs-001509-xn6wh,194f8ff1-3c53-4b5a-baf3-7da5780fd248,1,1461.567164
2026/02/04/23:43:54,apply-time,rs-001509-zhl84,f0660e7a-2dc4-4db9-9c0d-9ba5ed786da3,1,1461.567164
2026/02/04/23:43:54,running-time,rs-001509-zhl84,f0660e7a-2dc4-4db9-9c0d-9ba5ed786da3,1,1461.567164
2026/02/04/23:43:55,apply-time,rs-001510-nxc6p,02b7adba-f89e-40ff-a01c-3c0628ab4bf6,1,1462.567164
2026/02/04/23:43:55,running-time,rs-001510-nxc6p,02b7adba-f89e-40ff-a01c-3c0628ab4bf6,1,1462.567164
2026/02/04/23:43:55,apply-time,rs-001511-5j7w9,e4337695-3316-4d87-9535-1445d19c3416,1,1462.567164
2026/02/04/23:43:55,running-time,rs-001511-5j7w9,e4337695-3316-4d87-9535-1445d19c3416,1,1462.567164
2026/02/04/23:43:55,apply-time,rs-001512-d5qbx,e7a6a096-1a04-41b3-a226-a8fb50e1c558,1,1462.567164
2026/02/04/23:43:55,running-time,rs-001512-d5qbx,e7a6a096-1a04-41b3-a226-a8fb50e1c558,1,1462.567164
2026/02/04/23:43:55,apply-time,rs-001512-zbfxr,86266a5d-26aa-458a-983c-a38baecc9b1e,1,1462.567164
2026/02/04/23:43:55,running-time,rs-001512-zbfxr,86266a5d-26aa-458a-983c-a38baecc9b1e,1,1462.567164
2026/02/04/23:43:55,apply-time,rs-001513-2cb6b,1657e407-8bdb-4a36-a65a-ecb5af9fc7f9,1,1462.567164
2026/02/04/23:43:55,running-time,rs-001513-2cb6b,1657e407-8bdb-4a36-a65a-ecb5af9fc7f9,1,1462.567164
2026/02/04/23:43:55,apply-time,rs-001513-rn85l,1faf300e-9a16-4321-a732-147fd5c87ee2,1,1462.567164
2026/02/04/23:43:55,running-time,rs-001513-rn85l,1faf300e-9a16-4321-a732-147fd5c87ee2,1,1462.567164
2026/02/04/23:43:55,apply-time,rs-001513-zsp4q,6ac6a397-abb7-4fcc-a257-98998f093e83,1,1462.567164
2026/02/04/23:43:55,apply-time,rs-001514-vs7df,7748b1d2-6ba0-4568-be3e-253e592706aa,1,1462.567164
2026/02/04/23:43:55,apply-time,rs-001515-5r569,df29f796-657c-4cc1-a898-0daa5d5cacba,1,1462.567164
2026/02/04/23:43:55,running-time,rs-001515-5r569,df29f796-657c-4cc1-a898-0daa5d5cacba,1,1462.567164
2026/02/04/23:43:56,running-time,rs-001513-zsp4q,6ac6a397-abb7-4fcc-a257-98998f093e83,1,1463.567164
2026/02/04/23:43:56,apply-time,rs-001516-nprkj,16aa6183-a804-4804-b89d-e019eb27dc13,1,1463.567164
2026/02/04/23:43:56,running-time,rs-001516-nprkj,16aa6183-a804-4804-b89d-e019eb27dc13,1,1463.567164
2026/02/04/23:43:56,apply-time,rs-001516-szvgr,f9fab7fa-4d39-4394-a21e-1964e43d7055,1,1463.567164
2026/02/04/23:43:56,running-time,rs-001516-szvgr,f9fab7fa-4d39-4394-a21e-1964e43d7055,1,1463.567164
2026/02/04/23:43:56,apply-time,rs-001517-6jvnb,66deb523-b109-4b2e-88d7-501750486176,1,1463.567164
2026/02/04/23:43:56,running-time,rs-001517-6jvnb,66deb523-b109-4b2e-88d7-501750486176,1,1463.567164
2026/02/04/23:43:56,apply-time,rs-001517-f4mdh,f600e0b1-9ea6-4bb6-83ee-4fde275dde45,1,1463.567164
2026/02/04/23:43:56,running-time,rs-001517-f4mdh,f600e0b1-9ea6-4bb6-83ee-4fde275dde45,1,1463.567164
2026/02/04/23:43:56,apply-time,rs-001517-z5x9h,9a756517-394e-47b6-b834-bf1a280a42c8,1,1463.567164
2026/02/04/23:43:56,running-time,rs-001517-z5x9h,9a756517-394e-47b6-b834-bf1a280a42c8,1,1463.567164
2026/02/04/23:43:56,apply-time,rs-001518-bpjpp,6a6993d0-b669-4354-8f03-c735d52ff432,1,1463.567164
2026/02/04/23:43:56,running-time,rs-001518-bpjpp,6a6993d0-b669-4354-8f03-c735d52ff432,1,1463.567164
2026/02/04/23:43:56,apply-time,rs-001518-hpp2v,e973f404-fa6e-4b5a-9cd3-bb1e0aae3239,1,1463.567164
2026/02/04/23:43:56,running-time,rs-001518-hpp2v,e973f404-fa6e-4b5a-9cd3-bb1e0aae3239,1,1463.567164
2026/02/04/23:43:56,apply-time,rs-001519-s6ntk,a4c90363-fb8d-4fbf-b16c-4e04d2140f69,1,1462.567164
2026/02/04/23:43:56,running-time,rs-001519-s6ntk,a4c90363-fb8d-4fbf-b16c-4e04d2140f69,1,1462.567164
2026/02/04/23:43:56,apply-time,rs-001520-7dxsr,abe41eb1-ecf3-4192-9310-76b687413231,1,1463.567164
2026/02/04/23:43:56,apply-time,rs-001520-rklqp,2a150a8f-68a5-45b4-8e51-c81f40e37434,1,1463.567164
2026/02/04/23:43:56,apply-time,rs-001521-npr4c,fc5a9130-80b6-4762-a4c5-c851a8e7282e,1,1463.567164
2026/02/04/23:43:56,running-time,rs-001521-npr4c,fc5a9130-80b6-4762-a4c5-c851a8e7282e,1,1463.567164
2026/02/04/23:43:56,apply-time,rs-001521-q2zcz,1dbe6b4c-3db1-4a10-b1b9-80c67ebe894a,1,1463.567164
2026/02/04/23:43:56,running-time,rs-001521-q2zcz,1dbe6b4c-3db1-4a10-b1b9-80c67ebe894a,1,1463.567164
2026/02/04/23:43:57,running-time,rs-001520-7dxsr,abe41eb1-ecf3-4192-9310-76b687413231,1,1464.567164
2026/02/04/23:43:57,apply-time,rs-001522-b9zlj,c658fa2b-e085-4b92-b9f7-ecadc6933e84,1,1464.567164
2026/02/04/23:43:57,running-time,rs-001522-b9zlj,c658fa2b-e085-4b92-b9f7-ecadc6933e84,1,1464.567164
2026/02/04/23:43:57,apply-time,rs-001522-cqhw4,a0c46fb8-1175-48d0-b13d-c7dfe14027d6,1,1464.567164
2026/02/04/23:43:57,apply-time,rs-001522-t7jdn,c00d64e3-ad11-4390-a5cb-3f9e484eefb0,1,1464.567164
2026/02/04/23:43:57,apply-time,rs-001523-8xcdz,6616b574-ff4d-49bb-a223-0c2dd9991383,1,1464.567164
2026/02/04/23:43:57,running-time,rs-001523-8xcdz,6616b574-ff4d-49bb-a223-0c2dd9991383,1,1464.567164
2026/02/04/23:43:57,apply-time,rs-001523-bstsr,b60c25b4-058b-4c84-b97d-3ac65edd28d0,1,1464.567164
2026/02/04/23:43:57,apply-time,rs-001523-lhg7c,bb834ac0-84e8-486c-9eac-f88440f88095,1,1464.567164
2026/02/04/23:43:57,apply-time,rs-001524-9f7sl,5e94859f-44c0-42ec-a024-927d3c1bcf80,1,1464.567164
2026/02/04/23:43:57,running-time,rs-001524-9f7sl,5e94859f-44c0-42ec-a024-927d3c1bcf80,1,1464.567164
2026/02/04/23:43:57,apply-time,rs-001524-s2nct,8601ef3e-9dab-455a-939e-a5089f0f6036,1,1464.567164
2026/02/04/23:43:57,running-time,rs-001524-s2nct,8601ef3e-9dab-455a-939e-a5089f0f6036,1,1464.567164
2026/02/04/23:43:57,apply-time,rs-001524-vx49k,84aed3f1-2504-4c3c-bfdc-1e52661af809,1,1464.567164
2026/02/04/23:43:57,running-time,rs-001524-vx49k,84aed3f1-2504-4c3c-bfdc-1e52661af809,1,1464.567164
2026/02/04/23:43:58,running-time,rs-001522-cqhw4,a0c46fb8-1175-48d0-b13d-c7dfe14027d6,1,1464.567164
2026/02/04/23:43:58,running-time,rs-001522-t7jdn,c00d64e3-ad11-4390-a5cb-3f9e484eefb0,1,1464.567164
2026/02/04/23:43:58,apply-time,rs-001526-22pl5,e791c0ee-c316-4c57-82dd-069cb5fdce29,1,1465.567164
2026/02/04/23:43:58,apply-time,rs-001526-cxdh2,ccd28004-07e7-4e3d-97bb-28f4322527d3,1,1465.567164
2026/02/04/23:43:58,apply-time,rs-001527-lsh4h,e7a4084e-9c0a-4ab3-b741-526442cfd895,1,1465.567164
2026/02/04/23:43:58,running-time,rs-001527-lsh4h,e7a4084e-9c0a-4ab3-b741-526442cfd895,1,1465.567164
2026/02/04/23:43:58,apply-time,rs-001528-78fjt,f661ce60-3f65-4f8f-993b-b5aff06163b6,1,1465.567164
2026/02/04/23:43:58,running-time,rs-001528-78fjt,f661ce60-3f65-4f8f-993b-b5aff06163b6,1,1465.567164
2026/02/04/23:43:58,apply-time,rs-001528-cpts2,b017f71e-4eaa-4953-8fa0-c508f747c606,1,1465.567164
2026/02/04/23:43:58,running-time,rs-001528-cpts2,b017f71e-4eaa-4953-8fa0-c508f747c606,1,1465.567164
2026/02/04/23:43:58,apply-time,rs-001529-hmtz2,9c2658b8-2884-42e2-be36-edd3c02bcae9,1,1465.567164
2026/02/04/23:43:58,apply-time,rs-001529-n92g6,f66d26a4-cbe4-4c77-97ca-64c010751684,1,1465.567164
2026/02/04/23:43:58,running-time,rs-001529-n92g6,f66d26a4-cbe4-4c77-97ca-64c010751684,1,1465.567164
2026/02/04/23:43:58,apply-time,rs-001530-8nwdx,07288ad0-d413-4d3c-a4e3-5db6cde6f18c,1,1465.567164
2026/02/04/23:43:58,apply-time,rs-001530-gh7ts,fd53d902-f4f5-4a34-8c25-6bdf0a68e985,1,1465.567164
2026/02/04/23:43:59,running-time,rs-001526-22pl5,e791c0ee-c316-4c57-82dd-069cb5fdce29,1,1466.567164
2026/02/04/23:43:59,running-time,rs-001526-cxdh2,ccd28004-07e7-4e3d-97bb-28f4322527d3,1,1466.567164
2026/02/04/23:43:59,running-time,rs-001529-hmtz2,9c2658b8-2884-42e2-be36-edd3c02bcae9,1,1465.567164
2026/02/04/23:43:59,running-time,rs-001530-8nwdx,07288ad0-d413-4d3c-a4e3-5db6cde6f18c,1,1465.567164
2026/02/04/23:43:59,running-time,rs-001530-gh7ts,fd53d902-f4f5-4a34-8c25-6bdf0a68e985,1,1466.567164
2026/02/04/23:43:59,apply-time,rs-001532-95ndz,b62733b0-0a15-4dd8-9af0-0918a59c0408,1,1466.567164
2026/02/04/23:43:59,running-time,rs-001532-95ndz,b62733b0-0a15-4dd8-9af0-0918a59c0408,1,1466.567164
2026/02/04/23:43:59,apply-time,rs-001532-mnkkg,de778d49-a39b-4fb0-b1cc-761aae06f3c0,1,1466.567164
2026/02/04/23:43:59,running-time,rs-001532-mnkkg,de778d49-a39b-4fb0-b1cc-761aae06f3c0,1,1466.567164
2026/02/04/23:43:59,apply-time,rs-001533-qbhwg,7a4210ca-3007-4766-a4ac-8494044c3842,1,1465.567164
2026/02/04/23:43:59,apply-time,rs-001534-qz5j6,ea1ea5c6-8b0a-4a8a-82ff-966d438f3fcd,1,1466.567164
2026/02/04/23:43:59,running-time,rs-001534-qz5j6,ea1ea5c6-8b0a-4a8a-82ff-966d438f3fcd,1,1466.567164
2026/02/04/23:43:59,apply-time,rs-001535-sgbrx,933f34c1-e97c-4600-a57e-19995a04e117,1,1466.567164
2026/02/04/23:43:59,apply-time,rs-001536-rd4j5,abbe2600-1c2a-4235-93e2-03d6a8a48e2d,1,1466.567164
2026/02/04/23:43:59,running-time,rs-001536-rd4j5,abbe2600-1c2a-4235-93e2-03d6a8a48e2d,1,1466.567164
2026/02/04/23:44:00,apply-time,rs-001538-djzdg,75a3faf1-2399-4207-b19f-7b2486927657,1,1467.567164
2026/02/04/23:44:00,running-time,rs-001538-djzdg,75a3faf1-2399-4207-b19f-7b2486927657,1,1467.567164
2026/02/04/23:44:00,apply-time,rs-001538-jjn4t,25bc9fd8-2352-47ce-a0ae-38e3cb2b2efd,1,1467.567164
2026/02/04/23:44:00,apply-time,rs-001538-xhbp7,9c6daf60-4b99-4756-ac8d-820b8aa98154,1,1466.567164
2026/02/04/23:44:00,running-time,rs-001538-xhbp7,9c6daf60-4b99-4756-ac8d-820b8aa98154,1,1467.567164
2026/02/04/23:44:00,apply-time,rs-001540-46r5s,43c3aed3-52b0-47f2-aa32-50e25a8b9f8c,1,1467.567164
2026/02/04/23:44:00,running-time,rs-001540-46r5s,43c3aed3-52b0-47f2-aa32-50e25a8b9f8c,1,1467.567164
2026/02/04/23:44:01,apply-time,rs-001542-f2mjt,0f12e109-d590-4f8a-a85b-b23ebe476de2,1,1468.567164
2026/02/04/23:44:01,apply-time,rs-001542-l4zlx,9379b0fb-e7d0-47bd-80fe-167dc7f55548,1,1468.567164
2026/02/04/23:44:01,apply-time,rs-001542-mkmf6,ab396091-81b3-4bf8-8f44-8fed7ac28689,1,1468.567164
2026/02/04/23:44:02,running-time,rs-001533-qbhwg,7a4210ca-3007-4766-a4ac-8494044c3842,1,1469.567164
2026/02/04/23:44:09,running-time,rs-001520-rklqp,2a150a8f-68a5-45b4-8e51-c81f40e37434,1,1476.567164
2026/02/04/23:44:11,apply-time,rs-001543-7k8nw,7110b4c8-5a4f-43c5-b7cc-93e8a0b5bc19,1,1478.567164
2026/02/04/23:44:11,running-time,rs-001543-7k8nw,7110b4c8-5a4f-43c5-b7cc-93e8a0b5bc19,1,1478.567164
2026/02/04/23:44:11,apply-time,rs-001543-f4p75,bdbaab5a-9851-4b95-918b-4956d6ed587b,1,1478.567164
2026/02/04/23:44:11,running-time,rs-001543-f4p75,bdbaab5a-9851-4b95-918b-4956d6ed587b,1,1478.567164
2026/02/04/23:44:11,apply-time,rs-001544-kv6v5,d993acd3-cc05-4f46-b8d7-9ef2cacade2e,1,1478.567164
2026/02/04/23:44:11,running-time,rs-001544-kv6v5,d993acd3-cc05-4f46-b8d7-9ef2cacade2e,1,1478.567164
2026/02/04/23:44:11,apply-time,rs-001544-l6jvk,4d53e751-cf4c-4d0f-a246-ff14412f8764,1,1478.567164
2026/02/04/23:44:11,running-time,rs-001544-l6jvk,4d53e751-cf4c-4d0f-a246-ff14412f8764,1,1478.567164
2026/02/04/23:44:11,apply-time,rs-001544-xxfmv,85947d91-6a75-4544-a4e8-0d11dbd3a044,1,1478.567164
2026/02/04/23:44:11,running-time,rs-001544-xxfmv,85947d91-6a75-4544-a4e8-0d11dbd3a044,1,1478.567164
2026/02/04/23:44:11,apply-time,rs-001545-x5d4b,7485ce07-bf02-44d0-8d06-a4d6a7b0d37f,1,1478.567164
2026/02/04/23:44:11,running-time,rs-001545-x5d4b,7485ce07-bf02-44d0-8d06-a4d6a7b0d37f,1,1478.567164
2026/02/04/23:44:11,apply-time,rs-001546-ggqfw,18b530ed-8ab3-494f-8ee2-d4ad8d3747ed,1,1478.567164
2026/02/04/23:44:11,running-time,rs-001546-ggqfw,18b530ed-8ab3-494f-8ee2-d4ad8d3747ed,1,1478.567164
2026/02/04/23:44:11,apply-time,rs-001546-r54fg,4dd81913-e3f3-41cf-9dcc-290a2e225a85,1,1478.567164
2026/02/04/23:44:11,running-time,rs-001546-r54fg,4dd81913-e3f3-41cf-9dcc-290a2e225a85,1,1478.567164
2026/02/04/23:44:13,apply-time,rs-001547-hvps5,07180ee5-8f9e-407a-93ca-1cbafda02812,1,1480.567164
2026/02/04/23:44:13,running-time,rs-001547-hvps5,07180ee5-8f9e-407a-93ca-1cbafda02812,1,1480.567164
2026/02/04/23:44:22,apply-time,rs-001548-8kbn4,c56eb90f-4909-400f-b559-ba44efa8a698,1,1489.567164
2026/02/04/23:44:22,running-time,rs-001548-8kbn4,c56eb90f-4909-400f-b559-ba44efa8a698,1,1489.567164
2026/02/04/23:44:22,apply-time,rs-001548-tjd4d,752b8c7b-a764-423c-9b4b-8a0c8a22a886,1,1489.567164
2026/02/04/23:44:22,running-time,rs-001548-tjd4d,752b8c7b-a764-423c-9b4b-8a0c8a22a886,1,1489.567164
2026/02/04/23:44:22,apply-time,rs-001549-fc7sf,a678e76d-602a-4537-9296-6324cdbf7eef,1,1489.567164
2026/02/04/23:44:22,running-time,rs-001549-fc7sf,a678e76d-602a-4537-9296-6324cdbf7eef,1,1489.567164
2026/02/04/23:44:22,apply-time,rs-001549-np9hz,f60b4184-28a8-42e4-ac55-c585a61c73fa,1,1489.567164
2026/02/04/23:44:22,running-time,rs-001549-np9hz,f60b4184-28a8-42e4-ac55-c585a61c73fa,1,1489.567164
2026/02/04/23:44:22,apply-time,rs-001550-57wph,63e8a17b-ece0-4b97-8afd-934eabc17339,1,1489.567164
2026/02/04/23:44:22,running-time,rs-001550-57wph,63e8a17b-ece0-4b97-8afd-934eabc17339,1,1489.567164
2026/02/04/23:44:22,apply-time,rs-001550-l9gwj,59d5a60c-9ad7-4dbb-afff-48debb41d61a,1,1489.567164
2026/02/04/23:44:22,running-time,rs-001550-l9gwj,59d5a60c-9ad7-4dbb-afff-48debb41d61a,1,1489.567164
2026/02/04/23:44:22,apply-time,rs-001551-2qg6s,7f7c916e-969d-4c80-aef4-0f853b138cf8,1,1489.567164
2026/02/04/23:44:22,running-time,rs-001551-2qg6s,7f7c916e-969d-4c80-aef4-0f853b138cf8,1,1489.567164
2026/02/04/23:44:22,apply-time,rs-001551-lbndf,cad1da5f-6506-4a23-aec2-b05bb60d327d,1,1489.567164
2026/02/04/23:44:22,apply-time,rs-001552-dhf9b,13c903e8-9cfe-4bf5-9c27-619bf6f9faf3,1,1489.567164
2026/02/04/23:44:22,running-time,rs-001552-dhf9b,13c903e8-9cfe-4bf5-9c27-619bf6f9faf3,1,1489.567164
2026/02/04/23:44:22,apply-time,rs-001552-dt8rc,d9055beb-6acc-4714-8573-730f5dd10af6,1,1489.567164
2026/02/04/23:44:22,running-time,rs-001552-dt8rc,d9055beb-6acc-4714-8573-730f5dd10af6,1,1489.567164
2026/02/04/23:44:22,apply-time,rs-001553-jzvsg,f4d7c285-8cca-4c4e-a666-be7115aa864a,1,1489.567164
2026/02/04/23:44:22,running-time,rs-001553-jzvsg,f4d7c285-8cca-4c4e-a666-be7115aa864a,1,1489.567164
2026/02/04/23:44:23,apply-time,rs-001554-457qf,539cc8dd-be6d-43b9-80a8-659e304a5486,1,1489.567164
2026/02/04/23:44:23,running-time,rs-001554-457qf,539cc8dd-be6d-43b9-80a8-659e304a5486,1,1489.567164
2026/02/04/23:44:23,apply-time,rs-001554-csw6v,9133db23-6b43-4daf-8443-71f6c88b421b,1,1490.567164
2026/02/04/23:44:23,running-time,rs-001554-csw6v,9133db23-6b43-4daf-8443-71f6c88b421b,1,1490.567164
2026/02/04/23:44:24,apply-time,rs-001555-zsc2b,b86ac3a8-c89d-4316-a491-418e064a3a39,1,1491.567164
2026/02/04/23:44:24,running-time,rs-001555-zsc2b,b86ac3a8-c89d-4316-a491-418e064a3a39,1,1491.567164
2026/02/04/23:44:24,apply-time,rs-001556-b27cp,7ef18328-f115-4751-be78-b1114fc0a160,1,1491.567164
2026/02/04/23:44:24,apply-time,rs-001556-hnqfh,97dbdd00-8af4-452f-b702-f5359287939b,1,1491.567164
2026/02/04/23:44:24,running-time,rs-001556-hnqfh,97dbdd00-8af4-452f-b702-f5359287939b,1,1491.567164
2026/02/04/23:44:24,apply-time,rs-001557-7c5lg,e1e9be68-d22f-4d3c-a45d-8429603afb12,1,1491.567164
2026/02/04/23:44:24,running-time,rs-001557-7c5lg,e1e9be68-d22f-4d3c-a45d-8429603afb12,1,1491.567164
2026/02/04/23:44:24,apply-time,rs-001557-ltfzx,44009e0f-cef6-45e6-bff3-b2a65e2d920e,1,1491.567164
2026/02/04/23:44:24,running-time,rs-001557-ltfzx,44009e0f-cef6-45e6-bff3-b2a65e2d920e,1,1491.567164
2026/02/04/23:44:24,apply-time,rs-001558-7t9qk,077ca097-5f49-41bd-af35-de46e025f90e,1,1491.567164
2026/02/04/23:44:24,apply-time,rs-001559-kkxb8,b764c3cc-2dd3-4043-86bd-c55639b767fa,1,1491.567164
2026/02/04/23:44:24,running-time,rs-001559-kkxb8,b764c3cc-2dd3-4043-86bd-c55639b767fa,1,1491.567164
2026/02/04/23:44:24,apply-time,rs-001560-45lzk,e36359a0-84a4-4dd6-9ece-0e7c8260d273,1,1491.567164
2026/02/04/23:44:24,apply-time,rs-001561-vs9k4,7fbf4cbd-6cdb-4b46-8f08-09d6dfae5b11,1,1491.567164
2026/02/04/23:44:24,running-time,rs-001561-vs9k4,7fbf4cbd-6cdb-4b46-8f08-09d6dfae5b11,1,1491.567164
2026/02/04/23:44:25,running-time,rs-001556-b27cp,7ef18328-f115-4751-be78-b1114fc0a160,1,1492.567164
2026/02/04/23:44:25,running-time,rs-001558-7t9qk,077ca097-5f49-41bd-af35-de46e025f90e,1,1492.567164
2026/02/04/23:44:25,apply-time,rs-001558-nblxj,591b80c9-4e49-4c6e-96c5-edf176f34e37,1,1492.567164
2026/02/04/23:44:25,apply-time,rs-001559-2r2rn,e5e26bd6-d754-4df4-8584-36e1290622cd,1,1491.567164
2026/02/04/23:44:25,apply-time,rs-001559-5fbwl,dee46173-1526-4418-a513-0d919dc2cf0d,1,1491.567164
2026/02/04/23:44:25,running-time,rs-001559-5fbwl,dee46173-1526-4418-a513-0d919dc2cf0d,1,1492.567164
2026/02/04/23:44:25,apply-time,rs-001560-f2pzn,00f6b9e6-7d12-4fc2-9df7-5b03bbb99a5b,1,1492.567164
2026/02/04/23:44:25,apply-time,rs-001560-zdnr6,e6b058d3-3857-4841-b1ea-abde372ce3d2,1,1492.567164
2026/02/04/23:44:25,apply-time,rs-001562-rt7pq,e35d56c9-e71a-4c2d-8046-9dc4f9a4998c,1,1492.567164
2026/02/04/23:44:25,running-time,rs-001562-rt7pq,e35d56c9-e71a-4c2d-8046-9dc4f9a4998c,1,1492.567164
2026/02/04/23:44:25,apply-time,rs-001562-tvlqj,681d07a8-3608-4295-b1fc-f40d6120ec3b,1,1492.567164
2026/02/04/23:44:25,running-time,rs-001562-tvlqj,681d07a8-3608-4295-b1fc-f40d6120ec3b,1,1492.567164
2026/02/04/23:44:25,apply-time,rs-001563-ccftk,ae3c9f77-7d39-4951-920c-6b568c0a81c2,1,1492.567164
2026/02/04/23:44:25,apply-time,rs-001563-cz72k,4a7a6328-ced4-407d-84df-3005ccdc045d,1,1492.567164
2026/02/04/23:44:25,running-time,rs-001563-cz72k,4a7a6328-ced4-407d-84df-3005ccdc045d,1,1492.567164
2026/02/04/23:44:25,apply-time,rs-001564-fxmz9,f29d7578-8872-4aea-a4c5-00f778ab777f,1,1492.567164
2026/02/04/23:44:26,running-time,rs-001558-nblxj,591b80c9-4e49-4c6e-96c5-edf176f34e37,1,1493.567164
2026/02/04/23:44:26,running-time,rs-001559-2r2rn,e5e26bd6-d754-4df4-8584-36e1290622cd,1,1493.567164
2026/02/04/23:44:26,running-time,rs-001563-ccftk,ae3c9f77-7d39-4951-920c-6b568c0a81c2,1,1493.567164
2026/02/04/23:44:26,apply-time,rs-001564-58gvp,7a6f6ab2-5a56-4bd0-884f-8864da42a71e,1,1492.567164
2026/02/04/23:44:26,running-time,rs-001564-58gvp,7a6f6ab2-5a56-4bd0-884f-8864da42a71e,1,1493.567164
2026/02/04/23:44:26,apply-time,rs-001564-kc9p4,9afdd66a-19a9-4359-b95d-8d0ba96fa033,1,1492.567164
2026/02/04/23:44:26,apply-time,rs-001565-74mzj,abb057c5-2b34-40bd-a057-2a5bc6c5a8db,1,1493.567164
2026/02/04/23:44:27,apply-time,rs-001566-kbcbr,10c81730-5052-49bb-86d4-620c5d986dc3,1,1493.567164
2026/02/04/23:44:27,running-time,rs-001566-kbcbr,10c81730-5052-49bb-86d4-620c5d986dc3,1,1494.567164
2026/02/04/23:44:27,apply-time,rs-001567-ccxx2,5cc8ed9a-52d2-42ee-a0dd-2fa6a38fbd92,1,1494.567164
2026/02/04/23:44:27,apply-time,rs-001567-chbtb,4c0d4db2-f7f4-4e32-9527-15803b0b7576,1,1494.567164
2026/02/04/23:44:27,running-time,rs-001567-chbtb,4c0d4db2-f7f4-4e32-9527-15803b0b7576,1,1494.567164
2026/02/04/23:44:27,apply-time,rs-001567-g6l5d,77a92d3a-bcc0-4284-ac0c-216b3b2f790b,1,1494.567164
2026/02/04/23:44:27,running-time,rs-001567-g6l5d,77a92d3a-bcc0-4284-ac0c-216b3b2f790b,1,1494.567164
2026/02/04/23:44:27,apply-time,rs-001568-9hxr4,2acfeaaa-e92f-4f2d-9f0b-eb342d752e0d,1,1493.567164
2026/02/04/23:44:27,running-time,rs-001568-9hxr4,2acfeaaa-e92f-4f2d-9f0b-eb342d752e0d,1,1493.567164
2026/02/04/23:44:28,running-time,rs-001565-74mzj,abb057c5-2b34-40bd-a057-2a5bc6c5a8db,1,1495.567164
2026/02/04/23:44:28,running-time,rs-001567-ccxx2,5cc8ed9a-52d2-42ee-a0dd-2fa6a38fbd92,1,1495.567164
2026/02/04/23:44:29,running-time,rs-001564-fxmz9,f29d7578-8872-4aea-a4c5-00f778ab777f,1,1496.567164
2026/02/04/23:44:31,running-time,rs-001564-kc9p4,9afdd66a-19a9-4359-b95d-8d0ba96fa033,1,1498.567164
2026/02/04/23:44:33,apply-time,rs-001569-d54gl,2de2c4e2-664d-4192-b7f5-daa1c7587221,1,1500.567164
2026/02/04/23:44:33,running-time,rs-001569-d54gl,2de2c4e2-664d-4192-b7f5-daa1c7587221,1,1500.567164
2026/02/04/23:44:33,apply-time,rs-001570-tsxqj,0546e404-9837-450b-8d46-88fced76b87f,1,1500.567164
2026/02/04/23:44:33,running-time,rs-001570-tsxqj,0546e404-9837-450b-8d46-88fced76b87f,1,1500.567164
2026/02/04/23:44:37,apply-time,rs-001571-9zq2c,d2bb5a11-6605-4a63-8839-73d12748a246,1,1504.567164
2026/02/04/23:44:37,apply-time,rs-001571-prk7q,89de53a8-d4cc-441a-a66a-660702ac1280,1,1504.567164
2026/02/04/23:44:37,apply-time,rs-001571-r9lgf,f0182b93-dcac-4812-b006-fa2f9a5f0a2d,1,1504.567164
2026/02/04/23:44:38,running-time,rs-001571-9zq2c,d2bb5a11-6605-4a63-8839-73d12748a246,1,1504.567164
2026/02/04/23:44:38,running-time,rs-001571-prk7q,89de53a8-d4cc-441a-a66a-660702ac1280,1,1504.567164
2026/02/04/23:44:38,running-time,rs-001571-r9lgf,f0182b93-dcac-4812-b006-fa2f9a5f0a2d,1,1505.567164
2026/02/04/23:44:40,running-time,rs-001551-lbndf,cad1da5f-6506-4a23-aec2-b05bb60d327d,1,1507.567164
2026/02/04/23:44:49,apply-time,rs-001572-5jwwq,0ad3784a-40be-4ea4-8044-d5df0a138b8b,1,1516.567164
2026/02/04/23:44:49,running-time,rs-001572-5jwwq,0ad3784a-40be-4ea4-8044-d5df0a138b8b,1,1516.567164
2026/02/04/23:44:49,apply-time,rs-001573-9ksc9,68f46c8d-b1fd-44c7-afee-5d8d35c10793,1,1516.567164
2026/02/04/23:44:49,running-time,rs-001573-9ksc9,68f46c8d-b1fd-44c7-afee-5d8d35c10793,1,1516.567164
2026/02/04/23:44:49,apply-time,rs-001573-m6lpb,34fbb439-1b92-4fa5-a1d8-6aeda18ff0e0,1,1516.567164
2026/02/04/23:44:49,running-time,rs-001573-m6lpb,34fbb439-1b92-4fa5-a1d8-6aeda18ff0e0,1,1516.567164
2026/02/04/23:44:49,apply-time,rs-001573-trctm,60fec05b-cd75-4abf-8e67-dfab99ab045b,1,1516.567164
2026/02/04/23:44:49,running-time,rs-001573-trctm,60fec05b-cd75-4abf-8e67-dfab99ab045b,1,1516.567164
2026/02/04/23:44:49,apply-time,rs-001574-5njrq,435054db-5d15-4210-a236-de497074141f,1,1516.567164
2026/02/04/23:44:49,running-time,rs-001574-5njrq,435054db-5d15-4210-a236-de497074141f,1,1516.567164
2026/02/04/23:44:49,apply-time,rs-001575-tb6xw,2e50d7ff-bb35-419d-b5de-dd2813617e17,1,1516.567164
2026/02/04/23:44:49,running-time,rs-001575-tb6xw,2e50d7ff-bb35-419d-b5de-dd2813617e17,1,1516.567164
2026/02/04/23:44:49,apply-time,rs-001575-vht4l,7bfd97dc-6956-4a59-909c-ad1db012413c,1,1516.567164
2026/02/04/23:44:49,running-time,rs-001575-vht4l,7bfd97dc-6956-4a59-909c-ad1db012413c,1,1516.567164
2026/02/04/23:44:49,apply-time,rs-001575-wzfrv,15daf33c-cb5e-4a8e-a4ea-1a5de835f0da,1,1516.567164
2026/02/04/23:44:49,running-time,rs-001575-wzfrv,15daf33c-cb5e-4a8e-a4ea-1a5de835f0da,1,1516.567164
2026/02/04/23:44:49,apply-time,rs-001576-74bkh,4035416e-23a9-418a-b0a2-aee9149c535b,1,1516.567164
2026/02/04/23:44:49,running-time,rs-001576-74bkh,4035416e-23a9-418a-b0a2-aee9149c535b,1,1516.567164
2026/02/04/23:44:49,apply-time,rs-001576-l6m9b,baa5f16e-82a1-4a74-9834-ee8b3274563e,1,1516.567164
2026/02/04/23:44:49,running-time,rs-001576-l6m9b,baa5f16e-82a1-4a74-9834-ee8b3274563e,1,1516.567164
2026/02/04/23:44:49,apply-time,rs-001576-m8pss,c9a0d7e7-8139-4a77-990f-2c7d71ee5f50,1,1516.567164
2026/02/04/23:44:49,running-time,rs-001576-m8pss,c9a0d7e7-8139-4a77-990f-2c7d71ee5f50,1,1516.567164
2026/02/04/23:44:49,apply-time,rs-001577-gv6f6,a284ab40-add6-4941-a365-e5cb13a48d75,1,1516.567164
2026/02/04/23:44:49,running-time,rs-001577-gv6f6,a284ab40-add6-4941-a365-e5cb13a48d75,1,1516.567164
2026/02/04/23:44:49,apply-time,rs-001578-8jwnw,b1c9adf7-1f5b-45b2-847f-0e8d7c86b830,1,1516.567164
2026/02/04/23:44:49,running-time,rs-001578-8jwnw,b1c9adf7-1f5b-45b2-847f-0e8d7c86b830,1,1516.567164
2026/02/04/23:44:49,apply-time,rs-001578-z5wnf,b53fdaea-a758-4437-80dd-6b30e9ec9a9a,1,1516.567164
2026/02/04/23:44:49,running-time,rs-001578-z5wnf,b53fdaea-a758-4437-80dd-6b30e9ec9a9a,1,1516.567164
2026/02/04/23:44:54,apply-time,rs-001579-bcks7,45a729af-f933-4909-bb15-00c59b569307,1,1521.567164
2026/02/04/23:44:54,running-time,rs-001579-bcks7,45a729af-f933-4909-bb15-00c59b569307,1,1521.567164
2026/02/04/23:44:54,apply-time,rs-001579-gl5sd,bdc2ccd3-2513-4fb1-8fb1-2d38e714b03b,1,1521.567164
2026/02/04/23:44:54,running-time,rs-001579-gl5sd,bdc2ccd3-2513-4fb1-8fb1-2d38e714b03b,1,1521.567164
2026/02/04/23:44:54,apply-time,rs-001580-jnl5j,adceff54-9f2d-4d2f-8777-f9643751e277,1,1521.567164
2026/02/04/23:44:54,running-time,rs-001580-jnl5j,adceff54-9f2d-4d2f-8777-f9643751e277,1,1521.567164
2026/02/04/23:44:54,apply-time,rs-001580-msk9h,760be69f-bb9c-4da3-8cf0-72523a37a2ad,1,1521.567164
2026/02/04/23:44:54,running-time,rs-001580-msk9h,760be69f-bb9c-4da3-8cf0-72523a37a2ad,1,1521.567164
2026/02/04/23:45:06,apply-time,rs-001581-dx8ct,51c66258-4d62-4abd-ae8b-b8bccffebb2d,1,1533.567164
2026/02/04/23:45:06,running-time,rs-001581-dx8ct,51c66258-4d62-4abd-ae8b-b8bccffebb2d,1,1533.567164
2026/02/04/23:45:06,apply-time,rs-001581-tfzxw,2db1e705-eb90-4ba9-981c-adb3c9ebfb76,1,1533.567164
2026/02/04/23:45:06,running-time,rs-001581-tfzxw,2db1e705-eb90-4ba9-981c-adb3c9ebfb76,1,1533.567164
2026/02/04/23:45:07,apply-time,rs-001582-9jt2z,4f981c0e-8f65-4981-beae-8f6a78caf372,1,1534.567164
2026/02/04/23:45:07,running-time,rs-001582-9jt2z,4f981c0e-8f65-4981-beae-8f6a78caf372,1,1534.567164
2026/02/04/23:45:07,apply-time,rs-001582-smpbs,05013e37-a8f3-4803-8e1a-08ecdaa73038,1,1534.567164
2026/02/04/23:45:07,running-time,rs-001582-smpbs,05013e37-a8f3-4803-8e1a-08ecdaa73038,1,1534.567164
2026/02/04/23:45:07,apply-time,rs-001583-cz8dk,d0d515ea-03f2-4c09-a47e-c18f596191c8,1,1534.567164
2026/02/04/23:45:07,running-time,rs-001583-cz8dk,d0d515ea-03f2-4c09-a47e-c18f596191c8,1,1534.567164
2026/02/04/23:45:07,apply-time,rs-001584-ds8b2,c8864c36-f735-4512-b538-60850d96153e,1,1534.567164
2026/02/04/23:45:07,running-time,rs-001584-ds8b2,c8864c36-f735-4512-b538-60850d96153e,1,1534.567164
2026/02/04/23:45:16,apply-time,rs-001585-xpmpj,f51f6bac-0e08-4221-aaed-779aef6a3afd,1,1543.567164
2026/02/04/23:45:16,running-time,rs-001585-xpmpj,f51f6bac-0e08-4221-aaed-779aef6a3afd,1,1543.567164
2026/02/04/23:45:16,apply-time,rs-001586-ph48f,d228a495-3b19-4984-b4a7-ae5e776885dd,1,1543.567164
2026/02/04/23:45:16,running-time,rs-001586-ph48f,d228a495-3b19-4984-b4a7-ae5e776885dd,1,1543.567164
2026/02/04/23:45:16,apply-time,rs-001586-t845h,b719edb7-e397-48a6-b732-1fcc7c8822b2,1,1543.567164
2026/02/04/23:45:16,running-time,rs-001586-t845h,b719edb7-e397-48a6-b732-1fcc7c8822b2,1,1543.567164
2026/02/04/23:45:16,apply-time,rs-001586-trsxj,728526c1-6d59-43ba-b113-1352300f36eb,1,1543.567164
2026/02/04/23:45:16,running-time,rs-001586-trsxj,728526c1-6d59-43ba-b113-1352300f36eb,1,1543.567164
2026/02/04/23:45:16,apply-time,rs-001587-klqsz,e78f896a-ed67-45d0-92ab-c4d61eff820d,1,1543.567164
2026/02/04/23:45:16,running-time,rs-001587-klqsz,e78f896a-ed67-45d0-92ab-c4d61eff820d,1,1543.567164
2026/02/04/23:45:16,apply-time,rs-001588-r9ffn,b1ca9b95-eda4-4eb4-a7d0-3c54d8c468ed,1,1543.567164
2026/02/04/23:45:16,running-time,rs-001588-r9ffn,b1ca9b95-eda4-4eb4-a7d0-3c54d8c468ed,1,1543.567164
2026/02/04/23:45:16,apply-time,rs-001588-rwgb8,ae113004-98da-44b0-8c66-51aba310a3b2,1,1543.567164
2026/02/04/23:45:16,running-time,rs-001588-rwgb8,ae113004-98da-44b0-8c66-51aba310a3b2,1,1543.567164
2026/02/04/23:45:16,apply-time,rs-001588-xbcz6,a19b3a3c-2bc2-44ba-9e91-26c22007a89e,1,1543.567164
2026/02/04/23:45:16,running-time,rs-001588-xbcz6,a19b3a3c-2bc2-44ba-9e91-26c22007a89e,1,1543.567164
2026/02/04/23:45:20,apply-time,rs-001589-jlv4t,237af0a8-ec27-4fb2-ab6b-a4781f03905d,1,1548.567164
2026/02/04/23:45:21,running-time,rs-001589-jlv4t,237af0a8-ec27-4fb2-ab6b-a4781f03905d,1,1548.567164
2026/02/04/23:45:21,apply-time,rs-001589-lgtnm,0e695f1f-2514-4857-a289-cec29d3d5582,1,1548.567164
2026/02/04/23:45:21,running-time,rs-001589-lgtnm,0e695f1f-2514-4857-a289-cec29d3d5582,1,1548.567164
2026/02/04/23:45:21,apply-time,rs-001590-smwqr,c2aeb52f-158c-4e0f-9dbd-e520a9e695c1,1,1548.567164
2026/02/04/23:45:21,running-time,rs-001590-smwqr,c2aeb52f-158c-4e0f-9dbd-e520a9e695c1,1,1548.567164
2026/02/04/23:45:21,apply-time,rs-001591-c9n64,8501c19d-e12e-4a60-8ab4-1492b487e6cf,1,1548.567164
2026/02/04/23:45:21,apply-time,rs-001591-fspg5,5b8c8953-6ed8-428c-9e88-fbb8c9b04e2b,1,1548.567164
2026/02/04/23:45:21,running-time,rs-001591-fspg5,5b8c8953-6ed8-428c-9e88-fbb8c9b04e2b,1,1548.567164
2026/02/04/23:45:21,apply-time,rs-001591-rlcvl,5f6eb27a-7232-4c58-9041-e13ed490e708,1,1548.567164
2026/02/04/23:45:21,apply-time,rs-001592-6f2gq,bc577fab-c240-4d31-8516-b40b9e05ccee,1,1548.567164
2026/02/04/23:45:21,running-time,rs-001592-6f2gq,bc577fab-c240-4d31-8516-b40b9e05ccee,1,1548.567164
2026/02/04/23:45:21,apply-time,rs-001593-7vm8c,90539a9f-6240-4622-abe7-ce9af5f11caf,1,1548.567164
2026/02/04/23:45:21,apply-time,rs-001594-89qb2,c8dce61b-0b39-4cb1-93b6-68596298bd56,1,1548.567164
2026/02/04/23:45:22,running-time,rs-001591-c9n64,8501c19d-e12e-4a60-8ab4-1492b487e6cf,1,1549.567164
2026/02/04/23:45:22,running-time,rs-001591-rlcvl,5f6eb27a-7232-4c58-9041-e13ed490e708,1,1549.567164
2026/02/04/23:45:22,running-time,rs-001593-7vm8c,90539a9f-6240-4622-abe7-ce9af5f11caf,1,1549.567164
2026/02/04/23:45:22,running-time,rs-001594-89qb2,c8dce61b-0b39-4cb1-93b6-68596298bd56,1,1549.567164
2026/02/04/23:45:22,apply-time,rs-001594-gv4z2,3b5d7250-27e0-440a-b933-7bf80753ca61,1,1549.567164
2026/02/04/23:45:22,running-time,rs-001594-gv4z2,3b5d7250-27e0-440a-b933-7bf80753ca61,1,1549.567164
2026/02/04/23:45:22,apply-time,rs-001595-gx6qg,af2a4f8a-c746-4dc0-bcd3-1f4198b3fa83,1,1549.567164
2026/02/04/23:45:22,running-time,rs-001595-gx6qg,af2a4f8a-c746-4dc0-bcd3-1f4198b3fa83,1,1549.567164
2026/02/04/23:45:22,apply-time,rs-001595-wf764,b8432d41-fe27-409e-9ba3-f5c11cad94c7,1,1549.567164
2026/02/04/23:45:22,running-time,rs-001595-wf764,b8432d41-fe27-409e-9ba3-f5c11cad94c7,1,1549.567164
2026/02/04/23:45:22,apply-time,rs-001596-rxd44,b2dcb9d4-dc4a-46bb-b345-e6ec2b5753a7,1,1549.567164
2026/02/04/23:45:22,running-time,rs-001596-rxd44,b2dcb9d4-dc4a-46bb-b345-e6ec2b5753a7,1,1549.567164
2026/02/04/23:45:22,apply-time,rs-001596-snjxg,297ceb2f-5aa1-483c-8723-194bc2317711,1,1549.567164
2026/02/04/23:45:22,running-time,rs-001596-snjxg,297ceb2f-5aa1-483c-8723-194bc2317711,1,1549.567164
2026/02/04/23:45:23,apply-time,rs-001597-dkwx7,13da3ccb-9453-41c1-acd5-4d6c7ac42ccc,1,1550.567164
2026/02/04/23:45:23,running-time,rs-001597-dkwx7,13da3ccb-9453-41c1-acd5-4d6c7ac42ccc,1,1550.567164
2026/02/04/23:45:23,apply-time,rs-001598-cqnph,d3aea43f-b7c1-4746-b480-5d2eb362a9e0,1,1550.567164
2026/02/04/23:45:23,running-time,rs-001598-cqnph,d3aea43f-b7c1-4746-b480-5d2eb362a9e0,1,1550.567164
2026/02/04/23:45:32,apply-time,rs-001599-m4zpx,e4c66c97-853e-4ed8-b5cc-c37f586826e7,1,1559.567164
2026/02/04/23:45:32,running-time,rs-001599-m4zpx,e4c66c97-853e-4ed8-b5cc-c37f586826e7,1,1559.567164
2026/02/04/23:45:32,apply-time,rs-001599-sqnj5,c04b3620-ea62-4287-bdb2-cf913bdd54df,1,1559.567164
2026/02/04/23:45:32,running-time,rs-001599-sqnj5,c04b3620-ea62-4287-bdb2-cf913bdd54df,1,1559.567164
2026/02/04/23:45:33,apply-time,rs-001600-z2zjd,4a07bbc5-9683-44be-8504-ea580d58e2bd,1,1560.567164
2026/02/04/23:45:33,running-time,rs-001600-z2zjd,4a07bbc5-9683-44be-8504-ea580d58e2bd,1,1560.567164
2026/02/04/23:45:33,apply-time,rs-001601-54qqk,232843f8-f96a-4bea-b381-738c0b7e2a51,1,1560.567164
2026/02/04/23:45:33,apply-time,rs-001601-qkdxk,a2e0a60e-55ce-4f98-ba9f-6fecf43fbe35,1,1560.567164
2026/02/04/23:45:33,apply-time,rs-001602-444k5,669c864b-6674-4011-90bf-19b231976d8d,1,1560.567164
2026/02/04/23:45:33,running-time,rs-001602-444k5,669c864b-6674-4011-90bf-19b231976d8d,1,1560.567164
2026/02/04/23:45:33,apply-time,rs-001602-gjq5q,8a4473b9-99a5-48e9-b4a4-d4c652e2ef88,1,1560.567164
2026/02/04/23:45:33,running-time,rs-001602-gjq5q,8a4473b9-99a5-48e9-b4a4-d4c652e2ef88,1,1560.567164
2026/02/04/23:45:33,apply-time,rs-001602-pd697,3d9ad234-39fd-40b7-aeb0-524e04f6776d,1,1560.567164
2026/02/04/23:45:33,running-time,rs-001602-pd697,3d9ad234-39fd-40b7-aeb0-524e04f6776d,1,1560.567164
2026/02/04/23:45:33,apply-time,rs-001603-9rr2w,033eec72-c834-47f6-be95-97133396c8e9,1,1560.567164
2026/02/04/23:45:33,running-time,rs-001603-9rr2w,033eec72-c834-47f6-be95-97133396c8e9,1,1560.567164
2026/02/04/23:45:33,apply-time,rs-001603-hwkx9,8493f936-7d8f-4072-a2ab-e31766594aeb,1,1560.567164
2026/02/04/23:45:33,running-time,rs-001603-hwkx9,8493f936-7d8f-4072-a2ab-e31766594aeb,1,1560.567164
2026/02/04/23:45:33,apply-time,rs-001603-nvtgc,011f8243-4bd6-44a5-aa6a-677dd56fd76c,1,1560.567164
2026/02/04/23:45:33,running-time,rs-001603-nvtgc,011f8243-4bd6-44a5-aa6a-677dd56fd76c,1,1560.567164
2026/02/04/23:45:34,apply-time,rs-001604-ldmkc,6d76a743-f316-4a76-8373-bfc25901394b,1,1561.567164
2026/02/04/23:45:34,running-time,rs-001604-ldmkc,6d76a743-f316-4a76-8373-bfc25901394b,1,1561.567164
2026/02/04/23:45:35,apply-time,rs-001605-gm9v2,0becfd40-1895-4418-9a1b-046d06d5dcca,1,1562.567164
2026/02/04/23:45:35,running-time,rs-001605-gm9v2,0becfd40-1895-4418-9a1b-046d06d5dcca,1,1562.567164
2026/02/04/23:45:35,apply-time,rs-001605-j7twj,9f623477-c800-4b5b-92b4-c323f60a9771,1,1562.567164
2026/02/04/23:45:35,running-time,rs-001605-j7twj,9f623477-c800-4b5b-92b4-c323f60a9771,1,1562.567164
2026/02/04/23:45:35,apply-time,rs-001605-stjvz,cfa8825b-6944-4450-80fa-ec8efbc9c7e3,1,1562.567164
2026/02/04/23:45:35,running-time,rs-001605-stjvz,cfa8825b-6944-4450-80fa-ec8efbc9c7e3,1,1562.567164
2026/02/04/23:45:36,apply-time,rs-001606-x6btk,0b767212-690b-428f-84dc-71b59535fdc8,1,1563.567164
2026/02/04/23:45:36,running-time,rs-001606-x6btk,0b767212-690b-428f-84dc-71b59535fdc8,1,1563.567164
2026/02/04/23:45:36,apply-time,rs-001607-dkhvg,752a073a-ebea-4304-a8cb-4b4b825a1bcc,1,1563.567164
2026/02/04/23:45:36,running-time,rs-001607-dkhvg,752a073a-ebea-4304-a8cb-4b4b825a1bcc,1,1563.567164
2026/02/04/23:45:36,apply-time,rs-001607-hc2xb,2f360db9-b017-445c-a377-9323b5fc01df,1,1563.567164
2026/02/04/23:45:36,running-time,rs-001607-hc2xb,2f360db9-b017-445c-a377-9323b5fc01df,1,1563.567164
2026/02/04/23:45:36,apply-time,rs-001608-7bg2c,e6fb7b16-bb40-407a-9b8a-9f40709c96f3,1,1563.567164
2026/02/04/23:45:36,apply-time,rs-001608-8dbjc,7506a109-bba1-4ec8-b40c-24c1de43149c,1,1563.567164
2026/02/04/23:45:36,apply-time,rs-001608-tmm7h,e23fccdc-3e26-4cbf-8b14-3eb9398bfdd6,1,1563.567164
2026/02/04/23:45:36,running-time,rs-001608-tmm7h,e23fccdc-3e26-4cbf-8b14-3eb9398bfdd6,1,1563.567164
2026/02/04/23:45:36,apply-time,rs-001609-lqxms,72748bd4-bf45-4384-bf36-df83611016b8,1,1563.567164
2026/02/04/23:45:36,running-time,rs-001609-lqxms,72748bd4-bf45-4384-bf36-df83611016b8,1,1563.567164
2026/02/04/23:45:36,apply-time,rs-001609-nmjwb,93980c42-f4d9-46d3-b977-6f1e21bfe71c,1,1563.567164
2026/02/04/23:45:36,running-time,rs-001609-nmjwb,93980c42-f4d9-46d3-b977-6f1e21bfe71c,1,1563.567164
2026/02/04/23:45:36,apply-time,rs-001609-pcngw,d15a8d67-f30a-4dd0-aad4-bb577366e587,1,1563.567164
2026/02/04/23:45:36,running-time,rs-001609-pcngw,d15a8d67-f30a-4dd0-aad4-bb577366e587,1,1563.567164
2026/02/04/23:45:38,running-time,rs-001608-7bg2c,e6fb7b16-bb40-407a-9b8a-9f40709c96f3,1,1564.567164
2026/02/04/23:45:38,running-time,rs-001608-8dbjc,7506a109-bba1-4ec8-b40c-24c1de43149c,1,1564.567164
2026/02/04/23:45:43,apply-time,rs-001610-srjkc,10703789-2c4e-4fca-acc4-96931222ccd8,1,1569.567164
2026/02/04/23:45:43,running-time,rs-001610-srjkc,10703789-2c4e-4fca-acc4-96931222ccd8,1,1569.567164
2026/02/04/23:45:43,apply-time,rs-001611-ctjd7,f3787220-f751-42eb-9c3b-817c0e2a3ab1,1,1569.567164
2026/02/04/23:45:43,running-time,rs-001611-ctjd7,f3787220-f751-42eb-9c3b-817c0e2a3ab1,1,1569.567164
2026/02/04/23:45:43,apply-time,rs-001612-5w4vm,977144b1-dad0-4921-8588-be40b5ceccb4,1,1569.567164
2026/02/04/23:45:43,running-time,rs-001612-5w4vm,977144b1-dad0-4921-8588-be40b5ceccb4,1,1569.567164
2026/02/04/23:45:43,apply-time,rs-001612-nr554,6f9cadb0-5ffb-442a-a113-d75e1b0c03ff,1,1569.567164
2026/02/04/23:45:43,running-time,rs-001612-nr554,6f9cadb0-5ffb-442a-a113-d75e1b0c03ff,1,1569.567164
2026/02/04/23:45:43,apply-time,rs-001612-z6rts,70e78310-7d77-4301-ae75-b3ad2cde3e13,1,1569.567164
2026/02/04/23:45:43,running-time,rs-001612-z6rts,70e78310-7d77-4301-ae75-b3ad2cde3e13,1,1569.567164
2026/02/04/23:45:46,apply-time,rs-001613-5q6nz,dcf39536-30e5-4ef9-a8ec-3b258ac19a81,1,1572.567164
2026/02/04/23:45:46,running-time,rs-001613-5q6nz,dcf39536-30e5-4ef9-a8ec-3b258ac19a81,1,1572.567164
2026/02/04/23:45:46,apply-time,rs-001613-w9hlh,0d9151c5-7115-4415-b6f3-af528f79c46c,1,1572.567164
2026/02/04/23:45:46,running-time,rs-001613-w9hlh,0d9151c5-7115-4415-b6f3-af528f79c46c,1,1572.567164
2026/02/04/23:45:46,apply-time,rs-001614-x8dl4,370f5aae-e045-4704-adcd-b4608153ebcc,1,1572.567164
2026/02/04/23:45:46,running-time,rs-001614-x8dl4,370f5aae-e045-4704-adcd-b4608153ebcc,1,1572.567164
2026/02/04/23:45:46,apply-time,rs-001615-79v49,9fffdfe3-457a-41ec-b205-4db5130ac381,1,1572.567164
2026/02/04/23:45:46,apply-time,rs-001615-87q7h,8ed781b9-dbcd-4531-b7c3-5516fc9200d0,1,1572.567164
2026/02/04/23:45:46,apply-time,rs-001615-hgmhd,11693683-1fad-4143-9a9e-1c7e9d49131f,1,1572.567164
2026/02/04/23:45:46,apply-time,rs-001616-4mqsh,02228e33-01d9-4375-bdf3-670270997d38,1,1572.567164
2026/02/04/23:45:46,apply-time,rs-001616-55zk4,e1ca767f-a5b5-4356-bfa3-e29696656178,1,1572.567164
2026/02/04/23:45:46,running-time,rs-001616-55zk4,e1ca767f-a5b5-4356-bfa3-e29696656178,1,1572.567164
2026/02/04/23:45:46,apply-time,rs-001616-qz8pq,0b1b63d9-57bc-492b-822f-d1e628a28bb4,1,1572.567164
2026/02/04/23:45:46,running-time,rs-001616-qz8pq,0b1b63d9-57bc-492b-822f-d1e628a28bb4,1,1572.567164
2026/02/04/23:45:46,apply-time,rs-001617-jxksv,6d3fcb53-0791-43a5-8400-7e4ddb4205f5,1,1572.567164
2026/02/04/23:45:46,running-time,rs-001617-jxksv,6d3fcb53-0791-43a5-8400-7e4ddb4205f5,1,1572.567164
2026/02/04/23:45:47,apply-time,rs-001618-bw9qc,d3e3a7c5-9629-4a71-b220-45306b05e13e,1,1573.567164
2026/02/04/23:45:47,running-time,rs-001618-bw9qc,d3e3a7c5-9629-4a71-b220-45306b05e13e,1,1573.567164
2026/02/04/23:45:47,apply-time,rs-001619-tllf5,c7a5b434-f67e-4902-bd67-269e1d5c2258,1,1573.567164
2026/02/04/23:45:47,running-time,rs-001619-tllf5,c7a5b434-f67e-4902-bd67-269e1d5c2258,1,1573.567164
2026/02/04/23:45:47,apply-time,rs-001619-xtnsj,da74553d-861e-4e78-b5a2-7c4e548acdfc,1,1573.567164
2026/02/04/23:45:47,running-time,rs-001619-xtnsj,da74553d-861e-4e78-b5a2-7c4e548acdfc,1,1573.567164
2026/02/04/23:45:47,apply-time,rs-001620-p4s5p,b7f006fc-b885-494f-9e35-e5b869b37d52,1,1573.567164
2026/02/04/23:45:47,running-time,rs-001620-p4s5p,b7f006fc-b885-494f-9e35-e5b869b37d52,1,1573.567164
2026/02/04/23:45:47,apply-time,rs-001620-q5ksh,d0cae3ac-f07c-4bed-baec-eb0c1cff46b9,1,1573.567164
2026/02/04/23:45:47,running-time,rs-001620-q5ksh,d0cae3ac-f07c-4bed-baec-eb0c1cff46b9,1,1573.567164
2026/02/04/23:45:47,apply-time,rs-001621-54tnc,3db54e2f-95ad-4230-baab-1284f89d9e1c,1,1573.567164
2026/02/04/23:45:47,running-time,rs-001621-54tnc,3db54e2f-95ad-4230-baab-1284f89d9e1c,1,1573.567164
2026/02/04/23:45:48,running-time,rs-001615-79v49,9fffdfe3-457a-41ec-b205-4db5130ac381,1,1574.567164
2026/02/04/23:45:48,apply-time,rs-001622-svvlv,fc869bc6-fcf9-49d3-b334-f2f69ffe4f3a,1,1574.567164
2026/02/04/23:45:48,apply-time,rs-001623-gwcw6,29f14bf0-2235-487c-a17b-3703ff4bfa96,1,1574.567164
2026/02/04/23:45:48,running-time,rs-001623-gwcw6,29f14bf0-2235-487c-a17b-3703ff4bfa96,1,1574.567164
2026/02/04/23:45:48,apply-time,rs-001624-qgxpg,7f8ab168-4781-4521-8f65-9b48e67fef4f,1,1574.567164
2026/02/04/23:45:48,running-time,rs-001624-qgxpg,7f8ab168-4781-4521-8f65-9b48e67fef4f,1,1574.567164
2026/02/04/23:45:48,apply-time,rs-001625-xq26c,8e8f98c7-5a29-4364-b03e-f788de724395,1,1574.567164
2026/02/04/23:45:48,running-time,rs-001625-xq26c,8e8f98c7-5a29-4364-b03e-f788de724395,1,1574.567164
2026/02/04/23:45:48,apply-time,rs-001626-xzmww,bdaacfeb-a977-4b7c-b9d9-cc266c81a2c5,1,1574.567164
2026/02/04/23:45:49,running-time,rs-001622-svvlv,fc869bc6-fcf9-49d3-b334-f2f69ffe4f3a,1,1575.567164
2026/02/04/23:45:49,apply-time,rs-001624-4gmpf,0933cb7c-ef8f-4d78-b664-3696b8aa0124,1,1575.567164
2026/02/04/23:45:49,running-time,rs-001624-4gmpf,0933cb7c-ef8f-4d78-b664-3696b8aa0124,1,1575.567164
2026/02/04/23:45:49,apply-time,rs-001624-nkkkt,f7d3062b-832a-44e3-91dd-499267d05fa9,1,1575.567164
2026/02/04/23:45:49,running-time,rs-001624-nkkkt,f7d3062b-832a-44e3-91dd-499267d05fa9,1,1575.567164
2026/02/04/23:45:50,running-time,rs-001626-xzmww,bdaacfeb-a977-4b7c-b9d9-cc266c81a2c5,1,1576.567164
2026/02/04/23:45:53,running-time,rs-001616-4mqsh,02228e33-01d9-4375-bdf3-670270997d38,1,1579.567164
2026/02/04/23:45:55,apply-time,rs-001627-8kpgm,7213807b-4831-4adf-96a0-9d66b9c1d27c,1,1581.567164
2026/02/04/23:45:55,running-time,rs-001627-8kpgm,7213807b-4831-4adf-96a0-9d66b9c1d27c,1,1581.567164
2026/02/04/23:45:55,apply-time,rs-001627-hts7m,20eadcb6-79e6-4c98-b14d-dd7071ac3b38,1,1581.567164
2026/02/04/23:45:55,running-time,rs-001627-hts7m,20eadcb6-79e6-4c98-b14d-dd7071ac3b38,1,1581.567164
2026/02/04/23:45:55,apply-time,rs-001628-jnhfl,ce7a0c58-67e2-42de-ab8b-74024fbf57bf,1,1581.567164
2026/02/04/23:45:55,running-time,rs-001628-jnhfl,ce7a0c58-67e2-42de-ab8b-74024fbf57bf,1,1581.567164
2026/02/04/23:45:55,apply-time,rs-001629-6csgj,48e92c9f-046d-49ee-9acf-2c0cf0ac2c44,1,1581.567164
2026/02/04/23:45:55,running-time,rs-001629-6csgj,48e92c9f-046d-49ee-9acf-2c0cf0ac2c44,1,1581.567164
2026/02/04/23:45:55,apply-time,rs-001629-sbvd2,ca8acc98-650c-4937-ab27-281b0a414444,1,1581.567164
2026/02/04/23:45:55,running-time,rs-001629-sbvd2,ca8acc98-650c-4937-ab27-281b0a414444,1,1581.567164
2026/02/04/23:46:01,running-time,rs-001615-87q7h,8ed781b9-dbcd-4531-b7c3-5516fc9200d0,1,1587.567164
2026/02/04/23:46:02,running-time,rs-001615-hgmhd,11693683-1fad-4143-9a9e-1c7e9d49131f,1,1588.567164
2026/02/04/23:46:03,apply-time,rs-001630-psxv8,69c718fa-c5d6-4c8d-a06c-8bb2c0071568,1,1589.567164
2026/02/04/23:46:03,running-time,rs-001630-psxv8,69c718fa-c5d6-4c8d-a06c-8bb2c0071568,1,1589.567164
2026/02/04/23:46:06,apply-time,rs-001631-cz4xd,dcf51148-fa6e-42b3-8b65-6c8273ae70e5,1,1592.567164
2026/02/04/23:46:06,running-time,rs-001631-cz4xd,dcf51148-fa6e-42b3-8b65-6c8273ae70e5,1,1592.567164
2026/02/04/23:46:14,apply-time,rs-001632-5gmrc,1c1dfcc9-d9a8-42c4-8a70-3d0d25de77b5,1,1600.567164
2026/02/04/23:46:14,running-time,rs-001632-5gmrc,1c1dfcc9-d9a8-42c4-8a70-3d0d25de77b5,1,1600.567164
2026/02/04/23:46:14,apply-time,rs-001632-gpjwv,290b05b3-8cd9-46ed-83b6-a4543eb2b173,1,1600.567164
2026/02/04/23:46:14,running-time,rs-001632-gpjwv,290b05b3-8cd9-46ed-83b6-a4543eb2b173,1,1600.567164
2026/02/04/23:46:14,apply-time,rs-001632-rd7p2,39cf7d34-0143-4253-b24c-e833ccb947de,1,1600.567164
2026/02/04/23:46:14,running-time,rs-001632-rd7p2,39cf7d34-0143-4253-b24c-e833ccb947de,1,1600.567164
2026/02/04/23:46:14,apply-time,rs-001633-rtbcm,428bc16b-f9c3-4f90-990f-a1f4b0dca5bb,1,1600.567164
2026/02/04/23:46:14,running-time,rs-001633-rtbcm,428bc16b-f9c3-4f90-990f-a1f4b0dca5bb,1,1600.567164
2026/02/04/23:46:15,apply-time,rs-001634-h8hzr,ca3beebd-e4a6-40b1-b8c7-b952bb1cdcf7,1,1601.567164
2026/02/04/23:46:15,running-time,rs-001634-h8hzr,ca3beebd-e4a6-40b1-b8c7-b952bb1cdcf7,1,1601.567164
2026/02/04/23:46:15,apply-time,rs-001634-pmc97,2bc956fc-6ed2-4e3b-9c00-d108abad0c2d,1,1601.567164
2026/02/04/23:46:15,running-time,rs-001634-pmc97,2bc956fc-6ed2-4e3b-9c00-d108abad0c2d,1,1601.567164
2026/02/04/23:46:15,apply-time,rs-001634-q44ms,615f4fb9-3d64-411a-851d-7b96852f73f8,1,1601.567164
2026/02/04/23:46:15,running-time,rs-001634-q44ms,615f4fb9-3d64-411a-851d-7b96852f73f8,1,1601.567164
2026/02/04/23:46:15,apply-time,rs-001635-knpcw,7a951c5f-a693-4503-9419-18a2506a79cf,1,1602.567164
2026/02/04/23:46:15,running-time,rs-001635-knpcw,7a951c5f-a693-4503-9419-18a2506a79cf,1,1602.567164
2026/02/04/23:46:15,apply-time,rs-001635-nhbqh,1c94f4d0-f8ac-42ed-bf3a-18d820cf6d74,1,1602.567164
2026/02/04/23:46:15,running-time,rs-001635-nhbqh,1c94f4d0-f8ac-42ed-bf3a-18d820cf6d74,1,1602.567164
2026/02/04/23:46:15,apply-time,rs-001635-p2bqf,bfc3fa56-3931-4499-8575-88e306603514,1,1602.567164
2026/02/04/23:46:15,running-time,rs-001635-p2bqf,bfc3fa56-3931-4499-8575-88e306603514,1,1602.567164
2026/02/04/23:46:15,apply-time,rs-001636-4llwn,19d82446-bc00-4422-840b-fa93254f24de,1,1602.567164
2026/02/04/23:46:15,running-time,rs-001636-4llwn,19d82446-bc00-4422-840b-fa93254f24de,1,1602.567164
2026/02/04/23:46:15,apply-time,rs-001636-z2f2b,952af351-c5b8-4bf0-8c23-f2f7daffc686,1,1602.567164
2026/02/04/23:46:15,running-time,rs-001636-z2f2b,952af351-c5b8-4bf0-8c23-f2f7daffc686,1,1602.567164
2026/02/04/23:46:15,apply-time,rs-001636-zkjj8,5ed8bfed-6119-41d4-a580-fc1fb466c0a9,1,1602.567164
2026/02/04/23:46:15,running-time,rs-001636-zkjj8,5ed8bfed-6119-41d4-a580-fc1fb466c0a9,1,1602.567164
2026/02/04/23:46:16,apply-time,rs-001637-v96bx,8ae60e04-25f5-4350-875b-d0cb81388b2f,1,1602.567164
2026/02/04/23:46:16,running-time,rs-001637-v96bx,8ae60e04-25f5-4350-875b-d0cb81388b2f,1,1602.567164
2026/02/04/23:46:16,apply-time,rs-001638-7ddzw,38215f37-a8ac-4d83-b54a-9e4ec7d6fb04,1,1602.567164
2026/02/04/23:46:16,running-time,rs-001638-7ddzw,38215f37-a8ac-4d83-b54a-9e4ec7d6fb04,1,1602.567164
2026/02/04/23:46:16,apply-time,rs-001638-jlghb,a48f5c5c-5703-48a6-b58c-4add02337996,1,1602.567164
2026/02/04/23:46:16,running-time,rs-001638-jlghb,a48f5c5c-5703-48a6-b58c-4add02337996,1,1602.567164
2026/02/04/23:46:16,apply-time,rs-001638-tbnj2,0b289264-4aa7-4ae1-bd26-24e9454ba265,1,1602.567164
2026/02/04/23:46:16,running-time,rs-001638-tbnj2,0b289264-4aa7-4ae1-bd26-24e9454ba265,1,1602.567164
2026/02/04/23:46:16,apply-time,rs-001639-6drd6,4ceebcf1-23d5-41de-8898-f193eb5d4eed,1,1602.567164
2026/02/04/23:46:16,running-time,rs-001639-6drd6,4ceebcf1-23d5-41de-8898-f193eb5d4eed,1,1602.567164
2026/02/04/23:46:22,apply-time,rs-001640-qx9pt,3fc07987-7c75-41b3-9241-852fcf7a7936,1,1609.567164
2026/02/04/23:46:22,running-time,rs-001640-qx9pt,3fc07987-7c75-41b3-9241-852fcf7a7936,1,1609.567164
2026/02/04/23:46:22,apply-time,rs-001640-z24jc,63c64a1b-e6cf-4f45-81c7-ec51c0817d5a,1,1609.567164
2026/02/04/23:46:22,running-time,rs-001640-z24jc,63c64a1b-e6cf-4f45-81c7-ec51c0817d5a,1,1609.567164
2026/02/04/23:46:28,apply-time,rs-001641-v7bc5,231ba780-178e-4a24-8a45-2b1d587bc391,1,1614.567164
2026/02/04/23:46:28,running-time,rs-001641-v7bc5,231ba780-178e-4a24-8a45-2b1d587bc391,1,1614.567164
2026/02/04/23:46:37,apply-time,rs-001642-fdm5k,b595e5ca-9a5e-4cb3-a10c-dc0c5f2626c3,1,1623.567164
2026/02/04/23:46:37,running-time,rs-001642-fdm5k,b595e5ca-9a5e-4cb3-a10c-dc0c5f2626c3,1,1623.567164
2026/02/04/23:46:37,apply-time,rs-001642-mjg8d,9d4f4dc5-6682-4269-92fd-5820daf09e0f,1,1623.567164
2026/02/04/23:46:37,running-time,rs-001642-mjg8d,9d4f4dc5-6682-4269-92fd-5820daf09e0f,1,1623.567164
2026/02/04/23:46:37,apply-time,rs-001643-5dsqq,86fa1715-8d85-40a6-afcc-e2111ffb10c7,1,1623.567164
2026/02/04/23:46:37,running-time,rs-001643-5dsqq,86fa1715-8d85-40a6-afcc-e2111ffb10c7,1,1623.567164
2026/02/04/23:46:37,apply-time,rs-001643-r6c9p,4ef88435-078b-49ca-ac2b-67420017734d,1,1623.567164
2026/02/04/23:46:37,running-time,rs-001643-r6c9p,4ef88435-078b-49ca-ac2b-67420017734d,1,1623.567164
2026/02/04/23:46:37,apply-time,rs-001644-tdt97,25be77ab-e77c-4a19-b401-84332517d73b,1,1623.567164
2026/02/04/23:46:37,running-time,rs-001644-tdt97,25be77ab-e77c-4a19-b401-84332517d73b,1,1623.567164
2026/02/04/23:46:37,apply-time,rs-001645-7nnhl,f7218ec6-49e6-418f-9cae-ad2bbe7b7974,1,1623.567164
2026/02/04/23:46:37,running-time,rs-001645-7nnhl,f7218ec6-49e6-418f-9cae-ad2bbe7b7974,1,1623.567164
2026/02/04/23:46:37,apply-time,rs-001645-n8pn4,b2105ddd-167b-4a44-93eb-3de3c86a9ca5,1,1623.567164
2026/02/04/23:46:37,running-time,rs-001645-n8pn4,b2105ddd-167b-4a44-93eb-3de3c86a9ca5,1,1623.567164
2026/02/04/23:46:37,apply-time,rs-001646-g8wzz,12891ede-1b96-4276-b3a3-6d5aeac7d8e1,1,1623.567164
2026/02/04/23:46:37,running-time,rs-001646-g8wzz,12891ede-1b96-4276-b3a3-6d5aeac7d8e1,1,1623.567164
2026/02/04/23:46:38,apply-time,rs-001647-4gmvn,fe175994-8309-4e7e-bc07-8c8766c001d9,1,1624.567164
2026/02/04/23:46:38,running-time,rs-001647-4gmvn,fe175994-8309-4e7e-bc07-8c8766c001d9,1,1624.567164
2026/02/04/23:46:38,apply-time,rs-001647-shzxn,9e2d709a-3707-4f20-801c-e512abcaef26,1,1624.567164
2026/02/04/23:46:38,running-time,rs-001647-shzxn,9e2d709a-3707-4f20-801c-e512abcaef26,1,1624.567164
2026/02/04/23:46:38,apply-time,rs-001647-x27dr,a3a4811d-a61c-42bf-b10c-5420998ec623,1,1624.567164
2026/02/04/23:46:38,running-time,rs-001647-x27dr,a3a4811d-a61c-42bf-b10c-5420998ec623,1,1624.567164
2026/02/04/23:46:38,apply-time,rs-001648-cq6jd,7dc11e71-70a8-492d-b975-70f7d82b59e9,1,1624.567164
2026/02/04/23:46:38,running-time,rs-001648-cq6jd,7dc11e71-70a8-492d-b975-70f7d82b59e9,1,1624.567164
2026/02/04/23:46:38,apply-time,rs-001649-bd5p9,266b0753-38ac-4bde-8b67-4eb6b7af4bed,1,1624.567164
2026/02/04/23:46:38,running-time,rs-001649-bd5p9,266b0753-38ac-4bde-8b67-4eb6b7af4bed,1,1624.567164
2026/02/04/23:46:38,apply-time,rs-001649-m62qs,140c8ef0-0505-45ca-a059-39d267a0a5c6,1,1624.567164
2026/02/04/23:46:38,running-time,rs-001649-m62qs,140c8ef0-0505-45ca-a059-39d267a0a5c6,1,1624.567164
2026/02/04/23:46:38,apply-time,rs-001650-t5frr,fa1b69c3-288a-433f-9efd-5d179d900250,1,1624.567164
2026/02/04/23:46:38,running-time,rs-001650-t5frr,fa1b69c3-288a-433f-9efd-5d179d900250,1,1624.567164
2026/02/04/23:46:38,apply-time,rs-001651-442rl,f71e2e30-aed6-475a-9fbf-68d26951f416,1,1624.567164
2026/02/04/23:46:38,running-time,rs-001651-442rl,f71e2e30-aed6-475a-9fbf-68d26951f416,1,1625.567164
2026/02/04/23:46:38,apply-time,rs-001651-h4nzm,9ffb0f3b-b0b4-46d4-a76c-4d80a5f0628d,1,1625.567164
2026/02/04/23:46:39,running-time,rs-001651-h4nzm,9ffb0f3b-b0b4-46d4-a76c-4d80a5f0628d,1,1625.567164
2026/02/04/23:46:39,apply-time,rs-001651-k5q7s,917b6fbe-3dbe-4e03-9873-5d44ca95ea32,1,1625.567164
2026/02/04/23:46:39,running-time,rs-001651-k5q7s,917b6fbe-3dbe-4e03-9873-5d44ca95ea32,1,1625.567164
2026/02/04/23:46:39,apply-time,rs-001652-4g82f,e4150fd7-4942-4e26-8273-24e7a13c4977,1,1625.567164
2026/02/04/23:46:39,running-time,rs-001652-4g82f,e4150fd7-4942-4e26-8273-24e7a13c4977,1,1625.567164
2026/02/04/23:46:39,apply-time,rs-001652-mm4gx,f68396e9-07b9-4b51-9ec3-d1938d7febfc,1,1625.567164
2026/02/04/23:46:39,running-time,rs-001652-mm4gx,f68396e9-07b9-4b51-9ec3-d1938d7febfc,1,1626.567164
2026/02/04/23:46:39,apply-time,rs-001653-frnh9,d2031c6a-108f-4f0a-91dd-12a6fcac5c67,1,1625.567164
2026/02/04/23:46:39,running-time,rs-001653-frnh9,d2031c6a-108f-4f0a-91dd-12a6fcac5c67,1,1625.567164
2026/02/04/23:46:39,apply-time,rs-001653-rqxdz,67f316e7-3092-4f0e-970e-a0697642dcac,1,1625.567164
2026/02/04/23:46:39,running-time,rs-001653-rqxdz,67f316e7-3092-4f0e-970e-a0697642dcac,1,1625.567164
2026/02/04/23:46:39,apply-time,rs-001653-v8b6k,f0f5b52b-644a-4770-8cff-6e6f7d191358,1,1625.567164
2026/02/04/23:46:39,running-time,rs-001653-v8b6k,f0f5b52b-644a-4770-8cff-6e6f7d191358,1,1625.567164
2026/02/04/23:46:39,apply-time,rs-001654-5gpx6,8b159f80-6bad-436c-97b4-0f87bfd6d36c,1,1625.567164
2026/02/04/23:46:39,running-time,rs-001654-5gpx6,8b159f80-6bad-436c-97b4-0f87bfd6d36c,1,1625.567164
2026/02/04/23:46:39,apply-time,rs-001654-7kvln,20894357-87ea-4030-aa5b-dffbb5de6f71,1,1625.567164
2026/02/04/23:46:39,running-time,rs-001654-7kvln,20894357-87ea-4030-aa5b-dffbb5de6f71,1,1625.567164
2026/02/04/23:46:39,apply-time,rs-001654-tqw9s,62f3dca5-fbb4-469f-91ac-c8865dd3b2d0,1,1625.567164
2026/02/04/23:46:39,running-time,rs-001654-tqw9s,62f3dca5-fbb4-469f-91ac-c8865dd3b2d0,1,1625.567164
2026/02/04/23:46:43,apply-time,rs-001655-qtnzd,d9c113fc-a058-4a3c-ad6c-ad44d10d8942,1,1629.567164
2026/02/04/23:46:43,running-time,rs-001655-qtnzd,d9c113fc-a058-4a3c-ad6c-ad44d10d8942,1,1629.567164
2026/02/04/23:46:43,apply-time,rs-001655-xc722,6b61f8d6-7e8c-41e4-9d68-427eb936f1b7,1,1629.567164
2026/02/04/23:46:43,running-time,rs-001655-xc722,6b61f8d6-7e8c-41e4-9d68-427eb936f1b7,1,1629.567164
2026/02/04/23:46:43,apply-time,rs-001656-6wzkj,aeb59721-a371-4d50-bfeb-ac2e9b5ec0af,1,1629.567164
2026/02/04/23:46:43,running-time,rs-001656-6wzkj,aeb59721-a371-4d50-bfeb-ac2e9b5ec0af,1,1629.567164
2026/02/04/23:46:43,apply-time,rs-001657-rc9dg,1f9608e4-13c9-45f6-ba0c-ec9f3bf7e516,1,1629.567164
2026/02/04/23:46:43,running-time,rs-001657-rc9dg,1f9608e4-13c9-45f6-ba0c-ec9f3bf7e516,1,1629.567164
2026/02/04/23:46:43,apply-time,rs-001657-rrkbs,b2e93ab8-181c-494e-8622-7629ad4e1378,1,1629.567164
2026/02/04/23:46:43,running-time,rs-001657-rrkbs,b2e93ab8-181c-494e-8622-7629ad4e1378,1,1629.567164
2026/02/04/23:46:43,apply-time,rs-001657-slrr7,ef4cbd36-7ac1-4d91-9f2e-55cf6470aca9,1,1629.567164
2026/02/04/23:46:43,running-time,rs-001657-slrr7,ef4cbd36-7ac1-4d91-9f2e-55cf6470aca9,1,1629.567164
2026/02/04/23:46:43,apply-time,rs-001658-hdmzz,4959bc3a-9389-4e03-bc23-cd1da7b8f8c3,1,1630.567164
2026/02/04/23:46:43,running-time,rs-001658-hdmzz,4959bc3a-9389-4e03-bc23-cd1da7b8f8c3,1,1630.567164
2026/02/04/23:46:43,apply-time,rs-001658-xhgj6,9a156fce-83fb-473f-a79a-2227eb4bb03f,1,1630.567164
2026/02/04/23:46:43,running-time,rs-001658-xhgj6,9a156fce-83fb-473f-a79a-2227eb4bb03f,1,1630.567164
2026/02/04/23:46:43,apply-time,rs-001659-84cnm,880283fe-b9ae-4263-8373-64e0cc43da11,1,1630.567164
2026/02/04/23:46:43,running-time,rs-001659-84cnm,880283fe-b9ae-4263-8373-64e0cc43da11,1,1630.567164
2026/02/04/23:46:43,apply-time,rs-001659-pdtnc,81f58910-920b-4373-a7bc-8a03ed4bc2b1,1,1630.567164
2026/02/04/23:46:43,running-time,rs-001659-pdtnc,81f58910-920b-4373-a7bc-8a03ed4bc2b1,1,1630.567164
2026/02/04/23:46:43,apply-time,rs-001659-wl5wr,9dea18f6-7743-4de4-8442-5c3dfccf010e,1,1630.567164
2026/02/04/23:46:43,running-time,rs-001659-wl5wr,9dea18f6-7743-4de4-8442-5c3dfccf010e,1,1630.567164
2026/02/04/23:46:46,apply-time,rs-001660-8jgz6,2c5ec8f4-b9be-43ab-9d95-54b6ec71007b,1,1632.567164
2026/02/04/23:46:46,running-time,rs-001660-8jgz6,2c5ec8f4-b9be-43ab-9d95-54b6ec71007b,1,1632.567164
2026/02/04/23:46:47,apply-time,rs-001661-snt6w,3476c563-1941-47c1-95d5-9fd591789b60,1,1634.567164
2026/02/04/23:46:47,running-time,rs-001661-snt6w,3476c563-1941-47c1-95d5-9fd591789b60,1,1634.567164
2026/02/04/23:46:47,apply-time,rs-001661-t5s2d,f09fcf4a-328e-438a-9443-77685411ad69,1,1634.567164
2026/02/04/23:46:47,running-time,rs-001661-t5s2d,f09fcf4a-328e-438a-9443-77685411ad69,1,1634.567164
2026/02/04/23:46:47,apply-time,rs-001662-slrh8,69f0d06b-d0a6-43b6-a36d-dbf062e341b9,1,1634.567164
2026/02/04/23:46:47,running-time,rs-001662-slrh8,69f0d06b-d0a6-43b6-a36d-dbf062e341b9,1,1634.567164
2026/02/04/23:46:47,apply-time,rs-001663-z4lnm,ca5832bd-b612-4468-b255-d2a51490a1ea,1,1634.567164
2026/02/04/23:46:47,running-time,rs-001663-z4lnm,ca5832bd-b612-4468-b255-d2a51490a1ea,1,1634.567164
2026/02/04/23:46:47,apply-time,rs-001664-k27xc,32ba45b1-cf56-413c-9cd8-ff1f39e6a949,1,1634.567164
2026/02/04/23:46:47,running-time,rs-001664-k27xc,32ba45b1-cf56-413c-9cd8-ff1f39e6a949,1,1634.567164
2026/02/04/23:46:47,apply-time,rs-001664-kqbql,6f94e4fd-7700-47c9-b8e1-68f7aa7da986,1,1634.567164
2026/02/04/23:46:47,running-time,rs-001664-kqbql,6f94e4fd-7700-47c9-b8e1-68f7aa7da986,1,1634.567164
2026/02/04/23:46:47,apply-time,rs-001665-gvx22,1cadd40d-2cd1-4065-8be3-010bd4e51c29,1,1634.567164
2026/02/04/23:46:47,running-time,rs-001665-gvx22,1cadd40d-2cd1-4065-8be3-010bd4e51c29,1,1634.567164
2026/02/04/23:46:47,apply-time,rs-001665-mj8z4,ad217f64-07ee-4ded-99b9-f125df91416b,1,1634.567164
2026/02/04/23:46:47,running-time,rs-001665-mj8z4,ad217f64-07ee-4ded-99b9-f125df91416b,1,1634.567164
2026/02/04/23:46:47,apply-time,rs-001665-mv5mg,117b506b-4f6f-4768-966b-3a1f1725aa7d,1,1634.567164
2026/02/04/23:46:47,running-time,rs-001665-mv5mg,117b506b-4f6f-4768-966b-3a1f1725aa7d,1,1634.567164
2026/02/04/23:46:48,apply-time,rs-001666-djlhq,a2e2fb56-9f96-4950-8fd0-abd6441221da,1,1634.567164
2026/02/04/23:46:48,running-time,rs-001666-djlhq,a2e2fb56-9f96-4950-8fd0-abd6441221da,1,1634.567164
2026/02/04/23:46:48,apply-time,rs-001666-s6n7z,5fbdb055-31b6-48f8-a8f5-99af8982149a,1,1634.567164
2026/02/04/23:46:48,running-time,rs-001666-s6n7z,5fbdb055-31b6-48f8-a8f5-99af8982149a,1,1634.567164
2026/02/04/23:46:48,apply-time,rs-001666-zkg8h,a1db492e-7508-4cc0-998c-09ae6c21e3a7,1,1634.567164
2026/02/04/23:46:48,running-time,rs-001666-zkg8h,a1db492e-7508-4cc0-998c-09ae6c21e3a7,1,1634.567164
2026/02/04/23:46:48,apply-time,rs-001667-92wjx,512d6eca-582f-4ce9-905c-d9d055c8249a,1,1634.567164
2026/02/04/23:46:48,running-time,rs-001667-92wjx,512d6eca-582f-4ce9-905c-d9d055c8249a,1,1635.567164
2026/02/04/23:46:48,apply-time,rs-001668-r4dww,c6443070-b6ce-434b-8dda-8c39f4dc8376,1,1635.567164
2026/02/04/23:46:48,running-time,rs-001668-r4dww,c6443070-b6ce-434b-8dda-8c39f4dc8376,1,1635.567164
2026/02/04/23:46:48,apply-time,rs-001669-p5bnm,9c7297c8-e2f8-4935-b6f6-0436f54eff3d,1,1635.567164
2026/02/04/23:46:48,running-time,rs-001669-p5bnm,9c7297c8-e2f8-4935-b6f6-0436f54eff3d,1,1635.567164
2026/02/04/23:46:49,apply-time,rs-001668-rq7gd,ef3938c3-0b81-4759-b9b0-ccc8d30157c7,1,1635.567164
2026/02/04/23:46:49,apply-time,rs-001669-42phr,2860a936-3dd4-4715-8de7-2d83cefc8e5f,1,1635.567164
2026/02/04/23:46:49,running-time,rs-001669-42phr,2860a936-3dd4-4715-8de7-2d83cefc8e5f,1,1635.567164
2026/02/04/23:46:49,apply-time,rs-001670-95frw,4fa19eaa-3fdb-40b4-8313-87f55a70a208,1,1635.567164
2026/02/04/23:46:49,running-time,rs-001670-95frw,4fa19eaa-3fdb-40b4-8313-87f55a70a208,1,1635.567164
2026/02/04/23:46:49,apply-time,rs-001671-7jqg6,d6ec7231-0f33-4ad1-a3be-a701b7ac4f07,1,1635.567164
2026/02/04/23:46:49,running-time,rs-001671-7jqg6,d6ec7231-0f33-4ad1-a3be-a701b7ac4f07,1,1635.567164
2026/02/04/23:46:49,apply-time,rs-001671-kw8vl,3dd53fbe-1f88-4e00-996f-44f810f6a0e9,1,1635.567164
2026/02/04/23:46:49,running-time,rs-001671-kw8vl,3dd53fbe-1f88-4e00-996f-44f810f6a0e9,1,1635.567164
2026/02/04/23:46:49,apply-time,rs-001672-s2kxs,1297f992-663f-4b01-bec3-16936a36b20d,1,1635.567164
2026/02/04/23:46:49,running-time,rs-001672-s2kxs,1297f992-663f-4b01-bec3-16936a36b20d,1,1635.567164
2026/02/04/23:46:49,apply-time,rs-001673-j4vtf,98ca5313-e532-497a-8ebd-bee142476356,1,1636.567164
2026/02/04/23:46:49,apply-time,rs-001674-cw8d4,f7f45259-ca0f-431f-a9dd-870b836b7b10,1,1636.567164
2026/02/04/23:46:49,apply-time,rs-001675-252fz,298751d9-05da-4eba-b0fb-32ec3db572ed,1,1636.567164
2026/02/04/23:46:49,running-time,rs-001675-252fz,298751d9-05da-4eba-b0fb-32ec3db572ed,1,1636.567164
2026/02/04/23:46:50,apply-time,rs-001673-5xjq8,fe7b1d14-f0ba-47e7-8ac5-0fe2dd9b2471,1,1636.567164
2026/02/04/23:46:50,running-time,rs-001673-5xjq8,fe7b1d14-f0ba-47e7-8ac5-0fe2dd9b2471,1,1636.567164
2026/02/04/23:46:50,apply-time,rs-001673-9bp9d,90b3935b-659a-4995-8407-d7dc4f0b2424,1,1636.567164
2026/02/04/23:46:50,running-time,rs-001673-j4vtf,98ca5313-e532-497a-8ebd-bee142476356,1,1636.567164
2026/02/04/23:46:50,running-time,rs-001674-cw8d4,f7f45259-ca0f-431f-a9dd-870b836b7b10,1,1636.567164
2026/02/04/23:46:50,apply-time,rs-001675-vmvp7,39f91ebb-93f6-45e1-baab-f52bf9c20003,1,1636.567164
2026/02/04/23:46:50,apply-time,rs-001676-4s9mk,074e3f35-2580-4fa1-bac9-19776dff362e,1,1637.567164
2026/02/04/23:46:50,apply-time,rs-001676-pswww,d62d4881-0fe5-4814-99c4-48ccf9e6e185,1,1636.567164
2026/02/04/23:46:50,running-time,rs-001676-pswww,d62d4881-0fe5-4814-99c4-48ccf9e6e185,1,1636.567164
2026/02/04/23:46:50,apply-time,rs-001677-sqtfc,655b0609-8a46-4501-933c-53097554bdb8,1,1636.567164
2026/02/04/23:46:50,running-time,rs-001677-sqtfc,655b0609-8a46-4501-933c-53097554bdb8,1,1636.567164
2026/02/04/23:46:50,apply-time,rs-001677-sxpj4,7a7fcb05-db84-4374-ac9e-e86b343d38b1,1,1637.567164
2026/02/04/23:46:50,apply-time,rs-001678-w7mwh,37034b5f-3949-413c-ae25-2a7383f613f3,1,1637.567164
2026/02/04/23:46:50,running-time,rs-001678-w7mwh,37034b5f-3949-413c-ae25-2a7383f613f3,1,1637.567164
2026/02/04/23:46:50,apply-time,rs-001680-ddnc2,0ce1a685-d991-4742-b3cd-6ff392cfcbc1,1,1637.567164
2026/02/04/23:46:50,running-time,rs-001680-ddnc2,0ce1a685-d991-4742-b3cd-6ff392cfcbc1,1,1637.567164
2026/02/04/23:46:51,running-time,rs-001676-4s9mk,074e3f35-2580-4fa1-bac9-19776dff362e,1,1637.567164
2026/02/04/23:46:51,running-time,rs-001677-sxpj4,7a7fcb05-db84-4374-ac9e-e86b343d38b1,1,1637.567164
2026/02/04/23:46:51,apply-time,rs-001678-4bwmx,490454a5-761e-4d8d-b862-8489d28f4b69,1,1637.567164
2026/02/04/23:46:51,running-time,rs-001678-4bwmx,490454a5-761e-4d8d-b862-8489d28f4b69,1,1637.567164
2026/02/04/23:46:51,apply-time,rs-001679-42kwx,6c738f9f-8033-4215-aad4-aab6261899f7,1,1637.567164
2026/02/04/23:46:51,running-time,rs-001679-42kwx,6c738f9f-8033-4215-aad4-aab6261899f7,1,1637.567164
2026/02/04/23:46:51,apply-time,rs-001679-4hdff,7c679d23-7837-4bda-8dcc-134826b803b0,1,1637.567164
2026/02/04/23:46:51,running-time,rs-001679-4hdff,7c679d23-7837-4bda-8dcc-134826b803b0,1,1637.567164
2026/02/04/23:46:51,apply-time,rs-001681-4gf9w,68abe18c-0418-4b05-87e2-23403c31d89f,1,1637.567164
2026/02/04/23:46:51,running-time,rs-001681-4gf9w,68abe18c-0418-4b05-87e2-23403c31d89f,1,1637.567164
2026/02/04/23:46:51,apply-time,rs-001682-5gvlb,1a6a905c-cb11-4544-9eee-0c76e1bb3ee4,1,1637.567164
2026/02/04/23:46:51,running-time,rs-001682-5gvlb,1a6a905c-cb11-4544-9eee-0c76e1bb3ee4,1,1637.567164
2026/02/04/23:46:51,apply-time,rs-001682-hsr7l,159b5f71-49b5-4eff-8667-2943ac081a96,1,1638.567164
2026/02/04/23:46:51,running-time,rs-001682-hsr7l,159b5f71-49b5-4eff-8667-2943ac081a96,1,1638.567164
2026/02/04/23:46:51,apply-time,rs-001683-9dq5c,0bd81a62-bb4b-4fe8-a971-0c7e71cf6503,1,1637.567164
2026/02/04/23:46:51,running-time,rs-001683-9dq5c,0bd81a62-bb4b-4fe8-a971-0c7e71cf6503,1,1637.567164
2026/02/04/23:46:51,apply-time,rs-001684-gvvbj,074caa51-aa05-41d9-b421-027219750898,1,1637.567164
2026/02/04/23:46:51,running-time,rs-001684-gvvbj,074caa51-aa05-41d9-b421-027219750898,1,1637.567164
2026/02/04/23:46:51,apply-time,rs-001685-ghxnz,ba6d63ed-edc6-4046-886f-8f87ce3103a0,1,1638.567164
2026/02/04/23:46:52,running-time,rs-001673-9bp9d,90b3935b-659a-4995-8407-d7dc4f0b2424,1,1638.567164
2026/02/04/23:46:52,apply-time,rs-001684-zq82v,1c9957ab-32dc-4faf-bf32-9103cb6d0842,1,1638.567164
2026/02/04/23:46:52,running-time,rs-001684-zq82v,1c9957ab-32dc-4faf-bf32-9103cb6d0842,1,1638.567164
2026/02/04/23:46:52,running-time,rs-001685-ghxnz,ba6d63ed-edc6-4046-886f-8f87ce3103a0,1,1638.567164
2026/02/04/23:46:52,apply-time,rs-001686-2kt7x,17296830-6c51-4a5d-88f1-5ccf5a945e20,1,1638.567164
2026/02/04/23:46:52,running-time,rs-001686-2kt7x,17296830-6c51-4a5d-88f1-5ccf5a945e20,1,1638.567164
2026/02/04/23:46:52,apply-time,rs-001687-bfj4g,852dece7-56a1-4fd5-a831-a7c08aec2f96,1,1638.567164
2026/02/04/23:46:52,running-time,rs-001687-bfj4g,852dece7-56a1-4fd5-a831-a7c08aec2f96,1,1638.567164
2026/02/04/23:46:52,apply-time,rs-001687-px9jl,11e10a8a-3c66-49b6-a9fe-1cb64266ee83,1,1638.567164
2026/02/04/23:46:52,running-time,rs-001687-px9jl,11e10a8a-3c66-49b6-a9fe-1cb64266ee83,1,1638.567164
2026/02/04/23:46:52,apply-time,rs-001688-6bsbw,0b65cd3f-d81b-4192-8996-a5ab02255050,1,1638.567164
2026/02/04/23:46:52,running-time,rs-001688-6bsbw,0b65cd3f-d81b-4192-8996-a5ab02255050,1,1638.567164
2026/02/04/23:46:54,apply-time,rs-001689-j2jgs,cc1bbb45-fa2d-4dac-80c5-f3bcb1dc3533,1,1640.567164
2026/02/04/23:46:54,running-time,rs-001689-j2jgs,cc1bbb45-fa2d-4dac-80c5-f3bcb1dc3533,1,1640.567164
2026/02/04/23:46:55,apply-time,rs-001690-2fb8w,436d232f-e8b7-485f-9899-8fea2ab674cb,1,1641.567164
2026/02/04/23:46:55,running-time,rs-001690-2fb8w,436d232f-e8b7-485f-9899-8fea2ab674cb,1,1641.567164
2026/02/04/23:46:55,apply-time,rs-001690-rbpp5,80b82a07-1b6a-4a42-a3ab-f53d0b8d360b,1,1641.567164
2026/02/04/23:46:55,running-time,rs-001690-rbpp5,80b82a07-1b6a-4a42-a3ab-f53d0b8d360b,1,1641.567164
2026/02/04/23:46:55,apply-time,rs-001691-45p2s,149a9201-2795-4aad-9956-2fcd2f376b6f,1,1641.567164
2026/02/04/23:46:55,apply-time,rs-001691-pxvkp,e505ae82-6d27-4a01-bdc9-1369de1dc83a,1,1641.567164
2026/02/04/23:46:55,apply-time,rs-001692-2k9f9,ec09d962-9dc9-4949-a370-b0c49f9e679d,1,1641.567164
2026/02/04/23:46:55,running-time,rs-001692-2k9f9,ec09d962-9dc9-4949-a370-b0c49f9e679d,1,1641.567164
2026/02/04/23:46:55,apply-time,rs-001692-67v6t,39b33931-52be-4de4-affc-f0b84f3bc539,1,1641.567164
2026/02/04/23:46:55,running-time,rs-001692-67v6t,39b33931-52be-4de4-affc-f0b84f3bc539,1,1641.567164
2026/02/04/23:46:55,apply-time,rs-001692-lfdzc,f6572daf-e621-476c-a670-523e6a6c1ea9,1,1641.567164
2026/02/04/23:46:55,running-time,rs-001692-lfdzc,f6572daf-e621-476c-a670-523e6a6c1ea9,1,1642.567164
2026/02/04/23:46:55,apply-time,rs-001693-6qs8h,b1353771-7be9-45be-8e5a-1915fb512a92,1,1641.567164
2026/02/04/23:46:58,running-time,rs-001691-45p2s,149a9201-2795-4aad-9956-2fcd2f376b6f,1,1644.567164
2026/02/04/23:46:58,running-time,rs-001691-pxvkp,e505ae82-6d27-4a01-bdc9-1369de1dc83a,1,1644.567164
2026/02/04/23:46:59,apply-time,rs-001694-5kl4m,c5d40469-7cb1-4fae-bd32-e73435010f3c,1,1645.567164
2026/02/04/23:46:59,running-time,rs-001694-5kl4m,c5d40469-7cb1-4fae-bd32-e73435010f3c,1,1645.567164
2026/02/04/23:46:59,apply-time,rs-001694-g6qv4,c50fb891-304b-4723-bcae-1777d5b07b50,1,1645.567164
2026/02/04/23:46:59,running-time,rs-001694-g6qv4,c50fb891-304b-4723-bcae-1777d5b07b50,1,1645.567164
2026/02/04/23:46:59,apply-time,rs-001694-tlqdf,1d20195c-4317-4186-abc3-16a333f9b843,1,1645.567164
2026/02/04/23:46:59,running-time,rs-001694-tlqdf,1d20195c-4317-4186-abc3-16a333f9b843,1,1645.567164
2026/02/04/23:46:59,apply-time,rs-001695-sfszd,ae60dbeb-804c-457f-8569-0bba9a370b08,1,1645.567164
2026/02/04/23:46:59,running-time,rs-001695-sfszd,ae60dbeb-804c-457f-8569-0bba9a370b08,1,1645.567164
2026/02/04/23:46:59,apply-time,rs-001695-vcztb,e2f75c67-55e0-4acc-a4fa-f4c508f8cac2,1,1645.567164
2026/02/04/23:46:59,running-time,rs-001695-vcztb,e2f75c67-55e0-4acc-a4fa-f4c508f8cac2,1,1645.567164
2026/02/04/23:46:59,apply-time,rs-001696-5nsg6,42c17a75-5476-4113-805b-82662b30d2f7,1,1645.567164
2026/02/04/23:46:59,running-time,rs-001696-5nsg6,42c17a75-5476-4113-805b-82662b30d2f7,1,1645.567164
2026/02/04/23:46:59,apply-time,rs-001696-69vj7,3d4f5075-3662-4026-b24a-e556aa49085b,1,1645.567164
2026/02/04/23:46:59,running-time,rs-001696-69vj7,3d4f5075-3662-4026-b24a-e556aa49085b,1,1645.567164
2026/02/04/23:46:59,apply-time,rs-001697-7bmjs,6ccadde0-a680-4152-b282-375425904c2c,1,1645.567164
2026/02/04/23:46:59,running-time,rs-001697-7bmjs,6ccadde0-a680-4152-b282-375425904c2c,1,1645.567164
2026/02/04/23:46:59,apply-time,rs-001697-dt9xl,9cf08172-e58d-4540-a26a-65f18e3d5129,1,1645.567164
2026/02/04/23:46:59,running-time,rs-001697-dt9xl,9cf08172-e58d-4540-a26a-65f18e3d5129,1,1645.567164
2026/02/04/23:46:59,apply-time,rs-001697-pmhqf,7b05c069-c2da-47ca-97cf-2c963e450062,1,1645.567164
2026/02/04/23:46:59,running-time,rs-001697-pmhqf,7b05c069-c2da-47ca-97cf-2c963e450062,1,1645.567164
2026/02/04/23:46:59,apply-time,rs-001698-2h9sh,4d3e7da8-e37b-438b-bde0-351687ec1d26,1,1645.567164
2026/02/04/23:46:59,running-time,rs-001698-2h9sh,4d3e7da8-e37b-438b-bde0-351687ec1d26,1,1645.567164
2026/02/04/23:46:59,apply-time,rs-001698-kmbtr,4464d7a4-3ce0-4e33-bc55-3771cbba45ef,1,1645.567164
2026/02/04/23:46:59,running-time,rs-001698-kmbtr,4464d7a4-3ce0-4e33-bc55-3771cbba45ef,1,1645.567164
2026/02/04/23:46:59,apply-time,rs-001698-v5b8l,205c4d91-def2-470d-bf34-345d584b4336,1,1645.567164
2026/02/04/23:46:59,running-time,rs-001698-v5b8l,205c4d91-def2-470d-bf34-345d584b4336,1,1645.567164
2026/02/04/23:46:59,apply-time,rs-001699-c26cc,3f5e8b9c-8df0-42f9-87db-138d4afacf5f,1,1646.567164
2026/02/04/23:46:59,running-time,rs-001699-c26cc,3f5e8b9c-8df0-42f9-87db-138d4afacf5f,1,1646.567164
2026/02/04/23:47:00,apply-time,rs-001700-xdc8r,60868032-5efe-4a41-aac5-20d74f1a6eb9,1,1646.567164
2026/02/04/23:47:00,running-time,rs-001700-xdc8r,60868032-5efe-4a41-aac5-20d74f1a6eb9,1,1646.567164
2026/02/04/23:47:00,apply-time,rs-001700-xfkgs,2e17db1d-ebd0-4060-a603-ea4154d1d93e,1,1646.567164
2026/02/04/23:47:00,running-time,rs-001700-xfkgs,2e17db1d-ebd0-4060-a603-ea4154d1d93e,1,1646.567164
2026/02/04/23:47:04,apply-time,rs-001701-99rr4,ffa9d619-81e4-47b0-a746-e6339dd89d8f,1,1651.567164
2026/02/04/23:47:04,running-time,rs-001701-99rr4,ffa9d619-81e4-47b0-a746-e6339dd89d8f,1,1651.567164
2026/02/04/23:47:04,apply-time,rs-001701-dhn4r,62e0b814-a4b8-439d-92f4-1a71d772f37a,1,1651.567164
2026/02/04/23:47:04,running-time,rs-001701-dhn4r,62e0b814-a4b8-439d-92f4-1a71d772f37a,1,1651.567164
2026/02/04/23:47:04,apply-time,rs-001702-77bp2,9a904d46-9bf9-486a-88c8-587986ed85b4,1,1651.567164
2026/02/04/23:47:04,running-time,rs-001702-77bp2,9a904d46-9bf9-486a-88c8-587986ed85b4,1,1651.567164
2026/02/04/23:47:04,apply-time,rs-001702-bhjl8,10d1c8e2-06a2-4e1d-88e2-f8baf5ae72cc,1,1651.567164
2026/02/04/23:47:04,running-time,rs-001702-bhjl8,10d1c8e2-06a2-4e1d-88e2-f8baf5ae72cc,1,1651.567164
2026/02/04/23:47:04,apply-time,rs-001703-b7sdc,e5daabb6-1e2b-4cd7-a3fa-85450b191bc4,1,1651.567164
2026/02/04/23:47:04,apply-time,rs-001703-chfv7,8f05b3cc-f143-4bae-b4da-d6f50290936b,1,1651.567164
2026/02/04/23:47:04,apply-time,rs-001703-qp995,f6adb4c1-d138-4838-af66-276c480021fd,1,1651.567164
2026/02/04/23:47:04,running-time,rs-001703-qp995,f6adb4c1-d138-4838-af66-276c480021fd,1,1651.567164
2026/02/04/23:47:04,apply-time,rs-001704-25fqr,8dd9152c-c047-4794-8911-1fbcb0b21e0e,1,1651.567164
2026/02/04/23:47:04,running-time,rs-001704-25fqr,8dd9152c-c047-4794-8911-1fbcb0b21e0e,1,1651.567164
2026/02/04/23:47:04,apply-time,rs-001704-nbc9q,1a81f07d-fe8b-4292-b123-4030512baa37,1,1651.567164
2026/02/04/23:47:04,running-time,rs-001704-nbc9q,1a81f07d-fe8b-4292-b123-4030512baa37,1,1651.567164
2026/02/04/23:47:04,apply-time,rs-001704-r2vg5,57ee3465-f18f-41ce-b7ba-dc6333f5c762,1,1651.567164
2026/02/04/23:47:04,running-time,rs-001704-r2vg5,57ee3465-f18f-41ce-b7ba-dc6333f5c762,1,1651.567164
2026/02/04/23:47:05,running-time,rs-001703-b7sdc,e5daabb6-1e2b-4cd7-a3fa-85450b191bc4,1,1651.567164
2026/02/04/23:47:05,running-time,rs-001703-chfv7,8f05b3cc-f143-4bae-b4da-d6f50290936b,1,1651.567164
2026/02/04/23:47:16,apply-time,rs-001705-srr8s,98d8c1d0-f289-4aee-8caf-795935e92686,1,1662.567164
2026/02/04/23:47:16,running-time,rs-001705-srr8s,98d8c1d0-f289-4aee-8caf-795935e92686,1,1662.567164
2026/02/04/23:47:16,apply-time,rs-001705-sxgnz,7bbec0ca-5f0d-48fd-ae4a-86e923e5a589,1,1662.567164
2026/02/04/23:47:16,running-time,rs-001705-sxgnz,7bbec0ca-5f0d-48fd-ae4a-86e923e5a589,1,1662.567164
2026/02/04/23:47:16,apply-time,rs-001706-dcbhj,2da3c411-23fa-406c-91a3-4c27fd6b61fd,1,1662.567164
2026/02/04/23:47:16,running-time,rs-001706-dcbhj,2da3c411-23fa-406c-91a3-4c27fd6b61fd,1,1662.567164
2026/02/04/23:47:19,apply-time,rs-001707-qmpj4,efd44db6-5a90-4933-b9f1-51b7e489dd7d,1,1665.567164
2026/02/04/23:47:19,running-time,rs-001707-qmpj4,efd44db6-5a90-4933-b9f1-51b7e489dd7d,1,1665.567164
2026/02/04/23:47:19,apply-time,rs-001707-s2d6b,aae2c8ac-c458-46f6-a62f-536e3f1887c3,1,1665.567164
2026/02/04/23:47:19,running-time,rs-001707-s2d6b,aae2c8ac-c458-46f6-a62f-536e3f1887c3,1,1665.567164
2026/02/04/23:47:19,apply-time,rs-001707-vrwtb,32bcfc07-242c-478a-a0d7-a26eca2f6ebb,1,1665.567164
2026/02/04/23:47:19,running-time,rs-001707-vrwtb,32bcfc07-242c-478a-a0d7-a26eca2f6ebb,1,1665.567164
2026/02/04/23:47:19,apply-time,rs-001708-4dvsz,2bab2484-3b95-4391-9ce0-dd5c309f0040,1,1665.567164
2026/02/04/23:47:19,running-time,rs-001708-4dvsz,2bab2484-3b95-4391-9ce0-dd5c309f0040,1,1665.567164
2026/02/04/23:47:20,apply-time,rs-001709-2xnzr,dc778223-d541-468b-8d10-abe4ec2cfc8b,1,1666.567164
2026/02/04/23:47:20,running-time,rs-001709-2xnzr,dc778223-d541-468b-8d10-abe4ec2cfc8b,1,1666.567164
2026/02/04/23:47:20,apply-time,rs-001710-dz4td,36b93dd3-ec05-4908-878b-695c41e3316c,1,1666.567164
2026/02/04/23:47:20,running-time,rs-001710-dz4td,36b93dd3-ec05-4908-878b-695c41e3316c,1,1666.567164
2026/02/04/23:47:20,apply-time,rs-001710-vxjrd,1ddba1a5-ff47-4f70-84a8-b85128d39459,1,1666.567164
2026/02/04/23:47:20,running-time,rs-001710-vxjrd,1ddba1a5-ff47-4f70-84a8-b85128d39459,1,1666.567164
2026/02/04/23:47:20,apply-time,rs-001711-29hvx,85ba5f9b-0e61-463b-bdf3-c270c3633e78,1,1666.567164
2026/02/04/23:47:20,running-time,rs-001711-29hvx,85ba5f9b-0e61-463b-bdf3-c270c3633e78,1,1666.567164
2026/02/04/23:47:20,apply-time,rs-001711-nlbh4,f232d8e2-6750-4d31-8e59-8f8e0b8d5972,1,1666.567164
2026/02/04/23:47:20,running-time,rs-001711-nlbh4,f232d8e2-6750-4d31-8e59-8f8e0b8d5972,1,1666.567164
2026/02/04/23:47:20,apply-time,rs-001712-f68tr,e3a74835-87df-4045-a797-c38bf1bcfafb,1,1666.567164
2026/02/04/23:47:20,running-time,rs-001712-f68tr,e3a74835-87df-4045-a797-c38bf1bcfafb,1,1666.567164
2026/02/04/23:47:20,apply-time,rs-001712-wxs7c,c745694e-3bc7-47f0-bb7f-6c68a333188c,1,1666.567164
2026/02/04/23:47:20,running-time,rs-001712-wxs7c,c745694e-3bc7-47f0-bb7f-6c68a333188c,1,1667.567164
2026/02/04/23:47:20,apply-time,rs-001713-fjtcv,db5a24c4-7529-4c78-bc4d-734f7366e9b4,1,1666.567164
2026/02/04/23:47:20,running-time,rs-001713-fjtcv,db5a24c4-7529-4c78-bc4d-734f7366e9b4,1,1667.567164
2026/02/04/23:47:20,apply-time,rs-001714-kn4sl,b980b765-ce6d-4371-ba6c-054d04299546,1,1667.567164
2026/02/04/23:47:20,running-time,rs-001714-kn4sl,b980b765-ce6d-4371-ba6c-054d04299546,1,1667.567164
2026/02/04/23:47:20,apply-time,rs-001715-gjv9h,5dfcd330-df6e-4b9b-aa3f-9e9d9e4a072a,1,1667.567164
2026/02/04/23:47:20,running-time,rs-001715-gjv9h,5dfcd330-df6e-4b9b-aa3f-9e9d9e4a072a,1,1667.567164
2026/02/04/23:47:21,apply-time,rs-001714-7zlxh,1c2d2b83-369a-4ed3-9fb1-bceddf856f96,1,1667.567164
2026/02/04/23:47:21,running-time,rs-001714-7zlxh,1c2d2b83-369a-4ed3-9fb1-bceddf856f96,1,1667.567164
2026/02/04/23:47:21,apply-time,rs-001716-dlgp8,866bb1a0-924c-4184-b182-0bc7adfaa576,1,1667.567164
2026/02/04/23:47:21,running-time,rs-001716-dlgp8,866bb1a0-924c-4184-b182-0bc7adfaa576,1,1667.567164
2026/02/04/23:47:21,apply-time,rs-001716-qpvn9,a93ae4fe-f868-40db-9736-4ef3a50036bf,1,1667.567164
2026/02/04/23:47:21,running-time,rs-001716-qpvn9,a93ae4fe-f868-40db-9736-4ef3a50036bf,1,1667.567164
2026/02/04/23:47:21,apply-time,rs-001717-7kx5q,5eccac0a-2ea3-4761-bb9f-539ce063d210,1,1667.567164
2026/02/04/23:47:21,running-time,rs-001717-7kx5q,5eccac0a-2ea3-4761-bb9f-539ce063d210,1,1667.567164
2026/02/04/23:47:21,apply-time,rs-001717-qscp2,d9260178-8a2c-4368-9c8f-949e40e1d0d5,1,1667.567164
2026/02/04/23:47:21,running-time,rs-001717-qscp2,d9260178-8a2c-4368-9c8f-949e40e1d0d5,1,1667.567164
2026/02/04/23:47:21,apply-time,rs-001718-hqlm8,c34e9f53-c1d2-44dd-a07d-eafac7715670,1,1667.567164
2026/02/04/23:47:21,running-time,rs-001718-hqlm8,c34e9f53-c1d2-44dd-a07d-eafac7715670,1,1667.567164
2026/02/04/23:47:21,apply-time,rs-001719-vww46,8cc28ee4-9424-4cf2-83ec-155dac89bfaf,1,1668.567164
2026/02/04/23:47:21,running-time,rs-001719-vww46,8cc28ee4-9424-4cf2-83ec-155dac89bfaf,1,1668.567164
2026/02/04/23:47:21,apply-time,rs-001720-zxfdf,47bf17b8-c3e7-4594-8bbf-34cc31260f41,1,1668.567164
2026/02/04/23:47:21,apply-time,rs-001721-kxjm2,ea8db122-107c-41fb-b484-0a9a12bc585f,1,1668.567164
2026/02/04/23:47:22,apply-time,rs-001720-gb5rb,cf67c174-41eb-49ac-9478-dad26764d37a,1,1668.567164
2026/02/04/23:47:22,running-time,rs-001720-gb5rb,cf67c174-41eb-49ac-9478-dad26764d37a,1,1668.567164
2026/02/04/23:47:22,running-time,rs-001720-zxfdf,47bf17b8-c3e7-4594-8bbf-34cc31260f41,1,1668.567164
2026/02/04/23:47:22,running-time,rs-001721-kxjm2,ea8db122-107c-41fb-b484-0a9a12bc585f,1,1668.567164
2026/02/04/23:47:24,apply-time,rs-001722-kfrd2,8859bca3-979b-4015-8191-28c002855848,1,1670.567164
2026/02/04/23:47:24,apply-time,rs-001722-pz6zv,1434c513-3146-41e0-9739-7c57320667bf,1,1670.567164
2026/02/04/23:47:24,apply-time,rs-001723-m9dsx,6d535d04-8247-453b-a183-c6236517d111,1,1670.567164
2026/02/04/23:47:24,running-time,rs-001723-m9dsx,6d535d04-8247-453b-a183-c6236517d111,1,1670.567164
2026/02/04/23:47:24,apply-time,rs-001724-f7ft6,ab43c9f6-d446-4019-8482-5642c4a79291,1,1670.567164
2026/02/04/23:47:24,apply-time,rs-001725-c6gnp,8a88dcbd-94f7-4a4b-ab10-da9c36144444,1,1670.567164
2026/02/04/23:47:24,running-time,rs-001725-c6gnp,8a88dcbd-94f7-4a4b-ab10-da9c36144444,1,1670.567164
2026/02/04/23:47:25,apply-time,rs-001726-8xs57,feed8624-fba1-4221-9af2-cb9e1be18e58,1,1671.567164
2026/02/04/23:47:25,running-time,rs-001726-8xs57,feed8624-fba1-4221-9af2-cb9e1be18e58,1,1671.567164
2026/02/04/23:47:25,apply-time,rs-001726-cjknc,85b4bb63-9624-4b7e-b683-e06d28aed063,1,1671.567164
2026/02/04/23:47:25,running-time,rs-001726-cjknc,85b4bb63-9624-4b7e-b683-e06d28aed063,1,1671.567164
2026/02/04/23:47:25,apply-time,rs-001726-dstw6,19d7e9f7-fe51-499b-8d44-ae21aa9c42be,1,1671.567164
2026/02/04/23:47:25,running-time,rs-001726-dstw6,19d7e9f7-fe51-499b-8d44-ae21aa9c42be,1,1671.567164
2026/02/04/23:47:25,apply-time,rs-001727-hmx4b,4f4b28ae-3cda-4ec1-9f39-e542d816bead,1,1671.567164
2026/02/04/23:47:25,running-time,rs-001727-hmx4b,4f4b28ae-3cda-4ec1-9f39-e542d816bead,1,1671.567164
2026/02/04/23:47:25,apply-time,rs-001727-vmrg6,acfe00b6-60f9-4e81-aadf-e0eb2f7ffbd3,1,1671.567164
2026/02/04/23:47:25,running-time,rs-001727-vmrg6,acfe00b6-60f9-4e81-aadf-e0eb2f7ffbd3,1,1671.567164
2026/02/04/23:47:25,apply-time,rs-001727-xbmpd,3b0513dc-9fff-4122-9bbf-7dd8b9c71dbf,1,1671.567164
2026/02/04/23:47:25,running-time,rs-001727-xbmpd,3b0513dc-9fff-4122-9bbf-7dd8b9c71dbf,1,1671.567164
2026/02/04/23:47:30,apply-time,rs-001728-9pr4f,bf7e62e1-5d0c-44ec-9098-abe7ed28feae,1,1676.567164
2026/02/04/23:47:30,apply-time,rs-001728-htpfs,dbc0381f-eb0d-4a82-8fad-39384d0e8791,1,1676.567164
2026/02/04/23:47:30,apply-time,rs-001728-jkhp7,f49235da-c7ae-40f2-a534-5fd6761f6263,1,1676.567164
2026/02/04/23:47:30,running-time,rs-001728-jkhp7,f49235da-c7ae-40f2-a534-5fd6761f6263,1,1676.567164
2026/02/04/23:47:30,apply-time,rs-001729-7jnjq,7dffdca9-9189-4780-bdfb-8f25c56569ba,1,1676.567164
2026/02/04/23:47:30,running-time,rs-001729-7jnjq,7dffdca9-9189-4780-bdfb-8f25c56569ba,1,1676.567164
2026/02/04/23:47:30,apply-time,rs-001729-p94cr,072d621a-ca3a-43fd-ac89-39f2c3d44a91,1,1676.567164
2026/02/04/23:47:30,running-time,rs-001729-p94cr,072d621a-ca3a-43fd-ac89-39f2c3d44a91,1,1676.567164
2026/02/04/23:47:30,apply-time,rs-001729-sxktp,3a14e2e8-5998-45cb-a7fa-fc6dbb5d9c95,1,1676.567164
2026/02/04/23:47:30,running-time,rs-001729-sxktp,3a14e2e8-5998-45cb-a7fa-fc6dbb5d9c95,1,1676.567164
2026/02/04/23:47:30,apply-time,rs-001730-grqqb,d49ba21f-2a86-465d-ac27-b2d6e0789c70,1,1676.567164
2026/02/04/23:47:30,running-time,rs-001730-grqqb,d49ba21f-2a86-465d-ac27-b2d6e0789c70,1,1676.567164
2026/02/04/23:47:30,apply-time,rs-001730-r7jz6,ed38ffbf-fe0b-42aa-9e4d-c2523b1dd9b0,1,1676.567164
2026/02/04/23:47:30,apply-time,rs-001731-8c82c,2880d103-e093-4f86-9977-8089cabb9719,1,1676.567164
2026/02/04/23:47:30,running-time,rs-001731-8c82c,2880d103-e093-4f86-9977-8089cabb9719,1,1676.567164
2026/02/04/23:47:30,apply-time,rs-001731-q4w29,b885fb84-5b86-4fea-b8d5-375e9e2e9298,1,1676.567164
2026/02/04/23:47:30,running-time,rs-001731-q4w29,b885fb84-5b86-4fea-b8d5-375e9e2e9298,1,1676.567164
2026/02/04/23:47:30,apply-time,rs-001732-fptnd,fac6f86a-5985-43ea-8afe-eeec80f85181,1,1676.567164
2026/02/04/23:47:30,running-time,rs-001732-fptnd,fac6f86a-5985-43ea-8afe-eeec80f85181,1,1677.567164
2026/02/04/23:47:30,apply-time,rs-001733-6grhw,4a837e53-b509-4a60-9970-bde9841b85bb,1,1677.567164
2026/02/04/23:47:30,running-time,rs-001733-6grhw,4a837e53-b509-4a60-9970-bde9841b85bb,1,1677.567164
2026/02/04/23:47:30,apply-time,rs-001734-f65l2,13118306-c9d4-4523-98c6-d8aeb8d64640,1,1677.567164
2026/02/04/23:47:30,apply-time,rs-001735-7rxwf,89b446ae-8225-4fcd-923e-964ce6226854,1,1677.567164
2026/02/04/23:47:30,running-time,rs-001735-7rxwf,89b446ae-8225-4fcd-923e-964ce6226854,1,1677.567164
2026/02/04/23:47:30,apply-time,rs-001736-k5kmp,1714a44d-6e06-4ff2-aa34-da9255dafb86,1,1677.567164
2026/02/04/23:47:31,apply-time,rs-001733-mg52q,ceeb18fa-c5b4-4b94-816d-4dbff06612f5,1,1677.567164
2026/02/04/23:47:31,running-time,rs-001733-mg52q,ceeb18fa-c5b4-4b94-816d-4dbff06612f5,1,1677.567164
2026/02/04/23:47:31,apply-time,rs-001734-pzwfd,94ab73e2-d74f-42dc-98e1-cebe9824505d,1,1677.567164
2026/02/04/23:47:31,running-time,rs-001736-k5kmp,1714a44d-6e06-4ff2-aa34-da9255dafb86,1,1677.567164
2026/02/04/23:47:31,apply-time,rs-001737-8rkjk,039a9079-93ea-40ba-94ec-b3e6552f0969,1,1678.567164
2026/02/04/23:47:31,running-time,rs-001737-8rkjk,039a9079-93ea-40ba-94ec-b3e6552f0969,1,1678.567164
2026/02/04/23:47:31,apply-time,rs-001737-f45r7,66c184fa-847b-436a-be61-b8d47f41da96,1,1678.567164
2026/02/04/23:47:31,apply-time,rs-001737-lf7l2,9666f141-304a-4193-9c68-89c0c9a5580d,1,1677.567164
2026/02/04/23:47:31,running-time,rs-001737-lf7l2,9666f141-304a-4193-9c68-89c0c9a5580d,1,1677.567164
2026/02/04/23:47:31,apply-time,rs-001738-2kxsj,1d9b1151-0f1a-483b-9183-e4b7962ab43e,1,1677.567164
2026/02/04/23:47:31,running-time,rs-001738-2kxsj,1d9b1151-0f1a-483b-9183-e4b7962ab43e,1,1677.567164
2026/02/04/23:47:31,apply-time,rs-001738-v2bgq,02e8d968-9524-480c-b252-54eaa4fbc67d,1,1678.567164
2026/02/04/23:47:31,running-time,rs-001738-v2bgq,02e8d968-9524-480c-b252-54eaa4fbc67d,1,1678.567164
2026/02/04/23:47:31,apply-time,rs-001739-jlgfx,5ec7ac4e-9242-497b-9a85-494053c21c88,1,1678.567164
2026/02/04/23:47:31,running-time,rs-001739-jlgfx,5ec7ac4e-9242-497b-9a85-494053c21c88,1,1678.567164
2026/02/04/23:47:31,apply-time,rs-001741-4lf6q,75dbeb8c-048b-476c-9255-e549b0164a2a,1,1678.567164
2026/02/04/23:47:32,apply-time,rs-001741-25bqk,d9d3aa95-2834-4727-bde9-d7459c5d993e,1,1678.567164
2026/02/04/23:47:32,running-time,rs-001741-4lf6q,75dbeb8c-048b-476c-9255-e549b0164a2a,1,1678.567164
2026/02/04/23:47:32,apply-time,rs-001741-9tw9v,a9729830-d732-424b-b597-37a96ee2ddab,1,1678.567164
2026/02/04/23:47:32,apply-time,rs-001742-gz92r,61207087-618c-4f53-841f-e2953fe7364b,1,1679.567164
2026/02/04/23:47:32,running-time,rs-001742-gz92r,61207087-618c-4f53-841f-e2953fe7364b,1,1679.567164
2026/02/04/23:47:32,apply-time,rs-001742-t8sfq,04542bfc-d4c2-41f7-8dc4-3190df0b31e0,1,1678.567164
2026/02/04/23:47:32,running-time,rs-001742-t8sfq,04542bfc-d4c2-41f7-8dc4-3190df0b31e0,1,1678.567164
2026/02/04/23:47:32,apply-time,rs-001742-wxskb,4814fb3a-ca19-4e88-9800-eda9d4f1789a,1,1679.567164
2026/02/04/23:47:32,running-time,rs-001742-wxskb,4814fb3a-ca19-4e88-9800-eda9d4f1789a,1,1679.567164
2026/02/04/23:47:33,running-time,rs-001741-25bqk,d9d3aa95-2834-4727-bde9-d7459c5d993e,1,1679.567164
2026/02/04/23:47:33,running-time,rs-001741-9tw9v,a9729830-d732-424b-b597-37a96ee2ddab,1,1680.567164
2026/02/04/23:47:35,running-time,rs-001730-r7jz6,ed38ffbf-fe0b-42aa-9e4d-c2523b1dd9b0,1,1681.567164
2026/02/04/23:47:38,running-time,rs-001724-f7ft6,ab43c9f6-d446-4019-8482-5642c4a79291,1,1684.567164
2026/02/04/23:47:44,apply-time,rs-001743-khgc9,e20c5796-fccb-4d31-82d9-f7394d70780e,1,1690.567164
2026/02/04/23:47:44,running-time,rs-001743-khgc9,e20c5796-fccb-4d31-82d9-f7394d70780e,1,1690.567164
2026/02/04/23:47:44,apply-time,rs-001744-4blzx,de380de7-f0ed-4db9-b9ad-cff00b7231ac,1,1690.567164
2026/02/04/23:47:44,running-time,rs-001744-4blzx,de380de7-f0ed-4db9-b9ad-cff00b7231ac,1,1690.567164
2026/02/04/23:47:44,apply-time,rs-001744-5zljg,b2db39fd-42c4-4add-a607-17164edd1a88,1,1690.567164
2026/02/04/23:47:44,running-time,rs-001744-5zljg,b2db39fd-42c4-4add-a607-17164edd1a88,1,1690.567164
2026/02/04/23:47:44,apply-time,rs-001744-cw6cp,2bc4b13e-e6aa-4959-bf21-0698d77c919a,1,1690.567164
2026/02/04/23:47:44,running-time,rs-001744-cw6cp,2bc4b13e-e6aa-4959-bf21-0698d77c919a,1,1690.567164
2026/02/04/23:47:59,apply-time,rs-001745-vp4dn,0be67af7-ef8c-41df-99fb-a64dfca1e33e,1,1705.567164
2026/02/04/23:47:59,running-time,rs-001745-vp4dn,0be67af7-ef8c-41df-99fb-a64dfca1e33e,1,1705.567164
2026/02/04/23:47:59,apply-time,rs-001746-jp5lw,07b5ec58-8bdc-438e-a19d-21dab9cef5ac,1,1705.567164
2026/02/04/23:47:59,running-time,rs-001746-jp5lw,07b5ec58-8bdc-438e-a19d-21dab9cef5ac,1,1705.567164
2026/02/04/23:47:59,apply-time,rs-001746-qvbwv,9d58dd5c-5ef6-483d-a9f7-d24b75c3c353,1,1705.567164
2026/02/04/23:47:59,running-time,rs-001746-qvbwv,9d58dd5c-5ef6-483d-a9f7-d24b75c3c353,1,1705.567164
2026/02/04/23:47:59,apply-time,rs-001747-6t9f9,425b8afc-1c91-4877-93d1-d3ceab0dda2a,1,1705.567164
2026/02/04/23:47:59,running-time,rs-001747-6t9f9,425b8afc-1c91-4877-93d1-d3ceab0dda2a,1,1705.567164
2026/02/04/23:47:59,apply-time,rs-001747-cnmn2,a3485acc-45ef-4633-98fe-7bdfc24ed916,1,1705.567164
2026/02/04/23:47:59,running-time,rs-001747-cnmn2,a3485acc-45ef-4633-98fe-7bdfc24ed916,1,1705.567164
2026/02/04/23:47:59,apply-time,rs-001747-rhnnj,df188f13-946b-492d-89f9-ed64838fab5f,1,1705.567164
2026/02/04/23:47:59,running-time,rs-001747-rhnnj,df188f13-946b-492d-89f9-ed64838fab5f,1,1705.567164
2026/02/04/23:47:59,apply-time,rs-001748-dzpts,75fa676e-0351-496b-9cef-fc8048cab060,1,1706.567164
2026/02/04/23:47:59,running-time,rs-001748-dzpts,75fa676e-0351-496b-9cef-fc8048cab060,1,1706.567164
2026/02/04/23:47:59,apply-time,rs-001748-q9q2h,4023ca82-68f0-4827-a9fd-d5a5b291643d,1,1706.567164
2026/02/04/23:47:59,apply-time,rs-001748-vxmhd,2f332bb3-a19f-41f0-849a-127534989a8e,1,1706.567164
2026/02/04/23:48:00,running-time,rs-001748-q9q2h,4023ca82-68f0-4827-a9fd-d5a5b291643d,1,1706.567164
2026/02/04/23:48:00,running-time,rs-001748-vxmhd,2f332bb3-a19f-41f0-849a-127534989a8e,1,1706.567164
2026/02/04/23:48:00,apply-time,rs-001749-57bgj,c9de7cc9-7f82-4290-b7a5-49a1abf9916c,1,1706.567164
2026/02/04/23:48:00,running-time,rs-001749-57bgj,c9de7cc9-7f82-4290-b7a5-49a1abf9916c,1,1706.567164
2026/02/04/23:48:00,apply-time,rs-001749-9fkmd,e9e3564e-e8dd-45a1-b8d3-dc85a5410073,1,1706.567164
2026/02/04/23:48:00,running-time,rs-001749-9fkmd,e9e3564e-e8dd-45a1-b8d3-dc85a5410073,1,1706.567164
2026/02/04/23:48:00,apply-time,rs-001749-r9f64,b6dacfe6-5959-49fe-bf42-b290da099516,1,1706.567164
2026/02/04/23:48:00,running-time,rs-001749-r9f64,b6dacfe6-5959-49fe-bf42-b290da099516,1,1706.567164
2026/02/04/23:48:08,apply-time,rs-001750-bzqft,8149d8d3-3362-4c24-9de5-98eb1d9a38ba,1,1714.567164
2026/02/04/23:48:08,running-time,rs-001750-bzqft,8149d8d3-3362-4c24-9de5-98eb1d9a38ba,1,1714.567164
2026/02/04/23:48:08,apply-time,rs-001750-c46ch,a67ac1d2-e6e6-4915-9375-4ca043b87556,1,1714.567164
2026/02/04/23:48:08,running-time,rs-001750-c46ch,a67ac1d2-e6e6-4915-9375-4ca043b87556,1,1714.567164
2026/02/04/23:48:08,apply-time,rs-001750-zsl8b,042a6f87-9c14-4c53-a35b-c10fc771bfc6,1,1714.567164
2026/02/04/23:48:08,running-time,rs-001750-zsl8b,042a6f87-9c14-4c53-a35b-c10fc771bfc6,1,1714.567164
2026/02/04/23:48:08,apply-time,rs-001751-4ljks,2b15d5fd-c325-4b39-8a0a-2699799e6418,1,1715.567164
2026/02/04/23:48:08,running-time,rs-001751-4ljks,2b15d5fd-c325-4b39-8a0a-2699799e6418,1,1715.567164
2026/02/04/23:48:08,apply-time,rs-001751-p97gr,10d3a0ee-7fa1-4240-8f62-a9a0b6778896,1,1715.567164
2026/02/04/23:48:08,running-time,rs-001751-p97gr,10d3a0ee-7fa1-4240-8f62-a9a0b6778896,1,1715.567164
2026/02/04/23:48:13,apply-time,rs-001752-dbhxc,9a444d93-55ef-45cc-92a6-e36b7218bb36,1,1719.567164
2026/02/04/23:48:13,running-time,rs-001752-dbhxc,9a444d93-55ef-45cc-92a6-e36b7218bb36,1,1719.567164
2026/02/04/23:48:13,apply-time,rs-001752-mn5rv,e2d265b7-61f4-4360-a589-1c5b48250181,1,1719.567164
2026/02/04/23:48:13,running-time,rs-001752-mn5rv,e2d265b7-61f4-4360-a589-1c5b48250181,1,1719.567164
2026/02/04/23:48:28,apply-time,rs-001753-f4g4z,4a6f6e16-fb79-4d1d-924e-6ae1deb43acd,1,1735.567164
2026/02/04/23:48:28,running-time,rs-001753-f4g4z,4a6f6e16-fb79-4d1d-924e-6ae1deb43acd,1,1735.567164
2026/02/04/23:48:29,apply-time,rs-001754-vpfvw,d03ffc18-1f58-40d6-bdea-409833246214,1,1735.567164
2026/02/04/23:48:29,running-time,rs-001754-vpfvw,d03ffc18-1f58-40d6-bdea-409833246214,1,1735.567164
2026/02/04/23:48:29,apply-time,rs-001755-jn7wp,87cfd336-3fea-4248-b628-4cbe41a46c51,1,1735.567164
2026/02/04/23:48:29,running-time,rs-001755-jn7wp,87cfd336-3fea-4248-b628-4cbe41a46c51,1,1735.567164
2026/02/04/23:48:29,apply-time,rs-001755-wtckz,65862c90-baef-4661-94ff-14a3fba23bba,1,1735.567164
2026/02/04/23:48:29,running-time,rs-001755-wtckz,65862c90-baef-4661-94ff-14a3fba23bba,1,1735.567164
2026/02/04/23:48:29,apply-time,rs-001756-c5wfs,faab773f-79cb-44f1-9160-33288edb4431,1,1735.567164
2026/02/04/23:48:29,running-time,rs-001756-c5wfs,faab773f-79cb-44f1-9160-33288edb4431,1,1735.567164
2026/02/04/23:48:29,apply-time,rs-001757-g25lm,329e2a4d-2308-447c-adf5-f14ecd18ee31,1,1735.567164
2026/02/04/23:48:29,running-time,rs-001757-g25lm,329e2a4d-2308-447c-adf5-f14ecd18ee31,1,1735.567164
2026/02/04/23:48:29,apply-time,rs-001758-hlhsv,f2dd7fca-bac9-45d9-ad02-c6fc7b66e8b2,1,1735.567164
2026/02/04/23:48:29,running-time,rs-001758-hlhsv,f2dd7fca-bac9-45d9-ad02-c6fc7b66e8b2,1,1735.567164
2026/02/04/23:48:29,apply-time,rs-001759-4ssw4,bcb71e4c-5c5f-410d-bce6-cfd3b9311b54,1,1735.567164
2026/02/04/23:48:29,running-time,rs-001759-4ssw4,bcb71e4c-5c5f-410d-bce6-cfd3b9311b54,1,1735.567164
2026/02/04/23:48:29,apply-time,rs-001759-jgf8x,b664db40-8372-46e9-b8bf-862153cf4f15,1,1735.567164
2026/02/04/23:48:29,running-time,rs-001759-jgf8x,b664db40-8372-46e9-b8bf-862153cf4f15,1,1735.567164
2026/02/04/23:48:29,apply-time,rs-001759-mw7ww,6324c472-4040-427f-a4b8-2321250a899e,1,1735.567164
2026/02/04/23:48:29,running-time,rs-001759-mw7ww,6324c472-4040-427f-a4b8-2321250a899e,1,1735.567164
2026/02/04/23:48:29,apply-time,rs-001760-7t8mc,791f1f9d-7cd5-4421-95b4-e85095fa5a1f,1,1735.567164
2026/02/04/23:48:29,running-time,rs-001760-7t8mc,791f1f9d-7cd5-4421-95b4-e85095fa5a1f,1,1735.567164
2026/02/04/23:48:29,apply-time,rs-001761-5dx4t,0889bd15-0b37-4dc5-9cc2-5007e8d0596b,1,1735.567164
2026/02/04/23:48:29,running-time,rs-001761-5dx4t,0889bd15-0b37-4dc5-9cc2-5007e8d0596b,1,1735.567164
2026/02/04/23:48:45,apply-time,rs-001762-jl8g7,0e4f1ebc-9f20-450b-9e22-b0789680077d,1,1751.567164
2026/02/04/23:48:45,running-time,rs-001762-jl8g7,0e4f1ebc-9f20-450b-9e22-b0789680077d,1,1751.567164
2026/02/04/23:48:45,apply-time,rs-001763-2xh56,8eb6f099-3c4c-4652-b059-d58cadac3e86,1,1751.567164
2026/02/04/23:48:45,running-time,rs-001763-2xh56,8eb6f099-3c4c-4652-b059-d58cadac3e86,1,1751.567164
2026/02/04/23:48:45,apply-time,rs-001764-7b4p5,05fc2624-d812-4a21-9a5f-6e4005eaf0af,1,1751.567164
2026/02/04/23:48:45,running-time,rs-001764-7b4p5,05fc2624-d812-4a21-9a5f-6e4005eaf0af,1,1751.567164
2026/02/04/23:48:45,apply-time,rs-001765-b7n4d,b3b6db8a-51ea-4fe8-a9f7-c3b2dadf7e8a,1,1751.567164
2026/02/04/23:48:45,running-time,rs-001765-b7n4d,b3b6db8a-51ea-4fe8-a9f7-c3b2dadf7e8a,1,1751.567164
2026/02/04/23:48:45,apply-time,rs-001765-gzrn7,e26a4436-134b-4e04-b7c8-a314370fb4b0,1,1751.567164
2026/02/04/23:48:45,running-time,rs-001765-gzrn7,e26a4436-134b-4e04-b7c8-a314370fb4b0,1,1751.567164
2026/02/04/23:48:45,apply-time,rs-001765-pdphg,eae9e642-20fd-48f4-93ae-16282c76d657,1,1751.567164
2026/02/04/23:48:45,running-time,rs-001765-pdphg,eae9e642-20fd-48f4-93ae-16282c76d657,1,1751.567164
2026/02/04/23:48:45,apply-time,rs-001766-nq9k6,bd5da854-25e5-4754-80b1-49f4966ccf06,1,1751.567164
2026/02/04/23:48:45,running-time,rs-001766-nq9k6,bd5da854-25e5-4754-80b1-49f4966ccf06,1,1751.567164
2026/02/04/23:48:45,apply-time,rs-001767-h292k,811586fa-3a95-4fc4-84df-2c7f64f1e937,1,1752.567164
2026/02/04/23:48:45,running-time,rs-001767-h292k,811586fa-3a95-4fc4-84df-2c7f64f1e937,1,1752.567164
2026/02/04/23:48:46,apply-time,rs-001768-2tf4q,003c165a-d318-4133-9502-4d9813bc9682,1,1752.567164
2026/02/04/23:48:46,running-time,rs-001768-2tf4q,003c165a-d318-4133-9502-4d9813bc9682,1,1752.567164
2026/02/04/23:48:46,apply-time,rs-001768-5jk42,3c6a77e0-bdfd-4c88-aa51-df082ea9ef7c,1,1752.567164
2026/02/04/23:48:46,running-time,rs-001768-5jk42,3c6a77e0-bdfd-4c88-aa51-df082ea9ef7c,1,1752.567164
2026/02/04/23:48:46,apply-time,rs-001769-75v6s,a07835da-65b1-4fa6-bb0b-4ca0523c130c,1,1752.567164
2026/02/04/23:48:46,running-time,rs-001769-75v6s,a07835da-65b1-4fa6-bb0b-4ca0523c130c,1,1752.567164
2026/02/04/23:48:46,apply-time,rs-001769-k4c2f,f9bb027b-1a47-49e4-b04c-c2b80136f306,1,1752.567164
2026/02/04/23:48:46,running-time,rs-001769-k4c2f,f9bb027b-1a47-49e4-b04c-c2b80136f306,1,1752.567164
2026/02/04/23:48:51,apply-time,rs-001770-79hw8,0c1b5973-8183-47ca-b6ef-26ccfa68f775,1,1757.567164
2026/02/04/23:48:51,running-time,rs-001770-79hw8,0c1b5973-8183-47ca-b6ef-26ccfa68f775,1,1757.567164
2026/02/04/23:48:51,apply-time,rs-001770-klfqh,2cfc06e2-21ea-4076-baa3-b76ab410f1ce,1,1757.567164
2026/02/04/23:48:51,running-time,rs-001770-klfqh,2cfc06e2-21ea-4076-baa3-b76ab410f1ce,1,1757.567164
2026/02/04/23:48:51,apply-time,rs-001770-pgm9s,959fdb1b-831a-4683-bc3c-ad44e0fcb567,1,1757.567164
2026/02/04/23:48:51,running-time,rs-001770-pgm9s,959fdb1b-831a-4683-bc3c-ad44e0fcb567,1,1757.567164
2026/02/04/23:48:51,apply-time,rs-001771-6s4tx,4fd0cfa2-ab56-409f-a5de-f86de9b2707e,1,1757.567164
2026/02/04/23:48:51,running-time,rs-001771-6s4tx,4fd0cfa2-ab56-409f-a5de-f86de9b2707e,1,1757.567164
2026/02/04/23:48:51,apply-time,rs-001771-pgczk,51275c3e-0464-4573-a125-55a33deec4fa,1,1757.567164
2026/02/04/23:48:51,running-time,rs-001771-pgczk,51275c3e-0464-4573-a125-55a33deec4fa,1,1757.567164
2026/02/04/23:48:51,apply-time,rs-001772-vhkb5,e16b2b04-7d4b-4ea7-a9f0-e6147c4e5507,1,1758.567164
2026/02/04/23:48:51,running-time,rs-001772-vhkb5,e16b2b04-7d4b-4ea7-a9f0-e6147c4e5507,1,1758.567164
2026/02/04/23:48:51,apply-time,rs-001773-cgj6s,56dcd855-e36d-448d-84ee-f81f68bbcedf,1,1758.567164
2026/02/04/23:48:51,running-time,rs-001773-cgj6s,56dcd855-e36d-448d-84ee-f81f68bbcedf,1,1758.567164
2026/02/04/23:48:51,apply-time,rs-001773-fkk6m,89323319-dc00-4886-901d-a9300542c9cf,1,1758.567164
2026/02/04/23:48:51,running-time,rs-001773-fkk6m,89323319-dc00-4886-901d-a9300542c9cf,1,1758.567164
2026/02/04/23:48:51,apply-time,rs-001773-k2td9,2e780a39-875e-40b0-9144-51a87fa9d216,1,1758.567164
2026/02/04/23:48:51,running-time,rs-001773-k2td9,2e780a39-875e-40b0-9144-51a87fa9d216,1,1758.567164
2026/02/04/23:48:54,apply-time,rs-001774-rjsrq,78089005-053f-4bf5-b8d7-02048c281cb8,1,1760.567164
2026/02/04/23:48:54,running-time,rs-001774-rjsrq,78089005-053f-4bf5-b8d7-02048c281cb8,1,1760.567164
2026/02/04/23:49:01,apply-time,rs-001775-97vdq,3772331e-58db-499d-8c56-3ad271c3007e,1,1767.567164
2026/02/04/23:49:01,running-time,rs-001775-97vdq,3772331e-58db-499d-8c56-3ad271c3007e,1,1767.567164
2026/02/04/23:49:01,apply-time,rs-001776-lr69k,25cac243-3d12-47d7-a1c9-88e38ba41f77,1,1767.567164
2026/02/04/23:49:01,running-time,rs-001776-lr69k,25cac243-3d12-47d7-a1c9-88e38ba41f77,1,1767.567164
2026/02/04/23:49:01,apply-time,rs-001776-mv5fn,422460f7-2f01-472d-80c1-221629a5c674,1,1767.567164
2026/02/04/23:49:01,running-time,rs-001776-mv5fn,422460f7-2f01-472d-80c1-221629a5c674,1,1767.567164
2026/02/04/23:49:01,apply-time,rs-001776-rcqlp,e32be293-329f-4557-97dc-c68a63cb2070,1,1767.567164
2026/02/04/23:49:01,running-time,rs-001776-rcqlp,e32be293-329f-4557-97dc-c68a63cb2070,1,1767.567164
2026/02/04/23:49:01,apply-time,rs-001777-fv6lz,d7afd916-def1-4fc3-b534-009030785482,1,1767.567164
2026/02/04/23:49:01,running-time,rs-001777-fv6lz,d7afd916-def1-4fc3-b534-009030785482,1,1767.567164
2026/02/04/23:49:01,apply-time,rs-001777-vkz4g,f3c268e2-872b-4d5c-836b-906bc01b5ace,1,1767.567164
2026/02/04/23:49:01,running-time,rs-001777-vkz4g,f3c268e2-872b-4d5c-836b-906bc01b5ace,1,1767.567164
2026/02/04/23:49:01,apply-time,rs-001778-fgnmz,ecbdefea-ead7-49b3-be74-9227194a26ef,1,1767.567164
2026/02/04/23:49:01,running-time,rs-001778-fgnmz,ecbdefea-ead7-49b3-be74-9227194a26ef,1,1767.567164
2026/02/04/23:49:01,apply-time,rs-001778-m5g6h,339997e4-9ea4-40cf-bf3e-4371e6d1f3ca,1,1767.567164
2026/02/04/23:49:01,running-time,rs-001778-m5g6h,339997e4-9ea4-40cf-bf3e-4371e6d1f3ca,1,1767.567164
2026/02/04/23:49:01,apply-time,rs-001778-sz7ct,5db74d65-ed4d-467e-9915-cf1aed09f5d9,1,1767.567164
2026/02/04/23:49:01,running-time,rs-001778-sz7ct,5db74d65-ed4d-467e-9915-cf1aed09f5d9,1,1767.567164
2026/02/04/23:49:01,apply-time,rs-001779-wspvf,6700522b-bb77-4d90-abed-9c88399f577d,1,1767.567164
2026/02/04/23:49:01,running-time,rs-001779-wspvf,6700522b-bb77-4d90-abed-9c88399f577d,1,1767.567164
2026/02/04/23:49:01,apply-time,rs-001780-xlr58,6c4ff8e8-abd3-467c-8a94-ff17e4a8f21b,1,1768.567164
2026/02/04/23:49:01,running-time,rs-001780-xlr58,6c4ff8e8-abd3-467c-8a94-ff17e4a8f21b,1,1768.567164
2026/02/04/23:49:01,apply-time,rs-001781-8thd9,e269b3bc-7699-4ad7-827c-b86d5f0f773d,1,1768.567164
2026/02/04/23:49:01,running-time,rs-001781-8thd9,e269b3bc-7699-4ad7-827c-b86d5f0f773d,1,1768.567164
2026/02/04/23:49:01,apply-time,rs-001782-7q68d,2eeaff66-9a80-417b-b552-e4e68203bb2a,1,1768.567164
2026/02/04/23:49:01,running-time,rs-001782-7q68d,2eeaff66-9a80-417b-b552-e4e68203bb2a,1,1768.567164
2026/02/04/23:49:02,apply-time,rs-001781-xcz7n,2b5b94a5-3f4a-4eec-9c2c-90cdc31c84ad,1,1768.567164
2026/02/04/23:49:02,running-time,rs-001781-xcz7n,2b5b94a5-3f4a-4eec-9c2c-90cdc31c84ad,1,1768.567164
2026/02/04/23:49:02,apply-time,rs-001781-z2x5x,fa8a9fc2-2a9a-47d9-aa61-99928d72e693,1,1768.567164
2026/02/04/23:49:02,running-time,rs-001781-z2x5x,fa8a9fc2-2a9a-47d9-aa61-99928d72e693,1,1768.567164
2026/02/04/23:49:02,apply-time,rs-001782-tc52j,735ddea9-7b07-4a3a-a9d5-55e81757a648,1,1768.567164
2026/02/04/23:49:02,running-time,rs-001782-tc52j,735ddea9-7b07-4a3a-a9d5-55e81757a648,1,1768.567164
2026/02/04/23:49:02,apply-time,rs-001783-m4vqp,95e4d717-0abe-4295-baf3-f949c037ce47,1,1769.567164
2026/02/04/23:49:02,running-time,rs-001783-m4vqp,95e4d717-0abe-4295-baf3-f949c037ce47,1,1769.567164
2026/02/04/23:49:02,apply-time,rs-001783-pcl87,d36764a4-8b4f-451b-b091-3164a7826a73,1,1769.567164
2026/02/04/23:49:02,running-time,rs-001783-pcl87,d36764a4-8b4f-451b-b091-3164a7826a73,1,1769.567164
2026/02/04/23:49:02,apply-time,rs-001783-qfz8h,8b07aaed-c4a3-49dc-b632-e6971ecd1d9e,1,1768.567164
2026/02/04/23:49:02,running-time,rs-001783-qfz8h,8b07aaed-c4a3-49dc-b632-e6971ecd1d9e,1,1768.567164
2026/02/04/23:49:02,apply-time,rs-001784-kqwjl,b6b95566-e5d1-419f-9a9c-5925ebda34bc,1,1768.567164
2026/02/04/23:49:02,running-time,rs-001784-kqwjl,b6b95566-e5d1-419f-9a9c-5925ebda34bc,1,1768.567164
2026/02/04/23:49:02,apply-time,rs-001784-lpgwz,a2e1a8d4-6bb6-46f5-9638-fb3ad60088e8,1,1769.567164
2026/02/04/23:49:02,running-time,rs-001784-lpgwz,a2e1a8d4-6bb6-46f5-9638-fb3ad60088e8,1,1769.567164
2026/02/04/23:49:02,apply-time,rs-001785-nf4vp,12437b03-c88c-49b7-b207-5355c3d189c5,1,1769.567164
2026/02/04/23:49:02,apply-time,rs-001786-74dc7,8cb6fd83-57e7-48d6-b98d-201837a75ac3,1,1769.567164
2026/02/04/23:49:02,running-time,rs-001786-74dc7,8cb6fd83-57e7-48d6-b98d-201837a75ac3,1,1769.567164
2026/02/04/23:49:02,apply-time,rs-001788-kjqg6,a384d0cf-82f9-4851-94b0-45c433edac3a,1,1769.567164
2026/02/04/23:49:02,running-time,rs-001788-kjqg6,a384d0cf-82f9-4851-94b0-45c433edac3a,1,1769.567164
2026/02/04/23:49:03,apply-time,rs-001787-4vc8g,c4d171c9-407e-4417-b128-ad03aa0574bc,1,1769.567164
2026/02/04/23:49:03,running-time,rs-001787-4vc8g,c4d171c9-407e-4417-b128-ad03aa0574bc,1,1769.567164
2026/02/04/23:49:03,apply-time,rs-001787-7djbw,142fb334-1873-47c8-ad3b-64fe4e383bbd,1,1769.567164
2026/02/04/23:49:03,running-time,rs-001787-7djbw,142fb334-1873-47c8-ad3b-64fe4e383bbd,1,1770.567164
2026/02/04/23:49:03,apply-time,rs-001787-cmtpc,f3ccf636-367f-4438-a748-6f27f3f564db,1,1770.567164
2026/02/04/23:49:03,running-time,rs-001787-cmtpc,f3ccf636-367f-4438-a748-6f27f3f564db,1,1770.567164
2026/02/04/23:49:03,apply-time,rs-001788-pkxtb,17ffb841-07d5-4fc0-98db-3e2a091ee13d,1,1769.567164
2026/02/04/23:49:03,running-time,rs-001788-pkxtb,17ffb841-07d5-4fc0-98db-3e2a091ee13d,1,1769.567164
2026/02/04/23:49:03,apply-time,rs-001789-mlkhr,9d080b89-d057-4839-9446-26fac5bfd197,1,1769.567164
2026/02/04/23:49:03,apply-time,rs-001789-rzf8x,ed1594c8-2727-4183-8bf1-2896c297061b,1,1770.567164
2026/02/04/23:49:03,apply-time,rs-001790-f595n,28e771ec-5db1-4e67-bc1b-5c8cdba768b3,1,1770.567164
2026/02/04/23:49:03,running-time,rs-001790-f595n,28e771ec-5db1-4e67-bc1b-5c8cdba768b3,1,1770.567164
2026/02/04/23:49:03,apply-time,rs-001790-vhnsd,64cbe855-9e8a-48de-848e-d095171aa129,1,1769.567164
2026/02/04/23:49:03,running-time,rs-001790-vhnsd,64cbe855-9e8a-48de-848e-d095171aa129,1,1769.567164
2026/02/04/23:49:03,apply-time,rs-001791-9xh9j,f36e2890-6d50-4ba5-831c-37849cc3577d,1,1770.567164
2026/02/04/23:49:13,apply-time,rs-001792-ljmvq,609646f3-e684-4c09-a7ab-e38b15e3909f,1,1779.567164
2026/02/04/23:49:13,running-time,rs-001792-ljmvq,609646f3-e684-4c09-a7ab-e38b15e3909f,1,1779.567164
2026/02/04/23:49:13,apply-time,rs-001793-mlszr,596f8b81-8fbb-4d90-98e5-3dd106d48a52,1,1779.567164
2026/02/04/23:49:13,running-time,rs-001793-mlszr,596f8b81-8fbb-4d90-98e5-3dd106d48a52,1,1779.567164
2026/02/04/23:49:13,apply-time,rs-001794-5dw6t,5ca97df2-4b92-49bb-9ee1-33278d0b6d83,1,1779.567164
2026/02/04/23:49:13,running-time,rs-001794-5dw6t,5ca97df2-4b92-49bb-9ee1-33278d0b6d83,1,1779.567164
2026/02/04/23:49:13,apply-time,rs-001794-dckx9,1ee34ded-2d45-4182-93b7-7e61a0ee2849,1,1779.567164
2026/02/04/23:49:13,running-time,rs-001794-dckx9,1ee34ded-2d45-4182-93b7-7e61a0ee2849,1,1779.567164
2026/02/04/23:49:13,apply-time,rs-001794-xxq4n,5e275279-2a35-4198-8d14-89c182732a1d,1,1779.567164
2026/02/04/23:49:13,running-time,rs-001794-xxq4n,5e275279-2a35-4198-8d14-89c182732a1d,1,1779.567164
2026/02/04/23:49:13,apply-time,rs-001795-2z5sg,a2d8fd35-2d21-4d68-bc66-029ca64ed0dc,1,1779.567164
2026/02/04/23:49:13,running-time,rs-001795-2z5sg,a2d8fd35-2d21-4d68-bc66-029ca64ed0dc,1,1779.567164
2026/02/04/23:49:13,apply-time,rs-001795-qjjxz,f41fda7f-d5b2-443a-a4a7-955e98083316,1,1779.567164
2026/02/04/23:49:13,running-time,rs-001795-qjjxz,f41fda7f-d5b2-443a-a4a7-955e98083316,1,1779.567164
2026/02/04/23:49:17,apply-time,rs-001796-2f2v8,94e9bba2-f8a8-4e9c-a37c-b2f9d7261756,1,1784.567164
2026/02/04/23:49:17,running-time,rs-001796-2f2v8,94e9bba2-f8a8-4e9c-a37c-b2f9d7261756,1,1784.567164
2026/02/04/23:49:17,apply-time,rs-001796-9tp5v,20f31396-3eb1-4a83-869d-b4c5ed4d8535,1,1784.567164
2026/02/04/23:49:17,running-time,rs-001796-9tp5v,20f31396-3eb1-4a83-869d-b4c5ed4d8535,1,1784.567164
2026/02/04/23:49:18,apply-time,rs-001797-llkwk,7c7fc623-e312-4efc-81c8-d519f550aea1,1,1784.567164
2026/02/04/23:49:18,running-time,rs-001797-llkwk,7c7fc623-e312-4efc-81c8-d519f550aea1,1,1784.567164
2026/02/04/23:49:18,apply-time,rs-001798-5pfn2,acef7ce3-b659-4d5a-b4e3-822764ffda3b,1,1784.567164
2026/02/04/23:49:18,running-time,rs-001798-5pfn2,acef7ce3-b659-4d5a-b4e3-822764ffda3b,1,1784.567164
2026/02/04/23:49:18,apply-time,rs-001798-z22xt,2a3ffc32-8eb2-45fb-bca0-41fecaae8f71,1,1784.567164
2026/02/04/23:49:18,running-time,rs-001798-z22xt,2a3ffc32-8eb2-45fb-bca0-41fecaae8f71,1,1784.567164
2026/02/04/23:49:19,apply-time,rs-001799-4d4xm,ac1f92e6-a679-447b-a10b-c305ae715206,1,1786.567164
2026/02/04/23:49:19,running-time,rs-001799-4d4xm,ac1f92e6-a679-447b-a10b-c305ae715206,1,1786.567164
2026/02/04/23:49:19,apply-time,rs-001800-2rf6r,b7b50f64-8e20-4194-9a1f-6dbf9507ed6e,1,1786.567164
2026/02/04/23:49:19,running-time,rs-001800-2rf6r,b7b50f64-8e20-4194-9a1f-6dbf9507ed6e,1,1786.567164
2026/02/04/23:49:19,apply-time,rs-001800-vjpcf,de5516bb-cf93-478c-b676-b9ab6ccf4b8a,1,1786.567164
2026/02/04/23:49:19,running-time,rs-001800-vjpcf,de5516bb-cf93-478c-b676-b9ab6ccf4b8a,1,1786.567164
2026/02/04/23:49:19,apply-time,rs-001801-clz4t,aa82d8bb-c95c-4bcf-a0e6-e3628826083b,1,1786.567164
2026/02/04/23:49:19,running-time,rs-001801-clz4t,aa82d8bb-c95c-4bcf-a0e6-e3628826083b,1,1786.567164
2026/02/04/23:49:19,apply-time,rs-001802-9t99h,b1402291-f1cb-46db-bd61-7a5630b136ef,1,1786.567164
2026/02/04/23:49:19,running-time,rs-001802-9t99h,b1402291-f1cb-46db-bd61-7a5630b136ef,1,1786.567164
2026/02/04/23:49:19,apply-time,rs-001802-fldkv,30485228-b986-42f3-98c2-ac74b631b579,1,1786.567164
2026/02/04/23:49:19,running-time,rs-001802-fldkv,30485228-b986-42f3-98c2-ac74b631b579,1,1786.567164
2026/02/04/23:49:19,apply-time,rs-001802-pdxwd,e9bd98fd-e90e-424b-ad0a-6c7f7f66fe56,1,1786.567164
2026/02/04/23:49:19,running-time,rs-001802-pdxwd,e9bd98fd-e90e-424b-ad0a-6c7f7f66fe56,1,1786.567164
2026/02/04/23:49:25,apply-time,rs-001803-2hw2z,7f999c6e-d466-484b-8662-0dcd5f69a81f,1,1791.567164
2026/02/04/23:49:25,running-time,rs-001803-2hw2z,7f999c6e-d466-484b-8662-0dcd5f69a81f,1,1791.567164
2026/02/04/23:49:25,apply-time,rs-001803-mz6dh,8949a48f-b85a-44f6-9dd3-21e6aae6b0d0,1,1791.567164
2026/02/04/23:49:25,running-time,rs-001803-mz6dh,8949a48f-b85a-44f6-9dd3-21e6aae6b0d0,1,1791.567164
2026/02/04/23:49:25,apply-time,rs-001804-nr7wb,8b241450-3de7-4583-a0a4-425e40199047,1,1791.567164
2026/02/04/23:49:25,running-time,rs-001804-nr7wb,8b241450-3de7-4583-a0a4-425e40199047,1,1791.567164
2026/02/04/23:49:25,apply-time,rs-001805-z5wmk,f2466d16-737b-432b-90d0-93607fcf2401,1,1791.567164
2026/02/04/23:49:25,running-time,rs-001805-z5wmk,f2466d16-737b-432b-90d0-93607fcf2401,1,1791.567164
2026/02/04/23:49:40,apply-time,rs-001806-qhgnx,67598ed2-95b1-4dd2-8f58-3bc0ea7e97c8,1,1807.567164
2026/02/04/23:49:40,running-time,rs-001806-qhgnx,67598ed2-95b1-4dd2-8f58-3bc0ea7e97c8,1,1807.567164
2026/02/04/23:49:40,apply-time,rs-001807-gd4j5,584316ff-dd87-4e80-9cee-08611896cf3f,1,1807.567164
2026/02/04/23:49:40,running-time,rs-001807-gd4j5,584316ff-dd87-4e80-9cee-08611896cf3f,1,1807.567164
2026/02/04/23:49:40,apply-time,rs-001807-ghtk7,a4bbb788-2598-4327-8425-002aebd45587,1,1807.567164
2026/02/04/23:49:40,running-time,rs-001807-ghtk7,a4bbb788-2598-4327-8425-002aebd45587,1,1807.567164
2026/02/04/23:49:40,apply-time,rs-001808-7m6k6,12eccee7-c7bf-4992-b613-91f636737d7f,1,1807.567164
2026/02/04/23:49:40,apply-time,rs-001809-dgzmb,44ce9be5-b530-475c-91ee-ef188593527b,1,1807.567164
2026/02/04/23:49:40,running-time,rs-001809-dgzmb,44ce9be5-b530-475c-91ee-ef188593527b,1,1807.567164
2026/02/04/23:49:41,running-time,rs-001808-7m6k6,12eccee7-c7bf-4992-b613-91f636737d7f,1,1807.567164
2026/02/04/23:49:41,apply-time,rs-001810-24mq2,69dcc07d-e1c0-429e-b312-a223207b83a3,1,1807.567164
2026/02/04/23:49:41,running-time,rs-001810-24mq2,69dcc07d-e1c0-429e-b312-a223207b83a3,1,1807.567164
2026/02/04/23:49:41,apply-time,rs-001810-h9sz8,fdab9cc5-da26-4d70-adde-aff7e1c93935,1,1807.567164
2026/02/04/23:49:41,running-time,rs-001810-h9sz8,fdab9cc5-da26-4d70-adde-aff7e1c93935,1,1807.567164
2026/02/04/23:49:51,apply-time,rs-001811-jjmgp,56b3dced-dc30-491a-80e7-14eff4531c83,1,1817.567164
2026/02/04/23:49:51,running-time,rs-001811-jjmgp,56b3dced-dc30-491a-80e7-14eff4531c83,1,1817.567164
2026/02/04/23:49:51,apply-time,rs-001812-hszbh,50e76fc1-8c53-4580-938e-cea24a561aaa,1,1817.567164
2026/02/04/23:49:51,running-time,rs-001812-hszbh,50e76fc1-8c53-4580-938e-cea24a561aaa,1,1817.567164
2026/02/04/23:49:51,apply-time,rs-001813-76m7j,ec99df45-fe16-4c5c-8d5c-794124ad05e3,1,1817.567164
2026/02/04/23:49:51,running-time,rs-001813-76m7j,ec99df45-fe16-4c5c-8d5c-794124ad05e3,1,1817.567164
2026/02/04/23:49:51,apply-time,rs-001813-vmv8n,67966c9c-2c66-464c-8f8d-deabc4accd50,1,1817.567164
2026/02/04/23:49:51,running-time,rs-001813-vmv8n,67966c9c-2c66-464c-8f8d-deabc4accd50,1,1817.567164
2026/02/04/23:49:51,apply-time,rs-001814-gtbkm,a04df3ec-2b13-4f06-bc05-325e92e7ca18,1,1817.567164
2026/02/04/23:49:51,running-time,rs-001814-gtbkm,a04df3ec-2b13-4f06-bc05-325e92e7ca18,1,1817.567164
2026/02/04/23:49:51,apply-time,rs-001814-pvn89,12eff252-ef4c-4794-88e6-7ea27e4b329f,1,1817.567164
2026/02/04/23:49:51,running-time,rs-001814-pvn89,12eff252-ef4c-4794-88e6-7ea27e4b329f,1,1817.567164
2026/02/04/23:49:51,apply-time,rs-001815-ftgx6,a70ffcce-7a00-40c4-8895-89c28c921a0b,1,1817.567164
2026/02/04/23:49:51,running-time,rs-001815-ftgx6,a70ffcce-7a00-40c4-8895-89c28c921a0b,1,1817.567164
2026/02/04/23:49:51,apply-time,rs-001816-ppqrp,fb8bd752-6269-44db-bf6d-7978f70ee133,1,1817.567164
2026/02/04/23:49:51,running-time,rs-001816-ppqrp,fb8bd752-6269-44db-bf6d-7978f70ee133,1,1817.567164
2026/02/04/23:49:51,apply-time,rs-001816-rvk9x,3c0578ca-a64a-4e1f-af11-8081bba0638e,1,1817.567164
2026/02/04/23:49:51,running-time,rs-001816-rvk9x,3c0578ca-a64a-4e1f-af11-8081bba0638e,1,1817.567164
2026/02/04/23:49:51,apply-time,rs-001817-5r95x,54a678d0-a13e-4a73-ac40-4623184fe1d1,1,1817.567164
2026/02/04/23:49:51,running-time,rs-001817-5r95x,54a678d0-a13e-4a73-ac40-4623184fe1d1,1,1817.567164
2026/02/04/23:49:51,apply-time,rs-001817-zqdlv,9883b29f-b1f0-4f6f-97c5-2fa79d742d0e,1,1818.567164
2026/02/04/23:49:51,running-time,rs-001817-zqdlv,9883b29f-b1f0-4f6f-97c5-2fa79d742d0e,1,1818.567164
2026/02/04/23:49:53,apply-time,rs-001818-jm98z,eba024bf-4d05-46e8-a67e-ea817befea0d,1,1820.567164
2026/02/04/23:49:54,running-time,rs-001818-jm98z,eba024bf-4d05-46e8-a67e-ea817befea0d,1,1820.567164
2026/02/04/23:49:54,apply-time,rs-001819-dj5rz,a344229a-6af9-4faf-811e-853d3a7cebe6,1,1820.567164
2026/02/04/23:49:54,running-time,rs-001819-dj5rz,a344229a-6af9-4faf-811e-853d3a7cebe6,1,1820.567164
2026/02/04/23:49:54,apply-time,rs-001820-d45xw,0a555121-a67e-491c-b7b4-9989d0ac41ff,1,1820.567164
2026/02/04/23:49:54,running-time,rs-001820-d45xw,0a555121-a67e-491c-b7b4-9989d0ac41ff,1,1820.567164
2026/02/04/23:49:54,apply-time,rs-001821-8mq7h,db46e531-f0fc-4a15-8672-61801a54cab5,1,1820.567164
2026/02/04/23:49:54,running-time,rs-001821-8mq7h,db46e531-f0fc-4a15-8672-61801a54cab5,1,1820.567164
2026/02/04/23:49:54,apply-time,rs-001821-xlbw7,420dbecf-e6ce-4b86-9350-bdf289ca33ef,1,1820.567164
2026/02/04/23:49:54,running-time,rs-001821-xlbw7,420dbecf-e6ce-4b86-9350-bdf289ca33ef,1,1820.567164
2026/02/04/23:49:54,apply-time,rs-001822-6jrc2,740341ae-1ff4-489b-a41d-e5af049c8375,1,1820.567164
2026/02/04/23:49:54,running-time,rs-001822-6jrc2,740341ae-1ff4-489b-a41d-e5af049c8375,1,1820.567164
2026/02/04/23:49:54,apply-time,rs-001822-lg8g2,df996f35-db85-4c79-9242-ad602c56950c,1,1820.567164
2026/02/04/23:49:54,running-time,rs-001822-lg8g2,df996f35-db85-4c79-9242-ad602c56950c,1,1820.567164
2026/02/04/23:49:54,apply-time,rs-001822-mcxtn,f63221e0-32d5-4167-920a-cd20795be2c7,1,1820.567164
2026/02/04/23:49:54,running-time,rs-001822-mcxtn,f63221e0-32d5-4167-920a-cd20795be2c7,1,1820.567164
2026/02/04/23:49:56,apply-time,rs-001823-p5qm9,e7c8a754-ff28-4a49-b2e2-8f6eb8531dc0,1,1822.567164
2026/02/04/23:49:56,running-time,rs-001823-p5qm9,e7c8a754-ff28-4a49-b2e2-8f6eb8531dc0,1,1822.567164
2026/02/04/23:49:56,apply-time,rs-001824-gsdkr,e3d305f9-1dd9-4e9e-9d8e-287663b1890d,1,1823.567164
2026/02/04/23:49:56,running-time,rs-001824-gsdkr,e3d305f9-1dd9-4e9e-9d8e-287663b1890d,1,1823.567164
2026/02/04/23:49:56,apply-time,rs-001824-js9bd,cb3f683d-af3c-4590-9f83-aee6d464fa73,1,1823.567164
2026/02/04/23:49:56,running-time,rs-001824-js9bd,cb3f683d-af3c-4590-9f83-aee6d464fa73,1,1823.567164
2026/02/04/23:49:56,apply-time,rs-001825-97r48,0b75078d-0e26-422c-9f03-ab7da77534b0,1,1823.567164
2026/02/04/23:49:56,running-time,rs-001825-97r48,0b75078d-0e26-422c-9f03-ab7da77534b0,1,1823.567164
2026/02/04/23:49:56,apply-time,rs-001825-9hx5c,314a3124-a994-4441-b723-37bab52d477f,1,1823.567164
2026/02/04/23:49:56,running-time,rs-001825-9hx5c,314a3124-a994-4441-b723-37bab52d477f,1,1823.567164
2026/02/04/23:49:56,apply-time,rs-001825-v6qcd,2b500cd2-da3e-4999-be10-e7dbb8d5b2bf,1,1823.567164
2026/02/04/23:49:56,running-time,rs-001825-v6qcd,2b500cd2-da3e-4999-be10-e7dbb8d5b2bf,1,1823.567164
2026/02/04/23:49:56,apply-time,rs-001826-nhddn,5e22e473-2dec-4015-a79c-29d6ed947e22,1,1823.567164
2026/02/04/23:49:56,running-time,rs-001826-nhddn,5e22e473-2dec-4015-a79c-29d6ed947e22,1,1823.567164
2026/02/04/23:49:56,apply-time,rs-001827-pzqqc,5c4b5187-74b0-460f-a370-cfdfe2e50349,1,1823.567164
2026/02/04/23:49:56,running-time,rs-001827-pzqqc,5c4b5187-74b0-460f-a370-cfdfe2e50349,1,1823.567164
2026/02/04/23:49:57,apply-time,rs-001828-r2fxm,a379fe68-b67f-40ed-8ec6-0347c857eeda,1,1823.567164
2026/02/04/23:49:57,running-time,rs-001828-r2fxm,a379fe68-b67f-40ed-8ec6-0347c857eeda,1,1823.567164
2026/02/04/23:49:57,apply-time,rs-001828-wpgbg,39f01cf0-6f82-4fb0-a44a-a9700ae497ae,1,1823.567164
2026/02/04/23:49:57,running-time,rs-001828-wpgbg,39f01cf0-6f82-4fb0-a44a-a9700ae497ae,1,1823.567164
2026/02/04/23:49:57,apply-time,rs-001828-ztq52,4b92582e-a27a-4c97-9bd0-bda6b095d8d7,1,1823.567164
2026/02/04/23:49:57,running-time,rs-001828-ztq52,4b92582e-a27a-4c97-9bd0-bda6b095d8d7,1,1823.567164
2026/02/04/23:49:57,apply-time,rs-001829-7k6jg,cc146954-6d00-43c6-9de8-5eae13fbe60d,1,1823.567164
2026/02/04/23:49:57,running-time,rs-001829-7k6jg,cc146954-6d00-43c6-9de8-5eae13fbe60d,1,1823.567164
2026/02/04/23:49:57,apply-time,rs-001829-8flkc,b2c7074e-34e6-4bf5-b2a3-ed6296da1e59,1,1823.567164
2026/02/04/23:49:57,running-time,rs-001829-8flkc,b2c7074e-34e6-4bf5-b2a3-ed6296da1e59,1,1823.567164
2026/02/04/23:49:57,apply-time,rs-001829-vmcr4,b7c97192-5b14-4ba1-970d-c0555f3fab60,1,1823.567164
2026/02/04/23:49:57,running-time,rs-001829-vmcr4,b7c97192-5b14-4ba1-970d-c0555f3fab60,1,1823.567164
2026/02/04/23:49:57,apply-time,rs-001830-nhqdb,d0a505cd-73eb-4dc5-abf4-8b304ee4cd91,1,1824.567164
2026/02/04/23:49:57,running-time,rs-001830-nhqdb,d0a505cd-73eb-4dc5-abf4-8b304ee4cd91,1,1824.567164
2026/02/04/23:49:58,apply-time,rs-001831-czg2k,a3f52bad-c69e-459b-b194-471a5e3dca85,1,1824.567164
2026/02/04/23:49:58,running-time,rs-001831-czg2k,a3f52bad-c69e-459b-b194-471a5e3dca85,1,1824.567164
2026/02/04/23:49:58,apply-time,rs-001832-q2dgf,df86508e-5bf2-4ad3-b854-6b0cbafdc620,1,1824.567164
2026/02/04/23:49:58,running-time,rs-001832-q2dgf,df86508e-5bf2-4ad3-b854-6b0cbafdc620,1,1824.567164
2026/02/04/23:49:58,apply-time,rs-001833-ll9jt,d6b2d9a4-04c1-4029-a921-926208be61f4,1,1824.567164
2026/02/04/23:49:58,running-time,rs-001833-ll9jt,d6b2d9a4-04c1-4029-a921-926208be61f4,1,1824.567164
2026/02/04/23:49:58,apply-time,rs-001834-5dxtl,874c3fa6-4731-4671-839e-10093692d588,1,1825.567164
2026/02/04/23:49:58,running-time,rs-001834-5dxtl,874c3fa6-4731-4671-839e-10093692d588,1,1825.567164
2026/02/04/23:49:58,apply-time,rs-001834-v6b7s,261e0d8e-bed7-4f32-925e-0de8cecef365,1,1825.567164
2026/02/04/23:49:58,apply-time,rs-001835-9d2xq,356e8207-9a33-4c93-b472-9e85b295e400,1,1824.567164
2026/02/04/23:49:58,running-time,rs-001835-9d2xq,356e8207-9a33-4c93-b472-9e85b295e400,1,1824.567164
2026/02/04/23:49:58,apply-time,rs-001836-qbnfz,476b70e9-9820-488a-a7cc-645f3920ae8d,1,1825.567164
2026/02/04/23:49:58,running-time,rs-001836-qbnfz,476b70e9-9820-488a-a7cc-645f3920ae8d,1,1825.567164
2026/02/04/23:49:59,running-time,rs-001834-v6b7s,261e0d8e-bed7-4f32-925e-0de8cecef365,1,1825.567164
2026/02/04/23:49:59,apply-time,rs-001836-fwb4h,069de3f2-6021-4f15-9348-0d62e8a9c35c,1,1825.567164
2026/02/04/23:49:59,running-time,rs-001836-fwb4h,069de3f2-6021-4f15-9348-0d62e8a9c35c,1,1825.567164
2026/02/04/23:49:59,apply-time,rs-001836-r52jm,9f5b7d07-35a5-480d-912a-5084f8c51307,1,1825.567164
2026/02/04/23:49:59,running-time,rs-001836-r52jm,9f5b7d07-35a5-480d-912a-5084f8c51307,1,1825.567164
2026/02/04/23:49:59,apply-time,rs-001837-lhrn2,ef06d99c-fd92-46d6-9c79-6489c06d33ed,1,1825.567164
2026/02/04/23:49:59,running-time,rs-001837-lhrn2,ef06d99c-fd92-46d6-9c79-6489c06d33ed,1,1825.567164
2026/02/04/23:49:59,apply-time,rs-001838-9ptsb,49c59995-0c4c-4610-b22c-f45d6fae9f46,1,1826.567164
2026/02/04/23:49:59,running-time,rs-001838-9ptsb,49c59995-0c4c-4610-b22c-f45d6fae9f46,1,1826.567164
2026/02/04/23:49:59,apply-time,rs-001838-s9d28,51fcab35-cd7a-485c-a541-dff8feb346ca,1,1825.567164
2026/02/04/23:49:59,running-time,rs-001838-s9d28,51fcab35-cd7a-485c-a541-dff8feb346ca,1,1825.567164
2026/02/04/23:49:59,apply-time,rs-001838-zv8bh,c56da146-ca05-4357-a7b5-d45f109e8258,1,1826.567164
2026/02/04/23:49:59,running-time,rs-001838-zv8bh,c56da146-ca05-4357-a7b5-d45f109e8258,1,1826.567164
2026/02/04/23:49:59,apply-time,rs-001839-hwkl4,8c3b2951-12e5-4389-843d-18aacd60f544,1,1826.567164
2026/02/04/23:49:59,running-time,rs-001839-hwkl4,8c3b2951-12e5-4389-843d-18aacd60f544,1,1826.567164
2026/02/04/23:49:59,apply-time,rs-001840-sg5hf,753059cd-bdd7-435d-a087-0e47995365d3,1,1826.567164
2026/02/04/23:49:59,running-time,rs-001840-sg5hf,753059cd-bdd7-435d-a087-0e47995365d3,1,1826.567164
2026/02/04/23:49:59,apply-time,rs-001841-4rb9m,c5d1fab7-0e34-4d2b-9bb9-f52922792e8e,1,1826.567164
2026/02/04/23:49:59,running-time,rs-001841-4rb9m,c5d1fab7-0e34-4d2b-9bb9-f52922792e8e,1,1826.567164
2026/02/04/23:49:59,apply-time,rs-001842-tmwnj,69051cfb-d923-4e17-b8e6-6c2fc3aa2f7f,1,1826.567164
2026/02/04/23:50:00,apply-time,rs-001839-g2nlr,255f0250-01c5-4082-952e-13b11283fca3,1,1826.567164
2026/02/04/23:50:00,running-time,rs-001839-g2nlr,255f0250-01c5-4082-952e-13b11283fca3,1,1826.567164
2026/02/04/23:50:00,apply-time,rs-001839-gd92g,4d84e193-c501-46c4-9d96-edb965401ed6,1,1826.567164
2026/02/04/23:50:00,running-time,rs-001839-gd92g,4d84e193-c501-46c4-9d96-edb965401ed6,1,1826.567164
2026/02/04/23:50:00,apply-time,rs-001840-flxlj,b9eca655-d43f-4c17-afcc-a00c913273ea,1,1826.567164
2026/02/04/23:50:00,running-time,rs-001840-flxlj,b9eca655-d43f-4c17-afcc-a00c913273ea,1,1826.567164
2026/02/04/23:50:00,apply-time,rs-001841-b7tbg,521e5878-fa4b-431d-a452-d138458d5bfa,1,1826.567164
2026/02/04/23:50:00,running-time,rs-001841-b7tbg,521e5878-fa4b-431d-a452-d138458d5bfa,1,1826.567164
2026/02/04/23:50:00,apply-time,rs-001841-vxgkm,e67bf6a6-8771-440a-a3a2-abc3c7dbae7a,1,1826.567164
2026/02/04/23:50:00,running-time,rs-001841-vxgkm,e67bf6a6-8771-440a-a3a2-abc3c7dbae7a,1,1826.567164
2026/02/04/23:50:00,running-time,rs-001842-tmwnj,69051cfb-d923-4e17-b8e6-6c2fc3aa2f7f,1,1826.567164
2026/02/04/23:50:00,apply-time,rs-001843-6q8rf,3f97e5a2-3997-4253-9166-2469aea34088,1,1827.567164
2026/02/04/23:50:00,running-time,rs-001843-6q8rf,3f97e5a2-3997-4253-9166-2469aea34088,1,1827.567164
2026/02/04/23:50:00,apply-time,rs-001843-b865q,a2060a7f-d847-49c0-a9a0-4f1c0929853c,1,1827.567164
2026/02/04/23:50:00,running-time,rs-001843-b865q,a2060a7f-d847-49c0-a9a0-4f1c0929853c,1,1827.567164
2026/02/04/23:50:11,apply-time,rs-001844-hdbh9,92663e99-6d1b-4e67-96cf-d46bb726696d,1,1837.567164
2026/02/04/23:50:11,running-time,rs-001844-hdbh9,92663e99-6d1b-4e67-96cf-d46bb726696d,1,1837.567164
2026/02/04/23:50:11,apply-time,rs-001845-l8k74,012e8920-9ab1-4084-9f24-917dce1fc047,1,1837.567164
2026/02/04/23:50:11,running-time,rs-001845-l8k74,012e8920-9ab1-4084-9f24-917dce1fc047,1,1837.567164
2026/02/04/23:50:11,apply-time,rs-001846-8tfwq,0183c5c9-9e19-45bd-822b-039d4989f78f,1,1837.567164
2026/02/04/23:50:11,running-time,rs-001846-8tfwq,0183c5c9-9e19-45bd-822b-039d4989f78f,1,1837.567164
2026/02/04/23:50:11,apply-time,rs-001847-wkktq,59e1a820-05fd-4736-8a6f-d47c65198baf,1,1837.567164
2026/02/04/23:50:11,running-time,rs-001847-wkktq,59e1a820-05fd-4736-8a6f-d47c65198baf,1,1837.567164
2026/02/04/23:50:11,apply-time,rs-001848-4lblm,e7b06651-2a00-4dfa-ab74-72aa8f4e5c24,1,1837.567164
2026/02/04/23:50:11,running-time,rs-001848-4lblm,e7b06651-2a00-4dfa-ab74-72aa8f4e5c24,1,1837.567164
2026/02/04/23:50:11,apply-time,rs-001848-c4gpn,9b446690-9902-4673-ad98-c946e099c270,1,1837.567164
2026/02/04/23:50:11,running-time,rs-001848-c4gpn,9b446690-9902-4673-ad98-c946e099c270,1,1838.567164
2026/02/04/23:50:11,apply-time,rs-001848-d5286,89f71231-3139-4b3c-b48d-3b027c198cdf,1,1837.567164
2026/02/04/23:50:11,running-time,rs-001848-d5286,89f71231-3139-4b3c-b48d-3b027c198cdf,1,1838.567164
2026/02/04/23:50:11,apply-time,rs-001849-v6w4q,70c689e7-ee61-4c77-b562-355bf7559a5e,1,1838.567164
2026/02/04/23:50:11,running-time,rs-001849-v6w4q,70c689e7-ee61-4c77-b562-355bf7559a5e,1,1838.567164
2026/02/04/23:50:11,apply-time,rs-001850-btj85,63d42c59-ed6e-44f8-bebb-09bebe09c800,1,1838.567164
2026/02/04/23:50:11,running-time,rs-001850-btj85,63d42c59-ed6e-44f8-bebb-09bebe09c800,1,1838.567164
2026/02/04/23:50:11,apply-time,rs-001851-j84xk,4ef8584c-0f89-44c7-ba7d-6b63306891d5,1,1838.567164
2026/02/04/23:50:11,running-time,rs-001851-j84xk,4ef8584c-0f89-44c7-ba7d-6b63306891d5,1,1838.567164
2026/02/04/23:50:11,apply-time,rs-001852-nt9cm,d0e4b117-6c88-45ca-978c-c00e6dada12c,1,1838.567164
2026/02/04/23:50:11,running-time,rs-001852-nt9cm,d0e4b117-6c88-45ca-978c-c00e6dada12c,1,1838.567164
2026/02/04/23:50:12,apply-time,rs-001852-65ds7,597fb5f3-472e-4673-bb51-d429780dd000,1,1838.567164
2026/02/04/23:50:12,running-time,rs-001852-65ds7,597fb5f3-472e-4673-bb51-d429780dd000,1,1838.567164
2026/02/04/23:50:12,apply-time,rs-001852-j6xq9,3f06c93a-d4dd-4a07-9442-f1c167ced571,1,1838.567164
2026/02/04/23:50:12,running-time,rs-001852-j6xq9,3f06c93a-d4dd-4a07-9442-f1c167ced571,1,1838.567164
2026/02/04/23:50:20,apply-time,rs-001853-blxgp,c0b04cfb-9ed3-4056-b983-b64c4c62236d,1,1847.567164
2026/02/04/23:50:20,running-time,rs-001853-blxgp,c0b04cfb-9ed3-4056-b983-b64c4c62236d,1,1847.567164
2026/02/04/23:50:20,apply-time,rs-001853-jwrwd,bf849253-ccdc-4dda-8bbe-7ce407ac27e6,1,1847.567164
2026/02/04/23:50:20,running-time,rs-001853-jwrwd,bf849253-ccdc-4dda-8bbe-7ce407ac27e6,1,1847.567164
2026/02/04/23:50:20,apply-time,rs-001853-kh5v7,15ea656a-8351-47ef-873d-b87e9cd33255,1,1847.567164
2026/02/04/23:50:20,running-time,rs-001853-kh5v7,15ea656a-8351-47ef-873d-b87e9cd33255,1,1847.567164
2026/02/04/23:50:25,apply-time,rs-001854-h22vt,75ab23a0-ff13-45c3-a7e8-3e368b0f7141,1,1852.567164
2026/02/04/23:50:25,running-time,rs-001854-h22vt,75ab23a0-ff13-45c3-a7e8-3e368b0f7141,1,1852.567164
2026/02/04/23:50:25,apply-time,rs-001855-jc9hs,4cc99507-f9ce-43e1-97f2-ace4e478f874,1,1852.567164
2026/02/04/23:50:25,running-time,rs-001855-jc9hs,4cc99507-f9ce-43e1-97f2-ace4e478f874,1,1852.567164
2026/02/04/23:50:25,apply-time,rs-001856-ffkdm,f4c7c940-13b1-4577-9ba2-1c93e30b29c3,1,1852.567164
2026/02/04/23:50:25,running-time,rs-001856-ffkdm,f4c7c940-13b1-4577-9ba2-1c93e30b29c3,1,1852.567164
2026/02/04/23:50:25,apply-time,rs-001857-26bt7,69116d00-5484-4b80-bac9-c4977514a644,1,1852.567164
2026/02/04/23:50:25,running-time,rs-001857-26bt7,69116d00-5484-4b80-bac9-c4977514a644,1,1852.567164
2026/02/04/23:50:25,apply-time,rs-001857-6hx86,181009c7-d2db-4704-a68a-e95fa0155445,1,1852.567164
2026/02/04/23:50:25,running-time,rs-001857-6hx86,181009c7-d2db-4704-a68a-e95fa0155445,1,1852.567164
2026/02/04/23:50:25,apply-time,rs-001857-r5tpw,4f21d418-c234-485b-9d75-72e8aaa49505,1,1852.567164
2026/02/04/23:50:25,running-time,rs-001857-r5tpw,4f21d418-c234-485b-9d75-72e8aaa49505,1,1852.567164
2026/02/04/23:50:25,apply-time,rs-001858-6gmcv,5ee6da03-3643-4b5d-b95f-d47992ae2461,1,1852.567164
2026/02/04/23:50:25,running-time,rs-001858-6gmcv,5ee6da03-3643-4b5d-b95f-d47992ae2461,1,1852.567164
2026/02/04/23:50:25,apply-time,rs-001858-8vwcr,1bbef812-d691-4872-8878-7d0d597fafed,1,1852.567164
2026/02/04/23:50:25,running-time,rs-001858-8vwcr,1bbef812-d691-4872-8878-7d0d597fafed,1,1852.567164
2026/02/04/23:50:25,apply-time,rs-001858-x5jhw,7fcaa043-b971-48dc-8920-49e9f24cee6d,1,1852.567164
2026/02/04/23:50:25,running-time,rs-001858-x5jhw,7fcaa043-b971-48dc-8920-49e9f24cee6d,1,1852.567164
2026/02/04/23:50:26,apply-time,rs-001859-mhmhh,3253eacc-d969-4507-8704-d7e97b257cf9,1,1852.567164
2026/02/04/23:50:26,running-time,rs-001859-mhmhh,3253eacc-d969-4507-8704-d7e97b257cf9,1,1852.567164
2026/02/04/23:50:26,apply-time,rs-001860-jk6ng,14404c13-c193-4142-bc7c-9dc58c6b25ca,1,1852.567164
2026/02/04/23:50:26,running-time,rs-001860-jk6ng,14404c13-c193-4142-bc7c-9dc58c6b25ca,1,1852.567164
2026/02/04/23:50:26,apply-time,rs-001861-9gf4c,a1a6a466-1e57-4299-8a04-342d0ec06d95,1,1852.567164
2026/02/04/23:50:26,running-time,rs-001861-9gf4c,a1a6a466-1e57-4299-8a04-342d0ec06d95,1,1852.567164
2026/02/04/23:50:26,apply-time,rs-001862-2nlh9,5e288eaa-f0c1-44e7-b437-4e6512303e1b,1,1853.567164
2026/02/04/23:50:26,running-time,rs-001862-2nlh9,5e288eaa-f0c1-44e7-b437-4e6512303e1b,1,1853.567164
2026/02/04/23:50:26,apply-time,rs-001862-58c8h,26fde2df-7b7f-40c7-b464-292ee17a49dd,1,1853.567164
2026/02/04/23:50:26,running-time,rs-001862-58c8h,26fde2df-7b7f-40c7-b464-292ee17a49dd,1,1853.567164
2026/02/04/23:50:26,apply-time,rs-001862-99d99,337babc7-357d-4b81-b2a7-95c33001d726,1,1852.567164
2026/02/04/23:50:26,running-time,rs-001862-99d99,337babc7-357d-4b81-b2a7-95c33001d726,1,1852.567164
2026/02/04/23:50:26,apply-time,rs-001863-92xhr,87aa756e-9181-47ae-8bc0-6719e02b8c5b,1,1853.567164
2026/02/04/23:50:26,running-time,rs-001863-92xhr,87aa756e-9181-47ae-8bc0-6719e02b8c5b,1,1853.567164
2026/02/04/23:50:36,apply-time,rs-001864-74sgh,99ac4e3a-54cc-4a37-ba5e-f6070867337d,1,1862.567164
2026/02/04/23:50:36,running-time,rs-001864-74sgh,99ac4e3a-54cc-4a37-ba5e-f6070867337d,1,1862.567164
2026/02/04/23:50:36,apply-time,rs-001864-rnqrs,73508de5-a456-4145-8329-d8b767d4c757,1,1862.567164
2026/02/04/23:50:36,running-time,rs-001864-rnqrs,73508de5-a456-4145-8329-d8b767d4c757,1,1862.567164
2026/02/04/23:50:36,apply-time,rs-001865-jqrh5,63ec7809-3566-4fcb-9817-96c9bda4ee73,1,1862.567164
2026/02/04/23:50:36,running-time,rs-001865-jqrh5,63ec7809-3566-4fcb-9817-96c9bda4ee73,1,1862.567164
2026/02/04/23:50:36,apply-time,rs-001865-lxpp2,3cc232f4-14ba-4a10-8117-8cf87acc2f52,1,1862.567164
2026/02/04/23:50:36,running-time,rs-001865-lxpp2,3cc232f4-14ba-4a10-8117-8cf87acc2f52,1,1862.567164
2026/02/04/23:50:37,apply-time,rs-001866-vhz59,d47f23fa-ff84-4262-8ea6-4f328a8c32af,1,1864.567164
2026/02/04/23:50:37,running-time,rs-001866-vhz59,d47f23fa-ff84-4262-8ea6-4f328a8c32af,1,1864.567164
2026/02/04/23:50:37,apply-time,rs-001867-rmjlj,87d3a85b-23d0-4d76-9ec7-5e9e89a9288b,1,1864.567164
2026/02/04/23:50:37,running-time,rs-001867-rmjlj,87d3a85b-23d0-4d76-9ec7-5e9e89a9288b,1,1864.567164
2026/02/04/23:50:37,apply-time,rs-001868-f527b,7b37e189-4170-419b-80d0-be58ae38debc,1,1864.567164
2026/02/04/23:50:37,running-time,rs-001868-f527b,7b37e189-4170-419b-80d0-be58ae38debc,1,1864.567164
2026/02/04/23:50:38,apply-time,rs-001869-6kr2q,5f364117-4c04-4aa4-bc57-bf2af965beb4,1,1864.567164
2026/02/04/23:50:38,running-time,rs-001869-6kr2q,5f364117-4c04-4aa4-bc57-bf2af965beb4,1,1864.567164
2026/02/04/23:50:38,apply-time,rs-001869-bsl6g,a443a747-2830-4c7a-b1fd-e7ac782ce086,1,1864.567164
2026/02/04/23:50:38,running-time,rs-001869-bsl6g,a443a747-2830-4c7a-b1fd-e7ac782ce086,1,1864.567164
2026/02/04/23:50:38,apply-time,rs-001869-ntpfz,294f30da-6d19-468a-8515-5ba5e08a79cb,1,1864.567164
2026/02/04/23:50:38,running-time,rs-001869-ntpfz,294f30da-6d19-468a-8515-5ba5e08a79cb,1,1864.567164
2026/02/04/23:50:38,apply-time,rs-001870-v5jtc,1d6eae07-00b4-4d89-b0f9-fef145cf3a2f,1,1864.567164
2026/02/04/23:50:38,running-time,rs-001870-v5jtc,1d6eae07-00b4-4d89-b0f9-fef145cf3a2f,1,1865.567164
2026/02/04/23:50:38,apply-time,rs-001871-54l9p,d7bdb7fd-be17-484a-9426-7f5314ff175e,1,1865.567164
2026/02/04/23:50:38,running-time,rs-001871-54l9p,d7bdb7fd-be17-484a-9426-7f5314ff175e,1,1865.567164
2026/02/04/23:50:38,apply-time,rs-001871-dnf92,c0b3a410-a1c6-4b2a-8c69-33b22d42fb44,1,1865.567164
2026/02/04/23:50:38,running-time,rs-001871-dnf92,c0b3a410-a1c6-4b2a-8c69-33b22d42fb44,1,1865.567164
2026/02/04/23:50:38,apply-time,rs-001872-hdv6k,e888ab37-e324-42db-8379-fa934dbdbebf,1,1865.567164
2026/02/04/23:50:38,running-time,rs-001872-hdv6k,e888ab37-e324-42db-8379-fa934dbdbebf,1,1865.567164
2026/02/04/23:50:38,apply-time,rs-001873-bvvwg,11d8eff0-c1f8-490b-8155-a17a44808568,1,1865.567164
2026/02/04/23:50:38,running-time,rs-001873-bvvwg,11d8eff0-c1f8-490b-8155-a17a44808568,1,1865.567164
2026/02/04/23:50:38,apply-time,rs-001874-jst4f,ab05b1fe-2107-45a2-9c0d-9961c420850d,1,1865.567164
2026/02/04/23:50:38,running-time,rs-001874-jst4f,ab05b1fe-2107-45a2-9c0d-9961c420850d,1,1865.567164
2026/02/04/23:50:38,apply-time,rs-001875-25g6d,4ff6c1bc-0de5-46cf-b334-611f4ab8aa8e,1,1865.567164
2026/02/04/23:50:38,running-time,rs-001875-25g6d,4ff6c1bc-0de5-46cf-b334-611f4ab8aa8e,1,1865.567164
2026/02/04/23:50:38,apply-time,rs-001875-2mmqw,980c5bf7-1516-4bb0-b545-f2a3e24c88ff,1,1865.567164
2026/02/04/23:50:38,running-time,rs-001875-2mmqw,980c5bf7-1516-4bb0-b545-f2a3e24c88ff,1,1865.567164
2026/02/04/23:50:38,apply-time,rs-001875-hgnk5,3506567a-57a5-427c-ad07-8af3e9a49896,1,1865.567164
2026/02/04/23:50:38,running-time,rs-001875-hgnk5,3506567a-57a5-427c-ad07-8af3e9a49896,1,1865.567164
2026/02/04/23:50:40,apply-time,rs-001876-294km,9726a3d4-2863-4a32-8ec9-50116d5ae593,1,1866.567164
2026/02/04/23:50:40,running-time,rs-001876-294km,9726a3d4-2863-4a32-8ec9-50116d5ae593,1,1866.567164
2026/02/04/23:50:40,apply-time,rs-001877-5zxhf,1183af21-edbf-403b-a22c-66f07302b95e,1,1866.567164
2026/02/04/23:50:40,running-time,rs-001877-5zxhf,1183af21-edbf-403b-a22c-66f07302b95e,1,1866.567164
2026/02/04/23:50:40,apply-time,rs-001877-8lf4q,34494f89-ad95-4e44-a089-57eec937fa6c,1,1866.567164
2026/02/04/23:50:40,running-time,rs-001877-8lf4q,34494f89-ad95-4e44-a089-57eec937fa6c,1,1866.567164
2026/02/04/23:50:40,apply-time,rs-001877-n586h,25f7ef2e-ac06-4a1c-bd4a-5c078d0db2d4,1,1866.567164
2026/02/04/23:50:40,running-time,rs-001877-n586h,25f7ef2e-ac06-4a1c-bd4a-5c078d0db2d4,1,1866.567164
2026/02/04/23:50:41,apply-time,rs-001878-pmfm7,77c12734-d1d5-4c33-b28c-ec6656576d4c,1,1867.567164
2026/02/04/23:50:41,running-time,rs-001878-pmfm7,77c12734-d1d5-4c33-b28c-ec6656576d4c,1,1867.567164
2026/02/04/23:50:41,apply-time,rs-001878-z6sfs,abed97b8-ba27-4ba5-9a2e-7b938321ed2c,1,1867.567164
2026/02/04/23:50:41,running-time,rs-001878-z6sfs,abed97b8-ba27-4ba5-9a2e-7b938321ed2c,1,1867.567164
2026/02/04/23:50:41,apply-time,rs-001879-5hsk8,242d1a7f-b55b-4b98-bd0d-4dce0edbbb4d,1,1867.567164
2026/02/04/23:50:41,running-time,rs-001879-5hsk8,242d1a7f-b55b-4b98-bd0d-4dce0edbbb4d,1,1867.567164
2026/02/04/23:50:41,apply-time,rs-001879-djn8d,370f9bec-da53-4d9f-87eb-13f63d7a3032,1,1867.567164
2026/02/04/23:50:41,running-time,rs-001879-djn8d,370f9bec-da53-4d9f-87eb-13f63d7a3032,1,1867.567164
2026/02/04/23:50:41,apply-time,rs-001879-t2zbm,59475550-6f98-49e5-bea8-94058eb0ee03,1,1867.567164
2026/02/04/23:50:41,running-time,rs-001879-t2zbm,59475550-6f98-49e5-bea8-94058eb0ee03,1,1867.567164
2026/02/04/23:50:41,apply-time,rs-001880-qw426,7ce13919-cc8e-49e4-bfcf-f5737abbf6d1,1,1868.567164
2026/02/04/23:50:41,running-time,rs-001880-qw426,7ce13919-cc8e-49e4-bfcf-f5737abbf6d1,1,1868.567164
2026/02/04/23:50:41,apply-time,rs-001881-jc8th,9c02d3f7-d24e-474d-9940-df7c0b503e6b,1,1868.567164
2026/02/04/23:50:41,running-time,rs-001881-jc8th,9c02d3f7-d24e-474d-9940-df7c0b503e6b,1,1868.567164
2026/02/04/23:50:41,apply-time,rs-001881-msfw4,a6bf456a-8b55-45c6-9971-c8691abb825f,1,1868.567164
2026/02/04/23:50:41,running-time,rs-001881-msfw4,a6bf456a-8b55-45c6-9971-c8691abb825f,1,1868.567164
2026/02/04/23:50:41,apply-time,rs-001881-xd2vp,637a50f8-b1ca-4be7-918a-7df688c3d66d,1,1868.567164
2026/02/04/23:50:41,running-time,rs-001881-xd2vp,637a50f8-b1ca-4be7-918a-7df688c3d66d,1,1868.567164
2026/02/04/23:50:41,apply-time,rs-001882-d4nnr,0ca7d161-f50b-4b68-b6e3-d461b2b8ab42,1,1868.567164
2026/02/04/23:50:41,running-time,rs-001882-d4nnr,0ca7d161-f50b-4b68-b6e3-d461b2b8ab42,1,1868.567164
2026/02/04/23:50:41,apply-time,rs-001883-n2474,188734de-82f4-42de-8255-595bf9a22554,1,1868.567164
2026/02/04/23:50:41,running-time,rs-001883-n2474,188734de-82f4-42de-8255-595bf9a22554,1,1868.567164
2026/02/04/23:50:41,apply-time,rs-001883-n7ldj,20a8ad8c-b0d8-4d42-9fb7-eea0093268fd,1,1868.567164
2026/02/04/23:50:41,apply-time,rs-001883-zdzfj,5e38d41b-1727-4a67-82aa-9535baf5e76f,1,1868.567164
2026/02/04/23:50:41,running-time,rs-001883-zdzfj,5e38d41b-1727-4a67-82aa-9535baf5e76f,1,1868.567164
2026/02/04/23:50:42,apply-time,rs-001882-d74gt,cee3557a-6d30-400b-a0ea-554dbd206a9e,1,1868.567164
2026/02/04/23:50:42,running-time,rs-001882-d74gt,cee3557a-6d30-400b-a0ea-554dbd206a9e,1,1868.567164
2026/02/04/23:50:42,apply-time,rs-001882-hq9lc,bd6248cf-7c92-4ac2-a213-b9e22881045f,1,1868.567164
2026/02/04/23:50:42,running-time,rs-001882-hq9lc,bd6248cf-7c92-4ac2-a213-b9e22881045f,1,1868.567164
2026/02/04/23:50:42,running-time,rs-001883-n7ldj,20a8ad8c-b0d8-4d42-9fb7-eea0093268fd,1,1868.567164
2026/02/04/23:50:44,apply-time,rs-001884-96w6k,f5ca0480-66d0-4121-a991-678867eaeaca,1,1871.567164
2026/02/04/23:50:44,running-time,rs-001884-96w6k,f5ca0480-66d0-4121-a991-678867eaeaca,1,1871.567164
2026/02/04/23:50:44,apply-time,rs-001884-dk6pq,f8007432-c27e-42c3-90ac-ec4905f738b4,1,1871.567164
2026/02/04/23:50:44,running-time,rs-001884-dk6pq,f8007432-c27e-42c3-90ac-ec4905f738b4,1,1871.567164
2026/02/04/23:50:45,apply-time,rs-001885-q6d96,ab570fbb-ebb8-467e-8d03-632ad6ce50f4,1,1871.567164
2026/02/04/23:50:45,running-time,rs-001885-q6d96,ab570fbb-ebb8-467e-8d03-632ad6ce50f4,1,1871.567164
2026/02/04/23:50:46,apply-time,rs-001886-fz86c,42f51dbd-1c3f-4e51-982e-9497c933a607,1,1872.567164
2026/02/04/23:50:46,running-time,rs-001886-fz86c,42f51dbd-1c3f-4e51-982e-9497c933a607,1,1872.567164
2026/02/04/23:50:46,apply-time,rs-001886-sgrkn,759d3441-fff0-4806-9885-e040e16b500f,1,1872.567164
2026/02/04/23:50:46,running-time,rs-001886-sgrkn,759d3441-fff0-4806-9885-e040e16b500f,1,1872.567164
2026/02/04/23:50:51,apply-time,rs-001887-2qr7n,1350edf0-bb0f-4d17-b381-8359b3a53d49,1,1878.567164
2026/02/04/23:50:51,running-time,rs-001887-2qr7n,1350edf0-bb0f-4d17-b381-8359b3a53d49,1,1878.567164
2026/02/04/23:50:51,apply-time,rs-001887-484sq,4478513d-2729-4e07-9bf4-b72310ad198c,1,1878.567164
2026/02/04/23:50:51,running-time,rs-001887-484sq,4478513d-2729-4e07-9bf4-b72310ad198c,1,1878.567164
2026/02/04/23:51:00,apply-time,rs-001888-j2l2n,9f3f07cb-b53f-43da-bd5e-e7d0240af517,1,1887.567164
2026/02/04/23:51:00,running-time,rs-001888-j2l2n,9f3f07cb-b53f-43da-bd5e-e7d0240af517,1,1887.567164
2026/02/04/23:51:00,apply-time,rs-001888-x2nqr,f237e7cb-b1ba-44f5-b945-85567145ef49,1,1887.567164
2026/02/04/23:51:00,running-time,rs-001888-x2nqr,f237e7cb-b1ba-44f5-b945-85567145ef49,1,1887.567164
2026/02/04/23:51:00,apply-time,rs-001889-m7l24,5d629e7c-a106-4a44-b781-584d71ea32c6,1,1887.567164
2026/02/04/23:51:00,running-time,rs-001889-m7l24,5d629e7c-a106-4a44-b781-584d71ea32c6,1,1887.567164
2026/02/04/23:51:01,apply-time,rs-001890-f8gxz,a484a983-b535-4958-8867-59204e6a4634,1,1887.567164
2026/02/04/23:51:01,running-time,rs-001890-f8gxz,a484a983-b535-4958-8867-59204e6a4634,1,1887.567164
2026/02/04/23:51:01,apply-time,rs-001891-rz97f,7af3c7dc-95cc-4d07-8609-b67ae547b675,1,1887.567164
2026/02/04/23:51:01,running-time,rs-001891-rz97f,7af3c7dc-95cc-4d07-8609-b67ae547b675,1,1887.567164
2026/02/04/23:51:01,apply-time,rs-001891-svw24,faa2e63e-e206-440b-b4dc-cd84d857867f,1,1887.567164
2026/02/04/23:51:01,running-time,rs-001891-svw24,faa2e63e-e206-440b-b4dc-cd84d857867f,1,1887.567164
2026/02/04/23:51:01,apply-time,rs-001892-jnmh4,fc7f7db2-83af-4ea0-92a4-5c2ce16f37f4,1,1887.567164
2026/02/04/23:51:01,running-time,rs-001892-jnmh4,fc7f7db2-83af-4ea0-92a4-5c2ce16f37f4,1,1887.567164
2026/02/04/23:51:01,apply-time,rs-001892-lr8hj,434c0cb9-d913-4f83-973d-228c2d171b63,1,1887.567164
2026/02/04/23:51:01,running-time,rs-001892-lr8hj,434c0cb9-d913-4f83-973d-228c2d171b63,1,1887.567164
2026/02/04/23:51:01,apply-time,rs-001892-zv9qb,ba26ec19-fd07-4b79-b689-b767250ef393,1,1887.567164
2026/02/04/23:51:01,running-time,rs-001892-zv9qb,ba26ec19-fd07-4b79-b689-b767250ef393,1,1887.567164
2026/02/04/23:51:01,apply-time,rs-001893-6tqmm,10bcca9f-e38d-4590-b41e-301021e3890a,1,1887.567164
2026/02/04/23:51:01,running-time,rs-001893-6tqmm,10bcca9f-e38d-4590-b41e-301021e3890a,1,1888.567164
2026/02/04/23:51:01,apply-time,rs-001894-95chd,a3f4087c-cc70-497a-bc19-2da9ff06fc8d,1,1887.567164
2026/02/04/23:51:01,running-time,rs-001894-95chd,a3f4087c-cc70-497a-bc19-2da9ff06fc8d,1,1887.567164
2026/02/04/23:51:01,apply-time,rs-001894-qr6r2,f96c5ca8-b1bb-4c95-90b6-9999ba9d02d8,1,1887.567164
2026/02/04/23:51:01,running-time,rs-001894-qr6r2,f96c5ca8-b1bb-4c95-90b6-9999ba9d02d8,1,1887.567164
2026/02/04/23:51:01,apply-time,rs-001894-tbm8r,662090ed-975d-44db-9bf5-1c82500749ba,1,1887.567164
2026/02/04/23:51:01,running-time,rs-001894-tbm8r,662090ed-975d-44db-9bf5-1c82500749ba,1,1887.567164
2026/02/04/23:51:01,apply-time,rs-001895-xpw2x,452934d6-d63f-46a7-a143-71a21f51dec7,1,1887.567164
2026/02/04/23:51:01,running-time,rs-001895-xpw2x,452934d6-d63f-46a7-a143-71a21f51dec7,1,1887.567164
2026/02/04/23:51:01,apply-time,rs-001896-kg9wr,101f8b0d-319f-42be-9a6a-c82f49f3f087,1,1888.567164
2026/02/04/23:51:01,running-time,rs-001896-kg9wr,101f8b0d-319f-42be-9a6a-c82f49f3f087,1,1888.567164
2026/02/04/23:51:01,apply-time,rs-001897-28czv,7e7d4603-b6c7-4fb2-9b66-b1c4e84eb015,1,1888.567164
2026/02/04/23:51:01,running-time,rs-001897-28czv,7e7d4603-b6c7-4fb2-9b66-b1c4e84eb015,1,1888.567164
2026/02/04/23:51:02,apply-time,rs-001898-bwkf7,f531a07c-5c0b-49e1-8210-50b81b4a7744,1,1888.567164
2026/02/04/23:51:02,running-time,rs-001898-bwkf7,f531a07c-5c0b-49e1-8210-50b81b4a7744,1,1888.567164
2026/02/04/23:51:02,apply-time,rs-001898-dp48q,f88cd80a-c6ed-4b61-b29c-5883d990572f,1,1888.567164
2026/02/04/23:51:02,running-time,rs-001898-dp48q,f88cd80a-c6ed-4b61-b29c-5883d990572f,1,1888.567164
2026/02/04/23:51:02,apply-time,rs-001898-zf27n,c0192913-cc44-46de-b15d-49f40b4fffd5,1,1888.567164
2026/02/04/23:51:02,running-time,rs-001898-zf27n,c0192913-cc44-46de-b15d-49f40b4fffd5,1,1888.567164
2026/02/04/23:51:02,apply-time,rs-001899-tnzpv,2615f032-4312-4529-9f89-15dce8b5d1aa,1,1888.567164
2026/02/04/23:51:02,running-time,rs-001899-tnzpv,2615f032-4312-4529-9f89-15dce8b5d1aa,1,1888.567164
2026/02/04/23:51:02,apply-time,rs-001900-mvvs6,e9b3b823-1dee-4d2d-ab93-178f32dbacd2,1,1888.567164
2026/02/04/23:51:02,running-time,rs-001900-mvvs6,e9b3b823-1dee-4d2d-ab93-178f32dbacd2,1,1889.567164
2026/02/04/23:51:02,apply-time,rs-001901-hwh8k,338694a5-ecc2-4775-a376-700f476f34aa,1,1889.567164
2026/02/04/23:51:02,running-time,rs-001901-hwh8k,338694a5-ecc2-4775-a376-700f476f34aa,1,1889.567164
2026/02/04/23:51:02,apply-time,rs-001904-vs5pn,662918d1-839b-4921-87a0-57c05f0ab6bb,1,1889.567164
2026/02/04/23:51:02,running-time,rs-001904-vs5pn,662918d1-839b-4921-87a0-57c05f0ab6bb,1,1889.567164
2026/02/04/23:51:03,apply-time,rs-001902-nzsf4,d4d5eb57-f839-4934-993c-cccdf53d3816,1,1889.567164
2026/02/04/23:51:03,running-time,rs-001902-nzsf4,d4d5eb57-f839-4934-993c-cccdf53d3816,1,1890.567164
2026/02/04/23:51:03,apply-time,rs-001902-zdfjs,8612ac84-0217-43a6-a887-fb32eec683b5,1,1889.567164
2026/02/04/23:51:03,running-time,rs-001902-zdfjs,8612ac84-0217-43a6-a887-fb32eec683b5,1,1889.567164
2026/02/04/23:51:03,apply-time,rs-001903-c7jqm,13a21053-4d7f-41ac-af0a-43f6187d5d35,1,1889.567164
2026/02/04/23:51:03,running-time,rs-001903-c7jqm,13a21053-4d7f-41ac-af0a-43f6187d5d35,1,1889.567164
2026/02/04/23:51:03,apply-time,rs-001903-tvtr9,801d192b-c370-4956-be31-6b08fa48511d,1,1889.567164
2026/02/04/23:51:03,running-time,rs-001903-tvtr9,801d192b-c370-4956-be31-6b08fa48511d,1,1889.567164
2026/02/04/23:51:03,apply-time,rs-001903-ztlvr,6117baf8-a2fa-41e7-91ed-0656f6c3b2da,1,1889.567164
2026/02/04/23:51:03,apply-time,rs-001904-njq7t,5f3f240b-31ee-403b-835d-e552a9031ef1,1,1889.567164
2026/02/04/23:51:03,running-time,rs-001904-njq7t,5f3f240b-31ee-403b-835d-e552a9031ef1,1,1889.567164
2026/02/04/23:51:03,apply-time,rs-001905-l28fl,6ec3ec59-2edd-439b-bcdc-5e77ff664b7c,1,1889.567164
2026/02/04/23:51:03,running-time,rs-001905-l28fl,6ec3ec59-2edd-439b-bcdc-5e77ff664b7c,1,1889.567164
2026/02/04/23:51:03,apply-time,rs-001906-lmqvg,83c4b6d4-e408-4584-97f6-4878c2989cf8,1,1889.567164
2026/02/04/23:51:03,running-time,rs-001906-lmqvg,83c4b6d4-e408-4584-97f6-4878c2989cf8,1,1889.567164
2026/02/04/23:51:03,apply-time,rs-001907-jfz2k,1a793f44-6c56-4883-84b2-dbd0e8cfacfa,1,1890.567164
2026/02/04/23:51:03,running-time,rs-001907-jfz2k,1a793f44-6c56-4883-84b2-dbd0e8cfacfa,1,1890.567164
2026/02/04/23:51:03,apply-time,rs-001908-s4nxm,2f870677-8286-46a9-8844-5493f4b8e09a,1,1890.567164
2026/02/04/23:51:03,running-time,rs-001908-s4nxm,2f870677-8286-46a9-8844-5493f4b8e09a,1,1890.567164
2026/02/04/23:51:03,apply-time,rs-001909-x58fq,5d72040d-ce82-415f-bdc9-c5f793107d8a,1,1890.567164
2026/02/04/23:51:03,running-time,rs-001909-x58fq,5d72040d-ce82-415f-bdc9-c5f793107d8a,1,1890.567164
2026/02/04/23:51:03,apply-time,rs-001910-h7ftb,db6619cf-d840-417d-93d6-27885fff5038,1,1890.567164
2026/02/04/23:51:03,running-time,rs-001910-h7ftb,db6619cf-d840-417d-93d6-27885fff5038,1,1890.567164
2026/02/04/23:51:04,running-time,rs-001903-ztlvr,6117baf8-a2fa-41e7-91ed-0656f6c3b2da,1,1890.567164
2026/02/04/23:51:04,apply-time,rs-001911-4dtdc,0c0d3bf0-d329-48be-b8cb-36253e81acec,1,1890.567164
2026/02/04/23:51:04,running-time,rs-001911-4dtdc,0c0d3bf0-d329-48be-b8cb-36253e81acec,1,1890.567164
2026/02/04/23:51:04,apply-time,rs-001912-8rzxr,5e9e1799-e519-4903-a0e1-671abfe7b51f,1,1890.567164
2026/02/04/23:51:04,running-time,rs-001912-8rzxr,5e9e1799-e519-4903-a0e1-671abfe7b51f,1,1891.567164
2026/02/04/23:51:07,apply-time,rs-001913-d6588,31ca9beb-5793-46a8-a009-4f5d7a31e4f9,1,1893.567164
2026/02/04/23:51:07,running-time,rs-001913-d6588,31ca9beb-5793-46a8-a009-4f5d7a31e4f9,1,1893.567164
2026/02/04/23:51:07,apply-time,rs-001914-4dxl7,3e2e6970-09b0-4af2-91d1-b468a0ec8d39,1,1893.567164
2026/02/04/23:51:07,running-time,rs-001914-4dxl7,3e2e6970-09b0-4af2-91d1-b468a0ec8d39,1,1893.567164
2026/02/04/23:51:07,apply-time,rs-001914-hfn48,db94f00d-e4ed-42b5-be94-eac8691deb22,1,1893.567164
2026/02/04/23:51:07,running-time,rs-001914-hfn48,db94f00d-e4ed-42b5-be94-eac8691deb22,1,1893.567164
2026/02/04/23:51:10,apply-time,rs-001915-45l8w,b5fe4f66-1e34-4d2c-b664-23061b6039d1,1,1896.567164
2026/02/04/23:51:10,running-time,rs-001915-45l8w,b5fe4f66-1e34-4d2c-b664-23061b6039d1,1,1897.567164
2026/02/04/23:51:10,apply-time,rs-001915-56zfm,b216437c-cac1-4032-8c8c-7c5195ceca34,1,1896.567164
2026/02/04/23:51:10,running-time,rs-001915-56zfm,b216437c-cac1-4032-8c8c-7c5195ceca34,1,1897.567164
2026/02/04/23:51:10,apply-time,rs-001915-5jl79,9deb0690-8e5f-4eec-8e8d-d08db5ab9ad0,1,1896.567164
2026/02/04/23:51:10,running-time,rs-001915-5jl79,9deb0690-8e5f-4eec-8e8d-d08db5ab9ad0,1,1897.567164
2026/02/04/23:51:10,apply-time,rs-001916-5xtd7,8a433721-ecbd-4e98-a770-5a40388b2668,1,1897.567164
2026/02/04/23:51:10,running-time,rs-001916-5xtd7,8a433721-ecbd-4e98-a770-5a40388b2668,1,1897.567164
2026/02/04/23:51:10,apply-time,rs-001917-8vbnw,950714f7-f7fc-4a21-a6fd-62642c237fbc,1,1897.567164
2026/02/04/23:51:10,running-time,rs-001917-8vbnw,950714f7-f7fc-4a21-a6fd-62642c237fbc,1,1897.567164
2026/02/04/23:51:10,apply-time,rs-001918-9n4nr,293d9c06-6b02-4a0c-84cd-2c550b969594,1,1897.567164
2026/02/04/23:51:10,running-time,rs-001918-9n4nr,293d9c06-6b02-4a0c-84cd-2c550b969594,1,1897.567164
2026/02/04/23:51:10,apply-time,rs-001919-f8fnr,4da9715d-c095-4b04-8adc-d6d7d30e6c59,1,1897.567164
2026/02/04/23:51:10,running-time,rs-001919-f8fnr,4da9715d-c095-4b04-8adc-d6d7d30e6c59,1,1897.567164
2026/02/04/23:51:10,apply-time,rs-001920-h5gtt,9c09a5c6-c154-4237-ab69-907c3aa5dfa0,1,1897.567164
2026/02/04/23:51:10,running-time,rs-001920-h5gtt,9c09a5c6-c154-4237-ab69-907c3aa5dfa0,1,1897.567164
2026/02/04/23:51:10,apply-time,rs-001921-gn4dv,8e644e2d-eac1-4af3-ab2a-248ba51c8095,1,1897.567164
2026/02/04/23:51:10,apply-time,rs-001922-pdx4k,74c84f3b-3333-405e-bbfd-2ddda96b6546,1,1897.567164
2026/02/04/23:51:10,running-time,rs-001922-pdx4k,74c84f3b-3333-405e-bbfd-2ddda96b6546,1,1897.567164
2026/02/04/23:51:11,running-time,rs-001921-gn4dv,8e644e2d-eac1-4af3-ab2a-248ba51c8095,1,1897.567164
2026/02/04/23:51:11,apply-time,rs-001921-j4l4n,358a346d-860f-4a68-8caf-dd97f668c1eb,1,1897.567164
2026/02/04/23:51:11,running-time,rs-001921-j4l4n,358a346d-860f-4a68-8caf-dd97f668c1eb,1,1897.567164
2026/02/04/23:51:11,apply-time,rs-001921-m6g4c,d22460d0-c941-4c54-9910-4823dd3f892e,1,1897.567164
2026/02/04/23:51:11,running-time,rs-001921-m6g4c,d22460d0-c941-4c54-9910-4823dd3f892e,1,1897.567164
2026/02/04/23:51:11,apply-time,rs-001922-fglxj,ca627d4e-a5f6-48a5-b3df-27c28729831a,1,1897.567164
2026/02/04/23:51:11,running-time,rs-001922-fglxj,ca627d4e-a5f6-48a5-b3df-27c28729831a,1,1897.567164
2026/02/04/23:51:11,apply-time,rs-001922-jhqfp,7dbdd7d4-0d74-44d4-bdff-33cb01b1e38e,1,1897.567164
2026/02/04/23:51:11,running-time,rs-001922-jhqfp,7dbdd7d4-0d74-44d4-bdff-33cb01b1e38e,1,1897.567164
2026/02/04/23:51:11,apply-time,rs-001923-hbglr,7f3844c8-67f9-4019-bbfb-7c672d53ac37,1,1897.567164
2026/02/04/23:51:11,running-time,rs-001923-hbglr,7f3844c8-67f9-4019-bbfb-7c672d53ac37,1,1897.567164
2026/02/04/23:51:11,apply-time,rs-001924-r8r4c,7cd18565-9969-40f2-821e-36d653b9873b,1,1897.567164
2026/02/04/23:51:11,running-time,rs-001924-r8r4c,7cd18565-9969-40f2-821e-36d653b9873b,1,1897.567164
2026/02/04/23:51:11,apply-time,rs-001925-fc92p,a3c0a9d6-388f-4ec4-9efa-632a2b694d17,1,1898.567164
2026/02/04/23:51:11,running-time,rs-001925-fc92p,a3c0a9d6-388f-4ec4-9efa-632a2b694d17,1,1898.567164
2026/02/04/23:51:11,apply-time,rs-001925-m7tsk,728de4dc-28f3-4431-9710-48b5420d218b,1,1898.567164
2026/02/04/23:51:11,running-time,rs-001925-m7tsk,728de4dc-28f3-4431-9710-48b5420d218b,1,1898.567164
2026/02/04/23:51:11,apply-time,rs-001926-x9sw4,41781697-ba00-4fd4-9417-0cbf7273f5b4,1,1898.567164
2026/02/04/23:51:11,running-time,rs-001926-x9sw4,41781697-ba00-4fd4-9417-0cbf7273f5b4,1,1898.567164
2026/02/04/23:51:11,apply-time,rs-001927-h5cdz,f57cab41-4bda-4871-ab21-6b6875fdb385,1,1898.567164
2026/02/04/23:51:11,running-time,rs-001927-h5cdz,f57cab41-4bda-4871-ab21-6b6875fdb385,1,1898.567164
2026/02/04/23:51:12,apply-time,rs-001926-k84qx,5a32865c-895b-4405-b1b8-1c6de8935e6b,1,1898.567164
2026/02/04/23:51:12,running-time,rs-001926-k84qx,5a32865c-895b-4405-b1b8-1c6de8935e6b,1,1898.567164
2026/02/04/23:51:12,apply-time,rs-001926-qrmrr,08c33b3c-a915-4c97-b6a7-caff225bf6e9,1,1898.567164
2026/02/04/23:51:12,running-time,rs-001926-qrmrr,08c33b3c-a915-4c97-b6a7-caff225bf6e9,1,1898.567164
2026/02/04/23:51:12,apply-time,rs-001928-bx7qp,1feeaa27-27c2-4083-a007-f4e05b8440e8,1,1898.567164
2026/02/04/23:51:12,running-time,rs-001928-bx7qp,1feeaa27-27c2-4083-a007-f4e05b8440e8,1,1899.567164
2026/02/04/23:51:12,apply-time,rs-001928-dc8xk,1ab8bac0-9593-45c1-b9f3-b5b291a4017e,1,1898.567164
2026/02/04/23:51:12,apply-time,rs-001928-jg8sl,42613f48-ab4a-4950-80b1-dbb20179b4f2,1,1898.567164
2026/02/04/23:51:12,running-time,rs-001928-jg8sl,42613f48-ab4a-4950-80b1-dbb20179b4f2,1,1898.567164
2026/02/04/23:51:12,apply-time,rs-001929-l7ktl,6d577f9c-fbd6-4587-b98a-fac76a64e2aa,1,1899.567164
2026/02/04/23:51:12,apply-time,rs-001929-n2l2k,f7264a9d-f0d9-45e2-9751-c879ef84d367,1,1898.567164
2026/02/04/23:51:12,apply-time,rs-001929-rw4l6,d2cadf2b-0ac4-40f2-bafc-b42e496ef857,1,1899.567164
2026/02/04/23:51:12,apply-time,rs-001930-5xc4g,e035fe64-b12c-4b56-bd6d-b22e0d8436db,1,1899.567164
2026/02/04/23:51:12,running-time,rs-001930-5xc4g,e035fe64-b12c-4b56-bd6d-b22e0d8436db,1,1899.567164
2026/02/04/23:51:12,apply-time,rs-001930-kdnpl,b58b99fb-7816-4f7c-b1aa-cff6b0ee2295,1,1899.567164
2026/02/04/23:51:12,running-time,rs-001930-kdnpl,b58b99fb-7816-4f7c-b1aa-cff6b0ee2295,1,1899.567164
2026/02/04/23:51:12,apply-time,rs-001931-x2zx5,c9a3d1f6-c3ba-43fe-a781-67e3f2ee70a3,1,1899.567164
2026/02/04/23:51:12,running-time,rs-001931-x2zx5,c9a3d1f6-c3ba-43fe-a781-67e3f2ee70a3,1,1899.567164
2026/02/04/23:51:12,apply-time,rs-001932-szfdb,7f9c40f2-9a08-43c8-ac92-d7016119331d,1,1899.567164
2026/02/04/23:51:12,running-time,rs-001932-szfdb,7f9c40f2-9a08-43c8-ac92-d7016119331d,1,1899.567164
2026/02/04/23:51:13,apply-time,rs-001932-5dn86,c23e3afc-3af4-4b1e-b66f-4704b42427d8,1,1899.567164
2026/02/04/23:51:13,running-time,rs-001932-5dn86,c23e3afc-3af4-4b1e-b66f-4704b42427d8,1,1899.567164
2026/02/04/23:51:13,apply-time,rs-001933-nstb2,4bc3a15c-d351-44bd-a152-69f78c026577,1,1900.567164
2026/02/04/23:51:13,apply-time,rs-001933-pgp4w,c0dc4c7e-776f-41e1-b63a-bdaaae316350,1,1900.567164
2026/02/04/23:51:14,running-time,rs-001933-nstb2,4bc3a15c-d351-44bd-a152-69f78c026577,1,1900.567164
2026/02/04/23:51:14,running-time,rs-001933-pgp4w,c0dc4c7e-776f-41e1-b63a-bdaaae316350,1,1900.567164
2026/02/04/23:51:14,apply-time,rs-001934-jjjn6,165a6d41-74d5-449a-9cd4-76f4bf1a40d7,1,1901.567164
2026/02/04/23:51:14,running-time,rs-001934-jjjn6,165a6d41-74d5-449a-9cd4-76f4bf1a40d7,1,1901.567164
2026/02/04/23:51:14,apply-time,rs-001935-z8bm5,ad9343af-135d-46c5-b252-80b46e33edfe,1,1901.567164
2026/02/04/23:51:14,running-time,rs-001935-z8bm5,ad9343af-135d-46c5-b252-80b46e33edfe,1,1901.567164
2026/02/04/23:51:15,apply-time,rs-001934-9dfdh,28c96a01-cba7-4f80-ba32-afee19ad9466,1,1901.567164
2026/02/04/23:51:15,running-time,rs-001934-9dfdh,28c96a01-cba7-4f80-ba32-afee19ad9466,1,1901.567164
2026/02/04/23:51:15,apply-time,rs-001934-vwwvg,b7a8cd33-5a61-4d1b-a8d6-4764a9d009d6,1,1901.567164
2026/02/04/23:51:15,running-time,rs-001934-vwwvg,b7a8cd33-5a61-4d1b-a8d6-4764a9d009d6,1,1901.567164
2026/02/04/23:51:15,apply-time,rs-001935-m2rcj,16d94f85-30ec-443d-a176-9210b2537d88,1,1901.567164
2026/02/04/23:51:15,running-time,rs-001935-m2rcj,16d94f85-30ec-443d-a176-9210b2537d88,1,1901.567164
2026/02/04/23:51:16,apply-time,rs-001936-cgkc9,bbef56da-3a3f-4455-9672-88b76ecd5925,1,1903.567164
2026/02/04/23:51:16,running-time,rs-001936-cgkc9,bbef56da-3a3f-4455-9672-88b76ecd5925,1,1903.567164
2026/02/04/23:51:16,apply-time,rs-001936-kfqfr,292b85e4-e71c-4132-9bc6-029a99a0c1c4,1,1903.567164
2026/02/04/23:51:16,running-time,rs-001936-kfqfr,292b85e4-e71c-4132-9bc6-029a99a0c1c4,1,1903.567164
2026/02/04/23:51:16,apply-time,rs-001937-vgt2z,7f0db1aa-c11a-4d9d-bd53-3b63791f25e8,1,1903.567164
2026/02/04/23:51:16,running-time,rs-001937-vgt2z,7f0db1aa-c11a-4d9d-bd53-3b63791f25e8,1,1903.567164
2026/02/04/23:51:16,apply-time,rs-001938-67tj7,9e750318-9f3f-4ce5-8749-35708341353d,1,1903.567164
2026/02/04/23:51:16,running-time,rs-001938-67tj7,9e750318-9f3f-4ce5-8749-35708341353d,1,1903.567164
2026/02/04/23:51:16,apply-time,rs-001938-zlpdq,1efa03d8-fda5-4e84-86c5-a8b5a828192f,1,1903.567164
2026/02/04/23:51:16,running-time,rs-001938-zlpdq,1efa03d8-fda5-4e84-86c5-a8b5a828192f,1,1903.567164
2026/02/04/23:51:16,apply-time,rs-001939-xqjtf,1a8ee574-9eb3-4d40-ae8c-9d41d8b8e340,1,1903.567164
2026/02/04/23:51:16,running-time,rs-001939-xqjtf,1a8ee574-9eb3-4d40-ae8c-9d41d8b8e340,1,1903.567164
2026/02/04/23:51:16,apply-time,rs-001940-46w4n,e3ff4f27-388f-4aff-a4d5-69343fc58557,1,1903.567164
2026/02/04/23:51:16,running-time,rs-001940-46w4n,e3ff4f27-388f-4aff-a4d5-69343fc58557,1,1903.567164
2026/02/04/23:51:17,apply-time,rs-001939-lqp5v,57b0081c-4b56-4efe-a113-8a2d3cd54958,1,1903.567164
2026/02/04/23:51:17,running-time,rs-001939-lqp5v,57b0081c-4b56-4efe-a113-8a2d3cd54958,1,1903.567164
2026/02/04/23:51:17,apply-time,rs-001940-tjk5d,ac89d243-b53f-417d-bb21-f4109c330df4,1,1903.567164
2026/02/04/23:51:17,running-time,rs-001940-tjk5d,ac89d243-b53f-417d-bb21-f4109c330df4,1,1903.567164
2026/02/04/23:51:28,apply-time,rs-001941-88smx,a32e90f0-b481-418e-8a83-c6bcdecd2a48,1,1915.567164
2026/02/04/23:51:28,running-time,rs-001941-88smx,a32e90f0-b481-418e-8a83-c6bcdecd2a48,1,1915.567164
2026/02/04/23:51:28,apply-time,rs-001942-2rcxs,e7ae1592-67e1-4456-8a48-64d7f09e946d,1,1915.567164
2026/02/04/23:51:28,running-time,rs-001942-2rcxs,e7ae1592-67e1-4456-8a48-64d7f09e946d,1,1915.567164
2026/02/04/23:51:28,apply-time,rs-001942-5r9pr,f3824d24-5875-42fc-bb7e-bb34d233f729,1,1915.567164
2026/02/04/23:51:28,running-time,rs-001942-5r9pr,f3824d24-5875-42fc-bb7e-bb34d233f729,1,1915.567164
2026/02/04/23:51:28,apply-time,rs-001942-c66ms,2bbadb94-a3bb-427e-ba4c-7c1eccd72511,1,1915.567164
2026/02/04/23:51:28,running-time,rs-001942-c66ms,2bbadb94-a3bb-427e-ba4c-7c1eccd72511,1,1915.567164
2026/02/04/23:51:28,apply-time,rs-001943-q59vq,2edd2e15-5009-4117-bbaa-6e42fce7069f,1,1915.567164
2026/02/04/23:51:28,running-time,rs-001943-q59vq,2edd2e15-5009-4117-bbaa-6e42fce7069f,1,1915.567164
2026/02/04/23:51:28,apply-time,rs-001943-qh6hg,be0e96d9-d7f1-445f-a56d-4d93d97f4819,1,1915.567164
2026/02/04/23:51:28,running-time,rs-001943-qh6hg,be0e96d9-d7f1-445f-a56d-4d93d97f4819,1,1915.567164
2026/02/04/23:51:33,apply-time,rs-001944-d4g46,311ebbec-af81-4689-b268-f55f2f0b755c,1,1920.567164
2026/02/04/23:51:34,running-time,rs-001944-d4g46,311ebbec-af81-4689-b268-f55f2f0b755c,1,1920.567164
2026/02/04/23:51:34,apply-time,rs-001945-8s7mv,e6c28e03-7e1f-4ce0-b000-a44a10288113,1,1921.567164
2026/02/04/23:51:34,running-time,rs-001945-8s7mv,e6c28e03-7e1f-4ce0-b000-a44a10288113,1,1921.567164
2026/02/04/23:51:34,apply-time,rs-001945-tk2t6,753c5e5a-6bcc-433a-8ab5-37ef5b0bdde2,1,1921.567164
2026/02/04/23:51:34,running-time,rs-001945-tk2t6,753c5e5a-6bcc-433a-8ab5-37ef5b0bdde2,1,1921.567164
2026/02/04/23:51:34,apply-time,rs-001945-tn472,6967dfea-b99b-419d-a67f-270d17e4734c,1,1921.567164
2026/02/04/23:51:34,running-time,rs-001945-tn472,6967dfea-b99b-419d-a67f-270d17e4734c,1,1921.567164
2026/02/04/23:51:34,apply-time,rs-001946-jzt6v,511d66ba-97cc-41a9-ba14-4f0c3af88615,1,1921.567164
2026/02/04/23:51:34,running-time,rs-001946-jzt6v,511d66ba-97cc-41a9-ba14-4f0c3af88615,1,1921.567164
2026/02/04/23:51:34,apply-time,rs-001947-bxzdl,bfcc0a42-f40e-45ac-bd65-e8697f69adef,1,1921.567164
2026/02/04/23:51:34,running-time,rs-001947-bxzdl,bfcc0a42-f40e-45ac-bd65-e8697f69adef,1,1921.567164
2026/02/04/23:51:35,apply-time,rs-001948-zjg6w,cac7c0a2-b9d9-488a-83b8-41d1266b52d2,1,1921.567164
2026/02/04/23:51:35,running-time,rs-001948-zjg6w,cac7c0a2-b9d9-488a-83b8-41d1266b52d2,1,1921.567164
2026/02/04/23:51:35,apply-time,rs-001949-8w7hb,30ce574d-f48a-4908-a8c9-e191fe0dff7f,1,1921.567164
2026/02/04/23:51:35,running-time,rs-001949-8w7hb,30ce574d-f48a-4908-a8c9-e191fe0dff7f,1,1921.567164
2026/02/04/23:51:35,apply-time,rs-001949-pr9vk,87f430d2-fb9f-40fb-a797-4119e4162b4f,1,1921.567164
2026/02/04/23:51:35,running-time,rs-001949-pr9vk,87f430d2-fb9f-40fb-a797-4119e4162b4f,1,1921.567164
2026/02/04/23:51:35,apply-time,rs-001949-xrr4t,8f2b937c-46dd-485b-9155-0166c870e30a,1,1921.567164
2026/02/04/23:51:35,running-time,rs-001949-xrr4t,8f2b937c-46dd-485b-9155-0166c870e30a,1,1921.567164
2026/02/04/23:51:37,apply-time,rs-001950-88rmb,85b78872-0cb0-4f40-9f50-ad8b8b8276b6,1,1924.567164
2026/02/04/23:51:37,running-time,rs-001950-88rmb,85b78872-0cb0-4f40-9f50-ad8b8b8276b6,1,1924.567164
2026/02/04/23:51:37,apply-time,rs-001950-l47vw,f63dfac2-ad85-44f2-91e7-53a8798216bd,1,1924.567164
2026/02/04/23:51:37,running-time,rs-001950-l47vw,f63dfac2-ad85-44f2-91e7-53a8798216bd,1,1924.567164
2026/02/04/23:51:38,apply-time,rs-001951-9xjww,a92ec181-0fc7-470d-9d8b-5d9bb4805fb6,1,1924.567164
2026/02/04/23:51:38,running-time,rs-001951-9xjww,a92ec181-0fc7-470d-9d8b-5d9bb4805fb6,1,1924.567164
2026/02/04/23:51:38,apply-time,rs-001951-cvqfm,93909aa2-4bf4-49ed-b673-19c91165fa83,1,1924.567164
2026/02/04/23:51:38,running-time,rs-001951-cvqfm,93909aa2-4bf4-49ed-b673-19c91165fa83,1,1924.567164
2026/02/04/23:51:38,apply-time,rs-001952-469tw,4dc31a55-aff9-46d9-83f8-b7131a1eeaa0,1,1924.567164
2026/02/04/23:51:38,running-time,rs-001952-469tw,4dc31a55-aff9-46d9-83f8-b7131a1eeaa0,1,1924.567164
2026/02/04/23:51:38,apply-time,rs-001952-8hmvf,1e716e2a-e625-400c-9434-ff37c6669d52,1,1924.567164
2026/02/04/23:51:38,apply-time,rs-001952-lps4t,29c3fd4e-6143-4f98-9706-4f9b4158bc29,1,1924.567164
2026/02/04/23:51:38,apply-time,rs-001953-74wgl,f5681f42-5798-4cba-9543-00bdc25d2f18,1,1924.567164
2026/02/04/23:51:38,running-time,rs-001953-74wgl,f5681f42-5798-4cba-9543-00bdc25d2f18,1,1924.567164
2026/02/04/23:51:38,apply-time,rs-001953-vgzxg,8ef9df86-24d2-43d7-90d4-7fc8949cfbde,1,1924.567164
2026/02/04/23:51:38,running-time,rs-001953-vgzxg,8ef9df86-24d2-43d7-90d4-7fc8949cfbde,1,1924.567164
2026/02/04/23:51:38,apply-time,rs-001954-kzccf,6a17577e-4d69-42c0-85c9-9afb5a2e122e,1,1924.567164
2026/02/04/23:51:38,running-time,rs-001954-kzccf,6a17577e-4d69-42c0-85c9-9afb5a2e122e,1,1924.567164
2026/02/04/23:51:38,apply-time,rs-001954-mjbf5,331a2480-3c4f-4e76-8899-092220cb9d73,1,1924.567164
2026/02/04/23:51:38,apply-time,rs-001954-z64sl,a061512b-ae2e-4996-99d0-09f30f1e8133,1,1924.567164
2026/02/04/23:51:40,running-time,rs-001954-mjbf5,331a2480-3c4f-4e76-8899-092220cb9d73,1,1926.567164
2026/02/04/23:51:41,running-time,rs-001954-z64sl,a061512b-ae2e-4996-99d0-09f30f1e8133,1,1927.567164
2026/02/04/23:51:50,apply-time,rs-001955-5mxq9,63ee2054-e98d-4611-ab5a-98c8ef3faf7a,1,1937.567164
2026/02/04/23:51:50,running-time,rs-001955-5mxq9,63ee2054-e98d-4611-ab5a-98c8ef3faf7a,1,1937.567164
2026/02/04/23:51:50,apply-time,rs-001955-s52zf,3ba2cce8-9ec2-4c61-befd-31a8e79dcc5d,1,1937.567164
2026/02/04/23:51:50,running-time,rs-001955-s52zf,3ba2cce8-9ec2-4c61-befd-31a8e79dcc5d,1,1937.567164
2026/02/04/23:51:50,apply-time,rs-001956-5gfbk,2c872f20-9ab2-41c6-b946-254087aacf30,1,1937.567164
2026/02/04/23:51:50,running-time,rs-001956-5gfbk,2c872f20-9ab2-41c6-b946-254087aacf30,1,1937.567164
2026/02/04/23:51:50,apply-time,rs-001956-n28ml,8be79841-d243-4205-a199-f23ba5beeee0,1,1937.567164
2026/02/04/23:51:50,running-time,rs-001956-n28ml,8be79841-d243-4205-a199-f23ba5beeee0,1,1937.567164
2026/02/04/23:51:50,apply-time,rs-001957-7nwst,ca1b8a35-5a6f-4f55-baac-2acd97f6f15e,1,1937.567164
2026/02/04/23:51:50,running-time,rs-001957-7nwst,ca1b8a35-5a6f-4f55-baac-2acd97f6f15e,1,1937.567164
2026/02/04/23:51:51,apply-time,rs-001958-2mpwf,7994d21d-f36a-4cbb-a798-799a4d0958b7,1,1938.567164
2026/02/04/23:51:51,apply-time,rs-001959-d78q8,fcadd337-d231-40de-a4c4-b73d021713a2,1,1938.567164
2026/02/04/23:51:52,apply-time,rs-001958-25j7n,22ad415e-605b-4048-808f-68bd99194b3c,1,1938.567164
2026/02/04/23:51:52,running-time,rs-001958-25j7n,22ad415e-605b-4048-808f-68bd99194b3c,1,1938.567164
2026/02/04/23:51:52,running-time,rs-001958-2mpwf,7994d21d-f36a-4cbb-a798-799a4d0958b7,1,1938.567164
2026/02/04/23:51:52,apply-time,rs-001958-ctw7s,3261e103-4186-456c-90d7-2760cf676e4f,1,1938.567164
2026/02/04/23:51:52,running-time,rs-001958-ctw7s,3261e103-4186-456c-90d7-2760cf676e4f,1,1938.567164
2026/02/04/23:51:52,running-time,rs-001959-d78q8,fcadd337-d231-40de-a4c4-b73d021713a2,1,1938.567164
2026/02/04/23:51:54,apply-time,rs-001960-qvfch,a42611b5-77af-4907-81af-da61a4094767,1,1940.567164
2026/02/04/23:51:54,running-time,rs-001960-qvfch,a42611b5-77af-4907-81af-da61a4094767,1,1940.567164
2026/02/04/23:51:54,apply-time,rs-001961-rrhhd,3797c6d5-f716-49de-b7d2-7147dd60c952,1,1940.567164
2026/02/04/23:51:54,running-time,rs-001961-rrhhd,3797c6d5-f716-49de-b7d2-7147dd60c952,1,1940.567164
2026/02/04/23:51:54,apply-time,rs-001961-xc5zl,3031f119-b4f0-4efb-9269-246720c4ab65,1,1940.567164
2026/02/04/23:51:54,running-time,rs-001961-xc5zl,3031f119-b4f0-4efb-9269-246720c4ab65,1,1940.567164
2026/02/04/23:51:54,apply-time,rs-001961-zcndr,932af850-300e-4f70-8212-ced4df9caa18,1,1940.567164
2026/02/04/23:51:54,running-time,rs-001961-zcndr,932af850-300e-4f70-8212-ced4df9caa18,1,1940.567164
2026/02/04/23:51:59,apply-time,rs-001962-thlq7,3e2acd12-e29d-4716-a522-30e110da638b,1,1945.567164
2026/02/04/23:51:59,running-time,rs-001962-thlq7,3e2acd12-e29d-4716-a522-30e110da638b,1,1945.567164
2026/02/04/23:51:59,apply-time,rs-001963-gj9sq,16c373b4-92f1-4817-bd6e-57608da4d005,1,1945.567164
2026/02/04/23:51:59,running-time,rs-001963-gj9sq,16c373b4-92f1-4817-bd6e-57608da4d005,1,1945.567164
2026/02/04/23:51:59,apply-time,rs-001963-zwsfj,4d714616-c210-4b6f-baf2-155db0c380b3,1,1945.567164
2026/02/04/23:51:59,running-time,rs-001963-zwsfj,4d714616-c210-4b6f-baf2-155db0c380b3,1,1945.567164
2026/02/04/23:51:59,apply-time,rs-001964-v4lg6,013f078a-da0d-4b30-bb2b-d746d5a3e15e,1,1945.567164
2026/02/04/23:51:59,running-time,rs-001964-v4lg6,013f078a-da0d-4b30-bb2b-d746d5a3e15e,1,1945.567164
2026/02/04/23:51:59,apply-time,rs-001964-x5tgw,a234cd7f-5c50-4353-b9a9-ae4e9e780309,1,1945.567164
2026/02/04/23:51:59,running-time,rs-001964-x5tgw,a234cd7f-5c50-4353-b9a9-ae4e9e780309,1,1945.567164
2026/02/04/23:51:59,apply-time,rs-001965-9lk4l,b8f623ce-6815-41dd-9769-11ae74f26a5a,1,1945.567164
2026/02/04/23:51:59,running-time,rs-001965-9lk4l,b8f623ce-6815-41dd-9769-11ae74f26a5a,1,1945.567164
2026/02/04/23:51:59,apply-time,rs-001965-pnwbw,2164a7a2-7a59-45d1-a3a6-6754247fd16e,1,1945.567164
2026/02/04/23:51:59,running-time,rs-001965-pnwbw,2164a7a2-7a59-45d1-a3a6-6754247fd16e,1,1945.567164
2026/02/04/23:51:59,apply-time,rs-001966-frtbw,b7044eea-783e-41ab-bd18-f0b0d8984fe2,1,1946.567164
2026/02/04/23:51:59,running-time,rs-001966-frtbw,b7044eea-783e-41ab-bd18-f0b0d8984fe2,1,1946.567164
2026/02/04/23:51:59,apply-time,rs-001967-bzfkb,2b448f07-24e1-4392-92a7-7287be2f5ad2,1,1946.567164
2026/02/04/23:51:59,running-time,rs-001967-bzfkb,2b448f07-24e1-4392-92a7-7287be2f5ad2,1,1946.567164
2026/02/04/23:51:59,apply-time,rs-001967-zhpwd,52a7f8f0-3e8b-4a73-957e-08cb7a8ce873,1,1946.567164
2026/02/04/23:51:59,running-time,rs-001967-zhpwd,52a7f8f0-3e8b-4a73-957e-08cb7a8ce873,1,1946.567164
2026/02/04/23:51:59,apply-time,rs-001968-jtnkn,763bfa56-31a2-43a1-a2c1-089c5b9f5888,1,1946.567164
2026/02/04/23:51:59,running-time,rs-001968-jtnkn,763bfa56-31a2-43a1-a2c1-089c5b9f5888,1,1946.567164
2026/02/04/23:51:59,apply-time,rs-001969-mj45r,ca10fdef-4f93-466b-b447-f3206f3df97e,1,1946.567164
2026/02/04/23:51:59,running-time,rs-001969-mj45r,ca10fdef-4f93-466b-b447-f3206f3df97e,1,1946.567164
2026/02/04/23:51:59,apply-time,rs-001970-zcx8j,f42eadb1-f13c-4ade-9932-9a5cc1868bc7,1,1946.567164
2026/02/04/23:52:00,apply-time,rs-001970-jtqpv,1aa30a8a-9ee3-44d6-8eb5-0f72f45751f2,1,1946.567164
2026/02/04/23:52:00,running-time,rs-001970-jtqpv,1aa30a8a-9ee3-44d6-8eb5-0f72f45751f2,1,1946.567164
2026/02/04/23:52:00,running-time,rs-001970-zcx8j,f42eadb1-f13c-4ade-9932-9a5cc1868bc7,1,1946.567164
2026/02/04/23:52:00,apply-time,rs-001971-7hj78,d4f2e08f-01c5-45c6-bbb7-bfbeb0c63b19,1,1946.567164
2026/02/04/23:52:00,running-time,rs-001971-7hj78,d4f2e08f-01c5-45c6-bbb7-bfbeb0c63b19,1,1947.567164
2026/02/04/23:52:00,apply-time,rs-001971-gf2td,b7133bed-4113-4187-ad06-d0ef377d9d13,1,1946.567164
2026/02/04/23:52:00,running-time,rs-001971-gf2td,b7133bed-4113-4187-ad06-d0ef377d9d13,1,1946.567164
2026/02/04/23:52:00,apply-time,rs-001971-w5tqr,56151489-91fd-44d6-b593-655c2a33a3ac,1,1946.567164
2026/02/04/23:52:00,running-time,rs-001971-w5tqr,56151489-91fd-44d6-b593-655c2a33a3ac,1,1946.567164
2026/02/04/23:52:00,apply-time,rs-001972-4r2b6,6c9e2f5a-34a9-45f6-b916-604e58de8386,1,1947.567164
2026/02/04/23:52:00,apply-time,rs-001972-5swv8,33dd7381-1d51-47c8-96b0-c88af9bb91e1,1,1947.567164
2026/02/04/23:52:00,apply-time,rs-001972-htwcs,e607c293-5d66-4868-b0f6-73106fe80687,1,1947.567164
2026/02/04/23:52:00,running-time,rs-001972-htwcs,e607c293-5d66-4868-b0f6-73106fe80687,1,1947.567164
2026/02/04/23:52:15,apply-time,rs-001973-bldxv,548f69f8-719b-4161-8a1f-2aa9aa53d25a,1,1961.567164
2026/02/04/23:52:15,running-time,rs-001973-bldxv,548f69f8-719b-4161-8a1f-2aa9aa53d25a,1,1961.567164
2026/02/04/23:52:15,apply-time,rs-001973-xl4sr,171b8bef-c144-49e9-ac1e-cee337b9dfa5,1,1961.567164
2026/02/04/23:52:15,running-time,rs-001973-xl4sr,171b8bef-c144-49e9-ac1e-cee337b9dfa5,1,1961.567164
2026/02/04/23:52:15,apply-time,rs-001974-9dwmj,3a0df859-e2ae-4bdb-a07f-f800a48235c0,1,1961.567164
2026/02/04/23:52:15,running-time,rs-001974-9dwmj,3a0df859-e2ae-4bdb-a07f-f800a48235c0,1,1961.567164
2026/02/04/23:52:15,apply-time,rs-001974-c5qvx,b2e7fc6a-5bc5-4c72-ab55-8c926e5e3bbe,1,1961.567164
2026/02/04/23:52:15,running-time,rs-001974-c5qvx,b2e7fc6a-5bc5-4c72-ab55-8c926e5e3bbe,1,1961.567164
2026/02/04/23:52:15,apply-time,rs-001974-ptxqd,3388d67e-97b2-4f09-b22e-4a297ff4eea1,1,1961.567164
2026/02/04/23:52:15,running-time,rs-001974-ptxqd,3388d67e-97b2-4f09-b22e-4a297ff4eea1,1,1961.567164
2026/02/04/23:52:17,apply-time,rs-001975-ztwmm,a544af59-6d60-4491-8ee6-973c0254e479,1,1964.567164
2026/02/04/23:52:17,running-time,rs-001975-ztwmm,a544af59-6d60-4491-8ee6-973c0254e479,1,1964.567164
2026/02/04/23:52:17,apply-time,rs-001976-9nqtr,77fc9e62-3ed5-4dcb-aeb0-3c3cbc5863b4,1,1964.567164
2026/02/04/23:52:17,running-time,rs-001976-9nqtr,77fc9e62-3ed5-4dcb-aeb0-3c3cbc5863b4,1,1964.567164
2026/02/04/23:52:17,apply-time,rs-001976-fp5lw,7cb1b029-3c5a-4789-91e3-8c59416abb41,1,1964.567164
2026/02/04/23:52:17,running-time,rs-001976-fp5lw,7cb1b029-3c5a-4789-91e3-8c59416abb41,1,1964.567164
2026/02/04/23:52:17,apply-time,rs-001976-mvdkp,33be1060-587b-4eec-8a93-677c575dbca7,1,1964.567164
2026/02/04/23:52:17,running-time,rs-001976-mvdkp,33be1060-587b-4eec-8a93-677c575dbca7,1,1964.567164
2026/02/04/23:52:17,apply-time,rs-001977-7ss9n,d38d2545-2724-44cc-8e46-7093b6fb2451,1,1964.567164
2026/02/04/23:52:17,running-time,rs-001977-7ss9n,d38d2545-2724-44cc-8e46-7093b6fb2451,1,1964.567164
2026/02/04/23:52:17,apply-time,rs-001977-qprx6,91e0f36f-c1c0-41c1-be54-84df7efbd135,1,1964.567164
2026/02/04/23:52:17,running-time,rs-001977-qprx6,91e0f36f-c1c0-41c1-be54-84df7efbd135,1,1964.567164
2026/02/04/23:52:17,apply-time,rs-001978-4w92f,fcc770ab-6f5c-48d9-9b46-0b5140517170,1,1964.567164
2026/02/04/23:52:17,running-time,rs-001978-4w92f,fcc770ab-6f5c-48d9-9b46-0b5140517170,1,1964.567164
2026/02/04/23:52:17,apply-time,rs-001978-dfj8m,3b66bec8-fc0a-4966-bc8e-cee3e00a7243,1,1964.567164
2026/02/04/23:52:17,running-time,rs-001978-dfj8m,3b66bec8-fc0a-4966-bc8e-cee3e00a7243,1,1964.567164
2026/02/04/23:52:18,apply-time,rs-001979-2jkrn,454b0d9d-f3ec-447a-91b2-a127fab5faf2,1,1964.567164
2026/02/04/23:52:18,running-time,rs-001979-2jkrn,454b0d9d-f3ec-447a-91b2-a127fab5faf2,1,1964.567164
2026/02/04/23:52:18,apply-time,rs-001979-8vqcg,14e94a2c-b1ea-485e-99d3-3088dbfeeb3e,1,1964.567164
2026/02/04/23:52:18,running-time,rs-001979-8vqcg,14e94a2c-b1ea-485e-99d3-3088dbfeeb3e,1,1964.567164
2026/02/04/23:52:18,apply-time,rs-001979-rbstx,528a5495-6315-48ab-bb82-258c5263a7f8,1,1964.567164
2026/02/04/23:52:18,running-time,rs-001979-rbstx,528a5495-6315-48ab-bb82-258c5263a7f8,1,1964.567164
2026/02/04/23:52:18,apply-time,rs-001980-t6lww,9fed16cc-1ca8-4b3b-b300-8ee8a3bcea58,1,1964.567164
2026/02/04/23:52:18,running-time,rs-001980-t6lww,9fed16cc-1ca8-4b3b-b300-8ee8a3bcea58,1,1964.567164
2026/02/04/23:52:18,apply-time,rs-001980-wpr58,7c6542f5-9a63-484c-a854-1e3be363551f,1,1964.567164
2026/02/04/23:52:18,running-time,rs-001980-wpr58,7c6542f5-9a63-484c-a854-1e3be363551f,1,1965.567164
2026/02/04/23:52:18,apply-time,rs-001981-7kwwl,d7a529f3-6198-464b-945e-36a588839b24,1,1964.567164
2026/02/04/23:52:18,running-time,rs-001981-7kwwl,d7a529f3-6198-464b-945e-36a588839b24,1,1964.567164
2026/02/04/23:52:18,apply-time,rs-001982-j9slb,e8daf48d-6b62-4785-8ce4-fe2051a1c702,1,1965.567164
2026/02/04/23:52:18,apply-time,rs-001982-kx9dd,940169fc-e6de-4f11-a321-c044df44fb35,1,1965.567164
2026/02/04/23:52:18,running-time,rs-001982-kx9dd,940169fc-e6de-4f11-a321-c044df44fb35,1,1965.567164
2026/02/04/23:52:19,running-time,rs-001982-j9slb,e8daf48d-6b62-4785-8ce4-fe2051a1c702,1,1965.567164
2026/02/04/23:52:19,apply-time,rs-001983-7jw8k,17cfa7c4-29c7-45ff-b223-cf2cc7069b72,1,1966.567164
2026/02/04/23:52:19,running-time,rs-001983-7jw8k,17cfa7c4-29c7-45ff-b223-cf2cc7069b72,1,1966.567164
2026/02/04/23:52:19,apply-time,rs-001983-n9kpd,0f8319e0-4ea5-4c78-a0eb-8afc30fd6ef5,1,1966.567164
2026/02/04/23:52:19,running-time,rs-001983-n9kpd,0f8319e0-4ea5-4c78-a0eb-8afc30fd6ef5,1,1966.567164
2026/02/04/23:52:19,apply-time,rs-001983-x8rzv,35ce69a4-dad9-445f-b6b3-1ce95335ba19,1,1966.567164
2026/02/04/23:52:19,running-time,rs-001983-x8rzv,35ce69a4-dad9-445f-b6b3-1ce95335ba19,1,1966.567164
2026/02/04/23:52:19,apply-time,rs-001984-zbs6n,1d87749e-5e62-45ef-828d-83a42f11ce25,1,1965.567164
2026/02/04/23:52:19,running-time,rs-001984-zbs6n,1d87749e-5e62-45ef-828d-83a42f11ce25,1,1966.567164
2026/02/04/23:52:19,apply-time,rs-001985-hlrws,56b8df62-26a6-4124-af0d-3b79642b9654,1,1966.567164
2026/02/04/23:52:19,running-time,rs-001985-hlrws,56b8df62-26a6-4124-af0d-3b79642b9654,1,1966.567164
2026/02/04/23:52:19,apply-time,rs-001986-lbq22,701ad4f2-e436-4b43-a94a-07bbe8c1148c,1,1966.567164
2026/02/04/23:52:19,running-time,rs-001986-lbq22,701ad4f2-e436-4b43-a94a-07bbe8c1148c,1,1966.567164
2026/02/04/23:52:20,apply-time,rs-001987-64l79,8a24c887-50ea-4f98-8cfe-6bf238c8ba50,1,1966.567164
2026/02/04/23:52:20,running-time,rs-001987-64l79,8a24c887-50ea-4f98-8cfe-6bf238c8ba50,1,1966.567164
2026/02/04/23:52:20,apply-time,rs-001987-rn4fg,296576e8-99dc-4dc9-86f2-1469933d0496,1,1966.567164
2026/02/04/23:52:20,running-time,rs-001987-rn4fg,296576e8-99dc-4dc9-86f2-1469933d0496,1,1966.567164
2026/02/04/23:52:21,apply-time,rs-001988-8zlgm,6d9cecec-2aad-4b9e-93dc-02b6250d4767,1,1968.567164
2026/02/04/23:52:21,running-time,rs-001988-8zlgm,6d9cecec-2aad-4b9e-93dc-02b6250d4767,1,1968.567164
2026/02/04/23:52:21,apply-time,rs-001988-cj67w,9371e8eb-7035-4416-bbce-68feb2bd6a38,1,1968.567164
2026/02/04/23:52:21,running-time,rs-001988-cj67w,9371e8eb-7035-4416-bbce-68feb2bd6a38,1,1968.567164
2026/02/04/23:52:24,apply-time,rs-001989-4ttjv,cd6095d3-b531-4610-81e0-8037b60a9a7a,1,1970.567164
2026/02/04/23:52:24,running-time,rs-001989-4ttjv,cd6095d3-b531-4610-81e0-8037b60a9a7a,1,1970.567164
2026/02/04/23:52:24,apply-time,rs-001990-5wtmz,5359b782-5a49-4529-84c2-11bdebd46e7f,1,1970.567164
2026/02/04/23:52:24,running-time,rs-001990-5wtmz,5359b782-5a49-4529-84c2-11bdebd46e7f,1,1970.567164
2026/02/04/23:52:24,apply-time,rs-001991-fkkvz,471825a3-5b04-4021-8561-f4eedbc8e714,1,1970.567164
2026/02/04/23:52:24,running-time,rs-001991-fkkvz,471825a3-5b04-4021-8561-f4eedbc8e714,1,1970.567164
2026/02/04/23:52:24,apply-time,rs-001992-8jchk,6404bc2e-171f-479a-bd33-c73cb989c585,1,1970.567164
2026/02/04/23:52:24,running-time,rs-001992-8jchk,6404bc2e-171f-479a-bd33-c73cb989c585,1,1970.567164
2026/02/04/23:52:24,apply-time,rs-001992-j7hvd,1b2384aa-d06a-4a43-9613-ae13e2ba6fe3,1,1970.567164
2026/02/04/23:52:24,running-time,rs-001992-j7hvd,1b2384aa-d06a-4a43-9613-ae13e2ba6fe3,1,1970.567164
2026/02/04/23:52:31,apply-time,rs-001993-sk2h4,fb3abf32-6815-4bb8-8294-9d155bc6d4d8,1,1977.567164
2026/02/04/23:52:31,running-time,rs-001993-sk2h4,fb3abf32-6815-4bb8-8294-9d155bc6d4d8,1,1977.567164
2026/02/04/23:52:31,apply-time,rs-001994-trmqk,a2507cdf-60d2-4ade-9c01-2649c7d1555e,1,1977.567164
2026/02/04/23:52:31,running-time,rs-001994-trmqk,a2507cdf-60d2-4ade-9c01-2649c7d1555e,1,1977.567164
2026/02/04/23:52:31,apply-time,rs-001995-j5prk,e9a058c7-3fc7-4214-bd2c-00d5b9e5424b,1,1978.567164
2026/02/04/23:52:31,running-time,rs-001995-j5prk,e9a058c7-3fc7-4214-bd2c-00d5b9e5424b,1,1978.567164
2026/02/04/23:52:31,apply-time,rs-001996-td4pf,15a2d211-65d0-46df-b8ec-e4ac6883134f,1,1978.567164
2026/02/04/23:52:31,running-time,rs-001996-td4pf,15a2d211-65d0-46df-b8ec-e4ac6883134f,1,1978.567164
2026/02/04/23:52:31,apply-time,rs-001997-vznv2,d7b63fd5-2139-45c2-85a4-4e913df81088,1,1978.567164
2026/02/04/23:52:31,running-time,rs-001997-vznv2,d7b63fd5-2139-45c2-85a4-4e913df81088,1,1978.567164
2026/02/04/23:52:31,apply-time,rs-001998-kdf4j,2092120c-f925-494f-b860-66a429463397,1,1978.567164
2026/02/04/23:52:31,running-time,rs-001998-kdf4j,2092120c-f925-494f-b860-66a429463397,1,1978.567164
2026/02/04/23:52:31,apply-time,rs-001999-hldxg,f7bdd359-84a4-4934-a851-819cc14bb05c,1,1978.567164
2026/02/04/23:52:31,running-time,rs-001999-hldxg,f7bdd359-84a4-4934-a851-819cc14bb05c,1,1978.567164
2026/02/04/23:52:31,apply-time,rs-002000-7w2xj,05afb0e5-eb1e-49ee-8c07-2e8e7f118855,1,1978.567164
2026/02/04/23:52:31,running-time,rs-002000-7w2xj,05afb0e5-eb1e-49ee-8c07-2e8e7f118855,1,1978.567164
2026/02/04/23:52:31,apply-time,rs-002000-blj8l,bc29e321-551f-4bf6-b68e-8bae450d8df1,1,1978.567164
2026/02/04/23:52:31,running-time,rs-002000-blj8l,bc29e321-551f-4bf6-b68e-8bae450d8df1,1,1978.567164
2026/02/04/23:52:31,apply-time,rs-002001-pfmsr,4fa095f1-bc3d-4987-b56f-f929ae952c8b,1,1978.567164
2026/02/04/23:52:31,running-time,rs-002001-pfmsr,4fa095f1-bc3d-4987-b56f-f929ae952c8b,1,1978.567164
2026/02/04/23:52:32,apply-time,rs-002001-vwpr6,f4ac3afe-df63-4bdd-a317-1b379b3ca4fa,1,1978.567164
2026/02/04/23:52:32,running-time,rs-002001-vwpr6,f4ac3afe-df63-4bdd-a317-1b379b3ca4fa,1,1978.567164
2026/02/04/23:52:36,apply-time,rs-002002-fkbvf,0f938923-9563-407d-bba8-8f8796b8fe00,1,1982.567164
2026/02/04/23:52:36,running-time,rs-002002-fkbvf,0f938923-9563-407d-bba8-8f8796b8fe00,1,1982.567164
2026/02/04/23:52:36,apply-time,rs-002003-7z75h,a1bf9d9e-8808-484d-8818-62c65ee83275,1,1982.567164
2026/02/04/23:52:36,running-time,rs-002003-7z75h,a1bf9d9e-8808-484d-8818-62c65ee83275,1,1982.567164
2026/02/04/23:52:36,apply-time,rs-002003-l2p4l,7727de56-627a-476f-9bf4-bf9c1adffc65,1,1982.567164
2026/02/04/23:52:36,running-time,rs-002003-l2p4l,7727de56-627a-476f-9bf4-bf9c1adffc65,1,1982.567164
2026/02/04/23:52:36,apply-time,rs-002004-74q59,b81a4034-8190-4ff2-bca3-70786277171f,1,1982.567164
2026/02/04/23:52:36,running-time,rs-002004-74q59,b81a4034-8190-4ff2-bca3-70786277171f,1,1982.567164
2026/02/04/23:52:50,apply-time,rs-002005-h82ll,a6dc0185-395c-4bc4-8cfc-9418bcc904de,1,1997.567164
2026/02/04/23:52:50,running-time,rs-002005-h82ll,a6dc0185-395c-4bc4-8cfc-9418bcc904de,1,1997.567164
2026/02/04/23:52:50,apply-time,rs-002005-t8j97,b23521ce-66dd-43d2-b1b3-03faef571bd6,1,1997.567164
2026/02/04/23:52:50,running-time,rs-002005-t8j97,b23521ce-66dd-43d2-b1b3-03faef571bd6,1,1997.567164
2026/02/04/23:52:50,apply-time,rs-002005-v2vmt,ab17bead-4116-4b94-90a8-f79fa1d8b66e,1,1997.567164
2026/02/04/23:52:50,running-time,rs-002005-v2vmt,ab17bead-4116-4b94-90a8-f79fa1d8b66e,1,1997.567164
2026/02/04/23:52:50,apply-time,rs-002006-lp5j2,ca7394d9-ab72-4b42-b483-5b35dbd0c956,1,1997.567164
2026/02/04/23:52:50,running-time,rs-002006-lp5j2,ca7394d9-ab72-4b42-b483-5b35dbd0c956,1,1997.567164
2026/02/04/23:52:50,apply-time,rs-002006-np5b6,ed09e2e1-3f62-4537-9bf6-dae8d1646bc2,1,1997.567164
2026/02/04/23:52:50,running-time,rs-002006-np5b6,ed09e2e1-3f62-4537-9bf6-dae8d1646bc2,1,1997.567164
2026/02/04/23:53:00,apply-time,rs-002007-7x6qp,e9f927d6-5399-4d1d-bf26-4976cf746eb0,1,2006.567164
2026/02/04/23:53:00,running-time,rs-002007-7x6qp,e9f927d6-5399-4d1d-bf26-4976cf746eb0,1,2006.567164
2026/02/04/23:53:00,apply-time,rs-002007-n6l52,fc7d2357-779f-4e40-98c2-1b4e7a1a52c6,1,2006.567164
2026/02/04/23:53:00,running-time,rs-002007-n6l52,fc7d2357-779f-4e40-98c2-1b4e7a1a52c6,1,2006.567164
2026/02/04/23:53:00,apply-time,rs-002007-w4dmc,bda73c2e-c7de-4861-b5d9-48b7a3c0e73d,1,2006.567164
2026/02/04/23:53:00,running-time,rs-002007-w4dmc,bda73c2e-c7de-4861-b5d9-48b7a3c0e73d,1,2006.567164
2026/02/04/23:53:00,apply-time,rs-002008-6f6xx,a90efceb-d582-4e81-80a0-265c584882d7,1,2006.567164
2026/02/04/23:53:00,running-time,rs-002008-6f6xx,a90efceb-d582-4e81-80a0-265c584882d7,1,2006.567164
2026/02/04/23:53:00,apply-time,rs-002008-g9vzh,fc7194d8-547e-482f-a76b-c2f34b7886e7,1,2006.567164
2026/02/04/23:53:00,running-time,rs-002008-g9vzh,fc7194d8-547e-482f-a76b-c2f34b7886e7,1,2006.567164
2026/02/04/23:53:00,apply-time,rs-002009-99mcz,2f6861f1-cf01-4080-8372-559d53159656,1,2006.567164
2026/02/04/23:53:00,running-time,rs-002009-99mcz,2f6861f1-cf01-4080-8372-559d53159656,1,2006.567164
2026/02/04/23:53:00,apply-time,rs-002009-ccv7m,0408d6f1-2527-41a5-a5b5-03c67d70b152,1,2006.567164
2026/02/04/23:53:00,running-time,rs-002009-ccv7m,0408d6f1-2527-41a5-a5b5-03c67d70b152,1,2006.567164
2026/02/04/23:53:00,apply-time,rs-002009-jhk6k,6227a42b-f8f1-41ad-b9d2-5faad40cdd01,1,2006.567164
2026/02/04/23:53:00,running-time,rs-002009-jhk6k,6227a42b-f8f1-41ad-b9d2-5faad40cdd01,1,2006.567164
2026/02/04/23:53:00,apply-time,rs-002010-sccf2,8f427a27-0246-421a-9118-da4291f32b62,1,2007.567164
2026/02/04/23:53:00,running-time,rs-002010-sccf2,8f427a27-0246-421a-9118-da4291f32b62,1,2007.567164
2026/02/04/23:53:00,apply-time,rs-002010-sxrbl,590aef79-c364-4a29-8cc3-c8a7b540bb91,1,2007.567164
2026/02/04/23:53:00,running-time,rs-002010-sxrbl,590aef79-c364-4a29-8cc3-c8a7b540bb91,1,2007.567164
2026/02/04/23:53:00,apply-time,rs-002011-5jmzw,2ee70d7f-2a84-4ebe-b405-b7f57e56324f,1,2007.567164
2026/02/04/23:53:00,running-time,rs-002011-5jmzw,2ee70d7f-2a84-4ebe-b405-b7f57e56324f,1,2007.567164
2026/02/04/23:53:00,apply-time,rs-002011-gqfcq,3ddab0cb-b7f9-43da-b92e-d3b455ec5dab,1,2007.567164
2026/02/04/23:53:00,running-time,rs-002011-gqfcq,3ddab0cb-b7f9-43da-b92e-d3b455ec5dab,1,2007.567164
2026/02/04/23:53:00,apply-time,rs-002012-5wd52,887747b0-7db9-404f-b9e3-004a2cfdbd64,1,2007.567164
2026/02/04/23:53:00,running-time,rs-002012-5wd52,887747b0-7db9-404f-b9e3-004a2cfdbd64,1,2007.567164
2026/02/04/23:53:00,apply-time,rs-002013-p5kvm,47d1cb2a-5ce4-44d9-8a5c-693e5665541c,1,2007.567164
2026/02/04/23:53:00,running-time,rs-002013-p5kvm,47d1cb2a-5ce4-44d9-8a5c-693e5665541c,1,2007.567164
2026/02/04/23:53:00,apply-time,rs-002013-vrns6,4b33aa61-df6a-4844-893a-f45cb5cc8b20,1,2007.567164
2026/02/04/23:53:00,apply-time,rs-002014-5zhn8,f80fde7d-75af-4e58-a1d3-e63e462786e2,1,2007.567164
2026/02/04/23:53:00,running-time,rs-002014-5zhn8,f80fde7d-75af-4e58-a1d3-e63e462786e2,1,2007.567164
2026/02/04/23:53:01,running-time,rs-002013-vrns6,4b33aa61-df6a-4844-893a-f45cb5cc8b20,1,2007.567164
2026/02/04/23:53:01,apply-time,rs-002014-sprnp,5f1fb279-9628-4257-9964-4a3c498282e0,1,2007.567164
2026/02/04/23:53:01,running-time,rs-002014-sprnp,5f1fb279-9628-4257-9964-4a3c498282e0,1,2007.567164
2026/02/04/23:53:01,apply-time,rs-002014-tmdlq,a90f38b0-aa2b-424e-af7e-b13f868cce67,1,2007.567164
2026/02/04/23:53:01,running-time,rs-002014-tmdlq,a90f38b0-aa2b-424e-af7e-b13f868cce67,1,2007.567164
2026/02/04/23:53:01,apply-time,rs-002015-7v4x6,6d6e432c-88c4-4d79-8026-f59284bf8413,1,2007.567164
2026/02/04/23:53:01,running-time,rs-002015-7v4x6,6d6e432c-88c4-4d79-8026-f59284bf8413,1,2007.567164
2026/02/04/23:53:01,apply-time,rs-002016-ndp8b,d1461317-6c03-45db-b23e-31fd7527d923,1,2007.567164
2026/02/04/23:53:01,running-time,rs-002016-ndp8b,d1461317-6c03-45db-b23e-31fd7527d923,1,2007.567164
2026/02/04/23:53:01,apply-time,rs-002017-vck5b,a0934924-924d-476f-9a98-a04ce88c1e75,1,2008.567164
2026/02/04/23:53:01,running-time,rs-002017-vck5b,a0934924-924d-476f-9a98-a04ce88c1e75,1,2008.567164
2026/02/04/23:53:01,apply-time,rs-002018-wjvsq,4a6ec090-2b28-432c-bbf0-e1f632408f26,1,2008.567164
2026/02/04/23:53:02,apply-time,rs-002018-lgjzb,f0152d64-9aeb-437b-a68e-bb6a7797367b,1,2008.567164
2026/02/04/23:53:02,running-time,rs-002018-lgjzb,f0152d64-9aeb-437b-a68e-bb6a7797367b,1,2008.567164
2026/02/04/23:53:02,running-time,rs-002018-wjvsq,4a6ec090-2b28-432c-bbf0-e1f632408f26,1,2008.567164
2026/02/04/23:53:02,apply-time,rs-002019-77rwh,fea3c461-43ea-48a1-944c-b25b44cf6a4f,1,2009.567164
2026/02/04/23:53:02,running-time,rs-002019-77rwh,fea3c461-43ea-48a1-944c-b25b44cf6a4f,1,2009.567164
2026/02/04/23:53:02,apply-time,rs-002019-8zgjv,4674a2de-cb62-415a-aa39-13b21a226376,1,2008.567164
2026/02/04/23:53:02,running-time,rs-002019-8zgjv,4674a2de-cb62-415a-aa39-13b21a226376,1,2008.567164
2026/02/04/23:53:02,apply-time,rs-002019-z8gcj,8de9ed0b-732a-4c79-8433-a9cbbb73aae1,1,2009.567164
2026/02/04/23:53:02,running-time,rs-002019-z8gcj,8de9ed0b-732a-4c79-8433-a9cbbb73aae1,1,2009.567164
2026/02/04/23:53:02,apply-time,rs-002020-jzjkg,1ab767f4-1163-4c0f-9471-52a679ddc29c,1,2008.567164
2026/02/04/23:53:02,running-time,rs-002020-jzjkg,1ab767f4-1163-4c0f-9471-52a679ddc29c,1,2008.567164
2026/02/04/23:53:04,apply-time,rs-002021-sssgm,18e488cb-8b29-475a-a4dc-aa35e493595a,1,2011.567164
2026/02/04/23:53:04,running-time,rs-002021-sssgm,18e488cb-8b29-475a-a4dc-aa35e493595a,1,2011.567164
2026/02/04/23:53:04,apply-time,rs-002021-vqzns,a81992a7-b698-4da1-8b5a-3beaf044c15f,1,2010.567164
2026/02/04/23:53:04,running-time,rs-002021-vqzns,a81992a7-b698-4da1-8b5a-3beaf044c15f,1,2011.567164
2026/02/04/23:53:04,apply-time,rs-002022-2hh6f,1848f1d6-7532-4ebc-ac32-397008663321,1,2011.567164
2026/02/04/23:53:04,running-time,rs-002022-2hh6f,1848f1d6-7532-4ebc-ac32-397008663321,1,2011.567164
2026/02/04/23:53:04,apply-time,rs-002023-4rlff,5dcf1ebf-2e7e-46d4-9d0d-e6f3c2507b96,1,2011.567164
2026/02/04/23:53:04,running-time,rs-002023-4rlff,5dcf1ebf-2e7e-46d4-9d0d-e6f3c2507b96,1,2011.567164
2026/02/04/23:53:04,apply-time,rs-002023-76x4g,81640d73-77c4-4548-a44d-675cb00730f0,1,2011.567164
2026/02/04/23:53:04,running-time,rs-002023-76x4g,81640d73-77c4-4548-a44d-675cb00730f0,1,2011.567164
2026/02/04/23:53:04,apply-time,rs-002023-8fmtr,c047928b-a802-4a25-9fcd-06516ee25873,1,2011.567164
2026/02/04/23:53:04,running-time,rs-002023-8fmtr,c047928b-a802-4a25-9fcd-06516ee25873,1,2011.567164
2026/02/04/23:53:04,apply-time,rs-002024-bkv4z,28474d33-8c75-4b97-bde2-3e42ac4e82e0,1,2011.567164
2026/02/04/23:53:04,running-time,rs-002024-bkv4z,28474d33-8c75-4b97-bde2-3e42ac4e82e0,1,2011.567164
2026/02/04/23:53:04,apply-time,rs-002024-pkxrc,c8bd26c5-f526-4100-90f9-f9f2b91a0468,1,2011.567164
2026/02/04/23:53:04,running-time,rs-002024-pkxrc,c8bd26c5-f526-4100-90f9-f9f2b91a0468,1,2011.567164
2026/02/04/23:53:12,apply-time,rs-002025-72p9b,648b413b-85b6-4640-b80d-42fb69d27330,1,2019.567164
2026/02/04/23:53:12,running-time,rs-002025-72p9b,648b413b-85b6-4640-b80d-42fb69d27330,1,2019.567164
2026/02/04/23:53:12,apply-time,rs-002026-nt5zq,b4f01a43-8b92-4b23-8517-d2eab65004fa,1,2019.567164
2026/02/04/23:53:12,running-time,rs-002026-nt5zq,b4f01a43-8b92-4b23-8517-d2eab65004fa,1,2019.567164
2026/02/04/23:53:12,apply-time,rs-002026-s6m6r,945d4720-56f3-49c1-ae1d-4f9a5cc8d568,1,2019.567164
2026/02/04/23:53:12,running-time,rs-002026-s6m6r,945d4720-56f3-49c1-ae1d-4f9a5cc8d568,1,2019.567164
2026/02/04/23:53:12,apply-time,rs-002026-sql7v,5034821e-9dd8-46c2-9256-c68b7a8c55e4,1,2019.567164
2026/02/04/23:53:12,running-time,rs-002026-sql7v,5034821e-9dd8-46c2-9256-c68b7a8c55e4,1,2019.567164
2026/02/04/23:53:12,apply-time,rs-002027-hzk82,abd44fa5-a851-4af3-b52e-1e069371e728,1,2019.567164
2026/02/04/23:53:12,apply-time,rs-002027-lbqss,304ace0c-a1a8-4a21-90de-731183fb1672,1,2019.567164
2026/02/04/23:53:12,apply-time,rs-002027-sjdw4,bd480991-b13f-469f-a427-4ebd46224794,1,2019.567164
2026/02/04/23:53:12,running-time,rs-002027-sjdw4,bd480991-b13f-469f-a427-4ebd46224794,1,2019.567164
2026/02/04/23:53:12,apply-time,rs-002028-n2nvn,32191f9d-4587-4ecc-9c2a-9e125cf36c23,1,2019.567164
2026/02/04/23:53:12,running-time,rs-002028-n2nvn,32191f9d-4587-4ecc-9c2a-9e125cf36c23,1,2019.567164
2026/02/04/23:53:12,apply-time,rs-002028-zrndr,20986ce1-7dc4-432c-add4-749e712c58eb,1,2019.567164
2026/02/04/23:53:12,running-time,rs-002028-zrndr,20986ce1-7dc4-432c-add4-749e712c58eb,1,2019.567164
2026/02/04/23:53:12,apply-time,rs-002029-jdmpm,a215de13-da14-4255-ac68-cb92c10a30d9,1,2019.567164
2026/02/04/23:53:12,running-time,rs-002029-jdmpm,a215de13-da14-4255-ac68-cb92c10a30d9,1,2019.567164
2026/02/04/23:53:12,apply-time,rs-002029-k5sgq,fdbc69ed-772d-4878-b7ba-e1db893629fb,1,2019.567164
2026/02/04/23:53:13,running-time,rs-002029-k5sgq,fdbc69ed-772d-4878-b7ba-e1db893629fb,1,2019.567164
2026/02/04/23:53:13,apply-time,rs-002029-qj4gh,77a8c275-f399-474a-833a-51709d0d1c70,1,2019.567164
2026/02/04/23:53:13,running-time,rs-002029-qj4gh,77a8c275-f399-474a-833a-51709d0d1c70,1,2019.567164
2026/02/04/23:53:13,apply-time,rs-002031-pvl59,5c2b9cc3-9fff-423d-b3e0-c4bf40d72f78,1,2020.567164
2026/02/04/23:53:13,running-time,rs-002031-pvl59,5c2b9cc3-9fff-423d-b3e0-c4bf40d72f78,1,2020.567164
2026/02/04/23:53:13,apply-time,rs-002033-84g7c,50beba52-e8fc-4b5c-ae36-8a063e044002,1,2020.567164
2026/02/04/23:53:13,running-time,rs-002033-84g7c,50beba52-e8fc-4b5c-ae36-8a063e044002,1,2020.567164
2026/02/04/23:53:13,apply-time,rs-002034-pdtwz,8b824cd7-ae9a-49eb-afe0-3d0ea9479248,1,2020.567164
2026/02/04/23:53:13,running-time,rs-002034-pdtwz,8b824cd7-ae9a-49eb-afe0-3d0ea9479248,1,2020.567164
2026/02/04/23:53:14,running-time,rs-002027-hzk82,abd44fa5-a851-4af3-b52e-1e069371e728,1,2021.567164
2026/02/04/23:53:14,apply-time,rs-002030-bflf8,e2888f62-797c-4e6b-8f6c-df0bf6ce55e2,1,2020.567164
2026/02/04/23:53:14,running-time,rs-002030-bflf8,e2888f62-797c-4e6b-8f6c-df0bf6ce55e2,1,2020.567164
2026/02/04/23:53:14,apply-time,rs-002030-n9std,6cc08046-e412-4bac-b24c-40c3ffb2f315,1,2021.567164
2026/02/04/23:53:14,running-time,rs-002030-n9std,6cc08046-e412-4bac-b24c-40c3ffb2f315,1,2021.567164
2026/02/04/23:53:14,apply-time,rs-002031-ftmhs,09add456-06d6-4828-a4e4-1f6e890edcf1,1,2020.567164
2026/02/04/23:53:14,running-time,rs-002031-ftmhs,09add456-06d6-4828-a4e4-1f6e890edcf1,1,2020.567164
2026/02/04/23:53:14,apply-time,rs-002031-wgmlb,5a67a774-440d-4199-92ab-d2387ed8e91d,1,2020.567164
2026/02/04/23:53:14,running-time,rs-002031-wgmlb,5a67a774-440d-4199-92ab-d2387ed8e91d,1,2020.567164
2026/02/04/23:53:14,apply-time,rs-002032-hl57n,4720a033-f7d2-46f9-b18c-4bb4719e18b7,1,2021.567164
2026/02/04/23:53:14,running-time,rs-002032-hl57n,4720a033-f7d2-46f9-b18c-4bb4719e18b7,1,2021.567164
2026/02/04/23:53:14,apply-time,rs-002032-txc22,15635b1c-38a8-4571-97b4-d84191433889,1,2020.567164
2026/02/04/23:53:14,running-time,rs-002032-txc22,15635b1c-38a8-4571-97b4-d84191433889,1,2020.567164
2026/02/04/23:53:14,apply-time,rs-002032-wr9vh,03885683-eb59-4f11-8b3f-e5f6b094fb03,1,2021.567164
2026/02/04/23:53:14,running-time,rs-002032-wr9vh,03885683-eb59-4f11-8b3f-e5f6b094fb03,1,2021.567164
2026/02/04/23:53:14,apply-time,rs-002033-96fs8,21b1959a-2dc1-47ab-b6e8-e1962b671413,1,2020.567164
2026/02/04/23:53:14,running-time,rs-002033-96fs8,21b1959a-2dc1-47ab-b6e8-e1962b671413,1,2020.567164
2026/02/04/23:53:18,running-time,rs-002027-lbqss,304ace0c-a1a8-4a21-90de-731183fb1672,1,2025.567164
2026/02/04/23:53:22,apply-time,rs-002035-5p6c5,20356af1-3e68-4f7b-b46d-886b033118b8,1,2028.567164
2026/02/04/23:53:22,running-time,rs-002035-5p6c5,20356af1-3e68-4f7b-b46d-886b033118b8,1,2028.567164
2026/02/04/23:53:22,apply-time,rs-002036-5lbsp,46cbbf45-d0f7-4857-ac9e-744b6c801276,1,2029.567164
2026/02/04/23:53:22,running-time,rs-002036-5lbsp,46cbbf45-d0f7-4857-ac9e-744b6c801276,1,2029.567164
2026/02/04/23:53:22,apply-time,rs-002036-9tqwk,f17c856a-27d9-4964-9104-ebeb494b8dd1,1,2029.567164
2026/02/04/23:53:22,running-time,rs-002036-9tqwk,f17c856a-27d9-4964-9104-ebeb494b8dd1,1,2029.567164
2026/02/04/23:53:22,apply-time,rs-002036-dprtm,1aeb6208-944c-4876-8c88-5405d5220787,1,2029.567164
2026/02/04/23:53:22,running-time,rs-002036-dprtm,1aeb6208-944c-4876-8c88-5405d5220787,1,2029.567164
2026/02/04/23:53:22,apply-time,rs-002037-69cr4,a3c176c5-4fd5-4270-be2c-f1ab14387424,1,2029.567164
2026/02/04/23:53:22,running-time,rs-002037-69cr4,a3c176c5-4fd5-4270-be2c-f1ab14387424,1,2029.567164
2026/02/04/23:53:22,apply-time,rs-002037-7vdjr,fee7cc9d-5168-40e2-9790-463a7eb51e63,1,2029.567164
2026/02/04/23:53:22,running-time,rs-002037-7vdjr,fee7cc9d-5168-40e2-9790-463a7eb51e63,1,2029.567164
2026/02/04/23:53:22,apply-time,rs-002037-t98th,0044e345-f0e9-4f89-a449-c5daf672e888,1,2029.567164
2026/02/04/23:53:22,running-time,rs-002037-t98th,0044e345-f0e9-4f89-a449-c5daf672e888,1,2029.567164
2026/02/04/23:53:23,apply-time,rs-002038-qm262,2a35d1a1-fcd2-422b-aeb9-4433b387c7c2,1,2029.567164
2026/02/04/23:53:23,running-time,rs-002038-qm262,2a35d1a1-fcd2-422b-aeb9-4433b387c7c2,1,2029.567164
2026/02/04/23:53:23,apply-time,rs-002038-wlvcv,775fa006-aeae-4ca0-843b-b90dd42804a7,1,2029.567164
2026/02/04/23:53:23,running-time,rs-002038-wlvcv,775fa006-aeae-4ca0-843b-b90dd42804a7,1,2029.567164
2026/02/04/23:53:23,apply-time,rs-002039-jvc9k,d33d7447-9822-4143-95f2-303310dbe0c7,1,2029.567164
2026/02/04/23:53:23,apply-time,rs-002039-q6mfk,8960b673-075a-4848-91c7-94f24dd1c62d,1,2029.567164
2026/02/04/23:53:23,apply-time,rs-002040-9v8ql,653cef35-1871-4ad2-94d4-3e8d7aa14e47,1,2029.567164
2026/02/04/23:53:23,running-time,rs-002040-9v8ql,653cef35-1871-4ad2-94d4-3e8d7aa14e47,1,2029.567164
2026/02/04/23:53:23,apply-time,rs-002041-79k8w,77850e44-ea14-49cf-9c3a-0bdabd455063,1,2030.567164
2026/02/04/23:53:23,apply-time,rs-002041-8vq8l,9cf0c387-4925-477d-a5d8-caadc69ed4ec,1,2030.567164
2026/02/04/23:53:23,running-time,rs-002041-8vq8l,9cf0c387-4925-477d-a5d8-caadc69ed4ec,1,2030.567164
2026/02/04/23:53:23,apply-time,rs-002042-2s7nt,bd4eda1c-6be0-42ec-8528-03c1475aa624,1,2030.567164
2026/02/04/23:53:23,apply-time,rs-002042-9pbc9,bdedbbc6-ccc6-4a38-80a9-547c13003acc,1,2030.567164
2026/02/04/23:53:23,running-time,rs-002042-9pbc9,bdedbbc6-ccc6-4a38-80a9-547c13003acc,1,2030.567164
2026/02/04/23:53:23,apply-time,rs-002042-d8tgf,515e4206-7f21-49cb-b1a2-cab9ce48e620,1,2030.567164
2026/02/04/23:53:23,running-time,rs-002042-d8tgf,515e4206-7f21-49cb-b1a2-cab9ce48e620,1,2030.567164
2026/02/04/23:53:23,apply-time,rs-002043-7f426,d391f0c5-061c-4961-a8c1-c374b8749cf1,1,2030.567164
2026/02/04/23:53:23,apply-time,rs-002043-wx8x6,63cba3f9-cb8c-4cc2-98e6-292cc494773b,1,2030.567164
2026/02/04/23:53:23,apply-time,rs-002043-zjb7w,18837a39-0862-43e9-8378-5afd139cae6d,1,2030.567164
2026/02/04/23:53:23,apply-time,rs-002044-d2fxb,b06312a2-9b44-44fa-9e4f-f6e5e41af9d6,1,2030.567164
2026/02/04/23:53:23,running-time,rs-002044-d2fxb,b06312a2-9b44-44fa-9e4f-f6e5e41af9d6,1,2030.567164
2026/02/04/23:53:24,apply-time,rs-002044-jmg8t,8fabfe91-7ca3-4b1a-b7fe-73ecd6963065,1,2030.567164
2026/02/04/23:53:24,running-time,rs-002044-jmg8t,8fabfe91-7ca3-4b1a-b7fe-73ecd6963065,1,2030.567164
2026/02/04/23:53:24,apply-time,rs-002044-tvxnz,a8581610-bb75-496e-9834-ff0fa5033049,1,2030.567164
2026/02/04/23:53:24,running-time,rs-002044-tvxnz,a8581610-bb75-496e-9834-ff0fa5033049,1,2030.567164
2026/02/04/23:53:25,running-time,rs-002039-jvc9k,d33d7447-9822-4143-95f2-303310dbe0c7,1,2032.567164
2026/02/04/23:53:26,apply-time,rs-002045-wvphp,0dbbefb3-9ab8-44cf-90fa-03a5391e0d87,1,2033.567164
2026/02/04/23:53:26,running-time,rs-002045-wvphp,0dbbefb3-9ab8-44cf-90fa-03a5391e0d87,1,2033.567164
2026/02/04/23:53:26,apply-time,rs-002046-mm4r7,94643f29-9557-43ac-8dc5-7b8c3655f2e3,1,2033.567164
2026/02/04/23:53:26,running-time,rs-002046-mm4r7,94643f29-9557-43ac-8dc5-7b8c3655f2e3,1,2033.567164
2026/02/04/23:53:26,apply-time,rs-002046-nnv2f,011efe47-7db4-4048-a05a-62a71802515b,1,2033.567164
2026/02/04/23:53:26,running-time,rs-002046-nnv2f,011efe47-7db4-4048-a05a-62a71802515b,1,2033.567164
2026/02/04/23:53:26,apply-time,rs-002046-rgt6q,247d8979-333a-4e38-b31e-fd20e051115f,1,2033.567164
2026/02/04/23:53:26,running-time,rs-002046-rgt6q,247d8979-333a-4e38-b31e-fd20e051115f,1,2033.567164
2026/02/04/23:53:26,apply-time,rs-002047-g2f8x,b12f0893-ea16-4ce1-88f5-42be4031cfb4,1,2033.567164
2026/02/04/23:53:26,running-time,rs-002047-g2f8x,b12f0893-ea16-4ce1-88f5-42be4031cfb4,1,2033.567164
2026/02/04/23:53:26,apply-time,rs-002047-mtk7t,bfddf427-eb86-4d74-b064-6e169e8fc006,1,2033.567164
2026/02/04/23:53:26,running-time,rs-002047-mtk7t,bfddf427-eb86-4d74-b064-6e169e8fc006,1,2033.567164
2026/02/04/23:53:26,apply-time,rs-002047-v5vcq,1ef5181b-d421-482f-be33-b8c972da7c6a,1,2033.567164
2026/02/04/23:53:26,running-time,rs-002047-v5vcq,1ef5181b-d421-482f-be33-b8c972da7c6a,1,2033.567164
2026/02/04/23:53:34,apply-time,rs-002048-9ccjh,60ab47b6-910e-47ba-a111-7b0c1df5946d,1,2040.567164
2026/02/04/23:53:34,running-time,rs-002048-9ccjh,60ab47b6-910e-47ba-a111-7b0c1df5946d,1,2040.567164
2026/02/04/23:53:34,apply-time,rs-002048-j8lnp,76fa4f19-071a-41d3-a4ed-76970ed5a47f,1,2040.567164
2026/02/04/23:53:34,running-time,rs-002048-j8lnp,76fa4f19-071a-41d3-a4ed-76970ed5a47f,1,2040.567164
2026/02/04/23:53:34,apply-time,rs-002048-m6fxg,fa30df01-2f4d-4966-b5cd-30f05257be52,1,2040.567164
2026/02/04/23:53:34,running-time,rs-002048-m6fxg,fa30df01-2f4d-4966-b5cd-30f05257be52,1,2040.567164
2026/02/04/23:53:40,apply-time,rs-002049-bnb5x,497639eb-6006-4a2e-9a36-9a79aab5a01b,1,2047.567164
2026/02/04/23:53:40,running-time,rs-002049-bnb5x,497639eb-6006-4a2e-9a36-9a79aab5a01b,1,2047.567164
2026/02/04/23:53:40,apply-time,rs-002049-qrb59,c3f9d291-ad0b-4232-a9d3-17a4175df1f9,1,2047.567164
2026/02/04/23:53:40,running-time,rs-002049-qrb59,c3f9d291-ad0b-4232-a9d3-17a4175df1f9,1,2047.567164
2026/02/04/23:53:42,apply-time,rs-002050-s5jng,a6dd5be9-2605-492c-902b-9ca27874bd5a,1,2049.567164
2026/02/04/23:53:42,running-time,rs-002050-s5jng,a6dd5be9-2605-492c-902b-9ca27874bd5a,1,2049.567164
2026/02/04/23:53:42,apply-time,rs-002051-4k7cj,c8850286-48e9-4dff-a56e-85aa5ae3b941,1,2049.567164
2026/02/04/23:53:42,running-time,rs-002051-4k7cj,c8850286-48e9-4dff-a56e-85aa5ae3b941,1,2049.567164
2026/02/04/23:53:42,apply-time,rs-002051-ltl4n,f3105443-9cd7-4885-b95a-eb6e82aaee51,1,2049.567164
2026/02/04/23:53:42,running-time,rs-002051-ltl4n,f3105443-9cd7-4885-b95a-eb6e82aaee51,1,2049.567164
2026/02/04/23:53:42,apply-time,rs-002051-vn2fd,41c83b93-135e-4550-9d4a-e164e449f091,1,2049.567164
2026/02/04/23:53:42,running-time,rs-002051-vn2fd,41c83b93-135e-4550-9d4a-e164e449f091,1,2049.567164
2026/02/04/23:53:45,apply-time,rs-002052-lhlwf,e883509b-bf04-4348-a65c-33e886b82c9b,1,2052.567164
2026/02/04/23:53:45,running-time,rs-002052-lhlwf,e883509b-bf04-4348-a65c-33e886b82c9b,1,2052.567164
2026/02/04/23:53:45,apply-time,rs-002052-mxj7j,7157933f-2f4d-41b5-8c32-f9d63dca5713,1,2052.567164
2026/02/04/23:53:45,running-time,rs-002052-mxj7j,7157933f-2f4d-41b5-8c32-f9d63dca5713,1,2052.567164
2026/02/04/23:53:48,apply-time,rs-002053-bsvdr,1a9ff02a-4cf5-484d-a7dc-daa04be841dc,1,2055.567164
2026/02/04/23:53:48,running-time,rs-002053-bsvdr,1a9ff02a-4cf5-484d-a7dc-daa04be841dc,1,2055.567164
2026/02/04/23:53:48,apply-time,rs-002053-f7f4h,f1651ee5-01b3-4c40-abcb-5a6a52f3970b,1,2055.567164
2026/02/04/23:53:48,running-time,rs-002053-f7f4h,f1651ee5-01b3-4c40-abcb-5a6a52f3970b,1,2055.567164
2026/02/04/23:53:48,apply-time,rs-002053-wtl78,a08247aa-b428-46b0-b83f-66e6d1b5bff6,1,2055.567164
2026/02/04/23:53:48,running-time,rs-002053-wtl78,a08247aa-b428-46b0-b83f-66e6d1b5bff6,1,2055.567164
2026/02/04/23:53:48,apply-time,rs-002054-946pq,faa23cce-ec10-4182-9683-a662561a9eec,1,2055.567164
2026/02/04/23:53:48,running-time,rs-002054-946pq,faa23cce-ec10-4182-9683-a662561a9eec,1,2055.567164
2026/02/04/23:53:48,apply-time,rs-002055-5lnzj,94bf4155-6f6f-4fcb-a02b-1abf301da094,1,2055.567164
2026/02/04/23:53:48,running-time,rs-002055-5lnzj,94bf4155-6f6f-4fcb-a02b-1abf301da094,1,2055.567164
2026/02/04/23:53:48,apply-time,rs-002055-v9nxt,bfa4544e-25b5-43d0-b1c8-af88cc6e7392,1,2055.567164
2026/02/04/23:53:48,running-time,rs-002055-v9nxt,bfa4544e-25b5-43d0-b1c8-af88cc6e7392,1,2055.567164
2026/02/04/23:53:48,apply-time,rs-002056-9f8lj,88e50d0c-b594-4181-b973-dcaec25297fb,1,2055.567164
2026/02/04/23:53:48,running-time,rs-002056-9f8lj,88e50d0c-b594-4181-b973-dcaec25297fb,1,2055.567164
2026/02/04/23:53:48,apply-time,rs-002057-9gqv5,b9dae330-e33c-4a04-8ecb-b5085e0d5e53,1,2055.567164
2026/02/04/23:53:48,running-time,rs-002057-9gqv5,b9dae330-e33c-4a04-8ecb-b5085e0d5e53,1,2055.567164
2026/02/04/23:53:48,apply-time,rs-002057-r76kv,4ca03636-5421-4468-ad07-5058bc7539b4,1,2055.567164
2026/02/04/23:53:48,running-time,rs-002057-r76kv,4ca03636-5421-4468-ad07-5058bc7539b4,1,2055.567164
2026/02/04/23:53:48,apply-time,rs-002058-d7tbl,c11853a6-dd35-4d51-b2ad-475807056a5a,1,2055.567164
2026/02/04/23:53:48,running-time,rs-002058-d7tbl,c11853a6-dd35-4d51-b2ad-475807056a5a,1,2055.567164
2026/02/04/23:53:48,apply-time,rs-002058-kj99l,0e911e9f-ffb0-44b8-a83c-97286b8b856c,1,2055.567164
2026/02/04/23:53:48,running-time,rs-002058-kj99l,0e911e9f-ffb0-44b8-a83c-97286b8b856c,1,2055.567164
2026/02/04/23:54:03,apply-time,rs-002059-d2ttw,c73a00b8-e04d-44da-ae38-7bb6b6ec08ec,1,2070.567164
2026/02/04/23:54:03,running-time,rs-002059-d2ttw,c73a00b8-e04d-44da-ae38-7bb6b6ec08ec,1,2070.567164
2026/02/04/23:54:03,apply-time,rs-002059-w2qrg,1b1c3df5-5d2e-4b07-8ec6-2c042119735d,1,2070.567164
2026/02/04/23:54:03,running-time,rs-002059-w2qrg,1b1c3df5-5d2e-4b07-8ec6-2c042119735d,1,2070.567164
2026/02/04/23:54:03,apply-time,rs-002060-g9hm4,047b1939-a0fa-4fed-b182-a825cfd78947,1,2070.567164
2026/02/04/23:54:03,running-time,rs-002060-g9hm4,047b1939-a0fa-4fed-b182-a825cfd78947,1,2070.567164
2026/02/04/23:54:09,apply-time,rs-002061-rt9sg,dd02be65-c0af-47a5-b5ac-7281d8367534,1,2076.567164
2026/02/04/23:54:09,running-time,rs-002061-rt9sg,dd02be65-c0af-47a5-b5ac-7281d8367534,1,2076.567164
2026/02/04/23:54:13,apply-time,rs-002062-lqglz,f248d33e-91c7-4340-9421-ba8bae06bd62,1,2079.567164
2026/02/04/23:54:13,running-time,rs-002062-lqglz,f248d33e-91c7-4340-9421-ba8bae06bd62,1,2079.567164
2026/02/04/23:54:18,apply-time,rs-002063-954vs,84d41268-ce4c-4ab0-80c4-abf9a7f761d6,1,2085.567164
2026/02/04/23:54:18,running-time,rs-002063-954vs,84d41268-ce4c-4ab0-80c4-abf9a7f761d6,1,2085.567164
2026/02/04/23:54:18,apply-time,rs-002063-9rgbx,ba7893e8-69f1-4b97-b547-d9604f748cfc,1,2085.567164
2026/02/04/23:54:18,running-time,rs-002063-9rgbx,ba7893e8-69f1-4b97-b547-d9604f748cfc,1,2085.567164
2026/02/04/23:54:23,apply-time,rs-002064-bbzgw,2406d450-9f94-44cd-9973-0b5ec1fcaf7c,1,2090.567164
2026/02/04/23:54:23,running-time,rs-002064-bbzgw,2406d450-9f94-44cd-9973-0b5ec1fcaf7c,1,2090.567164
2026/02/04/23:54:23,apply-time,rs-002064-pkwjt,fc479050-0cd5-41e6-b560-3f1bfaff74a4,1,2090.567164
2026/02/04/23:54:23,running-time,rs-002064-pkwjt,fc479050-0cd5-41e6-b560-3f1bfaff74a4,1,2090.567164
2026/02/04/23:54:23,apply-time,rs-002064-pw45t,19ddb27b-0a67-4122-acfc-feeb44c81826,1,2090.567164
2026/02/04/23:54:23,running-time,rs-002064-pw45t,19ddb27b-0a67-4122-acfc-feeb44c81826,1,2090.567164
2026/02/04/23:54:23,apply-time,rs-002065-lwvcj,4379695e-6ab7-4ed6-827e-c994adc4c2a0,1,2090.567164
2026/02/04/23:54:23,running-time,rs-002065-lwvcj,4379695e-6ab7-4ed6-827e-c994adc4c2a0,1,2090.567164
2026/02/04/23:54:23,apply-time,rs-002065-s2dzm,7d0bf8c1-0d66-4cbe-8449-777700cbe2f4,1,2090.567164
2026/02/04/23:54:23,running-time,rs-002065-s2dzm,7d0bf8c1-0d66-4cbe-8449-777700cbe2f4,1,2090.567164
2026/02/04/23:54:23,apply-time,rs-002065-t87tm,2e18e1aa-7762-410e-be93-66b3d83802f0,1,2090.567164
2026/02/04/23:54:23,running-time,rs-002065-t87tm,2e18e1aa-7762-410e-be93-66b3d83802f0,1,2090.567164
2026/02/04/23:54:24,apply-time,rs-002066-xbfp7,32ff1f92-e873-4450-87b5-b0cbdbc2e904,1,2091.567164
2026/02/04/23:54:24,running-time,rs-002066-xbfp7,32ff1f92-e873-4450-87b5-b0cbdbc2e904,1,2091.567164
2026/02/04/23:54:25,apply-time,rs-002067-69nsq,a730c41e-e72e-46be-b008-7a08cad82d86,1,2091.567164
2026/02/04/23:54:25,running-time,rs-002067-69nsq,a730c41e-e72e-46be-b008-7a08cad82d86,1,2091.567164
2026/02/04/23:54:25,apply-time,rs-002067-pq629,fc50fff1-5ce7-4c59-a629-87c97b41d038,1,2091.567164
2026/02/04/23:54:25,running-time,rs-002067-pq629,fc50fff1-5ce7-4c59-a629-87c97b41d038,1,2091.567164
2026/02/04/23:54:25,apply-time,rs-002067-qt957,2e98f5f4-f0f9-409f-8d53-51c63d52eb29,1,2091.567164
2026/02/04/23:54:25,running-time,rs-002067-qt957,2e98f5f4-f0f9-409f-8d53-51c63d52eb29,1,2091.567164
2026/02/04/23:54:25,apply-time,rs-002068-gtb5h,3620299d-5a3e-4a6a-bb9e-a756a53e6acf,1,2091.567164
2026/02/04/23:54:25,running-time,rs-002068-gtb5h,3620299d-5a3e-4a6a-bb9e-a756a53e6acf,1,2091.567164
2026/02/04/23:54:25,apply-time,rs-002068-wjjr8,dec4e597-01d2-4efa-a6d4-f3ddc7d3b183,1,2091.567164
2026/02/04/23:54:25,running-time,rs-002068-wjjr8,dec4e597-01d2-4efa-a6d4-f3ddc7d3b183,1,2091.567164
2026/02/04/23:54:25,apply-time,rs-002069-9hh7m,264b5d1f-efd3-4d27-902e-bd9f14643f03,1,2091.567164
2026/02/04/23:54:25,running-time,rs-002069-9hh7m,264b5d1f-efd3-4d27-902e-bd9f14643f03,1,2092.567164
2026/02/04/23:54:25,apply-time,rs-002070-rn57q,d23d33ec-e01c-4276-8062-c56587ee1437,1,2091.567164
2026/02/04/23:54:25,running-time,rs-002070-rn57q,d23d33ec-e01c-4276-8062-c56587ee1437,1,2092.567164
2026/02/04/23:54:25,apply-time,rs-002071-2fg9r,d56db8c7-135f-4953-afd6-ba2fba9b2997,1,2091.567164
2026/02/04/23:54:25,running-time,rs-002071-2fg9r,d56db8c7-135f-4953-afd6-ba2fba9b2997,1,2091.567164
2026/02/04/23:54:25,apply-time,rs-002072-hvwst,ab56e92a-efc8-43d6-9dbe-5700c7237d49,1,2092.567164
2026/02/04/23:54:25,running-time,rs-002072-hvwst,ab56e92a-efc8-43d6-9dbe-5700c7237d49,1,2092.567164
2026/02/04/23:54:25,apply-time,rs-002072-nzfjs,21eb2824-973d-4518-b27c-10f31db03b62,1,2092.567164
2026/02/04/23:54:25,running-time,rs-002072-nzfjs,21eb2824-973d-4518-b27c-10f31db03b62,1,2092.567164
2026/02/04/23:54:25,apply-time,rs-002073-hzp7w,2fbbaca9-86e2-425f-8f44-79a48bbb90a7,1,2092.567164
2026/02/04/23:54:25,running-time,rs-002073-hzp7w,2fbbaca9-86e2-425f-8f44-79a48bbb90a7,1,2092.567164
2026/02/04/23:54:25,apply-time,rs-002075-lhjrw,69cf611f-b051-4f95-b256-e3aaf6f67609,1,2092.567164
2026/02/04/23:54:25,running-time,rs-002075-lhjrw,69cf611f-b051-4f95-b256-e3aaf6f67609,1,2092.567164
2026/02/04/23:54:26,apply-time,rs-002074-6cthj,718fd657-16ee-4fb7-a9c1-38206266b39b,1,2092.567164
2026/02/04/23:54:26,running-time,rs-002074-6cthj,718fd657-16ee-4fb7-a9c1-38206266b39b,1,2092.567164
2026/02/04/23:54:26,apply-time,rs-002075-ss7ss,a1a1ce4d-6e06-4799-ad3d-ff30b0a183b0,1,2092.567164
2026/02/04/23:54:26,running-time,rs-002075-ss7ss,a1a1ce4d-6e06-4799-ad3d-ff30b0a183b0,1,2092.567164
2026/02/04/23:54:26,apply-time,rs-002076-4lshj,bef78cff-c39a-4967-89de-f699ababe698,1,2093.567164
2026/02/04/23:54:26,running-time,rs-002076-4lshj,bef78cff-c39a-4967-89de-f699ababe698,1,2093.567164
2026/02/04/23:54:26,apply-time,rs-002076-cfkt9,3444be9d-1ef6-4dfa-897e-b95f97f27dda,1,2093.567164
2026/02/04/23:54:26,running-time,rs-002076-cfkt9,3444be9d-1ef6-4dfa-897e-b95f97f27dda,1,2093.567164
2026/02/04/23:54:26,apply-time,rs-002076-z2kwn,7e961fac-79e3-4efe-a213-d25f9399c5a2,1,2093.567164
2026/02/04/23:54:26,running-time,rs-002076-z2kwn,7e961fac-79e3-4efe-a213-d25f9399c5a2,1,2093.567164
2026/02/04/23:54:26,apply-time,rs-002077-xvbqn,132194eb-5efb-41ba-8211-8c4cd3c13bb2,1,2093.567164
2026/02/04/23:54:26,running-time,rs-002077-xvbqn,132194eb-5efb-41ba-8211-8c4cd3c13bb2,1,2093.567164
2026/02/04/23:54:26,apply-time,rs-002078-s9kmq,94cd2191-7333-40a0-b0de-bdd7e50ce5fd,1,2093.567164
2026/02/04/23:54:26,running-time,rs-002078-s9kmq,94cd2191-7333-40a0-b0de-bdd7e50ce5fd,1,2093.567164
2026/02/04/23:54:26,apply-time,rs-002079-qb7pc,a60980a5-2acf-435a-9158-c45ee20152f0,1,2093.567164
2026/02/04/23:54:26,running-time,rs-002079-qb7pc,a60980a5-2acf-435a-9158-c45ee20152f0,1,2093.567164
2026/02/04/23:54:26,apply-time,rs-002080-2k9mx,ff3f5b3d-c925-40a7-b4bd-780715196683,1,2093.567164
2026/02/04/23:54:26,running-time,rs-002080-2k9mx,ff3f5b3d-c925-40a7-b4bd-780715196683,1,2093.567164
2026/02/04/23:54:27,apply-time,rs-002078-qrwhr,174d3117-03d2-4890-b0ce-92ccffef9ff3,1,2093.567164
2026/02/04/23:54:27,running-time,rs-002078-qrwhr,174d3117-03d2-4890-b0ce-92ccffef9ff3,1,2094.567164
2026/02/04/23:54:27,apply-time,rs-002078-qw4kq,e1ee2962-a992-40d3-9c99-ae4504f5fdf0,1,2093.567164
2026/02/04/23:54:27,running-time,rs-002078-qw4kq,e1ee2962-a992-40d3-9c99-ae4504f5fdf0,1,2094.567164
2026/02/04/23:54:27,apply-time,rs-002081-c7q6g,816ff24d-e8ed-4335-9c33-a821094343a1,1,2094.567164
2026/02/04/23:54:27,running-time,rs-002081-c7q6g,816ff24d-e8ed-4335-9c33-a821094343a1,1,2094.567164
2026/02/04/23:54:27,apply-time,rs-002082-2s6bx,ae99f1fe-776a-464e-a2fd-f3878a50f582,1,2094.567164
2026/02/04/23:54:27,running-time,rs-002082-2s6bx,ae99f1fe-776a-464e-a2fd-f3878a50f582,1,2094.567164
2026/02/04/23:54:27,apply-time,rs-002082-hqf6n,e48fe7f7-4e01-472a-a622-b9f81cd26263,1,2094.567164
2026/02/04/23:54:27,running-time,rs-002082-hqf6n,e48fe7f7-4e01-472a-a622-b9f81cd26263,1,2094.567164
2026/02/04/23:54:27,apply-time,rs-002082-nj794,4806ebe8-b104-424d-b5e4-5c92c3d92a5a,1,2094.567164
2026/02/04/23:54:27,running-time,rs-002082-nj794,4806ebe8-b104-424d-b5e4-5c92c3d92a5a,1,2094.567164
2026/02/04/23:54:30,apply-time,rs-002083-btrlm,576a5317-08ee-4f4a-8795-e4fcb4ec7195,1,2096.567164
2026/02/04/23:54:30,running-time,rs-002083-btrlm,576a5317-08ee-4f4a-8795-e4fcb4ec7195,1,2096.567164
2026/02/04/23:54:35,apply-time,rs-002084-mdwq8,4b1404ea-88c7-4ebe-b9d8-0864bc8ae61c,1,2102.567164
2026/02/04/23:54:36,apply-time,rs-002084-6frxx,efc82bf5-1c63-4cea-b432-39419e3db48e,1,2102.567164
2026/02/04/23:54:36,running-time,rs-002084-6frxx,efc82bf5-1c63-4cea-b432-39419e3db48e,1,2102.567164
2026/02/04/23:54:36,running-time,rs-002084-mdwq8,4b1404ea-88c7-4ebe-b9d8-0864bc8ae61c,1,2102.567164
2026/02/04/23:54:36,apply-time,rs-002084-wzdv9,0cc5b8c7-3da2-4c81-8d69-750758ab70d6,1,2102.567164
2026/02/04/23:54:36,running-time,rs-002084-wzdv9,0cc5b8c7-3da2-4c81-8d69-750758ab70d6,1,2102.567164
2026/02/04/23:54:36,apply-time,rs-002085-h55d8,bc5a6db3-8a08-498c-868b-27abb672d179,1,2103.567164
2026/02/04/23:54:36,running-time,rs-002085-h55d8,bc5a6db3-8a08-498c-868b-27abb672d179,1,2103.567164
2026/02/04/23:54:36,apply-time,rs-002085-zvkqv,651fe660-eb37-4c53-9141-ddbab8c62ca6,1,2103.567164
2026/02/04/23:54:36,running-time,rs-002085-zvkqv,651fe660-eb37-4c53-9141-ddbab8c62ca6,1,2103.567164
2026/02/04/23:54:37,apply-time,rs-002086-8s9ld,5543789a-450d-4025-bc65-4a556c9dbc31,1,2104.567164
2026/02/04/23:54:37,running-time,rs-002086-8s9ld,5543789a-450d-4025-bc65-4a556c9dbc31,1,2104.567164
2026/02/04/23:54:37,apply-time,rs-002086-bvq4n,560325e1-6005-40e4-a38f-a60f8a3caba9,1,2103.567164
2026/02/04/23:54:37,running-time,rs-002086-bvq4n,560325e1-6005-40e4-a38f-a60f8a3caba9,1,2104.567164
2026/02/04/23:54:37,apply-time,rs-002086-xxqv2,d6551ac4-083b-4e65-847f-9c8c673b322a,1,2104.567164
2026/02/04/23:54:37,running-time,rs-002086-xxqv2,d6551ac4-083b-4e65-847f-9c8c673b322a,1,2104.567164
2026/02/04/23:54:37,apply-time,rs-002087-dh72s,64243549-7559-4fb3-a854-dfa1d8a708c1,1,2104.567164
2026/02/04/23:54:37,running-time,rs-002087-dh72s,64243549-7559-4fb3-a854-dfa1d8a708c1,1,2104.567164
2026/02/04/23:54:37,apply-time,rs-002087-h295t,56e6c62a-574f-4eb2-8812-6eacaaa1a94a,1,2104.567164
2026/02/04/23:54:37,running-time,rs-002087-h295t,56e6c62a-574f-4eb2-8812-6eacaaa1a94a,1,2104.567164
2026/02/04/23:54:37,apply-time,rs-002087-zzt8z,b7b172ca-4182-4cd5-af47-e1c673e6914c,1,2104.567164
2026/02/04/23:54:37,running-time,rs-002087-zzt8z,b7b172ca-4182-4cd5-af47-e1c673e6914c,1,2104.567164
2026/02/04/23:54:37,apply-time,rs-002088-7xnd4,cd6b6525-cc73-4958-8fca-272d1044f763,1,2104.567164
2026/02/04/23:54:37,apply-time,rs-002089-5pw85,312b9e09-2f62-40ed-ada0-789258668ffd,1,2104.567164
2026/02/04/23:54:37,running-time,rs-002089-5pw85,312b9e09-2f62-40ed-ada0-789258668ffd,1,2104.567164
2026/02/04/23:54:37,apply-time,rs-002089-96sxg,bc89475c-35c1-49b5-8cb4-bea0d39f69a0,1,2104.567164
2026/02/04/23:54:37,running-time,rs-002089-96sxg,bc89475c-35c1-49b5-8cb4-bea0d39f69a0,1,2104.567164
2026/02/04/23:54:37,apply-time,rs-002089-tqtbd,7c86dc42-4143-4113-bdd2-713ae63decc3,1,2104.567164
2026/02/04/23:54:37,running-time,rs-002089-tqtbd,7c86dc42-4143-4113-bdd2-713ae63decc3,1,2104.567164
2026/02/04/23:54:37,apply-time,rs-002090-g72mm,02db3e51-116d-44d0-9af8-592c4c6f6c54,1,2104.567164
2026/02/04/23:54:37,running-time,rs-002090-g72mm,02db3e51-116d-44d0-9af8-592c4c6f6c54,1,2104.567164
2026/02/04/23:54:37,apply-time,rs-002090-kg265,af7c4bda-7635-4412-8db4-51ccffc9f8be,1,2104.567164
2026/02/04/23:54:37,running-time,rs-002090-kg265,af7c4bda-7635-4412-8db4-51ccffc9f8be,1,2104.567164
2026/02/04/23:54:37,apply-time,rs-002091-pl2kq,0d93500f-f842-4a45-b385-fd4aa0d96fa8,1,2104.567164
2026/02/04/23:54:37,running-time,rs-002091-pl2kq,0d93500f-f842-4a45-b385-fd4aa0d96fa8,1,2104.567164
2026/02/04/23:54:37,apply-time,rs-002092-hj7ph,9293dab2-7c28-4ab8-9b4a-4ce7dad1bb10,1,2104.567164
2026/02/04/23:54:37,running-time,rs-002092-hj7ph,9293dab2-7c28-4ab8-9b4a-4ce7dad1bb10,1,2104.567164
2026/02/04/23:54:37,apply-time,rs-002092-jhpfq,ca55ac0e-bc65-4d9d-9b18-5be2ba074169,1,2104.567164
2026/02/04/23:54:37,running-time,rs-002092-jhpfq,ca55ac0e-bc65-4d9d-9b18-5be2ba074169,1,2104.567164
2026/02/04/23:54:37,apply-time,rs-002093-qvrx4,7b3cfd9c-e068-42aa-8b22-33d7f1f85cd1,1,2104.567164
2026/02/04/23:54:37,running-time,rs-002093-qvrx4,7b3cfd9c-e068-42aa-8b22-33d7f1f85cd1,1,2104.567164
2026/02/04/23:54:38,apply-time,rs-002094-89p4n,983c1eba-6232-4d0a-a469-0e2e0ffd2098,1,2105.567164
2026/02/04/23:54:38,running-time,rs-002094-89p4n,983c1eba-6232-4d0a-a469-0e2e0ffd2098,1,2105.567164
2026/02/04/23:54:38,apply-time,rs-002094-ds8jc,290b438b-d691-4383-8cd4-a926131e559b,1,2104.567164
2026/02/04/23:54:38,running-time,rs-002094-ds8jc,290b438b-d691-4383-8cd4-a926131e559b,1,2104.567164
2026/02/04/23:54:38,apply-time,rs-002094-wpp65,89ce9c55-5ffd-4df8-a8c0-15c0f100238c,1,2105.567164
2026/02/04/23:54:38,running-time,rs-002094-wpp65,89ce9c55-5ffd-4df8-a8c0-15c0f100238c,1,2105.567164
2026/02/04/23:54:38,apply-time,rs-002095-fn76t,49e50ce8-1728-4477-b432-94cc33c023c2,1,2105.567164
2026/02/04/23:54:38,running-time,rs-002095-fn76t,49e50ce8-1728-4477-b432-94cc33c023c2,1,2105.567164
2026/02/04/23:54:38,apply-time,rs-002095-nnvsj,16d8fba6-445e-4720-a52e-a8d280508835,1,2105.567164
2026/02/04/23:54:38,running-time,rs-002095-nnvsj,16d8fba6-445e-4720-a52e-a8d280508835,1,2105.567164
2026/02/04/23:54:38,apply-time,rs-002095-qfdlk,cbcc66ba-d3f8-48bb-9441-9320da86dba2,1,2104.567164
2026/02/04/23:54:38,running-time,rs-002095-qfdlk,cbcc66ba-d3f8-48bb-9441-9320da86dba2,1,2104.567164
2026/02/04/23:54:39,apply-time,rs-002096-426mg,9e7cc936-22b8-46cd-bb41-482ee6046a5a,1,2106.567164
2026/02/04/23:54:39,running-time,rs-002096-426mg,9e7cc936-22b8-46cd-bb41-482ee6046a5a,1,2106.567164
2026/02/04/23:54:39,apply-time,rs-002097-4nmsm,97dcf668-38d2-4837-bbad-a77db3312b0c,1,2106.567164
2026/02/04/23:54:39,running-time,rs-002097-4nmsm,97dcf668-38d2-4837-bbad-a77db3312b0c,1,2106.567164
2026/02/04/23:54:39,apply-time,rs-002097-8l867,e2942b5c-722d-4cc7-a191-22bd4670042d,1,2106.567164
2026/02/04/23:54:39,running-time,rs-002097-8l867,e2942b5c-722d-4cc7-a191-22bd4670042d,1,2106.567164
2026/02/04/23:54:39,apply-time,rs-002097-g5vb9,70824c81-6ec3-4a75-92cf-b2f7d26207b7,1,2106.567164
2026/02/04/23:54:39,running-time,rs-002097-g5vb9,70824c81-6ec3-4a75-92cf-b2f7d26207b7,1,2106.567164
2026/02/04/23:54:39,apply-time,rs-002098-fsfbw,5c9d684f-0b0a-464d-8180-6db335207435,1,2106.567164
2026/02/04/23:54:39,running-time,rs-002098-fsfbw,5c9d684f-0b0a-464d-8180-6db335207435,1,2106.567164
2026/02/04/23:54:39,apply-time,rs-002099-9lt95,91c694e6-57a8-4a96-8f08-cbb06d31c6fd,1,2106.567164
2026/02/04/23:54:39,running-time,rs-002099-9lt95,91c694e6-57a8-4a96-8f08-cbb06d31c6fd,1,2106.567164
2026/02/04/23:54:39,apply-time,rs-002099-b85mr,e36d1d0c-99e0-4c00-b655-0476ef535c51,1,2106.567164
2026/02/04/23:54:39,running-time,rs-002099-b85mr,e36d1d0c-99e0-4c00-b655-0476ef535c51,1,2106.567164
2026/02/04/23:54:39,apply-time,rs-002099-jk9ks,7fc8784a-d2bb-4794-99fe-aaab375a97c7,1,2106.567164
2026/02/04/23:54:39,running-time,rs-002099-jk9ks,7fc8784a-d2bb-4794-99fe-aaab375a97c7,1,2106.567164
2026/02/04/23:54:39,apply-time,rs-002100-2hnqh,d251f979-4c7b-4d61-b750-0529d5d11e0d,1,2106.567164
2026/02/04/23:54:40,running-time,rs-002100-2hnqh,d251f979-4c7b-4d61-b750-0529d5d11e0d,1,2106.567164
2026/02/04/23:54:40,apply-time,rs-002100-ffjxq,3b9bb9de-573c-461f-b66e-4c3d1f42237f,1,2107.567164
2026/02/04/23:54:40,running-time,rs-002100-ffjxq,3b9bb9de-573c-461f-b66e-4c3d1f42237f,1,2107.567164
2026/02/04/23:54:40,apply-time,rs-002100-pjphb,35efdd3b-1852-4e46-85a0-95fa67116c82,1,2107.567164
2026/02/04/23:54:40,running-time,rs-002100-pjphb,35efdd3b-1852-4e46-85a0-95fa67116c82,1,2107.567164
2026/02/04/23:54:40,apply-time,rs-002101-ptcwt,618194fb-75a6-496b-abf1-0d0364182b66,1,2107.567164
2026/02/04/23:54:40,running-time,rs-002101-ptcwt,618194fb-75a6-496b-abf1-0d0364182b66,1,2107.567164
2026/02/04/23:54:40,apply-time,rs-002102-fd2rr,8a1bd0c2-c2bc-48f1-9ba0-b467381a3017,1,2106.567164
2026/02/04/23:54:40,running-time,rs-002102-fd2rr,8a1bd0c2-c2bc-48f1-9ba0-b467381a3017,1,2106.567164
2026/02/04/23:54:40,apply-time,rs-002103-9hdnf,52c9a7d1-873c-481e-8421-6bb53a6071cb,1,2107.567164
2026/02/04/23:54:40,running-time,rs-002103-9hdnf,52c9a7d1-873c-481e-8421-6bb53a6071cb,1,2107.567164
2026/02/04/23:54:40,apply-time,rs-002103-wtg4w,073eadef-4170-4f16-b5df-eb4a7b0b95e0,1,2107.567164
2026/02/04/23:54:40,running-time,rs-002103-wtg4w,073eadef-4170-4f16-b5df-eb4a7b0b95e0,1,2107.567164
2026/02/04/23:54:40,apply-time,rs-002104-dv76t,8edad6d9-18f2-4740-8e79-1b45bdb2b10a,1,2106.567164
2026/02/04/23:54:40,running-time,rs-002104-dv76t,8edad6d9-18f2-4740-8e79-1b45bdb2b10a,1,2106.567164
2026/02/04/23:54:40,apply-time,rs-002104-vhlw5,221a54d5-e2f4-4e29-b1d4-0e0056d22032,1,2107.567164
2026/02/04/23:54:40,running-time,rs-002104-vhlw5,221a54d5-e2f4-4e29-b1d4-0e0056d22032,1,2107.567164
2026/02/04/23:54:40,apply-time,rs-002104-wmzj6,d902e75e-ee62-443b-828a-e670136d94ea,1,2107.567164
2026/02/04/23:54:40,running-time,rs-002104-wmzj6,d902e75e-ee62-443b-828a-e670136d94ea,1,2107.567164
2026/02/04/23:54:40,apply-time,rs-002105-dhtfc,dc4b2978-2b47-47bc-8ed6-f4e03d668dd2,1,2107.567164
2026/02/04/23:54:40,running-time,rs-002105-dhtfc,dc4b2978-2b47-47bc-8ed6-f4e03d668dd2,1,2107.567164
2026/02/04/23:54:41,apply-time,rs-002105-c8mww,43346eb4-07a9-4c46-9b0c-da7847342d7d,1,2107.567164
2026/02/04/23:54:41,running-time,rs-002105-c8mww,43346eb4-07a9-4c46-9b0c-da7847342d7d,1,2107.567164
2026/02/04/23:54:41,apply-time,rs-002105-x5mtc,f3d17cec-8104-4712-bb0c-758ee263c5c9,1,2107.567164
2026/02/04/23:54:41,running-time,rs-002105-x5mtc,f3d17cec-8104-4712-bb0c-758ee263c5c9,1,2108.567164
2026/02/04/23:54:42,apply-time,rs-002106-cvhrg,714f0458-4327-405e-b78f-88cd404b5a4e,1,2108.567164
2026/02/04/23:54:42,running-time,rs-002106-cvhrg,714f0458-4327-405e-b78f-88cd404b5a4e,1,2108.567164
2026/02/04/23:54:42,apply-time,rs-002107-hpj6n,43ab8c67-fbdc-4325-8760-c0e455f821f2,1,2109.567164
2026/02/04/23:54:42,apply-time,rs-002108-hxvw7,2f920385-8b9a-46a0-b192-c3a3c2b72a84,1,2109.567164
2026/02/04/23:54:42,running-time,rs-002108-hxvw7,2f920385-8b9a-46a0-b192-c3a3c2b72a84,1,2109.567164
2026/02/04/23:54:42,apply-time,rs-002109-slqct,4b7a0f2f-eecd-49a3-badc-babd1d4384ac,1,2109.567164
2026/02/04/23:54:42,running-time,rs-002109-slqct,4b7a0f2f-eecd-49a3-badc-babd1d4384ac,1,2109.567164
2026/02/04/23:54:43,running-time,rs-002107-hpj6n,43ab8c67-fbdc-4325-8760-c0e455f821f2,1,2109.567164
2026/02/04/23:54:43,apply-time,rs-002108-hcp6b,9d7d852e-161a-479b-a1f1-12e824ea3a2e,1,2109.567164
2026/02/04/23:54:43,running-time,rs-002108-hcp6b,9d7d852e-161a-479b-a1f1-12e824ea3a2e,1,2109.567164
2026/02/04/23:54:43,apply-time,rs-002108-nsxmg,4c7eaf66-cca7-4c20-b921-a8a622549efc,1,2109.567164
2026/02/04/23:54:43,running-time,rs-002108-nsxmg,4c7eaf66-cca7-4c20-b921-a8a622549efc,1,2110.567164
2026/02/04/23:54:43,apply-time,rs-002109-7wps9,6668aaf0-92f0-48f3-97f0-a34c7b381f77,1,2109.567164
2026/02/04/23:54:43,running-time,rs-002109-7wps9,6668aaf0-92f0-48f3-97f0-a34c7b381f77,1,2109.567164
2026/02/04/23:54:43,apply-time,rs-002109-md67n,d275699c-a03a-4a84-aac8-c0bd385936f2,1,2109.567164
2026/02/04/23:54:43,running-time,rs-002109-md67n,d275699c-a03a-4a84-aac8-c0bd385936f2,1,2109.567164
2026/02/04/23:54:43,apply-time,rs-002110-l552q,b67ba50b-aaf6-4755-9f4d-255962a02e1f,1,2110.567164
2026/02/04/23:54:43,running-time,rs-002110-l552q,b67ba50b-aaf6-4755-9f4d-255962a02e1f,1,2110.567164
2026/02/04/23:54:43,apply-time,rs-002111-vljbr,33d38638-40b1-4361-bc4e-0cfcf83b21dc,1,2110.567164
2026/02/04/23:54:43,running-time,rs-002111-vljbr,33d38638-40b1-4361-bc4e-0cfcf83b21dc,1,2110.567164
2026/02/04/23:54:43,apply-time,rs-002112-zzdb2,66d9d13a-8036-4f06-9511-7af334535a37,1,2110.567164
2026/02/04/23:54:43,running-time,rs-002112-zzdb2,66d9d13a-8036-4f06-9511-7af334535a37,1,2110.567164
2026/02/04/23:54:43,apply-time,rs-002113-b8dw4,25bb88f3-499a-4115-8128-f100019bd2cf,1,2110.567164
2026/02/04/23:54:43,apply-time,rs-002114-r2k9p,68312db9-011c-4094-b39e-0ab8942f2e29,1,2110.567164
2026/02/04/23:54:43,running-time,rs-002114-r2k9p,68312db9-011c-4094-b39e-0ab8942f2e29,1,2110.567164
2026/02/04/23:54:44,apply-time,rs-002110-bvjhh,91591353-bc05-4ec2-b3e7-8322f7c88234,1,2110.567164
2026/02/04/23:54:44,apply-time,rs-002110-txhr4,429bbfe8-0340-43d0-b7c2-036c2df287d9,1,2110.567164
2026/02/04/23:54:44,apply-time,rs-002111-2chgz,03ebfd9c-4bb5-43e8-b5e0-5cb3c4b01bb2,1,2110.567164
2026/02/04/23:54:44,running-time,rs-002111-2chgz,03ebfd9c-4bb5-43e8-b5e0-5cb3c4b01bb2,1,2110.567164
2026/02/04/23:54:44,apply-time,rs-002111-srdfw,20c5b5e3-d1cb-4bbd-b6a8-fdc3ff0cda00,1,2110.567164
2026/02/04/23:54:44,running-time,rs-002111-srdfw,20c5b5e3-d1cb-4bbd-b6a8-fdc3ff0cda00,1,2110.567164
2026/02/04/23:54:44,apply-time,rs-002114-f9dr7,f98654d6-15fe-42fb-857e-5c952caefa15,1,2111.567164
2026/02/04/23:54:44,running-time,rs-002114-f9dr7,f98654d6-15fe-42fb-857e-5c952caefa15,1,2111.567164
2026/02/04/23:54:44,apply-time,rs-002115-ft2vn,b78e53d7-eb37-432e-907a-9478099db829,1,2111.567164
2026/02/04/23:54:44,running-time,rs-002115-ft2vn,b78e53d7-eb37-432e-907a-9478099db829,1,2111.567164
2026/02/04/23:54:44,apply-time,rs-002115-s5t9m,e90ac9f7-5435-4e41-89ed-c257dade251a,1,2111.567164
2026/02/04/23:54:44,running-time,rs-002115-s5t9m,e90ac9f7-5435-4e41-89ed-c257dade251a,1,2111.567164
2026/02/04/23:54:44,apply-time,rs-002115-wrhpr,c7238f1c-4aee-46d6-914a-22d04402187e,1,2111.567164
2026/02/04/23:54:44,running-time,rs-002115-wrhpr,c7238f1c-4aee-46d6-914a-22d04402187e,1,2111.567164
2026/02/04/23:54:44,apply-time,rs-002116-56jsf,5070d1f1-986d-4905-aca2-ba5c8c6ef14c,1,2111.567164
2026/02/04/23:54:44,running-time,rs-002116-56jsf,5070d1f1-986d-4905-aca2-ba5c8c6ef14c,1,2111.567164
2026/02/04/23:54:44,apply-time,rs-002117-45xlp,b594754a-3477-4f50-887e-563641cb67b2,1,2111.567164
2026/02/04/23:54:44,apply-time,rs-002117-jt8jg,d9108ade-8f7b-4782-8b00-dacd9c9a7696,1,2111.567164
2026/02/04/23:54:44,apply-time,rs-002117-z8r4w,cbdb7006-7c0f-4cc3-9801-d28de2b9f88b,1,2111.567164
2026/02/04/23:54:44,running-time,rs-002117-z8r4w,cbdb7006-7c0f-4cc3-9801-d28de2b9f88b,1,2111.567164
2026/02/04/23:54:45,running-time,rs-002110-txhr4,429bbfe8-0340-43d0-b7c2-036c2df287d9,1,2112.567164
2026/02/04/23:54:45,running-time,rs-002113-b8dw4,25bb88f3-499a-4115-8128-f100019bd2cf,1,2112.567164
2026/02/04/23:54:45,running-time,rs-002117-45xlp,b594754a-3477-4f50-887e-563641cb67b2,1,2112.567164
2026/02/04/23:54:45,running-time,rs-002117-jt8jg,d9108ade-8f7b-4782-8b00-dacd9c9a7696,1,2112.567164
2026/02/04/23:54:46,running-time,rs-002110-bvjhh,91591353-bc05-4ec2-b3e7-8322f7c88234,1,2113.567164
2026/02/04/23:54:55,apply-time,rs-002118-dkgzq,618d2e27-2467-48d5-b686-0a3609004de6,1,2122.567164
2026/02/04/23:54:55,running-time,rs-002118-dkgzq,618d2e27-2467-48d5-b686-0a3609004de6,1,2122.567164
2026/02/04/23:54:58,apply-time,rs-002119-46sgc,951d6b87-e48e-4261-876d-566c720395aa,1,2125.567164
2026/02/04/23:54:58,running-time,rs-002119-46sgc,951d6b87-e48e-4261-876d-566c720395aa,1,2125.567164
2026/02/04/23:54:58,apply-time,rs-002119-f8z49,ba9e5169-6021-458f-9791-162285270036,1,2125.567164
2026/02/04/23:54:58,running-time,rs-002119-f8z49,ba9e5169-6021-458f-9791-162285270036,1,2125.567164
2026/02/04/23:54:58,apply-time,rs-002119-wmjbj,bbd7f110-28b8-4eb7-9b4f-5d9a8258fa09,1,2125.567164
2026/02/04/23:54:58,running-time,rs-002119-wmjbj,bbd7f110-28b8-4eb7-9b4f-5d9a8258fa09,1,2125.567164
2026/02/04/23:54:58,apply-time,rs-002120-pmkjs,8f0adfcb-1de7-4239-a521-ed351f7b5072,1,2125.567164
2026/02/04/23:54:58,running-time,rs-002120-pmkjs,8f0adfcb-1de7-4239-a521-ed351f7b5072,1,2125.567164
2026/02/04/23:54:58,apply-time,rs-002120-q6n5n,c779221d-147b-44b5-8720-f49477b7a8e8,1,2125.567164
2026/02/04/23:54:58,running-time,rs-002120-q6n5n,c779221d-147b-44b5-8720-f49477b7a8e8,1,2125.567164
2026/02/04/23:54:58,apply-time,rs-002121-65fwl,5bb540d9-2dbb-4797-95ef-7a39b65a2d53,1,2125.567164
2026/02/04/23:54:58,running-time,rs-002121-65fwl,5bb540d9-2dbb-4797-95ef-7a39b65a2d53,1,2125.567164
2026/02/04/23:55:00,apply-time,rs-002122-f6xdq,63e1d44a-f5ed-4d4c-9269-b6bf2c842d69,1,2126.567164
2026/02/04/23:55:00,running-time,rs-002122-f6xdq,63e1d44a-f5ed-4d4c-9269-b6bf2c842d69,1,2126.567164
2026/02/04/23:55:00,apply-time,rs-002122-vrsvp,42ce24f6-0963-4297-b633-4d63f75f702a,1,2126.567164
2026/02/04/23:55:00,running-time,rs-002122-vrsvp,42ce24f6-0963-4297-b633-4d63f75f702a,1,2126.567164
2026/02/04/23:55:00,apply-time,rs-002122-z64p5,7c427d16-429f-4880-832b-61258c3e8efd,1,2126.567164
2026/02/04/23:55:00,running-time,rs-002122-z64p5,7c427d16-429f-4880-832b-61258c3e8efd,1,2126.567164
2026/02/04/23:55:00,apply-time,rs-002123-qwn6m,ca3a5cd5-357f-4148-8d5d-00900112f3a6,1,2127.567164
2026/02/04/23:55:00,running-time,rs-002123-qwn6m,ca3a5cd5-357f-4148-8d5d-00900112f3a6,1,2127.567164
2026/02/04/23:55:00,apply-time,rs-002123-tklmp,0910f0a7-2dc0-4ddd-95fc-569b2773604d,1,2127.567164
2026/02/04/23:55:00,running-time,rs-002123-tklmp,0910f0a7-2dc0-4ddd-95fc-569b2773604d,1,2127.567164
2026/02/04/23:55:16,apply-time,rs-002124-cwtrk,80537384-48db-45fb-8a24-02839d0aa0b8,1,2142.567164
2026/02/04/23:55:16,running-time,rs-002124-cwtrk,80537384-48db-45fb-8a24-02839d0aa0b8,1,2142.567164
2026/02/04/23:55:16,apply-time,rs-002124-qln5h,9567319c-aec8-4465-8787-276b972953ff,1,2142.567164
2026/02/04/23:55:16,running-time,rs-002124-qln5h,9567319c-aec8-4465-8787-276b972953ff,1,2142.567164
2026/02/04/23:55:16,apply-time,rs-002125-lrmgw,10239110-fe5f-4069-a659-08137878f072,1,2143.567164
2026/02/04/23:55:16,running-time,rs-002125-lrmgw,10239110-fe5f-4069-a659-08137878f072,1,2143.567164
2026/02/04/23:55:16,apply-time,rs-002125-scsz6,ac651c90-595f-4624-80ea-174a3e6986d0,1,2143.567164
2026/02/04/23:55:16,running-time,rs-002125-scsz6,ac651c90-595f-4624-80ea-174a3e6986d0,1,2143.567164
2026/02/04/23:55:16,apply-time,rs-002126-g9ft6,348c866a-ea77-47a0-8b57-738dff18f158,1,2143.567164
2026/02/04/23:55:16,running-time,rs-002126-g9ft6,348c866a-ea77-47a0-8b57-738dff18f158,1,2143.567164
2026/02/04/23:55:16,apply-time,rs-002126-n2jvs,ec91b0c6-754d-4b9c-b011-1401c86b2e59,1,2143.567164
2026/02/04/23:55:16,running-time,rs-002126-n2jvs,ec91b0c6-754d-4b9c-b011-1401c86b2e59,1,2143.567164
2026/02/04/23:55:16,apply-time,rs-002127-2dzps,d24ffe3c-1b7b-4048-934b-99b4f654d670,1,2143.567164
2026/02/04/23:55:16,running-time,rs-002127-2dzps,d24ffe3c-1b7b-4048-934b-99b4f654d670,1,2143.567164
2026/02/04/23:55:17,apply-time,rs-002128-fsx24,8671a181-68fb-477a-a1d8-7d3b013b87ba,1,2143.567164
2026/02/04/23:55:17,running-time,rs-002128-fsx24,8671a181-68fb-477a-a1d8-7d3b013b87ba,1,2143.567164
2026/02/04/23:55:17,apply-time,rs-002129-m47m6,6344cca9-1b5e-4e99-b2de-8947df3232d0,1,2143.567164
2026/02/04/23:55:17,running-time,rs-002129-m47m6,6344cca9-1b5e-4e99-b2de-8947df3232d0,1,2143.567164
2026/02/04/23:55:17,apply-time,rs-002130-hwr4t,1d090be1-37ca-4bf9-89df-83cb748a3ba2,1,2143.567164
2026/02/04/23:55:17,running-time,rs-002130-hwr4t,1d090be1-37ca-4bf9-89df-83cb748a3ba2,1,2143.567164
2026/02/04/23:55:17,apply-time,rs-002130-j2jl5,88378cf1-dde7-4f1d-ab3b-c92c7aff230e,1,2143.567164
2026/02/04/23:55:17,running-time,rs-002130-j2jl5,88378cf1-dde7-4f1d-ab3b-c92c7aff230e,1,2143.567164
2026/02/04/23:55:17,apply-time,rs-002131-vmf5h,9cc57f10-de83-4301-b601-d4d4014bb552,1,2143.567164
2026/02/04/23:55:17,running-time,rs-002131-vmf5h,9cc57f10-de83-4301-b601-d4d4014bb552,1,2143.567164
2026/02/04/23:55:24,apply-time,rs-002132-2k8n2,af78a7f5-eca8-494e-9268-cd3c7402d741,1,2151.567164
2026/02/04/23:55:24,running-time,rs-002132-2k8n2,af78a7f5-eca8-494e-9268-cd3c7402d741,1,2151.567164
2026/02/04/23:55:24,apply-time,rs-002132-nw8rw,f84e5181-11c6-4bc3-b30a-047c40933c5c,1,2151.567164
2026/02/04/23:55:24,running-time,rs-002132-nw8rw,f84e5181-11c6-4bc3-b30a-047c40933c5c,1,2151.567164
2026/02/04/23:55:24,apply-time,rs-002133-m9w5s,7002eba8-91ba-4128-b26e-286f52535369,1,2151.567164
2026/02/04/23:55:24,running-time,rs-002133-m9w5s,7002eba8-91ba-4128-b26e-286f52535369,1,2151.567164
2026/02/04/23:55:24,apply-time,rs-002134-9vfck,3a6565e1-8585-43fc-a5b3-80f31d4f9ab4,1,2151.567164
2026/02/04/23:55:24,running-time,rs-002134-9vfck,3a6565e1-8585-43fc-a5b3-80f31d4f9ab4,1,2151.567164
2026/02/04/23:55:24,apply-time,rs-002135-xb7jw,924347f7-66bd-480e-bd30-600eb012918a,1,2151.567164
2026/02/04/23:55:24,running-time,rs-002135-xb7jw,924347f7-66bd-480e-bd30-600eb012918a,1,2151.567164
2026/02/04/23:55:24,apply-time,rs-002136-cm8m4,831a872d-8b74-4736-95c3-139ea3af0747,1,2151.567164
2026/02/04/23:55:24,running-time,rs-002136-cm8m4,831a872d-8b74-4736-95c3-139ea3af0747,1,2151.567164
2026/02/04/23:55:24,apply-time,rs-002136-tfg7l,52b5a4d4-b892-4902-b460-ca1c0181b27f,1,2151.567164
2026/02/04/23:55:24,running-time,rs-002136-tfg7l,52b5a4d4-b892-4902-b460-ca1c0181b27f,1,2151.567164
2026/02/04/23:55:24,apply-time,rs-002137-d99fk,04e862b0-f36b-4707-ba56-47e614e434ed,1,2151.567164
2026/02/04/23:55:24,apply-time,rs-002138-hshvz,ae71aa19-36b2-4dc5-a53b-9068ed9fd6cd,1,2151.567164
2026/02/04/23:55:24,running-time,rs-002138-hshvz,ae71aa19-36b2-4dc5-a53b-9068ed9fd6cd,1,2151.567164
2026/02/04/23:55:25,running-time,rs-002137-d99fk,04e862b0-f36b-4707-ba56-47e614e434ed,1,2151.567164
2026/02/04/23:55:25,apply-time,rs-002137-sw5km,4755addd-f499-432a-993f-76ccbcb36e33,1,2152.567164
2026/02/04/23:55:25,running-time,rs-002137-sw5km,4755addd-f499-432a-993f-76ccbcb36e33,1,2152.567164
2026/02/04/23:55:25,apply-time,rs-002138-klf9d,397b9763-2fcc-46b7-8dac-6ef0d16a31ff,1,2151.567164
2026/02/04/23:55:25,running-time,rs-002138-klf9d,397b9763-2fcc-46b7-8dac-6ef0d16a31ff,1,2151.567164
2026/02/04/23:55:25,apply-time,rs-002139-pzp75,a3f370cb-b6ea-42f1-a0d8-9ca697e56a99,1,2151.567164
2026/02/04/23:55:25,running-time,rs-002139-pzp75,a3f370cb-b6ea-42f1-a0d8-9ca697e56a99,1,2151.567164
2026/02/04/23:55:25,apply-time,rs-002139-ws8jm,073248b7-7ee0-48be-bab9-e21e41c74f33,1,2152.567164
2026/02/04/23:55:25,running-time,rs-002139-ws8jm,073248b7-7ee0-48be-bab9-e21e41c74f33,1,2152.567164
2026/02/04/23:55:25,apply-time,rs-002140-7j4zm,1edd1e7b-c71d-41bc-a5e8-88bce11ab50d,1,2152.567164
2026/02/04/23:55:25,running-time,rs-002140-7j4zm,1edd1e7b-c71d-41bc-a5e8-88bce11ab50d,1,2152.567164
2026/02/04/23:55:25,apply-time,rs-002141-7kxkd,da7af1f9-cb52-409b-9918-6b2d32a57def,1,2152.567164
2026/02/04/23:55:25,running-time,rs-002141-7kxkd,da7af1f9-cb52-409b-9918-6b2d32a57def,1,2152.567164
2026/02/04/23:55:25,apply-time,rs-002141-86qrp,9c874819-57ab-4a84-bc09-9d32ad386bd1,1,2152.567164
2026/02/04/23:55:25,running-time,rs-002141-86qrp,9c874819-57ab-4a84-bc09-9d32ad386bd1,1,2152.567164
2026/02/04/23:55:25,apply-time,rs-002141-j886b,8614619b-cb62-41b7-b22d-0a5dd09c14c5,1,2152.567164
2026/02/04/23:55:25,running-time,rs-002141-j886b,8614619b-cb62-41b7-b22d-0a5dd09c14c5,1,2152.567164
2026/02/04/23:55:25,apply-time,rs-002142-fbszs,28d47ad4-c9ca-42c1-aaf4-1cf7385a4a19,1,2152.567164
2026/02/04/23:55:25,running-time,rs-002142-fbszs,28d47ad4-c9ca-42c1-aaf4-1cf7385a4a19,1,2152.567164
2026/02/04/23:55:25,apply-time,rs-002143-8shx5,89df54fb-62be-4cdd-a0d7-3b3676b87ee3,1,2152.567164
2026/02/04/23:55:25,running-time,rs-002143-8shx5,89df54fb-62be-4cdd-a0d7-3b3676b87ee3,1,2152.567164
2026/02/04/23:55:25,apply-time,rs-002144-zb8s7,9ac53285-dedf-4bfc-9636-9ee5be0bf178,1,2152.567164
2026/02/04/23:55:25,running-time,rs-002144-zb8s7,9ac53285-dedf-4bfc-9636-9ee5be0bf178,1,2152.567164
2026/02/04/23:55:26,apply-time,rs-002142-4tsn4,2f4a4fa9-cb8b-425e-b8fe-f2ad499bb3de,1,2152.567164
2026/02/04/23:55:26,running-time,rs-002142-4tsn4,2f4a4fa9-cb8b-425e-b8fe-f2ad499bb3de,1,2152.567164
2026/02/04/23:55:26,apply-time,rs-002144-8tnnv,067ba260-1e7e-4d7a-8437-aebfe5d5b69e,1,2153.567164
2026/02/04/23:55:26,running-time,rs-002144-8tnnv,067ba260-1e7e-4d7a-8437-aebfe5d5b69e,1,2153.567164
2026/02/04/23:55:26,apply-time,rs-002144-m7skg,e1f4dbe2-fec1-4ba0-8707-cea685ec4aa8,1,2153.567164
2026/02/04/23:55:26,running-time,rs-002144-m7skg,e1f4dbe2-fec1-4ba0-8707-cea685ec4aa8,1,2153.567164
2026/02/04/23:55:28,apply-time,rs-002145-t6xjx,93701b58-4818-43e2-9c75-610c9d42365a,1,2155.567164
2026/02/04/23:55:28,running-time,rs-002145-t6xjx,93701b58-4818-43e2-9c75-610c9d42365a,1,2155.567164
2026/02/04/23:55:28,apply-time,rs-002145-wsdp9,c061c941-b166-4088-b88a-467460141a41,1,2155.567164
2026/02/04/23:55:28,running-time,rs-002145-wsdp9,c061c941-b166-4088-b88a-467460141a41,1,2155.567164
2026/02/04/23:55:28,apply-time,rs-002146-cqdwm,44c653dd-13dc-4e86-9223-7e1521ebd45b,1,2155.567164
2026/02/04/23:55:28,running-time,rs-002146-cqdwm,44c653dd-13dc-4e86-9223-7e1521ebd45b,1,2155.567164
2026/02/04/23:55:28,apply-time,rs-002146-wvs87,e7fa0657-3c5a-4f8e-9d60-557635e3e7dc,1,2155.567164
2026/02/04/23:55:28,running-time,rs-002146-wvs87,e7fa0657-3c5a-4f8e-9d60-557635e3e7dc,1,2155.567164
2026/02/04/23:55:28,apply-time,rs-002147-56rrf,6130c250-bdda-4cbf-8e82-1d37ccf3dcf0,1,2155.567164
2026/02/04/23:55:28,running-time,rs-002147-56rrf,6130c250-bdda-4cbf-8e82-1d37ccf3dcf0,1,2155.567164
2026/02/04/23:55:28,apply-time,rs-002148-4lk9h,b520a388-6d0e-4dbe-aa18-13e24d16a66e,1,2155.567164
2026/02/04/23:55:28,running-time,rs-002148-4lk9h,b520a388-6d0e-4dbe-aa18-13e24d16a66e,1,2155.567164
2026/02/04/23:55:28,apply-time,rs-002148-pzmrr,e4b3b26a-db5e-4821-8ce8-dec422d213bd,1,2155.567164
2026/02/04/23:55:28,running-time,rs-002148-pzmrr,e4b3b26a-db5e-4821-8ce8-dec422d213bd,1,2155.567164
2026/02/04/23:55:28,apply-time,rs-002148-vpdtn,aecce5f8-0d44-4bf9-b0ab-509e23f73d38,1,2155.567164
2026/02/04/23:55:28,running-time,rs-002148-vpdtn,aecce5f8-0d44-4bf9-b0ab-509e23f73d38,1,2155.567164
2026/02/04/23:55:28,apply-time,rs-002149-p2jds,bd4fb283-a47f-4e8f-ba57-7d0b89ca97cc,1,2155.567164
2026/02/04/23:55:28,running-time,rs-002149-p2jds,bd4fb283-a47f-4e8f-ba57-7d0b89ca97cc,1,2155.567164
2026/02/04/23:55:28,apply-time,rs-002150-n5npb,252e1206-d1ea-4ba6-9e63-50f95e77ff86,1,2155.567164
2026/02/04/23:55:28,running-time,rs-002150-n5npb,252e1206-d1ea-4ba6-9e63-50f95e77ff86,1,2155.567164
2026/02/04/23:55:29,apply-time,rs-002149-nlswd,dfe62528-3859-490f-a7ba-cb4548f9b6e8,1,2156.567164
2026/02/04/23:55:29,running-time,rs-002149-nlswd,dfe62528-3859-490f-a7ba-cb4548f9b6e8,1,2156.567164
2026/02/04/23:55:29,apply-time,rs-002149-r6cjp,bce0e746-688a-4604-a8a6-21dfa1fe4fd2,1,2155.567164
2026/02/04/23:55:29,running-time,rs-002149-r6cjp,bce0e746-688a-4604-a8a6-21dfa1fe4fd2,1,2156.567164
2026/02/04/23:55:29,apply-time,rs-002150-sngtl,083508f4-cf11-467d-bf44-61a250661e35,1,2156.567164
2026/02/04/23:55:29,running-time,rs-002150-sngtl,083508f4-cf11-467d-bf44-61a250661e35,1,2156.567164
2026/02/04/23:55:29,apply-time,rs-002151-f9gzn,be19ca75-112d-4966-81e5-bca0be05fa7d,1,2155.567164
2026/02/04/23:55:29,running-time,rs-002151-f9gzn,be19ca75-112d-4966-81e5-bca0be05fa7d,1,2155.567164
2026/02/04/23:55:29,apply-time,rs-002152-9crrr,6aba0d9e-3873-4d74-8394-0658f73827ea,1,2156.567164
2026/02/04/23:55:29,apply-time,rs-002152-ccwrs,e4d965fb-1535-41e0-a8bf-af29aee98320,1,2156.567164
2026/02/04/23:55:29,running-time,rs-002152-ccwrs,e4d965fb-1535-41e0-a8bf-af29aee98320,1,2156.567164
2026/02/04/23:55:29,apply-time,rs-002153-kjgs7,5a8379ff-5aa0-48f2-8185-545ba68456fd,1,2156.567164
2026/02/04/23:55:29,apply-time,rs-002153-vbq7m,fdec885a-84ee-49f0-b5a6-4c76b797d873,1,2156.567164
2026/02/04/23:55:29,running-time,rs-002153-vbq7m,fdec885a-84ee-49f0-b5a6-4c76b797d873,1,2156.567164
2026/02/04/23:55:29,apply-time,rs-002154-jnk9m,d5597f86-1c81-4c15-87cb-0756f31ceccb,1,2156.567164
2026/02/04/23:55:29,apply-time,rs-002154-x4nxq,921109fe-5728-467c-bd23-5eb50e450978,1,2156.567164
2026/02/04/23:55:29,apply-time,rs-002155-h5dwk,f62b7e46-1af1-4987-bb2b-fd7b4184a4a2,1,2156.567164
2026/02/04/23:55:29,running-time,rs-002155-h5dwk,f62b7e46-1af1-4987-bb2b-fd7b4184a4a2,1,2156.567164
2026/02/04/23:55:30,apply-time,rs-002152-kndjt,e2381b58-65fa-46fb-bd0a-887a039c1561,1,2156.567164
2026/02/04/23:55:30,apply-time,rs-002156-r7xll,d9f2929d-71a8-48f0-a2a1-af21d57394e4,1,2157.567164
2026/02/04/23:55:30,running-time,rs-002156-r7xll,d9f2929d-71a8-48f0-a2a1-af21d57394e4,1,2157.567164
2026/02/04/23:55:31,running-time,rs-002153-kjgs7,5a8379ff-5aa0-48f2-8185-545ba68456fd,1,2158.567164
2026/02/04/23:55:33,apply-time,rs-002157-8hzfq,6fe6c5dc-740a-4b90-b4f3-532b1267c3e9,1,2160.567164
2026/02/04/23:55:33,running-time,rs-002157-8hzfq,6fe6c5dc-740a-4b90-b4f3-532b1267c3e9,1,2160.567164
2026/02/04/23:55:33,apply-time,rs-002158-78dkr,13fce956-af98-4fca-ba49-ad6e8ec8e28c,1,2160.567164
2026/02/04/23:55:33,apply-time,rs-002158-wckv5,c81005c1-391d-41cc-9aa5-c0f7b763e4ab,1,2160.567164
2026/02/04/23:55:33,running-time,rs-002158-wckv5,c81005c1-391d-41cc-9aa5-c0f7b763e4ab,1,2160.567164
2026/02/04/23:55:33,apply-time,rs-002159-wxmbg,5db2eb65-4903-4c52-befa-ff41f180346a,1,2160.567164
2026/02/04/23:55:33,running-time,rs-002159-wxmbg,5db2eb65-4903-4c52-befa-ff41f180346a,1,2160.567164
2026/02/04/23:55:33,apply-time,rs-002160-mggfl,a5766b51-8ff3-44ab-9b2b-186539e91d5e,1,2160.567164
2026/02/04/23:55:33,running-time,rs-002160-mggfl,a5766b51-8ff3-44ab-9b2b-186539e91d5e,1,2160.567164
2026/02/04/23:55:33,apply-time,rs-002160-nhnhd,4e13fc8a-be54-436c-a6c5-f9c42e7f820a,1,2160.567164
2026/02/04/23:55:33,running-time,rs-002160-nhnhd,4e13fc8a-be54-436c-a6c5-f9c42e7f820a,1,2160.567164
2026/02/04/23:55:34,apply-time,rs-002161-mg4dd,6755144b-6eb7-4119-bb9f-13464aed017d,1,2160.567164
2026/02/04/23:55:34,running-time,rs-002161-mg4dd,6755144b-6eb7-4119-bb9f-13464aed017d,1,2160.567164
2026/02/04/23:55:34,apply-time,rs-002162-b9gt6,e14a5c13-b5a0-4288-8b16-71e2d027271b,1,2160.567164
2026/02/04/23:55:34,running-time,rs-002162-b9gt6,e14a5c13-b5a0-4288-8b16-71e2d027271b,1,2160.567164
2026/02/04/23:55:34,apply-time,rs-002162-fp26s,d6a7972f-fd80-4c12-8646-cd91596c75ee,1,2160.567164
2026/02/04/23:55:34,running-time,rs-002162-fp26s,d6a7972f-fd80-4c12-8646-cd91596c75ee,1,2160.567164
2026/02/04/23:55:34,apply-time,rs-002162-r95c8,8f9fb407-0656-4c26-b2ff-9b6abcf562db,1,2160.567164
2026/02/04/23:55:34,running-time,rs-002162-r95c8,8f9fb407-0656-4c26-b2ff-9b6abcf562db,1,2160.567164
2026/02/04/23:55:37,apply-time,rs-002163-bj9hq,080ca425-7181-4d10-8675-6a92e63effa7,1,2164.567164
2026/02/04/23:55:37,running-time,rs-002163-bj9hq,080ca425-7181-4d10-8675-6a92e63effa7,1,2164.567164
2026/02/04/23:55:37,apply-time,rs-002163-fhjx4,1c10b80e-6b0c-4193-b1ae-4a5cfe60e79a,1,2164.567164
2026/02/04/23:55:37,running-time,rs-002163-fhjx4,1c10b80e-6b0c-4193-b1ae-4a5cfe60e79a,1,2164.567164
2026/02/04/23:55:45,apply-time,rs-002164-8slz2,734156c8-b925-42d7-ad21-16ddb7edf3aa,1,2172.567164
2026/02/04/23:55:45,running-time,rs-002164-8slz2,734156c8-b925-42d7-ad21-16ddb7edf3aa,1,2172.567164
2026/02/04/23:55:45,apply-time,rs-002164-tqswl,197a2c16-21ff-424d-8270-d5ac0d720f81,1,2172.567164
2026/02/04/23:55:45,running-time,rs-002164-tqswl,197a2c16-21ff-424d-8270-d5ac0d720f81,1,2172.567164
2026/02/04/23:55:45,apply-time,rs-002164-zz2ng,811ddde9-0e98-4fbb-b15d-8eb04f95ab1b,1,2172.567164
2026/02/04/23:55:45,running-time,rs-002164-zz2ng,811ddde9-0e98-4fbb-b15d-8eb04f95ab1b,1,2172.567164
2026/02/04/23:55:45,apply-time,rs-002165-lgvld,3397efae-4e6d-4c93-8e8b-91c1fdc8466f,1,2172.567164
2026/02/04/23:55:45,running-time,rs-002165-lgvld,3397efae-4e6d-4c93-8e8b-91c1fdc8466f,1,2172.567164
2026/02/04/23:55:47,apply-time,rs-002166-xl927,30004c6a-5524-4ff0-8cf8-c24ca85490f2,1,2174.567164
2026/02/04/23:55:47,running-time,rs-002166-xl927,30004c6a-5524-4ff0-8cf8-c24ca85490f2,1,2174.567164
2026/02/04/23:55:48,apply-time,rs-002167-66fbt,4de4ef5a-f69a-4839-9f83-1f4a7aadc8cf,1,2174.567164
2026/02/04/23:55:48,running-time,rs-002167-66fbt,4de4ef5a-f69a-4839-9f83-1f4a7aadc8cf,1,2174.567164
2026/02/04/23:55:48,apply-time,rs-002167-lk2l2,a86db3b6-3ffb-4718-9a23-a16e795b2849,1,2174.567164
2026/02/04/23:55:48,running-time,rs-002167-lk2l2,a86db3b6-3ffb-4718-9a23-a16e795b2849,1,2175.567164
2026/02/04/23:55:48,apply-time,rs-002168-n4kzb,cecea51e-c0fa-4b1a-bf0d-d83467ccb1c0,1,2174.567164
2026/02/04/23:55:48,running-time,rs-002168-n4kzb,cecea51e-c0fa-4b1a-bf0d-d83467ccb1c0,1,2174.567164
2026/02/04/23:55:48,apply-time,rs-002169-rdn84,2ee17823-9369-4049-909e-f2c070389cee,1,2174.567164
2026/02/04/23:55:48,running-time,rs-002169-rdn84,2ee17823-9369-4049-909e-f2c070389cee,1,2174.567164
2026/02/04/23:55:48,apply-time,rs-002170-t9q7n,c3333d85-4223-4f0d-b826-f46c453e259a,1,2174.567164
2026/02/04/23:55:48,running-time,rs-002170-t9q7n,c3333d85-4223-4f0d-b826-f46c453e259a,1,2175.567164
2026/02/04/23:55:48,apply-time,rs-002171-7brgq,b1ff683d-55fb-4c8e-9bff-539cea761322,1,2175.567164
2026/02/04/23:55:48,running-time,rs-002171-7brgq,b1ff683d-55fb-4c8e-9bff-539cea761322,1,2175.567164
2026/02/04/23:55:48,apply-time,rs-002171-8cdh7,cd6f92b8-3cbe-49d2-b345-557e1d959233,1,2175.567164
2026/02/04/23:55:48,running-time,rs-002171-8cdh7,cd6f92b8-3cbe-49d2-b345-557e1d959233,1,2175.567164
2026/02/04/23:55:48,apply-time,rs-002172-4g4h5,d697733e-8a17-44c4-93c0-c781cc220cd5,1,2175.567164
2026/02/04/23:55:48,running-time,rs-002172-4g4h5,d697733e-8a17-44c4-93c0-c781cc220cd5,1,2175.567164
2026/02/04/23:55:48,apply-time,rs-002173-h2mpc,a8ccef96-88a0-478f-b813-b6345eca734e,1,2175.567164
2026/02/04/23:55:48,running-time,rs-002173-h2mpc,a8ccef96-88a0-478f-b813-b6345eca734e,1,2175.567164
2026/02/04/23:55:48,apply-time,rs-002173-hjlsb,5b4249d0-9606-4b17-90bd-2f70d7d9961e,1,2175.567164
2026/02/04/23:55:48,running-time,rs-002173-hjlsb,5b4249d0-9606-4b17-90bd-2f70d7d9961e,1,2175.567164
2026/02/04/23:55:48,apply-time,rs-002173-jqv98,704004fa-e909-4cfb-93c9-80f09dccb175,1,2175.567164
2026/02/04/23:55:48,running-time,rs-002173-jqv98,704004fa-e909-4cfb-93c9-80f09dccb175,1,2175.567164
2026/02/04/23:55:48,apply-time,rs-002174-ljq77,8fe50f2c-adf2-4d8b-b623-95ce8722b8f5,1,2175.567164
2026/02/04/23:55:48,running-time,rs-002174-ljq77,8fe50f2c-adf2-4d8b-b623-95ce8722b8f5,1,2175.567164
2026/02/04/23:55:48,apply-time,rs-002174-wg6bh,a70f9c49-1371-49b9-8ca8-debe399d20cf,1,2175.567164
2026/02/04/23:55:48,running-time,rs-002174-wg6bh,a70f9c49-1371-49b9-8ca8-debe399d20cf,1,2175.567164
2026/02/04/23:55:48,apply-time,rs-002175-zxjfk,aac0d389-9dee-4396-8ad2-0d5a0ce2305d,1,2175.567164
2026/02/04/23:55:48,running-time,rs-002175-zxjfk,aac0d389-9dee-4396-8ad2-0d5a0ce2305d,1,2175.567164
2026/02/04/23:55:49,apply-time,rs-002176-rc27z,4dcc441f-8fa8-4602-aaed-4b1a95919446,1,2176.567164
2026/02/04/23:55:49,apply-time,rs-002176-z7sd8,c73fda51-98fa-4564-a6e0-7cffbeb2c01d,1,2176.567164
2026/02/04/23:55:50,apply-time,rs-002177-dbt89,b6fbffd7-dcae-46ef-b973-d3569c28d75f,1,2177.567164
2026/02/04/23:55:50,running-time,rs-002177-dbt89,b6fbffd7-dcae-46ef-b973-d3569c28d75f,1,2177.567164
2026/02/04/23:55:50,apply-time,rs-002178-7wr9l,80dbb619-8cff-47de-8a63-4729b864010c,1,2177.567164
2026/02/04/23:55:50,apply-time,rs-002179-7b9xq,9faaef56-fe1f-4e0a-82f3-a18231ecfb96,1,2177.567164
2026/02/04/23:55:50,running-time,rs-002179-7b9xq,9faaef56-fe1f-4e0a-82f3-a18231ecfb96,1,2177.567164
2026/02/04/23:55:50,apply-time,rs-002179-nkkh9,566a686f-6b78-4de3-8806-a7b0128a2a1a,1,2177.567164
2026/02/04/23:55:50,running-time,rs-002179-nkkh9,566a686f-6b78-4de3-8806-a7b0128a2a1a,1,2177.567164
2026/02/04/23:55:55,apply-time,rs-002139-7z5mn,bacbbf38-bf5e-40b0-bb9f-e0c9890cd5ed,1,2182.567164
2026/02/04/23:55:55,running-time,rs-002139-7z5mn,bacbbf38-bf5e-40b0-bb9f-e0c9890cd5ed,1,2182.567164
2026/02/04/23:55:55,running-time,rs-002176-rc27z,4dcc441f-8fa8-4602-aaed-4b1a95919446,1,2182.567164
2026/02/04/23:55:55,running-time,rs-002176-z7sd8,c73fda51-98fa-4564-a6e0-7cffbeb2c01d,1,2182.567164
2026/02/04/23:56:05,apply-time,rs-002180-cb8f4,5e19e123-74b8-45d8-9d12-50d3a1be498b,1,2192.567164
2026/02/04/23:56:05,running-time,rs-002180-cb8f4,5e19e123-74b8-45d8-9d12-50d3a1be498b,1,2192.567164
2026/02/04/23:56:05,apply-time,rs-002181-gjwfs,b89ae59a-46bb-4d61-9570-dfa2604e4ccc,1,2192.567164
2026/02/04/23:56:05,running-time,rs-002181-gjwfs,b89ae59a-46bb-4d61-9570-dfa2604e4ccc,1,2192.567164
2026/02/04/23:56:05,apply-time,rs-002181-nq6l8,4434d338-1562-4662-bea7-9514e3ddc216,1,2192.567164
2026/02/04/23:56:05,running-time,rs-002181-nq6l8,4434d338-1562-4662-bea7-9514e3ddc216,1,2192.567164
2026/02/04/23:56:14,apply-time,rs-002182-42pjj,dcb8b7e9-1c91-4c91-9bcd-5e8c4f7367a1,1,2201.567164
2026/02/04/23:56:14,running-time,rs-002182-42pjj,dcb8b7e9-1c91-4c91-9bcd-5e8c4f7367a1,1,2201.567164
2026/02/04/23:56:14,apply-time,rs-002183-krgfz,aba9ecac-72b2-4aaa-b04c-7c6a17a8f434,1,2201.567164
2026/02/04/23:56:14,apply-time,rs-002183-trdp2,e179e79e-12de-4b0b-a705-c9ad8dac6f3f,1,2201.567164
2026/02/04/23:56:15,running-time,rs-002183-krgfz,aba9ecac-72b2-4aaa-b04c-7c6a17a8f434,1,2201.567164
2026/02/04/23:56:15,running-time,rs-002183-trdp2,e179e79e-12de-4b0b-a705-c9ad8dac6f3f,1,2201.567164
2026/02/04/23:56:18,apply-time,rs-002184-bq59j,16edcdfb-c06e-4a5e-8ebe-530dce4f52eb,1,2205.567164
2026/02/04/23:56:18,running-time,rs-002184-bq59j,16edcdfb-c06e-4a5e-8ebe-530dce4f52eb,1,2205.567164
2026/02/04/23:56:18,apply-time,rs-002184-pr56f,a3643703-c799-4db8-82d7-b2d7e09ac4fe,1,2205.567164
2026/02/04/23:56:18,running-time,rs-002184-pr56f,a3643703-c799-4db8-82d7-b2d7e09ac4fe,1,2205.567164
2026/02/04/23:56:18,apply-time,rs-002185-x4rm8,8fc2e7ee-ea74-40fe-ae2e-928b1b0cb8a9,1,2205.567164
2026/02/04/23:56:18,running-time,rs-002185-x4rm8,8fc2e7ee-ea74-40fe-ae2e-928b1b0cb8a9,1,2205.567164
2026/02/04/23:56:18,apply-time,rs-002186-2rnll,66c23673-6262-46c2-989d-a96d11780ee6,1,2205.567164
2026/02/04/23:56:18,running-time,rs-002186-2rnll,66c23673-6262-46c2-989d-a96d11780ee6,1,2205.567164
2026/02/04/23:56:18,apply-time,rs-002187-cq5r8,220c4895-9e6a-4f5e-a325-70787363ff46,1,2205.567164
2026/02/04/23:56:18,running-time,rs-002187-cq5r8,220c4895-9e6a-4f5e-a325-70787363ff46,1,2205.567164
2026/02/04/23:56:18,apply-time,rs-002187-jplgh,9f5e81bd-7422-479a-a81d-07ad00216b68,1,2205.567164
2026/02/04/23:56:18,running-time,rs-002187-jplgh,9f5e81bd-7422-479a-a81d-07ad00216b68,1,2205.567164
2026/02/04/23:56:18,apply-time,rs-002187-xnch6,a47d3279-c79c-4c71-bd0d-c9bab4a3df31,1,2205.567164
2026/02/04/23:56:18,running-time,rs-002187-xnch6,a47d3279-c79c-4c71-bd0d-c9bab4a3df31,1,2205.567164
2026/02/04/23:56:18,apply-time,rs-002188-tl67q,6571d5c3-59b2-4deb-a0ff-bde278227fb5,1,2205.567164
2026/02/04/23:56:18,running-time,rs-002188-tl67q,6571d5c3-59b2-4deb-a0ff-bde278227fb5,1,2205.567164
2026/02/04/23:56:19,apply-time,rs-002189-wm74c,b6b8b657-8318-45c4-9d00-634c012bb372,1,2206.567164
2026/02/04/23:56:19,running-time,rs-002189-wm74c,b6b8b657-8318-45c4-9d00-634c012bb372,1,2206.567164
2026/02/04/23:56:19,apply-time,rs-002189-wz9wl,05868416-b738-49e6-abb3-2555b9238311,1,2206.567164
2026/02/04/23:56:19,running-time,rs-002189-wz9wl,05868416-b738-49e6-abb3-2555b9238311,1,2206.567164
2026/02/04/23:56:19,apply-time,rs-002190-vm5fd,73eaf2f5-c00e-4f0b-8d12-3565c04575bc,1,2206.567164
2026/02/04/23:56:19,running-time,rs-002190-vm5fd,73eaf2f5-c00e-4f0b-8d12-3565c04575bc,1,2206.567164
2026/02/04/23:56:19,apply-time,rs-002191-9kflh,4f891c28-3be1-4902-b5d1-57770f0e11c0,1,2206.567164
2026/02/04/23:56:19,running-time,rs-002191-9kflh,4f891c28-3be1-4902-b5d1-57770f0e11c0,1,2206.567164
2026/02/04/23:56:19,apply-time,rs-002191-kwfw4,a4ae1dc9-6f4c-4108-ae65-14d0e64c659d,1,2206.567164
2026/02/04/23:56:19,running-time,rs-002191-kwfw4,a4ae1dc9-6f4c-4108-ae65-14d0e64c659d,1,2206.567164
2026/02/04/23:56:19,apply-time,rs-002191-nlr7j,6a5c4145-7424-4918-a3ad-de71d67a1549,1,2206.567164
2026/02/04/23:56:19,running-time,rs-002191-nlr7j,6a5c4145-7424-4918-a3ad-de71d67a1549,1,2206.567164
2026/02/04/23:56:19,apply-time,rs-002192-28qpx,aad89055-72d1-4159-8c34-8128febdac40,1,2206.567164
2026/02/04/23:56:19,running-time,rs-002192-28qpx,aad89055-72d1-4159-8c34-8128febdac40,1,2206.567164
2026/02/04/23:56:19,apply-time,rs-002192-jwpms,adcbd02d-70c0-4fa9-9e86-143f4d4ff633,1,2206.567164
2026/02/04/23:56:19,running-time,rs-002192-jwpms,adcbd02d-70c0-4fa9-9e86-143f4d4ff633,1,2206.567164
2026/02/04/23:56:19,apply-time,rs-002192-q7tcn,d70441ab-16ec-4042-a3b1-c9f0db9279ed,1,2206.567164
2026/02/04/23:56:19,running-time,rs-002192-q7tcn,d70441ab-16ec-4042-a3b1-c9f0db9279ed,1,2206.567164
2026/02/04/23:56:21,apply-time,rs-002193-nz4k4,faf5038a-9e99-4b00-a220-11416f626530,1,2208.567164
2026/02/04/23:56:21,running-time,rs-002193-nz4k4,faf5038a-9e99-4b00-a220-11416f626530,1,2208.567164
2026/02/04/23:56:22,apply-time,rs-002194-9rm64,eeb70626-d929-406e-8619-bb609924b984,1,2209.567164
2026/02/04/23:56:22,running-time,rs-002194-9rm64,eeb70626-d929-406e-8619-bb609924b984,1,2209.567164
2026/02/04/23:56:22,apply-time,rs-002194-j4n76,73ee385b-a68d-4a38-9ecb-98ac73221a51,1,2209.567164
2026/02/04/23:56:22,running-time,rs-002194-j4n76,73ee385b-a68d-4a38-9ecb-98ac73221a51,1,2209.567164
2026/02/04/23:56:22,apply-time,rs-002195-jnjtb,e07bbb96-52e1-4c1d-a8c5-76c688fcae1f,1,2209.567164
2026/02/04/23:56:22,running-time,rs-002195-jnjtb,e07bbb96-52e1-4c1d-a8c5-76c688fcae1f,1,2209.567164
2026/02/04/23:56:22,apply-time,rs-002195-wxspb,69d05bb8-922e-4bce-bed8-5ab1ca744fa3,1,2209.567164
2026/02/04/23:56:22,running-time,rs-002195-wxspb,69d05bb8-922e-4bce-bed8-5ab1ca744fa3,1,2209.567164
2026/02/04/23:56:22,apply-time,rs-002196-2z8fc,cc31f829-4354-49ab-b1dd-089fd0d8d7b3,1,2209.567164
2026/02/04/23:56:22,running-time,rs-002196-2z8fc,cc31f829-4354-49ab-b1dd-089fd0d8d7b3,1,2209.567164
2026/02/04/23:56:22,apply-time,rs-002197-xvvzf,a35c46ea-5810-49f6-8ed4-fdd69ae9f085,1,2209.567164
2026/02/04/23:56:22,apply-time,rs-002198-2cvw9,08987dc1-fa96-4b83-a461-c20f326ff66a,1,2209.567164
2026/02/04/23:56:22,running-time,rs-002198-2cvw9,08987dc1-fa96-4b83-a461-c20f326ff66a,1,2209.567164
2026/02/04/23:56:22,apply-time,rs-002198-lcdlp,93eb576b-fddb-4d61-9914-11a97ba581a4,1,2209.567164
2026/02/04/23:56:22,running-time,rs-002198-lcdlp,93eb576b-fddb-4d61-9914-11a97ba581a4,1,2209.567164
2026/02/04/23:56:22,apply-time,rs-002198-z6dbj,8d2e15fe-6878-4700-924d-9a64446bf888,1,2209.567164
2026/02/04/23:56:22,running-time,rs-002198-z6dbj,8d2e15fe-6878-4700-924d-9a64446bf888,1,2209.567164
2026/02/04/23:56:24,apply-time,rs-002199-5tj4j,ad04da34-353f-4cd6-984e-4e9b62e12342,1,2210.567164
2026/02/04/23:56:24,running-time,rs-002199-5tj4j,ad04da34-353f-4cd6-984e-4e9b62e12342,1,2211.567164
2026/02/04/23:56:24,apply-time,rs-002199-xljhl,e9e13683-e284-4e75-8da1-1cd37eff796d,1,2210.567164
2026/02/04/23:56:24,running-time,rs-002199-xljhl,e9e13683-e284-4e75-8da1-1cd37eff796d,1,2210.567164
2026/02/04/23:56:25,running-time,rs-002197-xvvzf,a35c46ea-5810-49f6-8ed4-fdd69ae9f085,1,2212.567164
2026/02/04/23:56:30,apply-time,rs-002200-hhm87,36d20c73-aba6-44d9-8745-43f0f34b3ee7,1,2217.567164
2026/02/04/23:56:30,running-time,rs-002200-hhm87,36d20c73-aba6-44d9-8745-43f0f34b3ee7,1,2217.567164
2026/02/04/23:56:30,apply-time,rs-002200-k8ckd,25b38d5e-1c4a-4a25-8314-f271125f6efa,1,2217.567164
2026/02/04/23:56:30,running-time,rs-002200-k8ckd,25b38d5e-1c4a-4a25-8314-f271125f6efa,1,2217.567164
2026/02/04/23:56:30,apply-time,rs-002200-m7c5f,6e4cdd7a-293e-4d7a-94c9-3ff4806ab1ea,1,2217.567164
2026/02/04/23:56:30,running-time,rs-002200-m7c5f,6e4cdd7a-293e-4d7a-94c9-3ff4806ab1ea,1,2217.567164
2026/02/04/23:56:30,apply-time,rs-002201-99kd2,c959a494-5a0f-4949-8bef-aa87a5d2bd8b,1,2217.567164
2026/02/04/23:56:30,running-time,rs-002201-99kd2,c959a494-5a0f-4949-8bef-aa87a5d2bd8b,1,2217.567164
2026/02/04/23:56:30,apply-time,rs-002201-qwc4f,1e07ed09-e065-4c7c-bc6b-0b8c2160acaa,1,2217.567164
2026/02/04/23:56:30,running-time,rs-002201-qwc4f,1e07ed09-e065-4c7c-bc6b-0b8c2160acaa,1,2217.567164
2026/02/04/23:56:30,apply-time,rs-002202-vf2fz,437649f8-37ee-421b-8064-d36c99ffa653,1,2217.567164
2026/02/04/23:56:30,running-time,rs-002202-vf2fz,437649f8-37ee-421b-8064-d36c99ffa653,1,2217.567164
2026/02/04/23:56:30,apply-time,rs-002203-j4k2w,5c965702-9398-4a0b-927b-bacbd83ba192,1,2217.567164
2026/02/04/23:56:30,running-time,rs-002203-j4k2w,5c965702-9398-4a0b-927b-bacbd83ba192,1,2217.567164
2026/02/04/23:56:30,apply-time,rs-002203-trr7z,0b738c81-277e-49e5-8a5e-3ed756bbe18d,1,2217.567164
2026/02/04/23:56:30,running-time,rs-002203-trr7z,0b738c81-277e-49e5-8a5e-3ed756bbe18d,1,2217.567164
2026/02/04/23:56:30,apply-time,rs-002204-hft7b,ef723d6e-a6f7-415d-b963-4cf7efbd6fc0,1,2217.567164
2026/02/04/23:56:30,running-time,rs-002204-hft7b,ef723d6e-a6f7-415d-b963-4cf7efbd6fc0,1,2217.567164
2026/02/04/23:56:30,apply-time,rs-002204-qr5j5,355b2d3a-b26e-4c72-80ef-bb99563b43b5,1,2217.567164
2026/02/04/23:56:30,running-time,rs-002204-qr5j5,355b2d3a-b26e-4c72-80ef-bb99563b43b5,1,2217.567164
2026/02/04/23:56:30,apply-time,rs-002204-rsjms,da0395db-68dd-4e9f-bd24-fed610246869,1,2217.567164
2026/02/04/23:56:30,running-time,rs-002204-rsjms,da0395db-68dd-4e9f-bd24-fed610246869,1,2217.567164
2026/02/04/23:56:30,apply-time,rs-002205-q7l7t,3ecd1e57-8a53-45b5-a5d5-afc45f3aa322,1,2217.567164
2026/02/04/23:56:31,apply-time,rs-002205-82hlp,a60cc3f3-f8ef-4191-ae04-974ef4bfbbc8,1,2218.567164
2026/02/04/23:56:31,running-time,rs-002205-82hlp,a60cc3f3-f8ef-4191-ae04-974ef4bfbbc8,1,2218.567164
2026/02/04/23:56:31,apply-time,rs-002205-j8jbm,5f299471-03c5-4410-92b4-b6e20101253c,1,2218.567164
2026/02/04/23:56:31,running-time,rs-002205-j8jbm,5f299471-03c5-4410-92b4-b6e20101253c,1,2218.567164
2026/02/04/23:56:31,running-time,rs-002205-q7l7t,3ecd1e57-8a53-45b5-a5d5-afc45f3aa322,1,2217.567164
2026/02/04/23:56:31,apply-time,rs-002206-9drdc,f3059a7d-ddfe-40b9-b981-08a71693efe4,1,2218.567164
2026/02/04/23:56:31,running-time,rs-002206-9drdc,f3059a7d-ddfe-40b9-b981-08a71693efe4,1,2218.567164
2026/02/04/23:56:32,apply-time,rs-002207-2lfwq,b4112eb2-d05f-4d2f-b728-a0e85f9d9d7a,1,2219.567164
2026/02/04/23:56:32,running-time,rs-002207-2lfwq,b4112eb2-d05f-4d2f-b728-a0e85f9d9d7a,1,2219.567164
2026/02/04/23:56:32,apply-time,rs-002207-bvjnr,067299e7-0da2-4ba5-8417-e8a189f5ed5d,1,2219.567164
2026/02/04/23:56:32,running-time,rs-002207-bvjnr,067299e7-0da2-4ba5-8417-e8a189f5ed5d,1,2219.567164
2026/02/04/23:56:32,apply-time,rs-002207-hp82m,e6f0a489-3f56-4421-8764-6c8abe171688,1,2218.567164
2026/02/04/23:56:32,running-time,rs-002207-hp82m,e6f0a489-3f56-4421-8764-6c8abe171688,1,2218.567164
2026/02/04/23:56:32,apply-time,rs-002208-bbjf7,f6d9da24-6a08-49fb-8629-483e95160d06,1,2219.567164
2026/02/04/23:56:32,running-time,rs-002208-bbjf7,f6d9da24-6a08-49fb-8629-483e95160d06,1,2219.567164
2026/02/04/23:56:40,apply-time,rs-002209-czg8s,300ce162-28fd-49f2-bfa6-d3c575049a32,1,2227.567164
2026/02/04/23:56:40,running-time,rs-002209-czg8s,300ce162-28fd-49f2-bfa6-d3c575049a32,1,2227.567164
2026/02/04/23:56:40,apply-time,rs-002209-wds64,438ff30c-7229-4c32-8cd3-86ca3199f442,1,2227.567164
2026/02/04/23:56:40,running-time,rs-002209-wds64,438ff30c-7229-4c32-8cd3-86ca3199f442,1,2227.567164
2026/02/04/23:56:40,apply-time,rs-002210-7h7cw,d35bd040-1616-4e73-b50a-c7df7fde5d03,1,2227.567164
2026/02/04/23:56:40,running-time,rs-002210-7h7cw,d35bd040-1616-4e73-b50a-c7df7fde5d03,1,2227.567164
2026/02/04/23:56:40,apply-time,rs-002210-sw6hz,409bb46d-cf26-4c28-a3c2-264be35461bd,1,2227.567164
2026/02/04/23:56:40,running-time,rs-002210-sw6hz,409bb46d-cf26-4c28-a3c2-264be35461bd,1,2227.567164
2026/02/04/23:56:40,apply-time,rs-002211-65qm6,64c45f83-71f6-4086-9683-d9d66e3995c1,1,2227.567164
2026/02/04/23:56:40,running-time,rs-002211-65qm6,64c45f83-71f6-4086-9683-d9d66e3995c1,1,2227.567164
2026/02/04/23:56:40,apply-time,rs-002211-l6wgc,b8ce7b44-9ccb-4f9d-a090-b260d5e77535,1,2227.567164
2026/02/04/23:56:40,running-time,rs-002211-l6wgc,b8ce7b44-9ccb-4f9d-a090-b260d5e77535,1,2227.567164
2026/02/04/23:56:40,apply-time,rs-002211-q7jft,27ad3a20-e100-40f9-99da-bd39017a536d,1,2227.567164
2026/02/04/23:56:40,running-time,rs-002211-q7jft,27ad3a20-e100-40f9-99da-bd39017a536d,1,2227.567164
2026/02/04/23:56:40,apply-time,rs-002212-swj6f,94dddf7d-dc36-4c86-8fea-b92ba5db3d30,1,2227.567164
2026/02/04/23:56:40,running-time,rs-002212-swj6f,94dddf7d-dc36-4c86-8fea-b92ba5db3d30,1,2227.567164
2026/02/04/23:56:43,apply-time,rs-002213-n88d9,6d54fe3e-e736-41d6-85e1-77003da42f17,1,2230.567164
2026/02/04/23:56:43,running-time,rs-002213-n88d9,6d54fe3e-e736-41d6-85e1-77003da42f17,1,2230.567164
2026/02/04/23:56:44,apply-time,rs-002214-5wnc2,7a14d582-267c-466e-b8fc-aefb73fa704c,1,2231.567164
2026/02/04/23:56:44,running-time,rs-002214-5wnc2,7a14d582-267c-466e-b8fc-aefb73fa704c,1,2231.567164
2026/02/04/23:56:44,apply-time,rs-002214-lbrpc,01e192f0-df79-4e0a-a50c-ef4227c85df7,1,2231.567164
2026/02/04/23:56:44,running-time,rs-002214-lbrpc,01e192f0-df79-4e0a-a50c-ef4227c85df7,1,2231.567164
2026/02/04/23:56:53,apply-time,rs-002215-7h6ml,df7ba3ce-dfb3-433b-87ca-246c494b9128,1,2240.567164
2026/02/04/23:56:53,running-time,rs-002215-7h6ml,df7ba3ce-dfb3-433b-87ca-246c494b9128,1,2240.567164
2026/02/04/23:56:53,apply-time,rs-002216-6tfxc,79586cc6-430c-4f40-b4c4-aa634b4d5102,1,2240.567164
2026/02/04/23:56:53,running-time,rs-002216-6tfxc,79586cc6-430c-4f40-b4c4-aa634b4d5102,1,2240.567164
2026/02/04/23:56:53,apply-time,rs-002216-pr7xb,ecff6917-4414-4ab7-8af7-ae12ee03da97,1,2240.567164
2026/02/04/23:56:53,running-time,rs-002216-pr7xb,ecff6917-4414-4ab7-8af7-ae12ee03da97,1,2240.567164
2026/02/04/23:56:55,apply-time,rs-002217-dtbrb,4bd17303-bf5e-48b0-8229-f3c10c19d9dd,1,2242.567164
2026/02/04/23:56:55,running-time,rs-002217-dtbrb,4bd17303-bf5e-48b0-8229-f3c10c19d9dd,1,2242.567164
2026/02/04/23:56:55,apply-time,rs-002217-l4cls,7b6d2cf9-8d11-409b-8627-a60d5deb3335,1,2242.567164
2026/02/04/23:56:55,running-time,rs-002217-l4cls,7b6d2cf9-8d11-409b-8627-a60d5deb3335,1,2242.567164
2026/02/04/23:56:55,apply-time,rs-002218-hw4mp,2e9fbf2f-69cb-4d25-bf0d-ac3583990af7,1,2242.567164
2026/02/04/23:56:55,running-time,rs-002218-hw4mp,2e9fbf2f-69cb-4d25-bf0d-ac3583990af7,1,2242.567164
2026/02/04/23:56:55,apply-time,rs-002219-xmzs2,b6a9f1f2-199d-4015-b74a-2cf97d3dc4b4,1,2242.567164
2026/02/04/23:56:55,running-time,rs-002219-xmzs2,b6a9f1f2-199d-4015-b74a-2cf97d3dc4b4,1,2242.567164
2026/02/04/23:56:55,apply-time,rs-002220-2v9d9,75a2a5ed-6bed-41e3-a857-0daf5f9f47e1,1,2242.567164
2026/02/04/23:56:55,running-time,rs-002220-2v9d9,75a2a5ed-6bed-41e3-a857-0daf5f9f47e1,1,2242.567164
2026/02/04/23:56:55,apply-time,rs-002220-8x275,549664af-6415-4337-a1df-52a3ac18c965,1,2242.567164
2026/02/04/23:56:55,running-time,rs-002220-8x275,549664af-6415-4337-a1df-52a3ac18c965,1,2242.567164
2026/02/04/23:56:55,apply-time,rs-002220-d2ll9,4bbbfb86-11bb-4f24-bc73-310edf7e1c1b,1,2242.567164
2026/02/04/23:56:55,running-time,rs-002220-d2ll9,4bbbfb86-11bb-4f24-bc73-310edf7e1c1b,1,2242.567164
2026/02/04/23:57:00,apply-time,rs-002221-9fvg6,b189f12c-b34c-42cf-8567-32c5e806c3d0,1,2247.567164
2026/02/04/23:57:00,running-time,rs-002221-9fvg6,b189f12c-b34c-42cf-8567-32c5e806c3d0,1,2247.567164
2026/02/04/23:57:00,apply-time,rs-002222-cznpx,d51ee5d0-19ab-4cca-a6e9-82bde8771aa7,1,2247.567164
2026/02/04/23:57:00,running-time,rs-002222-cznpx,d51ee5d0-19ab-4cca-a6e9-82bde8771aa7,1,2247.567164
2026/02/04/23:57:00,apply-time,rs-002222-jmh2f,dbc23914-7f17-478d-9629-4443279a6979,1,2247.567164
2026/02/04/23:57:00,running-time,rs-002222-jmh2f,dbc23914-7f17-478d-9629-4443279a6979,1,2247.567164
2026/02/04/23:57:00,apply-time,rs-002223-cbts2,1ebaf33b-54c5-4963-aee8-a36ff9b01e7b,1,2247.567164
2026/02/04/23:57:00,running-time,rs-002223-cbts2,1ebaf33b-54c5-4963-aee8-a36ff9b01e7b,1,2247.567164
2026/02/04/23:57:00,apply-time,rs-002223-nss5p,26b259e6-129b-415a-aaa0-3827d4b74c80,1,2247.567164
2026/02/04/23:57:00,running-time,rs-002223-nss5p,26b259e6-129b-415a-aaa0-3827d4b74c80,1,2247.567164
2026/02/04/23:57:00,apply-time,rs-002223-qvd6h,b8f5df1c-6338-4585-8dd6-139f80a26bdd,1,2247.567164
2026/02/04/23:57:00,running-time,rs-002223-qvd6h,b8f5df1c-6338-4585-8dd6-139f80a26bdd,1,2247.567164
2026/02/04/23:57:00,apply-time,rs-002224-6td4w,d8898e5e-3d3c-413a-a88f-c399282196d2,1,2247.567164
2026/02/04/23:57:00,running-time,rs-002224-6td4w,d8898e5e-3d3c-413a-a88f-c399282196d2,1,2247.567164
2026/02/04/23:57:00,apply-time,rs-002224-7pd5j,e715956e-af78-44c0-9e66-b9ee4a05a7b2,1,2247.567164
2026/02/04/23:57:00,running-time,rs-002224-7pd5j,e715956e-af78-44c0-9e66-b9ee4a05a7b2,1,2247.567164
2026/02/04/23:57:00,apply-time,rs-002224-trhz5,2ff5566d-8602-4918-92a4-3f2c9998a2a4,1,2247.567164
2026/02/04/23:57:00,running-time,rs-002224-trhz5,2ff5566d-8602-4918-92a4-3f2c9998a2a4,1,2247.567164
2026/02/04/23:57:00,apply-time,rs-002225-pwkft,16151d11-9452-4dc7-b34a-6650258813ad,1,2247.567164
2026/02/04/23:57:00,running-time,rs-002225-pwkft,16151d11-9452-4dc7-b34a-6650258813ad,1,2247.567164
2026/02/04/23:57:01,apply-time,rs-002226-t2xlz,e320fef0-19df-4669-8d44-4e26807228c9,1,2247.567164
2026/02/04/23:57:01,running-time,rs-002226-t2xlz,e320fef0-19df-4669-8d44-4e26807228c9,1,2247.567164
2026/02/04/23:57:02,apply-time,rs-002227-znhgw,b05519b5-c355-4d55-bc7b-5e0e1b5727d0,1,2249.567164
2026/02/04/23:57:02,running-time,rs-002227-znhgw,b05519b5-c355-4d55-bc7b-5e0e1b5727d0,1,2249.567164
2026/02/04/23:57:02,apply-time,rs-002228-2kfvw,2759490d-09db-4606-bd26-b42e7159106c,1,2249.567164
2026/02/04/23:57:02,running-time,rs-002228-2kfvw,2759490d-09db-4606-bd26-b42e7159106c,1,2249.567164
2026/02/04/23:57:02,apply-time,rs-002228-j48vd,f0fcef0c-1a68-4e85-af27-72eb0b12eed2,1,2249.567164
2026/02/04/23:57:02,running-time,rs-002228-j48vd,f0fcef0c-1a68-4e85-af27-72eb0b12eed2,1,2249.567164
2026/02/04/23:57:02,apply-time,rs-002228-ntb42,a51951f9-2fc5-4682-b5f2-19acde6c6c0c,1,2249.567164
2026/02/04/23:57:02,running-time,rs-002228-ntb42,a51951f9-2fc5-4682-b5f2-19acde6c6c0c,1,2249.567164
2026/02/04/23:57:02,apply-time,rs-002229-79g66,01ee5253-23c1-44df-9ccd-0ff277a6c2d0,1,2249.567164
2026/02/04/23:57:02,running-time,rs-002229-79g66,01ee5253-23c1-44df-9ccd-0ff277a6c2d0,1,2249.567164
2026/02/04/23:57:02,apply-time,rs-002229-c2r55,ab77888c-ebb1-4671-9831-de3220599ab5,1,2249.567164
2026/02/04/23:57:02,running-time,rs-002229-c2r55,ab77888c-ebb1-4671-9831-de3220599ab5,1,2249.567164
2026/02/04/23:57:02,apply-time,rs-002229-jpg9w,56ac964f-5674-4123-96ca-16fa524c89fc,1,2249.567164
2026/02/04/23:57:02,running-time,rs-002229-jpg9w,56ac964f-5674-4123-96ca-16fa524c89fc,1,2249.567164
2026/02/04/23:57:02,apply-time,rs-002230-58pwt,22e5f75f-bf38-46b8-b8b8-9adab1b8af5d,1,2249.567164
2026/02/04/23:57:02,running-time,rs-002230-58pwt,22e5f75f-bf38-46b8-b8b8-9adab1b8af5d,1,2249.567164
2026/02/04/23:57:02,apply-time,rs-002230-qqlgw,12a4cd5b-a781-4609-89cf-c35cf816421c,1,2249.567164
2026/02/04/23:57:02,running-time,rs-002230-qqlgw,12a4cd5b-a781-4609-89cf-c35cf816421c,1,2249.567164
2026/02/04/23:57:02,apply-time,rs-002231-hq22l,efc0b31e-8343-45d8-86e0-b53882eda72f,1,2249.567164
2026/02/04/23:57:02,running-time,rs-002231-hq22l,efc0b31e-8343-45d8-86e0-b53882eda72f,1,2249.567164
2026/02/04/23:57:02,apply-time,rs-002231-t6wxb,b0c78666-c5d6-4b31-b1f2-8ae5492c4818,1,2249.567164
2026/02/04/23:57:02,running-time,rs-002231-t6wxb,b0c78666-c5d6-4b31-b1f2-8ae5492c4818,1,2249.567164
2026/02/04/23:57:03,apply-time,rs-002232-crpv5,ebabcfb9-22e6-43e0-8670-4dc017c642c9,1,2250.567164
2026/02/04/23:57:03,running-time,rs-002232-crpv5,ebabcfb9-22e6-43e0-8670-4dc017c642c9,1,2250.567164
2026/02/04/23:57:03,apply-time,rs-002233-g8vmq,840a0c02-f433-47f1-8716-eed77545ec97,1,2250.567164
2026/02/04/23:57:03,running-time,rs-002233-g8vmq,840a0c02-f433-47f1-8716-eed77545ec97,1,2250.567164
2026/02/04/23:57:03,apply-time,rs-002233-tn88c,a75048e9-018a-42c5-a460-cc8e1cf9e63d,1,2250.567164
2026/02/04/23:57:03,running-time,rs-002233-tn88c,a75048e9-018a-42c5-a460-cc8e1cf9e63d,1,2250.567164
2026/02/04/23:57:03,apply-time,rs-002233-w2zhb,3d4c918c-2c67-48f5-95ff-b92fa1dd9f30,1,2250.567164
2026/02/04/23:57:03,running-time,rs-002233-w2zhb,3d4c918c-2c67-48f5-95ff-b92fa1dd9f30,1,2250.567164
2026/02/04/23:57:14,apply-time,rs-002234-dpkmn,d488c413-a80d-433c-8124-40f3a622e496,1,2261.567164
2026/02/04/23:57:14,running-time,rs-002234-dpkmn,d488c413-a80d-433c-8124-40f3a622e496,1,2261.567164
2026/02/04/23:57:14,apply-time,rs-002234-g5s8g,2331ce44-6be2-4591-8e4d-2595b58a72fc,1,2261.567164
2026/02/04/23:57:14,running-time,rs-002234-g5s8g,2331ce44-6be2-4591-8e4d-2595b58a72fc,1,2261.567164
2026/02/04/23:57:24,apply-time,rs-002235-bwr5k,3798e676-5ad1-428f-b7ac-fcd12125efab,1,2271.567164
2026/02/04/23:57:24,running-time,rs-002235-bwr5k,3798e676-5ad1-428f-b7ac-fcd12125efab,1,2271.567164
2026/02/04/23:57:24,apply-time,rs-002235-bx5f9,30bb1780-3317-4777-92dc-dd5305a2fdb6,1,2271.567164
2026/02/04/23:57:24,running-time,rs-002235-bx5f9,30bb1780-3317-4777-92dc-dd5305a2fdb6,1,2271.567164
2026/02/04/23:57:24,apply-time,rs-002235-mqlmw,9cc76246-6663-48d6-9eea-3bcc01268752,1,2271.567164
2026/02/04/23:57:24,running-time,rs-002235-mqlmw,9cc76246-6663-48d6-9eea-3bcc01268752,1,2271.567164
2026/02/04/23:57:24,apply-time,rs-002236-vtwtc,0957cfda-a1ea-4eba-b332-1049282eb1db,1,2271.567164
2026/02/04/23:57:24,running-time,rs-002236-vtwtc,0957cfda-a1ea-4eba-b332-1049282eb1db,1,2271.567164
2026/02/04/23:57:24,apply-time,rs-002237-88574,5bb5fcb9-0016-497c-aa38-1b880fe56534,1,2271.567164
2026/02/04/23:57:24,running-time,rs-002237-88574,5bb5fcb9-0016-497c-aa38-1b880fe56534,1,2271.567164
2026/02/04/23:57:24,apply-time,rs-002238-j8sbc,19d3d3f4-4b6d-4680-a015-92e22c026ebc,1,2271.567164
2026/02/04/23:57:24,running-time,rs-002238-j8sbc,19d3d3f4-4b6d-4680-a015-92e22c026ebc,1,2271.567164
2026/02/04/23:57:24,apply-time,rs-002239-254ll,a929fde7-7a68-47ca-b25a-a9646ac65cec,1,2271.567164
2026/02/04/23:57:24,running-time,rs-002239-254ll,a929fde7-7a68-47ca-b25a-a9646ac65cec,1,2271.567164
2026/02/04/23:57:24,apply-time,rs-002240-hhsmf,da9b2e28-897f-48cc-83dd-6555e4dd8e21,1,2271.567164
2026/02/04/23:57:25,running-time,rs-002240-hhsmf,da9b2e28-897f-48cc-83dd-6555e4dd8e21,1,2271.567164
2026/02/04/23:57:25,apply-time,rs-002240-kfsrk,ff88f06e-9368-47b2-9ffb-bc12ecf1be39,1,2272.567164
2026/02/04/23:57:25,running-time,rs-002240-kfsrk,ff88f06e-9368-47b2-9ffb-bc12ecf1be39,1,2272.567164
2026/02/04/23:57:25,apply-time,rs-002241-97lmx,6e13f4fb-5f6f-4ef4-b148-730bfb2eafde,1,2272.567164
2026/02/04/23:57:25,running-time,rs-002241-97lmx,6e13f4fb-5f6f-4ef4-b148-730bfb2eafde,1,2272.567164
2026/02/04/23:57:25,apply-time,rs-002241-9zxcn,e3f0b11a-afb7-4ab8-bc71-994280677580,1,2272.567164
2026/02/04/23:57:25,running-time,rs-002241-9zxcn,e3f0b11a-afb7-4ab8-bc71-994280677580,1,2272.567164
2026/02/04/23:57:25,apply-time,rs-002241-cxhw5,f2bf987b-2df7-485c-b02f-80df15f664bd,1,2272.567164
2026/02/04/23:57:25,running-time,rs-002241-cxhw5,f2bf987b-2df7-485c-b02f-80df15f664bd,1,2272.567164
2026/02/04/23:57:25,apply-time,rs-002242-qsjpd,346bf2d6-d6bb-4dec-8253-95dd0c5a4a87,1,2272.567164
2026/02/04/23:57:25,running-time,rs-002242-qsjpd,346bf2d6-d6bb-4dec-8253-95dd0c5a4a87,1,2272.567164
2026/02/04/23:57:25,apply-time,rs-002242-vsd2v,877a1417-41e4-4824-b346-8498edc6c4c7,1,2272.567164
2026/02/04/23:57:25,running-time,rs-002242-vsd2v,877a1417-41e4-4824-b346-8498edc6c4c7,1,2272.567164
2026/02/04/23:57:25,apply-time,rs-002243-4996x,df634b50-f6ad-443b-993b-bc42c31753e2,1,2272.567164
2026/02/04/23:57:25,running-time,rs-002243-4996x,df634b50-f6ad-443b-993b-bc42c31753e2,1,2272.567164
2026/02/04/23:57:25,apply-time,rs-002244-bp889,7610171b-b414-44bc-bf67-be0364910e24,1,2272.567164
2026/02/04/23:57:25,running-time,rs-002244-bp889,7610171b-b414-44bc-bf67-be0364910e24,1,2272.567164
2026/02/04/23:57:25,apply-time,rs-002244-jv2n2,83732b05-bf7d-4779-83d2-8b1bed6d1f43,1,2272.567164
2026/02/04/23:57:25,running-time,rs-002244-jv2n2,83732b05-bf7d-4779-83d2-8b1bed6d1f43,1,2272.567164
2026/02/04/23:57:32,apply-time,rs-002245-6l4nl,c292b744-f9ff-440b-a310-f51bcf5f16e0,1,2279.567164
2026/02/04/23:57:32,running-time,rs-002245-6l4nl,c292b744-f9ff-440b-a310-f51bcf5f16e0,1,2279.567164
2026/02/04/23:57:32,apply-time,rs-002245-kn2tb,327c37e6-a1de-477d-b40a-4a67479b0d0e,1,2279.567164
2026/02/04/23:57:32,running-time,rs-002245-kn2tb,327c37e6-a1de-477d-b40a-4a67479b0d0e,1,2279.567164
2026/02/04/23:57:32,apply-time,rs-002246-4hw4r,04b6734c-7c3a-40a9-b7c0-a23cd3ebf8d9,1,2279.567164
2026/02/04/23:57:32,running-time,rs-002246-4hw4r,04b6734c-7c3a-40a9-b7c0-a23cd3ebf8d9,1,2279.567164
2026/02/04/23:57:32,apply-time,rs-002246-fh45p,902a8772-e01b-4a45-b087-630d301ca556,1,2279.567164
2026/02/04/23:57:32,running-time,rs-002246-fh45p,902a8772-e01b-4a45-b087-630d301ca556,1,2279.567164
2026/02/04/23:57:32,apply-time,rs-002246-l475d,77aa11cc-7422-419a-8ba0-9172f6b30323,1,2279.567164
2026/02/04/23:57:32,running-time,rs-002246-l475d,77aa11cc-7422-419a-8ba0-9172f6b30323,1,2279.567164
2026/02/04/23:57:33,apply-time,rs-002247-5x4hs,4f516d7b-f97f-48c0-9282-90c2649db42b,1,2280.567164
2026/02/04/23:57:33,running-time,rs-002247-5x4hs,4f516d7b-f97f-48c0-9282-90c2649db42b,1,2280.567164
2026/02/04/23:57:33,apply-time,rs-002247-88g8n,f42f43ad-86ec-4f78-94dc-97fb7b924c18,1,2280.567164
2026/02/04/23:57:33,running-time,rs-002247-88g8n,f42f43ad-86ec-4f78-94dc-97fb7b924c18,1,2280.567164
2026/02/04/23:57:33,apply-time,rs-002247-ncvdt,3c5ccbc5-cc87-46be-aeff-6058993269f4,1,2280.567164
2026/02/04/23:57:33,running-time,rs-002247-ncvdt,3c5ccbc5-cc87-46be-aeff-6058993269f4,1,2280.567164
2026/02/04/23:57:33,apply-time,rs-002248-4p2bn,0931306d-2275-458d-aba6-921843bb5b24,1,2280.567164
2026/02/04/23:57:33,running-time,rs-002248-4p2bn,0931306d-2275-458d-aba6-921843bb5b24,1,2280.567164
2026/02/04/23:57:33,apply-time,rs-002248-7ggkw,67285079-5354-488c-b1d0-a688b434177a,1,2280.567164
2026/02/04/23:57:33,running-time,rs-002248-7ggkw,67285079-5354-488c-b1d0-a688b434177a,1,2280.567164
2026/02/04/23:57:33,apply-time,rs-002249-t8vvd,52c54e2c-d159-41a5-bf3e-9f05a12acea3,1,2280.567164
2026/02/04/23:57:33,running-time,rs-002249-t8vvd,52c54e2c-d159-41a5-bf3e-9f05a12acea3,1,2280.567164
2026/02/04/23:57:33,apply-time,rs-002250-tk2ck,ed48fc2f-45ec-4471-a7c2-65f0f804fa7b,1,2280.567164
2026/02/04/23:57:33,running-time,rs-002250-tk2ck,ed48fc2f-45ec-4471-a7c2-65f0f804fa7b,1,2280.567164
2026/02/04/23:57:33,apply-time,rs-002251-kgmx5,7e861ea2-e092-4ffb-a41b-ddf985644795,1,2280.567164
2026/02/04/23:57:33,running-time,rs-002251-kgmx5,7e861ea2-e092-4ffb-a41b-ddf985644795,1,2280.567164
2026/02/04/23:57:33,apply-time,rs-002251-t5tlr,bcc6e9b1-b254-4d48-ac8c-82d7a9f5cf94,1,2280.567164
2026/02/04/23:57:33,running-time,rs-002251-t5tlr,bcc6e9b1-b254-4d48-ac8c-82d7a9f5cf94,1,2280.567164
2026/02/04/23:57:33,apply-time,rs-002252-8xfsb,c27bddd5-d5a0-4991-9456-7ba02ac9d49e,1,2280.567164
2026/02/04/23:57:33,apply-time,rs-002252-k9cg9,3a6d36af-d809-47a7-ad58-977437e3d972,1,2280.567164
2026/02/04/23:57:33,running-time,rs-002252-k9cg9,3a6d36af-d809-47a7-ad58-977437e3d972,1,2280.567164
2026/02/04/23:57:33,apply-time,rs-002253-shbwz,60e8d376-2f1e-4de3-b837-519e74c94d16,1,2280.567164
2026/02/04/23:57:33,running-time,rs-002253-shbwz,60e8d376-2f1e-4de3-b837-519e74c94d16,1,2280.567164
2026/02/04/23:57:33,apply-time,rs-002256-7ftwt,a8913dc0-ad68-4727-8107-2ef13e23d49d,1,2280.567164
2026/02/04/23:57:33,running-time,rs-002256-7ftwt,a8913dc0-ad68-4727-8107-2ef13e23d49d,1,2280.567164
2026/02/04/23:57:34,running-time,rs-002252-8xfsb,c27bddd5-d5a0-4991-9456-7ba02ac9d49e,1,2280.567164
2026/02/04/23:57:34,apply-time,rs-002253-6blnq,006b5fd6-73ae-462d-9805-3ae62067069f,1,2281.567164
2026/02/04/23:57:34,running-time,rs-002253-6blnq,006b5fd6-73ae-462d-9805-3ae62067069f,1,2281.567164
2026/02/04/23:57:34,apply-time,rs-002253-ttlkq,4fe9a3c2-1d36-49f7-a30d-42be1c2393e6,1,2281.567164
2026/02/04/23:57:34,running-time,rs-002253-ttlkq,4fe9a3c2-1d36-49f7-a30d-42be1c2393e6,1,2281.567164
2026/02/04/23:57:34,apply-time,rs-002254-6mmn2,a29d7a14-b5a9-4ba4-a42b-435be9ac0b61,1,2281.567164
2026/02/04/23:57:34,running-time,rs-002254-6mmn2,a29d7a14-b5a9-4ba4-a42b-435be9ac0b61,1,2281.567164
2026/02/04/23:57:34,apply-time,rs-002254-pfxn2,bdc4b88e-ad5a-4ed8-bae0-c032dd4bcfb0,1,2281.567164
2026/02/04/23:57:34,running-time,rs-002254-pfxn2,bdc4b88e-ad5a-4ed8-bae0-c032dd4bcfb0,1,2281.567164
2026/02/04/23:57:34,apply-time,rs-002254-qfxqs,844447ca-6cab-4b48-9927-fa2ba5a963a8,1,2281.567164
2026/02/04/23:57:34,running-time,rs-002254-qfxqs,844447ca-6cab-4b48-9927-fa2ba5a963a8,1,2281.567164
2026/02/04/23:57:34,apply-time,rs-002255-brscl,448d7d08-aa1b-449c-b006-7392b6c97962,1,2280.567164
2026/02/04/23:57:34,running-time,rs-002255-brscl,448d7d08-aa1b-449c-b006-7392b6c97962,1,2281.567164
2026/02/04/23:57:34,apply-time,rs-002257-rk7m9,18017f1b-ebcd-4e3a-80a7-1285567ab6a8,1,2281.567164
2026/02/04/23:57:34,running-time,rs-002257-rk7m9,18017f1b-ebcd-4e3a-80a7-1285567ab6a8,1,2281.567164
2026/02/04/23:57:34,apply-time,rs-002258-6f8bv,94affaf1-fb50-46b1-84ac-96ce86aec15c,1,2281.567164
2026/02/04/23:57:34,running-time,rs-002258-6f8bv,94affaf1-fb50-46b1-84ac-96ce86aec15c,1,2281.567164
2026/02/04/23:57:34,apply-time,rs-002258-b8r27,649deec4-b970-40da-a93c-386bf4bdca6c,1,2281.567164
2026/02/04/23:57:35,apply-time,rs-002257-cxmz6,954995f3-9d27-44e8-aee9-adb5c9c3ce0e,1,2282.567164
2026/02/04/23:57:35,running-time,rs-002257-cxmz6,954995f3-9d27-44e8-aee9-adb5c9c3ce0e,1,2282.567164
2026/02/04/23:57:35,apply-time,rs-002257-sng2w,81b095f3-fdce-4977-99dd-fb7a36a30386,1,2282.567164
2026/02/04/23:57:35,running-time,rs-002257-sng2w,81b095f3-fdce-4977-99dd-fb7a36a30386,1,2282.567164
2026/02/04/23:57:36,apply-time,rs-002259-5dw5f,f86d0db4-e915-41c9-9f0a-9308f0f38cca,1,2283.567164
2026/02/04/23:57:36,running-time,rs-002259-5dw5f,f86d0db4-e915-41c9-9f0a-9308f0f38cca,1,2283.567164
2026/02/04/23:57:38,apply-time,rs-002260-drnk8,da0772e8-8434-48ed-a53b-048185fac74b,1,2285.567164
2026/02/04/23:57:38,running-time,rs-002260-drnk8,da0772e8-8434-48ed-a53b-048185fac74b,1,2285.567164
2026/02/04/23:57:38,apply-time,rs-002260-mtzdw,b62e1888-4869-49d5-948a-cd8303f6ada3,1,2285.567164
2026/02/04/23:57:38,running-time,rs-002260-mtzdw,b62e1888-4869-49d5-948a-cd8303f6ada3,1,2285.567164
2026/02/04/23:57:38,apply-time,rs-002260-v75nb,bdb640e2-6cab-4178-af0c-7d959f3a2d34,1,2284.567164
2026/02/04/23:57:38,running-time,rs-002260-v75nb,bdb640e2-6cab-4178-af0c-7d959f3a2d34,1,2285.567164
2026/02/04/23:57:38,apply-time,rs-002261-7q5p2,3be03a08-5b89-47a7-bfe3-ee59970eb7ea,1,2285.567164
2026/02/04/23:57:38,running-time,rs-002261-7q5p2,3be03a08-5b89-47a7-bfe3-ee59970eb7ea,1,2285.567164
2026/02/04/23:57:38,apply-time,rs-002261-z7gkq,1742d005-95ff-4fd4-9b14-84932a07e928,1,2285.567164
2026/02/04/23:57:38,running-time,rs-002261-z7gkq,1742d005-95ff-4fd4-9b14-84932a07e928,1,2285.567164
2026/02/04/23:57:38,apply-time,rs-002262-6khnx,25af744c-2975-4b1c-ba3c-318cc9623976,1,2285.567164
2026/02/04/23:57:38,running-time,rs-002262-6khnx,25af744c-2975-4b1c-ba3c-318cc9623976,1,2285.567164
2026/02/04/23:57:38,apply-time,rs-002262-q5w7x,f74cc959-7c68-445f-ad6f-df02776dd3f6,1,2285.567164
2026/02/04/23:57:38,running-time,rs-002262-q5w7x,f74cc959-7c68-445f-ad6f-df02776dd3f6,1,2285.567164
2026/02/04/23:57:38,apply-time,rs-002262-xrzpx,ea268f72-e987-4576-ae3d-2509c383bb4f,1,2285.567164
2026/02/04/23:57:38,running-time,rs-002262-xrzpx,ea268f72-e987-4576-ae3d-2509c383bb4f,1,2285.567164
2026/02/04/23:57:38,apply-time,rs-002263-b6s4c,44472851-4479-4096-a462-0e168e39c97f,1,2285.567164
2026/02/04/23:57:38,running-time,rs-002263-b6s4c,44472851-4479-4096-a462-0e168e39c97f,1,2285.567164
2026/02/04/23:57:38,apply-time,rs-002264-wtm4b,4557e0d2-8334-478f-9882-35b8a9df8dbd,1,2285.567164
2026/02/04/23:57:38,running-time,rs-002264-wtm4b,4557e0d2-8334-478f-9882-35b8a9df8dbd,1,2285.567164
2026/02/04/23:57:38,apply-time,rs-002265-j628v,7ec415ee-2aa2-48e8-9aab-e15dfa316218,1,2285.567164
2026/02/04/23:57:38,running-time,rs-002265-j628v,7ec415ee-2aa2-48e8-9aab-e15dfa316218,1,2285.567164
2026/02/04/23:57:42,apply-time,rs-002266-9lh7k,de3b2463-c6c8-42cd-9676-29a50a5b202b,1,2289.567164
2026/02/04/23:57:42,running-time,rs-002266-9lh7k,de3b2463-c6c8-42cd-9676-29a50a5b202b,1,2289.567164
2026/02/04/23:57:42,apply-time,rs-002266-wlcm2,b7bea789-e1e7-43f8-a5bb-81ad2cbe5e4c,1,2289.567164
2026/02/04/23:57:42,running-time,rs-002266-wlcm2,b7bea789-e1e7-43f8-a5bb-81ad2cbe5e4c,1,2289.567164
2026/02/04/23:57:42,apply-time,rs-002267-gc5g7,b39bad50-3def-45a4-85e7-94a7b51760f1,1,2289.567164
2026/02/04/23:57:42,running-time,rs-002267-gc5g7,b39bad50-3def-45a4-85e7-94a7b51760f1,1,2289.567164
2026/02/04/23:57:42,apply-time,rs-002267-krdxt,46a98b5d-ad7f-4f88-84db-2687bde5d655,1,2289.567164
2026/02/04/23:57:42,running-time,rs-002267-krdxt,46a98b5d-ad7f-4f88-84db-2687bde5d655,1,2289.567164
2026/02/04/23:57:42,apply-time,rs-002267-x2nrw,8afd9ce2-093b-4c89-ae69-fdfcacf7f213,1,2289.567164
2026/02/04/23:57:42,running-time,rs-002267-x2nrw,8afd9ce2-093b-4c89-ae69-fdfcacf7f213,1,2289.567164
2026/02/04/23:57:50,apply-time,rs-002268-2cv62,d6f51e73-b454-422c-a4e2-c5e5bd87bf78,1,2297.567164
2026/02/04/23:57:50,running-time,rs-002268-2cv62,d6f51e73-b454-422c-a4e2-c5e5bd87bf78,1,2297.567164
2026/02/04/23:57:50,apply-time,rs-002268-742bt,dc023e2a-7d38-4f04-8a15-6ea50718b06e,1,2297.567164
2026/02/04/23:57:50,running-time,rs-002268-742bt,dc023e2a-7d38-4f04-8a15-6ea50718b06e,1,2297.567164
2026/02/04/23:57:50,apply-time,rs-002268-bzrtg,b578169e-c48b-4c28-a452-3e4aece54284,1,2297.567164
2026/02/04/23:57:50,running-time,rs-002268-bzrtg,b578169e-c48b-4c28-a452-3e4aece54284,1,2297.567164
2026/02/04/23:57:50,apply-time,rs-002269-426q2,ec871f40-b940-4483-9ca9-0f11bd6e34c4,1,2297.567164
2026/02/04/23:57:50,running-time,rs-002269-426q2,ec871f40-b940-4483-9ca9-0f11bd6e34c4,1,2297.567164
2026/02/04/23:57:50,apply-time,rs-002269-pl2cp,3d0cfefe-0066-4d3b-87ac-91226bcfbb4a,1,2297.567164
2026/02/04/23:57:50,running-time,rs-002269-pl2cp,3d0cfefe-0066-4d3b-87ac-91226bcfbb4a,1,2297.567164
2026/02/04/23:57:52,apply-time,rs-002270-krwj9,11107470-0a95-4fdc-8886-56ea7cbdf604,1,2299.567164
2026/02/04/23:57:52,running-time,rs-002270-krwj9,11107470-0a95-4fdc-8886-56ea7cbdf604,1,2299.567164
2026/02/04/23:57:52,apply-time,rs-002270-sll8w,1a0eb2dd-8bc3-4993-b84a-89092da38945,1,2299.567164
2026/02/04/23:57:52,running-time,rs-002270-sll8w,1a0eb2dd-8bc3-4993-b84a-89092da38945,1,2299.567164
2026/02/04/23:57:53,apply-time,rs-002271-7b5xw,7b1b1061-6a1d-4b00-8dc6-e42ff5b1e9d9,1,2300.567164
2026/02/04/23:57:53,running-time,rs-002271-7b5xw,7b1b1061-6a1d-4b00-8dc6-e42ff5b1e9d9,1,2300.567164
2026/02/04/23:57:53,apply-time,rs-002271-8kbf2,d52400d5-5488-4d43-9527-64f63f548f15,1,2300.567164
2026/02/04/23:57:53,running-time,rs-002271-8kbf2,d52400d5-5488-4d43-9527-64f63f548f15,1,2300.567164
2026/02/04/23:57:53,apply-time,rs-002271-x828h,e403d20b-506f-4271-930c-3c96fcf4f5f3,1,2300.567164
2026/02/04/23:57:53,running-time,rs-002271-x828h,e403d20b-506f-4271-930c-3c96fcf4f5f3,1,2300.567164
2026/02/04/23:57:53,apply-time,rs-002272-sfqqk,8ff3c885-fbaa-4b69-a0cc-f1ddd0c7d26c,1,2300.567164
2026/02/04/23:57:53,running-time,rs-002272-sfqqk,8ff3c885-fbaa-4b69-a0cc-f1ddd0c7d26c,1,2300.567164
2026/02/04/23:57:53,apply-time,rs-002273-cwf6m,24a238f7-a2f4-45e7-9934-32d82d8ff093,1,2300.567164
2026/02/04/23:57:53,running-time,rs-002273-cwf6m,24a238f7-a2f4-45e7-9934-32d82d8ff093,1,2300.567164
2026/02/04/23:57:53,apply-time,rs-002274-pzr6p,9b357793-8917-4e2d-a162-4bf70c8950ec,1,2300.567164
2026/02/04/23:57:53,running-time,rs-002274-pzr6p,9b357793-8917-4e2d-a162-4bf70c8950ec,1,2300.567164
2026/02/04/23:57:53,apply-time,rs-002274-sv75j,70f517a0-4a79-488a-b833-30e57dab7502,1,2300.567164
2026/02/04/23:57:53,running-time,rs-002274-sv75j,70f517a0-4a79-488a-b833-30e57dab7502,1,2300.567164
2026/02/04/23:57:53,apply-time,rs-002274-z4vrm,7af71915-8182-46dc-b740-e868d324b23a,1,2300.567164
2026/02/04/23:57:53,running-time,rs-002274-z4vrm,7af71915-8182-46dc-b740-e868d324b23a,1,2300.567164
2026/02/04/23:57:53,apply-time,rs-002275-cxq7f,2d40887a-307f-4334-8a62-1711af6a798a,1,2300.567164
2026/02/04/23:57:53,running-time,rs-002275-cxq7f,2d40887a-307f-4334-8a62-1711af6a798a,1,2300.567164
2026/02/04/23:57:53,apply-time,rs-002276-fwvv2,97165bf7-771b-4272-8182-5cd56a58bed3,1,2300.567164
2026/02/04/23:57:53,apply-time,rs-002276-qwm7g,666a3ed5-3b1d-4275-8dca-e9847950febd,1,2300.567164
2026/02/04/23:57:53,running-time,rs-002276-qwm7g,666a3ed5-3b1d-4275-8dca-e9847950febd,1,2300.567164
2026/02/04/23:57:53,apply-time,rs-002277-nlttm,11deffd2-fd76-4cd5-b059-3efd0380179a,1,2300.567164
2026/02/04/23:57:53,running-time,rs-002277-nlttm,11deffd2-fd76-4cd5-b059-3efd0380179a,1,2300.567164
2026/02/04/23:57:55,running-time,rs-002276-fwvv2,97165bf7-771b-4272-8182-5cd56a58bed3,1,2302.567164
2026/02/04/23:58:04,apply-time,rs-002278-dl72q,2574242a-e82c-4122-87e4-ae06d1b30a36,1,2311.567164
2026/02/04/23:58:04,running-time,rs-002278-dl72q,2574242a-e82c-4122-87e4-ae06d1b30a36,1,2311.567164
2026/02/04/23:58:04,apply-time,rs-002278-hxf4m,78943ed8-6786-4bcb-ad7b-416fa377b9a0,1,2311.567164
2026/02/04/23:58:04,running-time,rs-002278-hxf4m,78943ed8-6786-4bcb-ad7b-416fa377b9a0,1,2311.567164
2026/02/04/23:58:04,apply-time,rs-002279-79pgl,2953c952-6427-475a-9aef-503abd6d8929,1,2311.567164
2026/02/04/23:58:04,running-time,rs-002279-79pgl,2953c952-6427-475a-9aef-503abd6d8929,1,2311.567164
2026/02/04/23:58:04,apply-time,rs-002279-dswbf,41ffc202-6800-40c3-b8fd-64dcfd6f6ab4,1,2311.567164
2026/02/04/23:58:04,running-time,rs-002279-dswbf,41ffc202-6800-40c3-b8fd-64dcfd6f6ab4,1,2311.567164
2026/02/04/23:58:04,apply-time,rs-002279-w7vmq,c165a0ac-06e7-4eb7-a01f-fb3ecd5e1dd2,1,2311.567164
2026/02/04/23:58:04,running-time,rs-002279-w7vmq,c165a0ac-06e7-4eb7-a01f-fb3ecd5e1dd2,1,2311.567164
2026/02/04/23:58:04,apply-time,rs-002280-5tw4h,29b67a23-22b3-4d51-a6ed-66b2d806f4a3,1,2311.567164
2026/02/04/23:58:04,running-time,rs-002280-5tw4h,29b67a23-22b3-4d51-a6ed-66b2d806f4a3,1,2311.567164
2026/02/04/23:58:04,apply-time,rs-002280-868vc,ec4255bb-9fff-4b3f-b02d-bcf7fd1bbbc0,1,2311.567164
2026/02/04/23:58:04,running-time,rs-002280-868vc,ec4255bb-9fff-4b3f-b02d-bcf7fd1bbbc0,1,2311.567164
2026/02/04/23:58:20,apply-time,rs-002281-kl49d,38e6ba64-53d7-4fc8-bc59-cba70786c731,1,2327.567164
2026/02/04/23:58:20,running-time,rs-002281-kl49d,38e6ba64-53d7-4fc8-bc59-cba70786c731,1,2327.567164
2026/02/04/23:58:20,apply-time,rs-002282-kmv4l,06cfce3b-4d6e-449c-964c-9474300d9252,1,2327.567164
2026/02/04/23:58:20,running-time,rs-002282-kmv4l,06cfce3b-4d6e-449c-964c-9474300d9252,1,2327.567164
2026/02/04/23:58:21,apply-time,rs-002283-2vs5h,c3435620-b425-4bcc-8fcc-783355ca37b8,1,2328.567164
2026/02/04/23:58:21,running-time,rs-002283-2vs5h,c3435620-b425-4bcc-8fcc-783355ca37b8,1,2328.567164
2026/02/04/23:58:21,apply-time,rs-002283-dsbmz,b4200bb9-bc8f-439b-b39b-b03ccba1fbe3,1,2328.567164
2026/02/04/23:58:21,running-time,rs-002283-dsbmz,b4200bb9-bc8f-439b-b39b-b03ccba1fbe3,1,2328.567164
2026/02/04/23:58:21,apply-time,rs-002283-wwd7q,3505bda1-c896-49f4-84ca-8248023f2692,1,2328.567164
2026/02/04/23:58:21,running-time,rs-002283-wwd7q,3505bda1-c896-49f4-84ca-8248023f2692,1,2328.567164
2026/02/04/23:58:29,apply-time,rs-002284-fm42x,116eb334-e05d-4df3-a918-ddab403ec485,1,2336.567164
2026/02/04/23:58:29,running-time,rs-002284-fm42x,116eb334-e05d-4df3-a918-ddab403ec485,1,2336.567164
2026/02/04/23:58:29,apply-time,rs-002284-x4lk5,5ffe82a7-597f-4d05-aa4d-a61ae6bd86e4,1,2336.567164
2026/02/04/23:58:29,running-time,rs-002284-x4lk5,5ffe82a7-597f-4d05-aa4d-a61ae6bd86e4,1,2336.567164
2026/02/04/23:58:31,apply-time,rs-002285-jfdfp,86b36027-c790-416f-bc0e-456c83ad2b93,1,2338.567164
2026/02/04/23:58:31,running-time,rs-002285-jfdfp,86b36027-c790-416f-bc0e-456c83ad2b93,1,2338.567164
2026/02/04/23:58:31,apply-time,rs-002285-kglwv,13d52a31-7e66-4a12-9930-27d2539513d5,1,2338.567164
2026/02/04/23:58:31,running-time,rs-002285-kglwv,13d52a31-7e66-4a12-9930-27d2539513d5,1,2338.567164
2026/02/04/23:58:31,apply-time,rs-002286-4hxzk,03c6df52-bd7c-408f-80da-8da12e52dbf7,1,2338.567164
2026/02/04/23:58:31,running-time,rs-002286-4hxzk,03c6df52-bd7c-408f-80da-8da12e52dbf7,1,2338.567164
2026/02/04/23:58:37,apply-time,rs-002287-wndhv,eff57c77-2e9d-412a-8371-45e72d89d60f,1,2344.567164
2026/02/04/23:58:37,running-time,rs-002287-wndhv,eff57c77-2e9d-412a-8371-45e72d89d60f,1,2344.567164
2026/02/04/23:58:50,apply-time,rs-002288-7qvs5,592fa416-27e6-4948-86f7-fdb75635fe3a,1,2357.567164
2026/02/04/23:58:50,running-time,rs-002288-7qvs5,592fa416-27e6-4948-86f7-fdb75635fe3a,1,2357.567164
2026/02/04/23:58:50,apply-time,rs-002288-hkj89,4986c563-ad12-4618-a8bb-a07152212873,1,2357.567164
2026/02/04/23:58:50,running-time,rs-002288-hkj89,4986c563-ad12-4618-a8bb-a07152212873,1,2357.567164
2026/02/04/23:58:50,apply-time,rs-002288-wjpfx,3608a969-3720-41ad-9892-74daf1781ebb,1,2357.567164
2026/02/04/23:58:50,running-time,rs-002288-wjpfx,3608a969-3720-41ad-9892-74daf1781ebb,1,2357.567164
2026/02/04/23:58:50,apply-time,rs-002289-6ctcl,cee688db-b621-414f-9384-916693f50bcb,1,2357.567164
2026/02/04/23:58:50,running-time,rs-002289-6ctcl,cee688db-b621-414f-9384-916693f50bcb,1,2357.567164
2026/02/04/23:58:50,apply-time,rs-002289-qjxjr,a35e8969-f6f1-444b-a7d3-368ecd7faffa,1,2357.567164
2026/02/04/23:58:50,running-time,rs-002289-qjxjr,a35e8969-f6f1-444b-a7d3-368ecd7faffa,1,2357.567164
2026/02/04/23:58:50,apply-time,rs-002290-qtxdh,91e433d0-31d1-4a7c-ba98-ea5f79abc6de,1,2357.567164
2026/02/04/23:58:50,running-time,rs-002290-qtxdh,91e433d0-31d1-4a7c-ba98-ea5f79abc6de,1,2357.567164
2026/02/04/23:58:51,apply-time,rs-002291-2hkxw,d06ac419-3784-4827-a1fc-811e5c06811e,1,2358.567164
2026/02/04/23:58:51,running-time,rs-002291-2hkxw,d06ac419-3784-4827-a1fc-811e5c06811e,1,2358.567164
2026/02/04/23:58:51,apply-time,rs-002292-gfz82,d1c4cb5d-5562-4dfe-a22f-c4c9c20639f5,1,2358.567164
2026/02/04/23:58:51,running-time,rs-002292-gfz82,d1c4cb5d-5562-4dfe-a22f-c4c9c20639f5,1,2358.567164
2026/02/04/23:58:51,apply-time,rs-002292-hnfqg,62b76f6b-f4d1-4e63-b914-64cf7f3d74e0,1,2358.567164
2026/02/04/23:58:51,running-time,rs-002292-hnfqg,62b76f6b-f4d1-4e63-b914-64cf7f3d74e0,1,2358.567164
2026/02/04/23:58:51,apply-time,rs-002292-z42zt,1da57ac8-a8b9-46fc-83ae-33eb2c46bc2e,1,2358.567164
2026/02/04/23:58:51,running-time,rs-002292-z42zt,1da57ac8-a8b9-46fc-83ae-33eb2c46bc2e,1,2358.567164
2026/02/04/23:58:52,apply-time,rs-002293-bsnf5,a6e2f303-902d-4f33-ad5f-6034792bc6bb,1,2359.567164
2026/02/04/23:58:52,running-time,rs-002293-bsnf5,a6e2f303-902d-4f33-ad5f-6034792bc6bb,1,2359.567164
2026/02/04/23:58:52,apply-time,rs-002293-nmgqn,19a54564-d6a4-4e78-a0d5-79902ba109b6,1,2359.567164
2026/02/04/23:58:52,running-time,rs-002293-nmgqn,19a54564-d6a4-4e78-a0d5-79902ba109b6,1,2359.567164
2026/02/04/23:58:53,apply-time,rs-002294-kd6zg,bb145742-287f-4abb-ab0f-16133751fcee,1,2360.567164
2026/02/04/23:58:53,running-time,rs-002294-kd6zg,bb145742-287f-4abb-ab0f-16133751fcee,1,2360.567164
2026/02/04/23:58:53,apply-time,rs-002295-hjn24,a2d784f6-e84e-4424-8931-5ae791943e2d,1,2360.567164
2026/02/04/23:58:53,running-time,rs-002295-hjn24,a2d784f6-e84e-4424-8931-5ae791943e2d,1,2360.567164
2026/02/04/23:58:53,apply-time,rs-002295-vpvch,43eccbbe-48fa-4b20-8346-28f2bea44a2a,1,2360.567164
2026/02/04/23:58:53,running-time,rs-002295-vpvch,43eccbbe-48fa-4b20-8346-28f2bea44a2a,1,2360.567164
2026/02/04/23:59:06,apply-time,rs-002296-cspj8,8a083c13-b5ba-4157-a687-de158ef8585c,1,2374.567164
2026/02/04/23:59:06,running-time,rs-002296-cspj8,8a083c13-b5ba-4157-a687-de158ef8585c,1,2374.567164
2026/02/04/23:59:06,apply-time,rs-002296-hh524,ef36accc-5714-40ae-a92c-9a23926f7ca0,1,2374.567164
2026/02/04/23:59:06,running-time,rs-002296-hh524,ef36accc-5714-40ae-a92c-9a23926f7ca0,1,2374.567164
2026/02/04/23:59:06,apply-time,rs-002297-9r88h,70a1ec51-20dd-44c7-ae14-7d7d473ed48e,1,2374.567164
2026/02/04/23:59:06,apply-time,rs-002298-7bf58,bdae6ec7-8a89-490b-9f23-df21c4097037,1,2374.567164
2026/02/04/23:59:06,running-time,rs-002298-7bf58,bdae6ec7-8a89-490b-9f23-df21c4097037,1,2374.567164
2026/02/04/23:59:06,apply-time,rs-002298-cs6cw,ccabd565-b04e-4a13-9c09-6e4b2dc816ed,1,2374.567164
2026/02/04/23:59:06,running-time,rs-002298-cs6cw,ccabd565-b04e-4a13-9c09-6e4b2dc816ed,1,2374.567164
2026/02/04/23:59:06,apply-time,rs-002298-rw2ch,026e7235-fe6e-4eb5-a1f4-24c7faa65296,1,2374.567164
2026/02/04/23:59:06,running-time,rs-002298-rw2ch,026e7235-fe6e-4eb5-a1f4-24c7faa65296,1,2374.567164
2026/02/04/23:59:06,apply-time,rs-002299-hhdz7,3f3aac62-c363-4ce5-b8bb-1c2a724fc88c,1,2374.567164
2026/02/04/23:59:06,apply-time,rs-002299-rqdnp,669fdfec-e7e8-47f1-b22e-9a262004faaa,1,2374.567164
2026/02/04/23:59:06,running-time,rs-002299-rqdnp,669fdfec-e7e8-47f1-b22e-9a262004faaa,1,2374.567164
2026/02/04/23:59:07,apply-time,rs-002297-fdsvg,b9692543-1329-4010-b1ea-f21ffe3ed641,1,2374.567164
2026/02/04/23:59:07,apply-time,rs-002300-dbx6k,7911c0fc-a505-4b90-b910-71d769829f77,1,2374.567164
2026/02/04/23:59:07,running-time,rs-002300-dbx6k,7911c0fc-a505-4b90-b910-71d769829f77,1,2374.567164
2026/02/04/23:59:07,apply-time,rs-002300-ktl2w,92ea1da7-a02f-409d-998f-fe32a1bd160c,1,2374.567164
2026/02/04/23:59:07,running-time,rs-002300-ktl2w,92ea1da7-a02f-409d-998f-fe32a1bd160c,1,2374.567164
2026/02/04/23:59:07,apply-time,rs-002300-n6j5f,8757fa64-2684-47b2-b736-c5e36f99621e,1,2374.567164
2026/02/04/23:59:07,running-time,rs-002300-n6j5f,8757fa64-2684-47b2-b736-c5e36f99621e,1,2374.567164
2026/02/04/23:59:07,apply-time,rs-002301-pw6hk,2dd7da80-4e66-4cd5-a3df-d09fe2cf56b7,1,2374.567164
2026/02/04/23:59:07,running-time,rs-002301-pw6hk,2dd7da80-4e66-4cd5-a3df-d09fe2cf56b7,1,2374.567164
2026/02/04/23:59:09,running-time,rs-002297-9r88h,70a1ec51-20dd-44c7-ae14-7d7d473ed48e,1,2376.567164
2026/02/04/23:59:09,running-time,rs-002299-hhdz7,3f3aac62-c363-4ce5-b8bb-1c2a724fc88c,1,2376.567164
2026/02/04/23:59:17,apply-time,rs-002302-grqgq,a658dd82-8006-4e9d-ad60-49f87b4f5105,1,2384.567164
2026/02/04/23:59:17,running-time,rs-002302-grqgq,a658dd82-8006-4e9d-ad60-49f87b4f5105,1,2384.567164
2026/02/04/23:59:17,apply-time,rs-002302-kr9wb,62e03506-9375-44f2-ae00-9b438e140c9d,1,2384.567164
2026/02/04/23:59:17,running-time,rs-002302-kr9wb,62e03506-9375-44f2-ae00-9b438e140c9d,1,2384.567164
2026/02/04/23:59:17,apply-time,rs-002302-rp7nh,5a46e4ad-658a-4af3-8077-319c41a8120d,1,2384.567164
2026/02/04/23:59:17,running-time,rs-002302-rp7nh,5a46e4ad-658a-4af3-8077-319c41a8120d,1,2384.567164
2026/02/04/23:59:17,apply-time,rs-002303-8hfcj,bf20eacf-694e-4c01-8e55-c643801acfe8,1,2384.567164
2026/02/04/23:59:17,running-time,rs-002303-8hfcj,bf20eacf-694e-4c01-8e55-c643801acfe8,1,2384.567164
2026/02/04/23:59:17,apply-time,rs-002303-p7bvs,63f29555-1a71-4b66-b00c-0a9540a94a75,1,2384.567164
2026/02/04/23:59:17,running-time,rs-002303-p7bvs,63f29555-1a71-4b66-b00c-0a9540a94a75,1,2384.567164
2026/02/04/23:59:17,apply-time,rs-002303-wqzr5,b54d600b-24b7-4c3a-88de-02df9a06cc9e,1,2384.567164
2026/02/04/23:59:17,running-time,rs-002303-wqzr5,b54d600b-24b7-4c3a-88de-02df9a06cc9e,1,2384.567164
2026/02/04/23:59:17,apply-time,rs-002304-nqhrb,2124eab1-b40e-4ecc-b1dd-d61c0c82c468,1,2384.567164
2026/02/04/23:59:17,running-time,rs-002304-nqhrb,2124eab1-b40e-4ecc-b1dd-d61c0c82c468,1,2384.567164
2026/02/04/23:59:17,apply-time,rs-002304-rdxfb,0497673d-aa89-45df-95de-a76a2f911dc0,1,2384.567164
2026/02/04/23:59:17,running-time,rs-002304-rdxfb,0497673d-aa89-45df-95de-a76a2f911dc0,1,2384.567164
2026/02/04/23:59:17,apply-time,rs-002305-42xx2,f52bae29-bc6c-4ed7-a791-8b299980cf7d,1,2384.567164
2026/02/04/23:59:17,running-time,rs-002305-42xx2,f52bae29-bc6c-4ed7-a791-8b299980cf7d,1,2384.567164
2026/02/04/23:59:17,apply-time,rs-002305-98xvb,821a8921-f864-4880-8456-2f324303e7b8,1,2384.567164
2026/02/04/23:59:17,running-time,rs-002305-98xvb,821a8921-f864-4880-8456-2f324303e7b8,1,2384.567164
2026/02/04/23:59:17,apply-time,rs-002305-qxxtr,fa65aabc-275b-4d38-aeaf-948e31111d5b,1,2384.567164
2026/02/04/23:59:17,running-time,rs-002305-qxxtr,fa65aabc-275b-4d38-aeaf-948e31111d5b,1,2384.567164
2026/02/04/23:59:18,apply-time,rs-002306-g6ccm,465cb7be-1511-4d6a-8448-6e8d9f22e6cf,1,2385.567164
2026/02/04/23:59:18,running-time,rs-002306-g6ccm,465cb7be-1511-4d6a-8448-6e8d9f22e6cf,1,2385.567164
2026/02/04/23:59:18,apply-time,rs-002306-mtq8v,89e0ea1a-a12d-466f-8e84-e2e77dc52c87,1,2385.567164
2026/02/04/23:59:18,running-time,rs-002306-mtq8v,89e0ea1a-a12d-466f-8e84-e2e77dc52c87,1,2385.567164
2026/02/04/23:59:18,apply-time,rs-002307-9mfwt,6013dfa9-0e0b-4548-b26f-ede87300f7ec,1,2385.567164
2026/02/04/23:59:18,running-time,rs-002307-9mfwt,6013dfa9-0e0b-4548-b26f-ede87300f7ec,1,2385.567164
2026/02/04/23:59:18,apply-time,rs-002307-rt2fg,319a0575-8d36-43fa-9dac-d01a7886167e,1,2385.567164
2026/02/04/23:59:18,running-time,rs-002307-rt2fg,319a0575-8d36-43fa-9dac-d01a7886167e,1,2385.567164
2026/02/04/23:59:18,apply-time,rs-002308-bssgh,20543a3e-2502-4cb1-86dd-73931caeded5,1,2385.567164
2026/02/04/23:59:18,running-time,rs-002308-bssgh,20543a3e-2502-4cb1-86dd-73931caeded5,1,2385.567164
2026/02/04/23:59:18,apply-time,rs-002308-h8b9l,7085c7e1-9405-4698-8cd5-dae4eac9c337,1,2385.567164
2026/02/04/23:59:18,running-time,rs-002308-h8b9l,7085c7e1-9405-4698-8cd5-dae4eac9c337,1,2385.567164
2026/02/04/23:59:18,apply-time,rs-002308-lk8mb,2d0cb84a-fb8b-474d-842f-111450bc565f,1,2385.567164
2026/02/04/23:59:18,running-time,rs-002308-lk8mb,2d0cb84a-fb8b-474d-842f-111450bc565f,1,2385.567164
2026/02/04/23:59:18,apply-time,rs-002309-vmwvc,a50371cc-2f40-4efe-8245-d673ab08d92e,1,2386.567164
2026/02/04/23:59:18,running-time,rs-002309-vmwvc,a50371cc-2f40-4efe-8245-d673ab08d92e,1,2386.567164
2026/02/04/23:59:19,apply-time,rs-002309-llmhb,ad648c93-cf83-41f6-8446-99ba94ca4503,1,2386.567164
2026/02/04/23:59:19,running-time,rs-002309-llmhb,ad648c93-cf83-41f6-8446-99ba94ca4503,1,2386.567164
2026/02/04/23:59:19,apply-time,rs-002310-lrzpt,bc714f30-d6dc-4269-8732-ac8a0f6ae9ce,1,2386.567164
2026/02/04/23:59:19,running-time,rs-002310-lrzpt,bc714f30-d6dc-4269-8732-ac8a0f6ae9ce,1,2386.567164
2026/02/04/23:59:19,apply-time,rs-002311-hpfsb,20b4357b-3f90-419d-b78d-6e30ab210f93,1,2386.567164
2026/02/04/23:59:19,running-time,rs-002311-hpfsb,20b4357b-3f90-419d-b78d-6e30ab210f93,1,2386.567164
2026/02/04/23:59:19,apply-time,rs-002311-rcg7k,f6d45293-9b08-475e-8dac-d412f8dc722d,1,2386.567164
2026/02/04/23:59:19,running-time,rs-002311-rcg7k,f6d45293-9b08-475e-8dac-d412f8dc722d,1,2386.567164
2026/02/04/23:59:19,apply-time,rs-002312-w7ml2,31251a4b-e0b2-409b-aa5d-e061117a17b2,1,2386.567164
2026/02/04/23:59:19,running-time,rs-002312-w7ml2,31251a4b-e0b2-409b-aa5d-e061117a17b2,1,2386.567164
2026/02/04/23:59:19,apply-time,rs-002313-r9fxz,0f4d1a34-0636-4e38-a891-f2e3071813ea,1,2386.567164
2026/02/04/23:59:19,running-time,rs-002313-r9fxz,0f4d1a34-0636-4e38-a891-f2e3071813ea,1,2386.567164
2026/02/04/23:59:19,apply-time,rs-002314-c7c2h,00f44d97-1d06-4cde-b221-f207c1fd27b2,1,2387.567164
2026/02/04/23:59:20,apply-time,rs-002312-jbjhh,e9d5c0af-d855-40d2-ae82-26caba4ef5c7,1,2387.567164
2026/02/04/23:59:20,running-time,rs-002312-jbjhh,e9d5c0af-d855-40d2-ae82-26caba4ef5c7,1,2387.567164
2026/02/04/23:59:20,apply-time,rs-002313-72vlj,9064fbd8-095a-4022-b2f3-483908a63d82,1,2387.567164
2026/02/04/23:59:20,running-time,rs-002313-72vlj,9064fbd8-095a-4022-b2f3-483908a63d82,1,2387.567164
2026/02/04/23:59:20,apply-time,rs-002313-bjcnz,0dd3417e-4514-43c6-9e3d-e5c724d84ea0,1,2387.567164
2026/02/04/23:59:20,running-time,rs-002313-bjcnz,0dd3417e-4514-43c6-9e3d-e5c724d84ea0,1,2387.567164
2026/02/04/23:59:20,apply-time,rs-002314-kgn5q,b98db5b7-0e14-48aa-b4ae-611917a4b464,1,2387.567164
2026/02/04/23:59:20,apply-time,rs-002314-qpg6m,bf84cb0c-6f1d-4305-9d9a-7fb876bc70d2,1,2387.567164
2026/02/04/23:59:20,apply-time,rs-002315-bjnbv,82d1d76f-0531-4056-a36f-04402b687a1e,1,2387.567164
2026/02/04/23:59:20,running-time,rs-002315-bjnbv,82d1d76f-0531-4056-a36f-04402b687a1e,1,2387.567164
2026/02/04/23:59:20,apply-time,rs-002315-rn7qz,40915557-180e-48bb-b81a-1ff9c023cc6e,1,2388.567164
2026/02/04/23:59:20,running-time,rs-002315-rn7qz,40915557-180e-48bb-b81a-1ff9c023cc6e,1,2388.567164
2026/02/04/23:59:20,apply-time,rs-002315-v9l6m,03bef72b-71ef-4e22-b20f-83bbea409d49,1,2387.567164
2026/02/04/23:59:20,running-time,rs-002315-v9l6m,03bef72b-71ef-4e22-b20f-83bbea409d49,1,2387.567164
2026/02/04/23:59:21,apply-time,rs-002316-mp7nq,e88e5ff9-14ce-4dcc-ae45-678e8b04a051,1,2388.567164
2026/02/04/23:59:21,running-time,rs-002316-mp7nq,e88e5ff9-14ce-4dcc-ae45-678e8b04a051,1,2388.567164
2026/02/04/23:59:21,apply-time,rs-002317-9s672,69882611-f3cb-4270-8396-2769e95e7275,1,2388.567164
2026/02/04/23:59:21,running-time,rs-002317-9s672,69882611-f3cb-4270-8396-2769e95e7275,1,2388.567164
2026/02/04/23:59:21,apply-time,rs-002318-9k5mv,beb0c0dd-d8f1-498c-bfd4-3451621d75de,1,2388.567164
2026/02/04/23:59:21,running-time,rs-002318-9k5mv,beb0c0dd-d8f1-498c-bfd4-3451621d75de,1,2388.567164
2026/02/04/23:59:21,apply-time,rs-002319-jmjxg,d14510a9-7f70-4673-ad84-895ef13f8fcc,1,2388.567164
2026/02/04/23:59:21,running-time,rs-002319-jmjxg,d14510a9-7f70-4673-ad84-895ef13f8fcc,1,2388.567164
2026/02/04/23:59:21,apply-time,rs-002319-trq8f,a30d946d-3d9b-4a12-8867-0afc50c2ccf2,1,2389.567164
2026/02/04/23:59:22,running-time,rs-002319-trq8f,a30d946d-3d9b-4a12-8867-0afc50c2ccf2,1,2389.567164
2026/02/04/23:59:22,apply-time,rs-002320-grvzn,5cb67d0e-7e8e-44e4-955e-479346a3c498,1,2389.567164
2026/02/04/23:59:22,running-time,rs-002320-grvzn,5cb67d0e-7e8e-44e4-955e-479346a3c498,1,2389.567164
2026/02/04/23:59:22,apply-time,rs-002320-rxb6x,da1af2c3-9ed1-4205-8b2c-01b984cf3642,1,2389.567164
2026/02/04/23:59:22,apply-time,rs-002320-tf8b8,e3f12db2-2d11-4d14-9ef8-9a6a231a8517,1,2389.567164
2026/02/04/23:59:22,apply-time,rs-002321-qfwzh,f9e32ff1-8360-4ead-ae48-1513039079bb,1,2389.567164
2026/02/04/23:59:22,apply-time,rs-002322-kqv75,9215524d-74da-45b3-aea4-c50dca17897b,1,2389.567164
2026/02/04/23:59:22,apply-time,rs-002323-9hhrc,611ca700-f8f3-4eb4-8515-39a6e2b73971,1,2389.567164
2026/02/04/23:59:22,running-time,rs-002323-9hhrc,611ca700-f8f3-4eb4-8515-39a6e2b73971,1,2389.567164
2026/02/04/23:59:23,running-time,rs-002320-rxb6x,da1af2c3-9ed1-4205-8b2c-01b984cf3642,1,2390.567164
2026/02/04/23:59:23,running-time,rs-002320-tf8b8,e3f12db2-2d11-4d14-9ef8-9a6a231a8517,1,2390.567164
2026/02/04/23:59:23,apply-time,rs-002322-5wl9q,e711b87f-ee25-49b8-ac84-20f25a04edeb,1,2390.567164
2026/02/04/23:59:23,apply-time,rs-002322-ltrlm,6e40f8e1-ea8a-45a9-9d9b-7914f3f3f133,1,2390.567164
2026/02/04/23:59:24,running-time,rs-002321-qfwzh,f9e32ff1-8360-4ead-ae48-1513039079bb,1,2391.567164
2026/02/04/23:59:25,apply-time,rs-002324-m8468,385962df-60b2-419e-b5ef-c28cfd7a223f,1,2392.567164
2026/02/04/23:59:25,running-time,rs-002324-m8468,385962df-60b2-419e-b5ef-c28cfd7a223f,1,2393.567164
2026/02/04/23:59:25,apply-time,rs-002324-m8x9m,19033a9e-80e4-4ddf-ba06-a38151450092,1,2393.567164
2026/02/04/23:59:25,apply-time,rs-002325-2b27c,a5e6b430-529b-4b10-9938-70cb65a567e0,1,2393.567164
2026/02/04/23:59:25,apply-time,rs-002325-bftf8,90f7a987-a613-430e-8353-4cc840e715b8,1,2392.567164
2026/02/04/23:59:25,running-time,rs-002325-bftf8,90f7a987-a613-430e-8353-4cc840e715b8,1,2393.567164
2026/02/04/23:59:25,apply-time,rs-002325-v5k8z,9af599b7-44cf-498d-a6b5-6dfe54c2d0a5,1,2393.567164
2026/02/04/23:59:25,apply-time,rs-002326-v4xrq,d7aa105e-e3b9-48cf-94c0-e70e7d0503bb,1,2392.567164
2026/02/04/23:59:25,running-time,rs-002326-v4xrq,d7aa105e-e3b9-48cf-94c0-e70e7d0503bb,1,2393.567164
2026/02/04/23:59:25,apply-time,rs-002326-wh62v,19382d15-8865-4015-af86-91e3d7a6d56b,1,2392.567164
2026/02/04/23:59:25,running-time,rs-002326-wh62v,19382d15-8865-4015-af86-91e3d7a6d56b,1,2393.567164
2026/02/04/23:59:25,apply-time,rs-002327-kc6t4,79afe0ba-0861-4b74-a009-0f4dc76f96d6,1,2393.567164
2026/02/04/23:59:25,apply-time,rs-002327-m8v6d,d9ca1877-eac3-4f79-8354-bb710e98b469,1,2392.567164
2026/02/04/23:59:25,running-time,rs-002327-m8v6d,d9ca1877-eac3-4f79-8354-bb710e98b469,1,2393.567164
2026/02/04/23:59:26,running-time,rs-002324-m8x9m,19033a9e-80e4-4ddf-ba06-a38151450092,1,2393.567164
2026/02/04/23:59:26,running-time,rs-002325-2b27c,a5e6b430-529b-4b10-9938-70cb65a567e0,1,2393.567164
2026/02/04/23:59:26,running-time,rs-002325-v5k8z,9af599b7-44cf-498d-a6b5-6dfe54c2d0a5,1,2393.567164
2026/02/04/23:59:26,running-time,rs-002327-kc6t4,79afe0ba-0861-4b74-a009-0f4dc76f96d6,1,2393.567164
2026/02/04/23:59:26,apply-time,rs-002328-brnb5,0733ce76-9f18-4baf-bfda-fd91c9fd1b35,1,2393.567164
2026/02/04/23:59:26,apply-time,rs-002328-vlstw,18085c5d-1140-47b9-9ea7-bc80692399f9,1,2393.567164
2026/02/04/23:59:26,apply-time,rs-002328-z9dbk,e7a3615f-32d7-4803-9108-0cb14574d950,1,2393.567164
2026/02/04/23:59:26,apply-time,rs-002329-8wjww,4fb019e3-1728-4107-a21b-db931b9fc9b5,1,2393.567164
2026/02/04/23:59:26,apply-time,rs-002330-pfnb8,6524d8b8-0e06-46ea-9395-ab4ac51535ec,1,2393.567164
2026/02/04/23:59:26,running-time,rs-002330-pfnb8,6524d8b8-0e06-46ea-9395-ab4ac51535ec,1,2393.567164
2026/02/04/23:59:26,apply-time,rs-002331-ml8mb,3c96e930-4ab5-4756-9c07-a3630f3df6da,1,2393.567164
2026/02/04/23:59:26,running-time,rs-002331-ml8mb,3c96e930-4ab5-4756-9c07-a3630f3df6da,1,2393.567164
2026/02/04/23:59:27,apply-time,rs-002332-mb7d9,06882838-3380-4fd1-beb0-b0e5520ff4d1,1,2394.567164
2026/02/04/23:59:27,running-time,rs-002332-mb7d9,06882838-3380-4fd1-beb0-b0e5520ff4d1,1,2394.567164
2026/02/04/23:59:29,running-time,rs-002328-brnb5,0733ce76-9f18-4baf-bfda-fd91c9fd1b35,1,2396.567164
2026/02/04/23:59:29,apply-time,rs-002333-j557z,f17bf8e2-a390-49ab-87e3-e547a208c416,1,2396.567164
2026/02/04/23:59:29,apply-time,rs-002333-l2ht9,01a67f62-de40-4f6c-9b86-33b07cc1fcfa,1,2396.567164
2026/02/04/23:59:29,apply-time,rs-002334-dswfz,0f312969-6cd9-4a16-bef6-0dbe0e2c8bef,1,2396.567164
2026/02/04/23:59:29,apply-time,rs-002334-j457w,74443b7e-fd03-4598-89e9-cf19ffd9a875,1,2396.567164
2026/02/04/23:59:29,apply-time,rs-002334-jw875,05e81772-a30f-4636-a3d6-bf6def2eb259,1,2396.567164
2026/02/04/23:59:29,apply-time,rs-002335-4gkcd,b1a88cf8-5ece-4a48-aba4-eafd95b44257,1,2396.567164
2026/02/04/23:59:29,running-time,rs-002335-4gkcd,b1a88cf8-5ece-4a48-aba4-eafd95b44257,1,2396.567164
2026/02/04/23:59:29,apply-time,rs-002336-cjlbp,b469a7fc-ca45-4f83-a42f-07bacdf078ae,1,2396.567164
2026/02/04/23:59:29,running-time,rs-002336-cjlbp,b469a7fc-ca45-4f83-a42f-07bacdf078ae,1,2396.567164
2026/02/04/23:59:29,apply-time,rs-002336-h64ls,56938618-53a2-4cc2-8781-3909dab1bce2,1,2396.567164
2026/02/04/23:59:29,running-time,rs-002336-h64ls,56938618-53a2-4cc2-8781-3909dab1bce2,1,2396.567164
2026/02/04/23:59:29,apply-time,rs-002336-vllwt,1d3fe59c-b627-4360-946f-df564c36453a,1,2396.567164
2026/02/04/23:59:29,running-time,rs-002336-vllwt,1d3fe59c-b627-4360-946f-df564c36453a,1,2396.567164
2026/02/04/23:59:30,running-time,rs-002333-j557z,f17bf8e2-a390-49ab-87e3-e547a208c416,1,2397.567164
2026/02/04/23:59:30,running-time,rs-002333-l2ht9,01a67f62-de40-4f6c-9b86-33b07cc1fcfa,1,2397.567164
2026/02/04/23:59:34,apply-time,rs-002337-2j2kz,44e5eaa9-e026-4001-a68f-648d35978bb0,1,2400.567164
2026/02/04/23:59:34,running-time,rs-002337-2j2kz,44e5eaa9-e026-4001-a68f-648d35978bb0,1,2400.567164
2026/02/04/23:59:34,apply-time,rs-002337-9946r,b6a7fc51-2200-48a8-8b5c-9dba1481cf61,1,2400.567164
2026/02/04/23:59:34,running-time,rs-002337-9946r,b6a7fc51-2200-48a8-8b5c-9dba1481cf61,1,2400.567164
2026/02/04/23:59:34,apply-time,rs-002338-vj5qz,26fac54b-4eac-4743-ae69-462dd2440481,1,2400.567164
2026/02/04/23:59:34,running-time,rs-002338-vj5qz,26fac54b-4eac-4743-ae69-462dd2440481,1,2400.567164
2026/02/04/23:59:34,apply-time,rs-002339-jt952,31f78bfc-6fe4-4f32-97d4-be81cb525586,1,2400.567164
2026/02/04/23:59:34,running-time,rs-002339-jt952,31f78bfc-6fe4-4f32-97d4-be81cb525586,1,2400.567164
2026/02/04/23:59:34,apply-time,rs-002340-b2sdc,83fcce4a-3c6c-4286-af9b-7f852e4b28dc,1,2400.567164
2026/02/04/23:59:34,running-time,rs-002340-b2sdc,83fcce4a-3c6c-4286-af9b-7f852e4b28dc,1,2400.567164
2026/02/04/23:59:35,apply-time,rs-002341-bwpwq,0b7868b6-4f9d-404e-b92e-e45fec5796ac,1,2401.567164
2026/02/04/23:59:35,running-time,rs-002341-bwpwq,0b7868b6-4f9d-404e-b92e-e45fec5796ac,1,2401.567164
2026/02/04/23:59:35,apply-time,rs-002341-v689j,a41cc266-a986-4129-99e8-3df668f825d3,1,2401.567164
2026/02/04/23:59:35,running-time,rs-002341-v689j,a41cc266-a986-4129-99e8-3df668f825d3,1,2401.567164
2026/02/04/23:59:35,apply-time,rs-002342-2t28c,d1d0b88e-b231-411f-a088-a29a7ef94777,1,2401.567164
2026/02/04/23:59:35,running-time,rs-002342-2t28c,d1d0b88e-b231-411f-a088-a29a7ef94777,1,2401.567164
2026/02/04/23:59:35,apply-time,rs-002342-gmgkk,97e34b65-155e-45ac-8032-101a061f3395,1,2401.567164
2026/02/04/23:59:35,running-time,rs-002342-gmgkk,97e34b65-155e-45ac-8032-101a061f3395,1,2401.567164
2026/02/04/23:59:35,apply-time,rs-002343-v4nkr,e1470029-f81d-43f7-be22-436e00ae19a8,1,2401.567164
2026/02/04/23:59:37,running-time,rs-002328-vlstw,18085c5d-1140-47b9-9ea7-bc80692399f9,1,2403.567164
2026/02/04/23:59:38,running-time,rs-002328-z9dbk,e7a3615f-32d7-4803-9108-0cb14574d950,1,2404.567164
2026/02/04/23:59:43,apply-time,rs-002344-7tv44,373286a3-630e-4ae7-8178-8a17c67be171,1,2409.567164
2026/02/04/23:59:43,running-time,rs-002344-7tv44,373286a3-630e-4ae7-8178-8a17c67be171,1,2409.567164
2026/02/04/23:59:43,apply-time,rs-002344-wb7dn,aea3e673-8424-4685-861d-13a0135a30e7,1,2409.567164
2026/02/04/23:59:43,running-time,rs-002344-wb7dn,aea3e673-8424-4685-861d-13a0135a30e7,1,2409.567164
2026/02/04/23:59:43,apply-time,rs-002345-mshx6,68d67ba6-7b32-43ef-8055-ebc47a830cbd,1,2409.567164
2026/02/04/23:59:43,running-time,rs-002345-mshx6,68d67ba6-7b32-43ef-8055-ebc47a830cbd,1,2409.567164
2026/02/04/23:59:43,apply-time,rs-002345-w4m54,3dcb69ee-936c-4a04-bd0e-e14dd0936a21,1,2409.567164
2026/02/04/23:59:43,running-time,rs-002345-w4m54,3dcb69ee-936c-4a04-bd0e-e14dd0936a21,1,2409.567164
2026/02/04/23:59:43,apply-time,rs-002346-k2hj8,6fbcfdcc-f639-4904-95fc-1b616e7c9e87,1,2409.567164
2026/02/04/23:59:43,running-time,rs-002346-k2hj8,6fbcfdcc-f639-4904-95fc-1b616e7c9e87,1,2409.567164
2026/02/04/23:59:43,apply-time,rs-002347-54lml,11d09730-9e9f-456f-baee-912dcfb162f5,1,2409.567164
2026/02/04/23:59:43,running-time,rs-002347-54lml,11d09730-9e9f-456f-baee-912dcfb162f5,1,2409.567164
2026/02/04/23:59:43,apply-time,rs-002347-bxzgg,b0c76d97-4f94-40f4-b9fc-beb149c537ff,1,2409.567164
2026/02/04/23:59:43,running-time,rs-002347-bxzgg,b0c76d97-4f94-40f4-b9fc-beb149c537ff,1,2409.567164
2026/02/04/23:59:43,apply-time,rs-002347-hnl28,eb78b9c1-297b-4115-b3e1-e7c66e9d5641,1,2409.567164
2026/02/04/23:59:43,running-time,rs-002347-hnl28,eb78b9c1-297b-4115-b3e1-e7c66e9d5641,1,2409.567164
2026/02/04/23:59:50,apply-time,rs-002348-7sdjx,5f09c15a-6b35-40f4-9873-546110dbe5cf,1,2416.567164
2026/02/04/23:59:50,running-time,rs-002348-7sdjx,5f09c15a-6b35-40f4-9873-546110dbe5cf,1,2416.567164
2026/02/04/23:59:51,apply-time,rs-002349-j5gh6,99d41fdf-0159-4b58-95ee-5e2c4925f807,1,2417.567164
2026/02/04/23:59:51,running-time,rs-002349-j5gh6,99d41fdf-0159-4b58-95ee-5e2c4925f807,1,2417.567164
2026/02/04/23:59:51,apply-time,rs-002350-kl6tk,96a350c3-e471-44dc-8fcd-b7885eb83f08,1,2417.567164
2026/02/04/23:59:51,running-time,rs-002350-kl6tk,96a350c3-e471-44dc-8fcd-b7885eb83f08,1,2417.567164
2026/02/04/23:59:51,apply-time,rs-002350-s6b4l,9aa9a1c7-cf57-4752-9a3c-f4e6d07138f0,1,2417.567164
2026/02/04/23:59:51,running-time,rs-002350-s6b4l,9aa9a1c7-cf57-4752-9a3c-f4e6d07138f0,1,2417.567164
2026/02/04/23:59:51,apply-time,rs-002351-6txg9,5b73d547-df74-479d-bee9-a2fe304f912a,1,2417.567164
2026/02/04/23:59:51,running-time,rs-002351-6txg9,5b73d547-df74-479d-bee9-a2fe304f912a,1,2417.567164
2026/02/04/23:59:51,apply-time,rs-002351-twm6f,a2cb898a-11e4-41e7-9c1f-4ebc299d1a86,1,2417.567164
2026/02/04/23:59:51,running-time,rs-002351-twm6f,a2cb898a-11e4-41e7-9c1f-4ebc299d1a86,1,2417.567164
2026/02/04/23:59:51,apply-time,rs-002352-g59ll,0fc92693-1e99-47dc-94c2-8002849d9532,1,2417.567164
2026/02/04/23:59:51,running-time,rs-002352-g59ll,0fc92693-1e99-47dc-94c2-8002849d9532,1,2417.567164
2026/02/04/23:59:51,apply-time,rs-002352-qdzrw,1988605b-de6a-46df-aea6-44f8235246b4,1,2417.567164
2026/02/04/23:59:51,running-time,rs-002352-qdzrw,1988605b-de6a-46df-aea6-44f8235246b4,1,2417.567164
2026/02/04/23:59:53,apply-time,rs-002354-hndl4,f2913f62-dadb-4f10-b063-d025048d37c0,1,2420.567164
2026/02/04/23:59:54,apply-time,rs-002353-dwt7h,e3420d16-d79e-4867-8476-2948806453f6,1,2420.567164
2026/02/04/23:59:54,running-time,rs-002353-dwt7h,e3420d16-d79e-4867-8476-2948806453f6,1,2420.567164
2026/02/04/23:59:54,running-time,rs-002354-hndl4,f2913f62-dadb-4f10-b063-d025048d37c0,1,2420.567164
2026/02/04/23:59:55,apply-time,rs-002355-fk2jk,b1fb7dfc-8798-4ad8-b44c-6bc52ecf1c5e,1,2421.567164
2026/02/04/23:59:55,running-time,rs-002355-fk2jk,b1fb7dfc-8798-4ad8-b44c-6bc52ecf1c5e,1,2421.567164
2026/02/04/23:59:55,apply-time,rs-002355-rqxt7,b606c3b4-139c-4bb8-8ea7-10fae3bc1e69,1,2421.567164
2026/02/04/23:59:55,running-time,rs-002355-rqxt7,b606c3b4-139c-4bb8-8ea7-10fae3bc1e69,1,2421.567164
2026/02/04/23:59:55,apply-time,rs-002356-h4jnv,79f9bfb7-9bd0-4bcd-90ee-7b88618dbce6,1,2421.567164
2026/02/04/23:59:55,running-time,rs-002356-h4jnv,79f9bfb7-9bd0-4bcd-90ee-7b88618dbce6,1,2421.567164
2026/02/04/23:59:55,apply-time,rs-002357-qglkf,3f60e4f6-e1f7-4c53-81e0-e3fda7e6f020,1,2421.567164
2026/02/04/23:59:55,running-time,rs-002357-qglkf,3f60e4f6-e1f7-4c53-81e0-e3fda7e6f020,1,2421.567164
2026/02/04/23:59:55,apply-time,rs-002358-q79qp,7e9999f1-ab44-474c-8b9c-b7c3e41819a0,1,2421.567164
2026/02/04/23:59:55,running-time,rs-002358-q79qp,7e9999f1-ab44-474c-8b9c-b7c3e41819a0,1,2421.567164
2026/02/04/23:59:55,apply-time,rs-002358-rr482,cbd6802b-f0b9-4cba-ad74-34c8398f07b6,1,2421.567164
2026/02/04/23:59:55,running-time,rs-002358-rr482,cbd6802b-f0b9-4cba-ad74-34c8398f07b6,1,2421.567164
2026/02/04/23:59:55,apply-time,rs-002359-v5t6l,3d6d8eba-f11a-4e0a-b6d8-2ee8c0fab5e3,1,2422.567164
2026/02/04/23:59:55,apply-time,rs-002360-7fgqx,1ae65d50-d633-499e-85cd-7b6973347610,1,2422.567164
2026/02/04/23:59:55,apply-time,rs-002360-p6mcv,5b23cc92-8943-4db9-b90d-307a41cdbb28,1,2422.567164
2026/02/04/23:59:55,apply-time,rs-002360-rf4v8,36af5cce-56fb-4ee0-92e6-68a087361a04,1,2422.567164
2026/02/04/23:59:55,apply-time,rs-002362-g4m57,352be6e3-b1ac-444a-a455-84457da1ff86,1,2422.567164
2026/02/04/23:59:56,apply-time,rs-002359-d4nhv,88172b62-2607-4766-8a04-6c01d104bdc4,1,2422.567164
2026/02/04/23:59:56,running-time,rs-002359-d4nhv,88172b62-2607-4766-8a04-6c01d104bdc4,1,2422.567164
2026/02/04/23:59:56,running-time,rs-002359-v5t6l,3d6d8eba-f11a-4e0a-b6d8-2ee8c0fab5e3,1,2422.567164
2026/02/04/23:59:56,running-time,rs-002360-7fgqx,1ae65d50-d633-499e-85cd-7b6973347610,1,2422.567164
2026/02/04/23:59:56,running-time,rs-002360-p6mcv,5b23cc92-8943-4db9-b90d-307a41cdbb28,1,2422.567164
2026/02/04/23:59:56,running-time,rs-002360-rf4v8,36af5cce-56fb-4ee0-92e6-68a087361a04,1,2422.567164
2026/02/04/23:59:56,apply-time,rs-002361-8cm2r,d8768a1f-c4c1-42dc-8f4f-7abff34449ad,1,2422.567164
2026/02/04/23:59:56,running-time,rs-002361-8cm2r,d8768a1f-c4c1-42dc-8f4f-7abff34449ad,1,2422.567164
2026/02/04/23:59:56,apply-time,rs-002361-fc4vt,fe830d07-f21b-4002-84c2-45c38137159c,1,2422.567164
2026/02/04/23:59:56,running-time,rs-002361-fc4vt,fe830d07-f21b-4002-84c2-45c38137159c,1,2422.567164
2026/02/04/23:59:56,running-time,rs-002362-g4m57,352be6e3-b1ac-444a-a455-84457da1ff86,1,2422.567164
2026/02/04/23:59:56,apply-time,rs-002362-x5n7z,7ab5acd2-1dc7-4317-a78a-cff18a088010,1,2422.567164
2026/02/04/23:59:56,running-time,rs-002362-x5n7z,7ab5acd2-1dc7-4317-a78a-cff18a088010,1,2422.567164
2026/02/04/23:59:56,apply-time,rs-002363-gtk9s,1d07e559-da2c-4fda-8581-bad9c80a4c79,1,2422.567164
2026/02/04/23:59:56,running-time,rs-002363-gtk9s,1d07e559-da2c-4fda-8581-bad9c80a4c79,1,2422.567164
2026/02/04/23:59:56,apply-time,rs-002364-2k9ls,e4f1f5f8-8625-4a3f-ba23-e2323745070d,1,2422.567164
2026/02/04/23:59:56,running-time,rs-002364-2k9ls,e4f1f5f8-8625-4a3f-ba23-e2323745070d,1,2422.567164
2026/02/04/23:59:56,apply-time,rs-002365-ztf7k,06e67812-3744-493d-9bd3-d59335ad6ca9,1,2422.567164
2026/02/04/23:59:56,apply-time,rs-002366-8jsd8,79da4f99-d376-413e-9b8b-ee59f7d63efd,1,2423.567164
2026/02/04/23:59:56,running-time,rs-002366-8jsd8,79da4f99-d376-413e-9b8b-ee59f7d63efd,1,2423.567164
2026/02/04/23:59:56,apply-time,rs-002367-vn54d,61206224-ec98-4ae2-8f2f-afc222535d5f,1,2423.567164
2026/02/04/23:59:56,running-time,rs-002367-vn54d,61206224-ec98-4ae2-8f2f-afc222535d5f,1,2423.567164
2026/02/04/23:59:56,apply-time,rs-002368-pjhpj,e43aa49e-1491-447e-b6e1-d86d6dad8a8b,1,2423.567164
2026/02/04/23:59:57,apply-time,rs-002364-5t2v7,759f3468-7970-4eae-8b63-4bb231a7f7f9,1,2423.567164
2026/02/04/23:59:57,running-time,rs-002364-5t2v7,759f3468-7970-4eae-8b63-4bb231a7f7f9,1,2423.567164
2026/02/04/23:59:57,apply-time,rs-002365-6gx2f,1a85c67d-9e60-49d6-97d6-6b5dd2e42889,1,2423.567164
2026/02/04/23:59:57,apply-time,rs-002365-hfv2n,59213ca0-1a8e-4266-8c13-2eea55b73e80,1,2423.567164
2026/02/04/23:59:57,apply-time,rs-002366-94rvj,d033f5ce-5087-4a3a-b331-17d75d25d66b,1,2423.567164
2026/02/04/23:59:57,running-time,rs-002366-94rvj,d033f5ce-5087-4a3a-b331-17d75d25d66b,1,2423.567164
2026/02/04/23:59:57,running-time,rs-002368-pjhpj,e43aa49e-1491-447e-b6e1-d86d6dad8a8b,1,2423.567164
2026/02/04/23:59:57,apply-time,rs-002369-kvglw,ae0c5ccb-565e-4b32-b5f3-7b56ebda9239,1,2423.567164
2026/02/04/23:59:57,running-time,rs-002369-kvglw,ae0c5ccb-565e-4b32-b5f3-7b56ebda9239,1,2423.567164
2026/02/05/00:00:00,apply-time,rs-002370-8924g,784a1ee6-b789-4c4f-913a-f6173ba74dbb,1,2426.567164
2026/02/05/00:00:00,running-time,rs-002370-8924g,784a1ee6-b789-4c4f-913a-f6173ba74dbb,1,2426.567164
2026/02/05/00:00:00,apply-time,rs-002371-5hn49,2796aecf-48ca-4c6c-861e-4aafcee589b5,1,2426.567164
2026/02/05/00:00:00,running-time,rs-002371-5hn49,2796aecf-48ca-4c6c-861e-4aafcee589b5,1,2426.567164
2026/02/05/00:00:00,apply-time,rs-002372-d6hkb,4af26223-af89-4a69-b173-3c2538aefaf8,1,2426.567164
2026/02/05/00:00:00,running-time,rs-002372-d6hkb,4af26223-af89-4a69-b173-3c2538aefaf8,1,2426.567164
2026/02/05/00:00:00,apply-time,rs-002372-v6j98,3a6fb5b8-80e0-4fcc-b014-aa278f919fa0,1,2426.567164
2026/02/05/00:00:00,running-time,rs-002372-v6j98,3a6fb5b8-80e0-4fcc-b014-aa278f919fa0,1,2426.567164
2026/02/05/00:00:00,apply-time,rs-002372-x4dqg,4573c845-78ac-42f6-bc2d-1f3d9ed23404,1,2426.567164
2026/02/05/00:00:00,running-time,rs-002372-x4dqg,4573c845-78ac-42f6-bc2d-1f3d9ed23404,1,2426.567164
2026/02/05/00:00:00,apply-time,rs-002373-pfgw6,ce9c0abd-0b74-4685-9a84-0b44cf09b526,1,2426.567164
2026/02/05/00:00:00,running-time,rs-002373-pfgw6,ce9c0abd-0b74-4685-9a84-0b44cf09b526,1,2426.567164
2026/02/05/00:00:00,apply-time,rs-002373-prlwv,391ac1fe-99f0-43e7-8564-eb3edc77310a,1,2426.567164
2026/02/05/00:00:00,running-time,rs-002373-prlwv,391ac1fe-99f0-43e7-8564-eb3edc77310a,1,2426.567164
2026/02/05/00:00:00,apply-time,rs-002373-rnhxp,573b9120-6bcb-4679-ba4e-85ea47e8eea2,1,2426.567164
2026/02/05/00:00:00,running-time,rs-002373-rnhxp,573b9120-6bcb-4679-ba4e-85ea47e8eea2,1,2426.567164
2026/02/05/00:00:00,apply-time,rs-002374-mw5rg,29fd8118-50c1-4dca-99b3-88cf0e956b55,1,2426.567164
2026/02/05/00:00:00,running-time,rs-002374-mw5rg,29fd8118-50c1-4dca-99b3-88cf0e956b55,1,2426.567164
2026/02/05/00:00:00,apply-time,rs-002374-pqxg2,7a2487ed-f412-473c-b549-f0f33346e7b5,1,2426.567164
2026/02/05/00:00:00,running-time,rs-002374-pqxg2,7a2487ed-f412-473c-b549-f0f33346e7b5,1,2426.567164
2026/02/05/00:00:00,apply-time,rs-002375-cmgg8,8f97ce6e-fb61-4d17-a085-b818eaba4540,1,2427.567164
2026/02/05/00:00:00,running-time,rs-002375-cmgg8,8f97ce6e-fb61-4d17-a085-b818eaba4540,1,2427.567164
2026/02/05/00:00:01,apply-time,rs-002375-mrz55,970868cb-33a1-4370-9ca3-5fcb92c99776,1,2427.567164
2026/02/05/00:00:01,running-time,rs-002375-mrz55,970868cb-33a1-4370-9ca3-5fcb92c99776,1,2427.567164
2026/02/05/00:00:01,apply-time,rs-002375-sqgd4,67d2e652-0eee-4e6d-9c9d-2cb5b8e03b0f,1,2427.567164
2026/02/05/00:00:01,running-time,rs-002375-sqgd4,67d2e652-0eee-4e6d-9c9d-2cb5b8e03b0f,1,2427.567164
2026/02/05/00:00:01,apply-time,rs-002376-h6q8h,1fe63b7c-a52c-48e5-9106-9f06f9dfec0a,1,2427.567164
2026/02/05/00:00:01,apply-time,rs-002376-r58l2,28ea3f19-90ea-48cf-abcc-70c21de1a55a,1,2427.567164
2026/02/05/00:00:01,apply-time,rs-002377-9756x,dd89f194-034f-4d63-b8c5-88b3d7c84af8,1,2427.567164
2026/02/05/00:00:01,running-time,rs-002377-9756x,dd89f194-034f-4d63-b8c5-88b3d7c84af8,1,2427.567164
2026/02/05/00:00:01,apply-time,rs-002377-d55jk,f535605e-c78e-4f22-841c-fdf59f59a06a,1,2427.567164
2026/02/05/00:00:01,running-time,rs-002377-d55jk,f535605e-c78e-4f22-841c-fdf59f59a06a,1,2427.567164
2026/02/05/00:00:01,apply-time,rs-002377-qm9bd,3d06b608-c20a-4d98-87ac-9ee7b080c16e,1,2427.567164
2026/02/05/00:00:01,running-time,rs-002377-qm9bd,3d06b608-c20a-4d98-87ac-9ee7b080c16e,1,2427.567164
2026/02/05/00:00:02,apply-time,rs-002378-79tz6,887e3cfb-6869-4874-8bda-f9a90cd34906,1,2428.567164
2026/02/05/00:00:02,running-time,rs-002378-79tz6,887e3cfb-6869-4874-8bda-f9a90cd34906,1,2428.567164
2026/02/05/00:00:02,apply-time,rs-002378-mwkhb,47843592-f9b7-4512-8275-231652f8a009,1,2428.567164
2026/02/05/00:00:02,running-time,rs-002378-mwkhb,47843592-f9b7-4512-8275-231652f8a009,1,2428.567164
2026/02/05/00:00:02,apply-time,rs-002378-twx2f,134c9740-aff0-4fdc-8682-f8e840763490,1,2428.567164
2026/02/05/00:00:02,running-time,rs-002378-twx2f,134c9740-aff0-4fdc-8682-f8e840763490,1,2428.567164
2026/02/05/00:00:04,apply-time,rs-002379-b756n,71cd740e-5982-433f-939e-82cb43be118a,1,2430.567164
2026/02/05/00:00:04,running-time,rs-002379-b756n,71cd740e-5982-433f-939e-82cb43be118a,1,2430.567164
2026/02/05/00:00:04,apply-time,rs-002380-clp6n,1800b8c2-9efd-4851-901d-d4b6f7deeb5c,1,2430.567164
2026/02/05/00:00:04,running-time,rs-002380-clp6n,1800b8c2-9efd-4851-901d-d4b6f7deeb5c,1,2430.567164
2026/02/05/00:00:04,apply-time,rs-002380-lxsl8,ffd2cb74-5bd4-454c-98b2-03992284c70a,1,2430.567164
2026/02/05/00:00:04,running-time,rs-002380-lxsl8,ffd2cb74-5bd4-454c-98b2-03992284c70a,1,2430.567164
2026/02/05/00:00:04,apply-time,rs-002381-5vmfz,f6b7edde-a767-498c-885a-9b9442c2d760,1,2430.567164
2026/02/05/00:00:04,running-time,rs-002381-5vmfz,f6b7edde-a767-498c-885a-9b9442c2d760,1,2430.567164
2026/02/05/00:00:04,apply-time,rs-002381-8qdxs,d562186f-3de2-4c47-80f8-a3db80ab1d94,1,2430.567164
2026/02/05/00:00:04,running-time,rs-002381-8qdxs,d562186f-3de2-4c47-80f8-a3db80ab1d94,1,2430.567164
2026/02/05/00:00:04,apply-time,rs-002382-ntw22,a626b170-f14a-4a96-ad83-7818f5a559aa,1,2430.567164
2026/02/05/00:00:04,running-time,rs-002382-ntw22,a626b170-f14a-4a96-ad83-7818f5a559aa,1,2430.567164
2026/02/05/00:00:04,apply-time,rs-002382-t6vww,c89195bc-6dd6-4df0-856c-57334cb01967,1,2430.567164
2026/02/05/00:00:04,running-time,rs-002382-t6vww,c89195bc-6dd6-4df0-856c-57334cb01967,1,2430.567164
2026/02/05/00:00:04,apply-time,rs-002382-w7tdc,4aac44c4-5dfd-4b48-90bf-f9c4275544d6,1,2430.567164
2026/02/05/00:00:04,apply-time,rs-002383-mxcrq,fcd1104b-467c-4a04-90a5-f2cf2c30996d,1,2430.567164
2026/02/05/00:00:04,running-time,rs-002383-mxcrq,fcd1104b-467c-4a04-90a5-f2cf2c30996d,1,2430.567164
2026/02/05/00:00:04,apply-time,rs-002383-p2p46,bddb7ee0-eee3-45b6-b7b7-b0ba7e454a54,1,2430.567164
2026/02/05/00:00:04,running-time,rs-002383-p2p46,bddb7ee0-eee3-45b6-b7b7-b0ba7e454a54,1,2430.567164
2026/02/05/00:00:04,apply-time,rs-002383-q8hrx,0ec00076-8cc1-48e1-8c4a-1fefb5cdfae9,1,2430.567164
2026/02/05/00:00:04,running-time,rs-002383-q8hrx,0ec00076-8cc1-48e1-8c4a-1fefb5cdfae9,1,2430.567164
2026/02/05/00:00:04,apply-time,rs-002384-xvjn5,64927668-0d49-411a-9704-9ca88a35200d,1,2431.567164
2026/02/05/00:00:04,running-time,rs-002384-xvjn5,64927668-0d49-411a-9704-9ca88a35200d,1,2431.567164
2026/02/05/00:00:04,apply-time,rs-002385-5qqxp,5712b094-7583-4092-9422-15827b0fdb5a,1,2430.567164
2026/02/05/00:00:04,running-time,rs-002385-5qqxp,5712b094-7583-4092-9422-15827b0fdb5a,1,2430.567164
2026/02/05/00:00:05,running-time,rs-002382-w7tdc,4aac44c4-5dfd-4b48-90bf-f9c4275544d6,1,2431.567164
2026/02/05/00:00:05,apply-time,rs-002384-8hf7v,486dbaa3-e3d0-42f1-845d-12301fee75f8,1,2431.567164
2026/02/05/00:00:05,running-time,rs-002384-8hf7v,486dbaa3-e3d0-42f1-845d-12301fee75f8,1,2431.567164
2026/02/05/00:00:05,apply-time,rs-002384-g9xjm,09737d88-e82c-44e9-9e7e-aefe2c4cba52,1,2431.567164
2026/02/05/00:00:05,running-time,rs-002384-g9xjm,09737d88-e82c-44e9-9e7e-aefe2c4cba52,1,2431.567164
2026/02/05/00:00:07,apply-time,rs-002386-qz6th,051e1693-450f-4b35-93cc-f503b69f8022,1,2433.567164
2026/02/05/00:00:07,running-time,rs-002386-qz6th,051e1693-450f-4b35-93cc-f503b69f8022,1,2433.567164
2026/02/05/00:00:07,apply-time,rs-002386-rj8nj,e7072ce4-83c6-46b5-9c50-c6cad42f866d,1,2433.567164
2026/02/05/00:00:07,running-time,rs-002386-rj8nj,e7072ce4-83c6-46b5-9c50-c6cad42f866d,1,2433.567164
2026/02/05/00:00:07,apply-time,rs-002387-c9dzq,bd880b93-9f2a-4d79-8936-732581449c9f,1,2433.567164
2026/02/05/00:00:07,running-time,rs-002387-c9dzq,bd880b93-9f2a-4d79-8936-732581449c9f,1,2433.567164
2026/02/05/00:00:07,apply-time,rs-002388-gmfcg,0c4952f5-6e09-4f21-bf04-c24c6049ee68,1,2433.567164
2026/02/05/00:00:07,running-time,rs-002388-gmfcg,0c4952f5-6e09-4f21-bf04-c24c6049ee68,1,2433.567164
2026/02/05/00:00:07,apply-time,rs-002388-lc5m5,ae0ddd15-bde0-40d9-9357-a546f95d489e,1,2433.567164
2026/02/05/00:00:07,running-time,rs-002388-lc5m5,ae0ddd15-bde0-40d9-9357-a546f95d489e,1,2433.567164
2026/02/05/00:00:07,apply-time,rs-002388-swzx2,b5d9aced-beea-4bba-9af1-5f2846aa8a9b,1,2433.567164
2026/02/05/00:00:07,running-time,rs-002388-swzx2,b5d9aced-beea-4bba-9af1-5f2846aa8a9b,1,2433.567164
2026/02/05/00:00:07,apply-time,rs-002389-t5hh2,8cc8a1ae-c315-4a6f-939e-f041c0890a63,1,2433.567164
2026/02/05/00:00:07,running-time,rs-002389-t5hh2,8cc8a1ae-c315-4a6f-939e-f041c0890a63,1,2433.567164
2026/02/05/00:00:07,apply-time,rs-002390-csj4m,5fbc982b-55d5-4a74-a3fe-961e5e30a154,1,2433.567164
2026/02/05/00:00:07,running-time,rs-002390-csj4m,5fbc982b-55d5-4a74-a3fe-961e5e30a154,1,2433.567164
2026/02/05/00:00:17,apply-time,rs-002391-46qrc,0b5159ad-d1f1-4d26-b993-4bcec1a9d772,1,2443.567164
2026/02/05/00:00:17,running-time,rs-002391-46qrc,0b5159ad-d1f1-4d26-b993-4bcec1a9d772,1,2443.567164
2026/02/05/00:00:17,apply-time,rs-002391-8zfcp,d0c6e8f6-1034-4d9a-8c67-e38acf41c8eb,1,2443.567164
2026/02/05/00:00:17,running-time,rs-002391-8zfcp,d0c6e8f6-1034-4d9a-8c67-e38acf41c8eb,1,2443.567164
2026/02/05/00:00:33,apply-time,rs-002392-d66b6,c0ca31fe-df9a-4d30-adb8-3ce7a0c627b9,1,2459.567164
2026/02/05/00:00:33,running-time,rs-002392-d66b6,c0ca31fe-df9a-4d30-adb8-3ce7a0c627b9,1,2459.567164
2026/02/05/00:00:33,apply-time,rs-002392-pxj69,1e618dcb-8359-4a1d-813b-e30a2ad0191d,1,2459.567164
2026/02/05/00:00:33,running-time,rs-002392-pxj69,1e618dcb-8359-4a1d-813b-e30a2ad0191d,1,2459.567164
2026/02/05/00:00:33,apply-time,rs-002392-wdgnx,cbfb16db-4d99-4e7a-8626-fccc0f49ebc8,1,2459.567164
2026/02/05/00:00:33,running-time,rs-002392-wdgnx,cbfb16db-4d99-4e7a-8626-fccc0f49ebc8,1,2459.567164
2026/02/05/00:00:33,apply-time,rs-002393-clgd6,0281f245-a74b-4059-b6a4-2fa432025ec3,1,2459.567164
2026/02/05/00:00:33,running-time,rs-002393-clgd6,0281f245-a74b-4059-b6a4-2fa432025ec3,1,2459.567164
2026/02/05/00:00:33,apply-time,rs-002393-fbh7b,ea90d5a8-ba06-4edc-87de-cc512ce3d23a,1,2459.567164
2026/02/05/00:00:33,running-time,rs-002393-fbh7b,ea90d5a8-ba06-4edc-87de-cc512ce3d23a,1,2459.567164
2026/02/05/00:00:33,apply-time,rs-002393-fgwm4,da03f5fe-0ac4-45aa-bcc8-7210d945ab1d,1,2459.567164
2026/02/05/00:00:33,running-time,rs-002393-fgwm4,da03f5fe-0ac4-45aa-bcc8-7210d945ab1d,1,2459.567164
2026/02/05/00:00:43,apply-time,rs-002394-4wvqr,23c439f3-52fe-41b2-8aef-df3ba9d1ce85,1,2469.567164
2026/02/05/00:00:43,running-time,rs-002394-4wvqr,23c439f3-52fe-41b2-8aef-df3ba9d1ce85,1,2469.567164
2026/02/05/00:00:43,apply-time,rs-002394-k4hsm,232a5354-cd30-4f55-aa97-ef8d36ab903a,1,2469.567164
2026/02/05/00:00:43,running-time,rs-002394-k4hsm,232a5354-cd30-4f55-aa97-ef8d36ab903a,1,2469.567164
2026/02/05/00:00:43,apply-time,rs-002395-c8xdt,7bc5bbd2-8f93-44bf-9b2d-8eb79af3c0c0,1,2469.567164
2026/02/05/00:00:43,running-time,rs-002395-c8xdt,7bc5bbd2-8f93-44bf-9b2d-8eb79af3c0c0,1,2469.567164
2026/02/05/00:00:43,apply-time,rs-002396-st2g9,5d2acc0c-b134-4c7c-9d92-0418af02b165,1,2469.567164
2026/02/05/00:00:43,running-time,rs-002396-st2g9,5d2acc0c-b134-4c7c-9d92-0418af02b165,1,2469.567164
2026/02/05/00:00:44,apply-time,rs-002397-7744z,dc5b4dc0-bf67-491e-8faa-7089cfce36a2,1,2470.567164
2026/02/05/00:00:44,running-time,rs-002397-7744z,dc5b4dc0-bf67-491e-8faa-7089cfce36a2,1,2470.567164
2026/02/05/00:00:44,apply-time,rs-002397-rthx7,9c765590-e720-423c-a7f0-bdfbbada4d3c,1,2470.567164
2026/02/05/00:00:44,running-time,rs-002397-rthx7,9c765590-e720-423c-a7f0-bdfbbada4d3c,1,2470.567164
2026/02/05/00:00:44,apply-time,rs-002397-tk2zl,1f2943f6-6121-4140-abb1-f42008b3801e,1,2470.567164
2026/02/05/00:00:44,running-time,rs-002397-tk2zl,1f2943f6-6121-4140-abb1-f42008b3801e,1,2470.567164
2026/02/05/00:00:44,apply-time,rs-002398-gndcv,fb0e364d-5bf0-4db2-aeaa-0865fba543f2,1,2470.567164
2026/02/05/00:00:44,running-time,rs-002398-gndcv,fb0e364d-5bf0-4db2-aeaa-0865fba543f2,1,2470.567164
2026/02/05/00:00:44,apply-time,rs-002398-t8427,9d5bce00-519c-4f2a-943d-80f1cf44a581,1,2470.567164
2026/02/05/00:00:44,running-time,rs-002398-t8427,9d5bce00-519c-4f2a-943d-80f1cf44a581,1,2470.567164
2026/02/05/00:00:44,apply-time,rs-002399-72mmz,f8257af8-a057-443d-b446-11f60ea010b5,1,2470.567164
2026/02/05/00:00:44,apply-time,rs-002399-7cdh9,a84623e0-0bc4-423f-9af2-793f0d6f3143,1,2470.567164
2026/02/05/00:00:44,apply-time,rs-002399-txc5g,380607a7-37be-4454-a3fa-0395e44bea64,1,2470.567164
2026/02/05/00:00:44,apply-time,rs-002400-gbjs4,4bc726df-185b-4606-a1dd-8784d8ec9bff,1,2470.567164
2026/02/05/00:00:44,running-time,rs-002400-gbjs4,4bc726df-185b-4606-a1dd-8784d8ec9bff,1,2470.567164
2026/02/05/00:00:44,apply-time,rs-002401-4lq58,6edb5e65-bd3b-4640-9202-151bfdcd92fa,1,2470.567164
2026/02/05/00:00:44,running-time,rs-002401-4lq58,6edb5e65-bd3b-4640-9202-151bfdcd92fa,1,2470.567164
2026/02/05/00:00:44,apply-time,rs-002401-pvj72,58e76c80-aded-4332-bb25-7c0b4f72234a,1,2470.567164
2026/02/05/00:00:44,running-time,rs-002401-pvj72,58e76c80-aded-4332-bb25-7c0b4f72234a,1,2470.567164
2026/02/05/00:00:44,apply-time,rs-002401-xnw8k,5d5e69ea-f007-4c9c-bc4d-028171fe4e98,1,2470.567164
2026/02/05/00:00:44,running-time,rs-002401-xnw8k,5d5e69ea-f007-4c9c-bc4d-028171fe4e98,1,2470.567164
2026/02/05/00:00:50,apply-time,rs-002393-59g95,b69ef8e5-b1aa-4296-bee8-eb40691d4274,1,2476.567164
2026/02/05/00:00:50,apply-time,rs-002398-ldf6b,f5777d51-1f8d-4b5e-9354-b64d3bb0046d,1,2476.567164
2026/02/05/00:00:50,running-time,rs-002398-ldf6b,f5777d51-1f8d-4b5e-9354-b64d3bb0046d,1,2476.567164
2026/02/05/00:00:50,running-time,rs-002399-72mmz,f8257af8-a057-443d-b446-11f60ea010b5,1,2476.567164
2026/02/05/00:00:50,running-time,rs-002399-7cdh9,a84623e0-0bc4-423f-9af2-793f0d6f3143,1,2476.567164
2026/02/05/00:00:50,running-time,rs-002399-txc5g,380607a7-37be-4454-a3fa-0395e44bea64,1,2476.567164
2026/02/05/00:00:52,running-time,rs-002393-59g95,b69ef8e5-b1aa-4296-bee8-eb40691d4274,1,2478.567164
2026/02/05/00:00:54,apply-time,rs-002402-8fnj9,13237740-5332-41eb-aeef-1c6a9a8f1ff3,1,2480.567164
2026/02/05/00:00:54,running-time,rs-002402-8fnj9,13237740-5332-41eb-aeef-1c6a9a8f1ff3,1,2480.567164
2026/02/05/00:00:54,apply-time,rs-002402-rsztx,cbaf863d-be23-45d7-8166-0281b7a29f32,1,2480.567164
2026/02/05/00:00:54,running-time,rs-002402-rsztx,cbaf863d-be23-45d7-8166-0281b7a29f32,1,2480.567164
2026/02/05/00:00:54,apply-time,rs-002403-9r5nc,7b08493d-2766-43ad-b0fa-6bc46b68d6a7,1,2480.567164
2026/02/05/00:00:54,running-time,rs-002403-9r5nc,7b08493d-2766-43ad-b0fa-6bc46b68d6a7,1,2480.567164
2026/02/05/00:00:54,apply-time,rs-002404-5q2gh,390bbe9c-3782-4a38-acb5-14fc3b890595,1,2480.567164
2026/02/05/00:00:54,running-time,rs-002404-5q2gh,390bbe9c-3782-4a38-acb5-14fc3b890595,1,2480.567164
2026/02/05/00:00:54,apply-time,rs-002404-pvql6,e5ee64c9-1d0b-4b10-ad69-8829ae8666cd,1,2480.567164
2026/02/05/00:00:54,running-time,rs-002404-pvql6,e5ee64c9-1d0b-4b10-ad69-8829ae8666cd,1,2480.567164
2026/02/05/00:00:54,apply-time,rs-002404-v6lkk,73310bb8-e0a5-4d0a-b2ee-a6fc27bf1ad9,1,2480.567164
2026/02/05/00:00:54,running-time,rs-002404-v6lkk,73310bb8-e0a5-4d0a-b2ee-a6fc27bf1ad9,1,2480.567164
2026/02/05/00:00:54,apply-time,rs-002405-jpcxq,f4abbbcb-aa2c-4a48-955d-0df59ab3be8d,1,2481.567164
2026/02/05/00:00:54,apply-time,rs-002405-mk2df,d8bc23c9-3771-4212-8029-39a2d0d7bb93,1,2481.567164
2026/02/05/00:00:54,apply-time,rs-002405-p6zpw,74dd7b68-8877-4822-a116-290dd10d7df0,1,2481.567164
2026/02/05/00:00:55,running-time,rs-002405-jpcxq,f4abbbcb-aa2c-4a48-955d-0df59ab3be8d,1,2481.567164
2026/02/05/00:00:55,running-time,rs-002405-mk2df,d8bc23c9-3771-4212-8029-39a2d0d7bb93,1,2481.567164
2026/02/05/00:00:55,running-time,rs-002405-p6zpw,74dd7b68-8877-4822-a116-290dd10d7df0,1,2481.567164
2026/02/05/00:00:56,apply-time,rs-002406-dfrwk,b6c2e2f9-0902-41fd-937a-4614b68fd07f,1,2483.567164
2026/02/05/00:00:56,running-time,rs-002406-dfrwk,b6c2e2f9-0902-41fd-937a-4614b68fd07f,1,2483.567164
2026/02/05/00:00:56,apply-time,rs-002406-g865q,90ebd92d-8873-447d-bc89-5119c01cf6b7,1,2483.567164
2026/02/05/00:00:56,running-time,rs-002406-g865q,90ebd92d-8873-447d-bc89-5119c01cf6b7,1,2483.567164
2026/02/05/00:00:56,apply-time,rs-002407-cdbbp,024c7897-3e44-4dc9-9d8a-0e1c3b10ad54,1,2483.567164
2026/02/05/00:00:56,running-time,rs-002407-cdbbp,024c7897-3e44-4dc9-9d8a-0e1c3b10ad54,1,2483.567164
2026/02/05/00:00:56,apply-time,rs-002407-dfkz2,99f5ffca-35bc-430d-9712-398a5a539d94,1,2483.567164
2026/02/05/00:00:56,running-time,rs-002407-dfkz2,99f5ffca-35bc-430d-9712-398a5a539d94,1,2483.567164
2026/02/05/00:00:56,apply-time,rs-002408-nmlqj,42f4f908-3557-412e-9b09-427e11c9e493,1,2483.567164
2026/02/05/00:00:56,running-time,rs-002408-nmlqj,42f4f908-3557-412e-9b09-427e11c9e493,1,2483.567164
2026/02/05/00:00:56,apply-time,rs-002409-pkw24,6dd70561-6f6d-40e6-8601-d9b8f445e058,1,2483.567164
2026/02/05/00:00:56,running-time,rs-002409-pkw24,6dd70561-6f6d-40e6-8601-d9b8f445e058,1,2483.567164
2026/02/05/00:00:56,apply-time,rs-002409-tsjlj,54fd0051-8453-4bd9-a28d-3def2ee6bcea,1,2483.567164
2026/02/05/00:00:56,running-time,rs-002409-tsjlj,54fd0051-8453-4bd9-a28d-3def2ee6bcea,1,2483.567164
2026/02/05/00:01:02,apply-time,rs-002410-7z9k7,5d99042f-46e1-4eb2-a5e6-5bb523694a4f,1,2489.567164
2026/02/05/00:01:02,running-time,rs-002410-7z9k7,5d99042f-46e1-4eb2-a5e6-5bb523694a4f,1,2489.567164
2026/02/05/00:01:02,apply-time,rs-002411-729mm,8e5a8fe3-ff9e-4990-92a2-d862c519f28b,1,2489.567164
2026/02/05/00:01:02,running-time,rs-002411-729mm,8e5a8fe3-ff9e-4990-92a2-d862c519f28b,1,2489.567164
2026/02/05/00:01:02,apply-time,rs-002411-r75dd,b741455c-309f-4fc0-8f63-b1e20a65c770,1,2489.567164
2026/02/05/00:01:02,running-time,rs-002411-r75dd,b741455c-309f-4fc0-8f63-b1e20a65c770,1,2489.567164
2026/02/05/00:01:02,apply-time,rs-002412-9g92w,731695d9-aeef-41e4-abe1-f0c4dbe05927,1,2489.567164
2026/02/05/00:01:02,running-time,rs-002412-9g92w,731695d9-aeef-41e4-abe1-f0c4dbe05927,1,2489.567164
2026/02/05/00:01:02,apply-time,rs-002413-k6q58,408bf7b2-ad88-494c-baed-93e7fd7c2713,1,2489.567164
2026/02/05/00:01:02,apply-time,rs-002414-qppcs,a6f43238-01cc-41a0-95dc-035d76ebd56a,1,2489.567164
2026/02/05/00:01:03,running-time,rs-002413-k6q58,408bf7b2-ad88-494c-baed-93e7fd7c2713,1,2489.567164
2026/02/05/00:01:03,running-time,rs-002414-qppcs,a6f43238-01cc-41a0-95dc-035d76ebd56a,1,2489.567164
2026/02/05/00:01:03,apply-time,rs-002415-4jrb7,77a855f5-ba0f-4845-8e80-d4152b40da8e,1,2489.567164
2026/02/05/00:01:03,running-time,rs-002415-4jrb7,77a855f5-ba0f-4845-8e80-d4152b40da8e,1,2489.567164
2026/02/05/00:01:15,apply-time,rs-002416-k4plb,7bd43bed-b3dd-4b2a-9d87-1704eb9ba82e,1,2501.567164
2026/02/05/00:01:15,running-time,rs-002416-k4plb,7bd43bed-b3dd-4b2a-9d87-1704eb9ba82e,1,2501.567164
2026/02/05/00:01:15,apply-time,rs-002416-vdlm9,8ca82723-1586-4510-b0ca-83a223620345,1,2501.567164
2026/02/05/00:01:15,running-time,rs-002416-vdlm9,8ca82723-1586-4510-b0ca-83a223620345,1,2501.567164
2026/02/05/00:01:15,apply-time,rs-002417-cp2lb,74e2c62d-8369-4255-9495-65a3070837ae,1,2502.567164
2026/02/05/00:01:15,running-time,rs-002417-cp2lb,74e2c62d-8369-4255-9495-65a3070837ae,1,2502.567164
2026/02/05/00:01:15,apply-time,rs-002418-rmc4x,f8bae4f6-6c9f-4538-b74b-f6bae195998a,1,2502.567164
2026/02/05/00:01:15,running-time,rs-002418-rmc4x,f8bae4f6-6c9f-4538-b74b-f6bae195998a,1,2502.567164
2026/02/05/00:01:15,apply-time,rs-002419-8nbpb,f90c9e20-9bea-439b-8b24-4474c99fac63,1,2502.567164
2026/02/05/00:01:15,running-time,rs-002419-8nbpb,f90c9e20-9bea-439b-8b24-4474c99fac63,1,2502.567164
2026/02/05/00:01:15,apply-time,rs-002420-77fzd,bb8e9eec-fa36-4de9-b3ae-8e96584e6261,1,2502.567164
2026/02/05/00:01:15,running-time,rs-002420-77fzd,bb8e9eec-fa36-4de9-b3ae-8e96584e6261,1,2502.567164
2026/02/05/00:01:15,apply-time,rs-002420-lmn5l,d611cf61-091a-4100-9acf-f6ed8cc48b04,1,2502.567164
2026/02/05/00:01:15,running-time,rs-002420-lmn5l,d611cf61-091a-4100-9acf-f6ed8cc48b04,1,2502.567164
2026/02/05/00:01:16,apply-time,rs-002421-9hknv,dbb0a9be-a3c0-4f71-89ee-f9226065f722,1,2502.567164
2026/02/05/00:01:16,running-time,rs-002421-9hknv,dbb0a9be-a3c0-4f71-89ee-f9226065f722,1,2502.567164
2026/02/05/00:01:16,apply-time,rs-002421-mfl8p,9e012dc9-d23c-4ba0-a723-55347554c7e5,1,2502.567164
2026/02/05/00:01:16,running-time,rs-002421-mfl8p,9e012dc9-d23c-4ba0-a723-55347554c7e5,1,2502.567164
2026/02/05/00:01:16,apply-time,rs-002421-t44rn,45ad3e3b-82f8-4bd9-ae17-ea77b09dd323,1,2502.567164
2026/02/05/00:01:16,running-time,rs-002421-t44rn,45ad3e3b-82f8-4bd9-ae17-ea77b09dd323,1,2502.567164
2026/02/05/00:01:16,apply-time,rs-002422-24bq9,82f6ca64-47ed-4d99-b80b-73b8c8664d67,1,2502.567164
2026/02/05/00:01:16,running-time,rs-002422-24bq9,82f6ca64-47ed-4d99-b80b-73b8c8664d67,1,2502.567164
2026/02/05/00:01:16,apply-time,rs-002423-c9vq5,7e9726ee-fb8c-4c54-9d22-29548f2a23a7,1,2502.567164
2026/02/05/00:01:16,running-time,rs-002423-c9vq5,7e9726ee-fb8c-4c54-9d22-29548f2a23a7,1,2502.567164
2026/02/05/00:01:16,apply-time,rs-002423-cptz5,1b431d66-5e9c-4a74-8b9e-02247fec5980,1,2502.567164
2026/02/05/00:01:16,running-time,rs-002423-cptz5,1b431d66-5e9c-4a74-8b9e-02247fec5980,1,2502.567164
2026/02/05/00:01:16,apply-time,rs-002424-j68w6,ab802e01-3f1c-4fdc-afab-61494b3ead2c,1,2502.567164
2026/02/05/00:01:16,running-time,rs-002424-j68w6,ab802e01-3f1c-4fdc-afab-61494b3ead2c,1,2503.567164
2026/02/05/00:01:16,apply-time,rs-002424-mms7g,751d456b-00ac-4c26-9ab8-e7c429eba671,1,2502.567164
2026/02/05/00:01:16,running-time,rs-002424-mms7g,751d456b-00ac-4c26-9ab8-e7c429eba671,1,2502.567164
2026/02/05/00:01:17,apply-time,rs-002425-xbdzs,34407948-cd28-41a0-80ef-55280137cc31,1,2503.567164
2026/02/05/00:01:17,running-time,rs-002425-xbdzs,34407948-cd28-41a0-80ef-55280137cc31,1,2503.567164
2026/02/05/00:01:22,apply-time,rs-002426-dc6gl,c288c719-4af4-4089-a363-ae7360865551,1,2508.567164
2026/02/05/00:01:22,running-time,rs-002426-dc6gl,c288c719-4af4-4089-a363-ae7360865551,1,2508.567164
2026/02/05/00:01:22,apply-time,rs-002426-j4l4q,8df5a819-5aaf-4822-808f-c5cd7366d6b7,1,2508.567164
2026/02/05/00:01:22,running-time,rs-002426-j4l4q,8df5a819-5aaf-4822-808f-c5cd7366d6b7,1,2508.567164
2026/02/05/00:01:27,apply-time,rs-002427-86k4x,5c00a1ba-bdb1-477a-8861-9a40ebf9c37e,1,2513.567164
2026/02/05/00:01:27,running-time,rs-002427-86k4x,5c00a1ba-bdb1-477a-8861-9a40ebf9c37e,1,2514.567164
2026/02/05/00:01:27,apply-time,rs-002427-9n4b8,f8bbd1b5-428a-4ce5-81f7-81bcf3b979fe,1,2513.567164
2026/02/05/00:01:27,running-time,rs-002427-9n4b8,f8bbd1b5-428a-4ce5-81f7-81bcf3b979fe,1,2514.567164
2026/02/05/00:01:27,apply-time,rs-002427-rbkcs,2f234902-701e-4070-9c96-cf5caec7b71c,1,2513.567164
2026/02/05/00:01:27,running-time,rs-002427-rbkcs,2f234902-701e-4070-9c96-cf5caec7b71c,1,2514.567164
2026/02/05/00:01:27,apply-time,rs-002428-cc8cq,a67f97dd-7fa7-42fc-b81e-ef3cd3dbb12f,1,2514.567164
2026/02/05/00:01:27,running-time,rs-002428-cc8cq,a67f97dd-7fa7-42fc-b81e-ef3cd3dbb12f,1,2514.567164
2026/02/05/00:01:27,apply-time,rs-002428-f5x29,29e51526-fd9e-477d-90cb-e285bd232424,1,2514.567164
2026/02/05/00:01:27,running-time,rs-002428-f5x29,29e51526-fd9e-477d-90cb-e285bd232424,1,2514.567164
2026/02/05/00:01:27,apply-time,rs-002429-lv5gv,7c7a857a-498c-454e-9369-d212076ab201,1,2514.567164
2026/02/05/00:01:27,running-time,rs-002429-lv5gv,7c7a857a-498c-454e-9369-d212076ab201,1,2514.567164
2026/02/05/00:01:40,apply-time,rs-002430-qg7ct,ac740e77-4061-4d38-a89a-6cf68f6d2aab,1,2526.567164
2026/02/05/00:01:40,running-time,rs-002430-qg7ct,ac740e77-4061-4d38-a89a-6cf68f6d2aab,1,2526.567164
2026/02/05/00:01:40,apply-time,rs-002431-2wjwt,d74f0e88-60ad-4663-934f-b76e52c43b0b,1,2526.567164
2026/02/05/00:01:40,running-time,rs-002431-2wjwt,d74f0e88-60ad-4663-934f-b76e52c43b0b,1,2526.567164
2026/02/05/00:01:40,apply-time,rs-002432-c4snw,64fa32c7-f6be-47f6-9c68-74c52d9107c8,1,2526.567164
2026/02/05/00:01:40,running-time,rs-002432-c4snw,64fa32c7-f6be-47f6-9c68-74c52d9107c8,1,2526.567164
2026/02/05/00:01:40,apply-time,rs-002432-dmwkf,f1abad4c-3251-43f0-bcb9-7235ca9a9ecd,1,2526.567164
2026/02/05/00:01:40,running-time,rs-002432-dmwkf,f1abad4c-3251-43f0-bcb9-7235ca9a9ecd,1,2526.567164
2026/02/05/00:01:40,apply-time,rs-002432-mwp4m,750d7f18-7bfa-45e6-bcdf-97182547d10e,1,2526.567164
2026/02/05/00:01:40,running-time,rs-002432-mwp4m,750d7f18-7bfa-45e6-bcdf-97182547d10e,1,2526.567164
2026/02/05/00:01:40,apply-time,rs-002433-glqnt,3edca9ad-20d7-4962-8cd2-fb588c8d0c2c,1,2526.567164
2026/02/05/00:01:40,running-time,rs-002433-glqnt,3edca9ad-20d7-4962-8cd2-fb588c8d0c2c,1,2526.567164
2026/02/05/00:01:40,apply-time,rs-002433-ssfpz,0d24de32-40b1-4b11-b432-061b182bae4f,1,2526.567164
2026/02/05/00:01:40,running-time,rs-002433-ssfpz,0d24de32-40b1-4b11-b432-061b182bae4f,1,2526.567164
2026/02/05/00:01:40,apply-time,rs-002434-2fp9d,3821b110-0b0d-46f2-83da-a06f1e8afb25,1,2526.567164
2026/02/05/00:01:40,running-time,rs-002434-2fp9d,3821b110-0b0d-46f2-83da-a06f1e8afb25,1,2527.567164
2026/02/05/00:01:40,apply-time,rs-002434-v7pnh,ec40bb70-fe1f-4868-a2b2-e429aca9501b,1,2526.567164
2026/02/05/00:01:40,running-time,rs-002434-v7pnh,ec40bb70-fe1f-4868-a2b2-e429aca9501b,1,2527.567164
2026/02/05/00:01:45,apply-time,rs-002435-9x9cn,f60f52f7-07b0-4c4d-a9a5-b3e521e21dd3,1,2531.567164
2026/02/05/00:01:45,running-time,rs-002435-9x9cn,f60f52f7-07b0-4c4d-a9a5-b3e521e21dd3,1,2531.567164
2026/02/05/00:01:45,apply-time,rs-002435-cn8cz,1da01b95-2bb0-449f-81db-02a4b735ea3d,1,2531.567164
2026/02/05/00:01:45,running-time,rs-002435-cn8cz,1da01b95-2bb0-449f-81db-02a4b735ea3d,1,2531.567164
2026/02/05/00:01:45,apply-time,rs-002436-g5w6p,5eb8883a-e986-402c-9860-3603eb49b09d,1,2531.567164
2026/02/05/00:01:45,running-time,rs-002436-g5w6p,5eb8883a-e986-402c-9860-3603eb49b09d,1,2531.567164
2026/02/05/00:01:45,apply-time,rs-002437-6j8sl,506e0725-e993-4f2c-b0ee-90df9fd064bd,1,2531.567164
2026/02/05/00:01:45,running-time,rs-002437-6j8sl,506e0725-e993-4f2c-b0ee-90df9fd064bd,1,2531.567164
2026/02/05/00:01:45,apply-time,rs-002437-bz8xg,e9b8782a-f2b4-4ba2-8b81-9da14fe0d644,1,2531.567164
2026/02/05/00:01:45,running-time,rs-002437-bz8xg,e9b8782a-f2b4-4ba2-8b81-9da14fe0d644,1,2531.567164
2026/02/05/00:01:45,apply-time,rs-002437-wmjg2,e2582a51-3bc0-4ac1-87ac-67381987e8ea,1,2531.567164
2026/02/05/00:01:45,running-time,rs-002437-wmjg2,e2582a51-3bc0-4ac1-87ac-67381987e8ea,1,2531.567164
2026/02/05/00:01:45,apply-time,rs-002438-cvmz8,e83bec2f-176e-4d0b-9798-14c9f0aca528,1,2531.567164
2026/02/05/00:01:45,running-time,rs-002438-cvmz8,e83bec2f-176e-4d0b-9798-14c9f0aca528,1,2531.567164
2026/02/05/00:01:45,apply-time,rs-002438-dhbqb,4b47c96a-fee8-4391-8ab6-6d2e184f62a8,1,2531.567164
2026/02/05/00:01:45,running-time,rs-002438-dhbqb,4b47c96a-fee8-4391-8ab6-6d2e184f62a8,1,2531.567164
2026/02/05/00:01:45,apply-time,rs-002438-mfz4x,3163f66e-9d7a-4b71-aa42-9c344b91490a,1,2531.567164
2026/02/05/00:01:45,running-time,rs-002438-mfz4x,3163f66e-9d7a-4b71-aa42-9c344b91490a,1,2531.567164
2026/02/05/00:01:45,apply-time,rs-002439-g5c75,5fc9278a-705d-42d3-88a4-77c945423b83,1,2531.567164
2026/02/05/00:01:45,running-time,rs-002439-g5c75,5fc9278a-705d-42d3-88a4-77c945423b83,1,2531.567164
2026/02/05/00:01:45,apply-time,rs-002440-7m9t6,16632b13-6bbb-4370-b2f3-2126f82c8820,1,2532.567164
2026/02/05/00:01:45,running-time,rs-002440-7m9t6,16632b13-6bbb-4370-b2f3-2126f82c8820,1,2532.567164
2026/02/05/00:01:45,apply-time,rs-002440-b8q2s,b902ee2f-3637-4080-a30a-5503d1606519,1,2532.567164
2026/02/05/00:01:45,running-time,rs-002440-b8q2s,b902ee2f-3637-4080-a30a-5503d1606519,1,2532.567164
2026/02/05/00:01:45,apply-time,rs-002440-tlswc,373e080e-8187-42f0-b150-b70ef2c666d5,1,2532.567164
2026/02/05/00:01:45,running-time,rs-002440-tlswc,373e080e-8187-42f0-b150-b70ef2c666d5,1,2532.567164
2026/02/05/00:01:45,apply-time,rs-002441-69bcp,276b17ee-c99b-433b-bb87-882b7f05b658,1,2532.567164
2026/02/05/00:01:45,running-time,rs-002441-69bcp,276b17ee-c99b-433b-bb87-882b7f05b658,1,2532.567164
2026/02/05/00:01:46,apply-time,rs-002442-9tr2q,ff462a72-4d20-4a6c-913d-f58401f52fd1,1,2532.567164
2026/02/05/00:01:46,running-time,rs-002442-9tr2q,ff462a72-4d20-4a6c-913d-f58401f52fd1,1,2532.567164
2026/02/05/00:01:46,apply-time,rs-002442-q5cfv,4002e652-9bd2-46e3-a8a8-9433ec957255,1,2532.567164
2026/02/05/00:01:46,running-time,rs-002442-q5cfv,4002e652-9bd2-46e3-a8a8-9433ec957255,1,2532.567164
2026/02/05/00:01:46,apply-time,rs-002442-wp895,ddb6401b-d243-4ef4-af46-08d96a1592ea,1,2532.567164
2026/02/05/00:01:46,running-time,rs-002442-wp895,ddb6401b-d243-4ef4-af46-08d96a1592ea,1,2533.567164
2026/02/05/00:01:46,apply-time,rs-002443-2m4qk,dde7dd23-da15-4f32-8edc-d6b5ca1ddb81,1,2533.567164
2026/02/05/00:01:46,running-time,rs-002443-2m4qk,dde7dd23-da15-4f32-8edc-d6b5ca1ddb81,1,2533.567164
2026/02/05/00:01:46,apply-time,rs-002443-72m4s,a8a54400-da70-4413-a8d8-bfee7c082aa4,1,2533.567164
2026/02/05/00:01:46,running-time,rs-002443-72m4s,a8a54400-da70-4413-a8d8-bfee7c082aa4,1,2533.567164
2026/02/05/00:01:46,apply-time,rs-002443-kpwcn,f60b9e7d-5192-41f4-965c-3becd27d056e,1,2532.567164
2026/02/05/00:01:46,running-time,rs-002443-kpwcn,f60b9e7d-5192-41f4-965c-3becd27d056e,1,2532.567164
2026/02/05/00:01:46,apply-time,rs-002444-j25gt,4430da0b-955a-41c4-ada9-3f348c871938,1,2533.567164
2026/02/05/00:01:46,running-time,rs-002444-j25gt,4430da0b-955a-41c4-ada9-3f348c871938,1,2533.567164
2026/02/05/00:01:46,apply-time,rs-002445-4jwv7,2da6e898-28de-4f07-acc8-cdf3e3aa3927,1,2533.567164
2026/02/05/00:01:46,running-time,rs-002445-4jwv7,2da6e898-28de-4f07-acc8-cdf3e3aa3927,1,2533.567164
2026/02/05/00:01:46,apply-time,rs-002446-hm8zv,37d28248-de0b-40c3-85fd-31e2c351f398,1,2533.567164
2026/02/05/00:01:46,running-time,rs-002446-hm8zv,37d28248-de0b-40c3-85fd-31e2c351f398,1,2533.567164
2026/02/05/00:01:47,apply-time,rs-002445-79rqh,ef79b6b6-7992-4208-a19a-2e491242f96b,1,2533.567164
2026/02/05/00:01:47,running-time,rs-002445-79rqh,ef79b6b6-7992-4208-a19a-2e491242f96b,1,2533.567164
2026/02/05/00:01:47,apply-time,rs-002445-cswn5,3804f98e-96fe-4283-9c4a-0397f4bd0a80,1,2533.567164
2026/02/05/00:01:47,running-time,rs-002445-cswn5,3804f98e-96fe-4283-9c4a-0397f4bd0a80,1,2533.567164
2026/02/05/00:01:47,apply-time,rs-002446-vxsv6,27d242c5-c405-42d5-960d-ad64531d6597,1,2533.567164
2026/02/05/00:01:47,running-time,rs-002446-vxsv6,27d242c5-c405-42d5-960d-ad64531d6597,1,2533.567164
2026/02/05/00:01:47,apply-time,rs-002447-495n4,5599c1f3-0330-4a41-bd0a-682028b1885d,1,2534.567164
2026/02/05/00:01:47,running-time,rs-002447-495n4,5599c1f3-0330-4a41-bd0a-682028b1885d,1,2534.567164
2026/02/05/00:01:47,apply-time,rs-002447-rfth8,5736c13f-f67f-43b4-ae31-581de1e647b2,1,2533.567164
2026/02/05/00:01:47,running-time,rs-002447-rfth8,5736c13f-f67f-43b4-ae31-581de1e647b2,1,2533.567164
2026/02/05/00:01:47,apply-time,rs-002447-zxq29,3e7b3ea0-6f79-4b51-82a1-2ebe828b340f,1,2533.567164
2026/02/05/00:01:47,running-time,rs-002447-zxq29,3e7b3ea0-6f79-4b51-82a1-2ebe828b340f,1,2534.567164
2026/02/05/00:01:47,apply-time,rs-002448-q59xc,6ac15703-3246-4b18-a15f-8f2b24465a98,1,2534.567164
2026/02/05/00:01:47,running-time,rs-002448-q59xc,6ac15703-3246-4b18-a15f-8f2b24465a98,1,2534.567164
2026/02/05/00:01:47,apply-time,rs-002449-7krgz,45901f78-b863-474d-ac61-c2329e7b3682,1,2533.567164
2026/02/05/00:01:47,running-time,rs-002449-7krgz,45901f78-b863-474d-ac61-c2329e7b3682,1,2533.567164
2026/02/05/00:01:47,apply-time,rs-002450-5zxk7,150c5db3-d805-47a1-ba7f-78629590dd2c,1,2534.567164
2026/02/05/00:01:47,running-time,rs-002450-5zxk7,150c5db3-d805-47a1-ba7f-78629590dd2c,1,2534.567164
2026/02/05/00:01:48,apply-time,rs-002448-2fn2j,852f2b86-ed5e-4917-a44b-2bac9b19cd96,1,2534.567164
2026/02/05/00:01:48,running-time,rs-002448-2fn2j,852f2b86-ed5e-4917-a44b-2bac9b19cd96,1,2534.567164
2026/02/05/00:01:48,apply-time,rs-002448-dnh52,a40ccbb4-13f0-4d38-bebd-ae1cdbaf473a,1,2534.567164
2026/02/05/00:01:48,running-time,rs-002448-dnh52,a40ccbb4-13f0-4d38-bebd-ae1cdbaf473a,1,2534.567164
2026/02/05/00:01:48,apply-time,rs-002452-245zm,ddc77f32-78eb-4537-8765-49b62831210a,1,2535.567164
2026/02/05/00:01:49,apply-time,rs-002451-tcdgh,735a4bad-0c3d-4d36-96af-09796433bb3a,1,2535.567164
2026/02/05/00:01:49,running-time,rs-002451-tcdgh,735a4bad-0c3d-4d36-96af-09796433bb3a,1,2535.567164
2026/02/05/00:01:49,running-time,rs-002452-245zm,ddc77f32-78eb-4537-8765-49b62831210a,1,2535.567164
2026/02/05/00:01:49,apply-time,rs-002452-d8kfd,8753cbf2-befd-4607-b7c5-42fd144582d9,1,2535.567164
2026/02/05/00:01:49,running-time,rs-002452-d8kfd,8753cbf2-befd-4607-b7c5-42fd144582d9,1,2535.567164
2026/02/05/00:01:49,apply-time,rs-002452-skl7g,7a6e1048-f269-40e5-9387-b4873fb84023,1,2535.567164
2026/02/05/00:01:49,running-time,rs-002452-skl7g,7a6e1048-f269-40e5-9387-b4873fb84023,1,2535.567164
2026/02/05/00:01:49,apply-time,rs-002453-fxjfq,dd17ec63-c1fc-44b4-842a-c28c7436c658,1,2536.567164
2026/02/05/00:01:49,running-time,rs-002453-fxjfq,dd17ec63-c1fc-44b4-842a-c28c7436c658,1,2536.567164
2026/02/05/00:01:49,apply-time,rs-002453-vvtkc,426a3f6e-76e4-448c-9290-fbc643006683,1,2535.567164
2026/02/05/00:01:49,running-time,rs-002453-vvtkc,426a3f6e-76e4-448c-9290-fbc643006683,1,2535.567164
2026/02/05/00:01:49,apply-time,rs-002454-h5p25,f1713c1d-c954-4792-8e25-ca26c61281c8,1,2536.567164
2026/02/05/00:01:49,running-time,rs-002454-h5p25,f1713c1d-c954-4792-8e25-ca26c61281c8,1,2536.567164
2026/02/05/00:01:49,apply-time,rs-002455-khnxn,703c9b77-395b-4c73-8f6a-c3f7b4d08431,1,2536.567164
2026/02/05/00:01:49,running-time,rs-002455-khnxn,703c9b77-395b-4c73-8f6a-c3f7b4d08431,1,2536.567164
2026/02/05/00:01:49,apply-time,rs-002456-t5zn4,a0e26971-4796-48b6-85a2-3a1e89ba1d61,1,2536.567164
2026/02/05/00:01:49,running-time,rs-002456-t5zn4,a0e26971-4796-48b6-85a2-3a1e89ba1d61,1,2536.567164
2026/02/05/00:01:50,apply-time,rs-002454-bljxd,c5aae5d8-4fd4-4c4c-9c7c-bfd2a905394a,1,2536.567164
2026/02/05/00:01:50,running-time,rs-002454-bljxd,c5aae5d8-4fd4-4c4c-9c7c-bfd2a905394a,1,2536.567164
2026/02/05/00:01:50,apply-time,rs-002455-2rj4x,e34df730-cca8-47e5-aa6a-a424bfba1ba4,1,2536.567164
2026/02/05/00:01:50,apply-time,rs-002455-5mkz9,66a08172-48cc-4e15-ac6a-b48d42601997,1,2536.567164
2026/02/05/00:01:50,running-time,rs-002455-5mkz9,66a08172-48cc-4e15-ac6a-b48d42601997,1,2536.567164
2026/02/05/00:01:55,apply-time,rs-002457-j65b8,015988de-d6a0-4540-8b88-2c01fd26198f,1,2542.567164
2026/02/05/00:01:55,running-time,rs-002457-j65b8,015988de-d6a0-4540-8b88-2c01fd26198f,1,2542.567164
2026/02/05/00:01:55,apply-time,rs-002457-prxdh,b4d38227-b534-4728-8951-11de56449f7b,1,2542.567164
2026/02/05/00:01:55,running-time,rs-002457-prxdh,b4d38227-b534-4728-8951-11de56449f7b,1,2542.567164
2026/02/05/00:01:55,apply-time,rs-002457-zb2rz,7ca098a3-f9af-41a6-8f6f-5539211528f2,1,2542.567164
2026/02/05/00:01:55,running-time,rs-002457-zb2rz,7ca098a3-f9af-41a6-8f6f-5539211528f2,1,2542.567164
2026/02/05/00:01:55,apply-time,rs-002458-2h2dw,d7eb480a-9aae-4890-86e1-128dc47ad132,1,2542.567164
2026/02/05/00:01:55,running-time,rs-002458-2h2dw,d7eb480a-9aae-4890-86e1-128dc47ad132,1,2542.567164
2026/02/05/00:01:55,apply-time,rs-002458-psvn6,937ba61d-e4e4-4acf-9677-9de9aaa7054d,1,2542.567164
2026/02/05/00:01:55,running-time,rs-002458-psvn6,937ba61d-e4e4-4acf-9677-9de9aaa7054d,1,2542.567164
2026/02/05/00:01:55,apply-time,rs-002458-pvw6c,7395df95-6f1d-494d-adee-6609a41da748,1,2542.567164
2026/02/05/00:01:55,running-time,rs-002458-pvw6c,7395df95-6f1d-494d-adee-6609a41da748,1,2542.567164
2026/02/05/00:01:56,apply-time,rs-002459-42zd8,ebbc5b92-dc59-45a1-b8e6-63000b47ec68,1,2542.567164
2026/02/05/00:01:56,running-time,rs-002459-42zd8,ebbc5b92-dc59-45a1-b8e6-63000b47ec68,1,2542.567164
2026/02/05/00:01:56,apply-time,rs-002459-g66rd,52d7d63b-c69e-4944-a5f7-f1b08a242769,1,2542.567164
2026/02/05/00:01:56,running-time,rs-002459-g66rd,52d7d63b-c69e-4944-a5f7-f1b08a242769,1,2542.567164
2026/02/05/00:01:56,apply-time,rs-002459-mhq9h,7e9e01b5-8135-464f-b76b-07ee7b23a086,1,2542.567164
2026/02/05/00:01:56,running-time,rs-002459-mhq9h,7e9e01b5-8135-464f-b76b-07ee7b23a086,1,2542.567164
2026/02/05/00:01:56,apply-time,rs-002460-46lqn,13f4f886-f7fe-468d-b3e5-54380ae49892,1,2542.567164
2026/02/05/00:01:56,running-time,rs-002460-46lqn,13f4f886-f7fe-468d-b3e5-54380ae49892,1,2542.567164
2026/02/05/00:01:56,apply-time,rs-002461-rc6zv,7440cd8b-f9c2-4cfd-a6d6-0de7dab63fa2,1,2542.567164
2026/02/05/00:01:56,running-time,rs-002461-rc6zv,7440cd8b-f9c2-4cfd-a6d6-0de7dab63fa2,1,2542.567164
2026/02/05/00:01:56,apply-time,rs-002462-9nd8j,9dbe37a6-cd72-44e1-acb5-088af99121d2,1,2542.567164
2026/02/05/00:01:56,running-time,rs-002462-9nd8j,9dbe37a6-cd72-44e1-acb5-088af99121d2,1,2542.567164
2026/02/05/00:01:56,apply-time,rs-002463-d4c2t,9cc867d0-07b3-434f-8753-fa6a02ba33d5,1,2542.567164
2026/02/05/00:01:56,running-time,rs-002463-d4c2t,9cc867d0-07b3-434f-8753-fa6a02ba33d5,1,2542.567164
2026/02/05/00:01:56,apply-time,rs-002464-jbrq4,724480d9-2c7c-429e-89bd-e6bb26d1b1f8,1,2543.567164
2026/02/05/00:01:56,running-time,rs-002464-jbrq4,724480d9-2c7c-429e-89bd-e6bb26d1b1f8,1,2543.567164
2026/02/05/00:01:56,apply-time,rs-002464-rlrz4,7b5e4871-b08d-4875-aa8e-3b01795c4329,1,2542.567164
2026/02/05/00:01:56,running-time,rs-002464-rlrz4,7b5e4871-b08d-4875-aa8e-3b01795c4329,1,2542.567164
2026/02/05/00:01:56,apply-time,rs-002464-xnwtz,1c6266a4-b9f1-4ab6-bc8f-72699f4dabc5,1,2543.567164
2026/02/05/00:01:56,running-time,rs-002464-xnwtz,1c6266a4-b9f1-4ab6-bc8f-72699f4dabc5,1,2543.567164
2026/02/05/00:01:56,apply-time,rs-002465-5lt52,2aad337d-a8fd-4d25-abd7-1e4b9c2968bd,1,2543.567164
2026/02/05/00:01:56,running-time,rs-002465-5lt52,2aad337d-a8fd-4d25-abd7-1e4b9c2968bd,1,2543.567164
2026/02/05/00:01:56,apply-time,rs-002467-vbwfz,760f0d2d-2d3d-4351-988b-fc992af57e01,1,2543.567164
2026/02/05/00:01:56,running-time,rs-002467-vbwfz,760f0d2d-2d3d-4351-988b-fc992af57e01,1,2543.567164
2026/02/05/00:01:56,apply-time,rs-002468-6ds8n,364cb3a6-94b7-465c-8254-3373131f9198,1,2543.567164
2026/02/05/00:01:56,running-time,rs-002468-6ds8n,364cb3a6-94b7-465c-8254-3373131f9198,1,2543.567164
2026/02/05/00:01:57,apply-time,rs-002465-pvqpx,85b985c1-af84-43ee-9196-05ebe6c4d6c8,1,2543.567164
2026/02/05/00:01:57,running-time,rs-002465-pvqpx,85b985c1-af84-43ee-9196-05ebe6c4d6c8,1,2543.567164
2026/02/05/00:01:57,apply-time,rs-002466-bkzxz,04b94531-82d7-41ec-b7af-fd67e7ca99cc,1,2543.567164
2026/02/05/00:01:57,running-time,rs-002466-bkzxz,04b94531-82d7-41ec-b7af-fd67e7ca99cc,1,2543.567164
2026/02/05/00:01:57,apply-time,rs-002466-vkkjs,5beb4d09-2b50-4534-b656-97c63ab78f86,1,2543.567164
2026/02/05/00:01:57,running-time,rs-002466-vkkjs,5beb4d09-2b50-4534-b656-97c63ab78f86,1,2543.567164
2026/02/05/00:01:57,apply-time,rs-002467-hcfmj,c2997d47-c6e9-4d8a-819f-374653b302cd,1,2543.567164
2026/02/05/00:01:57,running-time,rs-002467-hcfmj,c2997d47-c6e9-4d8a-819f-374653b302cd,1,2543.567164
2026/02/05/00:01:57,apply-time,rs-002467-vsqcx,468f54fb-79c0-4160-9e94-ab0a8d75ff34,1,2543.567164
2026/02/05/00:01:57,running-time,rs-002467-vsqcx,468f54fb-79c0-4160-9e94-ab0a8d75ff34,1,2543.567164
2026/02/05/00:01:57,apply-time,rs-002469-gt59w,e810cc64-0684-4076-9e77-a9757478cbf0,1,2544.567164
2026/02/05/00:01:57,apply-time,rs-002470-q46b8,36a30b1b-40e8-42be-9bb9-2f101a070877,1,2544.567164
2026/02/05/00:01:57,apply-time,rs-002471-6nrwk,660a1a77-cba7-4bc8-ac61-08916b91486c,1,2544.567164
2026/02/05/00:01:57,running-time,rs-002471-6nrwk,660a1a77-cba7-4bc8-ac61-08916b91486c,1,2544.567164
2026/02/05/00:01:57,apply-time,rs-002472-hjc6x,90b5e616-38f6-4089-a2bb-070e8d79fb8a,1,2544.567164
2026/02/05/00:01:58,running-time,rs-002469-gt59w,e810cc64-0684-4076-9e77-a9757478cbf0,1,2544.567164
2026/02/05/00:01:58,apply-time,rs-002470-ql6mp,c9f633ce-c121-4382-84fc-a6676ac26643,1,2544.567164
2026/02/05/00:01:58,apply-time,rs-002470-tw77t,c0844d58-b45d-4f45-8fa8-688d082ec290,1,2544.567164
2026/02/05/00:01:58,apply-time,rs-002472-nprrw,2d091fdf-2138-45a6-8ede-da5714a4af3e,1,2544.567164
2026/02/05/00:01:58,apply-time,rs-002473-9gfkf,f5d421fc-838c-4a07-878e-a9497b8fc47a,1,2545.567164
2026/02/05/00:01:59,running-time,rs-002473-9gfkf,f5d421fc-838c-4a07-878e-a9497b8fc47a,1,2545.567164
2026/02/05/00:02:02,apply-time,rs-002474-7f6sv,63384a42-33bf-46da-89f2-bc240c6b3ce0,1,2549.567164
2026/02/05/00:02:02,running-time,rs-002474-7f6sv,63384a42-33bf-46da-89f2-bc240c6b3ce0,1,2549.567164
2026/02/05/00:02:16,apply-time,rs-002475-65xdf,35372f28-6927-451d-8e0b-cbe7a17849ec,1,2562.567164
2026/02/05/00:02:16,running-time,rs-002475-65xdf,35372f28-6927-451d-8e0b-cbe7a17849ec,1,2562.567164
2026/02/05/00:02:16,apply-time,rs-002476-dvqn6,906eed3f-75d9-4d1d-8a25-56e20a281438,1,2562.567164
2026/02/05/00:02:16,running-time,rs-002476-dvqn6,906eed3f-75d9-4d1d-8a25-56e20a281438,1,2562.567164
2026/02/05/00:02:16,apply-time,rs-002476-xsmd8,51f8f58f-8ef0-4171-a21b-0f326620d993,1,2562.567164
2026/02/05/00:02:16,running-time,rs-002476-xsmd8,51f8f58f-8ef0-4171-a21b-0f326620d993,1,2562.567164
2026/02/05/00:02:16,apply-time,rs-002477-4f7sb,6515e019-dd19-463f-9dd7-583ba69110d6,1,2562.567164
2026/02/05/00:02:16,running-time,rs-002477-4f7sb,6515e019-dd19-463f-9dd7-583ba69110d6,1,2562.567164
2026/02/05/00:02:16,apply-time,rs-002477-p9fn2,26ece4fc-9f0b-499a-ac14-917c035707f9,1,2562.567164
2026/02/05/00:02:16,running-time,rs-002477-p9fn2,26ece4fc-9f0b-499a-ac14-917c035707f9,1,2562.567164
2026/02/05/00:02:16,apply-time,rs-002478-8z9s8,38615c50-b583-475a-bd71-f4613ccf8e3d,1,2562.567164
2026/02/05/00:02:16,running-time,rs-002478-8z9s8,38615c50-b583-475a-bd71-f4613ccf8e3d,1,2562.567164
2026/02/05/00:02:16,apply-time,rs-002478-ntjm8,568cd898-898a-464f-8a06-41d70e18a8a8,1,2562.567164
2026/02/05/00:02:16,running-time,rs-002478-ntjm8,568cd898-898a-464f-8a06-41d70e18a8a8,1,2562.567164
2026/02/05/00:02:16,apply-time,rs-002478-thpmf,1c324fc4-046c-4cd9-b4a6-7cd6f04bc9e5,1,2562.567164
2026/02/05/00:02:16,running-time,rs-002478-thpmf,1c324fc4-046c-4cd9-b4a6-7cd6f04bc9e5,1,2562.567164
2026/02/05/00:02:16,apply-time,rs-002480-htm7x,1bcc29c9-e1f5-4669-9d02-acf32ed93609,1,2563.567164
2026/02/05/00:02:16,running-time,rs-002480-htm7x,1bcc29c9-e1f5-4669-9d02-acf32ed93609,1,2563.567164
2026/02/05/00:02:16,apply-time,rs-002481-8q2kr,75e439c2-6fd8-4f60-ad84-b424aaa1aa7c,1,2563.567164
2026/02/05/00:02:16,running-time,rs-002481-8q2kr,75e439c2-6fd8-4f60-ad84-b424aaa1aa7c,1,2563.567164
2026/02/05/00:02:16,apply-time,rs-002482-k2nj5,a1d09989-44af-4dcf-90ce-5bb78f9ede87,1,2563.567164
2026/02/05/00:02:16,running-time,rs-002482-k2nj5,a1d09989-44af-4dcf-90ce-5bb78f9ede87,1,2563.567164
2026/02/05/00:02:16,apply-time,rs-002483-lkpd6,e6dee2a2-3520-4042-a1ce-c38f1c6107ce,1,2563.567164
2026/02/05/00:02:16,running-time,rs-002483-lkpd6,e6dee2a2-3520-4042-a1ce-c38f1c6107ce,1,2563.567164
2026/02/05/00:02:17,apply-time,rs-002479-vjqmg,fa2c3208-08bb-4336-8968-daeca17a4fbf,1,2563.567164
2026/02/05/00:02:17,running-time,rs-002479-vjqmg,fa2c3208-08bb-4336-8968-daeca17a4fbf,1,2563.567164
2026/02/05/00:02:17,apply-time,rs-002480-tgjkw,332c0ba2-066a-4bdf-b843-861e1e619168,1,2563.567164
2026/02/05/00:02:17,running-time,rs-002480-tgjkw,332c0ba2-066a-4bdf-b843-861e1e619168,1,2563.567164
2026/02/05/00:02:17,apply-time,rs-002483-q9kcv,095a295e-092f-47f3-89b2-375a887d5913,1,2563.567164
2026/02/05/00:02:17,running-time,rs-002483-q9kcv,095a295e-092f-47f3-89b2-375a887d5913,1,2563.567164
2026/02/05/00:02:17,apply-time,rs-002484-6vhcb,bac37749-5675-4286-bc11-93313ee046dc,1,2564.567164
2026/02/05/00:02:17,running-time,rs-002484-6vhcb,bac37749-5675-4286-bc11-93313ee046dc,1,2564.567164
2026/02/05/00:02:17,apply-time,rs-002484-pmdls,af3bc0b7-7337-4d2f-bda8-c8c6adcf4d0b,1,2563.567164
2026/02/05/00:02:17,running-time,rs-002484-pmdls,af3bc0b7-7337-4d2f-bda8-c8c6adcf4d0b,1,2563.567164
2026/02/05/00:02:17,apply-time,rs-002485-f5j52,f1746e44-888f-4f34-956d-c900493931c6,1,2563.567164
2026/02/05/00:02:17,running-time,rs-002485-f5j52,f1746e44-888f-4f34-956d-c900493931c6,1,2563.567164
2026/02/05/00:02:18,apply-time,rs-002486-x9svl,e6f0fbde-9c98-4cf0-b80d-30784c2e48b8,1,2564.567164
2026/02/05/00:02:18,running-time,rs-002486-x9svl,e6f0fbde-9c98-4cf0-b80d-30784c2e48b8,1,2564.567164
2026/02/05/00:02:18,apply-time,rs-002487-j8xdw,a2b59fe8-f348-45bc-bdf7-883b3335f67c,1,2564.567164
2026/02/05/00:02:18,running-time,rs-002487-j8xdw,a2b59fe8-f348-45bc-bdf7-883b3335f67c,1,2564.567164
2026/02/05/00:02:18,apply-time,rs-002487-vkjwl,146cdb34-f17b-4847-80bd-ccf247e3ac8b,1,2564.567164
2026/02/05/00:02:18,running-time,rs-002487-vkjwl,146cdb34-f17b-4847-80bd-ccf247e3ac8b,1,2564.567164
2026/02/05/00:02:19,apply-time,rs-002488-g4fnj,98a09b93-fe87-420d-9fda-7d4f42d26428,1,2565.567164
2026/02/05/00:02:19,running-time,rs-002488-g4fnj,98a09b93-fe87-420d-9fda-7d4f42d26428,1,2565.567164
2026/02/05/00:02:19,apply-time,rs-002488-gcnvr,23802c51-ec9b-4311-8fb8-a6667ab3cd17,1,2565.567164
2026/02/05/00:02:19,running-time,rs-002488-gcnvr,23802c51-ec9b-4311-8fb8-a6667ab3cd17,1,2565.567164
2026/02/05/00:02:19,apply-time,rs-002489-ddwkj,e69bc132-0012-480b-b858-35fdb8b2cc48,1,2566.567164
2026/02/05/00:02:19,running-time,rs-002489-ddwkj,e69bc132-0012-480b-b858-35fdb8b2cc48,1,2566.567164
2026/02/05/00:02:22,apply-time,rs-002490-bwqlv,a4cdeafe-41d2-48c5-abc4-aefc65008900,1,2568.567164
2026/02/05/00:02:22,running-time,rs-002490-bwqlv,a4cdeafe-41d2-48c5-abc4-aefc65008900,1,2568.567164
2026/02/05/00:02:25,apply-time,rs-002491-kn4rf,f5ffd17e-76a9-4b00-a89a-422c1be91906,1,2572.567164
2026/02/05/00:02:25,running-time,rs-002491-kn4rf,f5ffd17e-76a9-4b00-a89a-422c1be91906,1,2572.567164
2026/02/05/00:02:26,apply-time,rs-002492-4nbtv,ed40a9c7-d1cd-41f5-babd-6a0ded033b8f,1,2572.567164
2026/02/05/00:02:26,running-time,rs-002492-4nbtv,ed40a9c7-d1cd-41f5-babd-6a0ded033b8f,1,2572.567164
2026/02/05/00:02:26,apply-time,rs-002492-mlcv9,8d165b5c-2364-44f6-9511-a4df506156ec,1,2572.567164
2026/02/05/00:02:26,running-time,rs-002492-mlcv9,8d165b5c-2364-44f6-9511-a4df506156ec,1,2572.567164
2026/02/05/00:02:26,apply-time,rs-002492-tssz6,03f0cecf-045b-429a-a3d3-861c2f56521f,1,2572.567164
2026/02/05/00:02:26,running-time,rs-002492-tssz6,03f0cecf-045b-429a-a3d3-861c2f56521f,1,2572.567164
2026/02/05/00:02:26,apply-time,rs-002493-gq4b8,7ece11fc-40f9-420b-b8a5-99ae731f58b0,1,2572.567164
2026/02/05/00:02:26,running-time,rs-002493-gq4b8,7ece11fc-40f9-420b-b8a5-99ae731f58b0,1,2572.567164
2026/02/05/00:02:26,apply-time,rs-002493-k6z82,b1f4e9e4-5d56-4d6a-900b-f2aa2a370a99,1,2572.567164
2026/02/05/00:02:26,running-time,rs-002493-k6z82,b1f4e9e4-5d56-4d6a-900b-f2aa2a370a99,1,2572.567164
2026/02/05/00:02:26,apply-time,rs-002494-lcmjg,91ae5b94-89df-4a43-8dba-9265412bacd9,1,2572.567164
2026/02/05/00:02:26,running-time,rs-002494-lcmjg,91ae5b94-89df-4a43-8dba-9265412bacd9,1,2572.567164
2026/02/05/00:02:26,apply-time,rs-002494-pk8sb,8ee7715a-5aae-4ab9-addc-c583556bba72,1,2572.567164
2026/02/05/00:02:26,running-time,rs-002494-pk8sb,8ee7715a-5aae-4ab9-addc-c583556bba72,1,2572.567164
2026/02/05/00:02:26,apply-time,rs-002494-v7f7h,d556d427-ea95-40d5-afcf-99a62e99f7da,1,2572.567164
2026/02/05/00:02:26,running-time,rs-002494-v7f7h,d556d427-ea95-40d5-afcf-99a62e99f7da,1,2572.567164
2026/02/05/00:02:27,apply-time,rs-002495-hds5m,1c1431eb-adbb-432b-8a55-c53db6f34261,1,2573.567164
2026/02/05/00:02:27,running-time,rs-002495-hds5m,1c1431eb-adbb-432b-8a55-c53db6f34261,1,2573.567164
2026/02/05/00:02:27,apply-time,rs-002495-r2b45,46c510bb-8f7b-405b-b99e-e2534a726ef1,1,2573.567164
2026/02/05/00:02:27,running-time,rs-002495-r2b45,46c510bb-8f7b-405b-b99e-e2534a726ef1,1,2573.567164
2026/02/05/00:02:27,apply-time,rs-002495-rlcbv,3313d671-9569-466b-9766-35a6f3129aca,1,2573.567164
2026/02/05/00:02:27,running-time,rs-002495-rlcbv,3313d671-9569-466b-9766-35a6f3129aca,1,2573.567164
2026/02/05/00:02:27,apply-time,rs-002496-lqjgz,e7df1731-e658-4c33-9be5-ef4fe7e445c7,1,2573.567164
2026/02/05/00:02:27,running-time,rs-002496-lqjgz,e7df1731-e658-4c33-9be5-ef4fe7e445c7,1,2573.567164
2026/02/05/00:02:27,apply-time,rs-002496-s7qkb,c61eecc0-fde7-45e8-b3e0-d329fdea258f,1,2573.567164
2026/02/05/00:02:27,running-time,rs-002496-s7qkb,c61eecc0-fde7-45e8-b3e0-d329fdea258f,1,2573.567164
2026/02/05/00:02:27,apply-time,rs-002496-tmljz,6ec0ed34-7d31-4aea-8182-4df49c778e2b,1,2573.567164
2026/02/05/00:02:27,running-time,rs-002496-tmljz,6ec0ed34-7d31-4aea-8182-4df49c778e2b,1,2573.567164
2026/02/05/00:02:27,apply-time,rs-002497-9kmsh,116c2cb0-8009-4cfa-a598-9cc1c9190cb9,1,2573.567164
2026/02/05/00:02:27,running-time,rs-002497-9kmsh,116c2cb0-8009-4cfa-a598-9cc1c9190cb9,1,2573.567164
2026/02/05/00:02:27,apply-time,rs-002498-pmlsb,64ec4bdc-30ff-4d4d-9952-9c4ccb40ccde,1,2573.567164
2026/02/05/00:02:27,running-time,rs-002498-pmlsb,64ec4bdc-30ff-4d4d-9952-9c4ccb40ccde,1,2573.567164
2026/02/05/00:02:27,apply-time,rs-002498-rwn48,d61858e9-efd0-4bf6-b065-6b70b4182797,1,2574.567164
2026/02/05/00:02:27,running-time,rs-002498-rwn48,d61858e9-efd0-4bf6-b065-6b70b4182797,1,2574.567164
2026/02/05/00:02:27,apply-time,rs-002499-67bgh,f3eae851-a14f-4ebc-b451-36428c7e4e02,1,2573.567164
2026/02/05/00:02:27,running-time,rs-002499-67bgh,f3eae851-a14f-4ebc-b451-36428c7e4e02,1,2573.567164
2026/02/05/00:02:27,apply-time,rs-002499-b5dqt,6403b3f1-560f-4897-8a73-5103fe16de3e,1,2573.567164
2026/02/05/00:02:27,running-time,rs-002499-b5dqt,6403b3f1-560f-4897-8a73-5103fe16de3e,1,2573.567164
2026/02/05/00:02:27,apply-time,rs-002499-v9j4j,c1575405-c11d-4d40-9eaf-5d87d135810a,1,2573.567164
2026/02/05/00:02:27,running-time,rs-002499-v9j4j,c1575405-c11d-4d40-9eaf-5d87d135810a,1,2573.567164
2026/02/05/00:02:27,apply-time,rs-002500-czcx9,6dced492-f6ac-4f1a-befd-67f3309b3838,1,2574.567164
2026/02/05/00:02:27,running-time,rs-002500-czcx9,6dced492-f6ac-4f1a-befd-67f3309b3838,1,2574.567164
2026/02/05/00:02:28,apply-time,rs-002501-kt698,e8390cb2-2e07-4164-8205-cad264ee8b0d,1,2574.567164
2026/02/05/00:02:28,running-time,rs-002501-kt698,e8390cb2-2e07-4164-8205-cad264ee8b0d,1,2574.567164
2026/02/05/00:02:28,apply-time,rs-002501-mmtlw,c647b980-24b8-44c4-88e0-e6894729497d,1,2574.567164
2026/02/05/00:02:28,running-time,rs-002501-mmtlw,c647b980-24b8-44c4-88e0-e6894729497d,1,2574.567164
2026/02/05/00:02:28,apply-time,rs-002502-zsb6z,f8914bf0-3467-4d60-8cf3-706ef5307bfa,1,2574.567164
2026/02/05/00:02:28,running-time,rs-002502-zsb6z,f8914bf0-3467-4d60-8cf3-706ef5307bfa,1,2574.567164
2026/02/05/00:02:28,apply-time,rs-002503-pvdr6,ec89a99f-2be0-41b0-9fdf-887fca19fe72,1,2574.567164
2026/02/05/00:02:28,running-time,rs-002503-pvdr6,ec89a99f-2be0-41b0-9fdf-887fca19fe72,1,2574.567164
2026/02/05/00:02:28,apply-time,rs-002504-46w5m,6c9365bc-39e4-40a1-88ea-2d3eb66ea486,1,2574.567164
2026/02/05/00:02:28,running-time,rs-002504-46w5m,6c9365bc-39e4-40a1-88ea-2d3eb66ea486,1,2574.567164
2026/02/05/00:02:28,apply-time,rs-002504-dp2vd,75c3b84e-537d-45d4-975a-4532559b9b24,1,2575.567164
2026/02/05/00:02:28,running-time,rs-002504-dp2vd,75c3b84e-537d-45d4-975a-4532559b9b24,1,2575.567164
2026/02/05/00:02:28,apply-time,rs-002505-sjnvk,dd4d4b20-7c62-4207-ac08-8d87bc48cee8,1,2574.567164
2026/02/05/00:02:28,running-time,rs-002505-sjnvk,dd4d4b20-7c62-4207-ac08-8d87bc48cee8,1,2575.567164
2026/02/05/00:02:31,apply-time,rs-002506-hz4hj,8635ddcd-c11a-4aec-89dd-e9dd4fdec70f,1,2578.567164
2026/02/05/00:02:31,running-time,rs-002506-hz4hj,8635ddcd-c11a-4aec-89dd-e9dd4fdec70f,1,2578.567164
2026/02/05/00:02:31,apply-time,rs-002506-v27x8,cd4233ef-2a41-41ad-be5c-50eb4431fe55,1,2578.567164
2026/02/05/00:02:31,running-time,rs-002506-v27x8,cd4233ef-2a41-41ad-be5c-50eb4431fe55,1,2578.567164
2026/02/05/00:02:31,apply-time,rs-002506-x4fql,20fdf1a9-bef8-4579-8bcf-91c4a8b12e75,1,2578.567164
2026/02/05/00:02:31,running-time,rs-002506-x4fql,20fdf1a9-bef8-4579-8bcf-91c4a8b12e75,1,2578.567164
2026/02/05/00:02:31,apply-time,rs-002507-54rtz,6507ac4b-2195-4426-9378-945897d1ea21,1,2578.567164
2026/02/05/00:02:31,running-time,rs-002507-54rtz,6507ac4b-2195-4426-9378-945897d1ea21,1,2578.567164
2026/02/05/00:02:31,apply-time,rs-002507-jk6x5,c7ced40f-fff6-48d0-b8c9-1481fb584519,1,2578.567164
2026/02/05/00:02:31,running-time,rs-002507-jk6x5,c7ced40f-fff6-48d0-b8c9-1481fb584519,1,2578.567164
2026/02/05/00:02:31,apply-time,rs-002507-vwgjc,44ce99b9-9d87-45ec-aeba-d40e317b8c74,1,2578.567164
2026/02/05/00:02:31,running-time,rs-002507-vwgjc,44ce99b9-9d87-45ec-aeba-d40e317b8c74,1,2578.567164
2026/02/05/00:02:32,apply-time,rs-002508-lg5n4,31a2dd84-30a7-494c-bf53-3191bd4965f9,1,2578.567164
2026/02/05/00:02:32,running-time,rs-002508-lg5n4,31a2dd84-30a7-494c-bf53-3191bd4965f9,1,2578.567164
2026/02/05/00:02:32,apply-time,rs-002509-b4l9n,67489240-2f42-446a-b2dc-d7c494c76765,1,2578.567164
2026/02/05/00:02:32,running-time,rs-002509-b4l9n,67489240-2f42-446a-b2dc-d7c494c76765,1,2578.567164
2026/02/05/00:02:32,apply-time,rs-002510-s98q5,6b070de9-dfaa-4b78-b6f3-2155f237ae81,1,2578.567164
2026/02/05/00:02:32,apply-time,rs-002511-2rl95,c16af175-caeb-4a20-9694-91f67116e8d9,1,2578.567164
2026/02/05/00:02:32,running-time,rs-002511-2rl95,c16af175-caeb-4a20-9694-91f67116e8d9,1,2578.567164
2026/02/05/00:02:32,apply-time,rs-002511-976j4,7ede5827-6b19-4223-8348-918f7eba94be,1,2578.567164
2026/02/05/00:02:32,running-time,rs-002511-976j4,7ede5827-6b19-4223-8348-918f7eba94be,1,2578.567164
2026/02/05/00:02:32,apply-time,rs-002511-gxh5g,c7a88967-4e9d-445b-842a-28174b1c7073,1,2578.567164
2026/02/05/00:02:32,running-time,rs-002511-gxh5g,c7a88967-4e9d-445b-842a-28174b1c7073,1,2578.567164
2026/02/05/00:02:34,running-time,rs-002510-s98q5,6b070de9-dfaa-4b78-b6f3-2155f237ae81,1,2580.567164
2026/02/05/00:02:36,apply-time,rs-002512-z2qdf,32d2a34a-3db6-47fc-81b6-70af7679bfb9,1,2582.567164
2026/02/05/00:02:36,running-time,rs-002512-z2qdf,32d2a34a-3db6-47fc-81b6-70af7679bfb9,1,2582.567164
2026/02/05/00:02:37,apply-time,rs-002513-bqflc,5cdbacc8-58e6-4b5a-a872-afb5e9724470,1,2583.567164
2026/02/05/00:02:37,running-time,rs-002513-bqflc,5cdbacc8-58e6-4b5a-a872-afb5e9724470,1,2583.567164
2026/02/05/00:02:37,apply-time,rs-002513-g2r2h,732d2dd1-a06a-4a93-8f2e-97ede919e8cf,1,2583.567164
2026/02/05/00:02:37,running-time,rs-002513-g2r2h,732d2dd1-a06a-4a93-8f2e-97ede919e8cf,1,2583.567164
2026/02/05/00:02:37,apply-time,rs-002513-zhq4r,2bfb0c59-b411-48f0-99fa-cf6026d1bf4b,1,2583.567164
2026/02/05/00:02:37,running-time,rs-002513-zhq4r,2bfb0c59-b411-48f0-99fa-cf6026d1bf4b,1,2583.567164
2026/02/05/00:02:37,apply-time,rs-002514-2xthc,13d0d483-8b0a-47b2-af9d-e848d83400a3,1,2583.567164
2026/02/05/00:02:37,running-time,rs-002514-2xthc,13d0d483-8b0a-47b2-af9d-e848d83400a3,1,2584.567164
2026/02/05/00:02:37,apply-time,rs-002514-ct4sb,959d241d-75b4-4e7c-af0e-52b6c6f93a9e,1,2583.567164
2026/02/05/00:02:37,running-time,rs-002514-ct4sb,959d241d-75b4-4e7c-af0e-52b6c6f93a9e,1,2583.567164
2026/02/05/00:02:37,apply-time,rs-002514-x7pqv,714e7ee4-cf8e-4ec8-bfda-1a3a49108068,1,2583.567164
2026/02/05/00:02:37,running-time,rs-002514-x7pqv,714e7ee4-cf8e-4ec8-bfda-1a3a49108068,1,2583.567164
2026/02/05/00:02:37,apply-time,rs-002515-7bd8h,3aa867a6-1c6a-4612-8a67-4d2a11f8f220,1,2583.567164
2026/02/05/00:02:37,running-time,rs-002515-7bd8h,3aa867a6-1c6a-4612-8a67-4d2a11f8f220,1,2583.567164
2026/02/05/00:02:37,apply-time,rs-002516-57m9m,74194ef2-d837-4364-829f-eed67495e818,1,2583.567164
2026/02/05/00:02:37,running-time,rs-002516-57m9m,74194ef2-d837-4364-829f-eed67495e818,1,2583.567164
2026/02/05/00:02:37,apply-time,rs-002517-8mpjj,2fc21ace-6577-4e9e-a83e-8f7a7578539b,1,2583.567164
2026/02/05/00:02:37,running-time,rs-002517-8mpjj,2fc21ace-6577-4e9e-a83e-8f7a7578539b,1,2583.567164
2026/02/05/00:02:42,apply-time,rs-002518-4p8qv,437dfd0f-6860-4402-9a19-99b478887ee5,1,2589.567164
2026/02/05/00:02:42,apply-time,rs-002518-shznl,0bb06384-b603-4224-b23a-81dc4d7703f6,1,2589.567164
2026/02/05/00:02:42,apply-time,rs-002518-w4tvn,592915f9-f46e-4ebe-87eb-4631b2d8cc83,1,2589.567164
2026/02/05/00:02:42,apply-time,rs-002520-8vzd8,10a135cb-e6c6-41cc-a914-6c38daae9df9,1,2589.567164
2026/02/05/00:02:42,running-time,rs-002520-8vzd8,10a135cb-e6c6-41cc-a914-6c38daae9df9,1,2589.567164
2026/02/05/00:02:42,apply-time,rs-002520-nptx7,f022252c-2866-4a39-bf1c-94f9225cb51d,1,2589.567164
2026/02/05/00:02:42,running-time,rs-002520-nptx7,f022252c-2866-4a39-bf1c-94f9225cb51d,1,2589.567164
2026/02/05/00:02:42,apply-time,rs-002521-vvfjk,9614d983-6849-4877-8569-d28343c02a5a,1,2589.567164
2026/02/05/00:02:43,running-time,rs-002518-4p8qv,437dfd0f-6860-4402-9a19-99b478887ee5,1,2589.567164
2026/02/05/00:02:43,running-time,rs-002518-shznl,0bb06384-b603-4224-b23a-81dc4d7703f6,1,2589.567164
2026/02/05/00:02:43,running-time,rs-002518-w4tvn,592915f9-f46e-4ebe-87eb-4631b2d8cc83,1,2589.567164
2026/02/05/00:02:43,apply-time,rs-002519-jbvkj,149d8c73-18ac-4e28-b790-495b2c207037,1,2589.567164
2026/02/05/00:02:43,running-time,rs-002519-jbvkj,149d8c73-18ac-4e28-b790-495b2c207037,1,2589.567164
2026/02/05/00:02:43,running-time,rs-002521-vvfjk,9614d983-6849-4877-8569-d28343c02a5a,1,2589.567164
2026/02/05/00:02:43,apply-time,rs-002522-2zjw7,5dd2800e-f60c-4713-baf1-01d24a3a0497,1,2589.567164
2026/02/05/00:02:43,running-time,rs-002522-2zjw7,5dd2800e-f60c-4713-baf1-01d24a3a0497,1,2589.567164
2026/02/05/00:02:43,apply-time,rs-002522-c4mft,0b35b8d1-74cf-4793-bfa9-8fafff59b200,1,2589.567164
2026/02/05/00:02:43,running-time,rs-002522-c4mft,0b35b8d1-74cf-4793-bfa9-8fafff59b200,1,2589.567164
2026/02/05/00:02:43,apply-time,rs-002523-c6cmr,56821100-084e-4b37-881a-89b6f80f0ef7,1,2589.567164
2026/02/05/00:02:43,running-time,rs-002523-c6cmr,56821100-084e-4b37-881a-89b6f80f0ef7,1,2589.567164
2026/02/05/00:02:54,apply-time,rs-002524-mf5sx,da55bb9f-b3bb-49f5-9efa-f22d7d1ba24b,1,2600.567164
2026/02/05/00:02:54,running-time,rs-002524-mf5sx,da55bb9f-b3bb-49f5-9efa-f22d7d1ba24b,1,2600.567164
2026/02/05/00:02:54,apply-time,rs-002524-snwt4,d2b51f65-afe4-4932-9fa7-dd6db010b6b1,1,2600.567164
2026/02/05/00:02:54,running-time,rs-002524-snwt4,d2b51f65-afe4-4932-9fa7-dd6db010b6b1,1,2600.567164
2026/02/05/00:02:54,apply-time,rs-002524-szgvh,39488eef-a657-46d6-aff1-f094c0a03431,1,2600.567164
2026/02/05/00:02:54,running-time,rs-002524-szgvh,39488eef-a657-46d6-aff1-f094c0a03431,1,2600.567164
2026/02/05/00:02:54,apply-time,rs-002525-92spd,89dcc24d-bcf8-4cce-8173-e1ed0790387a,1,2600.567164
2026/02/05/00:02:54,running-time,rs-002525-92spd,89dcc24d-bcf8-4cce-8173-e1ed0790387a,1,2600.567164
2026/02/05/00:02:54,apply-time,rs-002525-9hz97,0750c095-b2fd-4580-b8e7-117d8fa385dc,1,2600.567164
2026/02/05/00:02:54,running-time,rs-002525-9hz97,0750c095-b2fd-4580-b8e7-117d8fa385dc,1,2600.567164
2026/02/05/00:02:54,apply-time,rs-002525-kd7qg,ef9e3bb8-c71f-4395-b5ff-9cbff89eb1cd,1,2600.567164
2026/02/05/00:02:54,running-time,rs-002525-kd7qg,ef9e3bb8-c71f-4395-b5ff-9cbff89eb1cd,1,2600.567164
2026/02/05/00:02:56,apply-time,rs-002526-28nzv,44890416-edca-47c5-95cb-7189b13cd93c,1,2603.567164
2026/02/05/00:02:56,running-time,rs-002526-28nzv,44890416-edca-47c5-95cb-7189b13cd93c,1,2603.567164
2026/02/05/00:02:56,apply-time,rs-002526-nxpcv,6ac9336e-ba15-4862-b67e-8bf2dfb59ac2,1,2603.567164
2026/02/05/00:02:56,running-time,rs-002526-nxpcv,6ac9336e-ba15-4862-b67e-8bf2dfb59ac2,1,2603.567164
2026/02/05/00:02:56,apply-time,rs-002526-s4hct,8b3498a9-8987-4ed1-b8ed-5fcc24782981,1,2603.567164
2026/02/05/00:02:56,running-time,rs-002526-s4hct,8b3498a9-8987-4ed1-b8ed-5fcc24782981,1,2603.567164
2026/02/05/00:02:56,apply-time,rs-002527-ssvlz,cce4c7c6-ef72-44a3-9774-197c5bf6841a,1,2603.567164
2026/02/05/00:02:56,running-time,rs-002527-ssvlz,cce4c7c6-ef72-44a3-9774-197c5bf6841a,1,2603.567164
2026/02/05/00:02:56,apply-time,rs-002527-zghhx,791d7a6c-1e10-4523-be0a-2ee55c8fe50e,1,2603.567164
2026/02/05/00:02:56,running-time,rs-002527-zghhx,791d7a6c-1e10-4523-be0a-2ee55c8fe50e,1,2603.567164
2026/02/05/00:02:56,apply-time,rs-002528-lgmsq,25198a4c-fc52-4c39-862e-e8d662c66fd0,1,2603.567164
2026/02/05/00:02:56,running-time,rs-002528-lgmsq,25198a4c-fc52-4c39-862e-e8d662c66fd0,1,2603.567164
2026/02/05/00:02:56,apply-time,rs-002528-ns2km,52f1f0ff-95ce-4f2c-9c64-dfed9fed8ed9,1,2603.567164
2026/02/05/00:02:56,running-time,rs-002528-ns2km,52f1f0ff-95ce-4f2c-9c64-dfed9fed8ed9,1,2603.567164
2026/02/05/00:02:56,apply-time,rs-002529-htpsr,573e5faf-7f05-4a7e-8f55-5ebb3b54f198,1,2603.567164
2026/02/05/00:02:56,running-time,rs-002529-htpsr,573e5faf-7f05-4a7e-8f55-5ebb3b54f198,1,2603.567164
2026/02/05/00:02:56,apply-time,rs-002530-pk8dq,259fdd3a-e3b6-4691-9980-73255f2922c2,1,2603.567164
2026/02/05/00:02:56,running-time,rs-002530-pk8dq,259fdd3a-e3b6-4691-9980-73255f2922c2,1,2603.567164
2026/02/05/00:02:56,apply-time,rs-002530-wq7dg,c3941368-4c3b-40a9-b44e-00c61471f2d4,1,2603.567164
2026/02/05/00:02:56,running-time,rs-002530-wq7dg,c3941368-4c3b-40a9-b44e-00c61471f2d4,1,2603.567164
2026/02/05/00:02:57,apply-time,rs-002531-2xvwf,f1efc71a-ff05-4d6c-9aef-85dd104b7ba1,1,2604.567164
2026/02/05/00:02:57,running-time,rs-002531-2xvwf,f1efc71a-ff05-4d6c-9aef-85dd104b7ba1,1,2604.567164
2026/02/05/00:02:57,apply-time,rs-002531-dsqbg,4e3f0144-948c-404c-ad80-b6a401a27183,1,2603.567164
2026/02/05/00:02:57,running-time,rs-002531-dsqbg,4e3f0144-948c-404c-ad80-b6a401a27183,1,2603.567164
2026/02/05/00:02:57,apply-time,rs-002532-kljfq,9640fb51-d755-4b03-90dc-ef2446c6bb2b,1,2603.567164
2026/02/05/00:02:57,running-time,rs-002532-kljfq,9640fb51-d755-4b03-90dc-ef2446c6bb2b,1,2603.567164
2026/02/05/00:02:57,apply-time,rs-002533-4nqt2,4f706268-fa16-4156-a800-9d2135bdff02,1,2603.567164
2026/02/05/00:02:57,apply-time,rs-002533-8lnzf,de491bea-5d94-46ed-a10f-013a28b5ca90,1,2603.567164
2026/02/05/00:02:57,running-time,rs-002533-8lnzf,de491bea-5d94-46ed-a10f-013a28b5ca90,1,2603.567164
2026/02/05/00:02:57,apply-time,rs-002533-qfnwz,9565c45a-0f0c-4168-b007-5f481be5b454,1,2603.567164
2026/02/05/00:02:58,running-time,rs-002533-4nqt2,4f706268-fa16-4156-a800-9d2135bdff02,1,2605.567164
2026/02/05/00:02:58,running-time,rs-002533-qfnwz,9565c45a-0f0c-4168-b007-5f481be5b454,1,2605.567164
2026/02/05/00:02:58,apply-time,rs-002534-tslfk,592850fa-0643-4a35-a587-9b58fe3fb051,1,2605.567164
2026/02/05/00:02:58,running-time,rs-002534-tslfk,592850fa-0643-4a35-a587-9b58fe3fb051,1,2605.567164
2026/02/05/00:02:58,apply-time,rs-002534-zqx8d,fcaac9c8-1c90-4ba0-80a7-de36dfe382e3,1,2605.567164
2026/02/05/00:02:58,running-time,rs-002534-zqx8d,fcaac9c8-1c90-4ba0-80a7-de36dfe382e3,1,2605.567164
2026/02/05/00:03:09,apply-time,rs-002535-mwjh4,b38d5a8c-d9d7-44a7-b977-a987d6f1df0f,1,2616.567164
2026/02/05/00:03:09,running-time,rs-002535-mwjh4,b38d5a8c-d9d7-44a7-b977-a987d6f1df0f,1,2616.567164
2026/02/05/00:03:09,apply-time,rs-002536-fhj8h,c484f8b1-69b4-4ea2-b740-a6ef9d8d9707,1,2616.567164
2026/02/05/00:03:09,running-time,rs-002536-fhj8h,c484f8b1-69b4-4ea2-b740-a6ef9d8d9707,1,2616.567164
2026/02/05/00:03:09,apply-time,rs-002536-fzt6f,65f7d848-b12e-45c8-93f0-4b006b90a8e1,1,2616.567164
2026/02/05/00:03:09,running-time,rs-002536-fzt6f,65f7d848-b12e-45c8-93f0-4b006b90a8e1,1,2616.567164
2026/02/05/00:03:09,apply-time,rs-002537-c4cjz,04e5e3b5-576e-46ee-9dd3-8cb64800305d,1,2616.567164
2026/02/05/00:03:09,running-time,rs-002537-c4cjz,04e5e3b5-576e-46ee-9dd3-8cb64800305d,1,2616.567164
2026/02/05/00:03:09,apply-time,rs-002537-jc9l9,9a8f6239-c783-4518-a2f9-9c293458b6bd,1,2616.567164
2026/02/05/00:03:09,running-time,rs-002537-jc9l9,9a8f6239-c783-4518-a2f9-9c293458b6bd,1,2616.567164
2026/02/05/00:03:18,apply-time,rs-002538-pwwkb,4acb00b3-5ce7-4ea6-9cf5-d8dc9534fdf2,1,2624.567164
2026/02/05/00:03:18,running-time,rs-002538-pwwkb,4acb00b3-5ce7-4ea6-9cf5-d8dc9534fdf2,1,2624.567164
2026/02/05/00:03:18,apply-time,rs-002538-zt8q9,3abbb2d0-188e-495d-b653-b8e38e23f89e,1,2624.567164
2026/02/05/00:03:18,running-time,rs-002538-zt8q9,3abbb2d0-188e-495d-b653-b8e38e23f89e,1,2624.567164
2026/02/05/00:03:19,apply-time,rs-002539-7ts9w,d1b18d6b-cb9e-47a0-9c04-a9613b9d22ed,1,2626.567164
2026/02/05/00:03:19,running-time,rs-002539-7ts9w,d1b18d6b-cb9e-47a0-9c04-a9613b9d22ed,1,2626.567164
2026/02/05/00:03:19,apply-time,rs-002539-zdm6m,68f1b334-d8df-481f-b02e-8e4595503663,1,2626.567164
2026/02/05/00:03:19,running-time,rs-002539-zdm6m,68f1b334-d8df-481f-b02e-8e4595503663,1,2626.567164
2026/02/05/00:03:19,apply-time,rs-002540-8wkqj,a5702716-a27e-47c5-b855-05ab4991d312,1,2626.567164
2026/02/05/00:03:19,running-time,rs-002540-8wkqj,a5702716-a27e-47c5-b855-05ab4991d312,1,2626.567164
2026/02/05/00:03:21,apply-time,rs-002541-c2zcr,c0226a6d-bd01-4f4e-84f8-d775829a7b13,1,2627.567164
2026/02/05/00:03:21,running-time,rs-002541-c2zcr,c0226a6d-bd01-4f4e-84f8-d775829a7b13,1,2627.567164
2026/02/05/00:03:21,apply-time,rs-002541-phtrs,5e37b14a-5527-4e1b-919e-f8a21caa6067,1,2627.567164
2026/02/05/00:03:21,running-time,rs-002541-phtrs,5e37b14a-5527-4e1b-919e-f8a21caa6067,1,2627.567164
2026/02/05/00:03:35,apply-time,rs-002542-klbft,8585627e-1a5d-4ca9-b669-ae5c43b8f492,1,2642.567164
2026/02/05/00:03:35,running-time,rs-002542-klbft,8585627e-1a5d-4ca9-b669-ae5c43b8f492,1,2642.567164
2026/02/05/00:03:35,apply-time,rs-002543-v5dvt,8356808a-c3eb-42fe-9139-95b13504fe55,1,2642.567164
2026/02/05/00:03:35,running-time,rs-002543-v5dvt,8356808a-c3eb-42fe-9139-95b13504fe55,1,2642.567164
2026/02/05/00:03:37,apply-time,rs-002544-8jlr5,b7217f66-2760-4451-a408-696d52c409c0,1,2643.567164
2026/02/05/00:03:37,running-time,rs-002544-8jlr5,b7217f66-2760-4451-a408-696d52c409c0,1,2643.567164
2026/02/05/00:03:39,apply-time,rs-002545-nnll8,23d7182f-528c-42df-ab88-667d113ef777,1,2645.567164
2026/02/05/00:03:39,running-time,rs-002545-nnll8,23d7182f-528c-42df-ab88-667d113ef777,1,2645.567164
2026/02/05/00:03:39,apply-time,rs-002546-8kkq9,b1d599b9-4198-4f45-88eb-079f6965b04b,1,2645.567164
2026/02/05/00:03:39,running-time,rs-002546-8kkq9,b1d599b9-4198-4f45-88eb-079f6965b04b,1,2645.567164
2026/02/05/00:03:39,apply-time,rs-002546-lwz69,b2da3887-e711-43ba-a370-7875d0b084d7,1,2645.567164
2026/02/05/00:03:39,running-time,rs-002546-lwz69,b2da3887-e711-43ba-a370-7875d0b084d7,1,2645.567164
2026/02/05/00:03:39,apply-time,rs-002546-wjdzw,8c4961c4-79eb-40a5-835c-027f6e4142a9,1,2645.567164
2026/02/05/00:03:39,running-time,rs-002546-wjdzw,8c4961c4-79eb-40a5-835c-027f6e4142a9,1,2645.567164
2026/02/05/00:03:39,apply-time,rs-002547-l8kcb,970b1e9c-18a5-4e19-8878-712b7aacd99f,1,2645.567164
2026/02/05/00:03:39,running-time,rs-002547-l8kcb,970b1e9c-18a5-4e19-8878-712b7aacd99f,1,2645.567164
2026/02/05/00:03:39,apply-time,rs-002547-lc5j6,ac0e8ccf-e415-400a-8a6e-e3b08e27ae1c,1,2645.567164
2026/02/05/00:03:39,running-time,rs-002547-lc5j6,ac0e8ccf-e415-400a-8a6e-e3b08e27ae1c,1,2645.567164
2026/02/05/00:03:39,apply-time,rs-002548-s9npk,84fa7d9e-f10e-40f6-8f3e-706cc78ea0fd,1,2645.567164
2026/02/05/00:03:39,running-time,rs-002548-s9npk,84fa7d9e-f10e-40f6-8f3e-706cc78ea0fd,1,2645.567164
2026/02/05/00:03:39,apply-time,rs-002549-kmp7m,2c6593ad-a723-428a-88de-a4d615db02e5,1,2645.567164
2026/02/05/00:03:39,running-time,rs-002549-kmp7m,2c6593ad-a723-428a-88de-a4d615db02e5,1,2645.567164
2026/02/05/00:03:39,apply-time,rs-002549-qmq8g,f3fce3af-6562-4d6a-9f3d-a9beb9bde187,1,2645.567164
2026/02/05/00:03:39,running-time,rs-002549-qmq8g,f3fce3af-6562-4d6a-9f3d-a9beb9bde187,1,2645.567164
2026/02/05/00:03:39,apply-time,rs-002549-z5xlt,a98daea1-ab9d-4bc1-b276-e38a18ba1bb0,1,2645.567164
2026/02/05/00:03:39,running-time,rs-002549-z5xlt,a98daea1-ab9d-4bc1-b276-e38a18ba1bb0,1,2645.567164
2026/02/05/00:03:39,apply-time,rs-002550-wx4bq,eb68578d-bcc9-4864-95cf-b8731daccdb2,1,2645.567164
2026/02/05/00:03:39,running-time,rs-002550-wx4bq,eb68578d-bcc9-4864-95cf-b8731daccdb2,1,2645.567164
2026/02/05/00:03:39,apply-time,rs-002551-57zp8,a97c0ae5-8b81-4bb3-900a-efb9476d930c,1,2645.567164
2026/02/05/00:03:39,running-time,rs-002551-57zp8,a97c0ae5-8b81-4bb3-900a-efb9476d930c,1,2645.567164
2026/02/05/00:03:39,apply-time,rs-002551-hjph5,fe6a9c78-a05a-4174-b64e-f4e3b14cf391,1,2646.567164
2026/02/05/00:03:39,running-time,rs-002551-hjph5,fe6a9c78-a05a-4174-b64e-f4e3b14cf391,1,2646.567164
2026/02/05/00:03:39,apply-time,rs-002551-zj9gj,8413b13b-93f9-4a83-9785-f712215d0438,1,2646.567164
2026/02/05/00:03:39,running-time,rs-002551-zj9gj,8413b13b-93f9-4a83-9785-f712215d0438,1,2646.567164
2026/02/05/00:03:39,apply-time,rs-002552-266vr,f3b2478e-0647-4e9e-bf23-b0850d81acd4,1,2646.567164
2026/02/05/00:03:39,running-time,rs-002552-266vr,f3b2478e-0647-4e9e-bf23-b0850d81acd4,1,2646.567164
2026/02/05/00:03:39,apply-time,rs-002553-svfn5,72d3796b-cf43-435e-bda6-bddf8815236d,1,2646.567164
2026/02/05/00:03:39,running-time,rs-002553-svfn5,72d3796b-cf43-435e-bda6-bddf8815236d,1,2646.567164
2026/02/05/00:03:40,apply-time,rs-002553-vgnv4,16ea38d0-57f7-4867-9484-1fd27179bde4,1,2646.567164
2026/02/05/00:03:40,running-time,rs-002553-vgnv4,16ea38d0-57f7-4867-9484-1fd27179bde4,1,2646.567164
2026/02/05/00:03:40,apply-time,rs-002554-hv7kc,9ec98b13-438d-40d2-aa9f-6d9d8de8851f,1,2646.567164
2026/02/05/00:03:40,running-time,rs-002554-hv7kc,9ec98b13-438d-40d2-aa9f-6d9d8de8851f,1,2646.567164
2026/02/05/00:03:40,apply-time,rs-002554-rl2wb,68387a8a-7c3c-4176-8dcc-3595417f9dd5,1,2647.567164
2026/02/05/00:03:40,running-time,rs-002554-rl2wb,68387a8a-7c3c-4176-8dcc-3595417f9dd5,1,2647.567164
2026/02/05/00:03:40,apply-time,rs-002555-p6rmr,24b67539-7bfe-4b6b-b6d7-5013aaa004b2,1,2646.567164
2026/02/05/00:03:40,running-time,rs-002555-p6rmr,24b67539-7bfe-4b6b-b6d7-5013aaa004b2,1,2646.567164
2026/02/05/00:03:40,apply-time,rs-002556-wbh97,147152ca-5944-4149-80f7-759ef7aeda73,1,2646.567164
2026/02/05/00:03:40,running-time,rs-002556-wbh97,147152ca-5944-4149-80f7-759ef7aeda73,1,2646.567164
2026/02/05/00:03:41,apply-time,rs-002557-rgj5x,466f69d1-57bb-409d-a85f-829c91ca724e,1,2647.567164
2026/02/05/00:03:41,running-time,rs-002557-rgj5x,466f69d1-57bb-409d-a85f-829c91ca724e,1,2647.567164
2026/02/05/00:03:41,apply-time,rs-002558-2bdhc,41da049b-aee8-4fc5-bcd1-9ce2daca428e,1,2647.567164
2026/02/05/00:03:41,running-time,rs-002558-2bdhc,41da049b-aee8-4fc5-bcd1-9ce2daca428e,1,2647.567164
2026/02/05/00:03:50,apply-time,rs-002559-b4fws,e236d54d-1884-4275-a8b0-e9bd0363cea1,1,2656.567164
2026/02/05/00:03:50,running-time,rs-002559-b4fws,e236d54d-1884-4275-a8b0-e9bd0363cea1,1,2656.567164
2026/02/05/00:03:50,apply-time,rs-002559-gg6vb,512e308d-ef9e-4a59-a4c0-0bd07694161a,1,2656.567164
2026/02/05/00:03:50,running-time,rs-002559-gg6vb,512e308d-ef9e-4a59-a4c0-0bd07694161a,1,2656.567164
2026/02/05/00:03:50,apply-time,rs-002559-vsdbs,e04506b0-15c2-4c7b-b2f0-a196b0575092,1,2656.567164
2026/02/05/00:03:50,running-time,rs-002559-vsdbs,e04506b0-15c2-4c7b-b2f0-a196b0575092,1,2656.567164
2026/02/05/00:03:50,apply-time,rs-002560-wkthh,ef7edb25-41a9-48c4-baf0-b59e06cd08f1,1,2656.567164
2026/02/05/00:03:50,running-time,rs-002560-wkthh,ef7edb25-41a9-48c4-baf0-b59e06cd08f1,1,2656.567164
2026/02/05/00:03:50,apply-time,rs-002561-bwdjn,76f0d508-00f6-49cd-8aa6-085294927002,1,2656.567164
2026/02/05/00:03:50,running-time,rs-002561-bwdjn,76f0d508-00f6-49cd-8aa6-085294927002,1,2656.567164
2026/02/05/00:03:50,apply-time,rs-002561-dwx9d,1eb09299-6af7-4118-a815-79497af70d55,1,2656.567164
2026/02/05/00:03:50,running-time,rs-002561-dwx9d,1eb09299-6af7-4118-a815-79497af70d55,1,2656.567164
2026/02/05/00:03:50,apply-time,rs-002562-t4fjx,b45167ce-b7f1-4b3e-88c0-357f2c5bd66f,1,2656.567164
2026/02/05/00:03:50,running-time,rs-002562-t4fjx,b45167ce-b7f1-4b3e-88c0-357f2c5bd66f,1,2656.567164
2026/02/05/00:03:50,apply-time,rs-002563-wwpl9,e5c28221-c79b-4bf3-bcd2-c2b0b2234994,1,2656.567164
2026/02/05/00:03:50,running-time,rs-002563-wwpl9,e5c28221-c79b-4bf3-bcd2-c2b0b2234994,1,2656.567164
2026/02/05/00:03:50,apply-time,rs-002564-954rc,f4774f7b-c5e4-4f46-a480-a1b1970fde36,1,2657.567164
2026/02/05/00:03:50,running-time,rs-002564-954rc,f4774f7b-c5e4-4f46-a480-a1b1970fde36,1,2657.567164
2026/02/05/00:03:50,apply-time,rs-002564-r96wm,27ba89aa-e7af-4a19-be3e-71db74a0d0ba,1,2657.567164
2026/02/05/00:03:50,running-time,rs-002564-r96wm,27ba89aa-e7af-4a19-be3e-71db74a0d0ba,1,2657.567164
2026/02/05/00:03:50,apply-time,rs-002564-xspbj,631fc9bc-153a-4dc1-a1b3-3b829f53120a,1,2657.567164
2026/02/05/00:03:50,running-time,rs-002564-xspbj,631fc9bc-153a-4dc1-a1b3-3b829f53120a,1,2657.567164
2026/02/05/00:03:50,apply-time,rs-002565-9w7lm,b6d715a4-88e5-4031-9a03-bc1898064b65,1,2657.567164
2026/02/05/00:03:50,running-time,rs-002565-9w7lm,b6d715a4-88e5-4031-9a03-bc1898064b65,1,2657.567164
2026/02/05/00:03:51,apply-time,rs-002566-84ppf,d692067e-d068-4867-ac04-3969e4fa083f,1,2657.567164
2026/02/05/00:03:51,running-time,rs-002566-84ppf,d692067e-d068-4867-ac04-3969e4fa083f,1,2657.567164
2026/02/05/00:03:51,apply-time,rs-002566-hhrdm,36697d5a-b86d-43ac-a3b1-58a172cac1c2,1,2657.567164
2026/02/05/00:03:51,running-time,rs-002566-hhrdm,36697d5a-b86d-43ac-a3b1-58a172cac1c2,1,2657.567164
2026/02/05/00:03:51,apply-time,rs-002566-n2thq,477c5f60-7f7e-4532-86bb-91b5d361d72c,1,2657.567164
2026/02/05/00:03:51,running-time,rs-002566-n2thq,477c5f60-7f7e-4532-86bb-91b5d361d72c,1,2657.567164
2026/02/05/00:03:51,apply-time,rs-002567-dtnxc,42525c4e-18d4-4b24-bcd9-b43c0af50690,1,2658.567164
2026/02/05/00:03:51,running-time,rs-002567-dtnxc,42525c4e-18d4-4b24-bcd9-b43c0af50690,1,2658.567164
2026/02/05/00:03:51,apply-time,rs-002567-p45qt,249ec505-ba92-4026-b9b3-4a6f5e345a63,1,2657.567164
2026/02/05/00:03:51,running-time,rs-002567-p45qt,249ec505-ba92-4026-b9b3-4a6f5e345a63,1,2657.567164
2026/02/05/00:03:51,apply-time,rs-002567-v76rk,b43c1fca-7cbf-4d9f-8f46-c60795c6270e,1,2658.567164
2026/02/05/00:03:51,running-time,rs-002567-v76rk,b43c1fca-7cbf-4d9f-8f46-c60795c6270e,1,2658.567164
2026/02/05/00:03:51,apply-time,rs-002568-g6nq8,5804f742-a37f-45e2-94ac-fa6d55f54a34,1,2657.567164
2026/02/05/00:03:51,running-time,rs-002568-g6nq8,5804f742-a37f-45e2-94ac-fa6d55f54a34,1,2657.567164
2026/02/05/00:03:51,apply-time,rs-002569-4shkl,a739af8b-248b-4550-860b-3ef84f939c4d,1,2657.567164
2026/02/05/00:03:51,running-time,rs-002569-4shkl,a739af8b-248b-4550-860b-3ef84f939c4d,1,2657.567164
2026/02/05/00:03:51,apply-time,rs-002569-grqwr,be466e4a-adf4-4c3e-9205-ccf028b7a552,1,2658.567164
2026/02/05/00:03:51,running-time,rs-002569-grqwr,be466e4a-adf4-4c3e-9205-ccf028b7a552,1,2658.567164
2026/02/05/00:03:51,apply-time,rs-002569-p6czp,9385fbc1-f05c-4750-bba4-c3a642017115,1,2658.567164
2026/02/05/00:03:51,running-time,rs-002569-p6czp,9385fbc1-f05c-4750-bba4-c3a642017115,1,2658.567164
2026/02/05/00:03:51,apply-time,rs-002570-vxnc4,c9fe5d00-ee02-45ac-81a1-cb646e924920,1,2658.567164
2026/02/05/00:03:51,running-time,rs-002570-vxnc4,c9fe5d00-ee02-45ac-81a1-cb646e924920,1,2658.567164
2026/02/05/00:03:52,apply-time,rs-002571-d5mpt,12728ff1-bee0-49aa-818b-652d3deb507b,1,2659.567164
2026/02/05/00:03:52,running-time,rs-002571-d5mpt,12728ff1-bee0-49aa-818b-652d3deb507b,1,2659.567164
2026/02/05/00:03:52,apply-time,rs-002571-l9rp6,55df4a10-33b3-47c8-8196-f71287daab4b,1,2658.567164
2026/02/05/00:03:52,running-time,rs-002571-l9rp6,55df4a10-33b3-47c8-8196-f71287daab4b,1,2658.567164
2026/02/05/00:03:52,apply-time,rs-002571-q4cr9,05a5c896-1657-4ca2-aae4-b623e98546eb,1,2658.567164
2026/02/05/00:03:52,running-time,rs-002571-q4cr9,05a5c896-1657-4ca2-aae4-b623e98546eb,1,2658.567164
2026/02/05/00:03:52,apply-time,rs-002572-kqmbb,22b9ca53-1868-42f0-8b06-b7d91e6e3624,1,2659.567164
2026/02/05/00:03:52,running-time,rs-002572-kqmbb,22b9ca53-1868-42f0-8b06-b7d91e6e3624,1,2659.567164
2026/02/05/00:03:52,apply-time,rs-002572-vddbb,fa48c1f9-52ea-4b29-8517-4597230aada1,1,2659.567164
2026/02/05/00:03:52,running-time,rs-002572-vddbb,fa48c1f9-52ea-4b29-8517-4597230aada1,1,2659.567164
2026/02/05/00:03:54,apply-time,rs-002573-2zhjn,36d1cdc4-7ad3-463f-9ec7-c1f0640e1612,1,2660.567164
2026/02/05/00:03:54,running-time,rs-002573-2zhjn,36d1cdc4-7ad3-463f-9ec7-c1f0640e1612,1,2660.567164
2026/02/05/00:03:54,apply-time,rs-002573-h7lr4,3972e445-8538-4848-a22a-d1f5e627e470,1,2660.567164
2026/02/05/00:03:54,running-time,rs-002573-h7lr4,3972e445-8538-4848-a22a-d1f5e627e470,1,2660.567164
2026/02/05/00:04:03,apply-time,rs-002574-snm8z,0a7ef8ea-f42d-4036-9365-2be8dd198241,1,2669.567164
2026/02/05/00:04:03,running-time,rs-002574-snm8z,0a7ef8ea-f42d-4036-9365-2be8dd198241,1,2669.567164
2026/02/05/00:04:03,apply-time,rs-002575-khjtv,7289d8a3-ac29-4eaa-8d7b-40638357805e,1,2670.567164
2026/02/05/00:04:03,running-time,rs-002575-khjtv,7289d8a3-ac29-4eaa-8d7b-40638357805e,1,2670.567164
2026/02/05/00:04:03,apply-time,rs-002575-trgtc,8d456aa7-1d4b-4233-945e-35ccb16a585a,1,2670.567164
2026/02/05/00:04:03,running-time,rs-002575-trgtc,8d456aa7-1d4b-4233-945e-35ccb16a585a,1,2670.567164
2026/02/05/00:04:17,apply-time,rs-002576-8c62v,e1388a12-b1c2-4bf9-9daf-ae714fd7be07,1,2684.567164
2026/02/05/00:04:17,running-time,rs-002576-8c62v,e1388a12-b1c2-4bf9-9daf-ae714fd7be07,1,2684.567164
2026/02/05/00:04:17,apply-time,rs-002576-dgfsr,c8c70e58-bb23-4da1-88d4-ec88eb2d250c,1,2684.567164
2026/02/05/00:04:17,running-time,rs-002576-dgfsr,c8c70e58-bb23-4da1-88d4-ec88eb2d250c,1,2684.567164
2026/02/05/00:04:17,apply-time,rs-002577-4d7mz,075f5906-8ae1-4dee-b55a-6b300905684f,1,2684.567164
2026/02/05/00:04:17,running-time,rs-002577-4d7mz,075f5906-8ae1-4dee-b55a-6b300905684f,1,2684.567164
2026/02/05/00:04:17,apply-time,rs-002577-dxdxv,0ca95002-903f-4a00-9fa1-eb90a820ef91,1,2684.567164
2026/02/05/00:04:17,running-time,rs-002577-dxdxv,0ca95002-903f-4a00-9fa1-eb90a820ef91,1,2684.567164
2026/02/05/00:04:17,apply-time,rs-002577-jml2q,39334c78-61fc-49f7-9cb9-de1086f2b740,1,2684.567164
2026/02/05/00:04:17,running-time,rs-002577-jml2q,39334c78-61fc-49f7-9cb9-de1086f2b740,1,2684.567164
2026/02/05/00:04:17,apply-time,rs-002578-vtqtp,9463679f-7e78-4fd0-a02b-36333962a29b,1,2684.567164
2026/02/05/00:04:17,running-time,rs-002578-vtqtp,9463679f-7e78-4fd0-a02b-36333962a29b,1,2684.567164
2026/02/05/00:04:18,apply-time,rs-002579-6s729,cc405774-642b-44b8-8a40-97bd3f29550e,1,2684.567164
2026/02/05/00:04:18,running-time,rs-002579-6s729,cc405774-642b-44b8-8a40-97bd3f29550e,1,2684.567164
2026/02/05/00:04:18,apply-time,rs-002579-kwv7b,54639136-624e-450f-829e-fa550aae80cb,1,2684.567164
2026/02/05/00:04:18,running-time,rs-002579-kwv7b,54639136-624e-450f-829e-fa550aae80cb,1,2684.567164
2026/02/05/00:04:18,apply-time,rs-002580-6xpkk,4f0fdce8-2a30-4d83-be97-7594a4368d91,1,2684.567164
2026/02/05/00:04:18,running-time,rs-002580-6xpkk,4f0fdce8-2a30-4d83-be97-7594a4368d91,1,2684.567164
2026/02/05/00:04:18,apply-time,rs-002581-7klhl,195224f2-0815-4184-83dc-d2a75e4e91f0,1,2684.567164
2026/02/05/00:04:18,running-time,rs-002581-7klhl,195224f2-0815-4184-83dc-d2a75e4e91f0,1,2684.567164
2026/02/05/00:04:18,apply-time,rs-002582-59drj,a9bb5c69-c8ff-4d19-ad00-0245a9a192f5,1,2684.567164
2026/02/05/00:04:18,running-time,rs-002582-59drj,a9bb5c69-c8ff-4d19-ad00-0245a9a192f5,1,2685.567164
2026/02/05/00:04:18,apply-time,rs-002582-bm6lw,decb3afc-bede-4234-8ddf-272f2d89c5c4,1,2684.567164
2026/02/05/00:04:18,running-time,rs-002582-bm6lw,decb3afc-bede-4234-8ddf-272f2d89c5c4,1,2684.567164
2026/02/05/00:04:18,apply-time,rs-002582-r5mb2,82648173-a8dd-4469-948c-0017539d5119,1,2684.567164
2026/02/05/00:04:18,running-time,rs-002582-r5mb2,82648173-a8dd-4469-948c-0017539d5119,1,2685.567164
2026/02/05/00:04:19,apply-time,rs-002583-dqzql,8fb006ae-2041-4fd3-9c1b-384f05bce02e,1,2686.567164
2026/02/05/00:04:19,apply-time,rs-002583-lvvhx,e888d204-7ec7-4f17-982d-fb121319c94e,1,2686.567164
2026/02/05/00:04:20,running-time,rs-002583-dqzql,8fb006ae-2041-4fd3-9c1b-384f05bce02e,1,2686.567164
2026/02/05/00:04:20,running-time,rs-002583-lvvhx,e888d204-7ec7-4f17-982d-fb121319c94e,1,2686.567164
2026/02/05/00:04:26,apply-time,rs-002584-wnshf,448072f2-2e10-4521-b99d-63771771cce1,1,2693.567164
2026/02/05/00:04:26,running-time,rs-002584-wnshf,448072f2-2e10-4521-b99d-63771771cce1,1,2693.567164
2026/02/05/00:04:26,apply-time,rs-002585-7p5ks,e1db9090-0b49-4262-8120-0bc38c2bd540,1,2693.567164
2026/02/05/00:04:26,running-time,rs-002585-7p5ks,e1db9090-0b49-4262-8120-0bc38c2bd540,1,2693.567164
2026/02/05/00:04:26,apply-time,rs-002585-8jzg2,352ea49a-a805-4474-8cc9-20367bcb473d,1,2693.567164
2026/02/05/00:04:26,running-time,rs-002585-8jzg2,352ea49a-a805-4474-8cc9-20367bcb473d,1,2693.567164
2026/02/05/00:04:26,apply-time,rs-002586-k9222,5fce9248-062b-4b54-819a-4aca7131068f,1,2693.567164
2026/02/05/00:04:26,running-time,rs-002586-k9222,5fce9248-062b-4b54-819a-4aca7131068f,1,2693.567164
2026/02/05/00:04:26,apply-time,rs-002587-ghr4w,94abc501-1885-48c2-b707-99391a48751a,1,2693.567164
2026/02/05/00:04:26,running-time,rs-002587-ghr4w,94abc501-1885-48c2-b707-99391a48751a,1,2693.567164
2026/02/05/00:04:26,apply-time,rs-002587-zths5,c23973c4-e426-4db1-be3b-de27bc901f38,1,2693.567164
2026/02/05/00:04:26,running-time,rs-002587-zths5,c23973c4-e426-4db1-be3b-de27bc901f38,1,2693.567164
2026/02/05/00:04:31,apply-time,rs-002588-nrv7z,9a6d3797-1a78-4387-a874-e37f29b192ea,1,2698.567164
2026/02/05/00:04:31,running-time,rs-002588-nrv7z,9a6d3797-1a78-4387-a874-e37f29b192ea,1,2698.567164
2026/02/05/00:04:32,apply-time,rs-002589-mld9r,406c85d6-0219-442c-a813-da80d4b856e0,1,2698.567164
2026/02/05/00:04:32,running-time,rs-002589-mld9r,406c85d6-0219-442c-a813-da80d4b856e0,1,2698.567164
2026/02/05/00:04:32,apply-time,rs-002589-x9hdl,27dd9768-fe72-4a5c-9c6b-02111f61e83d,1,2698.567164
2026/02/05/00:04:32,running-time,rs-002589-x9hdl,27dd9768-fe72-4a5c-9c6b-02111f61e83d,1,2698.567164
2026/02/05/00:04:41,apply-time,rs-002590-dndzp,169b6496-9323-49e5-a5b9-1b30900dcb97,1,2708.567164
2026/02/05/00:04:41,running-time,rs-002590-dndzp,169b6496-9323-49e5-a5b9-1b30900dcb97,1,2708.567164
2026/02/05/00:04:41,apply-time,rs-002590-dzkj8,2f5f3a73-cb2c-45a0-b381-4d6d504dacbf,1,2708.567164
2026/02/05/00:04:41,running-time,rs-002590-dzkj8,2f5f3a73-cb2c-45a0-b381-4d6d504dacbf,1,2708.567164
2026/02/05/00:04:41,apply-time,rs-002590-g8rnd,d3ae86e6-2fdc-4df8-a48c-bfcc16349861,1,2708.567164
2026/02/05/00:04:41,running-time,rs-002590-g8rnd,d3ae86e6-2fdc-4df8-a48c-bfcc16349861,1,2708.567164
2026/02/05/00:04:41,apply-time,rs-002591-696kj,e5784f83-3486-4291-8d47-e6911c26e254,1,2708.567164
2026/02/05/00:04:41,running-time,rs-002591-696kj,e5784f83-3486-4291-8d47-e6911c26e254,1,2708.567164
2026/02/05/00:04:41,apply-time,rs-002591-8s7b9,dbc9def2-48cc-41c9-b280-3417819b08a2,1,2708.567164
2026/02/05/00:04:41,running-time,rs-002591-8s7b9,dbc9def2-48cc-41c9-b280-3417819b08a2,1,2708.567164
2026/02/05/00:04:41,apply-time,rs-002592-gdtwt,45f0baf9-6319-4ae6-a162-16e27fe97558,1,2708.567164
2026/02/05/00:04:41,running-time,rs-002592-gdtwt,45f0baf9-6319-4ae6-a162-16e27fe97558,1,2708.567164
2026/02/05/00:04:41,apply-time,rs-002593-9tqm8,c9e77e0d-b376-4234-ae8f-c4ea2f2baf38,1,2708.567164
2026/02/05/00:04:41,running-time,rs-002593-9tqm8,c9e77e0d-b376-4234-ae8f-c4ea2f2baf38,1,2708.567164
2026/02/05/00:04:41,apply-time,rs-002593-cnmqp,0fcd6f55-7eb1-4d23-b213-822d3acf7843,1,2708.567164
2026/02/05/00:04:41,running-time,rs-002593-cnmqp,0fcd6f55-7eb1-4d23-b213-822d3acf7843,1,2708.567164
2026/02/05/00:04:41,apply-time,rs-002594-rn28z,b1e60f14-7ec0-43c3-9190-97270c6a13bb,1,2708.567164
2026/02/05/00:04:41,running-time,rs-002594-rn28z,b1e60f14-7ec0-43c3-9190-97270c6a13bb,1,2708.567164
2026/02/05/00:04:42,apply-time,rs-002595-2rzq6,a594d4c2-52cc-4f2e-b052-f72075f0280d,1,2708.567164
2026/02/05/00:04:42,running-time,rs-002595-2rzq6,a594d4c2-52cc-4f2e-b052-f72075f0280d,1,2708.567164
2026/02/05/00:04:42,apply-time,rs-002595-6mtm5,960fe3bf-212e-4f24-bd25-544293ee569f,1,2708.567164
2026/02/05/00:04:42,running-time,rs-002595-6mtm5,960fe3bf-212e-4f24-bd25-544293ee569f,1,2708.567164
2026/02/05/00:04:42,apply-time,rs-002596-4vsgk,e1618ec1-24ad-4729-b816-258ea3fac54f,1,2708.567164
2026/02/05/00:04:42,running-time,rs-002596-4vsgk,e1618ec1-24ad-4729-b816-258ea3fac54f,1,2708.567164
2026/02/05/00:04:42,apply-time,rs-002597-9mvpx,94b014d3-f498-4189-983f-75afea7337d7,1,2708.567164
2026/02/05/00:04:42,running-time,rs-002597-9mvpx,94b014d3-f498-4189-983f-75afea7337d7,1,2708.567164
2026/02/05/00:04:42,apply-time,rs-002597-jg48x,a2670e8d-2b80-47d0-8cd4-fab259381e92,1,2708.567164
2026/02/05/00:04:42,running-time,rs-002597-jg48x,a2670e8d-2b80-47d0-8cd4-fab259381e92,1,2708.567164
2026/02/05/00:04:42,apply-time,rs-002597-xtkdf,dd9cfa64-007b-4939-9bac-29478383175e,1,2708.567164
2026/02/05/00:04:42,running-time,rs-002597-xtkdf,dd9cfa64-007b-4939-9bac-29478383175e,1,2708.567164
2026/02/05/00:04:42,apply-time,rs-002598-lwp4p,4cb9a76c-6731-4650-8373-551f3472cc70,1,2708.567164
2026/02/05/00:04:42,running-time,rs-002598-lwp4p,4cb9a76c-6731-4650-8373-551f3472cc70,1,2708.567164
2026/02/05/00:04:42,apply-time,rs-002598-qrfdx,672ca245-494f-4a27-85a4-384ea6e4d361,1,2709.567164
2026/02/05/00:04:42,running-time,rs-002598-qrfdx,672ca245-494f-4a27-85a4-384ea6e4d361,1,2709.567164
2026/02/05/00:04:42,apply-time,rs-002599-8hwvf,479f350d-8644-4c52-8cd5-13f37d8a8569,1,2709.567164
2026/02/05/00:04:42,running-time,rs-002599-8hwvf,479f350d-8644-4c52-8cd5-13f37d8a8569,1,2709.567164
2026/02/05/00:04:44,apply-time,rs-002600-99m57,bc2ca818-2ed5-4fc1-a2e9-205a5d602b89,1,2710.567164
2026/02/05/00:04:44,running-time,rs-002600-99m57,bc2ca818-2ed5-4fc1-a2e9-205a5d602b89,1,2711.567164
2026/02/05/00:04:44,apply-time,rs-002600-br6wv,d4dcfb81-0b37-45fa-82ea-97368818dd84,1,2710.567164
2026/02/05/00:04:44,running-time,rs-002600-br6wv,d4dcfb81-0b37-45fa-82ea-97368818dd84,1,2711.567164
2026/02/05/00:04:44,apply-time,rs-002601-29zrm,52a40aa1-f959-4d5e-8716-1ce9ea5b74f1,1,2710.567164
2026/02/05/00:04:44,running-time,rs-002601-29zrm,52a40aa1-f959-4d5e-8716-1ce9ea5b74f1,1,2711.567164
2026/02/05/00:04:44,apply-time,rs-002601-hf6cd,e2a08079-0c3b-4652-909c-78fbcfb874e3,1,2710.567164
2026/02/05/00:04:44,running-time,rs-002601-hf6cd,e2a08079-0c3b-4652-909c-78fbcfb874e3,1,2711.567164
2026/02/05/00:04:44,apply-time,rs-002602-45xk8,d9ceee8c-ab1a-47f6-beb8-bad7d10267d8,1,2710.567164
2026/02/05/00:04:44,running-time,rs-002602-45xk8,d9ceee8c-ab1a-47f6-beb8-bad7d10267d8,1,2710.567164
2026/02/05/00:04:44,apply-time,rs-002602-8g8qn,650192a3-0f84-442b-936a-2dee0b892326,1,2710.567164
2026/02/05/00:04:44,running-time,rs-002602-8g8qn,650192a3-0f84-442b-936a-2dee0b892326,1,2710.567164
2026/02/05/00:04:44,apply-time,rs-002602-9pm5l,33cbbd6c-e37d-4431-ac92-57d834314672,1,2710.567164
2026/02/05/00:04:44,running-time,rs-002602-9pm5l,33cbbd6c-e37d-4431-ac92-57d834314672,1,2710.567164
2026/02/05/00:04:44,apply-time,rs-002603-727g2,a4eda6ef-ee27-43c4-950d-21d0fc73cbb9,1,2711.567164
2026/02/05/00:04:44,apply-time,rs-002603-sj7rs,2ac84a2e-c3e6-4d94-8557-11f8bcf5e339,1,2711.567164
2026/02/05/00:04:44,apply-time,rs-002604-jpfxd,a799a256-7ebb-47c4-852c-f3cd545214af,1,2711.567164
2026/02/05/00:04:44,running-time,rs-002604-jpfxd,a799a256-7ebb-47c4-852c-f3cd545214af,1,2711.567164
2026/02/05/00:04:44,apply-time,rs-002605-j5qr4,86ffb081-56de-4bf8-9d3d-77c9a910d89e,1,2711.567164
2026/02/05/00:04:44,running-time,rs-002605-j5qr4,86ffb081-56de-4bf8-9d3d-77c9a910d89e,1,2711.567164
2026/02/05/00:04:45,apply-time,rs-002605-l2hk4,74596fb5-cd51-4836-9236-92c0a21c926a,1,2711.567164
2026/02/05/00:04:45,running-time,rs-002605-l2hk4,74596fb5-cd51-4836-9236-92c0a21c926a,1,2711.567164
2026/02/05/00:04:45,apply-time,rs-002605-v6mxv,d833406f-e3c1-48b7-aa83-879282f4ae21,1,2711.567164
2026/02/05/00:04:45,running-time,rs-002605-v6mxv,d833406f-e3c1-48b7-aa83-879282f4ae21,1,2711.567164
2026/02/05/00:04:45,apply-time,rs-002606-f2l7f,5cdff67e-8227-45b6-ac57-82fec582929f,1,2711.567164
2026/02/05/00:04:45,running-time,rs-002606-f2l7f,5cdff67e-8227-45b6-ac57-82fec582929f,1,2711.567164
2026/02/05/00:04:45,apply-time,rs-002606-hrqfk,585ac361-16b6-4b72-8fa8-c2429c9b1aed,1,2711.567164
2026/02/05/00:04:45,running-time,rs-002606-hrqfk,585ac361-16b6-4b72-8fa8-c2429c9b1aed,1,2711.567164
2026/02/05/00:04:46,running-time,rs-002603-727g2,a4eda6ef-ee27-43c4-950d-21d0fc73cbb9,1,2712.567164
2026/02/05/00:04:46,running-time,rs-002603-sj7rs,2ac84a2e-c3e6-4d94-8557-11f8bcf5e339,1,2712.567164
2026/02/05/00:04:52,apply-time,rs-002607-4mccl,830848b6-20e7-4186-935f-49b9e72f8566,1,2719.567164
2026/02/05/00:04:52,apply-time,rs-002607-5gn48,6f7b34cd-86e2-4092-bd70-d6fb74c76e7e,1,2719.567164
2026/02/05/00:04:52,apply-time,rs-002607-qm9fc,8dac0930-1687-49d5-b194-c49c62be745a,1,2719.567164
2026/02/05/00:04:53,running-time,rs-002607-4mccl,830848b6-20e7-4186-935f-49b9e72f8566,1,2719.567164
2026/02/05/00:04:53,running-time,rs-002607-5gn48,6f7b34cd-86e2-4092-bd70-d6fb74c76e7e,1,2719.567164
2026/02/05/00:04:53,running-time,rs-002607-qm9fc,8dac0930-1687-49d5-b194-c49c62be745a,1,2719.567164
2026/02/05/00:04:56,apply-time,rs-002608-sl2bl,d0923f53-cbea-4970-b112-3a98507ecec6,1,2723.567164
2026/02/05/00:04:56,running-time,rs-002608-sl2bl,d0923f53-cbea-4970-b112-3a98507ecec6,1,2723.567164
2026/02/05/00:04:56,apply-time,rs-002609-kswhb,ebf0ec80-00f4-4462-ade5-3978c6b8a8ce,1,2723.567164
2026/02/05/00:04:56,running-time,rs-002609-kswhb,ebf0ec80-00f4-4462-ade5-3978c6b8a8ce,1,2723.567164
2026/02/05/00:04:56,apply-time,rs-002609-lvk9c,766913e1-c1be-4c72-943d-ce852635aa21,1,2723.567164
2026/02/05/00:04:56,running-time,rs-002609-lvk9c,766913e1-c1be-4c72-943d-ce852635aa21,1,2723.567164
2026/02/05/00:04:56,apply-time,rs-002610-nwncb,2d2c4e8a-95a9-47ff-8a46-c71276219ac9,1,2723.567164
2026/02/05/00:04:56,running-time,rs-002610-nwncb,2d2c4e8a-95a9-47ff-8a46-c71276219ac9,1,2723.567164
2026/02/05/00:05:01,apply-time,rs-002611-dhjjr,4f28a4d5-2295-4d9e-a0f8-8fae1fc468a5,1,2727.567164
2026/02/05/00:05:01,running-time,rs-002611-dhjjr,4f28a4d5-2295-4d9e-a0f8-8fae1fc468a5,1,2728.567164
2026/02/05/00:05:01,apply-time,rs-002611-vrt92,d0c1da9a-95fd-45d2-a8c2-66f95c2116b5,1,2727.567164
2026/02/05/00:05:01,running-time,rs-002611-vrt92,d0c1da9a-95fd-45d2-a8c2-66f95c2116b5,1,2728.567164
2026/02/05/00:05:01,apply-time,rs-002611-zv4wm,5d4407ab-f102-4250-b34f-d17a8c9ce9d8,1,2727.567164
2026/02/05/00:05:01,running-time,rs-002611-zv4wm,5d4407ab-f102-4250-b34f-d17a8c9ce9d8,1,2728.567164
2026/02/05/00:05:01,apply-time,rs-002612-gxznb,0e7063df-a315-4a5b-9085-9acd2d5654f1,1,2728.567164
2026/02/05/00:05:01,running-time,rs-002612-gxznb,0e7063df-a315-4a5b-9085-9acd2d5654f1,1,2728.567164
2026/02/05/00:05:02,apply-time,rs-002613-ff4kt,73f00bae-c718-4d69-8834-bb10c5db01d0,1,2729.567164
2026/02/05/00:05:02,apply-time,rs-002613-jdqsk,d4fdfdab-c4c4-4007-8d01-67ce93f57dde,1,2729.567164
2026/02/05/00:05:02,apply-time,rs-002613-wklvv,2eca042b-b10e-43f2-9a8d-45e7344e378e,1,2729.567164
2026/02/05/00:05:02,running-time,rs-002613-wklvv,2eca042b-b10e-43f2-9a8d-45e7344e378e,1,2729.567164
2026/02/05/00:05:02,apply-time,rs-002614-j9bdm,cb51eab9-b2c9-476c-a6b2-3f7ec1d83fdd,1,2729.567164
2026/02/05/00:05:02,running-time,rs-002614-j9bdm,cb51eab9-b2c9-476c-a6b2-3f7ec1d83fdd,1,2729.567164
2026/02/05/00:05:02,apply-time,rs-002614-sls7c,66339fe0-30a0-4e10-ba7e-288a7f8b99a4,1,2729.567164
2026/02/05/00:05:02,running-time,rs-002614-sls7c,66339fe0-30a0-4e10-ba7e-288a7f8b99a4,1,2729.567164
2026/02/05/00:05:02,apply-time,rs-002615-dvwlp,3a087fec-1c18-4fba-b90d-e08e4ecc20f0,1,2729.567164
2026/02/05/00:05:02,apply-time,rs-002616-4tnvs,081b09d6-20b3-446d-82be-f36e699fae00,1,2729.567164
2026/02/05/00:05:03,running-time,rs-002613-ff4kt,73f00bae-c718-4d69-8834-bb10c5db01d0,1,2729.567164
2026/02/05/00:05:03,running-time,rs-002613-jdqsk,d4fdfdab-c4c4-4007-8d01-67ce93f57dde,1,2729.567164
2026/02/05/00:05:03,running-time,rs-002615-dvwlp,3a087fec-1c18-4fba-b90d-e08e4ecc20f0,1,2729.567164
2026/02/05/00:05:03,apply-time,rs-002615-lmjq7,800130f0-d38e-4ebb-94c3-884129e48557,1,2729.567164
2026/02/05/00:05:03,running-time,rs-002615-lmjq7,800130f0-d38e-4ebb-94c3-884129e48557,1,2729.567164
2026/02/05/00:05:03,apply-time,rs-002615-vtk94,870b5308-831b-4409-a33e-ffc406d2a983,1,2729.567164
2026/02/05/00:05:03,running-time,rs-002615-vtk94,870b5308-831b-4409-a33e-ffc406d2a983,1,2729.567164
2026/02/05/00:05:03,running-time,rs-002616-4tnvs,081b09d6-20b3-446d-82be-f36e699fae00,1,2729.567164
2026/02/05/00:05:03,apply-time,rs-002616-sr99h,2a9ac99b-bf33-45e4-9304-df5c42afacfe,1,2729.567164
2026/02/05/00:05:03,running-time,rs-002616-sr99h,2a9ac99b-bf33-45e4-9304-df5c42afacfe,1,2729.567164
2026/02/05/00:05:03,apply-time,rs-002617-fp778,e03f042e-621d-4273-9eee-d5752674352f,1,2729.567164
2026/02/05/00:05:03,running-time,rs-002617-fp778,e03f042e-621d-4273-9eee-d5752674352f,1,2729.567164
2026/02/05/00:05:03,apply-time,rs-002618-2nsb9,0b3ad221-3d52-4cb5-9cc6-2b65c50dfb10,1,2729.567164
2026/02/05/00:05:03,apply-time,rs-002619-87ddj,79fce728-1122-469e-993a-9ce40c6d1cb2,1,2729.567164
2026/02/05/00:05:03,running-time,rs-002619-87ddj,79fce728-1122-469e-993a-9ce40c6d1cb2,1,2729.567164
2026/02/05/00:05:03,apply-time,rs-002619-t7dmb,cd47d2e5-87e5-4447-bb59-606b30e43af2,1,2730.567164
2026/02/05/00:05:03,running-time,rs-002619-t7dmb,cd47d2e5-87e5-4447-bb59-606b30e43af2,1,2730.567164
2026/02/05/00:05:03,apply-time,rs-002620-c5b5k,007aba03-fe08-4f8c-aff3-5bcab10b1e7f,1,2730.567164
2026/02/05/00:05:03,running-time,rs-002620-c5b5k,007aba03-fe08-4f8c-aff3-5bcab10b1e7f,1,2730.567164
2026/02/05/00:05:03,apply-time,rs-002620-pnx9f,4bda3502-b4ff-4a3c-98c9-63f14b230f54,1,2730.567164
2026/02/05/00:05:03,running-time,rs-002620-pnx9f,4bda3502-b4ff-4a3c-98c9-63f14b230f54,1,2730.567164
2026/02/05/00:05:03,apply-time,rs-002620-zrf2r,9b641de0-c3a3-4b1a-ad40-f3f660f115a4,1,2730.567164
2026/02/05/00:05:03,running-time,rs-002620-zrf2r,9b641de0-c3a3-4b1a-ad40-f3f660f115a4,1,2730.567164
2026/02/05/00:05:08,apply-time,rs-002591-5x4pb,17d3ee12-7410-4dec-bdb4-f430a1b51d1d,1,2735.567164
2026/02/05/00:05:08,running-time,rs-002591-5x4pb,17d3ee12-7410-4dec-bdb4-f430a1b51d1d,1,2735.567164
2026/02/05/00:05:08,running-time,rs-002618-2nsb9,0b3ad221-3d52-4cb5-9cc6-2b65c50dfb10,1,2735.567164
2026/02/05/00:05:11,apply-time,rs-002621-f8qqb,77862406-21a0-4636-8aa5-4da14e019673,1,2738.567164
2026/02/05/00:05:11,running-time,rs-002621-f8qqb,77862406-21a0-4636-8aa5-4da14e019673,1,2738.567164
2026/02/05/00:05:11,apply-time,rs-002621-mz9fn,4d06ac5f-9cb7-46a0-9cfa-1339a61e12a1,1,2738.567164
2026/02/05/00:05:11,running-time,rs-002621-mz9fn,4d06ac5f-9cb7-46a0-9cfa-1339a61e12a1,1,2738.567164
2026/02/05/00:05:11,apply-time,rs-002622-6zfr2,5c1e7466-e37d-464a-a654-07c2800dc32e,1,2738.567164
2026/02/05/00:05:11,apply-time,rs-002622-gwrht,3d1588aa-b84b-4cdb-b615-5fbcb1daeca9,1,2738.567164
2026/02/05/00:05:11,apply-time,rs-002622-wzv6f,9af9ba12-6b14-4427-88ce-129133a6a885,1,2738.567164
2026/02/05/00:05:11,running-time,rs-002622-wzv6f,9af9ba12-6b14-4427-88ce-129133a6a885,1,2738.567164
2026/02/05/00:05:12,running-time,rs-002622-gwrht,3d1588aa-b84b-4cdb-b615-5fbcb1daeca9,1,2739.567164
2026/02/05/00:05:14,running-time,rs-002622-6zfr2,5c1e7466-e37d-464a-a654-07c2800dc32e,1,2741.567164
2026/02/05/00:05:14,apply-time,rs-002623-jxqkw,12f66cb4-7136-4443-ae97-a66ab8b92bfd,1,2740.567164
2026/02/05/00:05:14,running-time,rs-002623-jxqkw,12f66cb4-7136-4443-ae97-a66ab8b92bfd,1,2740.567164
2026/02/05/00:05:14,apply-time,rs-002624-f89bx,73330fde-a634-41f6-8f36-f29e76b23f2f,1,2741.567164
2026/02/05/00:05:14,running-time,rs-002624-f89bx,73330fde-a634-41f6-8f36-f29e76b23f2f,1,2741.567164
2026/02/05/00:05:14,apply-time,rs-002624-lhtfr,b351945a-9f51-4975-bbd8-f6c997c65bbc,1,2741.567164
2026/02/05/00:05:14,running-time,rs-002624-lhtfr,b351945a-9f51-4975-bbd8-f6c997c65bbc,1,2741.567164
2026/02/05/00:05:14,apply-time,rs-002624-pwbk9,a30ecd05-b3ac-4547-9d3d-28157af04e32,1,2741.567164
2026/02/05/00:05:14,running-time,rs-002624-pwbk9,a30ecd05-b3ac-4547-9d3d-28157af04e32,1,2741.567164
2026/02/05/00:05:14,apply-time,rs-002625-gwj86,e22a0c2c-7173-47c8-95a1-badcea97f59c,1,2741.567164
2026/02/05/00:05:14,running-time,rs-002625-gwj86,e22a0c2c-7173-47c8-95a1-badcea97f59c,1,2741.567164
2026/02/05/00:05:14,apply-time,rs-002625-x4qbr,5c5e0467-3e8a-4876-8604-582255e22df0,1,2741.567164
2026/02/05/00:05:14,running-time,rs-002625-x4qbr,5c5e0467-3e8a-4876-8604-582255e22df0,1,2741.567164
2026/02/05/00:05:17,apply-time,rs-002626-bs5pb,0d0caa7c-300a-4590-bd6b-959c2cf91164,1,2744.567164
2026/02/05/00:05:17,apply-time,rs-002626-km97s,e744e287-457e-4c57-8373-4aa389e1430f,1,2744.567164
2026/02/05/00:05:17,apply-time,rs-002627-7hj2q,e0981b2f-f109-4177-9b86-21275691e5ec,1,2744.567164
2026/02/05/00:05:17,apply-time,rs-002627-pkg9t,eaad74d8-dac4-4b7d-a69d-8f95ab71d3e3,1,2744.567164
2026/02/05/00:05:17,running-time,rs-002627-pkg9t,eaad74d8-dac4-4b7d-a69d-8f95ab71d3e3,1,2744.567164
2026/02/05/00:05:17,apply-time,rs-002627-rmrnj,450fa527-f1f4-49ee-9ebc-b55e8e5e9657,1,2744.567164
2026/02/05/00:05:17,apply-time,rs-002628-xwtwx,c941561a-8b9c-4088-a450-3a9c57657378,1,2744.567164
2026/02/05/00:05:17,running-time,rs-002628-xwtwx,c941561a-8b9c-4088-a450-3a9c57657378,1,2744.567164
2026/02/05/00:05:18,running-time,rs-002626-bs5pb,0d0caa7c-300a-4590-bd6b-959c2cf91164,1,2745.567164
2026/02/05/00:05:18,running-time,rs-002626-km97s,e744e287-457e-4c57-8373-4aa389e1430f,1,2745.567164
2026/02/05/00:05:18,running-time,rs-002627-7hj2q,e0981b2f-f109-4177-9b86-21275691e5ec,1,2744.567164
2026/02/05/00:05:18,running-time,rs-002627-rmrnj,450fa527-f1f4-49ee-9ebc-b55e8e5e9657,1,2744.567164
2026/02/05/00:05:18,apply-time,rs-002629-tj848,5c907bc6-0536-481d-ac08-0769d9650972,1,2744.567164
2026/02/05/00:05:18,running-time,rs-002629-tj848,5c907bc6-0536-481d-ac08-0769d9650972,1,2744.567164
2026/02/05/00:05:18,apply-time,rs-002630-f88l9,b9b321b5-2f5d-4502-9aec-9f0bbf76aa1c,1,2744.567164
2026/02/05/00:05:18,running-time,rs-002630-f88l9,b9b321b5-2f5d-4502-9aec-9f0bbf76aa1c,1,2744.567164
2026/02/05/00:05:18,apply-time,rs-002630-lh2f5,d012ba6a-6b71-4f2d-9331-5f62b508e7bd,1,2744.567164
2026/02/05/00:05:18,running-time,rs-002630-lh2f5,d012ba6a-6b71-4f2d-9331-5f62b508e7bd,1,2744.567164
2026/02/05/00:05:18,apply-time,rs-002630-mpx4p,9913ffe6-2600-4953-b258-803efa9ef026,1,2744.567164
2026/02/05/00:05:18,running-time,rs-002630-mpx4p,9913ffe6-2600-4953-b258-803efa9ef026,1,2744.567164
2026/02/05/00:05:18,apply-time,rs-002631-8mvrl,90ca46c0-de73-4b80-9690-e6220e5b1e3f,1,2745.567164
2026/02/05/00:05:18,running-time,rs-002631-8mvrl,90ca46c0-de73-4b80-9690-e6220e5b1e3f,1,2745.567164
2026/02/05/00:05:18,apply-time,rs-002631-rrng5,78f3bb2e-1fb6-4413-851b-50023ad40cae,1,2745.567164
2026/02/05/00:05:18,running-time,rs-002631-rrng5,78f3bb2e-1fb6-4413-851b-50023ad40cae,1,2745.567164
2026/02/05/00:05:18,apply-time,rs-002632-rg5hg,dbebcd32-8ad7-44a4-8e35-dcd10729a826,1,2745.567164
2026/02/05/00:05:18,running-time,rs-002632-rg5hg,dbebcd32-8ad7-44a4-8e35-dcd10729a826,1,2745.567164
2026/02/05/00:05:23,apply-time,rs-002633-qzd5r,bdb2f363-0801-489b-aa5b-d8ddcaec67ec,1,2750.567164
2026/02/05/00:05:23,running-time,rs-002633-qzd5r,bdb2f363-0801-489b-aa5b-d8ddcaec67ec,1,2750.567164
2026/02/05/00:05:23,apply-time,rs-002634-dxk4z,e234f5cb-bb88-41d4-be5a-24bd961404f8,1,2750.567164
2026/02/05/00:05:23,running-time,rs-002634-dxk4z,e234f5cb-bb88-41d4-be5a-24bd961404f8,1,2750.567164
2026/02/05/00:05:23,apply-time,rs-002634-hdnwp,8de536f9-e9cb-487b-94e4-01a21bc32bd1,1,2750.567164
2026/02/05/00:05:23,running-time,rs-002634-hdnwp,8de536f9-e9cb-487b-94e4-01a21bc32bd1,1,2750.567164
2026/02/05/00:05:23,apply-time,rs-002635-jcm67,a71f5e79-77af-49f8-b742-89b4b67622c8,1,2750.567164
2026/02/05/00:05:23,running-time,rs-002635-jcm67,a71f5e79-77af-49f8-b742-89b4b67622c8,1,2750.567164
2026/02/05/00:05:23,apply-time,rs-002635-qxfhx,ce44be16-f1ac-4de6-804c-d5d85083c857,1,2750.567164
2026/02/05/00:05:23,running-time,rs-002635-qxfhx,ce44be16-f1ac-4de6-804c-d5d85083c857,1,2750.567164
2026/02/05/00:05:23,apply-time,rs-002635-rhsmz,b53c9e36-aaf1-484c-adbd-53dd070192ab,1,2750.567164
2026/02/05/00:05:23,running-time,rs-002635-rhsmz,b53c9e36-aaf1-484c-adbd-53dd070192ab,1,2750.567164
2026/02/05/00:05:23,apply-time,rs-002636-j6rhc,e1a08712-fa9e-4c4d-9b0e-9ddc162ec714,1,2750.567164
2026/02/05/00:05:23,running-time,rs-002636-j6rhc,e1a08712-fa9e-4c4d-9b0e-9ddc162ec714,1,2750.567164
2026/02/05/00:05:23,apply-time,rs-002636-kh4tz,cf7ed53d-7958-4897-b624-8f4443681fce,1,2750.567164
2026/02/05/00:05:23,running-time,rs-002636-kh4tz,cf7ed53d-7958-4897-b624-8f4443681fce,1,2750.567164
2026/02/05/00:05:23,apply-time,rs-002636-vgfwc,cda93583-b539-4732-b35f-f076059e1763,1,2750.567164
2026/02/05/00:05:23,running-time,rs-002636-vgfwc,cda93583-b539-4732-b35f-f076059e1763,1,2750.567164
2026/02/05/00:05:23,apply-time,rs-002637-kh992,2d47409b-d1ed-45b7-9b4e-a442388f1229,1,2750.567164
2026/02/05/00:05:23,running-time,rs-002637-kh992,2d47409b-d1ed-45b7-9b4e-a442388f1229,1,2750.567164
2026/02/05/00:05:23,apply-time,rs-002637-m2p6k,52498538-2d53-40e5-86ac-7959734408e1,1,2750.567164
2026/02/05/00:05:23,running-time,rs-002637-m2p6k,52498538-2d53-40e5-86ac-7959734408e1,1,2750.567164
2026/02/05/00:05:23,apply-time,rs-002637-mds7d,e498d689-d9a6-42cc-bcd8-25b19a246c7b,1,2750.567164
2026/02/05/00:05:23,running-time,rs-002637-mds7d,e498d689-d9a6-42cc-bcd8-25b19a246c7b,1,2750.567164
2026/02/05/00:05:23,apply-time,rs-002638-fxhhx,ed16b9be-29d0-4fc5-9d31-c569717b1430,1,2750.567164
2026/02/05/00:05:23,running-time,rs-002638-fxhhx,ed16b9be-29d0-4fc5-9d31-c569717b1430,1,2750.567164
2026/02/05/00:05:24,apply-time,rs-002639-j757j,fba70ee7-8b11-4998-bc75-cb27d79b4e50,1,2751.567164
2026/02/05/00:05:24,running-time,rs-002639-j757j,fba70ee7-8b11-4998-bc75-cb27d79b4e50,1,2751.567164
2026/02/05/00:05:24,apply-time,rs-002639-pgkw7,ad900102-d5ae-4458-a687-08d9db31cb68,1,2750.567164
2026/02/05/00:05:24,running-time,rs-002639-pgkw7,ad900102-d5ae-4458-a687-08d9db31cb68,1,2750.567164
2026/02/05/00:05:24,apply-time,rs-002640-hlg28,b6e052c2-9dac-46f9-8009-762734b4d4db,1,2750.567164
2026/02/05/00:05:24,running-time,rs-002640-hlg28,b6e052c2-9dac-46f9-8009-762734b4d4db,1,2750.567164
2026/02/05/00:05:24,apply-time,rs-002641-gr47m,8d95ea38-5d00-42e4-99a7-82701942eb8e,1,2750.567164
2026/02/05/00:05:24,running-time,rs-002641-gr47m,8d95ea38-5d00-42e4-99a7-82701942eb8e,1,2750.567164
2026/02/05/00:05:24,apply-time,rs-002642-8l5bp,cbcfc78f-1cdd-4403-903e-32d0b56d677d,1,2750.567164
2026/02/05/00:05:24,running-time,rs-002642-8l5bp,cbcfc78f-1cdd-4403-903e-32d0b56d677d,1,2750.567164
2026/02/05/00:05:24,apply-time,rs-002642-dbbz7,984316a4-f3ac-40c8-9c48-b9ae7d3d2614,1,2751.567164
2026/02/05/00:05:24,running-time,rs-002642-dbbz7,984316a4-f3ac-40c8-9c48-b9ae7d3d2614,1,2751.567164
2026/02/05/00:05:24,apply-time,rs-002642-sn8c5,a5b183ca-b929-454e-b805-264eb34e792e,1,2751.567164
2026/02/05/00:05:24,running-time,rs-002642-sn8c5,a5b183ca-b929-454e-b805-264eb34e792e,1,2751.567164
2026/02/05/00:05:25,apply-time,rs-002643-2kbzf,b80cda2a-3155-4a92-8476-c074e84113ed,1,2752.567164
2026/02/05/00:05:25,apply-time,rs-002643-4mvkr,f34ce45a-5c0c-466b-a882-4a9855408089,1,2751.567164
2026/02/05/00:05:25,running-time,rs-002643-4mvkr,f34ce45a-5c0c-466b-a882-4a9855408089,1,2752.567164
2026/02/05/00:05:25,apply-time,rs-002643-cfc5r,07024505-726d-4b60-9ad2-576c81e3b8e7,1,2752.567164
2026/02/05/00:05:25,apply-time,rs-002644-cxgr2,1d0d128c-47ef-45b2-8576-6fc1ed90276f,1,2751.567164
2026/02/05/00:05:25,running-time,rs-002644-cxgr2,1d0d128c-47ef-45b2-8576-6fc1ed90276f,1,2751.567164
2026/02/05/00:05:25,apply-time,rs-002644-rkx5c,4fbcfec6-db63-4601-8136-88064c78404a,1,2752.567164
2026/02/05/00:05:25,running-time,rs-002644-rkx5c,4fbcfec6-db63-4601-8136-88064c78404a,1,2752.567164
2026/02/05/00:05:25,apply-time,rs-002646-fps6n,b834e024-c40c-4355-9b81-5433bc8c13f8,1,2752.567164
2026/02/05/00:05:25,running-time,rs-002646-fps6n,b834e024-c40c-4355-9b81-5433bc8c13f8,1,2752.567164
2026/02/05/00:05:25,apply-time,rs-002646-x8mb2,e61e80ec-cadd-4bb0-882e-2e9f6cfe4918,1,2752.567164
2026/02/05/00:05:25,running-time,rs-002646-x8mb2,e61e80ec-cadd-4bb0-882e-2e9f6cfe4918,1,2752.567164
2026/02/05/00:05:25,apply-time,rs-002646-xk6h4,2425f3f8-6639-42f7-a4ad-da9373851a9b,1,2752.567164
2026/02/05/00:05:25,running-time,rs-002646-xk6h4,2425f3f8-6639-42f7-a4ad-da9373851a9b,1,2752.567164
2026/02/05/00:05:25,apply-time,rs-002647-vx48l,c0392b5f-4e7a-40be-a5fb-cb62f13f5ce4,1,2752.567164
2026/02/05/00:05:25,running-time,rs-002647-vx48l,c0392b5f-4e7a-40be-a5fb-cb62f13f5ce4,1,2752.567164
2026/02/05/00:05:25,apply-time,rs-002648-n5bvc,0829d45d-0ccf-4a29-a366-114e4d315647,1,2752.567164
2026/02/05/00:05:25,running-time,rs-002648-n5bvc,0829d45d-0ccf-4a29-a366-114e4d315647,1,2752.567164
2026/02/05/00:05:26,running-time,rs-002643-2kbzf,b80cda2a-3155-4a92-8476-c074e84113ed,1,2752.567164
2026/02/05/00:05:26,running-time,rs-002643-cfc5r,07024505-726d-4b60-9ad2-576c81e3b8e7,1,2753.567164
2026/02/05/00:05:26,apply-time,rs-002645-xsr2r,d81da3ba-9dd5-47fa-9de2-d3a9d15a49ce,1,2752.567164
2026/02/05/00:05:26,running-time,rs-002645-xsr2r,d81da3ba-9dd5-47fa-9de2-d3a9d15a49ce,1,2752.567164
2026/02/05/00:05:26,apply-time,rs-002647-45dvr,d085b523-6d1f-4399-bb58-dc9d8c56b9ba,1,2752.567164
2026/02/05/00:05:26,running-time,rs-002647-45dvr,d085b523-6d1f-4399-bb58-dc9d8c56b9ba,1,2752.567164
2026/02/05/00:05:26,apply-time,rs-002647-724f8,d866ba82-5fcd-4819-92fb-2c335acf1f31,1,2752.567164
2026/02/05/00:05:26,running-time,rs-002647-724f8,d866ba82-5fcd-4819-92fb-2c335acf1f31,1,2752.567164
2026/02/05/00:05:26,apply-time,rs-002648-h9xzj,5f9f554a-6967-4962-b407-79875ea3fb7b,1,2752.567164
2026/02/05/00:05:26,running-time,rs-002648-h9xzj,5f9f554a-6967-4962-b407-79875ea3fb7b,1,2752.567164
2026/02/05/00:05:26,apply-time,rs-002649-tfksr,d8c89f11-6767-4451-94aa-3a24480816e0,1,2753.567164
2026/02/05/00:05:26,running-time,rs-002649-tfksr,d8c89f11-6767-4451-94aa-3a24480816e0,1,2753.567164
2026/02/05/00:05:26,apply-time,rs-002649-xvjbq,8af8cedc-9069-44df-8314-7b1524155cbf,1,2752.567164
2026/02/05/00:05:26,running-time,rs-002649-xvjbq,8af8cedc-9069-44df-8314-7b1524155cbf,1,2753.567164
2026/02/05/00:05:39,apply-time,rs-002650-bff2c,aecf0108-311b-42b2-b0b6-9f1d3fb657a5,1,2766.567164
2026/02/05/00:05:39,running-time,rs-002650-bff2c,aecf0108-311b-42b2-b0b6-9f1d3fb657a5,1,2766.567164
2026/02/05/00:05:39,apply-time,rs-002650-ptrmk,6b87b2ee-5b39-4cfa-9141-e2f3bf4673af,1,2766.567164
2026/02/05/00:05:39,running-time,rs-002650-ptrmk,6b87b2ee-5b39-4cfa-9141-e2f3bf4673af,1,2766.567164
2026/02/05/00:05:39,apply-time,rs-002650-qf6nw,12788ce4-c334-4988-8f12-cd5aa0348f83,1,2766.567164
2026/02/05/00:05:39,running-time,rs-002650-qf6nw,12788ce4-c334-4988-8f12-cd5aa0348f83,1,2766.567164
2026/02/05/00:05:39,apply-time,rs-002651-k7wth,a00955ca-c307-493f-8d32-4c801b2452d2,1,2766.567164
2026/02/05/00:05:39,running-time,rs-002651-k7wth,a00955ca-c307-493f-8d32-4c801b2452d2,1,2766.567164
2026/02/05/00:05:39,apply-time,rs-002651-sjpzd,2ed91a7a-373c-4f35-9e74-a02d4d6b567e,1,2766.567164
2026/02/05/00:05:39,running-time,rs-002651-sjpzd,2ed91a7a-373c-4f35-9e74-a02d4d6b567e,1,2766.567164
2026/02/05/00:05:41,apply-time,rs-002652-7fmvf,37cb899e-c4e3-4515-b22a-eb62b409161c,1,2767.567164
2026/02/05/00:05:41,running-time,rs-002652-7fmvf,37cb899e-c4e3-4515-b22a-eb62b409161c,1,2767.567164
2026/02/05/00:05:41,apply-time,rs-002652-j8wsd,98027aba-cc95-4946-8a5c-41b88b8775bd,1,2767.567164
2026/02/05/00:05:41,running-time,rs-002652-j8wsd,98027aba-cc95-4946-8a5c-41b88b8775bd,1,2767.567164
2026/02/05/00:05:53,apply-time,rs-002653-4hbq7,e6c6896a-bb63-4fe8-bd84-526e738ae4ff,1,2779.567164
2026/02/05/00:05:53,running-time,rs-002653-4hbq7,e6c6896a-bb63-4fe8-bd84-526e738ae4ff,1,2779.567164
2026/02/05/00:05:53,apply-time,rs-002653-prkm6,dcf1eda3-89b6-4b4e-93a3-157582f531c1,1,2779.567164
2026/02/05/00:05:53,running-time,rs-002653-prkm6,dcf1eda3-89b6-4b4e-93a3-157582f531c1,1,2779.567164
2026/02/05/00:05:53,apply-time,rs-002654-4rxvk,cd79c376-6961-4f45-b9f7-9503e70d5893,1,2779.567164
2026/02/05/00:05:53,running-time,rs-002654-4rxvk,cd79c376-6961-4f45-b9f7-9503e70d5893,1,2779.567164
2026/02/05/00:05:53,apply-time,rs-002654-bgp2m,b97284c1-77f4-4f4f-a7f8-b1165d2f19b9,1,2779.567164
2026/02/05/00:05:53,running-time,rs-002654-bgp2m,b97284c1-77f4-4f4f-a7f8-b1165d2f19b9,1,2779.567164
2026/02/05/00:05:53,apply-time,rs-002654-zsxsd,4d5be262-8e8d-4384-966c-840bb98f21b7,1,2779.567164
2026/02/05/00:05:53,running-time,rs-002654-zsxsd,4d5be262-8e8d-4384-966c-840bb98f21b7,1,2779.567164
2026/02/05/00:05:53,apply-time,rs-002655-9n9dk,f9e00ad5-876a-406a-9c6e-0cf542519fc4,1,2780.567164
2026/02/05/00:05:53,running-time,rs-002655-9n9dk,f9e00ad5-876a-406a-9c6e-0cf542519fc4,1,2780.567164
2026/02/05/00:05:53,apply-time,rs-002656-vqlpp,59246351-0305-4973-b77d-4bedc3160c67,1,2780.567164
2026/02/05/00:05:53,running-time,rs-002656-vqlpp,59246351-0305-4973-b77d-4bedc3160c67,1,2780.567164
2026/02/05/00:05:53,apply-time,rs-002657-np6dj,9bf6924d-6358-4387-98ba-20fd4f8b6289,1,2780.567164
2026/02/05/00:05:53,running-time,rs-002657-np6dj,9bf6924d-6358-4387-98ba-20fd4f8b6289,1,2780.567164
2026/02/05/00:05:53,apply-time,rs-002657-qp2kc,7e85cdbd-199e-4937-b231-2d29bd853a1a,1,2780.567164
2026/02/05/00:05:53,running-time,rs-002657-qp2kc,7e85cdbd-199e-4937-b231-2d29bd853a1a,1,2780.567164
2026/02/05/00:05:53,apply-time,rs-002657-vwcb8,f51c032e-a18e-4c54-bb06-9486078f4f99,1,2780.567164
2026/02/05/00:05:53,running-time,rs-002657-vwcb8,f51c032e-a18e-4c54-bb06-9486078f4f99,1,2780.567164
2026/02/05/00:05:53,apply-time,rs-002658-grxph,77f3f280-a958-4786-b13b-8b7120ddab71,1,2780.567164
2026/02/05/00:05:53,apply-time,rs-002658-q4sw2,b7f9bd9e-19d1-44a7-a704-8185b4b37caf,1,2780.567164
2026/02/05/00:05:54,running-time,rs-002658-grxph,77f3f280-a958-4786-b13b-8b7120ddab71,1,2780.567164
2026/02/05/00:05:54,running-time,rs-002658-q4sw2,b7f9bd9e-19d1-44a7-a704-8185b4b37caf,1,2780.567164
2026/02/05/00:05:54,apply-time,rs-002659-dkcj9,a2214c27-c3e8-470f-a69a-222e1403b00c,1,2780.567164
2026/02/05/00:05:54,running-time,rs-002659-dkcj9,a2214c27-c3e8-470f-a69a-222e1403b00c,1,2780.567164
2026/02/05/00:05:54,apply-time,rs-002659-w2vlp,c40344da-27a0-4baa-848e-af1385e51ad4,1,2781.567164
2026/02/05/00:05:54,running-time,rs-002659-w2vlp,c40344da-27a0-4baa-848e-af1385e51ad4,1,2781.567164
2026/02/05/00:05:54,apply-time,rs-002660-ctvtd,27b4cfa3-3757-4656-8233-8b4a2fc0ea41,1,2780.567164
2026/02/05/00:05:54,running-time,rs-002660-ctvtd,27b4cfa3-3757-4656-8233-8b4a2fc0ea41,1,2780.567164
2026/02/05/00:05:54,apply-time,rs-002660-v2ntk,ac525ae9-b6fa-4bf8-8959-5e82f54b40ce,1,2780.567164
2026/02/05/00:05:54,running-time,rs-002660-v2ntk,ac525ae9-b6fa-4bf8-8959-5e82f54b40ce,1,2780.567164
2026/02/05/00:05:54,apply-time,rs-002660-zfrqp,f5473b14-c474-495f-9ec8-49b54e6d9f2d,1,2780.567164
2026/02/05/00:05:54,running-time,rs-002660-zfrqp,f5473b14-c474-495f-9ec8-49b54e6d9f2d,1,2780.567164
2026/02/05/00:05:54,apply-time,rs-002661-xxhrd,486820fa-2c4c-4b15-a3fb-7d8e157e252c,1,2781.567164
2026/02/05/00:05:54,running-time,rs-002661-xxhrd,486820fa-2c4c-4b15-a3fb-7d8e157e252c,1,2781.567164
2026/02/05/00:05:54,apply-time,rs-002662-lqp4m,97b37652-c451-4fb0-b3e3-e42f9280bfa1,1,2781.567164
2026/02/05/00:05:54,running-time,rs-002662-lqp4m,97b37652-c451-4fb0-b3e3-e42f9280bfa1,1,2781.567164
2026/02/05/00:05:54,apply-time,rs-002663-f48fx,c463fe8d-bf49-4891-bc21-ac524e7fcc36,1,2781.567164
2026/02/05/00:05:54,running-time,rs-002663-f48fx,c463fe8d-bf49-4891-bc21-ac524e7fcc36,1,2781.567164
2026/02/05/00:05:54,apply-time,rs-002665-f6b6q,9f90d4db-103a-42ca-9299-d3059316a43d,1,2781.567164
2026/02/05/00:05:55,apply-time,rs-002664-dsd82,5852803d-c2c5-492a-992b-e69ed9f32f88,1,2781.567164
2026/02/05/00:05:55,running-time,rs-002664-dsd82,5852803d-c2c5-492a-992b-e69ed9f32f88,1,2781.567164
2026/02/05/00:05:55,apply-time,rs-002665-9td2j,ff927ff2-7e6f-4e56-af00-36f1904f4aaa,1,2781.567164
2026/02/05/00:05:55,running-time,rs-002665-9td2j,ff927ff2-7e6f-4e56-af00-36f1904f4aaa,1,2781.567164
2026/02/05/00:05:55,running-time,rs-002665-f6b6q,9f90d4db-103a-42ca-9299-d3059316a43d,1,2781.567164
2026/02/05/00:05:55,apply-time,rs-002666-2fsql,8be909a0-4b45-4574-bcfc-4cb5c3049d16,1,2782.567164
2026/02/05/00:05:55,running-time,rs-002666-2fsql,8be909a0-4b45-4574-bcfc-4cb5c3049d16,1,2782.567164
2026/02/05/00:05:55,apply-time,rs-002666-6b62f,eed36f08-0cae-4ef6-b573-7ddd794d82ac,1,2782.567164
2026/02/05/00:05:55,running-time,rs-002666-6b62f,eed36f08-0cae-4ef6-b573-7ddd794d82ac,1,2782.567164
2026/02/05/00:05:55,apply-time,rs-002666-xlnwq,cb19b1fe-9f9e-4703-8c20-ee6f98ca45e7,1,2781.567164
2026/02/05/00:05:55,running-time,rs-002666-xlnwq,cb19b1fe-9f9e-4703-8c20-ee6f98ca45e7,1,2781.567164
2026/02/05/00:05:55,apply-time,rs-002667-c2stn,88e7cccb-b93d-4cbd-a740-6211a012c2a5,1,2781.567164
2026/02/05/00:05:55,running-time,rs-002667-c2stn,88e7cccb-b93d-4cbd-a740-6211a012c2a5,1,2782.567164
2026/02/05/00:05:55,apply-time,rs-002668-tp5kp,f7266650-f1bf-49fc-94e8-f5bf70f84bbb,1,2782.567164
2026/02/05/00:05:55,running-time,rs-002668-tp5kp,f7266650-f1bf-49fc-94e8-f5bf70f84bbb,1,2782.567164
2026/02/05/00:05:56,apply-time,rs-002668-gph24,b643b85c-e172-4b9a-91d7-d6c6d96bf3f1,1,2782.567164
2026/02/05/00:05:56,running-time,rs-002668-gph24,b643b85c-e172-4b9a-91d7-d6c6d96bf3f1,1,2782.567164
2026/02/05/00:05:56,apply-time,rs-002668-lqcj7,f6a9a5ba-0320-44fa-a864-f86aa6e2f749,1,2782.567164
2026/02/05/00:05:56,running-time,rs-002668-lqcj7,f6a9a5ba-0320-44fa-a864-f86aa6e2f749,1,2782.567164
2026/02/05/00:05:57,apply-time,rs-002669-9q4f9,8fd90565-432c-4ddf-bf84-f2f98b37e0d9,1,2784.567164
2026/02/05/00:05:57,running-time,rs-002669-9q4f9,8fd90565-432c-4ddf-bf84-f2f98b37e0d9,1,2784.567164
2026/02/05/00:05:57,apply-time,rs-002669-lwrth,802fa9b2-e144-4c76-bce8-52031b37f47f,1,2784.567164
2026/02/05/00:05:57,running-time,rs-002669-lwrth,802fa9b2-e144-4c76-bce8-52031b37f47f,1,2784.567164
2026/02/05/00:05:57,apply-time,rs-002669-vs895,ed52d4b9-3c7f-4cfb-ab99-2ecbc85bf382,1,2784.567164
2026/02/05/00:05:57,apply-time,rs-002670-w4z2t,f133ca99-345f-4651-8f28-3a0dd9015c63,1,2784.567164
2026/02/05/00:05:57,apply-time,rs-002671-dkvbj,406f277d-6dda-4637-8c18-b09d3c386b13,1,2784.567164
2026/02/05/00:05:57,apply-time,rs-002672-lt6p2,d594b2ee-beae-411d-85e7-5a13eade933a,1,2784.567164
2026/02/05/00:05:57,running-time,rs-002672-lt6p2,d594b2ee-beae-411d-85e7-5a13eade933a,1,2784.567164
2026/02/05/00:05:57,apply-time,rs-002672-p5qcq,f944004b-0d6d-4924-9a87-febbb23eb3d8,1,2784.567164
2026/02/05/00:05:57,running-time,rs-002672-p5qcq,f944004b-0d6d-4924-9a87-febbb23eb3d8,1,2784.567164
2026/02/05/00:05:57,apply-time,rs-002673-xdxgm,aa032557-b84e-4efc-a41e-c6e0edf96ba1,1,2784.567164
2026/02/05/00:05:57,running-time,rs-002673-xdxgm,aa032557-b84e-4efc-a41e-c6e0edf96ba1,1,2784.567164
2026/02/05/00:05:58,running-time,rs-002669-vs895,ed52d4b9-3c7f-4cfb-ab99-2ecbc85bf382,1,2784.567164
2026/02/05/00:05:58,running-time,rs-002671-dkvbj,406f277d-6dda-4637-8c18-b09d3c386b13,1,2784.567164
2026/02/05/00:05:58,apply-time,rs-002671-sws2z,0764f339-6b90-4ba5-b360-ddf81687254f,1,2784.567164
2026/02/05/00:05:58,apply-time,rs-002674-mwhmb,22c5c405-f38d-4d95-ae70-c3a4028b48b2,1,2785.567164
2026/02/05/00:05:58,running-time,rs-002674-mwhmb,22c5c405-f38d-4d95-ae70-c3a4028b48b2,1,2785.567164
2026/02/05/00:05:58,apply-time,rs-002674-r929l,41d1c30c-a37b-4a9d-a915-f21a20d6026c,1,2784.567164
2026/02/05/00:05:58,running-time,rs-002674-r929l,41d1c30c-a37b-4a9d-a915-f21a20d6026c,1,2784.567164
2026/02/05/00:05:58,apply-time,rs-002675-76clx,bf63dbfe-a228-438b-9be2-a5c3890cd81e,1,2785.567164
2026/02/05/00:05:58,running-time,rs-002675-76clx,bf63dbfe-a228-438b-9be2-a5c3890cd81e,1,2785.567164
2026/02/05/00:05:58,apply-time,rs-002675-9qdx9,dd9bcd22-cc44-4317-a73f-0ba0cf0cf3f9,1,2784.567164
2026/02/05/00:05:58,running-time,rs-002675-9qdx9,dd9bcd22-cc44-4317-a73f-0ba0cf0cf3f9,1,2784.567164
2026/02/05/00:05:58,apply-time,rs-002676-2vfmt,446a6586-1280-47b8-a3ec-1e9b91bb6050,1,2784.567164
2026/02/05/00:05:58,apply-time,rs-002676-n7rps,8c9ef033-8f33-4d60-8630-4c35265bbfb8,1,2785.567164
2026/02/05/00:05:58,apply-time,rs-002676-qpt92,e3330258-b175-48af-838a-f7e1878a63ab,1,2785.567164
2026/02/05/00:05:58,running-time,rs-002676-qpt92,e3330258-b175-48af-838a-f7e1878a63ab,1,2785.567164
2026/02/05/00:05:58,apply-time,rs-002677-2dv2v,18e3aded-79d5-4961-8b2c-0ca2524dd8ea,1,2785.567164
2026/02/05/00:05:58,running-time,rs-002677-2dv2v,18e3aded-79d5-4961-8b2c-0ca2524dd8ea,1,2785.567164
2026/02/05/00:05:58,apply-time,rs-002677-zrwr9,23697c30-37d9-4d3f-8a32-f3caa72568be,1,2785.567164
2026/02/05/00:05:58,running-time,rs-002677-zrwr9,23697c30-37d9-4d3f-8a32-f3caa72568be,1,2785.567164
2026/02/05/00:05:58,apply-time,rs-002678-2qpbx,49a4368f-7244-49a3-8d84-863fe4ba79a4,1,2785.567164
2026/02/05/00:05:58,apply-time,rs-002678-5gddh,805e54e3-bf58-4864-9b01-73b579f7b0d5,1,2785.567164
2026/02/05/00:05:58,apply-time,rs-002678-fvg6c,372bb6a9-149a-4bb0-92a1-2b83711d4f17,1,2785.567164
2026/02/05/00:05:59,running-time,rs-002678-5gddh,805e54e3-bf58-4864-9b01-73b579f7b0d5,1,2785.567164
2026/02/05/00:05:59,apply-time,rs-002679-ml574,2b89897e-3394-4478-93b8-5d8126d0b7e0,1,2785.567164
2026/02/05/00:05:59,apply-time,rs-002681-pcpvx,a2267866-6591-4509-aa09-3ea55e433569,1,2786.567164
2026/02/05/00:05:59,running-time,rs-002681-pcpvx,a2267866-6591-4509-aa09-3ea55e433569,1,2786.567164
2026/02/05/00:05:59,apply-time,rs-002681-r767v,192df577-beb2-49ab-a23f-2f681ee556ad,1,2786.567164
2026/02/05/00:05:59,running-time,rs-002681-r767v,192df577-beb2-49ab-a23f-2f681ee556ad,1,2786.567164
2026/02/05/00:05:59,apply-time,rs-002682-4vxgp,624810a6-e041-48ff-b636-a442e962315b,1,2786.567164
2026/02/05/00:05:59,running-time,rs-002682-4vxgp,624810a6-e041-48ff-b636-a442e962315b,1,2786.567164
2026/02/05/00:05:59,apply-time,rs-002682-pknxq,4d2b585b-cc84-432c-9a0c-af32a5f5ea8e,1,2786.567164
2026/02/05/00:05:59,running-time,rs-002682-pknxq,4d2b585b-cc84-432c-9a0c-af32a5f5ea8e,1,2786.567164
2026/02/05/00:05:59,apply-time,rs-002683-64k6c,56cd1d89-8cdf-4a7c-a042-15b12ab4f8a2,1,2786.567164
2026/02/05/00:05:59,running-time,rs-002683-64k6c,56cd1d89-8cdf-4a7c-a042-15b12ab4f8a2,1,2786.567164
2026/02/05/00:06:00,apply-time,rs-002683-47c68,ed0b5c88-29d3-4f3a-9753-0eb02f921d4b,1,2786.567164
2026/02/05/00:06:00,running-time,rs-002683-47c68,ed0b5c88-29d3-4f3a-9753-0eb02f921d4b,1,2786.567164
2026/02/05/00:06:00,apply-time,rs-002683-vc9v4,3bbc2383-20bd-49f5-99a2-a79800b59be3,1,2786.567164
2026/02/05/00:06:00,running-time,rs-002683-vc9v4,3bbc2383-20bd-49f5-99a2-a79800b59be3,1,2786.567164
2026/02/05/00:06:00,apply-time,rs-002684-9w2tr,af06bdb7-8917-441a-8331-4b1cb2107745,1,2786.567164
2026/02/05/00:06:00,running-time,rs-002684-9w2tr,af06bdb7-8917-441a-8331-4b1cb2107745,1,2786.567164
2026/02/05/00:06:00,apply-time,rs-002684-hj696,95e4f52d-c213-4f54-b1b7-793a7fdbdbf4,1,2786.567164
2026/02/05/00:06:00,running-time,rs-002684-hj696,95e4f52d-c213-4f54-b1b7-793a7fdbdbf4,1,2786.567164
2026/02/05/00:06:00,apply-time,rs-002687-7h4vj,4cceaa8f-4052-4ece-a30f-2c71137d5895,1,2787.567164
2026/02/05/00:06:00,running-time,rs-002687-7h4vj,4cceaa8f-4052-4ece-a30f-2c71137d5895,1,2787.567164
2026/02/05/00:06:00,apply-time,rs-002687-pjqrs,af323e14-b393-411b-a919-c524b628fbdf,1,2787.567164
2026/02/05/00:06:00,running-time,rs-002687-pjqrs,af323e14-b393-411b-a919-c524b628fbdf,1,2787.567164
2026/02/05/00:06:02,running-time,rs-002671-sws2z,0764f339-6b90-4ba5-b360-ddf81687254f,1,2788.567164
2026/02/05/00:06:02,running-time,rs-002676-2vfmt,446a6586-1280-47b8-a3ec-1e9b91bb6050,1,2788.567164
2026/02/05/00:06:02,running-time,rs-002676-n7rps,8c9ef033-8f33-4d60-8630-4c35265bbfb8,1,2788.567164
2026/02/05/00:06:02,apply-time,rs-002688-bbhsf,178f13e3-4863-4ed0-aab2-22b3eb38a885,1,2789.567164
2026/02/05/00:06:02,running-time,rs-002688-bbhsf,178f13e3-4863-4ed0-aab2-22b3eb38a885,1,2789.567164
2026/02/05/00:06:02,apply-time,rs-002689-j9thf,e519d71d-6d5f-4524-a5df-ff51303160f4,1,2789.567164
2026/02/05/00:06:02,running-time,rs-002689-j9thf,e519d71d-6d5f-4524-a5df-ff51303160f4,1,2789.567164
2026/02/05/00:06:02,apply-time,rs-002689-lglsd,12207a83-fe3e-4871-927e-37acca22af50,1,2789.567164
2026/02/05/00:06:02,running-time,rs-002689-lglsd,12207a83-fe3e-4871-927e-37acca22af50,1,2789.567164
2026/02/05/00:06:02,apply-time,rs-002690-ftzkn,3e8b051c-a516-4032-aedf-59cb3cbe6d26,1,2789.567164
2026/02/05/00:06:02,running-time,rs-002690-ftzkn,3e8b051c-a516-4032-aedf-59cb3cbe6d26,1,2789.567164
2026/02/05/00:06:02,apply-time,rs-002690-q76rw,0678ab4b-9522-4af2-bea6-ffdf12dcbeb0,1,2789.567164
2026/02/05/00:06:02,running-time,rs-002690-q76rw,0678ab4b-9522-4af2-bea6-ffdf12dcbeb0,1,2789.567164
2026/02/05/00:06:03,apply-time,rs-002691-chn9k,a0d9564b-fc26-49b0-8908-fa9048be0483,1,2790.567164
2026/02/05/00:06:03,running-time,rs-002691-chn9k,a0d9564b-fc26-49b0-8908-fa9048be0483,1,2790.567164
2026/02/05/00:06:03,apply-time,rs-002692-6nmmw,cbadc629-faed-4c83-a9f0-f9e7d4299c8b,1,2790.567164
2026/02/05/00:06:03,apply-time,rs-002693-n2hbq,e511bcbc-7dd6-4e73-abcb-e6aac3977c6a,1,2790.567164
2026/02/05/00:06:03,running-time,rs-002693-n2hbq,e511bcbc-7dd6-4e73-abcb-e6aac3977c6a,1,2790.567164
2026/02/05/00:06:03,apply-time,rs-002695-hmgt6,8700d5cb-e856-4e04-b880-a04eb500f3b5,1,2790.567164
2026/02/05/00:06:04,apply-time,rs-002693-v6lsk,9be3c3d9-ba01-40fd-bed6-bf545e359cea,1,2790.567164
2026/02/05/00:06:04,running-time,rs-002693-v6lsk,9be3c3d9-ba01-40fd-bed6-bf545e359cea,1,2790.567164
2026/02/05/00:06:04,apply-time,rs-002694-r78ts,f5321175-5f25-44a8-8b79-3e9d06683cd8,1,2790.567164
2026/02/05/00:06:04,apply-time,rs-002694-v8vjd,4932cdbb-5a54-43fb-9718-3877b1b68f6f,1,2790.567164
2026/02/05/00:06:04,running-time,rs-002695-hmgt6,8700d5cb-e856-4e04-b880-a04eb500f3b5,1,2790.567164
2026/02/05/00:06:04,apply-time,rs-002696-8vmwc,046c23f7-a21e-40d0-9cdf-368979c57c8b,1,2790.567164
2026/02/05/00:06:04,running-time,rs-002696-8vmwc,046c23f7-a21e-40d0-9cdf-368979c57c8b,1,2790.567164
2026/02/05/00:06:04,apply-time,rs-002698-mxtwb,2532cdc2-5290-49a3-9396-ed31d864489b,1,2791.567164
2026/02/05/00:06:04,apply-time,rs-002699-8pj4j,119073f6-971d-451c-8011-7e42de075218,1,2791.567164
2026/02/05/00:06:04,apply-time,rs-002701-wmddq,42138f41-05d6-4ac2-af8c-546777250373,1,2791.567164
2026/02/05/00:06:04,running-time,rs-002701-wmddq,42138f41-05d6-4ac2-af8c-546777250373,1,2791.567164
2026/02/05/00:06:05,running-time,rs-002694-r78ts,f5321175-5f25-44a8-8b79-3e9d06683cd8,1,2791.567164
2026/02/05/00:06:05,running-time,rs-002694-v8vjd,4932cdbb-5a54-43fb-9718-3877b1b68f6f,1,2791.567164
2026/02/05/00:06:05,apply-time,rs-002697-rt44j,0da47d50-a112-4269-98c7-b5c61ac3c937,1,2791.567164
2026/02/05/00:06:05,apply-time,rs-002698-ct27q,3fc43a84-76f0-4304-bdda-71640523ef10,1,2791.567164
2026/02/05/00:06:05,running-time,rs-002698-ct27q,3fc43a84-76f0-4304-bdda-71640523ef10,1,2792.567164
2026/02/05/00:06:05,apply-time,rs-002698-jz7nc,19eed8e6-2266-4229-9477-1112b1e3c34c,1,2791.567164
2026/02/05/00:06:05,running-time,rs-002698-jz7nc,19eed8e6-2266-4229-9477-1112b1e3c34c,1,2792.567164
2026/02/05/00:06:05,running-time,rs-002698-mxtwb,2532cdc2-5290-49a3-9396-ed31d864489b,1,2791.567164
2026/02/05/00:06:05,running-time,rs-002699-8pj4j,119073f6-971d-451c-8011-7e42de075218,1,2791.567164
2026/02/05/00:06:05,apply-time,rs-002700-cnqn4,60df882e-0244-43e4-8f98-6135bb803236,1,2791.567164
2026/02/05/00:06:05,apply-time,rs-002700-jz5n5,9a6e84e2-54e7-4725-a152-cb141e378a71,1,2792.567164
2026/02/05/00:06:05,apply-time,rs-002700-nc9pb,e143f3cc-e2a2-4e54-b2b2-f01c9776ed1a,1,2792.567164
2026/02/05/00:06:05,apply-time,rs-002701-m2b7g,3d6d2db7-c994-46a1-bc2e-a7b3127eb296,1,2791.567164
2026/02/05/00:06:05,running-time,rs-002701-m2b7g,3d6d2db7-c994-46a1-bc2e-a7b3127eb296,1,2792.567164
2026/02/05/00:06:05,apply-time,rs-002702-vtwwd,47b6b89b-571b-4da6-902a-36f2eb661d83,1,2792.567164
2026/02/05/00:06:05,running-time,rs-002702-vtwwd,47b6b89b-571b-4da6-902a-36f2eb661d83,1,2792.567164
2026/02/05/00:06:05,apply-time,rs-002703-2m5xq,c3865b2a-058e-46f6-bfa0-dc5048cc6ac3,1,2792.567164
2026/02/05/00:06:05,apply-time,rs-002704-ww44t,8e784477-c66a-4d43-ae35-abc6a21284ee,1,2792.567164
2026/02/05/00:06:05,running-time,rs-002704-ww44t,8e784477-c66a-4d43-ae35-abc6a21284ee,1,2792.567164
2026/02/05/00:06:06,running-time,rs-002700-jz5n5,9a6e84e2-54e7-4725-a152-cb141e378a71,1,2793.567164
2026/02/05/00:06:06,running-time,rs-002700-nc9pb,e143f3cc-e2a2-4e54-b2b2-f01c9776ed1a,1,2793.567164
2026/02/05/00:06:06,apply-time,rs-002702-pkcdv,a159e243-ccb7-468f-a4a5-2b0d7163a43f,1,2792.567164
2026/02/05/00:06:06,running-time,rs-002702-pkcdv,a159e243-ccb7-468f-a4a5-2b0d7163a43f,1,2792.567164
2026/02/05/00:06:06,apply-time,rs-002702-qxq5s,a20a8662-d179-4f57-bd65-04eaae554544,1,2792.567164
2026/02/05/00:06:06,running-time,rs-002702-qxq5s,a20a8662-d179-4f57-bd65-04eaae554544,1,2792.567164
2026/02/05/00:06:06,running-time,rs-002703-2m5xq,c3865b2a-058e-46f6-bfa0-dc5048cc6ac3,1,2792.567164
2026/02/05/00:06:06,apply-time,rs-002704-9xgxk,b682a20b-75a1-4a16-9235-ae8afa12f1f1,1,2792.567164
2026/02/05/00:06:06,running-time,rs-002704-9xgxk,b682a20b-75a1-4a16-9235-ae8afa12f1f1,1,2792.567164
2026/02/05/00:06:06,apply-time,rs-002705-f4768,fecd0193-2ce3-4e1b-b6c9-7770df851ec0,1,2793.567164
2026/02/05/00:06:06,apply-time,rs-002705-g4dg7,4b2faca3-d1ad-4aaa-8af0-14615934d099,1,2792.567164
2026/02/05/00:06:06,running-time,rs-002705-g4dg7,4b2faca3-d1ad-4aaa-8af0-14615934d099,1,2792.567164
2026/02/05/00:06:06,apply-time,rs-002705-zgm44,be051381-66a7-4059-a007-e20c505916e4,1,2793.567164
2026/02/05/00:06:06,apply-time,rs-002706-476wj,5bf356cb-95d4-45b9-9e09-f5dad1574a00,1,2793.567164
2026/02/05/00:06:06,apply-time,rs-002706-cj7jp,744c1ec3-e41d-406b-a337-fd55c3e7dbbd,1,2793.567164
2026/02/05/00:06:06,apply-time,rs-002706-rxdhn,27b750fe-4e64-4b02-b37c-1f7d521691dd,1,2793.567164
2026/02/05/00:06:06,apply-time,rs-002707-rcjqh,0a16bc6e-6543-40e2-b41c-8c57df86677f,1,2793.567164
2026/02/05/00:06:06,running-time,rs-002707-rcjqh,0a16bc6e-6543-40e2-b41c-8c57df86677f,1,2793.567164
2026/02/05/00:06:07,running-time,rs-002705-f4768,fecd0193-2ce3-4e1b-b6c9-7770df851ec0,1,2794.567164
2026/02/05/00:06:07,running-time,rs-002706-476wj,5bf356cb-95d4-45b9-9e09-f5dad1574a00,1,2794.567164
2026/02/05/00:06:07,running-time,rs-002706-cj7jp,744c1ec3-e41d-406b-a337-fd55c3e7dbbd,1,2793.567164
2026/02/05/00:06:07,running-time,rs-002706-rxdhn,27b750fe-4e64-4b02-b37c-1f7d521691dd,1,2794.567164
2026/02/05/00:06:07,apply-time,rs-002707-hknhj,fa83f0e2-3cc5-4b4e-a3cd-12a14021689d,1,2793.567164
2026/02/05/00:06:07,apply-time,rs-002707-mz4t4,ab353144-d769-41b3-9daf-28959c8c8a73,1,2793.567164
2026/02/05/00:06:07,apply-time,rs-002708-c4jhd,ba9267a8-5354-43c5-a45a-956d83eebeae,1,2794.567164
2026/02/05/00:06:07,apply-time,rs-002708-cqll2,32490d1c-621b-467d-9c48-7af7aac7b02b,1,2793.567164
2026/02/05/00:06:07,apply-time,rs-002708-gsvnn,69171840-4bf7-4859-a346-30bdd501ef58,1,2794.567164
2026/02/05/00:06:08,running-time,rs-002705-zgm44,be051381-66a7-4059-a007-e20c505916e4,1,2795.567164
2026/02/05/00:06:08,running-time,rs-002708-c4jhd,ba9267a8-5354-43c5-a45a-956d83eebeae,1,2795.567164
2026/02/05/00:06:09,running-time,rs-002700-cnqn4,60df882e-0244-43e4-8f98-6135bb803236,1,2795.567164
2026/02/05/00:06:09,running-time,rs-002708-cqll2,32490d1c-621b-467d-9c48-7af7aac7b02b,1,2795.567164
2026/02/05/00:06:09,running-time,rs-002708-gsvnn,69171840-4bf7-4859-a346-30bdd501ef58,1,2796.567164
2026/02/05/00:06:10,running-time,rs-002692-6nmmw,cbadc629-faed-4c83-a9f0-f9e7d4299c8b,1,2796.567164
2026/02/05/00:06:11,apply-time,rs-002709-99vvq,f0554f57-b9f9-43e4-b5dc-9f900f2595b2,1,2798.567164
2026/02/05/00:06:11,running-time,rs-002709-99vvq,f0554f57-b9f9-43e4-b5dc-9f900f2595b2,1,2798.567164
2026/02/05/00:06:11,apply-time,rs-002710-256vx,ba1fb509-48f5-4dde-a21b-adb54ef7fb93,1,2798.567164
2026/02/05/00:06:11,running-time,rs-002710-256vx,ba1fb509-48f5-4dde-a21b-adb54ef7fb93,1,2798.567164
2026/02/05/00:06:11,apply-time,rs-002711-kt47q,9b42b633-7142-4d7c-9c29-288e7182acf0,1,2798.567164
2026/02/05/00:06:11,running-time,rs-002711-kt47q,9b42b633-7142-4d7c-9c29-288e7182acf0,1,2798.567164
2026/02/05/00:06:11,apply-time,rs-002712-lzw4n,9dd9aa91-5636-43cb-8d07-e3027b644423,1,2798.567164
2026/02/05/00:06:11,running-time,rs-002712-lzw4n,9dd9aa91-5636-43cb-8d07-e3027b644423,1,2798.567164
2026/02/05/00:06:11,apply-time,rs-002712-nrv2p,142e7bbc-2095-4b75-850e-f32e95503ea2,1,2798.567164
2026/02/05/00:06:11,running-time,rs-002712-nrv2p,142e7bbc-2095-4b75-850e-f32e95503ea2,1,2798.567164
2026/02/05/00:06:11,apply-time,rs-002713-wmvpx,b60bb646-f7f0-401a-8e36-1a50d971526e,1,2798.567164
2026/02/05/00:06:11,running-time,rs-002713-wmvpx,b60bb646-f7f0-401a-8e36-1a50d971526e,1,2798.567164
2026/02/05/00:06:11,apply-time,rs-002714-fddfm,eee7f1b2-885b-4c4b-804d-e6463eaf7a8c,1,2798.567164
2026/02/05/00:06:11,running-time,rs-002714-fddfm,eee7f1b2-885b-4c4b-804d-e6463eaf7a8c,1,2798.567164
2026/02/05/00:06:11,apply-time,rs-002715-2ldk8,2b9f85e9-4fd3-456b-994f-e150c3be7bb1,1,2798.567164
2026/02/05/00:06:11,apply-time,rs-002716-c8c6v,8db4c0c4-b40f-4895-a0d0-605ce1659c50,1,2798.567164
2026/02/05/00:06:11,apply-time,rs-002717-jtqsp,66751d2b-c6e2-44d7-9749-eb394ae0b802,1,2798.567164
2026/02/05/00:06:11,apply-time,rs-002718-vlz2l,b388fb79-6cf7-4ca2-abb8-a0755c5be2be,1,2798.567164
2026/02/05/00:06:11,running-time,rs-002718-vlz2l,b388fb79-6cf7-4ca2-abb8-a0755c5be2be,1,2798.567164
2026/02/05/00:06:12,running-time,rs-002715-2ldk8,2b9f85e9-4fd3-456b-994f-e150c3be7bb1,1,2798.567164
2026/02/05/00:06:12,apply-time,rs-002716-sbbhx,3e3605c3-10cc-405e-b816-ccbe092b9767,1,2798.567164
2026/02/05/00:06:12,apply-time,rs-002717-vbb86,d716fa76-7d10-436d-b1ee-22fb38c966a8,1,2798.567164
2026/02/05/00:06:12,apply-time,rs-002719-2l4ql,9c176089-51db-424f-8948-4e9f18a4e7a5,1,2798.567164
2026/02/05/00:06:12,apply-time,rs-002720-8fs8n,a90b39d2-aa95-4585-937b-93a261ed65c6,1,2798.567164
2026/02/05/00:06:12,running-time,rs-002720-8fs8n,a90b39d2-aa95-4585-937b-93a261ed65c6,1,2798.567164
2026/02/05/00:06:12,apply-time,rs-002720-kz946,4e21a1aa-1f2e-4c6b-9b33-9f1066afde69,1,2799.567164
2026/02/05/00:06:12,running-time,rs-002720-kz946,4e21a1aa-1f2e-4c6b-9b33-9f1066afde69,1,2799.567164
2026/02/05/00:06:12,apply-time,rs-002720-q2d5g,5f1b0ae9-bf29-4996-9efd-2e57c7257d91,1,2799.567164
2026/02/05/00:06:12,running-time,rs-002720-q2d5g,5f1b0ae9-bf29-4996-9efd-2e57c7257d91,1,2799.567164
2026/02/05/00:06:12,apply-time,rs-002721-phq4x,58fdc44e-6032-437e-8d5b-7e35a52ebbc7,1,2799.567164
2026/02/05/00:06:12,apply-time,rs-002721-vwh4m,0b36cfc8-f800-48ca-82e5-469cc1fd557c,1,2799.567164
2026/02/05/00:06:12,running-time,rs-002721-vwh4m,0b36cfc8-f800-48ca-82e5-469cc1fd557c,1,2799.567164
2026/02/05/00:06:12,apply-time,rs-002722-c487f,b3fb13b2-79bb-4033-b2ce-3912962641c3,1,2799.567164
2026/02/05/00:06:12,running-time,rs-002722-c487f,b3fb13b2-79bb-4033-b2ce-3912962641c3,1,2799.567164
2026/02/05/00:06:12,apply-time,rs-002723-c9wmd,d53596cb-4e72-42b0-acf4-432a4ce851df,1,2799.567164
2026/02/05/00:06:12,running-time,rs-002723-c9wmd,d53596cb-4e72-42b0-acf4-432a4ce851df,1,2799.567164
2026/02/05/00:06:12,apply-time,rs-002724-78dk9,952edddb-a90e-48fc-a8ae-af79263bf999,1,2799.567164
2026/02/05/00:06:13,running-time,rs-002721-phq4x,58fdc44e-6032-437e-8d5b-7e35a52ebbc7,1,2800.567164
2026/02/05/00:06:13,running-time,rs-002724-78dk9,952edddb-a90e-48fc-a8ae-af79263bf999,1,2800.567164
2026/02/05/00:06:13,apply-time,rs-002725-85fwd,8862fe91-4321-4b6b-bf33-42eed39b2a40,1,2800.567164
2026/02/05/00:06:13,apply-time,rs-002725-n49w7,9d3e1979-a646-4e6e-98c6-368003e0f088,1,2799.567164
2026/02/05/00:06:13,running-time,rs-002725-n49w7,9d3e1979-a646-4e6e-98c6-368003e0f088,1,2800.567164
2026/02/05/00:06:14,running-time,rs-002717-vbb86,d716fa76-7d10-436d-b1ee-22fb38c966a8,1,2801.567164
2026/02/05/00:06:14,running-time,rs-002725-85fwd,8862fe91-4321-4b6b-bf33-42eed39b2a40,1,2801.567164
2026/02/05/00:06:16,running-time,rs-002717-jtqsp,66751d2b-c6e2-44d7-9749-eb394ae0b802,1,2802.567164
2026/02/05/00:06:20,apply-time,rs-002726-2hz5t,e1e5421f-fe75-4752-a570-eaa3fd2fbbcf,1,2807.567164
2026/02/05/00:06:20,running-time,rs-002726-2hz5t,e1e5421f-fe75-4752-a570-eaa3fd2fbbcf,1,2807.567164
2026/02/05/00:06:20,apply-time,rs-002726-6qrdm,deea37da-db0a-4d92-b359-6a2dcf0ad85c,1,2807.567164
2026/02/05/00:06:20,running-time,rs-002726-6qrdm,deea37da-db0a-4d92-b359-6a2dcf0ad85c,1,2807.567164
2026/02/05/00:06:20,apply-time,rs-002726-qxjr8,00729341-5bd6-49e0-b2a8-f2210b63f7c4,1,2807.567164
2026/02/05/00:06:20,running-time,rs-002726-qxjr8,00729341-5bd6-49e0-b2a8-f2210b63f7c4,1,2807.567164
2026/02/05/00:06:20,apply-time,rs-002727-78p4l,d13a5646-1948-4498-8500-78ba51baa427,1,2807.567164
2026/02/05/00:06:20,running-time,rs-002727-78p4l,d13a5646-1948-4498-8500-78ba51baa427,1,2807.567164
2026/02/05/00:06:20,apply-time,rs-002727-k2ldk,dcbc5309-12e3-40ef-a14b-a082f81bf273,1,2807.567164
2026/02/05/00:06:20,running-time,rs-002727-k2ldk,dcbc5309-12e3-40ef-a14b-a082f81bf273,1,2807.567164
2026/02/05/00:06:20,apply-time,rs-002728-p79jj,8374a276-89b1-4702-91eb-c0a559fc0a35,1,2807.567164
2026/02/05/00:06:20,running-time,rs-002728-p79jj,8374a276-89b1-4702-91eb-c0a559fc0a35,1,2807.567164
2026/02/05/00:06:20,apply-time,rs-002729-925zz,0ed52f00-35ef-440e-a505-151ac1c9247d,1,2807.567164
2026/02/05/00:06:20,running-time,rs-002729-925zz,0ed52f00-35ef-440e-a505-151ac1c9247d,1,2807.567164
2026/02/05/00:06:20,apply-time,rs-002729-9gtcp,f5e26de9-6f73-4372-8bf6-84cf41666086,1,2807.567164
2026/02/05/00:06:20,running-time,rs-002729-9gtcp,f5e26de9-6f73-4372-8bf6-84cf41666086,1,2807.567164
2026/02/05/00:06:20,apply-time,rs-002729-hvn49,677c86d2-1444-4801-97d3-08a2724efb59,1,2807.567164
2026/02/05/00:06:20,running-time,rs-002729-hvn49,677c86d2-1444-4801-97d3-08a2724efb59,1,2807.567164
2026/02/05/00:06:20,apply-time,rs-002730-dl7tp,6d6d63bf-d78f-4add-b39a-d953a47c3176,1,2807.567164
2026/02/05/00:06:21,apply-time,rs-002730-kq262,84eecc0a-3450-4cf1-a477-26c2acb6b8ba,1,2807.567164
2026/02/05/00:06:21,apply-time,rs-002731-gpzkd,72b527e7-9c97-4fc4-8b8a-910f8c61e559,1,2807.567164
2026/02/05/00:06:21,running-time,rs-002731-gpzkd,72b527e7-9c97-4fc4-8b8a-910f8c61e559,1,2807.567164
2026/02/05/00:06:21,apply-time,rs-002731-gwxkk,c381ec7c-a619-4da8-bf61-552265199c34,1,2808.567164
2026/02/05/00:06:21,apply-time,rs-002732-rmndj,16481a3b-fba1-4949-bc53-85f1fb5e3e29,1,2807.567164
2026/02/05/00:06:21,running-time,rs-002732-rmndj,16481a3b-fba1-4949-bc53-85f1fb5e3e29,1,2807.567164
2026/02/05/00:06:21,apply-time,rs-002733-6wxqw,8b9cb907-8171-421b-991c-16b74ca9c14f,1,2808.567164
2026/02/05/00:06:21,running-time,rs-002733-6wxqw,8b9cb907-8171-421b-991c-16b74ca9c14f,1,2808.567164
2026/02/05/00:06:21,apply-time,rs-002733-htnzm,4849683e-c9b2-44aa-8698-3d8788aa55ea,1,2807.567164
2026/02/05/00:06:21,running-time,rs-002733-htnzm,4849683e-c9b2-44aa-8698-3d8788aa55ea,1,2807.567164
2026/02/05/00:06:21,apply-time,rs-002734-lxf69,a73e3c74-7d94-4292-9711-f94c4789d3dc,1,2808.567164
2026/02/05/00:06:21,apply-time,rs-002736-vgnnw,59def7c2-b1c6-4d0e-a671-d8296ae86894,1,2808.567164
2026/02/05/00:06:21,running-time,rs-002736-vgnnw,59def7c2-b1c6-4d0e-a671-d8296ae86894,1,2808.567164
2026/02/05/00:06:22,running-time,rs-002731-gwxkk,c381ec7c-a619-4da8-bf61-552265199c34,1,2808.567164
2026/02/05/00:06:22,apply-time,rs-002735-mm9s4,c6fbeac7-29ee-48a9-9a85-acf3685f305d,1,2808.567164
2026/02/05/00:06:22,running-time,rs-002735-mm9s4,c6fbeac7-29ee-48a9-9a85-acf3685f305d,1,2808.567164
2026/02/05/00:06:22,apply-time,rs-002736-vx6z2,f15eb42a-38a8-4021-a8da-f6e45a47dcfe,1,2808.567164
2026/02/05/00:06:22,running-time,rs-002736-vx6z2,f15eb42a-38a8-4021-a8da-f6e45a47dcfe,1,2808.567164
2026/02/05/00:06:22,apply-time,rs-002737-7mnb5,0c5bc31c-fddc-48cb-a32b-b7039c13a771,1,2809.567164
2026/02/05/00:06:22,running-time,rs-002737-7mnb5,0c5bc31c-fddc-48cb-a32b-b7039c13a771,1,2809.567164
2026/02/05/00:06:22,apply-time,rs-002737-b8lcb,84cb07b9-af7a-454b-ade1-b6829f578294,1,2809.567164
2026/02/05/00:06:22,running-time,rs-002737-b8lcb,84cb07b9-af7a-454b-ade1-b6829f578294,1,2809.567164
2026/02/05/00:06:22,apply-time,rs-002737-gfmlc,577d898a-cb8d-43ae-9223-e586b420573b,1,2809.567164
2026/02/05/00:06:22,running-time,rs-002737-gfmlc,577d898a-cb8d-43ae-9223-e586b420573b,1,2809.567164
2026/02/05/00:06:23,running-time,rs-002734-lxf69,a73e3c74-7d94-4292-9711-f94c4789d3dc,1,2810.567164
2026/02/05/00:06:29,apply-time,rs-002738-bf59z,98806131-bc80-481c-b114-0587316390fc,1,2816.567164
2026/02/05/00:06:29,apply-time,rs-002738-pw49m,41cb3b64-54c4-4a50-9dd2-38663f393dc0,1,2816.567164
2026/02/05/00:06:29,apply-time,rs-002739-7pfjm,ec6e7ba2-dfd5-48e0-97a7-4c11243d6026,1,2816.567164
2026/02/05/00:06:29,running-time,rs-002739-7pfjm,ec6e7ba2-dfd5-48e0-97a7-4c11243d6026,1,2816.567164
2026/02/05/00:06:29,apply-time,rs-002739-gj22h,4a870f15-93a9-43d7-81fb-f16b2892c35b,1,2816.567164
2026/02/05/00:06:29,running-time,rs-002739-gj22h,4a870f15-93a9-43d7-81fb-f16b2892c35b,1,2816.567164
2026/02/05/00:06:29,apply-time,rs-002739-qhbw7,cc5c5f6f-505c-41f8-a816-9ba41713ba46,1,2816.567164
2026/02/05/00:06:29,running-time,rs-002739-qhbw7,cc5c5f6f-505c-41f8-a816-9ba41713ba46,1,2816.567164
2026/02/05/00:06:29,apply-time,rs-002740-ppjtw,4986e016-60a8-48ec-a6d4-8b1a15c75ef4,1,2816.567164
2026/02/05/00:06:29,apply-time,rs-002741-kd9kk,9f35288b-80d1-421c-b3e9-44a86878bd80,1,2816.567164
2026/02/05/00:06:29,apply-time,rs-002742-62pvl,72027526-a831-45d8-add2-3689618ac138,1,2816.567164
2026/02/05/00:06:29,running-time,rs-002742-62pvl,72027526-a831-45d8-add2-3689618ac138,1,2816.567164
2026/02/05/00:06:29,apply-time,rs-002743-m6z7l,37aad433-d72c-4260-b131-63650e2eefdf,1,2816.567164
2026/02/05/00:06:29,running-time,rs-002743-m6z7l,37aad433-d72c-4260-b131-63650e2eefdf,1,2816.567164
2026/02/05/00:06:29,apply-time,rs-002744-m5jss,4c5fa01c-57d9-431e-826e-f3676ec4c566,1,2816.567164
2026/02/05/00:06:30,running-time,rs-002744-m5jss,4c5fa01c-57d9-431e-826e-f3676ec4c566,1,2816.567164
2026/02/05/00:06:30,apply-time,rs-002744-nl9bj,1ea61ed0-a677-49f6-88b2-dcbcd6601ef1,1,2816.567164
2026/02/05/00:06:30,running-time,rs-002744-nl9bj,1ea61ed0-a677-49f6-88b2-dcbcd6601ef1,1,2816.567164
2026/02/05/00:06:30,apply-time,rs-002744-xf7hm,145b1e23-df24-435f-9b66-5ec41312ca59,1,2816.567164
2026/02/05/00:06:30,running-time,rs-002744-xf7hm,145b1e23-df24-435f-9b66-5ec41312ca59,1,2816.567164
2026/02/05/00:06:32,apply-time,rs-002745-n4xvw,dedba534-29bb-4bd1-88c8-075e7c550af9,1,2819.567164
2026/02/05/00:06:32,running-time,rs-002745-n4xvw,dedba534-29bb-4bd1-88c8-075e7c550af9,1,2819.567164
2026/02/05/00:06:32,apply-time,rs-002745-nwm2v,7438d578-eccd-42d2-9e18-c2c836ace16a,1,2819.567164
2026/02/05/00:06:32,running-time,rs-002745-nwm2v,7438d578-eccd-42d2-9e18-c2c836ace16a,1,2819.567164
2026/02/05/00:06:33,apply-time,rs-002746-5m9dj,72d69df9-e69b-42bc-b61a-2e9f4dde81fc,1,2820.567164
2026/02/05/00:06:33,running-time,rs-002746-5m9dj,72d69df9-e69b-42bc-b61a-2e9f4dde81fc,1,2820.567164
2026/02/05/00:06:33,apply-time,rs-002747-68tp9,096f040b-15cf-4f6e-851a-ddcbd5fa290c,1,2820.567164
2026/02/05/00:06:33,running-time,rs-002747-68tp9,096f040b-15cf-4f6e-851a-ddcbd5fa290c,1,2820.567164
2026/02/05/00:06:37,apply-time,rs-002748-rxktw,1f53eedc-49e4-4ecc-9d5a-85e9967f4d7c,1,2823.567164
2026/02/05/00:06:37,running-time,rs-002748-rxktw,1f53eedc-49e4-4ecc-9d5a-85e9967f4d7c,1,2824.567164
2026/02/05/00:06:37,apply-time,rs-002749-x7vzk,36729be9-60f3-44a0-b1ec-5770ac93dd16,1,2824.567164
2026/02/05/00:06:37,running-time,rs-002749-x7vzk,36729be9-60f3-44a0-b1ec-5770ac93dd16,1,2824.567164
2026/02/05/00:06:37,apply-time,rs-002750-z2ppg,cdbbf77f-757a-452b-8b21-907bb68fbd41,1,2824.567164
2026/02/05/00:06:39,running-time,rs-002750-z2ppg,cdbbf77f-757a-452b-8b21-907bb68fbd41,1,2826.567164
2026/02/05/00:06:39,apply-time,rs-002751-6kjgn,01861f26-8632-4299-a86b-58120ea93014,1,2826.567164
2026/02/05/00:06:39,running-time,rs-002751-6kjgn,01861f26-8632-4299-a86b-58120ea93014,1,2826.567164
2026/02/05/00:06:39,apply-time,rs-002751-nlj2j,50532957-4b40-4785-9de5-0b6623abf87a,1,2826.567164
2026/02/05/00:06:39,running-time,rs-002751-nlj2j,50532957-4b40-4785-9de5-0b6623abf87a,1,2826.567164
2026/02/05/00:06:39,apply-time,rs-002751-rtq7f,c0f0a524-972f-4a1d-967b-36f8befacdcf,1,2826.567164
2026/02/05/00:06:39,running-time,rs-002751-rtq7f,c0f0a524-972f-4a1d-967b-36f8befacdcf,1,2826.567164
2026/02/05/00:06:40,apply-time,rs-002752-88rk8,a12cd870-fbbf-4555-bef7-13e2eb9138d6,1,2826.567164
2026/02/05/00:06:40,running-time,rs-002752-88rk8,a12cd870-fbbf-4555-bef7-13e2eb9138d6,1,2827.567164
2026/02/05/00:06:48,apply-time,rs-002753-n45lg,fb005ebe-6f1b-4eba-aed2-f76864879b87,1,2834.567164
2026/02/05/00:06:48,running-time,rs-002753-n45lg,fb005ebe-6f1b-4eba-aed2-f76864879b87,1,2834.567164
2026/02/05/00:06:48,apply-time,rs-002753-vnbpw,f9756652-59d2-4bca-b945-cdc862d693a8,1,2834.567164
2026/02/05/00:06:48,running-time,rs-002753-vnbpw,f9756652-59d2-4bca-b945-cdc862d693a8,1,2834.567164
2026/02/05/00:06:48,apply-time,rs-002754-clrmd,15795441-06c2-4ae8-85e5-2b1137317b03,1,2834.567164
2026/02/05/00:06:48,running-time,rs-002754-clrmd,15795441-06c2-4ae8-85e5-2b1137317b03,1,2834.567164
2026/02/05/00:06:48,apply-time,rs-002754-h8hqg,37cd773c-40c4-41e2-a212-fdd7c36833eb,1,2834.567164
2026/02/05/00:06:48,running-time,rs-002754-h8hqg,37cd773c-40c4-41e2-a212-fdd7c36833eb,1,2834.567164
2026/02/05/00:06:48,apply-time,rs-002755-pn9dt,717e847e-6b53-4eb4-bcaa-765d597a2d7b,1,2834.567164
2026/02/05/00:06:48,running-time,rs-002755-pn9dt,717e847e-6b53-4eb4-bcaa-765d597a2d7b,1,2834.567164
2026/02/05/00:06:48,apply-time,rs-002756-dgcqh,ad38311f-e4cd-41dc-869d-63ad60e4252c,1,2834.567164
2026/02/05/00:06:48,running-time,rs-002756-dgcqh,ad38311f-e4cd-41dc-869d-63ad60e4252c,1,2834.567164
2026/02/05/00:06:48,apply-time,rs-002757-6j86j,5461e621-6a4d-439d-a856-86fcb9060ec3,1,2835.567164
2026/02/05/00:06:48,running-time,rs-002757-6j86j,5461e621-6a4d-439d-a856-86fcb9060ec3,1,2835.567164
2026/02/05/00:06:48,apply-time,rs-002757-vbd9g,f9af67ea-dedc-4542-b18f-742143bab6d9,1,2835.567164
2026/02/05/00:06:48,running-time,rs-002757-vbd9g,f9af67ea-dedc-4542-b18f-742143bab6d9,1,2835.567164
2026/02/05/00:06:48,apply-time,rs-002757-w4kts,a7154021-9238-4505-a683-6bd3dd311833,1,2835.567164
2026/02/05/00:06:48,running-time,rs-002757-w4kts,a7154021-9238-4505-a683-6bd3dd311833,1,2835.567164
2026/02/05/00:06:48,apply-time,rs-002758-9xl5n,fef96a55-97b7-4514-9537-05697a771e31,1,2835.567164
2026/02/05/00:06:48,running-time,rs-002758-9xl5n,fef96a55-97b7-4514-9537-05697a771e31,1,2835.567164
2026/02/05/00:06:48,apply-time,rs-002758-mmfxl,d05f0471-04ff-48b6-9197-8ab75175028b,1,2835.567164
2026/02/05/00:06:48,running-time,rs-002758-mmfxl,d05f0471-04ff-48b6-9197-8ab75175028b,1,2835.567164
2026/02/05/00:06:48,apply-time,rs-002758-p6gs9,c7c1fefc-e175-4937-b280-731fc687b53c,1,2835.567164
2026/02/05/00:06:48,running-time,rs-002758-p6gs9,c7c1fefc-e175-4937-b280-731fc687b53c,1,2835.567164
2026/02/05/00:06:48,apply-time,rs-002759-krmwj,4604b02d-d897-4b6b-a6f0-b9426b2c3269,1,2835.567164
2026/02/05/00:06:48,running-time,rs-002759-krmwj,4604b02d-d897-4b6b-a6f0-b9426b2c3269,1,2835.567164
2026/02/05/00:06:48,apply-time,rs-002760-lndf8,80b52e79-9b22-4801-899e-74c914bbe063,1,2835.567164
2026/02/05/00:06:49,apply-time,rs-002760-f58z9,322615bf-4fce-45dd-ba8a-4c369ff00435,1,2835.567164
2026/02/05/00:06:49,apply-time,rs-002761-7gfkb,71eca551-5fa1-43a2-8b2d-6343312136a4,1,2835.567164
2026/02/05/00:06:49,running-time,rs-002761-7gfkb,71eca551-5fa1-43a2-8b2d-6343312136a4,1,2835.567164
2026/02/05/00:06:51,apply-time,rs-002762-9vtt4,3fb42d0c-46c8-4cf4-914f-c29c23ab43dc,1,2837.567164
2026/02/05/00:06:51,apply-time,rs-002762-v55nf,59b32d7c-e715-4f2f-8eec-396350a38ea0,1,2837.567164
2026/02/05/00:06:51,running-time,rs-002762-v55nf,59b32d7c-e715-4f2f-8eec-396350a38ea0,1,2837.567164
2026/02/05/00:06:51,apply-time,rs-002763-hnm4k,4bedbf63-c62c-41e5-84e5-c02dfba2399e,1,2837.567164
2026/02/05/00:06:51,running-time,rs-002763-hnm4k,4bedbf63-c62c-41e5-84e5-c02dfba2399e,1,2837.567164
2026/02/05/00:06:51,apply-time,rs-002763-lwqqw,b773ddff-83bc-497d-b597-eab0d35f121c,1,2837.567164
2026/02/05/00:06:51,running-time,rs-002763-lwqqw,b773ddff-83bc-497d-b597-eab0d35f121c,1,2837.567164
2026/02/05/00:06:51,apply-time,rs-002764-7nc5z,79c7616a-393e-4761-801b-b0eff6a40674,1,2837.567164
2026/02/05/00:06:51,running-time,rs-002764-7nc5z,79c7616a-393e-4761-801b-b0eff6a40674,1,2837.567164
2026/02/05/00:06:51,apply-time,rs-002765-d75sh,d5ee0c8b-1e3b-4f14-b9fa-66f3f9ad8438,1,2837.567164
2026/02/05/00:06:51,apply-time,rs-002766-57p85,c5b72969-4140-4a2f-8698-3082c8f3e634,1,2838.567164
2026/02/05/00:06:51,running-time,rs-002766-57p85,c5b72969-4140-4a2f-8698-3082c8f3e634,1,2838.567164
2026/02/05/00:06:53,running-time,rs-002765-d75sh,d5ee0c8b-1e3b-4f14-b9fa-66f3f9ad8438,1,2840.567164
2026/02/05/00:06:57,apply-time,rs-002767-nlgn5,3858e9b1-7af4-4652-a878-ea98db498ee6,1,2844.567164
2026/02/05/00:06:57,running-time,rs-002767-nlgn5,3858e9b1-7af4-4652-a878-ea98db498ee6,1,2844.567164
2026/02/05/00:06:57,apply-time,rs-002768-pz82x,2f350879-6866-41ad-98fc-d6490f799619,1,2844.567164
2026/02/05/00:06:57,running-time,rs-002768-pz82x,2f350879-6866-41ad-98fc-d6490f799619,1,2844.567164
2026/02/05/00:06:57,apply-time,rs-002768-xrkx8,ded85bec-a9c5-4c56-91c3-ad2aa98a41ce,1,2844.567164
2026/02/05/00:06:57,running-time,rs-002768-xrkx8,ded85bec-a9c5-4c56-91c3-ad2aa98a41ce,1,2844.567164
2026/02/05/00:06:57,apply-time,rs-002769-8q9f6,31785260-39ae-4157-a7ff-e80b422d8a29,1,2844.567164
2026/02/05/00:06:57,running-time,rs-002769-8q9f6,31785260-39ae-4157-a7ff-e80b422d8a29,1,2844.567164
2026/02/05/00:06:57,apply-time,rs-002769-pjh4v,d0eb3eed-8495-4a87-ac4d-1346d621cece,1,2844.567164
2026/02/05/00:06:57,running-time,rs-002769-pjh4v,d0eb3eed-8495-4a87-ac4d-1346d621cece,1,2844.567164
2026/02/05/00:06:57,apply-time,rs-002769-tmm68,ce8e24d7-a005-47a7-841e-5e972379ba2c,1,2844.567164
2026/02/05/00:06:57,running-time,rs-002769-tmm68,ce8e24d7-a005-47a7-841e-5e972379ba2c,1,2844.567164
2026/02/05/00:06:57,apply-time,rs-002770-dxjl5,ae8c38b2-9a63-4430-ae84-2710d25cf13c,1,2844.567164
2026/02/05/00:06:57,running-time,rs-002770-dxjl5,ae8c38b2-9a63-4430-ae84-2710d25cf13c,1,2844.567164
2026/02/05/00:06:57,apply-time,rs-002770-kcjjg,a7756f03-cef9-488d-9f23-b1175649bbeb,1,2844.567164
2026/02/05/00:06:57,running-time,rs-002770-kcjjg,a7756f03-cef9-488d-9f23-b1175649bbeb,1,2844.567164
2026/02/05/00:06:57,apply-time,rs-002770-xf5zj,89a746a6-822b-4ead-8389-066c4413c862,1,2844.567164
2026/02/05/00:06:57,running-time,rs-002770-xf5zj,89a746a6-822b-4ead-8389-066c4413c862,1,2844.567164
2026/02/05/00:06:59,apply-time,rs-002771-rmpwd,f6c4e62e-879c-4cba-91cf-b15ff123f13b,1,2846.567164
2026/02/05/00:06:59,running-time,rs-002771-rmpwd,f6c4e62e-879c-4cba-91cf-b15ff123f13b,1,2846.567164
2026/02/05/00:07:00,apply-time,rs-002772-c7q6c,22d0cb66-d5cf-48ab-bd88-dc1872bca4ee,1,2847.567164
2026/02/05/00:07:00,running-time,rs-002772-c7q6c,22d0cb66-d5cf-48ab-bd88-dc1872bca4ee,1,2847.567164
2026/02/05/00:07:00,apply-time,rs-002772-djkb5,f57f3ec2-92b8-41ba-9b63-0cae1001e651,1,2847.567164
2026/02/05/00:07:00,running-time,rs-002772-djkb5,f57f3ec2-92b8-41ba-9b63-0cae1001e651,1,2847.567164
2026/02/05/00:07:10,apply-time,rs-002773-57qlb,ac46874b-4a5b-4d55-bc78-394675023cea,1,2857.567164
2026/02/05/00:07:10,running-time,rs-002773-57qlb,ac46874b-4a5b-4d55-bc78-394675023cea,1,2857.567164
2026/02/05/00:07:10,apply-time,rs-002773-6sdcw,8a204696-e5e2-4da5-8ec6-308ff783941a,1,2857.567164
2026/02/05/00:07:10,running-time,rs-002773-6sdcw,8a204696-e5e2-4da5-8ec6-308ff783941a,1,2857.567164
2026/02/05/00:07:10,apply-time,rs-002773-bxbn5,09b9f52a-bcc6-49b3-aa1c-5b0701b2dcc5,1,2857.567164
2026/02/05/00:07:10,running-time,rs-002773-bxbn5,09b9f52a-bcc6-49b3-aa1c-5b0701b2dcc5,1,2857.567164
2026/02/05/00:07:10,apply-time,rs-002774-5s7q8,e2db4c47-43fb-4c48-bcf5-298d0ded8487,1,2857.567164
2026/02/05/00:07:10,apply-time,rs-002774-852kp,460c4500-6419-4543-904a-9ff29af9b0fb,1,2857.567164
2026/02/05/00:07:10,apply-time,rs-002774-92qr9,bacaad42-cb1d-4658-bcb2-f3519c810e48,1,2857.567164
2026/02/05/00:07:10,apply-time,rs-002775-97nk9,e3913bf9-ef19-45e5-a414-e528e1676d5e,1,2857.567164
2026/02/05/00:07:10,running-time,rs-002775-97nk9,e3913bf9-ef19-45e5-a414-e528e1676d5e,1,2857.567164
2026/02/05/00:07:10,apply-time,rs-002775-wpxpg,e70fbd0b-cf95-4b8c-8b04-e139feac9564,1,2857.567164
2026/02/05/00:07:10,running-time,rs-002775-wpxpg,e70fbd0b-cf95-4b8c-8b04-e139feac9564,1,2857.567164
2026/02/05/00:07:11,apply-time,rs-002776-5qgfq,b4e9638d-9c7c-42e5-9802-0ced8a3a7fc6,1,2858.567164
2026/02/05/00:07:11,running-time,rs-002776-5qgfq,b4e9638d-9c7c-42e5-9802-0ced8a3a7fc6,1,2858.567164
2026/02/05/00:07:11,apply-time,rs-002776-6nwjx,7854ed25-dad2-4dc6-82f7-b871f8f559ef,1,2858.567164
2026/02/05/00:07:11,running-time,rs-002776-6nwjx,7854ed25-dad2-4dc6-82f7-b871f8f559ef,1,2858.567164
2026/02/05/00:07:11,apply-time,rs-002776-hj9r4,8f9aa1b9-58d8-43aa-ad3a-a4f462030dd3,1,2858.567164
2026/02/05/00:07:11,running-time,rs-002776-hj9r4,8f9aa1b9-58d8-43aa-ad3a-a4f462030dd3,1,2858.567164
2026/02/05/00:07:19,apply-time,rs-002777-4ff4f,dc6f456f-b1ec-4e83-8c12-4c878897dd3b,1,2866.567164
2026/02/05/00:07:19,running-time,rs-002777-4ff4f,dc6f456f-b1ec-4e83-8c12-4c878897dd3b,1,2866.567164
2026/02/05/00:07:19,apply-time,rs-002778-h4bm7,592bfac2-7aba-4a45-affb-438d87c5d1c3,1,2866.567164
2026/02/05/00:07:19,running-time,rs-002778-h4bm7,592bfac2-7aba-4a45-affb-438d87c5d1c3,1,2866.567164
2026/02/05/00:07:19,apply-time,rs-002779-wxqpj,857cb4d1-c837-4c76-8c9f-24f768cbbff9,1,2866.567164
2026/02/05/00:07:19,running-time,rs-002779-wxqpj,857cb4d1-c837-4c76-8c9f-24f768cbbff9,1,2866.567164
2026/02/05/00:07:32,apply-time,rs-002780-2xslv,e0d21e29-efc1-4ef3-b40a-162b7b949424,1,2878.567164
2026/02/05/00:07:32,running-time,rs-002780-2xslv,e0d21e29-efc1-4ef3-b40a-162b7b949424,1,2878.567164
2026/02/05/00:07:32,apply-time,rs-002780-dtgqw,7cbff4e6-213e-444d-a637-1e486a04e334,1,2878.567164
2026/02/05/00:07:32,running-time,rs-002780-dtgqw,7cbff4e6-213e-444d-a637-1e486a04e334,1,2878.567164
2026/02/05/00:07:32,apply-time,rs-002781-b9dp9,fc8a4fd9-6b16-4907-8fba-2832b66e7d11,1,2878.567164
2026/02/05/00:07:32,running-time,rs-002781-b9dp9,fc8a4fd9-6b16-4907-8fba-2832b66e7d11,1,2878.567164
2026/02/05/00:07:32,apply-time,rs-002781-fcxk4,8a4d38fb-7be6-4937-9717-49007223ee9c,1,2878.567164
2026/02/05/00:07:32,running-time,rs-002781-fcxk4,8a4d38fb-7be6-4937-9717-49007223ee9c,1,2878.567164
2026/02/05/00:07:32,apply-time,rs-002782-npxpl,f346bd93-cbda-4827-b229-1e7d2c4c1832,1,2878.567164
2026/02/05/00:07:32,running-time,rs-002782-npxpl,f346bd93-cbda-4827-b229-1e7d2c4c1832,1,2878.567164
2026/02/05/00:07:32,apply-time,rs-002783-2gbhp,083a0de5-8935-4641-9611-b7350acf800f,1,2878.567164
2026/02/05/00:07:32,running-time,rs-002783-2gbhp,083a0de5-8935-4641-9611-b7350acf800f,1,2878.567164
2026/02/05/00:07:39,apply-time,rs-002784-49zj6,18699a23-8400-4f07-a7ff-54f237282b07,1,2886.567164
2026/02/05/00:07:39,running-time,rs-002784-49zj6,18699a23-8400-4f07-a7ff-54f237282b07,1,2886.567164
2026/02/05/00:07:39,apply-time,rs-002784-77q5t,8f180f12-d88f-41ef-8d4f-52824a86f3de,1,2886.567164
2026/02/05/00:07:39,running-time,rs-002784-77q5t,8f180f12-d88f-41ef-8d4f-52824a86f3de,1,2886.567164
2026/02/05/00:07:39,apply-time,rs-002784-txgrk,636075b6-f20e-4ad1-bf9e-29f1a966cc97,1,2886.567164
2026/02/05/00:07:39,running-time,rs-002784-txgrk,636075b6-f20e-4ad1-bf9e-29f1a966cc97,1,2886.567164
2026/02/05/00:07:39,apply-time,rs-002785-2tc9h,eb30de86-edbb-4405-bb56-82e20676cea6,1,2886.567164
2026/02/05/00:07:39,running-time,rs-002785-2tc9h,eb30de86-edbb-4405-bb56-82e20676cea6,1,2886.567164
2026/02/05/00:07:39,apply-time,rs-002785-dt8xz,ebce3cd9-c17f-4e57-8f1c-09911895e9ea,1,2886.567164
2026/02/05/00:07:39,running-time,rs-002785-dt8xz,ebce3cd9-c17f-4e57-8f1c-09911895e9ea,1,2886.567164
2026/02/05/00:07:39,apply-time,rs-002785-p95fg,cc59ead0-5254-4a8c-99b7-199d62b248f5,1,2886.567164
2026/02/05/00:07:39,running-time,rs-002785-p95fg,cc59ead0-5254-4a8c-99b7-199d62b248f5,1,2886.567164
2026/02/05/00:07:48,apply-time,rs-002786-fnjp7,b8bd6f2b-c51d-4dd4-941c-449d1b1ac295,1,2894.567164
2026/02/05/00:07:48,running-time,rs-002786-fnjp7,b8bd6f2b-c51d-4dd4-941c-449d1b1ac295,1,2894.567164
2026/02/05/00:07:48,apply-time,rs-002786-w7cwg,f1347aa8-cf4e-41dd-83c8-cbaefac09dce,1,2894.567164
2026/02/05/00:07:48,running-time,rs-002786-w7cwg,f1347aa8-cf4e-41dd-83c8-cbaefac09dce,1,2894.567164
2026/02/05/00:07:48,apply-time,rs-002787-bp7cm,aec29591-2bc1-47ed-b7d5-02e272a901e6,1,2894.567164
2026/02/05/00:07:48,running-time,rs-002787-bp7cm,aec29591-2bc1-47ed-b7d5-02e272a901e6,1,2894.567164
2026/02/05/00:07:48,apply-time,rs-002788-2gzt4,876a9783-08e7-4851-bbcf-43ce80907603,1,2894.567164
2026/02/05/00:07:48,running-time,rs-002788-2gzt4,876a9783-08e7-4851-bbcf-43ce80907603,1,2894.567164
2026/02/05/00:07:48,apply-time,rs-002789-6j78x,2b133066-746c-46ec-8705-5b7fcd0a8975,1,2894.567164
2026/02/05/00:07:48,running-time,rs-002789-6j78x,2b133066-746c-46ec-8705-5b7fcd0a8975,1,2894.567164
2026/02/05/00:07:48,apply-time,rs-002789-r7mzm,227908cd-aa64-4a47-a617-b3bb705559b2,1,2894.567164
2026/02/05/00:07:48,running-time,rs-002789-r7mzm,227908cd-aa64-4a47-a617-b3bb705559b2,1,2894.567164
2026/02/05/00:07:48,apply-time,rs-002790-8vkv2,220308c7-c2c9-4708-a55e-971b15111cfd,1,2895.567164
2026/02/05/00:07:48,running-time,rs-002790-8vkv2,220308c7-c2c9-4708-a55e-971b15111cfd,1,2895.567164
2026/02/05/00:07:48,apply-time,rs-002790-vfpx4,3db3f61e-4aae-4997-94ca-ffa8ed0451e7,1,2895.567164
2026/02/05/00:07:48,running-time,rs-002790-vfpx4,3db3f61e-4aae-4997-94ca-ffa8ed0451e7,1,2895.567164
2026/02/05/00:07:48,apply-time,rs-002791-42lqj,5404648c-4d21-4b2a-afe8-0e41451f0d39,1,2895.567164
2026/02/05/00:07:48,running-time,rs-002791-42lqj,5404648c-4d21-4b2a-afe8-0e41451f0d39,1,2895.567164
2026/02/05/00:07:48,apply-time,rs-002791-lkx25,f2ce7254-8ce5-4f97-990f-908d04c19d47,1,2895.567164
2026/02/05/00:07:48,running-time,rs-002791-lkx25,f2ce7254-8ce5-4f97-990f-908d04c19d47,1,2895.567164
2026/02/05/00:07:48,apply-time,rs-002792-7zqcc,d1ed88c0-3e85-459f-85c6-a72af419c15f,1,2895.567164
2026/02/05/00:07:48,running-time,rs-002792-7zqcc,d1ed88c0-3e85-459f-85c6-a72af419c15f,1,2895.567164
2026/02/05/00:07:52,apply-time,rs-002793-ql5px,6da2dc45-d74a-44ac-9d60-8f71c084be7e,1,2899.567164
2026/02/05/00:07:52,running-time,rs-002793-ql5px,6da2dc45-d74a-44ac-9d60-8f71c084be7e,1,2899.567164
2026/02/05/00:07:52,apply-time,rs-002793-zf5pj,537834f8-1227-401e-9077-df7a3285518e,1,2899.567164
2026/02/05/00:07:52,running-time,rs-002793-zf5pj,537834f8-1227-401e-9077-df7a3285518e,1,2899.567164
2026/02/05/00:07:52,apply-time,rs-002794-mxxqf,e4be7995-492c-4661-a39c-b8695b6221cb,1,2899.567164
2026/02/05/00:07:52,running-time,rs-002794-mxxqf,e4be7995-492c-4661-a39c-b8695b6221cb,1,2899.567164
2026/02/05/00:07:52,apply-time,rs-002795-cf2hz,4e396a9c-a8ba-4680-af96-008a0afd6f73,1,2899.567164
2026/02/05/00:07:52,running-time,rs-002795-cf2hz,4e396a9c-a8ba-4680-af96-008a0afd6f73,1,2899.567164
2026/02/05/00:07:52,apply-time,rs-002796-xr4cl,c391040e-3dba-40a4-93bb-7d07f485a478,1,2899.567164
2026/02/05/00:07:52,apply-time,rs-002797-mvlnt,614b5828-e01c-4430-bc1d-a788ed405805,1,2899.567164
2026/02/05/00:07:52,running-time,rs-002797-mvlnt,614b5828-e01c-4430-bc1d-a788ed405805,1,2899.567164
2026/02/05/00:07:52,apply-time,rs-002798-frrgj,bd2e4e38-d29c-47a2-afb3-095bec6282c0,1,2899.567164
2026/02/05/00:07:52,apply-time,rs-002798-vr54j,8fe2509a-d598-4c31-8031-18b3aaeab1c3,1,2899.567164
2026/02/05/00:07:52,running-time,rs-002798-vr54j,8fe2509a-d598-4c31-8031-18b3aaeab1c3,1,2899.567164
2026/02/05/00:07:52,apply-time,rs-002799-ftsr4,8996a4f9-a7fb-44db-914a-99c316f3409c,1,2899.567164
2026/02/05/00:07:53,running-time,rs-002798-frrgj,bd2e4e38-d29c-47a2-afb3-095bec6282c0,1,2899.567164
2026/02/05/00:07:53,running-time,rs-002799-ftsr4,8996a4f9-a7fb-44db-914a-99c316f3409c,1,2899.567164
2026/02/05/00:07:53,apply-time,rs-002799-ltx4q,55ba3399-af91-40a8-9971-fd7bfe776403,1,2899.567164
2026/02/05/00:07:53,running-time,rs-002799-ltx4q,55ba3399-af91-40a8-9971-fd7bfe776403,1,2899.567164
2026/02/05/00:07:53,apply-time,rs-002800-jzgw8,c0655875-3330-415f-b47c-59d80049f8de,1,2900.567164
2026/02/05/00:07:53,running-time,rs-002800-jzgw8,c0655875-3330-415f-b47c-59d80049f8de,1,2900.567164
2026/02/05/00:07:53,apply-time,rs-002800-nbc69,9390f2c5-fc05-4564-a2cf-92b9bb24d494,1,2900.567164
2026/02/05/00:07:53,running-time,rs-002800-nbc69,9390f2c5-fc05-4564-a2cf-92b9bb24d494,1,2900.567164
2026/02/05/00:08:08,apply-time,rs-002801-bwg5r,149ea414-5edd-4b7a-8296-6b4eb8d14783,1,2915.567164
2026/02/05/00:08:08,running-time,rs-002801-bwg5r,149ea414-5edd-4b7a-8296-6b4eb8d14783,1,2915.567164
2026/02/05/00:08:08,apply-time,rs-002801-h76px,ea0dbc45-cfc1-4370-9264-e24b7c5de30c,1,2915.567164
2026/02/05/00:08:08,running-time,rs-002801-h76px,ea0dbc45-cfc1-4370-9264-e24b7c5de30c,1,2915.567164
2026/02/05/00:08:08,apply-time,rs-002802-jw8cg,410e173e-97b8-41a1-b030-e424ab4ddc68,1,2915.567164
2026/02/05/00:08:08,running-time,rs-002802-jw8cg,410e173e-97b8-41a1-b030-e424ab4ddc68,1,2915.567164
2026/02/05/00:08:08,apply-time,rs-002802-w4zlw,c7802d03-1812-4e89-a294-15e5cd5b4ee3,1,2915.567164
2026/02/05/00:08:08,running-time,rs-002802-w4zlw,c7802d03-1812-4e89-a294-15e5cd5b4ee3,1,2915.567164
2026/02/05/00:08:08,apply-time,rs-002802-xz8p4,d753b6e9-5a27-43c5-a014-f085f522e2b4,1,2915.567164
2026/02/05/00:08:08,running-time,rs-002802-xz8p4,d753b6e9-5a27-43c5-a014-f085f522e2b4,1,2915.567164
2026/02/05/00:08:08,apply-time,rs-002803-x9j2m,75f6cf0e-8778-4242-a8ec-bd53c8a82060,1,2915.567164
2026/02/05/00:08:09,running-time,rs-002803-x9j2m,75f6cf0e-8778-4242-a8ec-bd53c8a82060,1,2915.567164
2026/02/05/00:08:09,apply-time,rs-002804-9x7f6,8c5652e4-3156-4f3a-8a7e-0d3e846df386,1,2915.567164
2026/02/05/00:08:09,running-time,rs-002804-9x7f6,8c5652e4-3156-4f3a-8a7e-0d3e846df386,1,2915.567164
2026/02/05/00:08:09,apply-time,rs-002804-gmrm6,aec9cd39-1e56-49c7-84bd-b07abc60afdf,1,2915.567164
2026/02/05/00:08:09,running-time,rs-002804-gmrm6,aec9cd39-1e56-49c7-84bd-b07abc60afdf,1,2915.567164
2026/02/05/00:08:09,apply-time,rs-002805-6h64z,ff8724a0-bd10-49ae-a651-daad4afc2dcf,1,2915.567164
2026/02/05/00:08:09,apply-time,rs-002806-d46hm,07a0363f-160c-45b0-960f-a0332b182df7,1,2916.567164
2026/02/05/00:08:09,running-time,rs-002806-d46hm,07a0363f-160c-45b0-960f-a0332b182df7,1,2916.567164
2026/02/05/00:08:09,apply-time,rs-002807-4jtxk,9825bca6-3cf4-4a94-8cda-9c1da871a73b,1,2916.567164
2026/02/05/00:08:09,running-time,rs-002807-4jtxk,9825bca6-3cf4-4a94-8cda-9c1da871a73b,1,2916.567164
2026/02/05/00:08:09,apply-time,rs-002807-7pkhd,2aa0bec8-d2b0-4e0f-8b5c-251b9452acc0,1,2916.567164
2026/02/05/00:08:09,running-time,rs-002807-7pkhd,2aa0bec8-d2b0-4e0f-8b5c-251b9452acc0,1,2916.567164
2026/02/05/00:08:09,apply-time,rs-002807-ds249,c540fe1e-713c-4cf6-ba61-9914db9d187a,1,2916.567164
2026/02/05/00:08:09,running-time,rs-002807-ds249,c540fe1e-713c-4cf6-ba61-9914db9d187a,1,2916.567164
2026/02/05/00:08:12,running-time,rs-002805-6h64z,ff8724a0-bd10-49ae-a651-daad4afc2dcf,1,2919.567164
2026/02/05/00:08:13,apply-time,rs-002808-db84s,d685e173-f4ab-419e-b389-910b58d20590,1,2919.567164
2026/02/05/00:08:13,apply-time,rs-002808-h5l67,4f2b360d-5915-4538-82a1-3f21b050d2fe,1,2919.567164
2026/02/05/00:08:13,apply-time,rs-002808-z9hlb,e64a24d3-583e-48be-abb2-b51b3fd75002,1,2919.567164
2026/02/05/00:08:13,apply-time,rs-002809-9nmdx,69d3d1d9-9eda-435f-81f5-feac93b1cfb5,1,2919.567164
2026/02/05/00:08:13,running-time,rs-002809-9nmdx,69d3d1d9-9eda-435f-81f5-feac93b1cfb5,1,2919.567164
2026/02/05/00:08:13,apply-time,rs-002809-h684b,75a6a57a-1842-4139-a2e0-7ac9f4660b5a,1,2919.567164
2026/02/05/00:08:13,running-time,rs-002809-h684b,75a6a57a-1842-4139-a2e0-7ac9f4660b5a,1,2919.567164
2026/02/05/00:08:13,apply-time,rs-002809-wvn9j,664eaad6-154d-4adf-9a53-5e70f1872b46,1,2919.567164
2026/02/05/00:08:13,running-time,rs-002809-wvn9j,664eaad6-154d-4adf-9a53-5e70f1872b46,1,2919.567164
2026/02/05/00:08:13,apply-time,rs-002810-8nf8g,c528ba7e-4e32-4b47-83f9-c5ceb677337e,1,2919.567164
2026/02/05/00:08:13,apply-time,rs-002810-d9txd,ebb5e351-e402-48f0-986c-45a41d15036e,1,2919.567164
2026/02/05/00:08:13,running-time,rs-002810-d9txd,ebb5e351-e402-48f0-986c-45a41d15036e,1,2919.567164
2026/02/05/00:08:13,apply-time,rs-002811-gstmt,56289c70-05df-489b-994a-bd937a705040,1,2920.567164
2026/02/05/00:08:13,running-time,rs-002811-gstmt,56289c70-05df-489b-994a-bd937a705040,1,2920.567164
2026/02/05/00:08:13,apply-time,rs-002811-l9v4c,5e07972e-93b6-4f8b-adde-13c8fd216f9f,1,2920.567164
2026/02/05/00:08:13,running-time,rs-002811-l9v4c,5e07972e-93b6-4f8b-adde-13c8fd216f9f,1,2920.567164
2026/02/05/00:08:13,apply-time,rs-002811-p4hp6,5656e30d-1a9d-4f08-a88f-78b58df92abd,1,2920.567164
2026/02/05/00:08:13,running-time,rs-002811-p4hp6,5656e30d-1a9d-4f08-a88f-78b58df92abd,1,2920.567164
2026/02/05/00:08:13,apply-time,rs-002812-46ns6,279207c1-0117-4af1-8f5f-3a3d1138d169,1,2920.567164
2026/02/05/00:08:13,running-time,rs-002812-46ns6,279207c1-0117-4af1-8f5f-3a3d1138d169,1,2920.567164
2026/02/05/00:08:13,apply-time,rs-002812-fbz6l,c67f2a09-5969-4d22-8dbb-d421806a9d06,1,2920.567164
2026/02/05/00:08:13,running-time,rs-002812-fbz6l,c67f2a09-5969-4d22-8dbb-d421806a9d06,1,2920.567164
2026/02/05/00:08:13,apply-time,rs-002813-f8nc6,b180db6c-11ac-433f-ad48-10623719155e,1,2920.567164
2026/02/05/00:08:13,running-time,rs-002813-f8nc6,b180db6c-11ac-433f-ad48-10623719155e,1,2920.567164
2026/02/05/00:08:13,apply-time,rs-002813-r2wzk,0a2e8c5b-5597-421b-b0e8-24f11a7a6b0d,1,2920.567164
2026/02/05/00:08:13,running-time,rs-002813-r2wzk,0a2e8c5b-5597-421b-b0e8-24f11a7a6b0d,1,2920.567164
2026/02/05/00:08:13,apply-time,rs-002813-rqvkr,6e76a7b5-c792-4a0e-af4b-be1b12c4723a,1,2920.567164
2026/02/05/00:08:13,running-time,rs-002813-rqvkr,6e76a7b5-c792-4a0e-af4b-be1b12c4723a,1,2920.567164
2026/02/05/00:08:14,running-time,rs-002810-8nf8g,c528ba7e-4e32-4b47-83f9-c5ceb677337e,1,2920.567164
2026/02/05/00:08:14,apply-time,rs-002814-fs6x4,2a4e6cae-bbb6-4ed9-887f-52c73a992d14,1,2921.567164
2026/02/05/00:08:14,running-time,rs-002814-fs6x4,2a4e6cae-bbb6-4ed9-887f-52c73a992d14,1,2921.567164
2026/02/05/00:08:14,apply-time,rs-002814-xpdz9,f8e9bcc7-08f0-4a29-ac0d-99625354397d,1,2921.567164
2026/02/05/00:08:14,running-time,rs-002814-xpdz9,f8e9bcc7-08f0-4a29-ac0d-99625354397d,1,2921.567164
2026/02/05/00:08:14,apply-time,rs-002815-4scww,7d675947-59fc-469b-9046-cbae3b9c5bc5,1,2921.567164
2026/02/05/00:08:14,running-time,rs-002815-4scww,7d675947-59fc-469b-9046-cbae3b9c5bc5,1,2921.567164
2026/02/05/00:08:16,apply-time,rs-002816-fsgnn,5f39e6e3-e6e8-41b6-80ce-d4942807b3ef,1,2923.567164
2026/02/05/00:08:16,running-time,rs-002816-fsgnn,5f39e6e3-e6e8-41b6-80ce-d4942807b3ef,1,2923.567164
2026/02/05/00:08:16,apply-time,rs-002816-tqqhc,fda895d2-26c1-490a-9710-63b4b1c2af30,1,2923.567164
2026/02/05/00:08:16,running-time,rs-002816-tqqhc,fda895d2-26c1-490a-9710-63b4b1c2af30,1,2923.567164
2026/02/05/00:08:16,apply-time,rs-002817-495r7,1efe4b45-3afb-4569-8418-e97cd75a2326,1,2923.567164
2026/02/05/00:08:16,running-time,rs-002817-495r7,1efe4b45-3afb-4569-8418-e97cd75a2326,1,2923.567164
2026/02/05/00:08:16,apply-time,rs-002817-pxhzz,54254b58-63be-4efd-aff1-e7c1c3c5de22,1,2923.567164
2026/02/05/00:08:16,apply-time,rs-002818-l6gwc,a8ad6cfc-a13c-4b16-bf55-d0a9e2a712bc,1,2923.567164
2026/02/05/00:08:16,running-time,rs-002818-l6gwc,a8ad6cfc-a13c-4b16-bf55-d0a9e2a712bc,1,2923.567164
2026/02/05/00:08:16,apply-time,rs-002819-zglbx,b6c61bfe-4a3a-413a-888c-0e33186d72cf,1,2923.567164
2026/02/05/00:08:16,apply-time,rs-002820-chkdp,42372ac4-c8aa-4505-af56-dbfb8b7e8af5,1,2923.567164
2026/02/05/00:08:16,running-time,rs-002820-chkdp,42372ac4-c8aa-4505-af56-dbfb8b7e8af5,1,2923.567164
2026/02/05/00:08:16,apply-time,rs-002821-x2xx4,c5e9b990-1dd8-4997-82b9-2969c01f104c,1,2923.567164
2026/02/05/00:08:16,running-time,rs-002821-x2xx4,c5e9b990-1dd8-4997-82b9-2969c01f104c,1,2923.567164
2026/02/05/00:08:16,apply-time,rs-002822-dmws4,061eb0d0-f5a9-4ed2-92d5-62a8e261edc9,1,2923.567164
2026/02/05/00:08:16,running-time,rs-002822-dmws4,061eb0d0-f5a9-4ed2-92d5-62a8e261edc9,1,2923.567164
2026/02/05/00:08:16,apply-time,rs-002822-fjrsv,998f34f1-8897-443d-9df6-3cc4c3571449,1,2923.567164
2026/02/05/00:08:16,running-time,rs-002822-fjrsv,998f34f1-8897-443d-9df6-3cc4c3571449,1,2923.567164
2026/02/05/00:08:16,apply-time,rs-002822-vzm82,8607a83b-677b-45f2-921e-631b54137e54,1,2923.567164
2026/02/05/00:08:16,running-time,rs-002822-vzm82,8607a83b-677b-45f2-921e-631b54137e54,1,2923.567164
2026/02/05/00:08:16,apply-time,rs-002823-4dl22,cf7a43f2-277a-4e50-8f77-03f5f1896095,1,2923.567164
2026/02/05/00:08:17,apply-time,rs-002823-2g2xk,b8a6560a-25df-451e-bbf7-ab8638bc6ca1,1,2923.567164
2026/02/05/00:08:17,apply-time,rs-002824-84f8m,4c0cffbb-c5d0-420a-958c-2a74f3c9a942,1,2924.567164
2026/02/05/00:08:17,apply-time,rs-002824-f9lqf,7c461aa8-f9b7-4be4-a330-403098a5b038,1,2923.567164
2026/02/05/00:08:17,apply-time,rs-002825-6nchc,83df1183-0bc9-4b6b-b047-a2166b706754,1,2924.567164
2026/02/05/00:08:17,running-time,rs-002825-6nchc,83df1183-0bc9-4b6b-b047-a2166b706754,1,2924.567164
2026/02/05/00:08:17,apply-time,rs-002825-z7rwz,3912805e-23ed-4808-9778-588eb3f90c40,1,2924.567164
2026/02/05/00:08:17,running-time,rs-002825-z7rwz,3912805e-23ed-4808-9778-588eb3f90c40,1,2924.567164
2026/02/05/00:08:17,apply-time,rs-002826-ksc5d,547a5b8a-381e-4166-98de-8cc5ea59496b,1,2924.567164
2026/02/05/00:08:17,apply-time,rs-002827-g9n2d,76ba5341-8e73-465f-9ef2-b15dfb7f4b18,1,2924.567164
2026/02/05/00:08:17,apply-time,rs-002828-8zb9c,58ea4128-b213-4eb7-accb-51c3ad1483a4,1,2924.567164
2026/02/05/00:08:17,apply-time,rs-002829-fdknx,8f0aede7-70bc-41e5-b0a3-793090b76ee0,1,2924.567164
2026/02/05/00:08:18,running-time,rs-002824-84f8m,4c0cffbb-c5d0-420a-958c-2a74f3c9a942,1,2924.567164
2026/02/05/00:08:18,running-time,rs-002824-f9lqf,7c461aa8-f9b7-4be4-a330-403098a5b038,1,2924.567164
2026/02/05/00:08:18,running-time,rs-002826-ksc5d,547a5b8a-381e-4166-98de-8cc5ea59496b,1,2924.567164
2026/02/05/00:08:18,apply-time,rs-002828-9zmcf,242da649-1747-4981-9766-67f324afb7e7,1,2924.567164
2026/02/05/00:08:18,running-time,rs-002829-fdknx,8f0aede7-70bc-41e5-b0a3-793090b76ee0,1,2924.567164
2026/02/05/00:08:18,apply-time,rs-002829-pgmlq,bd25e8ca-6953-47b5-9ab3-2d8d7709b3ae,1,2925.567164
2026/02/05/00:08:18,running-time,rs-002829-pgmlq,bd25e8ca-6953-47b5-9ab3-2d8d7709b3ae,1,2925.567164
2026/02/05/00:08:21,apply-time,rs-002830-4crwx,5a5b90b0-86fa-45d3-a4e7-d27ff86d7559,1,2928.567164
2026/02/05/00:08:21,running-time,rs-002830-4crwx,5a5b90b0-86fa-45d3-a4e7-d27ff86d7559,1,2928.567164
2026/02/05/00:08:21,apply-time,rs-002830-p5cp8,48af1ff8-a6a2-40fe-97ad-b5cba32351be,1,2928.567164
2026/02/05/00:08:21,apply-time,rs-002830-svmnd,4ed84e4e-448d-4cdd-a46a-c06de8d1aa77,1,2928.567164
2026/02/05/00:08:21,apply-time,rs-002831-hb7gd,575b7274-750a-4865-9067-0d1b77983be6,1,2928.567164
2026/02/05/00:08:21,apply-time,rs-002832-z5hbh,453a2ba5-abb9-4e4e-bad5-dc8d85fd949d,1,2928.567164
2026/02/05/00:08:21,apply-time,rs-002833-hdj9q,b9c5aa29-ed26-44e9-ab0a-a2b3ff6a183f,1,2928.567164
2026/02/05/00:08:21,apply-time,rs-002833-svwbk,6aaaa623-f610-4009-a780-56beae4a0992,1,2928.567164
2026/02/05/00:08:22,running-time,rs-002830-p5cp8,48af1ff8-a6a2-40fe-97ad-b5cba32351be,1,2928.567164
2026/02/05/00:08:22,running-time,rs-002830-svmnd,4ed84e4e-448d-4cdd-a46a-c06de8d1aa77,1,2928.567164
2026/02/05/00:08:22,running-time,rs-002832-z5hbh,453a2ba5-abb9-4e4e-bad5-dc8d85fd949d,1,2928.567164
2026/02/05/00:08:22,running-time,rs-002833-hdj9q,b9c5aa29-ed26-44e9-ab0a-a2b3ff6a183f,1,2928.567164
2026/02/05/00:08:22,running-time,rs-002833-svwbk,6aaaa623-f610-4009-a780-56beae4a0992,1,2928.567164
2026/02/05/00:08:22,apply-time,rs-002834-82cq2,19884bf7-6d63-413d-8ada-fe472368072d,1,2929.567164
2026/02/05/00:08:22,running-time,rs-002834-82cq2,19884bf7-6d63-413d-8ada-fe472368072d,1,2929.567164
2026/02/05/00:08:22,apply-time,rs-002834-wwwzw,1b3dc1bc-569e-42cd-bea5-db9ba5df0512,1,2929.567164
2026/02/05/00:08:22,running-time,rs-002834-wwwzw,1b3dc1bc-569e-42cd-bea5-db9ba5df0512,1,2929.567164
2026/02/05/00:08:22,apply-time,rs-002834-zhvln,4a6986bf-220e-4ac6-b551-f149ba422925,1,2929.567164
2026/02/05/00:08:22,running-time,rs-002834-zhvln,4a6986bf-220e-4ac6-b551-f149ba422925,1,2929.567164
2026/02/05/00:08:22,apply-time,rs-002835-s6k7c,e523a5b0-a2cf-4e28-909d-c908564e3edd,1,2929.567164
2026/02/05/00:08:22,apply-time,rs-002835-t5dh4,c2af1bc5-ef35-461b-9f24-0fd9e00b767f,1,2929.567164
2026/02/05/00:08:23,apply-time,rs-002836-6695t,0b0559c4-a58b-4c76-bef9-cd964a6f570d,1,2930.567164
2026/02/05/00:08:23,apply-time,rs-002836-gcwsv,5981cae3-ba7e-4fd6-af39-3b5575ef52c1,1,2929.567164
2026/02/05/00:08:23,apply-time,rs-002836-jph9s,5e830c40-711d-4e6e-9b47-11527d25dcf0,1,2929.567164
2026/02/05/00:08:23,apply-time,rs-002837-cf8wd,65e6d53e-ca80-4155-9dbb-60f1917e12ee,1,2929.567164
2026/02/05/00:08:23,running-time,rs-002837-cf8wd,65e6d53e-ca80-4155-9dbb-60f1917e12ee,1,2929.567164
2026/02/05/00:08:23,apply-time,rs-002837-f625h,959b083b-2cac-4357-b9d1-389b45a51ed5,1,2929.567164
2026/02/05/00:08:23,running-time,rs-002837-f625h,959b083b-2cac-4357-b9d1-389b45a51ed5,1,2929.567164
2026/02/05/00:08:23,apply-time,rs-002837-s9fx8,3e9e6019-a7d4-4d4b-8adb-2f6eb7b6091f,1,2929.567164
2026/02/05/00:08:23,running-time,rs-002837-s9fx8,3e9e6019-a7d4-4d4b-8adb-2f6eb7b6091f,1,2929.567164
2026/02/05/00:08:24,apply-time,rs-002838-2jwnh,de7b2aba-72c0-4679-ba7b-547e8ed6fa9e,1,2931.567164
2026/02/05/00:08:24,running-time,rs-002838-2jwnh,de7b2aba-72c0-4679-ba7b-547e8ed6fa9e,1,2931.567164
2026/02/05/00:08:24,apply-time,rs-002839-h7sn9,fef7b5c5-07da-4184-a23a-a15491b97a22,1,2931.567164
2026/02/05/00:08:24,running-time,rs-002839-h7sn9,fef7b5c5-07da-4184-a23a-a15491b97a22,1,2931.567164
2026/02/05/00:08:25,apply-time,rs-002840-5wvjs,af6c7d8d-c5b3-4e66-bcca-d2c78a4e6d87,1,2932.567164
2026/02/05/00:08:25,running-time,rs-002840-5wvjs,af6c7d8d-c5b3-4e66-bcca-d2c78a4e6d87,1,2932.567164
2026/02/05/00:08:25,apply-time,rs-002840-7mlkk,a6a8c81f-f8d8-4526-8cea-44d452d98cbb,1,2932.567164
2026/02/05/00:08:25,running-time,rs-002840-7mlkk,a6a8c81f-f8d8-4526-8cea-44d452d98cbb,1,2932.567164
2026/02/05/00:08:25,apply-time,rs-002840-ktmkv,f3ded4a1-95f0-44dc-b9d5-7028209e65f9,1,2932.567164
2026/02/05/00:08:25,running-time,rs-002840-ktmkv,f3ded4a1-95f0-44dc-b9d5-7028209e65f9,1,2932.567164
2026/02/05/00:08:25,apply-time,rs-002841-7sb9z,390e3f2d-3bc1-44c1-8415-baad7b924af6,1,2932.567164
2026/02/05/00:08:25,apply-time,rs-002841-gv85d,a6238dad-fab8-487c-86fa-8fdd2fd148e4,1,2932.567164
2026/02/05/00:08:25,apply-time,rs-002841-nbtmf,e7d51c86-28b0-4308-b413-98ce7dc02dd7,1,2932.567164
2026/02/05/00:08:25,apply-time,rs-002842-7ptsx,d61360c3-babd-4e4f-bc8a-e3f5dcc79d8e,1,2932.567164
2026/02/05/00:08:25,apply-time,rs-002843-6hlnj,b33c5fa3-c019-4f50-a4f0-065f27bd7242,1,2932.567164
2026/02/05/00:08:25,apply-time,rs-002843-7cmhl,8f906bb9-59af-47af-b303-1a6d5580ac25,1,2932.567164
2026/02/05/00:08:25,apply-time,rs-002844-ks6v9,60ef623f-4dde-4520-95b9-f071503ab8b8,1,2932.567164
2026/02/05/00:08:26,apply-time,rs-002845-672vp,3e9d618d-b339-4fa1-8e2d-c353235d0009,1,2933.567164
2026/02/05/00:08:26,running-time,rs-002845-672vp,3e9d618d-b339-4fa1-8e2d-c353235d0009,1,2933.567164
2026/02/05/00:08:26,apply-time,rs-002845-tgn2j,ee2bd6cb-af35-49d6-a1d8-9dc1084fbe15,1,2932.567164
2026/02/05/00:08:26,running-time,rs-002845-tgn2j,ee2bd6cb-af35-49d6-a1d8-9dc1084fbe15,1,2932.567164
2026/02/05/00:08:26,apply-time,rs-002846-mtg6r,b044e51f-7d63-4c14-a3d1-23fcf4320b03,1,2933.567164
2026/02/05/00:08:26,apply-time,rs-002846-n46gt,5bc45927-0d78-485d-b337-a8317af617bf,1,2933.567164
2026/02/05/00:08:26,apply-time,rs-002846-qmfzr,6badb231-f360-4d12-9ce0-d7436566e31f,1,2932.567164
2026/02/05/00:08:26,apply-time,rs-002847-887fb,cd3018f8-ff5a-44f9-a39b-a5ff7f007678,1,2932.567164
2026/02/05/00:08:26,running-time,rs-002847-887fb,cd3018f8-ff5a-44f9-a39b-a5ff7f007678,1,2933.567164
2026/02/05/00:08:26,apply-time,rs-002847-bbm2j,e9372273-dad0-48f2-b18d-9d214221d40c,1,2933.567164
2026/02/05/00:08:26,running-time,rs-002847-bbm2j,e9372273-dad0-48f2-b18d-9d214221d40c,1,2933.567164
2026/02/05/00:08:26,apply-time,rs-002847-j4j86,0acbc987-b62e-4227-a6cf-c98baa6eb3c0,1,2933.567164
2026/02/05/00:08:26,running-time,rs-002847-j4j86,0acbc987-b62e-4227-a6cf-c98baa6eb3c0,1,2933.567164
2026/02/05/00:08:26,apply-time,rs-002848-pwmlb,aa35a34f-cd5e-48ae-af0d-08eb90573373,1,2933.567164
2026/02/05/00:08:28,apply-time,rs-002849-nnf2f,0f5efa7e-c884-49d7-a61f-e8f11d080da4,1,2934.567164
2026/02/05/00:08:28,running-time,rs-002849-nnf2f,0f5efa7e-c884-49d7-a61f-e8f11d080da4,1,2934.567164
2026/02/05/00:08:28,apply-time,rs-002850-5qx8b,0bd92da4-7576-43ba-bd85-9e3765283ad9,1,2934.567164
2026/02/05/00:08:28,running-time,rs-002850-5qx8b,0bd92da4-7576-43ba-bd85-9e3765283ad9,1,2934.567164
2026/02/05/00:08:28,apply-time,rs-002850-6qfl5,dc722530-8443-4e54-9c7f-74ac765c3f50,1,2934.567164
2026/02/05/00:08:28,running-time,rs-002850-6qfl5,dc722530-8443-4e54-9c7f-74ac765c3f50,1,2934.567164
2026/02/05/00:08:28,apply-time,rs-002850-r8rgc,00ae3d72-9659-4268-bdd0-8a25bae2e1a3,1,2934.567164
2026/02/05/00:08:28,running-time,rs-002850-r8rgc,00ae3d72-9659-4268-bdd0-8a25bae2e1a3,1,2934.567164
2026/02/05/00:08:28,apply-time,rs-002851-k7nj6,76cae9e2-61f3-44a3-8c7e-ee22f830a8b0,1,2935.567164
2026/02/05/00:08:28,running-time,rs-002851-k7nj6,76cae9e2-61f3-44a3-8c7e-ee22f830a8b0,1,2935.567164
2026/02/05/00:08:28,apply-time,rs-002851-s9fgj,ea2ce0e8-328b-47f9-a234-e1dad29b9a30,1,2934.567164
2026/02/05/00:08:28,running-time,rs-002851-s9fgj,ea2ce0e8-328b-47f9-a234-e1dad29b9a30,1,2935.567164
2026/02/05/00:08:28,apply-time,rs-002852-92jnm,86efdb5f-ecc9-471d-b5fe-76819e74f646,1,2935.567164
2026/02/05/00:08:28,apply-time,rs-002852-blsjj,76bb8200-efdd-4485-aba3-dcea178960bd,1,2935.567164
2026/02/05/00:08:28,apply-time,rs-002853-c5gtn,47be3bfd-890c-42fd-856c-9160f55c24b5,1,2935.567164
2026/02/05/00:08:28,apply-time,rs-002853-gm4qs,d0fc4788-8ab3-44db-a093-34c30a604637,1,2934.567164
2026/02/05/00:08:29,running-time,rs-002852-92jnm,86efdb5f-ecc9-471d-b5fe-76819e74f646,1,2936.567164
2026/02/05/00:08:29,running-time,rs-002852-blsjj,76bb8200-efdd-4485-aba3-dcea178960bd,1,2936.567164
2026/02/05/00:08:29,running-time,rs-002853-c5gtn,47be3bfd-890c-42fd-856c-9160f55c24b5,1,2936.567164
2026/02/05/00:08:29,running-time,rs-002853-gm4qs,d0fc4788-8ab3-44db-a093-34c30a604637,1,2936.567164
2026/02/05/00:08:30,running-time,rs-002844-ks6v9,60ef623f-4dde-4520-95b9-f071503ab8b8,1,2937.567164
2026/02/05/00:08:31,running-time,rs-002841-gv85d,a6238dad-fab8-487c-86fa-8fdd2fd148e4,1,2938.567164
2026/02/05/00:08:32,running-time,rs-002848-pwmlb,aa35a34f-cd5e-48ae-af0d-08eb90573373,1,2939.567164
2026/02/05/00:08:33,running-time,rs-002841-nbtmf,e7d51c86-28b0-4308-b413-98ce7dc02dd7,1,2940.567164
2026/02/05/00:08:35,running-time,rs-002836-jph9s,5e830c40-711d-4e6e-9b47-11527d25dcf0,1,2942.567164
2026/02/05/00:08:38,running-time,rs-002836-6695t,0b0559c4-a58b-4c76-bef9-cd964a6f570d,1,2945.567164
2026/02/05/00:08:38,apply-time,rs-002854-d6tnf,993fcd51-3393-45e4-98c2-ab975f9f4c3e,1,2945.567164
2026/02/05/00:08:38,running-time,rs-002854-d6tnf,993fcd51-3393-45e4-98c2-ab975f9f4c3e,1,2945.567164
2026/02/05/00:08:38,apply-time,rs-002854-xdzvz,ced72670-c754-47e3-b98f-767d3182c75e,1,2945.567164
2026/02/05/00:08:38,running-time,rs-002854-xdzvz,ced72670-c754-47e3-b98f-767d3182c75e,1,2945.567164
2026/02/05/00:08:38,apply-time,rs-002855-gkrf5,d39c0299-16a3-481c-afe8-6b827c7a37cc,1,2945.567164
2026/02/05/00:08:38,running-time,rs-002855-gkrf5,d39c0299-16a3-481c-afe8-6b827c7a37cc,1,2945.567164
2026/02/05/00:08:41,running-time,rs-002836-gcwsv,5981cae3-ba7e-4fd6-af39-3b5575ef52c1,1,2948.567164
2026/02/05/00:08:45,running-time,rs-002835-s6k7c,e523a5b0-a2cf-4e28-909d-c908564e3edd,1,2952.567164
2026/02/05/00:08:49,apply-time,rs-002856-bhznj,02975fd5-1b6b-4a57-a3f8-da156b29c78b,1,2955.567164
2026/02/05/00:08:49,running-time,rs-002856-bhznj,02975fd5-1b6b-4a57-a3f8-da156b29c78b,1,2955.567164
2026/02/05/00:08:49,apply-time,rs-002857-86r8x,b67c4a84-45c4-49a4-a607-a823e0d4f1e6,1,2955.567164
2026/02/05/00:08:49,running-time,rs-002857-86r8x,b67c4a84-45c4-49a4-a607-a823e0d4f1e6,1,2956.567164
2026/02/05/00:08:49,apply-time,rs-002857-wbnv6,c11d8ef4-da42-4a78-81fb-1df18e3083d6,1,2955.567164
2026/02/05/00:08:49,running-time,rs-002857-wbnv6,c11d8ef4-da42-4a78-81fb-1df18e3083d6,1,2956.567164
2026/02/05/00:08:50,apply-time,rs-002858-gf8ql,d8c05dd6-3b71-464a-bef4-4c18b369871b,1,2957.567164
2026/02/05/00:08:50,running-time,rs-002858-gf8ql,d8c05dd6-3b71-464a-bef4-4c18b369871b,1,2957.567164
2026/02/05/00:08:50,apply-time,rs-002858-xwrsr,aae5b843-bb08-4983-967e-3c6bf4f57481,1,2957.567164
2026/02/05/00:08:50,running-time,rs-002858-xwrsr,aae5b843-bb08-4983-967e-3c6bf4f57481,1,2957.567164
2026/02/05/00:08:50,apply-time,rs-002859-nv75w,ce9fa39b-446e-4983-a6b3-26a5e422a44e,1,2957.567164
2026/02/05/00:08:50,running-time,rs-002859-nv75w,ce9fa39b-446e-4983-a6b3-26a5e422a44e,1,2957.567164
2026/02/05/00:08:50,apply-time,rs-002860-96w5p,d027e48a-9bb0-435f-bdc4-7b1b08b98fad,1,2957.567164
2026/02/05/00:08:50,running-time,rs-002860-96w5p,d027e48a-9bb0-435f-bdc4-7b1b08b98fad,1,2957.567164
2026/02/05/00:08:50,apply-time,rs-002860-ldg7t,2dc18872-4411-4c10-bc0b-bb3beb8684b4,1,2957.567164
2026/02/05/00:08:50,running-time,rs-002860-ldg7t,2dc18872-4411-4c10-bc0b-bb3beb8684b4,1,2957.567164
2026/02/05/00:08:58,apply-time,rs-002861-dck92,88d622d6-8a28-4e43-a1f3-c09106c81cca,1,2964.567164
2026/02/05/00:08:58,apply-time,rs-002861-vr86f,8f21c23d-b25e-4494-8c99-cbd8094bce9d,1,2964.567164
2026/02/05/00:08:58,apply-time,rs-002862-d4cmn,80af03fa-e224-4755-8393-54763fd9f63a,1,2965.567164
2026/02/05/00:08:58,running-time,rs-002862-d4cmn,80af03fa-e224-4755-8393-54763fd9f63a,1,2965.567164
2026/02/05/00:08:58,apply-time,rs-002862-zxxlx,21f2551a-d13c-4ca8-8073-46852187d472,1,2965.567164
2026/02/05/00:08:58,running-time,rs-002862-zxxlx,21f2551a-d13c-4ca8-8073-46852187d472,1,2965.567164
2026/02/05/00:08:58,apply-time,rs-002863-7bsh7,eea4ae80-95b8-4691-b4db-79c2e334b1d3,1,2965.567164
2026/02/05/00:08:58,apply-time,rs-002863-j6b6l,0e49e303-26c4-48a0-b8da-9359cee75b3f,1,2965.567164
2026/02/05/00:08:58,apply-time,rs-002863-npr9q,e98f212c-827d-4513-83be-0bff069fad3d,1,2965.567164
2026/02/05/00:08:58,running-time,rs-002863-npr9q,e98f212c-827d-4513-83be-0bff069fad3d,1,2965.567164
2026/02/05/00:08:59,running-time,rs-002863-7bsh7,eea4ae80-95b8-4691-b4db-79c2e334b1d3,1,2965.567164
2026/02/05/00:08:59,running-time,rs-002863-j6b6l,0e49e303-26c4-48a0-b8da-9359cee75b3f,1,2965.567164
2026/02/05/00:09:01,apply-time,rs-002864-t8rc5,907afc1a-0845-4708-8063-76a96b33dfa1,1,2967.567164
2026/02/05/00:09:01,running-time,rs-002864-t8rc5,907afc1a-0845-4708-8063-76a96b33dfa1,1,2967.567164
2026/02/05/00:09:01,apply-time,rs-002865-c7rkh,46066ced-9bf6-4c32-a0b5-e32bbd4a4e1b,1,2967.567164
2026/02/05/00:09:01,running-time,rs-002865-c7rkh,46066ced-9bf6-4c32-a0b5-e32bbd4a4e1b,1,2967.567164
2026/02/05/00:09:01,apply-time,rs-002865-rhr2r,0baa4938-dab5-4975-982a-16cd0b48c1bd,1,2967.567164
2026/02/05/00:09:01,running-time,rs-002865-rhr2r,0baa4938-dab5-4975-982a-16cd0b48c1bd,1,2967.567164
2026/02/05/00:09:16,apply-time,rs-002866-fnrzs,70d5a5ef-5ded-423d-a0e8-810c30ad2f57,1,2983.567164
2026/02/05/00:09:16,apply-time,rs-002866-jgvdj,53c3a306-cd19-42c7-b310-08900079dbc7,1,2983.567164
2026/02/05/00:09:16,apply-time,rs-002867-5b5rw,7126110b-d4ce-4da0-af65-165a7118b600,1,2983.567164
2026/02/05/00:09:16,running-time,rs-002867-5b5rw,7126110b-d4ce-4da0-af65-165a7118b600,1,2983.567164
2026/02/05/00:09:16,apply-time,rs-002867-l7kth,d94cdac2-fec2-4d5b-a971-8bc3ab4c6f09,1,2983.567164
2026/02/05/00:09:16,running-time,rs-002867-l7kth,d94cdac2-fec2-4d5b-a971-8bc3ab4c6f09,1,2983.567164
2026/02/05/00:09:16,apply-time,rs-002868-7qnbp,9bc24c02-8b5d-4a0e-85c5-b79d5f4e6cf1,1,2983.567164
2026/02/05/00:09:16,running-time,rs-002868-7qnbp,9bc24c02-8b5d-4a0e-85c5-b79d5f4e6cf1,1,2983.567164
2026/02/05/00:09:16,apply-time,rs-002868-zsv2m,a658ac6c-6eaf-4c31-aa93-f4339bcd4daa,1,2983.567164
2026/02/05/00:09:16,running-time,rs-002868-zsv2m,a658ac6c-6eaf-4c31-aa93-f4339bcd4daa,1,2983.567164
2026/02/05/00:09:22,apply-time,rs-002869-2thgs,2d6dfe68-ff6b-442a-aa3c-8eed18c03beb,1,2988.567164
2026/02/05/00:09:22,running-time,rs-002869-2thgs,2d6dfe68-ff6b-442a-aa3c-8eed18c03beb,1,2988.567164
2026/02/05/00:09:22,apply-time,rs-002869-9fwtf,ed2a207b-336d-4f74-a795-c88c588ca2a2,1,2988.567164
2026/02/05/00:09:22,running-time,rs-002869-9fwtf,ed2a207b-336d-4f74-a795-c88c588ca2a2,1,2988.567164
2026/02/05/00:09:22,apply-time,rs-002869-k58dk,247603c3-0a2d-40e2-bbe2-867420f7b61c,1,2988.567164
2026/02/05/00:09:22,running-time,rs-002869-k58dk,247603c3-0a2d-40e2-bbe2-867420f7b61c,1,2988.567164
2026/02/05/00:09:22,apply-time,rs-002870-xdzwm,324b85c0-91d3-4654-a786-65bb1c057ee7,1,2988.567164
2026/02/05/00:09:22,running-time,rs-002870-xdzwm,324b85c0-91d3-4654-a786-65bb1c057ee7,1,2988.567164
2026/02/05/00:09:22,apply-time,rs-002871-rwrdb,fdb0205f-9c4b-4298-9cfa-154b8685b220,1,2988.567164
2026/02/05/00:09:22,running-time,rs-002871-rwrdb,fdb0205f-9c4b-4298-9cfa-154b8685b220,1,2988.567164
2026/02/05/00:09:22,apply-time,rs-002871-ztqh8,8a9bf110-254f-44fb-a533-eeced3b57826,1,2988.567164
2026/02/05/00:09:22,running-time,rs-002871-ztqh8,8a9bf110-254f-44fb-a533-eeced3b57826,1,2988.567164
2026/02/05/00:09:22,apply-time,rs-002872-gs46j,e0842653-19d5-4f94-91d2-8b236e496ea3,1,2988.567164
2026/02/05/00:09:22,running-time,rs-002872-gs46j,e0842653-19d5-4f94-91d2-8b236e496ea3,1,2988.567164
2026/02/05/00:09:32,apply-time,rs-002873-plrqm,ec56759d-3b41-4e34-89e9-f517796bb5c0,1,2999.567164
2026/02/05/00:09:32,apply-time,rs-002873-wtscf,e3e8e1bc-dbd9-4556-a13d-3833492234b8,1,2998.567164
2026/02/05/00:09:32,running-time,rs-002873-wtscf,e3e8e1bc-dbd9-4556-a13d-3833492234b8,1,2999.567164
2026/02/05/00:09:32,apply-time,rs-002874-wj4ft,e5623ceb-87f6-4e58-a123-2a980dd1bb58,1,2998.567164
2026/02/05/00:09:32,running-time,rs-002874-wj4ft,e5623ceb-87f6-4e58-a123-2a980dd1bb58,1,2999.567164
2026/02/05/00:09:32,apply-time,rs-002875-2f8r7,b9a76337-aa02-40c4-927f-9d8080089946,1,2998.567164
2026/02/05/00:09:32,running-time,rs-002875-2f8r7,b9a76337-aa02-40c4-927f-9d8080089946,1,2999.567164
2026/02/05/00:09:32,apply-time,rs-002875-46txb,5f80506a-ebcf-4c82-95d4-8cb163326b7a,1,2998.567164
2026/02/05/00:09:32,running-time,rs-002875-46txb,5f80506a-ebcf-4c82-95d4-8cb163326b7a,1,2999.567164
2026/02/05/00:09:32,apply-time,rs-002875-852qx,307d99bd-fabe-481d-86cd-b6252ce367cb,1,2998.567164
2026/02/05/00:09:32,running-time,rs-002875-852qx,307d99bd-fabe-481d-86cd-b6252ce367cb,1,2999.567164
2026/02/05/00:09:32,apply-time,rs-002876-g5sv2,b4e6922a-d276-4e85-a5b4-2e50ff5ea67c,1,2999.567164
2026/02/05/00:09:32,apply-time,rs-002876-qqjxg,ef91a5db-75a0-43e9-8bf6-872b5dab7f68,1,2998.567164
2026/02/05/00:09:32,running-time,rs-002876-qqjxg,ef91a5db-75a0-43e9-8bf6-872b5dab7f68,1,2999.567164
2026/02/05/00:09:32,apply-time,rs-002876-s5wmq,ca58cd7e-1a34-48e1-89f3-a925f931704a,1,2999.567164
2026/02/05/00:09:32,apply-time,rs-002877-7n2lh,603df9d0-394e-41f4-85a8-79e6d82bea3b,1,2999.567164
2026/02/05/00:09:32,apply-time,rs-002877-jdlr7,f1d869c0-a4c9-4020-b4d3-fa24cc4ac626,1,2999.567164
2026/02/05/00:09:33,running-time,rs-002876-g5sv2,b4e6922a-d276-4e85-a5b4-2e50ff5ea67c,1,2999.567164
2026/02/05/00:09:33,running-time,rs-002876-s5wmq,ca58cd7e-1a34-48e1-89f3-a925f931704a,1,2999.567164
2026/02/05/00:09:33,running-time,rs-002877-7n2lh,603df9d0-394e-41f4-85a8-79e6d82bea3b,1,2999.567164
2026/02/05/00:09:33,running-time,rs-002877-jdlr7,f1d869c0-a4c9-4020-b4d3-fa24cc4ac626,1,2999.567164
2026/02/05/00:09:33,apply-time,rs-002878-5zf6v,0e36ca21-d429-4247-82b9-df6ab33ad283,1,2999.567164
2026/02/05/00:09:33,running-time,rs-002878-5zf6v,0e36ca21-d429-4247-82b9-df6ab33ad283,1,2999.567164
2026/02/05/00:09:33,apply-time,rs-002878-hw4xn,ed641695-53f6-4e23-bc7c-fbbd21474720,1,2999.567164
2026/02/05/00:09:33,running-time,rs-002878-hw4xn,ed641695-53f6-4e23-bc7c-fbbd21474720,1,2999.567164
2026/02/05/00:09:33,apply-time,rs-002879-tk8w6,82b16c5c-be57-4d5d-9a78-8dd2a3d38918,1,2999.567164
2026/02/05/00:09:33,apply-time,rs-002879-vzs5x,a9b44caf-df13-4763-9cb0-ee1a46060336,1,2999.567164
2026/02/05/00:09:33,apply-time,rs-002880-p2g9w,0ca8cbc8-112d-4364-b2bd-1634cd87f649,1,3000.567164
2026/02/05/00:09:33,running-time,rs-002880-p2g9w,0ca8cbc8-112d-4364-b2bd-1634cd87f649,1,3000.567164
2026/02/05/00:09:33,apply-time,rs-002881-hx5dk,bbe41c67-857e-4ab1-8c98-e61b2f8239c4,1,2999.567164
2026/02/05/00:09:33,running-time,rs-002881-hx5dk,bbe41c67-857e-4ab1-8c98-e61b2f8239c4,1,2999.567164
2026/02/05/00:09:33,apply-time,rs-002881-rvgsd,09cef20e-2e3d-4fd8-bcbf-03bf10bcf19c,1,3000.567164
2026/02/05/00:09:33,running-time,rs-002881-rvgsd,09cef20e-2e3d-4fd8-bcbf-03bf10bcf19c,1,3000.567164
2026/02/05/00:09:41,apply-time,rs-002882-89fwc,b143d287-cca2-49e9-a451-c349cc40a13a,1,3008.567164
2026/02/05/00:09:41,apply-time,rs-002882-hkpsc,16210816-9752-4880-90db-9d6d92ce7b8b,1,3008.567164
2026/02/05/00:09:41,apply-time,rs-002882-rw26l,13a0c7f9-800d-46de-9992-dd77b51dfdaf,1,3008.567164
2026/02/05/00:09:41,apply-time,rs-002883-7v2nk,cad3ea8b-3626-4fb1-80a1-3a6af60183a5,1,3008.567164
2026/02/05/00:09:41,running-time,rs-002883-7v2nk,cad3ea8b-3626-4fb1-80a1-3a6af60183a5,1,3008.567164
2026/02/05/00:09:41,apply-time,rs-002883-p7mc7,c5756aa9-5ed5-4799-8480-a814ddbc6203,1,3008.567164
2026/02/05/00:09:41,running-time,rs-002883-p7mc7,c5756aa9-5ed5-4799-8480-a814ddbc6203,1,3008.567164
2026/02/05/00:09:41,apply-time,rs-002884-86zgg,d0c9e6e1-0062-4cb7-9da8-bb66e9946d6d,1,3008.567164
2026/02/05/00:09:41,running-time,rs-002884-86zgg,d0c9e6e1-0062-4cb7-9da8-bb66e9946d6d,1,3008.567164
2026/02/05/00:09:41,apply-time,rs-002884-9jmqt,9a7568f2-57dc-4f80-b7d8-bdb3b1e4a1bb,1,3008.567164
2026/02/05/00:09:41,running-time,rs-002884-9jmqt,9a7568f2-57dc-4f80-b7d8-bdb3b1e4a1bb,1,3008.567164
2026/02/05/00:09:41,apply-time,rs-002884-c5r7m,0a4d94a3-3603-4846-9f82-96b50efc62d6,1,3008.567164
2026/02/05/00:09:41,running-time,rs-002884-c5r7m,0a4d94a3-3603-4846-9f82-96b50efc62d6,1,3008.567164
2026/02/05/00:09:41,apply-time,rs-002885-w8nzs,f64a8f8f-6255-4376-b3f9-bd23f2cbf20e,1,3008.567164
2026/02/05/00:09:41,running-time,rs-002885-w8nzs,f64a8f8f-6255-4376-b3f9-bd23f2cbf20e,1,3008.567164
2026/02/05/00:09:41,apply-time,rs-002886-lsrkf,d793d92c-4453-4c7e-a5bd-0b442278da8f,1,3009.567164
2026/02/05/00:09:41,running-time,rs-002886-lsrkf,d793d92c-4453-4c7e-a5bd-0b442278da8f,1,3009.567164
2026/02/05/00:09:42,apply-time,rs-002887-dkbj9,29e7dbff-8272-4bfa-b128-819c8e05a37e,1,3009.567164
2026/02/05/00:09:42,running-time,rs-002887-dkbj9,29e7dbff-8272-4bfa-b128-819c8e05a37e,1,3009.567164
2026/02/05/00:09:42,apply-time,rs-002887-dl4t6,eba51cf1-c684-4cd8-992e-fccd9a1021b1,1,3009.567164
2026/02/05/00:09:42,running-time,rs-002887-dl4t6,eba51cf1-c684-4cd8-992e-fccd9a1021b1,1,3009.567164
2026/02/05/00:09:42,apply-time,rs-002887-lsprh,5cce98e0-cc50-4966-bd90-9beaf7d632f0,1,3009.567164
2026/02/05/00:09:42,running-time,rs-002887-lsprh,5cce98e0-cc50-4966-bd90-9beaf7d632f0,1,3009.567164
2026/02/05/00:09:42,apply-time,rs-002888-6wvts,c0eb076a-ab06-4bb1-b5cf-a5f39551b358,1,3009.567164
2026/02/05/00:09:42,running-time,rs-002888-6wvts,c0eb076a-ab06-4bb1-b5cf-a5f39551b358,1,3009.567164
2026/02/05/00:09:42,apply-time,rs-002888-8jd5z,91c3d3de-0284-4fe5-97b6-5db6527ff59e,1,3009.567164
2026/02/05/00:09:42,running-time,rs-002888-8jd5z,91c3d3de-0284-4fe5-97b6-5db6527ff59e,1,3009.567164
2026/02/05/00:09:47,apply-time,rs-002889-j5jg6,b48452e2-dc00-4489-9dd4-c77c4f160c04,1,3014.567164
2026/02/05/00:09:47,running-time,rs-002889-j5jg6,b48452e2-dc00-4489-9dd4-c77c4f160c04,1,3014.567164
2026/02/05/00:09:47,apply-time,rs-002890-2l4tg,ea7df2a3-edb8-493d-9665-96e2c2e0edf5,1,3014.567164
2026/02/05/00:09:47,running-time,rs-002890-2l4tg,ea7df2a3-edb8-493d-9665-96e2c2e0edf5,1,3014.567164
2026/02/05/00:09:47,apply-time,rs-002890-79t4d,6e802191-1612-435a-9c00-dbb8dfb262e4,1,3014.567164
2026/02/05/00:09:47,running-time,rs-002890-79t4d,6e802191-1612-435a-9c00-dbb8dfb262e4,1,3014.567164
2026/02/05/00:09:47,apply-time,rs-002891-j9vlj,7c098b04-f100-4966-a5ba-c5ab5cd78c1a,1,3014.567164
2026/02/05/00:09:47,running-time,rs-002891-j9vlj,7c098b04-f100-4966-a5ba-c5ab5cd78c1a,1,3014.567164
2026/02/05/00:09:47,apply-time,rs-002891-vw745,4e2fb8c3-370c-4a47-9600-70181cf38876,1,3014.567164
2026/02/05/00:09:47,running-time,rs-002891-vw745,4e2fb8c3-370c-4a47-9600-70181cf38876,1,3014.567164
2026/02/05/00:09:47,apply-time,rs-002892-7j7bn,0df381a7-5959-4aae-be5d-8e333327b8d5,1,3014.567164
2026/02/05/00:09:47,running-time,rs-002892-7j7bn,0df381a7-5959-4aae-be5d-8e333327b8d5,1,3014.567164
2026/02/05/00:09:47,apply-time,rs-002892-qwd9v,90763d68-2131-4a6c-af8c-ed2b1464a2a0,1,3014.567164
2026/02/05/00:09:47,running-time,rs-002892-qwd9v,90763d68-2131-4a6c-af8c-ed2b1464a2a0,1,3014.567164
2026/02/05/00:09:47,apply-time,rs-002893-5p2gg,21522fd6-c1a6-428d-9e5c-435244f75195,1,3014.567164
2026/02/05/00:09:47,running-time,rs-002893-5p2gg,21522fd6-c1a6-428d-9e5c-435244f75195,1,3014.567164
2026/02/05/00:09:47,apply-time,rs-002894-6x87z,295ce07c-c7ef-48fc-9603-a3c7a9d3a000,1,3014.567164
2026/02/05/00:09:47,running-time,rs-002894-6x87z,295ce07c-c7ef-48fc-9603-a3c7a9d3a000,1,3014.567164
2026/02/05/00:09:47,apply-time,rs-002894-zhb4z,78e4602f-222e-4cf3-b08f-1fa298d9fc4a,1,3014.567164
2026/02/05/00:09:47,running-time,rs-002894-zhb4z,78e4602f-222e-4cf3-b08f-1fa298d9fc4a,1,3014.567164
2026/02/05/00:09:51,apply-time,rs-002895-8nnwc,0ce8c9e8-027a-4663-ae0f-818eb50a7f17,1,3018.567164
2026/02/05/00:09:51,running-time,rs-002895-8nnwc,0ce8c9e8-027a-4663-ae0f-818eb50a7f17,1,3018.567164
2026/02/05/00:09:51,apply-time,rs-002896-64hrm,3b94e303-ebae-4668-99d6-2c0e3849b15d,1,3018.567164
2026/02/05/00:09:51,running-time,rs-002896-64hrm,3b94e303-ebae-4668-99d6-2c0e3849b15d,1,3018.567164
2026/02/05/00:09:53,apply-time,rs-002897-lgtgx,1215ae81-8694-49c4-bbd9-7a4148aaed0a,1,3020.567164
2026/02/05/00:09:53,running-time,rs-002897-lgtgx,1215ae81-8694-49c4-bbd9-7a4148aaed0a,1,3020.567164
2026/02/05/00:09:53,apply-time,rs-002898-8c9rz,abe1843c-6f5f-453e-a753-b978e147b4d8,1,3020.567164
2026/02/05/00:09:53,apply-time,rs-002898-8vkx5,97b7ed25-f08c-49a5-a94a-e2b058e7566f,1,3020.567164
2026/02/05/00:09:53,apply-time,rs-002898-ftplp,3368795d-9c8b-44f1-a828-feeb0d011850,1,3020.567164
2026/02/05/00:09:53,apply-time,rs-002899-kpqq7,2cd59c90-edcc-4d22-85d6-ac777df71887,1,3020.567164
2026/02/05/00:09:53,running-time,rs-002899-kpqq7,2cd59c90-edcc-4d22-85d6-ac777df71887,1,3020.567164
2026/02/05/00:10:04,apply-time,rs-002656-thpnh,8b9fc13c-d215-4b20-811b-08e38e89c101,1,3030.567164
2026/02/05/00:10:04,running-time,rs-002656-thpnh,8b9fc13c-d215-4b20-811b-08e38e89c101,1,3030.567164
2026/02/05/00:10:04,apply-time,rs-002836-8pv5d,9dd10d16-fd79-4be0-922d-8a6fe147b148,1,3030.567164
2026/02/05/00:10:04,running-time,rs-002836-8pv5d,9dd10d16-fd79-4be0-922d-8a6fe147b148,1,3030.567164
2026/02/05/00:10:04,running-time,rs-002898-8c9rz,abe1843c-6f5f-453e-a753-b978e147b4d8,1,3030.567164
2026/02/05/00:10:04,running-time,rs-002898-8vkx5,97b7ed25-f08c-49a5-a94a-e2b058e7566f,1,3030.567164
2026/02/05/00:10:04,running-time,rs-002898-ftplp,3368795d-9c8b-44f1-a828-feeb0d011850,1,3030.567164
2026/02/05/00:10:08,apply-time,rs-002900-wz24l,3c625122-3432-49b1-bc1b-bfa96a910fbd,1,3035.567164
2026/02/05/00:10:08,running-time,rs-002900-wz24l,3c625122-3432-49b1-bc1b-bfa96a910fbd,1,3035.567164
2026/02/05/00:10:08,apply-time,rs-002901-9bkvr,91e969da-7070-4f7b-a151-9062aea6cdb7,1,3035.567164
2026/02/05/00:10:08,running-time,rs-002901-9bkvr,91e969da-7070-4f7b-a151-9062aea6cdb7,1,3035.567164
2026/02/05/00:10:08,apply-time,rs-002901-gw5gn,6aff3c67-89c0-4897-9344-bc099e43c8d9,1,3035.567164
2026/02/05/00:10:08,running-time,rs-002901-gw5gn,6aff3c67-89c0-4897-9344-bc099e43c8d9,1,3035.567164
2026/02/05/00:10:08,apply-time,rs-002902-6qnll,d3b53dd1-c53b-4e27-bcaf-10e542dd1261,1,3035.567164
2026/02/05/00:10:08,running-time,rs-002902-6qnll,d3b53dd1-c53b-4e27-bcaf-10e542dd1261,1,3035.567164
2026/02/05/00:10:08,apply-time,rs-002902-7xpkv,d728be2d-6cc1-4235-be47-30d047fe351e,1,3035.567164
2026/02/05/00:10:08,running-time,rs-002902-7xpkv,d728be2d-6cc1-4235-be47-30d047fe351e,1,3035.567164
2026/02/05/00:10:08,apply-time,rs-002902-ltbz7,f1ed9c21-d210-4ad8-94e4-4737825aa26b,1,3035.567164
2026/02/05/00:10:08,running-time,rs-002902-ltbz7,f1ed9c21-d210-4ad8-94e4-4737825aa26b,1,3035.567164
2026/02/05/00:10:08,apply-time,rs-002903-hcjz4,075528f7-24e4-4cd5-b369-e1a0209c720d,1,3035.567164
2026/02/05/00:10:08,running-time,rs-002903-hcjz4,075528f7-24e4-4cd5-b369-e1a0209c720d,1,3035.567164
2026/02/05/00:10:08,apply-time,rs-002903-sfw2s,423fa868-9b26-419a-a57d-602cede2bde7,1,3035.567164
2026/02/05/00:10:08,running-time,rs-002903-sfw2s,423fa868-9b26-419a-a57d-602cede2bde7,1,3035.567164
2026/02/05/00:10:08,apply-time,rs-002904-dhnzz,8af31a89-0333-44da-9e52-4f6e3d1a20d4,1,3035.567164
2026/02/05/00:10:08,running-time,rs-002904-dhnzz,8af31a89-0333-44da-9e52-4f6e3d1a20d4,1,3035.567164
2026/02/05/00:10:08,apply-time,rs-002904-hw6xp,fadeb932-7605-477b-b8de-2d0ad97d54d0,1,3035.567164
2026/02/05/00:10:08,running-time,rs-002904-hw6xp,fadeb932-7605-477b-b8de-2d0ad97d54d0,1,3035.567164
2026/02/05/00:10:08,apply-time,rs-002904-jrgrd,827ddf0a-e701-4832-941a-6cb8ba08124a,1,3035.567164
2026/02/05/00:10:08,running-time,rs-002904-jrgrd,827ddf0a-e701-4832-941a-6cb8ba08124a,1,3035.567164
2026/02/05/00:10:09,apply-time,rs-002905-kxhbt,d1f2c16e-ccf7-4dd1-ab5e-fbd51ed8fb50,1,3035.567164
2026/02/05/00:10:09,apply-time,rs-002906-2xrxt,8cfc7d25-1bd6-47f7-9606-1b2084b01643,1,3035.567164
2026/02/05/00:10:09,apply-time,rs-002906-b4nrl,c6f5f368-1693-4dbc-bf0e-7f0e8b6472ad,1,3035.567164
2026/02/05/00:10:09,running-time,rs-002906-b4nrl,c6f5f368-1693-4dbc-bf0e-7f0e8b6472ad,1,3035.567164
2026/02/05/00:10:14,apply-time,rs-002907-666nt,0d327dc0-15ac-4bde-8c6d-697c44848c93,1,3041.567164
2026/02/05/00:10:14,running-time,rs-002907-666nt,0d327dc0-15ac-4bde-8c6d-697c44848c93,1,3041.567164
2026/02/05/00:10:14,apply-time,rs-002907-bwsqz,fcc82b8a-08f2-4360-9f11-b91b8e1ee78b,1,3041.567164
2026/02/05/00:10:14,running-time,rs-002907-bwsqz,fcc82b8a-08f2-4360-9f11-b91b8e1ee78b,1,3041.567164
2026/02/05/00:10:14,apply-time,rs-002907-ftrb2,91bfc722-7a23-47b0-bb9e-184b7f7f4e3f,1,3041.567164
2026/02/05/00:10:14,running-time,rs-002907-ftrb2,91bfc722-7a23-47b0-bb9e-184b7f7f4e3f,1,3041.567164
2026/02/05/00:10:14,apply-time,rs-002908-4rjjf,15f9b52d-384a-4d43-a917-31f62a1ebec0,1,3041.567164
2026/02/05/00:10:14,running-time,rs-002908-4rjjf,15f9b52d-384a-4d43-a917-31f62a1ebec0,1,3041.567164
2026/02/05/00:10:14,apply-time,rs-002909-g7g8d,8cf6b80e-a19e-486f-8dd4-72ffb71db567,1,3041.567164
2026/02/05/00:10:14,running-time,rs-002909-g7g8d,8cf6b80e-a19e-486f-8dd4-72ffb71db567,1,3041.567164
2026/02/05/00:10:14,apply-time,rs-002909-vvjsv,247c69fa-a349-45cd-8bb0-1b292c99a81d,1,3041.567164
2026/02/05/00:10:14,running-time,rs-002909-vvjsv,247c69fa-a349-45cd-8bb0-1b292c99a81d,1,3041.567164
2026/02/05/00:10:15,apply-time,rs-002910-8ggnr,070198e0-78da-4c63-8001-31423832e3cd,1,3041.567164
2026/02/05/00:10:15,running-time,rs-002910-8ggnr,070198e0-78da-4c63-8001-31423832e3cd,1,3041.567164
2026/02/05/00:10:15,apply-time,rs-002911-4dnqk,23bd2074-61af-4177-aa9a-05d6e0142f00,1,3041.567164
2026/02/05/00:10:15,running-time,rs-002911-4dnqk,23bd2074-61af-4177-aa9a-05d6e0142f00,1,3041.567164
2026/02/05/00:10:15,apply-time,rs-002911-74xzv,e807a292-814b-4442-b3f3-9df6d434e96e,1,3041.567164
2026/02/05/00:10:15,running-time,rs-002911-74xzv,e807a292-814b-4442-b3f3-9df6d434e96e,1,3041.567164
2026/02/05/00:10:15,apply-time,rs-002911-nkwxh,7c1e32f6-a740-4b1a-ae34-e98d4ba55638,1,3041.567164
2026/02/05/00:10:15,running-time,rs-002911-nkwxh,7c1e32f6-a740-4b1a-ae34-e98d4ba55638,1,3041.567164
2026/02/05/00:10:15,apply-time,rs-002912-d8h5r,c5b8c7c5-9461-4a2d-a09e-07145a962772,1,3041.567164
2026/02/05/00:10:15,running-time,rs-002912-d8h5r,c5b8c7c5-9461-4a2d-a09e-07145a962772,1,3041.567164
2026/02/05/00:10:15,apply-time,rs-002912-vkrq4,171d6108-b482-4ec0-a078-a80af32933f6,1,3041.567164
2026/02/05/00:10:15,running-time,rs-002912-vkrq4,171d6108-b482-4ec0-a078-a80af32933f6,1,3041.567164
2026/02/05/00:10:19,apply-time,rs-002913-lcxt5,6c9b0915-274b-43ac-9144-cb1b9bc35f4e,1,3046.567164
2026/02/05/00:10:19,apply-time,rs-002914-bsbjz,cc51decf-a9df-44cc-83d9-0c1f6ba405fc,1,3046.567164
2026/02/05/00:10:19,running-time,rs-002914-bsbjz,cc51decf-a9df-44cc-83d9-0c1f6ba405fc,1,3046.567164
2026/02/05/00:10:19,apply-time,rs-002914-cshd5,5c4bd84d-1967-45ec-b126-4aa919aad360,1,3046.567164
2026/02/05/00:10:19,running-time,rs-002914-cshd5,5c4bd84d-1967-45ec-b126-4aa919aad360,1,3046.567164
2026/02/05/00:10:19,apply-time,rs-002916-7kfl4,85c533c5-4023-46d5-bd0a-3009fefb0734,1,3046.567164
2026/02/05/00:10:19,apply-time,rs-002916-b52rt,c486a86e-8233-4b58-9431-fce863ff873d,1,3046.567164
2026/02/05/00:10:20,apply-time,rs-002915-d7lhp,6194ba0f-4941-4e59-bfc7-81386c2e4ba9,1,3046.567164
2026/02/05/00:10:20,apply-time,rs-002915-fdcgq,c1f3bd27-3e72-4936-a12e-c5e081e527f4,1,3046.567164
2026/02/05/00:10:20,apply-time,rs-002915-ghgsx,70da1bb5-e253-4d47-b9a6-d19ca4fff0f4,1,3046.567164
2026/02/05/00:10:20,running-time,rs-002916-7kfl4,85c533c5-4023-46d5-bd0a-3009fefb0734,1,3046.567164
2026/02/05/00:10:20,running-time,rs-002916-b52rt,c486a86e-8233-4b58-9431-fce863ff873d,1,3046.567164
2026/02/05/00:10:20,apply-time,rs-002917-954mz,fe88b438-bb6a-40fb-b781-2fd130d8ec4d,1,3046.567164
2026/02/05/00:10:20,apply-time,rs-002917-gnc72,a514ee91-f292-4141-9823-1722d706a525,1,3046.567164
2026/02/05/00:10:20,apply-time,rs-002918-cqzqq,aeafc905-7706-4425-a7b4-0ebe5db9de4f,1,3046.567164
2026/02/05/00:10:20,apply-time,rs-002919-9gqwv,e83ef502-0323-4bac-a9ec-449e6e6bb5f5,1,3046.567164
2026/02/05/00:10:23,running-time,rs-002918-cqzqq,aeafc905-7706-4425-a7b4-0ebe5db9de4f,1,3049.567164
2026/02/05/00:10:24,running-time,rs-002917-gnc72,a514ee91-f292-4141-9823-1722d706a525,1,3050.567164
2026/02/05/00:10:27,running-time,rs-002917-954mz,fe88b438-bb6a-40fb-b781-2fd130d8ec4d,1,3054.567164
2026/02/05/00:10:33,apply-time,rs-002920-fccrj,b0c7b711-6dc7-4ac4-a941-dfb2da6330a2,1,3060.567164
2026/02/05/00:10:33,running-time,rs-002920-fccrj,b0c7b711-6dc7-4ac4-a941-dfb2da6330a2,1,3060.567164
2026/02/05/00:10:33,apply-time,rs-002920-vkrkf,a28e148d-747f-47d4-a894-5db449bbbaf0,1,3060.567164
2026/02/05/00:10:33,running-time,rs-002920-vkrkf,a28e148d-747f-47d4-a894-5db449bbbaf0,1,3060.567164
2026/02/05/00:10:33,apply-time,rs-002921-rxxld,224633b4-0758-4078-91f6-fd21b1009f63,1,3060.567164
2026/02/05/00:10:33,running-time,rs-002921-rxxld,224633b4-0758-4078-91f6-fd21b1009f63,1,3060.567164
2026/02/05/00:10:33,apply-time,rs-002922-9wkb4,028c6aae-483c-49b1-aecc-b6178945b6e0,1,3060.567164
2026/02/05/00:10:33,apply-time,rs-002922-cdv5d,fde12a9a-7dff-4ab3-ac89-ad89c55811fd,1,3060.567164
2026/02/05/00:10:33,apply-time,rs-002922-chl82,46de09a4-9a6f-474f-8413-9bea76824072,1,3060.567164
2026/02/05/00:10:33,apply-time,rs-002923-6jgl2,9c2c4df1-f195-4c17-a0bc-4f4b6c21332f,1,3060.567164
2026/02/05/00:10:33,apply-time,rs-002923-72949,4075a4fd-7798-4c2c-968c-f0f924a9fa1b,1,3060.567164
2026/02/05/00:10:34,apply-time,rs-002924-bkzxl,8db409a3-cbbb-4949-998b-00bdd6219fe9,1,3061.567164
2026/02/05/00:10:34,running-time,rs-002924-bkzxl,8db409a3-cbbb-4949-998b-00bdd6219fe9,1,3061.567164
2026/02/05/00:10:34,apply-time,rs-002925-9nstf,94904dfa-2ff2-4fbd-a194-eb39438915fb,1,3061.567164
2026/02/05/00:10:34,running-time,rs-002925-9nstf,94904dfa-2ff2-4fbd-a194-eb39438915fb,1,3061.567164
2026/02/05/00:10:34,apply-time,rs-002926-5vhpx,b6a09252-0a08-4c19-b526-79667be8d5c4,1,3061.567164
2026/02/05/00:10:34,running-time,rs-002926-5vhpx,b6a09252-0a08-4c19-b526-79667be8d5c4,1,3061.567164
2026/02/05/00:10:34,apply-time,rs-002926-c8f45,cb9301ad-ab29-475d-91d4-00a22b8fc41a,1,3061.567164
2026/02/05/00:10:34,running-time,rs-002926-c8f45,cb9301ad-ab29-475d-91d4-00a22b8fc41a,1,3061.567164
2026/02/05/00:10:34,apply-time,rs-002926-fc58r,fcd1fc48-a4eb-4472-8db3-32d94ca332d6,1,3061.567164
2026/02/05/00:10:34,running-time,rs-002926-fc58r,fcd1fc48-a4eb-4472-8db3-32d94ca332d6,1,3061.567164
2026/02/05/00:10:35,running-time,rs-002922-cdv5d,fde12a9a-7dff-4ab3-ac89-ad89c55811fd,1,3061.567164
2026/02/05/00:10:35,running-time,rs-002922-chl82,46de09a4-9a6f-474f-8413-9bea76824072,1,3061.567164
2026/02/05/00:10:35,apply-time,rs-002927-sqmgw,a894d5ba-e560-414e-a07f-6f31f1228321,1,3061.567164
2026/02/05/00:10:35,apply-time,rs-002927-vffjv,c0a1be8c-11e2-46f0-bcbd-37134540b241,1,3061.567164
2026/02/05/00:10:35,apply-time,rs-002927-zqbl5,5f84aebe-133e-4de4-9a8a-79566f7811c3,1,3061.567164
2026/02/05/00:10:35,apply-time,rs-002928-8p2dq,fcc35fa7-4bf4-4cf4-b738-064684301696,1,3061.567164
2026/02/05/00:10:35,apply-time,rs-002928-qgkjv,1970ad7a-43a0-488c-a4e8-0802edbe10bc,1,3061.567164
2026/02/05/00:10:35,apply-time,rs-002928-rrprw,b493204c-e414-4851-b513-b78b95917f0f,1,3061.567164
2026/02/05/00:10:35,apply-time,rs-002929-hzx5s,c9f658e4-9ea4-429e-ba4a-45aad31f433b,1,3062.567164
2026/02/05/00:10:35,apply-time,rs-002930-kv5vl,701b51ff-03d4-40f2-916e-88d15b2d0553,1,3061.567164
2026/02/05/00:10:35,apply-time,rs-002931-p6spp,80d6ad53-954a-4707-916a-9aa298e43d0f,1,3062.567164
2026/02/05/00:10:35,apply-time,rs-002931-s89wj,b1e76448-5eb5-4a34-9d5f-b8bf295c5be5,1,3062.567164
2026/02/05/00:10:35,apply-time,rs-002933-k8x7j,d152bb0a-7e16-459c-bdd8-ea1d7ec5ed08,1,3062.567164
2026/02/05/00:10:36,running-time,rs-002927-sqmgw,a894d5ba-e560-414e-a07f-6f31f1228321,1,3062.567164
2026/02/05/00:10:36,running-time,rs-002927-zqbl5,5f84aebe-133e-4de4-9a8a-79566f7811c3,1,3062.567164
2026/02/05/00:10:36,apply-time,rs-002931-wwpqf,1ab05cab-433f-465b-a2a0-9b0d243bc14e,1,3062.567164
2026/02/05/00:10:36,apply-time,rs-002932-9v8vd,75d01435-0e01-4405-90e4-133f47159ccd,1,3062.567164
2026/02/05/00:10:36,apply-time,rs-002932-fk7tq,d547a70f-a8f2-46f4-b1ef-87edccd4c51e,1,3062.567164
2026/02/05/00:10:36,apply-time,rs-002932-ntvx5,a8df365c-b2c1-4dce-9942-48b2ee523e1a,1,3062.567164
2026/02/05/00:10:36,running-time,rs-002933-k8x7j,d152bb0a-7e16-459c-bdd8-ea1d7ec5ed08,1,3062.567164
2026/02/05/00:10:36,apply-time,rs-002934-gwkm8,fdc3dac6-f6ff-4a5f-95fa-819df5a6cea2,1,3062.567164
2026/02/05/00:10:36,apply-time,rs-002935-5xb2f,22d9fcdc-c326-4cad-a262-5bfc122c7a98,1,3063.567164
2026/02/05/00:10:36,apply-time,rs-002935-w492v,b737c03b-e4bc-44ea-95d5-311b209a1b96,1,3063.567164
2026/02/05/00:10:36,apply-time,rs-002936-58z6w,3bda1d01-0b19-4fc0-931e-db0a951b32ee,1,3063.567164
2026/02/05/00:10:36,apply-time,rs-002936-f6rd7,8c07da2e-9807-4cf9-85e6-34aac28db17f,1,3063.567164
2026/02/05/00:10:36,apply-time,rs-002937-vhlwl,27d31747-e733-4c1a-8941-181c5aa920d5,1,3063.567164
2026/02/05/00:10:37,running-time,rs-002927-vffjv,c0a1be8c-11e2-46f0-bcbd-37134540b241,1,3064.567164
2026/02/05/00:10:37,running-time,rs-002930-kv5vl,701b51ff-03d4-40f2-916e-88d15b2d0553,1,3063.567164
2026/02/05/00:10:37,apply-time,rs-002935-586cb,d2baecfa-2175-4d97-af58-505f5ddd49d2,1,3063.567164
2026/02/05/00:10:37,apply-time,rs-002938-6spzw,71fe8c50-cf67-4f6b-a48a-24a179dc2c0d,1,3063.567164
2026/02/05/00:10:37,apply-time,rs-002938-7v8nt,50bf4e60-8218-468d-a104-e2283df57448,1,3063.567164
2026/02/05/00:10:37,apply-time,rs-002938-m9jw9,5a1b3211-4556-4f57-84f8-fbae7635b7d3,1,3063.567164
2026/02/05/00:10:37,apply-time,rs-002939-b42ft,e874bd4a-07bb-4b37-9c1c-e71f150ed72d,1,3063.567164
2026/02/05/00:10:37,apply-time,rs-002939-h7xd5,39bcaa01-bd62-40eb-bf38-ee976c40ca20,1,3063.567164
2026/02/05/00:10:37,apply-time,rs-002940-lq7x5,38ae9300-95b7-4df0-98cf-e2f73047a885,1,3064.567164
2026/02/05/00:10:37,running-time,rs-002940-lq7x5,38ae9300-95b7-4df0-98cf-e2f73047a885,1,3064.567164
2026/02/05/00:10:37,apply-time,rs-002940-mcgx7,31ce49fd-f775-409c-bc1b-113953329119,1,3064.567164
2026/02/05/00:10:37,running-time,rs-002940-mcgx7,31ce49fd-f775-409c-bc1b-113953329119,1,3064.567164
2026/02/05/00:10:39,apply-time,rs-002941-hf8jx,ee4c27db-bd45-41ab-a820-9ce576dab07e,1,3065.567164
2026/02/05/00:10:39,running-time,rs-002941-hf8jx,ee4c27db-bd45-41ab-a820-9ce576dab07e,1,3065.567164
2026/02/05/00:10:39,apply-time,rs-002942-6fsdm,35a11436-2e5a-4fb8-bc57-19639aed794d,1,3065.567164
2026/02/05/00:10:39,apply-time,rs-002942-l9rhq,23cff9c1-8ab0-448a-aeee-e0a88ce4f7c9,1,3065.567164
2026/02/05/00:10:39,apply-time,rs-002942-n4mk2,aaab68ca-8e43-435b-a7a5-1f9906898e9d,1,3065.567164
2026/02/05/00:10:39,apply-time,rs-002943-7g2vj,3976d19a-88d9-4bb7-b287-084b0060dc08,1,3065.567164
2026/02/05/00:10:39,running-time,rs-002943-7g2vj,3976d19a-88d9-4bb7-b287-084b0060dc08,1,3065.567164
2026/02/05/00:10:40,apply-time,rs-002944-5hsg9,2f54dece-75f9-4319-b8eb-517c13c968de,1,3067.567164
2026/02/05/00:10:40,apply-time,rs-002945-bf76g,0d143484-2208-4db8-8f6d-261c3517d627,1,3067.567164
2026/02/05/00:10:40,apply-time,rs-002945-t5x6t,2d8311d2-d4df-42c5-8c83-a70b4838c08b,1,3067.567164
2026/02/05/00:10:41,running-time,rs-002942-6fsdm,35a11436-2e5a-4fb8-bc57-19639aed794d,1,3067.567164
2026/02/05/00:10:45,apply-time,rs-002946-2vvkh,02534fe5-93ec-438f-b41b-48905815492c,1,3071.567164
2026/02/05/00:10:45,apply-time,rs-002946-m4qhg,a2b40678-24cf-441a-8056-6d541b003c98,1,3071.567164
2026/02/05/00:10:45,apply-time,rs-002946-tcszv,8421f8fd-13b6-43be-bf2a-f3f805813d59,1,3071.567164
2026/02/05/00:10:45,running-time,rs-002946-tcszv,8421f8fd-13b6-43be-bf2a-f3f805813d59,1,3071.567164
2026/02/05/00:10:45,apply-time,rs-002947-9r8wx,881d1e73-80a2-49fe-a5e3-80555c3264a9,1,3071.567164
2026/02/05/00:10:45,apply-time,rs-002948-dhxfb,54ed51f9-51ba-406f-9d2f-9adc6d1aa9e3,1,3072.567164
2026/02/05/00:10:45,apply-time,rs-002948-fplcq,8a4a3725-5584-4ed2-ac5e-447b8bcd9b76,1,3072.567164
2026/02/05/00:10:45,apply-time,rs-002948-gqz4p,bd530271-5d26-461c-8602-8ab73624b658,1,3072.567164
2026/02/05/00:10:45,apply-time,rs-002949-wjk9x,e80e6a2f-528d-4b55-a759-05b73278ded9,1,3072.567164
2026/02/05/00:10:45,apply-time,rs-002950-4jt6t,68368868-f69f-45cc-b1e7-f1eabef3c8b5,1,3072.567164
2026/02/05/00:10:45,apply-time,rs-002950-flcpf,297eee55-734b-40ab-bd8d-8b2cc00b1348,1,3072.567164
2026/02/05/00:10:46,apply-time,rs-002951-vxfsc,0c333ba3-5323-4551-931d-3ae9cd91c8a5,1,3072.567164
2026/02/05/00:10:46,apply-time,rs-002952-gtb8k,645c5c1b-8b37-48f2-821c-95457508745e,1,3072.567164
2026/02/05/00:10:46,apply-time,rs-002952-nnfqw,3351bbd3-0f31-40a5-b2ea-90329ceb3727,1,3072.567164
2026/02/05/00:10:46,apply-time,rs-002953-4lwqp,bf02fa8b-60d3-4d85-99f4-6b7432a5e15c,1,3072.567164
2026/02/05/00:10:46,apply-time,rs-002954-fg4ng,99144237-21a7-4bee-9d23-a5eb663a3f6f,1,3072.567164
2026/02/05/00:10:46,apply-time,rs-002954-h5q9m,ae2a07e6-bf27-4a07-8612-fe863cd29ba6,1,3072.567164
2026/02/05/00:10:46,apply-time,rs-002954-px6gr,06ac4a86-a443-431f-afae-412c70adf8ca,1,3072.567164
2026/02/05/00:10:46,apply-time,rs-002955-jjc7s,34101108-6a9e-41b1-aa0b-4c5062eee40c,1,3072.567164
2026/02/05/00:10:46,apply-time,rs-002955-jx4g2,925f02b4-e9ac-4e50-b867-bacb5aabe5d4,1,3073.567164
2026/02/05/00:10:46,apply-time,rs-002956-cwjf2,4f5c0ad0-a7dd-4e7c-b056-55972ca9a285,1,3073.567164
2026/02/05/00:10:46,running-time,rs-002956-cwjf2,4f5c0ad0-a7dd-4e7c-b056-55972ca9a285,1,3073.567164
2026/02/05/00:10:46,apply-time,rs-002956-dzg48,a735fe64-9480-4a2e-9036-39c78721d904,1,3073.567164
2026/02/05/00:10:46,apply-time,rs-002957-bt78d,1cd754d4-f01c-47e1-8308-2fbb639be962,1,3073.567164
2026/02/05/00:10:46,apply-time,rs-002957-w2kkq,8c5ae500-3b25-49cc-a6e3-6bfc7f42952d,1,3073.567164
2026/02/05/00:10:47,apply-time,rs-002958-2svjb,5d20b548-4ce8-4f78-8c48-47e07e60f973,1,3073.567164
2026/02/05/00:10:47,apply-time,rs-002958-dxddt,c6313726-3980-4ce4-90ff-884598ca4064,1,3073.567164
2026/02/05/00:10:47,apply-time,rs-002958-rlz2f,2613f7f6-36ba-4d71-8428-ae724ba7c710,1,3073.567164
2026/02/05/00:10:47,apply-time,rs-002959-j4v5q,c9552dd5-05b1-42cd-b544-234c5b1f3dd0,1,3074.567164
2026/02/05/00:10:47,apply-time,rs-002959-tg5mm,3bb68831-9958-4052-b4d2-a488467e7ff5,1,3073.567164
2026/02/05/00:10:48,running-time,rs-002957-w2kkq,8c5ae500-3b25-49cc-a6e3-6bfc7f42952d,1,3075.567164
2026/02/05/00:10:48,apply-time,rs-002960-2pq46,c7e58585-56d2-4a73-965d-f1da90fe1229,1,3074.567164
2026/02/05/00:10:48,apply-time,rs-002960-lpmf8,c5016e31-4b7f-432e-9b34-87a96ff48eb4,1,3074.567164
2026/02/05/00:10:48,apply-time,rs-002961-px4nw,65692781-750d-4eeb-bf57-27fdda5b0575,1,3074.567164
2026/02/05/00:10:48,apply-time,rs-002964-gwnwb,2a9d6f9a-6e44-442e-9921-bb0903800b43,1,3075.567164
2026/02/05/00:10:49,apply-time,rs-002962-st4nq,d309060a-b6aa-434d-a95e-b2c856270d80,1,3075.567164
2026/02/05/00:10:49,apply-time,rs-002963-bddgd,a0d7c9c5-d8ed-40a0-bcc3-e14593a144b2,1,3075.567164
2026/02/05/00:10:49,apply-time,rs-002963-z9879,61ff824a-9565-45cb-9c1b-02d45e5d5364,1,3075.567164
2026/02/05/00:10:53,apply-time,rs-002965-jst7m,419a0431-6ea9-4231-9083-0519aec0e454,1,3080.567164
2026/02/05/00:10:54,running-time,rs-002947-9r8wx,881d1e73-80a2-49fe-a5e3-80555c3264a9,1,3081.567164
2026/02/05/00:10:54,apply-time,rs-002966-5498c,e4e6973b-7e8c-4173-93a3-7121998b9841,1,3080.567164
2026/02/05/00:10:54,apply-time,rs-002967-qrbp5,f7cfe8b0-1560-406b-bd00-68f17431742e,1,3081.567164
2026/02/05/00:10:54,apply-time,rs-002968-drwsb,2bae717c-da4f-4b03-86fd-bd17742607c7,1,3081.567164
2026/02/05/00:10:54,apply-time,rs-002968-q2xbr,f1906900-24c1-4c93-bc19-6a1ffb93eb87,1,3081.567164
2026/02/05/00:10:54,apply-time,rs-002969-8kgpq,539b5bd0-a705-4f6d-84db-fd4e72e83543,1,3081.567164
2026/02/05/00:10:54,apply-time,rs-002970-5xld4,b69a4f37-654d-4222-8e1c-7eb48ec08ec8,1,3081.567164
2026/02/05/00:10:54,apply-time,rs-002971-dlc87,be51a43a-8eb3-4c8d-8d7e-8b631fae6b6b,1,3081.567164
2026/02/05/00:10:54,apply-time,rs-002971-hz6xp,43e6bf8e-4831-4669-b4a8-5b7a9e17514a,1,3081.567164
2026/02/05/00:10:54,apply-time,rs-002974-slgfc,b543b9bd-197c-4058-88f3-cca4609e8e90,1,3081.567164
2026/02/05/00:10:55,apply-time,rs-002972-4l8xl,880f31db-3a26-4d10-8575-60fde7ee2003,1,3081.567164
2026/02/05/00:10:55,apply-time,rs-002972-d7s6k,9909eea1-cdbd-435e-99e4-485b77b0f594,1,3081.567164
2026/02/05/00:10:55,apply-time,rs-002972-qqk9g,c9d6b71b-a154-4cd7-b335-6b4f3e039129,1,3081.567164
2026/02/05/00:10:55,apply-time,rs-002973-zcn2k,b23fc07b-6e09-4e08-963c-5ef1720ea121,1,3081.567164
2026/02/05/00:10:55,apply-time,rs-002974-498rq,62e677e5-708d-4133-84d7-3eec4ff2ebb8,1,3081.567164
2026/02/05/00:10:55,apply-time,rs-002974-hklml,0a76a257-57f2-42da-974b-bad95213c4e8,1,3081.567164
2026/02/05/00:10:55,apply-time,rs-002975-kmnc5,f59ac95b-b820-4917-bc80-13b07dc97213,1,3081.567164
2026/02/05/00:10:55,apply-time,rs-002975-rs6fs,30551b15-2104-469a-9824-87d436def040,1,3082.567164
2026/02/05/00:10:55,apply-time,rs-002976-vb8dl,9d06d705-3163-49b1-8c8f-52a9fb34e263,1,3082.567164
2026/02/05/00:10:55,apply-time,rs-002977-5bdmg,88fc07d2-c2b3-427a-85a9-fea07398a484,1,3082.567164
2026/02/05/00:10:55,apply-time,rs-002978-8pw4d,b40590d6-36f5-4f8c-acd3-b56591b914a1,1,3082.567164
2026/02/05/00:10:56,running-time,rs-002972-4l8xl,880f31db-3a26-4d10-8575-60fde7ee2003,1,3083.567164
2026/02/05/00:10:56,apply-time,rs-002979-72989,0d68dc00-6637-457b-885b-e6e6a9c13774,1,3082.567164
2026/02/05/00:10:56,apply-time,rs-002979-rrsnm,f74119e6-adf7-47f7-88ec-8b34b6527796,1,3082.567164
2026/02/05/00:10:56,apply-time,rs-002980-642x6,000e8598-3d44-46d4-8d3c-ae1617a4cd3a,1,3082.567164
2026/02/05/00:10:56,apply-time,rs-002980-9svdz,a9d2c38f-552c-42ef-8859-da556bf20121,1,3082.567164
2026/02/05/00:10:58,apply-time,rs-002981-s2xwr,ed3cb48c-67bf-429b-a85b-980a26fff278,1,3084.567164
2026/02/05/00:10:58,apply-time,rs-002982-blpxc,c7608079-8b68-4a75-a9a3-07178edd9cf7,1,3084.567164
2026/02/05/00:10:58,apply-time,rs-002982-mvg4h,f418dbaf-bfd1-4c17-b8c7-21e8bfe92f49,1,3084.567164
2026/02/05/00:10:58,apply-time,rs-002982-qrwsh,3522c1c9-0046-4ae8-a8da-8687ecbabb27,1,3084.567164
2026/02/05/00:10:58,apply-time,rs-002983-74hsb,afb6ac41-e39c-4ebb-9d21-3a3b81b3683e,1,3084.567164
2026/02/05/00:10:58,apply-time,rs-002984-4j4nt,f89a617b-1b42-41dd-9def-cae82452655a,1,3084.567164
2026/02/05/00:10:58,apply-time,rs-002984-nqlgx,7639fa6f-b205-4a6d-8a1d-9ce4ba087833,1,3084.567164
2026/02/05/00:10:58,running-time,rs-002984-nqlgx,7639fa6f-b205-4a6d-8a1d-9ce4ba087833,1,3085.567164
2026/02/05/00:10:58,apply-time,rs-002985-556bs,2dfac67e-056d-4945-b826-e9073cd47b0d,1,3085.567164
2026/02/05/00:10:58,apply-time,rs-002985-gxh5m,7eb72e8e-3d64-438a-a53a-48b9a0f7107f,1,3085.567164
2026/02/05/00:10:59,apply-time,rs-002986-22xpd,23efa75c-3316-4737-8708-fdd2c25de439,1,3085.567164
2026/02/05/00:10:59,apply-time,rs-002986-5nl2k,ee29cd38-010f-4d3f-86a0-c80ab543e6fe,1,3085.567164
2026/02/05/00:10:59,apply-time,rs-002987-m79b9,7540ffe4-84ad-4333-b35d-3dc358dd3811,1,3085.567164
2026/02/05/00:10:59,apply-time,rs-002988-jznbl,a6a7ebda-dbd2-4aa4-9ace-d83cfcdc0259,1,3085.567164
2026/02/05/00:11:02,running-time,rs-002982-mvg4h,f418dbaf-bfd1-4c17-b8c7-21e8bfe92f49,1,3088.567164
2026/02/05/00:11:04,running-time,rs-002976-vb8dl,9d06d705-3163-49b1-8c8f-52a9fb34e263,1,3091.567164
2026/02/05/00:11:04,running-time,rs-002980-642x6,000e8598-3d44-46d4-8d3c-ae1617a4cd3a,1,3091.567164
2026/02/05/00:11:04,running-time,rs-002980-9svdz,a9d2c38f-552c-42ef-8859-da556bf20121,1,3091.567164
2026/02/05/00:11:04,running-time,rs-002982-blpxc,c7608079-8b68-4a75-a9a3-07178edd9cf7,1,3090.567164
2026/02/05/00:11:04,running-time,rs-002982-qrwsh,3522c1c9-0046-4ae8-a8da-8687ecbabb27,1,3090.567164
2026/02/05/00:11:04,running-time,rs-002984-4j4nt,f89a617b-1b42-41dd-9def-cae82452655a,1,3090.567164
2026/02/05/00:11:04,running-time,rs-002985-gxh5m,7eb72e8e-3d64-438a-a53a-48b9a0f7107f,1,3090.567164
2026/02/05/00:11:04,running-time,rs-002986-22xpd,23efa75c-3316-4737-8708-fdd2c25de439,1,3090.567164
2026/02/05/00:11:04,running-time,rs-002986-5nl2k,ee29cd38-010f-4d3f-86a0-c80ab543e6fe,1,3090.567164
2026/02/05/00:11:06,running-time,rs-002969-8kgpq,539b5bd0-a705-4f6d-84db-fd4e72e83543,1,3093.567164
2026/02/05/00:11:07,apply-time,rs-002989-lwfzj,d7bfa252-6183-4a55-93c1-c61f6363607f,1,3093.567164
2026/02/05/00:11:07,apply-time,rs-002989-r586q,754e0ca7-564d-486e-9c91-f7e0d6ea491c,1,3093.567164
2026/02/05/00:11:07,apply-time,rs-002990-jctmt,0e3ac770-58b6-425f-8456-f602e7204cf1,1,3094.567164
2026/02/05/00:11:07,apply-time,rs-002991-rcn7h,7ded06ef-c7a4-45b2-9c38-646e69a4a236,1,3094.567164
2026/02/05/00:11:09,running-time,rs-002989-r586q,754e0ca7-564d-486e-9c91-f7e0d6ea491c,1,3095.567164
2026/02/05/00:11:09,running-time,rs-002991-rcn7h,7ded06ef-c7a4-45b2-9c38-646e69a4a236,1,3095.567164
2026/02/05/00:11:10,running-time,rs-002954-fg4ng,99144237-21a7-4bee-9d23-a5eb663a3f6f,1,3096.567164
2026/02/05/00:11:10,running-time,rs-002961-px4nw,65692781-750d-4eeb-bf57-27fdda5b0575,1,3096.567164
2026/02/05/00:11:10,running-time,rs-002989-lwfzj,d7bfa252-6183-4a55-93c1-c61f6363607f,1,3096.567164
2026/02/05/00:11:10,running-time,rs-002990-jctmt,0e3ac770-58b6-425f-8456-f602e7204cf1,1,3096.567164
2026/02/05/00:11:12,running-time,rs-002954-h5q9m,ae2a07e6-bf27-4a07-8612-fe863cd29ba6,1,3099.567164
2026/02/05/00:11:12,running-time,rs-002954-px6gr,06ac4a86-a443-431f-afae-412c70adf8ca,1,3099.567164
2026/02/05/00:11:12,running-time,rs-002955-jjc7s,34101108-6a9e-41b1-aa0b-4c5062eee40c,1,3099.567164
2026/02/05/00:11:12,running-time,rs-002975-kmnc5,f59ac95b-b820-4917-bc80-13b07dc97213,1,3099.567164
2026/02/05/00:11:12,running-time,rs-002975-rs6fs,30551b15-2104-469a-9824-87d436def040,1,3099.567164
2026/02/05/00:11:12,running-time,rs-002977-5bdmg,88fc07d2-c2b3-427a-85a9-fea07398a484,1,3099.567164
2026/02/05/00:11:12,running-time,rs-002985-556bs,2dfac67e-056d-4945-b826-e9073cd47b0d,1,3099.567164
2026/02/05/00:11:13,running-time,rs-002955-jx4g2,925f02b4-e9ac-4e50-b867-bacb5aabe5d4,1,3099.567164
2026/02/05/00:11:13,running-time,rs-002956-dzg48,a735fe64-9480-4a2e-9036-39c78721d904,1,3099.567164
2026/02/05/00:11:13,apply-time,rs-002992-bcqvd,44112e51-9078-4d8c-b61b-c8d01e73e6ba,1,3099.567164
2026/02/05/00:11:13,running-time,rs-002992-bcqvd,44112e51-9078-4d8c-b61b-c8d01e73e6ba,1,3099.567164
2026/02/05/00:11:13,apply-time,rs-002993-67p2j,5f81dda4-f732-498e-9a57-9be0a4a62add,1,3099.567164
2026/02/05/00:11:13,apply-time,rs-002993-8dcxr,4b5bed38-c2d7-438a-a173-8d9a81df9e1b,1,3099.567164
2026/02/05/00:11:13,apply-time,rs-002993-mn47n,f658b7c5-d24e-424e-adf8-db1e6d4c8510,1,3099.567164
2026/02/05/00:11:13,apply-time,rs-002994-hxptv,7236431e-db95-4acc-9f88-b0eb64a0d70f,1,3099.567164
2026/02/05/00:11:13,apply-time,rs-002995-482z7,e88a3f74-880b-4a72-b70f-0a5eaec765c8,1,3099.567164
2026/02/05/00:11:13,running-time,rs-002995-482z7,e88a3f74-880b-4a72-b70f-0a5eaec765c8,1,3099.567164
2026/02/05/00:11:13,apply-time,rs-002995-jg42t,85eb9408-e6f8-4010-9598-83cfca5a36c4,1,3099.567164
2026/02/05/00:11:13,apply-time,rs-002996-5gvq6,c92d04f1-ecf1-408b-b764-ada427a3c562,1,3099.567164
2026/02/05/00:11:13,apply-time,rs-002996-d29tw,0f917b60-e224-46a7-8773-6dffd11bbf13,1,3099.567164
2026/02/05/00:11:13,apply-time,rs-002996-vfkld,020a490c-547d-448e-9780-2a221535c83d,1,3100.567164
2026/02/05/00:11:15,running-time,rs-002993-mn47n,f658b7c5-d24e-424e-adf8-db1e6d4c8510,1,3101.567164
2026/02/05/00:11:15,running-time,rs-002995-jg42t,85eb9408-e6f8-4010-9598-83cfca5a36c4,1,3101.567164
2026/02/05/00:11:15,apply-time,rs-002997-6swmj,262e15ed-df67-44a1-ad5c-f21c6fe4490f,1,3102.567164
2026/02/05/00:11:15,apply-time,rs-002997-gdj9p,da780d04-e11e-418f-8da4-5bac2f248a20,1,3102.567164
2026/02/05/00:11:15,apply-time,rs-002998-9l55d,a6a5863e-8d26-4f7a-b0d6-663c1e8f7316,1,3102.567164
2026/02/05/00:11:15,apply-time,rs-002998-svnl4,0f15a901-49a8-46d7-a830-8dcf165a1983,1,3102.567164
2026/02/05/00:11:15,apply-time,rs-002999-k6rvg,3315a43f-0e12-465a-945d-f97850658e17,1,3102.567164
2026/02/05/00:11:15,apply-time,rs-003000-z6plx,314f09a5-698f-44b6-9464-78af15ff3aa7,1,3102.567164
2026/02/05/00:11:16,running-time,rs-002997-6swmj,262e15ed-df67-44a1-ad5c-f21c6fe4490f,1,3103.567164
2026/02/05/00:11:16,running-time,rs-002997-gdj9p,da780d04-e11e-418f-8da4-5bac2f248a20,1,3103.567164
2026/02/05/00:11:16,running-time,rs-002998-9l55d,a6a5863e-8d26-4f7a-b0d6-663c1e8f7316,1,3102.567164
2026/02/05/00:11:16,running-time,rs-002998-svnl4,0f15a901-49a8-46d7-a830-8dcf165a1983,1,3103.567164
2026/02/05/00:11:18,running-time,rs-002993-67p2j,5f81dda4-f732-498e-9a57-9be0a4a62add,1,3104.567164
2026/02/05/00:11:18,running-time,rs-002993-8dcxr,4b5bed38-c2d7-438a-a173-8d9a81df9e1b,1,3104.567164
2026/02/05/00:11:20,apply-time,rs-003001-8v9fx,5dec2e7e-54b9-4035-9e1e-974a06f9149f,1,3107.567164
2026/02/05/00:11:20,apply-time,rs-003001-k9jrl,55455fa8-bfbf-466f-988c-3bc86dc22512,1,3107.567164
2026/02/05/00:11:20,apply-time,rs-003001-lcl59,20a98400-1aa9-425f-9b86-1931bde54cd4,1,3107.567164
2026/02/05/00:11:20,running-time,rs-003001-lcl59,20a98400-1aa9-425f-9b86-1931bde54cd4,1,3107.567164
2026/02/05/00:11:20,apply-time,rs-003002-7xr9b,8747cd67-9072-4293-9f84-f578d1dd91df,1,3107.567164
2026/02/05/00:11:20,running-time,rs-003002-7xr9b,8747cd67-9072-4293-9f84-f578d1dd91df,1,3107.567164
2026/02/05/00:11:20,apply-time,rs-003002-qx9b2,d515d399-aca1-4739-befa-1dca9c09069e,1,3107.567164
2026/02/05/00:11:20,running-time,rs-003002-qx9b2,d515d399-aca1-4739-befa-1dca9c09069e,1,3107.567164
2026/02/05/00:11:20,apply-time,rs-003003-4tk8j,ad266a2a-d2dc-4a32-8419-b949c7d69568,1,3107.567164
2026/02/05/00:11:20,apply-time,rs-003003-ln5ff,49da39fd-02ce-40ce-aeed-ae6ed088d05f,1,3107.567164
2026/02/05/00:11:20,running-time,rs-003003-ln5ff,49da39fd-02ce-40ce-aeed-ae6ed088d05f,1,3107.567164
2026/02/05/00:11:20,apply-time,rs-003004-97l8h,dda4c963-c9ec-4ff7-ad8a-f2e8a250308d,1,3107.567164
2026/02/05/00:11:20,running-time,rs-003004-97l8h,dda4c963-c9ec-4ff7-ad8a-f2e8a250308d,1,3107.567164
2026/02/05/00:11:20,apply-time,rs-003005-5d2zd,40778874-9a69-4f79-a773-ee2c0642c073,1,3107.567164
2026/02/05/00:11:20,apply-time,rs-003005-7kc7v,d8628594-a44d-4f47-9b67-4c3e1aa6a0c9,1,3107.567164
2026/02/05/00:11:20,apply-time,rs-003005-857rc,a2fdd86f-e607-4e76-841f-6c87223331e1,1,3107.567164
2026/02/05/00:11:21,running-time,rs-003001-k9jrl,55455fa8-bfbf-466f-988c-3bc86dc22512,1,3107.567164
2026/02/05/00:11:21,running-time,rs-003003-4tk8j,ad266a2a-d2dc-4a32-8419-b949c7d69568,1,3107.567164
2026/02/05/00:11:21,apply-time,rs-003006-9mm46,a4b815d1-d299-4e1c-8c82-0ba2496aaf4e,1,3107.567164
2026/02/05/00:11:21,running-time,rs-003006-9mm46,a4b815d1-d299-4e1c-8c82-0ba2496aaf4e,1,3107.567164
2026/02/05/00:11:21,apply-time,rs-003007-8rzp2,20b94f38-218b-4351-9522-260df1c97ae5,1,3107.567164
2026/02/05/00:11:21,running-time,rs-003007-8rzp2,20b94f38-218b-4351-9522-260df1c97ae5,1,3107.567164
2026/02/05/00:11:21,apply-time,rs-003007-b62wp,89d17f19-5afd-4220-beec-6bfd109103cb,1,3108.567164
2026/02/05/00:11:21,apply-time,rs-003007-n59h2,41e9ddcb-344f-4c9e-9a8b-4334a698e5a7,1,3108.567164
2026/02/05/00:11:22,apply-time,rs-003008-lswlw,2645decf-6f0b-44dc-abf1-54a12c6e62cd,1,3109.567164
2026/02/05/00:11:22,running-time,rs-003008-lswlw,2645decf-6f0b-44dc-abf1-54a12c6e62cd,1,3109.567164
2026/02/05/00:11:22,apply-time,rs-003009-zw4fg,be9d0ca2-0d22-4c4b-820c-2762c2695365,1,3109.567164
2026/02/05/00:11:22,apply-time,rs-003010-rgbg4,2baae58e-22b4-427e-8fcb-5eff02c3d6cc,1,3109.567164
2026/02/05/00:11:22,apply-time,rs-003012-9hnhg,7ff356b0-eb3b-4624-b7cd-5fc362e4e5ea,1,3109.567164
2026/02/05/00:11:22,running-time,rs-003012-9hnhg,7ff356b0-eb3b-4624-b7cd-5fc362e4e5ea,1,3109.567164
2026/02/05/00:11:22,apply-time,rs-003012-g2c6k,c7a7b52b-d11d-453f-b1d0-a2aeda59efc9,1,3109.567164
2026/02/05/00:11:22,running-time,rs-003012-g2c6k,c7a7b52b-d11d-453f-b1d0-a2aeda59efc9,1,3109.567164
2026/02/05/00:11:22,apply-time,rs-003013-ms8rh,4006043c-4b9e-4c8d-8c51-5eb3775ad6c3,1,3109.567164
2026/02/05/00:11:22,apply-time,rs-003013-q4rkq,72ec81d3-ebd4-4bf1-9496-745313f7903c,1,3109.567164
2026/02/05/00:11:23,running-time,rs-003007-b62wp,89d17f19-5afd-4220-beec-6bfd109103cb,1,3110.567164
2026/02/05/00:11:23,running-time,rs-003007-n59h2,41e9ddcb-344f-4c9e-9a8b-4334a698e5a7,1,3110.567164
2026/02/05/00:11:23,apply-time,rs-003010-w58tc,ab306bf0-cf57-4181-ba1a-cc31693aa4e6,1,3109.567164
2026/02/05/00:11:23,apply-time,rs-003011-cd2bs,4b6b6e13-bc13-439d-93b3-aa60363145dc,1,3109.567164
2026/02/05/00:11:23,apply-time,rs-003011-nfrm6,29c4f089-09ee-41eb-beb9-7af1a010c980,1,3109.567164
2026/02/05/00:11:23,apply-time,rs-003014-fvhcs,dbf6cea4-1810-4e30-afa4-0ab32f2d019d,1,3110.567164
2026/02/05/00:11:23,apply-time,rs-003014-fx6nn,7d80f8d8-fffc-4a29-9eb8-16b8d2a5547f,1,3110.567164
2026/02/05/00:11:23,apply-time,rs-003016-f5wrj,13b7a0e7-0e8b-46f5-962e-e4bebe7de2c6,1,3110.567164
2026/02/05/00:11:23,apply-time,rs-003017-zgnhx,133a1fef-c279-4d03-9149-a383f4e584d6,1,3110.567164
2026/02/05/00:11:23,running-time,rs-003017-zgnhx,133a1fef-c279-4d03-9149-a383f4e584d6,1,3110.567164
2026/02/05/00:11:23,apply-time,rs-003018-5dzmz,de19472f-7056-4a0a-9837-ff9c9d864d55,1,3110.567164
2026/02/05/00:11:23,apply-time,rs-003018-7ncrv,b9687f38-e3aa-4fe8-9fc2-09a0cc757f7b,1,3110.567164
2026/02/05/00:11:23,apply-time,rs-003018-kjqx4,a2de3afd-cf96-4f7b-9d28-eb3a7c889d4c,1,3110.567164
2026/02/05/00:11:24,apply-time,rs-003015-wcnmk,d5aead7e-be20-417f-9c32-e56e15048980,1,3110.567164
2026/02/05/00:11:24,running-time,rs-003016-f5wrj,13b7a0e7-0e8b-46f5-962e-e4bebe7de2c6,1,3111.567164
2026/02/05/00:11:24,apply-time,rs-003016-j2rpt,0b64983c-d2fa-402a-8bb6-f1035225a39c,1,3110.567164
2026/02/05/00:11:24,apply-time,rs-003016-qsrkt,bb603861-a104-4923-910f-41ef45fad954,1,3110.567164
2026/02/05/00:11:24,apply-time,rs-003017-88nb9,5475bc36-eaf2-441d-b82d-a9c211485d14,1,3110.567164
2026/02/05/00:11:24,apply-time,rs-003017-shjc6,b2e3e30f-e900-45a5-aaa6-3adfbc87948a,1,3110.567164
2026/02/05/00:11:25,running-time,rs-003016-j2rpt,0b64983c-d2fa-402a-8bb6-f1035225a39c,1,3112.567164
2026/02/05/00:11:25,running-time,rs-003017-shjc6,b2e3e30f-e900-45a5-aaa6-3adfbc87948a,1,3112.567164
2026/02/05/00:11:25,running-time,rs-003018-7ncrv,b9687f38-e3aa-4fe8-9fc2-09a0cc757f7b,1,3112.567164
2026/02/05/00:11:25,running-time,rs-003018-kjqx4,a2de3afd-cf96-4f7b-9d28-eb3a7c889d4c,1,3112.567164
2026/02/05/00:11:26,running-time,rs-003016-qsrkt,bb603861-a104-4923-910f-41ef45fad954,1,3112.567164
2026/02/05/00:11:28,running-time,rs-003009-zw4fg,be9d0ca2-0d22-4c4b-820c-2762c2695365,1,3115.567164
2026/02/05/00:11:28,running-time,rs-003017-88nb9,5475bc36-eaf2-441d-b82d-a9c211485d14,1,3114.567164
2026/02/05/00:11:31,running-time,rs-002923-72949,4075a4fd-7798-4c2c-968c-f0f924a9fa1b,1,3118.567164
2026/02/05/00:11:32,apply-time,rs-003019-49zm2,6e9063f9-ad0e-4de7-b1bd-d300a95cbd3c,1,3118.567164
2026/02/05/00:11:32,running-time,rs-003019-49zm2,6e9063f9-ad0e-4de7-b1bd-d300a95cbd3c,1,3118.567164
2026/02/05/00:11:32,apply-time,rs-003019-n9w96,36609c28-25d8-4234-95f0-e8ae13bf907b,1,3118.567164
2026/02/05/00:11:32,running-time,rs-003019-n9w96,36609c28-25d8-4234-95f0-e8ae13bf907b,1,3118.567164
2026/02/05/00:11:32,apply-time,rs-003019-phnmk,eb2eb1cc-7b7e-4329-9ff6-f02b133c3a5a,1,3118.567164
2026/02/05/00:11:32,running-time,rs-003019-phnmk,eb2eb1cc-7b7e-4329-9ff6-f02b133c3a5a,1,3119.567164
2026/02/05/00:11:32,apply-time,rs-003020-kl5sw,230a5f23-7592-4634-8be9-d3ffaf8f2f05,1,3118.567164
2026/02/05/00:11:32,running-time,rs-003020-kl5sw,230a5f23-7592-4634-8be9-d3ffaf8f2f05,1,3118.567164
2026/02/05/00:11:32,apply-time,rs-003020-tfbbg,0a3febee-5a3b-4f24-9e13-19d36a6cad96,1,3118.567164
2026/02/05/00:11:32,running-time,rs-003020-tfbbg,0a3febee-5a3b-4f24-9e13-19d36a6cad96,1,3118.567164
2026/02/05/00:11:32,apply-time,rs-003020-wpj8g,bee519fa-aa62-4bc2-be45-91fa78af8332,1,3118.567164
2026/02/05/00:11:32,running-time,rs-003020-wpj8g,bee519fa-aa62-4bc2-be45-91fa78af8332,1,3119.567164
2026/02/05/00:11:32,apply-time,rs-003021-b8kxw,75f4fe3b-3fcf-4c54-893c-752a84d29df2,1,3118.567164
2026/02/05/00:11:32,apply-time,rs-003021-qhk5c,0c7d5d2e-500e-458d-a2bb-07aa20afb9ff,1,3118.567164
2026/02/05/00:11:32,apply-time,rs-003022-x7w95,e6d3d700-4830-4164-82c0-a51ae88bb009,1,3118.567164
2026/02/05/00:11:32,apply-time,rs-003023-j6khn,7fb284fa-c5da-418d-9398-70e29d30d0ab,1,3118.567164
2026/02/05/00:11:32,running-time,rs-003023-j6khn,7fb284fa-c5da-418d-9398-70e29d30d0ab,1,3118.567164
2026/02/05/00:11:32,apply-time,rs-003023-xhm4p,6ee95e8e-1053-427d-b588-e04a6df26a4d,1,3118.567164
2026/02/05/00:11:32,running-time,rs-003023-xhm4p,6ee95e8e-1053-427d-b588-e04a6df26a4d,1,3119.567164
2026/02/05/00:11:35,running-time,rs-003022-x7w95,e6d3d700-4830-4164-82c0-a51ae88bb009,1,3122.567164
2026/02/05/00:11:36,apply-time,rs-003024-mlm74,fbab46c4-1f41-47e4-b737-9862f5450b72,1,3123.567164
2026/02/05/00:11:38,running-time,rs-003024-mlm74,fbab46c4-1f41-47e4-b737-9862f5450b72,1,3124.567164
2026/02/05/00:11:41,apply-time,rs-003025-6fmz6,b1cb2d74-66be-4ff3-ae5b-d410a62da7cc,1,3128.567164
2026/02/05/00:11:41,apply-time,rs-003025-6r668,ac8c1709-4e9a-4f52-b9ef-1f837047749c,1,3128.567164
2026/02/05/00:11:41,apply-time,rs-003025-r8rhb,a498c1fa-67e7-4723-9f74-5071858ea9aa,1,3128.567164
2026/02/05/00:11:43,apply-time,rs-003026-cffnx,250fc44e-3aa4-4867-9b49-51373ea0bb91,1,3129.567164
2026/02/05/00:11:43,apply-time,rs-003026-h845j,2a411f0c-019d-4ff6-9794-c4fff094dcce,1,3129.567164
2026/02/05/00:11:43,apply-time,rs-003026-xlml4,d846fa4e-b6e2-4ec4-9d43-c3dd73fa2e1c,1,3129.567164
2026/02/05/00:11:48,apply-time,rs-003027-2xpm7,df1c56b1-f743-4e9b-9ab3-73e79f8b40bc,1,3135.567164
2026/02/05/00:11:48,running-time,rs-003027-2xpm7,df1c56b1-f743-4e9b-9ab3-73e79f8b40bc,1,3135.567164
2026/02/05/00:11:48,apply-time,rs-003027-jpt8d,faa7db04-70e1-49c4-a382-f0e3fc6a76e5,1,3135.567164
2026/02/05/00:11:48,running-time,rs-003027-jpt8d,faa7db04-70e1-49c4-a382-f0e3fc6a76e5,1,3135.567164
2026/02/05/00:11:48,apply-time,rs-003028-st9cr,d9e13dc7-c154-454b-904c-0c870aba7d61,1,3135.567164
2026/02/05/00:11:48,running-time,rs-003028-st9cr,d9e13dc7-c154-454b-904c-0c870aba7d61,1,3135.567164
2026/02/05/00:11:48,apply-time,rs-003029-26gvm,d385869b-8e24-4f20-a83b-4cf5d45c994a,1,3135.567164
2026/02/05/00:11:48,apply-time,rs-003029-vg9gl,7ce1b3a5-fcf1-4aab-9b27-b39ab326923d,1,3135.567164
2026/02/05/00:11:48,apply-time,rs-003030-44tz8,ea486593-510d-4659-aecc-40674975978e,1,3135.567164
2026/02/05/00:11:48,apply-time,rs-003030-9xm8x,8355057c-6c54-4f52-af64-8cc1565e22bc,1,3135.567164
2026/02/05/00:11:48,apply-time,rs-003030-wzjbq,a41c26db-597f-40df-bc04-ae27c5a81769,1,3135.567164
2026/02/05/00:11:48,apply-time,rs-003031-dx6sr,1330a64d-f473-460a-8d46-8f77c8e9028b,1,3135.567164
2026/02/05/00:11:50,running-time,rs-003030-44tz8,ea486593-510d-4659-aecc-40674975978e,1,3137.567164
2026/02/05/00:11:53,running-time,rs-002923-6jgl2,9c2c4df1-f195-4c17-a0bc-4f4b6c21332f,1,3140.567164
2026/02/05/00:11:53,apply-time,rs-003032-vl8rz,25d38fe7-a873-4a88-bcb2-a37c180e28c2,1,3140.567164
2026/02/05/00:11:53,running-time,rs-003032-vl8rz,25d38fe7-a873-4a88-bcb2-a37c180e28c2,1,3140.567164
2026/02/05/00:11:53,apply-time,rs-003033-v5dlk,2da29ce0-77c7-4335-a78a-5467f6d9dc6a,1,3140.567164
2026/02/05/00:11:53,apply-time,rs-003033-whrbf,12e9b245-c7c7-4b4e-886f-99536c709c30,1,3140.567164
2026/02/05/00:11:53,apply-time,rs-003034-hkwmf,3a32dbe2-af53-4720-b3ee-1611fb7e342c,1,3140.567164
2026/02/05/00:11:53,running-time,rs-003034-hkwmf,3a32dbe2-af53-4720-b3ee-1611fb7e342c,1,3140.567164
2026/02/05/00:11:53,apply-time,rs-003035-gbhhx,c038344f-b511-4152-bae4-4dc1bae493bc,1,3140.567164
2026/02/05/00:11:53,running-time,rs-003035-gbhhx,c038344f-b511-4152-bae4-4dc1bae493bc,1,3140.567164
2026/02/05/00:11:53,apply-time,rs-003035-n7qt8,45e08026-d6f1-4773-b20a-c143b2c53776,1,3140.567164
2026/02/05/00:11:53,running-time,rs-003035-n7qt8,45e08026-d6f1-4773-b20a-c143b2c53776,1,3140.567164
2026/02/05/00:11:53,apply-time,rs-003035-zg7p5,2d50e8d8-b14b-46ac-8f3c-ca4ddb876d0d,1,3140.567164
2026/02/05/00:11:53,running-time,rs-003035-zg7p5,2d50e8d8-b14b-46ac-8f3c-ca4ddb876d0d,1,3140.567164
2026/02/05/00:11:53,apply-time,rs-003036-hw4nf,ba860e8e-9902-467f-bf79-817a081cbf43,1,3140.567164
2026/02/05/00:11:53,running-time,rs-003036-hw4nf,ba860e8e-9902-467f-bf79-817a081cbf43,1,3140.567164
2026/02/05/00:12:05,apply-time,rs-003037-wbsxt,4ef61bc1-b49b-4c3c-9467-16fb87110b7f,1,3151.567164
2026/02/05/00:12:05,running-time,rs-003037-wbsxt,4ef61bc1-b49b-4c3c-9467-16fb87110b7f,1,3151.567164
2026/02/05/00:12:05,apply-time,rs-003038-h54rt,4d115ecc-9b21-4d60-ae47-0a9039c23fe6,1,3151.567164
2026/02/05/00:12:05,apply-time,rs-003038-mpgnv,c30dbc88-ee93-4737-8077-e2a2af5bae8d,1,3151.567164
2026/02/05/00:12:05,running-time,rs-003038-mpgnv,c30dbc88-ee93-4737-8077-e2a2af5bae8d,1,3151.567164
2026/02/05/00:12:05,apply-time,rs-003039-7gmxc,13e2d595-843a-4eda-bd6b-02e651ae9ecb,1,3151.567164
2026/02/05/00:12:05,running-time,rs-003039-7gmxc,13e2d595-843a-4eda-bd6b-02e651ae9ecb,1,3151.567164
2026/02/05/00:12:05,apply-time,rs-003039-cwpdk,35a6762d-c165-452e-bc8d-7d746674ddea,1,3151.567164
2026/02/05/00:12:05,running-time,rs-003039-cwpdk,35a6762d-c165-452e-bc8d-7d746674ddea,1,3151.567164
2026/02/05/00:12:05,apply-time,rs-003039-kwd56,57555514-fb78-4589-afc5-40e5593e0740,1,3151.567164
2026/02/05/00:12:05,running-time,rs-003039-kwd56,57555514-fb78-4589-afc5-40e5593e0740,1,3151.567164
2026/02/05/00:12:05,apply-time,rs-003040-58qt8,8f093c18-5111-42c8-b8cb-e5cf4d616e01,1,3151.567164
2026/02/05/00:12:05,running-time,rs-003040-58qt8,8f093c18-5111-42c8-b8cb-e5cf4d616e01,1,3151.567164
2026/02/05/00:12:05,apply-time,rs-003041-8n9bp,d27e9cc8-ee3f-4a77-8bf1-0ecf96d83dba,1,3152.567164
2026/02/05/00:12:05,running-time,rs-003041-8n9bp,d27e9cc8-ee3f-4a77-8bf1-0ecf96d83dba,1,3152.567164
2026/02/05/00:12:05,apply-time,rs-003041-n6qrc,5846f3a4-92de-4997-8b84-99d023a6eb16,1,3152.567164
2026/02/05/00:12:05,running-time,rs-003041-n6qrc,5846f3a4-92de-4997-8b84-99d023a6eb16,1,3152.567164
2026/02/05/00:12:06,running-time,rs-003038-h54rt,4d115ecc-9b21-4d60-ae47-0a9039c23fe6,1,3152.567164
2026/02/05/00:12:06,apply-time,rs-003042-52jvd,bb1eb5eb-6812-47b1-bcdd-8daa512556f2,1,3153.567164
2026/02/05/00:12:06,apply-time,rs-003042-5qqnw,1614d9b6-e32f-4a53-adba-600c327fcb6f,1,3153.567164
2026/02/05/00:12:06,apply-time,rs-003043-2kxgw,29838a83-7493-40f6-82ca-2db064efdc6b,1,3153.567164
2026/02/05/00:12:06,running-time,rs-003043-2kxgw,29838a83-7493-40f6-82ca-2db064efdc6b,1,3153.567164
2026/02/05/00:12:06,apply-time,rs-003043-cdz26,dba39650-b3b7-44e2-9546-aee6c5cd8a7b,1,3153.567164
2026/02/05/00:12:06,apply-time,rs-003044-d2pgw,dcf48592-da82-4cb8-bb43-3f5a62f7ffb4,1,3153.567164
2026/02/05/00:12:06,running-time,rs-003044-d2pgw,dcf48592-da82-4cb8-bb43-3f5a62f7ffb4,1,3153.567164
2026/02/05/00:12:07,running-time,rs-003042-5qqnw,1614d9b6-e32f-4a53-adba-600c327fcb6f,1,3154.567164
2026/02/05/00:12:07,running-time,rs-003043-cdz26,dba39650-b3b7-44e2-9546-aee6c5cd8a7b,1,3154.567164
2026/02/05/00:12:08,running-time,rs-003042-52jvd,bb1eb5eb-6812-47b1-bcdd-8daa512556f2,1,3154.567164
2026/02/05/00:12:13,apply-time,rs-003045-8knh7,a0a2cf2d-c892-4f34-aad0-82dbde5464c2,1,3160.567164
2026/02/05/00:12:13,running-time,rs-003045-8knh7,a0a2cf2d-c892-4f34-aad0-82dbde5464c2,1,3160.567164
2026/02/05/00:12:13,apply-time,rs-003045-fnld7,9034323c-4149-4c86-8117-436b0153cbb1,1,3160.567164
2026/02/05/00:12:13,running-time,rs-003045-fnld7,9034323c-4149-4c86-8117-436b0153cbb1,1,3160.567164
2026/02/05/00:12:13,apply-time,rs-003045-mc4ws,51db0005-3b9a-40f0-a744-739640127ead,1,3160.567164
2026/02/05/00:12:13,running-time,rs-003045-mc4ws,51db0005-3b9a-40f0-a744-739640127ead,1,3160.567164
2026/02/05/00:12:13,apply-time,rs-003046-4cnrj,353a08f7-a014-48f5-ad72-a698397f5142,1,3160.567164
2026/02/05/00:12:13,apply-time,rs-003046-r47tz,a70ea442-9fcc-4c2b-8538-5b08409db80d,1,3160.567164
2026/02/05/00:12:13,apply-time,rs-003047-bzgjn,aade5ec7-4e75-455d-97fe-faca263e8f99,1,3160.567164
2026/02/05/00:12:13,apply-time,rs-003047-h25f2,e7d4cf0e-0a53-49b1-b2fc-b373b89c2933,1,3160.567164
2026/02/05/00:12:13,running-time,rs-003047-h25f2,e7d4cf0e-0a53-49b1-b2fc-b373b89c2933,1,3160.567164
2026/02/05/00:12:13,apply-time,rs-003048-4kgv8,4d644fce-0619-410d-8df4-cbbb04951534,1,3160.567164
2026/02/05/00:12:13,running-time,rs-003048-4kgv8,4d644fce-0619-410d-8df4-cbbb04951534,1,3160.567164
2026/02/05/00:12:13,apply-time,rs-003048-vr5h5,3d2176cd-5cae-4208-b5b2-a13f021add70,1,3160.567164
2026/02/05/00:12:13,running-time,rs-003048-vr5h5,3d2176cd-5cae-4208-b5b2-a13f021add70,1,3160.567164
2026/02/05/00:12:13,apply-time,rs-003049-kk4zl,ea9a8a99-b7be-4958-9ec2-ef336de6d3f7,1,3160.567164
2026/02/05/00:12:14,apply-time,rs-003050-xbf24,31298194-4d4d-4eff-8c6d-82e3ec63c98d,1,3161.567164
2026/02/05/00:12:14,apply-time,rs-003051-4htdg,60cb6ad8-3506-40d4-9d6a-9705428e5e5c,1,3161.567164
2026/02/05/00:12:14,apply-time,rs-003051-kfs7z,d4ab78d4-3923-4679-a26e-f30560518b53,1,3160.567164
2026/02/05/00:12:14,apply-time,rs-003052-t4vm2,2b2609d0-1f0a-45be-8829-b290031b5fcd,1,3161.567164
2026/02/05/00:12:14,apply-time,rs-003053-9zpdk,f2a1807a-5a26-4aff-b7f1-063de1a97ee0,1,3161.567164
2026/02/05/00:12:14,apply-time,rs-003054-zw6qk,809f74fe-994b-4869-9721-41725548eb01,1,3161.567164
2026/02/05/00:12:14,running-time,rs-003054-zw6qk,809f74fe-994b-4869-9721-41725548eb01,1,3161.567164
2026/02/05/00:12:15,running-time,rs-003051-kfs7z,d4ab78d4-3923-4679-a26e-f30560518b53,1,3162.567164
2026/02/05/00:12:15,apply-time,rs-003052-2ksfp,8576c854-e839-4c84-b0a6-241aac0f304d,1,3161.567164
2026/02/05/00:12:15,apply-time,rs-003054-bsrp6,d96db09d-da80-4a43-90c9-6482ee11a607,1,3161.567164
2026/02/05/00:12:15,running-time,rs-003054-bsrp6,d96db09d-da80-4a43-90c9-6482ee11a607,1,3161.567164
2026/02/05/00:12:15,apply-time,rs-003054-ccn8g,4ad039ed-cd26-4021-bdcf-d2e528b34f86,1,3161.567164
2026/02/05/00:12:15,running-time,rs-003054-ccn8g,4ad039ed-cd26-4021-bdcf-d2e528b34f86,1,3161.567164
2026/02/05/00:12:15,apply-time,rs-003055-nm2j6,8cde8829-8ec5-4cdc-90fb-44be56daefe5,1,3161.567164
2026/02/05/00:12:15,running-time,rs-003055-nm2j6,8cde8829-8ec5-4cdc-90fb-44be56daefe5,1,3161.567164
2026/02/05/00:12:15,apply-time,rs-003055-ptb58,b6e6dab5-09a7-442e-b995-7fdf9a06049a,1,3161.567164
2026/02/05/00:12:15,running-time,rs-003055-ptb58,b6e6dab5-09a7-442e-b995-7fdf9a06049a,1,3161.567164
2026/02/05/00:12:15,apply-time,rs-003056-7jfs4,6ea103f6-e924-4a18-afa0-a133a507253a,1,3162.567164
2026/02/05/00:12:15,apply-time,rs-003056-cqwpf,d0bdb036-5852-4750-8bf5-bf4e9a785bf5,1,3162.567164
2026/02/05/00:12:15,apply-time,rs-003056-lh4d9,0c0472cd-1a96-4778-b0f1-721bc77b4208,1,3162.567164
2026/02/05/00:12:15,apply-time,rs-003057-55h7m,606ded3d-4a28-47d8-93bd-3b8074569349,1,3162.567164
2026/02/05/00:12:15,apply-time,rs-003057-cr4nn,108942b5-8365-4cad-ab39-3d487ec1fb8d,1,3161.567164
2026/02/05/00:12:15,apply-time,rs-003057-h4g98,abbaa060-5be9-4f72-9ff1-bb58352db5d7,1,3162.567164
2026/02/05/00:12:15,apply-time,rs-003058-zl8ht,b925c0d1-9ac1-4652-94c2-3cc003f1cc07,1,3162.567164
2026/02/05/00:12:15,running-time,rs-003058-zl8ht,b925c0d1-9ac1-4652-94c2-3cc003f1cc07,1,3162.567164
2026/02/05/00:12:16,running-time,rs-003056-cqwpf,d0bdb036-5852-4750-8bf5-bf4e9a785bf5,1,3163.567164
2026/02/05/00:12:16,running-time,rs-003057-cr4nn,108942b5-8365-4cad-ab39-3d487ec1fb8d,1,3163.567164
2026/02/05/00:12:17,running-time,rs-003056-lh4d9,0c0472cd-1a96-4778-b0f1-721bc77b4208,1,3163.567164
2026/02/05/00:12:18,running-time,rs-003051-4htdg,60cb6ad8-3506-40d4-9d6a-9705428e5e5c,1,3165.567164
2026/02/05/00:12:23,apply-time,rs-003059-fqpcp,8783a5b0-df2f-47fe-ac9b-17523d4bf8e0,1,3169.567164
2026/02/05/00:12:23,running-time,rs-003059-fqpcp,8783a5b0-df2f-47fe-ac9b-17523d4bf8e0,1,3169.567164
2026/02/05/00:12:23,apply-time,rs-003060-7fh8p,64ffeab8-9d7e-4e87-8227-c399695a1e1a,1,3169.567164
2026/02/05/00:12:23,running-time,rs-003060-7fh8p,64ffeab8-9d7e-4e87-8227-c399695a1e1a,1,3169.567164
2026/02/05/00:12:23,apply-time,rs-003060-fst5d,169a3eb3-c62f-44d9-851b-206318d5cac5,1,3169.567164
2026/02/05/00:12:23,apply-time,rs-003061-6dgqd,c0514b85-16dc-464e-a4c1-c95fa09cdcdb,1,3170.567164
2026/02/05/00:12:23,running-time,rs-003061-6dgqd,c0514b85-16dc-464e-a4c1-c95fa09cdcdb,1,3170.567164
2026/02/05/00:12:24,apply-time,rs-003062-6q4td,2bcb120d-e9b7-40b6-9b9e-9dc1460d6da9,1,3171.567164
2026/02/05/00:12:24,running-time,rs-003062-6q4td,2bcb120d-e9b7-40b6-9b9e-9dc1460d6da9,1,3171.567164
2026/02/05/00:12:24,apply-time,rs-003062-tgcnc,25d384a4-6e32-4ddb-8905-5027982f5bee,1,3171.567164
2026/02/05/00:12:24,running-time,rs-003062-tgcnc,25d384a4-6e32-4ddb-8905-5027982f5bee,1,3171.567164
2026/02/05/00:12:24,apply-time,rs-003062-wk6bl,6ce2202f-fcf0-48c7-8a23-66dd6c4b84f2,1,3171.567164
2026/02/05/00:12:24,running-time,rs-003062-wk6bl,6ce2202f-fcf0-48c7-8a23-66dd6c4b84f2,1,3171.567164
2026/02/05/00:12:24,apply-time,rs-003063-4pmkq,8c18c0e1-f077-4d6c-9454-9df16499ef70,1,3171.567164
2026/02/05/00:12:24,apply-time,rs-003063-dvdh4,e5c0f053-bb82-4083-962d-ec369e165852,1,3171.567164
2026/02/05/00:12:24,apply-time,rs-003063-k7dnm,ab4223ac-d6f9-416a-ac45-007761ffe482,1,3171.567164
2026/02/05/00:12:25,apply-time,rs-003064-5c87n,43830402-18c1-42a0-b35c-7bffa42a4d3f,1,3171.567164
2026/02/05/00:12:25,apply-time,rs-003064-75b5c,c7101786-e5da-40ea-8ee0-237079153cf4,1,3171.567164
2026/02/05/00:12:25,apply-time,rs-003064-tdcbh,52c471d9-2e55-4f27-b93a-96d96dc55c7a,1,3171.567164
2026/02/05/00:12:25,apply-time,rs-003065-tjbhp,9b4e7599-1c76-46b6-b754-18fd60cedc74,1,3171.567164
2026/02/05/00:12:25,apply-time,rs-003066-h2wlb,5ebbcf20-5865-4f61-84f5-5df48304569f,1,3171.567164
2026/02/05/00:12:25,apply-time,rs-003066-qglvh,b5a38c5c-317c-42e6-a6c8-ea65ce7a9755,1,3171.567164
2026/02/05/00:12:25,apply-time,rs-003067-dbtpt,516f962b-6370-4697-8233-0f1666258154,1,3172.567164
2026/02/05/00:12:25,apply-time,rs-003067-gjxwz,3121ed6d-8d6f-4b8c-9129-6418a785d0a1,1,3172.567164
2026/02/05/00:12:25,apply-time,rs-003068-rptgk,d6e9bde9-d9a3-45d1-9445-677d377f51c2,1,3172.567164
2026/02/05/00:12:25,apply-time,rs-003069-bmplm,6d21c858-faf5-41ff-9da8-04f988320d16,1,3172.567164
2026/02/05/00:12:25,apply-time,rs-003069-g855p,f33f6ba6-489d-4bd7-9258-f2b8fb93903f,1,3172.567164
2026/02/05/00:12:25,apply-time,rs-003069-wp6gw,8b63ac80-d84a-4766-bb91-09981874b8f3,1,3172.567164
2026/02/05/00:12:25,apply-time,rs-003070-5hbw4,d5e82958-3dee-4d28-be87-904b89a63fe0,1,3172.567164
2026/02/05/00:12:25,running-time,rs-003070-5hbw4,d5e82958-3dee-4d28-be87-904b89a63fe0,1,3172.567164
2026/02/05/00:12:26,running-time,rs-003066-h2wlb,5ebbcf20-5865-4f61-84f5-5df48304569f,1,3173.567164
2026/02/05/00:12:26,apply-time,rs-003071-dj92g,acc9b7a2-55a2-4950-8916-2985c1b04bb8,1,3173.567164
2026/02/05/00:12:26,apply-time,rs-003071-mdwpb,efda7cb2-cf8f-4d01-8a0f-1e7a49441ae5,1,3173.567164
2026/02/05/00:12:26,apply-time,rs-003071-txv9z,42c3f4d5-a90b-4dba-9d4b-cca3ae3c7080,1,3172.567164
2026/02/05/00:12:26,apply-time,rs-003072-fnzk4,07e55582-1104-47c2-92ac-2c2593c628e1,1,3173.567164
2026/02/05/00:12:26,apply-time,rs-003072-xprwz,8c9e8d35-0cd4-4057-a6c8-65caf93eb2dc,1,3172.567164
2026/02/05/00:12:26,running-time,rs-003072-xprwz,8c9e8d35-0cd4-4057-a6c8-65caf93eb2dc,1,3172.567164
2026/02/05/00:12:26,apply-time,rs-003073-lz9vs,5a94d042-87cc-4c41-b992-5a8edc19fc15,1,3172.567164
2026/02/05/00:12:26,running-time,rs-003073-lz9vs,5a94d042-87cc-4c41-b992-5a8edc19fc15,1,3172.567164
2026/02/05/00:12:26,apply-time,rs-003074-7vmt7,9e306e0e-d698-4ef3-8381-5a15afce6b9e,1,3173.567164
2026/02/05/00:12:26,apply-time,rs-003074-q65jq,c22c56ac-a5e4-4bbb-bd1d-0ed34bec4626,1,3172.567164
2026/02/05/00:12:26,apply-time,rs-003074-qzxf9,68ae45ee-544a-42cc-a96c-6c1618a42737,1,3173.567164
2026/02/05/00:12:26,apply-time,rs-003075-d4v29,4370adab-84ba-4f6f-8c26-1a29a91664ed,1,3173.567164
2026/02/05/00:12:26,apply-time,rs-003076-rn2sb,ea946653-c3ba-410d-93ed-cb51d6bd21a9,1,3173.567164
2026/02/05/00:12:27,running-time,rs-003071-mdwpb,efda7cb2-cf8f-4d01-8a0f-1e7a49441ae5,1,3174.567164
2026/02/05/00:12:27,running-time,rs-003071-txv9z,42c3f4d5-a90b-4dba-9d4b-cca3ae3c7080,1,3174.567164
2026/02/05/00:12:27,apply-time,rs-003076-qk4q2,6058db31-78d7-4c19-9674-fa701a6f80d3,1,3173.567164
2026/02/05/00:12:27,running-time,rs-003076-qk4q2,6058db31-78d7-4c19-9674-fa701a6f80d3,1,3173.567164
2026/02/05/00:12:27,running-time,rs-003076-rn2sb,ea946653-c3ba-410d-93ed-cb51d6bd21a9,1,3173.567164
2026/02/05/00:12:28,running-time,rs-003072-fnzk4,07e55582-1104-47c2-92ac-2c2593c628e1,1,3175.567164
2026/02/05/00:12:28,running-time,rs-003075-d4v29,4370adab-84ba-4f6f-8c26-1a29a91664ed,1,3175.567164
2026/02/05/00:12:29,running-time,rs-003068-rptgk,d6e9bde9-d9a3-45d1-9445-677d377f51c2,1,3176.567164
2026/02/05/00:12:30,apply-time,rs-003077-jxsdv,a528feb1-f68d-4fa5-9b94-5376fe86659d,1,3177.567164
2026/02/05/00:12:30,running-time,rs-003077-jxsdv,a528feb1-f68d-4fa5-9b94-5376fe86659d,1,3177.567164
2026/02/05/00:12:30,apply-time,rs-003077-lxf65,9793422c-eb2d-42c1-83f1-75b178f264e3,1,3177.567164
2026/02/05/00:12:30,running-time,rs-003077-lxf65,9793422c-eb2d-42c1-83f1-75b178f264e3,1,3177.567164
2026/02/05/00:12:30,apply-time,rs-003077-sjdzr,d27c5395-f2d9-47a9-b25f-e0f2b7199b4e,1,3177.567164
2026/02/05/00:12:30,running-time,rs-003077-sjdzr,d27c5395-f2d9-47a9-b25f-e0f2b7199b4e,1,3177.567164
2026/02/05/00:12:30,apply-time,rs-003078-hncrm,2b9a115c-f4a0-4f2d-bf41-6c1e097348ea,1,3177.567164
2026/02/05/00:12:32,apply-time,rs-003079-mk8sj,ffefe311-bb8e-4183-9804-953ee47e080e,1,3178.567164
2026/02/05/00:12:32,apply-time,rs-003080-4bb5r,e57442bd-472d-4bc8-98b2-fbb7dc797074,1,3178.567164
2026/02/05/00:12:32,apply-time,rs-003080-9g2dc,31a19eda-f70d-4bc9-90ab-3ccc30d55e93,1,3178.567164
2026/02/05/00:12:32,apply-time,rs-003080-hk2lx,da265a2d-4eb7-4e51-84f7-aee120caf5ad,1,3178.567164
2026/02/05/00:12:32,apply-time,rs-003081-9dmhz,06e09acd-3008-4971-b146-8bb61f4e1484,1,3178.567164
2026/02/05/00:12:32,running-time,rs-003081-9dmhz,06e09acd-3008-4971-b146-8bb61f4e1484,1,3178.567164
2026/02/05/00:12:32,apply-time,rs-003081-l4gr6,6a75b053-916a-4d71-9047-982adbbbbb42,1,3178.567164
2026/02/05/00:12:32,apply-time,rs-003081-vdwcx,0526a345-0ba5-41b5-bb3a-1340658ce785,1,3178.567164
2026/02/05/00:12:32,apply-time,rs-003082-hkd48,783e8506-d20e-4d58-8636-a00a42ab521a,1,3178.567164
2026/02/05/00:12:32,running-time,rs-003082-hkd48,783e8506-d20e-4d58-8636-a00a42ab521a,1,3178.567164
2026/02/05/00:12:32,apply-time,rs-003083-6clgk,f9d4a73b-2afd-4e31-a70f-e55a7b850ca8,1,3178.567164
2026/02/05/00:12:32,apply-time,rs-003083-mvmhr,c496bae1-7ced-41bd-91a8-1f39cb3319ce,1,3178.567164
2026/02/05/00:12:32,apply-time,rs-003084-bhkrt,c37ef904-3528-41ab-8112-864301ecef6a,1,3179.567164
2026/02/05/00:12:32,apply-time,rs-003084-tsh9r,03c3fd52-94a2-429d-9c8a-e33533e01299,1,3179.567164
2026/02/05/00:12:32,apply-time,rs-003085-t6q6z,5c5a18df-6247-4bc5-ac66-fd8ad24bef48,1,3179.567164
2026/02/05/00:12:32,apply-time,rs-003086-xsnct,f75430a7-a3fe-4cbd-9fa3-5d1af12f4e8f,1,3179.567164
2026/02/05/00:12:32,apply-time,rs-003087-xwhkw,9526510b-f8b7-4aa2-b005-04bb2c70d358,1,3179.567164
2026/02/05/00:12:33,apply-time,rs-003085-2mjf7,a06d85bd-0f72-4382-a35f-43350f92074b,1,3179.567164
2026/02/05/00:12:33,apply-time,rs-003085-4ts9m,5f34ce48-e42c-4c81-910c-2b9d3f234a72,1,3179.567164
2026/02/05/00:12:33,apply-time,rs-003086-xmsnk,b8e47fc9-b5f3-43c1-9648-7cef21fab704,1,3179.567164
2026/02/05/00:12:33,apply-time,rs-003088-fnj47,f8cb1de9-b671-486b-a6e3-b4611ba7b383,1,3180.567164
2026/02/05/00:12:34,apply-time,rs-003088-h9w4g,446e93db-74f3-4fbe-a4da-b0b41c443242,1,3180.567164
2026/02/05/00:12:34,apply-time,rs-003088-q6s9m,3299624e-f782-4c82-b236-a968c07eb992,1,3180.567164
2026/02/05/00:12:35,running-time,rs-003080-4bb5r,e57442bd-472d-4bc8-98b2-fbb7dc797074,1,3182.567164
2026/02/05/00:12:35,running-time,rs-003087-xwhkw,9526510b-f8b7-4aa2-b005-04bb2c70d358,1,3181.567164
2026/02/05/00:12:36,running-time,rs-003064-5c87n,43830402-18c1-42a0-b35c-7bffa42a4d3f,1,3183.567164
2026/02/05/00:12:36,running-time,rs-003067-dbtpt,516f962b-6370-4697-8233-0f1666258154,1,3182.567164
2026/02/05/00:12:38,running-time,rs-003067-gjxwz,3121ed6d-8d6f-4b8c-9129-6418a785d0a1,1,3185.567164
2026/02/05/00:12:39,apply-time,rs-003089-hbhvq,5e7bef0e-f722-4328-b487-cb33b65bd4c7,1,3186.567164
2026/02/05/00:12:39,apply-time,rs-003089-sfdqp,29733b0a-c678-43b2-b966-7f700f9108b0,1,3186.567164
2026/02/05/00:12:39,apply-time,rs-003090-c7pxm,586e974c-aac1-4399-a57b-d17f09a2b7fb,1,3186.567164
2026/02/05/00:12:39,apply-time,rs-003090-kx9kq,9407dd3a-4993-476e-bcb0-25632981d96f,1,3186.567164
2026/02/05/00:12:39,apply-time,rs-003090-srbs4,521d76b7-d1af-447a-998d-97e96fda0988,1,3186.567164
2026/02/05/00:12:39,apply-time,rs-003091-kkc92,aa31f7e2-a005-4984-8902-aaea49b8dc0f,1,3186.567164
2026/02/05/00:12:39,apply-time,rs-003091-m9tq5,6ccd1509-d891-40c7-94f5-0d33c745c5f8,1,3186.567164
2026/02/05/00:12:39,apply-time,rs-003091-tc6jn,d484a9ea-162b-4e8c-bb71-bc966460bf1c,1,3186.567164
2026/02/05/00:12:39,apply-time,rs-003092-mmx94,ad72bf18-fbc5-4986-a2f6-3117ee4df530,1,3186.567164
2026/02/05/00:12:40,running-time,rs-003089-sfdqp,29733b0a-c678-43b2-b966-7f700f9108b0,1,3186.567164
2026/02/05/00:12:40,running-time,rs-003090-c7pxm,586e974c-aac1-4399-a57b-d17f09a2b7fb,1,3186.567164
2026/02/05/00:12:40,running-time,rs-003091-kkc92,aa31f7e2-a005-4984-8902-aaea49b8dc0f,1,3186.567164
2026/02/05/00:12:40,running-time,rs-003091-m9tq5,6ccd1509-d891-40c7-94f5-0d33c745c5f8,1,3186.567164
2026/02/05/00:12:40,running-time,rs-003091-tc6jn,d484a9ea-162b-4e8c-bb71-bc966460bf1c,1,3186.567164
2026/02/05/00:12:40,apply-time,rs-003092-htlb4,370d8c33-a137-4313-b3b8-c292e5d0bbd8,1,3186.567164
2026/02/05/00:12:40,apply-time,rs-003092-rntzp,61cc8381-d955-4b99-b542-382095f0a2f6,1,3186.567164
2026/02/05/00:12:40,apply-time,rs-003093-bqzgg,53b734c9-6b52-46d3-962a-b7d034a34093,1,3187.567164
2026/02/05/00:12:40,apply-time,rs-003093-brrcb,7c80f941-ca80-470b-8c3e-5053dc8859c3,1,3186.567164
2026/02/05/00:12:40,running-time,rs-003093-brrcb,7c80f941-ca80-470b-8c3e-5053dc8859c3,1,3186.567164
2026/02/05/00:12:40,apply-time,rs-003094-628jb,b0bae880-6e8c-4de9-b0e3-815fb1ab6588,1,3186.567164
2026/02/05/00:12:40,apply-time,rs-003095-7vf7s,6e086dbb-3013-44f8-82a7-5cbe0aa5f178,1,3187.567164
2026/02/05/00:12:40,apply-time,rs-003095-9z57q,1dfe39ff-6c70-488f-a68e-4647bc901375,1,3186.567164
2026/02/05/00:12:40,running-time,rs-003095-9z57q,1dfe39ff-6c70-488f-a68e-4647bc901375,1,3186.567164
2026/02/05/00:12:40,apply-time,rs-003095-gwl8h,38f43feb-c2f4-4959-ba2b-cadd5ad273e7,1,3187.567164
2026/02/05/00:12:40,apply-time,rs-003096-8n8pm,810c4536-70ec-4a93-b258-82dd393af468,1,3187.567164
2026/02/05/00:12:41,apply-time,rs-003097-fnb98,15002ddf-0378-4d14-a65e-2e00ef0bd294,1,3188.567164
2026/02/05/00:12:41,apply-time,rs-003098-bfcqb,66e999f7-6d71-4276-9688-fd82dfee0291,1,3188.567164
2026/02/05/00:12:41,apply-time,rs-003099-7r8vh,4bbdada4-e201-41b4-b477-b5c1ba5de0b4,1,3188.567164
2026/02/05/00:12:41,apply-time,rs-003100-r988j,d8a8ea04-13b2-4b43-a019-b1dcc6692686,1,3188.567164
2026/02/05/00:12:42,running-time,rs-003090-kx9kq,9407dd3a-4993-476e-bcb0-25632981d96f,1,3188.567164
2026/02/05/00:12:42,running-time,rs-003094-628jb,b0bae880-6e8c-4de9-b0e3-815fb1ab6588,1,3188.567164
2026/02/05/00:12:42,running-time,rs-003095-7vf7s,6e086dbb-3013-44f8-82a7-5cbe0aa5f178,1,3188.567164
2026/02/05/00:12:42,apply-time,rs-003099-hm6hs,f987d76c-580c-4ec8-b6a1-317c9db8e5c2,1,3188.567164
2026/02/05/00:12:42,apply-time,rs-003099-z8g8f,9002f9d7-2cba-4dfc-92d2-2ebe32e196d3,1,3188.567164
2026/02/05/00:12:42,apply-time,rs-003100-h576p,5db6b673-07c6-49c4-b18e-337bb42ddca3,1,3188.567164
2026/02/05/00:12:43,running-time,rs-003095-gwl8h,38f43feb-c2f4-4959-ba2b-cadd5ad273e7,1,3190.567164
2026/02/05/00:12:43,running-time,rs-003098-bfcqb,66e999f7-6d71-4276-9688-fd82dfee0291,1,3190.567164
2026/02/05/00:12:43,running-time,rs-003099-hm6hs,f987d76c-580c-4ec8-b6a1-317c9db8e5c2,1,3190.567164
2026/02/05/00:12:43,running-time,rs-003099-z8g8f,9002f9d7-2cba-4dfc-92d2-2ebe32e196d3,1,3190.567164
2026/02/05/00:12:44,running-time,rs-003090-srbs4,521d76b7-d1af-447a-998d-97e96fda0988,1,3190.567164
2026/02/05/00:12:45,apply-time,rs-003101-pvg8b,8fb9a934-d1b0-4fb0-a3a6-634015e34d8c,1,3191.567164
2026/02/05/00:12:45,running-time,rs-003101-pvg8b,8fb9a934-d1b0-4fb0-a3a6-634015e34d8c,1,3192.567164
2026/02/05/00:12:45,apply-time,rs-003102-4r9g2,9371a5c6-c2c6-4666-b846-ed91ec488b7b,1,3191.567164
2026/02/05/00:12:45,apply-time,rs-003102-l8tsx,421c7964-fc35-4b4a-b0d0-27bcb78410ce,1,3191.567164
2026/02/05/00:12:45,apply-time,rs-003103-cnmwc,e3affab6-edd3-4f45-a3d0-3745e2de5f46,1,3191.567164
2026/02/05/00:12:45,running-time,rs-003103-cnmwc,e3affab6-edd3-4f45-a3d0-3745e2de5f46,1,3191.567164
2026/02/05/00:12:45,apply-time,rs-003104-77pdb,e4acbe03-345c-4446-a3c7-33b2464bed2d,1,3191.567164
2026/02/05/00:12:45,apply-time,rs-003104-rhqjc,0f83f7a0-a8f5-4ace-a748-d9824c493837,1,3191.567164
2026/02/05/00:12:45,running-time,rs-003104-rhqjc,0f83f7a0-a8f5-4ace-a748-d9824c493837,1,3192.567164
2026/02/05/00:12:45,apply-time,rs-003104-xqkkp,ce195e9b-e788-4207-b243-70211c8dc795,1,3191.567164
2026/02/05/00:12:45,running-time,rs-003104-xqkkp,ce195e9b-e788-4207-b243-70211c8dc795,1,3192.567164
2026/02/05/00:12:45,apply-time,rs-003105-kqc88,bdcda12b-7cc9-490e-819a-e593602ba8d3,1,3191.567164
2026/02/05/00:12:45,running-time,rs-003105-kqc88,bdcda12b-7cc9-490e-819a-e593602ba8d3,1,3192.567164
2026/02/05/00:12:46,running-time,rs-003104-77pdb,e4acbe03-345c-4446-a3c7-33b2464bed2d,1,3192.567164
2026/02/05/00:12:47,apply-time,rs-003106-6wxv9,7f12fd8e-8b0b-4842-8cf6-0a2e301ac7ed,1,3193.567164
2026/02/05/00:12:47,running-time,rs-003106-6wxv9,7f12fd8e-8b0b-4842-8cf6-0a2e301ac7ed,1,3193.567164
2026/02/05/00:12:47,apply-time,rs-003107-2p4t2,41636e7a-1a41-441e-a2ab-3e79668bff2e,1,3193.567164
2026/02/05/00:12:47,running-time,rs-003107-2p4t2,41636e7a-1a41-441e-a2ab-3e79668bff2e,1,3194.567164
2026/02/05/00:12:47,apply-time,rs-003107-8j9f6,ce8f0e47-900e-47ae-8c78-81035e5f6367,1,3193.567164
2026/02/05/00:12:47,running-time,rs-003107-8j9f6,ce8f0e47-900e-47ae-8c78-81035e5f6367,1,3194.567164
2026/02/05/00:12:47,apply-time,rs-003107-tcrg8,1519b6d7-2918-41d9-b976-ebbd74e4068e,1,3193.567164
2026/02/05/00:12:47,apply-time,rs-003108-479ds,e9f620f1-e281-4e00-8ad2-aabafeb6f4a8,1,3193.567164
2026/02/05/00:12:47,apply-time,rs-003109-g54jp,d33f8b90-fbdd-45a0-b2e3-cc8b94b2e2f5,1,3194.567164
2026/02/05/00:12:47,apply-time,rs-003109-shh6p,9b7fd898-f0bd-4ff4-9dd1-50860bf63038,1,3194.567164
2026/02/05/00:12:47,apply-time,rs-003110-5fl5p,e877c0c0-cef1-4209-b255-cfca2e355348,1,3194.567164
2026/02/05/00:12:49,running-time,rs-003097-fnb98,15002ddf-0378-4d14-a65e-2e00ef0bd294,1,3196.567164
2026/02/05/00:12:49,running-time,rs-003107-tcrg8,1519b6d7-2918-41d9-b976-ebbd74e4068e,1,3196.567164
2026/02/05/00:12:49,running-time,rs-003108-479ds,e9f620f1-e281-4e00-8ad2-aabafeb6f4a8,1,3196.567164
2026/02/05/00:12:49,running-time,rs-003110-5fl5p,e877c0c0-cef1-4209-b255-cfca2e355348,1,3196.567164
2026/02/05/00:12:53,apply-time,rs-003111-cmjg9,db9c553a-dbb2-4f2d-be9a-8e6c17c45205,1,3200.567164
2026/02/05/00:12:53,apply-time,rs-003111-pkq78,5e009e56-7e85-4f7a-81fe-5fab032fd006,1,3200.567164
2026/02/05/00:12:53,apply-time,rs-003111-thvmc,970ed601-713d-4499-be4a-7d3af9293298,1,3200.567164
2026/02/05/00:12:53,apply-time,rs-003112-jr86b,7427220c-54e5-437e-bb05-6553a2a98442,1,3200.567164
2026/02/05/00:12:54,apply-time,rs-003113-62fcz,13b1bd8e-e1e2-4ebe-8d9b-c0d8c980e496,1,3200.567164
2026/02/05/00:12:54,running-time,rs-003113-62fcz,13b1bd8e-e1e2-4ebe-8d9b-c0d8c980e496,1,3200.567164
2026/02/05/00:12:54,apply-time,rs-003113-knj7r,02fe1636-640c-43c0-9d84-e05fe7a47f38,1,3200.567164
2026/02/05/00:12:54,running-time,rs-003113-knj7r,02fe1636-640c-43c0-9d84-e05fe7a47f38,1,3200.567164
2026/02/05/00:12:54,apply-time,rs-003113-v968f,8cd8a67d-b706-40f1-9564-f308bf3ed06f,1,3200.567164
2026/02/05/00:12:54,running-time,rs-003113-v968f,8cd8a67d-b706-40f1-9564-f308bf3ed06f,1,3200.567164
2026/02/05/00:12:54,apply-time,rs-003114-6w7pk,12850112-4ed5-4996-b7e4-2e30ccb3feec,1,3200.567164
2026/02/05/00:12:54,running-time,rs-003114-6w7pk,12850112-4ed5-4996-b7e4-2e30ccb3feec,1,3200.567164
2026/02/05/00:12:54,apply-time,rs-003114-v7xql,88fa9e59-4e0d-4d53-9ce8-631f7a616381,1,3200.567164
2026/02/05/00:12:54,running-time,rs-003114-v7xql,88fa9e59-4e0d-4d53-9ce8-631f7a616381,1,3200.567164
2026/02/05/00:12:54,apply-time,rs-003115-t7p8k,5bd4ec44-e12d-4bd5-abcc-8f7b0cd368b3,1,3200.567164
2026/02/05/00:12:54,running-time,rs-003115-t7p8k,5bd4ec44-e12d-4bd5-abcc-8f7b0cd368b3,1,3200.567164
2026/02/05/00:12:54,apply-time,rs-003116-5v8ns,3b8ffcb9-457f-4cf3-a18e-d1dc76074ed0,1,3200.567164
2026/02/05/00:12:54,running-time,rs-003116-5v8ns,3b8ffcb9-457f-4cf3-a18e-d1dc76074ed0,1,3200.567164
2026/02/05/00:12:54,apply-time,rs-003116-dc9ls,cfc48c8e-cb87-41e8-bbef-cac150420f01,1,3200.567164
2026/02/05/00:12:54,running-time,rs-003116-dc9ls,cfc48c8e-cb87-41e8-bbef-cac150420f01,1,3200.567164
2026/02/05/00:12:54,apply-time,rs-003116-xb92h,78822379-1169-4b7f-a603-76aa5c843ef6,1,3200.567164
2026/02/05/00:12:54,running-time,rs-003116-xb92h,78822379-1169-4b7f-a603-76aa5c843ef6,1,3200.567164
2026/02/05/00:12:54,apply-time,rs-003117-8xs2l,942540b7-7e7d-462c-9592-884b847a1076,1,3201.567164
2026/02/05/00:12:54,apply-time,rs-003117-cbzq4,2bfb379f-b744-4a9d-a091-345894ddf8d8,1,3201.567164
2026/02/05/00:12:54,apply-time,rs-003117-t7rmz,040a2841-d111-4921-b305-2ee1c7f9219a,1,3201.567164
2026/02/05/00:12:54,apply-time,rs-003118-7x52m,3b05b700-b204-4163-a690-97871e654ec0,1,3201.567164
2026/02/05/00:12:54,apply-time,rs-003118-tfgwr,942c7a8b-48bb-4d90-a572-066590f1e56c,1,3201.567164
2026/02/05/00:12:54,apply-time,rs-003119-5wzwv,1144280a-97b4-45d1-9e37-5e11a1c3fb42,1,3201.567164
2026/02/05/00:12:54,apply-time,rs-003120-fphqn,c645da1f-93f9-4bcc-9efc-87bdf19436e2,1,3201.567164
2026/02/05/00:12:54,apply-time,rs-003121-pfv88,506211d9-7d83-4b76-87c3-476ab000442c,1,3201.567164
2026/02/05/00:12:55,running-time,rs-003121-pfv88,506211d9-7d83-4b76-87c3-476ab000442c,1,3201.567164
2026/02/05/00:12:55,apply-time,rs-003122-pkjj4,220c9a72-b142-4a39-8a02-72abef5587a1,1,3201.567164
2026/02/05/00:12:55,apply-time,rs-003122-xbwz5,89e3d128-2367-4fd1-9e6a-e5aa2f17a615,1,3202.567164
2026/02/05/00:12:55,apply-time,rs-003123-26s27,28211e78-20e8-4e1b-af7f-ad11a22e3d8c,1,3201.567164
2026/02/05/00:12:55,apply-time,rs-003123-77wfq,e6394b76-a22f-4877-b380-af0a89c4d155,1,3202.567164
2026/02/05/00:12:55,apply-time,rs-003123-fvs7c,792b06b8-0bcf-4aa9-a7c6-414f7a6cca57,1,3202.567164
2026/02/05/00:12:55,apply-time,rs-003124-brp2x,8fb846d3-df4a-40f2-a946-a40168ae6f00,1,3201.567164
2026/02/05/00:12:55,apply-time,rs-003125-f2v2h,c227d4e7-257f-4a70-8057-c4ba6a2c8234,1,3202.567164
2026/02/05/00:12:55,apply-time,rs-003125-vhlpf,25787661-8306-45eb-90f2-55ae45f905f9,1,3202.567164
2026/02/05/00:12:56,running-time,rs-003124-brp2x,8fb846d3-df4a-40f2-a946-a40168ae6f00,1,3203.567164
2026/02/05/00:12:56,apply-time,rs-003126-9lwtx,27dc8f88-f034-4f76-a1b4-f25be0498e92,1,3203.567164
2026/02/05/00:12:56,apply-time,rs-003126-dngmg,38b4b756-0b98-4e26-bc7f-ab187bef0e84,1,3203.567164
2026/02/05/00:12:56,apply-time,rs-003126-gdmv9,b734a934-8321-4523-95da-f39801f41f69,1,3202.567164
2026/02/05/00:12:56,apply-time,rs-003127-r9mrt,9228196a-bd9b-4cc8-acb5-ffa22ee953f6,1,3203.567164
2026/02/05/00:12:56,apply-time,rs-003128-7cv99,e563593d-6202-44ed-81cb-e9e5fb29bc64,1,3203.567164
2026/02/05/00:12:57,apply-time,rs-003129-8rb97,7980eb44-86c6-4266-95e5-0e5b684536cd,1,3204.567164
2026/02/05/00:12:57,apply-time,rs-003129-wbkp2,710b3b80-d20e-46c1-b5b1-71bc1d6d4715,1,3204.567164
2026/02/05/00:12:58,running-time,rs-003126-gdmv9,b734a934-8321-4523-95da-f39801f41f69,1,3205.567164
2026/02/05/00:12:58,apply-time,rs-003130-mtn7f,0906c179-47a8-4ddf-8783-cf921560373e,1,3205.567164
2026/02/05/00:12:58,apply-time,rs-003130-vlrmq,6a41dd38-e378-4d88-bc3e-ce176bffe5b0,1,3205.567164
2026/02/05/00:12:58,running-time,rs-003130-vlrmq,6a41dd38-e378-4d88-bc3e-ce176bffe5b0,1,3205.567164
2026/02/05/00:12:58,apply-time,rs-003131-vvq7z,dc7f79db-7e37-48a5-97b3-ab6fb0453b01,1,3205.567164
2026/02/05/00:12:58,apply-time,rs-003132-pf267,10a31ab9-b17b-47a6-bfd2-2ea4941b73de,1,3205.567164
2026/02/05/00:12:58,apply-time,rs-003132-w754x,b4749ad5-a78c-46c8-96b8-cfbf9b4574ce,1,3205.567164
2026/02/05/00:12:58,apply-time,rs-003132-zjjcv,ab48d867-cb3b-41b4-b004-cc93c0a989fb,1,3205.567164
2026/02/05/00:12:58,running-time,rs-003132-zjjcv,ab48d867-cb3b-41b4-b004-cc93c0a989fb,1,3205.567164
2026/02/05/00:12:59,apply-time,rs-003133-fnrlx,c0bc7d52-51c5-41c5-b214-747bd40f3a36,1,3205.567164
2026/02/05/00:12:59,apply-time,rs-003134-2xhb6,5cac0600-dd05-4dcd-80ba-98c38d97cdfd,1,3205.567164
2026/02/05/00:12:59,apply-time,rs-003134-jvjsr,08eaedd9-e645-4d2b-91de-8d0a6bdf1407,1,3206.567164
2026/02/05/00:12:59,apply-time,rs-003134-qdcnc,99b2ab5a-ebda-4690-98e6-cc14e75ee3cd,1,3206.567164
2026/02/05/00:13:00,running-time,rs-003130-mtn7f,0906c179-47a8-4ddf-8783-cf921560373e,1,3207.567164
2026/02/05/00:13:00,running-time,rs-003132-w754x,b4749ad5-a78c-46c8-96b8-cfbf9b4574ce,1,3207.567164
2026/02/05/00:13:00,apply-time,rs-003135-9xj2p,48af3fdf-14e9-4423-a0e9-0d9b653ac7b3,1,3206.567164
2026/02/05/00:13:00,running-time,rs-003135-9xj2p,48af3fdf-14e9-4423-a0e9-0d9b653ac7b3,1,3206.567164
2026/02/05/00:13:00,apply-time,rs-003135-wpqb7,e9364add-5a02-4d8c-b5f5-f73b5d9f04d0,1,3206.567164
2026/02/05/00:13:00,running-time,rs-003135-wpqb7,e9364add-5a02-4d8c-b5f5-f73b5d9f04d0,1,3206.567164
2026/02/05/00:13:00,apply-time,rs-003136-tq2kr,e0f52899-4459-4a58-bd76-68ac661a9a8f,1,3206.567164
2026/02/05/00:13:00,apply-time,rs-003137-lz9xf,00c69efd-af82-444a-accf-fd874d44fbf5,1,3206.567164
2026/02/05/00:13:00,apply-time,rs-003138-kpwdm,4c626b91-a887-45e9-889a-4736f0e49c06,1,3207.567164
2026/02/05/00:13:00,apply-time,rs-003138-rl6wm,5143657a-eb6e-4079-b588-fea9a38d0b12,1,3206.567164
2026/02/05/00:13:00,running-time,rs-003138-rl6wm,5143657a-eb6e-4079-b588-fea9a38d0b12,1,3207.567164
2026/02/05/00:13:00,apply-time,rs-003138-wx5nx,50d0b98b-6ab9-44d9-962a-5be10fe49865,1,3207.567164
2026/02/05/00:13:01,running-time,rs-003136-tq2kr,e0f52899-4459-4a58-bd76-68ac661a9a8f,1,3208.567164
2026/02/05/00:13:01,running-time,rs-003137-lz9xf,00c69efd-af82-444a-accf-fd874d44fbf5,1,3208.567164
2026/02/05/00:13:01,running-time,rs-003138-kpwdm,4c626b91-a887-45e9-889a-4736f0e49c06,1,3208.567164
2026/02/05/00:13:01,running-time,rs-003138-wx5nx,50d0b98b-6ab9-44d9-962a-5be10fe49865,1,3208.567164
2026/02/05/00:13:02,apply-time,rs-003139-2kp57,f38a6450-4b31-4513-b5f1-62993396c328,1,3208.567164
2026/02/05/00:13:02,running-time,rs-003139-2kp57,f38a6450-4b31-4513-b5f1-62993396c328,1,3209.567164
2026/02/05/00:13:02,apply-time,rs-003139-6hz7p,59e14fe2-1b64-43ce-b492-aed3248dd6dd,1,3208.567164
2026/02/05/00:13:02,running-time,rs-003139-6hz7p,59e14fe2-1b64-43ce-b492-aed3248dd6dd,1,3209.567164
2026/02/05/00:13:02,apply-time,rs-003139-qzwt7,498f0077-6e31-451b-98ae-fbcf80f27d47,1,3208.567164
2026/02/05/00:13:02,running-time,rs-003139-qzwt7,498f0077-6e31-451b-98ae-fbcf80f27d47,1,3208.567164
2026/02/05/00:13:02,apply-time,rs-003140-4tbz7,2edbe0a7-3ba5-42d5-90f7-41c4e3e5d45c,1,3208.567164
2026/02/05/00:13:02,apply-time,rs-003140-5vz4f,ec3b73d7-a9b8-44e6-b3b0-7cf36ce91fbd,1,3208.567164
2026/02/05/00:13:02,apply-time,rs-003141-2xs4q,1dbdcf4f-b141-4dd3-a6d1-f541d25094de,1,3208.567164
2026/02/05/00:13:02,apply-time,rs-003142-4lbdd,4e9a682c-b742-4e6d-9a89-50116e19666b,1,3209.567164
2026/02/05/00:13:02,apply-time,rs-003142-6vdhh,6ab36ddb-fbc8-4a76-9ea7-65c605d34442,1,3209.567164
2026/02/05/00:13:02,apply-time,rs-003143-5vh29,fa5d9087-52c0-4541-b169-8ba6063ebe11,1,3209.567164
2026/02/05/00:13:03,apply-time,rs-003143-k8nbz,f955ee8c-7572-4f20-9ad2-8130288867d2,1,3209.567164
2026/02/05/00:13:03,apply-time,rs-003143-p25b6,0ed39f79-ca7f-4e53-83d2-2ccee82ce19d,1,3209.567164
2026/02/05/00:13:03,apply-time,rs-003144-nlgkz,4828a424-ea18-49eb-af49-f4cdd848e23a,1,3209.567164
2026/02/05/00:13:03,apply-time,rs-003144-wfhzf,2f9355b5-47b2-4e80-aae0-013232a13a0b,1,3210.567164
2026/02/05/00:13:03,apply-time,rs-003145-5ms9c,1d49cc92-5ce3-49d5-923e-63511202bb75,1,3209.567164
2026/02/05/00:13:03,running-time,rs-003145-5ms9c,1d49cc92-5ce3-49d5-923e-63511202bb75,1,3209.567164
2026/02/05/00:13:03,apply-time,rs-003145-vqw5d,e52269b9-c26d-4ecf-ac4d-16e80be9d976,1,3210.567164
2026/02/05/00:13:03,apply-time,rs-003146-kdnvp,4e36f6d2-3358-4d8c-beab-6d3f53451504,1,3210.567164
2026/02/05/00:13:03,apply-time,rs-003146-wzxdm,e4521c12-48a0-4ab0-8cc1-dd4b7588d0b6,1,3210.567164
2026/02/05/00:13:03,apply-time,rs-003146-xcmmx,e591f5eb-a9a2-4035-af5e-98f80ff215a3,1,3210.567164
2026/02/05/00:13:04,running-time,rs-003140-5vz4f,ec3b73d7-a9b8-44e6-b3b0-7cf36ce91fbd,1,3210.567164
2026/02/05/00:13:05,running-time,rs-003140-4tbz7,2edbe0a7-3ba5-42d5-90f7-41c4e3e5d45c,1,3212.567164
2026/02/05/00:13:06,running-time,rs-003132-pf267,10a31ab9-b17b-47a6-bfd2-2ea4941b73de,1,3212.567164
2026/02/05/00:13:12,running-time,rs-003143-5vh29,fa5d9087-52c0-4541-b169-8ba6063ebe11,1,3218.567164
2026/02/05/00:13:12,running-time,rs-003143-k8nbz,f955ee8c-7572-4f20-9ad2-8130288867d2,1,3218.567164
2026/02/05/00:13:12,running-time,rs-003143-p25b6,0ed39f79-ca7f-4e53-83d2-2ccee82ce19d,1,3218.567164
2026/02/05/00:13:13,apply-time,rs-003147-6rnl4,11dde37f-40aa-4188-b35d-83aa73582b23,1,3220.567164
2026/02/05/00:13:13,apply-time,rs-003147-7flpg,de1d901b-e3ab-4a28-a631-5a3a9bc47d86,1,3220.567164
2026/02/05/00:13:13,apply-time,rs-003147-xc7gc,f15d4372-f29c-4288-add3-92523d53e0ca,1,3220.567164
2026/02/05/00:13:13,apply-time,rs-003148-4h65g,f4cfb757-0248-4ce0-b4b9-8d9487eb3a92,1,3220.567164
2026/02/05/00:13:13,running-time,rs-003148-4h65g,f4cfb757-0248-4ce0-b4b9-8d9487eb3a92,1,3220.567164
2026/02/05/00:13:13,apply-time,rs-003148-tcj2z,0b987900-ffde-448d-9f1d-e973d24b51df,1,3220.567164
2026/02/05/00:13:13,running-time,rs-003148-tcj2z,0b987900-ffde-448d-9f1d-e973d24b51df,1,3220.567164
2026/02/05/00:13:13,apply-time,rs-003148-wpzq6,c08645a9-3ddd-43a1-ad5f-a921b9c484b4,1,3220.567164
2026/02/05/00:13:13,running-time,rs-003148-wpzq6,c08645a9-3ddd-43a1-ad5f-a921b9c484b4,1,3220.567164
2026/02/05/00:13:13,apply-time,rs-003149-5cfn4,73b18c89-45f5-42e1-98da-7210f4642048,1,3220.567164
2026/02/05/00:13:13,running-time,rs-003149-5cfn4,73b18c89-45f5-42e1-98da-7210f4642048,1,3220.567164
2026/02/05/00:13:17,apply-time,rs-003150-kr8vw,0b09d098-437f-4248-86f2-aec17cc18b45,1,3224.567164
2026/02/05/00:13:17,apply-time,rs-003151-fz5nc,56254123-638c-484e-acd0-f9f37e8c1ee2,1,3224.567164
2026/02/05/00:13:17,apply-time,rs-003151-ldbn6,2e0030da-1b3a-428d-b546-e5276583e794,1,3224.567164
2026/02/05/00:13:17,apply-time,rs-003152-fs4h6,a6e71c5a-b633-4bae-bcf8-64bc595238d1,1,3224.567164
2026/02/05/00:13:18,running-time,rs-003150-kr8vw,0b09d098-437f-4248-86f2-aec17cc18b45,1,3225.567164
2026/02/05/00:13:18,running-time,rs-003151-fz5nc,56254123-638c-484e-acd0-f9f37e8c1ee2,1,3225.567164
2026/02/05/00:13:18,apply-time,rs-003152-6xnpg,fb130055-dc4e-4838-98d0-bacbc6b2abba,1,3224.567164
2026/02/05/00:13:18,running-time,rs-003152-fs4h6,a6e71c5a-b633-4bae-bcf8-64bc595238d1,1,3224.567164
2026/02/05/00:13:18,apply-time,rs-003153-lp8kc,ae2b2cbe-f370-43c9-a15e-94b2db2cea07,1,3224.567164
2026/02/05/00:13:18,running-time,rs-003153-lp8kc,ae2b2cbe-f370-43c9-a15e-94b2db2cea07,1,3225.567164
2026/02/05/00:13:18,apply-time,rs-003154-rcdlb,f3f82e1d-d031-4571-a099-a29a9ff44f2b,1,3225.567164
2026/02/05/00:13:18,running-time,rs-003154-rcdlb,f3f82e1d-d031-4571-a099-a29a9ff44f2b,1,3225.567164
2026/02/05/00:13:18,apply-time,rs-003154-vqgxv,e8558cb6-8517-4399-8833-44bcdbf22042,1,3225.567164
2026/02/05/00:13:18,running-time,rs-003154-vqgxv,e8558cb6-8517-4399-8833-44bcdbf22042,1,3225.567164
2026/02/05/00:13:18,apply-time,rs-003155-dgpmw,29f80612-ff3a-4770-8e6e-e8e26cc84768,1,3225.567164
2026/02/05/00:13:20,running-time,rs-003155-dgpmw,29f80612-ff3a-4770-8e6e-e8e26cc84768,1,3226.567164
2026/02/05/00:13:21,running-time,rs-003147-xc7gc,f15d4372-f29c-4288-add3-92523d53e0ca,1,3227.567164
2026/02/05/00:13:21,running-time,rs-003151-ldbn6,2e0030da-1b3a-428d-b546-e5276583e794,1,3227.567164
2026/02/05/00:13:22,apply-time,rs-003156-8xx7v,200d016e-a451-481b-aff9-244aaed270ac,1,3229.567164
2026/02/05/00:13:22,running-time,rs-003156-8xx7v,200d016e-a451-481b-aff9-244aaed270ac,1,3229.567164
2026/02/05/00:13:22,apply-time,rs-003156-dxzk5,d3e64a2c-5b2a-4807-9992-18c55e2e498d,1,3229.567164
2026/02/05/00:13:22,apply-time,rs-003156-nrfhm,c0368637-38cc-45d1-a8f0-6eb41a82694c,1,3229.567164
2026/02/05/00:13:22,running-time,rs-003156-nrfhm,c0368637-38cc-45d1-a8f0-6eb41a82694c,1,3229.567164
2026/02/05/00:13:22,apply-time,rs-003157-j9s4r,8d0a1f65-5bd6-4011-8dd3-e26660c9b7e7,1,3229.567164
2026/02/05/00:13:22,apply-time,rs-003157-qq97r,78930084-44dc-460e-b700-6689b58d7c69,1,3229.567164
2026/02/05/00:13:22,apply-time,rs-003158-c9l8h,c53a58f2-cc56-4f7b-849a-faa4473ab0ab,1,3229.567164
2026/02/05/00:13:22,running-time,rs-003158-c9l8h,c53a58f2-cc56-4f7b-849a-faa4473ab0ab,1,3229.567164
2026/02/05/00:13:22,apply-time,rs-003159-fxlsz,122a31fb-47c0-4992-bbb5-1ba8cac4f95a,1,3229.567164
2026/02/05/00:13:22,apply-time,rs-003159-qm7x7,5f4922d6-1b46-4b7a-afc6-54ccf40a6eaa,1,3229.567164
2026/02/05/00:13:22,apply-time,rs-003159-w6grk,e95e518a-696e-4c26-8ad7-855ab6744087,1,3229.567164
2026/02/05/00:13:22,apply-time,rs-003160-c7m2h,e6d47b7c-33f3-48ad-a140-40dae2a6a27a,1,3229.567164
2026/02/05/00:13:22,apply-time,rs-003161-2wxjb,a9817c49-f68f-4881-8d26-206dbdbf0356,1,3229.567164
2026/02/05/00:13:22,apply-time,rs-003162-fll99,2ac9403b-ac69-42a7-80b0-992f3e96e710,1,3229.567164
2026/02/05/00:13:23,running-time,rs-003157-qq97r,78930084-44dc-460e-b700-6689b58d7c69,1,3229.567164
2026/02/05/00:13:23,apply-time,rs-003162-tk6zr,7c3c1fb0-df8d-4dda-8267-8b816db7957f,1,3229.567164
2026/02/05/00:13:23,running-time,rs-003162-tk6zr,7c3c1fb0-df8d-4dda-8267-8b816db7957f,1,3230.567164
2026/02/05/00:13:23,apply-time,rs-003163-7c6xm,4d5ba1dc-8011-46de-a253-4218f5db4bb1,1,3229.567164
2026/02/05/00:13:23,running-time,rs-003163-7c6xm,4d5ba1dc-8011-46de-a253-4218f5db4bb1,1,3229.567164
2026/02/05/00:13:23,apply-time,rs-003164-929tk,dcd38f76-e872-4300-ad05-d1d7b4840ce8,1,3230.567164
2026/02/05/00:13:23,apply-time,rs-003164-p4w4n,7eba26f0-cf50-4c20-83fb-7d97096e14c4,1,3230.567164
2026/02/05/00:13:23,apply-time,rs-003164-q2nvx,f527d8a9-19f6-42f3-a226-03d6d7c9e5cd,1,3230.567164
2026/02/05/00:13:23,apply-time,rs-003165-mdp2k,1311dbab-6b8d-4d34-9c4f-4352805d70cb,1,3229.567164
2026/02/05/00:13:23,running-time,rs-003165-mdp2k,1311dbab-6b8d-4d34-9c4f-4352805d70cb,1,3229.567164
2026/02/05/00:13:23,apply-time,rs-003166-hgd8j,d764fe71-ff5e-4250-ab71-3db01997a2bc,1,3230.567164
2026/02/05/00:13:23,apply-time,rs-003167-622qv,1a17dab1-ea7f-4760-837d-a08f80fd7c77,1,3230.567164
2026/02/05/00:13:23,running-time,rs-003167-622qv,1a17dab1-ea7f-4760-837d-a08f80fd7c77,1,3230.567164
2026/02/05/00:13:23,apply-time,rs-003168-bktvg,19d11912-a434-4d54-9356-8f7141637558,1,3230.567164
2026/02/05/00:13:23,apply-time,rs-003169-dk9j5,f371756e-92de-45e1-a0cb-d46555927e0b,1,3230.567164
2026/02/05/00:13:24,running-time,rs-003159-w6grk,e95e518a-696e-4c26-8ad7-855ab6744087,1,3230.567164
2026/02/05/00:13:24,apply-time,rs-003170-jkdht,531a8e0a-e70e-4b86-8994-ef8299d4b566,1,3231.567164
2026/02/05/00:13:24,apply-time,rs-003170-pmg7z,7d4313a5-0d82-49b6-9b3e-2f1bf5c1c828,1,3230.567164
2026/02/05/00:13:24,apply-time,rs-003171-qfpbz,ed44f004-a6af-4076-9874-f4d121350390,1,3231.567164
2026/02/05/00:13:24,apply-time,rs-003171-sfmmw,50adcdba-7723-44f9-be5c-757630200adb,1,3231.567164
2026/02/05/00:13:24,apply-time,rs-003172-9x7xj,a672031b-acfb-4bd5-9062-b785216a7d11,1,3231.567164
2026/02/05/00:13:24,apply-time,rs-003172-rkkx7,df996611-1110-4788-aa08-e8ffa1455a3f,1,3231.567164
2026/02/05/00:13:24,apply-time,rs-003173-fwkqw,777a0396-32e5-469a-a3fe-f58c31fdf41e,1,3231.567164
2026/02/05/00:13:25,running-time,rs-003159-fxlsz,122a31fb-47c0-4992-bbb5-1ba8cac4f95a,1,3232.567164
2026/02/05/00:13:25,running-time,rs-003170-jkdht,531a8e0a-e70e-4b86-8994-ef8299d4b566,1,3232.567164
2026/02/05/00:13:25,running-time,rs-003170-pmg7z,7d4313a5-0d82-49b6-9b3e-2f1bf5c1c828,1,3231.567164
2026/02/05/00:13:25,running-time,rs-003171-qfpbz,ed44f004-a6af-4076-9874-f4d121350390,1,3232.567164
2026/02/05/00:13:25,running-time,rs-003172-9x7xj,a672031b-acfb-4bd5-9062-b785216a7d11,1,3232.567164
2026/02/05/00:13:25,running-time,rs-003172-rkkx7,df996611-1110-4788-aa08-e8ffa1455a3f,1,3232.567164
2026/02/05/00:13:26,running-time,rs-003162-fll99,2ac9403b-ac69-42a7-80b0-992f3e96e710,1,3233.567164
2026/02/05/00:13:26,running-time,rs-003173-fwkqw,777a0396-32e5-469a-a3fe-f58c31fdf41e,1,3233.567164
2026/02/05/00:13:29,running-time,rs-003171-sfmmw,50adcdba-7723-44f9-be5c-757630200adb,1,3236.567164
2026/02/05/00:13:29,apply-time,rs-003174-scf8k,031c54c8-e00b-4833-ab90-ed4f94e445c1,1,3236.567164
2026/02/05/00:13:29,running-time,rs-003174-scf8k,031c54c8-e00b-4833-ab90-ed4f94e445c1,1,3236.567164
2026/02/05/00:13:29,apply-time,rs-003175-x5jxl,9bfd765c-d989-488b-be84-46fdc54c47eb,1,3236.567164
2026/02/05/00:13:32,apply-time,rs-003176-s9fx5,8b9d7287-1807-402d-ab13-4bd97f8f78bf,1,3238.567164
2026/02/05/00:13:32,running-time,rs-003176-s9fx5,8b9d7287-1807-402d-ab13-4bd97f8f78bf,1,3238.567164
2026/02/05/00:13:33,running-time,rs-003175-x5jxl,9bfd765c-d989-488b-be84-46fdc54c47eb,1,3240.567164
2026/02/05/00:13:35,apply-time,rs-003177-c6sd5,8ac0f905-ac28-41e3-aed4-48352d594872,1,3241.567164
2026/02/05/00:13:35,running-time,rs-003177-c6sd5,8ac0f905-ac28-41e3-aed4-48352d594872,1,3241.567164
2026/02/05/00:13:35,apply-time,rs-003177-v6x49,eea451c0-e675-4af8-8ed1-95fce5b3c190,1,3241.567164
2026/02/05/00:13:35,running-time,rs-003177-v6x49,eea451c0-e675-4af8-8ed1-95fce5b3c190,1,3242.567164
2026/02/05/00:13:47,apply-time,rs-003178-74hn6,cd1f9ee2-728e-4843-a41b-b2caad57c665,1,3254.567164
2026/02/05/00:13:47,running-time,rs-003178-74hn6,cd1f9ee2-728e-4843-a41b-b2caad57c665,1,3254.567164
2026/02/05/00:13:47,apply-time,rs-003178-rw75n,ea792740-4627-4cd4-a9c9-add9b8e18c5e,1,3254.567164
2026/02/05/00:13:47,running-time,rs-003178-rw75n,ea792740-4627-4cd4-a9c9-add9b8e18c5e,1,3254.567164
2026/02/05/00:13:47,apply-time,rs-003179-28d2f,a50da13e-7b5e-44a2-92ae-4ee9760f983e,1,3254.567164
2026/02/05/00:13:47,running-time,rs-003179-28d2f,a50da13e-7b5e-44a2-92ae-4ee9760f983e,1,3254.567164
2026/02/05/00:13:47,apply-time,rs-003179-hlvpm,11c80fe4-4472-4381-ae0c-d7dbf7c849e0,1,3254.567164
2026/02/05/00:13:47,running-time,rs-003179-hlvpm,11c80fe4-4472-4381-ae0c-d7dbf7c849e0,1,3254.567164
2026/02/05/00:13:47,apply-time,rs-003179-rjfhc,9db65716-4141-41a4-a1df-e150f3e90f10,1,3254.567164
2026/02/05/00:13:47,running-time,rs-003179-rjfhc,9db65716-4141-41a4-a1df-e150f3e90f10,1,3254.567164
2026/02/05/00:13:47,apply-time,rs-003180-p4q7j,389a5a12-c64b-43bd-aeab-18f75ca85f20,1,3254.567164
2026/02/05/00:13:47,apply-time,rs-003181-7tpbv,515602f5-8cb0-42a3-bba6-b9adcb970d3a,1,3254.567164
2026/02/05/00:13:47,running-time,rs-003181-7tpbv,515602f5-8cb0-42a3-bba6-b9adcb970d3a,1,3254.567164
2026/02/05/00:13:47,apply-time,rs-003181-hhvpw,d1b6df3d-d99d-4e5e-9bd2-86d246f7939e,1,3254.567164
2026/02/05/00:13:47,apply-time,rs-003182-zmkdg,e946e263-b06a-4a79-be22-6630d672829c,1,3254.567164
2026/02/05/00:13:47,running-time,rs-003182-zmkdg,e946e263-b06a-4a79-be22-6630d672829c,1,3254.567164
2026/02/05/00:13:48,running-time,rs-003181-hhvpw,d1b6df3d-d99d-4e5e-9bd2-86d246f7939e,1,3255.567164
2026/02/05/00:13:49,apply-time,rs-003183-hmc5r,e487593a-d68f-4e01-b38b-ee086f415a06,1,3256.567164
2026/02/05/00:13:49,running-time,rs-003183-hmc5r,e487593a-d68f-4e01-b38b-ee086f415a06,1,3256.567164
2026/02/05/00:13:49,apply-time,rs-003184-22pzz,7a97bc00-38c5-427f-8aa2-ef1413083642,1,3256.567164
2026/02/05/00:13:49,apply-time,rs-003185-d6jsp,90599bfe-f6ad-45ef-b711-747a82cd4f10,1,3256.567164
2026/02/05/00:13:49,apply-time,rs-003185-mfpvk,8ab7a303-7bbc-4054-a884-8a0433b2f9bf,1,3256.567164
2026/02/05/00:13:49,apply-time,rs-003185-skv42,d140748f-c7c1-4870-b3ff-bfbc8d5dc757,1,3256.567164
2026/02/05/00:13:49,apply-time,rs-003186-756vs,1e23f45a-a650-4cac-9b64-5ae103d4e200,1,3256.567164
2026/02/05/00:13:49,running-time,rs-003186-756vs,1e23f45a-a650-4cac-9b64-5ae103d4e200,1,3256.567164
2026/02/05/00:13:49,apply-time,rs-003186-qttx6,5084af2e-e30d-4ab4-97d4-f37b1b4aaf1c,1,3256.567164
2026/02/05/00:13:49,running-time,rs-003186-qttx6,5084af2e-e30d-4ab4-97d4-f37b1b4aaf1c,1,3256.567164
2026/02/05/00:13:49,apply-time,rs-003187-6bscq,cf004b05-245f-4ee5-95cf-7ca3cdef25d5,1,3256.567164
2026/02/05/00:13:49,running-time,rs-003187-6bscq,cf004b05-245f-4ee5-95cf-7ca3cdef25d5,1,3256.567164
2026/02/05/00:13:49,apply-time,rs-003187-6rszw,0fbb2b17-5c98-44cd-9ae8-00e57d739950,1,3256.567164
2026/02/05/00:13:49,running-time,rs-003187-6rszw,0fbb2b17-5c98-44cd-9ae8-00e57d739950,1,3256.567164
2026/02/05/00:13:49,apply-time,rs-003187-xxw6c,f1ccee8d-9598-4fcd-a8ad-19609426de8a,1,3256.567164
2026/02/05/00:13:49,running-time,rs-003187-xxw6c,f1ccee8d-9598-4fcd-a8ad-19609426de8a,1,3256.567164
2026/02/05/00:13:50,apply-time,rs-003188-gdnjj,cb7012d1-ac86-4bc0-90a8-250e92b58930,1,3257.567164
2026/02/05/00:13:50,apply-time,rs-003188-rq4fl,5a219fcd-5343-4069-a8d6-a7ba4c7d9b75,1,3256.567164
2026/02/05/00:13:50,apply-time,rs-003189-vctjc,fa8be1db-f972-4132-9356-515d53570d25,1,3257.567164
2026/02/05/00:13:50,running-time,rs-003189-vctjc,fa8be1db-f972-4132-9356-515d53570d25,1,3257.567164
2026/02/05/00:13:59,running-time,rs-003180-p4q7j,389a5a12-c64b-43bd-aeab-18f75ca85f20,1,3266.567164
2026/02/05/00:14:01,apply-time,rs-003190-8dlzm,7237d2a0-4ad9-4478-affa-48668884c764,1,3268.567164
2026/02/05/00:14:02,running-time,rs-003190-8dlzm,7237d2a0-4ad9-4478-affa-48668884c764,1,3268.567164
2026/02/05/00:14:02,apply-time,rs-003191-bnsq2,7183ff4b-e1c0-405a-8ba8-2a1c41590450,1,3268.567164
2026/02/05/00:14:02,running-time,rs-003191-bnsq2,7183ff4b-e1c0-405a-8ba8-2a1c41590450,1,3268.567164
2026/02/05/00:14:02,apply-time,rs-003191-cj6kn,2f2b4e40-d06e-499a-98da-c38ebc352bbb,1,3268.567164
2026/02/05/00:14:02,running-time,rs-003191-cj6kn,2f2b4e40-d06e-499a-98da-c38ebc352bbb,1,3268.567164
2026/02/05/00:14:02,apply-time,rs-003192-bbwvk,43fdcf77-7d8e-49b2-b7ad-d05e24b9b645,1,3268.567164
2026/02/05/00:14:02,running-time,rs-003192-bbwvk,43fdcf77-7d8e-49b2-b7ad-d05e24b9b645,1,3268.567164
2026/02/05/00:14:02,apply-time,rs-003193-7htv4,d08b6aa2-dc86-4688-bd5d-721222ec1944,1,3269.567164
2026/02/05/00:14:02,apply-time,rs-003193-vnpc5,a703d5ed-a4fe-4d75-980a-f0bc3ead555e,1,3269.567164
2026/02/05/00:14:02,apply-time,rs-003194-k69dm,51b808e0-617f-4144-9382-17f4e98d77fa,1,3269.567164
2026/02/05/00:14:02,apply-time,rs-003194-kdbfg,f58611f5-250b-4839-9ef7-08feb2e5801c,1,3269.567164
2026/02/05/00:14:02,running-time,rs-003194-kdbfg,f58611f5-250b-4839-9ef7-08feb2e5801c,1,3269.567164
2026/02/05/00:14:02,apply-time,rs-003195-s94rw,d3b80d1e-10dc-40a7-9cd2-d0904e621744,1,3269.567164
2026/02/05/00:14:02,apply-time,rs-003195-zhlw7,f0c450fc-a68b-45f7-91a8-c6a978c6b712,1,3269.567164
2026/02/05/00:14:02,apply-time,rs-003196-rbj82,d212986d-55a4-4b6d-8939-38bbb19bdbcd,1,3269.567164
2026/02/05/00:14:03,apply-time,rs-003197-62grk,18244fdf-0f08-432c-8746-9a61be736e7c,1,3270.567164
2026/02/05/00:14:03,apply-time,rs-003197-n6kn8,57668f4a-822d-42d4-a924-454cf2fd5a89,1,3270.567164
2026/02/05/00:14:04,apply-time,rs-003198-gff4s,ad3a0083-6645-40ad-b533-71aaffb359c8,1,3271.567164
2026/02/05/00:14:05,running-time,rs-003193-7htv4,d08b6aa2-dc86-4688-bd5d-721222ec1944,1,3272.567164
2026/02/05/00:14:05,running-time,rs-003193-vnpc5,a703d5ed-a4fe-4d75-980a-f0bc3ead555e,1,3272.567164
2026/02/05/00:14:05,running-time,rs-003194-k69dm,51b808e0-617f-4144-9382-17f4e98d77fa,1,3272.567164
2026/02/05/00:14:05,running-time,rs-003196-rbj82,d212986d-55a4-4b6d-8939-38bbb19bdbcd,1,3272.567164
2026/02/05/00:14:07,apply-time,rs-003199-t65lq,a9a3e1a5-0ac6-4964-8303-ad04d96ad216,1,3274.567164
2026/02/05/00:14:07,running-time,rs-003199-t65lq,a9a3e1a5-0ac6-4964-8303-ad04d96ad216,1,3274.567164
2026/02/05/00:14:07,apply-time,rs-003200-jrw42,59be3e30-8fee-4e36-9ef7-55be10033575,1,3274.567164
2026/02/05/00:14:07,apply-time,rs-003201-wkppj,4db23875-aa57-4ead-b666-c89d9aadcb2e,1,3274.567164
2026/02/05/00:14:07,running-time,rs-003201-wkppj,4db23875-aa57-4ead-b666-c89d9aadcb2e,1,3274.567164
2026/02/05/00:14:07,apply-time,rs-003202-4thdk,c01a22b4-d8d5-4174-9718-426933d0cf0b,1,3274.567164
2026/02/05/00:14:07,running-time,rs-003202-4thdk,c01a22b4-d8d5-4174-9718-426933d0cf0b,1,3274.567164
2026/02/05/00:14:07,apply-time,rs-003203-4lp2p,5b6a8db2-e42d-43d8-95b6-a0029a0633f5,1,3274.567164
2026/02/05/00:14:07,apply-time,rs-003204-28tmw,74cfa82e-f39d-48c1-b8db-bf70542cc639,1,3274.567164
2026/02/05/00:14:07,apply-time,rs-003204-4rfbg,1cc4c775-8e10-4d71-bfdf-8eae69dcff25,1,3274.567164
2026/02/05/00:14:07,apply-time,rs-003204-v96gg,ec431fae-b33f-4c3f-aa79-3c59ddec2813,1,3274.567164
2026/02/05/00:14:07,apply-time,rs-003205-6kwmp,ce9f75c8-491e-43f7-8051-f8f39da05b14,1,3274.567164
2026/02/05/00:14:07,apply-time,rs-003205-lgf8h,896d864c-cab6-45bb-9e8f-6f92e771fc83,1,3274.567164
2026/02/05/00:14:07,apply-time,rs-003206-6qh5w,711902b2-8892-4a74-9ff2-2514951f54a9,1,3274.567164
2026/02/05/00:14:07,apply-time,rs-003206-bqs9d,440a554f-74b5-4f6d-9df5-98d566b4ecd6,1,3274.567164
2026/02/05/00:14:07,apply-time,rs-003207-m9b7t,74fd7f47-85a2-4880-8bc4-38af91f4d159,1,3274.567164
2026/02/05/00:14:08,apply-time,rs-003207-kzndv,1e49dcae-90ac-4bff-879f-90238d44f23a,1,3274.567164
2026/02/05/00:14:08,apply-time,rs-003207-nrtfq,e9f2d5ca-3a6c-4306-9a2d-fbe297b7cf99,1,3274.567164
2026/02/05/00:14:08,apply-time,rs-003208-cc22h,77673dd4-9735-4ff7-85a0-b95e042e30f3,1,3275.567164
2026/02/05/00:14:09,running-time,rs-003203-4lp2p,5b6a8db2-e42d-43d8-95b6-a0029a0633f5,1,3275.567164
2026/02/05/00:14:09,running-time,rs-003207-kzndv,1e49dcae-90ac-4bff-879f-90238d44f23a,1,3276.567164
2026/02/05/00:14:09,running-time,rs-003207-m9b7t,74fd7f47-85a2-4880-8bc4-38af91f4d159,1,3276.567164
2026/02/05/00:14:09,running-time,rs-003207-nrtfq,e9f2d5ca-3a6c-4306-9a2d-fbe297b7cf99,1,3276.567164
2026/02/05/00:14:09,running-time,rs-003208-cc22h,77673dd4-9735-4ff7-85a0-b95e042e30f3,1,3276.567164
2026/02/05/00:14:10,running-time,rs-003198-gff4s,ad3a0083-6645-40ad-b533-71aaffb359c8,1,3276.567164
2026/02/05/00:14:10,apply-time,rs-003209-96lh4,c51f6536-f531-4f2e-82cb-a2c9960676cf,1,3277.567164
2026/02/05/00:14:10,apply-time,rs-003209-9qn2s,23bb8d87-1402-418e-84ea-083306e51a60,1,3277.567164
2026/02/05/00:14:10,apply-time,rs-003210-2ln5l,1814161a-b773-4e35-86a4-b58482953c5a,1,3277.567164
2026/02/05/00:14:10,apply-time,rs-003210-jxl5q,ea2f3f1b-147e-4ef7-9aa1-74d97886a51e,1,3277.567164
2026/02/05/00:14:10,apply-time,rs-003211-nx4gq,a6798bf3-0a63-4440-86ee-6f78036fdefb,1,3277.567164
2026/02/05/00:14:10,apply-time,rs-003211-swgpd,0498952e-f874-470b-85db-5845d80ac8b7,1,3277.567164
2026/02/05/00:14:10,apply-time,rs-003212-9c6kv,21f487c9-f621-4a14-961f-96753289e356,1,3277.567164
2026/02/05/00:14:10,apply-time,rs-003212-jfxd7,45fd4ebe-ae5d-4e8c-950b-0c9971d8774c,1,3277.567164
2026/02/05/00:14:10,apply-time,rs-003213-82444,d4dfea11-4709-4eb8-ab7f-4adc559d5faf,1,3277.567164
2026/02/05/00:14:11,running-time,rs-003212-9c6kv,21f487c9-f621-4a14-961f-96753289e356,1,3278.567164
2026/02/05/00:14:11,running-time,rs-003212-jfxd7,45fd4ebe-ae5d-4e8c-950b-0c9971d8774c,1,3278.567164
2026/02/05/00:14:11,running-time,rs-003213-82444,d4dfea11-4709-4eb8-ab7f-4adc559d5faf,1,3278.567164
2026/02/05/00:14:11,apply-time,rs-003214-j6bg5,f2986a89-a7b9-4617-8a6a-4b8b296a2f32,1,3277.567164
2026/02/05/00:14:11,running-time,rs-003214-j6bg5,f2986a89-a7b9-4617-8a6a-4b8b296a2f32,1,3278.567164
2026/02/05/00:14:11,apply-time,rs-003214-sqczd,d333625b-e472-464b-a4d2-8e3bc17ae65b,1,3277.567164
2026/02/05/00:14:11,running-time,rs-003214-sqczd,d333625b-e472-464b-a4d2-8e3bc17ae65b,1,3277.567164
2026/02/05/00:14:11,apply-time,rs-003215-87vxs,2ebdd2da-99f0-41d2-88aa-1d409800a389,1,3278.567164
2026/02/05/00:14:11,apply-time,rs-003215-9mxwh,018ef64b-4c8d-4ecc-b091-7d97894061f6,1,3278.567164
2026/02/05/00:14:11,apply-time,rs-003215-cmqsn,ed8386e1-6ac1-4383-897b-390799bb05d3,1,3278.567164
2026/02/05/00:14:11,apply-time,rs-003216-xrggp,08fac822-cf26-4cc7-b7c2-683e92e7d8f8,1,3278.567164
2026/02/05/00:14:11,running-time,rs-003216-xrggp,08fac822-cf26-4cc7-b7c2-683e92e7d8f8,1,3278.567164
2026/02/05/00:14:12,running-time,rs-003211-nx4gq,a6798bf3-0a63-4440-86ee-6f78036fdefb,1,3278.567164
2026/02/05/00:14:16,apply-time,rs-003217-cc75s,2d776ebc-65f1-4181-8722-69222959db2a,1,3282.567164
2026/02/05/00:14:16,apply-time,rs-003217-dbfvk,19280fb1-629d-4c67-bb28-c8ffa4281ddf,1,3282.567164
2026/02/05/00:14:16,apply-time,rs-003217-wntkh,e1fc9a82-27c4-4008-b0c8-f29895e3df7b,1,3282.567164
2026/02/05/00:14:16,apply-time,rs-003218-s79hp,005bb4ff-ff6a-4fde-a38c-64c4157a794a,1,3283.567164
2026/02/05/00:14:16,running-time,rs-003218-s79hp,005bb4ff-ff6a-4fde-a38c-64c4157a794a,1,3283.567164
2026/02/05/00:14:16,apply-time,rs-003219-rxzf9,6dfa9e05-4f09-460c-bf99-73ef4fa09269,1,3283.567164
2026/02/05/00:14:16,running-time,rs-003219-rxzf9,6dfa9e05-4f09-460c-bf99-73ef4fa09269,1,3283.567164
2026/02/05/00:14:19,apply-time,rs-003220-4jl4f,b1d9a36b-fb1e-4e1e-b3df-a5ea1d01b42e,1,3285.567164
2026/02/05/00:14:19,running-time,rs-003220-4jl4f,b1d9a36b-fb1e-4e1e-b3df-a5ea1d01b42e,1,3286.567164
2026/02/05/00:14:19,apply-time,rs-003221-92jgl,940ad96c-629d-4cf6-b2ff-5ce07fa0ca84,1,3286.567164
2026/02/05/00:14:19,apply-time,rs-003221-k68vx,8f013b00-d340-4c63-87c9-4ff3b7cb701e,1,3286.567164
2026/02/05/00:14:19,apply-time,rs-003221-ps9g2,2719358e-b4da-43c9-b9fa-a49e034fb1dc,1,3285.567164
2026/02/05/00:14:19,running-time,rs-003221-ps9g2,2719358e-b4da-43c9-b9fa-a49e034fb1dc,1,3286.567164
2026/02/05/00:14:19,apply-time,rs-003222-kfrwr,a6521194-df1d-4b60-b845-a202c750aa54,1,3285.567164
2026/02/05/00:14:19,running-time,rs-003222-kfrwr,a6521194-df1d-4b60-b845-a202c750aa54,1,3286.567164
2026/02/05/00:14:19,apply-time,rs-003222-lk799,da3e41bb-175c-4e7f-8ce8-f9c1c2680611,1,3285.567164
2026/02/05/00:14:19,apply-time,rs-003222-vvjjs,338903d3-5618-4de7-ac9d-930d352aa20f,1,3285.567164
2026/02/05/00:14:19,running-time,rs-003222-vvjjs,338903d3-5618-4de7-ac9d-930d352aa20f,1,3285.567164
2026/02/05/00:14:20,running-time,rs-003222-lk799,da3e41bb-175c-4e7f-8ce8-f9c1c2680611,1,3287.567164
2026/02/05/00:14:21,running-time,rs-003221-92jgl,940ad96c-629d-4cf6-b2ff-5ce07fa0ca84,1,3288.567164
2026/02/05/00:14:22,running-time,rs-003211-swgpd,0498952e-f874-470b-85db-5845d80ac8b7,1,3289.567164
2026/02/05/00:14:22,running-time,rs-003221-k68vx,8f013b00-d340-4c63-87c9-4ff3b7cb701e,1,3289.567164
2026/02/05/00:14:25,apply-time,rs-003223-msz89,3832629e-3be0-43cd-891c-a1c488002e18,1,3292.567164
2026/02/05/00:14:25,apply-time,rs-003224-5s7n4,68903eed-9ac3-4b7e-a6a3-8b30dea6c0ec,1,3292.567164
2026/02/05/00:14:25,apply-time,rs-003225-jj5lc,1afab68c-07d0-4b3d-b56d-9c35b2f7410d,1,3292.567164
2026/02/05/00:14:25,apply-time,rs-003225-psv4f,669ff2ab-a7de-456e-8692-ff75784ca1c6,1,3292.567164
2026/02/05/00:14:26,apply-time,rs-003226-6qpnh,a8d45e6d-8327-492e-825f-98c6bbebf637,1,3293.567164
2026/02/05/00:14:26,apply-time,rs-003226-84pzr,608daf77-e109-487c-b462-f7e8e3b8855d,1,3293.567164
2026/02/05/00:14:26,apply-time,rs-003226-d6nhr,26b19e6a-5f3c-4c24-b701-58215d1ac660,1,3293.567164
2026/02/05/00:14:26,apply-time,rs-003227-4hwdx,e44577fa-66d1-45a4-9cf0-fc7c3081cf4f,1,3293.567164
2026/02/05/00:14:26,apply-time,rs-003227-vzsnh,56fa2e82-a883-46f0-b245-032c553ba956,1,3293.567164
2026/02/05/00:14:26,apply-time,rs-003228-gnqxq,66929f98-e0e8-4d29-954e-bbdeb41e5341,1,3293.567164
2026/02/05/00:14:27,running-time,rs-003224-5s7n4,68903eed-9ac3-4b7e-a6a3-8b30dea6c0ec,1,3293.567164
2026/02/05/00:14:27,running-time,rs-003226-6qpnh,a8d45e6d-8327-492e-825f-98c6bbebf637,1,3293.567164
2026/02/05/00:14:27,running-time,rs-003226-d6nhr,26b19e6a-5f3c-4c24-b701-58215d1ac660,1,3293.567164
2026/02/05/00:14:28,running-time,rs-003223-msz89,3832629e-3be0-43cd-891c-a1c488002e18,1,3295.567164
2026/02/05/00:14:28,running-time,rs-003225-psv4f,669ff2ab-a7de-456e-8692-ff75784ca1c6,1,3295.567164
2026/02/05/00:14:28,running-time,rs-003227-4hwdx,e44577fa-66d1-45a4-9cf0-fc7c3081cf4f,1,3295.567164
2026/02/05/00:14:29,running-time,rs-003197-62grk,18244fdf-0f08-432c-8746-9a61be736e7c,1,3296.567164
2026/02/05/00:14:30,running-time,rs-003197-n6kn8,57668f4a-822d-42d4-a924-454cf2fd5a89,1,3297.567164
2026/02/05/00:14:31,apply-time,rs-003229-4kg2t,4e11c0c6-7a86-4091-b301-4913e1304a26,1,3298.567164
2026/02/05/00:14:31,running-time,rs-003229-4kg2t,4e11c0c6-7a86-4091-b301-4913e1304a26,1,3298.567164
2026/02/05/00:14:31,apply-time,rs-003229-4znkb,1e78c852-35da-46d8-877a-f8bd8404b609,1,3298.567164
2026/02/05/00:14:31,running-time,rs-003229-4znkb,1e78c852-35da-46d8-877a-f8bd8404b609,1,3298.567164
2026/02/05/00:14:31,apply-time,rs-003229-ws48p,a60602af-1f27-409b-9649-9a65f364fce2,1,3298.567164
2026/02/05/00:14:31,running-time,rs-003229-ws48p,a60602af-1f27-409b-9649-9a65f364fce2,1,3298.567164
2026/02/05/00:14:31,apply-time,rs-003230-vmdtg,15db9a4b-b554-4711-9c17-3bdbde2af8d4,1,3298.567164
2026/02/05/00:14:31,running-time,rs-003230-vmdtg,15db9a4b-b554-4711-9c17-3bdbde2af8d4,1,3298.567164
2026/02/05/00:14:31,apply-time,rs-003231-sdj6t,cecdeebc-cb11-4e0f-9eb5-03783c152155,1,3298.567164
2026/02/05/00:14:31,apply-time,rs-003232-cgpsn,b22309ac-f6fc-4339-82e3-e2f20aa17a6c,1,3298.567164
2026/02/05/00:14:31,apply-time,rs-003232-cxlmc,21496f04-28f6-475f-9091-dbf4a590310c,1,3298.567164
2026/02/05/00:14:31,apply-time,rs-003233-c8glb,66530188-2b97-4a69-9d86-d839289b8676,1,3298.567164
2026/02/05/00:14:32,apply-time,rs-003234-gk9hq,7233c9a1-6ee0-449e-b5c5-13a0cdf3f257,1,3299.567164
2026/02/05/00:14:32,running-time,rs-003234-gk9hq,7233c9a1-6ee0-449e-b5c5-13a0cdf3f257,1,3299.567164
2026/02/05/00:14:45,apply-time,rs-003235-h8wq5,888fc3f4-8e26-4d50-a528-59d3bc47ed2a,1,3312.567164
2026/02/05/00:14:45,running-time,rs-003235-h8wq5,888fc3f4-8e26-4d50-a528-59d3bc47ed2a,1,3312.567164
2026/02/05/00:14:45,apply-time,rs-003235-lxw2d,aa22eeb5-536a-4043-ae36-1a067ba4fa4d,1,3312.567164
2026/02/05/00:14:45,running-time,rs-003235-lxw2d,aa22eeb5-536a-4043-ae36-1a067ba4fa4d,1,3312.567164
2026/02/05/00:14:45,apply-time,rs-003235-qvtgf,11eb8e6d-12cd-4153-9d5c-ef72a6bd109d,1,3312.567164
2026/02/05/00:14:45,running-time,rs-003235-qvtgf,11eb8e6d-12cd-4153-9d5c-ef72a6bd109d,1,3312.567164
2026/02/05/00:14:45,apply-time,rs-003236-4hlsg,51104a67-50e9-44ba-a009-9b23550b5eda,1,3312.567164
2026/02/05/00:14:45,running-time,rs-003236-4hlsg,51104a67-50e9-44ba-a009-9b23550b5eda,1,3312.567164
2026/02/05/00:14:45,apply-time,rs-003236-mm949,192a6bef-6ffa-43d1-9b3c-bd7e520ca349,1,3312.567164
2026/02/05/00:14:45,running-time,rs-003236-mm949,192a6bef-6ffa-43d1-9b3c-bd7e520ca349,1,3312.567164
2026/02/05/00:14:45,apply-time,rs-003237-kc2zl,54daf8e1-dac0-4c9d-b817-bb07228e4288,1,3312.567164
2026/02/05/00:14:45,running-time,rs-003237-kc2zl,54daf8e1-dac0-4c9d-b817-bb07228e4288,1,3312.567164
2026/02/05/00:14:45,apply-time,rs-003237-zj9zf,9d6c7b27-ba3e-4dd4-9be9-c95f9e928e3e,1,3312.567164
2026/02/05/00:14:45,running-time,rs-003237-zj9zf,9d6c7b27-ba3e-4dd4-9be9-c95f9e928e3e,1,3312.567164
2026/02/05/00:14:45,apply-time,rs-003238-rr4ks,5a5d33a9-fe25-44ac-908f-2ddee6753567,1,3312.567164
2026/02/05/00:14:45,apply-time,rs-003239-x6wtm,3a50b44f-85c0-4416-9288-54c889fddf12,1,3312.567164
2026/02/05/00:14:45,running-time,rs-003239-x6wtm,3a50b44f-85c0-4416-9288-54c889fddf12,1,3312.567164
2026/02/05/00:14:45,apply-time,rs-003240-gk9mz,3ac61041-2bbe-4782-a649-7203ab88aa8c,1,3312.567164
2026/02/05/00:14:45,running-time,rs-003240-gk9mz,3ac61041-2bbe-4782-a649-7203ab88aa8c,1,3312.567164
2026/02/05/00:14:45,apply-time,rs-003240-hjgwc,3fef9b6b-650f-4723-b83e-7509876037b0,1,3312.567164
2026/02/05/00:14:45,running-time,rs-003240-hjgwc,3fef9b6b-650f-4723-b83e-7509876037b0,1,3312.567164
2026/02/05/00:14:45,apply-time,rs-003240-pngq5,913dac4d-5906-4dfe-b7e8-fd9fcfc10029,1,3312.567164
2026/02/05/00:14:45,running-time,rs-003240-pngq5,913dac4d-5906-4dfe-b7e8-fd9fcfc10029,1,3312.567164
2026/02/05/00:14:50,apply-time,rs-003241-6hcxb,437e3406-174e-4aae-932c-782a34bf1172,1,3317.567164
2026/02/05/00:14:50,running-time,rs-003241-6hcxb,437e3406-174e-4aae-932c-782a34bf1172,1,3317.567164
2026/02/05/00:14:50,apply-time,rs-003241-fh95g,11e6c2b9-063a-4376-b267-4b77d38497da,1,3317.567164
2026/02/05/00:14:50,running-time,rs-003241-fh95g,11e6c2b9-063a-4376-b267-4b77d38497da,1,3317.567164
2026/02/05/00:14:50,apply-time,rs-003241-qk28m,f8cd96f2-fe46-4efb-9285-65c5eee84436,1,3317.567164
2026/02/05/00:14:50,running-time,rs-003241-qk28m,f8cd96f2-fe46-4efb-9285-65c5eee84436,1,3317.567164
2026/02/05/00:14:52,apply-time,rs-003242-4xqzn,3737d76c-7c39-4d05-a778-223a0136369b,1,3319.567164
2026/02/05/00:14:52,running-time,rs-003242-4xqzn,3737d76c-7c39-4d05-a778-223a0136369b,1,3319.567164
2026/02/05/00:14:52,apply-time,rs-003242-5cs8f,c9ed2ce9-d06f-4d03-8a2a-a7d3ba4b7226,1,3319.567164
2026/02/05/00:14:52,running-time,rs-003242-5cs8f,c9ed2ce9-d06f-4d03-8a2a-a7d3ba4b7226,1,3319.567164
2026/02/05/00:14:52,apply-time,rs-003242-d9bdk,e18a0291-72f0-42bb-bc92-7f066cb07c89,1,3319.567164
2026/02/05/00:14:52,running-time,rs-003242-d9bdk,e18a0291-72f0-42bb-bc92-7f066cb07c89,1,3319.567164
2026/02/05/00:14:52,apply-time,rs-003243-d2pwg,f3475a04-8059-4e69-8d13-cb684d271d3d,1,3319.567164
2026/02/05/00:14:52,running-time,rs-003243-d2pwg,f3475a04-8059-4e69-8d13-cb684d271d3d,1,3319.567164
2026/02/05/00:14:52,apply-time,rs-003244-85887,d377254f-650a-45a6-8c0e-e0263548c863,1,3319.567164
2026/02/05/00:14:52,apply-time,rs-003244-rpt4h,060cef58-26fa-4348-bd34-0874b86d324e,1,3319.567164
2026/02/05/00:14:52,running-time,rs-003244-rpt4h,060cef58-26fa-4348-bd34-0874b86d324e,1,3319.567164
2026/02/05/00:14:52,apply-time,rs-003244-wqzc2,f8a9cd8e-4b2c-4e90-9527-1f2aff34fb23,1,3319.567164
2026/02/05/00:14:52,apply-time,rs-003245-72zh7,33772457-7ad5-4e18-83ad-c09f2abb642a,1,3319.567164
2026/02/05/00:14:52,apply-time,rs-003245-pdjbg,0d7cdb0b-2e2f-4b1e-b0ce-b139254381a9,1,3319.567164
2026/02/05/00:14:53,running-time,rs-003244-85887,d377254f-650a-45a6-8c0e-e0263548c863,1,3319.567164
2026/02/05/00:14:53,running-time,rs-003244-wqzc2,f8a9cd8e-4b2c-4e90-9527-1f2aff34fb23,1,3319.567164
2026/02/05/00:14:53,running-time,rs-003245-72zh7,33772457-7ad5-4e18-83ad-c09f2abb642a,1,3319.567164
2026/02/05/00:14:53,running-time,rs-003245-pdjbg,0d7cdb0b-2e2f-4b1e-b0ce-b139254381a9,1,3319.567164
2026/02/05/00:14:53,apply-time,rs-003246-f7ch5,b5602d88-3a63-4683-a405-f24c7f8bdc26,1,3319.567164
2026/02/05/00:14:53,running-time,rs-003246-f7ch5,b5602d88-3a63-4683-a405-f24c7f8bdc26,1,3319.567164
2026/02/05/00:14:53,apply-time,rs-003246-klt5r,5ce3d2bf-4d91-41f5-8509-61375f7069d8,1,3319.567164
2026/02/05/00:14:53,apply-time,rs-003246-sf9tp,9e44bca1-b689-44da-993a-6f85bf15e3ac,1,3319.567164
2026/02/05/00:14:53,running-time,rs-003246-sf9tp,9e44bca1-b689-44da-993a-6f85bf15e3ac,1,3319.567164
2026/02/05/00:14:54,running-time,rs-003246-klt5r,5ce3d2bf-4d91-41f5-8509-61375f7069d8,1,3320.567164
2026/02/05/00:14:55,apply-time,rs-003247-2r2z5,8feb0342-7080-492c-97cb-db57dafde80c,1,3322.567164
2026/02/05/00:14:57,running-time,rs-003247-2r2z5,8feb0342-7080-492c-97cb-db57dafde80c,1,3323.567164
2026/02/05/00:14:57,apply-time,rs-003248-sgn6n,c4e51598-6f82-4c7e-a047-85515897f8ab,1,3323.567164
2026/02/05/00:14:57,apply-time,rs-003249-j4rnb,422e0fd9-599f-4b1b-9794-5766bf896bfd,1,3324.567164
2026/02/05/00:14:57,running-time,rs-003249-j4rnb,422e0fd9-599f-4b1b-9794-5766bf896bfd,1,3324.567164
2026/02/05/00:14:57,apply-time,rs-003249-lgh6s,3b8e3da5-244f-4a40-a63e-2b921b3b52d1,1,3324.567164
2026/02/05/00:14:57,running-time,rs-003249-lgh6s,3b8e3da5-244f-4a40-a63e-2b921b3b52d1,1,3324.567164
2026/02/05/00:14:57,apply-time,rs-003249-m55mc,3698517f-e068-40c0-bb84-2f227d081774,1,3324.567164
2026/02/05/00:14:57,running-time,rs-003249-m55mc,3698517f-e068-40c0-bb84-2f227d081774,1,3324.567164
2026/02/05/00:14:57,apply-time,rs-003250-gx8dk,cacf92f1-d3f4-4bbe-be43-c18249a976b1,1,3324.567164
2026/02/05/00:14:57,running-time,rs-003250-gx8dk,cacf92f1-d3f4-4bbe-be43-c18249a976b1,1,3324.567164
2026/02/05/00:14:58,running-time,rs-003248-sgn6n,c4e51598-6f82-4c7e-a047-85515897f8ab,1,3324.567164
2026/02/05/00:14:58,apply-time,rs-003251-ftz47,614045ad-d5b0-4227-bab5-7b09cc8c3ffd,1,3324.567164
2026/02/05/00:14:58,running-time,rs-003251-ftz47,614045ad-d5b0-4227-bab5-7b09cc8c3ffd,1,3325.567164
2026/02/05/00:14:59,apply-time,rs-003252-52gfw,c04cd61f-67bb-4fd0-826a-9b1c3e9766cc,1,3325.567164
2026/02/05/00:14:59,running-time,rs-003252-52gfw,c04cd61f-67bb-4fd0-826a-9b1c3e9766cc,1,3325.567164
2026/02/05/00:14:59,apply-time,rs-003253-kzshm,423d83b1-030c-4b0b-a029-43cb092c180c,1,3325.567164
2026/02/05/00:14:59,running-time,rs-003253-kzshm,423d83b1-030c-4b0b-a029-43cb092c180c,1,3325.567164
2026/02/05/00:14:59,apply-time,rs-003254-ls7vp,e4f8e398-3d67-4e35-a40e-c037cfc05fc6,1,3325.567164
2026/02/05/00:14:59,apply-time,rs-003255-64vcs,614180dc-069a-4006-b96c-59b2cf532dda,1,3325.567164
2026/02/05/00:14:59,running-time,rs-003255-64vcs,614180dc-069a-4006-b96c-59b2cf532dda,1,3325.567164
2026/02/05/00:14:59,apply-time,rs-003255-hmlvf,575c0d1e-1a21-4f76-b5b2-37365e5d2e68,1,3325.567164
2026/02/05/00:14:59,running-time,rs-003255-hmlvf,575c0d1e-1a21-4f76-b5b2-37365e5d2e68,1,3326.567164
2026/02/05/00:14:59,apply-time,rs-003256-4lf9f,27dbc651-dc5d-41ba-b342-6da73a0e9c86,1,3325.567164
2026/02/05/00:14:59,running-time,rs-003256-4lf9f,27dbc651-dc5d-41ba-b342-6da73a0e9c86,1,3325.567164
2026/02/05/00:14:59,apply-time,rs-003256-xbjrd,43b365c9-fa7c-4d04-8792-85bad66341c5,1,3325.567164
2026/02/05/00:14:59,running-time,rs-003256-xbjrd,43b365c9-fa7c-4d04-8792-85bad66341c5,1,3325.567164
2026/02/05/00:14:59,apply-time,rs-003257-g6j7q,55e371df-8c72-4b44-ac55-559a497ff5e6,1,3326.567164
2026/02/05/00:14:59,running-time,rs-003257-g6j7q,55e371df-8c72-4b44-ac55-559a497ff5e6,1,3326.567164
2026/02/05/00:14:59,apply-time,rs-003257-gz2cs,2c79af05-78c8-4564-b5cd-50a635cbaff6,1,3326.567164
2026/02/05/00:14:59,running-time,rs-003257-gz2cs,2c79af05-78c8-4564-b5cd-50a635cbaff6,1,3326.567164
2026/02/05/00:14:59,apply-time,rs-003257-l59vq,33a25b5e-e2a7-4f16-a5a1-ef9a96565bf6,1,3325.567164
2026/02/05/00:14:59,running-time,rs-003257-l59vq,33a25b5e-e2a7-4f16-a5a1-ef9a96565bf6,1,3326.567164
2026/02/05/00:14:59,apply-time,rs-003258-9fcwv,34085d4d-029a-44ec-885f-cc7e510e4720,1,3325.567164
2026/02/05/00:14:59,running-time,rs-003258-9fcwv,34085d4d-029a-44ec-885f-cc7e510e4720,1,3326.567164
2026/02/05/00:15:00,running-time,rs-003254-ls7vp,e4f8e398-3d67-4e35-a40e-c037cfc05fc6,1,3326.567164
2026/02/05/00:15:00,apply-time,rs-003259-vxctb,b7dd7953-2d5c-4f27-b1a5-11c9f64bb573,1,3327.567164
2026/02/05/00:15:00,running-time,rs-003259-vxctb,b7dd7953-2d5c-4f27-b1a5-11c9f64bb573,1,3327.567164
2026/02/05/00:15:00,apply-time,rs-003260-dvqhp,017b5ce0-9b18-4051-b684-0604f3c00392,1,3327.567164
2026/02/05/00:15:00,running-time,rs-003260-dvqhp,017b5ce0-9b18-4051-b684-0604f3c00392,1,3327.567164
2026/02/05/00:15:01,apply-time,rs-003261-mdwd4,4315cb11-bf04-41cd-b84d-e2d520edfba2,1,3327.567164
2026/02/05/00:15:01,running-time,rs-003261-mdwd4,4315cb11-bf04-41cd-b84d-e2d520edfba2,1,3327.567164
2026/02/05/00:15:01,apply-time,rs-003262-zb882,e9941c65-897d-40ad-bab3-54f2a1936027,1,3327.567164
2026/02/05/00:15:01,running-time,rs-003262-zb882,e9941c65-897d-40ad-bab3-54f2a1936027,1,3327.567164
2026/02/05/00:15:03,apply-time,rs-003263-bzlfd,2f80af65-5dce-4b07-9f4b-a2a52498119d,1,3329.567164
2026/02/05/00:15:03,running-time,rs-003263-bzlfd,2f80af65-5dce-4b07-9f4b-a2a52498119d,1,3329.567164
2026/02/05/00:15:03,apply-time,rs-003263-q8sdk,64f70cbd-ee98-4454-9925-f0f098ffd15a,1,3329.567164
2026/02/05/00:15:03,apply-time,rs-003263-wkfl2,7c39090e-5c16-4ce7-96a9-b8cfcbd5a865,1,3329.567164
2026/02/05/00:15:04,running-time,rs-003263-q8sdk,64f70cbd-ee98-4454-9925-f0f098ffd15a,1,3330.567164
2026/02/05/00:15:07,apply-time,rs-002836-x245m,c66e98f6-cada-40a1-bf50-8088d7e7bbc8,1,3333.567164
2026/02/05/00:15:07,running-time,rs-002836-x245m,c66e98f6-cada-40a1-bf50-8088d7e7bbc8,1,3333.567164
2026/02/05/00:15:07,running-time,rs-003131-vvq7z,dc7f79db-7e37-48a5-97b3-ab6fb0453b01,1,3333.567164
2026/02/05/00:15:08,apply-time,rs-003264-slph6,e6a6acc8-20e2-492d-bbdb-a8b92a1159f0,1,3334.567164
2026/02/05/00:15:08,running-time,rs-003264-slph6,e6a6acc8-20e2-492d-bbdb-a8b92a1159f0,1,3334.567164
2026/02/05/00:15:08,apply-time,rs-003265-f659k,66bfa136-2d6b-423a-9e06-9e32230706ea,1,3334.567164
2026/02/05/00:15:08,running-time,rs-003265-f659k,66bfa136-2d6b-423a-9e06-9e32230706ea,1,3334.567164
2026/02/05/00:15:08,apply-time,rs-003265-sv6t2,53017f2a-43b3-4765-ac40-12c171c976bc,1,3334.567164
2026/02/05/00:15:08,running-time,rs-003265-sv6t2,53017f2a-43b3-4765-ac40-12c171c976bc,1,3334.567164
2026/02/05/00:15:08,apply-time,rs-003266-k58hk,829ec351-c060-4c26-953a-9bbaa8386572,1,3334.567164
2026/02/05/00:15:08,apply-time,rs-003266-ljvt9,d9a72208-0866-42b0-86fc-871f403129a6,1,3334.567164
2026/02/05/00:15:08,apply-time,rs-003266-trhqh,72e62ec1-e9ea-4ca0-9cf8-fb17985876a6,1,3334.567164
2026/02/05/00:15:08,running-time,rs-003266-trhqh,72e62ec1-e9ea-4ca0-9cf8-fb17985876a6,1,3335.567164
2026/02/05/00:15:08,apply-time,rs-003267-7slg4,96f34461-788d-4f43-b45e-3dca6a9442fb,1,3334.567164
2026/02/05/00:15:08,running-time,rs-003267-7slg4,96f34461-788d-4f43-b45e-3dca6a9442fb,1,3334.567164
2026/02/05/00:15:08,apply-time,rs-003267-rz75t,083a6cd0-1e9f-4ac8-9db6-986d8a763c3c,1,3334.567164
2026/02/05/00:15:08,running-time,rs-003267-rz75t,083a6cd0-1e9f-4ac8-9db6-986d8a763c3c,1,3334.567164
2026/02/05/00:15:08,apply-time,rs-003267-t6tkn,30abbec9-d5e3-4516-a899-5a523e4983d2,1,3334.567164
2026/02/05/00:15:08,running-time,rs-003267-t6tkn,30abbec9-d5e3-4516-a899-5a523e4983d2,1,3334.567164
2026/02/05/00:15:08,apply-time,rs-003268-fvfpb,9e62d2ef-bc23-4d04-911e-e8c472832498,1,3334.567164
2026/02/05/00:15:08,apply-time,rs-003268-m9txz,843f991f-cced-47de-ac75-5d2e817c158e,1,3335.567164
2026/02/05/00:15:08,apply-time,rs-003269-7j2xq,de9858ba-289c-4207-b842-be678c73c800,1,3334.567164
2026/02/05/00:15:08,apply-time,rs-003269-gxpnn,5697a2b5-9499-4831-9718-34c5693e7fc6,1,3334.567164
2026/02/05/00:15:08,apply-time,rs-003270-4m4pz,9953ce80-fa73-4a10-b490-f0b7ba1789c4,1,3334.567164
2026/02/05/00:15:08,apply-time,rs-003270-9ms2v,a525d496-0363-4ace-b9bb-e3a11e8756e9,1,3335.567164
2026/02/05/00:15:08,apply-time,rs-003270-vgv4n,c1909b45-dc0f-47ec-8f4d-15ee9d9853ff,1,3335.567164
2026/02/05/00:15:08,apply-time,rs-003271-hr9dg,5674ab2b-dc46-451a-ac67-3d5a6063cfa8,1,3335.567164
2026/02/05/00:15:09,apply-time,rs-003271-vfp4q,162d595b-da89-495f-82e0-9d74718c0deb,1,3335.567164
2026/02/05/00:15:10,running-time,rs-003271-vfp4q,162d595b-da89-495f-82e0-9d74718c0deb,1,3336.567164
2026/02/05/00:15:13,running-time,rs-003266-k58hk,829ec351-c060-4c26-953a-9bbaa8386572,1,3340.567164
2026/02/05/00:15:13,running-time,rs-003266-ljvt9,d9a72208-0866-42b0-86fc-871f403129a6,1,3340.567164
2026/02/05/00:15:14,apply-time,rs-003272-4b8dj,3e830ac0-2558-40be-812d-9f18ad988ba0,1,3340.567164
2026/02/05/00:15:14,running-time,rs-003272-4b8dj,3e830ac0-2558-40be-812d-9f18ad988ba0,1,3340.567164
2026/02/05/00:15:14,apply-time,rs-003272-jqlwz,2ee26ecb-b654-47b6-8367-4c18cd71a67e,1,3340.567164
2026/02/05/00:15:14,running-time,rs-003272-jqlwz,2ee26ecb-b654-47b6-8367-4c18cd71a67e,1,3340.567164
2026/02/05/00:15:14,apply-time,rs-003273-jjzb4,4dc3f222-7013-4d1c-98e3-432177368557,1,3340.567164
2026/02/05/00:15:14,running-time,rs-003273-jjzb4,4dc3f222-7013-4d1c-98e3-432177368557,1,3340.567164
2026/02/05/00:15:14,apply-time,rs-003273-ngpml,8faeb53d-a9cb-4d4e-90e7-ab8d379383d6,1,3340.567164
2026/02/05/00:15:14,running-time,rs-003273-ngpml,8faeb53d-a9cb-4d4e-90e7-ab8d379383d6,1,3340.567164
2026/02/05/00:15:14,apply-time,rs-003274-bx6tf,aa5f8098-56ec-448c-a638-5d316b51420a,1,3340.567164
2026/02/05/00:15:14,running-time,rs-003274-bx6tf,aa5f8098-56ec-448c-a638-5d316b51420a,1,3340.567164
2026/02/05/00:15:14,apply-time,rs-003274-psndx,a01b0832-59ce-461b-931b-ad0fea2f27b8,1,3340.567164
2026/02/05/00:15:14,apply-time,rs-003274-vlhcx,b9d41f2a-71f2-4716-9a33-262e3b9189d4,1,3340.567164
2026/02/05/00:15:14,running-time,rs-003274-vlhcx,b9d41f2a-71f2-4716-9a33-262e3b9189d4,1,3341.567164
2026/02/05/00:15:14,apply-time,rs-003275-ghn74,5ad2dbfa-3d26-4a01-b31c-a6704ead9fd8,1,3340.567164
2026/02/05/00:15:14,apply-time,rs-003276-6r6xt,c3f57d0a-ea3f-4221-a337-361a68143e6d,1,3341.567164
2026/02/05/00:15:14,running-time,rs-003276-6r6xt,c3f57d0a-ea3f-4221-a337-361a68143e6d,1,3341.567164
2026/02/05/00:15:14,apply-time,rs-003276-7q2s7,b570e0d1-3377-4383-8ad4-3c0333da73c3,1,3341.567164
2026/02/05/00:15:14,running-time,rs-003276-7q2s7,b570e0d1-3377-4383-8ad4-3c0333da73c3,1,3341.567164
2026/02/05/00:15:14,apply-time,rs-003276-fr84s,a2b55cd4-ac4b-414c-b250-7e3b244749a0,1,3341.567164
2026/02/05/00:15:14,running-time,rs-003276-fr84s,a2b55cd4-ac4b-414c-b250-7e3b244749a0,1,3341.567164
2026/02/05/00:15:14,apply-time,rs-003277-246sc,8ef6c1a3-5382-419a-8ea5-b39bd3c0a186,1,3341.567164
2026/02/05/00:15:14,apply-time,rs-003277-59hf9,6a8aaf2e-7ced-44e0-8ddc-ca610125607d,1,3341.567164
2026/02/05/00:15:14,running-time,rs-003277-59hf9,6a8aaf2e-7ced-44e0-8ddc-ca610125607d,1,3341.567164
2026/02/05/00:15:14,apply-time,rs-003277-jvnrz,b0f6c2fc-4908-4c4d-8cee-d04cc1bba390,1,3341.567164
2026/02/05/00:15:16,running-time,rs-003274-psndx,a01b0832-59ce-461b-931b-ad0fea2f27b8,1,3343.567164
2026/02/05/00:15:16,running-time,rs-003275-ghn74,5ad2dbfa-3d26-4a01-b31c-a6704ead9fd8,1,3343.567164
2026/02/05/00:15:17,running-time,rs-003269-gxpnn,5697a2b5-9499-4831-9718-34c5693e7fc6,1,3344.567164
2026/02/05/00:15:18,running-time,rs-003269-7j2xq,de9858ba-289c-4207-b842-be678c73c800,1,3344.567164
2026/02/05/00:15:21,apply-time,rs-003278-ghdmc,9d6b90ec-6fbf-47fe-913e-6429f4d88540,1,3348.567164
2026/02/05/00:15:21,apply-time,rs-003279-tw9gj,2ab6436c-1bc3-4ff6-90ce-5eb4ee0fdbc1,1,3348.567164
2026/02/05/00:15:22,apply-time,rs-003280-c8ncq,13087f35-a9f9-4d52-be02-2bfd892b1fb4,1,3348.567164
2026/02/05/00:15:22,apply-time,rs-003280-n89vs,69e1dbf6-4e31-49b2-9969-f208a88cb667,1,3348.567164
2026/02/05/00:15:22,apply-time,rs-003281-8dhds,5f8b9419-a804-47bb-94a0-aa98151e4024,1,3348.567164
2026/02/05/00:15:22,running-time,rs-003281-8dhds,5f8b9419-a804-47bb-94a0-aa98151e4024,1,3348.567164
2026/02/05/00:15:22,apply-time,rs-003282-5dlf2,929173ca-8e8f-4f18-82f9-0a383fdeeeef,1,3348.567164
2026/02/05/00:15:22,running-time,rs-003282-5dlf2,929173ca-8e8f-4f18-82f9-0a383fdeeeef,1,3348.567164
2026/02/05/00:15:22,apply-time,rs-003283-7dqhj,1e85730f-3ec6-457e-8219-ccd3a7b7d54d,1,3348.567164
2026/02/05/00:15:25,apply-time,rs-003284-rfgtb,17e48231-7544-49d1-a8f7-f80de1a06f0f,1,3351.567164
2026/02/05/00:15:25,apply-time,rs-003284-zc26q,94073f8e-485d-4c12-beee-03b42f6be0e0,1,3351.567164
2026/02/05/00:15:25,apply-time,rs-003285-8tphs,dd8e6776-66db-4b60-bc4c-25a24038be80,1,3352.567164
2026/02/05/00:15:25,running-time,rs-003285-8tphs,dd8e6776-66db-4b60-bc4c-25a24038be80,1,3352.567164
2026/02/05/00:15:25,apply-time,rs-003285-q2kw4,c5a97b97-87f6-4ca5-bf44-f5c572ead821,1,3352.567164
2026/02/05/00:15:25,running-time,rs-003285-q2kw4,c5a97b97-87f6-4ca5-bf44-f5c572ead821,1,3352.567164
2026/02/05/00:15:25,apply-time,rs-003285-sqt8b,0df317da-29fe-4789-807a-dcbc4ec0569d,1,3352.567164
2026/02/05/00:15:25,running-time,rs-003285-sqt8b,0df317da-29fe-4789-807a-dcbc4ec0569d,1,3352.567164
2026/02/05/00:15:25,apply-time,rs-003286-bfkks,24e1524d-3680-405a-bf13-535e68ac35e2,1,3352.567164
2026/02/05/00:15:25,running-time,rs-003286-bfkks,24e1524d-3680-405a-bf13-535e68ac35e2,1,3352.567164
2026/02/05/00:15:25,apply-time,rs-003286-wr7sb,0c280ed5-623a-4319-98e4-59ea53ab248d,1,3352.567164
2026/02/05/00:15:25,running-time,rs-003286-wr7sb,0c280ed5-623a-4319-98e4-59ea53ab248d,1,3352.567164
2026/02/05/00:15:25,apply-time,rs-003287-t42tk,759d8334-d4ad-4773-a7df-8b8274a0279f,1,3352.567164
2026/02/05/00:15:25,running-time,rs-003287-t42tk,759d8334-d4ad-4773-a7df-8b8274a0279f,1,3352.567164
2026/02/05/00:15:26,apply-time,rs-003288-9tntd,357377a4-94ec-44ac-b90d-2307501c836d,1,3352.567164
2026/02/05/00:15:26,apply-time,rs-003288-b2q4w,39652e57-509a-4969-a8c6-8abde460ebcf,1,3352.567164
2026/02/05/00:15:26,apply-time,rs-003289-h9rdp,0332cbbd-5f07-435b-bd87-a7cb2796bc30,1,3352.567164
2026/02/05/00:15:26,running-time,rs-003289-h9rdp,0332cbbd-5f07-435b-bd87-a7cb2796bc30,1,3352.567164
2026/02/05/00:15:26,apply-time,rs-003290-dpgcc,bf43aa1a-6037-43f2-a1f1-b37b4592d957,1,3353.567164
2026/02/05/00:15:26,apply-time,rs-003290-rvl8l,6213c913-8594-4397-bc50-197c2113e0ee,1,3353.567164
2026/02/05/00:15:26,apply-time,rs-003291-2tf6n,0ca27c32-9894-41aa-bee3-e7296c9d9246,1,3353.567164
2026/02/05/00:15:26,apply-time,rs-003291-cvhkr,42b04853-fc2a-4c4c-91ab-5697be8871d0,1,3353.567164
2026/02/05/00:15:26,apply-time,rs-003291-g4jmw,7715fb48-9d41-49ae-a10f-3bbaa664948e,1,3353.567164
2026/02/05/00:15:26,apply-time,rs-003292-9lh29,3eeac86e-c0ec-47b5-95ab-d489763de039,1,3353.567164
2026/02/05/00:15:26,apply-time,rs-003294-pbw2t,839b762e-9b2c-440c-923a-7ec99d35bcb6,1,3353.567164
2026/02/05/00:15:26,running-time,rs-003294-pbw2t,839b762e-9b2c-440c-923a-7ec99d35bcb6,1,3353.567164
2026/02/05/00:15:27,apply-time,rs-003292-6pdp6,d98a16fe-5617-4313-a94f-5d7a9ca035b2,1,3353.567164
2026/02/05/00:15:27,apply-time,rs-003292-k4vkk,aff37450-9d06-408d-ba11-2e80232e0143,1,3353.567164
2026/02/05/00:15:27,apply-time,rs-003293-ch8tb,49e63230-4081-4767-aa8c-8d9c2e537000,1,3353.567164
2026/02/05/00:15:27,apply-time,rs-003293-hp485,40b12ae4-9c35-4e05-aebf-a10dc53d2fab,1,3353.567164
2026/02/05/00:15:27,apply-time,rs-003295-7rkb4,6bd11541-a109-44c1-b759-c04fc8bbb6f3,1,3353.567164
2026/02/05/00:15:27,apply-time,rs-003297-7r2wl,1a40c53a-2d3a-4776-92d4-f483f03c75f3,1,3354.567164
2026/02/05/00:15:28,apply-time,rs-003296-p28wl,1e7e752a-efdb-4a13-8178-431d3aba6285,1,3354.567164
2026/02/05/00:15:28,apply-time,rs-003298-9xzcn,c3b72f98-0928-457b-888a-e3ea9109ccf4,1,3354.567164
2026/02/05/00:15:28,apply-time,rs-003298-gw2bq,a965a53c-f9eb-4fb8-9bca-63e6675c7dde,1,3354.567164
2026/02/05/00:15:28,apply-time,rs-003298-zq6sr,755408a8-ab25-43c2-83fe-700583a7308a,1,3354.567164
2026/02/05/00:15:28,apply-time,rs-003299-4sn9r,e5afb95d-4331-4a5d-bbed-5b224d5a808f,1,3355.567164
2026/02/05/00:15:28,apply-time,rs-003299-gw22r,b02f70a3-437d-4657-abb2-fb03d7b37f08,1,3354.567164
2026/02/05/00:15:28,apply-time,rs-003299-zwwbw,fc409904-ed08-4244-a0d8-277060759bd5,1,3355.567164
2026/02/05/00:15:28,apply-time,rs-003300-nsqxf,d5a51205-cbd8-42fa-8723-194fab9470ac,1,3355.567164
2026/02/05/00:15:28,apply-time,rs-003300-rsg7s,cda56f84-3e54-41d3-a74c-c276ff89393e,1,3354.567164
2026/02/05/00:15:28,apply-time,rs-003301-v6q5g,63e7a3a2-c9b1-445f-995f-1ec73e61016c,1,3355.567164
2026/02/05/00:15:29,running-time,rs-003293-ch8tb,49e63230-4081-4767-aa8c-8d9c2e537000,1,3356.567164
2026/02/05/00:15:30,running-time,rs-003293-hp485,40b12ae4-9c35-4e05-aebf-a10dc53d2fab,1,3356.567164
2026/02/05/00:15:30,running-time,rs-003298-9xzcn,c3b72f98-0928-457b-888a-e3ea9109ccf4,1,3356.567164
2026/02/05/00:15:30,running-time,rs-003299-gw22r,b02f70a3-437d-4657-abb2-fb03d7b37f08,1,3356.567164
2026/02/05/00:15:31,running-time,rs-003299-zwwbw,fc409904-ed08-4244-a0d8-277060759bd5,1,3358.567164
2026/02/05/00:15:31,running-time,rs-003300-nsqxf,d5a51205-cbd8-42fa-8723-194fab9470ac,1,3357.567164
2026/02/05/00:15:31,running-time,rs-003300-rsg7s,cda56f84-3e54-41d3-a74c-c276ff89393e,1,3357.567164
2026/02/05/00:15:32,running-time,rs-003299-4sn9r,e5afb95d-4331-4a5d-bbed-5b224d5a808f,1,3358.567164
2026/02/05/00:15:32,apply-time,rs-003302-ktcfn,6f5f5aeb-2676-402d-9678-f47a173414e0,1,3358.567164
2026/02/05/00:15:32,apply-time,rs-003302-lvp6m,8498b2ec-7fc1-4286-a2b6-373b2810edc8,1,3358.567164
2026/02/05/00:15:32,apply-time,rs-003302-tzjkz,bf47248b-8db5-4dd5-b262-2b5f1d300e8b,1,3358.567164
2026/02/05/00:15:32,apply-time,rs-003303-9pv5d,514a1222-a2b0-429c-9d30-b3bdef201a4d,1,3358.567164
2026/02/05/00:15:32,apply-time,rs-003303-gdhtk,541e3ba8-a634-40d5-b380-1f2aabb9e77c,1,3358.567164
2026/02/05/00:15:32,apply-time,rs-003303-rhtqp,0de1e9c9-40c6-4b4f-aa4f-60751aa20f27,1,3358.567164
2026/02/05/00:15:32,apply-time,rs-003304-65s29,4c551e67-40c4-4a6e-98b6-f5e55284b532,1,3358.567164
2026/02/05/00:15:32,apply-time,rs-003304-hwmdf,aa50d70d-3cef-4b81-a645-5f2fb74c86e4,1,3358.567164
2026/02/05/00:15:32,apply-time,rs-003305-4tmzz,4e5d0e62-f6af-44cd-b52e-40c5e3a4d5ca,1,3358.567164
2026/02/05/00:15:32,apply-time,rs-003305-7tq8w,aebf708f-c7c8-4a1e-b337-59f235d58399,1,3358.567164
2026/02/05/00:15:32,apply-time,rs-003305-pmwsx,99bb7770-50f3-4359-983a-7d2ba9f2360d,1,3358.567164
2026/02/05/00:15:34,running-time,rs-003302-ktcfn,6f5f5aeb-2676-402d-9678-f47a173414e0,1,3360.567164
2026/02/05/00:15:34,running-time,rs-003302-lvp6m,8498b2ec-7fc1-4286-a2b6-373b2810edc8,1,3361.567164
2026/02/05/00:15:34,running-time,rs-003303-gdhtk,541e3ba8-a634-40d5-b380-1f2aabb9e77c,1,3360.567164
2026/02/05/00:15:34,running-time,rs-003303-rhtqp,0de1e9c9-40c6-4b4f-aa4f-60751aa20f27,1,3360.567164
2026/02/05/00:15:34,running-time,rs-003305-7tq8w,aebf708f-c7c8-4a1e-b337-59f235d58399,1,3360.567164
2026/02/05/00:15:38,running-time,rs-003290-dpgcc,bf43aa1a-6037-43f2-a1f1-b37b4592d957,1,3364.567164
2026/02/05/00:15:38,running-time,rs-003290-rvl8l,6213c913-8594-4397-bc50-197c2113e0ee,1,3364.567164
2026/02/05/00:15:38,running-time,rs-003302-tzjkz,bf47248b-8db5-4dd5-b262-2b5f1d300e8b,1,3364.567164
2026/02/05/00:15:38,running-time,rs-003303-9pv5d,514a1222-a2b0-429c-9d30-b3bdef201a4d,1,3364.567164
2026/02/05/00:15:43,apply-time,rs-003306-tk9ks,0d54ae7c-d076-431a-9d92-e7c2c4842fb4,1,3369.567164
2026/02/05/00:15:43,running-time,rs-003306-tk9ks,0d54ae7c-d076-431a-9d92-e7c2c4842fb4,1,3369.567164
2026/02/05/00:15:43,apply-time,rs-003307-9rrmt,40780664-95d2-49c0-9dbf-5913ef26bd59,1,3369.567164
2026/02/05/00:15:43,running-time,rs-003307-9rrmt,40780664-95d2-49c0-9dbf-5913ef26bd59,1,3369.567164
2026/02/05/00:15:43,apply-time,rs-003307-chp59,1598bc78-909c-4261-88e0-9cc05336e630,1,3369.567164
2026/02/05/00:15:43,running-time,rs-003307-chp59,1598bc78-909c-4261-88e0-9cc05336e630,1,3369.567164
2026/02/05/00:15:43,apply-time,rs-003307-j4gk9,871cc8a4-869f-4235-b3f8-ad661d430547,1,3369.567164
2026/02/05/00:15:43,running-time,rs-003307-j4gk9,871cc8a4-869f-4235-b3f8-ad661d430547,1,3369.567164
2026/02/05/00:15:43,apply-time,rs-003308-rlvd6,657c18cf-7d21-4a27-911f-b1804ad6b6d7,1,3369.567164
2026/02/05/00:15:43,apply-time,rs-003309-wflcs,adf506e0-c59a-49f6-a008-0396a582bda1,1,3369.567164
2026/02/05/00:15:43,running-time,rs-003309-wflcs,adf506e0-c59a-49f6-a008-0396a582bda1,1,3369.567164
2026/02/05/00:15:45,apply-time,rs-003310-jjbfd,3d80d382-8098-40e9-abdf-461038f48304,1,3371.567164
2026/02/05/00:15:45,running-time,rs-003310-jjbfd,3d80d382-8098-40e9-abdf-461038f48304,1,3372.567164
2026/02/05/00:15:45,apply-time,rs-003311-mxccm,59d998d8-c983-4cf5-b105-6d2e1d2def83,1,3371.567164
2026/02/05/00:15:45,apply-time,rs-003311-qgptg,c88fcb47-5b0d-4546-b900-52bbe879d19e,1,3371.567164
2026/02/05/00:15:45,apply-time,rs-003311-wsbds,b08889df-77e9-4a7a-be1c-bcf8b61a3077,1,3371.567164
2026/02/05/00:15:45,apply-time,rs-003312-s9zbw,181ff4e6-064c-4d73-85bc-5db5c499f7f2,1,3371.567164
2026/02/05/00:15:45,running-time,rs-003312-s9zbw,181ff4e6-064c-4d73-85bc-5db5c499f7f2,1,3372.567164
2026/02/05/00:15:45,apply-time,rs-003313-776bw,778090ca-8db0-4424-9999-c46d4bfc7030,1,3371.567164
2026/02/05/00:15:45,running-time,rs-003313-776bw,778090ca-8db0-4424-9999-c46d4bfc7030,1,3371.567164
2026/02/05/00:15:45,apply-time,rs-003313-z8jlz,f6fff37d-2ebd-400e-a525-f5e24ef0e80f,1,3371.567164
2026/02/05/00:15:45,running-time,rs-003313-z8jlz,f6fff37d-2ebd-400e-a525-f5e24ef0e80f,1,3371.567164
2026/02/05/00:15:46,running-time,rs-003311-mxccm,59d998d8-c983-4cf5-b105-6d2e1d2def83,1,3372.567164
2026/02/05/00:15:47,running-time,rs-003308-rlvd6,657c18cf-7d21-4a27-911f-b1804ad6b6d7,1,3374.567164
2026/02/05/00:15:47,running-time,rs-003311-qgptg,c88fcb47-5b0d-4546-b900-52bbe879d19e,1,3374.567164
2026/02/05/00:15:47,running-time,rs-003311-wsbds,b08889df-77e9-4a7a-be1c-bcf8b61a3077,1,3374.567164
2026/02/05/00:15:53,apply-time,rs-003314-jxczp,26a6361f-1b74-4d57-8913-cbd16d6da3d9,1,3380.567164
2026/02/05/00:15:53,running-time,rs-003314-jxczp,26a6361f-1b74-4d57-8913-cbd16d6da3d9,1,3380.567164
2026/02/05/00:15:53,apply-time,rs-003314-m8fq6,e389bc64-fc2b-4338-a9da-8492dcf33c58,1,3380.567164
2026/02/05/00:15:53,running-time,rs-003314-m8fq6,e389bc64-fc2b-4338-a9da-8492dcf33c58,1,3380.567164
2026/02/05/00:15:53,apply-time,rs-003314-qblmd,0b7e25ee-703d-46c1-b6bd-d9114b468285,1,3380.567164
2026/02/05/00:15:53,running-time,rs-003314-qblmd,0b7e25ee-703d-46c1-b6bd-d9114b468285,1,3380.567164
2026/02/05/00:15:53,apply-time,rs-003315-szxnm,337e37af-432a-4bd7-a7c2-9ae4216883bf,1,3380.567164
2026/02/05/00:15:53,running-time,rs-003315-szxnm,337e37af-432a-4bd7-a7c2-9ae4216883bf,1,3380.567164
2026/02/05/00:15:53,apply-time,rs-003315-zvl2s,da0ef2a6-93cc-4401-9d48-80ca1e63ca18,1,3380.567164
2026/02/05/00:15:53,running-time,rs-003315-zvl2s,da0ef2a6-93cc-4401-9d48-80ca1e63ca18,1,3380.567164
2026/02/05/00:15:56,apply-time,rs-003316-nq6v4,06ae5c57-5b58-4e08-992d-ccd206bff93f,1,3382.567164
2026/02/05/00:15:56,running-time,rs-003316-nq6v4,06ae5c57-5b58-4e08-992d-ccd206bff93f,1,3382.567164
2026/02/05/00:15:56,apply-time,rs-003316-tnw4g,aebe9f30-2e3d-4cdd-b0b4-9e783f2c46c0,1,3382.567164
2026/02/05/00:15:56,running-time,rs-003316-tnw4g,aebe9f30-2e3d-4cdd-b0b4-9e783f2c46c0,1,3382.567164
2026/02/05/00:15:56,apply-time,rs-003317-7czgm,95559d13-ce37-4ff4-90b8-bdbeb6ffb2db,1,3382.567164
2026/02/05/00:15:56,running-time,rs-003317-7czgm,95559d13-ce37-4ff4-90b8-bdbeb6ffb2db,1,3382.567164
2026/02/05/00:15:56,apply-time,rs-003317-wjzfv,7c15f3cf-6fb5-44d9-b7e7-3d93f38cb2bd,1,3382.567164
2026/02/05/00:15:56,running-time,rs-003317-wjzfv,7c15f3cf-6fb5-44d9-b7e7-3d93f38cb2bd,1,3382.567164
2026/02/05/00:15:56,apply-time,rs-003318-9bljt,e6e09462-fb9f-4260-a4db-cbf3602710ed,1,3382.567164
2026/02/05/00:15:56,running-time,rs-003318-9bljt,e6e09462-fb9f-4260-a4db-cbf3602710ed,1,3382.567164
2026/02/05/00:15:56,apply-time,rs-003318-jhjj6,3024f42c-af63-418b-a149-151328af189e,1,3382.567164
2026/02/05/00:15:56,running-time,rs-003318-jhjj6,3024f42c-af63-418b-a149-151328af189e,1,3382.567164
2026/02/05/00:15:56,apply-time,rs-003318-w4hm9,a4f7d1e8-d97c-4bbc-8e3e-366f6d86b693,1,3382.567164
2026/02/05/00:15:56,running-time,rs-003318-w4hm9,a4f7d1e8-d97c-4bbc-8e3e-366f6d86b693,1,3382.567164
2026/02/05/00:15:56,apply-time,rs-003319-mlpb2,5bf5efda-fce5-4c9d-a000-bfe08614f4d8,1,3382.567164
2026/02/05/00:15:56,running-time,rs-003319-mlpb2,5bf5efda-fce5-4c9d-a000-bfe08614f4d8,1,3382.567164
2026/02/05/00:15:59,apply-time,rs-003320-7q7hx,e3d3d128-dcb8-4edc-8b13-d58031ad6421,1,3385.567164
2026/02/05/00:15:59,running-time,rs-003320-7q7hx,e3d3d128-dcb8-4edc-8b13-d58031ad6421,1,3385.567164
2026/02/05/00:15:59,apply-time,rs-003320-7vqrg,0287f12d-ff1f-46a2-bc63-f743e12f450b,1,3385.567164
2026/02/05/00:15:59,running-time,rs-003320-7vqrg,0287f12d-ff1f-46a2-bc63-f743e12f450b,1,3385.567164
2026/02/05/00:15:59,apply-time,rs-003320-sjcjq,e0a36e05-e454-4701-89f5-ef19f0129f3b,1,3385.567164
2026/02/05/00:15:59,running-time,rs-003320-sjcjq,e0a36e05-e454-4701-89f5-ef19f0129f3b,1,3385.567164
2026/02/05/00:15:59,apply-time,rs-003321-9m8sm,17c86ba3-98ad-4a7f-b593-0af9aed2cac3,1,3385.567164
2026/02/05/00:15:59,running-time,rs-003321-9m8sm,17c86ba3-98ad-4a7f-b593-0af9aed2cac3,1,3385.567164
2026/02/05/00:15:59,apply-time,rs-003321-9zxx6,08320033-c66f-4969-99c7-635d9bdb1bf2,1,3385.567164
2026/02/05/00:15:59,running-time,rs-003321-9zxx6,08320033-c66f-4969-99c7-635d9bdb1bf2,1,3385.567164
2026/02/05/00:15:59,apply-time,rs-003321-zgkj5,f86ed7e4-2d74-4f77-83d1-8ab288263d24,1,3385.567164
2026/02/05/00:15:59,running-time,rs-003321-zgkj5,f86ed7e4-2d74-4f77-83d1-8ab288263d24,1,3385.567164
2026/02/05/00:15:59,apply-time,rs-003322-5brsm,cddac9e2-feee-4165-b8df-bab7dce62bd5,1,3386.567164
2026/02/05/00:15:59,running-time,rs-003322-5brsm,cddac9e2-feee-4165-b8df-bab7dce62bd5,1,3386.567164
2026/02/05/00:15:59,apply-time,rs-003322-cmzvl,d3906b0a-1a13-4189-a17f-ed38ee0a4e23,1,3386.567164
2026/02/05/00:15:59,running-time,rs-003322-cmzvl,d3906b0a-1a13-4189-a17f-ed38ee0a4e23,1,3386.567164
2026/02/05/00:15:59,apply-time,rs-003322-whdxj,200453b0-5387-4b98-8eef-a3abae4f98f0,1,3386.567164
2026/02/05/00:15:59,running-time,rs-003322-whdxj,200453b0-5387-4b98-8eef-a3abae4f98f0,1,3386.567164
2026/02/05/00:15:59,apply-time,rs-003323-2qflv,5bf9f967-d194-47df-9ab6-434c529ac477,1,3386.567164
2026/02/05/00:15:59,running-time,rs-003323-2qflv,5bf9f967-d194-47df-9ab6-434c529ac477,1,3386.567164
2026/02/05/00:15:59,apply-time,rs-003324-76qbw,f4ec796a-d1ad-4219-ba0f-d8606e52f67d,1,3386.567164
2026/02/05/00:15:59,apply-time,rs-003324-gwngz,32b8b5d6-fec5-433a-b2b6-1ea92d023949,1,3386.567164
2026/02/05/00:15:59,apply-time,rs-003324-xcqk7,128cce95-8bc8-4db8-b02d-d5eb5af01325,1,3386.567164
2026/02/05/00:15:59,apply-time,rs-003325-jqst7,563612cc-e15c-42f7-9258-bb9c32b523e7,1,3386.567164
2026/02/05/00:15:59,apply-time,rs-003325-nxffj,94dea7b4-658b-4673-b68f-cb7b81df96d6,1,3386.567164
2026/02/05/00:15:59,apply-time,rs-003325-tbs6k,ea33ce5a-707e-43bf-9272-e6a16fd17539,1,3386.567164
2026/02/05/00:16:00,apply-time,rs-003326-dbpvq,6aaa905a-144e-47e5-92a6-f3ea9a83bb45,1,3386.567164
2026/02/05/00:16:00,running-time,rs-003326-dbpvq,6aaa905a-144e-47e5-92a6-f3ea9a83bb45,1,3386.567164
2026/02/05/00:16:00,apply-time,rs-003326-hsbc8,9a1853e2-a450-442d-85b1-f501967793c1,1,3386.567164
2026/02/05/00:16:00,running-time,rs-003326-hsbc8,9a1853e2-a450-442d-85b1-f501967793c1,1,3386.567164
2026/02/05/00:16:00,apply-time,rs-003327-2v54q,0efd6f35-9da2-4140-aa9d-7e399da78cd9,1,3387.567164
2026/02/05/00:16:00,running-time,rs-003327-2v54q,0efd6f35-9da2-4140-aa9d-7e399da78cd9,1,3387.567164
2026/02/05/00:16:00,apply-time,rs-003327-d2fzs,ebfb9fdb-b567-425e-aa15-e18b0776d303,1,3387.567164
2026/02/05/00:16:00,running-time,rs-003327-d2fzs,ebfb9fdb-b567-425e-aa15-e18b0776d303,1,3387.567164
2026/02/05/00:16:00,apply-time,rs-003327-pfdmz,70481368-59e9-45d6-8c67-183407ae7c8f,1,3387.567164
2026/02/05/00:16:00,running-time,rs-003327-pfdmz,70481368-59e9-45d6-8c67-183407ae7c8f,1,3387.567164
2026/02/05/00:16:00,apply-time,rs-003328-755cg,7c4e0451-43be-4626-afc5-24111f035aff,1,3387.567164
2026/02/05/00:16:00,running-time,rs-003328-755cg,7c4e0451-43be-4626-afc5-24111f035aff,1,3387.567164
2026/02/05/00:16:00,apply-time,rs-003328-rdg5l,993e4189-d606-4775-a676-fb6074619962,1,3387.567164
2026/02/05/00:16:00,running-time,rs-003328-rdg5l,993e4189-d606-4775-a676-fb6074619962,1,3387.567164
2026/02/05/00:16:00,apply-time,rs-003328-tlpgl,316dea39-691b-484d-8c85-dede189884e1,1,3387.567164
2026/02/05/00:16:00,running-time,rs-003328-tlpgl,316dea39-691b-484d-8c85-dede189884e1,1,3387.567164
2026/02/05/00:16:16,apply-time,rs-003329-ljvmv,b254cbda-1f04-4d1e-8b6f-a3fc81bc7ba0,1,3402.567164
2026/02/05/00:16:16,running-time,rs-003329-ljvmv,b254cbda-1f04-4d1e-8b6f-a3fc81bc7ba0,1,3402.567164
2026/02/05/00:16:16,apply-time,rs-003329-n7rz7,7b982ee0-2295-4d7a-be46-770b0626750b,1,3402.567164
2026/02/05/00:16:16,running-time,rs-003329-n7rz7,7b982ee0-2295-4d7a-be46-770b0626750b,1,3402.567164
2026/02/05/00:16:28,apply-time,rs-003330-68vpf,cb6e15e3-a512-4aed-9ca3-ac0e506c95a7,1,3415.567164
2026/02/05/00:16:28,running-time,rs-003330-68vpf,cb6e15e3-a512-4aed-9ca3-ac0e506c95a7,1,3415.567164
2026/02/05/00:16:28,apply-time,rs-003331-j7c2t,42909ef8-9ca2-49d3-8c1f-30070639c4cf,1,3415.567164
2026/02/05/00:16:28,running-time,rs-003331-j7c2t,42909ef8-9ca2-49d3-8c1f-30070639c4cf,1,3415.567164
2026/02/05/00:16:34,apply-time,rs-003332-95mk7,8378eb4e-f82b-4182-af09-3040ad202379,1,3421.567164
2026/02/05/00:16:34,running-time,rs-003332-95mk7,8378eb4e-f82b-4182-af09-3040ad202379,1,3421.567164
2026/02/05/00:16:34,apply-time,rs-003332-gvbnz,a306f411-c30d-487e-88e8-cce1b9ff8902,1,3421.567164
2026/02/05/00:16:34,running-time,rs-003332-gvbnz,a306f411-c30d-487e-88e8-cce1b9ff8902,1,3421.567164
2026/02/05/00:16:34,apply-time,rs-003332-n8rt8,f6816fb0-523b-4ec0-94a6-fe19571bf578,1,3421.567164
2026/02/05/00:16:34,running-time,rs-003332-n8rt8,f6816fb0-523b-4ec0-94a6-fe19571bf578,1,3421.567164
2026/02/05/00:16:34,apply-time,rs-003333-49hz9,f1c15410-f8ba-4528-9432-294da75d3569,1,3421.567164
2026/02/05/00:16:34,running-time,rs-003333-49hz9,f1c15410-f8ba-4528-9432-294da75d3569,1,3421.567164
2026/02/05/00:16:34,apply-time,rs-003334-d5lmh,c950fe8b-05c0-4494-8d78-e786861499f2,1,3421.567164
2026/02/05/00:16:34,running-time,rs-003334-d5lmh,c950fe8b-05c0-4494-8d78-e786861499f2,1,3421.567164
2026/02/05/00:16:34,apply-time,rs-003334-db8dv,cb730dd7-936e-4b22-b5e6-ef94a62ee046,1,3421.567164
2026/02/05/00:16:34,running-time,rs-003334-db8dv,cb730dd7-936e-4b22-b5e6-ef94a62ee046,1,3421.567164
2026/02/05/00:16:34,apply-time,rs-003335-8jwpp,0b6964a7-de3b-4062-bffd-863d6f7e0d24,1,3421.567164
2026/02/05/00:16:34,running-time,rs-003335-8jwpp,0b6964a7-de3b-4062-bffd-863d6f7e0d24,1,3421.567164
2026/02/05/00:16:34,apply-time,rs-003335-lvvcv,e3424a63-e4bd-4641-a292-f4a6c33c1910,1,3421.567164
2026/02/05/00:16:34,running-time,rs-003335-lvvcv,e3424a63-e4bd-4641-a292-f4a6c33c1910,1,3421.567164
2026/02/05/00:16:34,apply-time,rs-003336-dc68p,f18710b0-b10a-45a6-a4db-60af5bef0e6c,1,3421.567164
2026/02/05/00:16:34,running-time,rs-003336-dc68p,f18710b0-b10a-45a6-a4db-60af5bef0e6c,1,3421.567164
2026/02/05/00:16:34,apply-time,rs-003336-sn2dx,6bc9bb09-9041-49ff-8845-d40e5da5ba53,1,3421.567164
2026/02/05/00:16:34,running-time,rs-003336-sn2dx,6bc9bb09-9041-49ff-8845-d40e5da5ba53,1,3421.567164
2026/02/05/00:16:34,apply-time,rs-003337-dpzmf,1275820b-7328-4878-baf6-2cf7cc36d081,1,3421.567164
2026/02/05/00:16:34,apply-time,rs-003338-92sbv,668b668f-497d-49f9-b9c4-325a2cd843ce,1,3421.567164
2026/02/05/00:16:34,running-time,rs-003338-92sbv,668b668f-497d-49f9-b9c4-325a2cd843ce,1,3421.567164
2026/02/05/00:16:35,running-time,rs-003337-dpzmf,1275820b-7328-4878-baf6-2cf7cc36d081,1,3422.567164
2026/02/05/00:16:47,apply-time,rs-003339-5zpm6,e8fab568-a609-454a-ac8f-ccb43c16912f,1,3434.567164
2026/02/05/00:16:47,apply-time,rs-003340-fzd2r,7852b50c-6247-4338-8047-8524c7ba9dcd,1,3434.567164
2026/02/05/00:16:47,running-time,rs-003340-fzd2r,7852b50c-6247-4338-8047-8524c7ba9dcd,1,3434.567164
2026/02/05/00:16:47,apply-time,rs-003340-ln664,cf8b387a-c61b-4de7-a3c6-120c670a3307,1,3434.567164
2026/02/05/00:16:47,running-time,rs-003340-ln664,cf8b387a-c61b-4de7-a3c6-120c670a3307,1,3434.567164
2026/02/05/00:16:47,apply-time,rs-003340-qkg6w,0f6fb614-4bd3-4406-bbd0-221997f1ca49,1,3434.567164
2026/02/05/00:16:47,running-time,rs-003340-qkg6w,0f6fb614-4bd3-4406-bbd0-221997f1ca49,1,3434.567164
2026/02/05/00:16:53,apply-time,rs-003341-6b6rj,5189cdea-ee48-46ef-84d6-a3b6249c28bc,1,3440.567164
2026/02/05/00:16:53,running-time,rs-003341-6b6rj,5189cdea-ee48-46ef-84d6-a3b6249c28bc,1,3440.567164
2026/02/05/00:16:53,apply-time,rs-003342-844kb,16c1695c-a057-4b87-a8ce-4f170936c534,1,3440.567164
2026/02/05/00:16:53,running-time,rs-003342-844kb,16c1695c-a057-4b87-a8ce-4f170936c534,1,3440.567164
2026/02/05/00:16:53,apply-time,rs-003342-ms42n,3ba07d70-d5a9-4f19-8413-10bc2b3b40cf,1,3440.567164
2026/02/05/00:16:53,running-time,rs-003342-ms42n,3ba07d70-d5a9-4f19-8413-10bc2b3b40cf,1,3440.567164
2026/02/05/00:16:53,apply-time,rs-003342-tq2wn,2e69e221-ac61-422c-ae10-a35f80febd02,1,3440.567164
2026/02/05/00:16:53,running-time,rs-003342-tq2wn,2e69e221-ac61-422c-ae10-a35f80febd02,1,3440.567164
2026/02/05/00:16:53,apply-time,rs-003343-f9msv,d64fe133-ab13-4184-a2ce-b65db730d9b7,1,3440.567164
2026/02/05/00:16:53,running-time,rs-003343-f9msv,d64fe133-ab13-4184-a2ce-b65db730d9b7,1,3440.567164
2026/02/05/00:16:53,apply-time,rs-003343-ss76s,435b3dd7-17a1-457d-8224-53849dac6d84,1,3440.567164
2026/02/05/00:16:53,running-time,rs-003343-ss76s,435b3dd7-17a1-457d-8224-53849dac6d84,1,3440.567164
2026/02/05/00:16:53,apply-time,rs-003343-xrwnz,99d18864-3512-4a91-abc1-f2d043e7aa36,1,3440.567164
2026/02/05/00:16:53,running-time,rs-003343-xrwnz,99d18864-3512-4a91-abc1-f2d043e7aa36,1,3440.567164
2026/02/05/00:16:53,apply-time,rs-003344-bknk6,5380ccb9-5d3e-49c9-9c0e-2ae9b7fa568b,1,3440.567164
2026/02/05/00:16:53,running-time,rs-003344-bknk6,5380ccb9-5d3e-49c9-9c0e-2ae9b7fa568b,1,3440.567164
2026/02/05/00:16:53,apply-time,rs-003345-9b6sw,f580d1e9-65ae-4192-b3c7-b5931578bb6b,1,3440.567164
2026/02/05/00:16:53,running-time,rs-003345-9b6sw,f580d1e9-65ae-4192-b3c7-b5931578bb6b,1,3440.567164
2026/02/05/00:16:53,apply-time,rs-003345-9z787,6d891264-ada7-45b2-ba78-13a727dcfa7a,1,3440.567164
2026/02/05/00:16:53,running-time,rs-003345-9z787,6d891264-ada7-45b2-ba78-13a727dcfa7a,1,3440.567164
2026/02/05/00:16:53,apply-time,rs-003345-gn6bw,bc022446-5109-46f2-a7e5-63af4555d6dd,1,3440.567164
2026/02/05/00:16:53,running-time,rs-003345-gn6bw,bc022446-5109-46f2-a7e5-63af4555d6dd,1,3440.567164
2026/02/05/00:16:54,apply-time,rs-003346-cqj59,ce251b3c-27a2-4e0d-aabd-094743f489ed,1,3440.567164
2026/02/05/00:16:54,running-time,rs-003346-cqj59,ce251b3c-27a2-4e0d-aabd-094743f489ed,1,3440.567164
2026/02/05/00:16:54,apply-time,rs-003346-vc88q,bd23e548-75c5-4154-94bd-731f7b736b3a,1,3441.567164
2026/02/05/00:16:54,running-time,rs-003346-vc88q,bd23e548-75c5-4154-94bd-731f7b736b3a,1,3441.567164
2026/02/05/00:16:54,apply-time,rs-003347-d9g7t,2253c123-69da-4114-8d8b-7814e44ec7a4,1,3441.567164
2026/02/05/00:16:54,running-time,rs-003347-d9g7t,2253c123-69da-4114-8d8b-7814e44ec7a4,1,3441.567164
2026/02/05/00:16:54,apply-time,rs-003348-nx5ws,3c95b3ae-2644-4225-b043-b508441765f0,1,3441.567164
2026/02/05/00:16:54,running-time,rs-003348-nx5ws,3c95b3ae-2644-4225-b043-b508441765f0,1,3441.567164
2026/02/05/00:16:54,apply-time,rs-003349-9pch5,239a3c65-7d21-4350-aea4-b0146245af48,1,3441.567164
2026/02/05/00:16:54,running-time,rs-003349-9pch5,239a3c65-7d21-4350-aea4-b0146245af48,1,3441.567164
2026/02/05/00:16:54,apply-time,rs-003350-n6rvt,f8ce8613-7417-438b-933d-0b776f2b6f62,1,3441.567164
2026/02/05/00:16:54,running-time,rs-003350-n6rvt,f8ce8613-7417-438b-933d-0b776f2b6f62,1,3441.567164
2026/02/05/00:16:55,apply-time,rs-003351-96kjf,81faa298-ba0a-40e0-add1-fac09220272f,1,3441.567164
2026/02/05/00:16:55,running-time,rs-003351-96kjf,81faa298-ba0a-40e0-add1-fac09220272f,1,3441.567164
2026/02/05/00:16:55,apply-time,rs-003353-5dnc6,52f925d9-ec03-4040-8e0c-2903020afa93,1,3441.567164
2026/02/05/00:16:55,apply-time,rs-003354-6rmqq,090e756d-9543-42d5-b33f-dacfe9cbc5b6,1,3442.567164
2026/02/05/00:16:55,running-time,rs-003354-6rmqq,090e756d-9543-42d5-b33f-dacfe9cbc5b6,1,3442.567164
2026/02/05/00:16:55,apply-time,rs-003354-jhgjj,8f5435d2-686d-4ae6-84ca-68d77ec3c347,1,3442.567164
2026/02/05/00:16:55,running-time,rs-003354-jhgjj,8f5435d2-686d-4ae6-84ca-68d77ec3c347,1,3442.567164
2026/02/05/00:16:55,apply-time,rs-003354-s4vpd,b3c98dda-5963-41c8-945f-d0aefb875042,1,3442.567164
2026/02/05/00:16:55,running-time,rs-003354-s4vpd,b3c98dda-5963-41c8-945f-d0aefb875042,1,3442.567164
2026/02/05/00:16:55,apply-time,rs-003355-7kkfh,eee4cf9a-c8ef-48fb-8776-da3c29d4172c,1,3442.567164
2026/02/05/00:16:55,apply-time,rs-003356-7kf88,52a0aae6-eebd-4380-b41f-10c13ee1bac6,1,3442.567164
2026/02/05/00:16:55,apply-time,rs-003358-m8k6m,20a49299-547c-48ab-a6bc-81f36a4e46b7,1,3442.567164
2026/02/05/00:16:55,running-time,rs-003358-m8k6m,20a49299-547c-48ab-a6bc-81f36a4e46b7,1,3442.567164
2026/02/05/00:16:56,apply-time,rs-003356-65txm,896dfe82-7d4c-4a6c-a3fe-4fea4f3d724f,1,3442.567164
2026/02/05/00:16:56,apply-time,rs-003356-r46f9,c4061180-c2d4-4609-80a1-cd01a369249a,1,3442.567164
2026/02/05/00:16:56,apply-time,rs-003357-ppwfd,c2411281-1796-4ec5-a4a8-e3e215605787,1,3443.567164
2026/02/05/00:16:56,running-time,rs-003357-ppwfd,c2411281-1796-4ec5-a4a8-e3e215605787,1,3443.567164
2026/02/05/00:16:56,apply-time,rs-003357-qxdll,0d8b7fd4-d4a9-4d3c-8143-e81b11496c12,1,3442.567164
2026/02/05/00:16:56,running-time,rs-003357-qxdll,0d8b7fd4-d4a9-4d3c-8143-e81b11496c12,1,3442.567164
2026/02/05/00:16:56,apply-time,rs-003359-ng5rd,34c34969-c248-4fb8-b34a-07ca8b8266d8,1,3443.567164
2026/02/05/00:16:56,running-time,rs-003359-ng5rd,34c34969-c248-4fb8-b34a-07ca8b8266d8,1,3443.567164
2026/02/05/00:16:56,apply-time,rs-003359-slwgz,c3d9dcf1-53d8-4c4b-8b16-93f445dda66a,1,3442.567164
2026/02/05/00:16:56,running-time,rs-003359-slwgz,c3d9dcf1-53d8-4c4b-8b16-93f445dda66a,1,3442.567164
2026/02/05/00:16:56,apply-time,rs-003360-29bcg,02dcc3b1-e404-45a4-8523-12ebdfe9f925,1,3443.567164
2026/02/05/00:16:57,apply-time,rs-003360-7m4dk,735f2475-5eaf-48c1-9493-eb436f9856c0,1,3443.567164
2026/02/05/00:16:57,apply-time,rs-003360-gsk6s,65fb01d8-9f56-43bd-817d-4e0a229c32aa,1,3443.567164
2026/02/05/00:16:57,apply-time,rs-003361-5dz2b,3965be61-446d-4ffe-ab94-02b569015027,1,3444.567164
2026/02/05/00:16:57,running-time,rs-003361-5dz2b,3965be61-446d-4ffe-ab94-02b569015027,1,3444.567164
2026/02/05/00:16:57,apply-time,rs-003361-p647q,a1958350-8b97-4b2d-96ba-20ce50753bc5,1,3444.567164
2026/02/05/00:16:57,running-time,rs-003361-p647q,a1958350-8b97-4b2d-96ba-20ce50753bc5,1,3444.567164
2026/02/05/00:16:57,apply-time,rs-003362-ml8l8,6e76126f-7029-482d-8089-7dd226aed03c,1,3444.567164
2026/02/05/00:16:57,running-time,rs-003362-ml8l8,6e76126f-7029-482d-8089-7dd226aed03c,1,3444.567164
2026/02/05/00:16:57,apply-time,rs-003363-4xfs6,11127ab3-b148-435d-8fd9-4de916368bf3,1,3444.567164
2026/02/05/00:16:57,running-time,rs-003363-4xfs6,11127ab3-b148-435d-8fd9-4de916368bf3,1,3444.567164
2026/02/05/00:16:57,apply-time,rs-003363-9928z,c33eb0b2-46ad-477e-8fbd-7412c868ae94,1,3444.567164
2026/02/05/00:16:57,running-time,rs-003363-9928z,c33eb0b2-46ad-477e-8fbd-7412c868ae94,1,3444.567164
2026/02/05/00:16:57,apply-time,rs-003363-fgtw5,d218f873-adec-45d0-8369-e6815f6a6336,1,3444.567164
2026/02/05/00:16:57,running-time,rs-003363-fgtw5,d218f873-adec-45d0-8369-e6815f6a6336,1,3444.567164
2026/02/05/00:16:57,apply-time,rs-003364-42897,ea2db08b-648f-4ca5-bf43-e0ef1848853a,1,3444.567164
2026/02/05/00:16:57,running-time,rs-003364-42897,ea2db08b-648f-4ca5-bf43-e0ef1848853a,1,3444.567164
2026/02/05/00:16:57,apply-time,rs-003364-8nszx,ba300bee-565c-4b3b-bcd3-beff66b1e12c,1,3444.567164
2026/02/05/00:16:57,running-time,rs-003364-8nszx,ba300bee-565c-4b3b-bcd3-beff66b1e12c,1,3444.567164
2026/02/05/00:16:57,apply-time,rs-003364-hbtqq,9cf44986-fc6c-4a56-bfe5-0558f5f5ce5e,1,3444.567164
2026/02/05/00:16:57,running-time,rs-003364-hbtqq,9cf44986-fc6c-4a56-bfe5-0558f5f5ce5e,1,3444.567164
2026/02/05/00:16:57,apply-time,rs-003365-fmvdp,c811ae88-f3c8-46f0-ba4b-11c52d6804fe,1,3444.567164
2026/02/05/00:16:57,running-time,rs-003365-fmvdp,c811ae88-f3c8-46f0-ba4b-11c52d6804fe,1,3444.567164
2026/02/05/00:16:58,apply-time,rs-003365-cg28w,eed8d7b1-9873-4353-bd28-8e122ea4ebb1,1,3444.567164
2026/02/05/00:16:58,running-time,rs-003365-cg28w,eed8d7b1-9873-4353-bd28-8e122ea4ebb1,1,3445.567164
2026/02/05/00:16:58,apply-time,rs-003365-vg2cc,f1c3b324-65c2-406b-9a9e-f557c88fddd8,1,3445.567164
2026/02/05/00:16:58,running-time,rs-003365-vg2cc,f1c3b324-65c2-406b-9a9e-f557c88fddd8,1,3445.567164
2026/02/05/00:16:58,apply-time,rs-003366-5hmgf,435a6910-d188-4fe1-9cb2-ede13ff2d23b,1,3444.567164
2026/02/05/00:16:58,running-time,rs-003366-5hmgf,435a6910-d188-4fe1-9cb2-ede13ff2d23b,1,3444.567164
2026/02/05/00:16:58,apply-time,rs-003368-68kpj,d7293dae-2ae7-494b-b501-8a9c62052b21,1,3445.567164
2026/02/05/00:16:58,apply-time,rs-003368-8m5w7,73ebdfca-a364-49f4-b879-bdc5aabbc01d,1,3445.567164
2026/02/05/00:16:58,apply-time,rs-003368-lq4h8,4dc44a23-90da-48f4-a3b5-9121166f65b7,1,3445.567164
2026/02/05/00:16:58,apply-time,rs-003370-qktsc,1b2f5352-0fe3-4182-906d-2a54a9b199b5,1,3445.567164
2026/02/05/00:16:58,running-time,rs-003370-qktsc,1b2f5352-0fe3-4182-906d-2a54a9b199b5,1,3445.567164
2026/02/05/00:16:58,apply-time,rs-003371-t485d,dc187895-026e-44c9-b1c1-d806732a3eac,1,3445.567164
2026/02/05/00:16:58,running-time,rs-003371-t485d,dc187895-026e-44c9-b1c1-d806732a3eac,1,3445.567164
2026/02/05/00:16:59,apply-time,rs-003370-dh4nd,ea014a12-bab8-46fa-a365-a722c8894fcc,1,3445.567164
2026/02/05/00:16:59,running-time,rs-003370-dh4nd,ea014a12-bab8-46fa-a365-a722c8894fcc,1,3445.567164
2026/02/05/00:16:59,apply-time,rs-003370-xlvwd,7edd33d6-8f7d-43c3-9bb2-0940298d0ce5,1,3445.567164
2026/02/05/00:16:59,running-time,rs-003370-xlvwd,7edd33d6-8f7d-43c3-9bb2-0940298d0ce5,1,3445.567164
2026/02/05/00:16:59,apply-time,rs-003372-6dqgs,ddb3d848-929e-4448-b0b4-d2161ef39587,1,3446.567164
2026/02/05/00:16:59,apply-time,rs-003372-6qkfs,3c3e59e5-01f9-4b76-8f25-c5d91f46d55b,1,3446.567164
2026/02/05/00:16:59,apply-time,rs-003372-gl5pz,eeb0b50f-b427-489a-ab1d-d99541fee594,1,3446.567164
2026/02/05/00:17:00,running-time,rs-003372-6qkfs,3c3e59e5-01f9-4b76-8f25-c5d91f46d55b,1,3446.567164
2026/02/05/00:17:01,apply-time,rs-003373-mmr9c,4537a6c3-6639-4100-bfb0-d841af5a9696,1,3448.567164
2026/02/05/00:17:01,apply-time,rs-003373-nwxdd,1c11f6aa-9731-484c-b4bf-0d9700ada850,1,3447.567164
2026/02/05/00:17:06,running-time,rs-003372-6dqgs,ddb3d848-929e-4448-b0b4-d2161ef39587,1,3453.567164
2026/02/05/00:17:10,apply-time,rs-003374-v4clp,b2e6635a-6f8f-430b-9030-ab496c022366,1,3457.567164
2026/02/05/00:17:10,running-time,rs-003374-v4clp,b2e6635a-6f8f-430b-9030-ab496c022366,1,3457.567164
2026/02/05/00:17:10,apply-time,rs-003375-4nkwg,21ee5780-8955-40c1-b94d-ce0c03a99b03,1,3457.567164
2026/02/05/00:17:10,running-time,rs-003375-4nkwg,21ee5780-8955-40c1-b94d-ce0c03a99b03,1,3457.567164
2026/02/05/00:17:10,apply-time,rs-003375-4q6f9,77e7ba4f-17d5-4581-80a2-a68325e1ce6a,1,3457.567164
2026/02/05/00:17:10,running-time,rs-003375-4q6f9,77e7ba4f-17d5-4581-80a2-a68325e1ce6a,1,3457.567164
2026/02/05/00:17:15,apply-time,rs-003376-hchg8,dd793000-86ab-407c-a8dc-b306db46422d,1,3462.567164
2026/02/05/00:17:15,running-time,rs-003376-hchg8,dd793000-86ab-407c-a8dc-b306db46422d,1,3462.567164
2026/02/05/00:17:24,apply-time,rs-003377-7s99f,1b4cd5cb-7248-412f-9faa-bdccc02ff952,1,3470.567164
2026/02/05/00:17:24,running-time,rs-003377-7s99f,1b4cd5cb-7248-412f-9faa-bdccc02ff952,1,3470.567164
2026/02/05/00:17:24,apply-time,rs-003378-5wh2k,0d58710a-029e-4f1a-99b2-b2123bd88081,1,3470.567164
2026/02/05/00:17:24,running-time,rs-003378-5wh2k,0d58710a-029e-4f1a-99b2-b2123bd88081,1,3470.567164
2026/02/05/00:17:24,apply-time,rs-003378-lgkxq,a86bfa02-68e1-44c5-87ca-eb416c249e4f,1,3470.567164
2026/02/05/00:17:24,running-time,rs-003378-lgkxq,a86bfa02-68e1-44c5-87ca-eb416c249e4f,1,3470.567164
2026/02/05/00:17:24,apply-time,rs-003378-n8nr6,7ef9f2bc-9fa7-4aea-8b0f-308f8a37fb12,1,3470.567164
2026/02/05/00:17:24,running-time,rs-003378-n8nr6,7ef9f2bc-9fa7-4aea-8b0f-308f8a37fb12,1,3470.567164
2026/02/05/00:17:27,apply-time,rs-003379-hsdpt,893bd4aa-13bb-43d8-863f-b9f0b4a0073d,1,3474.567164
2026/02/05/00:17:27,running-time,rs-003379-hsdpt,893bd4aa-13bb-43d8-863f-b9f0b4a0073d,1,3474.567164
2026/02/05/00:17:27,apply-time,rs-003379-pncpp,74b11ffc-fee2-4d43-958c-09ce20750853,1,3474.567164
2026/02/05/00:17:27,running-time,rs-003379-pncpp,74b11ffc-fee2-4d43-958c-09ce20750853,1,3474.567164
2026/02/05/00:17:27,apply-time,rs-003380-d5vzk,87280c28-6763-447d-8dc3-9584f25cc2e4,1,3474.567164
2026/02/05/00:17:27,running-time,rs-003380-d5vzk,87280c28-6763-447d-8dc3-9584f25cc2e4,1,3474.567164
2026/02/05/00:17:27,apply-time,rs-003380-k2p66,54aa892c-4ae8-418a-8b32-d88693a518e0,1,3474.567164
2026/02/05/00:17:27,running-time,rs-003380-k2p66,54aa892c-4ae8-418a-8b32-d88693a518e0,1,3474.567164
2026/02/05/00:17:27,apply-time,rs-003380-wgbtw,2f10ccf9-0657-4962-be0f-b35251d3efd4,1,3474.567164
2026/02/05/00:17:27,running-time,rs-003380-wgbtw,2f10ccf9-0657-4962-be0f-b35251d3efd4,1,3474.567164
2026/02/05/00:17:28,apply-time,rs-003381-2vxgx,7b59a910-5337-46f6-9408-ffc6afd86051,1,3474.567164
2026/02/05/00:17:28,running-time,rs-003381-2vxgx,7b59a910-5337-46f6-9408-ffc6afd86051,1,3475.567164
2026/02/05/00:17:28,apply-time,rs-003381-l7t5j,e8fa3092-6320-441f-bc21-0dc12dc28dd7,1,3475.567164
2026/02/05/00:17:28,running-time,rs-003381-l7t5j,e8fa3092-6320-441f-bc21-0dc12dc28dd7,1,3475.567164
2026/02/05/00:17:28,apply-time,rs-003382-6bfp9,031a3e49-3aa5-4daa-ba5e-733a8e5786ac,1,3474.567164
2026/02/05/00:17:28,running-time,rs-003382-6bfp9,031a3e49-3aa5-4daa-ba5e-733a8e5786ac,1,3475.567164
2026/02/05/00:17:28,apply-time,rs-003382-785xp,36449ead-d696-4e2d-8e5c-e470698a0adc,1,3475.567164
2026/02/05/00:17:28,running-time,rs-003382-785xp,36449ead-d696-4e2d-8e5c-e470698a0adc,1,3475.567164
2026/02/05/00:17:38,apply-time,rs-003383-cb5tb,cc6e4652-d101-4e69-883c-911856799311,1,3485.567164
2026/02/05/00:17:38,running-time,rs-003383-cb5tb,cc6e4652-d101-4e69-883c-911856799311,1,3485.567164
2026/02/05/00:17:38,apply-time,rs-003383-t2x8r,c6e5a979-b8eb-471d-9cba-205f997cd2ac,1,3485.567164
2026/02/05/00:17:38,running-time,rs-003383-t2x8r,c6e5a979-b8eb-471d-9cba-205f997cd2ac,1,3485.567164
2026/02/05/00:17:39,apply-time,rs-003384-c82z5,0fae7161-7139-4322-9a98-e51dbc1e33b8,1,3486.567164
2026/02/05/00:17:39,running-time,rs-003384-c82z5,0fae7161-7139-4322-9a98-e51dbc1e33b8,1,3486.567164
2026/02/05/00:17:39,apply-time,rs-003384-jxk5w,ef4a8602-6d9b-49a8-b4db-7ab8d20b5ca6,1,3486.567164
2026/02/05/00:17:39,running-time,rs-003384-jxk5w,ef4a8602-6d9b-49a8-b4db-7ab8d20b5ca6,1,3486.567164
2026/02/05/00:17:39,apply-time,rs-003384-z2kc2,940870cb-0a76-406b-8ae4-c17a77237b49,1,3486.567164
2026/02/05/00:17:39,running-time,rs-003384-z2kc2,940870cb-0a76-406b-8ae4-c17a77237b49,1,3486.567164
2026/02/05/00:17:39,apply-time,rs-003385-bfhss,368b0df8-fc9a-4131-a512-fa12d12f6678,1,3486.567164
2026/02/05/00:17:39,running-time,rs-003385-bfhss,368b0df8-fc9a-4131-a512-fa12d12f6678,1,3486.567164
2026/02/05/00:17:39,apply-time,rs-003385-hlprs,c0d2cd75-ae14-429d-8824-41c57dd97097,1,3486.567164
2026/02/05/00:17:39,running-time,rs-003385-hlprs,c0d2cd75-ae14-429d-8824-41c57dd97097,1,3486.567164
2026/02/05/00:17:39,apply-time,rs-003386-t6fjf,7f667c6a-3cc6-431b-9c16-a1680a4fd745,1,3486.567164
2026/02/05/00:17:39,running-time,rs-003386-t6fjf,7f667c6a-3cc6-431b-9c16-a1680a4fd745,1,3486.567164
2026/02/05/00:17:47,apply-time,rs-003387-mgmqz,7c709368-c03a-40ee-95b2-ecff791e4a1f,1,3494.567164
2026/02/05/00:17:47,running-time,rs-003387-mgmqz,7c709368-c03a-40ee-95b2-ecff791e4a1f,1,3494.567164
2026/02/05/00:17:47,apply-time,rs-003388-mh8wc,04a22000-f187-49b7-8534-4b9194f57c4e,1,3494.567164
2026/02/05/00:17:47,running-time,rs-003388-mh8wc,04a22000-f187-49b7-8534-4b9194f57c4e,1,3494.567164
2026/02/05/00:17:47,apply-time,rs-003389-2qmmq,71a71133-f7d3-46c9-9687-e698f4811162,1,3494.567164
2026/02/05/00:17:47,running-time,rs-003389-2qmmq,71a71133-f7d3-46c9-9687-e698f4811162,1,3494.567164
2026/02/05/00:17:47,apply-time,rs-003389-89cwp,5cd990e5-3f4b-4d8a-a2a4-46ce07b52ae3,1,3494.567164
2026/02/05/00:17:47,running-time,rs-003389-89cwp,5cd990e5-3f4b-4d8a-a2a4-46ce07b52ae3,1,3494.567164
2026/02/05/00:17:47,apply-time,rs-003389-985fn,2589a6cb-8349-4223-82b7-46fcb6cd2067,1,3494.567164
2026/02/05/00:17:47,running-time,rs-003389-985fn,2589a6cb-8349-4223-82b7-46fcb6cd2067,1,3494.567164
2026/02/05/00:17:47,apply-time,rs-003390-2w55q,9efdb3ca-64f4-4a18-8529-c7adc85affd0,1,3494.567164
2026/02/05/00:17:47,running-time,rs-003390-2w55q,9efdb3ca-64f4-4a18-8529-c7adc85affd0,1,3494.567164
2026/02/05/00:17:47,apply-time,rs-003390-fj67f,5f297ea3-aff8-4ed2-b6be-f050b638c0af,1,3494.567164
2026/02/05/00:17:47,running-time,rs-003390-fj67f,5f297ea3-aff8-4ed2-b6be-f050b638c0af,1,3494.567164
2026/02/05/00:17:47,apply-time,rs-003390-mjjvh,b6328941-b631-44a7-828a-5e0cc33e5613,1,3494.567164
2026/02/05/00:17:47,running-time,rs-003390-mjjvh,b6328941-b631-44a7-828a-5e0cc33e5613,1,3494.567164
2026/02/05/00:17:49,apply-time,rs-003391-bxwfm,c7e5bf67-ed00-4423-a959-ced6f60d45c8,1,3496.567164
2026/02/05/00:17:49,running-time,rs-003391-bxwfm,c7e5bf67-ed00-4423-a959-ced6f60d45c8,1,3496.567164
2026/02/05/00:17:49,apply-time,rs-003391-dx94t,0c29b2a8-d9ed-46f5-ada7-da92a83374d3,1,3496.567164
2026/02/05/00:17:49,running-time,rs-003391-dx94t,0c29b2a8-d9ed-46f5-ada7-da92a83374d3,1,3496.567164
2026/02/05/00:17:49,apply-time,rs-003391-l2gqm,57406353-7d3b-46ce-8ea1-e992a43fca0c,1,3496.567164
2026/02/05/00:17:49,running-time,rs-003391-l2gqm,57406353-7d3b-46ce-8ea1-e992a43fca0c,1,3496.567164
2026/02/05/00:17:49,apply-time,rs-003392-2lrbv,f5b3e3fd-e2cf-4367-aeab-81068e4c60b6,1,3496.567164
2026/02/05/00:17:49,running-time,rs-003392-2lrbv,f5b3e3fd-e2cf-4367-aeab-81068e4c60b6,1,3496.567164
2026/02/05/00:17:49,apply-time,rs-003393-tjrxs,b569b54e-4f94-4dba-9f2a-f5aac347bd44,1,3496.567164
2026/02/05/00:17:50,running-time,rs-003393-tjrxs,b569b54e-4f94-4dba-9f2a-f5aac347bd44,1,3496.567164
2026/02/05/00:17:51,apply-time,rs-003394-dbzl6,d60de7d7-e15d-4ef8-8963-40c2aaa43db8,1,3498.567164
2026/02/05/00:17:51,running-time,rs-003394-dbzl6,d60de7d7-e15d-4ef8-8963-40c2aaa43db8,1,3498.567164
2026/02/05/00:17:51,apply-time,rs-003394-fvrmr,ca6012d1-5a91-46ff-8e37-ecbcf63cde49,1,3498.567164
2026/02/05/00:17:51,running-time,rs-003394-fvrmr,ca6012d1-5a91-46ff-8e37-ecbcf63cde49,1,3498.567164
2026/02/05/00:17:51,apply-time,rs-003394-pccvk,1ba82c6e-240d-4428-b10b-00655375919b,1,3498.567164
2026/02/05/00:17:51,running-time,rs-003394-pccvk,1ba82c6e-240d-4428-b10b-00655375919b,1,3498.567164
2026/02/05/00:17:51,apply-time,rs-003395-9p2xg,195bfaa0-072f-400e-af63-580c5fc3cb76,1,3498.567164
2026/02/05/00:17:51,running-time,rs-003395-9p2xg,195bfaa0-072f-400e-af63-580c5fc3cb76,1,3498.567164
2026/02/05/00:17:51,apply-time,rs-003395-9wzqx,f1a7879a-c1ce-4f42-b6f4-3374e6e60f63,1,3498.567164
2026/02/05/00:17:51,running-time,rs-003395-9wzqx,f1a7879a-c1ce-4f42-b6f4-3374e6e60f63,1,3498.567164
2026/02/05/00:17:51,apply-time,rs-003395-lpfcl,8fcd3347-967c-49ac-9186-0e5fbcc3bba9,1,3498.567164
2026/02/05/00:17:51,running-time,rs-003395-lpfcl,8fcd3347-967c-49ac-9186-0e5fbcc3bba9,1,3498.567164
2026/02/05/00:17:51,apply-time,rs-003396-nllx5,2fa53998-5f56-4e16-889b-54fbbf26357a,1,3498.567164
2026/02/05/00:17:51,apply-time,rs-003397-vtrx6,c8153ff3-0d91-4611-a743-f8a70877b19c,1,3498.567164
2026/02/05/00:17:51,running-time,rs-003397-vtrx6,c8153ff3-0d91-4611-a743-f8a70877b19c,1,3498.567164
2026/02/05/00:17:52,running-time,rs-003396-nllx5,2fa53998-5f56-4e16-889b-54fbbf26357a,1,3498.567164
2026/02/05/00:17:52,apply-time,rs-003398-cd6h2,9714e0af-b6c8-4bf7-a65f-b14780a5e17f,1,3498.567164
2026/02/05/00:17:52,running-time,rs-003398-cd6h2,9714e0af-b6c8-4bf7-a65f-b14780a5e17f,1,3498.567164
2026/02/05/00:17:52,apply-time,rs-003398-jptt2,2c8bc573-f9b5-4100-93e5-41c9f09c0b0b,1,3498.567164
2026/02/05/00:17:52,running-time,rs-003398-jptt2,2c8bc573-f9b5-4100-93e5-41c9f09c0b0b,1,3498.567164
2026/02/05/00:17:52,apply-time,rs-003399-cnvn2,921e3227-65c6-499f-be09-8812f767b7a6,1,3499.567164
2026/02/05/00:17:52,apply-time,rs-003400-kgtw8,a517e914-f1bf-400e-8764-b39bc40c0944,1,3499.567164
2026/02/05/00:17:52,running-time,rs-003400-kgtw8,a517e914-f1bf-400e-8764-b39bc40c0944,1,3499.567164
2026/02/05/00:17:52,apply-time,rs-003401-g8z9v,91aaaca3-b71d-4799-810b-2a196469b1dd,1,3499.567164
2026/02/05/00:17:52,apply-time,rs-003401-kzmcq,2bd65016-df49-4926-9e52-98a3a9cd6300,1,3499.567164
2026/02/05/00:17:52,apply-time,rs-003401-zqxvn,4be37f27-3017-4526-8797-80a4fcd10521,1,3499.567164
2026/02/05/00:17:52,apply-time,rs-003402-8cp7j,d7df02b0-a27f-4c57-9ada-207240c364f3,1,3499.567164
2026/02/05/00:17:52,running-time,rs-003402-8cp7j,d7df02b0-a27f-4c57-9ada-207240c364f3,1,3499.567164
2026/02/05/00:17:53,running-time,rs-003399-cnvn2,921e3227-65c6-499f-be09-8812f767b7a6,1,3499.567164
2026/02/05/00:17:53,apply-time,rs-003399-z5t4s,391f662a-a3b2-4b10-b1db-de5ed5d9b7d7,1,3499.567164
2026/02/05/00:17:53,running-time,rs-003399-z5t4s,391f662a-a3b2-4b10-b1db-de5ed5d9b7d7,1,3499.567164
2026/02/05/00:17:53,apply-time,rs-003399-zqm6b,c94141c5-1dde-43b8-9b9e-7caaddb7aead,1,3499.567164
2026/02/05/00:17:53,running-time,rs-003399-zqm6b,c94141c5-1dde-43b8-9b9e-7caaddb7aead,1,3499.567164
2026/02/05/00:17:53,running-time,rs-003401-g8z9v,91aaaca3-b71d-4799-810b-2a196469b1dd,1,3499.567164
2026/02/05/00:17:53,running-time,rs-003401-kzmcq,2bd65016-df49-4926-9e52-98a3a9cd6300,1,3499.567164
2026/02/05/00:17:53,running-time,rs-003401-zqxvn,4be37f27-3017-4526-8797-80a4fcd10521,1,3499.567164
2026/02/05/00:17:54,apply-time,rs-003403-qqkhm,234f3173-9296-4aeb-af2b-8b697d16d362,1,3500.567164
2026/02/05/00:17:56,running-time,rs-003403-qqkhm,234f3173-9296-4aeb-af2b-8b697d16d362,1,3503.567164
2026/02/05/00:18:02,apply-time,rs-003404-mvwwc,84fb80f0-bdcd-4a1e-a3cb-5d474dddc2fd,1,3509.567164
2026/02/05/00:18:02,running-time,rs-003404-mvwwc,84fb80f0-bdcd-4a1e-a3cb-5d474dddc2fd,1,3509.567164
2026/02/05/00:18:02,apply-time,rs-003404-vp5bx,24c7a82a-f2e7-4df7-9b01-6ac33f935301,1,3509.567164
2026/02/05/00:18:02,running-time,rs-003404-vp5bx,24c7a82a-f2e7-4df7-9b01-6ac33f935301,1,3509.567164
2026/02/05/00:18:02,apply-time,rs-003405-rpdwd,927f3cc4-057b-401f-a016-d1f318c743e3,1,3509.567164
2026/02/05/00:18:02,running-time,rs-003405-rpdwd,927f3cc4-057b-401f-a016-d1f318c743e3,1,3509.567164
2026/02/05/00:18:02,apply-time,rs-003406-hp89w,bba20a87-e81f-4297-b1fd-9d56a7f5512d,1,3509.567164
2026/02/05/00:18:02,running-time,rs-003406-hp89w,bba20a87-e81f-4297-b1fd-9d56a7f5512d,1,3509.567164
2026/02/05/00:18:02,apply-time,rs-003406-kd7xh,a368bb27-fd2d-4530-96b9-5e644a76ad55,1,3509.567164
2026/02/05/00:18:02,running-time,rs-003406-kd7xh,a368bb27-fd2d-4530-96b9-5e644a76ad55,1,3509.567164
2026/02/05/00:18:02,apply-time,rs-003407-f9rn7,e2130b91-a880-43c8-9256-8530965dfe42,1,3509.567164
2026/02/05/00:18:02,running-time,rs-003407-f9rn7,e2130b91-a880-43c8-9256-8530965dfe42,1,3509.567164
2026/02/05/00:18:03,apply-time,rs-003408-b9hmc,2bb3cfc5-86a6-430b-99b5-a784288953cc,1,3510.567164
2026/02/05/00:18:03,running-time,rs-003408-b9hmc,2bb3cfc5-86a6-430b-99b5-a784288953cc,1,3510.567164
2026/02/05/00:18:03,apply-time,rs-003408-kgnbt,a1e7d691-6d9b-4c79-b267-85f96cc31e29,1,3509.567164
2026/02/05/00:18:03,running-time,rs-003408-kgnbt,a1e7d691-6d9b-4c79-b267-85f96cc31e29,1,3509.567164
2026/02/05/00:18:03,apply-time,rs-003408-wqx9k,750ace4c-01f4-48d6-9df2-f9b379ddfde1,1,3510.567164
2026/02/05/00:18:03,running-time,rs-003408-wqx9k,750ace4c-01f4-48d6-9df2-f9b379ddfde1,1,3510.567164
2026/02/05/00:18:03,apply-time,rs-003409-vkg7v,a3700b1f-acd9-4aba-b13d-77069df0886f,1,3509.567164
2026/02/05/00:18:03,running-time,rs-003409-vkg7v,a3700b1f-acd9-4aba-b13d-77069df0886f,1,3509.567164
2026/02/05/00:18:16,apply-time,rs-003410-fx4db,0327c8d2-7a0d-4b47-b1cc-feb59ae6e86e,1,3523.567164
2026/02/05/00:18:16,running-time,rs-003410-fx4db,0327c8d2-7a0d-4b47-b1cc-feb59ae6e86e,1,3523.567164
2026/02/05/00:18:16,apply-time,rs-003411-2mj49,c527674e-25c9-4c44-9a9a-6e01de669f89,1,3523.567164
2026/02/05/00:18:16,running-time,rs-003411-2mj49,c527674e-25c9-4c44-9a9a-6e01de669f89,1,3523.567164
2026/02/05/00:18:16,apply-time,rs-003411-mvksm,5dab2605-4221-4ade-a381-b0a6acfc80de,1,3523.567164
2026/02/05/00:18:16,running-time,rs-003411-mvksm,5dab2605-4221-4ade-a381-b0a6acfc80de,1,3523.567164
2026/02/05/00:18:16,apply-time,rs-003412-9wjv4,10d5924b-8be2-4675-aa88-9c27539a4ce5,1,3523.567164
2026/02/05/00:18:16,running-time,rs-003412-9wjv4,10d5924b-8be2-4675-aa88-9c27539a4ce5,1,3523.567164
2026/02/05/00:18:18,apply-time,rs-003413-snnjb,65bcb27b-58b8-44ed-9a91-061eaa8cdbad,1,3525.567164
2026/02/05/00:18:18,running-time,rs-003413-snnjb,65bcb27b-58b8-44ed-9a91-061eaa8cdbad,1,3525.567164
2026/02/05/00:18:18,apply-time,rs-003413-xzq56,c7c48791-06ed-472d-916c-b66897cccc88,1,3525.567164
2026/02/05/00:18:18,running-time,rs-003413-xzq56,c7c48791-06ed-472d-916c-b66897cccc88,1,3525.567164
2026/02/05/00:18:18,apply-time,rs-003414-crkmt,35a6167a-42d2-4395-8cc7-5ec6090c4c7e,1,3525.567164
2026/02/05/00:18:18,running-time,rs-003414-crkmt,35a6167a-42d2-4395-8cc7-5ec6090c4c7e,1,3525.567164
2026/02/05/00:18:18,apply-time,rs-003414-qcznx,af9e893c-be92-45b9-b506-278d1bfb3c8e,1,3525.567164
2026/02/05/00:18:18,running-time,rs-003414-qcznx,af9e893c-be92-45b9-b506-278d1bfb3c8e,1,3525.567164
2026/02/05/00:18:18,apply-time,rs-003415-z6ngx,3f582453-5dd1-4fc5-8d95-ff9f47bfa476,1,3525.567164
2026/02/05/00:18:18,running-time,rs-003415-z6ngx,3f582453-5dd1-4fc5-8d95-ff9f47bfa476,1,3525.567164
2026/02/05/00:18:18,apply-time,rs-003417-sv58h,1918c8ff-66c0-403c-ab33-9e1b22d173a2,1,3525.567164
2026/02/05/00:18:18,apply-time,rs-003417-zhbm8,a9834358-1534-4b02-91d8-2624c6a780b4,1,3525.567164
2026/02/05/00:18:18,apply-time,rs-003418-c5lrh,979cc958-4b34-4f5d-a3b8-4e6f110421cd,1,3525.567164
2026/02/05/00:18:18,apply-time,rs-003418-dxk47,339b651b-f882-4545-8b74-6bc27533d6c4,1,3525.567164
2026/02/05/00:18:18,apply-time,rs-003418-hprmm,b48bde7c-f71f-44f5-ae9a-4bac140c6e34,1,3525.567164
2026/02/05/00:18:19,apply-time,rs-003416-j6db6,932a37bc-c342-45ae-9ca6-1b7ef7066660,1,3525.567164
2026/02/05/00:18:19,running-time,rs-003416-j6db6,932a37bc-c342-45ae-9ca6-1b7ef7066660,1,3525.567164
2026/02/05/00:18:19,running-time,rs-003417-sv58h,1918c8ff-66c0-403c-ab33-9e1b22d173a2,1,3525.567164
2026/02/05/00:18:19,running-time,rs-003417-zhbm8,a9834358-1534-4b02-91d8-2624c6a780b4,1,3525.567164
2026/02/05/00:18:19,running-time,rs-003418-c5lrh,979cc958-4b34-4f5d-a3b8-4e6f110421cd,1,3525.567164
2026/02/05/00:18:19,running-time,rs-003418-dxk47,339b651b-f882-4545-8b74-6bc27533d6c4,1,3525.567164
2026/02/05/00:18:19,running-time,rs-003418-hprmm,b48bde7c-f71f-44f5-ae9a-4bac140c6e34,1,3525.567164
2026/02/05/00:18:19,apply-time,rs-003419-7bzpv,bac8a8eb-7227-4b0e-ab3b-c6dd8237f2a9,1,3525.567164
2026/02/05/00:18:19,running-time,rs-003419-7bzpv,bac8a8eb-7227-4b0e-ab3b-c6dd8237f2a9,1,3525.567164
2026/02/05/00:18:19,apply-time,rs-003419-hr7dv,0ee012b5-d3bb-4351-9122-9edc8cbc068b,1,3526.567164
2026/02/05/00:18:19,running-time,rs-003419-hr7dv,0ee012b5-d3bb-4351-9122-9edc8cbc068b,1,3526.567164
2026/02/05/00:18:19,apply-time,rs-003420-fs56z,6f943d4f-a73b-4a42-9fdd-ae8a0c3f6664,1,3526.567164
2026/02/05/00:18:19,apply-time,rs-003420-p6czb,400996b1-b484-4be4-b139-5e802471938c,1,3526.567164
2026/02/05/00:18:19,apply-time,rs-003421-4ktqq,50ca2e1b-ce5a-41ed-9451-898c5304ec6f,1,3526.567164
2026/02/05/00:18:19,running-time,rs-003421-4ktqq,50ca2e1b-ce5a-41ed-9451-898c5304ec6f,1,3526.567164
2026/02/05/00:18:19,apply-time,rs-003421-4vknd,f3fc48c0-787f-4063-914e-1eea721d721e,1,3526.567164
2026/02/05/00:18:19,apply-time,rs-003421-9dx4v,c1f53abc-2595-4de8-9f4a-3bf66179d24a,1,3526.567164
2026/02/05/00:18:22,apply-time,rs-003422-5njqb,bb910cce-889b-43e9-a6d0-d0bbe89a9e6b,1,3529.567164
2026/02/05/00:18:22,running-time,rs-003422-5njqb,bb910cce-889b-43e9-a6d0-d0bbe89a9e6b,1,3529.567164
2026/02/05/00:18:22,apply-time,rs-003422-ckcgd,739081c6-c1f6-4074-9e43-990cab776546,1,3529.567164
2026/02/05/00:18:22,running-time,rs-003422-ckcgd,739081c6-c1f6-4074-9e43-990cab776546,1,3529.567164
2026/02/05/00:18:22,apply-time,rs-003422-wv9jb,6bfc6556-b514-40f0-94a4-bf3f9bce77ae,1,3529.567164
2026/02/05/00:18:22,running-time,rs-003422-wv9jb,6bfc6556-b514-40f0-94a4-bf3f9bce77ae,1,3529.567164
2026/02/05/00:18:22,apply-time,rs-003423-x8b4g,78fb0233-912e-4fa5-a1e8-8f9548764dc6,1,3529.567164
2026/02/05/00:18:22,running-time,rs-003423-x8b4g,78fb0233-912e-4fa5-a1e8-8f9548764dc6,1,3529.567164
2026/02/05/00:18:22,apply-time,rs-003424-cggcg,eed680e0-d658-4417-8d6f-972a36dd1ad9,1,3529.567164
2026/02/05/00:18:22,running-time,rs-003424-cggcg,eed680e0-d658-4417-8d6f-972a36dd1ad9,1,3529.567164
2026/02/05/00:18:22,apply-time,rs-003424-pfjjw,da03c054-c64a-4d56-94ee-5a279d1295c4,1,3529.567164
2026/02/05/00:18:22,running-time,rs-003424-pfjjw,da03c054-c64a-4d56-94ee-5a279d1295c4,1,3529.567164
2026/02/05/00:18:22,apply-time,rs-003425-p7q7l,6d748d90-6e56-4e92-ab84-032019b7730e,1,3529.567164
2026/02/05/00:18:22,running-time,rs-003425-p7q7l,6d748d90-6e56-4e92-ab84-032019b7730e,1,3529.567164
2026/02/05/00:18:22,apply-time,rs-003425-vqxkn,8eee3561-685a-48ec-9515-fa27aa77c305,1,3529.567164
2026/02/05/00:18:22,running-time,rs-003425-vqxkn,8eee3561-685a-48ec-9515-fa27aa77c305,1,3529.567164
2026/02/05/00:18:22,apply-time,rs-003426-6j7jw,549b05b4-9bb6-4a2a-b437-3b5f766414d4,1,3529.567164
2026/02/05/00:18:22,running-time,rs-003426-6j7jw,549b05b4-9bb6-4a2a-b437-3b5f766414d4,1,3529.567164
2026/02/05/00:18:22,apply-time,rs-003426-mqsq2,2fa37702-db3a-4203-9c5c-e1da10923d32,1,3529.567164
2026/02/05/00:18:22,running-time,rs-003426-mqsq2,2fa37702-db3a-4203-9c5c-e1da10923d32,1,3529.567164
2026/02/05/00:18:29,apply-time,rs-003427-jjlcw,c5d1c855-afe2-453d-8c42-cd098addd51d,1,3535.567164
2026/02/05/00:18:29,running-time,rs-003427-jjlcw,c5d1c855-afe2-453d-8c42-cd098addd51d,1,3535.567164
2026/02/05/00:18:30,apply-time,rs-003428-8csl5,b13bb5d0-ab28-4476-bd1a-0b0afca4e10a,1,3537.567164
2026/02/05/00:18:30,running-time,rs-003428-8csl5,b13bb5d0-ab28-4476-bd1a-0b0afca4e10a,1,3537.567164
2026/02/05/00:18:30,apply-time,rs-003429-bcc8w,e68d4bd7-657f-41a7-9cf8-4ee853131b17,1,3537.567164
2026/02/05/00:18:30,running-time,rs-003429-bcc8w,e68d4bd7-657f-41a7-9cf8-4ee853131b17,1,3537.567164
2026/02/05/00:18:30,apply-time,rs-003429-v25bg,1747491a-0b70-4967-bcdb-5308424520f3,1,3537.567164
2026/02/05/00:18:30,running-time,rs-003429-v25bg,1747491a-0b70-4967-bcdb-5308424520f3,1,3537.567164
2026/02/05/00:18:30,apply-time,rs-003430-q6mzh,fae98515-da06-469e-bf2f-249a0bc9caae,1,3537.567164
2026/02/05/00:18:30,running-time,rs-003430-q6mzh,fae98515-da06-469e-bf2f-249a0bc9caae,1,3537.567164
2026/02/05/00:18:30,apply-time,rs-003430-th4dp,ba2f404e-31ab-4cad-bbb8-235eabcd2972,1,3537.567164
2026/02/05/00:18:30,running-time,rs-003430-th4dp,ba2f404e-31ab-4cad-bbb8-235eabcd2972,1,3537.567164
2026/02/05/00:18:30,apply-time,rs-003431-f7ctx,f091ec9e-88ba-41bd-a130-37bcadaacd86,1,3537.567164
2026/02/05/00:18:30,running-time,rs-003431-f7ctx,f091ec9e-88ba-41bd-a130-37bcadaacd86,1,3537.567164
2026/02/05/00:18:30,apply-time,rs-003431-jtf4b,57f0e1ff-2d91-424f-aac8-784e4e581e9d,1,3537.567164
2026/02/05/00:18:30,running-time,rs-003431-jtf4b,57f0e1ff-2d91-424f-aac8-784e4e581e9d,1,3537.567164
2026/02/05/00:18:31,apply-time,rs-003432-brzjr,3e014408-d6cb-415d-9d07-36ed60dfd2b0,1,3538.567164
2026/02/05/00:18:31,running-time,rs-003432-brzjr,3e014408-d6cb-415d-9d07-36ed60dfd2b0,1,3538.567164
2026/02/05/00:18:31,apply-time,rs-003432-dfdv2,af4e7568-22e5-4f97-92e1-06b92f91d1c1,1,3537.567164
2026/02/05/00:18:31,running-time,rs-003432-dfdv2,af4e7568-22e5-4f97-92e1-06b92f91d1c1,1,3538.567164
2026/02/05/00:18:31,apply-time,rs-003433-2v564,26ce94e9-77ca-4123-a411-efd39c6e3620,1,3537.567164
2026/02/05/00:18:31,running-time,rs-003433-2v564,26ce94e9-77ca-4123-a411-efd39c6e3620,1,3538.567164
2026/02/05/00:18:31,apply-time,rs-003434-4pg4v,90906efe-86b6-482f-b44f-f100173b1eab,1,3538.567164
2026/02/05/00:18:31,running-time,rs-003434-4pg4v,90906efe-86b6-482f-b44f-f100173b1eab,1,3538.567164
2026/02/05/00:18:31,apply-time,rs-003435-67wwl,afa92046-45ca-46ca-9586-beb88de744b6,1,3538.567164
2026/02/05/00:18:31,running-time,rs-003435-67wwl,afa92046-45ca-46ca-9586-beb88de744b6,1,3538.567164
2026/02/05/00:18:31,apply-time,rs-003435-gz2lh,1eea39a7-39c8-4d8e-9599-db1282b9637b,1,3538.567164
2026/02/05/00:18:31,running-time,rs-003435-gz2lh,1eea39a7-39c8-4d8e-9599-db1282b9637b,1,3538.567164
2026/02/05/00:18:33,apply-time,rs-003436-4mqp4,9eee270b-d3e1-4f43-ac34-15f1fa1da0a7,1,3540.567164
2026/02/05/00:18:33,running-time,rs-003436-4mqp4,9eee270b-d3e1-4f43-ac34-15f1fa1da0a7,1,3540.567164
2026/02/05/00:18:33,apply-time,rs-003437-ppt2v,5f7c8121-1032-436d-adfa-1f718ee10fd4,1,3540.567164
2026/02/05/00:18:33,apply-time,rs-003437-xjcps,758fef92-cf81-4568-adaf-03facd325db6,1,3540.567164
2026/02/05/00:18:33,running-time,rs-003437-xjcps,758fef92-cf81-4568-adaf-03facd325db6,1,3540.567164
2026/02/05/00:18:33,apply-time,rs-003438-5z74s,ad45fc9b-5087-43c1-8327-f961b083929b,1,3540.567164
2026/02/05/00:18:33,apply-time,rs-003438-769x2,93d528c1-35da-4100-a612-fd27f2bc4610,1,3540.567164
2026/02/05/00:18:33,apply-time,rs-003438-tcqqm,9169176a-c837-4a29-bff7-8f4b23345a57,1,3540.567164
2026/02/05/00:18:33,apply-time,rs-003439-4dx4l,51b74670-a155-4825-ad13-f3db54c28d4d,1,3540.567164
2026/02/05/00:18:33,apply-time,rs-003439-cssn8,ac8fa52c-376a-41b0-be22-31e4029749fc,1,3540.567164
2026/02/05/00:18:33,apply-time,rs-003439-dxhg5,8c1c62c7-ee6a-47b4-9719-d32ba2f5dc66,1,3540.567164
2026/02/05/00:18:34,running-time,rs-003438-5z74s,ad45fc9b-5087-43c1-8327-f961b083929b,1,3540.567164
2026/02/05/00:18:34,running-time,rs-003438-769x2,93d528c1-35da-4100-a612-fd27f2bc4610,1,3540.567164
2026/02/05/00:18:34,running-time,rs-003438-tcqqm,9169176a-c837-4a29-bff7-8f4b23345a57,1,3540.567164
2026/02/05/00:18:34,running-time,rs-003439-4dx4l,51b74670-a155-4825-ad13-f3db54c28d4d,1,3540.567164
2026/02/05/00:18:34,running-time,rs-003439-cssn8,ac8fa52c-376a-41b0-be22-31e4029749fc,1,3540.567164
2026/02/05/00:18:34,running-time,rs-003439-dxhg5,8c1c62c7-ee6a-47b4-9719-d32ba2f5dc66,1,3540.567164
2026/02/05/00:18:34,apply-time,rs-003440-djx9k,21997e57-fc09-4821-9b37-d716a61eb9fd,1,3541.567164
2026/02/05/00:18:34,running-time,rs-003440-djx9k,21997e57-fc09-4821-9b37-d716a61eb9fd,1,3541.567164
2026/02/05/00:18:34,apply-time,rs-003440-hh2cx,c396999a-a2d8-4a09-8b2b-53b5a64e52fe,1,3541.567164
2026/02/05/00:18:34,running-time,rs-003440-hh2cx,c396999a-a2d8-4a09-8b2b-53b5a64e52fe,1,3541.567164
2026/02/05/00:18:34,apply-time,rs-003440-r5cvg,4d09d930-06d4-480c-8db2-da09a3306d3f,1,3541.567164
2026/02/05/00:18:34,running-time,rs-003440-r5cvg,4d09d930-06d4-480c-8db2-da09a3306d3f,1,3541.567164
2026/02/05/00:18:34,apply-time,rs-003441-tc4h5,ddb20a61-1a37-41d0-8d7d-39549d50fee1,1,3541.567164
2026/02/05/00:18:34,running-time,rs-003441-tc4h5,ddb20a61-1a37-41d0-8d7d-39549d50fee1,1,3541.567164
2026/02/05/00:18:34,apply-time,rs-003442-447db,cf78b09c-17ee-42fe-9b31-533908bd3ca1,1,3541.567164
2026/02/05/00:18:34,apply-time,rs-003442-mfp4d,bdf2e879-86fe-4288-ac24-69b19b0e2e69,1,3541.567164
2026/02/05/00:18:34,apply-time,rs-003442-z2xt5,f0cc8b96-c5dd-4bee-9aa3-e0b8e301c84e,1,3541.567164
2026/02/05/00:18:35,running-time,rs-003442-z2xt5,f0cc8b96-c5dd-4bee-9aa3-e0b8e301c84e,1,3542.567164
2026/02/05/00:18:35,apply-time,rs-003443-2rzph,ce73a148-5f0e-46c0-b691-2e15ebe84582,1,3541.567164
2026/02/05/00:18:35,apply-time,rs-003444-wbrsl,2155ec37-4c83-4ec6-8e42-ab427cb71c66,1,3542.567164
2026/02/05/00:18:35,running-time,rs-003444-wbrsl,2155ec37-4c83-4ec6-8e42-ab427cb71c66,1,3542.567164
2026/02/05/00:18:35,apply-time,rs-003445-7r5bv,8e50fcf6-dfe0-41d8-8ebc-0de3048a911b,1,3542.567164
2026/02/05/00:18:35,running-time,rs-003445-7r5bv,8e50fcf6-dfe0-41d8-8ebc-0de3048a911b,1,3542.567164
2026/02/05/00:18:35,apply-time,rs-003446-8flpb,abd4bff3-c577-48f3-8fc6-cad62bcab184,1,3542.567164
2026/02/05/00:18:35,running-time,rs-003446-8flpb,abd4bff3-c577-48f3-8fc6-cad62bcab184,1,3542.567164
2026/02/05/00:18:35,apply-time,rs-003446-thg9j,0a9548a5-1562-46af-9769-8c2af952f131,1,3542.567164
2026/02/05/00:18:35,running-time,rs-003446-thg9j,0a9548a5-1562-46af-9769-8c2af952f131,1,3542.567164
2026/02/05/00:18:36,apply-time,rs-003447-fbmfj,3fe89ad3-e6dd-48d9-8709-a93d2d7462fe,1,3543.567164
2026/02/05/00:18:36,running-time,rs-003447-fbmfj,3fe89ad3-e6dd-48d9-8709-a93d2d7462fe,1,3543.567164
2026/02/05/00:18:36,apply-time,rs-003447-gftxc,806ce09f-55b2-4bab-bd77-7c3c29eb2f29,1,3543.567164
2026/02/05/00:18:36,running-time,rs-003447-gftxc,806ce09f-55b2-4bab-bd77-7c3c29eb2f29,1,3543.567164
2026/02/05/00:18:36,apply-time,rs-003448-7p2n5,2c234590-afe0-47f0-9b44-a5be1d3aab42,1,3543.567164
2026/02/05/00:18:36,apply-time,rs-003448-q7xq8,16d9a0b1-ca07-45f6-88c6-28a2d50747dc,1,3543.567164
2026/02/05/00:18:36,apply-time,rs-003450-t48m6,ed80a698-e0b7-4081-b506-910614878efd,1,3543.567164
2026/02/05/00:18:36,running-time,rs-003450-t48m6,ed80a698-e0b7-4081-b506-910614878efd,1,3543.567164
2026/02/05/00:18:37,apply-time,rs-003449-g5j7k,5d986ab3-a46a-4ab5-98c2-5df285091449,1,3544.567164
2026/02/05/00:18:37,apply-time,rs-003449-xgphh,d58968cf-99b2-4bae-9747-272a63b243cb,1,3543.567164
2026/02/05/00:18:37,apply-time,rs-003450-q4xcw,b6cfafea-2208-4e44-81c7-22302f474770,1,3543.567164
2026/02/05/00:18:37,running-time,rs-003450-q4xcw,b6cfafea-2208-4e44-81c7-22302f474770,1,3544.567164
2026/02/05/00:18:37,apply-time,rs-003451-jmcrr,1c0ecfbf-0dd5-467f-8cd8-3c6b9e200f34,1,3544.567164
2026/02/05/00:18:37,apply-time,rs-003452-4l4f4,44cfd142-26fc-4e27-a07f-e83608260e36,1,3544.567164
2026/02/05/00:18:37,apply-time,rs-003452-bv7bb,3fc05467-e310-44f2-aa86-56af73d907c5,1,3544.567164
2026/02/05/00:18:37,apply-time,rs-003452-d5vbn,e151153f-64d3-42e8-91b5-ebff5135dbeb,1,3544.567164
2026/02/05/00:18:37,apply-time,rs-003453-wzbbn,aa46b346-ee4c-46ea-afd9-75b5020adccb,1,3544.567164
2026/02/05/00:18:37,apply-time,rs-003454-9j288,74794726-48a5-407d-a087-9dc6232e09b0,1,3544.567164
2026/02/05/00:18:38,apply-time,rs-003453-jqjkg,de094ad9-6fda-401b-a618-ff40ff6a77db,1,3544.567164
2026/02/05/00:18:38,running-time,rs-003453-wzbbn,aa46b346-ee4c-46ea-afd9-75b5020adccb,1,3545.567164
2026/02/05/00:18:38,apply-time,rs-003455-2pg9z,8a2dedac-fec9-48e4-b644-dc78f5f30091,1,3545.567164
2026/02/05/00:18:38,apply-time,rs-003455-7ttkv,c9c30b95-b550-497f-bc97-3ab098164072,1,3545.567164
2026/02/05/00:18:38,apply-time,rs-003456-dx6tb,c0812416-ccce-4f48-aa56-74a28c7f605f,1,3545.567164
2026/02/05/00:18:38,running-time,rs-003456-dx6tb,c0812416-ccce-4f48-aa56-74a28c7f605f,1,3545.567164
2026/02/05/00:18:38,apply-time,rs-003456-jvckg,a9cfda3d-b44b-4b48-b353-ec624111fb5d,1,3545.567164
2026/02/05/00:18:38,running-time,rs-003456-jvckg,a9cfda3d-b44b-4b48-b353-ec624111fb5d,1,3545.567164
2026/02/05/00:18:38,apply-time,rs-003456-nh76j,eed55eb4-c710-4f0a-af5f-40ed2eb4462a,1,3545.567164
2026/02/05/00:18:38,running-time,rs-003456-nh76j,eed55eb4-c710-4f0a-af5f-40ed2eb4462a,1,3545.567164
2026/02/05/00:18:38,apply-time,rs-003457-dxxp8,c284976e-7dee-4712-84fd-14b93d4ec3b2,1,3545.567164
2026/02/05/00:18:38,apply-time,rs-003459-pvwgb,4dcabb9d-bae0-4bc2-9d0f-1f7ba9f65587,1,3545.567164
2026/02/05/00:18:39,running-time,rs-003448-7p2n5,2c234590-afe0-47f0-9b44-a5be1d3aab42,1,3546.567164
2026/02/05/00:18:39,running-time,rs-003453-jqjkg,de094ad9-6fda-401b-a618-ff40ff6a77db,1,3546.567164
2026/02/05/00:18:39,running-time,rs-003454-9j288,74794726-48a5-407d-a087-9dc6232e09b0,1,3546.567164
2026/02/05/00:18:39,running-time,rs-003457-dxxp8,c284976e-7dee-4712-84fd-14b93d4ec3b2,1,3546.567164
2026/02/05/00:18:39,apply-time,rs-003458-ndszj,15e6281e-30b5-42ee-978b-295dfb56946b,1,3546.567164
2026/02/05/00:18:39,running-time,rs-003458-ndszj,15e6281e-30b5-42ee-978b-295dfb56946b,1,3546.567164
2026/02/05/00:18:39,apply-time,rs-003458-wldct,a8a973d1-6d60-48f3-aa4b-6c81bd5b27a1,1,3545.567164
2026/02/05/00:18:39,apply-time,rs-003459-9rtcx,c9bfadf2-a54b-4b5e-817b-eab5eafed1fa,1,3546.567164
2026/02/05/00:18:39,apply-time,rs-003459-vtzmv,541f5804-d5ab-44e0-9bcb-0b4bb04237f1,1,3546.567164
2026/02/05/00:18:40,running-time,rs-003448-q7xq8,16d9a0b1-ca07-45f6-88c6-28a2d50747dc,1,3547.567164
2026/02/05/00:18:40,running-time,rs-003455-2pg9z,8a2dedac-fec9-48e4-b644-dc78f5f30091,1,3547.567164
2026/02/05/00:18:40,running-time,rs-003458-wldct,a8a973d1-6d60-48f3-aa4b-6c81bd5b27a1,1,3547.567164
2026/02/05/00:18:40,running-time,rs-003459-9rtcx,c9bfadf2-a54b-4b5e-817b-eab5eafed1fa,1,3547.567164
2026/02/05/00:18:40,running-time,rs-003459-vtzmv,541f5804-d5ab-44e0-9bcb-0b4bb04237f1,1,3547.567164
2026/02/05/00:18:41,running-time,rs-003455-7ttkv,c9c30b95-b550-497f-bc97-3ab098164072,1,3547.567164
2026/02/05/00:18:42,apply-time,rs-003460-dgkwt,a2c5b2b6-3b75-4344-9d89-9e91417ea7f5,1,3549.567164
2026/02/05/00:18:42,running-time,rs-003460-dgkwt,a2c5b2b6-3b75-4344-9d89-9e91417ea7f5,1,3549.567164
2026/02/05/00:18:42,apply-time,rs-003460-phsjc,e8ca0976-beda-4cf0-9ea3-dc62ac5ff551,1,3549.567164
2026/02/05/00:18:42,running-time,rs-003460-phsjc,e8ca0976-beda-4cf0-9ea3-dc62ac5ff551,1,3549.567164
2026/02/05/00:18:42,apply-time,rs-003460-rcn7z,66674d86-bdcc-49d8-b4aa-21a278285eda,1,3549.567164
2026/02/05/00:18:42,running-time,rs-003460-rcn7z,66674d86-bdcc-49d8-b4aa-21a278285eda,1,3549.567164
2026/02/05/00:18:42,apply-time,rs-003461-zwgkq,e1ee1e00-f718-4aff-87f1-c6ab033de171,1,3549.567164
2026/02/05/00:18:42,running-time,rs-003461-zwgkq,e1ee1e00-f718-4aff-87f1-c6ab033de171,1,3549.567164
2026/02/05/00:18:42,apply-time,rs-003462-4qdn4,67dd114d-ad55-494f-b4bc-4b9fbfc1989a,1,3549.567164
2026/02/05/00:18:42,running-time,rs-003462-4qdn4,67dd114d-ad55-494f-b4bc-4b9fbfc1989a,1,3549.567164
2026/02/05/00:18:42,apply-time,rs-003462-k4j2x,b0c0d20b-3f77-4c04-b6d9-5e52740affc5,1,3549.567164
2026/02/05/00:18:42,running-time,rs-003462-k4j2x,b0c0d20b-3f77-4c04-b6d9-5e52740affc5,1,3549.567164
2026/02/05/00:18:42,apply-time,rs-003462-xrlj5,72052456-0cf5-4822-aa91-fcbe7720483e,1,3549.567164
2026/02/05/00:18:42,running-time,rs-003462-xrlj5,72052456-0cf5-4822-aa91-fcbe7720483e,1,3549.567164
2026/02/05/00:18:42,apply-time,rs-003463-74x2r,50fac0e3-6cab-4e6c-92b9-8781e52eb9a1,1,3549.567164
2026/02/05/00:18:42,running-time,rs-003463-74x2r,50fac0e3-6cab-4e6c-92b9-8781e52eb9a1,1,3549.567164
2026/02/05/00:18:42,apply-time,rs-003463-w6d86,40bf4775-e518-4d96-8cc2-f3e8f42dfb7f,1,3549.567164
2026/02/05/00:18:42,running-time,rs-003463-w6d86,40bf4775-e518-4d96-8cc2-f3e8f42dfb7f,1,3549.567164
2026/02/05/00:18:42,apply-time,rs-003464-wrfxv,57978963-1103-42ea-867b-99c868388f42,1,3549.567164
2026/02/05/00:18:43,running-time,rs-003464-wrfxv,57978963-1103-42ea-867b-99c868388f42,1,3550.567164
2026/02/05/00:18:43,apply-time,rs-003465-rwwl9,28765775-79b8-4dd0-98f1-066e72d73bae,1,3550.567164
2026/02/05/00:18:43,apply-time,rs-003466-bbqmn,f0b6bab8-53b5-4c33-a676-4e540a16e9ca,1,3550.567164
2026/02/05/00:18:43,apply-time,rs-003466-pjs7w,baf37dff-89ba-4d13-9886-52a5527ff76b,1,3550.567164
2026/02/05/00:18:43,apply-time,rs-003466-sq6sc,a1a513c8-1938-4f57-9f2b-3b393f70607b,1,3550.567164
2026/02/05/00:18:44,running-time,rs-003465-rwwl9,28765775-79b8-4dd0-98f1-066e72d73bae,1,3551.567164
2026/02/05/00:18:44,running-time,rs-003466-bbqmn,f0b6bab8-53b5-4c33-a676-4e540a16e9ca,1,3551.567164
2026/02/05/00:18:44,running-time,rs-003466-pjs7w,baf37dff-89ba-4d13-9886-52a5527ff76b,1,3551.567164
2026/02/05/00:18:44,running-time,rs-003466-sq6sc,a1a513c8-1938-4f57-9f2b-3b393f70607b,1,3551.567164
2026/02/05/00:18:51,apply-time,rs-003467-dkfxv,73efe757-ffb7-48f9-859d-fbda9279bb34,1,3558.567164
2026/02/05/00:18:51,running-time,rs-003467-dkfxv,73efe757-ffb7-48f9-859d-fbda9279bb34,1,3558.567164
2026/02/05/00:18:51,apply-time,rs-003468-b6zrx,89174637-2951-403b-8ba2-c18c19f3b5e4,1,3558.567164
2026/02/05/00:18:51,running-time,rs-003468-b6zrx,89174637-2951-403b-8ba2-c18c19f3b5e4,1,3558.567164
2026/02/05/00:18:51,apply-time,rs-003468-khnkg,249ade1d-0f91-4135-815c-e96bf59c4eeb,1,3558.567164
2026/02/05/00:18:51,running-time,rs-003468-khnkg,249ade1d-0f91-4135-815c-e96bf59c4eeb,1,3558.567164
2026/02/05/00:18:51,apply-time,rs-003469-mtcw2,d58cf7e8-d19c-498a-9e41-fbae743818ea,1,3558.567164
2026/02/05/00:18:51,running-time,rs-003469-mtcw2,d58cf7e8-d19c-498a-9e41-fbae743818ea,1,3558.567164
2026/02/05/00:18:52,apply-time,rs-003470-2t92f,103f7cc7-9518-4e70-8667-51e08718f482,1,3559.567164
2026/02/05/00:18:52,running-time,rs-003470-2t92f,103f7cc7-9518-4e70-8667-51e08718f482,1,3559.567164
2026/02/05/00:18:52,apply-time,rs-003471-77cd8,763030d6-746c-4f26-9819-94479a7d434b,1,3559.567164
2026/02/05/00:18:52,running-time,rs-003471-77cd8,763030d6-746c-4f26-9819-94479a7d434b,1,3559.567164
2026/02/05/00:18:52,apply-time,rs-003471-dxsd5,4946709a-3f38-428e-b0fc-5c5b415af958,1,3559.567164
2026/02/05/00:18:52,running-time,rs-003471-dxsd5,4946709a-3f38-428e-b0fc-5c5b415af958,1,3559.567164
2026/02/05/00:18:52,apply-time,rs-003471-sdczg,3d292454-9c15-4332-9850-9c6948f50d1c,1,3559.567164
2026/02/05/00:18:52,running-time,rs-003471-sdczg,3d292454-9c15-4332-9850-9c6948f50d1c,1,3559.567164
2026/02/05/00:18:52,apply-time,rs-003472-55j6w,633118cb-aeda-4cb1-8bbf-9ca381ebeb30,1,3559.567164
2026/02/05/00:18:52,running-time,rs-003472-55j6w,633118cb-aeda-4cb1-8bbf-9ca381ebeb30,1,3559.567164
2026/02/05/00:18:52,apply-time,rs-003472-b6c9h,e518bcd3-1e92-41f6-a621-f23982f7b28f,1,3559.567164
2026/02/05/00:18:52,running-time,rs-003472-b6c9h,e518bcd3-1e92-41f6-a621-f23982f7b28f,1,3559.567164
2026/02/05/00:18:52,apply-time,rs-003472-qsp2k,2782e96d-bc1a-44d6-8515-e4e28e2cb470,1,3559.567164
2026/02/05/00:18:52,running-time,rs-003472-qsp2k,2782e96d-bc1a-44d6-8515-e4e28e2cb470,1,3559.567164
2026/02/05/00:18:52,apply-time,rs-003473-kc69q,7f513ea1-6a4e-400c-beeb-17e96b05535a,1,3559.567164
2026/02/05/00:18:52,running-time,rs-003473-kc69q,7f513ea1-6a4e-400c-beeb-17e96b05535a,1,3559.567164
2026/02/05/00:18:52,apply-time,rs-003473-n4z7t,30ca58d6-bde4-468a-ae17-d1ec412dba02,1,3559.567164
2026/02/05/00:18:52,running-time,rs-003473-n4z7t,30ca58d6-bde4-468a-ae17-d1ec412dba02,1,3559.567164
2026/02/05/00:18:52,apply-time,rs-003474-vj6qb,024344a1-550f-4810-b6fd-537c801abb76,1,3559.567164
2026/02/05/00:18:52,running-time,rs-003474-vj6qb,024344a1-550f-4810-b6fd-537c801abb76,1,3559.567164
2026/02/05/00:18:53,apply-time,rs-003475-lncp7,c0989374-6960-4060-b672-d2583527de2a,1,3559.567164
2026/02/05/00:18:53,apply-time,rs-003475-pr6hg,776993a0-4fb8-4684-b156-ee7850129216,1,3560.567164
2026/02/05/00:18:53,apply-time,rs-003476-5zwsg,fa50f922-ed4a-4b12-9739-ddca48df0971,1,3560.567164
2026/02/05/00:18:53,apply-time,rs-003476-tnsdf,dc376725-3f4e-467e-af30-9d74392e1dbf,1,3560.567164
2026/02/05/00:18:53,apply-time,rs-003476-xcvkl,c94ac777-3002-49f4-9ada-e96f935de932,1,3560.567164
2026/02/05/00:18:53,apply-time,rs-003477-tbw4t,7afbfcc0-3f30-44ff-9e9c-25371ecf3357,1,3560.567164
2026/02/05/00:18:53,running-time,rs-003477-tbw4t,7afbfcc0-3f30-44ff-9e9c-25371ecf3357,1,3560.567164
2026/02/05/00:18:53,apply-time,rs-003477-wrxwp,a02033f2-e7f4-469c-bafe-aae1b7bd9e10,1,3560.567164
2026/02/05/00:18:53,running-time,rs-003477-wrxwp,a02033f2-e7f4-469c-bafe-aae1b7bd9e10,1,3560.567164
2026/02/05/00:18:53,apply-time,rs-003478-dmwgx,33675508-61a4-49fe-bd85-3032d1c6d7bd,1,3560.567164
2026/02/05/00:18:53,running-time,rs-003478-dmwgx,33675508-61a4-49fe-bd85-3032d1c6d7bd,1,3560.567164
2026/02/05/00:18:54,apply-time,rs-003479-7h4jb,902c9b0f-c6b2-450b-8d0a-6f94ac0a983e,1,3561.567164
2026/02/05/00:18:54,apply-time,rs-003480-cq5hw,3dcc12cc-d080-46b1-ac31-d04b45e9cbd5,1,3561.567164
2026/02/05/00:18:54,running-time,rs-003480-cq5hw,3dcc12cc-d080-46b1-ac31-d04b45e9cbd5,1,3561.567164
2026/02/05/00:18:54,apply-time,rs-003480-mnhd5,3cca5f44-43d7-484f-9734-c9a57c418d86,1,3561.567164
2026/02/05/00:18:54,apply-time,rs-003481-gccdk,d7904da6-92ea-4fd0-b583-d49799d3ce4b,1,3561.567164
2026/02/05/00:18:54,apply-time,rs-003481-pjntg,432ecd95-3e71-4959-9cde-b8980e7d7a77,1,3561.567164
2026/02/05/00:18:54,apply-time,rs-003481-tdkvr,330e1b48-9360-41cd-8128-3638ad5971bb,1,3561.567164
2026/02/05/00:18:54,apply-time,rs-003482-2rqwl,bee86756-d914-4fba-b78f-38aeea3a8fec,1,3561.567164
2026/02/05/00:18:54,running-time,rs-003482-2rqwl,bee86756-d914-4fba-b78f-38aeea3a8fec,1,3561.567164
2026/02/05/00:18:54,apply-time,rs-003482-69hhm,6a41e9af-dd5c-4eb4-a36b-061b13c35ccc,1,3561.567164
2026/02/05/00:18:54,running-time,rs-003482-69hhm,6a41e9af-dd5c-4eb4-a36b-061b13c35ccc,1,3561.567164
2026/02/05/00:18:54,apply-time,rs-003482-m5qvp,ea729f23-1fe4-4a59-83b1-a3a6d2176ea4,1,3561.567164
2026/02/05/00:18:54,apply-time,rs-003483-k96ft,32a21410-e3ad-40bc-9179-085210a7c56c,1,3561.567164
2026/02/05/00:18:54,running-time,rs-003483-k96ft,32a21410-e3ad-40bc-9179-085210a7c56c,1,3561.567164
2026/02/05/00:18:54,apply-time,rs-003483-m9hwm,2403e651-e41a-4063-bebf-f08b497d6d91,1,3561.567164
2026/02/05/00:18:54,running-time,rs-003483-m9hwm,2403e651-e41a-4063-bebf-f08b497d6d91,1,3561.567164
2026/02/05/00:18:54,apply-time,rs-003483-pgq75,9211b803-6944-4557-8336-6d53e002f716,1,3561.567164
2026/02/05/00:18:54,running-time,rs-003483-pgq75,9211b803-6944-4557-8336-6d53e002f716,1,3561.567164
2026/02/05/00:18:55,running-time,rs-003480-mnhd5,3cca5f44-43d7-484f-9734-c9a57c418d86,1,3561.567164
2026/02/05/00:18:55,running-time,rs-003481-gccdk,d7904da6-92ea-4fd0-b583-d49799d3ce4b,1,3562.567164
2026/02/05/00:18:55,running-time,rs-003481-pjntg,432ecd95-3e71-4959-9cde-b8980e7d7a77,1,3562.567164
2026/02/05/00:18:55,running-time,rs-003482-m5qvp,ea729f23-1fe4-4a59-83b1-a3a6d2176ea4,1,3561.567164
2026/02/05/00:18:55,apply-time,rs-003484-jmk79,a068d673-9347-4b04-bcfb-46942f006b5b,1,3562.567164
2026/02/05/00:18:55,apply-time,rs-003484-pclgl,3aec2e8a-b8e1-42bb-ac02-c09ff6da8b3a,1,3562.567164
2026/02/05/00:18:55,apply-time,rs-003484-wdzhv,e8b76b65-05fc-45d1-87df-927f5e48c9ed,1,3562.567164
2026/02/05/00:18:55,apply-time,rs-003485-hfdh7,846b2878-079f-4682-8508-0aa38ea38c5c,1,3562.567164
2026/02/05/00:18:55,running-time,rs-003485-hfdh7,846b2878-079f-4682-8508-0aa38ea38c5c,1,3562.567164
2026/02/05/00:18:55,apply-time,rs-003486-q2zkr,e6b05253-4008-424b-829d-a510fa61b42a,1,3562.567164
2026/02/05/00:18:55,running-time,rs-003486-q2zkr,e6b05253-4008-424b-829d-a510fa61b42a,1,3562.567164
2026/02/05/00:18:55,apply-time,rs-003487-rrhkc,c9d04b96-b343-4467-8ad0-d301aa23797a,1,3562.567164
2026/02/05/00:18:55,running-time,rs-003487-rrhkc,c9d04b96-b343-4467-8ad0-d301aa23797a,1,3562.567164
2026/02/05/00:18:56,running-time,rs-003481-tdkvr,330e1b48-9360-41cd-8128-3638ad5971bb,1,3563.567164
2026/02/05/00:18:56,apply-time,rs-003485-bxdtj,53b8ca22-2411-46ed-82e3-b16bf03dca14,1,3562.567164
2026/02/05/00:18:56,running-time,rs-003485-bxdtj,53b8ca22-2411-46ed-82e3-b16bf03dca14,1,3562.567164
2026/02/05/00:18:56,apply-time,rs-003485-mj6xt,89805929-8dca-4ff8-b0a5-168ddb639c00,1,3562.567164
2026/02/05/00:18:56,running-time,rs-003485-mj6xt,89805929-8dca-4ff8-b0a5-168ddb639c00,1,3562.567164
2026/02/05/00:18:56,apply-time,rs-003486-fkk5t,8e0a18ba-6dbb-4479-8ca5-5c0992ef4a1c,1,3562.567164
2026/02/05/00:18:56,running-time,rs-003486-fkk5t,8e0a18ba-6dbb-4479-8ca5-5c0992ef4a1c,1,3562.567164
2026/02/05/00:18:56,apply-time,rs-003488-th9g4,5e372419-71b6-40f2-8b38-7ca7214f5336,1,3563.567164
2026/02/05/00:18:56,running-time,rs-003488-th9g4,5e372419-71b6-40f2-8b38-7ca7214f5336,1,3563.567164
2026/02/05/00:18:56,apply-time,rs-003489-czbwv,851db106-8201-4cb0-a4ca-3d91813e5ba7,1,3563.567164
2026/02/05/00:18:56,apply-time,rs-003489-dchnk,2d5e46df-4230-4a46-bce9-c5ef4e653015,1,3563.567164
2026/02/05/00:18:56,apply-time,rs-003489-wqb7g,75f3ce30-7ff5-4f6f-94ef-f56152ef3545,1,3563.567164
2026/02/05/00:18:56,apply-time,rs-003490-zg9zj,c8282090-0805-49d0-9eb8-d296362e636c,1,3563.567164
2026/02/05/00:18:56,apply-time,rs-003491-t2w7f,cadd8590-01bc-4cd5-993e-ad3e2560aba1,1,3563.567164
2026/02/05/00:18:56,apply-time,rs-003492-bb5qf,3f679cce-a197-4618-bb8b-e7d537eafc3b,1,3563.567164
2026/02/05/00:18:57,running-time,rs-003491-t2w7f,cadd8590-01bc-4cd5-993e-ad3e2560aba1,1,3564.567164
2026/02/05/00:18:59,running-time,rs-003476-xcvkl,c94ac777-3002-49f4-9ada-e96f935de932,1,3566.567164
2026/02/05/00:19:05,running-time,rs-003476-5zwsg,fa50f922-ed4a-4b12-9739-ddca48df0971,1,3572.567164
2026/02/05/00:19:05,running-time,rs-003476-tnsdf,dc376725-3f4e-467e-af30-9d74392e1dbf,1,3572.567164
2026/02/05/00:19:06,apply-time,rs-003493-fwvkk,e5790a4f-a3ca-4b68-9e9e-e5e7d7075770,1,3573.567164
2026/02/05/00:19:06,running-time,rs-003493-fwvkk,e5790a4f-a3ca-4b68-9e9e-e5e7d7075770,1,3573.567164
2026/02/05/00:19:06,apply-time,rs-003493-gs2gh,7f1e65d8-ff54-4a6e-a0db-589d122ca1dc,1,3573.567164
2026/02/05/00:19:06,running-time,rs-003493-gs2gh,7f1e65d8-ff54-4a6e-a0db-589d122ca1dc,1,3573.567164
2026/02/05/00:19:06,apply-time,rs-003493-h745l,27d7dae8-14d1-41eb-b6d6-628ba6166dad,1,3573.567164
2026/02/05/00:19:06,running-time,rs-003493-h745l,27d7dae8-14d1-41eb-b6d6-628ba6166dad,1,3573.567164
2026/02/05/00:19:06,apply-time,rs-003494-2dbbn,68c4bcf2-19f4-412f-86f7-c7e0b33daa8a,1,3573.567164
2026/02/05/00:19:06,running-time,rs-003494-2dbbn,68c4bcf2-19f4-412f-86f7-c7e0b33daa8a,1,3573.567164
2026/02/05/00:19:06,apply-time,rs-003494-6gn9r,3338f1c2-ae2c-4b69-a23c-cd7283004b28,1,3573.567164
2026/02/05/00:19:06,running-time,rs-003494-6gn9r,3338f1c2-ae2c-4b69-a23c-cd7283004b28,1,3573.567164
2026/02/05/00:19:12,apply-time,rs-003495-2qmx7,3ae08ea2-37a6-4586-ac20-d811eedf3d0a,1,3579.567164
2026/02/05/00:19:12,running-time,rs-003495-2qmx7,3ae08ea2-37a6-4586-ac20-d811eedf3d0a,1,3579.567164
2026/02/05/00:19:12,apply-time,rs-003495-9fzll,ac458803-dd02-4bfc-a0c2-4c67c9141a3f,1,3579.567164
2026/02/05/00:19:12,running-time,rs-003495-9fzll,ac458803-dd02-4bfc-a0c2-4c67c9141a3f,1,3579.567164
2026/02/05/00:19:12,apply-time,rs-003495-s6mbb,9dcb4276-a872-4aa2-b4dc-df60ad6ae3ff,1,3579.567164
2026/02/05/00:19:12,running-time,rs-003495-s6mbb,9dcb4276-a872-4aa2-b4dc-df60ad6ae3ff,1,3579.567164
2026/02/05/00:19:12,apply-time,rs-003496-kwwhk,769db9ba-072c-4df0-84cc-97b0f92a85bd,1,3579.567164
2026/02/05/00:19:12,running-time,rs-003496-kwwhk,769db9ba-072c-4df0-84cc-97b0f92a85bd,1,3579.567164
2026/02/05/00:19:12,apply-time,rs-003496-p8rwt,fceb386b-e6e3-441e-aa00-0bc033f33329,1,3579.567164
2026/02/05/00:19:12,running-time,rs-003496-p8rwt,fceb386b-e6e3-441e-aa00-0bc033f33329,1,3579.567164
2026/02/05/00:19:12,apply-time,rs-003497-bs6jg,ecdfe1da-a509-4c15-adda-0ed13c7435b4,1,3579.567164
2026/02/05/00:19:12,running-time,rs-003497-bs6jg,ecdfe1da-a509-4c15-adda-0ed13c7435b4,1,3579.567164
2026/02/05/00:19:23,apply-time,rs-003498-29tnz,ce112a4c-3fee-49ee-9588-b6b9ee5f7cc0,1,3590.567164
2026/02/05/00:19:23,running-time,rs-003498-29tnz,ce112a4c-3fee-49ee-9588-b6b9ee5f7cc0,1,3590.567164
2026/02/05/00:19:23,apply-time,rs-003498-622mc,69003df8-cd47-478f-b163-19013d800741,1,3590.567164
2026/02/05/00:19:23,running-time,rs-003498-622mc,69003df8-cd47-478f-b163-19013d800741,1,3590.567164
2026/02/05/00:19:23,apply-time,rs-003498-xsh6g,7111c894-8234-49e6-9aeb-c3e02b5d6c33,1,3590.567164
2026/02/05/00:19:23,running-time,rs-003498-xsh6g,7111c894-8234-49e6-9aeb-c3e02b5d6c33,1,3590.567164
2026/02/05/00:19:24,apply-time,rs-003499-rv8h7,c0c56ca0-d72d-4e04-9d3b-6b50e6888c45,1,3591.567164
2026/02/05/00:19:24,running-time,rs-003499-rv8h7,c0c56ca0-d72d-4e04-9d3b-6b50e6888c45,1,3591.567164
2026/02/05/00:19:24,apply-time,rs-003500-7pwxb,cc5798a6-1343-457e-b455-7f28f76f3463,1,3591.567164
2026/02/05/00:19:24,running-time,rs-003500-7pwxb,cc5798a6-1343-457e-b455-7f28f76f3463,1,3591.567164
2026/02/05/00:19:24,apply-time,rs-003500-tctqw,6262ee0d-5652-477c-90de-97b91535d290,1,3591.567164
2026/02/05/00:19:24,running-time,rs-003500-tctqw,6262ee0d-5652-477c-90de-97b91535d290,1,3591.567164
2026/02/05/00:19:24,apply-time,rs-003501-r462f,8c67b197-5939-46b1-b7b8-cb0945a0fc55,1,3591.567164
2026/02/05/00:19:24,running-time,rs-003501-r462f,8c67b197-5939-46b1-b7b8-cb0945a0fc55,1,3591.567164
2026/02/05/00:19:24,apply-time,rs-003501-x2hdl,e0dd9301-62d6-47e9-9687-07e15c6e6dda,1,3591.567164
2026/02/05/00:19:24,running-time,rs-003501-x2hdl,e0dd9301-62d6-47e9-9687-07e15c6e6dda,1,3591.567164
2026/02/05/00:19:24,apply-time,rs-003502-qtbnm,a15af77a-2706-4456-898f-8f720e84181b,1,3591.567164
2026/02/05/00:19:24,running-time,rs-003502-qtbnm,a15af77a-2706-4456-898f-8f720e84181b,1,3591.567164
2026/02/05/00:19:24,apply-time,rs-003503-btzqj,9aaff268-0eec-4cd3-a063-f68e9014b5e9,1,3591.567164
2026/02/05/00:19:24,running-time,rs-003503-btzqj,9aaff268-0eec-4cd3-a063-f68e9014b5e9,1,3591.567164
2026/02/05/00:19:24,apply-time,rs-003504-jf9w7,2bd6b55f-bed5-4643-bf39-c752bfc523e0,1,3591.567164
2026/02/05/00:19:24,running-time,rs-003504-jf9w7,2bd6b55f-bed5-4643-bf39-c752bfc523e0,1,3591.567164
2026/02/05/00:19:24,apply-time,rs-003505-fhv2f,5745cbfd-fe47-4714-8f9f-9d3e314c040d,1,3591.567164
2026/02/05/00:19:24,running-time,rs-003505-fhv2f,5745cbfd-fe47-4714-8f9f-9d3e314c040d,1,3591.567164
2026/02/05/00:19:25,apply-time,rs-003504-g74l4,86a4f1e1-da5a-4495-b4f2-a947ecc9b619,1,3592.567164
2026/02/05/00:19:25,running-time,rs-003504-g74l4,86a4f1e1-da5a-4495-b4f2-a947ecc9b619,1,3592.567164
2026/02/05/00:19:25,apply-time,rs-003504-ksm2x,03a7d068-de89-478a-8976-0f4175444ed1,1,3591.567164
2026/02/05/00:19:25,running-time,rs-003504-ksm2x,03a7d068-de89-478a-8976-0f4175444ed1,1,3591.567164
2026/02/05/00:19:25,apply-time,rs-003506-c6blk,e40ada7f-459f-4dd9-873d-14d12907b732,1,3592.567164
2026/02/05/00:19:25,running-time,rs-003506-c6blk,e40ada7f-459f-4dd9-873d-14d12907b732,1,3592.567164
2026/02/05/00:19:25,apply-time,rs-003506-l6k9d,4ad69c36-36a2-41e7-aedf-6dc3c6d6bd91,1,3592.567164
2026/02/05/00:19:25,running-time,rs-003506-l6k9d,4ad69c36-36a2-41e7-aedf-6dc3c6d6bd91,1,3592.567164
2026/02/05/00:19:25,apply-time,rs-003506-vz4nk,9c66cf65-f10c-418d-9bd3-4f83f15a2ad0,1,3592.567164
2026/02/05/00:19:25,running-time,rs-003506-vz4nk,9c66cf65-f10c-418d-9bd3-4f83f15a2ad0,1,3592.567164
2026/02/05/00:19:26,apply-time,rs-003507-47bpn,7a81c2e5-d1ac-48f9-81cb-ba06229ee5bc,1,3593.567164
2026/02/05/00:19:26,running-time,rs-003507-47bpn,7a81c2e5-d1ac-48f9-81cb-ba06229ee5bc,1,3593.567164
2026/02/05/00:19:32,apply-time,rs-003508-hmt4h,2afa8a0d-3ec2-4ca1-adab-b6f7379110bb,1,3599.567164
2026/02/05/00:19:32,running-time,rs-003508-hmt4h,2afa8a0d-3ec2-4ca1-adab-b6f7379110bb,1,3599.567164
2026/02/05/00:19:32,apply-time,rs-003508-vdv7z,85e12a82-1df4-42c6-b680-773834ddfeb4,1,3599.567164
2026/02/05/00:19:32,running-time,rs-003508-vdv7z,85e12a82-1df4-42c6-b680-773834ddfeb4,1,3599.567164
2026/02/05/00:19:32,apply-time,rs-003509-lzg7z,0a149844-b4b1-4820-828a-a5d74f60c920,1,3599.567164
2026/02/05/00:19:32,running-time,rs-003509-lzg7z,0a149844-b4b1-4820-828a-a5d74f60c920,1,3599.567164
2026/02/05/00:19:32,apply-time,rs-003510-66xm6,e94b8d82-dc10-4298-b37d-15d365db2d94,1,3599.567164
2026/02/05/00:19:32,running-time,rs-003510-66xm6,e94b8d82-dc10-4298-b37d-15d365db2d94,1,3599.567164
2026/02/05/00:19:33,apply-time,rs-003511-c8z25,055be8b1-2e70-4de4-8dde-193da643ee23,1,3600.567164
2026/02/05/00:19:33,running-time,rs-003511-c8z25,055be8b1-2e70-4de4-8dde-193da643ee23,1,3600.567164
2026/02/05/00:19:33,apply-time,rs-003511-ppr27,c5742a26-3b9a-4a2b-a79b-524047b217ef,1,3600.567164
2026/02/05/00:19:33,running-time,rs-003511-ppr27,c5742a26-3b9a-4a2b-a79b-524047b217ef,1,3600.567164
2026/02/05/00:19:33,apply-time,rs-003512-rhflx,e9bafebd-1e89-4914-be65-bb715e5b1ce4,1,3600.567164
2026/02/05/00:19:33,running-time,rs-003512-rhflx,e9bafebd-1e89-4914-be65-bb715e5b1ce4,1,3600.567164
2026/02/05/00:19:33,apply-time,rs-003513-59t9d,51e072bc-99b9-44f2-be6c-1fcc6c105a67,1,3600.567164
2026/02/05/00:19:33,apply-time,rs-003514-mxpdr,2f931708-6bad-466d-b77d-94cfcd9b1e9f,1,3600.567164
2026/02/05/00:19:33,running-time,rs-003514-mxpdr,2f931708-6bad-466d-b77d-94cfcd9b1e9f,1,3600.567164
2026/02/05/00:19:33,apply-time,rs-003514-pmlcg,3c2ee083-a7d9-41ad-9bdd-570d32d10c1a,1,3600.567164
2026/02/05/00:19:33,running-time,rs-003514-pmlcg,3c2ee083-a7d9-41ad-9bdd-570d32d10c1a,1,3600.567164
2026/02/05/00:19:33,apply-time,rs-003515-t6lgq,3b8c5d08-4c8f-4a8d-8b46-3ee122188279,1,3600.567164
2026/02/05/00:19:33,running-time,rs-003515-t6lgq,3b8c5d08-4c8f-4a8d-8b46-3ee122188279,1,3600.567164
2026/02/05/00:19:33,apply-time,rs-003516-5crbs,42b39a63-5a2c-461a-8700-c8f070e4ae8a,1,3600.567164
2026/02/05/00:19:33,running-time,rs-003516-5crbs,42b39a63-5a2c-461a-8700-c8f070e4ae8a,1,3600.567164
2026/02/05/00:19:35,running-time,rs-003513-59t9d,51e072bc-99b9-44f2-be6c-1fcc6c105a67,1,3602.567164
2026/02/05/00:19:43,apply-time,rs-003517-8rfc7,0c183e88-8d4b-4211-b8a4-9e91ccf82d70,1,3610.567164
2026/02/05/00:19:43,running-time,rs-003517-8rfc7,0c183e88-8d4b-4211-b8a4-9e91ccf82d70,1,3610.567164
2026/02/05/00:19:43,apply-time,rs-003517-8xjjg,d98e7545-a5bc-4152-bfbc-1b0f92df1bf8,1,3610.567164
2026/02/05/00:19:43,running-time,rs-003517-8xjjg,d98e7545-a5bc-4152-bfbc-1b0f92df1bf8,1,3610.567164
2026/02/05/00:19:43,apply-time,rs-003517-tzdd7,481304c9-b205-4c71-8bb3-5f09ff2002f2,1,3610.567164
2026/02/05/00:19:43,running-time,rs-003517-tzdd7,481304c9-b205-4c71-8bb3-5f09ff2002f2,1,3610.567164
2026/02/05/00:19:43,apply-time,rs-003518-hdrbm,ea576817-1bd6-4195-9c54-e9907c1592f6,1,3610.567164
2026/02/05/00:19:43,running-time,rs-003518-hdrbm,ea576817-1bd6-4195-9c54-e9907c1592f6,1,3610.567164
2026/02/05/00:19:43,apply-time,rs-003518-n6wdm,1b4910fa-5062-4204-a675-a3fdadcef317,1,3610.567164
2026/02/05/00:19:43,running-time,rs-003518-n6wdm,1b4910fa-5062-4204-a675-a3fdadcef317,1,3610.567164
2026/02/05/00:19:43,apply-time,rs-003519-dvn7c,11a6cff6-7089-48a7-a5e5-2b25603447db,1,3610.567164
2026/02/05/00:19:43,running-time,rs-003519-dvn7c,11a6cff6-7089-48a7-a5e5-2b25603447db,1,3610.567164
2026/02/05/00:19:43,apply-time,rs-003519-j5khw,7ff0a2d2-8821-472c-b69f-d450ec0bdf2f,1,3610.567164
2026/02/05/00:19:43,running-time,rs-003519-j5khw,7ff0a2d2-8821-472c-b69f-d450ec0bdf2f,1,3610.567164
2026/02/05/00:19:43,apply-time,rs-003519-ns6jx,e0e755b2-dcbe-42ed-ad88-e8383a254719,1,3610.567164
2026/02/05/00:19:43,running-time,rs-003519-ns6jx,e0e755b2-dcbe-42ed-ad88-e8383a254719,1,3610.567164
2026/02/05/00:19:44,apply-time,rs-003520-2cxh7,b4a299f0-022a-4964-adf1-d7b3b697e032,1,3611.567164
2026/02/05/00:19:44,apply-time,rs-003520-jzldz,cff6c62b-6403-4448-8337-873350372dd3,1,3611.567164
2026/02/05/00:19:44,apply-time,rs-003521-cxl6w,8eefcc01-2b93-47f4-9c43-7c420c66df4e,1,3611.567164
2026/02/05/00:19:44,running-time,rs-003521-cxl6w,8eefcc01-2b93-47f4-9c43-7c420c66df4e,1,3611.567164
2026/02/05/00:19:47,running-time,rs-003520-2cxh7,b4a299f0-022a-4964-adf1-d7b3b697e032,1,3614.567164
2026/02/05/00:19:47,running-time,rs-003520-jzldz,cff6c62b-6403-4448-8337-873350372dd3,1,3614.567164
2026/02/05/00:19:50,apply-time,rs-003522-b9jvz,e35806e2-ff37-422a-b5e4-2cab09e9287a,1,3617.567164
2026/02/05/00:19:50,running-time,rs-003522-b9jvz,e35806e2-ff37-422a-b5e4-2cab09e9287a,1,3617.567164
2026/02/05/00:19:50,apply-time,rs-003522-jzmxz,faa57dae-5b68-4ba1-bf3b-cf309dcf2d13,1,3617.567164
2026/02/05/00:19:50,running-time,rs-003522-jzmxz,faa57dae-5b68-4ba1-bf3b-cf309dcf2d13,1,3617.567164
2026/02/05/00:19:52,apply-time,rs-003523-d7jnw,b98233ae-c33d-48d2-8e10-e1cfe16a073f,1,3618.567164
2026/02/05/00:19:52,running-time,rs-003523-d7jnw,b98233ae-c33d-48d2-8e10-e1cfe16a073f,1,3618.567164
2026/02/05/00:19:52,apply-time,rs-003523-mn9f5,d4917796-d035-4d3b-b3f0-3332fbfe4012,1,3618.567164
2026/02/05/00:19:52,running-time,rs-003523-mn9f5,d4917796-d035-4d3b-b3f0-3332fbfe4012,1,3618.567164
2026/02/05/00:19:52,apply-time,rs-003523-vc69w,1936b792-de76-4577-8e2d-88f8708a999f,1,3618.567164
2026/02/05/00:19:52,running-time,rs-003523-vc69w,1936b792-de76-4577-8e2d-88f8708a999f,1,3618.567164
2026/02/05/00:19:52,apply-time,rs-003524-bntpg,72be7faf-6fcc-403b-be5d-78177af42d6a,1,3618.567164
2026/02/05/00:19:52,running-time,rs-003524-bntpg,72be7faf-6fcc-403b-be5d-78177af42d6a,1,3618.567164
2026/02/05/00:19:52,apply-time,rs-003524-bsgft,feaacdb4-348c-4d3a-badc-75ff6d139942,1,3618.567164
2026/02/05/00:19:52,running-time,rs-003524-bsgft,feaacdb4-348c-4d3a-badc-75ff6d139942,1,3618.567164
2026/02/05/00:19:52,apply-time,rs-003524-rwmtn,13885a29-8454-465c-b570-5bf9e5245588,1,3618.567164
2026/02/05/00:19:52,running-time,rs-003524-rwmtn,13885a29-8454-465c-b570-5bf9e5245588,1,3618.567164
2026/02/05/00:19:52,apply-time,rs-003525-hgw7s,3ca397c6-8865-4521-9767-c79170e20cda,1,3619.567164
2026/02/05/00:19:52,running-time,rs-003525-hgw7s,3ca397c6-8865-4521-9767-c79170e20cda,1,3619.567164
2026/02/05/00:19:54,apply-time,rs-003526-j5ltm,aaf7df78-8701-40fd-b0e9-0428c52c0d8a,1,3621.567164
2026/02/05/00:19:54,running-time,rs-003526-j5ltm,aaf7df78-8701-40fd-b0e9-0428c52c0d8a,1,3621.567164
2026/02/05/00:20:02,apply-time,rs-003527-58dm8,fb22571c-bbce-46d6-abbf-ace5ef56693e,1,3629.567164
2026/02/05/00:20:02,running-time,rs-003527-58dm8,fb22571c-bbce-46d6-abbf-ace5ef56693e,1,3629.567164
2026/02/05/00:20:02,apply-time,rs-003527-9zvd4,4c81abdc-62f9-4349-b229-8732ea63bab9,1,3629.567164
2026/02/05/00:20:02,running-time,rs-003527-9zvd4,4c81abdc-62f9-4349-b229-8732ea63bab9,1,3629.567164
2026/02/05/00:20:08,apply-time,rs-003528-cf449,52ab84e7-1d43-47ea-9d9f-8eba565faf71,1,3635.567164
2026/02/05/00:20:08,apply-time,rs-003529-hm56l,4549b0bf-ecd9-4f8c-b3f9-20b01593c56b,1,3635.567164
2026/02/05/00:20:08,running-time,rs-003529-hm56l,4549b0bf-ecd9-4f8c-b3f9-20b01593c56b,1,3635.567164
2026/02/05/00:20:08,apply-time,rs-003529-pcp4l,b4e52b75-1c7e-4779-9e3c-d8a65529d123,1,3635.567164
2026/02/05/00:20:08,running-time,rs-003529-pcp4l,b4e52b75-1c7e-4779-9e3c-d8a65529d123,1,3635.567164
2026/02/05/00:20:08,apply-time,rs-003530-5x99r,8d579fd1-48db-49e8-8b64-27e9b104ddc2,1,3635.567164
2026/02/05/00:20:08,running-time,rs-003530-5x99r,8d579fd1-48db-49e8-8b64-27e9b104ddc2,1,3635.567164
2026/02/05/00:20:12,apply-time,rs-003531-bcmw6,6097590d-c157-4282-bb1f-95ad12a50187,1,3639.567164
2026/02/05/00:20:12,running-time,rs-003531-bcmw6,6097590d-c157-4282-bb1f-95ad12a50187,1,3639.567164
2026/02/05/00:20:12,apply-time,rs-003531-f4n8n,9a7ab2c7-429c-4f63-a956-106453823da9,1,3639.567164
2026/02/05/00:20:12,running-time,rs-003531-f4n8n,9a7ab2c7-429c-4f63-a956-106453823da9,1,3639.567164
2026/02/05/00:20:12,apply-time,rs-003531-vtfhg,78c54f49-85f1-4f0a-b2bf-530e9c6ee34c,1,3639.567164
2026/02/05/00:20:12,running-time,rs-003531-vtfhg,78c54f49-85f1-4f0a-b2bf-530e9c6ee34c,1,3639.567164
2026/02/05/00:20:12,apply-time,rs-003532-mkv4t,ea349754-6e16-4feb-aad1-aa41eb7d4735,1,3639.567164
2026/02/05/00:20:12,running-time,rs-003532-mkv4t,ea349754-6e16-4feb-aad1-aa41eb7d4735,1,3639.567164
2026/02/05/00:20:12,apply-time,rs-003533-qzv6b,1e88c58d-6a30-4904-a586-b89720afbbb5,1,3639.567164
2026/02/05/00:20:12,running-time,rs-003533-qzv6b,1e88c58d-6a30-4904-a586-b89720afbbb5,1,3639.567164
2026/02/05/00:20:12,apply-time,rs-003534-nn6l5,89dc8b7d-8484-4228-94b7-0bda7671b42d,1,3639.567164
2026/02/05/00:20:12,running-time,rs-003534-nn6l5,89dc8b7d-8484-4228-94b7-0bda7671b42d,1,3639.567164
2026/02/05/00:20:12,apply-time,rs-003534-t9fnb,e4d9f4c5-e39a-49a4-b2ea-cab13a6b45c6,1,3639.567164
2026/02/05/00:20:12,running-time,rs-003534-t9fnb,e4d9f4c5-e39a-49a4-b2ea-cab13a6b45c6,1,3639.567164
2026/02/05/00:20:12,apply-time,rs-003535-l2w2z,f9ce88a4-ff38-493b-9d0f-37f3a1c49587,1,3639.567164
2026/02/05/00:20:12,running-time,rs-003535-l2w2z,f9ce88a4-ff38-493b-9d0f-37f3a1c49587,1,3639.567164
2026/02/05/00:20:17,apply-time,rs-003536-pr2pw,2b4083eb-1ac1-4a69-979c-52afa5beb02c,1,3644.567164
2026/02/05/00:20:17,running-time,rs-003536-pr2pw,2b4083eb-1ac1-4a69-979c-52afa5beb02c,1,3644.567164
2026/02/05/00:20:17,apply-time,rs-003537-gxf2d,44b4249e-aff0-4ef4-84ac-be16af777069,1,3644.567164
2026/02/05/00:20:17,running-time,rs-003537-gxf2d,44b4249e-aff0-4ef4-84ac-be16af777069,1,3644.567164
2026/02/05/00:20:17,apply-time,rs-003537-h946c,5d8b087f-cc5c-4f07-b87b-378b39919693,1,3644.567164
2026/02/05/00:20:17,running-time,rs-003537-h946c,5d8b087f-cc5c-4f07-b87b-378b39919693,1,3644.567164
2026/02/05/00:20:17,apply-time,rs-003537-rb9hx,124193f7-67ae-4720-8c4c-d32eee58e697,1,3644.567164
2026/02/05/00:20:17,running-time,rs-003537-rb9hx,124193f7-67ae-4720-8c4c-d32eee58e697,1,3644.567164
2026/02/05/00:20:17,apply-time,rs-003538-gpxnj,e8fbae7a-30cf-4d68-b98c-8d6a298bd57d,1,3644.567164
2026/02/05/00:20:17,apply-time,rs-003538-qbjwm,57b924a0-95dd-47f8-88c8-2f9aec615fe6,1,3644.567164
2026/02/05/00:20:17,apply-time,rs-003538-zrx2c,ed645411-9c94-4c07-a11e-ed8ed7f82a2d,1,3644.567164
2026/02/05/00:20:17,apply-time,rs-003539-978rp,17fad533-6aec-4d48-9489-b6a729705258,1,3644.567164
2026/02/05/00:20:17,running-time,rs-003539-978rp,17fad533-6aec-4d48-9489-b6a729705258,1,3644.567164
2026/02/05/00:20:17,apply-time,rs-003539-kn9ch,17e2c791-d466-4e47-80ce-b6a5a0392a7e,1,3644.567164
2026/02/05/00:20:17,running-time,rs-003539-kn9ch,17e2c791-d466-4e47-80ce-b6a5a0392a7e,1,3644.567164
2026/02/05/00:20:17,apply-time,rs-003539-z4qtc,601867c0-52a1-4169-b224-a52e3eb11fa1,1,3644.567164
2026/02/05/00:20:17,running-time,rs-003539-z4qtc,601867c0-52a1-4169-b224-a52e3eb11fa1,1,3644.567164
2026/02/05/00:20:20,running-time,rs-003538-gpxnj,e8fbae7a-30cf-4d68-b98c-8d6a298bd57d,1,3647.567164
2026/02/05/00:20:25,apply-time,rs-003540-j54w7,555e0172-c39b-4b40-a8f3-de3700ae6004,1,3652.567164
2026/02/05/00:20:25,running-time,rs-003540-j54w7,555e0172-c39b-4b40-a8f3-de3700ae6004,1,3652.567164
2026/02/05/00:20:25,apply-time,rs-003540-lvhdg,36d1280d-fe95-4070-b041-a5b8d9650682,1,3652.567164
2026/02/05/00:20:25,running-time,rs-003540-lvhdg,36d1280d-fe95-4070-b041-a5b8d9650682,1,3652.567164
2026/02/05/00:20:25,apply-time,rs-003540-nqbh9,ba8047a3-0ada-492b-aa28-0a0cd5559110,1,3652.567164
2026/02/05/00:20:25,running-time,rs-003540-nqbh9,ba8047a3-0ada-492b-aa28-0a0cd5559110,1,3652.567164
2026/02/05/00:20:34,apply-time,rs-003541-bqc8c,69203eb0-6580-463a-87d6-17e9929b6e5b,1,3661.567164
2026/02/05/00:20:34,running-time,rs-003541-bqc8c,69203eb0-6580-463a-87d6-17e9929b6e5b,1,3661.567164
2026/02/05/00:20:34,apply-time,rs-003541-x8bfl,2f2b9f3f-7e6c-42d2-9f7c-845fc6617be9,1,3661.567164
2026/02/05/00:20:34,running-time,rs-003541-x8bfl,2f2b9f3f-7e6c-42d2-9f7c-845fc6617be9,1,3661.567164
2026/02/05/00:20:34,apply-time,rs-003542-h6l65,c8132b65-f699-463b-9a45-4440d9fddcc0,1,3661.567164
2026/02/05/00:20:34,running-time,rs-003542-h6l65,c8132b65-f699-463b-9a45-4440d9fddcc0,1,3661.567164
2026/02/05/00:20:34,apply-time,rs-003543-8q7tr,8c4ab5ef-7209-48fa-a0e5-4f02ab8f3ae1,1,3661.567164
2026/02/05/00:20:34,running-time,rs-003543-8q7tr,8c4ab5ef-7209-48fa-a0e5-4f02ab8f3ae1,1,3661.567164
2026/02/05/00:20:35,apply-time,rs-003544-65575,6b3fd28b-20db-4588-bc69-bbb7c4598b23,1,3662.567164
2026/02/05/00:20:35,running-time,rs-003544-65575,6b3fd28b-20db-4588-bc69-bbb7c4598b23,1,3662.567164
2026/02/05/00:20:35,apply-time,rs-003544-7j2dx,0c448888-2be6-4ff4-8185-ae2c72770cee,1,3662.567164
2026/02/05/00:20:35,running-time,rs-003544-7j2dx,0c448888-2be6-4ff4-8185-ae2c72770cee,1,3662.567164
2026/02/05/00:20:35,apply-time,rs-003544-zpbws,b65dc650-acb7-4b84-8d4d-02e25d00456a,1,3662.567164
2026/02/05/00:20:35,running-time,rs-003544-zpbws,b65dc650-acb7-4b84-8d4d-02e25d00456a,1,3662.567164
2026/02/05/00:20:48,apply-time,rs-003545-8lxh9,57c140ab-29a5-461e-819c-aadf91cce645,1,3675.567164
2026/02/05/00:20:48,running-time,rs-003545-8lxh9,57c140ab-29a5-461e-819c-aadf91cce645,1,3675.567164
2026/02/05/00:20:48,apply-time,rs-003546-lhnq4,7fe75e46-dc1c-4b1d-991e-10b08ba6e090,1,3675.567164
2026/02/05/00:20:48,running-time,rs-003546-lhnq4,7fe75e46-dc1c-4b1d-991e-10b08ba6e090,1,3675.567164
2026/02/05/00:20:49,apply-time,rs-003547-zsrhb,7b38d382-b545-4ad5-b792-3db53f329e27,1,3676.567164
2026/02/05/00:20:49,running-time,rs-003547-zsrhb,7b38d382-b545-4ad5-b792-3db53f329e27,1,3676.567164
2026/02/05/00:20:49,apply-time,rs-003548-8kh2b,3ceaf80e-9d87-4f72-8bd9-15ca991664db,1,3676.567164
2026/02/05/00:20:49,running-time,rs-003548-8kh2b,3ceaf80e-9d87-4f72-8bd9-15ca991664db,1,3676.567164
2026/02/05/00:20:49,apply-time,rs-003549-7mrkk,526b5fcf-df9a-40ce-98fc-a68625029e3e,1,3676.567164
2026/02/05/00:20:49,running-time,rs-003549-7mrkk,526b5fcf-df9a-40ce-98fc-a68625029e3e,1,3676.567164
2026/02/05/00:20:49,apply-time,rs-003549-c6rl4,d631d17d-d1a7-4910-8943-1d40a262ec67,1,3676.567164
2026/02/05/00:20:49,running-time,rs-003549-c6rl4,d631d17d-d1a7-4910-8943-1d40a262ec67,1,3676.567164
2026/02/05/00:20:49,apply-time,rs-003549-pppvt,ce5002dc-e40a-4f69-8561-a782c36a1f1b,1,3676.567164
2026/02/05/00:20:49,running-time,rs-003549-pppvt,ce5002dc-e40a-4f69-8561-a782c36a1f1b,1,3676.567164
2026/02/05/00:20:49,apply-time,rs-003550-26qjc,6c1a9071-3d4d-4093-bd20-cff3ebe2edff,1,3676.567164
2026/02/05/00:20:49,running-time,rs-003550-26qjc,6c1a9071-3d4d-4093-bd20-cff3ebe2edff,1,3676.567164
2026/02/05/00:20:49,apply-time,rs-003550-6gl8h,842851b3-0138-44ee-86d2-637ff03912e3,1,3676.567164
2026/02/05/00:20:49,running-time,rs-003550-6gl8h,842851b3-0138-44ee-86d2-637ff03912e3,1,3676.567164
2026/02/05/00:20:49,apply-time,rs-003550-b652q,e618cff4-9276-402b-86b6-cef3058fb259,1,3676.567164
2026/02/05/00:20:49,running-time,rs-003550-b652q,e618cff4-9276-402b-86b6-cef3058fb259,1,3676.567164
2026/02/05/00:20:51,apply-time,rs-003551-7nrvl,5f865bf4-41d5-45a0-9fa8-d8a450c75606,1,3678.567164
2026/02/05/00:20:51,running-time,rs-003551-7nrvl,5f865bf4-41d5-45a0-9fa8-d8a450c75606,1,3678.567164
2026/02/05/00:20:51,apply-time,rs-003551-dq5fp,73c5260e-6cb0-466b-b466-e8650a376e52,1,3678.567164
2026/02/05/00:20:51,running-time,rs-003551-dq5fp,73c5260e-6cb0-466b-b466-e8650a376e52,1,3678.567164
2026/02/05/00:20:51,apply-time,rs-003552-dfvb9,3b8392ca-d60d-48e7-87d1-a87edd82b072,1,3678.567164
2026/02/05/00:20:51,running-time,rs-003552-dfvb9,3b8392ca-d60d-48e7-87d1-a87edd82b072,1,3678.567164
2026/02/05/00:20:51,apply-time,rs-003552-jt6kb,9aebe142-55bb-4320-8328-20abe69044e5,1,3678.567164
2026/02/05/00:20:51,apply-time,rs-003552-p59xc,6282e857-4ee7-4f9d-a482-4ac41a66a133,1,3678.567164
2026/02/05/00:20:52,running-time,rs-003552-p59xc,6282e857-4ee7-4f9d-a482-4ac41a66a133,1,3679.567164
2026/02/05/00:20:52,apply-time,rs-003553-knprh,b7016dd8-f278-409c-8d1f-7479872ba8f3,1,3679.567164
2026/02/05/00:20:52,apply-time,rs-003554-kmpcs,71f75fee-360d-43ff-b476-2e740b2357a7,1,3679.567164
2026/02/05/00:20:52,apply-time,rs-003555-drb95,54686c8f-acd2-4e8d-a311-aaef6be27dbc,1,3679.567164
2026/02/05/00:20:52,running-time,rs-003555-drb95,54686c8f-acd2-4e8d-a311-aaef6be27dbc,1,3679.567164
2026/02/05/00:20:52,apply-time,rs-003555-qj987,02a2c05f-f76a-48c0-9211-3b7ee5f67b04,1,3679.567164
2026/02/05/00:20:52,running-time,rs-003555-qj987,02a2c05f-f76a-48c0-9211-3b7ee5f67b04,1,3679.567164
2026/02/05/00:20:52,apply-time,rs-003555-vlxbf,1d201013-5bc7-4b28-a9e5-9f8d85d6e8e6,1,3679.567164
2026/02/05/00:20:52,running-time,rs-003555-vlxbf,1d201013-5bc7-4b28-a9e5-9f8d85d6e8e6,1,3679.567164
2026/02/05/00:20:52,apply-time,rs-003556-2j77l,cb3718a9-be71-468c-b204-eca4ca572fd0,1,3679.567164
2026/02/05/00:20:52,apply-time,rs-003556-jchh9,df3579d3-8396-42ed-91e7-b9d4d69f01a2,1,3679.567164
2026/02/05/00:20:52,running-time,rs-003556-jchh9,df3579d3-8396-42ed-91e7-b9d4d69f01a2,1,3679.567164
2026/02/05/00:20:52,apply-time,rs-003556-qgdlp,70a5f7e6-2d0a-4c7c-be8e-f93c64bc5a1d,1,3679.567164
2026/02/05/00:20:52,apply-time,rs-003557-9l9cb,88b9d24c-cb08-4c85-bedf-0be727cbbeed,1,3679.567164
2026/02/05/00:20:52,running-time,rs-003557-9l9cb,88b9d24c-cb08-4c85-bedf-0be727cbbeed,1,3679.567164
2026/02/05/00:20:52,apply-time,rs-003557-spphv,d6944f94-0e17-4d0e-ad86-b3b945a637c8,1,3679.567164
2026/02/05/00:20:52,running-time,rs-003557-spphv,d6944f94-0e17-4d0e-ad86-b3b945a637c8,1,3679.567164
2026/02/05/00:20:52,apply-time,rs-003557-wcvmj,7111aace-0715-410b-b7aa-267605edd118,1,3679.567164
2026/02/05/00:20:52,running-time,rs-003557-wcvmj,7111aace-0715-410b-b7aa-267605edd118,1,3679.567164
2026/02/05/00:20:52,apply-time,rs-003558-xwsp7,83a2c02c-0e12-4001-be46-c5f6a05736c6,1,3679.567164
2026/02/05/00:20:52,running-time,rs-003558-xwsp7,83a2c02c-0e12-4001-be46-c5f6a05736c6,1,3679.567164
2026/02/05/00:20:53,apply-time,rs-003559-4jhpj,317839c6-cef5-40bc-ba22-bca7a7aecd0b,1,3680.567164
2026/02/05/00:20:53,running-time,rs-003559-4jhpj,317839c6-cef5-40bc-ba22-bca7a7aecd0b,1,3680.567164
2026/02/05/00:20:53,apply-time,rs-003559-d2qrb,66315e8e-fdaf-4d3e-8ba1-49e9d31a32e3,1,3680.567164
2026/02/05/00:20:53,running-time,rs-003559-d2qrb,66315e8e-fdaf-4d3e-8ba1-49e9d31a32e3,1,3680.567164
2026/02/05/00:20:53,apply-time,rs-003559-vt6ch,86cbe276-ccd9-4379-abe6-77108b76beb1,1,3680.567164
2026/02/05/00:20:53,running-time,rs-003559-vt6ch,86cbe276-ccd9-4379-abe6-77108b76beb1,1,3680.567164
2026/02/05/00:20:53,apply-time,rs-003560-48rmm,b7bafc89-1260-440f-8540-7925f12df056,1,3680.567164
2026/02/05/00:20:53,running-time,rs-003560-48rmm,b7bafc89-1260-440f-8540-7925f12df056,1,3680.567164
2026/02/05/00:20:53,apply-time,rs-003560-swvzp,df22ef86-1b94-42b4-8973-a740e70e7f95,1,3680.567164
2026/02/05/00:20:53,running-time,rs-003560-swvzp,df22ef86-1b94-42b4-8973-a740e70e7f95,1,3680.567164
2026/02/05/00:20:53,apply-time,rs-003561-l9p8j,ed7f2e74-e32a-4fdd-b532-5089c72173e8,1,3680.567164
2026/02/05/00:20:53,running-time,rs-003561-l9p8j,ed7f2e74-e32a-4fdd-b532-5089c72173e8,1,3680.567164
2026/02/05/00:20:54,running-time,rs-003556-2j77l,cb3718a9-be71-468c-b204-eca4ca572fd0,1,3681.567164
2026/02/05/00:20:55,apply-time,rs-003562-2phwh,e6dd44ca-80e1-4ed8-97e6-8ce84399c4ac,1,3682.567164
2026/02/05/00:20:55,running-time,rs-003562-2phwh,e6dd44ca-80e1-4ed8-97e6-8ce84399c4ac,1,3682.567164
2026/02/05/00:20:55,apply-time,rs-003562-hdksg,8bc3195b-4e22-4759-bc50-fccbff282a66,1,3682.567164
2026/02/05/00:20:55,running-time,rs-003562-hdksg,8bc3195b-4e22-4759-bc50-fccbff282a66,1,3682.567164
2026/02/05/00:20:55,apply-time,rs-003563-km69s,81c99c99-7eff-4383-92e8-b582876c847d,1,3682.567164
2026/02/05/00:20:55,apply-time,rs-003563-sxjvr,3f91486f-b278-4b96-8709-887cae727baf,1,3682.567164
2026/02/05/00:20:55,apply-time,rs-003563-zsd8h,5ee0723e-ebd7-433d-a2bd-8d633488fbb9,1,3682.567164
2026/02/05/00:20:55,apply-time,rs-003564-dgmhx,42599863-cf89-4dbf-b6ec-d137b292377c,1,3682.567164
2026/02/05/00:20:55,running-time,rs-003564-dgmhx,42599863-cf89-4dbf-b6ec-d137b292377c,1,3682.567164
2026/02/05/00:20:55,apply-time,rs-003564-pftk9,a1e19755-5d17-48b8-8f7a-4e330c1ff43f,1,3682.567164
2026/02/05/00:20:55,running-time,rs-003564-pftk9,a1e19755-5d17-48b8-8f7a-4e330c1ff43f,1,3682.567164
2026/02/05/00:20:56,running-time,rs-003563-km69s,81c99c99-7eff-4383-92e8-b582876c847d,1,3683.567164
2026/02/05/00:20:56,running-time,rs-003563-sxjvr,3f91486f-b278-4b96-8709-887cae727baf,1,3683.567164
2026/02/05/00:20:57,running-time,rs-003556-qgdlp,70a5f7e6-2d0a-4c7c-be8e-f93c64bc5a1d,1,3684.567164
2026/02/05/00:20:59,running-time,rs-003563-zsd8h,5ee0723e-ebd7-433d-a2bd-8d633488fbb9,1,3686.567164
2026/02/05/00:21:04,running-time,rs-003554-kmpcs,71f75fee-360d-43ff-b476-2e740b2357a7,1,3691.567164
2026/02/05/00:21:08,apply-time,rs-003565-s7q6g,2301abfc-1b61-424e-ae1e-2eb8f7154823,1,3695.567164
2026/02/05/00:21:08,running-time,rs-003565-s7q6g,2301abfc-1b61-424e-ae1e-2eb8f7154823,1,3695.567164
2026/02/05/00:21:11,apply-time,rs-003566-bttzc,cc9e08a5-887e-45b3-bd7e-e9bf0a915348,1,3698.567164
2026/02/05/00:21:11,running-time,rs-003566-bttzc,cc9e08a5-887e-45b3-bd7e-e9bf0a915348,1,3698.567164
2026/02/05/00:21:11,apply-time,rs-003566-jxn66,a111824d-079f-443c-8b28-68e2a740bdb0,1,3698.567164
2026/02/05/00:21:11,running-time,rs-003566-jxn66,a111824d-079f-443c-8b28-68e2a740bdb0,1,3698.567164
2026/02/05/00:21:11,apply-time,rs-003567-l7bzp,eb980c88-2211-4205-a23e-465f25e174aa,1,3698.567164
2026/02/05/00:21:11,running-time,rs-003567-l7bzp,eb980c88-2211-4205-a23e-465f25e174aa,1,3698.567164
2026/02/05/00:21:14,apply-time,rs-003568-tgfbv,447ce80e-21c5-4884-8355-12beb03a7116,1,3701.567164
2026/02/05/00:21:14,running-time,rs-003568-tgfbv,447ce80e-21c5-4884-8355-12beb03a7116,1,3701.567164
2026/02/05/00:21:14,apply-time,rs-003569-lvlgd,dd56f748-a280-48c3-a257-5a369a7ba296,1,3701.567164
2026/02/05/00:21:14,running-time,rs-003569-lvlgd,dd56f748-a280-48c3-a257-5a369a7ba296,1,3701.567164
2026/02/05/00:21:14,apply-time,rs-003570-d5kx9,09336f70-1f71-4e75-8e35-8b7945a38393,1,3701.567164
2026/02/05/00:21:14,running-time,rs-003570-d5kx9,09336f70-1f71-4e75-8e35-8b7945a38393,1,3701.567164
2026/02/05/00:21:14,apply-time,rs-003570-dchkk,9fa62b4d-6991-4efc-bdc5-18b46aaf8c9b,1,3701.567164
2026/02/05/00:21:14,running-time,rs-003570-dchkk,9fa62b4d-6991-4efc-bdc5-18b46aaf8c9b,1,3701.567164
2026/02/05/00:21:14,apply-time,rs-003571-msjrm,77035caa-a030-46c6-90e6-adfdad9d456a,1,3701.567164
2026/02/05/00:21:14,running-time,rs-003571-msjrm,77035caa-a030-46c6-90e6-adfdad9d456a,1,3701.567164
2026/02/05/00:21:14,apply-time,rs-003572-qrckr,7c2300ff-272e-4627-a6da-0427de0a13ff,1,3701.567164
2026/02/05/00:21:14,running-time,rs-003572-qrckr,7c2300ff-272e-4627-a6da-0427de0a13ff,1,3701.567164
2026/02/05/00:21:14,apply-time,rs-003573-bwhb5,3eb30640-e452-48c8-8d16-01374c3abc47,1,3701.567164
2026/02/05/00:21:14,running-time,rs-003573-bwhb5,3eb30640-e452-48c8-8d16-01374c3abc47,1,3701.567164
2026/02/05/00:21:14,apply-time,rs-003573-vf2q7,1072a243-ac43-4cff-834b-9b67dbdd3202,1,3701.567164
2026/02/05/00:21:14,running-time,rs-003573-vf2q7,1072a243-ac43-4cff-834b-9b67dbdd3202,1,3701.567164
2026/02/05/00:21:14,apply-time,rs-003574-5fxgx,11f2a3c4-c538-4ac4-9bad-c115e5a664cf,1,3701.567164
2026/02/05/00:21:14,running-time,rs-003574-5fxgx,11f2a3c4-c538-4ac4-9bad-c115e5a664cf,1,3701.567164
2026/02/05/00:21:14,apply-time,rs-003575-c6xjc,f5fef5ce-ae07-426b-b0e1-1a8411f3e1c3,1,3701.567164
2026/02/05/00:21:14,running-time,rs-003575-c6xjc,f5fef5ce-ae07-426b-b0e1-1a8411f3e1c3,1,3701.567164
2026/02/05/00:21:14,apply-time,rs-003576-44clx,abc38426-e79a-4054-9e1b-6099736a2309,1,3701.567164
2026/02/05/00:21:14,running-time,rs-003576-44clx,abc38426-e79a-4054-9e1b-6099736a2309,1,3701.567164
2026/02/05/00:21:14,apply-time,rs-003576-ps87s,87e42e96-ad24-443d-aa1d-b8c101f42fb4,1,3701.567164
2026/02/05/00:21:14,running-time,rs-003576-ps87s,87e42e96-ad24-443d-aa1d-b8c101f42fb4,1,3701.567164
2026/02/05/00:21:14,apply-time,rs-003577-h7w2x,39215fee-9b53-41a5-a5ff-63d708c4de13,1,3701.567164
2026/02/05/00:21:14,running-time,rs-003577-h7w2x,39215fee-9b53-41a5-a5ff-63d708c4de13,1,3701.567164
2026/02/05/00:21:14,apply-time,rs-003577-mcjxp,884f42b4-28af-48c9-979b-46f83ce754d6,1,3701.567164
2026/02/05/00:21:14,running-time,rs-003577-mcjxp,884f42b4-28af-48c9-979b-46f83ce754d6,1,3701.567164
2026/02/05/00:21:14,apply-time,rs-003578-9jhmh,36e32157-da79-4242-a607-7abb872e39db,1,3702.567164
2026/02/05/00:21:15,running-time,rs-003578-9jhmh,36e32157-da79-4242-a607-7abb872e39db,1,3702.567164
2026/02/05/00:21:15,apply-time,rs-003578-zvmbp,8064a4e6-87f6-4e8f-b765-407b57376566,1,3702.567164
2026/02/05/00:21:15,running-time,rs-003578-zvmbp,8064a4e6-87f6-4e8f-b765-407b57376566,1,3702.567164
2026/02/05/00:21:15,apply-time,rs-003579-cs9qs,29caa5d9-8c6a-402a-81f8-5dfaae558745,1,3702.567164
2026/02/05/00:21:15,running-time,rs-003579-cs9qs,29caa5d9-8c6a-402a-81f8-5dfaae558745,1,3702.567164
2026/02/05/00:21:15,apply-time,rs-003580-qzwdd,d1812529-14f7-4c32-ac24-42ec6592a1c9,1,3702.567164
2026/02/05/00:21:15,running-time,rs-003580-qzwdd,d1812529-14f7-4c32-ac24-42ec6592a1c9,1,3702.567164
2026/02/05/00:21:15,apply-time,rs-003581-2546w,4569decb-8cd7-4148-a707-d7344a1b2a02,1,3702.567164
2026/02/05/00:21:15,running-time,rs-003581-2546w,4569decb-8cd7-4148-a707-d7344a1b2a02,1,3702.567164
2026/02/05/00:21:15,apply-time,rs-003581-k4v4x,fe7524be-b209-4bfa-8adf-482656830b0c,1,3702.567164
2026/02/05/00:21:15,running-time,rs-003581-k4v4x,fe7524be-b209-4bfa-8adf-482656830b0c,1,3702.567164
2026/02/05/00:21:15,apply-time,rs-003581-qwf29,44c395b6-3faa-4631-ad9e-7fecbd3f07c6,1,3702.567164
2026/02/05/00:21:15,running-time,rs-003581-qwf29,44c395b6-3faa-4631-ad9e-7fecbd3f07c6,1,3702.567164
2026/02/05/00:21:15,apply-time,rs-003582-g9wdd,9e9ebce9-16ab-4a3d-907c-fca785812c20,1,3702.567164
2026/02/05/00:21:15,running-time,rs-003582-g9wdd,9e9ebce9-16ab-4a3d-907c-fca785812c20,1,3702.567164
2026/02/05/00:21:15,apply-time,rs-003582-mpz7v,c2047576-9f42-48df-b72c-0cf4595b8eac,1,3702.567164
2026/02/05/00:21:15,running-time,rs-003582-mpz7v,c2047576-9f42-48df-b72c-0cf4595b8eac,1,3702.567164
2026/02/05/00:21:15,apply-time,rs-003582-zht2t,f745682e-e663-4fcb-b119-4e657faacfb8,1,3702.567164
2026/02/05/00:21:15,running-time,rs-003582-zht2t,f745682e-e663-4fcb-b119-4e657faacfb8,1,3702.567164
2026/02/05/00:21:15,apply-time,rs-003583-c848s,160ba0bc-1695-4907-8ae9-c66c1e541b7c,1,3702.567164
2026/02/05/00:21:15,running-time,rs-003583-c848s,160ba0bc-1695-4907-8ae9-c66c1e541b7c,1,3702.567164
2026/02/05/00:21:16,apply-time,rs-003583-97kwh,a37a4b89-1197-404a-941d-2711ff2eab6e,1,3703.567164
2026/02/05/00:21:16,running-time,rs-003583-97kwh,a37a4b89-1197-404a-941d-2711ff2eab6e,1,3703.567164
2026/02/05/00:21:16,apply-time,rs-003584-brqwk,fd84e4a3-48f0-4abe-a333-7e916dac9154,1,3703.567164
2026/02/05/00:21:16,apply-time,rs-003585-mk58v,df86b5fb-9415-408d-9283-8572cb8d8257,1,3703.567164
2026/02/05/00:21:16,running-time,rs-003585-mk58v,df86b5fb-9415-408d-9283-8572cb8d8257,1,3703.567164
2026/02/05/00:21:17,apply-time,rs-003586-rgcth,e66a8028-c3e1-4c2a-9a03-a0e036a25fea,1,3704.567164
2026/02/05/00:21:17,running-time,rs-003586-rgcth,e66a8028-c3e1-4c2a-9a03-a0e036a25fea,1,3704.567164
2026/02/05/00:21:17,apply-time,rs-003587-4fd4r,7b9405c3-4dbd-497d-83ea-49bb479a23c3,1,3704.567164
2026/02/05/00:21:17,running-time,rs-003587-4fd4r,7b9405c3-4dbd-497d-83ea-49bb479a23c3,1,3704.567164
2026/02/05/00:21:17,apply-time,rs-003588-qxpr7,d8f5cb75-852d-4198-9440-a176168f043f,1,3704.567164
2026/02/05/00:21:17,running-time,rs-003588-qxpr7,d8f5cb75-852d-4198-9440-a176168f043f,1,3704.567164
2026/02/05/00:21:18,apply-time,rs-003588-jlfd4,fd270921-fb65-4191-b763-40dd5ffdaf59,1,3705.567164
2026/02/05/00:21:18,running-time,rs-003588-jlfd4,fd270921-fb65-4191-b763-40dd5ffdaf59,1,3705.567164
2026/02/05/00:21:18,apply-time,rs-003588-kvszd,5d13a6a2-e59b-4877-942c-35a9af7e96f2,1,3705.567164
2026/02/05/00:21:18,running-time,rs-003588-kvszd,5d13a6a2-e59b-4877-942c-35a9af7e96f2,1,3705.567164
2026/02/05/00:21:20,running-time,rs-003584-brqwk,fd84e4a3-48f0-4abe-a333-7e916dac9154,1,3707.567164
2026/02/05/00:21:21,apply-time,rs-003589-fgqrs,08f73bbb-1b7e-4000-8988-a22d8b3fa2c9,1,3708.567164
2026/02/05/00:21:21,running-time,rs-003589-fgqrs,08f73bbb-1b7e-4000-8988-a22d8b3fa2c9,1,3708.567164
2026/02/05/00:21:21,apply-time,rs-003590-8m6l5,09d02c5a-0d07-4dd0-af57-d9409ef8ad9e,1,3708.567164
2026/02/05/00:21:21,running-time,rs-003590-8m6l5,09d02c5a-0d07-4dd0-af57-d9409ef8ad9e,1,3708.567164
2026/02/05/00:21:21,apply-time,rs-003590-jpnmd,cef16b9d-1889-4ba7-931f-706205d6cecd,1,3708.567164
2026/02/05/00:21:21,running-time,rs-003590-jpnmd,cef16b9d-1889-4ba7-931f-706205d6cecd,1,3708.567164
2026/02/05/00:21:21,apply-time,rs-003590-r9bct,950417c3-544a-46ea-9598-b9b03e8b8421,1,3708.567164
2026/02/05/00:21:21,running-time,rs-003590-r9bct,950417c3-544a-46ea-9598-b9b03e8b8421,1,3708.567164
2026/02/05/00:21:21,apply-time,rs-003591-dbb94,92e731ce-9768-41a4-b322-137793823960,1,3708.567164
2026/02/05/00:21:21,apply-time,rs-003591-gfms2,b0c71294-40b8-4828-b806-17e315fc36f3,1,3708.567164
2026/02/05/00:21:21,apply-time,rs-003591-rbkhj,41b48851-ab79-4924-9ee4-00cb914313df,1,3708.567164
2026/02/05/00:21:21,running-time,rs-003591-rbkhj,41b48851-ab79-4924-9ee4-00cb914313df,1,3708.567164
2026/02/05/00:21:21,apply-time,rs-003592-tdblk,cd2eaad3-8d7c-4b27-81d4-8d7a942093c6,1,3708.567164
2026/02/05/00:21:21,apply-time,rs-003593-tq4f6,f1b394dd-b8af-419e-8002-8f79477f01dd,1,3708.567164
2026/02/05/00:21:21,running-time,rs-003593-tq4f6,f1b394dd-b8af-419e-8002-8f79477f01dd,1,3708.567164
2026/02/05/00:21:21,apply-time,rs-003594-p5b4l,6c51157b-10a0-4bec-825f-eda5fa66bd8a,1,3708.567164
2026/02/05/00:21:21,running-time,rs-003594-p5b4l,6c51157b-10a0-4bec-825f-eda5fa66bd8a,1,3708.567164
2026/02/05/00:21:21,apply-time,rs-003595-mqs4n,ac305c9f-48fc-40d3-ad32-4243719f53a8,1,3708.567164
2026/02/05/00:21:21,running-time,rs-003595-mqs4n,ac305c9f-48fc-40d3-ad32-4243719f53a8,1,3708.567164
2026/02/05/00:21:23,apply-time,rs-003596-cbvwr,439d19fa-1d87-4a33-ad04-f1f894cc485a,1,3710.567164
2026/02/05/00:21:23,running-time,rs-003596-cbvwr,439d19fa-1d87-4a33-ad04-f1f894cc485a,1,3710.567164
2026/02/05/00:21:23,apply-time,rs-003596-zcc8v,0df2cb36-28f0-4eca-9baf-486af54500a9,1,3710.567164
2026/02/05/00:21:23,running-time,rs-003596-zcc8v,0df2cb36-28f0-4eca-9baf-486af54500a9,1,3710.567164
2026/02/05/00:21:23,apply-time,rs-003596-zwxwn,c5234402-0321-473d-9d9b-4414bd597964,1,3710.567164
2026/02/05/00:21:23,running-time,rs-003596-zwxwn,c5234402-0321-473d-9d9b-4414bd597964,1,3710.567164
2026/02/05/00:21:23,apply-time,rs-003597-bx2ln,300d1ffd-ae8d-4b80-bede-d234918e345e,1,3710.567164
2026/02/05/00:21:23,running-time,rs-003597-bx2ln,300d1ffd-ae8d-4b80-bede-d234918e345e,1,3710.567164
2026/02/05/00:21:23,apply-time,rs-003597-g9pf8,2cddb800-f26b-4a00-8f81-2c37939a4762,1,3710.567164
2026/02/05/00:21:23,running-time,rs-003597-g9pf8,2cddb800-f26b-4a00-8f81-2c37939a4762,1,3710.567164
2026/02/05/00:21:24,running-time,rs-003591-gfms2,b0c71294-40b8-4828-b806-17e315fc36f3,1,3711.567164
2026/02/05/00:21:24,apply-time,rs-003598-crnxd,1b784c55-5358-4e19-b91c-daf0f625cff2,1,3711.567164
2026/02/05/00:21:24,running-time,rs-003598-crnxd,1b784c55-5358-4e19-b91c-daf0f625cff2,1,3711.567164
2026/02/05/00:21:24,apply-time,rs-003598-wp8m4,e343d1dc-8459-4e96-b467-82348b877988,1,3711.567164
2026/02/05/00:21:24,running-time,rs-003598-wp8m4,e343d1dc-8459-4e96-b467-82348b877988,1,3711.567164
2026/02/05/00:21:24,apply-time,rs-003599-8zxd9,adf70378-b84c-4cb3-b6b5-abddd53ccb01,1,3711.567164
2026/02/05/00:21:24,running-time,rs-003599-8zxd9,adf70378-b84c-4cb3-b6b5-abddd53ccb01,1,3711.567164
2026/02/05/00:21:24,apply-time,rs-003599-hms9z,eaca26f4-7bef-4841-ada2-81168b25429c,1,3711.567164
2026/02/05/00:21:24,running-time,rs-003599-hms9z,eaca26f4-7bef-4841-ada2-81168b25429c,1,3711.567164
2026/02/05/00:21:25,apply-time,rs-003600-74x82,f6ef91ed-8d66-4e72-bc42-685e3d1c0b7b,1,3712.567164
2026/02/05/00:21:25,running-time,rs-003600-74x82,f6ef91ed-8d66-4e72-bc42-685e3d1c0b7b,1,3712.567164
2026/02/05/00:21:25,apply-time,rs-003601-7qq77,136196e2-8031-4e0a-ac2e-4d945535ec0f,1,3712.567164
2026/02/05/00:21:25,running-time,rs-003601-7qq77,136196e2-8031-4e0a-ac2e-4d945535ec0f,1,3712.567164
2026/02/05/00:21:25,apply-time,rs-003601-rwr97,08d8b4d0-3441-480c-a191-c1ed08c10385,1,3712.567164
2026/02/05/00:21:25,running-time,rs-003601-rwr97,08d8b4d0-3441-480c-a191-c1ed08c10385,1,3712.567164
2026/02/05/00:21:25,apply-time,rs-003602-vfml7,61161619-1886-467a-af7e-c5c248d9b923,1,3712.567164
2026/02/05/00:21:25,running-time,rs-003602-vfml7,61161619-1886-467a-af7e-c5c248d9b923,1,3712.567164
2026/02/05/00:21:25,apply-time,rs-003603-4np7q,f7671481-7caa-4bbd-a161-de0cff99466c,1,3712.567164
2026/02/05/00:21:25,apply-time,rs-003603-6q6s6,823f6970-7b5f-4159-83a7-7bb06e9de47f,1,3712.567164
2026/02/05/00:21:25,running-time,rs-003603-6q6s6,823f6970-7b5f-4159-83a7-7bb06e9de47f,1,3712.567164
2026/02/05/00:21:25,apply-time,rs-003603-qlr9d,a857ba20-a0f6-4440-a30a-4fb721e5106b,1,3712.567164
2026/02/05/00:21:26,running-time,rs-003603-4np7q,f7671481-7caa-4bbd-a161-de0cff99466c,1,3713.567164
2026/02/05/00:21:26,running-time,rs-003603-qlr9d,a857ba20-a0f6-4440-a30a-4fb721e5106b,1,3713.567164
2026/02/05/00:21:30,apply-time,rs-003604-bknng,579cac62-a46c-4177-9992-0b03e0b0e56a,1,3717.567164
2026/02/05/00:21:30,running-time,rs-003604-bknng,579cac62-a46c-4177-9992-0b03e0b0e56a,1,3717.567164
2026/02/05/00:21:31,apply-time,rs-003605-8h6nf,19b9ee76-b54c-4681-b268-1aa856bd934a,1,3718.567164
2026/02/05/00:21:31,running-time,rs-003605-8h6nf,19b9ee76-b54c-4681-b268-1aa856bd934a,1,3718.567164
2026/02/05/00:21:31,apply-time,rs-003605-9xvcm,2cb3a0e2-0185-4375-82ae-42e1c80330dd,1,3718.567164
2026/02/05/00:21:31,running-time,rs-003605-9xvcm,2cb3a0e2-0185-4375-82ae-42e1c80330dd,1,3718.567164
2026/02/05/00:21:31,apply-time,rs-003605-dkftk,5aad2dff-5ce4-44d9-ac51-2df7728dadfe,1,3718.567164
2026/02/05/00:21:31,running-time,rs-003605-dkftk,5aad2dff-5ce4-44d9-ac51-2df7728dadfe,1,3718.567164
2026/02/05/00:21:31,apply-time,rs-003606-7d55l,fde5607f-2941-4a59-9e3c-3836d0135c35,1,3718.567164
2026/02/05/00:21:31,apply-time,rs-003607-8dr2b,09ef2fbf-2317-4602-ab8c-09148c3b3fbe,1,3718.567164
2026/02/05/00:21:31,running-time,rs-003607-8dr2b,09ef2fbf-2317-4602-ab8c-09148c3b3fbe,1,3718.567164
2026/02/05/00:21:31,apply-time,rs-003608-bm64p,a15f73da-9fda-4b6d-9363-06125a2bf1fb,1,3718.567164
2026/02/05/00:21:31,running-time,rs-003608-bm64p,a15f73da-9fda-4b6d-9363-06125a2bf1fb,1,3718.567164
2026/02/05/00:21:32,running-time,rs-003606-7d55l,fde5607f-2941-4a59-9e3c-3836d0135c35,1,3719.567164
2026/02/05/00:21:32,apply-time,rs-003609-75765,f0ae168a-75b8-43ad-9e0f-25a975b2c478,1,3719.567164
2026/02/05/00:21:32,apply-time,rs-003609-hv2bt,d75fd190-ecaa-4a97-8b6e-e7135b27c8ab,1,3719.567164
2026/02/05/00:21:32,apply-time,rs-003610-cfz8z,c5a384af-e3d6-4390-80ce-940e611dfdde,1,3719.567164
2026/02/05/00:21:32,running-time,rs-003610-cfz8z,c5a384af-e3d6-4390-80ce-940e611dfdde,1,3719.567164
2026/02/05/00:21:32,apply-time,rs-003610-gppdt,4ab675e0-524d-4230-85ac-b95337f88fdd,1,3719.567164
2026/02/05/00:21:32,running-time,rs-003610-gppdt,4ab675e0-524d-4230-85ac-b95337f88fdd,1,3719.567164
2026/02/05/00:21:32,apply-time,rs-003611-4jkfs,c0229f0c-afd7-4030-b751-99cd8d502437,1,3719.567164
2026/02/05/00:21:32,running-time,rs-003611-4jkfs,c0229f0c-afd7-4030-b751-99cd8d502437,1,3719.567164
2026/02/05/00:21:32,apply-time,rs-003611-mfj4w,8f2f561a-3e89-449d-b3ab-b59757d993cb,1,3719.567164
2026/02/05/00:21:32,running-time,rs-003611-mfj4w,8f2f561a-3e89-449d-b3ab-b59757d993cb,1,3719.567164
2026/02/05/00:21:32,apply-time,rs-003611-rznd8,b2bd1576-7639-471a-aa63-2fa81cd9ce1b,1,3719.567164
2026/02/05/00:21:32,running-time,rs-003611-rznd8,b2bd1576-7639-471a-aa63-2fa81cd9ce1b,1,3719.567164
2026/02/05/00:21:33,apply-time,rs-003612-98h7s,c70e6469-c08c-4caf-a81c-86d46c4ad378,1,3720.567164
2026/02/05/00:21:33,running-time,rs-003612-98h7s,c70e6469-c08c-4caf-a81c-86d46c4ad378,1,3720.567164
2026/02/05/00:21:33,apply-time,rs-003612-lfw9g,32f9b658-1a8d-4f56-939a-3d85ac61cf02,1,3720.567164
2026/02/05/00:21:33,running-time,rs-003612-lfw9g,32f9b658-1a8d-4f56-939a-3d85ac61cf02,1,3720.567164
2026/02/05/00:21:33,apply-time,rs-003612-p7dgm,f155ae20-eda9-4133-aa3c-0f73e49ae003,1,3720.567164
2026/02/05/00:21:33,running-time,rs-003612-p7dgm,f155ae20-eda9-4133-aa3c-0f73e49ae003,1,3720.567164
2026/02/05/00:21:33,apply-time,rs-003613-8rsmn,fb624331-2d34-4754-a175-7a02997f14a0,1,3720.567164
2026/02/05/00:21:33,running-time,rs-003613-8rsmn,fb624331-2d34-4754-a175-7a02997f14a0,1,3720.567164
2026/02/05/00:21:33,apply-time,rs-003613-cbw9r,b2b2105e-db93-4e26-82d4-2b519c138806,1,3720.567164
2026/02/05/00:21:33,running-time,rs-003613-cbw9r,b2b2105e-db93-4e26-82d4-2b519c138806,1,3720.567164
2026/02/05/00:21:33,apply-time,rs-003613-njg8c,265ff7a9-8a19-48b6-ae06-11bc994384a0,1,3720.567164
2026/02/05/00:21:33,running-time,rs-003613-njg8c,265ff7a9-8a19-48b6-ae06-11bc994384a0,1,3720.567164
2026/02/05/00:21:33,apply-time,rs-003614-96x7w,8c9afb71-a266-4137-91c1-4c460ad9cd9e,1,3720.567164
2026/02/05/00:21:33,running-time,rs-003614-96x7w,8c9afb71-a266-4137-91c1-4c460ad9cd9e,1,3720.567164
2026/02/05/00:21:33,apply-time,rs-003614-sstlc,342c67a9-874c-4636-87a2-3b2f90ca090e,1,3720.567164
2026/02/05/00:21:33,running-time,rs-003614-sstlc,342c67a9-874c-4636-87a2-3b2f90ca090e,1,3720.567164
2026/02/05/00:21:33,apply-time,rs-003615-z4qpv,fb33d4e0-be54-4bae-ae8a-f2a6f94504e9,1,3720.567164
2026/02/05/00:21:33,running-time,rs-003615-z4qpv,fb33d4e0-be54-4bae-ae8a-f2a6f94504e9,1,3720.567164
2026/02/05/00:21:33,apply-time,rs-003616-cj2fh,443a5434-9438-4942-a665-49e66520003a,1,3720.567164
2026/02/05/00:21:33,apply-time,rs-003616-dk8v7,71901696-8c4f-45be-aaa3-973f6451f64a,1,3720.567164
2026/02/05/00:21:33,apply-time,rs-003616-hzlpd,f1961a34-fd3a-49bd-84ff-665c3b4a5bb1,1,3720.567164
2026/02/05/00:21:34,apply-time,rs-003617-k6q94,af933271-7d96-4f9a-8686-1c0298af3519,1,3721.567164
2026/02/05/00:21:34,running-time,rs-003617-k6q94,af933271-7d96-4f9a-8686-1c0298af3519,1,3721.567164
2026/02/05/00:21:34,apply-time,rs-003617-psh2r,83005bdf-7920-466a-913c-472dca34f2bb,1,3721.567164
2026/02/05/00:21:34,running-time,rs-003617-psh2r,83005bdf-7920-466a-913c-472dca34f2bb,1,3721.567164
2026/02/05/00:21:34,apply-time,rs-003617-r6z99,b584e4e4-1ae9-4051-a926-6f48540645b9,1,3721.567164
2026/02/05/00:21:34,running-time,rs-003617-r6z99,b584e4e4-1ae9-4051-a926-6f48540645b9,1,3721.567164
2026/02/05/00:21:34,apply-time,rs-003618-dkzc5,4a342f40-d5ae-4c9c-bdd8-3c6ab474c7c2,1,3721.567164
2026/02/05/00:21:34,running-time,rs-003618-dkzc5,4a342f40-d5ae-4c9c-bdd8-3c6ab474c7c2,1,3721.567164
2026/02/05/00:21:34,apply-time,rs-003618-l8b5r,e6322694-eb0e-4618-8793-101148156bc1,1,3721.567164
2026/02/05/00:21:34,running-time,rs-003618-l8b5r,e6322694-eb0e-4618-8793-101148156bc1,1,3722.567164
2026/02/05/00:21:34,apply-time,rs-003618-wxp5n,5144973c-80ec-43fa-b2f9-ec35504d915b,1,3721.567164
2026/02/05/00:21:34,running-time,rs-003618-wxp5n,5144973c-80ec-43fa-b2f9-ec35504d915b,1,3721.567164
2026/02/05/00:21:36,running-time,rs-003616-cj2fh,443a5434-9438-4942-a665-49e66520003a,1,3723.567164
2026/02/05/00:21:39,apply-time,rs-003619-49hkk,039e7dbf-577c-4bd9-8505-6e27060d48e5,1,3726.567164
2026/02/05/00:21:39,apply-time,rs-003619-lswkt,a0691cf2-fa44-4eb9-b60d-49ba08e9341f,1,3726.567164
2026/02/05/00:21:39,running-time,rs-003619-lswkt,a0691cf2-fa44-4eb9-b60d-49ba08e9341f,1,3727.567164
2026/02/05/00:21:40,running-time,rs-003619-49hkk,039e7dbf-577c-4bd9-8505-6e27060d48e5,1,3727.567164
2026/02/05/00:21:40,apply-time,rs-003620-r8jql,ea91a5c6-ff62-4a83-be6b-d786dbc0507a,1,3727.567164
2026/02/05/00:21:40,running-time,rs-003620-r8jql,ea91a5c6-ff62-4a83-be6b-d786dbc0507a,1,3727.567164
2026/02/05/00:21:40,apply-time,rs-003621-2zch6,3c09afb2-62ba-4255-bbca-cdac98be35b0,1,3727.567164
2026/02/05/00:21:40,running-time,rs-003621-2zch6,3c09afb2-62ba-4255-bbca-cdac98be35b0,1,3727.567164
2026/02/05/00:21:40,apply-time,rs-003622-h89d5,3719b4c8-02bb-46e3-8e59-6c9f244de7a3,1,3727.567164
2026/02/05/00:21:40,running-time,rs-003622-h89d5,3719b4c8-02bb-46e3-8e59-6c9f244de7a3,1,3727.567164
2026/02/05/00:21:40,apply-time,rs-003623-vpb4p,bbb3e127-998b-434f-988a-bd3d1a0543ce,1,3727.567164
2026/02/05/00:21:40,running-time,rs-003623-vpb4p,bbb3e127-998b-434f-988a-bd3d1a0543ce,1,3727.567164
2026/02/05/00:21:40,apply-time,rs-003624-c8g4z,3f0b75cf-3a46-4d1b-8926-d7dab6107cfa,1,3727.567164
2026/02/05/00:21:40,running-time,rs-003624-c8g4z,3f0b75cf-3a46-4d1b-8926-d7dab6107cfa,1,3727.567164
2026/02/05/00:21:40,apply-time,rs-003624-dtv6c,4df3d022-8ac7-491b-988b-c1a5eee3e973,1,3727.567164
2026/02/05/00:21:40,running-time,rs-003624-dtv6c,4df3d022-8ac7-491b-988b-c1a5eee3e973,1,3727.567164
2026/02/05/00:21:40,apply-time,rs-003624-l494r,2503aa68-25c1-443e-9363-0504fe5304e5,1,3727.567164
2026/02/05/00:21:40,running-time,rs-003624-l494r,2503aa68-25c1-443e-9363-0504fe5304e5,1,3727.567164
2026/02/05/00:21:40,apply-time,rs-003625-92pcl,0c58c596-9244-497b-bdee-68addb88a30c,1,3727.567164
2026/02/05/00:21:40,running-time,rs-003625-92pcl,0c58c596-9244-497b-bdee-68addb88a30c,1,3727.567164
2026/02/05/00:21:40,apply-time,rs-003626-fv82p,66ee8847-e67d-4b58-a345-82e8a41d7662,1,3727.567164
2026/02/05/00:21:40,running-time,rs-003626-fv82p,66ee8847-e67d-4b58-a345-82e8a41d7662,1,3727.567164
2026/02/05/00:21:40,apply-time,rs-003626-g2xtb,8795ece0-032e-47fd-9b25-d2ee033293bb,1,3727.567164
2026/02/05/00:21:40,running-time,rs-003626-g2xtb,8795ece0-032e-47fd-9b25-d2ee033293bb,1,3727.567164
2026/02/05/00:21:40,apply-time,rs-003627-24cwd,daffffa9-39ff-4f03-8376-31e56f5941c3,1,3727.567164
2026/02/05/00:21:40,running-time,rs-003627-24cwd,daffffa9-39ff-4f03-8376-31e56f5941c3,1,3727.567164
2026/02/05/00:21:40,apply-time,rs-003627-9zr46,cb86277d-3dc5-4410-8770-21b5a703d2ea,1,3727.567164
2026/02/05/00:21:40,running-time,rs-003627-9zr46,cb86277d-3dc5-4410-8770-21b5a703d2ea,1,3727.567164
2026/02/05/00:21:40,apply-time,rs-003627-sr9qz,656a913b-6ecd-472e-bd23-934a81c98c53,1,3727.567164
2026/02/05/00:21:40,running-time,rs-003627-sr9qz,656a913b-6ecd-472e-bd23-934a81c98c53,1,3727.567164
2026/02/05/00:21:40,apply-time,rs-003630-6zx55,bc309a83-a0f8-49c2-ba02-21ec9b09722a,1,3727.567164
2026/02/05/00:21:40,running-time,rs-003630-6zx55,bc309a83-a0f8-49c2-ba02-21ec9b09722a,1,3727.567164
2026/02/05/00:21:41,apply-time,rs-003628-fwg75,d5569641-a684-43aa-b872-c3dd6f2f9b08,1,3728.567164
2026/02/05/00:21:41,running-time,rs-003628-fwg75,d5569641-a684-43aa-b872-c3dd6f2f9b08,1,3728.567164
2026/02/05/00:21:41,apply-time,rs-003629-jqhwb,ff423870-4676-4ee0-acf4-01df9ea92eec,1,3728.567164
2026/02/05/00:21:41,running-time,rs-003629-jqhwb,ff423870-4676-4ee0-acf4-01df9ea92eec,1,3728.567164
2026/02/05/00:21:41,apply-time,rs-003631-p5t57,44e7b704-eb26-4698-adba-d095157c08e0,1,3728.567164
2026/02/05/00:21:41,running-time,rs-003631-p5t57,44e7b704-eb26-4698-adba-d095157c08e0,1,3728.567164
2026/02/05/00:21:41,apply-time,rs-003631-q5k2p,85e91df4-ea6f-41da-ba08-faaf4d7db9ed,1,3728.567164
2026/02/05/00:21:41,running-time,rs-003631-q5k2p,85e91df4-ea6f-41da-ba08-faaf4d7db9ed,1,3728.567164
2026/02/05/00:21:41,apply-time,rs-003631-qqzd9,1aa5a392-3fb8-47ac-a593-2a8ed2ec532c,1,3728.567164
2026/02/05/00:21:41,running-time,rs-003631-qqzd9,1aa5a392-3fb8-47ac-a593-2a8ed2ec532c,1,3728.567164
2026/02/05/00:21:42,apply-time,rs-003632-5j4p5,a6dad200-687c-42be-82be-d234c267c3fc,1,3729.567164
2026/02/05/00:21:42,running-time,rs-003632-5j4p5,a6dad200-687c-42be-82be-d234c267c3fc,1,3729.567164
2026/02/05/00:21:42,apply-time,rs-003633-qtgdz,406a9dba-6148-4da2-b270-75f00567f595,1,3729.567164
2026/02/05/00:21:42,running-time,rs-003633-qtgdz,406a9dba-6148-4da2-b270-75f00567f595,1,3729.567164
2026/02/05/00:21:42,apply-time,rs-003634-b6ksc,ebc2ef61-d1ae-4e6a-931f-e1f7f3470f31,1,3729.567164
2026/02/05/00:21:42,running-time,rs-003634-b6ksc,ebc2ef61-d1ae-4e6a-931f-e1f7f3470f31,1,3729.567164
2026/02/05/00:21:42,apply-time,rs-003635-m9xfb,8fd569ea-81bd-430d-9256-d305ce00f8d0,1,3730.567164
2026/02/05/00:21:42,running-time,rs-003635-m9xfb,8fd569ea-81bd-430d-9256-d305ce00f8d0,1,3730.567164
2026/02/05/00:21:42,apply-time,rs-003636-vkwdf,ba426996-dfb6-4de3-ae84-93c6dcf02762,1,3730.567164
2026/02/05/00:21:42,running-time,rs-003636-vkwdf,ba426996-dfb6-4de3-ae84-93c6dcf02762,1,3730.567164
2026/02/05/00:21:42,apply-time,rs-003637-ztstw,512be41e-d9ff-4e0e-8ccd-88c3a1b9c109,1,3729.567164
2026/02/05/00:21:42,running-time,rs-003637-ztstw,512be41e-d9ff-4e0e-8ccd-88c3a1b9c109,1,3730.567164
2026/02/05/00:21:43,apply-time,rs-003636-58xs7,9b4b12a5-fa8f-4cfa-a4fc-f6b0b729fe0f,1,3730.567164
2026/02/05/00:21:43,running-time,rs-003636-58xs7,9b4b12a5-fa8f-4cfa-a4fc-f6b0b729fe0f,1,3730.567164
2026/02/05/00:21:43,apply-time,rs-003636-fp9hq,101015fe-ea1f-4f33-94d4-2af3be5bd8c3,1,3730.567164
2026/02/05/00:21:43,running-time,rs-003636-fp9hq,101015fe-ea1f-4f33-94d4-2af3be5bd8c3,1,3730.567164
2026/02/05/00:21:44,apply-time,rs-002836-74r5w,b26eecb2-d475-4507-aa00-344549e79f2e,1,3731.567164
2026/02/05/00:21:44,running-time,rs-003592-tdblk,cd2eaad3-8d7c-4b27-81d4-8d7a942093c6,1,3731.567164
2026/02/05/00:21:48,running-time,rs-002836-74r5w,b26eecb2-d475-4507-aa00-344549e79f2e,1,3735.567164
2026/02/05/00:21:48,apply-time,rs-003638-hbplc,373e8d28-a116-4cdf-908c-cdf8af76dd47,1,3735.567164
2026/02/05/00:21:48,running-time,rs-003638-hbplc,373e8d28-a116-4cdf-908c-cdf8af76dd47,1,3735.567164
2026/02/05/00:21:48,apply-time,rs-003638-l2wrq,ff945e74-28e9-4f0b-b56c-0780fc5db94c,1,3735.567164
2026/02/05/00:21:48,running-time,rs-003638-l2wrq,ff945e74-28e9-4f0b-b56c-0780fc5db94c,1,3735.567164
2026/02/05/00:21:48,apply-time,rs-003638-v6khm,f24672ae-4204-4693-ae95-6517e32e5d34,1,3735.567164
2026/02/05/00:21:48,running-time,rs-003638-v6khm,f24672ae-4204-4693-ae95-6517e32e5d34,1,3735.567164
2026/02/05/00:21:49,apply-time,rs-003639-svccm,ed1a689e-78ac-4d8e-b8f1-6583bba86761,1,3736.567164
2026/02/05/00:21:49,running-time,rs-003639-svccm,ed1a689e-78ac-4d8e-b8f1-6583bba86761,1,3736.567164
2026/02/05/00:21:49,apply-time,rs-003639-zbb68,567458fa-b14c-454d-b058-6f334219f877,1,3736.567164
2026/02/05/00:21:49,running-time,rs-003639-zbb68,567458fa-b14c-454d-b058-6f334219f877,1,3736.567164
2026/02/05/00:21:49,apply-time,rs-003640-mnlqn,1192282f-2d02-449a-8181-0caf131937c0,1,3736.567164
2026/02/05/00:21:49,running-time,rs-003640-mnlqn,1192282f-2d02-449a-8181-0caf131937c0,1,3736.567164
2026/02/05/00:21:49,apply-time,rs-003641-nmblp,c34b7e33-1fa2-4c22-b518-554e4f1d099c,1,3736.567164
2026/02/05/00:21:50,apply-time,rs-003642-gjpls,d0a183d3-c8cd-4121-bf06-4019afeebf52,1,3737.567164
2026/02/05/00:21:50,running-time,rs-003642-gjpls,d0a183d3-c8cd-4121-bf06-4019afeebf52,1,3737.567164
2026/02/05/00:21:50,apply-time,rs-003642-hp56r,d68356a8-497b-45df-8a83-5707a6f3e9f0,1,3737.567164
2026/02/05/00:21:50,running-time,rs-003642-hp56r,d68356a8-497b-45df-8a83-5707a6f3e9f0,1,3737.567164
2026/02/05/00:21:50,apply-time,rs-003643-db9xf,f2b898fc-70ec-43e4-83c0-c4228744c3cf,1,3737.567164
2026/02/05/00:21:50,running-time,rs-003643-db9xf,f2b898fc-70ec-43e4-83c0-c4228744c3cf,1,3737.567164
2026/02/05/00:21:50,apply-time,rs-003644-bgvvx,57e7a17b-e8f6-4f37-9444-3878dc564d52,1,3737.567164
2026/02/05/00:21:50,running-time,rs-003644-bgvvx,57e7a17b-e8f6-4f37-9444-3878dc564d52,1,3737.567164
2026/02/05/00:21:50,apply-time,rs-003644-khj55,9fe59a99-b057-48e8-802a-51b5e23faf35,1,3737.567164
2026/02/05/00:21:50,running-time,rs-003644-khj55,9fe59a99-b057-48e8-802a-51b5e23faf35,1,3737.567164
2026/02/05/00:21:50,apply-time,rs-003644-nh5k9,104d8e3b-7cbc-47f6-9d1b-97f2fa4e8d83,1,3737.567164
2026/02/05/00:21:50,running-time,rs-003644-nh5k9,104d8e3b-7cbc-47f6-9d1b-97f2fa4e8d83,1,3737.567164
2026/02/05/00:21:50,apply-time,rs-003645-68r2p,0f3b47d5-73a7-46e3-8927-9060deded0a8,1,3737.567164
2026/02/05/00:21:50,running-time,rs-003645-68r2p,0f3b47d5-73a7-46e3-8927-9060deded0a8,1,3737.567164
2026/02/05/00:21:50,apply-time,rs-003645-hdmtr,f1371d51-3029-448d-8f99-633abc7963f8,1,3737.567164
2026/02/05/00:21:50,running-time,rs-003645-hdmtr,f1371d51-3029-448d-8f99-633abc7963f8,1,3737.567164
2026/02/05/00:21:50,apply-time,rs-003645-k5t5c,6b69f8a8-d851-42ea-a54c-b3b56ce9b3ef,1,3737.567164
2026/02/05/00:21:50,running-time,rs-003645-k5t5c,6b69f8a8-d851-42ea-a54c-b3b56ce9b3ef,1,3737.567164
2026/02/05/00:21:50,apply-time,rs-003646-lr7q5,a76da865-6892-4c50-ab4b-804f6a7268bb,1,3737.567164
2026/02/05/00:21:50,running-time,rs-003646-lr7q5,a76da865-6892-4c50-ab4b-804f6a7268bb,1,3737.567164
2026/02/05/00:21:52,running-time,rs-003641-nmblp,c34b7e33-1fa2-4c22-b518-554e4f1d099c,1,3739.567164
2026/02/05/00:21:53,apply-time,rs-003647-dx9js,3803281f-02bd-4a41-a1d1-7b36cd076cf0,1,3740.567164
2026/02/05/00:21:59,running-time,rs-003647-dx9js,3803281f-02bd-4a41-a1d1-7b36cd076cf0,1,3745.567164
2026/02/05/00:22:03,apply-time,rs-003648-db9fn,2a97608e-bb79-45ba-b6c5-4e9d98436c87,1,3749.567164
2026/02/05/00:22:03,running-time,rs-003648-db9fn,2a97608e-bb79-45ba-b6c5-4e9d98436c87,1,3749.567164
2026/02/05/00:22:03,apply-time,rs-003648-l2gtx,0693fa3a-b7e5-49fb-9be8-c647ce095a6c,1,3749.567164
2026/02/05/00:22:03,running-time,rs-003648-l2gtx,0693fa3a-b7e5-49fb-9be8-c647ce095a6c,1,3749.567164
2026/02/05/00:22:03,apply-time,rs-003649-62nqw,95a964be-4b26-4d96-b0be-9488f98fb3b6,1,3749.567164
2026/02/05/00:22:03,running-time,rs-003649-62nqw,95a964be-4b26-4d96-b0be-9488f98fb3b6,1,3749.567164
2026/02/05/00:22:03,apply-time,rs-003649-c4jm9,4c4921bc-3013-4ed8-8bc0-00200651d8a4,1,3749.567164
2026/02/05/00:22:03,running-time,rs-003649-c4jm9,4c4921bc-3013-4ed8-8bc0-00200651d8a4,1,3749.567164
2026/02/05/00:22:03,apply-time,rs-003649-vnvgd,aa325040-4cee-41f4-aee4-5495a688ea3a,1,3749.567164
2026/02/05/00:22:03,running-time,rs-003649-vnvgd,aa325040-4cee-41f4-aee4-5495a688ea3a,1,3749.567164
2026/02/05/00:22:07,apply-time,rs-003650-8c6cg,8d260a3f-58dd-4602-bf49-ae217449f725,1,3753.567164
2026/02/05/00:22:07,apply-time,rs-003650-s9qqn,f3288d71-5935-4384-a195-032188b9151e,1,3753.567164
2026/02/05/00:22:07,apply-time,rs-003650-shtz4,0a0d2660-8de3-4cc1-83f3-b30726b6938a,1,3753.567164
2026/02/05/00:22:07,apply-time,rs-003651-bdl5s,6feadd7e-02fb-449d-843a-54eb9b8cbe0c,1,3753.567164
2026/02/05/00:22:07,running-time,rs-003651-bdl5s,6feadd7e-02fb-449d-843a-54eb9b8cbe0c,1,3753.567164
2026/02/05/00:22:07,apply-time,rs-003651-z6wws,ef707ecb-bb8e-488a-ab3e-25c7146f99b4,1,3753.567164
2026/02/05/00:22:07,running-time,rs-003651-z6wws,ef707ecb-bb8e-488a-ab3e-25c7146f99b4,1,3753.567164
2026/02/05/00:22:07,apply-time,rs-003651-zhlff,a4a91ea6-7541-4384-b44d-5a1b41f4bc4d,1,3753.567164
2026/02/05/00:22:07,running-time,rs-003651-zhlff,a4a91ea6-7541-4384-b44d-5a1b41f4bc4d,1,3753.567164
2026/02/05/00:22:07,apply-time,rs-003652-455kt,379f3c54-425a-44fe-bc86-877686eb7a35,1,3753.567164
2026/02/05/00:22:07,running-time,rs-003652-455kt,379f3c54-425a-44fe-bc86-877686eb7a35,1,3753.567164
2026/02/05/00:22:07,apply-time,rs-003652-6vbcj,2dc41ffa-ba5a-47b4-b9e6-f95af90fe2cd,1,3753.567164
2026/02/05/00:22:07,running-time,rs-003652-6vbcj,2dc41ffa-ba5a-47b4-b9e6-f95af90fe2cd,1,3753.567164
2026/02/05/00:22:07,apply-time,rs-003652-9bjwn,999c2815-ab00-4a62-b994-9dee451cdfdb,1,3753.567164
2026/02/05/00:22:07,running-time,rs-003652-9bjwn,999c2815-ab00-4a62-b994-9dee451cdfdb,1,3753.567164
2026/02/05/00:22:07,apply-time,rs-003653-5bdfq,678ca464-ae83-43e9-bd61-012ae77171a0,1,3753.567164
2026/02/05/00:22:07,running-time,rs-003653-5bdfq,678ca464-ae83-43e9-bd61-012ae77171a0,1,3753.567164
2026/02/05/00:22:07,apply-time,rs-003654-dht9z,7ece48d3-674a-4d7a-a441-7bf912dc550d,1,3753.567164
2026/02/05/00:22:07,running-time,rs-003654-dht9z,7ece48d3-674a-4d7a-a441-7bf912dc550d,1,3753.567164
2026/02/05/00:22:07,apply-time,rs-003655-lvdlf,f6eac18b-d390-46b2-9f74-7910b4b76d54,1,3754.567164
2026/02/05/00:22:07,running-time,rs-003655-lvdlf,f6eac18b-d390-46b2-9f74-7910b4b76d54,1,3754.567164
2026/02/05/00:22:07,apply-time,rs-003656-dntfm,99073682-c8b1-4579-a446-422fb4e8ffe3,1,3754.567164
2026/02/05/00:22:08,apply-time,rs-003655-26t9s,25e72d64-e855-4501-9109-dbc894e10bd5,1,3754.567164
2026/02/05/00:22:08,running-time,rs-003655-26t9s,25e72d64-e855-4501-9109-dbc894e10bd5,1,3754.567164
2026/02/05/00:22:08,apply-time,rs-003655-sxgrr,bebbcd3b-16d2-486b-8040-8646d27825cc,1,3754.567164
2026/02/05/00:22:08,running-time,rs-003655-sxgrr,bebbcd3b-16d2-486b-8040-8646d27825cc,1,3754.567164
2026/02/05/00:22:08,apply-time,rs-003657-glp7k,8ebb81a8-0048-4186-8bd6-dc4d909a81af,1,3754.567164
2026/02/05/00:22:08,apply-time,rs-003658-6g64h,91e0d190-d510-4489-98e5-5d9daad0e639,1,3755.567164
2026/02/05/00:22:09,running-time,rs-003656-dntfm,99073682-c8b1-4579-a446-422fb4e8ffe3,1,3755.567164
2026/02/05/00:22:09,apply-time,rs-003658-5kstr,ba8adbcd-198f-45fc-a7db-87e822ab650f,1,3755.567164
2026/02/05/00:22:10,apply-time,rs-003659-5xgzn,1ebddc76-60d2-4490-802d-8ce66fc2bed6,1,3756.567164
2026/02/05/00:22:10,running-time,rs-003659-5xgzn,1ebddc76-60d2-4490-802d-8ce66fc2bed6,1,3756.567164
2026/02/05/00:22:10,apply-time,rs-003659-m4lp4,75d41bbe-5fb7-48a9-8bba-bcd03eb7d0c5,1,3756.567164
2026/02/05/00:22:10,running-time,rs-003659-m4lp4,75d41bbe-5fb7-48a9-8bba-bcd03eb7d0c5,1,3756.567164
2026/02/05/00:22:10,apply-time,rs-003659-wvl8h,0f3266bf-cbb2-4741-a1bd-e709d491e6d6,1,3756.567164
2026/02/05/00:22:10,running-time,rs-003659-wvl8h,0f3266bf-cbb2-4741-a1bd-e709d491e6d6,1,3756.567164
2026/02/05/00:22:10,apply-time,rs-003660-64g2z,10d55704-3df4-4eea-908c-681ede0acdce,1,3756.567164
2026/02/05/00:22:10,running-time,rs-003660-64g2z,10d55704-3df4-4eea-908c-681ede0acdce,1,3756.567164
2026/02/05/00:22:10,apply-time,rs-003660-kx48c,e317a96c-6cf9-46dc-bd00-b114fc9c7718,1,3756.567164
2026/02/05/00:22:10,running-time,rs-003660-kx48c,e317a96c-6cf9-46dc-bd00-b114fc9c7718,1,3756.567164
2026/02/05/00:22:10,apply-time,rs-003661-25bxk,9a18e628-dc69-4e46-ab94-e11a7ff3f213,1,3756.567164
2026/02/05/00:22:10,apply-time,rs-003661-r68bs,641db563-d1b5-4594-8777-a9d8544a26ec,1,3756.567164
2026/02/05/00:22:10,apply-time,rs-003661-r6tvf,1f40294a-fa79-455a-a33c-66fcf4494e92,1,3756.567164
2026/02/05/00:22:10,apply-time,rs-003662-575mm,1a4b76e9-0712-4f63-8526-a928d2837109,1,3756.567164
2026/02/05/00:22:10,running-time,rs-003662-575mm,1a4b76e9-0712-4f63-8526-a928d2837109,1,3756.567164
2026/02/05/00:22:10,apply-time,rs-003662-xfkgj,ecc667de-01f0-45b7-9b48-a4e2b52e8916,1,3757.567164
2026/02/05/00:22:10,running-time,rs-003662-xfkgj,ecc667de-01f0-45b7-9b48-a4e2b52e8916,1,3757.567164
2026/02/05/00:22:10,apply-time,rs-003663-7cw69,23e08ee0-d391-48ed-ad14-61d537ac7616,1,3756.567164
2026/02/05/00:22:10,apply-time,rs-003663-f75cm,ed5e4aba-a451-4fb9-b224-aea5317f4638,1,3756.567164
2026/02/05/00:22:11,running-time,rs-003663-7cw69,23e08ee0-d391-48ed-ad14-61d537ac7616,1,3757.567164
2026/02/05/00:22:11,running-time,rs-003663-f75cm,ed5e4aba-a451-4fb9-b224-aea5317f4638,1,3757.567164
2026/02/05/00:22:19,running-time,rs-003658-6g64h,91e0d190-d510-4489-98e5-5d9daad0e639,1,3765.567164
2026/02/05/00:22:22,apply-time,rs-003664-r92w4,8dacb73b-69f8-4288-94a0-585ce6bb7fd1,1,3769.567164
2026/02/05/00:22:22,running-time,rs-003664-r92w4,8dacb73b-69f8-4288-94a0-585ce6bb7fd1,1,3769.567164
2026/02/05/00:22:22,apply-time,rs-003665-8gcqm,851877f5-ee19-4c02-b320-6a70fb9f089f,1,3769.567164
2026/02/05/00:22:22,running-time,rs-003665-8gcqm,851877f5-ee19-4c02-b320-6a70fb9f089f,1,3769.567164
2026/02/05/00:22:22,apply-time,rs-003665-8mqdf,963d8c55-253f-473f-82c3-0e13031f7234,1,3769.567164
2026/02/05/00:22:22,running-time,rs-003665-8mqdf,963d8c55-253f-473f-82c3-0e13031f7234,1,3769.567164
2026/02/05/00:22:28,running-time,rs-003658-5kstr,ba8adbcd-198f-45fc-a7db-87e822ab650f,1,3776.567164
2026/02/05/00:22:28,apply-time,rs-003666-7dj4d,8a75fdab-b418-4bcb-a02e-3a02c6b47c9b,1,3776.567164
2026/02/05/00:22:28,apply-time,rs-003667-ft265,0b2bd176-135c-4aeb-885e-4fde7196e6eb,1,3776.567164
2026/02/05/00:22:28,apply-time,rs-003668-g28qf,591b00d4-d05a-4853-acd8-d24b2280fd56,1,3776.567164
2026/02/05/00:22:29,running-time,rs-003666-7dj4d,8a75fdab-b418-4bcb-a02e-3a02c6b47c9b,1,3776.567164
2026/02/05/00:22:29,apply-time,rs-003666-fq9mk,e4f4e55a-3194-450a-9810-91f3c2830b6a,1,3776.567164
2026/02/05/00:22:29,running-time,rs-003666-fq9mk,e4f4e55a-3194-450a-9810-91f3c2830b6a,1,3776.567164
2026/02/05/00:22:29,running-time,rs-003667-ft265,0b2bd176-135c-4aeb-885e-4fde7196e6eb,1,3776.567164
2026/02/05/00:22:29,running-time,rs-003668-g28qf,591b00d4-d05a-4853-acd8-d24b2280fd56,1,3776.567164
2026/02/05/00:22:29,apply-time,rs-003670-55q2g,fe96be1b-0d7d-4faa-a4ef-0e2e3baf398c,1,3776.567164
2026/02/05/00:22:29,apply-time,rs-003670-hz5x8,3bea29fc-ac54-45f5-b380-5e623c978d67,1,3776.567164
2026/02/05/00:22:29,apply-time,rs-003670-x482w,d9bd5ec2-260d-4eb3-835a-9290fa7f41de,1,3776.567164
2026/02/05/00:22:29,running-time,rs-003670-x482w,d9bd5ec2-260d-4eb3-835a-9290fa7f41de,1,3776.567164
2026/02/05/00:22:29,apply-time,rs-003671-5ngfv,ebef9969-407d-49b7-b4a9-617d991cd2ce,1,3776.567164
2026/02/05/00:22:29,running-time,rs-003671-5ngfv,ebef9969-407d-49b7-b4a9-617d991cd2ce,1,3776.567164
2026/02/05/00:22:29,apply-time,rs-003671-79v2n,3f5dde4c-1d46-4ac0-983f-75921991874f,1,3776.567164
2026/02/05/00:22:29,running-time,rs-003671-79v2n,3f5dde4c-1d46-4ac0-983f-75921991874f,1,3776.567164
2026/02/05/00:22:29,apply-time,rs-003671-sx4rk,3eaed1e7-f257-47b3-9960-91dce686f089,1,3776.567164
2026/02/05/00:22:29,running-time,rs-003671-sx4rk,3eaed1e7-f257-47b3-9960-91dce686f089,1,3776.567164
2026/02/05/00:22:29,apply-time,rs-003672-jmmnr,ec41cc52-8dbe-4f25-a256-01e5780942e2,1,3776.567164
2026/02/05/00:22:29,apply-time,rs-003673-jm7vq,e6ce28b6-4b87-4863-875d-03eaba479437,1,3777.567164
2026/02/05/00:22:29,running-time,rs-003673-jm7vq,e6ce28b6-4b87-4863-875d-03eaba479437,1,3777.567164
2026/02/05/00:22:30,apply-time,rs-003672-h4pmz,6637f358-efc1-43d2-8b84-908b069c8397,1,3777.567164
2026/02/05/00:22:30,apply-time,rs-003673-sztdr,b813c64c-1189-4cab-bab1-8b95552958ae,1,3777.567164
2026/02/05/00:22:30,running-time,rs-003673-sztdr,b813c64c-1189-4cab-bab1-8b95552958ae,1,3777.567164
2026/02/05/00:22:30,apply-time,rs-003674-796r6,cbb6b2c2-4d45-4b15-bde0-15d6684d5603,1,3777.567164
2026/02/05/00:22:30,running-time,rs-003674-796r6,cbb6b2c2-4d45-4b15-bde0-15d6684d5603,1,3777.567164
2026/02/05/00:22:30,apply-time,rs-003674-7rslk,efa781bf-97b5-427f-be96-29fe1c109ae5,1,3777.567164
2026/02/05/00:22:30,running-time,rs-003674-7rslk,efa781bf-97b5-427f-be96-29fe1c109ae5,1,3777.567164
2026/02/05/00:22:30,apply-time,rs-003674-mx6v8,cff32b13-669a-4f60-9ba9-aaccbae07445,1,3777.567164
2026/02/05/00:22:30,running-time,rs-003674-mx6v8,cff32b13-669a-4f60-9ba9-aaccbae07445,1,3777.567164
2026/02/05/00:22:30,apply-time,rs-003675-96gvb,6511cf03-9b67-4e8d-a5b9-96e7b7bb980f,1,3777.567164
2026/02/05/00:22:30,running-time,rs-003675-96gvb,6511cf03-9b67-4e8d-a5b9-96e7b7bb980f,1,3777.567164
2026/02/05/00:22:30,apply-time,rs-003676-6nvcp,01a59505-5103-4f58-805f-e01c1591c9fb,1,3777.567164
2026/02/05/00:22:30,running-time,rs-003676-6nvcp,01a59505-5103-4f58-805f-e01c1591c9fb,1,3777.567164
2026/02/05/00:22:30,apply-time,rs-003677-vwsfg,8d36ab50-bf6b-46ce-bd46-68023cb2d4d9,1,3777.567164
2026/02/05/00:22:30,running-time,rs-003677-vwsfg,8d36ab50-bf6b-46ce-bd46-68023cb2d4d9,1,3777.567164
2026/02/05/00:22:30,apply-time,rs-003678-6q4rw,18426738-ad47-44e2-a05d-091bce37ee90,1,3777.567164
2026/02/05/00:22:30,running-time,rs-003678-6q4rw,18426738-ad47-44e2-a05d-091bce37ee90,1,3777.567164
2026/02/05/00:22:30,apply-time,rs-003679-v9sdg,06caf554-554e-431c-af19-e71baf782854,1,3778.567164
2026/02/05/00:22:31,apply-time,rs-003679-f7jnr,87216a0f-344f-42e8-965a-7e8b5827d56e,1,3778.567164
2026/02/05/00:22:35,running-time,rs-003650-shtz4,0a0d2660-8de3-4cc1-83f3-b30726b6938a,1,3782.567164
2026/02/05/00:22:44,apply-time,rs-003680-9vv44,b8301f67-3588-4778-9e6f-6bc4347a9b18,1,3791.567164
2026/02/05/00:22:44,running-time,rs-003680-9vv44,b8301f67-3588-4778-9e6f-6bc4347a9b18,1,3791.567164
2026/02/05/00:22:44,apply-time,rs-003680-btdmg,4cf56e00-44a6-4d72-9b75-b01f0af59831,1,3791.567164
2026/02/05/00:22:44,running-time,rs-003680-btdmg,4cf56e00-44a6-4d72-9b75-b01f0af59831,1,3791.567164
2026/02/05/00:22:44,apply-time,rs-003680-mkdtr,08f6e624-aea0-43e5-8723-4d385f555104,1,3791.567164
2026/02/05/00:22:44,running-time,rs-003680-mkdtr,08f6e624-aea0-43e5-8723-4d385f555104,1,3791.567164
2026/02/05/00:22:44,apply-time,rs-003681-l46q5,eadac08d-0f39-4af9-be9d-c1f8d8824834,1,3791.567164
2026/02/05/00:22:44,running-time,rs-003681-l46q5,eadac08d-0f39-4af9-be9d-c1f8d8824834,1,3791.567164
2026/02/05/00:22:44,apply-time,rs-003681-z65xd,d53ef82d-223e-4b10-9542-4dcfd7af83ad,1,3791.567164
2026/02/05/00:22:44,running-time,rs-003681-z65xd,d53ef82d-223e-4b10-9542-4dcfd7af83ad,1,3791.567164
2026/02/05/00:22:44,apply-time,rs-003682-xnckf,6e2f28fd-0c85-4cbe-bfb7-7692197b4dcf,1,3791.567164
2026/02/05/00:22:44,running-time,rs-003682-xnckf,6e2f28fd-0c85-4cbe-bfb7-7692197b4dcf,1,3791.567164
2026/02/05/00:22:44,apply-time,rs-003682-z7m8r,32132135-d376-4b64-8dfe-6dea29481b25,1,3791.567164
2026/02/05/00:22:44,running-time,rs-003682-z7m8r,32132135-d376-4b64-8dfe-6dea29481b25,1,3791.567164
2026/02/05/00:22:44,apply-time,rs-003683-29xtc,150e8c7b-604b-45fa-828c-c1491ff46df4,1,3791.567164
2026/02/05/00:22:44,running-time,rs-003683-29xtc,150e8c7b-604b-45fa-828c-c1491ff46df4,1,3791.567164
2026/02/05/00:22:44,apply-time,rs-003683-77kdr,2d08162b-186b-476f-9f54-4aece2ad0626,1,3791.567164
2026/02/05/00:22:44,running-time,rs-003683-77kdr,2d08162b-186b-476f-9f54-4aece2ad0626,1,3791.567164
2026/02/05/00:22:44,apply-time,rs-003683-p9c58,76e1409d-8235-4563-906b-6f8201d9aa8b,1,3791.567164
2026/02/05/00:22:44,running-time,rs-003683-p9c58,76e1409d-8235-4563-906b-6f8201d9aa8b,1,3791.567164
2026/02/05/00:22:44,apply-time,rs-003684-9nth6,d91393ee-69b6-42e9-af6d-4bb53f6d7f88,1,3791.567164
2026/02/05/00:22:44,running-time,rs-003684-9nth6,d91393ee-69b6-42e9-af6d-4bb53f6d7f88,1,3791.567164
2026/02/05/00:22:44,apply-time,rs-003684-rt7lc,1f45ec2e-aba5-4db7-ba56-281436aa8a44,1,3791.567164
2026/02/05/00:22:44,running-time,rs-003684-rt7lc,1f45ec2e-aba5-4db7-ba56-281436aa8a44,1,3791.567164
2026/02/05/00:22:45,apply-time,rs-003685-bftnb,77632214-1120-4669-a091-e1c1a1b91fdb,1,3792.567164
2026/02/05/00:22:45,apply-time,rs-003685-dgqsv,ce63a6f1-a560-414d-8b2e-4935d1ef1b0f,1,3792.567164
2026/02/05/00:22:45,running-time,rs-003685-dgqsv,ce63a6f1-a560-414d-8b2e-4935d1ef1b0f,1,3792.567164
2026/02/05/00:22:45,apply-time,rs-003686-2ksfw,add7cea8-0087-4c56-aba9-767f0aa23c99,1,3792.567164
2026/02/05/00:22:45,running-time,rs-003686-2ksfw,add7cea8-0087-4c56-aba9-767f0aa23c99,1,3792.567164
2026/02/05/00:22:45,apply-time,rs-003687-cgz7p,f5aac340-28ed-461a-a449-3f33e78b2129,1,3792.567164
2026/02/05/00:22:45,apply-time,rs-003687-zvvsx,e6bd234e-04f9-4b11-b7ce-a3a785bf1666,1,3792.567164
2026/02/05/00:22:46,running-time,rs-003687-zvvsx,e6bd234e-04f9-4b11-b7ce-a3a785bf1666,1,3794.567164
2026/02/05/00:22:46,apply-time,rs-003688-zsd5l,f28f401f-68e0-4899-8ca0-34bbcb6e4354,1,3793.567164
2026/02/05/00:22:46,running-time,rs-003688-zsd5l,f28f401f-68e0-4899-8ca0-34bbcb6e4354,1,3793.567164
2026/02/05/00:22:51,apply-time,rs-003689-ntnwd,589dd834-820d-4be4-8b01-390cb1b2ddf5,1,3797.567164
2026/02/05/00:22:51,running-time,rs-003689-ntnwd,589dd834-820d-4be4-8b01-390cb1b2ddf5,1,3797.567164
2026/02/05/00:22:51,apply-time,rs-003690-9ppqt,7ceb9758-00ea-4276-85fd-46428c061343,1,3797.567164
2026/02/05/00:22:51,running-time,rs-003690-9ppqt,7ceb9758-00ea-4276-85fd-46428c061343,1,3797.567164
2026/02/05/00:22:51,apply-time,rs-003690-dk5ck,f695525f-60ce-40a6-94a7-b78e34fab36b,1,3797.567164
2026/02/05/00:22:51,running-time,rs-003690-dk5ck,f695525f-60ce-40a6-94a7-b78e34fab36b,1,3797.567164
2026/02/05/00:22:51,apply-time,rs-003690-wwxsj,595a553c-8e27-4145-9dd0-99c57d90ac4f,1,3797.567164
2026/02/05/00:22:51,running-time,rs-003690-wwxsj,595a553c-8e27-4145-9dd0-99c57d90ac4f,1,3797.567164
2026/02/05/00:22:51,apply-time,rs-003691-sxhh9,597190fc-5d2e-49a6-b4ef-f8851ff9466a,1,3797.567164
2026/02/05/00:22:51,running-time,rs-003691-sxhh9,597190fc-5d2e-49a6-b4ef-f8851ff9466a,1,3797.567164
2026/02/05/00:22:51,apply-time,rs-003692-jj6pn,56360f9d-6579-476b-b89d-bb218b403bc9,1,3797.567164
2026/02/05/00:22:51,running-time,rs-003692-jj6pn,56360f9d-6579-476b-b89d-bb218b403bc9,1,3797.567164
2026/02/05/00:22:51,apply-time,rs-003693-mrg7m,59a9b7a4-34a4-4077-822e-6f311a77508a,1,3797.567164
2026/02/05/00:22:51,running-time,rs-003693-mrg7m,59a9b7a4-34a4-4077-822e-6f311a77508a,1,3797.567164
2026/02/05/00:22:51,apply-time,rs-003694-nphf5,9e18ee61-ef63-454d-a9fc-74b511c8f688,1,3797.567164
2026/02/05/00:22:51,running-time,rs-003694-nphf5,9e18ee61-ef63-454d-a9fc-74b511c8f688,1,3797.567164
2026/02/05/00:22:52,apply-time,rs-003695-q5cm6,99bd0e00-e716-4f26-b168-61bd9b0bc068,1,3798.567164
2026/02/05/00:22:52,running-time,rs-003695-q5cm6,99bd0e00-e716-4f26-b168-61bd9b0bc068,1,3798.567164
2026/02/05/00:22:52,apply-time,rs-003696-k9wc6,0f73e703-af21-470f-82c1-5976298ca3ae,1,3798.567164
2026/02/05/00:22:52,running-time,rs-003696-k9wc6,0f73e703-af21-470f-82c1-5976298ca3ae,1,3798.567164
2026/02/05/00:22:52,apply-time,rs-003697-dzftr,d45e2ebd-b092-452b-9779-6d1407be1bcf,1,3798.567164
2026/02/05/00:22:52,running-time,rs-003697-dzftr,d45e2ebd-b092-452b-9779-6d1407be1bcf,1,3798.567164
2026/02/05/00:22:52,apply-time,rs-003697-g5c2v,fbd135b2-b9fc-43af-8549-11dc6895aca6,1,3798.567164
2026/02/05/00:22:52,apply-time,rs-003698-ps8q5,247b05db-c8fb-47a4-8221-7218ce28d021,1,3798.567164
2026/02/05/00:22:52,apply-time,rs-003698-zj7kd,d2a364da-d87b-459d-937a-d5b4a538ca8d,1,3798.567164
2026/02/05/00:22:52,apply-time,rs-003699-r8vl4,df9044dd-2aad-4d3d-9521-576487d98c88,1,3799.567164
2026/02/05/00:22:52,running-time,rs-003699-r8vl4,df9044dd-2aad-4d3d-9521-576487d98c88,1,3799.567164
2026/02/05/00:22:52,apply-time,rs-003701-cb2t8,e827f8ae-65ab-4012-aa68-b8d59b1f19b6,1,3799.567164
2026/02/05/00:22:53,apply-time,rs-003700-7cgll,fa5ca98a-8bae-4754-871d-5e6a9cdb6fd7,1,3799.567164
2026/02/05/00:22:53,running-time,rs-003700-7cgll,fa5ca98a-8bae-4754-871d-5e6a9cdb6fd7,1,3799.567164
2026/02/05/00:22:53,apply-time,rs-003701-hwjs2,e6d231ce-6ce5-4a7b-8a09-c20dd7d3391c,1,3799.567164
2026/02/05/00:22:53,apply-time,rs-003701-rzh5j,a058cf6c-8ea7-4f88-945b-1c479aec209d,1,3799.567164
2026/02/05/00:22:53,apply-time,rs-003702-55r9h,d3b22e40-609e-4d1d-a315-34e18480c81d,1,3799.567164
2026/02/05/00:22:53,running-time,rs-003702-55r9h,d3b22e40-609e-4d1d-a315-34e18480c81d,1,3799.567164
2026/02/05/00:22:53,apply-time,rs-003703-6fwms,90d17328-90bd-413e-be1c-6853624aaca3,1,3799.567164
2026/02/05/00:22:53,running-time,rs-003703-6fwms,90d17328-90bd-413e-be1c-6853624aaca3,1,3799.567164
2026/02/05/00:22:53,apply-time,rs-003703-hbpqh,534116bc-1226-4ffb-8807-959ab4b52816,1,3799.567164
2026/02/05/00:22:53,running-time,rs-003703-hbpqh,534116bc-1226-4ffb-8807-959ab4b52816,1,3799.567164
2026/02/05/00:22:53,apply-time,rs-003703-x6slb,143a08d4-e0b2-467f-a884-099ff39d150c,1,3799.567164
2026/02/05/00:22:53,apply-time,rs-003704-lq2zv,2f8016b0-3f7a-4b49-a3a7-6a00d91c22a1,1,3799.567164
2026/02/05/00:22:53,apply-time,rs-003704-xq9pw,2fa46ca9-fcae-4ac0-af1d-46035ceed005,1,3800.567164
2026/02/05/00:22:53,running-time,rs-003704-xq9pw,2fa46ca9-fcae-4ac0-af1d-46035ceed005,1,3800.567164
2026/02/05/00:22:53,apply-time,rs-003705-l5xpg,b22c3a44-b3f6-4ed0-b997-4b0b7220c5e2,1,3799.567164
2026/02/05/00:22:53,apply-time,rs-003707-4xgzj,d5513a5c-8306-4788-83fb-2fb353dd9533,1,3800.567164
2026/02/05/00:22:53,apply-time,rs-003708-txzq5,329d3cef-1d80-4bf1-8866-556ecb81ce15,1,3799.567164
2026/02/05/00:22:53,running-time,rs-003708-txzq5,329d3cef-1d80-4bf1-8866-556ecb81ce15,1,3799.567164
2026/02/05/00:22:54,running-time,rs-003703-x6slb,143a08d4-e0b2-467f-a884-099ff39d150c,1,3800.567164
2026/02/05/00:22:54,running-time,rs-003705-l5xpg,b22c3a44-b3f6-4ed0-b997-4b0b7220c5e2,1,3801.567164
2026/02/05/00:22:54,apply-time,rs-003706-m4jz9,b490cab2-725f-46af-9c53-8669dac02bb2,1,3800.567164
2026/02/05/00:22:54,running-time,rs-003707-4xgzj,d5513a5c-8306-4788-83fb-2fb353dd9533,1,3800.567164
2026/02/05/00:22:54,apply-time,rs-003707-ktw7x,984f706c-f4ff-4f8f-896f-ce750b771c59,1,3800.567164
2026/02/05/00:22:54,running-time,rs-003707-ktw7x,984f706c-f4ff-4f8f-896f-ce750b771c59,1,3800.567164
2026/02/05/00:22:54,apply-time,rs-003708-4vj4l,5ae145c6-7cc1-48d1-aa35-30a90b33cb72,1,3800.567164
2026/02/05/00:22:54,running-time,rs-003708-4vj4l,5ae145c6-7cc1-48d1-aa35-30a90b33cb72,1,3800.567164
2026/02/05/00:22:54,apply-time,rs-003709-vj7b5,a1b4150d-b3b3-47b4-9e24-a53a1290d87d,1,3801.567164
2026/02/05/00:22:54,running-time,rs-003709-vj7b5,a1b4150d-b3b3-47b4-9e24-a53a1290d87d,1,3801.567164
2026/02/05/00:22:54,apply-time,rs-003710-jxqsx,6d7d28b0-364b-42f9-9d9d-1f12e834b3f7,1,3800.567164
2026/02/05/00:22:54,running-time,rs-003710-jxqsx,6d7d28b0-364b-42f9-9d9d-1f12e834b3f7,1,3800.567164
2026/02/05/00:22:54,apply-time,rs-003712-ns4bp,7940dc06-705e-4298-bf9c-9de0ebca6f3a,1,3801.567164
2026/02/05/00:22:55,apply-time,rs-003710-54mmp,06f22dd1-f5f5-414d-aed1-521cdda5ae33,1,3801.567164
2026/02/05/00:22:55,running-time,rs-003710-54mmp,06f22dd1-f5f5-414d-aed1-521cdda5ae33,1,3801.567164
2026/02/05/00:22:55,apply-time,rs-003711-hf64c,08f23c73-0ff5-47d1-acb9-57c48e9d4e8a,1,3801.567164
2026/02/05/00:22:55,apply-time,rs-003714-lm2cg,5cf22082-710e-40b3-8c65-b1d1f8fcfa5b,1,3801.567164
2026/02/05/00:22:55,running-time,rs-003714-lm2cg,5cf22082-710e-40b3-8c65-b1d1f8fcfa5b,1,3801.567164
2026/02/05/00:22:55,apply-time,rs-003714-mcgmz,e9c45cfd-e463-43d8-81e1-dde01954a6c7,1,3801.567164
2026/02/05/00:22:55,running-time,rs-003714-mcgmz,e9c45cfd-e463-43d8-81e1-dde01954a6c7,1,3801.567164
2026/02/05/00:22:55,apply-time,rs-003715-g44w5,7adde670-db2d-4062-becf-752a388bd790,1,3801.567164
2026/02/05/00:22:55,running-time,rs-003715-g44w5,7adde670-db2d-4062-becf-752a388bd790,1,3801.567164
2026/02/05/00:22:55,apply-time,rs-003716-tzw26,e67de98f-6384-459d-9310-b90a6a40f60f,1,3801.567164
2026/02/05/00:22:55,running-time,rs-003716-tzw26,e67de98f-6384-459d-9310-b90a6a40f60f,1,3802.567164
2026/02/05/00:22:55,apply-time,rs-003717-qrm2q,0ac5dc25-bf26-4833-b441-49412eaaa359,1,3802.567164
2026/02/05/00:22:55,running-time,rs-003717-qrm2q,0ac5dc25-bf26-4833-b441-49412eaaa359,1,3802.567164
2026/02/05/00:22:55,apply-time,rs-003718-hrkl9,9860cb44-fa07-4110-a6ea-ba0e91dd2173,1,3802.567164
2026/02/05/00:22:56,apply-time,rs-003716-9dk82,1bdd0e93-a6b3-4847-9b37-6dbd7d4f5343,1,3802.567164
2026/02/05/00:22:56,apply-time,rs-003717-tml28,acf00a8a-3d14-4823-bc26-de735bfc3c78,1,3802.567164
2026/02/05/00:22:56,running-time,rs-003717-tml28,acf00a8a-3d14-4823-bc26-de735bfc3c78,1,3802.567164
2026/02/05/00:22:56,apply-time,rs-003717-z6f2x,8b817b3c-f43f-48c6-8afc-4f189cdf80e0,1,3802.567164
2026/02/05/00:22:56,running-time,rs-003717-z6f2x,8b817b3c-f43f-48c6-8afc-4f189cdf80e0,1,3802.567164
2026/02/05/00:22:56,apply-time,rs-003718-7mp8v,cd5d1011-f1cf-4a9f-8b58-fb6b4b22b50a,1,3802.567164
2026/02/05/00:22:56,apply-time,rs-003718-85rqh,4bca979f-839a-4d22-a2d4-d51ab8f1b745,1,3802.567164
2026/02/05/00:22:56,apply-time,rs-003720-pjx5j,972eb6e8-b584-4198-b633-a603836580b3,1,3802.567164
2026/02/05/00:22:56,running-time,rs-003720-pjx5j,972eb6e8-b584-4198-b633-a603836580b3,1,3802.567164
2026/02/05/00:22:56,apply-time,rs-003720-rb8ld,9a2aba9d-75d2-4793-a1fb-ca2d467584d7,1,3802.567164
2026/02/05/00:22:56,running-time,rs-003720-rb8ld,9a2aba9d-75d2-4793-a1fb-ca2d467584d7,1,3803.567164
2026/02/05/00:22:56,apply-time,rs-003720-zhjnm,cf649ee0-4114-414d-9837-5e3d3838933d,1,3802.567164
2026/02/05/00:22:56,running-time,rs-003720-zhjnm,cf649ee0-4114-414d-9837-5e3d3838933d,1,3802.567164
2026/02/05/00:23:00,running-time,rs-003711-hf64c,08f23c73-0ff5-47d1-acb9-57c48e9d4e8a,1,3806.567164
2026/02/05/00:23:01,running-time,rs-003716-9dk82,1bdd0e93-a6b3-4847-9b37-6dbd7d4f5343,1,3807.567164
2026/02/05/00:23:01,apply-time,rs-003721-xqjbh,ec68f07e-21ea-4376-930a-00268954babd,1,3807.567164
2026/02/05/00:23:01,running-time,rs-003721-xqjbh,ec68f07e-21ea-4376-930a-00268954babd,1,3807.567164
2026/02/05/00:23:01,apply-time,rs-003721-xzjpj,55c2298e-7dc5-46b4-97f4-f91fa71a77bd,1,3807.567164
2026/02/05/00:23:01,running-time,rs-003721-xzjpj,55c2298e-7dc5-46b4-97f4-f91fa71a77bd,1,3807.567164
2026/02/05/00:23:01,apply-time,rs-003722-zv7nh,b9ecb3c5-222b-4585-8d85-12204e6d1571,1,3807.567164
2026/02/05/00:23:06,apply-time,rs-003723-fm8j8,18ee6b4b-aa42-4a29-953a-c8b900185172,1,3812.567164
2026/02/05/00:23:06,running-time,rs-003723-fm8j8,18ee6b4b-aa42-4a29-953a-c8b900185172,1,3812.567164
2026/02/05/00:23:06,apply-time,rs-003723-j6pbx,91658160-ec59-45fd-8db2-3ae51fef683d,1,3812.567164
2026/02/05/00:23:06,running-time,rs-003723-j6pbx,91658160-ec59-45fd-8db2-3ae51fef683d,1,3812.567164
2026/02/05/00:23:06,apply-time,rs-003724-lmmdx,1d7f71a3-84a6-43ea-8a94-af1b5ffd5c9b,1,3812.567164
2026/02/05/00:23:06,running-time,rs-003724-lmmdx,1d7f71a3-84a6-43ea-8a94-af1b5ffd5c9b,1,3812.567164
2026/02/05/00:23:06,apply-time,rs-003724-p9sh2,c58bb64f-1842-4993-b786-dd866973630a,1,3812.567164
2026/02/05/00:23:06,running-time,rs-003724-p9sh2,c58bb64f-1842-4993-b786-dd866973630a,1,3812.567164
2026/02/05/00:23:06,apply-time,rs-003724-s9xcp,794fda07-c912-473e-a516-b9bf97b9f2a3,1,3812.567164
2026/02/05/00:23:06,running-time,rs-003724-s9xcp,794fda07-c912-473e-a516-b9bf97b9f2a3,1,3812.567164
2026/02/05/00:23:06,apply-time,rs-003725-4jgvh,0b9ea978-334c-45df-a3a2-14d55e7d7b7b,1,3812.567164
2026/02/05/00:23:06,apply-time,rs-003725-t2dsn,acb86926-8b1e-4919-ba75-263b8da075ff,1,3812.567164
2026/02/05/00:23:06,apply-time,rs-003726-lhrrw,c4a25b49-b766-408c-b37a-8e8d7511653a,1,3812.567164
2026/02/05/00:23:06,running-time,rs-003726-lhrrw,c4a25b49-b766-408c-b37a-8e8d7511653a,1,3812.567164
2026/02/05/00:23:06,apply-time,rs-003727-5z8vh,c8ab9103-f279-4f75-a63c-9dd1d616074b,1,3812.567164
2026/02/05/00:23:06,running-time,rs-003727-5z8vh,c8ab9103-f279-4f75-a63c-9dd1d616074b,1,3812.567164
2026/02/05/00:23:06,apply-time,rs-003727-wv4cb,76301418-1fbd-4503-91ff-7b1a4af64913,1,3812.567164
2026/02/05/00:23:06,running-time,rs-003727-wv4cb,76301418-1fbd-4503-91ff-7b1a4af64913,1,3812.567164
2026/02/05/00:23:12,running-time,rs-003650-s9qqn,f3288d71-5935-4384-a195-032188b9151e,1,3818.567164
2026/02/05/00:23:13,apply-time,rs-003728-c67sf,f15af5eb-a1b2-4062-b395-57fe876481ef,1,3819.567164
2026/02/05/00:23:13,running-time,rs-003728-c67sf,f15af5eb-a1b2-4062-b395-57fe876481ef,1,3819.567164
2026/02/05/00:23:13,apply-time,rs-003729-xbfhw,08ba64ad-9bb3-4db3-82eb-f61e4c8a1aa9,1,3819.567164
2026/02/05/00:23:13,running-time,rs-003729-xbfhw,08ba64ad-9bb3-4db3-82eb-f61e4c8a1aa9,1,3819.567164
2026/02/05/00:23:13,apply-time,rs-003730-26cxn,f0810431-3f01-43f6-a852-ed4dde8db78f,1,3819.567164
2026/02/05/00:23:13,running-time,rs-003730-26cxn,f0810431-3f01-43f6-a852-ed4dde8db78f,1,3819.567164
2026/02/05/00:23:13,apply-time,rs-003730-5rr2v,09e182de-ae2b-4bde-8f6a-f4eb802546ad,1,3819.567164
2026/02/05/00:23:13,running-time,rs-003730-5rr2v,09e182de-ae2b-4bde-8f6a-f4eb802546ad,1,3819.567164
2026/02/05/00:23:13,apply-time,rs-003730-v6bbx,7f46d460-0eea-47c5-8122-0f56b1e1b766,1,3819.567164
2026/02/05/00:23:13,running-time,rs-003730-v6bbx,7f46d460-0eea-47c5-8122-0f56b1e1b766,1,3819.567164
2026/02/05/00:23:13,apply-time,rs-003731-skbp5,f5171f30-3ee2-4c96-a638-f27264cbf3e5,1,3819.567164
2026/02/05/00:23:13,running-time,rs-003731-skbp5,f5171f30-3ee2-4c96-a638-f27264cbf3e5,1,3819.567164
2026/02/05/00:23:13,apply-time,rs-003732-mjgsg,2f0aad36-aa48-47c0-ae62-6f7be5b25488,1,3819.567164
2026/02/05/00:23:13,apply-time,rs-003732-sfmrn,18fbed92-23e3-4891-9f1e-e94b169a0592,1,3819.567164
2026/02/05/00:23:13,apply-time,rs-003733-b4xsq,0d10fd18-a3a8-46a8-95c2-e260e62e43f4,1,3819.567164
2026/02/05/00:23:13,apply-time,rs-003734-248np,b0d7b074-401f-4c43-a6c1-1360dfed7fd5,1,3819.567164
2026/02/05/00:23:13,running-time,rs-003734-248np,b0d7b074-401f-4c43-a6c1-1360dfed7fd5,1,3819.567164
2026/02/05/00:23:13,apply-time,rs-003734-bwf4v,5b487bab-3191-48eb-87e6-cb80054ed594,1,3819.567164
2026/02/05/00:23:13,apply-time,rs-003735-qmhcn,1e861f51-86de-4be8-a82a-1c97df6a4c1e,1,3819.567164
2026/02/05/00:23:13,running-time,rs-003735-qmhcn,1e861f51-86de-4be8-a82a-1c97df6a4c1e,1,3819.567164
2026/02/05/00:23:13,apply-time,rs-003736-9nh6s,f0bd2cfd-3e8e-44ed-81c7-03605f659deb,1,3819.567164
2026/02/05/00:23:13,running-time,rs-003736-9nh6s,f0bd2cfd-3e8e-44ed-81c7-03605f659deb,1,3819.567164
2026/02/05/00:23:13,apply-time,rs-003736-zrsvn,9b3275e5-8728-4d73-9f65-19c18f3455cb,1,3819.567164
2026/02/05/00:23:13,running-time,rs-003736-zrsvn,9b3275e5-8728-4d73-9f65-19c18f3455cb,1,3819.567164
2026/02/05/00:23:15,running-time,rs-003734-bwf4v,5b487bab-3191-48eb-87e6-cb80054ed594,1,3822.567164
2026/02/05/00:23:17,apply-time,rs-003737-kcngn,ee840881-688d-459f-81cb-372a753edf5c,1,3823.567164
2026/02/05/00:23:17,running-time,rs-003737-kcngn,ee840881-688d-459f-81cb-372a753edf5c,1,3823.567164
2026/02/05/00:23:17,apply-time,rs-003737-pfqh4,a964bf10-95b4-48da-998d-bc579999eff6,1,3823.567164
2026/02/05/00:23:17,running-time,rs-003737-pfqh4,a964bf10-95b4-48da-998d-bc579999eff6,1,3823.567164
2026/02/05/00:23:17,apply-time,rs-003737-s2g8x,030f4c09-96c3-4050-a9f3-e2efd9076d81,1,3823.567164
2026/02/05/00:23:17,running-time,rs-003737-s2g8x,030f4c09-96c3-4050-a9f3-e2efd9076d81,1,3823.567164
2026/02/05/00:23:17,apply-time,rs-003738-c2zc5,b6b7908f-1415-48f5-8155-25b5e7d4115a,1,3823.567164
2026/02/05/00:23:17,running-time,rs-003738-c2zc5,b6b7908f-1415-48f5-8155-25b5e7d4115a,1,3823.567164
2026/02/05/00:23:17,apply-time,rs-003738-drm86,c0bbc314-4b4f-4ba0-9419-ab46132f153a,1,3823.567164
2026/02/05/00:23:17,running-time,rs-003738-drm86,c0bbc314-4b4f-4ba0-9419-ab46132f153a,1,3823.567164
2026/02/05/00:23:17,apply-time,rs-003738-zqq24,6f840758-d223-4e38-a241-c2548472dc04,1,3823.567164
2026/02/05/00:23:17,running-time,rs-003738-zqq24,6f840758-d223-4e38-a241-c2548472dc04,1,3823.567164
2026/02/05/00:23:17,apply-time,rs-003739-bdjc4,450065e1-c244-42d1-a591-6cbe30106933,1,3823.567164
2026/02/05/00:23:17,running-time,rs-003739-bdjc4,450065e1-c244-42d1-a591-6cbe30106933,1,3823.567164
2026/02/05/00:23:17,apply-time,rs-003739-mmjdh,b43d7af9-d7be-4c4f-afcb-e76fe06dd9eb,1,3823.567164
2026/02/05/00:23:17,running-time,rs-003739-mmjdh,b43d7af9-d7be-4c4f-afcb-e76fe06dd9eb,1,3823.567164
2026/02/05/00:23:17,apply-time,rs-003740-6mg5v,a8a19f63-6dd4-4de9-9f0f-5f10b58bf940,1,3823.567164
2026/02/05/00:23:17,running-time,rs-003740-6mg5v,a8a19f63-6dd4-4de9-9f0f-5f10b58bf940,1,3823.567164
2026/02/05/00:23:17,apply-time,rs-003740-j5mgm,845446e2-2943-4dcc-bb1c-16b9edd27778,1,3823.567164
2026/02/05/00:23:17,apply-time,rs-003741-7rgtx,e0d5c7d5-44a6-40aa-9016-04134300552e,1,3824.567164
2026/02/05/00:23:17,running-time,rs-003741-7rgtx,e0d5c7d5-44a6-40aa-9016-04134300552e,1,3824.567164
2026/02/05/00:23:18,apply-time,rs-003741-7m4fb,847bfe63-5224-4bec-903a-0a3384d0a168,1,3824.567164
2026/02/05/00:23:18,running-time,rs-003741-7m4fb,847bfe63-5224-4bec-903a-0a3384d0a168,1,3825.567164
2026/02/05/00:23:18,apply-time,rs-003741-szzz2,4451eb4d-3f52-4b06-a9e2-df0b62530207,1,3824.567164
2026/02/05/00:23:18,apply-time,rs-003742-nv95f,2dc67779-ee19-4a22-8ea2-f12d79852987,1,3824.567164
2026/02/05/00:23:18,running-time,rs-003742-nv95f,2dc67779-ee19-4a22-8ea2-f12d79852987,1,3825.567164
2026/02/05/00:23:18,apply-time,rs-003742-sw6ft,c2f578f2-11be-470a-9c6c-018aaddd7cec,1,3824.567164
2026/02/05/00:23:18,running-time,rs-003742-sw6ft,c2f578f2-11be-470a-9c6c-018aaddd7cec,1,3825.567164
2026/02/05/00:23:18,apply-time,rs-003743-4fzwf,524e9018-86a7-4cef-b3a0-7aa990cca542,1,3824.567164
2026/02/05/00:23:18,apply-time,rs-003743-h2dzm,ed493104-8757-4837-8ad9-3a40efc53f08,1,3824.567164
2026/02/05/00:23:18,apply-time,rs-003743-r227z,81c15aca-b5b4-4bd5-8199-9fbf07f10b7a,1,3824.567164
2026/02/05/00:23:18,apply-time,rs-003744-sgskr,e1125cec-67a5-4a9f-a28c-be86aaa36ac1,1,3825.567164
2026/02/05/00:23:18,apply-time,rs-003744-vmxlz,a295012b-3a5c-4699-950e-e640169507dd,1,3824.567164
2026/02/05/00:23:18,running-time,rs-003744-vmxlz,a295012b-3a5c-4699-950e-e640169507dd,1,3825.567164
2026/02/05/00:23:20,running-time,rs-003740-j5mgm,845446e2-2943-4dcc-bb1c-16b9edd27778,1,3826.567164
2026/02/05/00:23:20,running-time,rs-003741-szzz2,4451eb4d-3f52-4b06-a9e2-df0b62530207,1,3826.567164
2026/02/05/00:23:20,running-time,rs-003743-r227z,81c15aca-b5b4-4bd5-8199-9fbf07f10b7a,1,3827.567164
2026/02/05/00:23:20,running-time,rs-003744-sgskr,e1125cec-67a5-4a9f-a28c-be86aaa36ac1,1,3826.567164
2026/02/05/00:23:22,running-time,rs-003743-4fzwf,524e9018-86a7-4cef-b3a0-7aa990cca542,1,3828.567164
2026/02/05/00:23:22,running-time,rs-003743-h2dzm,ed493104-8757-4837-8ad9-3a40efc53f08,1,3828.567164
2026/02/05/00:23:24,apply-time,rs-003745-9zzf7,3a127312-2ea2-4501-9a56-6a2809f8e376,1,3830.567164
2026/02/05/00:23:24,apply-time,rs-003745-tbbp6,f74c6b5a-f6b9-4bc8-b164-e4716e0aa039,1,3830.567164
2026/02/05/00:23:24,running-time,rs-003745-tbbp6,f74c6b5a-f6b9-4bc8-b164-e4716e0aa039,1,3830.567164
2026/02/05/00:23:24,apply-time,rs-003745-thxlt,a7346371-8f1a-4d84-9c9a-bceafe45da20,1,3830.567164
2026/02/05/00:23:24,apply-time,rs-003746-98wmz,46feb8e3-d48f-469a-a0d4-04f25652b617,1,3830.567164
2026/02/05/00:23:24,running-time,rs-003746-98wmz,46feb8e3-d48f-469a-a0d4-04f25652b617,1,3830.567164
2026/02/05/00:23:24,apply-time,rs-003747-72djm,d262e76a-3fcd-4519-83c2-9a8449a31004,1,3830.567164
2026/02/05/00:23:24,running-time,rs-003747-72djm,d262e76a-3fcd-4519-83c2-9a8449a31004,1,3830.567164
2026/02/05/00:23:24,apply-time,rs-003748-46bcm,bce2a2c2-a4e7-4812-9e87-15c83cdd4b6c,1,3830.567164
2026/02/05/00:23:24,running-time,rs-003748-46bcm,bce2a2c2-a4e7-4812-9e87-15c83cdd4b6c,1,3830.567164
2026/02/05/00:23:24,apply-time,rs-003748-8r6tz,4c1ae6ce-c7a1-4d21-9f8e-c495870a0371,1,3830.567164
2026/02/05/00:23:24,running-time,rs-003748-8r6tz,4c1ae6ce-c7a1-4d21-9f8e-c495870a0371,1,3830.567164
2026/02/05/00:23:24,apply-time,rs-003748-tpxf5,3c2e9b7d-6036-40f4-a23d-ef521d34b639,1,3830.567164
2026/02/05/00:23:24,running-time,rs-003748-tpxf5,3c2e9b7d-6036-40f4-a23d-ef521d34b639,1,3830.567164
2026/02/05/00:23:24,apply-time,rs-003749-8psvp,6686d716-9091-420d-8d15-b96ffc8bdb49,1,3830.567164
2026/02/05/00:23:24,apply-time,rs-003749-r9n22,fc961be1-cdda-4f25-9175-b3a24acd64ba,1,3830.567164
2026/02/05/00:23:25,apply-time,rs-003750-2lv8t,dd9fda31-5c9f-4f83-9095-89e915e04b16,1,3831.567164
2026/02/05/00:23:25,apply-time,rs-003750-2nqjd,8b836a96-fb4e-4a2c-9fca-f7ec7b164bdf,1,3831.567164
2026/02/05/00:23:25,apply-time,rs-003750-xm7f7,b77e34d8-ba80-466e-a89d-e184f7bcfc00,1,3831.567164
2026/02/05/00:23:27,running-time,rs-003749-8psvp,6686d716-9091-420d-8d15-b96ffc8bdb49,1,3833.567164
2026/02/05/00:23:28,running-time,rs-003749-r9n22,fc961be1-cdda-4f25-9175-b3a24acd64ba,1,3834.567164
2026/02/05/00:23:28,running-time,rs-003750-2nqjd,8b836a96-fb4e-4a2c-9fca-f7ec7b164bdf,1,3834.567164
2026/02/05/00:23:28,running-time,rs-003750-xm7f7,b77e34d8-ba80-466e-a89d-e184f7bcfc00,1,3834.567164
2026/02/05/00:23:35,apply-time,rs-003751-6jkcd,8f87cea4-c204-4074-9a6b-67049238a496,1,3841.567164
2026/02/05/00:23:35,running-time,rs-003751-6jkcd,8f87cea4-c204-4074-9a6b-67049238a496,1,3841.567164
2026/02/05/00:23:35,apply-time,rs-003751-p77m8,1cecfbe2-e09f-44a3-ba88-d7e809d66c77,1,3841.567164
2026/02/05/00:23:35,running-time,rs-003751-p77m8,1cecfbe2-e09f-44a3-ba88-d7e809d66c77,1,3841.567164
2026/02/05/00:23:35,apply-time,rs-003751-vxkb9,9a3806fb-b98e-443e-887b-7cda43bd2d35,1,3841.567164
2026/02/05/00:23:35,running-time,rs-003751-vxkb9,9a3806fb-b98e-443e-887b-7cda43bd2d35,1,3841.567164
2026/02/05/00:23:35,apply-time,rs-003752-j7pdk,5c19bd20-aff2-48d9-8a6e-bfe9cb952b65,1,3841.567164
2026/02/05/00:23:35,running-time,rs-003752-j7pdk,5c19bd20-aff2-48d9-8a6e-bfe9cb952b65,1,3841.567164
2026/02/05/00:23:35,apply-time,rs-003753-7lbmk,2a6b30ee-f470-429a-b8d9-2c4daff42efa,1,3841.567164
2026/02/05/00:23:35,running-time,rs-003753-7lbmk,2a6b30ee-f470-429a-b8d9-2c4daff42efa,1,3841.567164
2026/02/05/00:23:35,apply-time,rs-003753-gm8sh,57e07af3-444a-4f1a-82c5-d50b0924f4b5,1,3841.567164
2026/02/05/00:23:35,running-time,rs-003753-gm8sh,57e07af3-444a-4f1a-82c5-d50b0924f4b5,1,3841.567164
2026/02/05/00:23:35,apply-time,rs-003753-qnpm6,0380468a-fe86-4c68-a20f-737964dcab50,1,3841.567164
2026/02/05/00:23:35,running-time,rs-003753-qnpm6,0380468a-fe86-4c68-a20f-737964dcab50,1,3841.567164
2026/02/05/00:23:35,apply-time,rs-003754-xtm9n,2f550389-aabc-45a9-8d46-ac0e00ecd88c,1,3841.567164
2026/02/05/00:23:35,apply-time,rs-003755-lw494,6c1d0c3f-31b2-43af-b478-dc4d3929a182,1,3841.567164
2026/02/05/00:23:35,apply-time,rs-003756-79rmd,01bcb7d5-6c0d-469d-bb4b-71c85d8c5b51,1,3841.567164
2026/02/05/00:23:35,running-time,rs-003756-79rmd,01bcb7d5-6c0d-469d-bb4b-71c85d8c5b51,1,3841.567164
2026/02/05/00:23:35,apply-time,rs-003756-9gm2j,d22cd99d-3285-44c1-ad69-ac780d2b3282,1,3841.567164
2026/02/05/00:23:35,running-time,rs-003756-9gm2j,d22cd99d-3285-44c1-ad69-ac780d2b3282,1,3841.567164
2026/02/05/00:23:36,apply-time,rs-003757-6zl84,56746314-f3f9-4159-9fcb-6d3b3c708651,1,3842.567164
2026/02/05/00:23:36,running-time,rs-003757-6zl84,56746314-f3f9-4159-9fcb-6d3b3c708651,1,3842.567164
2026/02/05/00:23:36,apply-time,rs-003757-zpdgz,350e9473-6b8e-4cab-9b58-6c98054384b3,1,3842.567164
2026/02/05/00:23:36,running-time,rs-003757-zpdgz,350e9473-6b8e-4cab-9b58-6c98054384b3,1,3842.567164
2026/02/05/00:23:36,apply-time,rs-003758-4d5jj,a111bf5c-b503-4ab7-a73a-f5ea5343c62e,1,3842.567164
2026/02/05/00:23:36,running-time,rs-003758-4d5jj,a111bf5c-b503-4ab7-a73a-f5ea5343c62e,1,3842.567164
2026/02/05/00:23:36,apply-time,rs-003759-4lb6n,6c016994-1c43-4a7b-9150-107940d26456,1,3842.567164
2026/02/05/00:23:36,apply-time,rs-003759-czn6h,7d72a580-1fb2-45f3-a5c4-ba9a3ef080d9,1,3842.567164
2026/02/05/00:23:36,apply-time,rs-003759-nk28x,d93b768b-d4be-4118-a83c-bd72e9991ebc,1,3842.567164
2026/02/05/00:23:36,apply-time,rs-003760-5kp9l,a5106a6d-6316-4b1a-ad4e-d1ff29ea4c84,1,3842.567164
2026/02/05/00:23:36,apply-time,rs-003760-xj6vj,a5fc41bc-13a1-4882-bd6a-2af55af9cc82,1,3842.567164
2026/02/05/00:23:36,apply-time,rs-003761-2q9n5,8f947348-a0cf-472c-a325-aed8f515023f,1,3843.567164
2026/02/05/00:23:36,apply-time,rs-003761-52g9g,85ff68fa-4682-4606-a35a-7b0e4584a406,1,3842.567164
2026/02/05/00:23:36,apply-time,rs-003761-mq4t9,fa139aa8-2b49-4367-9055-f1eeeea5c19b,1,3843.567164
2026/02/05/00:23:36,apply-time,rs-003762-c4bfr,332dd7a6-d568-4c8b-8d79-176d7ada624f,1,3842.567164
2026/02/05/00:23:36,running-time,rs-003762-c4bfr,332dd7a6-d568-4c8b-8d79-176d7ada624f,1,3842.567164
2026/02/05/00:23:39,running-time,rs-003760-xj6vj,a5fc41bc-13a1-4882-bd6a-2af55af9cc82,1,3846.567164
2026/02/05/00:23:39,apply-time,rs-003763-vxsxz,06625c72-93a4-4492-bff5-289fc6f32325,1,3845.567164
2026/02/05/00:23:39,running-time,rs-003763-vxsxz,06625c72-93a4-4492-bff5-289fc6f32325,1,3845.567164
2026/02/05/00:23:39,apply-time,rs-003764-8gbtl,7801e172-e03a-4c51-bed3-36d4bf8b6630,1,3845.567164
2026/02/05/00:23:39,running-time,rs-003764-8gbtl,7801e172-e03a-4c51-bed3-36d4bf8b6630,1,3845.567164
2026/02/05/00:23:40,running-time,rs-003760-5kp9l,a5106a6d-6316-4b1a-ad4e-d1ff29ea4c84,1,3846.567164
2026/02/05/00:23:40,running-time,rs-003761-52g9g,85ff68fa-4682-4606-a35a-7b0e4584a406,1,3846.567164
2026/02/05/00:23:44,running-time,rs-003761-2q9n5,8f947348-a0cf-472c-a325-aed8f515023f,1,3850.567164
2026/02/05/00:23:44,running-time,rs-003761-mq4t9,fa139aa8-2b49-4367-9055-f1eeeea5c19b,1,3850.567164
2026/02/05/00:23:45,running-time,rs-003650-8c6cg,8d260a3f-58dd-4602-bf49-ae217449f725,1,3851.567164
2026/02/05/00:23:53,apply-time,rs-003765-ssrj9,b363912e-7575-48fc-afcf-9afe4f23a195,1,3859.567164
2026/02/05/00:23:53,running-time,rs-003765-ssrj9,b363912e-7575-48fc-afcf-9afe4f23a195,1,3859.567164
2026/02/05/00:23:53,apply-time,rs-003766-fzkvr,2ebfd7d0-fd00-4956-a167-e6afcce2977f,1,3859.567164
2026/02/05/00:23:53,running-time,rs-003766-fzkvr,2ebfd7d0-fd00-4956-a167-e6afcce2977f,1,3859.567164
2026/02/05/00:23:53,apply-time,rs-003766-hzwh4,dffc0c37-550b-43d1-8387-99550de0268a,1,3859.567164
2026/02/05/00:23:53,running-time,rs-003766-hzwh4,dffc0c37-550b-43d1-8387-99550de0268a,1,3859.567164
2026/02/05/00:23:53,apply-time,rs-003766-njsck,368c591d-f2f0-4b24-a70a-0b04d711a68a,1,3859.567164
2026/02/05/00:23:53,running-time,rs-003766-njsck,368c591d-f2f0-4b24-a70a-0b04d711a68a,1,3859.567164
2026/02/05/00:23:53,apply-time,rs-003767-2wnd7,53bec163-a843-4fb8-89c1-2b17587be516,1,3859.567164
2026/02/05/00:23:53,running-time,rs-003767-2wnd7,53bec163-a843-4fb8-89c1-2b17587be516,1,3859.567164
2026/02/05/00:23:53,apply-time,rs-003767-4x8j8,5dbbbd94-9ac4-4426-b69e-8cf1d8c75802,1,3859.567164
2026/02/05/00:23:53,running-time,rs-003767-4x8j8,5dbbbd94-9ac4-4426-b69e-8cf1d8c75802,1,3859.567164
2026/02/05/00:23:53,apply-time,rs-003768-gmkkt,55ca9f04-7daa-43e6-af19-f3f78abbf2ef,1,3859.567164
2026/02/05/00:23:53,apply-time,rs-003768-hr58p,1bfa5828-99da-4f5a-b3e0-912671c60af8,1,3859.567164
2026/02/05/00:23:53,running-time,rs-003768-hr58p,1bfa5828-99da-4f5a-b3e0-912671c60af8,1,3859.567164
2026/02/05/00:23:53,apply-time,rs-003769-whkqt,c28755a6-27d6-4247-afdd-c1ec6225a265,1,3859.567164
2026/02/05/00:23:53,running-time,rs-003769-whkqt,c28755a6-27d6-4247-afdd-c1ec6225a265,1,3859.567164
2026/02/05/00:23:53,apply-time,rs-003769-z2klw,99eb20fc-93b0-46c6-9119-fc0ebf48d883,1,3859.567164
2026/02/05/00:23:53,running-time,rs-003769-z2klw,99eb20fc-93b0-46c6-9119-fc0ebf48d883,1,3859.567164
2026/02/05/00:23:53,apply-time,rs-003770-nslfb,5a647b08-7ae3-42a8-9a28-47d9a2fe598d,1,3859.567164
2026/02/05/00:23:53,running-time,rs-003770-nslfb,5a647b08-7ae3-42a8-9a28-47d9a2fe598d,1,3860.567164
2026/02/05/00:23:53,apply-time,rs-003771-nfxhp,588b992c-3ecd-41d1-8960-d1ff303f69c0,1,3860.567164
2026/02/05/00:23:54,apply-time,rs-003771-729w4,0401c913-5229-4b1e-9c2e-8ff3a9491cf9,1,3860.567164
2026/02/05/00:23:54,apply-time,rs-003772-drbkj,40ef9982-2316-4e54-992a-e8b8fea8f170,1,3860.567164
2026/02/05/00:23:54,running-time,rs-003772-drbkj,40ef9982-2316-4e54-992a-e8b8fea8f170,1,3860.567164
2026/02/05/00:23:54,apply-time,rs-003772-pnhkf,e710be8a-a4c7-49c7-bb67-ceafab28ed8e,1,3860.567164
2026/02/05/00:23:54,running-time,rs-003772-pnhkf,e710be8a-a4c7-49c7-bb67-ceafab28ed8e,1,3860.567164
2026/02/05/00:23:56,running-time,rs-003768-gmkkt,55ca9f04-7daa-43e6-af19-f3f78abbf2ef,1,3862.567164
2026/02/05/00:23:57,apply-time,rs-003773-4r26m,3676e030-5c71-473c-baae-69fbf2662508,1,3863.567164
2026/02/05/00:23:57,running-time,rs-003773-4r26m,3676e030-5c71-473c-baae-69fbf2662508,1,3863.567164
2026/02/05/00:23:57,apply-time,rs-003773-6m7tm,4335be13-308f-46ae-b59e-e3eece560500,1,3863.567164
2026/02/05/00:23:57,apply-time,rs-003773-djxgd,052fd2cf-92fa-4ab2-9c95-35403daa1fe3,1,3863.567164
2026/02/05/00:23:57,apply-time,rs-003774-cmmrv,cf0c5725-eda6-422a-8dab-78b728556360,1,3863.567164
2026/02/05/00:23:57,apply-time,rs-003775-dwt8m,efdabf47-de9e-4db3-a1c3-474096b80a89,1,3863.567164
2026/02/05/00:23:57,apply-time,rs-003775-xxx4v,113e1b67-ea92-405d-ae32-9490c12fb3a5,1,3863.567164
2026/02/05/00:23:58,running-time,rs-003773-djxgd,052fd2cf-92fa-4ab2-9c95-35403daa1fe3,1,3864.567164
2026/02/05/00:23:58,apply-time,rs-003776-r7qtw,9241f79b-4e12-4281-8ea8-9782aaf4babc,1,3864.567164
2026/02/05/00:23:58,apply-time,rs-003777-57fln,046eb536-64ba-4d33-89fb-b8737dc5eb66,1,3864.567164
2026/02/05/00:23:58,apply-time,rs-003777-c5n88,1c16ad97-b5e1-4817-a5ce-b3f4f9133fd8,1,3864.567164
2026/02/05/00:23:58,apply-time,rs-003777-rr8zk,1e610917-3763-403c-9e3c-dc5ed53b4933,1,3864.567164
2026/02/05/00:23:58,running-time,rs-003777-rr8zk,1e610917-3763-403c-9e3c-dc5ed53b4933,1,3864.567164
2026/02/05/00:23:58,apply-time,rs-003778-b5fkc,c7b131bd-400b-4c83-97d1-8f705f6248a8,1,3864.567164
2026/02/05/00:23:58,running-time,rs-003778-b5fkc,c7b131bd-400b-4c83-97d1-8f705f6248a8,1,3864.567164
2026/02/05/00:23:58,apply-time,rs-003778-cgp8h,00f0fca7-9a53-45b6-9020-1dff6e5af547,1,3864.567164
2026/02/05/00:23:58,apply-time,rs-003778-pjm8c,d33f5b0d-140f-4020-bfe0-d59b9c4464ac,1,3864.567164
2026/02/05/00:23:58,running-time,rs-003778-pjm8c,d33f5b0d-140f-4020-bfe0-d59b9c4464ac,1,3864.567164
2026/02/05/00:23:58,apply-time,rs-003779-7ltjt,7d0701be-5853-43b1-870c-30b625e71985,1,3864.567164
2026/02/05/00:23:58,apply-time,rs-003779-khlxk,3a18a942-88a4-4f91-8abc-120723b5024c,1,3864.567164
2026/02/05/00:23:58,running-time,rs-003779-khlxk,3a18a942-88a4-4f91-8abc-120723b5024c,1,3864.567164
2026/02/05/00:23:58,apply-time,rs-003779-pfztw,fddf91ea-348d-405f-bd9c-4ad322e3fd39,1,3864.567164
2026/02/05/00:23:58,running-time,rs-003779-pfztw,fddf91ea-348d-405f-bd9c-4ad322e3fd39,1,3865.567164
2026/02/05/00:23:59,apply-time,rs-003780-sckpg,eed3d10e-8a8f-4e3f-bd87-1f71af998b32,1,3865.567164
2026/02/05/00:23:59,apply-time,rs-003781-pgrhf,dc4dbea6-1212-4cab-9385-54f278750c98,1,3865.567164
2026/02/05/00:23:59,apply-time,rs-003782-7fcq9,3743152d-ea4b-44f3-8836-97c6363a44ad,1,3865.567164
2026/02/05/00:23:59,apply-time,rs-003782-kv9sr,f460ebd2-551c-4bc1-8ae3-b0f950e03236,1,3865.567164
2026/02/05/00:23:59,apply-time,rs-003782-xzgkc,a1d786bd-d26a-4f9e-b918-de3fb8c2bcfa,1,3865.567164
2026/02/05/00:23:59,apply-time,rs-003783-65tmx,17ce5e21-7e7b-4334-8da1-404b54aa4de1,1,3865.567164
2026/02/05/00:23:59,apply-time,rs-003783-xq9sz,832d88bb-1a4b-486c-91ec-15a3e5f054cf,1,3865.567164
2026/02/05/00:23:59,apply-time,rs-003784-fck7n,2f72d8ff-7079-43a6-a544-6df1b1a48076,1,3866.567164
2026/02/05/00:23:59,apply-time,rs-003784-ltphw,9483f02b-187f-46a7-ae76-adc7cd52e378,1,3865.567164
2026/02/05/00:23:59,apply-time,rs-003785-5ppbt,b204fd35-1528-4bad-a1df-5918de62e22a,1,3865.567164
2026/02/05/00:24:00,running-time,rs-003777-57fln,046eb536-64ba-4d33-89fb-b8737dc5eb66,1,3867.567164
2026/02/05/00:24:00,running-time,rs-003777-c5n88,1c16ad97-b5e1-4817-a5ce-b3f4f9133fd8,1,3867.567164
2026/02/05/00:24:00,running-time,rs-003779-7ltjt,7d0701be-5853-43b1-870c-30b625e71985,1,3867.567164
2026/02/05/00:24:00,apply-time,rs-003785-nskjp,cc5e1a2b-bbcd-4480-a2f0-dbdeddfb238d,1,3866.567164
2026/02/05/00:24:01,running-time,rs-003781-pgrhf,dc4dbea6-1212-4cab-9385-54f278750c98,1,3867.567164
2026/02/05/00:24:01,running-time,rs-003782-7fcq9,3743152d-ea4b-44f3-8836-97c6363a44ad,1,3867.567164
2026/02/05/00:24:01,running-time,rs-003782-kv9sr,f460ebd2-551c-4bc1-8ae3-b0f950e03236,1,3867.567164
2026/02/05/00:24:03,running-time,rs-003782-xzgkc,a1d786bd-d26a-4f9e-b918-de3fb8c2bcfa,1,3869.567164
2026/02/05/00:24:03,running-time,rs-003785-5ppbt,b204fd35-1528-4bad-a1df-5918de62e22a,1,3869.567164
2026/02/05/00:24:03,running-time,rs-003785-nskjp,cc5e1a2b-bbcd-4480-a2f0-dbdeddfb238d,1,3869.567164
2026/02/05/00:24:03,apply-time,rs-003786-lktx2,93ba2f9a-1be0-4fc9-af8c-d7a607e04039,1,3869.567164
2026/02/05/00:24:03,running-time,rs-003786-lktx2,93ba2f9a-1be0-4fc9-af8c-d7a607e04039,1,3869.567164
2026/02/05/00:24:03,apply-time,rs-003786-wv9jm,5e9deb31-8c3f-4bd4-b135-e30d2c7f8aa9,1,3869.567164
2026/02/05/00:24:03,running-time,rs-003786-wv9jm,5e9deb31-8c3f-4bd4-b135-e30d2c7f8aa9,1,3869.567164
2026/02/05/00:24:03,apply-time,rs-003787-k5j8d,35cea18d-7104-44a9-9eb4-49e5ecdeda49,1,3869.567164
2026/02/05/00:24:04,running-time,rs-003787-k5j8d,35cea18d-7104-44a9-9eb4-49e5ecdeda49,1,3870.567164
2026/02/05/00:24:04,apply-time,rs-003788-lrq5v,d7e2bf22-a5ad-4340-b470-a43631ac425d,1,3870.567164
2026/02/05/00:24:08,apply-time,rs-003789-fxvrq,321b96a9-e511-4d28-8198-e324de4ddb02,1,3874.567164
2026/02/05/00:24:08,running-time,rs-003789-fxvrq,321b96a9-e511-4d28-8198-e324de4ddb02,1,3874.567164
2026/02/05/00:24:08,apply-time,rs-003789-k8bsk,16f11bc4-6cb1-4e1c-a569-7758b1f6dae5,1,3874.567164
2026/02/05/00:24:08,running-time,rs-003789-k8bsk,16f11bc4-6cb1-4e1c-a569-7758b1f6dae5,1,3874.567164
2026/02/05/00:24:08,apply-time,rs-003790-7hwv5,aba83599-086b-43f1-9af6-da04361fa272,1,3874.567164
2026/02/05/00:24:08,apply-time,rs-003791-tkmjr,573c57fb-4bd8-499e-b939-dd4f1f75266e,1,3874.567164
2026/02/05/00:24:08,apply-time,rs-003791-wxj7c,760e53f3-e2fb-43df-84d8-cbe753c55a60,1,3874.567164
2026/02/05/00:24:08,apply-time,rs-003792-82v5v,e81a31f3-80b9-4f36-8fbd-17dd1439cfab,1,3874.567164
2026/02/05/00:24:08,apply-time,rs-003792-fzbrv,f4fc5fa8-6702-4d40-8af1-36e1766eca5c,1,3874.567164
2026/02/05/00:24:08,apply-time,rs-003792-s9k4k,c058a30b-9d4e-4c19-a519-0078dd4b1c28,1,3874.567164
2026/02/05/00:24:10,running-time,rs-003791-tkmjr,573c57fb-4bd8-499e-b939-dd4f1f75266e,1,3876.567164
2026/02/05/00:24:10,running-time,rs-003791-wxj7c,760e53f3-e2fb-43df-84d8-cbe753c55a60,1,3876.567164
2026/02/05/00:24:10,apply-time,rs-003793-dfxgs,b62b4813-e8ed-42e8-9c4a-7b5b68086048,1,3876.567164
2026/02/05/00:24:10,apply-time,rs-003793-jldtb,1f209031-42cc-489b-8663-295a1e06e865,1,3876.567164
2026/02/05/00:24:10,apply-time,rs-003794-bpxv2,a3b670fa-b8d1-433e-8239-470890602020,1,3876.567164
2026/02/05/00:24:10,running-time,rs-003794-bpxv2,a3b670fa-b8d1-433e-8239-470890602020,1,3876.567164
2026/02/05/00:24:10,apply-time,rs-003794-gqwqm,95559c68-3d8b-4018-9685-75b731fc6928,1,3876.567164
2026/02/05/00:24:10,apply-time,rs-003795-kwvrb,7c7c674a-be09-4221-8bc9-f0c7d5096972,1,3876.567164
2026/02/05/00:24:10,apply-time,rs-003796-5fhtv,c274974e-7a3e-43e5-9fe7-1ec1798bfb11,1,3876.567164
2026/02/05/00:24:10,running-time,rs-003796-5fhtv,c274974e-7a3e-43e5-9fe7-1ec1798bfb11,1,3876.567164
2026/02/05/00:24:12,running-time,rs-003793-jldtb,1f209031-42cc-489b-8663-295a1e06e865,1,3878.567164
2026/02/05/00:24:12,running-time,rs-003794-gqwqm,95559c68-3d8b-4018-9685-75b731fc6928,1,3878.567164
2026/02/05/00:24:13,running-time,rs-003793-dfxgs,b62b4813-e8ed-42e8-9c4a-7b5b68086048,1,3879.567164
2026/02/05/00:24:13,apply-time,rs-003797-22lkb,4b196f3f-e0d3-4118-930d-561fa16a0321,1,3879.567164
2026/02/05/00:24:13,apply-time,rs-003797-hm9pt,4bccb6d6-ca26-4c15-b7f0-5432efd5effa,1,3879.567164
2026/02/05/00:24:13,apply-time,rs-003798-ndcf5,e4a52c65-38b6-419e-8a25-bf9fd7a6553d,1,3879.567164
2026/02/05/00:24:13,running-time,rs-003798-ndcf5,e4a52c65-38b6-419e-8a25-bf9fd7a6553d,1,3879.567164
2026/02/05/00:24:13,apply-time,rs-003799-6j24b,4a41890c-2e5f-4fc5-a8da-19fd8115084e,1,3879.567164
2026/02/05/00:24:13,running-time,rs-003799-6j24b,4a41890c-2e5f-4fc5-a8da-19fd8115084e,1,3879.567164
2026/02/05/00:24:13,apply-time,rs-003799-7pl5n,0cff3e12-b4ff-4fc8-affd-3ad98c35ebe0,1,3879.567164
2026/02/05/00:24:13,apply-time,rs-003800-r9qfc,3b9ed85f-a8c4-4a1c-92b3-73d4ed9d25e7,1,3880.567164
2026/02/05/00:24:13,apply-time,rs-003801-ht82n,4d23dfff-7fe8-42c2-a563-71ccdb033706,1,3880.567164
2026/02/05/00:24:13,apply-time,rs-003801-l46wh,b62e11ec-0fab-40c3-8a6c-360af6f52f8d,1,3880.567164
2026/02/05/00:24:13,apply-time,rs-003802-h2jhk,768f7992-e1bf-4927-9637-853215e08ab2,1,3880.567164
2026/02/05/00:24:13,apply-time,rs-003802-wh9pj,3d023f17-32ff-40eb-a840-d9e2cf00bf7c,1,3880.567164
2026/02/05/00:24:14,running-time,rs-003799-7pl5n,0cff3e12-b4ff-4fc8-affd-3ad98c35ebe0,1,3881.567164
2026/02/05/00:24:14,running-time,rs-003802-h2jhk,768f7992-e1bf-4927-9637-853215e08ab2,1,3880.567164
2026/02/05/00:24:14,running-time,rs-003802-wh9pj,3d023f17-32ff-40eb-a840-d9e2cf00bf7c,1,3881.567164
2026/02/05/00:24:20,running-time,rs-003776-r7qtw,9241f79b-4e12-4281-8ea8-9782aaf4babc,1,3886.567164
2026/02/05/00:24:23,apply-time,rs-003803-2zs4d,21cc34d6-451a-4a18-8747-97d175692a19,1,3889.567164
2026/02/05/00:24:23,running-time,rs-003803-2zs4d,21cc34d6-451a-4a18-8747-97d175692a19,1,3889.567164
2026/02/05/00:24:23,apply-time,rs-003803-8jqcx,e710cc15-79c6-471b-baf8-3a3d7d2bb3f2,1,3889.567164
2026/02/05/00:24:23,running-time,rs-003803-8jqcx,e710cc15-79c6-471b-baf8-3a3d7d2bb3f2,1,3889.567164
2026/02/05/00:24:23,apply-time,rs-003804-m9rmm,7fe958da-70a5-406e-a31f-2c425cf17248,1,3889.567164
2026/02/05/00:24:23,running-time,rs-003804-m9rmm,7fe958da-70a5-406e-a31f-2c425cf17248,1,3889.567164
2026/02/05/00:24:23,apply-time,rs-003805-9lzmc,b2724d11-aef0-42b7-88a3-f908b2f5402b,1,3889.567164
2026/02/05/00:24:23,running-time,rs-003805-9lzmc,b2724d11-aef0-42b7-88a3-f908b2f5402b,1,3889.567164
2026/02/05/00:24:23,apply-time,rs-003805-9pz7n,6a895f8d-3788-4227-a34c-bae058e5aebb,1,3889.567164
2026/02/05/00:24:23,running-time,rs-003805-9pz7n,6a895f8d-3788-4227-a34c-bae058e5aebb,1,3889.567164
2026/02/05/00:24:23,apply-time,rs-003805-f96pv,f521708c-c52b-43df-9fa8-76db79c2b3f8,1,3889.567164
2026/02/05/00:24:23,running-time,rs-003805-f96pv,f521708c-c52b-43df-9fa8-76db79c2b3f8,1,3889.567164
2026/02/05/00:24:35,apply-time,rs-003806-cbn5c,e08d2582-37a6-4fbe-97e9-33c6c919cfbf,1,3901.567164
2026/02/05/00:24:35,running-time,rs-003806-cbn5c,e08d2582-37a6-4fbe-97e9-33c6c919cfbf,1,3901.567164
2026/02/05/00:24:35,apply-time,rs-003806-qjbdr,68ce46a3-7f2f-41cd-bddf-0fbc47e5828d,1,3901.567164
2026/02/05/00:24:35,running-time,rs-003806-qjbdr,68ce46a3-7f2f-41cd-bddf-0fbc47e5828d,1,3901.567164
2026/02/05/00:24:35,apply-time,rs-003807-2czhd,32b59f8e-d740-4b96-b803-4a048a206dbb,1,3901.567164
2026/02/05/00:24:35,apply-time,rs-003807-nh6lb,10ac1356-9f90-4b65-a587-ee6507e8f728,1,3901.567164
2026/02/05/00:24:35,apply-time,rs-003807-rds5t,05be9e29-b2cd-45b1-8f86-69b02767c237,1,3901.567164
2026/02/05/00:24:35,apply-time,rs-003808-4vgx7,15ec232c-d897-455d-be49-b392f701de72,1,3901.567164
2026/02/05/00:24:35,running-time,rs-003808-4vgx7,15ec232c-d897-455d-be49-b392f701de72,1,3901.567164
2026/02/05/00:24:35,apply-time,rs-003808-pbcxh,9e00d3f8-18bf-404c-a9c9-f40fef5ab363,1,3901.567164
2026/02/05/00:24:35,running-time,rs-003808-pbcxh,9e00d3f8-18bf-404c-a9c9-f40fef5ab363,1,3901.567164
2026/02/05/00:24:41,apply-time,rs-003809-26kcr,2087d1d9-b966-4eb4-be59-c4746dcc5675,1,3907.567164
2026/02/05/00:24:41,running-time,rs-003809-26kcr,2087d1d9-b966-4eb4-be59-c4746dcc5675,1,3907.567164
2026/02/05/00:24:41,apply-time,rs-003809-4kqwk,abd35757-68f5-463c-8c56-7faa4541dec5,1,3907.567164
2026/02/05/00:24:41,running-time,rs-003809-4kqwk,abd35757-68f5-463c-8c56-7faa4541dec5,1,3907.567164
2026/02/05/00:24:41,apply-time,rs-003810-gbfgm,ddcc1211-2fb4-48f6-96e8-d1f729405df3,1,3907.567164
2026/02/05/00:24:41,apply-time,rs-003811-bdmg4,f45bc98b-e026-4cbf-a09b-01a61354093a,1,3907.567164
2026/02/05/00:24:41,running-time,rs-003811-bdmg4,f45bc98b-e026-4cbf-a09b-01a61354093a,1,3907.567164
2026/02/05/00:24:41,apply-time,rs-003811-kfklz,fc9ccf5b-2433-4bdb-a857-720241abd49d,1,3907.567164
2026/02/05/00:24:41,running-time,rs-003811-kfklz,fc9ccf5b-2433-4bdb-a857-720241abd49d,1,3907.567164
2026/02/05/00:24:41,apply-time,rs-003811-sl5gn,7840b586-3d83-4340-97f9-f050560fc173,1,3907.567164
2026/02/05/00:24:41,running-time,rs-003811-sl5gn,7840b586-3d83-4340-97f9-f050560fc173,1,3907.567164
2026/02/05/00:24:41,apply-time,rs-003812-r429s,0aacc948-e4dd-46f0-92a7-d409461ba86d,1,3907.567164
2026/02/05/00:24:41,apply-time,rs-003813-dhdtr,57afe814-a2b9-4313-b512-e0cc7bb3d2ca,1,3907.567164
2026/02/05/00:24:41,running-time,rs-003813-dhdtr,57afe814-a2b9-4313-b512-e0cc7bb3d2ca,1,3907.567164
2026/02/05/00:24:41,apply-time,rs-003813-fnqhm,859840a8-2395-4004-bbea-253fc3c32a36,1,3907.567164
2026/02/05/00:24:41,running-time,rs-003813-fnqhm,859840a8-2395-4004-bbea-253fc3c32a36,1,3907.567164
2026/02/05/00:24:41,apply-time,rs-003814-hzxrj,f5b9fd5e-fbcf-4b94-af5c-a685cc4d672e,1,3908.567164
2026/02/05/00:24:41,running-time,rs-003814-hzxrj,f5b9fd5e-fbcf-4b94-af5c-a685cc4d672e,1,3908.567164
2026/02/05/00:24:41,apply-time,rs-003814-kq4ll,d8ba9c04-3425-445d-b165-198c586d5857,1,3908.567164
2026/02/05/00:24:41,running-time,rs-003814-kq4ll,d8ba9c04-3425-445d-b165-198c586d5857,1,3908.567164
2026/02/05/00:24:41,apply-time,rs-003814-t5pj8,67078ff9-4eb1-4e13-b98a-ede7476a0c05,1,3908.567164
2026/02/05/00:24:41,running-time,rs-003814-t5pj8,67078ff9-4eb1-4e13-b98a-ede7476a0c05,1,3908.567164
2026/02/05/00:24:41,apply-time,rs-003815-bfw8c,1081bdb2-1191-4efe-9bed-130d7a0fb53a,1,3908.567164
2026/02/05/00:24:41,running-time,rs-003815-bfw8c,1081bdb2-1191-4efe-9bed-130d7a0fb53a,1,3908.567164
2026/02/05/00:24:41,apply-time,rs-003816-sflvq,1f44fce4-b4c5-4061-a491-3a1eed46bcd8,1,3908.567164
2026/02/05/00:24:41,running-time,rs-003816-sflvq,1f44fce4-b4c5-4061-a491-3a1eed46bcd8,1,3908.567164
2026/02/05/00:24:42,apply-time,rs-003816-bl25h,d08a1169-6a45-426c-a979-18fc7acf5fd5,1,3908.567164
2026/02/05/00:24:42,running-time,rs-003816-bl25h,d08a1169-6a45-426c-a979-18fc7acf5fd5,1,3908.567164
2026/02/05/00:24:42,apply-time,rs-003817-9fsm2,e135d83c-0240-4baf-a5ba-23ed97ef6060,1,3908.567164
2026/02/05/00:24:42,apply-time,rs-003817-mmbc8,12caae5d-7d3d-49e3-83bd-7ddc9e748d65,1,3908.567164
2026/02/05/00:24:42,apply-time,rs-003818-tvgm9,ad0357cc-9c65-45e3-99f8-72671d12d1f6,1,3908.567164
2026/02/05/00:24:42,running-time,rs-003818-tvgm9,ad0357cc-9c65-45e3-99f8-72671d12d1f6,1,3908.567164
2026/02/05/00:24:42,apply-time,rs-003819-64q4f,0b9110bf-2e08-43cb-a01b-2db1a3f6addd,1,3909.567164
2026/02/05/00:24:42,running-time,rs-003819-64q4f,0b9110bf-2e08-43cb-a01b-2db1a3f6addd,1,3909.567164
2026/02/05/00:24:42,apply-time,rs-003819-bcgsc,bd610150-ef54-4bba-aff8-430d7646bd63,1,3908.567164
2026/02/05/00:24:42,running-time,rs-003819-bcgsc,bd610150-ef54-4bba-aff8-430d7646bd63,1,3908.567164
2026/02/05/00:24:43,apply-time,rs-003820-vfvtl,096a111e-ce9b-48ef-9284-4f550e6ca546,1,3909.567164
2026/02/05/00:24:43,running-time,rs-003820-vfvtl,096a111e-ce9b-48ef-9284-4f550e6ca546,1,3909.567164
2026/02/05/00:24:43,apply-time,rs-003821-brnvh,4b214548-0f46-4337-ab8a-6e8de9739524,1,3909.567164
2026/02/05/00:24:43,running-time,rs-003821-brnvh,4b214548-0f46-4337-ab8a-6e8de9739524,1,3909.567164
2026/02/05/00:24:43,apply-time,rs-003822-94wth,ab88136c-a3db-4269-920d-d7c35cbad24d,1,3909.567164
2026/02/05/00:24:43,apply-time,rs-003822-v4xfx,91a37d12-fdde-4361-bab5-834d2ff27bfc,1,3909.567164
2026/02/05/00:24:43,apply-time,rs-003823-lnmp6,20d41744-5dae-443c-8b8b-f600bf10fcd7,1,3910.567164
2026/02/05/00:24:43,running-time,rs-003823-lnmp6,20d41744-5dae-443c-8b8b-f600bf10fcd7,1,3910.567164
2026/02/05/00:24:44,running-time,rs-003822-94wth,ab88136c-a3db-4269-920d-d7c35cbad24d,1,3910.567164
2026/02/05/00:24:44,running-time,rs-003822-v4xfx,91a37d12-fdde-4361-bab5-834d2ff27bfc,1,3910.567164
2026/02/05/00:24:46,apply-time,rs-003824-nkf7c,baf6e140-b44c-424e-bf5b-59e6e9805bb3,1,3912.567164
2026/02/05/00:24:46,running-time,rs-003824-nkf7c,baf6e140-b44c-424e-bf5b-59e6e9805bb3,1,3912.567164
2026/02/05/00:24:48,apply-time,rs-003825-4g8x6,83d6128b-6703-4005-9adb-8531e4c93afe,1,3914.567164
2026/02/05/00:24:48,running-time,rs-003825-4g8x6,83d6128b-6703-4005-9adb-8531e4c93afe,1,3914.567164
2026/02/05/00:24:48,apply-time,rs-003825-vrpc7,ae66c907-e167-438e-bdf6-f7f4875b853d,1,3914.567164
2026/02/05/00:24:48,running-time,rs-003825-vrpc7,ae66c907-e167-438e-bdf6-f7f4875b853d,1,3915.567164
2026/02/05/00:24:50,apply-time,rs-003826-clg54,987b6641-f349-4aae-88c5-cc47d74aaaec,1,3916.567164
2026/02/05/00:24:50,running-time,rs-003826-clg54,987b6641-f349-4aae-88c5-cc47d74aaaec,1,3916.567164
2026/02/05/00:24:50,apply-time,rs-003826-jtqj5,2562fbab-1bf7-404f-8da9-e023bfd214ca,1,3916.567164
2026/02/05/00:24:50,running-time,rs-003826-jtqj5,2562fbab-1bf7-404f-8da9-e023bfd214ca,1,3916.567164
2026/02/05/00:24:50,apply-time,rs-003826-qb6hh,22630e23-bcbf-4a1f-ab96-568f424b2508,1,3916.567164
2026/02/05/00:24:50,running-time,rs-003826-qb6hh,22630e23-bcbf-4a1f-ab96-568f424b2508,1,3916.567164
2026/02/05/00:24:50,apply-time,rs-003827-lj5x7,b5da719a-37d3-4feb-aaf5-a19dbc509809,1,3916.567164
2026/02/05/00:24:50,running-time,rs-003827-lj5x7,b5da719a-37d3-4feb-aaf5-a19dbc509809,1,3916.567164
2026/02/05/00:24:50,apply-time,rs-003828-5gmkz,8d38fb9d-c6cd-4e1a-b497-29eb49154d87,1,3916.567164
2026/02/05/00:24:50,running-time,rs-003828-5gmkz,8d38fb9d-c6cd-4e1a-b497-29eb49154d87,1,3916.567164
2026/02/05/00:24:50,apply-time,rs-003828-whw4s,01aff0e8-ba39-4544-aeb8-e8b2a4aaaadc,1,3916.567164
2026/02/05/00:24:50,running-time,rs-003828-whw4s,01aff0e8-ba39-4544-aeb8-e8b2a4aaaadc,1,3916.567164
2026/02/05/00:24:50,apply-time,rs-003828-z2kmh,ad5f5332-6770-4a72-b166-7a29ffeef3e7,1,3916.567164
2026/02/05/00:24:50,running-time,rs-003828-z2kmh,ad5f5332-6770-4a72-b166-7a29ffeef3e7,1,3916.567164
2026/02/05/00:24:55,apply-time,rs-003829-85j6k,9c047773-7d40-4bc0-bfc2-08b17bb947d9,1,3922.567164
2026/02/05/00:24:55,running-time,rs-003829-85j6k,9c047773-7d40-4bc0-bfc2-08b17bb947d9,1,3922.567164
2026/02/05/00:24:55,apply-time,rs-003829-bxb7w,626732d4-4c10-447d-af1d-7ce1da22dce6,1,3922.567164
2026/02/05/00:24:55,running-time,rs-003829-bxb7w,626732d4-4c10-447d-af1d-7ce1da22dce6,1,3922.567164
2026/02/05/00:24:59,apply-time,rs-003830-8stl4,0e5dce99-d85a-4b28-974d-c838351ee6e4,1,3925.567164
2026/02/05/00:24:59,running-time,rs-003830-8stl4,0e5dce99-d85a-4b28-974d-c838351ee6e4,1,3925.567164
2026/02/05/00:24:59,apply-time,rs-003830-j5l7t,126954dd-ea4c-4eb1-b284-2ca79270cc17,1,3925.567164
2026/02/05/00:24:59,running-time,rs-003830-j5l7t,126954dd-ea4c-4eb1-b284-2ca79270cc17,1,3925.567164
2026/02/05/00:24:59,apply-time,rs-003831-5fh58,2357b207-e88b-451e-bb3b-07951c6b74b0,1,3925.567164
2026/02/05/00:24:59,running-time,rs-003831-5fh58,2357b207-e88b-451e-bb3b-07951c6b74b0,1,3925.567164
2026/02/05/00:24:59,apply-time,rs-003832-qqpz7,cf1333ce-f75f-4183-b2db-27d6a0685b95,1,3925.567164
2026/02/05/00:24:59,running-time,rs-003832-qqpz7,cf1333ce-f75f-4183-b2db-27d6a0685b95,1,3925.567164
2026/02/05/00:24:59,apply-time,rs-003833-6646w,2354129a-4aee-45d8-ad5d-c2e96c440985,1,3925.567164
2026/02/05/00:24:59,running-time,rs-003833-6646w,2354129a-4aee-45d8-ad5d-c2e96c440985,1,3925.567164
2026/02/05/00:24:59,apply-time,rs-003833-7hvr4,752a219d-298e-46e2-b16d-8edf5908ad01,1,3925.567164
2026/02/05/00:24:59,running-time,rs-003833-7hvr4,752a219d-298e-46e2-b16d-8edf5908ad01,1,3925.567164
2026/02/05/00:25:00,apply-time,rs-003834-m6hmh,4f54a02c-3c1b-4fd8-9451-46c1353cad69,1,3927.567164
2026/02/05/00:25:00,running-time,rs-003834-m6hmh,4f54a02c-3c1b-4fd8-9451-46c1353cad69,1,3927.567164
2026/02/05/00:25:00,apply-time,rs-003834-qgxgg,98ed20b8-bd94-4759-b864-5f884e0a5663,1,3927.567164
2026/02/05/00:25:00,apply-time,rs-003835-5t22n,8d910af1-b78a-4b96-94cd-fbee432f9c15,1,3927.567164
2026/02/05/00:25:00,running-time,rs-003835-5t22n,8d910af1-b78a-4b96-94cd-fbee432f9c15,1,3927.567164
2026/02/05/00:25:04,running-time,rs-003834-qgxgg,98ed20b8-bd94-4759-b864-5f884e0a5663,1,3930.567164
2026/02/05/00:25:08,apply-time,rs-003836-hlmvx,d7b2c274-a18b-4b26-9690-83dc9d989a26,1,3934.567164
2026/02/05/00:25:08,running-time,rs-003836-hlmvx,d7b2c274-a18b-4b26-9690-83dc9d989a26,1,3934.567164
2026/02/05/00:25:08,apply-time,rs-003836-jfsnl,c2849392-e435-43c6-b87f-0c45714b6adc,1,3934.567164
2026/02/05/00:25:08,running-time,rs-003836-jfsnl,c2849392-e435-43c6-b87f-0c45714b6adc,1,3935.567164
2026/02/05/00:25:08,apply-time,rs-003837-9sp55,2224d8b2-c8fe-4d9b-8453-1d9b0d87199b,1,3934.567164
2026/02/05/00:25:08,running-time,rs-003837-9sp55,2224d8b2-c8fe-4d9b-8453-1d9b0d87199b,1,3934.567164
2026/02/05/00:25:08,apply-time,rs-003837-kk6zg,ba1d2388-155f-4754-8372-a609dd319b14,1,3934.567164
2026/02/05/00:25:08,running-time,rs-003837-kk6zg,ba1d2388-155f-4754-8372-a609dd319b14,1,3934.567164
2026/02/05/00:25:10,apply-time,rs-003838-vv9ml,ed38211a-ab0b-497d-92e5-a412d4e18082,1,3936.567164
2026/02/05/00:25:10,running-time,rs-003838-vv9ml,ed38211a-ab0b-497d-92e5-a412d4e18082,1,3936.567164
2026/02/05/00:25:10,apply-time,rs-003839-78fwh,76602a5a-797d-4e4d-bc71-8a0c29dfcb4e,1,3937.567164
2026/02/05/00:25:10,running-time,rs-003839-78fwh,76602a5a-797d-4e4d-bc71-8a0c29dfcb4e,1,3937.567164
2026/02/05/00:25:10,apply-time,rs-003839-djqhb,6f0e1225-ad07-49a2-9fde-39844bc2abf5,1,3937.567164
2026/02/05/00:25:10,running-time,rs-003839-djqhb,6f0e1225-ad07-49a2-9fde-39844bc2abf5,1,3937.567164
2026/02/05/00:25:10,apply-time,rs-003839-xgczt,77c72517-c5aa-4473-b61f-5636a3439343,1,3937.567164
2026/02/05/00:25:10,running-time,rs-003839-xgczt,77c72517-c5aa-4473-b61f-5636a3439343,1,3937.567164
2026/02/05/00:25:10,apply-time,rs-003840-ckn7g,1642c825-9e8a-4ec3-8b81-a1ad8feade47,1,3937.567164
2026/02/05/00:25:10,running-time,rs-003840-ckn7g,1642c825-9e8a-4ec3-8b81-a1ad8feade47,1,3937.567164
2026/02/05/00:25:10,apply-time,rs-003841-qszdh,0261b782-c33e-45b2-8c17-bd57ac18e278,1,3937.567164
2026/02/05/00:25:12,apply-time,rs-003842-72jbc,5cee02ec-ad00-495d-9f08-817c778261fc,1,3938.567164
2026/02/05/00:25:12,running-time,rs-003842-72jbc,5cee02ec-ad00-495d-9f08-817c778261fc,1,3938.567164
2026/02/05/00:25:12,apply-time,rs-003842-wbq58,ed0de25d-5c9c-4364-a22a-81920163c6cc,1,3938.567164
2026/02/05/00:25:12,running-time,rs-003842-wbq58,ed0de25d-5c9c-4364-a22a-81920163c6cc,1,3938.567164
2026/02/05/00:25:12,apply-time,rs-003843-kwdxm,09b76696-6752-4c26-8595-903672faa7d8,1,3938.567164
2026/02/05/00:25:12,apply-time,rs-003844-nhs6k,7b1966d1-b312-4c69-95a7-0811a94c74e9,1,3938.567164
2026/02/05/00:25:12,running-time,rs-003844-nhs6k,7b1966d1-b312-4c69-95a7-0811a94c74e9,1,3938.567164
2026/02/05/00:25:12,apply-time,rs-003844-t5bxv,2d4fbb16-b528-4aa7-bf75-71e6da7c6221,1,3938.567164
2026/02/05/00:25:12,running-time,rs-003844-t5bxv,2d4fbb16-b528-4aa7-bf75-71e6da7c6221,1,3938.567164
2026/02/05/00:25:12,apply-time,rs-003845-96bsf,0314c62b-cad7-4a9a-a8a4-3462fda4d58f,1,3938.567164
2026/02/05/00:25:12,apply-time,rs-003845-fsh5s,ec09ee20-7bca-4053-842a-4a497b42073f,1,3938.567164
2026/02/05/00:25:12,apply-time,rs-003845-t4tj9,9ca87b63-e411-4898-953f-d74afacef07c,1,3938.567164
2026/02/05/00:25:12,apply-time,rs-003846-j52wk,f76359d0-d3f9-4805-9e7d-e52ea22428ee,1,3938.567164
2026/02/05/00:25:12,running-time,rs-003846-j52wk,f76359d0-d3f9-4805-9e7d-e52ea22428ee,1,3938.567164
2026/02/05/00:25:12,apply-time,rs-003846-mwq8c,59ec7e70-0d9b-4bb7-85ea-5c60d1ba329f,1,3938.567164
2026/02/05/00:25:12,running-time,rs-003846-mwq8c,59ec7e70-0d9b-4bb7-85ea-5c60d1ba329f,1,3938.567164
2026/02/05/00:25:12,apply-time,rs-003847-k9sc9,5bd85dd4-63b8-46e2-8c54-cbad197c0313,1,3938.567164
2026/02/05/00:25:12,apply-time,rs-003848-dmtds,41a1ee61-58a2-4a1d-a693-ec60226e5018,1,3938.567164
2026/02/05/00:25:12,running-time,rs-003848-dmtds,41a1ee61-58a2-4a1d-a693-ec60226e5018,1,3938.567164
2026/02/05/00:25:13,running-time,rs-003843-kwdxm,09b76696-6752-4c26-8595-903672faa7d8,1,3939.567164
2026/02/05/00:25:13,running-time,rs-003847-k9sc9,5bd85dd4-63b8-46e2-8c54-cbad197c0313,1,3939.567164
2026/02/05/00:25:17,apply-time,rs-003849-bzzkh,63799750-caa8-4990-98d3-c4cf2383d5d7,1,3944.567164
2026/02/05/00:25:17,running-time,rs-003849-bzzkh,63799750-caa8-4990-98d3-c4cf2383d5d7,1,3944.567164
2026/02/05/00:25:17,apply-time,rs-003849-dzt8z,e34af36e-fe97-49dc-9e50-f2620129a886,1,3944.567164
2026/02/05/00:25:17,running-time,rs-003849-dzt8z,e34af36e-fe97-49dc-9e50-f2620129a886,1,3944.567164
2026/02/05/00:25:17,apply-time,rs-003849-rj6lc,729cb0d1-3205-49b7-9549-b467ae4bb22d,1,3944.567164
2026/02/05/00:25:17,running-time,rs-003849-rj6lc,729cb0d1-3205-49b7-9549-b467ae4bb22d,1,3944.567164
2026/02/05/00:25:17,apply-time,rs-003850-zrd69,937a87b1-ada0-4580-b428-6c1b86037b1e,1,3944.567164
2026/02/05/00:25:17,running-time,rs-003850-zrd69,937a87b1-ada0-4580-b428-6c1b86037b1e,1,3944.567164
2026/02/05/00:25:17,apply-time,rs-003851-8qv8p,27e00edc-ec0e-4c35-a952-e3a45a5e580a,1,3944.567164
2026/02/05/00:25:17,apply-time,rs-003851-csxph,513f4de7-18b6-40d5-9810-cd7b3f4fca50,1,3944.567164
2026/02/05/00:25:22,running-time,rs-003851-csxph,513f4de7-18b6-40d5-9810-cd7b3f4fca50,1,3949.567164
2026/02/05/00:25:30,apply-time,rs-003852-xl28c,58d9dd52-faed-4e9f-89ff-50e13fa15de2,1,3956.567164
2026/02/05/00:25:30,running-time,rs-003852-xl28c,58d9dd52-faed-4e9f-89ff-50e13fa15de2,1,3956.567164
2026/02/05/00:25:30,apply-time,rs-003853-9vwg9,0922e8ae-8c96-43a3-8ac9-8eae61c36eb9,1,3956.567164
2026/02/05/00:25:30,running-time,rs-003853-9vwg9,0922e8ae-8c96-43a3-8ac9-8eae61c36eb9,1,3957.567164
2026/02/05/00:25:30,apply-time,rs-003854-bgxmf,69229589-6320-4c09-8647-9de33635a379,1,3956.567164
2026/02/05/00:25:30,running-time,rs-003854-bgxmf,69229589-6320-4c09-8647-9de33635a379,1,3956.567164
2026/02/05/00:25:30,apply-time,rs-003855-4pmtn,723ff688-045e-4602-bc4f-4a1b00daa471,1,3956.567164
2026/02/05/00:25:30,running-time,rs-003855-4pmtn,723ff688-045e-4602-bc4f-4a1b00daa471,1,3956.567164
2026/02/05/00:25:30,apply-time,rs-003855-fdzlk,72d9fb36-c6a9-4bd4-9f60-06c4fd1bef68,1,3956.567164
2026/02/05/00:25:30,running-time,rs-003855-fdzlk,72d9fb36-c6a9-4bd4-9f60-06c4fd1bef68,1,3956.567164
2026/02/05/00:25:30,apply-time,rs-003855-jzdvx,7e2c1edd-3d5a-4410-a1b1-bab30c67d605,1,3956.567164
2026/02/05/00:25:30,running-time,rs-003855-jzdvx,7e2c1edd-3d5a-4410-a1b1-bab30c67d605,1,3956.567164
2026/02/05/00:25:30,apply-time,rs-003856-m9455,494da89e-a79e-4b25-98dc-6e97e31e72a7,1,3956.567164
2026/02/05/00:25:30,apply-time,rs-003856-xlr6w,456089b5-1cfa-4f34-ae44-96e0b450f37b,1,3956.567164
2026/02/05/00:25:30,apply-time,rs-003857-t4wx7,e58716cb-038d-4aab-a38b-a7c3974423c7,1,3957.567164
2026/02/05/00:25:30,running-time,rs-003857-t4wx7,e58716cb-038d-4aab-a38b-a7c3974423c7,1,3957.567164
2026/02/05/00:25:30,apply-time,rs-003858-pkbm7,7f264744-4432-4a33-a86b-76f3f93c29c1,1,3957.567164
2026/02/05/00:25:30,apply-time,rs-003858-rpfkn,89c81d09-aea8-462b-97b8-35eea56b8038,1,3957.567164
2026/02/05/00:25:30,apply-time,rs-003858-wpq2c,99294737-b4c4-4acc-b711-c4bf4e126645,1,3957.567164
2026/02/05/00:25:30,running-time,rs-003858-wpq2c,99294737-b4c4-4acc-b711-c4bf4e126645,1,3957.567164
2026/02/05/00:25:32,running-time,rs-003858-pkbm7,7f264744-4432-4a33-a86b-76f3f93c29c1,1,3958.567164
2026/02/05/00:25:33,running-time,rs-003858-rpfkn,89c81d09-aea8-462b-97b8-35eea56b8038,1,3960.567164
2026/02/05/00:25:40,running-time,rs-003856-m9455,494da89e-a79e-4b25-98dc-6e97e31e72a7,1,3966.567164
2026/02/05/00:25:40,running-time,rs-003856-xlr6w,456089b5-1cfa-4f34-ae44-96e0b450f37b,1,3966.567164
2026/02/05/00:25:44,apply-time,rs-003859-2qn42,84acaa9b-c3d9-4e2d-9e13-81c23ff204cd,1,3970.567164
2026/02/05/00:25:44,running-time,rs-003859-2qn42,84acaa9b-c3d9-4e2d-9e13-81c23ff204cd,1,3970.567164
2026/02/05/00:25:44,apply-time,rs-003859-5fxn4,cb4ce72d-f717-4670-bb64-8a0bac578137,1,3970.567164
2026/02/05/00:25:44,running-time,rs-003859-5fxn4,cb4ce72d-f717-4670-bb64-8a0bac578137,1,3970.567164
2026/02/05/00:25:44,apply-time,rs-003859-9s2jp,35335714-48a8-4c31-846f-6ec6ce0e75a9,1,3970.567164
2026/02/05/00:25:44,running-time,rs-003859-9s2jp,35335714-48a8-4c31-846f-6ec6ce0e75a9,1,3970.567164
2026/02/05/00:25:44,apply-time,rs-003860-6fq8z,0690a587-913f-47f5-b1a7-fdb268daa766,1,3970.567164
2026/02/05/00:25:44,running-time,rs-003860-6fq8z,0690a587-913f-47f5-b1a7-fdb268daa766,1,3971.567164
2026/02/05/00:25:44,apply-time,rs-003860-lg927,0b4bcf7a-6774-4ab6-944d-e0f413fd75a2,1,3970.567164
2026/02/05/00:25:44,running-time,rs-003860-lg927,0b4bcf7a-6774-4ab6-944d-e0f413fd75a2,1,3971.567164
2026/02/05/00:25:44,apply-time,rs-003860-nl6xv,e2d55b66-2276-4290-9fe6-fcbb2dfd2a36,1,3970.567164
2026/02/05/00:25:44,running-time,rs-003860-nl6xv,e2d55b66-2276-4290-9fe6-fcbb2dfd2a36,1,3971.567164
2026/02/05/00:25:44,apply-time,rs-003861-4lk9g,7f7e1909-5f14-4fad-a1a7-8d6b75c62c80,1,3971.567164
2026/02/05/00:25:44,apply-time,rs-003862-2pwbc,52384942-4782-4795-86ae-8e9136742aa9,1,3971.567164
2026/02/05/00:25:44,running-time,rs-003862-2pwbc,52384942-4782-4795-86ae-8e9136742aa9,1,3971.567164
2026/02/05/00:25:44,apply-time,rs-003862-tk8wh,0db634a7-59a4-4d4c-990e-1652b5a3a15a,1,3971.567164
2026/02/05/00:25:44,running-time,rs-003862-tk8wh,0db634a7-59a4-4d4c-990e-1652b5a3a15a,1,3971.567164
2026/02/05/00:25:44,apply-time,rs-003863-fmpvl,190bb1b7-04be-48b9-b179-e46f823d4c9c,1,3971.567164
2026/02/05/00:25:45,apply-time,rs-003864-m4nzn,f0a99401-18c6-4d39-9926-e90deebf68ef,1,3971.567164
2026/02/05/00:25:45,apply-time,rs-003865-92bf2,a4d27161-5926-4e71-ab9f-2adac7c479e7,1,3971.567164
2026/02/05/00:25:45,running-time,rs-003865-92bf2,a4d27161-5926-4e71-ab9f-2adac7c479e7,1,3971.567164
2026/02/05/00:25:45,apply-time,rs-003865-ktrcv,320c5f5e-f9d3-48eb-87c3-7d0343f02b7c,1,3971.567164
2026/02/05/00:25:45,running-time,rs-003865-ktrcv,320c5f5e-f9d3-48eb-87c3-7d0343f02b7c,1,3971.567164
2026/02/05/00:25:45,apply-time,rs-003866-6ldgg,f75fd6e6-6b79-4f65-a61c-2759babb4e41,1,3971.567164
2026/02/05/00:25:45,running-time,rs-003866-6ldgg,f75fd6e6-6b79-4f65-a61c-2759babb4e41,1,3971.567164
2026/02/05/00:25:45,apply-time,rs-003866-gnjt5,870fefeb-aa38-4b87-ae93-cd5f9dca2f44,1,3971.567164
2026/02/05/00:25:45,running-time,rs-003866-gnjt5,870fefeb-aa38-4b87-ae93-cd5f9dca2f44,1,3971.567164
2026/02/05/00:25:45,apply-time,rs-003866-rq5xg,59ee3db5-a377-429b-9fbc-a7a77aa69206,1,3971.567164
2026/02/05/00:25:45,running-time,rs-003866-rq5xg,59ee3db5-a377-429b-9fbc-a7a77aa69206,1,3971.567164
2026/02/05/00:25:47,running-time,rs-003864-m4nzn,f0a99401-18c6-4d39-9926-e90deebf68ef,1,3973.567164
2026/02/05/00:25:48,apply-time,rs-003867-5drx5,2155cbbe-4063-4d16-ba12-c1522f116057,1,3974.567164
2026/02/05/00:25:48,running-time,rs-003867-5drx5,2155cbbe-4063-4d16-ba12-c1522f116057,1,3974.567164
2026/02/05/00:25:48,apply-time,rs-003867-97rg2,66f744cc-bb38-450e-8bb0-93b9937c3dc7,1,3974.567164
2026/02/05/00:25:48,running-time,rs-003867-97rg2,66f744cc-bb38-450e-8bb0-93b9937c3dc7,1,3974.567164
2026/02/05/00:25:48,apply-time,rs-003868-jzp7q,c112a373-bcb6-477c-97e9-51d627d95926,1,3974.567164
2026/02/05/00:25:48,apply-time,rs-003869-v7qls,2a0d6db5-323f-4aff-943e-5cfb35ccf107,1,3974.567164
2026/02/05/00:25:48,apply-time,rs-003870-nklbh,1feab672-d153-46c4-919a-44fa7d3e0eb6,1,3974.567164
2026/02/05/00:25:48,running-time,rs-003870-nklbh,1feab672-d153-46c4-919a-44fa7d3e0eb6,1,3975.567164
2026/02/05/00:25:48,apply-time,rs-003871-gsvpw,b57d2781-a4ad-4fa6-a8a1-a29720e3b272,1,3974.567164
2026/02/05/00:25:48,apply-time,rs-003871-lrstr,fcb63e43-c8ca-4d6b-9e7d-75c4557e0e93,1,3974.567164
2026/02/05/00:25:48,apply-time,rs-003872-5dl6k,3c0f15d8-cfc3-492d-96df-08e88cb9f5aa,1,3974.567164
2026/02/05/00:25:48,running-time,rs-003872-5dl6k,3c0f15d8-cfc3-492d-96df-08e88cb9f5aa,1,3974.567164
2026/02/05/00:25:48,apply-time,rs-003872-pbtx6,29d66aad-faab-49be-9b10-46253ae7e926,1,3975.567164
2026/02/05/00:25:48,running-time,rs-003872-pbtx6,29d66aad-faab-49be-9b10-46253ae7e926,1,3975.567164
2026/02/05/00:25:48,apply-time,rs-003873-4lb7w,e4cf4ee0-61db-45e5-9754-ad89160a9454,1,3974.567164
2026/02/05/00:25:51,apply-time,rs-003874-g5k58,b1e6611b-0793-49f9-ab64-c1a7bbea9e9b,1,3978.567164
2026/02/05/00:25:51,running-time,rs-003874-g5k58,b1e6611b-0793-49f9-ab64-c1a7bbea9e9b,1,3978.567164
2026/02/05/00:25:53,apply-time,rs-003875-2qrbn,8cb4be40-905a-4131-89e6-7cfc0fa37a7e,1,3979.567164
2026/02/05/00:25:53,apply-time,rs-003875-9mvdr,883e8dc9-3bd9-47ee-8add-02b1365fb895,1,3979.567164
2026/02/05/00:25:53,apply-time,rs-003875-djh9g,9fec5e11-66f8-48df-b61f-40493943eacc,1,3979.567164
2026/02/05/00:25:53,apply-time,rs-003876-8f5g4,676cba89-1b78-4da1-b267-6a8c1b1be98f,1,3979.567164
2026/02/05/00:25:53,running-time,rs-003876-8f5g4,676cba89-1b78-4da1-b267-6a8c1b1be98f,1,3979.567164
2026/02/05/00:25:53,apply-time,rs-003876-kmx4h,132512b3-a23d-4fbc-8396-8a1e76e3ed56,1,3979.567164
2026/02/05/00:25:53,running-time,rs-003876-kmx4h,132512b3-a23d-4fbc-8396-8a1e76e3ed56,1,3979.567164
2026/02/05/00:25:53,apply-time,rs-003876-njfd6,206d0f13-ecf6-4ec3-8ac1-0189e3713aa0,1,3979.567164
2026/02/05/00:25:53,running-time,rs-003876-njfd6,206d0f13-ecf6-4ec3-8ac1-0189e3713aa0,1,3979.567164
2026/02/05/00:25:53,apply-time,rs-003877-767qq,8401b439-ef99-422b-98c7-bee6e14bc469,1,3980.567164
2026/02/05/00:25:53,running-time,rs-003877-767qq,8401b439-ef99-422b-98c7-bee6e14bc469,1,3980.567164
2026/02/05/00:25:53,apply-time,rs-003877-9n9hp,ca035d11-977c-46d6-99e0-72df1fadaf1f,1,3980.567164
2026/02/05/00:25:53,running-time,rs-003877-9n9hp,ca035d11-977c-46d6-99e0-72df1fadaf1f,1,3980.567164
2026/02/05/00:25:53,apply-time,rs-003878-28qw8,0f6cf6ad-d10c-4337-84fd-06a37687c36d,1,3980.567164
2026/02/05/00:25:53,running-time,rs-003878-28qw8,0f6cf6ad-d10c-4337-84fd-06a37687c36d,1,3980.567164
2026/02/05/00:25:53,apply-time,rs-003879-gmn2b,4e3eb308-bd4e-41a8-935e-3290e8432565,1,3980.567164
2026/02/05/00:25:53,apply-time,rs-003879-l9czj,2a36535f-c7a5-425c-b20b-6d587d6bca51,1,3980.567164
2026/02/05/00:25:53,apply-time,rs-003880-fvlmg,37636574-f06e-440f-b683-61efaab83a0d,1,3980.567164
2026/02/05/00:25:53,apply-time,rs-003880-k5lmr,db89f89d-f666-43b5-ae80-4b0ff4e9c1f2,1,3980.567164
2026/02/05/00:25:53,apply-time,rs-003880-t7zkn,d35b8e2a-9019-4548-9e80-cc8ef724b75b,1,3980.567164
2026/02/05/00:25:53,running-time,rs-003880-t7zkn,d35b8e2a-9019-4548-9e80-cc8ef724b75b,1,3980.567164
2026/02/05/00:25:53,apply-time,rs-003881-77qp5,6c5ae11d-5dee-4d20-bbd4-982650398346,1,3980.567164
2026/02/05/00:25:53,running-time,rs-003881-77qp5,6c5ae11d-5dee-4d20-bbd4-982650398346,1,3980.567164
2026/02/05/00:25:54,apply-time,rs-003881-vdc8b,71d7186e-19ef-4608-bae0-7f93c10ed1af,1,3980.567164
2026/02/05/00:25:54,running-time,rs-003881-vdc8b,71d7186e-19ef-4608-bae0-7f93c10ed1af,1,3980.567164
2026/02/05/00:25:54,apply-time,rs-003882-psv5b,e55f82a9-fa93-4517-88c5-2c49432d77b1,1,3980.567164
2026/02/05/00:25:54,apply-time,rs-003882-qvjwl,7c3f7b74-f7ce-434a-a816-450a67c168c1,1,3981.567164
2026/02/05/00:25:54,apply-time,rs-003883-66vtk,3cc6728a-006c-4af3-867b-1481c1041b86,1,3980.567164
2026/02/05/00:25:54,running-time,rs-003883-66vtk,3cc6728a-006c-4af3-867b-1481c1041b86,1,3980.567164
2026/02/05/00:25:54,apply-time,rs-003883-pw48z,aca185a4-17e0-4442-8319-1fc128382331,1,3980.567164
2026/02/05/00:25:54,running-time,rs-003883-pw48z,aca185a4-17e0-4442-8319-1fc128382331,1,3980.567164
2026/02/05/00:25:54,apply-time,rs-003883-qtj29,b318c939-cbac-43f5-9192-adde3d6f530e,1,3980.567164
2026/02/05/00:25:54,apply-time,rs-003884-4c4gs,db716846-a428-4d3c-aa33-61d4ed079662,1,3980.567164
2026/02/05/00:25:54,apply-time,rs-003885-8w49c,ada274f3-c560-454a-9a6f-f3ea028b60f2,1,3981.567164
2026/02/05/00:25:55,running-time,rs-003885-8w49c,ada274f3-c560-454a-9a6f-f3ea028b60f2,1,3982.567164
2026/02/05/00:25:55,apply-time,rs-003887-dksvt,9d02dccf-2001-4f6b-99e1-2228bc0ee5f2,1,3981.567164
2026/02/05/00:25:55,apply-time,rs-003887-lgbls,528a82cc-14b1-44df-84f3-82aeb7f0b70d,1,3981.567164
2026/02/05/00:25:55,apply-time,rs-003887-qlg8m,447cce6e-5e4f-4482-b854-3a16e230327f,1,3981.567164
2026/02/05/00:25:55,apply-time,rs-003888-xrhs8,bc18e7fc-4abe-45ea-aa91-dbba8629585e,1,3981.567164
2026/02/05/00:25:55,running-time,rs-003888-xrhs8,bc18e7fc-4abe-45ea-aa91-dbba8629585e,1,3981.567164
2026/02/05/00:25:55,apply-time,rs-003889-gxlq4,67ce4e6b-dfec-4aea-a1d9-e9f4a1e25b57,1,3981.567164
2026/02/05/00:25:55,running-time,rs-003889-gxlq4,67ce4e6b-dfec-4aea-a1d9-e9f4a1e25b57,1,3982.567164
2026/02/05/00:25:55,apply-time,rs-003890-56ctk,6fa26d43-d8f0-40f2-bbea-8e6ee7a09d60,1,3981.567164
2026/02/05/00:25:56,running-time,rs-003884-4c4gs,db716846-a428-4d3c-aa33-61d4ed079662,1,3982.567164
2026/02/05/00:25:56,running-time,rs-003887-dksvt,9d02dccf-2001-4f6b-99e1-2228bc0ee5f2,1,3982.567164
2026/02/05/00:25:56,running-time,rs-003887-lgbls,528a82cc-14b1-44df-84f3-82aeb7f0b70d,1,3982.567164
2026/02/05/00:25:56,running-time,rs-003887-qlg8m,447cce6e-5e4f-4482-b854-3a16e230327f,1,3982.567164
2026/02/05/00:25:56,running-time,rs-003890-56ctk,6fa26d43-d8f0-40f2-bbea-8e6ee7a09d60,1,3982.567164
2026/02/05/00:26:00,apply-time,rs-003891-dc7sx,357739c6-79e6-4ad1-b0c6-ded294bd8c33,1,3987.567164
2026/02/05/00:26:00,apply-time,rs-003892-dfv4p,49aba338-56cd-48da-a059-12d269fba4bf,1,3987.567164
2026/02/05/00:26:00,running-time,rs-003892-dfv4p,49aba338-56cd-48da-a059-12d269fba4bf,1,3987.567164
2026/02/05/00:26:00,apply-time,rs-003893-f8cjf,d765049f-2110-4eee-a5ee-900f93fe2137,1,3987.567164
2026/02/05/00:26:00,running-time,rs-003893-f8cjf,d765049f-2110-4eee-a5ee-900f93fe2137,1,3987.567164
2026/02/05/00:26:00,apply-time,rs-003893-hpv7t,94221425-cce5-4144-9b74-2ca5023f79cb,1,3987.567164
2026/02/05/00:26:00,running-time,rs-003893-hpv7t,94221425-cce5-4144-9b74-2ca5023f79cb,1,3987.567164
2026/02/05/00:26:00,apply-time,rs-003894-h99lw,7d40dbfe-716b-492a-bb11-1bf61cfaa673,1,3987.567164
2026/02/05/00:26:00,apply-time,rs-003894-p9m8x,732adb58-b385-40b6-8274-8c737dbe1c79,1,3987.567164
2026/02/05/00:26:00,apply-time,rs-003894-zlrt9,14458460-c9ce-42ec-a684-bf09131e8732,1,3987.567164
2026/02/05/00:26:00,apply-time,rs-003895-sph9z,d6adde78-29e3-43f0-bc7a-a036eff00728,1,3987.567164
2026/02/05/00:26:00,running-time,rs-003895-sph9z,d6adde78-29e3-43f0-bc7a-a036eff00728,1,3987.567164
2026/02/05/00:26:01,running-time,rs-003894-h99lw,7d40dbfe-716b-492a-bb11-1bf61cfaa673,1,3987.567164
2026/02/05/00:26:01,apply-time,rs-003896-dmp2x,a4ebdb89-d9a4-4984-afe4-1401e959b5b5,1,3988.567164
2026/02/05/00:26:01,running-time,rs-003896-dmp2x,a4ebdb89-d9a4-4984-afe4-1401e959b5b5,1,3988.567164
2026/02/05/00:26:01,apply-time,rs-003896-h6ppn,b2923816-5ce2-4599-a304-1ebba9579756,1,3988.567164
2026/02/05/00:26:01,apply-time,rs-003896-wq76x,360bcdae-d154-47b8-a203-48efe79a2ed7,1,3988.567164
2026/02/05/00:26:01,apply-time,rs-003897-ckhw9,3650e819-e880-4158-bb9e-d37cb9d37b47,1,3988.567164
2026/02/05/00:26:01,apply-time,rs-003897-l8lb5,0c67aac3-acea-4020-ba11-4344c3099b51,1,3988.567164
2026/02/05/00:26:03,running-time,rs-003896-h6ppn,b2923816-5ce2-4599-a304-1ebba9579756,1,3989.567164
2026/02/05/00:26:03,running-time,rs-003896-wq76x,360bcdae-d154-47b8-a203-48efe79a2ed7,1,3989.567164
2026/02/05/00:26:04,running-time,rs-003897-l8lb5,0c67aac3-acea-4020-ba11-4344c3099b51,1,3991.567164
2026/02/05/00:26:05,running-time,rs-003869-v7qls,2a0d6db5-323f-4aff-943e-5cfb35ccf107,1,3991.567164
2026/02/05/00:26:05,running-time,rs-003891-dc7sx,357739c6-79e6-4ad1-b0c6-ded294bd8c33,1,3991.567164
2026/02/05/00:26:11,apply-time,rs-003898-6gxjs,7c24c410-f2c8-41dc-a717-573dc0e23965,1,3997.567164
2026/02/05/00:26:11,running-time,rs-003898-6gxjs,7c24c410-f2c8-41dc-a717-573dc0e23965,1,3997.567164
2026/02/05/00:26:11,apply-time,rs-003898-jvpr7,a535e7f7-5f00-469c-9b4b-e90a4ca797a1,1,3997.567164
2026/02/05/00:26:11,running-time,rs-003898-jvpr7,a535e7f7-5f00-469c-9b4b-e90a4ca797a1,1,3997.567164
2026/02/05/00:26:11,apply-time,rs-003898-xgnjm,2ff3f307-494d-4762-be99-e131dc92f686,1,3997.567164
2026/02/05/00:26:11,running-time,rs-003898-xgnjm,2ff3f307-494d-4762-be99-e131dc92f686,1,3997.567164
2026/02/05/00:26:11,apply-time,rs-003899-7tlmr,76949153-55fb-48c3-8236-2075424cf0db,1,3997.567164
2026/02/05/00:26:11,running-time,rs-003899-7tlmr,76949153-55fb-48c3-8236-2075424cf0db,1,3997.567164
2026/02/05/00:26:11,apply-time,rs-003899-879dp,c45b863e-d5d5-4681-993f-ffeba9dfcd68,1,3997.567164
2026/02/05/00:26:11,running-time,rs-003899-879dp,c45b863e-d5d5-4681-993f-ffeba9dfcd68,1,3997.567164
2026/02/05/00:26:11,apply-time,rs-003900-jwzfj,cde895e0-d393-4368-a062-57aeb28a8524,1,3997.567164
2026/02/05/00:26:11,running-time,rs-003900-jwzfj,cde895e0-d393-4368-a062-57aeb28a8524,1,3997.567164
2026/02/05/00:26:11,apply-time,rs-003901-4rz9l,dd840e7f-85b7-4e3e-a700-b10ab3369ba4,1,3997.567164
2026/02/05/00:26:11,apply-time,rs-003901-cjhx5,10f31e10-e700-4647-b27a-46e329018a8d,1,3997.567164
2026/02/05/00:26:11,apply-time,rs-003902-f2nbc,b9581eff-5e08-4ea2-a9b9-19c4b4a21e23,1,3998.567164
2026/02/05/00:26:11,running-time,rs-003902-f2nbc,b9581eff-5e08-4ea2-a9b9-19c4b4a21e23,1,3998.567164
2026/02/05/00:26:11,apply-time,rs-003903-w29r9,52fa2cea-b0ff-405a-a4ab-9940cbe3da43,1,3998.567164
2026/02/05/00:26:11,running-time,rs-003903-w29r9,52fa2cea-b0ff-405a-a4ab-9940cbe3da43,1,3998.567164
2026/02/05/00:26:11,apply-time,rs-003904-tq4mx,a76691d1-95f0-4c11-a521-e4d442476645,1,3998.567164
2026/02/05/00:26:13,running-time,rs-003901-4rz9l,dd840e7f-85b7-4e3e-a700-b10ab3369ba4,1,4000.567164
2026/02/05/00:26:16,running-time,rs-003901-cjhx5,10f31e10-e700-4647-b27a-46e329018a8d,1,4003.567164
2026/02/05/00:26:22,apply-time,rs-003905-6dhz9,b58b78bc-994a-4570-8f77-60e55f49d743,1,4008.567164
2026/02/05/00:26:22,running-time,rs-003905-6dhz9,b58b78bc-994a-4570-8f77-60e55f49d743,1,4008.567164
2026/02/05/00:26:22,apply-time,rs-003905-85mgw,026a2e97-aa8c-40c3-a971-441c6cf60a93,1,4008.567164
2026/02/05/00:26:22,running-time,rs-003905-85mgw,026a2e97-aa8c-40c3-a971-441c6cf60a93,1,4008.567164
2026/02/05/00:26:22,apply-time,rs-003905-m5h79,ead563be-d0a1-4726-81d1-83594faf35e0,1,4008.567164
2026/02/05/00:26:22,running-time,rs-003905-m5h79,ead563be-d0a1-4726-81d1-83594faf35e0,1,4008.567164
2026/02/05/00:26:22,apply-time,rs-003906-6jkxp,ff10aa48-0066-4323-b2da-597f36b03aba,1,4008.567164
2026/02/05/00:26:22,running-time,rs-003906-6jkxp,ff10aa48-0066-4323-b2da-597f36b03aba,1,4008.567164
2026/02/05/00:26:22,apply-time,rs-003906-wbxk2,0bd96e67-8a52-45a9-b602-9f85a425bb23,1,4008.567164
2026/02/05/00:26:25,running-time,rs-003906-wbxk2,0bd96e67-8a52-45a9-b602-9f85a425bb23,1,4011.567164
2026/02/05/00:26:31,apply-time,rs-003907-42ns2,7e47596d-85ac-40a6-a620-11fa95da3cb7,1,4018.567164
2026/02/05/00:26:31,running-time,rs-003907-42ns2,7e47596d-85ac-40a6-a620-11fa95da3cb7,1,4018.567164
2026/02/05/00:26:31,apply-time,rs-003907-cctmk,25a5a0cd-915b-47bf-aa15-e76e6202dff0,1,4018.567164
2026/02/05/00:26:31,running-time,rs-003907-cctmk,25a5a0cd-915b-47bf-aa15-e76e6202dff0,1,4018.567164
2026/02/05/00:26:31,apply-time,rs-003907-hd9sk,680ad4c9-f1af-4a9d-a795-632827b48e37,1,4018.567164
2026/02/05/00:26:31,running-time,rs-003907-hd9sk,680ad4c9-f1af-4a9d-a795-632827b48e37,1,4018.567164
2026/02/05/00:26:37,apply-time,rs-003908-2wn4f,1efbc9bb-0541-47eb-b541-ee657acb35e1,1,4024.567164
2026/02/05/00:26:37,running-time,rs-003908-2wn4f,1efbc9bb-0541-47eb-b541-ee657acb35e1,1,4024.567164
2026/02/05/00:26:37,apply-time,rs-003908-txrtd,a3475aef-8705-4e64-b5eb-021e5e6b75e3,1,4024.567164
2026/02/05/00:26:37,running-time,rs-003908-txrtd,a3475aef-8705-4e64-b5eb-021e5e6b75e3,1,4024.567164
2026/02/05/00:26:37,apply-time,rs-003908-vwsgd,61c6cbcf-7e02-4fdf-abab-75e4e22122bf,1,4024.567164
2026/02/05/00:26:37,running-time,rs-003908-vwsgd,61c6cbcf-7e02-4fdf-abab-75e4e22122bf,1,4024.567164
2026/02/05/00:26:37,apply-time,rs-003909-2dbhl,26ab455d-54a8-4312-b180-e5159ae88f65,1,4024.567164
2026/02/05/00:26:37,running-time,rs-003909-2dbhl,26ab455d-54a8-4312-b180-e5159ae88f65,1,4024.567164
2026/02/05/00:26:37,apply-time,rs-003910-45tq6,dd66feb6-37b8-4f8f-b820-0b21f5a3caab,1,4024.567164
2026/02/05/00:26:37,apply-time,rs-003910-gx69t,38aa6382-b867-458b-8bff-982ed7bd9ef3,1,4024.567164
2026/02/05/00:26:37,apply-time,rs-003910-psh2l,62410109-67bd-4fcd-96bf-df82c213b10f,1,4024.567164
2026/02/05/00:26:37,running-time,rs-003910-psh2l,62410109-67bd-4fcd-96bf-df82c213b10f,1,4024.567164
2026/02/05/00:26:37,apply-time,rs-003911-gfs8v,f6499999-3b96-4694-8ac9-e7111db2242f,1,4024.567164
2026/02/05/00:26:38,running-time,rs-003910-45tq6,dd66feb6-37b8-4f8f-b820-0b21f5a3caab,1,4024.567164
2026/02/05/00:26:38,running-time,rs-003910-gx69t,38aa6382-b867-458b-8bff-982ed7bd9ef3,1,4024.567164
2026/02/05/00:26:38,running-time,rs-003911-gfs8v,f6499999-3b96-4694-8ac9-e7111db2242f,1,4024.567164
2026/02/05/00:26:38,apply-time,rs-003912-cgqnh,d73d1586-ea05-4b8e-af53-0f12a0ab889e,1,4024.567164
2026/02/05/00:26:38,running-time,rs-003912-cgqnh,d73d1586-ea05-4b8e-af53-0f12a0ab889e,1,4024.567164
2026/02/05/00:26:38,apply-time,rs-003912-mr5mk,2d2c1601-8354-4848-996c-c35f6ecb9076,1,4024.567164
2026/02/05/00:26:38,running-time,rs-003912-mr5mk,2d2c1601-8354-4848-996c-c35f6ecb9076,1,4024.567164
2026/02/05/00:26:38,apply-time,rs-003912-zglgq,38245f4f-93b1-463d-9e20-6198f7cb090c,1,4024.567164
2026/02/05/00:26:38,apply-time,rs-003913-tchd2,95d3f6a4-e201-4cd8-bc15-d4691bdb55c0,1,4024.567164
2026/02/05/00:26:38,running-time,rs-003913-tchd2,95d3f6a4-e201-4cd8-bc15-d4691bdb55c0,1,4024.567164
2026/02/05/00:26:39,apply-time,rs-003914-7vx4w,7f5d328f-4556-4ef9-bdc4-0440e1dc8986,1,4025.567164
2026/02/05/00:26:39,running-time,rs-003914-7vx4w,7f5d328f-4556-4ef9-bdc4-0440e1dc8986,1,4025.567164
2026/02/05/00:26:39,apply-time,rs-003915-bn8l5,8572849d-0dbd-4a8d-9668-3159f0275939,1,4025.567164
2026/02/05/00:26:39,running-time,rs-003915-bn8l5,8572849d-0dbd-4a8d-9668-3159f0275939,1,4025.567164
2026/02/05/00:26:39,apply-time,rs-003915-jdjwh,b55159ce-2104-40b0-979c-17e9cfb9186c,1,4025.567164
2026/02/05/00:26:39,running-time,rs-003915-jdjwh,b55159ce-2104-40b0-979c-17e9cfb9186c,1,4025.567164
2026/02/05/00:26:39,apply-time,rs-003915-pk6ls,ca884759-a2b1-47a1-9aa0-9c533a703d51,1,4025.567164
2026/02/05/00:26:39,running-time,rs-003915-pk6ls,ca884759-a2b1-47a1-9aa0-9c533a703d51,1,4025.567164
2026/02/05/00:26:39,apply-time,rs-003916-2wwjz,6b99ad81-2189-40cf-8a73-1ba780e3b1a0,1,4025.567164
2026/02/05/00:26:39,running-time,rs-003916-2wwjz,6b99ad81-2189-40cf-8a73-1ba780e3b1a0,1,4025.567164
2026/02/05/00:26:39,apply-time,rs-003917-s85xj,26688fc5-4fef-4b87-a24a-a96ea589ae38,1,4025.567164
2026/02/05/00:26:40,running-time,rs-003917-s85xj,26688fc5-4fef-4b87-a24a-a96ea589ae38,1,4026.567164
2026/02/05/00:26:40,apply-time,rs-003918-gmsbh,75846261-93f6-476f-81ce-d042506c3600,1,4026.567164
2026/02/05/00:26:40,running-time,rs-003918-gmsbh,75846261-93f6-476f-81ce-d042506c3600,1,4026.567164
2026/02/05/00:26:40,apply-time,rs-003919-9mbsm,697d437e-7b20-48ed-abcb-2143f62237d6,1,4026.567164
2026/02/05/00:26:40,running-time,rs-003919-9mbsm,697d437e-7b20-48ed-abcb-2143f62237d6,1,4026.567164
2026/02/05/00:26:40,apply-time,rs-003919-mmztl,e7314b2d-a583-4ce7-9cf0-c2e3759c3b20,1,4026.567164
2026/02/05/00:26:40,running-time,rs-003919-mmztl,e7314b2d-a583-4ce7-9cf0-c2e3759c3b20,1,4026.567164
2026/02/05/00:26:41,apply-time,rs-003920-thhdb,b9273b30-2ba6-4fed-b5a5-6c828d03b83c,1,4027.567164
2026/02/05/00:26:41,running-time,rs-003920-thhdb,b9273b30-2ba6-4fed-b5a5-6c828d03b83c,1,4027.567164
2026/02/05/00:26:42,apply-time,rs-003921-qj6sl,ff3c07e3-de76-4b1e-a74b-b62aa67f0039,1,4028.567164
2026/02/05/00:26:42,running-time,rs-003921-qj6sl,ff3c07e3-de76-4b1e-a74b-b62aa67f0039,1,4028.567164
2026/02/05/00:26:42,apply-time,rs-003921-rbhvm,59651206-d662-44b4-9ca1-908e81f0427d,1,4028.567164
2026/02/05/00:26:42,running-time,rs-003921-rbhvm,59651206-d662-44b4-9ca1-908e81f0427d,1,4028.567164
2026/02/05/00:26:44,apply-time,rs-003922-8ftrz,6bf8c7cb-010c-4f0d-9c57-db6fb6e4132d,1,4031.567164
2026/02/05/00:26:44,running-time,rs-003922-8ftrz,6bf8c7cb-010c-4f0d-9c57-db6fb6e4132d,1,4031.567164
2026/02/05/00:26:44,apply-time,rs-003922-dvdjp,ce17b14c-0d10-4f0a-96ff-f102a0fb9972,1,4031.567164
2026/02/05/00:26:44,running-time,rs-003922-dvdjp,ce17b14c-0d10-4f0a-96ff-f102a0fb9972,1,4031.567164
2026/02/05/00:26:52,apply-time,rs-003923-bhn7x,45addce0-34bf-4953-b2ee-c61a38d8de28,1,4038.567164
2026/02/05/00:26:52,running-time,rs-003923-bhn7x,45addce0-34bf-4953-b2ee-c61a38d8de28,1,4039.567164
2026/02/05/00:26:52,apply-time,rs-003923-r57bp,f4591a7f-8aae-41ed-9fd6-1ab532a4a61f,1,4038.567164
2026/02/05/00:26:52,running-time,rs-003923-r57bp,f4591a7f-8aae-41ed-9fd6-1ab532a4a61f,1,4039.567164
2026/02/05/00:26:52,apply-time,rs-003923-tr57m,71083e92-3f8c-4169-8392-98209ba48405,1,4038.567164
2026/02/05/00:26:52,running-time,rs-003923-tr57m,71083e92-3f8c-4169-8392-98209ba48405,1,4039.567164
2026/02/05/00:26:52,apply-time,rs-003924-fgxhk,5e585ec5-521f-4999-89d2-9fb886453e6f,1,4039.567164
2026/02/05/00:26:52,running-time,rs-003924-fgxhk,5e585ec5-521f-4999-89d2-9fb886453e6f,1,4039.567164
2026/02/05/00:26:52,apply-time,rs-003924-jpf4f,45bae2b8-1563-46e5-b54f-7362a1e01122,1,4039.567164
2026/02/05/00:26:52,running-time,rs-003924-jpf4f,45bae2b8-1563-46e5-b54f-7362a1e01122,1,4039.567164
2026/02/05/00:26:52,apply-time,rs-003924-kgbwp,a474ec67-1a6f-456b-9e2d-f9778a663fd7,1,4039.567164
2026/02/05/00:26:52,running-time,rs-003924-kgbwp,a474ec67-1a6f-456b-9e2d-f9778a663fd7,1,4039.567164
2026/02/05/00:26:52,apply-time,rs-003925-5llc9,1f740cba-224d-41c7-b615-b7001becb6da,1,4038.567164
2026/02/05/00:26:52,running-time,rs-003925-5llc9,1f740cba-224d-41c7-b615-b7001becb6da,1,4039.567164
2026/02/05/00:26:52,apply-time,rs-003926-4tvt7,b681e652-0b69-4d2b-8ea3-098d551999b2,1,4039.567164
2026/02/05/00:26:52,running-time,rs-003926-4tvt7,b681e652-0b69-4d2b-8ea3-098d551999b2,1,4039.567164
2026/02/05/00:26:52,apply-time,rs-003927-2vtgm,2cd6b328-a941-4327-8c70-1eba7e6f5827,1,4039.567164
2026/02/05/00:26:52,running-time,rs-003927-2vtgm,2cd6b328-a941-4327-8c70-1eba7e6f5827,1,4039.567164
2026/02/05/00:26:53,apply-time,rs-003927-lvc5l,d993af83-669f-4b14-89c5-32ae1065570d,1,4039.567164
2026/02/05/00:26:53,running-time,rs-003927-lvc5l,d993af83-669f-4b14-89c5-32ae1065570d,1,4039.567164
2026/02/05/00:26:53,apply-time,rs-003928-dvqmh,14ef558b-d196-44d8-8ef5-b796ecb0ef39,1,4039.567164
2026/02/05/00:26:53,apply-time,rs-003928-gjn9c,36fe7e8e-3100-49e5-9d43-a29c17917fc4,1,4040.567164
2026/02/05/00:26:53,apply-time,rs-003928-sht5j,5e27105d-7ab4-4389-8ddc-ad81fd2f81ea,1,4039.567164
2026/02/05/00:26:53,running-time,rs-003928-sht5j,5e27105d-7ab4-4389-8ddc-ad81fd2f81ea,1,4039.567164
2026/02/05/00:26:53,apply-time,rs-003929-5pwxq,7fbe80b3-5409-46bf-a40e-6dabe8f59680,1,4039.567164
2026/02/05/00:26:53,running-time,rs-003929-5pwxq,7fbe80b3-5409-46bf-a40e-6dabe8f59680,1,4039.567164
2026/02/05/00:26:53,apply-time,rs-003929-7dhgn,e7d97252-d8f4-4018-b53d-34b6af102fc3,1,4039.567164
2026/02/05/00:26:53,running-time,rs-003929-7dhgn,e7d97252-d8f4-4018-b53d-34b6af102fc3,1,4039.567164
2026/02/05/00:26:53,apply-time,rs-003929-pm59d,2f1a9499-8745-4a40-bd22-b7df8ea001b3,1,4039.567164
2026/02/05/00:26:53,running-time,rs-003929-pm59d,2f1a9499-8745-4a40-bd22-b7df8ea001b3,1,4039.567164
2026/02/05/00:26:53,apply-time,rs-003930-f8hzm,221b6c47-1485-4518-86d7-328d2388c52d,1,4040.567164
2026/02/05/00:26:53,apply-time,rs-003930-jlw48,11d8a5f9-c456-49ae-8b07-44351af9b4d9,1,4039.567164
2026/02/05/00:26:53,running-time,rs-003930-jlw48,11d8a5f9-c456-49ae-8b07-44351af9b4d9,1,4039.567164
2026/02/05/00:26:53,apply-time,rs-003931-czmgv,f9a8e145-6f12-4e95-90d9-1f98e168c43f,1,4040.567164
2026/02/05/00:26:53,running-time,rs-003931-czmgv,f9a8e145-6f12-4e95-90d9-1f98e168c43f,1,4040.567164
2026/02/05/00:26:53,apply-time,rs-003931-vx7hb,fac3d5af-9d82-4cf7-8b15-1015c6cf6486,1,4040.567164
2026/02/05/00:26:53,apply-time,rs-003932-bcvb4,ca868b5c-8ef8-4b2b-b916-fb304508a621,1,4040.567164
2026/02/05/00:26:53,running-time,rs-003932-bcvb4,ca868b5c-8ef8-4b2b-b916-fb304508a621,1,4040.567164
2026/02/05/00:26:54,apply-time,rs-003931-2lwsn,a35d5dce-51e9-4462-b251-9dc521d162cc,1,4040.567164
2026/02/05/00:26:54,running-time,rs-003931-2lwsn,a35d5dce-51e9-4462-b251-9dc521d162cc,1,4040.567164
2026/02/05/00:26:54,running-time,rs-003931-vx7hb,fac3d5af-9d82-4cf7-8b15-1015c6cf6486,1,4040.567164
2026/02/05/00:26:54,apply-time,rs-003933-dvqtb,69ac54e6-12af-411a-be28-9cac6a6c9fa1,1,4041.567164
2026/02/05/00:26:54,apply-time,rs-003933-qz29g,004d5f64-1000-4945-9e14-a475eb74c40d,1,4041.567164
2026/02/05/00:26:54,apply-time,rs-003934-4l6ft,d7b1d833-36a9-4ac5-8512-33f6f4812152,1,4041.567164
2026/02/05/00:26:54,apply-time,rs-003934-cgl7x,69baf16d-107e-475b-8c99-631a217f7545,1,4041.567164
2026/02/05/00:26:54,running-time,rs-003934-cgl7x,69baf16d-107e-475b-8c99-631a217f7545,1,4041.567164
2026/02/05/00:26:55,running-time,rs-003930-f8hzm,221b6c47-1485-4518-86d7-328d2388c52d,1,4041.567164
2026/02/05/00:26:55,apply-time,rs-003935-8j6mr,b9327063-daa9-466c-a1b6-15230227af5f,1,4041.567164
2026/02/05/00:26:55,apply-time,rs-003935-mq9bs,457ccc92-1a6d-4863-84ee-bd6c2af3a917,1,4042.567164
2026/02/05/00:26:55,apply-time,rs-003936-9p6dw,a2fc77d4-e424-424a-b165-b22811639711,1,4042.567164
2026/02/05/00:26:55,running-time,rs-003936-9p6dw,a2fc77d4-e424-424a-b165-b22811639711,1,4042.567164
2026/02/05/00:26:55,apply-time,rs-003936-mxl84,31b3e1e6-4a61-4f03-ae1a-f5b9b696d81b,1,4041.567164
2026/02/05/00:26:55,running-time,rs-003936-mxl84,31b3e1e6-4a61-4f03-ae1a-f5b9b696d81b,1,4041.567164
2026/02/05/00:26:55,apply-time,rs-003936-ww7qd,f25acd43-37c8-425d-aa62-b29228099bc9,1,4042.567164
2026/02/05/00:26:55,running-time,rs-003936-ww7qd,f25acd43-37c8-425d-aa62-b29228099bc9,1,4042.567164
2026/02/05/00:26:56,running-time,rs-003935-mq9bs,457ccc92-1a6d-4863-84ee-bd6c2af3a917,1,4042.567164
2026/02/05/00:26:57,running-time,rs-003935-8j6mr,b9327063-daa9-466c-a1b6-15230227af5f,1,4043.567164
2026/02/05/00:27:05,apply-time,rs-003937-s7vjb,3e20ddef-fedb-419a-97b1-b7ae554ee310,1,4052.567164
2026/02/05/00:27:05,running-time,rs-003937-s7vjb,3e20ddef-fedb-419a-97b1-b7ae554ee310,1,4052.567164
2026/02/05/00:27:08,apply-time,rs-003938-gvsz6,1657579d-c63f-40dc-9f70-606934ec8c30,1,4054.567164
2026/02/05/00:27:08,running-time,rs-003938-gvsz6,1657579d-c63f-40dc-9f70-606934ec8c30,1,4054.567164
2026/02/05/00:27:08,apply-time,rs-003938-z2zch,e206337e-8fb0-4595-adc1-d11c5f020cd2,1,4054.567164
2026/02/05/00:27:08,running-time,rs-003938-z2zch,e206337e-8fb0-4595-adc1-d11c5f020cd2,1,4054.567164
2026/02/05/00:27:16,apply-time,rs-003939-6sxp5,9461e820-ca44-4e10-8d84-22f4fa5405f2,1,4063.567164
2026/02/05/00:27:16,running-time,rs-003939-6sxp5,9461e820-ca44-4e10-8d84-22f4fa5405f2,1,4063.567164
2026/02/05/00:27:16,apply-time,rs-003939-md44m,20dc5a92-d317-47b9-8581-2bd04f513944,1,4063.567164
2026/02/05/00:27:16,running-time,rs-003939-md44m,20dc5a92-d317-47b9-8581-2bd04f513944,1,4063.567164
2026/02/05/00:27:16,apply-time,rs-003940-9kv8h,20f8ef42-6b0c-457f-b73d-71e1e083acd1,1,4063.567164
2026/02/05/00:27:16,apply-time,rs-003940-mmgxt,51d1a761-dde5-4260-acbf-7cf74e06ba5c,1,4063.567164
2026/02/05/00:27:17,running-time,rs-003940-9kv8h,20f8ef42-6b0c-457f-b73d-71e1e083acd1,1,4063.567164
2026/02/05/00:27:17,running-time,rs-003940-mmgxt,51d1a761-dde5-4260-acbf-7cf74e06ba5c,1,4063.567164
2026/02/05/00:27:17,apply-time,rs-003941-4h5cb,2697b64b-9cd0-4c6e-829c-3a332a157c29,1,4063.567164
2026/02/05/00:27:17,running-time,rs-003941-4h5cb,2697b64b-9cd0-4c6e-829c-3a332a157c29,1,4063.567164
2026/02/05/00:27:17,apply-time,rs-003942-8s9f5,da1533c7-dfdc-453f-870b-48b8ebda504f,1,4063.567164
2026/02/05/00:27:17,running-time,rs-003942-8s9f5,da1533c7-dfdc-453f-870b-48b8ebda504f,1,4063.567164
2026/02/05/00:27:17,apply-time,rs-003942-g427l,0018d645-005b-4ee2-ad75-924e5f94ef5b,1,4063.567164
2026/02/05/00:27:17,running-time,rs-003942-g427l,0018d645-005b-4ee2-ad75-924e5f94ef5b,1,4063.567164
2026/02/05/00:27:17,apply-time,rs-003942-px4nn,881321af-4202-48a6-8053-de9646ecfc12,1,4063.567164
2026/02/05/00:27:17,running-time,rs-003942-px4nn,881321af-4202-48a6-8053-de9646ecfc12,1,4063.567164
2026/02/05/00:27:17,apply-time,rs-003943-648n7,07dd9bb8-7d93-48e3-8057-8a71d819da34,1,4063.567164
2026/02/05/00:27:17,running-time,rs-003943-648n7,07dd9bb8-7d93-48e3-8057-8a71d819da34,1,4063.567164
2026/02/05/00:27:17,apply-time,rs-003944-4xz5b,5f36b9db-3605-46d9-a44c-afa5fd077a5d,1,4063.567164
2026/02/05/00:27:17,running-time,rs-003944-4xz5b,5f36b9db-3605-46d9-a44c-afa5fd077a5d,1,4063.567164
2026/02/05/00:27:17,apply-time,rs-003944-g8lcb,0c9eea71-2384-40a3-b189-2df0ed3c375c,1,4063.567164
2026/02/05/00:27:17,running-time,rs-003944-g8lcb,0c9eea71-2384-40a3-b189-2df0ed3c375c,1,4063.567164
2026/02/05/00:27:17,apply-time,rs-003944-jmtmp,c50c3362-200d-4c9d-a995-b74a2c0c2ce6,1,4063.567164
2026/02/05/00:27:17,running-time,rs-003944-jmtmp,c50c3362-200d-4c9d-a995-b74a2c0c2ce6,1,4063.567164
2026/02/05/00:27:21,apply-time,rs-003945-p79qs,d7263458-a678-4505-bbac-6c67a2649322,1,4068.567164
2026/02/05/00:27:21,running-time,rs-003945-p79qs,d7263458-a678-4505-bbac-6c67a2649322,1,4068.567164
2026/02/05/00:27:21,apply-time,rs-003946-wq8jc,e09e8cfa-10ad-48ea-bac4-b1ca2a08093c,1,4068.567164
2026/02/05/00:27:21,running-time,rs-003946-wq8jc,e09e8cfa-10ad-48ea-bac4-b1ca2a08093c,1,4068.567164
2026/02/05/00:27:22,apply-time,rs-003947-6z4j7,9a25d085-0f79-4f57-9b47-91af728e1137,1,4069.567164
2026/02/05/00:27:22,apply-time,rs-003947-7df2s,e931e25e-0813-4c76-9842-c98a4f4cca7e,1,4069.567164
2026/02/05/00:27:22,apply-time,rs-003948-fpjcz,a17bf3c0-adaa-4b10-b7ae-3f32b0044b97,1,4069.567164
2026/02/05/00:27:22,apply-time,rs-003949-455pp,acb42c69-b23c-4dd8-a2a8-4cfd5c45c825,1,4069.567164
2026/02/05/00:27:22,running-time,rs-003949-455pp,acb42c69-b23c-4dd8-a2a8-4cfd5c45c825,1,4069.567164
2026/02/05/00:27:22,apply-time,rs-003949-hhpt2,08e71ba0-7af6-45c8-849b-80ae6f856517,1,4069.567164
2026/02/05/00:27:22,running-time,rs-003949-hhpt2,08e71ba0-7af6-45c8-849b-80ae6f856517,1,4069.567164
2026/02/05/00:27:22,apply-time,rs-003950-nkk75,91a1c31f-c90c-46aa-b847-82b0b158966d,1,4069.567164
2026/02/05/00:27:22,running-time,rs-003950-nkk75,91a1c31f-c90c-46aa-b847-82b0b158966d,1,4069.567164
2026/02/05/00:27:22,apply-time,rs-003950-p7mv9,4a74555a-c320-40cf-b18d-83766b1087cb,1,4069.567164
2026/02/05/00:27:22,running-time,rs-003950-p7mv9,4a74555a-c320-40cf-b18d-83766b1087cb,1,4069.567164
2026/02/05/00:27:23,running-time,rs-003947-6z4j7,9a25d085-0f79-4f57-9b47-91af728e1137,1,4069.567164
2026/02/05/00:27:23,running-time,rs-003947-7df2s,e931e25e-0813-4c76-9842-c98a4f4cca7e,1,4069.567164
2026/02/05/00:27:23,running-time,rs-003948-fpjcz,a17bf3c0-adaa-4b10-b7ae-3f32b0044b97,1,4069.567164
2026/02/05/00:27:24,apply-time,rs-003951-7mzf2,ec6d99ab-f61e-4d1f-a3a7-5bb8fac212a2,1,4071.567164
2026/02/05/00:27:24,running-time,rs-003951-7mzf2,ec6d99ab-f61e-4d1f-a3a7-5bb8fac212a2,1,4071.567164
2026/02/05/00:27:24,apply-time,rs-003952-ldk9s,7e1317b4-520f-4b86-9301-e4847e122f7a,1,4071.567164
2026/02/05/00:27:24,running-time,rs-003952-ldk9s,7e1317b4-520f-4b86-9301-e4847e122f7a,1,4071.567164
2026/02/05/00:27:24,apply-time,rs-003952-pcrhw,4237a7bb-0f4b-4456-974d-b21d2047a372,1,4071.567164
2026/02/05/00:27:24,running-time,rs-003952-pcrhw,4237a7bb-0f4b-4456-974d-b21d2047a372,1,4071.567164
2026/02/05/00:27:25,apply-time,rs-003953-n9qpw,c6c1156d-1e30-4b58-977b-d9c91a4606d7,1,4071.567164
2026/02/05/00:27:25,running-time,rs-003953-n9qpw,c6c1156d-1e30-4b58-977b-d9c91a4606d7,1,4071.567164
2026/02/05/00:27:26,apply-time,rs-003954-j49sf,cfdc4bcb-9a18-4e75-9590-9562347c8f32,1,4072.567164
2026/02/05/00:27:26,running-time,rs-003954-j49sf,cfdc4bcb-9a18-4e75-9590-9562347c8f32,1,4072.567164
2026/02/05/00:27:26,apply-time,rs-003954-nr6wf,25c18625-c956-42c9-b5a2-8f68876a775a,1,4072.567164
2026/02/05/00:27:26,running-time,rs-003954-nr6wf,25c18625-c956-42c9-b5a2-8f68876a775a,1,4072.567164
2026/02/05/00:27:26,apply-time,rs-003955-87f9v,9a96f495-6b26-4b9b-96d2-8acd717d7215,1,4072.567164
2026/02/05/00:27:26,running-time,rs-003955-87f9v,9a96f495-6b26-4b9b-96d2-8acd717d7215,1,4072.567164
2026/02/05/00:27:28,apply-time,rs-003956-7mpdc,db26e02c-b6f4-42a5-b34d-2c1b12084e74,1,4074.567164
2026/02/05/00:27:28,running-time,rs-003956-7mpdc,db26e02c-b6f4-42a5-b34d-2c1b12084e74,1,4074.567164
2026/02/05/00:27:28,apply-time,rs-003956-hnr69,281c3241-087d-48c9-8c39-7e80c3a98ccb,1,4074.567164
2026/02/05/00:27:28,running-time,rs-003956-hnr69,281c3241-087d-48c9-8c39-7e80c3a98ccb,1,4074.567164
2026/02/05/00:27:28,apply-time,rs-003957-6mtbz,6a80d597-c5d4-4aad-9090-972c0a3cca17,1,4074.567164
2026/02/05/00:27:28,running-time,rs-003957-6mtbz,6a80d597-c5d4-4aad-9090-972c0a3cca17,1,4074.567164
2026/02/05/00:27:28,apply-time,rs-003958-gff26,67f5e307-3ea6-499d-83bd-a98e6d202d25,1,4074.567164
2026/02/05/00:27:28,apply-time,rs-003958-jnn79,0f773165-7b91-4b5c-9821-40121e417e9d,1,4074.567164
2026/02/05/00:27:28,apply-time,rs-003959-bh4l7,be1a4d8a-7f74-46fe-9604-da6ef4280905,1,4074.567164
2026/02/05/00:27:28,running-time,rs-003959-bh4l7,be1a4d8a-7f74-46fe-9604-da6ef4280905,1,4075.567164
2026/02/05/00:27:28,apply-time,rs-003959-kpf6g,fca818ed-17b1-4c00-acf8-adbdddfca0fe,1,4074.567164
2026/02/05/00:27:28,running-time,rs-003959-kpf6g,fca818ed-17b1-4c00-acf8-adbdddfca0fe,1,4074.567164
2026/02/05/00:27:28,apply-time,rs-003960-fwnph,78c45e6d-0d8a-4a9f-92fe-3fe2d5a3042a,1,4074.567164
2026/02/05/00:27:28,running-time,rs-003960-fwnph,78c45e6d-0d8a-4a9f-92fe-3fe2d5a3042a,1,4074.567164
2026/02/05/00:27:28,apply-time,rs-003960-jr5bn,29a1b474-0312-4996-bc1e-3cdae078cb97,1,4074.567164
2026/02/05/00:27:28,running-time,rs-003960-jr5bn,29a1b474-0312-4996-bc1e-3cdae078cb97,1,4074.567164
2026/02/05/00:27:28,apply-time,rs-003960-lqksr,7f22da59-060f-4a5a-a298-1cb95ae50781,1,4074.567164
2026/02/05/00:27:28,running-time,rs-003960-lqksr,7f22da59-060f-4a5a-a298-1cb95ae50781,1,4075.567164
2026/02/05/00:27:29,apply-time,rs-003961-qd9pb,d6494af8-10b2-4a72-baa4-3e4f4d32c552,1,4076.567164
2026/02/05/00:27:29,running-time,rs-003961-qd9pb,d6494af8-10b2-4a72-baa4-3e4f4d32c552,1,4076.567164
2026/02/05/00:27:29,apply-time,rs-003962-qx9cd,cb8c9d21-a367-4da4-b125-9a4ac8e0ef8e,1,4076.567164
2026/02/05/00:27:29,running-time,rs-003962-qx9cd,cb8c9d21-a367-4da4-b125-9a4ac8e0ef8e,1,4076.567164
2026/02/05/00:27:29,apply-time,rs-003963-6snzl,b542e2a4-7100-4c11-a9bd-2c38123e123f,1,4076.567164
2026/02/05/00:27:29,running-time,rs-003963-6snzl,b542e2a4-7100-4c11-a9bd-2c38123e123f,1,4076.567164
2026/02/05/00:27:29,apply-time,rs-003963-jzbfc,2fe975ca-34cf-42fa-b880-bf8c103c0552,1,4076.567164
2026/02/05/00:27:29,running-time,rs-003963-jzbfc,2fe975ca-34cf-42fa-b880-bf8c103c0552,1,4076.567164
2026/02/05/00:27:29,apply-time,rs-003964-rzzzw,eb489fe2-7f6a-4e65-a93a-cffcc0dbd5e4,1,4076.567164
2026/02/05/00:27:29,running-time,rs-003964-rzzzw,eb489fe2-7f6a-4e65-a93a-cffcc0dbd5e4,1,4076.567164
2026/02/05/00:27:30,apply-time,rs-003965-d4ls2,f00b6d87-a8fb-409a-8c51-31d73e9b3a37,1,4076.567164
2026/02/05/00:27:30,running-time,rs-003965-d4ls2,f00b6d87-a8fb-409a-8c51-31d73e9b3a37,1,4076.567164
2026/02/05/00:27:30,apply-time,rs-003965-khx6f,fac418da-d2ba-4ae4-ac23-704a5a27c930,1,4076.567164
2026/02/05/00:27:30,running-time,rs-003965-khx6f,fac418da-d2ba-4ae4-ac23-704a5a27c930,1,4076.567164
2026/02/05/00:27:30,apply-time,rs-003965-qk4zn,770fbb0d-49c1-4350-9c60-a60861d7dec7,1,4076.567164
2026/02/05/00:27:30,apply-time,rs-003966-8b8rf,197528cd-8001-4024-a651-74604a7fd128,1,4077.567164
2026/02/05/00:27:30,apply-time,rs-003967-9vnfw,939770e5-8d1d-4ce9-808a-5098cfc4acbb,1,4077.567164
2026/02/05/00:27:30,running-time,rs-003967-9vnfw,939770e5-8d1d-4ce9-808a-5098cfc4acbb,1,4077.567164
2026/02/05/00:27:30,apply-time,rs-003968-5gdtc,fb1a2084-9093-4894-86e9-613bae31295d,1,4077.567164
2026/02/05/00:27:30,apply-time,rs-003969-4n8lf,27bbe67a-a0d7-4558-9b09-dd0a32c342dc,1,4077.567164
2026/02/05/00:27:30,apply-time,rs-003970-2b6lr,2bd2971c-ddc2-4aea-b7ba-7ca0c9444ac1,1,4077.567164
2026/02/05/00:27:30,running-time,rs-003970-2b6lr,2bd2971c-ddc2-4aea-b7ba-7ca0c9444ac1,1,4077.567164
2026/02/05/00:27:31,running-time,rs-003965-qk4zn,770fbb0d-49c1-4350-9c60-a60861d7dec7,1,4078.567164
2026/02/05/00:27:31,running-time,rs-003969-4n8lf,27bbe67a-a0d7-4558-9b09-dd0a32c342dc,1,4078.567164
2026/02/05/00:27:31,apply-time,rs-003970-djlwr,a67e0511-dfb0-4b4e-8345-0460d9f01011,1,4077.567164
2026/02/05/00:27:31,apply-time,rs-003971-86pd4,fc722f17-287a-49db-b6f8-050712ef92b1,1,4078.567164
2026/02/05/00:27:31,running-time,rs-003971-86pd4,fc722f17-287a-49db-b6f8-050712ef92b1,1,4078.567164
2026/02/05/00:27:31,apply-time,rs-003971-mfd6k,2dd44079-4d86-4390-962b-ea1b8060e19c,1,4077.567164
2026/02/05/00:27:31,running-time,rs-003971-mfd6k,2dd44079-4d86-4390-962b-ea1b8060e19c,1,4077.567164
2026/02/05/00:27:31,apply-time,rs-003972-tg6ln,deb4b8df-c331-453c-b376-9fc2645e59b8,1,4077.567164
2026/02/05/00:27:31,running-time,rs-003972-tg6ln,deb4b8df-c331-453c-b376-9fc2645e59b8,1,4077.567164
2026/02/05/00:27:31,apply-time,rs-003973-c4fpc,60b98501-44a0-496f-ab85-ad48f4c714f0,1,4078.567164
2026/02/05/00:27:31,running-time,rs-003973-c4fpc,60b98501-44a0-496f-ab85-ad48f4c714f0,1,4078.567164
2026/02/05/00:27:32,running-time,rs-003968-5gdtc,fb1a2084-9093-4894-86e9-613bae31295d,1,4079.567164
2026/02/05/00:27:33,running-time,rs-003970-djlwr,a67e0511-dfb0-4b4e-8345-0460d9f01011,1,4079.567164
2026/02/05/00:27:37,apply-time,rs-003974-x7bv4,b89c4c28-b7ec-495e-861b-b87a5369ec20,1,4084.567164
2026/02/05/00:27:37,apply-time,rs-003974-xfhm6,e90b79ba-9797-4c5d-a182-66e6235a0ca8,1,4084.567164
2026/02/05/00:27:38,running-time,rs-003974-x7bv4,b89c4c28-b7ec-495e-861b-b87a5369ec20,1,4084.567164
2026/02/05/00:27:38,running-time,rs-003974-xfhm6,e90b79ba-9797-4c5d-a182-66e6235a0ca8,1,4084.567164
2026/02/05/00:27:38,apply-time,rs-003975-mdx78,7298af29-a855-4406-bf16-4134582f468b,1,4084.567164
2026/02/05/00:27:38,running-time,rs-003975-mdx78,7298af29-a855-4406-bf16-4134582f468b,1,4084.567164
2026/02/05/00:27:38,apply-time,rs-003976-z5xgq,05189069-494f-4c0c-ad08-445db7abac9f,1,4084.567164
2026/02/05/00:27:38,running-time,rs-003976-z5xgq,05189069-494f-4c0c-ad08-445db7abac9f,1,4084.567164
2026/02/05/00:27:38,apply-time,rs-003977-4c2qt,192c4d31-d4d3-4fdf-8de6-757caa5dcd26,1,4084.567164
2026/02/05/00:27:38,running-time,rs-003977-4c2qt,192c4d31-d4d3-4fdf-8de6-757caa5dcd26,1,4084.567164
2026/02/05/00:27:38,apply-time,rs-003977-lvbx4,de034e61-b031-4764-a4a6-ee2d986d4133,1,4084.567164
2026/02/05/00:27:38,running-time,rs-003977-lvbx4,de034e61-b031-4764-a4a6-ee2d986d4133,1,4084.567164
2026/02/05/00:27:38,apply-time,rs-003978-54w8z,195d4ab5-92a1-4b7b-8225-f479750a11cd,1,4084.567164
2026/02/05/00:27:38,running-time,rs-003978-54w8z,195d4ab5-92a1-4b7b-8225-f479750a11cd,1,4084.567164
2026/02/05/00:27:38,apply-time,rs-003979-6grq4,fefe5727-0c99-43c6-9b0f-945c262509c4,1,4084.567164
2026/02/05/00:27:38,running-time,rs-003979-6grq4,fefe5727-0c99-43c6-9b0f-945c262509c4,1,4084.567164
2026/02/05/00:27:38,apply-time,rs-003979-bgvlx,ea7ec247-9420-4911-99ba-385a61e0cdaf,1,4084.567164
2026/02/05/00:27:38,running-time,rs-003979-bgvlx,ea7ec247-9420-4911-99ba-385a61e0cdaf,1,4084.567164
2026/02/05/00:27:38,apply-time,rs-003980-dnm4p,803b207e-28b4-490d-8452-640ce03ea9be,1,4084.567164
2026/02/05/00:27:38,apply-time,rs-003981-p2p5v,8bdbedf8-e94e-4d88-ad8c-f631fa4bb0e3,1,4085.567164
2026/02/05/00:27:38,running-time,rs-003981-p2p5v,8bdbedf8-e94e-4d88-ad8c-f631fa4bb0e3,1,4085.567164
2026/02/05/00:27:38,apply-time,rs-003982-nmvjk,bd01ed2f-bc5a-405b-a4de-6fde9bce24e1,1,4085.567164
2026/02/05/00:27:38,running-time,rs-003982-nmvjk,bd01ed2f-bc5a-405b-a4de-6fde9bce24e1,1,4085.567164
2026/02/05/00:27:38,apply-time,rs-003983-nn7qt,2b249f04-ceb5-4175-b888-cf05a51e68b7,1,4085.567164
2026/02/05/00:27:38,running-time,rs-003983-nn7qt,2b249f04-ceb5-4175-b888-cf05a51e68b7,1,4085.567164
2026/02/05/00:27:38,apply-time,rs-003983-wd5gj,9e8ae032-e203-4fc8-a680-974603b90c59,1,4085.567164
2026/02/05/00:27:38,running-time,rs-003983-wd5gj,9e8ae032-e203-4fc8-a680-974603b90c59,1,4085.567164
2026/02/05/00:27:38,apply-time,rs-003984-8vjcm,51e378a7-f224-4cdd-b2a3-65a0a662d995,1,4085.567164
2026/02/05/00:27:38,running-time,rs-003984-8vjcm,51e378a7-f224-4cdd-b2a3-65a0a662d995,1,4085.567164
2026/02/05/00:27:39,apply-time,rs-003984-b5qs9,e39e324e-4a01-4559-8193-b328a130e43c,1,4085.567164
2026/02/05/00:27:39,apply-time,rs-003984-tr28q,dca753f7-b7cb-455f-a456-946241765d74,1,4085.567164
2026/02/05/00:27:39,apply-time,rs-003985-7crn7,79835c68-cb84-4fe4-b252-a47d1829ea6a,1,4085.567164
2026/02/05/00:27:39,running-time,rs-003985-7crn7,79835c68-cb84-4fe4-b252-a47d1829ea6a,1,4085.567164
2026/02/05/00:27:39,apply-time,rs-003986-qc2sn,cb3b900b-d3e4-4ef0-a85f-2a57de8a0c56,1,4085.567164
2026/02/05/00:27:39,running-time,rs-003986-qc2sn,cb3b900b-d3e4-4ef0-a85f-2a57de8a0c56,1,4085.567164
2026/02/05/00:27:39,apply-time,rs-003987-k7fz5,96e41ef9-7a4b-42a4-8e1f-8bcdce8ff1dc,1,4085.567164
2026/02/05/00:27:39,running-time,rs-003987-k7fz5,96e41ef9-7a4b-42a4-8e1f-8bcdce8ff1dc,1,4085.567164
2026/02/05/00:27:39,apply-time,rs-003987-k7mdm,617de5d4-534e-4c56-a48f-9f8f5d94e333,1,4085.567164
2026/02/05/00:27:39,running-time,rs-003987-k7mdm,617de5d4-534e-4c56-a48f-9f8f5d94e333,1,4085.567164
2026/02/05/00:27:40,apply-time,rs-003988-2z7nx,f6eb7d88-8d71-440e-91a8-6346a32dfcb9,1,4087.567164
2026/02/05/00:27:40,running-time,rs-003988-2z7nx,f6eb7d88-8d71-440e-91a8-6346a32dfcb9,1,4087.567164
2026/02/05/00:27:40,apply-time,rs-003988-9sjgc,b5d7b744-eceb-4902-bffd-d6d908110277,1,4087.567164
2026/02/05/00:27:40,running-time,rs-003988-9sjgc,b5d7b744-eceb-4902-bffd-d6d908110277,1,4087.567164
2026/02/05/00:27:40,apply-time,rs-003988-zxckv,ae33b737-733d-41fc-88dc-c28286709a45,1,4087.567164
2026/02/05/00:27:40,running-time,rs-003988-zxckv,ae33b737-733d-41fc-88dc-c28286709a45,1,4087.567164
2026/02/05/00:27:40,apply-time,rs-003989-7n929,4caef57e-b83b-4a0d-8682-a819537701f0,1,4087.567164
2026/02/05/00:27:40,running-time,rs-003989-7n929,4caef57e-b83b-4a0d-8682-a819537701f0,1,4087.567164
2026/02/05/00:27:40,apply-time,rs-003989-h7r6h,f9c1ef74-d042-4a0c-93e3-24ac4879d9f2,1,4087.567164
2026/02/05/00:27:40,running-time,rs-003989-h7r6h,f9c1ef74-d042-4a0c-93e3-24ac4879d9f2,1,4087.567164
2026/02/05/00:27:42,apply-time,rs-003990-8j2hg,86f857de-3585-47ae-9033-4c77147a8560,1,4088.567164
2026/02/05/00:27:42,running-time,rs-003990-8j2hg,86f857de-3585-47ae-9033-4c77147a8560,1,4088.567164
2026/02/05/00:27:42,apply-time,rs-003991-7qn5n,7b7dc421-af53-432e-8e52-d163503a847a,1,4088.567164
2026/02/05/00:27:42,running-time,rs-003991-7qn5n,7b7dc421-af53-432e-8e52-d163503a847a,1,4088.567164
2026/02/05/00:27:42,apply-time,rs-003992-db8r6,901d8bdf-9f32-4831-9606-9f73be3f9083,1,4088.567164
2026/02/05/00:27:42,running-time,rs-003992-db8r6,901d8bdf-9f32-4831-9606-9f73be3f9083,1,4088.567164
2026/02/05/00:27:42,apply-time,rs-003993-dwbx5,8c6772aa-eaa9-49f8-8735-becf45868fe4,1,4089.567164
2026/02/05/00:27:42,apply-time,rs-003993-wc6w8,ba428b5b-3f16-4beb-b571-5095477b5385,1,4089.567164
2026/02/05/00:27:42,apply-time,rs-003993-xl29n,c0126d5f-a69c-4e84-a307-114b56e3cdf2,1,4089.567164
2026/02/05/00:27:42,apply-time,rs-003994-5g5n6,f650c8e2-df04-4ab7-b03e-a7cb59657e96,1,4089.567164
2026/02/05/00:27:42,running-time,rs-003994-5g5n6,f650c8e2-df04-4ab7-b03e-a7cb59657e96,1,4089.567164
2026/02/05/00:27:42,apply-time,rs-003994-cft42,e14587de-8c9a-40ba-bc1c-42e8c2e7eac6,1,4089.567164
2026/02/05/00:27:42,running-time,rs-003994-cft42,e14587de-8c9a-40ba-bc1c-42e8c2e7eac6,1,4089.567164
2026/02/05/00:27:42,apply-time,rs-003994-gttvg,d9458a1b-4cd2-4e20-aed0-4e9647cfaa43,1,4089.567164
2026/02/05/00:27:42,running-time,rs-003994-gttvg,d9458a1b-4cd2-4e20-aed0-4e9647cfaa43,1,4089.567164
2026/02/05/00:27:43,apply-time,rs-003995-pnr6s,3750b545-84aa-4477-9d1d-ab741a8214be,1,4089.567164
2026/02/05/00:27:43,running-time,rs-003995-pnr6s,3750b545-84aa-4477-9d1d-ab741a8214be,1,4089.567164
2026/02/05/00:27:45,running-time,rs-003993-dwbx5,8c6772aa-eaa9-49f8-8735-becf45868fe4,1,4091.567164
2026/02/05/00:27:45,apply-time,rs-003996-2pckc,449d4cdf-ea30-4015-ab8b-382c236f8cf2,1,4091.567164
2026/02/05/00:27:45,running-time,rs-003996-2pckc,449d4cdf-ea30-4015-ab8b-382c236f8cf2,1,4091.567164
2026/02/05/00:27:46,running-time,rs-003993-wc6w8,ba428b5b-3f16-4beb-b571-5095477b5385,1,4093.567164
2026/02/05/00:27:46,apply-time,rs-003997-d9rhv,163da1c8-1332-49c2-8067-18e853be8ebb,1,4092.567164
2026/02/05/00:27:46,running-time,rs-003997-d9rhv,163da1c8-1332-49c2-8067-18e853be8ebb,1,4093.567164
2026/02/05/00:27:46,apply-time,rs-003997-s4zth,fcfb7201-74aa-4da0-abab-dabbe82f41b5,1,4092.567164
2026/02/05/00:27:46,running-time,rs-003997-s4zth,fcfb7201-74aa-4da0-abab-dabbe82f41b5,1,4093.567164
2026/02/05/00:27:46,apply-time,rs-003998-77rk9,041efec1-baa1-4efd-8510-faacb4c73485,1,4092.567164
2026/02/05/00:27:46,running-time,rs-003998-77rk9,041efec1-baa1-4efd-8510-faacb4c73485,1,4092.567164
2026/02/05/00:27:46,apply-time,rs-003998-lcp5b,96c8d4de-ddef-4ab7-b355-ac75efe97ba7,1,4092.567164
2026/02/05/00:27:46,running-time,rs-003998-lcp5b,96c8d4de-ddef-4ab7-b355-ac75efe97ba7,1,4092.567164
2026/02/05/00:27:46,apply-time,rs-003999-vpqkn,22523387-9c05-4fbe-be2f-8a6c3e6532df,1,4093.567164
2026/02/05/00:27:46,running-time,rs-003999-vpqkn,22523387-9c05-4fbe-be2f-8a6c3e6532df,1,4093.567164
2026/02/05/00:27:46,apply-time,rs-004000-6nvxs,76623882-959e-4f83-bf51-178e1965dce7,1,4093.567164
2026/02/05/00:27:46,running-time,rs-004000-6nvxs,76623882-959e-4f83-bf51-178e1965dce7,1,4093.567164
2026/02/05/00:27:46,apply-time,rs-004000-g2hh2,cc45bf00-1dfa-4f6a-a9bf-e1d2714ad241,1,4093.567164
2026/02/05/00:27:46,running-time,rs-004000-g2hh2,cc45bf00-1dfa-4f6a-a9bf-e1d2714ad241,1,4093.567164
2026/02/05/00:27:46,apply-time,rs-004000-p9jfz,797c112e-6a93-4b64-8ba5-26bc83abd743,1,4093.567164
2026/02/05/00:27:46,running-time,rs-004000-p9jfz,797c112e-6a93-4b64-8ba5-26bc83abd743,1,4093.567164
2026/02/05/00:27:48,apply-time,rs-004001-4l27b,2864559a-d772-44a6-889d-c5be45db4d86,1,4094.567164
2026/02/05/00:27:48,running-time,rs-004001-4l27b,2864559a-d772-44a6-889d-c5be45db4d86,1,4094.567164
2026/02/05/00:27:48,apply-time,rs-004002-mb87q,01174ee3-690c-447b-8271-bff61333df48,1,4094.567164
2026/02/05/00:27:48,running-time,rs-004002-mb87q,01174ee3-690c-447b-8271-bff61333df48,1,4094.567164
2026/02/05/00:27:51,apply-time,rs-004003-dk9nc,c5014850-a3be-4748-abcc-578a3012a6db,1,4098.567164
2026/02/05/00:27:51,running-time,rs-004003-dk9nc,c5014850-a3be-4748-abcc-578a3012a6db,1,4098.567164
2026/02/05/00:27:51,apply-time,rs-004003-jv5xh,b99d2db4-2d37-4a26-961f-a30530580613,1,4098.567164
2026/02/05/00:27:51,running-time,rs-004003-jv5xh,b99d2db4-2d37-4a26-961f-a30530580613,1,4098.567164
2026/02/05/00:27:51,apply-time,rs-004003-l4wqh,9d8109b0-3b3b-41f6-b9c1-53200a13443f,1,4098.567164
2026/02/05/00:27:51,running-time,rs-004003-l4wqh,9d8109b0-3b3b-41f6-b9c1-53200a13443f,1,4098.567164
2026/02/05/00:27:51,apply-time,rs-004004-4jzbf,1f1ea596-e89f-47dc-bbf5-e8de58d1c577,1,4098.567164
2026/02/05/00:27:51,running-time,rs-004004-4jzbf,1f1ea596-e89f-47dc-bbf5-e8de58d1c577,1,4098.567164
2026/02/05/00:27:51,apply-time,rs-004004-d59xv,a0f73429-c109-454f-8504-df65625e527a,1,4098.567164
2026/02/05/00:27:51,running-time,rs-004004-d59xv,a0f73429-c109-454f-8504-df65625e527a,1,4098.567164
2026/02/05/00:27:51,apply-time,rs-004004-f9g4g,7e677051-1aa0-4e65-bded-a15b98287040,1,4098.567164
2026/02/05/00:27:51,running-time,rs-004004-f9g4g,7e677051-1aa0-4e65-bded-a15b98287040,1,4098.567164
2026/02/05/00:27:51,apply-time,rs-004005-98djr,538e20a7-80a9-43d4-9652-f0b3426cce1c,1,4098.567164
2026/02/05/00:27:51,apply-time,rs-004006-9mdzh,b803d719-a047-4e75-b58e-e3f3ee41eb37,1,4098.567164
2026/02/05/00:27:51,running-time,rs-004006-9mdzh,b803d719-a047-4e75-b58e-e3f3ee41eb37,1,4098.567164
2026/02/05/00:27:51,apply-time,rs-004006-mjvm8,74e37dfb-8977-4551-8134-615493e371fa,1,4098.567164
2026/02/05/00:27:51,running-time,rs-004006-mjvm8,74e37dfb-8977-4551-8134-615493e371fa,1,4098.567164
2026/02/05/00:27:51,apply-time,rs-004007-pfshx,646359f3-ea3c-442d-a56f-91081105b27b,1,4098.567164
2026/02/05/00:27:51,running-time,rs-004007-pfshx,646359f3-ea3c-442d-a56f-91081105b27b,1,4098.567164
2026/02/05/00:27:51,apply-time,rs-004008-xdcx9,b6dcff98-4fa7-4d8f-b9e1-f51312082d66,1,4098.567164
2026/02/05/00:27:51,running-time,rs-004008-xdcx9,b6dcff98-4fa7-4d8f-b9e1-f51312082d66,1,4098.567164
2026/02/05/00:27:52,apply-time,rs-004007-2tzpx,da71b053-0ef3-4992-8147-93726bdde669,1,4098.567164
2026/02/05/00:27:52,running-time,rs-004007-2tzpx,da71b053-0ef3-4992-8147-93726bdde669,1,4098.567164
2026/02/05/00:27:52,apply-time,rs-004009-vqjvs,5961a823-e230-44a0-a134-5476fdac082f,1,4098.567164
2026/02/05/00:27:52,running-time,rs-004009-vqjvs,5961a823-e230-44a0-a134-5476fdac082f,1,4098.567164
2026/02/05/00:27:52,apply-time,rs-004010-gpn26,4c76e82f-ea66-49bd-8fda-918bd2bda744,1,4099.567164
2026/02/05/00:27:52,running-time,rs-004010-gpn26,4c76e82f-ea66-49bd-8fda-918bd2bda744,1,4099.567164
2026/02/05/00:27:52,apply-time,rs-004010-mpnsn,fb671d6b-fe3f-43de-b408-7fc49088a0ba,1,4098.567164
2026/02/05/00:27:52,running-time,rs-004010-mpnsn,fb671d6b-fe3f-43de-b408-7fc49088a0ba,1,4098.567164
2026/02/05/00:27:52,apply-time,rs-004010-rtnj8,4d8d8acf-af11-4a20-a69a-b2cd70a5173e,1,4099.567164
2026/02/05/00:27:52,running-time,rs-004010-rtnj8,4d8d8acf-af11-4a20-a69a-b2cd70a5173e,1,4099.567164
2026/02/05/00:27:52,apply-time,rs-004011-p7rjs,d004d768-04f1-4956-9ba4-720a9a85d2af,1,4099.567164
2026/02/05/00:27:52,running-time,rs-004011-p7rjs,d004d768-04f1-4956-9ba4-720a9a85d2af,1,4099.567164
2026/02/05/00:27:52,apply-time,rs-004012-5phnp,b3a45632-4221-410c-b84c-b124c08dac86,1,4099.567164
2026/02/05/00:27:52,running-time,rs-004012-5phnp,b3a45632-4221-410c-b84c-b124c08dac86,1,4099.567164
2026/02/05/00:27:52,apply-time,rs-004012-mplx7,1e447e51-5cef-4091-9e22-a39c22119f9b,1,4099.567164
2026/02/05/00:27:52,running-time,rs-004012-mplx7,1e447e51-5cef-4091-9e22-a39c22119f9b,1,4099.567164
2026/02/05/00:27:52,apply-time,rs-004012-qrmb9,49476c81-1bce-4848-b3ac-90e593850c64,1,4099.567164
2026/02/05/00:27:52,running-time,rs-004012-qrmb9,49476c81-1bce-4848-b3ac-90e593850c64,1,4099.567164
2026/02/05/00:27:52,apply-time,rs-004013-2gngx,dc2f1525-8dd0-4bec-a6d3-7a1289a1bd53,1,4099.567164
2026/02/05/00:27:53,apply-time,rs-004014-8q2gv,2f38996b-0c0d-46ab-8309-d93d439a4ab1,1,4099.567164
2026/02/05/00:27:53,apply-time,rs-004014-lltcv,7295bb21-d01b-4b57-bff9-fc602f730d6e,1,4100.567164
2026/02/05/00:27:53,apply-time,rs-004015-c9mdr,c7f1f8b6-7516-467a-a74b-944f306d7d15,1,4099.567164
2026/02/05/00:27:53,running-time,rs-004015-c9mdr,c7f1f8b6-7516-467a-a74b-944f306d7d15,1,4099.567164
2026/02/05/00:27:53,apply-time,rs-004015-r878m,1de76083-519e-4170-9c1b-e8e8d9ba9dd2,1,4100.567164
2026/02/05/00:27:53,apply-time,rs-004015-sfzgn,59603095-e95f-4ea5-a16e-2744ce86f9a0,1,4100.567164
2026/02/05/00:27:53,running-time,rs-004015-sfzgn,59603095-e95f-4ea5-a16e-2744ce86f9a0,1,4100.567164
2026/02/05/00:27:54,running-time,rs-004014-8q2gv,2f38996b-0c0d-46ab-8309-d93d439a4ab1,1,4100.567164
2026/02/05/00:27:54,running-time,rs-004015-r878m,1de76083-519e-4170-9c1b-e8e8d9ba9dd2,1,4100.567164
2026/02/05/00:27:56,apply-time,rs-004016-hs6p5,19f3c0ac-adb3-4e08-af67-8ae504b8c875,1,4102.567164
2026/02/05/00:27:56,running-time,rs-004016-hs6p5,19f3c0ac-adb3-4e08-af67-8ae504b8c875,1,4102.567164
2026/02/05/00:27:56,apply-time,rs-004016-jjgjq,ffee8dc8-a3bb-4ec7-869a-8fade6dd453a,1,4102.567164
2026/02/05/00:27:56,running-time,rs-004016-jjgjq,ffee8dc8-a3bb-4ec7-869a-8fade6dd453a,1,4102.567164
2026/02/05/00:27:56,apply-time,rs-004016-jl9bq,aa73ec79-01e9-4351-99d6-7ec58167ae66,1,4102.567164
2026/02/05/00:27:56,running-time,rs-004016-jl9bq,aa73ec79-01e9-4351-99d6-7ec58167ae66,1,4102.567164
2026/02/05/00:27:56,apply-time,rs-004017-8z7bn,4d6a035c-04be-4851-a3d1-dd1bc4c3a4ed,1,4102.567164
2026/02/05/00:27:56,apply-time,rs-004017-vdhd6,e42f3bc2-84e5-4d5d-9f38-727bd2ddabe1,1,4102.567164
2026/02/05/00:27:56,apply-time,rs-004017-xmn4x,2b0b6533-0d00-4b2e-89ef-e47df18756bd,1,4102.567164
2026/02/05/00:27:56,apply-time,rs-004018-5srth,68c51f5e-d793-47f3-a31a-8cf1b13b5579,1,4102.567164
2026/02/05/00:27:56,running-time,rs-004018-5srth,68c51f5e-d793-47f3-a31a-8cf1b13b5579,1,4102.567164
2026/02/05/00:27:56,apply-time,rs-004018-6qsf9,cd9a3aec-8e3e-4702-a3c6-fe54bc43184f,1,4102.567164
2026/02/05/00:27:56,running-time,rs-004018-6qsf9,cd9a3aec-8e3e-4702-a3c6-fe54bc43184f,1,4102.567164
2026/02/05/00:27:56,apply-time,rs-004018-btgkz,44e8d241-acfc-44b4-8d7e-e3c375a23da1,1,4102.567164
2026/02/05/00:27:56,running-time,rs-004018-btgkz,44e8d241-acfc-44b4-8d7e-e3c375a23da1,1,4102.567164
2026/02/05/00:28:00,running-time,rs-004013-2gngx,dc2f1525-8dd0-4bec-a6d3-7a1289a1bd53,1,4106.567164
2026/02/05/00:28:10,apply-time,rs-004019-56l4h,ad0c2e79-307b-489d-a9c4-8e3209eab4b5,1,4117.567164
2026/02/05/00:28:10,running-time,rs-004019-56l4h,ad0c2e79-307b-489d-a9c4-8e3209eab4b5,1,4117.567164
2026/02/05/00:28:10,apply-time,rs-004019-zjts9,8507b6ab-4bf7-4183-97e8-607db19e936d,1,4117.567164
2026/02/05/00:28:10,running-time,rs-004019-zjts9,8507b6ab-4bf7-4183-97e8-607db19e936d,1,4117.567164
2026/02/05/00:28:11,apply-time,rs-004020-7lj6w,73f96f77-ccd5-4a63-87ef-f59fd59c17e7,1,4117.567164
2026/02/05/00:28:11,running-time,rs-004020-7lj6w,73f96f77-ccd5-4a63-87ef-f59fd59c17e7,1,4117.567164
2026/02/05/00:28:11,apply-time,rs-004020-bnt5q,0e601bde-228c-4be8-81b1-ef16dd2c1928,1,4117.567164
2026/02/05/00:28:11,running-time,rs-004020-bnt5q,0e601bde-228c-4be8-81b1-ef16dd2c1928,1,4117.567164
2026/02/05/00:28:11,apply-time,rs-004020-hm7zv,f84fb6ae-3df8-4288-8f16-9abaeca7d420,1,4117.567164
2026/02/05/00:28:11,running-time,rs-004020-hm7zv,f84fb6ae-3df8-4288-8f16-9abaeca7d420,1,4117.567164
2026/02/05/00:28:13,apply-time,rs-004021-q76l5,455db81e-0be1-4dc3-acab-771f9f9bfc47,1,4120.567164
2026/02/05/00:28:13,running-time,rs-004021-q76l5,455db81e-0be1-4dc3-acab-771f9f9bfc47,1,4120.567164
2026/02/05/00:28:13,apply-time,rs-004021-stv94,ff11e97d-473f-4a06-bd54-e48c5d423c1d,1,4120.567164
2026/02/05/00:28:13,running-time,rs-004021-stv94,ff11e97d-473f-4a06-bd54-e48c5d423c1d,1,4120.567164
2026/02/05/00:28:13,apply-time,rs-004022-n9smh,4c0c56df-36cc-48de-b5ae-83032478b712,1,4120.567164
2026/02/05/00:28:13,apply-time,rs-004022-s5swc,de95217f-e28c-4bcd-85bf-a72a9e7d80f3,1,4120.567164
2026/02/05/00:28:13,running-time,rs-004022-s5swc,de95217f-e28c-4bcd-85bf-a72a9e7d80f3,1,4120.567164
2026/02/05/00:28:15,apply-time,rs-004023-jhr2w,d4140a9d-bf9b-4916-a3ed-a3dfb2206a44,1,4122.567164
2026/02/05/00:28:15,running-time,rs-004023-jhr2w,d4140a9d-bf9b-4916-a3ed-a3dfb2206a44,1,4122.567164
2026/02/05/00:28:15,apply-time,rs-004023-t2vw6,87fb3809-b58e-4365-945d-9ff6dc557bd0,1,4122.567164
2026/02/05/00:28:15,running-time,rs-004023-t2vw6,87fb3809-b58e-4365-945d-9ff6dc557bd0,1,4122.567164
2026/02/05/00:28:15,apply-time,rs-004024-qtxm4,f181cc49-1852-4a68-8bc0-96a5f4bcf0ee,1,4122.567164
2026/02/05/00:28:15,running-time,rs-004024-qtxm4,f181cc49-1852-4a68-8bc0-96a5f4bcf0ee,1,4122.567164
2026/02/05/00:28:15,apply-time,rs-004024-x8bnv,9e9f2863-a16d-4e40-8bb8-9eb8083d905e,1,4122.567164
2026/02/05/00:28:15,running-time,rs-004024-x8bnv,9e9f2863-a16d-4e40-8bb8-9eb8083d905e,1,4122.567164
2026/02/05/00:28:16,apply-time,rs-004025-4w8n7,18798f80-4e64-46de-a6e9-c9bfd96f9cb0,1,4123.567164
2026/02/05/00:28:16,running-time,rs-004025-4w8n7,18798f80-4e64-46de-a6e9-c9bfd96f9cb0,1,4123.567164
2026/02/05/00:28:16,apply-time,rs-004025-ml59h,cc6b0a71-8eb2-4ec5-a65b-83cf779acaaf,1,4123.567164
2026/02/05/00:28:16,running-time,rs-004025-ml59h,cc6b0a71-8eb2-4ec5-a65b-83cf779acaaf,1,4123.567164
2026/02/05/00:28:17,apply-time,rs-004026-cv5mk,b08f1467-0fdb-4211-b43c-b1f8ee7aad45,1,4123.567164
2026/02/05/00:28:17,running-time,rs-004026-cv5mk,b08f1467-0fdb-4211-b43c-b1f8ee7aad45,1,4123.567164
2026/02/05/00:28:17,apply-time,rs-004027-hlkrl,06dbe22f-b6ea-4f2e-b230-5ec631382007,1,4124.567164
2026/02/05/00:28:17,running-time,rs-004027-hlkrl,06dbe22f-b6ea-4f2e-b230-5ec631382007,1,4124.567164
2026/02/05/00:28:25,apply-time,rs-004028-cc85b,bbdcbbba-be3e-400c-8f82-ef36c6dd972a,1,4131.567164
2026/02/05/00:28:25,running-time,rs-004028-cc85b,bbdcbbba-be3e-400c-8f82-ef36c6dd972a,1,4131.567164
2026/02/05/00:28:25,apply-time,rs-004029-2w8h4,1d3f13a8-9a0b-4390-ba59-c90e1c53e617,1,4132.567164
2026/02/05/00:28:25,running-time,rs-004029-2w8h4,1d3f13a8-9a0b-4390-ba59-c90e1c53e617,1,4132.567164
2026/02/05/00:28:25,apply-time,rs-004030-r8b28,dab4b49e-7016-4eba-a5ab-0f4e23e784c3,1,4132.567164
2026/02/05/00:28:25,running-time,rs-004030-r8b28,dab4b49e-7016-4eba-a5ab-0f4e23e784c3,1,4132.567164
2026/02/05/00:28:25,apply-time,rs-004031-7lklm,ed091b66-ecc1-4bab-91a9-83e2b9bdcc53,1,4132.567164
2026/02/05/00:28:25,apply-time,rs-004031-psqbb,744cce8f-1d7e-4e73-b040-2f72cc72dd81,1,4132.567164
2026/02/05/00:28:25,apply-time,rs-004031-v7h4q,ce2c3e03-8481-44ca-9e34-96b3f73374cf,1,4132.567164
2026/02/05/00:28:26,apply-time,rs-004032-5c98k,5cca97f5-eaa8-4ff4-9cd2-0f7fe667ad23,1,4132.567164
2026/02/05/00:28:26,running-time,rs-004032-5c98k,5cca97f5-eaa8-4ff4-9cd2-0f7fe667ad23,1,4132.567164
2026/02/05/00:28:26,apply-time,rs-004032-9lpl2,faacc048-a75f-42bc-8a8c-00af7b1707c4,1,4132.567164
2026/02/05/00:28:26,running-time,rs-004032-9lpl2,faacc048-a75f-42bc-8a8c-00af7b1707c4,1,4132.567164
2026/02/05/00:28:26,apply-time,rs-004032-tx6gn,35e15a80-5176-4140-9f21-a060ea60879a,1,4132.567164
2026/02/05/00:28:26,apply-time,rs-004033-mzrd2,6deeff32-3576-409d-804b-511d7548c75e,1,4132.567164
2026/02/05/00:28:26,running-time,rs-004033-mzrd2,6deeff32-3576-409d-804b-511d7548c75e,1,4132.567164
2026/02/05/00:28:26,apply-time,rs-004033-s6nhm,bad497d6-5f01-4cdd-abf2-3706f37f2909,1,4132.567164
2026/02/05/00:28:26,running-time,rs-004033-s6nhm,bad497d6-5f01-4cdd-abf2-3706f37f2909,1,4132.567164
2026/02/05/00:28:26,apply-time,rs-004033-w5mqs,2cd0417f-1831-4644-acdd-a926fddd96f9,1,4132.567164
2026/02/05/00:28:26,running-time,rs-004033-w5mqs,2cd0417f-1831-4644-acdd-a926fddd96f9,1,4132.567164
2026/02/05/00:28:26,apply-time,rs-004034-bwtb5,6f053328-4a9a-4c6f-ac59-ebabcb063583,1,4132.567164
2026/02/05/00:28:26,running-time,rs-004034-bwtb5,6f053328-4a9a-4c6f-ac59-ebabcb063583,1,4132.567164
2026/02/05/00:28:26,apply-time,rs-004034-vdldt,13a90925-d425-4f50-9cce-7242774c907f,1,4133.567164
2026/02/05/00:28:26,running-time,rs-004034-vdldt,13a90925-d425-4f50-9cce-7242774c907f,1,4133.567164
2026/02/05/00:28:26,apply-time,rs-004035-h4g8s,9a1e8f76-5ac8-4dd7-a5b0-b03c5148e714,1,4133.567164
2026/02/05/00:28:26,running-time,rs-004035-h4g8s,9a1e8f76-5ac8-4dd7-a5b0-b03c5148e714,1,4133.567164
2026/02/05/00:28:26,apply-time,rs-004035-sbzxz,f1528d1b-d320-47b2-9822-78b5075acbc5,1,4132.567164
2026/02/05/00:28:26,running-time,rs-004035-sbzxz,f1528d1b-d320-47b2-9822-78b5075acbc5,1,4132.567164
2026/02/05/00:28:26,apply-time,rs-004036-559mj,e1063f8e-2f55-4047-b02e-9eda5ba4c91c,1,4133.567164
2026/02/05/00:28:26,running-time,rs-004036-559mj,e1063f8e-2f55-4047-b02e-9eda5ba4c91c,1,4133.567164
2026/02/05/00:28:26,apply-time,rs-004036-qs2j9,cdb5449c-ed57-41bb-84f9-994b1171e14f,1,4132.567164
2026/02/05/00:28:26,running-time,rs-004036-qs2j9,cdb5449c-ed57-41bb-84f9-994b1171e14f,1,4132.567164
2026/02/05/00:28:26,apply-time,rs-004036-vv6kt,385f3d8a-edb1-496f-820f-c5423d20647c,1,4133.567164
2026/02/05/00:28:26,running-time,rs-004036-vv6kt,385f3d8a-edb1-496f-820f-c5423d20647c,1,4133.567164
2026/02/05/00:28:29,apply-time,rs-004037-8rkc9,184e2870-f759-47cf-a9d6-4633a7c709cd,1,4135.567164
2026/02/05/00:28:29,running-time,rs-004037-8rkc9,184e2870-f759-47cf-a9d6-4633a7c709cd,1,4135.567164
2026/02/05/00:28:29,apply-time,rs-004038-smrxf,6c774e4d-6788-4279-999e-8ffdc778d750,1,4135.567164
2026/02/05/00:28:29,apply-time,rs-004039-qqzzk,cdcb526b-baca-4a93-afb1-693538640435,1,4135.567164
2026/02/05/00:28:29,running-time,rs-004039-qqzzk,cdcb526b-baca-4a93-afb1-693538640435,1,4136.567164
2026/02/05/00:28:29,apply-time,rs-004040-8mq7q,4c7c4530-46df-4091-b192-37d52923a9b3,1,4136.567164
2026/02/05/00:28:29,apply-time,rs-004040-khj84,4e1a6de2-fcc5-4bc9-a260-7ff73a94c746,1,4135.567164
2026/02/05/00:28:29,apply-time,rs-004040-pn9nz,fc862cb7-2c1e-42ff-b112-20a68cbf1e4c,1,4136.567164
2026/02/05/00:28:29,apply-time,rs-004041-mh4tz,d2b62925-386b-42f8-954f-70f3dafd7877,1,4136.567164
2026/02/05/00:28:29,running-time,rs-004041-mh4tz,d2b62925-386b-42f8-954f-70f3dafd7877,1,4136.567164
2026/02/05/00:28:29,apply-time,rs-004042-rdxv5,735e4511-dfe4-4a65-a24c-be57e8ace6a3,1,4136.567164
2026/02/05/00:28:29,running-time,rs-004042-rdxv5,735e4511-dfe4-4a65-a24c-be57e8ace6a3,1,4136.567164
2026/02/05/00:28:30,apply-time,rs-004043-fz7h5,ba688a27-39d3-4792-a3a2-5fa067b8a7d5,1,4136.567164
2026/02/05/00:28:30,running-time,rs-004043-fz7h5,ba688a27-39d3-4792-a3a2-5fa067b8a7d5,1,4136.567164
2026/02/05/00:28:30,apply-time,rs-004043-jlplq,532d1205-ce02-4178-b046-1fc8491cb557,1,4136.567164
2026/02/05/00:28:30,running-time,rs-004043-jlplq,532d1205-ce02-4178-b046-1fc8491cb557,1,4136.567164
2026/02/05/00:28:30,apply-time,rs-004044-2527q,4c42c31c-9f98-48b6-bed0-b951d5c17daa,1,4136.567164
2026/02/05/00:28:30,apply-time,rs-004044-fp9v4,d9f63d4d-ef07-48b2-a7b0-23fa82b6cd77,1,4136.567164
2026/02/05/00:28:30,running-time,rs-004044-fp9v4,d9f63d4d-ef07-48b2-a7b0-23fa82b6cd77,1,4136.567164
2026/02/05/00:28:30,apply-time,rs-004044-k9gp9,7deb2a21-1591-425d-9b31-1f964a5f905a,1,4136.567164
2026/02/05/00:28:30,running-time,rs-004044-k9gp9,7deb2a21-1591-425d-9b31-1f964a5f905a,1,4137.567164
2026/02/05/00:28:30,apply-time,rs-004045-rtl5p,e9057e73-e43b-4013-89aa-0e0f036f9853,1,4136.567164
2026/02/05/00:28:30,running-time,rs-004045-rtl5p,e9057e73-e43b-4013-89aa-0e0f036f9853,1,4136.567164
2026/02/05/00:28:31,running-time,rs-004044-2527q,4c42c31c-9f98-48b6-bed0-b951d5c17daa,1,4138.567164
2026/02/05/00:28:35,apply-time,rs-004046-dpnvl,482868ae-51b3-419a-b660-15b4e92706ef,1,4142.567164
2026/02/05/00:28:35,running-time,rs-004046-dpnvl,482868ae-51b3-419a-b660-15b4e92706ef,1,4142.567164
2026/02/05/00:28:35,apply-time,rs-004046-h8wz4,c387df8d-c274-4a05-967a-7f6b02c47fb0,1,4142.567164
2026/02/05/00:28:35,running-time,rs-004046-h8wz4,c387df8d-c274-4a05-967a-7f6b02c47fb0,1,4142.567164
2026/02/05/00:28:36,apply-time,rs-004047-tg2kj,f35500e8-9e4c-448b-a808-3e1b2b92c1be,1,4143.567164
2026/02/05/00:28:36,running-time,rs-004047-tg2kj,f35500e8-9e4c-448b-a808-3e1b2b92c1be,1,4143.567164
2026/02/05/00:28:36,apply-time,rs-004048-9pfcj,497fd40b-9833-4c99-84e2-77852c393359,1,4143.567164
2026/02/05/00:28:36,running-time,rs-004048-9pfcj,497fd40b-9833-4c99-84e2-77852c393359,1,4143.567164
2026/02/05/00:28:36,apply-time,rs-004048-l5klt,f6688b6d-d1ce-4bf2-9707-8538d141321d,1,4143.567164
2026/02/05/00:28:36,running-time,rs-004048-l5klt,f6688b6d-d1ce-4bf2-9707-8538d141321d,1,4143.567164
2026/02/05/00:28:36,apply-time,rs-004048-zlhfw,13af8fec-eb83-4f0a-8943-4fe6148a0b66,1,4143.567164
2026/02/05/00:28:36,running-time,rs-004048-zlhfw,13af8fec-eb83-4f0a-8943-4fe6148a0b66,1,4143.567164
2026/02/05/00:28:37,apply-time,rs-004049-tx69j,eb19ae73-381d-444e-9938-351f3246716d,1,4143.567164
2026/02/05/00:28:37,apply-time,rs-004049-wvs2v,bad649ca-efac-4c96-95aa-8045436ed165,1,4143.567164
2026/02/05/00:28:37,running-time,rs-004049-wvs2v,bad649ca-efac-4c96-95aa-8045436ed165,1,4143.567164
2026/02/05/00:28:37,apply-time,rs-004050-hp8mg,4190957a-9361-4f6e-abe1-0ac23420b27a,1,4143.567164
2026/02/05/00:28:37,running-time,rs-004050-hp8mg,4190957a-9361-4f6e-abe1-0ac23420b27a,1,4143.567164
2026/02/05/00:28:37,apply-time,rs-004050-npm72,1c8d15e8-1ece-4ea6-a474-dd707d215023,1,4143.567164
2026/02/05/00:28:37,running-time,rs-004050-npm72,1c8d15e8-1ece-4ea6-a474-dd707d215023,1,4143.567164
2026/02/05/00:28:37,apply-time,rs-004051-4h49l,82d720d6-05cd-4e8e-83b4-df11985e6065,1,4143.567164
2026/02/05/00:28:37,apply-time,rs-004051-hsdbx,a4651aa3-a0e0-473f-87e3-9a974a24025f,1,4143.567164
2026/02/05/00:28:37,apply-time,rs-004052-8j2f2,f4ecffa2-3afd-446a-8882-af3d99ec8067,1,4143.567164
2026/02/05/00:28:37,running-time,rs-004052-8j2f2,f4ecffa2-3afd-446a-8882-af3d99ec8067,1,4143.567164
2026/02/05/00:28:37,apply-time,rs-004052-pm8nj,64e1e09b-8bc4-4dd2-a941-e1e59ca1993a,1,4143.567164
2026/02/05/00:28:37,running-time,rs-004052-pm8nj,64e1e09b-8bc4-4dd2-a941-e1e59ca1993a,1,4143.567164
2026/02/05/00:28:37,apply-time,rs-004053-hsr8c,24085a14-bb59-46f0-85c3-644da7e5b2ac,1,4144.567164
2026/02/05/00:28:37,apply-time,rs-004054-hnnlv,d3e0be3c-ed1e-4b60-b06f-59dbe29287b6,1,4144.567164
2026/02/05/00:28:37,apply-time,rs-004054-rv9l8,7935dfcf-9ec9-4037-8027-393809956335,1,4144.567164
2026/02/05/00:28:37,apply-time,rs-004054-zxp9g,07aa6879-bf18-4e5c-9697-5c8ccaf39a7f,1,4144.567164
2026/02/05/00:28:37,running-time,rs-004054-zxp9g,07aa6879-bf18-4e5c-9697-5c8ccaf39a7f,1,4144.567164
2026/02/05/00:28:37,apply-time,rs-004055-dfrhd,371a32ee-4ad3-4b3a-8402-867c994c6f1c,1,4144.567164
2026/02/05/00:28:37,running-time,rs-004055-dfrhd,371a32ee-4ad3-4b3a-8402-867c994c6f1c,1,4144.567164
2026/02/05/00:28:37,apply-time,rs-004055-mbhdx,a1cfdaf9-163f-42b0-aab5-98e56dd09838,1,4144.567164
2026/02/05/00:28:37,running-time,rs-004055-mbhdx,a1cfdaf9-163f-42b0-aab5-98e56dd09838,1,4144.567164
2026/02/05/00:28:38,running-time,rs-004049-tx69j,eb19ae73-381d-444e-9938-351f3246716d,1,4145.567164
2026/02/05/00:28:38,running-time,rs-004053-hsr8c,24085a14-bb59-46f0-85c3-644da7e5b2ac,1,4145.567164
2026/02/05/00:28:38,running-time,rs-004054-rv9l8,7935dfcf-9ec9-4037-8027-393809956335,1,4145.567164
2026/02/05/00:28:38,apply-time,rs-004055-pf4zw,60f5277e-99f6-4dac-8bb7-67efd65f8655,1,4144.567164
2026/02/05/00:28:38,running-time,rs-004055-pf4zw,60f5277e-99f6-4dac-8bb7-67efd65f8655,1,4144.567164
2026/02/05/00:28:40,apply-time,rs-004056-bjdct,565cc149-05d8-4481-a24b-908759b21ee3,1,4146.567164
2026/02/05/00:28:40,running-time,rs-004056-bjdct,565cc149-05d8-4481-a24b-908759b21ee3,1,4146.567164
2026/02/05/00:28:40,apply-time,rs-004056-hsq2g,38b7cccb-0f3a-4be6-a5f6-962529e7c189,1,4146.567164
2026/02/05/00:28:40,running-time,rs-004056-hsq2g,38b7cccb-0f3a-4be6-a5f6-962529e7c189,1,4146.567164
2026/02/05/00:28:40,apply-time,rs-004056-zdxtz,35879f81-320d-44c0-b124-c5a785a04a16,1,4146.567164
2026/02/05/00:28:40,running-time,rs-004056-zdxtz,35879f81-320d-44c0-b124-c5a785a04a16,1,4146.567164
2026/02/05/00:28:40,apply-time,rs-004057-5jv2w,a645c32e-26eb-41b9-8ae8-a2bbb28fa56f,1,4146.567164
2026/02/05/00:28:40,running-time,rs-004057-5jv2w,a645c32e-26eb-41b9-8ae8-a2bbb28fa56f,1,4147.567164
2026/02/05/00:28:40,apply-time,rs-004058-hvk6p,6a5f127f-5698-4d18-b20c-ecf981961d08,1,4146.567164
2026/02/05/00:28:40,running-time,rs-004058-hvk6p,6a5f127f-5698-4d18-b20c-ecf981961d08,1,4146.567164
2026/02/05/00:28:42,running-time,rs-004038-smrxf,6c774e4d-6788-4279-999e-8ffdc778d750,1,4149.567164
2026/02/05/00:28:45,apply-time,rs-004059-f7m6f,5dc9d76f-73c5-4b5b-a971-50e235fa03a9,1,4151.567164
2026/02/05/00:28:45,running-time,rs-004059-f7m6f,5dc9d76f-73c5-4b5b-a971-50e235fa03a9,1,4151.567164
2026/02/05/00:28:45,apply-time,rs-004060-k6jqn,5a914b3d-b5b3-4e42-ad93-051243375b1f,1,4151.567164
2026/02/05/00:28:45,running-time,rs-004060-k6jqn,5a914b3d-b5b3-4e42-ad93-051243375b1f,1,4151.567164
2026/02/05/00:28:45,apply-time,rs-004060-rjl5d,fda11642-ff80-40bc-856a-dbda482e2fda,1,4151.567164
2026/02/05/00:28:45,apply-time,rs-004060-vjh2w,1176c7bb-4b51-4c42-8b0a-b6e77486c920,1,4151.567164
2026/02/05/00:28:46,apply-time,rs-004061-j6k2f,fcf79f38-cc5c-42f4-9fbd-c3df4fe01294,1,4152.567164
2026/02/05/00:28:46,running-time,rs-004061-j6k2f,fcf79f38-cc5c-42f4-9fbd-c3df4fe01294,1,4152.567164
2026/02/05/00:28:46,apply-time,rs-004061-t85kg,5cccc35c-5b56-4c6d-9de7-b40e21b02468,1,4152.567164
2026/02/05/00:28:46,running-time,rs-004061-t85kg,5cccc35c-5b56-4c6d-9de7-b40e21b02468,1,4152.567164
2026/02/05/00:28:46,apply-time,rs-004062-mxxpp,26dfd7c4-3318-4fc5-bc5a-f143ceb0a1d4,1,4152.567164
2026/02/05/00:28:46,apply-time,rs-004062-xld7w,f878944d-db3c-4687-a716-10386bccf26f,1,4152.567164
2026/02/05/00:28:46,running-time,rs-004062-xld7w,f878944d-db3c-4687-a716-10386bccf26f,1,4152.567164
2026/02/05/00:28:46,apply-time,rs-004063-t6s7d,dd7a7ff5-112e-4bf6-a536-89af41537992,1,4152.567164
2026/02/05/00:28:46,running-time,rs-004063-t6s7d,dd7a7ff5-112e-4bf6-a536-89af41537992,1,4152.567164
2026/02/05/00:28:46,apply-time,rs-004064-hbvsl,98cc184e-91cb-413f-a453-7060a1c80f1d,1,4152.567164
2026/02/05/00:28:46,running-time,rs-004064-hbvsl,98cc184e-91cb-413f-a453-7060a1c80f1d,1,4152.567164
2026/02/05/00:28:46,apply-time,rs-004064-xpn57,a847575d-3a74-4b48-9b13-ac17c1eda6ce,1,4152.567164
2026/02/05/00:28:46,running-time,rs-004064-xpn57,a847575d-3a74-4b48-9b13-ac17c1eda6ce,1,4152.567164
2026/02/05/00:28:48,running-time,rs-004062-mxxpp,26dfd7c4-3318-4fc5-bc5a-f143ceb0a1d4,1,4155.567164
2026/02/05/00:28:53,apply-time,rs-004065-8zv9d,8499889f-65bf-489c-889c-383ddb372e50,1,4159.567164
2026/02/05/00:28:53,running-time,rs-004065-8zv9d,8499889f-65bf-489c-889c-383ddb372e50,1,4159.567164
2026/02/05/00:28:53,apply-time,rs-004066-5kdnx,03374e05-7b53-4d2a-aafb-931cf5a3aa21,1,4159.567164
2026/02/05/00:28:53,running-time,rs-004066-5kdnx,03374e05-7b53-4d2a-aafb-931cf5a3aa21,1,4159.567164
2026/02/05/00:28:53,apply-time,rs-004066-jkmbz,6706cb76-781c-4543-8b0b-16926d4a5dcb,1,4159.567164
2026/02/05/00:28:53,running-time,rs-004066-jkmbz,6706cb76-781c-4543-8b0b-16926d4a5dcb,1,4159.567164
2026/02/05/00:29:07,apply-time,rs-004067-jvl9g,dc83d763-336a-4ea9-bad4-6fbc036b4134,1,4173.567164
2026/02/05/00:29:07,running-time,rs-004067-jvl9g,dc83d763-336a-4ea9-bad4-6fbc036b4134,1,4173.567164
2026/02/05/00:29:07,apply-time,rs-004068-6fzp7,e14004c3-a1b5-4a95-b6c5-dd08062a6acd,1,4173.567164
2026/02/05/00:29:07,running-time,rs-004068-6fzp7,e14004c3-a1b5-4a95-b6c5-dd08062a6acd,1,4173.567164
2026/02/05/00:29:07,apply-time,rs-004068-s826p,6b67560f-9741-4e97-b69a-3c9e64b2e2c8,1,4173.567164
2026/02/05/00:29:07,running-time,rs-004068-s826p,6b67560f-9741-4e97-b69a-3c9e64b2e2c8,1,4173.567164
2026/02/05/00:29:07,apply-time,rs-004069-65rb4,e009d64b-e86f-4a35-b482-0d2e4e91e360,1,4174.567164
2026/02/05/00:29:07,running-time,rs-004069-65rb4,e009d64b-e86f-4a35-b482-0d2e4e91e360,1,4174.567164
2026/02/05/00:29:07,apply-time,rs-004069-hwfvn,9c107ff2-df8d-49b6-8a12-1531b40326d2,1,4174.567164
2026/02/05/00:29:07,running-time,rs-004069-hwfvn,9c107ff2-df8d-49b6-8a12-1531b40326d2,1,4174.567164
2026/02/05/00:29:07,apply-time,rs-004070-68vzw,9b33123b-e437-43ac-b7f4-f15cbfd66c48,1,4174.567164
2026/02/05/00:29:07,running-time,rs-004070-68vzw,9b33123b-e437-43ac-b7f4-f15cbfd66c48,1,4174.567164
2026/02/05/00:29:07,apply-time,rs-004070-g7qmd,c7abf065-ca03-4b29-94b1-19071709de6e,1,4174.567164
2026/02/05/00:29:07,running-time,rs-004070-g7qmd,c7abf065-ca03-4b29-94b1-19071709de6e,1,4174.567164
2026/02/05/00:29:07,apply-time,rs-004070-gv7kl,e0c29391-b249-413a-b6ea-d17fc2245aeb,1,4174.567164
2026/02/05/00:29:07,running-time,rs-004070-gv7kl,e0c29391-b249-413a-b6ea-d17fc2245aeb,1,4174.567164
2026/02/05/00:29:07,apply-time,rs-004071-d9t5s,a68bad77-4e9d-496a-8e61-ea2e430a8e13,1,4174.567164
2026/02/05/00:29:07,running-time,rs-004071-d9t5s,a68bad77-4e9d-496a-8e61-ea2e430a8e13,1,4174.567164
2026/02/05/00:29:07,apply-time,rs-004071-rxp5l,a01cad0f-ddf9-41b7-90ee-cd79edb5a386,1,4174.567164
2026/02/05/00:29:07,running-time,rs-004071-rxp5l,a01cad0f-ddf9-41b7-90ee-cd79edb5a386,1,4174.567164
2026/02/05/00:29:07,apply-time,rs-004071-w4x5k,0f280de9-0b1d-4d3b-9c8e-4ebe3b307fbf,1,4174.567164
2026/02/05/00:29:07,running-time,rs-004071-w4x5k,0f280de9-0b1d-4d3b-9c8e-4ebe3b307fbf,1,4174.567164
2026/02/05/00:29:07,apply-time,rs-004072-gj9p2,61722e8f-8f35-4b67-8606-57074ee9dc52,1,4174.567164
2026/02/05/00:29:07,running-time,rs-004072-gj9p2,61722e8f-8f35-4b67-8606-57074ee9dc52,1,4174.567164
2026/02/05/00:29:07,apply-time,rs-004073-5dwgr,a78285dd-88b4-4c31-9a1f-855e6fe436c7,1,4174.567164
2026/02/05/00:29:12,apply-time,rs-004074-nzjml,62f16ca8-a1bd-4274-a992-3dd9e7c5e594,1,4178.567164
2026/02/05/00:29:12,running-time,rs-004074-nzjml,62f16ca8-a1bd-4274-a992-3dd9e7c5e594,1,4178.567164
2026/02/05/00:29:12,apply-time,rs-004075-qwrg9,a28130b0-7f79-4acc-9fb4-270252b374e1,1,4178.567164
2026/02/05/00:29:12,running-time,rs-004075-qwrg9,a28130b0-7f79-4acc-9fb4-270252b374e1,1,4178.567164
2026/02/05/00:29:12,apply-time,rs-004075-xndnt,fc5401fd-33a0-40ac-8e16-560a395e1759,1,4178.567164
2026/02/05/00:29:12,running-time,rs-004075-xndnt,fc5401fd-33a0-40ac-8e16-560a395e1759,1,4178.567164
2026/02/05/00:29:12,apply-time,rs-004076-ttwdq,71e634dc-e5cc-40bf-ac63-0a63a72346d9,1,4178.567164
2026/02/05/00:29:12,running-time,rs-004076-ttwdq,71e634dc-e5cc-40bf-ac63-0a63a72346d9,1,4179.567164
2026/02/05/00:29:12,apply-time,rs-004076-ztx9q,2df55bbd-d109-4210-97a2-88e079d041c3,1,4178.567164
2026/02/05/00:29:12,running-time,rs-004076-ztx9q,2df55bbd-d109-4210-97a2-88e079d041c3,1,4179.567164
2026/02/05/00:29:15,apply-time,rs-004077-s98xk,8b84f120-1c0f-4c82-924c-c6c1f3dcb34a,1,4182.567164
2026/02/05/00:29:15,running-time,rs-004077-s98xk,8b84f120-1c0f-4c82-924c-c6c1f3dcb34a,1,4182.567164
2026/02/05/00:29:15,apply-time,rs-004078-sc7kc,3da00986-c05e-470e-aa89-bb4196369d4e,1,4182.567164
2026/02/05/00:29:15,running-time,rs-004078-sc7kc,3da00986-c05e-470e-aa89-bb4196369d4e,1,4182.567164
2026/02/05/00:29:15,apply-time,rs-004078-t58ss,95eb2eeb-60f7-4e53-aae0-c8f954cb9184,1,4182.567164
2026/02/05/00:29:15,running-time,rs-004078-t58ss,95eb2eeb-60f7-4e53-aae0-c8f954cb9184,1,4182.567164
2026/02/05/00:29:15,apply-time,rs-004078-w9pmt,06efb6b1-ab5c-4087-ba06-12a1829b9d8e,1,4182.567164
2026/02/05/00:29:15,running-time,rs-004078-w9pmt,06efb6b1-ab5c-4087-ba06-12a1829b9d8e,1,4182.567164
2026/02/05/00:29:16,apply-time,rs-004079-wmjkh,59c560c0-88f9-48b5-9e23-8ef271405cdd,1,4182.567164
2026/02/05/00:29:16,running-time,rs-004079-wmjkh,59c560c0-88f9-48b5-9e23-8ef271405cdd,1,4182.567164
2026/02/05/00:29:16,apply-time,rs-004080-btzbd,ef063bdf-6453-469c-b8be-9f7718874ad6,1,4182.567164
2026/02/05/00:29:17,apply-time,rs-004081-6rszp,7ce223f4-adaf-4a95-984c-75cdae20b7c0,1,4183.567164
2026/02/05/00:29:17,running-time,rs-004081-6rszp,7ce223f4-adaf-4a95-984c-75cdae20b7c0,1,4183.567164
2026/02/05/00:29:17,apply-time,rs-004081-9gvk5,b1da9601-a39d-4259-8e3f-27c32b059792,1,4183.567164
2026/02/05/00:29:17,running-time,rs-004081-9gvk5,b1da9601-a39d-4259-8e3f-27c32b059792,1,4183.567164
2026/02/05/00:29:17,apply-time,rs-004081-mkpvz,f9fdd133-5d55-404f-b60c-a7f0c4b4eaf1,1,4183.567164
2026/02/05/00:29:17,running-time,rs-004081-mkpvz,f9fdd133-5d55-404f-b60c-a7f0c4b4eaf1,1,4183.567164
2026/02/05/00:29:17,apply-time,rs-004082-jqqgh,43c04b77-249f-4cb0-a9ef-f5f1c2ee1e0a,1,4183.567164
2026/02/05/00:29:17,running-time,rs-004082-jqqgh,43c04b77-249f-4cb0-a9ef-f5f1c2ee1e0a,1,4183.567164
2026/02/05/00:29:17,apply-time,rs-004083-9sxzl,ee100d9a-47e2-4594-a081-e26077e17acf,1,4183.567164
2026/02/05/00:29:17,apply-time,rs-004083-tbql2,f99c8473-96c1-4e68-90f4-55661cd34d8c,1,4183.567164
2026/02/05/00:29:17,running-time,rs-004083-tbql2,f99c8473-96c1-4e68-90f4-55661cd34d8c,1,4184.567164
2026/02/05/00:29:17,apply-time,rs-004084-mc9w5,e2293200-dfc0-44fb-acd4-64030ae8a938,1,4183.567164
2026/02/05/00:29:17,running-time,rs-004084-mc9w5,e2293200-dfc0-44fb-acd4-64030ae8a938,1,4183.567164
2026/02/05/00:29:17,apply-time,rs-004085-27swb,f23812db-dbda-4a4d-a3d8-3a56a7c48baf,1,4183.567164
2026/02/05/00:29:17,apply-time,rs-004085-2pkrc,249b6b52-013a-48d7-a10f-c55aa094d589,1,4183.567164
2026/02/05/00:29:17,apply-time,rs-004085-5zjqb,bcd83247-9e2c-4e53-a973-0398f17a6025,1,4183.567164
2026/02/05/00:29:18,running-time,rs-004080-btzbd,ef063bdf-6453-469c-b8be-9f7718874ad6,1,4185.567164
2026/02/05/00:29:18,running-time,rs-004083-9sxzl,ee100d9a-47e2-4594-a081-e26077e17acf,1,4185.567164
2026/02/05/00:29:18,running-time,rs-004085-27swb,f23812db-dbda-4a4d-a3d8-3a56a7c48baf,1,4184.567164
2026/02/05/00:29:18,running-time,rs-004085-2pkrc,249b6b52-013a-48d7-a10f-c55aa094d589,1,4184.567164
2026/02/05/00:29:18,running-time,rs-004085-5zjqb,bcd83247-9e2c-4e53-a973-0398f17a6025,1,4184.567164
2026/02/05/00:29:19,apply-time,rs-004086-4dhdv,c71c6c88-278c-49ff-aca5-6e28c79836e8,1,4185.567164
2026/02/05/00:29:19,running-time,rs-004086-4dhdv,c71c6c88-278c-49ff-aca5-6e28c79836e8,1,4185.567164
2026/02/05/00:29:19,apply-time,rs-004086-jg82z,efc1eba7-916f-47a5-813b-bc3295ec285d,1,4185.567164
2026/02/05/00:29:19,running-time,rs-004086-jg82z,efc1eba7-916f-47a5-813b-bc3295ec285d,1,4185.567164
2026/02/05/00:29:23,apply-time,rs-004087-28vkc,eaed10fc-e7f4-42d9-9d5b-148988234b15,1,4190.567164
2026/02/05/00:29:23,running-time,rs-004087-28vkc,eaed10fc-e7f4-42d9-9d5b-148988234b15,1,4190.567164
2026/02/05/00:29:23,apply-time,rs-004087-qxv78,cb18cd93-9293-4af0-8612-49658e8cb002,1,4190.567164
2026/02/05/00:29:23,running-time,rs-004087-qxv78,cb18cd93-9293-4af0-8612-49658e8cb002,1,4190.567164
2026/02/05/00:29:23,apply-time,rs-004088-m6x5q,ecbf9a53-697b-4cb3-a802-a4ad26c3a93a,1,4190.567164
2026/02/05/00:29:23,running-time,rs-004088-m6x5q,ecbf9a53-697b-4cb3-a802-a4ad26c3a93a,1,4190.567164
2026/02/05/00:29:25,apply-time,rs-004089-gwgpb,b0ca7da5-84a8-4a63-baa3-1fe57a8208cc,1,4191.567164
2026/02/05/00:29:25,apply-time,rs-004089-xqtg5,707d20bd-72ec-44c3-b9d2-9ef346debf06,1,4191.567164
2026/02/05/00:29:25,running-time,rs-004089-xqtg5,707d20bd-72ec-44c3-b9d2-9ef346debf06,1,4192.567164
2026/02/05/00:29:26,running-time,rs-004089-gwgpb,b0ca7da5-84a8-4a63-baa3-1fe57a8208cc,1,4193.567164
2026/02/05/00:29:27,apply-time,rs-004090-pddwl,a592a442-2e9c-453b-90c1-e30a1d5b2703,1,4194.567164
2026/02/05/00:29:27,running-time,rs-004090-pddwl,a592a442-2e9c-453b-90c1-e30a1d5b2703,1,4194.567164
2026/02/05/00:29:27,apply-time,rs-004090-qs64r,5d91d584-fbee-42d5-a612-a4687031acbf,1,4193.567164
2026/02/05/00:29:27,running-time,rs-004090-qs64r,5d91d584-fbee-42d5-a612-a4687031acbf,1,4194.567164
2026/02/05/00:29:27,apply-time,rs-004090-t5694,ea3a807e-c12a-4821-be55-69a435da5e02,1,4194.567164
2026/02/05/00:29:27,running-time,rs-004090-t5694,ea3a807e-c12a-4821-be55-69a435da5e02,1,4194.567164
2026/02/05/00:29:27,apply-time,rs-004091-blp9v,967f7958-7a2c-4a90-8ae8-42f4042002f9,1,4193.567164
2026/02/05/00:29:27,running-time,rs-004091-blp9v,967f7958-7a2c-4a90-8ae8-42f4042002f9,1,4194.567164
2026/02/05/00:29:27,apply-time,rs-004091-dg7lp,42c7967f-f697-42c4-864a-6b174a34ee01,1,4193.567164
2026/02/05/00:29:27,running-time,rs-004091-dg7lp,42c7967f-f697-42c4-864a-6b174a34ee01,1,4194.567164
2026/02/05/00:29:27,apply-time,rs-004091-kzbqm,c792c8d7-ce71-4af1-a3cb-6964e1b1ad7b,1,4193.567164
2026/02/05/00:29:27,running-time,rs-004091-kzbqm,c792c8d7-ce71-4af1-a3cb-6964e1b1ad7b,1,4194.567164
2026/02/05/00:29:27,apply-time,rs-004092-5nc2c,3da70905-766b-45ed-9791-eb7d0fc2876a,1,4194.567164
2026/02/05/00:29:27,apply-time,rs-004092-gm6dk,08b7f20f-97cc-44aa-8479-e3606a56b120,1,4194.567164
2026/02/05/00:29:27,apply-time,rs-004092-xcxpd,4207c545-24d0-474c-9dd7-a47b6dbf0d4a,1,4194.567164
2026/02/05/00:29:28,running-time,rs-004092-5nc2c,3da70905-766b-45ed-9791-eb7d0fc2876a,1,4195.567164
2026/02/05/00:29:28,apply-time,rs-004093-pdfj2,37eb0160-c2ff-471e-bc72-14d1e20ffc7a,1,4195.567164
2026/02/05/00:29:28,apply-time,rs-004093-wls7s,29957da9-ae7e-45a6-874c-0ded7e948d9b,1,4195.567164
2026/02/05/00:29:29,apply-time,rs-004094-vvff9,9d481e93-ae4b-4858-86da-e5d05004d039,1,4195.567164
2026/02/05/00:29:29,apply-time,rs-004094-wgd27,c4b3ea40-7aee-41f2-a793-b33deabc4c4a,1,4195.567164
2026/02/05/00:29:29,apply-time,rs-004094-zdnsx,5ea29c97-0f6e-4f5a-ae96-f3e0540a845c,1,4195.567164
2026/02/05/00:29:29,apply-time,rs-004095-jq7pz,bcdce8cc-a1d4-4e60-abdf-aac5849105ee,1,4195.567164
2026/02/05/00:29:29,apply-time,rs-004096-gmpvd,5feddc12-1bad-4daf-b008-0db5ec1779e8,1,4195.567164
2026/02/05/00:29:29,apply-time,rs-004096-mb54f,a5084ffd-d17e-4b33-90be-99d417986632,1,4195.567164
2026/02/05/00:29:29,apply-time,rs-004097-27tqm,61e77843-432b-47ff-9e35-f2ca1e95c41a,1,4196.567164
2026/02/05/00:29:29,running-time,rs-004097-27tqm,61e77843-432b-47ff-9e35-f2ca1e95c41a,1,4196.567164
2026/02/05/00:29:29,apply-time,rs-004097-582p4,9a05e3a9-9e8a-4b8c-b687-8e7d8e423a1b,1,4196.567164
2026/02/05/00:29:29,running-time,rs-004097-582p4,9a05e3a9-9e8a-4b8c-b687-8e7d8e423a1b,1,4196.567164
2026/02/05/00:29:29,apply-time,rs-004097-l9m4k,00575651-faf9-4b67-9549-37d03f0b9fe4,1,4196.567164
2026/02/05/00:29:29,running-time,rs-004097-l9m4k,00575651-faf9-4b67-9549-37d03f0b9fe4,1,4196.567164
2026/02/05/00:29:29,apply-time,rs-004098-zmwj5,61da5a18-dc79-4a06-af05-d5fdfaba53da,1,4196.567164
2026/02/05/00:29:29,apply-time,rs-004099-dh9bb,77d121cf-e674-4027-845c-0da76d90f7fc,1,4196.567164
2026/02/05/00:29:29,running-time,rs-004099-dh9bb,77d121cf-e674-4027-845c-0da76d90f7fc,1,4196.567164
2026/02/05/00:29:29,apply-time,rs-004099-lmjbv,3008bfca-3f51-436d-9c8f-b9ac3f177bf0,1,4196.567164
2026/02/05/00:29:29,running-time,rs-004099-lmjbv,3008bfca-3f51-436d-9c8f-b9ac3f177bf0,1,4196.567164
2026/02/05/00:29:30,running-time,rs-004098-zmwj5,61da5a18-dc79-4a06-af05-d5fdfaba53da,1,4196.567164
2026/02/05/00:29:33,apply-time,rs-004100-bn4rj,fc76ac22-8dc7-4125-949e-1f84379c2030,1,4199.567164
2026/02/05/00:29:33,running-time,rs-004100-bn4rj,fc76ac22-8dc7-4125-949e-1f84379c2030,1,4199.567164
2026/02/05/00:29:36,apply-time,rs-004101-qj2qh,392d5da1-5b16-433b-8f3e-dd761a2a31b1,1,4204.567164
2026/02/05/00:29:38,running-time,rs-004094-vvff9,9d481e93-ae4b-4858-86da-e5d05004d039,1,4204.567164
2026/02/05/00:29:46,apply-time,rs-004102-6gr2w,88e316e2-5cf4-46ee-8bb7-e22445997481,1,4212.567164
2026/02/05/00:29:46,running-time,rs-004102-6gr2w,88e316e2-5cf4-46ee-8bb7-e22445997481,1,4212.567164
2026/02/05/00:29:46,apply-time,rs-004102-glfzn,f5092216-8dbd-4b57-8b78-85497b1540ce,1,4212.567164
2026/02/05/00:29:46,running-time,rs-004102-glfzn,f5092216-8dbd-4b57-8b78-85497b1540ce,1,4212.567164
2026/02/05/00:29:46,apply-time,rs-004103-6h79r,88cbcf20-2ecc-484d-a3fc-66f1bdfa31f3,1,4212.567164
2026/02/05/00:29:46,running-time,rs-004103-6h79r,88cbcf20-2ecc-484d-a3fc-66f1bdfa31f3,1,4212.567164
2026/02/05/00:29:46,apply-time,rs-004103-md55j,be9efc5d-c683-49db-93c9-ac757cbc3455,1,4212.567164
2026/02/05/00:29:46,running-time,rs-004103-md55j,be9efc5d-c683-49db-93c9-ac757cbc3455,1,4212.567164
2026/02/05/00:29:46,apply-time,rs-004104-4lmbx,74d7ec93-2601-4986-8fff-1b218473bef0,1,4213.567164
2026/02/05/00:29:46,running-time,rs-004104-4lmbx,74d7ec93-2601-4986-8fff-1b218473bef0,1,4213.567164
2026/02/05/00:29:46,apply-time,rs-004104-v7xjg,cbb031ab-8f24-41e2-bf0d-b943b71b6899,1,4213.567164
2026/02/05/00:29:46,running-time,rs-004104-v7xjg,cbb031ab-8f24-41e2-bf0d-b943b71b6899,1,4213.567164
2026/02/05/00:29:48,apply-time,rs-004105-kvlxb,57ee253a-efa9-46ae-a556-d17312d9c367,1,4215.567164
2026/02/05/00:29:48,apply-time,rs-004105-ttbjn,0fbff2ed-bf97-4cd8-a292-6d60efdfc89e,1,4215.567164
2026/02/05/00:29:49,apply-time,rs-004106-6ng5q,e9f2645b-7b2e-42ac-a9de-3302aff73d6c,1,4215.567164
2026/02/05/00:29:49,running-time,rs-004106-6ng5q,e9f2645b-7b2e-42ac-a9de-3302aff73d6c,1,4215.567164
2026/02/05/00:29:49,apply-time,rs-004106-ncsck,81b4ccb7-aae5-47e0-aa08-d61db0cc6c49,1,4215.567164
2026/02/05/00:29:49,running-time,rs-004106-ncsck,81b4ccb7-aae5-47e0-aa08-d61db0cc6c49,1,4215.567164
2026/02/05/00:29:49,apply-time,rs-004107-hj9tj,c68e4963-1c59-4cad-af91-12d907c4e9b3,1,4215.567164
2026/02/05/00:29:49,apply-time,rs-004107-rgrcs,b016fd00-1556-4df8-905b-585d6e6a5262,1,4215.567164
2026/02/05/00:29:49,apply-time,rs-004107-s9rts,19e2682a-bf7b-4736-bc42-ff2f10a491ab,1,4215.567164
2026/02/05/00:29:49,running-time,rs-004107-s9rts,19e2682a-bf7b-4736-bc42-ff2f10a491ab,1,4215.567164
2026/02/05/00:29:49,apply-time,rs-004108-rb825,68fb0227-1286-4839-bded-03e45cb129b3,1,4215.567164
2026/02/05/00:29:49,running-time,rs-004108-rb825,68fb0227-1286-4839-bded-03e45cb129b3,1,4215.567164
2026/02/05/00:29:51,apply-time,rs-004109-qcv2q,0b59ce2e-25fe-47ab-acfb-a22ec7d3cfdb,1,4217.567164
2026/02/05/00:29:51,running-time,rs-004109-qcv2q,0b59ce2e-25fe-47ab-acfb-a22ec7d3cfdb,1,4217.567164
2026/02/05/00:29:51,apply-time,rs-004110-49gkk,6fe0c4e7-23d6-48b0-9c3e-4ec362b0e23f,1,4217.567164
2026/02/05/00:29:51,running-time,rs-004110-49gkk,6fe0c4e7-23d6-48b0-9c3e-4ec362b0e23f,1,4217.567164
2026/02/05/00:29:51,apply-time,rs-004110-qhpjx,99950cce-2431-4545-9188-dd267aa7643a,1,4217.567164
2026/02/05/00:29:51,running-time,rs-004110-qhpjx,99950cce-2431-4545-9188-dd267aa7643a,1,4217.567164
2026/02/05/00:29:51,apply-time,rs-004111-8klx7,c6734f5e-4a3a-4d4d-a869-fd832e2e4aa8,1,4217.567164
2026/02/05/00:29:51,apply-time,rs-004111-prd7g,c5784e6e-5d10-4410-bb8f-d98894b8f731,1,4217.567164
2026/02/05/00:29:51,running-time,rs-004111-prd7g,c5784e6e-5d10-4410-bb8f-d98894b8f731,1,4217.567164
2026/02/05/00:29:52,running-time,rs-004111-8klx7,c6734f5e-4a3a-4d4d-a869-fd832e2e4aa8,1,4218.567164
2026/02/05/00:29:53,running-time,rs-004094-zdnsx,5ea29c97-0f6e-4f5a-ae96-f3e0540a845c,1,4220.567164
2026/02/05/00:29:54,running-time,rs-004094-wgd27,c4b3ea40-7aee-41f2-a793-b33deabc4c4a,1,4220.567164
2026/02/05/00:29:58,apply-time,rs-004112-dlvj6,c037b807-7271-4d3c-ad24-283000fac3b5,1,4224.567164
2026/02/05/00:29:58,running-time,rs-004112-dlvj6,c037b807-7271-4d3c-ad24-283000fac3b5,1,4224.567164
2026/02/05/00:29:58,apply-time,rs-004112-s7757,f9eb9fd4-6f71-4140-8d97-d229b7cbfd4d,1,4224.567164
2026/02/05/00:29:58,running-time,rs-004112-s7757,f9eb9fd4-6f71-4140-8d97-d229b7cbfd4d,1,4224.567164
2026/02/05/00:29:58,apply-time,rs-004113-dbkwb,5c30711c-55e9-42fa-845b-3e4ef4be8cc4,1,4224.567164
2026/02/05/00:29:58,running-time,rs-004113-dbkwb,5c30711c-55e9-42fa-845b-3e4ef4be8cc4,1,4224.567164
2026/02/05/00:29:58,apply-time,rs-004113-k999v,65e26b31-d195-4314-adde-4cd7e18ed1e7,1,4224.567164
2026/02/05/00:29:58,apply-time,rs-004114-22n7w,fc69f559-0bae-4c69-92a9-154c97092e4e,1,4225.567164
2026/02/05/00:29:58,apply-time,rs-004114-bdpjn,829ded1d-ba33-4e20-86f1-283cc8618f20,1,4225.567164
2026/02/05/00:29:58,apply-time,rs-004114-xxbk6,ea86afd4-9a08-43e8-aabc-938570df8b23,1,4225.567164
2026/02/05/00:29:58,apply-time,rs-004115-b2pd9,a48942ed-cf5c-4a68-a1c9-1f3395710de4,1,4225.567164
2026/02/05/00:29:58,running-time,rs-004115-b2pd9,a48942ed-cf5c-4a68-a1c9-1f3395710de4,1,4225.567164
2026/02/05/00:29:58,apply-time,rs-004115-f2fq5,aaf19bc8-2296-428d-b46f-269921648845,1,4225.567164
2026/02/05/00:29:58,running-time,rs-004115-f2fq5,aaf19bc8-2296-428d-b46f-269921648845,1,4225.567164
2026/02/05/00:29:58,apply-time,rs-004115-t5b45,b7154f3d-218b-43a2-ae3b-288d25220ec9,1,4225.567164
2026/02/05/00:29:58,running-time,rs-004115-t5b45,b7154f3d-218b-43a2-ae3b-288d25220ec9,1,4225.567164
2026/02/05/00:29:58,apply-time,rs-004116-nmcdr,957fb7bf-d01b-4f0d-a0d3-1ee79a5e7c27,1,4225.567164
2026/02/05/00:29:58,running-time,rs-004116-nmcdr,957fb7bf-d01b-4f0d-a0d3-1ee79a5e7c27,1,4225.567164
2026/02/05/00:29:58,apply-time,rs-004116-pnng6,15f68311-50e9-4068-8ad4-6c950eae3cea,1,4225.567164
2026/02/05/00:29:58,running-time,rs-004116-pnng6,15f68311-50e9-4068-8ad4-6c950eae3cea,1,4225.567164
2026/02/05/00:29:58,apply-time,rs-004116-tlq62,aac1e3cc-e3a9-4954-9b2f-3836f8b9aa77,1,4225.567164
2026/02/05/00:29:58,running-time,rs-004116-tlq62,aac1e3cc-e3a9-4954-9b2f-3836f8b9aa77,1,4225.567164
2026/02/05/00:30:03,apply-time,rs-004117-gbp5j,8eac4e3c-5a7f-42ff-935f-1e52382a3aed,1,4229.567164
2026/02/05/00:30:03,running-time,rs-004117-gbp5j,8eac4e3c-5a7f-42ff-935f-1e52382a3aed,1,4229.567164
2026/02/05/00:30:03,apply-time,rs-004117-v4nxk,b29f29d5-f0f0-48c7-a343-5f2c8d46e503,1,4229.567164
2026/02/05/00:30:03,running-time,rs-004117-v4nxk,b29f29d5-f0f0-48c7-a343-5f2c8d46e503,1,4229.567164
2026/02/05/00:30:04,apply-time,rs-003954-wtnzt,361279e1-6cd9-43c6-be59-5fbbea2cc199,1,4231.567164
2026/02/05/00:30:04,running-time,rs-003954-wtnzt,361279e1-6cd9-43c6-be59-5fbbea2cc199,1,4231.567164
2026/02/05/00:30:04,running-time,rs-004113-k999v,65e26b31-d195-4314-adde-4cd7e18ed1e7,1,4231.567164
2026/02/05/00:30:12,apply-time,rs-004118-plprt,53cf80e2-e001-4ef9-b493-ba9f64f8b7bd,1,4239.567164
2026/02/05/00:30:12,running-time,rs-004118-plprt,53cf80e2-e001-4ef9-b493-ba9f64f8b7bd,1,4239.567164
2026/02/05/00:30:12,apply-time,rs-004119-frxl5,b7e77e7b-d7f8-4cd7-a490-a26bcbdb9fd3,1,4239.567164
2026/02/05/00:30:13,running-time,rs-004119-frxl5,b7e77e7b-d7f8-4cd7-a490-a26bcbdb9fd3,1,4239.567164
2026/02/05/00:30:13,apply-time,rs-004120-p4rpl,fbb1cada-5ceb-4182-befc-dfac862dc9dc,1,4239.567164
2026/02/05/00:30:13,running-time,rs-004120-p4rpl,fbb1cada-5ceb-4182-befc-dfac862dc9dc,1,4239.567164
2026/02/05/00:30:15,apply-time,rs-004121-bp6b8,c0cde942-8434-4fbe-a561-79adaebccdf2,1,4241.567164
2026/02/05/00:30:15,apply-time,rs-004121-c2sbc,9b351ea8-cd71-4681-9275-d3bac8289f96,1,4241.567164
2026/02/05/00:30:15,apply-time,rs-004122-7thrx,468446df-0e3a-454a-9079-28b37815883b,1,4241.567164
2026/02/05/00:30:15,apply-time,rs-004123-s847p,d5d4cf46-4812-4d00-95b5-bdef03052310,1,4241.567164
2026/02/05/00:30:15,running-time,rs-004123-s847p,d5d4cf46-4812-4d00-95b5-bdef03052310,1,4242.567164
2026/02/05/00:30:15,apply-time,rs-004123-scjnr,401d0108-f861-4977-9c4d-c31f3cecd87b,1,4241.567164
2026/02/05/00:30:15,running-time,rs-004123-scjnr,401d0108-f861-4977-9c4d-c31f3cecd87b,1,4242.567164
2026/02/05/00:30:15,apply-time,rs-004124-bz5hv,78bd4235-f412-4e12-954a-a4ecdb381cde,1,4241.567164
2026/02/05/00:30:15,running-time,rs-004124-bz5hv,78bd4235-f412-4e12-954a-a4ecdb381cde,1,4242.567164
2026/02/05/00:30:15,apply-time,rs-004125-6cgfn,0aa99ec1-5995-438a-8fbc-88bf3d0a740e,1,4241.567164
2026/02/05/00:30:15,apply-time,rs-004125-ppc44,90a876c1-66a7-4c30-ac0f-0cbfd5a1df88,1,4241.567164
2026/02/05/00:30:15,running-time,rs-004125-ppc44,90a876c1-66a7-4c30-ac0f-0cbfd5a1df88,1,4242.567164
2026/02/05/00:30:15,apply-time,rs-004125-w4jl9,3ef6d594-b83e-45f9-be79-64c42d6d4f51,1,4241.567164
2026/02/05/00:30:15,apply-time,rs-004126-4w7xl,3eed0227-c9d8-473f-bbd6-bbd9e783c9a0,1,4242.567164
2026/02/05/00:30:15,running-time,rs-004126-4w7xl,3eed0227-c9d8-473f-bbd6-bbd9e783c9a0,1,4242.567164
2026/02/05/00:30:15,apply-time,rs-004126-8d4nm,a2bd4c1e-b962-46fb-8fbf-d053821592c9,1,4242.567164
2026/02/05/00:30:15,running-time,rs-004126-8d4nm,a2bd4c1e-b962-46fb-8fbf-d053821592c9,1,4242.567164
2026/02/05/00:30:15,apply-time,rs-004127-fxb9d,99dea836-1500-4425-aa16-ddfeca594087,1,4242.567164
2026/02/05/00:30:15,apply-time,rs-004127-k69mw,0f72cf53-67b3-41c9-9838-78d39e99929b,1,4242.567164
2026/02/05/00:30:15,apply-time,rs-004127-sfzkp,ddb5dfe1-1e72-4aea-b3cc-bad4b4fb6ab0,1,4242.567164
2026/02/05/00:30:15,apply-time,rs-004128-2qffz,e02f42fa-7844-486a-b6dc-0541d0f9d90b,1,4242.567164
2026/02/05/00:30:15,apply-time,rs-004128-kwxgw,97ad05f3-8fdd-405f-8791-20bd5ae24aa2,1,4242.567164
2026/02/05/00:30:15,running-time,rs-004128-kwxgw,97ad05f3-8fdd-405f-8791-20bd5ae24aa2,1,4242.567164
2026/02/05/00:30:15,apply-time,rs-004129-6cjq9,7db1b8e6-3abf-4a89-8e57-1b59d52b0146,1,4242.567164
2026/02/05/00:30:15,running-time,rs-004129-6cjq9,7db1b8e6-3abf-4a89-8e57-1b59d52b0146,1,4242.567164
2026/02/05/00:30:16,running-time,rs-004128-2qffz,e02f42fa-7844-486a-b6dc-0541d0f9d90b,1,4242.567164
2026/02/05/00:30:16,apply-time,rs-004130-fbzm4,94f183e1-c9b0-471c-9f90-d224d2b9d504,1,4243.567164
2026/02/05/00:30:16,running-time,rs-004130-fbzm4,94f183e1-c9b0-471c-9f90-d224d2b9d504,1,4243.567164
2026/02/05/00:30:16,apply-time,rs-004130-gmvmb,8e3bb201-c8dc-4e44-9b24-1ab9d693c46f,1,4242.567164
2026/02/05/00:30:16,running-time,rs-004130-gmvmb,8e3bb201-c8dc-4e44-9b24-1ab9d693c46f,1,4242.567164
2026/02/05/00:30:16,apply-time,rs-004130-rl2hg,bfa7846c-1df9-4663-be9b-6c1d18730b03,1,4242.567164
2026/02/05/00:30:16,running-time,rs-004130-rl2hg,bfa7846c-1df9-4663-be9b-6c1d18730b03,1,4242.567164
2026/02/05/00:30:16,apply-time,rs-004131-fkkv4,4a1e15ad-7d1f-4aca-8ead-f9924cc4fc26,1,4242.567164
2026/02/05/00:30:16,apply-time,rs-004131-r56wx,194956c7-4fa3-4e20-98c6-17a40cdcf5fa,1,4243.567164
2026/02/05/00:30:16,apply-time,rs-004131-sj8tk,889720fe-2235-4f10-b4d4-01a8696ce04d,1,4243.567164
2026/02/05/00:30:16,apply-time,rs-004132-jqbdm,1e23d471-e17f-4d6e-9cca-8cdebd265926,1,4243.567164
2026/02/05/00:30:16,running-time,rs-004132-jqbdm,1e23d471-e17f-4d6e-9cca-8cdebd265926,1,4243.567164
2026/02/05/00:30:17,running-time,rs-004121-bp6b8,c0cde942-8434-4fbe-a561-79adaebccdf2,1,4244.567164
2026/02/05/00:30:17,apply-time,rs-004132-wq8fq,8afa7a15-2263-407c-9af8-ef902629c680,1,4243.567164
2026/02/05/00:30:17,running-time,rs-004132-wq8fq,8afa7a15-2263-407c-9af8-ef902629c680,1,4243.567164
2026/02/05/00:30:18,apply-time,rs-004133-r9njp,189f8b31-d6ec-4334-a839-9cdbadd8eb10,1,4244.567164
2026/02/05/00:30:18,running-time,rs-004133-r9njp,189f8b31-d6ec-4334-a839-9cdbadd8eb10,1,4245.567164
2026/02/05/00:30:18,apply-time,rs-004134-c7l54,26d44977-ebb2-4ea4-816a-89df30200c2f,1,4245.567164
2026/02/05/00:30:23,apply-time,rs-004135-sd9v7,b8800786-73c5-4d82-8fa9-e8a24e9a826c,1,4249.567164
2026/02/05/00:30:23,running-time,rs-004135-sd9v7,b8800786-73c5-4d82-8fa9-e8a24e9a826c,1,4249.567164
2026/02/05/00:30:23,apply-time,rs-004135-wjtqs,9613d85b-859e-42bf-8d71-b9690fef100c,1,4249.567164
2026/02/05/00:30:23,running-time,rs-004135-wjtqs,9613d85b-859e-42bf-8d71-b9690fef100c,1,4249.567164
2026/02/05/00:30:23,apply-time,rs-004136-c2pl6,b301d961-bb90-4d64-b54e-53b87aae9ab5,1,4250.567164
2026/02/05/00:30:23,apply-time,rs-004136-q5hr4,4aff7146-72ac-4ecf-9b57-2da67399953f,1,4250.567164
2026/02/05/00:30:23,running-time,rs-004136-q5hr4,4aff7146-72ac-4ecf-9b57-2da67399953f,1,4250.567164
2026/02/05/00:30:23,apply-time,rs-004136-s28wb,c98fe20a-956c-4416-815e-c3e5addca393,1,4250.567164
2026/02/05/00:30:23,running-time,rs-004136-s28wb,c98fe20a-956c-4416-815e-c3e5addca393,1,4250.567164
2026/02/05/00:30:23,apply-time,rs-004137-brx6p,5082dad0-6994-4884-8264-b5de90d6302e,1,4250.567164
2026/02/05/00:30:23,apply-time,rs-004137-kfvfq,cdbbf137-730d-4803-a914-b70f57870ac2,1,4250.567164
2026/02/05/00:30:23,apply-time,rs-004138-h8bh7,c629e2f9-f7d5-43b7-b76c-4252f7999a5d,1,4250.567164
2026/02/05/00:30:23,apply-time,rs-004139-8pxpb,7c15a131-d7f0-4094-b534-0c5717d201a7,1,4250.567164
2026/02/05/00:30:23,running-time,rs-004139-8pxpb,7c15a131-d7f0-4094-b534-0c5717d201a7,1,4250.567164
2026/02/05/00:30:23,apply-time,rs-004139-fwcn2,4b1a1a16-8a5c-4614-af0f-dd57fedbef71,1,4250.567164
2026/02/05/00:30:23,running-time,rs-004139-fwcn2,4b1a1a16-8a5c-4614-af0f-dd57fedbef71,1,4250.567164
2026/02/05/00:30:23,apply-time,rs-004139-kfjh5,a46cac7e-de7e-47c6-a6d2-ff04a5fbb9df,1,4250.567164
2026/02/05/00:30:23,running-time,rs-004139-kfjh5,a46cac7e-de7e-47c6-a6d2-ff04a5fbb9df,1,4250.567164
2026/02/05/00:30:23,apply-time,rs-004140-qzqm9,d11c320a-94c1-4ba6-ac6f-e09b950cc9a7,1,4250.567164
2026/02/05/00:30:24,apply-time,rs-004141-296dw,829726c9-103c-432e-8e40-92b36ae7ed9a,1,4250.567164
2026/02/05/00:30:24,apply-time,rs-004141-gk86f,515b677d-1eca-45a7-9e0e-be5f08e022a5,1,4250.567164
2026/02/05/00:30:24,apply-time,rs-004142-9wwp2,749e5351-7b5b-474d-aefb-4a2556ff1061,1,4250.567164
2026/02/05/00:30:24,apply-time,rs-004142-bdkpp,8a895e74-92f9-4be6-a7b5-d58dad4722c9,1,4250.567164
2026/02/05/00:30:24,apply-time,rs-004142-jjmtj,5ef2b87c-ca48-48a5-b595-964f41e90fa2,1,4250.567164
2026/02/05/00:30:24,apply-time,rs-004143-4ps56,25c148dc-06f1-4884-9550-e7d26befb6b6,1,4250.567164
2026/02/05/00:30:24,apply-time,rs-004143-jf2g8,7e1414ec-239d-4b6b-9193-d38f0b1ca195,1,4250.567164
2026/02/05/00:30:24,apply-time,rs-004144-ktn4v,b12f440e-a642-49da-a43b-6485a5fb57a1,1,4251.567164
2026/02/05/00:30:24,apply-time,rs-004144-mn4bb,e7f3f7a9-da0f-4516-a65f-e757fe51482f,1,4250.567164
2026/02/05/00:30:24,running-time,rs-004144-mn4bb,e7f3f7a9-da0f-4516-a65f-e757fe51482f,1,4250.567164
2026/02/05/00:30:24,apply-time,rs-004144-xgdds,0390d585-25ac-42a6-a177-997eacc721a5,1,4251.567164
2026/02/05/00:30:24,apply-time,rs-004145-nk6p8,5bf54da7-fa9c-47f8-9277-ea6aebd4540f,1,4250.567164
2026/02/05/00:30:24,apply-time,rs-004146-8tgng,f488546f-8675-4c2e-b92e-9d62ec97ac28,1,4251.567164
2026/02/05/00:30:25,running-time,rs-004136-c2pl6,b301d961-bb90-4d64-b54e-53b87aae9ab5,1,4252.567164
2026/02/05/00:30:25,running-time,rs-004143-4ps56,25c148dc-06f1-4884-9550-e7d26befb6b6,1,4252.567164
2026/02/05/00:30:25,running-time,rs-004144-xgdds,0390d585-25ac-42a6-a177-997eacc721a5,1,4252.567164
2026/02/05/00:30:25,apply-time,rs-004146-52pqm,4beb7bc7-dc0c-461c-8f96-04dfc574ae73,1,4251.567164
2026/02/05/00:30:25,apply-time,rs-004146-58457,83cfca01-adf1-4b23-bf3a-03b4c0ba7f37,1,4251.567164
2026/02/05/00:30:25,running-time,rs-004146-58457,83cfca01-adf1-4b23-bf3a-03b4c0ba7f37,1,4252.567164
2026/02/05/00:30:25,apply-time,rs-004147-78c9b,9a5bf277-f0f5-4886-840f-82095cd18257,1,4252.567164
2026/02/05/00:30:25,apply-time,rs-004147-cwj2k,2b63bd80-f1f8-4750-a83a-652502a735c4,1,4251.567164
2026/02/05/00:30:25,apply-time,rs-004148-chv4r,807e0f69-5616-49f2-a7aa-a675504ae40c,1,4251.567164
2026/02/05/00:30:25,apply-time,rs-004148-jhj28,2330b65a-e33b-40f7-9521-63055ad53cae,1,4252.567164
2026/02/05/00:30:25,apply-time,rs-004148-wbxz9,87e111ea-ee90-4144-8da4-22614442399f,1,4251.567164
2026/02/05/00:30:25,apply-time,rs-004149-hhgpf,9b737be9-04b2-4a4b-aa78-4f95ceced2d9,1,4251.567164
2026/02/05/00:30:25,running-time,rs-004149-hhgpf,9b737be9-04b2-4a4b-aa78-4f95ceced2d9,1,4252.567164
2026/02/05/00:30:25,apply-time,rs-004149-v2pmr,e877dd98-30f1-49ff-8ab3-800041f516b5,1,4251.567164
2026/02/05/00:30:25,running-time,rs-004149-v2pmr,e877dd98-30f1-49ff-8ab3-800041f516b5,1,4252.567164
2026/02/05/00:30:25,apply-time,rs-004149-zkctq,daf2b603-2487-4f47-8d39-a578e1864ace,1,4251.567164
2026/02/05/00:30:25,apply-time,rs-004150-8tvxj,2c4a917b-8010-4c45-b816-16757c831a71,1,4251.567164
2026/02/05/00:30:25,apply-time,rs-004151-jkw7z,113732cc-c2ab-41a9-ae2c-94149058cbbb,1,4252.567164
2026/02/05/00:30:26,apply-time,rs-004151-ssvzv,18ac18b5-bf13-47ce-8b06-b5d12654e085,1,4252.567164
2026/02/05/00:30:26,apply-time,rs-004152-4dv8d,c26401dd-1c65-467c-9139-ea31d510637e,1,4252.567164
2026/02/05/00:30:26,apply-time,rs-004152-sk8fj,f56006de-21ca-42d9-aeaa-7b4f57d91339,1,4252.567164
2026/02/05/00:30:26,apply-time,rs-004153-9k7kz,1eaec535-1492-4414-a2c6-0dc5ca7d87e8,1,4252.567164
2026/02/05/00:30:26,apply-time,rs-004153-kbt5t,dc844530-c778-4f12-82ad-3959d21de049,1,4252.567164
2026/02/05/00:30:26,apply-time,rs-004153-vds7s,d779ade5-c69c-480d-8c71-93de0f4e2e3d,1,4252.567164
2026/02/05/00:30:26,apply-time,rs-004154-csrgr,03882709-c81e-4808-83f8-f55bba657554,1,4253.567164
2026/02/05/00:30:27,apply-time,rs-004154-ll7h7,35f0616d-9f5a-49bf-b3b1-d629b3a575cf,1,4253.567164
2026/02/05/00:30:27,apply-time,rs-004154-t98xh,2673361d-7f61-4bb6-bbfa-6c486b78f5fa,1,4253.567164
2026/02/05/00:30:28,running-time,rs-004152-sk8fj,f56006de-21ca-42d9-aeaa-7b4f57d91339,1,4254.567164
2026/02/05/00:30:28,running-time,rs-004154-csrgr,03882709-c81e-4808-83f8-f55bba657554,1,4254.567164
2026/02/05/00:30:28,running-time,rs-004154-t98xh,2673361d-7f61-4bb6-bbfa-6c486b78f5fa,1,4254.567164
2026/02/05/00:30:29,running-time,rs-004154-ll7h7,35f0616d-9f5a-49bf-b3b1-d629b3a575cf,1,4255.567164
2026/02/05/00:30:29,apply-time,rs-004155-6hp8j,4c627a39-625e-47d2-9bc1-b6ed1c1feac0,1,4255.567164
2026/02/05/00:30:29,running-time,rs-004155-6hp8j,4c627a39-625e-47d2-9bc1-b6ed1c1feac0,1,4256.567164
2026/02/05/00:30:29,apply-time,rs-004156-jlzvh,9168c055-76ab-4290-bef8-81b1fa51b584,1,4255.567164
2026/02/05/00:30:29,running-time,rs-004156-jlzvh,9168c055-76ab-4290-bef8-81b1fa51b584,1,4256.567164
2026/02/05/00:30:29,apply-time,rs-004156-x8jft,c5031376-c048-4755-8f27-1a0797712b6c,1,4255.567164
2026/02/05/00:30:29,running-time,rs-004156-x8jft,c5031376-c048-4755-8f27-1a0797712b6c,1,4255.567164
2026/02/05/00:30:29,apply-time,rs-004157-htt9l,d680da38-5b4a-4dbf-ad59-2b466793a0b4,1,4255.567164
2026/02/05/00:30:29,apply-time,rs-004157-llpkr,58fc31b7-ee37-47f7-9d87-3c9270521af7,1,4255.567164
2026/02/05/00:30:29,running-time,rs-004157-llpkr,58fc31b7-ee37-47f7-9d87-3c9270521af7,1,4256.567164
2026/02/05/00:30:29,apply-time,rs-004158-vj242,bd41f950-76b7-402d-af4e-e8d42d51e0c8,1,4255.567164
2026/02/05/00:30:29,running-time,rs-004158-vj242,bd41f950-76b7-402d-af4e-e8d42d51e0c8,1,4255.567164
2026/02/05/00:30:29,apply-time,rs-004159-45srk,a60b981f-c57d-45f7-8ef1-9d319322c475,1,4256.567164
2026/02/05/00:30:29,running-time,rs-004159-45srk,a60b981f-c57d-45f7-8ef1-9d319322c475,1,4256.567164
2026/02/05/00:30:29,apply-time,rs-004160-vjmw9,c1536015-7097-43dd-8f53-479dbd7ee099,1,4256.567164
2026/02/05/00:30:29,apply-time,rs-004161-ph4lx,bc5de4d4-4e90-4466-a2f4-c9fb0f3970e9,1,4256.567164
2026/02/05/00:30:31,running-time,rs-004121-c2sbc,9b351ea8-cd71-4681-9275-d3bac8289f96,1,4258.567164
2026/02/05/00:30:31,running-time,rs-004141-296dw,829726c9-103c-432e-8e40-92b36ae7ed9a,1,4258.567164
2026/02/05/00:30:31,running-time,rs-004152-4dv8d,c26401dd-1c65-467c-9139-ea31d510637e,1,4258.567164
2026/02/05/00:30:34,running-time,rs-004146-52pqm,4beb7bc7-dc0c-461c-8f96-04dfc574ae73,1,4260.567164
2026/02/05/00:30:35,running-time,rs-004141-gk86f,515b677d-1eca-45a7-9e0e-be5f08e022a5,1,4261.567164
2026/02/05/00:30:35,running-time,rs-004146-8tgng,f488546f-8675-4c2e-b92e-9d62ec97ac28,1,4261.567164
2026/02/05/00:30:35,running-time,rs-004150-8tvxj,2c4a917b-8010-4c45-b816-16757c831a71,1,4261.567164
2026/02/05/00:30:40,apply-time,rs-004162-2hnb7,b4f53259-b438-46f6-b0cc-86e1c4e27abf,1,4267.567164
2026/02/05/00:30:40,running-time,rs-004162-2hnb7,b4f53259-b438-46f6-b0cc-86e1c4e27abf,1,4267.567164
2026/02/05/00:30:40,apply-time,rs-004162-lsqxs,6a427b29-1d39-4b60-8156-f8df5de030c8,1,4267.567164
2026/02/05/00:30:40,running-time,rs-004162-lsqxs,6a427b29-1d39-4b60-8156-f8df5de030c8,1,4267.567164
2026/02/05/00:30:41,apply-time,rs-004163-d2ljw,d4316c9d-0436-45e0-84f7-fe192d657a9b,1,4267.567164
2026/02/05/00:30:41,running-time,rs-004163-d2ljw,d4316c9d-0436-45e0-84f7-fe192d657a9b,1,4267.567164
2026/02/05/00:30:41,apply-time,rs-004163-g9r2r,425f59ae-9f4a-4bf3-91c5-6768f5c88447,1,4267.567164
2026/02/05/00:30:41,apply-time,rs-004163-r8qf5,3e97f557-5792-407f-bb99-24d27ed94a11,1,4267.567164
2026/02/05/00:30:41,apply-time,rs-004164-bt2w2,5aed78cd-afe2-4cc3-a659-18f9ddd44456,1,4267.567164
2026/02/05/00:30:41,apply-time,rs-004165-nvzfg,d59e268a-7c45-43b4-b5b7-c5061f231e7e,1,4267.567164
2026/02/05/00:30:41,running-time,rs-004165-nvzfg,d59e268a-7c45-43b4-b5b7-c5061f231e7e,1,4267.567164
2026/02/05/00:30:41,apply-time,rs-004166-4kgnt,56537cb3-11b6-4257-9ea8-62fba5b3045b,1,4267.567164
2026/02/05/00:30:41,apply-time,rs-004166-rxgzm,77d4d4ee-4b31-490e-bf1d-255eb305a35b,1,4267.567164
2026/02/05/00:30:41,apply-time,rs-004166-tcmqv,2fca16e6-942c-480b-ba03-f74e7f2ce202,1,4267.567164
2026/02/05/00:30:43,running-time,rs-004163-g9r2r,425f59ae-9f4a-4bf3-91c5-6768f5c88447,1,4269.567164
2026/02/05/00:30:43,running-time,rs-004163-r8qf5,3e97f557-5792-407f-bb99-24d27ed94a11,1,4269.567164
2026/02/05/00:30:45,apply-time,rs-004167-plxbk,628a5009-3a3e-4acb-b528-f41ec50920c3,1,4271.567164
2026/02/05/00:30:45,running-time,rs-004167-plxbk,628a5009-3a3e-4acb-b528-f41ec50920c3,1,4271.567164
2026/02/05/00:30:45,apply-time,rs-004167-pn7gv,30348562-41e1-498e-a4ca-e51effcfa9fe,1,4271.567164
2026/02/05/00:30:45,running-time,rs-004167-pn7gv,30348562-41e1-498e-a4ca-e51effcfa9fe,1,4271.567164
2026/02/05/00:30:45,apply-time,rs-004168-qlr5f,e99aa995-87a6-4ba7-b755-35f75749448a,1,4272.567164
2026/02/05/00:30:45,apply-time,rs-004169-9nmsb,cd122bb1-af3c-40f1-bce2-2f2c8d472e54,1,4272.567164
2026/02/05/00:30:45,running-time,rs-004169-9nmsb,cd122bb1-af3c-40f1-bce2-2f2c8d472e54,1,4272.567164
2026/02/05/00:30:45,apply-time,rs-004169-rgv8l,ccb87bd7-8fa0-4bb2-87b9-2cf43ec92aaf,1,4272.567164
2026/02/05/00:30:47,running-time,rs-004164-bt2w2,5aed78cd-afe2-4cc3-a659-18f9ddd44456,1,4273.567164
2026/02/05/00:30:51,apply-time,rs-004170-k22j4,3ca8fc88-4307-45b4-ba9a-19c5003ac36a,1,4277.567164
2026/02/05/00:30:51,running-time,rs-004170-k22j4,3ca8fc88-4307-45b4-ba9a-19c5003ac36a,1,4277.567164
2026/02/05/00:30:51,apply-time,rs-004170-p6pnl,29ade91a-bbde-4899-99a7-05be15708759,1,4277.567164
2026/02/05/00:30:51,running-time,rs-004170-p6pnl,29ade91a-bbde-4899-99a7-05be15708759,1,4277.567164
2026/02/05/00:30:53,apply-time,rs-004171-jvtvk,eb694cb1-9507-4ffd-a65a-5b27d6834d8a,1,4279.567164
2026/02/05/00:30:53,running-time,rs-004171-jvtvk,eb694cb1-9507-4ffd-a65a-5b27d6834d8a,1,4279.567164
2026/02/05/00:30:53,apply-time,rs-004172-6n58v,4ba75047-302d-4041-844c-3103645e41b7,1,4279.567164
2026/02/05/00:30:53,running-time,rs-004172-6n58v,4ba75047-302d-4041-844c-3103645e41b7,1,4279.567164
2026/02/05/00:30:53,apply-time,rs-004172-99xsm,03db1b6d-de81-4f7c-8627-8760d39a589d,1,4279.567164
2026/02/05/00:30:53,apply-time,rs-004172-fbb8j,3060dfea-b611-4381-9761-9058563c7fa0,1,4279.567164
2026/02/05/00:30:53,apply-time,rs-004173-kjkb8,bf6dbbe9-d301-410d-8839-38f55e6e35b5,1,4279.567164
2026/02/05/00:30:53,apply-time,rs-004173-rc6bt,6e3a5b8f-a87f-44b7-bf00-0f8727cdedb3,1,4279.567164
2026/02/05/00:30:53,running-time,rs-004173-rc6bt,6e3a5b8f-a87f-44b7-bf00-0f8727cdedb3,1,4279.567164
2026/02/05/00:30:53,apply-time,rs-004173-zr6jz,7e005427-3aa6-4ead-beb4-46ff16df5942,1,4279.567164
2026/02/05/00:30:53,apply-time,rs-004174-7wpxh,90a4e04f-83e3-478e-921f-67712596e971,1,4279.567164
2026/02/05/00:30:53,apply-time,rs-004174-btwzm,83fc8606-b403-46f2-a559-c8aaf40df0e3,1,4279.567164
2026/02/05/00:30:53,apply-time,rs-004174-z6bmd,2b746f58-c525-43a8-8517-45e5aaac7648,1,4279.567164
2026/02/05/00:30:53,apply-time,rs-004175-4bkd9,bc1cc326-bd12-46ff-a50f-9ab9b7390a2e,1,4279.567164
2026/02/05/00:30:55,apply-time,rs-004176-bjsbs,81ed5a5b-1c0e-49d9-bebc-88da2fa2d5bf,1,4281.567164
2026/02/05/00:30:55,apply-time,rs-004176-dfkrg,c3923a19-f91a-4e64-b2f5-ed637aaea192,1,4281.567164
2026/02/05/00:30:55,apply-time,rs-004177-9m4sb,d5cbc8a2-411d-4889-812a-fa78a4e99cfc,1,4281.567164
2026/02/05/00:30:55,apply-time,rs-004177-qpnq7,f0b7be2c-be4a-4841-8ed7-6113b3f10bc3,1,4281.567164
2026/02/05/00:30:55,apply-time,rs-004177-zpl9x,167185ca-b600-45f7-8cfd-55b7d543e2aa,1,4281.567164
2026/02/05/00:30:55,apply-time,rs-004178-29cd8,7bff9eed-6668-4c92-9ff2-91a50f6acb75,1,4281.567164
2026/02/05/00:30:55,running-time,rs-004178-29cd8,7bff9eed-6668-4c92-9ff2-91a50f6acb75,1,4281.567164
2026/02/05/00:30:55,apply-time,rs-004179-bj8nr,6184f4d9-806f-4a0f-b57f-f8a08aad8987,1,4281.567164
2026/02/05/00:30:55,apply-time,rs-004179-fgfjt,d6925445-421d-491a-b21f-001a9970593b,1,4281.567164
2026/02/05/00:30:55,apply-time,rs-004180-zhvzc,d5e8aea4-7678-4f77-b998-f212b1feb7bc,1,4281.567164
2026/02/05/00:30:55,apply-time,rs-004181-jlqgc,5f628fbf-661d-45b6-a50f-1cbcb16a3518,1,4281.567164
2026/02/05/00:30:55,apply-time,rs-004181-nc974,a4c6565c-6525-48e4-9719-c7b5a065654d,1,4281.567164
2026/02/05/00:30:55,apply-time,rs-004182-4lk8j,7b5fdb7d-7123-4cbd-932a-1d8a542c0dea,1,4281.567164
2026/02/05/00:30:55,apply-time,rs-004183-kf78p,337abec5-0511-4781-9762-d227ca3eea6e,1,4282.567164
2026/02/05/00:30:55,apply-time,rs-004183-vrtlq,95ba3773-6254-4762-96e1-f343aeeac358,1,4282.567164
2026/02/05/00:30:55,apply-time,rs-004184-2pmtc,c1f4116a-118c-4cc6-9e04-4cadbadea5ad,1,4282.567164
2026/02/05/00:30:55,apply-time,rs-004184-r2v8f,538736c7-f7d2-4bd4-a2de-ef65b4a8bfe7,1,4282.567164
2026/02/05/00:30:55,apply-time,rs-004185-vzfcq,4f6be419-fc0d-4c2d-a726-9a09352437ed,1,4281.567164
2026/02/05/00:30:55,apply-time,rs-004186-sgxhp,df87ce25-0b9f-49ee-88c9-7cc1af10f325,1,4282.567164
2026/02/05/00:30:56,apply-time,rs-004186-fwpw8,0982ba99-7d0b-4332-a059-16a8026be671,1,4282.567164
2026/02/05/00:30:58,running-time,rs-004172-fbb8j,3060dfea-b611-4381-9761-9058563c7fa0,1,4285.567164
2026/02/05/00:31:02,running-time,rs-004173-kjkb8,bf6dbbe9-d301-410d-8839-38f55e6e35b5,1,4289.567164
2026/02/05/00:31:02,running-time,rs-004173-zr6jz,7e005427-3aa6-4ead-beb4-46ff16df5942,1,4289.567164
2026/02/05/00:31:05,apply-time,rs-004187-9gr4s,710bf1f9-e153-45dd-bbf7-d76015b25c9a,1,4291.567164
2026/02/05/00:31:05,apply-time,rs-004187-h8bzq,3fa09618-d3ca-45d7-af53-fb51f5a38f66,1,4291.567164
2026/02/05/00:31:05,apply-time,rs-004187-qc9fg,648cdf05-d30f-4a61-909b-5faecebffac3,1,4291.567164
2026/02/05/00:31:05,apply-time,rs-004188-8xn7n,39419085-3235-49e6-81a9-09ed6c12c6aa,1,4292.567164
2026/02/05/00:31:05,running-time,rs-004188-8xn7n,39419085-3235-49e6-81a9-09ed6c12c6aa,1,4292.567164
2026/02/05/00:31:07,apply-time,rs-004189-9hn6d,d257e7e4-bc46-483c-93e2-a5c4714057c3,1,4293.567164
2026/02/05/00:31:07,running-time,rs-004189-9hn6d,d257e7e4-bc46-483c-93e2-a5c4714057c3,1,4294.567164
2026/02/05/00:31:07,apply-time,rs-004189-f4r2c,9ec5ebf7-5ac4-47ea-ac6d-d92cfebe9cb8,1,4293.567164
2026/02/05/00:31:07,apply-time,rs-004189-lqzfb,d224118b-5a90-4af8-bd4c-210d38fb7447,1,4293.567164
2026/02/05/00:31:07,apply-time,rs-004190-2bgsw,5475cce9-d278-41e9-b863-b94de6ccbd5c,1,4293.567164
2026/02/05/00:31:07,apply-time,rs-004190-g4znd,a26a39c2-b742-44d1-a616-8c0e76dd8fa3,1,4293.567164
2026/02/05/00:31:07,apply-time,rs-004191-2s92t,04d0bbbd-a2de-4f9c-abb9-cb73a5c848ef,1,4293.567164
2026/02/05/00:31:07,apply-time,rs-004192-8vprg,62893cfe-ab5d-43fd-b467-b7d3e4fe1b6d,1,4293.567164
2026/02/05/00:31:07,apply-time,rs-004192-gwl2h,6725420d-ab82-4391-bd1f-a5007b29347c,1,4293.567164
2026/02/05/00:31:07,apply-time,rs-004192-sqz2h,69cdd7bc-95d6-44bf-aa55-5bfbfcfb355c,1,4293.567164
2026/02/05/00:31:07,apply-time,rs-004193-h86l5,161f3093-cf3e-4e12-b039-fc30011795dc,1,4293.567164
2026/02/05/00:31:07,apply-time,rs-004193-rdv64,91b61db4-f331-4b24-9893-505494a96942,1,4293.567164
2026/02/05/00:31:07,apply-time,rs-004193-tvxq2,f52863ec-1867-428e-b93c-e2ab3c51e23a,1,4293.567164
2026/02/05/00:31:08,apply-time,rs-004194-5scrt,09662e02-ad1c-4a44-bb3f-e095c8762f89,1,4295.567164
2026/02/05/00:31:08,apply-time,rs-004194-dgddg,79ee922c-5962-41ee-848b-5cbb4fcfef88,1,4295.567164
2026/02/05/00:31:08,apply-time,rs-004195-d97kp,cbf15c46-a1aa-40f3-8be5-192a51b50d42,1,4295.567164
2026/02/05/00:31:09,apply-time,rs-004196-dhpxp,ed4019b3-eb71-46ee-84d7-29f1be9f5c85,1,4295.567164
2026/02/05/00:31:09,apply-time,rs-004197-hr79m,06b19204-4fe2-40fa-b9af-75d2a027c8d4,1,4295.567164
2026/02/05/00:31:09,apply-time,rs-004197-rqvv5,19de240e-44fb-431e-906e-42aa80e63d97,1,4295.567164
2026/02/05/00:31:09,apply-time,rs-004198-kkztc,94093918-dd13-4220-9ea2-d82ee4896fa2,1,4295.567164
2026/02/05/00:31:10,running-time,rs-004189-f4r2c,9ec5ebf7-5ac4-47ea-ac6d-d92cfebe9cb8,1,4296.567164
2026/02/05/00:31:12,apply-time,rs-004199-jzkhq,b81f40e5-d05f-45cc-8cfa-d771ea7f0891,1,4299.567164
2026/02/05/00:31:12,apply-time,rs-004199-wknlv,2f220284-4bcf-46d2-a8f2-ee19c0e34d73,1,4299.567164
2026/02/05/00:31:12,apply-time,rs-004200-cbqkp,bac3187a-b3be-434a-94db-46cc610dfa9f,1,4299.567164
2026/02/05/00:31:12,apply-time,rs-004200-lqzh2,8820038e-f93f-4b17-b4db-4eadab749856,1,4299.567164
2026/02/05/00:31:12,apply-time,rs-004201-fnchd,ef06e6fe-8e86-4651-85c6-a873a40b7997,1,4299.567164
2026/02/05/00:31:12,apply-time,rs-004201-grs5z,67b90509-810e-451a-9814-34da856d3079,1,4299.567164
2026/02/05/00:31:12,apply-time,rs-004202-62s4c,8ec242d8-499b-4319-b143-ac9db2625a23,1,4299.567164
2026/02/05/00:31:12,apply-time,rs-004202-hvsbt,79868970-23b9-4fca-96d7-62d26038faf3,1,4299.567164
2026/02/05/00:31:12,apply-time,rs-004202-jmkwc,2231879d-9f4a-469c-81e3-c5d8043d6c67,1,4299.567164
2026/02/05/00:31:12,apply-time,rs-004203-n94bv,239abec2-a61a-46b4-b65c-860d3422fc37,1,4299.567164
2026/02/05/00:31:12,apply-time,rs-004203-nxhcg,8bfafee1-58e8-4582-849f-172bfab68d71,1,4299.567164
2026/02/05/00:31:12,apply-time,rs-004203-t8f4g,39fb91b4-b233-4895-b8ad-2b9dd374cddb,1,4299.567164
2026/02/05/00:31:12,apply-time,rs-004204-bjrfk,8b93f510-2a6e-4cd9-905a-733db243c3b4,1,4299.567164
2026/02/05/00:31:12,apply-time,rs-004205-cbbz9,f090c481-78a3-49e1-81dc-78362f6c3a8f,1,4299.567164
2026/02/05/00:31:12,apply-time,rs-004206-pj7gq,663d5733-50bf-4eef-b73a-ba3e89fffc3f,1,4299.567164
2026/02/05/00:31:13,apply-time,rs-004204-grcf7,15427515-403b-42bb-9f93-86de8be13f78,1,4299.567164
2026/02/05/00:31:13,apply-time,rs-004205-g4hpf,f452be07-2cc3-4601-bacf-16ab24eb34b4,1,4299.567164
2026/02/05/00:31:13,apply-time,rs-004205-g8ks9,85df941f-d901-492c-b649-9cdc7726fc87,1,4299.567164
2026/02/05/00:31:13,apply-time,rs-004206-698tr,295a016b-be23-4a9f-b268-95c6df7de14d,1,4299.567164
2026/02/05/00:31:13,apply-time,rs-004206-vd5xc,9cd74782-6a0e-4fff-8e0e-8171e3028a50,1,4299.567164
2026/02/05/00:31:13,apply-time,rs-004207-qns9p,294b72f3-3444-4345-bffa-3e4081f34810,1,4299.567164
2026/02/05/00:31:16,apply-time,rs-004208-kjxfj,7c865f11-b5f2-43b8-83d7-2bd2eeede86a,1,4302.567164
2026/02/05/00:31:16,apply-time,rs-004208-zxpd5,b01134e2-a31c-4b30-a5cb-a101fdb92d51,1,4302.567164
2026/02/05/00:31:16,apply-time,rs-004209-f6b5x,e7a87492-be5f-4941-a81e-a3503cd63deb,1,4302.567164
2026/02/05/00:31:16,apply-time,rs-004210-b57x8,4b4276fe-2327-4ea2-929a-3b1a549b94bd,1,4302.567164
2026/02/05/00:31:16,running-time,rs-004210-b57x8,4b4276fe-2327-4ea2-929a-3b1a549b94bd,1,4302.567164
2026/02/05/00:31:16,apply-time,rs-004210-nttl6,5042a306-0b08-4ae5-a8a8-d4ed38ba0a9d,1,4302.567164
2026/02/05/00:31:16,apply-time,rs-004211-znhzh,338eb7e3-2ef3-4e32-b00c-00e3fd9129e4,1,4302.567164
2026/02/05/00:31:16,apply-time,rs-004212-hpp2g,8668991f-0675-4074-a259-03b7f88e1763,1,4302.567164
2026/02/05/00:31:16,apply-time,rs-004212-zvpmt,7f3ecf88-39ee-4968-b823-7642c73c1e31,1,4302.567164
2026/02/05/00:31:16,apply-time,rs-004213-8hj2q,a0c35770-c653-4ffb-a074-9971af5c7e20,1,4303.567164
2026/02/05/00:31:16,apply-time,rs-004213-vdr6p,87c16f17-29dc-45b7-b6a7-aa9d9d0f5287,1,4303.567164
2026/02/05/00:31:16,apply-time,rs-004214-lzf5j,61505366-497b-4073-81e4-a0601e8a4a53,1,4303.567164
2026/02/05/00:31:16,apply-time,rs-004215-7mph6,a2b4c98f-97a5-4bf1-9db1-3464d0a67d44,1,4303.567164
2026/02/05/00:31:16,apply-time,rs-004215-srwc9,6b31b1fd-0015-49fc-947b-98744cde0dcf,1,4303.567164
2026/02/05/00:31:18,running-time,rs-004189-lqzfb,d224118b-5a90-4af8-bd4c-210d38fb7447,1,4304.567164
2026/02/05/00:31:18,running-time,rs-004193-h86l5,161f3093-cf3e-4e12-b039-fc30011795dc,1,4304.567164
2026/02/05/00:31:18,running-time,rs-004193-rdv64,91b61db4-f331-4b24-9893-505494a96942,1,4304.567164
2026/02/05/00:31:18,running-time,rs-004210-nttl6,5042a306-0b08-4ae5-a8a8-d4ed38ba0a9d,1,4305.567164
2026/02/05/00:31:18,running-time,rs-004211-znhzh,338eb7e3-2ef3-4e32-b00c-00e3fd9129e4,1,4304.567164
2026/02/05/00:31:18,running-time,rs-004212-zvpmt,7f3ecf88-39ee-4968-b823-7642c73c1e31,1,4305.567164
2026/02/05/00:31:18,apply-time,rs-004216-9wq4g,d6c34828-911d-4c25-8289-4178c060affd,1,4304.567164
2026/02/05/00:31:18,apply-time,rs-004216-fhwb9,e2840b87-19bb-4432-b410-336dc6f98db2,1,4304.567164
2026/02/05/00:31:18,running-time,rs-004216-fhwb9,e2840b87-19bb-4432-b410-336dc6f98db2,1,4305.567164
2026/02/05/00:31:18,apply-time,rs-004216-rk2gv,1117d7c8-71fe-45a5-b15d-033ea17dddf2,1,4304.567164
2026/02/05/00:31:18,apply-time,rs-004217-9lnr6,13ab7465-ef5d-4798-a757-b7e0545326d9,1,4304.567164
2026/02/05/00:31:18,running-time,rs-004217-9lnr6,13ab7465-ef5d-4798-a757-b7e0545326d9,1,4305.567164
2026/02/05/00:31:18,apply-time,rs-004217-f6h6w,2354a424-2110-4b75-a09f-0b01113c8d5d,1,4304.567164
2026/02/05/00:31:18,apply-time,rs-004218-cdg2d,a8ac555f-8ef1-4fd6-90fb-dac0c561b6be,1,4304.567164
2026/02/05/00:31:18,apply-time,rs-004218-px4dr,fc272e06-76a5-449e-b179-753584525f99,1,4304.567164
2026/02/05/00:31:18,apply-time,rs-004218-s6fr5,ccc7753e-2109-4c0b-8069-b129860600b0,1,4304.567164
2026/02/05/00:31:19,running-time,rs-004212-hpp2g,8668991f-0675-4074-a259-03b7f88e1763,1,4305.567164
2026/02/05/00:31:19,running-time,rs-004216-9wq4g,d6c34828-911d-4c25-8289-4178c060affd,1,4305.567164
2026/02/05/00:31:19,running-time,rs-004216-rk2gv,1117d7c8-71fe-45a5-b15d-033ea17dddf2,1,4305.567164
2026/02/05/00:31:21,running-time,rs-004215-srwc9,6b31b1fd-0015-49fc-947b-98744cde0dcf,1,4307.567164
2026/02/05/00:31:22,running-time,rs-004193-tvxq2,f52863ec-1867-428e-b93c-e2ab3c51e23a,1,4309.567164
2026/02/05/00:31:22,running-time,rs-004194-5scrt,09662e02-ad1c-4a44-bb3f-e095c8762f89,1,4309.567164
2026/02/05/00:31:22,running-time,rs-004195-d97kp,cbf15c46-a1aa-40f3-8be5-192a51b50d42,1,4309.567164
2026/02/05/00:31:27,running-time,rs-004204-bjrfk,8b93f510-2a6e-4cd9-905a-733db243c3b4,1,4314.567164
2026/02/05/00:31:27,apply-time,rs-004219-66tpj,37137b8e-0159-4a40-8b33-26c2ca5daeb9,1,4314.567164
2026/02/05/00:31:27,running-time,rs-004219-66tpj,37137b8e-0159-4a40-8b33-26c2ca5daeb9,1,4314.567164
2026/02/05/00:31:27,apply-time,rs-004219-slxbd,b1309dfb-ef6d-4866-ad4e-a3aeb574c58b,1,4314.567164
2026/02/05/00:31:27,apply-time,rs-004220-ghcvg,67a81228-1b35-46d0-bc6b-cf8e71b8de8e,1,4314.567164
2026/02/05/00:31:27,apply-time,rs-004220-xnvqf,a5575135-dbce-4c36-8302-dd81e4a2d914,1,4314.567164
2026/02/05/00:31:27,apply-time,rs-004221-m58bd,4ed524a1-1e84-4e13-babd-d837a92a8aa7,1,4314.567164
2026/02/05/00:31:28,apply-time,rs-004222-2n8m4,93d68b10-751b-4a27-9571-771a85f558c2,1,4314.567164
2026/02/05/00:31:28,apply-time,rs-004222-htm2t,552a9c1e-1204-40f4-872e-87a24d898e3c,1,4314.567164
2026/02/05/00:31:28,apply-time,rs-004222-qcgjw,494ecac6-6094-4ffd-9139-fac8bffa25f3,1,4314.567164
2026/02/05/00:31:28,apply-time,rs-004223-vzmt4,0b238621-fbaa-4b04-b229-3ec3790ecb42,1,4314.567164
2026/02/05/00:31:28,apply-time,rs-004224-6zsk6,fe4974ea-4cad-4ad2-8491-0d09cf254697,1,4314.567164
2026/02/05/00:31:28,apply-time,rs-004224-hcnm5,0043294e-1f02-4bf3-af10-6dcee97c20a9,1,4314.567164
2026/02/05/00:31:28,apply-time,rs-004224-nhbrq,6cefe635-4899-4b4c-9741-e413a99bc8a6,1,4314.567164
2026/02/05/00:31:28,apply-time,rs-004225-clrrf,9ffe7a76-c2df-416c-a074-fd703feb79a9,1,4314.567164
2026/02/05/00:31:28,apply-time,rs-004225-mmsxb,b21a95a8-2699-46b6-bde6-d99bf9d639c3,1,4314.567164
2026/02/05/00:31:28,apply-time,rs-004226-68hkl,c688774a-5cc6-4fa4-b09c-631ce0ac9ecc,1,4315.567164
2026/02/05/00:31:28,running-time,rs-004226-68hkl,c688774a-5cc6-4fa4-b09c-631ce0ac9ecc,1,4315.567164
2026/02/05/00:31:28,apply-time,rs-004226-cn4zz,1998570b-a7d3-4e99-8e52-e283cab11f99,1,4315.567164
2026/02/05/00:31:28,apply-time,rs-004227-q9tc4,52c0139a-0710-496d-97c2-120d32211210,1,4315.567164
2026/02/05/00:31:28,apply-time,rs-004228-zhx2x,8e587cf4-332d-4392-af6a-ede82e2577ac,1,4314.567164
2026/02/05/00:31:28,apply-time,rs-004229-xnccj,9ceb0801-4e48-48d7-9183-ac752c23bb7d,1,4315.567164
2026/02/05/00:31:28,apply-time,rs-004230-kkhfk,4a00b56f-0c59-44f6-bc14-2e4ca6363df8,1,4315.567164
2026/02/05/00:31:29,running-time,rs-004219-slxbd,b1309dfb-ef6d-4866-ad4e-a3aeb574c58b,1,4316.567164
2026/02/05/00:31:29,running-time,rs-004222-2n8m4,93d68b10-751b-4a27-9571-771a85f558c2,1,4316.567164
2026/02/05/00:31:29,running-time,rs-004222-htm2t,552a9c1e-1204-40f4-872e-87a24d898e3c,1,4316.567164
2026/02/05/00:31:29,running-time,rs-004223-vzmt4,0b238621-fbaa-4b04-b229-3ec3790ecb42,1,4316.567164
2026/02/05/00:31:29,running-time,rs-004226-cn4zz,1998570b-a7d3-4e99-8e52-e283cab11f99,1,4316.567164
2026/02/05/00:31:29,apply-time,rs-004227-wjtg2,09e5a745-aac8-4ffc-9932-06554d0fd51a,1,4315.567164
2026/02/05/00:31:29,apply-time,rs-004229-g7b5m,2629b2bd-4a2c-4aa4-90ad-f96529535c22,1,4315.567164
2026/02/05/00:31:29,apply-time,rs-004230-bhvr9,825bc232-ba24-4e1e-9dcc-52b67f7d0cb2,1,4315.567164
2026/02/05/00:31:29,apply-time,rs-004230-x8n5t,1bfc0323-789c-4cf8-b423-d04b891efb54,1,4315.567164
2026/02/05/00:31:30,running-time,rs-004224-6zsk6,fe4974ea-4cad-4ad2-8491-0d09cf254697,1,4317.567164
2026/02/05/00:31:30,running-time,rs-004224-hcnm5,0043294e-1f02-4bf3-af10-6dcee97c20a9,1,4317.567164
2026/02/05/00:31:31,running-time,rs-004224-nhbrq,6cefe635-4899-4b4c-9741-e413a99bc8a6,1,4317.567164
2026/02/05/00:31:32,running-time,rs-004229-g7b5m,2629b2bd-4a2c-4aa4-90ad-f96529535c22,1,4318.567164
2026/02/05/00:31:34,running-time,rs-004172-99xsm,03db1b6d-de81-4f7c-8627-8760d39a589d,1,4320.567164
2026/02/05/00:31:34,running-time,rs-004228-zhx2x,8e587cf4-332d-4392-af6a-ede82e2577ac,1,4320.567164
2026/02/05/00:31:35,apply-time,rs-004231-sw8mb,5c2acc97-ee8e-4ba4-b4dd-8f2f1f4c7729,1,4321.567164
2026/02/05/00:31:35,running-time,rs-004231-sw8mb,5c2acc97-ee8e-4ba4-b4dd-8f2f1f4c7729,1,4321.567164
2026/02/05/00:31:35,apply-time,rs-004231-zbp4x,13628ffb-fa73-490e-82cd-7ddf20e9fba4,1,4321.567164
2026/02/05/00:31:35,running-time,rs-004231-zbp4x,13628ffb-fa73-490e-82cd-7ddf20e9fba4,1,4321.567164
2026/02/05/00:31:35,apply-time,rs-004232-b9pmg,2543838d-137d-4836-b42c-29280fbcb99e,1,4321.567164
2026/02/05/00:31:35,apply-time,rs-004232-m9jk9,cf05c738-b0bc-4d68-8ab1-4822aa2baad7,1,4321.567164
2026/02/05/00:31:35,apply-time,rs-004233-bkbt6,18b0eae3-a60a-4f10-98bd-86ca36709dd8,1,4321.567164
2026/02/05/00:31:35,apply-time,rs-004233-ct57d,7af383d9-2a92-48d7-9b0a-80b18ad40c37,1,4321.567164
2026/02/05/00:31:35,apply-time,rs-004233-jctwt,2392975b-5363-4089-9ccb-a1532ff5f844,1,4321.567164
2026/02/05/00:31:35,apply-time,rs-004234-cksjc,8be9e232-04f5-42a2-b52b-cf7bf449b409,1,4321.567164
2026/02/05/00:31:35,apply-time,rs-004234-g4ffd,cf36e17e-d895-42d7-bbf5-b7bb5575b4d1,1,4321.567164
2026/02/05/00:31:35,apply-time,rs-004234-r6pvd,2287f5c1-a5fd-45a3-8b42-23631f56ec89,1,4321.567164
2026/02/05/00:31:36,apply-time,rs-004235-ghv9n,e75e9de8-e38b-4fed-9c13-051bafb0d932,1,4322.567164
2026/02/05/00:31:36,apply-time,rs-004235-j9mh4,1e80c4f0-2c8e-4594-86de-b4239eecd4f8,1,4322.567164
2026/02/05/00:31:41,running-time,rs-004232-b9pmg,2543838d-137d-4836-b42c-29280fbcb99e,1,4328.567164
2026/02/05/00:31:43,running-time,rs-004234-r6pvd,2287f5c1-a5fd-45a3-8b42-23631f56ec89,1,4329.567164
2026/02/05/00:31:46,running-time,rs-004232-m9jk9,cf05c738-b0bc-4d68-8ab1-4822aa2baad7,1,4333.567164
2026/02/05/00:31:46,running-time,rs-004233-jctwt,2392975b-5363-4089-9ccb-a1532ff5f844,1,4333.567164
2026/02/05/00:31:49,running-time,rs-004233-bkbt6,18b0eae3-a60a-4f10-98bd-86ca36709dd8,1,4335.567164
2026/02/05/00:31:50,apply-time,rs-004236-2g8cv,43f059d6-458d-4f7a-9c02-9170f70c5315,1,4336.567164
2026/02/05/00:31:50,apply-time,rs-004236-6nhpx,74e86998-0a36-4f08-8f1d-0a32564aba28,1,4336.567164
2026/02/05/00:31:50,apply-time,rs-004237-blksd,adb5210b-a7c2-4af8-8f9f-e9348cf8bfe8,1,4336.567164
2026/02/05/00:31:50,running-time,rs-004237-blksd,adb5210b-a7c2-4af8-8f9f-e9348cf8bfe8,1,4336.567164
2026/02/05/00:31:50,apply-time,rs-004237-bslfz,f6a2314d-cf29-4094-af22-614758e98830,1,4336.567164
2026/02/05/00:31:50,running-time,rs-004237-bslfz,f6a2314d-cf29-4094-af22-614758e98830,1,4336.567164
2026/02/05/00:31:50,apply-time,rs-004238-4cc7c,a80331a0-4a94-4f4e-9f89-a8ccaa2bb865,1,4336.567164
2026/02/05/00:31:50,apply-time,rs-004238-54x9w,ac92df48-576c-43dd-be45-833b0e124c3b,1,4336.567164
2026/02/05/00:31:50,apply-time,rs-004239-62c4q,b9bf66c6-aa3e-41a3-8cab-ca27cc99e73d,1,4336.567164
2026/02/05/00:31:50,apply-time,rs-004239-xb65m,5c6c14f7-ce31-44d9-a6b7-c4f93a18527e,1,4336.567164
2026/02/05/00:31:51,running-time,rs-004239-62c4q,b9bf66c6-aa3e-41a3-8cab-ca27cc99e73d,1,4338.567164
2026/02/05/00:31:53,running-time,rs-004233-ct57d,7af383d9-2a92-48d7-9b0a-80b18ad40c37,1,4339.567164
2026/02/05/00:31:53,running-time,rs-004239-xb65m,5c6c14f7-ce31-44d9-a6b7-c4f93a18527e,1,4339.567164
2026/02/05/00:31:58,running-time,rs-004175-4bkd9,bc1cc326-bd12-46ff-a50f-9ab9b7390a2e,1,4345.567164
2026/02/05/00:31:59,running-time,rs-004227-wjtg2,09e5a745-aac8-4ffc-9932-06554d0fd51a,1,4346.567164
2026/02/05/00:31:59,running-time,rs-004236-6nhpx,74e86998-0a36-4f08-8f1d-0a32564aba28,1,4346.567164
2026/02/05/00:32:00,running-time,rs-004236-2g8cv,43f059d6-458d-4f7a-9c02-9170f70c5315,1,4346.567164
2026/02/05/00:32:01,running-time,rs-004214-lzf5j,61505366-497b-4073-81e4-a0601e8a4a53,1,4348.567164
2026/02/05/00:32:01,running-time,rs-004227-q9tc4,52c0139a-0710-496d-97c2-120d32211210,1,4348.567164
2026/02/05/00:32:02,apply-time,rs-004240-5d2g4,ee7e9077-9916-4e5a-863d-9903d1422207,1,4349.567164
2026/02/05/00:32:02,running-time,rs-004240-5d2g4,ee7e9077-9916-4e5a-863d-9903d1422207,1,4349.567164
2026/02/05/00:32:02,apply-time,rs-004240-klh9g,dd493178-b124-46af-89bc-16096fe802c7,1,4349.567164
2026/02/05/00:32:02,running-time,rs-004240-klh9g,dd493178-b124-46af-89bc-16096fe802c7,1,4349.567164
2026/02/05/00:32:02,apply-time,rs-004240-r6kjc,189153c6-978d-4fb7-9542-0b73199292ba,1,4349.567164
2026/02/05/00:32:02,running-time,rs-004240-r6kjc,189153c6-978d-4fb7-9542-0b73199292ba,1,4349.567164
2026/02/05/00:32:02,apply-time,rs-004241-4swl6,453fbcef-a11f-4e22-a99e-9354aff4b838,1,4349.567164
2026/02/05/00:32:02,running-time,rs-004241-4swl6,453fbcef-a11f-4e22-a99e-9354aff4b838,1,4349.567164
2026/02/05/00:32:02,apply-time,rs-004241-d6x4r,351c92e9-fa47-499a-9d87-420c5a9f3985,1,4349.567164
2026/02/05/00:32:02,apply-time,rs-004241-kmmtd,38c93d9b-1046-47dd-a5c5-d4c2d887f016,1,4349.567164
2026/02/05/00:32:04,apply-time,rs-004242-sh4r5,98c4669b-0c67-4e07-a215-7a3985badf78,1,4351.567164
2026/02/05/00:32:04,running-time,rs-004242-sh4r5,98c4669b-0c67-4e07-a215-7a3985badf78,1,4351.567164
2026/02/05/00:32:04,apply-time,rs-004243-w5zwk,3ed314a2-a3b8-47a6-b31a-fe8102c70459,1,4351.567164
2026/02/05/00:32:04,apply-time,rs-004244-kwn9t,3752d80e-1b81-44b7-b144-363ea8268e42,1,4351.567164
2026/02/05/00:32:04,apply-time,rs-004244-v9bgm,5223e770-891a-4f82-9ef0-cc1877341c39,1,4351.567164
2026/02/05/00:32:04,apply-time,rs-004245-6bw9j,cd4bb2a5-fdaf-44f5-9854-1b83719f7a2e,1,4351.567164
2026/02/05/00:32:04,apply-time,rs-004245-bzvqp,7cf41cf7-3808-44b5-ab2b-ba7d5589efff,1,4351.567164
2026/02/05/00:32:04,apply-time,rs-004245-q89lq,f6c3e104-7bb5-473c-938b-cdfae61e3f42,1,4351.567164
2026/02/05/00:32:05,running-time,rs-004243-w5zwk,3ed314a2-a3b8-47a6-b31a-fe8102c70459,1,4351.567164
2026/02/05/00:32:05,running-time,rs-004244-v9bgm,5223e770-891a-4f82-9ef0-cc1877341c39,1,4351.567164
2026/02/05/00:32:05,apply-time,rs-004246-2wmkr,9e589d76-ab36-40ef-8b6f-b5d73cc058ac,1,4351.567164
2026/02/05/00:32:05,apply-time,rs-004246-68lqx,6853379e-27fc-4743-af01-235161a12981,1,4351.567164
2026/02/05/00:32:05,apply-time,rs-004246-bwpw5,e06a452c-9270-40d8-932d-4a4d63c4e2c5,1,4351.567164
2026/02/05/00:32:10,apply-time,rs-004247-svw4j,d0b98c60-13e5-4ed9-a141-c6502c4d07e8,1,4357.567164
2026/02/05/00:32:10,running-time,rs-004247-svw4j,d0b98c60-13e5-4ed9-a141-c6502c4d07e8,1,4357.567164
2026/02/05/00:32:19,apply-time,rs-004248-jj4jx,55fa4e1c-c3b7-497d-a7e9-386288d00c19,1,4366.567164
2026/02/05/00:32:19,apply-time,rs-004249-4b2vr,11f31c9e-4521-4bbf-90c6-d62e85c71c66,1,4366.567164
2026/02/05/00:32:19,apply-time,rs-004250-5rqbd,ccac3067-f093-41e8-a57c-3fe6e631d603,1,4366.567164
2026/02/05/00:32:19,apply-time,rs-004250-92qms,b1b371ce-7c1f-422b-95d4-222bf8c7acd4,1,4366.567164
2026/02/05/00:32:19,running-time,rs-004250-92qms,b1b371ce-7c1f-422b-95d4-222bf8c7acd4,1,4366.567164
2026/02/05/00:32:19,apply-time,rs-004250-s6mlj,4dcd6645-0f69-4a49-9294-ac8e8f1ee36d,1,4366.567164
2026/02/05/00:32:19,running-time,rs-004250-s6mlj,4dcd6645-0f69-4a49-9294-ac8e8f1ee36d,1,4366.567164
2026/02/05/00:32:19,apply-time,rs-004251-ctxxj,99f45a5f-baaf-40d0-a7e0-2df29dce76a3,1,4366.567164
2026/02/05/00:32:19,running-time,rs-004251-ctxxj,99f45a5f-baaf-40d0-a7e0-2df29dce76a3,1,4366.567164
2026/02/05/00:32:19,apply-time,rs-004252-b7tmh,b3d10d40-d58a-43ed-9af4-2898889b2246,1,4366.567164
2026/02/05/00:32:19,running-time,rs-004252-b7tmh,b3d10d40-d58a-43ed-9af4-2898889b2246,1,4366.567164
2026/02/05/00:32:19,apply-time,rs-004252-zbxsc,5f38c0b4-5a02-4ba0-8171-d8de90431255,1,4366.567164
2026/02/05/00:32:19,running-time,rs-004252-zbxsc,5f38c0b4-5a02-4ba0-8171-d8de90431255,1,4366.567164
2026/02/05/00:32:19,apply-time,rs-004253-4whgb,724cdeaa-b0d3-4ba2-ba8e-10dc15ca0230,1,4366.567164
2026/02/05/00:32:19,apply-time,rs-004254-lzwk9,3b557e3e-9ae5-4b7b-9598-0e1b87b26240,1,4366.567164
2026/02/05/00:32:19,running-time,rs-004254-lzwk9,3b557e3e-9ae5-4b7b-9598-0e1b87b26240,1,4366.567164
2026/02/05/00:32:19,apply-time,rs-004255-8bp57,fcdd971f-2bea-4b84-9db1-e8b33242ee3c,1,4366.567164
2026/02/05/00:32:19,running-time,rs-004255-8bp57,fcdd971f-2bea-4b84-9db1-e8b33242ee3c,1,4366.567164
2026/02/05/00:32:20,running-time,rs-004253-4whgb,724cdeaa-b0d3-4ba2-ba8e-10dc15ca0230,1,4366.567164
2026/02/05/00:32:20,apply-time,rs-004255-j6c44,54a1c102-ca6b-43a2-a88b-da38d5bc29bf,1,4366.567164
2026/02/05/00:32:20,apply-time,rs-004255-mrkth,b17d3f41-ae31-4ba5-a62c-b46eb87f783f,1,4366.567164
2026/02/05/00:32:20,apply-time,rs-004256-hzzwr,7ada9930-62a0-4942-89b3-34995c5b3bb8,1,4366.567164
2026/02/05/00:32:20,apply-time,rs-004256-jrvk8,2b0b270d-cd89-4789-8f8c-381bf9a8b966,1,4367.567164
2026/02/05/00:32:20,apply-time,rs-004257-c44jw,5ffa576f-fd3d-4fa2-8044-d78ab202652e,1,4366.567164
2026/02/05/00:32:20,apply-time,rs-004258-8h4lm,24e5074b-1d96-4838-ad06-8f1ad207f9ab,1,4367.567164
2026/02/05/00:32:20,apply-time,rs-004258-p285r,07f18b3b-ec07-43ff-90a6-e6864c193565,1,4367.567164
2026/02/05/00:32:20,apply-time,rs-004258-xf94p,45d8fc6e-852e-4c8b-8c64-bc8bb7b80c2c,1,4367.567164
2026/02/05/00:32:21,apply-time,rs-004259-6hqkr,23b10344-dd30-4e1b-8575-eaea4815f3c3,1,4367.567164
2026/02/05/00:32:21,apply-time,rs-004260-sl4t9,1dc4cc00-317b-4698-98d9-9ec873509e95,1,4368.567164
2026/02/05/00:32:21,apply-time,rs-004261-dz8lj,31ca0206-830e-4167-a7b4-177636ed6851,1,4368.567164
2026/02/05/00:32:21,apply-time,rs-004261-j6hcf,7479e87b-d09b-4206-b670-8bba5c47cadc,1,4368.567164
2026/02/05/00:32:22,running-time,rs-004255-j6c44,54a1c102-ca6b-43a2-a88b-da38d5bc29bf,1,4369.567164
2026/02/05/00:32:23,running-time,rs-004248-jj4jx,55fa4e1c-c3b7-497d-a7e9-386288d00c19,1,4370.567164
2026/02/05/00:32:23,running-time,rs-004255-mrkth,b17d3f41-ae31-4ba5-a62c-b46eb87f783f,1,4370.567164
2026/02/05/00:32:24,apply-time,rs-004262-x66g6,cdfbad2f-49ba-4346-964f-c65a85c891a7,1,4371.567164
2026/02/05/00:32:28,running-time,rs-004262-x66g6,cdfbad2f-49ba-4346-964f-c65a85c891a7,1,4375.567164
2026/02/05/00:32:34,apply-time,rs-004263-b2jkk,806b32c7-0f14-4190-bf37-e149d6c008a6,1,4381.567164
2026/02/05/00:32:34,apply-time,rs-004263-ghhxd,28933e54-5dc2-4303-9522-ed3886fbe170,1,4381.567164
2026/02/05/00:32:34,apply-time,rs-004263-zgmhq,56e437b4-8038-4fe0-95ee-639787c1e657,1,4381.567164
2026/02/05/00:32:34,apply-time,rs-004264-s974x,225dc428-a505-44f9-ab00-c79f5e3ae252,1,4381.567164
2026/02/05/00:32:34,apply-time,rs-004265-2hdpb,c1c53310-4e21-4d96-b147-ee50cdfe1aa7,1,4381.567164
2026/02/05/00:32:34,apply-time,rs-004266-vs9ch,b4eef3f9-1cc4-4a15-9616-80e9775a93df,1,4381.567164
2026/02/05/00:32:34,running-time,rs-004266-vs9ch,b4eef3f9-1cc4-4a15-9616-80e9775a93df,1,4381.567164
2026/02/05/00:32:34,apply-time,rs-004267-cdvks,4f429feb-1be7-45dd-99ac-204e3405aadd,1,4381.567164
2026/02/05/00:32:34,apply-time,rs-004267-thtsh,fe362b1a-afe9-4d2f-aab1-6d7f66c572cd,1,4381.567164
2026/02/05/00:32:34,running-time,rs-004267-thtsh,fe362b1a-afe9-4d2f-aab1-6d7f66c572cd,1,4381.567164
2026/02/05/00:32:34,apply-time,rs-004267-vx7wc,824b78ff-5da6-4db1-ab4c-facbaaa133c1,1,4381.567164
2026/02/05/00:32:34,running-time,rs-004267-vx7wc,824b78ff-5da6-4db1-ab4c-facbaaa133c1,1,4381.567164
2026/02/05/00:32:45,apply-time,rs-004268-gkm8b,4134ce44-a276-41d0-a1a3-07df96ec0dac,1,4392.567164
2026/02/05/00:32:45,running-time,rs-004268-gkm8b,4134ce44-a276-41d0-a1a3-07df96ec0dac,1,4392.567164
2026/02/05/00:32:45,apply-time,rs-004269-2gdw9,620b4392-073c-49ab-8556-192c759cd9e9,1,4392.567164
2026/02/05/00:32:45,running-time,rs-004269-2gdw9,620b4392-073c-49ab-8556-192c759cd9e9,1,4392.567164
2026/02/05/00:32:45,apply-time,rs-004269-h9lws,6574618e-ad91-435c-a97f-d2689f2bde73,1,4392.567164
2026/02/05/00:32:45,running-time,rs-004269-h9lws,6574618e-ad91-435c-a97f-d2689f2bde73,1,4392.567164
2026/02/05/00:32:45,apply-time,rs-004270-gnwqb,0cbc3209-f0d7-4bd5-b694-f9fdb7182152,1,4392.567164
2026/02/05/00:32:45,running-time,rs-004270-gnwqb,0cbc3209-f0d7-4bd5-b694-f9fdb7182152,1,4392.567164
2026/02/05/00:32:45,apply-time,rs-004272-2lvps,9b1de49e-f0b1-4326-b85d-c58758b58421,1,4392.567164
2026/02/05/00:32:46,apply-time,rs-004271-d7gvd,c5bf430e-2ced-4e67-aadb-02b26b1cde2e,1,4392.567164
2026/02/05/00:32:46,running-time,rs-004271-d7gvd,c5bf430e-2ced-4e67-aadb-02b26b1cde2e,1,4392.567164
2026/02/05/00:32:46,apply-time,rs-004271-jfbl5,0a57f83c-b4b4-424f-add7-da69e4c687c9,1,4392.567164
2026/02/05/00:32:46,running-time,rs-004271-jfbl5,0a57f83c-b4b4-424f-add7-da69e4c687c9,1,4392.567164
2026/02/05/00:32:46,apply-time,rs-004272-s69f4,d4e25d5e-50d9-475f-b068-ad00bd803256,1,4392.567164
2026/02/05/00:32:46,apply-time,rs-004273-6kdsx,a8a383a1-cfa5-4799-bcd8-6a8c2197cf58,1,4392.567164
2026/02/05/00:32:46,running-time,rs-004273-6kdsx,a8a383a1-cfa5-4799-bcd8-6a8c2197cf58,1,4392.567164
2026/02/05/00:32:46,apply-time,rs-004273-fcx2f,6ae75563-0de4-4171-99c0-8c3c8788fba9,1,4392.567164
2026/02/05/00:32:46,apply-time,rs-004273-k4ct4,c9d6b01c-6178-469d-b1d7-6500846c5a42,1,4392.567164
2026/02/05/00:32:46,apply-time,rs-004274-5gbfq,9c5d594f-8a6a-4365-8787-7ec81369ae04,1,4393.567164
2026/02/05/00:32:46,running-time,rs-004274-5gbfq,9c5d594f-8a6a-4365-8787-7ec81369ae04,1,4393.567164
2026/02/05/00:32:46,apply-time,rs-004274-ltszk,90abfc42-d421-4781-9600-d180b9854960,1,4393.567164
2026/02/05/00:32:46,running-time,rs-004274-ltszk,90abfc42-d421-4781-9600-d180b9854960,1,4393.567164
2026/02/05/00:32:46,apply-time,rs-004274-xzr8g,24e9802a-8c0d-4b41-a855-ca3005c62d18,1,4393.567164
2026/02/05/00:32:46,running-time,rs-004274-xzr8g,24e9802a-8c0d-4b41-a855-ca3005c62d18,1,4393.567164
2026/02/05/00:32:46,apply-time,rs-004275-f7plf,c0186a2e-cc8e-4fe8-83f1-def8f692f61e,1,4393.567164
2026/02/05/00:32:46,running-time,rs-004275-f7plf,c0186a2e-cc8e-4fe8-83f1-def8f692f61e,1,4393.567164
2026/02/05/00:32:46,apply-time,rs-004276-sb95t,27c5b184-2b32-467a-881b-f1d0b62e5703,1,4393.567164
2026/02/05/00:32:47,running-time,rs-004273-k4ct4,c9d6b01c-6178-469d-b1d7-6500846c5a42,1,4394.567164
2026/02/05/00:32:47,running-time,rs-004276-sb95t,27c5b184-2b32-467a-881b-f1d0b62e5703,1,4394.567164
2026/02/05/00:32:47,apply-time,rs-004276-w4b8p,7e6ee71e-6b34-46d9-b558-7f1109bcf9de,1,4393.567164
2026/02/05/00:32:47,apply-time,rs-004277-94rxm,250bd199-cc81-4ca7-aa53-4ecf62e0b05d,1,4394.567164
2026/02/05/00:32:47,running-time,rs-004277-94rxm,250bd199-cc81-4ca7-aa53-4ecf62e0b05d,1,4394.567164
2026/02/05/00:32:47,apply-time,rs-004278-6t2j9,be261294-fc87-4b09-8f25-78ef61231f8f,1,4394.567164
2026/02/05/00:32:47,running-time,rs-004278-6t2j9,be261294-fc87-4b09-8f25-78ef61231f8f,1,4394.567164
2026/02/05/00:32:47,apply-time,rs-004279-8wtlh,98ef6397-1d17-4a1b-9715-30629798148e,1,4394.567164
2026/02/05/00:32:47,apply-time,rs-004279-zvxfw,1c417e54-5e33-4dc8-b3c8-68518aa7990d,1,4394.567164
2026/02/05/00:32:47,running-time,rs-004279-zvxfw,1c417e54-5e33-4dc8-b3c8-68518aa7990d,1,4394.567164
2026/02/05/00:32:48,running-time,rs-004276-w4b8p,7e6ee71e-6b34-46d9-b558-7f1109bcf9de,1,4395.567164
2026/02/05/00:32:48,running-time,rs-004279-8wtlh,98ef6397-1d17-4a1b-9715-30629798148e,1,4395.567164
2026/02/05/00:32:48,apply-time,rs-004280-bdbw2,cd20b814-9617-4c5c-9dc1-8fedaec53553,1,4395.567164
2026/02/05/00:32:48,running-time,rs-004280-bdbw2,cd20b814-9617-4c5c-9dc1-8fedaec53553,1,4395.567164
2026/02/05/00:32:48,apply-time,rs-004281-b7vh9,942e3b9e-2c13-48c3-b782-03773bb3a112,1,4395.567164
2026/02/05/00:32:48,apply-time,rs-004282-br8ds,8cbf676d-46b5-4051-9546-4512114024b5,1,4395.567164
2026/02/05/00:32:48,apply-time,rs-004284-7j68r,937803bf-258b-4380-9045-5a1a29281c80,1,4395.567164
2026/02/05/00:32:48,running-time,rs-004284-7j68r,937803bf-258b-4380-9045-5a1a29281c80,1,4395.567164
2026/02/05/00:32:48,apply-time,rs-004285-b97zm,4335e3a2-11fc-452c-bee4-cc8c16b6279b,1,4395.567164
2026/02/05/00:32:48,running-time,rs-004285-b97zm,4335e3a2-11fc-452c-bee4-cc8c16b6279b,1,4395.567164
2026/02/05/00:32:49,running-time,rs-004281-b7vh9,942e3b9e-2c13-48c3-b782-03773bb3a112,1,4396.567164
2026/02/05/00:32:49,running-time,rs-004282-br8ds,8cbf676d-46b5-4051-9546-4512114024b5,1,4396.567164
2026/02/05/00:32:49,apply-time,rs-004283-hgbpg,4ce5fe12-d7f0-4dea-9257-b7a7f0712052,1,4396.567164
2026/02/05/00:32:49,apply-time,rs-004283-mdmjx,81bb8d57-bb49-4d4b-8ed2-269daed1d3c4,1,4396.567164
2026/02/05/00:32:49,running-time,rs-004283-mdmjx,81bb8d57-bb49-4d4b-8ed2-269daed1d3c4,1,4396.567164
2026/02/05/00:32:49,apply-time,rs-004283-td8xt,a77670a7-b739-4477-a0e4-136e1ae25108,1,4395.567164
2026/02/05/00:32:49,apply-time,rs-004284-q87dc,57821ec0-3bc0-4a38-b570-624732cfe521,1,4395.567164
2026/02/05/00:32:49,running-time,rs-004284-q87dc,57821ec0-3bc0-4a38-b570-624732cfe521,1,4396.567164
2026/02/05/00:32:50,running-time,rs-004283-hgbpg,4ce5fe12-d7f0-4dea-9257-b7a7f0712052,1,4396.567164
2026/02/05/00:32:50,running-time,rs-004283-td8xt,a77670a7-b739-4477-a0e4-136e1ae25108,1,4396.567164
2026/02/05/00:32:50,apply-time,rs-004286-q9wbt,9301b975-863f-47bd-aab5-191e04beeb02,1,4397.567164
2026/02/05/00:32:50,apply-time,rs-004286-wjwrz,a2d1d1f2-e995-43b2-b117-3b98f2964b96,1,4397.567164
2026/02/05/00:32:50,apply-time,rs-004287-s44nk,6515635d-ba95-4395-a310-b28f7be3d2c8,1,4397.567164
2026/02/05/00:32:50,apply-time,rs-004288-sghh8,051f635f-455c-47ad-bb4b-60f1e902cb94,1,4397.567164
2026/02/05/00:32:50,running-time,rs-004288-sghh8,051f635f-455c-47ad-bb4b-60f1e902cb94,1,4397.567164
2026/02/05/00:32:50,apply-time,rs-004289-7kbf5,15c66c5f-c88c-4bb3-9b3f-1e40ababab1a,1,4397.567164
2026/02/05/00:32:50,running-time,rs-004289-7kbf5,15c66c5f-c88c-4bb3-9b3f-1e40ababab1a,1,4397.567164
2026/02/05/00:32:51,apply-time,rs-004287-fxjtq,63f15f79-939c-486a-a920-4c3fcb23a415,1,4397.567164
2026/02/05/00:32:51,running-time,rs-004287-s44nk,6515635d-ba95-4395-a310-b28f7be3d2c8,1,4397.567164
2026/02/05/00:32:51,apply-time,rs-004287-sw88x,03582467-8af4-4e32-a57b-8ee4a8d7a0da,1,4397.567164
2026/02/05/00:32:51,apply-time,rs-004289-6pr6l,0dd07d34-9dd8-4ad9-93ec-b8a42c2d3dc0,1,4397.567164
2026/02/05/00:32:51,apply-time,rs-004290-tf2jr,7785398c-2ca5-477d-92af-d0f8ba0c544e,1,4397.567164
2026/02/05/00:32:51,running-time,rs-004290-tf2jr,7785398c-2ca5-477d-92af-d0f8ba0c544e,1,4397.567164
2026/02/05/00:32:51,apply-time,rs-004290-tqzfj,94a641f4-5ddd-46f8-83b9-035e34ffa03a,1,4398.567164
2026/02/05/00:32:51,apply-time,rs-004291-ksfxj,dff2b4e0-91f6-421b-b103-9f122a2b9698,1,4397.567164
2026/02/05/00:32:51,apply-time,rs-004292-npwqf,1e14630b-cb61-4973-904c-1f2f75bea15b,1,4398.567164
2026/02/05/00:32:51,apply-time,rs-004293-6gk5n,612152fa-d119-47ff-a304-d3296e501706,1,4398.567164
2026/02/05/00:32:51,apply-time,rs-004293-6nkd9,2706dcba-0b2f-4a71-9dca-ecb3cd4efb9c,1,4398.567164
2026/02/05/00:32:51,apply-time,rs-004293-pdtgj,18f6a198-7b65-4f25-b56f-6d0729b52d81,1,4398.567164
2026/02/05/00:32:51,apply-time,rs-004294-gxsws,d1b2d4ed-f4e6-4ca3-b655-dfa10d311854,1,4398.567164
2026/02/05/00:32:51,running-time,rs-004294-gxsws,d1b2d4ed-f4e6-4ca3-b655-dfa10d311854,1,4398.567164
2026/02/05/00:32:51,apply-time,rs-004295-hntq4,29266508-35c6-4dbc-83f5-5f31b86d2455,1,4398.567164
2026/02/05/00:32:52,running-time,rs-004287-sw88x,03582467-8af4-4e32-a57b-8ee4a8d7a0da,1,4399.567164
2026/02/05/00:32:52,running-time,rs-004290-tqzfj,94a641f4-5ddd-46f8-83b9-035e34ffa03a,1,4399.567164
2026/02/05/00:32:52,apply-time,rs-004292-q878f,d118db59-b06d-453a-9126-279630909dd9,1,4398.567164
2026/02/05/00:32:52,running-time,rs-004295-hntq4,29266508-35c6-4dbc-83f5-5f31b86d2455,1,4398.567164
2026/02/05/00:32:52,apply-time,rs-004295-w4s4d,df49e1b3-4fcb-4845-bcdb-c1082a22f6ff,1,4398.567164
2026/02/05/00:32:52,running-time,rs-004295-w4s4d,df49e1b3-4fcb-4845-bcdb-c1082a22f6ff,1,4399.567164
2026/02/05/00:32:54,running-time,rs-004287-fxjtq,63f15f79-939c-486a-a920-4c3fcb23a415,1,4401.567164
2026/02/05/00:32:57,running-time,rs-004291-ksfxj,dff2b4e0-91f6-421b-b103-9f122a2b9698,1,4404.567164
2026/02/05/00:33:02,apply-time,rs-004296-s95q9,a7011f19-d8a8-45ea-845f-ad1434e56254,1,4408.567164
2026/02/05/00:33:02,running-time,rs-004296-s95q9,a7011f19-d8a8-45ea-845f-ad1434e56254,1,4408.567164
2026/02/05/00:33:02,apply-time,rs-004297-27c97,d15f7af4-3f7c-43e3-9a31-02d9bc16ccb5,1,4408.567164
2026/02/05/00:33:02,running-time,rs-004297-27c97,d15f7af4-3f7c-43e3-9a31-02d9bc16ccb5,1,4408.567164
2026/02/05/00:33:02,apply-time,rs-004297-bc28b,03ead070-70d2-436f-874c-f725f47e3e89,1,4408.567164
2026/02/05/00:33:02,running-time,rs-004297-bc28b,03ead070-70d2-436f-874c-f725f47e3e89,1,4408.567164
2026/02/05/00:33:02,apply-time,rs-004298-n5csc,c48c3916-fac4-4d73-8aba-78be3eb7250b,1,4408.567164
2026/02/05/00:33:02,running-time,rs-004298-n5csc,c48c3916-fac4-4d73-8aba-78be3eb7250b,1,4408.567164
2026/02/05/00:33:02,apply-time,rs-004299-fr8g8,dd554dbc-7409-43d9-9d62-1742167a3bcb,1,4408.567164
2026/02/05/00:33:02,apply-time,rs-004299-vfqv4,0b34b55b-c675-4559-8b91-b2fed5dc4a38,1,4408.567164
2026/02/05/00:33:02,apply-time,rs-004299-zk8gk,ee8bf714-d613-437a-96d0-8b10c9f8207c,1,4408.567164
2026/02/05/00:33:02,apply-time,rs-004300-hxdlz,24a18446-27c9-4015-aa72-c59f08e94d70,1,4408.567164
2026/02/05/00:33:02,running-time,rs-004300-hxdlz,24a18446-27c9-4015-aa72-c59f08e94d70,1,4408.567164
2026/02/05/00:33:02,apply-time,rs-004300-n2pbh,15a99f1f-87fe-461d-9e77-763a016a1e7a,1,4408.567164
2026/02/05/00:33:02,running-time,rs-004300-n2pbh,15a99f1f-87fe-461d-9e77-763a016a1e7a,1,4408.567164
2026/02/05/00:33:02,apply-time,rs-004300-s6ddt,8220f759-2ec3-4f72-914c-af3270cd8e7a,1,4408.567164
2026/02/05/00:33:02,running-time,rs-004300-s6ddt,8220f759-2ec3-4f72-914c-af3270cd8e7a,1,4408.567164
2026/02/05/00:33:02,apply-time,rs-004301-7gjbq,a122d067-8777-4dd8-95c4-e968c675e30d,1,4409.567164
2026/02/05/00:33:02,running-time,rs-004301-7gjbq,a122d067-8777-4dd8-95c4-e968c675e30d,1,4409.567164
2026/02/05/00:33:02,apply-time,rs-004301-d426r,c0686682-3047-4cf4-b74e-1ed66ce014fd,1,4409.567164
2026/02/05/00:33:02,running-time,rs-004301-d426r,c0686682-3047-4cf4-b74e-1ed66ce014fd,1,4409.567164
2026/02/05/00:33:02,apply-time,rs-004302-c8mt7,c8627fbb-ed97-404e-99a8-dcd1c4c99cfa,1,4409.567164
2026/02/05/00:33:02,apply-time,rs-004302-cwlkr,00d1f857-a44d-4d0b-aec1-08c76e76d463,1,4409.567164
2026/02/05/00:33:02,apply-time,rs-004303-pcmgv,2ef5ff3c-23cd-4226-81f0-3523ccf46fae,1,4409.567164
2026/02/05/00:33:02,apply-time,rs-004303-v5kgw,33e12965-fe2a-45c1-a4c1-7d279f4b107a,1,4409.567164
2026/02/05/00:33:02,running-time,rs-004303-v5kgw,33e12965-fe2a-45c1-a4c1-7d279f4b107a,1,4409.567164
2026/02/05/00:33:02,apply-time,rs-004304-tl522,c52b0d2e-83e9-4fb8-a050-0a2c64987992,1,4409.567164
2026/02/05/00:33:02,running-time,rs-004304-tl522,c52b0d2e-83e9-4fb8-a050-0a2c64987992,1,4409.567164
2026/02/05/00:33:02,apply-time,rs-004305-4skbj,6e88de1c-78c8-4b77-910e-6d4432912237,1,4409.567164
2026/02/05/00:33:02,apply-time,rs-004305-77qgl,9c5b115b-ce73-47f6-b706-7aad252ad2d2,1,4409.567164
2026/02/05/00:33:02,apply-time,rs-004305-f72s5,b5b2745c-0129-4b4e-9752-7800c6917b92,1,4409.567164
2026/02/05/00:33:03,apply-time,rs-004304-dlrnr,877b3571-ae25-44f6-8d3f-bb9d2d5955f1,1,4409.567164
2026/02/05/00:33:03,apply-time,rs-004306-gkp79,bf5d9bf4-2deb-4e75-9dd3-08fd5377eef6,1,4410.567164
2026/02/05/00:33:04,running-time,rs-004304-dlrnr,877b3571-ae25-44f6-8d3f-bb9d2d5955f1,1,4410.567164
2026/02/05/00:33:04,running-time,rs-004306-gkp79,bf5d9bf4-2deb-4e75-9dd3-08fd5377eef6,1,4410.567164
2026/02/05/00:33:04,apply-time,rs-004307-78h65,5f2a984f-b368-44a7-be35-9f6fbb4404f4,1,4411.567164
2026/02/05/00:33:04,apply-time,rs-004307-r4n54,4ab43f44-d889-4e56-a2ab-86a66560198d,1,4411.567164
2026/02/05/00:33:04,apply-time,rs-004308-lzrkw,604736fd-0d52-45d7-a979-fcbcdd737232,1,4411.567164
2026/02/05/00:33:04,running-time,rs-004308-lzrkw,604736fd-0d52-45d7-a979-fcbcdd737232,1,4411.567164
2026/02/05/00:33:04,apply-time,rs-004309-wmth4,d0d633e4-3b21-4060-ad26-6110ed3c5aab,1,4411.567164
2026/02/05/00:33:04,apply-time,rs-004310-2xvb9,86a66e00-a900-43a6-9ca0-64688437ed39,1,4411.567164
2026/02/05/00:33:05,apply-time,rs-004309-ccn2m,89001a33-acce-4931-8f95-2968576bd69a,1,4411.567164
2026/02/05/00:33:05,apply-time,rs-004309-r252w,e0b4cc2c-91c7-4e50-8e8e-9606ba76f1e0,1,4411.567164
2026/02/05/00:33:05,running-time,rs-004310-2xvb9,86a66e00-a900-43a6-9ca0-64688437ed39,1,4411.567164
2026/02/05/00:33:05,apply-time,rs-004311-nqtq8,d9ef13d1-ace3-48a6-b0f6-8830e28424b8,1,4411.567164
2026/02/05/00:33:05,running-time,rs-004311-nqtq8,d9ef13d1-ace3-48a6-b0f6-8830e28424b8,1,4411.567164
2026/02/05/00:33:05,apply-time,rs-004312-7prqk,54962d12-2da9-4f50-b1c3-39297dccd280,1,4411.567164
2026/02/05/00:33:05,running-time,rs-004312-7prqk,54962d12-2da9-4f50-b1c3-39297dccd280,1,4411.567164
2026/02/05/00:33:05,apply-time,rs-004312-g6kzs,9f3585e0-b22a-458c-96fb-0d2ae75aab51,1,4412.567164
2026/02/05/00:33:07,running-time,rs-004312-g6kzs,9f3585e0-b22a-458c-96fb-0d2ae75aab51,1,4414.567164
2026/02/05/00:33:08,running-time,rs-004307-r4n54,4ab43f44-d889-4e56-a2ab-86a66560198d,1,4414.567164
2026/02/05/00:33:09,running-time,rs-004307-78h65,5f2a984f-b368-44a7-be35-9f6fbb4404f4,1,4416.567164
2026/02/05/00:33:18,apply-time,rs-004313-m2f9n,2cdf1608-11f4-4891-a5c1-eacb478477d5,1,4425.567164
2026/02/05/00:33:18,apply-time,rs-004313-vszpk,5d967841-afb7-4fb7-a565-92fcedd6adb5,1,4425.567164
2026/02/05/00:33:18,apply-time,rs-004314-6fmm6,d2542a5a-ec3d-43f5-918f-cdebeb5ea280,1,4425.567164
2026/02/05/00:33:18,running-time,rs-004314-6fmm6,d2542a5a-ec3d-43f5-918f-cdebeb5ea280,1,4425.567164
2026/02/05/00:33:18,apply-time,rs-004314-cx9nk,8e52c661-5566-4ef1-b2e6-afa1bf5ddbbe,1,4425.567164
2026/02/05/00:33:18,running-time,rs-004314-cx9nk,8e52c661-5566-4ef1-b2e6-afa1bf5ddbbe,1,4425.567164
2026/02/05/00:33:18,apply-time,rs-004314-xtzmj,9c89cfa5-8692-4bcb-b86a-7e2706abd3ca,1,4425.567164
2026/02/05/00:33:18,running-time,rs-004314-xtzmj,9c89cfa5-8692-4bcb-b86a-7e2706abd3ca,1,4425.567164
2026/02/05/00:33:19,apply-time,rs-004315-jqv9l,f8e1612b-0d52-49e7-8781-9dce3db63e58,1,4425.567164
2026/02/05/00:33:19,running-time,rs-004315-jqv9l,f8e1612b-0d52-49e7-8781-9dce3db63e58,1,4425.567164
2026/02/05/00:33:19,apply-time,rs-004316-dtxf4,75ac9cc9-81d2-4bd5-a795-fda65d0795a8,1,4425.567164
2026/02/05/00:33:19,running-time,rs-004316-dtxf4,75ac9cc9-81d2-4bd5-a795-fda65d0795a8,1,4425.567164
2026/02/05/00:33:19,apply-time,rs-004316-r8wjz,0b694de7-2591-40d4-b3e2-348a744b1d91,1,4425.567164
2026/02/05/00:33:19,running-time,rs-004316-r8wjz,0b694de7-2591-40d4-b3e2-348a744b1d91,1,4425.567164
2026/02/05/00:33:19,apply-time,rs-004317-9hcqt,59058302-c71c-4ec6-b86d-9139e5f9066f,1,4426.567164
2026/02/05/00:33:19,running-time,rs-004317-9hcqt,59058302-c71c-4ec6-b86d-9139e5f9066f,1,4426.567164
2026/02/05/00:33:19,apply-time,rs-004317-9t9rm,785521c9-c138-4740-9685-6a123eb5afe4,1,4426.567164
2026/02/05/00:33:19,running-time,rs-004317-9t9rm,785521c9-c138-4740-9685-6a123eb5afe4,1,4426.567164
2026/02/05/00:33:19,apply-time,rs-004317-h48wc,63d5cba8-41b8-49c3-bb74-eeb15094f9db,1,4426.567164
2026/02/05/00:33:19,running-time,rs-004317-h48wc,63d5cba8-41b8-49c3-bb74-eeb15094f9db,1,4426.567164
2026/02/05/00:33:19,apply-time,rs-004318-6dqpx,e54f9866-dbe4-44e8-b9b9-a9fe1c31a9b7,1,4426.567164
2026/02/05/00:33:19,apply-time,rs-004318-d6v66,c712e72f-b514-41fe-8974-b12f00d40048,1,4426.567164
2026/02/05/00:33:19,apply-time,rs-004318-jbhmv,e0d6ce64-1dfc-43fe-bafc-8005c35f857a,1,4426.567164
2026/02/05/00:33:19,apply-time,rs-004319-nhxwd,203b16ae-eb8f-4e97-8141-fcac17172345,1,4426.567164
2026/02/05/00:33:19,running-time,rs-004319-nhxwd,203b16ae-eb8f-4e97-8141-fcac17172345,1,4426.567164
2026/02/05/00:33:19,apply-time,rs-004320-xm4fm,d7603bd1-2e21-4e55-a527-c45b19d90b6e,1,4426.567164
2026/02/05/00:33:19,running-time,rs-004320-xm4fm,d7603bd1-2e21-4e55-a527-c45b19d90b6e,1,4426.567164
2026/02/05/00:33:20,apply-time,rs-004321-4dfmr,66e309d8-9d9b-4f37-a097-dbbeeb0245bf,1,4427.567164
2026/02/05/00:33:20,apply-time,rs-004321-qjnml,37a539dd-668c-4235-a185-01402c95f29e,1,4426.567164
2026/02/05/00:33:20,apply-time,rs-004322-m8d7x,06474189-c10b-4013-8218-33eae657a080,1,4427.567164
2026/02/05/00:33:20,apply-time,rs-004322-mdkwx,f3bd95d1-0532-44cb-9b96-b9c2fb696c08,1,4427.567164
2026/02/05/00:33:20,apply-time,rs-004322-pknx6,7b03cc21-7e6c-4860-96f6-1389912118e6,1,4427.567164
2026/02/05/00:33:20,apply-time,rs-004323-hpgnz,1c1c39cb-0574-44da-a014-808318fe3b09,1,4427.567164
2026/02/05/00:33:20,apply-time,rs-004323-tvtnq,bf963628-6460-4ba6-bcff-5419685e556f,1,4427.567164
2026/02/05/00:33:20,apply-time,rs-004324-kclhw,e60f1873-bff7-4a7e-bb2f-18ef4c1e7ec1,1,4426.567164
2026/02/05/00:33:20,running-time,rs-004324-kclhw,e60f1873-bff7-4a7e-bb2f-18ef4c1e7ec1,1,4426.567164
2026/02/05/00:33:20,apply-time,rs-004324-wvpxn,3bfcff1a-c66b-4005-9c60-06b0b60c25c2,1,4427.567164
2026/02/05/00:33:20,apply-time,rs-004325-wbft9,25cc9bc0-8717-4c14-9847-9225e50d0aeb,1,4427.567164
2026/02/05/00:33:21,apply-time,rs-004326-2xvpp,7d29a51a-eeef-466e-bbd3-aba6656ede6e,1,4427.567164
2026/02/05/00:33:21,apply-time,rs-004326-jnvgq,328f699d-405f-4cc6-8948-579187de7880,1,4428.567164
2026/02/05/00:33:21,apply-time,rs-004326-x5pfx,4e5eb9d1-325d-4694-bddc-1cbde7f2f1cf,1,4428.567164
2026/02/05/00:33:24,running-time,rs-004325-wbft9,25cc9bc0-8717-4c14-9847-9225e50d0aeb,1,4430.567164
2026/02/05/00:33:26,running-time,rs-004322-m8d7x,06474189-c10b-4013-8218-33eae657a080,1,4433.567164
2026/02/05/00:33:28,running-time,rs-004322-mdkwx,f3bd95d1-0532-44cb-9b96-b9c2fb696c08,1,4434.567164
2026/02/05/00:33:32,apply-time,rs-004327-gkmr4,53cd81d6-ca44-493a-b288-99a623d57c2f,1,4439.567164
2026/02/05/00:33:32,running-time,rs-004327-gkmr4,53cd81d6-ca44-493a-b288-99a623d57c2f,1,4439.567164
2026/02/05/00:33:32,apply-time,rs-004327-m2xkq,e7974efb-24e8-41cf-968b-6b665322f776,1,4439.567164
2026/02/05/00:33:32,running-time,rs-004327-m2xkq,e7974efb-24e8-41cf-968b-6b665322f776,1,4439.567164
2026/02/05/00:33:32,apply-time,rs-004327-znkjf,7ce02da8-3d9e-46af-8009-750274aaf21f,1,4439.567164
2026/02/05/00:33:32,running-time,rs-004327-znkjf,7ce02da8-3d9e-46af-8009-750274aaf21f,1,4439.567164
2026/02/05/00:33:32,apply-time,rs-004328-qvc7g,67167a85-cc49-42a4-b020-d773636639ea,1,4439.567164
2026/02/05/00:33:32,running-time,rs-004328-qvc7g,67167a85-cc49-42a4-b020-d773636639ea,1,4439.567164
2026/02/05/00:33:32,apply-time,rs-004329-hs64w,ae07b473-224f-45df-a360-9ea6b4e3f329,1,4439.567164
2026/02/05/00:33:32,running-time,rs-004329-hs64w,ae07b473-224f-45df-a360-9ea6b4e3f329,1,4439.567164
2026/02/05/00:33:32,apply-time,rs-004330-8nvmq,db1ee3b3-a7e2-4ad7-8288-35c3bcc99b69,1,4439.567164
2026/02/05/00:33:32,running-time,rs-004330-8nvmq,db1ee3b3-a7e2-4ad7-8288-35c3bcc99b69,1,4439.567164
2026/02/05/00:33:32,apply-time,rs-004330-ljqhv,e32ddfab-c4a7-4498-817d-b04f9b437bc0,1,4439.567164
2026/02/05/00:33:32,running-time,rs-004330-ljqhv,e32ddfab-c4a7-4498-817d-b04f9b437bc0,1,4439.567164
2026/02/05/00:33:32,apply-time,rs-004330-ptml8,16821c6a-7e88-4fe7-be75-ded3dbb71142,1,4439.567164
2026/02/05/00:33:32,running-time,rs-004330-ptml8,16821c6a-7e88-4fe7-be75-ded3dbb71142,1,4439.567164
2026/02/05/00:33:32,apply-time,rs-004331-62fln,ae3a1ff1-55fb-4b8a-8942-289032d9b8b9,1,4439.567164
2026/02/05/00:33:32,running-time,rs-004331-62fln,ae3a1ff1-55fb-4b8a-8942-289032d9b8b9,1,4439.567164
2026/02/05/00:33:32,apply-time,rs-004332-5swcd,978eccc8-0cd5-4637-8ae7-f93c30301c38,1,4439.567164
2026/02/05/00:33:32,running-time,rs-004332-5swcd,978eccc8-0cd5-4637-8ae7-f93c30301c38,1,4439.567164
2026/02/05/00:33:33,apply-time,rs-004333-ztq5k,e344f5a3-fbf0-4d03-b117-0ac52ebac8ab,1,4439.567164
2026/02/05/00:33:33,running-time,rs-004333-ztq5k,e344f5a3-fbf0-4d03-b117-0ac52ebac8ab,1,4439.567164
2026/02/05/00:33:33,apply-time,rs-004334-dfclk,90aaf850-40e0-417c-a351-9518818398a7,1,4439.567164
2026/02/05/00:33:33,apply-time,rs-004334-nc8tf,dc59581a-6d17-407f-b34d-80ad55e69830,1,4440.567164
2026/02/05/00:33:35,running-time,rs-004334-dfclk,90aaf850-40e0-417c-a351-9518818398a7,1,4442.567164
2026/02/05/00:33:35,apply-time,rs-004335-gz86p,6ca68b9a-43c3-4bcc-82d5-927e69634936,1,4442.567164
2026/02/05/00:33:35,apply-time,rs-004335-pspjb,6fe50949-3909-4305-a9c2-50f831e09dfc,1,4442.567164
2026/02/05/00:33:35,apply-time,rs-004335-tzd5m,905d5e2d-d2a7-4eca-972e-e9a4eb89c80d,1,4442.567164
2026/02/05/00:33:35,apply-time,rs-004336-h7zhc,1919d113-ccd7-4d9c-b8e4-1d3c7bc09675,1,4442.567164
2026/02/05/00:33:35,running-time,rs-004336-h7zhc,1919d113-ccd7-4d9c-b8e4-1d3c7bc09675,1,4442.567164
2026/02/05/00:33:35,apply-time,rs-004336-ls7q4,bc167ef0-738d-4d0e-ac4b-51f36b6d1f8f,1,4442.567164
2026/02/05/00:33:35,running-time,rs-004336-ls7q4,bc167ef0-738d-4d0e-ac4b-51f36b6d1f8f,1,4442.567164
2026/02/05/00:33:35,apply-time,rs-004337-vxhxk,6f654e44-1317-4274-a22a-a1219f1efd66,1,4442.567164
2026/02/05/00:33:38,running-time,rs-004334-nc8tf,dc59581a-6d17-407f-b34d-80ad55e69830,1,4444.567164
2026/02/05/00:33:40,apply-time,rs-004338-6m9zm,5c4143ae-634a-40ca-9103-e042b555cd4d,1,4447.567164
2026/02/05/00:33:40,apply-time,rs-004338-gqbxf,819cbf7a-f3e4-4137-a58f-d025e2178857,1,4447.567164
2026/02/05/00:33:40,apply-time,rs-004338-ww27h,79a01856-c330-4cd9-b9c8-ba675bb855c4,1,4447.567164
2026/02/05/00:33:41,running-time,rs-004338-6m9zm,5c4143ae-634a-40ca-9103-e042b555cd4d,1,4447.567164
2026/02/05/00:33:41,running-time,rs-004338-gqbxf,819cbf7a-f3e4-4137-a58f-d025e2178857,1,4447.567164
2026/02/05/00:33:41,running-time,rs-004338-ww27h,79a01856-c330-4cd9-b9c8-ba675bb855c4,1,4447.567164
2026/02/05/00:33:41,apply-time,rs-004339-8hz2t,b595d4b0-251b-4442-ba47-819d11dfb2ed,1,4447.567164
2026/02/05/00:33:41,running-time,rs-004339-8hz2t,b595d4b0-251b-4442-ba47-819d11dfb2ed,1,4447.567164
2026/02/05/00:33:41,apply-time,rs-004339-rllpd,c66154d5-304b-48ae-9845-a3784f16557e,1,4447.567164
2026/02/05/00:33:41,running-time,rs-004339-rllpd,c66154d5-304b-48ae-9845-a3784f16557e,1,4447.567164
2026/02/05/00:33:41,apply-time,rs-004339-v967z,e705d5be-c113-46e6-a966-d2897c35a89f,1,4447.567164
2026/02/05/00:33:41,running-time,rs-004339-v967z,e705d5be-c113-46e6-a966-d2897c35a89f,1,4447.567164
2026/02/05/00:33:46,running-time,rs-004337-vxhxk,6f654e44-1317-4274-a22a-a1219f1efd66,1,4453.567164
2026/02/05/00:33:54,apply-time,rs-004340-84zr2,f82ce335-5231-49cb-af30-ecfbb031a8ae,1,4461.567164
2026/02/05/00:33:54,running-time,rs-004340-84zr2,f82ce335-5231-49cb-af30-ecfbb031a8ae,1,4461.567164
2026/02/05/00:33:54,apply-time,rs-004341-79qzh,17130dee-d513-4cae-b3d4-a570e553c7b9,1,4461.567164
2026/02/05/00:33:54,running-time,rs-004341-79qzh,17130dee-d513-4cae-b3d4-a570e553c7b9,1,4461.567164
2026/02/05/00:33:54,apply-time,rs-004342-2tmf6,ec50f332-a7a4-40bd-a927-944c63b14893,1,4461.567164
2026/02/05/00:33:54,running-time,rs-004342-2tmf6,ec50f332-a7a4-40bd-a927-944c63b14893,1,4461.567164
2026/02/05/00:33:54,apply-time,rs-004342-8hxbv,6be51c3c-da76-4949-abbc-db1a1d4255ab,1,4461.567164
2026/02/05/00:33:54,running-time,rs-004342-8hxbv,6be51c3c-da76-4949-abbc-db1a1d4255ab,1,4461.567164
2026/02/05/00:33:54,apply-time,rs-004342-bs2pz,dae73356-7df8-4408-87b1-d62cc7ac616d,1,4461.567164
2026/02/05/00:33:54,running-time,rs-004342-bs2pz,dae73356-7df8-4408-87b1-d62cc7ac616d,1,4461.567164
2026/02/05/00:33:54,apply-time,rs-004343-bw6rx,ba5b18f3-bd21-4e42-9c00-84b6ea2e658a,1,4461.567164
2026/02/05/00:33:54,running-time,rs-004343-bw6rx,ba5b18f3-bd21-4e42-9c00-84b6ea2e658a,1,4461.567164
2026/02/05/00:33:54,apply-time,rs-004344-k4knq,e099070b-dc73-4a08-bcc5-170726dc1a80,1,4461.567164
2026/02/05/00:33:54,apply-time,rs-004345-b7xqp,87ada4ce-10e5-450d-8a3f-be4a0c8ac50f,1,4461.567164
2026/02/05/00:33:54,running-time,rs-004345-b7xqp,87ada4ce-10e5-450d-8a3f-be4a0c8ac50f,1,4461.567164
2026/02/05/00:33:54,apply-time,rs-004345-wfl6r,5347ca66-8c8c-4cd3-95af-4a26c31840ab,1,4461.567164
2026/02/05/00:33:54,running-time,rs-004345-wfl6r,5347ca66-8c8c-4cd3-95af-4a26c31840ab,1,4461.567164
2026/02/05/00:33:55,apply-time,rs-004345-zgq64,b93a2ae0-726f-4632-a417-06fe9fc6a9f9,1,4461.567164
2026/02/05/00:33:55,running-time,rs-004345-zgq64,b93a2ae0-726f-4632-a417-06fe9fc6a9f9,1,4461.567164
2026/02/05/00:34:06,running-time,rs-004344-k4knq,e099070b-dc73-4a08-bcc5-170726dc1a80,1,4473.567164
2026/02/05/00:34:08,apply-time,rs-004346-lpzgj,11495207-a6e9-4266-9851-7eff5cea30e5,1,4475.567164
2026/02/05/00:34:08,running-time,rs-004346-lpzgj,11495207-a6e9-4266-9851-7eff5cea30e5,1,4475.567164
2026/02/05/00:34:09,apply-time,rs-004347-bz2ll,d385b44d-72bc-4f17-824d-10f32da6e877,1,4476.567164
2026/02/05/00:34:09,running-time,rs-004347-bz2ll,d385b44d-72bc-4f17-824d-10f32da6e877,1,4476.567164
2026/02/05/00:34:09,apply-time,rs-004347-w5dbm,a71ce7b5-871a-4b50-80fe-54c967611dc1,1,4476.567164
2026/02/05/00:34:09,running-time,rs-004347-w5dbm,a71ce7b5-871a-4b50-80fe-54c967611dc1,1,4476.567164
2026/02/05/00:34:09,apply-time,rs-004347-wz9d4,7059f203-f878-431e-9325-6cb34c4bfaa3,1,4476.567164
2026/02/05/00:34:09,running-time,rs-004347-wz9d4,7059f203-f878-431e-9325-6cb34c4bfaa3,1,4476.567164
2026/02/05/00:34:09,apply-time,rs-004348-7d7jc,6baee416-af53-427e-ace3-044d2ee9a4ec,1,4476.567164
2026/02/05/00:34:09,running-time,rs-004348-7d7jc,6baee416-af53-427e-ace3-044d2ee9a4ec,1,4476.567164
2026/02/05/00:34:09,apply-time,rs-004348-tg49j,cedcb12c-3a47-401f-86f1-b91c83144d88,1,4476.567164
2026/02/05/00:34:09,running-time,rs-004348-tg49j,cedcb12c-3a47-401f-86f1-b91c83144d88,1,4476.567164
2026/02/05/00:34:09,apply-time,rs-004349-fpl8j,3fde34c8-fead-4894-98ce-3609ed89ab13,1,4476.567164
2026/02/05/00:34:09,running-time,rs-004349-fpl8j,3fde34c8-fead-4894-98ce-3609ed89ab13,1,4476.567164
2026/02/05/00:34:09,apply-time,rs-004350-5k9b7,ad1d8fc0-9a87-42bc-8851-81c2fed3020c,1,4476.567164
2026/02/05/00:34:09,running-time,rs-004350-5k9b7,ad1d8fc0-9a87-42bc-8851-81c2fed3020c,1,4476.567164
2026/02/05/00:34:14,apply-time,rs-004351-hwhz2,1b63d887-3036-441f-83be-82f0547c9749,1,4481.567164
2026/02/05/00:34:14,running-time,rs-004351-hwhz2,1b63d887-3036-441f-83be-82f0547c9749,1,4481.567164
2026/02/05/00:34:14,apply-time,rs-004352-579t8,3e6fd3ec-e6f3-48a9-8cfe-0cb5b1c1e08d,1,4481.567164
2026/02/05/00:34:14,apply-time,rs-004352-vrff9,335383c1-9849-4e6c-a2e8-127cd155b66d,1,4481.567164
2026/02/05/00:34:14,apply-time,rs-004353-2b5ff,88060a2f-1fc6-40e2-8a6a-5ca843b98c36,1,4481.567164
2026/02/05/00:34:14,running-time,rs-004353-2b5ff,88060a2f-1fc6-40e2-8a6a-5ca843b98c36,1,4481.567164
2026/02/05/00:34:14,apply-time,rs-004353-6hjsz,328397bf-b962-41b4-8688-a9a47acadaf6,1,4481.567164
2026/02/05/00:34:14,running-time,rs-004353-6hjsz,328397bf-b962-41b4-8688-a9a47acadaf6,1,4481.567164
2026/02/05/00:34:14,apply-time,rs-004353-9mzh5,313f021d-8d3d-475f-a13c-dedc66c9493b,1,4481.567164
2026/02/05/00:34:14,running-time,rs-004353-9mzh5,313f021d-8d3d-475f-a13c-dedc66c9493b,1,4481.567164
2026/02/05/00:34:24,apply-time,rs-004354-9jcmc,9d7859c4-12b1-49ef-bf46-fbdccde7d7d2,1,4492.567164
2026/02/05/00:34:24,apply-time,rs-004354-bm7fn,481f0a36-c065-4956-929c-27c662b330e2,1,4492.567164
2026/02/05/00:34:24,running-time,rs-004354-bm7fn,481f0a36-c065-4956-929c-27c662b330e2,1,4492.567164
2026/02/05/00:34:24,apply-time,rs-004354-qbz8z,ea127626-8d3b-4671-b90b-e676d304509a,1,4492.567164
2026/02/05/00:34:24,apply-time,rs-004355-cclb9,444b6585-f0b4-4cd2-a7d4-e57a5af6efe0,1,4492.567164
2026/02/05/00:34:24,apply-time,rs-004355-m6swd,b631285d-31df-467d-89e1-f3dc54d108f1,1,4492.567164
2026/02/05/00:34:24,apply-time,rs-004355-zzlg8,cab9d676-0314-4810-904f-05093d42390b,1,4492.567164
2026/02/05/00:34:24,apply-time,rs-004356-6st92,8e42988b-4c82-42f3-b016-bcabe53d4546,1,4492.567164
2026/02/05/00:34:24,apply-time,rs-004356-ctb47,8637c946-97ea-40ab-b0a5-d6bbaa83a039,1,4492.567164
2026/02/05/00:34:24,apply-time,rs-004357-66dq2,519a2557-fa9a-4412-b82f-0f3c146b2f7e,1,4492.567164
2026/02/05/00:34:24,running-time,rs-004357-66dq2,519a2557-fa9a-4412-b82f-0f3c146b2f7e,1,4492.567164
2026/02/05/00:34:24,apply-time,rs-004358-dbdmg,d5f5cdf0-2003-4d53-9977-9c140be7a631,1,4492.567164
2026/02/05/00:34:24,apply-time,rs-004358-gdlcf,e66d213b-b842-4466-9039-3cec39b42cbc,1,4492.567164
2026/02/05/00:34:25,running-time,rs-004354-9jcmc,9d7859c4-12b1-49ef-bf46-fbdccde7d7d2,1,4492.567164
2026/02/05/00:34:25,running-time,rs-004354-qbz8z,ea127626-8d3b-4671-b90b-e676d304509a,1,4492.567164
2026/02/05/00:34:25,running-time,rs-004356-6st92,8e42988b-4c82-42f3-b016-bcabe53d4546,1,4492.567164
2026/02/05/00:34:25,running-time,rs-004356-ctb47,8637c946-97ea-40ab-b0a5-d6bbaa83a039,1,4492.567164
2026/02/05/00:34:25,running-time,rs-004358-dbdmg,d5f5cdf0-2003-4d53-9977-9c140be7a631,1,4492.567164
2026/02/05/00:34:25,running-time,rs-004358-gdlcf,e66d213b-b842-4466-9039-3cec39b42cbc,1,4492.567164
2026/02/05/00:34:25,apply-time,rs-004359-zgrjb,615c7439-e112-4615-b790-a4a590337f1c,1,4492.567164
2026/02/05/00:34:25,running-time,rs-004359-zgrjb,615c7439-e112-4615-b790-a4a590337f1c,1,4492.567164
2026/02/05/00:34:25,apply-time,rs-004360-6bkn4,df6bbea4-c689-4270-a1aa-9d39a61c345a,1,4492.567164
2026/02/05/00:34:25,running-time,rs-004360-6bkn4,df6bbea4-c689-4270-a1aa-9d39a61c345a,1,4492.567164
2026/02/05/00:34:25,apply-time,rs-004361-tnmfx,177b517c-3c4c-479a-888b-cc6eec54233f,1,4492.567164
2026/02/05/00:34:25,running-time,rs-004361-tnmfx,177b517c-3c4c-479a-888b-cc6eec54233f,1,4492.567164
2026/02/05/00:34:25,apply-time,rs-004362-4bwdk,bdd10871-82fc-442a-9936-fca32d777172,1,4492.567164
2026/02/05/00:34:25,running-time,rs-004362-4bwdk,bdd10871-82fc-442a-9936-fca32d777172,1,4492.567164
2026/02/05/00:34:26,apply-time,rs-004360-thjxz,f0b4105a-acde-4b81-8f9a-94b001e956e8,1,4493.567164
2026/02/05/00:34:26,running-time,rs-004360-thjxz,f0b4105a-acde-4b81-8f9a-94b001e956e8,1,4493.567164
2026/02/05/00:34:26,apply-time,rs-004361-wz45h,d6243be9-d52c-469e-bbd7-4a2a9e82bb0f,1,4492.567164
2026/02/05/00:34:26,apply-time,rs-004362-qx8v6,0b1b6104-ddb7-4de4-87c8-fc637d37c683,1,4493.567164
2026/02/05/00:34:26,running-time,rs-004362-qx8v6,0b1b6104-ddb7-4de4-87c8-fc637d37c683,1,4493.567164
2026/02/05/00:34:26,apply-time,rs-004363-nzvth,1af3abb4-86d8-4d26-aef9-fb77634262a5,1,4492.567164
2026/02/05/00:34:28,apply-time,rs-004364-khbbn,06bb4c6c-b09a-43a7-a58a-fe8171c2dc38,1,4495.567164
2026/02/05/00:34:28,apply-time,rs-004365-q7nnd,791c5e60-addd-4008-aa38-f684be90b966,1,4495.567164
2026/02/05/00:34:31,apply-time,rs-004366-gvb46,190f8c24-1eae-405b-9728-fd54d811c2fc,1,4498.567164
2026/02/05/00:34:31,running-time,rs-004366-gvb46,190f8c24-1eae-405b-9728-fd54d811c2fc,1,4498.567164
2026/02/05/00:34:31,apply-time,rs-004366-hb2jl,36477301-0e8e-46c4-804b-df0d3b1fcf34,1,4498.567164
2026/02/05/00:34:31,running-time,rs-004366-hb2jl,36477301-0e8e-46c4-804b-df0d3b1fcf34,1,4498.567164
2026/02/05/00:34:32,running-time,rs-004363-nzvth,1af3abb4-86d8-4d26-aef9-fb77634262a5,1,4499.567164
2026/02/05/00:34:34,apply-time,rs-004367-99vcg,0a4a5fb5-65f1-4a0e-a925-6f52c0c726ea,1,4501.567164
2026/02/05/00:34:36,apply-time,rs-004368-6vt5p,4671348d-dd06-4e5b-ae03-42cfe67b914f,1,4503.567164
2026/02/05/00:34:36,running-time,rs-004368-6vt5p,4671348d-dd06-4e5b-ae03-42cfe67b914f,1,4503.567164
2026/02/05/00:34:36,apply-time,rs-004368-p7v8p,b4f06ea1-e29d-4a85-b1ec-dcece7dc77d4,1,4503.567164
2026/02/05/00:34:36,running-time,rs-004368-p7v8p,b4f06ea1-e29d-4a85-b1ec-dcece7dc77d4,1,4503.567164
2026/02/05/00:34:36,apply-time,rs-004369-mmdcp,e0a3a72c-e76f-4888-98a4-6b4647b23994,1,4503.567164
2026/02/05/00:34:36,running-time,rs-004369-mmdcp,e0a3a72c-e76f-4888-98a4-6b4647b23994,1,4503.567164
2026/02/05/00:34:36,apply-time,rs-004370-9n2r4,d1aed7e7-4f75-4412-999a-c20a73a9fe62,1,4503.567164
2026/02/05/00:34:36,apply-time,rs-004370-qkkjq,dd9e6980-b1a7-448a-a85b-6587a8f80ea2,1,4503.567164
2026/02/05/00:34:36,apply-time,rs-004370-whkjq,2c49f69d-94e0-423e-ba6f-1866a73d60d8,1,4503.567164
2026/02/05/00:34:36,apply-time,rs-004371-7b9f2,2efc0559-5494-4b95-84de-4d18639e9c05,1,4503.567164
2026/02/05/00:34:36,apply-time,rs-004371-w4czc,7ed921ee-4f10-4ac8-b11f-995f97474f90,1,4503.567164
2026/02/05/00:34:36,apply-time,rs-004371-xxwfw,7c200f89-e30a-4c08-89d7-c81b050abaa4,1,4503.567164
2026/02/05/00:34:38,apply-time,rs-004372-97fsv,7c9d7dcc-adc6-49b8-a188-173555f5b4d4,1,4505.567164
2026/02/05/00:34:38,running-time,rs-004372-97fsv,7c9d7dcc-adc6-49b8-a188-173555f5b4d4,1,4505.567164
2026/02/05/00:34:38,apply-time,rs-004373-b7cd4,1f6d803b-14bb-400c-94d4-2ef6359c12a3,1,4505.567164
2026/02/05/00:34:38,running-time,rs-004373-b7cd4,1f6d803b-14bb-400c-94d4-2ef6359c12a3,1,4505.567164
2026/02/05/00:34:38,apply-time,rs-004373-tv48z,30744ee1-d45a-4661-ae59-d7cdacfaf51e,1,4505.567164
2026/02/05/00:34:38,running-time,rs-004373-tv48z,30744ee1-d45a-4661-ae59-d7cdacfaf51e,1,4505.567164
2026/02/05/00:34:38,apply-time,rs-004374-djg8t,215b7286-4e2a-469d-8c22-2fe3c761cd43,1,4505.567164
2026/02/05/00:34:38,apply-time,rs-004374-n8gth,1dc913d2-6e6a-42bd-820b-32926e68a101,1,4505.567164
2026/02/05/00:34:38,apply-time,rs-004375-td5xc,157ac306-9f11-4944-b8ea-e88256bb593e,1,4505.567164
2026/02/05/00:34:38,running-time,rs-004375-td5xc,157ac306-9f11-4944-b8ea-e88256bb593e,1,4505.567164
2026/02/05/00:34:38,apply-time,rs-004375-xm4pg,ecee0074-6e65-4dfe-ae14-7965fc6bf4a0,1,4505.567164
2026/02/05/00:34:38,running-time,rs-004375-xm4pg,ecee0074-6e65-4dfe-ae14-7965fc6bf4a0,1,4505.567164
2026/02/05/00:34:38,apply-time,rs-004376-62zmh,68dd3c23-2cbe-4bde-b791-31379eb470ed,1,4505.567164
2026/02/05/00:34:38,apply-time,rs-004376-bg9b6,ba96f77a-9829-4948-a236-de0ed2b08f6c,1,4505.567164
2026/02/05/00:34:38,apply-time,rs-004376-zvk22,33cbbcb9-58ec-4694-b9c3-49d80cfa36bb,1,4505.567164
2026/02/05/00:34:40,running-time,rs-004376-62zmh,68dd3c23-2cbe-4bde-b791-31379eb470ed,1,4507.567164
2026/02/05/00:34:40,running-time,rs-004376-zvk22,33cbbcb9-58ec-4694-b9c3-49d80cfa36bb,1,4507.567164
2026/02/05/00:34:49,running-time,rs-004370-9n2r4,d1aed7e7-4f75-4412-999a-c20a73a9fe62,1,4515.567164
2026/02/05/00:34:51,apply-time,rs-004377-f6p2f,e212fc04-3d4a-4411-b756-c383555cbb9c,1,4518.567164
2026/02/05/00:34:51,running-time,rs-004377-f6p2f,e212fc04-3d4a-4411-b756-c383555cbb9c,1,4518.567164
2026/02/05/00:34:51,apply-time,rs-004377-sz8sk,5622f674-64aa-48a4-bfea-09a581d21f82,1,4518.567164
2026/02/05/00:34:51,running-time,rs-004377-sz8sk,5622f674-64aa-48a4-bfea-09a581d21f82,1,4518.567164
2026/02/05/00:34:51,apply-time,rs-004377-zjmf8,ee16ef5f-14d9-4c84-9a60-dcbaad108342,1,4518.567164
2026/02/05/00:34:51,running-time,rs-004377-zjmf8,ee16ef5f-14d9-4c84-9a60-dcbaad108342,1,4518.567164
2026/02/05/00:34:51,apply-time,rs-004378-fkf7d,7fc80ab6-3ec9-4368-9967-10e9ccc1007c,1,4518.567164
2026/02/05/00:34:51,apply-time,rs-004378-hm9m5,54937e07-aec1-4f12-8430-5de3379ef04a,1,4518.567164
2026/02/05/00:34:51,apply-time,rs-004378-k4zdx,fcc008bf-3ce0-489c-b17d-5ffcd966c901,1,4518.567164
2026/02/05/00:34:52,running-time,rs-004378-fkf7d,7fc80ab6-3ec9-4368-9967-10e9ccc1007c,1,4519.567164
2026/02/05/00:34:55,running-time,rs-004378-k4zdx,fcc008bf-3ce0-489c-b17d-5ffcd966c901,1,4522.567164
2026/02/05/00:35:00,running-time,rs-004374-djg8t,215b7286-4e2a-469d-8c22-2fe3c761cd43,1,4526.567164
2026/02/05/00:35:01,apply-time,rs-004379-k6lvp,a4f968bf-2253-4826-8673-178f248fc02c,1,4527.567164
2026/02/05/00:35:01,running-time,rs-004379-k6lvp,a4f968bf-2253-4826-8673-178f248fc02c,1,4527.567164
2026/02/05/00:35:01,apply-time,rs-004380-kklm8,b348d9bf-1b1b-40f6-9106-39afc31586cb,1,4527.567164
2026/02/05/00:35:01,running-time,rs-004380-kklm8,b348d9bf-1b1b-40f6-9106-39afc31586cb,1,4527.567164
2026/02/05/00:35:01,apply-time,rs-004380-l764k,f7aebcd6-5724-4e50-961d-9d3fd24a1109,1,4527.567164
2026/02/05/00:35:01,running-time,rs-004380-l764k,f7aebcd6-5724-4e50-961d-9d3fd24a1109,1,4527.567164
2026/02/05/00:35:01,apply-time,rs-004380-zdkg6,ce415c6f-6c7b-4da9-ad3c-b12d381f40cc,1,4527.567164
2026/02/05/00:35:01,running-time,rs-004380-zdkg6,ce415c6f-6c7b-4da9-ad3c-b12d381f40cc,1,4527.567164
2026/02/05/00:35:02,apply-time,rs-004381-556qs,029bab4c-777a-4eff-930e-325d7bb0ddbd,1,4528.567164
2026/02/05/00:35:02,running-time,rs-004381-556qs,029bab4c-777a-4eff-930e-325d7bb0ddbd,1,4528.567164
2026/02/05/00:35:02,apply-time,rs-004381-q4hqz,56667d9f-4c42-407d-93ae-8d6a186f7d44,1,4528.567164
2026/02/05/00:35:02,running-time,rs-004381-q4hqz,56667d9f-4c42-407d-93ae-8d6a186f7d44,1,4528.567164
2026/02/05/00:35:02,apply-time,rs-004381-tkfsf,6a038bf8-f997-4007-9abe-25dc0bb70239,1,4528.567164
2026/02/05/00:35:02,running-time,rs-004381-tkfsf,6a038bf8-f997-4007-9abe-25dc0bb70239,1,4528.567164
2026/02/05/00:35:14,running-time,rs-004370-qkkjq,dd9e6980-b1a7-448a-a85b-6587a8f80ea2,1,4541.567164
2026/02/05/00:35:14,running-time,rs-004370-whkjq,2c49f69d-94e0-423e-ba6f-1866a73d60d8,1,4541.567164
2026/02/05/00:35:16,apply-time,rs-004382-h5qkm,8953a27d-1ac9-4979-9961-ffbbc4bb8eec,1,4543.567164
2026/02/05/00:35:16,running-time,rs-004382-h5qkm,8953a27d-1ac9-4979-9961-ffbbc4bb8eec,1,4543.567164
2026/02/05/00:35:31,apply-time,rs-004383-t6dm8,0ad8c459-1a60-41ff-a195-7625645cb60a,1,4558.567164
2026/02/05/00:35:31,running-time,rs-004383-t6dm8,0ad8c459-1a60-41ff-a195-7625645cb60a,1,4558.567164
2026/02/05/00:35:31,apply-time,rs-004384-6qtv5,7cbd15ac-f79f-4827-a610-5e2db29f0dac,1,4558.567164
2026/02/05/00:35:31,running-time,rs-004384-6qtv5,7cbd15ac-f79f-4827-a610-5e2db29f0dac,1,4558.567164
2026/02/05/00:35:31,apply-time,rs-004384-q6rsb,90e30d4d-6f3e-4fef-aac9-a88f5795cae6,1,4558.567164
2026/02/05/00:35:31,running-time,rs-004384-q6rsb,90e30d4d-6f3e-4fef-aac9-a88f5795cae6,1,4558.567164
2026/02/05/00:35:31,apply-time,rs-004385-9hlpn,9514d47f-7ad7-4825-8104-f2d988a42ccb,1,4558.567164
2026/02/05/00:35:31,running-time,rs-004385-9hlpn,9514d47f-7ad7-4825-8104-f2d988a42ccb,1,4558.567164
2026/02/05/00:35:33,apply-time,rs-004386-cvjsl,a1d129be-ba8b-4f35-84f1-849c7de17217,1,4559.567164
2026/02/05/00:35:33,running-time,rs-004386-cvjsl,a1d129be-ba8b-4f35-84f1-849c7de17217,1,4560.567164
2026/02/05/00:35:37,apply-time,rs-004387-hn9wg,e59325a1-717d-4bc0-82c3-4106170e614f,1,4563.567164
2026/02/05/00:35:37,running-time,rs-004387-hn9wg,e59325a1-717d-4bc0-82c3-4106170e614f,1,4564.567164
2026/02/05/00:35:37,apply-time,rs-004388-72lxp,a000f0a2-4994-42df-a156-ce83b39ee804,1,4564.567164
2026/02/05/00:35:37,running-time,rs-004388-72lxp,a000f0a2-4994-42df-a156-ce83b39ee804,1,4564.567164
2026/02/05/00:35:37,apply-time,rs-004389-72tqr,70ee609b-4062-4d7c-80fb-5bd916abd26e,1,4564.567164
2026/02/05/00:35:37,running-time,rs-004389-72tqr,70ee609b-4062-4d7c-80fb-5bd916abd26e,1,4564.567164
2026/02/05/00:35:37,apply-time,rs-004389-ngwf6,ad574a24-03fa-40f4-ab59-06eb7f698dcf,1,4564.567164
2026/02/05/00:35:37,running-time,rs-004389-ngwf6,ad574a24-03fa-40f4-ab59-06eb7f698dcf,1,4564.567164
2026/02/05/00:35:40,apply-time,rs-003849-t64db,d3fa8e81-9cb4-46c5-9200-7c0d54573b6d,1,4567.567164
2026/02/05/00:35:40,running-time,rs-003849-t64db,d3fa8e81-9cb4-46c5-9200-7c0d54573b6d,1,4567.567164
2026/02/05/00:35:40,running-time,rs-004335-gz86p,6ca68b9a-43c3-4bcc-82d5-927e69634936,1,4567.567164
2026/02/05/00:35:40,running-time,rs-004335-pspjb,6fe50949-3909-4305-a9c2-50f831e09dfc,1,4567.567164
2026/02/05/00:35:40,running-time,rs-004335-tzd5m,905d5e2d-d2a7-4eca-972e-e9a4eb89c80d,1,4567.567164
2026/02/05/00:35:44,apply-time,rs-004390-8sqkw,837ed1de-c047-43fe-8ca3-be1dacc2b294,1,4571.567164
2026/02/05/00:35:44,apply-time,rs-004390-bclrh,0a4072c1-9924-49d2-af0a-972cfe77375d,1,4571.567164
2026/02/05/00:35:44,running-time,rs-004390-bclrh,0a4072c1-9924-49d2-af0a-972cfe77375d,1,4571.567164
2026/02/05/00:35:44,apply-time,rs-004390-j8zwd,e6e16ac0-2c53-4545-b02e-7790ee598e1b,1,4571.567164
2026/02/05/00:35:44,apply-time,rs-004391-brjvj,f00aa30f-3eb1-4874-b527-4affa41b57c5,1,4571.567164
2026/02/05/00:35:44,apply-time,rs-004391-nrkbx,304cc6f0-3102-4225-b543-a6aa092fc9df,1,4571.567164
2026/02/05/00:35:44,apply-time,rs-004391-qxw2l,c73573ec-4cb0-4c5d-8983-6c75a99cfb1e,1,4571.567164
2026/02/05/00:35:44,apply-time,rs-004392-ndrkb,73116bcf-efda-4a56-97a1-c15a985898fb,1,4571.567164
2026/02/05/00:35:44,running-time,rs-004392-ndrkb,73116bcf-efda-4a56-97a1-c15a985898fb,1,4571.567164
2026/02/05/00:35:44,apply-time,rs-004393-nwwtm,2d917922-86be-42f2-9cc4-9392909d4b8a,1,4571.567164
2026/02/05/00:35:44,running-time,rs-004393-nwwtm,2d917922-86be-42f2-9cc4-9392909d4b8a,1,4571.567164
2026/02/05/00:35:44,apply-time,rs-004394-4hvsq,e01f5764-1d42-4af5-8ef3-fa496bdbab02,1,4571.567164
2026/02/05/00:35:44,running-time,rs-004394-4hvsq,e01f5764-1d42-4af5-8ef3-fa496bdbab02,1,4571.567164
2026/02/05/00:35:44,apply-time,rs-004395-5zzrh,3cb4606e-8da8-4a66-93a0-815e05225c39,1,4571.567164
2026/02/05/00:35:44,apply-time,rs-004395-hplwv,fd5d4dad-bd42-41b4-8516-2209247f819a,1,4571.567164
2026/02/05/00:35:44,apply-time,rs-004396-bkq4c,a83d988f-33f0-4277-9edb-1eee50f94fac,1,4571.567164
2026/02/05/00:35:44,running-time,rs-004396-bkq4c,a83d988f-33f0-4277-9edb-1eee50f94fac,1,4571.567164
2026/02/05/00:35:44,apply-time,rs-004396-sg4b5,0077d971-c79d-4d90-9832-5ac060882442,1,4571.567164
2026/02/05/00:35:44,running-time,rs-004396-sg4b5,0077d971-c79d-4d90-9832-5ac060882442,1,4571.567164
2026/02/05/00:35:44,apply-time,rs-004396-sr4k9,06d5a9e4-527b-470a-b586-a5495383cac9,1,4571.567164
2026/02/05/00:35:44,running-time,rs-004396-sr4k9,06d5a9e4-527b-470a-b586-a5495383cac9,1,4571.567164
2026/02/05/00:35:45,apply-time,rs-004397-6c4p4,ea92e04f-ccda-481b-ad2c-167d02552262,1,4572.567164
2026/02/05/00:35:45,apply-time,rs-004397-dlt95,4be9260e-689c-43a5-a756-fbeaa89fe4cf,1,4572.567164
2026/02/05/00:35:45,apply-time,rs-004397-rhds2,117faa13-995e-4f5f-a669-cb238f7d67a2,1,4572.567164
2026/02/05/00:35:45,apply-time,rs-004398-skl28,2b5e31ca-1de9-4f91-a4cb-f2fba6df1eeb,1,4572.567164
2026/02/05/00:35:45,apply-time,rs-004398-z8rzr,6058cb06-d6be-4729-aad2-15cdfefa7fd3,1,4572.567164
2026/02/05/00:35:46,running-time,rs-004398-skl28,2b5e31ca-1de9-4f91-a4cb-f2fba6df1eeb,1,4573.567164
2026/02/05/00:35:47,running-time,rs-004395-hplwv,fd5d4dad-bd42-41b4-8516-2209247f819a,1,4574.567164
2026/02/05/00:35:47,running-time,rs-004398-z8rzr,6058cb06-d6be-4729-aad2-15cdfefa7fd3,1,4574.567164
2026/02/05/00:35:48,running-time,rs-004397-6c4p4,ea92e04f-ccda-481b-ad2c-167d02552262,1,4575.567164
2026/02/05/00:35:48,running-time,rs-004397-dlt95,4be9260e-689c-43a5-a756-fbeaa89fe4cf,1,4575.567164
2026/02/05/00:35:48,running-time,rs-004397-rhds2,117faa13-995e-4f5f-a669-cb238f7d67a2,1,4574.567164
2026/02/05/00:35:58,apply-time,rs-004399-khqtf,ee15997e-a32f-4456-88ce-2389a850eada,1,4585.567164
2026/02/05/00:35:58,running-time,rs-004399-khqtf,ee15997e-a32f-4456-88ce-2389a850eada,1,4585.567164
2026/02/05/00:35:58,apply-time,rs-004400-wq7z4,85475a3d-4479-4797-ae33-49596177883d,1,4585.567164
2026/02/05/00:35:58,running-time,rs-004400-wq7z4,85475a3d-4479-4797-ae33-49596177883d,1,4585.567164
2026/02/05/00:35:58,apply-time,rs-004400-x9ch7,73db48e1-8e57-472e-b2ce-4ed15f7effc1,1,4585.567164
2026/02/05/00:35:58,running-time,rs-004400-x9ch7,73db48e1-8e57-472e-b2ce-4ed15f7effc1,1,4585.567164
2026/02/05/00:35:58,apply-time,rs-004401-lm8qv,3e818ce6-0a5e-4dac-ab9b-3fab3a0e77e5,1,4585.567164
2026/02/05/00:35:58,running-time,rs-004401-lm8qv,3e818ce6-0a5e-4dac-ab9b-3fab3a0e77e5,1,4585.567164
2026/02/05/00:35:58,apply-time,rs-004402-lllmn,328ba42b-9e02-45b9-83a3-f2bdea166891,1,4585.567164
2026/02/05/00:35:58,running-time,rs-004402-lllmn,328ba42b-9e02-45b9-83a3-f2bdea166891,1,4585.567164
2026/02/05/00:35:58,apply-time,rs-004403-rnrz6,9c5c9591-44aa-428c-bbdb-fe0f6622ff98,1,4585.567164
2026/02/05/00:35:58,apply-time,rs-004403-s2z6p,b342f482-d319-49a7-9658-3de61da5e018,1,4585.567164
2026/02/05/00:35:58,apply-time,rs-004404-k2htr,b919a700-6a43-4084-94aa-603847043ff7,1,4585.567164
2026/02/05/00:35:58,running-time,rs-004404-k2htr,b919a700-6a43-4084-94aa-603847043ff7,1,4585.567164
2026/02/05/00:35:58,apply-time,rs-004404-kjlwj,4337e1fb-15e7-49d2-aa46-b2f0886dcb29,1,4585.567164
2026/02/05/00:35:58,running-time,rs-004404-kjlwj,4337e1fb-15e7-49d2-aa46-b2f0886dcb29,1,4585.567164
2026/02/05/00:35:58,apply-time,rs-004404-vgj92,3946b1e4-26c8-41fd-9751-0145ead8cffc,1,4585.567164
2026/02/05/00:35:58,running-time,rs-004404-vgj92,3946b1e4-26c8-41fd-9751-0145ead8cffc,1,4585.567164
2026/02/05/00:35:58,apply-time,rs-004405-s5zkx,67a21e2b-aff6-47af-b7f8-713efa751160,1,4585.567164
2026/02/05/00:35:58,apply-time,rs-004405-wvh95,fcd4ad34-b2b9-447c-8c13-519ce9a9fc7e,1,4585.567164
2026/02/05/00:35:58,apply-time,rs-004405-znff6,a79f7755-4aaa-48d1-b2de-65b58fe8f41d,1,4585.567164
2026/02/05/00:36:00,running-time,rs-004403-rnrz6,9c5c9591-44aa-428c-bbdb-fe0f6622ff98,1,4587.567164
2026/02/05/00:36:00,running-time,rs-004403-s2z6p,b342f482-d319-49a7-9658-3de61da5e018,1,4587.567164
2026/02/05/00:36:02,apply-time,rs-004406-9qp5x,f5f8de47-b0ea-4601-94dd-87aad1b4c43a,1,4589.567164
2026/02/05/00:36:02,running-time,rs-004406-9qp5x,f5f8de47-b0ea-4601-94dd-87aad1b4c43a,1,4589.567164
2026/02/05/00:36:02,apply-time,rs-004407-dg52v,b62377a8-df49-40a3-8d26-ef1490e06801,1,4589.567164
2026/02/05/00:36:02,running-time,rs-004407-dg52v,b62377a8-df49-40a3-8d26-ef1490e06801,1,4589.567164
2026/02/05/00:36:07,running-time,rs-004405-s5zkx,67a21e2b-aff6-47af-b7f8-713efa751160,1,4594.567164
2026/02/05/00:36:07,running-time,rs-004405-wvh95,fcd4ad34-b2b9-447c-8c13-519ce9a9fc7e,1,4594.567164
2026/02/05/00:36:07,running-time,rs-004405-znff6,a79f7755-4aaa-48d1-b2de-65b58fe8f41d,1,4594.567164
2026/02/05/00:36:17,apply-time,rs-004408-hbg44,367287a8-9720-4dd4-8fc6-2322072e3800,1,4604.567164
2026/02/05/00:36:17,running-time,rs-004408-hbg44,367287a8-9720-4dd4-8fc6-2322072e3800,1,4604.567164
2026/02/05/00:36:17,apply-time,rs-004408-j4kcl,72202e31-28fe-48c6-80fc-3ee119274de2,1,4604.567164
2026/02/05/00:36:17,running-time,rs-004408-j4kcl,72202e31-28fe-48c6-80fc-3ee119274de2,1,4604.567164
2026/02/05/00:36:17,apply-time,rs-004408-xvrl8,7f980244-8732-4073-8b99-4f3e16d56183,1,4604.567164
2026/02/05/00:36:17,running-time,rs-004408-xvrl8,7f980244-8732-4073-8b99-4f3e16d56183,1,4604.567164
2026/02/05/00:36:17,apply-time,rs-004409-h29g4,74c7eb13-0668-47ff-94b9-f07205c51209,1,4604.567164
2026/02/05/00:36:17,apply-time,rs-004409-jrkb8,f9b37f0e-c164-4161-862f-244eedf94709,1,4604.567164
2026/02/05/00:36:17,apply-time,rs-004409-v6rkk,27df10e7-1b19-442d-b405-e0388ad61a26,1,4604.567164
2026/02/05/00:36:17,apply-time,rs-004410-b56ll,fb2ef6b2-3da2-4f1c-9687-54c64e0f384e,1,4604.567164
2026/02/05/00:36:17,running-time,rs-004410-b56ll,fb2ef6b2-3da2-4f1c-9687-54c64e0f384e,1,4604.567164
2026/02/05/00:36:17,apply-time,rs-004410-z68mp,5059b67a-0f22-4857-aa44-6f720378d9c9,1,4604.567164
2026/02/05/00:36:17,running-time,rs-004410-z68mp,5059b67a-0f22-4857-aa44-6f720378d9c9,1,4604.567164
2026/02/05/00:36:17,apply-time,rs-004411-5gbmj,74263751-92ba-42d3-8d7e-204dd178c11d,1,4604.567164
2026/02/05/00:36:17,running-time,rs-004411-5gbmj,74263751-92ba-42d3-8d7e-204dd178c11d,1,4604.567164
2026/02/05/00:36:17,apply-time,rs-004411-gxgl2,e1328d66-a8cc-4d9d-973b-a31f7d265314,1,4604.567164
2026/02/05/00:36:17,running-time,rs-004411-gxgl2,e1328d66-a8cc-4d9d-973b-a31f7d265314,1,4604.567164
2026/02/05/00:36:17,apply-time,rs-004412-96fs2,e665aa3e-2767-4c28-9efd-71f5a23abae5,1,4604.567164
2026/02/05/00:36:17,running-time,rs-004412-96fs2,e665aa3e-2767-4c28-9efd-71f5a23abae5,1,4604.567164
2026/02/05/00:36:17,apply-time,rs-004412-rfnmg,f57c85cc-fc93-4e00-b10a-c362bacf71bb,1,4604.567164
2026/02/05/00:36:17,running-time,rs-004412-rfnmg,f57c85cc-fc93-4e00-b10a-c362bacf71bb,1,4604.567164
2026/02/05/00:36:17,apply-time,rs-004412-tj9gt,ab82baf9-1ae3-419a-8cc7-2f4596e62226,1,4604.567164
2026/02/05/00:36:17,running-time,rs-004412-tj9gt,ab82baf9-1ae3-419a-8cc7-2f4596e62226,1,4604.567164
2026/02/05/00:36:20,apply-time,rs-004413-kc54x,e6a7b9db-d573-4518-91e2-b6945c0fba8a,1,4607.567164
2026/02/05/00:36:20,apply-time,rs-004413-ll4sj,1b72066d-43c5-417b-bbf1-ee257a321113,1,4607.567164
2026/02/05/00:36:20,apply-time,rs-004414-89kf2,4893c143-584b-4846-a865-e4bd56a33682,1,4607.567164
2026/02/05/00:36:20,running-time,rs-004414-89kf2,4893c143-584b-4846-a865-e4bd56a33682,1,4607.567164
2026/02/05/00:36:20,apply-time,rs-004414-hztvc,2a731b30-61c8-4a18-a8c2-dd2260f2db9f,1,4607.567164
2026/02/05/00:36:20,running-time,rs-004414-hztvc,2a731b30-61c8-4a18-a8c2-dd2260f2db9f,1,4607.567164
2026/02/05/00:36:20,apply-time,rs-004414-vr42p,8ec8f034-22ce-4784-98d2-83517e1b2062,1,4607.567164
2026/02/05/00:36:20,running-time,rs-004414-vr42p,8ec8f034-22ce-4784-98d2-83517e1b2062,1,4607.567164
2026/02/05/00:36:22,running-time,rs-004413-kc54x,e6a7b9db-d573-4518-91e2-b6945c0fba8a,1,4609.567164
2026/02/05/00:36:22,running-time,rs-004413-ll4sj,1b72066d-43c5-417b-bbf1-ee257a321113,1,4609.567164
2026/02/05/00:36:22,apply-time,rs-004415-4vjfv,9da4a9f1-9a7d-4fd5-b79c-de8298ee6556,1,4609.567164
2026/02/05/00:36:22,running-time,rs-004415-4vjfv,9da4a9f1-9a7d-4fd5-b79c-de8298ee6556,1,4609.567164
2026/02/05/00:36:22,apply-time,rs-004415-gdrtx,c98a7d96-16ac-4a3c-84fe-eb41b03e495a,1,4609.567164
2026/02/05/00:36:22,running-time,rs-004415-gdrtx,c98a7d96-16ac-4a3c-84fe-eb41b03e495a,1,4609.567164
2026/02/05/00:36:22,apply-time,rs-004416-8d5kn,a9be90b1-f6d0-4280-9d51-d3eb8dd65009,1,4609.567164
2026/02/05/00:36:22,apply-time,rs-004416-bz69l,a1068a56-11d7-4119-ae95-553c43c6e4b2,1,4609.567164
2026/02/05/00:36:22,running-time,rs-004416-bz69l,a1068a56-11d7-4119-ae95-553c43c6e4b2,1,4609.567164
2026/02/05/00:36:22,apply-time,rs-004417-2t7p6,bd8b099c-2de4-4328-88c4-d43b4fa3e7be,1,4609.567164
2026/02/05/00:36:22,running-time,rs-004417-2t7p6,bd8b099c-2de4-4328-88c4-d43b4fa3e7be,1,4609.567164
2026/02/05/00:36:22,apply-time,rs-004417-bgkdv,93264d91-5605-4415-9a8f-79db44ccb8a1,1,4609.567164
2026/02/05/00:36:22,running-time,rs-004417-bgkdv,93264d91-5605-4415-9a8f-79db44ccb8a1,1,4609.567164
2026/02/05/00:36:22,apply-time,rs-004417-hdp8x,a7df8d72-d5dd-4943-a606-50b822ada797,1,4609.567164
2026/02/05/00:36:22,running-time,rs-004417-hdp8x,a7df8d72-d5dd-4943-a606-50b822ada797,1,4609.567164
2026/02/05/00:36:22,apply-time,rs-004418-6qm6l,a99b083e-a745-41aa-b4d0-9617cdff4da3,1,4609.567164
2026/02/05/00:36:22,running-time,rs-004418-6qm6l,a99b083e-a745-41aa-b4d0-9617cdff4da3,1,4609.567164
2026/02/05/00:36:22,apply-time,rs-004418-scv28,04d80783-5700-411f-9aa3-f0adcdb90bc5,1,4609.567164
2026/02/05/00:36:22,running-time,rs-004418-scv28,04d80783-5700-411f-9aa3-f0adcdb90bc5,1,4609.567164
2026/02/05/00:36:22,apply-time,rs-004419-vmzrq,e3e6bbda-c45d-4956-ab01-95fc8e334c51,1,4609.567164
2026/02/05/00:36:22,running-time,rs-004419-vmzrq,e3e6bbda-c45d-4956-ab01-95fc8e334c51,1,4609.567164
2026/02/05/00:36:24,apply-time,rs-004420-dbpkv,4e53075e-7781-47a6-80a1-25edcf968c37,1,4611.567164
2026/02/05/00:36:24,apply-time,rs-004421-z4mpx,c3930b4c-62c9-437a-b80a-2bedde55f639,1,4611.567164
2026/02/05/00:36:24,apply-time,rs-004422-mzgcs,d9c943b5-e9c7-4391-be16-90261fa1f889,1,4611.567164
2026/02/05/00:36:24,apply-time,rs-004422-qvmxl,858e4423-61bc-4c98-8485-ec5268624544,1,4611.567164
2026/02/05/00:36:24,apply-time,rs-004422-t9pvw,e5d7dfef-13cd-4574-9ce6-fc35c98c44ac,1,4611.567164
2026/02/05/00:36:24,apply-time,rs-004423-6smnc,8d7c49c3-0c0a-4d94-9ef3-1bd8b45bbfd9,1,4611.567164
2026/02/05/00:36:24,apply-time,rs-004423-qn7s4,2cd4581a-f413-4715-8915-7fffc8f85c90,1,4611.567164
2026/02/05/00:36:25,running-time,rs-004421-z4mpx,c3930b4c-62c9-437a-b80a-2bedde55f639,1,4612.567164
2026/02/05/00:36:25,running-time,rs-004422-mzgcs,d9c943b5-e9c7-4391-be16-90261fa1f889,1,4612.567164
2026/02/05/00:36:28,running-time,rs-004416-8d5kn,a9be90b1-f6d0-4280-9d51-d3eb8dd65009,1,4615.567164
2026/02/05/00:36:34,apply-time,rs-004424-4t6cd,304c2fb1-3151-4d4c-9005-9b081f2352a4,1,4621.567164
2026/02/05/00:36:34,running-time,rs-004424-4t6cd,304c2fb1-3151-4d4c-9005-9b081f2352a4,1,4621.567164
2026/02/05/00:36:34,apply-time,rs-004424-9mp6l,18b9b940-c0b6-4094-b9e4-d28d3377c077,1,4621.567164
2026/02/05/00:36:34,running-time,rs-004424-9mp6l,18b9b940-c0b6-4094-b9e4-d28d3377c077,1,4621.567164
2026/02/05/00:36:40,running-time,rs-004420-dbpkv,4e53075e-7781-47a6-80a1-25edcf968c37,1,4627.567164
2026/02/05/00:36:40,apply-time,rs-004425-7zclv,d698d8c6-6b45-402b-8588-7d9a6cacb5c2,1,4627.567164
2026/02/05/00:36:40,running-time,rs-004425-7zclv,d698d8c6-6b45-402b-8588-7d9a6cacb5c2,1,4627.567164
2026/02/05/00:36:40,apply-time,rs-004425-h2hxp,b66a364d-d5ab-4c40-a40f-b6d461d033d2,1,4627.567164
2026/02/05/00:36:40,running-time,rs-004425-h2hxp,b66a364d-d5ab-4c40-a40f-b6d461d033d2,1,4627.567164
2026/02/05/00:36:40,apply-time,rs-004426-rgrb5,454ff63f-640d-46bf-b7a2-32a0aa40901a,1,4627.567164
2026/02/05/00:36:40,running-time,rs-004426-rgrb5,454ff63f-640d-46bf-b7a2-32a0aa40901a,1,4627.567164
2026/02/05/00:36:40,apply-time,rs-004427-dcpt8,0f1a41d6-f02f-492f-a380-780714e5d1cc,1,4627.567164
2026/02/05/00:36:40,apply-time,rs-004427-qt22j,cdcb4bc0-da60-4a55-9bc5-c36592da25d5,1,4627.567164
2026/02/05/00:36:40,apply-time,rs-004427-r44f2,d43e0842-3ea8-4121-9d5c-28d2f010961a,1,4627.567164
2026/02/05/00:36:40,apply-time,rs-004428-4krv7,31c83abe-1e01-40f8-a5ee-01bec6d67901,1,4627.567164
2026/02/05/00:36:40,running-time,rs-004428-4krv7,31c83abe-1e01-40f8-a5ee-01bec6d67901,1,4627.567164
2026/02/05/00:36:40,apply-time,rs-004428-dksss,72dfa308-b07f-4fe8-b9b1-3d85901ac1ce,1,4627.567164
2026/02/05/00:36:40,running-time,rs-004428-dksss,72dfa308-b07f-4fe8-b9b1-3d85901ac1ce,1,4627.567164
2026/02/05/00:36:40,apply-time,rs-004428-jf6n6,2c8a4667-38e5-4611-97a4-d139ac005a7a,1,4627.567164
2026/02/05/00:36:40,running-time,rs-004428-jf6n6,2c8a4667-38e5-4611-97a4-d139ac005a7a,1,4627.567164
2026/02/05/00:36:40,apply-time,rs-004429-746sh,cae804f5-49e6-412f-85a3-826e15c68654,1,4627.567164
2026/02/05/00:36:40,running-time,rs-004429-746sh,cae804f5-49e6-412f-85a3-826e15c68654,1,4627.567164
2026/02/05/00:36:41,apply-time,rs-004430-2hv87,65a6c5f8-ed34-4b50-ace2-6f87f9beef9a,1,4628.567164
2026/02/05/00:36:41,apply-time,rs-004430-wdj2k,3a8c268e-dfd8-4d9c-bf70-2aa890e8d55b,1,4628.567164
2026/02/05/00:36:41,running-time,rs-004430-wdj2k,3a8c268e-dfd8-4d9c-bf70-2aa890e8d55b,1,4628.567164
2026/02/05/00:36:41,apply-time,rs-004431-j7sxs,09a643e4-63a6-4a51-9f2c-13e0df4cee68,1,4628.567164
2026/02/05/00:36:41,apply-time,rs-004431-rr5sx,5860791d-0aa1-4245-b07a-75f1d81f458a,1,4628.567164
2026/02/05/00:36:41,running-time,rs-004431-rr5sx,5860791d-0aa1-4245-b07a-75f1d81f458a,1,4628.567164
2026/02/05/00:36:41,apply-time,rs-004432-gk2jx,8fb9a448-7893-4834-abb6-4c8a1d8218c8,1,4628.567164
2026/02/05/00:36:41,running-time,rs-004432-gk2jx,8fb9a448-7893-4834-abb6-4c8a1d8218c8,1,4628.567164
2026/02/05/00:36:41,apply-time,rs-004433-29bgt,afa3c1d2-01ef-4671-8d23-013284dcf95f,1,4628.567164
2026/02/05/00:36:41,running-time,rs-004433-29bgt,afa3c1d2-01ef-4671-8d23-013284dcf95f,1,4628.567164
2026/02/05/00:36:41,apply-time,rs-004433-fhg7t,69477c21-5087-466a-ac2f-d819deed5a51,1,4628.567164
2026/02/05/00:36:41,running-time,rs-004433-fhg7t,69477c21-5087-466a-ac2f-d819deed5a51,1,4628.567164
2026/02/05/00:36:41,apply-time,rs-004434-xz588,a9ea78ef-8298-4f45-9739-239bd83ebbce,1,4628.567164
2026/02/05/00:36:41,running-time,rs-004434-xz588,a9ea78ef-8298-4f45-9739-239bd83ebbce,1,4628.567164
2026/02/05/00:36:42,apply-time,rs-004435-bxpv6,8e451025-4e99-4aa3-88b4-3572a740eb77,1,4629.567164
2026/02/05/00:36:42,running-time,rs-004435-bxpv6,8e451025-4e99-4aa3-88b4-3572a740eb77,1,4629.567164
2026/02/05/00:36:42,apply-time,rs-004435-gwjjz,caca61a6-a189-4c77-8352-84321f267843,1,4629.567164
2026/02/05/00:36:42,running-time,rs-004435-gwjjz,caca61a6-a189-4c77-8352-84321f267843,1,4629.567164
2026/02/05/00:36:42,apply-time,rs-004436-7jh42,3dc12081-37ca-474c-8367-7a91568851cb,1,4629.567164
2026/02/05/00:36:42,apply-time,rs-004436-dg7wv,d324ae10-81c3-4776-8eb8-92260c463622,1,4629.567164
2026/02/05/00:36:42,apply-time,rs-004436-vxj7v,ecd049b7-4960-4545-8eca-c470ecf8a3e1,1,4629.567164
2026/02/05/00:36:42,apply-time,rs-004437-584n9,342fe862-09ad-4495-b8b4-33bddd65e891,1,4629.567164
2026/02/05/00:36:42,running-time,rs-004437-584n9,342fe862-09ad-4495-b8b4-33bddd65e891,1,4629.567164
2026/02/05/00:36:42,apply-time,rs-004437-jm5wt,4e035d1c-c962-4758-b16e-79435835f90b,1,4629.567164
2026/02/05/00:36:42,running-time,rs-004437-jm5wt,4e035d1c-c962-4758-b16e-79435835f90b,1,4629.567164
2026/02/05/00:36:42,apply-time,rs-004437-nw72w,f51d65e0-3570-44a7-b56a-0bfb4ab50390,1,4629.567164
2026/02/05/00:36:42,apply-time,rs-004438-npgt5,bee580db-1a62-4144-9ac5-d0c3398e4b79,1,4629.567164
2026/02/05/00:36:42,apply-time,rs-004438-s6smg,0c59713f-5f51-4b74-874c-68f2e0864973,1,4629.567164
2026/02/05/00:36:42,apply-time,rs-004438-vhv94,464f0faf-7be3-45c8-8fdc-8f2d49997ba1,1,4629.567164
2026/02/05/00:36:43,apply-time,rs-004443-bp4h2,2ee52f36-df34-4e34-84f6-0fcf1376aff0,1,4630.567164
2026/02/05/00:36:43,apply-time,rs-004443-gkfqm,2fa6eea5-d219-4509-8836-61b22a1be6a6,1,4630.567164
2026/02/05/00:36:43,apply-time,rs-004443-qvrjb,40dad41b-165e-4190-96a0-1c4d0491787f,1,4630.567164
2026/02/05/00:36:43,running-time,rs-004443-qvrjb,40dad41b-165e-4190-96a0-1c4d0491787f,1,4630.567164
2026/02/05/00:36:44,running-time,rs-004436-dg7wv,d324ae10-81c3-4776-8eb8-92260c463622,1,4631.567164
2026/02/05/00:36:46,running-time,rs-004443-bp4h2,2ee52f36-df34-4e34-84f6-0fcf1376aff0,1,4633.567164
2026/02/05/00:36:48,apply-time,rs-004445-h7hgk,0842656c-160e-45ee-b211-d36a47ff7003,1,4635.567164
2026/02/05/00:36:48,apply-time,rs-004445-nzq2n,427dae0d-ff1c-47ce-871a-50eb47ac7113,1,4635.567164
2026/02/05/00:36:48,running-time,rs-004445-nzq2n,427dae0d-ff1c-47ce-871a-50eb47ac7113,1,4635.567164
2026/02/05/00:36:48,apply-time,rs-004445-qqd68,048fe3bc-f8e3-41f8-91a8-4cf76baf108d,1,4635.567164
2026/02/05/00:36:48,apply-time,rs-004446-nnzqd,a4f2fb05-c56d-4725-91f9-10f376201b84,1,4635.567164
2026/02/05/00:36:48,apply-time,rs-004446-qr52x,2e7559c4-daa5-4163-9388-6f59990f7a0e,1,4635.567164
2026/02/05/00:36:48,apply-time,rs-004447-62p8x,4130f5e1-4d9e-4c10-8e85-72e9b2789269,1,4635.567164
2026/02/05/00:36:48,apply-time,rs-004447-bfnpc,e61e2250-9c39-43f3-bde1-d723bc887a25,1,4635.567164
2026/02/05/00:36:48,apply-time,rs-004447-czk8h,118d9960-41f0-4b6a-a674-059747c16bf7,1,4635.567164
2026/02/05/00:36:48,running-time,rs-004447-czk8h,118d9960-41f0-4b6a-a674-059747c16bf7,1,4635.567164
2026/02/05/00:36:48,apply-time,rs-004448-n9shh,315af69c-f153-4ee8-be39-77f3d4a75d15,1,4635.567164
2026/02/05/00:36:48,apply-time,rs-004448-tkphd,77eb8c7b-bbd4-4af8-b0ca-bea88ed6a206,1,4635.567164
2026/02/05/00:36:48,apply-time,rs-004449-9gq6l,3b95037b-0afc-429e-a5dc-bc557abb1842,1,4635.567164
2026/02/05/00:36:48,running-time,rs-004449-9gq6l,3b95037b-0afc-429e-a5dc-bc557abb1842,1,4635.567164
2026/02/05/00:36:48,apply-time,rs-004449-fblf8,20602eaf-4a79-4ad8-8f68-4ccf1f2038a6,1,4635.567164
2026/02/05/00:36:48,running-time,rs-004449-fblf8,20602eaf-4a79-4ad8-8f68-4ccf1f2038a6,1,4635.567164
2026/02/05/00:36:48,apply-time,rs-004449-wxhqb,874a8f60-bf67-4f26-896c-6c64b2bae04d,1,4635.567164
2026/02/05/00:36:48,running-time,rs-004449-wxhqb,874a8f60-bf67-4f26-896c-6c64b2bae04d,1,4635.567164
2026/02/05/00:36:49,running-time,rs-004448-tkphd,77eb8c7b-bbd4-4af8-b0ca-bea88ed6a206,1,4636.567164
2026/02/05/00:36:49,apply-time,rs-004450-z2ttr,b41d1cdc-4ad3-4276-a46c-208cba9cd612,1,4636.567164
2026/02/05/00:36:49,apply-time,rs-004451-c8t2f,6eaecbce-161e-4709-80b1-597b1da55e51,1,4636.567164
2026/02/05/00:36:49,apply-time,rs-004453-6bxcj,d3a65ffd-8bd4-462c-b0fd-a1dc07da6b7b,1,4636.567164
2026/02/05/00:36:50,running-time,rs-004448-n9shh,315af69c-f153-4ee8-be39-77f3d4a75d15,1,4637.567164
2026/02/05/00:36:50,apply-time,rs-004451-qtsn2,5718d658-fe12-462b-bbd9-161dbdecaa98,1,4637.567164
2026/02/05/00:36:50,apply-time,rs-004451-rv4mp,cb017edf-3a04-4978-8276-d91a4bf42d78,1,4637.567164
2026/02/05/00:36:50,apply-time,rs-004452-ftxtr,e4a2af89-5400-48c9-9e94-c8c2431a35a6,1,4636.567164
2026/02/05/00:36:50,apply-time,rs-004452-xfb4q,2a6b588e-f26f-4dac-80aa-058c6cf4eff4,1,4637.567164
2026/02/05/00:36:50,apply-time,rs-004454-7dbh8,9961207e-62ab-4eab-b475-952676e3e1d0,1,4637.567164
2026/02/05/00:36:50,apply-time,rs-004455-pjknb,4781cd28-1a9c-4fcd-80a4-7a685dafffdd,1,4637.567164
2026/02/05/00:36:50,apply-time,rs-004456-8dkkd,fe10ef04-7cf3-412c-8c9d-20874959598d,1,4638.567164
2026/02/05/00:36:50,apply-time,rs-004456-j94x8,cb146b7c-9f3c-4497-963c-2ae4f9ca30a9,1,4637.567164
2026/02/05/00:36:50,apply-time,rs-004456-rzvl4,c46da5bd-4ad3-4431-8205-27743f923b65,1,4638.567164
2026/02/05/00:36:50,apply-time,rs-004458-hx6vr,73cd83fa-958d-49c6-a2b5-dbd84c59c9c3,1,4638.567164
2026/02/05/00:36:51,running-time,rs-004431-j7sxs,09a643e4-63a6-4a51-9f2c-13e0df4cee68,1,4638.567164
2026/02/05/00:36:51,running-time,rs-004451-qtsn2,5718d658-fe12-462b-bbd9-161dbdecaa98,1,4638.567164
2026/02/05/00:36:51,running-time,rs-004451-rv4mp,cb017edf-3a04-4978-8276-d91a4bf42d78,1,4638.567164
2026/02/05/00:36:51,apply-time,rs-004457-62d2p,1331489c-9629-4505-a7a6-b24927815f04,1,4638.567164
2026/02/05/00:36:51,apply-time,rs-004457-rnr7t,54215a0d-6918-4118-858a-7a981625c967,1,4638.567164
2026/02/05/00:36:51,apply-time,rs-004458-6gb5w,ab426c9f-bb91-4dd9-b59c-a92ff8b54a44,1,4638.567164
2026/02/05/00:36:51,apply-time,rs-004459-2h4gk,82149671-c796-47fe-bdd3-a29e11b4db59,1,4638.567164
2026/02/05/00:36:51,running-time,rs-004459-2h4gk,82149671-c796-47fe-bdd3-a29e11b4db59,1,4638.567164
2026/02/05/00:36:51,apply-time,rs-004460-5sndr,ad852d3a-f55f-4643-8648-613f8ba99f0d,1,4638.567164
2026/02/05/00:36:51,apply-time,rs-004461-gkxvl,f582f462-1d65-4324-9272-77de4a9e5c0a,1,4638.567164
2026/02/05/00:36:51,apply-time,rs-004461-w8v5r,2c17f220-7462-47d7-8f1b-19106772b1ea,1,4638.567164
2026/02/05/00:36:52,running-time,rs-004460-5sndr,ad852d3a-f55f-4643-8648-613f8ba99f0d,1,4639.567164
2026/02/05/00:36:52,apply-time,rs-004460-kfr52,bc41875e-998a-4675-9165-b31f6485631e,1,4639.567164
2026/02/05/00:36:52,running-time,rs-004460-kfr52,bc41875e-998a-4675-9165-b31f6485631e,1,4639.567164
2026/02/05/00:36:52,apply-time,rs-004460-r85qq,901f8b0e-72af-4563-897f-ce786b6d2c8d,1,4639.567164
2026/02/05/00:36:52,running-time,rs-004460-r85qq,901f8b0e-72af-4563-897f-ce786b6d2c8d,1,4639.567164
2026/02/05/00:36:52,apply-time,rs-004462-d5f6f,1c1de345-8999-43ef-8029-fa9ea7980c94,1,4639.567164
2026/02/05/00:36:52,apply-time,rs-004462-dmcl9,648eaf1e-9caa-4e3a-b50a-3dba44c7dbdb,1,4638.567164
2026/02/05/00:36:52,apply-time,rs-004463-5m84m,f3bfa047-10c8-4626-b0c0-94d0938827b8,1,4639.567164
2026/02/05/00:36:52,apply-time,rs-004464-9prlw,fd20cb53-726b-4383-9b3b-e4dab191442e,1,4639.567164
2026/02/05/00:36:52,apply-time,rs-004464-kmh65,150d2bbb-de5d-4668-a466-9f8bd113cd00,1,4639.567164
2026/02/05/00:36:52,apply-time,rs-004464-n82mh,21b642c2-946f-4fe7-8c60-095fc600fc5a,1,4639.567164
2026/02/05/00:36:52,apply-time,rs-004465-lpmpp,3b6ac32b-3974-4b68-95e3-1b0c6a4b1744,1,4639.567164
2026/02/05/00:36:52,apply-time,rs-004465-mnlc8,bff116f3-2a76-42e0-bf3c-0ef8269043c3,1,4639.567164
2026/02/05/00:36:52,apply-time,rs-004466-qtzdz,3629404f-d05a-4d9f-8402-948d876d8231,1,4639.567164
2026/02/05/00:36:53,running-time,rs-004463-5m84m,f3bfa047-10c8-4626-b0c0-94d0938827b8,1,4640.567164
2026/02/05/00:36:53,running-time,rs-004465-lpmpp,3b6ac32b-3974-4b68-95e3-1b0c6a4b1744,1,4639.567164
2026/02/05/00:36:53,running-time,rs-004465-mnlc8,bff116f3-2a76-42e0-bf3c-0ef8269043c3,1,4639.567164
2026/02/05/00:36:53,running-time,rs-004466-qtzdz,3629404f-d05a-4d9f-8402-948d876d8231,1,4640.567164
2026/02/05/00:36:54,running-time,rs-004456-8dkkd,fe10ef04-7cf3-412c-8c9d-20874959598d,1,4641.567164
2026/02/05/00:36:55,running-time,rs-004453-6bxcj,d3a65ffd-8bd4-462c-b0fd-a1dc07da6b7b,1,4642.567164
2026/02/05/00:36:57,running-time,rs-004452-xfb4q,2a6b588e-f26f-4dac-80aa-058c6cf4eff4,1,4644.567164
2026/02/05/00:36:58,apply-time,rs-004467-5gt5m,0d9c63df-a40d-4e20-82b5-0bfcb6e7d574,1,4645.567164
2026/02/05/00:36:58,running-time,rs-004467-5gt5m,0d9c63df-a40d-4e20-82b5-0bfcb6e7d574,1,4645.567164
2026/02/05/00:36:58,apply-time,rs-004468-tjclf,e87cab8d-cfa6-445d-bc2a-5269eee94ff1,1,4645.567164
2026/02/05/00:36:58,apply-time,rs-004468-xb77s,b5161ea4-8863-4d0d-a8f7-97038baf650f,1,4645.567164
2026/02/05/00:36:58,running-time,rs-004468-xb77s,b5161ea4-8863-4d0d-a8f7-97038baf650f,1,4645.567164
2026/02/05/00:36:58,apply-time,rs-004469-dd629,cee61ee5-114f-4857-9843-71c65c38e014,1,4645.567164
2026/02/05/00:36:58,running-time,rs-004469-dd629,cee61ee5-114f-4857-9843-71c65c38e014,1,4645.567164
2026/02/05/00:36:58,apply-time,rs-004469-hnk9s,b5fff1e4-0907-4320-b540-8dd4b0f7eb4d,1,4645.567164
2026/02/05/00:36:58,running-time,rs-004469-hnk9s,b5fff1e4-0907-4320-b540-8dd4b0f7eb4d,1,4645.567164
2026/02/05/00:36:58,apply-time,rs-004469-r5jf8,e187e629-914f-435a-ae67-db972eb81eae,1,4645.567164
2026/02/05/00:36:58,running-time,rs-004469-r5jf8,e187e629-914f-435a-ae67-db972eb81eae,1,4645.567164
2026/02/05/00:37:01,apply-time,rs-004470-2w5jp,0d3007b0-5049-4634-a222-8996c4da03b1,1,4648.567164
2026/02/05/00:37:01,running-time,rs-004470-2w5jp,0d3007b0-5049-4634-a222-8996c4da03b1,1,4648.567164
2026/02/05/00:37:01,apply-time,rs-004470-pctbz,7df4fcfa-aa01-4b7e-999d-9d3bbbf47fbe,1,4648.567164
2026/02/05/00:37:01,running-time,rs-004470-pctbz,7df4fcfa-aa01-4b7e-999d-9d3bbbf47fbe,1,4648.567164
2026/02/05/00:37:01,apply-time,rs-004470-qnmmq,dff0460b-b758-4d8b-ad4a-229943812e8d,1,4648.567164
2026/02/05/00:37:01,running-time,rs-004470-qnmmq,dff0460b-b758-4d8b-ad4a-229943812e8d,1,4648.567164
2026/02/05/00:37:02,running-time,rs-004452-ftxtr,e4a2af89-5400-48c9-9e94-c8c2431a35a6,1,4649.567164
2026/02/05/00:37:07,running-time,rs-004446-nnzqd,a4f2fb05-c56d-4725-91f9-10f376201b84,1,4654.567164
2026/02/05/00:37:12,running-time,rs-004446-qr52x,2e7559c4-daa5-4163-9388-6f59990f7a0e,1,4659.567164
2026/02/05/00:37:15,apply-time,rs-004471-9b6bv,1cb962f7-091a-4c5c-aca6-36ea32a4444a,1,4662.567164
2026/02/05/00:37:15,running-time,rs-004471-9b6bv,1cb962f7-091a-4c5c-aca6-36ea32a4444a,1,4662.567164
2026/02/05/00:37:15,apply-time,rs-004472-vpprn,a765a0d6-8ef2-422b-8f94-6536c785c3c1,1,4662.567164
2026/02/05/00:37:15,running-time,rs-004472-vpprn,a765a0d6-8ef2-422b-8f94-6536c785c3c1,1,4662.567164
2026/02/05/00:37:15,apply-time,rs-004473-mkgg9,4bbadc98-2a0f-4f56-a646-4a16a0bee212,1,4663.567164
2026/02/05/00:37:15,apply-time,rs-004473-nwg4h,b8d49953-6640-4903-ae57-1413370a9641,1,4662.567164
2026/02/05/00:37:15,apply-time,rs-004474-vfjbn,ed76004e-1a58-40bd-b269-4b2583e582eb,1,4662.567164
2026/02/05/00:37:15,apply-time,rs-004475-d8b4h,d0ba29e3-6741-4a1a-aecb-a191f2aa4e4c,1,4662.567164
2026/02/05/00:37:15,apply-time,rs-004475-m82cr,923294b3-adbf-45bc-8c4e-45d0a858bbb8,1,4662.567164
2026/02/05/00:37:15,apply-time,rs-004475-xdr64,b43213fe-6275-4aff-b275-a959858bca4c,1,4662.567164
2026/02/05/00:37:16,running-time,rs-004473-mkgg9,4bbadc98-2a0f-4f56-a646-4a16a0bee212,1,4663.567164
2026/02/05/00:37:16,running-time,rs-004473-nwg4h,b8d49953-6640-4903-ae57-1413370a9641,1,4663.567164
2026/02/05/00:37:16,running-time,rs-004474-vfjbn,ed76004e-1a58-40bd-b269-4b2583e582eb,1,4663.567164
2026/02/05/00:37:16,running-time,rs-004475-xdr64,b43213fe-6275-4aff-b275-a959858bca4c,1,4663.567164
2026/02/05/00:37:16,apply-time,rs-004476-6494d,99f787c1-fc88-457e-9bdd-49a9baa50646,1,4663.567164
2026/02/05/00:37:16,apply-time,rs-004476-fvwp7,53bbbc39-7085-4462-9093-a937fdc27f1f,1,4663.567164
2026/02/05/00:37:16,apply-time,rs-004476-kgmlv,dd49d45d-ce02-42b1-bee3-4ef4fcb1e4a5,1,4663.567164
2026/02/05/00:37:16,apply-time,rs-004477-246vq,3ca3f473-c9c7-4507-823f-039bbd4cdc23,1,4663.567164
2026/02/05/00:37:16,apply-time,rs-004477-jgnm4,4af22dc6-70b9-4362-a4e5-a43ecaf8f561,1,4663.567164
2026/02/05/00:37:16,apply-time,rs-004478-5m6jl,9cc5952f-e28d-43fd-987e-9d54aa9d378f,1,4663.567164
2026/02/05/00:37:16,apply-time,rs-004479-97lhq,1fb3e84f-c48a-4997-b62c-83d8c0bc5435,1,4663.567164
2026/02/05/00:37:16,running-time,rs-004479-97lhq,1fb3e84f-c48a-4997-b62c-83d8c0bc5435,1,4663.567164
2026/02/05/00:37:17,apply-time,rs-004479-58rc8,aa7bd823-1637-4ea7-9733-25f382b98085,1,4664.567164
2026/02/05/00:37:17,running-time,rs-004479-58rc8,aa7bd823-1637-4ea7-9733-25f382b98085,1,4664.567164
2026/02/05/00:37:17,apply-time,rs-004480-5cgmg,b7d98d7a-94be-43a0-a749-3257b1d9e18f,1,4664.567164
2026/02/05/00:37:17,apply-time,rs-004480-m74cc,02345e28-8b05-4acd-a7f0-dc7dbdb4be5a,1,4664.567164
2026/02/05/00:37:17,apply-time,rs-004480-zsbg8,c7b31135-891d-4298-81fb-dccdf6b1d9de,1,4664.567164
2026/02/05/00:37:17,apply-time,rs-004481-gmfpl,42f3406c-4516-4369-85e4-57c54e97d604,1,4664.567164
2026/02/05/00:37:19,running-time,rs-004478-5m6jl,9cc5952f-e28d-43fd-987e-9d54aa9d378f,1,4666.567164
2026/02/05/00:37:20,apply-time,rs-004482-mp8gc,f9286be6-0bdd-4e8d-aeeb-daf9d9aad63a,1,4667.567164
2026/02/05/00:37:20,running-time,rs-004482-mp8gc,f9286be6-0bdd-4e8d-aeeb-daf9d9aad63a,1,4667.567164
2026/02/05/00:37:20,apply-time,rs-004482-px5jx,d0451d06-3193-459d-b623-bdf28cd646c3,1,4667.567164
2026/02/05/00:37:21,running-time,rs-004482-px5jx,d0451d06-3193-459d-b623-bdf28cd646c3,1,4668.567164
2026/02/05/00:37:25,apply-time,rs-004483-kvx5r,c1d3ee71-4060-4b79-a63a-cd3fd7264fff,1,4672.567164
2026/02/05/00:37:25,running-time,rs-004483-kvx5r,c1d3ee71-4060-4b79-a63a-cd3fd7264fff,1,4672.567164
2026/02/05/00:37:25,apply-time,rs-004484-d6v45,0dab77cf-f446-4d45-9576-72335f6a86d0,1,4672.567164
2026/02/05/00:37:25,running-time,rs-004484-d6v45,0dab77cf-f446-4d45-9576-72335f6a86d0,1,4672.567164
2026/02/05/00:37:25,apply-time,rs-004484-mmf9t,0f574f0c-3cb5-46bf-9fc0-2c0ac976cbbc,1,4672.567164
2026/02/05/00:37:25,running-time,rs-004484-mmf9t,0f574f0c-3cb5-46bf-9fc0-2c0ac976cbbc,1,4672.567164
2026/02/05/00:37:36,apply-time,rs-004485-9xfh9,c4847294-449d-4256-b9df-3336f8d21fd1,1,4683.567164
2026/02/05/00:37:36,running-time,rs-004485-9xfh9,c4847294-449d-4256-b9df-3336f8d21fd1,1,4683.567164
2026/02/05/00:37:36,apply-time,rs-004485-hch6c,c04210ab-0483-4895-9471-714ee78e92aa,1,4683.567164
2026/02/05/00:37:36,running-time,rs-004485-hch6c,c04210ab-0483-4895-9471-714ee78e92aa,1,4683.567164
2026/02/05/00:37:39,apply-time,rs-004486-4498s,2d37189d-fc01-408f-a230-b7486daccb6f,1,4686.567164
2026/02/05/00:37:39,apply-time,rs-004486-trp9l,7a2941ba-6e0a-4129-92b2-63e025dabdd0,1,4686.567164
2026/02/05/00:37:40,apply-time,rs-004487-27qkc,197a6dd9-799f-40e8-9e3c-5e08139819c9,1,4687.567164
2026/02/05/00:37:40,running-time,rs-004487-27qkc,197a6dd9-799f-40e8-9e3c-5e08139819c9,1,4687.567164
2026/02/05/00:37:40,apply-time,rs-004488-xsf5w,77c7810d-f78a-44df-bdc9-ca6aca9fb73c,1,4687.567164
2026/02/05/00:37:40,running-time,rs-004488-xsf5w,77c7810d-f78a-44df-bdc9-ca6aca9fb73c,1,4687.567164
2026/02/05/00:37:40,apply-time,rs-004489-r49w5,ee1d61d5-9547-4a77-8c4a-8613db817310,1,4687.567164
2026/02/05/00:37:40,running-time,rs-004489-r49w5,ee1d61d5-9547-4a77-8c4a-8613db817310,1,4687.567164
2026/02/05/00:37:40,apply-time,rs-004490-jk6ht,127610f5-4181-43f5-8ad3-e18ad53c5bee,1,4687.567164
2026/02/05/00:37:40,running-time,rs-004490-jk6ht,127610f5-4181-43f5-8ad3-e18ad53c5bee,1,4687.567164
2026/02/05/00:37:40,apply-time,rs-004491-kjwvz,3f6671a2-6820-47c9-a0a5-f992d32ca5a5,1,4687.567164
2026/02/05/00:37:40,running-time,rs-004491-kjwvz,3f6671a2-6820-47c9-a0a5-f992d32ca5a5,1,4687.567164
2026/02/05/00:37:41,apply-time,rs-004492-nk8rl,2d657531-ff83-4cdf-ba18-506c82caef77,1,4688.567164
2026/02/05/00:37:41,apply-time,rs-004493-7bdzs,1638bb33-4938-4eb7-8b3f-8e091c9da371,1,4688.567164
2026/02/05/00:37:41,running-time,rs-004493-7bdzs,1638bb33-4938-4eb7-8b3f-8e091c9da371,1,4688.567164
2026/02/05/00:37:41,apply-time,rs-004494-whk8k,bdd22b68-e866-4035-8ac7-ffc7c3752d07,1,4688.567164
2026/02/05/00:37:41,apply-time,rs-004495-67b4g,822ad0bd-ae0f-4aee-8168-d8c4a927da0e,1,4688.567164
2026/02/05/00:37:41,running-time,rs-004495-67b4g,822ad0bd-ae0f-4aee-8168-d8c4a927da0e,1,4688.567164
2026/02/05/00:37:42,running-time,rs-004494-whk8k,bdd22b68-e866-4035-8ac7-ffc7c3752d07,1,4689.567164
2026/02/05/00:37:45,apply-time,rs-004496-8cv9h,d75a5856-fb1f-463e-b48b-c76d3e4d15bf,1,4692.567164
2026/02/05/00:37:45,running-time,rs-004496-8cv9h,d75a5856-fb1f-463e-b48b-c76d3e4d15bf,1,4692.567164
2026/02/05/00:37:54,apply-time,rs-004497-5xtst,c63059ce-fd0c-4de6-bc68-bec86112451e,1,4701.567164
2026/02/05/00:37:54,running-time,rs-004497-5xtst,c63059ce-fd0c-4de6-bc68-bec86112451e,1,4701.567164
2026/02/05/00:37:54,apply-time,rs-004497-bvzzz,8d8eadc1-609d-4133-b023-c23f7185f281,1,4701.567164
2026/02/05/00:37:54,running-time,rs-004497-bvzzz,8d8eadc1-609d-4133-b023-c23f7185f281,1,4701.567164
2026/02/05/00:37:56,apply-time,rs-004498-mjhts,0b905858-f0fd-4278-839a-2a942b9f1b0b,1,4703.567164
2026/02/05/00:37:56,running-time,rs-004498-mjhts,0b905858-f0fd-4278-839a-2a942b9f1b0b,1,4703.567164
2026/02/05/00:37:56,apply-time,rs-004498-stzw4,fe50bd74-f2ef-46fc-8dea-075112f95cd8,1,4703.567164
2026/02/05/00:37:56,running-time,rs-004498-stzw4,fe50bd74-f2ef-46fc-8dea-075112f95cd8,1,4703.567164
2026/02/05/00:37:56,apply-time,rs-004498-w5p8v,28a49134-154a-496f-80f6-bc1d50cc058b,1,4703.567164
2026/02/05/00:37:56,running-time,rs-004498-w5p8v,28a49134-154a-496f-80f6-bc1d50cc058b,1,4703.567164
2026/02/05/00:37:56,apply-time,rs-004499-cg6ls,baee41d0-3e57-4f25-8977-fe00355a5f7c,1,4703.567164
2026/02/05/00:37:56,running-time,rs-004499-cg6ls,baee41d0-3e57-4f25-8977-fe00355a5f7c,1,4703.567164
2026/02/05/00:38:10,apply-time,rs-004500-btqzq,4b570ab0-d710-46e0-94ce-565c33db62c2,1,4717.567164
2026/02/05/00:38:10,running-time,rs-004500-btqzq,4b570ab0-d710-46e0-94ce-565c33db62c2,1,4717.567164
2026/02/05/00:38:10,apply-time,rs-004501-p8rm9,aa1ac4b6-fcc8-4a16-ba6d-386c35cc3b7d,1,4717.567164
2026/02/05/00:38:10,running-time,rs-004501-p8rm9,aa1ac4b6-fcc8-4a16-ba6d-386c35cc3b7d,1,4717.567164
2026/02/05/00:38:10,apply-time,rs-004502-5f9nj,52409bae-0c72-475a-a745-b5226ca8d3b3,1,4717.567164
2026/02/05/00:38:10,running-time,rs-004502-5f9nj,52409bae-0c72-475a-a745-b5226ca8d3b3,1,4717.567164
2026/02/05/00:38:10,apply-time,rs-004502-m7n78,37bf44c6-18c4-440d-9e99-a337a7e17028,1,4717.567164
2026/02/05/00:38:10,running-time,rs-004502-m7n78,37bf44c6-18c4-440d-9e99-a337a7e17028,1,4717.567164
2026/02/05/00:38:10,apply-time,rs-004502-plvr6,6ba01a42-8b72-412e-9e37-a8c33c78b3e4,1,4717.567164
2026/02/05/00:38:10,running-time,rs-004502-plvr6,6ba01a42-8b72-412e-9e37-a8c33c78b3e4,1,4717.567164
2026/02/05/00:38:10,apply-time,rs-004503-9b56f,d543be98-0e09-4109-b045-fb2aef757ae5,1,4717.567164
2026/02/05/00:38:10,running-time,rs-004503-9b56f,d543be98-0e09-4109-b045-fb2aef757ae5,1,4717.567164
2026/02/05/00:38:10,apply-time,rs-004504-m5gxt,5c09066a-e827-4e98-ab96-9decccbadf6a,1,4717.567164
2026/02/05/00:38:10,running-time,rs-004504-m5gxt,5c09066a-e827-4e98-ab96-9decccbadf6a,1,4717.567164
2026/02/05/00:38:10,apply-time,rs-004505-k5mq7,a34d4263-41a2-4288-862a-154c51c7cde4,1,4717.567164
2026/02/05/00:38:10,running-time,rs-004505-k5mq7,a34d4263-41a2-4288-862a-154c51c7cde4,1,4717.567164
2026/02/05/00:38:10,apply-time,rs-004505-wgl7j,ade576e5-af2a-43dd-8f24-198f21650fd1,1,4717.567164
2026/02/05/00:38:10,running-time,rs-004505-wgl7j,ade576e5-af2a-43dd-8f24-198f21650fd1,1,4717.567164
2026/02/05/00:38:10,apply-time,rs-004506-dmdsd,6c4f2849-07c2-4dc5-90f9-ec460fa8ae73,1,4717.567164
2026/02/05/00:38:10,running-time,rs-004506-dmdsd,6c4f2849-07c2-4dc5-90f9-ec460fa8ae73,1,4717.567164
2026/02/05/00:38:10,apply-time,rs-004507-5wshb,7eaeb5ab-143d-482c-8b04-c04de5724a30,1,4717.567164
2026/02/05/00:38:11,apply-time,rs-004507-kxn8d,3bd1a84a-3373-42ff-9b0c-6c2fcfec5106,1,4718.567164
2026/02/05/00:38:11,apply-time,rs-004508-dl5hc,ad932bd6-f6dc-4fb9-9e52-0f8282d55657,1,4718.567164
2026/02/05/00:38:11,running-time,rs-004508-dl5hc,ad932bd6-f6dc-4fb9-9e52-0f8282d55657,1,4718.567164
2026/02/05/00:38:11,apply-time,rs-004508-rrl7l,89a39d98-fe50-424a-b247-1eae6ee64161,1,4718.567164
2026/02/05/00:38:11,running-time,rs-004508-rrl7l,89a39d98-fe50-424a-b247-1eae6ee64161,1,4718.567164
2026/02/05/00:38:11,apply-time,rs-004508-trqzs,db056b9c-df7a-4950-aa03-6c39be4a1a60,1,4718.567164
2026/02/05/00:38:11,running-time,rs-004508-trqzs,db056b9c-df7a-4950-aa03-6c39be4a1a60,1,4718.567164
2026/02/05/00:38:11,apply-time,rs-004509-7f97v,66b9fac6-5607-4cb2-81e2-79a66955fe43,1,4718.567164
2026/02/05/00:38:11,apply-time,rs-004509-bmcsz,0b1a8fc9-4e5a-430c-a6da-455823442eb3,1,4718.567164
2026/02/05/00:38:11,apply-time,rs-004510-9fh9q,37d0f3c5-9849-4358-85e3-144ee070fcb2,1,4718.567164
2026/02/05/00:38:11,apply-time,rs-004510-qckft,ac3f380f-05b2-4824-8c1f-c78e0c3c581e,1,4718.567164
2026/02/05/00:38:11,apply-time,rs-004511-47drg,d453854d-8fde-4c83-8c47-18992a39153c,1,4718.567164
2026/02/05/00:38:11,running-time,rs-004511-47drg,d453854d-8fde-4c83-8c47-18992a39153c,1,4718.567164
2026/02/05/00:38:11,apply-time,rs-004511-4sdjc,3ac9ab6a-7540-4993-bfc1-71b0c9ba7402,1,4718.567164
2026/02/05/00:38:11,running-time,rs-004511-4sdjc,3ac9ab6a-7540-4993-bfc1-71b0c9ba7402,1,4718.567164
2026/02/05/00:38:11,apply-time,rs-004512-qsx5n,d8fc184f-9cf7-40d8-a816-90d09dfb9969,1,4718.567164
2026/02/05/00:38:11,running-time,rs-004512-qsx5n,d8fc184f-9cf7-40d8-a816-90d09dfb9969,1,4718.567164
2026/02/05/00:38:12,apply-time,rs-004513-k79b5,7a8f2bee-e20a-4fbb-89dc-81cad6084abc,1,4719.567164
2026/02/05/00:38:12,running-time,rs-004513-k79b5,7a8f2bee-e20a-4fbb-89dc-81cad6084abc,1,4719.567164
2026/02/05/00:38:12,apply-time,rs-004514-5qlks,6743f5ef-77e8-4149-ae97-d53a97e4475d,1,4719.567164
2026/02/05/00:38:12,apply-time,rs-004515-2w9hn,28855f77-5e12-41f9-9c28-c18ecdefcde6,1,4719.567164
2026/02/05/00:38:12,running-time,rs-004515-2w9hn,28855f77-5e12-41f9-9c28-c18ecdefcde6,1,4719.567164
2026/02/05/00:38:12,apply-time,rs-004515-wh8cc,365d65d6-1735-4605-9e8e-565f1d339617,1,4720.567164
2026/02/05/00:38:12,apply-time,rs-004516-hbd2h,3385093d-2497-497d-8142-1cbb0f55e928,1,4719.567164
2026/02/05/00:38:12,apply-time,rs-004517-5twd6,f461a746-dd3c-4a25-ad51-b798b44aaf15,1,4719.567164
2026/02/05/00:38:13,running-time,rs-004509-bmcsz,0b1a8fc9-4e5a-430c-a6da-455823442eb3,1,4720.567164
2026/02/05/00:38:13,running-time,rs-004514-5qlks,6743f5ef-77e8-4149-ae97-d53a97e4475d,1,4720.567164
2026/02/05/00:38:13,running-time,rs-004515-wh8cc,365d65d6-1735-4605-9e8e-565f1d339617,1,4720.567164
2026/02/05/00:38:13,apply-time,rs-004516-wg4xh,a07d65df-e582-4318-9015-4cf0ae86ad70,1,4720.567164
2026/02/05/00:38:13,apply-time,rs-004518-ztwdr,328a367a-ffe0-4183-9278-dabbb20e6626,1,4720.567164
2026/02/05/00:38:13,running-time,rs-004518-ztwdr,328a367a-ffe0-4183-9278-dabbb20e6626,1,4720.567164
2026/02/05/00:38:13,apply-time,rs-004519-jwlbf,c823a435-bf99-4473-bde1-f1754e20eb7f,1,4720.567164
2026/02/05/00:38:13,running-time,rs-004519-jwlbf,c823a435-bf99-4473-bde1-f1754e20eb7f,1,4720.567164
2026/02/05/00:38:14,running-time,rs-004510-9fh9q,37d0f3c5-9849-4358-85e3-144ee070fcb2,1,4721.567164
2026/02/05/00:38:14,apply-time,rs-004520-89w6b,e3884937-bbad-469d-a312-755cdba61e1b,1,4721.567164
2026/02/05/00:38:14,running-time,rs-004520-89w6b,e3884937-bbad-469d-a312-755cdba61e1b,1,4721.567164
2026/02/05/00:38:14,apply-time,rs-004520-ssgcc,99b91bb8-e8c4-47c3-96a3-5fc76121950c,1,4721.567164
2026/02/05/00:38:14,running-time,rs-004520-ssgcc,99b91bb8-e8c4-47c3-96a3-5fc76121950c,1,4721.567164
2026/02/05/00:38:14,apply-time,rs-004522-45tgl,d1d61946-fc40-4950-9380-814aedd7f173,1,4721.567164
2026/02/05/00:38:14,running-time,rs-004522-45tgl,d1d61946-fc40-4950-9380-814aedd7f173,1,4722.567164
2026/02/05/00:38:14,apply-time,rs-004523-rb7fv,e6bfb269-8a8b-49d3-9bb1-59e8fa4e1b75,1,4722.567164
2026/02/05/00:38:15,apply-time,rs-004521-5n6pn,a2fe4a21-d93c-4066-a40b-019c23c67e15,1,4722.567164
2026/02/05/00:38:15,apply-time,rs-004521-pclck,e9f20c7f-a215-484a-877d-33787c3b805a,1,4722.567164
2026/02/05/00:38:15,running-time,rs-004523-rb7fv,e6bfb269-8a8b-49d3-9bb1-59e8fa4e1b75,1,4722.567164
2026/02/05/00:38:15,apply-time,rs-004524-j695l,2c7ae531-4493-46ed-b932-fce1f523734d,1,4722.567164
2026/02/05/00:38:15,running-time,rs-004524-j695l,2c7ae531-4493-46ed-b932-fce1f523734d,1,4722.567164
2026/02/05/00:38:15,apply-time,rs-004524-lxpt5,6f568b1e-a4d4-4461-be2b-eb1f9e0dccd5,1,4722.567164
2026/02/05/00:38:15,apply-time,rs-004524-rn67d,046de033-3897-4d58-88e6-2b9546e204bc,1,4722.567164
2026/02/05/00:38:15,apply-time,rs-004525-wgwbk,8aae4ea0-b652-40b1-8f50-35ad876be0d0,1,4722.567164
2026/02/05/00:38:15,apply-time,rs-004526-wkk5b,39a553ef-d203-446c-8ce7-1f62d99011f6,1,4722.567164
2026/02/05/00:38:15,running-time,rs-004526-wkk5b,39a553ef-d203-446c-8ce7-1f62d99011f6,1,4722.567164
2026/02/05/00:38:15,apply-time,rs-004527-stl66,9a28ec0c-5d12-4e1c-8d8e-c3486d98ff9d,1,4722.567164
2026/02/05/00:38:16,running-time,rs-004524-rn67d,046de033-3897-4d58-88e6-2b9546e204bc,1,4723.567164
2026/02/05/00:38:16,apply-time,rs-004528-zzc9p,644a7664-b527-4daf-9adb-8df593b3dc96,1,4723.567164
2026/02/05/00:38:16,apply-time,rs-004529-fc9m8,d6af95eb-0704-4f18-b40b-53bd0ce133af,1,4723.567164
2026/02/05/00:38:16,running-time,rs-004529-fc9m8,d6af95eb-0704-4f18-b40b-53bd0ce133af,1,4723.567164
2026/02/05/00:38:16,apply-time,rs-004529-zm7k9,72ffd5e1-e81e-49b5-aa63-90e54167b5f5,1,4723.567164
2026/02/05/00:38:16,running-time,rs-004529-zm7k9,72ffd5e1-e81e-49b5-aa63-90e54167b5f5,1,4723.567164
2026/02/05/00:38:16,apply-time,rs-004531-dxjxm,f2fe1ef3-b57f-4eb7-816d-aa1d6e48275f,1,4723.567164
2026/02/05/00:38:16,running-time,rs-004531-dxjxm,f2fe1ef3-b57f-4eb7-816d-aa1d6e48275f,1,4723.567164
2026/02/05/00:38:16,apply-time,rs-004531-v2zp2,00b2eb79-45d1-454d-822e-a02c37a9ad6a,1,4723.567164
2026/02/05/00:38:16,running-time,rs-004531-v2zp2,00b2eb79-45d1-454d-822e-a02c37a9ad6a,1,4723.567164
2026/02/05/00:38:16,apply-time,rs-004533-5r6x2,560ea48e-5665-4194-b484-c347fb8fb9f7,1,4723.567164
2026/02/05/00:38:16,apply-time,rs-004534-92k85,1df0d534-1fa6-4acc-bc5b-f6d58765b768,1,4723.567164
2026/02/05/00:38:17,running-time,rs-004527-stl66,9a28ec0c-5d12-4e1c-8d8e-c3486d98ff9d,1,4725.567164
2026/02/05/00:38:17,apply-time,rs-004532-g74hp,497d6fa4-6de2-49fb-bc3b-754a09cb77ac,1,4724.567164
2026/02/05/00:38:17,running-time,rs-004532-g74hp,497d6fa4-6de2-49fb-bc3b-754a09cb77ac,1,4724.567164
2026/02/05/00:38:17,running-time,rs-004533-5r6x2,560ea48e-5665-4194-b484-c347fb8fb9f7,1,4724.567164
2026/02/05/00:38:17,running-time,rs-004534-92k85,1df0d534-1fa6-4acc-bc5b-f6d58765b768,1,4724.567164
2026/02/05/00:38:17,apply-time,rs-004534-dvmgb,9c8f1db1-c8d9-4476-9419-a23c28da88f6,1,4724.567164
2026/02/05/00:38:17,running-time,rs-004534-dvmgb,9c8f1db1-c8d9-4476-9419-a23c28da88f6,1,4724.567164
2026/02/05/00:38:17,apply-time,rs-004534-g2k44,6e82e7be-5cbe-4593-95ef-09f9b8741cdf,1,4724.567164
2026/02/05/00:38:17,apply-time,rs-004535-lc6km,17334e58-6388-4e95-8511-d5d9d8d7220d,1,4724.567164
2026/02/05/00:38:17,apply-time,rs-004536-p22n2,1e61f0be-6449-4abe-bce9-114f49b84741,1,4724.567164
2026/02/05/00:38:17,apply-time,rs-004537-5tdpz,e053b758-f0e9-4333-8106-473f10801dbb,1,4724.567164
2026/02/05/00:38:17,apply-time,rs-004537-8spwc,c6e851ef-441e-4672-9f9f-d0dd652868d9,1,4724.567164
2026/02/05/00:38:18,apply-time,rs-004538-458cn,bb7c7818-79b2-4937-b806-4dc800755d33,1,4725.567164
2026/02/05/00:38:18,apply-time,rs-004538-g722q,f716aee4-5603-44df-bfd7-302738bd225b,1,4725.567164
2026/02/05/00:38:18,apply-time,rs-004538-lf85r,b14efbad-c232-4abf-8917-301ea02815de,1,4725.567164
2026/02/05/00:38:18,apply-time,rs-004539-48bzj,6dc33183-5e29-4273-806d-5139d9345dc4,1,4725.567164
2026/02/05/00:38:18,apply-time,rs-004539-hd7df,d6570c3b-2617-45d0-bcce-e934e269b59a,1,4725.567164
2026/02/05/00:38:18,apply-time,rs-004540-hwdfn,50e9193b-4605-48aa-95b4-8af7e01f7312,1,4726.567164
2026/02/05/00:38:19,apply-time,rs-004541-qxdrt,29fb51f6-8072-4313-b625-cb9266c0bb35,1,4726.567164
2026/02/05/00:38:19,apply-time,rs-004542-bp4lp,8e65d89d-3a66-4be5-b9d5-039711948a88,1,4726.567164
2026/02/05/00:38:19,apply-time,rs-004543-jh55h,c8425352-89a3-44b2-9343-ecb6c5df9b88,1,4726.567164
2026/02/05/00:38:19,apply-time,rs-004543-k2qjh,3a8b1e43-07df-47a0-9f80-8c8fe38938dc,1,4726.567164
2026/02/05/00:38:19,running-time,rs-004543-k2qjh,3a8b1e43-07df-47a0-9f80-8c8fe38938dc,1,4726.567164
2026/02/05/00:38:21,running-time,rs-004537-5tdpz,e053b758-f0e9-4333-8106-473f10801dbb,1,4728.567164
2026/02/05/00:38:21,running-time,rs-004542-bp4lp,8e65d89d-3a66-4be5-b9d5-039711948a88,1,4728.567164
2026/02/05/00:38:21,running-time,rs-004543-jh55h,c8425352-89a3-44b2-9343-ecb6c5df9b88,1,4728.567164
2026/02/05/00:38:22,running-time,rs-004524-lxpt5,6f568b1e-a4d4-4461-be2b-eb1f9e0dccd5,1,4729.567164
2026/02/05/00:38:22,running-time,rs-004534-g2k44,6e82e7be-5cbe-4593-95ef-09f9b8741cdf,1,4729.567164
2026/02/05/00:38:22,running-time,rs-004537-8spwc,c6e851ef-441e-4672-9f9f-d0dd652868d9,1,4729.567164
2026/02/05/00:38:22,running-time,rs-004538-458cn,bb7c7818-79b2-4937-b806-4dc800755d33,1,4729.567164
2026/02/05/00:38:22,running-time,rs-004541-qxdrt,29fb51f6-8072-4313-b625-cb9266c0bb35,1,4729.567164
2026/02/05/00:38:23,apply-time,rs-004544-8vgg2,c3ed0d8a-98d4-47b6-88d1-3549b225547b,1,4730.567164
2026/02/05/00:38:23,running-time,rs-004544-8vgg2,c3ed0d8a-98d4-47b6-88d1-3549b225547b,1,4730.567164
2026/02/05/00:38:23,apply-time,rs-004544-pv7l4,fe4cde87-9194-4cc6-b3ec-54619f185896,1,4730.567164
2026/02/05/00:38:23,running-time,rs-004544-pv7l4,fe4cde87-9194-4cc6-b3ec-54619f185896,1,4730.567164
2026/02/05/00:38:23,apply-time,rs-004545-w6ntb,42a8f17f-786e-42be-b4cc-857e05db19f7,1,4730.567164
2026/02/05/00:38:24,running-time,rs-004538-lf85r,b14efbad-c232-4abf-8917-301ea02815de,1,4731.567164
2026/02/05/00:38:27,apply-time,rs-004546-6wkzj,2855f134-f70e-401b-9b90-fc0fa7a81222,1,4734.567164
2026/02/05/00:38:27,apply-time,rs-004546-vtqg4,71e81743-2728-45cb-b2be-60f772f282c1,1,4734.567164
2026/02/05/00:38:29,apply-time,rs-004547-dmm7n,f111f07b-d93c-4168-ad7f-cd187a5895be,1,4736.567164
2026/02/05/00:38:29,apply-time,rs-004548-62s5p,5890c9a0-ebc4-4cab-bb30-b7f39be8019d,1,4736.567164
2026/02/05/00:38:29,apply-time,rs-004548-p86sm,8cc15a3a-507b-494d-8a08-a53f05eeb087,1,4736.567164
2026/02/05/00:38:29,apply-time,rs-004549-6js2s,58d5e08b-42d0-403d-bceb-0a6f978e2fa6,1,4736.567164
2026/02/05/00:38:29,running-time,rs-004549-6js2s,58d5e08b-42d0-403d-bceb-0a6f978e2fa6,1,4737.567164
2026/02/05/00:38:29,apply-time,rs-004549-vdjjt,d6efd672-dd06-411e-ab24-ac1e9a9d99a4,1,4736.567164
2026/02/05/00:38:29,running-time,rs-004549-vdjjt,d6efd672-dd06-411e-ab24-ac1e9a9d99a4,1,4736.567164
2026/02/05/00:38:29,apply-time,rs-004550-rhf24,042d8745-311d-434f-97bf-bf2ca2d84619,1,4736.567164
2026/02/05/00:38:29,apply-time,rs-004551-4tsbm,d96c3e7c-c355-4404-a6f1-82838bc47621,1,4736.567164
2026/02/05/00:38:29,apply-time,rs-004551-sz2gh,511c708a-8ded-41fc-b4b2-6470593590a4,1,4736.567164
2026/02/05/00:38:30,apply-time,rs-004552-59nq7,99045b01-b2f9-4af7-9fd3-1cf40ee18717,1,4737.567164
2026/02/05/00:38:30,running-time,rs-004552-59nq7,99045b01-b2f9-4af7-9fd3-1cf40ee18717,1,4737.567164
2026/02/05/00:38:30,apply-time,rs-004552-c9dlz,2529f93d-e5fa-4d30-81d9-f2f7ff9f2a91,1,4737.567164
2026/02/05/00:38:30,running-time,rs-004552-c9dlz,2529f93d-e5fa-4d30-81d9-f2f7ff9f2a91,1,4737.567164
2026/02/05/00:38:30,apply-time,rs-004552-x24t5,03a6f13d-7cd4-4ff9-8300-b63a9539cac8,1,4737.567164
2026/02/05/00:38:30,running-time,rs-004552-x24t5,03a6f13d-7cd4-4ff9-8300-b63a9539cac8,1,4737.567164
2026/02/05/00:38:30,apply-time,rs-004553-74x76,56eb0e11-934f-4f8c-a502-125bd9f9ec07,1,4737.567164
2026/02/05/00:38:30,apply-time,rs-004553-tx5fm,c15e53f0-0e79-4814-9d29-b7f225af9d15,1,4737.567164
2026/02/05/00:38:30,apply-time,rs-004553-zf6s7,135b3eca-a451-416f-9dff-2a3aaad14e2d,1,4737.567164
2026/02/05/00:38:31,running-time,rs-004548-62s5p,5890c9a0-ebc4-4cab-bb30-b7f39be8019d,1,4738.567164
2026/02/05/00:38:32,running-time,rs-004521-pclck,e9f20c7f-a215-484a-877d-33787c3b805a,1,4739.567164
2026/02/05/00:38:32,running-time,rs-004538-g722q,f716aee4-5603-44df-bfd7-302738bd225b,1,4740.567164
2026/02/05/00:38:39,running-time,rs-004551-4tsbm,d96c3e7c-c355-4404-a6f1-82838bc47621,1,4746.567164
2026/02/05/00:38:39,running-time,rs-004551-sz2gh,511c708a-8ded-41fc-b4b2-6470593590a4,1,4746.567164
2026/02/05/00:38:40,apply-time,rs-004554-rt24d,350bc5c6-306b-4959-88c0-bc75058d4519,1,4747.567164
2026/02/05/00:38:40,running-time,rs-004554-rt24d,350bc5c6-306b-4959-88c0-bc75058d4519,1,4747.567164
2026/02/05/00:38:40,apply-time,rs-004555-nrcdz,0e814bcb-cee2-4247-b767-7129d779818d,1,4747.567164
2026/02/05/00:38:40,running-time,rs-004555-nrcdz,0e814bcb-cee2-4247-b767-7129d779818d,1,4747.567164
2026/02/05/00:38:40,apply-time,rs-004555-x4qjs,bb18411e-7ff0-49a6-8de1-55cb8e8f46ab,1,4747.567164
2026/02/05/00:38:40,running-time,rs-004555-x4qjs,bb18411e-7ff0-49a6-8de1-55cb8e8f46ab,1,4747.567164
2026/02/05/00:38:49,apply-time,rs-004501-hv4m7,e667c5d2-9c1b-44ca-8c44-017387ff109a,1,4755.567164
2026/02/05/00:38:49,running-time,rs-004501-hv4m7,e667c5d2-9c1b-44ca-8c44-017387ff109a,1,4755.567164
2026/02/05/00:38:49,running-time,rs-004550-rhf24,042d8745-311d-434f-97bf-bf2ca2d84619,1,4755.567164
2026/02/05/00:38:52,apply-time,rs-004556-95c8m,4d75a697-dbd0-4cdd-9b7d-7bcfe7e11f4b,1,4759.567164
2026/02/05/00:38:53,running-time,rs-004556-95c8m,4d75a697-dbd0-4cdd-9b7d-7bcfe7e11f4b,1,4759.567164
2026/02/05/00:38:53,apply-time,rs-004556-rn57f,c7104ccd-a334-42a5-9362-42c729d256a1,1,4759.567164
2026/02/05/00:38:53,running-time,rs-004556-rn57f,c7104ccd-a334-42a5-9362-42c729d256a1,1,4759.567164
2026/02/05/00:38:53,apply-time,rs-004556-z6vtm,4fc58bec-edce-4d22-a3f9-9d7140e66161,1,4759.567164
2026/02/05/00:38:53,running-time,rs-004556-z6vtm,4fc58bec-edce-4d22-a3f9-9d7140e66161,1,4759.567164
2026/02/05/00:38:53,apply-time,rs-004557-6cxmn,927dfbc6-7a4b-4b20-b8c5-5bdc39b28d4c,1,4759.567164
2026/02/05/00:38:53,apply-time,rs-004557-7qf9q,29fc70ed-4029-41b5-afa3-0cb683985b2e,1,4759.567164
2026/02/05/00:38:53,apply-time,rs-004557-hmpln,f183c37b-abdc-4e4f-ac13-9704dc41a29a,1,4759.567164
2026/02/05/00:38:53,apply-time,rs-004558-vmpm5,105f4bb2-3b2f-42b8-ad0c-2b2a405e5a9e,1,4760.567164
2026/02/05/00:38:54,apply-time,rs-004559-8b4k2,3b20e7c1-d824-4cfb-9853-d2d23bdb7b8c,1,4760.567164
2026/02/05/00:38:54,apply-time,rs-004559-kvdb6,1f5171f8-7ad0-4e0f-a394-4aeb27f72f96,1,4760.567164
2026/02/05/00:38:54,apply-time,rs-004560-z6k8n,bfcd7360-3a11-4312-bf9f-06583c03093c,1,4760.567164
2026/02/05/00:38:54,apply-time,rs-004561-smv2p,d2590feb-3721-46df-9309-88bb5f281577,1,4760.567164
2026/02/05/00:38:54,apply-time,rs-004561-z2ngf,30000ede-806a-4829-9893-846c97dd3024,1,4760.567164
2026/02/05/00:38:54,apply-time,rs-004562-r47g2,332eb394-9221-4eb6-adfb-5e2f577f266f,1,4760.567164
2026/02/05/00:38:54,apply-time,rs-004563-xrpmg,722e84cf-dfb0-4e2e-a947-5e31ca875282,1,4760.567164
2026/02/05/00:38:57,running-time,rs-004560-z6k8n,bfcd7360-3a11-4312-bf9f-06583c03093c,1,4763.567164
2026/02/05/00:39:01,running-time,rs-004562-r47g2,332eb394-9221-4eb6-adfb-5e2f577f266f,1,4767.567164
2026/02/05/00:39:04,apply-time,rs-004564-9p72z,c27efcee-85db-491f-a66b-bfa188d7d0aa,1,4770.567164
2026/02/05/00:39:04,running-time,rs-004564-9p72z,c27efcee-85db-491f-a66b-bfa188d7d0aa,1,4770.567164
2026/02/05/00:39:04,apply-time,rs-004564-fcp67,ec942bb5-01b3-43ce-9220-2a226650f277,1,4770.567164
2026/02/05/00:39:04,running-time,rs-004564-fcp67,ec942bb5-01b3-43ce-9220-2a226650f277,1,4771.567164
2026/02/05/00:39:05,apply-time,rs-004565-znnb4,ef4f8f1e-223a-4d09-811d-1bd6f182f12a,1,4771.567164
2026/02/05/00:39:05,apply-time,rs-004566-jj6vr,1acbc494-2b89-4173-9594-389111c1efcf,1,4771.567164
2026/02/05/00:39:05,apply-time,rs-004566-rjvlp,17ad0a36-99f2-44a6-839b-92ce5a701b11,1,4771.567164
2026/02/05/00:39:05,apply-time,rs-004567-h6qmt,a8414897-62c0-49bb-9609-f40a2539388f,1,4771.567164
2026/02/05/00:39:05,apply-time,rs-004568-kmn9w,995c3ddc-1696-4d8d-98b4-7be3e476b594,1,4771.567164
2026/02/05/00:39:05,running-time,rs-004568-kmn9w,995c3ddc-1696-4d8d-98b4-7be3e476b594,1,4771.567164
2026/02/05/00:39:05,apply-time,rs-004569-g2lvj,67769e73-bb00-4b5e-8dfb-ee8c20d03fe2,1,4771.567164
2026/02/05/00:39:05,apply-time,rs-004570-8rmdx,9a1fe59a-f957-4ad8-a560-cdb4e817b1b8,1,4771.567164
2026/02/05/00:39:05,apply-time,rs-004570-cfsql,df67caea-85a1-4828-8a5c-f70dfbe3bd87,1,4771.567164
2026/02/05/00:39:05,apply-time,rs-004571-5zxx8,93677dbf-3a56-4f0b-ab2f-2828cccda81b,1,4771.567164
2026/02/05/00:39:05,apply-time,rs-004571-r85sz,54e9b5d8-9468-4f14-be17-924649a502b3,1,4771.567164
2026/02/05/00:39:05,apply-time,rs-004571-v6zww,9e7b978d-b81d-4b7b-b94b-b899f1f493ae,1,4771.567164
2026/02/05/00:39:05,apply-time,rs-004572-8rcs5,aca6668a-1ab2-4354-8d53-e588289af5fe,1,4771.567164
2026/02/05/00:39:05,apply-time,rs-004573-4d4kn,fa76be94-a44b-4251-b486-abba94218846,1,4771.567164
2026/02/05/00:39:05,running-time,rs-004573-4d4kn,fa76be94-a44b-4251-b486-abba94218846,1,4771.567164
2026/02/05/00:39:05,apply-time,rs-004574-dgfkh,a04860d3-f78c-4a27-b880-32d47ba10292,1,4771.567164
2026/02/05/00:39:06,apply-time,rs-004572-qftpn,5be262c5-9c5c-4504-8ccf-5966b4d0f1e3,1,4772.567164
2026/02/05/00:39:06,apply-time,rs-004575-7gvjw,2ce4e486-f5d6-4a90-9261-784cbcb32f1a,1,4772.567164
2026/02/05/00:39:06,apply-time,rs-004575-fsv4w,ee046ff5-029b-4538-8613-9c3a6936b5e6,1,4772.567164
2026/02/05/00:39:06,apply-time,rs-004575-vcw6q,1346faa9-7d3a-44a2-a153-d3729016778e,1,4772.567164
2026/02/05/00:39:06,apply-time,rs-004576-7qfcn,338c0150-7390-47ea-b651-48eb7add46e7,1,4772.567164
2026/02/05/00:39:06,apply-time,rs-004576-cfxk2,233071cb-b060-4742-b5ad-c70ff99a8068,1,4772.567164
2026/02/05/00:39:06,apply-time,rs-004576-qjrkv,158945a0-759c-4be0-9e36-e97523450f67,1,4772.567164
2026/02/05/00:39:06,apply-time,rs-004577-2f78c,0d14ee45-bb4b-415b-b255-db71a58f5849,1,4772.567164
2026/02/05/00:39:06,apply-time,rs-004577-dvpdr,60d8e10a-5205-40da-ab85-594be445feb9,1,4772.567164
2026/02/05/00:39:06,apply-time,rs-004577-q7dvl,2d050d32-b3fb-43fa-8d8c-1af124360ebf,1,4772.567164
2026/02/05/00:39:06,apply-time,rs-004578-lmfdp,ae5d8b3c-6d3d-4725-8a0b-1a2b80d87f45,1,4772.567164
2026/02/05/00:39:06,apply-time,rs-004578-v4sjg,46682a2b-8574-4ca3-b1f4-e4f5f9530cc6,1,4772.567164
2026/02/05/00:39:07,running-time,rs-004565-znnb4,ef4f8f1e-223a-4d09-811d-1bd6f182f12a,1,4773.567164
2026/02/05/00:39:07,running-time,rs-004574-dgfkh,a04860d3-f78c-4a27-b880-32d47ba10292,1,4773.567164
2026/02/05/00:39:08,running-time,rs-004571-5zxx8,93677dbf-3a56-4f0b-ab2f-2828cccda81b,1,4774.567164
2026/02/05/00:39:08,apply-time,rs-004579-rwczr,95ce7b47-9515-4331-a2ff-2eaeb205121a,1,4774.567164
2026/02/05/00:39:08,apply-time,rs-004580-g8k8j,560d2713-0676-45e4-81dc-453314d8b005,1,4774.567164
2026/02/05/00:39:08,apply-time,rs-004581-8dqf4,b9063bdb-a872-485d-91bf-9dac42486a2a,1,4774.567164
2026/02/05/00:39:09,running-time,rs-004579-rwczr,95ce7b47-9515-4331-a2ff-2eaeb205121a,1,4775.567164
2026/02/05/00:39:09,running-time,rs-004581-8dqf4,b9063bdb-a872-485d-91bf-9dac42486a2a,1,4775.567164
2026/02/05/00:39:09,apply-time,rs-004582-2c7z2,9a5b20b4-c7fb-4a30-a434-2201c50e6e80,1,4775.567164
2026/02/05/00:39:09,apply-time,rs-004582-b4f27,f32a3672-b9b2-4c5f-9715-3eece16b2429,1,4775.567164
2026/02/05/00:39:09,apply-time,rs-004583-qxx55,6ef99d11-51c5-43b9-9909-a318e126e42c,1,4775.567164
2026/02/05/00:39:11,apply-time,rs-004584-znhnf,fff11415-7551-486d-82cc-e2d02ff1ca3e,1,4778.567164
2026/02/05/00:39:11,apply-time,rs-004585-jbn4x,0e94725b-6383-4515-997f-5cd02c14bcbc,1,4778.567164
2026/02/05/00:39:11,apply-time,rs-004586-mzmrm,57941ae2-d7ff-4d73-b1da-091f0e9c5a7d,1,4778.567164
2026/02/05/00:39:11,running-time,rs-004586-mzmrm,57941ae2-d7ff-4d73-b1da-091f0e9c5a7d,1,4778.567164
2026/02/05/00:39:11,apply-time,rs-004587-m4m6r,29ee02b5-be5c-4aaa-8f5d-d59e70aa8775,1,4778.567164
2026/02/05/00:39:12,running-time,rs-004582-2c7z2,9a5b20b4-c7fb-4a30-a434-2201c50e6e80,1,4778.567164
2026/02/05/00:39:12,apply-time,rs-004588-gqmbv,772d6844-bdc7-494b-b695-508f6e6d28c6,1,4778.567164
2026/02/05/00:39:12,running-time,rs-004588-gqmbv,772d6844-bdc7-494b-b695-508f6e6d28c6,1,4778.567164
2026/02/05/00:39:12,apply-time,rs-004588-hjzfq,64120ffe-6001-4e27-9163-5fcc2fb1e114,1,4778.567164
2026/02/05/00:39:12,running-time,rs-004588-hjzfq,64120ffe-6001-4e27-9163-5fcc2fb1e114,1,4778.567164
2026/02/05/00:39:12,apply-time,rs-004589-8hwxd,4121725f-0d01-428b-bbd9-cd4c69e39593,1,4778.567164
2026/02/05/00:39:12,apply-time,rs-004589-vt7xk,a4d9f547-8ed2-43fd-8da5-3e479bdb4f74,1,4778.567164
2026/02/05/00:39:12,apply-time,rs-004590-2bq5r,cd9510e4-7a05-405f-82eb-9e10fd4f295c,1,4778.567164
2026/02/05/00:39:12,apply-time,rs-004590-wb7rd,642091af-986c-445d-b72b-6b8a9a9f862e,1,4778.567164
2026/02/05/00:39:13,apply-time,rs-004591-tc2rn,2875c8fc-d64a-4a59-8fce-37abf25cfee8,1,4779.567164
2026/02/05/00:39:13,apply-time,rs-004591-v5gks,0bbd86f9-d669-45d1-9899-667600c76820,1,4779.567164
2026/02/05/00:39:13,apply-time,rs-004592-5zdjh,9534c4a5-c512-41ed-844c-ff90cbe6a908,1,4779.567164
2026/02/05/00:39:13,apply-time,rs-004592-gvkrn,e67ab52c-4937-4711-b1b8-6e6df899efb3,1,4779.567164
2026/02/05/00:39:13,apply-time,rs-004592-mtmbc,52191a88-b809-44ef-a888-54669a67bc7a,1,4779.567164
2026/02/05/00:39:13,apply-time,rs-004593-5h4r5,f3d70f0c-ff56-47e7-8206-47bcde1f6b2b,1,4780.567164
2026/02/05/00:39:13,apply-time,rs-004594-87z9f,b957507c-2ce4-48a4-924c-70a31b68aee1,1,4780.567164
2026/02/05/00:39:13,apply-time,rs-004594-wkq8s,8e831171-4402-4c51-a3c0-2eab2e220cca,1,4780.567164
2026/02/05/00:39:13,apply-time,rs-004596-b6p75,01dcd77f-bc00-455c-a446-8711aefa1f4f,1,4780.567164
2026/02/05/00:39:13,apply-time,rs-004596-mgjc8,8514eac3-c7dc-4f18-8467-0e174dec1116,1,4780.567164
2026/02/05/00:39:13,apply-time,rs-004596-xjk6p,a73e4d9c-4164-4af8-b10e-e3d10e56d41a,1,4780.567164
2026/02/05/00:39:13,apply-time,rs-004597-qgf5v,3693e754-4190-4e40-8b5a-9d86b4097ebf,1,4780.567164
2026/02/05/00:39:14,apply-time,rs-004595-67db6,dd796f96-4f51-4ded-b47b-5e772b28ad69,1,4780.567164
2026/02/05/00:39:14,apply-time,rs-004595-96x2j,9e7ec80f-38fe-492f-8eef-9cd19832d6b0,1,4780.567164
2026/02/05/00:39:14,apply-time,rs-004595-m55qr,a92d2772-de80-42bc-b833-ede373043802,1,4780.567164
2026/02/05/00:39:16,apply-time,rs-004598-6w7c7,586cb510-175a-4718-8ab0-c8ffa87b0c67,1,4782.567164
2026/02/05/00:39:16,apply-time,rs-004598-fnk26,63bfae1a-caa9-42e8-b274-77a4f6abc2bb,1,4782.567164
2026/02/05/00:39:16,apply-time,rs-004598-w7fkf,4062ef42-6131-4e4a-b8e6-d2d8fb2596d5,1,4782.567164
2026/02/05/00:39:16,apply-time,rs-004599-5cnwx,8a5df574-c063-4694-be2c-0907fed90f75,1,4782.567164
2026/02/05/00:39:16,apply-time,rs-004599-sbj9b,3de7d776-3be0-4f60-93d6-cb23a7a10484,1,4782.567164
2026/02/05/00:39:16,apply-time,rs-004599-vd76z,7bc3b7a7-2656-428f-8014-9a774fc3c594,1,4782.567164
2026/02/05/00:39:16,apply-time,rs-004600-5zf6s,bc6ee2c5-c1eb-45c5-95a4-251578657f9f,1,4782.567164
2026/02/05/00:39:16,apply-time,rs-004600-k289v,614aa10c-d64b-407b-97a1-681999cc634e,1,4782.567164
2026/02/05/00:39:16,apply-time,rs-004601-cgt5d,a35493b3-c393-46b3-b2e8-8a9e1a9c0150,1,4782.567164
2026/02/05/00:39:16,apply-time,rs-004602-8svkx,1422de0e-ddbd-4148-aefc-d52c75c0ec29,1,4782.567164
2026/02/05/00:39:19,apply-time,rs-004603-6tccj,04020953-9b41-4650-9560-c300af14c999,1,4785.567164
2026/02/05/00:39:19,apply-time,rs-004603-grsx4,6f03160e-087b-440e-a5e1-14a8d2066179,1,4785.567164
2026/02/05/00:39:19,apply-time,rs-004604-wt2zc,6be50ca2-592a-4c35-96fa-fd98e457303e,1,4786.567164
2026/02/05/00:39:22,running-time,rs-004593-5h4r5,f3d70f0c-ff56-47e7-8206-47bcde1f6b2b,1,4788.567164
2026/02/05/00:39:22,running-time,rs-004603-6tccj,04020953-9b41-4650-9560-c300af14c999,1,4789.567164
2026/02/05/00:39:22,running-time,rs-004603-grsx4,6f03160e-087b-440e-a5e1-14a8d2066179,1,4789.567164
2026/02/05/00:39:22,apply-time,rs-004605-9wsb8,f6a50f0a-7e5a-48ee-9400-fe170965128f,1,4788.567164
2026/02/05/00:39:22,apply-time,rs-004605-lgvrw,53b7292f-ab37-4822-8fb4-bcbdb45d66c8,1,4788.567164
2026/02/05/00:39:22,running-time,rs-004605-lgvrw,53b7292f-ab37-4822-8fb4-bcbdb45d66c8,1,4788.567164
2026/02/05/00:39:22,apply-time,rs-004606-djs9l,dd038301-7cbd-4827-9dda-44867739ac90,1,4788.567164
2026/02/05/00:39:22,apply-time,rs-004606-xjnz8,213f122a-3ac1-40b4-a8bc-4bbfb95ed0cf,1,4788.567164
2026/02/05/00:39:22,apply-time,rs-004607-wbg2n,a5d6ab28-660d-478c-8552-b85fd152e8d5,1,4788.567164
2026/02/05/00:39:22,apply-time,rs-004608-hrk4t,8d71d315-d9e1-4c30-ba61-a10ad4e35ed0,1,4788.567164
2026/02/05/00:39:22,apply-time,rs-004608-p96zw,66710b1e-d998-4e38-9670-8ca0cd6ab524,1,4788.567164
2026/02/05/00:39:22,apply-time,rs-004608-vvczd,a4afd28b-71ba-45b9-92f5-b7b21790d37a,1,4788.567164
2026/02/05/00:39:22,apply-time,rs-004609-hzt8p,42f2ac19-3591-41e0-b1a8-346ae230fda8,1,4788.567164
2026/02/05/00:39:22,apply-time,rs-004610-2ff6q,98f3625b-8828-4695-824c-26a52e06cd95,1,4789.567164
2026/02/05/00:39:22,apply-time,rs-004610-62t7b,7396733a-137e-47a3-a04b-10477491985e,1,4788.567164
2026/02/05/00:39:22,apply-time,rs-004610-lrbq2,62e11ed8-154b-4485-bf85-8aac1304184f,1,4789.567164
2026/02/05/00:39:22,apply-time,rs-004611-dkvn8,1470d0fd-3ecc-4479-a778-7b4da97b9b68,1,4788.567164
2026/02/05/00:39:22,apply-time,rs-004612-gj28x,a9b0eac6-22ce-455d-8961-04cacb706bc6,1,4788.567164
2026/02/05/00:39:22,apply-time,rs-004613-vtl4h,fb19e6d2-4707-4b18-9dbe-ba4eb908223b,1,4788.567164
2026/02/05/00:39:22,apply-time,rs-004614-2ncv2,af9cca03-7869-4be0-ae96-22793a250f1a,1,4788.567164
2026/02/05/00:39:24,running-time,rs-004610-2ff6q,98f3625b-8828-4695-824c-26a52e06cd95,1,4791.567164
2026/02/05/00:39:25,running-time,rs-004605-9wsb8,f6a50f0a-7e5a-48ee-9400-fe170965128f,1,4791.567164
2026/02/05/00:39:25,running-time,rs-004609-hzt8p,42f2ac19-3591-41e0-b1a8-346ae230fda8,1,4792.567164
2026/02/05/00:39:25,running-time,rs-004610-lrbq2,62e11ed8-154b-4485-bf85-8aac1304184f,1,4792.567164
2026/02/05/00:39:26,running-time,rs-004614-2ncv2,af9cca03-7869-4be0-ae96-22793a250f1a,1,4792.567164
2026/02/05/00:39:27,apply-time,rs-004615-gbmn2,598d82d3-dde8-4f21-9a31-568b6d575fed,1,4794.567164
2026/02/05/00:39:28,running-time,rs-004582-b4f27,f32a3672-b9b2-4c5f-9715-3eece16b2429,1,4794.567164
2026/02/05/00:39:28,running-time,rs-004615-gbmn2,598d82d3-dde8-4f21-9a31-568b6d575fed,1,4794.567164
2026/02/05/00:39:28,apply-time,rs-004616-dp4s2,09fcf2d3-ff69-4502-8b7e-75f7a6a819e0,1,4794.567164
2026/02/05/00:39:28,apply-time,rs-004616-q5p65,0f9292a6-148e-4647-bb2e-74f28143614e,1,4794.567164
2026/02/05/00:39:28,apply-time,rs-004616-zpn65,44af6ea8-4281-41a9-aa46-68a6fc096337,1,4794.567164
2026/02/05/00:39:28,apply-time,rs-004617-jqr7g,8cf43e19-3c56-4eba-a3c6-5362f6959b87,1,4794.567164
2026/02/05/00:39:28,apply-time,rs-004618-9r7sl,05329461-90ae-4901-a4d3-17790f530c0f,1,4794.567164
2026/02/05/00:39:28,running-time,rs-004618-9r7sl,05329461-90ae-4901-a4d3-17790f530c0f,1,4794.567164
2026/02/05/00:39:28,apply-time,rs-004619-2w7d7,03b1ff96-56c6-4c17-8bd3-0ff2e525ab40,1,4794.567164
2026/02/05/00:39:28,apply-time,rs-004619-4scjv,d6103e15-a4f8-48dd-b877-00bf90e76778,1,4794.567164
2026/02/05/00:39:28,apply-time,rs-004620-46jqt,80f6cdc8-3edd-406e-a2d2-1d06a6781bc1,1,4794.567164
2026/02/05/00:39:28,apply-time,rs-004621-g2fwh,87ad2e84-3334-42da-ad4c-1012cca4b8b7,1,4794.567164
2026/02/05/00:39:28,apply-time,rs-004621-jqrx5,b17a6e5a-669c-407a-a4fb-7449973e1e63,1,4794.567164
2026/02/05/00:39:28,apply-time,rs-004621-rpjcm,2fad2626-266b-4223-8d02-b3f7f3b22330,1,4794.567164
2026/02/05/00:39:28,apply-time,rs-004622-27nnb,d20e3056-2d9f-475f-8246-6fcbf13b8780,1,4794.567164
2026/02/05/00:39:28,apply-time,rs-004622-58q2r,259b3e77-9d3a-44b6-b6ed-68744e909a6d,1,4795.567164
2026/02/05/00:39:28,apply-time,rs-004622-klqlt,548939eb-7c34-48bd-8ce7-b7f771169181,1,4794.567164
2026/02/05/00:39:29,apply-time,rs-004623-7k8nb,b673c973-c6aa-4083-b0ee-8edf877136e1,1,4795.567164
2026/02/05/00:39:29,apply-time,rs-004623-kqmd5,38bfd42e-9368-4b68-9295-14316f6ad23d,1,4795.567164
2026/02/05/00:39:29,running-time,rs-004623-kqmd5,38bfd42e-9368-4b68-9295-14316f6ad23d,1,4795.567164
2026/02/05/00:39:29,apply-time,rs-004624-6g65n,9263e0b4-7ead-4fdd-86aa-126a9f7da1a7,1,4795.567164
2026/02/05/00:39:29,apply-time,rs-004624-f2fmw,aa32911f-de2c-4b23-895a-7eff1c350229,1,4795.567164
2026/02/05/00:39:29,apply-time,rs-004625-smhks,ca3eb735-ccae-4555-90ba-4c8037bd19bd,1,4795.567164
2026/02/05/00:39:29,apply-time,rs-004626-ggnzm,1a53bbc9-6666-4c03-9bde-9f0cd0be1277,1,4796.567164
2026/02/05/00:39:29,running-time,rs-004626-ggnzm,1a53bbc9-6666-4c03-9bde-9f0cd0be1277,1,4796.567164
2026/02/05/00:39:29,apply-time,rs-004627-gf5ml,3df58eeb-2c4a-440e-8e80-bff5350c96fa,1,4796.567164
2026/02/05/00:39:30,apply-time,rs-004627-fxxsz,618460d6-17b7-4093-947c-f0d426c3c55f,1,4796.567164
2026/02/05/00:39:30,apply-time,rs-004627-z849q,fad6ecf9-9241-4141-a3d5-3126833de5bc,1,4796.567164
2026/02/05/00:39:30,apply-time,rs-004628-d6gjw,57f0b7b2-4b67-4d53-83da-43a5f78e6cbf,1,4796.567164
2026/02/05/00:39:30,running-time,rs-004628-d6gjw,57f0b7b2-4b67-4d53-83da-43a5f78e6cbf,1,4796.567164
2026/02/05/00:39:30,apply-time,rs-004629-bjgqj,99e4aec9-1d3b-4cfe-8a9f-b0bc3965f808,1,4796.567164
2026/02/05/00:39:30,apply-time,rs-004629-rwfxx,db0df588-79ca-4238-978a-5689e03fa274,1,4796.567164
2026/02/05/00:39:30,apply-time,rs-004629-tqmd2,0a6c9a55-545e-4c81-a573-dfed6fce96fa,1,4796.567164
2026/02/05/00:39:30,apply-time,rs-004630-9lfdc,6de2930a-b5f9-4f5e-a596-f9a0b703fd7e,1,4796.567164
2026/02/05/00:39:30,running-time,rs-004630-9lfdc,6de2930a-b5f9-4f5e-a596-f9a0b703fd7e,1,4796.567164
2026/02/05/00:39:30,apply-time,rs-004630-bwmvx,929121d7-08c5-4ac1-8982-df8cf6f4d68c,1,4796.567164
2026/02/05/00:39:30,apply-time,rs-004630-g2j9j,34702ae5-d5e3-4d3b-90aa-c101f0e6590d,1,4796.567164
2026/02/05/00:39:30,apply-time,rs-004631-67k6p,b8abd543-1a66-4962-9b2a-490d0f5987c2,1,4797.567164
2026/02/05/00:39:30,apply-time,rs-004631-l9bz8,2be3245c-91d9-402f-9463-6b6f50e6d822,1,4796.567164
2026/02/05/00:39:31,running-time,rs-004629-rwfxx,db0df588-79ca-4238-978a-5689e03fa274,1,4797.567164
2026/02/05/00:39:31,apply-time,rs-004632-qq7bt,c57ae9c2-62a4-43f1-bbcf-58ef0de3eef9,1,4797.567164
2026/02/05/00:39:33,running-time,rs-004632-qq7bt,c57ae9c2-62a4-43f1-bbcf-58ef0de3eef9,1,4800.567164
2026/02/05/00:39:34,running-time,rs-004617-jqr7g,8cf43e19-3c56-4eba-a3c6-5362f6959b87,1,4801.567164
2026/02/05/00:39:35,running-time,rs-004577-q7dvl,2d050d32-b3fb-43fa-8d8c-1af124360ebf,1,4801.567164
2026/02/05/00:39:35,running-time,rs-004596-xjk6p,a73e4d9c-4164-4af8-b10e-e3d10e56d41a,1,4801.567164
2026/02/05/00:39:36,running-time,rs-004577-2f78c,0d14ee45-bb4b-415b-b255-db71a58f5849,1,4802.567164
2026/02/05/00:39:36,running-time,rs-004596-b6p75,01dcd77f-bc00-455c-a446-8711aefa1f4f,1,4802.567164
2026/02/05/00:39:36,running-time,rs-004620-46jqt,80f6cdc8-3edd-406e-a2d2-1d06a6781bc1,1,4802.567164
2026/02/05/00:39:41,running-time,rs-004577-dvpdr,60d8e10a-5205-40da-ab85-594be445feb9,1,4807.567164
2026/02/05/00:39:41,running-time,rs-004585-jbn4x,0e94725b-6383-4515-997f-5cd02c14bcbc,1,4807.567164
2026/02/05/00:39:41,running-time,rs-004613-vtl4h,fb19e6d2-4707-4b18-9dbe-ba4eb908223b,1,4807.567164
2026/02/05/00:39:44,running-time,rs-004596-mgjc8,8514eac3-c7dc-4f18-8467-0e174dec1116,1,4810.567164
2026/02/05/00:39:44,running-time,rs-004625-smhks,ca3eb735-ccae-4555-90ba-4c8037bd19bd,1,4810.567164
2026/02/05/00:39:45,apply-time,rs-004633-zfpqt,64fe064f-46b4-4bdc-a080-879006689658,1,4811.567164
2026/02/05/00:39:45,running-time,rs-004633-zfpqt,64fe064f-46b4-4bdc-a080-879006689658,1,4811.567164
2026/02/05/00:39:45,apply-time,rs-004634-nw598,d5555a6b-82da-476d-a317-ac4dd70abf47,1,4811.567164
2026/02/05/00:39:45,apply-time,rs-004634-qp49b,5128853a-2545-4978-985d-9ed5d199e7c2,1,4811.567164
2026/02/05/00:39:45,apply-time,rs-004635-6rz8v,847409d4-7ac5-48ec-ba83-f9381288fe45,1,4811.567164
2026/02/05/00:39:45,apply-time,rs-004635-cjsq7,a3f7d914-cb45-4c6c-83b7-7d024ba44edf,1,4811.567164
2026/02/05/00:39:45,apply-time,rs-004635-rpnq9,843847ef-6201-4a4e-83a3-2e6c6f07db43,1,4811.567164
2026/02/05/00:39:45,apply-time,rs-004636-94fqb,beb01de4-11cc-41c8-b12f-2f1cbf037850,1,4811.567164
2026/02/05/00:39:45,apply-time,rs-004637-ckh9q,8ca559e8-42b0-4107-9852-f1c6e40c15ae,1,4811.567164
2026/02/05/00:39:45,apply-time,rs-004637-h8bk4,c441fdd7-5f7b-4331-bf3a-4a85a5e32771,1,4811.567164
2026/02/05/00:39:45,apply-time,rs-004637-s8w5z,ff687a95-2762-436f-9908-c3cf69803503,1,4811.567164
2026/02/05/00:39:45,apply-time,rs-004638-gzk4d,83af0f43-cf68-41c7-8179-a1fec64bfc60,1,4812.567164
2026/02/05/00:39:45,apply-time,rs-004639-lzqfx,aec04c5c-b8b4-4afd-a52b-0c4ac739232c,1,4812.567164
2026/02/05/00:39:45,apply-time,rs-004639-m2d6f,d8dbf571-87f7-4a78-b1be-950f4abacb7d,1,4812.567164
2026/02/05/00:39:48,apply-time,rs-004640-rpwng,3b54b9f9-2e74-40a7-8152-4bd4f0abb188,1,4814.567164
2026/02/05/00:39:48,apply-time,rs-004641-8lppw,a2e606b0-cb43-43bd-8c13-f17ddccdede0,1,4814.567164
2026/02/05/00:39:48,apply-time,rs-004641-qbxxb,af214993-3bdd-422a-99bb-3412c9c04f5b,1,4814.567164
2026/02/05/00:39:48,apply-time,rs-004641-qc7km,28983bca-5b37-469f-92a4-65b22ae29610,1,4814.567164
2026/02/05/00:39:48,apply-time,rs-004642-5m6sq,c4bd5b86-24b7-4d5c-8b47-de725a576736,1,4814.567164
2026/02/05/00:39:53,apply-time,rs-004643-rsl6r,8d136821-a73b-4486-bce3-88b81f221316,1,4820.567164
2026/02/05/00:39:54,running-time,rs-004639-lzqfx,aec04c5c-b8b4-4afd-a52b-0c4ac739232c,1,4820.567164
2026/02/05/00:39:54,apply-time,rs-004644-6xssp,ecbc4f3c-65d4-485e-b447-99220de674e4,1,4820.567164
2026/02/05/00:39:54,running-time,rs-004644-6xssp,ecbc4f3c-65d4-485e-b447-99220de674e4,1,4820.567164
2026/02/05/00:39:54,apply-time,rs-004644-gp8q6,8c314fc8-2234-47b3-80c3-1e115af64bf4,1,4820.567164
2026/02/05/00:39:54,running-time,rs-004644-gp8q6,8c314fc8-2234-47b3-80c3-1e115af64bf4,1,4820.567164
2026/02/05/00:39:54,apply-time,rs-004645-92rlg,02ecc89f-b501-4382-98cf-0f9c7710b219,1,4820.567164
2026/02/05/00:39:54,running-time,rs-004645-92rlg,02ecc89f-b501-4382-98cf-0f9c7710b219,1,4820.567164
2026/02/05/00:39:54,apply-time,rs-004645-hrjqt,e25b8d8b-7595-49eb-9652-72607a4ccd53,1,4820.567164
2026/02/05/00:39:54,running-time,rs-004645-hrjqt,e25b8d8b-7595-49eb-9652-72607a4ccd53,1,4820.567164
2026/02/05/00:39:54,apply-time,rs-004645-rj642,4b8a4cc5-9899-46bb-b3e8-356df86b3a12,1,4820.567164
2026/02/05/00:39:54,running-time,rs-004645-rj642,4b8a4cc5-9899-46bb-b3e8-356df86b3a12,1,4820.567164
2026/02/05/00:39:54,apply-time,rs-004646-4pntn,9e256cdf-ad67-4db4-a44c-4d1aca692cf4,1,4820.567164
2026/02/05/00:39:54,apply-time,rs-004647-flpgz,b1663608-38f1-4d4b-a1d9-3505a1d7ab24,1,4820.567164
2026/02/05/00:39:54,apply-time,rs-004648-nbbsm,f7c6072f-c22a-4145-a905-92645fbe2daf,1,4820.567164
2026/02/05/00:39:54,apply-time,rs-004648-vz74t,48a93e4a-d70f-404a-842a-6358b540a05e,1,4820.567164
2026/02/05/00:39:54,apply-time,rs-004649-6f7s6,22b3514d-d99a-40f7-93ca-7be95a4f6907,1,4820.567164
2026/02/05/00:39:54,running-time,rs-004649-6f7s6,22b3514d-d99a-40f7-93ca-7be95a4f6907,1,4820.567164
2026/02/05/00:39:54,apply-time,rs-004649-xl6ht,34205ffd-62b0-4de9-b942-3129c9650815,1,4820.567164
2026/02/05/00:39:54,running-time,rs-004649-xl6ht,34205ffd-62b0-4de9-b942-3129c9650815,1,4820.567164
2026/02/05/00:39:56,apply-time,rs-004650-bpx2k,7d949b80-93c0-42f3-a302-8cf625ae355b,1,4822.567164
2026/02/05/00:39:56,apply-time,rs-004651-25bqv,9050583f-33c8-4280-a3b0-b4d49357dc94,1,4822.567164
2026/02/05/00:39:56,apply-time,rs-004652-jm6pn,6bdc7ff2-178f-4de7-99d1-1b52e6835a36,1,4822.567164
2026/02/05/00:39:56,apply-time,rs-004652-lxb4p,5fc4b7de-e1cc-451f-8c4c-1af56120dcb4,1,4822.567164
2026/02/05/00:39:58,apply-time,rs-004653-7xpkr,8526932b-f1b1-438b-afcf-d5d88ad7c2c5,1,4824.567164
2026/02/05/00:39:58,apply-time,rs-004654-5hbdx,9fdc36a6-4249-42cd-bc6f-32b53be79bf2,1,4825.567164
2026/02/05/00:39:58,apply-time,rs-004654-gkwr5,7a435c8b-8415-442b-8dfd-b48d40598181,1,4825.567164
2026/02/05/00:39:58,apply-time,rs-004654-v7q5p,235612d9-d819-4c26-bd6f-680dbbcb975b,1,4825.567164
2026/02/05/00:39:58,apply-time,rs-004655-hlrkx,88cc40b4-1706-4a27-a871-42ef7922b3de,1,4825.567164
2026/02/05/00:39:58,apply-time,rs-004655-nnf6g,c1c86010-2bfd-4b19-b954-4f5aa79a1c20,1,4825.567164
2026/02/05/00:39:59,apply-time,rs-004656-lslr6,7a78de57-5500-49d7-8cdf-5da2cbe0f86d,1,4825.567164
2026/02/05/00:39:59,apply-time,rs-004656-zh76b,b1ecce1b-2451-4c46-b781-1c70ba7509a4,1,4825.567164
2026/02/05/00:39:59,apply-time,rs-004657-25ppc,fc23651b-a2bf-41de-82ff-536559923066,1,4825.567164
2026/02/05/00:39:59,apply-time,rs-004657-2f6dp,c1b36463-1359-4151-abdb-262322795536,1,4825.567164
2026/02/05/00:39:59,apply-time,rs-004657-m22ct,a2877348-0df8-46a0-9f98-76f2446e2f8a,1,4825.567164
2026/02/05/00:39:59,apply-time,rs-004658-4xq2k,9f97cabb-2163-48f9-bc7f-4e19fcc82f69,1,4825.567164
2026/02/05/00:39:59,apply-time,rs-004658-b9gwb,be1c31f7-cf1f-4204-9d1c-f146078ab04f,1,4825.567164
2026/02/05/00:39:59,apply-time,rs-004658-z29rf,71bc6786-5bcf-4a55-8ca1-ca811ba47bf4,1,4825.567164
2026/02/05/00:40:02,running-time,rs-004653-7xpkr,8526932b-f1b1-438b-afcf-d5d88ad7c2c5,1,4828.567164
2026/02/05/00:40:02,running-time,rs-004655-hlrkx,88cc40b4-1706-4a27-a871-42ef7922b3de,1,4828.567164
2026/02/05/00:40:08,running-time,rs-004654-gkwr5,7a435c8b-8415-442b-8dfd-b48d40598181,1,4834.567164
2026/02/05/00:40:08,running-time,rs-004655-nnf6g,c1c86010-2bfd-4b19-b954-4f5aa79a1c20,1,4835.567164
2026/02/05/00:40:08,running-time,rs-004658-4xq2k,9f97cabb-2163-48f9-bc7f-4e19fcc82f69,1,4835.567164
2026/02/05/00:40:08,running-time,rs-004658-z29rf,71bc6786-5bcf-4a55-8ca1-ca811ba47bf4,1,4835.567164
2026/02/05/00:40:11,running-time,rs-004658-b9gwb,be1c31f7-cf1f-4204-9d1c-f146078ab04f,1,4837.567164
2026/02/05/00:40:11,apply-time,rs-004659-j4sgv,a142e87e-2799-471e-abdb-8d50f5377120,1,4837.567164
2026/02/05/00:40:11,apply-time,rs-004660-5fsnc,b6f18066-d53e-4adc-9fae-294bf96f84b7,1,4837.567164
2026/02/05/00:40:11,running-time,rs-004660-5fsnc,b6f18066-d53e-4adc-9fae-294bf96f84b7,1,4837.567164
2026/02/05/00:40:11,apply-time,rs-004660-bmlpf,16f3a6d9-3af1-4702-a5ff-a417c8d42d26,1,4837.567164
2026/02/05/00:40:11,apply-time,rs-004661-hrtjl,b6597770-1cb0-469a-8b87-bc53a085c87d,1,4837.567164
2026/02/05/00:40:11,running-time,rs-004661-hrtjl,b6597770-1cb0-469a-8b87-bc53a085c87d,1,4837.567164
2026/02/05/00:40:11,apply-time,rs-004661-lvc66,04208667-effe-401f-b8ae-d4a8ce980601,1,4837.567164
2026/02/05/00:40:11,apply-time,rs-004661-s27fr,562c554d-5247-43ea-8405-4cc084758c85,1,4837.567164
2026/02/05/00:40:11,apply-time,rs-004662-chzjk,66591c37-f47a-43ef-a662-e249fb2142a5,1,4837.567164
2026/02/05/00:40:11,apply-time,rs-004662-m7lng,f22996de-d11a-47a7-ae23-ee934af98970,1,4837.567164
2026/02/05/00:40:11,apply-time,rs-004662-x878n,65fce78f-d3c7-4675-aca2-194270c991e1,1,4837.567164
2026/02/05/00:40:11,running-time,rs-004662-x878n,65fce78f-d3c7-4675-aca2-194270c991e1,1,4837.567164
2026/02/05/00:40:11,apply-time,rs-004663-9dzz9,d50e49cf-4363-4921-8627-e3f27b27c201,1,4837.567164
2026/02/05/00:40:11,apply-time,rs-004664-px47g,c742bf6c-a75d-484e-b795-d9d7ad05a975,1,4837.567164
2026/02/05/00:40:11,apply-time,rs-004665-66sbb,8b144ee8-9dbf-445f-a9a1-0635edef8986,1,4838.567164
2026/02/05/00:40:11,apply-time,rs-004665-qbfsp,7b3924c5-7c27-410c-afc5-90a563e2198b,1,4837.567164
2026/02/05/00:40:11,apply-time,rs-004665-w575q,b9a89c6d-1863-4d4e-bb0c-5228c32939ad,1,4838.567164
2026/02/05/00:40:12,running-time,rs-004662-chzjk,66591c37-f47a-43ef-a662-e249fb2142a5,1,4838.567164
2026/02/05/00:40:12,running-time,rs-004664-px47g,c742bf6c-a75d-484e-b795-d9d7ad05a975,1,4838.567164
2026/02/05/00:40:12,running-time,rs-004665-66sbb,8b144ee8-9dbf-445f-a9a1-0635edef8986,1,4838.567164
2026/02/05/00:40:12,running-time,rs-004665-qbfsp,7b3924c5-7c27-410c-afc5-90a563e2198b,1,4838.567164
2026/02/05/00:40:13,running-time,rs-004660-bmlpf,16f3a6d9-3af1-4702-a5ff-a417c8d42d26,1,4839.567164
2026/02/05/00:40:13,running-time,rs-004661-s27fr,562c554d-5247-43ea-8405-4cc084758c85,1,4839.567164
2026/02/05/00:40:13,running-time,rs-004663-9dzz9,d50e49cf-4363-4921-8627-e3f27b27c201,1,4839.567164
2026/02/05/00:40:15,running-time,rs-004654-5hbdx,9fdc36a6-4249-42cd-bc6f-32b53be79bf2,1,4841.567164
2026/02/05/00:40:18,running-time,rs-004639-m2d6f,d8dbf571-87f7-4a78-b1be-950f4abacb7d,1,4844.567164
2026/02/05/00:40:18,apply-time,rs-004666-n5m7v,017f9b08-15a2-49c1-9568-0d51e6ae55d6,1,4845.567164
2026/02/05/00:40:18,apply-time,rs-004666-tvrlr,320be4cd-81c2-4e97-bc59-d7f0a69ae841,1,4845.567164
2026/02/05/00:40:19,apply-time,rs-004667-4vgqp,39c8117d-9cd5-4c3a-8383-29ab5edc6c8e,1,4845.567164
2026/02/05/00:40:19,apply-time,rs-004667-9jfq9,9ad97406-6884-49cd-aa79-412e497feae8,1,4845.567164
2026/02/05/00:40:19,apply-time,rs-004667-jmhxg,067daa6a-2f31-45ca-9eba-37e529e512c8,1,4845.567164
2026/02/05/00:40:19,apply-time,rs-004668-6vhf6,afe44a11-1e48-454d-a4a0-8aceb72d1efc,1,4845.567164
2026/02/05/00:40:19,running-time,rs-004668-6vhf6,afe44a11-1e48-454d-a4a0-8aceb72d1efc,1,4845.567164
2026/02/05/00:40:19,apply-time,rs-004669-66hpn,a78c50e2-07f6-44e3-8d63-c160770da36e,1,4845.567164
2026/02/05/00:40:19,running-time,rs-004669-66hpn,a78c50e2-07f6-44e3-8d63-c160770da36e,1,4846.567164
2026/02/05/00:40:21,running-time,rs-004659-j4sgv,a142e87e-2799-471e-abdb-8d50f5377120,1,4847.567164
2026/02/05/00:40:23,apply-time,rs-004670-289vl,7cae2acf-6458-4c69-ad94-066931684a82,1,4849.567164
2026/02/05/00:40:23,apply-time,rs-004670-9fw96,edbc2983-b928-4dd1-bfcb-77027c06539f,1,4849.567164
2026/02/05/00:40:23,apply-time,rs-004670-cdwr5,838c82a8-efea-4ea6-9208-094b18a0644a,1,4849.567164
2026/02/05/00:40:23,apply-time,rs-004671-25hcf,d3c59f9f-0876-4e76-82db-73edf10de26f,1,4849.567164
2026/02/05/00:40:23,apply-time,rs-004672-7z97t,9ba2af81-e11d-4a87-9bfa-af61b7239227,1,4849.567164
2026/02/05/00:40:23,running-time,rs-004672-7z97t,9ba2af81-e11d-4a87-9bfa-af61b7239227,1,4849.567164
2026/02/05/00:40:23,apply-time,rs-004672-qm296,319648a3-f463-4f85-b694-4a02d7b25c58,1,4849.567164
2026/02/05/00:40:23,running-time,rs-004672-qm296,319648a3-f463-4f85-b694-4a02d7b25c58,1,4850.567164
2026/02/05/00:40:23,apply-time,rs-004673-j9lf4,58381534-e757-4e9e-9e5f-92381745f279,1,4849.567164
2026/02/05/00:40:23,running-time,rs-004673-j9lf4,58381534-e757-4e9e-9e5f-92381745f279,1,4850.567164
2026/02/05/00:40:23,apply-time,rs-004673-np89t,e3ae9ee7-f8de-4834-bd5a-7e47f5b121e5,1,4850.567164
2026/02/05/00:40:23,running-time,rs-004673-np89t,e3ae9ee7-f8de-4834-bd5a-7e47f5b121e5,1,4850.567164
2026/02/05/00:40:23,apply-time,rs-004674-tdmrm,a37a364a-ba42-4343-9a54-5bb49307dfad,1,4850.567164
2026/02/05/00:40:24,running-time,rs-004674-tdmrm,a37a364a-ba42-4343-9a54-5bb49307dfad,1,4850.567164
2026/02/05/00:40:24,apply-time,rs-004675-64dz4,ced49ad5-d6b2-48e9-96a2-e63f39afdb4b,1,4850.567164
2026/02/05/00:40:24,apply-time,rs-004675-kfjsj,1f8a8d90-39fc-4b42-8a9d-2b1a5650c22e,1,4850.567164
2026/02/05/00:40:24,apply-time,rs-004675-sldvr,9ddc3d23-b8f0-4f87-93fd-372bf5f98d49,1,4850.567164
2026/02/05/00:40:24,running-time,rs-004675-sldvr,9ddc3d23-b8f0-4f87-93fd-372bf5f98d49,1,4850.567164
2026/02/05/00:40:26,running-time,rs-004675-kfjsj,1f8a8d90-39fc-4b42-8a9d-2b1a5650c22e,1,4852.567164
2026/02/05/00:40:26,apply-time,rs-004676-7qxh7,540a2503-6d99-47ca-80f0-ba08a9db58ae,1,4852.567164
2026/02/05/00:40:26,apply-time,rs-004676-hggzq,b45f1c06-99e8-4722-8fa3-d387fd206224,1,4852.567164
2026/02/05/00:40:26,apply-time,rs-004676-lrwgb,0738eab5-de79-4229-9fbb-1ec7ae9d5cf9,1,4852.567164
2026/02/05/00:40:26,apply-time,rs-004677-x5qhw,9269c7a2-ed95-44d7-965a-8a4c5b4862de,1,4852.567164
2026/02/05/00:40:26,running-time,rs-004677-x5qhw,9269c7a2-ed95-44d7-965a-8a4c5b4862de,1,4852.567164
2026/02/05/00:40:26,apply-time,rs-004678-zbxzh,e9d5108b-0ccf-46d4-8db6-9f0579e29e08,1,4852.567164
2026/02/05/00:40:26,apply-time,rs-004679-9657w,5740b9b9-dac2-4c02-bf5f-36cb3b99f515,1,4852.567164
2026/02/05/00:40:26,running-time,rs-004679-9657w,5740b9b9-dac2-4c02-bf5f-36cb3b99f515,1,4852.567164
2026/02/05/00:40:26,apply-time,rs-004679-fvl6c,d7ad80a5-85cb-4001-afc6-1f86ae667071,1,4852.567164
2026/02/05/00:40:26,apply-time,rs-004679-l2m8g,99b62018-badc-4193-aae1-6f86e994a46b,1,4852.567164
2026/02/05/00:40:27,running-time,rs-004676-7qxh7,540a2503-6d99-47ca-80f0-ba08a9db58ae,1,4853.567164
2026/02/05/00:40:27,running-time,rs-004678-zbxzh,e9d5108b-0ccf-46d4-8db6-9f0579e29e08,1,4853.567164
2026/02/05/00:40:28,running-time,rs-004675-64dz4,ced49ad5-d6b2-48e9-96a2-e63f39afdb4b,1,4855.567164
2026/02/05/00:40:28,running-time,rs-004676-hggzq,b45f1c06-99e8-4722-8fa3-d387fd206224,1,4854.567164
2026/02/05/00:40:28,running-time,rs-004676-lrwgb,0738eab5-de79-4229-9fbb-1ec7ae9d5cf9,1,4854.567164
2026/02/05/00:40:30,apply-time,rs-004680-spk55,b67b6402-3e08-43e0-8294-27adf7eb1258,1,4857.567164
2026/02/05/00:40:30,apply-time,rs-004681-9kgks,fda10307-fdec-44b0-9b05-917b72f832ff,1,4857.567164
2026/02/05/00:40:30,apply-time,rs-004681-f7m2h,4203d375-d4b0-4d7c-992d-f44f292ab270,1,4857.567164
2026/02/05/00:40:30,apply-time,rs-004681-tdkzl,b16caf8e-a2e6-40b1-a750-832895a65fa3,1,4857.567164
2026/02/05/00:40:30,apply-time,rs-004682-w2f8m,7f1d891b-1b8f-4565-9d03-48ab791c0c07,1,4857.567164
2026/02/05/00:40:30,apply-time,rs-004683-gd8b5,11d180c3-9aa7-4df0-9b05-209da3031732,1,4857.567164
2026/02/05/00:40:30,running-time,rs-004683-gd8b5,11d180c3-9aa7-4df0-9b05-209da3031732,1,4857.567164
2026/02/05/00:40:30,apply-time,rs-004683-rv498,8d4fad52-8094-4591-a317-a76113003c36,1,4857.567164
2026/02/05/00:40:30,running-time,rs-004683-rv498,8d4fad52-8094-4591-a317-a76113003c36,1,4857.567164
2026/02/05/00:40:31,running-time,rs-004681-tdkzl,b16caf8e-a2e6-40b1-a750-832895a65fa3,1,4857.567164
2026/02/05/00:40:31,apply-time,rs-004684-bh2gv,58869fef-fd11-4645-859b-f9b6d07a8bff,1,4857.567164
2026/02/05/00:40:31,running-time,rs-004684-bh2gv,58869fef-fd11-4645-859b-f9b6d07a8bff,1,4857.567164
2026/02/05/00:40:31,apply-time,rs-004684-qn7c2,ce53a2d8-146e-421b-b22b-b3bcd6993982,1,4857.567164
2026/02/05/00:40:31,running-time,rs-004684-qn7c2,ce53a2d8-146e-421b-b22b-b3bcd6993982,1,4857.567164
2026/02/05/00:40:31,apply-time,rs-004685-7c4sw,b67c7860-39fc-427c-a6ab-b23cfb02feed,1,4857.567164
2026/02/05/00:40:31,apply-time,rs-004685-8nfgf,140c0ddb-6d51-4ff7-bf7d-2a89dc305896,1,4857.567164
2026/02/05/00:40:31,running-time,rs-004685-8nfgf,140c0ddb-6d51-4ff7-bf7d-2a89dc305896,1,4858.567164
2026/02/05/00:40:31,apply-time,rs-004685-8x8r4,b8064da2-6fa9-4899-a7ef-e0666ad7f9a2,1,4857.567164
2026/02/05/00:40:31,apply-time,rs-004686-jvztn,5173a087-a0ae-4194-8cfc-b53ddf4c42e3,1,4857.567164
2026/02/05/00:40:31,running-time,rs-004686-jvztn,5173a087-a0ae-4194-8cfc-b53ddf4c42e3,1,4858.567164
2026/02/05/00:40:32,apply-time,rs-004687-4gsf7,1e0948e8-2220-40db-a0f3-b9974de6c9eb,1,4858.567164
2026/02/05/00:40:32,apply-time,rs-004688-8vvh9,9a3d977e-7c53-4959-b7eb-57d522fa22a2,1,4858.567164
2026/02/05/00:40:32,apply-time,rs-004688-ns5c4,e28d68a9-7e02-4119-90ae-844c641582a5,1,4858.567164
2026/02/05/00:40:32,apply-time,rs-004689-lwpx2,21b3ea31-1b28-45c5-95d1-a36dbbc7ed93,1,4858.567164
2026/02/05/00:40:32,apply-time,rs-004689-qrxxz,5c33335e-f5c3-4c37-bd02-00881ad512f5,1,4858.567164
2026/02/05/00:40:32,apply-time,rs-004689-vc5hn,d3b489ba-e1c5-4c34-8e1b-68da32cb6274,1,4858.567164
2026/02/05/00:40:32,apply-time,rs-004690-9ggrn,c32f76ff-e666-42b7-82c6-2f6294981824,1,4858.567164
2026/02/05/00:40:32,apply-time,rs-004690-bhzq7,26cbf948-3115-44d9-b919-5a04e825c9a7,1,4858.567164
2026/02/05/00:40:32,apply-time,rs-004690-jg8tb,8251e476-ac43-4b72-98eb-1a6894f5d9e1,1,4858.567164
2026/02/05/00:40:32,apply-time,rs-004691-qj55k,553cd32a-c73e-411f-8cbf-e7b030ac7dce,1,4858.567164
2026/02/05/00:40:32,apply-time,rs-004691-t6ch6,1d7a2cb1-8c9e-4ff8-97cd-02e36b6c27b5,1,4858.567164
2026/02/05/00:40:32,apply-time,rs-004691-w9vts,7dc74386-d9ec-409c-86aa-112faeecd6b2,1,4858.567164
2026/02/05/00:40:33,apply-time,rs-004692-kcmgp,dca6bbd5-0f50-446e-acf2-32162e870804,1,4859.567164
2026/02/05/00:40:33,running-time,rs-004692-kcmgp,dca6bbd5-0f50-446e-acf2-32162e870804,1,4859.567164
2026/02/05/00:40:33,apply-time,rs-004692-tkzrj,05dfbf37-421d-4a54-aab8-c7ccb04f138f,1,4859.567164
2026/02/05/00:40:33,running-time,rs-004692-tkzrj,05dfbf37-421d-4a54-aab8-c7ccb04f138f,1,4859.567164
2026/02/05/00:40:33,apply-time,rs-004693-9ncqk,f5321469-6cd0-4e3f-a04a-533ae0809284,1,4859.567164
2026/02/05/00:40:33,apply-time,rs-004693-dlzc7,0eef1546-676f-4669-9320-23683d11d20c,1,4859.567164
2026/02/05/00:40:33,apply-time,rs-004693-l6fn7,3c585d97-4d8d-4a84-ae90-05915f6c576a,1,4859.567164
2026/02/05/00:40:34,running-time,rs-004688-8vvh9,9a3d977e-7c53-4959-b7eb-57d522fa22a2,1,4860.567164
2026/02/05/00:40:35,running-time,rs-004681-f7m2h,4203d375-d4b0-4d7c-992d-f44f292ab270,1,4862.567164
2026/02/05/00:40:35,running-time,rs-004685-8x8r4,b8064da2-6fa9-4899-a7ef-e0666ad7f9a2,1,4862.567164
2026/02/05/00:40:38,running-time,rs-004685-7c4sw,b67c7860-39fc-427c-a6ab-b23cfb02feed,1,4864.567164
2026/02/05/00:40:42,apply-time,rs-004694-lb4s7,de104016-7bd5-4db8-b7f6-c943aecbc541,1,4868.567164
2026/02/05/00:40:42,apply-time,rs-004694-mzzsl,7e25f440-22de-4d79-b562-bb816ff7fd57,1,4868.567164
2026/02/05/00:40:42,running-time,rs-004694-mzzsl,7e25f440-22de-4d79-b562-bb816ff7fd57,1,4868.567164
2026/02/05/00:40:42,apply-time,rs-004694-z9c9j,247d8555-f632-466a-a63a-8b259137d282,1,4868.567164
2026/02/05/00:40:42,running-time,rs-004694-z9c9j,247d8555-f632-466a-a63a-8b259137d282,1,4868.567164
2026/02/05/00:40:42,apply-time,rs-004695-mgj2h,4760c1fe-eae7-4ecf-b4c6-2776878116a8,1,4868.567164
2026/02/05/00:40:42,apply-time,rs-004696-gz6qt,b18f553f-1229-42db-a168-9c8dbf9248bb,1,4868.567164
2026/02/05/00:40:42,apply-time,rs-004697-7rtcw,a2fd46a1-7595-4d24-8a69-40c71e1948f0,1,4868.567164
2026/02/05/00:40:42,running-time,rs-004697-7rtcw,a2fd46a1-7595-4d24-8a69-40c71e1948f0,1,4868.567164
2026/02/05/00:40:50,apply-time,rs-004698-5bqnz,617f2bbd-bf5e-4f7e-aac4-077fce5cdfff,1,4877.567164
2026/02/05/00:40:50,apply-time,rs-004698-zsjsh,2bd12fa5-fc9a-4f31-ac25-f78407d03550,1,4877.567164
2026/02/05/00:40:50,apply-time,rs-004699-bbswv,0cde889a-aa8e-4a74-a09e-b2320360be24,1,4877.567164
2026/02/05/00:40:50,apply-time,rs-004699-fc5l4,b7622fe1-bd0f-44b4-abc0-e630689928fe,1,4877.567164
2026/02/05/00:40:50,apply-time,rs-004700-drk5q,f78fbc48-55cf-4877-9f97-83f0e6e7c94d,1,4877.567164
2026/02/05/00:40:50,running-time,rs-004700-drk5q,f78fbc48-55cf-4877-9f97-83f0e6e7c94d,1,4877.567164
2026/02/05/00:40:50,apply-time,rs-004700-f9gkq,a0c8c644-da84-40ae-bcd4-164dc166487b,1,4877.567164
2026/02/05/00:40:50,running-time,rs-004700-f9gkq,a0c8c644-da84-40ae-bcd4-164dc166487b,1,4877.567164
2026/02/05/00:40:50,apply-time,rs-004701-7tw4n,d0579812-3ce1-4963-bb0d-012efcd073b2,1,4877.567164
2026/02/05/00:40:50,apply-time,rs-004701-dn9mn,8a03d06f-543d-4900-8448-4a9a759c0771,1,4877.567164
2026/02/05/00:40:50,apply-time,rs-004701-wm89c,03fbae63-b36a-4c0d-84d3-72d01b4fdb30,1,4877.567164
2026/02/05/00:40:50,apply-time,rs-004702-6wpb7,229d03d1-f5f3-46e0-88a3-3528c82073b5,1,4877.567164
2026/02/05/00:40:51,apply-time,rs-004703-2tw6d,0d351556-8970-4475-9355-d00223260255,1,4877.567164
2026/02/05/00:40:51,apply-time,rs-004704-vcbnl,5d540aef-d7ea-40b0-b619-f2f91f349fd2,1,4877.567164
2026/02/05/00:40:51,apply-time,rs-004705-pw64d,8f4cb3e8-7ef8-455d-a7ad-ec3f2b97886e,1,4877.567164
2026/02/05/00:40:51,apply-time,rs-004706-b6jrz,4ca49055-aa11-4c44-b064-45d025cb5476,1,4877.567164
2026/02/05/00:40:51,apply-time,rs-004706-nzqpq,988bef10-e3ef-4d4e-8a7b-b14f7e185a3a,1,4877.567164
2026/02/05/00:40:52,apply-time,rs-004707-bkkgh,b328ed81-a930-4453-913d-f6b633285162,1,4878.567164
2026/02/05/00:40:52,apply-time,rs-004707-zk4n7,e7ca9b65-8046-483a-a893-c4ef2d9b2a86,1,4878.567164
2026/02/05/00:40:52,apply-time,rs-004708-kkq7c,759edef3-f6cc-4934-ab74-0c9ce3abbe6f,1,4878.567164
2026/02/05/00:40:52,apply-time,rs-004709-7lln6,0dc6740c-c6d9-4c7c-8535-f08639d3993e,1,4879.567164
2026/02/05/00:40:52,apply-time,rs-004709-dksx5,d80ff2a1-d735-4169-bc82-d47f333226a2,1,4879.567164
2026/02/05/00:40:53,apply-time,rs-004709-5vpjh,fb0867f4-e06a-4ceb-b38e-8029045943d3,1,4879.567164
2026/02/05/00:40:57,running-time,rs-004694-lb4s7,de104016-7bd5-4db8-b7f6-c943aecbc541,1,4883.567164
2026/02/05/00:40:57,running-time,rs-004701-dn9mn,8a03d06f-543d-4900-8448-4a9a759c0771,1,4883.567164
2026/02/05/00:40:58,apply-time,rs-004710-gtlmk,56c72701-84ae-41c4-ad66-21d58ee20a31,1,4884.567164
2026/02/05/00:40:58,apply-time,rs-004710-ms7jn,9fb224ef-a169-4df8-a43a-14ba9b41105d,1,4884.567164
2026/02/05/00:40:58,apply-time,rs-004710-t29dt,0908cc0e-0bbf-441d-84b5-d811e4f0f7c7,1,4884.567164
2026/02/05/00:40:58,apply-time,rs-004711-8nckw,b5a0ce2c-d211-47ea-9c80-c2035a5fca0b,1,4884.567164
2026/02/05/00:40:58,apply-time,rs-004711-zfhqs,6e673fe3-3689-49e3-b1eb-0279d009abf1,1,4884.567164
2026/02/05/00:40:58,apply-time,rs-004712-rhhmp,8ff1f495-7394-458b-b6ec-d0e26e9d3355,1,4885.567164
2026/02/05/00:40:58,apply-time,rs-004713-59s6p,266dfc8b-f3aa-43c8-8775-0da4972c5bc8,1,4885.567164
2026/02/05/00:40:58,apply-time,rs-004713-8mrw6,ccea93ba-0521-4cc4-b99d-90afbad965d1,1,4885.567164
2026/02/05/00:40:59,apply-time,rs-004714-5cdfn,034dcb80-ebc6-40e7-95cd-fc8338668f2b,1,4885.567164
2026/02/05/00:40:59,apply-time,rs-004714-jb2xx,d4a1066e-7d38-47d0-8948-96333120f233,1,4885.567164
2026/02/05/00:40:59,running-time,rs-004714-jb2xx,d4a1066e-7d38-47d0-8948-96333120f233,1,4885.567164
2026/02/05/00:40:59,apply-time,rs-004714-lr2k4,72e83ae3-134f-4573-8b10-3a751dc881e7,1,4885.567164
2026/02/05/00:40:59,running-time,rs-004714-lr2k4,72e83ae3-134f-4573-8b10-3a751dc881e7,1,4885.567164
2026/02/05/00:40:59,apply-time,rs-004715-tztvl,b4971c33-fc3a-436d-9a99-c1f32e8b34e4,1,4885.567164
2026/02/05/00:41:00,apply-time,rs-004716-6cw5p,c05f826a-214a-4b23-958e-a8bc999b9b22,1,4887.567164
2026/02/05/00:41:00,apply-time,rs-004716-tn7v9,803d1f60-2015-4065-bace-c61f878aafef,1,4887.567164
2026/02/05/00:41:01,running-time,rs-004710-gtlmk,56c72701-84ae-41c4-ad66-21d58ee20a31,1,4887.567164
2026/02/05/00:41:02,running-time,rs-004710-ms7jn,9fb224ef-a169-4df8-a43a-14ba9b41105d,1,4888.567164
2026/02/05/00:41:02,running-time,rs-004710-t29dt,0908cc0e-0bbf-441d-84b5-d811e4f0f7c7,1,4888.567164
2026/02/05/00:41:02,running-time,rs-004714-5cdfn,034dcb80-ebc6-40e7-95cd-fc8338668f2b,1,4888.567164
2026/02/05/00:41:04,apply-time,rs-004717-22sbp,5cb89e41-b815-4b26-946d-2dc7e1b790ed,1,4891.567164
2026/02/05/00:41:04,apply-time,rs-004717-2gncv,4e587c5c-9919-4932-ada0-68a7220eec9d,1,4891.567164
2026/02/05/00:41:05,running-time,rs-004717-2gncv,4e587c5c-9919-4932-ada0-68a7220eec9d,1,4891.567164
2026/02/05/00:41:05,apply-time,rs-004718-bnsg2,e126b6b2-b7d1-4f07-9ac5-73f01515df8c,1,4891.567164
2026/02/05/00:41:05,apply-time,rs-004718-kgdjk,9ccfb2f4-ee3f-46bb-8101-0d1e2aa9ab5a,1,4891.567164
2026/02/05/00:41:05,apply-time,rs-004719-cw8vn,004775e3-cb67-442f-b822-0aefbddff85b,1,4891.567164
2026/02/05/00:41:07,running-time,rs-004699-bbswv,0cde889a-aa8e-4a74-a09e-b2320360be24,1,4894.567164
2026/02/05/00:41:07,running-time,rs-004699-fc5l4,b7622fe1-bd0f-44b4-abc0-e630689928fe,1,4893.567164
2026/02/05/00:41:07,running-time,rs-004719-cw8vn,004775e3-cb67-442f-b822-0aefbddff85b,1,4893.567164
2026/02/05/00:41:08,running-time,rs-004708-kkq7c,759edef3-f6cc-4934-ab74-0c9ce3abbe6f,1,4894.567164
2026/02/05/00:41:09,apply-time,rs-004720-ggsnq,efbad1c1-8eee-40ce-809c-6c37a2168c76,1,4895.567164
2026/02/05/00:41:09,running-time,rs-004720-ggsnq,efbad1c1-8eee-40ce-809c-6c37a2168c76,1,4895.567164
2026/02/05/00:41:09,apply-time,rs-004721-txgqz,172016e2-04f9-4057-bae6-b86159257d8f,1,4895.567164
2026/02/05/00:41:09,apply-time,rs-004722-htcwk,a4e0a079-56a0-481c-86ee-3acd8015724f,1,4895.567164
2026/02/05/00:41:09,running-time,rs-004722-htcwk,a4e0a079-56a0-481c-86ee-3acd8015724f,1,4895.567164
2026/02/05/00:41:09,apply-time,rs-004722-kswtt,376b0b5d-3c6a-4a66-b9d1-b2ed097d3e5c,1,4895.567164
2026/02/05/00:41:09,running-time,rs-004722-kswtt,376b0b5d-3c6a-4a66-b9d1-b2ed097d3e5c,1,4895.567164
2026/02/05/00:41:09,apply-time,rs-004723-4mm8v,f2f432fe-f1fd-4740-8a4c-5fcbca201887,1,4895.567164
2026/02/05/00:41:09,running-time,rs-004723-4mm8v,f2f432fe-f1fd-4740-8a4c-5fcbca201887,1,4895.567164
2026/02/05/00:41:09,apply-time,rs-004723-gtz4g,6f74b0ca-243d-43a8-bba3-ab1b9d37abf3,1,4895.567164
2026/02/05/00:41:09,apply-time,rs-004723-mx8sv,78801743-149f-4198-aae9-1597a45152f6,1,4895.567164
2026/02/05/00:41:09,running-time,rs-004723-mx8sv,78801743-149f-4198-aae9-1597a45152f6,1,4895.567164
2026/02/05/00:41:09,apply-time,rs-004724-fr69s,02ab8355-c9e1-4b82-add9-8c413f5b74b2,1,4895.567164
2026/02/05/00:41:09,apply-time,rs-004724-z2kfv,911b4273-bbaa-4712-8b6a-97eaacb9efc4,1,4895.567164
2026/02/05/00:41:09,apply-time,rs-004725-9zsbw,d5141596-a13f-4d64-811b-b93e62635ead,1,4895.567164
2026/02/05/00:41:09,apply-time,rs-004725-ctlqq,416d9d75-c1d7-4f73-b362-dbd6a838b388,1,4895.567164
2026/02/05/00:41:09,apply-time,rs-004725-pmzdp,fd0a3072-34de-4c5c-8e88-ecd2a4df7593,1,4895.567164
2026/02/05/00:41:11,apply-time,rs-004726-fn752,5348dbda-7252-480c-ae91-0ea4c5938312,1,4897.567164
2026/02/05/00:41:11,apply-time,rs-004726-jdn5p,7cb6e9b5-f276-4724-8cdb-af8fa846f50b,1,4897.567164
2026/02/05/00:41:11,apply-time,rs-004726-jwdkk,ea6c6718-8dcf-4f01-90e4-a327ea61a8a6,1,4897.567164
2026/02/05/00:41:11,apply-time,rs-004727-9hh2k,5cc57c0a-f81d-4df8-9245-74f357423e29,1,4897.567164
2026/02/05/00:41:11,apply-time,rs-004727-hsmmf,2f7e6362-1774-4c46-a675-1b01406f5124,1,4897.567164
2026/02/05/00:41:13,running-time,rs-004721-txgqz,172016e2-04f9-4057-bae6-b86159257d8f,1,4899.567164
2026/02/05/00:41:13,running-time,rs-004725-9zsbw,d5141596-a13f-4d64-811b-b93e62635ead,1,4899.567164
2026/02/05/00:41:14,running-time,rs-004725-ctlqq,416d9d75-c1d7-4f73-b362-dbd6a838b388,1,4900.567164
2026/02/05/00:41:14,running-time,rs-004725-pmzdp,fd0a3072-34de-4c5c-8e88-ecd2a4df7593,1,4900.567164
2026/02/05/00:41:18,apply-time,rs-004728-74c56,96b640fe-d8c7-43e5-9c0d-dd2dd2cc79c8,1,4905.567164
2026/02/05/00:41:18,running-time,rs-004728-74c56,96b640fe-d8c7-43e5-9c0d-dd2dd2cc79c8,1,4905.567164
2026/02/05/00:41:18,apply-time,rs-004728-w5rdv,0757a6ad-cc83-4aa9-b8a1-a3b9a48c8e4f,1,4905.567164
2026/02/05/00:41:18,running-time,rs-004728-w5rdv,0757a6ad-cc83-4aa9-b8a1-a3b9a48c8e4f,1,4905.567164
2026/02/05/00:41:22,apply-time,rs-004729-7znww,f11051f1-c1dd-4d30-ad13-c97962aed47d,1,4909.567164
2026/02/05/00:41:22,running-time,rs-004729-7znww,f11051f1-c1dd-4d30-ad13-c97962aed47d,1,4909.567164
2026/02/05/00:41:22,apply-time,rs-004729-gvm5z,7fc6c393-95ff-413d-b464-cf1deee95a64,1,4909.567164
2026/02/05/00:41:22,running-time,rs-004729-gvm5z,7fc6c393-95ff-413d-b464-cf1deee95a64,1,4909.567164
2026/02/05/00:41:22,apply-time,rs-004730-ms7n5,9f6c8009-49bd-44f9-84ef-00f60781d9f2,1,4909.567164
2026/02/05/00:41:22,running-time,rs-004730-ms7n5,9f6c8009-49bd-44f9-84ef-00f60781d9f2,1,4909.567164
2026/02/05/00:41:22,apply-time,rs-004732-67vcp,d384f001-017a-4923-ab6b-55bcdbb6a567,1,4909.567164
2026/02/05/00:41:22,running-time,rs-004732-67vcp,d384f001-017a-4923-ab6b-55bcdbb6a567,1,4909.567164
2026/02/05/00:41:22,apply-time,rs-004732-92rl7,a7f22d7b-612f-4330-92dd-e71569bc10f2,1,4909.567164
2026/02/05/00:41:22,running-time,rs-004732-92rl7,a7f22d7b-612f-4330-92dd-e71569bc10f2,1,4909.567164
2026/02/05/00:41:22,apply-time,rs-004732-j88kn,b506f7d5-b10b-4d02-8396-4c7e300b1ee4,1,4909.567164
2026/02/05/00:41:22,running-time,rs-004732-j88kn,b506f7d5-b10b-4d02-8396-4c7e300b1ee4,1,4909.567164
2026/02/05/00:41:22,apply-time,rs-004733-5psgt,2af36095-8817-4601-9092-4ff5f6df2788,1,4909.567164
2026/02/05/00:41:22,apply-time,rs-004733-pcjsm,2ed706ad-4f0b-486b-ae17-8bdfe9707ec0,1,4909.567164
2026/02/05/00:41:26,running-time,rs-004733-5psgt,2af36095-8817-4601-9092-4ff5f6df2788,1,4913.567164
2026/02/05/00:41:27,apply-time,rs-004734-8884n,eded9af0-fd9f-4045-a96f-537a961d1dea,1,4914.567164
2026/02/05/00:41:27,running-time,rs-004734-8884n,eded9af0-fd9f-4045-a96f-537a961d1dea,1,4914.567164
2026/02/05/00:41:27,apply-time,rs-004734-vhvs5,736d2a73-d705-4095-87f8-b128a2c320a8,1,4914.567164
2026/02/05/00:41:27,apply-time,rs-004734-wskjb,53754d0c-aab7-40fd-bc56-bfa79a0ac899,1,4914.567164
2026/02/05/00:41:27,running-time,rs-004734-wskjb,53754d0c-aab7-40fd-bc56-bfa79a0ac899,1,4914.567164
2026/02/05/00:41:27,apply-time,rs-004735-59g8z,8b0eac22-2706-4420-9de0-f89f573e2b99,1,4914.567164
2026/02/05/00:41:27,running-time,rs-004735-59g8z,8b0eac22-2706-4420-9de0-f89f573e2b99,1,4914.567164
2026/02/05/00:41:27,apply-time,rs-004735-wzskj,b90ee729-cc63-4500-bc56-01b783c218bb,1,4914.567164
2026/02/05/00:41:27,running-time,rs-004735-wzskj,b90ee729-cc63-4500-bc56-01b783c218bb,1,4914.567164
2026/02/05/00:41:28,running-time,rs-004734-vhvs5,736d2a73-d705-4095-87f8-b128a2c320a8,1,4915.567164
2026/02/05/00:41:28,apply-time,rs-004736-xlch5,b48bc2fb-2c8a-43d1-bae7-b441e3112c73,1,4914.567164
2026/02/05/00:41:28,running-time,rs-004736-xlch5,b48bc2fb-2c8a-43d1-bae7-b441e3112c73,1,4915.567164
2026/02/05/00:41:28,apply-time,rs-004737-8ksml,7075d431-927b-4ce4-b387-b0bffd41ada2,1,4914.567164
2026/02/05/00:41:28,apply-time,rs-004737-dlm62,518166f4-6401-4de3-b42e-8b59e75e61e0,1,4914.567164
2026/02/05/00:41:28,apply-time,rs-004737-fvlxs,24c31166-4d1f-4c24-9b32-abb3453ff513,1,4914.567164
2026/02/05/00:41:28,apply-time,rs-004738-kq687,f3a8ba7a-1fd3-4c02-b53f-97da2530ee50,1,4915.567164
2026/02/05/00:41:29,apply-time,rs-004739-djc25,aa69357e-c661-49cc-982a-29fd83f21f9c,1,4915.567164
2026/02/05/00:41:29,apply-time,rs-004740-l4pvk,9439f722-0a7a-4159-964e-646fe55f0c12,1,4916.567164
2026/02/05/00:41:29,running-time,rs-004740-l4pvk,9439f722-0a7a-4159-964e-646fe55f0c12,1,4916.567164
2026/02/05/00:41:29,apply-time,rs-004740-s8p9w,25bf14c1-fce6-4199-9849-e27c65e2fa03,1,4916.567164
2026/02/05/00:41:29,running-time,rs-004740-s8p9w,25bf14c1-fce6-4199-9849-e27c65e2fa03,1,4916.567164
2026/02/05/00:41:30,running-time,rs-004737-8ksml,7075d431-927b-4ce4-b387-b0bffd41ada2,1,4917.567164
2026/02/05/00:41:30,running-time,rs-004737-fvlxs,24c31166-4d1f-4c24-9b32-abb3453ff513,1,4917.567164
2026/02/05/00:41:30,apply-time,rs-004741-lxnn7,bf47bd94-6acd-4bdc-9c9d-626e637a464b,1,4917.567164
2026/02/05/00:41:30,running-time,rs-004741-lxnn7,bf47bd94-6acd-4bdc-9c9d-626e637a464b,1,4917.567164
2026/02/05/00:41:30,apply-time,rs-004742-7zbts,0b10ceaf-e261-444b-8e16-3a77d40433cf,1,4917.567164
2026/02/05/00:41:30,apply-time,rs-004742-jbnqs,925cd624-1966-464a-a0a4-7fce79732c22,1,4917.567164
2026/02/05/00:41:30,apply-time,rs-004742-scftx,301d42b3-b943-4ee6-ac45-ebaac9113d10,1,4917.567164
2026/02/05/00:41:30,apply-time,rs-004743-gq2bn,78467482-51a4-4f49-a33d-99b5c15cfd9f,1,4917.567164
2026/02/05/00:41:30,running-time,rs-004743-gq2bn,78467482-51a4-4f49-a33d-99b5c15cfd9f,1,4917.567164
2026/02/05/00:41:31,running-time,rs-004738-kq687,f3a8ba7a-1fd3-4c02-b53f-97da2530ee50,1,4918.567164
2026/02/05/00:41:31,running-time,rs-004742-jbnqs,925cd624-1966-464a-a0a4-7fce79732c22,1,4918.567164
2026/02/05/00:41:31,running-time,rs-004742-scftx,301d42b3-b943-4ee6-ac45-ebaac9113d10,1,4918.567164
2026/02/05/00:41:31,apply-time,rs-004744-k8npx,cf5761b8-7bea-4849-84b1-b38262028e8f,1,4918.567164
2026/02/05/00:41:31,running-time,rs-004744-k8npx,cf5761b8-7bea-4849-84b1-b38262028e8f,1,4918.567164
2026/02/05/00:41:31,apply-time,rs-004744-vzppd,d6e97db3-c7c2-4959-a41f-89a4d311232a,1,4918.567164
2026/02/05/00:41:31,running-time,rs-004744-vzppd,d6e97db3-c7c2-4959-a41f-89a4d311232a,1,4918.567164
2026/02/05/00:41:31,apply-time,rs-004745-nhkzs,11721845-7ce5-43a0-ba3c-8e644e3c3a90,1,4918.567164
2026/02/05/00:41:31,running-time,rs-004745-nhkzs,11721845-7ce5-43a0-ba3c-8e644e3c3a90,1,4918.567164
2026/02/05/00:41:34,running-time,rs-004709-7lln6,0dc6740c-c6d9-4c7c-8535-f08639d3993e,1,4921.567164
2026/02/05/00:41:34,apply-time,rs-004746-qqds8,060fa3ed-70c6-4309-affe-168631bba4f9,1,4921.567164
2026/02/05/00:41:34,running-time,rs-004746-qqds8,060fa3ed-70c6-4309-affe-168631bba4f9,1,4921.567164
2026/02/05/00:41:34,apply-time,rs-004747-tw7nl,830b0e10-1534-4975-bf09-9fd06b32af54,1,4921.567164
2026/02/05/00:41:34,running-time,rs-004747-tw7nl,830b0e10-1534-4975-bf09-9fd06b32af54,1,4921.567164
2026/02/05/00:41:34,apply-time,rs-004747-xjt8p,f699b6cd-38c9-4721-afac-d92e1e2444b4,1,4921.567164
2026/02/05/00:41:34,running-time,rs-004747-xjt8p,f699b6cd-38c9-4721-afac-d92e1e2444b4,1,4921.567164
2026/02/05/00:41:34,apply-time,rs-004748-lwtn2,0709ef18-e74e-4814-88cd-33e691a77b9b,1,4921.567164
2026/02/05/00:41:34,apply-time,rs-004748-vggbp,66b540bc-340f-4395-9e47-dd86bc938cd8,1,4921.567164
2026/02/05/00:41:34,apply-time,rs-004749-6jjd8,3e32418f-456f-45b4-9f5f-4309f6061232,1,4921.567164
2026/02/05/00:41:34,running-time,rs-004749-6jjd8,3e32418f-456f-45b4-9f5f-4309f6061232,1,4921.567164
2026/02/05/00:41:34,apply-time,rs-004750-8pl8b,205f82ad-297f-44ff-9038-087f4a713076,1,4921.567164
2026/02/05/00:41:34,apply-time,rs-004750-fd5ht,3aebc2f4-ab28-4f75-a4d8-243850630001,1,4921.567164
2026/02/05/00:41:34,running-time,rs-004750-fd5ht,3aebc2f4-ab28-4f75-a4d8-243850630001,1,4921.567164
2026/02/05/00:41:34,apply-time,rs-004750-rprms,c4ae1988-afb6-4783-91c7-e66ca5d69e56,1,4921.567164
2026/02/05/00:41:34,apply-time,rs-004751-4cwqb,68394352-d45c-478e-9437-c786ea5854d3,1,4921.567164
2026/02/05/00:41:34,running-time,rs-004751-4cwqb,68394352-d45c-478e-9437-c786ea5854d3,1,4921.567164
2026/02/05/00:41:34,apply-time,rs-004751-dxxvp,1a8e445e-08fd-4327-a5bd-fa57dceeddbf,1,4921.567164
2026/02/05/00:41:34,running-time,rs-004751-dxxvp,1a8e445e-08fd-4327-a5bd-fa57dceeddbf,1,4921.567164
2026/02/05/00:41:34,apply-time,rs-004751-rpq9b,77bd0a42-0f83-43c1-80f5-ee50a9a818d4,1,4921.567164
2026/02/05/00:41:34,apply-time,rs-004752-gzsr7,0da035c7-1e17-4e42-9f3f-cc5e5c30efe7,1,4921.567164
2026/02/05/00:41:36,running-time,rs-004752-gzsr7,0da035c7-1e17-4e42-9f3f-cc5e5c30efe7,1,4923.567164
2026/02/05/00:41:37,running-time,rs-004750-8pl8b,205f82ad-297f-44ff-9038-087f4a713076,1,4924.567164
2026/02/05/00:41:42,running-time,rs-004709-5vpjh,fb0867f4-e06a-4ceb-b38e-8029045943d3,1,4929.567164
2026/02/05/00:41:42,running-time,rs-004709-dksx5,d80ff2a1-d735-4169-bc82-d47f333226a2,1,4929.567164
2026/02/05/00:41:42,running-time,rs-004750-rprms,c4ae1988-afb6-4783-91c7-e66ca5d69e56,1,4929.567164
2026/02/05/00:41:42,running-time,rs-004751-rpq9b,77bd0a42-0f83-43c1-80f5-ee50a9a818d4,1,4929.567164
2026/02/05/00:41:48,apply-time,rs-004753-nqn2s,6bc71f87-cd74-42b2-897e-b8a539c17f95,1,4935.567164
2026/02/05/00:41:48,running-time,rs-004753-nqn2s,6bc71f87-cd74-42b2-897e-b8a539c17f95,1,4935.567164
2026/02/05/00:41:48,apply-time,rs-004754-lvjkj,04aee99d-da25-46d3-95b9-e89c734111ef,1,4935.567164
2026/02/05/00:41:48,apply-time,rs-004755-btx7x,7e321a07-31cc-4104-8b4c-f78fac89dda8,1,4935.567164
2026/02/05/00:41:48,apply-time,rs-004755-cvx8v,c4d0132f-0011-47c9-9d94-1dd090983e43,1,4935.567164
2026/02/05/00:41:48,apply-time,rs-004755-pdpgn,477d940a-5ec3-4d44-b420-9da612725793,1,4935.567164
2026/02/05/00:41:48,apply-time,rs-004756-wqjgl,5a2642b1-cf58-4238-a926-01e299b9ff5a,1,4935.567164
2026/02/05/00:41:48,running-time,rs-004756-wqjgl,5a2642b1-cf58-4238-a926-01e299b9ff5a,1,4935.567164
2026/02/05/00:41:49,apply-time,rs-004757-c7pqf,3697d35b-7a87-4194-8978-ecc0aa9bdfaf,1,4936.567164
2026/02/05/00:41:49,apply-time,rs-004758-44fvh,3392adb2-e39a-4c33-9e4e-fd9282bf8333,1,4936.567164
2026/02/05/00:41:49,running-time,rs-004758-44fvh,3392adb2-e39a-4c33-9e4e-fd9282bf8333,1,4936.567164
2026/02/05/00:41:49,apply-time,rs-004758-5nx86,224ca08d-994d-4a2f-9a79-1bfe73dcf12d,1,4936.567164
2026/02/05/00:41:49,running-time,rs-004758-5nx86,224ca08d-994d-4a2f-9a79-1bfe73dcf12d,1,4936.567164
2026/02/05/00:41:49,apply-time,rs-004758-bpv7k,a5552afc-734e-4ebc-8b15-b31c3bd201ea,1,4936.567164
2026/02/05/00:41:49,running-time,rs-004758-bpv7k,a5552afc-734e-4ebc-8b15-b31c3bd201ea,1,4936.567164
2026/02/05/00:41:50,apply-time,rs-004759-cg9d6,d31b834d-e7d7-466b-9930-6a3985edb39d,1,4937.567164
2026/02/05/00:41:50,apply-time,rs-004759-gsxxz,5cc3cd45-00e2-4c75-96ce-f8764ab41e05,1,4937.567164
2026/02/05/00:41:50,apply-time,rs-004759-ppttf,d8011cb3-d6a9-4fb3-9b51-a1d35e88cc30,1,4937.567164
2026/02/05/00:41:50,apply-time,rs-004760-cx7c7,9c111a45-22b9-471f-8c8f-e61391bd0b50,1,4937.567164
2026/02/05/00:41:50,apply-time,rs-004761-5hwqm,18f2c3a3-6ce7-4f8f-9b9b-5a4999b85a5f,1,4937.567164
2026/02/05/00:41:50,apply-time,rs-004761-pxwld,8c81ada4-ec72-4ca9-a8de-934e54e8a2f4,1,4937.567164
2026/02/05/00:41:50,apply-time,rs-004762-q576j,5adbcb91-b792-4e41-953f-da0c386889a0,1,4937.567164
2026/02/05/00:41:50,running-time,rs-004762-q576j,5adbcb91-b792-4e41-953f-da0c386889a0,1,4937.567164
2026/02/05/00:41:50,apply-time,rs-004762-swzbc,10b57629-cde2-4315-95a0-ce35b3514e37,1,4937.567164
2026/02/05/00:41:50,running-time,rs-004762-swzbc,10b57629-cde2-4315-95a0-ce35b3514e37,1,4937.567164
2026/02/05/00:41:50,apply-time,rs-004763-zncqs,12980187-4eb5-4167-93f4-a47681432d25,1,4937.567164
2026/02/05/00:41:50,apply-time,rs-004764-qxbd8,aaaf2341-3dd9-4ad5-9a53-f1089dd84113,1,4937.567164
2026/02/05/00:41:51,apply-time,rs-004763-qgnld,346894e7-5b2c-4931-ac85-569a2395bde0,1,4938.567164
2026/02/05/00:41:51,apply-time,rs-004765-9257q,5c0e2db8-2537-48a9-98ad-b49cda17a864,1,4938.567164
2026/02/05/00:41:51,apply-time,rs-004765-mqvb4,6ad842c3-3f6d-4463-a5bd-34079f9ae5c4,1,4938.567164
2026/02/05/00:41:51,apply-time,rs-004765-zgn7z,eee2c149-d5f5-4b89-9fd0-e97af1d111b7,1,4938.567164
2026/02/05/00:41:51,apply-time,rs-004766-n9726,3e4ab903-e221-403d-91e7-35ad79d6451f,1,4938.567164
2026/02/05/00:41:51,running-time,rs-004766-n9726,3e4ab903-e221-403d-91e7-35ad79d6451f,1,4938.567164
2026/02/05/00:41:51,apply-time,rs-004767-kqn9m,ce71f9a0-3fcf-4777-9ca0-67135258db6f,1,4938.567164
2026/02/05/00:41:51,apply-time,rs-004767-pnn7c,a36114d7-e021-42c0-9f1e-e10794e99444,1,4938.567164
2026/02/05/00:41:52,apply-time,rs-004767-7g8g2,ae79808c-9c21-4e5e-b075-03a1bbc3e091,1,4939.567164
2026/02/05/00:41:52,apply-time,rs-004768-tvs7m,33df8208-6b06-4ff8-b3a5-98cbad9eb7f1,1,4939.567164
2026/02/05/00:41:52,apply-time,rs-004769-2v977,57fd15a2-1b37-4c71-b7cf-d8feae1fd0a2,1,4939.567164
2026/02/05/00:41:52,apply-time,rs-004769-bh8bp,1234a605-e73d-4f39-8308-4a38e628232e,1,4939.567164
2026/02/05/00:41:52,apply-time,rs-004769-n4bvj,e154274f-2aed-47b3-9c53-b4458c7bfa5a,1,4939.567164
2026/02/05/00:41:52,apply-time,rs-004770-tjcbn,627a9098-c2d0-4679-b0c1-8f9cbe280d2c,1,4939.567164
2026/02/05/00:41:52,apply-time,rs-004771-9nlfr,41c1e318-6720-4330-9eae-a69f75143e72,1,4939.567164
2026/02/05/00:41:52,apply-time,rs-004771-9qdzw,fd8d6bd9-89df-41a4-906c-7ad5a525dd97,1,4939.567164
2026/02/05/00:41:52,apply-time,rs-004771-lf2js,7e6ae046-5e67-4c0d-a848-def339909932,1,4939.567164
2026/02/05/00:41:55,apply-time,rs-004772-t5lkq,f7f8dfc5-d4fe-4ae7-81d0-855bb1113422,1,4942.567164
2026/02/05/00:41:57,running-time,rs-004765-9257q,5c0e2db8-2537-48a9-98ad-b49cda17a864,1,4944.567164
2026/02/05/00:41:57,running-time,rs-004765-mqvb4,6ad842c3-3f6d-4463-a5bd-34079f9ae5c4,1,4944.567164
2026/02/05/00:41:57,running-time,rs-004765-zgn7z,eee2c149-d5f5-4b89-9fd0-e97af1d111b7,1,4944.567164
2026/02/05/00:41:57,running-time,rs-004771-9qdzw,fd8d6bd9-89df-41a4-906c-7ad5a525dd97,1,4944.567164
2026/02/05/00:41:57,running-time,rs-004771-lf2js,7e6ae046-5e67-4c0d-a848-def339909932,1,4944.567164
2026/02/05/00:41:58,running-time,rs-004771-9nlfr,41c1e318-6720-4330-9eae-a69f75143e72,1,4945.567164
2026/02/05/00:41:59,apply-time,rs-004773-z9zfg,f16762c3-2e2f-41fc-becb-c05239db9bc0,1,4946.567164
2026/02/05/00:41:59,apply-time,rs-004774-5bvbl,0e6297ee-253b-497a-8e20-f983396d7b87,1,4946.567164
2026/02/05/00:41:59,apply-time,rs-004774-gc96d,a1005ece-daf4-450e-b647-cda9531de1e0,1,4946.567164
2026/02/05/00:41:59,apply-time,rs-004775-jkbph,f943e2ac-66fa-4863-9bcf-67bf10846327,1,4946.567164
2026/02/05/00:41:59,apply-time,rs-004776-446vb,239afefd-6b41-420a-abb4-8ad507c52174,1,4946.567164
2026/02/05/00:41:59,apply-time,rs-004777-ccp49,88d96096-30fb-46b1-ab52-f88554063e60,1,4946.567164
2026/02/05/00:41:59,apply-time,rs-004777-svl6g,21f09f8b-9211-4035-8988-edf84f673ffe,1,4946.567164
2026/02/05/00:41:59,apply-time,rs-004777-sx7pk,80829d3e-8b85-473b-bfb4-a97a349092be,1,4946.567164
2026/02/05/00:42:00,running-time,rs-004773-z9zfg,f16762c3-2e2f-41fc-becb-c05239db9bc0,1,4947.567164
2026/02/05/00:42:00,apply-time,rs-004778-28czg,838d32b5-c8c3-49c0-a7e0-54234e9b5b19,1,4947.567164
2026/02/05/00:42:00,apply-time,rs-004778-bnxph,1093e9c7-a6a8-4959-b335-8d21103bad27,1,4947.567164
2026/02/05/00:42:00,apply-time,rs-004779-5g84j,594ab007-76a9-450f-93e8-ed89426bb460,1,4947.567164
2026/02/05/00:42:00,apply-time,rs-004780-dxhvn,82e398ff-21f7-4ffd-9779-90dcde7ea1b1,1,4947.567164
2026/02/05/00:42:00,apply-time,rs-004780-v4mxv,e0c5429c-e36b-4886-9895-8f36e3352fbc,1,4947.567164
2026/02/05/00:42:00,apply-time,rs-004781-t4trf,592146b5-8bad-4f89-bf4c-0d0128eda138,1,4947.567164
2026/02/05/00:42:00,apply-time,rs-004782-db94b,6d4b9037-aa50-4824-8d4e-6d28e92c3149,1,4947.567164
2026/02/05/00:42:03,running-time,rs-004778-28czg,838d32b5-c8c3-49c0-a7e0-54234e9b5b19,1,4950.567164
2026/02/05/00:42:06,running-time,rs-004778-bnxph,1093e9c7-a6a8-4959-b335-8d21103bad27,1,4953.567164
2026/02/05/00:42:07,running-time,rs-004780-v4mxv,e0c5429c-e36b-4886-9895-8f36e3352fbc,1,4954.567164
2026/02/05/00:42:09,running-time,rs-004780-dxhvn,82e398ff-21f7-4ffd-9779-90dcde7ea1b1,1,4956.567164
2026/02/05/00:42:10,running-time,rs-004634-nw598,d5555a6b-82da-476d-a317-ac4dd70abf47,1,4957.567164
2026/02/05/00:42:11,apply-time,rs-004783-lvcrr,8ff8e909-a231-4f96-a35a-029dfd91c30f,1,4958.567164
2026/02/05/00:42:11,apply-time,rs-004783-n26nr,0b71f350-b84b-4e6b-9d3b-783e9212cc4a,1,4958.567164
2026/02/05/00:42:11,running-time,rs-004783-n26nr,0b71f350-b84b-4e6b-9d3b-783e9212cc4a,1,4958.567164
2026/02/05/00:42:11,apply-time,rs-004783-sd7nh,08056253-caf7-4e71-b8a5-6d54dc3cfeba,1,4958.567164
2026/02/05/00:42:11,apply-time,rs-004784-bg4ss,da301920-e23b-46ca-adb7-c23c1fb4b06e,1,4958.567164
2026/02/05/00:42:18,running-time,rs-004783-lvcrr,8ff8e909-a231-4f96-a35a-029dfd91c30f,1,4965.567164
2026/02/05/00:42:18,running-time,rs-004783-sd7nh,08056253-caf7-4e71-b8a5-6d54dc3cfeba,1,4965.567164
2026/02/05/00:42:25,apply-time,rs-004785-lmbvp,8cdf02ae-c5fd-4dbe-8693-c34e0d54598c,1,4972.567164
2026/02/05/00:42:25,apply-time,rs-004786-kdkjn,43b2f9db-3ead-41c9-8b61-573d9dcd9771,1,4972.567164
2026/02/05/00:42:25,running-time,rs-004786-kdkjn,43b2f9db-3ead-41c9-8b61-573d9dcd9771,1,4972.567164
2026/02/05/00:42:25,apply-time,rs-004786-n7hrz,691a8eb0-5780-4aa5-961c-c9f5b4b5dc2d,1,4972.567164
2026/02/05/00:42:25,running-time,rs-004786-n7hrz,691a8eb0-5780-4aa5-961c-c9f5b4b5dc2d,1,4972.567164
2026/02/05/00:42:25,apply-time,rs-004787-7fpz6,28ce8dba-bde6-4858-b7bb-b315e46f010f,1,4972.567164
2026/02/05/00:42:25,apply-time,rs-004787-gn45w,5fc7611f-17f5-47bb-afa1-2b027ce62c7d,1,4972.567164
2026/02/05/00:42:25,running-time,rs-004787-gn45w,5fc7611f-17f5-47bb-afa1-2b027ce62c7d,1,4972.567164
2026/02/05/00:42:25,apply-time,rs-004787-zc2vd,b98c7991-1870-4f38-b0c0-d46bd064c4f9,1,4972.567164
2026/02/05/00:42:25,running-time,rs-004787-zc2vd,b98c7991-1870-4f38-b0c0-d46bd064c4f9,1,4972.567164
2026/02/05/00:42:25,apply-time,rs-004788-fr4sd,654ec98b-4950-490f-bcda-a8f79d4e445d,1,4972.567164
2026/02/05/00:42:25,apply-time,rs-004788-s5zht,aa776afb-fa1e-415b-bc91-76b048669972,1,4972.567164
2026/02/05/00:42:26,apply-time,rs-004789-wlgck,9eb0b812-733f-468b-a261-d3541fced5c6,1,4973.567164
2026/02/05/00:42:26,apply-time,rs-004789-ztfsz,e0b715d0-f16c-4b4f-9de1-93c6981bcb11,1,4973.567164
2026/02/05/00:42:26,apply-time,rs-004790-f97vd,559bba13-98bc-48ef-91e1-8942296e1dc8,1,4973.567164
2026/02/05/00:42:26,apply-time,rs-004790-q956w,293cdd1d-1f38-4bbe-93c2-e8eed90ab1b0,1,4973.567164
2026/02/05/00:42:26,apply-time,rs-004790-rqkbl,f348c64b-25a4-45c8-a266-dc611cbe38bd,1,4973.567164
2026/02/05/00:42:26,apply-time,rs-004791-jwsw2,431dd008-7a0c-4028-b589-5cfadbe3dc71,1,4973.567164
2026/02/05/00:42:26,apply-time,rs-004791-wfrg2,4b23bb0d-1fe8-4b7a-87cb-fab44a2137af,1,4973.567164
2026/02/05/00:42:26,apply-time,rs-004791-wlpk9,0dfe0fa9-17e7-4804-b360-c8d616e9d60b,1,4973.567164
2026/02/05/00:42:26,apply-time,rs-004792-p4d7x,1d0e9a2c-59c8-43cb-8a50-52e4da60cd40,1,4973.567164
2026/02/05/00:42:26,apply-time,rs-004792-qql8x,200d0df2-9616-453b-904a-f71e67274c9c,1,4973.567164
2026/02/05/00:42:26,apply-time,rs-004793-hdt6j,c7eaa48f-9f8a-4545-ac9e-13e850fe1696,1,4973.567164
2026/02/05/00:42:26,running-time,rs-004793-hdt6j,c7eaa48f-9f8a-4545-ac9e-13e850fe1696,1,4973.567164
2026/02/05/00:42:26,apply-time,rs-004794-6fsts,89dc7137-b9cc-4657-89fb-9de8aedb20fe,1,4973.567164
2026/02/05/00:42:27,apply-time,rs-004795-2phjd,360975eb-5865-4f41-bb96-35cfcec0c4dc,1,4974.567164
2026/02/05/00:42:27,apply-time,rs-004795-b42g2,bd05278e-9052-4262-a276-c38dcf8d90a1,1,4974.567164
2026/02/05/00:42:27,apply-time,rs-004796-qvnt8,afd3996a-6601-49b8-a0f8-6452ff2e02aa,1,4974.567164
2026/02/05/00:42:27,apply-time,rs-004797-v5t7j,68d5b9ac-bbb2-44aa-b635-053d8d7d28ef,1,4974.567164
2026/02/05/00:42:27,apply-time,rs-004797-vkqq8,385d08c9-f392-43cf-bffd-0a3f69a95c0c,1,4974.567164
2026/02/05/00:42:27,apply-time,rs-004798-5hfgn,0c903d69-9484-4eff-a87e-c167124b6638,1,4974.567164
2026/02/05/00:42:27,apply-time,rs-004798-qxslt,2388d5fb-c749-48f2-96e9-2f2c024460fd,1,4974.567164
2026/02/05/00:42:27,apply-time,rs-004799-7s7vb,e287b800-9a8f-4f27-8e6d-ec9c452a82f5,1,4975.567164
2026/02/05/00:42:27,apply-time,rs-004800-tbbnd,b77c6b5c-5a28-4282-88b7-f9922edb5542,1,4974.567164
2026/02/05/00:42:27,apply-time,rs-004801-pvwlf,d06a93ba-aebe-46e5-aca3-56c20f5c7afa,1,4974.567164
2026/02/05/00:42:28,running-time,rs-004792-p4d7x,1d0e9a2c-59c8-43cb-8a50-52e4da60cd40,1,4975.567164
2026/02/05/00:42:28,running-time,rs-004792-qql8x,200d0df2-9616-453b-904a-f71e67274c9c,1,4975.567164
2026/02/05/00:42:28,apply-time,rs-004799-hv9qb,303777c3-bf6b-45e2-92f1-112e28b43f7d,1,4975.567164
2026/02/05/00:42:28,apply-time,rs-004799-t24d4,5e02638a-bba6-4a26-be24-c866605343ab,1,4975.567164
2026/02/05/00:42:28,running-time,rs-004799-t24d4,5e02638a-bba6-4a26-be24-c866605343ab,1,4975.567164
2026/02/05/00:42:28,apply-time,rs-004800-4zwpn,d858e225-5a19-4f18-ab66-d4d62bb5ca07,1,4975.567164
2026/02/05/00:42:29,running-time,rs-004791-jwsw2,431dd008-7a0c-4028-b589-5cfadbe3dc71,1,4976.567164
2026/02/05/00:42:29,running-time,rs-004791-wfrg2,4b23bb0d-1fe8-4b7a-87cb-fab44a2137af,1,4976.567164
2026/02/05/00:42:30,apply-time,rs-004802-rd7cp,5bfb93da-afb2-49e6-ba97-fbc165cbbe89,1,4977.567164
2026/02/05/00:42:30,running-time,rs-004802-rd7cp,5bfb93da-afb2-49e6-ba97-fbc165cbbe89,1,4977.567164
2026/02/05/00:42:30,apply-time,rs-004803-gfbt8,8c9be7fb-07c6-4838-b568-43b8fe938edd,1,4977.567164
2026/02/05/00:42:30,apply-time,rs-004804-mj6wx,1d893ec0-2bc7-43fb-ae25-5e4c0316a416,1,4977.567164
2026/02/05/00:42:30,running-time,rs-004804-mj6wx,1d893ec0-2bc7-43fb-ae25-5e4c0316a416,1,4977.567164
2026/02/05/00:42:30,apply-time,rs-004805-5x7c8,e97cad32-ba59-4cc9-bdc3-1579ebcd72cf,1,4977.567164
2026/02/05/00:42:30,apply-time,rs-004805-95kwj,df1ad084-7f7f-470b-98c2-69217c944189,1,4977.567164
2026/02/05/00:42:30,apply-time,rs-004805-txrs8,b89768bc-38b4-4d96-8234-8072992ea510,1,4977.567164
2026/02/05/00:42:31,running-time,rs-004805-5x7c8,e97cad32-ba59-4cc9-bdc3-1579ebcd72cf,1,4978.567164
2026/02/05/00:42:31,running-time,rs-004805-txrs8,b89768bc-38b4-4d96-8234-8072992ea510,1,4978.567164
2026/02/05/00:42:31,apply-time,rs-004806-9jxrf,e9338e92-4048-4dd8-9d77-0e7599b79f76,1,4978.567164
2026/02/05/00:42:31,apply-time,rs-004806-xfr8j,cee08037-28a0-4813-a407-5426c6492be0,1,4978.567164
2026/02/05/00:42:31,apply-time,rs-004807-8gg9v,4715febb-3040-4a4c-8987-6f085cf91a3b,1,4978.567164
2026/02/05/00:42:31,apply-time,rs-004807-b94hw,2bdad0e7-f46f-4d12-ad3c-9577e09c0253,1,4978.567164
2026/02/05/00:42:31,apply-time,rs-004808-8qgbb,86adfa12-6cbb-4de5-b3e8-c353d160152d,1,4978.567164
2026/02/05/00:42:32,apply-time,rs-004808-k7btm,5425766f-1d99-4015-b520-8301756a1ba5,1,4979.567164
2026/02/05/00:42:32,apply-time,rs-004809-d5xq7,34406cfa-1de2-43bc-8e5c-58eed53790df,1,4979.567164
2026/02/05/00:42:32,apply-time,rs-004810-b7sq6,d4453ec1-4817-48d4-bb70-39a5225c9f94,1,4979.567164
2026/02/05/00:42:32,apply-time,rs-004811-b72dr,12dc76da-7f27-4a23-a67d-5e5cd573c067,1,4979.567164
2026/02/05/00:42:33,apply-time,rs-004812-dwmln,fb46c759-c6c5-4728-95b8-3e2971e5d15c,1,4980.567164
2026/02/05/00:42:33,apply-time,rs-004812-wplg7,02f57c72-a839-4608-b771-1203d4577fdb,1,4980.567164
2026/02/05/00:42:33,apply-time,rs-004813-fkjrm,b47172f7-9163-40db-aec0-55895f71157b,1,4980.567164
2026/02/05/00:42:33,apply-time,rs-004813-gvxb9,2b2dc8cf-b98b-4e23-b046-ee8dc8bc3588,1,4980.567164
2026/02/05/00:42:33,apply-time,rs-004813-v9xfh,af37f642-b0c1-4812-bc25-51354865f675,1,4980.567164
2026/02/05/00:42:33,apply-time,rs-004814-mhrs5,8f2fc5d7-a7ac-4e7c-93e7-2c3c90e0f125,1,4980.567164
2026/02/05/00:42:33,apply-time,rs-004814-nczp6,fc5b187d-13cd-4ccf-9310-2705111c0019,1,4980.567164
2026/02/05/00:42:33,apply-time,rs-004814-slww7,0a3b65be-17b5-4f74-8a12-64aa10c96de4,1,4980.567164
2026/02/05/00:42:33,apply-time,rs-004815-gml8j,f1a538d0-1ec8-4496-baad-046b22f15106,1,4980.567164
2026/02/05/00:42:33,apply-time,rs-004816-87p5s,f22ebc1d-46e5-4602-9ec4-26ddc81a69c9,1,4980.567164
2026/02/05/00:42:33,apply-time,rs-004816-gqflv,0cd92ff7-617a-4b8c-b90c-d4243950f963,1,4980.567164
2026/02/05/00:42:33,apply-time,rs-004816-wrjmn,b23f7fa5-1ae4-4932-bb9b-ca266c56834b,1,4980.567164
2026/02/05/00:42:34,apply-time,rs-004817-6nfgv,e95708be-5998-4eff-b3a8-ba9dd9278376,1,4981.567164
2026/02/05/00:42:34,apply-time,rs-004817-grv65,96520991-c25a-4541-9312-fa6c75274303,1,4981.567164
2026/02/05/00:42:34,apply-time,rs-004817-pv8td,6afb738c-6b2e-47ed-9ac5-4d4211f52651,1,4981.567164
2026/02/05/00:42:34,apply-time,rs-004818-48cx4,a3656e8d-3230-437d-91b8-7c39597a765a,1,4981.567164
2026/02/05/00:42:34,apply-time,rs-004818-74l24,ccee7711-00e8-4130-8186-87f9d54558fb,1,4981.567164
2026/02/05/00:42:34,apply-time,rs-004819-9wf7l,b6252252-ada6-4e3a-97a8-52c480299b5c,1,4981.567164
2026/02/05/00:42:36,running-time,rs-004813-gvxb9,2b2dc8cf-b98b-4e23-b046-ee8dc8bc3588,1,4983.567164
2026/02/05/00:42:36,running-time,rs-004817-6nfgv,e95708be-5998-4eff-b3a8-ba9dd9278376,1,4983.567164
2026/02/05/00:42:43,running-time,rs-004797-vkqq8,385d08c9-f392-43cf-bffd-0a3f69a95c0c,1,4990.567164
2026/02/05/00:42:46,apply-time,rs-004820-7swrc,2854d818-3ad2-4d10-a7e8-1e701990e79d,1,4993.567164
2026/02/05/00:42:46,apply-time,rs-004820-8hnw5,31ba6273-937e-4ac5-84ad-0fa50dea566f,1,4993.567164
2026/02/05/00:42:46,apply-time,rs-004820-vdrvp,0859ae59-60b4-40a7-8218-da15e78bc3ea,1,4993.567164
2026/02/05/00:42:46,apply-time,rs-004821-4lvr9,330da33a-3ff8-4c47-9cc7-cb453d26ab30,1,4993.567164
2026/02/05/00:42:46,running-time,rs-004821-4lvr9,330da33a-3ff8-4c47-9cc7-cb453d26ab30,1,4993.567164
2026/02/05/00:42:46,apply-time,rs-004821-hq2hj,5af67816-acaf-4b18-a8b7-d529fc879023,1,4993.567164
2026/02/05/00:42:46,running-time,rs-004821-hq2hj,5af67816-acaf-4b18-a8b7-d529fc879023,1,4993.567164
2026/02/05/00:42:46,apply-time,rs-004822-sh5k5,32b8369f-a25e-4b8a-94df-07f9eeb32abf,1,4993.567164
2026/02/05/00:42:46,apply-time,rs-004823-b2bbj,ae688143-745b-4739-a690-97b349c59d51,1,4993.567164
2026/02/05/00:42:46,apply-time,rs-004823-n4qgt,0bfaacbd-c4be-427d-b8c1-096dd5740875,1,4993.567164
2026/02/05/00:42:59,apply-time,rs-004824-xlvzr,b854b825-9b17-4e07-92dd-4dcbdea6594d,1,5006.567164
2026/02/05/00:43:00,apply-time,rs-004825-9lvcf,3e3c0f75-7d23-4f57-8917-c43b8ffa8427,1,5006.567164
2026/02/05/00:43:00,running-time,rs-004825-9lvcf,3e3c0f75-7d23-4f57-8917-c43b8ffa8427,1,5006.567164
2026/02/05/00:43:00,apply-time,rs-004825-klmg4,7ecd2f52-c442-4bb0-a761-d84ae6b9701f,1,5006.567164
2026/02/05/00:43:00,running-time,rs-004825-klmg4,7ecd2f52-c442-4bb0-a761-d84ae6b9701f,1,5006.567164
2026/02/05/00:43:00,apply-time,rs-004826-cjq5m,a051bbed-183a-4ed1-89d7-fceb808923ec,1,5006.567164
2026/02/05/00:43:01,running-time,rs-004634-qp49b,5128853a-2545-4978-985d-9ed5d199e7c2,1,5008.567164
2026/02/05/00:43:01,running-time,rs-004810-b7sq6,d4453ec1-4817-48d4-bb70-39a5225c9f94,1,5007.567164
2026/02/05/00:43:01,running-time,rs-004824-xlvzr,b854b825-9b17-4e07-92dd-4dcbdea6594d,1,5008.567164
2026/02/05/00:43:01,running-time,rs-004826-cjq5m,a051bbed-183a-4ed1-89d7-fceb808923ec,1,5008.567164
2026/02/05/00:43:08,running-time,rs-004823-b2bbj,ae688143-745b-4739-a690-97b349c59d51,1,5015.567164
2026/02/05/00:43:11,running-time,rs-004797-v5t7j,68d5b9ac-bbb2-44aa-b635-053d8d7d28ef,1,5018.567164
2026/02/05/00:43:11,running-time,rs-004823-n4qgt,0bfaacbd-c4be-427d-b8c1-096dd5740875,1,5018.567164
2026/02/05/00:43:11,apply-time,rs-004827-qq4pc,704a4cf3-9f89-4d8e-b9a3-bdff5356301e,1,5017.567164
2026/02/05/00:43:11,running-time,rs-004827-qq4pc,704a4cf3-9f89-4d8e-b9a3-bdff5356301e,1,5017.567164
2026/02/05/00:43:11,apply-time,rs-004827-rdqhm,3dec9e4e-e9a0-4ef1-a2d2-ff8e43e8e230,1,5017.567164
2026/02/05/00:43:11,running-time,rs-004827-rdqhm,3dec9e4e-e9a0-4ef1-a2d2-ff8e43e8e230,1,5017.567164
2026/02/05/00:43:11,apply-time,rs-004828-46j54,ee5a9415-5203-4492-a640-e7b044c0713d,1,5017.567164
2026/02/05/00:43:11,apply-time,rs-004828-7n7lv,38cb1357-c1c4-47ea-9a95-d316a730d9ef,1,5017.567164
2026/02/05/00:43:11,apply-time,rs-004828-dqdsm,15a46512-b6eb-454b-8e68-c3f61980b269,1,5017.567164
2026/02/05/00:43:11,apply-time,rs-004829-6fj54,9c7eb629-3c1d-479b-b168-f1cd550d0486,1,5017.567164
2026/02/05/00:43:11,running-time,rs-004829-6fj54,9c7eb629-3c1d-479b-b168-f1cd550d0486,1,5018.567164
2026/02/05/00:43:11,apply-time,rs-004829-8n2lp,10854c7d-07a4-488f-91e7-fd636b0683e7,1,5017.567164
2026/02/05/00:43:11,running-time,rs-004829-8n2lp,10854c7d-07a4-488f-91e7-fd636b0683e7,1,5018.567164
2026/02/05/00:43:11,apply-time,rs-004829-tn5s2,430f07c5-f838-49e4-ba40-1ac19ddc31ac,1,5017.567164
2026/02/05/00:43:11,running-time,rs-004829-tn5s2,430f07c5-f838-49e4-ba40-1ac19ddc31ac,1,5018.567164
2026/02/05/00:43:11,apply-time,rs-004830-975x2,aee67d75-5c72-4551-9666-9fc1d2aad213,1,5017.567164
2026/02/05/00:43:11,running-time,rs-004830-975x2,aee67d75-5c72-4551-9666-9fc1d2aad213,1,5018.567164
2026/02/05/00:43:11,apply-time,rs-004830-bdsnm,d0e21294-a66c-4660-a8b4-a2fc896659ab,1,5017.567164
2026/02/05/00:43:11,running-time,rs-004830-bdsnm,d0e21294-a66c-4660-a8b4-a2fc896659ab,1,5017.567164
2026/02/05/00:43:11,apply-time,rs-004830-xd92l,408dfe97-a9f3-4335-8cee-40459108c1d2,1,5017.567164
2026/02/05/00:43:11,running-time,rs-004830-xd92l,408dfe97-a9f3-4335-8cee-40459108c1d2,1,5017.567164
2026/02/05/00:43:11,apply-time,rs-004831-wvgmd,55571c72-c048-4ed1-ae9f-5dcbc173c9fd,1,5017.567164
2026/02/05/00:43:11,running-time,rs-004831-wvgmd,55571c72-c048-4ed1-ae9f-5dcbc173c9fd,1,5017.567164
2026/02/05/00:43:11,apply-time,rs-004832-wk6pv,f35bd2c8-8ffc-4ad7-876c-f5e44ca32b72,1,5018.567164
2026/02/05/00:43:11,running-time,rs-004832-wk6pv,f35bd2c8-8ffc-4ad7-876c-f5e44ca32b72,1,5018.567164
2026/02/05/00:43:12,apply-time,rs-004832-m9gbq,8849ef86-d59d-4238-a2d7-56373ef572f6,1,5018.567164
2026/02/05/00:43:12,apply-time,rs-004833-qrb8l,7773dcfa-1160-4b04-9e3d-40783ea6dea4,1,5018.567164
2026/02/05/00:43:12,apply-time,rs-004834-68s7c,6cfb0c5d-7579-403b-ad25-128385cb09fb,1,5019.567164
2026/02/05/00:43:12,apply-time,rs-004834-c6j95,a3edc57c-5f23-4ab2-b202-aff9a7f2a8b6,1,5019.567164
2026/02/05/00:43:12,apply-time,rs-004834-qjpww,4e859d0b-ef5f-42cd-a08d-e62df29445a2,1,5018.567164
2026/02/05/00:43:12,apply-time,rs-004835-2tjdd,e06a1e9d-0ef9-4640-96b6-da3a523f779c,1,5018.567164
2026/02/05/00:43:13,running-time,rs-004832-m9gbq,8849ef86-d59d-4238-a2d7-56373ef572f6,1,5019.567164
2026/02/05/00:43:13,apply-time,rs-004836-r4gq6,2e28dc09-42cb-4a58-b1d0-a0ade30ce0a0,1,5020.567164
2026/02/05/00:43:13,apply-time,rs-004837-cplgk,b39def41-cc99-4948-adae-57da91ced7f1,1,5020.567164
2026/02/05/00:43:13,apply-time,rs-004838-ps5jk,124469f3-49a7-4ed4-8351-c1e9ddb91a0a,1,5020.567164
2026/02/05/00:43:13,apply-time,rs-004839-kndlp,821ccef8-f59a-4394-874e-926e467bd9b0,1,5020.567164
2026/02/05/00:43:14,running-time,rs-004834-c6j95,a3edc57c-5f23-4ab2-b202-aff9a7f2a8b6,1,5021.567164
2026/02/05/00:43:14,running-time,rs-004834-qjpww,4e859d0b-ef5f-42cd-a08d-e62df29445a2,1,5020.567164
2026/02/05/00:43:14,running-time,rs-004836-r4gq6,2e28dc09-42cb-4a58-b1d0-a0ade30ce0a0,1,5020.567164
2026/02/05/00:43:14,running-time,rs-004838-ps5jk,124469f3-49a7-4ed4-8351-c1e9ddb91a0a,1,5021.567164
2026/02/05/00:43:14,running-time,rs-004839-kndlp,821ccef8-f59a-4394-874e-926e467bd9b0,1,5020.567164
2026/02/05/00:43:14,apply-time,rs-004840-g4pq9,82ff727c-2147-46d4-9968-5f3046ad32b8,1,5020.567164
2026/02/05/00:43:14,running-time,rs-004840-g4pq9,82ff727c-2147-46d4-9968-5f3046ad32b8,1,5020.567164
2026/02/05/00:43:14,apply-time,rs-004840-tcxwr,8bf23f90-3e90-4fa3-9219-57f9fbb9b8ad,1,5020.567164
2026/02/05/00:43:14,running-time,rs-004840-tcxwr,8bf23f90-3e90-4fa3-9219-57f9fbb9b8ad,1,5021.567164
2026/02/05/00:43:14,apply-time,rs-004841-5ntcb,2b420834-3198-4b4c-8f1d-9454d194345b,1,5020.567164
2026/02/05/00:43:14,running-time,rs-004841-5ntcb,2b420834-3198-4b4c-8f1d-9454d194345b,1,5020.567164
2026/02/05/00:43:15,running-time,rs-004833-qrb8l,7773dcfa-1160-4b04-9e3d-40783ea6dea4,1,5021.567164
2026/02/05/00:43:15,running-time,rs-004834-68s7c,6cfb0c5d-7579-403b-ad25-128385cb09fb,1,5021.567164
2026/02/05/00:43:15,apply-time,rs-004842-gq8tp,500e4dbb-5b0c-4e9f-8da4-2b02907b0e84,1,5021.567164
2026/02/05/00:43:15,running-time,rs-004842-gq8tp,500e4dbb-5b0c-4e9f-8da4-2b02907b0e84,1,5021.567164
2026/02/05/00:43:16,apply-time,rs-004843-2nx7v,e4ce3492-ca7d-4391-ae2a-8e116d62ec0f,1,5022.567164
2026/02/05/00:43:16,apply-time,rs-004843-hzjns,8a8ecb78-0d87-4bdc-83ec-c147fd9fa8c1,1,5022.567164
2026/02/05/00:43:16,apply-time,rs-004843-vcsw7,e39ac441-0c7c-4189-9ea7-107a39eb9b81,1,5022.567164
2026/02/05/00:43:16,running-time,rs-004843-vcsw7,e39ac441-0c7c-4189-9ea7-107a39eb9b81,1,5022.567164
2026/02/05/00:43:16,apply-time,rs-004844-59k6s,87b1d8f0-fb24-4a59-9547-fda07a3f7203,1,5022.567164
2026/02/05/00:43:18,running-time,rs-004837-cplgk,b39def41-cc99-4948-adae-57da91ced7f1,1,5025.567164
2026/02/05/00:43:19,apply-time,rs-004845-2hf2v,45a74d8d-84f2-4aa2-a3d7-7f70b39a32d6,1,5025.567164
2026/02/05/00:43:19,apply-time,rs-004845-g95j2,d93853c7-026e-438f-a527-48c24ccccbd2,1,5025.567164
2026/02/05/00:43:19,running-time,rs-004845-g95j2,d93853c7-026e-438f-a527-48c24ccccbd2,1,5025.567164
2026/02/05/00:43:19,apply-time,rs-004845-qjmf4,8eb1751e-d521-4aab-a813-99d1e114947e,1,5025.567164
2026/02/05/00:43:19,apply-time,rs-004846-5pwfp,d18b9178-ba81-4d1e-abfa-f19abb8175a9,1,5025.567164
2026/02/05/00:43:19,running-time,rs-004846-5pwfp,d18b9178-ba81-4d1e-abfa-f19abb8175a9,1,5025.567164
2026/02/05/00:43:19,apply-time,rs-004846-7sm7z,bad899dd-e3b8-4fa5-bc6c-762d4de9d1ba,1,5025.567164
2026/02/05/00:43:19,running-time,rs-004846-7sm7z,bad899dd-e3b8-4fa5-bc6c-762d4de9d1ba,1,5025.567164
2026/02/05/00:43:19,apply-time,rs-004846-gqnf4,7f3b0c2b-7c56-4457-bd99-d765cd0d7a30,1,5025.567164
2026/02/05/00:43:19,running-time,rs-004846-gqnf4,7f3b0c2b-7c56-4457-bd99-d765cd0d7a30,1,5025.567164
2026/02/05/00:43:19,apply-time,rs-004847-bwmfn,c7548e4b-7d35-44db-ad04-a47d8464ca68,1,5026.567164
2026/02/05/00:43:19,apply-time,rs-004847-rj5x4,2ad98927-4de1-4d0e-a676-fd61061d4075,1,5026.567164
2026/02/05/00:43:19,running-time,rs-004847-rj5x4,2ad98927-4de1-4d0e-a676-fd61061d4075,1,5026.567164
2026/02/05/00:43:19,apply-time,rs-004848-n9xq9,dfdb4b0d-db48-41a6-aca1-14f8574f9fac,1,5026.567164
2026/02/05/00:43:19,running-time,rs-004848-n9xq9,dfdb4b0d-db48-41a6-aca1-14f8574f9fac,1,5026.567164
2026/02/05/00:43:19,apply-time,rs-004848-qnc92,ebe11e6a-f269-43c5-bf5b-6cc4ed7e6432,1,5026.567164
2026/02/05/00:43:19,running-time,rs-004848-qnc92,ebe11e6a-f269-43c5-bf5b-6cc4ed7e6432,1,5026.567164
2026/02/05/00:43:20,running-time,rs-004847-bwmfn,c7548e4b-7d35-44db-ad04-a47d8464ca68,1,5027.567164
2026/02/05/00:43:20,apply-time,rs-004849-jbkgc,a175f353-d4f7-40f4-ba1a-4d93ef9b760b,1,5026.567164
2026/02/05/00:43:20,apply-time,rs-004850-dm769,9e45a50a-9e90-47e0-a466-2709264d85c2,1,5026.567164
2026/02/05/00:43:20,apply-time,rs-004851-6zzbs,71d09041-2faa-418c-a487-97527e1f8018,1,5026.567164
2026/02/05/00:43:20,apply-time,rs-004851-glxm6,e2bba1a9-7e6a-498f-9aeb-f6c85c854682,1,5026.567164
2026/02/05/00:43:20,apply-time,rs-004851-kv4mv,3a36a552-8d1d-4cac-be43-4d8e072b8632,1,5026.567164
2026/02/05/00:43:20,apply-time,rs-004852-d5mnb,192bd8d5-b3fe-464e-940b-b88b002a6c64,1,5026.567164
2026/02/05/00:43:20,apply-time,rs-004852-jcgg5,fc7274aa-c6f2-4008-b18b-d9b29be19afe,1,5026.567164
2026/02/05/00:43:22,running-time,rs-004849-jbkgc,a175f353-d4f7-40f4-ba1a-4d93ef9b760b,1,5028.567164
2026/02/05/00:43:22,running-time,rs-004850-dm769,9e45a50a-9e90-47e0-a466-2709264d85c2,1,5028.567164
2026/02/05/00:43:22,running-time,rs-004851-glxm6,e2bba1a9-7e6a-498f-9aeb-f6c85c854682,1,5028.567164
2026/02/05/00:43:25,apply-time,rs-004853-rhcbq,94ac4b74-34c1-46e2-a864-70b4c2d3c64d,1,5031.567164
2026/02/05/00:43:25,apply-time,rs-004854-76bt9,a747049c-5b8e-4086-8597-e1edd79c0041,1,5031.567164
2026/02/05/00:43:25,apply-time,rs-004854-mhnkj,5de16121-5eaf-4176-88de-c3b11dc69be5,1,5031.567164
2026/02/05/00:43:25,apply-time,rs-004855-hnbgg,5447e9d0-efd4-408b-9573-dbc7b255eea8,1,5031.567164
2026/02/05/00:43:25,apply-time,rs-004855-jghp5,b1df2cf0-523b-464d-abb7-03d11acb511d,1,5031.567164
2026/02/05/00:43:25,running-time,rs-004855-jghp5,b1df2cf0-523b-464d-abb7-03d11acb511d,1,5031.567164
2026/02/05/00:43:25,apply-time,rs-004855-kzj48,e415c583-db71-4158-b53f-95be48389120,1,5031.567164
2026/02/05/00:43:25,apply-time,rs-004856-5j2mf,ecb3f510-44e2-4790-bb2c-e89c0531999a,1,5031.567164
2026/02/05/00:43:25,apply-time,rs-004857-htfw8,0a628522-bbfc-4c5f-bcb3-4021d2adb22b,1,5031.567164
2026/02/05/00:43:25,apply-time,rs-004857-tmgwn,18e5cce6-905e-462e-af47-66497080e9c3,1,5031.567164
2026/02/05/00:43:27,running-time,rs-004851-6zzbs,71d09041-2faa-418c-a487-97527e1f8018,1,5033.567164
2026/02/05/00:43:28,running-time,rs-004855-hnbgg,5447e9d0-efd4-408b-9573-dbc7b255eea8,1,5034.567164
2026/02/05/00:43:28,running-time,rs-004857-htfw8,0a628522-bbfc-4c5f-bcb3-4021d2adb22b,1,5035.567164
2026/02/05/00:43:28,running-time,rs-004857-tmgwn,18e5cce6-905e-462e-af47-66497080e9c3,1,5035.567164
2026/02/05/00:43:29,running-time,rs-004854-mhnkj,5de16121-5eaf-4176-88de-c3b11dc69be5,1,5035.567164
2026/02/05/00:43:31,running-time,rs-004855-kzj48,e415c583-db71-4158-b53f-95be48389120,1,5037.567164
2026/02/05/00:43:31,apply-time,rs-004858-4bq4z,8cbf33bd-8f2a-487b-9a28-f2e67d9f3d2b,1,5038.567164
2026/02/05/00:43:31,apply-time,rs-004859-2tqwg,a0b4ad86-3b47-4d73-b334-49fe76de7664,1,5038.567164
2026/02/05/00:43:31,running-time,rs-004859-2tqwg,a0b4ad86-3b47-4d73-b334-49fe76de7664,1,5038.567164
2026/02/05/00:43:31,apply-time,rs-004859-wbb58,3bc53256-fd20-4836-859f-d488edcdb8bd,1,5038.567164
2026/02/05/00:43:31,running-time,rs-004859-wbb58,3bc53256-fd20-4836-859f-d488edcdb8bd,1,5038.567164
2026/02/05/00:43:31,apply-time,rs-004859-z4xp4,19328c73-acc5-4917-a403-f891b19c8246,1,5038.567164
2026/02/05/00:43:31,apply-time,rs-004860-bs9zv,20b5a924-74f1-465b-8e34-70a4d4f3b669,1,5038.567164
2026/02/05/00:43:31,apply-time,rs-004860-sznc5,5a36a180-ee7d-4c02-8651-d7784c05037e,1,5038.567164
2026/02/05/00:43:31,apply-time,rs-004860-x86zf,3fdacd4e-63bb-4f0f-bab4-5e67728fa8ab,1,5038.567164
2026/02/05/00:43:32,running-time,rs-004859-z4xp4,19328c73-acc5-4917-a403-f891b19c8246,1,5038.567164
2026/02/05/00:43:32,running-time,rs-004860-bs9zv,20b5a924-74f1-465b-8e34-70a4d4f3b669,1,5038.567164
2026/02/05/00:43:32,running-time,rs-004860-sznc5,5a36a180-ee7d-4c02-8651-d7784c05037e,1,5038.567164
2026/02/05/00:43:32,running-time,rs-004860-x86zf,3fdacd4e-63bb-4f0f-bab4-5e67728fa8ab,1,5039.567164
2026/02/05/00:43:32,apply-time,rs-004861-72rqx,99a0f46e-11a5-4e08-90b8-8460949e123e,1,5038.567164
2026/02/05/00:43:32,apply-time,rs-004861-dkkts,76e9f1d7-e8f1-414e-a9c5-165f8ea26b62,1,5038.567164
2026/02/05/00:43:32,apply-time,rs-004862-qchx6,7fae71e6-6ebe-49f8-8a99-b17a2caf8bec,1,5038.567164
2026/02/05/00:43:32,apply-time,rs-004863-n9cj6,56da4b10-d0b4-4f98-9c4e-a0f696db028c,1,5038.567164
2026/02/05/00:43:32,apply-time,rs-004863-tgb4h,2dbc1e8b-8116-4ec4-b7a5-a593a536d68f,1,5038.567164
2026/02/05/00:43:32,apply-time,rs-004864-4vzwp,89beaa44-3107-4b14-8a54-87bb0e234a81,1,5039.567164
2026/02/05/00:43:32,apply-time,rs-004864-k8c4s,3afbb6d1-5775-45b8-a6fc-76ea77bed174,1,5039.567164
2026/02/05/00:43:32,apply-time,rs-004864-vx97t,6ca6c156-eda0-4076-899d-6b65afe9e675,1,5038.567164
2026/02/05/00:43:32,apply-time,rs-004865-tvggv,c1ccb15c-ebef-4a92-84e5-6e9f8244cfb9,1,5039.567164
2026/02/05/00:43:33,apply-time,rs-004866-69l8x,f5a15cd1-66aa-48e0-82a6-41014edb7308,1,5039.567164
2026/02/05/00:43:33,apply-time,rs-004866-w7zfm,a7e3abf5-fb8c-4e40-9a56-87658c89c73b,1,5039.567164
2026/02/05/00:43:34,running-time,rs-004866-69l8x,f5a15cd1-66aa-48e0-82a6-41014edb7308,1,5041.567164
2026/02/05/00:43:34,running-time,rs-004866-w7zfm,a7e3abf5-fb8c-4e40-9a56-87658c89c73b,1,5041.567164
2026/02/05/00:43:35,running-time,rs-004858-4bq4z,8cbf33bd-8f2a-487b-9a28-f2e67d9f3d2b,1,5042.567164
2026/02/05/00:43:35,running-time,rs-004862-qchx6,7fae71e6-6ebe-49f8-8a99-b17a2caf8bec,1,5042.567164
2026/02/05/00:43:36,running-time,rs-004851-kv4mv,3a36a552-8d1d-4cac-be43-4d8e072b8632,1,5042.567164
2026/02/05/00:43:39,apply-time,rs-004867-hqnw5,545ae533-a8fd-4e93-a23a-7b6569556b14,1,5045.567164
2026/02/05/00:43:39,apply-time,rs-004867-jvqcj,d499a745-1d51-4935-a20c-fca0d8a4c947,1,5045.567164
2026/02/05/00:43:39,apply-time,rs-004867-rwbfd,b1e152e5-fe90-44b1-863f-1e444a149f85,1,5045.567164
2026/02/05/00:43:39,running-time,rs-004867-rwbfd,b1e152e5-fe90-44b1-863f-1e444a149f85,1,5046.567164
2026/02/05/00:43:39,apply-time,rs-004868-82wjr,4a71ea5a-f5f7-4c5a-986e-3854bf355c93,1,5045.567164
2026/02/05/00:43:39,running-time,rs-004868-82wjr,4a71ea5a-f5f7-4c5a-986e-3854bf355c93,1,5045.567164
2026/02/05/00:43:39,apply-time,rs-004868-lbljs,0c6b4386-a5c6-4622-ac49-0a589fe81fab,1,5045.567164
2026/02/05/00:43:39,running-time,rs-004868-lbljs,0c6b4386-a5c6-4622-ac49-0a589fe81fab,1,5045.567164
2026/02/05/00:43:39,apply-time,rs-004869-7lng4,9e32908d-6c9f-4186-ad92-1765f3add61b,1,5045.567164
2026/02/05/00:43:39,running-time,rs-004869-7lng4,9e32908d-6c9f-4186-ad92-1765f3add61b,1,5046.567164
2026/02/05/00:43:39,apply-time,rs-004870-b6tf6,a64dc81b-c09e-4638-9d25-5994b4e37ed1,1,5045.567164
2026/02/05/00:43:39,running-time,rs-004870-b6tf6,a64dc81b-c09e-4638-9d25-5994b4e37ed1,1,5046.567164
2026/02/05/00:43:40,apply-time,rs-004871-dxjrn,bc7c1c20-48be-41d2-b3ed-d83b4234c4be,1,5046.567164
2026/02/05/00:43:42,running-time,rs-004871-dxjrn,bc7c1c20-48be-41d2-b3ed-d83b4234c4be,1,5048.567164
2026/02/05/00:43:45,apply-time,rs-004872-br89s,9811c2d1-7968-4838-b45a-d789c2d85d02,1,5051.567164
2026/02/05/00:43:45,running-time,rs-004872-br89s,9811c2d1-7968-4838-b45a-d789c2d85d02,1,5052.567164
2026/02/05/00:43:45,apply-time,rs-004873-g2jtv,ac555bfc-2f60-4b06-86ef-8c5243bf9813,1,5051.567164
2026/02/05/00:43:45,running-time,rs-004873-g2jtv,ac555bfc-2f60-4b06-86ef-8c5243bf9813,1,5051.567164
2026/02/05/00:43:48,apply-time,rs-004874-5msrv,1d3b8999-ba60-47d0-8192-e024b6daacbd,1,5055.567164
2026/02/05/00:43:48,running-time,rs-004874-5msrv,1d3b8999-ba60-47d0-8192-e024b6daacbd,1,5055.567164
2026/02/05/00:43:48,apply-time,rs-004874-km9pw,456ede9a-fc68-4b15-95ec-12d2dd1df3c7,1,5055.567164
2026/02/05/00:43:48,running-time,rs-004874-km9pw,456ede9a-fc68-4b15-95ec-12d2dd1df3c7,1,5055.567164
2026/02/05/00:43:48,apply-time,rs-004874-q5cvv,023c8fbb-7fed-4e58-8018-b2dd532887ec,1,5055.567164
2026/02/05/00:43:48,running-time,rs-004874-q5cvv,023c8fbb-7fed-4e58-8018-b2dd532887ec,1,5055.567164
2026/02/05/00:43:53,apply-time,rs-004875-sl2dc,ff62cf01-bd29-458e-8602-5c1bbfeecb57,1,5060.567164
2026/02/05/00:43:53,running-time,rs-004875-sl2dc,ff62cf01-bd29-458e-8602-5c1bbfeecb57,1,5060.567164
2026/02/05/00:43:53,apply-time,rs-004875-wk6t5,0376363d-c401-4099-a385-037334956689,1,5060.567164
2026/02/05/00:43:53,running-time,rs-004875-wk6t5,0376363d-c401-4099-a385-037334956689,1,5060.567164
2026/02/05/00:43:53,apply-time,rs-004876-fhdr4,08091b96-8e5a-4d49-9446-9231ad4ef682,1,5060.567164
2026/02/05/00:43:53,running-time,rs-004876-fhdr4,08091b96-8e5a-4d49-9446-9231ad4ef682,1,5060.567164
2026/02/05/00:43:53,apply-time,rs-004877-k8r8h,50671cf3-4df1-4d71-b04a-344782310c59,1,5060.567164
2026/02/05/00:43:53,running-time,rs-004877-k8r8h,50671cf3-4df1-4d71-b04a-344782310c59,1,5060.567164
2026/02/05/00:43:53,apply-time,rs-004877-p6jbs,74bdae02-6ea6-4a08-9ce9-96f5a4d699bf,1,5060.567164
2026/02/05/00:43:53,running-time,rs-004877-p6jbs,74bdae02-6ea6-4a08-9ce9-96f5a4d699bf,1,5060.567164
2026/02/05/00:43:57,apply-time,rs-004878-5zdwc,3d177c0a-9bd4-4ddb-b1c8-843d0cd68ad9,1,5063.567164
2026/02/05/00:43:57,apply-time,rs-004878-rjq98,39f15a97-79f1-4f2e-9c9f-bc0dc14885bb,1,5063.567164
2026/02/05/00:43:57,apply-time,rs-004878-z2mhm,f0e7569c-4a14-4427-8c2c-5aa64ed3d25c,1,5063.567164
2026/02/05/00:43:57,apply-time,rs-004879-px4w9,c9f6789e-ca15-4f7a-a4f1-94eaf9af00d2,1,5063.567164
2026/02/05/00:43:57,running-time,rs-004879-px4w9,c9f6789e-ca15-4f7a-a4f1-94eaf9af00d2,1,5063.567164
2026/02/05/00:43:57,apply-time,rs-004880-2tjfh,c415bbd3-ad6e-40de-95eb-8f5a6fb8273b,1,5064.567164
2026/02/05/00:43:57,apply-time,rs-004880-cf5n8,763655b8-44c7-447f-b9f9-932d6a2d5758,1,5064.567164
2026/02/05/00:43:57,apply-time,rs-004880-ldjhn,7c10e92e-39b3-4419-b446-92b6171f1cc0,1,5064.567164
2026/02/05/00:43:58,running-time,rs-004880-2tjfh,c415bbd3-ad6e-40de-95eb-8f5a6fb8273b,1,5064.567164
2026/02/05/00:43:58,apply-time,rs-004881-gbcc4,02cab424-b392-4485-830c-391e4e0b5eb7,1,5064.567164
2026/02/05/00:43:58,running-time,rs-004881-gbcc4,02cab424-b392-4485-830c-391e4e0b5eb7,1,5064.567164
2026/02/05/00:43:58,apply-time,rs-004882-cgrr9,5da6cd0b-f070-4cca-9ca5-b8a1b6aeaa75,1,5064.567164
2026/02/05/00:43:58,apply-time,rs-004883-5ndhv,f16501cf-f999-42a6-8b2e-125f20a67b9a,1,5064.567164
2026/02/05/00:43:58,running-time,rs-004883-5ndhv,f16501cf-f999-42a6-8b2e-125f20a67b9a,1,5064.567164
2026/02/05/00:43:59,apply-time,rs-004884-gk46l,663352c7-b0aa-42ed-a371-91a16e3f5f6c,1,5065.567164
2026/02/05/00:43:59,running-time,rs-004884-gk46l,663352c7-b0aa-42ed-a371-91a16e3f5f6c,1,5065.567164
2026/02/05/00:43:59,apply-time,rs-004885-js9bb,ebc9af2e-b940-4765-aae4-94ff3da8e1be,1,5065.567164
2026/02/05/00:43:59,apply-time,rs-004886-4rxph,be824b6d-cca0-40b7-af75-e13862a63d7f,1,5065.567164
2026/02/05/00:43:59,apply-time,rs-004886-gqff9,5d8d6113-9219-42e5-8ab9-9e3de9c815f6,1,5065.567164
2026/02/05/00:43:59,apply-time,rs-004886-zk2gk,59bb09dd-0439-467c-975a-97ab17f7e1cf,1,5065.567164
2026/02/05/00:43:59,apply-time,rs-004887-4dmbt,6e39c65c-5cb6-4a61-b474-63bd5028ac73,1,5065.567164
2026/02/05/00:43:59,running-time,rs-004887-4dmbt,6e39c65c-5cb6-4a61-b474-63bd5028ac73,1,5065.567164
2026/02/05/00:43:59,apply-time,rs-004887-cbhqj,382d8a43-9661-4458-b577-c58bc7399e90,1,5065.567164
2026/02/05/00:43:59,apply-time,rs-004888-9bsxv,2530a999-2064-470e-a6fa-d425300adfc7,1,5066.567164
2026/02/05/00:43:59,running-time,rs-004888-9bsxv,2530a999-2064-470e-a6fa-d425300adfc7,1,5066.567164
2026/02/05/00:43:59,apply-time,rs-004888-s62bw,d79179da-034d-40ed-bb50-8fd9ef314204,1,5066.567164
2026/02/05/00:43:59,running-time,rs-004888-s62bw,d79179da-034d-40ed-bb50-8fd9ef314204,1,5066.567164
2026/02/05/00:43:59,apply-time,rs-004890-rcl6k,f3cdba36-8be3-46c0-bd04-ed920b6b21a2,1,5066.567164
2026/02/05/00:44:00,running-time,rs-004887-cbhqj,382d8a43-9661-4458-b577-c58bc7399e90,1,5067.567164
2026/02/05/00:44:00,apply-time,rs-004889-6g7kl,3ec40e69-dbe8-4f23-a48e-07fa9aac89a0,1,5066.567164
2026/02/05/00:44:00,running-time,rs-004889-6g7kl,3ec40e69-dbe8-4f23-a48e-07fa9aac89a0,1,5067.567164
2026/02/05/00:44:00,apply-time,rs-004890-gxnf5,516042b2-572f-4e64-b3dd-6bf92e6624dd,1,5066.567164
2026/02/05/00:44:00,apply-time,rs-004890-qpszc,32978747-2adf-400a-8ff5-b99a495c6656,1,5066.567164
2026/02/05/00:44:00,apply-time,rs-004891-chrjp,8528da1e-902e-4f32-9e78-48e7f371d772,1,5066.567164
2026/02/05/00:44:00,apply-time,rs-004891-t9nxd,5691a6fe-d117-4616-961d-eaf7a345907e,1,5066.567164
2026/02/05/00:44:00,apply-time,rs-004891-vz77k,d0ff6007-5cb2-42db-8e40-8484fd1739c4,1,5066.567164
2026/02/05/00:44:00,apply-time,rs-004892-rg9m4,635e0edc-4fb9-4ed1-ac08-21b2a2c49d98,1,5066.567164
2026/02/05/00:44:00,apply-time,rs-004893-j66tp,c71de1b6-2088-454c-9b02-3da067c5c762,1,5067.567164
2026/02/05/00:44:00,apply-time,rs-004893-k4lkq,4c1dc495-daf8-46f0-8e69-95201cc6f98e,1,5066.567164
2026/02/05/00:44:00,apply-time,rs-004894-6cs87,ac8610b5-4a57-4a1e-ae01-a46ac0a8a994,1,5067.567164
2026/02/05/00:44:00,apply-time,rs-004895-9qcgd,bd364dfc-17bb-4998-81b1-9dee64fbeb5e,1,5067.567164
2026/02/05/00:44:00,apply-time,rs-004896-zkm2x,c00e9f37-3ed5-4fc3-ae74-85b2a77c06ce,1,5067.567164
2026/02/05/00:44:01,running-time,rs-004890-gxnf5,516042b2-572f-4e64-b3dd-6bf92e6624dd,1,5068.567164
2026/02/05/00:44:01,running-time,rs-004893-j66tp,c71de1b6-2088-454c-9b02-3da067c5c762,1,5067.567164
2026/02/05/00:44:01,apply-time,rs-004895-4kc4h,3cc752bf-adc5-457b-825a-2eda3063b509,1,5067.567164
2026/02/05/00:44:01,running-time,rs-004895-9qcgd,bd364dfc-17bb-4998-81b1-9dee64fbeb5e,1,5067.567164
2026/02/05/00:44:01,apply-time,rs-004895-pp8n4,2d4a7597-0431-4e45-bb45-c884178b209c,1,5067.567164
2026/02/05/00:44:01,apply-time,rs-004896-vqmnb,2e7a4bfb-8128-401b-8458-0297da10641f,1,5067.567164
2026/02/05/00:44:01,running-time,rs-004896-vqmnb,2e7a4bfb-8128-401b-8458-0297da10641f,1,5068.567164
2026/02/05/00:44:01,running-time,rs-004896-zkm2x,c00e9f37-3ed5-4fc3-ae74-85b2a77c06ce,1,5067.567164
2026/02/05/00:44:01,apply-time,rs-004897-z4x7k,48a55780-f51e-4e1e-ae73-9c75bdc4a742,1,5067.567164
2026/02/05/00:44:01,apply-time,rs-004898-f4qrv,6ec51557-615d-4f2b-bf37-1e84c9fe0ade,1,5067.567164
2026/02/05/00:44:01,apply-time,rs-004898-hdwsw,88e857a0-cd31-4a00-bb12-4f7d780fdd84,1,5068.567164
2026/02/05/00:44:01,apply-time,rs-004899-7729l,9a654641-7878-4e68-8164-f900eee6eef5,1,5067.567164
2026/02/05/00:44:01,apply-time,rs-004899-jzbdx,3dec59b1-5020-4623-b8bb-3f818081f1f1,1,5068.567164
2026/02/05/00:44:01,apply-time,rs-004900-wm8s7,b35ef31e-8f6e-4325-8ba1-642011ed6ebd,1,5068.567164
2026/02/05/00:44:02,running-time,rs-004890-qpszc,32978747-2adf-400a-8ff5-b99a495c6656,1,5068.567164
2026/02/05/00:44:02,running-time,rs-004890-rcl6k,f3cdba36-8be3-46c0-bd04-ed920b6b21a2,1,5068.567164
2026/02/05/00:44:02,running-time,rs-004891-t9nxd,5691a6fe-d117-4616-961d-eaf7a345907e,1,5068.567164
2026/02/05/00:44:02,running-time,rs-004891-vz77k,d0ff6007-5cb2-42db-8e40-8484fd1739c4,1,5068.567164
2026/02/05/00:44:02,running-time,rs-004895-4kc4h,3cc752bf-adc5-457b-825a-2eda3063b509,1,5068.567164
2026/02/05/00:44:02,running-time,rs-004895-pp8n4,2d4a7597-0431-4e45-bb45-c884178b209c,1,5068.567164
2026/02/05/00:44:02,apply-time,rs-004900-xdftp,58dba2e8-be86-406e-96b2-0d2c22f6a636,1,5068.567164
2026/02/05/00:44:02,apply-time,rs-004901-9q77v,0f4a1014-b42c-4405-81f2-fa23f5cb3fe2,1,5069.567164
2026/02/05/00:44:02,apply-time,rs-004902-ks65w,3e7a86b7-b5a7-45e9-baae-4dc91c36bc1f,1,5069.567164
2026/02/05/00:44:02,apply-time,rs-004902-ssj6t,b874b1d5-5508-43f8-b46c-cf8f9a6bf644,1,5069.567164
2026/02/05/00:44:02,apply-time,rs-004903-rbf58,5de3843b-1dec-4abd-8d61-eeec822798d2,1,5069.567164
2026/02/05/00:44:02,apply-time,rs-004904-zpsv9,edf66abb-7eb2-40ee-9636-f8686b2c5585,1,5068.567164
2026/02/05/00:44:02,running-time,rs-004904-zpsv9,edf66abb-7eb2-40ee-9636-f8686b2c5585,1,5068.567164
2026/02/05/00:44:02,apply-time,rs-004905-jtv8m,aee7e3cd-acbe-418d-b588-dc4801d23e42,1,5068.567164
2026/02/05/00:44:02,running-time,rs-004905-jtv8m,aee7e3cd-acbe-418d-b588-dc4801d23e42,1,5069.567164
2026/02/05/00:44:03,apply-time,rs-004902-tmnv7,76c93bd7-21de-4b40-ac0f-2a8ced84ed85,1,5069.567164
2026/02/05/00:44:03,running-time,rs-004903-rbf58,5de3843b-1dec-4abd-8d61-eeec822798d2,1,5070.567164
2026/02/05/00:44:03,apply-time,rs-004906-r48ld,e2c11cdc-c6f8-4b88-a2cb-7d351f9df0ad,1,5069.567164
2026/02/05/00:44:03,apply-time,rs-004907-57wv2,4894763a-227d-4d56-82fb-2b3c7ed51eac,1,5069.567164
2026/02/05/00:44:03,running-time,rs-004907-57wv2,4894763a-227d-4d56-82fb-2b3c7ed51eac,1,5069.567164
2026/02/05/00:44:03,apply-time,rs-004907-q9htn,77b8bf94-40b8-4b70-8ac4-95f3031c2c36,1,5069.567164
2026/02/05/00:44:03,running-time,rs-004907-q9htn,77b8bf94-40b8-4b70-8ac4-95f3031c2c36,1,5070.567164
2026/02/05/00:44:03,apply-time,rs-004908-5r5w6,eb190eaf-4f95-4612-9d4b-a2cad040ea30,1,5070.567164
2026/02/05/00:44:04,running-time,rs-004892-rg9m4,635e0edc-4fb9-4ed1-ac08-21b2a2c49d98,1,5070.567164
2026/02/05/00:44:04,running-time,rs-004897-z4x7k,48a55780-f51e-4e1e-ae73-9c75bdc4a742,1,5070.567164
2026/02/05/00:44:04,apply-time,rs-004908-6qjvm,2fb59b70-701e-42d4-aed9-9de17d21c575,1,5070.567164
2026/02/05/00:44:04,apply-time,rs-004908-wf4vn,29cac52b-b793-4cd5-8fe0-70f0ef9929f5,1,5070.567164
2026/02/05/00:44:04,running-time,rs-004908-wf4vn,29cac52b-b793-4cd5-8fe0-70f0ef9929f5,1,5070.567164
2026/02/05/00:44:04,apply-time,rs-004909-82zrl,a092d8d9-a6dd-4bec-8bb2-324daf494ef4,1,5070.567164
2026/02/05/00:44:04,running-time,rs-004909-82zrl,a092d8d9-a6dd-4bec-8bb2-324daf494ef4,1,5070.567164
2026/02/05/00:44:04,apply-time,rs-004910-gxmxm,e2634e5d-ea10-4a03-8bfa-01ffa8ed5166,1,5070.567164
2026/02/05/00:44:04,apply-time,rs-004910-jxz8r,cc1aa19e-ca2d-4ca9-9154-84e40491101a,1,5070.567164
2026/02/05/00:44:04,apply-time,rs-004910-w6zvm,4d2151b4-2919-47f4-9e2f-022382c5b330,1,5070.567164
2026/02/05/00:44:04,apply-time,rs-004911-48jpp,da396f27-d7fb-4ade-9a3f-860c47e6605e,1,5071.567164
2026/02/05/00:44:04,apply-time,rs-004911-bzh52,7a2e9d65-6e03-44f1-be99-166a43c8f6c0,1,5071.567164
2026/02/05/00:44:04,running-time,rs-004911-bzh52,7a2e9d65-6e03-44f1-be99-166a43c8f6c0,1,5071.567164
2026/02/05/00:44:04,apply-time,rs-004911-vbgn4,1d893af8-87c9-49a7-96ce-2fb931ece258,1,5070.567164
2026/02/05/00:44:04,running-time,rs-004911-vbgn4,1d893af8-87c9-49a7-96ce-2fb931ece258,1,5070.567164
2026/02/05/00:44:04,apply-time,rs-004912-hvhcl,1b7cc716-a9e8-4e6e-a7d1-0a4f85e597aa,1,5071.567164
2026/02/05/00:44:04,apply-time,rs-004913-h2wxs,5d21f326-10f9-47fd-b135-f450a6fa2a68,1,5071.567164
2026/02/05/00:44:04,running-time,rs-004913-h2wxs,5d21f326-10f9-47fd-b135-f450a6fa2a68,1,5071.567164
2026/02/05/00:44:05,running-time,rs-004911-48jpp,da396f27-d7fb-4ade-9a3f-860c47e6605e,1,5071.567164
2026/02/05/00:44:05,running-time,rs-004912-hvhcl,1b7cc716-a9e8-4e6e-a7d1-0a4f85e597aa,1,5072.567164
2026/02/05/00:44:05,apply-time,rs-004912-zvk6b,42d8fcb3-7584-4fb4-ad15-bf192eb844f9,1,5071.567164
2026/02/05/00:44:05,apply-time,rs-004917-w44bw,24061c23-af51-4a89-b7f3-5596d798dd2c,1,5072.567164
2026/02/05/00:44:05,running-time,rs-004917-w44bw,24061c23-af51-4a89-b7f3-5596d798dd2c,1,5072.567164
2026/02/05/00:44:05,apply-time,rs-004918-kf2xx,e56973c8-6e67-42f5-8bce-a0d0cb5d2e6b,1,5072.567164
2026/02/05/00:44:05,running-time,rs-004918-kf2xx,e56973c8-6e67-42f5-8bce-a0d0cb5d2e6b,1,5072.567164
2026/02/05/00:44:06,apply-time,rs-004918-pzndv,34be3349-5bfc-48ac-a08e-0fa23c89e6b8,1,5072.567164
2026/02/05/00:44:06,running-time,rs-004918-pzndv,34be3349-5bfc-48ac-a08e-0fa23c89e6b8,1,5072.567164
2026/02/05/00:44:06,apply-time,rs-004918-sgw4d,c23b79d5-11e5-4c96-85b6-5f508b4ae3a9,1,5072.567164
2026/02/05/00:44:06,running-time,rs-004918-sgw4d,c23b79d5-11e5-4c96-85b6-5f508b4ae3a9,1,5072.567164
2026/02/05/00:44:06,apply-time,rs-004919-mbsqw,9d883a27-4243-4027-8043-51413db93284,1,5072.567164
2026/02/05/00:44:06,running-time,rs-004919-mbsqw,9d883a27-4243-4027-8043-51413db93284,1,5072.567164
2026/02/05/00:44:06,apply-time,rs-004922-57www,b645999e-1c85-4ab7-bbcc-92094e79c061,1,5073.567164
2026/02/05/00:44:06,apply-time,rs-004922-wqsrh,418504fa-ec63-47f4-a1b5-937b5745caec,1,5072.567164
2026/02/05/00:44:06,apply-time,rs-004924-jvzg2,c8da2364-e0a0-4bfb-9c0c-21638caae204,1,5073.567164
2026/02/05/00:44:07,running-time,rs-004912-zvk6b,42d8fcb3-7584-4fb4-ad15-bf192eb844f9,1,5074.567164
2026/02/05/00:44:07,running-time,rs-004922-57www,b645999e-1c85-4ab7-bbcc-92094e79c061,1,5073.567164
2026/02/05/00:44:07,running-time,rs-004922-wqsrh,418504fa-ec63-47f4-a1b5-937b5745caec,1,5073.567164
2026/02/05/00:44:07,running-time,rs-004924-jvzg2,c8da2364-e0a0-4bfb-9c0c-21638caae204,1,5073.567164
2026/02/05/00:44:07,apply-time,rs-004927-8bsn6,9a37cd07-8134-4421-a6a0-9d80f76991c2,1,5073.567164
2026/02/05/00:44:07,apply-time,rs-004929-nflx7,862585c0-2d64-46c6-8520-db152dc3060f,1,5073.567164
2026/02/05/00:44:07,running-time,rs-004929-nflx7,862585c0-2d64-46c6-8520-db152dc3060f,1,5073.567164
2026/02/05/00:44:07,apply-time,rs-004930-26nrn,0b1348cb-fed8-4d83-b32e-2b43f030febd,1,5073.567164
2026/02/05/00:44:08,apply-time,rs-004931-5qxgq,02b486ed-145f-4461-8651-56d960b9c904,1,5074.567164
2026/02/05/00:44:08,running-time,rs-004931-5qxgq,02b486ed-145f-4461-8651-56d960b9c904,1,5074.567164
2026/02/05/00:44:08,apply-time,rs-004931-xgwwn,3af509be-ab4c-4b2a-934e-83819f9fe422,1,5074.567164
2026/02/05/00:44:08,running-time,rs-004931-xgwwn,3af509be-ab4c-4b2a-934e-83819f9fe422,1,5075.567164
2026/02/05/00:44:08,apply-time,rs-004932-6nplq,bf91faf6-0079-4626-a69e-130b85ec9ac1,1,5074.567164
2026/02/05/00:44:08,running-time,rs-004932-6nplq,bf91faf6-0079-4626-a69e-130b85ec9ac1,1,5074.567164
2026/02/05/00:44:08,apply-time,rs-004932-dtclt,fda9a2f0-856e-49cc-9e05-4fbda0d982b1,1,5074.567164
2026/02/05/00:44:08,apply-time,rs-004933-2b58z,7d753448-f157-4247-98d8-5a2d50f3f3b6,1,5074.567164
2026/02/05/00:44:08,apply-time,rs-004934-9kczm,743c96ff-3932-46ba-a206-ad2306fe8729,1,5074.567164
2026/02/05/00:44:08,apply-time,rs-004934-jc2sc,b7d260a7-d51c-431e-8060-25e85f0768fa,1,5074.567164
2026/02/05/00:44:08,apply-time,rs-004934-k5zsx,f73427e8-37b3-4619-a0d6-b9685b7b3372,1,5074.567164
2026/02/05/00:44:08,running-time,rs-004934-k5zsx,f73427e8-37b3-4619-a0d6-b9685b7b3372,1,5074.567164
2026/02/05/00:44:09,apply-time,rs-004935-rgd4d,bc451e87-5ee3-4a93-80dd-89746dddcaba,1,5075.567164
2026/02/05/00:44:09,apply-time,rs-004935-t7rs4,a1da165a-8ab8-4e51-b6e2-09455a0fb4aa,1,5075.567164
2026/02/05/00:44:09,apply-time,rs-004935-wsgjz,a886429e-a323-4dd8-8642-0df5d5958619,1,5076.567164
2026/02/05/00:44:09,apply-time,rs-004936-7m894,1fca846e-bb44-477d-8355-207eb7d4b6d3,1,5075.567164
2026/02/05/00:44:09,apply-time,rs-004937-t8528,ccb38a9a-ef51-4978-983f-d5b8af3bfb64,1,5075.567164
2026/02/05/00:44:09,apply-time,rs-004938-z7dkq,10c61dd2-b776-445c-8060-583586fa06c7,1,5075.567164
2026/02/05/00:44:09,apply-time,rs-004939-gv26n,064f6fda-9485-4a0d-8e1d-f6ee738155fd,1,5076.567164
2026/02/05/00:44:09,apply-time,rs-004939-p5tc5,70a171bd-6c44-4a7a-b26b-22fa4c3566c4,1,5075.567164
2026/02/05/00:44:09,apply-time,rs-004939-wtqfq,99ddf39b-ecca-4dac-a5c8-d7036f9563eb,1,5076.567164
2026/02/05/00:44:10,running-time,rs-004935-rgd4d,bc451e87-5ee3-4a93-80dd-89746dddcaba,1,5076.567164
2026/02/05/00:44:10,running-time,rs-004937-t8528,ccb38a9a-ef51-4978-983f-d5b8af3bfb64,1,5076.567164
2026/02/05/00:44:10,running-time,rs-004939-gv26n,064f6fda-9485-4a0d-8e1d-f6ee738155fd,1,5076.567164
2026/02/05/00:44:10,running-time,rs-004939-p5tc5,70a171bd-6c44-4a7a-b26b-22fa4c3566c4,1,5076.567164
2026/02/05/00:44:10,apply-time,rs-004940-tvjjw,d883bb98-d36f-4c27-b544-50a3c1e11c2f,1,5076.567164
2026/02/05/00:44:10,running-time,rs-004940-tvjjw,d883bb98-d36f-4c27-b544-50a3c1e11c2f,1,5076.567164
2026/02/05/00:44:10,apply-time,rs-004940-w6pf8,5f6c4a59-af8a-4537-b25e-349968c6750e,1,5076.567164
2026/02/05/00:44:10,apply-time,rs-004941-jz9rj,94eb23c7-8e4a-4029-bead-e9969c76b1a9,1,5076.567164
2026/02/05/00:44:11,apply-time,rs-004942-pc7wf,8bcfc68d-5299-4e47-b930-2184b58d1099,1,5077.567164
2026/02/05/00:44:11,apply-time,rs-004943-dcp9s,73df6afa-d0d3-42dc-846b-46168f6f5f83,1,5077.567164
2026/02/05/00:44:11,apply-time,rs-004944-6kxjp,f1977ad9-83c2-4e79-9445-f7f9e3021dfe,1,5077.567164
2026/02/05/00:44:11,apply-time,rs-004944-8b2hl,2bd79ac4-a34a-4117-9a21-5b2bdf2d73f0,1,5077.567164
2026/02/05/00:44:11,apply-time,rs-004944-p22xp,023e3226-fac9-4fb0-927c-6076a33ab1ae,1,5078.567164
2026/02/05/00:44:12,running-time,rs-004940-w6pf8,5f6c4a59-af8a-4537-b25e-349968c6750e,1,5079.567164
2026/02/05/00:44:12,running-time,rs-004941-jz9rj,94eb23c7-8e4a-4029-bead-e9969c76b1a9,1,5079.567164
2026/02/05/00:44:12,running-time,rs-004942-pc7wf,8bcfc68d-5299-4e47-b930-2184b58d1099,1,5078.567164
2026/02/05/00:44:13,running-time,rs-004944-p22xp,023e3226-fac9-4fb0-927c-6076a33ab1ae,1,5079.567164
2026/02/05/00:44:14,running-time,rs-004944-6kxjp,f1977ad9-83c2-4e79-9445-f7f9e3021dfe,1,5081.567164
2026/02/05/00:44:14,running-time,rs-004944-8b2hl,2bd79ac4-a34a-4117-9a21-5b2bdf2d73f0,1,5081.567164
2026/02/05/00:44:18,apply-time,rs-004945-zdhlx,784e9a72-722f-4170-bb39-601176ea7e65,1,5085.567164
2026/02/05/00:44:18,running-time,rs-004945-zdhlx,784e9a72-722f-4170-bb39-601176ea7e65,1,5085.567164
2026/02/05/00:44:18,apply-time,rs-004945-zrzbp,f21b1baf-55e5-438b-85ab-e24e48e14254,1,5085.567164
2026/02/05/00:44:18,running-time,rs-004945-zrzbp,f21b1baf-55e5-438b-85ab-e24e48e14254,1,5085.567164
2026/02/05/00:44:18,apply-time,rs-004945-zz2g7,89f8f08e-ac55-4c19-b77b-4e575397c89f,1,5085.567164
2026/02/05/00:44:18,running-time,rs-004945-zz2g7,89f8f08e-ac55-4c19-b77b-4e575397c89f,1,5085.567164
2026/02/05/00:44:22,apply-time,rs-004946-8wrmc,9951ffc6-bc0a-4f7c-95b1-a33931f448e5,1,5088.567164
2026/02/05/00:44:22,running-time,rs-004946-8wrmc,9951ffc6-bc0a-4f7c-95b1-a33931f448e5,1,5088.567164
2026/02/05/00:44:22,apply-time,rs-004946-dp7kr,f2c6f27b-c218-4a4c-acbd-ae3eb4d3e841,1,5088.567164
2026/02/05/00:44:22,running-time,rs-004946-dp7kr,f2c6f27b-c218-4a4c-acbd-ae3eb4d3e841,1,5088.567164
2026/02/05/00:44:22,apply-time,rs-004946-g9jsd,75f7c83c-ce05-476e-a157-fcedead15571,1,5088.567164
2026/02/05/00:44:22,running-time,rs-004946-g9jsd,75f7c83c-ce05-476e-a157-fcedead15571,1,5088.567164
2026/02/05/00:44:22,apply-time,rs-004947-qfdfk,b64c057e-7214-4d85-b438-4d58ce3a37f7,1,5088.567164
2026/02/05/00:44:22,apply-time,rs-004948-fx6v8,c03d6ab4-76bc-4304-83f0-df2abd260c1a,1,5088.567164
2026/02/05/00:44:22,running-time,rs-004948-fx6v8,c03d6ab4-76bc-4304-83f0-df2abd260c1a,1,5088.567164
2026/02/05/00:44:22,apply-time,rs-004948-vs9th,6ac97268-1966-450c-9bb8-102b6a6a876b,1,5088.567164
2026/02/05/00:44:22,running-time,rs-004948-vs9th,6ac97268-1966-450c-9bb8-102b6a6a876b,1,5088.567164
2026/02/05/00:44:25,running-time,rs-004947-qfdfk,b64c057e-7214-4d85-b438-4d58ce3a37f7,1,5092.567164
2026/02/05/00:44:26,apply-time,rs-004949-4x2sg,dc8c0d44-0647-4c67-a01d-ddd526bbc9e2,1,5092.567164
2026/02/05/00:44:26,running-time,rs-004949-4x2sg,dc8c0d44-0647-4c67-a01d-ddd526bbc9e2,1,5092.567164
2026/02/05/00:44:26,apply-time,rs-004949-cwt4g,cb2d561c-ede5-4066-9048-c3c2886aa506,1,5092.567164
2026/02/05/00:44:26,running-time,rs-004949-cwt4g,cb2d561c-ede5-4066-9048-c3c2886aa506,1,5092.567164
2026/02/05/00:44:26,apply-time,rs-004949-zvngw,9184f837-9103-4537-ad37-e93d13fcf86f,1,5092.567164
2026/02/05/00:44:26,running-time,rs-004949-zvngw,9184f837-9103-4537-ad37-e93d13fcf86f,1,5092.567164
2026/02/05/00:44:26,apply-time,rs-004950-4plbm,6026b442-e8b4-4198-b8c2-cd622eb2818f,1,5092.567164
2026/02/05/00:44:26,apply-time,rs-004950-4r6hr,160c2dda-068a-4ba7-9037-fefa9b2267b1,1,5092.567164
2026/02/05/00:44:26,running-time,rs-004950-4r6hr,160c2dda-068a-4ba7-9037-fefa9b2267b1,1,5092.567164
2026/02/05/00:44:26,apply-time,rs-004951-7mq4x,c9875493-b0e8-41a7-9f4d-cb07684ec1d6,1,5092.567164
2026/02/05/00:44:26,running-time,rs-004951-7mq4x,c9875493-b0e8-41a7-9f4d-cb07684ec1d6,1,5092.567164
2026/02/05/00:44:26,apply-time,rs-004951-zsdjb,ffd25e53-43f8-4431-9a0e-72559e9e9743,1,5092.567164
2026/02/05/00:44:26,apply-time,rs-004952-qjltn,41141beb-5ac4-4d18-b1ef-c3c953224e38,1,5092.567164
2026/02/05/00:44:26,apply-time,rs-004953-mvfvx,b0643faf-3cf6-45ce-8b19-f1cf18f0ff4d,1,5093.567164
2026/02/05/00:44:26,apply-time,rs-004953-p5cx8,2bec061c-82dc-45d3-be9b-190efb88f829,1,5092.567164
2026/02/05/00:44:27,running-time,rs-004950-4plbm,6026b442-e8b4-4198-b8c2-cd622eb2818f,1,5093.567164
2026/02/05/00:44:29,running-time,rs-004951-zsdjb,ffd25e53-43f8-4431-9a0e-72559e9e9743,1,5096.567164
2026/02/05/00:44:30,running-time,rs-004953-mvfvx,b0643faf-3cf6-45ce-8b19-f1cf18f0ff4d,1,5096.567164
2026/02/05/00:44:30,running-time,rs-004953-p5cx8,2bec061c-82dc-45d3-be9b-190efb88f829,1,5096.567164
2026/02/05/00:44:34,apply-time,rs-004954-v88f8,ffa38b78-f421-4a3e-9d7e-168d4b89e07d,1,5101.567164
2026/02/05/00:44:34,apply-time,rs-004954-zchjq,261bf5f8-6d69-46bb-b419-e21b140f8fdc,1,5101.567164
2026/02/05/00:44:34,running-time,rs-004954-zchjq,261bf5f8-6d69-46bb-b419-e21b140f8fdc,1,5101.567164
2026/02/05/00:44:34,apply-time,rs-004955-wg2kb,8e488ca1-f926-406d-99d3-834907aa9b71,1,5101.567164
2026/02/05/00:44:34,running-time,rs-004955-wg2kb,8e488ca1-f926-406d-99d3-834907aa9b71,1,5101.567164
2026/02/05/00:44:34,apply-time,rs-004956-fg42q,2925e574-f259-4540-896f-588d3c38163e,1,5101.567164
2026/02/05/00:44:34,running-time,rs-004956-fg42q,2925e574-f259-4540-896f-588d3c38163e,1,5101.567164
2026/02/05/00:44:34,apply-time,rs-004957-4tqrq,eeef504e-c1dc-4536-8a7f-ef4ad954bab2,1,5101.567164
2026/02/05/00:44:34,apply-time,rs-004957-fh8t8,005fc323-8d3e-49ad-a3c5-177e34e59a42,1,5101.567164
2026/02/05/00:44:34,apply-time,rs-004957-nmrk8,f47133bc-b7aa-4e1c-8e24-6588a7ecc50e,1,5101.567164
2026/02/05/00:44:34,running-time,rs-004957-nmrk8,f47133bc-b7aa-4e1c-8e24-6588a7ecc50e,1,5101.567164
2026/02/05/00:44:35,running-time,rs-004954-v88f8,ffa38b78-f421-4a3e-9d7e-168d4b89e07d,1,5101.567164
2026/02/05/00:44:41,apply-time,rs-004958-cqv8d,b022b010-7510-482d-b5b8-00f3bec08a9e,1,5108.567164
2026/02/05/00:44:41,running-time,rs-004958-cqv8d,b022b010-7510-482d-b5b8-00f3bec08a9e,1,5108.567164
2026/02/05/00:44:41,apply-time,rs-004958-nkl25,47cc49a5-2032-4f61-b32c-9a295457544e,1,5108.567164
2026/02/05/00:44:41,running-time,rs-004958-nkl25,47cc49a5-2032-4f61-b32c-9a295457544e,1,5108.567164
2026/02/05/00:44:41,apply-time,rs-004959-h5rt2,079646c3-d3ac-4da6-9f40-2b54198171d2,1,5108.567164
2026/02/05/00:44:41,running-time,rs-004959-h5rt2,079646c3-d3ac-4da6-9f40-2b54198171d2,1,5108.567164
2026/02/05/00:44:41,apply-time,rs-004960-qqsxq,7d9f37f1-775e-4de4-a370-6f36acd0afca,1,5108.567164
2026/02/05/00:44:41,running-time,rs-004960-qqsxq,7d9f37f1-775e-4de4-a370-6f36acd0afca,1,5108.567164
2026/02/05/00:44:41,apply-time,rs-004960-trn9q,4b88ecb7-c916-42bf-b3a5-991c933a1f54,1,5108.567164
2026/02/05/00:44:41,running-time,rs-004960-trn9q,4b88ecb7-c916-42bf-b3a5-991c933a1f54,1,5108.567164
2026/02/05/00:44:41,apply-time,rs-004960-vhw5j,d8f2ae39-134e-43be-9c66-84c2fd9d7baf,1,5108.567164
2026/02/05/00:44:41,running-time,rs-004960-vhw5j,d8f2ae39-134e-43be-9c66-84c2fd9d7baf,1,5108.567164
2026/02/05/00:44:41,apply-time,rs-004961-5424l,f3ace6ef-fff4-4be6-84b2-2edac00d0b53,1,5108.567164
2026/02/05/00:44:41,running-time,rs-004961-5424l,f3ace6ef-fff4-4be6-84b2-2edac00d0b53,1,5108.567164
2026/02/05/00:44:41,apply-time,rs-004961-pskfv,21a08978-0e98-48e8-8d22-4de6a8312f1f,1,5108.567164
2026/02/05/00:44:41,running-time,rs-004961-pskfv,21a08978-0e98-48e8-8d22-4de6a8312f1f,1,5108.567164
2026/02/05/00:44:41,apply-time,rs-004962-7m8fm,e669a5ea-2a2e-4fc5-b277-e16e74ba481f,1,5108.567164
2026/02/05/00:44:41,running-time,rs-004962-7m8fm,e669a5ea-2a2e-4fc5-b277-e16e74ba481f,1,5108.567164
2026/02/05/00:44:41,apply-time,rs-004962-sz28z,34b88ef0-5089-44ad-b447-cdaaf0ac9b27,1,5108.567164
2026/02/05/00:44:41,running-time,rs-004962-sz28z,34b88ef0-5089-44ad-b447-cdaaf0ac9b27,1,5108.567164
2026/02/05/00:44:42,apply-time,rs-004963-xxhm7,254d8657-9677-4ca0-97ca-3761455d3d00,1,5108.567164
2026/02/05/00:44:42,running-time,rs-004963-xxhm7,254d8657-9677-4ca0-97ca-3761455d3d00,1,5108.567164
2026/02/05/00:44:42,apply-time,rs-004964-b8qzn,7a488152-fdb7-44b0-926f-22d212f69a75,1,5108.567164
2026/02/05/00:44:42,apply-time,rs-004965-drgh5,2ba837f9-bb3a-4b93-9e53-512eadd390f8,1,5108.567164
2026/02/05/00:44:42,running-time,rs-004965-drgh5,2ba837f9-bb3a-4b93-9e53-512eadd390f8,1,5108.567164
2026/02/05/00:44:42,apply-time,rs-004966-dlcvp,55ef5e32-8bf9-4b95-95f3-7b1bc14fcd45,1,5108.567164
2026/02/05/00:44:42,running-time,rs-004966-dlcvp,55ef5e32-8bf9-4b95-95f3-7b1bc14fcd45,1,5108.567164
2026/02/05/00:44:42,apply-time,rs-004966-rfgs5,b119600b-64cb-4273-adeb-566eba522cc9,1,5109.567164
2026/02/05/00:44:42,running-time,rs-004966-rfgs5,b119600b-64cb-4273-adeb-566eba522cc9,1,5109.567164
2026/02/05/00:44:42,apply-time,rs-004967-fctf8,63257ca0-f4a8-4fec-ae72-e642418474a3,1,5109.567164
2026/02/05/00:44:42,running-time,rs-004967-fctf8,63257ca0-f4a8-4fec-ae72-e642418474a3,1,5109.567164
2026/02/05/00:44:42,apply-time,rs-004968-pnmm8,f7f753bd-9bc1-4eaf-8bcb-5fee6496f68d,1,5109.567164
2026/02/05/00:44:42,running-time,rs-004968-pnmm8,f7f753bd-9bc1-4eaf-8bcb-5fee6496f68d,1,5109.567164
2026/02/05/00:44:43,apply-time,rs-004968-2sl6d,3ff587e4-2405-4068-832c-d9bbab34cf4a,1,5109.567164
2026/02/05/00:44:43,running-time,rs-004968-2sl6d,3ff587e4-2405-4068-832c-d9bbab34cf4a,1,5109.567164
2026/02/05/00:44:43,apply-time,rs-004969-6xv8w,a5dd6047-f494-4b4f-a1f2-d405ed5a9aa8,1,5109.567164
2026/02/05/00:44:43,running-time,rs-004969-6xv8w,a5dd6047-f494-4b4f-a1f2-d405ed5a9aa8,1,5109.567164
2026/02/05/00:44:43,apply-time,rs-004969-vw589,80b40bc6-b8df-43a1-a809-11d3a537a9ae,1,5109.567164
2026/02/05/00:44:43,running-time,rs-004969-vw589,80b40bc6-b8df-43a1-a809-11d3a537a9ae,1,5109.567164
2026/02/05/00:44:43,apply-time,rs-004970-jwtl8,67c6b102-8214-4ed3-bffe-640ef1c5bd7c,1,5109.567164
2026/02/05/00:44:43,apply-time,rs-004970-wnjgm,a3ce0220-0bf5-4cd1-8d76-3b4681a70628,1,5109.567164
2026/02/05/00:44:43,apply-time,rs-004972-2zx74,f894c0eb-131b-4a7d-878b-c25584136d96,1,5110.567164
2026/02/05/00:44:43,apply-time,rs-004973-htlb8,0979530e-ee2a-4487-9fb7-e764332215c9,1,5110.567164
2026/02/05/00:44:44,running-time,rs-004970-wnjgm,a3ce0220-0bf5-4cd1-8d76-3b4681a70628,1,5110.567164
2026/02/05/00:44:44,apply-time,rs-004971-2jk6n,1b5a9679-0287-4574-86df-3eca940840bc,1,5110.567164
2026/02/05/00:44:44,running-time,rs-004971-2jk6n,1b5a9679-0287-4574-86df-3eca940840bc,1,5110.567164
2026/02/05/00:44:44,apply-time,rs-004971-pt77m,55af3c45-64d2-476b-8307-8bd17e72f826,1,5110.567164
2026/02/05/00:44:44,running-time,rs-004971-pt77m,55af3c45-64d2-476b-8307-8bd17e72f826,1,5110.567164
2026/02/05/00:44:44,apply-time,rs-004971-z8v97,146a2d7c-5ee3-469e-b3bf-3d6370c39fcc,1,5110.567164
2026/02/05/00:44:44,running-time,rs-004971-z8v97,146a2d7c-5ee3-469e-b3bf-3d6370c39fcc,1,5111.567164
2026/02/05/00:44:44,running-time,rs-004972-2zx74,f894c0eb-131b-4a7d-878b-c25584136d96,1,5110.567164
2026/02/05/00:44:44,apply-time,rs-004972-httzg,40d2bd7a-34b1-401b-86cf-7651a592bdc6,1,5110.567164
2026/02/05/00:44:44,running-time,rs-004972-httzg,40d2bd7a-34b1-401b-86cf-7651a592bdc6,1,5110.567164
2026/02/05/00:44:44,apply-time,rs-004972-rctpc,fd1bd660-e12d-4bb6-97ff-24c541bc6ae5,1,5110.567164
2026/02/05/00:44:44,running-time,rs-004972-rctpc,fd1bd660-e12d-4bb6-97ff-24c541bc6ae5,1,5110.567164
2026/02/05/00:44:44,apply-time,rs-004974-69xss,68bedd5b-6531-4b5b-b3c7-6fd6850f1d24,1,5110.567164
2026/02/05/00:44:44,running-time,rs-004974-69xss,68bedd5b-6531-4b5b-b3c7-6fd6850f1d24,1,5110.567164
2026/02/05/00:44:44,apply-time,rs-004975-29jt5,11b4ccf0-e10d-4de9-9556-337d3f51441f,1,5111.567164
2026/02/05/00:44:44,apply-time,rs-004975-dwmm6,0c25871e-a415-46cb-a82b-4640026f322b,1,5110.567164
2026/02/05/00:44:44,apply-time,rs-004975-jwwmv,46d98775-007f-4dfa-9ed3-15dff7c22b28,1,5111.567164
2026/02/05/00:44:44,apply-time,rs-004976-9h4g9,d87e700e-f138-4755-bc61-111e651280c0,1,5111.567164
2026/02/05/00:44:44,running-time,rs-004976-9h4g9,d87e700e-f138-4755-bc61-111e651280c0,1,5111.567164
2026/02/05/00:44:45,running-time,rs-004970-jwtl8,67c6b102-8214-4ed3-bffe-640ef1c5bd7c,1,5111.567164
2026/02/05/00:44:46,running-time,rs-004975-29jt5,11b4ccf0-e10d-4de9-9556-337d3f51441f,1,5113.567164
2026/02/05/00:44:46,running-time,rs-004975-dwmm6,0c25871e-a415-46cb-a82b-4640026f322b,1,5113.567164
2026/02/05/00:44:48,apply-time,rs-004977-g55n9,8f4dc2b8-64a6-46f9-bd8b-c162d39ec8f3,1,5115.567164
2026/02/05/00:44:48,running-time,rs-004977-g55n9,8f4dc2b8-64a6-46f9-bd8b-c162d39ec8f3,1,5115.567164
2026/02/05/00:44:48,apply-time,rs-004977-vj8j2,a4c17d9b-c95a-483e-8dad-423ab6a67c3e,1,5115.567164
2026/02/05/00:44:48,running-time,rs-004977-vj8j2,a4c17d9b-c95a-483e-8dad-423ab6a67c3e,1,5115.567164
2026/02/05/00:44:48,apply-time,rs-004978-9xm9h,33de4228-bcd4-46d0-b055-e7952912c973,1,5115.567164
2026/02/05/00:44:48,running-time,rs-004978-9xm9h,33de4228-bcd4-46d0-b055-e7952912c973,1,5115.567164
2026/02/05/00:44:48,apply-time,rs-004978-pqszs,85509b8c-22be-427d-aaf1-a5e0a8ca3ce4,1,5115.567164
2026/02/05/00:44:48,running-time,rs-004978-pqszs,85509b8c-22be-427d-aaf1-a5e0a8ca3ce4,1,5115.567164
2026/02/05/00:44:49,apply-time,rs-004979-cb4dx,68ffd8ac-ea80-4e27-8d38-3d6037e6b056,1,5116.567164
2026/02/05/00:44:49,running-time,rs-004979-cb4dx,68ffd8ac-ea80-4e27-8d38-3d6037e6b056,1,5116.567164
2026/02/05/00:44:49,apply-time,rs-004980-2pjct,7d5f34ac-3a65-49b5-9750-11de3c1f657d,1,5116.567164
2026/02/05/00:44:49,running-time,rs-004980-2pjct,7d5f34ac-3a65-49b5-9750-11de3c1f657d,1,5116.567164
2026/02/05/00:44:49,apply-time,rs-004980-jkhc5,d02b30f9-796f-4d7a-8b74-7c73aeae62cf,1,5116.567164
2026/02/05/00:44:49,running-time,rs-004980-jkhc5,d02b30f9-796f-4d7a-8b74-7c73aeae62cf,1,5116.567164
2026/02/05/00:44:49,apply-time,rs-004980-t4bfb,23130a1c-b74b-435a-bd3e-a6911cbbe8a5,1,5116.567164
2026/02/05/00:44:49,running-time,rs-004980-t4bfb,23130a1c-b74b-435a-bd3e-a6911cbbe8a5,1,5116.567164
2026/02/05/00:44:49,apply-time,rs-004981-xgf5m,46063b82-9cb1-41f9-8177-d39f6ac50854,1,5116.567164
2026/02/05/00:44:49,running-time,rs-004981-xgf5m,46063b82-9cb1-41f9-8177-d39f6ac50854,1,5116.567164
2026/02/05/00:44:49,apply-time,rs-004982-25jwm,fb9d1c1e-ae72-4beb-b028-ece14ed71ccf,1,5116.567164
2026/02/05/00:44:49,running-time,rs-004982-25jwm,fb9d1c1e-ae72-4beb-b028-ece14ed71ccf,1,5116.567164
2026/02/05/00:44:49,apply-time,rs-004982-676nf,9829f92d-ab76-4936-b14d-eb0cfbd7f583,1,5116.567164
2026/02/05/00:44:49,running-time,rs-004982-676nf,9829f92d-ab76-4936-b14d-eb0cfbd7f583,1,5116.567164
2026/02/05/00:44:49,apply-time,rs-004983-4r7jz,172a209d-5ff1-4b69-835b-47b8c51c53c0,1,5116.567164
2026/02/05/00:44:49,running-time,rs-004983-4r7jz,172a209d-5ff1-4b69-835b-47b8c51c53c0,1,5116.567164
2026/02/05/00:44:50,apply-time,rs-004984-42qg8,79ea989b-ad0f-4b59-91f7-47595a6777e8,1,5117.567164
2026/02/05/00:44:50,running-time,rs-004984-42qg8,79ea989b-ad0f-4b59-91f7-47595a6777e8,1,5117.567164
2026/02/05/00:44:50,apply-time,rs-004984-9482l,8e390aa7-2504-4d74-9462-339944318a09,1,5116.567164
2026/02/05/00:44:50,running-time,rs-004984-9482l,8e390aa7-2504-4d74-9462-339944318a09,1,5116.567164
2026/02/05/00:44:50,apply-time,rs-004984-h4bl4,d38aa899-b050-461b-a364-a0553bd02beb,1,5116.567164
2026/02/05/00:44:50,running-time,rs-004984-h4bl4,d38aa899-b050-461b-a364-a0553bd02beb,1,5116.567164
2026/02/05/00:44:50,apply-time,rs-004985-h4ctj,96e3726b-e718-495c-b4f1-2cfbeb449b0b,1,5116.567164
2026/02/05/00:44:50,running-time,rs-004985-h4ctj,96e3726b-e718-495c-b4f1-2cfbeb449b0b,1,5116.567164
2026/02/05/00:44:50,apply-time,rs-004986-bffsn,d965b34b-56cf-4f6b-b855-eb958da0a897,1,5117.567164
2026/02/05/00:44:50,running-time,rs-004986-bffsn,d965b34b-56cf-4f6b-b855-eb958da0a897,1,5117.567164
2026/02/05/00:44:50,apply-time,rs-004987-fsnc6,0c837183-9aa3-4e67-bf21-e16cff565bbb,1,5117.567164
2026/02/05/00:44:50,running-time,rs-004987-fsnc6,0c837183-9aa3-4e67-bf21-e16cff565bbb,1,5117.567164
2026/02/05/00:44:50,apply-time,rs-004987-hk2w9,79f1ef1d-8371-4c5b-940b-ea83149d0028,1,5116.567164
2026/02/05/00:44:50,running-time,rs-004987-hk2w9,79f1ef1d-8371-4c5b-940b-ea83149d0028,1,5116.567164
2026/02/05/00:44:50,apply-time,rs-004988-n667w,925f1790-bddf-49db-a6d6-61c2c2321967,1,5117.567164
2026/02/05/00:44:50,running-time,rs-004988-n667w,925f1790-bddf-49db-a6d6-61c2c2321967,1,5117.567164
2026/02/05/00:44:50,apply-time,rs-004989-7lgrg,7f138ff4-36a7-47d1-9c37-14b0760d5c68,1,5117.567164
2026/02/05/00:44:50,running-time,rs-004989-7lgrg,7f138ff4-36a7-47d1-9c37-14b0760d5c68,1,5117.567164
2026/02/05/00:44:51,apply-time,rs-004988-s8fxj,008c1c49-e84c-4004-8399-f8a2c92b1abe,1,5117.567164
2026/02/05/00:44:51,running-time,rs-004988-s8fxj,008c1c49-e84c-4004-8399-f8a2c92b1abe,1,5117.567164
2026/02/05/00:44:51,apply-time,rs-004990-s8vxv,ee6bd9da-3c7b-431e-a24e-29c9b8ffdc9e,1,5117.567164
2026/02/05/00:44:51,running-time,rs-004990-s8vxv,ee6bd9da-3c7b-431e-a24e-29c9b8ffdc9e,1,5117.567164
2026/02/05/00:44:52,apply-time,rs-004991-mhvrk,4dcd5b1a-2231-4243-a66b-fd81b4fca681,1,5118.567164
2026/02/05/00:44:52,running-time,rs-004991-mhvrk,4dcd5b1a-2231-4243-a66b-fd81b4fca681,1,5118.567164
2026/02/05/00:44:52,apply-time,rs-004991-shkzp,38248a35-b1bc-4db8-af82-e2650bfd4949,1,5119.567164
2026/02/05/00:44:52,apply-time,rs-004992-skjvp,da49efae-2650-4985-8438-3f871d490ba5,1,5118.567164
2026/02/05/00:44:52,running-time,rs-004992-skjvp,da49efae-2650-4985-8438-3f871d490ba5,1,5118.567164
2026/02/05/00:44:52,apply-time,rs-004992-vrvtf,809aed3c-6dc6-45af-9ef3-e5eee0388dc7,1,5118.567164
2026/02/05/00:44:52,running-time,rs-004992-vrvtf,809aed3c-6dc6-45af-9ef3-e5eee0388dc7,1,5118.567164
2026/02/05/00:44:52,apply-time,rs-004993-cdr9n,5c53043d-018d-45fb-9e9e-2f38253c8609,1,5118.567164
2026/02/05/00:44:52,apply-time,rs-004993-gwvsc,1b9d3644-0fcc-4958-8ec9-9ad826e84a0b,1,5118.567164
2026/02/05/00:44:52,running-time,rs-004993-gwvsc,1b9d3644-0fcc-4958-8ec9-9ad826e84a0b,1,5119.567164
2026/02/05/00:44:52,apply-time,rs-004993-pqxf2,af3ccfe4-cc8f-4703-8291-c11228459c70,1,5118.567164
2026/02/05/00:44:52,running-time,rs-004993-pqxf2,af3ccfe4-cc8f-4703-8291-c11228459c70,1,5118.567164
2026/02/05/00:44:52,apply-time,rs-004994-78rrs,beb44452-2638-4f0e-b0bc-d17adf5e29e6,1,5119.567164
2026/02/05/00:44:52,running-time,rs-004994-78rrs,beb44452-2638-4f0e-b0bc-d17adf5e29e6,1,5119.567164
2026/02/05/00:44:52,apply-time,rs-004994-z6f6k,495987dd-99fc-4f9a-9a37-a8e51b28c91b,1,5119.567164
2026/02/05/00:44:52,apply-time,rs-004995-sh2bp,31d60da7-45f9-40fa-aa8b-f104e96db0a5,1,5119.567164
2026/02/05/00:44:52,apply-time,rs-004996-cwt85,246448a1-0d9b-4253-b693-5bc0bdaf8ddd,1,5119.567164
2026/02/05/00:44:52,running-time,rs-004996-cwt85,246448a1-0d9b-4253-b693-5bc0bdaf8ddd,1,5119.567164
2026/02/05/00:44:53,running-time,rs-004991-shkzp,38248a35-b1bc-4db8-af82-e2650bfd4949,1,5120.567164
2026/02/05/00:44:53,apply-time,rs-004994-w6v9w,e9a09665-6ffe-45ca-864c-625f689caa1f,1,5119.567164
2026/02/05/00:44:53,running-time,rs-004994-w6v9w,e9a09665-6ffe-45ca-864c-625f689caa1f,1,5119.567164
2026/02/05/00:44:53,running-time,rs-004994-z6f6k,495987dd-99fc-4f9a-9a37-a8e51b28c91b,1,5119.567164
2026/02/05/00:44:53,apply-time,rs-004996-h7g4c,83e75552-7d48-443d-9c49-09a88a9f7012,1,5119.567164
2026/02/05/00:44:53,running-time,rs-004996-h7g4c,83e75552-7d48-443d-9c49-09a88a9f7012,1,5120.567164
2026/02/05/00:44:53,apply-time,rs-004997-6wdhg,faf70ed7-1261-4f6e-8d3e-580adb6d216e,1,5119.567164
2026/02/05/00:44:53,running-time,rs-004997-6wdhg,faf70ed7-1261-4f6e-8d3e-580adb6d216e,1,5119.567164
2026/02/05/00:44:53,apply-time,rs-004997-jzv2g,a7f78bfb-e170-4c30-8fe6-b93cad7d7d02,1,5120.567164
2026/02/05/00:44:53,running-time,rs-004997-jzv2g,a7f78bfb-e170-4c30-8fe6-b93cad7d7d02,1,5120.567164
2026/02/05/00:44:53,apply-time,rs-004998-5fsqv,b37a816a-ab17-43c0-8dbc-6fbd09086685,1,5119.567164
2026/02/05/00:44:53,running-time,rs-004998-5fsqv,b37a816a-ab17-43c0-8dbc-6fbd09086685,1,5120.567164
2026/02/05/00:44:53,apply-time,rs-004998-pnpql,62fc7e7c-4d7c-406e-9bfa-12945454e0e1,1,5120.567164
2026/02/05/00:44:53,running-time,rs-004998-pnpql,62fc7e7c-4d7c-406e-9bfa-12945454e0e1,1,5120.567164
2026/02/05/00:44:54,running-time,rs-004995-sh2bp,31d60da7-45f9-40fa-aa8b-f104e96db0a5,1,5121.567164
2026/02/05/00:44:58,running-time,rs-004993-cdr9n,5c53043d-018d-45fb-9e9e-2f38253c8609,1,5124.567164
2026/02/05/00:44:58,apply-time,rs-004999-gsmwl,21b3a526-6a52-4d17-9657-dbc16aafea18,1,5125.567164
2026/02/05/00:44:58,running-time,rs-004999-gsmwl,21b3a526-6a52-4d17-9657-dbc16aafea18,1,5125.567164
2026/02/05/00:44:58,apply-time,rs-005000-8l72h,d2d049ee-408c-4e6f-be82-28f2120a4f5e,1,5125.567164
2026/02/05/00:44:58,running-time,rs-005000-8l72h,d2d049ee-408c-4e6f-be82-28f2120a4f5e,1,5125.567164
2026/02/05/00:44:58,apply-time,rs-005000-zpss4,8eaa5550-13af-47ba-a0e7-b15b5f8289ff,1,5125.567164
2026/02/05/00:44:58,running-time,rs-005000-zpss4,8eaa5550-13af-47ba-a0e7-b15b5f8289ff,1,5125.567164
2026/02/05/00:44:58,apply-time,rs-005001-2df2d,7080b824-4ff5-4b0c-b760-51a34e5e51ec,1,5125.567164
2026/02/05/00:44:58,running-time,rs-005001-2df2d,7080b824-4ff5-4b0c-b760-51a34e5e51ec,1,5125.567164
2026/02/05/00:44:59,apply-time,rs-005002-tfj9m,c22720b8-3b6f-4c59-971f-fad28d222f77,1,5126.567164
2026/02/05/00:44:59,running-time,rs-005002-tfj9m,c22720b8-3b6f-4c59-971f-fad28d222f77,1,5126.567164
2026/02/05/00:44:59,apply-time,rs-005003-mkgz6,6537c7b4-645c-4a74-b2f5-8dea116eaa9e,1,5125.567164
2026/02/05/00:44:59,running-time,rs-005003-mkgz6,6537c7b4-645c-4a74-b2f5-8dea116eaa9e,1,5126.567164
2026/02/05/00:44:59,apply-time,rs-005003-t6hdm,20a47209-ef19-4bd9-9049-4b68658fb620,1,5125.567164
2026/02/05/00:44:59,running-time,rs-005003-t6hdm,20a47209-ef19-4bd9-9049-4b68658fb620,1,5126.567164
2026/02/05/00:44:59,apply-time,rs-005004-89rqx,c2383f75-dd65-4c34-8f83-68fb00bc62c7,1,5126.567164
2026/02/05/00:44:59,running-time,rs-005004-89rqx,c2383f75-dd65-4c34-8f83-68fb00bc62c7,1,5126.567164
2026/02/05/00:44:59,apply-time,rs-005005-g96jg,72094f44-d894-4bf5-91ed-d45409bb3e10,1,5126.567164
2026/02/05/00:44:59,apply-time,rs-005005-zb596,656bfd82-328f-4d9f-8b2e-60ffa78b645b,1,5126.567164
2026/02/05/00:45:00,running-time,rs-005005-g96jg,72094f44-d894-4bf5-91ed-d45409bb3e10,1,5127.567164
2026/02/05/00:45:00,running-time,rs-005005-zb596,656bfd82-328f-4d9f-8b2e-60ffa78b645b,1,5126.567164
2026/02/05/00:45:00,apply-time,rs-005006-ggx65,e07fefe0-52b7-4962-b194-8bb707445503,1,5127.567164
2026/02/05/00:45:00,running-time,rs-005006-ggx65,e07fefe0-52b7-4962-b194-8bb707445503,1,5127.567164
2026/02/05/00:45:09,apply-time,rs-005007-srxhf,a3db07fd-6b5b-4c88-8282-1576f7fd2fe3,1,5135.567164
2026/02/05/00:45:09,running-time,rs-005007-srxhf,a3db07fd-6b5b-4c88-8282-1576f7fd2fe3,1,5135.567164
2026/02/05/00:45:09,apply-time,rs-005008-bqg9p,ce93af87-1987-46fb-9e19-40d78687d14a,1,5135.567164
2026/02/05/00:45:09,running-time,rs-005008-bqg9p,ce93af87-1987-46fb-9e19-40d78687d14a,1,5135.567164
2026/02/05/00:45:09,apply-time,rs-005008-q8d5f,33abe91e-5be6-4f25-aecb-85799880c21f,1,5135.567164
2026/02/05/00:45:09,running-time,rs-005008-q8d5f,33abe91e-5be6-4f25-aecb-85799880c21f,1,5135.567164
2026/02/05/00:45:09,apply-time,rs-005008-rtrnf,fc0df376-05f9-4da0-b078-2ba36e170b6b,1,5135.567164
2026/02/05/00:45:09,running-time,rs-005008-rtrnf,fc0df376-05f9-4da0-b078-2ba36e170b6b,1,5135.567164
2026/02/05/00:45:09,apply-time,rs-005009-fwld9,ffdb990d-8638-41b8-84b9-fdfd13edc93d,1,5136.567164
2026/02/05/00:45:09,running-time,rs-005009-fwld9,ffdb990d-8638-41b8-84b9-fdfd13edc93d,1,5136.567164
2026/02/05/00:45:09,apply-time,rs-005010-kqz4h,f577f8c2-0d2c-4d5b-b85b-f79f7f774245,1,5136.567164
2026/02/05/00:45:09,running-time,rs-005010-kqz4h,f577f8c2-0d2c-4d5b-b85b-f79f7f774245,1,5136.567164
2026/02/05/00:45:09,apply-time,rs-005010-pgnbh,808700f8-4132-42ee-8458-7f0ddb7bf7f4,1,5136.567164
2026/02/05/00:45:09,running-time,rs-005010-pgnbh,808700f8-4132-42ee-8458-7f0ddb7bf7f4,1,5136.567164
2026/02/05/00:45:09,apply-time,rs-005011-5cz82,466029a0-30f1-4319-9fe3-86032a59d343,1,5136.567164
2026/02/05/00:45:09,running-time,rs-005011-5cz82,466029a0-30f1-4319-9fe3-86032a59d343,1,5136.567164
2026/02/05/00:45:09,apply-time,rs-005011-8dwwf,d95d9b85-47e5-4ae4-9ef5-c82b5b26a3f9,1,5136.567164
2026/02/05/00:45:09,running-time,rs-005011-8dwwf,d95d9b85-47e5-4ae4-9ef5-c82b5b26a3f9,1,5136.567164
2026/02/05/00:45:09,apply-time,rs-005011-ppw98,c3d989ca-16b1-4ad8-b459-2a6b2bb3b9fb,1,5136.567164
2026/02/05/00:45:09,running-time,rs-005011-ppw98,c3d989ca-16b1-4ad8-b459-2a6b2bb3b9fb,1,5136.567164
2026/02/05/00:45:19,apply-time,rs-005012-fsr67,aa802cf6-afcc-498f-ba7b-59267072879f,1,5146.567164
2026/02/05/00:45:19,running-time,rs-005012-fsr67,aa802cf6-afcc-498f-ba7b-59267072879f,1,5146.567164
2026/02/05/00:45:19,apply-time,rs-005012-qbs64,f495b4cc-534b-45d2-be37-dcd4c1ef5108,1,5146.567164
2026/02/05/00:45:19,running-time,rs-005012-qbs64,f495b4cc-534b-45d2-be37-dcd4c1ef5108,1,5146.567164
2026/02/05/00:45:19,apply-time,rs-005013-pp6b8,47e8bbf3-097a-49ab-b7a5-953421c7487e,1,5146.567164
2026/02/05/00:45:19,running-time,rs-005013-pp6b8,47e8bbf3-097a-49ab-b7a5-953421c7487e,1,5146.567164
2026/02/05/00:45:19,apply-time,rs-005013-t958f,436231a3-aca3-4ef2-95ca-54cd0ca5bd32,1,5146.567164
2026/02/05/00:45:19,running-time,rs-005013-t958f,436231a3-aca3-4ef2-95ca-54cd0ca5bd32,1,5146.567164
2026/02/05/00:45:19,apply-time,rs-005014-hpk27,6416fe82-7672-47b6-8b59-c9e1c90df017,1,5146.567164
2026/02/05/00:45:19,running-time,rs-005014-hpk27,6416fe82-7672-47b6-8b59-c9e1c90df017,1,5146.567164
2026/02/05/00:45:19,apply-time,rs-005014-n4g2p,b37ba79a-8c78-435f-9756-2ffd2068ed20,1,5146.567164
2026/02/05/00:45:19,running-time,rs-005014-n4g2p,b37ba79a-8c78-435f-9756-2ffd2068ed20,1,5146.567164
2026/02/05/00:45:19,apply-time,rs-005014-wl9tx,ed7bd6cc-7d5a-49d3-80bb-3e36a9cd5951,1,5146.567164
2026/02/05/00:45:19,running-time,rs-005014-wl9tx,ed7bd6cc-7d5a-49d3-80bb-3e36a9cd5951,1,5146.567164
2026/02/05/00:45:19,apply-time,rs-005015-8f8m7,4e08d63e-9728-4249-915c-2a1793225275,1,5146.567164
2026/02/05/00:45:19,running-time,rs-005015-8f8m7,4e08d63e-9728-4249-915c-2a1793225275,1,5146.567164
2026/02/05/00:45:19,apply-time,rs-005015-cd94r,1ceed44c-679e-4e56-8459-e7823f101eb1,1,5146.567164
2026/02/05/00:45:19,running-time,rs-005015-cd94r,1ceed44c-679e-4e56-8459-e7823f101eb1,1,5146.567164
2026/02/05/00:45:19,apply-time,rs-005015-rptp9,534bd606-6683-441f-bb80-35c1f59de164,1,5146.567164
2026/02/05/00:45:19,running-time,rs-005015-rptp9,534bd606-6683-441f-bb80-35c1f59de164,1,5146.567164
2026/02/05/00:45:19,apply-time,rs-005016-btxf7,7ebb389f-a59e-4b05-a7d1-6a407871ae81,1,5146.567164
2026/02/05/00:45:19,running-time,rs-005016-btxf7,7ebb389f-a59e-4b05-a7d1-6a407871ae81,1,5146.567164
2026/02/05/00:45:19,apply-time,rs-005017-fjkdp,ec34b2f5-fac4-4092-b991-ea1a663dc9ea,1,5146.567164
2026/02/05/00:45:20,running-time,rs-005017-fjkdp,ec34b2f5-fac4-4092-b991-ea1a663dc9ea,1,5146.567164
2026/02/05/00:45:20,apply-time,rs-005018-4clxl,1719d544-7253-4e97-bd81-0b9d31f1b15e,1,5146.567164
2026/02/05/00:45:20,running-time,rs-005018-4clxl,1719d544-7253-4e97-bd81-0b9d31f1b15e,1,5146.567164
2026/02/05/00:45:20,apply-time,rs-005019-q559n,5f3fe929-7c5a-4327-8606-1f8e5f52edc8,1,5146.567164
2026/02/05/00:45:20,running-time,rs-005019-q559n,5f3fe929-7c5a-4327-8606-1f8e5f52edc8,1,5146.567164
2026/02/05/00:45:20,apply-time,rs-005020-b266r,7ae767a0-7146-4f73-8df8-9f1e4c1e8b8a,1,5146.567164
2026/02/05/00:45:20,apply-time,rs-005020-j7bls,0cd54399-1279-44b5-927a-ae309a76b64c,1,5146.567164
2026/02/05/00:45:20,apply-time,rs-005021-4h867,8c071086-fe2c-4eb6-ae98-b7c6f4aa68d9,1,5146.567164
2026/02/05/00:45:20,running-time,rs-005021-4h867,8c071086-fe2c-4eb6-ae98-b7c6f4aa68d9,1,5146.567164
2026/02/05/00:45:20,apply-time,rs-005022-ckcnd,5273b5fa-cfa2-4179-8c23-ed11ca983d89,1,5147.567164
2026/02/05/00:45:20,apply-time,rs-005022-j84qx,8748e5b5-e03c-428c-b786-b71332d457fc,1,5147.567164
2026/02/05/00:45:20,running-time,rs-005022-j84qx,8748e5b5-e03c-428c-b786-b71332d457fc,1,5147.567164
2026/02/05/00:45:20,apply-time,rs-005023-2hdwt,c2136189-2ea3-432c-bbff-b6a12f071673,1,5147.567164
2026/02/05/00:45:20,apply-time,rs-005024-s944t,35a16fd8-a902-4a2d-9603-e525e45d0a6f,1,5147.567164
2026/02/05/00:45:21,running-time,rs-005020-b266r,7ae767a0-7146-4f73-8df8-9f1e4c1e8b8a,1,5148.567164
2026/02/05/00:45:21,running-time,rs-005020-j7bls,0cd54399-1279-44b5-927a-ae309a76b64c,1,5148.567164
2026/02/05/00:45:21,running-time,rs-005022-ckcnd,5273b5fa-cfa2-4179-8c23-ed11ca983d89,1,5147.567164
2026/02/05/00:45:21,apply-time,rs-005024-949k6,48469dbd-57ac-4c02-8cc4-f9f002e87086,1,5147.567164
2026/02/05/00:45:21,apply-time,rs-005024-kj4k5,0e80a945-3c4f-4eb4-a130-bef04972a9a3,1,5147.567164
2026/02/05/00:45:21,running-time,rs-005024-s944t,35a16fd8-a902-4a2d-9603-e525e45d0a6f,1,5148.567164
2026/02/05/00:45:24,apply-time,rs-005025-f82lg,70972611-daff-4a32-badb-cf7b13158030,1,5150.567164
2026/02/05/00:45:24,running-time,rs-005025-f82lg,70972611-daff-4a32-badb-cf7b13158030,1,5150.567164
2026/02/05/00:45:24,apply-time,rs-005025-vlc2r,a8863958-d68f-4379-bd93-40a605fcd830,1,5150.567164
2026/02/05/00:45:24,running-time,rs-005025-vlc2r,a8863958-d68f-4379-bd93-40a605fcd830,1,5150.567164
2026/02/05/00:45:25,apply-time,rs-005026-9djmk,f615e0bb-2030-4305-a82b-642a20471fad,1,5152.567164
2026/02/05/00:45:25,running-time,rs-005026-9djmk,f615e0bb-2030-4305-a82b-642a20471fad,1,5152.567164
2026/02/05/00:45:29,running-time,rs-005023-2hdwt,c2136189-2ea3-432c-bbff-b6a12f071673,1,5156.567164
2026/02/05/00:45:38,apply-time,rs-005027-29lpj,8842f600-9bf8-4248-b6b4-b208b2f58644,1,5164.567164
2026/02/05/00:45:38,running-time,rs-005027-29lpj,8842f600-9bf8-4248-b6b4-b208b2f58644,1,5164.567164
2026/02/05/00:45:38,apply-time,rs-005027-9pzwv,feceaf35-df9f-4024-9073-b007037c3f68,1,5164.567164
2026/02/05/00:45:38,running-time,rs-005027-9pzwv,feceaf35-df9f-4024-9073-b007037c3f68,1,5164.567164
2026/02/05/00:45:38,apply-time,rs-005027-tpfwp,21cc1c50-4526-4e7d-8c98-d7664d90ec4f,1,5164.567164
2026/02/05/00:45:38,running-time,rs-005027-tpfwp,21cc1c50-4526-4e7d-8c98-d7664d90ec4f,1,5164.567164
2026/02/05/00:45:40,apply-time,rs-005028-vs8gx,e220619f-5643-43de-bdd0-17d7064a3d1b,1,5166.567164
2026/02/05/00:45:40,running-time,rs-005028-vs8gx,e220619f-5643-43de-bdd0-17d7064a3d1b,1,5166.567164
2026/02/05/00:45:40,apply-time,rs-005029-987gl,34cd8bf0-68c1-45b8-8a5f-9d0538983451,1,5167.567164
2026/02/05/00:45:40,running-time,rs-005029-987gl,34cd8bf0-68c1-45b8-8a5f-9d0538983451,1,5167.567164
2026/02/05/00:45:40,apply-time,rs-005029-jl4m2,95a4afa7-9747-4d3a-988e-2573e7fbec22,1,5167.567164
2026/02/05/00:45:40,running-time,rs-005029-jl4m2,95a4afa7-9747-4d3a-988e-2573e7fbec22,1,5167.567164
2026/02/05/00:45:40,apply-time,rs-005030-qv9zl,a6e28834-a53e-46a1-9ce1-35183c02b366,1,5166.567164
2026/02/05/00:45:40,running-time,rs-005030-qv9zl,a6e28834-a53e-46a1-9ce1-35183c02b366,1,5167.567164
2026/02/05/00:45:40,apply-time,rs-005031-srvdx,2c5feeea-8fea-4950-8bce-374db6bf3bac,1,5167.567164
2026/02/05/00:45:40,running-time,rs-005031-srvdx,2c5feeea-8fea-4950-8bce-374db6bf3bac,1,5167.567164
2026/02/05/00:45:40,apply-time,rs-005031-xllx5,c6928ff3-336e-4dba-9e84-378a196663f2,1,5167.567164
2026/02/05/00:45:40,running-time,rs-005031-xllx5,c6928ff3-336e-4dba-9e84-378a196663f2,1,5167.567164
2026/02/05/00:45:40,apply-time,rs-005032-6dfq5,17e52404-c293-4e16-9ab5-716858a13c31,1,5167.567164
2026/02/05/00:45:40,running-time,rs-005032-6dfq5,17e52404-c293-4e16-9ab5-716858a13c31,1,5167.567164
2026/02/05/00:45:40,apply-time,rs-005032-nps9m,afb34dc1-e988-4324-baae-8d17aca6bd42,1,5167.567164
2026/02/05/00:45:40,running-time,rs-005032-nps9m,afb34dc1-e988-4324-baae-8d17aca6bd42,1,5167.567164
2026/02/05/00:45:40,apply-time,rs-005032-z8mvv,6cf210d1-ddfa-4d31-a569-0251a0e54802,1,5167.567164
2026/02/05/00:45:40,running-time,rs-005032-z8mvv,6cf210d1-ddfa-4d31-a569-0251a0e54802,1,5167.567164
2026/02/05/00:45:40,apply-time,rs-005033-jhwcs,a7dd8b15-2e45-4ea6-8c37-a7d7bf03c49f,1,5167.567164
2026/02/05/00:45:40,running-time,rs-005033-jhwcs,a7dd8b15-2e45-4ea6-8c37-a7d7bf03c49f,1,5167.567164
2026/02/05/00:45:40,apply-time,rs-005034-8k5q2,2c4e6229-2b0d-47a9-b730-cd1e6661ee8d,1,5167.567164
2026/02/05/00:45:40,running-time,rs-005034-8k5q2,2c4e6229-2b0d-47a9-b730-cd1e6661ee8d,1,5167.567164
2026/02/05/00:45:40,apply-time,rs-005035-648xf,ec1c25a4-e4ea-40d2-875f-4466edbee6f3,1,5167.567164
2026/02/05/00:45:40,running-time,rs-005035-648xf,ec1c25a4-e4ea-40d2-875f-4466edbee6f3,1,5167.567164
2026/02/05/00:45:41,apply-time,rs-005034-b7wl5,fc4b19d6-a0c1-4733-b26f-8487b3afc6de,1,5167.567164
2026/02/05/00:45:41,running-time,rs-005034-b7wl5,fc4b19d6-a0c1-4733-b26f-8487b3afc6de,1,5167.567164
2026/02/05/00:45:41,apply-time,rs-005034-xlkcs,75243e6e-f479-4b48-98d0-a2e9ca58d806,1,5167.567164
2026/02/05/00:45:41,running-time,rs-005034-xlkcs,75243e6e-f479-4b48-98d0-a2e9ca58d806,1,5167.567164
2026/02/05/00:45:41,apply-time,rs-005036-9zqsq,85e15bc0-4a91-4ea5-840f-436a82d67f15,1,5167.567164
2026/02/05/00:45:41,running-time,rs-005036-9zqsq,85e15bc0-4a91-4ea5-840f-436a82d67f15,1,5168.567164
2026/02/05/00:45:41,apply-time,rs-005036-jxl4s,75699614-f5c8-4056-bf6f-6b511c022c8c,1,5168.567164
2026/02/05/00:45:41,apply-time,rs-005036-xshmj,7d4a3dad-69bb-405a-93a8-142dc379b466,1,5168.567164
2026/02/05/00:45:44,apply-time,rs-005037-rkwjx,71a5bc26-c460-4ce9-a0fc-b6d543483d5a,1,5171.567164
2026/02/05/00:45:44,running-time,rs-005037-rkwjx,71a5bc26-c460-4ce9-a0fc-b6d543483d5a,1,5171.567164
2026/02/05/00:45:44,apply-time,rs-005037-z2l5n,436bdea8-65ba-4d5d-94fd-4f0019f39081,1,5171.567164
2026/02/05/00:45:44,running-time,rs-005037-z2l5n,436bdea8-65ba-4d5d-94fd-4f0019f39081,1,5171.567164
2026/02/05/00:45:49,apply-time,rs-005038-bnwjw,2971fea7-5b6d-4f31-a54c-fbfc8470e4b4,1,5176.567164
2026/02/05/00:45:49,running-time,rs-005038-bnwjw,2971fea7-5b6d-4f31-a54c-fbfc8470e4b4,1,5176.567164
2026/02/05/00:45:49,apply-time,rs-005038-l6g64,9843b049-89ce-4e33-ab42-96c43379bd70,1,5176.567164
2026/02/05/00:45:49,running-time,rs-005038-l6g64,9843b049-89ce-4e33-ab42-96c43379bd70,1,5176.567164
2026/02/05/00:45:49,apply-time,rs-005038-pxpt5,8f52085e-d308-4fe9-b116-2c53c3d3c24d,1,5176.567164
2026/02/05/00:45:49,apply-time,rs-005039-chzmp,6c4447ed-a335-4c16-8267-85d14166ef0c,1,5176.567164
2026/02/05/00:45:49,running-time,rs-005039-chzmp,6c4447ed-a335-4c16-8267-85d14166ef0c,1,5176.567164
2026/02/05/00:45:50,running-time,rs-005038-pxpt5,8f52085e-d308-4fe9-b116-2c53c3d3c24d,1,5176.567164
2026/02/05/00:45:50,apply-time,rs-005040-klrcx,74df086d-c23d-42bd-a975-c1d5c5a2da90,1,5177.567164
2026/02/05/00:45:50,running-time,rs-005040-klrcx,74df086d-c23d-42bd-a975-c1d5c5a2da90,1,5177.567164
2026/02/05/00:45:50,apply-time,rs-005041-hv7pn,4e445ad0-45b2-4f29-a5b8-cdb8aea24dd2,1,5177.567164
2026/02/05/00:45:50,apply-time,rs-005041-vsts7,697fdc46-9f88-4af4-96d6-411156596365,1,5177.567164
2026/02/05/00:45:50,apply-time,rs-005042-2f29w,0e22798b-98b0-4079-86c8-6a11262a87dc,1,5177.567164
2026/02/05/00:45:50,running-time,rs-005042-2f29w,0e22798b-98b0-4079-86c8-6a11262a87dc,1,5177.567164
2026/02/05/00:45:50,apply-time,rs-005043-55265,412202ef-e1b3-420b-afa5-9896c9a49d92,1,5177.567164
2026/02/05/00:45:50,running-time,rs-005043-55265,412202ef-e1b3-420b-afa5-9896c9a49d92,1,5177.567164
2026/02/05/00:45:50,apply-time,rs-005043-ln296,cd7f876b-17ed-4214-b725-93acdecd25df,1,5177.567164
2026/02/05/00:45:50,running-time,rs-005043-ln296,cd7f876b-17ed-4214-b725-93acdecd25df,1,5177.567164
2026/02/05/00:45:50,apply-time,rs-005043-lsckl,790fb498-81a3-4f09-810b-0135fc703001,1,5177.567164
2026/02/05/00:45:50,running-time,rs-005043-lsckl,790fb498-81a3-4f09-810b-0135fc703001,1,5177.567164
2026/02/05/00:45:50,apply-time,rs-005044-2lksl,d992f04f-d0b3-49e9-ad73-167383d1e355,1,5177.567164
2026/02/05/00:45:50,running-time,rs-005044-2lksl,d992f04f-d0b3-49e9-ad73-167383d1e355,1,5177.567164
2026/02/05/00:45:50,apply-time,rs-005044-dww69,5e027dd3-2378-468a-9516-e30abff39f3f,1,5177.567164
2026/02/05/00:45:50,apply-time,rs-005044-l9mg4,0b16fb71-7ad1-441f-95ff-f15f8635e4e5,1,5177.567164
2026/02/05/00:45:51,running-time,rs-005044-dww69,5e027dd3-2378-468a-9516-e30abff39f3f,1,5177.567164
2026/02/05/00:45:51,running-time,rs-005044-l9mg4,0b16fb71-7ad1-441f-95ff-f15f8635e4e5,1,5177.567164
2026/02/05/00:45:52,apply-time,rs-005045-bxtpd,1ba35cd3-9dd9-4c9d-9fee-b7742aeeea3e,1,5178.567164
2026/02/05/00:45:52,running-time,rs-005045-bxtpd,1ba35cd3-9dd9-4c9d-9fee-b7742aeeea3e,1,5178.567164
2026/02/05/00:45:52,apply-time,rs-005046-tghfp,92f07a47-8edc-4dea-899f-1dda94f2146c,1,5178.567164
2026/02/05/00:45:52,running-time,rs-005046-tghfp,92f07a47-8edc-4dea-899f-1dda94f2146c,1,5179.567164
2026/02/05/00:45:53,running-time,rs-005041-hv7pn,4e445ad0-45b2-4f29-a5b8-cdb8aea24dd2,1,5179.567164
2026/02/05/00:45:53,running-time,rs-005041-vsts7,697fdc46-9f88-4af4-96d6-411156596365,1,5179.567164
2026/02/05/00:45:53,apply-time,rs-005047-cjfds,4986f925-abb6-4efe-a668-74b50d4294b0,1,5180.567164
2026/02/05/00:45:53,running-time,rs-005047-cjfds,4986f925-abb6-4efe-a668-74b50d4294b0,1,5180.567164
2026/02/05/00:45:53,apply-time,rs-005048-lrngc,0958af38-c969-4e16-afd4-9a8820b19aa7,1,5180.567164
2026/02/05/00:45:53,running-time,rs-005048-lrngc,0958af38-c969-4e16-afd4-9a8820b19aa7,1,5180.567164
2026/02/05/00:46:04,apply-time,rs-005049-g594b,924621c3-9e68-4d3d-9e80-9078a3e1442a,1,5190.567164
2026/02/05/00:46:04,running-time,rs-005049-g594b,924621c3-9e68-4d3d-9e80-9078a3e1442a,1,5190.567164
2026/02/05/00:46:04,apply-time,rs-005050-lvdsn,03084738-4d9b-49d7-b4f5-bd0a828f2266,1,5191.567164
2026/02/05/00:46:04,running-time,rs-005050-lvdsn,03084738-4d9b-49d7-b4f5-bd0a828f2266,1,5191.567164
2026/02/05/00:46:04,apply-time,rs-005050-n7p6w,075fdc14-c10b-4b84-90ec-4a4e9e045386,1,5191.567164
2026/02/05/00:46:04,running-time,rs-005050-n7p6w,075fdc14-c10b-4b84-90ec-4a4e9e045386,1,5191.567164
2026/02/05/00:46:04,apply-time,rs-005051-47fdc,8d932940-4f5b-43ad-999d-fbba979ac776,1,5191.567164
2026/02/05/00:46:04,running-time,rs-005051-47fdc,8d932940-4f5b-43ad-999d-fbba979ac776,1,5191.567164
2026/02/05/00:46:04,apply-time,rs-005051-hdqjv,6f710ffd-0bf9-4a0e-b23c-75a51c09dbb4,1,5191.567164
2026/02/05/00:46:04,running-time,rs-005051-hdqjv,6f710ffd-0bf9-4a0e-b23c-75a51c09dbb4,1,5191.567164
2026/02/05/00:46:04,apply-time,rs-005051-lcsqv,0205ac01-3825-491a-8e88-c777f76b4473,1,5191.567164
2026/02/05/00:46:04,running-time,rs-005051-lcsqv,0205ac01-3825-491a-8e88-c777f76b4473,1,5191.567164
2026/02/05/00:46:04,apply-time,rs-005052-cv27v,e0f7518d-5894-4326-9ec9-885f30e7702a,1,5191.567164
2026/02/05/00:46:04,running-time,rs-005052-cv27v,e0f7518d-5894-4326-9ec9-885f30e7702a,1,5191.567164
2026/02/05/00:46:04,apply-time,rs-005052-p4k52,9391a1ab-ec0c-404a-ae99-b0c4811080e0,1,5191.567164
2026/02/05/00:46:04,running-time,rs-005052-p4k52,9391a1ab-ec0c-404a-ae99-b0c4811080e0,1,5191.567164
2026/02/05/00:46:04,apply-time,rs-005053-gf4wq,fbaf1ae4-9fce-48ad-bcbb-67e8fef56073,1,5191.567164
2026/02/05/00:46:04,apply-time,rs-005053-jrxxg,1d8be0d0-6664-4658-85e4-b95617dd7d78,1,5191.567164
2026/02/05/00:46:04,apply-time,rs-005054-d8xhc,ecde5c45-aa4c-4664-b609-2258403d7348,1,5191.567164
2026/02/05/00:46:04,running-time,rs-005054-d8xhc,ecde5c45-aa4c-4664-b609-2258403d7348,1,5191.567164
2026/02/05/00:46:04,apply-time,rs-005054-h24b5,7cd59cce-64fb-47d3-9e4e-96d6cce057ed,1,5191.567164
2026/02/05/00:46:04,apply-time,rs-005055-8whgq,d9b0a9c8-6b90-4826-bc29-07a233e15699,1,5191.567164
2026/02/05/00:46:04,running-time,rs-005055-8whgq,d9b0a9c8-6b90-4826-bc29-07a233e15699,1,5191.567164
2026/02/05/00:46:05,apply-time,rs-005054-7dr8x,8b08e3cc-a01a-47f4-9c0e-0c207028ee0e,1,5191.567164
2026/02/05/00:46:05,running-time,rs-005054-h24b5,7cd59cce-64fb-47d3-9e4e-96d6cce057ed,1,5191.567164
2026/02/05/00:46:06,running-time,rs-005054-7dr8x,8b08e3cc-a01a-47f4-9c0e-0c207028ee0e,1,5192.567164
2026/02/05/00:46:17,apply-time,rs-005056-57tc2,465ff3a1-2882-48f5-987a-5b9ede80aa8e,1,5204.567164
2026/02/05/00:46:17,running-time,rs-005056-57tc2,465ff3a1-2882-48f5-987a-5b9ede80aa8e,1,5204.567164
2026/02/05/00:46:17,apply-time,rs-005056-srnx8,d732e7ad-7aa0-4059-b02e-716829c3258c,1,5204.567164
2026/02/05/00:46:17,running-time,rs-005056-srnx8,d732e7ad-7aa0-4059-b02e-716829c3258c,1,5204.567164
2026/02/05/00:46:17,apply-time,rs-005057-m6lhp,b72fec19-2e9d-4729-b267-6ea746480c33,1,5204.567164
2026/02/05/00:46:17,running-time,rs-005057-m6lhp,b72fec19-2e9d-4729-b267-6ea746480c33,1,5204.567164
2026/02/05/00:46:17,apply-time,rs-005057-p79pf,acf20045-40bc-4952-b7c4-fcff960c48ab,1,5204.567164
2026/02/05/00:46:17,running-time,rs-005057-p79pf,acf20045-40bc-4952-b7c4-fcff960c48ab,1,5204.567164
2026/02/05/00:46:17,apply-time,rs-005057-vwgwt,aa79c510-4813-4018-b3c2-097a88c11a2a,1,5203.567164
2026/02/05/00:46:17,running-time,rs-005057-vwgwt,aa79c510-4813-4018-b3c2-097a88c11a2a,1,5204.567164
2026/02/05/00:46:17,apply-time,rs-005058-kvkff,40dc6948-c7ab-4170-8738-9ee0630c1f30,1,5204.567164
2026/02/05/00:46:17,running-time,rs-005058-kvkff,40dc6948-c7ab-4170-8738-9ee0630c1f30,1,5204.567164
2026/02/05/00:46:17,apply-time,rs-005059-blntk,dc76d599-406d-40d8-8c37-cd98d3a74c7f,1,5204.567164
2026/02/05/00:46:17,running-time,rs-005059-blntk,dc76d599-406d-40d8-8c37-cd98d3a74c7f,1,5204.567164
2026/02/05/00:46:17,apply-time,rs-005059-nwx9z,4b683d52-1c35-46b0-ae9a-0e1ddb915ea0,1,5204.567164
2026/02/05/00:46:17,running-time,rs-005059-nwx9z,4b683d52-1c35-46b0-ae9a-0e1ddb915ea0,1,5204.567164
2026/02/05/00:46:17,apply-time,rs-005060-9jfjs,26ad027c-94db-4f75-a6b9-9ef2efc4efe6,1,5204.567164
2026/02/05/00:46:17,apply-time,rs-005060-jvx5q,35ee9eab-d045-48c2-bd01-a78b21ce57ff,1,5204.567164
2026/02/05/00:46:17,apply-time,rs-005060-zcm5w,011c8971-320f-469d-9ab5-6318280d6492,1,5204.567164
2026/02/05/00:46:17,running-time,rs-005060-zcm5w,011c8971-320f-469d-9ab5-6318280d6492,1,5204.567164
2026/02/05/00:46:17,apply-time,rs-005061-6rfv7,3eb31dd2-d435-46f6-90ed-a78d15262caf,1,5204.567164
2026/02/05/00:46:17,running-time,rs-005061-6rfv7,3eb31dd2-d435-46f6-90ed-a78d15262caf,1,5204.567164
2026/02/05/00:46:17,apply-time,rs-005062-nrt7n,2a328fc5-71d3-4c4e-b88c-e692dea9a5f4,1,5204.567164
2026/02/05/00:46:17,running-time,rs-005062-nrt7n,2a328fc5-71d3-4c4e-b88c-e692dea9a5f4,1,5204.567164
2026/02/05/00:46:18,apply-time,rs-005063-4jbt6,f3420e4b-e476-40cc-9711-1cac7c9a5fbc,1,5204.567164
2026/02/05/00:46:18,apply-time,rs-005063-b8fwk,5fd48af3-bed4-41b9-ada0-2c5b230bb881,1,5205.567164
2026/02/05/00:46:18,apply-time,rs-005063-sphr7,d3624c1f-47a1-4270-a196-3bd2e7fe15dd,1,5205.567164
2026/02/05/00:46:18,apply-time,rs-005064-2k5b5,c566c206-e73a-4121-a534-325f81643b46,1,5204.567164
2026/02/05/00:46:18,running-time,rs-005064-2k5b5,c566c206-e73a-4121-a534-325f81643b46,1,5204.567164
2026/02/05/00:46:19,running-time,rs-005063-4jbt6,f3420e4b-e476-40cc-9711-1cac7c9a5fbc,1,5205.567164
2026/02/05/00:46:19,running-time,rs-005063-sphr7,d3624c1f-47a1-4270-a196-3bd2e7fe15dd,1,5206.567164
2026/02/05/00:46:20,running-time,rs-005060-jvx5q,35ee9eab-d045-48c2-bd01-a78b21ce57ff,1,5206.567164
2026/02/05/00:46:30,apply-time,rs-005065-6d86t,3bdb6c86-46b3-4afb-9bff-aec8a207cdc3,1,5217.567164
2026/02/05/00:46:30,running-time,rs-005065-6d86t,3bdb6c86-46b3-4afb-9bff-aec8a207cdc3,1,5217.567164
2026/02/05/00:46:30,apply-time,rs-005065-rr9kr,2e497e26-eeaf-48eb-bd10-30cf8f50466b,1,5217.567164
2026/02/05/00:46:30,running-time,rs-005065-rr9kr,2e497e26-eeaf-48eb-bd10-30cf8f50466b,1,5217.567164
2026/02/05/00:46:30,apply-time,rs-005065-x7wxr,06950486-cee8-4adf-8d8f-3f602f2fb086,1,5217.567164
2026/02/05/00:46:30,running-time,rs-005065-x7wxr,06950486-cee8-4adf-8d8f-3f602f2fb086,1,5217.567164
2026/02/05/00:46:30,apply-time,rs-005066-87tjb,ff099f84-d571-4e7b-baec-23c579c8be0d,1,5217.567164
2026/02/05/00:46:30,running-time,rs-005066-87tjb,ff099f84-d571-4e7b-baec-23c579c8be0d,1,5217.567164
2026/02/05/00:46:30,apply-time,rs-005067-6q7jc,dbb8b511-d9c4-40d9-bf28-ed30f0bcdf2e,1,5217.567164
2026/02/05/00:46:30,apply-time,rs-005067-dzfp5,5e9fc4f3-7730-40f1-9ddc-a488a0bb7918,1,5217.567164
2026/02/05/00:46:30,apply-time,rs-005067-pt7b8,bd0f1178-3854-40b3-a71e-15bf192effaa,1,5217.567164
2026/02/05/00:46:30,apply-time,rs-005068-gdmr5,a1e0ce2d-aecb-4d80-a714-6b8d8bb2d4e3,1,5217.567164
2026/02/05/00:46:30,apply-time,rs-005068-rmm64,e4f2285d-acfc-43ab-ac5e-8844090ee7ae,1,5217.567164
2026/02/05/00:46:30,running-time,rs-005068-rmm64,e4f2285d-acfc-43ab-ac5e-8844090ee7ae,1,5217.567164
2026/02/05/00:46:30,apply-time,rs-005069-4sb6r,ceca15ef-be24-4491-8d9f-9f78319b001f,1,5217.567164
2026/02/05/00:46:30,running-time,rs-005069-4sb6r,ceca15ef-be24-4491-8d9f-9f78319b001f,1,5217.567164
2026/02/05/00:46:30,apply-time,rs-005070-lvxrv,af98d148-62f5-4b7c-b75b-bd8de31f31cf,1,5217.567164
2026/02/05/00:46:31,running-time,rs-005070-lvxrv,af98d148-62f5-4b7c-b75b-bd8de31f31cf,1,5217.567164
2026/02/05/00:46:31,apply-time,rs-005070-w6kl2,4f23a63d-894f-4ae3-bea3-c6abe557cc62,1,5217.567164
2026/02/05/00:46:31,running-time,rs-005070-w6kl2,4f23a63d-894f-4ae3-bea3-c6abe557cc62,1,5217.567164
2026/02/05/00:46:31,apply-time,rs-005071-5575x,0fa43561-885e-45e9-b1f5-1a8070e98a2e,1,5218.567164
2026/02/05/00:46:31,apply-time,rs-005071-bj6hb,40cb5d73-8c10-4ab1-8d27-d66dd92ba350,1,5217.567164
2026/02/05/00:46:31,apply-time,rs-005071-psdrq,5a0d7401-155d-4eba-b38e-ba35e5a30b16,1,5218.567164
2026/02/05/00:46:31,apply-time,rs-005072-2p9rb,2f949d7b-6f52-4c8a-8c70-a1b972b3d862,1,5217.567164
2026/02/05/00:46:31,running-time,rs-005072-2p9rb,2f949d7b-6f52-4c8a-8c70-a1b972b3d862,1,5217.567164
2026/02/05/00:46:31,apply-time,rs-005072-2wz29,a8eb7d3b-0fcb-456e-8d87-9b10c6311d96,1,5218.567164
2026/02/05/00:46:31,apply-time,rs-005072-w7hb2,adfd9ef3-1965-4702-9d6f-0adef3368692,1,5218.567164
2026/02/05/00:46:32,apply-time,rs-005073-42st8,750da3f4-98e1-43f5-80a9-f17ea6bd38c2,1,5218.567164
2026/02/05/00:46:32,apply-time,rs-005073-hdd69,32cf6119-05d8-49f8-86ea-ef2880c1a12b,1,5218.567164
2026/02/05/00:46:32,apply-time,rs-005073-mg6z6,c4eb7410-2fac-482c-a11e-1ba64e74c85e,1,5218.567164
2026/02/05/00:46:32,running-time,rs-005073-mg6z6,c4eb7410-2fac-482c-a11e-1ba64e74c85e,1,5218.567164
2026/02/05/00:46:32,apply-time,rs-005074-9mv5q,3ee3918d-876c-4b68-aa84-df08f38f8e0d,1,5219.567164
2026/02/05/00:46:32,running-time,rs-005074-9mv5q,3ee3918d-876c-4b68-aa84-df08f38f8e0d,1,5219.567164
2026/02/05/00:46:32,apply-time,rs-005074-nt8r7,e954a99f-05c1-42a5-9fcd-88b19bac096f,1,5219.567164
2026/02/05/00:46:32,apply-time,rs-005075-8p6vn,58ed8c1a-d29b-4731-af7b-ffe89abb0018,1,5219.567164
2026/02/05/00:46:32,running-time,rs-005075-8p6vn,58ed8c1a-d29b-4731-af7b-ffe89abb0018,1,5219.567164
2026/02/05/00:46:32,apply-time,rs-005075-gk6rg,d3b5b0de-dfcc-4ae0-a31f-96cf904c3b5d,1,5219.567164
2026/02/05/00:46:32,running-time,rs-005075-gk6rg,d3b5b0de-dfcc-4ae0-a31f-96cf904c3b5d,1,5219.567164
2026/02/05/00:46:32,apply-time,rs-005075-tcxlt,99223684-698b-4ec8-8223-93d35c5d8092,1,5219.567164
2026/02/05/00:46:32,running-time,rs-005075-tcxlt,99223684-698b-4ec8-8223-93d35c5d8092,1,5219.567164
2026/02/05/00:46:32,apply-time,rs-005076-49xqh,4e318168-1550-42ee-b537-096da4a8c119,1,5219.567164
2026/02/05/00:46:32,running-time,rs-005076-49xqh,4e318168-1550-42ee-b537-096da4a8c119,1,5219.567164
2026/02/05/00:46:32,apply-time,rs-005076-7xjr2,7eb6049c-70c0-4c74-8b04-b39ae7c62d39,1,5219.567164
2026/02/05/00:46:32,running-time,rs-005076-7xjr2,7eb6049c-70c0-4c74-8b04-b39ae7c62d39,1,5219.567164
2026/02/05/00:46:32,apply-time,rs-005077-pd9s2,4eb3f67d-224f-4d46-8c05-d505ff8fee3f,1,5219.567164
2026/02/05/00:46:32,apply-time,rs-005080-jscsr,09ad00e4-516c-4afe-831b-39b4ae6bcf27,1,5219.567164
2026/02/05/00:46:33,running-time,rs-005071-5575x,0fa43561-885e-45e9-b1f5-1a8070e98a2e,1,5220.567164
2026/02/05/00:46:33,running-time,rs-005071-bj6hb,40cb5d73-8c10-4ab1-8d27-d66dd92ba350,1,5220.567164
2026/02/05/00:46:33,running-time,rs-005071-psdrq,5a0d7401-155d-4eba-b38e-ba35e5a30b16,1,5220.567164
2026/02/05/00:46:33,running-time,rs-005074-nt8r7,e954a99f-05c1-42a5-9fcd-88b19bac096f,1,5219.567164
2026/02/05/00:46:33,running-time,rs-005077-pd9s2,4eb3f67d-224f-4d46-8c05-d505ff8fee3f,1,5220.567164
2026/02/05/00:46:33,apply-time,rs-005077-szh92,cfc49666-114d-4e4d-8b01-b8f6a9999c71,1,5219.567164
2026/02/05/00:46:33,apply-time,rs-005077-tf2gz,c714dabe-5901-4c86-b7dc-f1c7a9a1fa6f,1,5219.567164
2026/02/05/00:46:33,apply-time,rs-005078-4xc4b,452cce6f-c4d4-46f8-b76a-8727a1d6ab07,1,5220.567164
2026/02/05/00:46:33,apply-time,rs-005078-gr7f5,3f1fc83c-dc73-4776-8fb3-a84c533811f3,1,5220.567164
2026/02/05/00:46:33,apply-time,rs-005079-7jkgd,9d69c420-e258-4bee-b6d5-6a77f3cfafd6,1,5220.567164
2026/02/05/00:46:33,apply-time,rs-005079-h6kdp,f0b556d4-bc3f-4435-8173-c72370cbe180,1,5220.567164
2026/02/05/00:46:33,apply-time,rs-005079-j264w,3173f2aa-b823-4a29-aaec-4394e034c3d3,1,5220.567164
2026/02/05/00:46:33,running-time,rs-005079-j264w,3173f2aa-b823-4a29-aaec-4394e034c3d3,1,5220.567164
2026/02/05/00:46:33,apply-time,rs-005081-7b4g7,57f63e34-8c62-425b-8fd4-dcfd33dd6923,1,5220.567164
2026/02/05/00:46:33,running-time,rs-005081-7b4g7,57f63e34-8c62-425b-8fd4-dcfd33dd6923,1,5220.567164
2026/02/05/00:46:33,apply-time,rs-005081-8c8c6,cc7ea8a5-510e-4cbb-aa04-2632f82238a2,1,5220.567164
2026/02/05/00:46:33,running-time,rs-005081-8c8c6,cc7ea8a5-510e-4cbb-aa04-2632f82238a2,1,5220.567164
2026/02/05/00:46:33,apply-time,rs-005082-f69r9,199dbdba-6f7f-402a-b23d-52ae47d3ba9e,1,5220.567164
2026/02/05/00:46:33,apply-time,rs-005083-rrvd9,916ab853-05c0-48fb-b88d-0a4f93737f0f,1,5220.567164
2026/02/05/00:46:34,running-time,rs-005078-gr7f5,3f1fc83c-dc73-4776-8fb3-a84c533811f3,1,5221.567164
2026/02/05/00:46:34,running-time,rs-005082-f69r9,199dbdba-6f7f-402a-b23d-52ae47d3ba9e,1,5221.567164
2026/02/05/00:46:34,apply-time,rs-005083-49bjs,b5bff95c-2a4b-425f-8bf4-1a782c88c614,1,5220.567164
2026/02/05/00:46:34,apply-time,rs-005083-mgkqm,10931eb0-e139-4482-9c36-ac8de6b27ec5,1,5220.567164
2026/02/05/00:46:34,running-time,rs-005083-mgkqm,10931eb0-e139-4482-9c36-ac8de6b27ec5,1,5221.567164
2026/02/05/00:46:34,running-time,rs-005083-rrvd9,916ab853-05c0-48fb-b88d-0a4f93737f0f,1,5221.567164
2026/02/05/00:46:34,apply-time,rs-005084-gqzvw,ce5ad51a-fbd9-4350-a004-2a4b8fe26100,1,5221.567164
2026/02/05/00:46:34,running-time,rs-005084-gqzvw,ce5ad51a-fbd9-4350-a004-2a4b8fe26100,1,5221.567164
2026/02/05/00:46:34,apply-time,rs-005084-j2ws6,f79043f6-5832-49f9-ac50-fd600c70d0d2,1,5221.567164
2026/02/05/00:46:34,running-time,rs-005084-j2ws6,f79043f6-5832-49f9-ac50-fd600c70d0d2,1,5221.567164
2026/02/05/00:46:34,apply-time,rs-005084-lwtgg,747fcd16-b5f9-4791-baa2-dad02a3cfe9b,1,5221.567164
2026/02/05/00:46:34,running-time,rs-005084-lwtgg,747fcd16-b5f9-4791-baa2-dad02a3cfe9b,1,5221.567164
2026/02/05/00:46:34,apply-time,rs-005085-hjvsn,0d316750-9a18-44f4-be30-f887d5950169,1,5221.567164
2026/02/05/00:46:34,apply-time,rs-005086-8c7vn,c40a857d-7652-4581-bc44-130e1f325b07,1,5221.567164
2026/02/05/00:46:34,apply-time,rs-005087-bd7j7,f1bc0374-ddd9-4ee7-9130-00b4bc2cf500,1,5221.567164
2026/02/05/00:46:34,running-time,rs-005087-bd7j7,f1bc0374-ddd9-4ee7-9130-00b4bc2cf500,1,5221.567164
2026/02/05/00:46:34,apply-time,rs-005088-6vxhp,04aa7751-9238-4f4d-8fb6-a0271ed21705,1,5221.567164
2026/02/05/00:46:35,running-time,rs-005073-hdd69,32cf6119-05d8-49f8-86ea-ef2880c1a12b,1,5222.567164
2026/02/05/00:46:35,running-time,rs-005077-szh92,cfc49666-114d-4e4d-8b01-b8f6a9999c71,1,5222.567164
2026/02/05/00:46:35,running-time,rs-005086-8c7vn,c40a857d-7652-4581-bc44-130e1f325b07,1,5222.567164
2026/02/05/00:46:36,running-time,rs-005077-tf2gz,c714dabe-5901-4c86-b7dc-f1c7a9a1fa6f,1,5223.567164
2026/02/05/00:46:37,running-time,rs-005083-49bjs,b5bff95c-2a4b-425f-8bf4-1a782c88c614,1,5223.567164
2026/02/05/00:46:37,apply-time,rs-005089-qdxwd,d5dc4a11-4e51-4f9f-8d2e-402368db5baa,1,5223.567164
2026/02/05/00:46:37,running-time,rs-005089-qdxwd,d5dc4a11-4e51-4f9f-8d2e-402368db5baa,1,5224.567164
2026/02/05/00:46:37,apply-time,rs-005089-szrnt,5c0bc27e-5cde-47b8-a2a0-c4b72f75e78d,1,5223.567164
2026/02/05/00:46:37,running-time,rs-005089-szrnt,5c0bc27e-5cde-47b8-a2a0-c4b72f75e78d,1,5223.567164
2026/02/05/00:46:38,running-time,rs-005073-42st8,750da3f4-98e1-43f5-80a9-f17ea6bd38c2,1,5225.567164
2026/02/05/00:46:39,running-time,rs-005068-gdmr5,a1e0ce2d-aecb-4d80-a714-6b8d8bb2d4e3,1,5226.567164
2026/02/05/00:46:41,apply-time,rs-005090-gbvsh,ccc1b4ed-9d14-493c-a993-d179fd40b93f,1,5228.567164
2026/02/05/00:46:41,running-time,rs-005090-gbvsh,ccc1b4ed-9d14-493c-a993-d179fd40b93f,1,5228.567164
2026/02/05/00:46:41,apply-time,rs-005090-h87bh,b2eb8fac-5156-4769-8df3-8edd329d3862,1,5228.567164
2026/02/05/00:46:41,apply-time,rs-005090-sdp6n,22d2c019-8da9-4b4e-80c7-5f7c29b19914,1,5228.567164
2026/02/05/00:46:41,running-time,rs-005090-sdp6n,22d2c019-8da9-4b4e-80c7-5f7c29b19914,1,5228.567164
2026/02/05/00:46:41,apply-time,rs-005091-8xvxl,1728c0d0-fd61-45fc-9c02-732da1df6644,1,5228.567164
2026/02/05/00:46:41,apply-time,rs-005092-55db7,0bf7f2db-0659-4fd5-a734-d86ec51c5fa9,1,5228.567164
2026/02/05/00:46:41,running-time,rs-005092-55db7,0bf7f2db-0659-4fd5-a734-d86ec51c5fa9,1,5228.567164
2026/02/05/00:46:41,apply-time,rs-005093-l5dr7,4641d73e-e1c3-431d-bb3b-be2aba41a42a,1,5228.567164
2026/02/05/00:46:41,running-time,rs-005093-l5dr7,4641d73e-e1c3-431d-bb3b-be2aba41a42a,1,5228.567164
2026/02/05/00:46:41,apply-time,rs-005093-mh8cl,4ffeb393-78a1-4e0f-b461-ca6a4b76acf3,1,5228.567164
2026/02/05/00:46:41,apply-time,rs-005093-t8k4l,b6481cb6-d3f0-4e2d-877d-2129bed1d0e4,1,5228.567164
2026/02/05/00:46:41,apply-time,rs-005094-chwh5,36ce8e42-920e-4b94-b52b-01e5202ddd70,1,5228.567164
2026/02/05/00:46:41,apply-time,rs-005094-d7dzc,76f6ca1a-87e5-4e8c-9ab0-8d68cb51495a,1,5228.567164
2026/02/05/00:46:41,running-time,rs-005094-d7dzc,76f6ca1a-87e5-4e8c-9ab0-8d68cb51495a,1,5228.567164
2026/02/05/00:46:41,apply-time,rs-005094-gx428,8c2d5760-7a21-452a-8aa7-ec76c8f3658c,1,5228.567164
2026/02/05/00:46:41,apply-time,rs-005095-jg488,cef1c3d0-0715-4b7a-89a0-3cf585a2ac67,1,5228.567164
2026/02/05/00:46:41,running-time,rs-005095-jg488,cef1c3d0-0715-4b7a-89a0-3cf585a2ac67,1,5228.567164
2026/02/05/00:46:42,running-time,rs-005091-8xvxl,1728c0d0-fd61-45fc-9c02-732da1df6644,1,5228.567164
2026/02/05/00:46:42,running-time,rs-005093-mh8cl,4ffeb393-78a1-4e0f-b461-ca6a4b76acf3,1,5228.567164
2026/02/05/00:46:42,running-time,rs-005093-t8k4l,b6481cb6-d3f0-4e2d-877d-2129bed1d0e4,1,5228.567164
2026/02/05/00:46:42,running-time,rs-005094-chwh5,36ce8e42-920e-4b94-b52b-01e5202ddd70,1,5228.567164
2026/02/05/00:46:42,running-time,rs-005094-gx428,8c2d5760-7a21-452a-8aa7-ec76c8f3658c,1,5228.567164
2026/02/05/00:46:42,apply-time,rs-005096-5d27n,7ff9030c-d08e-4ced-9e35-68d835efafbf,1,5228.567164
2026/02/05/00:46:42,apply-time,rs-005096-72xxh,13fdca73-0d72-4d3f-8442-be05781d9f55,1,5229.567164
2026/02/05/00:46:42,apply-time,rs-005097-9dn4l,bdc52ce8-8551-4bd6-becd-cffec6f08921,1,5228.567164
2026/02/05/00:46:43,running-time,rs-005096-5d27n,7ff9030c-d08e-4ced-9e35-68d835efafbf,1,5229.567164
2026/02/05/00:46:43,running-time,rs-005096-72xxh,13fdca73-0d72-4d3f-8442-be05781d9f55,1,5230.567164
2026/02/05/00:46:43,apply-time,rs-005098-6s4zf,14086257-1f6d-4df5-8dba-1acf014b157d,1,5229.567164
2026/02/05/00:46:43,running-time,rs-005098-6s4zf,14086257-1f6d-4df5-8dba-1acf014b157d,1,5230.567164
2026/02/05/00:46:43,apply-time,rs-005098-m6kv2,960028a4-71ec-4244-be8f-880b431c173b,1,5229.567164
2026/02/05/00:46:44,apply-time,rs-005099-8b7vk,a8087deb-3af0-4b95-9863-bbf28a3293e0,1,5231.567164
2026/02/05/00:46:44,apply-time,rs-005099-gjcpc,59b504d3-6112-4b49-84c6-277014ea23c7,1,5231.567164
2026/02/05/00:46:44,apply-time,rs-005099-npjhp,ee9fd445-9b40-4378-b8d5-5c2df929a648,1,5231.567164
2026/02/05/00:46:45,running-time,rs-005099-gjcpc,59b504d3-6112-4b49-84c6-277014ea23c7,1,5232.567164
2026/02/05/00:46:45,running-time,rs-005099-npjhp,ee9fd445-9b40-4378-b8d5-5c2df929a648,1,5231.567164
2026/02/05/00:46:45,apply-time,rs-005100-498n4,1bc45ed1-f9e5-4514-a96d-f2b2cb4120bf,1,5232.567164
2026/02/05/00:46:45,apply-time,rs-005100-w252l,bf37e75a-1fb5-4514-bb92-2aa141b02009,1,5232.567164
2026/02/05/00:46:45,running-time,rs-005100-w252l,bf37e75a-1fb5-4514-bb92-2aa141b02009,1,5232.567164
2026/02/05/00:46:45,apply-time,rs-005101-gbld4,61d4c1b2-f532-4e48-9b03-429eb21496d7,1,5232.567164
2026/02/05/00:46:45,apply-time,rs-005101-wc2z2,977d4f59-56ec-4491-b69a-d665bdc4f043,1,5232.567164
2026/02/05/00:46:45,apply-time,rs-005104-vdvg5,a9e16a8a-125f-441a-b0ed-f21bd9e10616,1,5232.567164
2026/02/05/00:46:46,apply-time,rs-005102-m59k2,bc28a1db-9ff7-419a-84ce-c25de6e60021,1,5232.567164
2026/02/05/00:46:46,apply-time,rs-005102-wrbjl,0317fb91-a906-4ade-903a-25f7d4b445a9,1,5232.567164
2026/02/05/00:46:46,apply-time,rs-005103-7wgz7,3af679f9-37e3-443a-8a5f-d5205f976c87,1,5232.567164
2026/02/05/00:46:46,running-time,rs-005103-7wgz7,3af679f9-37e3-443a-8a5f-d5205f976c87,1,5232.567164
2026/02/05/00:46:46,apply-time,rs-005103-q8j7f,3d8b4ad7-8842-476a-bcbc-9c42cdb1c7b1,1,5232.567164
2026/02/05/00:46:46,running-time,rs-005103-q8j7f,3d8b4ad7-8842-476a-bcbc-9c42cdb1c7b1,1,5232.567164
2026/02/05/00:46:46,apply-time,rs-005104-96gp6,0a036231-9ae0-4b68-93c7-63df2513f552,1,5232.567164
2026/02/05/00:46:46,running-time,rs-005104-96gp6,0a036231-9ae0-4b68-93c7-63df2513f552,1,5232.567164
2026/02/05/00:46:46,running-time,rs-005104-vdvg5,a9e16a8a-125f-441a-b0ed-f21bd9e10616,1,5232.567164
2026/02/05/00:46:46,apply-time,rs-005104-vmvc8,e9341b49-90f9-41d2-bdc6-c33c8478df78,1,5232.567164
2026/02/05/00:46:46,running-time,rs-005104-vmvc8,e9341b49-90f9-41d2-bdc6-c33c8478df78,1,5232.567164
2026/02/05/00:46:48,running-time,rs-005101-wc2z2,977d4f59-56ec-4491-b69a-d665bdc4f043,1,5234.567164
2026/02/05/00:46:49,running-time,rs-005100-498n4,1bc45ed1-f9e5-4514-a96d-f2b2cb4120bf,1,5236.567164
2026/02/05/00:46:50,running-time,rs-005097-9dn4l,bdc52ce8-8551-4bd6-becd-cffec6f08921,1,5237.567164
2026/02/05/00:46:51,apply-time,rs-005105-q6xnd,123bd4ca-d05f-4338-a595-18b262115d77,1,5237.567164
2026/02/05/00:46:51,apply-time,rs-005105-wjlnc,8c0c9cb5-9070-46e6-955d-eb27e1e1b474,1,5237.567164
2026/02/05/00:46:51,apply-time,rs-005105-wm2c6,c6dfb39d-1551-4aa0-a911-35ab91097f79,1,5237.567164
2026/02/05/00:46:51,running-time,rs-005105-wm2c6,c6dfb39d-1551-4aa0-a911-35ab91097f79,1,5237.567164
2026/02/05/00:46:51,apply-time,rs-005106-ltt7q,2e7bae08-b9f8-403d-bd68-d3d170908ce7,1,5237.567164
2026/02/05/00:46:51,apply-time,rs-005107-j782b,fd172552-242e-4a3e-a978-2af685435272,1,5237.567164
2026/02/05/00:46:51,apply-time,rs-005107-ltqg8,5e6b788b-d36d-4a85-a73b-677c23f6024f,1,5237.567164
2026/02/05/00:46:51,apply-time,rs-005108-f7tcj,39beb48e-3c6f-4860-8958-0cfbfe555e77,1,5237.567164
2026/02/05/00:46:51,apply-time,rs-005108-rkpzl,7b365e71-2bdd-4aa5-a522-5c895ebf0e24,1,5237.567164
2026/02/05/00:46:51,apply-time,rs-005109-s95wn,0b99891a-e43e-4d1a-9e72-883fdccefe1c,1,5237.567164
2026/02/05/00:46:51,apply-time,rs-005110-8s8d9,58062295-0248-4724-bd72-259b8bb4f237,1,5238.567164
2026/02/05/00:46:51,apply-time,rs-005110-g4wvb,4fb705b1-92b4-42f1-ba6d-96ad67eab2a5,1,5238.567164
2026/02/05/00:46:51,apply-time,rs-005110-srsn5,0f294fbc-e00f-40f3-90b0-0387fb5978f9,1,5238.567164
2026/02/05/00:46:53,running-time,rs-005108-f7tcj,39beb48e-3c6f-4860-8958-0cfbfe555e77,1,5240.567164
2026/02/05/00:46:53,running-time,rs-005108-rkpzl,7b365e71-2bdd-4aa5-a522-5c895ebf0e24,1,5239.567164
2026/02/05/00:46:53,running-time,rs-005109-s95wn,0b99891a-e43e-4d1a-9e72-883fdccefe1c,1,5240.567164
2026/02/05/00:46:55,apply-time,rs-005111-58jmv,13d41b7c-fa0c-4630-9163-3e721656818f,1,5242.567164
2026/02/05/00:46:55,apply-time,rs-005111-dkrvh,87ef1dcc-33a2-44ad-b42b-0aaf9f9eb768,1,5242.567164
2026/02/05/00:46:55,apply-time,rs-005111-gxt5j,aa154998-1c05-4c18-bf7b-2ac83f860c4e,1,5242.567164
2026/02/05/00:46:55,apply-time,rs-005112-57m5g,07e13376-c3fb-4ba3-8257-225c6481c97a,1,5242.567164
2026/02/05/00:46:55,running-time,rs-005112-57m5g,07e13376-c3fb-4ba3-8257-225c6481c97a,1,5242.567164
2026/02/05/00:46:55,apply-time,rs-005112-gkld6,43fe7768-bd22-48cd-90bf-49a2f0a85738,1,5242.567164
2026/02/05/00:46:55,running-time,rs-005112-gkld6,43fe7768-bd22-48cd-90bf-49a2f0a85738,1,5242.567164
2026/02/05/00:46:55,apply-time,rs-005113-b7hcv,b1e0434b-2f94-46b5-8969-d0e36cf5c231,1,5242.567164
2026/02/05/00:46:55,apply-time,rs-005114-t4zdv,05143ce8-0474-4938-b657-b5ab829758c5,1,5242.567164
2026/02/05/00:46:55,running-time,rs-005114-t4zdv,05143ce8-0474-4938-b657-b5ab829758c5,1,5242.567164
2026/02/05/00:46:56,running-time,rs-005113-b7hcv,b1e0434b-2f94-46b5-8969-d0e36cf5c231,1,5243.567164
2026/02/05/00:46:56,apply-time,rs-005115-xb8qn,3216951a-0f1a-405d-9d8b-abac64b8af25,1,5242.567164
2026/02/05/00:46:56,running-time,rs-005115-xb8qn,3216951a-0f1a-405d-9d8b-abac64b8af25,1,5242.567164
2026/02/05/00:46:56,apply-time,rs-005116-7btwp,7a9612af-2e42-42ea-8c93-ed8c10843e96,1,5242.567164
2026/02/05/00:46:56,apply-time,rs-005116-jgmnc,751c8635-c070-4503-bd29-70742d92928a,1,5242.567164
2026/02/05/00:46:56,running-time,rs-005116-jgmnc,751c8635-c070-4503-bd29-70742d92928a,1,5242.567164
2026/02/05/00:46:56,apply-time,rs-005117-ktzkz,ad39a337-b38d-4ceb-979b-24c8d93fa44b,1,5242.567164
2026/02/05/00:46:56,apply-time,rs-005117-kvdnm,867e8ac1-91a9-40d1-b0b5-21fb6db4a345,1,5243.567164
2026/02/05/00:46:56,apply-time,rs-005118-cp5lj,a8cd0c4f-1319-4e7c-afe0-50904b17be1d,1,5243.567164
2026/02/05/00:46:56,running-time,rs-005118-cp5lj,a8cd0c4f-1319-4e7c-afe0-50904b17be1d,1,5243.567164
2026/02/05/00:46:56,apply-time,rs-005118-h5dcp,b8fb8d11-e267-400d-af59-23ea50816f8a,1,5243.567164
2026/02/05/00:46:56,running-time,rs-005118-h5dcp,b8fb8d11-e267-400d-af59-23ea50816f8a,1,5243.567164
2026/02/05/00:46:56,apply-time,rs-005118-m2gd2,26d45ebe-45b6-4f9e-b5d1-3d3eed065aec,1,5242.567164
2026/02/05/00:46:56,running-time,rs-005118-m2gd2,26d45ebe-45b6-4f9e-b5d1-3d3eed065aec,1,5242.567164
2026/02/05/00:46:56,apply-time,rs-005119-685dm,456999ab-259a-48b3-be7f-580ecb5a7803,1,5243.567164
2026/02/05/00:46:56,apply-time,rs-005119-9tkrt,128f23e6-596d-401d-84c1-403011b42e0d,1,5243.567164
2026/02/05/00:47:00,apply-time,rs-005120-25p7m,92f9157a-c355-4f33-a9d1-af9be512fa4f,1,5246.567164
2026/02/05/00:47:00,running-time,rs-005120-25p7m,92f9157a-c355-4f33-a9d1-af9be512fa4f,1,5246.567164
2026/02/05/00:47:00,apply-time,rs-005120-27jjf,11599f74-9d2f-4b4b-a3b8-1cbf627f86c5,1,5246.567164
2026/02/05/00:47:00,running-time,rs-005120-27jjf,11599f74-9d2f-4b4b-a3b8-1cbf627f86c5,1,5246.567164
2026/02/05/00:47:00,apply-time,rs-005120-dxkph,7522a2f6-9b6d-4a4b-98b8-deab23d113aa,1,5246.567164
2026/02/05/00:47:00,running-time,rs-005120-dxkph,7522a2f6-9b6d-4a4b-98b8-deab23d113aa,1,5246.567164
2026/02/05/00:47:00,apply-time,rs-005121-749ls,52ed86af-3db0-4e70-937b-eeed0b61e425,1,5246.567164
2026/02/05/00:47:00,apply-time,rs-005121-rq2sj,0c80558e-c7d4-4360-bedf-0be292dcc10e,1,5246.567164
2026/02/05/00:47:01,running-time,rs-005117-ktzkz,ad39a337-b38d-4ceb-979b-24c8d93fa44b,1,5247.567164
2026/02/05/00:47:02,running-time,rs-005121-749ls,52ed86af-3db0-4e70-937b-eeed0b61e425,1,5248.567164
2026/02/05/00:47:04,running-time,rs-005121-rq2sj,0c80558e-c7d4-4360-bedf-0be292dcc10e,1,5250.567164
2026/02/05/00:47:05,running-time,rs-005117-kvdnm,867e8ac1-91a9-40d1-b0b5-21fb6db4a345,1,5252.567164
2026/02/05/00:47:05,apply-time,rs-005122-4cj82,37e8a907-57fd-4feb-b699-97ae3435b18e,1,5252.567164
2026/02/05/00:47:05,running-time,rs-005122-4cj82,37e8a907-57fd-4feb-b699-97ae3435b18e,1,5252.567164
2026/02/05/00:47:05,apply-time,rs-005123-829c7,95f169be-b1c7-4329-b7c3-161b82912db3,1,5252.567164
2026/02/05/00:47:05,running-time,rs-005123-829c7,95f169be-b1c7-4329-b7c3-161b82912db3,1,5252.567164
2026/02/05/00:47:05,apply-time,rs-005124-4m84d,4c472a10-bc44-4a4d-8514-37470b49a9f0,1,5252.567164
2026/02/05/00:47:05,apply-time,rs-005124-bwvbd,412194f4-f980-4861-8d57-03c7c334b613,1,5252.567164
2026/02/05/00:47:05,apply-time,rs-005124-h2vjr,d0fb1d15-b6d5-4a5c-8a5f-e51fa5e240a2,1,5252.567164
2026/02/05/00:47:05,apply-time,rs-005125-6sssb,d7fea4f6-2c06-46a5-b3e0-3e3d6dc82321,1,5252.567164
2026/02/05/00:47:05,apply-time,rs-005125-d4p5d,52a87991-c974-4593-8194-ad97308c84a6,1,5252.567164
2026/02/05/00:47:05,apply-time,rs-005125-rnhgs,3f1fa307-df7f-422e-9ba3-095a0bd44347,1,5252.567164
2026/02/05/00:47:07,running-time,rs-005125-rnhgs,3f1fa307-df7f-422e-9ba3-095a0bd44347,1,5253.567164
2026/02/05/00:47:07,apply-time,rs-005126-57747,4385532a-4489-40d0-9057-e8c75475b445,1,5254.567164
2026/02/05/00:47:07,apply-time,rs-005126-qkcs2,1597124d-2880-4ae0-a99c-c6de5d507e83,1,5254.567164
2026/02/05/00:47:07,running-time,rs-005126-qkcs2,1597124d-2880-4ae0-a99c-c6de5d507e83,1,5254.567164
2026/02/05/00:47:07,apply-time,rs-005127-kkkwr,71fc111b-839d-4104-9bb6-15041725dbea,1,5254.567164
2026/02/05/00:47:07,running-time,rs-005127-kkkwr,71fc111b-839d-4104-9bb6-15041725dbea,1,5254.567164
2026/02/05/00:47:07,apply-time,rs-005127-xvk2l,d6e53d04-8ebf-480d-a449-6e56cb2e1901,1,5254.567164
2026/02/05/00:47:07,running-time,rs-005127-xvk2l,d6e53d04-8ebf-480d-a449-6e56cb2e1901,1,5254.567164
2026/02/05/00:47:07,apply-time,rs-005128-xfvm8,065de264-5222-4fbb-bdbf-4010d59182df,1,5254.567164
2026/02/05/00:47:08,running-time,rs-005126-57747,4385532a-4489-40d0-9057-e8c75475b445,1,5255.567164
2026/02/05/00:47:10,apply-time,rs-005129-jdjjm,a8eebbf3-bb73-4064-a0f3-d12a8fb83347,1,5257.567164
2026/02/05/00:47:10,running-time,rs-005129-jdjjm,a8eebbf3-bb73-4064-a0f3-d12a8fb83347,1,5257.567164
2026/02/05/00:47:10,apply-time,rs-005129-sql6m,0538533f-e0c7-4353-a137-c4b4bd3db691,1,5257.567164
2026/02/05/00:47:10,running-time,rs-005129-sql6m,0538533f-e0c7-4353-a137-c4b4bd3db691,1,5257.567164
2026/02/05/00:47:10,apply-time,rs-005130-4wzb9,14f87bc0-f812-4395-8699-03eec05bd226,1,5257.567164
2026/02/05/00:47:10,apply-time,rs-005130-crcps,5736dfea-aa7a-4b3d-8f34-40bfc57652f1,1,5257.567164
2026/02/05/00:47:10,apply-time,rs-005131-9lj7d,88200132-e3a8-4976-85b8-aa46db72b882,1,5257.567164
2026/02/05/00:47:10,apply-time,rs-005131-sp2jc,ff05a9c8-8730-4511-b356-f3dced9b758a,1,5257.567164
2026/02/05/00:47:10,apply-time,rs-005132-cn6tg,2d0ecdd6-5d18-4d88-85d1-5a713c101949,1,5257.567164
2026/02/05/00:47:11,running-time,rs-005130-4wzb9,14f87bc0-f812-4395-8699-03eec05bd226,1,5258.567164
2026/02/05/00:47:11,running-time,rs-005130-crcps,5736dfea-aa7a-4b3d-8f34-40bfc57652f1,1,5258.567164
2026/02/05/00:47:11,apply-time,rs-005133-78wfc,3e24d11f-fc50-4f2f-870b-df70a38da19d,1,5258.567164
2026/02/05/00:47:11,apply-time,rs-005133-8bsjk,bf6de390-f149-4c0d-94a4-6778802947d6,1,5258.567164
2026/02/05/00:47:11,apply-time,rs-005133-vxf58,734bd52c-b952-42a9-a577-668bb5e63329,1,5258.567164
2026/02/05/00:47:14,running-time,rs-005131-9lj7d,88200132-e3a8-4976-85b8-aa46db72b882,1,5261.567164
2026/02/05/00:47:14,running-time,rs-005131-sp2jc,ff05a9c8-8730-4511-b356-f3dced9b758a,1,5260.567164
2026/02/05/00:47:15,running-time,rs-005125-6sssb,d7fea4f6-2c06-46a5-b3e0-3e3d6dc82321,1,5262.567164
2026/02/05/00:47:15,running-time,rs-005125-d4p5d,52a87991-c974-4593-8194-ad97308c84a6,1,5262.567164
2026/02/05/00:47:17,apply-time,rs-005134-8ps6x,b39c5f1f-0da4-4362-91b3-f716a3eda0cf,1,5263.567164
2026/02/05/00:47:17,apply-time,rs-005134-c7r9h,f05c267d-925b-4675-996e-29e22fe2458b,1,5263.567164
2026/02/05/00:47:17,apply-time,rs-005134-smq8r,06abeb04-b14d-4fab-9a66-1621ea70cf15,1,5263.567164
2026/02/05/00:47:17,apply-time,rs-005135-2jcp5,d418d3b8-5a69-4745-be19-63735144aaba,1,5263.567164
2026/02/05/00:47:17,apply-time,rs-005135-psttd,1c6962e0-11dd-41d4-94ba-d00078763177,1,5263.567164
2026/02/05/00:47:17,apply-time,rs-005136-h682l,05c6c060-b50b-4b8a-b348-02cf9fcddef7,1,5263.567164
2026/02/05/00:47:17,apply-time,rs-005136-l8sz8,43280c6f-349c-4c4c-9c4a-2f3355888669,1,5263.567164
2026/02/05/00:47:17,running-time,rs-005136-l8sz8,43280c6f-349c-4c4c-9c4a-2f3355888669,1,5264.567164
2026/02/05/00:47:17,apply-time,rs-005136-qjm7p,ccb0778c-35da-4cae-a3d6-e902a30bc3c8,1,5263.567164
2026/02/05/00:47:17,running-time,rs-005136-qjm7p,ccb0778c-35da-4cae-a3d6-e902a30bc3c8,1,5264.567164
2026/02/05/00:47:17,apply-time,rs-005137-wfjp9,387a3179-3494-46d5-8b2e-578220a62bc3,1,5264.567164
2026/02/05/00:47:17,apply-time,rs-005138-6hpfg,e6a1b5be-6771-4d2d-b3c7-c55f979a97e3,1,5264.567164
2026/02/05/00:47:18,apply-time,rs-005139-5rs2l,bda878ec-b805-4310-8266-60c675e8db1c,1,5264.567164
2026/02/05/00:47:18,apply-time,rs-005139-65rdm,3f905170-3a26-4d2e-a9c9-1f2149438b24,1,5264.567164
2026/02/05/00:47:18,apply-time,rs-005139-tv787,0e09d6be-d306-4774-848d-bbfa8ca0c025,1,5264.567164
2026/02/05/00:47:18,apply-time,rs-005140-hsltg,de6e178a-3e22-4cca-bfad-b22e0d4b8dc3,1,5264.567164
2026/02/05/00:47:18,apply-time,rs-005141-wh5xf,9755a3db-690b-4f5b-913f-2ab1cc73f345,1,5264.567164
2026/02/05/00:47:18,apply-time,rs-005141-x6rsk,0b34352f-77c5-4b41-95ba-d7ffc63fcccf,1,5265.567164
2026/02/05/00:47:18,apply-time,rs-005142-2zxff,91078cca-7e03-4a34-8b54-84b152dcc366,1,5265.567164
2026/02/05/00:47:18,apply-time,rs-005142-hjbgq,af9b2259-a3d3-4cc9-ba84-0dcec1e9c2d8,1,5265.567164
2026/02/05/00:47:18,apply-time,rs-005142-pj4nd,623f0297-afbf-4e89-9e4c-6b729b9d454c,1,5265.567164
2026/02/05/00:47:18,apply-time,rs-005143-kv7f7,022dc7f8-d5c5-4f2d-9a9c-fe0816a94423,1,5265.567164
2026/02/05/00:47:18,apply-time,rs-005144-k7xc4,bbdb01b8-5aae-44aa-a1f4-56132018e159,1,5265.567164
2026/02/05/00:47:18,apply-time,rs-005144-wjxpz,e8128f89-0b8c-4500-9357-6d1b8222e776,1,5265.567164
2026/02/05/00:47:18,apply-time,rs-005146-fn9cb,53cc7822-646f-40d3-a4e6-7ad6e64ea982,1,5265.567164
2026/02/05/00:47:19,running-time,rs-005136-h682l,05c6c060-b50b-4b8a-b348-02cf9fcddef7,1,5265.567164
2026/02/05/00:47:19,running-time,rs-005142-2zxff,91078cca-7e03-4a34-8b54-84b152dcc366,1,5265.567164
2026/02/05/00:47:19,running-time,rs-005142-hjbgq,af9b2259-a3d3-4cc9-ba84-0dcec1e9c2d8,1,5265.567164
2026/02/05/00:47:19,apply-time,rs-005145-tgt77,cb6d1abc-9215-4da6-88e8-6dd99d6452eb,1,5266.567164
2026/02/05/00:47:19,apply-time,rs-005145-tx2q8,9f6a3603-5566-4416-b8df-bd849a4ae8d3,1,5265.567164
2026/02/05/00:47:19,apply-time,rs-005145-xpw6d,1c2ad49a-7431-42c0-a795-779d6e5dd66b,1,5266.567164
2026/02/05/00:47:20,running-time,rs-005137-wfjp9,387a3179-3494-46d5-8b2e-578220a62bc3,1,5267.567164
2026/02/05/00:47:20,running-time,rs-005142-pj4nd,623f0297-afbf-4e89-9e4c-6b729b9d454c,1,5267.567164
2026/02/05/00:47:21,running-time,rs-005134-8ps6x,b39c5f1f-0da4-4362-91b3-f716a3eda0cf,1,5268.567164
2026/02/05/00:47:21,running-time,rs-005134-c7r9h,f05c267d-925b-4675-996e-29e22fe2458b,1,5268.567164
2026/02/05/00:47:21,running-time,rs-005139-5rs2l,bda878ec-b805-4310-8266-60c675e8db1c,1,5268.567164
2026/02/05/00:47:21,running-time,rs-005139-65rdm,3f905170-3a26-4d2e-a9c9-1f2149438b24,1,5268.567164
2026/02/05/00:47:21,running-time,rs-005140-hsltg,de6e178a-3e22-4cca-bfad-b22e0d4b8dc3,1,5268.567164
2026/02/05/00:47:21,running-time,rs-005144-k7xc4,bbdb01b8-5aae-44aa-a1f4-56132018e159,1,5267.567164
2026/02/05/00:47:21,running-time,rs-005144-wjxpz,e8128f89-0b8c-4500-9357-6d1b8222e776,1,5267.567164
2026/02/05/00:47:22,running-time,rs-005139-tv787,0e09d6be-d306-4774-848d-bbfa8ca0c025,1,5269.567164
2026/02/05/00:47:22,running-time,rs-005141-wh5xf,9755a3db-690b-4f5b-913f-2ab1cc73f345,1,5268.567164
2026/02/05/00:47:22,running-time,rs-005141-x6rsk,0b34352f-77c5-4b41-95ba-d7ffc63fcccf,1,5269.567164
2026/02/05/00:47:24,running-time,rs-005098-m6kv2,960028a4-71ec-4244-be8f-880b431c173b,1,5271.567164
2026/02/05/00:47:30,apply-time,rs-005147-gflxv,289446aa-9b8e-4896-99f6-13b1302702c7,1,5276.567164
2026/02/05/00:47:30,running-time,rs-005147-gflxv,289446aa-9b8e-4896-99f6-13b1302702c7,1,5276.567164
2026/02/05/00:47:30,apply-time,rs-005148-ccxxv,b2698f0c-480f-4c75-9a4c-e157da1f71ff,1,5276.567164
2026/02/05/00:47:30,apply-time,rs-005148-rh5h7,4b0c5152-9be5-4a5b-b008-91a53d1d3a96,1,5276.567164
2026/02/05/00:47:30,apply-time,rs-005149-6g2cs,32102ed5-d6cf-45ed-8bbf-599fcf041fdd,1,5276.567164
2026/02/05/00:47:30,running-time,rs-005149-6g2cs,32102ed5-d6cf-45ed-8bbf-599fcf041fdd,1,5276.567164
2026/02/05/00:47:30,apply-time,rs-005149-nb2jz,3e922d7d-be9b-481c-a4a7-5e54f3441e53,1,5276.567164
2026/02/05/00:47:30,running-time,rs-005149-nb2jz,3e922d7d-be9b-481c-a4a7-5e54f3441e53,1,5276.567164
2026/02/05/00:47:30,apply-time,rs-005150-464wp,555f5d9b-1b0a-4b15-a1e2-1a9db533cc0e,1,5277.567164
2026/02/05/00:47:30,apply-time,rs-005150-mks55,baefdc9e-1f69-42aa-a5a5-3536cc3177c7,1,5276.567164
2026/02/05/00:47:30,apply-time,rs-005151-qphsb,b8c35af4-e095-4a82-a720-8a7de33d0938,1,5277.567164
2026/02/05/00:47:30,running-time,rs-005151-qphsb,b8c35af4-e095-4a82-a720-8a7de33d0938,1,5277.567164
2026/02/05/00:47:30,apply-time,rs-005151-tldlv,06588eb0-7a84-4910-af2d-0f94f0a3140b,1,5277.567164
2026/02/05/00:47:30,running-time,rs-005151-tldlv,06588eb0-7a84-4910-af2d-0f94f0a3140b,1,5277.567164
2026/02/05/00:47:30,apply-time,rs-005152-zhd29,7fe7a8fd-1ae4-414f-b021-c8e22b063d90,1,5277.567164
2026/02/05/00:47:30,running-time,rs-005152-zhd29,7fe7a8fd-1ae4-414f-b021-c8e22b063d90,1,5277.567164
2026/02/05/00:47:30,apply-time,rs-005153-mp4b9,7ef58e41-8407-4a0c-8ce1-2bbe76e8116f,1,5277.567164
2026/02/05/00:47:30,running-time,rs-005153-mp4b9,7ef58e41-8407-4a0c-8ce1-2bbe76e8116f,1,5277.567164
2026/02/05/00:47:30,apply-time,rs-005154-mhkbl,7736e9eb-a608-4aba-8cab-e2653bfeb9a9,1,5277.567164
2026/02/05/00:47:30,apply-time,rs-005155-cskwk,9d45c19f-9221-4dd5-af53-6041a657198a,1,5277.567164
2026/02/05/00:47:31,apply-time,rs-005152-skhlv,04ece986-2ad9-4bd5-9262-60ec7ae156d8,1,5277.567164
2026/02/05/00:47:31,running-time,rs-005152-skhlv,04ece986-2ad9-4bd5-9262-60ec7ae156d8,1,5277.567164
2026/02/05/00:47:31,apply-time,rs-005156-4s7c4,6da41fbf-e8aa-43a0-93d6-c89f90ea0f25,1,5277.567164
2026/02/05/00:47:31,apply-time,rs-005156-99rs8,7c26ef01-27eb-4747-8827-af4980299bda,1,5277.567164
2026/02/05/00:47:31,running-time,rs-005156-99rs8,7c26ef01-27eb-4747-8827-af4980299bda,1,5277.567164
2026/02/05/00:47:31,apply-time,rs-005156-zzxxl,d572e623-4b69-47c5-986d-66c400f854ae,1,5277.567164
2026/02/05/00:47:31,running-time,rs-005156-zzxxl,d572e623-4b69-47c5-986d-66c400f854ae,1,5277.567164
2026/02/05/00:47:31,apply-time,rs-005157-6nclp,a3a4dd47-cb96-47b1-921d-cbcdb1692878,1,5278.567164
2026/02/05/00:47:31,apply-time,rs-005158-8pzdk,8e165442-73db-49a5-acd0-f3644951166f,1,5278.567164
2026/02/05/00:47:31,apply-time,rs-005159-rncnc,b5c25c03-1f3d-4d4a-bbf9-7fafa649beb2,1,5278.567164
2026/02/05/00:47:32,running-time,rs-005156-4s7c4,6da41fbf-e8aa-43a0-93d6-c89f90ea0f25,1,5279.567164
2026/02/05/00:47:32,running-time,rs-005158-8pzdk,8e165442-73db-49a5-acd0-f3644951166f,1,5279.567164
2026/02/05/00:47:32,apply-time,rs-005160-gzt59,a96fcdef-91f3-4206-8590-f15294b2ad2c,1,5279.567164
2026/02/05/00:47:32,running-time,rs-005160-gzt59,a96fcdef-91f3-4206-8590-f15294b2ad2c,1,5279.567164
2026/02/05/00:47:32,apply-time,rs-005161-gjhmj,cdc99c97-0e17-4696-a77e-6a85c7a7b2c8,1,5279.567164
2026/02/05/00:47:32,apply-time,rs-005161-j77jg,bbbe3c49-ed6b-4281-974a-073db2bd4b25,1,5279.567164
2026/02/05/00:47:32,apply-time,rs-005161-rcmd6,6fc41e65-57c6-4aa8-8a42-28511ed10e2c,1,5279.567164
2026/02/05/00:47:33,apply-time,rs-005160-p24nt,8c09c2c9-2642-4093-b695-fdec89e33ba8,1,5279.567164
2026/02/05/00:47:33,running-time,rs-005160-p24nt,8c09c2c9-2642-4093-b695-fdec89e33ba8,1,5279.567164
2026/02/05/00:47:33,apply-time,rs-005160-r99ln,25dbbf7e-0f6c-4e49-b760-6cb4301079d7,1,5279.567164
2026/02/05/00:47:33,running-time,rs-005160-r99ln,25dbbf7e-0f6c-4e49-b760-6cb4301079d7,1,5279.567164
2026/02/05/00:47:33,apply-time,rs-005162-pl4k7,53477655-6096-4763-bf38-5749ba55e72f,1,5279.567164
2026/02/05/00:47:33,running-time,rs-005162-pl4k7,53477655-6096-4763-bf38-5749ba55e72f,1,5279.567164
2026/02/05/00:47:33,apply-time,rs-005163-zl6kk,ba4bdd0a-7eb7-45b1-9920-0c5ca9c48aad,1,5279.567164
2026/02/05/00:47:33,running-time,rs-005163-zl6kk,ba4bdd0a-7eb7-45b1-9920-0c5ca9c48aad,1,5279.567164
2026/02/05/00:47:33,apply-time,rs-005164-lzb2k,c922b506-c549-4854-b7b2-7053af2e1446,1,5280.567164
2026/02/05/00:47:33,running-time,rs-005164-lzb2k,c922b506-c549-4854-b7b2-7053af2e1446,1,5280.567164
2026/02/05/00:47:33,apply-time,rs-005165-5x5sg,495369e5-ac97-4072-af4d-7737947258da,1,5280.567164
2026/02/05/00:47:34,running-time,rs-005155-cskwk,9d45c19f-9221-4dd5-af53-6041a657198a,1,5280.567164
2026/02/05/00:47:34,apply-time,rs-005166-mm4tw,b9f9b5e0-40f8-4389-a9f3-a4d7b030f0e1,1,5280.567164
2026/02/05/00:47:34,running-time,rs-005166-mm4tw,b9f9b5e0-40f8-4389-a9f3-a4d7b030f0e1,1,5280.567164
2026/02/05/00:47:34,apply-time,rs-005166-rnmb2,da7c6e01-bf14-42cb-a422-52c60c224e03,1,5280.567164
2026/02/05/00:47:34,running-time,rs-005166-rnmb2,da7c6e01-bf14-42cb-a422-52c60c224e03,1,5280.567164
2026/02/05/00:47:44,apply-time,rs-004094-nfgtg,00bbb749-c52a-416d-b11e-13e152395151,1,5291.567164
2026/02/05/00:47:44,running-time,rs-004094-nfgtg,00bbb749-c52a-416d-b11e-13e152395151,1,5291.567164
2026/02/05/00:47:44,running-time,rs-005146-fn9cb,53cc7822-646f-40d3-a4e6-7ad6e64ea982,1,5291.567164
2026/02/05/00:47:46,apply-time,rs-005167-6twjm,8f52c5c3-7305-4ec4-858d-8a322dd4f553,1,5293.567164
2026/02/05/00:47:46,running-time,rs-005167-6twjm,8f52c5c3-7305-4ec4-858d-8a322dd4f553,1,5293.567164
2026/02/05/00:47:46,apply-time,rs-005168-n89jh,1a770159-2721-41d5-b626-d338bb6cd32d,1,5293.567164
2026/02/05/00:47:46,running-time,rs-005168-n89jh,1a770159-2721-41d5-b626-d338bb6cd32d,1,5293.567164
2026/02/05/00:47:46,apply-time,rs-005169-6bf9x,2669e9e2-5e06-4bac-a411-e422594d1d77,1,5293.567164
2026/02/05/00:47:46,running-time,rs-005169-6bf9x,2669e9e2-5e06-4bac-a411-e422594d1d77,1,5293.567164
2026/02/05/00:47:46,apply-time,rs-005169-6nch2,0da39ccc-9e83-4ac4-b454-37f4dc7d0ef2,1,5293.567164
2026/02/05/00:47:46,running-time,rs-005169-6nch2,0da39ccc-9e83-4ac4-b454-37f4dc7d0ef2,1,5293.567164
2026/02/05/00:47:46,apply-time,rs-005169-qv7xd,de5da447-0353-4be6-8650-d40fdb5334ce,1,5293.567164
2026/02/05/00:47:46,running-time,rs-005169-qv7xd,de5da447-0353-4be6-8650-d40fdb5334ce,1,5293.567164
2026/02/05/00:47:46,apply-time,rs-005170-456gj,856128bb-81ba-4aba-96ae-f415653abc1c,1,5293.567164
2026/02/05/00:47:46,running-time,rs-005170-456gj,856128bb-81ba-4aba-96ae-f415653abc1c,1,5293.567164
2026/02/05/00:47:46,apply-time,rs-005170-c26db,35e5ef70-3289-4039-aad8-b4a5471c08c5,1,5293.567164
2026/02/05/00:47:46,running-time,rs-005170-c26db,35e5ef70-3289-4039-aad8-b4a5471c08c5,1,5293.567164
2026/02/05/00:47:46,apply-time,rs-005170-cn9jx,02e301a9-6cc8-4f40-8b06-9fc42921fbb9,1,5293.567164
2026/02/05/00:47:46,running-time,rs-005170-cn9jx,02e301a9-6cc8-4f40-8b06-9fc42921fbb9,1,5293.567164
2026/02/05/00:47:54,apply-time,rs-005171-ftgth,ec8de9c7-9061-4af3-b719-c552a138c687,1,5301.567164
2026/02/05/00:47:54,running-time,rs-005171-ftgth,ec8de9c7-9061-4af3-b719-c552a138c687,1,5301.567164
2026/02/05/00:47:54,apply-time,rs-005172-p8gp2,4cb273dd-6d54-43ba-a943-fea04b819cc9,1,5301.567164
2026/02/05/00:47:54,running-time,rs-005172-p8gp2,4cb273dd-6d54-43ba-a943-fea04b819cc9,1,5301.567164
2026/02/05/00:47:54,apply-time,rs-005173-8sfp6,d375bd96-26ba-448c-9d66-823685c805c8,1,5301.567164
2026/02/05/00:47:54,running-time,rs-005173-8sfp6,d375bd96-26ba-448c-9d66-823685c805c8,1,5301.567164
2026/02/05/00:47:54,apply-time,rs-005173-tmrsz,0d2109b9-3e12-4e3e-aae4-20ecb45e476a,1,5301.567164
2026/02/05/00:47:54,running-time,rs-005173-tmrsz,0d2109b9-3e12-4e3e-aae4-20ecb45e476a,1,5301.567164
2026/02/05/00:47:54,apply-time,rs-005174-vz6hr,917d1704-91ee-4af9-af33-40aabafc55fe,1,5301.567164
2026/02/05/00:47:54,running-time,rs-005174-vz6hr,917d1704-91ee-4af9-af33-40aabafc55fe,1,5301.567164
2026/02/05/00:48:05,apply-time,rs-005175-4r4hk,7395786a-29ea-4737-9d8b-e77401e50021,1,5312.567164
2026/02/05/00:48:05,running-time,rs-005175-4r4hk,7395786a-29ea-4737-9d8b-e77401e50021,1,5312.567164
2026/02/05/00:48:05,apply-time,rs-005175-9b7j9,ebb1f750-5b72-4f4e-9d99-9267c5a29f30,1,5312.567164
2026/02/05/00:48:05,running-time,rs-005175-9b7j9,ebb1f750-5b72-4f4e-9d99-9267c5a29f30,1,5312.567164
2026/02/05/00:48:05,apply-time,rs-005175-v5bgw,d6f16ef8-ef65-4eca-98ad-e4833d9beeff,1,5312.567164
2026/02/05/00:48:05,running-time,rs-005175-v5bgw,d6f16ef8-ef65-4eca-98ad-e4833d9beeff,1,5312.567164
2026/02/05/00:48:05,apply-time,rs-005176-4tbgd,5d77ad25-4b87-48d2-8d59-08951f66167c,1,5312.567164
2026/02/05/00:48:05,running-time,rs-005176-4tbgd,5d77ad25-4b87-48d2-8d59-08951f66167c,1,5312.567164
2026/02/05/00:48:05,apply-time,rs-005176-rtfl2,d6160c61-ce96-4b1a-a406-fceb041f8e48,1,5312.567164
2026/02/05/00:48:05,apply-time,rs-005177-rgbdq,2a00a347-aeb5-44c9-bffd-2d0d7ccb2d98,1,5312.567164
2026/02/05/00:48:05,running-time,rs-005177-rgbdq,2a00a347-aeb5-44c9-bffd-2d0d7ccb2d98,1,5312.567164
2026/02/05/00:48:05,apply-time,rs-005177-xcb7x,ceba03aa-b6a9-4477-a076-888b70d902b8,1,5312.567164
2026/02/05/00:48:05,running-time,rs-005177-xcb7x,ceba03aa-b6a9-4477-a076-888b70d902b8,1,5312.567164
2026/02/05/00:48:08,apply-time,rs-005178-dvr75,280d4e02-0f99-429b-bfeb-0f47785d03e1,1,5315.567164
2026/02/05/00:48:08,running-time,rs-005178-dvr75,280d4e02-0f99-429b-bfeb-0f47785d03e1,1,5315.567164
2026/02/05/00:48:08,apply-time,rs-005179-jmrdt,edf80fba-115f-49ac-97ee-42da0aa33416,1,5315.567164
2026/02/05/00:48:08,running-time,rs-005179-jmrdt,edf80fba-115f-49ac-97ee-42da0aa33416,1,5315.567164
2026/02/05/00:48:08,apply-time,rs-005179-t8w2w,ec5c1ec6-d8f1-4835-8b94-0b49a90ab88e,1,5315.567164
2026/02/05/00:48:08,running-time,rs-005179-t8w2w,ec5c1ec6-d8f1-4835-8b94-0b49a90ab88e,1,5315.567164
2026/02/05/00:48:08,apply-time,rs-005180-c2rtb,fe488118-9a5f-48af-9be7-490a870e7cbc,1,5315.567164
2026/02/05/00:48:08,apply-time,rs-005181-2mw6k,5c158bbb-093e-4ca5-b9bb-e88154dde788,1,5315.567164
2026/02/05/00:48:08,running-time,rs-005181-2mw6k,5c158bbb-093e-4ca5-b9bb-e88154dde788,1,5315.567164
2026/02/05/00:48:08,apply-time,rs-005181-nt5tx,98c143b3-d44d-4ac0-a0f0-e330667b3d74,1,5315.567164
2026/02/05/00:48:08,running-time,rs-005181-nt5tx,98c143b3-d44d-4ac0-a0f0-e330667b3d74,1,5315.567164
2026/02/05/00:48:08,apply-time,rs-005181-rssmf,d42d8164-1d76-4aa1-891e-5da6306c47cb,1,5315.567164
2026/02/05/00:48:08,running-time,rs-005181-rssmf,d42d8164-1d76-4aa1-891e-5da6306c47cb,1,5315.567164
2026/02/05/00:48:09,apply-time,rs-005182-nhvm6,1875171e-b05e-4913-800d-a135de4e17a9,1,5316.567164
2026/02/05/00:48:09,apply-time,rs-005182-vbnt2,2547fa98-0ee2-41d6-ab92-5b0e60176afa,1,5316.567164
2026/02/05/00:48:09,apply-time,rs-005183-psmnl,09b22fde-27ff-4703-9f44-1d0be1a9ba01,1,5316.567164
2026/02/05/00:48:09,running-time,rs-005183-psmnl,09b22fde-27ff-4703-9f44-1d0be1a9ba01,1,5316.567164
2026/02/05/00:48:09,apply-time,rs-005184-x77dp,a1e67521-7255-46de-9e95-9fade501fc74,1,5316.567164
2026/02/05/00:48:09,running-time,rs-005184-x77dp,a1e67521-7255-46de-9e95-9fade501fc74,1,5316.567164
2026/02/05/00:48:13,apply-time,rs-005185-dxd4p,3a9d36ec-7301-4cda-abc3-eb4c60e6da2d,1,5319.567164
2026/02/05/00:48:13,running-time,rs-005185-dxd4p,3a9d36ec-7301-4cda-abc3-eb4c60e6da2d,1,5319.567164
2026/02/05/00:48:13,apply-time,rs-005186-2g957,e3cdebb5-6b95-4519-b842-3cfbe0bf1ac9,1,5319.567164
2026/02/05/00:48:13,apply-time,rs-005186-fgqrx,aee7a82d-fa8d-46d7-8fcd-93fdb8cadf71,1,5319.567164
2026/02/05/00:48:13,apply-time,rs-005186-lsj62,e15a7955-d46a-480e-87f7-da172cd1f0db,1,5319.567164
2026/02/05/00:48:13,apply-time,rs-005187-fdvt7,fd95becc-6ecc-454c-9d82-6a2c02483c50,1,5319.567164
2026/02/05/00:48:13,running-time,rs-005187-fdvt7,fd95becc-6ecc-454c-9d82-6a2c02483c50,1,5319.567164
2026/02/05/00:48:13,apply-time,rs-005187-s65ns,6142e7d9-9faf-43e8-b2ad-8fab9d07c2c8,1,5319.567164
2026/02/05/00:48:13,running-time,rs-005187-s65ns,6142e7d9-9faf-43e8-b2ad-8fab9d07c2c8,1,5319.567164
2026/02/05/00:48:13,apply-time,rs-005188-2bbwr,a26e2bc2-ab7d-4898-86ea-4a521fb8b764,1,5319.567164
2026/02/05/00:48:13,apply-time,rs-005189-25cwf,9f295403-ee30-4927-b60d-1f4a9d8c4db7,1,5319.567164
2026/02/05/00:48:13,running-time,rs-005189-25cwf,9f295403-ee30-4927-b60d-1f4a9d8c4db7,1,5319.567164
2026/02/05/00:48:13,apply-time,rs-005189-492ql,07563a0c-0b0d-412e-b188-056284456369,1,5319.567164
2026/02/05/00:48:13,running-time,rs-005189-492ql,07563a0c-0b0d-412e-b188-056284456369,1,5319.567164
2026/02/05/00:48:13,apply-time,rs-005189-d6xf4,f7b80eb3-849d-4f68-b9cd-4fcb245ea740,1,5319.567164
2026/02/05/00:48:13,running-time,rs-005189-d6xf4,f7b80eb3-849d-4f68-b9cd-4fcb245ea740,1,5320.567164
2026/02/05/00:48:13,apply-time,rs-005190-xhxsg,a521e48e-a247-43a8-80c4-fc942092d44a,1,5320.567164
2026/02/05/00:48:13,running-time,rs-005190-xhxsg,a521e48e-a247-43a8-80c4-fc942092d44a,1,5320.567164
2026/02/05/00:48:13,apply-time,rs-005191-6mqzt,73a9c32d-3b42-4c66-baff-43ac1f6a1243,1,5320.567164
2026/02/05/00:48:13,running-time,rs-005191-6mqzt,73a9c32d-3b42-4c66-baff-43ac1f6a1243,1,5320.567164
2026/02/05/00:48:13,apply-time,rs-005191-j9v2c,69939403-b0e0-4de0-8a17-bf35b31c0df6,1,5320.567164
2026/02/05/00:48:13,running-time,rs-005191-j9v2c,69939403-b0e0-4de0-8a17-bf35b31c0df6,1,5320.567164
2026/02/05/00:48:13,apply-time,rs-005191-pltkz,f6e13b05-7920-4c6f-b6b3-3e5ef453af92,1,5320.567164
2026/02/05/00:48:13,running-time,rs-005191-pltkz,f6e13b05-7920-4c6f-b6b3-3e5ef453af92,1,5320.567164
2026/02/05/00:48:13,apply-time,rs-005194-psjgz,50ad51cf-3cf6-4cd4-b5c9-31f89357670d,1,5320.567164
2026/02/05/00:48:13,running-time,rs-005194-psjgz,50ad51cf-3cf6-4cd4-b5c9-31f89357670d,1,5320.567164
2026/02/05/00:48:14,apply-time,rs-005192-f4k5p,a8dc9388-596b-4a73-acd9-2314e7bc9674,1,5320.567164
2026/02/05/00:48:14,apply-time,rs-005193-hpdd2,974f6682-2660-4648-9b53-8fe0a6dc19e2,1,5320.567164
2026/02/05/00:48:14,running-time,rs-005193-hpdd2,974f6682-2660-4648-9b53-8fe0a6dc19e2,1,5320.567164
2026/02/05/00:48:14,apply-time,rs-005193-k6m26,4616ca3e-905d-40ea-b37f-0add41f11954,1,5321.567164
2026/02/05/00:48:14,running-time,rs-005193-k6m26,4616ca3e-905d-40ea-b37f-0add41f11954,1,5321.567164
2026/02/05/00:48:14,apply-time,rs-005194-pcpq6,1c0fda7c-9eee-4d54-8c1f-812a031d731e,1,5320.567164
2026/02/05/00:48:14,running-time,rs-005194-pcpq6,1c0fda7c-9eee-4d54-8c1f-812a031d731e,1,5320.567164
2026/02/05/00:48:14,apply-time,rs-005194-q4tp4,8b2efee1-48b9-4360-b71f-452ad1142dba,1,5320.567164
2026/02/05/00:48:14,running-time,rs-005194-q4tp4,8b2efee1-48b9-4360-b71f-452ad1142dba,1,5320.567164
2026/02/05/00:48:14,apply-time,rs-005195-7q8bq,bc706cc4-1159-4e9f-b9c3-0db01ac6de46,1,5320.567164
2026/02/05/00:48:14,apply-time,rs-005195-8gqbk,db6b96f9-b644-4c8d-b0d6-b0cf53586770,1,5321.567164
2026/02/05/00:48:14,apply-time,rs-005196-9lqrv,3b9ecfed-f179-418c-864d-b76898297948,1,5321.567164
2026/02/05/00:48:14,running-time,rs-005196-9lqrv,3b9ecfed-f179-418c-864d-b76898297948,1,5321.567164
2026/02/05/00:48:14,apply-time,rs-005196-gcb88,f85256d2-1ff2-4993-b0e9-7f5d1a1dbff2,1,5321.567164
2026/02/05/00:48:14,running-time,rs-005196-gcb88,f85256d2-1ff2-4993-b0e9-7f5d1a1dbff2,1,5321.567164
2026/02/05/00:48:14,apply-time,rs-005197-kn8xw,ea7f2511-cc6c-4c2c-945c-9b03877906b8,1,5321.567164
2026/02/05/00:48:14,apply-time,rs-005197-x2bzb,cab1bbfb-4945-4ad8-b0e7-ca5aac5095ec,1,5321.567164
2026/02/05/00:48:14,running-time,rs-005197-x2bzb,cab1bbfb-4945-4ad8-b0e7-ca5aac5095ec,1,5321.567164
2026/02/05/00:48:14,apply-time,rs-005198-dfnjx,5a029a50-7638-4664-ae1a-d2f26092850b,1,5321.567164
2026/02/05/00:48:15,running-time,rs-005192-f4k5p,a8dc9388-596b-4a73-acd9-2314e7bc9674,1,5322.567164
2026/02/05/00:48:15,running-time,rs-005197-kn8xw,ea7f2511-cc6c-4c2c-945c-9b03877906b8,1,5321.567164
2026/02/05/00:48:15,apply-time,rs-005198-44psc,e21f4ece-3c72-4248-9efa-3011b217bb9d,1,5321.567164
2026/02/05/00:48:15,apply-time,rs-005198-fvfxn,321f225c-7979-49cd-b3e8-39f9deb6b1b4,1,5321.567164
2026/02/05/00:48:15,apply-time,rs-005199-845w8,1d685fce-8f66-4de1-af94-6021d0e9e531,1,5322.567164
2026/02/05/00:48:15,running-time,rs-005199-845w8,1d685fce-8f66-4de1-af94-6021d0e9e531,1,5322.567164
2026/02/05/00:48:15,apply-time,rs-005199-bwg48,262b6181-b6c3-4278-9ff3-e168a3ebef1d,1,5322.567164
2026/02/05/00:48:15,apply-time,rs-005200-5hmsv,2431ce3c-0443-4786-9d27-afbec5bf5a1b,1,5322.567164
2026/02/05/00:48:15,running-time,rs-005200-5hmsv,2431ce3c-0443-4786-9d27-afbec5bf5a1b,1,5322.567164
2026/02/05/00:48:15,apply-time,rs-005200-7qd8h,d79adbac-e97c-44f2-903a-2ccdb5151632,1,5322.567164
2026/02/05/00:48:15,running-time,rs-005200-7qd8h,d79adbac-e97c-44f2-903a-2ccdb5151632,1,5322.567164
2026/02/05/00:48:15,apply-time,rs-005200-vgbsb,55eecba1-e771-4b61-a02a-cc95f1bbce3c,1,5322.567164
2026/02/05/00:48:15,apply-time,rs-005201-qglzz,98e7ca76-d5b5-449e-8916-d6767e60c1bc,1,5322.567164
2026/02/05/00:48:15,apply-time,rs-005202-h9fhw,2446c285-8f4d-45a2-a9a2-6c2bae2c8ebe,1,5322.567164
2026/02/05/00:48:15,apply-time,rs-005203-lg2bz,be51cf42-e2d8-4bd9-9e17-f46fdbb695e9,1,5322.567164
2026/02/05/00:48:15,running-time,rs-005203-lg2bz,be51cf42-e2d8-4bd9-9e17-f46fdbb695e9,1,5322.567164
2026/02/05/00:48:16,running-time,rs-005199-bwg48,262b6181-b6c3-4278-9ff3-e168a3ebef1d,1,5322.567164
2026/02/05/00:48:16,running-time,rs-005200-vgbsb,55eecba1-e771-4b61-a02a-cc95f1bbce3c,1,5322.567164
2026/02/05/00:48:16,apply-time,rs-005203-7cf2h,fc427d37-b2bc-44e4-a375-d933db2c3b86,1,5322.567164
2026/02/05/00:48:16,running-time,rs-005203-7cf2h,fc427d37-b2bc-44e4-a375-d933db2c3b86,1,5323.567164
2026/02/05/00:48:16,apply-time,rs-005204-btsq8,0f64844a-b5cc-4793-82a4-b3c35d944e28,1,5323.567164
2026/02/05/00:48:16,apply-time,rs-005204-stvmp,19e19832-bd3f-4658-98f5-89775c562c72,1,5323.567164
2026/02/05/00:48:16,running-time,rs-005204-stvmp,19e19832-bd3f-4658-98f5-89775c562c72,1,5323.567164
2026/02/05/00:48:16,apply-time,rs-005205-9jwr2,e92df6f4-b57d-4712-b529-f122b813d15e,1,5323.567164
2026/02/05/00:48:16,apply-time,rs-005205-pqsh9,2a013c92-7cc1-4a52-bc9f-172cd188f9c9,1,5323.567164
2026/02/05/00:48:16,apply-time,rs-005206-t4t2k,f26fb4ba-2d67-4b19-97c8-223370c6e9df,1,5323.567164
2026/02/05/00:48:17,apply-time,rs-005206-tbx5s,d3968831-b533-47f6-a8e5-bd2534d7ca3c,1,5323.567164
2026/02/05/00:48:17,apply-time,rs-005208-97hzj,3a678346-fe61-460f-8a92-fb0d47a38a2e,1,5324.567164
2026/02/05/00:48:17,running-time,rs-005208-97hzj,3a678346-fe61-460f-8a92-fb0d47a38a2e,1,5324.567164
2026/02/05/00:48:17,apply-time,rs-005209-tl889,7d27b514-d6b1-4ce7-92c4-29837ea08a3d,1,5324.567164
2026/02/05/00:48:17,running-time,rs-005209-tl889,7d27b514-d6b1-4ce7-92c4-29837ea08a3d,1,5324.567164
2026/02/05/00:48:17,apply-time,rs-005210-56chx,d02accd3-d530-4227-9560-8591f0a3ec89,1,5324.567164
2026/02/05/00:48:17,running-time,rs-005210-56chx,d02accd3-d530-4227-9560-8591f0a3ec89,1,5324.567164
2026/02/05/00:48:17,apply-time,rs-005211-pgtfn,2457ba17-4b6e-43db-8c25-85f48ea50ec8,1,5324.567164
2026/02/05/00:48:18,apply-time,rs-005211-8wkmc,ab9449f2-923f-476f-9642-f66d21ee7ff7,1,5325.567164
2026/02/05/00:48:18,running-time,rs-005211-8wkmc,ab9449f2-923f-476f-9642-f66d21ee7ff7,1,5325.567164
2026/02/05/00:48:18,apply-time,rs-005211-fwmlv,2e227505-9cc0-4655-be7b-18e7db342a40,1,5324.567164
2026/02/05/00:48:18,running-time,rs-005211-fwmlv,2e227505-9cc0-4655-be7b-18e7db342a40,1,5325.567164
2026/02/05/00:48:18,apply-time,rs-005212-9njst,28bb9241-200d-4066-9a60-d9070db9b5ba,1,5324.567164
2026/02/05/00:48:18,running-time,rs-005212-9njst,28bb9241-200d-4066-9a60-d9070db9b5ba,1,5324.567164
2026/02/05/00:48:18,apply-time,rs-005212-s8qkt,cf135596-722e-45fe-87a7-3963c9a2ca9e,1,5325.567164
2026/02/05/00:48:18,running-time,rs-005212-s8qkt,cf135596-722e-45fe-87a7-3963c9a2ca9e,1,5325.567164
2026/02/05/00:48:18,apply-time,rs-005213-6czf8,1ccb951b-0ceb-4970-85f1-22dd26bc48e3,1,5325.567164
2026/02/05/00:48:18,running-time,rs-005213-6czf8,1ccb951b-0ceb-4970-85f1-22dd26bc48e3,1,5325.567164
2026/02/05/00:48:18,apply-time,rs-005214-2l9r7,60c6e01e-b6a9-4639-ba74-077a6b235a95,1,5325.567164
2026/02/05/00:48:18,apply-time,rs-005214-gkkdl,a7af11ae-52b6-42d4-8b7e-bbab2e5260b9,1,5325.567164
2026/02/05/00:48:18,running-time,rs-005214-gkkdl,a7af11ae-52b6-42d4-8b7e-bbab2e5260b9,1,5325.567164
2026/02/05/00:48:18,apply-time,rs-005214-gvg44,d37971b8-84f2-4199-822f-5d714dfa9c78,1,5325.567164
2026/02/05/00:48:18,apply-time,rs-005215-t55qw,0ce74142-13b8-475d-91f5-89362ac53445,1,5325.567164
2026/02/05/00:48:18,apply-time,rs-005216-4kk8w,4447a35b-1330-46eb-a154-cb5d147c9b9f,1,5325.567164
2026/02/05/00:48:18,apply-time,rs-005216-5fjvw,bb71d020-3346-4875-9edc-eb149c90d694,1,5325.567164
2026/02/05/00:48:19,running-time,rs-005211-pgtfn,2457ba17-4b6e-43db-8c25-85f48ea50ec8,1,5325.567164
2026/02/05/00:48:19,apply-time,rs-005215-h7hl4,b3e6a927-ed34-48e0-bffd-a2f14d191042,1,5326.567164
2026/02/05/00:48:19,apply-time,rs-005215-pwnx4,dc5c9877-b026-4589-9604-12c6c753599b,1,5325.567164
2026/02/05/00:48:19,running-time,rs-005215-t55qw,0ce74142-13b8-475d-91f5-89362ac53445,1,5325.567164
2026/02/05/00:48:19,apply-time,rs-005217-btnb4,c7c96504-112d-4760-9f20-0b05394223d4,1,5325.567164
2026/02/05/00:48:19,running-time,rs-005217-btnb4,c7c96504-112d-4760-9f20-0b05394223d4,1,5325.567164
2026/02/05/00:48:19,apply-time,rs-005217-rhfvh,0a27389b-e44d-4f10-b8cd-5b3154e77741,1,5326.567164
2026/02/05/00:48:19,apply-time,rs-005218-l2tlz,b0519a03-2cd7-44f7-804c-0f4dee71506f,1,5325.567164
2026/02/05/00:48:19,apply-time,rs-005220-jqvdq,fde689bf-5672-4324-aac8-ad861aa4511c,1,5326.567164
2026/02/05/00:48:19,apply-time,rs-005221-8p6hc,f01901b9-a49a-4e2d-b8eb-d60d4bdf2b41,1,5326.567164
2026/02/05/00:48:19,running-time,rs-005221-8p6hc,f01901b9-a49a-4e2d-b8eb-d60d4bdf2b41,1,5326.567164
2026/02/05/00:48:19,apply-time,rs-005222-khrz4,143ece9d-67cc-4046-84bd-818606060dee,1,5326.567164
2026/02/05/00:48:19,running-time,rs-005222-khrz4,143ece9d-67cc-4046-84bd-818606060dee,1,5326.567164
2026/02/05/00:48:20,running-time,rs-005217-rhfvh,0a27389b-e44d-4f10-b8cd-5b3154e77741,1,5327.567164
2026/02/05/00:48:21,running-time,rs-005214-gvg44,d37971b8-84f2-4199-822f-5d714dfa9c78,1,5328.567164
2026/02/05/00:48:21,running-time,rs-005215-h7hl4,b3e6a927-ed34-48e0-bffd-a2f14d191042,1,5327.567164
2026/02/05/00:48:21,apply-time,rs-005225-927wl,ee9a3eee-3ee6-47c7-8498-24cc0877d230,1,5328.567164
2026/02/05/00:48:21,running-time,rs-005225-927wl,ee9a3eee-3ee6-47c7-8498-24cc0877d230,1,5328.567164
2026/02/05/00:48:21,apply-time,rs-005225-jbbwv,abc521e6-e2fb-4e6c-9f01-49a0a4c295a0,1,5328.567164
2026/02/05/00:48:21,running-time,rs-005225-jbbwv,abc521e6-e2fb-4e6c-9f01-49a0a4c295a0,1,5328.567164
2026/02/05/00:48:21,apply-time,rs-005226-4v9h4,e6780d6e-5f73-401c-8490-bd00130da5ad,1,5328.567164
2026/02/05/00:48:21,running-time,rs-005226-4v9h4,e6780d6e-5f73-401c-8490-bd00130da5ad,1,5328.567164
2026/02/05/00:48:21,apply-time,rs-005226-76bzf,25d8e018-1278-48c6-ae29-009b945f5a05,1,5328.567164
2026/02/05/00:48:21,running-time,rs-005226-76bzf,25d8e018-1278-48c6-ae29-009b945f5a05,1,5328.567164
2026/02/05/00:48:21,apply-time,rs-005227-v5wts,bfe89848-3c08-4797-89a0-7bd52656f512,1,5328.567164
2026/02/05/00:48:21,apply-time,rs-005228-xzpwk,7ca8c997-3a2a-4b76-8074-b4407714e40e,1,5328.567164
2026/02/05/00:48:22,apply-time,rs-005227-hhfn8,44cce4d2-5c69-4366-b6e1-12fb2820f9f6,1,5328.567164
2026/02/05/00:48:23,running-time,rs-005214-2l9r7,60c6e01e-b6a9-4639-ba74-077a6b235a95,1,5329.567164
2026/02/05/00:48:23,running-time,rs-005215-pwnx4,dc5c9877-b026-4589-9604-12c6c753599b,1,5330.567164
2026/02/05/00:48:23,running-time,rs-005228-xzpwk,7ca8c997-3a2a-4b76-8074-b4407714e40e,1,5329.567164
2026/02/05/00:48:23,apply-time,rs-005229-j78z5,5fd09c69-5481-4c5f-8abe-5c3e229cc11c,1,5329.567164
2026/02/05/00:48:23,running-time,rs-005229-j78z5,5fd09c69-5481-4c5f-8abe-5c3e229cc11c,1,5329.567164
2026/02/05/00:48:23,apply-time,rs-005230-p7p2j,4edc0ecd-be59-4252-bbaf-3ac0d5c442bf,1,5330.567164
2026/02/05/00:48:23,apply-time,rs-005230-zjnq9,d1b33029-722b-4c75-ac17-85802810fb34,1,5329.567164
2026/02/05/00:48:24,running-time,rs-005198-44psc,e21f4ece-3c72-4248-9efa-3011b217bb9d,1,5330.567164
2026/02/05/00:48:24,running-time,rs-005227-hhfn8,44cce4d2-5c69-4366-b6e1-12fb2820f9f6,1,5331.567164
2026/02/05/00:48:24,running-time,rs-005227-v5wts,bfe89848-3c08-4797-89a0-7bd52656f512,1,5330.567164
2026/02/05/00:48:31,running-time,rs-005230-zjnq9,d1b33029-722b-4c75-ac17-85802810fb34,1,5338.567164
2026/02/05/00:48:31,apply-time,rs-005231-zkd4t,2312f3af-16fc-4777-9019-5551511784e8,1,5338.567164
2026/02/05/00:48:31,running-time,rs-005231-zkd4t,2312f3af-16fc-4777-9019-5551511784e8,1,5338.567164
2026/02/05/00:48:31,apply-time,rs-005232-kt2tw,d7b2fdd7-f77e-40fa-822d-21bcaf703ce1,1,5338.567164
2026/02/05/00:48:31,running-time,rs-005232-kt2tw,d7b2fdd7-f77e-40fa-822d-21bcaf703ce1,1,5338.567164
2026/02/05/00:48:32,apply-time,rs-005233-r25fh,aad42b27-ad9c-428a-8921-adc0ad2cdf12,1,5338.567164
2026/02/05/00:48:32,apply-time,rs-005234-hcvbj,227dfb58-2367-40e2-9a5e-9598f681d60d,1,5338.567164
2026/02/05/00:48:32,running-time,rs-005234-hcvbj,227dfb58-2367-40e2-9a5e-9598f681d60d,1,5338.567164
2026/02/05/00:48:32,apply-time,rs-005235-qfjw9,5110988b-9589-4860-9538-c4e0a2ad646f,1,5338.567164
2026/02/05/00:48:32,running-time,rs-005235-qfjw9,5110988b-9589-4860-9538-c4e0a2ad646f,1,5338.567164
2026/02/05/00:48:34,running-time,rs-005198-fvfxn,321f225c-7979-49cd-b3e8-39f9deb6b1b4,1,5341.567164
2026/02/05/00:48:34,running-time,rs-005230-p7p2j,4edc0ecd-be59-4252-bbaf-3ac0d5c442bf,1,5341.567164
2026/02/05/00:48:34,running-time,rs-005233-r25fh,aad42b27-ad9c-428a-8921-adc0ad2cdf12,1,5341.567164
2026/02/05/00:48:36,apply-time,rs-005236-g5655,3f402d97-ef52-4e0a-b96d-01ff19d88f27,1,5342.567164
2026/02/05/00:48:36,running-time,rs-005236-g5655,3f402d97-ef52-4e0a-b96d-01ff19d88f27,1,5342.567164
2026/02/05/00:48:36,apply-time,rs-005236-qjksj,51939976-9624-49ea-b9b1-25df701f3a11,1,5342.567164
2026/02/05/00:48:36,running-time,rs-005236-qjksj,51939976-9624-49ea-b9b1-25df701f3a11,1,5342.567164
2026/02/05/00:48:36,apply-time,rs-005236-x7g6q,5977f73f-8052-443a-a938-cadb98360480,1,5342.567164
2026/02/05/00:48:36,running-time,rs-005236-x7g6q,5977f73f-8052-443a-a938-cadb98360480,1,5342.567164
2026/02/05/00:48:36,apply-time,rs-005237-n5tdp,f3a6a078-b0c6-4dfc-b635-cf51ca3e31d9,1,5342.567164
2026/02/05/00:48:36,running-time,rs-005237-n5tdp,f3a6a078-b0c6-4dfc-b635-cf51ca3e31d9,1,5342.567164
2026/02/05/00:48:36,apply-time,rs-005238-c6z4t,fa3ba29f-e079-4406-9bf7-1375d5bf60a2,1,5342.567164
2026/02/05/00:48:36,apply-time,rs-005238-n4g4m,bab36792-4fe4-49b0-9c89-7f89b4853ae1,1,5342.567164
2026/02/05/00:48:36,apply-time,rs-005238-zk7td,11e5b524-ca6b-4bf7-8faa-c3174fd213dc,1,5342.567164
2026/02/05/00:48:36,running-time,rs-005238-zk7td,11e5b524-ca6b-4bf7-8faa-c3174fd213dc,1,5342.567164
2026/02/05/00:48:36,apply-time,rs-005239-gtcxc,855b90d6-9046-4128-a841-580f1769a1b1,1,5343.567164
2026/02/05/00:48:36,apply-time,rs-005239-mbg2g,d8a96057-736b-4c27-ae35-03ff54ade691,1,5343.567164
2026/02/05/00:48:36,apply-time,rs-005239-xx4ww,74c08a10-5d15-4849-82a3-bbe8e7f225f7,1,5343.567164
2026/02/05/00:48:36,apply-time,rs-005240-2bpbw,92f042d9-5e6a-4db9-93eb-7ea0c4d4d4d0,1,5343.567164
2026/02/05/00:48:36,apply-time,rs-005240-ffhcv,36997589-795b-464d-b9b7-335b3f325f51,1,5343.567164
2026/02/05/00:48:36,apply-time,rs-005240-xjc46,8ddb37f1-acbd-4360-a664-0166264ade48,1,5343.567164
2026/02/05/00:48:37,running-time,rs-005238-c6z4t,fa3ba29f-e079-4406-9bf7-1375d5bf60a2,1,5343.567164
2026/02/05/00:48:37,running-time,rs-005238-n4g4m,bab36792-4fe4-49b0-9c89-7f89b4853ae1,1,5343.567164
2026/02/05/00:48:37,running-time,rs-005240-2bpbw,92f042d9-5e6a-4db9-93eb-7ea0c4d4d4d0,1,5344.567164
2026/02/05/00:48:37,running-time,rs-005240-xjc46,8ddb37f1-acbd-4360-a664-0166264ade48,1,5343.567164
2026/02/05/00:48:38,running-time,rs-005240-ffhcv,36997589-795b-464d-b9b7-335b3f325f51,1,5345.567164
2026/02/05/00:48:38,apply-time,rs-005241-l4bs7,7fa142c1-ad79-414e-9d10-242d84c2fb36,1,5345.567164
2026/02/05/00:48:38,running-time,rs-005241-l4bs7,7fa142c1-ad79-414e-9d10-242d84c2fb36,1,5345.567164
2026/02/05/00:48:39,apply-time,rs-005242-6967c,71125769-ed38-45c6-8d4e-adcba3d87b3d,1,5346.567164
2026/02/05/00:48:39,running-time,rs-005242-6967c,71125769-ed38-45c6-8d4e-adcba3d87b3d,1,5346.567164
2026/02/05/00:48:39,apply-time,rs-005242-d92gf,eb4b3938-c62b-4160-8f31-410d307d09df,1,5346.567164
2026/02/05/00:48:39,apply-time,rs-005242-j6srl,2180fae1-58d3-4a04-8835-b62c731b4614,1,5346.567164
2026/02/05/00:48:39,apply-time,rs-005243-hxsjl,34377239-bc65-4807-965f-5545c1472c2b,1,5346.567164
2026/02/05/00:48:39,apply-time,rs-005243-kgkx4,b265ec71-a57c-48fb-9478-7d53d1122de8,1,5346.567164
2026/02/05/00:48:39,apply-time,rs-005243-nvg2h,e26892c4-94af-4fa9-bd34-42167ab2619a,1,5346.567164
2026/02/05/00:48:39,apply-time,rs-005244-mkzrv,0c3a3093-7ca9-4683-ad17-e4fb2c809aab,1,5346.567164
2026/02/05/00:48:39,running-time,rs-005244-mkzrv,0c3a3093-7ca9-4683-ad17-e4fb2c809aab,1,5346.567164
2026/02/05/00:48:39,apply-time,rs-005244-rf85m,194cdf4c-43fe-4bc6-b307-20653eab2e4d,1,5346.567164
2026/02/05/00:48:39,running-time,rs-005244-rf85m,194cdf4c-43fe-4bc6-b307-20653eab2e4d,1,5346.567164
2026/02/05/00:48:39,apply-time,rs-005244-xv7hd,7e87655d-90c6-41e2-b693-865e4de2e7a2,1,5346.567164
2026/02/05/00:48:39,running-time,rs-005244-xv7hd,7e87655d-90c6-41e2-b693-865e4de2e7a2,1,5346.567164
2026/02/05/00:48:41,running-time,rs-005242-d92gf,eb4b3938-c62b-4160-8f31-410d307d09df,1,5347.567164
2026/02/05/00:48:44,running-time,rs-005216-4kk8w,4447a35b-1330-46eb-a154-cb5d147c9b9f,1,5351.567164
2026/02/05/00:48:44,running-time,rs-005216-5fjvw,bb71d020-3346-4875-9edc-eb149c90d694,1,5351.567164
2026/02/05/00:48:47,running-time,rs-005176-rtfl2,d6160c61-ce96-4b1a-a406-fceb041f8e48,1,5354.567164
2026/02/05/00:48:55,apply-time,rs-005245-8kclr,7fb150ed-57bc-4c47-bbbe-ba64f708239b,1,5361.567164
2026/02/05/00:48:55,running-time,rs-005245-8kclr,7fb150ed-57bc-4c47-bbbe-ba64f708239b,1,5361.567164
2026/02/05/00:48:55,apply-time,rs-005246-f7g99,a31bc494-f779-40ae-8bac-56df570a9928,1,5362.567164
2026/02/05/00:48:55,running-time,rs-005246-f7g99,a31bc494-f779-40ae-8bac-56df570a9928,1,5362.567164
2026/02/05/00:48:55,apply-time,rs-005247-4tzg4,58564440-f0c4-46e8-8d65-469f95c24c45,1,5362.567164
2026/02/05/00:48:55,running-time,rs-005247-4tzg4,58564440-f0c4-46e8-8d65-469f95c24c45,1,5362.567164
2026/02/05/00:48:55,apply-time,rs-005248-jntqj,22c03de5-fee7-4bdb-8dc6-a44e1bea04c5,1,5362.567164
2026/02/05/00:48:55,running-time,rs-005248-jntqj,22c03de5-fee7-4bdb-8dc6-a44e1bea04c5,1,5362.567164
2026/02/05/00:48:55,apply-time,rs-005249-v28b6,af1a62a9-0ef8-43ba-8f9e-5df51bbb2c0f,1,5362.567164
2026/02/05/00:48:55,running-time,rs-005249-v28b6,af1a62a9-0ef8-43ba-8f9e-5df51bbb2c0f,1,5362.567164
2026/02/05/00:48:55,apply-time,rs-005250-cjpr8,aba1f182-bf6e-450b-b041-0d9dc46d23eb,1,5362.567164
2026/02/05/00:48:55,running-time,rs-005250-cjpr8,aba1f182-bf6e-450b-b041-0d9dc46d23eb,1,5362.567164
2026/02/05/00:48:55,apply-time,rs-005251-r8p42,f607e29e-6173-47cc-95ba-2d9f024334c4,1,5362.567164
2026/02/05/00:48:55,apply-time,rs-005251-ts2z9,a8c435d2-146e-49ba-b9fe-ce3a4f949bbb,1,5362.567164
2026/02/05/00:48:55,apply-time,rs-005252-c5hmw,7da45806-f630-48c6-a4c2-82a829a00a63,1,5362.567164
2026/02/05/00:48:55,running-time,rs-005252-c5hmw,7da45806-f630-48c6-a4c2-82a829a00a63,1,5362.567164
2026/02/05/00:48:58,running-time,rs-005251-r8p42,f607e29e-6173-47cc-95ba-2d9f024334c4,1,5365.567164
2026/02/05/00:48:59,running-time,rs-005251-ts2z9,a8c435d2-146e-49ba-b9fe-ce3a4f949bbb,1,5365.567164
2026/02/05/00:48:59,apply-time,rs-005253-79kvd,fb32b734-3362-4275-b47f-eaeae18b2997,1,5366.567164
2026/02/05/00:48:59,running-time,rs-005253-79kvd,fb32b734-3362-4275-b47f-eaeae18b2997,1,5366.567164
2026/02/05/00:48:59,apply-time,rs-005253-vx7xf,cd071021-bcb9-47c5-8a5b-0db843c42e07,1,5366.567164
2026/02/05/00:48:59,apply-time,rs-005253-x5tzp,4bffd55a-cc0e-4839-afee-62636cfede61,1,5366.567164
2026/02/05/00:48:59,running-time,rs-005253-x5tzp,4bffd55a-cc0e-4839-afee-62636cfede61,1,5366.567164
2026/02/05/00:49:01,apply-time,rs-005254-9btds,67b66fe6-c642-433d-81c4-76704a169f3e,1,5368.567164
2026/02/05/00:49:01,apply-time,rs-005254-lcmml,d3d888b8-04ca-43b1-89fc-ecce07ce1670,1,5368.567164
2026/02/05/00:49:01,running-time,rs-005254-lcmml,d3d888b8-04ca-43b1-89fc-ecce07ce1670,1,5368.567164
2026/02/05/00:49:01,apply-time,rs-005255-9qhns,369a4e11-84d7-454d-8851-f0fb8b92b1a9,1,5368.567164
2026/02/05/00:49:01,running-time,rs-005255-9qhns,369a4e11-84d7-454d-8851-f0fb8b92b1a9,1,5368.567164
2026/02/05/00:49:01,apply-time,rs-005256-m4r8z,ef8b0d77-79d9-4bef-97e8-439e74d85f76,1,5368.567164
2026/02/05/00:49:01,running-time,rs-005256-m4r8z,ef8b0d77-79d9-4bef-97e8-439e74d85f76,1,5368.567164
2026/02/05/00:49:01,apply-time,rs-005257-mchfs,929dfe79-0b1d-4415-b769-aac322ecd5ec,1,5368.567164
2026/02/05/00:49:01,running-time,rs-005257-mchfs,929dfe79-0b1d-4415-b769-aac322ecd5ec,1,5368.567164
2026/02/05/00:49:01,apply-time,rs-005258-fxx2j,d1f92fe8-b8a5-4c19-ae2e-1fc69604ef96,1,5368.567164
2026/02/05/00:49:01,apply-time,rs-005259-kz7fz,cecde0af-e2af-4533-8cf4-7868d245797f,1,5368.567164
2026/02/05/00:49:01,apply-time,rs-005260-6dvvf,239e9952-3f16-4dfc-a2ad-1703c47021ce,1,5368.567164
2026/02/05/00:49:01,running-time,rs-005260-6dvvf,239e9952-3f16-4dfc-a2ad-1703c47021ce,1,5368.567164
2026/02/05/00:49:01,apply-time,rs-005260-zxfjf,9209a665-866e-4603-a400-c9c1cc4d4e32,1,5368.567164
2026/02/05/00:49:01,running-time,rs-005260-zxfjf,9209a665-866e-4603-a400-c9c1cc4d4e32,1,5368.567164
2026/02/05/00:49:01,apply-time,rs-005261-8gsgw,f58b7f20-acd8-4138-a880-d7bfb0fec17a,1,5368.567164
2026/02/05/00:49:01,running-time,rs-005261-8gsgw,f58b7f20-acd8-4138-a880-d7bfb0fec17a,1,5368.567164
2026/02/05/00:49:01,apply-time,rs-005261-jtwfw,7ac6b6f9-5de3-4488-8bf7-b4313a4eb1b6,1,5368.567164
2026/02/05/00:49:01,running-time,rs-005261-jtwfw,7ac6b6f9-5de3-4488-8bf7-b4313a4eb1b6,1,5368.567164
2026/02/05/00:49:01,apply-time,rs-005261-rdmqn,970fa2e0-985d-45ad-9c03-09ef65e8ad91,1,5368.567164
2026/02/05/00:49:01,running-time,rs-005261-rdmqn,970fa2e0-985d-45ad-9c03-09ef65e8ad91,1,5368.567164
2026/02/05/00:49:02,apply-time,rs-005258-4xpqd,1eba0a2d-029c-453e-8df5-b88fe76b8cbc,1,5368.567164
2026/02/05/00:49:02,apply-time,rs-005258-q4hbs,615a8132-5dc7-426d-8457-9fc52eca2235,1,5368.567164
2026/02/05/00:49:02,apply-time,rs-005262-4lrzq,e4555dec-ca8a-4cba-8450-343db93c15a7,1,5369.567164
2026/02/05/00:49:02,running-time,rs-005262-4lrzq,e4555dec-ca8a-4cba-8450-343db93c15a7,1,5369.567164
2026/02/05/00:49:02,apply-time,rs-005262-sxnpn,35dd7a74-9f57-4f79-96bc-e626aa34adbe,1,5369.567164
2026/02/05/00:49:02,running-time,rs-005262-sxnpn,35dd7a74-9f57-4f79-96bc-e626aa34adbe,1,5369.567164
2026/02/05/00:49:02,apply-time,rs-005263-klt6s,045eee6e-3a50-4161-8732-45c3e55bc1f5,1,5369.567164
2026/02/05/00:49:02,running-time,rs-005263-klt6s,045eee6e-3a50-4161-8732-45c3e55bc1f5,1,5369.567164
2026/02/05/00:49:02,apply-time,rs-005263-m6zxc,19309441-e038-40c4-a719-10e2c876b475,1,5369.567164
2026/02/05/00:49:02,running-time,rs-005263-m6zxc,19309441-e038-40c4-a719-10e2c876b475,1,5369.567164
2026/02/05/00:49:02,apply-time,rs-005263-qljn5,a4b21188-a9fc-4b8b-97b3-25b2163dd291,1,5369.567164
2026/02/05/00:49:02,running-time,rs-005263-qljn5,a4b21188-a9fc-4b8b-97b3-25b2163dd291,1,5369.567164
2026/02/05/00:49:02,apply-time,rs-005264-2726f,82185933-1293-4522-bcb9-5e078b7d63a0,1,5369.567164
2026/02/05/00:49:02,running-time,rs-005264-2726f,82185933-1293-4522-bcb9-5e078b7d63a0,1,5369.567164
2026/02/05/00:49:02,apply-time,rs-005264-6ct5z,ad19a2ab-9498-4221-ad62-b5f25f7eb5ec,1,5369.567164
2026/02/05/00:49:02,running-time,rs-005264-6ct5z,ad19a2ab-9498-4221-ad62-b5f25f7eb5ec,1,5369.567164
2026/02/05/00:49:02,apply-time,rs-005264-zk27t,64febcc7-6c1a-4b67-9bcf-827173c0358c,1,5369.567164
2026/02/05/00:49:02,running-time,rs-005264-zk27t,64febcc7-6c1a-4b67-9bcf-827173c0358c,1,5369.567164
2026/02/05/00:49:03,apply-time,rs-005265-h7kr4,00fa2479-c99b-42f2-8ffe-27dea5a637fc,1,5370.567164
2026/02/05/00:49:03,apply-time,rs-005265-m9zp9,cafb74bd-18a3-488a-988f-8ce9113d5873,1,5369.567164
2026/02/05/00:49:03,apply-time,rs-005265-qhngx,78ea0c4a-79b9-4e24-879f-56c4f43979a4,1,5370.567164
2026/02/05/00:49:04,running-time,rs-005259-kz7fz,cecde0af-e2af-4533-8cf4-7868d245797f,1,5370.567164
2026/02/05/00:49:04,running-time,rs-005265-h7kr4,00fa2479-c99b-42f2-8ffe-27dea5a637fc,1,5371.567164
2026/02/05/00:49:04,running-time,rs-005265-m9zp9,cafb74bd-18a3-488a-988f-8ce9113d5873,1,5371.567164
2026/02/05/00:49:04,running-time,rs-005265-qhngx,78ea0c4a-79b9-4e24-879f-56c4f43979a4,1,5371.567164
2026/02/05/00:49:04,apply-time,rs-005266-7659q,b2e0fb86-df59-4039-af92-c3b8cb9b7965,1,5370.567164
2026/02/05/00:49:04,apply-time,rs-005267-54j27,aee69a54-3f1a-4847-8f65-15aba9c98f0b,1,5370.567164
2026/02/05/00:49:04,apply-time,rs-005267-pqdtc,bf3f7920-7c66-4f3d-ac6e-55cdf497c9b9,1,5371.567164
2026/02/05/00:49:04,apply-time,rs-005268-qr594,c152fa35-f983-4250-98f1-0e4b6a8bd750,1,5370.567164
2026/02/05/00:49:04,running-time,rs-005268-qr594,c152fa35-f983-4250-98f1-0e4b6a8bd750,1,5371.567164
2026/02/05/00:49:04,apply-time,rs-005270-45vjd,1c9cd7c6-ff42-43cf-97f8-cc2e1ab76587,1,5371.567164
2026/02/05/00:49:04,running-time,rs-005270-45vjd,1c9cd7c6-ff42-43cf-97f8-cc2e1ab76587,1,5371.567164
2026/02/05/00:49:05,apply-time,rs-005269-ghhs5,30903263-0875-44c6-9161-552b16c4204b,1,5371.567164
2026/02/05/00:49:05,running-time,rs-005269-ghhs5,30903263-0875-44c6-9161-552b16c4204b,1,5372.567164
2026/02/05/00:49:05,apply-time,rs-005269-xwqlg,4e33348e-a34c-4667-a885-8886ca2ab315,1,5372.567164
2026/02/05/00:49:05,apply-time,rs-005270-wqd54,8c3ead5b-67ee-4a42-a650-997327809db0,1,5371.567164
2026/02/05/00:49:05,running-time,rs-005270-wqd54,8c3ead5b-67ee-4a42-a650-997327809db0,1,5372.567164
2026/02/05/00:49:05,apply-time,rs-005271-62tzf,1330cef9-5e48-4f91-81a3-5bde6d0d4cf5,1,5371.567164
2026/02/05/00:49:05,running-time,rs-005271-62tzf,1330cef9-5e48-4f91-81a3-5bde6d0d4cf5,1,5372.567164
2026/02/05/00:49:05,apply-time,rs-005271-dblwm,6fe9935a-85e2-409e-a4be-e4100a3032be,1,5372.567164
2026/02/05/00:49:05,apply-time,rs-005271-dscs5,020ea31c-9ac3-4488-a867-ccef9be4e973,1,5372.567164
2026/02/05/00:49:05,apply-time,rs-005272-qqlfj,6473b226-621a-47e7-9697-f3d54a70e3d0,1,5372.567164
2026/02/05/00:49:05,apply-time,rs-005272-zvslk,80776b27-4673-45c6-b21b-ba8f0f5cad92,1,5372.567164
2026/02/05/00:49:05,apply-time,rs-005273-nbqjc,95c7ece2-01a7-430c-a327-8cfe4477a5fb,1,5372.567164
2026/02/05/00:49:05,running-time,rs-005273-nbqjc,95c7ece2-01a7-430c-a327-8cfe4477a5fb,1,5372.567164
2026/02/05/00:49:06,running-time,rs-005269-xwqlg,4e33348e-a34c-4667-a885-8886ca2ab315,1,5373.567164
2026/02/05/00:49:06,running-time,rs-005271-dblwm,6fe9935a-85e2-409e-a4be-e4100a3032be,1,5373.567164
2026/02/05/00:49:06,running-time,rs-005271-dscs5,020ea31c-9ac3-4488-a867-ccef9be4e973,1,5373.567164
2026/02/05/00:49:06,apply-time,rs-005273-n52kj,95387667-3eca-4973-9703-09b9832792ce,1,5372.567164
2026/02/05/00:49:06,running-time,rs-005273-n52kj,95387667-3eca-4973-9703-09b9832792ce,1,5373.567164
2026/02/05/00:49:06,apply-time,rs-005274-x2rm4,ff6c3bd7-1905-4fbd-8a74-eca7d0589e8f,1,5373.567164
2026/02/05/00:49:06,apply-time,rs-005275-b52rv,e93a41da-2201-47a3-b951-e2011caca46a,1,5373.567164
2026/02/05/00:49:07,running-time,rs-005272-qqlfj,6473b226-621a-47e7-9697-f3d54a70e3d0,1,5374.567164
2026/02/05/00:49:07,running-time,rs-005275-b52rv,e93a41da-2201-47a3-b951-e2011caca46a,1,5374.567164
2026/02/05/00:49:08,running-time,rs-005266-7659q,b2e0fb86-df59-4039-af92-c3b8cb9b7965,1,5375.567164
2026/02/05/00:49:08,running-time,rs-005272-zvslk,80776b27-4673-45c6-b21b-ba8f0f5cad92,1,5374.567164
2026/02/05/00:49:12,apply-time,rs-005276-r88lw,957e3ca6-6ef8-416f-8d29-a64670dffa25,1,5379.567164
2026/02/05/00:49:12,running-time,rs-005276-r88lw,957e3ca6-6ef8-416f-8d29-a64670dffa25,1,5379.567164
2026/02/05/00:49:12,apply-time,rs-005277-762r4,09afbaf2-d599-4aa6-86ad-df7b59924a34,1,5379.567164
2026/02/05/00:49:12,running-time,rs-005277-762r4,09afbaf2-d599-4aa6-86ad-df7b59924a34,1,5379.567164
2026/02/05/00:49:12,apply-time,rs-005277-rhtlw,381d307b-98b5-4692-bf26-8e5a00c29e28,1,5379.567164
2026/02/05/00:49:12,running-time,rs-005277-rhtlw,381d307b-98b5-4692-bf26-8e5a00c29e28,1,5379.567164
2026/02/05/00:49:12,apply-time,rs-005278-gft25,6c5edcf7-fab0-41fe-be85-a007e14bce5b,1,5379.567164
2026/02/05/00:49:12,apply-time,rs-005278-zljfn,304c6c7c-d7bf-4d94-8e0d-0f8e31c669f9,1,5379.567164
2026/02/05/00:49:12,apply-time,rs-005279-5xx9m,87d2711d-2a19-43e5-8647-501623543596,1,5379.567164
2026/02/05/00:49:12,running-time,rs-005279-5xx9m,87d2711d-2a19-43e5-8647-501623543596,1,5379.567164
2026/02/05/00:49:12,apply-time,rs-005279-flxl7,b3956b0b-c46a-4804-ae49-78031a5fb8d0,1,5379.567164
2026/02/05/00:49:12,running-time,rs-005279-flxl7,b3956b0b-c46a-4804-ae49-78031a5fb8d0,1,5379.567164
2026/02/05/00:49:12,apply-time,rs-005279-whzzj,386d3103-4a5a-44c6-bc18-d114cf48b985,1,5379.567164
2026/02/05/00:49:12,running-time,rs-005279-whzzj,386d3103-4a5a-44c6-bc18-d114cf48b985,1,5379.567164
2026/02/05/00:49:12,apply-time,rs-005280-4k9p8,7c757588-bb62-473c-9c65-3f949cc56179,1,5379.567164
2026/02/05/00:49:12,running-time,rs-005280-4k9p8,7c757588-bb62-473c-9c65-3f949cc56179,1,5379.567164
2026/02/05/00:49:12,apply-time,rs-005280-5mpxb,0051c1d2-e7f1-45ad-be02-afda28dc68b6,1,5379.567164
2026/02/05/00:49:12,running-time,rs-005280-5mpxb,0051c1d2-e7f1-45ad-be02-afda28dc68b6,1,5379.567164
2026/02/05/00:49:12,apply-time,rs-005281-sdzvz,305bf6ee-c107-4fb3-99cf-302d815939b9,1,5379.567164
2026/02/05/00:49:12,apply-time,rs-005283-646br,ea56bdbf-e5e0-466f-ba8c-10beace40ad0,1,5379.567164
2026/02/05/00:49:12,running-time,rs-005283-646br,ea56bdbf-e5e0-466f-ba8c-10beace40ad0,1,5379.567164
2026/02/05/00:49:13,running-time,rs-005278-gft25,6c5edcf7-fab0-41fe-be85-a007e14bce5b,1,5380.567164
2026/02/05/00:49:13,apply-time,rs-005281-4c5gv,e52964b1-6291-47ae-8507-9eecf7d24b9e,1,5379.567164
2026/02/05/00:49:13,running-time,rs-005281-4c5gv,e52964b1-6291-47ae-8507-9eecf7d24b9e,1,5380.567164
2026/02/05/00:49:13,apply-time,rs-005281-p67fj,51371d91-6a92-451c-82b0-567b1e0ecf2f,1,5379.567164
2026/02/05/00:49:13,running-time,rs-005281-sdzvz,305bf6ee-c107-4fb3-99cf-302d815939b9,1,5380.567164
2026/02/05/00:49:13,apply-time,rs-005282-7gc5c,4654d4c6-3c8c-46ca-b58f-ba5f47dd791a,1,5380.567164
2026/02/05/00:49:13,apply-time,rs-005282-mrwqx,13feca79-2689-474e-b9af-08b67a4ade05,1,5379.567164
2026/02/05/00:49:13,apply-time,rs-005283-qcbqf,8447a18e-a998-43ce-bc68-ae525a6d0dcd,1,5380.567164
2026/02/05/00:49:13,running-time,rs-005283-qcbqf,8447a18e-a998-43ce-bc68-ae525a6d0dcd,1,5380.567164
2026/02/05/00:49:13,apply-time,rs-005283-rfrhh,8ac8f38d-902a-4f5c-9c1d-3a5b31f13022,1,5380.567164
2026/02/05/00:49:13,running-time,rs-005283-rfrhh,8ac8f38d-902a-4f5c-9c1d-3a5b31f13022,1,5380.567164
2026/02/05/00:49:13,apply-time,rs-005284-tn4gm,4d165769-9972-421d-a378-aa0358e0d4c2,1,5380.567164
2026/02/05/00:49:13,running-time,rs-005284-tn4gm,4d165769-9972-421d-a378-aa0358e0d4c2,1,5380.567164
2026/02/05/00:49:13,apply-time,rs-005284-xr88d,92c0d3aa-3d90-4910-98af-820a6bff6e33,1,5380.567164
2026/02/05/00:49:13,apply-time,rs-005284-zvxtr,d1ceda65-f366-4045-9a3f-64d380b7cd85,1,5380.567164
2026/02/05/00:49:13,running-time,rs-005284-zvxtr,d1ceda65-f366-4045-9a3f-64d380b7cd85,1,5380.567164
2026/02/05/00:49:13,apply-time,rs-005285-hgzpn,adec18b2-491f-4cb1-a7bf-61ed8fdcc7c8,1,5380.567164
2026/02/05/00:49:14,apply-time,rs-005285-xcj5h,7ecb004e-6910-4a4d-949a-5ba222f00d2e,1,5381.567164
2026/02/05/00:49:14,apply-time,rs-005285-zhvs9,40211d29-1494-4c41-815c-c109a18292f3,1,5380.567164
2026/02/05/00:49:14,apply-time,rs-005286-flpb2,05d10b53-9a22-48a5-b830-b3d0f0f81dce,1,5380.567164
2026/02/05/00:49:14,running-time,rs-005286-flpb2,05d10b53-9a22-48a5-b830-b3d0f0f81dce,1,5380.567164
2026/02/05/00:49:14,apply-time,rs-005287-2wfvl,933f5813-8542-48e4-ac12-5d12e6490556,1,5381.567164
2026/02/05/00:49:14,apply-time,rs-005287-kwdz4,ca4d470a-cda5-4399-8533-73f1f44457b6,1,5381.567164
2026/02/05/00:49:14,apply-time,rs-005287-zqmbh,aa63ece4-af4b-4cc0-bb6c-1e5ca7ed161d,1,5381.567164
2026/02/05/00:49:14,apply-time,rs-005288-pfbdh,4bcfa98f-ffeb-488f-ba01-79a974aaa3fa,1,5380.567164
2026/02/05/00:49:14,apply-time,rs-005289-z2l2r,950860b7-22e4-4140-9f84-61a84ccd44ac,1,5381.567164
2026/02/05/00:49:14,apply-time,rs-005290-64jrh,fa31df26-231b-416c-a93c-8a5f8f011982,1,5381.567164
2026/02/05/00:49:14,running-time,rs-005290-64jrh,fa31df26-231b-416c-a93c-8a5f8f011982,1,5381.567164
2026/02/05/00:49:14,apply-time,rs-005291-5jzn8,9856ec73-59c6-476b-aa80-eb9731f3230c,1,5381.567164
2026/02/05/00:49:14,running-time,rs-005291-5jzn8,9856ec73-59c6-476b-aa80-eb9731f3230c,1,5381.567164
2026/02/05/00:49:14,apply-time,rs-005292-r57dk,9a60d78a-b375-44c6-9af0-754662dd3ccd,1,5381.567164
2026/02/05/00:49:15,running-time,rs-005267-54j27,aee69a54-3f1a-4847-8f65-15aba9c98f0b,1,5382.567164
2026/02/05/00:49:15,running-time,rs-005288-pfbdh,4bcfa98f-ffeb-488f-ba01-79a974aaa3fa,1,5381.567164
2026/02/05/00:49:15,running-time,rs-005289-z2l2r,950860b7-22e4-4140-9f84-61a84ccd44ac,1,5381.567164
2026/02/05/00:49:15,apply-time,rs-005291-zhd8z,06abb0a3-f035-44ef-833f-d115e789c56d,1,5381.567164
2026/02/05/00:49:15,running-time,rs-005291-zhd8z,06abb0a3-f035-44ef-833f-d115e789c56d,1,5381.567164
2026/02/05/00:49:15,running-time,rs-005292-r57dk,9a60d78a-b375-44c6-9af0-754662dd3ccd,1,5381.567164
2026/02/05/00:49:15,apply-time,rs-005293-nq4m2,599418ea-6827-457d-bc23-eb7c75f4f3aa,1,5381.567164
2026/02/05/00:49:15,running-time,rs-005293-nq4m2,599418ea-6827-457d-bc23-eb7c75f4f3aa,1,5381.567164
2026/02/05/00:49:15,apply-time,rs-005294-jtlpr,84776b33-cef4-4cf2-8293-a67de784e242,1,5382.567164
2026/02/05/00:49:15,apply-time,rs-005294-sqpmn,313dc004-5fce-40b7-a3cd-3d270f9e7081,1,5382.567164
2026/02/05/00:49:15,apply-time,rs-005294-tgfpr,80258044-3095-4e78-a3f9-1478638f7756,1,5382.567164
2026/02/05/00:49:15,apply-time,rs-005296-jtgzw,09fb7d13-d288-4e4e-b701-a261526cd1bc,1,5382.567164
2026/02/05/00:49:15,running-time,rs-005296-jtgzw,09fb7d13-d288-4e4e-b701-a261526cd1bc,1,5382.567164
2026/02/05/00:49:17,running-time,rs-005281-p67fj,51371d91-6a92-451c-82b0-567b1e0ecf2f,1,5384.567164
2026/02/05/00:49:18,running-time,rs-005267-pqdtc,bf3f7920-7c66-4f3d-ac6e-55cdf497c9b9,1,5385.567164
2026/02/05/00:49:24,apply-time,rs-005297-l9rnv,2b41fc62-70b4-481d-8d9f-8a5561d3696d,1,5391.567164
2026/02/05/00:49:24,running-time,rs-005297-l9rnv,2b41fc62-70b4-481d-8d9f-8a5561d3696d,1,5391.567164
2026/02/05/00:49:24,apply-time,rs-005297-sl5z2,bd1d4412-55c0-4783-baad-746c5de11bc9,1,5391.567164
2026/02/05/00:49:24,running-time,rs-005297-sl5z2,bd1d4412-55c0-4783-baad-746c5de11bc9,1,5391.567164
2026/02/05/00:49:24,apply-time,rs-005297-xzgfl,78e571a7-e56b-471c-9476-b7b8f13c5b08,1,5391.567164
2026/02/05/00:49:24,running-time,rs-005297-xzgfl,78e571a7-e56b-471c-9476-b7b8f13c5b08,1,5391.567164
2026/02/05/00:49:24,apply-time,rs-005298-kkznf,7b21ece2-40fe-4af6-9f89-59f85f45d1ea,1,5391.567164
2026/02/05/00:49:24,running-time,rs-005298-kkznf,7b21ece2-40fe-4af6-9f89-59f85f45d1ea,1,5391.567164
2026/02/05/00:49:24,apply-time,rs-005298-n6trw,d016d5ae-acbb-4c10-9ce4-b9e125a8221a,1,5391.567164
2026/02/05/00:49:24,running-time,rs-005298-n6trw,d016d5ae-acbb-4c10-9ce4-b9e125a8221a,1,5391.567164
2026/02/05/00:49:24,apply-time,rs-005299-865rj,d5bf03aa-92a0-43fc-aa0e-909d2e5a13fa,1,5391.567164
2026/02/05/00:49:24,apply-time,rs-005300-45h2b,1c4c5524-92f4-4cec-9da3-7b7037b88153,1,5391.567164
2026/02/05/00:49:24,running-time,rs-005300-45h2b,1c4c5524-92f4-4cec-9da3-7b7037b88153,1,5391.567164
2026/02/05/00:49:24,apply-time,rs-005300-njbmj,b444f13b-ede8-47e0-9d37-8b0710f41444,1,5391.567164
2026/02/05/00:49:24,apply-time,rs-005300-r5cft,9e279190-9aa6-41ba-a414-072fc40af21f,1,5391.567164
2026/02/05/00:49:28,running-time,rs-005300-r5cft,9e279190-9aa6-41ba-a414-072fc40af21f,1,5394.567164
2026/02/05/00:49:31,running-time,rs-005300-njbmj,b444f13b-ede8-47e0-9d37-8b0710f41444,1,5398.567164
2026/02/05/00:49:32,apply-time,rs-005301-x9lw9,859b4800-37f1-4597-8582-7820dc6c92d3,1,5399.567164
2026/02/05/00:49:32,apply-time,rs-005302-8bx6z,c88fb20c-6c8b-4bf7-847f-dce8f7acea7b,1,5399.567164
2026/02/05/00:49:32,running-time,rs-005302-8bx6z,c88fb20c-6c8b-4bf7-847f-dce8f7acea7b,1,5399.567164
2026/02/05/00:49:32,apply-time,rs-005302-cwj52,4f496f42-5802-4af0-ba67-088a1e9bb206,1,5399.567164
2026/02/05/00:49:32,running-time,rs-005302-cwj52,4f496f42-5802-4af0-ba67-088a1e9bb206,1,5399.567164
2026/02/05/00:49:33,apply-time,rs-005303-d4fdv,6306da3a-d368-450a-aee8-aca729cf2c1a,1,5399.567164
2026/02/05/00:49:33,running-time,rs-005303-d4fdv,6306da3a-d368-450a-aee8-aca729cf2c1a,1,5399.567164
2026/02/05/00:49:33,apply-time,rs-005303-dbdk7,6d29c290-af97-4d32-a266-93165059e598,1,5399.567164
2026/02/05/00:49:33,running-time,rs-005303-dbdk7,6d29c290-af97-4d32-a266-93165059e598,1,5399.567164
2026/02/05/00:49:33,apply-time,rs-005303-nvnd9,de5c7ed2-961c-4207-b73c-83f491788061,1,5399.567164
2026/02/05/00:49:33,running-time,rs-005303-nvnd9,de5c7ed2-961c-4207-b73c-83f491788061,1,5399.567164
2026/02/05/00:49:33,apply-time,rs-005304-4vcc5,dc146104-3740-4095-ab7e-5bb6b2d8b8f0,1,5399.567164
2026/02/05/00:49:33,running-time,rs-005304-4vcc5,dc146104-3740-4095-ab7e-5bb6b2d8b8f0,1,5399.567164
2026/02/05/00:49:38,apply-time,rs-005305-6g7r7,63b57326-711f-4cf8-8df2-30089a785728,1,5405.567164
2026/02/05/00:49:38,apply-time,rs-005305-lmsnh,5ce2d1e9-c846-46a1-910c-e2cba303c765,1,5405.567164
2026/02/05/00:49:38,apply-time,rs-005305-nt7tn,2a91e743-bf53-4c86-9270-bce2694abc97,1,5405.567164
2026/02/05/00:49:38,apply-time,rs-005306-gdzzb,427bfba2-1480-435f-bcb2-d6e79a10ea0a,1,5405.567164
2026/02/05/00:49:38,running-time,rs-005306-gdzzb,427bfba2-1480-435f-bcb2-d6e79a10ea0a,1,5405.567164
2026/02/05/00:49:38,apply-time,rs-005306-jzfkt,0300ce46-1591-4eb4-b3d1-7627bcf67fe2,1,5405.567164
2026/02/05/00:49:38,running-time,rs-005306-jzfkt,0300ce46-1591-4eb4-b3d1-7627bcf67fe2,1,5405.567164
2026/02/05/00:49:38,apply-time,rs-005306-rsll5,a8c660b2-57fa-468d-b598-10ac0d715822,1,5405.567164
2026/02/05/00:49:38,running-time,rs-005306-rsll5,a8c660b2-57fa-468d-b598-10ac0d715822,1,5405.567164
2026/02/05/00:49:38,apply-time,rs-005307-4622q,a008eaad-7a97-4c46-9eed-bd0c87c700e7,1,5405.567164
2026/02/05/00:49:38,running-time,rs-005307-4622q,a008eaad-7a97-4c46-9eed-bd0c87c700e7,1,5405.567164
2026/02/05/00:49:38,apply-time,rs-005307-4vbw4,e1f20671-305b-4d62-8d2f-3dfd86fbb7f5,1,5405.567164
2026/02/05/00:49:38,running-time,rs-005307-4vbw4,e1f20671-305b-4d62-8d2f-3dfd86fbb7f5,1,5405.567164
2026/02/05/00:49:38,apply-time,rs-005307-gfnjq,4e50649a-d647-46c7-9ae4-dd2291223462,1,5405.567164
2026/02/05/00:49:38,running-time,rs-005307-gfnjq,4e50649a-d647-46c7-9ae4-dd2291223462,1,5405.567164
2026/02/05/00:49:38,apply-time,rs-005308-9g5rf,4bd6a108-c685-4231-9052-bd6a32c2ac96,1,5405.567164
2026/02/05/00:49:38,apply-time,rs-005308-pv5bp,529ed5fc-2617-4869-9f74-6aefc10f042b,1,5405.567164
2026/02/05/00:49:39,apply-time,rs-005309-j8kzv,98d5712d-a80f-4d2f-9cc1-9c26fad2137b,1,5406.567164
2026/02/05/00:49:39,running-time,rs-005309-j8kzv,98d5712d-a80f-4d2f-9cc1-9c26fad2137b,1,5406.567164
2026/02/05/00:49:39,apply-time,rs-005309-mwbqs,5db89030-c416-4b24-b30b-8ac55b832cd7,1,5406.567164
2026/02/05/00:49:39,running-time,rs-005309-mwbqs,5db89030-c416-4b24-b30b-8ac55b832cd7,1,5406.567164
2026/02/05/00:49:39,apply-time,rs-005309-zzvn2,1d8f6eb1-2593-45b7-b64e-9eb2c0251033,1,5406.567164
2026/02/05/00:49:39,running-time,rs-005309-zzvn2,1d8f6eb1-2593-45b7-b64e-9eb2c0251033,1,5406.567164
2026/02/05/00:49:40,apply-time,rs-005310-7mpxg,48849655-2d85-41d0-9039-669fdc3b8964,1,5407.567164
2026/02/05/00:49:40,apply-time,rs-005310-7ts6z,10d5974b-2bb1-46c0-b53b-fb2d29349a04,1,5407.567164
2026/02/05/00:49:40,running-time,rs-005310-7ts6z,10d5974b-2bb1-46c0-b53b-fb2d29349a04,1,5407.567164
2026/02/05/00:49:40,apply-time,rs-005310-bldfs,11ef6b91-b0f8-4c42-b539-2bd2fd46c5bd,1,5407.567164
2026/02/05/00:49:40,apply-time,rs-005311-588bj,deccfd90-8c75-4156-bf31-b29be3746256,1,5407.567164
2026/02/05/00:49:40,running-time,rs-005311-588bj,deccfd90-8c75-4156-bf31-b29be3746256,1,5407.567164
2026/02/05/00:49:40,apply-time,rs-005311-8dktv,dac2ef02-160c-4645-a181-8d53052ee14a,1,5407.567164
2026/02/05/00:49:40,running-time,rs-005311-8dktv,dac2ef02-160c-4645-a181-8d53052ee14a,1,5407.567164
2026/02/05/00:49:40,apply-time,rs-005312-2jzlk,6f203c04-ba35-4d09-aa83-1e1c67bf33c8,1,5407.567164
2026/02/05/00:49:40,apply-time,rs-005312-pm7nj,65f4873e-4ec3-4c9e-b59b-8e2060a5469c,1,5407.567164
2026/02/05/00:49:40,apply-time,rs-005312-ztrmd,68e2095c-78d5-4d51-99a6-289b22ebc516,1,5407.567164
2026/02/05/00:49:40,apply-time,rs-005313-fb9w8,5b4e6a1d-fbba-4cfe-8a2b-af063cbf117b,1,5407.567164
2026/02/05/00:49:40,apply-time,rs-005313-lgqqt,aeb6587f-960e-4b1a-b74e-032554709fb2,1,5407.567164
2026/02/05/00:49:41,apply-time,rs-005314-lcxg5,42d32f3b-b08e-4b40-9a38-91edc60b4332,1,5408.567164
2026/02/05/00:49:41,apply-time,rs-005315-8r6j4,c85b038f-9d2a-4125-b11a-43cb6b8b0d80,1,5408.567164
2026/02/05/00:49:42,apply-time,rs-005316-qxf5c,c3b75380-aae6-426c-b929-91b99f7aed71,1,5409.567164
2026/02/05/00:49:42,apply-time,rs-005316-rzfgf,7a767dc0-3177-4d0a-a60a-2c487ad43913,1,5409.567164
2026/02/05/00:49:42,apply-time,rs-005317-9crkj,0f870979-3a63-408b-80bb-b7e058ae43bf,1,5409.567164
2026/02/05/00:49:42,apply-time,rs-005318-4sc8p,70a889ab-19c5-4173-9437-7b95d4751887,1,5409.567164
2026/02/05/00:49:42,apply-time,rs-005318-qflpv,c1b9a5f4-15b9-4c2d-a26d-d9a964a443d3,1,5409.567164
2026/02/05/00:49:42,apply-time,rs-005318-v5q66,c58cc9fd-908c-405e-8f37-3d642c26198b,1,5409.567164
2026/02/05/00:49:42,apply-time,rs-005319-gc86r,34863854-375e-4a98-8424-0fca0bdb37b3,1,5409.567164
2026/02/05/00:49:42,apply-time,rs-005319-lxxfx,86cdda63-ce11-47e4-b4dd-62132fbc2eb7,1,5409.567164
2026/02/05/00:49:42,apply-time,rs-005319-wgxmf,4059b85c-ce3f-4c2e-9cf3-1babbefafe90,1,5409.567164
2026/02/05/00:49:43,running-time,rs-005314-lcxg5,42d32f3b-b08e-4b40-9a38-91edc60b4332,1,5410.567164
2026/02/05/00:49:43,running-time,rs-005318-qflpv,c1b9a5f4-15b9-4c2d-a26d-d9a964a443d3,1,5410.567164
2026/02/05/00:49:44,apply-time,rs-005320-bpxnj,de798e3a-dbd0-4852-bcc8-521f535a6a04,1,5410.567164
2026/02/05/00:49:44,running-time,rs-005320-bpxnj,de798e3a-dbd0-4852-bcc8-521f535a6a04,1,5410.567164
2026/02/05/00:49:44,apply-time,rs-005320-ghcmj,226a612b-8472-42ce-b366-afd4403e4dc0,1,5410.567164
2026/02/05/00:49:44,running-time,rs-005320-ghcmj,226a612b-8472-42ce-b366-afd4403e4dc0,1,5410.567164
2026/02/05/00:49:44,apply-time,rs-005320-x6jvs,8f0115b3-75dd-4761-9340-922a81a54f88,1,5410.567164
2026/02/05/00:49:44,running-time,rs-005320-x6jvs,8f0115b3-75dd-4761-9340-922a81a54f88,1,5410.567164
2026/02/05/00:49:44,apply-time,rs-005321-k9m6j,ea19cb80-81ab-459e-8a64-7fd89b9f8a70,1,5410.567164
2026/02/05/00:49:44,running-time,rs-005321-k9m6j,ea19cb80-81ab-459e-8a64-7fd89b9f8a70,1,5411.567164
2026/02/05/00:49:44,apply-time,rs-005321-rmwnh,081b221b-ca81-44b2-9936-e4a06e9cb5f6,1,5410.567164
2026/02/05/00:49:44,apply-time,rs-005321-wxmrm,2b2ef6e0-0dfe-4478-b7a0-9a916848f3f9,1,5410.567164
2026/02/05/00:49:44,running-time,rs-005321-wxmrm,2b2ef6e0-0dfe-4478-b7a0-9a916848f3f9,1,5411.567164
2026/02/05/00:49:45,running-time,rs-005310-7mpxg,48849655-2d85-41d0-9039-669fdc3b8964,1,5412.567164
2026/02/05/00:49:45,running-time,rs-005310-bldfs,11ef6b91-b0f8-4c42-b539-2bd2fd46c5bd,1,5412.567164
2026/02/05/00:49:45,running-time,rs-005318-4sc8p,70a889ab-19c5-4173-9437-7b95d4751887,1,5411.567164
2026/02/05/00:49:45,running-time,rs-005318-v5q66,c58cc9fd-908c-405e-8f37-3d642c26198b,1,5411.567164
2026/02/05/00:49:45,running-time,rs-005321-rmwnh,081b221b-ca81-44b2-9936-e4a06e9cb5f6,1,5412.567164
2026/02/05/00:49:46,running-time,rs-005313-fb9w8,5b4e6a1d-fbba-4cfe-8a2b-af063cbf117b,1,5412.567164
2026/02/05/00:49:47,running-time,rs-005313-lgqqt,aeb6587f-960e-4b1a-b74e-032554709fb2,1,5414.567164
2026/02/05/00:49:48,running-time,rs-005305-6g7r7,63b57326-711f-4cf8-8df2-30089a785728,1,5415.567164
2026/02/05/00:49:48,running-time,rs-005315-8r6j4,c85b038f-9d2a-4125-b11a-43cb6b8b0d80,1,5415.567164
2026/02/05/00:49:52,apply-time,rs-005322-2q8hz,be14a4d4-f23e-4dfb-9588-25ed645268de,1,5419.567164
2026/02/05/00:49:52,running-time,rs-005322-2q8hz,be14a4d4-f23e-4dfb-9588-25ed645268de,1,5419.567164
2026/02/05/00:49:52,apply-time,rs-005322-kwkxt,444baba4-10fa-4037-9104-bbb5c019cc83,1,5419.567164
2026/02/05/00:49:52,running-time,rs-005322-kwkxt,444baba4-10fa-4037-9104-bbb5c019cc83,1,5419.567164
2026/02/05/00:49:52,apply-time,rs-005322-vpxmp,1962d300-2fef-45a4-8626-e89d1845b248,1,5419.567164
2026/02/05/00:49:52,running-time,rs-005322-vpxmp,1962d300-2fef-45a4-8626-e89d1845b248,1,5419.567164
2026/02/05/00:49:52,apply-time,rs-005323-2cwmt,89edb780-8639-40f1-93a9-4b38dcb1fcc0,1,5419.567164
2026/02/05/00:49:52,apply-time,rs-005323-8wf87,886830b3-9f70-4237-a825-ca5b5cecff7a,1,5419.567164
2026/02/05/00:49:52,apply-time,rs-005323-fv2ql,5af03525-4119-4145-92cf-1e7172e34621,1,5419.567164
2026/02/05/00:49:52,apply-time,rs-005324-9zct7,1e56b60f-ebd6-47e6-b828-740c975adce3,1,5419.567164
2026/02/05/00:49:52,running-time,rs-005324-9zct7,1e56b60f-ebd6-47e6-b828-740c975adce3,1,5419.567164
2026/02/05/00:49:52,apply-time,rs-005325-5znrs,176f9d0c-b2f3-4f14-8202-49d22b077b46,1,5419.567164
2026/02/05/00:49:52,running-time,rs-005325-5znrs,176f9d0c-b2f3-4f14-8202-49d22b077b46,1,5419.567164
2026/02/05/00:49:52,apply-time,rs-005325-8l7l6,dc5f2cd2-e4fa-4e99-81de-b4b77c668f21,1,5419.567164
2026/02/05/00:49:52,running-time,rs-005325-8l7l6,dc5f2cd2-e4fa-4e99-81de-b4b77c668f21,1,5419.567164
2026/02/05/00:49:52,apply-time,rs-005325-fxd4w,7214ca49-2b7c-43a3-836f-786ff30f838c,1,5419.567164
2026/02/05/00:49:52,running-time,rs-005325-fxd4w,7214ca49-2b7c-43a3-836f-786ff30f838c,1,5419.567164
2026/02/05/00:49:53,apply-time,rs-005326-tfpl6,69c0a61c-c9f3-495d-b9a3-371df6d556bd,1,5420.567164
2026/02/05/00:49:53,running-time,rs-005326-tfpl6,69c0a61c-c9f3-495d-b9a3-371df6d556bd,1,5420.567164
2026/02/05/00:50:03,apply-time,rs-005327-gw428,93f2d0d8-723d-4f98-845f-f4857ec25304,1,5430.567164
2026/02/05/00:50:03,running-time,rs-005327-gw428,93f2d0d8-723d-4f98-845f-f4857ec25304,1,5430.567164
2026/02/05/00:50:03,apply-time,rs-005327-hc6ls,8a461465-9cc6-4ec3-a926-e2a11703c074,1,5430.567164
2026/02/05/00:50:03,running-time,rs-005327-hc6ls,8a461465-9cc6-4ec3-a926-e2a11703c074,1,5430.567164
2026/02/05/00:50:08,running-time,rs-005323-2cwmt,89edb780-8639-40f1-93a9-4b38dcb1fcc0,1,5435.567164
2026/02/05/00:50:10,running-time,rs-005323-8wf87,886830b3-9f70-4237-a825-ca5b5cecff7a,1,5436.567164
2026/02/05/00:50:12,running-time,rs-005305-lmsnh,5ce2d1e9-c846-46a1-910c-e2cba303c765,1,5439.567164
2026/02/05/00:50:12,running-time,rs-005305-nt7tn,2a91e743-bf53-4c86-9270-bce2694abc97,1,5439.567164
2026/02/05/00:50:17,apply-time,rs-005328-nvq6h,6b299981-4633-4c15-877e-5d5aa507813e,1,5443.567164
2026/02/05/00:50:17,running-time,rs-005328-nvq6h,6b299981-4633-4c15-877e-5d5aa507813e,1,5443.567164
2026/02/05/00:50:29,apply-time,rs-005329-zmjd5,04aa35ca-72b2-42f5-90c0-60df5d2f2100,1,5455.567164
2026/02/05/00:50:29,running-time,rs-005329-zmjd5,04aa35ca-72b2-42f5-90c0-60df5d2f2100,1,5455.567164
2026/02/05/00:50:30,apply-time,rs-005330-ldbtk,4f1e9ef5-7e2b-45f9-bc68-e207230553f1,1,5457.567164
2026/02/05/00:50:30,running-time,rs-005330-ldbtk,4f1e9ef5-7e2b-45f9-bc68-e207230553f1,1,5457.567164
2026/02/05/00:50:30,apply-time,rs-005330-vbsgn,bc6fdf80-ba53-4dc5-988a-fc037f546678,1,5457.567164
2026/02/05/00:50:30,running-time,rs-005330-vbsgn,bc6fdf80-ba53-4dc5-988a-fc037f546678,1,5457.567164
2026/02/05/00:50:31,apply-time,rs-005331-g6v7t,eafd01e3-0b0c-4e23-93f5-5db419243739,1,5457.567164
2026/02/05/00:50:31,running-time,rs-005331-g6v7t,eafd01e3-0b0c-4e23-93f5-5db419243739,1,5457.567164
2026/02/05/00:50:31,apply-time,rs-005331-r7d9t,e6e433fd-eafe-420e-a27c-39e2135775c9,1,5457.567164
2026/02/05/00:50:31,running-time,rs-005331-r7d9t,e6e433fd-eafe-420e-a27c-39e2135775c9,1,5457.567164
2026/02/05/00:50:31,apply-time,rs-005332-ccvs4,1bab4c20-6f49-49fd-a6d4-393075d97dc8,1,5457.567164
2026/02/05/00:50:31,apply-time,rs-005333-hqm7x,bb08b782-8ec4-48ba-8353-6bc0c55cfd9f,1,5457.567164
2026/02/05/00:50:31,apply-time,rs-005333-l2wp5,6eaa13e2-8dea-45ea-a740-5385bd889f6c,1,5457.567164
2026/02/05/00:50:31,apply-time,rs-005334-xl7b8,3843e74d-b299-4e36-a51d-e87d52ddde50,1,5457.567164
2026/02/05/00:50:31,running-time,rs-005334-xl7b8,3843e74d-b299-4e36-a51d-e87d52ddde50,1,5457.567164
2026/02/05/00:50:31,apply-time,rs-005335-hbs4p,1bc90eb0-fa1a-415a-8679-82446249f34c,1,5457.567164
2026/02/05/00:50:31,running-time,rs-005335-hbs4p,1bc90eb0-fa1a-415a-8679-82446249f34c,1,5457.567164
2026/02/05/00:50:31,apply-time,rs-005336-7lv2b,53ad7689-f072-4cdd-b532-5a32bafb596d,1,5458.567164
2026/02/05/00:50:31,running-time,rs-005336-7lv2b,53ad7689-f072-4cdd-b532-5a32bafb596d,1,5458.567164
2026/02/05/00:50:31,apply-time,rs-005336-tgztm,34526ec5-9d68-4811-99c6-0f5de4c7f6f6,1,5458.567164
2026/02/05/00:50:31,running-time,rs-005336-tgztm,34526ec5-9d68-4811-99c6-0f5de4c7f6f6,1,5458.567164
2026/02/05/00:50:31,apply-time,rs-005336-wtk49,cb45a9d7-f6f9-4851-a0fe-9a21b2abd5a0,1,5458.567164
2026/02/05/00:50:31,running-time,rs-005336-wtk49,cb45a9d7-f6f9-4851-a0fe-9a21b2abd5a0,1,5458.567164
2026/02/05/00:50:31,apply-time,rs-005337-4bm6j,3d9b9f42-31cc-4881-bb1a-e71215f0de72,1,5458.567164
2026/02/05/00:50:31,running-time,rs-005337-4bm6j,3d9b9f42-31cc-4881-bb1a-e71215f0de72,1,5458.567164
2026/02/05/00:50:31,apply-time,rs-005338-hct68,7ac02a73-2fae-49ee-b3fe-6b15dd71a7c1,1,5458.567164
2026/02/05/00:50:31,running-time,rs-005338-hct68,7ac02a73-2fae-49ee-b3fe-6b15dd71a7c1,1,5458.567164
2026/02/05/00:50:32,apply-time,rs-005337-477tc,0a710283-faad-4cd5-b0fa-33bfe0eb3985,1,5458.567164
2026/02/05/00:50:32,running-time,rs-005337-477tc,0a710283-faad-4cd5-b0fa-33bfe0eb3985,1,5458.567164
2026/02/05/00:50:32,apply-time,rs-005337-g4hpt,dd4138ba-2f40-4097-bf0d-a8e8ca4bd927,1,5458.567164
2026/02/05/00:50:32,running-time,rs-005337-g4hpt,dd4138ba-2f40-4097-bf0d-a8e8ca4bd927,1,5458.567164
2026/02/05/00:50:32,apply-time,rs-005339-qrt8z,5af50e8a-b57d-434c-a72c-e86b59f64dbf,1,5459.567164
2026/02/05/00:50:32,running-time,rs-005339-qrt8z,5af50e8a-b57d-434c-a72c-e86b59f64dbf,1,5459.567164
2026/02/05/00:50:33,apply-time,rs-005340-nj7kj,b6c8777c-db98-46dd-8f02-a76584d7b886,1,5460.567164
2026/02/05/00:50:33,apply-time,rs-005341-tdgn6,6415a63c-5cec-4b30-9b82-a8fc46b5d6a4,1,5459.567164
2026/02/05/00:50:33,running-time,rs-005341-tdgn6,6415a63c-5cec-4b30-9b82-a8fc46b5d6a4,1,5460.567164
2026/02/05/00:50:42,apply-time,rs-005342-xcnv8,c129c181-0923-470a-b8c2-b98ae30f7b6b,1,5469.567164
2026/02/05/00:50:42,running-time,rs-005342-xcnv8,c129c181-0923-470a-b8c2-b98ae30f7b6b,1,5469.567164
2026/02/05/00:50:43,apply-time,rs-005343-c6jdn,19db0360-f8b8-42d8-ab0a-8dccc1c4cd25,1,5469.567164
2026/02/05/00:50:43,running-time,rs-005343-c6jdn,19db0360-f8b8-42d8-ab0a-8dccc1c4cd25,1,5469.567164
2026/02/05/00:50:43,apply-time,rs-005343-fv98h,25d60917-43f1-42db-8c60-e47b57b9a6f1,1,5469.567164
2026/02/05/00:50:43,running-time,rs-005343-fv98h,25d60917-43f1-42db-8c60-e47b57b9a6f1,1,5469.567164
2026/02/05/00:50:43,apply-time,rs-005343-kbdj8,60c1bdc4-9eea-41b8-84d7-85bb70ec5154,1,5469.567164
2026/02/05/00:50:43,running-time,rs-005343-kbdj8,60c1bdc4-9eea-41b8-84d7-85bb70ec5154,1,5469.567164
2026/02/05/00:50:43,apply-time,rs-005344-s98h5,2a568d61-8074-4e3d-9a76-e64a596bc958,1,5469.567164
2026/02/05/00:50:43,running-time,rs-005344-s98h5,2a568d61-8074-4e3d-9a76-e64a596bc958,1,5469.567164
2026/02/05/00:50:43,apply-time,rs-005345-z2c5t,c6174c04-a37a-44c7-9fb2-8cec499360f6,1,5469.567164
2026/02/05/00:50:43,running-time,rs-005345-z2c5t,c6174c04-a37a-44c7-9fb2-8cec499360f6,1,5469.567164
2026/02/05/00:50:43,apply-time,rs-005346-prhdm,0e5342b4-d62a-4acc-a944-3190ad3997d4,1,5469.567164
2026/02/05/00:50:43,running-time,rs-005346-prhdm,0e5342b4-d62a-4acc-a944-3190ad3997d4,1,5469.567164
2026/02/05/00:50:51,apply-time,rs-005347-twwmk,0fd596c2-afdd-43b7-99d9-ac5fa9383da4,1,5477.567164
2026/02/05/00:50:51,running-time,rs-005347-twwmk,0fd596c2-afdd-43b7-99d9-ac5fa9383da4,1,5477.567164
2026/02/05/00:50:51,apply-time,rs-005348-dqrrx,076dc7fc-9c2f-4d6e-9485-faf5a7afa657,1,5477.567164
2026/02/05/00:50:51,running-time,rs-005348-dqrrx,076dc7fc-9c2f-4d6e-9485-faf5a7afa657,1,5477.567164
2026/02/05/00:50:51,apply-time,rs-005349-l77g6,9d8cf638-ba71-424c-aa99-133e2f8f11b1,1,5477.567164
2026/02/05/00:50:51,running-time,rs-005349-l77g6,9d8cf638-ba71-424c-aa99-133e2f8f11b1,1,5477.567164
2026/02/05/00:50:52,apply-time,rs-005350-7lsm7,b33d32b1-0ef9-40e3-9dcd-794686182bef,1,5479.567164
2026/02/05/00:50:52,running-time,rs-005350-7lsm7,b33d32b1-0ef9-40e3-9dcd-794686182bef,1,5479.567164
2026/02/05/00:50:52,apply-time,rs-005351-m7njg,5439e3a8-5c92-48a7-8800-3848aa67e08b,1,5479.567164
2026/02/05/00:50:52,apply-time,rs-005351-v857w,10a8ffaa-eb5d-4bf7-b03d-b8f03447b554,1,5479.567164
2026/02/05/00:50:54,apply-time,rs-005352-q4zfx,bc3d8020-0da4-4ffa-9ac2-2455235acc3b,1,5481.567164
2026/02/05/00:50:54,running-time,rs-005352-q4zfx,bc3d8020-0da4-4ffa-9ac2-2455235acc3b,1,5481.567164
2026/02/05/00:50:54,apply-time,rs-005352-zgknw,c4d7832d-868e-483d-8306-0e865d4cc11d,1,5481.567164
2026/02/05/00:50:54,running-time,rs-005352-zgknw,c4d7832d-868e-483d-8306-0e865d4cc11d,1,5481.567164
2026/02/05/00:50:54,apply-time,rs-005353-6tzqn,4e3760fc-42e4-48cc-84f9-9660194a8bfe,1,5481.567164
2026/02/05/00:50:54,running-time,rs-005353-6tzqn,4e3760fc-42e4-48cc-84f9-9660194a8bfe,1,5481.567164
2026/02/05/00:50:54,apply-time,rs-005353-7bx7v,66c8858a-81f0-4163-a25a-048269b8251f,1,5481.567164
2026/02/05/00:50:54,running-time,rs-005353-7bx7v,66c8858a-81f0-4163-a25a-048269b8251f,1,5481.567164
2026/02/05/00:50:54,apply-time,rs-005353-fghst,eac55525-d401-42dd-a166-0259bd2f9599,1,5481.567164
2026/02/05/00:50:54,running-time,rs-005353-fghst,eac55525-d401-42dd-a166-0259bd2f9599,1,5481.567164
2026/02/05/00:50:54,apply-time,rs-005354-gv48z,61e4fb99-5975-41ef-bea9-ef351c5b2ca8,1,5481.567164
2026/02/05/00:50:54,running-time,rs-005354-gv48z,61e4fb99-5975-41ef-bea9-ef351c5b2ca8,1,5481.567164
2026/02/05/00:50:57,apply-time,rs-005355-j6qpg,a788ae87-f24d-4ca5-8f5a-d60c10cee927,1,5484.567164
2026/02/05/00:50:57,running-time,rs-005355-j6qpg,a788ae87-f24d-4ca5-8f5a-d60c10cee927,1,5484.567164
2026/02/05/00:50:57,apply-time,rs-005355-v7krr,795d5f40-c103-4b76-9c39-1c1debe8a2ae,1,5484.567164
2026/02/05/00:50:57,running-time,rs-005355-v7krr,795d5f40-c103-4b76-9c39-1c1debe8a2ae,1,5484.567164
2026/02/05/00:50:57,apply-time,rs-005356-ffl8b,7388169f-f9bf-4a15-978f-e24457883bed,1,5484.567164
2026/02/05/00:50:57,running-time,rs-005356-ffl8b,7388169f-f9bf-4a15-978f-e24457883bed,1,5484.567164
2026/02/05/00:50:57,apply-time,rs-005356-h6n5l,5c40ce4c-0f49-4139-986c-b183fe99e58d,1,5484.567164
2026/02/05/00:50:57,running-time,rs-005356-h6n5l,5c40ce4c-0f49-4139-986c-b183fe99e58d,1,5484.567164
2026/02/05/00:50:57,apply-time,rs-005357-946bp,40e409cf-70a5-41b4-934f-9449263ad98b,1,5484.567164
2026/02/05/00:50:57,running-time,rs-005357-946bp,40e409cf-70a5-41b4-934f-9449263ad98b,1,5484.567164
2026/02/05/00:50:57,apply-time,rs-005357-jwrbq,bff7c213-4217-46bb-b099-d98d44890f4e,1,5484.567164
2026/02/05/00:50:57,running-time,rs-005357-jwrbq,bff7c213-4217-46bb-b099-d98d44890f4e,1,5484.567164
2026/02/05/00:50:57,apply-time,rs-005357-nzbmv,259787d0-2bda-47b1-af2e-8ed1be6a33d3,1,5484.567164
2026/02/05/00:50:57,running-time,rs-005357-nzbmv,259787d0-2bda-47b1-af2e-8ed1be6a33d3,1,5484.567164
2026/02/05/00:50:59,apply-time,rs-005358-tq675,38ce3b70-c798-472e-8bc3-6882803d3f28,1,5486.567164
2026/02/05/00:50:59,running-time,rs-005358-tq675,38ce3b70-c798-472e-8bc3-6882803d3f28,1,5486.567164
2026/02/05/00:50:59,apply-time,rs-005359-bfxfb,a61f24bb-e5ec-4efb-9cdb-994ea552f67f,1,5486.567164
2026/02/05/00:50:59,running-time,rs-005359-bfxfb,a61f24bb-e5ec-4efb-9cdb-994ea552f67f,1,5486.567164
2026/02/05/00:50:59,apply-time,rs-005359-gl27r,070a0745-20bf-455b-9e74-83c1b6017ebb,1,5486.567164
2026/02/05/00:50:59,running-time,rs-005359-gl27r,070a0745-20bf-455b-9e74-83c1b6017ebb,1,5486.567164
2026/02/05/00:50:59,apply-time,rs-005360-hd6g7,e6a30865-09ed-4ee1-96d0-cade098016e4,1,5486.567164
2026/02/05/00:50:59,running-time,rs-005360-hd6g7,e6a30865-09ed-4ee1-96d0-cade098016e4,1,5486.567164
2026/02/05/00:50:59,apply-time,rs-005361-pq2wp,036e568a-4ded-4ae7-9e60-bb822987d69a,1,5486.567164
2026/02/05/00:50:59,apply-time,rs-005362-bs22p,1f03df97-706d-4fd9-9dcb-14d481fa6ea0,1,5486.567164
2026/02/05/00:50:59,apply-time,rs-005362-mb94h,9360752b-ace6-4d3c-ba78-5108bed483a0,1,5486.567164
2026/02/05/00:50:59,apply-time,rs-005363-g6hdg,cd926f03-76cb-4888-b9ea-7d9dff4f38aa,1,5486.567164
2026/02/05/00:50:59,running-time,rs-005363-g6hdg,cd926f03-76cb-4888-b9ea-7d9dff4f38aa,1,5486.567164
2026/02/05/00:50:59,apply-time,rs-005364-kc6pg,18b060dc-2d81-471c-8d20-df0218d70296,1,5486.567164
2026/02/05/00:50:59,running-time,rs-005364-kc6pg,18b060dc-2d81-471c-8d20-df0218d70296,1,5486.567164
2026/02/05/00:51:00,apply-time,rs-005365-8w2kj,d75d00d6-b973-4260-9f96-20a002b0e4e2,1,5487.567164
2026/02/05/00:51:00,running-time,rs-005365-8w2kj,d75d00d6-b973-4260-9f96-20a002b0e4e2,1,5487.567164
2026/02/05/00:51:00,apply-time,rs-005365-sdt9t,51ec4267-bcf5-4dda-ab44-5800108bc3e5,1,5487.567164
2026/02/05/00:51:00,running-time,rs-005365-sdt9t,51ec4267-bcf5-4dda-ab44-5800108bc3e5,1,5487.567164
2026/02/05/00:51:00,apply-time,rs-005365-xpn4k,55e15659-3d0e-472b-939d-8c8c4b0de0d6,1,5487.567164
2026/02/05/00:51:00,running-time,rs-005365-xpn4k,55e15659-3d0e-472b-939d-8c8c4b0de0d6,1,5487.567164
2026/02/05/00:51:00,apply-time,rs-005366-d2rc6,9f5d26e5-d122-4bd2-b4f2-24df49a96bd2,1,5487.567164
2026/02/05/00:51:00,running-time,rs-005366-d2rc6,9f5d26e5-d122-4bd2-b4f2-24df49a96bd2,1,5487.567164
2026/02/05/00:51:00,apply-time,rs-005366-kp6js,36589123-4f1a-4bbd-b3d9-a4500dee7fc9,1,5487.567164
2026/02/05/00:51:00,running-time,rs-005366-kp6js,36589123-4f1a-4bbd-b3d9-a4500dee7fc9,1,5487.567164
2026/02/05/00:51:00,apply-time,rs-005367-fn8cc,ba4396d4-f4c7-4884-ace3-3c557a1b104b,1,5487.567164
2026/02/05/00:51:00,running-time,rs-005367-fn8cc,ba4396d4-f4c7-4884-ace3-3c557a1b104b,1,5487.567164
2026/02/05/00:51:00,apply-time,rs-005368-nhckr,472daed4-8b48-40ba-87ca-726c43fbab91,1,5487.567164
2026/02/05/00:51:01,apply-time,rs-005368-mddxt,04293d8b-9d7b-42c3-84f0-8e97ad5cc5f0,1,5487.567164
2026/02/05/00:51:02,running-time,rs-005361-pq2wp,036e568a-4ded-4ae7-9e60-bb822987d69a,1,5489.567164
2026/02/05/00:51:04,running-time,rs-005368-nhckr,472daed4-8b48-40ba-87ca-726c43fbab91,1,5491.567164
2026/02/05/00:51:05,running-time,rs-005368-mddxt,04293d8b-9d7b-42c3-84f0-8e97ad5cc5f0,1,5491.567164
2026/02/05/00:51:06,apply-time,rs-005369-lzqng,47ea87cb-5480-469d-a9d2-b4e0d1f72b25,1,5493.567164
2026/02/05/00:51:06,running-time,rs-005369-lzqng,47ea87cb-5480-469d-a9d2-b4e0d1f72b25,1,5493.567164
2026/02/05/00:51:06,apply-time,rs-005369-n52q7,8b4cc066-a732-441c-ab75-2e3216ef7c59,1,5493.567164
2026/02/05/00:51:06,running-time,rs-005369-n52q7,8b4cc066-a732-441c-ab75-2e3216ef7c59,1,5493.567164
2026/02/05/00:51:06,apply-time,rs-005370-b9vgd,28e68100-588b-4f50-8815-56bc447bc2d1,1,5493.567164
2026/02/05/00:51:06,running-time,rs-005370-b9vgd,28e68100-588b-4f50-8815-56bc447bc2d1,1,5493.567164
2026/02/05/00:51:07,apply-time,rs-005371-mpx7h,6dff4ace-b231-4f99-b91d-4ca56b51b9da,1,5494.567164
2026/02/05/00:51:07,apply-time,rs-005371-pvqq4,e99033dc-5597-49ba-82c6-b7f3f6fcb161,1,5494.567164
2026/02/05/00:51:07,apply-time,rs-005371-pzd5t,db548a0e-9aeb-453f-bb1c-4133f413935d,1,5494.567164
2026/02/05/00:51:07,apply-time,rs-005372-fqs6x,10d68e9e-9597-47e9-960f-7ffd5f40243b,1,5494.567164
2026/02/05/00:51:07,running-time,rs-005372-fqs6x,10d68e9e-9597-47e9-960f-7ffd5f40243b,1,5494.567164
2026/02/05/00:51:07,apply-time,rs-005372-ngcth,8c42cf91-c26d-4e3f-bc5a-37c2a865c98b,1,5494.567164
2026/02/05/00:51:07,running-time,rs-005372-ngcth,8c42cf91-c26d-4e3f-bc5a-37c2a865c98b,1,5494.567164
2026/02/05/00:51:11,apply-time,rs-005373-mj299,49716973-8a4d-49bd-aaf3-a04bf2902b4d,1,5498.567164
2026/02/05/00:51:12,running-time,rs-005373-mj299,49716973-8a4d-49bd-aaf3-a04bf2902b4d,1,5498.567164
2026/02/05/00:51:12,apply-time,rs-005374-54qq8,3e4f47e2-9d45-4de7-bb9f-be7425f41049,1,5498.567164
2026/02/05/00:51:13,running-time,rs-005374-54qq8,3e4f47e2-9d45-4de7-bb9f-be7425f41049,1,5500.567164
2026/02/05/00:51:24,apply-time,rs-005375-k7twd,6da9e27f-f6a8-49a8-9e6f-76725f63238d,1,5511.567164
2026/02/05/00:51:24,running-time,rs-005375-k7twd,6da9e27f-f6a8-49a8-9e6f-76725f63238d,1,5511.567164
2026/02/05/00:51:24,apply-time,rs-005375-qqctt,42419b48-2e67-422f-a52d-d286098a67cb,1,5511.567164
2026/02/05/00:51:24,running-time,rs-005375-qqctt,42419b48-2e67-422f-a52d-d286098a67cb,1,5511.567164
2026/02/05/00:51:24,apply-time,rs-005376-7l96j,24286541-ee33-40bf-bd7d-f6c49e611cac,1,5511.567164
2026/02/05/00:51:24,running-time,rs-005376-7l96j,24286541-ee33-40bf-bd7d-f6c49e611cac,1,5511.567164
2026/02/05/00:51:24,apply-time,rs-005376-sd7qn,fb0f7848-e86a-4fa1-997b-391d72c41414,1,5511.567164
2026/02/05/00:51:24,running-time,rs-005376-sd7qn,fb0f7848-e86a-4fa1-997b-391d72c41414,1,5511.567164
2026/02/05/00:51:24,apply-time,rs-005376-wxlkw,a23db44f-7bde-49db-9edf-96d57a3ca0d4,1,5511.567164
2026/02/05/00:51:24,running-time,rs-005376-wxlkw,a23db44f-7bde-49db-9edf-96d57a3ca0d4,1,5511.567164
2026/02/05/00:51:24,apply-time,rs-005377-bccrx,320e0d7f-49fb-485e-b01d-c1e462f613cc,1,5511.567164
2026/02/05/00:51:24,running-time,rs-005377-bccrx,320e0d7f-49fb-485e-b01d-c1e462f613cc,1,5511.567164
2026/02/05/00:51:24,apply-time,rs-005377-x6lwc,e2cb1cb2-3ef6-4d73-aed3-e9255ceff2e0,1,5511.567164
2026/02/05/00:51:24,running-time,rs-005377-x6lwc,e2cb1cb2-3ef6-4d73-aed3-e9255ceff2e0,1,5511.567164
2026/02/05/00:51:26,apply-time,rs-005378-4nxbg,5697f561-01e8-45fc-b2c3-acac94419d9a,1,5513.567164
2026/02/05/00:51:26,running-time,rs-005378-4nxbg,5697f561-01e8-45fc-b2c3-acac94419d9a,1,5513.567164
2026/02/05/00:51:26,apply-time,rs-005379-5fdkr,12476591-0a6d-4225-a467-198c3219c2e6,1,5513.567164
2026/02/05/00:51:26,apply-time,rs-005379-72mg9,7cb387f3-101a-4131-bb72-f16777ba7092,1,5513.567164
2026/02/05/00:51:26,apply-time,rs-005380-gkd74,d68c61cc-ff44-41ae-b857-7f769e412275,1,5513.567164
2026/02/05/00:51:26,running-time,rs-005380-gkd74,d68c61cc-ff44-41ae-b857-7f769e412275,1,5513.567164
2026/02/05/00:51:26,apply-time,rs-005380-jlf54,e7191def-fd66-4664-b4ad-775eeccd7fe4,1,5513.567164
2026/02/05/00:51:26,running-time,rs-005380-jlf54,e7191def-fd66-4664-b4ad-775eeccd7fe4,1,5513.567164
2026/02/05/00:51:26,apply-time,rs-005380-pgnx4,367119b3-6921-43b7-af2c-b4b4745b9107,1,5513.567164
2026/02/05/00:51:26,running-time,rs-005380-pgnx4,367119b3-6921-43b7-af2c-b4b4745b9107,1,5513.567164
2026/02/05/00:51:26,apply-time,rs-005381-55sr4,dc20ff2e-d49b-4d25-9125-ef73138e8088,1,5513.567164
2026/02/05/00:51:26,running-time,rs-005381-55sr4,dc20ff2e-d49b-4d25-9125-ef73138e8088,1,5513.567164
2026/02/05/00:51:26,apply-time,rs-005381-h5bwp,faf05bf5-b2e3-4f13-ac20-b1a882a91f27,1,5513.567164
2026/02/05/00:51:26,running-time,rs-005381-h5bwp,faf05bf5-b2e3-4f13-ac20-b1a882a91f27,1,5513.567164
2026/02/05/00:51:26,apply-time,rs-005381-q554c,c22b94b0-fc06-4b61-af40-20193a34ccf4,1,5513.567164
2026/02/05/00:51:26,running-time,rs-005381-q554c,c22b94b0-fc06-4b61-af40-20193a34ccf4,1,5513.567164
2026/02/05/00:51:26,apply-time,rs-005382-msd6k,979ba7d9-0f8a-4305-a648-d54a0c9525ab,1,5513.567164
2026/02/05/00:51:26,running-time,rs-005382-msd6k,979ba7d9-0f8a-4305-a648-d54a0c9525ab,1,5513.567164
2026/02/05/00:51:26,apply-time,rs-005382-nczqf,9200de55-1fef-45cd-bbf7-3543ab231e22,1,5513.567164
2026/02/05/00:51:26,running-time,rs-005382-nczqf,9200de55-1fef-45cd-bbf7-3543ab231e22,1,5513.567164
2026/02/05/00:51:26,apply-time,rs-005382-nl7lv,da221bfa-bb07-43ad-9b85-fed166252dda,1,5513.567164
2026/02/05/00:51:26,running-time,rs-005382-nl7lv,da221bfa-bb07-43ad-9b85-fed166252dda,1,5513.567164
2026/02/05/00:51:26,apply-time,rs-005383-s2d8n,6ff73472-6f25-4b69-a081-5d3bbcfb099c,1,5513.567164
2026/02/05/00:51:29,running-time,rs-005383-s2d8n,6ff73472-6f25-4b69-a081-5d3bbcfb099c,1,5515.567164
2026/02/05/00:51:29,apply-time,rs-005384-9tg26,bed859a2-6733-488c-b6b7-a8f3aaeba170,1,5516.567164
2026/02/05/00:51:29,running-time,rs-005384-9tg26,bed859a2-6733-488c-b6b7-a8f3aaeba170,1,5516.567164
2026/02/05/00:51:30,apply-time,rs-005385-9wz2w,48037886-1716-4b2d-b485-e5068301aa4d,1,5517.567164
2026/02/05/00:51:30,running-time,rs-005385-9wz2w,48037886-1716-4b2d-b485-e5068301aa4d,1,5517.567164
2026/02/05/00:51:30,apply-time,rs-005386-7bjdb,5f656cea-c137-4b3a-96f6-9ee42e9480ab,1,5517.567164
2026/02/05/00:51:30,apply-time,rs-005386-vfhvh,8764cd9c-021f-44bc-9599-ceada3d40c47,1,5517.567164
2026/02/05/00:51:30,running-time,rs-005386-vfhvh,8764cd9c-021f-44bc-9599-ceada3d40c47,1,5517.567164
2026/02/05/00:51:35,apply-time,rs-005387-chzmd,164c2474-b46a-426b-a013-248b796ddd87,1,5521.567164
2026/02/05/00:51:35,running-time,rs-005387-chzmd,164c2474-b46a-426b-a013-248b796ddd87,1,5522.567164
2026/02/05/00:51:35,apply-time,rs-005387-p4rvp,0979c91e-ad92-4919-bfcf-d87d7d2fb75c,1,5521.567164
2026/02/05/00:51:35,running-time,rs-005387-p4rvp,0979c91e-ad92-4919-bfcf-d87d7d2fb75c,1,5522.567164
2026/02/05/00:51:35,apply-time,rs-005387-rcvlf,24f81c85-703d-4895-a72b-68e44783df03,1,5521.567164
2026/02/05/00:51:35,running-time,rs-005387-rcvlf,24f81c85-703d-4895-a72b-68e44783df03,1,5522.567164
2026/02/05/00:51:35,apply-time,rs-005388-qgtl8,d41356c7-aeef-4837-9f8b-edcee47abac0,1,5522.567164
2026/02/05/00:51:35,apply-time,rs-005388-rd97n,7b222217-d466-4294-85bb-31f2f48bd494,1,5522.567164
2026/02/05/00:51:35,apply-time,rs-005389-hjjg4,389d7806-9a01-4d4c-a310-3cde156ec56b,1,5522.567164
2026/02/05/00:51:35,running-time,rs-005389-hjjg4,389d7806-9a01-4d4c-a310-3cde156ec56b,1,5522.567164
2026/02/05/00:51:35,apply-time,rs-005389-qvjk5,5408b181-44c4-492b-a1e7-43fcbcfab213,1,5522.567164
2026/02/05/00:51:35,running-time,rs-005389-qvjk5,5408b181-44c4-492b-a1e7-43fcbcfab213,1,5522.567164
2026/02/05/00:51:35,apply-time,rs-005390-kn9ld,ed54649b-57e8-4854-89f6-f1dbb1f7b382,1,5522.567164
2026/02/05/00:51:35,running-time,rs-005390-kn9ld,ed54649b-57e8-4854-89f6-f1dbb1f7b382,1,5522.567164
2026/02/05/00:51:35,apply-time,rs-005390-qblxg,9f239d0b-c3ef-4433-9401-dfa7fa7e7f36,1,5522.567164
2026/02/05/00:51:35,running-time,rs-005390-qblxg,9f239d0b-c3ef-4433-9401-dfa7fa7e7f36,1,5522.567164
2026/02/05/00:51:35,apply-time,rs-005391-g6rgf,9903448b-9051-4f79-900f-cd9967cfbbfe,1,5522.567164
2026/02/05/00:51:35,running-time,rs-005391-g6rgf,9903448b-9051-4f79-900f-cd9967cfbbfe,1,5522.567164
2026/02/05/00:51:35,apply-time,rs-005391-xc9cx,1d925891-ad14-42fa-b946-2218a3560fe1,1,5522.567164
2026/02/05/00:51:35,running-time,rs-005391-xc9cx,1d925891-ad14-42fa-b946-2218a3560fe1,1,5522.567164
2026/02/05/00:51:35,apply-time,rs-005392-gh6fb,f501bf28-69fd-4027-9d95-f156ed5743cb,1,5522.567164
2026/02/05/00:51:35,running-time,rs-005392-gh6fb,f501bf28-69fd-4027-9d95-f156ed5743cb,1,5522.567164
2026/02/05/00:51:35,apply-time,rs-005392-klnps,69ecbf12-4571-4ebb-8e8f-ce25df535699,1,5522.567164
2026/02/05/00:51:35,apply-time,rs-005393-ts9ff,ae5a0dfa-c6ca-4689-9c51-5b0ecee3ed4e,1,5522.567164
2026/02/05/00:51:35,running-time,rs-005393-ts9ff,ae5a0dfa-c6ca-4689-9c51-5b0ecee3ed4e,1,5522.567164
2026/02/05/00:51:36,apply-time,rs-005392-j7mc9,24eaa786-aad5-4889-9ba2-73e0c6c6b931,1,5522.567164
2026/02/05/00:51:36,running-time,rs-005392-j7mc9,24eaa786-aad5-4889-9ba2-73e0c6c6b931,1,5522.567164
2026/02/05/00:51:36,running-time,rs-005392-klnps,69ecbf12-4571-4ebb-8e8f-ce25df535699,1,5522.567164
2026/02/05/00:51:36,apply-time,rs-005393-52clz,ec515689-8050-4ca7-b300-049b0b0abfe4,1,5522.567164
2026/02/05/00:51:36,running-time,rs-005393-52clz,ec515689-8050-4ca7-b300-049b0b0abfe4,1,5522.567164
2026/02/05/00:51:36,apply-time,rs-005394-5q2nf,f87004da-6022-40e8-8a8d-d0d67d82f293,1,5523.567164
2026/02/05/00:51:36,apply-time,rs-005395-dmlzt,ec86bf3f-b1bd-4e6d-8e05-182c2eb98a09,1,5523.567164
2026/02/05/00:51:36,running-time,rs-005395-dmlzt,ec86bf3f-b1bd-4e6d-8e05-182c2eb98a09,1,5523.567164
2026/02/05/00:51:36,apply-time,rs-005396-zdjtk,f6feb973-14e3-4bfa-8713-ac5fee54cb4e,1,5523.567164
2026/02/05/00:51:37,apply-time,rs-005397-hzwjq,875b1a9a-71f4-4ea8-9d20-00b624576a24,1,5523.567164
2026/02/05/00:51:37,running-time,rs-005397-hzwjq,875b1a9a-71f4-4ea8-9d20-00b624576a24,1,5523.567164
2026/02/05/00:51:37,apply-time,rs-005397-vb8hn,1f2f11cb-0179-48cf-9eef-ce17abac6a92,1,5524.567164
2026/02/05/00:51:37,running-time,rs-005397-vb8hn,1f2f11cb-0179-48cf-9eef-ce17abac6a92,1,5524.567164
2026/02/05/00:51:37,apply-time,rs-005398-ml6cd,5b211fa8-f11b-4762-9f3e-4817bf85742c,1,5524.567164
2026/02/05/00:51:37,running-time,rs-005398-ml6cd,5b211fa8-f11b-4762-9f3e-4817bf85742c,1,5524.567164
2026/02/05/00:51:37,apply-time,rs-005398-scgmn,ef1c4099-5352-43ff-abe0-478e871b3360,1,5524.567164
2026/02/05/00:51:37,running-time,rs-005398-scgmn,ef1c4099-5352-43ff-abe0-478e871b3360,1,5524.567164
2026/02/05/00:51:37,apply-time,rs-005399-8tlvv,9092ff33-200c-470f-ab45-33ca8cb06c3c,1,5524.567164
2026/02/05/00:51:37,apply-time,rs-005399-rcgrd,c8c7d24f-195c-486a-82c4-8118802ab458,1,5524.567164
2026/02/05/00:51:37,apply-time,rs-005400-5jflw,898364f9-257d-482a-baed-d503781edd04,1,5524.567164
2026/02/05/00:51:37,apply-time,rs-005400-jvhtn,02fd84b3-66a9-42d1-b76a-07eed8f5dc2f,1,5524.567164
2026/02/05/00:51:37,apply-time,rs-005400-lf44c,a1717537-8ec8-419a-bac5-3b5ed0222c13,1,5524.567164
2026/02/05/00:51:38,running-time,rs-005400-5jflw,898364f9-257d-482a-baed-d503781edd04,1,5525.567164
2026/02/05/00:51:38,running-time,rs-005400-jvhtn,02fd84b3-66a9-42d1-b76a-07eed8f5dc2f,1,5525.567164
2026/02/05/00:51:38,running-time,rs-005400-lf44c,a1717537-8ec8-419a-bac5-3b5ed0222c13,1,5525.567164
2026/02/05/00:51:39,running-time,rs-005394-5q2nf,f87004da-6022-40e8-8a8d-d0d67d82f293,1,5525.567164
2026/02/05/00:51:39,running-time,rs-005399-8tlvv,9092ff33-200c-470f-ab45-33ca8cb06c3c,1,5525.567164
2026/02/05/00:51:39,running-time,rs-005399-rcgrd,c8c7d24f-195c-486a-82c4-8118802ab458,1,5525.567164
2026/02/05/00:51:47,running-time,rs-005388-qgtl8,d41356c7-aeef-4837-9f8b-edcee47abac0,1,5534.567164
2026/02/05/00:51:48,apply-time,rs-005401-5qj8w,b144f835-67bb-46e8-a04c-091abaa90ba9,1,5535.567164
2026/02/05/00:51:48,running-time,rs-005401-5qj8w,b144f835-67bb-46e8-a04c-091abaa90ba9,1,5535.567164
2026/02/05/00:51:48,apply-time,rs-005401-w6lqw,acfec5cd-2fb3-4626-ba31-ef8462602b92,1,5535.567164
2026/02/05/00:51:48,running-time,rs-005401-w6lqw,acfec5cd-2fb3-4626-ba31-ef8462602b92,1,5535.567164
2026/02/05/00:51:48,apply-time,rs-005402-hln98,28aba2fc-a3b5-4719-9fad-356f504af58e,1,5535.567164
2026/02/05/00:51:48,apply-time,rs-005403-8lfp6,396f1ab1-ba80-4b14-9a01-6efb1b6c8fb1,1,5535.567164
2026/02/05/00:51:48,running-time,rs-005403-8lfp6,396f1ab1-ba80-4b14-9a01-6efb1b6c8fb1,1,5535.567164
2026/02/05/00:51:48,apply-time,rs-005403-l6jr9,2cede06f-e0f0-454d-b739-468b8d069f08,1,5535.567164
2026/02/05/00:51:48,running-time,rs-005403-l6jr9,2cede06f-e0f0-454d-b739-468b8d069f08,1,5535.567164
2026/02/05/00:51:48,apply-time,rs-005404-gg9xz,d324a62e-b256-4d48-af7a-6c8ae74e15a6,1,5535.567164
2026/02/05/00:51:48,running-time,rs-005404-gg9xz,d324a62e-b256-4d48-af7a-6c8ae74e15a6,1,5535.567164
2026/02/05/00:51:48,apply-time,rs-005405-jkdz9,07ec3dc0-0d75-4f87-b11a-c96fd280fb78,1,5535.567164
2026/02/05/00:51:48,running-time,rs-005405-jkdz9,07ec3dc0-0d75-4f87-b11a-c96fd280fb78,1,5535.567164
2026/02/05/00:51:48,apply-time,rs-005405-x4dk9,dbe4c99e-c0a3-4674-9939-6f8f715576d8,1,5535.567164
2026/02/05/00:51:48,running-time,rs-005405-x4dk9,dbe4c99e-c0a3-4674-9939-6f8f715576d8,1,5535.567164
2026/02/05/00:51:49,apply-time,rs-005406-zwlhq,04f609ed-9dfc-4412-9af4-dba14904cc4d,1,5535.567164
2026/02/05/00:51:49,running-time,rs-005406-zwlhq,04f609ed-9dfc-4412-9af4-dba14904cc4d,1,5535.567164
2026/02/05/00:51:49,apply-time,rs-005407-6rq92,f0f135c0-ecff-4704-8eef-c9a5dfbc80c1,1,5535.567164
2026/02/05/00:51:49,running-time,rs-005407-6rq92,f0f135c0-ecff-4704-8eef-c9a5dfbc80c1,1,5535.567164
2026/02/05/00:51:56,apply-time,rs-005408-blh8p,6f3c1166-20c7-4077-b7ab-5114c732cf9b,1,5543.567164
2026/02/05/00:51:56,running-time,rs-005408-blh8p,6f3c1166-20c7-4077-b7ab-5114c732cf9b,1,5543.567164
2026/02/05/00:51:56,apply-time,rs-005408-ft2wt,6605efc7-9717-448a-89fc-04ec731e88bb,1,5543.567164
2026/02/05/00:51:56,running-time,rs-005408-ft2wt,6605efc7-9717-448a-89fc-04ec731e88bb,1,5543.567164
2026/02/05/00:51:56,apply-time,rs-005409-9gxv8,b6e52c08-d75f-44fe-93e7-5c0b71001b07,1,5543.567164
2026/02/05/00:51:56,running-time,rs-005409-9gxv8,b6e52c08-d75f-44fe-93e7-5c0b71001b07,1,5543.567164
2026/02/05/00:51:56,apply-time,rs-005409-f9hgv,50e13c47-a09c-4962-b8ad-6e370eb0aac1,1,5543.567164
2026/02/05/00:51:56,running-time,rs-005409-f9hgv,50e13c47-a09c-4962-b8ad-6e370eb0aac1,1,5543.567164
2026/02/05/00:51:56,apply-time,rs-005409-mltq6,48444bd5-c17e-45b1-93db-68cb8a7891cd,1,5543.567164
2026/02/05/00:51:56,running-time,rs-005409-mltq6,48444bd5-c17e-45b1-93db-68cb8a7891cd,1,5543.567164
2026/02/05/00:51:58,apply-time,rs-005410-x9lj2,4bda4f53-e6fb-427f-afcf-6f630447ff11,1,5544.567164
2026/02/05/00:51:58,running-time,rs-005410-x9lj2,4bda4f53-e6fb-427f-afcf-6f630447ff11,1,5544.567164
2026/02/05/00:51:59,apply-time,rs-005411-kqrmf,76067e74-cb8e-4d43-861f-0056c0a9a52d,1,5545.567164
2026/02/05/00:51:59,running-time,rs-005411-kqrmf,76067e74-cb8e-4d43-861f-0056c0a9a52d,1,5545.567164
2026/02/05/00:51:59,apply-time,rs-005412-77fhj,78b38552-9ff0-4876-b1d2-b10332684c3d,1,5545.567164
2026/02/05/00:51:59,running-time,rs-005412-77fhj,78b38552-9ff0-4876-b1d2-b10332684c3d,1,5545.567164
2026/02/05/00:51:59,apply-time,rs-005412-hkmcj,fd76a829-43ff-494b-aa10-88049284cc18,1,5545.567164
2026/02/05/00:51:59,running-time,rs-005412-hkmcj,fd76a829-43ff-494b-aa10-88049284cc18,1,5545.567164
2026/02/05/00:52:01,apply-time,rs-005413-kqt6c,cfa8cf0a-c165-456f-87de-18e7a37123d4,1,5547.567164
2026/02/05/00:52:01,running-time,rs-005413-kqt6c,cfa8cf0a-c165-456f-87de-18e7a37123d4,1,5547.567164
2026/02/05/00:52:01,apply-time,rs-005413-pgq4q,765bb696-8c5e-435b-94be-792a51c70caf,1,5547.567164
2026/02/05/00:52:01,running-time,rs-005413-pgq4q,765bb696-8c5e-435b-94be-792a51c70caf,1,5547.567164
2026/02/05/00:52:17,apply-time,rs-005414-b5994,09988a6b-3570-4372-bbdb-4477a949548b,1,5563.567164
2026/02/05/00:52:17,apply-time,rs-005414-mw7s2,27bde6b0-41a4-458f-86f5-e6fb8f43830d,1,5563.567164
2026/02/05/00:52:17,apply-time,rs-005414-pj8mh,cebd0b08-b9a2-454a-952d-b31a71873572,1,5563.567164
2026/02/05/00:52:17,running-time,rs-005414-pj8mh,cebd0b08-b9a2-454a-952d-b31a71873572,1,5563.567164
2026/02/05/00:52:17,apply-time,rs-005415-2shr5,750fd768-7dea-49ad-9bdb-afbe1c3bd246,1,5563.567164
2026/02/05/00:52:17,running-time,rs-005415-2shr5,750fd768-7dea-49ad-9bdb-afbe1c3bd246,1,5563.567164
2026/02/05/00:52:17,apply-time,rs-005415-kbdgx,893b861f-5ce2-429a-8b51-ffb796d48509,1,5563.567164
2026/02/05/00:52:17,running-time,rs-005415-kbdgx,893b861f-5ce2-429a-8b51-ffb796d48509,1,5563.567164
2026/02/05/00:52:17,apply-time,rs-005415-w2vmc,32e496f2-7ac7-49c4-8de4-b6baef741105,1,5563.567164
2026/02/05/00:52:17,running-time,rs-005415-w2vmc,32e496f2-7ac7-49c4-8de4-b6baef741105,1,5563.567164
2026/02/05/00:52:18,apply-time,rs-005416-8s7hm,3708c485-1de8-4ca4-ba21-5b7bcb47b027,1,5564.567164
2026/02/05/00:52:18,running-time,rs-005416-8s7hm,3708c485-1de8-4ca4-ba21-5b7bcb47b027,1,5564.567164
2026/02/05/00:52:18,apply-time,rs-005416-gm4fn,1e38ad80-873d-434d-816e-16de82d44125,1,5564.567164
2026/02/05/00:52:18,running-time,rs-005416-gm4fn,1e38ad80-873d-434d-816e-16de82d44125,1,5564.567164
2026/02/05/00:52:18,apply-time,rs-005417-f499f,4b999645-9ec7-412e-88a7-879055705610,1,5564.567164
2026/02/05/00:52:18,running-time,rs-005417-f499f,4b999645-9ec7-412e-88a7-879055705610,1,5564.567164
2026/02/05/00:52:18,apply-time,rs-005418-hk7kh,47b0424a-954b-4b9b-a653-e2beab7b7555,1,5564.567164
2026/02/05/00:52:18,running-time,rs-005418-hk7kh,47b0424a-954b-4b9b-a653-e2beab7b7555,1,5564.567164
2026/02/05/00:52:23,apply-time,rs-002923-cd9v5,cd2416e6-4c8a-4a7b-9a68-8b0838ce7c10,1,5569.567164
2026/02/05/00:52:23,running-time,rs-002923-cd9v5,cd2416e6-4c8a-4a7b-9a68-8b0838ce7c10,1,5569.567164
2026/02/05/00:52:23,apply-time,rs-004141-smhlz,9e5a9f03-1c29-4b73-af8d-acb7bdb7c415,1,5569.567164
2026/02/05/00:52:23,running-time,rs-004141-smhlz,9e5a9f03-1c29-4b73-af8d-acb7bdb7c415,1,5569.567164
2026/02/05/00:52:23,running-time,rs-005414-b5994,09988a6b-3570-4372-bbdb-4477a949548b,1,5569.567164
2026/02/05/00:52:23,running-time,rs-005414-mw7s2,27bde6b0-41a4-458f-86f5-e6fb8f43830d,1,5569.567164
2026/02/05/00:52:28,apply-time,rs-005419-d882l,d1a41e3d-c969-4fad-80e6-b54130b3cec3,1,5574.567164
2026/02/05/00:52:28,running-time,rs-005419-d882l,d1a41e3d-c969-4fad-80e6-b54130b3cec3,1,5574.567164
2026/02/05/00:52:28,apply-time,rs-005419-x8hfw,337b164b-71fa-4eea-9eea-72877b23ea87,1,5574.567164
2026/02/05/00:52:28,running-time,rs-005419-x8hfw,337b164b-71fa-4eea-9eea-72877b23ea87,1,5574.567164
2026/02/05/00:52:32,apply-time,rs-005420-phkd6,74efecde-76a6-43be-93f8-c66c96751bf3,1,5578.567164
2026/02/05/00:52:32,running-time,rs-005420-phkd6,74efecde-76a6-43be-93f8-c66c96751bf3,1,5578.567164
2026/02/05/00:52:32,apply-time,rs-005420-rk9cj,6be9b3d2-c67a-42db-a6bb-0af7e9f1f4d6,1,5578.567164
2026/02/05/00:52:32,running-time,rs-005420-rk9cj,6be9b3d2-c67a-42db-a6bb-0af7e9f1f4d6,1,5578.567164
2026/02/05/00:52:32,apply-time,rs-005420-spvvd,f769c636-d936-486f-b8ab-fd7efecc8bf8,1,5578.567164
2026/02/05/00:52:32,running-time,rs-005420-spvvd,f769c636-d936-486f-b8ab-fd7efecc8bf8,1,5578.567164
2026/02/05/00:52:32,apply-time,rs-005421-js4js,51b1e64f-5cd3-466f-9569-9288d11b61b7,1,5578.567164
2026/02/05/00:52:32,running-time,rs-005421-js4js,51b1e64f-5cd3-466f-9569-9288d11b61b7,1,5578.567164
2026/02/05/00:52:32,apply-time,rs-005422-zfkmq,5fff5d5b-383a-42c8-ae85-33878e402ee3,1,5578.567164
2026/02/05/00:52:32,running-time,rs-005422-zfkmq,5fff5d5b-383a-42c8-ae85-33878e402ee3,1,5578.567164
2026/02/05/00:52:34,apply-time,rs-005423-kn28b,93150828-c99d-4828-a72b-0473d85df25c,1,5581.567164
2026/02/05/00:52:34,running-time,rs-005423-kn28b,93150828-c99d-4828-a72b-0473d85df25c,1,5581.567164
2026/02/05/00:52:34,apply-time,rs-005424-zh69x,e6ad83c7-3366-4569-ae2e-8218cfbef048,1,5581.567164
2026/02/05/00:52:34,running-time,rs-005424-zh69x,e6ad83c7-3366-4569-ae2e-8218cfbef048,1,5581.567164
2026/02/05/00:52:35,apply-time,rs-005425-6cj5k,d99c0921-539e-4b43-9b7f-637de3765b35,1,5581.567164
2026/02/05/00:52:35,apply-time,rs-005425-sr7zb,ba8fcd63-1f69-4d85-9fd3-66917ba18a1e,1,5581.567164
2026/02/05/00:52:35,apply-time,rs-005425-tjnqr,94c9d60f-e24e-462b-b28d-2c0ded8dc9e4,1,5581.567164
2026/02/05/00:52:38,apply-time,rs-005426-lw55m,4cb01a30-898d-4cf4-a965-06b99d6d93fb,1,5584.567164
2026/02/05/00:52:38,running-time,rs-005426-lw55m,4cb01a30-898d-4cf4-a965-06b99d6d93fb,1,5584.567164
2026/02/05/00:52:38,apply-time,rs-005427-t5xwx,1ebb6372-e4a6-4aff-ac7b-b12c4e71e7a2,1,5584.567164
2026/02/05/00:52:38,running-time,rs-005427-t5xwx,1ebb6372-e4a6-4aff-ac7b-b12c4e71e7a2,1,5584.567164
2026/02/05/00:52:38,apply-time,rs-005428-xh46b,bf499f7f-1485-4bb4-acf6-427399a73910,1,5584.567164
2026/02/05/00:52:38,running-time,rs-005428-xh46b,bf499f7f-1485-4bb4-acf6-427399a73910,1,5584.567164
2026/02/05/00:52:38,apply-time,rs-005429-49z5f,68d29cf3-2c0c-49cc-bc0b-d72def2ac11a,1,5584.567164
2026/02/05/00:52:38,running-time,rs-005429-49z5f,68d29cf3-2c0c-49cc-bc0b-d72def2ac11a,1,5584.567164
2026/02/05/00:52:38,apply-time,rs-005430-fbk7q,07af9e4c-3e8a-42cc-82db-4ddab5030e11,1,5584.567164
2026/02/05/00:52:38,running-time,rs-005430-fbk7q,07af9e4c-3e8a-42cc-82db-4ddab5030e11,1,5584.567164
2026/02/05/00:52:38,apply-time,rs-005430-nzfjr,152247da-114f-490c-abb6-8ad0507f839a,1,5584.567164
2026/02/05/00:52:38,running-time,rs-005430-nzfjr,152247da-114f-490c-abb6-8ad0507f839a,1,5584.567164
2026/02/05/00:52:39,apply-time,rs-005431-qh4q2,3da55bdf-fabf-43ea-ab61-fdd0ee246bae,1,5585.567164
2026/02/05/00:52:39,running-time,rs-005431-qh4q2,3da55bdf-fabf-43ea-ab61-fdd0ee246bae,1,5585.567164
2026/02/05/00:52:39,apply-time,rs-005431-tzwvv,a0fcd473-7435-4b3c-b75c-e69f6919f320,1,5585.567164
2026/02/05/00:52:39,running-time,rs-005431-tzwvv,a0fcd473-7435-4b3c-b75c-e69f6919f320,1,5585.567164
2026/02/05/00:52:50,apply-time,rs-005432-72v7x,37186bb6-76b7-4af5-b746-4c5650b3ba5c,1,5596.567164
2026/02/05/00:52:50,running-time,rs-005432-72v7x,37186bb6-76b7-4af5-b746-4c5650b3ba5c,1,5596.567164
2026/02/05/00:52:50,apply-time,rs-005432-vk59j,b7729593-e604-4ee7-b89a-b0736b028bdf,1,5596.567164
2026/02/05/00:52:50,running-time,rs-005432-vk59j,b7729593-e604-4ee7-b89a-b0736b028bdf,1,5596.567164
2026/02/05/00:52:50,apply-time,rs-005432-wgr98,b0d898a0-9ebf-41c4-8bda-2706cb3a0805,1,5596.567164
2026/02/05/00:52:50,running-time,rs-005432-wgr98,b0d898a0-9ebf-41c4-8bda-2706cb3a0805,1,5596.567164
2026/02/05/00:52:51,apply-time,rs-005433-thvpb,1cc36363-f927-46cf-9ca4-3892d7d30a49,1,5597.567164
2026/02/05/00:52:51,running-time,rs-005433-thvpb,1cc36363-f927-46cf-9ca4-3892d7d30a49,1,5597.567164
2026/02/05/00:52:51,apply-time,rs-005434-z9nhm,49e9502d-d480-4eb7-ae79-9186eff44c5d,1,5597.567164
2026/02/05/00:52:51,running-time,rs-005434-z9nhm,49e9502d-d480-4eb7-ae79-9186eff44c5d,1,5597.567164
2026/02/05/00:52:51,apply-time,rs-005435-flpw9,3d92458c-99be-4d0d-a219-082325c779c5,1,5597.567164
2026/02/05/00:52:51,running-time,rs-005435-flpw9,3d92458c-99be-4d0d-a219-082325c779c5,1,5597.567164
2026/02/05/00:52:53,apply-time,rs-005436-kglsq,47a9fa03-6246-4b63-81fa-4650bb80138f,1,5599.567164
2026/02/05/00:52:53,running-time,rs-005436-kglsq,47a9fa03-6246-4b63-81fa-4650bb80138f,1,5599.567164
2026/02/05/00:52:54,apply-time,rs-005437-l7fnb,ed5e6328-9ae6-4e2f-9612-055d18a84def,1,5600.567164
2026/02/05/00:52:54,running-time,rs-005437-l7fnb,ed5e6328-9ae6-4e2f-9612-055d18a84def,1,5600.567164
2026/02/05/00:53:05,apply-time,rs-005438-chb6r,2c203c12-85cc-4797-b582-fd4a5781a0b3,1,5612.567164
2026/02/05/00:53:05,running-time,rs-005438-chb6r,2c203c12-85cc-4797-b582-fd4a5781a0b3,1,5612.567164
2026/02/05/00:53:05,apply-time,rs-005438-m2ljh,9e4e49f2-0424-4752-9572-9d37dccea749,1,5612.567164
2026/02/05/00:53:05,running-time,rs-005438-m2ljh,9e4e49f2-0424-4752-9572-9d37dccea749,1,5612.567164
2026/02/05/00:53:05,apply-time,rs-005439-q7ck8,ce5fc818-9555-41a9-b6ce-3689f82c5065,1,5612.567164
2026/02/05/00:53:05,apply-time,rs-005439-zflj6,d738df24-6adb-4b92-86f8-770fd68bc97a,1,5612.567164
2026/02/05/00:53:05,apply-time,rs-005440-8564q,ee7f95d3-dda9-4d58-8e09-de1ece934717,1,5612.567164
2026/02/05/00:53:05,running-time,rs-005440-8564q,ee7f95d3-dda9-4d58-8e09-de1ece934717,1,5612.567164
2026/02/05/00:53:05,apply-time,rs-005440-n2lmg,a313c35b-4993-4f25-9ef6-24835d5d9210,1,5612.567164
2026/02/05/00:53:05,running-time,rs-005440-n2lmg,a313c35b-4993-4f25-9ef6-24835d5d9210,1,5612.567164
2026/02/05/00:53:11,apply-time,rs-005441-7ggjp,a03ec5d2-535b-466f-86a2-19370562853e,1,5617.567164
2026/02/05/00:53:11,running-time,rs-005441-7ggjp,a03ec5d2-535b-466f-86a2-19370562853e,1,5617.567164
2026/02/05/00:53:11,apply-time,rs-005442-b5zj8,d3cbc087-1da3-4829-8924-777dd16a1354,1,5617.567164
2026/02/05/00:53:11,running-time,rs-005442-b5zj8,d3cbc087-1da3-4829-8924-777dd16a1354,1,5617.567164
2026/02/05/00:53:11,apply-time,rs-005443-8vz4b,fb284630-4dcd-4249-9871-f526c029c519,1,5617.567164
2026/02/05/00:53:11,running-time,rs-005443-8vz4b,fb284630-4dcd-4249-9871-f526c029c519,1,5617.567164
2026/02/05/00:53:11,apply-time,rs-005443-ml9wv,e71663c5-72bb-4606-ac2d-bedd60bc1739,1,5617.567164
2026/02/05/00:53:11,running-time,rs-005443-ml9wv,e71663c5-72bb-4606-ac2d-bedd60bc1739,1,5617.567164
2026/02/05/00:53:11,apply-time,rs-005444-hkzhw,ae84aa12-2bb8-4104-930d-5069c7e7555c,1,5617.567164
2026/02/05/00:53:11,running-time,rs-005444-hkzhw,ae84aa12-2bb8-4104-930d-5069c7e7555c,1,5617.567164
2026/02/05/00:53:11,apply-time,rs-005444-pbpft,6ac68b95-834c-4125-b0c5-35c817b936cd,1,5617.567164
2026/02/05/00:53:11,running-time,rs-005444-pbpft,6ac68b95-834c-4125-b0c5-35c817b936cd,1,5617.567164
2026/02/05/00:53:11,apply-time,rs-005445-25jnw,8307ae7a-4716-4f36-a518-eeb3caeab7d5,1,5617.567164
2026/02/05/00:53:11,running-time,rs-005445-25jnw,8307ae7a-4716-4f36-a518-eeb3caeab7d5,1,5617.567164
2026/02/05/00:53:11,apply-time,rs-005445-6ng97,6828e95a-9f45-414c-845e-9751feaa0c14,1,5617.567164
2026/02/05/00:53:11,running-time,rs-005445-6ng97,6828e95a-9f45-414c-845e-9751feaa0c14,1,5617.567164
2026/02/05/00:53:11,apply-time,rs-005445-pw4xh,55041176-6b06-4b42-9779-7596266a51d7,1,5617.567164
2026/02/05/00:53:11,running-time,rs-005445-pw4xh,55041176-6b06-4b42-9779-7596266a51d7,1,5617.567164
2026/02/05/00:53:11,apply-time,rs-005446-hs9v6,a99d502a-f18b-498b-bf99-081e8ef20217,1,5617.567164
2026/02/05/00:53:11,running-time,rs-005446-hs9v6,a99d502a-f18b-498b-bf99-081e8ef20217,1,5617.567164
2026/02/05/00:53:11,apply-time,rs-005446-pbb2s,ea43317b-90dd-4f4a-a78c-bc8cf9fd15dc,1,5618.567164
2026/02/05/00:53:11,running-time,rs-005446-pbb2s,ea43317b-90dd-4f4a-a78c-bc8cf9fd15dc,1,5618.567164
2026/02/05/00:53:11,apply-time,rs-005446-t8q7r,94d9fba8-8cc6-4486-bff2-85dd9f42a92a,1,5617.567164
2026/02/05/00:53:11,running-time,rs-005446-t8q7r,94d9fba8-8cc6-4486-bff2-85dd9f42a92a,1,5617.567164
2026/02/05/00:53:11,apply-time,rs-005447-wrdx2,0267843a-e444-448d-baa4-b99dbe6d8d42,1,5618.567164
2026/02/05/00:53:11,running-time,rs-005447-wrdx2,0267843a-e444-448d-baa4-b99dbe6d8d42,1,5618.567164
2026/02/05/00:53:11,apply-time,rs-005448-wh78b,37105060-c2e8-4eea-a1f4-bd66aaebc267,1,5618.567164
2026/02/05/00:53:11,running-time,rs-005448-wh78b,37105060-c2e8-4eea-a1f4-bd66aaebc267,1,5618.567164
2026/02/05/00:53:11,apply-time,rs-005449-2hrq2,ce0649f5-0d7a-43ef-b3f4-ac2b033b027a,1,5618.567164
2026/02/05/00:53:11,running-time,rs-005449-2hrq2,ce0649f5-0d7a-43ef-b3f4-ac2b033b027a,1,5618.567164
2026/02/05/00:53:11,apply-time,rs-005450-ngxt6,ee5299c1-9476-44c5-9649-9aa1521d055c,1,5618.567164
2026/02/05/00:53:11,running-time,rs-005450-ngxt6,ee5299c1-9476-44c5-9649-9aa1521d055c,1,5618.567164
2026/02/05/00:53:12,apply-time,rs-005448-xsqhx,3fc0d45c-d43c-45c2-ad0b-dfc48e0799e8,1,5618.567164
2026/02/05/00:53:12,running-time,rs-005448-xsqhx,3fc0d45c-d43c-45c2-ad0b-dfc48e0799e8,1,5618.567164
2026/02/05/00:53:12,apply-time,rs-005448-zr8bb,102efc38-6f55-4db2-8508-82b7639da0ff,1,5618.567164
2026/02/05/00:53:12,running-time,rs-005448-zr8bb,102efc38-6f55-4db2-8508-82b7639da0ff,1,5618.567164
2026/02/05/00:53:12,apply-time,rs-005449-mvtpg,673b3f2b-84ff-4658-b0a3-813310d56f9b,1,5618.567164
2026/02/05/00:53:12,running-time,rs-005449-mvtpg,673b3f2b-84ff-4658-b0a3-813310d56f9b,1,5618.567164
2026/02/05/00:53:12,apply-time,rs-005451-8cxzt,80f45da8-b6b0-4909-933d-99228587eda1,1,5618.567164
2026/02/05/00:53:12,running-time,rs-005451-8cxzt,80f45da8-b6b0-4909-933d-99228587eda1,1,5618.567164
2026/02/05/00:53:12,apply-time,rs-005451-g4mng,9ff87e1b-0126-4160-9385-eae6fd016911,1,5619.567164
2026/02/05/00:53:12,running-time,rs-005451-g4mng,9ff87e1b-0126-4160-9385-eae6fd016911,1,5619.567164
2026/02/05/00:53:12,apply-time,rs-005452-zm726,fd2db6ac-eb0a-4884-b4d6-ec61b87f0625,1,5618.567164
2026/02/05/00:53:12,running-time,rs-005452-zm726,fd2db6ac-eb0a-4884-b4d6-ec61b87f0625,1,5618.567164
2026/02/05/00:53:20,apply-time,rs-005453-kz7g4,ef301f81-efb4-49e6-82cc-92efec913138,1,5626.567164
2026/02/05/00:53:20,running-time,rs-005453-kz7g4,ef301f81-efb4-49e6-82cc-92efec913138,1,5626.567164
2026/02/05/00:53:20,apply-time,rs-005454-h7p4n,a8df20db-389e-4a12-b225-44b6b5c0daa2,1,5626.567164
2026/02/05/00:53:20,running-time,rs-005454-h7p4n,a8df20db-389e-4a12-b225-44b6b5c0daa2,1,5626.567164
2026/02/05/00:53:20,apply-time,rs-005455-8q6d4,ed45a46d-2189-404c-9db0-5448d2d3d304,1,5626.567164
2026/02/05/00:53:20,running-time,rs-005455-8q6d4,ed45a46d-2189-404c-9db0-5448d2d3d304,1,5626.567164
2026/02/05/00:53:20,apply-time,rs-005456-bdpk4,89278039-abbb-407c-b26b-33eda4743eb5,1,5626.567164
2026/02/05/00:53:20,running-time,rs-005456-bdpk4,89278039-abbb-407c-b26b-33eda4743eb5,1,5626.567164
2026/02/05/00:53:20,apply-time,rs-005456-j5mfc,9afb68dd-d8a1-4873-853b-aa5d8a65301e,1,5626.567164
2026/02/05/00:53:20,running-time,rs-005456-j5mfc,9afb68dd-d8a1-4873-853b-aa5d8a65301e,1,5626.567164
2026/02/05/00:53:20,apply-time,rs-005456-q7hfn,455d784e-914b-48c4-bc13-a4ca7d5ca63f,1,5626.567164
2026/02/05/00:53:20,running-time,rs-005456-q7hfn,455d784e-914b-48c4-bc13-a4ca7d5ca63f,1,5626.567164
2026/02/05/00:53:20,apply-time,rs-005457-wsxf6,4ccb875b-4cdf-4b30-bc22-60f591ac61ef,1,5626.567164
2026/02/05/00:53:20,running-time,rs-005457-wsxf6,4ccb875b-4cdf-4b30-bc22-60f591ac61ef,1,5626.567164
2026/02/05/00:53:20,apply-time,rs-005458-7j6pv,94a9d7c2-35f2-47ac-9e2b-b3b4ac18b3d5,1,5626.567164
2026/02/05/00:53:20,apply-time,rs-005459-dv9v4,bbca1e7b-9125-49e2-9cb2-5161df3e0924,1,5626.567164
2026/02/05/00:53:20,running-time,rs-005459-dv9v4,bbca1e7b-9125-49e2-9cb2-5161df3e0924,1,5626.567164
2026/02/05/00:53:20,apply-time,rs-005460-m7nvb,c9a0487b-c5e5-47f3-901c-ab7783a6b92d,1,5626.567164
2026/02/05/00:53:20,running-time,rs-005460-m7nvb,c9a0487b-c5e5-47f3-901c-ab7783a6b92d,1,5626.567164
2026/02/05/00:53:20,apply-time,rs-005461-jbg8c,c2a7626e-1189-48eb-9896-645c30056e5d,1,5626.567164
2026/02/05/00:53:20,running-time,rs-005461-jbg8c,c2a7626e-1189-48eb-9896-645c30056e5d,1,5627.567164
2026/02/05/00:53:20,apply-time,rs-005462-mjmdj,815d5763-7bec-4457-9dd5-bbf1d2726cfc,1,5627.567164
2026/02/05/00:53:21,apply-time,rs-005463-6h4dg,3e468137-210a-417f-bc75-58b13fb4974d,1,5627.567164
2026/02/05/00:53:21,running-time,rs-005463-6h4dg,3e468137-210a-417f-bc75-58b13fb4974d,1,5627.567164
2026/02/05/00:53:21,apply-time,rs-005463-zkh55,78f9c2fa-9988-4439-8203-c7f1cebe247f,1,5627.567164
2026/02/05/00:53:21,running-time,rs-005463-zkh55,78f9c2fa-9988-4439-8203-c7f1cebe247f,1,5627.567164
2026/02/05/00:53:21,apply-time,rs-005464-b4qct,cb374146-d7f3-4208-99dd-a13d11bdc4e7,1,5628.567164
2026/02/05/00:53:21,apply-time,rs-005464-mq5lc,a19afe42-2278-48f4-8ac1-c2850b51588a,1,5627.567164
2026/02/05/00:53:21,apply-time,rs-005464-q9svp,2f7950e9-b22d-4ebe-b87c-5f65539bfa2e,1,5627.567164
2026/02/05/00:53:21,apply-time,rs-005465-8pkj8,b69ce388-5a94-4a0f-b73f-05cb79d8b538,1,5627.567164
2026/02/05/00:53:21,running-time,rs-005465-8pkj8,b69ce388-5a94-4a0f-b73f-05cb79d8b538,1,5627.567164
2026/02/05/00:53:21,apply-time,rs-005466-4b6bd,e2017fcb-f2d1-4624-b035-eeeb4ad2fa5a,1,5627.567164
2026/02/05/00:53:21,running-time,rs-005466-4b6bd,e2017fcb-f2d1-4624-b035-eeeb4ad2fa5a,1,5627.567164
2026/02/05/00:53:21,apply-time,rs-005467-7jp78,4b70916d-aa58-433e-add5-1a236a2e80eb,1,5628.567164
2026/02/05/00:53:21,running-time,rs-005467-7jp78,4b70916d-aa58-433e-add5-1a236a2e80eb,1,5628.567164
2026/02/05/00:53:21,apply-time,rs-005468-2dg8f,4b6dfc8b-468c-4f07-94f6-be34b3c4bd35,1,5627.567164
2026/02/05/00:53:21,running-time,rs-005468-2dg8f,4b6dfc8b-468c-4f07-94f6-be34b3c4bd35,1,5627.567164
2026/02/05/00:53:21,apply-time,rs-005468-h9rt6,4228d930-dd4d-40cb-8bd4-9bce6d774e6e,1,5628.567164
2026/02/05/00:53:21,running-time,rs-005468-h9rt6,4228d930-dd4d-40cb-8bd4-9bce6d774e6e,1,5628.567164
2026/02/05/00:53:21,apply-time,rs-005469-xq6z8,f24743c7-f30c-47e4-99a9-7e7ab8c6e09a,1,5628.567164
2026/02/05/00:53:21,running-time,rs-005469-xq6z8,f24743c7-f30c-47e4-99a9-7e7ab8c6e09a,1,5628.567164
2026/02/05/00:53:22,running-time,rs-005458-7j6pv,94a9d7c2-35f2-47ac-9e2b-b3b4ac18b3d5,1,5629.567164
2026/02/05/00:53:22,apply-time,rs-005470-2cljc,effd5a62-7973-4aa1-924a-d72b6421c769,1,5628.567164
2026/02/05/00:53:22,apply-time,rs-005470-vnxw8,5ec75471-eac4-4c7b-9e77-caa4789dd10d,1,5628.567164
2026/02/05/00:53:22,apply-time,rs-005471-fxczl,62e0fdcb-fa8a-4921-bf4e-e41d2d33aea8,1,5628.567164
2026/02/05/00:53:22,running-time,rs-005471-fxczl,62e0fdcb-fa8a-4921-bf4e-e41d2d33aea8,1,5628.567164
2026/02/05/00:53:22,apply-time,rs-005472-sb9rs,d3d70e58-b1f7-4fe2-95d8-0d64088e0b4b,1,5629.567164
2026/02/05/00:53:22,apply-time,rs-005473-7k9ff,afd28636-eea4-47d8-aaa4-a714782c9322,1,5628.567164
2026/02/05/00:53:22,running-time,rs-005473-7k9ff,afd28636-eea4-47d8-aaa4-a714782c9322,1,5628.567164
2026/02/05/00:53:22,apply-time,rs-005473-krtcd,08388e65-6dbb-494d-a67d-717ca6ebc47d,1,5629.567164
2026/02/05/00:53:22,running-time,rs-005473-krtcd,08388e65-6dbb-494d-a67d-717ca6ebc47d,1,5629.567164
2026/02/05/00:53:22,apply-time,rs-005473-z2t2p,99954748-db6f-4149-863e-956719df1ace,1,5629.567164
2026/02/05/00:53:22,running-time,rs-005473-z2t2p,99954748-db6f-4149-863e-956719df1ace,1,5629.567164
2026/02/05/00:53:22,apply-time,rs-005474-k7twm,659c0021-fdd4-4a4e-aaa3-a08c1e4f966c,1,5629.567164
2026/02/05/00:53:23,running-time,rs-005470-vnxw8,5ec75471-eac4-4c7b-9e77-caa4789dd10d,1,5629.567164
2026/02/05/00:53:23,apply-time,rs-005472-9b7zl,631a4940-ed0f-467d-9d93-8891b69b320b,1,5629.567164
2026/02/05/00:53:24,running-time,rs-005472-9b7zl,631a4940-ed0f-467d-9d93-8891b69b320b,1,5630.567164
2026/02/05/00:53:24,apply-time,rs-005475-6q6v5,d3a7511e-f7d1-451e-8ebd-595e49bc9d62,1,5631.567164
2026/02/05/00:53:24,running-time,rs-005475-6q6v5,d3a7511e-f7d1-451e-8ebd-595e49bc9d62,1,5631.567164
2026/02/05/00:53:27,running-time,rs-005470-2cljc,effd5a62-7973-4aa1-924a-d72b6421c769,1,5634.567164
2026/02/05/00:53:28,running-time,rs-005472-sb9rs,d3d70e58-b1f7-4fe2-95d8-0d64088e0b4b,1,5634.567164
2026/02/05/00:53:29,apply-time,rs-005476-qrtrv,b9872aa6-a8ae-468a-9d3e-7ca1e7112156,1,5636.567164
2026/02/05/00:53:29,running-time,rs-005476-qrtrv,b9872aa6-a8ae-468a-9d3e-7ca1e7112156,1,5636.567164
2026/02/05/00:53:29,apply-time,rs-005476-wr6jn,06ed568b-10f6-48ae-8912-34f9f5f225c3,1,5636.567164
2026/02/05/00:53:29,apply-time,rs-005477-8wnsx,c939a9ad-ce6f-4272-a207-51e94423b6f1,1,5636.567164
2026/02/05/00:53:29,apply-time,rs-005477-jhzwr,c5712aa7-057f-4f6e-b255-66d13b209e6a,1,5636.567164
2026/02/05/00:53:29,apply-time,rs-005478-j4klv,07f04ff9-d8ae-47f2-9640-eaeab2456c93,1,5636.567164
2026/02/05/00:53:29,running-time,rs-005478-j4klv,07f04ff9-d8ae-47f2-9640-eaeab2456c93,1,5636.567164
2026/02/05/00:53:29,apply-time,rs-005478-l55bq,bce351cf-dcb1-4988-a1ff-508f38831578,1,5636.567164
2026/02/05/00:53:29,running-time,rs-005478-l55bq,bce351cf-dcb1-4988-a1ff-508f38831578,1,5636.567164
2026/02/05/00:53:29,apply-time,rs-005478-w27nl,d77af96b-13a3-4e72-8cb3-c84b4d91619a,1,5636.567164
2026/02/05/00:53:29,running-time,rs-005478-w27nl,d77af96b-13a3-4e72-8cb3-c84b4d91619a,1,5636.567164
2026/02/05/00:53:30,running-time,rs-005476-wr6jn,06ed568b-10f6-48ae-8912-34f9f5f225c3,1,5637.567164
2026/02/05/00:53:30,apply-time,rs-005479-qflf7,d33ca10a-a9c3-48d9-ab31-729db1067ebd,1,5636.567164
2026/02/05/00:53:30,running-time,rs-005479-qflf7,d33ca10a-a9c3-48d9-ab31-729db1067ebd,1,5636.567164
2026/02/05/00:53:30,apply-time,rs-005479-w4p4z,85b5d772-4d9e-4709-aaf3-7bf859366cd7,1,5636.567164
2026/02/05/00:53:30,running-time,rs-005479-w4p4z,85b5d772-4d9e-4709-aaf3-7bf859366cd7,1,5636.567164
2026/02/05/00:53:32,apply-time,rs-005480-kdtlw,9672054d-d790-4ed1-8332-96500833f850,1,5638.567164
2026/02/05/00:53:32,running-time,rs-005480-kdtlw,9672054d-d790-4ed1-8332-96500833f850,1,5638.567164
2026/02/05/00:53:32,apply-time,rs-005481-qvtvb,53eda0dc-129c-42b7-b6be-a80a49cd7d2d,1,5638.567164
2026/02/05/00:53:32,running-time,rs-005481-qvtvb,53eda0dc-129c-42b7-b6be-a80a49cd7d2d,1,5638.567164
2026/02/05/00:53:32,apply-time,rs-005481-rpqm5,e15ac415-9ec0-466a-9b95-0fa060dcf6a5,1,5638.567164
2026/02/05/00:53:32,running-time,rs-005481-rpqm5,e15ac415-9ec0-466a-9b95-0fa060dcf6a5,1,5638.567164
2026/02/05/00:53:32,apply-time,rs-005482-4whmz,65b4c781-daf6-4c4a-866f-967f66f96b21,1,5638.567164
2026/02/05/00:53:32,running-time,rs-005482-4whmz,65b4c781-daf6-4c4a-866f-967f66f96b21,1,5638.567164
2026/02/05/00:53:32,apply-time,rs-005482-x6w7g,059830eb-7ccb-4082-93b4-d47535fcda69,1,5638.567164
2026/02/05/00:53:32,running-time,rs-005482-x6w7g,059830eb-7ccb-4082-93b4-d47535fcda69,1,5638.567164
2026/02/05/00:53:32,apply-time,rs-005483-tj9zk,d675a05a-cb40-40a8-bed3-cfc36d26e273,1,5638.567164
2026/02/05/00:53:32,apply-time,rs-005484-68hlx,21ed67b4-aee1-4c2e-989a-4cb1b2f67977,1,5638.567164
2026/02/05/00:53:32,running-time,rs-005484-68hlx,21ed67b4-aee1-4c2e-989a-4cb1b2f67977,1,5638.567164
2026/02/05/00:53:34,running-time,rs-005483-tj9zk,d675a05a-cb40-40a8-bed3-cfc36d26e273,1,5640.567164
2026/02/05/00:53:40,apply-time,rs-005485-qlbzx,e6ee93fb-70e9-4af5-b570-4bd399b0345e,1,5646.567164
2026/02/05/00:53:40,running-time,rs-005485-qlbzx,e6ee93fb-70e9-4af5-b570-4bd399b0345e,1,5646.567164
2026/02/05/00:53:40,apply-time,rs-005485-sf9jr,ff072653-ee51-4661-bf17-228e89305860,1,5646.567164
2026/02/05/00:53:40,running-time,rs-005485-sf9jr,ff072653-ee51-4661-bf17-228e89305860,1,5646.567164
2026/02/05/00:53:40,apply-time,rs-005486-mnfz4,f06639d9-c5d2-4827-9500-360ec34205dd,1,5646.567164
2026/02/05/00:53:40,running-time,rs-005486-mnfz4,f06639d9-c5d2-4827-9500-360ec34205dd,1,5646.567164
2026/02/05/00:53:40,apply-time,rs-005486-s9v22,a9a11f60-0bd3-4ee9-877a-b21d7d6add0b,1,5646.567164
2026/02/05/00:53:40,running-time,rs-005486-s9v22,a9a11f60-0bd3-4ee9-877a-b21d7d6add0b,1,5646.567164
2026/02/05/00:53:40,apply-time,rs-005487-p6b7n,c14c68ea-2258-4fac-87fe-9f24edbe35c4,1,5646.567164
2026/02/05/00:53:40,running-time,rs-005487-p6b7n,c14c68ea-2258-4fac-87fe-9f24edbe35c4,1,5646.567164
2026/02/05/00:53:49,apply-time,rs-005488-hx5hv,a6dc8f41-d813-416a-8990-b5c15ee7fab7,1,5656.567164
2026/02/05/00:53:49,running-time,rs-005488-hx5hv,a6dc8f41-d813-416a-8990-b5c15ee7fab7,1,5656.567164
2026/02/05/00:53:49,apply-time,rs-005489-ckp66,d2f3b3d1-c028-480c-9728-b574295bd787,1,5656.567164
2026/02/05/00:53:49,running-time,rs-005489-ckp66,d2f3b3d1-c028-480c-9728-b574295bd787,1,5656.567164
2026/02/05/00:53:49,apply-time,rs-005489-km889,340c6e50-aa65-412a-9acf-9b00fbeacb99,1,5656.567164
2026/02/05/00:53:49,running-time,rs-005489-km889,340c6e50-aa65-412a-9acf-9b00fbeacb99,1,5656.567164
2026/02/05/00:53:49,apply-time,rs-005489-vb4g5,8dfcd74b-3bfd-409d-9fe1-af5b354cbb23,1,5656.567164
2026/02/05/00:53:49,running-time,rs-005489-vb4g5,8dfcd74b-3bfd-409d-9fe1-af5b354cbb23,1,5656.567164
2026/02/05/00:53:53,apply-time,rs-005490-dqmlm,704b4a95-3273-4cde-bea0-323fed1d5d44,1,5659.567164
2026/02/05/00:53:53,running-time,rs-005490-dqmlm,704b4a95-3273-4cde-bea0-323fed1d5d44,1,5659.567164
2026/02/05/00:53:53,apply-time,rs-005491-wflw7,f75f5ad0-5e32-4cb9-8403-bf804454a77f,1,5659.567164
2026/02/05/00:53:53,running-time,rs-005491-wflw7,f75f5ad0-5e32-4cb9-8403-bf804454a77f,1,5659.567164
2026/02/05/00:53:58,apply-time,rs-005492-f6hqw,6108dbbf-c009-4468-9468-b9e4fb664170,1,5664.567164
2026/02/05/00:53:58,running-time,rs-005492-f6hqw,6108dbbf-c009-4468-9468-b9e4fb664170,1,5664.567164
2026/02/05/00:53:58,apply-time,rs-005492-ssjj5,ef053cd9-87cf-4167-a671-c2131f6f9ed7,1,5664.567164
2026/02/05/00:53:58,running-time,rs-005492-ssjj5,ef053cd9-87cf-4167-a671-c2131f6f9ed7,1,5664.567164
2026/02/05/00:54:08,apply-time,rs-005493-8kzrg,58934466-40e2-4387-a026-6f967ac95b01,1,5674.567164
2026/02/05/00:54:08,running-time,rs-005493-8kzrg,58934466-40e2-4387-a026-6f967ac95b01,1,5674.567164
2026/02/05/00:54:08,apply-time,rs-005494-m6lfh,0030d96d-76e5-4cea-8738-70e1d3d4e97e,1,5674.567164
2026/02/05/00:54:08,apply-time,rs-005494-s95mg,b3f12899-1226-470d-bf33-8d90d400053a,1,5674.567164
2026/02/05/00:54:08,running-time,rs-005494-s95mg,b3f12899-1226-470d-bf33-8d90d400053a,1,5674.567164
2026/02/05/00:54:08,apply-time,rs-005495-dgtwj,953b4476-0309-4811-8a10-6e4722141ce4,1,5674.567164
2026/02/05/00:54:08,running-time,rs-005495-dgtwj,953b4476-0309-4811-8a10-6e4722141ce4,1,5674.567164
2026/02/05/00:54:08,apply-time,rs-005495-v5kp6,7ee9b49f-edef-4d86-92df-1ff97e32a08a,1,5674.567164
2026/02/05/00:54:08,running-time,rs-005495-v5kp6,7ee9b49f-edef-4d86-92df-1ff97e32a08a,1,5674.567164
2026/02/05/00:54:08,apply-time,rs-005495-z57xr,7001b41f-0e97-4740-b4e0-06d8bebfc02e,1,5674.567164
2026/02/05/00:54:08,running-time,rs-005495-z57xr,7001b41f-0e97-4740-b4e0-06d8bebfc02e,1,5674.567164
2026/02/05/00:54:09,apply-time,rs-005496-7fk95,469a2d2d-3850-42f5-a176-f35744e598f9,1,5675.567164
2026/02/05/00:54:09,running-time,rs-005496-7fk95,469a2d2d-3850-42f5-a176-f35744e598f9,1,5675.567164
2026/02/05/00:54:09,apply-time,rs-005496-j9ljw,b596138b-bfcd-4a84-a8d0-0a2451027e5d,1,5675.567164
2026/02/05/00:54:09,running-time,rs-005496-j9ljw,b596138b-bfcd-4a84-a8d0-0a2451027e5d,1,5675.567164
2026/02/05/00:54:09,apply-time,rs-005496-kzb4q,d91d718f-0eb2-4e10-909e-5ffa89d34f6b,1,5675.567164
2026/02/05/00:54:09,running-time,rs-005496-kzb4q,d91d718f-0eb2-4e10-909e-5ffa89d34f6b,1,5675.567164
2026/02/05/00:54:10,apply-time,rs-005497-jtwgq,decb86e7-ab8a-44f8-85b8-98f8e6859547,1,5677.567164
2026/02/05/00:54:10,apply-time,rs-005497-sd7tq,1a358f8a-a2d9-4127-98f7-60d39cba4bf3,1,5677.567164
2026/02/05/00:54:10,running-time,rs-005497-sd7tq,1a358f8a-a2d9-4127-98f7-60d39cba4bf3,1,5677.567164
2026/02/05/00:54:11,running-time,rs-005497-jtwgq,decb86e7-ab8a-44f8-85b8-98f8e6859547,1,5677.567164
2026/02/05/00:54:11,apply-time,rs-005498-5j4qk,f23fa675-74ca-44c7-b8a1-0deecc055704,1,5677.567164
2026/02/05/00:54:11,running-time,rs-005498-5j4qk,f23fa675-74ca-44c7-b8a1-0deecc055704,1,5677.567164
2026/02/05/00:54:11,apply-time,rs-005498-zdpj5,4aeacff6-03f7-42cf-8d2e-e847935e4682,1,5677.567164
2026/02/05/00:54:11,running-time,rs-005498-zdpj5,4aeacff6-03f7-42cf-8d2e-e847935e4682,1,5677.567164
2026/02/05/00:54:19,apply-time,rs-005499-44lzt,6ebe0af6-498b-447d-b7c1-50fb574770c9,1,5686.567164
2026/02/05/00:54:19,running-time,rs-005499-44lzt,6ebe0af6-498b-447d-b7c1-50fb574770c9,1,5686.567164
2026/02/05/00:54:19,apply-time,rs-005499-52wk4,cc80824c-2214-44aa-93ca-9f1d7520ab59,1,5686.567164
2026/02/05/00:54:19,running-time,rs-005499-52wk4,cc80824c-2214-44aa-93ca-9f1d7520ab59,1,5686.567164
2026/02/05/00:54:19,apply-time,rs-005499-rxrrq,b65ccb0c-254a-42c7-aa3e-4fa3c22af7d8,1,5686.567164
2026/02/05/00:54:19,running-time,rs-005499-rxrrq,b65ccb0c-254a-42c7-aa3e-4fa3c22af7d8,1,5686.567164
2026/02/05/00:54:19,apply-time,rs-005500-75wrk,d5cc14cf-408e-4547-940e-2440e5446a4b,1,5686.567164
2026/02/05/00:54:19,running-time,rs-005500-75wrk,d5cc14cf-408e-4547-940e-2440e5446a4b,1,5686.567164
2026/02/05/00:54:19,apply-time,rs-005501-w6wr4,e97f3695-727a-4cb4-920c-2daf3c063546,1,5686.567164
2026/02/05/00:54:19,apply-time,rs-005502-khb5x,3e17deb1-74f9-48c1-a1fe-552f0a7c1773,1,5686.567164
2026/02/05/00:54:19,apply-time,rs-005502-s976l,a698d5af-c01d-4341-91ac-483e5c081757,1,5686.567164
2026/02/05/00:54:19,apply-time,rs-005502-vd94l,8c8d2bad-ceec-4c4f-a442-d11f089e932b,1,5686.567164
2026/02/05/00:54:19,apply-time,rs-005503-4zbcq,a6cd1a90-3e67-4f2d-9016-acb42def3ca1,1,5686.567164
2026/02/05/00:54:20,apply-time,rs-005501-92fnp,85012438-bc1a-4393-84ef-75091e7ca39e,1,5686.567164
2026/02/05/00:54:20,running-time,rs-005501-92fnp,85012438-bc1a-4393-84ef-75091e7ca39e,1,5686.567164
2026/02/05/00:54:20,running-time,rs-005501-w6wr4,e97f3695-727a-4cb4-920c-2daf3c063546,1,5686.567164
2026/02/05/00:54:20,running-time,rs-005502-khb5x,3e17deb1-74f9-48c1-a1fe-552f0a7c1773,1,5686.567164
2026/02/05/00:54:20,running-time,rs-005502-s976l,a698d5af-c01d-4341-91ac-483e5c081757,1,5686.567164
2026/02/05/00:54:20,running-time,rs-005502-vd94l,8c8d2bad-ceec-4c4f-a442-d11f089e932b,1,5686.567164
2026/02/05/00:54:20,apply-time,rs-005503-qnj4b,fbc80d2d-dcc6-401d-a07b-16f59df18a93,1,5686.567164
2026/02/05/00:54:20,apply-time,rs-005503-v8568,5c26e0b8-88e4-47ac-af47-5a9ed1307912,1,5686.567164
2026/02/05/00:54:20,apply-time,rs-005504-72bhg,a2ac34fb-0298-423b-b34f-d9607aef7550,1,5686.567164
2026/02/05/00:54:20,running-time,rs-005504-72bhg,a2ac34fb-0298-423b-b34f-d9607aef7550,1,5686.567164
2026/02/05/00:54:20,apply-time,rs-005504-c8d8r,9b43ed7e-0a1f-4730-b5dd-7927ed96197c,1,5687.567164
2026/02/05/00:54:20,running-time,rs-005504-c8d8r,9b43ed7e-0a1f-4730-b5dd-7927ed96197c,1,5687.567164
2026/02/05/00:54:20,apply-time,rs-005504-pk9h5,2e7c4aca-0eb8-4e75-9d01-1f3443039b81,1,5686.567164
2026/02/05/00:54:20,running-time,rs-005504-pk9h5,2e7c4aca-0eb8-4e75-9d01-1f3443039b81,1,5686.567164
2026/02/05/00:54:21,apply-time,rs-005505-gvzm8,d1218776-5a6c-4e7f-add7-739049fc86cd,1,5688.567164
2026/02/05/00:54:21,running-time,rs-005505-gvzm8,d1218776-5a6c-4e7f-add7-739049fc86cd,1,5688.567164
2026/02/05/00:54:21,apply-time,rs-005505-rmng4,198c8159-d0a4-4a7e-aa01-3178527c0766,1,5688.567164
2026/02/05/00:54:21,running-time,rs-005505-rmng4,198c8159-d0a4-4a7e-aa01-3178527c0766,1,5688.567164
2026/02/05/00:54:29,apply-time,rs-005507-qcndr,e321cc5c-a81b-43e2-8671-730ff075d570,1,5696.567164
2026/02/05/00:54:29,running-time,rs-005507-qcndr,e321cc5c-a81b-43e2-8671-730ff075d570,1,5697.567164
2026/02/05/00:54:29,apply-time,rs-005508-fdd6l,ada81593-774b-426b-81a5-fedf3653d125,1,5697.567164
2026/02/05/00:54:29,running-time,rs-005508-fdd6l,ada81593-774b-426b-81a5-fedf3653d125,1,5697.567164
2026/02/05/00:54:29,apply-time,rs-005508-p6c7h,23ab95e1-08c0-4697-b89d-9badd905a4c3,1,5697.567164
2026/02/05/00:54:29,running-time,rs-005508-p6c7h,23ab95e1-08c0-4697-b89d-9badd905a4c3,1,5697.567164
2026/02/05/00:54:29,apply-time,rs-005508-q472f,365d409a-21ee-4181-820f-d8f3d9c5e829,1,5696.567164
2026/02/05/00:54:29,running-time,rs-005508-q472f,365d409a-21ee-4181-820f-d8f3d9c5e829,1,5697.567164
2026/02/05/00:54:30,apply-time,rs-005506-zwh6f,c322f2bd-8144-48a2-94b5-13a4954a8742,1,5697.567164
2026/02/05/00:54:30,running-time,rs-005506-zwh6f,c322f2bd-8144-48a2-94b5-13a4954a8742,1,5697.567164
2026/02/05/00:54:30,apply-time,rs-005509-ml7m2,88e52afa-059c-46cb-aaab-730913d2aa41,1,5697.567164
2026/02/05/00:54:30,running-time,rs-005509-ml7m2,88e52afa-059c-46cb-aaab-730913d2aa41,1,5697.567164
2026/02/05/00:54:30,apply-time,rs-005510-mglwj,7f53264b-060a-439b-b8c0-2e811cd22b27,1,5697.567164
2026/02/05/00:54:30,running-time,rs-005510-mglwj,7f53264b-060a-439b-b8c0-2e811cd22b27,1,5697.567164
2026/02/05/00:54:30,apply-time,rs-005511-kpdm5,419908d0-37d1-4e90-84cb-35dede97b066,1,5697.567164
2026/02/05/00:54:30,running-time,rs-005511-kpdm5,419908d0-37d1-4e90-84cb-35dede97b066,1,5697.567164
2026/02/05/00:54:30,apply-time,rs-005511-pv6hv,d8b16749-cdde-411e-997d-87372cf7c091,1,5697.567164
2026/02/05/00:54:30,running-time,rs-005511-pv6hv,d8b16749-cdde-411e-997d-87372cf7c091,1,5697.567164
2026/02/05/00:54:30,apply-time,rs-005512-pqt5q,85c0addd-7fad-4ff2-b765-7fed29ba0f57,1,5697.567164
2026/02/05/00:54:30,running-time,rs-005512-pqt5q,85c0addd-7fad-4ff2-b765-7fed29ba0f57,1,5697.567164
2026/02/05/00:54:31,apply-time,rs-005512-8sg2c,5b0d9a72-07f2-46ba-8074-1b346db3ddae,1,5697.567164
2026/02/05/00:54:31,running-time,rs-005512-8sg2c,5b0d9a72-07f2-46ba-8074-1b346db3ddae,1,5697.567164
2026/02/05/00:54:32,apply-time,rs-005513-5mz2t,894dce93-9993-40ce-8f53-583378c6aa8d,1,5699.567164
2026/02/05/00:54:32,running-time,rs-005513-5mz2t,894dce93-9993-40ce-8f53-583378c6aa8d,1,5699.567164
2026/02/05/00:54:32,apply-time,rs-005513-xjv6d,8a73350e-080c-4847-9ebb-c0263d94b008,1,5699.567164
2026/02/05/00:54:32,running-time,rs-005513-xjv6d,8a73350e-080c-4847-9ebb-c0263d94b008,1,5699.567164
2026/02/05/00:54:32,apply-time,rs-005514-4xhqs,8325939c-145a-4d88-b11b-5fb9ae0dc7c8,1,5699.567164
2026/02/05/00:54:32,running-time,rs-005514-4xhqs,8325939c-145a-4d88-b11b-5fb9ae0dc7c8,1,5699.567164
2026/02/05/00:54:32,apply-time,rs-005514-zzcgp,6d9058a8-633b-4689-a73c-ca953f4509da,1,5699.567164
2026/02/05/00:54:32,running-time,rs-005514-zzcgp,6d9058a8-633b-4689-a73c-ca953f4509da,1,5699.567164
2026/02/05/00:54:38,apply-time,rs-005515-fj58g,544da084-da5b-4026-bb46-acc473c1e314,1,5706.567164
2026/02/05/00:54:38,running-time,rs-005515-fj58g,544da084-da5b-4026-bb46-acc473c1e314,1,5706.567164
2026/02/05/00:54:38,apply-time,rs-005515-mjw5w,535d3116-3dc7-4b1b-aab5-bd6c2ba05064,1,5706.567164
2026/02/05/00:54:38,running-time,rs-005515-mjw5w,535d3116-3dc7-4b1b-aab5-bd6c2ba05064,1,5706.567164
2026/02/05/00:54:38,apply-time,rs-005516-2hbv6,5402daf6-0512-4772-aa23-6360c5af0574,1,5705.567164
2026/02/05/00:54:38,running-time,rs-005516-2hbv6,5402daf6-0512-4772-aa23-6360c5af0574,1,5706.567164
2026/02/05/00:54:38,apply-time,rs-005517-5zdbn,bacbfb48-9949-4f95-a1bb-4f6a67be8781,1,5706.567164
2026/02/05/00:54:38,running-time,rs-005517-5zdbn,bacbfb48-9949-4f95-a1bb-4f6a67be8781,1,5706.567164
2026/02/05/00:54:38,apply-time,rs-005517-6pkw9,dbb7ceab-0442-41f5-a778-9149d85c20ff,1,5706.567164
2026/02/05/00:54:38,running-time,rs-005517-6pkw9,dbb7ceab-0442-41f5-a778-9149d85c20ff,1,5706.567164
2026/02/05/00:54:38,apply-time,rs-005517-nlfmr,6fdc7060-676a-4580-9d22-6fa8e76e7074,1,5706.567164
2026/02/05/00:54:38,running-time,rs-005517-nlfmr,6fdc7060-676a-4580-9d22-6fa8e76e7074,1,5706.567164
2026/02/05/00:54:38,apply-time,rs-005518-nw56f,a70dc8e6-2884-4af1-9a97-3efe2747edff,1,5706.567164
2026/02/05/00:54:38,apply-time,rs-005518-sjr84,39c33b45-9d80-4ef5-bbe0-93818ba00173,1,5706.567164
2026/02/05/00:54:38,apply-time,rs-005519-mg6qr,6ef6505c-642b-4682-9b5f-c03212783c42,1,5706.567164
2026/02/05/00:54:38,running-time,rs-005519-mg6qr,6ef6505c-642b-4682-9b5f-c03212783c42,1,5706.567164
2026/02/05/00:54:39,apply-time,rs-005520-7b6tp,36353e1c-37f9-49df-8c9e-94d5954c4fcc,1,5706.567164
2026/02/05/00:54:39,running-time,rs-005520-7b6tp,36353e1c-37f9-49df-8c9e-94d5954c4fcc,1,5706.567164
2026/02/05/00:54:39,apply-time,rs-005521-9lb94,5d0c2807-43b5-4353-b890-f0f6661dd006,1,5706.567164
2026/02/05/00:54:39,running-time,rs-005521-9lb94,5d0c2807-43b5-4353-b890-f0f6661dd006,1,5706.567164
2026/02/05/00:54:39,apply-time,rs-005521-rbsb5,5e8d8493-0d89-4c59-97ba-533e2cb79187,1,5706.567164
2026/02/05/00:54:39,running-time,rs-005521-rbsb5,5e8d8493-0d89-4c59-97ba-533e2cb79187,1,5706.567164
2026/02/05/00:54:40,apply-time,rs-005522-bl88d,dff66c58-f885-4db8-926a-27aaa3790515,1,5707.567164
2026/02/05/00:54:40,running-time,rs-005522-bl88d,dff66c58-f885-4db8-926a-27aaa3790515,1,5707.567164
2026/02/05/00:54:40,apply-time,rs-005522-lhmqr,cdfab148-8ce9-41a2-a699-f5dd1ed59faf,1,5707.567164
2026/02/05/00:54:40,apply-time,rs-005523-64b6w,a0348578-3a6c-4f9b-a026-046b23c58058,1,5707.567164
2026/02/05/00:54:40,apply-time,rs-005523-wm8j4,28a0337a-59b8-4fdb-8fad-9ff9d97385d6,1,5707.567164
2026/02/05/00:54:40,running-time,rs-005523-wm8j4,28a0337a-59b8-4fdb-8fad-9ff9d97385d6,1,5707.567164
2026/02/05/00:54:40,apply-time,rs-005524-5wl2g,bb4f72e4-ccd9-4511-b7a4-2b5991b4978a,1,5707.567164
2026/02/05/00:54:40,running-time,rs-005524-5wl2g,bb4f72e4-ccd9-4511-b7a4-2b5991b4978a,1,5707.567164
2026/02/05/00:54:40,apply-time,rs-005524-f546s,4d7752cd-9418-4f7c-9919-cf45e3fdc8ec,1,5707.567164
2026/02/05/00:54:40,running-time,rs-005524-f546s,4d7752cd-9418-4f7c-9919-cf45e3fdc8ec,1,5707.567164
2026/02/05/00:54:40,apply-time,rs-005524-k86h7,ed67e13e-5241-43f4-9b71-8c12f51af32a,1,5707.567164
2026/02/05/00:54:40,running-time,rs-005524-k86h7,ed67e13e-5241-43f4-9b71-8c12f51af32a,1,5707.567164
2026/02/05/00:54:41,running-time,rs-005523-64b6w,a0348578-3a6c-4f9b-a026-046b23c58058,1,5708.567164
2026/02/05/00:54:41,apply-time,rs-005525-f98sr,7e852258-1db4-48e6-8683-73ef64f2f8da,1,5708.567164
2026/02/05/00:54:41,running-time,rs-005525-f98sr,7e852258-1db4-48e6-8683-73ef64f2f8da,1,5708.567164
2026/02/05/00:54:41,apply-time,rs-005526-6nm5c,00b804b8-d0e5-4801-ab7d-78d65c003db9,1,5708.567164
2026/02/05/00:54:41,running-time,rs-005526-6nm5c,00b804b8-d0e5-4801-ab7d-78d65c003db9,1,5708.567164
2026/02/05/00:54:41,apply-time,rs-005527-7sjqx,47f46aab-306c-4e47-8490-b5fe245136a2,1,5708.567164
2026/02/05/00:54:41,apply-time,rs-005527-jd845,128cae78-92ea-4f1e-be2f-7692f8651db8,1,5708.567164
2026/02/05/00:54:41,apply-time,rs-005527-lhcps,8387b052-4f20-4776-a84d-60fafff0ac27,1,5708.567164
2026/02/05/00:54:41,apply-time,rs-005528-rn6lr,4007a2de-6709-42b0-8e9b-3accd4c32da6,1,5708.567164
2026/02/05/00:54:42,running-time,rs-005528-rn6lr,4007a2de-6709-42b0-8e9b-3accd4c32da6,1,5709.567164
2026/02/05/00:54:42,apply-time,rs-005529-g8zfr,f131053b-1536-4490-8f61-7f17a8874020,1,5709.567164
2026/02/05/00:54:42,running-time,rs-005529-g8zfr,f131053b-1536-4490-8f61-7f17a8874020,1,5709.567164
2026/02/05/00:54:42,apply-time,rs-005529-p872p,0f15b02c-0602-440f-af6d-b84318db0523,1,5709.567164
2026/02/05/00:54:42,running-time,rs-005529-p872p,0f15b02c-0602-440f-af6d-b84318db0523,1,5709.567164
2026/02/05/00:54:42,apply-time,rs-005529-txjkb,11526239-e8a9-46f6-8ed7-0f82051b3920,1,5709.567164
2026/02/05/00:54:42,running-time,rs-005529-txjkb,11526239-e8a9-46f6-8ed7-0f82051b3920,1,5709.567164
2026/02/05/00:54:42,apply-time,rs-005530-pfjmx,ac6ada7a-fb59-477d-84e5-2b06df4079b6,1,5709.567164
2026/02/05/00:54:42,running-time,rs-005530-pfjmx,ac6ada7a-fb59-477d-84e5-2b06df4079b6,1,5709.567164
2026/02/05/00:54:43,running-time,rs-005522-lhmqr,cdfab148-8ce9-41a2-a699-f5dd1ed59faf,1,5710.567164
2026/02/05/00:54:43,running-time,rs-005527-jd845,128cae78-92ea-4f1e-be2f-7692f8651db8,1,5710.567164
2026/02/05/00:54:43,running-time,rs-005527-lhcps,8387b052-4f20-4776-a84d-60fafff0ac27,1,5710.567164
2026/02/05/00:54:44,running-time,rs-005527-7sjqx,47f46aab-306c-4e47-8490-b5fe245136a2,1,5711.567164
2026/02/05/00:54:57,apply-time,rs-005531-99pkk,2514c633-cc67-4f49-bfe6-0dd0c5e337a9,1,5724.567164
2026/02/05/00:54:57,running-time,rs-005531-99pkk,2514c633-cc67-4f49-bfe6-0dd0c5e337a9,1,5724.567164
2026/02/05/00:54:57,apply-time,rs-005531-l7j27,06286b42-3a49-4899-9d17-15b90dbf5bf0,1,5724.567164
2026/02/05/00:54:57,running-time,rs-005531-l7j27,06286b42-3a49-4899-9d17-15b90dbf5bf0,1,5724.567164
2026/02/05/00:54:57,apply-time,rs-005531-r597c,57607a65-4135-4e42-8976-8a5f8c8f5ec2,1,5724.567164
2026/02/05/00:54:57,running-time,rs-005531-r597c,57607a65-4135-4e42-8976-8a5f8c8f5ec2,1,5724.567164
2026/02/05/00:54:57,apply-time,rs-005532-9bhfg,a26a9fb6-929e-43cd-98cb-5eaf21d39a6a,1,5724.567164
2026/02/05/00:54:57,running-time,rs-005532-9bhfg,a26a9fb6-929e-43cd-98cb-5eaf21d39a6a,1,5724.567164
2026/02/05/00:54:57,apply-time,rs-005532-sfnv4,51103c9d-3258-4b85-aa84-0e140397e94e,1,5724.567164
2026/02/05/00:54:57,running-time,rs-005532-sfnv4,51103c9d-3258-4b85-aa84-0e140397e94e,1,5724.567164
2026/02/05/00:54:57,apply-time,rs-005533-g9qf5,a88f091a-3796-4fb9-9adb-15ca09c7a602,1,5724.567164
2026/02/05/00:54:57,running-time,rs-005533-g9qf5,a88f091a-3796-4fb9-9adb-15ca09c7a602,1,5724.567164
2026/02/05/00:54:57,apply-time,rs-005533-lfnwb,1bb45c91-7733-4b55-867f-50be9df15b38,1,5724.567164
2026/02/05/00:54:57,running-time,rs-005533-lfnwb,1bb45c91-7733-4b55-867f-50be9df15b38,1,5724.567164
2026/02/05/00:54:57,apply-time,rs-005533-x8xtq,ecfc294b-f687-4d5d-81b9-0b7da1db7b7d,1,5724.567164
2026/02/05/00:54:57,running-time,rs-005533-x8xtq,ecfc294b-f687-4d5d-81b9-0b7da1db7b7d,1,5724.567164
2026/02/05/00:55:06,apply-time,rs-005534-r2rqr,c539b9da-875c-4145-b72b-be3839fcd82f,1,5733.567164
2026/02/05/00:55:06,running-time,rs-005534-r2rqr,c539b9da-875c-4145-b72b-be3839fcd82f,1,5733.567164
2026/02/05/00:55:06,apply-time,rs-005535-6c8dz,8d372dc3-3cda-4621-a239-25db340dc17d,1,5733.567164
2026/02/05/00:55:06,running-time,rs-005535-6c8dz,8d372dc3-3cda-4621-a239-25db340dc17d,1,5733.567164
2026/02/05/00:55:06,apply-time,rs-005535-hf5qs,58a545dc-7281-4832-9a01-e029822625cf,1,5733.567164
2026/02/05/00:55:06,running-time,rs-005535-hf5qs,58a545dc-7281-4832-9a01-e029822625cf,1,5733.567164
2026/02/05/00:55:06,apply-time,rs-005536-hswgs,7d4ee9f7-ec3e-45b3-a73a-3967ce0f0a94,1,5733.567164
2026/02/05/00:55:06,running-time,rs-005536-hswgs,7d4ee9f7-ec3e-45b3-a73a-3967ce0f0a94,1,5733.567164
2026/02/05/00:55:15,apply-time,rs-005537-bw27r,20b4b8a8-744f-414e-b0e2-31b1cb739445,1,5742.567164
2026/02/05/00:55:15,running-time,rs-005537-bw27r,20b4b8a8-744f-414e-b0e2-31b1cb739445,1,5742.567164
2026/02/05/00:55:15,apply-time,rs-005538-6pf6m,c264decd-a583-4f2d-bb05-fcce75bb8a82,1,5742.567164
2026/02/05/00:55:15,running-time,rs-005538-6pf6m,c264decd-a583-4f2d-bb05-fcce75bb8a82,1,5742.567164
2026/02/05/00:55:15,apply-time,rs-005538-llt27,7d6028a3-bddf-42b3-9ffb-7d3a385a3581,1,5742.567164
2026/02/05/00:55:15,apply-time,rs-005538-t4zsc,d26eefe5-406b-46b9-be66-9dbf70adfd95,1,5742.567164
2026/02/05/00:55:15,running-time,rs-005538-t4zsc,d26eefe5-406b-46b9-be66-9dbf70adfd95,1,5742.567164
2026/02/05/00:55:15,apply-time,rs-005539-47jnv,b49b7e7e-6993-439e-80d2-179bb6688aeb,1,5742.567164
2026/02/05/00:55:15,running-time,rs-005539-47jnv,b49b7e7e-6993-439e-80d2-179bb6688aeb,1,5742.567164
2026/02/05/00:55:15,apply-time,rs-005539-558c2,747ab5ab-31c7-46f8-b2d4-9eee1fd793c5,1,5742.567164
2026/02/05/00:55:15,running-time,rs-005539-558c2,747ab5ab-31c7-46f8-b2d4-9eee1fd793c5,1,5742.567164
2026/02/05/00:55:17,running-time,rs-005538-llt27,7d6028a3-bddf-42b3-9ffb-7d3a385a3581,1,5744.567164
2026/02/05/00:55:18,apply-time,rs-005540-27ppq,c743286e-6938-47d7-96cf-07ad31a4ae2c,1,5745.567164
2026/02/05/00:55:18,running-time,rs-005540-27ppq,c743286e-6938-47d7-96cf-07ad31a4ae2c,1,5745.567164
2026/02/05/00:55:18,apply-time,rs-005540-4nbm6,9e7dacc0-c357-4cd3-9f9b-bf964681105b,1,5745.567164
2026/02/05/00:55:18,running-time,rs-005540-4nbm6,9e7dacc0-c357-4cd3-9f9b-bf964681105b,1,5745.567164
2026/02/05/00:55:18,apply-time,rs-005540-6nwpb,194bfd6e-3531-42ec-9beb-4c0e91256570,1,5745.567164
2026/02/05/00:55:18,running-time,rs-005540-6nwpb,194bfd6e-3531-42ec-9beb-4c0e91256570,1,5745.567164
2026/02/05/00:55:18,apply-time,rs-005541-5thfk,e25da528-9e63-4c51-af7f-b4dd65786291,1,5745.567164
2026/02/05/00:55:18,running-time,rs-005541-5thfk,e25da528-9e63-4c51-af7f-b4dd65786291,1,5745.567164
2026/02/05/00:55:18,apply-time,rs-005541-jfxlh,5a2f5e76-e81a-4ea2-b0ef-82318075d40a,1,5745.567164
2026/02/05/00:55:18,running-time,rs-005541-jfxlh,5a2f5e76-e81a-4ea2-b0ef-82318075d40a,1,5745.567164
2026/02/05/00:55:18,apply-time,rs-005541-lrx7f,6560d3df-1b28-4128-a2be-10469789abde,1,5745.567164
2026/02/05/00:55:18,running-time,rs-005541-lrx7f,6560d3df-1b28-4128-a2be-10469789abde,1,5745.567164
2026/02/05/00:55:26,apply-time,rs-005542-7qdnb,632b3ebe-5c37-45fe-b334-16d85608d7eb,1,5753.567164
2026/02/05/00:55:26,running-time,rs-005542-7qdnb,632b3ebe-5c37-45fe-b334-16d85608d7eb,1,5753.567164
2026/02/05/00:55:26,apply-time,rs-005542-8kmbb,7108fd39-b2ef-4367-a037-79b2821677bb,1,5753.567164
2026/02/05/00:55:26,running-time,rs-005542-8kmbb,7108fd39-b2ef-4367-a037-79b2821677bb,1,5753.567164
2026/02/05/00:55:26,apply-time,rs-005542-cf24l,0ba9ec79-6ba7-47e6-b6d8-956d6356c5a9,1,5753.567164
2026/02/05/00:55:26,running-time,rs-005542-cf24l,0ba9ec79-6ba7-47e6-b6d8-956d6356c5a9,1,5753.567164
2026/02/05/00:55:26,apply-time,rs-005543-rwvtz,3597625d-b464-4994-a4c2-d702ed4926b3,1,5753.567164
2026/02/05/00:55:26,running-time,rs-005543-rwvtz,3597625d-b464-4994-a4c2-d702ed4926b3,1,5753.567164
2026/02/05/00:55:26,apply-time,rs-005544-6xpfp,1a07a554-0c74-42d3-867a-e39e364727ae,1,5753.567164
2026/02/05/00:55:26,running-time,rs-005544-6xpfp,1a07a554-0c74-42d3-867a-e39e364727ae,1,5754.567164
2026/02/05/00:55:26,apply-time,rs-005545-hw6ph,12588db5-7ad8-4a27-a3c8-fa0f237eaeb0,1,5753.567164
2026/02/05/00:55:26,apply-time,rs-005545-kqftw,51e030d1-3fb6-418a-b959-5bbed300b10a,1,5753.567164
2026/02/05/00:55:26,apply-time,rs-005546-ghwvz,1a1e885c-777b-4177-9512-edc4bd13c269,1,5753.567164
2026/02/05/00:55:26,apply-time,rs-005546-nqjmr,dd8eb294-15b8-4df9-a47a-c728fa6f700d,1,5753.567164
2026/02/05/00:55:27,apply-time,rs-005547-88dvn,3f955504-4f2d-4d88-ba3f-311270dc9cac,1,5754.567164
2026/02/05/00:55:27,running-time,rs-005547-88dvn,3f955504-4f2d-4d88-ba3f-311270dc9cac,1,5754.567164
2026/02/05/00:55:27,apply-time,rs-005547-jr9w4,168f63ee-c46e-4ba2-bca0-2521ece54ef3,1,5754.567164
2026/02/05/00:55:27,running-time,rs-005547-jr9w4,168f63ee-c46e-4ba2-bca0-2521ece54ef3,1,5754.567164
2026/02/05/00:55:28,running-time,rs-005545-hw6ph,12588db5-7ad8-4a27-a3c8-fa0f237eaeb0,1,5755.567164
2026/02/05/00:55:28,running-time,rs-005545-kqftw,51e030d1-3fb6-418a-b959-5bbed300b10a,1,5755.567164
2026/02/05/00:55:28,running-time,rs-005546-ghwvz,1a1e885c-777b-4177-9512-edc4bd13c269,1,5755.567164
2026/02/05/00:55:28,apply-time,rs-005548-4h6vb,dbc25d9f-cb3d-474c-8a6a-8055ba72a2cd,1,5755.567164
2026/02/05/00:55:28,running-time,rs-005548-4h6vb,dbc25d9f-cb3d-474c-8a6a-8055ba72a2cd,1,5755.567164
2026/02/05/00:55:28,apply-time,rs-005548-r9sm5,542536ea-c400-467a-bcd4-a383acfb273e,1,5755.567164
2026/02/05/00:55:28,running-time,rs-005548-r9sm5,542536ea-c400-467a-bcd4-a383acfb273e,1,5755.567164
2026/02/05/00:55:28,apply-time,rs-005548-wblrq,c5df8272-fbbe-49c1-ad5a-3f34c889f540,1,5755.567164
2026/02/05/00:55:28,running-time,rs-005548-wblrq,c5df8272-fbbe-49c1-ad5a-3f34c889f540,1,5755.567164
2026/02/05/00:55:28,apply-time,rs-005549-86ff2,3914c7e0-cdc7-45e1-968a-7954e7f6da66,1,5755.567164
2026/02/05/00:55:28,running-time,rs-005549-86ff2,3914c7e0-cdc7-45e1-968a-7954e7f6da66,1,5755.567164
2026/02/05/00:55:28,apply-time,rs-005550-4jhcw,fd9c1aa2-89c4-46ad-b020-5b3e4810310a,1,5755.567164
2026/02/05/00:55:28,running-time,rs-005550-4jhcw,fd9c1aa2-89c4-46ad-b020-5b3e4810310a,1,5755.567164
2026/02/05/00:55:29,apply-time,rs-005551-tt4f6,d74f3e82-d23a-4a2f-8d17-3b13ddb3d01a,1,5756.567164
2026/02/05/00:55:29,running-time,rs-005551-tt4f6,d74f3e82-d23a-4a2f-8d17-3b13ddb3d01a,1,5756.567164
2026/02/05/00:55:29,apply-time,rs-005552-88ph2,e938c10a-1cf6-4482-a39b-af10555013e8,1,5756.567164
2026/02/05/00:55:29,running-time,rs-005552-88ph2,e938c10a-1cf6-4482-a39b-af10555013e8,1,5756.567164
2026/02/05/00:55:40,apply-time,rs-005553-d5ft6,9eb5b132-fe36-4bb6-8f65-c6260a9d3147,1,5767.567164
2026/02/05/00:55:40,running-time,rs-005553-d5ft6,9eb5b132-fe36-4bb6-8f65-c6260a9d3147,1,5767.567164
2026/02/05/00:55:40,apply-time,rs-005553-js9ww,d8f02ca9-0170-42fb-817d-71bb83de42fe,1,5767.567164
2026/02/05/00:55:40,running-time,rs-005553-js9ww,d8f02ca9-0170-42fb-817d-71bb83de42fe,1,5767.567164
2026/02/05/00:55:41,apply-time,rs-005554-764cv,0803d6d8-085f-4fa3-be98-91470012f05b,1,5768.567164
2026/02/05/00:55:41,running-time,rs-005554-764cv,0803d6d8-085f-4fa3-be98-91470012f05b,1,5768.567164
2026/02/05/00:55:41,apply-time,rs-005554-cbjrv,4fb0271a-5577-4013-949b-41c8280473b5,1,5768.567164
2026/02/05/00:55:41,running-time,rs-005554-cbjrv,4fb0271a-5577-4013-949b-41c8280473b5,1,5768.567164
2026/02/05/00:55:46,apply-time,rs-005555-9c4sf,6d884373-2863-492c-a629-476613cdfe8e,1,5773.567164
2026/02/05/00:55:46,running-time,rs-005555-9c4sf,6d884373-2863-492c-a629-476613cdfe8e,1,5773.567164
2026/02/05/00:55:47,apply-time,rs-005556-2r8sp,d4ec128b-ce87-45ca-87fb-c6c82f1830db,1,5774.567164
2026/02/05/00:55:47,running-time,rs-005556-2r8sp,d4ec128b-ce87-45ca-87fb-c6c82f1830db,1,5774.567164
2026/02/05/00:55:47,apply-time,rs-005556-87m8g,37984a36-72dc-4981-b434-ac09b0e68438,1,5774.567164
2026/02/05/00:55:47,running-time,rs-005556-87m8g,37984a36-72dc-4981-b434-ac09b0e68438,1,5774.567164
2026/02/05/00:55:47,apply-time,rs-005557-tcj76,b2391d58-7563-4b16-9446-e03c50252480,1,5774.567164
2026/02/05/00:55:47,running-time,rs-005557-tcj76,b2391d58-7563-4b16-9446-e03c50252480,1,5774.567164
2026/02/05/00:55:47,apply-time,rs-005558-mkbxv,b7279adb-f75b-4551-b83c-8ea25796f3ec,1,5774.567164
2026/02/05/00:55:47,running-time,rs-005558-mkbxv,b7279adb-f75b-4551-b83c-8ea25796f3ec,1,5774.567164
2026/02/05/00:55:47,apply-time,rs-005559-9f72b,27cfd197-1455-46f5-8aae-827253092a60,1,5774.567164
2026/02/05/00:55:47,running-time,rs-005559-9f72b,27cfd197-1455-46f5-8aae-827253092a60,1,5774.567164
2026/02/05/00:55:47,apply-time,rs-005559-c4pr7,0feefaea-a46b-48de-8ef6-fd523d459dae,1,5774.567164
2026/02/05/00:55:47,running-time,rs-005559-c4pr7,0feefaea-a46b-48de-8ef6-fd523d459dae,1,5774.567164
2026/02/05/00:55:47,apply-time,rs-005559-l5tm6,73743ec6-29c8-4cbe-acce-1246f7970328,1,5774.567164
2026/02/05/00:55:47,running-time,rs-005559-l5tm6,73743ec6-29c8-4cbe-acce-1246f7970328,1,5774.567164
2026/02/05/00:55:47,apply-time,rs-005560-sq5lb,d1dee262-0723-46be-902d-9ebd9ecbd252,1,5774.567164
2026/02/05/00:55:47,running-time,rs-005560-sq5lb,d1dee262-0723-46be-902d-9ebd9ecbd252,1,5774.567164
2026/02/05/00:55:47,apply-time,rs-005561-6ncxt,92538d34-f21b-48ff-80bd-a29642097c4f,1,5774.567164
2026/02/05/00:55:47,running-time,rs-005561-6ncxt,92538d34-f21b-48ff-80bd-a29642097c4f,1,5774.567164
2026/02/05/00:55:47,apply-time,rs-005562-wcnlm,aacc36de-270d-4d91-90d2-ba63c49461db,1,5774.567164
2026/02/05/00:55:47,running-time,rs-005562-wcnlm,aacc36de-270d-4d91-90d2-ba63c49461db,1,5775.567164
2026/02/05/00:55:48,apply-time,rs-005562-6l624,9a17ac44-18d4-4f81-81eb-9d86bb6b5f0f,1,5775.567164
2026/02/05/00:55:48,running-time,rs-005562-6l624,9a17ac44-18d4-4f81-81eb-9d86bb6b5f0f,1,5775.567164
2026/02/05/00:55:48,apply-time,rs-005562-8r657,07d1bc74-840f-4bfd-b130-abc1d543eed3,1,5775.567164
2026/02/05/00:55:48,running-time,rs-005562-8r657,07d1bc74-840f-4bfd-b130-abc1d543eed3,1,5775.567164
2026/02/05/00:55:48,apply-time,rs-005563-d7kmr,e96a9089-c9ca-4922-a87f-31d6e7f3935c,1,5775.567164
2026/02/05/00:55:48,apply-time,rs-005564-5ljzp,f650c702-962f-443c-88bb-825c9abbd8b1,1,5775.567164
2026/02/05/00:55:48,running-time,rs-005564-5ljzp,f650c702-962f-443c-88bb-825c9abbd8b1,1,5775.567164
2026/02/05/00:55:51,apply-time,rs-005565-rhpnz,7fef3589-e5c0-4cd0-b3c9-2a189802752b,1,5778.567164
2026/02/05/00:55:51,running-time,rs-005565-rhpnz,7fef3589-e5c0-4cd0-b3c9-2a189802752b,1,5778.567164
2026/02/05/00:55:51,apply-time,rs-005566-lsksn,6ea87941-dbfc-4373-bbf0-0f421ec38e3e,1,5778.567164
2026/02/05/00:55:51,running-time,rs-005566-lsksn,6ea87941-dbfc-4373-bbf0-0f421ec38e3e,1,5778.567164
2026/02/05/00:55:51,apply-time,rs-005567-7cc8k,c2b16ef1-822c-48ca-b9b4-e85bb775d6fa,1,5778.567164
2026/02/05/00:55:51,running-time,rs-005567-7cc8k,c2b16ef1-822c-48ca-b9b4-e85bb775d6fa,1,5778.567164
2026/02/05/00:55:56,apply-time,rs-005568-v4q5z,8f5f8a33-3479-43b1-ad15-be77e539bdd3,1,5783.567164
2026/02/05/00:55:56,running-time,rs-005568-v4q5z,8f5f8a33-3479-43b1-ad15-be77e539bdd3,1,5783.567164
2026/02/05/00:55:56,apply-time,rs-005569-jr29m,c084850d-b7f0-462d-a879-0515edcab311,1,5783.567164
2026/02/05/00:55:56,running-time,rs-005569-jr29m,c084850d-b7f0-462d-a879-0515edcab311,1,5783.567164
2026/02/05/00:55:56,apply-time,rs-005569-kq6rp,511f257c-3307-4522-b2b7-99bcb3652f07,1,5783.567164
2026/02/05/00:55:56,running-time,rs-005569-kq6rp,511f257c-3307-4522-b2b7-99bcb3652f07,1,5783.567164
2026/02/05/00:55:56,apply-time,rs-005569-qr4q9,7ae6435e-8b24-40f7-8ad4-988bbc83d951,1,5783.567164
2026/02/05/00:55:56,running-time,rs-005569-qr4q9,7ae6435e-8b24-40f7-8ad4-988bbc83d951,1,5783.567164
2026/02/05/00:55:57,apply-time,rs-005570-cbxn9,044db590-e825-496a-a2ef-07057d3f52ef,1,5784.567164
2026/02/05/00:55:57,running-time,rs-005570-cbxn9,044db590-e825-496a-a2ef-07057d3f52ef,1,5784.567164
2026/02/05/00:55:57,apply-time,rs-005571-6d79z,3d52c8a5-466f-4d94-891e-059b4975899c,1,5784.567164
2026/02/05/00:55:57,running-time,rs-005571-6d79z,3d52c8a5-466f-4d94-891e-059b4975899c,1,5784.567164
2026/02/05/00:55:57,apply-time,rs-005571-jxzfb,21d4d8d7-931d-4525-aa52-8ace87dce675,1,5784.567164
2026/02/05/00:55:57,running-time,rs-005571-jxzfb,21d4d8d7-931d-4525-aa52-8ace87dce675,1,5784.567164
2026/02/05/00:55:57,apply-time,rs-005572-g6rd6,971ee614-75f3-40e8-aaab-336cff8130a8,1,5784.567164
2026/02/05/00:55:57,running-time,rs-005572-g6rd6,971ee614-75f3-40e8-aaab-336cff8130a8,1,5784.567164
2026/02/05/00:55:57,apply-time,rs-005572-kxbtr,bba84e9e-7f87-4f60-93aa-b362c7a198c9,1,5784.567164
2026/02/05/00:55:57,running-time,rs-005572-kxbtr,bba84e9e-7f87-4f60-93aa-b362c7a198c9,1,5784.567164
2026/02/05/00:55:57,apply-time,rs-005573-4qsnh,5efd097d-bc59-4aef-9f0a-bbc0c7641801,1,5784.567164
2026/02/05/00:55:57,running-time,rs-005573-4qsnh,5efd097d-bc59-4aef-9f0a-bbc0c7641801,1,5784.567164
2026/02/05/00:55:57,apply-time,rs-005574-thdxg,f9384b8d-93e7-48bb-9f45-fe9815252fb6,1,5784.567164
2026/02/05/00:55:57,running-time,rs-005574-thdxg,f9384b8d-93e7-48bb-9f45-fe9815252fb6,1,5784.567164
2026/02/05/00:55:57,apply-time,rs-005575-ppgqs,a9ba8b84-c96c-4f3d-bcb1-e168b40b9a7b,1,5784.567164
2026/02/05/00:55:57,running-time,rs-005575-ppgqs,a9ba8b84-c96c-4f3d-bcb1-e168b40b9a7b,1,5784.567164
2026/02/05/00:55:57,apply-time,rs-005576-256pl,467faf98-bebf-4536-b4b4-a89bd54112cd,1,5784.567164
2026/02/05/00:55:57,running-time,rs-005576-256pl,467faf98-bebf-4536-b4b4-a89bd54112cd,1,5784.567164
2026/02/05/00:55:57,apply-time,rs-005576-s7lm9,3f4e223d-2f79-4ae0-8eee-29cc259c4524,1,5785.567164
2026/02/05/00:55:57,apply-time,rs-005577-qwk8x,8acfcbd2-1511-4b35-864d-5aa999b2a045,1,5784.567164
2026/02/05/00:55:57,running-time,rs-005577-qwk8x,8acfcbd2-1511-4b35-864d-5aa999b2a045,1,5784.567164
2026/02/05/00:55:57,apply-time,rs-005579-mgrc2,95e98d3e-8ba1-451a-a52e-d5f81ac968fc,1,5784.567164
2026/02/05/00:55:58,running-time,rs-005576-s7lm9,3f4e223d-2f79-4ae0-8eee-29cc259c4524,1,5785.567164
2026/02/05/00:55:58,apply-time,rs-005577-vtccc,d972343b-3f04-461f-843d-60de647eab9e,1,5785.567164
2026/02/05/00:55:58,running-time,rs-005577-vtccc,d972343b-3f04-461f-843d-60de647eab9e,1,5785.567164
2026/02/05/00:55:58,apply-time,rs-005578-d8wt7,343d5635-0995-41e9-a8c5-814768cf65ff,1,5785.567164
2026/02/05/00:55:58,running-time,rs-005578-d8wt7,343d5635-0995-41e9-a8c5-814768cf65ff,1,5785.567164
2026/02/05/00:55:58,apply-time,rs-005579-r2ptc,23c3b03c-6a03-412d-a5dc-90f3e26f3e86,1,5785.567164
2026/02/05/00:56:00,apply-time,rs-005580-4nx7j,3b6d421f-0d8e-45d3-86bd-58f529cfd328,1,5787.567164
2026/02/05/00:56:00,running-time,rs-005580-4nx7j,3b6d421f-0d8e-45d3-86bd-58f529cfd328,1,5787.567164
2026/02/05/00:56:00,apply-time,rs-005580-724nm,93455bdd-f504-4534-842d-440ab8f1beb5,1,5787.567164
2026/02/05/00:56:00,running-time,rs-005580-724nm,93455bdd-f504-4534-842d-440ab8f1beb5,1,5787.567164
2026/02/05/00:56:00,apply-time,rs-005580-9t9zh,0a93173e-72d9-4e2b-87f1-87a47ccd52a9,1,5787.567164
2026/02/05/00:56:00,running-time,rs-005580-9t9zh,0a93173e-72d9-4e2b-87f1-87a47ccd52a9,1,5787.567164
2026/02/05/00:56:00,apply-time,rs-005581-rg7gx,1b5e12d2-7c73-402f-adc5-133e3498ea10,1,5787.567164
2026/02/05/00:56:00,running-time,rs-005581-rg7gx,1b5e12d2-7c73-402f-adc5-133e3498ea10,1,5787.567164
2026/02/05/00:56:00,apply-time,rs-005581-zk6cr,6ece041d-2f61-4b7e-b741-f46fc7f9c1ff,1,5787.567164
2026/02/05/00:56:00,running-time,rs-005581-zk6cr,6ece041d-2f61-4b7e-b741-f46fc7f9c1ff,1,5787.567164
2026/02/05/00:56:00,apply-time,rs-005582-25jvz,d679769a-e6b6-41e8-9cd5-d5ea493479e2,1,5787.567164
2026/02/05/00:56:00,running-time,rs-005582-25jvz,d679769a-e6b6-41e8-9cd5-d5ea493479e2,1,5787.567164
2026/02/05/00:56:00,apply-time,rs-005582-nf477,174343f7-175e-4189-ac76-42a963878026,1,5787.567164
2026/02/05/00:56:00,running-time,rs-005582-nf477,174343f7-175e-4189-ac76-42a963878026,1,5787.567164
2026/02/05/00:56:00,apply-time,rs-005582-wzp4f,5bcb2045-bf6f-4931-9130-cc728405da9e,1,5787.567164
2026/02/05/00:56:00,running-time,rs-005582-wzp4f,5bcb2045-bf6f-4931-9130-cc728405da9e,1,5787.567164
2026/02/05/00:56:00,apply-time,rs-005583-7cw24,7233f9c8-0eaa-428a-95fe-c0361b3dfacd,1,5787.567164
2026/02/05/00:56:00,running-time,rs-005583-7cw24,7233f9c8-0eaa-428a-95fe-c0361b3dfacd,1,5787.567164
2026/02/05/00:56:00,apply-time,rs-005583-qw4m8,4eb30b42-3408-4ff7-aef8-4578da9a121c,1,5788.567164
2026/02/05/00:56:00,apply-time,rs-005584-7wbg2,c361601d-fcba-439c-9b3a-bae3c8e63de5,1,5787.567164
2026/02/05/00:56:00,apply-time,rs-005585-crrlr,bdea12f7-61da-4e4c-8b6a-b8eaa343d4f0,1,5787.567164
2026/02/05/00:56:00,running-time,rs-005585-crrlr,bdea12f7-61da-4e4c-8b6a-b8eaa343d4f0,1,5787.567164
2026/02/05/00:56:00,apply-time,rs-005585-xmt86,4c39537f-ee26-4e26-8488-2e3b78da44ec,1,5787.567164
2026/02/05/00:56:00,running-time,rs-005585-xmt86,4c39537f-ee26-4e26-8488-2e3b78da44ec,1,5787.567164
2026/02/05/00:56:00,apply-time,rs-005586-qfp2t,3e2ab7c5-427f-4023-8cee-8c6f48b5a010,1,5787.567164
2026/02/05/00:56:00,running-time,rs-005586-qfp2t,3e2ab7c5-427f-4023-8cee-8c6f48b5a010,1,5787.567164
2026/02/05/00:56:00,apply-time,rs-005586-z76b2,62744d75-1a7f-4e92-9911-1ce878189687,1,5787.567164
2026/02/05/00:56:00,running-time,rs-005586-z76b2,62744d75-1a7f-4e92-9911-1ce878189687,1,5787.567164
2026/02/05/00:56:01,running-time,rs-005583-qw4m8,4eb30b42-3408-4ff7-aef8-4578da9a121c,1,5788.567164
2026/02/05/00:56:01,apply-time,rs-005584-qll8j,6d625480-f2f3-48d7-b7d5-879955cd89b4,1,5788.567164
2026/02/05/00:56:03,running-time,rs-005584-7wbg2,c361601d-fcba-439c-9b3a-bae3c8e63de5,1,5790.567164
2026/02/05/00:56:03,running-time,rs-005584-qll8j,6d625480-f2f3-48d7-b7d5-879955cd89b4,1,5790.567164
2026/02/05/00:56:13,apply-time,rs-005587-68m2m,a7918234-8836-401f-a160-b16c9c2b25fe,1,5801.567164
2026/02/05/00:56:13,apply-time,rs-005587-t9xv8,5693acef-81e6-4c07-b85d-f0dc33912353,1,5801.567164
2026/02/05/00:56:13,running-time,rs-005587-t9xv8,5693acef-81e6-4c07-b85d-f0dc33912353,1,5801.567164
2026/02/05/00:56:13,apply-time,rs-005588-5mjmf,4a6e52c1-d833-43c9-890c-4a783fb01c52,1,5801.567164
2026/02/05/00:56:13,apply-time,rs-005588-76wkc,90ee7461-4513-4013-b723-2f6c091b18ac,1,5801.567164
2026/02/05/00:56:13,apply-time,rs-005588-hz8q7,462ff915-0f88-45b9-aaac-b2410b829a1a,1,5801.567164
2026/02/05/00:56:13,apply-time,rs-005589-k9rdt,7ff2336a-cc4d-4373-a1ba-832b6a70c77b,1,5801.567164
2026/02/05/00:56:13,apply-time,rs-005589-qpx9m,08075631-ae16-4580-8289-a7b08399daea,1,5801.567164
2026/02/05/00:56:13,apply-time,rs-005589-z2nwv,abce907a-8951-4e94-9e38-917b1bcd660f,1,5801.567164
2026/02/05/00:56:14,running-time,rs-005587-68m2m,a7918234-8836-401f-a160-b16c9c2b25fe,1,5801.567164
2026/02/05/00:56:14,running-time,rs-005588-5mjmf,4a6e52c1-d833-43c9-890c-4a783fb01c52,1,5801.567164
2026/02/05/00:56:14,running-time,rs-005588-76wkc,90ee7461-4513-4013-b723-2f6c091b18ac,1,5801.567164
2026/02/05/00:56:14,running-time,rs-005588-hz8q7,462ff915-0f88-45b9-aaac-b2410b829a1a,1,5801.567164
2026/02/05/00:56:14,running-time,rs-005589-k9rdt,7ff2336a-cc4d-4373-a1ba-832b6a70c77b,1,5801.567164
2026/02/05/00:56:14,running-time,rs-005589-qpx9m,08075631-ae16-4580-8289-a7b08399daea,1,5801.567164
2026/02/05/00:56:14,running-time,rs-005589-z2nwv,abce907a-8951-4e94-9e38-917b1bcd660f,1,5801.567164
2026/02/05/00:56:14,apply-time,rs-005590-q8gxd,b1875a04-03da-48f9-958b-03ca7add1568,1,5801.567164
2026/02/05/00:56:14,running-time,rs-005590-q8gxd,b1875a04-03da-48f9-958b-03ca7add1568,1,5801.567164
2026/02/05/00:56:14,apply-time,rs-005590-vshb4,44535a98-4242-4952-b303-486e2869c65e,1,5801.567164
2026/02/05/00:56:14,running-time,rs-005590-vshb4,44535a98-4242-4952-b303-486e2869c65e,1,5801.567164
2026/02/05/00:56:14,apply-time,rs-005591-2f6v9,c97e4c41-3764-436a-a160-49ecdf9b920d,1,5801.567164
2026/02/05/00:56:14,running-time,rs-005591-2f6v9,c97e4c41-3764-436a-a160-49ecdf9b920d,1,5801.567164
2026/02/05/00:56:14,apply-time,rs-005592-666vx,be4ba76d-d285-403a-946d-7620b9c2543a,1,5801.567164
2026/02/05/00:56:14,running-time,rs-005592-666vx,be4ba76d-d285-403a-946d-7620b9c2543a,1,5801.567164
2026/02/05/00:56:14,apply-time,rs-005592-vxd5x,fbcdd437-5f07-43ba-8ad1-97d07b89cbb8,1,5801.567164
2026/02/05/00:56:14,running-time,rs-005592-vxd5x,fbcdd437-5f07-43ba-8ad1-97d07b89cbb8,1,5801.567164
2026/02/05/00:56:14,apply-time,rs-005592-wtkh5,480faaa7-3e2d-4498-9c5b-89a0a2edc2ab,1,5801.567164
2026/02/05/00:56:14,running-time,rs-005592-wtkh5,480faaa7-3e2d-4498-9c5b-89a0a2edc2ab,1,5801.567164
2026/02/05/00:56:14,apply-time,rs-005593-f95k2,715f903a-1783-4ff1-8992-998b655a4254,1,5801.567164
2026/02/05/00:56:14,running-time,rs-005593-f95k2,715f903a-1783-4ff1-8992-998b655a4254,1,5801.567164
2026/02/05/00:56:14,apply-time,rs-005593-ptvrw,dac6b62a-9fc8-4740-b955-7f26f6436742,1,5801.567164
2026/02/05/00:56:14,apply-time,rs-005593-xs4dd,ed551149-bd31-4c9c-8213-053601dad623,1,5801.567164
2026/02/05/00:56:14,running-time,rs-005593-xs4dd,ed551149-bd31-4c9c-8213-053601dad623,1,5801.567164
2026/02/05/00:56:14,apply-time,rs-005594-5hwch,b2b8f845-f897-4658-b0b2-6ef3986ae6e7,1,5801.567164
2026/02/05/00:56:14,running-time,rs-005594-5hwch,b2b8f845-f897-4658-b0b2-6ef3986ae6e7,1,5801.567164
2026/02/05/00:56:19,apply-time,rs-005595-f797n,4611b6bc-6276-47b7-ad1c-c520ad9948bb,1,5806.567164
2026/02/05/00:56:19,running-time,rs-005595-f797n,4611b6bc-6276-47b7-ad1c-c520ad9948bb,1,5806.567164
2026/02/05/00:56:19,apply-time,rs-005596-h945m,a04b84ab-3b2d-4a9d-b68e-dd7b9fcb7c71,1,5806.567164
2026/02/05/00:56:19,running-time,rs-005596-h945m,a04b84ab-3b2d-4a9d-b68e-dd7b9fcb7c71,1,5806.567164
2026/02/05/00:56:19,apply-time,rs-005596-qp4n7,5bf0b80b-e677-4258-8305-a50ee59b63cf,1,5806.567164
2026/02/05/00:56:19,running-time,rs-005596-qp4n7,5bf0b80b-e677-4258-8305-a50ee59b63cf,1,5806.567164
2026/02/05/00:56:19,apply-time,rs-005596-zcb27,7983150d-2962-4364-82e1-db99f428394f,1,5806.567164
2026/02/05/00:56:19,running-time,rs-005596-zcb27,7983150d-2962-4364-82e1-db99f428394f,1,5806.567164
2026/02/05/00:56:22,apply-time,rs-005597-d86r9,caf83ee5-a9bf-4bb8-a39f-9e9a7bccb3ff,1,5809.567164
2026/02/05/00:56:22,running-time,rs-005597-d86r9,caf83ee5-a9bf-4bb8-a39f-9e9a7bccb3ff,1,5809.567164
2026/02/05/00:56:22,apply-time,rs-005597-gtx8z,df223a2a-b776-4213-b3c8-fe6877d91587,1,5809.567164
2026/02/05/00:56:22,running-time,rs-005597-gtx8z,df223a2a-b776-4213-b3c8-fe6877d91587,1,5809.567164
2026/02/05/00:56:22,apply-time,rs-005597-j8bbw,b1572894-4cdd-44b1-8841-fbf1f13b6139,1,5809.567164
2026/02/05/00:56:22,running-time,rs-005597-j8bbw,b1572894-4cdd-44b1-8841-fbf1f13b6139,1,5809.567164
2026/02/05/00:56:22,apply-time,rs-005598-9gpsz,c56bd08a-b24b-4f32-8d8b-38b26a04712c,1,5809.567164
2026/02/05/00:56:22,running-time,rs-005598-9gpsz,c56bd08a-b24b-4f32-8d8b-38b26a04712c,1,5809.567164
2026/02/05/00:56:22,apply-time,rs-005598-xk7tb,be53a9ab-81a2-4582-9c74-fa4e77b6e4e7,1,5809.567164
2026/02/05/00:56:22,running-time,rs-005598-xk7tb,be53a9ab-81a2-4582-9c74-fa4e77b6e4e7,1,5809.567164
2026/02/05/00:56:22,apply-time,rs-005599-44fhr,3e635e8a-8ec2-493e-8ea3-d251d874faf4,1,5809.567164
2026/02/05/00:56:22,running-time,rs-005599-44fhr,3e635e8a-8ec2-493e-8ea3-d251d874faf4,1,5809.567164
2026/02/05/00:56:22,apply-time,rs-005599-59snd,31342638-1ae8-44a4-aabe-e9657bb55137,1,5809.567164
2026/02/05/00:56:22,running-time,rs-005599-59snd,31342638-1ae8-44a4-aabe-e9657bb55137,1,5809.567164
2026/02/05/00:56:22,apply-time,rs-005600-5scsf,6f0d2d43-0bab-4435-8a86-7ff83ef3f930,1,5809.567164
2026/02/05/00:56:22,running-time,rs-005600-5scsf,6f0d2d43-0bab-4435-8a86-7ff83ef3f930,1,5809.567164
2026/02/05/00:56:22,apply-time,rs-005601-n82dn,84f3ec30-4480-4cbc-8f3d-936e66b78121,1,5809.567164
2026/02/05/00:56:22,running-time,rs-005601-n82dn,84f3ec30-4480-4cbc-8f3d-936e66b78121,1,5809.567164
2026/02/05/00:56:23,apply-time,rs-005602-dbdc9,65dcb143-b7f4-43b6-bd19-3e42bad27b1a,1,5810.567164
2026/02/05/00:56:23,running-time,rs-005602-dbdc9,65dcb143-b7f4-43b6-bd19-3e42bad27b1a,1,5810.567164
2026/02/05/00:56:23,apply-time,rs-005602-ns25n,4b6350d4-b8b5-48b1-88fb-05f1256abf97,1,5810.567164
2026/02/05/00:56:23,running-time,rs-005602-ns25n,4b6350d4-b8b5-48b1-88fb-05f1256abf97,1,5810.567164
2026/02/05/00:56:23,apply-time,rs-005602-rhfcf,977106aa-efd9-4833-bdbc-0a59ea3e2bf7,1,5810.567164
2026/02/05/00:56:23,running-time,rs-005602-rhfcf,977106aa-efd9-4833-bdbc-0a59ea3e2bf7,1,5810.567164
2026/02/05/00:56:23,apply-time,rs-005603-prpqn,23758136-dd30-4b49-b207-b0c43c4f1c55,1,5810.567164
2026/02/05/00:56:23,running-time,rs-005603-prpqn,23758136-dd30-4b49-b207-b0c43c4f1c55,1,5810.567164
2026/02/05/00:56:23,apply-time,rs-005603-vjbf2,8e91f491-012f-4be8-bf22-25dca9dd17ea,1,5810.567164
2026/02/05/00:56:23,running-time,rs-005603-vjbf2,8e91f491-012f-4be8-bf22-25dca9dd17ea,1,5810.567164
2026/02/05/00:56:25,apply-time,rs-005604-7lnbx,d87cb841-3ff4-475f-a213-bd2bf508abc9,1,5811.567164
2026/02/05/00:56:25,running-time,rs-005604-7lnbx,d87cb841-3ff4-475f-a213-bd2bf508abc9,1,5811.567164
2026/02/05/00:56:25,apply-time,rs-005605-gggv9,94b60677-f10a-41db-95ab-cfa041df7ffd,1,5811.567164
2026/02/05/00:56:25,running-time,rs-005605-gggv9,94b60677-f10a-41db-95ab-cfa041df7ffd,1,5811.567164
2026/02/05/00:56:25,apply-time,rs-005605-t54hr,018a7c52-5606-44b9-8fd5-64d248866c0b,1,5811.567164
2026/02/05/00:56:25,running-time,rs-005605-t54hr,018a7c52-5606-44b9-8fd5-64d248866c0b,1,5811.567164
2026/02/05/00:56:25,apply-time,rs-005606-66xc5,c0b218f6-0269-41e6-bca8-4bb1cb9ddf84,1,5811.567164
2026/02/05/00:56:25,running-time,rs-005606-66xc5,c0b218f6-0269-41e6-bca8-4bb1cb9ddf84,1,5811.567164
2026/02/05/00:56:25,apply-time,rs-005606-jhddq,5795b7d6-d75b-43f3-9e94-bdabfca6540e,1,5811.567164
2026/02/05/00:56:25,running-time,rs-005606-jhddq,5795b7d6-d75b-43f3-9e94-bdabfca6540e,1,5811.567164
2026/02/05/00:56:25,apply-time,rs-005606-qgtsz,83d11132-637b-455d-8c3f-99e404c1675a,1,5811.567164
2026/02/05/00:56:25,running-time,rs-005606-qgtsz,83d11132-637b-455d-8c3f-99e404c1675a,1,5811.567164
2026/02/05/00:56:25,apply-time,rs-005607-l8z9b,ec76ce5e-787e-4c58-94f9-eaea91d90feb,1,5811.567164
2026/02/05/00:56:25,running-time,rs-005607-l8z9b,ec76ce5e-787e-4c58-94f9-eaea91d90feb,1,5811.567164
2026/02/05/00:56:25,apply-time,rs-005607-w8725,a852cfea-9c23-49fd-9aee-393c3421f185,1,5811.567164
2026/02/05/00:56:25,apply-time,rs-005608-6ff6x,8fad601a-4a09-4b20-a539-3ed69c6fa0a3,1,5811.567164
2026/02/05/00:56:26,running-time,rs-005607-w8725,a852cfea-9c23-49fd-9aee-393c3421f185,1,5812.567164
2026/02/05/00:56:26,running-time,rs-005608-6ff6x,8fad601a-4a09-4b20-a539-3ed69c6fa0a3,1,5812.567164
2026/02/05/00:56:26,apply-time,rs-005609-7wlfm,f14004d8-6b41-4562-907b-fef6ca3336dc,1,5812.567164
2026/02/05/00:56:26,running-time,rs-005609-7wlfm,f14004d8-6b41-4562-907b-fef6ca3336dc,1,5812.567164
2026/02/05/00:56:26,apply-time,rs-005609-mvvq7,8a9f458a-ea1a-4c19-8629-af12559f0694,1,5812.567164
2026/02/05/00:56:26,running-time,rs-005609-mvvq7,8a9f458a-ea1a-4c19-8629-af12559f0694,1,5812.567164
2026/02/05/00:56:26,apply-time,rs-005610-dm2r8,dbcd2814-eb06-4997-8540-4f7e0e62aeb9,1,5812.567164
2026/02/05/00:56:26,running-time,rs-005610-dm2r8,dbcd2814-eb06-4997-8540-4f7e0e62aeb9,1,5812.567164
2026/02/05/00:56:26,apply-time,rs-005610-n7j7j,2ef7ec38-7ae6-420f-9cb4-81f055831f68,1,5812.567164
2026/02/05/00:56:26,running-time,rs-005610-n7j7j,2ef7ec38-7ae6-420f-9cb4-81f055831f68,1,5812.567164
2026/02/05/00:56:26,apply-time,rs-005611-pxhkb,85792f7d-251b-4b75-b6db-9734bba1d4e5,1,5812.567164
2026/02/05/00:56:26,running-time,rs-005611-pxhkb,85792f7d-251b-4b75-b6db-9734bba1d4e5,1,5812.567164
2026/02/05/00:56:26,apply-time,rs-005611-xs2ll,ceb145b6-70cf-4789-9fab-d39b9c5e9456,1,5812.567164
2026/02/05/00:56:26,running-time,rs-005611-xs2ll,ceb145b6-70cf-4789-9fab-d39b9c5e9456,1,5812.567164
2026/02/05/00:56:26,apply-time,rs-005612-qxlft,127b5d1d-cda5-4f79-8faf-713a745666a2,1,5813.567164
2026/02/05/00:56:26,apply-time,rs-005613-r5mtv,e11e56aa-36f5-45b4-98b1-7e2add1cf831,1,5812.567164
2026/02/05/00:56:26,running-time,rs-005613-r5mtv,e11e56aa-36f5-45b4-98b1-7e2add1cf831,1,5813.567164
2026/02/05/00:56:27,running-time,rs-005612-qxlft,127b5d1d-cda5-4f79-8faf-713a745666a2,1,5813.567164
2026/02/05/00:56:27,apply-time,rs-005612-tbng5,a7281e5e-212e-4920-9732-a95e9fff00e3,1,5813.567164
2026/02/05/00:56:27,running-time,rs-005612-tbng5,a7281e5e-212e-4920-9732-a95e9fff00e3,1,5813.567164
2026/02/05/00:56:27,apply-time,rs-005612-wqprv,3f337081-90ef-4eb4-b27b-8f6e6646137e,1,5813.567164
2026/02/05/00:56:27,running-time,rs-005612-wqprv,3f337081-90ef-4eb4-b27b-8f6e6646137e,1,5813.567164
2026/02/05/00:56:27,apply-time,rs-005613-ckhd9,30997524-0c10-418b-8b3f-d1b7ad496ae9,1,5813.567164
2026/02/05/00:56:27,running-time,rs-005613-ckhd9,30997524-0c10-418b-8b3f-d1b7ad496ae9,1,5813.567164
2026/02/05/00:56:27,apply-time,rs-005614-d9vtt,2a885915-d247-456c-9801-899d8f08ff30,1,5813.567164
2026/02/05/00:56:27,running-time,rs-005614-d9vtt,2a885915-d247-456c-9801-899d8f08ff30,1,5813.567164
2026/02/05/00:56:27,apply-time,rs-005615-mc2dh,463a3465-11bd-48db-bdad-940b4fd2b15a,1,5813.567164
2026/02/05/00:56:27,apply-time,rs-005615-phrh5,42669771-a2b7-460a-ae6b-52c5d7668a9a,1,5813.567164
2026/02/05/00:56:27,apply-time,rs-005616-l47p9,ba68d3c3-7934-4392-8797-8cdafc80654b,1,5813.567164
2026/02/05/00:56:27,apply-time,rs-005617-kv47b,6c936fa1-5c5b-45b1-b9a8-fc243392a4a9,1,5814.567164
2026/02/05/00:56:27,running-time,rs-005617-kv47b,6c936fa1-5c5b-45b1-b9a8-fc243392a4a9,1,5814.567164
2026/02/05/00:56:27,apply-time,rs-005618-5jkl5,a85cb987-7667-447c-9f84-b679b1429168,1,5813.567164
2026/02/05/00:56:27,running-time,rs-005618-5jkl5,a85cb987-7667-447c-9f84-b679b1429168,1,5813.567164
2026/02/05/00:56:28,running-time,rs-005615-mc2dh,463a3465-11bd-48db-bdad-940b4fd2b15a,1,5814.567164
2026/02/05/00:56:28,running-time,rs-005615-phrh5,42669771-a2b7-460a-ae6b-52c5d7668a9a,1,5814.567164
2026/02/05/00:56:29,running-time,rs-005616-l47p9,ba68d3c3-7934-4392-8797-8cdafc80654b,1,5815.567164
2026/02/05/00:56:32,apply-time,rs-005619-pnwbr,b53692cb-aa52-4d16-8216-8325bd177dd3,1,5818.567164
2026/02/05/00:56:32,running-time,rs-005619-pnwbr,b53692cb-aa52-4d16-8216-8325bd177dd3,1,5818.567164
2026/02/05/00:56:32,apply-time,rs-005619-z47q7,07e14f89-37ce-4447-b6c2-c272b2febd31,1,5818.567164
2026/02/05/00:56:32,running-time,rs-005619-z47q7,07e14f89-37ce-4447-b6c2-c272b2febd31,1,5818.567164
2026/02/05/00:56:44,apply-time,rs-005620-dr4ls,9069e16b-17df-4f7c-b45b-5852895430b6,1,5831.567164
2026/02/05/00:56:44,running-time,rs-005620-dr4ls,9069e16b-17df-4f7c-b45b-5852895430b6,1,5831.567164
2026/02/05/00:56:44,apply-time,rs-005620-g6ckv,f1afc0d2-c52a-4fcb-9f77-300956d7a627,1,5831.567164
2026/02/05/00:56:44,running-time,rs-005620-g6ckv,f1afc0d2-c52a-4fcb-9f77-300956d7a627,1,5831.567164
2026/02/05/00:56:44,apply-time,rs-005620-v92lj,cfc03806-f976-4289-9aec-f20ad2eccaba,1,5831.567164
2026/02/05/00:56:44,running-time,rs-005620-v92lj,cfc03806-f976-4289-9aec-f20ad2eccaba,1,5831.567164
2026/02/05/00:56:46,apply-time,rs-005621-n6wsn,799fcfee-bff2-4238-9c36-e2253079ca44,1,5832.567164
2026/02/05/00:56:46,running-time,rs-005621-n6wsn,799fcfee-bff2-4238-9c36-e2253079ca44,1,5832.567164
2026/02/05/00:56:46,apply-time,rs-005621-x76l4,fb7759d1-7b8f-429c-ad24-b56950fbec58,1,5832.567164
2026/02/05/00:56:46,running-time,rs-005621-x76l4,fb7759d1-7b8f-429c-ad24-b56950fbec58,1,5832.567164
2026/02/05/00:56:46,apply-time,rs-005622-424db,5ca2188a-0726-4cca-aeb9-6855651aa534,1,5832.567164
2026/02/05/00:56:46,running-time,rs-005622-424db,5ca2188a-0726-4cca-aeb9-6855651aa534,1,5832.567164
2026/02/05/00:56:46,apply-time,rs-005622-lg9gg,05718de9-bbdf-4193-bd51-b59ca1ae85ab,1,5832.567164
2026/02/05/00:56:46,running-time,rs-005622-lg9gg,05718de9-bbdf-4193-bd51-b59ca1ae85ab,1,5832.567164
2026/02/05/00:56:46,apply-time,rs-005623-bgw5l,4bda691b-9bef-4904-bcd2-f59e071cb44a,1,5832.567164
2026/02/05/00:56:46,running-time,rs-005623-bgw5l,4bda691b-9bef-4904-bcd2-f59e071cb44a,1,5832.567164
2026/02/05/00:56:46,apply-time,rs-005623-jjtcb,635ecdea-e20c-4644-9437-b5321fdf6713,1,5832.567164
2026/02/05/00:56:46,running-time,rs-005623-jjtcb,635ecdea-e20c-4644-9437-b5321fdf6713,1,5832.567164
2026/02/05/00:56:46,apply-time,rs-005623-n2mkn,298a6e4a-a938-4d46-b284-d2f4efa0c37b,1,5832.567164
2026/02/05/00:56:46,running-time,rs-005623-n2mkn,298a6e4a-a938-4d46-b284-d2f4efa0c37b,1,5832.567164
2026/02/05/00:56:46,apply-time,rs-005624-7cpqj,7f96e405-f9da-48cb-90a9-c2ccd6797105,1,5832.567164
2026/02/05/00:56:46,running-time,rs-005624-7cpqj,7f96e405-f9da-48cb-90a9-c2ccd6797105,1,5833.567164
2026/02/05/00:56:46,apply-time,rs-005624-k2p48,3c550534-8c1a-4304-a809-0a5dbf23c825,1,5832.567164
2026/02/05/00:56:46,running-time,rs-005624-k2p48,3c550534-8c1a-4304-a809-0a5dbf23c825,1,5833.567164
2026/02/05/00:56:46,apply-time,rs-005625-66mdf,0162da6f-58ea-4426-a648-9d6101c3184b,1,5833.567164
2026/02/05/00:56:46,running-time,rs-005625-66mdf,0162da6f-58ea-4426-a648-9d6101c3184b,1,5833.567164
2026/02/05/00:56:46,apply-time,rs-005625-vx6pr,9014933d-cd95-46e4-bf47-6622939f2af1,1,5833.567164
2026/02/05/00:56:46,running-time,rs-005625-vx6pr,9014933d-cd95-46e4-bf47-6622939f2af1,1,5833.567164
2026/02/05/00:56:46,apply-time,rs-005625-xlptq,55d3f80d-3295-418f-90c7-84f1b9d5272a,1,5833.567164
2026/02/05/00:56:46,running-time,rs-005625-xlptq,55d3f80d-3295-418f-90c7-84f1b9d5272a,1,5833.567164
2026/02/05/00:56:50,apply-time,rs-005626-k4hvf,ea7a7ab5-b70a-4a15-ba93-cd03debc8928,1,5836.567164
2026/02/05/00:56:50,running-time,rs-005626-k4hvf,ea7a7ab5-b70a-4a15-ba93-cd03debc8928,1,5836.567164
2026/02/05/00:56:51,apply-time,rs-005627-8nhlh,4e46ff5c-748d-4030-a8d3-dd7757d659a2,1,5838.567164
2026/02/05/00:56:51,apply-time,rs-005627-m4tcp,fa544a4e-63b3-4a5a-aa87-b0d0d72982ed,1,5838.567164
2026/02/05/00:56:51,apply-time,rs-005627-z7gdp,35ef21fc-7dda-4a90-acd0-1f21e1270621,1,5838.567164
2026/02/05/00:56:51,running-time,rs-005627-z7gdp,35ef21fc-7dda-4a90-acd0-1f21e1270621,1,5838.567164
2026/02/05/00:56:51,apply-time,rs-005628-vcz5v,ad6fce7b-d008-419e-b989-d417d3737b78,1,5838.567164
2026/02/05/00:56:52,running-time,rs-005627-8nhlh,4e46ff5c-748d-4030-a8d3-dd7757d659a2,1,5838.567164
2026/02/05/00:56:52,running-time,rs-005627-m4tcp,fa544a4e-63b3-4a5a-aa87-b0d0d72982ed,1,5838.567164
2026/02/05/00:56:52,apply-time,rs-005628-lndrr,b3e495ab-7174-4afc-8964-d0bcc53e3a20,1,5838.567164
2026/02/05/00:56:52,running-time,rs-005628-lndrr,b3e495ab-7174-4afc-8964-d0bcc53e3a20,1,5838.567164
2026/02/05/00:56:52,running-time,rs-005628-vcz5v,ad6fce7b-d008-419e-b989-d417d3737b78,1,5838.567164
2026/02/05/00:56:52,apply-time,rs-005629-5txwx,693ade86-6a88-4f65-ad8d-948e02c9b109,1,5838.567164
2026/02/05/00:56:52,running-time,rs-005629-5txwx,693ade86-6a88-4f65-ad8d-948e02c9b109,1,5838.567164
2026/02/05/00:56:52,apply-time,rs-005630-xsbsp,548a5dde-3acc-4344-bca1-231f7c9a0a1a,1,5838.567164
2026/02/05/00:56:52,apply-time,rs-005631-djx6w,e422febc-bc12-4020-9a6b-211276c614dd,1,5838.567164
2026/02/05/00:56:52,running-time,rs-005631-djx6w,e422febc-bc12-4020-9a6b-211276c614dd,1,5838.567164
2026/02/05/00:56:52,apply-time,rs-005632-5hkgv,0618b3f9-b78c-42db-8542-823f056451a0,1,5838.567164
2026/02/05/00:56:52,running-time,rs-005632-5hkgv,0618b3f9-b78c-42db-8542-823f056451a0,1,5838.567164
2026/02/05/00:56:52,apply-time,rs-005633-hb9vf,cb3ee2da-323b-4575-9d4b-f0caded1c283,1,5838.567164
2026/02/05/00:56:52,apply-time,rs-005633-tnp5s,6f455be6-2fec-4f87-b040-4229dcde0aeb,1,5838.567164
2026/02/05/00:56:52,apply-time,rs-005633-wlf6l,7801e667-9d2b-46e7-9303-a0356ea246c4,1,5838.567164
2026/02/05/00:56:52,apply-time,rs-005634-sjz6s,6cd86e9e-30a1-4d73-8fe2-314cf9f58e6b,1,5838.567164
2026/02/05/00:56:52,running-time,rs-005634-sjz6s,6cd86e9e-30a1-4d73-8fe2-314cf9f58e6b,1,5839.567164
2026/02/05/00:56:53,apply-time,rs-005635-zk5lg,50efe3ef-d035-49a1-bce2-385ef9061d49,1,5839.567164
2026/02/05/00:56:53,running-time,rs-005635-zk5lg,50efe3ef-d035-49a1-bce2-385ef9061d49,1,5839.567164
2026/02/05/00:56:53,apply-time,rs-005636-mlm55,129e409d-d123-42d0-9334-e8c18a4cbc86,1,5839.567164
2026/02/05/00:56:53,running-time,rs-005636-mlm55,129e409d-d123-42d0-9334-e8c18a4cbc86,1,5839.567164
2026/02/05/00:56:53,apply-time,rs-005637-l2hs2,02439009-224e-42a1-9b1b-360886bd60c1,1,5839.567164
2026/02/05/00:56:53,running-time,rs-005637-l2hs2,02439009-224e-42a1-9b1b-360886bd60c1,1,5839.567164
2026/02/05/00:56:53,apply-time,rs-005637-ncdgj,ea778425-405f-4805-b4d6-2972834e76fb,1,5839.567164
2026/02/05/00:56:53,running-time,rs-005637-ncdgj,ea778425-405f-4805-b4d6-2972834e76fb,1,5839.567164
2026/02/05/00:56:53,apply-time,rs-005637-t89wj,c96aadc2-5a92-475c-a257-f48085f5687b,1,5839.567164
2026/02/05/00:56:53,running-time,rs-005637-t89wj,c96aadc2-5a92-475c-a257-f48085f5687b,1,5839.567164
2026/02/05/00:56:53,apply-time,rs-005638-2shm7,f6c06a55-4d89-427f-a037-85eaa43c3eb8,1,5839.567164
2026/02/05/00:56:53,running-time,rs-005638-2shm7,f6c06a55-4d89-427f-a037-85eaa43c3eb8,1,5839.567164
2026/02/05/00:56:53,apply-time,rs-005638-77lll,8c2bf4da-3049-4bcd-ae4a-141b44382757,1,5839.567164
2026/02/05/00:56:53,running-time,rs-005638-77lll,8c2bf4da-3049-4bcd-ae4a-141b44382757,1,5839.567164
2026/02/05/00:56:54,apply-time,rs-005639-cb8q8,c33a2ca4-ebf2-49f1-8d34-3d47e9849553,1,5840.567164
2026/02/05/00:56:54,running-time,rs-005639-cb8q8,c33a2ca4-ebf2-49f1-8d34-3d47e9849553,1,5840.567164
2026/02/05/00:56:57,running-time,rs-005633-wlf6l,7801e667-9d2b-46e7-9303-a0356ea246c4,1,5843.567164
2026/02/05/00:56:58,apply-time,rs-005640-6t86m,b5e0f2c0-a76e-466b-8bda-baa6537400f4,1,5844.567164
2026/02/05/00:56:58,apply-time,rs-005640-vkct4,d79c2909-b680-4021-905d-da2a82332744,1,5844.567164
2026/02/05/00:56:58,apply-time,rs-005641-jcmjv,aeed17f4-6054-466d-8dbf-191616cfd506,1,5844.567164
2026/02/05/00:56:58,running-time,rs-005641-jcmjv,aeed17f4-6054-466d-8dbf-191616cfd506,1,5844.567164
2026/02/05/00:56:58,apply-time,rs-005642-ctrhb,0c7f60ed-d57c-40ab-8151-92af9493739a,1,5845.567164
2026/02/05/00:56:58,running-time,rs-005642-ctrhb,0c7f60ed-d57c-40ab-8151-92af9493739a,1,5845.567164
2026/02/05/00:56:58,apply-time,rs-005642-kks5z,704277e2-06a8-43ea-a1d7-4a485e4a5740,1,5845.567164
2026/02/05/00:56:58,running-time,rs-005642-kks5z,704277e2-06a8-43ea-a1d7-4a485e4a5740,1,5845.567164
2026/02/05/00:56:58,apply-time,rs-005642-pnlxv,01674ed1-3152-4e07-a335-85bbc5f7f126,1,5845.567164
2026/02/05/00:56:58,running-time,rs-005642-pnlxv,01674ed1-3152-4e07-a335-85bbc5f7f126,1,5845.567164
2026/02/05/00:57:01,running-time,rs-005633-hb9vf,cb3ee2da-323b-4575-9d4b-f0caded1c283,1,5847.567164
2026/02/05/00:57:02,apply-time,rs-005643-g8zdt,777aadf6-9a8f-4039-a9d1-5433b1a649cb,1,5848.567164
2026/02/05/00:57:02,running-time,rs-005643-g8zdt,777aadf6-9a8f-4039-a9d1-5433b1a649cb,1,5848.567164
2026/02/05/00:57:02,apply-time,rs-005644-b48ss,eee92a78-7c82-4fa2-a48a-17a28067c74f,1,5848.567164
2026/02/05/00:57:02,running-time,rs-005644-b48ss,eee92a78-7c82-4fa2-a48a-17a28067c74f,1,5848.567164
2026/02/05/00:57:02,apply-time,rs-005645-ghz2n,a71b515a-baab-4091-87f9-96320443b617,1,5848.567164
2026/02/05/00:57:02,running-time,rs-005645-ghz2n,a71b515a-baab-4091-87f9-96320443b617,1,5848.567164
2026/02/05/00:57:02,apply-time,rs-005645-kn2kz,23f97ad8-265d-4054-9d90-522dc0e15895,1,5848.567164
2026/02/05/00:57:02,running-time,rs-005645-kn2kz,23f97ad8-265d-4054-9d90-522dc0e15895,1,5848.567164
2026/02/05/00:57:02,apply-time,rs-005646-jfqlq,e2857e26-54ef-4d5d-abf7-a04ab01cd582,1,5848.567164
2026/02/05/00:57:02,running-time,rs-005646-jfqlq,e2857e26-54ef-4d5d-abf7-a04ab01cd582,1,5848.567164
2026/02/05/00:57:02,apply-time,rs-005646-zgv74,170b8f70-d395-4b44-b375-0cda273d8506,1,5848.567164
2026/02/05/00:57:02,running-time,rs-005646-zgv74,170b8f70-d395-4b44-b375-0cda273d8506,1,5848.567164
2026/02/05/00:57:02,apply-time,rs-005648-prcdw,b3ddb70e-d2ac-419f-8aee-518e928844d8,1,5849.567164
2026/02/05/00:57:02,running-time,rs-005648-prcdw,b3ddb70e-d2ac-419f-8aee-518e928844d8,1,5849.567164
2026/02/05/00:57:03,apply-time,rs-005647-2xcw2,32812059-6463-4b70-afe4-5abb926a0d7e,1,5849.567164
2026/02/05/00:57:03,running-time,rs-005647-2xcw2,32812059-6463-4b70-afe4-5abb926a0d7e,1,5849.567164
2026/02/05/00:57:03,apply-time,rs-005647-h9g4p,19e39a11-1c93-44b1-b84c-d0edaa21c1a8,1,5849.567164
2026/02/05/00:57:03,running-time,rs-005647-h9g4p,19e39a11-1c93-44b1-b84c-d0edaa21c1a8,1,5849.567164
2026/02/05/00:57:03,apply-time,rs-005647-s5fq6,040787a2-4e1b-4b14-8c35-93f6258d0ccd,1,5849.567164
2026/02/05/00:57:03,running-time,rs-005647-s5fq6,040787a2-4e1b-4b14-8c35-93f6258d0ccd,1,5849.567164
2026/02/05/00:57:03,apply-time,rs-005649-7xjf6,dbed9c32-8fb9-4d0b-826e-b72b756cd1be,1,5849.567164
2026/02/05/00:57:03,running-time,rs-005649-7xjf6,dbed9c32-8fb9-4d0b-826e-b72b756cd1be,1,5849.567164
2026/02/05/00:57:03,apply-time,rs-005650-zq788,c4bf57ec-0af7-4a7d-912a-c49411d9056f,1,5849.567164
2026/02/05/00:57:03,running-time,rs-005650-zq788,c4bf57ec-0af7-4a7d-912a-c49411d9056f,1,5849.567164
2026/02/05/00:57:09,running-time,rs-005640-6t86m,b5e0f2c0-a76e-466b-8bda-baa6537400f4,1,5856.567164
2026/02/05/00:57:09,running-time,rs-005640-vkct4,d79c2909-b680-4021-905d-da2a82332744,1,5856.567164
2026/02/05/00:57:19,apply-time,rs-005651-647jx,bc922b40-400c-41d2-a264-9908612a86b8,1,5865.567164
2026/02/05/00:57:19,running-time,rs-005651-647jx,bc922b40-400c-41d2-a264-9908612a86b8,1,5865.567164
2026/02/05/00:57:19,apply-time,rs-005651-fnnjm,8eaf1d09-b04e-4ca7-bdc2-d55a42812079,1,5865.567164
2026/02/05/00:57:19,running-time,rs-005651-fnnjm,8eaf1d09-b04e-4ca7-bdc2-d55a42812079,1,5865.567164
2026/02/05/00:57:19,apply-time,rs-005651-mnnmh,aa93b6bc-3b8c-4a01-a912-b4384f0aa555,1,5865.567164
2026/02/05/00:57:19,running-time,rs-005651-mnnmh,aa93b6bc-3b8c-4a01-a912-b4384f0aa555,1,5865.567164
2026/02/05/00:57:20,apply-time,rs-005652-9wfjl,e1389478-e3f0-41eb-88ad-2770ab5d0c1d,1,5866.567164
2026/02/05/00:57:20,running-time,rs-005652-9wfjl,e1389478-e3f0-41eb-88ad-2770ab5d0c1d,1,5866.567164
2026/02/05/00:57:20,apply-time,rs-005652-ntfdk,3f819b07-8668-4a31-a24f-8c0a23b16d07,1,5866.567164
2026/02/05/00:57:20,running-time,rs-005652-ntfdk,3f819b07-8668-4a31-a24f-8c0a23b16d07,1,5866.567164
2026/02/05/00:57:21,apply-time,rs-005653-95g95,3bd5598c-5fd0-4dda-9ba8-226156877144,1,5867.567164
2026/02/05/00:57:21,running-time,rs-005653-95g95,3bd5598c-5fd0-4dda-9ba8-226156877144,1,5867.567164
2026/02/05/00:57:21,apply-time,rs-005653-g99vt,0409cff9-1aeb-4cae-bfa6-922256a651a2,1,5867.567164
2026/02/05/00:57:21,running-time,rs-005653-g99vt,0409cff9-1aeb-4cae-bfa6-922256a651a2,1,5867.567164
2026/02/05/00:57:21,apply-time,rs-005653-vsgpb,275301a3-6219-48db-b978-844820046855,1,5867.567164
2026/02/05/00:57:21,running-time,rs-005653-vsgpb,275301a3-6219-48db-b978-844820046855,1,5867.567164
2026/02/05/00:57:21,apply-time,rs-005654-rhjk2,7d72453a-b111-44fb-8f86-dc16241e8794,1,5867.567164
2026/02/05/00:57:21,running-time,rs-005654-rhjk2,7d72453a-b111-44fb-8f86-dc16241e8794,1,5867.567164
2026/02/05/00:57:21,apply-time,rs-005655-n2h84,1affa9db-7de5-4ae9-b0e9-767f2b1c95c3,1,5867.567164
2026/02/05/00:57:21,running-time,rs-005655-n2h84,1affa9db-7de5-4ae9-b0e9-767f2b1c95c3,1,5867.567164
2026/02/05/00:57:21,apply-time,rs-005656-mdk8x,19bff8f1-e284-45df-a4b9-81cb7502b064,1,5867.567164
2026/02/05/00:57:21,running-time,rs-005656-mdk8x,19bff8f1-e284-45df-a4b9-81cb7502b064,1,5867.567164
2026/02/05/00:57:24,apply-time,rs-005657-4s7gb,0f6bf8f3-cac7-49fb-91f6-d27108941097,1,5870.567164
2026/02/05/00:57:24,running-time,rs-005657-4s7gb,0f6bf8f3-cac7-49fb-91f6-d27108941097,1,5870.567164
2026/02/05/00:57:24,apply-time,rs-005657-wqvht,2aede8c3-b391-47f1-bcdf-6d75218983ea,1,5870.567164
2026/02/05/00:57:24,running-time,rs-005657-wqvht,2aede8c3-b391-47f1-bcdf-6d75218983ea,1,5870.567164
2026/02/05/00:57:24,apply-time,rs-005658-8zg98,68288b10-4b47-4024-9357-70f5b30b1530,1,5870.567164
2026/02/05/00:57:24,apply-time,rs-005658-mvqp7,cfb5cf91-aa90-4a72-890b-adb6ea011b54,1,5870.567164
2026/02/05/00:57:29,apply-time,rs-005659-579cj,3bff9394-ba04-4c07-a17c-e97900b037d4,1,5876.567164
2026/02/05/00:57:29,running-time,rs-005659-579cj,3bff9394-ba04-4c07-a17c-e97900b037d4,1,5876.567164
2026/02/05/00:57:29,apply-time,rs-005659-6n8xc,c5b8eca9-9298-41ea-a4a7-61a5041e87bf,1,5876.567164
2026/02/05/00:57:29,running-time,rs-005659-6n8xc,c5b8eca9-9298-41ea-a4a7-61a5041e87bf,1,5876.567164
2026/02/05/00:57:35,apply-time,rs-005660-ppd8m,9095c52b-29bf-48f6-bbae-3d1890581e7b,1,5881.567164
2026/02/05/00:57:35,running-time,rs-005660-ppd8m,9095c52b-29bf-48f6-bbae-3d1890581e7b,1,5881.567164
2026/02/05/00:57:35,apply-time,rs-005660-xl95v,71c5cb83-3742-4552-bd0e-a8f328882458,1,5881.567164
2026/02/05/00:57:35,running-time,rs-005660-xl95v,71c5cb83-3742-4552-bd0e-a8f328882458,1,5881.567164
2026/02/05/00:57:35,apply-time,rs-005661-2dfnf,14bbfd4c-143f-4b31-9e85-544334cf5a70,1,5881.567164
2026/02/05/00:57:35,running-time,rs-005661-2dfnf,14bbfd4c-143f-4b31-9e85-544334cf5a70,1,5881.567164
2026/02/05/00:57:35,apply-time,rs-005661-h2j27,67886e21-1990-4abd-a774-56fc09e965e9,1,5881.567164
2026/02/05/00:57:35,running-time,rs-005661-h2j27,67886e21-1990-4abd-a774-56fc09e965e9,1,5881.567164
2026/02/05/00:57:35,apply-time,rs-005661-hhf4l,d4985975-5881-4381-a553-26ef19921d2a,1,5881.567164
2026/02/05/00:57:35,running-time,rs-005661-hhf4l,d4985975-5881-4381-a553-26ef19921d2a,1,5881.567164
2026/02/05/00:57:35,apply-time,rs-005662-bbcj6,269ee8b2-a1a1-4009-9ffc-3936ff245e4f,1,5881.567164
2026/02/05/00:57:35,running-time,rs-005662-bbcj6,269ee8b2-a1a1-4009-9ffc-3936ff245e4f,1,5881.567164
2026/02/05/00:57:35,apply-time,rs-005663-rvdtg,f7a61a78-32f7-4891-b07f-4697cc530ef2,1,5881.567164
2026/02/05/00:57:35,running-time,rs-005663-rvdtg,f7a61a78-32f7-4891-b07f-4697cc530ef2,1,5881.567164
2026/02/05/00:57:35,apply-time,rs-005664-6tvtr,5937ffc1-ff79-4c8d-8365-3ebba5a7ffe6,1,5881.567164
2026/02/05/00:57:35,running-time,rs-005664-6tvtr,5937ffc1-ff79-4c8d-8365-3ebba5a7ffe6,1,5881.567164
2026/02/05/00:57:35,apply-time,rs-005666-r8b4x,842099d8-3b6f-4300-9feb-fee5bf68026c,1,5882.567164
2026/02/05/00:57:35,apply-time,rs-005667-zppbc,1472d587-0630-4a38-a316-2cd5bf4e731e,1,5882.567164
2026/02/05/00:57:35,running-time,rs-005667-zppbc,1472d587-0630-4a38-a316-2cd5bf4e731e,1,5882.567164
2026/02/05/00:57:36,apply-time,rs-005665-r4ntb,0f77eaa8-d96d-4307-ade3-889bd439a4ce,1,5882.567164
2026/02/05/00:57:36,running-time,rs-005665-r4ntb,0f77eaa8-d96d-4307-ade3-889bd439a4ce,1,5882.567164
2026/02/05/00:57:36,running-time,rs-005666-r8b4x,842099d8-3b6f-4300-9feb-fee5bf68026c,1,5882.567164
2026/02/05/00:57:36,apply-time,rs-005668-4wvbm,9bc50801-ae6d-44c0-9aeb-2dde002905a1,1,5882.567164
2026/02/05/00:57:36,running-time,rs-005668-4wvbm,9bc50801-ae6d-44c0-9aeb-2dde002905a1,1,5882.567164
2026/02/05/00:57:36,apply-time,rs-005668-pmfb2,52fb8151-75b6-46e8-9d48-63444d444384,1,5882.567164
2026/02/05/00:57:36,running-time,rs-005668-pmfb2,52fb8151-75b6-46e8-9d48-63444d444384,1,5882.567164
2026/02/05/00:57:36,apply-time,rs-005669-8ggm8,c48b1450-7bf2-4eff-972f-d9a307f4d84d,1,5882.567164
2026/02/05/00:57:36,running-time,rs-005669-8ggm8,c48b1450-7bf2-4eff-972f-d9a307f4d84d,1,5882.567164
2026/02/05/00:57:36,apply-time,rs-005669-bwtcj,f7422be4-33d3-4b58-b347-46912262a0ae,1,5882.567164
2026/02/05/00:57:36,running-time,rs-005669-bwtcj,f7422be4-33d3-4b58-b347-46912262a0ae,1,5882.567164
2026/02/05/00:57:36,apply-time,rs-005669-kznhq,7a41756d-c094-4218-b71e-ba053de32d4c,1,5882.567164
2026/02/05/00:57:36,running-time,rs-005669-kznhq,7a41756d-c094-4218-b71e-ba053de32d4c,1,5882.567164
2026/02/05/00:57:36,apply-time,rs-005670-j22nl,cde57ef7-6db2-4cdd-9ead-6b24486e030b,1,5882.567164
2026/02/05/00:57:36,running-time,rs-005670-j22nl,cde57ef7-6db2-4cdd-9ead-6b24486e030b,1,5882.567164
2026/02/05/00:57:36,apply-time,rs-005670-v6fj8,fd4e31f0-add7-4b44-acfd-f119ce7de9b7,1,5883.567164
2026/02/05/00:57:36,running-time,rs-005670-v6fj8,fd4e31f0-add7-4b44-acfd-f119ce7de9b7,1,5883.567164
2026/02/05/00:57:36,apply-time,rs-005671-wlwrl,38e39354-6bc5-40d6-996e-0b7a0997a726,1,5882.567164
2026/02/05/00:57:36,running-time,rs-005671-wlwrl,38e39354-6bc5-40d6-996e-0b7a0997a726,1,5883.567164
2026/02/05/00:57:36,apply-time,rs-005672-cxfqr,b7fc35f4-7f1b-4d48-8e01-1bd4a354e240,1,5883.567164
2026/02/05/00:57:36,apply-time,rs-005672-zb2rf,13073961-fc2b-4e29-945d-b91fffa199d9,1,5882.567164
2026/02/05/00:57:36,running-time,rs-005672-zb2rf,13073961-fc2b-4e29-945d-b91fffa199d9,1,5882.567164
2026/02/05/00:57:37,apply-time,rs-005671-x8zpb,4cff9064-fcc4-406e-a7ea-ee458249bacb,1,5883.567164
2026/02/05/00:57:37,running-time,rs-005671-x8zpb,4cff9064-fcc4-406e-a7ea-ee458249bacb,1,5883.567164
2026/02/05/00:57:37,running-time,rs-005672-cxfqr,b7fc35f4-7f1b-4d48-8e01-1bd4a354e240,1,5883.567164
2026/02/05/00:57:37,apply-time,rs-005672-wf2fp,17e8c9a9-6f86-4275-ba18-1ad712011108,1,5883.567164
2026/02/05/00:57:37,running-time,rs-005672-wf2fp,17e8c9a9-6f86-4275-ba18-1ad712011108,1,5883.567164
2026/02/05/00:57:37,apply-time,rs-005673-n9kk9,b33db760-c070-43fb-a5bb-e73782e7b933,1,5883.567164
2026/02/05/00:57:37,running-time,rs-005673-n9kk9,b33db760-c070-43fb-a5bb-e73782e7b933,1,5883.567164
2026/02/05/00:57:37,apply-time,rs-005674-6wv42,3c47b817-2754-4812-874c-8db611e56b70,1,5883.567164
2026/02/05/00:57:37,running-time,rs-005674-6wv42,3c47b817-2754-4812-874c-8db611e56b70,1,5883.567164
2026/02/05/00:57:37,apply-time,rs-005675-76jlm,17f96852-537c-4f79-9283-2d1c4bab4c06,1,5883.567164
2026/02/05/00:57:37,apply-time,rs-005675-qwzsl,0c063eee-937e-465d-9d0b-415cf3a1610d,1,5884.567164
2026/02/05/00:57:41,running-time,rs-005675-qwzsl,0c063eee-937e-465d-9d0b-415cf3a1610d,1,5887.567164
2026/02/05/00:57:42,apply-time,rs-005164-482h4,91ac38f1-41f1-4b78-b722-561ebeda5df1,1,5889.567164
2026/02/05/00:57:42,running-time,rs-005164-482h4,91ac38f1-41f1-4b78-b722-561ebeda5df1,1,5889.567164
2026/02/05/00:57:42,running-time,rs-005675-76jlm,17f96852-537c-4f79-9283-2d1c4bab4c06,1,5889.567164
2026/02/05/00:57:42,apply-time,rs-005676-9gp2j,a1498046-e9cb-4437-9f8e-e31434d7ae18,1,5888.567164
2026/02/05/00:57:42,running-time,rs-005676-9gp2j,a1498046-e9cb-4437-9f8e-e31434d7ae18,1,5888.567164
2026/02/05/00:57:42,apply-time,rs-005677-22bvc,5c552850-0219-4086-8bb2-e6fa0b2fabe9,1,5888.567164
2026/02/05/00:57:42,running-time,rs-005677-22bvc,5c552850-0219-4086-8bb2-e6fa0b2fabe9,1,5888.567164
2026/02/05/00:57:42,apply-time,rs-005678-zwhqw,67413073-874e-4393-a509-baf31b5b0c4f,1,5888.567164
2026/02/05/00:57:42,running-time,rs-005678-zwhqw,67413073-874e-4393-a509-baf31b5b0c4f,1,5888.567164
2026/02/05/00:57:42,apply-time,rs-005679-w9b2v,eef405bb-5312-4743-b742-14bb1146a0e9,1,5888.567164
2026/02/05/00:57:42,running-time,rs-005679-w9b2v,eef405bb-5312-4743-b742-14bb1146a0e9,1,5888.567164
2026/02/05/00:57:43,apply-time,rs-005680-5hc9w,99bda2d7-ce47-4810-9ee1-3be376cb40f6,1,5889.567164
2026/02/05/00:57:43,running-time,rs-005680-5hc9w,99bda2d7-ce47-4810-9ee1-3be376cb40f6,1,5889.567164
2026/02/05/00:57:43,apply-time,rs-005680-769hv,244a7dc5-3d81-4651-b30d-430ec8821366,1,5889.567164
2026/02/05/00:57:43,running-time,rs-005680-769hv,244a7dc5-3d81-4651-b30d-430ec8821366,1,5889.567164
2026/02/05/00:57:43,apply-time,rs-005680-c577r,3e599d66-ea99-42e2-ac70-235c9c1a0095,1,5889.567164
2026/02/05/00:57:43,running-time,rs-005680-c577r,3e599d66-ea99-42e2-ac70-235c9c1a0095,1,5889.567164
2026/02/05/00:57:52,apply-time,rs-005681-62tx6,32adc148-d7f4-40b0-89ed-8bf5d6d9d8e3,1,5899.567164
2026/02/05/00:57:52,running-time,rs-005681-62tx6,32adc148-d7f4-40b0-89ed-8bf5d6d9d8e3,1,5899.567164
2026/02/05/00:57:52,apply-time,rs-005682-2rgkk,c4e77af5-ae9f-4126-96ae-1fa29ebfed13,1,5899.567164
2026/02/05/00:57:52,running-time,rs-005682-2rgkk,c4e77af5-ae9f-4126-96ae-1fa29ebfed13,1,5899.567164
2026/02/05/00:57:52,apply-time,rs-005682-4fctp,aa273518-0dd7-414b-a321-d150cc02d52f,1,5899.567164
2026/02/05/00:57:52,running-time,rs-005682-4fctp,aa273518-0dd7-414b-a321-d150cc02d52f,1,5899.567164
2026/02/05/00:57:52,apply-time,rs-005682-7n8l2,6b6cbf7d-172a-4e98-83b5-d64539644535,1,5899.567164
2026/02/05/00:57:52,running-time,rs-005682-7n8l2,6b6cbf7d-172a-4e98-83b5-d64539644535,1,5899.567164
2026/02/05/00:58:00,apply-time,rs-005683-gzfjk,58656558-5f46-4a9e-94d2-9c3bf014e255,1,5906.567164
2026/02/05/00:58:00,running-time,rs-005683-gzfjk,58656558-5f46-4a9e-94d2-9c3bf014e255,1,5906.567164
2026/02/05/00:58:00,apply-time,rs-005683-nx9g2,d8db88b3-8979-4bf9-b686-8f706a7efc2e,1,5906.567164
2026/02/05/00:58:00,running-time,rs-005683-nx9g2,d8db88b3-8979-4bf9-b686-8f706a7efc2e,1,5906.567164
2026/02/05/00:58:01,apply-time,rs-005684-f4xth,f8663422-cb61-415d-9956-8f01d71acc09,1,5907.567164
2026/02/05/00:58:01,running-time,rs-005684-f4xth,f8663422-cb61-415d-9956-8f01d71acc09,1,5907.567164
2026/02/05/00:58:01,apply-time,rs-005684-kzqm9,01ed614e-8ba1-4063-8e16-73b1a30db738,1,5907.567164
2026/02/05/00:58:01,running-time,rs-005684-kzqm9,01ed614e-8ba1-4063-8e16-73b1a30db738,1,5907.567164
2026/02/05/00:58:01,apply-time,rs-005685-9xx2r,27a27935-8e79-45d5-903f-deb3d756420d,1,5907.567164
2026/02/05/00:58:01,running-time,rs-005685-9xx2r,27a27935-8e79-45d5-903f-deb3d756420d,1,5907.567164
2026/02/05/00:58:01,apply-time,rs-005685-dkmn2,137531f0-fdd5-4882-a52f-62a8027157e7,1,5907.567164
2026/02/05/00:58:01,running-time,rs-005685-dkmn2,137531f0-fdd5-4882-a52f-62a8027157e7,1,5907.567164
2026/02/05/00:58:01,apply-time,rs-005685-krvrw,5f7f41b7-6f6e-4d69-b470-e80c1a8faab8,1,5907.567164
2026/02/05/00:58:01,running-time,rs-005685-krvrw,5f7f41b7-6f6e-4d69-b470-e80c1a8faab8,1,5907.567164
2026/02/05/00:58:01,apply-time,rs-005686-57qtq,2701c021-d1e0-4f47-8922-69089b51f133,1,5907.567164
2026/02/05/00:58:01,running-time,rs-005686-57qtq,2701c021-d1e0-4f47-8922-69089b51f133,1,5907.567164
2026/02/05/00:58:01,apply-time,rs-005686-99kgt,4b423ee6-30fe-4359-bae6-83255f85e387,1,5907.567164
2026/02/05/00:58:01,running-time,rs-005686-99kgt,4b423ee6-30fe-4359-bae6-83255f85e387,1,5907.567164
2026/02/05/00:58:01,apply-time,rs-005686-hhcz4,b4d64521-efc4-4873-8159-fe309501cca7,1,5907.567164
2026/02/05/00:58:01,running-time,rs-005686-hhcz4,b4d64521-efc4-4873-8159-fe309501cca7,1,5907.567164
2026/02/05/00:58:01,apply-time,rs-005687-mrns7,d8bff2ae-9a52-4254-a318-d96aef034582,1,5907.567164
2026/02/05/00:58:01,running-time,rs-005687-mrns7,d8bff2ae-9a52-4254-a318-d96aef034582,1,5907.567164
2026/02/05/00:58:01,apply-time,rs-005687-sx662,2aac62af-6177-484d-96b5-869a8b43c015,1,5907.567164
2026/02/05/00:58:01,running-time,rs-005687-sx662,2aac62af-6177-484d-96b5-869a8b43c015,1,5907.567164
2026/02/05/00:58:01,apply-time,rs-005688-hvbpj,fbd8d880-9145-4c7f-af92-b6bdc6f1ab66,1,5908.567164
2026/02/05/00:58:01,running-time,rs-005688-hvbpj,fbd8d880-9145-4c7f-af92-b6bdc6f1ab66,1,5908.567164
2026/02/05/00:58:01,apply-time,rs-005688-sv4cj,688ac864-d9a4-40a6-b10d-8da9a856d5d2,1,5908.567164
2026/02/05/00:58:01,running-time,rs-005688-sv4cj,688ac864-d9a4-40a6-b10d-8da9a856d5d2,1,5908.567164
2026/02/05/00:58:02,apply-time,rs-005689-6x4hp,38b2c804-5124-4498-a490-aecfb55250d4,1,5908.567164
2026/02/05/00:58:02,running-time,rs-005689-6x4hp,38b2c804-5124-4498-a490-aecfb55250d4,1,5908.567164
2026/02/05/00:58:02,apply-time,rs-005689-r62qk,e43f72e4-720d-4ad1-b6d3-1f5e65549a51,1,5908.567164
2026/02/05/00:58:02,running-time,rs-005689-r62qk,e43f72e4-720d-4ad1-b6d3-1f5e65549a51,1,5908.567164
2026/02/05/00:58:02,apply-time,rs-005690-x75bx,2c42bb10-c5ec-40b5-a9cd-01895572e10e,1,5908.567164
2026/02/05/00:58:02,running-time,rs-005690-x75bx,2c42bb10-c5ec-40b5-a9cd-01895572e10e,1,5908.567164
2026/02/05/00:58:04,apply-time,rs-005691-6655m,77a14a89-c1b5-4779-947f-99a5a722ba69,1,5910.567164
2026/02/05/00:58:04,running-time,rs-005691-6655m,77a14a89-c1b5-4779-947f-99a5a722ba69,1,5910.567164
2026/02/05/00:58:04,apply-time,rs-005691-r4h4l,f19c3482-4ff1-445b-b58e-c1ca209810ba,1,5910.567164
2026/02/05/00:58:04,running-time,rs-005691-r4h4l,f19c3482-4ff1-445b-b58e-c1ca209810ba,1,5910.567164
2026/02/05/00:58:04,apply-time,rs-005692-xqz26,9c8c1eda-7f7f-4eed-8128-458b7f900da3,1,5910.567164
2026/02/05/00:58:04,running-time,rs-005692-xqz26,9c8c1eda-7f7f-4eed-8128-458b7f900da3,1,5910.567164
2026/02/05/00:58:04,apply-time,rs-005693-np97j,9f089c39-dd31-4c4f-8f9b-d828a4c8b842,1,5910.567164
2026/02/05/00:58:04,running-time,rs-005693-np97j,9f089c39-dd31-4c4f-8f9b-d828a4c8b842,1,5910.567164
2026/02/05/00:58:04,apply-time,rs-005694-mhqxp,0cdcdd1c-61d9-4ab9-bc56-d3c73aabbc3b,1,5910.567164
2026/02/05/00:58:04,running-time,rs-005694-mhqxp,0cdcdd1c-61d9-4ab9-bc56-d3c73aabbc3b,1,5910.567164
2026/02/05/00:58:04,apply-time,rs-005694-ps964,69c36c75-47db-48a9-b918-9989a32775da,1,5910.567164
2026/02/05/00:58:04,running-time,rs-005694-ps964,69c36c75-47db-48a9-b918-9989a32775da,1,5910.567164
2026/02/05/00:58:04,apply-time,rs-005695-7hf8b,44880b7d-38e6-46f7-bb9a-fecb35f33418,1,5910.567164
2026/02/05/00:58:04,running-time,rs-005695-7hf8b,44880b7d-38e6-46f7-bb9a-fecb35f33418,1,5910.567164
2026/02/05/00:58:04,apply-time,rs-005695-bg6j6,9919a5e1-1ea7-44fa-960d-e5c664e51a86,1,5910.567164
2026/02/05/00:58:04,running-time,rs-005695-bg6j6,9919a5e1-1ea7-44fa-960d-e5c664e51a86,1,5910.567164
2026/02/05/00:58:04,apply-time,rs-005695-tv9tz,8d58c86b-07ce-445f-b10b-46ef9c859300,1,5910.567164
2026/02/05/00:58:04,running-time,rs-005695-tv9tz,8d58c86b-07ce-445f-b10b-46ef9c859300,1,5910.567164
2026/02/05/00:58:04,apply-time,rs-005696-gskw6,fd2d2776-5d5a-45f6-9778-712c9116e683,1,5910.567164
2026/02/05/00:58:04,running-time,rs-005696-gskw6,fd2d2776-5d5a-45f6-9778-712c9116e683,1,5910.567164
2026/02/05/00:58:04,apply-time,rs-005696-kktsj,6a375305-6a3f-4d65-9a46-e2c21761af5e,1,5910.567164
2026/02/05/00:58:04,running-time,rs-005696-kktsj,6a375305-6a3f-4d65-9a46-e2c21761af5e,1,5910.567164
2026/02/05/00:58:04,apply-time,rs-005697-hp6wh,cd7d456c-b6a0-4211-939f-3d7e21fe60ef,1,5911.567164
2026/02/05/00:58:04,running-time,rs-005697-hp6wh,cd7d456c-b6a0-4211-939f-3d7e21fe60ef,1,5911.567164
2026/02/05/00:58:04,apply-time,rs-005698-gxcxw,db35ad16-7312-4ad1-bd77-47c88ecac1a5,1,5911.567164
2026/02/05/00:58:05,running-time,rs-005698-gxcxw,db35ad16-7312-4ad1-bd77-47c88ecac1a5,1,5911.567164
2026/02/05/00:58:05,apply-time,rs-005699-jm2xb,c130488c-7a1b-4de6-9002-f60f2d12da0b,1,5911.567164
2026/02/05/00:58:05,running-time,rs-005699-jm2xb,c130488c-7a1b-4de6-9002-f60f2d12da0b,1,5911.567164
2026/02/05/00:58:05,apply-time,rs-005699-r28t5,5b979f10-d582-48ac-b6df-1a3b578543d0,1,5911.567164
2026/02/05/00:58:05,running-time,rs-005699-r28t5,5b979f10-d582-48ac-b6df-1a3b578543d0,1,5911.567164
2026/02/05/00:58:05,apply-time,rs-005700-mcnz8,84773298-c95d-4891-b853-2b5d26066d01,1,5911.567164
2026/02/05/00:58:05,running-time,rs-005700-mcnz8,84773298-c95d-4891-b853-2b5d26066d01,1,5911.567164
2026/02/05/00:58:05,apply-time,rs-005701-c4k94,a9202e4b-1f0d-452e-9e77-5efebdde232d,1,5911.567164
2026/02/05/00:58:05,apply-time,rs-005701-g24kn,687bef20-dfba-4749-ad28-43c09beb120d,1,5912.567164
2026/02/05/00:58:06,running-time,rs-005701-c4k94,a9202e4b-1f0d-452e-9e77-5efebdde232d,1,5912.567164
2026/02/05/00:58:06,running-time,rs-005701-g24kn,687bef20-dfba-4749-ad28-43c09beb120d,1,5912.567164
2026/02/05/00:58:18,apply-time,rs-005702-2lvgp,75f42f84-5702-4045-83e5-684673b4cd12,1,5924.567164
2026/02/05/00:58:18,running-time,rs-005702-2lvgp,75f42f84-5702-4045-83e5-684673b4cd12,1,5924.567164
2026/02/05/00:58:22,apply-time,rs-005703-qz4bq,411ec806-d49c-4592-8cde-13f00845d888,1,5928.567164
2026/02/05/00:58:22,running-time,rs-005703-qz4bq,411ec806-d49c-4592-8cde-13f00845d888,1,5928.567164
2026/02/05/00:58:23,apply-time,rs-005704-nbtw7,f253db22-4276-4d58-a434-341a96056756,1,5929.567164
2026/02/05/00:58:23,running-time,rs-005704-nbtw7,f253db22-4276-4d58-a434-341a96056756,1,5929.567164
2026/02/05/00:58:23,apply-time,rs-005704-rkdkj,34c035e3-815c-493d-bdd6-306f7b262f74,1,5929.567164
2026/02/05/00:58:23,running-time,rs-005704-rkdkj,34c035e3-815c-493d-bdd6-306f7b262f74,1,5929.567164
2026/02/05/00:58:23,apply-time,rs-005705-kc8nc,49f9f44a-0a3c-49f2-b4c7-af7d110aff9f,1,5929.567164
2026/02/05/00:58:23,running-time,rs-005705-kc8nc,49f9f44a-0a3c-49f2-b4c7-af7d110aff9f,1,5929.567164
2026/02/05/00:58:23,apply-time,rs-005705-tmklq,5bab06f7-c7c4-4670-9174-e4ce397e800e,1,5929.567164
2026/02/05/00:58:23,running-time,rs-005705-tmklq,5bab06f7-c7c4-4670-9174-e4ce397e800e,1,5929.567164
2026/02/05/00:58:23,apply-time,rs-005706-5xns5,a59da692-84d1-44bf-831b-f3e6673f6f0d,1,5929.567164
2026/02/05/00:58:23,running-time,rs-005706-5xns5,a59da692-84d1-44bf-831b-f3e6673f6f0d,1,5930.567164
2026/02/05/00:58:23,apply-time,rs-005706-72w4v,6960b4bd-4748-4b5d-874e-8f6d85160fc7,1,5929.567164
2026/02/05/00:58:23,running-time,rs-005706-72w4v,6960b4bd-4748-4b5d-874e-8f6d85160fc7,1,5930.567164
2026/02/05/00:58:23,apply-time,rs-005706-mp58j,8092e633-b513-4f25-87a8-856fd60cba54,1,5929.567164
2026/02/05/00:58:23,running-time,rs-005706-mp58j,8092e633-b513-4f25-87a8-856fd60cba54,1,5930.567164
2026/02/05/00:58:23,apply-time,rs-005707-dzfr9,d7e54012-e6bc-4fd0-8519-6b8c5aa22caa,1,5930.567164
2026/02/05/00:58:23,running-time,rs-005707-dzfr9,d7e54012-e6bc-4fd0-8519-6b8c5aa22caa,1,5930.567164
2026/02/05/00:58:23,apply-time,rs-005707-mpksb,bc4de0b3-eb8f-4db4-9646-050c50a5c0de,1,5930.567164
2026/02/05/00:58:23,running-time,rs-005707-mpksb,bc4de0b3-eb8f-4db4-9646-050c50a5c0de,1,5930.567164
2026/02/05/00:58:23,apply-time,rs-005708-2sv48,c78e4325-cbaf-4b80-b85f-683cd5e9d774,1,5930.567164
2026/02/05/00:58:23,running-time,rs-005708-2sv48,c78e4325-cbaf-4b80-b85f-683cd5e9d774,1,5930.567164
2026/02/05/00:58:23,apply-time,rs-005708-7z4qn,cf7a1593-54f4-4003-9c3d-ea298c70f28d,1,5930.567164
2026/02/05/00:58:23,running-time,rs-005708-7z4qn,cf7a1593-54f4-4003-9c3d-ea298c70f28d,1,5930.567164
2026/02/05/00:58:23,apply-time,rs-005708-ngbfc,f6781ff1-b051-42e3-ba21-a2f552302886,1,5930.567164
2026/02/05/00:58:23,running-time,rs-005708-ngbfc,f6781ff1-b051-42e3-ba21-a2f552302886,1,5930.567164
2026/02/05/00:58:23,apply-time,rs-005709-vmt2s,e76e566f-74d3-466c-aadd-81609a3dda79,1,5930.567164
2026/02/05/00:58:23,running-time,rs-005709-vmt2s,e76e566f-74d3-466c-aadd-81609a3dda79,1,5930.567164
2026/02/05/00:58:24,apply-time,rs-005710-8d475,cd875985-54ca-4a71-9dce-2634d6c47fcf,1,5930.567164
2026/02/05/00:58:24,running-time,rs-005710-8d475,cd875985-54ca-4a71-9dce-2634d6c47fcf,1,5930.567164
2026/02/05/00:58:24,apply-time,rs-005710-znd52,8eae0560-f333-4a6f-9c39-060a4a7ffdcf,1,5930.567164
2026/02/05/00:58:24,running-time,rs-005710-znd52,8eae0560-f333-4a6f-9c39-060a4a7ffdcf,1,5930.567164
2026/02/05/00:58:24,apply-time,rs-005711-6pkqz,8a5de7dc-82d3-4c50-be51-44f8cd951f63,1,5930.567164
2026/02/05/00:58:24,running-time,rs-005711-6pkqz,8a5de7dc-82d3-4c50-be51-44f8cd951f63,1,5930.567164
2026/02/05/00:58:24,apply-time,rs-005711-962p2,3ef7ef4c-f0c0-4bd9-bc4c-7ec1f21042cf,1,5930.567164
2026/02/05/00:58:24,running-time,rs-005711-962p2,3ef7ef4c-f0c0-4bd9-bc4c-7ec1f21042cf,1,5930.567164
2026/02/05/00:58:24,apply-time,rs-005711-jcrlh,2b4b3e23-5110-434f-987b-86a73bfa0584,1,5930.567164
2026/02/05/00:58:24,running-time,rs-005711-jcrlh,2b4b3e23-5110-434f-987b-86a73bfa0584,1,5930.567164
2026/02/05/00:58:26,apply-time,rs-005712-f59ww,8ef3c792-85db-4567-9825-3827e3488030,1,5933.567164
2026/02/05/00:58:26,running-time,rs-005712-f59ww,8ef3c792-85db-4567-9825-3827e3488030,1,5933.567164
2026/02/05/00:58:26,apply-time,rs-005713-cs7p6,b03295fb-0f6b-4611-a212-893e613b5907,1,5933.567164
2026/02/05/00:58:26,running-time,rs-005713-cs7p6,b03295fb-0f6b-4611-a212-893e613b5907,1,5933.567164
2026/02/05/00:58:26,apply-time,rs-005714-25f5n,4f64c39e-4ff5-4312-99a5-93a7835a1393,1,5933.567164
2026/02/05/00:58:26,running-time,rs-005714-25f5n,4f64c39e-4ff5-4312-99a5-93a7835a1393,1,5933.567164
2026/02/05/00:58:26,apply-time,rs-005714-95vfv,4f5a1798-6b75-4d7a-bb03-e1eefba2968f,1,5933.567164
2026/02/05/00:58:26,running-time,rs-005714-95vfv,4f5a1798-6b75-4d7a-bb03-e1eefba2968f,1,5933.567164
2026/02/05/00:58:26,apply-time,rs-005714-97xzg,932ed167-d56e-4c36-9e13-4df09d1d3d22,1,5933.567164
2026/02/05/00:58:26,running-time,rs-005714-97xzg,932ed167-d56e-4c36-9e13-4df09d1d3d22,1,5933.567164
2026/02/05/00:58:26,apply-time,rs-005715-rkt24,70fa32b5-a83e-4ee5-a7e3-18c7885a065d,1,5933.567164
2026/02/05/00:58:26,running-time,rs-005715-rkt24,70fa32b5-a83e-4ee5-a7e3-18c7885a065d,1,5933.567164
2026/02/05/00:58:36,apply-time,rs-005716-9ql8d,a66a4447-8b73-46e6-9386-a4fd9654192f,1,5942.567164
2026/02/05/00:58:36,running-time,rs-005716-9ql8d,a66a4447-8b73-46e6-9386-a4fd9654192f,1,5942.567164
2026/02/05/00:58:36,apply-time,rs-005716-rvf65,cc3b1d72-07e7-42eb-a6ad-04cd75ce7ada,1,5942.567164
2026/02/05/00:58:36,running-time,rs-005716-rvf65,cc3b1d72-07e7-42eb-a6ad-04cd75ce7ada,1,5942.567164
2026/02/05/00:58:36,apply-time,rs-005716-zmclj,acfcc0d4-a8a2-4d71-be50-17fee87dae14,1,5942.567164
2026/02/05/00:58:36,running-time,rs-005716-zmclj,acfcc0d4-a8a2-4d71-be50-17fee87dae14,1,5942.567164
2026/02/05/00:58:36,apply-time,rs-005717-gc7qg,c6ba33d5-a04f-4592-be93-2a11e9cd06f2,1,5942.567164
2026/02/05/00:58:36,running-time,rs-005717-gc7qg,c6ba33d5-a04f-4592-be93-2a11e9cd06f2,1,5942.567164
2026/02/05/00:58:36,apply-time,rs-005717-zhjbv,e43485ef-0bc8-433f-a24f-49fcbb90b33b,1,5942.567164
2026/02/05/00:58:36,running-time,rs-005717-zhjbv,e43485ef-0bc8-433f-a24f-49fcbb90b33b,1,5942.567164
2026/02/05/00:58:40,apply-time,rs-005718-fwtb9,9d6ac294-8838-41f6-8b8e-d3fd91a5487c,1,5946.567164
2026/02/05/00:58:40,running-time,rs-005718-fwtb9,9d6ac294-8838-41f6-8b8e-d3fd91a5487c,1,5946.567164
2026/02/05/00:58:40,apply-time,rs-005719-7gg9t,a7560143-de4f-4145-b41b-84003012adff,1,5946.567164
2026/02/05/00:58:40,running-time,rs-005719-7gg9t,a7560143-de4f-4145-b41b-84003012adff,1,5946.567164
2026/02/05/00:58:40,apply-time,rs-005719-jtbsw,084dd97d-673b-4521-bcf4-508697d59b51,1,5946.567164
2026/02/05/00:58:40,running-time,rs-005719-jtbsw,084dd97d-673b-4521-bcf4-508697d59b51,1,5946.567164
2026/02/05/00:58:40,apply-time,rs-005720-6s9nt,acb29ff6-b936-439f-8d72-647bc5464978,1,5946.567164
2026/02/05/00:58:40,running-time,rs-005720-6s9nt,acb29ff6-b936-439f-8d72-647bc5464978,1,5946.567164
2026/02/05/00:58:40,apply-time,rs-005720-b5kjz,7d745c14-c57b-49ce-ae80-3720f561768e,1,5946.567164
2026/02/05/00:58:40,running-time,rs-005720-b5kjz,7d745c14-c57b-49ce-ae80-3720f561768e,1,5946.567164
2026/02/05/00:58:41,apply-time,rs-005721-69n4z,373d27c8-da95-4849-8ff7-a2cf02d65637,1,5947.567164
2026/02/05/00:58:41,running-time,rs-005721-69n4z,373d27c8-da95-4849-8ff7-a2cf02d65637,1,5947.567164
2026/02/05/00:58:41,apply-time,rs-005722-kdz6s,eab7ea82-e5d3-47d9-b19c-dc110366f179,1,5947.567164
2026/02/05/00:58:41,running-time,rs-005722-kdz6s,eab7ea82-e5d3-47d9-b19c-dc110366f179,1,5947.567164
2026/02/05/00:58:41,apply-time,rs-005723-6q5vk,d6dc6af3-e3e1-4f2e-b760-24dfb9473f2d,1,5947.567164
2026/02/05/00:58:41,running-time,rs-005723-6q5vk,d6dc6af3-e3e1-4f2e-b760-24dfb9473f2d,1,5947.567164
2026/02/05/00:58:41,apply-time,rs-005724-kmmnb,058d1ab2-8697-4435-9caa-12e168de3e27,1,5947.567164
2026/02/05/00:58:41,running-time,rs-005724-kmmnb,058d1ab2-8697-4435-9caa-12e168de3e27,1,5947.567164
2026/02/05/00:58:41,apply-time,rs-005724-zhjww,dc97259e-0b00-4c6c-898b-5e48450c1434,1,5947.567164
2026/02/05/00:58:41,running-time,rs-005724-zhjww,dc97259e-0b00-4c6c-898b-5e48450c1434,1,5947.567164
2026/02/05/00:58:44,apply-time,rs-005725-j6jh5,eb98dacb-8086-4d5c-8866-0a32c4edf45d,1,5950.567164
2026/02/05/00:58:44,running-time,rs-005725-j6jh5,eb98dacb-8086-4d5c-8866-0a32c4edf45d,1,5950.567164
2026/02/05/00:58:46,apply-time,rs-005726-g72cj,27e6a661-a3f1-40fa-a3b9-285c47a7a9fa,1,5952.567164
2026/02/05/00:58:46,running-time,rs-005726-g72cj,27e6a661-a3f1-40fa-a3b9-285c47a7a9fa,1,5952.567164
2026/02/05/00:58:46,apply-time,rs-005726-pttfb,f0b90a30-8168-45dc-a752-21bc76a846eb,1,5952.567164
2026/02/05/00:58:46,running-time,rs-005726-pttfb,f0b90a30-8168-45dc-a752-21bc76a846eb,1,5952.567164
2026/02/05/00:58:46,apply-time,rs-005727-nhmdj,864c9a56-fa33-4c67-8be2-e6cfa0cf75d7,1,5952.567164
2026/02/05/00:58:46,running-time,rs-005727-nhmdj,864c9a56-fa33-4c67-8be2-e6cfa0cf75d7,1,5952.567164
2026/02/05/00:58:46,apply-time,rs-005727-qrls9,cd24d2a6-aee4-4ee8-823b-a2b362f5aae4,1,5952.567164
2026/02/05/00:58:46,running-time,rs-005727-qrls9,cd24d2a6-aee4-4ee8-823b-a2b362f5aae4,1,5952.567164
2026/02/05/00:58:46,apply-time,rs-005728-m954w,7ecb6e13-3785-4b18-b6ac-4c3d0080f360,1,5952.567164
2026/02/05/00:58:46,running-time,rs-005728-m954w,7ecb6e13-3785-4b18-b6ac-4c3d0080f360,1,5952.567164
2026/02/05/00:58:46,apply-time,rs-005729-6kczm,3eda9732-c547-4c1a-804a-de9fa812337e,1,5952.567164
2026/02/05/00:58:46,running-time,rs-005729-6kczm,3eda9732-c547-4c1a-804a-de9fa812337e,1,5952.567164
2026/02/05/00:58:46,apply-time,rs-005729-lr7wr,c4315734-a0d4-495b-b0a2-ae2d6b1e9aba,1,5952.567164
2026/02/05/00:58:46,running-time,rs-005729-lr7wr,c4315734-a0d4-495b-b0a2-ae2d6b1e9aba,1,5952.567164
2026/02/05/00:58:46,apply-time,rs-005729-sx6qh,204e6e4c-15e8-461f-8fab-6f6ed5c57922,1,5952.567164
2026/02/05/00:58:46,running-time,rs-005729-sx6qh,204e6e4c-15e8-461f-8fab-6f6ed5c57922,1,5952.567164
2026/02/05/00:58:46,apply-time,rs-005730-9vkxm,9d21ce48-e46d-48d1-9f95-a633de8e7c2b,1,5953.567164
2026/02/05/00:58:46,running-time,rs-005730-9vkxm,9d21ce48-e46d-48d1-9f95-a633de8e7c2b,1,5953.567164
2026/02/05/00:58:46,apply-time,rs-005731-9nfjd,62cf9ebb-b949-488d-aa61-69d56797f5c6,1,5953.567164
2026/02/05/00:58:46,running-time,rs-005731-9nfjd,62cf9ebb-b949-488d-aa61-69d56797f5c6,1,5953.567164
2026/02/05/00:58:46,apply-time,rs-005732-46vwg,1eb51d5f-8f16-46c7-ab5d-15be10984e51,1,5953.567164
2026/02/05/00:58:46,running-time,rs-005732-46vwg,1eb51d5f-8f16-46c7-ab5d-15be10984e51,1,5953.567164
2026/02/05/00:58:47,apply-time,rs-005731-fvfzb,7fddf80b-fac5-4d5b-9949-4c137d78bed1,1,5953.567164
2026/02/05/00:58:47,running-time,rs-005731-fvfzb,7fddf80b-fac5-4d5b-9949-4c137d78bed1,1,5953.567164
2026/02/05/00:58:47,apply-time,rs-005732-nh8lh,175e99d0-c822-4a23-8fa9-33dfd3bf227f,1,5953.567164
2026/02/05/00:58:47,running-time,rs-005732-nh8lh,175e99d0-c822-4a23-8fa9-33dfd3bf227f,1,5953.567164
2026/02/05/00:58:47,apply-time,rs-005733-8wzcr,6f7f3ca6-bf0e-44c5-a3a9-4fd9ea04c584,1,5953.567164
2026/02/05/00:58:47,running-time,rs-005733-8wzcr,6f7f3ca6-bf0e-44c5-a3a9-4fd9ea04c584,1,5953.567164
2026/02/05/00:58:47,apply-time,rs-005733-k4zph,ba212942-e140-4fe3-b833-5083c7a11d50,1,5954.567164
2026/02/05/00:58:47,running-time,rs-005733-k4zph,ba212942-e140-4fe3-b833-5083c7a11d50,1,5954.567164
2026/02/05/00:58:47,apply-time,rs-005734-s69n2,06b84671-74bf-4ac8-8edf-5d3173783e46,1,5953.567164
2026/02/05/00:58:47,running-time,rs-005734-s69n2,06b84671-74bf-4ac8-8edf-5d3173783e46,1,5953.567164
2026/02/05/00:58:47,apply-time,rs-005734-stt7j,970255b5-265f-4b91-9552-0df864fba667,1,5954.567164
2026/02/05/00:58:47,running-time,rs-005734-stt7j,970255b5-265f-4b91-9552-0df864fba667,1,5954.567164
2026/02/05/00:58:47,apply-time,rs-005735-2hz8v,8bff6f2a-1d50-46e4-aae7-e0ee03d62d01,1,5954.567164
2026/02/05/00:58:47,running-time,rs-005735-2hz8v,8bff6f2a-1d50-46e4-aae7-e0ee03d62d01,1,5954.567164
2026/02/05/00:58:47,apply-time,rs-005735-plfll,94ac9f30-5546-4e5d-a764-46529cc90b57,1,5953.567164
2026/02/05/00:58:47,running-time,rs-005735-plfll,94ac9f30-5546-4e5d-a764-46529cc90b57,1,5953.567164
2026/02/05/00:58:47,apply-time,rs-005735-vmtnf,c7070dad-9643-4ea6-ade7-eaae27c197f3,1,5954.567164
2026/02/05/00:58:47,running-time,rs-005735-vmtnf,c7070dad-9643-4ea6-ade7-eaae27c197f3,1,5954.567164
2026/02/05/00:58:47,apply-time,rs-005736-6lx5f,9b7440a8-f8c3-4cda-b70d-1c156760ca8c,1,5953.567164
2026/02/05/00:58:47,running-time,rs-005736-6lx5f,9b7440a8-f8c3-4cda-b70d-1c156760ca8c,1,5954.567164
2026/02/05/00:58:47,apply-time,rs-005737-9lhk5,b5cfadb0-e59b-4268-a53d-0604a23e5db8,1,5954.567164
2026/02/05/00:58:47,running-time,rs-005737-9lhk5,b5cfadb0-e59b-4268-a53d-0604a23e5db8,1,5954.567164
2026/02/05/00:58:48,apply-time,rs-005736-tzjp2,4b72761a-0ff5-4a3e-9ba5-6f1c7fb543df,1,5954.567164
2026/02/05/00:58:48,running-time,rs-005736-tzjp2,4b72761a-0ff5-4a3e-9ba5-6f1c7fb543df,1,5954.567164
2026/02/05/00:58:48,apply-time,rs-005738-wrvvw,6eb190c3-ecaa-406b-a54f-55e7df53fce1,1,5954.567164
2026/02/05/00:58:48,running-time,rs-005738-wrvvw,6eb190c3-ecaa-406b-a54f-55e7df53fce1,1,5954.567164
2026/02/05/00:58:48,apply-time,rs-005739-gndzl,249f93bb-dc41-45e8-8f25-d2033fa37d5a,1,5954.567164
2026/02/05/00:58:48,running-time,rs-005739-gndzl,249f93bb-dc41-45e8-8f25-d2033fa37d5a,1,5954.567164
2026/02/05/00:58:48,apply-time,rs-005740-bhrtx,60020327-5822-4246-a079-fdf8ba7c2a10,1,5954.567164
2026/02/05/00:58:48,apply-time,rs-005740-gn4hc,1488cd55-5ef9-4597-add5-c227458180ab,1,5955.567164
2026/02/05/00:58:48,apply-time,rs-005741-82gb4,8a4019cb-a040-45c8-9f5a-777f01e9070b,1,5955.567164
2026/02/05/00:58:48,running-time,rs-005741-82gb4,8a4019cb-a040-45c8-9f5a-777f01e9070b,1,5955.567164
2026/02/05/00:58:48,apply-time,rs-005741-jw6d6,a0b31dda-4890-4301-aefd-ebd6da1cd473,1,5954.567164
2026/02/05/00:58:48,running-time,rs-005741-jw6d6,a0b31dda-4890-4301-aefd-ebd6da1cd473,1,5954.567164
2026/02/05/00:58:48,apply-time,rs-005741-vwttf,564d454d-8b26-4570-8e0f-aca073cc9cae,1,5955.567164
2026/02/05/00:58:48,running-time,rs-005741-vwttf,564d454d-8b26-4570-8e0f-aca073cc9cae,1,5955.567164
2026/02/05/00:58:48,apply-time,rs-005742-cs6h9,f24f1fe3-7f38-4de9-9b8c-bb7b3d37aed6,1,5954.567164
2026/02/05/00:58:48,running-time,rs-005742-cs6h9,f24f1fe3-7f38-4de9-9b8c-bb7b3d37aed6,1,5954.567164
2026/02/05/00:58:49,apply-time,rs-005743-822fz,51ce8f70-af5a-4028-88b1-d72643c0ad4b,1,5955.567164
2026/02/05/00:58:49,running-time,rs-005743-822fz,51ce8f70-af5a-4028-88b1-d72643c0ad4b,1,5955.567164
2026/02/05/00:58:49,apply-time,rs-005743-sc4c4,3a089d33-200f-4774-8326-31052907ac90,1,5955.567164
2026/02/05/00:58:49,running-time,rs-005743-sc4c4,3a089d33-200f-4774-8326-31052907ac90,1,5955.567164
2026/02/05/00:58:49,apply-time,rs-005744-8zjcn,2944545a-7200-4164-aa38-bd689fe5f300,1,5955.567164
2026/02/05/00:58:49,running-time,rs-005744-8zjcn,2944545a-7200-4164-aa38-bd689fe5f300,1,5956.567164
2026/02/05/00:58:49,apply-time,rs-005744-kckpr,5cd1b170-cfe4-4b43-a5c0-b755c0f60e74,1,5955.567164
2026/02/05/00:58:49,running-time,rs-005744-kckpr,5cd1b170-cfe4-4b43-a5c0-b755c0f60e74,1,5955.567164
2026/02/05/00:58:50,apply-time,rs-005745-6wnzh,a5c5c995-253a-4409-a054-b542053a9708,1,5956.567164
2026/02/05/00:58:50,apply-time,rs-005745-kjlv5,468a71b9-5a03-4ff5-b45b-ed246af24432,1,5956.567164
2026/02/05/00:58:50,running-time,rs-005745-kjlv5,468a71b9-5a03-4ff5-b45b-ed246af24432,1,5956.567164
2026/02/05/00:58:50,apply-time,rs-005745-wsnnx,3ff732df-bd0f-4fe3-bad7-b660f1db479f,1,5956.567164
2026/02/05/00:58:52,running-time,rs-005740-gn4hc,1488cd55-5ef9-4597-add5-c227458180ab,1,5959.567164
2026/02/05/00:58:52,apply-time,rs-005746-k2bj4,23c86e1b-bb32-45ef-b766-53350853d296,1,5959.567164
2026/02/05/00:58:52,running-time,rs-005746-k2bj4,23c86e1b-bb32-45ef-b766-53350853d296,1,5959.567164
2026/02/05/00:58:52,apply-time,rs-005746-nnffd,9f15f9f4-8509-4724-8ca5-64945389246e,1,5959.567164
2026/02/05/00:58:52,running-time,rs-005746-nnffd,9f15f9f4-8509-4724-8ca5-64945389246e,1,5959.567164
2026/02/05/00:58:52,apply-time,rs-005746-rz7kr,8af08f88-942e-4c89-88cc-3ab0270ddcf4,1,5959.567164
2026/02/05/00:58:52,running-time,rs-005746-rz7kr,8af08f88-942e-4c89-88cc-3ab0270ddcf4,1,5959.567164
2026/02/05/00:58:52,apply-time,rs-005747-cxjx8,79bcd791-1662-4561-8e83-35f9a50377ec,1,5959.567164
2026/02/05/00:58:52,running-time,rs-005747-cxjx8,79bcd791-1662-4561-8e83-35f9a50377ec,1,5959.567164
2026/02/05/00:58:53,running-time,rs-005740-bhrtx,60020327-5822-4246-a079-fdf8ba7c2a10,1,5960.567164
2026/02/05/00:58:56,apply-time,rs-005748-d7xcg,3ada37e2-6862-4038-bf0e-587a96812c98,1,5962.567164
2026/02/05/00:58:56,running-time,rs-005748-d7xcg,3ada37e2-6862-4038-bf0e-587a96812c98,1,5962.567164
2026/02/05/00:58:56,apply-time,rs-005748-jzgcm,ec982ca5-0c69-4132-a23e-245c180bad57,1,5962.567164
2026/02/05/00:58:56,running-time,rs-005748-jzgcm,ec982ca5-0c69-4132-a23e-245c180bad57,1,5962.567164
2026/02/05/00:58:56,apply-time,rs-005748-q52sp,7eae0b78-03c8-4ee0-b208-68708c4313f7,1,5962.567164
2026/02/05/00:58:56,running-time,rs-005748-q52sp,7eae0b78-03c8-4ee0-b208-68708c4313f7,1,5962.567164
2026/02/05/00:58:56,apply-time,rs-005749-hv724,0b913f0e-9c6f-4391-915f-ce27bea0919b,1,5963.567164
2026/02/05/00:58:56,running-time,rs-005749-hv724,0b913f0e-9c6f-4391-915f-ce27bea0919b,1,5963.567164
2026/02/05/00:59:02,apply-time,rs-005750-fs28h,dcddf67b-ca59-4acc-a0b2-782b7e4aecca,1,5968.567164
2026/02/05/00:59:02,running-time,rs-005750-fs28h,dcddf67b-ca59-4acc-a0b2-782b7e4aecca,1,5968.567164
2026/02/05/00:59:02,apply-time,rs-005750-x45g2,6ddaa4cb-4dfe-4a28-bc2c-0a745ee2b258,1,5968.567164
2026/02/05/00:59:02,running-time,rs-005750-x45g2,6ddaa4cb-4dfe-4a28-bc2c-0a745ee2b258,1,5968.567164
2026/02/05/00:59:02,apply-time,rs-005751-9q22d,bfc6ba9c-4958-4c10-9acf-2f575cab4756,1,5968.567164
2026/02/05/00:59:02,running-time,rs-005751-9q22d,bfc6ba9c-4958-4c10-9acf-2f575cab4756,1,5968.567164
2026/02/05/00:59:02,apply-time,rs-005751-hjp4r,36467b2e-2398-4cc4-ba13-7d0c05ad7553,1,5968.567164
2026/02/05/00:59:02,running-time,rs-005751-hjp4r,36467b2e-2398-4cc4-ba13-7d0c05ad7553,1,5968.567164
2026/02/05/00:59:02,apply-time,rs-005752-42sng,f2d17b73-4141-4903-b210-7ccbee412915,1,5968.567164
2026/02/05/00:59:02,running-time,rs-005752-42sng,f2d17b73-4141-4903-b210-7ccbee412915,1,5968.567164
2026/02/05/00:59:02,apply-time,rs-005752-czsn9,3ac19a6e-9e7a-4418-bd2c-f462c24a3c67,1,5968.567164
2026/02/05/00:59:02,running-time,rs-005752-czsn9,3ac19a6e-9e7a-4418-bd2c-f462c24a3c67,1,5968.567164
2026/02/05/00:59:02,apply-time,rs-005752-kjxxw,0c933112-6609-4903-9d86-02545c654cae,1,5968.567164
2026/02/05/00:59:02,running-time,rs-005752-kjxxw,0c933112-6609-4903-9d86-02545c654cae,1,5968.567164
2026/02/05/00:59:02,apply-time,rs-005753-j4fb2,1c358c5e-0c72-40ab-b5fc-a7e3ae6635ed,1,5968.567164
2026/02/05/00:59:02,running-time,rs-005753-j4fb2,1c358c5e-0c72-40ab-b5fc-a7e3ae6635ed,1,5968.567164
2026/02/05/00:59:02,apply-time,rs-005754-6wbgp,e77c7090-7170-4178-b847-7e61a421e513,1,5968.567164
2026/02/05/00:59:02,running-time,rs-005754-6wbgp,e77c7090-7170-4178-b847-7e61a421e513,1,5968.567164
2026/02/05/00:59:02,apply-time,rs-005754-l6mqn,fad6a556-065e-4c15-a184-1ac6f4097631,1,5968.567164
2026/02/05/00:59:02,running-time,rs-005754-l6mqn,fad6a556-065e-4c15-a184-1ac6f4097631,1,5968.567164
2026/02/05/00:59:02,apply-time,rs-005755-hrl86,4c3ebdd8-d5fb-439c-961e-c32844144d0d,1,5969.567164
2026/02/05/00:59:02,running-time,rs-005755-hrl86,4c3ebdd8-d5fb-439c-961e-c32844144d0d,1,5969.567164
2026/02/05/00:59:03,apply-time,rs-005756-g5mt4,27e7ff26-5e14-4316-ba7f-d5718604c65b,1,5969.567164
2026/02/05/00:59:03,running-time,rs-005756-g5mt4,27e7ff26-5e14-4316-ba7f-d5718604c65b,1,5969.567164
2026/02/05/00:59:03,apply-time,rs-005757-d2hwm,2147a5bf-208c-475a-a2e5-b3574a3a7569,1,5969.567164
2026/02/05/00:59:03,running-time,rs-005757-d2hwm,2147a5bf-208c-475a-a2e5-b3574a3a7569,1,5969.567164
2026/02/05/00:59:13,apply-time,rs-005758-hhshg,b646ba2f-b07a-4a7f-8433-459bca74b44d,1,5980.567164
2026/02/05/00:59:13,running-time,rs-005758-hhshg,b646ba2f-b07a-4a7f-8433-459bca74b44d,1,5980.567164
2026/02/05/00:59:13,apply-time,rs-005758-tf69q,1ae34210-18ac-4105-a2f6-cf6cdce95c43,1,5980.567164
2026/02/05/00:59:13,running-time,rs-005758-tf69q,1ae34210-18ac-4105-a2f6-cf6cdce95c43,1,5980.567164
2026/02/05/00:59:13,apply-time,rs-005759-hnpzz,18d40702-6f1c-4086-aca5-6b2335ea937e,1,5980.567164
2026/02/05/00:59:14,running-time,rs-005759-hnpzz,18d40702-6f1c-4086-aca5-6b2335ea937e,1,5980.567164
2026/02/05/00:59:14,apply-time,rs-005760-dlcsz,fe90ed03-7e58-44ff-8154-fd6266011b9e,1,5980.567164
2026/02/05/00:59:14,running-time,rs-005760-dlcsz,fe90ed03-7e58-44ff-8154-fd6266011b9e,1,5980.567164
2026/02/05/00:59:14,apply-time,rs-005760-pfm4k,13e06f04-a72e-4695-bd23-f4515d2e77c3,1,5980.567164
2026/02/05/00:59:14,running-time,rs-005760-pfm4k,13e06f04-a72e-4695-bd23-f4515d2e77c3,1,5980.567164
2026/02/05/00:59:14,apply-time,rs-005760-wffjk,80c7609a-b562-402c-a068-768849767ae3,1,5980.567164
2026/02/05/00:59:14,running-time,rs-005760-wffjk,80c7609a-b562-402c-a068-768849767ae3,1,5980.567164
2026/02/05/00:59:14,apply-time,rs-005761-cnm87,a464527f-97c2-4741-88a4-5372935782ad,1,5980.567164
2026/02/05/00:59:14,running-time,rs-005761-cnm87,a464527f-97c2-4741-88a4-5372935782ad,1,5980.567164
2026/02/05/00:59:14,apply-time,rs-005762-brszq,bb25912b-1937-40d5-8261-de8e3e99e69b,1,5980.567164
2026/02/05/00:59:14,running-time,rs-005762-brszq,bb25912b-1937-40d5-8261-de8e3e99e69b,1,5980.567164
2026/02/05/00:59:14,apply-time,rs-005763-cfmgd,21ab5dcb-a094-473a-aed7-5fbe74613c4b,1,5980.567164
2026/02/05/00:59:14,running-time,rs-005763-cfmgd,21ab5dcb-a094-473a-aed7-5fbe74613c4b,1,5980.567164
2026/02/05/00:59:14,apply-time,rs-005764-xdndx,e04e2a60-7fa3-46b3-808d-5263e5577951,1,5980.567164
2026/02/05/00:59:14,running-time,rs-005764-xdndx,e04e2a60-7fa3-46b3-808d-5263e5577951,1,5980.567164
2026/02/05/00:59:14,apply-time,rs-005765-b2xdm,e03133c4-dc12-4d91-9e99-f5d5b46f4139,1,5980.567164
2026/02/05/00:59:14,running-time,rs-005765-b2xdm,e03133c4-dc12-4d91-9e99-f5d5b46f4139,1,5980.567164
2026/02/05/00:59:14,apply-time,rs-005765-gjttb,802f62e9-4e6d-402e-bab5-ec9c88a72306,1,5981.567164
2026/02/05/00:59:14,running-time,rs-005765-gjttb,802f62e9-4e6d-402e-bab5-ec9c88a72306,1,5981.567164
2026/02/05/00:59:14,apply-time,rs-005766-pf65h,121a9a83-456b-400a-8aa1-8b690f6b88d7,1,5980.567164
2026/02/05/00:59:14,running-time,rs-005766-pf65h,121a9a83-456b-400a-8aa1-8b690f6b88d7,1,5980.567164
2026/02/05/00:59:14,apply-time,rs-005766-pfmf4,fcdb5188-666e-4a90-b39c-4181edaaa27e,1,5981.567164
2026/02/05/00:59:14,running-time,rs-005766-pfmf4,fcdb5188-666e-4a90-b39c-4181edaaa27e,1,5981.567164
2026/02/05/00:59:14,apply-time,rs-005767-h9rg4,16cb32eb-5fb7-48b1-8508-c9024725f2e3,1,5981.567164
2026/02/05/00:59:14,running-time,rs-005767-h9rg4,16cb32eb-5fb7-48b1-8508-c9024725f2e3,1,5981.567164
2026/02/05/00:59:14,apply-time,rs-005768-mfsrh,fcb234bc-3db2-4b08-a60f-59cf03062cc5,1,5981.567164
2026/02/05/00:59:14,running-time,rs-005768-mfsrh,fcb234bc-3db2-4b08-a60f-59cf03062cc5,1,5981.567164
2026/02/05/00:59:14,apply-time,rs-005771-6zdwh,da2f139a-a3fa-4530-a3ea-29c11520a724,1,5981.567164
2026/02/05/00:59:15,apply-time,rs-005769-z7spz,c6bdcd1f-4f60-4ab9-b7cf-b3bd95344a4d,1,5981.567164
2026/02/05/00:59:15,running-time,rs-005769-z7spz,c6bdcd1f-4f60-4ab9-b7cf-b3bd95344a4d,1,5981.567164
2026/02/05/00:59:15,apply-time,rs-005770-fz6fx,c936b890-a6c8-406c-929f-67ffb79533c5,1,5982.567164
2026/02/05/00:59:15,apply-time,rs-005770-zcswk,79ea3fd5-0185-4547-92db-3e139935e68e,1,5981.567164
2026/02/05/00:59:15,running-time,rs-005771-6zdwh,da2f139a-a3fa-4530-a3ea-29c11520a724,1,5981.567164
2026/02/05/00:59:15,apply-time,rs-005771-97dn8,391f4131-945b-482a-bffc-2fd43e17e512,1,5981.567164
2026/02/05/00:59:15,running-time,rs-005771-97dn8,391f4131-945b-482a-bffc-2fd43e17e512,1,5981.567164
2026/02/05/00:59:15,apply-time,rs-005772-5hh8t,eae919e7-8c09-43d3-b7a5-830b488ee3b7,1,5981.567164
2026/02/05/00:59:15,running-time,rs-005772-5hh8t,eae919e7-8c09-43d3-b7a5-830b488ee3b7,1,5981.567164
2026/02/05/00:59:15,apply-time,rs-005773-xvh2c,a8ccc8b5-4ac4-4f68-8d10-81187120f2ed,1,5982.567164
2026/02/05/00:59:15,apply-time,rs-005774-tdbjv,651bf239-11ea-4730-aa09-9aaf51cb11ae,1,5982.567164
2026/02/05/00:59:15,apply-time,rs-005775-w68jw,2527ae0c-c9a9-4ac1-ad70-ae43e16241cc,1,5982.567164
2026/02/05/00:59:15,running-time,rs-005775-w68jw,2527ae0c-c9a9-4ac1-ad70-ae43e16241cc,1,5982.567164
2026/02/05/00:59:16,running-time,rs-005770-fz6fx,c936b890-a6c8-406c-929f-67ffb79533c5,1,5982.567164
2026/02/05/00:59:16,running-time,rs-005770-zcswk,79ea3fd5-0185-4547-92db-3e139935e68e,1,5982.567164
2026/02/05/00:59:16,running-time,rs-005773-xvh2c,a8ccc8b5-4ac4-4f68-8d10-81187120f2ed,1,5982.567164
2026/02/05/00:59:16,running-time,rs-005774-tdbjv,651bf239-11ea-4730-aa09-9aaf51cb11ae,1,5982.567164
2026/02/05/00:59:16,apply-time,rs-005775-7rtgl,59b3d59d-1084-4e40-a388-813634f29e83,1,5982.567164
2026/02/05/00:59:16,running-time,rs-005775-7rtgl,59b3d59d-1084-4e40-a388-813634f29e83,1,5982.567164
2026/02/05/00:59:16,apply-time,rs-005776-dnwwd,cd1ef4f5-443e-454a-b50e-8ca1828acbce,1,5983.567164
2026/02/05/00:59:16,running-time,rs-005776-dnwwd,cd1ef4f5-443e-454a-b50e-8ca1828acbce,1,5983.567164
2026/02/05/00:59:16,apply-time,rs-005776-qmpk5,4b97225e-d16a-4151-a782-980ff510f37e,1,5983.567164
2026/02/05/00:59:16,running-time,rs-005776-qmpk5,4b97225e-d16a-4151-a782-980ff510f37e,1,5983.567164
2026/02/05/00:59:16,apply-time,rs-005776-trwrl,59423f9d-abe2-4118-8402-aa2bc64a2909,1,5982.567164
2026/02/05/00:59:16,running-time,rs-005776-trwrl,59423f9d-abe2-4118-8402-aa2bc64a2909,1,5982.567164
2026/02/05/00:59:16,apply-time,rs-005778-m5rf4,edc0cdf6-6294-4354-800b-4e72fe4f2a61,1,5982.567164
2026/02/05/00:59:16,running-time,rs-005778-m5rf4,edc0cdf6-6294-4354-800b-4e72fe4f2a61,1,5982.567164
2026/02/05/00:59:27,apply-time,rs-005779-pcg7g,538fdcfe-ac70-4cb0-a32b-48802b4273aa,1,5993.567164
2026/02/05/00:59:27,running-time,rs-005779-pcg7g,538fdcfe-ac70-4cb0-a32b-48802b4273aa,1,5993.567164
2026/02/05/00:59:27,apply-time,rs-005779-r5chw,9a316992-11ab-40af-8c53-da0d5244436b,1,5993.567164
2026/02/05/00:59:27,running-time,rs-005779-r5chw,9a316992-11ab-40af-8c53-da0d5244436b,1,5993.567164
2026/02/05/00:59:27,apply-time,rs-005779-tlr64,0f845df4-194a-4c39-bb87-0ce614ea0f50,1,5993.567164
2026/02/05/00:59:27,running-time,rs-005779-tlr64,0f845df4-194a-4c39-bb87-0ce614ea0f50,1,5993.567164
2026/02/05/00:59:27,apply-time,rs-005780-fhtnk,79d09519-8395-4c58-ac67-48833bbe1011,1,5994.567164
2026/02/05/00:59:27,running-time,rs-005780-fhtnk,79d09519-8395-4c58-ac67-48833bbe1011,1,5994.567164
2026/02/05/00:59:27,apply-time,rs-005781-bff4z,33f6a508-3250-4168-ab12-1a0e0f624059,1,5994.567164
2026/02/05/00:59:27,running-time,rs-005781-bff4z,33f6a508-3250-4168-ab12-1a0e0f624059,1,5994.567164
2026/02/05/00:59:27,apply-time,rs-005781-tszxf,f3c75e0d-5b38-49f6-9fea-6ae76b0282d8,1,5994.567164
2026/02/05/00:59:27,running-time,rs-005781-tszxf,f3c75e0d-5b38-49f6-9fea-6ae76b0282d8,1,5994.567164
2026/02/05/00:59:28,apply-time,rs-005782-7jp8m,0d7a53ff-5730-4efe-a0ad-81bd40144da1,1,5995.567164
2026/02/05/00:59:28,running-time,rs-005782-7jp8m,0d7a53ff-5730-4efe-a0ad-81bd40144da1,1,5995.567164
2026/02/05/00:59:29,apply-time,rs-005783-nrw65,6e17c851-e34e-4a91-86f5-b3c3a5ae4c1d,1,5995.567164
2026/02/05/00:59:29,running-time,rs-005783-nrw65,6e17c851-e34e-4a91-86f5-b3c3a5ae4c1d,1,5995.567164
2026/02/05/00:59:29,apply-time,rs-005783-wwllr,77feef44-3dd5-4b88-bec7-7bda34227528,1,5995.567164
2026/02/05/00:59:29,running-time,rs-005783-wwllr,77feef44-3dd5-4b88-bec7-7bda34227528,1,5995.567164
2026/02/05/00:59:29,apply-time,rs-005784-nhx47,baeed5ac-4524-4129-94db-1b62e6695f04,1,5995.567164
2026/02/05/00:59:29,apply-time,rs-005784-tvl57,d77deedb-3023-459b-aad0-304a2c432c4b,1,5995.567164
2026/02/05/00:59:29,apply-time,rs-005785-8kwzj,38a982fd-569c-4075-ace2-4cca89eb8a56,1,5995.567164
2026/02/05/00:59:29,running-time,rs-005785-8kwzj,38a982fd-569c-4075-ace2-4cca89eb8a56,1,5995.567164
2026/02/05/00:59:29,apply-time,rs-005785-cd226,d07c8e33-c426-44e9-bad3-f7aa33640888,1,5995.567164
2026/02/05/00:59:29,running-time,rs-005785-cd226,d07c8e33-c426-44e9-bad3-f7aa33640888,1,5995.567164
2026/02/05/00:59:29,apply-time,rs-005785-md7bg,0bb4bb42-7b58-442a-8b99-e252c6d09af3,1,5995.567164
2026/02/05/00:59:29,running-time,rs-005785-md7bg,0bb4bb42-7b58-442a-8b99-e252c6d09af3,1,5995.567164
2026/02/05/00:59:29,apply-time,rs-005786-c2ths,e8d8e380-885e-4361-9062-57fde27ab5b9,1,5995.567164
2026/02/05/00:59:29,running-time,rs-005786-c2ths,e8d8e380-885e-4361-9062-57fde27ab5b9,1,5995.567164
2026/02/05/00:59:29,apply-time,rs-005786-lgndz,430438b5-e6d9-4a79-9e89-00f90d1f4dc9,1,5995.567164
2026/02/05/00:59:29,running-time,rs-005786-lgndz,430438b5-e6d9-4a79-9e89-00f90d1f4dc9,1,5995.567164
2026/02/05/00:59:29,apply-time,rs-005786-vhvc9,d50d6d6e-db8c-4a18-80e5-679a3dcf6843,1,5995.567164
2026/02/05/00:59:29,running-time,rs-005786-vhvc9,d50d6d6e-db8c-4a18-80e5-679a3dcf6843,1,5995.567164
2026/02/05/00:59:29,apply-time,rs-005787-2ckp4,de337324-6127-4242-a8a7-e73250703310,1,5995.567164
2026/02/05/00:59:29,apply-time,rs-005787-c2xkj,d15f8f22-103e-44ed-aca5-c400d118a515,1,5995.567164
2026/02/05/00:59:29,apply-time,rs-005787-p7rm6,3ea1fce5-1fa9-4090-8f68-92b74cd4e8bf,1,5995.567164
2026/02/05/00:59:29,apply-time,rs-005788-dhr6h,633f4307-5dd4-4b2d-8316-293e6a87aa74,1,5995.567164
2026/02/05/00:59:29,running-time,rs-005788-dhr6h,633f4307-5dd4-4b2d-8316-293e6a87aa74,1,5995.567164
2026/02/05/00:59:29,apply-time,rs-005788-mf845,ee2a2c46-9a1e-460e-911b-2d5615157a4b,1,5995.567164
2026/02/05/00:59:29,running-time,rs-005788-mf845,ee2a2c46-9a1e-460e-911b-2d5615157a4b,1,5995.567164
2026/02/05/00:59:29,apply-time,rs-005788-t5q8k,83f30a6d-e3b1-49b6-95b2-d7bef062f086,1,5995.567164
2026/02/05/00:59:29,running-time,rs-005788-t5q8k,83f30a6d-e3b1-49b6-95b2-d7bef062f086,1,5995.567164
2026/02/05/00:59:30,apply-time,rs-005789-knqxc,7148fe99-abc0-4a09-89cc-1cd1bde7f78a,1,5996.567164
2026/02/05/00:59:30,apply-time,rs-005789-w9jz9,8ed8d704-03b0-4b83-afd0-3a3546873099,1,5996.567164
2026/02/05/00:59:30,apply-time,rs-005790-pk57m,6c5c2c1d-333a-4b50-9471-b07cdda70aee,1,5996.567164
2026/02/05/00:59:30,running-time,rs-005790-pk57m,6c5c2c1d-333a-4b50-9471-b07cdda70aee,1,5996.567164
2026/02/05/00:59:30,apply-time,rs-005791-5p79c,27cb1214-886f-49d4-bf8c-3e5948880c05,1,5997.567164
2026/02/05/00:59:30,running-time,rs-005791-5p79c,27cb1214-886f-49d4-bf8c-3e5948880c05,1,5997.567164
2026/02/05/00:59:30,apply-time,rs-005791-mkg68,c96849f8-595c-489d-ba49-8e717de3d48b,1,5997.567164
2026/02/05/00:59:30,running-time,rs-005791-mkg68,c96849f8-595c-489d-ba49-8e717de3d48b,1,5997.567164
2026/02/05/00:59:30,apply-time,rs-005791-qb6gl,7cb9fc39-7ac8-4129-9f14-d54533c30e0e,1,5996.567164
2026/02/05/00:59:30,running-time,rs-005791-qb6gl,7cb9fc39-7ac8-4129-9f14-d54533c30e0e,1,5996.567164
2026/02/05/00:59:30,apply-time,rs-005792-9fccn,2683959a-b0f0-495b-a399-6c9cba00a7b6,1,5996.567164
2026/02/05/00:59:30,running-time,rs-005792-9fccn,2683959a-b0f0-495b-a399-6c9cba00a7b6,1,5996.567164
2026/02/05/00:59:30,apply-time,rs-005793-kqlfl,54f1434c-9501-4e80-b1c7-94c04e438e9f,1,5997.567164
2026/02/05/00:59:30,running-time,rs-005793-kqlfl,54f1434c-9501-4e80-b1c7-94c04e438e9f,1,5997.567164
2026/02/05/00:59:31,running-time,rs-005789-knqxc,7148fe99-abc0-4a09-89cc-1cd1bde7f78a,1,5998.567164
2026/02/05/00:59:31,apply-time,rs-005793-djt96,19a58ab7-0be6-45ea-bbff-2d6ead12f8f3,1,5997.567164
2026/02/05/00:59:31,running-time,rs-005793-djt96,19a58ab7-0be6-45ea-bbff-2d6ead12f8f3,1,5997.567164
2026/02/05/00:59:31,apply-time,rs-005794-bj4kq,3d1708de-cd1d-4aa9-9dc2-d40a7a5a9fc1,1,5997.567164
2026/02/05/00:59:31,running-time,rs-005794-bj4kq,3d1708de-cd1d-4aa9-9dc2-d40a7a5a9fc1,1,5997.567164
2026/02/05/00:59:31,apply-time,rs-005794-mlwzn,2cc1a006-389d-4274-b438-4c2d02452b4b,1,5997.567164
2026/02/05/00:59:31,running-time,rs-005794-mlwzn,2cc1a006-389d-4274-b438-4c2d02452b4b,1,5997.567164
2026/02/05/00:59:31,apply-time,rs-005794-nvvfs,b9c28114-eabe-4ea1-aa7b-4fb3aedfd04d,1,5997.567164
2026/02/05/00:59:31,running-time,rs-005794-nvvfs,b9c28114-eabe-4ea1-aa7b-4fb3aedfd04d,1,5997.567164
2026/02/05/00:59:32,running-time,rs-005787-2ckp4,de337324-6127-4242-a8a7-e73250703310,1,5998.567164
2026/02/05/00:59:32,running-time,rs-005787-c2xkj,d15f8f22-103e-44ed-aca5-c400d118a515,1,5998.567164
2026/02/05/00:59:32,running-time,rs-005787-p7rm6,3ea1fce5-1fa9-4090-8f68-92b74cd4e8bf,1,5998.567164
2026/02/05/00:59:33,apply-time,rs-005795-9kkkm,51420c88-060c-4252-8c69-4b68573d2c01,1,5999.567164
2026/02/05/00:59:33,running-time,rs-005795-9kkkm,51420c88-060c-4252-8c69-4b68573d2c01,1,5999.567164
2026/02/05/00:59:33,apply-time,rs-005795-gj55p,92faed3e-d00f-4332-8c0b-52b33642683b,1,5999.567164
2026/02/05/00:59:33,apply-time,rs-005795-gqx66,9a9fb020-f033-4bd3-b5d9-3fc2aa268c1e,1,5999.567164
2026/02/05/00:59:33,apply-time,rs-005796-vm964,4586299f-c440-40d1-9c57-c89ab94fce04,1,5999.567164
2026/02/05/00:59:33,running-time,rs-005796-vm964,4586299f-c440-40d1-9c57-c89ab94fce04,1,5999.567164
2026/02/05/00:59:34,apply-time,rs-005797-8kw9z,8a1cf65f-4409-4c65-ac04-5c77dfd7eea8,1,6000.567164
2026/02/05/00:59:34,running-time,rs-005797-8kw9z,8a1cf65f-4409-4c65-ac04-5c77dfd7eea8,1,6000.567164
2026/02/05/00:59:47,apply-time,rs-005798-5jqw6,d27c254b-2641-4b22-aa90-fc6c5537e85c,1,6013.567164
2026/02/05/00:59:47,running-time,rs-005798-5jqw6,d27c254b-2641-4b22-aa90-fc6c5537e85c,1,6013.567164
2026/02/05/00:59:47,apply-time,rs-005798-nfps7,82e6e46c-cc82-4586-be2c-f39c0a0c5ee0,1,6013.567164
2026/02/05/00:59:47,running-time,rs-005798-nfps7,82e6e46c-cc82-4586-be2c-f39c0a0c5ee0,1,6013.567164
2026/02/05/00:59:47,apply-time,rs-005798-s28gz,d21b0820-a032-47c8-a4aa-41cdf6f166b7,1,6013.567164
2026/02/05/00:59:47,running-time,rs-005798-s28gz,d21b0820-a032-47c8-a4aa-41cdf6f166b7,1,6013.567164
2026/02/05/00:59:47,apply-time,rs-005799-vhtxh,25dfc33e-e3b4-486a-ad3c-feae8cd981c9,1,6013.567164
2026/02/05/00:59:47,running-time,rs-005799-vhtxh,25dfc33e-e3b4-486a-ad3c-feae8cd981c9,1,6013.567164
2026/02/05/00:59:47,apply-time,rs-005799-vp6rv,68072ad4-dd4b-4626-ba1d-aba6d236a0b0,1,6013.567164
2026/02/05/00:59:47,running-time,rs-005799-vp6rv,68072ad4-dd4b-4626-ba1d-aba6d236a0b0,1,6013.567164
2026/02/05/00:59:47,apply-time,rs-005800-4f6pd,26fe57da-fcfb-42bd-bed0-fd8b571eb2c0,1,6013.567164
2026/02/05/00:59:47,running-time,rs-005800-4f6pd,26fe57da-fcfb-42bd-bed0-fd8b571eb2c0,1,6013.567164
2026/02/05/00:59:47,apply-time,rs-005800-b7qwr,907583f0-5feb-4414-ac6b-490c1f19abbe,1,6013.567164
2026/02/05/00:59:47,running-time,rs-005800-b7qwr,907583f0-5feb-4414-ac6b-490c1f19abbe,1,6013.567164
2026/02/05/00:59:47,apply-time,rs-005800-h57z8,1e6f1286-b456-4b3d-9cd5-8455396cf277,1,6013.567164
2026/02/05/00:59:47,running-time,rs-005800-h57z8,1e6f1286-b456-4b3d-9cd5-8455396cf277,1,6013.567164
2026/02/05/00:59:47,apply-time,rs-005801-hgdk6,fa927334-2d64-40f2-883b-6f385c11c1d3,1,6013.567164
2026/02/05/00:59:47,running-time,rs-005801-hgdk6,fa927334-2d64-40f2-883b-6f385c11c1d3,1,6013.567164
2026/02/05/00:59:47,apply-time,rs-005802-s9jqz,431c8b2a-78b4-4ddc-8673-605323b5ad2f,1,6014.567164
2026/02/05/00:59:47,running-time,rs-005802-s9jqz,431c8b2a-78b4-4ddc-8673-605323b5ad2f,1,6014.567164
2026/02/05/00:59:47,apply-time,rs-005803-7v6lt,a0d314c1-82b6-4c35-90ef-784ce6a07154,1,6014.567164
2026/02/05/00:59:47,running-time,rs-005803-7v6lt,a0d314c1-82b6-4c35-90ef-784ce6a07154,1,6014.567164
2026/02/05/00:59:47,apply-time,rs-005804-4sbr4,b6a0ba4f-bb87-43ae-83e8-77ac43aef1e5,1,6014.567164
2026/02/05/00:59:47,running-time,rs-005804-4sbr4,b6a0ba4f-bb87-43ae-83e8-77ac43aef1e5,1,6014.567164
2026/02/05/00:59:47,apply-time,rs-005805-8w8fv,6d25bd91-edcc-4bdf-85d2-3815fd81b14a,1,6014.567164
2026/02/05/00:59:47,running-time,rs-005805-8w8fv,6d25bd91-edcc-4bdf-85d2-3815fd81b14a,1,6014.567164
2026/02/05/00:59:48,apply-time,rs-005804-zkf2c,d2a0fd2b-4ada-4b20-89ff-5e32059cb64d,1,6014.567164
2026/02/05/00:59:48,running-time,rs-005804-zkf2c,d2a0fd2b-4ada-4b20-89ff-5e32059cb64d,1,6014.567164
2026/02/05/00:59:48,apply-time,rs-005806-jkr2h,7f0451d6-71b9-45d0-9b35-96d698e0976c,1,6014.567164
2026/02/05/00:59:48,running-time,rs-005806-jkr2h,7f0451d6-71b9-45d0-9b35-96d698e0976c,1,6014.567164
2026/02/05/00:59:48,apply-time,rs-005807-g5fft,f60ed7ec-6b43-40b6-b259-3a671ab615e7,1,6014.567164
2026/02/05/00:59:48,running-time,rs-005807-g5fft,f60ed7ec-6b43-40b6-b259-3a671ab615e7,1,6014.567164
2026/02/05/00:59:48,apply-time,rs-005807-tkqzf,04bb7694-f46f-496d-8624-ea39a7a288be,1,6015.567164
2026/02/05/00:59:48,running-time,rs-005807-tkqzf,04bb7694-f46f-496d-8624-ea39a7a288be,1,6015.567164
2026/02/05/00:59:49,apply-time,rs-005808-ppp5g,86ab94e8-7e4a-4c59-b5d9-c87efc9b081c,1,6015.567164
2026/02/05/00:59:49,running-time,rs-005808-ppp5g,86ab94e8-7e4a-4c59-b5d9-c87efc9b081c,1,6015.567164
2026/02/05/00:59:49,apply-time,rs-005808-vlpvh,eb8ad5f1-6eb2-4c4d-98ba-f5bd7aa1a325,1,6015.567164
2026/02/05/00:59:49,running-time,rs-005808-vlpvh,eb8ad5f1-6eb2-4c4d-98ba-f5bd7aa1a325,1,6015.567164
2026/02/05/00:59:49,apply-time,rs-005808-z5rth,1a2dd1ce-adcd-4761-897c-3b1947ab702a,1,6015.567164
2026/02/05/00:59:49,running-time,rs-005808-z5rth,1a2dd1ce-adcd-4761-897c-3b1947ab702a,1,6015.567164
2026/02/05/00:59:49,apply-time,rs-005809-frbwh,00ed4f1a-af03-4128-8a64-cdce5ffc7a4b,1,6015.567164
2026/02/05/00:59:49,apply-time,rs-005810-hqfq6,2ab0940b-ebdc-411a-a879-7cfaed4f7709,1,6016.567164
2026/02/05/00:59:49,apply-time,rs-005811-dh6xk,a48ff12c-fd7a-4ac5-b1e9-ea362cbf68a1,1,6016.567164
2026/02/05/00:59:49,apply-time,rs-005811-fdnjf,e2fb2616-164b-4540-b20f-4fc32cd2cc05,1,6016.567164
2026/02/05/00:59:49,running-time,rs-005811-fdnjf,e2fb2616-164b-4540-b20f-4fc32cd2cc05,1,6016.567164
2026/02/05/00:59:50,running-time,rs-005809-frbwh,00ed4f1a-af03-4128-8a64-cdce5ffc7a4b,1,6016.567164
2026/02/05/00:59:50,running-time,rs-005811-dh6xk,a48ff12c-fd7a-4ac5-b1e9-ea362cbf68a1,1,6016.567164
2026/02/05/00:59:50,apply-time,rs-005812-vf28v,68d55f04-54c3-48b8-b53e-9e221d232702,1,6016.567164
2026/02/05/00:59:50,running-time,rs-005812-vf28v,68d55f04-54c3-48b8-b53e-9e221d232702,1,6016.567164
2026/02/05/00:59:50,apply-time,rs-005813-d9vh5,8f3b841b-5bfa-4044-83d7-92c1c8cd1a2d,1,6017.567164
2026/02/05/00:59:50,running-time,rs-005813-d9vh5,8f3b841b-5bfa-4044-83d7-92c1c8cd1a2d,1,6017.567164
2026/02/05/00:59:50,apply-time,rs-005814-bwbsd,b584e28c-e191-4de5-a82d-30731fa157a3,1,6017.567164
2026/02/05/00:59:50,running-time,rs-005814-bwbsd,b584e28c-e191-4de5-a82d-30731fa157a3,1,6017.567164
2026/02/05/00:59:50,apply-time,rs-005814-cmnnf,1a6a463f-7e61-43ae-80d8-56378ae85fb2,1,6017.567164
2026/02/05/00:59:50,running-time,rs-005814-cmnnf,1a6a463f-7e61-43ae-80d8-56378ae85fb2,1,6017.567164
2026/02/05/00:59:50,apply-time,rs-005814-dp9bh,d8cdabe8-d3a5-4622-8153-894a30787a7c,1,6016.567164
2026/02/05/00:59:50,running-time,rs-005814-dp9bh,d8cdabe8-d3a5-4622-8153-894a30787a7c,1,6016.567164
2026/02/05/00:59:50,apply-time,rs-005815-m66t8,17e4c477-91cf-49fb-a2b8-1e932d42ecc0,1,6017.567164
2026/02/05/00:59:50,running-time,rs-005815-m66t8,17e4c477-91cf-49fb-a2b8-1e932d42ecc0,1,6017.567164
2026/02/05/00:59:50,apply-time,rs-005815-mj2nl,39972954-deb4-49df-b905-6d5fef7d1a79,1,6017.567164
2026/02/05/00:59:50,running-time,rs-005815-mj2nl,39972954-deb4-49df-b905-6d5fef7d1a79,1,6017.567164
2026/02/05/00:59:50,apply-time,rs-005815-q6gpz,e3da5f55-8574-4194-985a-28f0d3529536,1,6016.567164
2026/02/05/00:59:50,running-time,rs-005815-q6gpz,e3da5f55-8574-4194-985a-28f0d3529536,1,6016.567164
2026/02/05/00:59:50,apply-time,rs-005816-jvt8l,88db201c-2c76-46fe-879d-66d28ff554ea,1,6016.567164
2026/02/05/00:59:50,running-time,rs-005816-jvt8l,88db201c-2c76-46fe-879d-66d28ff554ea,1,6017.567164
2026/02/05/00:59:51,running-time,rs-005810-hqfq6,2ab0940b-ebdc-411a-a879-7cfaed4f7709,1,6017.567164
2026/02/05/00:59:51,apply-time,rs-005813-bqswh,51e8657c-5252-4251-8e19-89fcc4211724,1,6017.567164
2026/02/05/00:59:51,running-time,rs-005813-bqswh,51e8657c-5252-4251-8e19-89fcc4211724,1,6017.567164
2026/02/05/00:59:51,apply-time,rs-005813-vsqb9,dca42914-1a18-469b-b213-2ace310b3b55,1,6017.567164
2026/02/05/00:59:51,running-time,rs-005813-vsqb9,dca42914-1a18-469b-b213-2ace310b3b55,1,6017.567164
2026/02/05/00:59:51,apply-time,rs-005817-rcmtt,72538392-0ac0-4596-9fca-17b532769e37,1,6017.567164
2026/02/05/00:59:51,running-time,rs-005817-rcmtt,72538392-0ac0-4596-9fca-17b532769e37,1,6018.567164
2026/02/05/00:59:51,apply-time,rs-005818-7v6jt,b6ca9a2e-d6a4-4c61-9ff4-64055cfdae40,1,6018.567164
2026/02/05/00:59:51,running-time,rs-005818-7v6jt,b6ca9a2e-d6a4-4c61-9ff4-64055cfdae40,1,6018.567164
2026/02/05/00:59:51,apply-time,rs-005819-lhmj7,1cd893ca-4075-475d-b70b-d6ea8bf8b16c,1,6018.567164
2026/02/05/00:59:52,apply-time,rs-005820-6cttp,ed43b44d-5174-417f-a790-1c1dfe22f15c,1,6018.567164
2026/02/05/00:59:52,apply-time,rs-005820-pcvzb,c2f69878-43b7-46d3-9943-0f0fce315401,1,6018.567164
2026/02/05/00:59:52,apply-time,rs-005820-v2cvv,3b3c8b6e-5366-45dc-b077-24c1a856d0ca,1,6018.567164
2026/02/05/00:59:52,running-time,rs-005820-v2cvv,3b3c8b6e-5366-45dc-b077-24c1a856d0ca,1,6018.567164
2026/02/05/00:59:52,apply-time,rs-005821-7xnwf,5b8e5f85-ece9-494a-a5f7-46a8f8b678b4,1,6018.567164
2026/02/05/00:59:52,running-time,rs-005821-7xnwf,5b8e5f85-ece9-494a-a5f7-46a8f8b678b4,1,6018.567164
2026/02/05/00:59:52,apply-time,rs-005821-f5r5b,b59f32cf-bde1-4bff-87e1-855f8b390b7c,1,6018.567164
2026/02/05/00:59:52,running-time,rs-005821-f5r5b,b59f32cf-bde1-4bff-87e1-855f8b390b7c,1,6018.567164
2026/02/05/00:59:52,apply-time,rs-005821-ljcmq,ed43458c-3a57-4a78-99de-25be35268086,1,6018.567164
2026/02/05/00:59:52,running-time,rs-005821-ljcmq,ed43458c-3a57-4a78-99de-25be35268086,1,6018.567164
2026/02/05/00:59:52,apply-time,rs-005822-fhpgn,bf0bf69f-36b2-47cd-bae3-d3349531ac88,1,6018.567164
2026/02/05/00:59:52,running-time,rs-005822-fhpgn,bf0bf69f-36b2-47cd-bae3-d3349531ac88,1,6018.567164
2026/02/05/00:59:52,apply-time,rs-005823-rrc2l,f027518d-1620-4b00-9e02-f82d10fbd34d,1,6018.567164
2026/02/05/00:59:52,apply-time,rs-005824-f6h7l,a04d1a1c-e7e3-49d2-9f53-d11b04dd3dcd,1,6019.567164
2026/02/05/00:59:52,running-time,rs-005824-f6h7l,a04d1a1c-e7e3-49d2-9f53-d11b04dd3dcd,1,6019.567164
2026/02/05/00:59:52,apply-time,rs-005825-5gzg6,4f8f8f86-8d7e-4a7b-87d9-c747826e3870,1,6019.567164
2026/02/05/00:59:52,apply-time,rs-005825-m2l6b,26b7da94-ef2d-4c65-8637-ed73c60b41aa,1,6019.567164
2026/02/05/00:59:52,running-time,rs-005825-m2l6b,26b7da94-ef2d-4c65-8637-ed73c60b41aa,1,6019.567164
2026/02/05/00:59:53,running-time,rs-005820-6cttp,ed43b44d-5174-417f-a790-1c1dfe22f15c,1,6020.567164
2026/02/05/00:59:53,running-time,rs-005823-rrc2l,f027518d-1620-4b00-9e02-f82d10fbd34d,1,6020.567164
2026/02/05/00:59:53,apply-time,rs-005825-2sg5z,5fcf75e9-9d3c-4771-9f1f-fa2f7db36b0c,1,6019.567164
2026/02/05/00:59:53,apply-time,rs-005826-zhq6m,5d47fac7-44e6-40b0-b3eb-0d1c6a7b7f72,1,6019.567164
2026/02/05/00:59:53,apply-time,rs-005827-4tjcc,7d9eb233-da31-4544-812b-b6cbc2ba2609,1,6019.567164
2026/02/05/00:59:53,apply-time,rs-005827-kjck4,962944bf-64e6-42cd-95f1-720a3f367f19,1,6019.567164
2026/02/05/00:59:53,apply-time,rs-005827-l89st,453cb781-959a-4dea-a376-625b37c72d23,1,6019.567164
2026/02/05/00:59:54,running-time,rs-005825-2sg5z,5fcf75e9-9d3c-4771-9f1f-fa2f7db36b0c,1,6020.567164
2026/02/05/00:59:54,running-time,rs-005825-5gzg6,4f8f8f86-8d7e-4a7b-87d9-c747826e3870,1,6020.567164
2026/02/05/00:59:54,apply-time,rs-005828-scdg5,6fba2577-ea23-4463-99dd-38a1815a5fc5,1,6020.567164
2026/02/05/00:59:54,running-time,rs-005828-scdg5,6fba2577-ea23-4463-99dd-38a1815a5fc5,1,6020.567164
2026/02/05/00:59:54,apply-time,rs-005829-bw9hc,e08a238c-f6f8-4ecb-b0e7-57635aac4e97,1,6020.567164
2026/02/05/00:59:54,running-time,rs-005829-bw9hc,e08a238c-f6f8-4ecb-b0e7-57635aac4e97,1,6020.567164
2026/02/05/00:59:55,running-time,rs-005820-pcvzb,c2f69878-43b7-46d3-9943-0f0fce315401,1,6021.567164
2026/02/05/00:59:55,running-time,rs-005826-zhq6m,5d47fac7-44e6-40b0-b3eb-0d1c6a7b7f72,1,6022.567164
2026/02/05/00:59:55,apply-time,rs-005830-5l67k,d3966576-4cca-45ae-8fd6-8755ebc284e3,1,6021.567164
2026/02/05/00:59:55,running-time,rs-005830-5l67k,d3966576-4cca-45ae-8fd6-8755ebc284e3,1,6021.567164
2026/02/05/00:59:55,apply-time,rs-005831-7rlsl,4019b992-1c70-46e5-9e86-28707a49b8ab,1,6021.567164
2026/02/05/00:59:55,apply-time,rs-005832-prjzf,78a1ade0-d446-442c-b75f-6806997fa44e,1,6021.567164
2026/02/05/00:59:55,running-time,rs-005832-prjzf,78a1ade0-d446-442c-b75f-6806997fa44e,1,6021.567164
2026/02/05/00:59:55,apply-time,rs-005833-rsj5l,1c982ab2-95d7-4d61-9f9b-2eb062f7dce2,1,6021.567164
2026/02/05/00:59:55,running-time,rs-005833-rsj5l,1c982ab2-95d7-4d61-9f9b-2eb062f7dce2,1,6021.567164
2026/02/05/00:59:55,apply-time,rs-005834-gvbpj,a66c7718-cbc6-4009-bdf1-7399de88a985,1,6022.567164
2026/02/05/00:59:55,running-time,rs-005834-gvbpj,a66c7718-cbc6-4009-bdf1-7399de88a985,1,6022.567164
2026/02/05/00:59:55,apply-time,rs-005835-7d8rs,794422ca-9ab6-4bca-bcf3-c04ccc67afaa,1,6022.567164
2026/02/05/00:59:56,running-time,rs-005827-4tjcc,7d9eb233-da31-4544-812b-b6cbc2ba2609,1,6023.567164
2026/02/05/00:59:56,running-time,rs-005827-l89st,453cb781-959a-4dea-a376-625b37c72d23,1,6022.567164
2026/02/05/00:59:56,apply-time,rs-005834-g67zh,3ae60787-fde1-4fd6-a537-4c440ec6b1c2,1,6022.567164
2026/02/05/00:59:56,running-time,rs-005835-7d8rs,794422ca-9ab6-4bca-bcf3-c04ccc67afaa,1,6022.567164
2026/02/05/00:59:56,apply-time,rs-005836-9rxpf,79c465db-5901-4b5b-8879-78cf2503cc5a,1,6022.567164
2026/02/05/00:59:56,running-time,rs-005836-9rxpf,79c465db-5901-4b5b-8879-78cf2503cc5a,1,6022.567164
2026/02/05/00:59:56,apply-time,rs-005836-h5gcw,264dd91a-5d99-4083-b4e0-8ea988efdf1f,1,6022.567164
2026/02/05/00:59:56,running-time,rs-005836-h5gcw,264dd91a-5d99-4083-b4e0-8ea988efdf1f,1,6022.567164
2026/02/05/00:59:56,apply-time,rs-005837-8qvl7,9be2a968-3f2b-40be-aee4-e4342360f9be,1,6022.567164
2026/02/05/00:59:56,running-time,rs-005837-8qvl7,9be2a968-3f2b-40be-aee4-e4342360f9be,1,6022.567164
2026/02/05/00:59:57,running-time,rs-005827-kjck4,962944bf-64e6-42cd-95f1-720a3f367f19,1,6023.567164
2026/02/05/00:59:57,running-time,rs-005834-g67zh,3ae60787-fde1-4fd6-a537-4c440ec6b1c2,1,6023.567164
2026/02/05/00:59:59,running-time,rs-005831-7rlsl,4019b992-1c70-46e5-9e86-28707a49b8ab,1,6026.567164
2026/02/05/01:00:02,apply-time,rs-005838-l46wz,739fd672-e113-44f8-82f8-1c80850174eb,1,6028.567164
2026/02/05/01:00:02,running-time,rs-005838-l46wz,739fd672-e113-44f8-82f8-1c80850174eb,1,6028.567164
2026/02/05/01:00:02,apply-time,rs-005839-ktw87,c51d4adb-0296-46b7-8053-6ac33cc24008,1,6028.567164
2026/02/05/01:00:02,running-time,rs-005839-ktw87,c51d4adb-0296-46b7-8053-6ac33cc24008,1,6028.567164
2026/02/05/01:00:02,apply-time,rs-005840-8hrsn,7af7a12a-72bf-4036-9015-0fe7a65a4464,1,6028.567164
2026/02/05/01:00:02,running-time,rs-005840-8hrsn,7af7a12a-72bf-4036-9015-0fe7a65a4464,1,6028.567164
2026/02/05/01:00:02,apply-time,rs-005840-gklp7,1f0b51b5-4990-4792-80f9-7168e764dfe4,1,6028.567164
2026/02/05/01:00:02,running-time,rs-005840-gklp7,1f0b51b5-4990-4792-80f9-7168e764dfe4,1,6028.567164
2026/02/05/01:00:02,apply-time,rs-005840-vn78q,c3fb5636-ea63-4ba3-9120-ff3d54c6d60e,1,6028.567164
2026/02/05/01:00:02,running-time,rs-005840-vn78q,c3fb5636-ea63-4ba3-9120-ff3d54c6d60e,1,6028.567164
2026/02/05/01:00:10,apply-time,rs-005841-567qt,8db8b30d-ae5a-4976-a28f-e5765a714a96,1,6036.567164
2026/02/05/01:00:10,running-time,rs-005841-567qt,8db8b30d-ae5a-4976-a28f-e5765a714a96,1,6036.567164
2026/02/05/01:00:10,apply-time,rs-005841-9kfmc,29459f2c-9750-46f5-9953-e1c5027daee5,1,6036.567164
2026/02/05/01:00:10,running-time,rs-005841-9kfmc,29459f2c-9750-46f5-9953-e1c5027daee5,1,6036.567164
2026/02/05/01:00:10,apply-time,rs-005841-jv2kz,07c69ca1-70ab-444b-a8fb-f763937cb238,1,6036.567164
2026/02/05/01:00:10,running-time,rs-005841-jv2kz,07c69ca1-70ab-444b-a8fb-f763937cb238,1,6036.567164
2026/02/05/01:00:10,apply-time,rs-005842-5rlcv,2e4aacc7-ffb7-4ae9-83a7-db5300e3ee3e,1,6036.567164
2026/02/05/01:00:10,running-time,rs-005842-5rlcv,2e4aacc7-ffb7-4ae9-83a7-db5300e3ee3e,1,6036.567164
2026/02/05/01:00:10,apply-time,rs-005842-7qmx9,6e5b9454-854f-4ace-8f0d-1bfd6b37f6cd,1,6036.567164
2026/02/05/01:00:10,running-time,rs-005842-7qmx9,6e5b9454-854f-4ace-8f0d-1bfd6b37f6cd,1,6036.567164
2026/02/05/01:00:10,apply-time,rs-005842-xb5vq,63d976bc-0923-4f98-ba0d-37324216c441,1,6036.567164
2026/02/05/01:00:10,running-time,rs-005842-xb5vq,63d976bc-0923-4f98-ba0d-37324216c441,1,6036.567164
2026/02/05/01:00:17,apply-time,rs-005843-kb769,8c11d440-0766-4c94-8897-fafb0a85cd15,1,6044.567164
2026/02/05/01:00:17,running-time,rs-005843-kb769,8c11d440-0766-4c94-8897-fafb0a85cd15,1,6044.567164
2026/02/05/01:00:17,apply-time,rs-005843-sj6gm,6236a6d3-4f78-4f77-aa98-030438b7039f,1,6044.567164
2026/02/05/01:00:17,running-time,rs-005843-sj6gm,6236a6d3-4f78-4f77-aa98-030438b7039f,1,6044.567164
2026/02/05/01:00:17,apply-time,rs-005844-7kftm,a8107db3-172f-46fd-a11f-63b1516068f0,1,6044.567164
2026/02/05/01:00:17,running-time,rs-005844-7kftm,a8107db3-172f-46fd-a11f-63b1516068f0,1,6044.567164
2026/02/05/01:00:17,apply-time,rs-005844-lbrpg,828c9c96-8df1-48a7-96b2-30e562036d5a,1,6044.567164
2026/02/05/01:00:17,running-time,rs-005844-lbrpg,828c9c96-8df1-48a7-96b2-30e562036d5a,1,6044.567164
2026/02/05/01:00:18,apply-time,rs-005845-8jt6f,564a8f57-6cb1-49dd-a65b-c522a91a8f71,1,6044.567164
2026/02/05/01:00:18,running-time,rs-005845-8jt6f,564a8f57-6cb1-49dd-a65b-c522a91a8f71,1,6044.567164
2026/02/05/01:00:18,apply-time,rs-005845-b6bz6,b6ec3084-96d4-4bfd-992d-11766736d9f5,1,6044.567164
2026/02/05/01:00:18,running-time,rs-005845-b6bz6,b6ec3084-96d4-4bfd-992d-11766736d9f5,1,6044.567164
2026/02/05/01:00:18,apply-time,rs-005845-gn4p8,dcca1e11-7343-4c9c-aaac-885e459b5c53,1,6044.567164
2026/02/05/01:00:18,running-time,rs-005845-gn4p8,dcca1e11-7343-4c9c-aaac-885e459b5c53,1,6044.567164
2026/02/05/01:00:18,apply-time,rs-005846-csdnh,c0fa0292-2f78-4b98-bf46-50025eabb977,1,6044.567164
2026/02/05/01:00:18,running-time,rs-005846-csdnh,c0fa0292-2f78-4b98-bf46-50025eabb977,1,6044.567164
2026/02/05/01:00:18,apply-time,rs-005847-dvxvm,a27b5753-6e8a-467e-a28a-69d1a196dfe6,1,6044.567164
2026/02/05/01:00:18,running-time,rs-005847-dvxvm,a27b5753-6e8a-467e-a28a-69d1a196dfe6,1,6044.567164
2026/02/05/01:00:18,apply-time,rs-005847-md9j8,1c74fc55-55d0-4bad-b6e4-aa81c4d0094c,1,6044.567164
2026/02/05/01:00:18,running-time,rs-005847-md9j8,1c74fc55-55d0-4bad-b6e4-aa81c4d0094c,1,6044.567164
2026/02/05/01:00:18,apply-time,rs-005848-58lvg,36eb9d3d-3a3f-4fcd-98aa-bfc523ecb24d,1,6044.567164
2026/02/05/01:00:18,running-time,rs-005848-58lvg,36eb9d3d-3a3f-4fcd-98aa-bfc523ecb24d,1,6044.567164
2026/02/05/01:00:18,apply-time,rs-005849-57nh8,7c2b3d40-4f42-4400-98f6-b133806f569d,1,6045.567164
2026/02/05/01:00:18,running-time,rs-005849-57nh8,7c2b3d40-4f42-4400-98f6-b133806f569d,1,6045.567164
2026/02/05/01:00:18,apply-time,rs-005851-wtsnn,097aaae4-3eeb-4149-b887-536bfe4e8a30,1,6045.567164
2026/02/05/01:00:18,running-time,rs-005851-wtsnn,097aaae4-3eeb-4149-b887-536bfe4e8a30,1,6045.567164
2026/02/05/01:00:18,apply-time,rs-005852-w6msj,96b39314-7266-4683-8903-c61eab384f26,1,6045.567164
2026/02/05/01:00:18,running-time,rs-005852-w6msj,96b39314-7266-4683-8903-c61eab384f26,1,6045.567164
2026/02/05/01:00:19,apply-time,rs-005849-mwjxm,1ba0f51f-8c48-43cb-a1bc-b718ca6fe29a,1,6045.567164
2026/02/05/01:00:19,running-time,rs-005849-mwjxm,1ba0f51f-8c48-43cb-a1bc-b718ca6fe29a,1,6045.567164
2026/02/05/01:00:19,apply-time,rs-005850-69h59,a02dd2bb-7937-43a0-a448-27700a18c393,1,6046.567164
2026/02/05/01:00:19,apply-time,rs-005850-pldrj,9c65e869-69e8-4b90-aae8-594cb16ab44f,1,6045.567164
2026/02/05/01:00:19,apply-time,rs-005850-q27qr,07022dad-a8a8-478a-b912-05bf5ee7108a,1,6045.567164
2026/02/05/01:00:19,apply-time,rs-005851-dhz5r,1806ec71-4bf9-4a68-97d5-e53010cab9d7,1,6045.567164
2026/02/05/01:00:19,running-time,rs-005851-dhz5r,1806ec71-4bf9-4a68-97d5-e53010cab9d7,1,6045.567164
2026/02/05/01:00:19,apply-time,rs-005851-jsk27,a1c6c704-9225-4696-bb00-f5fad61c4bb9,1,6045.567164
2026/02/05/01:00:19,running-time,rs-005851-jsk27,a1c6c704-9225-4696-bb00-f5fad61c4bb9,1,6045.567164
2026/02/05/01:00:19,apply-time,rs-005852-7nlm7,64547a6d-98bd-4e36-b810-8d60761914e0,1,6045.567164
2026/02/05/01:00:19,running-time,rs-005852-7nlm7,64547a6d-98bd-4e36-b810-8d60761914e0,1,6045.567164
2026/02/05/01:00:19,apply-time,rs-005852-j6hwt,76828a02-6568-4dcd-ade9-60897f932e67,1,6045.567164
2026/02/05/01:00:19,running-time,rs-005852-j6hwt,76828a02-6568-4dcd-ade9-60897f932e67,1,6045.567164
2026/02/05/01:00:19,apply-time,rs-005853-pzntd,2d20d44a-080a-4ae8-bcaa-009b351daf2b,1,6045.567164
2026/02/05/01:00:19,apply-time,rs-005854-xd8lb,c097a9fb-975a-4c8b-9dd9-a747465dddbf,1,6046.567164
2026/02/05/01:00:20,running-time,rs-005853-pzntd,2d20d44a-080a-4ae8-bcaa-009b351daf2b,1,6046.567164
2026/02/05/01:00:20,running-time,rs-005854-xd8lb,c097a9fb-975a-4c8b-9dd9-a747465dddbf,1,6046.567164
2026/02/05/01:00:26,apply-time,rs-005855-6lc7f,900c4014-0cd6-4b45-a6fe-87d4fdb80dbc,1,6053.567164
2026/02/05/01:00:26,running-time,rs-005855-6lc7f,900c4014-0cd6-4b45-a6fe-87d4fdb80dbc,1,6053.567164
2026/02/05/01:00:26,apply-time,rs-005855-r4vlw,12800fb3-4dda-46c3-81dd-49810fc9e680,1,6053.567164
2026/02/05/01:00:26,running-time,rs-005855-r4vlw,12800fb3-4dda-46c3-81dd-49810fc9e680,1,6053.567164
2026/02/05/01:00:26,apply-time,rs-005856-2ncg6,ea241396-012a-4088-9da7-9578431effe9,1,6053.567164
2026/02/05/01:00:26,running-time,rs-005856-2ncg6,ea241396-012a-4088-9da7-9578431effe9,1,6053.567164
2026/02/05/01:00:26,apply-time,rs-005856-xxsgz,88e0f328-8037-42e7-951e-89e31a9afd2a,1,6053.567164
2026/02/05/01:00:26,running-time,rs-005856-xxsgz,88e0f328-8037-42e7-951e-89e31a9afd2a,1,6053.567164
2026/02/05/01:00:27,apply-time,rs-005857-6sgzw,23c5f4a1-c710-4c13-a0c8-a7647c55471d,1,6054.567164
2026/02/05/01:00:27,running-time,rs-005857-6sgzw,23c5f4a1-c710-4c13-a0c8-a7647c55471d,1,6054.567164
2026/02/05/01:00:27,apply-time,rs-005857-pwnnb,c3f0c4f8-7fa5-44f5-a3da-aa3c13677312,1,6054.567164
2026/02/05/01:00:27,running-time,rs-005857-pwnnb,c3f0c4f8-7fa5-44f5-a3da-aa3c13677312,1,6054.567164
2026/02/05/01:00:28,apply-time,rs-005858-f2xwc,99d0ad00-36eb-471c-bf56-a5dd623a56f4,1,6054.567164
2026/02/05/01:00:28,running-time,rs-005858-f2xwc,99d0ad00-36eb-471c-bf56-a5dd623a56f4,1,6054.567164
2026/02/05/01:00:28,apply-time,rs-005858-h6tcb,8c2937bf-789d-4553-846f-b0864152bb57,1,6054.567164
2026/02/05/01:00:28,running-time,rs-005858-h6tcb,8c2937bf-789d-4553-846f-b0864152bb57,1,6054.567164
2026/02/05/01:00:28,apply-time,rs-005858-sv7xv,3e1ee4f6-9265-4ec4-bb84-29d73a89ec61,1,6054.567164
2026/02/05/01:00:28,running-time,rs-005858-sv7xv,3e1ee4f6-9265-4ec4-bb84-29d73a89ec61,1,6054.567164
2026/02/05/01:00:28,apply-time,rs-005859-4gjt7,9e33cfba-e2cc-4842-8f3e-4a716235ebcb,1,6054.567164
2026/02/05/01:00:28,running-time,rs-005859-4gjt7,9e33cfba-e2cc-4842-8f3e-4a716235ebcb,1,6054.567164
2026/02/05/01:00:28,apply-time,rs-005859-8c7v2,65722c5f-cfd8-409d-be39-f55511034973,1,6054.567164
2026/02/05/01:00:28,running-time,rs-005859-8c7v2,65722c5f-cfd8-409d-be39-f55511034973,1,6054.567164
2026/02/05/01:00:28,apply-time,rs-005859-8znds,e5aee6e4-41b7-4e2a-b914-7eb9a25f824f,1,6054.567164
2026/02/05/01:00:28,running-time,rs-005859-8znds,e5aee6e4-41b7-4e2a-b914-7eb9a25f824f,1,6054.567164
2026/02/05/01:00:28,apply-time,rs-005860-tlksl,ee4f7c23-37f1-43f2-9978-b0821abd1f9c,1,6054.567164
2026/02/05/01:00:28,running-time,rs-005860-tlksl,ee4f7c23-37f1-43f2-9978-b0821abd1f9c,1,6054.567164
2026/02/05/01:00:28,apply-time,rs-005861-57nzt,ec4fd3ef-e0c4-4a5f-9dc7-7f9498ac0277,1,6054.567164
2026/02/05/01:00:28,running-time,rs-005861-57nzt,ec4fd3ef-e0c4-4a5f-9dc7-7f9498ac0277,1,6054.567164
2026/02/05/01:00:28,apply-time,rs-005862-5hs6h,427f22e4-324b-4143-b930-f09a0381c4ca,1,6054.567164
2026/02/05/01:00:28,running-time,rs-005862-5hs6h,427f22e4-324b-4143-b930-f09a0381c4ca,1,6054.567164
2026/02/05/01:00:28,apply-time,rs-005862-88z7x,67b8af34-06bb-44ce-988b-c94258a774cb,1,6054.567164
2026/02/05/01:00:28,running-time,rs-005862-88z7x,67b8af34-06bb-44ce-988b-c94258a774cb,1,6054.567164
2026/02/05/01:00:28,apply-time,rs-005862-r924f,7f8f427e-e899-4b90-b528-69b8d772f58d,1,6054.567164
2026/02/05/01:00:28,running-time,rs-005862-r924f,7f8f427e-e899-4b90-b528-69b8d772f58d,1,6054.567164
2026/02/05/01:00:28,apply-time,rs-005863-rpflc,f89fcf96-6c9e-4010-a3a1-76d3485ab819,1,6055.567164
2026/02/05/01:00:28,running-time,rs-005863-rpflc,f89fcf96-6c9e-4010-a3a1-76d3485ab819,1,6055.567164
2026/02/05/01:00:29,apply-time,rs-005863-zjvs7,3bf80f16-db36-45de-bb64-7fdea0ac6d94,1,6055.567164
2026/02/05/01:00:29,running-time,rs-005863-zjvs7,3bf80f16-db36-45de-bb64-7fdea0ac6d94,1,6055.567164
2026/02/05/01:00:29,apply-time,rs-005864-slrzs,422a9cbd-173e-4922-b009-f54ebd62c9f6,1,6055.567164
2026/02/05/01:00:29,running-time,rs-005864-slrzs,422a9cbd-173e-4922-b009-f54ebd62c9f6,1,6055.567164
2026/02/05/01:00:29,apply-time,rs-005864-zg2sz,fe984bcd-0921-49bf-941b-d10b0888e2dc,1,6055.567164
2026/02/05/01:00:29,running-time,rs-005864-zg2sz,fe984bcd-0921-49bf-941b-d10b0888e2dc,1,6055.567164
2026/02/05/01:00:34,apply-time,rs-005865-mcfl9,8474c9f9-fc22-4866-8a1f-94e081ffb925,1,6060.567164
2026/02/05/01:00:34,running-time,rs-005865-mcfl9,8474c9f9-fc22-4866-8a1f-94e081ffb925,1,6060.567164
2026/02/05/01:00:34,apply-time,rs-005866-j745n,4e7a7428-d220-47bc-a12a-3a3349c463e8,1,6060.567164
2026/02/05/01:00:34,running-time,rs-005866-j745n,4e7a7428-d220-47bc-a12a-3a3349c463e8,1,6060.567164
2026/02/05/01:00:34,apply-time,rs-005866-lbmbz,4ca4d181-c608-4e3b-9a45-32a83329e418,1,6060.567164
2026/02/05/01:00:34,running-time,rs-005866-lbmbz,4ca4d181-c608-4e3b-9a45-32a83329e418,1,6060.567164
2026/02/05/01:00:34,apply-time,rs-005867-jx7dh,0df7adc4-6f44-440f-923d-c5bb3dbf23af,1,6060.567164
2026/02/05/01:00:34,running-time,rs-005867-jx7dh,0df7adc4-6f44-440f-923d-c5bb3dbf23af,1,6060.567164
2026/02/05/01:00:34,apply-time,rs-005867-x2j5r,e38bfa98-5bfc-49c3-a82e-b5bc51caa77e,1,6060.567164
2026/02/05/01:00:34,running-time,rs-005867-x2j5r,e38bfa98-5bfc-49c3-a82e-b5bc51caa77e,1,6060.567164
2026/02/05/01:00:36,apply-time,rs-005868-fvqr6,e315166f-8dca-40fa-95d9-c824c14dcbfc,1,6062.567164
2026/02/05/01:00:36,running-time,rs-005868-fvqr6,e315166f-8dca-40fa-95d9-c824c14dcbfc,1,6063.567164
2026/02/05/01:00:36,apply-time,rs-005868-jprl8,94198271-480e-4e83-ab6e-9b0dc97b8028,1,6062.567164
2026/02/05/01:00:36,running-time,rs-005868-jprl8,94198271-480e-4e83-ab6e-9b0dc97b8028,1,6062.567164
2026/02/05/01:00:36,apply-time,rs-005868-rt9gc,c1a7808b-2380-40c2-859b-da95cb1d312d,1,6062.567164
2026/02/05/01:00:36,running-time,rs-005868-rt9gc,c1a7808b-2380-40c2-859b-da95cb1d312d,1,6063.567164
2026/02/05/01:00:43,apply-time,rs-005869-6wcl2,669e50dd-2566-47c2-bf03-a0abf7626621,1,6069.567164
2026/02/05/01:00:43,running-time,rs-005869-6wcl2,669e50dd-2566-47c2-bf03-a0abf7626621,1,6069.567164
2026/02/05/01:00:43,apply-time,rs-005870-bcggd,84fe00b7-7022-4699-a4fd-518eded07f26,1,6069.567164
2026/02/05/01:00:43,running-time,rs-005870-bcggd,84fe00b7-7022-4699-a4fd-518eded07f26,1,6069.567164
2026/02/05/01:00:43,apply-time,rs-005870-vdflm,5593d5bd-5be8-4659-ad4d-9cf400e7492e,1,6069.567164
2026/02/05/01:00:43,running-time,rs-005870-vdflm,5593d5bd-5be8-4659-ad4d-9cf400e7492e,1,6069.567164
2026/02/05/01:00:43,apply-time,rs-005870-zx79c,f6ad0af0-6215-49f2-84a3-ab1fb1f63c82,1,6069.567164
2026/02/05/01:00:43,running-time,rs-005870-zx79c,f6ad0af0-6215-49f2-84a3-ab1fb1f63c82,1,6069.567164
2026/02/05/01:00:43,apply-time,rs-005871-886lz,e4ddeb7f-d168-4dac-9462-bf4e28f691ad,1,6069.567164
2026/02/05/01:00:43,running-time,rs-005871-886lz,e4ddeb7f-d168-4dac-9462-bf4e28f691ad,1,6069.567164
2026/02/05/01:00:45,apply-time,rs-005872-scdmm,6ac3d037-3649-487c-81a0-3d627e029fa8,1,6071.567164
2026/02/05/01:00:45,running-time,rs-005872-scdmm,6ac3d037-3649-487c-81a0-3d627e029fa8,1,6071.567164
2026/02/05/01:00:45,apply-time,rs-005872-v7sx5,c6af4549-0146-4a4c-978d-1149df7a857c,1,6071.567164
2026/02/05/01:00:45,running-time,rs-005872-v7sx5,c6af4549-0146-4a4c-978d-1149df7a857c,1,6071.567164
2026/02/05/01:00:45,apply-time,rs-005872-zdzjt,a6ab7579-970a-4fe2-86d1-ce224a5c704c,1,6071.567164
2026/02/05/01:00:45,running-time,rs-005872-zdzjt,a6ab7579-970a-4fe2-86d1-ce224a5c704c,1,6071.567164
2026/02/05/01:00:45,apply-time,rs-005873-d2kvq,bff9f0e6-b9ed-4777-8fc9-5f9758ca12bd,1,6071.567164
2026/02/05/01:00:45,running-time,rs-005873-d2kvq,bff9f0e6-b9ed-4777-8fc9-5f9758ca12bd,1,6071.567164
2026/02/05/01:00:45,apply-time,rs-005873-g2k6n,0076e327-17b0-4e4f-a779-f148faa7640a,1,6071.567164
2026/02/05/01:00:45,running-time,rs-005873-g2k6n,0076e327-17b0-4e4f-a779-f148faa7640a,1,6071.567164
2026/02/05/01:00:45,apply-time,rs-005874-h2fh9,85fb7de2-9f66-4109-8517-b13098cb1a2b,1,6071.567164
2026/02/05/01:00:45,running-time,rs-005874-h2fh9,85fb7de2-9f66-4109-8517-b13098cb1a2b,1,6071.567164
2026/02/05/01:00:45,apply-time,rs-005874-jhw6v,5e27f290-b3b5-442e-9dbc-7acfd88b2592,1,6071.567164
2026/02/05/01:00:45,running-time,rs-005874-jhw6v,5e27f290-b3b5-442e-9dbc-7acfd88b2592,1,6071.567164
2026/02/05/01:00:45,apply-time,rs-005875-tbxxh,39d266ff-55f9-4804-924c-dda67754b08a,1,6071.567164
2026/02/05/01:00:45,running-time,rs-005875-tbxxh,39d266ff-55f9-4804-924c-dda67754b08a,1,6071.567164
2026/02/05/01:00:45,apply-time,rs-005876-p85np,e204bd03-1849-45b1-be6e-a3241c379886,1,6072.567164
2026/02/05/01:00:45,running-time,rs-005876-p85np,e204bd03-1849-45b1-be6e-a3241c379886,1,6072.567164
2026/02/05/01:00:45,apply-time,rs-005877-6rth8,a1bc6382-0c15-4c3f-93e8-3fc5d091a257,1,6072.567164
2026/02/05/01:00:45,running-time,rs-005877-6rth8,a1bc6382-0c15-4c3f-93e8-3fc5d091a257,1,6072.567164
2026/02/05/01:00:45,apply-time,rs-005877-lz29h,207a8475-e44d-4d13-bc84-ec5f7ff67a6b,1,6072.567164
2026/02/05/01:00:45,running-time,rs-005877-lz29h,207a8475-e44d-4d13-bc84-ec5f7ff67a6b,1,6072.567164
2026/02/05/01:00:45,apply-time,rs-005878-nz7ms,65e48395-f0e9-4890-86d6-02b49a4ef77d,1,6072.567164
2026/02/05/01:00:45,running-time,rs-005878-nz7ms,65e48395-f0e9-4890-86d6-02b49a4ef77d,1,6072.567164
2026/02/05/01:00:54,apply-time,rs-005879-28ssp,e72b9f07-577d-45ac-a194-95364c5ddde6,1,6080.567164
2026/02/05/01:00:54,running-time,rs-005879-28ssp,e72b9f07-577d-45ac-a194-95364c5ddde6,1,6080.567164
2026/02/05/01:00:54,apply-time,rs-005879-vhw7d,f67f31ad-3ac6-4a81-ba04-ae999eb40d3d,1,6080.567164
2026/02/05/01:00:54,running-time,rs-005879-vhw7d,f67f31ad-3ac6-4a81-ba04-ae999eb40d3d,1,6080.567164
2026/02/05/01:00:54,apply-time,rs-005880-d9fmk,7c53269c-5a0f-4717-b157-ac0c6e9df4b6,1,6080.567164
2026/02/05/01:00:54,running-time,rs-005880-d9fmk,7c53269c-5a0f-4717-b157-ac0c6e9df4b6,1,6080.567164
2026/02/05/01:00:54,apply-time,rs-005880-xplmf,7900c9c0-fec5-4fdc-b1fe-6571a5e37ebb,1,6080.567164
2026/02/05/01:00:54,running-time,rs-005880-xplmf,7900c9c0-fec5-4fdc-b1fe-6571a5e37ebb,1,6080.567164
2026/02/05/01:00:55,apply-time,rs-005881-64jtd,124a0722-bd8a-42e0-9c86-233035d163bd,1,6082.567164
2026/02/05/01:00:55,running-time,rs-005881-64jtd,124a0722-bd8a-42e0-9c86-233035d163bd,1,6082.567164
2026/02/05/01:00:55,apply-time,rs-005882-4cldw,5de623c3-ae08-48c3-ad9f-8567ac9634eb,1,6082.567164
2026/02/05/01:00:55,running-time,rs-005882-4cldw,5de623c3-ae08-48c3-ad9f-8567ac9634eb,1,6082.567164
2026/02/05/01:00:55,apply-time,rs-005882-pkmm4,7fa2f5a0-a611-4bcd-abd4-5300fbbbeb47,1,6082.567164
2026/02/05/01:00:55,running-time,rs-005882-pkmm4,7fa2f5a0-a611-4bcd-abd4-5300fbbbeb47,1,6082.567164
2026/02/05/01:01:04,apply-time,rs-005883-dqksp,0facf09a-658e-4803-a4b7-b9afdc498c18,1,6091.567164
2026/02/05/01:01:04,running-time,rs-005883-dqksp,0facf09a-658e-4803-a4b7-b9afdc498c18,1,6091.567164
2026/02/05/01:01:04,apply-time,rs-005883-k49fn,f5c9d110-3163-48c8-9c78-cde633cc8b2d,1,6091.567164
2026/02/05/01:01:04,running-time,rs-005883-k49fn,f5c9d110-3163-48c8-9c78-cde633cc8b2d,1,6091.567164
2026/02/05/01:01:04,apply-time,rs-005883-xkjpx,79b6a816-718a-4dd4-bb6c-b633eadf1118,1,6091.567164
2026/02/05/01:01:04,running-time,rs-005883-xkjpx,79b6a816-718a-4dd4-bb6c-b633eadf1118,1,6091.567164
2026/02/05/01:01:05,apply-time,rs-005884-v5r5m,b3f9d126-b2f5-45a0-9a39-697bd64d7700,1,6091.567164
2026/02/05/01:01:05,running-time,rs-005884-v5r5m,b3f9d126-b2f5-45a0-9a39-697bd64d7700,1,6091.567164
2026/02/05/01:01:06,apply-time,rs-005885-2vmw8,13d965fb-c39d-47c5-88e3-9565a50508e6,1,6092.567164
2026/02/05/01:01:06,running-time,rs-005885-2vmw8,13d965fb-c39d-47c5-88e3-9565a50508e6,1,6092.567164
2026/02/05/01:01:06,apply-time,rs-005886-bcbzm,dea9890f-2a97-492e-acb2-00971fc110b5,1,6092.567164
2026/02/05/01:01:06,running-time,rs-005886-bcbzm,dea9890f-2a97-492e-acb2-00971fc110b5,1,6092.567164
2026/02/05/01:01:06,apply-time,rs-005887-sq4lm,a3262fcf-5863-4387-bad9-ab2d038c953d,1,6093.567164
2026/02/05/01:01:06,running-time,rs-005887-sq4lm,a3262fcf-5863-4387-bad9-ab2d038c953d,1,6093.567164
2026/02/05/01:01:06,apply-time,rs-005888-8966x,0e8bfdb9-4d79-46e4-8840-a992611fead9,1,6093.567164
2026/02/05/01:01:07,running-time,rs-005888-8966x,0e8bfdb9-4d79-46e4-8840-a992611fead9,1,6093.567164
2026/02/05/01:01:07,apply-time,rs-005888-st8s2,850d010c-501d-4b34-b63b-3d4f823d60fd,1,6093.567164
2026/02/05/01:01:07,running-time,rs-005888-st8s2,850d010c-501d-4b34-b63b-3d4f823d60fd,1,6093.567164
2026/02/05/01:01:08,apply-time,rs-005889-852vx,303bc47c-d54f-41ac-9cf3-2cbd1b693820,1,6094.567164
2026/02/05/01:01:08,running-time,rs-005889-852vx,303bc47c-d54f-41ac-9cf3-2cbd1b693820,1,6094.567164
2026/02/05/01:01:19,apply-time,rs-005890-2w92d,b005ca70-05dc-4d21-a12f-df11d42ef667,1,6105.567164
2026/02/05/01:01:19,running-time,rs-005890-2w92d,b005ca70-05dc-4d21-a12f-df11d42ef667,1,6105.567164
2026/02/05/01:01:19,apply-time,rs-005890-hwp79,d793cfcf-aa2f-4222-b61b-eaab40588b01,1,6105.567164
2026/02/05/01:01:19,running-time,rs-005890-hwp79,d793cfcf-aa2f-4222-b61b-eaab40588b01,1,6105.567164
2026/02/05/01:01:19,apply-time,rs-005890-mmpzb,ba16a4f2-a90f-49f5-8760-a390ba1f224e,1,6105.567164
2026/02/05/01:01:19,running-time,rs-005890-mmpzb,ba16a4f2-a90f-49f5-8760-a390ba1f224e,1,6105.567164
2026/02/05/01:01:20,apply-time,rs-005891-c4bws,b3156ae9-1e59-44d3-9327-434ab3ff8972,1,6106.567164
2026/02/05/01:01:20,running-time,rs-005891-c4bws,b3156ae9-1e59-44d3-9327-434ab3ff8972,1,6106.567164
2026/02/05/01:01:20,apply-time,rs-005891-qkc7r,3cb152e9-2c68-4167-a173-fa1ed966d837,1,6106.567164
2026/02/05/01:01:20,running-time,rs-005891-qkc7r,3cb152e9-2c68-4167-a173-fa1ed966d837,1,6106.567164
2026/02/05/01:01:20,apply-time,rs-005892-6cdjz,3db8eb41-5bca-46e7-a2e2-8c647b384ef2,1,6106.567164
2026/02/05/01:01:20,running-time,rs-005892-6cdjz,3db8eb41-5bca-46e7-a2e2-8c647b384ef2,1,6106.567164
2026/02/05/01:01:20,apply-time,rs-005892-97887,7918c871-dce3-4186-b83f-68e822b325e2,1,6106.567164
2026/02/05/01:01:20,running-time,rs-005892-97887,7918c871-dce3-4186-b83f-68e822b325e2,1,6107.567164
2026/02/05/01:01:20,apply-time,rs-005892-zdz7j,4b51f3e0-0a79-432c-9509-5f26d43b7933,1,6106.567164
2026/02/05/01:01:20,running-time,rs-005892-zdz7j,4b51f3e0-0a79-432c-9509-5f26d43b7933,1,6107.567164
2026/02/05/01:01:20,apply-time,rs-005893-4kcwm,266ce824-9b81-44ec-9cb0-dae1fa166b7d,1,6107.567164
2026/02/05/01:01:20,running-time,rs-005893-4kcwm,266ce824-9b81-44ec-9cb0-dae1fa166b7d,1,6107.567164
2026/02/05/01:01:20,apply-time,rs-005893-cqhps,fd8888ff-2c27-4dd9-b815-e906faf5243e,1,6107.567164
2026/02/05/01:01:20,running-time,rs-005893-cqhps,fd8888ff-2c27-4dd9-b815-e906faf5243e,1,6107.567164
2026/02/05/01:01:20,apply-time,rs-005893-vghtg,b845440c-df41-4220-92f6-642bdcdd7e35,1,6107.567164
2026/02/05/01:01:20,running-time,rs-005893-vghtg,b845440c-df41-4220-92f6-642bdcdd7e35,1,6107.567164
2026/02/05/01:01:20,apply-time,rs-005894-ff9c2,99cdea83-ff46-4dd9-be3a-ccd642769f61,1,6107.567164
2026/02/05/01:01:20,running-time,rs-005894-ff9c2,99cdea83-ff46-4dd9-be3a-ccd642769f61,1,6107.567164
2026/02/05/01:01:20,apply-time,rs-005894-kl7hc,b77e61ff-ade2-4810-bc35-99e750e0cfd5,1,6107.567164
2026/02/05/01:01:20,running-time,rs-005894-kl7hc,b77e61ff-ade2-4810-bc35-99e750e0cfd5,1,6107.567164
2026/02/05/01:01:20,apply-time,rs-005895-jkz8x,90b1d410-eb00-454d-ab3d-fed16bf977ed,1,6107.567164
2026/02/05/01:01:20,running-time,rs-005895-jkz8x,90b1d410-eb00-454d-ab3d-fed16bf977ed,1,6107.567164
2026/02/05/01:01:20,apply-time,rs-005895-pz7b6,db3c45d6-7ef7-491c-8f30-65ad629b9042,1,6107.567164
2026/02/05/01:01:20,running-time,rs-005895-pz7b6,db3c45d6-7ef7-491c-8f30-65ad629b9042,1,6107.567164
2026/02/05/01:01:20,apply-time,rs-005895-qsb7l,e73681f9-e4f9-4d2b-be7a-48f85a3a1f9c,1,6107.567164
2026/02/05/01:01:20,running-time,rs-005895-qsb7l,e73681f9-e4f9-4d2b-be7a-48f85a3a1f9c,1,6107.567164
2026/02/05/01:01:20,apply-time,rs-005896-ww582,abf92f05-ff3f-43c0-91c4-a09357e37699,1,6107.567164
2026/02/05/01:01:20,running-time,rs-005896-ww582,abf92f05-ff3f-43c0-91c4-a09357e37699,1,6107.567164
2026/02/05/01:01:20,apply-time,rs-005897-w7b2z,70fe3103-d1ea-4ffe-8ca7-1a008ab34d10,1,6107.567164
2026/02/05/01:01:21,running-time,rs-005897-w7b2z,70fe3103-d1ea-4ffe-8ca7-1a008ab34d10,1,6107.567164
2026/02/05/01:01:21,apply-time,rs-005897-xnctn,e133c5a5-d377-4385-b7b1-b2131e59970c,1,6107.567164
2026/02/05/01:01:21,running-time,rs-005897-xnctn,e133c5a5-d377-4385-b7b1-b2131e59970c,1,6107.567164
2026/02/05/01:01:21,apply-time,rs-005898-pqvf9,78214416-6805-4293-b6a1-82cdfbe945c2,1,6107.567164
2026/02/05/01:01:21,running-time,rs-005898-pqvf9,78214416-6805-4293-b6a1-82cdfbe945c2,1,6107.567164
2026/02/05/01:01:21,apply-time,rs-005899-f8kwn,58c8ef3f-8e8e-4219-abaa-33d59d698f40,1,6107.567164
2026/02/05/01:01:21,apply-time,rs-005900-7fl2l,fd6ff19c-6017-40ce-b33d-36f1d0fedf9e,1,6107.567164
2026/02/05/01:01:21,running-time,rs-005900-7fl2l,fd6ff19c-6017-40ce-b33d-36f1d0fedf9e,1,6107.567164
2026/02/05/01:01:21,apply-time,rs-005900-rgw29,884c0048-8b42-4d04-9fe4-bec2ebfb6ce9,1,6108.567164
2026/02/05/01:01:21,running-time,rs-005900-rgw29,884c0048-8b42-4d04-9fe4-bec2ebfb6ce9,1,6108.567164
2026/02/05/01:01:21,apply-time,rs-005901-f4g42,a3a3d4f6-9183-4e25-956f-06aba94b96e9,1,6108.567164
2026/02/05/01:01:21,apply-time,rs-005902-krr2c,b48bb4a4-b3b5-45ea-8160-b0a0739abcc6,1,6108.567164
2026/02/05/01:01:21,running-time,rs-005902-krr2c,b48bb4a4-b3b5-45ea-8160-b0a0739abcc6,1,6108.567164
2026/02/05/01:01:22,apply-time,rs-005902-vgbk2,9df67d92-ed58-4b1d-a0f1-36236663095e,1,6108.567164
2026/02/05/01:01:22,running-time,rs-005902-vgbk2,9df67d92-ed58-4b1d-a0f1-36236663095e,1,6108.567164
2026/02/05/01:01:28,apply-time,rs-005903-2rwbn,4792fbad-a304-46c0-8d61-d7df1c8fe60b,1,6115.567164
2026/02/05/01:01:28,running-time,rs-005903-2rwbn,4792fbad-a304-46c0-8d61-d7df1c8fe60b,1,6115.567164
2026/02/05/01:01:28,apply-time,rs-005903-jlp94,86ddfaa5-4f6a-498a-a69c-bd6670669229,1,6115.567164
2026/02/05/01:01:28,running-time,rs-005903-jlp94,86ddfaa5-4f6a-498a-a69c-bd6670669229,1,6115.567164
2026/02/05/01:01:28,apply-time,rs-005903-vpnp9,5dcd54f2-8429-4a5e-96c7-5852fe66fed0,1,6115.567164
2026/02/05/01:01:28,running-time,rs-005903-vpnp9,5dcd54f2-8429-4a5e-96c7-5852fe66fed0,1,6115.567164
2026/02/05/01:01:28,apply-time,rs-005904-2bwxj,6e38619b-90d8-4068-a1a0-8362d99259d0,1,6115.567164
2026/02/05/01:01:28,running-time,rs-005904-2bwxj,6e38619b-90d8-4068-a1a0-8362d99259d0,1,6115.567164
2026/02/05/01:01:28,apply-time,rs-005904-bj67h,05051b08-924e-4076-b978-88dfed195362,1,6115.567164
2026/02/05/01:01:28,running-time,rs-005904-bj67h,05051b08-924e-4076-b978-88dfed195362,1,6115.567164
2026/02/05/01:01:28,apply-time,rs-005905-45pzb,2ae51990-5a87-4957-928b-94b4084b9972,1,6115.567164
2026/02/05/01:01:28,apply-time,rs-005905-9vz75,2d1203bd-8b2a-4c2f-9951-92b814090ffd,1,6115.567164
2026/02/05/01:01:28,apply-time,rs-005905-kqhzj,23dec550-f498-45c6-acb2-4cd318484af6,1,6115.567164
2026/02/05/01:01:29,running-time,rs-005905-45pzb,2ae51990-5a87-4957-928b-94b4084b9972,1,6115.567164
2026/02/05/01:01:29,running-time,rs-005905-9vz75,2d1203bd-8b2a-4c2f-9951-92b814090ffd,1,6115.567164
2026/02/05/01:01:29,running-time,rs-005905-kqhzj,23dec550-f498-45c6-acb2-4cd318484af6,1,6115.567164
2026/02/05/01:01:30,apply-time,rs-005906-z42tj,6e7ecf50-30a4-44d8-b5ec-7fc403ded5fa,1,6116.567164
2026/02/05/01:01:30,running-time,rs-005906-z42tj,6e7ecf50-30a4-44d8-b5ec-7fc403ded5fa,1,6116.567164
2026/02/05/01:01:30,apply-time,rs-005907-2bxk5,39bc456e-803c-4413-a49c-2a4ca399cc14,1,6116.567164
2026/02/05/01:01:30,running-time,rs-005907-2bxk5,39bc456e-803c-4413-a49c-2a4ca399cc14,1,6116.567164
2026/02/05/01:01:30,apply-time,rs-005908-l4qmv,410a6f1f-e1b0-4218-b0bf-fedefc88a2ae,1,6116.567164
2026/02/05/01:01:30,running-time,rs-005908-l4qmv,410a6f1f-e1b0-4218-b0bf-fedefc88a2ae,1,6116.567164
2026/02/05/01:01:30,apply-time,rs-005908-wdlfb,7573a9c4-015c-445b-9c3d-33c2affef678,1,6116.567164
2026/02/05/01:01:30,running-time,rs-005908-wdlfb,7573a9c4-015c-445b-9c3d-33c2affef678,1,6116.567164
2026/02/05/01:01:30,apply-time,rs-005909-59wxs,0d6b03db-9624-427b-b70d-86297411f709,1,6116.567164
2026/02/05/01:01:30,running-time,rs-005909-59wxs,0d6b03db-9624-427b-b70d-86297411f709,1,6116.567164
2026/02/05/01:01:30,apply-time,rs-005909-9dzj2,4d19ab95-23a6-4406-b54b-8e1b5f9b5eca,1,6116.567164
2026/02/05/01:01:30,running-time,rs-005909-9dzj2,4d19ab95-23a6-4406-b54b-8e1b5f9b5eca,1,6116.567164
2026/02/05/01:01:30,apply-time,rs-005910-7lh9q,e1d4c0f6-c6c0-4a5e-930f-c6e3fd118ae3,1,6116.567164
2026/02/05/01:01:30,running-time,rs-005910-7lh9q,e1d4c0f6-c6c0-4a5e-930f-c6e3fd118ae3,1,6116.567164
2026/02/05/01:01:30,apply-time,rs-005910-gdp25,42657bcc-d4e6-464c-b3c7-e6ea545f9359,1,6116.567164
2026/02/05/01:01:30,running-time,rs-005910-gdp25,42657bcc-d4e6-464c-b3c7-e6ea545f9359,1,6116.567164
2026/02/05/01:01:30,apply-time,rs-005910-jnsmt,b3c5ae61-df38-4a5f-9d97-0869e44f7c8c,1,6116.567164
2026/02/05/01:01:30,running-time,rs-005910-jnsmt,b3c5ae61-df38-4a5f-9d97-0869e44f7c8c,1,6116.567164
2026/02/05/01:01:30,apply-time,rs-005911-6jmxg,d760dd28-5159-409f-9b3c-a14b61f7dd92,1,6117.567164
2026/02/05/01:01:30,running-time,rs-005911-6jmxg,d760dd28-5159-409f-9b3c-a14b61f7dd92,1,6117.567164
2026/02/05/01:01:34,apply-time,rs-005912-c2ndt,3e29354b-6fae-4478-9246-9001b5c09953,1,6121.567164
2026/02/05/01:01:34,running-time,rs-005912-c2ndt,3e29354b-6fae-4478-9246-9001b5c09953,1,6121.567164
2026/02/05/01:01:34,apply-time,rs-005912-fmpn4,ae32372e-4767-4f25-91af-52b20ee3fac2,1,6121.567164
2026/02/05/01:01:34,running-time,rs-005912-fmpn4,ae32372e-4767-4f25-91af-52b20ee3fac2,1,6121.567164
2026/02/05/01:01:34,apply-time,rs-005912-tzhb5,226b4fcc-17ed-48e2-b6ba-d2d03c028370,1,6121.567164
2026/02/05/01:01:34,running-time,rs-005912-tzhb5,226b4fcc-17ed-48e2-b6ba-d2d03c028370,1,6121.567164
2026/02/05/01:01:34,apply-time,rs-005913-jfwq8,98fc0762-1542-4f78-b8df-6bb59bbd49e8,1,6121.567164
2026/02/05/01:01:34,running-time,rs-005913-jfwq8,98fc0762-1542-4f78-b8df-6bb59bbd49e8,1,6121.567164
2026/02/05/01:01:42,apply-time,rs-005914-sm2dc,a1f93748-a861-4132-98ea-ca6500c59c0b,1,6129.567164
2026/02/05/01:01:42,running-time,rs-005914-sm2dc,a1f93748-a861-4132-98ea-ca6500c59c0b,1,6129.567164
2026/02/05/01:01:51,apply-time,rs-005915-fr2sl,2d40a6fe-e862-431e-9006-4e66aaa34de8,1,6137.567164
2026/02/05/01:01:51,running-time,rs-005915-fr2sl,2d40a6fe-e862-431e-9006-4e66aaa34de8,1,6137.567164
2026/02/05/01:01:51,apply-time,rs-005915-sjkq7,252da5fc-ada1-4a0b-a4fc-1320958b68b9,1,6137.567164
2026/02/05/01:01:51,running-time,rs-005915-sjkq7,252da5fc-ada1-4a0b-a4fc-1320958b68b9,1,6137.567164
2026/02/05/01:01:51,apply-time,rs-005915-v2kgt,23d8ad88-02e1-4530-acee-8e2ddb901eb5,1,6137.567164
2026/02/05/01:01:51,running-time,rs-005915-v2kgt,23d8ad88-02e1-4530-acee-8e2ddb901eb5,1,6137.567164
2026/02/05/01:01:51,apply-time,rs-005916-t5ql9,fadcf2fe-2687-4487-a539-f1ec8ca63dbe,1,6137.567164
2026/02/05/01:01:51,running-time,rs-005916-t5ql9,fadcf2fe-2687-4487-a539-f1ec8ca63dbe,1,6137.567164
2026/02/05/01:01:51,apply-time,rs-005917-zvn9r,96fc35c9-2052-40e3-a108-2366d20f5cec,1,6137.567164
2026/02/05/01:01:51,running-time,rs-005917-zvn9r,96fc35c9-2052-40e3-a108-2366d20f5cec,1,6137.567164
2026/02/05/01:01:51,apply-time,rs-005918-fmxlb,3f0880fc-3605-4fe1-a7a5-cad2deac3d1b,1,6137.567164
2026/02/05/01:01:51,running-time,rs-005918-fmxlb,3f0880fc-3605-4fe1-a7a5-cad2deac3d1b,1,6137.567164
2026/02/05/01:01:51,apply-time,rs-005918-ld56w,d49e6206-eb6f-4504-8208-a5f571529893,1,6137.567164
2026/02/05/01:01:51,running-time,rs-005918-ld56w,d49e6206-eb6f-4504-8208-a5f571529893,1,6137.567164
2026/02/05/01:01:51,apply-time,rs-005918-s68q9,50dd0709-649d-4d10-a929-580aefeec7f0,1,6137.567164
2026/02/05/01:01:51,running-time,rs-005918-s68q9,50dd0709-649d-4d10-a929-580aefeec7f0,1,6137.567164
2026/02/05/01:01:51,apply-time,rs-005919-jjgvk,f77d10f3-529b-439c-98af-8d6a341042ef,1,6138.567164
2026/02/05/01:01:51,running-time,rs-005919-jjgvk,f77d10f3-529b-439c-98af-8d6a341042ef,1,6138.567164
2026/02/05/01:01:51,apply-time,rs-005919-tkq68,5bb04848-37c2-44c7-af09-9f852e6b10d7,1,6138.567164
2026/02/05/01:01:51,running-time,rs-005919-tkq68,5bb04848-37c2-44c7-af09-9f852e6b10d7,1,6138.567164
2026/02/05/01:01:51,apply-time,rs-005920-2h2ff,d8b36a2c-8a0b-4a0b-98fa-74dc8d2e819c,1,6138.567164
2026/02/05/01:01:51,running-time,rs-005920-2h2ff,d8b36a2c-8a0b-4a0b-98fa-74dc8d2e819c,1,6138.567164
2026/02/05/01:01:51,apply-time,rs-005920-hk2k9,3c89d67a-1fcf-44d4-960e-974b081f03c7,1,6138.567164
2026/02/05/01:01:51,running-time,rs-005920-hk2k9,3c89d67a-1fcf-44d4-960e-974b081f03c7,1,6138.567164
2026/02/05/01:01:51,apply-time,rs-005920-n6xjt,6f0b0a73-27da-43c7-853a-65a34546c288,1,6138.567164
2026/02/05/01:01:51,running-time,rs-005920-n6xjt,6f0b0a73-27da-43c7-853a-65a34546c288,1,6138.567164
2026/02/05/01:01:52,apply-time,rs-005921-79hv2,80108f6a-ea4e-442d-b3da-d062760e54ae,1,6138.567164
2026/02/05/01:01:52,running-time,rs-005921-79hv2,80108f6a-ea4e-442d-b3da-d062760e54ae,1,6138.567164
2026/02/05/01:01:52,apply-time,rs-005921-96sts,70d7b635-cf99-413d-bb48-606f7701bdff,1,6138.567164
2026/02/05/01:01:52,running-time,rs-005921-96sts,70d7b635-cf99-413d-bb48-606f7701bdff,1,6138.567164
2026/02/05/01:01:52,apply-time,rs-005922-j7mln,f88684db-0358-466d-b148-25f83299a51d,1,6138.567164
2026/02/05/01:01:52,running-time,rs-005922-j7mln,f88684db-0358-466d-b148-25f83299a51d,1,6138.567164
2026/02/05/01:01:52,apply-time,rs-005922-lrrrb,9ff3b1b4-7540-43ff-a6f7-65fa74fc16b9,1,6138.567164
2026/02/05/01:01:52,running-time,rs-005922-lrrrb,9ff3b1b4-7540-43ff-a6f7-65fa74fc16b9,1,6138.567164
2026/02/05/01:01:52,apply-time,rs-005923-9x5qk,b963016d-f810-4b1e-864a-34b4a59adf52,1,6138.567164
2026/02/05/01:01:52,running-time,rs-005923-9x5qk,b963016d-f810-4b1e-864a-34b4a59adf52,1,6138.567164
2026/02/05/01:01:53,apply-time,rs-005924-4kfkc,8c38484d-39fc-493a-9746-7b6a253b63d2,1,6139.567164
2026/02/05/01:01:53,running-time,rs-005924-4kfkc,8c38484d-39fc-493a-9746-7b6a253b63d2,1,6139.567164
2026/02/05/01:01:53,apply-time,rs-005924-b7kkv,edbb8dca-f64b-475a-9426-541598345484,1,6139.567164
2026/02/05/01:01:53,running-time,rs-005924-b7kkv,edbb8dca-f64b-475a-9426-541598345484,1,6139.567164
2026/02/05/01:01:53,apply-time,rs-005924-vrvxn,1a9ed69c-20d6-45e2-84c0-97d5ca6437ac,1,6139.567164
2026/02/05/01:01:53,running-time,rs-005924-vrvxn,1a9ed69c-20d6-45e2-84c0-97d5ca6437ac,1,6139.567164
2026/02/05/01:01:54,apply-time,rs-005925-t8tbv,f7e95c93-8826-4aec-bbee-99eba0ab2bd8,1,6140.567164
2026/02/05/01:01:54,running-time,rs-005925-t8tbv,f7e95c93-8826-4aec-bbee-99eba0ab2bd8,1,6140.567164
2026/02/05/01:01:54,apply-time,rs-005926-z7r72,1c7acd77-c536-44a0-9ed0-3c11bd01bab2,1,6140.567164
2026/02/05/01:01:54,running-time,rs-005926-z7r72,1c7acd77-c536-44a0-9ed0-3c11bd01bab2,1,6140.567164
2026/02/05/01:01:54,apply-time,rs-005926-zcltq,2df464f7-61de-488c-b34a-5bc7b04f4f6e,1,6140.567164
2026/02/05/01:01:54,running-time,rs-005926-zcltq,2df464f7-61de-488c-b34a-5bc7b04f4f6e,1,6140.567164
2026/02/05/01:01:54,apply-time,rs-005927-g5zgz,66a67692-42f6-478d-aaeb-1d068fefab67,1,6140.567164
2026/02/05/01:01:54,running-time,rs-005927-g5zgz,66a67692-42f6-478d-aaeb-1d068fefab67,1,6140.567164
2026/02/05/01:01:54,apply-time,rs-005927-sjhv9,9fd01691-4986-4197-8b68-3fa0376663cc,1,6140.567164
2026/02/05/01:01:54,running-time,rs-005927-sjhv9,9fd01691-4986-4197-8b68-3fa0376663cc,1,6140.567164
2026/02/05/01:01:54,apply-time,rs-005928-mb4sn,a0d76b13-994c-4956-9bda-a78844a03a9b,1,6140.567164
2026/02/05/01:01:54,running-time,rs-005928-mb4sn,a0d76b13-994c-4956-9bda-a78844a03a9b,1,6140.567164
2026/02/05/01:01:54,apply-time,rs-005929-8n28r,43f51699-6f29-4d7e-88d6-f6afe60df554,1,6141.567164
2026/02/05/01:01:54,apply-time,rs-005930-h2sdd,e74280b5-3235-46a3-934a-026f1f7c84f7,1,6141.567164
2026/02/05/01:01:54,apply-time,rs-005930-j97hx,7d9abf57-75cc-44a0-bcd2-182fbf89f39f,1,6141.567164
2026/02/05/01:01:54,apply-time,rs-005931-89rmt,3ba9138e-4b58-4c73-abad-e3860a08c63e,1,6141.567164
2026/02/05/01:01:54,apply-time,rs-005932-pjwxb,e6df3907-99f9-4206-ad72-759439ecffc4,1,6141.567164
2026/02/05/01:01:54,running-time,rs-005932-pjwxb,e6df3907-99f9-4206-ad72-759439ecffc4,1,6141.567164
2026/02/05/01:01:55,apply-time,rs-005932-cm486,f7a54f55-f26f-4e28-940b-a0c14dae82ae,1,6141.567164
2026/02/05/01:01:55,running-time,rs-005932-cm486,f7a54f55-f26f-4e28-940b-a0c14dae82ae,1,6141.567164
2026/02/05/01:01:55,apply-time,rs-005932-rmtwp,c9303e31-0086-47ae-acf2-dd1ae8b81d15,1,6141.567164
2026/02/05/01:01:55,running-time,rs-005932-rmtwp,c9303e31-0086-47ae-acf2-dd1ae8b81d15,1,6141.567164
2026/02/05/01:01:55,apply-time,rs-005933-6wsvn,5975c308-8acd-4aa3-ad6f-8f87635fcd3a,1,6141.567164
2026/02/05/01:01:55,running-time,rs-005933-6wsvn,5975c308-8acd-4aa3-ad6f-8f87635fcd3a,1,6141.567164
2026/02/05/01:01:55,apply-time,rs-005934-kjv4f,f6847d65-18dc-4539-ae37-515321d84250,1,6141.567164
2026/02/05/01:01:55,running-time,rs-005934-kjv4f,f6847d65-18dc-4539-ae37-515321d84250,1,6141.567164
2026/02/05/01:01:55,apply-time,rs-005935-bbl4k,d21a3aba-37e1-40cc-84eb-77a8c4ba271b,1,6142.567164
2026/02/05/01:01:55,running-time,rs-005935-bbl4k,d21a3aba-37e1-40cc-84eb-77a8c4ba271b,1,6142.567164
2026/02/05/01:01:55,apply-time,rs-005935-ks74q,aadf7e0e-041c-4e3c-9e6c-36f68f1121b5,1,6142.567164
2026/02/05/01:01:55,running-time,rs-005935-ks74q,aadf7e0e-041c-4e3c-9e6c-36f68f1121b5,1,6142.567164
2026/02/05/01:01:55,apply-time,rs-005935-z5jhl,21bc322e-d76d-4027-a196-0a4285a26074,1,6142.567164
2026/02/05/01:01:55,running-time,rs-005935-z5jhl,21bc322e-d76d-4027-a196-0a4285a26074,1,6142.567164
2026/02/05/01:01:56,running-time,rs-005929-8n28r,43f51699-6f29-4d7e-88d6-f6afe60df554,1,6143.567164
2026/02/05/01:02:04,apply-time,rs-004094-v8tfr,571698e4-e8a3-41a3-a8c4-7c5cf65b6067,1,6151.567164
2026/02/05/01:02:04,running-time,rs-004094-v8tfr,571698e4-e8a3-41a3-a8c4-7c5cf65b6067,1,6151.567164
2026/02/05/01:02:04,apply-time,rs-005751-4fvwx,4c243464-4ce7-4540-9d34-2df608778454,1,6151.567164
2026/02/05/01:02:04,running-time,rs-005751-4fvwx,4c243464-4ce7-4540-9d34-2df608778454,1,6151.567164
2026/02/05/01:02:04,running-time,rs-005930-h2sdd,e74280b5-3235-46a3-934a-026f1f7c84f7,1,6151.567164
2026/02/05/01:02:04,running-time,rs-005930-j97hx,7d9abf57-75cc-44a0-bcd2-182fbf89f39f,1,6151.567164
2026/02/05/01:02:07,apply-time,rs-005936-sxhql,c043615b-1b2b-4e6b-9569-5264051fd992,1,6154.567164
2026/02/05/01:02:08,apply-time,rs-005937-5l77n,64f72cf6-b524-4bb4-9799-5e99e7783e0d,1,6154.567164
2026/02/05/01:02:08,running-time,rs-005937-5l77n,64f72cf6-b524-4bb4-9799-5e99e7783e0d,1,6154.567164
2026/02/05/01:02:08,apply-time,rs-005937-gk862,c6616da0-fdd8-4a44-ae72-df1cd838498d,1,6154.567164
2026/02/05/01:02:08,running-time,rs-005937-gk862,c6616da0-fdd8-4a44-ae72-df1cd838498d,1,6154.567164
2026/02/05/01:02:08,apply-time,rs-005938-b2thn,eed7a635-5c9e-4872-b452-9c5e34086b29,1,6155.567164
2026/02/05/01:02:08,running-time,rs-005938-b2thn,eed7a635-5c9e-4872-b452-9c5e34086b29,1,6155.567164
2026/02/05/01:02:10,apply-time,rs-005939-c8hc2,b8c44175-5271-41a7-997f-abead22608b4,1,6157.567164
2026/02/05/01:02:10,running-time,rs-005939-c8hc2,b8c44175-5271-41a7-997f-abead22608b4,1,6157.567164
2026/02/05/01:02:10,apply-time,rs-005939-gwgbh,7ea5e111-4191-4a71-9bbc-9f85635f355d,1,6157.567164
2026/02/05/01:02:10,running-time,rs-005939-gwgbh,7ea5e111-4191-4a71-9bbc-9f85635f355d,1,6157.567164
2026/02/05/01:02:11,apply-time,rs-005940-4z9sp,d1f8592e-d7ca-49fb-993b-00dcb124d0f6,1,6157.567164
2026/02/05/01:02:11,running-time,rs-005940-4z9sp,d1f8592e-d7ca-49fb-993b-00dcb124d0f6,1,6157.567164
2026/02/05/01:02:11,apply-time,rs-005941-b8qf8,1dab7dd0-bdd8-44d8-b544-f0ca5aeb3f94,1,6157.567164
2026/02/05/01:02:11,apply-time,rs-005941-s6cbt,58abee2b-bb88-41eb-9fec-77b2fee53729,1,6157.567164
2026/02/05/01:02:11,apply-time,rs-005942-f6prr,b178bca1-a798-4602-8684-21ae04bfe32d,1,6157.567164
2026/02/05/01:02:11,running-time,rs-005942-f6prr,b178bca1-a798-4602-8684-21ae04bfe32d,1,6157.567164
2026/02/05/01:02:11,apply-time,rs-005943-djlxm,2b396b0f-4eab-40ad-a8ff-7c2f5c5b0101,1,6157.567164
2026/02/05/01:02:11,running-time,rs-005943-djlxm,2b396b0f-4eab-40ad-a8ff-7c2f5c5b0101,1,6157.567164
2026/02/05/01:02:11,apply-time,rs-005943-vrw2s,939ac6c6-6168-4118-bce1-e2c9f116ba92,1,6157.567164
2026/02/05/01:02:11,running-time,rs-005943-vrw2s,939ac6c6-6168-4118-bce1-e2c9f116ba92,1,6157.567164
2026/02/05/01:02:11,apply-time,rs-005944-8k8p6,269bede6-6548-48e9-aab0-7a0dfbed9ce9,1,6158.567164
2026/02/05/01:02:11,running-time,rs-005944-8k8p6,269bede6-6548-48e9-aab0-7a0dfbed9ce9,1,6158.567164
2026/02/05/01:02:11,apply-time,rs-005944-zl58r,d9783aac-2b3a-4a88-a3bd-fcc39659c594,1,6158.567164
2026/02/05/01:02:11,running-time,rs-005944-zl58r,d9783aac-2b3a-4a88-a3bd-fcc39659c594,1,6158.567164
2026/02/05/01:02:11,apply-time,rs-005944-zp2d6,aabc20d9-05e2-4432-be81-44cda05e1e63,1,6158.567164
2026/02/05/01:02:11,running-time,rs-005944-zp2d6,aabc20d9-05e2-4432-be81-44cda05e1e63,1,6158.567164
2026/02/05/01:02:11,apply-time,rs-005945-89g52,aba3ac1b-ca6c-4998-aaf1-3f184f3b1c4e,1,6158.567164
2026/02/05/01:02:11,running-time,rs-005945-89g52,aba3ac1b-ca6c-4998-aaf1-3f184f3b1c4e,1,6158.567164
2026/02/05/01:02:11,apply-time,rs-005945-nj9tr,f495722d-b9c6-4a7b-b1e7-b7d41a83c28b,1,6158.567164
2026/02/05/01:02:11,running-time,rs-005945-nj9tr,f495722d-b9c6-4a7b-b1e7-b7d41a83c28b,1,6158.567164
2026/02/05/01:02:11,apply-time,rs-005946-kpxrr,4d7fb80c-a3d0-4e34-b1fc-0b3fd3094e16,1,6158.567164
2026/02/05/01:02:12,apply-time,rs-005946-2vvcj,8516d307-d969-4db5-8dcb-c952237fd9dc,1,6158.567164
2026/02/05/01:02:12,running-time,rs-005946-2vvcj,8516d307-d969-4db5-8dcb-c952237fd9dc,1,6158.567164
2026/02/05/01:02:12,running-time,rs-005946-kpxrr,4d7fb80c-a3d0-4e34-b1fc-0b3fd3094e16,1,6158.567164
2026/02/05/01:02:12,apply-time,rs-005946-txwx4,41d566c5-ef9c-43f7-83bc-97255fc56d36,1,6158.567164
2026/02/05/01:02:12,running-time,rs-005946-txwx4,41d566c5-ef9c-43f7-83bc-97255fc56d36,1,6158.567164
2026/02/05/01:02:12,apply-time,rs-005947-blzvl,5ee7ae91-7d3a-40a2-82c0-64b59d7416a9,1,6158.567164
2026/02/05/01:02:12,running-time,rs-005947-blzvl,5ee7ae91-7d3a-40a2-82c0-64b59d7416a9,1,6158.567164
2026/02/05/01:02:12,apply-time,rs-005947-xl6zw,fed9840d-8061-47bc-9c30-cce8d6160713,1,6158.567164
2026/02/05/01:02:12,running-time,rs-005947-xl6zw,fed9840d-8061-47bc-9c30-cce8d6160713,1,6158.567164
2026/02/05/01:02:13,apply-time,rs-005948-hrp9x,578f9a86-a16b-415a-b49c-3d72171c2bc7,1,6159.567164
2026/02/05/01:02:13,apply-time,rs-005949-dv624,c6706267-a908-42ab-8fa7-3e4a418bac30,1,6159.567164
2026/02/05/01:02:13,running-time,rs-005949-dv624,c6706267-a908-42ab-8fa7-3e4a418bac30,1,6159.567164
2026/02/05/01:02:13,apply-time,rs-005950-jb6dw,84761047-2a26-4ac9-b94c-35dbf3e732e7,1,6159.567164
2026/02/05/01:02:13,apply-time,rs-005950-lxw8l,1a79b51e-d30d-491d-8efe-05597a57ac1e,1,6159.567164
2026/02/05/01:02:15,running-time,rs-005948-hrp9x,578f9a86-a16b-415a-b49c-3d72171c2bc7,1,6161.567164
2026/02/05/01:02:16,apply-time,rs-005951-d86zn,43295659-9e31-4242-b53a-010cee4951e4,1,6162.567164
2026/02/05/01:02:16,running-time,rs-005951-d86zn,43295659-9e31-4242-b53a-010cee4951e4,1,6162.567164
2026/02/05/01:02:16,apply-time,rs-005951-lghvh,f9763858-917f-468c-9f60-9f31bebd2306,1,6162.567164
2026/02/05/01:02:16,running-time,rs-005951-lghvh,f9763858-917f-468c-9f60-9f31bebd2306,1,6162.567164
2026/02/05/01:02:22,apply-time,rs-005952-dgmpt,674e3e3b-3668-4c92-ad20-7eb9f2228fdf,1,6169.567164
2026/02/05/01:02:22,running-time,rs-005952-dgmpt,674e3e3b-3668-4c92-ad20-7eb9f2228fdf,1,6169.567164
2026/02/05/01:02:22,apply-time,rs-005952-ntj6j,4cfbc279-f310-4886-a43a-78cc316be48e,1,6169.567164
2026/02/05/01:02:22,running-time,rs-005952-ntj6j,4cfbc279-f310-4886-a43a-78cc316be48e,1,6169.567164
2026/02/05/01:02:22,apply-time,rs-005952-r5tpc,675e1807-d6da-4a51-b6f0-cb6921cde545,1,6169.567164
2026/02/05/01:02:22,running-time,rs-005952-r5tpc,675e1807-d6da-4a51-b6f0-cb6921cde545,1,6169.567164
2026/02/05/01:02:22,apply-time,rs-005953-v85w6,43cb8f4a-d19d-4f86-af9e-c6c02a08b81b,1,6169.567164
2026/02/05/01:02:22,running-time,rs-005953-v85w6,43cb8f4a-d19d-4f86-af9e-c6c02a08b81b,1,6169.567164
2026/02/05/01:02:22,apply-time,rs-005954-bqhwd,3c1db458-a1ac-471e-a04a-0415ab03641e,1,6169.567164
2026/02/05/01:02:22,apply-time,rs-005954-wlm86,2aaae7d8-8c0a-492c-aa22-12d7044e9d21,1,6169.567164
2026/02/05/01:02:22,running-time,rs-005954-wlm86,2aaae7d8-8c0a-492c-aa22-12d7044e9d21,1,6169.567164
2026/02/05/01:02:22,apply-time,rs-005954-zvpfs,d5feff41-3b79-411b-90a8-06fffee3391d,1,6169.567164
2026/02/05/01:02:22,apply-time,rs-005955-5tgq2,0d233950-f355-4378-aab4-7880715d6734,1,6169.567164
2026/02/05/01:02:22,running-time,rs-005955-5tgq2,0d233950-f355-4378-aab4-7880715d6734,1,6169.567164
2026/02/05/01:02:22,apply-time,rs-005955-n7z8c,880f8767-7462-42fb-9e78-69ac8b64c2f7,1,6169.567164
2026/02/05/01:02:22,running-time,rs-005955-n7z8c,880f8767-7462-42fb-9e78-69ac8b64c2f7,1,6169.567164
2026/02/05/01:02:22,apply-time,rs-005955-qmfrf,8a1d71f6-2330-470c-972e-35e4d6048fd8,1,6169.567164
2026/02/05/01:02:22,running-time,rs-005955-qmfrf,8a1d71f6-2330-470c-972e-35e4d6048fd8,1,6169.567164
2026/02/05/01:02:23,running-time,rs-005954-bqhwd,3c1db458-a1ac-471e-a04a-0415ab03641e,1,6169.567164
2026/02/05/01:02:23,running-time,rs-005954-zvpfs,d5feff41-3b79-411b-90a8-06fffee3391d,1,6169.567164
2026/02/05/01:02:23,apply-time,rs-005956-vb225,7bb1d02a-a2ff-42d7-9db7-9dea598c4866,1,6170.567164
2026/02/05/01:02:24,apply-time,rs-005957-djj2g,d7181f6d-3baa-4ace-b697-0fc7095ec86c,1,6171.567164
2026/02/05/01:02:24,running-time,rs-005957-djj2g,d7181f6d-3baa-4ace-b697-0fc7095ec86c,1,6171.567164
2026/02/05/01:02:24,apply-time,rs-005957-nwv56,7171604f-ed53-4cf8-8676-e7b2e0a2a58f,1,6171.567164
2026/02/05/01:02:24,running-time,rs-005957-nwv56,7171604f-ed53-4cf8-8676-e7b2e0a2a58f,1,6171.567164
2026/02/05/01:02:24,apply-time,rs-005958-85bmb,7e2f3a6b-2912-4830-91ce-4c533ccac8d4,1,6171.567164
2026/02/05/01:02:24,running-time,rs-005958-85bmb,7e2f3a6b-2912-4830-91ce-4c533ccac8d4,1,6171.567164
2026/02/05/01:02:24,apply-time,rs-005958-srmjh,552f3d69-b9fd-46b3-9c08-0ea8879079ce,1,6171.567164
2026/02/05/01:02:24,running-time,rs-005958-srmjh,552f3d69-b9fd-46b3-9c08-0ea8879079ce,1,6171.567164
2026/02/05/01:02:24,apply-time,rs-005959-kj6cq,d6e0b2af-2e0a-43c9-a836-167d6dc2fa4d,1,6171.567164
2026/02/05/01:02:24,running-time,rs-005959-kj6cq,d6e0b2af-2e0a-43c9-a836-167d6dc2fa4d,1,6171.567164
2026/02/05/01:02:24,apply-time,rs-005959-ngjqc,4faf8996-198f-4992-b76f-0331f802953b,1,6171.567164
2026/02/05/01:02:24,running-time,rs-005959-ngjqc,4faf8996-198f-4992-b76f-0331f802953b,1,6171.567164
2026/02/05/01:02:24,apply-time,rs-005960-7pq8g,9c46256c-0dbb-4859-ab37-08943554314b,1,6171.567164
2026/02/05/01:02:24,running-time,rs-005960-7pq8g,9c46256c-0dbb-4859-ab37-08943554314b,1,6171.567164
2026/02/05/01:02:24,apply-time,rs-005961-ldwzh,9da517da-85aa-4ac7-b873-72fd18c6df24,1,6171.567164
2026/02/05/01:02:25,apply-time,rs-005960-jntcm,4892cee7-5392-4d4c-add6-1bbe6eb8f0e6,1,6171.567164
2026/02/05/01:02:25,running-time,rs-005960-jntcm,4892cee7-5392-4d4c-add6-1bbe6eb8f0e6,1,6171.567164
2026/02/05/01:02:25,apply-time,rs-005960-z87lv,b34b9473-beb5-4d27-9238-e97935e470b6,1,6171.567164
2026/02/05/01:02:25,running-time,rs-005960-z87lv,b34b9473-beb5-4d27-9238-e97935e470b6,1,6171.567164
2026/02/05/01:02:25,running-time,rs-005961-ldwzh,9da517da-85aa-4ac7-b873-72fd18c6df24,1,6171.567164
2026/02/05/01:02:25,apply-time,rs-005961-lrcxw,61196f93-e2dd-4087-885b-a9ba8ebb7237,1,6171.567164
2026/02/05/01:02:25,running-time,rs-005961-lrcxw,61196f93-e2dd-4087-885b-a9ba8ebb7237,1,6171.567164
2026/02/05/01:02:25,apply-time,rs-005962-ldcv6,43de9761-6b7b-4255-be57-1765fee3bbfd,1,6172.567164
2026/02/05/01:02:25,running-time,rs-005962-ldcv6,43de9761-6b7b-4255-be57-1765fee3bbfd,1,6172.567164
2026/02/05/01:02:25,apply-time,rs-005962-qlskt,603193de-5f5c-446f-bfb5-0da8cb816635,1,6171.567164
2026/02/05/01:02:25,running-time,rs-005962-qlskt,603193de-5f5c-446f-bfb5-0da8cb816635,1,6171.567164
2026/02/05/01:02:25,apply-time,rs-005963-hz78w,89acacf3-64fb-4681-8dba-d2be63191956,1,6172.567164
2026/02/05/01:02:25,apply-time,rs-005963-lr5zs,525ff920-fc1c-4c2f-90f6-cbad25cb4a36,1,6171.567164
2026/02/05/01:02:25,apply-time,rs-005964-c6hr2,f124ac91-f51f-48d4-b4d0-4c8118d472ed,1,6171.567164
2026/02/05/01:02:25,running-time,rs-005964-c6hr2,f124ac91-f51f-48d4-b4d0-4c8118d472ed,1,6171.567164
2026/02/05/01:02:26,running-time,rs-005963-lr5zs,525ff920-fc1c-4c2f-90f6-cbad25cb4a36,1,6173.567164
2026/02/05/01:02:28,apply-time,rs-005965-d7gtn,9e7dc184-af70-4789-a95d-035b49e9ca02,1,6174.567164
2026/02/05/01:02:28,apply-time,rs-005966-d98bd,729c0b78-ac7d-4770-bde2-33469db05ad9,1,6174.567164
2026/02/05/01:02:28,running-time,rs-005966-d98bd,729c0b78-ac7d-4770-bde2-33469db05ad9,1,6174.567164
2026/02/05/01:02:28,apply-time,rs-005967-4dnwp,e9ed69a4-af1c-4381-a8ad-f607fbffb8be,1,6175.567164
2026/02/05/01:02:28,running-time,rs-005967-4dnwp,e9ed69a4-af1c-4381-a8ad-f607fbffb8be,1,6175.567164
2026/02/05/01:02:28,apply-time,rs-005967-mpsqn,9c633f73-4bfa-42d3-a48c-335fdd08d992,1,6175.567164
2026/02/05/01:02:28,running-time,rs-005967-mpsqn,9c633f73-4bfa-42d3-a48c-335fdd08d992,1,6175.567164
2026/02/05/01:02:31,running-time,rs-005965-d7gtn,9e7dc184-af70-4789-a95d-035b49e9ca02,1,6177.567164
2026/02/05/01:02:36,apply-time,rs-005968-7th44,7304500c-c6e6-4b0d-9052-d5ac338538d5,1,6182.567164
2026/02/05/01:02:36,running-time,rs-005968-7th44,7304500c-c6e6-4b0d-9052-d5ac338538d5,1,6182.567164
2026/02/05/01:02:36,apply-time,rs-005968-crqn5,2cedefee-8628-4d42-9c74-43634dd163f3,1,6182.567164
2026/02/05/01:02:36,running-time,rs-005968-crqn5,2cedefee-8628-4d42-9c74-43634dd163f3,1,6182.567164
2026/02/05/01:02:42,apply-time,rs-005970-6rlfl,c53cbaab-4311-482f-a769-9ec1be32a27e,1,6189.567164
2026/02/05/01:02:42,apply-time,rs-005970-td26w,729c77e0-e375-4abe-9941-2c64bf54c3d2,1,6189.567164
2026/02/05/01:02:42,apply-time,rs-005971-8s5rx,358efa77-8baf-4240-9c75-a904c45b2646,1,6189.567164
2026/02/05/01:02:42,apply-time,rs-005971-nfvrj,9560aa60-a1ff-4176-9368-179a2395c338,1,6189.567164
2026/02/05/01:02:42,running-time,rs-005971-nfvrj,9560aa60-a1ff-4176-9368-179a2395c338,1,6189.567164
2026/02/05/01:02:43,apply-time,rs-005969-cxrds,fc28bbbd-b57a-4d2a-9894-7f71a40964b9,1,6189.567164
2026/02/05/01:02:43,running-time,rs-005969-cxrds,fc28bbbd-b57a-4d2a-9894-7f71a40964b9,1,6189.567164
2026/02/05/01:02:43,apply-time,rs-005969-jjldj,0cfed3f6-7d4f-4cf2-95ab-02a53776f2f1,1,6189.567164
2026/02/05/01:02:43,running-time,rs-005969-jjldj,0cfed3f6-7d4f-4cf2-95ab-02a53776f2f1,1,6189.567164
2026/02/05/01:02:43,apply-time,rs-005969-lfwnh,ade15b15-8fea-4927-baf0-1bca273ab2c9,1,6189.567164
2026/02/05/01:02:43,running-time,rs-005970-6rlfl,c53cbaab-4311-482f-a769-9ec1be32a27e,1,6189.567164
2026/02/05/01:02:43,running-time,rs-005970-td26w,729c77e0-e375-4abe-9941-2c64bf54c3d2,1,6189.567164
2026/02/05/01:02:43,running-time,rs-005971-8s5rx,358efa77-8baf-4240-9c75-a904c45b2646,1,6189.567164
2026/02/05/01:02:43,apply-time,rs-005972-5qx2x,6d8f14c8-12ba-4d3f-acad-2b9d7244bc4b,1,6189.567164
2026/02/05/01:02:43,running-time,rs-005972-5qx2x,6d8f14c8-12ba-4d3f-acad-2b9d7244bc4b,1,6189.567164
2026/02/05/01:02:43,apply-time,rs-005972-lvjnd,c0131607-a590-4659-be3b-e910c940bfd5,1,6189.567164
2026/02/05/01:02:43,running-time,rs-005972-lvjnd,c0131607-a590-4659-be3b-e910c940bfd5,1,6189.567164
2026/02/05/01:02:43,apply-time,rs-005972-q8vb6,8e9cd6e4-9a95-492a-97ab-28ca30922328,1,6189.567164
2026/02/05/01:02:43,running-time,rs-005972-q8vb6,8e9cd6e4-9a95-492a-97ab-28ca30922328,1,6189.567164
2026/02/05/01:02:45,running-time,rs-005969-lfwnh,ade15b15-8fea-4927-baf0-1bca273ab2c9,1,6192.567164
2026/02/05/01:02:46,apply-time,rs-005973-5xrc4,68a135c3-26dc-4f76-b136-6912112bcccf,1,6193.567164
2026/02/05/01:02:46,running-time,rs-005973-5xrc4,68a135c3-26dc-4f76-b136-6912112bcccf,1,6193.567164
2026/02/05/01:02:46,apply-time,rs-005973-btgqj,b28c681a-ae23-440a-ab94-332a606b908d,1,6193.567164
2026/02/05/01:02:46,running-time,rs-005973-btgqj,b28c681a-ae23-440a-ab94-332a606b908d,1,6193.567164
2026/02/05/01:02:46,apply-time,rs-005973-sldhs,276624eb-23f3-4834-b1ce-15abde4c75e0,1,6193.567164
2026/02/05/01:02:46,running-time,rs-005973-sldhs,276624eb-23f3-4834-b1ce-15abde4c75e0,1,6193.567164
2026/02/05/01:02:46,apply-time,rs-005974-dww8n,3d2b2d93-8b6c-4bd2-ae3b-a5589b5372bf,1,6193.567164
2026/02/05/01:02:46,running-time,rs-005974-dww8n,3d2b2d93-8b6c-4bd2-ae3b-a5589b5372bf,1,6193.567164
2026/02/05/01:02:46,apply-time,rs-005974-xd6rf,ad47e955-97b3-4776-bf90-9d3c2fcd5188,1,6193.567164
2026/02/05/01:02:46,running-time,rs-005974-xd6rf,ad47e955-97b3-4776-bf90-9d3c2fcd5188,1,6193.567164
2026/02/05/01:02:50,apply-time,rs-005975-ghbqt,9d548434-bd87-4c18-805f-598295731b9e,1,6196.567164
2026/02/05/01:02:50,running-time,rs-005975-ghbqt,9d548434-bd87-4c18-805f-598295731b9e,1,6196.567164
2026/02/05/01:02:50,apply-time,rs-005975-pnrqp,bdf51f02-762a-4119-9b91-a9146634525f,1,6196.567164
2026/02/05/01:02:50,running-time,rs-005975-pnrqp,bdf51f02-762a-4119-9b91-a9146634525f,1,6196.567164
2026/02/05/01:02:50,apply-time,rs-005975-zfpt9,f8265ee3-87ef-4d35-9e1f-4e308e16158b,1,6196.567164
2026/02/05/01:02:50,running-time,rs-005975-zfpt9,f8265ee3-87ef-4d35-9e1f-4e308e16158b,1,6196.567164
2026/02/05/01:02:50,apply-time,rs-005976-2jqn5,e67f7c6e-860d-4dc8-81d2-8ad9969feb37,1,6196.567164
2026/02/05/01:02:50,running-time,rs-005976-2jqn5,e67f7c6e-860d-4dc8-81d2-8ad9969feb37,1,6196.567164
2026/02/05/01:02:50,apply-time,rs-005976-dnh2h,e7faba9c-f6df-41f6-b8ab-4fbf3a93a29e,1,6196.567164
2026/02/05/01:02:50,running-time,rs-005976-dnh2h,e7faba9c-f6df-41f6-b8ab-4fbf3a93a29e,1,6196.567164
2026/02/05/01:02:52,apply-time,rs-005977-7f8mp,8501daee-659a-4da2-b6c7-eaf350c626cd,1,6199.567164
2026/02/05/01:02:52,running-time,rs-005977-7f8mp,8501daee-659a-4da2-b6c7-eaf350c626cd,1,6199.567164
2026/02/05/01:02:52,apply-time,rs-005977-8kwm7,2763b970-0b66-423b-9ee4-8a4b00652a2f,1,6199.567164
2026/02/05/01:02:52,running-time,rs-005977-8kwm7,2763b970-0b66-423b-9ee4-8a4b00652a2f,1,6199.567164
2026/02/05/01:02:52,apply-time,rs-005977-9hvzr,25dcd48e-3b77-4966-9daf-8af4a798c4fe,1,6199.567164
2026/02/05/01:02:52,running-time,rs-005977-9hvzr,25dcd48e-3b77-4966-9daf-8af4a798c4fe,1,6199.567164
2026/02/05/01:02:52,apply-time,rs-005978-bshh4,55e8117e-2551-4c9b-9e39-d8f21311c718,1,6199.567164
2026/02/05/01:02:52,running-time,rs-005978-bshh4,55e8117e-2551-4c9b-9e39-d8f21311c718,1,6199.567164
2026/02/05/01:02:52,apply-time,rs-005978-vszvh,ffa8b179-948b-4f04-b02f-e38aa8ff2ff9,1,6199.567164
2026/02/05/01:02:52,running-time,rs-005978-vszvh,ffa8b179-948b-4f04-b02f-e38aa8ff2ff9,1,6199.567164
2026/02/05/01:02:52,apply-time,rs-005979-z9wxt,9438cb7d-50e0-437d-b2c1-da182cb2ccee,1,6199.567164
2026/02/05/01:02:52,apply-time,rs-005980-8vwfw,9fa4c270-2757-4cab-965a-ea03a284f5c3,1,6199.567164
2026/02/05/01:02:52,running-time,rs-005980-8vwfw,9fa4c270-2757-4cab-965a-ea03a284f5c3,1,6199.567164
2026/02/05/01:02:52,apply-time,rs-005980-9cn4s,8df84019-e9ae-4486-bb26-b467ca3cc3ce,1,6199.567164
2026/02/05/01:02:52,running-time,rs-005980-9cn4s,8df84019-e9ae-4486-bb26-b467ca3cc3ce,1,6199.567164
2026/02/05/01:02:52,apply-time,rs-005980-9p25s,199aee1e-a41c-46e6-ab26-03e19de68ba7,1,6199.567164
2026/02/05/01:02:52,running-time,rs-005980-9p25s,199aee1e-a41c-46e6-ab26-03e19de68ba7,1,6199.567164
2026/02/05/01:02:52,apply-time,rs-005981-9ns4d,c6660b3d-f0de-43ed-a57b-bc7a6a1c27a1,1,6199.567164
2026/02/05/01:02:52,running-time,rs-005981-9ns4d,c6660b3d-f0de-43ed-a57b-bc7a6a1c27a1,1,6199.567164
2026/02/05/01:02:52,apply-time,rs-005981-9z4vl,a8439997-465c-4b26-90cb-702546dc9eff,1,6199.567164
2026/02/05/01:02:52,running-time,rs-005981-9z4vl,a8439997-465c-4b26-90cb-702546dc9eff,1,6199.567164
2026/02/05/01:02:52,apply-time,rs-005981-f27px,5f1a1799-9adf-4269-9526-a303e948023a,1,6199.567164
2026/02/05/01:02:52,running-time,rs-005981-f27px,5f1a1799-9adf-4269-9526-a303e948023a,1,6199.567164
2026/02/05/01:02:53,apply-time,rs-005982-9hn74,6616edd6-e6ff-4a3b-a7b3-7554bc6b45bc,1,6199.567164
2026/02/05/01:02:53,running-time,rs-005982-9hn74,6616edd6-e6ff-4a3b-a7b3-7554bc6b45bc,1,6199.567164
2026/02/05/01:02:53,apply-time,rs-005983-hgvxb,029210a5-d49a-4a15-8895-650245be3b32,1,6199.567164
2026/02/05/01:02:53,running-time,rs-005983-hgvxb,029210a5-d49a-4a15-8895-650245be3b32,1,6199.567164
2026/02/05/01:02:53,apply-time,rs-005983-jgfg7,810ff8ed-00c9-4a45-8acf-1831f0c69919,1,6200.567164
2026/02/05/01:02:53,running-time,rs-005983-jgfg7,810ff8ed-00c9-4a45-8acf-1831f0c69919,1,6200.567164
2026/02/05/01:02:54,running-time,rs-005979-z9wxt,9438cb7d-50e0-437d-b2c1-da182cb2ccee,1,6200.567164
2026/02/05/01:02:54,apply-time,rs-005984-hcpcq,67b34382-732c-423f-8301-bd663c3383ca,1,6201.567164
2026/02/05/01:02:54,running-time,rs-005984-hcpcq,67b34382-732c-423f-8301-bd663c3383ca,1,6201.567164
2026/02/05/01:02:54,apply-time,rs-005985-dlhxb,7da837f7-6f08-4cf4-885d-8117b721e2d5,1,6201.567164
2026/02/05/01:02:54,running-time,rs-005985-dlhxb,7da837f7-6f08-4cf4-885d-8117b721e2d5,1,6201.567164
2026/02/05/01:02:54,apply-time,rs-005985-gqww6,d0d48932-4a68-4864-83bc-1dc5604e3299,1,6201.567164
2026/02/05/01:02:54,apply-time,rs-005986-79tmj,23328955-259a-4f24-a66a-017da3796e01,1,6201.567164
2026/02/05/01:02:54,apply-time,rs-005986-gnnrv,9abc8078-6acd-4e23-a959-6e331b7cea4b,1,6201.567164
2026/02/05/01:02:54,apply-time,rs-005986-ksvct,2aff36f3-d4b5-4389-ac58-df372fcfbc6e,1,6201.567164
2026/02/05/01:02:54,running-time,rs-005986-ksvct,2aff36f3-d4b5-4389-ac58-df372fcfbc6e,1,6201.567164
2026/02/05/01:02:55,running-time,rs-005986-79tmj,23328955-259a-4f24-a66a-017da3796e01,1,6201.567164
2026/02/05/01:02:55,apply-time,rs-005987-v5v68,e4dd2961-26dd-4215-97bb-4ca948d2955b,1,6202.567164
2026/02/05/01:02:55,running-time,rs-005987-v5v68,e4dd2961-26dd-4215-97bb-4ca948d2955b,1,6202.567164
2026/02/05/01:02:56,running-time,rs-005986-gnnrv,9abc8078-6acd-4e23-a959-6e331b7cea4b,1,6203.567164
2026/02/05/01:02:57,apply-time,rs-005988-2dk28,571eaeec-699e-40aa-8784-29f1e2eda60b,1,6204.567164
2026/02/05/01:02:57,running-time,rs-005988-2dk28,571eaeec-699e-40aa-8784-29f1e2eda60b,1,6204.567164
2026/02/05/01:02:57,apply-time,rs-005988-tsdx7,1a91c4b6-1b67-454c-8cd7-449f44ef0d56,1,6204.567164
2026/02/05/01:02:57,running-time,rs-005988-tsdx7,1a91c4b6-1b67-454c-8cd7-449f44ef0d56,1,6204.567164
2026/02/05/01:02:57,apply-time,rs-005989-2vvlm,b6ccaa83-1bfb-4f1a-a407-8a6d8bf1eae6,1,6204.567164
2026/02/05/01:02:57,running-time,rs-005989-2vvlm,b6ccaa83-1bfb-4f1a-a407-8a6d8bf1eae6,1,6204.567164
2026/02/05/01:02:57,apply-time,rs-005989-nsp6p,dbd95468-4fa4-45cd-ba32-f4555889cc1b,1,6204.567164
2026/02/05/01:02:57,running-time,rs-005989-nsp6p,dbd95468-4fa4-45cd-ba32-f4555889cc1b,1,6204.567164
2026/02/05/01:02:57,apply-time,rs-005990-4gjjj,2e538bbe-f63e-4b1c-95ea-c1c0d5f65b28,1,6204.567164
2026/02/05/01:02:57,running-time,rs-005990-4gjjj,2e538bbe-f63e-4b1c-95ea-c1c0d5f65b28,1,6204.567164
2026/02/05/01:02:57,apply-time,rs-005990-nbpq5,3a1cbf04-b1b0-4cc1-abb2-416ef56943c6,1,6204.567164
2026/02/05/01:02:57,running-time,rs-005990-nbpq5,3a1cbf04-b1b0-4cc1-abb2-416ef56943c6,1,6204.567164
2026/02/05/01:02:57,apply-time,rs-005990-xx8h4,30375e78-9fd3-4a4d-8979-1d948445b6ce,1,6204.567164
2026/02/05/01:02:57,running-time,rs-005990-xx8h4,30375e78-9fd3-4a4d-8979-1d948445b6ce,1,6204.567164
2026/02/05/01:02:57,apply-time,rs-005991-524b7,b9f6bb78-4650-40cb-9223-d283c392cbd7,1,6204.567164
2026/02/05/01:02:57,running-time,rs-005991-524b7,b9f6bb78-4650-40cb-9223-d283c392cbd7,1,6204.567164
2026/02/05/01:02:57,apply-time,rs-005991-68mh7,f2390fa8-fb51-4cdd-8d29-53e45220d153,1,6204.567164
2026/02/05/01:02:57,running-time,rs-005991-68mh7,f2390fa8-fb51-4cdd-8d29-53e45220d153,1,6204.567164
2026/02/05/01:02:57,apply-time,rs-005991-fl4rs,9670e93e-f230-4f6c-9861-64ceb4534f49,1,6204.567164
2026/02/05/01:02:57,running-time,rs-005991-fl4rs,9670e93e-f230-4f6c-9861-64ceb4534f49,1,6204.567164
2026/02/05/01:02:57,apply-time,rs-005992-g47b4,6041f19b-0b9d-492b-b5d6-dcb1ff4f441f,1,6204.567164
2026/02/05/01:02:57,running-time,rs-005992-g47b4,6041f19b-0b9d-492b-b5d6-dcb1ff4f441f,1,6204.567164
2026/02/05/01:02:57,apply-time,rs-005992-g6wsw,68e35946-b9e5-4279-b7b5-b02a3a19813c,1,6204.567164
2026/02/05/01:02:57,running-time,rs-005992-g6wsw,68e35946-b9e5-4279-b7b5-b02a3a19813c,1,6204.567164
2026/02/05/01:02:57,apply-time,rs-005992-zjvx6,d52a13bd-0490-48aa-b0d0-cc006441681f,1,6204.567164
2026/02/05/01:02:57,running-time,rs-005992-zjvx6,d52a13bd-0490-48aa-b0d0-cc006441681f,1,6204.567164
2026/02/05/01:02:57,apply-time,rs-005993-kxdnp,54f34bba-7ea0-47c3-bbb0-f495b60cc52b,1,6204.567164
2026/02/05/01:02:57,running-time,rs-005993-kxdnp,54f34bba-7ea0-47c3-bbb0-f495b60cc52b,1,6204.567164
2026/02/05/01:02:57,apply-time,rs-005994-zg6js,55a4d119-21e0-4e1c-bec9-d19ca6ba1503,1,6204.567164
2026/02/05/01:02:57,running-time,rs-005994-zg6js,55a4d119-21e0-4e1c-bec9-d19ca6ba1503,1,6204.567164
2026/02/05/01:02:58,apply-time,rs-005995-b72cr,ade8643b-de9e-4ad9-83f8-ef56b6888b53,1,6205.567164
2026/02/05/01:02:58,running-time,rs-005995-b72cr,ade8643b-de9e-4ad9-83f8-ef56b6888b53,1,6205.567164
2026/02/05/01:02:58,apply-time,rs-005995-b7ndt,407976d7-1bbd-4e2d-8065-702e0b20a5e8,1,6205.567164
2026/02/05/01:02:58,running-time,rs-005995-b7ndt,407976d7-1bbd-4e2d-8065-702e0b20a5e8,1,6205.567164
2026/02/05/01:02:58,apply-time,rs-005996-rxgxn,b996414c-8d17-4577-9c65-d9c99e2331a4,1,6205.567164
2026/02/05/01:02:58,running-time,rs-005996-rxgxn,b996414c-8d17-4577-9c65-d9c99e2331a4,1,6205.567164
2026/02/05/01:02:58,apply-time,rs-005996-zddrm,8a162c91-d996-437e-9efa-6a82b4633875,1,6205.567164
2026/02/05/01:02:58,running-time,rs-005996-zddrm,8a162c91-d996-437e-9efa-6a82b4633875,1,6205.567164
2026/02/05/01:02:58,apply-time,rs-005997-zwhwq,026f0046-3996-4071-92c5-885dd2d62919,1,6205.567164
2026/02/05/01:02:58,running-time,rs-005997-zwhwq,026f0046-3996-4071-92c5-885dd2d62919,1,6205.567164
2026/02/05/01:02:58,apply-time,rs-005998-tvmkx,9b549196-786e-4f54-84c3-27f9fc6399c9,1,6205.567164
2026/02/05/01:02:58,running-time,rs-005998-tvmkx,9b549196-786e-4f54-84c3-27f9fc6399c9,1,6205.567164
2026/02/05/01:02:58,apply-time,rs-005999-ph9ds,7f3b0934-7ac2-4449-a74f-89b3cf12798c,1,6205.567164
2026/02/05/01:02:58,running-time,rs-005999-ph9ds,7f3b0934-7ac2-4449-a74f-89b3cf12798c,1,6205.567164
2026/02/05/01:02:59,apply-time,rs-006001-r58fp,1fe3e843-bbe1-4cdf-86f2-b5a940bb17d4,1,6205.567164
2026/02/05/01:02:59,running-time,rs-006001-r58fp,1fe3e843-bbe1-4cdf-86f2-b5a940bb17d4,1,6205.567164
2026/02/05/01:02:59,apply-time,rs-006001-tk52m,c1e65cf6-2aaf-41b9-a884-405de5112d19,1,6206.567164
2026/02/05/01:02:59,running-time,rs-006001-tk52m,c1e65cf6-2aaf-41b9-a884-405de5112d19,1,6206.567164
2026/02/05/01:03:00,apply-time,rs-006002-mmvkf,2178a08f-665b-45da-9d38-31f78fdd326f,1,6206.567164
2026/02/05/01:03:00,running-time,rs-006002-mmvkf,2178a08f-665b-45da-9d38-31f78fdd326f,1,6206.567164
2026/02/05/01:03:00,apply-time,rs-006003-k4446,1327acde-746b-4fbd-9b79-3919746ec32f,1,6207.567164
2026/02/05/01:03:00,running-time,rs-006003-k4446,1327acde-746b-4fbd-9b79-3919746ec32f,1,6207.567164
2026/02/05/01:03:00,apply-time,rs-006003-m5scr,c7318152-41f1-4760-bfe2-6d8ffa2cb053,1,6206.567164
2026/02/05/01:03:00,running-time,rs-006003-m5scr,c7318152-41f1-4760-bfe2-6d8ffa2cb053,1,6206.567164
2026/02/05/01:03:00,apply-time,rs-006003-pz5xg,c557a8d6-f326-43c9-971a-cad8b2368b67,1,6207.567164
2026/02/05/01:03:00,running-time,rs-006003-pz5xg,c557a8d6-f326-43c9-971a-cad8b2368b67,1,6207.567164
2026/02/05/01:03:00,apply-time,rs-006004-vgzfm,bf727361-604b-4f1c-b251-0225b2b26318,1,6207.567164
2026/02/05/01:03:00,running-time,rs-006004-vgzfm,bf727361-604b-4f1c-b251-0225b2b26318,1,6207.567164
2026/02/05/01:03:00,apply-time,rs-006005-s7plv,5e66e45a-ad3f-49f6-a0e2-97941af4f7d7,1,6207.567164
2026/02/05/01:03:00,running-time,rs-006005-s7plv,5e66e45a-ad3f-49f6-a0e2-97941af4f7d7,1,6207.567164
2026/02/05/01:03:00,apply-time,rs-006006-6bvcq,e8bdc332-c065-4c8a-8192-1b8edefb0ada,1,6206.567164
2026/02/05/01:03:00,apply-time,rs-006006-t9cdl,d2f9a993-a26e-4d5c-b23a-17443e6c0109,1,6207.567164
2026/02/05/01:03:00,apply-time,rs-006007-4n5fd,eb54db7f-a112-472c-bbda-8f94e3a20dcc,1,6207.567164
2026/02/05/01:03:00,running-time,rs-006007-4n5fd,eb54db7f-a112-472c-bbda-8f94e3a20dcc,1,6207.567164
2026/02/05/01:03:00,apply-time,rs-006007-qcffx,4b5e0933-c624-4d1e-8428-80018e97fbf0,1,6207.567164
2026/02/05/01:03:00,running-time,rs-006007-qcffx,4b5e0933-c624-4d1e-8428-80018e97fbf0,1,6207.567164
2026/02/05/01:03:00,apply-time,rs-006007-xv5tt,c9b767f1-9188-49d6-9566-8271d7f373aa,1,6206.567164
2026/02/05/01:03:00,running-time,rs-006007-xv5tt,c9b767f1-9188-49d6-9566-8271d7f373aa,1,6207.567164
2026/02/05/01:03:01,apply-time,rs-006004-nnqvp,39dc05f9-90cb-4214-9cff-5dc4b5dc5a28,1,6207.567164
2026/02/05/01:03:01,running-time,rs-006004-nnqvp,39dc05f9-90cb-4214-9cff-5dc4b5dc5a28,1,6207.567164
2026/02/05/01:03:01,apply-time,rs-006005-jrnxb,19597886-78e5-4f18-a3e7-b7cb40c8f821,1,6207.567164
2026/02/05/01:03:01,running-time,rs-006005-jrnxb,19597886-78e5-4f18-a3e7-b7cb40c8f821,1,6207.567164
2026/02/05/01:03:01,apply-time,rs-006008-2hm2k,f4f5614b-00da-4232-a8d0-e46ab6491ddc,1,6207.567164
2026/02/05/01:03:01,running-time,rs-006008-2hm2k,f4f5614b-00da-4232-a8d0-e46ab6491ddc,1,6207.567164
2026/02/05/01:03:01,apply-time,rs-006009-7f4q6,e1852e6d-7a42-4ad7-8293-201cd28ffd77,1,6208.567164
2026/02/05/01:03:01,running-time,rs-006009-7f4q6,e1852e6d-7a42-4ad7-8293-201cd28ffd77,1,6208.567164
2026/02/05/01:03:01,apply-time,rs-006010-nbbkp,3bce7380-d706-4261-a423-d97be98878f5,1,6208.567164
2026/02/05/01:03:01,running-time,rs-006010-nbbkp,3bce7380-d706-4261-a423-d97be98878f5,1,6208.567164
2026/02/05/01:03:01,apply-time,rs-006011-sr9z5,dc8692ce-643f-4f21-ab68-b0d1dda45567,1,6208.567164
2026/02/05/01:03:01,running-time,rs-006011-sr9z5,dc8692ce-643f-4f21-ab68-b0d1dda45567,1,6208.567164
2026/02/05/01:03:01,apply-time,rs-006013-bvmv9,565d0e4e-8de9-4a92-8f45-658879f1c14b,1,6208.567164
2026/02/05/01:03:01,running-time,rs-006013-bvmv9,565d0e4e-8de9-4a92-8f45-658879f1c14b,1,6208.567164
2026/02/05/01:03:02,apply-time,rs-006010-nj97w,a8e6516e-57ee-4fe3-9493-1eb08cc3a5b0,1,6208.567164
2026/02/05/01:03:02,running-time,rs-006010-nj97w,a8e6516e-57ee-4fe3-9493-1eb08cc3a5b0,1,6208.567164
2026/02/05/01:03:02,apply-time,rs-006011-59gbd,52871e88-6db5-453a-ade1-2db1a6719b71,1,6208.567164
2026/02/05/01:03:02,running-time,rs-006011-59gbd,52871e88-6db5-453a-ade1-2db1a6719b71,1,6208.567164
2026/02/05/01:03:02,apply-time,rs-006012-6x687,6c768ebe-b0c7-4a86-a342-489f089ef310,1,6208.567164
2026/02/05/01:03:02,running-time,rs-006012-6x687,6c768ebe-b0c7-4a86-a342-489f089ef310,1,6208.567164
2026/02/05/01:03:02,apply-time,rs-006012-s9b5h,2a364d91-d8af-4dc2-9856-9432c6bd63b7,1,6208.567164
2026/02/05/01:03:02,running-time,rs-006012-s9b5h,2a364d91-d8af-4dc2-9856-9432c6bd63b7,1,6208.567164
2026/02/05/01:03:02,apply-time,rs-006014-tj69q,50dbb884-e54c-42ba-afb1-82b6b2227839,1,6208.567164
2026/02/05/01:03:02,running-time,rs-006014-tj69q,50dbb884-e54c-42ba-afb1-82b6b2227839,1,6209.567164
2026/02/05/01:03:02,apply-time,rs-006015-rhj92,ba84aef7-9278-4550-a7d9-a88238658cd7,1,6209.567164
2026/02/05/01:03:02,running-time,rs-006015-rhj92,ba84aef7-9278-4550-a7d9-a88238658cd7,1,6209.567164
2026/02/05/01:03:02,apply-time,rs-006016-zzhwd,7f294644-6839-4705-b4a5-b36fceb7fb66,1,6209.567164
2026/02/05/01:03:02,running-time,rs-006016-zzhwd,7f294644-6839-4705-b4a5-b36fceb7fb66,1,6209.567164
2026/02/05/01:03:03,running-time,rs-006006-6bvcq,e8bdc332-c065-4c8a-8192-1b8edefb0ada,1,6210.567164
2026/02/05/01:03:03,apply-time,rs-006015-v9cdk,c160f618-b5ff-4837-9c1e-02e34b8242b6,1,6209.567164
2026/02/05/01:03:03,running-time,rs-006015-v9cdk,c160f618-b5ff-4837-9c1e-02e34b8242b6,1,6209.567164
2026/02/05/01:03:03,apply-time,rs-006017-mprnh,cf0e5228-a673-407a-adcd-5de68e8430fb,1,6209.567164
2026/02/05/01:03:03,running-time,rs-006017-mprnh,cf0e5228-a673-407a-adcd-5de68e8430fb,1,6209.567164
2026/02/05/01:03:03,apply-time,rs-006018-hdxls,83139393-5e03-4ce7-a100-01f843484ee8,1,6210.567164
2026/02/05/01:03:03,running-time,rs-006018-hdxls,83139393-5e03-4ce7-a100-01f843484ee8,1,6210.567164
2026/02/05/01:03:03,apply-time,rs-006018-xjggd,64c74b2d-ec13-497c-ba70-d2424356ea77,1,6210.567164
2026/02/05/01:03:03,running-time,rs-006018-xjggd,64c74b2d-ec13-497c-ba70-d2424356ea77,1,6210.567164
2026/02/05/01:03:03,apply-time,rs-006018-zfrfj,9906ad11-048e-4a79-a516-e69f15704668,1,6210.567164
2026/02/05/01:03:04,running-time,rs-006006-t9cdl,d2f9a993-a26e-4d5c-b23a-17443e6c0109,1,6210.567164
2026/02/05/01:03:04,running-time,rs-006018-zfrfj,9906ad11-048e-4a79-a516-e69f15704668,1,6210.567164
2026/02/05/01:03:16,apply-time,rs-006019-68l8s,dd4d7229-0f8f-4b3d-a48f-03af7719a007,1,6222.567164
2026/02/05/01:03:16,running-time,rs-006019-68l8s,dd4d7229-0f8f-4b3d-a48f-03af7719a007,1,6222.567164
2026/02/05/01:03:16,apply-time,rs-006019-j87j5,56f76da8-8083-443b-9e2c-ee9a5633607a,1,6222.567164
2026/02/05/01:03:16,running-time,rs-006019-j87j5,56f76da8-8083-443b-9e2c-ee9a5633607a,1,6222.567164
2026/02/05/01:03:16,apply-time,rs-006019-z268g,312311d9-36cf-49f3-aff9-9a9090eddeb8,1,6222.567164
2026/02/05/01:03:16,running-time,rs-006019-z268g,312311d9-36cf-49f3-aff9-9a9090eddeb8,1,6222.567164
2026/02/05/01:03:16,apply-time,rs-006020-4tzbs,16c64b40-ae7f-47f1-9490-02ceca49a3da,1,6222.567164
2026/02/05/01:03:16,running-time,rs-006020-4tzbs,16c64b40-ae7f-47f1-9490-02ceca49a3da,1,6222.567164
2026/02/05/01:03:16,apply-time,rs-006020-bbqpk,65b3dc0f-cb39-4031-a566-82abfc8e25f6,1,6222.567164
2026/02/05/01:03:16,running-time,rs-006020-bbqpk,65b3dc0f-cb39-4031-a566-82abfc8e25f6,1,6222.567164
2026/02/05/01:03:27,apply-time,rs-006021-qz52z,bba259fc-88e7-426b-ad5b-612c1ef85ce7,1,6234.567164
2026/02/05/01:03:27,running-time,rs-006021-qz52z,bba259fc-88e7-426b-ad5b-612c1ef85ce7,1,6234.567164
2026/02/05/01:03:28,apply-time,rs-006022-xg5v6,ef4e4899-a72f-4641-9378-d2bd4c271582,1,6234.567164
2026/02/05/01:03:28,running-time,rs-006022-xg5v6,ef4e4899-a72f-4641-9378-d2bd4c271582,1,6234.567164
2026/02/05/01:03:28,apply-time,rs-006023-6n46c,0161c8e5-e91e-4951-b4ab-b60fd1861897,1,6235.567164
2026/02/05/01:03:28,apply-time,rs-006023-hnwml,e1613f2c-c23e-4223-8aa6-e97d1122565b,1,6235.567164
2026/02/05/01:03:28,apply-time,rs-006023-nljqk,ad51f526-0f56-4fb5-b2ac-2ae32d0952bf,1,6235.567164
2026/02/05/01:03:29,running-time,rs-006023-6n46c,0161c8e5-e91e-4951-b4ab-b60fd1861897,1,6235.567164
2026/02/05/01:03:29,running-time,rs-006023-hnwml,e1613f2c-c23e-4223-8aa6-e97d1122565b,1,6235.567164
2026/02/05/01:03:29,running-time,rs-006023-nljqk,ad51f526-0f56-4fb5-b2ac-2ae32d0952bf,1,6235.567164
2026/02/05/01:03:29,apply-time,rs-006024-hhnng,3ac15e9b-20c8-4d55-a044-81c5ae1ace32,1,6235.567164
2026/02/05/01:03:29,running-time,rs-006024-hhnng,3ac15e9b-20c8-4d55-a044-81c5ae1ace32,1,6235.567164
2026/02/05/01:03:29,apply-time,rs-006025-5ndz6,341c1287-68c2-423d-ab34-f36de75732f0,1,6235.567164
2026/02/05/01:03:29,running-time,rs-006025-5ndz6,341c1287-68c2-423d-ab34-f36de75732f0,1,6235.567164
2026/02/05/01:03:29,apply-time,rs-006025-m2766,2d8d4b75-16fa-44f2-914b-abc752a64c9f,1,6235.567164
2026/02/05/01:03:29,running-time,rs-006025-m2766,2d8d4b75-16fa-44f2-914b-abc752a64c9f,1,6235.567164
2026/02/05/01:03:29,apply-time,rs-006026-57mz2,68fba7c1-17a5-4412-850e-f3127686bc0b,1,6235.567164
2026/02/05/01:03:29,running-time,rs-006026-57mz2,68fba7c1-17a5-4412-850e-f3127686bc0b,1,6235.567164
2026/02/05/01:03:29,apply-time,rs-006026-lzvfn,19df68cb-b669-460d-861c-11515523a070,1,6235.567164
2026/02/05/01:03:29,running-time,rs-006026-lzvfn,19df68cb-b669-460d-861c-11515523a070,1,6235.567164
2026/02/05/01:03:29,apply-time,rs-006027-x6mhr,25258ef7-4511-47e6-a56c-00497df01ee6,1,6235.567164
2026/02/05/01:03:29,running-time,rs-006027-x6mhr,25258ef7-4511-47e6-a56c-00497df01ee6,1,6235.567164
2026/02/05/01:03:29,apply-time,rs-006028-29xdv,283a3ad6-e441-458b-9bf1-2873d6f5164c,1,6236.567164
2026/02/05/01:03:29,running-time,rs-006028-29xdv,283a3ad6-e441-458b-9bf1-2873d6f5164c,1,6236.567164
2026/02/05/01:03:29,apply-time,rs-006028-6zgtq,105b312c-5522-4895-ab02-7bb7ace9935d,1,6236.567164
2026/02/05/01:03:29,running-time,rs-006028-6zgtq,105b312c-5522-4895-ab02-7bb7ace9935d,1,6236.567164
2026/02/05/01:03:29,apply-time,rs-006028-ws9l2,ab3c08ea-ff7d-4de4-818b-3b9114f53001,1,6236.567164
2026/02/05/01:03:29,running-time,rs-006028-ws9l2,ab3c08ea-ff7d-4de4-818b-3b9114f53001,1,6236.567164
2026/02/05/01:03:29,apply-time,rs-006029-drdt2,c627b105-4e42-4be8-8876-8cd3d9134a8c,1,6236.567164
2026/02/05/01:03:29,running-time,rs-006029-drdt2,c627b105-4e42-4be8-8876-8cd3d9134a8c,1,6236.567164
2026/02/05/01:03:40,apply-time,rs-006030-868hr,82311b04-721d-4b9f-8656-f217aaad036f,1,6247.567164
2026/02/05/01:03:40,running-time,rs-006030-868hr,82311b04-721d-4b9f-8656-f217aaad036f,1,6247.567164
2026/02/05/01:03:40,apply-time,rs-006030-86kfm,e43da0f0-0cad-4859-823b-8ac4289b4656,1,6247.567164
2026/02/05/01:03:40,running-time,rs-006030-86kfm,e43da0f0-0cad-4859-823b-8ac4289b4656,1,6247.567164
2026/02/05/01:03:40,apply-time,rs-006030-lst4f,a8a601e8-41b9-4897-ad85-15adb607d89f,1,6247.567164
2026/02/05/01:03:40,running-time,rs-006030-lst4f,a8a601e8-41b9-4897-ad85-15adb607d89f,1,6247.567164
2026/02/05/01:03:40,apply-time,rs-006031-8gxkk,331c8acd-565f-4b5e-aab0-b41057b093aa,1,6247.567164
2026/02/05/01:03:40,running-time,rs-006031-8gxkk,331c8acd-565f-4b5e-aab0-b41057b093aa,1,6247.567164
2026/02/05/01:03:40,apply-time,rs-006032-5skpc,fde9cff8-1d31-4d63-a79f-a887cf82936e,1,6247.567164
2026/02/05/01:03:40,running-time,rs-006032-5skpc,fde9cff8-1d31-4d63-a79f-a887cf82936e,1,6247.567164
2026/02/05/01:03:40,apply-time,rs-006032-75qpc,0b521c7d-072d-44fd-a978-185d3a5ac913,1,6247.567164
2026/02/05/01:03:40,running-time,rs-006032-75qpc,0b521c7d-072d-44fd-a978-185d3a5ac913,1,6247.567164
2026/02/05/01:03:40,apply-time,rs-006033-2mskn,cf1e2c8d-2d4a-4399-bced-048be499bf1e,1,6247.567164
2026/02/05/01:03:40,running-time,rs-006033-2mskn,cf1e2c8d-2d4a-4399-bced-048be499bf1e,1,6247.567164
2026/02/05/01:03:40,apply-time,rs-006033-h55wc,4ea75bc5-1679-4e80-8766-37a2c8da0433,1,6247.567164
2026/02/05/01:03:40,running-time,rs-006033-h55wc,4ea75bc5-1679-4e80-8766-37a2c8da0433,1,6247.567164
2026/02/05/01:03:42,apply-time,rs-006034-524vx,f61338c9-1a19-4596-a54c-d3ce2e5c08ef,1,6249.567164
2026/02/05/01:03:42,running-time,rs-006034-524vx,f61338c9-1a19-4596-a54c-d3ce2e5c08ef,1,6249.567164
2026/02/05/01:03:42,apply-time,rs-006034-7gj5r,7050b10a-5c67-4b5b-be51-d5c006e25aab,1,6249.567164
2026/02/05/01:03:42,running-time,rs-006034-7gj5r,7050b10a-5c67-4b5b-be51-d5c006e25aab,1,6249.567164
2026/02/05/01:03:42,apply-time,rs-006034-gqnlm,4baae762-b450-415f-84ab-be0524ea61f9,1,6249.567164
2026/02/05/01:03:42,running-time,rs-006034-gqnlm,4baae762-b450-415f-84ab-be0524ea61f9,1,6249.567164
2026/02/05/01:03:57,apply-time,rs-006035-4fgks,2a181c6b-d7fb-4a2c-9275-ac1510dd2ce4,1,6264.567164
2026/02/05/01:03:57,running-time,rs-006035-4fgks,2a181c6b-d7fb-4a2c-9275-ac1510dd2ce4,1,6264.567164
2026/02/05/01:03:57,apply-time,rs-006035-bnp8q,039d7b40-76d5-44eb-a21d-486391b95128,1,6264.567164
2026/02/05/01:03:57,running-time,rs-006035-bnp8q,039d7b40-76d5-44eb-a21d-486391b95128,1,6264.567164
2026/02/05/01:03:57,apply-time,rs-006036-5hnz6,c1a4cb3f-1489-46d4-8590-b9b12c15c066,1,6264.567164
2026/02/05/01:03:57,running-time,rs-006036-5hnz6,c1a4cb3f-1489-46d4-8590-b9b12c15c066,1,6264.567164
2026/02/05/01:03:57,apply-time,rs-006036-rmkq8,5e0f6a5c-d54e-4bc7-b130-fb6c45a1e254,1,6264.567164
2026/02/05/01:03:57,running-time,rs-006036-rmkq8,5e0f6a5c-d54e-4bc7-b130-fb6c45a1e254,1,6264.567164
2026/02/05/01:03:57,apply-time,rs-006036-stlwl,7c53a65f-1c92-4d77-8463-b711e9100ee4,1,6264.567164
2026/02/05/01:03:57,running-time,rs-006036-stlwl,7c53a65f-1c92-4d77-8463-b711e9100ee4,1,6264.567164
2026/02/05/01:03:57,apply-time,rs-006037-8qzz7,6d0204c8-36e6-4b23-a64b-5b95e8e40304,1,6264.567164
2026/02/05/01:03:57,running-time,rs-006037-8qzz7,6d0204c8-36e6-4b23-a64b-5b95e8e40304,1,6264.567164
2026/02/05/01:03:57,apply-time,rs-006037-gnqpk,d143c683-88e0-4b9d-96b5-8c9c2edd1ef1,1,6264.567164
2026/02/05/01:03:57,running-time,rs-006037-gnqpk,d143c683-88e0-4b9d-96b5-8c9c2edd1ef1,1,6264.567164
2026/02/05/01:03:59,apply-time,rs-006038-c588w,f78da6d0-4f31-4d05-ad3d-bd7a159ce7cf,1,6266.567164
2026/02/05/01:03:59,running-time,rs-006038-c588w,f78da6d0-4f31-4d05-ad3d-bd7a159ce7cf,1,6266.567164
2026/02/05/01:03:59,apply-time,rs-006038-cw9ts,91dde50c-ae3e-4715-9944-f09fb274d5bd,1,6266.567164
2026/02/05/01:03:59,running-time,rs-006038-cw9ts,91dde50c-ae3e-4715-9944-f09fb274d5bd,1,6266.567164
2026/02/05/01:03:59,apply-time,rs-006038-kfrtl,03bd83e9-f850-46b8-b0b2-ff748294433f,1,6266.567164
2026/02/05/01:03:59,running-time,rs-006038-kfrtl,03bd83e9-f850-46b8-b0b2-ff748294433f,1,6266.567164
2026/02/05/01:03:59,apply-time,rs-006039-5rstj,8863c41e-5ba3-43f7-9438-c12441e627da,1,6266.567164
2026/02/05/01:03:59,running-time,rs-006039-5rstj,8863c41e-5ba3-43f7-9438-c12441e627da,1,6266.567164
2026/02/05/01:03:59,apply-time,rs-006039-8clls,fd8d70f1-2ee9-412a-bace-e35b22b5e955,1,6266.567164
2026/02/05/01:03:59,running-time,rs-006039-8clls,fd8d70f1-2ee9-412a-bace-e35b22b5e955,1,6266.567164
2026/02/05/01:03:59,apply-time,rs-006039-n9676,2488e121-77fc-4e56-9da0-b343fb138551,1,6266.567164
2026/02/05/01:03:59,running-time,rs-006039-n9676,2488e121-77fc-4e56-9da0-b343fb138551,1,6266.567164
2026/02/05/01:03:59,apply-time,rs-006040-hpnm6,cf8b0841-1785-4383-9e98-d7d245f2d49b,1,6266.567164
2026/02/05/01:03:59,running-time,rs-006040-hpnm6,cf8b0841-1785-4383-9e98-d7d245f2d49b,1,6266.567164
2026/02/05/01:03:59,apply-time,rs-006040-jhmsz,38318f6d-bc55-4328-98b8-017cc248edce,1,6266.567164
2026/02/05/01:03:59,running-time,rs-006040-jhmsz,38318f6d-bc55-4328-98b8-017cc248edce,1,6266.567164
2026/02/05/01:04:00,apply-time,rs-006041-8nzrr,29d4fac0-1e65-408b-a2f0-2c8d131c509d,1,6267.567164
2026/02/05/01:04:00,running-time,rs-006041-8nzrr,29d4fac0-1e65-408b-a2f0-2c8d131c509d,1,6267.567164
2026/02/05/01:04:00,apply-time,rs-006041-vkfwq,8ce6ab2b-07db-4131-86a0-475b319b27e6,1,6267.567164
2026/02/05/01:04:00,running-time,rs-006041-vkfwq,8ce6ab2b-07db-4131-86a0-475b319b27e6,1,6267.567164
2026/02/05/01:04:00,apply-time,rs-006041-xl5zz,ca1e1eb0-1e1f-45aa-8015-fe9f3b325d91,1,6267.567164
2026/02/05/01:04:00,running-time,rs-006041-xl5zz,ca1e1eb0-1e1f-45aa-8015-fe9f3b325d91,1,6267.567164
2026/02/05/01:04:00,apply-time,rs-006042-lwczl,0612f7e6-8a67-44db-9c20-93264f7739c6,1,6267.567164
2026/02/05/01:04:00,running-time,rs-006042-lwczl,0612f7e6-8a67-44db-9c20-93264f7739c6,1,6267.567164
2026/02/05/01:04:03,apply-time,rs-006043-pkjl7,5c82d606-14f6-4aa3-b369-8e6ac52eeaa9,1,6269.567164
2026/02/05/01:04:03,running-time,rs-006043-pkjl7,5c82d606-14f6-4aa3-b369-8e6ac52eeaa9,1,6269.567164
2026/02/05/01:04:03,apply-time,rs-006044-h7n44,e07f3308-9548-4fb2-bf07-12e311cf4103,1,6269.567164
2026/02/05/01:04:03,running-time,rs-006044-h7n44,e07f3308-9548-4fb2-bf07-12e311cf4103,1,6269.567164
2026/02/05/01:04:03,apply-time,rs-006045-tb2bx,6cda8a34-fcf5-4610-ae0a-d86579979705,1,6269.567164
2026/02/05/01:04:03,running-time,rs-006045-tb2bx,6cda8a34-fcf5-4610-ae0a-d86579979705,1,6269.567164
2026/02/05/01:04:03,apply-time,rs-006046-qpmw6,458ff111-948c-4748-a118-c5be5e3f9844,1,6269.567164
2026/02/05/01:04:03,running-time,rs-006046-qpmw6,458ff111-948c-4748-a118-c5be5e3f9844,1,6270.567164
2026/02/05/01:04:03,apply-time,rs-006047-76lwb,37cc86e9-5d87-4767-b864-8164780970c9,1,6270.567164
2026/02/05/01:04:03,running-time,rs-006047-76lwb,37cc86e9-5d87-4767-b864-8164780970c9,1,6270.567164
2026/02/05/01:04:04,apply-time,rs-006048-25z8w,20211fe7-cc51-485d-817d-b2604e061789,1,6270.567164
2026/02/05/01:04:04,running-time,rs-006048-25z8w,20211fe7-cc51-485d-817d-b2604e061789,1,6270.567164
2026/02/05/01:04:04,apply-time,rs-006048-94pmz,862fa250-3054-4e42-8607-3baddeee1f10,1,6270.567164
2026/02/05/01:04:04,running-time,rs-006048-94pmz,862fa250-3054-4e42-8607-3baddeee1f10,1,6270.567164
2026/02/05/01:04:04,apply-time,rs-006048-mf682,8885517d-2688-4a3e-9f46-a47aa6f3bf08,1,6270.567164
2026/02/05/01:04:04,running-time,rs-006048-mf682,8885517d-2688-4a3e-9f46-a47aa6f3bf08,1,6270.567164
2026/02/05/01:04:04,apply-time,rs-006049-86kgg,1d1d235d-fd05-4870-b4f7-2d95f1bed317,1,6270.567164
2026/02/05/01:04:04,running-time,rs-006049-86kgg,1d1d235d-fd05-4870-b4f7-2d95f1bed317,1,6271.567164
2026/02/05/01:04:04,apply-time,rs-006050-296gs,9a069d0b-567e-437a-b055-015beff0a30e,1,6271.567164
2026/02/05/01:04:04,running-time,rs-006050-296gs,9a069d0b-567e-437a-b055-015beff0a30e,1,6271.567164
2026/02/05/01:04:04,apply-time,rs-006050-dzb5n,79d8d8db-6377-4c40-98b0-73e4ade91b64,1,6271.567164
2026/02/05/01:04:04,running-time,rs-006050-dzb5n,79d8d8db-6377-4c40-98b0-73e4ade91b64,1,6271.567164
2026/02/05/01:04:04,apply-time,rs-006051-td2gp,80bfe57a-b7ed-4ea2-9a48-71ab842ed931,1,6271.567164
2026/02/05/01:04:04,running-time,rs-006051-td2gp,80bfe57a-b7ed-4ea2-9a48-71ab842ed931,1,6271.567164
2026/02/05/01:04:04,apply-time,rs-006051-wplfw,c0f44c1a-904a-48ca-8333-6294fb6fbe9f,1,6271.567164
2026/02/05/01:04:04,running-time,rs-006051-wplfw,c0f44c1a-904a-48ca-8333-6294fb6fbe9f,1,6271.567164
2026/02/05/01:04:04,apply-time,rs-006052-vtdpb,9ec9ccb0-3b4b-44e9-afd9-18d9dbb43a97,1,6271.567164
2026/02/05/01:04:04,running-time,rs-006052-vtdpb,9ec9ccb0-3b4b-44e9-afd9-18d9dbb43a97,1,6271.567164
2026/02/05/01:04:04,apply-time,rs-006052-zsmkr,f4ae00c5-3657-4841-9281-ebd810098158,1,6271.567164
2026/02/05/01:04:04,running-time,rs-006052-zsmkr,f4ae00c5-3657-4841-9281-ebd810098158,1,6271.567164
2026/02/05/01:04:05,apply-time,rs-006052-m45x4,6ba0a814-c6ff-42d8-ae63-42b85195ca2f,1,6271.567164
2026/02/05/01:04:05,running-time,rs-006052-m45x4,6ba0a814-c6ff-42d8-ae63-42b85195ca2f,1,6271.567164
2026/02/05/01:04:11,apply-time,rs-006053-g77l8,c1ab2674-772d-4564-b0a2-90905071acb2,1,6277.567164
2026/02/05/01:04:11,running-time,rs-006053-g77l8,c1ab2674-772d-4564-b0a2-90905071acb2,1,6277.567164
2026/02/05/01:04:11,apply-time,rs-006053-jm4v9,4029a629-8ffa-4f59-9987-38a6bbc2d7a9,1,6277.567164
2026/02/05/01:04:11,running-time,rs-006053-jm4v9,4029a629-8ffa-4f59-9987-38a6bbc2d7a9,1,6277.567164
2026/02/05/01:04:11,apply-time,rs-006054-4lmmd,7a917d13-60a5-4cb0-9abb-cc22c7061ee1,1,6277.567164
2026/02/05/01:04:11,running-time,rs-006054-4lmmd,7a917d13-60a5-4cb0-9abb-cc22c7061ee1,1,6277.567164
2026/02/05/01:04:11,apply-time,rs-006054-sghp7,de36584a-8e0c-4839-852e-f73bc2929b69,1,6277.567164
2026/02/05/01:04:11,running-time,rs-006054-sghp7,de36584a-8e0c-4839-852e-f73bc2929b69,1,6277.567164
2026/02/05/01:04:11,apply-time,rs-006055-6mb9b,5aa327d7-5d3a-418d-adad-d93928032539,1,6277.567164
2026/02/05/01:04:11,running-time,rs-006055-6mb9b,5aa327d7-5d3a-418d-adad-d93928032539,1,6277.567164
2026/02/05/01:04:11,apply-time,rs-006055-8xnkt,27ffe031-ab20-49bb-a7aa-e267936a6dbf,1,6277.567164
2026/02/05/01:04:11,running-time,rs-006055-8xnkt,27ffe031-ab20-49bb-a7aa-e267936a6dbf,1,6277.567164
2026/02/05/01:04:11,apply-time,rs-006056-cjlz7,3b8d953a-3d52-4e37-82d6-fc2cc9e7e983,1,6277.567164
2026/02/05/01:04:11,running-time,rs-006056-cjlz7,3b8d953a-3d52-4e37-82d6-fc2cc9e7e983,1,6277.567164
2026/02/05/01:04:11,apply-time,rs-006056-pzpdz,bd9525ad-b8c6-4fad-b59e-3e8de650f8b7,1,6277.567164
2026/02/05/01:04:11,running-time,rs-006056-pzpdz,bd9525ad-b8c6-4fad-b59e-3e8de650f8b7,1,6277.567164
2026/02/05/01:04:14,apply-time,rs-006057-h5bsc,e6c27c70-c9e1-4874-a863-aaae1e5ea4b1,1,6281.567164
2026/02/05/01:04:14,running-time,rs-006057-h5bsc,e6c27c70-c9e1-4874-a863-aaae1e5ea4b1,1,6281.567164
2026/02/05/01:04:14,apply-time,rs-006058-wpm9d,b76ed7c0-52a7-4553-b590-956c4bc718b5,1,6281.567164
2026/02/05/01:04:14,running-time,rs-006058-wpm9d,b76ed7c0-52a7-4553-b590-956c4bc718b5,1,6281.567164
2026/02/05/01:04:14,apply-time,rs-006059-j97z8,1160d6da-29f6-465f-89a3-56dcb3a93f42,1,6281.567164
2026/02/05/01:04:14,running-time,rs-006059-j97z8,1160d6da-29f6-465f-89a3-56dcb3a93f42,1,6281.567164
2026/02/05/01:04:25,apply-time,rs-006060-nhhhk,7b168e3d-b29f-4a90-a5ff-23fe0293b8f9,1,6292.567164
2026/02/05/01:04:25,running-time,rs-006060-nhhhk,7b168e3d-b29f-4a90-a5ff-23fe0293b8f9,1,6292.567164
2026/02/05/01:04:25,apply-time,rs-006061-w422m,14d31ebc-0997-43fc-8300-b819cc2e1c35,1,6292.567164
2026/02/05/01:04:25,running-time,rs-006061-w422m,14d31ebc-0997-43fc-8300-b819cc2e1c35,1,6292.567164
2026/02/05/01:04:25,apply-time,rs-006062-b694z,e88e5ba4-0282-42b0-ae97-9df34ffe6dd5,1,6292.567164
2026/02/05/01:04:25,running-time,rs-006062-b694z,e88e5ba4-0282-42b0-ae97-9df34ffe6dd5,1,6292.567164
2026/02/05/01:04:25,apply-time,rs-006062-fw5jl,e178f7a7-5355-43f8-a6ac-171c03d73c73,1,6292.567164
2026/02/05/01:04:25,running-time,rs-006062-fw5jl,e178f7a7-5355-43f8-a6ac-171c03d73c73,1,6292.567164
2026/02/05/01:04:25,apply-time,rs-006063-pqj68,6df66fd3-3c80-413e-9486-4cec3b874753,1,6292.567164
2026/02/05/01:04:25,running-time,rs-006063-pqj68,6df66fd3-3c80-413e-9486-4cec3b874753,1,6292.567164
2026/02/05/01:04:25,apply-time,rs-006064-spvbg,c5869d22-d898-4e68-bcd7-d57358124f2a,1,6292.567164
2026/02/05/01:04:25,running-time,rs-006064-spvbg,c5869d22-d898-4e68-bcd7-d57358124f2a,1,6292.567164
2026/02/05/01:04:26,apply-time,rs-006065-2jwh6,8fe6368f-5831-4d92-993a-6b964883b6d4,1,6292.567164
2026/02/05/01:04:26,running-time,rs-006065-2jwh6,8fe6368f-5831-4d92-993a-6b964883b6d4,1,6292.567164
2026/02/05/01:04:26,apply-time,rs-006065-vncm2,dd49751c-1972-47c7-9580-2033ceb081f4,1,6292.567164
2026/02/05/01:04:26,running-time,rs-006065-vncm2,dd49751c-1972-47c7-9580-2033ceb081f4,1,6292.567164
2026/02/05/01:04:26,apply-time,rs-006066-gf6s4,5a25de04-a314-4028-9f7c-92474347cc3c,1,6293.567164
2026/02/05/01:04:26,running-time,rs-006066-gf6s4,5a25de04-a314-4028-9f7c-92474347cc3c,1,6293.567164
2026/02/05/01:04:26,apply-time,rs-006066-t7mjp,661b4323-edce-4ed5-8655-5d3baf759b57,1,6293.567164
2026/02/05/01:04:26,running-time,rs-006066-t7mjp,661b4323-edce-4ed5-8655-5d3baf759b57,1,6293.567164
2026/02/05/01:04:26,apply-time,rs-006067-z47hp,91c10922-42dd-4104-9e99-d38f60d37b2e,1,6293.567164
2026/02/05/01:04:26,running-time,rs-006067-z47hp,91c10922-42dd-4104-9e99-d38f60d37b2e,1,6293.567164
2026/02/05/01:04:26,apply-time,rs-006068-hbjxj,120a58ff-6241-4191-89b3-22d74a003469,1,6293.567164
2026/02/05/01:04:26,running-time,rs-006068-hbjxj,120a58ff-6241-4191-89b3-22d74a003469,1,6293.567164
2026/02/05/01:04:26,apply-time,rs-006069-tvs45,2098f6ac-4761-4064-bc0d-ed3d06bcebfa,1,6293.567164
2026/02/05/01:04:26,running-time,rs-006069-tvs45,2098f6ac-4761-4064-bc0d-ed3d06bcebfa,1,6293.567164
2026/02/05/01:04:26,apply-time,rs-006070-4lg46,8ae4df05-359c-434c-a240-bb2f84f90cbf,1,6293.567164
2026/02/05/01:04:26,running-time,rs-006070-4lg46,8ae4df05-359c-434c-a240-bb2f84f90cbf,1,6293.567164
2026/02/05/01:04:27,apply-time,rs-006069-frkbh,315b983a-9723-49b5-ba6d-836d71eed196,1,6293.567164
2026/02/05/01:04:27,running-time,rs-006069-frkbh,315b983a-9723-49b5-ba6d-836d71eed196,1,6293.567164
2026/02/05/01:04:27,apply-time,rs-006069-tqrd5,84b23072-397b-477e-b117-9764e0d1b854,1,6293.567164
2026/02/05/01:04:27,running-time,rs-006069-tqrd5,84b23072-397b-477e-b117-9764e0d1b854,1,6293.567164
2026/02/05/01:04:27,apply-time,rs-006070-927fq,1db12fe2-0981-471d-9ff3-86096ffb1d30,1,6293.567164
2026/02/05/01:04:27,running-time,rs-006070-927fq,1db12fe2-0981-471d-9ff3-86096ffb1d30,1,6293.567164
2026/02/05/01:04:34,apply-time,rs-006071-hmgdn,b1463abd-0761-4061-bf0c-543776ebc554,1,6300.567164
2026/02/05/01:04:34,running-time,rs-006071-hmgdn,b1463abd-0761-4061-bf0c-543776ebc554,1,6300.567164
2026/02/05/01:04:34,apply-time,rs-006072-h6wzh,24497771-aca0-4944-8c62-f1bb0067301c,1,6301.567164
2026/02/05/01:04:34,running-time,rs-006072-h6wzh,24497771-aca0-4944-8c62-f1bb0067301c,1,6301.567164
2026/02/05/01:04:34,apply-time,rs-006073-qchx5,7ed1bb08-ca90-419e-a29d-18e9fccf989c,1,6301.567164
2026/02/05/01:04:34,running-time,rs-006073-qchx5,7ed1bb08-ca90-419e-a29d-18e9fccf989c,1,6301.567164
2026/02/05/01:04:36,apply-time,rs-006074-6wzxc,f64dab79-2679-455d-9057-f343e0f8e59c,1,6302.567164
2026/02/05/01:04:36,running-time,rs-006074-6wzxc,f64dab79-2679-455d-9057-f343e0f8e59c,1,6302.567164
2026/02/05/01:04:36,apply-time,rs-006074-9jdtc,bc5e2cb1-9376-4867-83fd-8744e68630d3,1,6302.567164
2026/02/05/01:04:36,running-time,rs-006074-9jdtc,bc5e2cb1-9376-4867-83fd-8744e68630d3,1,6302.567164
2026/02/05/01:04:36,apply-time,rs-006074-wc5h4,a2eab178-b571-4fe3-9ffb-91d3b60acf4c,1,6302.567164
2026/02/05/01:04:36,running-time,rs-006074-wc5h4,a2eab178-b571-4fe3-9ffb-91d3b60acf4c,1,6302.567164
2026/02/05/01:04:36,apply-time,rs-006075-rglhj,a48921e3-53db-46b2-a11b-6d5b63a20351,1,6302.567164
2026/02/05/01:04:36,running-time,rs-006075-rglhj,a48921e3-53db-46b2-a11b-6d5b63a20351,1,6302.567164
2026/02/05/01:04:36,apply-time,rs-006075-s6c49,f03ba99e-2ca5-495a-bd12-89b418af7e86,1,6302.567164
2026/02/05/01:04:36,running-time,rs-006075-s6c49,f03ba99e-2ca5-495a-bd12-89b418af7e86,1,6302.567164
2026/02/05/01:04:36,apply-time,rs-006076-kvxrf,954f0694-6423-4d32-bd9c-ea701cbe5c18,1,6302.567164
2026/02/05/01:04:36,running-time,rs-006076-kvxrf,954f0694-6423-4d32-bd9c-ea701cbe5c18,1,6302.567164
2026/02/05/01:04:36,apply-time,rs-006077-fwdxr,7771db2a-17ca-47a9-9883-84e9e13112ff,1,6302.567164
2026/02/05/01:04:36,apply-time,rs-006077-lbxxl,82dcc4d6-de5f-48ab-9698-11c436247132,1,6302.567164
2026/02/05/01:04:36,apply-time,rs-006077-vfxqz,a95302c6-7a03-42bd-a990-a25a5e33339a,1,6302.567164
2026/02/05/01:04:36,running-time,rs-006077-vfxqz,a95302c6-7a03-42bd-a990-a25a5e33339a,1,6302.567164
2026/02/05/01:04:36,apply-time,rs-006078-bhmgj,389783ff-3b0a-4fca-9f88-35a21afbb01b,1,6302.567164
2026/02/05/01:04:36,running-time,rs-006078-bhmgj,389783ff-3b0a-4fca-9f88-35a21afbb01b,1,6302.567164
2026/02/05/01:04:43,apply-time,rs-006079-bm9t4,83521c16-bb27-4cbd-8ab4-4a7028fdab2a,1,6310.567164
2026/02/05/01:04:43,running-time,rs-006079-bm9t4,83521c16-bb27-4cbd-8ab4-4a7028fdab2a,1,6310.567164
2026/02/05/01:04:43,apply-time,rs-006079-kzjhh,8cf52155-3445-4462-afc1-56258ba266dd,1,6310.567164
2026/02/05/01:04:43,running-time,rs-006079-kzjhh,8cf52155-3445-4462-afc1-56258ba266dd,1,6310.567164
2026/02/05/01:04:43,apply-time,rs-006079-sg6cm,8317a029-aa0f-45fd-b529-a031d5b8a03b,1,6310.567164
2026/02/05/01:04:43,running-time,rs-006079-sg6cm,8317a029-aa0f-45fd-b529-a031d5b8a03b,1,6310.567164
2026/02/05/01:04:56,apply-time,rs-006080-fvh4d,d9ae6b8b-6219-4266-87ac-a100b76e81e8,1,6323.567164
2026/02/05/01:04:56,running-time,rs-006080-fvh4d,d9ae6b8b-6219-4266-87ac-a100b76e81e8,1,6323.567164
2026/02/05/01:04:56,apply-time,rs-006080-k9lwb,8127acd8-9fa3-41c3-9274-e2ac4d475412,1,6323.567164
2026/02/05/01:04:56,running-time,rs-006080-k9lwb,8127acd8-9fa3-41c3-9274-e2ac4d475412,1,6323.567164
2026/02/05/01:04:56,apply-time,rs-006080-rzt2r,5fb8a29c-754e-4b2e-be57-48161b076537,1,6323.567164
2026/02/05/01:04:56,running-time,rs-006080-rzt2r,5fb8a29c-754e-4b2e-be57-48161b076537,1,6323.567164
2026/02/05/01:04:56,apply-time,rs-006081-gb78w,aab3a7ed-60bb-4f76-82d4-35d750dc3f3a,1,6323.567164
2026/02/05/01:04:56,running-time,rs-006081-gb78w,aab3a7ed-60bb-4f76-82d4-35d750dc3f3a,1,6323.567164
2026/02/05/01:04:59,apply-time,rs-006082-2dkhp,7c1f0f8e-d46e-4f4c-84b2-b9d460fec9d6,1,6326.567164
2026/02/05/01:04:59,running-time,rs-006082-2dkhp,7c1f0f8e-d46e-4f4c-84b2-b9d460fec9d6,1,6326.567164
2026/02/05/01:04:59,apply-time,rs-006083-28dtf,f5c43f7c-6b03-4927-9b4c-2ef20c18d1b8,1,6326.567164
2026/02/05/01:04:59,running-time,rs-006083-28dtf,f5c43f7c-6b03-4927-9b4c-2ef20c18d1b8,1,6326.567164
2026/02/05/01:04:59,apply-time,rs-006083-54lng,be171737-a9eb-4bdc-87f4-31196b1d9e8c,1,6326.567164
2026/02/05/01:04:59,running-time,rs-006083-54lng,be171737-a9eb-4bdc-87f4-31196b1d9e8c,1,6326.567164
2026/02/05/01:04:59,apply-time,rs-006083-cwqjz,97dad4ba-6d81-40c2-95d0-2bda3344b31d,1,6326.567164
2026/02/05/01:04:59,running-time,rs-006083-cwqjz,97dad4ba-6d81-40c2-95d0-2bda3344b31d,1,6326.567164
2026/02/05/01:05:00,apply-time,rs-006084-b8j94,f44b8f07-78aa-484d-854d-fee59f05e70b,1,6326.567164
2026/02/05/01:05:00,running-time,rs-006084-b8j94,f44b8f07-78aa-484d-854d-fee59f05e70b,1,6326.567164
2026/02/05/01:05:00,apply-time,rs-006084-m45rn,6401db17-e1fa-4cde-92a8-0a2b512fc432,1,6326.567164
2026/02/05/01:05:00,running-time,rs-006084-m45rn,6401db17-e1fa-4cde-92a8-0a2b512fc432,1,6326.567164
2026/02/05/01:05:00,apply-time,rs-006084-sj7c8,71bfb059-5762-4049-a46c-848d4b6a7483,1,6326.567164
2026/02/05/01:05:00,running-time,rs-006084-sj7c8,71bfb059-5762-4049-a46c-848d4b6a7483,1,6326.567164
2026/02/05/01:05:01,apply-time,rs-006085-h2s4h,b46c5c35-91f7-4f3c-b83d-a71928fced9a,1,6328.567164
2026/02/05/01:05:01,running-time,rs-006085-h2s4h,b46c5c35-91f7-4f3c-b83d-a71928fced9a,1,6328.567164
2026/02/05/01:05:01,apply-time,rs-006085-wdfqf,6eb043f4-06a7-4eb3-8c51-32531a6c0e94,1,6328.567164
2026/02/05/01:05:01,running-time,rs-006085-wdfqf,6eb043f4-06a7-4eb3-8c51-32531a6c0e94,1,6328.567164
2026/02/05/01:05:01,apply-time,rs-006086-25ws5,627d2f0b-bd36-46ac-821c-16fbf331095e,1,6328.567164
2026/02/05/01:05:01,running-time,rs-006086-25ws5,627d2f0b-bd36-46ac-821c-16fbf331095e,1,6328.567164
2026/02/05/01:05:01,apply-time,rs-006086-qq4sx,ed6a4a1c-a43a-42be-bae5-fab48b625e58,1,6328.567164
2026/02/05/01:05:01,running-time,rs-006086-qq4sx,ed6a4a1c-a43a-42be-bae5-fab48b625e58,1,6328.567164
2026/02/05/01:05:01,apply-time,rs-006086-x5m29,33a32a69-1ca6-47de-835f-d876ba338432,1,6328.567164
2026/02/05/01:05:01,running-time,rs-006086-x5m29,33a32a69-1ca6-47de-835f-d876ba338432,1,6328.567164
2026/02/05/01:05:14,apply-time,rs-006087-26k6c,0b82e373-6c04-4f63-ad2e-d63ac2ffd20f,1,6341.567164
2026/02/05/01:05:14,running-time,rs-006087-26k6c,0b82e373-6c04-4f63-ad2e-d63ac2ffd20f,1,6341.567164
2026/02/05/01:05:14,apply-time,rs-006087-jpwf9,5231f00c-0820-4875-ac8d-fc8db10f8f27,1,6341.567164
2026/02/05/01:05:14,running-time,rs-006087-jpwf9,5231f00c-0820-4875-ac8d-fc8db10f8f27,1,6341.567164
2026/02/05/01:05:14,apply-time,rs-006087-lj7pt,4e6ceb71-6bd7-4e3e-9fe8-236ced381fee,1,6341.567164
2026/02/05/01:05:14,running-time,rs-006087-lj7pt,4e6ceb71-6bd7-4e3e-9fe8-236ced381fee,1,6341.567164
2026/02/05/01:05:14,apply-time,rs-006088-pxxnj,e9fae775-b2e3-49b9-81f8-6f7b401977ac,1,6341.567164
2026/02/05/01:05:14,running-time,rs-006088-pxxnj,e9fae775-b2e3-49b9-81f8-6f7b401977ac,1,6341.567164
2026/02/05/01:05:14,apply-time,rs-006088-wcv9k,12e15c6b-325b-4be3-b2bc-f19cdb8165c3,1,6341.567164
2026/02/05/01:05:14,running-time,rs-006088-wcv9k,12e15c6b-325b-4be3-b2bc-f19cdb8165c3,1,6341.567164
2026/02/05/01:05:14,apply-time,rs-006089-shpc9,5a47903c-3db4-4479-a905-50882dc6d934,1,6341.567164
2026/02/05/01:05:14,running-time,rs-006089-shpc9,5a47903c-3db4-4479-a905-50882dc6d934,1,6341.567164
2026/02/05/01:05:18,apply-time,rs-006090-b42b8,53a53bc7-a6b0-487b-9c2a-178f97081f42,1,6345.567164
2026/02/05/01:05:18,running-time,rs-006090-b42b8,53a53bc7-a6b0-487b-9c2a-178f97081f42,1,6345.567164
2026/02/05/01:05:28,apply-time,rs-006091-999l4,0704928d-dc87-4e2d-a793-10d63b8e6107,1,6355.567164
2026/02/05/01:05:28,running-time,rs-006091-999l4,0704928d-dc87-4e2d-a793-10d63b8e6107,1,6355.567164
2026/02/05/01:05:28,apply-time,rs-006091-vkbm4,549afdc1-c255-4a90-86f2-4640c78082ae,1,6355.567164
2026/02/05/01:05:28,running-time,rs-006091-vkbm4,549afdc1-c255-4a90-86f2-4640c78082ae,1,6355.567164
2026/02/05/01:05:28,apply-time,rs-006092-v6ll5,7e686bc5-7115-4523-b63f-95b2d6c4c99a,1,6355.567164
2026/02/05/01:05:28,running-time,rs-006092-v6ll5,7e686bc5-7115-4523-b63f-95b2d6c4c99a,1,6355.567164
2026/02/05/01:05:28,apply-time,rs-006093-cmzdr,063f1ec0-4d75-4f75-a12c-32d3e8116886,1,6355.567164
2026/02/05/01:05:28,running-time,rs-006093-cmzdr,063f1ec0-4d75-4f75-a12c-32d3e8116886,1,6355.567164
2026/02/05/01:05:28,apply-time,rs-006093-s9gpc,4ea88c1d-80c4-42d8-ba91-ec0009f1de4a,1,6355.567164
2026/02/05/01:05:28,running-time,rs-006093-s9gpc,4ea88c1d-80c4-42d8-ba91-ec0009f1de4a,1,6355.567164
2026/02/05/01:05:28,apply-time,rs-006093-zmrw9,848fbba7-6a75-4067-9e93-969cd0bbee36,1,6355.567164
2026/02/05/01:05:28,running-time,rs-006093-zmrw9,848fbba7-6a75-4067-9e93-969cd0bbee36,1,6355.567164
2026/02/05/01:05:28,apply-time,rs-006094-4929s,0e57dc03-dd0c-4cee-ae84-8da96c9fcc0d,1,6355.567164
2026/02/05/01:05:28,running-time,rs-006094-4929s,0e57dc03-dd0c-4cee-ae84-8da96c9fcc0d,1,6355.567164
2026/02/05/01:05:28,apply-time,rs-006095-n45bm,a3420b77-e2ca-4be8-9be9-ec70cee3e8e1,1,6355.567164
2026/02/05/01:05:28,running-time,rs-006095-n45bm,a3420b77-e2ca-4be8-9be9-ec70cee3e8e1,1,6355.567164
2026/02/05/01:05:29,apply-time,rs-006096-7ppxh,b66c2387-7656-4a15-aaa0-fe0ea6d585ec,1,6356.567164
2026/02/05/01:05:29,running-time,rs-006096-7ppxh,b66c2387-7656-4a15-aaa0-fe0ea6d585ec,1,6356.567164
2026/02/05/01:05:29,apply-time,rs-006096-gttrj,21ccd992-609e-4c0f-9c77-1f57cb731e7e,1,6356.567164
2026/02/05/01:05:29,running-time,rs-006096-gttrj,21ccd992-609e-4c0f-9c77-1f57cb731e7e,1,6356.567164
2026/02/05/01:05:31,apply-time,rs-006097-cbqt9,9870facc-830f-4e40-993c-a32676971884,1,6358.567164
2026/02/05/01:05:31,running-time,rs-006097-cbqt9,9870facc-830f-4e40-993c-a32676971884,1,6358.567164
2026/02/05/01:05:31,apply-time,rs-006097-gqm2d,c6c28c70-2a3a-40ce-bea1-7ff579df64f0,1,6358.567164
2026/02/05/01:05:31,running-time,rs-006097-gqm2d,c6c28c70-2a3a-40ce-bea1-7ff579df64f0,1,6358.567164
2026/02/05/01:05:33,apply-time,rs-006098-qq4lc,eac58a8c-b6e7-4c4e-92db-208e9e5f6d2e,1,6360.567164
2026/02/05/01:05:33,running-time,rs-006098-qq4lc,eac58a8c-b6e7-4c4e-92db-208e9e5f6d2e,1,6360.567164
2026/02/05/01:05:33,apply-time,rs-006098-szscp,74dd9d69-0dd6-4e1c-9d10-fcf5813c0cee,1,6360.567164
2026/02/05/01:05:33,running-time,rs-006098-szscp,74dd9d69-0dd6-4e1c-9d10-fcf5813c0cee,1,6360.567164
2026/02/05/01:05:33,apply-time,rs-006098-zr7n8,2026a626-c750-4acc-821f-4832d3c4a1bf,1,6360.567164
2026/02/05/01:05:33,running-time,rs-006098-zr7n8,2026a626-c750-4acc-821f-4832d3c4a1bf,1,6360.567164
2026/02/05/01:05:33,apply-time,rs-006099-km2sr,9dd70f7c-c64a-4f92-af39-72fd67c7a846,1,6360.567164
2026/02/05/01:05:33,apply-time,rs-006099-pp8zn,3f963d54-15c8-483d-ae34-7c6fedd14773,1,6360.567164
2026/02/05/01:05:33,running-time,rs-006099-pp8zn,3f963d54-15c8-483d-ae34-7c6fedd14773,1,6360.567164
2026/02/05/01:05:33,apply-time,rs-006100-r8p2v,5d049676-aa1d-4784-b8f9-b402ae93b0bb,1,6360.567164
2026/02/05/01:05:33,running-time,rs-006100-r8p2v,5d049676-aa1d-4784-b8f9-b402ae93b0bb,1,6360.567164
2026/02/05/01:05:33,apply-time,rs-006101-kxt5q,7ce5964a-3412-479f-bcf7-55b0081300c5,1,6360.567164
2026/02/05/01:05:33,running-time,rs-006101-kxt5q,7ce5964a-3412-479f-bcf7-55b0081300c5,1,6360.567164
2026/02/05/01:05:33,apply-time,rs-006101-p9m85,79ab1067-cdda-4f3a-8a36-b5c073a118a3,1,6360.567164
2026/02/05/01:05:33,running-time,rs-006101-p9m85,79ab1067-cdda-4f3a-8a36-b5c073a118a3,1,6360.567164
2026/02/05/01:05:33,apply-time,rs-006101-wg4cj,e2ec5251-d504-40b1-aed4-16fb9ffadf02,1,6360.567164
2026/02/05/01:05:33,running-time,rs-006101-wg4cj,e2ec5251-d504-40b1-aed4-16fb9ffadf02,1,6360.567164
2026/02/05/01:05:34,apply-time,rs-006102-5dw9q,f862107b-dc16-4228-931a-4dec74612afd,1,6361.567164
2026/02/05/01:05:34,running-time,rs-006102-5dw9q,f862107b-dc16-4228-931a-4dec74612afd,1,6361.567164
2026/02/05/01:05:34,apply-time,rs-006102-fdh8g,6110bb0a-9dd0-4230-9cff-64092fdaa032,1,6360.567164
2026/02/05/01:05:34,running-time,rs-006102-fdh8g,6110bb0a-9dd0-4230-9cff-64092fdaa032,1,6360.567164
2026/02/05/01:05:34,apply-time,rs-006103-2zqp2,44bd2884-ae0e-4e10-a2d7-c585522a8c0b,1,6361.567164
2026/02/05/01:05:34,running-time,rs-006103-2zqp2,44bd2884-ae0e-4e10-a2d7-c585522a8c0b,1,6361.567164
2026/02/05/01:05:34,apply-time,rs-006103-tdcz2,f62807bc-d5e7-44fd-9de4-62b35d9b7b04,1,6360.567164
2026/02/05/01:05:34,running-time,rs-006103-tdcz2,f62807bc-d5e7-44fd-9de4-62b35d9b7b04,1,6360.567164
2026/02/05/01:05:35,apply-time,rs-006104-8rwsl,cb4a73fe-7270-4db9-b53e-3dec051b4f1a,1,6362.567164
2026/02/05/01:05:35,running-time,rs-006104-8rwsl,cb4a73fe-7270-4db9-b53e-3dec051b4f1a,1,6362.567164
2026/02/05/01:05:35,apply-time,rs-006105-5v5jz,c848384e-e016-4716-9630-88bedda9dda6,1,6362.567164
2026/02/05/01:05:35,running-time,rs-006105-5v5jz,c848384e-e016-4716-9630-88bedda9dda6,1,6362.567164
2026/02/05/01:05:35,apply-time,rs-006105-9f87s,a5b8bea9-e550-43a0-9439-7a8fcb437edd,1,6362.567164
2026/02/05/01:05:35,running-time,rs-006105-9f87s,a5b8bea9-e550-43a0-9439-7a8fcb437edd,1,6362.567164
2026/02/05/01:05:35,apply-time,rs-006105-p6crw,1b8d0eb0-6d47-45aa-930e-79312be886ca,1,6362.567164
2026/02/05/01:05:35,running-time,rs-006105-p6crw,1b8d0eb0-6d47-45aa-930e-79312be886ca,1,6362.567164
2026/02/05/01:05:35,apply-time,rs-006106-gjzjt,81e11726-682b-4d3c-9edd-269196deceb7,1,6362.567164
2026/02/05/01:05:35,apply-time,rs-006106-nz4d4,ff2dd7e5-51e7-41fe-b2ec-38e7efbc6ebe,1,6362.567164
2026/02/05/01:05:35,apply-time,rs-006107-bbv8w,58cdf1bd-a2af-4e2c-9d2a-f8a6363a838d,1,6362.567164
2026/02/05/01:05:35,running-time,rs-006107-bbv8w,58cdf1bd-a2af-4e2c-9d2a-f8a6363a838d,1,6362.567164
2026/02/05/01:05:36,running-time,rs-006106-gjzjt,81e11726-682b-4d3c-9edd-269196deceb7,1,6362.567164
2026/02/05/01:05:36,running-time,rs-006106-nz4d4,ff2dd7e5-51e7-41fe-b2ec-38e7efbc6ebe,1,6362.567164
2026/02/05/01:05:36,apply-time,rs-006107-vkb9b,6cf34a7b-66c2-431b-b03a-b4db2a190251,1,6362.567164
2026/02/05/01:05:36,running-time,rs-006107-vkb9b,6cf34a7b-66c2-431b-b03a-b4db2a190251,1,6362.567164
2026/02/05/01:05:39,apply-time,rs-006108-5kz8n,af8390ac-5770-4a0c-abad-b0da88547692,1,6366.567164
2026/02/05/01:05:39,running-time,rs-006108-5kz8n,af8390ac-5770-4a0c-abad-b0da88547692,1,6366.567164
2026/02/05/01:05:39,apply-time,rs-006108-pkm76,f64f31f4-41b0-4600-8c9d-5eee0b6611fd,1,6366.567164
2026/02/05/01:05:39,running-time,rs-006108-pkm76,f64f31f4-41b0-4600-8c9d-5eee0b6611fd,1,6366.567164
2026/02/05/01:05:45,apply-time,rs-006109-5l8nm,a61bdcf8-b992-4bae-aa6a-2fe745cf03c9,1,6372.567164
2026/02/05/01:05:45,running-time,rs-006109-5l8nm,a61bdcf8-b992-4bae-aa6a-2fe745cf03c9,1,6372.567164
2026/02/05/01:05:45,apply-time,rs-006109-j6gvj,3c8a3ed0-0909-47ce-8499-f750af9657b4,1,6372.567164
2026/02/05/01:05:45,running-time,rs-006109-j6gvj,3c8a3ed0-0909-47ce-8499-f750af9657b4,1,6372.567164
2026/02/05/01:05:45,apply-time,rs-006110-5z9sc,be4cab47-d010-4bd0-8d06-8025e0f25b91,1,6372.567164
2026/02/05/01:05:45,running-time,rs-006110-5z9sc,be4cab47-d010-4bd0-8d06-8025e0f25b91,1,6372.567164
2026/02/05/01:05:45,apply-time,rs-006110-tdfvx,0fbf1a43-6136-429c-bb3e-97cded8ec049,1,6372.567164
2026/02/05/01:05:45,running-time,rs-006110-tdfvx,0fbf1a43-6136-429c-bb3e-97cded8ec049,1,6372.567164
2026/02/05/01:05:45,apply-time,rs-006110-tdfwm,a2703a9f-707c-4c0b-87ba-29863de6501b,1,6372.567164
2026/02/05/01:05:45,running-time,rs-006110-tdfwm,a2703a9f-707c-4c0b-87ba-29863de6501b,1,6372.567164
2026/02/05/01:05:45,apply-time,rs-006111-wgc8k,538ed112-ffa5-467b-9414-56f57e76e8ff,1,6372.567164
2026/02/05/01:05:45,running-time,rs-006111-wgc8k,538ed112-ffa5-467b-9414-56f57e76e8ff,1,6372.567164
2026/02/05/01:05:45,apply-time,rs-006112-p9jss,6f8ee41b-c2cb-4133-a045-fed09abf2789,1,6372.567164
2026/02/05/01:05:45,running-time,rs-006112-p9jss,6f8ee41b-c2cb-4133-a045-fed09abf2789,1,6372.567164
2026/02/05/01:05:45,apply-time,rs-006112-qfdbt,9a4e775c-4e2d-4d24-be7e-64faa3c626bc,1,6372.567164
2026/02/05/01:05:45,running-time,rs-006112-qfdbt,9a4e775c-4e2d-4d24-be7e-64faa3c626bc,1,6372.567164
2026/02/05/01:05:45,apply-time,rs-006113-hh8kz,31d11474-e87a-41a8-8ab2-f54fb12d98d6,1,6372.567164
2026/02/05/01:05:45,running-time,rs-006113-hh8kz,31d11474-e87a-41a8-8ab2-f54fb12d98d6,1,6372.567164
2026/02/05/01:05:45,apply-time,rs-006114-gb4ww,33966c07-baec-442a-9450-3515efe92b6e,1,6372.567164
2026/02/05/01:05:45,running-time,rs-006114-gb4ww,33966c07-baec-442a-9450-3515efe92b6e,1,6372.567164
2026/02/05/01:05:45,apply-time,rs-006114-tpgh4,eaea920f-580a-4589-8487-141895f561c0,1,6372.567164
2026/02/05/01:05:45,running-time,rs-006114-tpgh4,eaea920f-580a-4589-8487-141895f561c0,1,6372.567164
2026/02/05/01:05:45,apply-time,rs-006114-xg7xs,167371bd-cda6-4a20-8980-0c304c8dccab,1,6372.567164
2026/02/05/01:05:45,running-time,rs-006114-xg7xs,167371bd-cda6-4a20-8980-0c304c8dccab,1,6372.567164
2026/02/05/01:05:46,apply-time,rs-006115-6cbpm,5d0e3d35-5dd9-4284-8e59-eeaa002b3773,1,6373.567164
2026/02/05/01:05:46,running-time,rs-006115-6cbpm,5d0e3d35-5dd9-4284-8e59-eeaa002b3773,1,6373.567164
2026/02/05/01:05:46,apply-time,rs-006115-8vwcz,7dc80ea6-3660-4213-843d-c1d87adefd7f,1,6372.567164
2026/02/05/01:05:46,running-time,rs-006115-8vwcz,7dc80ea6-3660-4213-843d-c1d87adefd7f,1,6372.567164
2026/02/05/01:05:47,apply-time,rs-006116-rzxzw,92768eb1-d449-4630-b2d6-fdb1a912930a,1,6374.567164
2026/02/05/01:05:47,running-time,rs-006116-rzxzw,92768eb1-d449-4630-b2d6-fdb1a912930a,1,6374.567164
2026/02/05/01:05:48,apply-time,rs-006117-86h9f,8de9f41c-5084-4e54-9204-3983a500acc3,1,6374.567164
2026/02/05/01:05:48,running-time,rs-006117-86h9f,8de9f41c-5084-4e54-9204-3983a500acc3,1,6374.567164
2026/02/05/01:05:48,apply-time,rs-006118-4j754,7f42fa64-6584-496d-b663-a9c6c0afcd30,1,6375.567164
2026/02/05/01:05:48,running-time,rs-006118-4j754,7f42fa64-6584-496d-b663-a9c6c0afcd30,1,6375.567164
2026/02/05/01:05:48,apply-time,rs-006119-87mj5,de494826-81fe-47d6-91eb-b57df4336194,1,6375.567164
2026/02/05/01:05:48,running-time,rs-006119-87mj5,de494826-81fe-47d6-91eb-b57df4336194,1,6375.567164
2026/02/05/01:05:48,apply-time,rs-006119-jflgd,6f6bf6dd-ab5e-4e90-85c5-0e2c24a7750a,1,6375.567164
2026/02/05/01:05:48,running-time,rs-006119-jflgd,6f6bf6dd-ab5e-4e90-85c5-0e2c24a7750a,1,6375.567164
2026/02/05/01:05:56,apply-time,rs-006120-lm7gk,922233ef-4034-44cb-bbf2-0d21349f1ee9,1,6383.567164
2026/02/05/01:05:56,running-time,rs-006120-lm7gk,922233ef-4034-44cb-bbf2-0d21349f1ee9,1,6383.567164
2026/02/05/01:05:56,apply-time,rs-006120-mvtcx,a191e575-ddb9-4388-bae7-6b8d6c5e1342,1,6383.567164
2026/02/05/01:05:56,running-time,rs-006120-mvtcx,a191e575-ddb9-4388-bae7-6b8d6c5e1342,1,6383.567164
2026/02/05/01:05:56,apply-time,rs-006120-nv9pg,d49a282d-cfda-4e83-bb3c-6931b3d85aec,1,6383.567164
2026/02/05/01:05:56,running-time,rs-006120-nv9pg,d49a282d-cfda-4e83-bb3c-6931b3d85aec,1,6383.567164
2026/02/05/01:05:56,apply-time,rs-006121-fbq9x,4be2323b-1797-4182-9949-9f2fd5699dd0,1,6383.567164
2026/02/05/01:05:56,running-time,rs-006121-fbq9x,4be2323b-1797-4182-9949-9f2fd5699dd0,1,6383.567164
2026/02/05/01:05:56,apply-time,rs-006121-nznfl,a12838a9-1ceb-4bdb-953b-103faf2aa7d3,1,6383.567164
2026/02/05/01:05:56,running-time,rs-006121-nznfl,a12838a9-1ceb-4bdb-953b-103faf2aa7d3,1,6383.567164
2026/02/05/01:05:56,apply-time,rs-006121-plnc2,e5266006-fef0-416c-9a73-41436094274b,1,6383.567164
2026/02/05/01:05:56,running-time,rs-006121-plnc2,e5266006-fef0-416c-9a73-41436094274b,1,6383.567164
2026/02/05/01:05:56,apply-time,rs-006122-g66k8,6f4f9066-07a6-4577-8f22-d6474cb677d6,1,6383.567164
2026/02/05/01:05:56,running-time,rs-006122-g66k8,6f4f9066-07a6-4577-8f22-d6474cb677d6,1,6383.567164
2026/02/05/01:05:56,apply-time,rs-006122-pjz5p,73a13cbf-0d47-47f0-820b-dee69ac57efc,1,6383.567164
2026/02/05/01:05:56,apply-time,rs-006123-54twk,a6f30f10-6932-4a95-a0f7-b88d00ea7cba,1,6383.567164
2026/02/05/01:05:56,apply-time,rs-006124-vn87m,5bb1e76a-66f1-46fd-9fe5-b4541e9c38bb,1,6383.567164
2026/02/05/01:05:56,running-time,rs-006124-vn87m,5bb1e76a-66f1-46fd-9fe5-b4541e9c38bb,1,6383.567164
2026/02/05/01:05:57,running-time,rs-006122-pjz5p,73a13cbf-0d47-47f0-820b-dee69ac57efc,1,6383.567164
2026/02/05/01:05:57,running-time,rs-006123-54twk,a6f30f10-6932-4a95-a0f7-b88d00ea7cba,1,6383.567164
2026/02/05/01:05:57,apply-time,rs-006125-6jzml,f39eb0ae-da75-45a6-b41c-d321eef3bdb5,1,6383.567164
2026/02/05/01:05:57,running-time,rs-006125-6jzml,f39eb0ae-da75-45a6-b41c-d321eef3bdb5,1,6383.567164
2026/02/05/01:05:57,apply-time,rs-006126-zpjq2,0999f6b0-bf53-4a24-83d0-1eee9c9e49e2,1,6384.567164
2026/02/05/01:05:57,running-time,rs-006126-zpjq2,0999f6b0-bf53-4a24-83d0-1eee9c9e49e2,1,6384.567164
2026/02/05/01:05:57,apply-time,rs-006127-pzv4r,bc1ea652-1bc9-49e6-956b-9a24d4d213fd,1,6384.567164
2026/02/05/01:05:57,apply-time,rs-006127-xvksr,3fc8e4ba-73ef-45c3-9ac2-6b0781478755,1,6384.567164
2026/02/05/01:05:57,running-time,rs-006127-xvksr,3fc8e4ba-73ef-45c3-9ac2-6b0781478755,1,6384.567164
2026/02/05/01:05:57,apply-time,rs-006128-jpnm7,37ced235-5f88-412c-b0ae-2eca31f9b4d0,1,6384.567164
2026/02/05/01:05:57,running-time,rs-006128-jpnm7,37ced235-5f88-412c-b0ae-2eca31f9b4d0,1,6384.567164
2026/02/05/01:05:58,running-time,rs-006127-pzv4r,bc1ea652-1bc9-49e6-956b-9a24d4d213fd,1,6384.567164
2026/02/05/01:05:59,apply-time,rs-006130-t85gr,c9c2df77-5a5c-4bd8-aac0-8e1e521ce255,1,6386.567164
2026/02/05/01:06:00,apply-time,rs-006129-52wwv,4869cdb5-dba2-4bd4-abde-912444486500,1,6386.567164
2026/02/05/01:06:00,running-time,rs-006129-52wwv,4869cdb5-dba2-4bd4-abde-912444486500,1,6386.567164
2026/02/05/01:06:00,apply-time,rs-006129-6p8mz,57fb652d-3045-4282-ba11-165aee12b29b,1,6386.567164
2026/02/05/01:06:00,running-time,rs-006129-6p8mz,57fb652d-3045-4282-ba11-165aee12b29b,1,6386.567164
2026/02/05/01:06:00,apply-time,rs-006129-xzh74,a3d51889-c4a4-4703-b596-79cb63c81745,1,6386.567164
2026/02/05/01:06:00,running-time,rs-006129-xzh74,a3d51889-c4a4-4703-b596-79cb63c81745,1,6386.567164
2026/02/05/01:06:00,apply-time,rs-006130-bqx5j,3f3e84c1-1ff4-4cd9-b736-23608bf972e0,1,6386.567164
2026/02/05/01:06:00,running-time,rs-006130-bqx5j,3f3e84c1-1ff4-4cd9-b736-23608bf972e0,1,6386.567164
2026/02/05/01:06:00,apply-time,rs-006130-srmb2,27d34e72-c174-4ed8-aa3e-20492f94bd45,1,6386.567164
2026/02/05/01:06:00,running-time,rs-006130-srmb2,27d34e72-c174-4ed8-aa3e-20492f94bd45,1,6386.567164
2026/02/05/01:06:00,running-time,rs-006130-t85gr,c9c2df77-5a5c-4bd8-aac0-8e1e521ce255,1,6386.567164
2026/02/05/01:06:00,apply-time,rs-006131-p77n8,2d303bce-2f55-4680-9c08-bb35c32577af,1,6386.567164
2026/02/05/01:06:00,running-time,rs-006131-p77n8,2d303bce-2f55-4680-9c08-bb35c32577af,1,6386.567164
2026/02/05/01:06:00,apply-time,rs-006132-47c92,a0aff6a6-4039-4e82-ba32-f6715037580c,1,6387.567164
2026/02/05/01:06:00,running-time,rs-006132-47c92,a0aff6a6-4039-4e82-ba32-f6715037580c,1,6387.567164
2026/02/05/01:06:00,apply-time,rs-006132-vhq5g,9ae75aed-763f-4f8b-ab39-b8c8c36ff7c3,1,6387.567164
2026/02/05/01:06:00,running-time,rs-006132-vhq5g,9ae75aed-763f-4f8b-ab39-b8c8c36ff7c3,1,6387.567164
2026/02/05/01:06:00,apply-time,rs-006133-vvnx6,98a19231-ecf3-4b85-907a-74bb5419bd7a,1,6387.567164
2026/02/05/01:06:00,running-time,rs-006133-vvnx6,98a19231-ecf3-4b85-907a-74bb5419bd7a,1,6387.567164
2026/02/05/01:06:00,apply-time,rs-006133-wsjmz,6ceb24ae-6e39-44bc-b3d2-915542a1a17a,1,6387.567164
2026/02/05/01:06:00,running-time,rs-006133-wsjmz,6ceb24ae-6e39-44bc-b3d2-915542a1a17a,1,6387.567164
2026/02/05/01:06:00,apply-time,rs-006134-c5ttj,e3e0ab7b-d500-4ade-9b78-1c67a9ab9576,1,6387.567164
2026/02/05/01:06:00,apply-time,rs-006134-ntzdn,eee341cd-eab0-40fc-b49b-27a1b0c7884c,1,6387.567164
2026/02/05/01:06:00,running-time,rs-006134-ntzdn,eee341cd-eab0-40fc-b49b-27a1b0c7884c,1,6387.567164
2026/02/05/01:06:00,apply-time,rs-006135-clbwm,071c1cfe-ff43-4b60-aa2d-53e6c77a8167,1,6387.567164
2026/02/05/01:06:00,running-time,rs-006135-clbwm,071c1cfe-ff43-4b60-aa2d-53e6c77a8167,1,6387.567164
2026/02/05/01:06:00,apply-time,rs-006135-wttvj,3a632373-1710-4808-bfaa-15318f0e65ee,1,6387.567164
2026/02/05/01:06:00,running-time,rs-006135-wttvj,3a632373-1710-4808-bfaa-15318f0e65ee,1,6387.567164
2026/02/05/01:06:01,running-time,rs-006134-c5ttj,e3e0ab7b-d500-4ade-9b78-1c67a9ab9576,1,6387.567164
2026/02/05/01:06:01,apply-time,rs-006134-jtf4q,57c434bc-9076-4da6-862e-a50ec1ebff0d,1,6387.567164
2026/02/05/01:06:01,running-time,rs-006134-jtf4q,57c434bc-9076-4da6-862e-a50ec1ebff0d,1,6387.567164
2026/02/05/01:06:01,apply-time,rs-006136-bzhgg,514d1b99-e02d-4ae2-ab2e-705b93a47535,1,6387.567164
2026/02/05/01:06:01,running-time,rs-006136-bzhgg,514d1b99-e02d-4ae2-ab2e-705b93a47535,1,6387.567164
2026/02/05/01:06:01,apply-time,rs-006136-kzmqj,93a251af-ef42-42bc-9e84-5528a3823dde,1,6388.567164
2026/02/05/01:06:01,running-time,rs-006136-kzmqj,93a251af-ef42-42bc-9e84-5528a3823dde,1,6388.567164
2026/02/05/01:06:01,apply-time,rs-006136-x9ncq,ad73e4ff-ce64-4447-9076-6706716cba9b,1,6388.567164
2026/02/05/01:06:01,running-time,rs-006136-x9ncq,ad73e4ff-ce64-4447-9076-6706716cba9b,1,6388.567164
2026/02/05/01:06:14,apply-time,rs-006137-9xnt5,333defea-db0b-4b75-a2b4-6dc0ffc87929,1,6401.567164
2026/02/05/01:06:14,running-time,rs-006137-9xnt5,333defea-db0b-4b75-a2b4-6dc0ffc87929,1,6401.567164
2026/02/05/01:06:14,apply-time,rs-006137-swzjr,3717bc0f-32c8-424e-8330-810bb0831a9b,1,6401.567164
2026/02/05/01:06:14,running-time,rs-006137-swzjr,3717bc0f-32c8-424e-8330-810bb0831a9b,1,6401.567164
2026/02/05/01:06:14,apply-time,rs-006138-7hk7q,8bab6f59-1312-440a-9f52-2616e94c64cf,1,6401.567164
2026/02/05/01:06:14,running-time,rs-006138-7hk7q,8bab6f59-1312-440a-9f52-2616e94c64cf,1,6401.567164
2026/02/05/01:06:30,apply-time,rs-006139-gccgr,d054b265-cdfb-49cd-91c5-f460656db203,1,6417.567164
2026/02/05/01:06:30,running-time,rs-006139-gccgr,d054b265-cdfb-49cd-91c5-f460656db203,1,6417.567164
2026/02/05/01:06:30,apply-time,rs-006140-j7zk6,2dfe09a8-aeb8-4200-b947-27f987050031,1,6417.567164
2026/02/05/01:06:30,running-time,rs-006140-j7zk6,2dfe09a8-aeb8-4200-b947-27f987050031,1,6417.567164
2026/02/05/01:06:30,apply-time,rs-006140-t24pw,72758918-fa7c-4ad7-b3a9-1304a834d36f,1,6417.567164
2026/02/05/01:06:30,running-time,rs-006140-t24pw,72758918-fa7c-4ad7-b3a9-1304a834d36f,1,6417.567164
2026/02/05/01:06:30,apply-time,rs-006140-v9s4q,d0eaa83a-259f-4c77-a187-82899e4db913,1,6417.567164
2026/02/05/01:06:30,running-time,rs-006140-v9s4q,d0eaa83a-259f-4c77-a187-82899e4db913,1,6417.567164
2026/02/05/01:06:30,apply-time,rs-006141-ggg87,cca64f92-89d6-4718-ae4f-e2910a6f3cc9,1,6417.567164
2026/02/05/01:06:30,running-time,rs-006141-ggg87,cca64f92-89d6-4718-ae4f-e2910a6f3cc9,1,6417.567164
2026/02/05/01:06:30,apply-time,rs-006141-s6l2x,f4f359b6-0c39-4815-9bed-2132332fd990,1,6417.567164
2026/02/05/01:06:30,running-time,rs-006141-s6l2x,f4f359b6-0c39-4815-9bed-2132332fd990,1,6417.567164
2026/02/05/01:06:30,apply-time,rs-006142-jflpq,d4b40831-e606-4613-b042-1bb9d79f15e7,1,6417.567164
2026/02/05/01:06:30,apply-time,rs-006142-jrtf9,5c950f48-bdea-4593-85ca-9cd7e1b11ec1,1,6417.567164
2026/02/05/01:06:30,running-time,rs-006142-jrtf9,5c950f48-bdea-4593-85ca-9cd7e1b11ec1,1,6417.567164
2026/02/05/01:06:30,apply-time,rs-006142-mjk9h,6d1b1ee1-56e5-4549-b26b-4cff2fc4dbc4,1,6417.567164
2026/02/05/01:06:30,running-time,rs-006142-mjk9h,6d1b1ee1-56e5-4549-b26b-4cff2fc4dbc4,1,6417.567164
2026/02/05/01:06:30,apply-time,rs-006143-fmbqz,8b868331-a876-4c5a-9f0d-151be4411416,1,6417.567164
2026/02/05/01:06:30,running-time,rs-006143-fmbqz,8b868331-a876-4c5a-9f0d-151be4411416,1,6417.567164
2026/02/05/01:06:31,apply-time,rs-006144-8s2tx,52a67ae9-67f9-4396-bf0e-72a176dce65f,1,6418.567164
2026/02/05/01:06:31,running-time,rs-006144-8s2tx,52a67ae9-67f9-4396-bf0e-72a176dce65f,1,6418.567164
2026/02/05/01:06:31,apply-time,rs-006144-kdhg7,975d3191-d301-4110-ac06-73eba1314a80,1,6418.567164
2026/02/05/01:06:31,running-time,rs-006144-kdhg7,975d3191-d301-4110-ac06-73eba1314a80,1,6418.567164
2026/02/05/01:06:31,apply-time,rs-006144-pcv27,778a5f8b-cb9c-4d04-8363-650966707915,1,6418.567164
2026/02/05/01:06:31,running-time,rs-006144-pcv27,778a5f8b-cb9c-4d04-8363-650966707915,1,6418.567164
2026/02/05/01:06:31,apply-time,rs-006145-fq4wc,79bccac4-ac5f-441b-b431-2d0873048516,1,6418.567164
2026/02/05/01:06:31,running-time,rs-006145-fq4wc,79bccac4-ac5f-441b-b431-2d0873048516,1,6418.567164
2026/02/05/01:06:31,apply-time,rs-006145-nddqw,4fa80c44-ad0c-4b2d-8bd4-5cf6ba827f1c,1,6418.567164
2026/02/05/01:06:31,apply-time,rs-006146-dkdc4,7bdd625a-6b98-449b-b98f-6299247c2c5a,1,6418.567164
2026/02/05/01:06:31,running-time,rs-006146-dkdc4,7bdd625a-6b98-449b-b98f-6299247c2c5a,1,6418.567164
2026/02/05/01:06:31,apply-time,rs-006146-qcswm,10586bd1-928e-4e01-bb93-42662af5e351,1,6418.567164
2026/02/05/01:06:31,running-time,rs-006146-qcswm,10586bd1-928e-4e01-bb93-42662af5e351,1,6418.567164
2026/02/05/01:06:32,apply-time,rs-006145-96m27,622aed3c-ae59-4074-9813-15a42401e3dd,1,6418.567164
2026/02/05/01:06:32,running-time,rs-006145-96m27,622aed3c-ae59-4074-9813-15a42401e3dd,1,6418.567164
2026/02/05/01:06:32,running-time,rs-006145-nddqw,4fa80c44-ad0c-4b2d-8bd4-5cf6ba827f1c,1,6418.567164
2026/02/05/01:06:32,apply-time,rs-006147-5jdd7,15f32a5d-5748-4991-932a-f17afcaee379,1,6419.567164
2026/02/05/01:06:32,running-time,rs-006147-5jdd7,15f32a5d-5748-4991-932a-f17afcaee379,1,6419.567164
2026/02/05/01:06:33,apply-time,rs-006148-rt62f,47dffdbc-2fe7-4de7-a424-564475515ac9,1,6420.567164
2026/02/05/01:06:33,apply-time,rs-006148-vsljv,b9026498-5556-4bdb-8f60-d76ba76a2103,1,6420.567164
2026/02/05/01:06:34,running-time,rs-006148-rt62f,47dffdbc-2fe7-4de7-a424-564475515ac9,1,6420.567164
2026/02/05/01:06:34,running-time,rs-006148-vsljv,b9026498-5556-4bdb-8f60-d76ba76a2103,1,6420.567164
2026/02/05/01:06:42,apply-time,rs-006149-hq6j7,90d56276-459d-4d24-88a3-3861990a8499,1,6429.567164
2026/02/05/01:06:42,running-time,rs-006149-hq6j7,90d56276-459d-4d24-88a3-3861990a8499,1,6429.567164
2026/02/05/01:06:42,apply-time,rs-006149-kjps6,c70cadd1-fbaf-4fd8-84fc-501134685c34,1,6429.567164
2026/02/05/01:06:42,running-time,rs-006149-kjps6,c70cadd1-fbaf-4fd8-84fc-501134685c34,1,6429.567164
2026/02/05/01:06:42,apply-time,rs-006149-q9pnx,05fe5188-8fc0-4503-974f-33647063a305,1,6429.567164
2026/02/05/01:06:42,running-time,rs-006149-q9pnx,05fe5188-8fc0-4503-974f-33647063a305,1,6429.567164
2026/02/05/01:06:42,apply-time,rs-006150-849pd,5e7c6072-82c0-43af-b7ef-b139c4d7f532,1,6429.567164
2026/02/05/01:06:42,running-time,rs-006150-849pd,5e7c6072-82c0-43af-b7ef-b139c4d7f532,1,6429.567164
2026/02/05/01:06:42,apply-time,rs-006150-cb8lm,b7d5a660-f031-47cd-aeca-d4f970bd9466,1,6429.567164
2026/02/05/01:06:42,running-time,rs-006150-cb8lm,b7d5a660-f031-47cd-aeca-d4f970bd9466,1,6429.567164
2026/02/05/01:06:42,apply-time,rs-006150-k8qjr,febcdc46-850b-4b06-bdfd-829d1e918b10,1,6429.567164
2026/02/05/01:06:42,running-time,rs-006150-k8qjr,febcdc46-850b-4b06-bdfd-829d1e918b10,1,6429.567164
2026/02/05/01:06:44,apply-time,rs-006151-8qd45,720abe4b-e271-41a2-a59b-1e8f4f9dc346,1,6430.567164
2026/02/05/01:06:44,running-time,rs-006151-8qd45,720abe4b-e271-41a2-a59b-1e8f4f9dc346,1,6430.567164
2026/02/05/01:06:44,apply-time,rs-006151-j9hwj,18814346-cf49-451e-9fa7-f5235f91499f,1,6430.567164
2026/02/05/01:06:44,running-time,rs-006151-j9hwj,18814346-cf49-451e-9fa7-f5235f91499f,1,6430.567164
2026/02/05/01:06:44,apply-time,rs-006151-qnfhz,cae24c45-f2b8-458c-9b5e-0f161b38a7ef,1,6430.567164
2026/02/05/01:06:44,running-time,rs-006151-qnfhz,cae24c45-f2b8-458c-9b5e-0f161b38a7ef,1,6430.567164
2026/02/05/01:06:44,apply-time,rs-006152-8jr5b,45dae19c-95f4-45f3-ae0c-38ba4b8f5777,1,6430.567164
2026/02/05/01:06:44,running-time,rs-006152-8jr5b,45dae19c-95f4-45f3-ae0c-38ba4b8f5777,1,6430.567164
2026/02/05/01:06:44,apply-time,rs-006153-hndpw,77f3c659-f93a-46ef-9d4b-5123ae523670,1,6430.567164
2026/02/05/01:06:44,running-time,rs-006153-hndpw,77f3c659-f93a-46ef-9d4b-5123ae523670,1,6431.567164
2026/02/05/01:06:44,apply-time,rs-006153-q7ngs,f6b61e76-c373-4ce7-bae2-c84f22c097a7,1,6430.567164
2026/02/05/01:06:44,running-time,rs-006153-q7ngs,f6b61e76-c373-4ce7-bae2-c84f22c097a7,1,6431.567164
2026/02/05/01:06:44,apply-time,rs-006153-wz4r6,0b96fa6c-68a8-4a27-ac5f-bd0cbbedda9d,1,6430.567164
2026/02/05/01:06:44,running-time,rs-006153-wz4r6,0b96fa6c-68a8-4a27-ac5f-bd0cbbedda9d,1,6431.567164
2026/02/05/01:06:44,apply-time,rs-006154-nrq4p,2518eaca-357f-4a58-b332-4f4a62ff49f9,1,6431.567164
2026/02/05/01:06:44,running-time,rs-006154-nrq4p,2518eaca-357f-4a58-b332-4f4a62ff49f9,1,6431.567164
2026/02/05/01:06:44,apply-time,rs-006155-jplhq,83f4589e-e053-4c39-81ba-900b61e94e27,1,6431.567164
2026/02/05/01:06:44,running-time,rs-006155-jplhq,83f4589e-e053-4c39-81ba-900b61e94e27,1,6431.567164
2026/02/05/01:06:47,apply-time,rs-006156-7bjkb,efab5c7c-f86c-4908-b957-0dcb4a77f465,1,6434.567164
2026/02/05/01:06:47,running-time,rs-006156-7bjkb,efab5c7c-f86c-4908-b957-0dcb4a77f465,1,6434.567164
2026/02/05/01:06:47,apply-time,rs-006156-ltrw4,8587b92e-ee24-4f0c-a8f0-b57fb598e680,1,6434.567164
2026/02/05/01:06:47,running-time,rs-006156-ltrw4,8587b92e-ee24-4f0c-a8f0-b57fb598e680,1,6434.567164
2026/02/05/01:06:47,apply-time,rs-006156-xzrnq,54a714ad-3130-4f1b-b9d9-127653975981,1,6434.567164
2026/02/05/01:06:47,running-time,rs-006156-xzrnq,54a714ad-3130-4f1b-b9d9-127653975981,1,6434.567164
2026/02/05/01:06:47,apply-time,rs-006159-lvrfh,ee2afdf5-9df8-444e-847b-6c6ab780e084,1,6434.567164
2026/02/05/01:06:48,apply-time,rs-006157-8nvm8,f23b4ce6-e82a-4a9f-9104-71b54a1cc2cc,1,6434.567164
2026/02/05/01:06:48,running-time,rs-006157-8nvm8,f23b4ce6-e82a-4a9f-9104-71b54a1cc2cc,1,6434.567164
2026/02/05/01:06:48,apply-time,rs-006157-x8n9l,330544bf-3f0c-4cf3-b455-b53251c285b6,1,6434.567164
2026/02/05/01:06:48,running-time,rs-006157-x8n9l,330544bf-3f0c-4cf3-b455-b53251c285b6,1,6434.567164
2026/02/05/01:06:48,apply-time,rs-006158-hvq6d,de51daca-67c2-4a57-9d34-3b0c4eaa8bd8,1,6434.567164
2026/02/05/01:06:48,running-time,rs-006158-hvq6d,de51daca-67c2-4a57-9d34-3b0c4eaa8bd8,1,6434.567164
2026/02/05/01:06:48,apply-time,rs-006158-qtmnh,357d0ba2-6c0a-4fcb-ab1b-4f8697ac5880,1,6434.567164
2026/02/05/01:06:48,running-time,rs-006158-qtmnh,357d0ba2-6c0a-4fcb-ab1b-4f8697ac5880,1,6434.567164
2026/02/05/01:06:48,running-time,rs-006159-lvrfh,ee2afdf5-9df8-444e-847b-6c6ab780e084,1,6434.567164
2026/02/05/01:06:48,apply-time,rs-006160-4tgcx,3c19f98d-f488-4034-8f4f-f35e68048e72,1,6435.567164
2026/02/05/01:06:48,running-time,rs-006160-4tgcx,3c19f98d-f488-4034-8f4f-f35e68048e72,1,6435.567164
2026/02/05/01:06:48,apply-time,rs-006161-l99c8,5967c395-e711-4d81-901e-4fd5054c7321,1,6435.567164
2026/02/05/01:06:48,running-time,rs-006161-l99c8,5967c395-e711-4d81-901e-4fd5054c7321,1,6435.567164
2026/02/05/01:06:48,apply-time,rs-006162-ldhfj,3a47e7ed-4ef5-44a4-a185-8a9380084240,1,6435.567164
2026/02/05/01:06:48,running-time,rs-006162-ldhfj,3a47e7ed-4ef5-44a4-a185-8a9380084240,1,6435.567164
2026/02/05/01:06:48,apply-time,rs-006163-wqp25,fa44f61e-b523-4aae-85b4-00d7a6437734,1,6435.567164
2026/02/05/01:06:48,running-time,rs-006163-wqp25,fa44f61e-b523-4aae-85b4-00d7a6437734,1,6435.567164
2026/02/05/01:06:48,apply-time,rs-006164-wmcp4,eac9484a-7199-455d-82bf-03c17a7861ce,1,6435.567164
2026/02/05/01:06:48,running-time,rs-006164-wmcp4,eac9484a-7199-455d-82bf-03c17a7861ce,1,6435.567164
2026/02/05/01:06:49,apply-time,rs-006163-9mdqd,f30795e5-59e9-48c7-b82b-876033ed7996,1,6435.567164
2026/02/05/01:06:49,running-time,rs-006163-9mdqd,f30795e5-59e9-48c7-b82b-876033ed7996,1,6435.567164
2026/02/05/01:06:49,apply-time,rs-006163-vq7p6,8336d43f-e6b8-45b6-ae5f-a3d5ac1f290d,1,6435.567164
2026/02/05/01:06:49,running-time,rs-006163-vq7p6,8336d43f-e6b8-45b6-ae5f-a3d5ac1f290d,1,6436.567164
2026/02/05/01:06:49,apply-time,rs-006164-nh5j8,69bb6bf1-604c-4094-aee4-a79e4198e3bb,1,6435.567164
2026/02/05/01:06:49,running-time,rs-006164-nh5j8,69bb6bf1-604c-4094-aee4-a79e4198e3bb,1,6435.567164
2026/02/05/01:06:50,apply-time,rs-006165-2s866,a95fe617-0704-4c1d-85fd-9c485ad36670,1,6437.567164
2026/02/05/01:06:50,running-time,rs-006165-2s866,a95fe617-0704-4c1d-85fd-9c485ad36670,1,6437.567164
2026/02/05/01:06:50,apply-time,rs-006165-ht44z,7d9b0da1-c1a6-45b1-bf7d-73c0eca77355,1,6437.567164
2026/02/05/01:06:50,running-time,rs-006165-ht44z,7d9b0da1-c1a6-45b1-bf7d-73c0eca77355,1,6437.567164
2026/02/05/01:06:50,apply-time,rs-006165-khqmc,c13c59de-fe04-4a2a-968e-ac9321dbcef8,1,6437.567164
2026/02/05/01:06:50,running-time,rs-006165-khqmc,c13c59de-fe04-4a2a-968e-ac9321dbcef8,1,6437.567164
2026/02/05/01:06:50,apply-time,rs-006166-f964w,d9337354-a7bf-4bd4-afc6-0b67f31e8414,1,6437.567164
2026/02/05/01:06:50,running-time,rs-006166-f964w,d9337354-a7bf-4bd4-afc6-0b67f31e8414,1,6437.567164
2026/02/05/01:06:50,apply-time,rs-006166-fchcv,3fca26bb-370f-406a-b08b-4977ee7d3707,1,6437.567164
2026/02/05/01:06:50,running-time,rs-006166-fchcv,3fca26bb-370f-406a-b08b-4977ee7d3707,1,6437.567164
2026/02/05/01:06:50,apply-time,rs-006166-rfsm2,1a962a53-2ab2-4a68-896b-3427c23904c5,1,6437.567164
2026/02/05/01:06:50,running-time,rs-006166-rfsm2,1a962a53-2ab2-4a68-896b-3427c23904c5,1,6437.567164
2026/02/05/01:06:50,apply-time,rs-006167-drdfd,95b791ea-f67c-4bb1-a692-5e4820fba05e,1,6437.567164
2026/02/05/01:06:50,running-time,rs-006167-drdfd,95b791ea-f67c-4bb1-a692-5e4820fba05e,1,6437.567164
2026/02/05/01:06:50,apply-time,rs-006167-q597x,6679c6f1-7041-4338-a762-feb9689bb365,1,6437.567164
2026/02/05/01:06:50,running-time,rs-006167-q597x,6679c6f1-7041-4338-a762-feb9689bb365,1,6437.567164
2026/02/05/01:06:50,apply-time,rs-006168-72tmh,6d8b3921-c802-4517-95f7-c5b311d575d5,1,6437.567164
2026/02/05/01:06:50,apply-time,rs-006168-z7w7b,d0daf07a-58be-405e-b755-14286e52c597,1,6437.567164
2026/02/05/01:06:50,apply-time,rs-006169-66rht,f9b0f689-d158-45fc-ab27-3c32cdeb6c8b,1,6437.567164
2026/02/05/01:06:50,running-time,rs-006169-66rht,f9b0f689-d158-45fc-ab27-3c32cdeb6c8b,1,6437.567164
2026/02/05/01:06:50,apply-time,rs-006170-kkj24,b35e8180-1e1e-4b74-aeaa-cbf05ca98cb4,1,6437.567164
2026/02/05/01:06:51,apply-time,rs-006170-9xlhd,9f3d6eec-007b-43cb-8918-40609e557b87,1,6438.567164
2026/02/05/01:06:51,running-time,rs-006170-9xlhd,9f3d6eec-007b-43cb-8918-40609e557b87,1,6438.567164
2026/02/05/01:06:51,running-time,rs-006170-kkj24,b35e8180-1e1e-4b74-aeaa-cbf05ca98cb4,1,6437.567164
2026/02/05/01:06:52,apply-time,rs-006171-gg4rn,dafd07e4-9f51-4b87-a3f8-44e473930b2b,1,6439.567164
2026/02/05/01:06:52,running-time,rs-006171-gg4rn,dafd07e4-9f51-4b87-a3f8-44e473930b2b,1,6439.567164
2026/02/05/01:06:52,apply-time,rs-006171-kzj2w,95ab24ad-05ce-4fd3-9ca0-bf2b26dd273f,1,6439.567164
2026/02/05/01:06:52,running-time,rs-006171-kzj2w,95ab24ad-05ce-4fd3-9ca0-bf2b26dd273f,1,6439.567164
2026/02/05/01:06:52,apply-time,rs-006171-pldct,964cd27d-c292-46e6-bf91-b3b5a00d7d03,1,6439.567164
2026/02/05/01:06:52,running-time,rs-006171-pldct,964cd27d-c292-46e6-bf91-b3b5a00d7d03,1,6439.567164
2026/02/05/01:06:52,apply-time,rs-006172-mp7zl,0103a83d-a448-4551-b2e0-1f978db8d423,1,6439.567164
2026/02/05/01:06:52,running-time,rs-006172-mp7zl,0103a83d-a448-4551-b2e0-1f978db8d423,1,6439.567164
2026/02/05/01:06:52,apply-time,rs-006172-rh2fn,c1076536-6a4a-4399-a7fa-b3924cd5018a,1,6439.567164
2026/02/05/01:06:52,running-time,rs-006172-rh2fn,c1076536-6a4a-4399-a7fa-b3924cd5018a,1,6439.567164
2026/02/05/01:06:55,apply-time,rs-006173-bcc92,8ec0fd26-8c7d-4566-822c-ea711016a494,1,6442.567164
2026/02/05/01:06:55,running-time,rs-006173-bcc92,8ec0fd26-8c7d-4566-822c-ea711016a494,1,6442.567164
2026/02/05/01:06:55,apply-time,rs-006174-mf46c,da245be8-8056-4d93-8331-748aed570063,1,6442.567164
2026/02/05/01:06:55,running-time,rs-006174-mf46c,da245be8-8056-4d93-8331-748aed570063,1,6442.567164
2026/02/05/01:06:55,apply-time,rs-006175-67f2m,fa920ab4-d639-42a6-80e3-61e110c43eb6,1,6442.567164
2026/02/05/01:06:55,running-time,rs-006175-67f2m,fa920ab4-d639-42a6-80e3-61e110c43eb6,1,6442.567164
2026/02/05/01:06:55,apply-time,rs-006175-fmg26,6cbcf3cb-aabe-4d72-bce8-76507c5eb28f,1,6442.567164
2026/02/05/01:06:55,running-time,rs-006175-fmg26,6cbcf3cb-aabe-4d72-bce8-76507c5eb28f,1,6442.567164
2026/02/05/01:06:57,apply-time,rs-006176-lw6lw,fe6725e5-569f-4a58-8af2-d819f74045d2,1,6444.567164
2026/02/05/01:06:57,running-time,rs-006176-lw6lw,fe6725e5-569f-4a58-8af2-d819f74045d2,1,6444.567164
2026/02/05/01:06:57,apply-time,rs-006176-rxb6s,8c1b5ae2-35c0-4802-aa7f-44b1504a2763,1,6444.567164
2026/02/05/01:06:57,running-time,rs-006176-rxb6s,8c1b5ae2-35c0-4802-aa7f-44b1504a2763,1,6444.567164
2026/02/05/01:06:57,apply-time,rs-006177-mbvvf,cb501794-a227-4c56-9f73-f686d0b60ee6,1,6444.567164
2026/02/05/01:06:57,running-time,rs-006177-mbvvf,cb501794-a227-4c56-9f73-f686d0b60ee6,1,6444.567164
2026/02/05/01:06:57,apply-time,rs-006177-tsszb,f0957a92-4b3a-4f9b-834d-8493f4f4796b,1,6444.567164
2026/02/05/01:06:57,running-time,rs-006177-tsszb,f0957a92-4b3a-4f9b-834d-8493f4f4796b,1,6444.567164
2026/02/05/01:06:57,apply-time,rs-006178-jx9wh,1e75af30-26b0-48e6-bd30-8002fbde3c6f,1,6444.567164
2026/02/05/01:06:57,running-time,rs-006178-jx9wh,1e75af30-26b0-48e6-bd30-8002fbde3c6f,1,6444.567164
2026/02/05/01:06:57,apply-time,rs-006178-k4xg4,f7570614-0de8-4281-a978-2af80db63273,1,6444.567164
2026/02/05/01:06:57,running-time,rs-006178-k4xg4,f7570614-0de8-4281-a978-2af80db63273,1,6444.567164
2026/02/05/01:06:58,apply-time,rs-006179-vq2md,378670a6-3b05-4c32-b459-93514b2c6878,1,6444.567164
2026/02/05/01:06:58,running-time,rs-006179-vq2md,378670a6-3b05-4c32-b459-93514b2c6878,1,6444.567164
2026/02/05/01:07:06,apply-time,rs-006180-4xz9f,047b4239-724e-4a9a-acb3-be0250ea6043,1,6453.567164
2026/02/05/01:07:06,running-time,rs-006180-4xz9f,047b4239-724e-4a9a-acb3-be0250ea6043,1,6453.567164
2026/02/05/01:07:06,apply-time,rs-006180-dxsnz,b010b8f1-1e43-4576-acc6-4df313f90eed,1,6453.567164
2026/02/05/01:07:06,running-time,rs-006180-dxsnz,b010b8f1-1e43-4576-acc6-4df313f90eed,1,6453.567164
2026/02/05/01:07:06,apply-time,rs-006180-fj88c,5f103dfc-1a00-4b17-b4d8-c9c65f599306,1,6453.567164
2026/02/05/01:07:06,running-time,rs-006180-fj88c,5f103dfc-1a00-4b17-b4d8-c9c65f599306,1,6453.567164
2026/02/05/01:07:06,apply-time,rs-006181-hgf7k,82bf84e9-93ee-432b-aee3-efc232e0177a,1,6453.567164
2026/02/05/01:07:06,running-time,rs-006181-hgf7k,82bf84e9-93ee-432b-aee3-efc232e0177a,1,6453.567164
2026/02/05/01:07:06,apply-time,rs-006181-l5442,7470efc2-b8a8-4ab7-9530-0f62bf5d5b78,1,6453.567164
2026/02/05/01:07:06,running-time,rs-006181-l5442,7470efc2-b8a8-4ab7-9530-0f62bf5d5b78,1,6453.567164
2026/02/05/01:07:06,apply-time,rs-006182-td84g,b7370973-6aba-46fc-b9af-0a346bf7d654,1,6453.567164
2026/02/05/01:07:06,running-time,rs-006182-td84g,b7370973-6aba-46fc-b9af-0a346bf7d654,1,6453.567164
2026/02/05/01:07:06,apply-time,rs-006182-wh6dc,1d2ef7dd-33cd-49d5-b725-7ab9a7feca2d,1,6453.567164
2026/02/05/01:07:06,running-time,rs-006182-wh6dc,1d2ef7dd-33cd-49d5-b725-7ab9a7feca2d,1,6453.567164
2026/02/05/01:07:06,apply-time,rs-006182-xw7sc,14a08541-26e2-44b8-99ef-e39f07941f36,1,6453.567164
2026/02/05/01:07:06,running-time,rs-006182-xw7sc,14a08541-26e2-44b8-99ef-e39f07941f36,1,6453.567164
2026/02/05/01:07:06,apply-time,rs-006183-5vsnk,8fbe8dec-1922-4588-b3eb-7df2f808404b,1,6453.567164
2026/02/05/01:07:06,running-time,rs-006183-5vsnk,8fbe8dec-1922-4588-b3eb-7df2f808404b,1,6453.567164
2026/02/05/01:07:06,apply-time,rs-006183-gtrqj,a37f0843-f22b-4338-8782-725fe3ec0b3e,1,6453.567164
2026/02/05/01:07:06,running-time,rs-006183-gtrqj,a37f0843-f22b-4338-8782-725fe3ec0b3e,1,6453.567164
2026/02/05/01:07:06,apply-time,rs-006184-jl5w8,21814c42-9bc9-4da0-9d3f-df39fe4922c7,1,6453.567164
2026/02/05/01:07:06,running-time,rs-006184-jl5w8,21814c42-9bc9-4da0-9d3f-df39fe4922c7,1,6453.567164
2026/02/05/01:07:06,apply-time,rs-006184-ml7rp,bc643e2d-05db-47ef-abfb-1877f0a0d767,1,6453.567164
2026/02/05/01:07:06,running-time,rs-006184-ml7rp,bc643e2d-05db-47ef-abfb-1877f0a0d767,1,6453.567164
2026/02/05/01:07:06,apply-time,rs-006184-w67q8,77725f5d-6ae7-49bd-a006-18386983c9a7,1,6453.567164
2026/02/05/01:07:06,apply-time,rs-006185-s69jp,7d29926d-6f55-4854-ac9d-d81d451e3e47,1,6453.567164
2026/02/05/01:07:06,running-time,rs-006185-s69jp,7d29926d-6f55-4854-ac9d-d81d451e3e47,1,6453.567164
2026/02/05/01:07:07,running-time,rs-006184-w67q8,77725f5d-6ae7-49bd-a006-18386983c9a7,1,6453.567164
2026/02/05/01:07:18,apply-time,rs-006186-9qff9,ad63ea2f-f858-45b9-9c41-1ecc920ee9db,1,6465.567164
2026/02/05/01:07:18,running-time,rs-006186-9qff9,ad63ea2f-f858-45b9-9c41-1ecc920ee9db,1,6465.567164
2026/02/05/01:07:18,apply-time,rs-006187-x96zc,af9b3982-1930-4953-a4ce-5852bc1553fb,1,6465.567164
2026/02/05/01:07:18,running-time,rs-006187-x96zc,af9b3982-1930-4953-a4ce-5852bc1553fb,1,6465.567164
2026/02/05/01:07:18,apply-time,rs-006188-b88vn,73488534-a0b0-4999-9b05-6751c2d48bfd,1,6465.567164
2026/02/05/01:07:18,running-time,rs-006188-b88vn,73488534-a0b0-4999-9b05-6751c2d48bfd,1,6465.567164
2026/02/05/01:07:18,apply-time,rs-006189-fsqsb,649697a3-f3ec-4fe7-9fad-0c57581a65d0,1,6465.567164
2026/02/05/01:07:18,running-time,rs-006189-fsqsb,649697a3-f3ec-4fe7-9fad-0c57581a65d0,1,6465.567164
2026/02/05/01:07:18,apply-time,rs-006189-tc2k9,fd9ea309-51ea-4e55-950f-146d6e06d45d,1,6465.567164
2026/02/05/01:07:18,running-time,rs-006189-tc2k9,fd9ea309-51ea-4e55-950f-146d6e06d45d,1,6465.567164
2026/02/05/01:07:29,apply-time,rs-006190-qxq6r,a3547a60-da7a-437b-bc00-2253407d715c,1,6476.567164
2026/02/05/01:07:29,running-time,rs-006190-qxq6r,a3547a60-da7a-437b-bc00-2253407d715c,1,6476.567164
2026/02/05/01:07:29,apply-time,rs-006190-xphd4,bae2b8aa-9fa7-4449-9ae1-f925912a8f7b,1,6476.567164
2026/02/05/01:07:29,running-time,rs-006190-xphd4,bae2b8aa-9fa7-4449-9ae1-f925912a8f7b,1,6476.567164
2026/02/05/01:07:29,apply-time,rs-006191-pgmsm,e27e1a57-f452-4349-be4b-2ee5705dac2b,1,6476.567164
2026/02/05/01:07:29,running-time,rs-006191-pgmsm,e27e1a57-f452-4349-be4b-2ee5705dac2b,1,6476.567164
2026/02/05/01:07:29,apply-time,rs-006192-l2bwt,7dd65dd8-cef7-4994-bc3d-aa499dc8b4c2,1,6476.567164
2026/02/05/01:07:29,running-time,rs-006192-l2bwt,7dd65dd8-cef7-4994-bc3d-aa499dc8b4c2,1,6476.567164
2026/02/05/01:07:29,apply-time,rs-006192-mtpbg,0c3affc0-9e1b-4ae3-a0b5-2cf91439fa87,1,6476.567164
2026/02/05/01:07:29,running-time,rs-006192-mtpbg,0c3affc0-9e1b-4ae3-a0b5-2cf91439fa87,1,6476.567164
2026/02/05/01:07:29,apply-time,rs-006192-vd86p,f354b993-19cf-47ce-995e-906281798372,1,6476.567164
2026/02/05/01:07:29,running-time,rs-006192-vd86p,f354b993-19cf-47ce-995e-906281798372,1,6476.567164
2026/02/05/01:07:29,apply-time,rs-006193-bh5dx,5688d619-8565-42f9-9563-e4223db0567a,1,6476.567164
2026/02/05/01:07:29,running-time,rs-006193-bh5dx,5688d619-8565-42f9-9563-e4223db0567a,1,6476.567164
2026/02/05/01:07:29,apply-time,rs-006193-nskc9,545e4182-78bb-4ab3-b8af-670a520b2025,1,6476.567164
2026/02/05/01:07:29,running-time,rs-006193-nskc9,545e4182-78bb-4ab3-b8af-670a520b2025,1,6476.567164
2026/02/05/01:07:29,apply-time,rs-006193-q5d8m,156d7683-d2c8-4e35-bc8e-5b5a12e27f33,1,6476.567164
2026/02/05/01:07:29,running-time,rs-006193-q5d8m,156d7683-d2c8-4e35-bc8e-5b5a12e27f33,1,6476.567164
2026/02/05/01:07:29,apply-time,rs-006195-rd56f,a6acc1d0-6101-4b98-8250-10dedf466af0,1,6476.567164
2026/02/05/01:07:29,running-time,rs-006195-rd56f,a6acc1d0-6101-4b98-8250-10dedf466af0,1,6476.567164
2026/02/05/01:07:29,apply-time,rs-006195-xf87g,6b2815e9-5611-4972-b4f5-15cbe66ea3b6,1,6476.567164
2026/02/05/01:07:30,apply-time,rs-006194-27ztv,bcdd8e21-73ee-4a3c-b5a3-549b769a209a,1,6476.567164
2026/02/05/01:07:30,running-time,rs-006194-27ztv,bcdd8e21-73ee-4a3c-b5a3-549b769a209a,1,6476.567164
2026/02/05/01:07:30,running-time,rs-006195-xf87g,6b2815e9-5611-4972-b4f5-15cbe66ea3b6,1,6476.567164
2026/02/05/01:07:31,apply-time,rs-006196-6lgmh,51c8d573-4682-4a5c-aeff-e093e3b87a5e,1,6478.567164
2026/02/05/01:07:31,running-time,rs-006196-6lgmh,51c8d573-4682-4a5c-aeff-e093e3b87a5e,1,6478.567164
2026/02/05/01:07:31,apply-time,rs-006196-sdkcv,00221b1d-dcd9-4268-9f35-47264bc95a0c,1,6478.567164
2026/02/05/01:07:31,running-time,rs-006196-sdkcv,00221b1d-dcd9-4268-9f35-47264bc95a0c,1,6478.567164
2026/02/05/01:07:31,apply-time,rs-006197-qkbrx,d7d0874b-3664-4c5b-a6bd-56a76bc6887d,1,6478.567164
2026/02/05/01:07:31,running-time,rs-006197-qkbrx,d7d0874b-3664-4c5b-a6bd-56a76bc6887d,1,6478.567164
2026/02/05/01:07:31,apply-time,rs-006197-vs8gl,38e1a4bf-fc14-4a94-a9fb-343de259573e,1,6478.567164
2026/02/05/01:07:31,running-time,rs-006197-vs8gl,38e1a4bf-fc14-4a94-a9fb-343de259573e,1,6478.567164
2026/02/05/01:07:31,apply-time,rs-006197-z7tbv,9cf0ca6c-594f-408d-9a89-a3a9b1b0292e,1,6478.567164
2026/02/05/01:07:31,running-time,rs-006197-z7tbv,9cf0ca6c-594f-408d-9a89-a3a9b1b0292e,1,6478.567164
2026/02/05/01:07:31,apply-time,rs-006198-9f6ww,d2fc8624-fd78-4818-abd6-f406751b2b39,1,6478.567164
2026/02/05/01:07:31,running-time,rs-006198-9f6ww,d2fc8624-fd78-4818-abd6-f406751b2b39,1,6478.567164
2026/02/05/01:07:31,apply-time,rs-006198-crjvw,2b4f4773-0a61-4cdc-afaf-3d4bd42c706d,1,6478.567164
2026/02/05/01:07:31,running-time,rs-006198-crjvw,2b4f4773-0a61-4cdc-afaf-3d4bd42c706d,1,6478.567164
2026/02/05/01:07:31,apply-time,rs-006198-d9qq2,ac78db60-0dcb-4ba8-a58d-91dff8f052b5,1,6478.567164
2026/02/05/01:07:31,running-time,rs-006198-d9qq2,ac78db60-0dcb-4ba8-a58d-91dff8f052b5,1,6478.567164
2026/02/05/01:07:31,apply-time,rs-006199-7mb5q,787fe9a8-5932-4edc-a050-41b72fc2be9f,1,6478.567164
2026/02/05/01:07:31,running-time,rs-006199-7mb5q,787fe9a8-5932-4edc-a050-41b72fc2be9f,1,6478.567164
2026/02/05/01:07:31,apply-time,rs-006199-slbrr,51987cae-a965-419e-b690-81abc80c3c2e,1,6478.567164
2026/02/05/01:07:31,running-time,rs-006199-slbrr,51987cae-a965-419e-b690-81abc80c3c2e,1,6478.567164
2026/02/05/01:07:41,apply-time,rs-006200-8nrqr,52374789-655c-4db4-9cbf-21ab4ea688eb,1,6488.567164
2026/02/05/01:07:41,running-time,rs-006200-8nrqr,52374789-655c-4db4-9cbf-21ab4ea688eb,1,6488.567164
2026/02/05/01:07:41,apply-time,rs-006200-wh7vz,056e38a7-2243-4090-ad24-67510639865d,1,6488.567164
2026/02/05/01:07:41,running-time,rs-006200-wh7vz,056e38a7-2243-4090-ad24-67510639865d,1,6488.567164
2026/02/05/01:07:41,apply-time,rs-006201-gn2s8,e6ea7cbe-8db1-4a1d-87aa-a12c0bab17b3,1,6488.567164
2026/02/05/01:07:41,running-time,rs-006201-gn2s8,e6ea7cbe-8db1-4a1d-87aa-a12c0bab17b3,1,6488.567164
2026/02/05/01:07:41,apply-time,rs-006202-6clzb,c1f1395f-bab3-4917-a75d-cdb69b0e6e07,1,6488.567164
2026/02/05/01:07:41,running-time,rs-006202-6clzb,c1f1395f-bab3-4917-a75d-cdb69b0e6e07,1,6488.567164
2026/02/05/01:07:41,apply-time,rs-006202-6hspl,acf1647f-04a1-42a0-9892-5308cb599f11,1,6488.567164
2026/02/05/01:07:41,running-time,rs-006202-6hspl,acf1647f-04a1-42a0-9892-5308cb599f11,1,6488.567164
2026/02/05/01:07:41,apply-time,rs-006203-lhd5p,a55bb7f4-aa86-4eed-b544-53058ee78347,1,6488.567164
2026/02/05/01:07:41,running-time,rs-006203-lhd5p,a55bb7f4-aa86-4eed-b544-53058ee78347,1,6488.567164
2026/02/05/01:07:41,apply-time,rs-006204-mpr29,c8fe662e-3cf5-4c79-9f7b-0918cba55c75,1,6488.567164
2026/02/05/01:07:41,running-time,rs-006204-mpr29,c8fe662e-3cf5-4c79-9f7b-0918cba55c75,1,6488.567164
2026/02/05/01:07:41,apply-time,rs-006205-8lslq,e118cb97-972e-4dff-91f2-165ff21a751f,1,6488.567164
2026/02/05/01:07:41,running-time,rs-006205-8lslq,e118cb97-972e-4dff-91f2-165ff21a751f,1,6488.567164
2026/02/05/01:07:41,apply-time,rs-006205-bhrn7,c01a2661-e2ea-4a53-a2ae-dc72de54f211,1,6488.567164
2026/02/05/01:07:41,apply-time,rs-006205-bpj64,1033b324-879f-4d05-b7fe-a2951684ebdf,1,6488.567164
2026/02/05/01:07:41,running-time,rs-006205-bpj64,1033b324-879f-4d05-b7fe-a2951684ebdf,1,6488.567164
2026/02/05/01:07:41,apply-time,rs-006206-6mzls,7fc641a6-6167-4711-962c-2a6778f14ce9,1,6488.567164
2026/02/05/01:07:41,running-time,rs-006206-6mzls,7fc641a6-6167-4711-962c-2a6778f14ce9,1,6488.567164
2026/02/05/01:07:41,apply-time,rs-006206-kv9gd,8e32e490-07e1-4da7-831e-921ad1d2a700,1,6488.567164
2026/02/05/01:07:41,running-time,rs-006206-kv9gd,8e32e490-07e1-4da7-831e-921ad1d2a700,1,6488.567164
2026/02/05/01:07:41,apply-time,rs-006207-bk2d8,bba99f1a-457c-44f6-a09c-398532e26657,1,6488.567164
2026/02/05/01:07:41,running-time,rs-006207-bk2d8,bba99f1a-457c-44f6-a09c-398532e26657,1,6488.567164
2026/02/05/01:07:41,apply-time,rs-006207-tlwwk,821e0c0c-4eb1-4b1a-8c39-343e95543aa7,1,6488.567164
2026/02/05/01:07:41,running-time,rs-006207-tlwwk,821e0c0c-4eb1-4b1a-8c39-343e95543aa7,1,6488.567164
2026/02/05/01:07:41,apply-time,rs-006208-9htw7,3ba01ec4-a1d0-4e65-9f86-a1257869f337,1,6488.567164
2026/02/05/01:07:41,running-time,rs-006208-9htw7,3ba01ec4-a1d0-4e65-9f86-a1257869f337,1,6488.567164
2026/02/05/01:07:41,apply-time,rs-006209-xr69j,69e40382-d5d3-48e9-b556-46d83a7a3145,1,6488.567164
2026/02/05/01:07:42,running-time,rs-006205-bhrn7,c01a2661-e2ea-4a53-a2ae-dc72de54f211,1,6488.567164
2026/02/05/01:07:42,apply-time,rs-006208-7hs46,3c95947f-2fc8-44fc-8408-1e6171d6081c,1,6488.567164
2026/02/05/01:07:42,running-time,rs-006208-7hs46,3c95947f-2fc8-44fc-8408-1e6171d6081c,1,6488.567164
2026/02/05/01:07:42,apply-time,rs-006208-bpv2h,7be15365-b239-4d32-91cf-49a49b5c5a70,1,6488.567164
2026/02/05/01:07:42,running-time,rs-006208-bpv2h,7be15365-b239-4d32-91cf-49a49b5c5a70,1,6488.567164
2026/02/05/01:07:42,apply-time,rs-006210-2xdvs,d3331418-56ef-4884-b41b-6a66669e9e02,1,6489.567164
2026/02/05/01:07:42,running-time,rs-006210-2xdvs,d3331418-56ef-4884-b41b-6a66669e9e02,1,6489.567164
2026/02/05/01:07:42,apply-time,rs-006210-q5p59,224a1057-ee0e-430d-92c0-4b628628dbf9,1,6489.567164
2026/02/05/01:07:42,running-time,rs-006210-q5p59,224a1057-ee0e-430d-92c0-4b628628dbf9,1,6489.567164
2026/02/05/01:07:42,apply-time,rs-006211-dlv28,45f93feb-420d-4e2d-bbec-11ca7efc09fb,1,6489.567164
2026/02/05/01:07:42,apply-time,rs-006211-qlwqd,c8230ed6-dc19-4adb-ab09-726d250e6762,1,6489.567164
2026/02/05/01:07:42,apply-time,rs-006211-rw5m7,a79a59be-be09-4496-97b2-33730b6ebca5,1,6489.567164
2026/02/05/01:07:42,apply-time,rs-006212-gskl8,67533c71-6425-4189-93e9-ac861d03dbf0,1,6489.567164
2026/02/05/01:07:42,running-time,rs-006212-gskl8,67533c71-6425-4189-93e9-ac861d03dbf0,1,6489.567164
2026/02/05/01:07:42,apply-time,rs-006212-ll54l,c2e93d1a-2dc1-4944-a448-1bfbd322223a,1,6489.567164
2026/02/05/01:07:42,running-time,rs-006212-ll54l,c2e93d1a-2dc1-4944-a448-1bfbd322223a,1,6489.567164
2026/02/05/01:07:42,apply-time,rs-006212-svhcv,4cf6ab3e-1f78-43ca-9947-799c1c69d424,1,6489.567164
2026/02/05/01:07:42,running-time,rs-006212-svhcv,4cf6ab3e-1f78-43ca-9947-799c1c69d424,1,6489.567164
2026/02/05/01:07:44,running-time,rs-006211-dlv28,45f93feb-420d-4e2d-bbec-11ca7efc09fb,1,6491.567164
2026/02/05/01:07:44,running-time,rs-006211-qlwqd,c8230ed6-dc19-4adb-ab09-726d250e6762,1,6491.567164
2026/02/05/01:07:44,running-time,rs-006211-rw5m7,a79a59be-be09-4496-97b2-33730b6ebca5,1,6491.567164
2026/02/05/01:07:51,apply-time,rs-006213-6hmpq,6f98af4b-65fa-4d65-9142-a8b14db1d2b7,1,6498.567164
2026/02/05/01:07:51,running-time,rs-006213-6hmpq,6f98af4b-65fa-4d65-9142-a8b14db1d2b7,1,6498.567164
2026/02/05/01:07:51,apply-time,rs-006213-999xb,54c62bdf-7a10-4a50-a676-43db6aa1ce21,1,6498.567164
2026/02/05/01:07:51,running-time,rs-006213-999xb,54c62bdf-7a10-4a50-a676-43db6aa1ce21,1,6498.567164
2026/02/05/01:07:51,apply-time,rs-006214-dmh6f,f2bcdc64-ce60-47cf-93c2-474d7fe8cc67,1,6498.567164
2026/02/05/01:07:51,running-time,rs-006214-dmh6f,f2bcdc64-ce60-47cf-93c2-474d7fe8cc67,1,6498.567164
2026/02/05/01:07:51,apply-time,rs-006215-7vscp,f3d3f2da-5cf0-460d-a86f-0cf8faa900b4,1,6498.567164
2026/02/05/01:07:51,running-time,rs-006215-7vscp,f3d3f2da-5cf0-460d-a86f-0cf8faa900b4,1,6498.567164
2026/02/05/01:07:51,apply-time,rs-006215-r7f8k,bd7bacdc-3046-4706-87fc-1248dcabc966,1,6498.567164
2026/02/05/01:07:51,running-time,rs-006215-r7f8k,bd7bacdc-3046-4706-87fc-1248dcabc966,1,6498.567164
2026/02/05/01:07:51,apply-time,rs-006215-vbtsp,edea0fc8-5079-4f37-8229-d2bfe4e79c93,1,6498.567164
2026/02/05/01:07:51,running-time,rs-006215-vbtsp,edea0fc8-5079-4f37-8229-d2bfe4e79c93,1,6498.567164
2026/02/05/01:07:51,apply-time,rs-006216-gxqlm,491dad4c-c164-4634-bd04-83aaecfb5bdd,1,6498.567164
2026/02/05/01:07:51,running-time,rs-006216-gxqlm,491dad4c-c164-4634-bd04-83aaecfb5bdd,1,6498.567164
2026/02/05/01:07:51,apply-time,rs-006217-2xrxg,4f4339f4-6bd6-4c10-8f6a-aad038917fa6,1,6498.567164
2026/02/05/01:07:51,running-time,rs-006217-2xrxg,4f4339f4-6bd6-4c10-8f6a-aad038917fa6,1,6498.567164
2026/02/05/01:07:52,apply-time,rs-006218-c56g5,cbb751d1-43e7-408b-881d-2b2c75e3caa3,1,6499.567164
2026/02/05/01:07:52,running-time,rs-006218-c56g5,cbb751d1-43e7-408b-881d-2b2c75e3caa3,1,6499.567164
2026/02/05/01:07:52,apply-time,rs-006219-54lpt,020cc20f-6ae2-4c4d-a7df-0313e838412e,1,6499.567164
2026/02/05/01:07:52,running-time,rs-006219-54lpt,020cc20f-6ae2-4c4d-a7df-0313e838412e,1,6499.567164
2026/02/05/01:07:52,apply-time,rs-006220-xf9qr,676eb66e-ad8d-45f7-8de3-103a293feb9b,1,6499.567164
2026/02/05/01:07:52,running-time,rs-006220-xf9qr,676eb66e-ad8d-45f7-8de3-103a293feb9b,1,6499.567164
2026/02/05/01:07:52,apply-time,rs-006221-jrbrq,57a8f0ea-c45e-4a64-960e-7e734b128143,1,6499.567164
2026/02/05/01:07:52,apply-time,rs-006222-7jrtf,732b20b5-ea7f-4a35-bef2-4391218ec89f,1,6499.567164
2026/02/05/01:07:52,running-time,rs-006222-7jrtf,732b20b5-ea7f-4a35-bef2-4391218ec89f,1,6499.567164
2026/02/05/01:07:53,running-time,rs-006221-jrbrq,57a8f0ea-c45e-4a64-960e-7e734b128143,1,6500.567164
2026/02/05/01:08:00,apply-time,rs-006223-mbtj7,1145aca9-1c16-4ebf-970d-60fe2935b817,1,6507.567164
2026/02/05/01:08:00,running-time,rs-006223-mbtj7,1145aca9-1c16-4ebf-970d-60fe2935b817,1,6507.567164
2026/02/05/01:08:00,apply-time,rs-006223-tr89m,24564313-93d8-4381-8e62-0ffb8296f7c9,1,6507.567164
2026/02/05/01:08:00,running-time,rs-006223-tr89m,24564313-93d8-4381-8e62-0ffb8296f7c9,1,6507.567164
2026/02/05/01:08:00,apply-time,rs-006224-96l9g,c52e2fb3-3e95-473e-86dd-f9f2a0f3e09b,1,6507.567164
2026/02/05/01:08:00,running-time,rs-006224-96l9g,c52e2fb3-3e95-473e-86dd-f9f2a0f3e09b,1,6507.567164
2026/02/05/01:08:00,apply-time,rs-006224-n76bb,a289690d-21c8-49bc-9401-305c2217f873,1,6507.567164
2026/02/05/01:08:00,running-time,rs-006224-n76bb,a289690d-21c8-49bc-9401-305c2217f873,1,6507.567164
2026/02/05/01:08:00,apply-time,rs-006225-cr2tv,90e04728-7c8d-43de-a9f9-37d3ac91b5b8,1,6507.567164
2026/02/05/01:08:00,running-time,rs-006225-cr2tv,90e04728-7c8d-43de-a9f9-37d3ac91b5b8,1,6507.567164
2026/02/05/01:08:00,apply-time,rs-006225-vnvtk,e656ec67-504e-4bf3-8443-3b818be42158,1,6507.567164
2026/02/05/01:08:00,running-time,rs-006225-vnvtk,e656ec67-504e-4bf3-8443-3b818be42158,1,6507.567164
2026/02/05/01:08:02,apply-time,rs-006226-jlg7q,603ed8d3-4084-44ba-8a8c-6dd759d9fbd6,1,6509.567164
2026/02/05/01:08:02,running-time,rs-006226-jlg7q,603ed8d3-4084-44ba-8a8c-6dd759d9fbd6,1,6509.567164
2026/02/05/01:08:03,apply-time,rs-006227-8kj5q,911e1717-8189-4b2d-ab45-7970979810f0,1,6510.567164
2026/02/05/01:08:03,running-time,rs-006227-8kj5q,911e1717-8189-4b2d-ab45-7970979810f0,1,6510.567164
2026/02/05/01:08:04,apply-time,rs-006228-888wm,763261a8-7037-4100-bb1e-8fff79724601,1,6511.567164
2026/02/05/01:08:04,running-time,rs-006228-888wm,763261a8-7037-4100-bb1e-8fff79724601,1,6511.567164
2026/02/05/01:08:04,apply-time,rs-006228-hx9hw,4ab02913-4925-4d5b-aca5-e034d20b7f85,1,6511.567164
2026/02/05/01:08:04,running-time,rs-006228-hx9hw,4ab02913-4925-4d5b-aca5-e034d20b7f85,1,6511.567164
2026/02/05/01:08:04,apply-time,rs-006228-mngqd,e5980168-b492-46fb-84ca-888adbbb09f1,1,6511.567164
2026/02/05/01:08:04,running-time,rs-006228-mngqd,e5980168-b492-46fb-84ca-888adbbb09f1,1,6511.567164
2026/02/05/01:08:04,apply-time,rs-006229-qw55h,f8400363-55e5-4a24-89e9-6485c2e13cf0,1,6511.567164
2026/02/05/01:08:04,running-time,rs-006229-qw55h,f8400363-55e5-4a24-89e9-6485c2e13cf0,1,6511.567164
2026/02/05/01:08:07,apply-time,rs-006230-7nqv4,1d0d500c-e65c-46f4-8499-70ffe64be904,1,6513.567164
2026/02/05/01:08:07,running-time,rs-006230-7nqv4,1d0d500c-e65c-46f4-8499-70ffe64be904,1,6513.567164
2026/02/05/01:08:07,apply-time,rs-006230-f25hw,3e7732d9-fdd0-40c4-a085-15d9070b3611,1,6513.567164
2026/02/05/01:08:07,running-time,rs-006230-f25hw,3e7732d9-fdd0-40c4-a085-15d9070b3611,1,6513.567164
2026/02/05/01:08:07,apply-time,rs-006230-whhwz,948ff6f7-b027-4449-a9f7-0edb23640543,1,6513.567164
2026/02/05/01:08:07,running-time,rs-006230-whhwz,948ff6f7-b027-4449-a9f7-0edb23640543,1,6513.567164
2026/02/05/01:08:07,apply-time,rs-006231-c9jzb,d11173c8-091b-4ed7-9867-99d392b5c39c,1,6514.567164
2026/02/05/01:08:07,running-time,rs-006231-c9jzb,d11173c8-091b-4ed7-9867-99d392b5c39c,1,6514.567164
2026/02/05/01:08:07,apply-time,rs-006232-pm6wh,4bb67575-82e9-4fc1-ab28-886357b3b447,1,6513.567164
2026/02/05/01:08:07,running-time,rs-006232-pm6wh,4bb67575-82e9-4fc1-ab28-886357b3b447,1,6514.567164
2026/02/05/01:08:07,apply-time,rs-006232-v5x7b,d6b49d5a-3269-4194-8b42-bbba6ce7bef3,1,6513.567164
2026/02/05/01:08:07,running-time,rs-006232-v5x7b,d6b49d5a-3269-4194-8b42-bbba6ce7bef3,1,6514.567164
2026/02/05/01:08:07,apply-time,rs-006232-wx6wj,689d48fa-7900-434b-b766-0644bfdf79c5,1,6513.567164
2026/02/05/01:08:07,running-time,rs-006232-wx6wj,689d48fa-7900-434b-b766-0644bfdf79c5,1,6514.567164
2026/02/05/01:08:09,apply-time,rs-006233-6htv8,45ada159-47af-48a6-8356-e3e5ed3265b6,1,6516.567164
2026/02/05/01:08:09,running-time,rs-006233-6htv8,45ada159-47af-48a6-8356-e3e5ed3265b6,1,6516.567164
2026/02/05/01:08:09,apply-time,rs-006233-fsbls,b2b011bd-89b5-49ea-a89e-084a225420e7,1,6516.567164
2026/02/05/01:08:09,running-time,rs-006233-fsbls,b2b011bd-89b5-49ea-a89e-084a225420e7,1,6516.567164
2026/02/05/01:08:09,apply-time,rs-006234-7f5tg,0a951bb4-7c8d-4649-a5bc-a2acaf054d1e,1,6516.567164
2026/02/05/01:08:09,running-time,rs-006234-7f5tg,0a951bb4-7c8d-4649-a5bc-a2acaf054d1e,1,6516.567164
2026/02/05/01:08:12,apply-time,rs-006235-9b6m6,a00d636b-377b-4375-8ff3-d2b8cb5140fd,1,6519.567164
2026/02/05/01:08:12,running-time,rs-006235-9b6m6,a00d636b-377b-4375-8ff3-d2b8cb5140fd,1,6519.567164
2026/02/05/01:08:12,apply-time,rs-006235-jdr8k,f797c0d3-4af4-4528-b6b4-8820533dc6b2,1,6519.567164
2026/02/05/01:08:12,running-time,rs-006235-jdr8k,f797c0d3-4af4-4528-b6b4-8820533dc6b2,1,6519.567164
2026/02/05/01:08:12,apply-time,rs-006235-qf826,08ecf88b-ee33-4788-99a7-13b7a445bfed,1,6519.567164
2026/02/05/01:08:12,running-time,rs-006235-qf826,08ecf88b-ee33-4788-99a7-13b7a445bfed,1,6519.567164
2026/02/05/01:08:12,apply-time,rs-006236-9r6pd,d2980c41-02c6-4101-b715-753ce73ce4c4,1,6519.567164
2026/02/05/01:08:12,running-time,rs-006236-9r6pd,d2980c41-02c6-4101-b715-753ce73ce4c4,1,6519.567164
2026/02/05/01:08:12,apply-time,rs-006236-zzmr4,79922cf2-1be6-47ac-991b-d3df5fb5c6dd,1,6519.567164
2026/02/05/01:08:12,running-time,rs-006236-zzmr4,79922cf2-1be6-47ac-991b-d3df5fb5c6dd,1,6519.567164
2026/02/05/01:08:14,apply-time,rs-006237-6ggr6,da5db85f-9448-4de8-b6fe-4806812dc006,1,6521.567164
2026/02/05/01:08:14,running-time,rs-006237-6ggr6,da5db85f-9448-4de8-b6fe-4806812dc006,1,6521.567164
2026/02/05/01:08:14,apply-time,rs-006237-9zjtx,13d95b97-d720-41e0-851a-8a976505eff2,1,6521.567164
2026/02/05/01:08:14,running-time,rs-006237-9zjtx,13d95b97-d720-41e0-851a-8a976505eff2,1,6521.567164
2026/02/05/01:08:14,apply-time,rs-006238-8qdv6,9082845d-6ae4-4770-aa56-79d0bbd43cb1,1,6521.567164
2026/02/05/01:08:14,running-time,rs-006238-8qdv6,9082845d-6ae4-4770-aa56-79d0bbd43cb1,1,6521.567164
2026/02/05/01:08:14,apply-time,rs-006238-q59hb,ea719bef-1952-4ddb-89bc-befb4fcc43b7,1,6521.567164
2026/02/05/01:08:14,running-time,rs-006238-q59hb,ea719bef-1952-4ddb-89bc-befb4fcc43b7,1,6521.567164
2026/02/05/01:08:14,apply-time,rs-006238-vxw8s,3f750c48-1b04-422d-bcb6-2589c6c6423f,1,6521.567164
2026/02/05/01:08:14,running-time,rs-006238-vxw8s,3f750c48-1b04-422d-bcb6-2589c6c6423f,1,6521.567164
2026/02/05/01:08:19,apply-time,rs-006239-f8nxj,115f5ad4-188f-4869-8c29-eb3b5b1e2679,1,6526.567164
2026/02/05/01:08:19,apply-time,rs-006240-8jkxp,0f5d3af9-55e3-4701-bb1b-30f61c5165e5,1,6526.567164
2026/02/05/01:08:19,apply-time,rs-006240-vldz4,a3ecd749-4bd6-4627-b132-e32b4aefd3cf,1,6526.567164
2026/02/05/01:08:19,apply-time,rs-006241-tqbh8,3f4ed3b8-e1ec-46c7-8a3b-aa2399afacfc,1,6526.567164
2026/02/05/01:08:19,running-time,rs-006241-tqbh8,3f4ed3b8-e1ec-46c7-8a3b-aa2399afacfc,1,6526.567164
2026/02/05/01:08:19,apply-time,rs-006242-5dxcc,be56fc36-4b18-4888-a7c3-364138a039c5,1,6526.567164
2026/02/05/01:08:20,running-time,rs-006239-f8nxj,115f5ad4-188f-4869-8c29-eb3b5b1e2679,1,6526.567164
2026/02/05/01:08:20,running-time,rs-006240-8jkxp,0f5d3af9-55e3-4701-bb1b-30f61c5165e5,1,6526.567164
2026/02/05/01:08:20,running-time,rs-006240-vldz4,a3ecd749-4bd6-4627-b132-e32b4aefd3cf,1,6526.567164
2026/02/05/01:08:20,running-time,rs-006242-5dxcc,be56fc36-4b18-4888-a7c3-364138a039c5,1,6526.567164
2026/02/05/01:08:20,apply-time,rs-006242-ls6w9,c18031e1-14d7-4b63-bc00-c9bb3de6a30f,1,6526.567164
2026/02/05/01:08:20,running-time,rs-006242-ls6w9,c18031e1-14d7-4b63-bc00-c9bb3de6a30f,1,6526.567164
2026/02/05/01:08:20,apply-time,rs-006242-s2j2q,49985949-9746-4f16-91b1-ba27449fcb6a,1,6526.567164
2026/02/05/01:08:20,running-time,rs-006242-s2j2q,49985949-9746-4f16-91b1-ba27449fcb6a,1,6526.567164
2026/02/05/01:08:24,apply-time,rs-006243-cmr27,aea5d911-ab11-4ae5-94c3-b00dd66412ad,1,6530.567164
2026/02/05/01:08:24,running-time,rs-006243-cmr27,aea5d911-ab11-4ae5-94c3-b00dd66412ad,1,6530.567164
2026/02/05/01:08:24,apply-time,rs-006243-hnbwb,8cfb0b7a-2af1-4cc2-9ed3-f8ca9a56c1a6,1,6530.567164
2026/02/05/01:08:24,running-time,rs-006243-hnbwb,8cfb0b7a-2af1-4cc2-9ed3-f8ca9a56c1a6,1,6530.567164
2026/02/05/01:08:26,apply-time,rs-006244-6kkht,6bd97c4b-7aa9-4c0b-8e51-cea68926a954,1,6533.567164
2026/02/05/01:08:26,running-time,rs-006244-6kkht,6bd97c4b-7aa9-4c0b-8e51-cea68926a954,1,6533.567164
2026/02/05/01:08:26,apply-time,rs-006245-h2cgh,28b051d4-6b49-4bd1-9165-0d4abbfc2542,1,6533.567164
2026/02/05/01:08:26,running-time,rs-006245-h2cgh,28b051d4-6b49-4bd1-9165-0d4abbfc2542,1,6533.567164
2026/02/05/01:08:26,apply-time,rs-006246-fx9pc,920c8e52-dfaa-405a-8858-635e722d76e5,1,6533.567164
2026/02/05/01:08:26,running-time,rs-006246-fx9pc,920c8e52-dfaa-405a-8858-635e722d76e5,1,6533.567164
2026/02/05/01:08:26,apply-time,rs-006247-b425s,30728c07-68ad-48d9-8cb2-738088b2c718,1,6533.567164
2026/02/05/01:08:26,running-time,rs-006247-b425s,30728c07-68ad-48d9-8cb2-738088b2c718,1,6533.567164
2026/02/05/01:08:26,apply-time,rs-006247-pk9w9,6e9853b7-be1e-4373-89f3-583364064029,1,6533.567164
2026/02/05/01:08:26,running-time,rs-006247-pk9w9,6e9853b7-be1e-4373-89f3-583364064029,1,6533.567164
2026/02/05/01:08:26,apply-time,rs-006248-vblx2,e0f3020d-f4da-4267-996e-cd056e5b779a,1,6533.567164
2026/02/05/01:08:26,running-time,rs-006248-vblx2,e0f3020d-f4da-4267-996e-cd056e5b779a,1,6533.567164
2026/02/05/01:08:26,apply-time,rs-006249-dt82h,e2e238af-b469-460a-baa4-a135edf4f555,1,6533.567164
2026/02/05/01:08:26,running-time,rs-006249-dt82h,e2e238af-b469-460a-baa4-a135edf4f555,1,6533.567164
2026/02/05/01:08:26,apply-time,rs-006249-hqf7x,a316f6fd-8531-4ab2-8ccb-78dbb3fead41,1,6533.567164
2026/02/05/01:08:26,apply-time,rs-006250-5rbb8,16cbf2d4-1109-4e07-b49a-3ddb1fa470ca,1,6533.567164
2026/02/05/01:08:26,running-time,rs-006250-5rbb8,16cbf2d4-1109-4e07-b49a-3ddb1fa470ca,1,6533.567164
2026/02/05/01:08:26,apply-time,rs-006250-7wqcm,95c24b0e-fd25-4710-9d40-ef6f81362435,1,6533.567164
2026/02/05/01:08:26,running-time,rs-006250-7wqcm,95c24b0e-fd25-4710-9d40-ef6f81362435,1,6533.567164
2026/02/05/01:08:26,apply-time,rs-006251-ppndv,da4964cd-281a-4e25-9e66-79a810e7b4af,1,6533.567164
2026/02/05/01:08:26,running-time,rs-006251-ppndv,da4964cd-281a-4e25-9e66-79a810e7b4af,1,6533.567164
2026/02/05/01:08:26,apply-time,rs-006251-q2fm2,587095ec-ab74-4ed3-8e6a-60642bada0a5,1,6533.567164
2026/02/05/01:08:26,running-time,rs-006251-q2fm2,587095ec-ab74-4ed3-8e6a-60642bada0a5,1,6533.567164
2026/02/05/01:08:29,apply-time,rs-006252-h784w,b32a2d53-aed1-4f0f-8553-8b7d222bab5e,1,6536.567164
2026/02/05/01:08:29,running-time,rs-006252-h784w,b32a2d53-aed1-4f0f-8553-8b7d222bab5e,1,6536.567164
2026/02/05/01:08:29,apply-time,rs-006253-655wk,88b6c6e1-4c57-4d06-81da-fc256332f1f2,1,6536.567164
2026/02/05/01:08:29,running-time,rs-006253-655wk,88b6c6e1-4c57-4d06-81da-fc256332f1f2,1,6536.567164
2026/02/05/01:08:29,apply-time,rs-006253-nbdkc,238bb858-07e1-4d29-9fcc-78dcfe9021e6,1,6536.567164
2026/02/05/01:08:29,running-time,rs-006253-nbdkc,238bb858-07e1-4d29-9fcc-78dcfe9021e6,1,6536.567164
2026/02/05/01:08:29,apply-time,rs-006254-ck2fk,a9d68e02-0659-432a-be81-b846e15694b2,1,6536.567164
2026/02/05/01:08:29,apply-time,rs-006254-t8wgg,b1fbe554-8e9d-41c4-ac6c-5d01901142e3,1,6536.567164
2026/02/05/01:08:29,running-time,rs-006254-t8wgg,b1fbe554-8e9d-41c4-ac6c-5d01901142e3,1,6536.567164
2026/02/05/01:08:29,apply-time,rs-006254-zt6pg,8355581e-3e35-4373-a31d-d2d2b6b70f41,1,6536.567164
2026/02/05/01:08:29,running-time,rs-006254-zt6pg,8355581e-3e35-4373-a31d-d2d2b6b70f41,1,6536.567164
2026/02/05/01:08:29,apply-time,rs-006255-rf2gw,127e0013-1a08-427d-bece-6d39936badd6,1,6536.567164
2026/02/05/01:08:29,running-time,rs-006255-rf2gw,127e0013-1a08-427d-bece-6d39936badd6,1,6536.567164
2026/02/05/01:08:29,apply-time,rs-006256-fstst,66c1b619-02a0-43a8-8162-eef5f4b3e353,1,6536.567164
2026/02/05/01:08:29,running-time,rs-006256-fstst,66c1b619-02a0-43a8-8162-eef5f4b3e353,1,6536.567164
2026/02/05/01:08:29,apply-time,rs-006257-bgjpz,c61fd6ae-4916-4a48-bcf5-7b242be8bf4e,1,6536.567164
2026/02/05/01:08:29,running-time,rs-006257-bgjpz,c61fd6ae-4916-4a48-bcf5-7b242be8bf4e,1,6536.567164
2026/02/05/01:08:29,apply-time,rs-006257-dq662,8cf106cc-41f4-467b-a9b1-1cb68c8633e6,1,6536.567164
2026/02/05/01:08:29,running-time,rs-006257-dq662,8cf106cc-41f4-467b-a9b1-1cb68c8633e6,1,6536.567164
2026/02/05/01:08:30,apply-time,rs-006258-88wwn,4b50d9c9-5056-47e6-86ce-dd4aa95f73d0,1,6537.567164
2026/02/05/01:08:30,running-time,rs-006258-88wwn,4b50d9c9-5056-47e6-86ce-dd4aa95f73d0,1,6537.567164
2026/02/05/01:08:30,apply-time,rs-006258-d85r7,007b741b-880c-48ec-98e1-503c5e33017b,1,6537.567164
2026/02/05/01:08:30,running-time,rs-006258-d85r7,007b741b-880c-48ec-98e1-503c5e33017b,1,6537.567164
2026/02/05/01:08:30,apply-time,rs-006259-5nn42,23aa312d-abfa-4065-8504-abade9e4bebf,1,6537.567164
2026/02/05/01:08:30,running-time,rs-006259-5nn42,23aa312d-abfa-4065-8504-abade9e4bebf,1,6537.567164
2026/02/05/01:08:30,apply-time,rs-006259-pvp4k,06642b2a-ac23-4a61-97b8-7166ec322d87,1,6537.567164
2026/02/05/01:08:30,running-time,rs-006259-pvp4k,06642b2a-ac23-4a61-97b8-7166ec322d87,1,6537.567164
2026/02/05/01:08:30,apply-time,rs-006259-t5pbb,09e640dc-6b36-432c-b230-cd078ca97e86,1,6537.567164
2026/02/05/01:08:30,running-time,rs-006259-t5pbb,09e640dc-6b36-432c-b230-cd078ca97e86,1,6537.567164
2026/02/05/01:08:31,running-time,rs-006254-ck2fk,a9d68e02-0659-432a-be81-b846e15694b2,1,6538.567164
2026/02/05/01:08:31,apply-time,rs-006260-6gt9p,421797ac-1c9e-4b83-865d-4d6f1ac50926,1,6538.567164
2026/02/05/01:08:31,running-time,rs-006260-6gt9p,421797ac-1c9e-4b83-865d-4d6f1ac50926,1,6538.567164
2026/02/05/01:08:31,apply-time,rs-006260-n4db8,04131d41-d6f1-4ea3-878f-dcac48a9e1de,1,6538.567164
2026/02/05/01:08:31,running-time,rs-006260-n4db8,04131d41-d6f1-4ea3-878f-dcac48a9e1de,1,6538.567164
2026/02/05/01:08:31,apply-time,rs-006261-pjv6x,616f593c-4d43-4839-8693-a156c35cbc42,1,6538.567164
2026/02/05/01:08:31,running-time,rs-006261-pjv6x,616f593c-4d43-4839-8693-a156c35cbc42,1,6538.567164
2026/02/05/01:08:31,apply-time,rs-006262-hdhcz,c8e01d88-add4-4eb7-9d0b-3cceb291a660,1,6538.567164
2026/02/05/01:08:31,running-time,rs-006262-hdhcz,c8e01d88-add4-4eb7-9d0b-3cceb291a660,1,6538.567164
2026/02/05/01:08:31,apply-time,rs-006262-rqfl2,fabafbf2-184d-435f-83a2-9e0d328d1bc7,1,6538.567164
2026/02/05/01:08:31,running-time,rs-006262-rqfl2,fabafbf2-184d-435f-83a2-9e0d328d1bc7,1,6538.567164
2026/02/05/01:08:31,apply-time,rs-006263-xqpp7,f4f65f40-9287-44a8-bbdb-9f2f68ba02e9,1,6538.567164
2026/02/05/01:08:31,running-time,rs-006263-xqpp7,f4f65f40-9287-44a8-bbdb-9f2f68ba02e9,1,6538.567164
2026/02/05/01:08:31,apply-time,rs-006264-ckfqb,92962a7d-a814-47e8-a3ba-4525854334f5,1,6538.567164
2026/02/05/01:08:32,running-time,rs-006264-ckfqb,92962a7d-a814-47e8-a3ba-4525854334f5,1,6538.567164
2026/02/05/01:08:38,apply-time,rs-006265-d5tnw,d75fc6e1-ad47-4d53-bbdf-c834628dc84a,1,6545.567164
2026/02/05/01:08:38,running-time,rs-006265-d5tnw,d75fc6e1-ad47-4d53-bbdf-c834628dc84a,1,6545.567164
2026/02/05/01:08:38,apply-time,rs-006265-kpvr2,f8824990-28d5-4a23-a29a-007140a0af97,1,6545.567164
2026/02/05/01:08:38,running-time,rs-006265-kpvr2,f8824990-28d5-4a23-a29a-007140a0af97,1,6545.567164
2026/02/05/01:08:38,apply-time,rs-006266-pxsjn,b3f9f6be-0251-46b3-857f-8bc73406d536,1,6545.567164
2026/02/05/01:08:38,running-time,rs-006266-pxsjn,b3f9f6be-0251-46b3-857f-8bc73406d536,1,6545.567164
2026/02/05/01:08:38,apply-time,rs-006267-vjtf5,e5682e4c-d2aa-4a16-aae3-0c52718c903d,1,6545.567164
2026/02/05/01:08:38,running-time,rs-006267-vjtf5,e5682e4c-d2aa-4a16-aae3-0c52718c903d,1,6545.567164
2026/02/05/01:08:38,apply-time,rs-006268-8lcf8,fcfa97cb-2d72-4b34-a9bd-8a228eb326c3,1,6545.567164
2026/02/05/01:08:38,running-time,rs-006268-8lcf8,fcfa97cb-2d72-4b34-a9bd-8a228eb326c3,1,6545.567164
2026/02/05/01:08:38,apply-time,rs-006268-mnlxj,1dffb4d3-996d-4762-aa83-bae0bf4fa9a5,1,6545.567164
2026/02/05/01:08:38,running-time,rs-006268-mnlxj,1dffb4d3-996d-4762-aa83-bae0bf4fa9a5,1,6545.567164
2026/02/05/01:08:38,apply-time,rs-006268-pkt45,95b6f1b9-ea6b-4596-b3fe-49d1a66b13de,1,6545.567164
2026/02/05/01:08:38,running-time,rs-006268-pkt45,95b6f1b9-ea6b-4596-b3fe-49d1a66b13de,1,6545.567164
2026/02/05/01:08:38,apply-time,rs-006269-9hhm5,1fa54aa5-7013-454c-ac8c-18653595c94f,1,6545.567164
2026/02/05/01:08:38,running-time,rs-006269-9hhm5,1fa54aa5-7013-454c-ac8c-18653595c94f,1,6545.567164
2026/02/05/01:08:39,apply-time,rs-006270-jng6k,4777d119-622a-4473-9ddc-a1554fdb203d,1,6546.567164
2026/02/05/01:08:39,running-time,rs-006270-jng6k,4777d119-622a-4473-9ddc-a1554fdb203d,1,6546.567164
2026/02/05/01:08:39,apply-time,rs-006271-lj9b7,50758da0-429f-48fc-aa47-a12c4dd56adf,1,6546.567164
2026/02/05/01:08:39,running-time,rs-006271-lj9b7,50758da0-429f-48fc-aa47-a12c4dd56adf,1,6546.567164
2026/02/05/01:08:39,apply-time,rs-006271-xcqnm,490641de-1cdd-4eba-bd4d-343369a076a3,1,6546.567164
2026/02/05/01:08:39,running-time,rs-006271-xcqnm,490641de-1cdd-4eba-bd4d-343369a076a3,1,6546.567164
2026/02/05/01:08:42,apply-time,rs-006272-t8lfb,79fd9b78-f1f5-4e2a-8909-87c72ebbac86,1,6549.567164
2026/02/05/01:08:42,running-time,rs-006272-t8lfb,79fd9b78-f1f5-4e2a-8909-87c72ebbac86,1,6549.567164
2026/02/05/01:08:47,apply-time,rs-006273-r2lcs,d2fcee1b-c155-4f6c-90a3-1fe8b9b70f4b,1,6554.567164
2026/02/05/01:08:47,running-time,rs-006273-r2lcs,d2fcee1b-c155-4f6c-90a3-1fe8b9b70f4b,1,6554.567164
2026/02/05/01:08:47,apply-time,rs-006273-szr8l,1b56aac6-8f85-4b40-80bc-8362a6acaf6a,1,6554.567164
2026/02/05/01:08:47,running-time,rs-006273-szr8l,1b56aac6-8f85-4b40-80bc-8362a6acaf6a,1,6554.567164
2026/02/05/01:08:47,apply-time,rs-006273-tdv4j,d883a7c9-a853-4414-8f47-8a4c03a7f1b0,1,6554.567164
2026/02/05/01:08:47,running-time,rs-006273-tdv4j,d883a7c9-a853-4414-8f47-8a4c03a7f1b0,1,6554.567164
2026/02/05/01:08:47,apply-time,rs-006274-hcn44,e4c2a29d-5591-42aa-a1da-af5ab211b972,1,6554.567164
2026/02/05/01:08:47,running-time,rs-006274-hcn44,e4c2a29d-5591-42aa-a1da-af5ab211b972,1,6554.567164
2026/02/05/01:08:47,apply-time,rs-006274-k9572,75c33ddb-a662-4cd7-8831-527143c3e46e,1,6554.567164
2026/02/05/01:08:47,running-time,rs-006274-k9572,75c33ddb-a662-4cd7-8831-527143c3e46e,1,6554.567164
2026/02/05/01:08:56,apply-time,rs-006275-lsmzm,b29cf044-70ec-457f-aaef-b14de8b32316,1,6563.567164
2026/02/05/01:08:56,apply-time,rs-006275-qkrsr,c3bc1afc-1996-4752-8bcf-ffdf099a6389,1,6563.567164
2026/02/05/01:08:56,apply-time,rs-006276-fhbtl,bd391135-a51a-4b54-b230-22688d0286ff,1,6563.567164
2026/02/05/01:08:56,running-time,rs-006276-fhbtl,bd391135-a51a-4b54-b230-22688d0286ff,1,6563.567164
2026/02/05/01:08:56,apply-time,rs-006276-g5gvn,cc9b499f-71b1-41d6-a561-cdc0e68a52f7,1,6563.567164
2026/02/05/01:08:56,running-time,rs-006276-g5gvn,cc9b499f-71b1-41d6-a561-cdc0e68a52f7,1,6563.567164
2026/02/05/01:08:56,apply-time,rs-006277-8c888,8b6b8dc5-5e3f-48f7-9899-9b1c5aab0f90,1,6563.567164
2026/02/05/01:08:56,running-time,rs-006277-8c888,8b6b8dc5-5e3f-48f7-9899-9b1c5aab0f90,1,6563.567164
2026/02/05/01:08:56,apply-time,rs-006277-ls8fk,e7470f9d-ff2c-44cb-aa0b-26d2ec1faf99,1,6563.567164
2026/02/05/01:08:56,running-time,rs-006277-ls8fk,e7470f9d-ff2c-44cb-aa0b-26d2ec1faf99,1,6563.567164
2026/02/05/01:08:56,apply-time,rs-006278-57wq7,a0697db4-4487-4f2c-b977-65103092c00d,1,6563.567164
2026/02/05/01:08:56,running-time,rs-006278-57wq7,a0697db4-4487-4f2c-b977-65103092c00d,1,6564.567164
2026/02/05/01:08:56,apply-time,rs-006278-m8lw5,e9a941e6-c5b8-4f52-aa56-c314eb7f6431,1,6563.567164
2026/02/05/01:08:56,running-time,rs-006278-m8lw5,e9a941e6-c5b8-4f52-aa56-c314eb7f6431,1,6564.567164
2026/02/05/01:08:56,apply-time,rs-006278-mgb4p,975c5ba3-f858-40d1-97b2-df5a9cc81f20,1,6563.567164
2026/02/05/01:08:56,running-time,rs-006278-mgb4p,975c5ba3-f858-40d1-97b2-df5a9cc81f20,1,6564.567164
2026/02/05/01:08:57,apply-time,rs-006279-7nrc5,2bb60b66-047a-4d40-a9c1-2651499d4e84,1,6564.567164
2026/02/05/01:08:57,running-time,rs-006279-7nrc5,2bb60b66-047a-4d40-a9c1-2651499d4e84,1,6564.567164
2026/02/05/01:08:57,apply-time,rs-006280-d6vks,9ac370dd-1d02-47a7-b65e-9931694cdda8,1,6564.567164
2026/02/05/01:08:57,running-time,rs-006280-d6vks,9ac370dd-1d02-47a7-b65e-9931694cdda8,1,6564.567164
2026/02/05/01:08:57,apply-time,rs-006280-t774v,7f39eddb-3c18-419c-8b03-397af93d8500,1,6564.567164
2026/02/05/01:08:57,running-time,rs-006280-t774v,7f39eddb-3c18-419c-8b03-397af93d8500,1,6564.567164
2026/02/05/01:08:57,apply-time,rs-006281-wwzvx,2a73c3a8-e4dc-4f52-a593-6149ca48b9af,1,6564.567164
2026/02/05/01:08:57,running-time,rs-006281-wwzvx,2a73c3a8-e4dc-4f52-a593-6149ca48b9af,1,6564.567164
2026/02/05/01:08:57,apply-time,rs-006281-wzzpg,c553126c-71ab-41c5-ae6d-51bf8fe0d865,1,6564.567164
2026/02/05/01:08:57,running-time,rs-006281-wzzpg,c553126c-71ab-41c5-ae6d-51bf8fe0d865,1,6564.567164
2026/02/05/01:08:57,apply-time,rs-006281-zx5cw,a97bb974-0c8d-47ed-85ec-01e34902c6e1,1,6564.567164
2026/02/05/01:08:57,running-time,rs-006281-zx5cw,a97bb974-0c8d-47ed-85ec-01e34902c6e1,1,6564.567164
2026/02/05/01:08:57,apply-time,rs-006282-kpp4g,b234e08f-374c-4ef3-b5a3-98f15181c487,1,6564.567164
2026/02/05/01:08:57,running-time,rs-006282-kpp4g,b234e08f-374c-4ef3-b5a3-98f15181c487,1,6564.567164
2026/02/05/01:08:57,apply-time,rs-006283-kx27j,e11e3100-8840-43c2-81f9-3a415113d400,1,6564.567164
2026/02/05/01:08:58,apply-time,rs-006282-gt5xv,dd86fe58-268e-4d7a-9501-f439ddf9b455,1,6565.567164
2026/02/05/01:08:58,running-time,rs-006282-gt5xv,dd86fe58-268e-4d7a-9501-f439ddf9b455,1,6565.567164
2026/02/05/01:08:58,apply-time,rs-006282-sh8vm,7476b1c3-065a-4b10-8736-80409f7d3cc6,1,6565.567164
2026/02/05/01:08:58,running-time,rs-006282-sh8vm,7476b1c3-065a-4b10-8736-80409f7d3cc6,1,6565.567164
2026/02/05/01:08:58,apply-time,rs-006283-hzzhc,9d0eaa68-d521-479f-a912-002dd27f26b8,1,6565.567164
2026/02/05/01:08:58,running-time,rs-006283-hzzhc,9d0eaa68-d521-479f-a912-002dd27f26b8,1,6565.567164
2026/02/05/01:08:58,running-time,rs-006283-kx27j,e11e3100-8840-43c2-81f9-3a415113d400,1,6564.567164
2026/02/05/01:08:59,running-time,rs-006275-qkrsr,c3bc1afc-1996-4752-8bcf-ffdf099a6389,1,6565.567164
2026/02/05/01:09:02,apply-time,rs-006284-j7bv2,98440852-2048-4ed2-8602-a8a094d2fc2a,1,6569.567164
2026/02/05/01:09:02,running-time,rs-006284-j7bv2,98440852-2048-4ed2-8602-a8a094d2fc2a,1,6569.567164
2026/02/05/01:09:02,apply-time,rs-006284-tlfxs,c7d251c5-8c03-4437-af30-4420ef058936,1,6569.567164
2026/02/05/01:09:02,running-time,rs-006284-tlfxs,c7d251c5-8c03-4437-af30-4420ef058936,1,6569.567164
2026/02/05/01:09:02,apply-time,rs-006285-598gw,721360fb-5c39-45a7-963e-8b38d232d7f5,1,6569.567164
2026/02/05/01:09:02,running-time,rs-006285-598gw,721360fb-5c39-45a7-963e-8b38d232d7f5,1,6569.567164
2026/02/05/01:09:02,apply-time,rs-006285-kwccg,44eae3bf-2bc4-4426-ab07-5ae1862663d2,1,6569.567164
2026/02/05/01:09:02,running-time,rs-006285-kwccg,44eae3bf-2bc4-4426-ab07-5ae1862663d2,1,6569.567164
2026/02/05/01:09:02,apply-time,rs-006286-lz6vc,1fae8af4-61e5-4566-a9b2-655fa7bf53db,1,6569.567164
2026/02/05/01:09:02,running-time,rs-006286-lz6vc,1fae8af4-61e5-4566-a9b2-655fa7bf53db,1,6569.567164
2026/02/05/01:09:02,apply-time,rs-006286-x9vcl,fa7b8cc2-08a0-4d8e-84ac-1a8da0d05c43,1,6569.567164
2026/02/05/01:09:02,running-time,rs-006286-x9vcl,fa7b8cc2-08a0-4d8e-84ac-1a8da0d05c43,1,6569.567164
2026/02/05/01:09:02,apply-time,rs-006287-4gb5p,fb5df585-eb0d-4261-ba1f-f4d2a54bc609,1,6569.567164
2026/02/05/01:09:02,running-time,rs-006287-4gb5p,fb5df585-eb0d-4261-ba1f-f4d2a54bc609,1,6569.567164
2026/02/05/01:09:02,apply-time,rs-006287-ph87d,55ed97f1-7871-4007-b8c9-9b9017ea5c2f,1,6569.567164
2026/02/05/01:09:02,running-time,rs-006287-ph87d,55ed97f1-7871-4007-b8c9-9b9017ea5c2f,1,6569.567164
2026/02/05/01:09:02,apply-time,rs-006288-qjbzz,a3c68456-0120-45ac-9ee8-fc36bdc9121b,1,6569.567164
2026/02/05/01:09:02,running-time,rs-006288-qjbzz,a3c68456-0120-45ac-9ee8-fc36bdc9121b,1,6569.567164
2026/02/05/01:09:02,apply-time,rs-006289-5dnd6,2bc421d0-f8a1-4829-ac14-57e6d9eb7a31,1,6569.567164
2026/02/05/01:09:02,running-time,rs-006289-5dnd6,2bc421d0-f8a1-4829-ac14-57e6d9eb7a31,1,6569.567164
2026/02/05/01:09:02,apply-time,rs-006289-6sgp7,7d99cdbe-1312-435c-9c36-358df62e2c8f,1,6569.567164
2026/02/05/01:09:02,running-time,rs-006289-6sgp7,7d99cdbe-1312-435c-9c36-358df62e2c8f,1,6569.567164
2026/02/05/01:09:02,apply-time,rs-006289-sw2j8,0546224b-9766-4114-9c48-a4abe44b990d,1,6569.567164
2026/02/05/01:09:02,running-time,rs-006289-sw2j8,0546224b-9766-4114-9c48-a4abe44b990d,1,6569.567164
2026/02/05/01:09:02,apply-time,rs-006290-wr7bv,bc435b3f-921d-4d59-99d6-c6a9d4d3c091,1,6569.567164
2026/02/05/01:09:02,running-time,rs-006290-wr7bv,bc435b3f-921d-4d59-99d6-c6a9d4d3c091,1,6569.567164
2026/02/05/01:09:02,apply-time,rs-006291-wdtbv,12871a5f-c0c1-45f4-9635-1ceaf2a8ed5f,1,6569.567164
2026/02/05/01:09:03,apply-time,rs-006291-trksg,a7b6aa1e-7e47-41aa-bd46-95a185f3cff9,1,6570.567164
2026/02/05/01:09:03,apply-time,rs-006292-cjkz6,aa58dc84-d670-4cd8-80d1-805e22217fec,1,6570.567164
2026/02/05/01:09:03,running-time,rs-006292-cjkz6,aa58dc84-d670-4cd8-80d1-805e22217fec,1,6570.567164
2026/02/05/01:09:03,apply-time,rs-006292-g26c9,95321692-57e0-4dbb-8370-9e6fbebb6364,1,6570.567164
2026/02/05/01:09:03,running-time,rs-006292-g26c9,95321692-57e0-4dbb-8370-9e6fbebb6364,1,6570.567164
2026/02/05/01:09:03,apply-time,rs-006293-rbb4v,b6a94084-3999-4a91-b13a-f45c682a3635,1,6570.567164
2026/02/05/01:09:03,running-time,rs-006293-rbb4v,b6a94084-3999-4a91-b13a-f45c682a3635,1,6570.567164
2026/02/05/01:09:03,apply-time,rs-006294-hm6qk,debc6556-0e74-4894-bd78-f3b514c34656,1,6570.567164
2026/02/05/01:09:03,running-time,rs-006294-hm6qk,debc6556-0e74-4894-bd78-f3b514c34656,1,6570.567164
2026/02/05/01:09:03,apply-time,rs-006294-nnz57,ca0ed815-975e-40b7-8b68-07b8133c23d3,1,6570.567164
2026/02/05/01:09:03,running-time,rs-006294-nnz57,ca0ed815-975e-40b7-8b68-07b8133c23d3,1,6570.567164
2026/02/05/01:09:03,apply-time,rs-006295-drdsf,5d431e94-c358-405b-baf3-1126c1f7ff94,1,6570.567164
2026/02/05/01:09:03,running-time,rs-006295-drdsf,5d431e94-c358-405b-baf3-1126c1f7ff94,1,6570.567164
2026/02/05/01:09:03,apply-time,rs-006296-tmkjs,1389780f-d680-4ed7-a8c8-66407850a4fe,1,6570.567164
2026/02/05/01:09:03,running-time,rs-006296-tmkjs,1389780f-d680-4ed7-a8c8-66407850a4fe,1,6570.567164
2026/02/05/01:09:04,apply-time,rs-006295-5ssrw,908ea247-2276-4814-9437-8da3ac9c6492,1,6570.567164
2026/02/05/01:09:04,apply-time,rs-006296-w4r6b,02d718b6-6a72-45c0-89fe-ac2773201fb4,1,6571.567164
2026/02/05/01:09:04,running-time,rs-006296-w4r6b,02d718b6-6a72-45c0-89fe-ac2773201fb4,1,6571.567164
2026/02/05/01:09:04,apply-time,rs-006297-w7qnl,f874f4b8-0105-4363-ae25-1b780299809d,1,6570.567164
2026/02/05/01:09:04,running-time,rs-006297-w7qnl,f874f4b8-0105-4363-ae25-1b780299809d,1,6571.567164
2026/02/05/01:09:04,apply-time,rs-006297-wrlzw,3cdd63f0-5b46-4a57-b131-c872c08a97b5,1,6571.567164
2026/02/05/01:09:04,running-time,rs-006297-wrlzw,3cdd63f0-5b46-4a57-b131-c872c08a97b5,1,6571.567164
2026/02/05/01:09:04,apply-time,rs-006298-958sn,923b328b-d9af-424c-9000-1c1dd924b41f,1,6571.567164
2026/02/05/01:09:04,apply-time,rs-006298-hwrs5,b5fb81f7-3334-4650-9e6b-6cadb8e3a858,1,6571.567164
2026/02/05/01:09:04,apply-time,rs-006298-sbb5h,e4e9a4f1-dfac-4f56-9ffb-7e6a5a725f09,1,6571.567164
2026/02/05/01:09:04,apply-time,rs-006299-h2ps5,879b8874-cdf4-41e5-a0f0-73a6a1230a2a,1,6571.567164
2026/02/05/01:09:04,running-time,rs-006299-h2ps5,879b8874-cdf4-41e5-a0f0-73a6a1230a2a,1,6571.567164
2026/02/05/01:09:04,apply-time,rs-006300-hwsj6,0b315191-06fc-4c9f-a708-1f3c679643c5,1,6571.567164
2026/02/05/01:09:04,running-time,rs-006300-hwsj6,0b315191-06fc-4c9f-a708-1f3c679643c5,1,6571.567164
2026/02/05/01:09:05,apply-time,rs-006300-svhtf,3d4e4393-a889-4dc2-b7b8-b17cbfdbe5d1,1,6572.567164
2026/02/05/01:09:05,running-time,rs-006300-svhtf,3d4e4393-a889-4dc2-b7b8-b17cbfdbe5d1,1,6572.567164
2026/02/05/01:09:06,running-time,rs-006298-958sn,923b328b-d9af-424c-9000-1c1dd924b41f,1,6573.567164
2026/02/05/01:09:06,running-time,rs-006298-hwrs5,b5fb81f7-3334-4650-9e6b-6cadb8e3a858,1,6573.567164
2026/02/05/01:09:06,running-time,rs-006298-sbb5h,e4e9a4f1-dfac-4f56-9ffb-7e6a5a725f09,1,6573.567164
2026/02/05/01:09:09,apply-time,rs-006301-bnb7f,12c2d6fc-3122-4c20-a22c-c9d93e423b49,1,6576.567164
2026/02/05/01:09:09,running-time,rs-006301-bnb7f,12c2d6fc-3122-4c20-a22c-c9d93e423b49,1,6576.567164
2026/02/05/01:09:09,apply-time,rs-006301-qlkf2,f4bf0d63-7c77-4214-a966-ee0f5e0bc5ff,1,6576.567164
2026/02/05/01:09:09,running-time,rs-006301-qlkf2,f4bf0d63-7c77-4214-a966-ee0f5e0bc5ff,1,6576.567164
2026/02/05/01:09:09,apply-time,rs-006302-nd7k9,db2b2195-7e75-474f-bfd2-ccc1d2483f95,1,6576.567164
2026/02/05/01:09:09,running-time,rs-006302-nd7k9,db2b2195-7e75-474f-bfd2-ccc1d2483f95,1,6576.567164
2026/02/05/01:09:09,apply-time,rs-006302-s6z48,fb82bf50-9c1c-437f-bf15-9bf684806472,1,6576.567164
2026/02/05/01:09:09,running-time,rs-006302-s6z48,fb82bf50-9c1c-437f-bf15-9bf684806472,1,6576.567164
2026/02/05/01:09:09,apply-time,rs-006303-5n9fs,7b9c70aa-2d0a-4d04-b65f-883e8f557785,1,6576.567164
2026/02/05/01:09:09,running-time,rs-006303-5n9fs,7b9c70aa-2d0a-4d04-b65f-883e8f557785,1,6576.567164
2026/02/05/01:09:09,apply-time,rs-006303-j25z2,09fc525e-a6f9-4652-84c4-8c71333e08d5,1,6576.567164
2026/02/05/01:09:09,running-time,rs-006303-j25z2,09fc525e-a6f9-4652-84c4-8c71333e08d5,1,6576.567164
2026/02/05/01:09:09,apply-time,rs-006303-vs276,e58b1276-ef3c-437e-8077-71d1c68dc3a7,1,6576.567164
2026/02/05/01:09:09,running-time,rs-006303-vs276,e58b1276-ef3c-437e-8077-71d1c68dc3a7,1,6576.567164
2026/02/05/01:09:09,apply-time,rs-006304-qbcjw,1c74a756-c6d6-4834-a030-55fd9ac5c645,1,6576.567164
2026/02/05/01:09:09,apply-time,rs-006305-9kwh5,b9f56a91-1c2a-4b84-ba49-19e2137e0945,1,6576.567164
2026/02/05/01:09:09,running-time,rs-006305-9kwh5,b9f56a91-1c2a-4b84-ba49-19e2137e0945,1,6576.567164
2026/02/05/01:09:09,apply-time,rs-006305-rzs2n,66fa4e2d-bc7d-4e69-8153-d58bb26b01d4,1,6576.567164
2026/02/05/01:09:09,running-time,rs-006305-rzs2n,66fa4e2d-bc7d-4e69-8153-d58bb26b01d4,1,6576.567164
2026/02/05/01:09:14,apply-time,rs-006306-2ft2h,7f9a6181-f39f-44f3-a2ed-957192eadd16,1,6581.567164
2026/02/05/01:09:14,running-time,rs-006306-2ft2h,7f9a6181-f39f-44f3-a2ed-957192eadd16,1,6581.567164
2026/02/05/01:09:14,apply-time,rs-006306-nvcfg,ac54f29d-0892-4c84-ab4d-2db04c366a0b,1,6581.567164
2026/02/05/01:09:14,running-time,rs-006306-nvcfg,ac54f29d-0892-4c84-ab4d-2db04c366a0b,1,6581.567164
2026/02/05/01:09:14,apply-time,rs-006306-rx746,9e70fd97-60f1-4edf-a176-1d4bd52c48b2,1,6581.567164
2026/02/05/01:09:14,running-time,rs-006306-rx746,9e70fd97-60f1-4edf-a176-1d4bd52c48b2,1,6581.567164
2026/02/05/01:09:14,apply-time,rs-006307-jdzqf,f72ac577-8d87-4df2-b7df-9eaa22f65bb9,1,6581.567164
2026/02/05/01:09:14,running-time,rs-006307-jdzqf,f72ac577-8d87-4df2-b7df-9eaa22f65bb9,1,6581.567164
2026/02/05/01:09:14,apply-time,rs-006307-nmf8r,66231eb3-0d95-42cb-bc50-d3bd43cd09aa,1,6581.567164
2026/02/05/01:09:14,running-time,rs-006307-nmf8r,66231eb3-0d95-42cb-bc50-d3bd43cd09aa,1,6581.567164
2026/02/05/01:09:14,apply-time,rs-006307-srldg,9a1b67f0-bf99-4ebe-9881-02b5bb378b87,1,6581.567164
2026/02/05/01:09:14,running-time,rs-006307-srldg,9a1b67f0-bf99-4ebe-9881-02b5bb378b87,1,6581.567164
2026/02/05/01:09:14,apply-time,rs-006308-27qdn,e9708e77-625d-4016-b597-8506ec045196,1,6581.567164
2026/02/05/01:09:14,apply-time,rs-006308-chmrm,d40eab99-f628-4c28-8204-f1acd6334ff4,1,6581.567164
2026/02/05/01:09:15,apply-time,rs-006309-qbb5h,b889aa2b-c49a-4b58-ae09-9145e7d9f7c3,1,6582.567164
2026/02/05/01:09:15,running-time,rs-006309-qbb5h,b889aa2b-c49a-4b58-ae09-9145e7d9f7c3,1,6582.567164
2026/02/05/01:09:16,running-time,rs-006308-27qdn,e9708e77-625d-4016-b597-8506ec045196,1,6583.567164
2026/02/05/01:09:16,running-time,rs-006308-chmrm,d40eab99-f628-4c28-8204-f1acd6334ff4,1,6583.567164
2026/02/05/01:09:17,apply-time,rs-006310-2mfd9,4cb66752-50ee-44c5-8fea-7afd1a1ad5b4,1,6584.567164
2026/02/05/01:09:17,running-time,rs-006310-2mfd9,4cb66752-50ee-44c5-8fea-7afd1a1ad5b4,1,6584.567164
2026/02/05/01:09:18,apply-time,rs-006311-8zk2v,c9c6752f-cd96-47db-8368-dc98403bc212,1,6585.567164
2026/02/05/01:09:18,running-time,rs-006311-8zk2v,c9c6752f-cd96-47db-8368-dc98403bc212,1,6585.567164
2026/02/05/01:09:18,apply-time,rs-006311-nm2v7,ec77de30-9036-420a-862d-fdc2f8fb664a,1,6585.567164
2026/02/05/01:09:18,running-time,rs-006311-nm2v7,ec77de30-9036-420a-862d-fdc2f8fb664a,1,6585.567164
2026/02/05/01:09:18,apply-time,rs-006311-v67t7,fcd38e80-c8cf-4da2-9d9a-30c978af4554,1,6585.567164
2026/02/05/01:09:18,running-time,rs-006311-v67t7,fcd38e80-c8cf-4da2-9d9a-30c978af4554,1,6585.567164
2026/02/05/01:09:18,apply-time,rs-006312-x8np6,8c581771-bfe9-4abd-8975-6ef4a2f14292,1,6585.567164
2026/02/05/01:09:18,running-time,rs-006312-x8np6,8c581771-bfe9-4abd-8975-6ef4a2f14292,1,6585.567164
2026/02/05/01:09:18,apply-time,rs-006313-vcbg9,1029acd7-88de-4b5e-ba8b-04e70bbf115e,1,6585.567164
2026/02/05/01:09:18,running-time,rs-006313-vcbg9,1029acd7-88de-4b5e-ba8b-04e70bbf115e,1,6585.567164
2026/02/05/01:09:18,apply-time,rs-006314-47bc7,01f5c66b-dc8e-4b31-ade7-41a75374dd6b,1,6585.567164
2026/02/05/01:09:18,running-time,rs-006314-47bc7,01f5c66b-dc8e-4b31-ade7-41a75374dd6b,1,6585.567164
2026/02/05/01:09:18,apply-time,rs-006314-4zq6j,92bb581e-7e23-47b8-8964-2642f944be2a,1,6585.567164
2026/02/05/01:09:18,running-time,rs-006314-4zq6j,92bb581e-7e23-47b8-8964-2642f944be2a,1,6585.567164
2026/02/05/01:09:18,apply-time,rs-006314-szrct,cc03e1b5-7bee-4816-acc6-a7cce049a435,1,6585.567164
2026/02/05/01:09:18,running-time,rs-006314-szrct,cc03e1b5-7bee-4816-acc6-a7cce049a435,1,6585.567164
2026/02/05/01:09:22,apply-time,rs-006315-5mbln,ed6e60ac-95d1-4b5f-9720-faf2ba26dd0f,1,6589.567164
2026/02/05/01:09:22,running-time,rs-006315-5mbln,ed6e60ac-95d1-4b5f-9720-faf2ba26dd0f,1,6589.567164
2026/02/05/01:09:22,apply-time,rs-006315-w7hfm,f808f4a7-305e-4792-9df9-3889b2bdec3f,1,6589.567164
2026/02/05/01:09:22,running-time,rs-006315-w7hfm,f808f4a7-305e-4792-9df9-3889b2bdec3f,1,6589.567164
2026/02/05/01:09:22,apply-time,rs-006316-w5ntk,22e8979d-9a18-4ac5-bf88-101665fc5ad6,1,6588.567164
2026/02/05/01:09:22,running-time,rs-006316-w5ntk,22e8979d-9a18-4ac5-bf88-101665fc5ad6,1,6589.567164
2026/02/05/01:09:22,apply-time,rs-006317-d4kks,1719be8c-435e-4697-b9ce-5aaef8d83689,1,6589.567164
2026/02/05/01:09:22,running-time,rs-006317-d4kks,1719be8c-435e-4697-b9ce-5aaef8d83689,1,6589.567164
2026/02/05/01:09:24,apply-time,rs-002923-rcqj5,bb922b27-f417-4d59-8741-6f9428f94d81,1,6591.567164
2026/02/05/01:09:24,running-time,rs-002923-rcqj5,bb922b27-f417-4d59-8741-6f9428f94d81,1,6591.567164
2026/02/05/01:09:24,apply-time,rs-005825-lpl8n,349b4492-273c-4fd8-8096-56918d9888a3,1,6591.567164
2026/02/05/01:09:24,running-time,rs-005825-lpl8n,349b4492-273c-4fd8-8096-56918d9888a3,1,6591.567164
2026/02/05/01:09:24,running-time,rs-006304-qbcjw,1c74a756-c6d6-4834-a030-55fd9ac5c645,1,6591.567164
2026/02/05/01:09:30,apply-time,rs-006318-hkzdd,2d16f740-244f-4cf5-aee4-61f30d1ec161,1,6597.567164
2026/02/05/01:09:30,running-time,rs-006318-hkzdd,2d16f740-244f-4cf5-aee4-61f30d1ec161,1,6597.567164
2026/02/05/01:09:44,apply-time,rs-006319-7r2db,d90138f4-68de-480c-82b8-3472a2a4f537,1,6612.567164
2026/02/05/01:09:45,apply-time,rs-006319-7h2sq,4d27c3b5-100d-4eb7-b8e2-a70f2315faf2,1,6612.567164
2026/02/05/01:09:45,running-time,rs-006319-7h2sq,4d27c3b5-100d-4eb7-b8e2-a70f2315faf2,1,6612.567164
2026/02/05/01:09:45,running-time,rs-006319-7r2db,d90138f4-68de-480c-82b8-3472a2a4f537,1,6612.567164
2026/02/05/01:09:45,apply-time,rs-006319-w862g,b211c367-97bf-4832-a190-5a0275e9a8c5,1,6612.567164
2026/02/05/01:09:45,running-time,rs-006319-w862g,b211c367-97bf-4832-a190-5a0275e9a8c5,1,6612.567164
2026/02/05/01:09:45,apply-time,rs-006320-lmvbw,867119f6-8615-4a1e-a936-d73ae9c40b5b,1,6612.567164
2026/02/05/01:09:45,running-time,rs-006320-lmvbw,867119f6-8615-4a1e-a936-d73ae9c40b5b,1,6612.567164
2026/02/05/01:09:45,apply-time,rs-006320-rn576,5187d68f-81a9-4f16-b09e-dbc3ba8e6b87,1,6612.567164
2026/02/05/01:09:45,running-time,rs-006320-rn576,5187d68f-81a9-4f16-b09e-dbc3ba8e6b87,1,6612.567164
2026/02/05/01:09:45,apply-time,rs-006321-5ghnl,14c82189-3c7f-4e7c-8af0-e8a2ccc4cc5b,1,6612.567164
2026/02/05/01:09:45,running-time,rs-006321-5ghnl,14c82189-3c7f-4e7c-8af0-e8a2ccc4cc5b,1,6612.567164
2026/02/05/01:09:45,apply-time,rs-006321-8khc8,1efded3f-b963-4249-83f3-32f6f704736e,1,6612.567164
2026/02/05/01:09:45,running-time,rs-006321-8khc8,1efded3f-b963-4249-83f3-32f6f704736e,1,6612.567164
2026/02/05/01:09:45,apply-time,rs-006321-9cxvb,f721b12e-60a0-4285-9feb-bffd6395aa14,1,6612.567164
2026/02/05/01:09:45,running-time,rs-006321-9cxvb,f721b12e-60a0-4285-9feb-bffd6395aa14,1,6612.567164
2026/02/05/01:09:45,apply-time,rs-006322-bxhpd,324f2a11-1c98-4c31-b89e-852256725eb8,1,6612.567164
2026/02/05/01:09:45,running-time,rs-006322-bxhpd,324f2a11-1c98-4c31-b89e-852256725eb8,1,6612.567164
2026/02/05/01:09:45,apply-time,rs-006322-thvm8,a6c4b626-1cf5-4a33-8c62-13dff814213f,1,6612.567164
2026/02/05/01:09:45,running-time,rs-006322-thvm8,a6c4b626-1cf5-4a33-8c62-13dff814213f,1,6612.567164
2026/02/05/01:09:45,apply-time,rs-006322-zvrc4,08f433bc-1ba7-4a83-aa03-76c2c503850b,1,6612.567164
2026/02/05/01:09:45,running-time,rs-006322-zvrc4,08f433bc-1ba7-4a83-aa03-76c2c503850b,1,6612.567164
2026/02/05/01:09:45,apply-time,rs-006323-r6kd2,b690b7a7-e207-414e-9d35-61c9f10aa261,1,6612.567164
2026/02/05/01:09:45,running-time,rs-006323-r6kd2,b690b7a7-e207-414e-9d35-61c9f10aa261,1,6612.567164
2026/02/05/01:09:45,apply-time,rs-006324-8x2xm,97265597-5348-4199-8018-9ce3e4b0d7f9,1,6612.567164
2026/02/05/01:09:45,running-time,rs-006324-8x2xm,97265597-5348-4199-8018-9ce3e4b0d7f9,1,6612.567164
2026/02/05/01:09:45,apply-time,rs-006325-hd9ld,516ea0f3-b3a2-4837-8def-09057795758c,1,6612.567164
2026/02/05/01:09:45,running-time,rs-006325-hd9ld,516ea0f3-b3a2-4837-8def-09057795758c,1,6612.567164
2026/02/05/01:09:45,apply-time,rs-006326-xlbzw,b540b237-d707-4575-af1d-029d9a91f423,1,6612.567164
2026/02/05/01:09:46,apply-time,rs-006327-ckgxg,ac0af365-3370-44a9-a298-eafc6c8886f1,1,6613.567164
2026/02/05/01:09:46,running-time,rs-006327-ckgxg,ac0af365-3370-44a9-a298-eafc6c8886f1,1,6613.567164
2026/02/05/01:09:46,apply-time,rs-006327-p2c24,3dcd8f66-780c-4979-a84f-7e5b9afe307b,1,6613.567164
2026/02/05/01:09:46,running-time,rs-006327-p2c24,3dcd8f66-780c-4979-a84f-7e5b9afe307b,1,6613.567164
2026/02/05/01:09:46,apply-time,rs-006327-rhjqp,edd4d77a-e96f-4849-8f1a-2a44840c64b0,1,6613.567164
2026/02/05/01:09:46,running-time,rs-006327-rhjqp,edd4d77a-e96f-4849-8f1a-2a44840c64b0,1,6613.567164
2026/02/05/01:09:46,apply-time,rs-006328-wgvks,9b4a499c-80c7-4c67-86bd-51146ac39f69,1,6613.567164
2026/02/05/01:09:46,running-time,rs-006328-wgvks,9b4a499c-80c7-4c67-86bd-51146ac39f69,1,6613.567164
2026/02/05/01:09:47,apply-time,rs-006329-dccgx,a93b8038-fd80-4e13-9e54-957a5f1d8487,1,6614.567164
2026/02/05/01:09:47,running-time,rs-006329-dccgx,a93b8038-fd80-4e13-9e54-957a5f1d8487,1,6614.567164
2026/02/05/01:09:47,apply-time,rs-006329-ktk28,26e3cde0-1239-4ed1-a9af-e64813865275,1,6614.567164
2026/02/05/01:09:47,running-time,rs-006329-ktk28,26e3cde0-1239-4ed1-a9af-e64813865275,1,6614.567164
2026/02/05/01:09:47,apply-time,rs-006329-llvlb,525514ec-0f8c-4f96-a158-05d1c70b66fe,1,6614.567164
2026/02/05/01:09:47,running-time,rs-006329-llvlb,525514ec-0f8c-4f96-a158-05d1c70b66fe,1,6614.567164
2026/02/05/01:09:47,apply-time,rs-006330-6tjcg,7bf2c6fa-3793-4dc2-af1f-5d470bbefbb2,1,6614.567164
2026/02/05/01:09:47,running-time,rs-006330-6tjcg,7bf2c6fa-3793-4dc2-af1f-5d470bbefbb2,1,6614.567164
2026/02/05/01:09:47,apply-time,rs-006330-754k4,23101020-9a42-478a-867d-742b309bcc89,1,6614.567164
2026/02/05/01:09:47,running-time,rs-006330-754k4,23101020-9a42-478a-867d-742b309bcc89,1,6614.567164
2026/02/05/01:09:48,running-time,rs-006326-xlbzw,b540b237-d707-4575-af1d-029d9a91f423,1,6615.567164
2026/02/05/01:09:53,apply-time,rs-006331-dk8cv,4156eda5-994e-4761-8c55-ca714e741c80,1,6621.567164
2026/02/05/01:09:53,apply-time,rs-006332-f888t,21520afb-cc2f-4b74-8830-26a23f8972ee,1,6621.567164
2026/02/05/01:09:53,apply-time,rs-006332-mlgdx,433fa021-1bef-4da7-a783-0075473a58c5,1,6620.567164
2026/02/05/01:09:53,running-time,rs-006332-mlgdx,433fa021-1bef-4da7-a783-0075473a58c5,1,6621.567164
2026/02/05/01:09:53,apply-time,rs-006334-c8tk9,722a607e-703d-4033-8406-11c102225c62,1,6621.567164
2026/02/05/01:09:53,apply-time,rs-006334-tw7m9,8cda3ce9-e91f-48bf-8825-e0d4a058079d,1,6620.567164
2026/02/05/01:09:53,running-time,rs-006334-tw7m9,8cda3ce9-e91f-48bf-8825-e0d4a058079d,1,6621.567164
2026/02/05/01:09:54,running-time,rs-006331-dk8cv,4156eda5-994e-4761-8c55-ca714e741c80,1,6621.567164
2026/02/05/01:09:54,running-time,rs-006332-f888t,21520afb-cc2f-4b74-8830-26a23f8972ee,1,6621.567164
2026/02/05/01:09:54,apply-time,rs-006333-4tsbm,8755ad45-8ff2-47ee-9f0d-54f49b6f24c8,1,6621.567164
2026/02/05/01:09:54,running-time,rs-006333-4tsbm,8755ad45-8ff2-47ee-9f0d-54f49b6f24c8,1,6621.567164
2026/02/05/01:09:54,running-time,rs-006334-c8tk9,722a607e-703d-4033-8406-11c102225c62,1,6621.567164
2026/02/05/01:09:54,apply-time,rs-006335-wdlpn,997a5ef5-f517-4152-99c5-0a675f7b14e4,1,6621.567164
2026/02/05/01:09:54,running-time,rs-006335-wdlpn,997a5ef5-f517-4152-99c5-0a675f7b14e4,1,6621.567164
2026/02/05/01:09:54,apply-time,rs-006335-z89j4,75234c58-e606-4e35-9241-e97e49af0cd5,1,6621.567164
2026/02/05/01:09:54,running-time,rs-006335-z89j4,75234c58-e606-4e35-9241-e97e49af0cd5,1,6621.567164
2026/02/05/01:10:01,apply-time,rs-006336-2pfss,c0a3d4a2-e254-4281-bc3e-7ed3c3d6ad33,1,6628.567164
2026/02/05/01:10:01,running-time,rs-006336-2pfss,c0a3d4a2-e254-4281-bc3e-7ed3c3d6ad33,1,6628.567164
2026/02/05/01:10:01,apply-time,rs-006337-r2jtp,eb9792f1-c47c-41c7-a869-1711a32856ac,1,6628.567164
2026/02/05/01:10:01,running-time,rs-006337-r2jtp,eb9792f1-c47c-41c7-a869-1711a32856ac,1,6628.567164
2026/02/05/01:10:01,apply-time,rs-006337-slqfr,d98e2035-4a6e-42c3-9f4c-2135aa133a43,1,6628.567164
2026/02/05/01:10:01,running-time,rs-006337-slqfr,d98e2035-4a6e-42c3-9f4c-2135aa133a43,1,6628.567164
2026/02/05/01:10:01,apply-time,rs-006337-z5sdb,8179b64c-44d1-4929-82f7-b01c3f77c87b,1,6628.567164
2026/02/05/01:10:01,running-time,rs-006337-z5sdb,8179b64c-44d1-4929-82f7-b01c3f77c87b,1,6628.567164
2026/02/05/01:10:01,apply-time,rs-006338-ms6bk,8d23b480-2437-494c-94aa-8b8d57d5b902,1,6628.567164
2026/02/05/01:10:01,running-time,rs-006338-ms6bk,8d23b480-2437-494c-94aa-8b8d57d5b902,1,6628.567164
2026/02/05/01:10:01,apply-time,rs-006338-v952q,60b8766e-9552-41e9-8e28-51da19005165,1,6628.567164
2026/02/05/01:10:01,running-time,rs-006338-v952q,60b8766e-9552-41e9-8e28-51da19005165,1,6628.567164
2026/02/05/01:10:01,apply-time,rs-006338-vnrwr,a45bca0f-6d0c-4c43-85d0-ed93b95905c4,1,6628.567164
2026/02/05/01:10:01,running-time,rs-006338-vnrwr,a45bca0f-6d0c-4c43-85d0-ed93b95905c4,1,6628.567164
2026/02/05/01:10:04,apply-time,rs-006339-gclrv,54221574-fc3c-470a-a2af-3b02df0d5a1d,1,6631.567164
2026/02/05/01:10:04,running-time,rs-006339-gclrv,54221574-fc3c-470a-a2af-3b02df0d5a1d,1,6631.567164
2026/02/05/01:10:04,apply-time,rs-006339-wgjzm,0e542542-40f0-4896-9b10-82ecfa123ec3,1,6631.567164
2026/02/05/01:10:04,running-time,rs-006339-wgjzm,0e542542-40f0-4896-9b10-82ecfa123ec3,1,6631.567164
2026/02/05/01:10:07,apply-time,rs-006340-gj7hz,ab080315-edf8-43e9-a767-e12132c7f873,1,6634.567164
2026/02/05/01:10:07,running-time,rs-006340-gj7hz,ab080315-edf8-43e9-a767-e12132c7f873,1,6634.567164
2026/02/05/01:10:07,apply-time,rs-006340-hbxkj,05147d03-3c81-4d6d-9e78-4732765fc562,1,6634.567164
2026/02/05/01:10:07,running-time,rs-006340-hbxkj,05147d03-3c81-4d6d-9e78-4732765fc562,1,6634.567164
2026/02/05/01:10:07,apply-time,rs-006340-pdk74,6dddec79-b648-4ade-97f7-cf124d7b0e76,1,6634.567164
2026/02/05/01:10:07,running-time,rs-006340-pdk74,6dddec79-b648-4ade-97f7-cf124d7b0e76,1,6634.567164
2026/02/05/01:10:07,apply-time,rs-006341-qtb7p,d025f785-738c-4caf-96a0-60e28e4cf320,1,6634.567164
2026/02/05/01:10:07,running-time,rs-006341-qtb7p,d025f785-738c-4caf-96a0-60e28e4cf320,1,6634.567164
2026/02/05/01:10:16,apply-time,rs-006342-2rh7h,f03a5fe1-58bf-4d4a-a30c-f4f7ebe8af9f,1,6643.567164
2026/02/05/01:10:16,running-time,rs-006342-2rh7h,f03a5fe1-58bf-4d4a-a30c-f4f7ebe8af9f,1,6643.567164
2026/02/05/01:10:16,apply-time,rs-006342-rrhjm,5cf848b2-4f58-4908-83ce-5530ba44fb52,1,6643.567164
2026/02/05/01:10:16,running-time,rs-006342-rrhjm,5cf848b2-4f58-4908-83ce-5530ba44fb52,1,6643.567164
2026/02/05/01:10:16,apply-time,rs-006343-trzg6,be5d690b-3826-41c0-a485-9359bf0ef7a4,1,6643.567164
2026/02/05/01:10:16,running-time,rs-006343-trzg6,be5d690b-3826-41c0-a485-9359bf0ef7a4,1,6643.567164
2026/02/05/01:10:16,apply-time,rs-006344-g82wx,a30f97d4-0281-4060-882b-8bced55313c7,1,6643.567164
2026/02/05/01:10:16,running-time,rs-006344-g82wx,a30f97d4-0281-4060-882b-8bced55313c7,1,6643.567164
2026/02/05/01:10:16,apply-time,rs-006344-mh2rz,343fa34c-7109-4b3b-9dc6-a6b1ebf4e5f1,1,6643.567164
2026/02/05/01:10:16,running-time,rs-006344-mh2rz,343fa34c-7109-4b3b-9dc6-a6b1ebf4e5f1,1,6643.567164
2026/02/05/01:10:16,apply-time,rs-006344-xv6w5,fdb246cf-55bf-4f72-b91e-1e05b0a06a91,1,6643.567164
2026/02/05/01:10:16,running-time,rs-006344-xv6w5,fdb246cf-55bf-4f72-b91e-1e05b0a06a91,1,6643.567164
2026/02/05/01:10:16,apply-time,rs-006345-9lrws,35fe9060-ff33-4cb9-b7a3-0cb478f63532,1,6643.567164
2026/02/05/01:10:16,running-time,rs-006345-9lrws,35fe9060-ff33-4cb9-b7a3-0cb478f63532,1,6643.567164
2026/02/05/01:10:16,apply-time,rs-006346-5c2wk,0e45ad25-77b5-4922-a807-f72acf1d0f06,1,6643.567164
2026/02/05/01:10:16,running-time,rs-006346-5c2wk,0e45ad25-77b5-4922-a807-f72acf1d0f06,1,6643.567164
2026/02/05/01:10:16,apply-time,rs-006346-8fq8g,81282bfb-5a79-4337-ba97-88e7a33daad0,1,6643.567164
2026/02/05/01:10:16,running-time,rs-006346-8fq8g,81282bfb-5a79-4337-ba97-88e7a33daad0,1,6643.567164
2026/02/05/01:10:16,apply-time,rs-006346-n89s2,c270dd61-02fd-482e-9d42-227f09bd186e,1,6643.567164
2026/02/05/01:10:16,running-time,rs-006346-n89s2,c270dd61-02fd-482e-9d42-227f09bd186e,1,6643.567164
2026/02/05/01:10:16,apply-time,rs-006347-22xjc,86a774d5-f7cd-48f7-8bb0-84d31d36d68c,1,6643.567164
2026/02/05/01:10:16,running-time,rs-006347-22xjc,86a774d5-f7cd-48f7-8bb0-84d31d36d68c,1,6643.567164
2026/02/05/01:10:16,apply-time,rs-006347-b7ps6,e05d99b6-56da-498b-a8a9-a6f695af1fda,1,6643.567164
2026/02/05/01:10:16,running-time,rs-006347-b7ps6,e05d99b6-56da-498b-a8a9-a6f695af1fda,1,6643.567164
2026/02/05/01:10:16,apply-time,rs-006347-mc2jm,5af4454e-0523-45cb-97d0-787994769b71,1,6643.567164
2026/02/05/01:10:16,running-time,rs-006347-mc2jm,5af4454e-0523-45cb-97d0-787994769b71,1,6643.567164
2026/02/05/01:10:16,apply-time,rs-006348-987tg,6305d61b-ef86-4dd5-9848-0c7769a09b24,1,6643.567164
2026/02/05/01:10:16,apply-time,rs-006349-mns4l,a039337c-3ca4-4d7b-b8d4-e50acd0f61c8,1,6643.567164
2026/02/05/01:10:16,running-time,rs-006349-mns4l,a039337c-3ca4-4d7b-b8d4-e50acd0f61c8,1,6643.567164
2026/02/05/01:10:17,apply-time,rs-006349-cj5tm,ee768bc7-35b0-4dc1-b042-46e64f6ed298,1,6644.567164
2026/02/05/01:10:17,running-time,rs-006349-cj5tm,ee768bc7-35b0-4dc1-b042-46e64f6ed298,1,6644.567164
2026/02/05/01:10:17,apply-time,rs-006349-ms7lf,180b3f44-6d5f-4e24-bbee-2ada55e3f338,1,6644.567164
2026/02/05/01:10:17,running-time,rs-006349-ms7lf,180b3f44-6d5f-4e24-bbee-2ada55e3f338,1,6644.567164
2026/02/05/01:10:17,apply-time,rs-006350-89t8h,f9011725-bfe9-42e5-bcc5-2452a99afad1,1,6644.567164
2026/02/05/01:10:17,apply-time,rs-006350-lrmzg,da344c27-e02b-448d-bf26-9e4b8fe1bcf0,1,6644.567164
2026/02/05/01:10:17,apply-time,rs-006351-mp985,787a4aeb-f933-4be3-af3b-43f5bd5f5d83,1,6644.567164
2026/02/05/01:10:17,apply-time,rs-006351-mz947,89ea1243-f4cb-45cd-aa48-f3af9b78330e,1,6644.567164
2026/02/05/01:10:17,apply-time,rs-006351-r5bbb,cfc0edeb-5702-4b89-807a-c4c65294a32d,1,6644.567164
2026/02/05/01:10:18,running-time,rs-006350-89t8h,f9011725-bfe9-42e5-bcc5-2452a99afad1,1,6645.567164
2026/02/05/01:10:18,apply-time,rs-006352-29t6q,4110a87f-f164-4b51-b3cf-f11727761257,1,6645.567164
2026/02/05/01:10:18,running-time,rs-006352-29t6q,4110a87f-f164-4b51-b3cf-f11727761257,1,6645.567164
2026/02/05/01:10:18,apply-time,rs-006352-xqr6l,55e8a367-2e2e-4612-8fc2-64127f8be81b,1,6645.567164
2026/02/05/01:10:18,running-time,rs-006352-xqr6l,55e8a367-2e2e-4612-8fc2-64127f8be81b,1,6645.567164
2026/02/05/01:10:19,apply-time,rs-006353-rw4vh,1bddf5f8-9136-45fa-9ada-41f79c18a9eb,1,6646.567164
2026/02/05/01:10:19,apply-time,rs-006354-wglfm,d2a95ca6-5412-44c5-84d0-f53db08626e6,1,6646.567164
2026/02/05/01:10:19,running-time,rs-006354-wglfm,d2a95ca6-5412-44c5-84d0-f53db08626e6,1,6646.567164
2026/02/05/01:10:19,apply-time,rs-006354-xn754,e4aa9906-6309-431a-89bb-606e8e7806fe,1,6646.567164
2026/02/05/01:10:19,running-time,rs-006354-xn754,e4aa9906-6309-431a-89bb-606e8e7806fe,1,6646.567164
2026/02/05/01:10:19,apply-time,rs-006355-225mw,4811a750-bc26-4b64-8ca8-71d2ecddc489,1,6646.567164
2026/02/05/01:10:19,apply-time,rs-006355-v7k9c,bfb3252a-def1-402f-91ea-866e73762b5a,1,6646.567164
2026/02/05/01:10:19,apply-time,rs-006356-xchjq,c7b7ed1f-9eae-4458-8ef5-5878d1367b17,1,6646.567164
2026/02/05/01:10:19,running-time,rs-006356-xchjq,c7b7ed1f-9eae-4458-8ef5-5878d1367b17,1,6646.567164
2026/02/05/01:10:19,apply-time,rs-006357-bzbns,8f7ac991-6c84-4069-867a-679f8e622430,1,6646.567164
2026/02/05/01:10:19,running-time,rs-006357-bzbns,8f7ac991-6c84-4069-867a-679f8e622430,1,6646.567164
2026/02/05/01:10:19,apply-time,rs-006357-hcxt8,0e060667-54ce-412e-a157-2ef88fdf21b6,1,6646.567164
2026/02/05/01:10:19,running-time,rs-006357-hcxt8,0e060667-54ce-412e-a157-2ef88fdf21b6,1,6646.567164
2026/02/05/01:10:19,apply-time,rs-006357-zsjrh,08b9e093-cf0e-4bff-988c-c3b3848f7f6e,1,6646.567164
2026/02/05/01:10:19,running-time,rs-006357-zsjrh,08b9e093-cf0e-4bff-988c-c3b3848f7f6e,1,6646.567164
2026/02/05/01:10:19,apply-time,rs-006358-jc9xs,2ba16133-d919-46d0-aa5c-b6a54e53fffb,1,6646.567164
2026/02/05/01:10:19,running-time,rs-006358-jc9xs,2ba16133-d919-46d0-aa5c-b6a54e53fffb,1,6646.567164
2026/02/05/01:10:20,apply-time,rs-006358-k2hh6,7f9b1b46-9119-4273-941b-348d7562ed6b,1,6647.567164
2026/02/05/01:10:20,running-time,rs-006358-k2hh6,7f9b1b46-9119-4273-941b-348d7562ed6b,1,6647.567164
2026/02/05/01:10:20,apply-time,rs-006358-wbxvd,892435fb-f223-4332-aee5-ad88d224e821,1,6647.567164
2026/02/05/01:10:20,running-time,rs-006358-wbxvd,892435fb-f223-4332-aee5-ad88d224e821,1,6647.567164
2026/02/05/01:10:21,running-time,rs-006353-rw4vh,1bddf5f8-9136-45fa-9ada-41f79c18a9eb,1,6648.567164
2026/02/05/01:10:21,running-time,rs-006355-225mw,4811a750-bc26-4b64-8ca8-71d2ecddc489,1,6648.567164
2026/02/05/01:10:23,apply-time,rs-006359-crtgb,04a61f03-1e64-498d-88f2-db7ab69d8f77,1,6650.567164
2026/02/05/01:10:23,running-time,rs-006359-crtgb,04a61f03-1e64-498d-88f2-db7ab69d8f77,1,6650.567164
2026/02/05/01:10:23,apply-time,rs-006360-9nwnv,5d552b1e-a0f8-43e6-94da-3f54ecdcd095,1,6650.567164
2026/02/05/01:10:23,running-time,rs-006360-9nwnv,5d552b1e-a0f8-43e6-94da-3f54ecdcd095,1,6650.567164
2026/02/05/01:10:23,apply-time,rs-006360-qbmz8,a415e2a7-d1de-4a8a-9de6-aa7c7424cf87,1,6650.567164
2026/02/05/01:10:23,running-time,rs-006360-qbmz8,a415e2a7-d1de-4a8a-9de6-aa7c7424cf87,1,6650.567164
2026/02/05/01:10:23,apply-time,rs-006361-6d7jd,7421bd6e-aba5-4032-af80-13e98fed9085,1,6650.567164
2026/02/05/01:10:23,running-time,rs-006361-6d7jd,7421bd6e-aba5-4032-af80-13e98fed9085,1,6650.567164
2026/02/05/01:10:23,apply-time,rs-006361-7b79s,cf732f84-9e39-41b2-a1c0-d4f8401f967f,1,6650.567164
2026/02/05/01:10:23,running-time,rs-006361-7b79s,cf732f84-9e39-41b2-a1c0-d4f8401f967f,1,6650.567164
2026/02/05/01:10:23,apply-time,rs-006361-nz2x8,d4f668db-8f0f-4cd1-8e00-a68cbcec9030,1,6650.567164
2026/02/05/01:10:23,running-time,rs-006361-nz2x8,d4f668db-8f0f-4cd1-8e00-a68cbcec9030,1,6650.567164
2026/02/05/01:10:23,apply-time,rs-006362-hptmj,d937bfd2-6acf-4b87-a027-f1eaa1023bc2,1,6650.567164
2026/02/05/01:10:23,running-time,rs-006362-hptmj,d937bfd2-6acf-4b87-a027-f1eaa1023bc2,1,6650.567164
2026/02/05/01:10:23,apply-time,rs-006362-kdk92,b65daac3-64ea-4859-8660-0edae57018ce,1,6650.567164
2026/02/05/01:10:23,running-time,rs-006362-kdk92,b65daac3-64ea-4859-8660-0edae57018ce,1,6650.567164
2026/02/05/01:10:23,apply-time,rs-006363-9zw7f,b915889e-e390-4de5-a0d4-f8d32e1c577c,1,6650.567164
2026/02/05/01:10:23,running-time,rs-006363-9zw7f,b915889e-e390-4de5-a0d4-f8d32e1c577c,1,6650.567164
2026/02/05/01:10:23,apply-time,rs-006363-lvm7s,a33f4f91-59b5-4a0c-b10b-c3f9fca9adb0,1,6650.567164
2026/02/05/01:10:23,running-time,rs-006363-lvm7s,a33f4f91-59b5-4a0c-b10b-c3f9fca9adb0,1,6650.567164
2026/02/05/01:10:23,apply-time,rs-006363-rrqqz,2182fd34-797b-4e2b-acd4-30dff29553ad,1,6650.567164
2026/02/05/01:10:23,running-time,rs-006363-rrqqz,2182fd34-797b-4e2b-acd4-30dff29553ad,1,6650.567164
2026/02/05/01:10:23,apply-time,rs-006364-6l57v,e6ff1953-ef69-434e-965b-aaf8811e9c1a,1,6650.567164
2026/02/05/01:10:23,apply-time,rs-006364-tq9c4,b0905ca4-7bdc-498c-9e49-96fad403d975,1,6650.567164
2026/02/05/01:10:23,running-time,rs-006364-tq9c4,b0905ca4-7bdc-498c-9e49-96fad403d975,1,6650.567164
2026/02/05/01:10:23,apply-time,rs-006365-pxn58,265ea901-b353-4ecb-8f38-d86ac74af486,1,6650.567164
2026/02/05/01:10:23,running-time,rs-006365-pxn58,265ea901-b353-4ecb-8f38-d86ac74af486,1,6650.567164
2026/02/05/01:10:23,apply-time,rs-006366-ggwzt,e7f2fb87-2911-4640-9991-675b1bdb108f,1,6650.567164
2026/02/05/01:10:23,running-time,rs-006366-ggwzt,e7f2fb87-2911-4640-9991-675b1bdb108f,1,6650.567164
2026/02/05/01:10:23,apply-time,rs-006367-b4hnr,375eed8d-ac99-4db1-a01b-bb0d10adeaeb,1,6650.567164
2026/02/05/01:10:23,apply-time,rs-006367-lbszl,0172ad6b-14d3-44cb-8491-93554bca175a,1,6650.567164
2026/02/05/01:10:23,apply-time,rs-006367-xrzwv,fdd895ad-d45c-4d49-ba8a-1bf3bfe8d03e,1,6650.567164
2026/02/05/01:10:23,running-time,rs-006367-xrzwv,fdd895ad-d45c-4d49-ba8a-1bf3bfe8d03e,1,6650.567164
2026/02/05/01:10:23,apply-time,rs-006368-85bgm,872d0213-6953-4983-8000-04b5318ab79b,1,6650.567164
2026/02/05/01:10:23,running-time,rs-006368-85bgm,872d0213-6953-4983-8000-04b5318ab79b,1,6650.567164
2026/02/05/01:10:24,apply-time,rs-006366-vlcnb,c07c4022-b521-4aac-a364-7188899158e7,1,6651.567164
2026/02/05/01:10:24,running-time,rs-006366-vlcnb,c07c4022-b521-4aac-a364-7188899158e7,1,6651.567164
2026/02/05/01:10:24,apply-time,rs-006369-7wg2v,bc9e7d6a-e38c-4820-a60c-927dbd491240,1,6651.567164
2026/02/05/01:10:24,running-time,rs-006369-7wg2v,bc9e7d6a-e38c-4820-a60c-927dbd491240,1,6651.567164
2026/02/05/01:10:24,apply-time,rs-006369-jxdvb,b3a49bf5-ea08-440e-9880-f4e83a9eac8b,1,6651.567164
2026/02/05/01:10:24,running-time,rs-006369-jxdvb,b3a49bf5-ea08-440e-9880-f4e83a9eac8b,1,6651.567164
2026/02/05/01:10:24,apply-time,rs-006370-5mrdz,adfd30fa-bb40-4ea4-8989-ee82830fa3a2,1,6651.567164
2026/02/05/01:10:24,apply-time,rs-006370-bwdkn,2afe7b6f-915b-402e-bad8-afd66cc8dd1e,1,6651.567164
2026/02/05/01:10:24,apply-time,rs-006370-f5zbs,88e4228e-859f-4521-ad8e-8e8c21aec01c,1,6651.567164
2026/02/05/01:10:24,apply-time,rs-006371-dr6h2,b48e53be-9153-48f6-9a96-f219b685e3a5,1,6651.567164
2026/02/05/01:10:24,running-time,rs-006371-dr6h2,b48e53be-9153-48f6-9a96-f219b685e3a5,1,6651.567164
2026/02/05/01:10:24,apply-time,rs-006372-gjkmt,82fe0676-c86b-46af-88d6-82ad1f781676,1,6651.567164
2026/02/05/01:10:24,apply-time,rs-006372-rf2dg,cf9d7f85-5f79-4078-b9bd-80a2f2f9ff2c,1,6651.567164
2026/02/05/01:10:24,apply-time,rs-006373-vz7n6,741b05ed-0dc7-4254-8d47-f235ed63e3cb,1,6651.567164
2026/02/05/01:10:25,running-time,rs-006372-gjkmt,82fe0676-c86b-46af-88d6-82ad1f781676,1,6652.567164
2026/02/05/01:10:25,running-time,rs-006373-vz7n6,741b05ed-0dc7-4254-8d47-f235ed63e3cb,1,6652.567164
2026/02/05/01:10:26,running-time,rs-006372-rf2dg,cf9d7f85-5f79-4078-b9bd-80a2f2f9ff2c,1,6653.567164
2026/02/05/01:10:27,running-time,rs-006367-b4hnr,375eed8d-ac99-4db1-a01b-bb0d10adeaeb,1,6654.567164
2026/02/05/01:10:27,apply-time,rs-006377-vwslm,50b78223-7f0c-44fc-8f93-2a43c4ec57b5,1,6654.567164
2026/02/05/01:10:27,apply-time,rs-006378-hmrqv,08a28192-29e3-41fa-a5fb-0c95720d2897,1,6654.567164
2026/02/05/01:10:27,running-time,rs-006378-hmrqv,08a28192-29e3-41fa-a5fb-0c95720d2897,1,6654.567164
2026/02/05/01:10:27,apply-time,rs-006378-hnv67,7cb27a21-e03b-41fa-8cd3-7d9158122ae1,1,6654.567164
2026/02/05/01:10:27,running-time,rs-006378-hnv67,7cb27a21-e03b-41fa-8cd3-7d9158122ae1,1,6654.567164
2026/02/05/01:10:27,apply-time,rs-006378-z8msz,7e128eaf-56cd-46b8-b5f3-e504def45bb4,1,6654.567164
2026/02/05/01:10:27,running-time,rs-006378-z8msz,7e128eaf-56cd-46b8-b5f3-e504def45bb4,1,6654.567164
2026/02/05/01:10:27,apply-time,rs-006379-cxsv4,63859fc4-7279-42b6-94d8-ccd03200e2c1,1,6654.567164
2026/02/05/01:10:27,running-time,rs-006379-cxsv4,63859fc4-7279-42b6-94d8-ccd03200e2c1,1,6654.567164
2026/02/05/01:10:28,running-time,rs-006367-lbszl,0172ad6b-14d3-44cb-8491-93554bca175a,1,6655.567164
2026/02/05/01:10:31,running-time,rs-006364-6l57v,e6ff1953-ef69-434e-965b-aaf8811e9c1a,1,6658.567164
2026/02/05/01:10:33,apply-time,rs-006380-l2gz6,2b8baa1d-1d8c-4616-9c4f-bcf28d297268,1,6660.567164
2026/02/05/01:10:33,running-time,rs-006380-l2gz6,2b8baa1d-1d8c-4616-9c4f-bcf28d297268,1,6660.567164
2026/02/05/01:10:33,apply-time,rs-006381-6pqfn,04db540c-1fc2-4885-af05-9972e2a8dd9b,1,6660.567164
2026/02/05/01:10:33,running-time,rs-006381-6pqfn,04db540c-1fc2-4885-af05-9972e2a8dd9b,1,6660.567164
2026/02/05/01:10:33,apply-time,rs-006381-7qrl7,4d7470ec-2a73-4573-ad0e-66b93bb19443,1,6660.567164
2026/02/05/01:10:33,running-time,rs-006381-7qrl7,4d7470ec-2a73-4573-ad0e-66b93bb19443,1,6660.567164
2026/02/05/01:10:33,apply-time,rs-006382-75g58,80127dad-9873-4f0c-8dda-4c119909753e,1,6660.567164
2026/02/05/01:10:33,running-time,rs-006382-75g58,80127dad-9873-4f0c-8dda-4c119909753e,1,6660.567164
2026/02/05/01:10:33,apply-time,rs-006382-lbf24,273c7645-9768-4e2d-97bd-d4d348860fbe,1,6660.567164
2026/02/05/01:10:33,running-time,rs-006382-lbf24,273c7645-9768-4e2d-97bd-d4d348860fbe,1,6660.567164
2026/02/05/01:10:33,apply-time,rs-006383-6h88c,94cc3c0b-812b-4f05-b680-59ee752ac3bc,1,6660.567164
2026/02/05/01:10:33,apply-time,rs-006383-d259l,ec4eeb53-94ec-4fe5-8ca3-5e54a4e66fa0,1,6660.567164
2026/02/05/01:10:33,running-time,rs-006383-d259l,ec4eeb53-94ec-4fe5-8ca3-5e54a4e66fa0,1,6660.567164
2026/02/05/01:10:33,apply-time,rs-006383-lrd4v,48d649df-4487-4de1-b63c-8a8a6c4ba092,1,6660.567164
2026/02/05/01:10:33,running-time,rs-006383-lrd4v,48d649df-4487-4de1-b63c-8a8a6c4ba092,1,6660.567164
2026/02/05/01:10:33,apply-time,rs-006384-gwjdq,a07be302-32f7-4d38-a79d-ff7d9fc0a98c,1,6660.567164
2026/02/05/01:10:33,running-time,rs-006384-gwjdq,a07be302-32f7-4d38-a79d-ff7d9fc0a98c,1,6660.567164
2026/02/05/01:10:33,apply-time,rs-006384-k5dcb,5207290d-f8dc-4b4d-b5c5-d23f5e84efb8,1,6660.567164
2026/02/05/01:10:33,running-time,rs-006384-k5dcb,5207290d-f8dc-4b4d-b5c5-d23f5e84efb8,1,6660.567164
2026/02/05/01:10:33,apply-time,rs-006384-w8frn,d3d1bb47-a4a2-4a10-8ae6-b56ad959eac2,1,6660.567164
2026/02/05/01:10:33,running-time,rs-006384-w8frn,d3d1bb47-a4a2-4a10-8ae6-b56ad959eac2,1,6660.567164
2026/02/05/01:10:34,apply-time,rs-006385-hdzks,b6c6dd43-70cc-4b98-9255-c7d095d4711d,1,6661.567164
2026/02/05/01:10:34,apply-time,rs-006385-s8pcx,7b986c1e-4038-485c-be9d-290c20c86f10,1,6661.567164
2026/02/05/01:10:34,apply-time,rs-006386-zt7fq,18a36498-1086-442a-aecf-3af66b120ce9,1,6661.567164
2026/02/05/01:10:34,running-time,rs-006386-zt7fq,18a36498-1086-442a-aecf-3af66b120ce9,1,6661.567164
2026/02/05/01:10:34,apply-time,rs-006387-h2qnj,af1bad43-b989-4cf8-888c-2a0b7910559b,1,6661.567164
2026/02/05/01:10:34,apply-time,rs-006387-lwj74,5d7e12c1-6c5d-42a2-a659-ccc3b64c4d82,1,6661.567164
2026/02/05/01:10:34,running-time,rs-006387-lwj74,5d7e12c1-6c5d-42a2-a659-ccc3b64c4d82,1,6661.567164
2026/02/05/01:10:34,apply-time,rs-006388-nrbdm,16da730a-37f8-4e77-a5e3-4b77cedfc3a9,1,6662.567164
2026/02/05/01:10:35,running-time,rs-006387-h2qnj,af1bad43-b989-4cf8-888c-2a0b7910559b,1,6662.567164
2026/02/05/01:10:35,apply-time,rs-006389-9zc5x,59ceb436-82e8-4732-a68b-4da4404e2294,1,6662.567164
2026/02/05/01:10:35,running-time,rs-006389-9zc5x,59ceb436-82e8-4732-a68b-4da4404e2294,1,6662.567164
2026/02/05/01:10:35,apply-time,rs-006389-nhvcg,eb8e3d42-dc1c-4680-9f1d-9b572ac046df,1,6662.567164
2026/02/05/01:10:35,apply-time,rs-006389-wxp4b,4250588c-b719-4a93-9064-f8224d485fbc,1,6662.567164
2026/02/05/01:10:35,apply-time,rs-006390-jjksb,b4a5e886-2eaf-49ce-a5f5-5d352e33ff5e,1,6662.567164
2026/02/05/01:10:35,apply-time,rs-006390-k2jdw,38b9df8c-c1ca-4d81-addd-59307095a973,1,6662.567164
2026/02/05/01:10:35,apply-time,rs-006390-pfls2,eccccf95-0182-4b72-9d8c-46e275654712,1,6662.567164
2026/02/05/01:10:35,apply-time,rs-006391-nd96m,99abf004-d806-4365-8f3b-3bb4017daddf,1,6662.567164
2026/02/05/01:10:35,running-time,rs-006391-nd96m,99abf004-d806-4365-8f3b-3bb4017daddf,1,6662.567164
2026/02/05/01:10:35,apply-time,rs-006392-52t5v,d075a146-9717-4a5a-a0de-821ec495b0de,1,6662.567164
2026/02/05/01:10:35,running-time,rs-006392-52t5v,d075a146-9717-4a5a-a0de-821ec495b0de,1,6662.567164
2026/02/05/01:10:35,apply-time,rs-006392-j4vl5,d99f3e84-4fae-49af-a99b-b2cd4499ae2f,1,6662.567164
2026/02/05/01:10:35,apply-time,rs-006393-jblwv,e7a3f536-9a48-4ec2-9f18-9d8a54942880,1,6662.567164
2026/02/05/01:10:36,running-time,rs-006389-nhvcg,eb8e3d42-dc1c-4680-9f1d-9b572ac046df,1,6664.567164
2026/02/05/01:10:36,running-time,rs-006390-pfls2,eccccf95-0182-4b72-9d8c-46e275654712,1,6663.567164
2026/02/05/01:10:36,apply-time,rs-006394-hjc5v,44ee5412-1899-458f-9ae3-3522186ab99d,1,6663.567164
2026/02/05/01:10:36,apply-time,rs-006394-ndzvq,32c64b83-1993-4967-bf94-d06933e007e7,1,6663.567164
2026/02/05/01:10:36,apply-time,rs-006394-zc4wj,99e0e857-7ba1-4efd-93f1-c7ce4d7fb448,1,6663.567164
2026/02/05/01:10:37,running-time,rs-006389-wxp4b,4250588c-b719-4a93-9064-f8224d485fbc,1,6664.567164
2026/02/05/01:10:38,running-time,rs-006392-j4vl5,d99f3e84-4fae-49af-a99b-b2cd4499ae2f,1,6665.567164
2026/02/05/01:10:41,running-time,rs-006383-6h88c,94cc3c0b-812b-4f05-b680-59ee752ac3bc,1,6668.567164
2026/02/05/01:10:41,running-time,rs-006390-jjksb,b4a5e886-2eaf-49ce-a5f5-5d352e33ff5e,1,6668.567164
2026/02/05/01:10:43,running-time,rs-006390-k2jdw,38b9df8c-c1ca-4d81-addd-59307095a973,1,6670.567164
2026/02/05/01:10:46,apply-time,rs-006395-dlwt8,804e2e79-21ed-4312-bbbb-399ebad5e48b,1,6673.567164
2026/02/05/01:10:46,running-time,rs-006395-dlwt8,804e2e79-21ed-4312-bbbb-399ebad5e48b,1,6673.567164
2026/02/05/01:10:46,apply-time,rs-006395-t8kmx,39325acc-80eb-49db-b2b0-cf63dd3e33c7,1,6673.567164
2026/02/05/01:10:46,running-time,rs-006395-t8kmx,39325acc-80eb-49db-b2b0-cf63dd3e33c7,1,6673.567164
2026/02/05/01:10:46,apply-time,rs-006395-xqvkn,e12884fd-b73c-4141-b404-3614e81ecbe0,1,6673.567164
2026/02/05/01:10:46,running-time,rs-006395-xqvkn,e12884fd-b73c-4141-b404-3614e81ecbe0,1,6673.567164
2026/02/05/01:10:46,apply-time,rs-006396-9jf8d,c620aa43-5ab5-4033-a98d-8fc25e34d2bb,1,6673.567164
2026/02/05/01:10:46,running-time,rs-006396-9jf8d,c620aa43-5ab5-4033-a98d-8fc25e34d2bb,1,6673.567164
2026/02/05/01:10:46,apply-time,rs-006396-bc67m,9c0a39a1-f32b-4dd3-8e8a-18aa2900fd49,1,6673.567164
2026/02/05/01:10:46,running-time,rs-006396-bc67m,9c0a39a1-f32b-4dd3-8e8a-18aa2900fd49,1,6673.567164
2026/02/05/01:10:46,apply-time,rs-006396-trfqj,c9c33dd9-685b-4143-8986-fc89bf6ab98a,1,6673.567164
2026/02/05/01:10:46,running-time,rs-006396-trfqj,c9c33dd9-685b-4143-8986-fc89bf6ab98a,1,6673.567164
2026/02/05/01:10:46,apply-time,rs-006397-69rd6,c8830e12-6a69-41ce-96cc-3161d92f5514,1,6673.567164
2026/02/05/01:10:46,running-time,rs-006397-69rd6,c8830e12-6a69-41ce-96cc-3161d92f5514,1,6673.567164
2026/02/05/01:10:46,apply-time,rs-006398-x7kzj,96b7642c-56ca-4878-87c6-01a15ca50070,1,6673.567164
2026/02/05/01:10:46,running-time,rs-006398-x7kzj,96b7642c-56ca-4878-87c6-01a15ca50070,1,6674.567164
2026/02/05/01:10:48,apply-time,rs-006399-r8mhg,a7801432-fc79-4bc6-804b-fabc2a7a8f57,1,6675.567164
2026/02/05/01:10:48,running-time,rs-006399-r8mhg,a7801432-fc79-4bc6-804b-fabc2a7a8f57,1,6675.567164
2026/02/05/01:10:48,apply-time,rs-006400-tmb52,7bbed5a9-e196-4e58-b349-a5df866fb040,1,6675.567164
2026/02/05/01:10:48,running-time,rs-006400-tmb52,7bbed5a9-e196-4e58-b349-a5df866fb040,1,6675.567164
2026/02/05/01:10:48,apply-time,rs-006401-g257z,bf2890fe-25e0-4456-b906-a2db91460510,1,6675.567164
2026/02/05/01:10:48,running-time,rs-006401-g257z,bf2890fe-25e0-4456-b906-a2db91460510,1,6675.567164
2026/02/05/01:10:48,apply-time,rs-006402-dlkgb,13740144-5a45-46b6-846c-df798f5eb5bc,1,6675.567164
2026/02/05/01:10:48,running-time,rs-006402-dlkgb,13740144-5a45-46b6-846c-df798f5eb5bc,1,6675.567164
2026/02/05/01:10:48,apply-time,rs-006402-hxtcs,a8366bc6-6947-439e-be04-7edffd31572f,1,6675.567164
2026/02/05/01:10:48,running-time,rs-006402-hxtcs,a8366bc6-6947-439e-be04-7edffd31572f,1,6675.567164
2026/02/05/01:10:48,apply-time,rs-006402-wdwkm,b4a38495-ed9f-4a59-9f45-1aff625dacb7,1,6675.567164
2026/02/05/01:10:48,running-time,rs-006402-wdwkm,b4a38495-ed9f-4a59-9f45-1aff625dacb7,1,6675.567164
2026/02/05/01:10:48,apply-time,rs-006403-8jjcs,81f71929-fab5-4065-86a6-7408c9bddcd9,1,6675.567164
2026/02/05/01:10:48,apply-time,rs-006404-4w8cv,03d4a42e-313a-475f-88ff-2aa23d0d54dc,1,6675.567164
2026/02/05/01:10:48,running-time,rs-006404-4w8cv,03d4a42e-313a-475f-88ff-2aa23d0d54dc,1,6675.567164
2026/02/05/01:10:48,apply-time,rs-006404-dsmzv,284c973b-0d97-4fba-9d43-1b557850683b,1,6676.567164
2026/02/05/01:10:48,running-time,rs-006404-dsmzv,284c973b-0d97-4fba-9d43-1b557850683b,1,6676.567164
2026/02/05/01:10:48,apply-time,rs-006404-kjpr9,36c05d76-c573-41ba-9b25-3b89f0007737,1,6675.567164
2026/02/05/01:10:48,running-time,rs-006404-kjpr9,36c05d76-c573-41ba-9b25-3b89f0007737,1,6675.567164
2026/02/05/01:10:49,apply-time,rs-006405-5jfhz,0f38923e-d675-45cd-893a-178f57451ccf,1,6676.567164
2026/02/05/01:10:49,running-time,rs-006405-5jfhz,0f38923e-d675-45cd-893a-178f57451ccf,1,6676.567164
2026/02/05/01:10:49,apply-time,rs-006405-6mdd5,b6ffc958-d07a-44b3-80e6-5ddc7730d3da,1,6676.567164
2026/02/05/01:10:49,running-time,rs-006405-6mdd5,b6ffc958-d07a-44b3-80e6-5ddc7730d3da,1,6676.567164
2026/02/05/01:10:49,apply-time,rs-006405-jj7tx,2bd9ca3b-a1c7-4a1c-9586-3b23ac0a9209,1,6676.567164
2026/02/05/01:10:49,running-time,rs-006405-jj7tx,2bd9ca3b-a1c7-4a1c-9586-3b23ac0a9209,1,6676.567164
2026/02/05/01:10:49,apply-time,rs-006406-tpjfh,3b332337-0996-4a3c-94b1-bee10c396b44,1,6676.567164
2026/02/05/01:10:49,running-time,rs-006406-tpjfh,3b332337-0996-4a3c-94b1-bee10c396b44,1,6676.567164
2026/02/05/01:10:49,apply-time,rs-006406-z7sjm,57abf959-1c27-4fbc-9509-cfb69dc67c63,1,6676.567164
2026/02/05/01:10:49,running-time,rs-006406-z7sjm,57abf959-1c27-4fbc-9509-cfb69dc67c63,1,6676.567164
2026/02/05/01:10:49,apply-time,rs-006407-6qllx,73be405d-8710-479b-b059-8373fe8854b0,1,6676.567164
2026/02/05/01:10:49,running-time,rs-006407-6qllx,73be405d-8710-479b-b059-8373fe8854b0,1,6676.567164
2026/02/05/01:10:49,apply-time,rs-006408-jsk4v,b39ffa31-39a4-438c-bfc1-d7a176d60930,1,6676.567164
2026/02/05/01:10:49,apply-time,rs-006408-w7sbh,821a81d1-954f-440c-b897-23bff03f08a0,1,6676.567164
2026/02/05/01:10:49,apply-time,rs-006408-zxclr,a122ef97-8b60-4d8d-96c9-7fef234c748b,1,6676.567164
2026/02/05/01:10:49,apply-time,rs-006409-hpp7x,03c7b6f9-d432-466c-ab47-bb97c95e1fef,1,6676.567164
2026/02/05/01:10:49,running-time,rs-006409-hpp7x,03c7b6f9-d432-466c-ab47-bb97c95e1fef,1,6676.567164
2026/02/05/01:10:49,apply-time,rs-006409-vfjrw,7fd00799-cfaf-4de8-8310-3e7af23b5fa6,1,6677.567164
2026/02/05/01:10:49,apply-time,rs-006410-27vj6,841e984b-b43d-4c33-8b83-aae51f00414b,1,6676.567164
2026/02/05/01:10:49,running-time,rs-006410-27vj6,841e984b-b43d-4c33-8b83-aae51f00414b,1,6676.567164
2026/02/05/01:10:50,apply-time,rs-006409-j6lgq,1936e81a-d998-410c-a635-d346e18a92f1,1,6677.567164
2026/02/05/01:10:50,running-time,rs-006409-j6lgq,1936e81a-d998-410c-a635-d346e18a92f1,1,6677.567164
2026/02/05/01:10:50,running-time,rs-006409-vfjrw,7fd00799-cfaf-4de8-8310-3e7af23b5fa6,1,6677.567164
2026/02/05/01:10:50,apply-time,rs-006410-c8nw9,05248fa4-3fc9-4cae-9148-df715365ede8,1,6677.567164
2026/02/05/01:10:50,running-time,rs-006410-c8nw9,05248fa4-3fc9-4cae-9148-df715365ede8,1,6677.567164
2026/02/05/01:10:50,apply-time,rs-006411-fmzl2,19c5823b-a929-498d-bfb9-9f5137f41125,1,6677.567164
2026/02/05/01:10:50,running-time,rs-006411-fmzl2,19c5823b-a929-498d-bfb9-9f5137f41125,1,6677.567164
2026/02/05/01:10:50,apply-time,rs-006411-fvmsx,3a51781e-0676-49ae-bfb2-7dab5fb026d1,1,6677.567164
2026/02/05/01:10:50,running-time,rs-006411-fvmsx,3a51781e-0676-49ae-bfb2-7dab5fb026d1,1,6677.567164
2026/02/05/01:10:50,apply-time,rs-006411-jc4cw,b3aebd71-3a42-4dd3-8c93-e7a5ab8ca3b7,1,6677.567164
2026/02/05/01:10:50,running-time,rs-006411-jc4cw,b3aebd71-3a42-4dd3-8c93-e7a5ab8ca3b7,1,6677.567164
2026/02/05/01:10:50,apply-time,rs-006412-cx4mr,d10bddfe-96f8-4faf-977d-70ecf918f49c,1,6677.567164
2026/02/05/01:10:50,running-time,rs-006412-cx4mr,d10bddfe-96f8-4faf-977d-70ecf918f49c,1,6677.567164
2026/02/05/01:10:50,apply-time,rs-006412-jcjhn,1250fe76-a9a8-4733-aaa5-ca35a99d0c2e,1,6677.567164
2026/02/05/01:10:50,running-time,rs-006412-jcjhn,1250fe76-a9a8-4733-aaa5-ca35a99d0c2e,1,6677.567164
2026/02/05/01:10:50,apply-time,rs-006413-hcr65,126b1bf6-9a1b-4a44-80eb-db2fdb38a046,1,6677.567164
2026/02/05/01:10:50,running-time,rs-006413-hcr65,126b1bf6-9a1b-4a44-80eb-db2fdb38a046,1,6677.567164
2026/02/05/01:10:50,apply-time,rs-006414-6qvq7,36579d44-484c-4039-96f8-d4ac6628ec83,1,6678.567164
2026/02/05/01:10:50,running-time,rs-006414-6qvq7,36579d44-484c-4039-96f8-d4ac6628ec83,1,6678.567164
2026/02/05/01:10:51,apply-time,rs-006415-672h4,6defed35-421c-4119-9dfb-1daf2cce26f5,1,6678.567164
2026/02/05/01:10:51,running-time,rs-006415-672h4,6defed35-421c-4119-9dfb-1daf2cce26f5,1,6678.567164
2026/02/05/01:10:51,apply-time,rs-006415-fw6kz,7bb0936a-021d-462c-a53d-b5cd13e0ae02,1,6678.567164
2026/02/05/01:10:51,running-time,rs-006415-fw6kz,7bb0936a-021d-462c-a53d-b5cd13e0ae02,1,6678.567164
2026/02/05/01:10:51,apply-time,rs-006415-pk22r,59cd332d-964e-44b7-8d74-09ea1c1cad77,1,6678.567164
2026/02/05/01:10:51,running-time,rs-006415-pk22r,59cd332d-964e-44b7-8d74-09ea1c1cad77,1,6678.567164
2026/02/05/01:10:51,apply-time,rs-006416-86278,10bd4c73-9778-40f1-82d3-24361b2c7de6,1,6678.567164
2026/02/05/01:10:51,running-time,rs-006416-86278,10bd4c73-9778-40f1-82d3-24361b2c7de6,1,6678.567164
2026/02/05/01:10:51,apply-time,rs-006416-rkbs5,9563b316-a96a-499d-bf41-edc6b16725ed,1,6678.567164
2026/02/05/01:10:51,running-time,rs-006416-rkbs5,9563b316-a96a-499d-bf41-edc6b16725ed,1,6678.567164
2026/02/05/01:10:51,apply-time,rs-006417-jnfb2,47f20833-0a21-4de6-977a-22ddcbec0c65,1,6678.567164
2026/02/05/01:10:51,running-time,rs-006417-jnfb2,47f20833-0a21-4de6-977a-22ddcbec0c65,1,6678.567164
2026/02/05/01:10:51,apply-time,rs-006417-q2bzf,f38d8092-9557-4bd5-b1c0-1396f4e7c00f,1,6678.567164
2026/02/05/01:10:51,running-time,rs-006417-q2bzf,f38d8092-9557-4bd5-b1c0-1396f4e7c00f,1,6678.567164
2026/02/05/01:10:51,apply-time,rs-006417-rqfpv,878cdde3-8eee-44c6-8159-1ec8a4b1582c,1,6678.567164
2026/02/05/01:10:51,running-time,rs-006417-rqfpv,878cdde3-8eee-44c6-8159-1ec8a4b1582c,1,6678.567164
2026/02/05/01:10:51,apply-time,rs-006418-rzxd6,eeff2768-42e9-424c-bf4b-4e43864f729d,1,6678.567164
2026/02/05/01:10:51,running-time,rs-006418-rzxd6,eeff2768-42e9-424c-bf4b-4e43864f729d,1,6678.567164
2026/02/05/01:10:51,apply-time,rs-006419-dbnrp,1098be15-27ab-4b2b-b797-38dd4243e339,1,6678.567164
2026/02/05/01:10:51,running-time,rs-006419-dbnrp,1098be15-27ab-4b2b-b797-38dd4243e339,1,6678.567164
2026/02/05/01:10:51,apply-time,rs-006419-prtnz,bdb65b2a-495d-467f-867c-9fb80be71130,1,6679.567164
2026/02/05/01:10:52,apply-time,rs-006419-7482v,eec70bba-d0ae-4ce4-ac7e-6a7be2951f78,1,6679.567164
2026/02/05/01:10:52,running-time,rs-006419-7482v,eec70bba-d0ae-4ce4-ac7e-6a7be2951f78,1,6679.567164
2026/02/05/01:10:52,running-time,rs-006419-prtnz,bdb65b2a-495d-467f-867c-9fb80be71130,1,6679.567164
2026/02/05/01:10:52,apply-time,rs-006420-tphgg,86581d88-aa34-4772-a77c-a02724ba4a2f,1,6679.567164
2026/02/05/01:10:52,running-time,rs-006420-tphgg,86581d88-aa34-4772-a77c-a02724ba4a2f,1,6679.567164
2026/02/05/01:10:52,apply-time,rs-006421-ggfh9,0dfe5aaf-6ace-416b-af6f-dbe0a86463d9,1,6679.567164
2026/02/05/01:10:52,apply-time,rs-006422-cxfj2,1414f51d-c9b6-4d10-ac5f-1bc2fa3a4fb7,1,6679.567164
2026/02/05/01:10:52,running-time,rs-006422-cxfj2,1414f51d-c9b6-4d10-ac5f-1bc2fa3a4fb7,1,6679.567164
2026/02/05/01:10:52,apply-time,rs-006423-nzmh4,2ff53747-a44b-40ab-ab80-477d96ec00a6,1,6679.567164
2026/02/05/01:10:52,running-time,rs-006423-nzmh4,2ff53747-a44b-40ab-ab80-477d96ec00a6,1,6679.567164
2026/02/05/01:10:52,apply-time,rs-006424-4mh2w,7dc7d533-7342-482f-a511-122a94ef4cd3,1,6679.567164
2026/02/05/01:10:52,running-time,rs-006424-4mh2w,7dc7d533-7342-482f-a511-122a94ef4cd3,1,6679.567164
2026/02/05/01:10:52,apply-time,rs-006427-thkr7,5668fcdf-afcd-4163-b6ce-e3aab91cb65f,1,6680.567164
2026/02/05/01:10:52,running-time,rs-006427-thkr7,5668fcdf-afcd-4163-b6ce-e3aab91cb65f,1,6680.567164
2026/02/05/01:10:53,apply-time,rs-006423-6crsp,02858116-d4b2-4d7f-92b1-3f88a93e2dde,1,6680.567164
2026/02/05/01:10:53,running-time,rs-006423-6crsp,02858116-d4b2-4d7f-92b1-3f88a93e2dde,1,6680.567164
2026/02/05/01:10:53,apply-time,rs-006425-f6b5h,d725ba7f-6ee6-4106-a433-ed51dac5567b,1,6680.567164
2026/02/05/01:10:53,running-time,rs-006425-f6b5h,d725ba7f-6ee6-4106-a433-ed51dac5567b,1,6680.567164
2026/02/05/01:10:53,apply-time,rs-006426-jlkj6,0411f091-d1c6-47c1-9667-aa2a7e1df408,1,6680.567164
2026/02/05/01:10:53,running-time,rs-006426-jlkj6,0411f091-d1c6-47c1-9667-aa2a7e1df408,1,6680.567164
2026/02/05/01:10:53,apply-time,rs-006426-lm5pc,2989dbb0-1813-4151-b48e-2cefacac9cfc,1,6680.567164
2026/02/05/01:10:53,running-time,rs-006426-lm5pc,2989dbb0-1813-4151-b48e-2cefacac9cfc,1,6680.567164
2026/02/05/01:10:53,apply-time,rs-006426-mz4mn,2325c9d5-3724-45cf-b565-524c02bc64cb,1,6680.567164
2026/02/05/01:10:53,running-time,rs-006426-mz4mn,2325c9d5-3724-45cf-b565-524c02bc64cb,1,6680.567164
2026/02/05/01:10:53,apply-time,rs-006428-wvnfg,e5b620a0-61d5-4678-b286-580ce32c00dd,1,6681.567164
2026/02/05/01:10:53,running-time,rs-006428-wvnfg,e5b620a0-61d5-4678-b286-580ce32c00dd,1,6681.567164
2026/02/05/01:10:53,apply-time,rs-006429-fkwn2,2adb9f14-eb15-46b7-89d4-a729680eb4ae,1,6680.567164
2026/02/05/01:10:53,running-time,rs-006429-fkwn2,2adb9f14-eb15-46b7-89d4-a729680eb4ae,1,6680.567164
2026/02/05/01:10:53,apply-time,rs-006429-jk8rf,a6f755ee-e2de-4d68-be07-4ad7834d9668,1,6680.567164
2026/02/05/01:10:53,running-time,rs-006429-jk8rf,a6f755ee-e2de-4d68-be07-4ad7834d9668,1,6680.567164
2026/02/05/01:10:54,apply-time,rs-006425-pbvpp,9ae7d7e9-43a1-4599-9ae7-49e73fe47bb1,1,6681.567164
2026/02/05/01:10:54,running-time,rs-006425-pbvpp,9ae7d7e9-43a1-4599-9ae7-49e73fe47bb1,1,6681.567164
2026/02/05/01:10:54,apply-time,rs-006430-pfsjb,0573fb3a-26d3-4ee7-a4ef-c24c58a01039,1,6681.567164
2026/02/05/01:10:54,apply-time,rs-006430-tfjpj,ebdf5989-5213-482f-8e24-29662f11b848,1,6681.567164
2026/02/05/01:10:54,running-time,rs-006430-tfjpj,ebdf5989-5213-482f-8e24-29662f11b848,1,6681.567164
2026/02/05/01:10:54,apply-time,rs-006430-tl58r,37f5c34e-9d9d-4f95-b69d-8a5bbead445d,1,6681.567164
2026/02/05/01:10:54,running-time,rs-006430-tl58r,37f5c34e-9d9d-4f95-b69d-8a5bbead445d,1,6681.567164
2026/02/05/01:10:54,apply-time,rs-006431-6tbn8,7dc0ee77-d64a-41db-afb5-112a1d2a2327,1,6681.567164
2026/02/05/01:10:54,running-time,rs-006431-6tbn8,7dc0ee77-d64a-41db-afb5-112a1d2a2327,1,6681.567164
2026/02/05/01:10:54,apply-time,rs-006431-gdr25,ef0bd8a0-fe4a-4bc8-aa64-fe26e6d361f0,1,6681.567164
2026/02/05/01:10:54,running-time,rs-006431-gdr25,ef0bd8a0-fe4a-4bc8-aa64-fe26e6d361f0,1,6681.567164
2026/02/05/01:10:54,apply-time,rs-006434-299nt,30a9f358-4388-4cb5-9d8f-87ae5def80c7,1,6682.567164
2026/02/05/01:10:55,apply-time,rs-006433-jl89b,108a9242-6284-48a4-bb1f-d080c8efc79e,1,6682.567164
2026/02/05/01:10:55,running-time,rs-006433-jl89b,108a9242-6284-48a4-bb1f-d080c8efc79e,1,6682.567164
2026/02/05/01:10:55,apply-time,rs-006436-4xsr7,f60275b8-f1b8-461a-97bc-94b7c6191163,1,6682.567164
2026/02/05/01:10:55,apply-time,rs-006436-f8tdj,fc1d4d23-2736-4207-a016-40af53e37a64,1,6682.567164
2026/02/05/01:10:55,apply-time,rs-006437-chcgc,8fea90b9-bb68-4db7-aa90-437a5759019e,1,6682.567164
2026/02/05/01:10:55,running-time,rs-006437-chcgc,8fea90b9-bb68-4db7-aa90-437a5759019e,1,6682.567164
2026/02/05/01:10:55,apply-time,rs-006439-ppd8h,f468eb0b-8d3d-46ba-b1fd-77512d297906,1,6682.567164
2026/02/05/01:10:55,apply-time,rs-006440-tj9rn,0cbca3b0-2841-4ec9-a1e8-c861fb3d3dff,1,6683.567164
2026/02/05/01:10:55,running-time,rs-006440-tj9rn,0cbca3b0-2841-4ec9-a1e8-c861fb3d3dff,1,6683.567164
2026/02/05/01:10:56,apply-time,rs-006438-kvqfl,dd490247-3b13-48d2-b204-d061ded44237,1,6683.567164
2026/02/05/01:10:56,running-time,rs-006438-kvqfl,dd490247-3b13-48d2-b204-d061ded44237,1,6683.567164
2026/02/05/01:10:56,apply-time,rs-006438-tnsc8,b858a7f8-dee9-4a24-9b6e-2dbf954c1185,1,6683.567164
2026/02/05/01:10:56,running-time,rs-006438-tnsc8,b858a7f8-dee9-4a24-9b6e-2dbf954c1185,1,6683.567164
2026/02/05/01:10:56,apply-time,rs-006439-l2z6s,90f14cd4-07ce-4cd2-95c5-f583f5c2522e,1,6683.567164
2026/02/05/01:10:57,running-time,rs-006436-f8tdj,fc1d4d23-2736-4207-a016-40af53e37a64,1,6684.567164
2026/02/05/01:10:57,running-time,rs-006439-l2z6s,90f14cd4-07ce-4cd2-95c5-f583f5c2522e,1,6684.567164
2026/02/05/01:10:57,running-time,rs-006439-ppd8h,f468eb0b-8d3d-46ba-b1fd-77512d297906,1,6684.567164
2026/02/05/01:10:58,running-time,rs-006436-4xsr7,f60275b8-f1b8-461a-97bc-94b7c6191163,1,6685.567164
2026/02/05/01:10:59,running-time,rs-006430-pfsjb,0573fb3a-26d3-4ee7-a4ef-c24c58a01039,1,6686.567164
2026/02/05/01:11:02,apply-time,rs-006442-g7gql,536c391a-d6d7-4ead-8ba1-b5e7fe372f7a,1,6689.567164
2026/02/05/01:11:02,running-time,rs-006442-g7gql,536c391a-d6d7-4ead-8ba1-b5e7fe372f7a,1,6689.567164
2026/02/05/01:11:02,apply-time,rs-006442-p6lvc,47b7dcb3-61bd-4c3f-aae2-b4b33927fe4c,1,6689.567164
2026/02/05/01:11:02,running-time,rs-006442-p6lvc,47b7dcb3-61bd-4c3f-aae2-b4b33927fe4c,1,6689.567164
2026/02/05/01:11:02,apply-time,rs-006442-q5vpm,cf64c986-f572-4315-929d-8397acbb587c,1,6689.567164
2026/02/05/01:11:02,running-time,rs-006442-q5vpm,cf64c986-f572-4315-929d-8397acbb587c,1,6689.567164
2026/02/05/01:11:06,apply-time,rs-006443-c7kzc,0cd99def-d637-4606-a69d-a547321d44d2,1,6693.567164
2026/02/05/01:11:06,running-time,rs-006443-c7kzc,0cd99def-d637-4606-a69d-a547321d44d2,1,6693.567164
2026/02/05/01:11:06,apply-time,rs-006443-ddb7f,b6a3f242-266a-468b-8b0d-ddb116470ffc,1,6693.567164
2026/02/05/01:11:06,running-time,rs-006443-ddb7f,b6a3f242-266a-468b-8b0d-ddb116470ffc,1,6693.567164
2026/02/05/01:11:06,apply-time,rs-006443-jm6mp,cf3076c0-e87c-4887-8423-768c5531f79d,1,6693.567164
2026/02/05/01:11:06,running-time,rs-006443-jm6mp,cf3076c0-e87c-4887-8423-768c5531f79d,1,6693.567164
2026/02/05/01:11:06,apply-time,rs-006444-l5gdt,086114a0-d20a-462a-b5e1-b349d194440e,1,6693.567164
2026/02/05/01:11:06,running-time,rs-006444-l5gdt,086114a0-d20a-462a-b5e1-b349d194440e,1,6693.567164
2026/02/05/01:11:06,apply-time,rs-006445-2srrs,a42d5d3e-bdda-4b76-a11f-852cfbe9668e,1,6693.567164
2026/02/05/01:11:06,running-time,rs-006445-2srrs,a42d5d3e-bdda-4b76-a11f-852cfbe9668e,1,6693.567164
2026/02/05/01:11:06,apply-time,rs-006445-cksqv,0429413a-e8b8-4039-ab14-1106ad5d9e53,1,6693.567164
2026/02/05/01:11:06,running-time,rs-006445-cksqv,0429413a-e8b8-4039-ab14-1106ad5d9e53,1,6693.567164
2026/02/05/01:11:07,apply-time,rs-006446-24mkx,e3cb7a25-f794-40a3-93d1-1b6c64dc3eca,1,6694.567164
2026/02/05/01:11:07,running-time,rs-006446-24mkx,e3cb7a25-f794-40a3-93d1-1b6c64dc3eca,1,6694.567164
2026/02/05/01:11:07,apply-time,rs-006446-k7lbn,83a97e0a-2763-4c5e-a980-4425cbb256ff,1,6694.567164
2026/02/05/01:11:07,running-time,rs-006446-k7lbn,83a97e0a-2763-4c5e-a980-4425cbb256ff,1,6694.567164
2026/02/05/01:11:07,apply-time,rs-006447-clpdp,321158f2-9681-463e-ad11-024c912b90b6,1,6694.567164
2026/02/05/01:11:07,apply-time,rs-006447-wbccr,98a188b5-c2bd-4752-a0f3-cf841a916337,1,6694.567164
2026/02/05/01:11:07,running-time,rs-006447-wbccr,98a188b5-c2bd-4752-a0f3-cf841a916337,1,6694.567164
2026/02/05/01:11:07,apply-time,rs-006448-rhlfv,58911f41-f03b-4cf5-9cc2-084486abc674,1,6694.567164
2026/02/05/01:11:07,running-time,rs-006448-rhlfv,58911f41-f03b-4cf5-9cc2-084486abc674,1,6694.567164
2026/02/05/01:11:09,apply-time,rs-006449-bmmpg,f21b6d45-91a7-4c5f-aff8-0ac8f47ca57b,1,6696.567164
2026/02/05/01:11:09,apply-time,rs-006450-c6fdz,d4c8a56c-ec20-4708-a26a-a10513bbe593,1,6696.567164
2026/02/05/01:11:09,running-time,rs-006450-c6fdz,d4c8a56c-ec20-4708-a26a-a10513bbe593,1,6696.567164
2026/02/05/01:11:09,apply-time,rs-006450-jlxjr,22261d51-a580-48ee-a9d0-caa762cc4c05,1,6696.567164
2026/02/05/01:11:09,running-time,rs-006450-jlxjr,22261d51-a580-48ee-a9d0-caa762cc4c05,1,6696.567164
2026/02/05/01:11:09,apply-time,rs-006450-nhrcl,824a29ce-bccf-43b7-ac92-240132b2d38a,1,6696.567164
2026/02/05/01:11:09,running-time,rs-006450-nhrcl,824a29ce-bccf-43b7-ac92-240132b2d38a,1,6696.567164
2026/02/05/01:11:09,apply-time,rs-006451-sktxn,6f745aeb-9c70-4c06-b63c-36446c26f095,1,6696.567164
2026/02/05/01:11:09,apply-time,rs-006452-rdpvd,72f53c69-5019-4cf9-9f92-92b38db488c9,1,6696.567164
2026/02/05/01:11:09,running-time,rs-006452-rdpvd,72f53c69-5019-4cf9-9f92-92b38db488c9,1,6696.567164
2026/02/05/01:11:09,apply-time,rs-006453-j6rx6,0a088178-6520-40ae-bb8e-422894edd815,1,6696.567164
2026/02/05/01:11:09,running-time,rs-006453-j6rx6,0a088178-6520-40ae-bb8e-422894edd815,1,6696.567164
2026/02/05/01:11:09,apply-time,rs-006453-sdqd8,f73a6386-0ca1-41de-b3e1-c8dc401704d4,1,6696.567164
2026/02/05/01:11:09,running-time,rs-006453-sdqd8,f73a6386-0ca1-41de-b3e1-c8dc401704d4,1,6696.567164
2026/02/05/01:11:09,apply-time,rs-006454-vx66h,6fccb7d5-41d1-4100-82fe-5ce6f50bba7a,1,6697.567164
2026/02/05/01:11:09,apply-time,rs-006455-9hqcc,d07a2f44-f391-4aee-a01d-b2915e118281,1,6697.567164
2026/02/05/01:11:10,running-time,rs-006449-bmmpg,f21b6d45-91a7-4c5f-aff8-0ac8f47ca57b,1,6697.567164
2026/02/05/01:11:10,running-time,rs-006454-vx66h,6fccb7d5-41d1-4100-82fe-5ce6f50bba7a,1,6697.567164
2026/02/05/01:11:10,running-time,rs-006455-9hqcc,d07a2f44-f391-4aee-a01d-b2915e118281,1,6697.567164
2026/02/05/01:11:10,apply-time,rs-006455-bbn29,48a04844-bb07-4071-a3b3-f31dc2afef4c,1,6697.567164
2026/02/05/01:11:10,running-time,rs-006455-bbn29,48a04844-bb07-4071-a3b3-f31dc2afef4c,1,6697.567164
2026/02/05/01:11:10,apply-time,rs-006456-g8m56,dbd4d8c4-ae84-4be8-bbb5-f51213ed31e6,1,6697.567164
2026/02/05/01:11:10,running-time,rs-006456-g8m56,dbd4d8c4-ae84-4be8-bbb5-f51213ed31e6,1,6697.567164
2026/02/05/01:11:10,apply-time,rs-006457-7ldz2,d074408c-41cb-4801-bf32-4b7d3dc66cd6,1,6697.567164
2026/02/05/01:11:10,running-time,rs-006457-7ldz2,d074408c-41cb-4801-bf32-4b7d3dc66cd6,1,6697.567164
2026/02/05/01:11:10,apply-time,rs-006458-b7v6c,87c4ed5a-acff-4680-baa5-ddd544a63303,1,6697.567164
2026/02/05/01:11:10,running-time,rs-006458-b7v6c,87c4ed5a-acff-4680-baa5-ddd544a63303,1,6697.567164
2026/02/05/01:11:10,apply-time,rs-006458-qf6nh,c06a13cc-fbf1-4106-9e34-3d9e9d9d25e1,1,6697.567164
2026/02/05/01:11:10,running-time,rs-006458-qf6nh,c06a13cc-fbf1-4106-9e34-3d9e9d9d25e1,1,6697.567164
2026/02/05/01:11:10,apply-time,rs-006458-qwpx2,a03662ae-2e4a-4651-95fd-0a0ba94f0e87,1,6697.567164
2026/02/05/01:11:10,running-time,rs-006458-qwpx2,a03662ae-2e4a-4651-95fd-0a0ba94f0e87,1,6697.567164
2026/02/05/01:11:10,apply-time,rs-006459-lgq8h,749b18ff-e431-482f-8ba1-0b719d58c17f,1,6697.567164
2026/02/05/01:11:10,running-time,rs-006459-lgq8h,749b18ff-e431-482f-8ba1-0b719d58c17f,1,6697.567164
2026/02/05/01:11:10,apply-time,rs-006460-snt2k,4e463730-4756-4e2f-9a0f-507affae6e8e,1,6697.567164
2026/02/05/01:11:10,running-time,rs-006460-snt2k,4e463730-4756-4e2f-9a0f-507affae6e8e,1,6697.567164
2026/02/05/01:11:11,apply-time,rs-006461-njrxq,d2969ede-dee0-4c71-a3b7-e6d5772c8a82,1,6698.567164
2026/02/05/01:11:11,running-time,rs-006461-njrxq,d2969ede-dee0-4c71-a3b7-e6d5772c8a82,1,6698.567164
2026/02/05/01:11:11,apply-time,rs-006461-s7b96,dbaf232c-af9d-45df-a70b-6fb56e1f5555,1,6698.567164
2026/02/05/01:11:11,running-time,rs-006461-s7b96,dbaf232c-af9d-45df-a70b-6fb56e1f5555,1,6698.567164
2026/02/05/01:11:11,apply-time,rs-006461-t74n5,9c374cbd-2d34-47ae-baba-d48b034f632c,1,6698.567164
2026/02/05/01:11:11,apply-time,rs-006462-4nc26,a5c1095b-f89d-4edc-bb32-494cea9f3f44,1,6699.567164
2026/02/05/01:11:12,running-time,rs-006461-t74n5,9c374cbd-2d34-47ae-baba-d48b034f632c,1,6700.567164
2026/02/05/01:11:12,running-time,rs-006462-4nc26,a5c1095b-f89d-4edc-bb32-494cea9f3f44,1,6699.567164
2026/02/05/01:11:12,apply-time,rs-006462-8n4ts,2bde8045-0e7b-48fc-b524-287a2a7d5845,1,6699.567164
2026/02/05/01:11:12,running-time,rs-006462-8n4ts,2bde8045-0e7b-48fc-b524-287a2a7d5845,1,6699.567164
2026/02/05/01:11:12,apply-time,rs-006462-xv2xs,a1606a4b-51dc-4ca8-80a6-a0dfd58b5742,1,6699.567164
2026/02/05/01:11:12,running-time,rs-006462-xv2xs,a1606a4b-51dc-4ca8-80a6-a0dfd58b5742,1,6699.567164
2026/02/05/01:11:12,apply-time,rs-006463-q8rvj,3e11c1fb-7bb6-4646-af5e-cc8e51e76efe,1,6699.567164
2026/02/05/01:11:12,running-time,rs-006463-q8rvj,3e11c1fb-7bb6-4646-af5e-cc8e51e76efe,1,6700.567164
2026/02/05/01:11:12,apply-time,rs-006464-bq8p7,585c7ad0-678e-4599-ba5a-edfbf048b971,1,6699.567164
2026/02/05/01:11:12,running-time,rs-006464-bq8p7,585c7ad0-678e-4599-ba5a-edfbf048b971,1,6699.567164
2026/02/05/01:11:12,apply-time,rs-006464-k6cxq,8f663002-b7f3-4b91-9e57-061f26907bbf,1,6699.567164
2026/02/05/01:11:12,running-time,rs-006464-k6cxq,8f663002-b7f3-4b91-9e57-061f26907bbf,1,6699.567164
2026/02/05/01:11:12,apply-time,rs-006464-z9nkj,107d1c6a-6a10-4d21-a624-819c351f6607,1,6699.567164
2026/02/05/01:11:12,running-time,rs-006464-z9nkj,107d1c6a-6a10-4d21-a624-819c351f6607,1,6699.567164
2026/02/05/01:11:12,apply-time,rs-006465-6vshd,01a5946c-7f45-45b1-89c1-40b8c3a5619d,1,6699.567164
2026/02/05/01:11:12,apply-time,rs-006465-fh95m,0757aacd-4ebc-400c-9591-3abe74b9d74b,1,6699.567164
2026/02/05/01:11:12,apply-time,rs-006465-vvknm,58afddb5-765e-4f6e-b9d6-27d070184851,1,6699.567164
2026/02/05/01:11:13,apply-time,rs-006466-4vzgt,7e5fa908-5d32-4a85-a110-570db2c16d84,1,6700.567164
2026/02/05/01:11:13,running-time,rs-006466-4vzgt,7e5fa908-5d32-4a85-a110-570db2c16d84,1,6700.567164
2026/02/05/01:11:14,apply-time,rs-006467-2pl2r,37ae07c3-1bc5-4377-86c9-766389fde228,1,6701.567164
2026/02/05/01:11:14,apply-time,rs-006467-7psrw,bf65fbc8-0389-44e6-bb13-9d8dc423221d,1,6701.567164
2026/02/05/01:11:14,apply-time,rs-006467-wc9rm,a55d79ae-cb73-4eb5-8c6e-b1901152ac84,1,6701.567164
2026/02/05/01:11:15,running-time,rs-006465-fh95m,0757aacd-4ebc-400c-9591-3abe74b9d74b,1,6703.567164
2026/02/05/01:11:15,apply-time,rs-006468-g6jwj,2cb0dea4-f776-44f9-819c-9645dda38127,1,6702.567164
2026/02/05/01:11:15,running-time,rs-006468-g6jwj,2cb0dea4-f776-44f9-819c-9645dda38127,1,6702.567164
2026/02/05/01:11:15,apply-time,rs-006468-gf6dq,ec4bc737-c306-4989-8710-b01c84fdabbb,1,6702.567164
2026/02/05/01:11:15,running-time,rs-006468-gf6dq,ec4bc737-c306-4989-8710-b01c84fdabbb,1,6702.567164
2026/02/05/01:11:15,apply-time,rs-006468-q2jhj,5569ea08-88e8-471f-9ca5-c9c4e8320fff,1,6702.567164
2026/02/05/01:11:15,running-time,rs-006468-q2jhj,5569ea08-88e8-471f-9ca5-c9c4e8320fff,1,6702.567164
2026/02/05/01:11:15,apply-time,rs-006469-2k2k2,610469f3-017e-407a-8903-bf9e7931e003,1,6702.567164
2026/02/05/01:11:15,running-time,rs-006469-2k2k2,610469f3-017e-407a-8903-bf9e7931e003,1,6702.567164
2026/02/05/01:11:15,apply-time,rs-006469-gjgnj,867798d0-d0c0-4738-8318-adc12fa3309a,1,6702.567164
2026/02/05/01:11:15,running-time,rs-006469-gjgnj,867798d0-d0c0-4738-8318-adc12fa3309a,1,6702.567164
2026/02/05/01:11:16,running-time,rs-006465-vvknm,58afddb5-765e-4f6e-b9d6-27d070184851,1,6703.567164
2026/02/05/01:11:16,apply-time,rs-006470-4tw96,88adb77f-041e-4ff8-b403-3741e9639267,1,6703.567164
2026/02/05/01:11:16,running-time,rs-006470-4tw96,88adb77f-041e-4ff8-b403-3741e9639267,1,6703.567164
2026/02/05/01:11:16,apply-time,rs-006470-f8bh6,95cd27d2-3fc0-4e2d-9e8f-391f2f88ba8f,1,6703.567164
2026/02/05/01:11:16,running-time,rs-006470-f8bh6,95cd27d2-3fc0-4e2d-9e8f-391f2f88ba8f,1,6703.567164
2026/02/05/01:11:16,apply-time,rs-006470-jbdxn,c51f4b71-6f0a-4b21-8ebd-5cd3ba6f26aa,1,6703.567164
2026/02/05/01:11:16,running-time,rs-006470-jbdxn,c51f4b71-6f0a-4b21-8ebd-5cd3ba6f26aa,1,6703.567164
2026/02/05/01:11:16,apply-time,rs-006471-8thpb,3520f154-72a3-4a0e-b760-f4b333e95d03,1,6703.567164
2026/02/05/01:11:16,apply-time,rs-006471-d99nd,574e8016-0be5-40e9-9b5c-c0059704dcfe,1,6703.567164
2026/02/05/01:11:18,running-time,rs-006465-6vshd,01a5946c-7f45-45b1-89c1-40b8c3a5619d,1,6705.567164
2026/02/05/01:11:26,apply-time,rs-006472-tmjtb,cda96125-5425-451c-b5af-70a14eeed16e,1,6713.567164
2026/02/05/01:11:26,running-time,rs-006472-tmjtb,cda96125-5425-451c-b5af-70a14eeed16e,1,6713.567164
2026/02/05/01:11:33,apply-time,rs-006473-tvvj5,5d140140-ccdc-4ff1-b390-0420ace09fcf,1,6720.567164
2026/02/05/01:11:33,running-time,rs-006473-tvvj5,5d140140-ccdc-4ff1-b390-0420ace09fcf,1,6720.567164
2026/02/05/01:11:33,apply-time,rs-006473-xljzq,865877fc-a2e2-4970-a798-117178edc19b,1,6720.567164
2026/02/05/01:11:33,running-time,rs-006473-xljzq,865877fc-a2e2-4970-a798-117178edc19b,1,6720.567164
2026/02/05/01:11:33,apply-time,rs-006474-cc2qj,90bdac61-bf9c-4ff0-ba2c-6c6e538ae39c,1,6720.567164
2026/02/05/01:11:33,running-time,rs-006474-cc2qj,90bdac61-bf9c-4ff0-ba2c-6c6e538ae39c,1,6720.567164
2026/02/05/01:11:33,apply-time,rs-006475-g27h4,6161670b-1177-4118-8c1d-dbd34c92c6fc,1,6720.567164
2026/02/05/01:11:33,running-time,rs-006475-g27h4,6161670b-1177-4118-8c1d-dbd34c92c6fc,1,6720.567164
2026/02/05/01:11:33,apply-time,rs-006475-khwdr,8b5c3e52-b514-46d9-84cf-504e4d2529e1,1,6720.567164
2026/02/05/01:11:33,running-time,rs-006475-khwdr,8b5c3e52-b514-46d9-84cf-504e4d2529e1,1,6720.567164
2026/02/05/01:11:33,apply-time,rs-006476-h9qw6,21d374ea-31f8-4317-ab30-2ab58a3f5e36,1,6720.567164
2026/02/05/01:11:33,running-time,rs-006476-h9qw6,21d374ea-31f8-4317-ab30-2ab58a3f5e36,1,6720.567164
2026/02/05/01:11:33,apply-time,rs-006476-rwjpw,086f3002-afc4-43df-8df0-8b68d980c15b,1,6720.567164
2026/02/05/01:11:33,running-time,rs-006476-rwjpw,086f3002-afc4-43df-8df0-8b68d980c15b,1,6720.567164
2026/02/05/01:11:33,apply-time,rs-006477-gpd7g,52d4a122-b508-4bd8-be0c-c93012a2c8b2,1,6721.567164
2026/02/05/01:11:33,running-time,rs-006477-gpd7g,52d4a122-b508-4bd8-be0c-c93012a2c8b2,1,6721.567164
2026/02/05/01:11:33,apply-time,rs-006477-t5x6c,67e0be7b-ee1f-4cc0-92e5-c5dae9f96ee1,1,6720.567164
2026/02/05/01:11:33,running-time,rs-006477-t5x6c,67e0be7b-ee1f-4cc0-92e5-c5dae9f96ee1,1,6720.567164
2026/02/05/01:11:33,apply-time,rs-006477-wpprq,9c579967-a937-4043-8877-45f5172ad232,1,6720.567164
2026/02/05/01:11:33,running-time,rs-006477-wpprq,9c579967-a937-4043-8877-45f5172ad232,1,6721.567164
2026/02/05/01:11:33,apply-time,rs-006478-lldt8,4ab18ae4-4c44-44ce-8cf7-55a999c76a62,1,6721.567164
2026/02/05/01:11:33,running-time,rs-006478-lldt8,4ab18ae4-4c44-44ce-8cf7-55a999c76a62,1,6721.567164
2026/02/05/01:11:34,apply-time,rs-006478-kq65k,678eb521-18f0-4a94-be32-580718a8d18f,1,6721.567164
2026/02/05/01:11:34,running-time,rs-006478-kq65k,678eb521-18f0-4a94-be32-580718a8d18f,1,6721.567164
2026/02/05/01:11:34,apply-time,rs-006479-vpv4g,3ef8f3c2-3671-4e40-a1eb-1103febc1376,1,6721.567164
2026/02/05/01:11:34,running-time,rs-006479-vpv4g,3ef8f3c2-3671-4e40-a1eb-1103febc1376,1,6721.567164
2026/02/05/01:11:34,apply-time,rs-006480-d9ghr,f16ed434-c2af-443e-a272-868776f9cdad,1,6721.567164
2026/02/05/01:11:34,running-time,rs-006480-d9ghr,f16ed434-c2af-443e-a272-868776f9cdad,1,6721.567164
2026/02/05/01:11:34,apply-time,rs-006480-tmb2w,726812be-c134-458f-922c-9b07d7be4c1d,1,6721.567164
2026/02/05/01:11:34,running-time,rs-006480-tmb2w,726812be-c134-458f-922c-9b07d7be4c1d,1,6721.567164
2026/02/05/01:11:34,apply-time,rs-006480-tmxjt,d3a86d12-7677-4474-bc51-5b6f4d6c04e0,1,6721.567164
2026/02/05/01:11:34,running-time,rs-006480-tmxjt,d3a86d12-7677-4474-bc51-5b6f4d6c04e0,1,6721.567164
2026/02/05/01:11:34,apply-time,rs-006481-6hwdx,6d88771e-b605-4763-8a7c-cbc8568492a9,1,6721.567164
2026/02/05/01:11:34,running-time,rs-006481-6hwdx,6d88771e-b605-4763-8a7c-cbc8568492a9,1,6721.567164
2026/02/05/01:11:34,apply-time,rs-006481-dcp8m,6b51b6cd-7ce8-446b-bde2-529659439d84,1,6721.567164
2026/02/05/01:11:34,running-time,rs-006481-dcp8m,6b51b6cd-7ce8-446b-bde2-529659439d84,1,6721.567164
2026/02/05/01:11:34,apply-time,rs-006482-5shv6,d798a9b1-f6f6-4afd-afb6-4fe46d5b2eb7,1,6721.567164
2026/02/05/01:11:34,running-time,rs-006482-5shv6,d798a9b1-f6f6-4afd-afb6-4fe46d5b2eb7,1,6721.567164
2026/02/05/01:11:34,apply-time,rs-006482-rbnf2,4fe03146-993c-4e48-9275-2a6baee05279,1,6721.567164
2026/02/05/01:11:34,running-time,rs-006482-rbnf2,4fe03146-993c-4e48-9275-2a6baee05279,1,6721.567164
2026/02/05/01:11:34,apply-time,rs-006483-cgp4h,ea69972b-ba12-4c72-af72-89c5e50e74df,1,6721.567164
2026/02/05/01:11:34,apply-time,rs-006484-cg2xq,d935ec50-2e74-46b7-8179-f16dbbbd6523,1,6722.567164
2026/02/05/01:11:34,running-time,rs-006484-cg2xq,d935ec50-2e74-46b7-8179-f16dbbbd6523,1,6722.567164
2026/02/05/01:11:35,apply-time,rs-006486-b9wmr,530793b1-85d6-418b-afca-0ed6bfb623c3,1,6722.567164
2026/02/05/01:11:35,running-time,rs-006486-b9wmr,530793b1-85d6-418b-afca-0ed6bfb623c3,1,6722.567164
2026/02/05/01:11:35,apply-time,rs-006487-qfnr7,8041fcf9-4a6d-4008-ac00-86f35a809400,1,6722.567164
2026/02/05/01:11:35,running-time,rs-006487-qfnr7,8041fcf9-4a6d-4008-ac00-86f35a809400,1,6722.567164
2026/02/05/01:11:35,apply-time,rs-006488-pjztv,0ba9da9c-5d2f-49e4-a5af-732c95235621,1,6722.567164
2026/02/05/01:11:35,running-time,rs-006488-pjztv,0ba9da9c-5d2f-49e4-a5af-732c95235621,1,6723.567164
2026/02/05/01:11:35,apply-time,rs-006488-xwhzh,fc25c176-aaaa-46b0-9263-be3229c3ce64,1,6722.567164
2026/02/05/01:11:35,running-time,rs-006488-xwhzh,fc25c176-aaaa-46b0-9263-be3229c3ce64,1,6722.567164
2026/02/05/01:11:35,apply-time,rs-006489-ch7bd,afafccac-0b38-435c-8112-eabae857d4e1,1,6722.567164
2026/02/05/01:11:35,running-time,rs-006489-ch7bd,afafccac-0b38-435c-8112-eabae857d4e1,1,6722.567164
2026/02/05/01:11:35,apply-time,rs-006491-8mndq,845303b9-9958-41db-84b8-a010c70a9ddc,1,6723.567164
2026/02/05/01:11:35,running-time,rs-006491-8mndq,845303b9-9958-41db-84b8-a010c70a9ddc,1,6723.567164
2026/02/05/01:11:37,apply-time,rs-006489-hcrgw,ef2c9c8b-625a-48fa-9f6e-d576c974c955,1,6723.567164
2026/02/05/01:11:37,running-time,rs-006489-hcrgw,ef2c9c8b-625a-48fa-9f6e-d576c974c955,1,6723.567164
2026/02/05/01:11:37,apply-time,rs-006489-jkw82,53f39dcd-8be4-4df7-8818-0b59bdc6d216,1,6723.567164
2026/02/05/01:11:37,running-time,rs-006489-jkw82,53f39dcd-8be4-4df7-8818-0b59bdc6d216,1,6723.567164
2026/02/05/01:11:37,apply-time,rs-006492-6cn2k,a7607fbc-3c69-4141-a130-f12861e2926f,1,6723.567164
2026/02/05/01:11:37,running-time,rs-006492-6cn2k,a7607fbc-3c69-4141-a130-f12861e2926f,1,6723.567164
2026/02/05/01:11:37,apply-time,rs-006494-fc4km,6cb39d69-f5b2-4943-ba07-8af2228ea625,1,6723.567164
2026/02/05/01:11:37,running-time,rs-006494-fc4km,6cb39d69-f5b2-4943-ba07-8af2228ea625,1,6723.567164
2026/02/05/01:11:37,apply-time,rs-006495-55mht,30b81d56-865c-4c0e-a028-64fd70d4cc82,1,6724.567164
2026/02/05/01:11:37,running-time,rs-006495-55mht,30b81d56-865c-4c0e-a028-64fd70d4cc82,1,6724.567164
2026/02/05/01:11:37,apply-time,rs-006495-cttdr,ea10c428-dca4-41c8-91df-1b2843e67ddc,1,6723.567164
2026/02/05/01:11:37,running-time,rs-006495-cttdr,ea10c428-dca4-41c8-91df-1b2843e67ddc,1,6723.567164
2026/02/05/01:11:37,apply-time,rs-006495-rgzlq,faf9ae43-b7b4-479c-81ff-92f9122aeb57,1,6724.567164
2026/02/05/01:11:37,running-time,rs-006495-rgzlq,faf9ae43-b7b4-479c-81ff-92f9122aeb57,1,6724.567164
2026/02/05/01:11:37,apply-time,rs-006497-2tckv,771e6c64-8282-46be-a9e3-e82da503c566,1,6723.567164
2026/02/05/01:11:38,running-time,rs-006497-2tckv,771e6c64-8282-46be-a9e3-e82da503c566,1,6724.567164
2026/02/05/01:11:38,apply-time,rs-006500-rhnkc,62f3acbd-f6a8-46ee-b617-f24a79bdae93,1,6725.567164
2026/02/05/01:11:39,apply-time,rs-006498-ck7z8,496ac323-c38d-4717-b361-a30d7916deb0,1,6725.567164
2026/02/05/01:11:39,apply-time,rs-006499-gs4vh,d3edab8a-adb6-4699-911a-792eda521f64,1,6725.567164
2026/02/05/01:11:39,running-time,rs-006499-gs4vh,d3edab8a-adb6-4699-911a-792eda521f64,1,6725.567164
2026/02/05/01:11:39,apply-time,rs-006499-rrz5l,45a3d606-e300-4edf-8ce4-fcf1785e79c3,1,6725.567164
2026/02/05/01:11:39,running-time,rs-006499-rrz5l,45a3d606-e300-4edf-8ce4-fcf1785e79c3,1,6725.567164
2026/02/05/01:11:39,apply-time,rs-006499-w85ct,5b79eaec-f9a9-4114-aece-f7a65eccea3c,1,6725.567164
2026/02/05/01:11:39,running-time,rs-006499-w85ct,5b79eaec-f9a9-4114-aece-f7a65eccea3c,1,6725.567164
2026/02/05/01:11:39,running-time,rs-006500-rhnkc,62f3acbd-f6a8-46ee-b617-f24a79bdae93,1,6725.567164
2026/02/05/01:11:39,apply-time,rs-006500-rkvj6,376837e1-e56e-453a-8d2a-da54d610536a,1,6725.567164
2026/02/05/01:11:39,running-time,rs-006500-rkvj6,376837e1-e56e-453a-8d2a-da54d610536a,1,6725.567164
2026/02/05/01:11:39,apply-time,rs-006501-mgb2f,11c71c00-41a6-4a06-a786-2050a1e6b5a2,1,6725.567164
2026/02/05/01:11:39,apply-time,rs-006501-sxwqr,2f220391-10b1-44b3-aede-a21f1417343b,1,6725.567164
2026/02/05/01:11:39,apply-time,rs-006502-jkbz8,6d7245b8-0f56-4bb0-af5e-7f5ca3984632,1,6725.567164
2026/02/05/01:11:39,running-time,rs-006502-jkbz8,6d7245b8-0f56-4bb0-af5e-7f5ca3984632,1,6725.567164
2026/02/05/01:11:39,apply-time,rs-006503-9s6k7,858cd165-a021-4b26-a548-7de167f92d91,1,6726.567164
2026/02/05/01:11:39,running-time,rs-006503-9s6k7,858cd165-a021-4b26-a548-7de167f92d91,1,6726.567164
2026/02/05/01:11:39,apply-time,rs-006504-s7zck,832d61db-193d-4309-98c0-9abbef65b507,1,6725.567164
2026/02/05/01:11:40,apply-time,rs-006503-5jdpj,85dd1c8c-6bb1-41e1-8b0a-770021f943b0,1,6726.567164
2026/02/05/01:11:40,running-time,rs-006503-5jdpj,85dd1c8c-6bb1-41e1-8b0a-770021f943b0,1,6726.567164
2026/02/05/01:11:40,apply-time,rs-006505-pwqzf,285b1fc4-48ab-4526-b356-3b07c9f48bb7,1,6726.567164
2026/02/05/01:11:40,apply-time,rs-006506-sgttl,132a92ec-9d03-4a12-bee3-38f27845395f,1,6726.567164
2026/02/05/01:11:40,running-time,rs-006506-sgttl,132a92ec-9d03-4a12-bee3-38f27845395f,1,6726.567164
2026/02/05/01:11:40,apply-time,rs-006507-b2cpl,f0c9b614-eda6-4674-b0cd-2b3ab9510778,1,6726.567164
2026/02/05/01:11:40,running-time,rs-006507-b2cpl,f0c9b614-eda6-4674-b0cd-2b3ab9510778,1,6726.567164
2026/02/05/01:11:40,apply-time,rs-006507-dp788,71e739fc-507c-4dab-a8c0-caa5cd8eb272,1,6726.567164
2026/02/05/01:11:40,running-time,rs-006507-dp788,71e739fc-507c-4dab-a8c0-caa5cd8eb272,1,6726.567164
2026/02/05/01:11:40,apply-time,rs-006507-h69mk,8f14100f-3e26-46d3-b022-cb4546be5b3c,1,6726.567164
2026/02/05/01:11:40,running-time,rs-006507-h69mk,8f14100f-3e26-46d3-b022-cb4546be5b3c,1,6726.567164
2026/02/05/01:11:40,apply-time,rs-006508-sqgtv,c4d40552-5544-4a1f-8989-72b65c4d9ebe,1,6726.567164
2026/02/05/01:11:40,running-time,rs-006508-sqgtv,c4d40552-5544-4a1f-8989-72b65c4d9ebe,1,6726.567164
2026/02/05/01:11:40,apply-time,rs-006508-twzd2,7f7d65e1-6c0c-4d73-99b0-f4e3a7fcadac,1,6726.567164
2026/02/05/01:11:40,running-time,rs-006508-twzd2,7f7d65e1-6c0c-4d73-99b0-f4e3a7fcadac,1,6726.567164
2026/02/05/01:11:40,apply-time,rs-006509-nqvzg,bd8ea36f-47c5-44d7-a282-237ecca61192,1,6727.567164
2026/02/05/01:11:40,apply-time,rs-006509-vxc9c,f5219f3e-aa49-4493-a336-979a8da73a9d,1,6726.567164
2026/02/05/01:11:41,apply-time,rs-006509-42scd,612d11b2-61bb-4d07-aeaf-7e2a19562e5b,1,6727.567164
2026/02/05/01:11:41,running-time,rs-006509-vxc9c,f5219f3e-aa49-4493-a336-979a8da73a9d,1,6727.567164
2026/02/05/01:11:42,running-time,rs-006509-42scd,612d11b2-61bb-4d07-aeaf-7e2a19562e5b,1,6728.567164
2026/02/05/01:11:42,running-time,rs-006509-nqvzg,bd8ea36f-47c5-44d7-a282-237ecca61192,1,6728.567164
2026/02/05/01:11:43,apply-time,rs-006510-7zz6h,c3ea02ee-3eda-40e1-af5d-0894c3903e3b,1,6729.567164
2026/02/05/01:11:43,running-time,rs-006510-7zz6h,c3ea02ee-3eda-40e1-af5d-0894c3903e3b,1,6729.567164
2026/02/05/01:11:43,apply-time,rs-006510-q55kn,b24e13b1-477f-45fb-b4ce-5d1e6f66fae5,1,6729.567164
2026/02/05/01:11:43,running-time,rs-006510-q55kn,b24e13b1-477f-45fb-b4ce-5d1e6f66fae5,1,6729.567164
2026/02/05/01:11:43,apply-time,rs-006511-g6428,9b27530d-db61-486d-9260-4bc5b823a951,1,6729.567164
2026/02/05/01:11:43,running-time,rs-006511-g6428,9b27530d-db61-486d-9260-4bc5b823a951,1,6729.567164
2026/02/05/01:11:43,apply-time,rs-006512-57szf,852125b6-ef41-4485-b8fa-164bdd0f33ad,1,6729.567164
2026/02/05/01:11:43,running-time,rs-006512-57szf,852125b6-ef41-4485-b8fa-164bdd0f33ad,1,6729.567164
2026/02/05/01:11:43,apply-time,rs-006512-f5czc,f1503c33-1fb3-4e5d-b5e5-705f80e71e9b,1,6730.567164
2026/02/05/01:11:43,running-time,rs-006512-f5czc,f1503c33-1fb3-4e5d-b5e5-705f80e71e9b,1,6730.567164
2026/02/05/01:11:43,apply-time,rs-006513-6jrh4,b8ebb754-0dc2-4828-ab23-b7aa6b8a1c0d,1,6729.567164
2026/02/05/01:11:43,running-time,rs-006513-6jrh4,b8ebb754-0dc2-4828-ab23-b7aa6b8a1c0d,1,6729.567164
2026/02/05/01:11:43,apply-time,rs-006514-465x8,1a48bc39-0321-44e9-a5a0-ad436a1f3447,1,6729.567164
2026/02/05/01:11:43,running-time,rs-006514-465x8,1a48bc39-0321-44e9-a5a0-ad436a1f3447,1,6729.567164
2026/02/05/01:11:44,apply-time,rs-006515-sh4vb,e0177092-3fb1-4b11-b670-02df011b7423,1,6730.567164
2026/02/05/01:11:44,running-time,rs-006515-sh4vb,e0177092-3fb1-4b11-b670-02df011b7423,1,6730.567164
2026/02/05/01:11:45,running-time,rs-006498-ck7z8,496ac323-c38d-4717-b361-a30d7916deb0,1,6731.567164
2026/02/05/01:11:45,running-time,rs-006505-pwqzf,285b1fc4-48ab-4526-b356-3b07c9f48bb7,1,6731.567164
2026/02/05/01:11:50,apply-time,rs-006516-2g8jh,8470fa6f-aa94-42f5-8b9d-3a24e9c68bad,1,6736.567164
2026/02/05/01:11:50,running-time,rs-006516-2g8jh,8470fa6f-aa94-42f5-8b9d-3a24e9c68bad,1,6736.567164
2026/02/05/01:11:50,apply-time,rs-006516-x66ht,3a8daa39-b936-4bb1-b380-a035857bc26f,1,6736.567164
2026/02/05/01:11:50,running-time,rs-006516-x66ht,3a8daa39-b936-4bb1-b380-a035857bc26f,1,6736.567164
2026/02/05/01:11:54,apply-time,rs-006517-gck9x,710942cc-269d-423a-86b1-8de1f5b84900,1,6740.567164
2026/02/05/01:11:54,running-time,rs-006517-gck9x,710942cc-269d-423a-86b1-8de1f5b84900,1,6740.567164
2026/02/05/01:11:54,apply-time,rs-006517-ljptl,5c9467c4-97d8-45ed-b715-a1de16c89b85,1,6740.567164
2026/02/05/01:11:54,running-time,rs-006517-ljptl,5c9467c4-97d8-45ed-b715-a1de16c89b85,1,6740.567164
2026/02/05/01:11:56,apply-time,rs-006518-97l8k,c7cf82d2-34d2-47fe-99b4-93889be62ee4,1,6743.567164
2026/02/05/01:11:56,running-time,rs-006518-97l8k,c7cf82d2-34d2-47fe-99b4-93889be62ee4,1,6743.567164
2026/02/05/01:11:56,apply-time,rs-006518-hll8c,9293cbaf-a741-4a16-a0c8-99060cf47e53,1,6743.567164
2026/02/05/01:11:56,running-time,rs-006518-hll8c,9293cbaf-a741-4a16-a0c8-99060cf47e53,1,6743.567164
2026/02/05/01:11:56,apply-time,rs-006518-xgwj5,7f3c8506-7b72-44c4-8996-d3f37ecde106,1,6743.567164
2026/02/05/01:11:56,running-time,rs-006518-xgwj5,7f3c8506-7b72-44c4-8996-d3f37ecde106,1,6743.567164
2026/02/05/01:11:56,apply-time,rs-006519-7l2vk,b387c6eb-9d67-4659-b7d8-8784655fb010,1,6742.567164
2026/02/05/01:11:56,running-time,rs-006519-7l2vk,b387c6eb-9d67-4659-b7d8-8784655fb010,1,6743.567164
2026/02/05/01:11:56,apply-time,rs-006520-djz7n,af1b0502-016e-4cc4-b111-2f3b20967522,1,6743.567164
2026/02/05/01:11:56,running-time,rs-006520-djz7n,af1b0502-016e-4cc4-b111-2f3b20967522,1,6743.567164
2026/02/05/01:11:56,apply-time,rs-006520-lf9rk,d8c2619d-b3ac-4fa6-8f0e-30ea7b4ccb38,1,6743.567164
2026/02/05/01:11:56,running-time,rs-006520-lf9rk,d8c2619d-b3ac-4fa6-8f0e-30ea7b4ccb38,1,6743.567164
2026/02/05/01:11:56,apply-time,rs-006521-cbcf4,922ce9d4-b2da-41b9-bdfe-c84811773d75,1,6743.567164
2026/02/05/01:11:56,apply-time,rs-006521-fz4nr,b65269bb-eb2d-4c6a-a29c-12d6c1686109,1,6743.567164
2026/02/05/01:11:57,apply-time,rs-006522-8vpwd,5c44eaad-184f-44c0-a9cd-52b113474fe0,1,6743.567164
2026/02/05/01:11:57,running-time,rs-006522-8vpwd,5c44eaad-184f-44c0-a9cd-52b113474fe0,1,6743.567164
2026/02/05/01:12:02,apply-time,rs-006523-b5cv9,4223bc54-4ade-41ed-91fd-c5b389f8b584,1,6749.567164
2026/02/05/01:12:02,running-time,rs-006523-b5cv9,4223bc54-4ade-41ed-91fd-c5b389f8b584,1,6749.567164
2026/02/05/01:12:02,apply-time,rs-006523-xgcw4,4cd48273-2e0b-420e-bc8d-50b1fa88e416,1,6749.567164
2026/02/05/01:12:02,running-time,rs-006523-xgcw4,4cd48273-2e0b-420e-bc8d-50b1fa88e416,1,6749.567164
2026/02/05/01:12:02,apply-time,rs-006524-xbbf2,fcce36a9-4254-4e43-814a-f9a82d9a4646,1,6749.567164
2026/02/05/01:12:02,running-time,rs-006524-xbbf2,fcce36a9-4254-4e43-814a-f9a82d9a4646,1,6749.567164
2026/02/05/01:12:02,apply-time,rs-006525-l64gw,7fb4cbed-c9a4-4e8d-b994-709dc7a2c3fb,1,6749.567164
2026/02/05/01:12:02,apply-time,rs-006525-vfdhn,7d0ecd83-85df-47df-bdb2-34a2f9bfbb9b,1,6749.567164
2026/02/05/01:12:03,apply-time,rs-006526-944jz,5f33d4a3-a05f-4f17-8f43-8b7201c70aff,1,6749.567164
2026/02/05/01:12:03,apply-time,rs-006526-l8xz9,0a4ac80b-cdef-40f5-8f63-ae51704dbf0a,1,6749.567164
2026/02/05/01:12:03,apply-time,rs-006526-nnwtm,49dc30bb-b256-41ee-91ad-4e2c18995357,1,6749.567164
2026/02/05/01:12:03,apply-time,rs-006527-dz8gk,59d0847e-f00f-41bd-92c9-d4b58a187bbb,1,6749.567164
2026/02/05/01:12:03,running-time,rs-006527-dz8gk,59d0847e-f00f-41bd-92c9-d4b58a187bbb,1,6749.567164
2026/02/05/01:12:03,apply-time,rs-006528-74vvw,861bbb11-933c-4d8b-8f4c-e72237c72101,1,6750.567164
2026/02/05/01:12:03,running-time,rs-006528-74vvw,861bbb11-933c-4d8b-8f4c-e72237c72101,1,6750.567164
2026/02/05/01:12:03,apply-time,rs-006528-hwz5f,831dd17e-9c5b-4db4-b587-5ade2c5ef5c9,1,6750.567164
2026/02/05/01:12:04,running-time,rs-006525-vfdhn,7d0ecd83-85df-47df-bdb2-34a2f9bfbb9b,1,6750.567164
2026/02/05/01:12:04,running-time,rs-006528-hwz5f,831dd17e-9c5b-4db4-b587-5ade2c5ef5c9,1,6750.567164
2026/02/05/01:12:05,apply-time,rs-006529-csdlx,7b21fe8c-da89-4197-a021-971ecd4154de,1,6751.567164
2026/02/05/01:12:05,running-time,rs-006529-csdlx,7b21fe8c-da89-4197-a021-971ecd4154de,1,6751.567164
2026/02/05/01:12:05,apply-time,rs-006529-csmrg,a865c530-7cd2-4fb5-b3f9-dda3dce71440,1,6751.567164
2026/02/05/01:12:05,running-time,rs-006529-csmrg,a865c530-7cd2-4fb5-b3f9-dda3dce71440,1,6751.567164
2026/02/05/01:12:05,apply-time,rs-006529-vlp7b,80b66639-4651-4331-a38c-f65e832281f1,1,6751.567164
2026/02/05/01:12:05,running-time,rs-006529-vlp7b,80b66639-4651-4331-a38c-f65e832281f1,1,6751.567164
2026/02/05/01:12:05,apply-time,rs-006530-7nvx2,f19949e4-fa47-4b29-a35f-43199b9740a3,1,6751.567164
2026/02/05/01:12:05,running-time,rs-006530-7nvx2,f19949e4-fa47-4b29-a35f-43199b9740a3,1,6751.567164
2026/02/05/01:12:05,apply-time,rs-006530-lmkkn,867e1073-fc64-4093-9cbe-e29150103d30,1,6751.567164
2026/02/05/01:12:05,running-time,rs-006530-lmkkn,867e1073-fc64-4093-9cbe-e29150103d30,1,6751.567164
2026/02/05/01:12:05,apply-time,rs-006530-qlrd5,d3b3166f-86d6-4c9d-b7f0-7428c2adf9e5,1,6751.567164
2026/02/05/01:12:05,running-time,rs-006530-qlrd5,d3b3166f-86d6-4c9d-b7f0-7428c2adf9e5,1,6751.567164
2026/02/05/01:12:05,apply-time,rs-006531-nqw97,ae96b10e-85a7-4d09-acdd-ad3bb7b4bb02,1,6751.567164
2026/02/05/01:12:05,running-time,rs-006531-nqw97,ae96b10e-85a7-4d09-acdd-ad3bb7b4bb02,1,6751.567164
2026/02/05/01:12:05,apply-time,rs-006531-q8n2h,8ef659ff-0569-4a07-922d-2b626780fecd,1,6751.567164
2026/02/05/01:12:05,running-time,rs-006531-q8n2h,8ef659ff-0569-4a07-922d-2b626780fecd,1,6751.567164
2026/02/05/01:12:18,apply-time,rs-006532-2x655,0caa10b9-1413-415b-9061-4f41190da356,1,6764.567164
2026/02/05/01:12:18,running-time,rs-006532-2x655,0caa10b9-1413-415b-9061-4f41190da356,1,6764.567164
2026/02/05/01:12:18,apply-time,rs-006532-9vmd2,5d3bb62e-eb64-46e5-8492-7163d0105869,1,6764.567164
2026/02/05/01:12:18,running-time,rs-006532-9vmd2,5d3bb62e-eb64-46e5-8492-7163d0105869,1,6764.567164
2026/02/05/01:12:18,apply-time,rs-006532-zxhpq,d89aac03-e8f4-4c49-8918-5c28601383bb,1,6764.567164
2026/02/05/01:12:18,running-time,rs-006532-zxhpq,d89aac03-e8f4-4c49-8918-5c28601383bb,1,6764.567164
2026/02/05/01:12:18,apply-time,rs-006533-rp4vf,d550d3a4-611f-441b-8404-0f10bf845e63,1,6764.567164
2026/02/05/01:12:18,running-time,rs-006533-rp4vf,d550d3a4-611f-441b-8404-0f10bf845e63,1,6764.567164
2026/02/05/01:12:24,apply-time,rs-006534-dfn7x,3408d498-d973-47e4-be30-38cac5112444,1,6770.567164
2026/02/05/01:12:24,running-time,rs-006534-dfn7x,3408d498-d973-47e4-be30-38cac5112444,1,6770.567164
2026/02/05/01:12:24,apply-time,rs-006535-sgt8d,98eef695-4055-426f-bcf3-369d864c2b84,1,6770.567164
2026/02/05/01:12:24,running-time,rs-006535-sgt8d,98eef695-4055-426f-bcf3-369d864c2b84,1,6770.567164
2026/02/05/01:12:26,apply-time,rs-006536-ngfd5,5fe4dd2d-7a61-4087-b19b-30ea78068337,1,6772.567164
2026/02/05/01:12:26,running-time,rs-006536-ngfd5,5fe4dd2d-7a61-4087-b19b-30ea78068337,1,6772.567164
2026/02/05/01:12:26,apply-time,rs-006536-sx72h,422d9361-8404-437f-b555-96145c02f7d9,1,6772.567164
2026/02/05/01:12:26,running-time,rs-006536-sx72h,422d9361-8404-437f-b555-96145c02f7d9,1,6772.567164
2026/02/05/01:12:26,apply-time,rs-006536-tgggv,c1a226cc-864b-4ac0-a326-f8322e3fa8e4,1,6772.567164
2026/02/05/01:12:26,running-time,rs-006536-tgggv,c1a226cc-864b-4ac0-a326-f8322e3fa8e4,1,6772.567164
2026/02/05/01:12:26,apply-time,rs-006537-kpzl7,1540a7ed-7503-4c67-87f9-0588407c85b1,1,6772.567164
2026/02/05/01:12:26,running-time,rs-006537-kpzl7,1540a7ed-7503-4c67-87f9-0588407c85b1,1,6772.567164
2026/02/05/01:12:26,apply-time,rs-006538-hg2lz,0b62a8a3-df82-4556-bfb2-3bb672610625,1,6773.567164
2026/02/05/01:12:26,running-time,rs-006538-hg2lz,0b62a8a3-df82-4556-bfb2-3bb672610625,1,6773.567164
2026/02/05/01:12:34,apply-time,rs-006539-688hq,7e72f576-4c25-4a96-b513-94e24446d081,1,6780.567164
2026/02/05/01:12:34,running-time,rs-006539-688hq,7e72f576-4c25-4a96-b513-94e24446d081,1,6781.567164
2026/02/05/01:12:34,apply-time,rs-006539-r9zbk,f795e63c-498e-4a2a-8ab1-a767d6e57a8c,1,6780.567164
2026/02/05/01:12:34,running-time,rs-006539-r9zbk,f795e63c-498e-4a2a-8ab1-a767d6e57a8c,1,6781.567164
2026/02/05/01:12:37,apply-time,rs-006540-jt8cp,77311ecd-23ab-4fc8-91c6-deaeeb687a66,1,6783.567164
2026/02/05/01:12:37,running-time,rs-006540-jt8cp,77311ecd-23ab-4fc8-91c6-deaeeb687a66,1,6783.567164
2026/02/05/01:12:37,apply-time,rs-006540-v9rnh,cd54f390-0120-422a-b724-d49795db7f70,1,6783.567164
2026/02/05/01:12:37,running-time,rs-006540-v9rnh,cd54f390-0120-422a-b724-d49795db7f70,1,6783.567164
2026/02/05/01:12:39,apply-time,rs-006541-g5bwv,4d2cb28a-2202-4d58-ba06-76aefc3dbbb5,1,6785.567164
2026/02/05/01:12:39,running-time,rs-006541-g5bwv,4d2cb28a-2202-4d58-ba06-76aefc3dbbb5,1,6785.567164
2026/02/05/01:12:39,apply-time,rs-006541-m2jdt,58d007d3-35a5-49ea-b444-ae6b2eb4c784,1,6785.567164
2026/02/05/01:12:39,running-time,rs-006541-m2jdt,58d007d3-35a5-49ea-b444-ae6b2eb4c784,1,6785.567164
2026/02/05/01:12:42,apply-time,rs-006542-frfj2,77303deb-d184-4423-ac92-f897593b96ff,1,6788.567164
2026/02/05/01:12:42,running-time,rs-006542-frfj2,77303deb-d184-4423-ac92-f897593b96ff,1,6788.567164
2026/02/05/01:12:42,apply-time,rs-006542-mk4x6,d9eaf67c-f567-488b-a352-e9f9dcee7253,1,6788.567164
2026/02/05/01:12:42,running-time,rs-006542-mk4x6,d9eaf67c-f567-488b-a352-e9f9dcee7253,1,6788.567164
2026/02/05/01:12:42,apply-time,rs-006543-8rgxt,49fdd354-880e-4070-be93-353c9ff588ae,1,6788.567164
2026/02/05/01:12:42,running-time,rs-006543-8rgxt,49fdd354-880e-4070-be93-353c9ff588ae,1,6788.567164
2026/02/05/01:12:42,apply-time,rs-006543-lsjw4,36a97cc0-da87-4272-a3e0-b63c7eb35339,1,6788.567164
2026/02/05/01:12:42,running-time,rs-006543-lsjw4,36a97cc0-da87-4272-a3e0-b63c7eb35339,1,6788.567164
2026/02/05/01:12:52,apply-time,rs-006544-mdcdr,7d65096c-2176-4b1f-95d2-bc80ce5880e3,1,6798.567164
2026/02/05/01:12:52,running-time,rs-006544-mdcdr,7d65096c-2176-4b1f-95d2-bc80ce5880e3,1,6798.567164
2026/02/05/01:12:52,apply-time,rs-006544-xvvv9,1e7bdc77-9118-4bb5-b3cb-7efb969211cc,1,6798.567164
2026/02/05/01:12:52,running-time,rs-006544-xvvv9,1e7bdc77-9118-4bb5-b3cb-7efb969211cc,1,6798.567164
2026/02/05/01:12:57,apply-time,rs-006545-gxhkr,1f572f78-0e0f-409e-b8bb-87facd146c23,1,6804.567164
2026/02/05/01:12:57,running-time,rs-006545-gxhkr,1f572f78-0e0f-409e-b8bb-87facd146c23,1,6804.567164
2026/02/05/01:12:57,apply-time,rs-006545-hrsqd,f94c03c9-ba57-41b5-b1c5-8ec895bcbc60,1,6803.567164
2026/02/05/01:12:57,running-time,rs-006545-hrsqd,f94c03c9-ba57-41b5-b1c5-8ec895bcbc60,1,6804.567164
2026/02/05/01:12:57,apply-time,rs-006545-r42jp,e71e0782-03f8-4ef3-b68d-49eae0de9325,1,6804.567164
2026/02/05/01:12:57,running-time,rs-006545-r42jp,e71e0782-03f8-4ef3-b68d-49eae0de9325,1,6804.567164
2026/02/05/01:12:57,apply-time,rs-006546-h6qdx,636d6524-dea2-4b58-9333-210ddbf93c6a,1,6804.567164
2026/02/05/01:12:57,running-time,rs-006546-h6qdx,636d6524-dea2-4b58-9333-210ddbf93c6a,1,6804.567164
2026/02/05/01:12:57,apply-time,rs-006546-n49xh,2c961b08-997e-4cbd-8b22-47bb562c0a6e,1,6803.567164
2026/02/05/01:12:57,running-time,rs-006546-n49xh,2c961b08-997e-4cbd-8b22-47bb562c0a6e,1,6804.567164
2026/02/05/01:12:57,apply-time,rs-006547-77rbj,e3865376-a728-4f03-872c-9dceeeaee465,1,6804.567164
2026/02/05/01:12:57,running-time,rs-006547-77rbj,e3865376-a728-4f03-872c-9dceeeaee465,1,6804.567164
2026/02/05/01:12:57,apply-time,rs-006547-qf49g,5d1752a0-5d8a-4d0e-9e2b-544cde0f67eb,1,6804.567164
2026/02/05/01:12:57,running-time,rs-006547-qf49g,5d1752a0-5d8a-4d0e-9e2b-544cde0f67eb,1,6804.567164
2026/02/05/01:12:57,apply-time,rs-006547-r4wfv,0e887dc4-aba3-436f-b396-2407217b06ee,1,6804.567164
2026/02/05/01:12:57,running-time,rs-006547-r4wfv,0e887dc4-aba3-436f-b396-2407217b06ee,1,6804.567164
2026/02/05/01:12:58,apply-time,rs-006548-6s7kg,c9cbfc1f-e3bb-4d91-9d2e-d4a16d35249b,1,6805.567164
2026/02/05/01:12:58,running-time,rs-006548-6s7kg,c9cbfc1f-e3bb-4d91-9d2e-d4a16d35249b,1,6805.567164
2026/02/05/01:13:02,apply-time,rs-006549-rwzr5,03972b15-9e6b-4c32-89d8-c9b9327b7943,1,6808.567164
2026/02/05/01:13:02,running-time,rs-006549-rwzr5,03972b15-9e6b-4c32-89d8-c9b9327b7943,1,6808.567164
2026/02/05/01:13:02,apply-time,rs-006550-jfmpx,0b72cfbd-677a-4abd-832f-0aaa531ad700,1,6808.567164
2026/02/05/01:13:02,running-time,rs-006550-jfmpx,0b72cfbd-677a-4abd-832f-0aaa531ad700,1,6808.567164
2026/02/05/01:13:02,apply-time,rs-006551-m6t7z,2de8850b-b821-4f23-868c-8071c99316a3,1,6808.567164
2026/02/05/01:13:02,running-time,rs-006551-m6t7z,2de8850b-b821-4f23-868c-8071c99316a3,1,6808.567164
2026/02/05/01:13:02,apply-time,rs-006552-d25qw,e91e9b1a-a88d-4a82-94c7-3bdfcc1af30a,1,6808.567164
2026/02/05/01:13:02,running-time,rs-006552-d25qw,e91e9b1a-a88d-4a82-94c7-3bdfcc1af30a,1,6808.567164
2026/02/05/01:13:02,apply-time,rs-006553-bv84h,a72336e0-6313-4913-aa79-fbda930d3ef6,1,6808.567164
2026/02/05/01:13:02,running-time,rs-006553-bv84h,a72336e0-6313-4913-aa79-fbda930d3ef6,1,6808.567164
2026/02/05/01:13:02,apply-time,rs-006553-lvhkh,8c0896cc-4ca4-4038-b423-0121faf9ecaa,1,6808.567164
2026/02/05/01:13:02,running-time,rs-006553-lvhkh,8c0896cc-4ca4-4038-b423-0121faf9ecaa,1,6808.567164
2026/02/05/01:13:02,apply-time,rs-006553-qwnkp,32252848-4d5d-4b38-b3d6-a664ee4114c3,1,6808.567164
2026/02/05/01:13:02,running-time,rs-006553-qwnkp,32252848-4d5d-4b38-b3d6-a664ee4114c3,1,6808.567164
2026/02/05/01:13:02,apply-time,rs-006554-gdz8x,4ec25070-0429-422b-bf9f-4b377374e8da,1,6809.567164
2026/02/05/01:13:02,running-time,rs-006554-gdz8x,4ec25070-0429-422b-bf9f-4b377374e8da,1,6809.567164
2026/02/05/01:13:03,apply-time,rs-006555-prlpk,87167e5b-dd92-47d6-92c8-cbb884b023ea,1,6809.567164
2026/02/05/01:13:03,running-time,rs-006555-prlpk,87167e5b-dd92-47d6-92c8-cbb884b023ea,1,6809.567164
2026/02/05/01:13:03,apply-time,rs-006556-s2czl,10fee6b8-e320-4bfa-bdc3-9367aa5bbbe9,1,6809.567164
2026/02/05/01:13:03,running-time,rs-006556-s2czl,10fee6b8-e320-4bfa-bdc3-9367aa5bbbe9,1,6809.567164
2026/02/05/01:13:03,apply-time,rs-006557-nmrh4,939a7c65-05d0-48c9-97b4-69f777ebc31e,1,6810.567164
2026/02/05/01:13:03,apply-time,rs-006557-rxth9,83dff678-2e24-4789-9a9a-566cc7d9e9ef,1,6809.567164
2026/02/05/01:13:03,apply-time,rs-006557-sq7kn,8050b955-48c4-412d-b0bf-8653c0295f5d,1,6810.567164
2026/02/05/01:13:03,apply-time,rs-006558-jwqdq,a4199aff-28a7-45e5-96c4-12a21b3a427a,1,6809.567164
2026/02/05/01:13:03,running-time,rs-006558-jwqdq,a4199aff-28a7-45e5-96c4-12a21b3a427a,1,6809.567164
2026/02/05/01:13:03,apply-time,rs-006559-bv9tz,13a8980d-5db5-40a7-8f18-8f54fa29836a,1,6809.567164
2026/02/05/01:13:03,running-time,rs-006559-bv9tz,13a8980d-5db5-40a7-8f18-8f54fa29836a,1,6809.567164
2026/02/05/01:13:03,apply-time,rs-006559-s65sr,8dea82ee-1798-4d91-ac86-2cf78b95db99,1,6809.567164
2026/02/05/01:13:03,running-time,rs-006559-s65sr,8dea82ee-1798-4d91-ac86-2cf78b95db99,1,6809.567164
2026/02/05/01:13:03,apply-time,rs-006560-l2dpw,688af8b2-4244-437b-b778-417d3579de10,1,6809.567164
2026/02/05/01:13:03,running-time,rs-006560-l2dpw,688af8b2-4244-437b-b778-417d3579de10,1,6809.567164
2026/02/05/01:13:03,apply-time,rs-006561-g2x67,9432d028-44de-463b-a060-74f323aa594e,1,6810.567164
2026/02/05/01:13:03,running-time,rs-006561-g2x67,9432d028-44de-463b-a060-74f323aa594e,1,6810.567164
2026/02/05/01:13:04,running-time,rs-006557-nmrh4,939a7c65-05d0-48c9-97b4-69f777ebc31e,1,6811.567164
2026/02/05/01:13:04,apply-time,rs-006562-gt2zk,d0435619-c062-422d-8dad-9066fd2f3555,1,6810.567164
2026/02/05/01:13:04,running-time,rs-006562-gt2zk,d0435619-c062-422d-8dad-9066fd2f3555,1,6811.567164
2026/02/05/01:13:04,apply-time,rs-006562-kknkl,46b58723-bfec-4c07-9f86-4842ce93d3e6,1,6810.567164
2026/02/05/01:13:04,running-time,rs-006562-kknkl,46b58723-bfec-4c07-9f86-4842ce93d3e6,1,6810.567164
2026/02/05/01:13:04,apply-time,rs-006562-z6cqc,ab304b1a-cff6-4fa6-ac88-83bf2194acb4,1,6811.567164
2026/02/05/01:13:04,running-time,rs-006562-z6cqc,ab304b1a-cff6-4fa6-ac88-83bf2194acb4,1,6811.567164
2026/02/05/01:13:04,apply-time,rs-006563-r2vsc,acf70b5c-88e0-4f46-9b7f-36a708f35aa2,1,6810.567164
2026/02/05/01:13:04,running-time,rs-006563-r2vsc,acf70b5c-88e0-4f46-9b7f-36a708f35aa2,1,6810.567164
2026/02/05/01:13:04,apply-time,rs-006564-wg9d8,1ae81291-d860-4154-8997-4ab7acb8fead,1,6810.567164
2026/02/05/01:13:04,running-time,rs-006564-wg9d8,1ae81291-d860-4154-8997-4ab7acb8fead,1,6810.567164
2026/02/05/01:13:04,apply-time,rs-006565-g6cmh,ce280abf-8627-4b4c-844d-9644658e0dff,1,6810.567164
2026/02/05/01:13:04,running-time,rs-006565-g6cmh,ce280abf-8627-4b4c-844d-9644658e0dff,1,6810.567164
2026/02/05/01:13:04,apply-time,rs-006566-w4gpf,ad4d22db-2954-48e5-86c5-6f3f608c4474,1,6810.567164
2026/02/05/01:13:04,running-time,rs-006566-w4gpf,ad4d22db-2954-48e5-86c5-6f3f608c4474,1,6810.567164
2026/02/05/01:13:04,apply-time,rs-006567-4fttb,044aacab-cbae-4fa3-96f0-af3d335b7552,1,6810.567164
2026/02/05/01:13:04,running-time,rs-006567-4fttb,044aacab-cbae-4fa3-96f0-af3d335b7552,1,6810.567164
2026/02/05/01:13:05,apply-time,rs-006568-vxdzz,638bfb73-deed-4b0a-a732-e3d3f3e32df8,1,6811.567164
2026/02/05/01:13:05,running-time,rs-006568-vxdzz,638bfb73-deed-4b0a-a732-e3d3f3e32df8,1,6811.567164
2026/02/05/01:13:05,apply-time,rs-006568-xnkzs,96c9a770-0554-4556-8473-b71288f27c3d,1,6811.567164
2026/02/05/01:13:05,running-time,rs-006568-xnkzs,96c9a770-0554-4556-8473-b71288f27c3d,1,6811.567164
2026/02/05/01:13:05,apply-time,rs-006569-4qc4x,f4b5d0c4-fdf5-4d4f-838a-ed2e79038d06,1,6811.567164
2026/02/05/01:13:05,apply-time,rs-006569-dhs7r,f17c70f6-c01e-4d0f-baef-c0e2ae2ca88c,1,6811.567164
2026/02/05/01:13:05,apply-time,rs-006569-z42pf,e66a3119-3ed3-4d5a-922f-5bda3a086709,1,6811.567164
2026/02/05/01:13:05,running-time,rs-006569-z42pf,e66a3119-3ed3-4d5a-922f-5bda3a086709,1,6811.567164
2026/02/05/01:13:06,running-time,rs-006569-dhs7r,f17c70f6-c01e-4d0f-baef-c0e2ae2ca88c,1,6812.567164
2026/02/05/01:13:09,running-time,rs-006557-sq7kn,8050b955-48c4-412d-b0bf-8653c0295f5d,1,6815.567164
2026/02/05/01:13:18,apply-time,rs-006570-shsqh,da3f8c1a-742f-49e6-8fb1-bcb70dd8c49b,1,6824.567164
2026/02/05/01:13:18,running-time,rs-006570-shsqh,da3f8c1a-742f-49e6-8fb1-bcb70dd8c49b,1,6824.567164
2026/02/05/01:13:18,apply-time,rs-006571-85mv6,0917fc1b-5c84-47d0-aeff-a4231418bced,1,6824.567164
2026/02/05/01:13:18,running-time,rs-006571-85mv6,0917fc1b-5c84-47d0-aeff-a4231418bced,1,6824.567164
2026/02/05/01:13:18,apply-time,rs-006572-sn9nr,ccffbbbd-7b00-4900-b1ab-f4a192316a35,1,6824.567164
2026/02/05/01:13:18,running-time,rs-006572-sn9nr,ccffbbbd-7b00-4900-b1ab-f4a192316a35,1,6824.567164
2026/02/05/01:13:18,apply-time,rs-006573-m4pw6,bdf31d45-fa50-480e-acc7-4000ea5ea036,1,6824.567164
2026/02/05/01:13:18,running-time,rs-006573-m4pw6,bdf31d45-fa50-480e-acc7-4000ea5ea036,1,6824.567164
2026/02/05/01:13:18,apply-time,rs-006574-z8n8k,7bc0061a-5013-46f3-b49b-e33bb6ff1f0c,1,6824.567164
2026/02/05/01:13:18,running-time,rs-006574-z8n8k,7bc0061a-5013-46f3-b49b-e33bb6ff1f0c,1,6824.567164
2026/02/05/01:13:18,apply-time,rs-006575-rb6pt,162c1b92-f1b6-436b-9a19-f3ccf2cf8006,1,6824.567164
2026/02/05/01:13:18,running-time,rs-006575-rb6pt,162c1b92-f1b6-436b-9a19-f3ccf2cf8006,1,6824.567164
2026/02/05/01:13:18,apply-time,rs-006575-wtrbx,a31f7820-9cde-4ce3-bf81-9f26fe2f35a4,1,6824.567164
2026/02/05/01:13:18,running-time,rs-006575-wtrbx,a31f7820-9cde-4ce3-bf81-9f26fe2f35a4,1,6824.567164
2026/02/05/01:13:18,apply-time,rs-006576-pjfmg,ffef0eec-014e-4797-bf32-c3d875f0d8ba,1,6824.567164
2026/02/05/01:13:18,running-time,rs-006576-pjfmg,ffef0eec-014e-4797-bf32-c3d875f0d8ba,1,6824.567164
2026/02/05/01:13:18,apply-time,rs-006577-vw9gc,c6ddeb03-aa62-4dfd-b2a0-bda3bc7d20b2,1,6825.567164
2026/02/05/01:13:18,running-time,rs-006577-vw9gc,c6ddeb03-aa62-4dfd-b2a0-bda3bc7d20b2,1,6825.567164
2026/02/05/01:13:18,apply-time,rs-006578-xvqpj,3a6257b6-918c-4e6b-a6d2-5e0efd9b7874,1,6825.567164
2026/02/05/01:13:18,running-time,rs-006578-xvqpj,3a6257b6-918c-4e6b-a6d2-5e0efd9b7874,1,6825.567164
2026/02/05/01:13:19,apply-time,rs-006577-lkc8r,01dafdc6-aaf6-482e-88a1-1d563df6eb67,1,6825.567164
2026/02/05/01:13:19,running-time,rs-006577-lkc8r,01dafdc6-aaf6-482e-88a1-1d563df6eb67,1,6825.567164
2026/02/05/01:13:19,apply-time,rs-006578-fzzsx,0acc3acb-0a17-4e87-8e6e-e02d20a37664,1,6825.567164
2026/02/05/01:13:19,running-time,rs-006578-fzzsx,0acc3acb-0a17-4e87-8e6e-e02d20a37664,1,6825.567164
2026/02/05/01:13:19,apply-time,rs-006578-qvlsf,9c4e3331-95ce-4b9e-a909-f79b3acac112,1,6825.567164
2026/02/05/01:13:19,running-time,rs-006578-qvlsf,9c4e3331-95ce-4b9e-a909-f79b3acac112,1,6825.567164
2026/02/05/01:13:19,apply-time,rs-006579-fbqhl,dac7b1c9-1bf9-459f-aecf-ab4817cd5cac,1,6825.567164
2026/02/05/01:13:19,running-time,rs-006579-fbqhl,dac7b1c9-1bf9-459f-aecf-ab4817cd5cac,1,6825.567164
2026/02/05/01:13:19,apply-time,rs-006579-nlrbk,765945f2-c3a2-4787-816f-8cd1559c9867,1,6825.567164
2026/02/05/01:13:19,running-time,rs-006579-nlrbk,765945f2-c3a2-4787-816f-8cd1559c9867,1,6825.567164
2026/02/05/01:13:19,apply-time,rs-006580-sxskd,e0bc497b-c68e-4d97-a814-5c9c33669142,1,6825.567164
2026/02/05/01:13:19,running-time,rs-006580-sxskd,e0bc497b-c68e-4d97-a814-5c9c33669142,1,6825.567164
2026/02/05/01:13:19,apply-time,rs-006581-sqhr2,c059fcbd-9a72-4d88-875d-763083411196,1,6825.567164
2026/02/05/01:13:19,running-time,rs-006581-sqhr2,c059fcbd-9a72-4d88-875d-763083411196,1,6825.567164
2026/02/05/01:13:23,apply-time,rs-006582-g8pkw,8328206a-7c91-4c11-b0d7-3edd65f6beef,1,6829.567164
2026/02/05/01:13:23,running-time,rs-006582-g8pkw,8328206a-7c91-4c11-b0d7-3edd65f6beef,1,6829.567164
2026/02/05/01:13:23,apply-time,rs-006582-hgxtp,dd188183-77e6-48a5-83b8-a9884a3b5bc8,1,6829.567164
2026/02/05/01:13:23,running-time,rs-006582-hgxtp,dd188183-77e6-48a5-83b8-a9884a3b5bc8,1,6829.567164
2026/02/05/01:13:23,apply-time,rs-006583-mvzrr,0856bd7c-09a6-4cd8-9b60-5b63c9c41d62,1,6829.567164
2026/02/05/01:13:23,running-time,rs-006583-mvzrr,0856bd7c-09a6-4cd8-9b60-5b63c9c41d62,1,6829.567164
2026/02/05/01:13:23,apply-time,rs-006583-qpwxj,7108047d-10cf-4f8b-90bd-954e445b0b10,1,6829.567164
2026/02/05/01:13:23,running-time,rs-006583-qpwxj,7108047d-10cf-4f8b-90bd-954e445b0b10,1,6829.567164
2026/02/05/01:13:23,apply-time,rs-006583-t87nm,b91b09f4-8a35-493c-9d49-3e14884460b1,1,6829.567164
2026/02/05/01:13:23,running-time,rs-006583-t87nm,b91b09f4-8a35-493c-9d49-3e14884460b1,1,6829.567164
2026/02/05/01:13:26,apply-time,rs-006584-bg256,149b0336-db77-4462-a7d3-4e5a7263be43,1,6832.567164
2026/02/05/01:13:26,running-time,rs-006584-bg256,149b0336-db77-4462-a7d3-4e5a7263be43,1,6832.567164
2026/02/05/01:13:26,apply-time,rs-006584-frqmp,a0226410-326c-4089-9749-8c9733d7da66,1,6832.567164
2026/02/05/01:13:26,running-time,rs-006584-frqmp,a0226410-326c-4089-9749-8c9733d7da66,1,6832.567164
2026/02/05/01:13:26,apply-time,rs-006585-wjqbj,5617b052-5232-491e-8141-3966ae306b36,1,6832.567164
2026/02/05/01:13:26,running-time,rs-006585-wjqbj,5617b052-5232-491e-8141-3966ae306b36,1,6832.567164
2026/02/05/01:13:26,apply-time,rs-006586-2svml,2d97e1e7-3beb-4577-a7ad-381e537a11fd,1,6832.567164
2026/02/05/01:13:26,running-time,rs-006586-2svml,2d97e1e7-3beb-4577-a7ad-381e537a11fd,1,6832.567164
2026/02/05/01:13:26,apply-time,rs-006586-7mg5d,a07e456f-01df-4341-84ba-32cc3ac800af,1,6832.567164
2026/02/05/01:13:26,running-time,rs-006586-7mg5d,a07e456f-01df-4341-84ba-32cc3ac800af,1,6832.567164
2026/02/05/01:13:26,apply-time,rs-006586-hdmf9,c9391f2c-7994-401f-8630-5f885fde93c7,1,6832.567164
2026/02/05/01:13:26,running-time,rs-006586-hdmf9,c9391f2c-7994-401f-8630-5f885fde93c7,1,6832.567164
2026/02/05/01:13:26,apply-time,rs-006587-drxzd,c78b9464-4eb9-4af1-89ec-3ef890f52ecb,1,6832.567164
2026/02/05/01:13:26,running-time,rs-006587-drxzd,c78b9464-4eb9-4af1-89ec-3ef890f52ecb,1,6832.567164
2026/02/05/01:13:26,apply-time,rs-006587-q7r94,9b5fd5e9-277f-4c25-bd2a-1b39d7bb6c0a,1,6832.567164
2026/02/05/01:13:26,running-time,rs-006587-q7r94,9b5fd5e9-277f-4c25-bd2a-1b39d7bb6c0a,1,6832.567164
2026/02/05/01:13:26,apply-time,rs-006587-tbss7,8556c2a1-722d-4e44-a547-a99781708767,1,6832.567164
2026/02/05/01:13:26,running-time,rs-006587-tbss7,8556c2a1-722d-4e44-a547-a99781708767,1,6832.567164
2026/02/05/01:13:26,apply-time,rs-006588-w9f7v,de5a82b7-4a72-4aec-9d17-d7eca47763e8,1,6832.567164
2026/02/05/01:13:26,apply-time,rs-006589-4bmdk,613c80c8-52e8-47c2-a5a7-161b19c89afe,1,6833.567164
2026/02/05/01:13:26,running-time,rs-006589-4bmdk,613c80c8-52e8-47c2-a5a7-161b19c89afe,1,6833.567164
2026/02/05/01:13:26,apply-time,rs-006589-fb8mk,2ffc900d-5b8c-4c0d-b80b-8ddb627495dc,1,6832.567164
2026/02/05/01:13:26,running-time,rs-006589-fb8mk,2ffc900d-5b8c-4c0d-b80b-8ddb627495dc,1,6832.567164
2026/02/05/01:13:27,running-time,rs-006588-w9f7v,de5a82b7-4a72-4aec-9d17-d7eca47763e8,1,6833.567164
2026/02/05/01:13:27,apply-time,rs-006590-p9q26,36b474b0-fbf2-4d4e-b440-534e2c8e05bd,1,6834.567164
2026/02/05/01:13:27,running-time,rs-006590-p9q26,36b474b0-fbf2-4d4e-b440-534e2c8e05bd,1,6834.567164
2026/02/05/01:13:27,apply-time,rs-006590-xsjps,4cbb14da-9c9b-408d-816b-c5b5fd55351d,1,6834.567164
2026/02/05/01:13:27,running-time,rs-006590-xsjps,4cbb14da-9c9b-408d-816b-c5b5fd55351d,1,6834.567164
2026/02/05/01:13:27,apply-time,rs-006591-b87fs,aea9a64c-03ba-43c0-8848-cd0d00510209,1,6834.567164
2026/02/05/01:13:27,apply-time,rs-006591-bgjm7,ca6404c2-ea37-4223-b849-a52dbfc436b2,1,6834.567164
2026/02/05/01:13:27,running-time,rs-006591-bgjm7,ca6404c2-ea37-4223-b849-a52dbfc436b2,1,6834.567164
2026/02/05/01:13:27,apply-time,rs-006592-psppg,18b43283-b8f5-4722-89dd-9ca90d901614,1,6834.567164
2026/02/05/01:13:28,running-time,rs-006591-b87fs,aea9a64c-03ba-43c0-8848-cd0d00510209,1,6834.567164
2026/02/05/01:13:28,running-time,rs-006592-psppg,18b43283-b8f5-4722-89dd-9ca90d901614,1,6834.567164
2026/02/05/01:13:30,apply-time,rs-006593-77x9h,6393610a-2968-488f-8071-d1f8ae3025a8,1,6837.567164
2026/02/05/01:13:30,running-time,rs-006593-77x9h,6393610a-2968-488f-8071-d1f8ae3025a8,1,6837.567164
2026/02/05/01:13:30,apply-time,rs-006593-flfbw,a0f3d676-ae94-49ed-81f6-bb4ff1b30c08,1,6837.567164
2026/02/05/01:13:30,running-time,rs-006593-flfbw,a0f3d676-ae94-49ed-81f6-bb4ff1b30c08,1,6837.567164
2026/02/05/01:13:30,apply-time,rs-006593-lc7zh,9f6da295-b903-43f3-aa13-a7de3e09131f,1,6837.567164
2026/02/05/01:13:30,running-time,rs-006593-lc7zh,9f6da295-b903-43f3-aa13-a7de3e09131f,1,6837.567164
2026/02/05/01:13:30,apply-time,rs-006594-n4grx,6cf8c851-49c3-44f9-a00f-3d295bca494b,1,6837.567164
2026/02/05/01:13:30,running-time,rs-006594-n4grx,6cf8c851-49c3-44f9-a00f-3d295bca494b,1,6837.567164
2026/02/05/01:13:39,apply-time,rs-006595-s557j,7a01e212-94d3-4307-bc70-c87f1c111ef5,1,6845.567164
2026/02/05/01:13:39,running-time,rs-006595-s557j,7a01e212-94d3-4307-bc70-c87f1c111ef5,1,6845.567164
2026/02/05/01:13:39,apply-time,rs-006595-sqblc,ddf72c94-8d0c-4dd2-a2e8-d7c53fb46a60,1,6845.567164
2026/02/05/01:13:39,running-time,rs-006595-sqblc,ddf72c94-8d0c-4dd2-a2e8-d7c53fb46a60,1,6845.567164
2026/02/05/01:13:39,apply-time,rs-006596-5zhz7,d80f4c54-1487-4af0-a038-f88f97ebf095,1,6845.567164
2026/02/05/01:13:39,running-time,rs-006596-5zhz7,d80f4c54-1487-4af0-a038-f88f97ebf095,1,6845.567164
2026/02/05/01:13:39,apply-time,rs-006596-622f4,a36e458d-a039-45d6-ac21-d72d8a48cdef,1,6845.567164
2026/02/05/01:13:39,running-time,rs-006596-622f4,a36e458d-a039-45d6-ac21-d72d8a48cdef,1,6845.567164
2026/02/05/01:13:39,apply-time,rs-006596-9nxwp,4449e974-bb56-446d-9d2b-90643ca9ab34,1,6845.567164
2026/02/05/01:13:39,running-time,rs-006596-9nxwp,4449e974-bb56-446d-9d2b-90643ca9ab34,1,6845.567164
2026/02/05/01:13:39,apply-time,rs-006597-7s2zd,af9d800b-1237-4a72-b756-e5f369dc329a,1,6845.567164
2026/02/05/01:13:39,running-time,rs-006597-7s2zd,af9d800b-1237-4a72-b756-e5f369dc329a,1,6845.567164
2026/02/05/01:13:39,apply-time,rs-006598-rr9fr,b3a640f5-a38f-4a72-876f-e0b480347900,1,6845.567164
2026/02/05/01:13:39,running-time,rs-006598-rr9fr,b3a640f5-a38f-4a72-876f-e0b480347900,1,6845.567164
2026/02/05/01:13:39,apply-time,rs-006598-tjxwd,37a8000f-9651-45b8-aa41-ced5548ea372,1,6845.567164
2026/02/05/01:13:39,running-time,rs-006598-tjxwd,37a8000f-9651-45b8-aa41-ced5548ea372,1,6845.567164
2026/02/05/01:13:39,apply-time,rs-006599-4n8nw,99434e72-1160-494d-8664-0728203a6a6d,1,6845.567164
2026/02/05/01:13:39,running-time,rs-006599-4n8nw,99434e72-1160-494d-8664-0728203a6a6d,1,6845.567164
2026/02/05/01:13:39,apply-time,rs-006599-jrgk2,a38727cb-c2cd-4ef7-b75d-e08f3274128d,1,6845.567164
2026/02/05/01:13:39,running-time,rs-006599-jrgk2,a38727cb-c2cd-4ef7-b75d-e08f3274128d,1,6845.567164
2026/02/05/01:13:39,apply-time,rs-006600-6swx7,4e941cb8-6f02-4f51-8e4f-e27260634424,1,6845.567164
2026/02/05/01:13:40,apply-time,rs-006600-8k9dd,72a94ecc-fa51-41ca-87f2-14ee7f902a7a,1,6846.567164
2026/02/05/01:13:40,apply-time,rs-006600-l2bln,b292f3bb-7e70-4d23-b73f-3aa0cad9aa3f,1,6846.567164
2026/02/05/01:13:41,running-time,rs-006600-6swx7,4e941cb8-6f02-4f51-8e4f-e27260634424,1,6847.567164
2026/02/05/01:13:41,running-time,rs-006600-8k9dd,72a94ecc-fa51-41ca-87f2-14ee7f902a7a,1,6848.567164
2026/02/05/01:13:51,apply-time,rs-006601-499h7,bfac7a8c-7b9a-4711-9a1e-fc977fe3e2a8,1,6857.567164
2026/02/05/01:13:51,running-time,rs-006601-499h7,bfac7a8c-7b9a-4711-9a1e-fc977fe3e2a8,1,6857.567164
2026/02/05/01:13:51,apply-time,rs-006601-bz7lj,7267653c-5f9d-4977-8548-3479ea0714a2,1,6857.567164
2026/02/05/01:13:51,running-time,rs-006601-bz7lj,7267653c-5f9d-4977-8548-3479ea0714a2,1,6857.567164
2026/02/05/01:13:51,apply-time,rs-006602-cm6js,d6da1ae4-a3b1-4174-a799-e323bd32f397,1,6857.567164
2026/02/05/01:13:51,running-time,rs-006602-cm6js,d6da1ae4-a3b1-4174-a799-e323bd32f397,1,6857.567164
2026/02/05/01:13:51,apply-time,rs-006603-krjw7,8a6fa622-f644-47fc-81ca-08b33cb3b364,1,6857.567164
2026/02/05/01:13:51,running-time,rs-006603-krjw7,8a6fa622-f644-47fc-81ca-08b33cb3b364,1,6857.567164
2026/02/05/01:13:51,apply-time,rs-006604-l42s8,9893caec-9162-48a1-874b-ea4b2d5ebd80,1,6857.567164
2026/02/05/01:13:51,running-time,rs-006604-l42s8,9893caec-9162-48a1-874b-ea4b2d5ebd80,1,6857.567164
2026/02/05/01:13:51,apply-time,rs-006605-62zpc,9f5497ee-7fcb-4c34-becc-5cee886db6b6,1,6857.567164
2026/02/05/01:13:51,running-time,rs-006605-62zpc,9f5497ee-7fcb-4c34-becc-5cee886db6b6,1,6857.567164
2026/02/05/01:13:51,apply-time,rs-006605-ct64m,a2cb665d-5084-4286-96ad-287bb1795d6a,1,6857.567164
2026/02/05/01:13:51,running-time,rs-006605-ct64m,a2cb665d-5084-4286-96ad-287bb1795d6a,1,6857.567164
2026/02/05/01:13:51,apply-time,rs-006605-gt2xg,b9c86200-77b0-4324-9ed5-195d56e052bd,1,6857.567164
2026/02/05/01:13:51,running-time,rs-006605-gt2xg,b9c86200-77b0-4324-9ed5-195d56e052bd,1,6857.567164
2026/02/05/01:13:51,apply-time,rs-006606-4fcdk,b8707ce7-cd34-4b0d-86d8-a841c32d2089,1,6857.567164
2026/02/05/01:13:51,running-time,rs-006606-4fcdk,b8707ce7-cd34-4b0d-86d8-a841c32d2089,1,6857.567164
2026/02/05/01:13:51,apply-time,rs-006606-dsxpp,daa929be-de51-4cd7-ad9a-a7939e116f45,1,6857.567164
2026/02/05/01:13:51,running-time,rs-006606-dsxpp,daa929be-de51-4cd7-ad9a-a7939e116f45,1,6857.567164
2026/02/05/01:13:51,apply-time,rs-006606-rq9z9,fc3d72db-2bc6-4097-baf9-073f126041e3,1,6857.567164
2026/02/05/01:13:51,running-time,rs-006606-rq9z9,fc3d72db-2bc6-4097-baf9-073f126041e3,1,6857.567164
2026/02/05/01:13:51,apply-time,rs-006607-cms44,2cc43f4c-f5a8-4c79-8436-8c6b798fefa7,1,6858.567164
2026/02/05/01:13:51,running-time,rs-006607-cms44,2cc43f4c-f5a8-4c79-8436-8c6b798fefa7,1,6858.567164
2026/02/05/01:13:56,apply-time,rs-006608-hcrqz,12a76702-89a4-4189-8df6-148939fc7a5d,1,6862.567164
2026/02/05/01:13:56,running-time,rs-006608-hcrqz,12a76702-89a4-4189-8df6-148939fc7a5d,1,6862.567164
2026/02/05/01:13:56,apply-time,rs-006608-lp66h,498d09a1-3701-41dd-8608-8f2dae423e00,1,6862.567164
2026/02/05/01:13:56,running-time,rs-006608-lp66h,498d09a1-3701-41dd-8608-8f2dae423e00,1,6862.567164
2026/02/05/01:13:56,apply-time,rs-006608-pqbcr,fa9d2486-c801-4aa8-98b7-f35abf7f6a8c,1,6862.567164
2026/02/05/01:13:56,running-time,rs-006608-pqbcr,fa9d2486-c801-4aa8-98b7-f35abf7f6a8c,1,6862.567164
2026/02/05/01:13:56,apply-time,rs-006609-v95s2,f3a2edf0-13b4-4b45-b4bd-3a9eae29881d,1,6862.567164
2026/02/05/01:13:56,running-time,rs-006609-v95s2,f3a2edf0-13b4-4b45-b4bd-3a9eae29881d,1,6862.567164
2026/02/05/01:14:00,apply-time,rs-006610-6gjfj,ba9a8f6a-da8f-41b7-8631-837cc012ad77,1,6866.567164
2026/02/05/01:14:00,running-time,rs-006610-6gjfj,ba9a8f6a-da8f-41b7-8631-837cc012ad77,1,6866.567164
2026/02/05/01:14:00,apply-time,rs-006610-hqbxr,d6b389f4-efff-4809-83cf-204a3f3b811a,1,6866.567164
2026/02/05/01:14:00,running-time,rs-006610-hqbxr,d6b389f4-efff-4809-83cf-204a3f3b811a,1,6866.567164
2026/02/05/01:14:00,apply-time,rs-006610-jj2ds,c2ce3302-3a97-4405-bee5-f3cccc55e137,1,6866.567164
2026/02/05/01:14:00,running-time,rs-006610-jj2ds,c2ce3302-3a97-4405-bee5-f3cccc55e137,1,6866.567164
2026/02/05/01:14:00,apply-time,rs-006611-225zp,1671e911-29ca-4a33-b7be-61af15ba8a24,1,6867.567164
2026/02/05/01:14:00,running-time,rs-006611-225zp,1671e911-29ca-4a33-b7be-61af15ba8a24,1,6867.567164
2026/02/05/01:14:00,apply-time,rs-006611-bqtz2,2bf8a6fe-4313-47d6-95f3-74fe9df4aed5,1,6867.567164
2026/02/05/01:14:00,running-time,rs-006611-bqtz2,2bf8a6fe-4313-47d6-95f3-74fe9df4aed5,1,6867.567164
2026/02/05/01:14:00,apply-time,rs-006611-wkjc8,37d95c9d-dfe8-482a-b523-5df3692bf32f,1,6867.567164
2026/02/05/01:14:00,running-time,rs-006611-wkjc8,37d95c9d-dfe8-482a-b523-5df3692bf32f,1,6867.567164
2026/02/05/01:14:00,apply-time,rs-006612-vzzv2,6fb261bc-123e-4692-b912-91cdc9adf9d2,1,6867.567164
2026/02/05/01:14:00,apply-time,rs-006613-j5rxs,ead4a64e-f424-4ce5-b1af-f1f0daf6fe35,1,6867.567164
2026/02/05/01:14:00,apply-time,rs-006614-9zmhq,841cc779-56c4-49a7-be3d-a5d28241d6e4,1,6867.567164
2026/02/05/01:14:00,apply-time,rs-006614-mt5zs,ae7f9b0f-018d-4d29-afd0-641af2d0f306,1,6867.567164
2026/02/05/01:14:00,apply-time,rs-006614-svc9l,4168cfcd-fda4-4727-9b83-92ae53c9cc6f,1,6867.567164
2026/02/05/01:14:01,running-time,rs-006612-vzzv2,6fb261bc-123e-4692-b912-91cdc9adf9d2,1,6867.567164
2026/02/05/01:14:01,running-time,rs-006613-j5rxs,ead4a64e-f424-4ce5-b1af-f1f0daf6fe35,1,6867.567164
2026/02/05/01:14:01,running-time,rs-006614-9zmhq,841cc779-56c4-49a7-be3d-a5d28241d6e4,1,6867.567164
2026/02/05/01:14:01,running-time,rs-006614-mt5zs,ae7f9b0f-018d-4d29-afd0-641af2d0f306,1,6867.567164
2026/02/05/01:14:01,running-time,rs-006614-svc9l,4168cfcd-fda4-4727-9b83-92ae53c9cc6f,1,6867.567164
2026/02/05/01:14:14,apply-time,rs-006615-9td9x,854623a8-3d86-40dc-aa26-8e172272f558,1,6880.567164
2026/02/05/01:14:14,running-time,rs-006615-9td9x,854623a8-3d86-40dc-aa26-8e172272f558,1,6880.567164
2026/02/05/01:14:14,apply-time,rs-006616-2vhgx,40874dae-6cc0-4390-a7e4-e2e670217e63,1,6880.567164
2026/02/05/01:14:14,running-time,rs-006616-2vhgx,40874dae-6cc0-4390-a7e4-e2e670217e63,1,6880.567164
2026/02/05/01:14:14,apply-time,rs-006616-4lbrd,8954eada-2653-4265-a032-c5723a48f782,1,6880.567164
2026/02/05/01:14:14,running-time,rs-006616-4lbrd,8954eada-2653-4265-a032-c5723a48f782,1,6880.567164
2026/02/05/01:14:16,apply-time,rs-006617-gr48d,f931bd2f-8c96-4035-b1e8-508d57a0a65a,1,6883.567164
2026/02/05/01:14:16,running-time,rs-006617-gr48d,f931bd2f-8c96-4035-b1e8-508d57a0a65a,1,6883.567164
2026/02/05/01:14:16,apply-time,rs-006617-hqxnd,2514f699-c58e-483f-bdf4-1a5e0b14181e,1,6883.567164
2026/02/05/01:14:16,running-time,rs-006617-hqxnd,2514f699-c58e-483f-bdf4-1a5e0b14181e,1,6883.567164
2026/02/05/01:14:16,apply-time,rs-006618-rt5wg,81e8848e-871f-4aef-be49-fa0fec33dc53,1,6883.567164
2026/02/05/01:14:16,running-time,rs-006618-rt5wg,81e8848e-871f-4aef-be49-fa0fec33dc53,1,6883.567164
2026/02/05/01:14:17,apply-time,rs-006619-c45tl,369f6ed4-308e-4d62-8f1a-bbe5621bb3a1,1,6883.567164
2026/02/05/01:14:17,running-time,rs-006619-c45tl,369f6ed4-308e-4d62-8f1a-bbe5621bb3a1,1,6883.567164
2026/02/05/01:14:17,apply-time,rs-006619-m5pd8,fe64f7a1-787d-4d5f-a0b9-d41bb1c8aa06,1,6883.567164
2026/02/05/01:14:17,running-time,rs-006619-m5pd8,fe64f7a1-787d-4d5f-a0b9-d41bb1c8aa06,1,6883.567164
2026/02/05/01:14:17,apply-time,rs-006619-xrmsq,966672b2-c391-4049-92de-cabbb291c7f1,1,6883.567164
2026/02/05/01:14:17,running-time,rs-006619-xrmsq,966672b2-c391-4049-92de-cabbb291c7f1,1,6883.567164
2026/02/05/01:14:21,apply-time,rs-006620-czjvb,0cacd489-d16d-456f-a8f5-ba63533f2804,1,6887.567164
2026/02/05/01:14:21,running-time,rs-006620-czjvb,0cacd489-d16d-456f-a8f5-ba63533f2804,1,6887.567164
2026/02/05/01:14:21,apply-time,rs-006620-lqxrq,1892ab7c-e849-428f-a5ef-e937d82326bd,1,6887.567164
2026/02/05/01:14:21,running-time,rs-006620-lqxrq,1892ab7c-e849-428f-a5ef-e937d82326bd,1,6887.567164
2026/02/05/01:14:21,apply-time,rs-006620-zhk55,6c0f71c0-7369-4fa2-a576-1c93e296220c,1,6887.567164
2026/02/05/01:14:21,running-time,rs-006620-zhk55,6c0f71c0-7369-4fa2-a576-1c93e296220c,1,6887.567164
2026/02/05/01:14:21,apply-time,rs-006621-7m42p,33ab9d9e-1734-4b2b-844c-cfe38fd77255,1,6887.567164
2026/02/05/01:14:21,running-time,rs-006621-7m42p,33ab9d9e-1734-4b2b-844c-cfe38fd77255,1,6887.567164
2026/02/05/01:14:21,apply-time,rs-006621-hmsq7,98134be9-7a5c-41ec-94eb-966ec6859e1a,1,6887.567164
2026/02/05/01:14:21,running-time,rs-006621-hmsq7,98134be9-7a5c-41ec-94eb-966ec6859e1a,1,6887.567164
2026/02/05/01:14:21,apply-time,rs-006621-vzjm4,566188ce-e2e6-4862-b00b-0565bf898a76,1,6887.567164
2026/02/05/01:14:21,running-time,rs-006621-vzjm4,566188ce-e2e6-4862-b00b-0565bf898a76,1,6887.567164
2026/02/05/01:14:23,apply-time,rs-006622-866bl,968bfc9f-b761-48c7-bca9-6f067ab078b9,1,6889.567164
2026/02/05/01:14:23,running-time,rs-006622-866bl,968bfc9f-b761-48c7-bca9-6f067ab078b9,1,6889.567164
2026/02/05/01:14:23,apply-time,rs-006623-l8lht,92b733df-0392-436d-ad69-4702e869b51b,1,6889.567164
2026/02/05/01:14:23,running-time,rs-006623-l8lht,92b733df-0392-436d-ad69-4702e869b51b,1,6889.567164
2026/02/05/01:14:25,apply-time,rs-006624-76f9w,d17dc3f0-173c-43f3-aa53-13f8b369427d,1,6891.567164
2026/02/05/01:14:25,running-time,rs-006624-76f9w,d17dc3f0-173c-43f3-aa53-13f8b369427d,1,6891.567164
2026/02/05/01:14:25,apply-time,rs-006624-lrhf4,5dd301d8-287e-41d1-aaca-25228eceee96,1,6891.567164
2026/02/05/01:14:25,running-time,rs-006624-lrhf4,5dd301d8-287e-41d1-aaca-25228eceee96,1,6891.567164
2026/02/05/01:14:25,apply-time,rs-006624-w99v9,f4800683-579f-493c-85e5-90cf8533ab5f,1,6891.567164
2026/02/05/01:14:25,running-time,rs-006624-w99v9,f4800683-579f-493c-85e5-90cf8533ab5f,1,6891.567164
2026/02/05/01:14:25,apply-time,rs-006625-69zz4,3f630b8f-79a0-44bb-ab26-43839b2a3ccb,1,6891.567164
2026/02/05/01:14:25,running-time,rs-006625-69zz4,3f630b8f-79a0-44bb-ab26-43839b2a3ccb,1,6891.567164
2026/02/05/01:14:25,apply-time,rs-006625-w2495,16d4cfaa-7adf-4079-bc27-5aff01891e06,1,6891.567164
2026/02/05/01:14:25,running-time,rs-006625-w2495,16d4cfaa-7adf-4079-bc27-5aff01891e06,1,6891.567164
2026/02/05/01:14:25,apply-time,rs-006626-m74m8,45737358-38c1-40a5-a593-9cedba226b53,1,6891.567164
2026/02/05/01:14:25,running-time,rs-006626-m74m8,45737358-38c1-40a5-a593-9cedba226b53,1,6891.567164
2026/02/05/01:14:25,apply-time,rs-006627-4mw28,f7b55f29-0b8a-4a74-aaa1-2244114b3bfa,1,6891.567164
2026/02/05/01:14:25,running-time,rs-006627-4mw28,f7b55f29-0b8a-4a74-aaa1-2244114b3bfa,1,6891.567164
2026/02/05/01:14:25,apply-time,rs-006627-s8vwq,60ba368b-5885-4f87-b15f-14ee80ba37b8,1,6891.567164
2026/02/05/01:14:25,running-time,rs-006627-s8vwq,60ba368b-5885-4f87-b15f-14ee80ba37b8,1,6891.567164
2026/02/05/01:14:25,apply-time,rs-006627-v2rnk,f4c1f4e9-b476-4cc6-8057-d74b03a6057b,1,6891.567164
2026/02/05/01:14:25,running-time,rs-006627-v2rnk,f4c1f4e9-b476-4cc6-8057-d74b03a6057b,1,6892.567164
2026/02/05/01:14:25,apply-time,rs-006629-c6g2q,6d0e614e-8060-4b20-aeb5-7739cd27c7ac,1,6892.567164
2026/02/05/01:14:25,running-time,rs-006629-c6g2q,6d0e614e-8060-4b20-aeb5-7739cd27c7ac,1,6892.567164
2026/02/05/01:14:26,apply-time,rs-006628-gd7g5,a5d71309-a11f-4692-afe9-8e58993732e4,1,6892.567164
2026/02/05/01:14:26,running-time,rs-006628-gd7g5,a5d71309-a11f-4692-afe9-8e58993732e4,1,6892.567164
2026/02/05/01:14:26,apply-time,rs-006630-6hth9,dd3ee14e-dd98-45f7-bbfd-f697fb34d714,1,6892.567164
2026/02/05/01:14:26,running-time,rs-006630-6hth9,dd3ee14e-dd98-45f7-bbfd-f697fb34d714,1,6892.567164
2026/02/05/01:14:26,apply-time,rs-006630-tk7vl,0ead4e3e-9840-4801-b192-d5ca38e4ccca,1,6892.567164
2026/02/05/01:14:26,running-time,rs-006630-tk7vl,0ead4e3e-9840-4801-b192-d5ca38e4ccca,1,6892.567164
2026/02/05/01:14:26,apply-time,rs-006631-r7zf7,3bdec09e-0b55-4938-87a8-265e31e70898,1,6893.567164
2026/02/05/01:14:26,running-time,rs-006631-r7zf7,3bdec09e-0b55-4938-87a8-265e31e70898,1,6893.567164
2026/02/05/01:14:26,apply-time,rs-006632-rpkh6,366739b7-7760-4636-9783-54322c41e353,1,6893.567164
2026/02/05/01:14:27,running-time,rs-006632-rpkh6,366739b7-7760-4636-9783-54322c41e353,1,6893.567164
2026/02/05/01:14:27,apply-time,rs-006633-7sw9j,dbc75067-fd5b-4b3a-b424-31cd26ec61f8,1,6893.567164
2026/02/05/01:14:27,running-time,rs-006633-7sw9j,dbc75067-fd5b-4b3a-b424-31cd26ec61f8,1,6893.567164
2026/02/05/01:14:27,apply-time,rs-006633-rnfgs,1a00080f-704c-49e4-8c34-663c918481ec,1,6893.567164
2026/02/05/01:14:27,running-time,rs-006633-rnfgs,1a00080f-704c-49e4-8c34-663c918481ec,1,6893.567164
2026/02/05/01:14:27,apply-time,rs-006634-jsf98,5afdbcfb-51d3-4ef2-aae9-b99517e09486,1,6893.567164
2026/02/05/01:14:27,running-time,rs-006634-jsf98,5afdbcfb-51d3-4ef2-aae9-b99517e09486,1,6893.567164
2026/02/05/01:14:27,apply-time,rs-006635-5dfzp,d7ec09c4-737c-432d-8368-0d65cf2fbd5e,1,6893.567164
2026/02/05/01:14:27,running-time,rs-006635-5dfzp,d7ec09c4-737c-432d-8368-0d65cf2fbd5e,1,6893.567164
2026/02/05/01:14:27,apply-time,rs-006635-vtfgc,52e3efd6-a55e-4c86-a663-aabe9aa995c6,1,6893.567164
2026/02/05/01:14:27,running-time,rs-006635-vtfgc,52e3efd6-a55e-4c86-a663-aabe9aa995c6,1,6893.567164
2026/02/05/01:14:27,apply-time,rs-006636-j8vrp,52bbbc84-46e5-49ca-b6d8-e44a34731334,1,6893.567164
2026/02/05/01:14:27,running-time,rs-006636-j8vrp,52bbbc84-46e5-49ca-b6d8-e44a34731334,1,6893.567164
2026/02/05/01:14:27,apply-time,rs-006637-8tlfj,d1ef8f72-e29c-4f34-9ebc-79f3617cd7a6,1,6894.567164
2026/02/05/01:14:27,running-time,rs-006637-8tlfj,d1ef8f72-e29c-4f34-9ebc-79f3617cd7a6,1,6894.567164
2026/02/05/01:14:27,apply-time,rs-006637-rstdr,6e101ab5-b875-48b4-8d17-a327e7650a24,1,6893.567164
2026/02/05/01:14:27,running-time,rs-006637-rstdr,6e101ab5-b875-48b4-8d17-a327e7650a24,1,6893.567164
2026/02/05/01:14:27,apply-time,rs-006638-w28jl,0b4fa72f-089c-4ff3-98fd-ffdb0a3628f3,1,6894.567164
2026/02/05/01:14:27,apply-time,rs-006639-h62nl,42757246-c5a5-462f-86dd-e4917dc6ff79,1,6894.567164
2026/02/05/01:14:27,running-time,rs-006639-h62nl,42757246-c5a5-462f-86dd-e4917dc6ff79,1,6894.567164
2026/02/05/01:14:28,apply-time,rs-006638-n84pp,32d91510-3d3d-496a-9595-829e0d6ac8d4,1,6894.567164
2026/02/05/01:14:28,running-time,rs-006638-n84pp,32d91510-3d3d-496a-9595-829e0d6ac8d4,1,6895.567164
2026/02/05/01:14:28,running-time,rs-006638-w28jl,0b4fa72f-089c-4ff3-98fd-ffdb0a3628f3,1,6894.567164
2026/02/05/01:14:28,apply-time,rs-006640-5bqxq,8d7a3ef7-0592-49b3-8885-16beb372ac77,1,6894.567164
2026/02/05/01:14:28,apply-time,rs-006640-7jwv8,ecf96f53-5fd2-4e4f-b870-5c5e15c1d133,1,6894.567164
2026/02/05/01:14:28,apply-time,rs-006640-wkc8f,1eec2a35-ead8-4176-a7c3-58a2e664e6e8,1,6894.567164
2026/02/05/01:14:28,apply-time,rs-006641-5j6nr,b8098ec4-fe24-46f7-85b2-6f08b52b7616,1,6894.567164
2026/02/05/01:14:28,apply-time,rs-006641-cqh22,45f6dff2-57ec-4ac9-b66c-c36d68b942dd,1,6894.567164
2026/02/05/01:14:28,apply-time,rs-006641-hwqp8,6e7443e9-d3d3-4aed-b351-019e916bbf61,1,6894.567164
2026/02/05/01:14:28,running-time,rs-006641-hwqp8,6e7443e9-d3d3-4aed-b351-019e916bbf61,1,6895.567164
2026/02/05/01:14:28,apply-time,rs-006642-76lpd,dea9eca3-c797-41b9-ba12-28786bde6377,1,6894.567164
2026/02/05/01:14:28,running-time,rs-006642-76lpd,dea9eca3-c797-41b9-ba12-28786bde6377,1,6894.567164
2026/02/05/01:14:29,running-time,rs-006640-5bqxq,8d7a3ef7-0592-49b3-8885-16beb372ac77,1,6895.567164
2026/02/05/01:14:29,running-time,rs-006640-7jwv8,ecf96f53-5fd2-4e4f-b870-5c5e15c1d133,1,6895.567164
2026/02/05/01:14:29,running-time,rs-006640-wkc8f,1eec2a35-ead8-4176-a7c3-58a2e664e6e8,1,6895.567164
2026/02/05/01:14:29,apply-time,rs-006643-nt9sb,9962f3db-7257-4fba-bfa7-ba916184ecf3,1,6895.567164
2026/02/05/01:14:29,running-time,rs-006643-nt9sb,9962f3db-7257-4fba-bfa7-ba916184ecf3,1,6895.567164
2026/02/05/01:14:29,apply-time,rs-006644-987j9,7ddd391b-e385-4275-9d6d-e501347f1c95,1,6895.567164
2026/02/05/01:14:29,running-time,rs-006644-987j9,7ddd391b-e385-4275-9d6d-e501347f1c95,1,6895.567164
2026/02/05/01:14:31,apply-time,rs-006645-2pznp,ce728b5a-7b12-44f2-a71f-de176407fb93,1,6897.567164
2026/02/05/01:14:31,running-time,rs-006645-2pznp,ce728b5a-7b12-44f2-a71f-de176407fb93,1,6897.567164
2026/02/05/01:14:31,apply-time,rs-006645-f27qs,8385d134-3b6f-4a8b-a1bf-a7a6189dd224,1,6897.567164
2026/02/05/01:14:31,running-time,rs-006645-f27qs,8385d134-3b6f-4a8b-a1bf-a7a6189dd224,1,6897.567164
2026/02/05/01:14:31,apply-time,rs-006645-tm9qc,d3d934a9-b1c1-46a5-9c17-f80d08017658,1,6897.567164
2026/02/05/01:14:31,running-time,rs-006645-tm9qc,d3d934a9-b1c1-46a5-9c17-f80d08017658,1,6897.567164
2026/02/05/01:14:31,apply-time,rs-006646-w9m5c,667bee46-b532-4039-8796-a013fd5a3c81,1,6897.567164
2026/02/05/01:14:31,running-time,rs-006646-w9m5c,667bee46-b532-4039-8796-a013fd5a3c81,1,6897.567164
2026/02/05/01:14:34,apply-time,rs-006647-2rh2q,c2de54a4-5e80-4d2c-8f2a-0525ff711db9,1,6900.567164
2026/02/05/01:14:34,running-time,rs-006647-2rh2q,c2de54a4-5e80-4d2c-8f2a-0525ff711db9,1,6900.567164
2026/02/05/01:14:34,apply-time,rs-006647-blzj2,4f6f84c3-4eda-4c26-8f06-c303ab8c7f7b,1,6900.567164
2026/02/05/01:14:34,running-time,rs-006647-blzj2,4f6f84c3-4eda-4c26-8f06-c303ab8c7f7b,1,6900.567164
2026/02/05/01:14:34,apply-time,rs-006647-qbzsg,1862c2d4-7f24-47e5-84b4-07cc9d8d66b0,1,6900.567164
2026/02/05/01:14:34,running-time,rs-006647-qbzsg,1862c2d4-7f24-47e5-84b4-07cc9d8d66b0,1,6900.567164
2026/02/05/01:14:34,apply-time,rs-006648-99p7k,99a019e3-cf32-40f3-9a07-7f25df1691d9,1,6900.567164
2026/02/05/01:14:34,running-time,rs-006648-99p7k,99a019e3-cf32-40f3-9a07-7f25df1691d9,1,6900.567164
2026/02/05/01:14:34,apply-time,rs-006649-84jz7,59dcf60a-3839-47b3-b4ae-459c34fd15ff,1,6900.567164
2026/02/05/01:14:34,running-time,rs-006649-84jz7,59dcf60a-3839-47b3-b4ae-459c34fd15ff,1,6900.567164
2026/02/05/01:14:34,apply-time,rs-006649-sgr8j,7a8fa8e1-4c59-4607-b02f-da1df3bb4f7f,1,6900.567164
2026/02/05/01:14:34,running-time,rs-006649-sgr8j,7a8fa8e1-4c59-4607-b02f-da1df3bb4f7f,1,6900.567164
2026/02/05/01:14:34,apply-time,rs-006649-x5rgn,a370045e-470a-46f9-9648-257d6f39dd1b,1,6900.567164
2026/02/05/01:14:34,running-time,rs-006649-x5rgn,a370045e-470a-46f9-9648-257d6f39dd1b,1,6900.567164
2026/02/05/01:14:34,apply-time,rs-006650-484zd,70b16e3e-da7a-405b-8978-76414fc9db18,1,6900.567164
2026/02/05/01:14:34,running-time,rs-006650-484zd,70b16e3e-da7a-405b-8978-76414fc9db18,1,6900.567164
2026/02/05/01:14:34,apply-time,rs-006650-q8tlq,76f63789-c918-45ce-bac4-d22ffa6e98b4,1,6900.567164
2026/02/05/01:14:34,running-time,rs-006650-q8tlq,76f63789-c918-45ce-bac4-d22ffa6e98b4,1,6900.567164
2026/02/05/01:14:34,apply-time,rs-006651-2g5vh,8b21a0cc-a05a-42fa-a74c-198cf4bd7e43,1,6901.567164
2026/02/05/01:14:34,apply-time,rs-006651-zl5g5,61fe76d0-ab1f-449a-b2a6-2e667962ff10,1,6900.567164
2026/02/05/01:14:34,apply-time,rs-006652-knw8w,bc487497-2efc-4107-ae8e-7bc2b40947bd,1,6900.567164
2026/02/05/01:14:34,running-time,rs-006652-knw8w,bc487497-2efc-4107-ae8e-7bc2b40947bd,1,6900.567164
2026/02/05/01:14:35,apply-time,rs-006653-hkvmq,daa6abc3-c223-482a-80d7-ed2bdf4d3f43,1,6902.567164
2026/02/05/01:14:35,apply-time,rs-006654-66t5t,fc597be4-e485-448d-a217-380e480a18de,1,6902.567164
2026/02/05/01:14:35,running-time,rs-006654-66t5t,fc597be4-e485-448d-a217-380e480a18de,1,6902.567164
2026/02/05/01:14:35,apply-time,rs-006654-xndtr,6c6e5a2d-5773-48ec-80e4-cb843ebd0d45,1,6902.567164
2026/02/05/01:14:35,running-time,rs-006654-xndtr,6c6e5a2d-5773-48ec-80e4-cb843ebd0d45,1,6902.567164
2026/02/05/01:14:36,running-time,rs-006653-hkvmq,daa6abc3-c223-482a-80d7-ed2bdf4d3f43,1,6902.567164
2026/02/05/01:14:38,running-time,rs-006651-2g5vh,8b21a0cc-a05a-42fa-a74c-198cf4bd7e43,1,6905.567164
2026/02/05/01:14:39,apply-time,rs-006655-84qnc,63f1bea2-da24-4006-8b01-4b7f3c1a1c4d,1,6905.567164
2026/02/05/01:14:39,running-time,rs-006655-84qnc,63f1bea2-da24-4006-8b01-4b7f3c1a1c4d,1,6905.567164
2026/02/05/01:14:39,apply-time,rs-006655-rx77b,0dd9c49d-1510-4f87-8170-84e60a901c08,1,6905.567164
2026/02/05/01:14:39,running-time,rs-006655-rx77b,0dd9c49d-1510-4f87-8170-84e60a901c08,1,6905.567164
2026/02/05/01:14:39,apply-time,rs-006655-wwlkl,bf9584ce-2bc4-4be8-9fca-18aafa5ec8e9,1,6905.567164
2026/02/05/01:14:39,running-time,rs-006655-wwlkl,bf9584ce-2bc4-4be8-9fca-18aafa5ec8e9,1,6905.567164
2026/02/05/01:14:39,apply-time,rs-006656-7rnht,d38b2931-2220-42f0-951a-ff6dd797d298,1,6905.567164
2026/02/05/01:14:39,apply-time,rs-006656-q7kkb,e56ce334-48a1-4fef-aa84-4efa03a4366f,1,6905.567164
2026/02/05/01:14:39,apply-time,rs-006657-gkmcv,72e7aa50-3cd1-4fd1-bceb-f72fc55432d2,1,6905.567164
2026/02/05/01:14:39,apply-time,rs-006657-rx9qq,b16f2ff3-c87d-44e4-8da1-c400a7de6bf8,1,6905.567164
2026/02/05/01:14:39,apply-time,rs-006658-bx9x8,bc43d18e-5c0c-4648-a15e-8a0e78f9cb89,1,6906.567164
2026/02/05/01:14:39,running-time,rs-006658-bx9x8,bc43d18e-5c0c-4648-a15e-8a0e78f9cb89,1,6906.567164
2026/02/05/01:14:39,apply-time,rs-006658-lr99p,fb726d58-0393-40b3-ac95-2ab923331984,1,6906.567164
2026/02/05/01:14:39,running-time,rs-006658-lr99p,fb726d58-0393-40b3-ac95-2ab923331984,1,6906.567164
2026/02/05/01:14:39,apply-time,rs-006659-4892d,6d404d28-e981-4237-ae73-19082b5cadff,1,6906.567164
2026/02/05/01:14:39,apply-time,rs-006659-bfcqs,34b90cf5-1bf5-4123-a171-235559ed22d3,1,6906.567164
2026/02/05/01:14:39,apply-time,rs-006659-n7mvp,557c832c-f920-4152-8293-f7057be206d5,1,6906.567164
2026/02/05/01:14:40,apply-time,rs-006660-c9knp,24a7a6c5-a299-4a0d-9669-cf0def3fee97,1,6906.567164
2026/02/05/01:14:42,running-time,rs-006656-7rnht,d38b2931-2220-42f0-951a-ff6dd797d298,1,6908.567164
2026/02/05/01:14:42,running-time,rs-006657-gkmcv,72e7aa50-3cd1-4fd1-bceb-f72fc55432d2,1,6908.567164
2026/02/05/01:14:42,running-time,rs-006657-rx9qq,b16f2ff3-c87d-44e4-8da1-c400a7de6bf8,1,6908.567164
2026/02/05/01:14:42,running-time,rs-006659-4892d,6d404d28-e981-4237-ae73-19082b5cadff,1,6908.567164
2026/02/05/01:14:42,running-time,rs-006659-bfcqs,34b90cf5-1bf5-4123-a171-235559ed22d3,1,6908.567164
2026/02/05/01:14:42,running-time,rs-006659-n7mvp,557c832c-f920-4152-8293-f7057be206d5,1,6908.567164
2026/02/05/01:14:44,running-time,rs-006656-q7kkb,e56ce334-48a1-4fef-aa84-4efa03a4366f,1,6910.567164
2026/02/05/01:14:44,apply-time,rs-006661-lcjs7,64e92727-dce8-4f2f-bdbc-5eef4f3b87ca,1,6910.567164
2026/02/05/01:14:44,apply-time,rs-006661-zqxz8,9630dba6-5bad-4142-b00a-4f7b8e5c575e,1,6910.567164
2026/02/05/01:14:44,apply-time,rs-006661-zx5zm,52b955ec-da41-4b7e-8691-792a0062919d,1,6910.567164
2026/02/05/01:14:44,apply-time,rs-006662-klmnl,2fc2fa76-aeba-440f-8d63-23af50d2d14b,1,6910.567164
2026/02/05/01:14:44,apply-time,rs-006662-mjmvm,0944cf2f-deb9-490d-8c47-baae210bc55a,1,6910.567164
2026/02/05/01:14:44,apply-time,rs-006662-mp8j9,954e9467-f491-4bca-ac82-b74ece4f19af,1,6910.567164
2026/02/05/01:14:44,apply-time,rs-006663-kjlpv,1236b2a2-534a-43bf-b48c-5190a44c2f48,1,6910.567164
2026/02/05/01:14:44,running-time,rs-006663-kjlpv,1236b2a2-534a-43bf-b48c-5190a44c2f48,1,6910.567164
2026/02/05/01:14:44,apply-time,rs-006664-4pcdn,19908c6b-67ca-4933-995b-03223e9bab69,1,6910.567164
2026/02/05/01:14:44,running-time,rs-006664-4pcdn,19908c6b-67ca-4933-995b-03223e9bab69,1,6910.567164
2026/02/05/01:14:44,apply-time,rs-006664-d8pt9,f564d5c5-3b8d-471b-be99-2479ef9759c2,1,6910.567164
2026/02/05/01:14:44,running-time,rs-006664-d8pt9,f564d5c5-3b8d-471b-be99-2479ef9759c2,1,6910.567164
2026/02/05/01:14:44,apply-time,rs-006665-92k6r,4cb4253d-a185-4208-ab65-13d89604c853,1,6910.567164
2026/02/05/01:14:44,running-time,rs-006665-92k6r,4cb4253d-a185-4208-ab65-13d89604c853,1,6910.567164
2026/02/05/01:14:44,apply-time,rs-006665-pzkvw,b2b30ffe-f504-4a66-94f6-2345207b275d,1,6910.567164
2026/02/05/01:14:44,running-time,rs-006665-pzkvw,b2b30ffe-f504-4a66-94f6-2345207b275d,1,6910.567164
2026/02/05/01:14:44,apply-time,rs-006665-rqs7j,51a9b096-7d9f-4674-8e60-9213dd046c73,1,6910.567164
2026/02/05/01:14:44,running-time,rs-006665-rqs7j,51a9b096-7d9f-4674-8e60-9213dd046c73,1,6910.567164
2026/02/05/01:14:44,apply-time,rs-006666-ckq8n,e3ff1d4f-7c65-4dd7-9e4d-fc6c999d2a81,1,6910.567164
2026/02/05/01:14:44,running-time,rs-006666-ckq8n,e3ff1d4f-7c65-4dd7-9e4d-fc6c999d2a81,1,6910.567164
2026/02/05/01:14:44,apply-time,rs-006666-zd29f,dc088242-86ce-480a-a45d-cd1f68b27108,1,6910.567164
2026/02/05/01:14:44,running-time,rs-006666-zd29f,dc088242-86ce-480a-a45d-cd1f68b27108,1,6910.567164
2026/02/05/01:14:44,apply-time,rs-006667-4pfdw,e405ada7-3fb6-4a36-b52e-eb9f13919196,1,6911.567164
2026/02/05/01:14:44,running-time,rs-006667-4pfdw,e405ada7-3fb6-4a36-b52e-eb9f13919196,1,6911.567164
2026/02/05/01:14:45,apply-time,rs-006667-8xfg7,5e9f57e2-c312-4151-8d22-bf01eb1847c7,1,6911.567164
2026/02/05/01:14:45,running-time,rs-006667-8xfg7,5e9f57e2-c312-4151-8d22-bf01eb1847c7,1,6911.567164
2026/02/05/01:14:46,apply-time,rs-006668-4mmkw,c5d902d5-65aa-4bd5-a76e-588e3a5841a0,1,6913.567164
2026/02/05/01:14:46,apply-time,rs-006668-7f42s,2e01655d-2047-49ff-9794-f2d3c68beb2d,1,6913.567164
2026/02/05/01:14:46,running-time,rs-006668-7f42s,2e01655d-2047-49ff-9794-f2d3c68beb2d,1,6913.567164
2026/02/05/01:14:46,apply-time,rs-006668-wjhsq,0dd2a902-a7a6-4ec6-84bb-f2b824c2ecc7,1,6913.567164
2026/02/05/01:14:47,running-time,rs-006668-4mmkw,c5d902d5-65aa-4bd5-a76e-588e3a5841a0,1,6913.567164
2026/02/05/01:14:47,running-time,rs-006668-wjhsq,0dd2a902-a7a6-4ec6-84bb-f2b824c2ecc7,1,6913.567164
2026/02/05/01:14:47,apply-time,rs-006669-6f6hf,ff11667d-bd29-47b2-bb1c-5ee44d9ce7d8,1,6913.567164
2026/02/05/01:14:47,running-time,rs-006669-6f6hf,ff11667d-bd29-47b2-bb1c-5ee44d9ce7d8,1,6913.567164
2026/02/05/01:14:47,apply-time,rs-006669-bmt8q,da52ee13-92cc-41f8-bc4d-96584f1d4618,1,6913.567164
2026/02/05/01:14:47,running-time,rs-006669-bmt8q,da52ee13-92cc-41f8-bc4d-96584f1d4618,1,6913.567164
2026/02/05/01:14:47,apply-time,rs-006669-cphms,aba25037-1d70-4de7-bfa2-90f7f254743d,1,6913.567164
2026/02/05/01:14:47,running-time,rs-006669-cphms,aba25037-1d70-4de7-bfa2-90f7f254743d,1,6913.567164
2026/02/05/01:14:54,running-time,rs-006651-zl5g5,61fe76d0-ab1f-449a-b2a6-2e667962ff10,1,6920.567164
2026/02/05/01:14:57,apply-time,rs-006670-qjn6v,206b3897-0144-4c81-a5bf-8c838a907cfa,1,6923.567164
2026/02/05/01:14:57,apply-time,rs-006671-bqh9w,99437176-7a8b-491e-9b5d-4b99d389d3e2,1,6923.567164
2026/02/05/01:14:57,running-time,rs-006671-bqh9w,99437176-7a8b-491e-9b5d-4b99d389d3e2,1,6923.567164
2026/02/05/01:14:57,apply-time,rs-006672-7ctp8,8cf52423-abae-45ad-a8cc-b4a8e19928aa,1,6924.567164
2026/02/05/01:14:57,running-time,rs-006672-7ctp8,8cf52423-abae-45ad-a8cc-b4a8e19928aa,1,6924.567164
2026/02/05/01:14:57,apply-time,rs-006672-tcf9q,b1c70c25-dee4-4fbf-a7dd-8043c14470d4,1,6924.567164
2026/02/05/01:14:57,running-time,rs-006672-tcf9q,b1c70c25-dee4-4fbf-a7dd-8043c14470d4,1,6924.567164
2026/02/05/01:14:57,apply-time,rs-006672-vfwd7,ba2002f3-1942-4b6d-a575-b820a524a59d,1,6924.567164
2026/02/05/01:14:57,running-time,rs-006672-vfwd7,ba2002f3-1942-4b6d-a575-b820a524a59d,1,6924.567164
2026/02/05/01:14:57,apply-time,rs-006673-7gjwg,62a00fac-7989-49d1-b4f4-355326619c3b,1,6924.567164
2026/02/05/01:14:57,running-time,rs-006673-7gjwg,62a00fac-7989-49d1-b4f4-355326619c3b,1,6924.567164
2026/02/05/01:15:03,apply-time,rs-004141-r7c9q,1a8a6536-ee8b-4bfa-93e2-c8471fde58af,1,6929.567164
2026/02/05/01:15:03,running-time,rs-004141-r7c9q,1a8a6536-ee8b-4bfa-93e2-c8471fde58af,1,6930.567164
2026/02/05/01:15:03,running-time,rs-006670-qjn6v,206b3897-0144-4c81-a5bf-8c838a907cfa,1,6930.567164
2026/02/05/01:15:03,apply-time,rs-006674-ncscs,985ce3e2-615f-4f59-8e9e-56d06ac2e40f,1,6929.567164
2026/02/05/01:15:03,running-time,rs-006674-ncscs,985ce3e2-615f-4f59-8e9e-56d06ac2e40f,1,6929.567164
2026/02/05/01:15:03,apply-time,rs-006674-tqjcm,5aa3106a-ad04-466d-bb52-ff1442cec5d5,1,6929.567164
2026/02/05/01:15:03,running-time,rs-006674-tqjcm,5aa3106a-ad04-466d-bb52-ff1442cec5d5,1,6929.567164
2026/02/05/01:15:03,apply-time,rs-006675-9zxx9,fa70262e-04f8-47a1-ac88-258c42d2ac31,1,6929.567164
2026/02/05/01:15:03,running-time,rs-006675-9zxx9,fa70262e-04f8-47a1-ac88-258c42d2ac31,1,6929.567164
2026/02/05/01:15:03,apply-time,rs-006675-d4q6z,8700a2eb-ad87-4693-a467-194dd1f68afb,1,6929.567164
2026/02/05/01:15:03,running-time,rs-006675-d4q6z,8700a2eb-ad87-4693-a467-194dd1f68afb,1,6929.567164
2026/02/05/01:15:03,apply-time,rs-006676-hq849,5518c35d-8c0c-452d-9d0f-de6efc82bc03,1,6930.567164
2026/02/05/01:15:03,running-time,rs-006676-hq849,5518c35d-8c0c-452d-9d0f-de6efc82bc03,1,6930.567164
2026/02/05/01:15:03,apply-time,rs-006676-mgnlg,8ac50659-ff70-4b9b-b3a7-083c2cc351ed,1,6930.567164
2026/02/05/01:15:03,running-time,rs-006676-mgnlg,8ac50659-ff70-4b9b-b3a7-083c2cc351ed,1,6930.567164
2026/02/05/01:15:03,apply-time,rs-006676-rc4cl,07f61d82-1c74-4fa8-afe4-cbb610856493,1,6930.567164
2026/02/05/01:15:03,running-time,rs-006676-rc4cl,07f61d82-1c74-4fa8-afe4-cbb610856493,1,6930.567164
2026/02/05/01:15:03,apply-time,rs-006677-2g55b,c39322fc-c1ba-4088-bc5f-da0868ed2be3,1,6930.567164
2026/02/05/01:15:03,running-time,rs-006677-2g55b,c39322fc-c1ba-4088-bc5f-da0868ed2be3,1,6930.567164
2026/02/05/01:15:03,apply-time,rs-006677-mbzs4,08b68359-a015-4057-849d-fe43025f6f0c,1,6930.567164
2026/02/05/01:15:03,running-time,rs-006677-mbzs4,08b68359-a015-4057-849d-fe43025f6f0c,1,6930.567164
2026/02/05/01:15:03,apply-time,rs-006678-p97jh,5d6bf8ed-1d8d-4141-a7e8-06d5a4226c50,1,6930.567164
2026/02/05/01:15:03,running-time,rs-006678-p97jh,5d6bf8ed-1d8d-4141-a7e8-06d5a4226c50,1,6930.567164
2026/02/05/01:15:07,apply-time,rs-006679-p4ftz,af320f63-4649-4d67-8fd1-bc8e09227f7a,1,6933.567164
2026/02/05/01:15:07,running-time,rs-006679-p4ftz,af320f63-4649-4d67-8fd1-bc8e09227f7a,1,6933.567164
2026/02/05/01:15:07,apply-time,rs-006680-5s5pd,3ff7d2f0-6d14-4860-9f9a-29fa62a59f06,1,6933.567164
2026/02/05/01:15:07,running-time,rs-006680-5s5pd,3ff7d2f0-6d14-4860-9f9a-29fa62a59f06,1,6933.567164
2026/02/05/01:15:07,apply-time,rs-006680-9pqzx,f2017ff4-0132-4380-b355-55331b4454da,1,6933.567164
2026/02/05/01:15:07,apply-time,rs-006680-dtv47,86c94371-41be-4eec-b53c-f1cd123cf24c,1,6933.567164
2026/02/05/01:15:07,apply-time,rs-006681-75rgx,59a64895-76fe-4542-9de9-7d6c1e802464,1,6933.567164
2026/02/05/01:15:07,apply-time,rs-006681-hbbds,68e78fbd-0205-4b8c-9590-89b6e3af1d95,1,6933.567164
2026/02/05/01:15:07,apply-time,rs-006682-5ts99,29cfae87-270d-4a53-9918-4f58d4d035ba,1,6933.567164
2026/02/05/01:15:07,running-time,rs-006682-5ts99,29cfae87-270d-4a53-9918-4f58d4d035ba,1,6933.567164
2026/02/05/01:15:07,apply-time,rs-006682-nz86x,91b38a7b-6f7c-4d17-bf62-bb7d322a0942,1,6933.567164
2026/02/05/01:15:07,running-time,rs-006682-nz86x,91b38a7b-6f7c-4d17-bf62-bb7d322a0942,1,6933.567164
2026/02/05/01:15:07,apply-time,rs-006682-r2mq7,a2f3ff22-2746-4298-aa66-f4b0e877033f,1,6933.567164
2026/02/05/01:15:07,running-time,rs-006682-r2mq7,a2f3ff22-2746-4298-aa66-f4b0e877033f,1,6933.567164
2026/02/05/01:15:07,apply-time,rs-006683-44vt9,b3b3e3e6-f1ed-4872-adb0-9d86edba75c8,1,6933.567164
2026/02/05/01:15:07,apply-time,rs-006683-zxsvj,3a7fa260-fa47-4551-ba58-43c21113f088,1,6933.567164
2026/02/05/01:15:07,apply-time,rs-006684-q6glm,52cd75f0-5e82-49bd-b6a0-adcde14df080,1,6934.567164
2026/02/05/01:15:07,apply-time,rs-006685-9tp7t,359e99c9-3f0e-4054-ba34-eadaae125a6f,1,6934.567164
2026/02/05/01:15:07,running-time,rs-006685-9tp7t,359e99c9-3f0e-4054-ba34-eadaae125a6f,1,6934.567164
2026/02/05/01:15:07,apply-time,rs-006686-szq2q,c9a2ec65-d2f8-4052-b24c-7991d8947faa,1,6934.567164
2026/02/05/01:15:07,running-time,rs-006686-szq2q,c9a2ec65-d2f8-4052-b24c-7991d8947faa,1,6934.567164
2026/02/05/01:15:07,apply-time,rs-006687-5z2pv,d036b0ae-01ea-48a5-9633-939df368a067,1,6934.567164
2026/02/05/01:15:07,running-time,rs-006687-5z2pv,d036b0ae-01ea-48a5-9633-939df368a067,1,6934.567164
2026/02/05/01:15:07,apply-time,rs-006688-nxqs6,7f46ca69-ed99-4958-be60-6b447491858f,1,6934.567164
2026/02/05/01:15:08,apply-time,rs-006684-zhrx9,effaa9dd-530d-40e1-89a4-4ad330389b15,1,6934.567164
2026/02/05/01:15:08,apply-time,rs-006688-5p6n2,459116eb-383a-4cad-9d90-c31151fd89a6,1,6934.567164
2026/02/05/01:15:08,running-time,rs-006688-5p6n2,459116eb-383a-4cad-9d90-c31151fd89a6,1,6935.567164
2026/02/05/01:15:08,running-time,rs-006688-nxqs6,7f46ca69-ed99-4958-be60-6b447491858f,1,6935.567164
2026/02/05/01:15:08,apply-time,rs-006688-xxsr4,d2ffbc10-9eae-48a2-9a65-ce8eb7927341,1,6934.567164
2026/02/05/01:15:08,running-time,rs-006688-xxsr4,d2ffbc10-9eae-48a2-9a65-ce8eb7927341,1,6935.567164
2026/02/05/01:15:08,apply-time,rs-006689-7cdw5,6cd285a7-c912-4840-bddc-5812fc53d945,1,6934.567164
2026/02/05/01:15:08,apply-time,rs-006689-czn8p,646156dc-02e4-4d01-a9cb-8d87275f7713,1,6935.567164
2026/02/05/01:15:08,apply-time,rs-006690-7s9jk,7d7f5586-64be-4851-8ed9-fe8d20b41ec4,1,6934.567164
2026/02/05/01:15:08,running-time,rs-006690-7s9jk,7d7f5586-64be-4851-8ed9-fe8d20b41ec4,1,6934.567164
2026/02/05/01:15:09,running-time,rs-006680-9pqzx,f2017ff4-0132-4380-b355-55331b4454da,1,6935.567164
2026/02/05/01:15:09,running-time,rs-006680-dtv47,86c94371-41be-4eec-b53c-f1cd123cf24c,1,6935.567164
2026/02/05/01:15:09,running-time,rs-006683-44vt9,b3b3e3e6-f1ed-4872-adb0-9d86edba75c8,1,6936.567164
2026/02/05/01:15:15,apply-time,rs-006691-r8jdp,d315eec5-c461-46fe-8075-db24781e1b96,1,6941.567164
2026/02/05/01:15:15,apply-time,rs-006692-7dmfw,05da9043-4c5a-4cbb-a4c4-f37fe92e1d98,1,6941.567164
2026/02/05/01:15:15,running-time,rs-006692-7dmfw,05da9043-4c5a-4cbb-a4c4-f37fe92e1d98,1,6941.567164
2026/02/05/01:15:15,apply-time,rs-006692-fb762,51bb042b-72ad-4bb2-9633-281b92301cc9,1,6941.567164
2026/02/05/01:15:15,running-time,rs-006692-fb762,51bb042b-72ad-4bb2-9633-281b92301cc9,1,6941.567164
2026/02/05/01:15:15,apply-time,rs-006692-wjgzb,93bc6413-0c87-4efb-ae75-0d0e114da936,1,6941.567164
2026/02/05/01:15:15,running-time,rs-006692-wjgzb,93bc6413-0c87-4efb-ae75-0d0e114da936,1,6941.567164
2026/02/05/01:15:16,running-time,rs-006689-7cdw5,6cd285a7-c912-4840-bddc-5812fc53d945,1,6942.567164
2026/02/05/01:15:16,running-time,rs-006691-r8jdp,d315eec5-c461-46fe-8075-db24781e1b96,1,6942.567164
2026/02/05/01:15:18,apply-time,rs-006693-vf67p,3dfe9e03-cb56-4444-b1ed-91d67e200a72,1,6945.567164
2026/02/05/01:15:18,running-time,rs-006693-vf67p,3dfe9e03-cb56-4444-b1ed-91d67e200a72,1,6945.567164
2026/02/05/01:15:18,apply-time,rs-006694-27t6f,7e28d716-a0f6-4e59-ad30-9a0b40e40dbe,1,6945.567164
2026/02/05/01:15:18,running-time,rs-006694-27t6f,7e28d716-a0f6-4e59-ad30-9a0b40e40dbe,1,6945.567164
2026/02/05/01:15:18,apply-time,rs-006694-c9nlt,93118662-a335-4c55-8f91-3c5953d1a477,1,6945.567164
2026/02/05/01:15:18,running-time,rs-006694-c9nlt,93118662-a335-4c55-8f91-3c5953d1a477,1,6945.567164
2026/02/05/01:15:18,apply-time,rs-006694-rs8q5,f4c47848-de04-4567-9875-c43e62f140c6,1,6945.567164
2026/02/05/01:15:18,running-time,rs-006694-rs8q5,f4c47848-de04-4567-9875-c43e62f140c6,1,6945.567164
2026/02/05/01:15:18,apply-time,rs-006695-5bz9n,bf579a08-84ba-4010-b0cb-4ff6bd782a8b,1,6945.567164
2026/02/05/01:15:18,running-time,rs-006695-5bz9n,bf579a08-84ba-4010-b0cb-4ff6bd782a8b,1,6945.567164
2026/02/05/01:15:18,apply-time,rs-006695-6nb7p,411a6c72-569d-4b32-80d1-35b86fab2f82,1,6945.567164
2026/02/05/01:15:18,running-time,rs-006695-6nb7p,411a6c72-569d-4b32-80d1-35b86fab2f82,1,6945.567164
2026/02/05/01:15:18,apply-time,rs-006696-fskjk,0ecbc6e8-50c0-4d73-ae22-cf340903091f,1,6945.567164
2026/02/05/01:15:18,running-time,rs-006696-fskjk,0ecbc6e8-50c0-4d73-ae22-cf340903091f,1,6945.567164
2026/02/05/01:15:19,apply-time,rs-006697-m62tl,b329672d-a6d6-4911-9217-8d81ce13591f,1,6945.567164
2026/02/05/01:15:19,running-time,rs-006697-m62tl,b329672d-a6d6-4911-9217-8d81ce13591f,1,6945.567164
2026/02/05/01:15:19,apply-time,rs-006697-ncq4x,ba69e2b1-3468-49b5-bf05-4eb16cec1c31,1,6945.567164
2026/02/05/01:15:19,running-time,rs-006697-ncq4x,ba69e2b1-3468-49b5-bf05-4eb16cec1c31,1,6945.567164
2026/02/05/01:15:19,apply-time,rs-006697-wjx9k,0590608c-84de-4c01-b314-e5d115e7ee9f,1,6945.567164
2026/02/05/01:15:19,running-time,rs-006697-wjx9k,0590608c-84de-4c01-b314-e5d115e7ee9f,1,6945.567164
2026/02/05/01:15:19,apply-time,rs-006698-gs67d,0f5c47c0-18d3-4c48-9c65-b07a02d3409b,1,6945.567164
2026/02/05/01:15:19,running-time,rs-006698-gs67d,0f5c47c0-18d3-4c48-9c65-b07a02d3409b,1,6945.567164
2026/02/05/01:15:19,apply-time,rs-006698-qkspm,7a95c245-f4ed-4d53-90fc-543ad74f0e35,1,6945.567164
2026/02/05/01:15:19,running-time,rs-006698-qkspm,7a95c245-f4ed-4d53-90fc-543ad74f0e35,1,6945.567164
2026/02/05/01:15:19,apply-time,rs-006699-b9jps,bfeecfbe-0f9c-43eb-9f65-ce619bbf71d4,1,6946.567164
2026/02/05/01:15:19,running-time,rs-006699-b9jps,bfeecfbe-0f9c-43eb-9f65-ce619bbf71d4,1,6946.567164
2026/02/05/01:15:19,apply-time,rs-006700-9mkbn,27a0bed4-61c2-4cd6-83d0-b476a36f350f,1,6946.567164
2026/02/05/01:15:19,running-time,rs-006700-9mkbn,27a0bed4-61c2-4cd6-83d0-b476a36f350f,1,6946.567164
2026/02/05/01:15:31,apply-time,rs-006701-2vktv,7c8abce0-1230-4e14-b98f-637b29530224,1,6957.567164
2026/02/05/01:15:31,running-time,rs-006701-2vktv,7c8abce0-1230-4e14-b98f-637b29530224,1,6957.567164
2026/02/05/01:15:31,apply-time,rs-006702-25rv7,01975ad3-c1ea-4338-9432-539814b50b48,1,6958.567164
2026/02/05/01:15:31,running-time,rs-006702-25rv7,01975ad3-c1ea-4338-9432-539814b50b48,1,6958.567164
2026/02/05/01:15:31,apply-time,rs-006702-fq85x,10a574a8-8e01-4bae-a49d-6b6a183e8cac,1,6957.567164
2026/02/05/01:15:31,running-time,rs-006702-fq85x,10a574a8-8e01-4bae-a49d-6b6a183e8cac,1,6958.567164
2026/02/05/01:15:31,apply-time,rs-006703-lsldw,d61c9691-88bd-4d40-81c8-640e86eadf19,1,6958.567164
2026/02/05/01:15:31,running-time,rs-006703-lsldw,d61c9691-88bd-4d40-81c8-640e86eadf19,1,6958.567164
2026/02/05/01:15:31,apply-time,rs-006703-trjtz,cd7e8eff-32eb-4c1e-bc3d-cc9eddbf1ce2,1,6958.567164
2026/02/05/01:15:31,apply-time,rs-006703-xtrns,0289acf1-c7ff-4a42-8f42-1a8474c459bc,1,6958.567164
2026/02/05/01:15:31,running-time,rs-006703-xtrns,0289acf1-c7ff-4a42-8f42-1a8474c459bc,1,6958.567164
2026/02/05/01:15:33,running-time,rs-006703-trjtz,cd7e8eff-32eb-4c1e-bc3d-cc9eddbf1ce2,1,6959.567164
2026/02/05/01:15:33,apply-time,rs-006704-26fw2,8ee67070-2463-477c-82ec-520b000498e6,1,6959.567164
2026/02/05/01:15:33,running-time,rs-006704-26fw2,8ee67070-2463-477c-82ec-520b000498e6,1,6959.567164
2026/02/05/01:15:33,apply-time,rs-006704-b7skj,7f06128a-df59-4521-b782-ecea0569bf3c,1,6959.567164
2026/02/05/01:15:33,running-time,rs-006704-b7skj,7f06128a-df59-4521-b782-ecea0569bf3c,1,6959.567164
2026/02/05/01:15:33,apply-time,rs-006704-xwcm2,9ba92450-435d-4ee0-b8fa-7604b4007e62,1,6959.567164
2026/02/05/01:15:33,running-time,rs-006704-xwcm2,9ba92450-435d-4ee0-b8fa-7604b4007e62,1,6959.567164
2026/02/05/01:15:33,apply-time,rs-006705-pgcp8,ba95e337-1ead-494d-942e-b329ac1c9d87,1,6959.567164
2026/02/05/01:15:33,running-time,rs-006705-pgcp8,ba95e337-1ead-494d-942e-b329ac1c9d87,1,6959.567164
2026/02/05/01:15:33,apply-time,rs-006706-xpjkm,f7c351f8-87fb-46d0-bf9c-3f0326b3a77a,1,6959.567164
2026/02/05/01:15:33,running-time,rs-006706-xpjkm,f7c351f8-87fb-46d0-bf9c-3f0326b3a77a,1,6959.567164
2026/02/05/01:15:44,apply-time,rs-006707-tplkz,a2ac651b-03c8-4b42-896d-1f03e9ae69c9,1,6970.567164
2026/02/05/01:15:44,running-time,rs-006707-tplkz,a2ac651b-03c8-4b42-896d-1f03e9ae69c9,1,6970.567164
2026/02/05/01:15:44,apply-time,rs-006707-zgwfl,5535b227-88dc-4721-90c0-f044e186569c,1,6970.567164
2026/02/05/01:15:44,running-time,rs-006707-zgwfl,5535b227-88dc-4721-90c0-f044e186569c,1,6970.567164
2026/02/05/01:15:44,apply-time,rs-006708-7fv5b,6989039e-a538-484d-91c5-f91b928bab61,1,6970.567164
2026/02/05/01:15:44,running-time,rs-006708-7fv5b,6989039e-a538-484d-91c5-f91b928bab61,1,6970.567164
2026/02/05/01:15:44,apply-time,rs-006709-4qbcf,fdc5d168-cabb-4ce6-a2c6-85033d5d35fb,1,6970.567164
2026/02/05/01:15:44,running-time,rs-006709-4qbcf,fdc5d168-cabb-4ce6-a2c6-85033d5d35fb,1,6970.567164
2026/02/05/01:15:44,apply-time,rs-006709-7m6c4,0381715f-7071-46d9-91f6-dddc6b8660ed,1,6970.567164
2026/02/05/01:15:44,running-time,rs-006709-7m6c4,0381715f-7071-46d9-91f6-dddc6b8660ed,1,6970.567164
2026/02/05/01:15:44,apply-time,rs-006709-bk8q7,0604e7e8-2483-4c8d-a6a4-8020802560a8,1,6970.567164
2026/02/05/01:15:44,running-time,rs-006709-bk8q7,0604e7e8-2483-4c8d-a6a4-8020802560a8,1,6970.567164
2026/02/05/01:15:44,apply-time,rs-006710-bdmlw,4573d6f5-19e3-4d0e-a68b-f16004f7bb56,1,6970.567164
2026/02/05/01:15:44,running-time,rs-006710-bdmlw,4573d6f5-19e3-4d0e-a68b-f16004f7bb56,1,6970.567164
2026/02/05/01:15:44,apply-time,rs-006710-wqbdp,3b6d3bfd-781c-4d97-86e6-e6aaf897e6de,1,6970.567164
2026/02/05/01:15:44,running-time,rs-006710-wqbdp,3b6d3bfd-781c-4d97-86e6-e6aaf897e6de,1,6970.567164
2026/02/05/01:15:44,apply-time,rs-006712-hlt6w,b0c51194-33b9-4939-98b3-9d9ced9c6fbb,1,6971.567164
2026/02/05/01:15:45,apply-time,rs-006711-22qld,08efde84-771d-48f9-9ae7-5771d6cb5e8e,1,6971.567164
2026/02/05/01:15:45,apply-time,rs-006711-g4nk8,51768011-b4c5-4da8-8c9f-e1cf63948b8f,1,6971.567164
2026/02/05/01:15:45,running-time,rs-006712-hlt6w,b0c51194-33b9-4939-98b3-9d9ced9c6fbb,1,6971.567164
2026/02/05/01:15:45,apply-time,rs-006713-wm5rj,458b3465-8d02-4667-bbaf-5e7aaff65908,1,6971.567164
2026/02/05/01:15:45,running-time,rs-006713-wm5rj,458b3465-8d02-4667-bbaf-5e7aaff65908,1,6971.567164
2026/02/05/01:15:46,apply-time,rs-006714-hbwjs,561be14b-7ed2-4f71-8cb4-e7b33643b478,1,6972.567164
2026/02/05/01:15:46,running-time,rs-006714-hbwjs,561be14b-7ed2-4f71-8cb4-e7b33643b478,1,6972.567164
2026/02/05/01:15:46,apply-time,rs-006715-8jcpx,f60bdf46-d977-4276-9b08-13afb1fec8fb,1,6972.567164
2026/02/05/01:15:46,running-time,rs-006715-8jcpx,f60bdf46-d977-4276-9b08-13afb1fec8fb,1,6972.567164
2026/02/05/01:15:46,apply-time,rs-006715-lpblc,d7262493-8df0-44b0-b67b-667635dfdf23,1,6972.567164
2026/02/05/01:15:46,running-time,rs-006715-lpblc,d7262493-8df0-44b0-b67b-667635dfdf23,1,6972.567164
2026/02/05/01:15:46,apply-time,rs-006716-4j88s,448f55c9-0e70-4d00-a94b-a8fcb4dd925d,1,6972.567164
2026/02/05/01:15:46,running-time,rs-006716-4j88s,448f55c9-0e70-4d00-a94b-a8fcb4dd925d,1,6972.567164
2026/02/05/01:15:46,apply-time,rs-006716-gkgnv,73a037ad-1df6-484f-b4b0-d047f66ff7a9,1,6972.567164
2026/02/05/01:15:46,running-time,rs-006716-gkgnv,73a037ad-1df6-484f-b4b0-d047f66ff7a9,1,6972.567164
2026/02/05/01:15:46,apply-time,rs-006716-wrnts,a549de06-e767-44f7-a470-70cce34d6bb2,1,6972.567164
2026/02/05/01:15:46,running-time,rs-006716-wrnts,a549de06-e767-44f7-a470-70cce34d6bb2,1,6972.567164
2026/02/05/01:15:46,apply-time,rs-006717-8rpg2,549c1a21-cdff-417c-a0b7-d54515a01307,1,6973.567164
2026/02/05/01:15:46,apply-time,rs-006717-g2dgm,3dc36d78-4ab3-4956-aa48-3d698baed08a,1,6972.567164
2026/02/05/01:15:46,running-time,rs-006717-g2dgm,3dc36d78-4ab3-4956-aa48-3d698baed08a,1,6972.567164
2026/02/05/01:15:46,apply-time,rs-006718-cr44l,3f3dcb34-56d2-4651-a863-d0686af7a895,1,6972.567164
2026/02/05/01:15:46,running-time,rs-006718-cr44l,3f3dcb34-56d2-4651-a863-d0686af7a895,1,6972.567164
2026/02/05/01:15:46,apply-time,rs-006718-gj8g2,1a346847-431c-4f2d-b9d4-9f92cbaedde3,1,6972.567164
2026/02/05/01:15:46,running-time,rs-006718-gj8g2,1a346847-431c-4f2d-b9d4-9f92cbaedde3,1,6973.567164
2026/02/05/01:15:46,apply-time,rs-006719-5sk5x,97ce60dc-7372-4200-8f06-8bee0b7c99fe,1,6973.567164
2026/02/05/01:15:46,running-time,rs-006719-5sk5x,97ce60dc-7372-4200-8f06-8bee0b7c99fe,1,6973.567164
2026/02/05/01:15:46,apply-time,rs-006719-kzdcs,c688d6e7-c0c5-493d-92ea-c01c05e3c120,1,6972.567164
2026/02/05/01:15:46,running-time,rs-006719-kzdcs,c688d6e7-c0c5-493d-92ea-c01c05e3c120,1,6972.567164
2026/02/05/01:15:46,apply-time,rs-006721-th85b,09899752-6817-47ae-b25a-5e6579870473,1,6973.567164
2026/02/05/01:15:47,apply-time,rs-006720-lgt7v,626a1687-4040-4ba5-a338-bce160b8232f,1,6973.567164
2026/02/05/01:15:47,apply-time,rs-006722-6xwk8,e0ce5883-6112-4248-829d-9019d52a2b27,1,6973.567164
2026/02/05/01:15:47,running-time,rs-006722-6xwk8,e0ce5883-6112-4248-829d-9019d52a2b27,1,6973.567164
2026/02/05/01:15:47,apply-time,rs-006722-7h2l6,f1e55bd7-dd46-4c80-8b7b-c821600c6b3a,1,6973.567164
2026/02/05/01:15:47,running-time,rs-006722-7h2l6,f1e55bd7-dd46-4c80-8b7b-c821600c6b3a,1,6974.567164
2026/02/05/01:15:47,apply-time,rs-006723-m6p8d,b747dbff-3b39-45fb-b591-190489bd8b42,1,6973.567164
2026/02/05/01:15:47,apply-time,rs-006724-sbgwk,1cd777fb-56f4-4bb2-aa6e-a9c6c14b48ed,1,6973.567164
2026/02/05/01:15:47,running-time,rs-006724-sbgwk,1cd777fb-56f4-4bb2-aa6e-a9c6c14b48ed,1,6973.567164
2026/02/05/01:15:47,apply-time,rs-006725-rct97,46e2498f-69c4-46c2-ab7d-48e308b2b859,1,6974.567164
2026/02/05/01:15:47,apply-time,rs-006726-pdhrz,e54f2173-c2bd-4c5e-b10e-26f88c0816c1,1,6974.567164
2026/02/05/01:15:47,apply-time,rs-006727-rtmdt,90d8a1a7-e889-4cfb-9601-ab032d6c5c4d,1,6974.567164
2026/02/05/01:15:48,apply-time,rs-006725-pnf68,43263703-5183-4308-97bb-90855997df08,1,6974.567164
2026/02/05/01:15:48,running-time,rs-006725-pnf68,43263703-5183-4308-97bb-90855997df08,1,6974.567164
2026/02/05/01:15:48,running-time,rs-006725-rct97,46e2498f-69c4-46c2-ab7d-48e308b2b859,1,6974.567164
2026/02/05/01:15:48,apply-time,rs-006727-774b8,7a39091f-92c5-4cc1-8b8e-549fd5f09aec,1,6974.567164
2026/02/05/01:15:48,apply-time,rs-006727-sm2w4,af554c2d-ab9f-41ab-bc69-633ab8beaa6d,1,6974.567164
2026/02/05/01:15:48,apply-time,rs-006728-rhr5r,a1271e52-15e0-486a-9dfb-798fc70b8fbb,1,6974.567164
2026/02/05/01:15:48,apply-time,rs-006730-fs7vl,5ba68061-1833-4855-ba72-3fbc47d51233,1,6975.567164
2026/02/05/01:15:48,apply-time,rs-006731-glnsv,bdb2fda6-fbe2-42b0-b355-ff24061612d1,1,6975.567164
2026/02/05/01:15:48,running-time,rs-006731-glnsv,bdb2fda6-fbe2-42b0-b355-ff24061612d1,1,6975.567164
2026/02/05/01:15:48,apply-time,rs-006732-mnnf5,59da357e-7340-4764-a486-0542f79799a2,1,6975.567164
2026/02/05/01:15:48,running-time,rs-006732-mnnf5,59da357e-7340-4764-a486-0542f79799a2,1,6975.567164
2026/02/05/01:15:49,apply-time,rs-006731-6kwvt,4ecb3147-4954-470e-a8bb-c140599185b1,1,6975.567164
2026/02/05/01:15:49,running-time,rs-006731-6kwvt,4ecb3147-4954-470e-a8bb-c140599185b1,1,6975.567164
2026/02/05/01:15:49,apply-time,rs-006731-p9pvl,45a8eda2-5f17-436d-8441-191d4ecb34a8,1,6975.567164
2026/02/05/01:15:49,running-time,rs-006731-p9pvl,45a8eda2-5f17-436d-8441-191d4ecb34a8,1,6975.567164
2026/02/05/01:15:50,running-time,rs-006728-rhr5r,a1271e52-15e0-486a-9dfb-798fc70b8fbb,1,6976.567164
2026/02/05/01:15:50,apply-time,rs-006733-d2q2h,fe2dd85a-f07d-4739-9437-a41176be4394,1,6976.567164
2026/02/05/01:15:50,running-time,rs-006733-d2q2h,fe2dd85a-f07d-4739-9437-a41176be4394,1,6976.567164
2026/02/05/01:15:50,apply-time,rs-006734-v2l42,ededf830-28d5-478f-a7d9-7424d2240b27,1,6977.567164
2026/02/05/01:15:50,running-time,rs-006734-v2l42,ededf830-28d5-478f-a7d9-7424d2240b27,1,6977.567164
2026/02/05/01:15:50,apply-time,rs-006734-wfm2t,8b679c39-70a0-470f-8c62-fed066bf7916,1,6976.567164
2026/02/05/01:15:50,running-time,rs-006734-wfm2t,8b679c39-70a0-470f-8c62-fed066bf7916,1,6976.567164
2026/02/05/01:15:50,apply-time,rs-006735-qqstf,36d0607e-288b-452f-949e-f6eb9f8352c2,1,6976.567164
2026/02/05/01:15:50,running-time,rs-006735-qqstf,36d0607e-288b-452f-949e-f6eb9f8352c2,1,6976.567164
2026/02/05/01:15:50,apply-time,rs-006736-d9xgn,33513bba-65e1-4379-9555-de73780afaf6,1,6976.567164
2026/02/05/01:15:50,apply-time,rs-006737-c2bmd,ffc3402b-ec16-4dee-b878-505e26709033,1,6977.567164
2026/02/05/01:15:51,running-time,rs-006737-c2bmd,ffc3402b-ec16-4dee-b878-505e26709033,1,6978.567164
2026/02/05/01:15:52,running-time,rs-006723-m6p8d,b747dbff-3b39-45fb-b591-190489bd8b42,1,6978.567164
2026/02/05/01:15:52,running-time,rs-006727-rtmdt,90d8a1a7-e889-4cfb-9601-ab032d6c5c4d,1,6978.567164
2026/02/05/01:15:54,apply-time,rs-006738-8b4ct,c9e50934-9c3c-4c95-9f77-9241e5eaa0ae,1,6981.567164
2026/02/05/01:15:54,running-time,rs-006738-8b4ct,c9e50934-9c3c-4c95-9f77-9241e5eaa0ae,1,6981.567164
2026/02/05/01:15:54,apply-time,rs-006739-9l5nv,73220088-208c-4ba1-89cd-689aa42e52d0,1,6981.567164
2026/02/05/01:15:54,running-time,rs-006739-9l5nv,73220088-208c-4ba1-89cd-689aa42e52d0,1,6981.567164
2026/02/05/01:15:54,apply-time,rs-006740-rtsnr,ba7d45e0-bb68-481a-8e9d-47d6c7a897df,1,6981.567164
2026/02/05/01:15:55,running-time,rs-006740-rtsnr,ba7d45e0-bb68-481a-8e9d-47d6c7a897df,1,6981.567164
2026/02/05/01:15:55,apply-time,rs-006741-bfnsf,a027948f-7de4-4d1f-8753-0dea9de65524,1,6981.567164
2026/02/05/01:15:55,apply-time,rs-006742-6pvgs,580278a1-f7c1-4112-b03a-2a78b874c199,1,6981.567164
2026/02/05/01:15:55,apply-time,rs-006742-m4t2l,1b4082dc-ca25-43f8-ad78-0f5708fa575b,1,6981.567164
2026/02/05/01:15:55,apply-time,rs-006743-kvllv,fb2aabfa-84bb-41ed-9440-30ac50832a2c,1,6982.567164
2026/02/05/01:15:55,running-time,rs-006743-kvllv,fb2aabfa-84bb-41ed-9440-30ac50832a2c,1,6982.567164
2026/02/05/01:15:55,apply-time,rs-006744-mdfhc,1f960b2c-99de-480c-99c3-ca04fa97afae,1,6982.567164
2026/02/05/01:15:55,running-time,rs-006744-mdfhc,1f960b2c-99de-480c-99c3-ca04fa97afae,1,6982.567164
2026/02/05/01:15:56,apply-time,rs-006745-82f9f,9afc46b7-26e3-498a-98c7-016189140fdf,1,6982.567164
2026/02/05/01:15:56,apply-time,rs-006746-5h6wh,3049215e-6095-41b3-9712-99c3ac079f15,1,6982.567164
2026/02/05/01:15:56,running-time,rs-006746-5h6wh,3049215e-6095-41b3-9712-99c3ac079f15,1,6982.567164
2026/02/05/01:15:56,apply-time,rs-006746-9vsp7,49ab0b18-7aa8-4173-9624-58a7982594bd,1,6982.567164
2026/02/05/01:15:56,running-time,rs-006746-9vsp7,49ab0b18-7aa8-4173-9624-58a7982594bd,1,6982.567164
2026/02/05/01:15:56,apply-time,rs-006746-cjmwd,b7e44861-b0f5-4f74-a3bd-29a5cd33e515,1,6982.567164
2026/02/05/01:15:56,running-time,rs-006746-cjmwd,b7e44861-b0f5-4f74-a3bd-29a5cd33e515,1,6982.567164
2026/02/05/01:15:56,apply-time,rs-006747-g5kxz,a39fe5f7-281f-4b02-93dd-5c72e516079f,1,6982.567164
2026/02/05/01:15:56,apply-time,rs-006748-w79wn,62e4fe19-376f-46b9-a537-bb630946d6f9,1,6982.567164
2026/02/05/01:15:56,running-time,rs-006748-w79wn,62e4fe19-376f-46b9-a537-bb630946d6f9,1,6982.567164
2026/02/05/01:15:56,apply-time,rs-006749-2kwlx,fa7e42eb-9fda-4834-b528-024973f0e71b,1,6983.567164
2026/02/05/01:15:56,apply-time,rs-006749-7m4vf,0f079548-5e3e-48e2-a552-f1bb36efdc46,1,6982.567164
2026/02/05/01:15:56,running-time,rs-006749-7m4vf,0f079548-5e3e-48e2-a552-f1bb36efdc46,1,6982.567164
2026/02/05/01:15:56,apply-time,rs-006750-vlhn7,5d7738b7-7c37-4863-bcac-d76f22dbf14f,1,6983.567164
2026/02/05/01:15:56,running-time,rs-006750-vlhn7,5d7738b7-7c37-4863-bcac-d76f22dbf14f,1,6983.567164
2026/02/05/01:15:57,running-time,rs-006741-bfnsf,a027948f-7de4-4d1f-8753-0dea9de65524,1,6983.567164
2026/02/05/01:15:57,running-time,rs-006747-g5kxz,a39fe5f7-281f-4b02-93dd-5c72e516079f,1,6983.567164
2026/02/05/01:15:57,running-time,rs-006749-2kwlx,fa7e42eb-9fda-4834-b528-024973f0e71b,1,6983.567164
2026/02/05/01:15:57,apply-time,rs-006751-2w9zk,e040032d-8c61-4259-8ae7-af9a01273a65,1,6983.567164
2026/02/05/01:15:57,apply-time,rs-006751-wlcxh,f53bc398-b8fa-4b1a-8f7a-040f421e0c56,1,6983.567164
2026/02/05/01:15:57,running-time,rs-006751-wlcxh,f53bc398-b8fa-4b1a-8f7a-040f421e0c56,1,6983.567164
2026/02/05/01:15:57,apply-time,rs-006752-k74rs,15ff7da1-e2fa-43f2-a924-1695a698bb99,1,6984.567164
2026/02/05/01:15:57,apply-time,rs-006752-v6t8s,2447d8f8-9dc8-427f-93a3-532aeab820ff,1,6983.567164
2026/02/05/01:15:57,apply-time,rs-006753-7pspd,8cbfb563-3446-4ea3-a812-4156181ad83f,1,6984.567164
2026/02/05/01:15:57,running-time,rs-006753-7pspd,8cbfb563-3446-4ea3-a812-4156181ad83f,1,6984.567164
2026/02/05/01:15:57,apply-time,rs-006754-dkfjv,92d784bc-fd16-441e-a754-c897ca484a72,1,6984.567164
2026/02/05/01:15:57,apply-time,rs-006754-vqldb,d16bc662-5c57-410f-a714-951ac3bc8d60,1,6984.567164
2026/02/05/01:15:57,apply-time,rs-006754-w9ltr,eaf1140c-d06e-4055-a474-d1fdaed52de5,1,6984.567164
2026/02/05/01:15:57,apply-time,rs-006755-74c9z,e183a1b4-d991-4fc8-93e7-763fdb9fb309,1,6984.567164
2026/02/05/01:15:58,running-time,rs-006751-2w9zk,e040032d-8c61-4259-8ae7-af9a01273a65,1,6984.567164
2026/02/05/01:15:58,running-time,rs-006752-k74rs,15ff7da1-e2fa-43f2-a924-1695a698bb99,1,6985.567164
2026/02/05/01:15:58,running-time,rs-006752-v6t8s,2447d8f8-9dc8-427f-93a3-532aeab820ff,1,6984.567164
2026/02/05/01:15:58,apply-time,rs-006753-5c6js,8b86f8e6-fa6f-45ee-bf6d-618a354199fa,1,6984.567164
2026/02/05/01:15:58,running-time,rs-006753-5c6js,8b86f8e6-fa6f-45ee-bf6d-618a354199fa,1,6984.567164
2026/02/05/01:15:58,apply-time,rs-006753-769k5,3291ac0e-6fb2-4759-82e6-00cbbba72e3c,1,6984.567164
2026/02/05/01:15:58,running-time,rs-006753-769k5,3291ac0e-6fb2-4759-82e6-00cbbba72e3c,1,6984.567164
2026/02/05/01:15:58,apply-time,rs-006755-242t4,d904e3dd-3e66-40e2-a1ab-561ef037a4c0,1,6984.567164
2026/02/05/01:15:58,running-time,rs-006755-74c9z,e183a1b4-d991-4fc8-93e7-763fdb9fb309,1,6984.567164
2026/02/05/01:15:59,running-time,rs-006755-242t4,d904e3dd-3e66-40e2-a1ab-561ef037a4c0,1,6986.567164
2026/02/05/01:16:00,running-time,rs-006727-774b8,7a39091f-92c5-4cc1-8b8e-549fd5f09aec,1,6987.567164
2026/02/05/01:16:00,running-time,rs-006727-sm2w4,af554c2d-ab9f-41ab-bc69-633ab8beaa6d,1,6986.567164
2026/02/05/01:16:02,apply-time,rs-006756-pc96k,9c501950-2f77-4154-8474-7751e450b952,1,6988.567164
2026/02/05/01:16:02,running-time,rs-006756-pc96k,9c501950-2f77-4154-8474-7751e450b952,1,6988.567164
2026/02/05/01:16:02,apply-time,rs-006756-qsvm7,97601755-5bed-4b88-8716-a262363cc4c0,1,6988.567164
2026/02/05/01:16:02,running-time,rs-006756-qsvm7,97601755-5bed-4b88-8716-a262363cc4c0,1,6988.567164
2026/02/05/01:16:02,apply-time,rs-006757-5wnhg,ea2dc2ae-4160-4fe6-83dc-0329d2298dd8,1,6988.567164
2026/02/05/01:16:02,running-time,rs-006757-5wnhg,ea2dc2ae-4160-4fe6-83dc-0329d2298dd8,1,6988.567164
2026/02/05/01:16:02,apply-time,rs-006757-wnhqk,af7f94ff-0f1f-4ba0-bb64-4a5bbef02726,1,6988.567164
2026/02/05/01:16:02,running-time,rs-006757-wnhqk,af7f94ff-0f1f-4ba0-bb64-4a5bbef02726,1,6988.567164
2026/02/05/01:16:02,apply-time,rs-006758-gs654,ac1f3520-fd64-4037-bed9-f76a4545be42,1,6988.567164
2026/02/05/01:16:02,running-time,rs-006758-gs654,ac1f3520-fd64-4037-bed9-f76a4545be42,1,6988.567164
2026/02/05/01:16:02,apply-time,rs-006759-9nkmq,f548f7e2-c92e-44ec-9706-622989ec8488,1,6988.567164
2026/02/05/01:16:02,running-time,rs-006759-9nkmq,f548f7e2-c92e-44ec-9706-622989ec8488,1,6988.567164
2026/02/05/01:16:02,apply-time,rs-006759-d6thg,0cb07f0f-1651-45e9-b775-0b83d79bf833,1,6988.567164
2026/02/05/01:16:02,running-time,rs-006759-d6thg,0cb07f0f-1651-45e9-b775-0b83d79bf833,1,6988.567164
2026/02/05/01:16:02,apply-time,rs-006759-nq5lq,6278b517-0340-46a0-a380-57af2db1b113,1,6988.567164
2026/02/05/01:16:02,running-time,rs-006759-nq5lq,6278b517-0340-46a0-a380-57af2db1b113,1,6988.567164
2026/02/05/01:16:02,apply-time,rs-006760-47dcd,1870485f-22d3-4c5f-89ce-d6398c1ddb66,1,6989.567164
2026/02/05/01:16:02,running-time,rs-006760-47dcd,1870485f-22d3-4c5f-89ce-d6398c1ddb66,1,6989.567164
2026/02/05/01:16:02,apply-time,rs-006760-f56vl,a9f39af2-9fc3-4adf-93f0-37b760f9be87,1,6988.567164
2026/02/05/01:16:02,running-time,rs-006760-f56vl,a9f39af2-9fc3-4adf-93f0-37b760f9be87,1,6988.567164
2026/02/05/01:16:02,apply-time,rs-006760-xh2w2,b660f8c8-5c6a-409b-a78b-55afbdf2ee2a,1,6989.567164
2026/02/05/01:16:02,running-time,rs-006760-xh2w2,b660f8c8-5c6a-409b-a78b-55afbdf2ee2a,1,6989.567164
2026/02/05/01:16:02,apply-time,rs-006761-2r7dq,9c4a07ee-bd45-4d1c-b35e-92545314ba31,1,6989.567164
2026/02/05/01:16:02,apply-time,rs-006761-8vr5c,9078b369-21a8-4e26-8ff6-b8d4aac25598,1,6988.567164
2026/02/05/01:16:02,apply-time,rs-006762-ptnjl,1a35dccd-241f-41c6-82a0-0416033b6986,1,6989.567164
2026/02/05/01:16:02,apply-time,rs-006763-hl8wl,6af86b87-3c48-4a09-8a70-63208dafb3c7,1,6989.567164
2026/02/05/01:16:02,running-time,rs-006763-hl8wl,6af86b87-3c48-4a09-8a70-63208dafb3c7,1,6989.567164
2026/02/05/01:16:02,apply-time,rs-006764-x7jfm,24e06d16-eb16-4e42-9c2c-dac7c7c053c0,1,6989.567164
2026/02/05/01:16:03,apply-time,rs-006763-rbtfc,86f483bd-8e3f-44df-b101-61cee9f9b636,1,6989.567164
2026/02/05/01:16:03,running-time,rs-006763-rbtfc,86f483bd-8e3f-44df-b101-61cee9f9b636,1,6990.567164
2026/02/05/01:16:03,apply-time,rs-006765-n2m6k,b2ca7061-3ef7-4cff-a1b7-23019166fdc2,1,6989.567164
2026/02/05/01:16:03,apply-time,rs-006766-n4844,6109faee-e39e-481a-8fbe-62233a1759df,1,6989.567164
2026/02/05/01:16:03,apply-time,rs-006767-bftsp,d8cf5085-10f9-4dc6-93e8-7aa8f81429ac,1,6989.567164
2026/02/05/01:16:04,apply-time,rs-006768-f9ddg,0ae865a2-84fd-4944-9e4d-19b3ae048032,1,6990.567164
2026/02/05/01:16:04,apply-time,rs-006768-svt49,b383c777-f1a6-4915-9ad0-79900ecd621a,1,6990.567164
2026/02/05/01:16:04,apply-time,rs-006768-zjmn7,63e4421a-15b7-4b91-9a09-2b96996f2c78,1,6990.567164
2026/02/05/01:16:04,running-time,rs-006768-zjmn7,63e4421a-15b7-4b91-9a09-2b96996f2c78,1,6990.567164
2026/02/05/01:16:05,running-time,rs-006768-f9ddg,0ae865a2-84fd-4944-9e4d-19b3ae048032,1,6991.567164
2026/02/05/01:16:05,running-time,rs-006768-svt49,b383c777-f1a6-4915-9ad0-79900ecd621a,1,6991.567164
2026/02/05/01:16:06,running-time,rs-006761-8vr5c,9078b369-21a8-4e26-8ff6-b8d4aac25598,1,6993.567164
2026/02/05/01:16:10,running-time,rs-006767-bftsp,d8cf5085-10f9-4dc6-93e8-7aa8f81429ac,1,6997.567164
2026/02/05/01:16:12,apply-time,rs-006769-z4ltn,7e5ae7fc-ac9d-432e-8ede-f88345923bde,1,6998.567164
2026/02/05/01:16:12,apply-time,rs-006770-pclhh,2df1d5fa-919d-498a-b05a-f0b09ee0f63e,1,6998.567164
2026/02/05/01:16:12,apply-time,rs-006771-bkljs,55ed69b6-24e9-442f-8f22-fb403c22cfca,1,6999.567164
2026/02/05/01:16:13,apply-time,rs-006772-c6cgk,1b654f0d-5895-4f5e-891a-7ae948de12d8,1,6999.567164
2026/02/05/01:16:13,apply-time,rs-006772-wwzvx,6ef54b28-2a8e-488e-ae1e-8c8f43c8cffe,1,6999.567164
2026/02/05/01:16:13,apply-time,rs-006773-qmrvc,778fc401-f6c4-4aac-bb45-45bb7a1c0f0c,1,6999.567164
2026/02/05/01:16:13,apply-time,rs-006774-llxcp,cf851e39-8470-4b59-923b-d4feda37fc11,1,6999.567164
2026/02/05/01:16:13,running-time,rs-006774-llxcp,cf851e39-8470-4b59-923b-d4feda37fc11,1,6999.567164
2026/02/05/01:16:13,apply-time,rs-006774-qbdrz,62804808-101c-45a7-8280-1741879cfc18,1,6999.567164
2026/02/05/01:16:13,running-time,rs-006774-qbdrz,62804808-101c-45a7-8280-1741879cfc18,1,6999.567164
2026/02/05/01:16:13,apply-time,rs-006775-2ct4b,d1d336d6-e965-4008-ab3e-1d585475b596,1,6999.567164
2026/02/05/01:16:13,running-time,rs-006775-2ct4b,d1d336d6-e965-4008-ab3e-1d585475b596,1,6999.567164
2026/02/05/01:16:13,apply-time,rs-006776-5qcpk,a0769845-1ddf-4e37-840f-3157e6500f51,1,6999.567164
2026/02/05/01:16:13,running-time,rs-006776-5qcpk,a0769845-1ddf-4e37-840f-3157e6500f51,1,6999.567164
2026/02/05/01:16:13,apply-time,rs-006777-bssj7,28e4f589-c9bc-4fcc-b4e9-bd6498e0181b,1,6999.567164
2026/02/05/01:16:13,running-time,rs-006777-bssj7,28e4f589-c9bc-4fcc-b4e9-bd6498e0181b,1,6999.567164
2026/02/05/01:16:13,apply-time,rs-006777-p76dk,1e9eb510-44ae-4dbd-9167-71b399ee884a,1,6999.567164
2026/02/05/01:16:13,running-time,rs-006777-p76dk,1e9eb510-44ae-4dbd-9167-71b399ee884a,1,6999.567164
2026/02/05/01:16:13,apply-time,rs-006778-2pldk,f47a86fb-24e9-45fa-b996-217ee205ff4c,1,6999.567164
2026/02/05/01:16:13,apply-time,rs-006778-t8sxd,afbe7d95-5b29-4736-a2ea-39cb1257d7f3,1,7000.567164
2026/02/05/01:16:14,running-time,rs-006778-2pldk,f47a86fb-24e9-45fa-b996-217ee205ff4c,1,7000.567164
2026/02/05/01:16:14,running-time,rs-006778-t8sxd,afbe7d95-5b29-4736-a2ea-39cb1257d7f3,1,7000.567164
2026/02/05/01:16:16,running-time,rs-006721-th85b,09899752-6817-47ae-b25a-5e6579870473,1,7002.567164
2026/02/05/01:16:16,running-time,rs-006770-pclhh,2df1d5fa-919d-498a-b05a-f0b09ee0f63e,1,7002.567164
2026/02/05/01:16:16,running-time,rs-006773-qmrvc,778fc401-f6c4-4aac-bb45-45bb7a1c0f0c,1,7002.567164
2026/02/05/01:16:17,running-time,rs-006769-z4ltn,7e5ae7fc-ac9d-432e-8ede-f88345923bde,1,7003.567164
2026/02/05/01:16:25,apply-time,rs-006727-9dldt,500dc182-bff6-46d0-845b-09d1d86cc31e,1,7012.567164
2026/02/05/01:16:25,running-time,rs-006727-9dldt,500dc182-bff6-46d0-845b-09d1d86cc31e,1,7012.567164
2026/02/05/01:16:25,running-time,rs-006764-x7jfm,24e06d16-eb16-4e42-9c2c-dac7c7c053c0,1,7012.567164
2026/02/05/01:16:29,apply-time,rs-006779-wnpsx,97903b97-52fb-432b-ba6f-43136223b0b7,1,7015.567164
2026/02/05/01:16:29,running-time,rs-006779-wnpsx,97903b97-52fb-432b-ba6f-43136223b0b7,1,7015.567164
2026/02/05/01:16:29,apply-time,rs-006779-z72ql,8cb439e8-56e3-4654-af88-29bfc71705b5,1,7015.567164
2026/02/05/01:16:29,running-time,rs-006779-z72ql,8cb439e8-56e3-4654-af88-29bfc71705b5,1,7015.567164
2026/02/05/01:16:29,apply-time,rs-006780-5sgkg,c94adc00-a609-4e8d-87ba-272467ecc3de,1,7015.567164
2026/02/05/01:16:29,running-time,rs-006780-5sgkg,c94adc00-a609-4e8d-87ba-272467ecc3de,1,7015.567164
2026/02/05/01:16:29,apply-time,rs-006780-wdz6j,e4c5cbac-c9b9-4419-9e2a-1c0a0bb341ee,1,7015.567164
2026/02/05/01:16:29,running-time,rs-006780-wdz6j,e4c5cbac-c9b9-4419-9e2a-1c0a0bb341ee,1,7015.567164
2026/02/05/01:16:29,apply-time,rs-006781-6n9dj,45cea4cc-4b29-45dc-be4f-3348ac34183d,1,7015.567164
2026/02/05/01:16:29,running-time,rs-006781-6n9dj,45cea4cc-4b29-45dc-be4f-3348ac34183d,1,7015.567164
2026/02/05/01:16:29,apply-time,rs-006781-zz2lk,aca2c8d3-369b-48e0-963b-70914eba8f0f,1,7015.567164
2026/02/05/01:16:29,running-time,rs-006781-zz2lk,aca2c8d3-369b-48e0-963b-70914eba8f0f,1,7015.567164
2026/02/05/01:16:29,apply-time,rs-006782-slm2d,13a8285c-c2cb-4093-b8ba-e5b1187ee615,1,7015.567164
2026/02/05/01:16:29,running-time,rs-006782-slm2d,13a8285c-c2cb-4093-b8ba-e5b1187ee615,1,7015.567164
2026/02/05/01:16:29,apply-time,rs-006783-tkd2g,04dea0fc-73c1-4321-acd8-bf6721bfc03c,1,7015.567164
2026/02/05/01:16:29,running-time,rs-006783-tkd2g,04dea0fc-73c1-4321-acd8-bf6721bfc03c,1,7015.567164
2026/02/05/01:16:29,apply-time,rs-006783-z86rh,a35ed966-2b84-43c1-805d-957be4d0770f,1,7015.567164
2026/02/05/01:16:29,running-time,rs-006783-z86rh,a35ed966-2b84-43c1-805d-957be4d0770f,1,7015.567164
2026/02/05/01:16:30,apply-time,rs-006784-9lvpz,1e04cd96-4fcd-4d56-950a-df801373aaa4,1,7016.567164
2026/02/05/01:16:30,running-time,rs-006784-9lvpz,1e04cd96-4fcd-4d56-950a-df801373aaa4,1,7016.567164
2026/02/05/01:16:30,apply-time,rs-006784-xrgl4,62d1f073-5e7f-4101-9f86-8842b98891fc,1,7016.567164
2026/02/05/01:16:30,running-time,rs-006784-xrgl4,62d1f073-5e7f-4101-9f86-8842b98891fc,1,7016.567164
2026/02/05/01:16:30,apply-time,rs-006784-z2dqk,b25bd5cc-b20f-4bf4-86d9-67d2cb0c7082,1,7016.567164
2026/02/05/01:16:30,running-time,rs-006784-z2dqk,b25bd5cc-b20f-4bf4-86d9-67d2cb0c7082,1,7016.567164
2026/02/05/01:16:30,apply-time,rs-006785-79dsz,7e1a468f-448f-4c0d-a64c-350c07c8cb3e,1,7016.567164
2026/02/05/01:16:30,apply-time,rs-006785-tfxvw,79f7fd40-7844-4d52-affb-6b36957b8ebf,1,7016.567164
2026/02/05/01:16:30,apply-time,rs-006785-vwppq,664328ca-7ea4-4717-bafe-ee7de83a7822,1,7016.567164
2026/02/05/01:16:30,apply-time,rs-006786-26k8d,7dfe7e69-e7b2-4022-928f-e30f6d797849,1,7016.567164
2026/02/05/01:16:30,running-time,rs-006786-26k8d,7dfe7e69-e7b2-4022-928f-e30f6d797849,1,7016.567164
2026/02/05/01:16:30,apply-time,rs-006787-f8hjz,2a466a0d-74d5-40b3-99db-ad1c763554e0,1,7017.567164
2026/02/05/01:16:30,running-time,rs-006787-f8hjz,2a466a0d-74d5-40b3-99db-ad1c763554e0,1,7017.567164
2026/02/05/01:16:30,apply-time,rs-006788-q45nl,7e7286b4-f2b6-4d13-8c0d-30ba0ab31bd4,1,7017.567164
2026/02/05/01:16:30,running-time,rs-006788-q45nl,7e7286b4-f2b6-4d13-8c0d-30ba0ab31bd4,1,7017.567164
2026/02/05/01:16:31,apply-time,rs-006787-46h99,a0c8bd74-e388-4d72-9f45-6d03fa9a71f8,1,7017.567164
2026/02/05/01:16:31,running-time,rs-006787-46h99,a0c8bd74-e388-4d72-9f45-6d03fa9a71f8,1,7017.567164
2026/02/05/01:16:31,apply-time,rs-006788-d5tdv,bb79d9f4-09c8-4e97-91e4-224f264c8496,1,7017.567164
2026/02/05/01:16:31,running-time,rs-006788-d5tdv,bb79d9f4-09c8-4e97-91e4-224f264c8496,1,7017.567164
2026/02/05/01:16:40,apply-time,rs-006789-vs7ss,d35f2a3a-9171-4b47-be61-4d1ee4549770,1,7026.567164
2026/02/05/01:16:40,running-time,rs-006789-vs7ss,d35f2a3a-9171-4b47-be61-4d1ee4549770,1,7026.567164
2026/02/05/01:16:40,apply-time,rs-006790-xr79g,b5c813da-6546-4e31-8127-9aba21ab1ff9,1,7026.567164
2026/02/05/01:16:40,running-time,rs-006790-xr79g,b5c813da-6546-4e31-8127-9aba21ab1ff9,1,7026.567164
2026/02/05/01:16:40,apply-time,rs-006791-mwj9z,2dda4be2-7919-4952-a472-5d6dafe379fb,1,7026.567164
2026/02/05/01:16:40,running-time,rs-006791-mwj9z,2dda4be2-7919-4952-a472-5d6dafe379fb,1,7026.567164
2026/02/05/01:16:40,apply-time,rs-006792-5pssr,94860915-df81-4351-b4c9-a5dd1bd0ac42,1,7026.567164
2026/02/05/01:16:40,apply-time,rs-006792-5wzrc,2ea12263-10de-45fd-a32b-62525db938f3,1,7026.567164
2026/02/05/01:16:40,running-time,rs-006792-5wzrc,2ea12263-10de-45fd-a32b-62525db938f3,1,7026.567164
2026/02/05/01:16:40,apply-time,rs-006792-j955m,2ec397d3-5dbf-49f5-b9db-f8141e66640f,1,7026.567164
2026/02/05/01:16:40,running-time,rs-006792-j955m,2ec397d3-5dbf-49f5-b9db-f8141e66640f,1,7026.567164
2026/02/05/01:16:40,apply-time,rs-006793-c8x4f,d9a84aa1-b71f-4dfe-b9f9-92f4872a9595,1,7026.567164
2026/02/05/01:16:40,running-time,rs-006793-c8x4f,d9a84aa1-b71f-4dfe-b9f9-92f4872a9595,1,7026.567164
2026/02/05/01:16:40,apply-time,rs-006793-hn5qr,99918dd4-e078-4fcb-92e2-1d6a13d3fb0e,1,7026.567164
2026/02/05/01:16:40,running-time,rs-006793-hn5qr,99918dd4-e078-4fcb-92e2-1d6a13d3fb0e,1,7026.567164
2026/02/05/01:16:40,apply-time,rs-006794-d84zr,2f2e86a2-25db-4800-a97c-570b1589452e,1,7026.567164
2026/02/05/01:16:40,running-time,rs-006794-d84zr,2f2e86a2-25db-4800-a97c-570b1589452e,1,7026.567164
2026/02/05/01:16:40,apply-time,rs-006795-6xv9p,7bbb0c25-0bb8-4fc6-9226-0fd288739b93,1,7027.567164
2026/02/05/01:16:40,apply-time,rs-006795-xvwvt,45b51d79-3238-439a-ad46-5fa840b11987,1,7027.567164
2026/02/05/01:16:40,running-time,rs-006795-xvwvt,45b51d79-3238-439a-ad46-5fa840b11987,1,7027.567164
2026/02/05/01:16:41,running-time,rs-006795-6xv9p,7bbb0c25-0bb8-4fc6-9226-0fd288739b93,1,7027.567164
2026/02/05/01:16:42,apply-time,rs-006796-hhnkt,abf7eb14-4f7d-4808-957c-a4e7c93136cb,1,7028.567164
2026/02/05/01:16:42,running-time,rs-006796-hhnkt,abf7eb14-4f7d-4808-957c-a4e7c93136cb,1,7028.567164
2026/02/05/01:16:42,apply-time,rs-006797-ddphw,1c5efde0-d260-48c5-acdd-d408886e5e30,1,7028.567164
2026/02/05/01:16:42,running-time,rs-006797-ddphw,1c5efde0-d260-48c5-acdd-d408886e5e30,1,7028.567164
2026/02/05/01:16:42,apply-time,rs-006797-jqch2,04e878c5-81f7-489b-918a-81788d8eb99b,1,7028.567164
2026/02/05/01:16:42,running-time,rs-006797-jqch2,04e878c5-81f7-489b-918a-81788d8eb99b,1,7028.567164
2026/02/05/01:16:42,apply-time,rs-006798-5t7z2,55194083-6263-4ecf-9e2c-f3dd858287cb,1,7028.567164
2026/02/05/01:16:42,running-time,rs-006798-5t7z2,55194083-6263-4ecf-9e2c-f3dd858287cb,1,7028.567164
2026/02/05/01:16:42,apply-time,rs-006799-fmdng,a5c99b6d-aaa4-47aa-81c8-6a4d9df466ed,1,7028.567164
2026/02/05/01:16:42,running-time,rs-006799-fmdng,a5c99b6d-aaa4-47aa-81c8-6a4d9df466ed,1,7028.567164
2026/02/05/01:16:42,apply-time,rs-006799-hzzr2,89c8202a-1bce-473a-8b93-ce6c26aaaf93,1,7028.567164
2026/02/05/01:16:42,running-time,rs-006799-hzzr2,89c8202a-1bce-473a-8b93-ce6c26aaaf93,1,7028.567164
2026/02/05/01:16:42,apply-time,rs-006800-82pvm,3cd602a0-d567-4f64-9a05-f7a00777005e,1,7028.567164
2026/02/05/01:16:42,running-time,rs-006800-82pvm,3cd602a0-d567-4f64-9a05-f7a00777005e,1,7028.567164
2026/02/05/01:16:42,apply-time,rs-006800-vcp8c,9288c2ed-75a5-48ed-995e-f006eec49fc7,1,7028.567164
2026/02/05/01:16:42,running-time,rs-006800-vcp8c,9288c2ed-75a5-48ed-995e-f006eec49fc7,1,7028.567164
2026/02/05/01:16:43,apply-time,rs-006801-bzrnp,95990d29-1e7b-424f-9914-74250c45ff19,1,7030.567164
2026/02/05/01:16:43,running-time,rs-006801-bzrnp,95990d29-1e7b-424f-9914-74250c45ff19,1,7030.567164
2026/02/05/01:16:43,apply-time,rs-006801-kw5pk,04315944-a734-4a11-b16b-50b9051bd8b9,1,7030.567164
2026/02/05/01:16:43,running-time,rs-006801-kw5pk,04315944-a734-4a11-b16b-50b9051bd8b9,1,7030.567164
2026/02/05/01:16:43,apply-time,rs-006801-zqpr5,f0fba43a-74a7-4c6f-bf91-8d20e31fddbb,1,7030.567164
2026/02/05/01:16:43,running-time,rs-006801-zqpr5,f0fba43a-74a7-4c6f-bf91-8d20e31fddbb,1,7030.567164
2026/02/05/01:16:43,apply-time,rs-006802-wfz7q,ca75aca1-5c32-4fc0-a732-6d2234ad4a9a,1,7030.567164
2026/02/05/01:16:44,apply-time,rs-006803-d9zjj,a0fe1d7b-ad46-48fa-b142-31349cf487d2,1,7031.567164
2026/02/05/01:16:44,running-time,rs-006803-d9zjj,a0fe1d7b-ad46-48fa-b142-31349cf487d2,1,7031.567164
2026/02/05/01:16:44,apply-time,rs-006803-tfh79,1449f449-e4d0-44d7-b7c9-b5dfc8164f86,1,7031.567164
2026/02/05/01:16:44,running-time,rs-006803-tfh79,1449f449-e4d0-44d7-b7c9-b5dfc8164f86,1,7031.567164
2026/02/05/01:16:44,apply-time,rs-006803-w6stx,430e85bb-459e-4e3f-97fc-eee5324a0c8c,1,7031.567164
2026/02/05/01:16:44,running-time,rs-006803-w6stx,430e85bb-459e-4e3f-97fc-eee5324a0c8c,1,7031.567164
2026/02/05/01:16:48,apply-time,rs-006804-kjdt7,d85e8248-8fcf-40ab-85af-94b73efe4cc2,1,7035.567164
2026/02/05/01:16:48,running-time,rs-006804-kjdt7,d85e8248-8fcf-40ab-85af-94b73efe4cc2,1,7035.567164
2026/02/05/01:16:48,apply-time,rs-006804-p6lxk,2bd3a11c-421a-4c6f-8b5c-0714430d60b1,1,7035.567164
2026/02/05/01:16:48,running-time,rs-006804-p6lxk,2bd3a11c-421a-4c6f-8b5c-0714430d60b1,1,7035.567164
2026/02/05/01:16:48,apply-time,rs-006805-qrp4g,0f40b554-7b6a-4d92-8357-f374de48c455,1,7035.567164
2026/02/05/01:16:48,running-time,rs-006805-qrp4g,0f40b554-7b6a-4d92-8357-f374de48c455,1,7035.567164
2026/02/05/01:16:48,apply-time,rs-006806-7s2kn,eb4052fd-dd27-4c9d-9e31-c5f0f3441c9b,1,7035.567164
2026/02/05/01:16:48,running-time,rs-006806-7s2kn,eb4052fd-dd27-4c9d-9e31-c5f0f3441c9b,1,7035.567164
2026/02/05/01:16:48,apply-time,rs-006807-j5klv,c43555d1-c12c-4523-8d23-c1b59e20ed5f,1,7035.567164
2026/02/05/01:16:48,running-time,rs-006807-j5klv,c43555d1-c12c-4523-8d23-c1b59e20ed5f,1,7035.567164
2026/02/05/01:16:48,apply-time,rs-006807-mspmw,4c2f19aa-1f55-4123-b2b3-f8861addb035,1,7035.567164
2026/02/05/01:16:48,running-time,rs-006807-mspmw,4c2f19aa-1f55-4123-b2b3-f8861addb035,1,7035.567164
2026/02/05/01:16:48,apply-time,rs-006808-r52cs,eef5b891-4118-480e-99d6-a5cdb214cb3b,1,7035.567164
2026/02/05/01:16:48,apply-time,rs-006809-99fcc,2906ce42-4fc2-42f5-891c-5b0d0d6c4a51,1,7035.567164
2026/02/05/01:16:48,apply-time,rs-006809-jqdtd,0d450f0f-8f0b-4fac-9980-b7a31577278f,1,7035.567164
2026/02/05/01:16:48,running-time,rs-006809-jqdtd,0d450f0f-8f0b-4fac-9980-b7a31577278f,1,7035.567164
2026/02/05/01:16:48,apply-time,rs-006810-9dxs4,3af25d5b-f217-4c82-bc9a-e1c751ad6bca,1,7035.567164
2026/02/05/01:16:48,running-time,rs-006810-9dxs4,3af25d5b-f217-4c82-bc9a-e1c751ad6bca,1,7035.567164
2026/02/05/01:16:49,apply-time,rs-006810-m9549,de8a3e69-1a10-4a1d-9494-4761cfb81f53,1,7035.567164
2026/02/05/01:16:49,running-time,rs-006810-m9549,de8a3e69-1a10-4a1d-9494-4761cfb81f53,1,7035.567164
2026/02/05/01:16:50,running-time,rs-006809-99fcc,2906ce42-4fc2-42f5-891c-5b0d0d6c4a51,1,7036.567164
2026/02/05/01:16:52,apply-time,rs-006811-kd5jx,eb3a8c17-396c-41a5-962f-c8b13c6d17d8,1,7039.567164
2026/02/05/01:16:52,running-time,rs-006811-kd5jx,eb3a8c17-396c-41a5-962f-c8b13c6d17d8,1,7039.567164
2026/02/05/01:16:52,apply-time,rs-006812-ddn5r,1131e9b5-ce8e-4bd2-8330-1756dbb4c570,1,7039.567164
2026/02/05/01:16:52,running-time,rs-006812-ddn5r,1131e9b5-ce8e-4bd2-8330-1756dbb4c570,1,7039.567164
2026/02/05/01:16:52,apply-time,rs-006813-f6xnj,ba097b6b-0e37-4f74-9454-50bae08b0fb9,1,7039.567164
2026/02/05/01:16:52,running-time,rs-006813-f6xnj,ba097b6b-0e37-4f74-9454-50bae08b0fb9,1,7039.567164
2026/02/05/01:16:55,running-time,rs-006808-r52cs,eef5b891-4118-480e-99d6-a5cdb214cb3b,1,7042.567164
2026/02/05/01:17:01,apply-time,rs-006814-bkw7z,bd090a0b-bb77-4eda-afd6-eaeab3d50b65,1,7048.567164
2026/02/05/01:17:01,running-time,rs-006814-bkw7z,bd090a0b-bb77-4eda-afd6-eaeab3d50b65,1,7048.567164
2026/02/05/01:17:01,apply-time,rs-006814-cv49n,e0ba9e8b-8531-4fca-98d8-42aea3c94815,1,7048.567164
2026/02/05/01:17:01,apply-time,rs-006814-ml7zq,e7872747-a3cb-4fa1-bdb8-2c225c73d9b9,1,7048.567164
2026/02/05/01:17:07,apply-time,rs-006721-k9hbr,e1253fba-a885-40b0-9466-46e0f48a269b,1,7054.567164
2026/02/05/01:17:07,running-time,rs-006721-k9hbr,e1253fba-a885-40b0-9466-46e0f48a269b,1,7054.567164
2026/02/05/01:17:07,apply-time,rs-006773-2bh65,f89d5b45-934a-4894-af81-876c321ba6fc,1,7054.567164
2026/02/05/01:17:07,running-time,rs-006773-2bh65,f89d5b45-934a-4894-af81-876c321ba6fc,1,7054.567164
2026/02/05/01:17:07,running-time,rs-006814-cv49n,e0ba9e8b-8531-4fca-98d8-42aea3c94815,1,7054.567164
2026/02/05/01:17:07,running-time,rs-006814-ml7zq,e7872747-a3cb-4fa1-bdb8-2c225c73d9b9,1,7054.567164
2026/02/05/01:17:16,apply-time,rs-006815-pgmjf,a9c7ea1c-088e-48a8-af10-3e52158aa835,1,7062.567164
2026/02/05/01:17:16,running-time,rs-006815-pgmjf,a9c7ea1c-088e-48a8-af10-3e52158aa835,1,7062.567164
2026/02/05/01:17:16,apply-time,rs-006816-j68xb,9a186f32-bb92-4ce2-a6cc-b2cb8ab51e6b,1,7062.567164
2026/02/05/01:17:16,running-time,rs-006816-j68xb,9a186f32-bb92-4ce2-a6cc-b2cb8ab51e6b,1,7062.567164
2026/02/05/01:17:16,apply-time,rs-006816-tgqtm,f1d7c1bc-d3ad-436a-9e98-b4c832dd092b,1,7062.567164
2026/02/05/01:17:16,running-time,rs-006816-tgqtm,f1d7c1bc-d3ad-436a-9e98-b4c832dd092b,1,7062.567164
2026/02/05/01:17:16,apply-time,rs-006817-s8xtb,6ce73db4-b300-41d7-8e4f-ac6e36c6efc5,1,7062.567164
2026/02/05/01:17:16,apply-time,rs-006818-s8nmm,49ee7c04-4bcf-4531-b613-a1aa8fd6c7bd,1,7062.567164
2026/02/05/01:17:16,running-time,rs-006818-s8nmm,49ee7c04-4bcf-4531-b613-a1aa8fd6c7bd,1,7062.567164
2026/02/05/01:17:18,running-time,rs-006817-s8xtb,6ce73db4-b300-41d7-8e4f-ac6e36c6efc5,1,7065.567164
2026/02/05/01:17:19,apply-time,rs-006819-k5b2g,febc0a60-a407-436c-bee9-af17a1f8ee9b,1,7066.567164
2026/02/05/01:17:19,running-time,rs-006819-k5b2g,febc0a60-a407-436c-bee9-af17a1f8ee9b,1,7066.567164
2026/02/05/01:17:19,apply-time,rs-006819-wnlgz,0da5438a-08cf-4559-a008-067014bbc029,1,7066.567164
2026/02/05/01:17:19,running-time,rs-006819-wnlgz,0da5438a-08cf-4559-a008-067014bbc029,1,7066.567164
2026/02/05/01:17:25,apply-time,rs-006820-4ckbh,56da55fa-6cb2-4b90-b287-f83c224aa76e,1,7072.567164
2026/02/05/01:17:25,running-time,rs-006820-4ckbh,56da55fa-6cb2-4b90-b287-f83c224aa76e,1,7072.567164
2026/02/05/01:17:30,apply-time,rs-006821-2czz7,88f4a2a2-ed5b-494a-b8da-567f4bc6de88,1,7077.567164
2026/02/05/01:17:30,running-time,rs-006821-2czz7,88f4a2a2-ed5b-494a-b8da-567f4bc6de88,1,7077.567164
2026/02/05/01:17:30,apply-time,rs-006822-bp8wp,aa492e29-ace7-476e-96d0-374eee9de2fb,1,7077.567164
2026/02/05/01:17:30,running-time,rs-006822-bp8wp,aa492e29-ace7-476e-96d0-374eee9de2fb,1,7077.567164
2026/02/05/01:17:30,apply-time,rs-006822-gp9tg,8a1bd7e5-3f86-457b-9fe6-168d2b4db627,1,7077.567164
2026/02/05/01:17:30,running-time,rs-006822-gp9tg,8a1bd7e5-3f86-457b-9fe6-168d2b4db627,1,7077.567164
2026/02/05/01:17:30,apply-time,rs-006823-rz5jw,ab2fc4eb-23dc-4ccd-964f-a6345673077d,1,7077.567164
2026/02/05/01:17:30,running-time,rs-006823-rz5jw,ab2fc4eb-23dc-4ccd-964f-a6345673077d,1,7077.567164
2026/02/05/01:17:31,apply-time,rs-006824-fjxnr,7aa7d735-c047-4ca9-89d0-64da8a4e932f,1,7077.567164
2026/02/05/01:17:31,running-time,rs-006824-fjxnr,7aa7d735-c047-4ca9-89d0-64da8a4e932f,1,7077.567164
2026/02/05/01:17:31,apply-time,rs-006825-9hrtk,d0c4305a-a52e-4931-ad79-c25d9d5bd69d,1,7077.567164
2026/02/05/01:17:31,running-time,rs-006825-9hrtk,d0c4305a-a52e-4931-ad79-c25d9d5bd69d,1,7077.567164
2026/02/05/01:17:31,apply-time,rs-006825-q764t,5211809a-2c6e-4641-b753-8ce4a08c788c,1,7077.567164
2026/02/05/01:17:31,running-time,rs-006825-q764t,5211809a-2c6e-4641-b753-8ce4a08c788c,1,7077.567164
2026/02/05/01:17:31,apply-time,rs-006825-xstk8,1ba5a1f7-4dfa-461c-8c4a-ade18bad1b3d,1,7077.567164
2026/02/05/01:17:31,running-time,rs-006825-xstk8,1ba5a1f7-4dfa-461c-8c4a-ade18bad1b3d,1,7077.567164
2026/02/05/01:17:31,apply-time,rs-006826-m87k7,acd92061-437f-4ee0-945e-4596e77ba486,1,7077.567164
2026/02/05/01:17:31,apply-time,rs-006826-nm7q7,912576db-4651-4f0f-8baf-3f72f0e62943,1,7077.567164
2026/02/05/01:17:32,apply-time,rs-006827-54rh2,baea6de6-2088-42d2-a851-a0e0283c3455,1,7079.567164
2026/02/05/01:17:32,running-time,rs-006827-54rh2,baea6de6-2088-42d2-a851-a0e0283c3455,1,7079.567164
2026/02/05/01:17:32,apply-time,rs-006828-g7lz8,dab6257c-06be-4def-bf5d-0cd26785b31a,1,7079.567164
2026/02/05/01:17:32,running-time,rs-006828-g7lz8,dab6257c-06be-4def-bf5d-0cd26785b31a,1,7079.567164
2026/02/05/01:17:32,apply-time,rs-006829-qbpmc,a6d1498c-09ef-4e55-b219-49ad7de8c3dd,1,7079.567164
2026/02/05/01:17:32,running-time,rs-006829-qbpmc,a6d1498c-09ef-4e55-b219-49ad7de8c3dd,1,7079.567164
2026/02/05/01:17:32,apply-time,rs-006829-rkkpv,b1196d4d-9d57-43d1-821f-158b3620424d,1,7079.567164
2026/02/05/01:17:32,running-time,rs-006829-rkkpv,b1196d4d-9d57-43d1-821f-158b3620424d,1,7079.567164
2026/02/05/01:17:32,apply-time,rs-006830-2ql6b,402fb8fa-8e72-49d1-981c-eec01eae2cde,1,7079.567164
2026/02/05/01:17:32,running-time,rs-006830-2ql6b,402fb8fa-8e72-49d1-981c-eec01eae2cde,1,7079.567164
2026/02/05/01:17:33,apply-time,rs-006831-jdwpc,ebe4d638-26d1-4e60-b156-3d0a410e1181,1,7080.567164
2026/02/05/01:17:33,apply-time,rs-006832-fc787,761991cd-0bb0-42c5-a467-280897c6ae76,1,7080.567164
2026/02/05/01:17:33,running-time,rs-006832-fc787,761991cd-0bb0-42c5-a467-280897c6ae76,1,7080.567164
2026/02/05/01:17:33,apply-time,rs-006832-fwgk2,695c0cb2-cf5d-48df-acf9-957a0f84b40d,1,7080.567164
2026/02/05/01:17:33,running-time,rs-006832-fwgk2,695c0cb2-cf5d-48df-acf9-957a0f84b40d,1,7080.567164
2026/02/05/01:17:33,apply-time,rs-006832-vlh48,0c85f7be-d196-4b66-9ab7-fe6e6c16736b,1,7080.567164
2026/02/05/01:17:33,running-time,rs-006832-vlh48,0c85f7be-d196-4b66-9ab7-fe6e6c16736b,1,7080.567164
2026/02/05/01:17:33,apply-time,rs-006833-fqf2b,95a77bcb-464e-43d3-abce-bf379dc286bd,1,7080.567164
2026/02/05/01:17:33,running-time,rs-006833-fqf2b,95a77bcb-464e-43d3-abce-bf379dc286bd,1,7080.567164
2026/02/05/01:17:33,apply-time,rs-006834-42n59,9d5e1c2c-4c75-483f-a0eb-7de5130e4619,1,7080.567164
2026/02/05/01:17:33,apply-time,rs-006834-5pd72,2c337524-1ffc-417d-9c0c-701e659c9ca9,1,7080.567164
2026/02/05/01:17:33,apply-time,rs-006834-f4mvc,78c2890d-d20a-4a70-9bf5-e9a07ec41b10,1,7080.567164
2026/02/05/01:17:34,apply-time,rs-006835-86bsq,6f996cf6-2006-43e0-a0db-7f0b9a053be6,1,7080.567164
2026/02/05/01:17:34,running-time,rs-006835-86bsq,6f996cf6-2006-43e0-a0db-7f0b9a053be6,1,7080.567164
2026/02/05/01:17:34,apply-time,rs-006836-sfqbg,7ddf5f18-59a5-42f6-86e0-37119aae1921,1,7080.567164
2026/02/05/01:17:34,apply-time,rs-006837-jgb5d,c34f8cfb-1153-46f1-8f91-f7037da66730,1,7081.567164
2026/02/05/01:17:34,running-time,rs-006837-jgb5d,c34f8cfb-1153-46f1-8f91-f7037da66730,1,7081.567164
2026/02/05/01:17:34,apply-time,rs-006837-lm6gq,da126da5-26c9-43c2-bbef-1d5352ebaae1,1,7080.567164
2026/02/05/01:17:34,running-time,rs-006837-lm6gq,da126da5-26c9-43c2-bbef-1d5352ebaae1,1,7080.567164
2026/02/05/01:17:34,apply-time,rs-006837-zsx28,c6285688-8d10-4657-8a63-54d601eab668,1,7081.567164
2026/02/05/01:17:34,running-time,rs-006837-zsx28,c6285688-8d10-4657-8a63-54d601eab668,1,7081.567164
2026/02/05/01:17:34,apply-time,rs-006838-699z6,167d4fe5-de6e-4c3c-a8ed-72b0e0330b7c,1,7081.567164
2026/02/05/01:17:34,apply-time,rs-006838-q4sxf,7bde751a-12c6-48b7-84ee-21dd12939f1c,1,7081.567164
2026/02/05/01:17:34,apply-time,rs-006839-6tgnf,690ace17-3a9e-4705-b068-8a9713bb8823,1,7081.567164
2026/02/05/01:17:34,running-time,rs-006839-6tgnf,690ace17-3a9e-4705-b068-8a9713bb8823,1,7081.567164
2026/02/05/01:17:34,apply-time,rs-006839-sl8ns,81ea9f39-7e5c-4546-9369-409635b62c27,1,7081.567164
2026/02/05/01:17:34,running-time,rs-006839-sl8ns,81ea9f39-7e5c-4546-9369-409635b62c27,1,7081.567164
2026/02/05/01:17:34,apply-time,rs-006840-plwqh,362c13d2-a448-47cf-a565-90b3015f1191,1,7081.567164
2026/02/05/01:17:35,apply-time,rs-006838-sjkv8,29601fac-709c-47ae-89ee-e5313b73ac7b,1,7081.567164
2026/02/05/01:17:35,apply-time,rs-006840-k24md,5751ec6c-4203-4e4a-9ff6-e5023d1a6c44,1,7081.567164
2026/02/05/01:17:35,apply-time,rs-006840-mc7q4,487a42ee-f532-408a-bc2f-7fc55b139200,1,7081.567164
2026/02/05/01:17:35,apply-time,rs-006841-dmmnf,b0a8e427-6310-4c87-acc4-c3fcb75e0dbe,1,7081.567164
2026/02/05/01:17:35,apply-time,rs-006841-l4wch,d09c304f-4837-4eed-824c-17685ed01952,1,7082.567164
2026/02/05/01:17:35,apply-time,rs-006842-fnzbd,6c36d0ec-731e-45ac-92c2-c2d45378cf7f,1,7081.567164
2026/02/05/01:17:35,running-time,rs-006842-fnzbd,6c36d0ec-731e-45ac-92c2-c2d45378cf7f,1,7082.567164
2026/02/05/01:17:35,apply-time,rs-006843-n2csl,3843fb78-0e8e-4342-9562-d703649a1a15,1,7082.567164
2026/02/05/01:17:35,running-time,rs-006843-n2csl,3843fb78-0e8e-4342-9562-d703649a1a15,1,7082.567164
2026/02/05/01:17:35,apply-time,rs-006844-7chrh,84ebfcf9-bde1-47a3-a9a0-8ee71cfafdd3,1,7082.567164
2026/02/05/01:17:35,running-time,rs-006844-7chrh,84ebfcf9-bde1-47a3-a9a0-8ee71cfafdd3,1,7082.567164
2026/02/05/01:17:35,apply-time,rs-006845-hn5m7,3c2c69cc-1977-4dbd-a4f4-fd980a4fcd9e,1,7082.567164
2026/02/05/01:17:36,running-time,rs-006841-dmmnf,b0a8e427-6310-4c87-acc4-c3fcb75e0dbe,1,7082.567164
2026/02/05/01:17:36,running-time,rs-006845-hn5m7,3c2c69cc-1977-4dbd-a4f4-fd980a4fcd9e,1,7082.567164
2026/02/05/01:17:36,apply-time,rs-006846-l7kwm,2b56b8c2-3ef5-4242-8378-0da595b8c442,1,7083.567164
2026/02/05/01:17:36,apply-time,rs-006847-njvjk,87d16fb2-2c1b-491a-bfec-9bb10213f6a6,1,7083.567164
2026/02/05/01:17:36,running-time,rs-006847-njvjk,87d16fb2-2c1b-491a-bfec-9bb10213f6a6,1,7083.567164
2026/02/05/01:17:37,running-time,rs-006846-l7kwm,2b56b8c2-3ef5-4242-8378-0da595b8c442,1,7083.567164
2026/02/05/01:17:37,apply-time,rs-006846-wlwp8,8aa3f196-c0f8-45b2-92ea-a768f47c1623,1,7083.567164
2026/02/05/01:17:38,running-time,rs-006840-mc7q4,487a42ee-f532-408a-bc2f-7fc55b139200,1,7084.567164
2026/02/05/01:17:38,running-time,rs-006841-l4wch,d09c304f-4837-4eed-824c-17685ed01952,1,7085.567164
2026/02/05/01:17:38,apply-time,rs-006848-dz2n5,d1fbd760-f705-4d6d-9f1c-61f07d9dec4b,1,7084.567164
2026/02/05/01:17:38,running-time,rs-006848-dz2n5,d1fbd760-f705-4d6d-9f1c-61f07d9dec4b,1,7084.567164
2026/02/05/01:17:38,apply-time,rs-006848-m7wjv,3e4d9814-eb50-45a3-a529-f7f7789db600,1,7084.567164
2026/02/05/01:17:38,apply-time,rs-006848-vmpxr,29142d12-f344-4f96-8b2b-66303bf1c1fc,1,7084.567164
2026/02/05/01:17:38,apply-time,rs-006849-tdlgw,d53e0917-641b-4b2e-a555-23091c728de8,1,7085.567164
2026/02/05/01:17:38,running-time,rs-006849-tdlgw,d53e0917-641b-4b2e-a555-23091c728de8,1,7085.567164
2026/02/05/01:17:38,apply-time,rs-006850-hqspv,1e94f81a-643d-45bb-ab6a-78062204cc5e,1,7085.567164
2026/02/05/01:17:38,running-time,rs-006850-hqspv,1e94f81a-643d-45bb-ab6a-78062204cc5e,1,7085.567164
2026/02/05/01:17:38,apply-time,rs-006850-sldc2,28e64a4a-5e5b-46b8-8c2e-e76b1250936a,1,7084.567164
2026/02/05/01:17:38,running-time,rs-006850-sldc2,28e64a4a-5e5b-46b8-8c2e-e76b1250936a,1,7084.567164
2026/02/05/01:17:38,apply-time,rs-006851-jjqr5,a9acb09c-85dd-4cae-b44b-9bf274e22326,1,7084.567164
2026/02/05/01:17:38,running-time,rs-006851-jjqr5,a9acb09c-85dd-4cae-b44b-9bf274e22326,1,7085.567164
2026/02/05/01:17:38,apply-time,rs-006852-8cftw,003ce33c-7224-4f9d-9a63-88b1972258dd,1,7085.567164
2026/02/05/01:17:38,apply-time,rs-006852-nsw4q,963ba487-cef0-41fa-ab8d-a8c473a49340,1,7085.567164
2026/02/05/01:17:38,running-time,rs-006852-nsw4q,963ba487-cef0-41fa-ab8d-a8c473a49340,1,7085.567164
2026/02/05/01:17:38,apply-time,rs-006852-zqrv2,14d8f142-9754-428b-b818-eef80f7df007,1,7085.567164
2026/02/05/01:17:39,running-time,rs-006852-zqrv2,14d8f142-9754-428b-b818-eef80f7df007,1,7086.567164
2026/02/05/01:17:40,running-time,rs-006848-m7wjv,3e4d9814-eb50-45a3-a529-f7f7789db600,1,7087.567164
2026/02/05/01:17:40,running-time,rs-006852-8cftw,003ce33c-7224-4f9d-9a63-88b1972258dd,1,7086.567164
2026/02/05/01:17:42,running-time,rs-006848-vmpxr,29142d12-f344-4f96-8b2b-66303bf1c1fc,1,7088.567164
2026/02/05/01:17:49,apply-time,rs-006853-8fbmk,e8e42be1-e1a6-43f3-a3ee-4f56afeb6ab4,1,7096.567164
2026/02/05/01:17:49,running-time,rs-006853-8fbmk,e8e42be1-e1a6-43f3-a3ee-4f56afeb6ab4,1,7096.567164
2026/02/05/01:17:49,apply-time,rs-006853-jlnwj,80f72271-e76b-4564-9af6-a7740c8f7abd,1,7096.567164
2026/02/05/01:17:49,running-time,rs-006853-jlnwj,80f72271-e76b-4564-9af6-a7740c8f7abd,1,7096.567164
2026/02/05/01:17:49,apply-time,rs-006854-lln6p,aa262ae7-9702-40fd-b283-9298e608da8e,1,7096.567164
2026/02/05/01:17:49,apply-time,rs-006854-xczc7,be0eaf0a-dacb-4102-b15f-d34b7adb1d18,1,7096.567164
2026/02/05/01:17:50,apply-time,rs-006855-9vfht,29a96c48-6530-499a-8add-756a405b00f0,1,7096.567164
2026/02/05/01:17:50,running-time,rs-006855-9vfht,29a96c48-6530-499a-8add-756a405b00f0,1,7096.567164
2026/02/05/01:17:50,apply-time,rs-006855-w9pc5,0b157f10-bd11-4514-a7f9-3611a9de9523,1,7096.567164
2026/02/05/01:17:50,running-time,rs-006855-w9pc5,0b157f10-bd11-4514-a7f9-3611a9de9523,1,7096.567164
2026/02/05/01:17:50,apply-time,rs-006855-w9zg4,5368ab1e-13c1-45fc-9b43-6a2e0bad8ec6,1,7096.567164
2026/02/05/01:17:50,running-time,rs-006855-w9zg4,5368ab1e-13c1-45fc-9b43-6a2e0bad8ec6,1,7096.567164
2026/02/05/01:17:50,apply-time,rs-006856-7tvv6,949f9e88-187b-4e31-8c11-2f36e8b190da,1,7097.567164
2026/02/05/01:17:50,apply-time,rs-006856-gzpww,6be80518-90d2-458a-8bb8-de3c37a5e9bf,1,7097.567164
2026/02/05/01:17:51,running-time,rs-006856-7tvv6,949f9e88-187b-4e31-8c11-2f36e8b190da,1,7097.567164
2026/02/05/01:17:51,running-time,rs-006856-gzpww,6be80518-90d2-458a-8bb8-de3c37a5e9bf,1,7097.567164
2026/02/05/01:17:51,apply-time,rs-006857-c7kcl,45e1a9b5-a6bc-4473-8cd1-92da0133da0a,1,7097.567164
2026/02/05/01:17:51,apply-time,rs-006857-wxgzk,8b1af5b7-cee4-499f-8406-6a29c627333c,1,7097.567164
2026/02/05/01:17:51,running-time,rs-006857-wxgzk,8b1af5b7-cee4-499f-8406-6a29c627333c,1,7097.567164
2026/02/05/01:17:51,apply-time,rs-006858-cczf2,e388778a-15fc-40e5-b24c-0b4c9f949579,1,7097.567164
2026/02/05/01:17:52,running-time,rs-006857-c7kcl,45e1a9b5-a6bc-4473-8cd1-92da0133da0a,1,7098.567164
2026/02/05/01:17:52,running-time,rs-006858-cczf2,e388778a-15fc-40e5-b24c-0b4c9f949579,1,7098.567164
2026/02/05/01:17:52,apply-time,rs-006859-97pbc,a8842421-b632-43ee-9827-571d39acb4b2,1,7099.567164
2026/02/05/01:17:52,running-time,rs-006859-97pbc,a8842421-b632-43ee-9827-571d39acb4b2,1,7099.567164
2026/02/05/01:17:52,apply-time,rs-006859-bxzg2,8cb948f7-1178-42bd-87a5-38c6c43fdb5f,1,7099.567164
2026/02/05/01:17:52,running-time,rs-006859-bxzg2,8cb948f7-1178-42bd-87a5-38c6c43fdb5f,1,7099.567164
2026/02/05/01:17:52,apply-time,rs-006860-27gn6,4c6258af-e1f3-4015-8ce3-ec0556cedaed,1,7099.567164
2026/02/05/01:17:52,running-time,rs-006860-27gn6,4c6258af-e1f3-4015-8ce3-ec0556cedaed,1,7099.567164
2026/02/05/01:17:52,apply-time,rs-006860-d9d7r,73683ab9-e75b-4848-be56-bad4391ddcc9,1,7099.567164
2026/02/05/01:17:52,running-time,rs-006860-d9d7r,73683ab9-e75b-4848-be56-bad4391ddcc9,1,7099.567164
2026/02/05/01:17:52,apply-time,rs-006861-6ghg9,82f644e7-7ac3-486b-a92d-bb9db6688413,1,7099.567164
2026/02/05/01:17:53,running-time,rs-006861-6ghg9,82f644e7-7ac3-486b-a92d-bb9db6688413,1,7099.567164
2026/02/05/01:17:54,apply-time,rs-006862-fs68b,0df16a70-7135-456e-a6e1-1299993eabac,1,7101.567164
2026/02/05/01:17:54,running-time,rs-006862-fs68b,0df16a70-7135-456e-a6e1-1299993eabac,1,7101.567164
2026/02/05/01:18:10,apply-time,rs-006863-vrgb9,080eaa28-c416-48cc-a7fe-df29a200236e,1,7116.567164
2026/02/05/01:18:10,running-time,rs-006863-vrgb9,080eaa28-c416-48cc-a7fe-df29a200236e,1,7117.567164
2026/02/05/01:18:10,apply-time,rs-006864-bfkcw,41522168-b6b6-4734-afd6-f2d258726a54,1,7117.567164
2026/02/05/01:18:10,apply-time,rs-006864-hqm6q,6529fac8-4561-4940-a9bb-c61be8c3dba2,1,7117.567164
2026/02/05/01:18:10,apply-time,rs-006865-785w5,5cb65b5a-07b0-4eaf-9cad-aba1cbe2f099,1,7117.567164
2026/02/05/01:18:10,apply-time,rs-006865-nmrbg,409c8541-f18e-458a-8c09-b62dd28dca36,1,7117.567164
2026/02/05/01:18:10,apply-time,rs-006865-nnk8p,cf740d87-b91e-43a7-b8ea-2d0f93c70f2c,1,7117.567164
2026/02/05/01:18:10,apply-time,rs-006866-j5bzj,1893fb69-af90-4a06-9df4-40d000f0b997,1,7117.567164
2026/02/05/01:18:11,running-time,rs-006865-785w5,5cb65b5a-07b0-4eaf-9cad-aba1cbe2f099,1,7117.567164
2026/02/05/01:18:11,running-time,rs-006865-nmrbg,409c8541-f18e-458a-8c09-b62dd28dca36,1,7117.567164
2026/02/05/01:18:11,running-time,rs-006865-nnk8p,cf740d87-b91e-43a7-b8ea-2d0f93c70f2c,1,7117.567164
2026/02/05/01:18:11,running-time,rs-006866-j5bzj,1893fb69-af90-4a06-9df4-40d000f0b997,1,7117.567164
2026/02/05/01:18:11,apply-time,rs-006867-p722h,48399b20-86b4-48e9-9760-190a5198f9cd,1,7117.567164
2026/02/05/01:18:11,apply-time,rs-006868-749rv,7f5a3737-0807-4ea1-8292-46ae9c33063e,1,7118.567164
2026/02/05/01:18:11,running-time,rs-006868-749rv,7f5a3737-0807-4ea1-8292-46ae9c33063e,1,7118.567164
2026/02/05/01:18:11,apply-time,rs-006868-j6php,ffb0a06a-89ea-4d2e-9913-a624b516c303,1,7118.567164
2026/02/05/01:18:11,running-time,rs-006868-j6php,ffb0a06a-89ea-4d2e-9913-a624b516c303,1,7118.567164
2026/02/05/01:18:11,apply-time,rs-006868-k4drj,e4ce3a5f-36f7-4e6a-a424-6983d385040f,1,7118.567164
2026/02/05/01:18:11,running-time,rs-006868-k4drj,e4ce3a5f-36f7-4e6a-a424-6983d385040f,1,7118.567164
2026/02/05/01:18:11,apply-time,rs-006869-b9hlb,ae464a76-a944-49c7-b1d5-7b1a1dd5ae5a,1,7118.567164
2026/02/05/01:18:11,running-time,rs-006869-b9hlb,ae464a76-a944-49c7-b1d5-7b1a1dd5ae5a,1,7118.567164
2026/02/05/01:18:11,apply-time,rs-006869-cjtnh,75c6d555-ee91-4587-b23a-3b2615c2f822,1,7118.567164
2026/02/05/01:18:11,running-time,rs-006869-cjtnh,75c6d555-ee91-4587-b23a-3b2615c2f822,1,7118.567164
2026/02/05/01:18:11,apply-time,rs-006869-r5hmm,22904f39-3080-4616-ae32-9f92c7e51cfd,1,7118.567164
2026/02/05/01:18:11,running-time,rs-006869-r5hmm,22904f39-3080-4616-ae32-9f92c7e51cfd,1,7118.567164
2026/02/05/01:18:13,running-time,rs-006867-p722h,48399b20-86b4-48e9-9760-190a5198f9cd,1,7119.567164
2026/02/05/01:18:16,apply-time,rs-006870-fbqqs,7015b75b-1210-45c7-bb74-4700786b3fed,1,7123.567164
2026/02/05/01:18:16,running-time,rs-006870-fbqqs,7015b75b-1210-45c7-bb74-4700786b3fed,1,7123.567164
2026/02/05/01:18:16,apply-time,rs-006870-scvbm,6fc434e8-aa0a-4818-8eb9-31351385749d,1,7123.567164
2026/02/05/01:18:16,running-time,rs-006870-scvbm,6fc434e8-aa0a-4818-8eb9-31351385749d,1,7123.567164
2026/02/05/01:18:17,apply-time,rs-006871-5s62r,d15d816c-a7c1-428a-b991-131a3a031072,1,7123.567164
2026/02/05/01:18:17,apply-time,rs-006871-slxvf,f1007e45-6bc6-4f56-9f05-18fe61a66c51,1,7123.567164
2026/02/05/01:18:17,apply-time,rs-006872-24g2k,969223d8-868e-4b9c-976f-ec6face4139c,1,7123.567164
2026/02/05/01:18:17,running-time,rs-006872-24g2k,969223d8-868e-4b9c-976f-ec6face4139c,1,7123.567164
2026/02/05/01:18:17,apply-time,rs-006873-wnp4q,4278e517-b950-4014-8835-618f572650df,1,7123.567164
2026/02/05/01:18:17,running-time,rs-006873-wnp4q,4278e517-b950-4014-8835-618f572650df,1,7123.567164
2026/02/05/01:18:17,apply-time,rs-006874-bmwh6,29bc2fc2-5206-42a0-8bb1-c85cb7839efc,1,7123.567164
2026/02/05/01:18:17,running-time,rs-006874-bmwh6,29bc2fc2-5206-42a0-8bb1-c85cb7839efc,1,7123.567164
2026/02/05/01:18:17,apply-time,rs-006874-dkkts,3043edb9-3e99-4673-b54c-4ad19ca22625,1,7123.567164
2026/02/05/01:18:17,running-time,rs-006874-dkkts,3043edb9-3e99-4673-b54c-4ad19ca22625,1,7123.567164
2026/02/05/01:18:17,apply-time,rs-006875-b5hj5,b4cf1912-7f5c-4930-a53a-744228e85497,1,7123.567164
2026/02/05/01:18:17,running-time,rs-006875-b5hj5,b4cf1912-7f5c-4930-a53a-744228e85497,1,7123.567164
2026/02/05/01:18:17,apply-time,rs-006875-f89dn,3da0ccbf-b3fd-4a9b-a286-802eb44a7cab,1,7123.567164
2026/02/05/01:18:17,running-time,rs-006875-f89dn,3da0ccbf-b3fd-4a9b-a286-802eb44a7cab,1,7123.567164
2026/02/05/01:18:17,apply-time,rs-006875-kq9pb,afda5678-4487-41ee-87a6-b7c0126251bc,1,7123.567164
2026/02/05/01:18:17,running-time,rs-006875-kq9pb,afda5678-4487-41ee-87a6-b7c0126251bc,1,7123.567164
2026/02/05/01:18:18,apply-time,rs-006876-2jhf2,8afd2bad-dc90-4d64-8663-5a704d4c01d1,1,7125.567164
2026/02/05/01:18:18,running-time,rs-006876-2jhf2,8afd2bad-dc90-4d64-8663-5a704d4c01d1,1,7125.567164
2026/02/05/01:18:18,apply-time,rs-006877-8gksf,51da6c0e-288b-4381-9096-3d7857ec62b4,1,7125.567164
2026/02/05/01:18:18,running-time,rs-006877-8gksf,51da6c0e-288b-4381-9096-3d7857ec62b4,1,7125.567164
2026/02/05/01:18:18,apply-time,rs-006877-mdq2p,70d8bef1-204e-4868-8423-e019cef005d7,1,7125.567164
2026/02/05/01:18:19,running-time,rs-006877-mdq2p,70d8bef1-204e-4868-8423-e019cef005d7,1,7125.567164
2026/02/05/01:18:19,apply-time,rs-006878-jcbbj,7cbcb3f1-7c91-47fe-8140-7a462fc80160,1,7125.567164
2026/02/05/01:18:19,apply-time,rs-006878-pbvk9,d08816ce-e0a4-46a2-9d20-2f681f6336e7,1,7125.567164
2026/02/05/01:18:19,apply-time,rs-006879-4mnm2,747c0ab9-39dc-4ead-972b-064244f06a40,1,7125.567164
2026/02/05/01:18:19,running-time,rs-006879-4mnm2,747c0ab9-39dc-4ead-972b-064244f06a40,1,7125.567164
2026/02/05/01:18:19,apply-time,rs-006880-bvbk6,15859dba-e26f-4d5d-8313-26f8540f0438,1,7125.567164
2026/02/05/01:18:19,apply-time,rs-006880-hqmn9,4f7f250f-2d88-43bc-9085-92ec14397791,1,7125.567164
2026/02/05/01:18:19,running-time,rs-006880-hqmn9,4f7f250f-2d88-43bc-9085-92ec14397791,1,7125.567164
2026/02/05/01:18:19,apply-time,rs-006880-mnkf2,dc3aeb62-b167-42f1-9082-c45ebab11fec,1,7125.567164
2026/02/05/01:18:20,running-time,rs-006880-bvbk6,15859dba-e26f-4d5d-8313-26f8540f0438,1,7126.567164
2026/02/05/01:18:20,running-time,rs-006880-mnkf2,dc3aeb62-b167-42f1-9082-c45ebab11fec,1,7126.567164
2026/02/05/01:18:21,running-time,rs-006878-jcbbj,7cbcb3f1-7c91-47fe-8140-7a462fc80160,1,7127.567164
2026/02/05/01:18:27,apply-time,rs-006881-84q8b,d236fc45-1dfd-479e-88c4-9c9525c7d9d7,1,7133.567164
2026/02/05/01:18:27,running-time,rs-006881-84q8b,d236fc45-1dfd-479e-88c4-9c9525c7d9d7,1,7133.567164
2026/02/05/01:18:27,apply-time,rs-006882-jmpj6,d393d784-c736-453c-adc1-cb42aa5d23bf,1,7133.567164
2026/02/05/01:18:27,apply-time,rs-006882-pjqpn,a044d106-1c2d-4e18-bd27-7e84ceb8a5c4,1,7133.567164
2026/02/05/01:18:27,apply-time,rs-006882-xvbwh,de8fd4fc-3110-4740-a818-6a2cd4cdc7f9,1,7133.567164
2026/02/05/01:18:27,apply-time,rs-006883-7t7fm,97a6dc81-ab12-4e88-8db3-e8cfcc2fb70c,1,7133.567164
2026/02/05/01:18:27,running-time,rs-006883-7t7fm,97a6dc81-ab12-4e88-8db3-e8cfcc2fb70c,1,7133.567164
2026/02/05/01:18:27,apply-time,rs-006884-lwx5j,8a38e59c-1785-48a1-ad70-ae4a0220d7aa,1,7133.567164
2026/02/05/01:18:27,running-time,rs-006884-lwx5j,8a38e59c-1785-48a1-ad70-ae4a0220d7aa,1,7133.567164
2026/02/05/01:18:27,apply-time,rs-006885-2sj2n,69969c6b-73ea-40cd-a4a6-c4b10efe6c7c,1,7133.567164
2026/02/05/01:18:27,apply-time,rs-006885-gcx89,ba6b6f3c-09cd-4372-86e6-ddcd9346c80d,1,7133.567164
2026/02/05/01:18:27,apply-time,rs-006885-qdhbf,cfa83f8f-e5c8-49d3-9f27-9e969a002693,1,7133.567164
2026/02/05/01:18:27,apply-time,rs-006886-l9tjq,1c54a845-0511-4292-8087-545f06ba338f,1,7134.567164
2026/02/05/01:18:27,running-time,rs-006886-l9tjq,1c54a845-0511-4292-8087-545f06ba338f,1,7134.567164
2026/02/05/01:18:27,apply-time,rs-006887-2q267,550a968a-ab3c-41c4-8698-c9780031b2db,1,7134.567164
2026/02/05/01:18:27,apply-time,rs-006887-6f82s,a3e22fb2-6f08-45f6-9b84-2ca2aaba85af,1,7134.567164
2026/02/05/01:18:27,running-time,rs-006887-6f82s,a3e22fb2-6f08-45f6-9b84-2ca2aaba85af,1,7134.567164
2026/02/05/01:18:27,apply-time,rs-006887-f2988,41beb2a6-e05d-4d87-8038-37c75e380234,1,7134.567164
2026/02/05/01:18:27,running-time,rs-006887-f2988,41beb2a6-e05d-4d87-8038-37c75e380234,1,7134.567164
2026/02/05/01:18:27,apply-time,rs-006888-4bgxk,ece90d95-d3bc-4655-b6d3-a2f818ac7e7a,1,7134.567164
2026/02/05/01:18:27,apply-time,rs-006889-rmxbx,b719ea8b-61a6-4564-bcaf-e2ba97608424,1,7134.567164
2026/02/05/01:18:27,running-time,rs-006889-rmxbx,b719ea8b-61a6-4564-bcaf-e2ba97608424,1,7134.567164
2026/02/05/01:18:28,apply-time,rs-006889-qmtgs,c393569e-9558-4436-b677-447addac68cd,1,7134.567164
2026/02/05/01:18:28,running-time,rs-006889-qmtgs,c393569e-9558-4436-b677-447addac68cd,1,7134.567164
2026/02/05/01:18:33,apply-time,rs-006890-6vg9w,1a9c2ab0-dcd4-4652-bf17-dad570650b11,1,7139.567164
2026/02/05/01:18:33,running-time,rs-006890-6vg9w,1a9c2ab0-dcd4-4652-bf17-dad570650b11,1,7139.567164
2026/02/05/01:18:45,apply-time,rs-006891-l6gm9,e5fc6d7e-5e71-47d5-938b-f932f4b51783,1,7152.567164
2026/02/05/01:18:45,apply-time,rs-006891-nxfvj,27382cff-58ec-44d2-85d4-5365b2f12802,1,7152.567164
2026/02/05/01:18:45,apply-time,rs-006892-bgp4j,0da8b7a9-5d0b-432e-8e7d-a6e6f34134bc,1,7152.567164
2026/02/05/01:18:45,running-time,rs-006892-bgp4j,0da8b7a9-5d0b-432e-8e7d-a6e6f34134bc,1,7152.567164
2026/02/05/01:18:45,apply-time,rs-006892-fpjtx,ac4e6144-297f-42af-87cd-f45b1c23e0ec,1,7152.567164
2026/02/05/01:18:45,running-time,rs-006892-fpjtx,ac4e6144-297f-42af-87cd-f45b1c23e0ec,1,7152.567164
2026/02/05/01:18:45,apply-time,rs-006892-tz546,e196f820-00de-4998-930b-e3305d3141c0,1,7152.567164
2026/02/05/01:18:45,running-time,rs-006892-tz546,e196f820-00de-4998-930b-e3305d3141c0,1,7152.567164
2026/02/05/01:18:45,apply-time,rs-006893-gr7t2,3073a260-4bf1-4b6f-b9f8-8aef03cdd883,1,7152.567164
2026/02/05/01:18:45,running-time,rs-006893-gr7t2,3073a260-4bf1-4b6f-b9f8-8aef03cdd883,1,7152.567164
2026/02/05/01:18:45,apply-time,rs-006893-qm5rv,9967730b-358c-4f76-bd6b-be0536c05085,1,7152.567164
2026/02/05/01:18:45,running-time,rs-006893-qm5rv,9967730b-358c-4f76-bd6b-be0536c05085,1,7152.567164
2026/02/05/01:18:45,apply-time,rs-006894-mwqp2,bc80feef-89b2-4a5a-b92b-9542ac07fe29,1,7152.567164
2026/02/05/01:18:45,apply-time,rs-006894-nhn4z,e89cb46f-72ff-4020-b649-b4d120f83019,1,7152.567164
2026/02/05/01:18:45,running-time,rs-006894-nhn4z,e89cb46f-72ff-4020-b649-b4d120f83019,1,7152.567164
2026/02/05/01:18:45,apply-time,rs-006894-qs5mv,fed217cd-cebe-4816-b90f-3f4bf4dfb30b,1,7152.567164
2026/02/05/01:18:45,apply-time,rs-006895-7vgzt,8d874637-0438-4e23-86d7-7e754f0380f7,1,7152.567164
2026/02/05/01:18:45,running-time,rs-006895-7vgzt,8d874637-0438-4e23-86d7-7e754f0380f7,1,7152.567164
2026/02/05/01:18:46,apply-time,rs-006896-5zdbl,6fa472a2-fc56-4e1d-86ec-9f12afa363c3,1,7152.567164
2026/02/05/01:18:46,apply-time,rs-006896-p2zkw,0b57273a-0850-4488-bf09-baaf3b2597cf,1,7152.567164
2026/02/05/01:18:46,apply-time,rs-006896-zj22c,3ac7f74c-8ec0-4320-87c4-15b88f2cf427,1,7152.567164
2026/02/05/01:18:46,apply-time,rs-006897-hnqgx,b62d0d68-b9c0-4df3-8ddf-7606dc423d66,1,7153.567164
2026/02/05/01:18:46,running-time,rs-006897-hnqgx,b62d0d68-b9c0-4df3-8ddf-7606dc423d66,1,7153.567164
2026/02/05/01:18:46,apply-time,rs-006898-g5dqn,a3e55528-cae2-47e2-a4f2-d26d748a8e5c,1,7153.567164
2026/02/05/01:18:46,running-time,rs-006898-g5dqn,a3e55528-cae2-47e2-a4f2-d26d748a8e5c,1,7153.567164
2026/02/05/01:18:47,apply-time,rs-006899-6g5tr,7a9b711f-6482-44b3-af1c-e275183146aa,1,7153.567164
2026/02/05/01:18:47,running-time,rs-006899-6g5tr,7a9b711f-6482-44b3-af1c-e275183146aa,1,7153.567164
2026/02/05/01:18:47,apply-time,rs-006900-r48c6,1b9ec36e-3505-403f-b9ed-6b5f65de5059,1,7154.567164
2026/02/05/01:18:47,running-time,rs-006900-r48c6,1b9ec36e-3505-403f-b9ed-6b5f65de5059,1,7154.567164
2026/02/05/01:18:47,apply-time,rs-006901-bntqd,5035b322-e5e7-4cd6-9592-53a2ef230c2a,1,7153.567164
2026/02/05/01:18:47,apply-time,rs-006901-f5lp5,80f57df4-d162-41f1-aed3-15167c35baa8,1,7154.567164
2026/02/05/01:18:47,apply-time,rs-006901-std7v,afdf4295-152c-41d6-8faa-cf4d8a4721f1,1,7154.567164
2026/02/05/01:18:47,apply-time,rs-006902-2gxl9,eeba500c-f753-43d0-9d0e-7e57dc949a87,1,7154.567164
2026/02/05/01:18:47,running-time,rs-006902-2gxl9,eeba500c-f753-43d0-9d0e-7e57dc949a87,1,7154.567164
2026/02/05/01:18:47,apply-time,rs-006902-f9qvb,d83348b1-fa7f-4a0f-a95e-2d2913ea9137,1,7154.567164
2026/02/05/01:18:47,running-time,rs-006902-f9qvb,d83348b1-fa7f-4a0f-a95e-2d2913ea9137,1,7154.567164
2026/02/05/01:18:47,apply-time,rs-006903-8dj6k,630d3105-acbe-4d4d-91a4-ab1ee9204c9d,1,7154.567164
2026/02/05/01:18:47,running-time,rs-006903-8dj6k,630d3105-acbe-4d4d-91a4-ab1ee9204c9d,1,7154.567164
2026/02/05/01:18:47,apply-time,rs-006903-d7jtn,cbf9cebb-c8b1-4288-9822-b834b05d7525,1,7153.567164
2026/02/05/01:18:47,running-time,rs-006903-d7jtn,cbf9cebb-c8b1-4288-9822-b834b05d7525,1,7154.567164
2026/02/05/01:18:48,apply-time,rs-006900-g6hzv,8d7b87ca-f8e4-426b-9143-1683c4493dc3,1,7154.567164
2026/02/05/01:18:48,running-time,rs-006900-g6hzv,8d7b87ca-f8e4-426b-9143-1683c4493dc3,1,7154.567164
2026/02/05/01:18:48,apply-time,rs-006904-qvprs,5d95a5a6-f103-4c51-8f5e-711b8cabb3e7,1,7154.567164
2026/02/05/01:18:48,running-time,rs-006904-qvprs,5d95a5a6-f103-4c51-8f5e-711b8cabb3e7,1,7154.567164
2026/02/05/01:18:48,apply-time,rs-006905-6phsm,3be800e8-ba7f-44e0-8b26-82994fd7bafb,1,7154.567164
2026/02/05/01:18:48,running-time,rs-006905-6phsm,3be800e8-ba7f-44e0-8b26-82994fd7bafb,1,7154.567164
2026/02/05/01:18:48,apply-time,rs-006905-g6f57,29c0797e-b941-44dd-97d4-1087377b8ac1,1,7155.567164
2026/02/05/01:18:48,running-time,rs-006905-g6f57,29c0797e-b941-44dd-97d4-1087377b8ac1,1,7155.567164
2026/02/05/01:18:48,apply-time,rs-006906-kvnlx,88078a10-1c63-4bcd-9339-5f7ff8965bd3,1,7154.567164
2026/02/05/01:18:48,apply-time,rs-006906-xhrsf,23c66861-7f28-49d4-9192-30d3f312703e,1,7155.567164
2026/02/05/01:18:48,apply-time,rs-006907-bvxh6,ad9d49dd-43ef-43d2-a308-fccd39a00bae,1,7154.567164
2026/02/05/01:18:48,running-time,rs-006907-bvxh6,ad9d49dd-43ef-43d2-a308-fccd39a00bae,1,7154.567164
2026/02/05/01:18:48,apply-time,rs-006907-nt8g5,6a7cc784-b39d-459e-a884-a7beadd53545,1,7155.567164
2026/02/05/01:18:48,running-time,rs-006907-nt8g5,6a7cc784-b39d-459e-a884-a7beadd53545,1,7155.567164
2026/02/05/01:18:48,apply-time,rs-006908-fkdcc,a3fc4394-b6ae-4cd6-9225-0e7256100661,1,7155.567164
2026/02/05/01:18:48,apply-time,rs-006908-ktn7r,f62c81c2-c2b7-4006-aac1-698df490b1bb,1,7155.567164
2026/02/05/01:18:48,apply-time,rs-006908-ttmnq,a8b29392-8644-4f24-a579-c073d2c7744c,1,7155.567164
2026/02/05/01:18:48,apply-time,rs-006909-kgpbq,bee966dd-84b8-423c-8d1b-1f6280b6bb25,1,7155.567164
2026/02/05/01:18:48,running-time,rs-006909-kgpbq,bee966dd-84b8-423c-8d1b-1f6280b6bb25,1,7155.567164
2026/02/05/01:18:49,running-time,rs-006906-kvnlx,88078a10-1c63-4bcd-9339-5f7ff8965bd3,1,7155.567164
2026/02/05/01:18:49,running-time,rs-006906-xhrsf,23c66861-7f28-49d4-9192-30d3f312703e,1,7155.567164
2026/02/05/01:18:52,apply-time,rs-006910-k9nxj,a87e9f3a-591b-44d5-8321-f36654a757e4,1,7158.567164
2026/02/05/01:18:53,running-time,rs-006910-k9nxj,a87e9f3a-591b-44d5-8321-f36654a757e4,1,7159.567164
2026/02/05/01:18:59,running-time,rs-006896-zj22c,3ac7f74c-8ec0-4320-87c4-15b88f2cf427,1,7165.567164
2026/02/05/01:19:01,apply-time,rs-006911-hfpsd,fdb4c9b4-cca2-47e2-ac75-1d8f266e7ab8,1,7168.567164
2026/02/05/01:19:01,running-time,rs-006911-hfpsd,fdb4c9b4-cca2-47e2-ac75-1d8f266e7ab8,1,7168.567164
2026/02/05/01:19:01,apply-time,rs-006912-gswkt,e6bda7e9-dc0d-4377-a17f-36bbbcdd7e9b,1,7168.567164
2026/02/05/01:19:01,running-time,rs-006912-gswkt,e6bda7e9-dc0d-4377-a17f-36bbbcdd7e9b,1,7168.567164
2026/02/05/01:19:01,apply-time,rs-006912-q2rwb,5609483d-87f3-46da-892a-1da340b26667,1,7168.567164
2026/02/05/01:19:01,running-time,rs-006912-q2rwb,5609483d-87f3-46da-892a-1da340b26667,1,7168.567164
2026/02/05/01:19:01,apply-time,rs-006912-wjjt9,f6eeb707-6ed3-4492-b284-301dddb4e32c,1,7168.567164
2026/02/05/01:19:01,running-time,rs-006912-wjjt9,f6eeb707-6ed3-4492-b284-301dddb4e32c,1,7168.567164
2026/02/05/01:19:02,apply-time,rs-006913-p9pkv,9f30349b-2169-44b0-82b5-d2716a04aa5a,1,7168.567164
2026/02/05/01:19:02,running-time,rs-006913-p9pkv,9f30349b-2169-44b0-82b5-d2716a04aa5a,1,7168.567164
2026/02/05/01:19:02,apply-time,rs-006913-v8f2w,aebc3c4e-d5da-47a1-83b9-6fb7677dacd6,1,7168.567164
2026/02/05/01:19:02,running-time,rs-006913-v8f2w,aebc3c4e-d5da-47a1-83b9-6fb7677dacd6,1,7168.567164
2026/02/05/01:19:02,apply-time,rs-006914-x5smk,4df7151a-54c1-4a15-9435-7e4a20ebc1d7,1,7168.567164
2026/02/05/01:19:02,running-time,rs-006914-x5smk,4df7151a-54c1-4a15-9435-7e4a20ebc1d7,1,7168.567164
2026/02/05/01:19:02,apply-time,rs-006915-jg485,7f1e8e1a-802e-48a3-adad-aeb7c257ca83,1,7168.567164
2026/02/05/01:19:02,running-time,rs-006915-jg485,7f1e8e1a-802e-48a3-adad-aeb7c257ca83,1,7168.567164
2026/02/05/01:19:02,apply-time,rs-006916-4c7ws,6cb3b74d-a4ec-4243-a146-eec4697b5191,1,7168.567164
2026/02/05/01:19:02,running-time,rs-006916-4c7ws,6cb3b74d-a4ec-4243-a146-eec4697b5191,1,7168.567164
2026/02/05/01:19:02,apply-time,rs-006916-k766h,36a3547e-984c-4e44-9b3f-85835f089d22,1,7168.567164
2026/02/05/01:19:02,running-time,rs-006916-k766h,36a3547e-984c-4e44-9b3f-85835f089d22,1,7168.567164
2026/02/05/01:19:02,apply-time,rs-006916-ppqtz,52b8f21a-aae7-45ea-aa84-8f293e60aace,1,7168.567164
2026/02/05/01:19:02,running-time,rs-006916-ppqtz,52b8f21a-aae7-45ea-aa84-8f293e60aace,1,7168.567164
2026/02/05/01:19:08,apply-time,rs-006917-fpzsd,096bab02-0574-4551-9b8a-272656c7276e,1,7175.567164
2026/02/05/01:19:08,running-time,rs-006917-fpzsd,096bab02-0574-4551-9b8a-272656c7276e,1,7175.567164
2026/02/05/01:19:08,apply-time,rs-006917-jcd6p,17fc0a54-9059-4737-947a-a85eb41ebd92,1,7175.567164
2026/02/05/01:19:08,running-time,rs-006917-jcd6p,17fc0a54-9059-4737-947a-a85eb41ebd92,1,7175.567164
2026/02/05/01:19:09,apply-time,rs-006918-6pmtw,78e3cbcd-0070-4248-936c-327f381ae636,1,7175.567164
2026/02/05/01:19:09,apply-time,rs-006918-vkj84,eecdc33a-ef02-4eef-a166-e560c568813f,1,7175.567164
2026/02/05/01:19:11,apply-time,rs-006919-bnpjm,2d3c33cb-83e9-4a13-8534-400b648cbffd,1,7178.567164
2026/02/05/01:19:11,running-time,rs-006919-bnpjm,2d3c33cb-83e9-4a13-8534-400b648cbffd,1,7178.567164
2026/02/05/01:19:11,apply-time,rs-006919-cdxd4,53663cec-2151-4644-a8db-4c37864f8b6f,1,7178.567164
2026/02/05/01:19:11,running-time,rs-006919-cdxd4,53663cec-2151-4644-a8db-4c37864f8b6f,1,7178.567164
2026/02/05/01:19:11,apply-time,rs-006919-jzsnq,49a14dff-a980-43fe-bc21-2af416e8dd14,1,7178.567164
2026/02/05/01:19:11,running-time,rs-006919-jzsnq,49a14dff-a980-43fe-bc21-2af416e8dd14,1,7178.567164
2026/02/05/01:19:11,apply-time,rs-006920-9s4vs,3110536d-6a69-437c-bbd3-075a2494293b,1,7178.567164
2026/02/05/01:19:11,running-time,rs-006920-9s4vs,3110536d-6a69-437c-bbd3-075a2494293b,1,7178.567164
2026/02/05/01:19:11,apply-time,rs-006920-nwvxn,4407e166-030f-4fc1-bd2f-fc0d619e88b3,1,7178.567164
2026/02/05/01:19:11,running-time,rs-006920-nwvxn,4407e166-030f-4fc1-bd2f-fc0d619e88b3,1,7178.567164
2026/02/05/01:19:11,apply-time,rs-006920-q48t2,e348047e-dd18-4010-9a27-0a931a22a5ed,1,7178.567164
2026/02/05/01:19:11,running-time,rs-006920-q48t2,e348047e-dd18-4010-9a27-0a931a22a5ed,1,7178.567164
2026/02/05/01:19:11,apply-time,rs-006921-pjrp2,0198cf5e-ca5b-46aa-87b8-90ded4a6f4d5,1,7178.567164
2026/02/05/01:19:11,running-time,rs-006921-pjrp2,0198cf5e-ca5b-46aa-87b8-90ded4a6f4d5,1,7178.567164
2026/02/05/01:19:11,apply-time,rs-006921-qzgmr,00227472-7ec5-4ea4-b29c-b34f3fb3fe57,1,7178.567164
2026/02/05/01:19:11,running-time,rs-006921-qzgmr,00227472-7ec5-4ea4-b29c-b34f3fb3fe57,1,7178.567164
2026/02/05/01:19:11,apply-time,rs-006922-pjgx9,0f4199fb-a195-4a6d-958f-f3c0cd666220,1,7178.567164
2026/02/05/01:19:11,running-time,rs-006922-pjgx9,0f4199fb-a195-4a6d-958f-f3c0cd666220,1,7178.567164
2026/02/05/01:19:11,apply-time,rs-006923-vzz2f,63ef2c53-dbde-428c-9187-dd3f98d4f8c8,1,7178.567164
2026/02/05/01:19:11,running-time,rs-006923-vzz2f,63ef2c53-dbde-428c-9187-dd3f98d4f8c8,1,7178.567164
2026/02/05/01:19:11,apply-time,rs-006923-wnlbp,946b5917-3649-4f80-9632-1c6db470896f,1,7178.567164
2026/02/05/01:19:11,running-time,rs-006923-wnlbp,946b5917-3649-4f80-9632-1c6db470896f,1,7178.567164
2026/02/05/01:19:12,apply-time,rs-006924-94g56,e75d0ae4-3f7c-4e49-9a93-6d4d65a60afd,1,7178.567164
2026/02/05/01:19:12,apply-time,rs-006924-m9msd,da99e042-712b-4a4b-a856-995b7afe65cd,1,7178.567164
2026/02/05/01:19:14,running-time,rs-006924-m9msd,da99e042-712b-4a4b-a856-995b7afe65cd,1,7180.567164
2026/02/05/01:19:15,running-time,rs-006924-94g56,e75d0ae4-3f7c-4e49-9a93-6d4d65a60afd,1,7182.567164
2026/02/05/01:19:26,apply-time,rs-002418-d8xzc,ada148a7-a710-4b45-a2d1-e2b42ab1708c,1,7193.567164
2026/02/05/01:19:26,running-time,rs-002418-d8xzc,ada148a7-a710-4b45-a2d1-e2b42ab1708c,1,7193.567164
2026/02/05/01:19:26,apply-time,rs-004550-dt7sx,28c0f30c-1efd-4f34-a164-9dec6c09f674,1,7193.567164
2026/02/05/01:19:26,running-time,rs-004550-dt7sx,28c0f30c-1efd-4f34-a164-9dec6c09f674,1,7193.567164
2026/02/05/01:19:27,apply-time,rs-006925-vct4q,e24c979a-f09e-4f88-9040-183feb71d1e7,1,7193.567164
2026/02/05/01:19:27,running-time,rs-006925-vct4q,e24c979a-f09e-4f88-9040-183feb71d1e7,1,7193.567164
2026/02/05/01:19:27,apply-time,rs-006926-npqvf,9c91f278-3082-4b01-b1ab-c555106002d4,1,7193.567164
2026/02/05/01:19:27,running-time,rs-006926-npqvf,9c91f278-3082-4b01-b1ab-c555106002d4,1,7193.567164
2026/02/05/01:19:28,apply-time,rs-006927-95c7m,3c557f0d-1dc7-4414-ba90-3bc9acb65b17,1,7194.567164
2026/02/05/01:19:28,running-time,rs-006927-95c7m,3c557f0d-1dc7-4414-ba90-3bc9acb65b17,1,7194.567164
2026/02/05/01:19:28,apply-time,rs-006928-wcjhc,4db97421-4dbe-4f4c-a16d-96846007cdd3,1,7194.567164
2026/02/05/01:19:28,running-time,rs-006928-wcjhc,4db97421-4dbe-4f4c-a16d-96846007cdd3,1,7195.567164
2026/02/05/01:19:28,apply-time,rs-006929-z6vbx,09716ad0-2e77-489b-a082-5b97eab77a79,1,7195.567164
2026/02/05/01:19:28,running-time,rs-006929-z6vbx,09716ad0-2e77-489b-a082-5b97eab77a79,1,7195.567164
2026/02/05/01:19:28,apply-time,rs-006930-zk59g,f608a7ab-3534-4abc-aa6b-a86179142801,1,7195.567164
2026/02/05/01:19:28,running-time,rs-006930-zk59g,f608a7ab-3534-4abc-aa6b-a86179142801,1,7195.567164
2026/02/05/01:19:28,apply-time,rs-006931-z6pq8,59512255-8738-4279-95b5-e023110e5ecc,1,7195.567164
2026/02/05/01:19:28,running-time,rs-006931-z6pq8,59512255-8738-4279-95b5-e023110e5ecc,1,7195.567164
2026/02/05/01:19:28,apply-time,rs-006932-c2pj2,6391e506-d018-429a-b55c-24452865eefd,1,7195.567164
2026/02/05/01:19:28,running-time,rs-006932-c2pj2,6391e506-d018-429a-b55c-24452865eefd,1,7195.567164
2026/02/05/01:19:28,apply-time,rs-006932-wwgzr,b5acbc10-c9b9-4f72-b1c5-88a64c269b3c,1,7195.567164
2026/02/05/01:19:28,running-time,rs-006932-wwgzr,b5acbc10-c9b9-4f72-b1c5-88a64c269b3c,1,7195.567164
2026/02/05/01:19:28,apply-time,rs-006933-mqf8k,952fb5c1-b3e6-4b7c-abfe-833405edeb33,1,7195.567164
2026/02/05/01:19:28,apply-time,rs-006933-thw5w,101d739e-6bc0-407c-829a-8c48b26a0ae1,1,7195.567164
2026/02/05/01:19:28,running-time,rs-006933-thw5w,101d739e-6bc0-407c-829a-8c48b26a0ae1,1,7195.567164
2026/02/05/01:19:28,apply-time,rs-006933-wflls,de34d968-748c-4a46-bba8-b7f67410e9d4,1,7195.567164
2026/02/05/01:19:28,running-time,rs-006933-wflls,de34d968-748c-4a46-bba8-b7f67410e9d4,1,7195.567164
2026/02/05/01:19:29,running-time,rs-006933-mqf8k,952fb5c1-b3e6-4b7c-abfe-833405edeb33,1,7195.567164
